gap_id	start	end	length	sequence
CP043495.1_gap1	66548	68629	2081	GGGGCCCTTCTCGGCGGAGGGGCTGCCCCCGGAGGTGCGGCCCTCGGAGGAAGCCACGGTGAAGGTGCGCTTCGCCCCCAGCGCCGAGGGGGCGTTCTCGGCCACGGTGGTGGGCACGGACGAGGCGGGCCGCACGGTGACGTTGGAGCTGTCGGGGGAGGCCCGGCTGGCGCCCCCCTGTCCCATGCCCTCGGCCTGCCACCGTTTCCGGTTCGACTCCGGGCGCGAGGAGTGCGTGGAGGAGGTGCTGGAGGATGGCACGGGGTGCGATCCGGGCAATGCGTGCGTGCTGGACGCGGTGTGCCAGCAGGGCCGCTGCAAGGGGCGCGAGCGCGTGTGTGACGACGGCAACGCGTGCACCACGGACGTGTGCAGCCCGCTGGACGGGTGCCAGTCAGTGCCCGCGCCGCCGTGCCCGGGGGATGGGGCGTGCCAGGAGGGGTGGTGCGATCCGACGCGGGGCTGCCAGTCGAGGCCCGCGCGCAACGGCACCTTCTGTGGCGAGGCCCGCGGGTGCGACCTGGCGGACGTGTGCGTGGAGGGGACGTGCGTGAAGCGGGATCCTCCGGACAACTTCGTGTGCGCGTCGGCGTCGCCGTGCCAGGGCGAGGGGCGGTGCCGGGGTTCGGTGTGCGAGCGGCCGCCGGCGAGGCCGCTGGTGCCGGACTGGACGTACGACGCGGCGGCCCAGGAGCAGAAGCTGCACGATCTGCTGGTGGGCCCCGAGGGGGACGTGACGCTGGCGGGCTTCTTCGAGAAGCCGGTGCTGGACGCGGCGGGGGACGCACCGGTGCAGGCGCAGGTGACGGGGCGGCGGTGCATGTTGTGGAACGAGCGGCTGCTGTGCATGGACCTGCCGCAGCAGGGGACGGTGTCGCTGATGGAGCGGGCGACGGCGGCGCCGCGGTGGAGCTTCACCCTGGGGAGGGCGAGGCCGGACATCGCGCGGCAGTCCTCGACGCTCTTCATGGCGCGGCTGGCGGTGATGGCGCCGGACCGGTTGGCGGCGCTCTTCGAGGCGTACCCGGCGGAGCAGGACTCGAGGACGCAGTGCCGGCTGTACTACCTGGTGGTGCTGGACGCGGCGGGAGGGCTGGTGTCGGCGCAACTGCTGGAGGATCCGCTGCTGTCCGAGTGCAACCACCCGCACCCGTTCGGGCTGGCGTCGGATCCAGCCGGGGACCTGTACGTGACGTTCAGCCCGACGGTGAACCCGGGGGCGCCGCTGAGGGCGGGGGCGCCGACGCTGGTGATGGCGTTCTCGTCGGACGGGGTGCCGCGCTGGAGGAGGACGCTGCCCTTCCCGGGAGGAGAGCTGGGGCTGGTGCGGGGGCTGCTGATGCCGGAGGGAGGAACGCAGCCGCTGCGCACGTCGGATGGAGAGCCGGTGGGGACGCTGCCGTTGAAGCTGGGGAGGGCGGTGGCGACGCACGAGGTGCTGGTGCCGAGCCCCGCGGGAGCGACGGTGAACCCGGACGTGGTGCCGCCGGAGTCTCCGCGGTTGGAGGGGTACGCGGTGCCGGGGTTGGAGCCGGAGTGGACGTACCAGTTGCCGGCGGGGATGAGCTTCGTGTCGAAGGAGCTGCGGCTGGGAGCGTGGCCGGAGGGAGGGGTGAAGCGGACGATGGTGCTGGGTTTCGCGACGGAGGGACGGCAGCCGGTGCTGGTGGGCGTGAGGGCGGGGGATGGGAGCGAGGCCTTCCGGTGCGAGCTGGGCTACACACCGCGGACGATTCCGCAGCTCTTCGAGCTGGGGCCGGGGTCGCTGACGATGATGGACGGGGCAACGAGCTGCGGGGAGTGCGATCCTCCCTTCTCGGAGAGCCGGGCGCGGTTCCAGCGCTTCACGCTGCCGGGGCTGGAGCCGGCTGAGGCGCCCTGGCCGGGGACGTTCGGCGGGCCGGGACATGATCACCACGAGGACCCGGTGCGCACGGCGCCGTGAGACGGCCCGCGAATCTTGTCGCATGAACCGGAGAGGAGGGATTCCGGAACACCACCTTTCAGGTCACTAAAAGGGTGCATTCCCGCTGTGCGGCGTCTAACATTCCAGGGGATGACCATCTCCTGGCTACCCGCTC
CP043495.1_gap2	70554	71553	999	ACACAGGAGGCTCCCATGGCACGCAAGGCGTTGGCATGGCTCGCCGTGCTCGGGCTGGTGGCCCCGGCGGGCGCGCAGGAAGTACTGGGAGGAGAGCGCGGCGATGCCGACACGCAGCGCCTGCCGGAGGACCTCCCCGACAACATGGACGAGTTCCGCCAGACGCCGCACGATGACACCCCCGTCACCGACGACGAGGCGGGCGTGGGGGGCTCGGGGACGGCCGGTACCGGCGACGAAGCACGGGGGGGCGAGCTCTACGGCGAGGTGGTCAGCGTGCGGGGGGAGCAATTGTGGCTGCGGCATGGCGGGGCCGTCTTCCCGCTCGAGCTGACAGAGGAGACGCGCTTCGCTCCGGACCGGAGCCAGGCGCTCCAGCCAGGACAGGAGGTGCGGGCGCGCTTCACGCTCGAGGGGGACGGTTATGTGGTGAACGCCCTGGAGCCAGCCGGGCAGGTGCCGGCGGCGAAGCAGCCAGGGGAACGGTGAGGGAGAAGAACGGAGTGCGTGCACGCGGCGCCGGTCTGGGGTAATCCCGAGCCTCGTGCCGAGTGGGAGAGCGATGGAAGACCGTCCGTACGTCCTCATGTCCAGGGACGAGCCGTCACAGCCTCCCGCGTCGACCCAGATACCGATGCAGACCGAACCCGCCGCGATCGCCTTCTGTCGGGAGGTGCTGCCGGCGGTGTCGCGCACCTTCGCGTTGAACATTCCCGTGCTGCCGCGCCCGTTGGACACGGCGGTGATGGTGGCCTACCTGCTGTGCCGGGTCGCCGACACGCTGGAGGACGAGGCCCACGGCCCGGCGAGCGAGGTGTTGCTGGCGGAGCTGGCGCGGCTGAGCACGCTGCCGGCGGGGTGGGAGGCGGATGCGCGGCGCTTCTCGGAGGAGGGAGCGCGGGTGCTGCGGGCGCAGGCGCCGGAGGCGGAGGTGCGGCTGGTGGAGGGGACGGCGCGGGTGCTGGAGGCGCTGGCGCTGCACGCGGCCCCGGTGCGCGA
CP043495.1_gap3	88721	93041	4320	AGCTCGTGAGCCTGGACACATGGTCCGAGGTGAGGAGGGAACTGGTTCCATTCCTCGACGAGCTGCGGAACAGCTCCATTCCAAGAGAAGAGTCGACGCTGCGGCAATTGGTGGAGCGTCTCTCGGAGGAGGTGTTCGGAACGCCAGTGGAGCCGCAGGTGGAGTACCCGGCGGAAGTCACCCCGTGGCAGTGGAGTGGGAAATGGATTGTCGTCGCGGGGACTGGCTCGGAGCAGCTTATTGATCGGCTCGAGCAGGTGTGCCGCGTGCTTGGAGAAGGGCTGGCACGTGGAGGCCATGGATTGATTGGGGGCGGCTGGCCAGGGGTCGACACCCTTGTTGCGCGGGCCTATGTCGCCACGCTGCGGAGCCTGGGGGGGAACCCTAAGGACTTCTTCCTGCAAATCGTCGAGGAAGGGAGATCTCCCGAGGTGCGGGAGGGAAGCCTCGAGACCGCGCGGCCAGCGGACTCCTTCACCGCGGAAGTGAGCAGGGCGGATGCCGTGGTCCTGGTTGAGGGACGCGGCGGTGCGGCCGAGATGTTCGGAGCAGCGCGTGCCCTGAGGAAACCCATCCTCCCCTTGCGAGCGACTGGTGGGGACGCGCAAACCATTCACGAGCACATCCTCCGAGATTCCATCTACCTGCTGCAGGTGGGCCTCTCGCAGCGCACTGTGCGGAAGTTGGAGGGGTCGGTCTCCACGGAGGAGGAGCTCCGCCACACCGTCGATGATGTGCTGGAAGTGATTGACCGGATCCCCGCTACTGCCACGGCCTACGCGCGTGCCCTCCTGGCGTTCCTGGGGTTGAGGCAGCTCCACCTCTTCGATCCGCGCGAGTTGGCCACTCGCCCACATTGGGAGGCGTTCCTTGGGCACCTCGCCCGGCAGGCGGAGGTGGAGCTCCCGAGAACCACGCATGCGATTCCGGGATTCGTGATCGGCCTGGTATTCGAAGACCCATCCGAAGCTCAAGCGCAGGACTTGGGTCTTGTGAATAAGATCGCCAAGGAGATGCTTCACACACCTCTCTCCCGGATGAGCGAAAGGCTCATCGCGGATTTCGAGAGGGTGACGGACCTCGAAGACCATGAATCATGGGGCCAGCCCATCCAAACGGCGCTCGCTCCGATCGTGGCTCGAAGCCAGCTAGGTCTAAATGCCATCGGCCGGGTCATCCATCGAACCTTCGATGGGATCGTGTCGCCATTCATCAACGACCTGCTCACGGAAGCCCAGCGGCAGTTCTCCTCGGAGGAGCAGTATCAGCACTGGGTGATGAATTACCTCGGGGTTTCTCCGCGAGAGTACGAGTTCCGGCAGACCTTCTATCGACTCTCCGTGGCTTTGAATGTGCGCCTGGGTGTTGCGCACGTCCGGCCCCAGGAGGCCATGGGCAGTTTGCGTGAGGCGCTCCCGGCCAACGAGCTCGCGCGAGAGCCTGCCTTCATCTGGTTCTTCTTGGGAGAGGAGCGGCCGGTTCCAGAGAGAGCGCTGGCGTATCTGCTGATCGAGGAGTTCCGTTTCACCTCGTTCCTGCCCGAGTTGATTCGCGTCCTGCCGCGAGAGCACAGCGGGATGAATGAGCCACACTCCGTTGTGGCGGTATGGCAGCTGCTCTCCTGCCTGAACTCGTTCCGGGGTGACCTGTATCTGGAGGAGCAGTGGCCGCAAGTCTTGAGCGAATTGGGCGATCTACGTAAGACACTCGAGATGAAACCGGGGTTTGATCCAACTGGGGAACTCCGTGCGTTGGTGGACTCCCTGGTGAGAGCAGAACCGCCACGTGAGGAGGTAGTGCAGAAGGTCGAGCACCTCTCTCTGGACGAGGAGCTTCGCGCGCAGGGGAAGCTGGGCGAAGTGCTCGCGGCCCATCAGTCCGAGCTTCCCATTGCTCAGCGAGCTGCGGAGCTCGACCCTGAGAACACGTTGAAACAACGTCGGGTCTTTCTCGTGCACTACAGCATGGGCGATGTACTTCGGAAGAAGGGGGACCTCGATACAGCATTGATCGCCTACCAAGAGTGCCTCGCCATTGCCCAGAGGCTGGTCGAGCGAGAGCCGGACAATGGGCTGTTCCTGCGCGACCTCTATCTCGGTCATTCCAATGTTGGGGACGTGCTTCGGGAAAAGACGGATCTCTACGGGGCGTGGGTCGCCTACCAATCAGGTCTCACTGTTGCCCAGCGGTTGGTCGAGCTCAATCCGGACGATGCAGCGCAGCAGCGCGGCCTCTTTCTCAGTCATCACAACATCGGCGGTGTGCTGCGCTACTTGGGGAACTTCGAGGGTGCACTCGCGGCTTTCGAATCTGCCGTGGCCATAGCGCAGCGGTCGGTCGATCGCGATCCGCACAATGCGACGCTGCAACATGACCTCGCCGTCAGCCGTCAAAACGTTGATAGGGTGCTTCGCGCCCTGAAGCGATCACCCTGAGCTGTCCGCTCGGGTCCGAGAGGTGTACATGGAACTGACGGGAGCCCAGCAGGAGAAATTGTCCCAGGCGCTGCTCAGTGCGTTTCCCCGGGTGGAAGTCCTCCGGCGCATGGTCCAGTTCAAGCTGAACCGCAGCTTGGACGCGTTCACCGATGGGCCCTTGAGGGATCGCGTCTTCCAGCTCATCGAGGAGAGCGAGCGCGAGGGGTGGACCCAGGAGTTGATCCGGGGCGCCGTCCAGGAGAACCCCGGCAACCCTCGCCTCAAGGCGTTCTTCCTGGAGTACTCGGCCTCCATCCAGCGCGAGGCTCCAGGGCCGGAGCTCGAGAAGCTCGTCGTCGACACCAGCTCCTTCCTCGACCCCGCCCGTTGGCGTGAACGGCTCGAAGCTGTCGAACGGCAGGTCTGCCAGGTGGAGATCGGTGCGGACAGGGGAACGGGCTTCCTCATCGCTCCCGATGTTGTCCTCACCAACCACCATGTGGTGCGCAAGGTCATCGATGGGAAGGCCTTTCCCGGCCAGGTGGGACTGCGTTTCGACTACAAGCGTCTGGAGGATGGTTCCGAGCTGGCCGGCACGATGTATGAGCTGGTCCAGAACTGGTTGATTGACTCCAGTCCCGCGAGTTCGGTCGATGTACAGGACCCCAAGCCGCGTGAGGCGACAACGGCGGAGCTGGACTACGCCCTGTTGCGTGTGAAGGGTCAGCCGGGGAACGAGCGGCTCGATGGGAACAAGACTCGTGGCTGGGTCGAGGTTCCCTCTGCCGTGTATGACTTCAAGCCCGGATCTCCCATCATCATCGTCCAGCATCCTCGGGGCGACCGGCTGCGGCTGGCCATCGAGACACATGGCATCCTGGCGGTGAACTCGGCGCGTACCCGGGTGACGTACAGGACCAATACCCTGGAGGGCTCTTCCGGCTCCCCCTGTTTCAGTCAGGATTGGACGCTGGTGGCGCTTCACCACAGCGGCGGCCCTGGCGCCCTGGCGAAGTACAACGAGGGTATCCCCATCTCCACCATTCGCGCTCACCTGCCAGACGCGGTGCGCAATCAACTCGGCTGGGCTTGATCCACTCCCTCTCTCTACCTAGTACTTCGCCCACTCGTGGGGTCGTTGGGGCGTGTGGGAGGGGTGTGTCACACTCCTCTCATGGCTGATCCGCTCAAGCCCGATACGGCAGTCCCGGTGGTGATCGACCGCCGGCGGTTCCTGACCTGGGTGGTGGCCTCGCCCGCGTTGATGGTCGCAGTGCGGCTGGACTCCAGCTTCGCGCAGACCGGTCCGGTGGAGACGGAGCCGGCCTCGTTCAACCTCTACATCGCCATCCAAACCGATGGGCGCGTCGTGGCGACCCTGCCTCGCACCGAGATCGGCCAGGGCATCACCACCGCCGTGGCCATGCTCGTCGCCGAGGAGCTCGATACCCTCCTCGACTCCGTGGACGTGCGCACCGCCGACGCGGATCCGCGCTGGCTCATCCAACTCACCGGCCTGTCCTCGACGATGCGTTACCTCGCCGGCCCCGTGCGCGCCGCCGCCGCGAGTGCCCGTGCCCGCCTCGTCACCGCTGCCGCGCACCGCTGGCAACTCCTCGCCTCCCGCCTCACCACCGCCCGGGGTGAAGTCCTTGCTCCCGATGGCCGCCGCGCCAGCTACGGCGAGCTGGCCCAGCAAGCGGCGAGTGTGTTGCTACCCGAGGTCTCCCCACTGCCCAAGGACGTGGCCTCGTACACGCTCGTCGGTCAGCCCACCGGGCGCATCGATGCCCGGGACATCGTCACCGGCAAGGCACGCTACGCTCTCGACCTGTCCATCCCTGGCGCGCTGCCCACCGTGGTGGCTCGGCCTCCCACGTTGCGCGGCTCCGTGGTCAGCCAT
CP043495.1_gap4	218495	220589	2094	GCCGAGGTGAGCTACCTCAACAAGGAGTTCAACCGCATCGACCTCTACGCGCGCGCGGTGCTGGCGCACGACGAGGACGTGCTGCTGCGGGTGAGGGTGGCGGAGATCCGCATCCAGGCCTTCAACGCGCAGAACAGGCTGGGGGACGCGGTGCGCACCGCGCTGGGGATTCTCGAGGTGCTCGGCGTGCGTTTCCCGGACACGCCCACCGAGGCGGATCTCCTGGCGGCGGTGGGCGAGCTGGACGCGGCGCTGGCGGGCAGGCCCATCAGCGCGTTGCTGGAGCTGCCGGCGCTGACGGAGCCGGTGAAGGTGGCGGTGCTGCGCATCCTGGCCAAGACGATTCCGACGTCGTACCTGTATGACCCGGGGCTCTTCCCGCTGCTGGCGGTGCGGCAGGTGGCGTACTCGGTGGAGCACGGCAACGCGGGCCCGTCGGCGAGTGGCTATGCCTCCTGGGCCATCATCCTGTGTGGAGCGCTGGGGCGCATCGACGACGGGTACGAGTTCGGCAAGCTCGCTTCGGGGGTGCTCGCGCGCTACGACGCCAGGAACTACGAGGCCCGGACCGAGTACATCGTCTCCTGCTACATCGCGCACCACAAGGAGCACGTGCGCAGGAGCGTGCGGGCCTTCAAGGACATCTACCGCACGGGGCTGGAGACGGGAGACCTGGACTTCGCGAGCTACTCGCTCGTGTCCCAGGCCACGCAGCTCTACCTGGGGGGAGTGGAGCTGGCGCAGGTGGAGCAGGTGACGGCGAGCAGCATCCCGGCGCTCGCCCAGCTGCGGCACGAGCCCGCGCTCAACTACACGAAGGCGGTGCGCCAGGTCGTCCTCAACCTGATGGGCCGCGCGGAGGACCCCTGCCGTCTGGTGGGCGAGGCGTATGACGAGGAGGAGATGCTCGCCTTCCACCAGGAGGCGAGGGACTCGTATGGCCTGGGCAGTGCGTACCTGTGGAAGCTGCAGCTGTGCTTCCTGTTCGGCCGCCGCGCCGAGGCGCTGAAGCACGCGGACGCATTGAGGACGCAGCTCAACGGACTGGTGGGCCAGTTCCAGGTGCCCGCCGCGCTGCTGTTCGACTCGCTGGCCGTGCTGGCCAACTTCGCGGAGGCCTCGCCCGGGACGCGGGGACATCTGTTGGAGCGGGTGGAGGGGAACCTGGAGCGGTTGAAGGTCTTCGCCGCGCACGCGCCGATGAACCACGCGCACAAGGACAGCCTGGTGAGGGCGGAGCGGGCGCGTGTGCTGGGCGAGCCGGAGAAGGCGCGGGAGCTGTACTACCAGGCGATGTCCCTGGCCCACGAGAACGAGTACCGGAACGAGGAGGCGCTCGCGGCGGAGCTCTTCTCCGAGTTCGCGGCCAGCCGAGGGGAGCTGGACCTGGCGGGCCTGTTCCTGGAGAAGGCGCACCACCTGTACGAGCTGTGGGGTGCGAAGGCGAAGGTGCAGGAGCTGGAGCTCCGGCACCCGGAGCTCGCCATGGTGGTGATGGCGAGGCACAACGCGCGGAGGATGGACACGCGGCAGACGGACACGGTGAAGGAGCTGGAGAGCGTGGGCTCGGCGCTGGACCTGTTGTCGGTGCTGAAGGCCTCGCAGGCGCTCTCGGGCGAGGTGCACCTGGACGGGCTGCTCAAGAAGTTGATGGGCATCGTGCTGGAGAACGCGGGAGCGCGCCGGGGCCTGTTGATGGTGGAGGGAGAGTCCGCGTTGGGGGTGGTGGCGGGCCCGGATGGAATCGAGCTGGTGCACGAGCCGGTGGAGCAACGGGAGGACGTGTCACAGGCCATCGTGCGGTACGTGCGCAGGACGCACCAGGCGGTGGTGCTGGGAGACGCGGCGAACAGCGGGGCGCTCATCTCGGACGCATACGTGGCGAGGCACCGGCCGAAGTCGGTGCTCTGCCAGCCCATCCTCCACCAGAAGAAGCTGGTGGGAATCCTGTACCTGGAGAACGAGCTGGTCTCCAACGCCTTCTCCCCGCAGCTGCGCCAGGTGTTGGAGCTGCTGTCGGCGCAGGCGGCCATCTCCATCGAGAACGCGAAGCTGTACGAGACGCTGGACAGCCGGGTGAAGGCGCGGACGCGG
CP043495.1_gap5	222524	224939	2415	CGAGGGCTCGCCGGCGTAGCCGAGCACCCGTGCGTTGGAGACGTTGCCGCAGCCCTTGAACTCCACCTGGGTGCTGCGGGCGGAGTCCGGCTCCAGGTTGAGGGCGATGGCCACCACGCGCTTGCCGTCGGGGCTGCGCGAGGCGAACAGCGACATGCCCTGCGTGTCCGCGGCCTTCTCGAACCGCGAGGGCAGGTAGTTGTCCTGGAAGCGCCCGCCCTTGCCGTCGAAGTTGCGGAAGGCGCGGAACGCCCAGAAGGTGGGGCTGCGGTTGGGCGGGTAGGTGAAGAGGAAGGCCGAGGTGAGGTTGTGCTCGGCGAAGCGGCCCAGGGCCTCGGCCTGCGCGAGGCCTCCGCTCATGTGCCCCGTGGCGCCGAAGTTGTACTCGCCGATGGAGAGGCCACGGCCCGGGTAGTTCTCCGCCACCCAGCGCTTCATGCGCGGAATGAGCTCGACGGAGTCGTCGATCCACGACTCGTCCTTGTACTTCGGGTCCCACAGCGCGCGCGTGGAGCGGATGCGCCGCGCGGATGTGGCCGGGTCCGTCGCCCCGCGCTCCTCGAAGCCGATGCCGTCGCCCTGCGGGTAGAAGTGCAGGTCCAACACGTCGAGGACGCGCACCCCGGTCTGCTTCTCGTGCTCGGCGAGCTTCTTGAGGTACCAGGCGATGAGCGGCGTGTTGCCGTGGGCCTTGCGGTCCTTCTTGTTGCCGCCCGGCGCCACGTCCGCGGCCGAGTTGAAGTAGTTCGTCCAGCCCCACTCGGCGGGGCCGGCGATGAGGCCCTCGGGGTCCGCCTGGCGCACGGCGGTGCCGTAGGCGATGGTGCGCTCGAGCAGCTCGTCGTAGGTGACGGGCTCCGGGTGCACGTCGCGATGCGTGGTGTTCCAGAGCATCGGCTCGTTGTCGAGGATGTACTGGTGCACGCCGCGCCCGCGCGTCTTGTCCTTCTCGCGGATGGAGCGCACCCACGCGTTGATGAAGGCGGGAGGCGCCTCGACACTCGTTTGAGCGGGGGGCAGCGGCGTGAGGCCCTCACCGGAGAGGGAGATGCCGTTGCCGGCCTCCGTCACGTCCGGGTCCATCTTCTGCTGCGCGCCGAAGAGGGACTTGGGGAAGCCGACGGAGGAGGAGTCCTTGGCCACCCAGCCGAGCATGGGCACGGTGAGGGCGGACTGGAGGCCGCGCTGCTGGTTGGCCTGGAGGAAGCTCTCGTAGGTGTACTGGGGGCTGGTGCCGAGGACGATGTTCCTGAAGAAGTAGTCGTTGGCCGTGTTCCAGACGTTGCCCAGCTTCCAGTTGTAACGGGAGGTGGGGTTGCCGCCCCAGCGGCGCGCGGTGGCGCCGAGCTCCCACTGGTGGTTGTCCTTGAGCTCGCGCAGGTTGTTGAAGGCGATGCCGTAGATGAGCGGGTTGATGGGGTGGCCGGGCTGGGTGCAGTCCACCACCACCTTGGACGTCTTCGCGTCGCCGAGCGCCACGCGGCCACCGCCCACCGCGGACGCATCCGGAGGCGTCTGCTGTCCACCGGCGGCGACGACGGGGAAGGTGCCGACGTTGGCGCTGGTGACGAGCCGGGCGAGGCCTACCTGGTTCAGCTCCACCCAGTCCCCGGTCACCTTCTTGTGCGCGCGCACGACGATCTGCGTGAAGGCCTGCTTGTCCGGGTTGAGCTCCTCCATGGGGACGAACACCTGCGTCCAGTCGCCGTCGCGCGCGGTGACGTACGCGTCCGACAGCTTCACGCGCGGGAAGAGCGTCTCGCCCTCGGTGTCCAGCCGCAGCTCGAGGAAGTCTCCGAAGCCCGAGGGGGCCCGGTAGCGCAGTGCCACGCCGCCGTACTCGCCGCCCAGTTCCTTCTTGTGGAGGATCCACCCGCCCAGGTTGGCCATGCGCAGCTTCGCCGGGGTGGTCTCCTTCAGCTCACGCTCGGACCAGCCGCGGTCGTCCCAGCCTGGCCGCAGACCGTTGTCATAGGCCAGCTCCACGGGCTCGATGACGGCTCGCGGCGCCTCGCCCGGCTGCTGGGTGGTCATCGCCAGGGCGCTGCTGCCGTCCGCGGGCGTCATGCCACCGGGCGCGGTGAGACCGACGTGATCCATCTCCACCCAGTCGTTGCCCACCTTCTTGTAGGCGCGGATGACGAGGCGGCTGAAGGGCACCTTCTCCGGGTTGAGCTGCTCGAAGGGGACGAAGAGCTGCACCCACTCGCCCTCGCGGCGCGCCACGTGGCTGCCGTCCACGCGCACGCGGGGGAAGAGCGTCTCGCCCTCCGAGTCCAGCCGCACCTCCAGGAAGTCGCCGAAGCTGGAGGGCGCCTTGTAGCGCAGCGCCAGTCCGCCGAAGTCGCCCTGGAGGCCCTTCTTCTGCAGCATGAAGCCGCCCAGGTTGGCCATGCGCATCTTCGCGCTTCCCTG
CP043495.1_gap6	390876	393985	3109	GGCGCCCACGCGGTAGGAGACGTTCATCGTCACCCGGGGCGCCTGCGCGTCCTCGTGCACCACCAGCCGCATGCCGCTCGGGTAGGGCTGATAGGCGACGCGGTAGGGGATGGGCTTGGACAGTGGCTTCGCGGCCATCGTCATCGCCGACATCTCGGCGCACCCCAGGGGAGCCAGCAGCGCGAGCGCGGCGGCGAGCAGTCGTGGACTCATTCGGATTCTCCGGGCTCCCGGCGGGGCCTCGGCCCCGGACGCGGACTGTGCAGGCGGGGGCGGGAGCCCTCGGAATCCGTCCTCTCCCCCGGTGTGCAGCCTACCGCACCATGTCGCACGGTGTCATGAGACGTGGGACCCAGCGGATTCCCGTACGCGATGAGACAGGCTAAAGTCGTGTCGGAGAGTTGGCGTAGCATCCGCGCCCTTTCGCTGTCCTTCACCGCGGGCCCCCCACCGCGGACACCCCCCTTTGAACGGAGAGCTTTCCATGCCCACTGTTGCTTCCAGCGATCAGACGTCCATCCACTACCGCGTCGTCGGAGACGGCCCGCGCAACGTGCTACTCGTCCACGGGTGGATGATGTCGGGCGCGGTGTTCAACGAGCTCGTGGAGCTGATGGACACCACGGGGCTGCGGCTGGTGATTCCGGACCTGAGGGGCTCGGGTGGCTCCGGGGCGCCCGCGGGCGGGTACACGCTCGAGCAGCACGCGCGCGACGTGCTGGCCGTGGCGGACCACGCGGGGCTCGAGCGCTTCACGGTGGTGGGCCACAGCATGGGCGGCCAGCTGGCCCAGTGGGTGGCGGCGCAGGAGCCCGCGCGCGTGGATGGGGTGGTGCTGTTCAACACGGTGCCCGCCGCGGGCTTGCCGCTGCCGCCGGACGCCGCCGGGCTGTTCCGCACCTCGGCCAATGACAGGGAGAAGCAGAAGATCATCCTCGGCCTGGCGTGCAAGCAGTTGTCGCCGGCGGCGCTGGAGCGGCTGCTGGATGTCGCGGGCGGGGTGGCCAGGGGCTCCATCGAGGGGAGCTTCGATGCGTGGACGGGCGGTGGCTTCGCGGCGAAGCTGGCCTCCATCACCGCGCCCACGTTGGTGGTGGCCACGGATGATCCGTTCCTGCCGCCGGCCTTCCTGCGCGAGGCGGTGGTGAGCCCCATCCAGAACGCGCGCCTGGCGTACCTGCCCGGGCCGGGGCACTACCCGCAGGTGGAGCGGCCCGCCGAGACGGCCGCGCTGCTCACGTCCTTCCTCGCCGGCCTGGGCCGCGCATAGGAGGTTCTTCCCATGGCCTGGAAGATGACCTTCGACTACGACGAGGTGCACGACGTCGTGACGGCGACGTTCCAGGACTGCATCCTCAACAACTCGCTGGACGTGGCGCGCTGGCGCACCGAGGTGGAGGGCCACCTGTCGAAGTACCCGGCGAAGGTGGACCTGCTCATCAACCTGGATGGGCTGGTGGTGAAGTACACGGCGGGCCGCGTCTTCGGGCGCGAGCGCTCCGAGGTGCTCTCCCGCTACACCCTGCGCTCCTTCCGCTTCGGCGGAGACGAGATGACGAAGATGTTCGTCAGCACCAGTGGCGTCATCAACGGCGCGGCGGTGAACGTCTACCGCTCGCGTGACGAGGCGCTGCGGGCGCTGTTGGTGGACCGGGCCTCGGGTAGGCTCGCCCCGGTGTCCGGCAAGAAGGCGATTTGAGTCTTTCGCCGGTGCGTCACACCCCGGCGAACCACTCGTAGCCGCGATCCTCCCAGTACCCGCCCGTGGGCTCTGGGAGGAAGTTCACCGCGGTGAGGTACTTCACCATCTTGTAGCCGAGCTTCACCCCCGAATAGAGGCGCAGCGGTGCCCCGTGCTGGGGAGGCAGCGGCGCGCCATTCATCCCGTAGGCGAGGATCGTCTGGGGGTGGAAGGCGCTCGGCCCATCCCAGGAGGAGTAATAGCCCGCGTCGAAGGAGCGGAACTCCACGAAGCGGGCCCGAGGGTCCGCTCCCACCAGCTTCGCCAGCTCGCTCACCCGCACGCCGTGCCACGAGGCCACCGCGCTCCAGCCCTCCACGCAGTGGTGGCGGATGCGGTAGTCCGTGCGCGGCATCAGCCGCAGGTCGTCCAGCGAGAGCACGCCCGGCCGCGCCACCAGTCCGCCCACCTGGAGCGCCCAGCCGGCCGGTTCCAGCGGCACCCGGTCCGAGATGTAGTACTGGGGGAAGGCGCTGGGCCGGGTGAGGGCCCCCGCGGGCTCCTCGGGCGCGAGCCGCTCCGGGTTGAAGAGCGCCGACTGGAAGCGTTGGTTGAAGCGCTCCATGGCCCCGAGGAAGCCCTGGCGGGGCCGGCTGCTATCGCACGCGCCCAGGGCCACCGCCGCCGTGCCGAGCAGCCACGTGCGCCGCGTGAGGAGCCGTCCGCCGCGTGGGTCACTCATGGCGCCGGCCTCCCGTCACCATCTCGCCCAGCGTGCGCGGGTGGAGCGCCACCATCACCACGTGCCCCACGGTGAAGAGCGCCAGCAGCGCGAGCACCCCGAGGTGCACCAGCCGCGCCGGGTCATAGCCGCCGAAGAGGGTGGTGAGCGCGTGCAACTGCACGGGCTTGTAGAGGACGAGCCCGGAGAGCACCTCGACGAGGGCCAGCACCAGCACGCCCGTGTACGCGAAGCGCTGCAGGCCGTTGTAGGGCTCCTGCCGCGGGGCCTCCTTGCGCAGCCGGAGGTAGTAGGCGGCCGTGTGCAGCGCATCGCGCGCGTCGCGGCGGGGGAGGAAGAGGCGCCGCCGCCACTCGCCGCTGCCCACCAGCCAGGCGACGTAGACGAGGCCATTGAGGACGAAGAACCAGCCGAAGGCGAAGTGCCAGTGCCGCGCGCCCGCGAGCCACTCGCCGAGCCGGGCCCACCCGGGAGGCGGTGTTCCCTGGAAGGGATACACGCCGTAGGGCGCGCCCTGGGGGCCCATCATGGGGTAGGCGGCGAGAATCTGCAGACCGCTCATGGCCAGGATGGCGAGCAGCGGCACGTTGGCCCAATGCACGAGGCGGACGGGCCCGGGCTGCGGACGTCGGGCATGGGGCATGGTGTGTTTCCCCCGGGGAATGGCGGGCCCGAGAAGCCCGCCG
CP043495.1_gap7	404749	408485	3736	CTCGGGCCGTTGGTCGGCCGGAAGTGCATCAGGAACGTGTCGGGGTCGTCTCCGAGCGGGAACAGCCCGGTGGTGGCCGCCGAGCTGAAGCAGTGCGCCGCCAGCGGCTCGTGCTCGAACTCGATGGGCGGCGGACCGGGGGGCTTTCCTGTCGGAGTGCAGGAGAGCATGACGGCAAGCACGGCGAGCAGGGTGCGCGTGCACCTCGTCCTGATGTCCAAACGACTTCCCCCTGATGGATGTGGTCGGCCCCGAGCCTACTCCGGCCCGGGACGTCGCATCGAGCAGGGCTGAGCCATCCGAGGGCGAGGGCCCCATGCCGCCGAGCGGGCCCTCACCCTCCGAGCGCTCCTACTTCTTGCCCTCGGGAGGCGTCTGCGCACCGCCGCTGGCGCCCTCGGGAGGCATTCCGCCCCAGCCGGCCTCGACCATCGTCTTCCACTTCCACTGGCCGTCCCGCTTCACGAGCAGGGAGGTGTTGCGGCCGGTGACCTTCTGCTTGCCCTGGGTCATCGTGAAGTCATCGATGACGCTCACCAGAGAGTCCGAGAGGACGCTGATGGTGTGCTTGTGGGTCATCTTCAGGTCCTTCGGCATGTTCTCGAACATGGGCTTCATCATCGCGGCATACGCCTCGCGGGTGTACTCCCCGCTCTCGGGCACGCCCTTCAGGTCATCGGTGACCATGTAGATGGGGAAGTCGTACGTCGCGAGCGACGCCTCGAAGTCGCCCTTCTTCTCGATCTCCTCCTGCTTCTTGAAGAACTCCTGGACCTCCTTCTTCGTCTGCTTCTCGTTGGTGGGCTTGCGAGCCCCCGGGCCCATCGCCTTCATGTCCATCGCGGGCGCCTGCTCGGACGCGGCGGCGGGCTTCTGCTCCTTGTCCTGAGCCCAGGCAGCGGAGCCAGAGATCGCAACGGCCGTGACGCACACCAGAATCGTACGCTTCATGAATGCCCCCTTCGTGTGGTGGGCCGCGGTGACTACGTGACCGTGCATGAAGCCGTCAATACAGTGTTTTGGATGCTGGGCGAGGACCTGACACTCAGAGGAGCTTCATGGACTGGGCCGAGAAGCTTTCGCTCCCCGATTGGGAGAGATGGTCCTTGAGCGCCTTGCGCGCCTCCGCCTCGCTCGTGAACGCCGAGTCGGGACCGAGCGTCTTGTCCGGCCGGACGGCCTGGAGGTCCTGCAGCTTGTCCCCCACGAGCGGATGGAAGACCACGGGGCGATCCGGCGCGAGGGTCTGGAGCTCCTGGCGATAGAGCACGCTCTTCGGATCATGGGTCCGCATGAAGGCGTGTGCCGGCCCCTGCGGGTTCTGCCTCACGAACTCCTCGGAGAGGTGGTTCCACATCGGCGTGACGGCCTTGGGATCCTTGTAGATCTCCAGCCCCGAGAGGGCCCGGCCGGCCGGGGTGCTCTCCAGCGTGGAGTAGCCCTTGAGCTGGGCGTGCTTGCTCACGTCATAGCCGCCCGACCAGAGCGCCAGCGGTCCCTGCCCCTCCTCGATGCGCAGGTGGGGTCCCAGCTCGTGGGCGACCTTCTCGTAGTACGGGTTGGAGGTGTCCGGCCGGGGCTTGTCCAGGCTCGAGGGGGTGAGCCGACTCTCCTTCACGTCGGCGCGGATCTGCTCCTGGCGCTTCACACCGTGGAGGATGTCGCTCCAGACCTCGGTGGTCTTCGCCTCGCTCATGCCGAGCGCGGTGAAGGCCTGCTGGAACTGGGGCGCGTCGGGGTGCGAGAGGGGCGCCTTCAGGTCGAGCACCTGGGCGGCGGTGGTGCTGTGCTTGCCCGACGCGAGGGCCGGACCCATGGCCTGCTCCACGGGGACCCGTTGCTCCGCCAGGGTTCCCGCCAGCTCCGGGCGACGGGAGGCCGCCGGGTTCCGGACCTGGCCGTCGAAGCCATCGGTGCTCCACGGTGCCCGCTGGCTCTGGAGCCCGCCCGGCGGGCTCTTGATGGGGCTGGGGCTCGCCGGAGCATGGCCCGGAGTGGAGCCAGGCCGGATGCTGGTTGGCTGGGGGAGGTTCAATCGGGGCGGTCGGAAGCGGATGGTCATGGGAGCACCGGGGTTCGGAATCGTGTCTGCGATGAGGGCGCAGTGCAGCGCCCATGCCACTCATTGGTACGCGGAAGCGGCCTACTGCTGGGAGTCGGAGCCCGCGAGCCCGATCCGGGGCGCGAGGGTCTGCGCCAGCTGGGGCGCGACCTCGGTGGCCATCTTCTTCAGGGTTCCGGTCGCCGAGCCCTCGCTCACGAGCGCCTTCACGGTGTCGAGGGCCTGGGTCGCGACGCTGACCGCGTTGGCCACCGAGTTGAGGAGGTTCCCCAGGTCCGACTGCTGGGGAGCGGACTGGGGCAGGGCGCCCAGCTGCTGGGGAACGGGCTGGCTCAGGGCGCCCAGCTGCTGGGGCAGGCCACCGGCGGCGTACGGGTCCATCGCCGGGCCAGCGCCCATCGCGTACGGGTCCATCGCCGGGCCAGCGGCCAGAGCGGACGGGTCCATCACCGGGCCGGCGCCCATCATGCCCAGGGCGCTGGCGGGGCCAGCGGCCAGAGCGGACGGGTCCATCACCGGGCCGGCGCCCAACATGCTCAGGGCGCTGGCCGGGATGCTGGCCGCCTGGAGGCCCGCGCCGACGAGCCCGGCCGCACCGTTCGCGACGTCACTCACGGCCGACAGACCGTTGCCGAAGCCGCTGAGCTTGTTGCCGAGGCTGCCGAACGCATTGTCCAGGCCGCCGAAGCCGTTCGGCTTGAGCTTGTCCAGCCCACCCGTGGGCTTGTCGAAGCCGTCGAGCTTGAAATCCGGCTTCTTGCCCGGGAGGTTGCCGTTGATGTCGGGGCGGGGCGAGAACGTGGGCTTGTCGATCTTGCTGCCCGGGAGGTTGCCGTTGATGTCCGGGCGGGGCGAGAACGTGGGCTTGGTATCGGGCTTGAGGTCCGGCTTCTTGCCCGGGAGGTTGCCGTTGATGTCCGGGCGGGGCGAGAACGTGGGCTTGCTGCTGGGGGCCTTGAAGTCGGGGGTCGAGATCTTCGGGAAGCTCTTGCCGATACGCATGGGGTGTCTCCAGGAAGGTTGGGGGCTTGTTGCCGCGAGAGGGTTACGCCTTGACGAGAAGGCGTTATTGCAGCGCCCGTGCCAGGGCGGCTGGGCGCGGAGACGAACGGGATTCCGCGGGTTTACGCGGAGGGGGCCTCGCGGGAAGGCCTCGGTGATGACCGCAGACACCGGGGCCCCCTGGAGAGCGCAGTCACCATTGATGACTGTTGTCACCAGTCACTCCCACCATGAGCCGGCTGAGTCCGCCGTAGGCTTGGCGCGATGACGAGCGAGTTCTATGAGCGCAACGCGGAGGATTACTTTCGAGCCACGGTCGGCATCGACATGTCCGAGCCGCGCGAGCGCTTCGCGAGGCTGTTGAGTCCCGGGGCGCGGGTGCTCGACGCGGGCTGCGGCTCCGGACGCGATGCACGCGCCTTCCACGAGCTGGGCTTCCAGGTGACGGCCTTCGACGCGTCCCCAGGGCTGGCCGCGCTGGCGCGGGAGCACACCGGGTTGCCCGTGGAGGTGAGGACCTTCCAGGAGGTGACCTGGTGCGAAGCGTTCGAGGGGCTCTGGGCTTCGGCATCCCTCCTTCATGTGCCACGGGCGGAGCTGCCTTCGGTCATGCGGCGGCTGAGGGATGCGCTGGTGCCGGGTGGCGTCTGGCACCTGTCCTTCAAGTACGGC
CP043495.1_gap8	428976	432570	3594	AGCAGCGCGGGCAGTGTGTTGGACACCCCGCCGCTCACCATCTCCGCCCCGTCCATGGGACAGTTCTATCCCGCGGTGGCTCATGACGGGGCGAACTTCCTGGTCGTCTGGGAGGATTACCGCCAGGGCCACGGTGACATCCTCGGGGCTCGGGTGAACGGCGCCACGGGCTCGGTGCTCGATACGAGCGGCATCGCCATTGGCGCGGCAACCGCCAACCAGACGTTTCCCAAGGTGGCCCACAACGGCACGAGCTTCCTGGTGGTCTGGCAAGACACCCGAAACAATACCGCGGGGGATATCTATGGCGCGCGGGTGAGCAGCGCGGGCGTGTTGCTCGACACGAGCGGCATCGCCATCTCCGCTGGAATCACCTCCGAGTACCATCCCGCGGTGACCCACAATGGGATGCACTTCCTGGTGGTCTGGGAGGACTTGCGCGCGGCCGGCATCTACGGGGCGCGGTTGGACAGCACGGGTGCGGTGCTCGATACGAGTGGCATTCCCATCGCCATCGGCACCCACCGGGTGCTTCAACACCCCACGGCGGTCTATGACGGAGACACCTTCGTGGTGGCGTGGCAGGACTACCGGGCGGGCACGGACATTTCCGACATCTACGGGGCGCGGGTGGATGGCTCGGGCGTGCTGGTGGACACCCAGGGCTTCGCCATCGCCACGGGGCCCGATTCGGAGTCCGAGCCCGTGCTGGTGTCCATGGGCGGGCAGAGCTCGCTCGCCGTCTATGTGAGCTCCCAGTTCACGGCGGGCACGAACTCCGAGCGCGTGCAGGCCCGGCTCGTCCAGATGCCCTGAGCCTCATGGAAGCACCCGGTGTGTGACGGCGGAGACCCCTCCGCTGTCACGCGCCCGGGGGTGGCGCAATGCGATGGCAACAAGACGAGGGCAGCGGAAATCTCCGGCCTCGATCTCTCCACTTTCCTTCTCAGCGAGCGAGAGTGGAGCGGAAACGGCGCGGCGCGCGCGCGAGGTGTCTACACTGCGGACCTCTCTTCTTCCGGAGGATCACACCTCGTGTCCACGCCACGTTCTTCCATCCTCGCCTTCTTCGTTTGCGCGTTGAGTGCGGTGCTCGTGTTCTCTCCCGGCTGTGAGCCGGACCGGTCGCGGCCTGGGGGGGGAGGTCCCGTTCATCCCGGTGGTGGAGGCGGCAACCCGGACGGTGGCGGAAACTCGGATGGAGGGGTGCTGGTGGTGCGCGGCGATGGCGGCAGCTTCGCGGCGAAACCCACGTGCCCCAGCGGCTCCGCGTGCACGGGCGCCTGCCCGGATGGCGGAGTCATCTGTGCGGGCAACTGCGGCTTCCTGACCCCGGTGCAATACGCCTACGCGGGAGACCCCAAGGCCATCGTGCTCGGAGATGTCGACAAGGACGGTGACAGCGACCTCGTCACGGCGAACAACGACGGCAAGTCGGTGGCCGTGATGCTCAACCTCCGCAATGGCAACATCCGGACGCCCGACCTGTGGACGGCCCGCCGGGAGCCCTCGGCCCTGGCGCTCGCGGACTTCAACGAGGATGGCTCGTTGGACATGATCGTGGCCAACAACACCGGGGACACCTCGATCGAAGTGTTCCGGGGCCAGGGCAACGGTGACTTCCAGGCGCCCATCGTCAGCGGGAGCATCGGCCTGGAGCTCAACGACCTGGTGGTGGACAAGTTCGTTGGAAACGCGTGGAGCCTCGCCCTGTTGCGCGGGGGCGATCGGAAGGTGTCCGTGTTCCCGCTGAAGAGCGACGGCACGCTGGAGACGCCGGACGACTATGAGTCGTCCTCGGGGGCCTATGCGATGGTGGCCGCGGACTTCAACGGGGATGGCAGGAAGGACCTGGCCGTCACCCATGAGTCCGCGTGCGGCACGCCGTCGGTCACCCCGTGCCAGTCCGTGGGCGTGCTGCTGGGCAAGAGTGATGGCACCTTCCAGCCCCCGGTCTACACGTCCACGGGCGGCTCGCCGCGGGGCCTCGTGGCGGCGCAGCTCGACACGGATACGTCGATGGACCTGATCGTCGCCGACGCGAGCCGCAACCAGGTGCTCGTGCTGCGGGGCCAGGGCAATGGCCGCTTCTACGATGCGGTGGCCTATCCCACGGTGAAGGCGCCGTCGCGGGTGGCGCTGGCGGACGTGAACCGGGACTTCGTGCAGGACATCCTGGTGACGAGCGCCACGGGCAACCAGGTGGGGCTGTTGCTGGGCCAGTCGGGAGGCTCCTTCTCGTCGCACGTGGCGCTCACCGCGTGGCCCCAGGACGTGGGACTCCAGGGACTGAGCGCGTCGGACTTCGACGGCGACAACTTCGTGGACCTGGCCGTCCTCACCCGTAACGGCATCCAGATGCTGTGGGGCATCTGCCGGTAGACACCCGGGAAGGGGCCGGCATGTCCGGTGCCGGCCCCTTCGGAGTCAGAGCGCGAGGCGCTCGCCCACGGGCGGCGGAGTGAAGGGCCGCAGCGCGCCGTCCTTCCAGCGGATGAACACGAGGGAGGGATCCTCGAGCGGCGTGTCGAAGGTGAAGCCGAGCCGCGTGGGGCCCTTCCCGTTGTCCTCCAGCACCGTCACCGTCATGCCCTGGAGCTTCACCTGGTTGCCCTTGCGCAGCGGGTGGCTCGGGCCGCGGAACACGGACTCGAACTCGCTGGTGAGGAACTCGTTCCGGGTGAGCGCGAGCTCCAGGGAGTCCGGCCCCGAGCGGGTGAGCTCGTGTGGCTCCGGTGAGATGGACAGCGTCCACCAGGCGCCCGGCTTGGGCATGCCGCGGGTGACCATCACCATCGGGAGGTACATGGAGAGCATCGGCACCGGTGCCGGGAAGACGACCAGGCGCTGCTGGGGGAGCCGCGAGTAGTCCAGCTCCCGCTCCAGGAGGAGGAAGCTCGGCTCCATCTGGGAGGCGCCCTGCTGGAAGGTGGCGGTCATCAGCGGCCAGAGCAGGGGAGCCAGCACCAGATGCATGAACGCGAGCACGGCGGCCACGGCCGCCACGCCCCGGGGACGCCAGCCGCGCGCCCGCGAGCGCCACGCCGTCACGAGCACCACCGCCACGGCCACCGAGCCGCCCAGGCCCGGCAGGAGCAGCAGCCGGTTGGAGGGGAAGGTGGCGGCCACGGGCAGCAGGGACAGCGCCGCGCCGAGGAAGAGCCAGCGGCAGTGCCGGCGCTCGTCCTCGGAGAGCGAGGGCCACGCGGCGCGCACCAGCAGGGCCACGCCCCCGAGTCCGAGCAGCCCCAGGACCACCAACGTGGGACGGAGTTGCTGGCCGATCACCCAGAGATCCGCGGGCACCTGCAGCAGCAGCCCGCCGAGCAGCACGGGTATCCGCGCCAGCGCCCCGACGAGGAACCGTCCGGGCTCGCCCACCGGGTCCATATAGGAGCCGGAGCCGTAGGAGCCGTAGCCGTGCAGCTTGTACACCACCAGGTAGACGAGCCCGAGCAGCGCCGCCGGGGCGATGGCCCGCAGTCGCTCCTTCAGGCTTCCCTTGTCCCCGAGCAGCTCGTAGGCCAGCACATACGCGAAGAGGCCCAGGGCGCTCTCTCCGCCCATGAGGCCCACGGCGAGCCCGGCCAGCGA
CP043495.1_gap9	521370	524673	3303	GCAGGTGCGCGTTTCCCGCTACGACCTTCGTCCCCATGGAAGAGTCGAGGCGCCGACCACAGTCTCCGCGGTGTGGCGCGAGCGGGTGTGGGGGCCTCGTGGCGCGAGCGCGGAGTGGCCCGAGCGGCGACGCTCGCGTTGGGACGAGGGCAGGGCCGGACGGCTCGCGGAGTCCATGTTGGTGCTCGCCGCGCGTTCCGGGCCGTTGCCGCGGCTGGTGCCGGGCGCGGGGCTCGAGGTGGAGCGGCGCCAGTTCCACGCCGGAGGCCTGTCCGGCTTCGTGGTGCGCGTGAGGAACCCGGACCCGCTGCGGTCCTGGGAGCCCGGCGATGTCCGCGTGCGTCATGCGGACGGAGGAGGGGAGGTGGAGGTGCTGGCCCTGCGCATGGGGCCCGGGTCGCTCCCGCCCGGAGGGTGGGGGTGGCTCGTCGTCATCACGCCGGCGCTGCCCGAGGACGGGCAGGCCCGGTTCGAGCTGGAGCTGCGGGGGCGGAAGGGCGTCGCGCTGTAAGGGCAGCCGTGAGTGCAGTCGTGAGCCCGGAGGACGTCATGAAGATGAACAAGAAGACGTACTGGCGTCGTTGGATGTTGGCCCTTGGTGCTGCCGCTGCTCTCGCCGGAGGCGCGGCCTACGCCCTGCAGAAGGAGTGTTGGCAGTGCTCGCCCTGCGGCTGCTCGTCCGATGGTGGTTACCTCATGTGTTGTGACGTCTACGCTTGCTGAGCGAGGCGCGCGACTCATGAAGATTGGTGCGGAACCCGGGCACGTCTTCCTCCCATAATGAGGGAGGCGTGCCTGGAGACATCGCACCGTGAATGGACTCGCCACCTCACGGAGGGGATGACATGAGAGGCGCAGCACATGCGTGAGCGGACACGCTCGAAACGGTTCGCGCTCGCGTTCGCCTTTGGCGGCGTCGCGGTCTTCCTCTGGCAGCTCGCCACTGCGTCCCCGGGCCCCGTTCCCTGGGAGCCGCCCCCGCTTTCCGGCCCCCTCCTCATTCCCCGCGCTTCCCCCCGGCCCCGGGCCCTCCTGCATGGAGCCTCCGTGCTCGATGCCAGCTTCGCGGCCTCCTCGGCCTCGCGCCTGGTGAAGGCCGTCCCCGCCTGGGTGTACTCCCATCCATTACATGGTGTACCGGCAGCTCCTCCCGAGCCGCCTCCTTCTCCTCCACCGCCTCCGCTCGCCAGTGTGATGCCGCTGTCCTCGCGGGAGCTCGCGCCGGATGGGCTTCCCGTCTCGGCGATGCGCTGCAAGCGGACCGGCGAGGGGCTCGACTGTGGAAGCTGCCGCACCGATGGGGACTGTCCCGCCGGCCAGGGTTGTGTGGCCAACCGCGAGACGCGCCGCTTCGAGTGTATGGACTCCGAGTGCGAGGTGGATGCCCACTGTTTTCCGGGCAGCCTGTGTCGTGCCGTCACCACAGGCGCCACCGGCATCGTCGTCCGCCGCTGTTCCCCCGAGGGTGTCCGCCGCGAGGGGGAGTCCTGTGACGCGCTGCCCGTTTCGCCCGCCAGCTCTTGCCGCGAGGGCCTGCGCTGCGTCAACCAGGTGTGCTCCGCGCCGTGCTCGCTGGATGGTGCCGTGCGCTGTGCCCAGGGTTTCGTCTGCACCGACAGCCGCGAGGGCCCCGGTTGTGTTCCGGACTGTCAGCAGCTCGGATGCCCCGAGGGGCAACTGTGCTCCCGCGTCCGGGAGGGCCAGTACCAGTGTCTCGCGGCCTCGGAGGGGGATTGCAGCGACACCCCGTGCCCCGAGGGCGAGCGCTGCAACATGCGCATGTCCCGGGGCAGGGCCGTCTTCTGGTGTGCTCCGCTCTGCAACCCCGTGCTTTCCGGCTCGTGCTCCGCCGGGAACGTCTGCGGCATGGGCAGCTCCACCGCCAGCACCTGCTTCCGCCAGTGCGACCCCGGGGATCCCCAATCCTGCGGCCCCGGCTGGTCCTGCTCCACCGTCACCGAGGACATGTCTGTCTTTGGGTGTACCCCGGAGTTGCGTTAGGCCTTATCTGACTTTGTCAGGGCACTGGCGAGTGCGGCGATGTGCCGCTCGTCGGTGCCACAGCACCCGCCGAGCAGGCGCGTGCCGAGTTCCGCATGGACGCGGGCCATCTCCCGCGCGAAAACGTCCGGGGGCTCGCTGTCGAGCTCCGCGCGCCCGTCGAGCTCCTCGGGCGAGAGGCGGGAGGTATTGGCCTGCAGGCCCACCACTCGCGCGCCGAGGGAGGGCGAGGTGGCCAGCTGGCGCGACAGGCCCTCGCGGAAGGCGGAGGGGTGGACGCAATTCACCATGTACGCTGTCGGGCGCGCACCGGGCAGGGCGTCGATGCGCGCCACGGCCTCGCCCAGCGGGGTTCCGTCGAGCAGCGTCCCGGTGGGACGGAGGACGAAGCTCAGCATGAATGGCGCTCCAGTGCGCGCCATCGCCAGGGCGAGGCCCTCGGCCTCCGAGAGGGCCGGCAGCGCCTGGGCCACGAGGAAGTCCACCCCGGCGCGCGCGAGCGCCTCCACGTGGGGCGCGTGGAAGGCCGCCGCCTCCCCTCGGGGGAGGGCCTCCGCTGGCTGGTAGGCGTCCCCGCGGCACCCGACGAGCCCCCCGATGAAGACGCTCGCCCCCCGGCCGCCGACCTCGTCGCGCAGTCCCGCCAGCAGCCTCACCGCCTCGGTGAAGACGTCCCGGCCAGCGAGGCCCGCGCGCGCGAGCCGTTCCGCGTTCGCGCGCCAGGTGGGCGTGAGGAGGAGGGTGGGCAGGCCATGGCGCAGACCGATGTCACGGTAGTCGCGGTAGATGCCGGCGAGCGCCTCGCGTCCCTCCGGACTGAAGAGGAGGCCCGCGTTGGCCACGTGCGGGTCCAGCAGTCCCGCGGGGTGGCGGCGCAGGCGCTCGACCACGGAGCCCTCGGCGAGCACCAGCGGTGCCTCGTCCAGGGCACGAAGGAAAGGTGAAAGATTCCTGGTCATGGGGAACCCTACCAAGGGTCAGCTGTACTTGTTGCGTCCTGCCATGACGCCGCCGTCGACATCCCAGATTGCGCCGGTGACCCAGGATGTCTCGTTCGACAACAGATGGGCGATGGTCCGCGCAACATCCTCCGCGCGACCCACTCGGCCGAGCGGATGGAATCCGTTGAACCCCTGGAGCGCACCGTGAACCTGCTCCTTCGGGATGAAACCCTCGTAGATGGGGGTCTCGACGACTGCCGGCGAAACCGCGTTGACGCGGATGCCATGGCCGGCCAACTCCATCGCCAGGTGCTGCGTCAGCGAGTGAAGTCCTGCCTTGGCCATCGAATAGGCCGAGGAG
CP043495.1_gap10	568422	571366	2944	TCGCATCGCCGCATGGGGGCCGCACGTCAACGCACTTGGTCCGACCACTACCAGTGCGTCCATCGTTATCTGCGTGATGTGGTGCGCCTGGAGCCCGAGCGTGCGCTCAGCCTGCGGCTCCGGGACCAGAACTCAGGATGGACGGAACGTCCCTTCTTCATGCGTGTGGCCCATGCGCCATCCATCCGGCTCCTGCGTCCGCTGGAATCACGCGTCGAGAGTCTCGCTGTGACGCGCCCGCGCGTTGATCGGGAGACTCTACCGTCCGTGGTCCCTCCGAGAGATACGCTTGATGAGCTCGACGCTCTCGTATGTGCTGCCCTGGCGGACGGTGCGGTCGAACGTGTCTTGCACGCACTCCCAGCTGAGTACGCAGCCACAGGGCGCGTCGCGGATGCTCTCGCCTGCATCACCCGCGTGCTATTTGAGCATGAACGCCCTTGGACTACGGTTGTCGGCAGCCTTGAGATTGAGGACTGGACGGTCTCGGCCAAAGGAGGTCCCTCCTGACGGGCTCGACCTTCCGACGCTTGAGGAAGTCCTCCGTGATGAGTACTTCCCGGATGTGGCTCTTGCCCTGCGCCGCGGCCGCCACATCGGGCGTGATGATGGCACGGCATACGATTTTCTCGTCGATGCGCTTGACCAGCTTGAGCCCTTCTACCGGCGCTTCGGCTGCGAGTTGGTGCGGCGGAGTGGCGGCTACGTCTCTTGCTTCCGTCCAAGGACAGGCTCGGACGGCGGCTGCTCTCGGCGGGCGAAATGCTGGTCTGGCAGACACTCGCGCTCCTGTATCTCGACCCCGCCGACATGCAGCACGGTGGGCTTGTGGCGCGCGACGTTCTGCTTCAGCGGCTTGAGGGCCTCATCGGAATGGAGTCGCTGGTACGCACCCTTCATCCGCGTCGCAAGAAGTTCGACGAACGCGTCGCGGCGGGGCGGTCCTCACGCAGGTCGCGGACGCGCTTTAAGCTCTCTGAATTTGGGGCCGTGGAGTTCGCCGACGAGGCTCGCCTGCGGCCGCGGCCTGCGCTGCCTCGCTTCGCGGAGCCAGTTCTTGGGCTGACAGCGCCGACGTGTGCCCTGGAGTAAAAGCCTATTCCGGTAGGACGCGGTGAAACCACGCGATGACACCGCAGGCCAAGTGGAGCATGGCCAGCCAGGTATCCTCGCGTTTCTCCCAACGCACCAAGATGCGCCGGAAGCGGTTGTGCCAGGAATGCGCTCGTTCCACCACCCACCTTCGCGCCTTCTTGTGGGCGCAGCACTCCACCTCGCGCGTGCGGTAGTCGCGCGGCCGTACATGCAGGGTCAAGCCAAAGTCCTCAGCGACCCGTCGCACCTCGTCATAGTCGTAGCCCGCATCCAGACACAGGCCCTGCGGTTGTCGGCTCGTGGACTTGGGCCGCTGCACGGGGATGGACTCGAGCGTCTGGCGCAGCAGCTTGTGGTCGTTCGTGTTGGCGCCACCCACCACGAGCCCGATAGGCACGCCCCGTCCATCGCACAGCACGCTTCTCTTGCTCCCCTTTTTCCCTCTGTCGGTGGGGTTGGGGCCCGTTTTTTTCCCCTCCCAGCGGCGCCTTGCCCTGGGCCCCGTCTACGGCCAGCCACTCCCAGTCGATGCCTTCCAGCGCCTCGTACATCAGCAGCGCTTGGCGCCAGAACTCCCGAAACACCCCCGCCTCCAACCACTCCCGGAAACGTCTGTAGGCCGAGGACGGCCCGCACACCCCTGTGGCCTTCAGCGCTCGCCACTGCATGCCTGTGCGCAGCACCAATAAAATCCCGTCCATCGCTTGTCGGTCCGGCGTGCGTGGATTGTGGCAGCCCAGGGGATGCTCGGGTCGCGGCGGGAGCAGGGGCTTCAACTTCGTCCACAGTTCGTCCGGCACTCTCCAGCCGTCATCTTCCCGTACCACACCCATGGCTCTGCCCTCCTGCTCACCTAACGCAGGAGGTCATGCCTTCATTCCTACCGGAACAGTCACTAAGTGGTGGCTCGTGGTGAGGTGTTGCTAGCCGATACGCAAGAGGAAGGGGAGTCCGTAATCGACGACGAGGCGCCGACGTCATGAGTCGTACGTGCGCGAATGCCCTCGTCCTCATGAACTGGAAGGGCATGTTCTACGAGCGATATCTGTTCGATCGCCACGTCACGGCCCTTGAAGGCGCCAACGGCGCAGGCAAGACGACCGGGATGGCGGCCTACGTGGTGCTCTTGCCGGACATGTCGCGCCTGAGCTTCACCAACCTCGGCGAGACTGGGGTACAGGCGGTGATAAGGGCATTTGGGGCCGCCTTGGGCGCCTGGCCGTCCTTCCTATGCGGTTCTCGACTTCATGCTCCCGGGCTCGCGTCGTCTCATCGCCGGGGTTCACCTCGAGAGAAAGGGAGAGCCCTCGGTCGAGCGCGCTCCGTTTATCATCACTGGGCTCCAAGAAGCGGTTCGCCTTCAGGACCTGATGCTGGTCGCGCAAGGTGACAGTTGAGGTGCTCCCTGACCTGATCGAGTTGCGCGAGAATGCGGCTCGCCTCGGCGGGCATCTGCAGGTCTTCACCTTGACACGTGACTACTTCGCCGCGCTTGTCGCGCATGGGTGACGCCGCTGCGACTCGGCACGGATGAGGAGCGTAACCAAGCTCAACGAGATGCTTCGCACCAGCATGACCGGTGGTATCTCGCGTGCGCTCACGTCGAAGTTGCGCTCCTTATCTGCTCAAGGAGGAAGGTGGGCTTGCGGAGTTCCTGCGTATGAAGGCAAACCTCGATGCGTATTGGCGCACGCGCACCGAGCTTCAGGAGTCGCAGCGCCTCGAGAAGGAGAGCGGTGGCGTTCTTGAGGCGGGGCAGGCGATGTTCGCGGCCGCGTTCCTCGCCACGTGCAAGAGGGTCGACGAGCTTCAGCGCCGAGTGGCCGAAGCGGAAGCGCAACGGGAAGCG
CP043495.1_gap11	575628	579506	3878	ACGGGTAGCTGGTCTGAGAGGACGATCAGCCACACTGGAACTGAGACACGGTCCAGACTCCTACGGGAGGCAGCAGTGGGGAATTTTGCGCAATGGGCGAAAGCCTGACGCAGCAACGCCGCGTGTGTGATGAAGGTCTTCGGATTGTAAAGCACTTTCGACCGGGACGAAAACCCGTTGGCTAACATCCAACGGCTTGACGGTACCGGAGAAGAAGCACCGGCTAACTCTGTGCCAGCAGCCGCGGTAATACAGAGGGTGCAAGCGTTGTTCGGAATTATTGGGCGTAAAGCGCGTGTAGGCGGCTTTGCAAGTCGGGTGTGAAAGCCCTCAGCTCAACTGAGGAAGTGCGCCCGAAACTGCAGAGCTTGAGTGCCGGAGAGGGTGGCGGAATTCCCCAAGTAGAGGTGAAATTCGTAGATATGGGGAGGAACACCGGTGGCGAAGGCGGCCACCTGGACGGTAACTGACGCTGAGACGCGAAAGCGTGGGTAGCAAACAGGATTAGATACCCTGGTAGTCCACGCCGTAAACGATGAGAACTAGGTGTCGTGGGTGTTGACCCCCGCGGTGCCGTAGCTAACGCATTAAGTTCTCCGCCTGGGAAGTACGGTCGCAAGACTAAAACTCAAAGGAATTGACGGGGGCCCGCACAAGCGGTGGAGCATGTGGTTTAATTCGACGCAACGCGCAGAACCTTACCTGGTCTTGACATCCTTGGAATCCTTCAGAGATGAGGGAGTGCCCGCAAGGGAACCAAGAGACAGGTGCTGCATGGCTGTCGTCAGCTCGTGTCGTGAGATGTTGGGTTAAGTCCCGCAACGAGCGCAACCCTCGCCTTTAGTTGCCGCGCAAGCGGATCTCTAGAGGGACTGCCGGTGTTAAACCGGAGGAAGGTGGGGATGACGTCAAGTCCTCATGGCCTTTATGACCAGGGCTACACACGTGCTACAATGGCCGGTACAACGCGTCGCCAACCCGCGAGGGGGAGCTAATCGCATAAAACCGGTCTCAGTTCAGATTGGAGTCTGCAACTCGACTCCATGAAGGCGGAATCGCTAGTAATCGCGGATCAGCACGCCGCGGTGAATACGTTCCCGGGCCTTGTACACACCGCCCGTCACACCATGGGAGTCGATTGCTCCAGAAGTCATCCCACCAAGGGGTGCCCAAGGAGTGGTCGGTAACTGGGGTGAAGTCGTAACAAGGTAGCCGTAGGGGAACCTGCGGCTGGATCACCTCCTTTCTAAGGAGACCGGGTGCACGGCTGACGCTTCGGCGTAGCAGGGTGCACCAGCAACTTCGGTTGCCATAGGTCGACCAGGTCAACGTTTCGCAATCGTCTGGGCTTGCTGTTTGGTTTTGAGGGACCGAGTCTGACTCGGTTCTTTGAGAATGAAGAGAGTTGTTCGGGTAACTCACCAACTGGGCCTATAGCTCAGCTGGCTAGAGCGCGCGCCTGATAAGCGCGAGGTCGGTGGTTCAAGTCCACCTAGGCCCACCAGTTTCCCAGCGGGGAAGCGCAGGTGACGCGATGACGGCCGGCAGGTTGAAGTACCACGACGCGATTCCGGGGCTGTAGCTCAGCTGGGAGAGCGCTAGCTTTGCAAGCTAGATGTCGTCGGTTCGATCCCGATCAGCTCCACAAGTTTCTGACGTAAGTCAGAGCGTTCTTTGACAAGTGCATACGAAGGGTAGAATTCAATTTCTGCTGAGAGAAGTTCGACTCACCATGGAGACATGGTGACTCAAGCAAATGCATTCTTCCGGGTCCGCAGCGAAGAGCTGGGGCCTGGACCTTGGTCTCGAGTCTGTGAAACCCGCCGGGAGGCGGGCTTGCGAGAGATTAAGGTAAGTAAGCTACTAAGGGCGTGCGGTGGATGCCTAGGTGCCAAGAGGCGAAGAAGGACGTGGGTGGCTGCGAAAAGCTCCGGGGAGTTGCCAACCGAACGTTGAGCCGGAGATGTCCGAATGGGGAAACCCAGCGCGGTGAAAGCCGCGTTACCTCGGCCTGAATACATAGGGCCGAAGGAGCGAACCAGGGGAAGTGAAACATCTCAGTACCCTGAGGAAAAGAAAACAATGAGTGATTCCCGGAGTAGTGGCGAGCGAAACGGGAACAGCCTAAACCAGTGTCACGCAAGTGGCACTGGGGTTGCGGGTCCGCGGTAGGACCTTTGCCGGTTAGCGGAAGCACCTGGAAAGGTGCACCAGAGAGAGTGACAGTCTCGTACGCGAAAACTGGTGGAGGCCGAGCGGGTTACCCAAGTAGGGCGGGACACGTGCAATCCTGCCTGAATCTGCCGGGACCATCCGGTAAGGCTAAATACTCCTTGGCGACCGATAGTGGACAAGTACCGCGAGGGAAAGGTGAAAAGAACCCCAGTGAGGGGAATGAAAAGAACCTGAAACCGCATGTCTACAAGCAGTCCGAGCACTACGGGGCAACCCAGTGCGAGGGCGTACCTTTTGCATCATGATTCGGCGACTTAATGTACGTAGCGAGGCTAAGCCGATAGGTGGAGCCGGAGCGAAAGCGAGTCCTAAATGGGCGACTACAGTTGCGTGCATTATAACCCGAAGCGGGGTGATCTACACATGGCCAGGTTGAAGTGAGGGTAACACCTCATGGAGGACCGAACTCATGAAAGTTGAAAATTTCTGGGATGAGCTGTGTGTAGGGGTGAAAGGCCAATCAAACTCCGTGATAGCTGGTTCTCCCCGAAAGATATTTAGGTATCGTCTTGGGTAATTCAATACTGGAGGTAGAGCACTGGAACGGCTAGGGGTCTCACCAGATTACCAAACCGTACCAAACTCCGAATGCCAGTAATTGTTAGCCCGGGAAGCAGTCAGTGGGTGATAACGTCCATTGGCAAGAGGGGAATAACCCAGACCGACAGCTAAGGCCCCCAAGTCTAGTCTAAGTGAACACTAGAAAGGATGTGGCAGGTCATTGACAACCAGGAGGTTGGCTTAGAAGCAGCCATCCTTTAAAGAAAGCGTAATAGCTCACTGGTCGAGACAGGCCGCGCCGAAAATGTAACGGGGCTCAAGACTAGCGCCGAAGCTTCGGATTGCATGCGCTTGCGCATGCAGTGGTAGGGGAGCGTTGCAACTACAGCGAAGGTAGACCGCAAGGGCTGCTGGAGTGGTTGCGAGTGCTGATGCCGAAATGAGTAGCGATAAAGGGGGTGAGAAACCCCCTCGCCGTAAACCCAAGGTTTCCTGGGTCAAGTTAATCTTCCAGGGTTAGCCGGAACCTAAGCTGAGGCCGAAAGGCGTAGGTGATGGAAAGCAGGTTAATATTCCTGCGCCATCTTGTAGACGTTGAACCGAGGAAGGACGGAGAAAGCTAGACGAGCTGGCCGGTGGTTGTGCCAGTCCAAAGGCGTAGGGGTGTCGCGTACGATGAAAAGGCGCGGCAGCTATCCCCGAGACCCCATGGCGTCCCGCAAGGGATTAGTCGTTGATGCTCGGCTTCCAAGAAAAGTTCCGCGGGGAGTCTACAGGGTGTCCGTACCGCAAACCGACACAGGTGGGTGAGGAGAAAATCCTAAGGCGCTTGAGAGAACTCTCCTCCAAGGAACTAGGCAAATTTCCACCGTAACTTCGGAAGAAGGTGGGCCTCTGGTAGGTGTAGGCGTACAGCCGAAGCCGAGAGAGGTTGCAGAGAAATGGCGGTAGCGACTGTTTACCAAAAACACAGGACTCTGCGAAGGCAAGAAGCCGACGTATAGGGTCTGACTCCTGCCCGGTGCTGGAAGGTTAAGGGGATTCGTCAGCCGCAAGGCGAAGCGATGATCCGAAGCCCCAGTAAACGGCGGCCGTAACTATAACGGTCCTAAGGTAGCGAAATTCCTTGTCGGGTAAGTTCC
CP043495.1_gap12	595190	598911	3721	CACTCCAGCTCGTTGCACAGCCGCGCGCCGGGGACACGGCCCGTCTGGGCCAGCCATGCCGCATAGGCCTTGGCGTCCGCGTAGTCGATGGCACCCACCGGCAGCCGCCGCCAGTCCTGCTCCACCCTGTTCGGCCGGGTGGTGTAGCGCAGGGGCTCCCCCTCGGCCGCCGCGTACGTCACCCCGTTGGGGTGGATGCTCAGGTGCCAGCGCCCATCCGCCAGCTGCTTCAACTGCACCTCGGCGTTCAACGAGGCCACCTTGGCGCCATGCGGCGTGCGGCGGGTCCGCTCCTCGGGCGGCAGTGCCTCCAGCCAGCGCACGTACTCGCCATACGTCACCTCGGTGCGCGAGATGAGGTACGGCCCCGTCTCCACCTCGTGCAGCGGCGTCGTGTCGAAGAACTGGCGGATGTTCTCGTCCGCGGCGGTGCCGAAGAGGAAGGTGCCGCGCGGCACGTAGATGAAGCCCTCGGGGACGCTGGCCGCCTCGGGCAGGGCCACCTCCAGCGTGCGCTCGGGACCGGGCTCGGCCCGCAGCACGTGGCGCACCGGTGCATACCCGGGCGCGCTCAGCTCCACCACCCAGGTGCCCCGTTCCAGCGACAGCCCCTCCACGGGAGTGGTCCCCGCCTGGCGCGCCGCGGTGAGCACCCGCCGTCCATCGCTCGCGGACTCGTAGCGCGCCAGCGTCACCGTGGCACCAGCGGGCCGTGTCCGCACCTTCACGCGCAGCGGCGCCTCGAAGCGGGCCAGGCGCTCGCCCGGGGTGTCATAGAGCCGCAGCCGCTGCAGCAACTCGTCGCGCTCACTGGTGCGGAAGGTGCGCTCCGCGAGCCAGGCGCGCTCCGAGAGCACGTCGGCGAAGGCGCCGCGCACCTCCTCACGGCCCGGGTCGAGCACCAGCGCCTTCTCCATCTCCTCGCTGGCCTGCGCGTAGGCCTGCTGCGTCCCCGTCTGCATCCTCAGGGCCTCGGCCCACCGGGGCCGGGCCTCGTCCATCTTCCCCGCGTCGAAGAGGGTGAAGGCCTCCGTCCGGGCCGCTTCCAGGGCACGGTCCCGCTCCCGGGCGTGCTCCAGGCGGGAGCGGGCCTCGCTCAGCTGCGTGCGCACCCGGCCCTCCAGCTTGTACCAGGCGTGGATGCGCAGGCCGACGTACACCAGTGCGAGCGAGGCGACGAAGCCCGCGGCCAGCACGCGCGTGAGCATCCTCCCCCGGCGCACGCCTCCTCGCGAGGCCTCGAGGAAGGATGCCTCGCGCGGGGTGAGGCTCTCCGGTGCGAGGCCGCCGATCTCGGCGAGGCGCCGGGCGCCCCACAGCGCCTCGCGCGGGCGTCCCATCCGCTCCCACTCGGCGGAGGCGTGCTCCAGCCGGGCGTGGAGCTGACGGGCCTCGTTCGCCTCGGCCAGCCACTGGGCGAGCGTGGGCCAGCCGGTGAGCAGCGCCTCGTGGGCGATGTCGAAGGTGGTGCCCTCCTCGGTGCGGCGCACCATCACGAGGCGCGCGCGGATGAGCGCCTCCAGCGCGGCGCGCGAAGCCGGATCCTGTCCCAGCAGCTCGGCCTCGGTGCGGCGGGCGCGGGTGCCGTCCACCGTGACGAGCCGCATGAGCAACTGCCGCGCCGCCCCCTGCTGGTCCGGCAGCAGTTGGGCGATGACGCCATCCGCGTACCGGGCGAGCGCGCCACTGACGCCGCCGAGGGCCTCCAGCGCCGCGGCGGGGATGATGCCGCGCTCCTGATCTCGGGCCTCCCACAGCTCGGCGAGGGTGAACTGGAGCAGGGGCAGGCTGCCCTCGGCGCGCAGGGTGGACTCCACCAGCGTGTCGATGAGGGCCTCGGACTCGAAGTGCGCGCCCTTGGCCCGGGCGGGGCCTGTCACCACCTCGCGCACCTCGGCGCGGCCCAGGGGGCGCAGCAGGTAGAGGGCACGCGACAGGGCCTCGCCCAGGCCGGGCAGCGCGCCCAGGCGGGTGAGGAAGTCGCTGCGCGAGGTGGCCAGCAGCCGCACGCCCGTCACTCCCGAGGCGAGCTGTCCCAGCAGCTCCGCCATGAGCGCGGCCTCCGTGGGCTCGCTCAGGGTGACGAGCTCCTCCAACTGGTCCACGTGCAGCACCACGCCGCGGCGGACGCCCTCGCCCAGGGCGGAACGCAGGGCGCGCACGAGGGTGGTGGGCTCGGCGCGGGCGAGCTGCTCGAGGCGGGCCTCCTCCTGCCCCACATGGGGCGCGAGCGCGGCGGCGAGGGTGGCCACGGGCCGGCGGCCGGGCACCATGCGCGCCACGCCCCAGGACAGGCCGTCCTCCAGCGCGCCCTCGCGCACGTGGGGCAGCACGCCCGCCAGACACAGCGAGGACTTGCCCACGCCCGAGTCGCCGGTGACGAGCACGAAAGCATTGGCGCGCAGCCGCTCCAGCACGGCGCGTACCTCCTGCCGGCGGCCGAAGAAGAGGGCGCGGTGCTCCTCCTGGAAGGCATTCAGGCCGCGGTAGGGATTGCCCTCGGGGATGGGCGGAGTGGTGTCGCTGGCGCGCAGCTCCTCCAGGGCTTCCAGCAGCGCATCGGCGGAGGCGAAGCGCTCGGTGGGCTCGCGGCGCAGGCAGCGGTCCACCGCCGCGGCGAAGCGCGGGTCCACCCCCGGAGCGGCCGAGAGCAGCGGACGCGCCTCCTGCTCCTGGAGCGCGTGGGGCAGCTCCTTGAGGGGGACATGGCGGAAGGGGCCCTGGCCGGCGGCGAGCTCGTGGAGCAGGGCCCCCAGCGAGAAGAGATCCGAGCGGACCGAGGCCGGCTCTCCCCGCCAGGACTCGGGGGACATGAAGTAGGGCGTCCCCACCACGGTGCCGTGGGAAAGGGTGGGCAGCTCGAGATTGTGGGAGGACTCCGGCACCTCGGGCGCGGACCCGGACGCGGAATCCGGGGCGTCGCTCGGGGCCTCGGGAGGCGCGTCGAGCAGCTTGGCCAGGCCGAAGTCGAGCAGCTTCACCTCGCCGGACTCATCGAGGATGGCGTTGGCGGGCTTGATGTCGCGGTGGAGGACGTTGCGGCGGTGGGCGGCGGCGAGCCCGCGCGCCAGGCCGATGCCGATGTCCAGCACGCGCTGCCAGGGCTGGGGCCTGGGGAGCCGGTCCAGGCTGGTGCCGCGGATGTACTCGGAGACGAGGTAGGGCAGGTCCTCGAACTGGCCGGCGCGGTAGAGGGTGGCGACGTTGGGGTGCTGGAGGCGGGCGGCGGCGCGGGCCTCGACGAGGAAGCGCGAGAGCGTTTCGTCATCGAGCGCGGGGATGAACTTCACCGCCACGGTGCGCTCGAGCAACGTGTCATGGGCGAGGTAGACGTGACCGGTGCGGCCCCGCCCGAGGGGACGCAGCAGGCGGTACTCGTCGAACTCGCGTGGCGGCTGCCAGCCGGCGCCGGGAGCCGGGTTCTGGGGCGACGGGGGCGGAGGGCTCACCGCGAGCGGGGCTTGCTGCCCGTCTTCTGCAGGAGGGCGCGAATCTTGTCGGCCACCGTGTCGGGGAGGGCGGGCTTGGAGACGAACTCGTCACAGCCCACCTCCTTCGCCTTCTCCGAGTGCATGGCGAGGACATGGCCGGTGAGCGCCATCACGGGGATGTGGCGGGTGCGCGCGTCCTGCTTGAGCTGGCGGGTGGCTTCCCAGCCGCTGACCACGGGCAGCGACAAATCCATCAGGATGACGTCCGGATGGTTCTGCTGGGCGAGCTG
CP043495.1_gap13	604173	608705	4532	ACCTCGACCTTGAGGAGCCAGTCATCCCGGAAGTCGGTGGCGGCGTTGGAGATCTGCTCCAGGCGCGAGAGGTTGATGCTCTTCGACTCGCGCATGGTGCGCACCTCGCGGTAGAGCGCCGCGAGCGATGGGTGCAGTGCCGTGGCCTTCTTCTCGCGGGCTTTGGCCTCGCCCTCGCCCTCGGCGAAGGCGTTGAGCTCGCCGAACCAGCGGTCCCACGTGCCCGGGTCCGCCGGCCCACCGGCCACCGAGGGCAACCCCGTGCTCAGGAACAGCATCGCCACGCTGGGCAGCTCCACCGGGCGGCCATCCAGCTCGCCGCGCAGGCTGAGCACCTCGCCTCCGCCCACCGCGAAGCCTTGCAGCTTCAGGCCGCTGGCCAGCTCCAGCTTGAAGGGCCCCTTGTCCGGCAGCGTCCCCTCGCCGAATGCCACCAGCGCCAGGCCCGGCCACGGCTTGCTCCCGTTCTTCCCCTCGCGCGACACCATCACCGGGCCCTCCAGCCGCACCAGCGCGCTGTTCAGGCCCTCGGTCACCGGACGCACCCCGGGCAGCGCCTCCACCACGCGCGCCGTGATTTCCCGTCCATCGGCCAGCACCAGGTGGTTCACCGTGCGTGCCTGGATGGCCTCGTTCAGCCCGTAGTCCCCGCCGCGCTTCCAGGCGAGCGTCGCCTCGAACTCGTTCAGCACCTCGAACAGGTGCTCGAAGTCCCTCGCCACGAAGAGCTGCGGCTGCATGCGGGTGATGTCGTACTCGGTGTCCGCGCACGCCACGCTCAGCGGCACCTTCTTCACCGCGTCCGTGAGGCAGTGCTTCGCCTCGCCGATGCTCGACAGCAGGCCGGCGCCGTAGATGCGCGGACGCTCCATGTTGCCGATCATCCCGTACTCGGCCGTCCACCAGTAGAGCCGCGAGGCGCGGGTGCTCTCGCTCACGTAGCGCCGGCTCTGGTTGGCGGCCTCCAGGCGGTCCTGGGCGTGCTGGATCTCCTCCTGTGTCGCGCTGGGGTCCTCCTTCACCACGCTCAGGTTGCGGATGGCCTGGAAGACGGCCTCGTCCTCCACCGTGGCGATGGCCTTGAAGCCCACCAGCCCGCAGCGCTTGAGGTACTCGGAATAGCGCGCGCTGGCGATGATGGGCGCGTGGCCCGCGCTCTCGTGGACGATGTCCGGCGCCGGCGTGTACTGGATGTGCTCGTGGGTGCGGATGTCCGCCGCGATGGCCAGCACGCCCAGGGCCTGCAACTCGGTGAACACCGCGGGCGGGATGAAGCCGCGCACGCTCACCGCCGCCCAGCCCAGCTTGGACAGCTTCTCGTTCATCTCATCCAGGCTGGGGATGCGCTCCAGGCCGATGCCGGTGGCCTCCAGGCCCTCCAGGTAGACGGAGTGGGCCTTGTCGGACAGGTGGCTGCGCAGCTGGCCGAGGATGTGACGCCACACCGCCTGGTCTCTCGGCGTATAGGCGTCGTAGTCCTGACTCACCACGTAGCGCCGCAGATGCGCGGGCAACCGGGCAATGGTCCGTTCAGTGGGCGTCATGGGGGCTCCTCCGTGGTGAAAATCTACGCACGGAAGGCCTCGACGGAAATCCGATAAAAACCGACGTCTTATTCGATTTTCCGCCGTTTTGACGCGAGGCGCTGACGCAGCCCGCCAAGGACGAGCTGCGCCGCCTCGGAGCCAGGGCCGCCCGAGGGACGGAGTGTCACCACCTCGACGAATTGGGGCTGCTCCTCGCGCAGGGGCCAGACGGAGAGGTCCTCCGGGAAGGAGCGCAGCAGCCGCAGGTCGGGGGCGATGGCGCAGGCGTGGTAGGCGCGCAGCAGATCGAAGAGGTGCAGGAAGCTCTGCACGCGTGACACCTCGCGCACGGTGACCTCATGGGCGGCGAAGCGCGCGCTGTTGGCGCTGCCGTAGGGGTCCTCGCGCTGCCAGTCCACGAAGGGCTGGCCCTCCAGGTCTCGCACGTGGAGGGTGCGGCGTGCGCTGTGGCGTGCGGACAGCTCGCTGCCGGGGCCGGCGAGCACGACGAAGGGCAGGTTCAGCAGGGGCTCGGCCTCGACGCCGCGGTGCGGGGGCAGCGGGGTGAAGTCCACGGCGAGGTCCAACTGGCGCGTCTGCACCTGGCGCACGAGCTCGAAGGTACCGCCGAAGCTGACCTCCAGCTTGATGCCGGCCCGGGCCACGTCTCCGGCGATGCCGGCGAGCAGGAAGTTGGAGAGCGTGGGGTTGAGGCCCAGGCGCAGGCTGGCCTCGGCGCTGGCCAGGTCCCTCAGGCGCTTGAGGTCCAACTGGTGGAGGGGCGTCTGGGTGCCCTCGTAGAGCTTCTCGCCACGGGCGGTGAGGTGGAGGCGGCGGCCGGGGCCGCGCTCCAGCAGGGGCTGCCCATCGGAGAGCGTCTCCTCGAGGGCGCGGATGTGCTCGCTGACGACGGAGCGGGCCACGCCCAGGTGCTCGGCGGCGCCTTCGATGCTGCCGGACTCGACGGCGGCCGCGAAGGACTCGAGCCAGACGAGGTGCCGGGGGAGCTTGCGGGGCGGCATCTCACCTGCCCCAGAGAATGCCCAGCCTGAACTCCAGGGCATCGAAGGGCTCGGCACGAATCAAGGCATCCTCCGCGTATGAGGTGAGCAGTGTGTAGTTCGTGTCCACGAGGCGGAAGACCTCCAGGGTGCGCACGTCCGGATCCACGAGCCACACGTGCCGGATGCCCTCGCGTGCATAGAGGGGGAGCTTGACCACGCGGTCACGCGCCTCGGTGGAAGGAGAGAGGATCTCACAGGCCCAGTCGGGAGCGAGCGTCAGGGCCGCGGTGCGGGGCGCCTCGGGGAGCCGCTCACGGCGCCAGCCGGCGAGGTCCGGGACGAGCACGTCCTCTCCCAGGTGCAGCTCGGGTTCATCGAAGATGAGCCATCCGCCAGGGCCGTTCCACCCCAGGTCGAACGGCCCCATCAGCACGCCACCGAGCCGGGAATAGGCCCGGCTGTGCGGGACCGCGGGCCGGGGGCTCGCGTACAGCTCGCCAGCGATGATTTCCCCCACCATGTTGGGTGGGAGCTCTTCCAGGTCCGTGTAGGTCGCGGGTCGCTTTCCCATCCCCAGGCCATCCACATCCATCCGAGCGACAGTGTCCATGTCTGGAACCTGTCGCCCGGGTCCGACACTTCTTCCCATGCACCGCGCCGGACGTCGAGTGTCGGGCAGCCTCATCGTTCACTCGTCACCCGGGGAGGACGCCTGGGGGGCCTGCCACCGTGCCCGGGTGTCCCTATATTGGACGCCACCGTGGCCACCCATCCGGACAACCTGAGAGCGCGGCTGGAGGAGCGCGCGGATCTGCTCGAAGGCACCCGCCTGCGCTACCGCGCATTGCACAAGCTGCTGCGGGCCTTCTTCTGGAAGGACCGGGTGCGGACGAACCTGGAGCTGCTGCGCGAGGTGGCGCTGGCCCAGCCCCAGGTGGACGCCACGCTGGAATCGGTGGCCCGGCGCGCGGAAGCGGAGGGCTGGCCGGCGGGCTCGGCGCCGATGAAGCTGCTGGCCGAGGTGAGCCGGTTGCGCGAGGCCATCGCGTGGACGGTGGAGCGGCGGCTCATCGCGAAGAAGAAGCCGGAGCTGCTCGGCGAGGCGCTGCTGAAGCTGGAGGAAGAGGTGTTGGACGCGGGGCCGCTGCTGGGGCGGCGGCTGTGGGCCCAGGCGGTGGAGATATTGCCGCGCAACCTCACGGAGCTGCGGGCCGCCTGCGCGGCGGCGGAGGTTCTCGAGCGCGTCTTCAAACGTCCGGCCCCCGAGGGGGCACTGCCCTTCGACGCGGCGGAGGTGGACGAGCTCCGGCGGGCGCTGCCCCTGGCGGACGAGGCGCTGGCGGCGCTGTGGGCGCGGTTGGACCGCTTCGACGGCACGGGCCGGGTGAGGGCCTTCCTGGAGAAGGGGATGAAGCGGGCGCCGGTACACCCTCCGCGCAGCGGACCGGAGCTGCTGCAGCACGCGGCCTTCTGGCAGGACCTGGCGCGAGCGAGGCTGAAGGCGCTGCTGGAGTCGCGGCTGTCGCCCGTGGTGCCGCGGGAGGAGGAGTGGCCGGAGCTGCTCGGCTGGCTGGTGGAGCGGGAGGGCCCGGCGCAGGCGCGGCTGGCGGCCTCGGAGGTGCTGAGCGAGGGACGGGCGGGGCTGCTGGAGGTGGCGGCGGAGCTGGCGGCGTTGTCCCGGGCGCGTCCGGTGGGGCCGTGGAACGAGGAGGCCGCGTGGGTGCGGCTGTGGACGGCGGCGCAGCGGGCGAGGTCCGAGACGGGCCCGGACGCGGAGCGGCTGCGCGAGTCGCTGCGCCTCTTCATCCGGCTGCGAGGGCAGGGGCAGATGCCGGCGCGGCTCTTCTCCCCGGAGCGCAATGTCCTCGTCCGGCCGGGGGGCGGGCAGACGGGGAGCGAACCGGAGGATCTGCCGGGGCTGGTGCAGCGGGCGAGGGAAGCAGCCGGGCGGCCTCGGGAGGGGCGGGTTTAACCTGGACGCACACGTGTACGGATGGGAGAA
CP043495.1_gap14	640795	645568	4773	GCAGCGCCCTCAACCAGCGCTTCCGCAGCCGTGGGGAGGGGGATTTCGCCGACAAGCTGTTGTCCGCCATGCGCTTCGCGTTCGGCGGGCACCTGGAGAAGAAGGGAGGAAGGTGAGCCATGGCCTTCGCACCCGCCTCGGACGCACTCGTGTTCTTCGGGGCCACGGGGGACCTCGCGTACAAGCAGATATTCCCCGCGCTGCAATCCCTGGTACTCCGCGAGCAACTGACGTTCCCCATCATCGGCGTGGCCAAGGCGGGCTGGGGGCTGGAGCAGTTGCGCGAGCGGGCGCGTGCCAGCCTTCGCGAGCACGGCATGTACGACGAGGGGAACTTCCAACGCCTGTGTCAGTTGCTGCGCTACGTGGACGGGGACTATCGCGACCCGAAGACATTCTCCCGGGTTCGTGAGTTCCTCGGGGGCGCATCGCGTCCACTGCACTACCTGGCCATTCCGCCGAGCCTCTTCGCCACGGTGGTGGAGGGGCTGGCCCAGGCGAGTTGCCTGAATCAGGCGCGGGTGGTGGTGGAGAAGCCCTTCGGGAGGGACCTGGCCTCCGCGCGCTCCCTCAACGAGACGCTGCACCGCTTCCTGCCCGAGTCCGCCGTCTTCCGCATCGACCATTTCCTGGGGAAGGAGCCGGTGCAGAACCTGCTCTTCTTCCGCTTCGCCAATGTCTTTCTCGAGCCCATCTGGAACCGGCAGCATGTGCGCAGCGTGCAGGTGACGCTGGCCGAGCGCTTCGGTGTGCAGGGGCGGGGCGCCTTCTATGAGGAGGTGGGCGCCATCCGCGACGTGTTGCAGAACCACCTGTTGCAGGTGGTCGGGCTGCTGACCATGGAGGCGCCCTTCTGCTCGGACCCCGAGAACCTGCGCGACGAGAAGGCCCGTGTCTTCAAGGCCATGCGCTCGTTGGATGCGTCCAGCGTGGTGCGGGGCCAGTTCCGCGGCTACCGGAGCGAGCGGGGTGTGTCTCCCTCCTCGCGGGTGGAGACGTTCGCCGCGGTGCGGCTGTTCATCGACTCCTGGCGGTGGGCGGATGTGCCCTTCTACATCCGCTCGGGCAAGTGTCTGCCCGCCACCGCCACCGAGGTCTTCGTGGAGCTCAACTACCCGCCGCGCCCCATCTTCGAGGGGCCCACCCTGTCCTCCCCCAACTCGGTGCGCTTCCGGCTCGGTCCCGACGTGCTCATCTCCCTCGGTGCTCGCGCCAAGCGGCCTGGAGGGGCCATGCGCGGCGAGGACGTGGACCTGGTGGCCATCCAGCACCGGGGCGGGACGATGACGCCCTACGAGCGGTTGCTCGGCGATGCCATGCGCGGAGACGTCTCGCTCTTCGCGCGCCAGGAGGCGGTGGAGGAGGCCTGGCGGGTGGTGGACCCCATCGTGGGAGGTGCCACTCCGCTCCACGAGTACGAGCCCGGTACCTGGGGCCCGCGCGAGGCCGACGCGCTCATCGCTTCCCATGGCCGCTGGCGCCCCGTGTCGGACGCGGCGGAGCGCTCCGAGGAGGCCCACCTGGAGGAACCAGCCCCGGCGGCCATTCATTAGCACCGGCGCCAGGAGGGGAGGGGAGCACGAGAGGCTTGCCGGTACCGCGGAGCACTCCCAGGTTCGTGATGATGCAACCCGGTTTCCCGAGAGGCTCGTCATGCCCATCACCGACTCCAACCTCACCCCCACCCGGAATCCCCGCAGCACGGCGGGCCTGTGGGGCGGTCCCTTCGTGGTGGGGCTGCTCCTGACACTGCTCGGCGTCGTGGCGTTGGGCGCGGTCGTGCTCACCAGCGTCTTCTCGGTCATCTTCTACGGCGCCATGCTGGCGGTGGCGGGTGCCTTCGAGATCGGCCACGCCTTCCGCATCCGCAAGAGGGGGCCCTTCTGGATGTTCCTGCTGGGAGGTGTCCTGTCGCTCGTGGTGGGTGCCATGTTGATGGCCCGGCCGGGCATCGGGCTGGTGGCGCTGACGCTGTTGATGGCCGGGTACTTCTTCGCCAGCGGCCTCTTCCGGGGCATCACCTCCCTCTCGGACCGTTACGAGGGGTGGGGATGGGACCTGGCCTATGGCCTGGTGTCCGTGGCGCTGGGCGTCATCATCTTCTCCCAGCTGCCCACCTCCTCGTTGTGGGCGTTGGGCGTCGTGGTGGGCGTGGAGATCCTCTCCCGGGGCATCGCCCTCATGGCGGGCGCGCTCGCGGTGCGTGGGGTGTTGCACCGGCGCCTCCCCGCGTGAGCGGAGGGGCCCACGAGCGGGCGCCCTTCCGGGCGTCTGTCCATGAGCGGCACCCCAGGCTACTTCGACGAAGACGCGGGGCACGCCCGACATTACGCTCTCCTCATGCTCGGTGACGCCTTCCTGCTGCTGCATACGGATCTGCCTCGTGAGGGACCTGGGAGCGATGAGTGCACCCGCGAGGCGCTCCGCCGCTTGCGACCGCTTCTTCCTCCCTCTCCCCGGGTGCTCGACCTGGGGTGTGGCCCCGGCCGGCAGACGCTCGTGCTGGCGAAGGAACTCGGCACGTCCATTACCGCCGTGGACTCGCACGAGCCCTTCCTGAAGCGGTTGGAGACCGAGGCGGCGGCCCAGGGACTCGGCCACCTGGTGCGCACGCGCCGCGCGGACTTCGCGGCGCTCGAGGACGCCCCGGGCAGCGTGGAGCTCATCTGGTCCGAGGGCGCCATCTACATCCTGGGTTGGGGCGCGGGGTTGCGGCGGTGGCGCCCGGTGCTTCGCGAAGGAGGCCTGCTGGCCGCCAGCGAGGCGACGTGGCTCACCGACTCGCCTCCCTCCGAGGCCGCCGACTTCTGGCGCGAGGCCTACCCGCGCATGGGCACCATCGCCTCCAACAGCGCCACGGCGCGCGAGGCCGGCTTCGAGGTGCTGGACACCTTCGTGCTGCCGGCTCCGGCGTGGTGGGACGAGTACTACCATCCGCTGGAGGCGCGCATGGCCGCCCTGCGCGAACGCGCCCGCGGCGACGCGGACCTCTCCACCGCCATCGCCGAGACGGAGCGGGAGATAGAGCTCTACACCCGCTACGGCGCCTCCTACGGCTACGTCTTCTACCTGCTCCGCGCCCAGGGCGGGCGTTGAGGCGCGCCGGGCCCCGGGCCGTGGAAGCCCACGTGCTTCAGCGGCAGGGGCCGCAGTCCAGCGCGCAGTCGTCGTAGCGGTTGCTGCTGCCACAGGACTCGGTGAACTGGCAGATGCCGTCACCGCACACGACGACGTCCTGGGTGCGCAGCCGGGTGGTGATGGGGCGGTAGCTCCTGCCGTTGCGGGTGCAGCGCGTGTAGTACGTCCCGGTGGGGTCCAGTGTGCAGCTCGCCTGACAACTGCCGATGTGGACGAGGGGCGGGCATTCGTTGCTCCCCTCGAGCGCGCACGCCCTCAGGCTGCTCTGCCACGGGGCCAGCGGATCCTGGTCATTGCCGACGAAGAAGCCCTCGCTGGTGAACATGTTGCCGAAGAAGCACGCCTCGCGCACCGGGTAGTCCGAGAGCTCCATGTCCGTGTAGGGAATGAGTTGTCCCTGCGCGTTGGCGCCCAGCACGGAGACGCCCACCGAGCGCCCGAACTTGTTGACGAGCGCCGCGACGCACGCGGTGACGATCTGCTGCTCCTCCACGGTGGCCGGCGCGCCACCCGACCAGCCCGGCGCCAGTCCCAGGCTCCCGGGCCACGTATAGGTGAACCCCCCGTCCGAGAAGGTGCGGGACTGCCCGGCCGGTACGGTGCAGCGGACCAGGTACTTCATGAAGAGGCTCGTCGTCAGCGGGCCCTGCTGGAACCACGAGGTGAAGGCGCTGTTGGCCAGTCCGTTGAACGCCAGTCCATTGAAGGCCAGTCCGTTGAAGGCCAGGCCATTCATGGTGAGCCCATTCATGGTCAGCCCGTTGTCGTCCTCGAGTCCCTGGATGGAGGTGCCCACGTCCAGAGGAGGCGCGGGGGCTTCCTCTTCCACGGGACCGCAGCCCACGGCGAGTGTCAGCAGCAGTGCTCCGCAAGTGCTCTTCATGTCCTTCCCCCCGGAGCCCGAGCGTAAAGTCTCCGCCCCGGATGGCGTGGTGCGAAGCGGGCTCCACGGAAGAAAGTGACGTTGTTTCTGTAATTTCGATACAGCCTCCGGCGCGGGCCGCACGGGAGCGTTACTGGCAAACGTTCACCGCGTGGAATGGAAGACACCCCGGGGTGGAGCCGTCGGGCATTGGACGATGGTGGTGGTTCGCGTGCTCCGTGTGGTGGTGCACGAATGGAGGGTGGGGGGGGCGCGAAATTCCGGCCTCACGGTCATCATGATTCGCAGGCGAGGGAGTGCGTGTGATGGGGAGCCTCCTGCACATGTTTCCAACACTCAGCACCACGGACGGCCCGGGAGTCGGGGGGGCTTCGCGGCGGCGCTCTCCGTCCGTCGAGGCTCCCACCGGCACGGTGGCACTCGTCTTCACGGACGTGCAGGGCTCCACGCAGCTGTGGGAGCGGTGCAGCGCTGGTATGCGGACGGCGCTGGAGGTACACGACCGGGTGCTGCGCACGCTGCTGGCCGAGCACGGCGGTTATGAGGTGAAGACGCAGGGGGACTCCTTCCTGGTGGCCTTCACCTCGGCGGTGGAGGCGGTGCGCTGGTGCCTCGAGGCGCAGCAGGCGTTGTTGCGCGCGCCCTGGCCGGAGGAGTTGCTCGCCGAGCCGGACGCGGCGGAGGAGAAGGGGCCGGGCGGCTGGGTGCACCGGGGCCCGCGGGTGCGCATGGGGGTGCACCTGGGGGAGCCG
CP043495.1_gap15	676344	679052	2708	CGATCCCATCTCGCCCGCGATGCGGGCGTTGCTCGAGGTGTTCTCCGCGGAGCTGTCCGAGGTGAAGTTCCCGGACGTGGACGCGGAGGTGTTGGAGGAGGCGGCGAGCCGGGTGAGGGCGCAGGCCGAGGCGGTGGCGAAGGCGCAGGCTGCGCTGGAGGCGGCGCGCCAGGTGCTGGCCGAGGGGCAGGATGCGCTGGTGCAGAAGGGCCAGCGGGCGCTGGCGTACGCGCGGGTGTTCGCCGAGGAGGACGCGGAGCTGAGCACGAAGCTGGAGGCCATCAGCCTGCCGAGGGCGGGGCGCAAGGTGGCGCGCGCGGACGGTGGTGTGGTGGCCGAGGCTCCGGCGCAGAACGACGAGTCGGCGCCGAAGCGCCGGGGCCGTCCGCCGAAGTCCCGCCCGAGTGCCCCGCTGTTCGCCGAGGGGAACGCGCCCGAGGCCGTCGCCGCGGCCCTCGAGTCGGCCGAGACGGCGCCCGTGGCCGCCCGTTCCGCGGCGGCGTGATTCACGGCGGCTGGACGTGTCAGGCCGCGGCCGGGCCCGCCGCGCCTTGCAGGGAGCGGCGCTCGGCGTAGAGCTTGTCCCGCCACGCCAGCAGGTCTCCGAACTCCTCCGCGAGCCCCGGCTCCGTGAAGGCGGCGCGCATCCCGGGGCCGAGGGGAAGGACGGGGTGCTCCACTGGCCGCAGCATGGTCAGCGACACGGCGACGGCGATGTCCGCGAAGGTGAAGTCGGAGAGCAGCGTGTCGCGCCCACGCAGCTCCGTCCGCAGCTGTTCGAGTCCCCGCCGGATCGTCGCCCGGTCCTGTTCCAGGTCCCGCACGTCCAGGCGGTACTTCCGCGTCATGAACCTCGTTCCCATCCGGGCGAACACCGGACGCAGCGGGGCGGGCACGGACGGGGGCAGGTTCTCGAACTGCAGGCGCTCGTCCCGGGCCATCCGGGAGACGCTCAGCGCGCGCGACGCTTCCATGATGCCGGTGGCGAGCTCCACGGAGCGGGTGACTTCCGCCTCGGCGCTCGCGGGGAACAACGGCGTGCCCTTGCCCAGGCGGTCCGTGTACCGGGCGATCTCCACCGAGTCGCGGAAGACGCGCCCGTCATGGAGGAGCACGGGCACCGTGACGGGGCCTCGGAACACCCGGGTGCGCAGCCTCAGCAGCGGCTCCCCCAGCATCGGGACGTACGCTTCTTCCCGGTAGTCGATGCGGTGGTGGTCCAGCGCGAAGCGGGCCCGCTCCGACCACGGGGAGAACCAGGCGGCGACGAAGAGGGGTCGGCTCATGCTTCGAGCATAGCCGCTTCCCCTGCGAGCCAGAGGAGGTGGCCTCGTGTCCGGCGGACGAAGCGCCCGTGAGGGCATTCGGGCCGGGCGGGTGGCTGTTACCGGCAGGGGGGCTGTGGACTCTGGGGGTGTTGGATGGACGGAGGAAGACGCGAATGAATGGGGCCCTGGAGGGCCCGGCCTCGCGGCTCGATGTGGAGGCGGTCCAGTTGGAGGTGCTGTGGAACGCCCCCATCGGCATCGCCCTCGTGGACCGGCGGCTCCAGGTCGTCCGCTTCAACCGGGCCCTGGCCGGGCTGCACGGCCTGCACGCCCGGAGCTGGCCGGGCATGCCTCTGGCCGACGTGTTTCCTCCGGGTGGGGAAACGCAGGAGCTTCTCTGGCGCCTCCAGCAGGTGCTCTCGACGGGGCAGCCCTTTCCCTGGCTGGAGCTGGAGTGGGGCCGGGTGAGCTGCCATCCCCTTCATGAGGGCATGGAGGTGGTGGGGCTCTGCCTGTACGTCGAGGAATTGCCCGAGCCGATGCTCGCACGCGAGGCCGTCCGTGAGAGCGAGACGCGCCTGCGCTGCATCGTGGCCGCCCTGAGCGAGGGCATCATCGTCCAGGATGTCACGGGGGCCATCACCTTCTCCAACGAGGCGGCCTCCCGGCTGCTCGGCCTCACGCAGGACCAGTTGCTGGGACGCACGTCCATGGATCCCCGCTGGCGCGCCGTGAGGGAGGATGGCGGCCCCTATCCCGGAGACGAGCACCCGGCCATGCTCGCCCTGCGCATGGGGACGCCCCAGCTCGACAAGGTGATGGGCGTGGAGCGCCCGGATGGCACCCGCGTCTGGTTGTCCATCAACTCGCTTCCGCTCCCCTGCTCCGACGGACAATCCCCCCAGGGCATGGTGACCTCCTTCTTCGACATCACCCAGCGCAAGGAGACCGAGGCGGCGCTCCGGGTCAGCGAGGAGCGGCTGCGGATGTCCCTCGCCTCGGCCACCATCGGTACCTGGGACTACAATCCCGCCACCGGCGAGTTCCTGTGTGACCCCCATACCCTGGTGCTCTTCGGCGCTCCGCCAGGCTACCAGATGGACTGCGAGCAGCTCATCTCCATCATCCACCCCGAGGATCGCGAGCGTACGCAGCAGGTCATCCAGCGGACCCTGCGCCCGGAGAGTGGTGGGGGTTACGAGATCGAGTACCGCGTCATCGGCATCCAGGATGGAGTCGAGCGGTGGATCTCCGCCCAGGGGCGCGCCTGGTTCGATGAGCAGGGCCAGCTCCTGCGCTTCAGCGGCACGGTGGTGGACATCACCCAGCGCAAGCGGGCCGAGGCCAGCGCCCGCTTCCTCTCGGAGGCCAGCCGCCTGCTCGCGGAGCGTCTGGATCGGGCGGAGGAGATCCTCGAGCGGGTGGCCCTGCTCGCCGCCT
CP043495.1_gap16	680448	684853	4405	CGGCTTGAAGTTGGGCGTCTTGGCGTTCACCGCGCCGCTCAGCAGCGGGTCCACCACGCGGTTGTTGTGGACCACGTCGAGGATCTGCTCGTTCTCCTTGTAGATGGAGTCGTTGCTCAGCCGGGTGGCGTCCGGGTTGGTGGTGGCGCCGGAGGCGTCCTTCACCGGGTTGGCCTCGTAGTTGATGGACGTGGTGTTGCCCTTGTTCTGCCAGAAGATGGTGTTCTTGATGGTGAGGTTGCCGGACTCGGACAGCTGCGCCGAGGCCGCGCCGTCCACGTCCACCGCCTTGTCCGCGAAGTGGGCGACGATGGAGTTGTTCAGCTTGATGCCGGCGCCGGTGTTGAACACCAGGCCCTCCTGCTTGGTGCCCGTGCTGGCCGCGGGACGGCCCGAGCCGATGAAGGAGGCGTTCCAGATCTCCGGCACCGAGCGCGGGGTGGCCGTGTTGGTGGTCTTGTTGCCGCTGGCCTCGATGGCGCGGTTGCCCACCCGGTCGTTCTGCTGCACCACCAGGAACTGCACCTTGCCGGTGTAGCCCAGGTCATAGTCCAGGCCGTCGTCGTCCGGCTGGCTGATGACGATGTGCTTGAGGTTGGCGGTACCGCCGAACATCTCCACGCCGTCGTCGGCGCCCTTGTGCACCTGGATGTAGTCGAGCTCCGTGGCCGTGCCGCACGCGCCCGTGGTCAGGCCGTTGAGCTCGTTGTCCTCGGCCAGCTCGAACCCGGCGAACTCGATGCGGGCGTACTTCAGCTTGCCGCAGTCGTGGGCGTCGTCGTCGCCGCCGTACTTCGTGCGGTCGTCACCGCTGGTGGCGAAGAAGCCCTCGACGGTGTTGGTGCCACCGGCGACGTTGATCTTCGCCTTGCCCAGCAGCACCACGCCGCCCCAGTCACCGGCGGTGCGCTCGCCCTCGGGCTTCGCGCTGGTGAAGACGATGGGCCTGGCGGCCGTGCCCACCGCGTTCAGCTTCGCGTTGCGGGTGATGATGAGCGCGCTGCCCTCTTCACCGACAACCTTGGTGCCCGGCTCGATGGTGAGCGTGCCGCTCTCCACGAAGATGTAGCCCTTGAGGGTGTAGACCTTGTCGGCCGTCCAGGTGGTGTTCTGGGTGATGTTGGAGCTGACGTCGTCAGCAATGTCCGGGTCCACGGGACCGGGGCAGCCGGCGAGCAGGGACGTACCAAGGGTGAGGCCGAGAGCGAGCCGCTTCATGGTGAGCTTCCTTTTGACGGGGGTTACAGGGTCCAGCCGAGCGCCGCGGAGAAGGCGATGCCCGGGCGGTACTTCAGGATGGTGATTCCGCCCTGATCCAAGACAACGGCGGAGTCGAGGAGGTTGGAGCCGGTGAGCTTGAGCTGCAGGCCGTTGCCGAGCTTCTGGCTGACGGACAGGTCCACGCGGTGGAAGGGCTGCTCGTAGACGTCCGGGAGCGGGTTGAGGCCGACCTCGCTGATGCGCGGGCCGTAGACGTTGTAGAGGAGGGCCACCTCGGTGCCGCTCTCGGGGCGGTCGTAGCCGAGGTTGAGGTTGATGACGTAGGGCGACTGGCCCTGCATGGGCCGCCGGCTGTTGGTCTGCGCGCCCAGCTTCTCCGGGTCCGTGAGGACGATGTTGGACTGGATGAGCGTGAGGTTGGCCGCGGCGCGGAAGTGGGAGAGCACGGGGGAGATGCGGCCGAGCGATGCGCGGGCTTCCAGCTCGGCGCCGAAGCTGTTGGCGCCGTCGGCGTTCTCGAAGCCCATGTCGCCGGAGTAGCGGAGGATGCGCTCGATGGGGCTCTGGAAGTTCTTGTAGAAGACGCTGGCGGCGAGCACCTCGTTCTCCCCGACGAACCACTCCAGACGGGTGTCGAGGTTGTGGATGCGCGTCTCGAGCAGGTTCGGGTTGCCGGACACGTTCCGGCGGCGGACGAAGTCGAAGAAGATGAACGGGGCCAGCTCGCGGAAGGTGGGCCGCGCGAGGGTGTAGCTGTAGCCGGCGCGCAGGTTCATGTCGGGGCGGAGCGCGTAGACGGCGTTGAAGGCCGGCAGCACGTCCAGGTAGCTCGCGTTGGTGCTCGCGGTGGGCGAGGTGTCGAACGGGCTGTGGGCGGTGAGCTGCTGGAGGGACTGCTCCACGCGCACGCCACCCACCAGGCGCAGGGGCTCCACGGGCTTGTAGTCCGCCGTCACGAAGCCGGCGAAGACGCCGAGGTACGCGTCGTAGGCATCATCCCCGCGCGTGGTCTCGCGCATGCGGATGCCGGTGCCCAGGTTGGACGAGGCGAAGAGCTCCTCGGGGGGCAGGGAGGTGTCCACCGGGGCGTCGGTGAGCTGGTAGCGGAAGCGGCGGGCCTCGAAGTCGCGGAAGGACACCTGGGCCAGACCGCCCGCCTTCAGGCGCAGGTCGGACAAGGGCACGGTGAGGCTGGCGCTGCCACCGGTGGAGGTCTCGCCGAGCGTGCCGAAGAAGCGCTCGCCGCTGTTGGGCTGGTTGGGGAAGGCGAACTTGCCGGTGGGGCTGCCCAGGTCGTCGCTGTAGAGGGTGTCGCGGGTGTCCGGCTCGTCGCGGTCCACGCGGCTGAAGTTGCCCTGCCAGTCCAGCTCGGCGTCGGCCAGGGTGTTGAGGCGGTGGAAGCCGCGCACCTGGTTGAAGGAGAGGGCGCGGGAGACGAACTGGAGGCGCGTGCTCTCGAAGGTCTCCGAGCGGCCGTTGTTCACGCCGCGGGAGGTGAAGGTGTTGCTGTCCGTGCCGCGGGTGTAGAGGCTGAAGAAGGTGAGCTCGTTGTCGCGGTCGAACTGGTAGCCCACACTGGCGAGCGCGCTGAGGGTGGCGCCCTCGGTTCCCTGGACGGCGCGAGTGGCGTCCTGGGCCTGGAGCTGGCCCACCGGCATGTCGGCGCGGGCGAACTCGGAGACGCGGACGCTCTCCTTGTGGCCGTAGTTGACGGTGGCGAGGTAGCCGAGGCGGCTGTTGCCGAAGCGCAGCGTGTCACCCATGGACGCGCCCAGGCCCAGGTTGGGCAGCGCGGTGGACTGGCGCGAGGACCAGATGTTGGGGAAGGACTGCCAGGTGCCCGCCGAGCTGCCCATCCGCTCGTTCTGGGGCAGGCCCGCGGGGAGATGGCGGTCGGGGCCCGCGAAGCTCAGCGCCTCCAGGAAGCTGCCCGGGTGCGTGTTGCGCTGCTGGAAGGTGGAGACGCTGTCGCCCGAGAAGGTGATGCGCGGCTTGAACTCGAACTTGCTCGGGTAGGTGTTGGTCTCGATGAGGAGCGTGCCGCCGCCGAAGGTGCCGGGCAGGTCGCTGGTGTAGCTCTTCACCACGTTGAGGTTGGCGAGCAGGCTGGTGGGGAACAGATCCAACGGGACCGAGGGCTCATCCGGCTCGGGGCTGGGCAGCAGGGCGCCGTTGAGCAGCGTCACCGAGTAGCGGCCACCCAGGCCGCGCAGCAGCATGAAGCGGCCATCCACCACCGTGACACTCACCACGCGCTTCACCGCGTCCGAGGCGCTCGAGTCCGGCGTGCGGGCAATCTCCTGGGAGCTGATGGAGTCGGAGACGGCGGCGGCCTTCTTGCGCTCCTGGAGCAGGGCGCCCTCGGCGCGGCGATCGGCGCGGGCCTCGACGACGACCTCCTGCACGGCGCCCGCGTCGGCGCTCAACTGCACGTCCAGCTTCGTGGCCTTGCCCTGCTCCACGATGACGCCGGTGATGCGGCGGCCCTCGTAGACGTCATAGAAGACGCGCAGGTCATACTTCCCGGGCGGCAGCGCGAGCTGGTAGTTGCCGTCGATGTCGGTCAGCACGCTCTTCTGTCCGCCGGTGACGACCTTCACCGTGGCCTCGATGAGCGCCTCCTGGGTCTGGGCGTCGGTGACCTGGCCGTAGACGCCGGTGAAGCCCGGAGGAGGCGTGGCCGACTCGGCCATTTCTCCCTCTCCCTCTGGGAGAGGGTCGGGGTGAGGGTCTTGTGCGGGGGCCGCGTCAATCGGAGTGGGCTCGGTGGCAACCGGAGCCGTCTGCGCCTCGGGAGCGGAGGTCTCCGAAACAACGGGAGTAGAAACACCAGAACTCGTGGCGGGCGCGCTCTCCTCGGAGACAGGCGCCTGCGCCAAGACGGGCGCGGCCAGCAATGTGAGCGCCGCCAGAGCGGCGCGAAGGGAATGGAGAGACAACACGGGACTCCTCACCAGCGAGCGCGCGTAGAGAACGCGACGCTCGTGGCAACGAAATGGATGGAAGGTGAAAAGGGAGAGACCGGAATGAAGACTTCAGGTCACGGCGCTGCCGGCTCGGCGACGGCGTCGGGGACCACGGCGACGGTGAGGTTCCCGCCACGAGCGAGGTCCATGACATCCATCGCGGTGCCGTACGGCACGTCGTTTTCCGCGTCGAAGAACACGATCTTGTCCGGGCGCGC
CP043495.1_gap17	693096	697551	4455	CCGGCGCGGGCCCTTCGGGGTGATGGACGCCACGCTCCCGGAGCGGGTCATCTCCGTGCAGCTCTTCCTCGCCGTGGCCGGCCTGTCCACCCTCATCCTCGCCGCCATGGCGTGTGACCGCCGGCGCGTGGAGCGGGAGCAGCGGCTGCTGGCCGAGTCCGGCGCGGTGCTCGCCGAGTCGCTCGAGCCCCGGGAGACGCTGCCGCGCGTGGCCCAGCTCCTCGTGCCGGAGCTGTTCTCCGGCTTCGCCGTGTGGCTGTTGGAGGAGGACGGGAGACTCGTCCCGGCGGCGCGGCTGGGGCTCTCGGAGGAAGCGGAGGGGCGGCTGCGAGAGGACATCCGCCAGCTGTCCGAGCCCTCGCGGCGCCGGCTCGGCCCCGAGGGCGCCTCGGTCCTGGCGCGCATCCAACACCAGGGCCGCCTGCTGGGCGGGCTGGCGCTGGTGCGGGCCGGGCACACCCACGTGGCCCGCTCGCGGGTGATGGCCTTCGCCGAGGACCTGGCCCATCACTGCGCGCTCGCGGTGGAGAACGCACACCTGCTCGGACAGTTCCAGTCCGCCATTCAGGTGCGTGACGAGTTCATCACCGTCGCGGCCCACGAGCTGCGCACCCCGGTCACCGCGCTCAAGCTCCAGCTGCAGAACCTGCAACGCCCGTTGCGCCAGGGGGCCGCCGGTGAGTCCGTCCTCACGCGCTTCCAGGCGGTGTCCCGGCAGGTGTCGCGCCTGGGGCGGCTGGTGGAGGGCCTGCTGGATGTGGGGCGCCTCAATACAGGCCGGTTGCCCCTGGAGCGCGAGCCGGTGGAGCTCGGTACCCTGGTCCAGGACGTGGTGGAGCGTTTCTCCGAGGAACTGGGGCGCGCCGGTTGCGAGGTGGCGCTGTCCCTCCAGCCGCACGTCACCGGCATGTGGGACCGGGAGCGGCTGGAGCAGGCCCTGGGCCACCTGTTGGGCAATGCCGTGAAGTTCGGGGTGGGCCGGCCCATCCGGCTCCAGGTGTCGCAGTGGGACGGCACGGCCCGGCTCGTGGTGGAGGACCAGGGCATCGGGGTCTCCCCGGAGGCCCTGGAGCGCATCTTCGGCCGCTTCGAGCGGGCGGTGCCCGCGCGGGAGTATGGCGGCCTGGGGCTCGGCCTCTTCCTCACCCGGCGGATTGTCGAGGCCCATGGCGGCACCATCCATGCCACCAGCCAGCCGGGCGAGGGGGCCACCTTCGTCCTGGAGCTGCCCGCCTCCCCCCTGGGCACCTACGTGCCCGGCCCCTCCCCCTGGCCCCATCCCCCGCCCGCCGGCTCGTACCCAACGTGAAGGCCGGATGACATCAGGGCGGCCGCCCGCTCCCTCCGCTGTTTTCCAGCCAACCGATGTACGGAAATGTTTCCGACTGCAACTGGATGGCATACAATCCCGTGTCGAGCTGTAACCGTGCGATCTTGCTGGGGCGTCGTCTAAAGGCAGGACGTCAGACTTTGAATCTGATCATCAAGGTTCGAATCCTTGCGCCCCAGCCACCCTTCTTCCCTTGAGGACGGTGGACCGATGCCGCAGCCGCAGAAGGTGCTCCTGCTGGTCCCCATGGGGAGCCCGACCCCGGTGCTCCTGAAGGAGCTGGAGGGTCCCATCTCCCTGCAGCTCGGCCTCGCCTCGGTGGTGAGCAAGGCGTCGCTGCCGGCGCCGGCCTACGCCTTCAACAAGGACCGGAGCCAGTACCACTGCAACGCCATCATGCGCCGGCTGGCGGTGATGCTGGAGCCCGGGCAGTCCATGGTGCTGGGCGTCACGGACGTGGACCTCTTCGTGCCGGACTCCCCCTTCGTGCTGGGCGAGGCGGACCGGGAGTCCAAGAGCGCGGTGATGAGCCTGTTCCGTCTGCGCCAGGGCGCGGACGGTGAGCAACTGCGGCGCCGGCTCCAGGTGGAGGCCGTGCACCAGGCGGGGCACCTGCTGGGCCTGTCCTACTGCGAGGACGCCCGGTGTGTGATGTTCTTCGCCCAGACGCCACAGGACTGCGATCGCAAGCAGATGTCGCTGTGCAACAACTGCCGCAACGAGCTGAACAAGCTCAACCGCTAGCCGCGCCGGCCGCCTACGCGCGTCCGCTCCCCACTCGTGTTTGAATGCCGCGCCCGCATGGACGTCTCCATGCGCGGGGCCGGATGGAACAGGAGCACGAGCGTATGAAGCTGTTGCGGATTCTCGGGTTGGCGGCGGTGGTGGGCCTGTCGGGGTGTGATGGCTTCACGCTGGACCCGGATGGTGGTGGTGGTGGTGGCGCGGGTGGCACCTTCAGCCGTGGCTTCGTCTTCGTGCGCCCCGGCACCAGCGGCCGCAACCTGTTCGCGGTGGACGACAACGGGGACCCCAACTCCCCGCTGCAGCTCACCACGCAGGGCAACGCGTACTACCCCACGGTGTCGCGCAACGGACGCTCGGTGGCCTTCGTGTTCCGCTCCGGCTCCGCGTCGGAGCTTCGCACGGTGCCCACCACGGGCACGGGCCAGCCCTCCACGGTGTTCTCCAGCGCCAGCACCGCCTGCTCGGGCTGCAGCAACTTCCGTTTCCCCACCTTCAACCCCAGCGGCAGCACCATCGTCTTCACCCTGGACCAGGGCGGCTACGCGAAGCTCGCTCGGGTGAACGCGGACGGCAGCAGCTTCCAGCTCCTCACCAACGGCAGCACCTACGTCTACGGCGCCGCCTCCTACTACCCGGATGGCCAGTACGTGCTCGCGTCGGCCGGCTACACCACCAGCCAGCTCAACTTCCTCGTGAAGGTGGGCGTGGCGACCGGCTCCGTCGACGTCGTCTCCTTCAACCTGGGCAACACGGCGCAGGTGGTGGCGACGCGCCCCGCGGTGTCGCCGGACGGCACCAAGGTGGCCTTCGATGGGCGCACCAGCAGCGGCACGCAGATCTTCGTGGCGCTGCTCGGGCAGACGCTCACCAACGTGACGCAGCTGACGTCGCACACGGGGGAGTCCGGCGTCCAGGACACCTGGCCCAGCTGGCGCGGCAACACCGAGGTGGCCTTCCTTTCCAGCTCGGGCGGTAATGACAACGTCTACCGCATCAGCATCGCCACCACCGGCGCGGGGACCCTCGTGGTTCCGGGTGCCATGGAGCCCTCGTACGGCGGTATCTGAGTTCCACGTTTGATGCACGAAGGCCCGGGACCCTGTGCTGGGGTCTCCGGGCCTTTGTGTTTCAACTCGGGGTCCTCGACACCCTCACCCCGGGGGGCTTGCCCCCCCTTTGAACGACGGGGGGCTCCTCTCCCAGAGGGAGAGGGGATGTTGCTCGGGGATGTTGCTTGGAGAGGGTGCTCGGGGTTGTTGCTGGGTGCTCGAGTTGGCTGCTGGGGTGGGGCAACTACTCGGGCTTGGCGTTCACGACGGCGCTCGGCGCCACCGTGCCCGTTCCCTGCTTCACCTCCAGCGCATCCGCCACCAGCTCGGTGATGTCCTTCACCTTGATGCGCTCCTCGCGGCCCGTGTCGTTCACCGCGTCACTCAGCATCGTCGAGCAGAACGGGCACGCCACCGCGACAATCCCCTTGCCGCCCGGCTCCTTGTACTCGCCCACCAGGCCCGGCTTCTTCCTGTCCGTCGCGTCCGGGTACGGCGTGCTGGGGTCCTCCGCGTGCTTGAGCGTCAGCGCCGCTTCGTTCAACCGGTTGTGGTTGATGCGCGTGCCGATGTGCTCCTCCATCCACATCCGCCCGCCACCCGCGCCGCAGCAGAAGCCCTCGCGCCCGCTGCGCTGCATCTCCACCACCTCGAGCCCCGGAATCGCCTTCAGCACCTCGCGCGGCGCGTCGTACACCCCGTTGTGCCGGCCCAGGTAGCACGGGTCGTGGTACGTCAGCTTCTGGTTCATCACCGCGGAGAGCTTGATGCGCTTGTCCTTCAGCAGCTCGTTGATGAGCTGCGTGTGGTTGATGACCCGGTACTCGCCGCCGAACTCCGGGTACTCGTTCTTGATGGTGTTGAAGCAGTGCGGGCACTGGGTGATCACCGCCTTGACGCCCATCGCGTTCCAGCTCTCGACGTTCGTCTTGGCCATCGTCTGGTACAGGTACTCGTTGCCCAGGCGCCGCGCGGTGTCGCCGTTGCACATCTCCTGCTTGGACAGCGTCGCGAAGCTCACCCCCGCCTCGCGCATGATCTTCACCAGCGCCCGGCTCACCTTCTTCTGCTTGTCGTCGTAGCTGCCCGCGCAGCCCACGAAGAAGAGGTACTCGTACGTCCCGCCGTCACCCCACGTGGGCAGCGCCAGGTCCTCCGCCCACTCGTCGCGCCGGTCCTGCCCCAGGCCCCAGGGGTTGCCCTGGCGCTCGATTCCCTCGAACACGCGCTGGATTTCCGCCGGGAACTCCGCCTTCACCTGCACCTGGTAGCGGCGCATGTCGATGAGCCGCGGCACGTTCTCGATGAACACCGGGCACGCCGTCTCGC
CP043495.1_gap18	751751	752996	1245	GCGTGGGGAACTTCGCGCCCCCCTCGGCGCGCACCACGGCCAGGTCCGTGGGCCCGTCCCCGCCCACCAGCTCGGCGCGCACCTCGCTTCCGTCGTGCAGCTCGAGCTCGAGTTTGCCCCGGCCGCGCACCACGTGCCGGTTGGTGAGGACATAGCCGTCCGGGGTGAGGAAGAGGCCCGTGCCATGGCCCCGCGGGTGCTGCACGGCCACCACCGCGGGCGCCGCCTTGGAGACGAGCGACTCGAGCTCGTCGGAGAATTGCTGGAGAATCAAGACCGCCTCCCGATGGTGAGGGACACTTCACGCACTTCACCGGCACGCAGCACCTTCGCCTGCACCTGCGTGCCCACCTTCTCGTCACCGAGGTAGCCGAGCAGCTCCTCGATGCTGTGCAGCGGCTGGCCCCCGAGGCTCACCAGCACGTCGCCCATCACCAGGCCCGCCTGGTCCGCGGGGCCCCCGGGCTCGACGGAGAGGAAGATGAGCCCACCCTCGCTGCCCACGCGCTCCGCGAGGTGCTTGGGCAGCCGGACGGGGTGGGCGCCCACGCCGAGGTAGCCCCGGCGGATGCCTCCGTGCTGCTGGAGGGCCTGGGTGACGCGGCCCAGCGTCTCCCCGGGAATGACGACAGCGGCGGTGCGAGACAGGGCCGCCGTGAGCAGGCCCAGGAAGCGGCCCTGTGCATCCACGAGCGCACCCCCCGAGAAGCCGGGAGGCAGGTCCGCGTCGGTCTCGAGATAGCGGTCGATGCGGCCTCCCGCGAAGGTGCGCCAGCTGTCACCCAGGGCGCTGACGATGCCGAGCGTGGCGCGCGCGGTGCGCCCGGGACGGCCGAGGGCGAGCACGAGGTGACCCACCTTGAGGCCCTCGAGTGGCGCGGGCGCCAGGGGCGTGAGGCCGGGGAGCTCCGCCTTGAGGAGGGCGACATCCGTGGACGGGTCGCGGCCGATGAGCTCGGCGGAGACGGTGCGGCCATCGGCGAGGCCCACGGTGATGGAGCCCTCGTGCTCGATGGCGTGGTGGGTGGTGACGATGTGGCCCTCGGCGCTCCAGACGATGCCGGTGGCGCCGTGGCGGCGGCGGGCCTCGACGCGGACGATGCCAGGCGCGAAGCGCTCGACGATGGAGGAGAGGGATTGGGACAGGGCAGCGAGGTCGGCGGACATGAGCGATTCCTTTCGCCTTGAAAGCTAAAAGGCACGCCCGCGCGGCACATCGGCGAGATGGACTGCTCCCGACCTACC
CP043495.1_gap19	757206	761704	4498	TCCCGGACCTCCGCCGCGGGCGGGTGTGCACTGAGCGCCAGATAGATCTCGAACCACGCCAGATAGGCGCGCCAGGAAGGATCTCCCTGGTCGATGAGGGAGCGTTGCGCCTGACCCAGACGCTTGGGCACGTCGAAAGGCACCCGCGTGGTTCCATCCGCGTGCAACTGCGCCGCGAACCAGAGCACAGCCAACTGGCCGGCATCGACCGGGGCGTGGGTGCGATCGATCAGGGTATCCGCGTGCTGGAGCGCACTGCCCAACCAGCGGGCCGCCCGCGCCGTGTCCCGGCGATCCACGGCATTCTCGGCCAGCCGCATCTCCGCCAGCGTCACCGAGCGGAGGTCCTCATCGCGCTCCGTTTCGGCGAACTGCTCCAGGAACAGCGCGCGCCGTTGTTCGAGTGCCTGGGCGGCGGTGTCCAGGTTCCCGAGCCGGATCTCCGCATTGGCGCGCAGTCCCGCGGCGATGATGCGATAGGAGCGCTGAACGTGCTGGGGGGTGGCGCGGGCCCACGTCAGCGTGGCCTGCACGGCCGGGGTGGCCAGGTCGCGATCCACCTTGTCCAGGTCCTCCAACGCCCGTTGGGGCTGACCCGCCCCCAACGCCGCGGCGCAGCGGGCCAGCCGCACCACCAGCCGGTTGCGCAGACCCTCCGCATCGCTGGGGCTCGCTTCCACGGCGGGCAATTCACGATCATAGAGCGCCAACGCACGCTCGAACCGGCCCGCGGCGAGGTTGTAGAGCGCCGCGCGATCCATCGCCAGGGGGACGAACCTGGCCAGTTTCGGTGCGGCGTCCGCCATGGCCAGGGCCTGATCCGCCGCCTGTGCTGCCTCGTTCTCGCGGCCGACGTGCAGGAGCGCCCGGGCCCGGGCAAGGGACACCGCCATCCCCGCCGCGTTGTCCACGTAGGGCAACTTGTCGCGCTGCTCGAGGTAGCCCAGGGCGATGTGGAAGTTGCCCACCTGCGTGTGCAACTGCCCCAACGCTCCGAGGATCATCGCCCGGTAGCGGACGTTGTTGCGCACCAGGTCCAGGGCGATCAGGTAGTGCCGGTTGGCGCGCTCGGCGGCGGCGGGCGCGCGGCCGCGGAGGAAGTCCTCGTGATGAATGGCTCCCGACAGGGCATGCACCGCGCGCTGGTTCTTGAGCTCCGGCCATGAGGCGCGCAGCTCCTTCACGGCCGACGCCACCGCATTGGCGTGGGCGCCGTCGTCCTCCAGTTTGGGCAACTGGCGCGCTGTCAGGTAGGCCTTCACGAAGTGCGCGAGCGGTCTGGCCATCTTCGGGGAGGTGGTGGTGACTTCCTTTTCCACCACCTCGGGACTGACGCCGGCACGCAGACGCAGGTTCATGGATTCGATGGCGCTCTCCAGCGAGCCCGTTCGTTGGGTCACGAGATCGAAGTCGGCACGGGCCTCGTCCAGGCGCTGCCTCCCCAACCGGCGGTAGGCGCGGCCCATCATCGCGCGGCGGAACAACCGTTCGGCCTGGCGGCGTACCTCGGTGCCGGGCGGGGCGTCGTCCACGTAGACCGTCGCCAACGCTTCCAGCACACCGTCGGCGCCCAGACCCGCCGCGCGCTCGACGGCGTCTTGCACCAGGACTCGCCGGCGAAGGGGATCCTTCTGCTGCCGGTAGAACGCAATCAATGCGTCCCGGACAGCGCGAGGGGGACGCTCTTCGTGCAACGCATTGACGTGCCGGCCCAGCTCCAGGGCGAACGCATAGGCCGAGCCGGCGGGGGCCGAGGCGAGTGCCTGGGCCATGGCGGCATCCGCCTCGTCGTAGGGGCGGCCCCGGTACAGGGTTCGGACGGCGGCGCGAGCGAAGTCGAGCTGGTCGTCCTCACGAAACACCTTGTTCGTGGAGAGCTGGCGGCCGGCTTCGACCAGGGCATCCCGATCGTCGAGCGTGCGGTACAGCGCGTCCGCTCGTTCGTACCAGGCCTCCAGCACCGCGCGCGGTGTGGTGTCGGTCACCTGGGCGGCTTCCAGCTCCCGACGCGCCAGCGTGAAGTCTCCGGCGGCCTCCGCCAGCTCGCTGCGCACCACGTGTTGGAAGACGGCGGAGGGCGGGCTGGGCGCGGCGGAGGGATCCAACGCGGCCATGCCTTGCCGTTCGGCATCCTCCAGCTCACCGACCATGCGCCCGTGTTCACGCTCCTTCATGGCACGCCGGTGCGCGATGAGGAGCCGCAGCGGCTCCGACAGTCCCGTGGTCGCGGGGTCGTCCACCGAGCACATGTGGCGGGCGTAGAATTCCGCCGCATCGAACTCCTCGAAAGCCAGGTGGAGCTGGCTCAGGCGCATCATCAGCAGCCGGCGGAGTTTGGGCCGGTCCTCGCGCAACAGCCGCTGGCGGTAGAGCAGGAGGAGATCGGCGCGCCTGCCCACCATCTTCAATTCCTCGTTGAGACGAGGAACGTCCCAGTCGCTGGGCACCTGTCCATCCAGCGGCAGTTGATACACATCCAGCGATTGATCTCTCGAACAGGTCGCGATGAGTGACTTGGCCGCGGGCGCCGGGTACTCGCAGCTCCAGGTCACACTGGTGAGTTGGTCCGGACTGGAGGCGGCGGCCAGCTCGGGCGCGTCGTCGCGCTCGGCGGCGAAGGGCACCCGGAACAGCACTCCCTTGTCGCTGGCGTCGATCACCCCGTCTTCATTGGAGTCGGTGAAGAACTGCACCACGTACAGGGAGCGCCCATCGAGCGCGAACACCGGCTGTCCGGTCTTGCCCGGAAGATCGAGCGCCATCGGGATGGGGGTGGCGCCGGGGCGATCCAGCCGGAGTGCCTCGAGATGGGGCGAGGCGCGCGCGGCGAAGCCGGGGCCCACCTGCGGCACGGAGCGTTCGACCGGGACGTACACCAGCCAGCGCCCATCCGGTGAGAGGGTGGGACTGGTCAGGTTGCGCTCGATCAGGGGACTCGAGCTCAACTCGCGCCCCACCGCCACCCGCGACAACCTCAGATCTCCCTGGATGGTCGCCCGGCTCACCAGCGCGACATGCGAGGCATCCATCCACTCCGCCTGCAGCGCGCTGGTTTCCTCCTCGAGGCAGCGGCGGCCTTCCCCTCCCGGCAGCTCGCGCACGCACAGCTGGCCGCTGGCCTGGTTCCGGAACGAAATGTAGAGCAGGTGTTTGCCGTCGGGGCTGATCCTCGGCCAGGTCACGTCCGCGCCTTCGTCGAAGAGGCGGCGCTCGCGGCCCTGTTCCACATCCTGGATGTAGATTTCGGTCGCGATGTTGCGGTTGGACACGAAGATCAGCGTGTTCCCATCGGGCGCCAACTGCCCCAGGAATTGATCTCCCATGCCCACGGTGAGCCGTGAGAGCGTGCGCAGGCCTCCGTCGTTCTCATCGTCCTGCGCCCAGGCGCTGCCCACCATGAGCATGAGAACGGCAAGGACCAGGAAGTACCGGCCACGGGGAGTCAGCACTTCTTTTCTCCCCAGGTGCCGTCATCGGCTTCCACCCAGCCGCCGCAGATGACCCCCTTCGCGTGCACCTGTTGCCAGCTCCGGCGTACCGCCTCCTCGGGCACGTCGGGCCGGACCGTCCGCATCCACTGCCACAGGTGCAGCCGGGCCTGGTTCACCCGTTCCACCAGGGCCACGTCGTCGGCTGTCATGCGTCCGGCCTGGCATTGGCGCCGGGTGTTCACCAGCAATCCGTCCTTCCCTTCGCCCACACAGTGGCGCCGCAGCAATTCGTCGACGCGGTCCGCCTGCGTCCTGCCGAGGTTCTCGACCAACGGTGTGGGTTGGATGCCGAGCTCCTCCAGTTGGTTGGGCGTGAACGGCACCGGCGTCGGGCTCATGCCCGCGCGAGCGAGACGCCGCTCCACGTCCTTGAACGAGCCCGAGGCCTGTTCCTCGAGTGCCGTCGCGCGATCGACCATGACGATCTCTGGAGCGCGGATGCACCCGGGAAGGGCGAGGGCGGCGAGAAGCAGCAACCCGCGGCATTTCATGGCGTGGCCTCCGGAGGGGACAAGGATTCGATGGCACGGTCGACGATGGGGCCCATGGGGATGCCCCGGATCTCGTCGATGCTGAGAAACCGGGCCAGACCGCCCATGGTGATGCGGATGCGGCCGAAGCCCTGGTTGAAGCTCACCCGCACGTGTTCCGGGTAGCCCACGCTCAAGGCGTAGCGGACGCGGTTGGTGGCGGGATCGGTGTGGCGCGGATCCTCGAGGTCGAGCAGGTCGAGCAGGTGGCGGTTGCCAATGCGCAGGATTTCCGCGCGTCCGTTGACGCTGCGATCCTTGCCGGAGATGACCACCGCGGCGTTTCCGTCAAAGGGCTCGCCCCGGGAGGATTTCACGCCGGTGGCCCGCACGCGTGCCTCCAGCGTGGAGTGCCTTCCCCGCCAGTCCAACACGCACTGTCCGGTGATGCGTCCACCCCGGACGCCCATCTCCAGCTGGCTCAAGGAGAACATGTTCTGGTTGATGGACAGGTTTCCGGCCAGGGGCGCGATGGAG
CP043495.1_gap20	789060	792933	3873	TCGCTCTACTACGCCGGGCACCGGCAGCTCTCCGCGAAGACCCGCGTGTTCGTGGACTACATCGTGAGCGAGTTCAAACGCCAGGACCTGGCCAGGATGTTCGACGCGAGTGGCGCCGCTGCCAGCCGGGCACGCTGAAGCTAGCCACCGAGGGCGCCGTTGATGAGCGGCGCGACGATGCCCATTCCAGGGTCTTCCGCGTTGTACCCGTTCTCGGGCTCGTAGATGCGGATGCGCTGGTTCTCGTTGATGAAGCGGTGGAGGAAGGTCTCCATCGGCACGAACTCGCTGTAGCACTTATAGGTCTGCCCCCACGGCCACTCGAGATACTCCCACCAGTTGCGCTTCTTCTCCATCTGCTGGCAGGCGTGCGCGCCGATGAAGGTGATGATCGTGCTGCAGTGGCTGGCGTTGATCGCCCGCTCATGCGGGATGAAGTAGCTGTAGTTGTTGTAGCGCTTCAGCTCCGCGACCAGTTTGTCCTGGTCCTCCTTCCAGTAGCCGAGGACCGTCTCCTTGTCGTTGGGCGAGTAGAAGCGCTCGTAGGAGAAGCGCGAGTAGTTGTAGTCGCGCGAATAACCCGAGTAGGCGAGCTGATCGTTCGGGAACTCTATGGACAGCATGCGGTTGATGGTGCCCATGTTGTTCCGGTCGAAGGCGGCCGGGAGCAGGCCGAGCACCGAGTCGAGGTTCCACGACTGACGGATCTTCTCGTGCAGCGGGCGCGAGCGGTCGTTGACGTTGGGCGCCAGGTAGATGGGGCCCGAGTCGTTCAGGAAATAGCCCTTCGCCGGGTTGATGCCGCGGCGGATGAAGTAGTAGCCGGCCGAGGTGGCGGTGCCGCCAGCGCTATATCCGGTGACCAGCAGCCTCTCGACGCTGGGGAACTGCGCCTTCGCGTGGGCGATGGCCGCCAGCGTGTTCGTGTAACCGGAGTGGTGCCAGGTGAGCGGCGGCTGTGCGCCGGTCGGGTCCGTGTAGACGGCGACGTTGTTGCCCACATGCACGTCGCCCGTGCAGTAGGGCAGATAGACGATGTTCCAGTCCTTCGTCGCGATGTCGGTGCGGCTGCGCAGGGGCAGGCCCGGATCGGCGCCGTTCACGAGCGGCGAGACATACTTCGCCGTGAACTGCTGCATGTAGTCGTCCGCGATGCCGTTCGGGTTGGCCGCGCCGAGCAGGCCCGCCCGCCCGCTACAGGTGTCGTAGTCCCAGCACGCGCCACCCCCTTCGAGGAAGAACAACAGGTTCTTCGAACCGGTGGTGCTCCGGTGGACGAAGAACTTGTACTGGGAGCCGTTGCCACAGACCGAGCCCGGCAGTGCCACCTTCTCCCAGTTGTAGTTGTTGCCGCCGTCCACCAGCACTTCGACGAGGGTGGACACCAGCACTTCCGCGCGAGCCGTGTTCGACGGGACCCAGACGGCGAGTAGAAGGCCCAACACCAGAAGATGATTCTTCATCCAACTCCTCCTTGGGGGTACTGCGAGGGGAAGTCCTGGTTGTAGCACTATCCGTGAATATTCGCGCCCTCGAGCCGCATGGCGACGCGCCGCGCTGCACCCATGTCCCCGGAGCTCACCGACCTGCCCTCTGCCCACGTCGCCGGGGCAAGTCCAGGGCGCGGCTTATCGTGGTGACGCCTCGTTCACCCGCCCGCCACGCTCAAAAGCGCCCCCTCCTTCCTGGCGTGGTCTATAGGCCCGACCAGACCAACTCGAACACAGCACCGCGTCCAGAAGTGGGAGGGACATGTTCGCTCTGATTCTCATCGCTGTCGCTACATCGCCAGCCTCGTTCAACGCGCCGACAGCAGCGGACATCGCGGTTTCCTTCGATGCGGGGGTGCCCCAGGGTGCTGGCGAAGCGAATGTGGGCCAGTCCGCGGAGACTTCGCCCGCGCCGACGTCCGATGGAGGCACGCCTGCGGTCTCTTCCGCGAACGCGGATGCGCCCGTCGATACATCGGCCCCCCGGAAGACCGTTGCCAGCTATCTGATTCCTTCCGCTGAAGTCCTCGCGATCTATGGCGGATTCGTCGCGTTCAACAGGCTGGCCTTTCATGATGAGGAGTGGACGCACGTCACTCCAGGCACCATTCGCGACAATCTCGACGGCCCCTGGGTCATCGACGACGACAACTTCGAGATCAACCAGCTCGGACATCCCTACCAGGGGTCCCTGTACTTCTCGGCCGCGCGGTCGAGCGGACTCTCGTTCTGGGAGTCATTCCTGTACGTGGCCGCTGGCAGTCTGCTCTGGGAAGTCGGAGGAGAAGCGGAGCCGCCCTCCCTCAATGACCAGATCACCACGAGCTTCGCCGGAGCTCTTTTTGGCGAAGCCTTGTTCCGGGTATGGAACGACCTGATCGGGCATGGAGGTGAGAAGAACAGCATCCTGCGCCACATCGCCGCGGCGCCGTTGTCCCCAGTCGCGAGCTTCAACTACTACGTGTTCAAGCAGCGCGCCCGATTGGCCGAGTCCAATCTCTTCTATCGAACATGGATCGGCTCGAGCTACGGCGGCAGCATCCGCGACCAGAGCGGTGAGCGCACGGAGCTCCTCGGCTTTGGTCAGCAGCTCAGCCTGGGCGTCAGTCTGACCCAGGGCTTTCCGGGAACGTCCGGCGACCTCGACTACGGCCCGTTCGATCATTACGACCTGCGATTCGAGCTCTCCCTGCCGAGGACCCCCTACATCGGGTTTTTCCTGCGTGGGCTGCTGTTCGGAAAGGCCTTTCAACCCAAGCCCTGGGCGCATGGCCTCATCGGCATTTTTGGAAGCTACGACTACAGCACGCTCCCTCTCTTGAGGGTCTCGACCAGTGCGGTGGGGCCGGGGCTGGCGATGGACGTGGACATGGGCGCGGGAGTGACGCTTCAGGGCACGGTGTTGGCGGCTCCCATCTTCTTCGGGGGAGCAGGCGCCATCACGGCCACGAGCGGAGAGCGGGACTTCCGCGCCGGAGGCGGTGCTCAGGGCCTCCTCGAGTTGCGACTGCTGCTCCGGGACTCGGGTTCCATCAACGCCGGTGCCCGCAACTACTTCATTCGAGGGTTTAGAGGTGAGCCCGGAACGGAGCTCATCTCGTATGGCTGGGTGGGGAGCGAATTGCGAATCATCGGCGGCCACGTCCTGGGCGTGGAAGTCCAATGGTCGACTCGCGCCGCATCGGACCCCACCCTGGGCAACCTCAGCCATGCCGGTTCGCTGTTCCGCCTGTACTACGGCTTCGTGAGCGACGCATTTTCAGGCGCGGCGAGCAGGCCCGGCGGCGGACTTCGTCAGGTTTCCCGGCCGCGGCTCGAGTGACTACGGGCCGCTGGCGGGAACCGTCTCCGGAGGGCGCTCCATCACCTGGGGGGTGGGCGCCTTCGCGGGCTCGAGCAGCGTGAGGTCCGCCACCAGCGGGTAGTGGTCGGACGCATTCACACGCAGCACCTCGCTGCTCTTCGGCATGAAGCGGTCACACGCCAGCACGTAGTCGATGCGCATGCCGGGGATGAGCGGCAGCGGATAGGTGACCGCGGGCCCCTTCCCCCGCAGGTCGAACGCGTCCGCGAGCGCGTGCCTGAAGAGCCGCAGCGAGCCCGCGTCGGGCGTGTCGTTCATGTCGCCCATCAGCAGCTTGGGCCCGGGATCCGCCGCCATCAGCCGCATGATGGCCGCGCTCTGGCGCACGCGGATGCCTCCGGTGAAGGGGCGCTGGGTGAGGTGGGTGACGTAGACGCTCACGTCCTGCCCGTTCACCTTCATGAGGACGCGGGCCACGGTGCGCGGCTCGGTGCCTGGCAACACCGGCAGCGGGTGCTGCTCCACGGACTCCAGCGGGTAGCGCGACAGGAGTGCCACGCCGTAGTCACCGCCGAAGAG
CP043495.1_gap21	808224	811755	3531	AAGGAGAAGGGGGTCTCGTTCACGACAGTGGGGTGTCCCATGATGCCTTTGGCTGTGGGGACGGCTCCCCCCAGGGTCGCGTCAGTGTATCAGCCAGGAGACAAGGGCTCATCCCCGGGGCCGGGCGGCCAGGTGTCCACCGTGGCCGCCCGCGTGCTCCGTGTGCCTACGGCTGCACCGGCGTCTGCTCCCAGAGGCGGGTGCGCAGCGCGTTCTCGATGAACGCCAGGTGCCGCTGCTCGTCCGAGTAGTTGCGCTCGATGATGGCGCGCGCCTCGTCGCTCCACTCCACCTCCAGCGCCGCCTGGTAGGTGCGGTTGGTGAGCATCTCGTTGCCCCGCATCGCCTGGAGCGCGGCCTCGTTGCCCATCATCGACGTCACCGCCGTGAAGCCCTTGAGGATGAAGCCCTTGACGTCCGGCTTCGTCCTCGGCGTGCCGCCCAGGGTCACCACCACCCGCGTCAGGTCCTGGATATGGCGCACATGGTCCTGCTGGAACTCCCTCAGGCTCATGCGCAGCGACTCCACGTCGATGCGGTTGATCGCCGCCTCGTACGCCCCCACCGCGTCGATATCGAGTGCGATCAGGTCATTGAGCCGATCCATCATCTTGTTCAGGTCCATCGCCGCCATGCCGTCCTCCTCCTGAGTGACGCGGGAACTCCCACGCCGCGCAAAGCTGGGCAGGCGGGTGGGGCGCCTCAAGAGGCCCTGGCGGACAATTCCCTACTTCATGGACGCGCGGCCGCTCGGCGAGCGGGCAACCAGGGCTTCCCGGTGTCCCGGAGTGCACTCGGGGTATGGGTTCGCGCTCAGGTGGAAACTTCCGGACGGAATTCGCGATAATCCCAAATCATGAGGATTCAACGCCCGGGGATCTCCCCCACCCGGACCCAGGCCGCCCAGACGGAGCCCACGGTCGCGCAGAAGAACACCGTCCGCTCGCCCGCCACCGCCTCGCCCGCCGCCCCGGCGCGTCCCAGCGATGCCTTCGAGACCACCACCCGCGCCACGGCCCGGGCGCTCACCCCCGGCCGCAGCAACGCCGCCCGGAACCTCCCCGCCGAGATTCCCACCGGCACCCGGGACTACTACAAGAAGCGCTACGACGACTTCGTCCGCCGCAACCCCGGCATGAAGCCGCCCGACTACTACATGGAGTACGGCCAGAAGTACTGCGACCGCTTCTCCAAGCTCGGGCCCAAGGACCTGACCCCCCAGGGCCTCGAGTGGCGCGACCGCTGCCTCAAGTCCCTCCAGGAGGCCATCGAGACCAAGCGCATGGAGGACCCGGTCGGCTTCGCCCAGCTCGAGCGAGACCCCGAGGCCTTCAAGAAGTTCGCCTACGACTCGCACCCGGACGCCTACGTGCAGTCCGGCCTCTACGACCTGCCCGCGCAGGATCTGCTGAAGATCGGCACCACGCCGGACCTCAAGGACCTGTTCACCAAGGACGGTGTCCGGCAGATCTTCGTCGCGCTGGGCAAGATGCGGCCCGGAGACGTGGTGGACGTGGCCAAGGAGTCCGCCAAGGAGGCGTGGAAGGACGTCAAGAGCACCTTCAACGACCTCATCAAGCGGCCCAAACTTCCCTGGTAGCGTGAGGGCTGGCATCTTCGCGCCGGATTCGAGCTTCCGAGGTTGACGCGTGCCGGAGAAAGACTGGGAGAAGCTGGGAGAGCTGTCCGAGGGACTGAAGGCCGGAGCGGTGGCCGCGAGCGGTGAGGGTTTCGGCCTCATCGGCGCCGTGGCGGAGCCGCCCGGAATCAGCCTGCTGGAGCGGATGAAGGCCCGCCGCGCCCAGATTCATCGCGCCGCCGCGGGGGCCGTGACGAAGACCTGGGAGGGACCGGGTTGGATTCAGGCCCTGGACTGCCACGGGGCGCTGGGCGTCGCCATTGGCGGCTCGCTCAAGCCCTCGGGCTCGGGCTCGGACTACCACCTGCTGGTGTCCACGGATGGCGGCCAGCAGTGGCAGGGCCGCGGGGTGGTGGGCGCGCCGAGCCTCGGCCAGGTGCTCGCCATCAGCGAGCGGGAAGTCTGGGTGCTGGGCGCCTACTTCCTCGGGCGCACCACGGACGGCGGCGCCTCGTGGATGGAGCTGGAGCTGGAGGGCGAGCGCAACCCGCACACCGAGCGGCTGCGGCGGGTCGAGGGCGGTGTGGCCCTGCTGGGCAGGACGCTCTCCGTCAGCACGGATGGTGGCGCCACGTGGAGCCAGCTGAACGTGGGCGCGGCGCGCGTGGTGGACGTGGACGGGGCCTTCGTGGCCGCGGTGGTGGACGGCCAGGCCCGCGTGGGCGAGCGCCAGGGCTCCGAGGTGCGCTGGCTGGAGCCGCTGCCCCTGGGCCGTGAGCCGCTGCGGCTCGTGGCCTCCGAGGGCGCGCTGCGCCTGCTCACCCGGGGCGTGGACCCCTCCAAGGGTCCGGATCCGGCGCTCCACGTGAGCGAGGACGGGGGCCGTACGTGGGCGAGCTACTCGCTGCCGCTCGGGCCTCAGGTGGACATCGCCGGCCGCGAGTGGGGCCTCGGCGTGGACATCCGCGGCGGCATCTACGGCCGCGTGGGGTGACGAGGGCCTCCATTCCGGGAGACCCTCACCCCCGCCCCTCTCCCAGCGGGAGAGGGGTGTGCCCTCCCGGTGGGAGGGGAATGAGGTTCGCGGCTAGAGCTGCACCTGCTCCCGGTCCGGGTGGGTGATGTAGCCGGTGCCCGCGGCCACCAGCTTCGCCATCAGCCGATCCATGCCGTTGGAGCGCGAGAAGGCCATCTCGTTCTTCGTCACGCCCACCAGGGTGAGCAGCTGCACCTTCCCCGACTCGAGCTGGAAGTGCGCGGGGCGCGAGGGGTCGGTCACGAAGACGAAGCCGTTGAGCTTGGACTCACCACCCGTCAGCGTGCCCTCCACGGGGTAGCGGTGCCCCACCGCGAAGGCGCGCATGCACACCAGGTTGTAGGCCATCATGTCCAGCAGCCGCAGCACCGGCCACTTCGCCTCCTCGGTCGTGTGGATGACCATCTCGTACCCGATGCCGCTGGGGGAGTTGGCGTCCACTTCCTCTCCCGGGGCCAGCGTGATGGGGTTGGACAGGCCGCTCGTCACGTACGTCCAGTAGGGGTACTCGGGACTCGGCGGCGCCACGCGCACGCCCATACCTCCCCAGTTGGGATCCAGCTCCTTGACCTCGGCCAGTTCGCTTTCCAGCCAGGCCTCCAACGCACCGGTCTGCTCCAGCGTGTAGACCTCTTCGCTGATGGTCCCGAAGAGCTTCGGGTACTCCACCTCGTCACGATCCGCCCAGCAGTCCTCATACCACTGGCAGAAGGCCTCATCCGTCTCAGGCGCTTTCATAGCGAGGGGGACTCTAACGGGTTGTTCCCTCGCGATTCACTTTTCCTGCATGTGGAACTGTTTGGTCCCATGGTGGGCAACCTCCTTCCCACTCCATGGCGCACCGCTTCCCACCCCCGGGCAGGCAGGCAAGCACCCCTGTCGCACGCTGTACCCACGGAGCGACTTCCGGTGGACG
CP043495.1_gap22	814265	816205	1940	CTCGTCCTCTTGCGGATAGAGGAAGTGGACGGAGGAGCAGCCGCTTTCCCGAGCGCTCTCGATGGCGGCCTGGATGAGCGCGAGTCGCAGCGTGGCCACGTCCTCCCCGGTGGCGATGAGGAAGCGCGGGCTCGTCGCGGGGGAGAGCGGGGCACCGACGACGAGCTTCGGGTAGTACTCGATGCCGAGCCGCTCGGCGGCGCCGGCCCAATTGAAGTCGTAGATGTACTCGCCCATGCTGTGGTGCTTGCGGTAGGCGGGCGAGGCGGCGACCAATCGTTTTCCACGCCAGAGCGTCAGGTGCTGGGGCTCCCAGCCGGTCTCCAGGCGGGCGCTGCCACTCTCCTCCATGGCGGACAGCCACGCATGGCGGATGAAGGGAGGCGCATCGGGCCCGGCGAGGGCGTCCCAGGCATCGGCGGGGACGTCGGTGATGGATTCGAGGATTCGGAGGCGGAGGTCGGCGGCCACGAGGACTCCTTCTAACGCGCTCACGGAACGCTCGCCGTGGAACCTTACTCGGAGAGCAGGGAAGCGCACGGAGTGTGGAATCGGATGGCCGCACCCCGGGGAATTCAATAGACAATCCCGCCATGAAGCAGCTCTCCGATGGCGCACCACCCCCGTCACTCGTCCCCTCCGTTCCCGGATATCGGGTGGGCGTGCTGCTCCACGCGAGCGCGAGGTCCCTGCTCTACCGGGGCCGCCGGCTGCGAGACGACGCTCCCGTCATCCTCAAGCTGCTGCGCGCGGAGCGGCCCTCGTTCTCCGAGCTGCTCCAGTTCCGCAACCAGTACACCATCGCGCGAAGCCTCCAGCTCCCGGGCGTCGTCTCACCCCTGGCGCTCGAGCGCTGTCACAACGGCTTCGCCATCATCATGGCGGATGGTGGATACGTGTCGCTCGAGGACTACCGCGAGAGCCACCCACTCACCGTGCGGCAGATGCTGGAGATCGGCATCGCCCTGGCCGGGACGCTGGAGGGGCTCTATCAGCACCGGGTCATCCACAAGGACATCAAGCCCCACAACATCCTCATCCACCCCGAGACGCGCGACATCCAGCTGACGGACTTCAGCATCGCCTCGCGGCTGCCCCGGGAGGCCCAGTTGCTCGACAGCCCGGCGCTCCTCGAGGGCACGCCGGCCTATATGTCTCCAGAGCAGACCGGACGGATGAACCGGGGCATCGACTACCGCACGGACTTCTACTCGCTCGGCGTGACGCTCTTCGAGCTGCTCACGGGCCAGCTTCCCTTCCAGGCCACCCACCCGCTGGAGCTCGCCCACTCCCACCTGGCGCGTCCTCCGCTCCCGCCGCGCGAGCTCAACCCCGCCATCCCCGAGATGCTCGAGCGCATCGTGCTCAAGCTCATGGCCAAGACGGCCGAGGAGCGTTACGCGAGCGCGTACGGGCTGCGGTACGACCTGCGCACCTGCCTCGAGGCCCTGCGCGAGCACGGGAGCGTTCCATCCTTCGAGCTGGCGAGGCGCGACGTCTCCGACCGTTTCCTCCTTCCGGAGAAGCTCTACGGCCGGCGCGAGGAGGTCCGCACGCTGCTCCAGGCGTTCGACCGGGTGTGCCAGGGGAACATGGAGCTGTTGCTGGTGGCGGGCTCCTCGGGCAGCGGCAAGACGGCCGTGGTGCAGGAGCTGCACAAGCCCGTCGTCCGCTCCCGGGGCTTCTTCGTCTCGGGCAAGTTCGATCAGCTCGGGCGGAGCATCCCGTACTCGGCCCTGGTGCAGGCGCTCTCCAGCCTGGCGCGGCAGCTCCACTCGGAGAACGGAGAGCGGCTCGAGGACTGGAAGCAGCGGCTCCTGGAGGCCCTGGACGGAGAGGGGCGGGTGATGGTGGACATGCTGCCGGAACTGGAGTGCATCCTCGGCCCCCAGCCCGAGGTGGAGGAGCTGGCGCCCGCCGCCGCGCAGCAGCGCTTCCAC
CP043495.1_gap23	912813	917226	4413	GCACCTCATCAAGACGGTGACGGCCACCCGGCTGATGGGCGCCGAGTGCGTCATCAGCGGCATCCGTCCCCAGATTGCCCAGACCATCGTCCACCTGGGCGTGGACCTGGCCGGCGTGGTGACCAAGTCCAGCGTGGCCGGGGCCTTCAACTGGGCCCTCAAGCGTCTCCACCAGAGCGTTAGCGCTCCGAGCCCGCGCACGTCGGGCAAGGCCTGACCGGAGTCATCTACATGGAGCGCATTCCCATCCTTCGCATGGGCCGGGTGCTGCTGGTCACCATCCAGGTGGACATGCATGACCAACTCGCGGTGACCCTGCAGGACGATCTGACCGCGAAGATCGTCGAGACCAGCGCTGGAGGTGTGCTCATCGACATCTCCTCGCTGGAGGTGGTGGACTCCTTCATCGGACGCATCCTCGGCAACATCGCCACCATGTCGCGTGTTCTGGATGCACAGACGGTGGTGGTGGGCATGCAACCGGCGGTGGCCATCACCCTGGTGGAACTGGGCATGTCGTTGCCCGGCATCCGCACCGCCCTCAACGTGGAGAAGGGCATGGCGCTGCTGCAGGCCTCCATGGAGGCCGACGAGGTCGGGCTCGAGGGCTCGGATGCAAGTCTTGAGGACTGAGGTGATGCCCATCCGCTCGGCGCAGGACCTGGTGCTCGTGCGCCAGGCCGTGCGCACGTGGTCCGCCGAGCTGAAGTTCAGCCTCGTGGAGCAGACCAAGATGGTGACCGCCGCCAGCGAGCTGGCGCGCAACACCCTGGACTATGGCGGGGGCGGCCAGGTCACCCTCGAGCTCCTCCAGGAGGGCCTCCGCAGGGGGCTGCGGCTGTCCTTCGAGGACAAGGGGCCGGGTATTCCCGACATCGAACTGGCGCTGCGCGACGGGTACACCTCGGGCGGCGGCATGGGGCTCGGGCTGGGGGGCGCCCGGCGGCTCGTGAACGACTTCGACATCGTCTCCAAGGTAGGGGAGGGTACGAGAGTTACGGTGACACGATGGAAGTGAGCTCCACGGCGATTCCAGTGACGGAGAGCAGTCAGGCGGGCCATGCGCGCCGGACGGCGGCGGCGCTGGCCGCTCGCCTGGGGTTCAAGGAGGAGGCCCAGGGCAAGGTAGCCATCGTGGTGAGCGAGGCGGCCAAGAACCTGGTCGCCCATGCGCGCGACGGTTTCATCCTCCTGCGCGTGCTCCATGCGGGCCCGCACGTCGGGGTGGAGGTGCTCGCGCTGGACAAGGGCCCGGGCATGGCGGACGTGGAGCGCTGCCTGCGGGACGGCTTCTCCACCGCCGGCACCAGTGGCGTGGGACTTGGCGCCATGCGGCGGATGTCCACCCTCTTCGACATCCACTCCGTGCCGGGCGTGGGCACTGCCGTGGTGGCCCAACTGTGGGCCGACCAGCCGCCTCCCGTCTCCCGGGTGGAGGTGGGCGTGGTGTGCGTGCCCATGCCGGGCGAGGAGGTATGCGGGGACTCCTGGGCGGTGGACAGCAAGGAGGACCGCTGCGTCTTCCTCGTCGCGGATGGGCTCGGCCATGGGCCCGAGGCGGCCCGGGCCTCGCGCGCGGCGGTGGTGTCCTTCCTGGAGCAGGCTCCTCGCGGGCCAGTGGAGCTGCTGCGCGGCGCGCACCAGGAGCTGCGCAGCACCCGGGGCGCGGCGGTGTCCTTCGCCTCGATGGAGGGCGCGCAGCTGCACTACGCGGGGGTGGGCAACATCTCCGCGGCCGTGGTGTCGCGCGAGGGCGTCATCCAGCGGCTGGTCTCCATGAATGGCACCCTGGGGCACCAGGCGCCCCGCATGCAGCAATTCAGCTACCCGTGGAGCGCGGGGGCCACCCTGGTCATGTGCTCGGACGGGCTGGCCACCCAGTGGAAGTTGGACGGCTACCCCGGGCTGCTCGCCCGGCACCCCGCGCTGGTGGCCGGGGTGCTGTATCGGGACTTCGTCCGGGGCCGGGATGACGCAACGGTGCTCGTGGCACGCGAGACGCCCCGCGGAGAATCACGGTGAGCTCCTCTCTCTTCCAGGCCGAGCTGCGCACCGGACAGGACGTGGTCAACACCCGCCAGCGGGGGCGCCACATCGCCCAGTCCCTGGGCTTCGACGGGCAGGATCAGGTGCGCATCGCCACCGCCATCTCCGAGGTGGCGCGGCTCGCCGCCACCCAGGCCAACGGCCACATCGAGTTCCTGCTGGAGGAGCTGCCCGAGCCCTCCCTGCTCGTGCGGGTGCGGGCCTCGTCGTTCAACGAGGGGCTCGTCGCGGGCAACACGCCGGAGACGCTCCGGCCCGGGCCCGCGCTCGCTCCGGCGCAGCGGCTGATGGACCGGGTGGTGCTGCGCAGGGACGGTGACGGCTGGCTCTTGCTGGAGATGGTCCAGCGCCTGCCGCAGCTCACCCCCATGCCCCAGGCGCTGGAGTCCCTCAAGCAGGAGCTGGAGCGGCAGCGGCGCGCCAGTGCCGCCGAGGAGCTGCAGAAGCAGAACGCGGACCTTCTGCGCGTCCTCGACGAGCTGCAGGCGCGCAAGGCCGAGGTGGATCGGCTCAATCGCGAGCTGGAGGAGACCAACCGCGGCGTGGTGGCCCTCTACGCCGAGCTCGAGGAGAAGGCCGAGGCCCTGCGCCGCGCCTCGGACATGAAGACGCGCTTCATCTCCAATGTCAGCCACGAGCTGCGCACGCCCATCAGCTCCGTGCTCAACCTCTCGCGGCTGCTCCTGGACCGCATCGACGGGCCGCTCACCGCCGAGCAGGAGAAGCAGGTCCTCTTCATCCGCAAGTCCGGCGAGGCCCTCCAGGAGCTCATCGACGATCTGCTGGACCTGGCGAAAATCGAGTCCGGCCGCTCCGAGGTGCTGTGCACGCGCTTCTCCGTGGCGGACCTGTTCGGCGCGCTGCGCGGGATGCTCCGGCCGCTGCGTGTGAACGAGGGCATCTCACTCATCTTCGACGAGCCCGAGGGGCTGCCGGAGCTGCACACGGACGAGCGCAAGGTGTCCCAGATTCTTCGCAACCTCGTCTCCAACGCGCTCAAGTTCACCACCCGGGGCGAGGTGCGGGTGTCGGCGAAGCCGGGTCCCCGGGACTCGGTGGTGTTCTCGGTGCGGGACACCGGCGTGGGCATCGCCCCCGAGGACCAGGAGCGCATCTTCGAGGAGTTCATCCAGGTGGAGGGCCCCCACCAACAGGGGGTCAAGGGCACGGGCCTGGGGCTGCCGCTCTCCCGGCGGCTGGCGGAGCTGCTGGGTGGCTCGCTTGCCGTGGAGAGCCAGCCGGGCCAGGGCAGCACCTTCCATGCGACGGTGTCCCGGGACTACACCCAGCGGCCGGGCGCGGCGGGGGAAGAGGACGGGGACCCCCAGCAGTTGGAGCGGGATACGCCCCATGTCCGGACCGTGCTCATCATCGACGACGACGAGGTCGCCCGCTATCTGCTCCAGCGGGTGTTGGCCGATGCCTCGCTCCAATTCCGCGAGGCCGCGACGGGGTTCGCGGGGCTGCGGATGGCGGGTGAGGTGCGGCCCGCCGCCATCTTGTTGGACCTGTCGCTGCCCGGCATGGATGGTTTCGAGGTGCTGGAGGCGCTCCGGCGCGAGCCCTCCACCCGGGACATCCCCGTCATCATCCACACCAGCCGCTCGCTGACCGAACAGGAGCGCGGGCGCCTCCTCCCTCACGCGGTGGGGATCCTCTCCAAGAGTGGACTCACCCGGGATGTGGCGCTCGACCTCCTCCAGCGGGCACTCTCCGGCCCGGGCCAGGCGCCTGGTGGCGGTGCCACCCGGACCTGATTTCCGCCCCCCCGCGAGTCTTCTTGAGGAGACCGACGTGTCGCACAGGGAAACCATCCTCCTCAACATCAACGACAACGAAGCCAACCGCTATGCCGTCACGCGCATGATGCAGGCGGCGGGCTTCCAGGTGCGCGAGGGGGGGACTGGCGCCGAGGCGCTGAAGCTCGCCGCCGAGATCCTGCCGGACCTCATCATCCTCGACGTGAAGTTGCCGGACCTCAACGGCATCGAGGTGTGCCGGCGGCTGAAGGCCGAGCCGCGCACGGCGGGCATCGCCGTGCTGCACCTGTCTGCCAACTACATCCGCCCCGAGAACAAGGTGGAGGGGCTGGATAGCGGCGCGGATGGCTACCTGGCGCAGCCGGTGGACGCCTCGGAGCTGCTGGCCACGGTGCGCGCGCTGCTGCGCATGCGCCTGGCGGAGGAGGAGGCGCGCGCGGCGGCGGTGCAGTGGAAGAGCACCTTCGACTCGCTGGGAGACGGGGTGTGTCTGCTGGATGGGCACGGGCGGGTGATGCGCGTCAACCAGGCCCTGCTGCAGTTGCTCGGGTTCTCCGAGGCGCGGGTGTTGGGGCGGCCCTTCGATGAGCTGATGCGGGCGGCGGCG
CP043495.1_gap24	923891	928095	4204	CACGTCGCGGAAGCCGCGGCCGAGCTTGTTGCCCTCGGTGGGCAGCGAGTCCAGGTAGCGCGCCGAGGCGTACTTGGCCGTCTTGAGCGCGAACTCGGCCGAGGTGCCACCCACCACGATGGCCAGATGGTACGGCGGGCAGGCCGCGGTGCCCAGCGAGCGGATTTTCGACTCGAGGAACGTCAGGAGGCTCTGCGGGTTGAGGACCGCCTTGGTCTCCTGGAAGAGGTAGCTCTTGTTGGCCGAGCCGCCGCCCTTGGCCATGAAGAGGAATTTGTAGGCGTCGCCGTCGGTGGCGTAGAGCTCGATCTGCGCGGGGAGGTTGTTGTTGGTGTTGACCTCCTTGTACATGTCGAGCGGCGCCATCTGCGAGTAGCGCAGGTTGGCGGTGCGGTAGGTGTCGAAGACGCCGCGCGAGATGGCCGCCTCGTCACCGCCGCCGGTAATCACATACTGGCCCTTCTTGCCCATGACGATGGCGGTGCCGGTGTCCTGGCAGGAGGGGAGCACGCCGCCAGCGGCGATGTTGGCGTTCTTGAGCAGCTCGAGCGCCACGAAGCGGTCGTTGGACGAGGCCTCGGGGTCCTGGAGGATGTGGGCGAGCTGCTGGAGGTGGCCGGGCCGCAGGAGGTGGGAGATGTCCCGCATGGCCTCGCGGGTGAGGAGTGAGAGCGCCTCGGGGGCGACCTGGAGGAAGGTCTTCCCGCCGGCCTCGAAGGTGGAGACGTGATCCTTCGTGAGCAGCCGGTAGGGCGTCTCGTCCTTGCCGAGCGGCAGCATGTCCTGGAACTGGAAGTCGTTCATCGTGACCTTCTCCAACGGGTGGCTCCGCCGATTGTCGGCGCAGAGGGGCCCGTCCGGGGAGCCTTCCGGGAACCCATCGAAAACCTTCCCTCATGCGAGCAACGAGCCATTGTGGGGGAGCCGCCCGCCCTGGGGCGGCTGAGCTGCATCCAGGCGGGCAGGGGGGTCGCTTGCCCCGTACGGGTTTTCCCTGCCACGCTGAGGGGGATGGCGACCCCGAGCCATATCACCTTCGATGACTCCTTGTGGCCGCTGCTCGTCGTGCGGTTCACCGGCACGCCGACGAATCAGCAGTTCGAGGAGTACATGGCCAGGCGGGGGAGCTATCTGGCACGCAACCAGAAGCACACGCTCATCTACGACACGGTGAGCTTCACCGTGCTCTCCTCCGAGCAGCGCCAGCGGCAGATCCACTGGCTCAAGGAGCACAAGGAGCCGCTGCGGACGCTCTCGCTGGGCAGCGCCCTCATCATCACCTCGCCCGTCGTGAGGCTGTTGCTGAGCGGCGTCCTGCACTTCTCCCAGGCGAGCTCGCCTTACCATGCCGCCCGCTCGATGCCCGATGCCGCGAGCTGGTGCGCCGGACGCCTCGCGGGCGCCGGTCTGCTCGCGGAGGCCCAGCGTGTCCGGACGCACTTCGGGCTGACTCCAGGACAGGGCACTGGCTGAGCCGGTCCGGGCGCGAGGTCGGGCAACTGGTCCGATTGTTGGACCAGTCGAGCACGTCGTTCTGGGCACCTGCCGCCCGGCTCCCTGCCCGGTGGGCGAGGGGCATGCGGCAATCGGAAAGGGGTGCTCGCGGGAGAGCCCTGGTAGCATCCGCCGCCATGATCCGACCCCTTACGAAGTTCCTCCCGGCCCTGGCTGTCTCGGTGGGACTGGCCGCGCCCGCCGCGCTCGCCTGCACCAGCCTGCTGGTCAACAAGGGCGCCACGGCCGACGGCTCCTCCTTCATCACCTACGCCGCGGACTCGCACGAGCTGTACGGCGAGCTGTATTACACCCCGGCGCGCCGCAATGCGCCCGGCGCCCTGCGCGACATCGTCGAGTGGGATACGGGCAAGTTCCTCGGCCGCATCAAGGAAGCCCCCGTCACCTACACGGTGGTGGGCAACATGAACGAGCACCAGCTCTCCATCAGTGAGTCCACCTTCACGGGCCGCAAGGAGCTGGAGGGCCCGGCCGGTATCATCGACTACGGCTCGCTCATCTACACCGCCCTGGAGCGCTCGAAGACGGCCCGCGAGGCCATCAAGGTCATGACGGACCTGGTCGCCGAGTACGGCTATGCCTCCACCGGCGAGTCCTTCTCCATCGCCGATCCGAAGGAGGCGTGGATCCTCGAGATGATCGGCAAGGGCACGGGCCAGAAGGGCGCGGTGTGGGTGGCCCGCCGGCTGCCCGAGGGCTACCTGTCGGCGCACGCCAACCAGGCCCGCATCCGCCAGTTCCCGCTGAATGACGCGGAGAACACGGTGTACTCGCCGGACGTCGTCTCCTTCGCGCGCGAGAAGGGCTGGTACACGGGGGCGGACAAGGACTTCAGCTTCGCGGACACCTACCACCCACTGGACTTCGAGAGCGTGCGCTTCGCCGAGGCGCGCGTGTGGAGCATCTTCCGCCGCGCGGCGCCGTCGGCCGGACTGGGCGCGGACTACGTGGATGGCTCGGCCCCCACCAAGCGCCTGCCGCTGTGGGTGAAGCCGGACAAGAAGCTCACCGTGCAGGACGTCATGGGGCTGATGCGTGACCACTTCGATGGCACGCCGCTGGACATGACGAAGGACGTGGGCGCCGGGCCGTACGCCGCGCCCTACCGCTGGCGCCCGATGACGTGGGAGGTGGACGGGAAGAAATACTTCCACGAGCGTGCCATCTCCACGCAGCAGACGGGCTTCTCCTTCGTGGCGCAGATGCGCTCGTGGATGCCGGGCCCCATCGGCGGCGTGCTCTGGTTCGGCGTGGATGACACCTCCACCACCGTGTACACGCCTATGTACGCGGGCATCCGCACCGCGCCGAGGAACTTCGCCACGGGCGTGGCCAGCCGCGGGCAGTTCTCCTGGGACTCGTCCTTCTGGGTGTTCAACTGGGTGTCCAACCAGGCCTACGCGCGCTGGAGCGACATGAGCGTCGACGTCCATAAGGTGCAGGGCGAGCTGGAGGGTCAGTTCCTCGCCGACCAGGCCGACATCGAGAAGGCCGCGCTGGAGCTGTACAAGAGCTCGCCCGAGCAGGCGCGCACCTACCTCACCGAGTACTCGACGCAGCAGGGCGACAAGGTCCACACGCGCTGGCGCAAGCTGGGCGAGCAGCTGCTCGTGAAGTACATCGACGGCAACGTGCGCGACGAGCAGGGCCGGGTGAACCACCCGAAGTACCCGGAGTCCTGGTACCGGCACATCGTGCGCGACACGGGCGCGCGGCTGGCGCTTCCCGAGGCGCCGAAGCCCGCCGAGGCGAAGCCGCAGGCGCAGCCGGGCCAGAAGGCCGAGCCGAAGCCCACGGTCGCTCCGGCGCCGTGAGGTGGTGAGGAACCCGGGCGCGCGAGGCTCCCGCGCCCGGGGAGCGGGAGGCCAGGGAGGCGTTATCTCCTTGGCCCGGTGCCTGGACCCGTCGAGACTCGTCGAGGGATGCGCATGTTTCTCTCGACACCTTCGGGGTCCGCCATGTCTCGAATCGACAGCGGAGTGGCCACGCACATAGGCCGCCGGCCGAACAACGAGGACTCCTACTGCCAGAAGCCGGAGCTGGGCTTCTTCGCGGTCGCGGATGGTCTGGGAGGCCACGAGGGTGGCGAGGTGGCCAGTCAGCTCGTGTTGAGCACGGTGGCCGATTTCCTATCCACCCAGGCGGGCCAGCCGCAGCCCGCCACGCCGGGAGGGACGGCGGAGGGACTCCTCGTCCGGGCCGTGCGCCTGGCGCACCATGAGGTGCACGTGCGTCAGAGCGGGCGGTTGTCGATGATGGCCTCGACGATCACCGCGGTGCTGTTGAGGGACGGAGAGGTCGTGGTGTGCAACCTCGGGGACAGCCGCACGTTCCTGGTACGCGAAGGGGAGCTGCGGCGGCTCACGAAGGACCACACGGTGCTCGCGGAGATGGAGGAGGCGGGGCTGGATACGAGCAACCCCTTCGCCATGCTGCACCGCAACTCCCTGACGGGGGCCGTGGGGATGGAGGCCAGCGTGGACCCTGAGTGCTGTCGCGTGGCGGTGCAGCCGGGGGATGTGCTGGTGCTCGCCAGCGATGGCCTGTACGAGCCCGTGCCGCCGGAGCTGATGGTGTCCCTGCTGGCGGAAGGGGGCTCGGCCCAGGAGATGGCCGAGCGGCTCGTTTCCCAGGCCTACGACCGGGGAGGCACCGACAACATCACCGGCGTGGTGGTGCGGGTGCTGGA
CP043495.1_gap25	932396	936913	4517	TTGGGGTTGGCCCGTGGCTCTCATCATCTCCGAGGACCTCAAGCAGGCCATGGAGGCTGAGGGCATCACCGGCACGCGGTTCGTCGAGGTGTGACGTCGCGAACGCCGCCGCTGGGGTATTTCTCAAGTTCTACTTTTTCAAGGGCCCACGTGCCCGAGGGCGGACGCAAACTGGTGCCGGGCAACAGGGTGACCTAATCTCCGAGGTCGGCTGGCGCGGCCCATTCCACGAGGACGGCCCCGTACGGCCTCGGAGGGTGGATGGAGCTGGTACCGCTGCATGGATGGAACCTCTCACCGAAACAGGCGGTGGCGCTGCAGCGTGAGCTGCGCGAGCGTCTGATATTGCGTCCGCCCCCGGGGCTGAAGGCGGAGCGGGTGGCGGGCGCGGACATCTCCATGAGCCGTGGTGACGACACCGCGTACGGAGGCCTCGCGGTGTTGGACGCGGGGACGCTGGAGCCCGTGGCCCAGGTGAGTGTCGCGGTGAAGCTGCGCTTCCCCTACGTCCCGGGGCTGTTGTCCTTCCGGGAACTGCCGGTGCTCTCCGAGGCGTGGGCCCGGCTGAACGTGCGTCCGGACGTGCTCATCTTCGACGGACAGGGCACGGCGCATCCCCGGCGCTTCGGGCTGGCGTGCCATGGAGGGCTGCTGTTCGGCGTGCCCTCCATCGGGTGTGCCAAGTCGCTGCTGGTGGGCGGACACGGGCCGCTGGGTGCCGAGCGTGGCTCGATGGCGGAGATCACCCATGGGGGCGAAGTGGTGGGCATGGCGGTGCGCACGCGCCCCAACGTGCTGCCCGTCTACGTCTCGCCGGGGCACATGATGGACCTGCCCACGGCGGTCGAGCTGGTGCTGCGGGTGACGTCCCGCTACCGCGAGCCCGAGACGACGCGCCATGCGCACCGCCTGGTGAACGAGGTGCGCCGCTCGGCCCGGGGGCAGTAGCCCACGTGCCTCAGTGCAGCATGGCCTCGAGCCGCACCTCGGCCACGGCGCGCACCTGCTGCGTGAGGATGTCGTTGAACCTGCCGGGCTCCTCGAACGATGGAGAGTGCCCGGAGTGCTCGAACCAGAGCAGCGTCTTGCGCGGGGCCTCCAGCTTGTCGAAGTAGCGCACGGCCAGCTCCGAGGGGGTCACGTAGTCCTCGCGCCCGAGCAGGAACCAGACGGGCACATCCAGCCGGGGCACCTGGGCCTCCAGGTCCAAATCGGCCAGCTGCGGGTACACGCGCGGGAACGTCTCCCGCAGGCCGAGGAAGAAGTGCACCTTGTCGCGCAGCGAGTACTCGGGCGCGGTGAGCATGGAGGAGAGCAGCTCGGGCATCAATCCCCGGCGGCCGGCGTGGCGGCCCGCGAGCGAGTACAACGTGAGGTACCGCTGGGTCATGTCCCGGCCGGTGTAGGGCGGCGGGCCGATGCGCGCCAGCCGCGCGAGGGCCTTGTAGTCCCCGTAGCGCATCGCCAGCTCGTAGGCGCGCAGGTGGCAGAGGGTGTCGTTCTCCAGGAAGTTCACCTGCTGGCCCGTGCCCACGAACGCATGGACGCGCTCGGGGCGGCGCTGTGCCAGCAGCACGCCGAGGATGCTGCCCCACGAGTGGCCCACGATGAACACCTTCTGCTGGGAGAAGCGGGTCGTCAGCAGCTCGAGCAGCTCGTTGGCATCGGAGACGAACTGCTCCACCGTGAGGTCGTCCTGGTTCTTCCGGGCGGCGTAGGACTTGGCGGCGCCACGCTGGTCCCACTGCACGACGGTGAAGTGCTCTTCCAGGGGCGCGTTGAAGTGGCGCACCCAGGCCAGCTCGGAGGAGCCGGGGCCTCCCGACAGGTAGAGCAGCAGCGGGTTGTGGAGGCTCCGTCCGCGGATCAGCAGCCACTGGTCCACGCCTCCGAGCCGCACCTGCTCCAGGGAGGCGATGCCCTCGGACACGGGCCGTCCCCGCGCATCCCGGAGGCGGGGCGTGAAGCCTTGGCTGCTCCATAGCCGGGCGCCCAGGGCCACGAGCGGAATCCCTATTCCCGCCCCTGCGAGGATGCGTCGGGTCGAACGTTCCATGTCACTCCTCCTCGCCTCCAAAGCTAGTCACGGAGCCGCCTGGCCTCGCCGGCCGCTGGCCTGCCCGGCGTGCGGCCTTCATCCTCAGGAGGACGCGACGAGCAGGATGGCCAGGCTCACGAGGCTCTCCCCCGCGATGAGGCCCGAGGCCAACGGCACCGTGACTCCGTCCGCGAGCGTGGGCCTCGCGCGGGCCAGCAGCGCCGCGGCCACCGAGCCCAGGAAGATGGACAGGGAGGTGGAGGCGGGCAGCACGAAGGCGATGCCCAGACCGGTGGGGGAGGGGATGAAGCGCCGGGCGCGCTCGGGGGCGAAGCGCTCCAGGAGGACGAGCCCCACGCCCAGGAGCGCGCCCACGAGGGCACTCCAGCGCGACACCTCGGGCAGGCCTCCCAGGCCCGAGGAGAGCACGCGCGCCACGCCGGCCACGATGAAGCCGGAGGGGGCGGGGAATCGCTCCTCGGAGATGGCCGAGACATCCGGCACCAGCAGGTAGAAGACGGGGACGATGAGGGCCGAGCCGACGACGCAGCCCCAGAGCTGGGCGAGGAAGGTCTGCCGGGGAGCGGCGCCGAGCAGGGTGCCCGCCTTCACATCGGTGAGCAGGTCCGCGCTGGAGGCGGCGATGTTGCCGGAGAGGCTCGCCGCCACGGTGTTGGCCAGCGTGTTGCCCGGCATGAGGATGCCGAAGGCGAGCTGCGCCACGTGTCCCAGGGTCCCCGAGGGCGTCATGTCCGTCTCGCCCGTCGCGCGGCACGCCACCGCCGCGAGCGCGAAGGAGAGCAGCACGCCCAGCAGGCCGAGCGGGAAGGGAAGGCCGAAGGCCACCGCGCCCACCGTGGAGAGTCCCAGGGAGAGCAGCACCACCCCGGCGAGGAACCACGTGCGGGGCACGTCCGTGGACTCGGGCAATTCACCCGGGGACCGGCGTGCACCGAGCAGCGCGCCGAACGTGCGCCGCAGCAGTCCCCGCTGGAGCGCCAGGTGGGTGAAGGAGGCGCCCGCCACCATCGCGGCACAGGGCCACATGCTCCACTCGAGGATGCCGTAGTAGCCCGTCTCCTTCAGGAGCCCGTGCCCGTGCAGCCAGGGGGCGAGTCCTCCGTAACACACGAGCGCGCCGAGCAGCAGCGAGGCCCCGGTGCGCAGGCCCACGAAGGCTCCGGTGCCCAGCGGCAGGAGCATCAGCTCCATGGAGATGGTCAGCTCCGCCAGCGGCACGCCGAGCAGGGCACCCGGTAGGGCGATGGCGGCGGGAAACAGCTGGAGCCCATCGCGCGCGAACGCGAACACACCGGCCCCGAGCGCTCCCACGCCGAGGGCCCTCGCACCCTGGCGGCCCGCGGAGTCCCCGGCGTGCAGCGAGCGCGCCACCGAGGCCGCGGCCATGCCCGAGGGAAAGGGGAGGGGCTCGTGGCGGATGAAGGCGCGCTGCATGGGCAGGGCGAGGACGACGCCGAGCGCGGAGCTGAGCAGCGTCCACAGCAACAGCGCCCACAGCGGAGGATGGTGGCCGGAGAGCAGCAGCCAGGCCACGCTGGCGGTGACGATGGTGCCGCCGGTGGAGTAGCCCGCGGAGGAGGCGGCGGACTGCATGGCGCTCGTCTCGCGGAGGCTGAGGGGCGGGCCGAAGCGCGAGGCGCTCAGCCGCAGCAGTGCCCGTTGCAGGCCGAGCCCGATGACACAGGCGATGAGGGCGGCGGGGAAGGAGAGGCTCGTCTTCAACCCCAGATAGAGGTTGGACAGGCACATGAGCGCGCCGATGAGGCTGCCGAGCGCGAGCGCGCGCGGGGTGAGGGCCGAGGGGAGTGGCTCTCCGGCTCGTGGCGCCTCCGCTTCGGGGACGGCGGGTGCCGTCTTGGCCTCGTCTCTCGCTGTGCCCTCCGGCATGTCCCCAGGATAGCGCCCGGCTCGGGCGTCCTGAAATCCACTCCGCCAGGCTCCTGGAGGCCAGGCGGGCGGGCGTCGCCGTCTCAGTGGCCCTGGACTCCGGGCCGCAGCTTCTCCAGCTCGGCGAGCACGGCCTTCAGCTCGGGGGTCTCCAGCGCCTTGTGCACCGAGGCGAAGAACTGCGACAGGTCCCCCGCGCCCTGGTGCTCGTAGATGGTGGCCTGCAAGCCCATCTCCAGCCGGTCCACCTGGCGCACCAGCCGGGCCTCGAAGGAGGTTCCGTGCTCGTACTCCCGCCACAGCGCGAGGTACTCGGTGCCGCGCGGCAGCTTGGCGAGGATCCGCTCCACGGCCTGCTGCTCACGCTGGAGCTTCTCCTCGCGGCTCACGGCGTCATGGGGCGTGATGTCTCCCACATAGGCCTCACCCAGGTCATGCAGGAGCGCGATGCGCACCACCTTCGAGGCGTCCGCCTCGGGGAAGTAGCTGTCGGCGAGGAAGAGGCCCAGCAGCGCCACGCCAAATGAATGCTCGGCGACACTCTCGCAGCGCTCCCGGGCGAGGCCCACGC
CP043495.1_gap26	946875	950392	3517	TTGCTCGTCATGAACTCCTTACTACCGCCGTTCTGGTCTCCAGGGCGAGAGAGAAGCAGGCCGGGCCGGGGCCGGGGCGGTTGCTCGGGCCGAGCCTGCCCTGGCCGCTCTCCCGGCGGGCGGCCCTCCCCCTCGGGAGGAGGGCATCGTTGGAGCTCCAGGAGCCGTCAGCTGGCCGGGGCGGGGAGTCAGAGGGTCTTGAGGTATTCCACGAGCGCCCAGCGCTCCGCGTCGGGAAGCGTCACGCCGTACTCGTGGCCCCGATTGGAGTTGCCGGTCACGCGGGTGTCGAACACGAAGGGGGCCGAGCCGTCGCTGATGTAGCCCACCTGCTTGGGGTCGTACTCCCAGCGGCCCACGGAGAAGGTCTGGGGCCGCTCGGTGGGCGGCAGCAGCAGCGCGTAGAGCGTGGGGACCGAGCCATTGTGGAGGTAGGGAGAGGAGGCCCAGGTCCCATTGAGGGGGCGTGCCTTGTAGGCCAGGAGGTCGGCGGCCGGGTTCGCGTCACTGTTCCGGGTGTGGTTGCCTTGTTTGGCGGTCTTCTCCTGCCGGTGGAGTCTGGCATTGACGAGCGACTCGAGCGCCGCATCGGGGTTGGCCGAGACGGTGCGGGTGGCCAGGTCCGCTACCAGGGAGAGTGCGCTCATCTGCGCGCCATACTTCGAGCCCTGGGGCGAGAGGGCTCCCTCGAGCACTCCCGAGGGTACGCGCGCCTCGGCGATGTTCCGGGCGGTGGTGTCATCGGTTCCCACGACGTCGATGCCCGTGATCATGGCGGTGACGCTCCGCTTGGGGTCATCGCGGTCGATGAGGGCGTGGCACGACACGCAGTGCGCCTGGTACAGGGTCTCGCCACGGGCCGCCAGCGTGCGATCGATGGGCGGGAGGACATTCTCCGGCCACCGGGGTGACTTCAGCCCTCGCAAGGACTCCTCCATCGCGACCAGCTCGTTCGCCTCGACCGTGGAGGGATAGCCCTTCTTCGCCGCCTGCTCCGTCTCGTAGTGCTTCACCTCGATGCGCCCGAACACACCCACCACCTCGCCGGTGTTGCGGCCCAACGAGCCCGCGCCCGCGTTCGGCGAGAAGCCCGTCCATTGCACATAGTCGTGGCGCGGAGCGTCCCACAGGAGGGGATAGCTCGTGGGTGCATTGGGCTCGATGCTGTTCTTGGCGTCACTGCTGAAGCGGATCGCCTGGTTGATGATCCGTCCGACCGCGTCGAGCCGGCCGAAGCCTTCCACGGTGGAGGCGTGGTTGGCGGTGTTGTAGCTCTCGAACCAGCGCAGCGTCTGGGTGAGGCTCTTGCGTGCCGCCTCGCGGCTGGCCTCGTCACGGCCTCCTCTCGGCACCGCGGCGGCGAACCGGGCGAGCTTGGCGTCATCGGCCAGCGTGGCCGTCAGCGCCGCCTGCATTTCGCGCAGGAAGCTGGAGACATCCGCGAGCGCGGGAGCGCCGTCGATCCGGATCGCCGTGCCGCGGTAGTTGAGTTGTGAGGTATGGCAGGCCGCGCACGTCAGGCCTACCTGGTCCTCGTGGCGTGCGAAGCCCACGGGGAGCGCGTCGGGGTTGTTCGGGGTCCTGTGCTGATTGAGGAACCGGAACCGCGTCATGTGCTCGGGGTGGATGAACGGCTGGTCATTCCCGGCCTGCTCCAGATGGACGAGCGTGTCGTAGGGCATGAGCACCGAGCCCTGATCGGCATGGTAGAACCAGAGGGTCTCGGGCGGACCCCAGCCCTGGTCCAGGTAGACGAGCTTCGTCGCGCCGTCACCGTAGGCATCCTTCTCGAGCAGGAGCCCCGCGCGTTCGCGGAAGCCTTTCAGCAGCTCGCGGGGGCTCCCGAGGGGCGGCGGCTTGTTCGAGGCAAGCTCTCCCGTGCTCGCACAGGCCGTCAGCACGAGCAGGGGAATGATGGGGAAATGGTGCCGACGCATGCCGCTCTCCTTCGTTGAAAGGCATGGTTTGGGTAACACGCCCTCCCCGAGCGAAAAATGACCATGATCGGTGCACCGGGTGCGCAGAATCTGGCCAGGGCACGGTGCTGGCCTGGGATTTGCGAAGGAGCCTCCGCTGACGGAGGGATGGATGGGCATTCGTGCAGGGGCGTTGGGGGCGGGACTCGTGGTGGTTTCATTGCTCTCGGTGGGTTGTACTGACCGGACCCGGACAGTCGACCCGCCGGAGACGCAGGAGCCCGGGTCACCGGATGGAAGCGAAGTTCCCTCGGACGTCCCTCCCGTTCCCTCGGAGGATGCCGGTACTCCCCCGGACCCCACTCCGGATGAGGATGCGGGGACACCGCCCGATGCCGGAGAGCCGGAGCCGGAGGAGCCCGAGCCACCGGATGCGGGTCCGTGGCCGATGGACGCGGTGCTCGACTACACGCAGTCGTTTGGTGTTGGGAAGCCCCAGAGCGTTGGACTCGATGAAGGGCTGAACCTCTGGTTCCTCGACGGTAACCGCATCGGCGTGCTGCGCCCGGGTGACACGGCACCGGCGTGGACCACGGGCGTGGGTCAGGCGCGCCAGCCGTTCGGTTCGGATTCGCTGGCGGTCGGCTCGACGGTCATCTGCGGCGGTGAGGCCGGGCGCGCGTACGTGGGGTATCGCGCGCGGGAGATGCAGCGGGCGGAGGGAATCTCACAACGCACGTACATCCCCGGACCGGGCGAGGCGAACTACACGCCCGAGCGCTACGCCGAGTACCAGAAGGGAGACCTCGACGCGGTCCGTCTCCAGCAGGATGGGACCGTCGTGCTCGAGGAGCACATCTGGCGCACCACGGGCTCGTCGAACAAGGGCAAGCAGATTGGCATCCACAACACGAACGACTTCCACTACGAGGAGGATCGCAGCGTCCTGAACTGCGCCCGTGTGACGCGAGGCCCGTATCGTGGCGACCTCTACATCACGACCAACCACGGTGTGACCCGCATCCAGGGGCTCACGTACAACAGCCACCGTCATCCGGGCTGGTACCTCGTCACCACGAATCCGGACGGCTCGAAGGACGAGTCGCTCCAGTGCCCGCCGATGTACGGATTGGGAATCGCGCCGAACGGAGACGTCCTCGTGGCCAACGAGCAGATGCTCGGCGTGCTCGTCCCGAGTAGCAAGCTGGAGGAGTGGGACCGCGAGTACACCTGGGAGGGTCCCACGCCCTGGCGGTTCAAGGGCTTCAATGAAGCGCTCAACGGTCAGGCCACCGATGATTTCTGGCGTGCCTTCGAGCAGACCACTTCGGGCCGCTACTACCTGGGGAGCGCGGAGTACGGTGTCTGGGTGATGACGCCGAAGTCCCGCTCCGCGGGGAACTGGTCGCGGCTCGGCGGACTGCCGACGAGCCGGATCCTCTCACTCAAGGCGACGGATGATGGGGCGCTCTACATCGGCACGGATGGTGGGGGCCTCTGGCGGCTGGAGGCGGACGGCACGACACTGGTCCAGGTGCCACAGGTGACCGGCCGGCGTGTCCTGCAGCTCGTCTACGAGCCCACGGTGACGCCGAGCATGC
CP043495.1_gap27	978446	982932	4486	AGCCGTTCCTGCTCCGCCGGGGCCGCGAAGCGCACCTCGTCCCAGGCCCCCAGCAATGGCACCACCGTCAGCAGCACCGTCAACGGAGGCGAGCGCTTCGGCACCAGCTCCGCCACCGCCGAGGGTTGTACGGGCAGCTCCGGCGAGGGCCATCGCGTCGGCTGGGCCGGCAGGGTGCCCGTCCAGAGCAGCTCCGCCACGTCCTCGAAGCTCCGCCCCTCCACCGCGAGCCGCACCGCCGGGTACCCCCGGTACGCCAGCCCCTCCGTCCCCACCCGTGACACCGCCGAGTCGATGACGGGCTCGCCCCAGCGCAGCGCTCCCGCCGCCACCGCCGCGTGCCCCGCCCGTGCATCGTGCCGTGCCTTCAGCCGCTCGAGGTCCGCACGGACGTACCGGTTCTCCTTCGTCCCCGGCTCCGGCACGCACCGCACCAGGCCCCGGCTCACGTACGTGTAGAGCGTCGCCCGTTTCACCCCCAGCAGCTCCGCCGCCTCCGCCGCCGGCACCAGCTCCTCATCTCGACTGTCGAATCGAGATTGAGCCCTGGGCCCTCGCGCTTTAACCATTCGTCATTCCTCCCGGCGCGCATTGTCGACTCGACTTGATGGCGCGTCGAGTCGAGATGGAAGGAGCGGGTCACCATGCAGGTCGACTTCGGACGGACAGCGAATGACTACGTCCAGTTCGGCCACGGCACCGGCCTCTATCCCGCCTGGTTCAAGGACGTCGCTGGCGCGGGCTTCATCGGACTCGAGAGCTTCTCCTTCGACGTCGCCGTTCCCTATACCCATGAGGCCTGGCGCGGGCGTGTGCGGGCCAGTGCCAAGATTGGTGCGTCGCTCGCTCCGGAGCAGGTCGCCCTCTTCGATGCCGCGCTCGCCTCGCTCCTCGCCGAGCGTTTTCCCGCGGAGCCCCTCGCCGTTCCCCACCGAGTCTTCGCTCTGATCGCCACCCGTCCGTAGACCCTCACCCCAACCCTCTCCCAGCGGGAGAGGGGGTTTCTCGGAGTTCGTCATGGCTCATCCCCACGTCGTCAACGCGCAGGACCTCCCCTGGTCCGAGAGCACCCGCGGTCTCCGCATCGCCATGCGCCGCAAGCAGCTCGGCGCCGCCGCCCAGGGTCAGAAGCTCGGTTGCAGCCTCTTCGAGCTCCCTTCCGGCAAGCAGTCCTGGCCCCGCCACTACCACCTCGCCAACGAGGAGGCCCTCTTCATCCTCGAGGGCTCCGGCACGCTGCGGCTCGGCGACGAGACCGTGCCCCTGAAGGCCGGTGACTACGTCGCGCTCCCCGCGGGGCCCGCCTGCTCGCACCAGCTCATCAATGAGAGTGGCTCGCCCCTGCGTTACCTCGCCTTCTCCACCATGCTCGAGCCCGACGTCATCGTGTACCCGGACTCGAAGAAGGTGGGCGTGCTCGCCGGGGCCGCTCCCGGGGGCAACAAGGCCGCGCGCACCCTGGAGGCCTACCTGCCCCTGAGCTCCCAGGTCAGCTACTGGACCGGCGAGGAAGGTTGAGCCTGGGGGAGACGCCGTGGCACCCTCGCGGTCCCATGGCCTCCCTCCTGGACTCGCTCGAACGCTCACGCCTCCTCAAGGACCGGGATGCGGCGCGGGAGGTCCTCAACCCCGCCGAGCCTCCCCATGTCTCCCTGCTGCGCCTGTGCGACGCCGGGCTGCTCGAGGGCGGCCTCACCGTTGCGTTCGGCGTGCGGCCCGATGAGCTCGTGGGTCCTCTCACCATGGCCATGGGCGGCGCCGCGAAGCGCTTCAAGGTCGTCGATGTCCGCGAGCGCCCGCGCCTCGAACTCCACGTCCTCGCCGGAGAGACGTCCGAGCGCTGGGAGGTGGAGGACCTCTGGGCGCTCGTGCACAACCTCAACAGCCTCTACCGTGACGCTTCCGATGTGCGCGCCATCGCCCTGCTCGGCGAGTGGAACGACGCGCTCCAGCTCCTGTGCGTGGACAAGCGCGCCCTCCCGCGACTCCTGCGCGAGCGCTTCTTCGTGCCCCAGAACAGGGATGCCTTGGAGCGCGAGCCGGAGCGCTCCTGAGGCCCGTCAGCGTCCCCGCCGCTTGAACTGCGCCAGACTGAGCTGCTGGTTCAGCCGGGCAATCTCCTTGCGCGCGGCCTCGAGTTCCTCCGTGGGTTTCGCGCCACCGAAGAGCTCACGGAGCCTCTCCACCAACGAGCGTTTGCCGGAGGACGCGCGGGAGCCGCGTTTCGCCTTGGCCTTCGTCAGCGCCTGATTCGAGACCTCCAGCTGCTTCTTCAGCTGCTTCACCTCGTCACGTGCCAGGGAGGCTTCCCGCTGGGACTCGCTCAGCTCGGCCGTGCGCGTGGCGAGCTGCTGGTCCACCTCCGTGCACGCGGAGCGGAGGGCGGCATTCTCCTTCTCCAGCGACTGCACCTGCGTTCGCAGGGCCTGGAGCTCCGCCGCTTCCTGCTTCTCGTCGCGCGGTGGTGCCACGGGGGCCGCTTTCTCGCGTGCGGCCAGCTCGGCCTTGAGACGTTTCACCTCCGTCTGCGTCGTCTCGAGCAGATCCCTCAGCTCGCGCTCTTCCGGCCTGGCCACGCTTCCTCCTCGGTGGCCGGGAGCATAGCCCCGCGAGCGGTGGGGTGTGCACTCGCCGTTACCAGACAGGGGCGGACTCAGCTCGCGAGTGTCGGGGCCTCGGTGAGGGGGGTGGCGTCGCTCGGGCCCCGCTTCTTGCGCTCCAGGTACCAGCGGCGGAACGCCAGCGTGGCCCGGTCCGTCGCCACGCTGCGCTCCTCGGAGACCGGCGGCGATTCGACCGGGTAGCTCGACTCCACCACCGCCTGGTCCTCCCGCAGGATGCGCTTGTTGAAGCGGTCCAGCAGGGCCGCGAGCGGCTGGACCTTCAGGAAGTCGCGCGTGCTCACCAGCAGCATCCGCGTGTGGTTCTCATCCACCGGCACGCACCACATGAACAGGTTCATGAGGCGCTGGGGGATGGGAACCCTCAGCGACATGCCGTTGGGCCGCAGCCAGTCCAGGTATGCGTCCGAGGCCACTCCATCCAGGGTCCACGAGGAGCGGAATCCCGTGGGCGTGGGGTGCACCTCCATCTCCATCTTCGAGTCCGGCTTCATCCGCCGCGCCAGCGCTCCACCGATGGTGCGCCGGTGCACGAAGGGCAGGTGCGGCGAGTCCAGCATGTTCTCCAGCGCCCGCGTCCAGTGCGCGTTCCACGTCTCGGCGTAGTGCCACACGTGCACGCCCGGCTGCTCCATCACGGAGGGCACGGACAGCTCCTCCGGCGCCTCCTCTCCCGGGCGCGTGTAGACCCAGATGAGGCCCCCGCGCTCCTGCACCGGGAAGGTCGTGGCGGCGAAGCGCCGGCGCTTCTCCTCGGGCATGGGGTTGAGCGGAATGTGCGTGCACGTCCCGCTCGAGGCGAAGCGCCATCCGTGGAAGGGGCACTCCAGGCACCCGTCCTTGCCCACCTTCCCCAGCGACAGCTTCACCCCGCGGTGCGGACATTGATCATGCAGCGCCGACACCCGGCCCTGGGCATCCCGGAAGAGCACGAGGCGCTCACCCGCCAGCGTCAACGCGTAGGGCGCCTTGCCCACCTCCTTCGACATCGCCACTGGCGTCCATACGTCCGCGAAACCCTCGTCGGCGAAACCGTCCAGCATGAAGTCCTCCCACAGGTACCGCTCTCGGGATAGAATATCCAGGTTGGTTTATTTAATTTCAAGTCGAAGTGCGGTGGAGGGGGGGCCCCGGCCTGGGAGGAGGTGGATTTCCTACCCCACGCGGGTTATTCAGAGGACATGGCCCGGGTGAAGGGGAGCCGCAACGCCGACTACGAGAAGGAGCGCGAGCGCCTGCTGCGGGCCGTCCGGGAGCGCCTGCTCGCCAGTGATGGGGCGCAGGCGAGCTTCCGCGAGCTGGCCGAGGTGGCCGGGGTGAGCGTGGCCACGCTGCGCCACTACTTCGGCTCTCGCGAGGCGCTGCTGGCGGAGGTGATGACGGACATGCACCAGCGCGGCCTGCCCCACCTGCACGCCACCGCCACGGAGTTCCACGGCCCGGTGCGCGAGTCGCTCCGGTGGTTCCTCCAGCAACTCTTCATCGGCTGGCGCATGGGCGTGGGGGAGGTGCATGCCTTCGGACTCACCGCGAGCCTGGGCCACGAGAAGCTGGGGCCCGTGTACGTGCAGGAGTTGCTGGAGCCCACGCTGCAGGCCACCGAGGCCCGGTTGTCCCGTCACATCGCGGAGGGAGAGCTGCGCCGCTGCGACGTGCGCCACGCCGCGCTGGAGCTGGTGTGCCCGGTGGTGCTCGGCCTGCTGCACCAGGTCCAACTGGCGGGCTCGCGCTGCCGTCCGCTGGACGTGGAACGCTTCCTGGCGGACCACCTGGACACCTTCCTCCGCGCCCATGCCCCGGAGCCCGAGCCCCCGGCTTCAGAGCGAAGGCCGGCCGAGCCGCTCAAGGCACGCCGAGGATGAGCG
CP043495.1_gap28	1148571	1151474	2903	CCCTCAAGCTGACCTTCGGCCTGGGCATCGTCGCCCTCCTCACCGTGCCGCTCGCCATGCTCCTGCCGGTGAGCGTGGTGGTGGACATGGGCCAGGCCACCCTCGTCGTCCCCATCCTGCGGCGCCTGCCCGTGCTCAATGGCATCGCCGCGGGGCTCGGCTTCTGGCGGTCCTCCCGCGAGCTGCGCCGCCTGGAGCGCGTGGAGTCCGCCTCGTCCGCGCGCTCGTGGGCCCGGTGGACGCGCGGGCTGTCCTGGCTCAACCTCGCCTGCGTCCTGCTCCAGGTCTTCCTCGTGCTCCGGCTCGTGCTGGGCTTTTTCACCGCCGGCCAGCGCTGAGGCGTCCCCGGCCTGTCCTCAGACGCCGCGCTCGTTCGGTTCCCAGATGTACTTGTGCATCTGGAGCTGGAAGCGCACCGGCAGCCGGTCCGCGATGATCCACTCGGCCAGCTCCTTCGTCGTCAGCTTGCCGAAGATGGTGGAGAAGAGCAGCCCATACGGCTTCTCCAGCAGCCGGTGCTCGGCGATGAGCTTCTTGGACCACTCGTAGTCCTCGCGGCTGCCGATGACGAACTTGAGCTCGTCATGGGCGTTCATCGACGTGAGGTTCCGGTAGTCGTTCCGATCGCACTCGCCCGAGGACGGCGTCTTCATGTCCACGATTTTATGGACCGCTGGAGGCACCAGCCGCACGTCGATGGCGCCGCTCGTCTCCAGCAGCACGATGAGGCCGGCGGCCAGCAGCTCCTCCATGAGCGGGTACACGCCGGGCTGGAGCAGGGGCTCGCCACCCGTCACCTCCACCCGGGGCGCGCCGAGCTCCTTCACCCGGGCCACCACCTCCGGAATCTTCATGCGCGTGCCGCCGTGGAAGGCGAACTCGCTGTCGCAGTAGGTGCAGCGCAGGTGGCAGCCGGTGAGCCGCACGAAGGAGCAGAGCAGCCCCGCGTGCGAGGACTCGCCCTGCACCGAGAGGTAGAACTCCTTGACCACCACCGAGTCAGCGGTGGGAACACGACGGGGCTCGATGTGGGGACGCGCGACGGGCATGGGGGATCCGGGGGCCTCGCTTCAATCCCACCCGGGCGGTGGATGCAAGTTCGGAGTCCCCCTGCGCCTCAACCGCCCAACATCCCTGGGGAATTTCCACGGGCCCGCCTGCCCTCGCGGCGAGCGGGCCTCCGGTGCACGGGTCTCAGGCCGGGGTGCTCCGGGCCTTCACCTGGGCGATGAAGGTGTCGATGAGCTGCCGGGCGATGCTCAAGCGTGGAGGGAGCTGCGGGAGGTTGTCGGGGGTGAACCAGGCCGCCTCGGCGATCTCCTGGCCGTCCACCTGGATTTCTCCCCCGGCGTATTCGGCGGTGAAGCCCAGCATGAGCGAGCGGCCGAAGGGCCACGGCTGGCTGCCGAAGTAGCGGAGGTTCTTCAGGTCCACCCCGACTTCCTCCTTCACCTCGCGTACCACCGTCTCCTCGAGCGACTCGCCGACGTCGACGAAGCCGGCCAGGGTGCTGAAGAAGGCGCCGGGGAAGTTGGCGTTGCGCGCGAGCAGCATGGAGTCCCCGCGGGTGACGAGCATGATGACGGCGGGGGAGATGCGCGGGTAGTAGGGCGTGCGGCAGACGGGGCAGCGGCGTGCGCGCTCGCCGGGGACGAGCACCGTGGGCTGACCATCGCGGCCGCAGAAGCGGTGGGTGGCGTCCCACTCGGCGATGGCGAGCGCCCGGCCGGCGGCGCTGAAGAGGGACTCGTCCACGCGGTTGAAGAGGCCGCGCGCGGGGACGAGTTTCATGCCCTCGGGAGGCGAGATGTCCTTGGGGAATGCGGCGGCGTAGCAGTCCACGTCCCCGAGGGTGCCGAGGAAATGCGCCCCGGTGGCGAGCTCGGGCAGCTCCGCGCAGGTGGGGATGCGCACGGTGTCGTCGCGCTCGGAGATGAGTAGCTCCAGGCCGTGAGCGGCGAAGAGCAGGGCGGTGTCACGCGGGCGCGCGGGGACTTCGTGTCCGGGGATGAATCGGGGAGGGCTCACGTGCGGCACCTTAGCGGGAGCGGGTGCGCGGGGGCAGGGACTCGTGGGCGGGGGAGTCGCCTCCTGGAAGTCCATGGTGTGTGGGAGACAGCGCGGCGATGACACATGGATGCGGGTCACCGCCAGCCAGTGCTAGGAACGGAGGGATGATGCGCACCTCGCTCCTGATGGCTGTGTTGTGTGTCTCCGTTGGCTGTGCCCGCGTCCCCACCGTGCCCGTTCGCTACGTGGTGAGCAGCGCCGAGGCCCCCACCTTCCGCATCTCCCAGGGCAAGGGGACGGCCATCCTGCTCACCAACGAGGAGACCGGGGCCCGTGCGGCCTCGATGGGAGTGCTGGAGCTCCAGGCGGGAGCAGGGGTGCCCGAGCACATCCACGCGGACAGTGTGGAGATGCTCTACGTGGAGGAGGGTGGGGCGGAGATGACCATCGAGGGCCAGGCGATGAGCGTGAAGCCGGGCGATGCCGTCTACATCCCCGCGGGGGTCCGTCATTCGGCCCGTATTCCCGAGGGAGCTCCGAGCTTCCGGGCCGTGCAGGTGTACGTGGGCCCGGGTCCCGAGGCACGGTTCCGCCAGGGTGCGCCCGTGAAATAATACTCCCTCTCCCCTCGGGAGAGGGCTGGGGTGAGGGTGCCCGAACCCGTTCTTCAGCCCGTGAGCCACCTTGGAGACAGGGGGATCAACCCGGGTACACCCGATACCCTCACCCCGTCCCTCTCCCGGAGGGCGAGGGGAAATGGGCGCGGGTATCAGCACATGTCCCCAGGGGCGCGACTTCGCGCCTGAAGGGCATCAGTGGGCAGCAGCGGTGGGCTCGCGGAACTGCCGGTGGTACAGCTCCGCGTACAGGCCGTTGCGCGCCATCAGTTCCTC
CP043495.1_gap29	1191903	1193992	2089	GGGGCCAGCCCATCCGGCTCGGTCAGGTGGCGAAGGTGGTGGATGGCACCGAGGACCCACGCACCCTGGCCCTCTACAACAGCCGCGAGGCGGTGGGCATCGACATCCTCAAGTCCAAGGGCTACAGCACCACCGAGGTGGCCGATGCCGTGCGCGAGCGCATCCAGGCCCTCCAGTCCAAGCTGCCCCCGGGCGTGAAGATGGAGATCGTCCGCGACTCGGGCGTGCAGGTGGACAACGCGGTGGCGAACGTGCAGTCCGCGCTCGTGGAAGGCGCGCTGCTCACCGTGCTGGTGGTGTTCCTCTTCCTCAATTCCTGGCGCTCCACCGTCATCACCGGCCTGGCGCTGCCGGTGAGTGTGCTGGCGTCCTTCATCAGCGTGTGGGCGTTCGGCTTCACGCTCAACACCATGTCGCTGCTCGGCCTCACGCTGGCCATCGGCATCCTCATCGACGACGCCATCGTGGTGCGCGAGAACATCGTCCGCCACATCGAGATGGGGAAGGACCACTACACCGCCTCGCGCGAGGGCACGAGTGAGATTGGCCTCGCGGTGGCGGCGACCACGTTCTCCATCGTGGCGGTGTTCGTCCCGGTGGCCTTCATGTACGGCGTGGCGGGCCAGTGGTTCAAACCCTTCGCCCTCACCATCGCGTGCTCCGTGCTGGTGTCGCTCTTCGTGAGCTTCTCGTTGGACCCGATGCTCTCCGCGTACTGGCCAGACCCAGCGGTGGAGAAGGGGGCGCACAAGGGACCCATCTCCCGGGTGCTGGCGCGCTTCAACCACTGGTTCGATCGGCGGGCGGACAACTACAAGGGCGTCATCGCCTGGGCGCTGGACCACCGGCTGGCCATGGTGTTGGTGGCGGTGGGCTCGCTGGTGGGCGCGCTGGCGCTGCAGGGCGTCTTCGGCGGCGCGGGCTTCGTCCCGGTGAGTGACAGGGCCGAGGTGGAGATGCTGGTGGAGACGCCCGCGGGCTCCAGCCTCGAATATACGAAGCGCAAGGTGGAGGAGGTGACGCGCATCGCTCGCAACCACGGCGAGGTGCGCTACACCTTCACCACCATCGGCACGCCGCTGCCGCTGCGCTCGCCGGGCGTGGACCAGGCGCTGGTGTACGTGAAGCTGACGCCCAAGCACGAGCGGGAGGTGAGCCAGGAGGAGCTCGGTGTCACGCTGCGCCAGGAGATGGCGCGCGTGGCCGGGGCGAACGTTTCCGTCTTCACCAGTGGTTTTGGCGGCGCCTTCAAGTCCATCCAGCTGGAGCTGCGCGGGCCGGATGCGCGGGAGCTGACGCGGCTGGCCGAGCAGTTGCGCCGCGAGGTGGAGAAGGTGCCGGGCGCGGTGGACGTGGGCCTGTCCACGCGTGGGGAGAAGCCGGAGGTGGAGGTGGAGGTGGACCGCGCCGTGGCGGGCCGGCTGAACGTGACGGTGGCCCAGGTGGCGCAGGCGATGCGCGCGGCCTTCGCGGGCGTGGACTCGGGGGACTGGGTGGATCCGTCGGGCGAGACGCGGGACGTGATGGTGCGGGTGGTGCCCGAGGCCCGGGTGCGTCCAGGTGACCTGGGGAAACTCCCCCTGGTGGCGGGCGCGACGCAAGGGGGGACTCCGGCCCTGGTTCCCCTGGGACAGGTGGCCCGCATCCGCGAGACGGTGGGGCCCGCTCAAATCAACCACCTCAACCGCGAGAAGGTCATCAACATCCAGGCCAACGTGCAGGGACGCTCGTTGTCGGAGGTGATGACGGACATCCGGGCGCGCTTGGACCAGGTGCGGCTGCCGCCGGGCTATGTCCTGGGCGAGGGCGGCGAGGCGAGGGATCAGGCCGAGGTGTTCAGCCGCGTCTTCCTCGCACTCGGGGTGGCGGTGCTATTGATGTATCTCATCCTGGTCATTCAGTTCGGCTCATTCCTGGATCCGCTGGCCATCCTCATTTCACTGCCGCTGTCACTCATTGGCGTGGTGCTGGCACTGCTGGTGACAGGGGACACGCTCAACATCATGAGCCTCATCGGCGTCATCCTGCTGATGGGTATCGTGGCCAAGAACGCCATCCTGCTCATCGACTTCGCCAAGTGGGCGCACTC
CP043495.1_gap30	1221317	1224118	2801	CGCGTCATCCCAGCTACGCCCCCTCGGTCTCGGGCATGTCGAGCTCGCTGTACTCCGCGCTGGCGGAGCGGCTGGCGCGCAGAGCGGGAGAGGTGTACCCGCTGCACGTGGGGGACACGTGGATGGAGCCGCCCGAGGGCTGCCGGATGGAGGACTTCCGGGTGGCGGAGCACCCCGGGATGCACCGCTACGCGCCGGTGCAGGGGATGCCGGGGCTGTTGGAGGCGATCGTCGAGCGGGTGCGCGCGAAGACGGGCGTGGCCACGGAGCGCTCACAGGTGCTCGTCACCACGGGGGCCACGGGCGCGCTGGGGGCGATCATCGGCGGGCTGGTGGCGCCGGGAGAGGAGGTGCTCATCCTCGCGCCCTACTGGCCGCTGATTTCCGGCATCGTCACGGCGTTCCACGGCAGGCCGGTGCCGGTGCCCTTCCTGGACTGTGACGGCCCGGAGGCGCTGGTGGCGGCGGTGCGCGAGCGGCTCACGGAGCGCAGCGTGGCGCTCTACCTCAACACGCCCAACAACCCGTCGGGGCGCGTGCTCCCGCGCGTGTGGGTGGAGGCGCTGGCGGAGCTGGCCCGGCGAGAGGGGCTGTGGCTGCTCTCGGACGAGGTGTACGAGGACTACGTGTACGAGGGCGAGCACACGTACGCGCGCGCGCTGGCGCCGGAGCGGACGCTCTCCTCGTATTCCTTCAGCAAGGGATACGGCATGGCGGGCAATCGGTGTGGCTACGTGGTGGGGCCCGAGGACGCCGTGGCGCAGCTGCGCAAGGTGAGCACCCACTCCTTCTACAGTGCACCCACCGCCGCGCAGCTGGCCGGGGAGCGCGTGTTGCGAGGGCCGGGGGAAGCCTGGGTGGCCATGGCCTCCGCGAGCTACCGCGACACGGGGAGGAAGGCGGCCGCGCGCCTGGGGGTTCCGCCTCCGGAGGGCAGCACCTTCCTCTTCCTGGACGTCTCCGCGCACCTGGACGAGGGGGGCCTGCCGGGGCTCCTGGAGCGGTGCGTCGAGCGCAACCTGCTGGTGTCTCCGGGGCCCAGCTTCGGACCGTTTCCCCACCACATCCGGCTGTGCTTCACCTGCTCGCCGCCCGAGGTGGTGCTGAGGGGGGTGGAGGTGCTGGCCGGGATTCTGCGCCGGTAGACGCAACTTTTTCGTACCAGTTCCCGAGAATTCAATCATGTCCATCCACCAGTACCGCGGCTGAGCGGAGCCGTGCCGAGCCAGGGGGGCACTCGAGGTGGCTCCCCGGGACCTGGATGGACGCGCGGTGCCGGTTCCCACACCGGCACCGCGTTTTTCTCTGCGGGCATACTCGGCTCATCGAGGCAGGGCAGGGTACTTTCCTCGACTCATTGCCCGAGGGATGCGCCGTGTTCTCTTCACAGCAAGGCACTCACGGGAGGCTGAACCGGTCGGCTTCGTGGCGACTGCTCTCCGTTTCGGCCTCCGTGCTCTTTTGTCTCTCCTGCTCCACCGGGTTTCGGATGCCGTACGGCTCCTCTTTTCAGCCCCAGCCAGCCTGGGGTGGGCAACTCACCGGTGGTCGTCCTCAACTCAACCAGTCCTGTGGCGCGGCCTGTGCCACCCCCGTCAATCCGAGCACTGGCGAGCTCCTCGCGCCGGCGGCGACCCGACTCGGTCCAGTGGTGGAGAAAGCCGTCCAGGCGCTCGAGGCAGCCCAGGGCCTCCTCTCCTTCGAGCGGCTCCTGACCGAAGCGGAACTGACTGAGGTCCAGACCGTCTTCAAGGAGTGCGTCGCCCAGGCTCATGCCGACGTCAACGAGACCTACCAGCAGGAGGGCGGTTTCAAATTCAAGAATGGAAGGTTCCCCAACGACGCTGAGTGTGACCGGAATGTTGGTGTCGACGAGAAGGGCAATCCCATCAAGCTCTCCCAGCAACTGGGGATCCTGAAGCACGCGGCTGCCTTTGCTTGCATCCGGGAACGTCTCCCCGAGACGCTTCGTGACAACTTCTCCATCGAGCCTCGCTACAAGGGGGATGCCCAACTCAATGGTGCCGTTCTTACGAACAACAAGCCTGGGTCCCTCAGGCTCGACGCCGTGGTGCATGCCACCCGGAATGCCACCCATGTTCAGTGTGTCTACGAGTTCAAGTTTCCCTGCTACGAGAGACACCGTCTGGATCCCATGAGCTCCCCCGGGGTGGAGGCTCAACTGGAAGGCTACAAGTACCTCTCCAAGAGTTGCCGGGTCGTCCTCGTGACACCGGATGGGCTCAGTCCTCTTGGGGGATAGTGGATGCCGAAGGATTACCCACGCCTTCGCCTTCGTGGTGTTCCGCCAGCTTCCTGGAAGCTCCAGAGCGGAGGGCTACTGCGCCAGCGCCGGCAGTTTCTTGCGCGCGAGGTGTTCCGCATCGCCTTCTACATGCCGCATGACCACCCCGAGCTTTCCCCGGGCGTGAGCCACGCGATGGACGTCTACATGCGCGCGGTGGGGGAGGGGCCCGGGACCATCCAGTTCGTCCACTACAACCATCACGAAGGTTCGCGATTGACGGCGGAGGAGTGGGGTCTGGCTCGCGGGCTGCTGGGGAATACGAAGCGCTGGTCCTTTCCCGAGGACTACAGTGAAACGGAGCAGGTCCAGATCGAGAAGAGAGGCTTCGAGAGGGGTCTTCTCTTCACGGGAGGTCCTGACGGCCGGAATGGCCATGAGCTCGAGTACAAGGCTCGCATTCCGTGGCGGCCCGCTCCCCAGGAGACGCTCGTGAGCGTGCTCACGGCGACGCTCCCCATGGAATATCTCGAGGAGCACGGGCCTGCCTGGGTGC
CP043495.1_gap31	1257247	1260644	3397	GGGGCCGAGCTGTATGACCCGGACACCAACACGTGGACCCTGCTGGAGGGCGCCCTGGTGCCCGACTCCACGACCGCGACCCTGCTGCACACCGGCGAGGTGCTGCTCACCGGCCAGACGACGTCGCGCTACACGCCGTGAGCCCGGCGCGGGGACTCGAGCGGTGATGTGCTCGGGTCCTCCGTCAGCCCGGAGTTTGGCCCGATGAGGAACTGGCCGTACCAGCGGAGCAGGGCCTCGTACAGCGAGGGATGCCGTGGGGTGTGGGAGCTGCCCGGCAGCAGAAGCAGTTCCTTGGGCGGCAGGGCCACCTCGTGCAGCAGCCGCGAGTCGTCCGAGGGCACCGTCGCGTCGTCCGCGTTGTGGATGAAGAGGGCGGGCACGTGCCACCGCCGCATCCGCTCCACCATGCCGTGGCCCGCCGCATCGGTGAAGAAGTGCGGCCCGATGTCACACCGCGTCCCGAGGGACGTGTGGCGGCTGGAGATGCCTCTCGGGTTGTAGCCCTCGCCCATGAAGGCGGGGAGGTACTCCAGCGGCCGGGCGGGTGTCGCCATCAGCACCGCGCAGCGGATGTGCTCCGGGGCGAGCGCCAGAATCGTATTCACGCCCATGCAGTGGCCCAGCAGTCCGAGGCGCCCGGTGTCGACCTCGGGCCGGGTCCGCGTGAACGCGAGCATCGCATCGAGCTCGGCCACCATCTTCGTGGGGGAGGTGTCGACGTAGCGCCCTTCGCTCTCGCCACACCCGGTGAAGTCGAAGCGGATGACCGCGAGCCCGCCGCCGGTGAGCGTCCGGGTGATGGCGTCGAAGAGCCCCCGCTCCTCCTTGGTGCCGAAGAAGCCATGCACGAGGAGCACCGTGGGCAGGGGGCCCTCGAGGTGCTCGGGACGGGCCGCCAGGCCCACGAGTCGCTGCCCCTCGTGATTCGTCGTGAAGACCCGGGACTCGATCATGCCGCCAGCGCCTGGGGCCAGGGGTGGATGCGAAGCCGGCCCTGCTCCAGGGTCAGCGCGAAGCTGGGCGCGTCTGTTGACAGCATCCAGCGCCGCAGCTCGTCGGACAGGTAGTCCATGGTCTGCAAGCGTTTGCCCAGGTCGAGGAACCCATGGAAGCCCATGGCCTGGTGGCCGGAAGAGGGCAGGGGCTCCTGGAACAACCGCTCCACGTGCTCGCCCGCGCTGGCGTCGTAGATGACATCGCAGGTGTCGAGGTGCCGGGTGGCCACCTTGCCGGGGAACCGGCCCAGGGCGAAGTGGTGGTAGAGGACGTACTCGGACGCCGCGTTCCATTTGGTGACGTCCACGCCATCCATGAACGCCCGCCAGAAGGGCTTCTGGTGATGGGCCTCCGCGAGCGCCATCAACTCCTCGAGGATGTCGCGCTGGAGCAACAGATGGTGGTGCATGCCGCTGAAGGCGTGGCGGGAGGAGAAGCCGGGCACGAGGTAGCGGGCGAACGTGGCGTGGACGTGCTCGTGGCGGCTCGGATCCTCGCGGTCCTTCAGCTCCCAGTGGAGGGGATAGCCCAGGGCCAGGAGGGCCCGGCCGTGCTCGTCCAGGAACTCCACCTCGCCGGTGAACACGAAGTCCGAGTCGAGGATGAGGGTGTCCGGCAGCAGGTCCGGGATGACGCGGAACACATAGAGCTTCAGGAGCTGCTGGTAGTACCAGGATCCATTCGGGTACTTGCACCCGCGCGCGGTGAGGAACTGGGTGACCTCCGCGAGCGTGAAGGGGAATCGCTCCTCACCGTGCTGACGTACCTGCTCCGGAAGACTCCAGTCCGCGAGGTTGATGGGCGTGGGAGAGATCACGTGAATGGTACGGATCGGGTTCTTCGAGCACCGGAGGATTCCTTCGATGCAGCGGCGCAGTTTGAAGAAGTCCTTGGGTGCCACGGGGATGACCACATCCATCTCTCTCATGTGATGCCTTCCACTCCGGTTCCGGGACTCGGGGTCCCGCCTCGACGAGAGGCTGCGTGAAGTTCCCGGCGAGCGCCACCCCGGGGCATCACCGCGGTGCGAGAAGACCGGATGGTTGGGGGTGCAGGTTGTGCGCTGCCCGTGCGGCGCTGCTGTGCTTGCCCGCCCGGGTTCCGCGCGAGCGGGGTTGGATGGCACCGGCCTTCTTCTCGGGAACCGCCCGTTCCTACCTTCCCTCTACCTTGGGCGGGCATGCCCCTGACGGGTGTGTGAATCCCTGGGGGGAGGGTGCGTCGTGAAGCTCATCTGCTCGTCCGCGTTGCTGCTGGCATGGTTGTCCACCGCCGTGGGCTGCCAACCGGAACCCGACGTTTCCCAGCGGGTGGGCCAGACCGAGGCCCTGGGCAGTGCGGTAGGGGCCTGGACTCCCACGGAGCCCATGGCTCAACCGAATCCCAGCTTCAGCGCCGTCCTGCTTCGCTCCACTGGCGAGGTGTTGGTGCCCTCGCTGGGATTCGTGCAGCGCTACAACCCATACACGGATACGTGGCGGGCCATGCGACCCATGTGCTCGCCCGGCTATTGCCAGACCTTCGGGTTGACGCAGCTTCCCTCGGGCAAGGTGCTGGCGGACGTTGTGTACACCGGCAGGATGGGAGGCACCCCGGGGCTGATGCTCCATGACCCGGACGCGGACACGTGGACCGGCGTGCCGCACGCGCATGCGCGGGACAAGAGCGTGACGGTGCTCGACTCGGGCAAGGTGTTGCTGGCGGGGGGTTTTACCTACGAGGGCTCGCAGCGGGTCGTGCTGCGGAGCGCGGAGGTGTACGACCCGGCACAGGGGACGTGGACCTCCGTGCCGGGGAGCATGACGGCCCCACGGAGCGGGCATACCGCGACCCTGCTCTACTCGGGGCAGGTGCTGGTGACGGGGGGCTTCTCCTCGGATGGGACGAGCCTGGCCACGGCCGAGCTCTACGATCCCACCACGGGGACCTGGACGGCCGCGGGCAGCCTGTCGCATCCCCGAGGCCAACACCGCGCGCTCCGGCTCTACTCGGGCCATGTGCTGGTGTTGAGCGATGCCTCGGGTTCCTCCAGCACCGCCGTGGACCTGTACGACCCCTACAACGCGCGATGGAGCGCGGGCCCGCCGCTTCCGTTCACCCAGCCCACCTCCGCGACGTTGCTCTACTCGGGGGAAGTGCTGGTGGTGAACGCGGCTGGACAGGCGGCGGTGTATTCACCGACCCAGAATGTCTGGCTGCCCGCGGCCTCCGCGACGTCCTCCACTGCGCCAGGTGCGGCGGTGCTGCTCCACACGGGGCAGGTGTTGCGGCTGAATGGCAGCAGCCCGGTGGCGGAATGGTTCACACGCTGAGCGGCTCGTGTGCCTGGCCGTGGCAAGGAAGCTCGGGCTTGCCGTTTACCAGCTTTTTTGCCTTCCAGCCGTCCATTCGAATCCGG
CP043495.1_gap32	1296487	1297473	986	GGCTTTGTAGAAACTCTTTTTTGAGGAACTCATGCGCTTCAATCTCCGCCACATCGTCCCGGTCGCCCTGCTCTCTCTGGTGGGGTGCGGTGTTGAGACTCCCGTCTCCGAGACGGTGCCCGTAGCGGCCGAGGAGCTGGGGCAGGCGCGCTCCATGCTTCAGCTCTCCTCGGACTGCCCGGGCTGCCTGGCGGGGACGGAGGGCGCCAGCTTCTCGAGTGGCTTCGAGCGCGAGCGGGTGGTGGATGACGTCTACCACTACCGCATCCGCCTGCGGGTGGGCGGGACGGCCAACGACGTCATCACCCTGCACCGCGTGGTGCGCGAGCGGTTCCCGTGGTGGCCGGCGCGCGCCCCCGAGTCCGTCTTCATGGTGCACGGCGACGCCTGGGACTTCCAGGGCGCCTTCATGTCCAGCACGTTGACGGCCGAGGTGGAGGACAAGAAGTCCATCGCCGTGTACCTGGCGAAGAAGGACGTGGACGTGTGGGGCATCGACCTGCGCTGGACGCACGTGCCCGAGGGGACGACGGACTTCTCCTTCATGAAGGGCTGGAACCTGGGCACGCACGCCAAGGACGTGGGCACGGGCCTGACGGTGGCGCGGGCGGTGCGCACGCTGACGGGCAGCGGCGGCGACAAGATGAACCTGCTGGGCTGGAGCCGCGGGGCCACGGTGGCCTATGCCTACATGAACGCGGAGACGCAGCGTCCGCAGGGCCTGCGCCACGTGAGCGGCTTCGTTCCGGTGGACATGGTGCTGAAGTTCGGACCGGAGGCCGAGGAGCAGCGCCAGTGGGCCTGCGTGCGCGCGGCCGTGGGTGGCATGCTGCTGGGCTCGGGGCGCTACGAGGGCAACCTGTCGGGGCCGGGCGCGGGCGTGGCCATCCAGCAGGTGGGGCTGGCGGCCCGGTATCAGCCGAACGCTCCCGCGCAGATTCCGGGCATCGAGCTGCCGCCGATCAACTTCCGGCAGCTGGGTGTCC
CP043495.1_gap33	1300146	1301319	1173	CACGCACGTGCTGTCGGAGAGTTTTCCGAGTGGGCACGCGATGCTGTCGGCCATCGTCTACCTGACGCTGGGGGCGCTGCTGGCGCAGTTGGTGGAGCGGCGGTGGCTGCGGGCGTACCTGGTGGGGGTGGCGCTGACGCTCACGCTGCTCATCGGCCTGACGCGGGTGTACCTCGGGGTGCACTACCCGACGGACGTGCTGGGCGGATGGATGGCGGGGCTGGCGTGGGCGCTGCTGACGGCGGTGATGGCCCGGGGCGCCAAGCGGCGCAGCCCCGGTCTGCGCGAGGAGTCCCGGGGCGACACCGCGCCCTCATGAGCTCGAGGGTCAGGACTGTGGCTCGTGGTCCTCGGGCTCCTGCTTCTCGTCCAGCGACTTGCGCCACTTCTCGAACCGCTCGAAGAGGGAGAAGGGGTGGAAGGCGAGGTGGTCGATGTTGCGATGATACGCCGCGAGATAGGGCTCGCCCCCGAGTTGGATGACGGCCTGTGAGGGCCGCTCGGGCAGACCATAGAACCAGGCCCGGGCCTGTTCCCGGGTGTCGAAGCTGGCCACCGGAGGAGGAGGGCGGCCGTCCTTCATCATGTCCTCGAAGTGGTACTCGATGGAGTGGGTGGAGACCAGCTTGCGGAAGTTGCTGTCACGGTCATACATGACGACGTGGTACTGGTCCGCGATCAGCACGAGGGCCAGGTAGGGCGGTCTGGGGTGGTTCTTCAGCCACGCTTCCGCCTCTTCTCGCGTTGCGAAGGAGGCGACGACCATCCCGGGTCCCTCGGTCCTGAGCTCCTGGCGGTAGTCGTCGAATTCATACCGCTGGCCCGTTGTAATGATGAATCGAAGCGCCTCGGCCGCGGTGAGAAGCAACTCCTTCTCCTCCGCGGACTCGGTCTTCTCATGAATCAAACCAAGGAGATTGATGGCTTCGAAGACGGGGCTTTTGGGTTCCATGGGGTGCCTCGGTGATGTGGAGCCGAGCAGGGCTCGTCAGGATGCCAGGAGCACCACGGGGACGAGGACCACGAGCCCCGTTCCGGCGGAAACCGTGACGAAGGCAGCCCCGGCGATGACGACAATGCTGCCCACCAGCAGGCCCTGGTGATGGCGCTTCAACCAGTCGACGGCTTCGTCCACGGCCGAGAACTCCTGGCGCTGACGGCCCTCCAGTTCCC
CP043495.1_gap34	1364249	1368199	3950	CGGATGCGGACCGCCTCCGCAGGGTGCGAGTAGTCGAAGCGGTGCTGGCCGCGCTCGGCGTCCATCGTGGTCAGCGCGCGCTCGACGATGGCGTCCAGCCGGGTGGGCTCGAAGTGCAGCGCGAGCCGGCCCGCCTCGATGCGCGAGGCATCCAGCAGATCATTGATGAGCGCCGCCAGCCGCACCAGGTGCTGGCGCGCGTGGCGCAGCAGGGTGGGATCCACCGGCTCCTTGCGCTCCAACCGGCGCTCCAGGCTGGCCAGCCGCAGCGACAGCGGGGTGAGCGGCGTCTTCAGCTCGTGCGAGGCGATGGTGAGGAAGTCGTCGCGCACGCGGATGGCCTCCTGGGCCTCGCGGAACAGGCGGTTGCGCTCGGCCTCCGCGATCCGCTGTTCGGTGATGTCCTCGACGATGACCACGCCTCCCTCCACCTGGCCATCCTCTCCGAAGCAGGGCGCGAAGTGGGCGCGCACGGGGGTGAGCTTGTTCGCGGTGAGGGAGCGGTACTCTCCCTCGTAGTAGGCGTGGCGTCCGGCGAGCACGTCTCGCACGCAGGTGAGGATGGCCTCGTCCTTGAGGGTGAGCAGGTTGAGCCCGATGAGCACCCGCTTGGAGGAGCCCATGATGCGCACGAAGTAGTCGTTGCACGCGACGATGGTGGGCGCGGTGTCGAAGTGGAAGAGGCCCAGCGGAGCGTTCTCGAAGACGAGCTGGTAGGCGCGCTCCCCGGCTGAGCCCGGCGGCTGCGGTGCGTGTGCGTGCACCAGGGAGGACACCCGCTCCAGCGGCTCGTCGGTGTAGTCGGGGAGCTCGGGCGTGCGCCGCAGCACCACGGAGATGCGTTCCCCGTCCACTCCCATGGAGGTGCCCACCGTCACCTCCACCTCCAGCTCGGCTTCACCTCGGCGCAGCAGGAAGACGCGCACGGGCCGCCCGCTCAGCGCCCGCCTGCGGCCCAGCAGGTAGCGCAGGAAGGAGTGCCCGTCGAAGGAGCGCAGACGCTCGGGAACCAGGCGGGTGAAGGGCTCTCCCCTCAGCTCCTTCAGCGTCCAGCCAAGCAGGCGCTCGGCGGCGGGATTCAGGTAGAGGACGCACTCGTCGCCGTCGCAGGCCACGAGTGGATCCGCCATGGCGTCCATCAGCTCCCTGAAGTCGTCGCCAGCCATGTTTCCCCTCGGAGAAAGGGTCACCTCCTAGAGCCTACAGGTTGGAGATGGTGGGGCAGACGGGCCGCAGCCCGCGGTTGCCCGGCCGCTGGGCCGGGGTGGGGACGGGGGCAGGCCGGATGCCGCTTCCATGGCCAGCTTCCCTACATGAAACCGTTCGACTGGCACGGCATCTGGGCTCCGGAGATGCATCCGCTGGAGGTCATCTTCCGCGTCTCGATGGTGTTCCTCTTCTCGCAGCTCGTCCTGCGGCTGCTCGGGCGCAAGGAGCTGGGGCGCTACTCCAGCTTCGACCTGGCACTCCTCTTCCTGCTCACGGTGTGTCTGCGCCGGACGCTCGTGGGCGATGACGACAGCCTCACCACGGGCTTCATCGCCCTGGCCACGCTAGGCGCGTGGGACCGGCTCTTCTCGTGGTTGTCGTTCCGCGACCGCCTCGCGGCCCGGGTGCTGGAAGGCCGCCCGCTGGAGCTGGTGCACGAGGGCGAGCTGGTGCACGAGAACCTGCGCAGGAGCCGCATCTCCCGCAGGGAGTTGCTCAGCCAGTTGCGCTCCCATGGCCGGGACGACCTGGGCTCGGTGCGCGCGGCCTTCCTCGAGCCCAATGGCCGGGTGACGTTCCTCTTCCGCGAGGCCGGGCAGTGACTCACGCCCCGGCGGGCGCGGAGGGCTCGGCGTGCGCGGGGGGCGGCTCGAGCTGGAAGCGCGCGATGAGGGGCATGTGGTCCGACAGGCCGTGGAAGCGGCTTCGCACGTCTCCGAAGGGGCACGTCTCGTCGGCATCCAGCCAGCGCACCCCGCCCCCGGAGAAGATGTGGTCCAGGTGCATGCGCATGTGCATGAAGCCGGCGGTGGGGAAGCCGCGGGGAAGCCGTGGATTGATCTGCCCCACCGCCGCCTGGGCGTCGATGAAACAGGCCTCGTCACACAGGTAGTGGAAGACGGGTGAGGCCGGCGGCGAGTTGAAGTCCCCACAGATGAGGAAGGGCTCGCTGTTGGCGCGGGCCCGCACCAGTTGGGCCAGGGCGCGCGCCTCGTGGAGCTGGTTGATGCCGTTGCCCATCTTCTCGCGGGTGGCCCAGAAGACGCGGGAGAAGGGGGTGGGCAGGCTCAGGTGGGTGTTGAAGATGTGGAAGGGCAGCCCGTCTTCCAGGCGCAGCAGCCGCATGTGGGCGCAGATGCGGCTCTGCTTGCGCTCGCGCAGGGCCCGCACGTGGTGGTGGGTGATGTGGTGGGGCGAGTCCACGTTGTGGGTGTCCACGGCGAGCCGCTGGGTGTTGACGAGGATGGCCAGCCCGGTGGTGTAGAGGGAGAACTCGCCCAGCTTGTAGTGGTGGGCGCGGAAGTAGAAGGCCTCGTAGGGCATGGGGCGGCGCAGGTTGGCGAACGTCTCCTCCATGCGTCCCATGAAGGCCTCCAGCTGCGTCTCGTCGGGACGGGTGCGCCGGTGGGCCACGTTGCTGCGGAAGGACTGGGTCTCCACCTCCTGCAGGCAGACGATGTCCGGCAGGGGATTCAACGCGGCCAACGCCGCGGCGACCCGCCGCTTGGGTCCCAGCGTGCTCGCGAGCCCGCGCAGGGCATGTCCGAAGTAGCGGACGTTGTAGCTGACGATGCGTATGGGCGTAGGGGCCATGCTCGCTCGAAGTTACGGACGCTCCGCTCCCAGCGGGAGCACCCTGGAGCTTGCGCATCCCCCTCGGGTCCGGATACTCCGCCGCCACCGGGGTTGCTCGGCTGCCCCGGAAGCATACGGACCGCCCACTGGCTGGCAGTGGGCCTGGAGAGGAAGACGACCATGAAGCTGCGTTCGACGCTGTGCGCTGTGGCCGCCGTGATGACGGTGGGTCTGATGGGTTGTGGTGAGCAGCCGCGGTACTACCGGGTGTCCATCGACAGCACTCCCCTGGGCAGCATGCCCGGCTCCTGCTACGGCTCCGGCACCGCGCCGACCCCCAACGACCGGACGACCAACACCGTGAATGTCGAGCAGTGGGTCCTCTGGGACGGAGTCGAGGGCGGGAAGTACCTGGAGGTGAACGACATCAACTATCCGCTGGGGGATGTCCGGGTGGACATCGATGTGGATGGCGCCATTGTGAGCACCGAGGCGGACAAGCCGACCTTCACCACCGAGCGGGTGCAGACCGGCCCGAATCGCTCCTCGCGCGCCACCTATACCCTCGACAAGGCGGGGGAGACCCTGGAGGGGACGATCGCGCTGAGCTATGAGTGCACCGGGACCACCGCGTGCCCCGTGGCCAACTGCAGCGCCTCGCTGCCCTTCGTGGGCCGCCGCGTGAGCGCCGAGTCGATGATCGTGGTGAACAACGGCGCCAACTAGCGGGCAGGCAGGCGCCGGAGGCGGGTCGGTGTTAAAGGAGGGGACACGCCATGACGTCCTCTCCTTCTCGATTCCGCGGAACCGATTCCTACCTCTCCAGCGAGGGCCTCCAGGCCGCCGTCAACTGCGCGCTGACGCTCCAGCGTCCGCTGCTGGTACGCGGTGAGCCTGGCACGGGCAAGACGTTGCTGGCCGAGGCCGTTGCCGAGAGCCTTGGCCAGCGCCTGCTCACCTGGCACGTGAAGAGCACCACGCGCGCCCAGGACGGCCTGTACGTCTACGACACCGTGCAGCGCCTGTACGACTCGCGCTTCGGCGATGGCGACGTGCGCGACATCCGCCGCTACATCCGCATGGGCCCGCTGGGCGAGTCCTTCGCCTCGAAGGAGCGCGTGGTGCTGCTCATCGACGAGGTGGACAAGGCGGACGTGGAGTTCCCC
CP043495.1_gap35	1369574	1372281	2707	ACCACAAGCTGGTGGTGGTGGGAGACGCGCTGATGGCGCCGTACGAGCTGACGATGCGGACGAACGCGGAGGGCCGGTACGACCCGACGGAGGGCAAGGAGGGGCTGGTGTGGCTGATGGAGCTGGCGCGGCACTTCGAGCGCAGTGCCTGGCTCAACCCGGAGCCTCCGCAGACGTGGCGGGGCAACACCATCCAGGCGGTGAAGAACGTCTTCGACATGTTCCCGCTGACGCTGGAGGGCCTGGGTGAAGCGGTGGGGCACCTGACGAAGGGCCGCATGGTGCGCGGGCGCCGGTAGGGGCCCCTCGGGCAACCCGCGTGTGACAAGTGAAATGCTCCCGACATTGTAGCGCCGGGGCTCCTCCAGAACCCCGTGTGGGCGGGAGGCGAGCGGGTTAGAAGGGCCGCTCACCTCGCAGTCCACTCTGGAGGAGTCTCCCATGGCCCCTGTCGCCATCCAGCCGCTCTACACCGCCACCGCCACCTCGCACGGGGGCCGCAACGGCCGCGTCCGCTCGGACAATGGGACGATCGACATGCCGCTCACGATGCCCAAGGCGCTGGGGGCTCGGAGGCCGATGGCTCCACCAACCCCGAGCAGCTCTTCGCGGCGGGTTACTCCGCGTGCTTCGAGGGTGCGCTGCGGCTGGTGGCCGGGAAGATGAAGAAGCAGATCAAGGACGCGCACATCACGGCGAAGGTGACCATTGGCAAGACGCCGGAGGGTGGCTTCGGTCTGGCGGTGGCGCTGCACGGCAAGCTCGAGGGCATCTCGCAGGCCGAGGCGGATGAGTTGATGCACGCCGCGCACAAGGTGTGCCCGTACTCGCTGGCGACCCAGGGCAACATCGAGGTGAAGCTCTCGTCCGAGGTGGCCTGAGTCCACCCTCCTCTCCCTCTCCCACCGGGAGAGGGGTCGGGGGTGAGGGTGCCACGCTTCCCGGGTTGTTGCCCCGGGGTCAGTCTCGCAGTGCCTCCAGGATGGGATGAAACATGTTGCTCACCCCCACCCATGCTCGCCAGTCCGAGTGGCGTGGCGGGGATGATAAGGCTTCGTGGGTGGGAATGCTCACTTCGGCCGCAGCAGGAAGATCGTCAGCCGATCGTCCGGGGCCAGCCCCACGGTGTAGACGTAGGTCCGGGTCCCGAAGGGCACCTCGTACGTGTAGAGCCGCTCATCCCCCAGGGTGCGCCGCTGGACCAGCACCAGCTTCCCCGCGGGCCCCAGCGCGCTCAGTTGCTCCTGATAGGCCTTGGCGCGTTCCGGGAAGAACCCGCTGGGCGCGTACGCGAAGTGGGCCTCCTGGAGACCTTCGTTCCGCACCTGCTCGAGCAGCGCCGCCAGCTTCGTGGTGACCTGGGGCTCCGTGTCCGCGATGGGCGAGGGGACCGGCAGGGCGAGCGCGGGGCTCATCAGCGCGGCGATGCCGTCCACGAAGCGCGAGGGCCTCGCCTGTGCGGAGTTGGTCAGCACGATGATGGAGAGGCCCTCCCCGAGGAAGCGGGAGTAGTGCGTCGAGAAGCCCTGCCATCCCCCGGAGTGGTGGTGCAGCGGCTTGCCATCGCGCTCGTCCAACATCCACCCGAAGCCATACGGAAAGGTGGCGCCGCTGGAGAGCTTCACGGGCGTGAGGATTTCCCGCCAGCTCTCCGGGGTGAGGAGGGCCCGTGCCTGGACCGCCGCATCCCAGGCGATCATGTCCTTCATGGAGAAGTAGAGCGCACCGTCCCCCGTGGTGTTGAGCGACGGCGAGACCCATTCCTGGTTCTTCACCTCCCCGTTCACCAGGCGGTAGCCGGCCGCGCGGTGGGGAACCAGGTCCTCCTCGCTGATGCCCCTCGCCGTCGTCATGCCGGCGGGCTTGAAGACCTGGTCGCGGAGGACGTTGCCATAGAAGGTGCCGGCCACCCGGTTCACGATGATGCCCAGCAGCACATAGCCGGTGTTGCTGTAGTTCCAGCGCGAGCCGGGGGGGAACTCGATGGGCAGTGCGTAGCAGAAGCGCGCGAAGTCCTCATCGGTGTAGTCCTTGCGCGGGTCGAGCAGGCCCTCGAGATCGGCGAGGCCGGAGGTGTGCGTCAGCAGGTGGCGCACGGTGATGGCACCCCACGAGGCGGGCGCCTCGGGGAAGAACTTCGTCAGGGTGTCCGCCAGCGAGAGCCTGCCCGCCTCCACCTGCAGCATCACCGCCGCGGCGGTGAACTGTTTACCCAGCGAGCCGGACTGGAAGATGGTCTCGGGGCCCACCGGAACCCGGTGCTCGAGGTTGGCGAAGCCGTACCCCTTGGCCAGCACGACCTTTCCGCGGTGCACGATGCCGAGGGCGACACCGGGCACCTTCTGACGTTCCATCTCTTCCCGCACGAACGAGTCGATCCGCTTGAGGACCGGGCCCTGCGCGGCGGCGGTGGCGGGGCGGGCCGAGGCGAGCCCCACCAGCAGCAGGACAGCGGAGAGCTTCAGAAGGAGGGAAGAGGGGTGCAGGCGGCGCTCCTGTGCGAGGGTCCGCCGACACTACGGAGGGCCGGGCGAGCGTTCAATGTCCGCCGTGGCTCCCGGCCCGTTCACTTCACCCGAAGCTGGCCACCTCGGTGAGCACGGCGCGCGAGGGCCGCGTCACATAGCCGAAGTGCTTGTCCGACTCGGCGCGCAGGTGCTTCGCGGCGTCGCTGGCCACGTAGCGCTCCACGGCCTCCAGGCTCGTC
CP043495.1_gap36	1397765	1398404	639	GGTGGACGAGGCGCTCATGAAGGCGGGTCCGCGCCGGTTGCGCCCCATCCTCATGACGAGCGCCGCCATGGCCATCGGCATGGTGCCCACGGCCATCGGCGAGGGCGTGGGCTCCGAGTTCCGCGCCCCCATGGCCATCGCCGTCATCGGCGGTGTCATCACCTCCACCTTCCTCACGCTGTTGGTGGTGCCGGTGGTGTTCGCGGCCATGGAGCGCATCGGCTTCTCCAAGCGCCCCCAGAAGAAGGACGAGGGCCTGCCCATCCCCGTCCCGGAGTCCCAGGAGCAGCGCGCCGCCTGAGCGGTCCGGGCGCTGCCCCTCTCCCCATCCTCTCCTTCGCTTCGTCCCTGCCCATGTTCATCCGAATCGCCGCCGGGTCCGCCCGGCGCCCCCTGTCGCTCGTCCTCCTCGCCGCCCTCTCCCCGCTCGGTGCGCTCGCCCAGGCGCCCGCGGATGCCCCGCGCGCCTTGGGGCAGGCTCCCTCCGCGCAGCCCGCAGCGGTGGGGGCTCCCGCTCCCGGTGCGCAGCGCACGGTGACGCTGCACGAGGCGCTCTCCCTGGCCGCGGTGCAGAGCCCGGACGTGGCCGCCGCCCGCGCCCAGTCCGCCGTGGCCGCCGCCGGTGTCCGCCGCGCCTGG
CP043495.1_gap37	1403887	1407368	3481	AGGAACGCGAAGGCCAGGGTGCTGAAGAACACACCCAGGAAGATGTTGAGCATGCCCTTCTGCGCGTACTGGGTGCAGATCTCCACCACGCGCTTGGAGTCCTCCACGCTCGCCTTCTCCACGCCCTCCAGCTTGATGTTGGCCTTGATGAACTCCACCGCGCGGTAGGCGCCGGTGGACACGGCCTGCATCGACGCGCCGGAGAACCAGTAGATGATGGCGCCGCCCGTGACGAGGCCGAGCAGGAACGGGGCGTGCAGCAGCGACAGGTTGGCGGCGTTGGCGGCGTTGAGCGAGCGGAAGCCGTCAGCGCCCGTGTTGATGCCCACCAGGATGACGATGATGGAGAAGATCATCGTGGTGGCGCCCACCACGGCGGTGCCGATGAGCACCGGCTTGGCGGTGGCCTTGAAGGTGTTGCCCGCGCCGTCGTTCTCCTCGAGGTACTCCTTGCCCTTCTCGAAGTCCGGGGTGAAGCCGAAGTCCTTCTGGACCTCCGCCTTCACGTTGGGGACGTTCTCGATGAGGGACAGCTCGTACACGCTCTGCGCGTTGTCCGTCACCGGGCCGTACGAGTCCACCGCGATGGTGACCGGGCCCATGCCCAGGAAGCCGAAGGCCACCAGACCGAAGGCGAACACCGCCGGGGCGATCATCAGCGAGTTGGGGATGGTGAGGCTGAAGAAGTAGGCCCCGCCCATCAGCGCCGCGATGATGATGCCCATCCAGTAGGCGGAGAAGTTACCGGCCACCAGGCCCGAGATGACGTTGAGGGACGCACCACCCTCGCGGGAGGCCGTGACGACCTCGCGCACGTGGCGGCTCTCGGTGGAGGTGAAGACCTTGATGGCCTCGGGGATGATGGCGCCGGCCAGGGTGCCGCAGGTGATGATGGCCGACATCTTCCACCACAGCGTGCTGTCACCCGCCAGGTTGGGGATGAGCAGGTAGGAGACCAGGAACGTCAGCACCACGGACACGATGGAGGTCAGCCACACCAGGAACGTGAGCGGGTGCTCGAAGTTCATGTGGTCCGCGTTCTTGTACTTGCCGCCCTGGATGATGCCGTTGAGGCCGTAGGAGCCGAGCGAGGCCAGCACCATCACGATGCGCATCATGAAAATCCAGACGAGCAGCTGGACCTGGTACTCCGCGCCCGGCACCGCCAGGAGGATGAAGGTGATGAGCGCCACGCCCGTCACGCCGTAGGTCTCGAAGCCGTCGGCCGAGGGGCCCACCGAGTCACCGGCGTTGTCACCGGTGCAGTCGGCGATCACGCCGGGGTTGCGCGCGTCGTCTTCCTTGATCTTGAAGACGATCTTCATCAGGTCCGAGCCGATGTCGGCGATCTTCGTGAAGATACCGCCGGCGATGCGGAGCACCGAGGCGCCCAGCGACTCACCGATGGCGAAGCCGATGAAGCAGGGGCCGGCGAAGTCAGCGGGGACGAACAGGAGGATGATGAGCATCAGCAGGAGCTCGGTGGAGATGAGCACCATGCCGATGGACATACCGGCCTGCAGGGGGATGGCGTAGGTGGGGTAGGGCTTGCCACGCAGCGACGCGAAGGCGGTGCGGCTGTTGGCGAAGGTGTTCACCCGGATGCCGAACCAGGCCACGCCGTAGCTGCCGGCAATGCCGATGAGGCTGAACACCAGGATGGTGACGACCTTGACGGGCGCCATGTGCTGCAGGAAGCCGAAGTACACCACCATCACGGCGCCGATGAGCACCTCGAGGATGAGGATGAACTTGCCCTGGGTGATGAGGTACGTCTTGCAGGTCTCGTAGATGAGCTCGGAGATCTCGAGCATCGACTTGTGGACCGGCAGGTTGCGCAGGGCCGTGTACTGCATGAAGCCGAAGGCGAGGCCGAAGATGGAGACGGCGATGCCCGCCATCAGCAGGGCGCGGCCGTTGAGCCCGCCGACGAAGGAGACGCTGCTGAAGTCCGGGAGGACGAGGTCCGCCTCGCTGGCGCGGGCGGTGCCGGAGGCCAGCACGGCCAGGAGTCCGAGGACCCTGACTGCGGTGCCGGTGACGCTCGCGCGGAGAGCGTCCATCCGTGAAGTGGGGTTCATGGGGTTCAACTCCTCAAAAGCTCATCATCTGTGGCGGGCGGCGCTCTCAGCCTCCGCTCGCCGGGAAGAAGAGGGGGTGTCGAGGGGTTGGCCGCCTGCGGGCGGGGGGTCCGCACGCCGACGCTTCAGCACAGCCTCGCCCTTCAGGGCCAGAGAGCAGACCTGAAGGCGGCCCGCGTGTACCACGGCCCCGGTGGGGAAGTCGAATTCCGGGTTCAGCCCTCTCCCTCTGGGAGAGGGGCGGGGTGAGGGTGTTGCATCCTGTTCTTTCCGCGCTGAACCTTATCCCACAGGTAAGGTCATCTTCTTGGGAAGACCCTCACCCCCACCCTCTCCCAGAGGGAGAGGGAGTGCGTCTCAGAGCACCTTCACCTTGATGCTCTTGAGCTCCTGCTCGCCGCGCATGACGGTGACGGTCCACTCGCCGGCCTTGTTCAGGCGCACGCCGGTCCACTGGCGGGCGCGCCAGCCCTCGCCCTTGACCTTCACGTCCTTGGTCTCGCGGACCACGTTGCCCTGCTTCACCTGGATCATCAGGTCATCGATGCTGTCGCCCTGGGGAACCAGGTAGGACTGCCACAGCATGACGTTGGTGCCGGCCTTGATGCTGTCGGGGTTGGCCTCGACGATGCACTCGAACTTGTTGGGGCCGTCCTTGGCCACCTCGGTGCACAGCTTGGCGTCCACGAGCACGGGGCCCTGGCCCTGGCCCTTGTAGAAGTACTCCCAGGTGGTCTTCACCGCGTCGGCGGACGGGGCCTTCACGGACTCCTGGGCCGGGGCGCTCTCCACCGCGTCCTGGGCCATCGCCACGCCGCTGAACGCCACCGCCGCGCACATCGCCAGCTTCTTCAGATTGCCTGCCATGGTGTCTCCCCCTCGATGGGCTGAAAGGGGCCAGCGCTTGCCGCCGGCCCGCTGGGAGCGAGTGTCTACCACAGGAAGAAGGCGAGGGTGACGAGCGGCAGGTACACGAAGAAGGCCACCAGCAGGAAGCCGAGGATGTCCTTGAAGTCGAGCCGTGCCACCGCGAGCAGGGGCAGGGCCCAGAAGGGTTGGATGAGGTCGGTGGCCATGTCTCCCCAGGCGTACGCGAGCACCACCTTCTCCGGCGCCACCCCGAGCGTCCGGGCTGCCTCCAGCAGGTAGGGCGCCTCGATGGCCCACTTGGAGCCGCCCGAGGGCACGAAGTAGTTCACCACGCCGCTGTACAGGTAGACGATGGCGGGGAACGTCTGCTGGGTGGAGAGCGAGACGAAGAGCTGGCCGATGCGCTCGGTGAGGCCGGTGGCCTTGAAGATGCCGTAGATGCCCGCGTAGAGCGGGAACTGGAGCACGATGCCGTGCAGCACGCTGGCGGCCTCCTCGCTGGCCTTGAGCAGCCGCGCGGGCGTGCCGTG
CP043495.1_gap38	1409102	1411457	2355	GGTAGAAGTTTCAGCCCCGTCGTGGTGCTTTTTACAGGCCTCCGACGAGTTGCCTGTACCAGGGAATGGGGAGATGCGCGCCGATAGTGTCCTACAGGCAGGGCACTTCAACCACTTCGCGACGCAGTAGGTGTGCGGACCCTGGTGGGTGGCGACGGCACGAAGCTGGCATGGCTTCGGGGTGCCGTGGAACCCGACTCCCGCCCCAACTGCGCCTGCCACACTCCGCACACGGAGCTGGCGGAGTGCCCCACCTTCGTGCGGCCTTCCGAGGCCCGCGCGTCGGCCCAGGTGACCCTGCCGCCCTCGGGCGAGCGGGCCGAGAGGCTCGTGGGTCAACGCTTCGGCAGCTTCATGGCGCTGCGCGAGCTGGGGCGCGGTGGCATGGGCTCGGTGTTGCTCGCCGAACACGTCCTCATTCCCAAGCGCGTCGCGGTGAAGGTGCTCCACCACCACCTCGCCGATGAGCCGGAGCTCGTCTCCCGCTTCCTCGCCGAGGCTCGGGCCATGAGCCTCGTGCAGCACGAGAACGTCGTCACCGTGTACGACCTCGACACGCGCGACGGACGCCCCTACTTCGTCATGGAGTACCTGGAGGGCCAGAGCCTCGCCGCCTTCGCTCGCGGGCCACTCGAGCCGGCGCTGGCCGTGGAGCTGCTCGCCCAGGTGTGCGAAGCGCTCGGGGCCGCCCACGCCCGTGGCATCGTCCACCGCGACCTCAAGCCCGCCAATGTCTTCCTCGTGCCGGGCAACCACGGGCGCCACCGGGTGAAGCTGCTCGACTTCGGCATCGCCAAGCGGCTCGTCCGGCAGGACGGGGAGACGCCCACCCGCACCGGCGTGCTCATGGGCACACCCGAGTTCATGGCCCCCGAGCAGTGTGGCGGCAAGGACGTGGACGCGCGCACGGACCTCTACGCGGTGGGGGTGCTGGGCTACCTGCTGCTCACCGGCACCACACCTTTCGCCGGCAGCAACGCCGCCGAAATCCTCGTGGCCCACCTGCAGCAGACCCCGCGCCCGCCGCACGAGGTGCGCCCGGGGATTCCGCCCTCGCTGTCCGCGGTGCTGCTGCGCGCGCTCGCCAAGCGGCCCGAGGCGCGCTACGCCACCGCCGCCGAGCTGCGCTCCGCCCTGGAGGCCTCCATCACCCCGGCGCGCACGCCCGCGCCGCTGCCCACGGTCGGCTTCTTCGCGCGTGTGCCGGTGCATGGCTCGCTGGGCATGCGCGAGTACCCGTGTGAGCGCGTGGGCCGCACCGGCCTCTTCGTGCGCACCGGCGACGAGCCACCTCCCGTCCTCGCGGACGTGTCGCTGCTGCTGCGGCTGCCCGGAGGCGAGCTGCCCTGCACCGGCAAGGTGGTGGGCCACGTGACGGCCGAGCAGGCCCGGGCGTGGAACATGGTGCCGGGCTTCGGCGTGGAGCTGCGCGAGGCCACCGCCGCCTTCCAGCAGACCTTCGCCCAGCTGCTCGCGGGGGAGAAGCCCCCGGAGCCCACGCCGCCCGCCGCGCCCCAGGACGACGCTCGTGCCGAGCCCCTCCTGCGCGAGTTCCGCCAGCGGCTGTCAGGAGACCATTACACGGTGCTGCGCGTGCCCCGGGACGCCGACGCGGACATGGTGCGCACCAGTGCACGGGATGCGCGCAACCGGCTGGAGCCCCTGCTCACGCTTCCCCTGTCTCCCGGCCAGCGGGCCCTGGTGCAGCGGGCGCTCGGCAAGGTGGCCGAGGCGCTCCTCGTGCTCGGCCACCTGGAGCGGCGCGTGGAGTACGACGCGGAACTGCGCAACCTGGACGGCGTGGTGCGCTGCCTGGCCGCCGGCCTCACCGTCACCGTCTTGGAGGCATGCCGCCGGCGCTTCCTCGCCCGCCACCCGGAGACGGAAGGGCACTCGGTGTTGCACCTCGCTTCCGGGGATGCCTTCCGCTCCGCTGGCCGCCTGCCCGAGGCCCTCGCCGCCTACGAGGCCGCCCTCCGGGTGGATCCGCTCCACCTCGAAGCCCTCAAATGCTGGCACGCCCTCCGGGTGAGGATGCGTGGACATGCGGCTCCCGCGCCCCCCCGTTAGTATGGGCGCGCCCATGGCCTCCGACCCCTCCGAATCCGACGACACGCTTCCCACGCAGGGGCGGTTCACCCGCTTCCGCAAGCTGGCCGGACTCTCCGCTCAAATCAGTGCGGACGTGCTCAAGAGTGGGGCGAAACGGCTGGCCGGCCAGGAGCCGGAGTTCCTGAGCAAGGCCGCCGCGGAGAAGCTCGTCTCCACGCTGGGAGAGCTCAAGGGCGCGGCCATGAAGCTGGGCCAGGCGGTGTCCATGGACACGGAGCTGCTCAGCCCCGAGGTGCGCCAGGT
CP043495.1_gap39	1439369	1443481	4112	CGCCTCGCACGAGTTGAAGACGCCGCTCACGGCGCTCCAGCTCCAGATCCATAGCCTGCGGGGGAAGGGAGGCTCGCTCGAGCCGGGGGTTTCCGCGAAGCTGGACCGAGCGGCCCGCAGCACGGATCGGCTGGCGGGCCTCATCGAGACGCTGCTCGACGTGTCGCGGCTCAGCACGGGTCAGCTCACGCTCAGGCCGGAGCGGATGGAACTGCTGTCCACGGTGCACGAGGTGACGGAGCGGTTGAGCGAGGCGGCGGTCCAGGCGGAGTGTCTGCTCGTGGTGCGGGAAGGGCCTCCCGTGGAGGGGACGTGGGATCGCCTCCGCATCGAGCAGGTCATCTCCAACCTGCTGTCCAACGCGTTCAAGTACGCGGCGGGGAGCCAGGTGGAGCTCTCGGTGACGCGGGAGGGCGCGGAGGCGGTGCTCGTGGTTCAGGACCGGGGGCCGGGCATCCCGGAGAAGGACATGGAGCGGTTGTTCAACCGGTTCGAGCGGGCCGCGCCGATGAAGCACTACGGTGGGCTGGGCCTGGGGCTGTACGTGGCCCGGGAGATCGCCCAGGCCCACGGCGGGAGTATCTCGGTGGAGAACCCGCCGGAGGGTGGGGCGCGCTTCACGGTGCGCCTGCCCGTGTGAAACTCAGACGCGCAGCTTCTCGCGCAGCGCCTTGGCCCGGCTCTGCATGTCGGGATCCAAGCTGGTGATTTCAATACCCTTCAGGCGCTGATCCAGGCTCTTGGGCACCTTCGTCTTCACCAGCTTGCCCTCGGCCTCCAGCTCCTCCAGCCTGCCCAGCGCCTTGTCCACGATCCGCTCGCGCGGGTGGCCCAGCAGGCTGTCCAGGAAGTACGGGTCCTCGGGCAGCTCGGGGTACTTCTCCAGGTAGTCCAGCACCCCCTGCGCCCATGCCCGCGGGTCCTCGGCGGACTCCATCAGCTTCTGCATCGCCTGCTTCTGCGCCTTGCGCTTGCCCTCGGGATCGAAGGTCTTCGCCAGGCCCTCGGGCAGCTCGCCGCCCGTGAAGAGCGCATCCGCCGCCGCCTTGTACTTCTGGTACGACGCGCTGCGCTCGATGCGCTGCTGCGCCGGATCATCCTGCCGCGAGGTGTGCCCCCGGCCCTTGCCGCGCGAAGCGTCGATCTCCCGCCAGCTCTTCGTCCGTTTGCCGGAGAAGCCTCCACCACCCCGATCGTCGTCCTTGTCACGTGCCATTCTTCATTTTCCCTTCCGAGCACTCCACAGCGCCGCCAATCCGCGCTTCACCAGGGGGCGTGCCGTTGCCAGCTCCTCGGGTGACAGGGGGTGCTCCTCGTCCTGCTCCGCCTCGAACAACGCCTCGTCCGCGTATGCGGTCAGGGCCGTGGGCACTGGCGAAGTCTCCATGCCCGGTGTCTCCAGTGCCGCGGGAGCCACGCTCGCCAGTCCCTGCGGCCAGCCAAGCTCCAGCATGGCGTGCAGCTCGAAGAGCAGGTGACGGGCGACTCCGTATCCTTCGTCCGACAGCCCCGCGGCGTCAAGCACACCCAGCAGCGCATCCTGCTTGTTTTCGAACGCATCGCCCAGGCGGGTGCGCGCCTTTTCGTCGTCTTCCAGATAACGCCAGGCCCCCTCCACGAATGCCGTGTCCGGCTCGCCCGGAGCGAAGGGCTGGGGCGGCTCCGTCTTCTGCTTCTTCGGCCGGGGCGGGCGAGGGCCGTCCTCCAGCCGCACCTGCTTGCCTTCCTGCACCAGGTCCCACAACCCCAACAGGTTCTGGAAGAGGCGGCGCGCCAGCTCGGGGGACTCGAAGCGGGGCTCCTGCGCGAAGAGGCTGGGAATCACTTCCTGAGAGGGGCGTCCCTCGGCGTGGGCCTGGCGCATGTGCGCCAGCACCGTGAGGCTGTCATGCGAGGTGCCCGCGAGCTCCAGCAGCCCGTCGAGCACCTGCGCGCCCTCGAACTGGCGCATGAATTCCATCTTCTTGGATCGGGAACGGCTCATGGGGTACGCACCGTAGCGCCCGGACGGCGGAGAGGCACGTGGCTCCTCACGTGGCTCCTCACGTGCCTCAATGTTGGGTGGGTTCCCATTCGCCCATCAGGTCGTCCTGGTGCTGCTTGGGGTTGGTGGGCCATTCGTAGTCCTCGGGCATGTGGCCCCCGCCCTGCTCGGCCGTGCCAATCCAGCTCACGTCCGGGAAACGCGGGTCAGGGCGGGGGTAGCTCGGCTCCGGCTCGTCCGTCACCTCGGTGCGGTTGGGGGGCACCACGAAGGGGGTCTCGATGGGCTTGTCGGGGTAGATGATCGCCATATACGGGCTCCTCCGGCCCCAACCATGGGGATGACTCCACCCGGAGGCCCGGTCCGCCCCGGGGAGACCGGCCAGGGAGCCAGCGGCATGCCCGACCCTTCCTGTTCTGGACGAGACCCGTGGCCACCCTTTGTGCCTTCCGTTTCCTTCCCTCCGACCCTAGTCTGACGCCCCGTCCATGAGCGATCTGTCCTCGGAGAGATTGAAGACCGCGGTGCTGGCGCTGTACCAGGCGCGCCCGGTGGAAGGGCCTCCCGGTGATGACGGCCAGCGCTCCGTCTGGCACCTGTCCACCCAGGGGGCGGAGCTGCTGTCCTTCGTGGACCCGGAGGGCCGCGTGCAGCGCCAGGAGCTCACACTGCTGGACGAGCACTGCGTGTGGTCCAGTGGCGTGGGCCTGCGCACCGGACGGGTGGAGCAGGATGGGGCCGTGCGCACCGAGACGAGTGTCGTCCACCCGGATGCCCAGCCCGTCCCCGCCCGGCTGCTGCGCGCCGCGCTCGCCCTCGAGCACTACCAGGGGGAGGACCGTTACATTCAACACATCCAGCGCGTGCTCGCGCTCGCGCGCCAGGGGCTCGTGCTCTCTGGAGGCACCGGGGCCGTGGCGCCTGCCGCTCCCGCGCCCGTGAGCCCCACGCCTCCGGTTTCCGCGCCCGTGGCGCCCGCGTCCACGCCTCATGGTGCTTCGGCCGGGGCGCAGACTCCACTGCCCCTCCAGCTCCCCGTCGTGGACCCCGTCATGCTCCAGAGGCAGAAGACGGAGGGCCTGACCATGCTCATCGTGCTCGGGCTGGGGCTCCTGTTCAGCGTGTGGCTGCTGTTCTGGCTCCTGTGAGCTGTCCCCTCTCCCTCTGGGAGAGGGAGCATGCGGAGCTCAAGCGGCGACGGCGCCCTCTCCGAGCAGCTGGGCGTAGCGTCCACCCCGCGCGGACAGCTCCGCGTGCGTGCCCGCCTCCACCACCCGCCCCGCATCCAGCACGACGATGAGGTCCGCGTCGCGCACCGTGGACAGCCGGTGCGCGATGACGAGCACCGTCCTCCCCTTCATCAACGCCGCCAGGCCCGCGCCCACCGCCGCCTCGCTCTGGGCGTCCAGCGCGCTCGTGGGCTCGTCCAGCAGCAGCACCGAGGGCCGGCACAGGAAGGCCCTCGCCAGGGCCAGCCGCTGCCGCTGTCCACCTGACAGTCGCGCGCCACGCTCACCCACCGGCTCGTCCAGGCCCCCCGGCAGGGCGCCCACGAAGTCCTCCGCGTGCGCCAGCCGCAGCGCCTCCCAGAGCTCCGTGTCGGTGGCCTCGGGACGCCCCAGCAGCAGGTTGTGCCGCACGCTGCCCGAGAAGAGCACCGGCTCCTGTGGCACCCACGCCATCTGTGCCCGCACACTGGAGGGCTTCAACCGGGACAGCGGTGTCCCATCCCAGCCCACCGCGCCGCCGCTCGGGGGCAGGAAGCCCAGCAGCACGGAGAAGAGCGTCGTCTTGCCCGCGCCCGAGGCCCCCACCAGCGCCACCCGGGCTCCCGCCGGCACCGTGAGGTCCACCCCGCGCAGTGCCTCGCGGCCGTCCGCGTAGGTGGCGCGCAGGCCCTCGAGCGTCAATGCCCGGGTGAGCGGCCCGGCCTCCGCTCCCTCGTCCGGCGGCACCGGAGCATCCCCCACCGCGAAGAGGCGCTCGGCCGCCACCAGCCCGATGAGCACCTGTGACAGCGTGCCACTGAGCGACTTCACCGGCTGGTAGAGCAGCAGCACCGCGGCGAGGAAGGACAGCAGCCGCCCGGAGAGCGACGGGTCCGCGGAGATGGCCCGCGCGCCCCAGG
CP043495.1_gap40	1446216	1447106	890	TTTTCCATTTCTGGAGCTCCCTACTGCACGGTGATGATGTCCGACAGGGAGAGCACGCCCGAGATGGGGATGGGGAGGTTGAACACCTGCTGGAGAATGTCGTTGTCCGGGGTGGTGTTCACGTCGAAGGTGAAGACATACGAGCGGCCCGAGGACAGCAGCCCGGGCGGCAGCCGCGTGCGGGTGTCATTGGTCCGGATCGAGCCCACGTACTGGCTCACCGTCGCGGAGCCCTCCACCGAGAGCTCGTGGATGAAGAGGATGTAGTGGTAGCGCTCGCCCGGCACGGGGGGCGGCGCCGTCCAGCTCACCTCCGGCGTGGTGGTGGTGAGGGTGACGGGCTGCTGCGCGTCCATGCCCTCGATGCGCGGCTGCTGCACGGCACCGAACTCGGGGGCGATCTTCACGGAGAAGAACCCGGGGAGCTGCTCCGAGTGTGAGGCGCTGCCGGCGATGATGGCCGGCGTATCCGTCCCGGGCAGCTGGTAGGTCACCGCGAAAGCGGTCTCCGTGGTGCCCACGGGCATCCAGCCCGCGGGGTAGGGATTGGCGTAGGTGAGGGTGGTGCGCAGCTCGTCCACGGTGGGCGGCAGGCCAATCTCCACGAGCAGGGGAATGGGGCTGATGGTGCCGTAGGTGTGCGGCATGGGCTGGACGTCGACGATCATCACCTGCGCGGCCACGCTGGCGCGCGGATGGATGGCGGGGGCCAGGTTCCTGAACGCGGCCATGTCCCAGTGCAGGGGCGCCGTGAGCGCGGGAGGCTCGGCCATGGTGCCGGAGATCGTCTGCGTCTCCCCCGGCTTGGACTGGAACTCGGGAGCCTCGAAGGAGCGGCTGACGGAGCGGTAGCTCAACGTCTCACCGCTGCCCTCGAGTGGGGCGGTGCG
CP043495.1_gap41	1487627	1489349	1722	TAGGCCCCCAACGCCCCCTCGCGCACGCGCTGGAGCAGCTCGCGGAAGGTGGGCTCGGCCTCCAGGTTCGTGCGCAGCACCAGCGTGTTGACGAACAGGCCGATGAGCCCGTGCGTCTCCGGGCGCTCGCGGCCCGCGATGGGCGTGCCCACCGTCAGGTCACTCTGGCCCGAGCAGCGGTGCAGCAGCACCTTGAAGGCCGCCAGCAGTGCCATGAAGGGCGTCACGCCCTCGCGCAGGCTCAGTGCCTCGAGGCCCTCGGCCAGCTCGCGCGGCAGGTGCACCGGCAGCTTCGCGCCCCGGTACGTCTGCACCGCCGCACGCGGCCTGTCCGTGGGCAGCTCCAGCACCGGCGGCGCCCCCGCGAGGTACTTCCTCCACCAGGACAGCTGCGACTCGAGCACCTCGCCCTGCATCCATCCGCGCAGCCACAGCGCGTAATCGGCGTACTGGATGGGCAGCTCCGGCAGCGCCGGGGCCCTACCCGCCTGGAGGGCCTCGTAGACCTGGGCCAGCTCGCGCACGAGCACGCCCATGGACCAGCCATCCGAGAGGATGTGGTGCATCGTCGCCAGCAACAGGTGCTCGCGCTCGCCCAGCTTCAGCAGCGTCACGCGCAGCAGCGGCCCGCGCGCCAGGTCGAACGGCTTGCGCGCCTCCTCGGCGATGAGCCGGTGCGCCTCCTCCCGGCGAGCGGACTCCGGCAGCCCGGACAGGTCCACCACCGGCAGGGGCAGGCTCGCCTCCGGGGCGACGACCTGGGAGGCCCGGCCATCGATGGTGCTCACCGTGGTCCGCAGCGACTCGTGGCGCTTCAGGAGCGTGGCGAAGCTCCGCTCCAGGGCCCCCACGTCCAGCGTGCCCTCGAGCCGCAGCGCCGTGGGGATGTTGTAGAAGGCGTTGCCCGGCTCGAGCTGGTCCAGGAACCACAACCGCTGCTGGGCGAACGACAGCGGCAGCTCCACGCCCGAGGCCCGGCGGGCAATGGTGATGCGTGGGGCCGAGGACTCCTTGCGCTGGGTGATGATGATGCGCGCCAGCTCGGCGGTGCTCGGGCCCTGGAGCAGGGCCTCCATGGGCAGGCTCACGCCGAACACCCGCTCGATTTCCCCCGTCATCTCCACCGAGGCCATCGAGTCCAGGCCCATGCGGGTGAGGGGCACCGAGGCGTCCACCTCCTCACGGCGCACCCGCAGCAGCGCGGGCAGCCGCTCCAGCAGCCATGCCTCCACGTTCTCGTCCGCCACCGGGCCCGAGTCCGCCACGACAGGCGCCGCCGTGGCCTGGGCCGCCACGGGCTCCTGCGCCGACTCCTCCCACGACAGCACCGGACGCAGCTCACCCGCGAGCAGGCTCGCGCGGCAGGCGCGGCGCTGGATCTTCCCGCTGGACGTCTTCGGAATGGAGCCCGGCTCGATGAGCACCACCGAGTGCAGTTGCAGCTCGTGCAGCTCCGCCACGCGCTGGCGGATGATGCCCACCAGGGACTCGGGCGGATCCGGCAGCTTGCGCGGATCCACCTCCTGCACCATCACCAGCCGCTCCTCGCCCTCCACGTCCAGGGCGAAGGCCGCGCCGCACCCCGGACGCAGCGCCGGGTGGCTCTGCTCCACCGTCATCTCGATGTCCTGCGGGTAGTGGTTGCGCCCGCGGATGATGATGAGGTCCTTGAGCCGGCCGGTGACGAACAGCTCCCCGTCCTCGCGCAGGAAGCCCAGGTCT
CP043495.1_gap42	1490571	1492719	2148	CGCCCTCGGAGTCCTCCAGGAAGGTGTACAGCCGCTGATCCGGCGCTACGGAGGCGCGCGCCTCCACCAAATCCACGAGGGTCGCAGGCTCACTCTGGGGGGGGCGCATCGCGATGTCTCCGCCGGGCTCGTCCGGCGTGGGCAAAACATCCCAACAGGTAGTGCTACCTGTTGTGACGTTCCTGTTTCGATACTGGACAGAAGCTATTCTGCCGTCGAATACTGACGCAAGTTTCCAGGGGTGTGGTGGCGGAGGCGGCTAGAGGCAGTAGCGGCAGGTCCCCGCACGTCCGGAATCCGCATCAGGAGCAAGCCCCCGACATGACGCAGAACTGGATGAAGTGGATGGCCGCTTGCGTGGCGCTGCTGGCCCCGCCCGCGCTGGCCGAGTCCCCCGAAAAGAAGTCTCCGGCGCATGAGCTTTCGCTCGGGGCGACCAGCATCGCGTATGCCTCGTTCTACAGCCTCTCGCCCACCATCTACACGGCGGATCTGGCGTACAGCCGCGCCCTGGCGTCCGAGGGCTTCTGGAGCCGGGTGTGGGTCGGCGGCGGCGTGCGTGGCGGCCTGCCCTCCAGGCTGAGGAGCATGCCCCTGGAGGTCTATGCGCAGGCCAGGCTGTCGGCCCGGCTCGGCATCTGGGAGGGCCTGGTGGGGCCCGAGATCGGGGTGGGTGGCATGGCGAGCCTCTACCCGCTGCTGGGAGACAACGACGGCGGCGACCTGGAGAAGGACATGGTGGGCCCCGTGTACTTCGGCTTCGGCGCGGCGCCGCTCCGCTTCCACCTGGGCCGTGTGATGCTGAGCGGCCTGGAGTTCAACTTCGGTGCGAGCGGGCCGGCCCTGGGCGCCTCTGCCGTCATTCGCGTCACCCTGCTTCGCGTGGGAGTCTCGCTGTGAACCGTTCTTCTACCCGTCCGATGCTGCTCGCGGCGGCCCTGCTGGGCGCCTCCGCCTGCACGCCCGTCACCCCGCTGGATGAGTCCAAGCTCCCCGTCCTCGAGGAGATCGCCAGTCAGATCGATCAGGACCGGCTGATGGGCACCGTGGCCGAGCTGGTGGCGGAGCACAAGTCCGAGGCGCCGTTTGACTGCGAGCTGCTGGGCCCCAACACCTCCGTCTACCCGGAGCTGTGCAACCTCACCCACCAGAAGGCGGGTGAGTACATGCAGCGGCGGCTCGAGCAGTTGGACCTTCCGGTGCGCCGCGAGGTGGTCGCCAAGGATCTGCTGACCGTCTCCAACGTCATCGCCGAGTACAAGGGCGTGAAGTACCCGGAGGAGGTCATCCTCATCTCCGCCCACTTCGACGTCTACTACGCGGCGGCGGATGACAACAGCACGGGCGTGGCCGCGGTGCTGGAGCTGGCGCGCGTCCTGTCCCACTACAAGTTCGACCGCACGCTGCGCTTCGTGGGCTTCGACCTCGAGGAGCTGGGCTACGTGGGCAGCCACCGCTACGTGGAGTCGCTCGGGAGCAGCAAAGAGGTGGTGCTGACGGTCAACTTCGACAGCCTGGGCTACTACAACGATACCCCGGGTTCGCAGCAGACCTCCCTCGGGTTGCCCGCTCCCTCCGAGGCCAACTTCCTGGCCGTGATCGGCAACGACAACTCCCTGGAGCGCGTCAACGAGTTCATGGCGCTCAACGAGTCGTTCGACACCATGCGCACGTTCGGCGTGGTGGCCAGTGGCCTGGGCAACAACCCCGGCAACGCCCCGCTGCTGCGCAGCGACCACGGCCCCTTCTGGCTGCGCGGCCACGAGGCCGTCTTCATCAGCGACACGGCCTACTTCCGCAACCCCGGCTACCACAACGAGAAGGACACCATGGACCTGCTGAATCCCCCCATGTTCCGCAAGGCGGTGCAGCTCTCCGCCGCGGCCATCGCCTACTGGGCGGGAGTCCAGCAATGAAGCGCGCCTTCCTGACCGTGCTGGCGCCGGCCCTCGTGGCGCTCGGGCTCGTCCCGGCGGTGTCCCGCGCCGAAGACGCGCAGCCCGAGGCCGCGTCCACGCCCGTCCACCAGTTCTCCGTCTACAGCCGCGGCGGCGTTCAGGCGTACCTCGCGCCCAACCGCTCCACCGGTTTGTTCGGCGGCTCGGTGGGCGTGCGCGACATCATCCAGGACCGCTACATCCTCCAGGC
CP043495.1_gap43	1504729	1509648	4919	GGCCCCAGGGCCCGCGCATCCAACGCCAGCGGGGTGGATCGGCCGGCGAAGCGCGGACGGGGCCGGCGTCTTCCTGTGCAGGGGCGCTCCGGCGGGGCTCCTCCTCGGACATGGGCACGTAGCGGGGATGGGGGACGGTGCCGCGCTCCACCTGGACGGGGTGGGCCTCGCCGTGCTCCGTCGCGGCCACCATGTGGTGCGAGGAGAGCGTCTCCGGTGCTTCCCGTTCCTCCAGGGGCCGCTGCTCGTCCCGTGCGCGCCGCGAGGACCAGAAGACCTCCACGAGGTCCGTGGCCTCCAGGCGCGCGCGCGGGTGGCCATGCTCCGGGGTGAGGACGATGCCGTGCTCGTCCATGGACCGCACCTCGTCATGGTGCACCCGGTGCTCGCGCGTGACGACCACCCGGCGCTCGAGCACGAAGCCCTCGTCATCCACGGAGAGGACGCGCCCGAGCGGCGTGCCGTCGTGGCAGTGCACCACCATTCCCGCACGAATCTTGCGTTGAGACATGAGTGGCTCTCCTCTAGTCCGGGTCGTCCTTGTCGAGTGGCTCGGGCAGGGCATTCACGTGCACCACGTGGCCTCCCTCCTCCGGGGGCGGTGCGCGGGTGGCCGCGGCTTCTTCCGGAGTGTGGGGCGCCCGCTCCTCGAAGCCGTCGCCCTCCAGGTTGCGCTGCCGCTGCTCGCTCGTGCTTCCATAGCCTTCCCGCAACGGTTGCTTGCCTGCCATGGTCACCTCGTGGGTTGGAACGTCCAAGCCCTAACGCTTGGGACGGGGAGCGGGGGCCGCAACGCCTTTCTCCCTGGGAGAGCCCGGCCCAGGTCCAGTCCTGGGGGGCGCCCGCTCCATTGCTCGCGGGGCAGGCGAGTACCCAGGCCCACATGCCCGTGGTCCGGGGCCCACAGGGGCCCGGCTCCCGAGGCTTCCACCCAGGGGCGCCGGGGCGGCACGTCCGGTGCAAAACCTGGGGGACGGCGTGGGGAATGTCCCCCCCGCTCGACTGTCGACGGAGGCGCGCCCCACTGCTATGCACCCCCACACCATGGATGTTCGCCCCTCCCCCCGCCGCGCGCTGCTGCTCGCGCTGGCGCTGCTGATGTCCGCTTGCAAGACGCCCTCCGCCACGGGCGGTGGCACTTCCTCTGGCTCCTCTTCCGGCTCCTCGTCACAGGGCCGCGGGGAAGACGTCCCCAAGGGAGACCCCTTCCCGTCGAGGCCCACCGTCGAGGCGCGCCAGGACGCGCAGGCGGACCAGGCGCTCGCCCAGGCCATCCAGCAGGCCGAGACGGCTCCTCGCAAGCAGGCCGCCGAGTCCTTCCTCTCGGTGCGCAAGGCGTACCCGCAGACGACGGCGGGCCAGGAGGCCCTCTACCGGGCGGGCGTGCTCTTCTACGACTCGCAGGACTACGTCAACGCGCGCAAGAGCTTCAACGAGCTGCTCTTCGAGAACCCGCTCCACCCGCAGGCCACCGAGGCCAAGCGCCGGCTGGGCCGGTCCGCGCTGGAGGTGGGTGCGTACCGTGACGCCTACCAGACGCTCTACAGCCTCGCCGAGCGCGCCGAGGGCGCCGAGCGCATCCAGTTGCTCGAGGACTCCGCGAAGGCCGCGGAGAAGGCGGGCCTCTTCGGGCAGGCGCTGCGCATCTCCGTGGACCTGGCCGGCAACGCTCAGACGCCCGAGGCGCAGCAGGCCGCGGTGGCCCGGGTGCAGCAGTTGGTGGAGGGCCGCGCGGGCTTCATGGACGTGGCGCAGATCATGGAGGATCTGCCGTCCTCCAACCCCGCATGGCCGGTGCTGACCTTCAAGCTGGCCCGCATCTACTACCACCTGCGGGACTGGACGCGGCTGGAGGAGACGCTCAACCGCTTCCTGGCGGAGGCGCCCAACCACACGTTCGCCCCGCAGGCCCGCGAGCTGCTCGCGCGCGCCACGCGCCGCGTGGACGTGCAGACGAAGACGGTGGGCCTGCTGCTGCCCATGACGGGCAAGTACAAGGCCGTGGGCGAGGCGGTGCTGCGCGGGGTGAAGCTGGCCCTGGCCGGCAGCGACATCGAGCTCGTGGTGAAGGACACGCAGGGGGATGTGAACCTCGCCGCCCAGGGCATGGAGCAGCTGGCCTTCGACGAGGGTGCCATCGCCGTGCTGGGCCCCATCACCTCGGACGAGTCCCGCCGCGCCGCGCTGGTGGCCGAGGAGCTCCAGGTGCCGCTGCTGACGCTCACGCGCCAGGAGGACATCACCAACATCGGGCCCTTCATCTTCCGCAACATGCTCACCAACTCGGCGCAGGCGCGGGCCATCGCCGACTTCGCGATGAAGCAGAAGGGCTTCAAGAGCTTCGCGATGCTCTACCCCAACCTGCCGTACGGGGTGGAGCTGGCCAACGACTTCTGGGACCACGTGGTGGAGAACGGCGGCCAGGTGCGCGGCGCCGAGACGTACGCACACGATCAGACGACGTTCACCTCGGAGGCCAAGAAGCTGGTGGGCCGCTATTACCTGGAGGACCGGCTCGACTACATCGAGGGCGTGCGCGAGGTGCAGAAGGAGACGACCGGCCAGGACGCGTTCCGCAAGCGCAAGGCCATGGAGAAGATGAAGGGCGAGGTGGATCCCATCATCGACTTCGAGGCCATCTTCATCCCCGACGAGTGGCGGCGGGTGAGCCTGGTGGCCCCGGCGCTGGCGGTGGAGGACATCGTCACCAACGCGTGTGACGCGCGCGACGTGGAGCGCATCCGCAAGACGACGGGCAAGAAGACGATCAAGACGGTGATGTTGCTGGGCACCAACGCGTGGAGCAGCAGCAAGGGCGCCAGCGGCATGCCGGAGCTCGTCGAGCGCGGTGGCAAGTTCGTCACCTGCTCGGTGTATGTGGATGGTTTCTTCGTGGACTCGCAGCAGCCGGCCACGCAGCGCTTCGTGAAGGCCTACCGCCAGGCGAACAGCGGGGACCCGGGCCTGCTCGAGGCCTACGGGTATGACTCGGCGCGCATGGTGCGGCAGCTCCTGGACTCGAAGCAGGCGCCCAAGAGCCGCGGGGAGTTCCGCGAGGCCCTGGCCAACGTGAAGGACTTCGACGGTGCCACGGGCAAGACGTCCTTCGATGAGAAGCGCGAGGCGCGCAAGCCTCTCTTCCTGCTGTCCGTGAGCAACAAGGGCGTGACGGAGGTGCCTCCGGAGAAGTCGGCGGCGCTGGGTGGCTCGTGAGGGCCCTGGCGTCTCGCGCGCTGTGGCTCGTGGGTCTGTTGTCGCTCGCGGGGTGCCGGCACTCCGCGCCAGTGCTCGCGCCGGATATCGCCTCCCGGCTGGAGTCCACGCCGGGGGGATACCTCGCGGGTGAGGTGGTGGGTCTCGAGGACGGCGCCGTCCTCGACCGCAGGGACTTCGTCTGGACGCTGGCCTTCTCGCCGGACTCCTCGCGCGTGGCCTACTCGCACCTGGGCGCTCGCGAGTATCTGATCGCGCTCTGGAATGTGAGGCCCTCGCTGGCGCGCGTGGTGGACCAGGGCATCAACCCCTCCGAGTTCGACGTGGAGGCGCTGGCCTTTTCCCGGGACGGCTCTCTGCTGGCGAGCGCGGGCTGGGACGGCATGGTGCGTCTGTATGACGCGGCCACGGGCGCGCTGAAGGCGAGCCTGCGGACGGAGGAGCCGCTCACCGCGGTGGCCTTCCACCCGGCTGGCGGCTACCTCGTGGCGGGCAGTGCGCAGGGACTGCTCACGGTGCTGCGCGTGGCGGACCTGGGCTTCTCCTTCGAGGCCCGGCCCCACACGGACCGGGTGAGCGCGCTCGTCTTCGCGGCGGATGGGACGCTGTACTCGGGGAGCTGGGACAAGCGCATCCGGGTGTTCGACGCGCGCGAGGAGGCACTGCGGCGCGAGCAGGCGCGGGTTCGCTTCGAGCGGCGCGGGGGCTACGCCGTGGTGGGCGGGACGCTCAATGGGAAGTCTCCGGTGGCCTTCGCGTTGGATGCGCGTGCTCCCGCGCTCGTGCTGGGTTCTCAGGCGGCGGAGGCGGCGGGGATCGACACGGCCATGTTGCAGGAGACGGTGTCGCTGCCCACGGCGCTGGGGTCCACGCTGGCGCGGGTGGCACGGGGCCAGCGGCTGCGCCTCAAGGGGCTGGAGCTGGAGGGCCTGGACGTCGTGGTGTGTGACGCGTGTCTGCCTCCGGGCGTGGGTGGAGTGCTGGGTGCTCCCTTCTCCGAGCGTGTGGACGTGGCCTTCGATGACGCCACGGGTGAGGCCGTGCTCACGTTGAAGGCTCCGGCGCAGGTGAAGCAGGAGGAGCGGGGGCTGGTGCTCGCTCCACGCACGGCCTTTACCTTCGAGGCGCACGTGAATGACGTCACGCTCGACGCGGCCGGGCACCGGTTGGGCGTGGCCTTCTCCGAGCCCAAGGCCGAGCGCAACCGCGCCGTCTACGAGCGCGAGAAGAAGGGGCTCGTCGAGCCTCCCGCCGAGTGGAACGCCGCGGCGCTGGTGGACGCGGGCTCGGGCCAGGTGCTGCGCAAGTGGACGGCGCACCGGGGCGTGGTGGCCTCCGCCGGCATCTCTCCGGACGGGCGCTCGCTGGTGAGTGGTGGCTGGGACAAGCAGCTGTACGTCTGGCGCGAGGGCCAGGAGCCGCCAGTGGCGGAGCGGAAGTTCGGTTGGTCCGTGCGCCGGGTGCGCTTCAGCCCGGACGGGCAGCTGGTGGGCGTGGCCGCGTGGACGCCGCAGAAGGCCTCGGGCACGCAGGAGAGCGATCCGGCCGCGGCCCTGTTCCCCGTGCGCTACGCCGCCCCCACCGTGGAACGGTGACGTGCTCCCTCTCCCTCTGGGAGAGGGCGGGGGGTGAGGGTCATCCCCTGGGTGTCCGCGTGAGGAAGACCCTCACCCTAGCCCTCTCCCAGAGGGAGAGGGGACATCCAC
CP043495.1_gap44	1543056	1546093	3037	CGAAGGGCATCGCCGGAGTGCCAGCCGAGGCGCGGGTGGTGGTGCGCCACACGCCTCGCGAGGGCTCCTTCGCGGACGGAGAGGCCTTCACCCTTCAGGCCCCGGAGTATGTGCTGGAGGCACCGGCCCATGGTCCACTTCACCCGGAGACGATGCTCTCGCCGCGGCTCGCTCAACCGCTGCATGGGCTCGGCCTGCTGGCGGCGGTGTCCGAGGAGACGGTGCTGGAGTGGGCGGATCCGGACGATGCGAATGGAGATGGCATCTCCGGCAGGCCCAACCGCGTGTGGAGCGTGCGCGAGGGCCGGCAGGTGCTGGGACGCTTCGGCTGGAAGGCCAACCAGCCGGACCTGGAGCAGCAGAACGCGGGAGCATTCCTCGGGGACATGGGGCTCACCACGCCCCTCTTCCCCGCGCAGCCCTGCACGGCGGCGGAGCAGGCCTGTGGGGACGCTCCCACGGGAGGCGCTCCGGAGGTGGAGTCCCACCGGCTGGCGGCGCTCACCTTCTATTCACACGTGGCGGCCGTGCCCGCGCGGCGGAACGTGGACGCGCCTCGGGTGTTGCAGGGCAAGGTGCTCTTCCACCGCGTGGGGTGCGCGGGCTGTCACCGGCCCACACTCGACACGGGGACGTTGGAGGGCTACCCGGAGCTGTCCGGACAGACGATCCGGCCCTACACGGACCTGCTGTTGCACGACCTGGGCGAGGCGCTCGCGGACGGGCGGCCGGATTTCGAGGCCACGGGGCGCGAGTGGAGGACGGCACCGCTGTGGGGTATCGGACTGACGGCCACCGTCAACGGACACACGCGCTTCCTGCACGATGGACGGGCGCGCTCGTTGATGGAGGCCATCCTCTGGCACGGAGGCGAGGCCGAGGCCTCACGGGAAGCCGTCCGTCAGCTCTCGAGGGAGGAGCGCGAAACCCTGCTCACCTTCCTCGAGTCGCTGTAAGCAGCTCCACAACCCCTCTCCCCCCGGGAGAGGGACGGGGTGAGGGTGCCTGTCCCCGTTCCGCTGGCCCGTGCGTCCACTGGCGATTATGAGGGGCCGCATGACCACCACCAATCATCAGTTCCGTCTCGCCGCCCGTCCCGTGGGCATGCCCAAGCGTGAAGACTGGTCCTACACCGAAGAGCCCGTGCGCGAGCCGGGCGAGGGAGAGCTGCTGGTCAAGGTGCTCTACCTCTCGCTCGACCCGGCCATGCGCGGGTGGATGAACGAGGGCAAGTCATACATCCCGCCCGTGGGCATCGGCGAGGTCATGCGCGCTGGCGCCGTGGGCCGGGTCATCGCCAGCAAGCACTCCGGCTTCGCGGTGGGAGACCATGTCTCCGGCTCCTTTGGCGTGCAGGAGTACGCCCTCTCCAACGGCAAGGGCGTCACCAAGGTGGACACGAGCTTCGCCGCGCTGCCCGTCTATCTCGGCACGCTCGGCATGCCTGGCATGACGGCGTACTTCGGGCTGCTCGACATCGGCAAGCCGCAGCCGGGCAACACCGTGGTCGTCTCGGGCGCGGCGGGCGCCGTGGGCACGGTGGTGGGGCAGATTGCGAAGCTCAAGGGCTGCCGCGTGGTGGGTATCGCCGGTGGTGCCGACAAGTGCCGGTACATCGTAGAGGAGCTCGGCTTCGACGCCGCCATCGACTACAAGTCCGAGGACGTCAAGAAGGCGCTGCGCGCGCACTGCCCCAACGGCATCGACGTCTACTTCGACAACGTGGGTGGCGACATCCTCGACGCGGCGCTCACCCAACTGGCGATGCGCGCGCGCATCATCATCTGTGGCGCCATCTCCCAGTACAACAACACGACTCCGGTGAAGGGCCCGTCCAACTACCTGTCGCTGCTCGTCAACCGCGCGAGCATGACGGGCATGGTGGTGTTCGACTACGCCGCGCGCTACGGCGAGGCCGCGCGCGAGATGGCCGGCTGGATGGCCCAGGGCAAGCTCAAGTCGCGCGAGGACATCGTCGAGGGCCTGGAGACGTTCCCGGACACCCTGCTCAAGCTCTTCAAGGGCGAGAACACGGGCAAGCTCGTGCTCGAGGTGGCCGGAGAGTAGCCGTGTTGCGCATGCTCCCTCTCCCTTTGGGAGAGGGCGGGGGGTGAGGGTCGTCCCCCGAGTGTGAAGCTGTGTGGGAAGACCCTCACCCTGACCCTCTCCCAGGGGGAGAGGGGACCGGCTCAGCGCGTCGCGAGTGTGTCGACGTGCTGGCGCAGGGCCACCTCGTTCTCCAGCCGTGCGCTGAGCCCGGCGATGGGCTGGGCGGCCTGGGCGATGCGCCCGCGGGTGCGAGGACCCGCGGCCACGAGCCAGGCCACGCCGAGAGCGAACTCGGCCACGTCGGGCGCGTTGCCGAGCTGCGGGACGAGCGCGAGCAGTGCCTCCACGGCCTTCTTCACCTGCGCGCCGTGCAGGGCATGGCTGCTGGTGATGCCCTGGCGCAGCAGCTCCAACAGGGCGAGCGCGGTGGCGCGGGCCTGACGCACGGGCTCGGCGCCCGCACCCGTTCCCGCCCACAGGCCGCTGGCGAGCTGCGTCTCGAGCAGGCCCACTCCGCCATCGGCCCCGTGCGCCGGCTCCATGGGCGCCTCGGCCGCGGGCATGTTGCGCGACAGCTCCATGAAATCCATCGACTCGGCTTCGTCGCTCATGGAGTCCATGAGGGGCTCCGGCTGCGCGAGCGGCTGGACCTTGTCCTTGAACAAGCCACCGAGGAAACCACCCTTCTTCTTCGCGGTCTCGGCCTCCCTACGAACCCCGGAGACGCGAGCCTCCGCGGGCGGCGCCATCGATGCGGCCGGCGCGGGGGCCATGGGGGCGGGCGGAGGCGGCGCACCCGGGGCAGCAGGCCGCGCACCCCCGATGGCGCCCCTGGCGGGGACGGGCTTCGCTGGCACCGCCTGGAACGACCCGGTGGTGCTGCGCTTCCGTTGCGCCTTGCCTCCCGAGGCGCCCATGCTGTCGAAGCCGCCCTCGGCCTCCTCCTGCTTCGCCGTGCCGAACATGGCCCAACCAGCGGGGGCGTTGA
CP043495.1_gap45	1552088	1555524	3436	AGGAGGAAGAGGATGTAGACGACGGCCGGCTGGGCGAGGGCGTGGAGGAAGCGCTGGGAGAAGGAGGGCCGCAGCTCGACGATTTGAGCGTTGGCGGTGCGCAGGGTGACGGGCGAGTCGCCGACGGTGACGGAGCGGCCATGGGCCCACTCGAGGAAGGACTCCTGGGTGGGGGCGATGTGCTCGATGACATTCAGGGCGAGGGCCTTTTCGGCGGGGACGCTCTCGCTCTGACGGACGGCGCGGATGGCCCACTCGACGTTGCGGCCGCGCTGTTTGGCGATGGACTCGACGAAGGCGACGGCGTCGTTCTCGATTTTGCGGGCCATCTCCTTGCCACCGGCGTCCTCGGGGTCCTGTCCGGTGAGGCCGACGACGGGGTGGGCGGCGCCGATGTTGGTACCTGGCGCCATGGCGGCGAGGTGGGAGGCGAGGGTGATGAAGACGCCAGCGCTGCCAGCGCGGGCGCCGGAGGGACCGACCCAGACGAGGACGGGGATGCGGGCACCGAGGAAGGCGCGGACGATGTCGCGGGTGGACTCGAGCTCGCCGCCGGGAGTGTCGAGGCGGACGAGGAGGGCCTGATGACCGGCCTCGTGGGCGCGGCGGACACAATCGACGAGGAAGGCGCGGGAGCCGGCATCGACGGTGCCATCGAGGACGCAGCGGGAGACGACGGGAGGAGCGGGAGAATCCGCATGACTGGCCGTCTGGCCGATCAGCAGCAGACCCAGCAGGAGCACTGTCCAAACCGAACGCCGAGACCCGCCCATCGCACCACCTGCCTCTCAGCCCGCCAGAACATCCCCGCCCACTTCCCCTCTCCCTTCGGGAGAGGGACGGGGTGAGGGTATCCGTCCCCGTACTCCAGTCCGTGAATCAGCCTGGACCACGTATCCACTGTGCGTGGCGGTGTCGCCCCTCCCTGGAAGGCACCATCCAGCCGAGTACGTCTCTCAGCGGTCCAAACGTTACCTGTGCCACAGAGACGAGCCAGTGGGGTGTCCCCAATCCCCGTCATCCCACGGTGGCTGCTCCCTCTCCCTCTGGGAGAGGGCTGGGGTGAGGGTCTTCCCGGGACTGTTCCCCGGAGAGCCTTTCCAGCAAAAGCAGCTCATCGAGAAGCAGCCGGGGCATGAGGAAGTGATGGCGGACGCGCTCGCGGCCACTCTCGCCGAGGGCCCGCGAGCTCCGCGGATGGCGCAGCAGATGGAGCAGCGCCTCGGCACACTCCTCGATGCTGTCCACGAGGATTCCACCGGTGCCTGGGGGCATCTGCATGGGGATGCCGCCGACGCGTCCGGCGACGACGGGGGTGCCCTTCCAGAGGGCCTCGGAGACGACGAGCCCGAAGCCCTCGCGCAGGGACTTCTGGATGACGACGTCGGAGAGGGACTGGAAGGCATTGACCTCGACATTGCCCACGCCGACGAGGTTGGTGAAGACGTGGATGAGGGGATCTCCGGCGGTGTCGGCGCGGACCTTCTCGTAGATGTCCCAGGCCTCGGGGTCATCGAGGGCCATGGAGCTGACGAGGGCGAGCTGGAGCTGGGGGATGAGCTGGCGGACGAGCCGGTAGGCGGCGACGACGCCGAGGGGGTCCTTCCACTTGTCGAAGCGGCTGACCTGGGTGACGAGGGGCTGGTCGAGCCGGACGCCGATCCACTCGAGGATGTGGCGGGCGAGCGCCTTGGGAGGGCGAGGTTCTTGGGGCTGAGCGGGTCGATGGCGGGGGGATGATGGCGACGCGGCGGATGGGGAAGTGGGGGGGATGAAGTTCTCGAGGGTGAAGACGGCGGCGTCGTAGGCGGCGAGGTAGGGGGTGAGGAATTCCCAGATGGCGGGATTGGGGTGGGCGGTGTCGATGTGGCAGCGCCAGATCCACCGGGAGCCGCGGTGGCGGGCGAGTCCGGCGATGGCGGCGGGTTGGGGGTCGTGGACGATGACGAAGTCATAGCCCTCGGCGAGGTGGGGGGCGTTGAGCTGGGCGTTGCCGAGATAGAGGGCCTTCTCGGTCTCGGAGAGCTCGCCGGGAGCACCCTGCAGGCCGTTGTGGAGCCGCTTGGTGATTTGAAAGAAGGCGTCGTCGCCGCGGATGATCTTCCACTCGGCCTGGAGTCCGAGGTCCTTGAGGAGGGGGACGCAGGAGCGGAGGATTTCCGAGACGCCGCCGCCGTAGGAGGTGGCGTTGAGGTGGAGGATGCGGGCGCCGCGAAGACGTTGGGAGACGCGCACGAGCTCCTCGAGCTGCTCATCGGGGGCGACTCCCCGGTACGCCGCGAGGGATCTGTCACCGATGTCGATGACGTCGAGCATGGGGCCTCCCGCCACGAGACTCGGGAGAAAGGTGACGACGGAGGCGAGGGGAGGCGGGGGGGCGGAGCCTGAAGGGTGGAGCGGGAGACGATGAGGCGAGCGCCTCCCGGGGCGCGTGCATCCGATGGAGGACGGAGCGGAGCGGGAGCGCGTTGCGGAGGAGGGAGGGGCTCCCTACGGTGGGAGGGAGATGCTTTCAGGAGGACGCATGCGCCGTGCCTTGCTCATCACGATAGGAGTGGTCGTTTCCCTGCTGGCCTGCCGGACGACGCAGCCATCGGGAACGGAGAACGCGATGCCGCTCCAGGATCCGGCGCAGAAGGAGGATGCGCAGCTGGCGCCGGCGGAGCCGCCGGGGCCCGCGGGTCCGCTCACGGTGCCGACGGACTCGGACGCAGGAACGCCTCCCTGACCCCAGGCCGTCTGGGCCCCCGCCAGGTGGCCCGCGTGAAGAGGACCCCCACCGTGGACCCTCTCCCTCGCCCTCCGGGAGAGGGGGTGAGGGTGCCGGAGTCCCCGGGTTGAGCCCGGGTGCATCCCCTACGCTTCGAGCAAGGCCTTCAGTGCCGCCAGGTCCTGTTCCACCATCGCGGCGTCTTGTGCGAACTGCGCATCCGTCATGCCGGGTTGCCGGAAGAGGGTGAACACCACCTCACTGGCCGTGCCGTGCGCGATGACGCGCAGGGGGACATAGACCTCGATACCTGGAGCCGGGCTGACGTAGTGGTCCAGGACGCCGAACGGATTGGGGGGCGCGAATCGCAGCCGAGCCGGACCCTGGGGCGTCTGGACGAGCCACTGTTCACCGTCTCGGACGACCGCGCCACCGATCCCCTTCGCCCAGCGCGGCAGGTTCATGGGATTGGACACGAACGCGTAGACGGCGTCGAGGGTACGCGCGATGCCGATGCGCAGATGCCTCACGGTGTCGTCCTTCGCCATGGCGGTACCTCCTGCGACGAGCCTTGCCGGTACGTACAGCACCTGCCGGCCGGGCGGGAAGCCTCGCGAGGCCCACGGTGTCAGTGACAGGCGCGAGCGGCTGGCGCACAGTGGCGCCGTCGATGCGGGGACGATCATCCCAACACGGAGCAGGAACGAGAGCCCGAGGTGCGGCACG
CP043495.1_gap46	1635626	1639044	3418	GGGTCTCCGCCCCGGCACGCGCGTGAAGTGGAGCAACACCCGGCGGCGAGGCACCGCCGCGTCTTTGTCAGCCCTCGCTCGAAACCGCCGTCTGGGTGGGCCCACCCGCAGACGAGAGGTTCGCGAATGGCGCCGAATCCCCGCATCAAGCAGGCGATCGTGTTTGGCCGGAATCCGCATCAGCCGGATACCTTCGACACGGAGGCCGAAGCGGCCGAGGTCCTGGGCATCGAGACCTTCCAGCTCGACCTGCACGCGCTGCTCGAGGGCAACACGGACCGGGCACTCGCCGCCCTTCCGGAGCGGGGCCGCCTGCGACTGCTCTACCGGGGGTGGATGCTCACGGGTGAGGAATACGAAGCACTGGACGAAGCGCTGGACGAGCGGGGCCACGCGCTGATGACGACTCCCGCGGAGTACGCGGCGGCCCACTACCTCCCGAACTGGTACCCACGGTTGAAGGGGTACACCGCCCGCTCCGTGTGGACCGAGGGCACGGACGCCTCGGAGGCGTGGGAGGCCGCGCAGGAGCTGGGCTCGCCGCCGTGGCTGGTGAAGGACCACGTGAAGTCGGCGAAGGAGCGCTGGGCGGAGGCGTGCTTCGTCCCGGCCGGCGCCACGCGAGAGGACTTCGAGCGGATCTGCGGCAATCTGCTCGAGGAGCGCGGGGACCGCTTCGAGCGGGGGTTCGTGGTCAGGCGCTTCCTGCCGTTGAAGGTGCGGGGGCGTACGCCGAGCGGGCCGGCGCACCTCGAGTTCCGGCTCTTCTTCGGGCGCGGGCGGCTGCTGGCGGCGGAGTCCTACGATGACTTCGACGTCGACGTCCCGGACTTCTCGGCTTTCGAGAAGCTCGCACGGAAGATCGACGCGCGCTTCTTCACCATGGACGTCGCGATGCTCGAGGACAGCCGCTGGGTGGTGGTCGAGGTGAACGACGGAGGCGTCTCCGGGCTCCCGGCGAGCATCGACCCACGAGAGCTGTTCGCGGCGTTGCTGGGCGTGGAGCGTTGACTGACACACCCTTGGCGCGTCAGGGACCTCCGCTGACGCGTCAGGGGCCCGGCTCGAGTGGATGTGCTTCCTTTGAAGAGGCCCGGGCACAGGCCTTGCTGGTAGGGCTGGCGCGCGCACGAAGCGCGCGGCGCCGTGTTCAAAGGAACGAAGGACATGCTTTCTCTTTTCCGCTCCAACTCCAGACTGTTGTCCTGGGTGGCTTGTGCCGGTCTGGCTCTCGCCGCCGCTGGTTGCGAGCCGACCGAGCCCGAAGAGCCGCTCGATTACACGCATCCGCTGGCGGAGGGGACTCCCATCTGCGGGCGGCCCGACTTCAACGAGATGTTCCCGTATTCCATCCGCTCCGAGACGCTCCCGGTGCTCGTGCACTTCTACAAGGAATCCGAGCGGGAGACGGCCCAGCAGGTGCTGGCGTTCGTCGAGAAGGGTTGGGACTACCACGTCAACCGGCTCGGCATGCGCCCGGCGCTCTCGGACAAGGGCGAGTGCGGACCGGATGATGCCTTTGACGTGTTCGTGTGGAAGGGTCACCGCAGCTGCCTCGTCAACGTGCTCTCGGGTGAGCCCTCCACCTGGTGGGATGACCGGCGGGGATTCATGGTCGTCGACGCGTGGGGTCCTTATGGTGGCCCCGAGCTGGAGGAGACCGTCGTTCACGAGATGGCGCACGCCTCGCAGGCCGCGGACGACTGGTACGAGGCGCCGCATACCTTCGAGATGTCCGCTGTCTTCGCGGACCAGGTGTACGCGGACCGCTACATCAAGACCTACTTCGACGACTTCCAGGCGCATCCCGACTGGGCGATCGATCGCGATGACAAGTACGAGACCTGGTACATGTACGGCTCGTCCATGTACCTGCTCTACCTGAAGGATCGTTTCTTCGGGGGAGATCCGCGGTTCCTCTCGCGCATGTGGTTCGACTCGCGCAACCCGCCGGGCGCGGAGGATGACCAGACGCTCAACGAGCCGGACTTCGCCGATGCGCTCGACGGGATGCTGAAGGACTACGGCTCGAGCTACGTGGAGACCGTTCCCGAGTTCTCGCGGTGGCGCTGGTACACCGGCGACCACGTGGACGATCGCCACTTCCGTCACTTCAAGGACGGGCTGGACAACCTCAAGGCGGCGAAGCTCGCGCTGGCGGCCCAGCGAGAGGCCACGCCGGGGACCATCGACATCACCGAGAACGCGCCGATGATGCTCGGCACGAGCTACATCGAGCTGTCGGCCGGCACGGGCACGACCCAGCCGGTCTACGTGTCGCTGAACGCTCCGAGCGAGGCGGGGCGCCGCTTCGTCGTGCAGGCCGTGCCGGGGCTGACGCCGGACTCCGATGGTGAAGTGCTGGACCTCTCCTCGGGTACGACGGAGCTGAAGTTCGCGGCGGACCAGAAGCGGACCCTCATCGTGACCGCCCTCCCGACGGGGCCGTATGACCCCGACCTGCGGACCGAGGACCGGTACCCCTTCTCGATCGTCATCTCGAACAAGCTGTAGACGAGGGGCTGGAAGGCGGGCCCGGGTCGCCGGGCTCGCCTGGGGGGTAGCCAACAAGAACGGTGACAGACGCCGGTTGGAGATGGCGTCGGCTGGGCGGGGACGTTAAGGGAGTGCCCCATGGAGCCCACCACCGACCTGGCCACCTGTCTGCTCTGTGGCGCTGGAGCCTCTCCAGCGCTGAACCTGCCGCGCTTCGCTGGAGCCGCGTGTCAGGGCTGTGCCCAGCGCGTGGGACACCTGCTGGTGCAGGATTCCACGCAGCTGACGGACATCTGGCCGCTGCTCGCCGACGACGTGGATGAAGAGCCCGAGCCCTCGGTGCAGCGCGCGGATGGGAAGACGGTGGAGCTGCGCCAGGTCATTGCGGAGATGAAGCGCGAGCTGTCGGTCGAGGACCGCATGAAGCTCGCGGAGATGTACGGAGAGATCGGTCTCATCCGCGAGCAGCTCGAGGAGTGTGGCCGGGTGCTCGTCGCGGCGCCCGCGGCCGGGTTGGCCCAGCGTGCGCTCGACGTGCTCTTCTCGGAGGAGCTGTGCTCGCCGCGCGGGATCGAGGAACTCCGCGGGCGCATGTTCCCGGCTTGAGGAAGCGAGGCGGCGCCCGTTCAACGCGGCTTGATGGCGTGGCTACCCACCGGGCTTCCGGCGAGCATCGAGCCGCGCGAGCTGTTCGCGGCGTTGCAGGGTGTGGCTCGCTGAAGTTCGTGGGCTCAGGGGTGGTCGGCGCTTTCGGGTATACCCAGTCCCGAGAGCACGGACGCGAGCGGATGAGTTATTTCGGGTGGGAACCGCTCCGACAGGAGGGGGATGAGCCTGCGAGCAAAGTCTTCCTGCTCCTTTCGGGCTGCGAGGACAGCTGCTGTGAGCGCATGAGGCGATAGGTGCCATGCACGGTGCACGC
CP043495.1_gap47	1693772	1696566	2794	GGATTCAGACTTCCTCGTCGGGCAGGAGCGTGAGGAGCAGCTCGTCATCGGGGCCGAGCGGGCGCCAACCGGGCGGTGGTGGTGTGGCGCGGAGCGCTGCCCGGGCCTGGCTGACGCGCTCTTCATGGGTTTCCGGGGTGAAGGAGGACCAGAAGCCGAGGGCCTTGGCAATCTTGAAACGGTTTGCGTCATCCATCACGGATGGCCAGCCGTTGGGGAGGCTGCCGTACAGTTCACGCACGAATTGACTGCGCACCAAACGCGTGACCCGACGGCTTCGCTCTGCCTCTGCGACCAATCCGCTAAATAGCTGTACTGCGGCGATGTCATCCTTGCCAAGTTCCTCGGCCAGCGCCACCAGCGAAGCGGTGGGGCGCGCCTCGGCAAAGGCGGTGAGCGAATCGTAGCCTCGCTCACGGACCCGCTCATACAGTCGCGCCTTCACGTTGCCCTGCCAGGCACGTCCGTCGCTCATGGGCCTCTCCATGGGATGAATTTCATTGGAACCATGTAGCGCTCCATTGCCTCCGCGACGATGCTCAGCACTTCGTTTCGCGTCAACATCCGGCCAGCTTCAGCCTCGGCGTCACGCAGCACCTTCATGATCATCCGGTTCCATTCCCCGGGCCATGTTCGCCCCAGCTTCCAGTTCCCACCACCATGGATCGCCTGATGGTGTGCCTGCTCGAGCCTGACGCAGAACTGGTCGATGTCCATCTCGCCGGTGAAGCCGCGTTTCTCGAACCACTCGCGGAACTCCTTGGGCAGGACGTGGTGCCGGGGACGCCTGGCCATGCCGGCCCCCGCTCTGCCCGTCACGCGCATGCCGCGCACCTCGGGCCCGTCGCCCAGCGCCTCGCGCACGCCCCGAGGCAGTTCGCCGTGCGCCATCATTACTTGTCCGGCCTGTATCCTTACCGCGGCGCTGACAGTGGGAAGTGAGAGGACGCCCGCCCGCACCAGTCGCCGCATCATCTCCACCCACTCGGCGGAGACGACAAGGCGCGTGCTCATCATCACGCCGTTGGAGCCCACCATGAAACCCATGCCCAGCGTGACGGGCGCCGCCGCACGCAGCGCTGGCAGGGTGAACTTCAACGCAGACACCAGGGTGAGCGCCTCCACGGACTCCTTGATCACCAGCATCTTCTGGATGTTCTCCGCCCCCTTGCGCACGGCCTCACGCAGTGTCTCGAACTCGTCCGTGAGGTGACCTACCAGGGTGGGTAGGTCCTCCGCTGCTGCCTCCACCTGCGCTGGCTCTAACGAGGAGAGTGCCGCCATGGCTGGCTCGAGCTGCTTCTGGAAGCGATCCATGTCCACGTACAGCCGCTCCACGCTGTAGAGGCGCTGGGAGAGCGTGGCGTCGGTGAGGTGGAGGAAGTCACACCACATGGCCAACAGCATGGAGCCCATCATGGCGGCCTCCAGCCGTGGGCCGGCTAAGCGCAGCAGGGCCAGCCGCATGCCCGGCTCTTCCACCTGAGAGGCGGCGGTGGCCAGCCGGGCGGCGGCGTCCAGCTCGGCATCCATCCACCGCAGCTGACGTTCCCCATATTCGACGTAGCGAAGGAAGATACCGTTGCCCGCGCCAGCGATGCCCTGGTGGCTGGCCCTGAGTCTGGACAGCTCACTGGAGACGCGGCGGGTGGAGGCGGACACCTCGCCCGCGGCCCCGAGAAACGCCAGATGTGCCGCCAGGGCGCTCCCCGTGTCCTCCGCACCGCCCGAGTCCACGGTCGTCATCGCCTCCCGTGTGCCCTGGTGGCGGTGCTGCGTCCGCGACCGCTCGAGGTCGGGCGCGGACTTTTCGCCCGAACTCCCGGCTCAGACGGGTGCGGCGGTCTCGCCGTGCGTGTAGCGCAGGCTCATCTCCCGTCCGGGCGGTGATGTCAGCGACGCGCAACTGGTGGATAGCAGTCCAATCCAGAGCAGCACCCCCATTTTTTGGGAAGTCCCCATCGTGCGCGTCTCCTATCGCCCGTCGTCGATGGGCTATCGGAGTGACGAGGAGGAGCTCGAGCCGCGAAGTGGCTCGGCCTGCCCACCCGGCTCCGGCGGCGCCGCTGCGGGCCGTCCAAGTCTGGCGATGTCCACTGTCAGCAGCTCGTACAGCAGCACGTCCCACCACCAGAAGAAGAGCGCGCTGAACTTGATGTAGACCAGCGGCGCGTTCGTCCAGATCTGCAGCGGATGGCCCAGCACCCGGTCGGCCACGAAGCCCGCGAGCCACTCGCTCGCGAAGCAGATCGTCCCGGCGATGACCATCCGCTTCACCAGCCCCACGTCCCGGCGCAGGAACCAGAAGAAGTTCAGGCACCAGATGATGGTCACCGAGCCCGCCCACAGCCCCACGCTCTCGAAGGAGAACCAGTGGTAGGGCGAGAGCGGATACGTCCACCCCGGCTCCCCGGTGAGCTTCCAGTAGAGCTGGTTCTGCAGCAGCTCCACGAACCAGAAGATGGGCGTCACGTAGCTGACGTGGAACACCAGCGAGCCCAGATACCCGGCCACCCTCCGCTGCCTGCCGTCGCCAGACGGCCCCGTTTCATCCATTGACACAGCAACCTCCTCCACGGCCCGGCCTGCCCATGCGCGGCACCTCGTTCCTCGCGCGAGTCTGCCACGGGTGGGTTTCCGAGAGGGTTGGAGGTGTGTCTGGAGGCTACACGGCGGACCCGGGCGCGGCAGTCACCTGCCTGCTCCCAAGGCAGGTGCATGGGGTGACGTGGGTGGTGCTCCGCAGCGGGCGCTGTTCGCGGTACAACAGTGTGTATGCGTACCCCCGTCGTGT
CP043495.1_gap48	1703299	1707452	4153	CGGTGACTCCGGCGGCGAGGAGCTGTCGAGCGGGTGCAGCTACAGGACGAGCCTCGACTCGCCGAGCGAGATTCCGCCCCTGTCGGCCTACCTGCCGCACATCGCCGAGGGCATCGCGGAGTCGGCGCGCAACGAGTTCCGCTGCCTCTCCGGTGAGGGCACGGGCAGCCAGCAGCTGATGGCGTCGAACACGGCCATCATCCACGGCATCGGTCTCACGGCGGCGGACATCGCCAAGATGGCCCAGCATGGCACGGGCCTCATCTGGTCGCCGCGCTCCAACATGTCCCTCTACGGAGAGACGGCCATGGTCACCGCCTACAAGCAGCTGGGCGTGAACATCGCGCTGGGCACGGACTGGCTGCAGTCGGGCTCGATGAACATCCTGCACGAGCTGCGCTGCGCCAACTACCTCAACGAGGTGCACTACTCGCGGACGTTCACCGACGAGGAGCTGTGGCGCATGGTCACCGCGAGCGCCGCGGACCTGACGGAGACCTGGGAGAAGATCGGCCGCATCGCCCCCAAGAAGGTGGCGGACCTGGCCATCTTCAAGCTCAAGACCTTCGCCAACTCCCCGCACCGCGCCGTCATCGAGGCCCGGGCGGACGACGTGGTCCTCACCGTGCGCGGCGGCAAGCCGCTCTATGGCGACAAGGAGGTCGTGGCCGCGCTGACCGTGGGCGCGACGGATCCCTGCGAGGAGCTTCCCGTGTGCGGCAGCAACAAGGCGGCATGCGTGAAGTCCGAGACGGGCAAGACGCTGGCCGAGCTGAGGGAGGCGAACAAGAACGCCTACGAGCTGTTCTTCTGCGCTGACGTGAAGCCGACGAACGAGCCCTCCTGCGAGCCGCAGCGCACGGCCACCGCCCCGGTGGCCGCCTCGCAGAACGGCTCCACCCTCTACAACGGCGCCCGCCGGCTCGCCGACTTCGATGGTGACGGCGTCGCCAACGCCGAGGACAACTGCCCCATCGTCTTCAACCCCATCCGCCCCCTGGACAACCGCAAGCAGGCGGATACCGACGGCGACGGCATGGGTGATGCGTGCGACCCGTGCCCGCTGGAGGCCGGTGTCTCCACCTGCACGGCGCCCAACCCGGCGGACGAGGACGGCGATGGCAAGTTCAGCCCCGACGACAACTGCCCCGGTGTGGCCAACCCGGACCAGACGGACACGGATGGCGATGGCCGCGGTGACGCGTGCGACGCGTGCCCCAACGCCAACCCGAACGACGTGCTCTGCTCGGTCTCCCTCTACGACGTCAAGCGGCCGGTGTCCGGTGCTACCATCCCGCTCATGGGCTACACCGTCACCATTCCCAAGGCGGTGGTGACGGCCATCGCGGGCAACAGCTACTACGTCCAGATACCCACGGCGGATCTCACCTCCGGCCCGGACTGGTCCGGCGCCTACGTCTTCTCCTCGTCCTCCACCGCCGCCAAGCCCGCGGTGGGCGATCTCATCGAGATCAAGACGGCCCTGGTGAAGGAGTACTTCGGGCAGCTCCAGCTCAACAACGTCACCTTCACGAAGCTGGGCACCGCCCCGCTGCCGGCGCCCGTCGCCGTCTTCCCGTCCGATGTGAACACGGGCAGCTTGCGCGCCGCGGCGCTCGAGAGCGTGCTGGTGGAGGTCACCAACGTCTTCGTGTCGAAGCAGGAGCCCACCCCGGGCACGGCCGACTACGCGCCCACGTACGAGTTCGTCGTGGACATCCGGGCGGATGGCACGGAGACGCAGGGCCTGCGGGTGAACGATCTCATGTACCGGCACCCCATGCCCGAGGTGGGCACGGAGTTCCGCCGCGTGCGCGGCATCCTCGAGTGGCGCAATGGCAACTCCAAGCTCGAGCCGCGCAGCGCGGACGATCTGCTCCTGCCTCCGCCGCCCCTGGCCTCCTTCGGGCTGTCCTCCACCCAGTTCATCCGGGTGAATCCCGCGTGTGACCCCAACGGGTGTTCGCTCATCGGGCCGGCGAAGCTCCTGGTGTCGCTGCCGGCGGCCTACGGTGAGGACGTCGAGGTCACCGTCACCTCGTCCGACACGGCCAGCCTGCGGGTGGCTCAGAGCGGCAAGGTGATCATCCCCAAGGGGCAGCTCAGCGCCGAGGTGAAGCTCATCCCCGTGGCCATGGCGAGCAGCGTGACCCTGACGGCCACGCTGGGTTCCTCTTCCAAGGAGACCGCGGTGCGCGTGCTGGGCACCACGGAGCAGCCCAAGCTCACCACGCTCGCCCCGGGCCTCATCGTCACCGCCGCGTCCAACAACGTGACGCTCCTGGCGACCCTGGACATCCCGGCTCCGGCGGGCACCACCCTCGAGGTCGAGGTGTCGCCCGTGGAGCTCGGCACGGTCGATCCCGTGACGGTGGGCACCGACAGCCTCCTGGTCCCCTTCACCTTCAAGACGTCCGCGACGCCTGGCACCGGCCCGGGGACCCTCACCGCCCGGGTGGCGGGCAGCACCACCTCCCAGAGCTCCACCATCGAGCTGGCCACCGCCAGCCTCCCGGAGATCGTCAGCATCACCCCGAGCCCGGTCACCGTCTTCCAGGGCACCACCCAGCCGTTCACGGTGACGCTCAGTGGGGCGGCTCCGGGAGACATGCTCGTGCGGCTGGTGGCGACGCCTCCCTCGGCGGGCGCGGCCTTCGGCACGGTGCCCCTCACGGTGCGGGTGGCCTCGGGGGCCAGCACGGCCGCCTTCGACTTCACCGCGGATGCCACGGGCAGTGGCACGGGTTCCATCAAGGCCTCGCTCGGCGCGAAGGAGGTCACCGCCAACGTGACGGTGCGCCTGCCCTTCCCGAAGATCGCCAGCATCACCCCCGCCCAGGCCAAGCTCGTTCCCAAGGCCTCGCGCACCTTCACCGTGACGCTCGACAAGGTGGCCGAGACCGGCGGCTTCACCGTGCTGCTCGCCCTCACGCCTCCTGAGCTGGGCACCCTCAACGCGGCCACCGCGAACATCGCCGAGGGCGCCAAGACGGTGGATGTGACGTTCACCGCGGGCGAGCAGGAGCTGACGGGCACGCTCGTCGCCTCCAACACCCTGGGCGCGGGCAGCTCGGCCACGGCCAACATCGAGGTCGCGGCGCTGCCTCCGCACGTGGTCATCAGCGAGATCTCCGCGCGCGGCGGCCCCTCGAGCACCAGCCCGGACGAGAACCAGGACGAGTTCGTGGAGCTCTACAACCCGTCCGACGAGCCCGTGGACCTGAGCGGCTGGAAGCTCCAGTACAAGAGCGCGGGCGGGACGACCTACGGCACCTCGAACACCTACTCCATCCCGGACGGCAAGATCATCCCGGCGTATGGGTACTTCCTGCTCGCCAACGGCAACTACCGTGGCACCGTCACCCCGGATGCGACCCACTCGCTCAACATGTCGGGCTCGGCGGGCGCCCTGCGCATCGGCAAGCCCGAGGTGGGCGCGTCGCTCGATGATCCGAACGCGGTGGATACGCTCGGTTACGGCACCACCGCCGTGGGTTCCGAGACCAAGTACGGCCCCGCGCACCCGGCGCCGGGCGGCAGCATCGAGCGCAAGGCGCTCGCCACCTCGACGCCCGTCACGATGGCCACGGGCGGCGCCGACGCGGCGAAGGGCAACGGCTACGACTCCAACGACAACTCGGTGGACTTCGTGCAGCGCGCCGCGCGCGACCCGCAGAACTCCGCGAGCCCGGTCGAGCAGCCGTAAGGGATACGGCTCCTGCCCGCCTCCACCGAGGGGCGGGCGGGGCCGGTGAAGTCCCCTGAAGTCCTCACGCCCTCCGTGTCACGCCGTCCGGGTGACGCGGGGGGCGTTGCCGTTTCAGCGCGCGACGATGCCTTCCACCAGCAGCCGCGCCAGCGTGGTGAGCGTGGCGTCGTACGTCACCGACTCGCGGAACAGATTCTGGTGCACCACCGCGCCGATGTAGCCGCCGATGATGTTGTGCGCGGCCTGGTGCGCATCCACGTCCAGCCGGAACTCCTTCGTCTTGGCCTGGCCGTAGCGGATGATGTTCTCCACCGCCAGGACGTAGATGCCCAGCTTCTCCCGGATGGCATCCGCCACCCGGTCGTTGTTCTCCGCCGACTCCGCCGACACCATCCCGAAGAAGATGCCGTACTCGCGGTGGTAGCGCAGGAACTGCTGCGTGCG
CP043495.1_gap49	1755515	1759119	3604	CTCTCGGAGCTGCTGGCCGAGGCCCGGGCCCGCGCGAGCCTCCCCGCTGGATTCGCCAGGGGCCTCCACTCCAAGAGCTACCGTGAGCCCGAGCCGAAGCGTGCGCGGAACATGGCCACCAGGTCCTCATCGAGCACGTAATCCTCGATGTAGAGCCGCGCGGCCTCGAAGCGCAGCTCGCGCAGCTTGCGGTAGTGCAGGTCCAGGTCTCTCGGAGTCGGCGTGCCCACGAGGCACGGAGCGTCCTCGAAGCGGGAGCTGAGGATGCTGGAGAAGACGCACCCCATGAGTGTGTCGTCGAGCGGGTGCAGCAGCTTGAGCGCGGCGCGGATTTTATGGTCCCAGCCGGTGGCGAAGGTGATCTCCCGGATCTCCCCCACGGGCCTGTGGCTGCGGATGGCGCCGGCCTCGGTGAAGAGGACGTCGCGGCGCTCCTGGAAGCGGCGGATGGCGCGGCGCGGATCGAAACAGTGGGGCGCCGAGTCATCCACCACGAGCGTGCCGGGGCGCAGCTTGTCCACGTCGAGCAGGTTCGCGGCGCTGGTGGCACTGAGCAGGACGGAGGCCTCGTACACCTCGTCGGGCGCGGTGTTGCCGGAGATGCACGTCACCTCCACCTTCCCCTGGAAGCGCAGCTCCGTCACCAGCTCCTCGGTGAGTTGCAGCAGGTACTCGCGCCGTGCGGGGACGTCACACAGCCGGAGGGAGCGCGGGTGCGGCAGCGTGCGCAGCAGCAGGCGCAGGATGGCGGTGCCGATGGAGCCAGCACCCAGGAGCGCCACGTGCTCGTCCTCCAGCCTCCGTCCTCCGGCGCGCAGCACCTGCTCCACCATCATCACGAAGCAGGCGGCGGTGGTGGCATGGCCGGTGGTGAGCCGGGGCAGTCCGGAGCGGCCGGTGGTGGCCTCCACGAGGGCGCGTCCATAGTCCGTGGCCGAGGGCACCAGGCCCGTGAGGGACACGGTGTCGGCGCCCAGGCGCGCGGCCTCCTCGAGTCCCCGGACGACGGCGTCCACGGTGCGCTGCTTGTCCACGTAGAGTCCCGCGTCCTCCAGCGGCAGCACGATGAGCCCGATGCGGCCGAGGAACGTCTCGTACACGCTGACGAGCGAGGCCTCGCCGTGGAGACAGTCACGGATGAACTCGCGGGGCGTGAGCCGCAACTGCTCCAGGAAGGCACGGGGCAGGGTGGCGAGCGCGGCGGCGTCCACGGAGAGCTTCGCGCTGTACTCCACCTTGCGCGCGGGCTTGCGCTCCTCGGCGCCGCCCACGTCGTTGTAGACGTCCGCGACGGAGAGCAGGTGCACGGCGCTCTCCGGCAGGGTGGGTCCGGCGTAGTAGAGCGAGAACAGGACCTTCTCGAAGAGCACCGGGAAGGACAGGCGGGACGAGACGAGCTCCTCCAGCCTCGGGTCCAACGTGCCGCGCAGGCCCTGGCGCTGCTCGCGCAGGTGCACCTTGAGACGCTCCCAGATGTGGATGACGGAGAGCATCTCCAGGAAGTCGGGGCGCTGGAACTGCTGGGGGAAGGGACTGGGGAGCGTGGTGGTGCCGTTGCTCTCGGCCGTGAGGAAGACGCGGACGGTGTGCGCCAGCAGGTTCAGCATGGCGAGGAAGCTGGCGTAGAACTCGCGGTCGCTCCCGAGCTGGCGCATGGGGATGACGGAGTCCAGGTCCGCGAAGGTGCCGTTGAGGAGCACGTTCTGCGGCTCGATGCACTGCCCGTTCTTGAAGTGCTGGATGTCGCTGGGGAAGTAGCCGAGCAACAGCATGCGCGCGGTGAGCCGCACCCACGAGTCGACGACGGCCTCGGGATCCAGGTTGTGCTTGAGGGTGGCGTAGACGAGGCGCGTGTTGGAGAAGCCGCCCGAGCCGGTGCGCTGGCTCTCCTGGGCCAGGGTTCCGGCGAAGTGGCTCACGCGTGGGAAGGGCGCCTTGGGGAACCAGTAGACGTAGCAGGCCAGCCCGTCGCGCAGCTCGTTCTGGGCGATGGTGAGCGTGAAGCCCGACAGCAGCGGCAGCAGCCGTGAACGGAAGCGCGCCACCACCTCCTCGGACCAGCGCACCACCAGCAGCGGCAGCGGCAGCCCGCCGGGCTCGTGGAACTCCTCCAGGAAACGGCCCTGCAGCTCGGCCGCGCGCTGCGCCTCGGTGAGCGCCTCGGGCAGCGTGACGGCGCCAGGCACCTTGCGCTCCTGGATGAGGAAGTACTCCAGCGTGTTCGTCACCGAGTGCTTCGCGAAGCGCTCGAAGAGCCGCTGCTGGAGCAGATGGAAGAAGCCGCTCTGATCCTCGCACCGCACCTCGGCGCCCTTGATGGCCAGCACGCTCTCGCCCGGGCCGCGCCGGTAGAAGGAGCGGAAGTGGCCCTGGGGACGGAAGAAGCCCTCGGTGTCGAACGTGCCGTTGGTGGGCGGCACGGGGATGTCCCGCTTCATCCGCTCCAGCTCCTCGGCCACCCAGGGCTCGGCCTCGCGCAGGTGGCGCCAGAGCGCGGGTGCGTCGCGGGCCACGTCCCAGGCGATGGAGAACGGGCCCGACTCCGCGCGCGGCTTGCGCGTGCCCAGCTCCTCCAGCAACTGCCCGAGCGGATGACTCAGCAGCTCCTCCATCCGGAGCGTGAGCCCGTACCGGTCCTCCAACAACTGCTGCAGCTCGAGCTGGCGCATCGAGTCCAGCCCGAGCTCCGCCAGGGTGAGCCTCGGGTCCAATGCCTCGGGGGCGATGCCGATGAGGCGGGCGAGCTGCTCGCGCAGGAAGGCGGAGGGGCTCGCGTCGGTGGGCTCGGCGCGGGGCGGCGCGAGCCGGGCCGTGTGCAGGATTTCCAGCGAGCCCGCGAGGTAGTCCTGCTTGCAGGCGCTCCGCTGAATCTTGCCGCTGGACGTCTTGGGCATGGTGCCGTGGCGCACCAGCACCAGCGTGCCCAGGTGGATGCCGTGCGCCGCGGCCACGGACTGGCGCGCGGCGTGGGTGATGTCCTCGGGGCTGTCTCCCTCGTGGTCGCGGTGGACCTCCTGCACCACCACGAGCCGCTCCTCCTGCCCGGAGTCGACGGAGAAGGCGGCGCCACAGCCGGGACGCAGCGCGGGGTGGCTCTCCTCGACGGTGCGCTCCAGGTCCTGCGGGTAGTGGTTCCGGCCCCGGATGATGATGAGGTCCTTGATGCGGCCGGCGAAGAACAGCTCGCCTTCCTGGAGGAAGCCCAGGTCCCCGGTGCGCAGCCAGGGGCCGTCAACGGTGTCCGCGCGCATCGCGCCGAAGGTGTGCTCGCTCTCCCCGGTGCGGTTCCAGTAGCCCTGGGCGACGCTCGGGCCCGAGACCCAGATTTCTCCTACCCGGTCCGAGGAGCAGCGCGTGCGCGTGACGGGGTCCACGATGAGGACCTGCTCGTCCAGCCACGGGCGGCCCAGGCCCACCAGGCGCCGTGAGCCCGGCGTGCCCTCGGGCAGCTCGACGACCCACCAGGACTCCAGCGCCGCGCCGTCCACCGTGCGCACCGTGCGGCGTGTGCCCTGGAAGCCGCCCGTCACCATGAGCGTGGCCTCGGCCAGGCCGTACAGGGGGCGGAGCGCGTCCGAGCGCAGGCCGGTGGGGGCGAACGTCC
CP043495.1_gap50	1784571	1787114	2543	GACGACTCCCAGCTCATCTCCCACGAGTCCCTGCCGGCCCGGCACCTGTCCGTCCAGATTCCCGAGGAGGGCTTCGGCTGGGTGGAGCTCCCCTGGAACATCGGCAACCACCCCGAGGGCACGGCCGTGGTGCACATGGAGACCCCGGCCGAGATGAACTTCCACGAGCACCACGCCGAGCACCTGCCCGCCCTCCAACTGGTGAGCTGCGAGGCGGACCGCTGCCTGCACCAGTTCAATGCCCCCAGCGGGTCGGCCGCCCAGCCGCTGCGCGTGCGCATCCACAAGCCGGGCCGCTACGAGTTCCGTGTCTCGCACGCCTCGGATGAGCGGCAGATCAACGAGCGCTTCGTCGTGGACGCGGGGCACTGAAGCGCCGGTTTCCTGGCCGTGACAGAAGGAAATGGGGAATTCCGCCCCCCATGGGGCATTCTGCCCCGCACTCGTGGTCGGTAGTGGACAGGTTGGACATCGCGGGGGGGCCGTGGTGTGGAGGGCGGCATGACGCTCGCGAGGAAGCTCGTTTTCGCCCTGGTGCTGCTCGCCTTCGCGGTCATCGCGGGGCTGGAGACGGTGGAGGTGCGGCGGGAGCTGTCCCGAGCTGCCCTGGACATGCAGCAGGATCACCGTCTGCTCGGCCACGCGCTGGGCGGCTCCCTCGTCCGGGCCTGGGAGTTGGAGGGCGGAGAGCAGGCGCTGTTGTTGCTGGCGCAGGCCAACCGCTTCCAGGAGCAGGTGAAGCTGAGCTGGCTCTGGCTGGACTCGCCGGAGGCGGCGGACCTGTCGTCCGAGCAACGGGCGGAGCTGCTCGCGGGGAAGGACGTTTCCTTCGTGGACGAGCGGTGGGCTCCAGGCGTGCTGCGCTCCTTCACCCCGGTGGGCATCGGCCCCCGGCAGGGCGTCATCGCCATCACCGAGCCCCTGACGGAGCAGCGCCTGCACGTGAGCCAGACGGTGCTGGGCATGGCGGTGGCCACCGCCGTCATCTTCCTGGCCTTCCTGGGCGTGGCCATGGCCATGGGCCACCGGCTGGTGGGCCGTCCGGTGGAGCAACTGGTGGAGTTCACGCGGCGCATCGGCCAGGGAGACCTGGAGGCGCGCGTTCACCTGCGTCAGAAGGACGAGCTGTCCACCCTCGCGGATGCGATGAACCAGATGGCCAGTGGGCTGGCGGCCGCTCGCGCCCAGGTGGCGGCCGAGACGGCGGCGCGCCTGGCCACGCTCGAGCACCTGCGGCACGCGGACCGGCTGGGCACGGTGGGCAAGCTCGCCTCCGGCGTGGCCCATGAGCTGGGCACTCCGCTCAACGTGGTGCTCGGCCGGGCGAAGATGATCGCCTCCGGGGAGGCCGAGGGCGACGAGACGCGCGAGTGCGCGCAAATCATCACCCAGCAGGTGCAGCACATGACGGGCATCATCCGCCAGTTGCTGGACTTCGCCCGGCGGCGCACGCCCCAGCGGGCCCCGGAAGACCTGGCGGATCTGGTGGCACACACGCTGCGGTTGTTGCACCCCATGGCGACACGGCGCGGCATCCACCTCGCCAGCGAGGCCGAGGGGCCGCTGCGGCTGGAGGTGGACGGTGGGCAGATCCAGCAGGCGCTCACCAACCTGGTCGTCAATGGCATCCACGCGATGAAGCGCCCGGGCACCTTGAGGGTGCGGCTGGGCCATGCGCGCGCCCTGCCTCCGGTGGAGCTGGGTGGCCCCGAGGCCGAGTGGGTGCGAATGGACGTGTTGGACGAGGGGGATGGCATCTCCCCGGAGACGCTCCCGCGCGTCTTCGAGCCCTTCTTCACCACCAAGGACGTGGGGGAGGGGACGGGCCTGGGGCTGTCCGTCTCCTATGGACTCATCCGGGACCATGGGGGATGGATATCCGTGAGCAGCGAGCCCGGGCGTGGGAGTTGCTTTTCCATCTTCCTTCCACCCGGGGCCGGCGAGTCCGAGGAGGCCGAGGCATGAGCGCGACGAAGGGCCGCATCCTGATCGTCGAGGACGAGCGCGAGATGCGCGCGCTGTTGGAGAAGGGGTTGGCGCGCCGGGGGTTCATCCCCACGGTGCGAGGCCGTGCGGACGAGGCCTTCCCGTTGCTGGAGACGGAGGACTTCGACACCGTGCTCACGGACCTGCGGATGCCGGGCATGGACGGGTTGGAGCTGTGCGAGCGCATCGTCCTCAACCGGCCGGACATTCCGGTGGTGGTGCTGACGGCGTTCGGCACGTTGGAGACGGCGGTGGCGGCCATCCGGGCGGGGGCGTACGACTTCGTCACCAAGCCGGTGGACGTGGACGCGCTGGTGCTGGTGCTGGAGCGGGCGGTGCAGCACCGGGCGCTGCGCGAGGAGGTGCGCCGGCTGCGCCAGGCCCTGGGGGATGCGTCCGCGGACGGAGGCTGGGTGGGGGAGAGCCCGGCGCTGCGCCGGGTGTACGAACTCATCGAGCGGGTGGCGGACTCGGACACCTCGGTGCTGATTACCGGGGAGAGCGGCACGGGCAAGGAGGTGGCCGCCCGGGCCTTGCACGCCCGCGGCCGGCGCCAC
CP043495.1_gap51	1790935	1794546	3611	GGATGCCCACGGCCTTCACCAGGGCGGAGAAGACGAGGTACATGGCGCCCGCGGCGACGAGTCCACCGCCCACGGCGGCGGGGCCCTCGGCCTTCAGCACGGAGATGATGGGGGCGATGAAGGCGAAGCTGCTGCCCAGGAAGATGGGCACGCCCAGCCCGGTGAGCACGTGGAAGAGGAGGGTGGCGAGCCCGGCTCCGAAGAGGGCGACACTGGGATTGAGGCCGGTGAGCAGCGGCACCAGCACCGTGGCGCCGAACATGGCGATGGTGTGCTGGAGGCCCAGCACGACCTTCTTCTGGAGCGGGAGGGGCATGGGCCCGCCTTAGAGCTTCAGGGGCAGGCTCCGCAAGCGCTTCCCGGTGAGCGTGAAGAGGGCATTGGCCACGGCGGCGGCCACCGGACCCATGGGCGGCTCGCCCATGCCCAGCGGCTTGTCGCCCTCGCCCACCAGCAGCGTGTCGATGTCCGGCGCCTCTCGCATCGTCAGCAGCGGGTAGTCGTAGAAGTTCTCCGCCTCCACCTGCCCGTTCTTGATTGTAATCCGCTCGGACAGGGCGGAGCTCAGGGCCATCATGATGCCGCCCTCCACCTGGGCGGTGGCGCCGTCCGGGTTGATGACGAGCCCACAGTCCACGGCGCAGGTGAAGCGGTGCACGCGCGGCCGGCCGTTCTCCACGGAGACCTCGGCCACCTGGGCCACCACGGTGTTCATGTCCACCGAGCACGCGATGCCCCGCGCCCGGCCCTCGGGAACGGCCGTGCCCCAGCCGGCCTGCTTCGCCGCGGCCTCCAGCACCCGCCGGAAGCGGCGGTCCATCTCGTCCTCGCCCAGATGCTTCAACCGGAAGGCCAGCGGGTCTTCCCCGGCCGCGTGGGCGAGCTCGTCCATGAAGCTCTCCAGCGCGAAGGTGTTGGCCAGCAGGCCCAGGCCCCGCCAGGTGGCGGTGGGCACGGGCAGCTTCACTCGCTGGGCCAGTGTCCGGCGGTGGGGCATGGCGTAGCGGATGGTGGCCCCGCGCCAGGAGCCGAAGTCCGCTCCCAGCACCGCGCCCGCGGCCTCGGGGATCAGCGCGAAGAGCACGTCACCACTGGCCTGCTGGTGCTCGAAGGCCAGCACCTTGCCGGACTCCAGCGAAGCCTTCAGCACGTGGTGCGTGGGCGGGCGGAAGAAGCCATGGCGGAACTCCTCGGCGCGCGTCCACCCCACGTGCACCGGCCGGCCCGTGGCTCGGGACAGCCGAGCGGCCTCGATGGCGGCCTTCGCGTCCAGGCGCCGGCCGAAGCCACCCCCCAGGTGCGTGGGGACGAGCTCGACGCTCTCCTCGTCCCGCTCCAGCGCCTTCGCCACCTGCTTGCGGATGCTCCCGGGCATCTGGGTGGAGGTCCACACCCGCACCCGCTCCGGCTTCACCTCCACCAGCGCGGCCTGCGGCTCCAGGTGCGCGTGCGCCGCCAGCGGCGTGCGGTACTCGGCGCTCAGCTGCTTGCCACGCCCCAGGTGCGCCGGTGCGTCGCCCTCCTCCTGGACGAGCACGCCCTCTCCGTCCTTCACCGTCGTCCGCGCGTCGACGTCCGCCTGCTGGAGCGACTCGCCTTCGGTCCACTCCAGCTCCAGGTGCGCCAGGGCCGCGTGGGCCTGCTCGCGGGACTCGGCGGCCACGGAGGCGAAGTCGCTTCCAATCAGCACCTCCACCACGCCGGGCTGCTGGCGCGCCTTGCCCTCACGCGCGGCGCGCAGCGTGCTCCCCAGCCGCGGCGGCCGGGCCGTGGCCCCGTACAACATGCCGGGCAGCCGCTGGTCATAGCCATACACGCCCTGGCCGGTGAGCTTGGCCTCCAGGTCCACGCGCGGCATCGACTTGCCGATGAACTGGAAGTCCTTCGCCGGCTTGAGCGCCGGTGGTTGCTCGGGCACTTCCCACGTGCCCGTGTGCTTCGCCACCACCTCGCCGTAGCGCAGCTTCTTCTCGGGCTGGTCCCGCACGCTCAGCGTCCCCCCGGCGGCCACGAGCGCGCTGGCTTGCACGCCCAGCTGACGGGCGGCCTCGGTGCGCAGCATCTCCCGCAGCGTGGCGGCCGATTCGCGCAGGGGCTGGTACAGGCCCACCACCGTCATGCTTCCCGAGGTGCCCTGTTTGTCCACCGGGCCATGCGCGGTGGTGGCGTGCACCACCTCCAGCCGCTCCCAGGGGACTTCCAGCTCCTCGGCGGCGATCTGCGCCAGCGCGGTGTGGATGCCCTGGCCCATCTCCACCTTGGGCAGGTGCAGGCGCACCCGGTCATCCTGCAGGACCTCGAACCAGAGGGTGGGGTCCAGCGGATCCGACGAGGGGACGAGGCCCTTGTCCACGGCGCGCGCCACGCCCAGGCGGATGGCGGGCAGGCCCAGGGCCAGCGCCCCCACGCCACCCACGCCGAGGCCCAACAGGAACTGCCGGCGCGTGGGGCGCCAGCTCTTCTTCGGAGCCACCGCGTCACTCATGGCTTCGTCTCCTGGGTCAGCGGCTTCGTCTCCTGCGCCAGCTGCTGCGCCGCCGAGAGCACGGCCTTCTTGATGCGGCAGTAGGTGCCACAGCGGCAGTAGTTGTTCTGCATGGCCTCCACCACCTGGTCGGGCGTGGGGCTCGGGTTGCGCTGCAGCAGGGCGGCGGCGCTCATCATCTGCCCGCTCATGCACCACCCACACTGGGGCACCTGCACGTCGAGGAACGCCCGCTGCACGGGGTGCAGTTGGGGTTTGCCGTCCGGCCCCGGGGTGGACAGGCCCTCCACGGTGCGGATGCGCGCGTCAGCCGCCAGCGTGGACACCGGGGTGAGGCATGCGCGCGTGGCCACTCCATTCACATGGATGGTGCACGCACCGCAGATGCCGGCACCGCAGCCGAAGCGGGTGCCAACCAGGCCCAGCTCGTCCCGAAGGACCCACAGCAGCACGCGGTGGGGATTCTCCTCGGGAACCTCGTACTCCCGGTCGTTGATGGTGAGCTTCATGTGTTTTTCAGAGGGGGGCGGGCAGGGGTTGTGCTTCCTCTGCCAGGGGGGTGAGGAAAGATAACCCAGCGGGAGGGCGTGCGCCTCGGGTTCTCATTCCTCCGCCTGCCTCCATGCTCGCCGCTACTCCGGGTGCGCATTCCGTGGAGTGTGCTTCTTTTGCGTGTTGATGGACGCCACCGGAGCCCTTCAGCATGACGCCCCACATGAAGACAGCGACCTCCGCTCGTTTCCTGGCCGGGCTCCGCCGTGGAGCCGTGTGGCCGCCGTGTCTGGCCTTCCTGGTGATGTGGGCGTTCAGCTACGGCTTCTACACCTCGTTTGGACTCGACTTGGACCGGGAGCGGGAAGGCGCCGTGAGGCGGACGCATCATCGGCTCCGCTGGCCAGGGGATGGCTCCTTCTGGGTGGGTGCCGAGTCGTTCTGGATGCCGGCCTCGGAGCCCGTGGATGCCTTCGACCTGGGCGGTGCCTTCTTCCGTGCGCCGCGCAGGCCACAGCCGCGCTCCTCGTGGAACCGGGCGGGGTTCTGGTTCATCCACGAGGAGCACCCGCGGCCCCTCGTGCCGGTGCAATCCTCGGCGAATGCCGGGGCGTTCTGGGTGGGCGTTCCGAGC
CP043495.1_gap52	1829924	1833823	3899	CGGACATGGCGAAGCTGGCGCAACTGGAGTTCTTCGCGGTGACGGTGACGGCGAGGGGCTCGGAGGCGGACTTCGTTTCGCGCTTCTTCGCGCCGCGGGTGGGCGTGCCGGAGGATCCGGTGACGGGCTCGGCGCACTGCACGCTGGTGCCCTACTGGGCACGGAAGCTGGGCAAGCGGCAGTTGCTGGCGCACCAGATTTCCCACCGGGGCGGAGTGCTCCAGTGCGAGGACCGCGGCGAGCGCGTGGGCATCTCCGGCCAGGCCGTGCTGTACCTCGAAGGCCACATCACCCTGTGAGACTCCCTCTCCCTCTGGGAGAGGGCTGGGGTGAGGGTCTGCACCACTTGTCACCGGTGACAAGTGAAACGGGAGGCCCCATCCACTTCTACGTGCGTAGAAGTGAAACGGGAGGCCCCATCCACTTCTACGTGCGTAGAAGTGAAACGGCTCGGGCTGCCGCGCGGCATTTTTTACAGGCTGCCCCCGCCCTGCCGCGGATGGTCCGCATGTAGGTATATGCCCGGGATTGGCGCCGCGCCCCCCAGCGGGCACACTGCGCGCCGCCTGAACGTGCGAGCAGGGCGGGGACCCGCCCCACCCCCTCGCAGCGGACACAGGAGGGGATGGCTCGGATGCGCCTGCTGCACACGTCGGACTGGCACCTGGGGCACACGCTGTACGACACCTCTCGCGAGGCCGAGCACGCGGCCTTCCTCGAGTGGTTGCTCGACACGCTGGAGGCCCACGAGGTGGATGCGCTCCTGGTGGCCGGCGACATCTTCGACACCGCCAATCCCAGTGCCGAGGCCCAGGCCGCCTGGTACCGCTTCATCGCCCAGGCCCGCATCCGGTGCCCCAATCTCAATGTCGTCGTCATCGGCGGCAACCATGACTCGGCGGCTCGGCTGGATGCGCCGGACCCCCTCTTCGCCGCGCTCGAGGTGCGCGTGGTGGGCGGCCTGCCCAAGGCCCGGGGCTCGTTGGACCTGGAGCGTCTGCTGGTGCCGCTGAAGAACGCCCAGGGCGAGGTGGGTGCGTGGGTGGCGGCCGTGCCGTACCTGCGCCCCGCGGATCTGCCGCTCGTCTCCGAGGAGGCGGGGGACAAGCTCATCGCGGGTGTGCGCTCGGTGTACGCCGAGGTGCTGGAGGGCGCGCGGGCGAAGCGCAAGCCGGGCCAGGCGCTCGTGGCCATGGGCCACTGCTACATGGTGGGCACCGAGCTGTCCGCGCTCAGCGAGCGCAAGATTCTCGGTGGCAACCAGCACGCGCTCCCGGTGGACCTCTTCCCCGAGGACATGGCGTACGCGGCGCTCGGGCACCTGCACAAGGCGCAGCGCGTGGGCGGGCGCGAGGGCGTGCGCTACAGCGGCTCGCCCATTCCCCTGTCGCTCTCCGAGGCCAGTTACGCGCACCAGGTGCTGCTGGTGGAGTTGGACGGTGCGCAGCTCTCCTCCGTGCGGCCTCTGCACGTGCCTCGCCGGGTGGAAATCGAGCGCGTCCCCAAGCGCGACGCGGCCACGCTGGATGATGTGGTGCAGATGTTGGAGGCCCTGCCTCCGTTGGAGGCGGGCACGCCCGACTGGCGGCGCCCCTATCTGGAGGTGTGCGTCGCGCTGCCCCGCCCCGAGCCCGCGCTGCGCCGCCGGGTGGAGGCCGCGCTCGAGGGCAAGGCCGCGCGGTTGGTGAAGCTCACCCCCGCCTATACCGGTAGCGGCCACACGCTCGCGGACGCGCGGCCGGGGGTCTCCCTCAAGGAGCGCACTCCCGAGGACGTCTTCCGGGCCCGCTACGCGCGCGACTACACCGAGCCCCTGGAGCCCGCGCTGCTCGAGGCCTTCCACTCGCTGCTCACCCAGGTGCAGGAGGACGCGTCATGAGGATTCTCGCCATTCGTGGCTCCAACCTGACGAGTCTCGCGGGTGACTTCGCGCTGGAGCTGGATCAGCCGCCGCTCGACAAGATGGGGCTGTTCGCCATCACCGGTGCCACCGGCGCGGGCAAGAGCACGCTGCTGGACGCCATGTGCCTGGCCCTCTTCGACCGCACCCCCCGGCTGGGCGAGCGCGGCGGTGTCCCGGTGGGGCGCGCCGACGAGGAGGAGGAAGCGCGGCTGATGGCCAACGACGTGCGCGGCATGCTGCGGCGCGGCGCGGGCGAGGGCTTCGCGGAGGTGGACTTCCTGGGCAAGGACGGCCGGCGCTACCGCGCGCGCTGGGCCGTGTGGCGGGCGCGCAAGCTCGCCGAGGGCCGTTTCCGGCCGCAGGAGATGAGCCTCACAGACGTGGCCAGCCAGCAGCAGTTCGGGCGCACCAAGTCCGAGGTGCTCAAGGCGATTGAAGAGCGGCTGGGGCTGTCCTTCGACCAATTCCGGCGCTCGGCGCTGCTGGCGCAGAACGAGTTCGCCGCCTTCCTGCGCGCGGACGCCAACGAGCGCGCGGAGCTGCTGGAGCGGATGACGGGCACGGAGGTGTACAGCCGGGTGTCCATGGCCGCGCACCAGCGCCACAAGGAGGTGCAGGAGGAGCTGTCCAAGCTGGAGCAGGGCGTGGCGGCCATTGCCCGGCTGTCCGACGAGGAGCGCTCGGCGGCGGAGGCGCAGCGCGTGCGGGAGGAAGCGGCGCTGGGCGAGGCGCAGGCGGCACAGGTGCGGGCCGAGCAGGATCTGCTCTGGTACACGGAGCGGGCGCGGTTGGTGGCGCAGGAGGCCGAGGCGGAGCAGTTGCGCCAGCGCGCGGTCCAGGCGCTGGAGGCCGCGGAGCCCCGGAAGGCGGAGCTGGAGCGGGTGCGCGCGGCGGAGGTGCTGCGGGCGCCGCTGAACCGGGTGGACGAGGCGTCCCGGAGCCTCGTGGAGGCAGAAGCGGCGCTGGCGGCGCGGTGCGCGGAGGCGGAAGCGGCACGGGCCTCGGCACGGGTGTGCGAGGAGGCGAGGGCGAAGGCGGAGGCGCGGAAGACCGCGGCGGAGGAGGCGGAGACGGCCGCGCGCCCGGCGCTGGAAGAAGCGCTGAAGCTGGACGCGGAACTGGCACGCGCGCGGAGCGACGAGCAGGAGGCCGCGCGCAAGCTGGAGTCCGCCCGCGAGTCCGAGCGCGTGGCGCGGGAAGCACTGGCGCGGGTGGCCCGGGAAGAGGAGGCCGCGCGCGCGGAGCAGAAGGCGGCGGAGGCGTGGCTCGGCGAGAACAAGCGCCTGGAGGCGATGGCCCGCGAGTGGCCCCGCTGGGAGGCGGAGCTCCTCCGCTATGGCCGCGCGGCCCAGGACGAGACGAAGGCGCGCAACGCCCTCGAGCAGGTGCGGTCGCGGTCTGGAGCGCTGCGCGCGGAGGCCGAGCGCCGCGGAGGGGAGAAGCGCGAGGCGGACGCGGCCCTGGAGGAGGCGAAGGCCCGGGTGGCCAGCGCCGAGGCCGCGCAGGGCAAGGAGGCCGGTGCGGAGCGGCGGGCCCGCCGTGTGGAGCTGCAGTCCCGGCAGGAGGGTCTGCGGGCGTTGACGGATGCGCGCAAGGGCGCGAGCGAAGCGGCCCGGGGGGAGCAGGAGGCGGCCGAGGAGGCCGGCAAGGCCCGGGCGGAGCAGGCGTCCGCGACGGCCGAGGCCGAGGCCGCGAAGGGGCGCCGCCTCGAGCGGGAAGCCGCGCTGAAGGAGGCTCGCCGGGCATCCGCCGAGGCGCGGGCGACGTTGGATCTCGCGGAGCACCGTGCGGAGCTGCGGGAGGGCCAGCCCTGTCCGCTCTGTGGTGCCACCGAGCATCCCTACCGGCGGACGGGGACCGCGCTGGAGGGGCTCGCCACGAAGGCGCGGGCGCGGGTGGAGGAACTGGAGGGAGCGGTCGCGGAGGTGACCCGGGCGGAGGCCGAGGCCAGTGCGCGCGCGGCGGCGGCGGGCCCTCGTGCGGAGCAGGCGGAGGC
CP043495.1_gap53	1838515	1839149	634	CCAACGCGAGCGTGCTGGTGGTGCTGGCCATCACGCCAGCGAGTCTCTACAAGGCCCCGGGGCTCTTCGTCATGGGAGACACCGCGGGCGGCACGGCGCTGGCCCAGTTCGGTGACGCGGACGCGGTGCAGTGCGAGACCTTCACCACGGGCAACGGCATGGCCGACTTCCTCTTCGTGGTGGACGACAGCGGCTCCATGCAGACCTCGCAGGGTGCCCTGGGCGATGCCGCCGCGGCCGTGGCCAACCGGCTGGGCAACTCGCAGCTCGACTGGCGCATCTCCATGGTGACCACGTCGTACACCCAGCCGGATTACACGTGGCCCAACCGCGACGTGTTCCGTGGCTTCACGCGCAACATCGACCAGTTCAAGGCGTGGCTGCAGCAGGGCGCGAGGTGCCCGGACCCCACGCAGTACTGCTGGGTGGACATCAATGGTGCCAGCGAGGAGCGCTCCCTGGAGGGCGCGCGCGTGGCGGTGGACTACATGACCCGTGCCAGCACGCCCGCGGACAAGAAGTACCGCCCGGGTGCCCGGCTCGTGGTCATCCTCCTCACGGACGTGCGAGACCAGCCCGACACGGTGCCGGTCAGCACGTACATCGACTACTTCAAGGGGGCCAACCCCACCGG
CP043495.1_gap54	1898971	1901637	2666	CCGGTTCGGACGCCACGGTGAGGATGAGCTGGGGCCGGCGATCCGTCCGGCTGTTCTCGCGGGAGGCGAAGCTCACCGAGTCATTCGAGGTCCCCACCAGGGCGAAGTGGAACGGGCCGTTTCCGCGCACCGCGCTCGTCACGTTGTATTCCACCCAGGAGCCGCTGGAGACGGTCCCCGCGACATCCAGGAGGCCGCCGCTCGTCGAGGGACGGTTGCGGAACGTGACGCCCTCCTCCGTCCACTCAGAGTGGGCGGAGAAGACCCGGGGTCCGCTCACACTGCTCCCGGTCGCGTACAGCCGCAGCGTCGCCCGCGTCACCGTCCCCGTCACCCCCGTGACGTCGAAGCGCAGGTAGGCCCACTCCTCGGGCGAGAGGTCCACGCGCAACGCGTCGGCGCCGCCGAAGTTCTGCGTGTCGGCGGCGTGGGCCACGTAGGCGTCCGCGCTCGCCCCGAAGGTCAACGTCGTGGGGGACGCCACCTCCTGTCTCGAGAGGCCAGGCGTCTGGGGCACGGGCAGGTCCGTGGCCCCCCCTTCCGGCTCCGCTCCGGCACAGTGGGTCAACAACACCAGTGCCGCGACTCCCCCCACACACCTCGTTTTCGACGACCCCCGATACTTCATGTGCTGCCTCCCAGGACGATTCACCCGCCGTGCGGCCGACATGCACCGGGTGTGCCCTGGGTTTTTCCGTCAAAAGGAAGCCGTGGAGACGTGGGGCTTCACGCGGGCGTGACCTCGTGGGAAGCAAGGCGCCCCAGCGTGTGAAGGGGTTTGCCAGAGCTGGGAAGAAGCCGCCCTTCTGGCACCTTCAGAGCTGTGGCATCGCGACCATGACCTCTTGCAGAGAGGGCTGCTGGGAGACGGTGAAGGGGTTGCACTTGGAGCGAGGCGCCGTCGTGCCCCCATCCGTGGGGGGCGCTTCCGTCATGGGCGATACACAGAGGTTGTAGTCGCCTGGGATGACGGCGGTGAAGCGGGCGGGTTCCACGGGAGTGAGCACCTGGACCTGGGCGGGCGGGGCGGTGGTACCTGGCTGGGCCTTGGCCATCAGGATGACGCGGGCCGAGGTCGCGAGGGCTCCCTCCGCGGGCTGGGCCCGGACGAACACCGTCACATCCCCTTGAGGGAACTCCAGCTCCACGCGCATGACCTGCCGGGCCTGGATCGTGGTGGTGGTGCGCTGCACCTGCTGGCTCCCCGCCGAGTCCGCCACGGCCAGCACCATGTACGAGCCCGGCGAGAGGTTGTCGAAGCGGAACCGGCCGTCCGTGCCCGTGGTGCCCGTGGTGCCTCCGGCGGGCGCCCCGGGATTGGTGACCATCACGAGCGCGCCGCTCACGGGTTGTCCCCCGCTGAGCACCGTGCCCTCCAGCTGTCCGGTCGCCGCGAGCCGCAGATTCATCTCGAGAGCCGCCACGCCCGCGGGAATCTGGACGAACTCCGAGCGCCCCTCCTGGGGGTGCTCGCCCATGAGCTGCAGGGGCGTGATGGGCAACCCCGCGAAGGTGAAGCGGCCATCGGCTCCCGTCCTCGCTTGTTGCAGGCCGTAGTCCAGCTCCGCCGCGGCTCCGACCACCACGCCCGAGCCCTTCAATGCCTGGGAGATGGAGACCGTCGCATCCGCCACCGGCGTTCCATTCGCTCTCAGGACCTGGCCCTGGAGCCGGCGCCCGGCCTGGAGCACCACCACGCCCAGGTCCGTCTCCTTCCCTTCCTGGACCTGGACGTCCTGCACGGCCTTGGTGATGACACCGGGCCCCGTGATGTAGAGCGTGTGGGAGCCCTCGGGCACGCCTTGCAGCAGGAATCGCCCATCTCCGCCGCCGTACGGAATGGAGCCGGAGCCGCGCAGCACCACCGAGAAGCTCTCCGGGACCGAGTTGTCGTCCCGGCGCACCTGTCCCTGGATTGTCCCTCCCAGGTTGATGCGCAGCACCGCCTCCCGGCCTCCCGTCTCGGCCTGCACGGGGGGCACCAGCCAGGCCAGTCTCCGCTGCGGCGGCGTGCCCGGAGGCGCGGCCCGCAGCAGATAGGTGCCGGGCTGCAGCCCTCGCAGCTCGAAGCGCCCGGCGGGATCCGCCTGAGCGACGAGCTGCCCACGCAGTGTCTGCTCCACGCGGCCGCGTGCCCGTGCGGAGCTCAGCTCCGCCTGCACCACGGCCTCTCCGGCGGGCTGGCCGTTGGAGAACTCCACGCGGCCGCGAATGACCTCCGTCGCGTTGAGCACCAGCAGCACCCGCTCCTGCCGCACCGGCTCCTGGGAGAGATCCACGTACCGGATGATCGAGCTCGCCTGCTCGTGCTGGGCCAGCAGCGCCAGGCGTCGCTGGGGCAGACCTTCCATGACGAACTCGCCCCGCTGGTCGCAGGTGACCTGTCGCGCCAGCGTCCGGCTCATGCCCTCATCGAGCGCCACCCGCACCAGCGCATGGGGGACGGGCTCACCCCGGTCGTCGAGGACCTGCCCCATGAGCCGGGTCGACTCGGGCAGCGTGATGGTGACTCCACCCGTCTCGCGTTCTTCCTCCAGCGTCACGGGGGCCGAGGAGCCCGTCGCGCGTTGAGGGCTGGAGGCCTCGAAGCGGTAGCTCCCGGCCTCCAGCTGCTCGAAGCGCCAGCGGCCGGAGGCGTCCGTCACGGTTCCATCCCAGCGCGCATC
CP043495.1_gap55	1906841	1907351	510	CCACCGCCTGTCACGAAGATGTGCTCCTTCCACCGTTGGAGGAGGAGCCTCCTCCGTTCGCCTTCGCGCTGTATCTCGAGGGCGGCCAGTTGGGACCCAACGCGGACGTCCTGCTGGTGCGCCGCCCCAAGCACCTGGAGCGCGTCTACGCGCTCTCGCGCGCTGATGACAAGGAGCCAGGGCGTAAGCAGGCCAGGCAGCTCTTCGGCATCATCGAGGCGGAGTTCAGGGATGCTGGGGTCTATGTCGCCAATCAGGTTGTCTCCCTTCGGTGCGCGGCGGTGGAACTGCCGGATTGCGTCCCCAGGTGGAGCTTCATCGATGAATTGCTGGGCCCAGGCGACGGGCCGGGTTCCCGGAGGCTGAGGCAGGTTCTGGCCGACTCCTTCGAGAAGACAGCGCGTCAGCGGGGAATGGAGAACACCCTGGTGTTGGCCACGGTCAACGTGCTGCTGACCCGGGGGATGCTGAAGTCGGCGCTGGGCAACGTCGCCGCGGCCGAGGCGCGCG
CP043495.1_gap56	1936734	1939938	3204	TGGCGTGTCTGGCCATCAACCTGCTCCTGTGGATGGACACTCTTCGCCTCGGAACCTGCCGCAGAAGCCACCACCGGAGATGTCGACGACCTGGTCATTGGACGACCTGGTGGACCCGCCGGCCGCGTAGTAGCCGTTGGTGCTCCAGTTGGCGGTGACCACGAAGGGCAGGCCCGTCAGGTCCACGTTGGCGCGACCCGCGGAGGAGTTGGGAGCGGAGCAGTCACCCGCCATGCCATAGGACACCGGATCGAACCGGACCCGGTTCCACGTGGTGGAGACGGACCTCCCACTCACGTTGATGTACTGGGAGAAGTTGCGTCCCGCGCCCGTGGGCAGCGTCAGGTAGGTGCCGCCCTCGGCATCGCAGAAGGCGATGTAGGGCTTGCTGAACTCCGCGTTCGGCAGGCTTCCTCCACGAATGCGCGAGCCGTGCGCCGCAATGCCTCGCAGAGCGTCTTCGGTCCAGGCATCGCCTCGCAGGCCAATGCCCGAGCCACGCTCCCTTCCTCGATCACCACCTCGCCCGAGTCACCTGCCTCCACCAACGCCAGCGAGAAGGCCCTCCGGACGATGTTGTCGAGCTGGCGCAGGTTTCCCGGCCAGGGCTGGCTCGACAGGAGTTGTTCCGCCCCGGCTGTCAGCCGCACCCGCTCAAAGGTCCCGTGCCCGCGCTTGCAGCGCTCCACCATGAACCGGGCCCATGGACGAATCTCGTCCCGGCGCTCATCCAGGGGAGGGAGGCGGAAGGGCAGGACGTTGATGCGGTAGTAGAGGTCCTCCCGGAAGTGCCCGGCGCGCACGGCCCCCAACAGATTCGCGTTGGTGCCAATGATGAAGCGCACGTTGGCGCGCTTCTTTCCCGTGTCTTCGCCCAGGGCCCGGTAGCCGCGCTCCTCCAGCAGGTGGAGCAGACCCGCCTGGGCCCTGAGCGACAGCTTGTCGATCTCATCGATGAACAGCGTGCCGCCCTCCGCGCGCGCCACGCTGCCCACATTGCTACCCACCGCTCCGGTGAAGGCGCCCTTCTTCCAGCCCACGAGCTCCGCCATCTGCAACTCTTCTGGAACCGAGAACAGCTCCAGAACCTCGAAGGCCTCGTCGCGGCGGGAGTGGGCATGAAACCAGCGGGCCAGCCGGGACTTGCCAGTTCCCGGTTCTCCACAGATGAGAAGGGTCTCATCCTGCTGAGCGAAGACGCGCAACATGGGCAGCCACTCGCCCATCGCCGCTCCCATGACCGGGAGGAACTCATCCGTCTCGGACAGTCCTCCCCGCGGGAACGGTGCGAACGAGGGTGCTGCACAAGTCCGGTGGGGGGCAGGCAGACAGCAGTGATTCCGCCGGGTTGGAGAATTCCTGACAGTGGTATACGGGGTGCAATGGTCGCGGGCCTGGGTGAATGCACAAGGCATCCCCTTTCACGAAAGAGACATCATGAACTTCAAGAAACTGCTTCCGGGCGCGCTCGTCGCGGCTGGTCTGGTCACGGCGTGTGGTGGTGAGGTGCAGGAGACGGGCGCCGAGCAGGGCGACCCCCGTATCATCGAGAGCGGGCTCACGACCTACTACACGACCGCCCTGGGCGAGTCCGTGCCCTGTGTGTCGGGCTCCGCTTCGCTCCAGAATCCGGCTCCGTATCCCCTCTCCGGGTGCACGCTGGCCGAGAACTTCACTCACGAGTACCGCACCGGCTACACGGTGCAGTTCGTGGCCGGTAGATATCTGAATGTCCCGGGGAGCGGTCTCATGGGTGCCGGGTACATCAACGGAGACCAGTCTCTCTATGTCGGGGCCGTGAATGGCTCGGTGCTCTTCGACTCGGGCTCGACCGTCGGCTTCAGGACCGGCAGCCTGGCGACGGGGGCGGTCTATGCAGGAAGCCTGGCCGCGGACACGTGCCTCTGGTGGAACAGTACGACCAAGGTCATCTGCGCGGGCGTGGACTACTCGATTCAGTTCACCTCCAGTGGCTACGTCTACGGCTGCACGGTGCTGGGCCCCTGCTAATAAAAAGGCCCACCTGGTTCCAGGTGGGCCTCTTCTCAACTCGAGCTACAACGGACAGCCAACTACCAGGCCGCCACCAGCGAGTACTTCCCGTTGGTCGCGCCGGTACCGCCGCTGTAGTAGATCACCTTGACAAAGAAGTCGACCGACGTCGTGCCGGTGTTGCCCCGGGACACCACGTCCACCGCGCCGGTACCCGCGACGCTCGAGGACAGCCTGGTACCCGCGCTGTTGTACAGTTCCAGATCGTAGTCAGAGGTCGAGTTGGGCGTCATCGTCGCGGTCAGGGTCTTGCCCGCCGGCAGGGTGACCTTGAAGAAGTCGACATCGCTGCTCGAAGCGATCGCGGCGTTGACGGTGGTGTTGGTGGTGGAGATCGCGTTGGCCGTGGCCTGGGTGTTGTTGGATTCGGTCTCGTTGATGGCCGGGCCCGTGGGGAGCGAGCTGATGATGTTTTGCGCCTGGAACTTCGCCTTGAAGGTGTTCTCGTAGGCCACATCATTCGGGAACAGGTTGTGCGCGGCGTTGACGATGGCCGTTGCCATCACCGGCATCCTCACGCCCGAGCCCAGGCCGAAGTGCGCCTGGAGGATGATCTTGTCGACATCCGCTCGGGACTTGCCGTTGGCCATCAGGGTGGTCAGCGCCTGGAACAAGGGCGCGGACCACAGCTCGTCGGACGAGAAGGTGACGCCGCCCTCGGTGATCGACTGGTGCGCGCTATAGGTCCTGGAGCTGTTGTACCTGGCATCGGTGCGGTTCAGCGCCCGGCCGCCCCAGCAGTTGCTGTGACCGTCCCAGGTGAACACCCACTCGGGGTGATACGTGGGGCCATTCGGCGTGCTGTAGGAATACGAACCCGCCCAATAGTCGCCAAAGCCCTCGCCCATGGCGCCGGTGTCGCCACCGGACCAGCTCGTGTTGATGTTGCGCTGGATGCCATGGCCGTACTCGTGGAGGATCACGTCGGCGTCTTCGCTGTCGTTGACGCAGCCATGACCGAAGGCCAGGTAGTCCGTGCTGCCGCCGTAGCTGTAGTGCGAGTTGTCGTCACCGTTGACACCGTTGGTGTCTACATCGAACGGACGGTTGATGATGTTGGTGAACCCGAGCGACTGGATGTAGCGCTGGTTCTGATCGAGATGGAAGTAGACGTTGGTGTCGTCGAACGCATCACTGCCACGCTTGGCGGTC
CP043495.1_gap57	1942775	1945159	2384	TCTTCCCGAAGGCGTCCCGCGTGTCGAAGCCTGGCAGCGAGAAGGTCCGCGCCGTTCCCGCGGGTCTCGCGCTGGACAAGGTGGTGAAGGACGGTGGTGTGCCGTCGATGACCACCGCCTTCGACTTCGACAGCTACGGCTTCGACTGCAAGAAGGAGGAGCTGTATGGCGCGGCCGATGACAAGTACGTCGGCATCGCGAGCGACGGCTCCGGCGAGATGTTCCTGCTCGACGTCACCACGGGAGAAGTCGTCCGCTACGCGCACGAGGAAGGGACTGTCGCGCCGGCCTTCGCCTCGCTCGACCACCTCGCGTTCTCGCTCCTGCGTGTCGAGGCGGCCGCCAAGAAGATGATTCCCAAGGCGAAGCTCTCGGCGCTGTTCAAGCGGCTGGGCCTCACCACGGCCGTCGCGCTCCTGAAGGAATACTGAGCGCGCGGCGCCGGGCCGTGTGGAGGCGCTGCTCCATGCCAATCGGCCCGACGATGCCATCGGCGACCAGGCCCTTCGCGCTCTGGAAGGCCTTCACCGCCGCGGTGGTCTTCGAACTACCGGCAGGTCGTGTAGCTCGCCCACAGCGGCGTGCCGCCAGCGCTGTACACCACGAGGTTGCAATCCTGCTGCAGCCACAGGGTGGCGCCCGCCTTGTTCCCGGTGACCGTATTCCAGATCGCGCTCGTCGAGCTCGGATACAGCACGAGGTTTCCATCCGTCTGCATGATGAAGGTCGAGGTGACCGTGCCCCAGGTGCCCGTGCTCCAGAGCGCACCCTGCTGGTCGTAGAGCACCACGTTCCCGTCGGTCTGGTGGGCGAGCCAGAGCCTGCCGTCGCAAGACGGGAGCGTCTGTCCGGGCGCGAGCGCCTGGCCGCTGCTCAGCGTCCCACAAGAGGGAGGCGGATTGCTGTAGAGCAGGCGGGTGGTGGAACCGCTGCCCGCGTTGGTCACCTTGTTGTCCGGAGAGTTGATGACGATCGCCGCGGCCACCGTGGGGGGAGAAGCGCCCGGGTTGCTCTGGAGGTACAGCGCCGCCGCGCCGGCCACATGCGGGGAGGCCATGGACGTGCCGGTATCCGGCCGGGAGGTGCCGTTGAGCGCGGCGGAGACGATGTTGACCCCCGGAGCGAAGACGTCCAGGCAGGGGCCAAAGTTGGAGCCCTGATAAACCTGCGCGTTCCCAAGGAACCTGGAGTCCGTGCTGTCGACGGAGCCAACGGTGATGGCTTCGGCGACACGCGCGGGCGAAATGTAGCACGCGTCAATGGTTGGGGAATTGTTGCCCGCGGCGACGACGACGGTGACACCCGCGGCGATGGTATTGCGCACCGCGGCGTCCAATGCGTCGTTGGTGACGCCTCCCAGGCTCATGTTGGCCACCGCGGGCTTGACGTGATTGGCCGCCACCCAATCCAGGCCCGAGATGACGCCCGAGAGGGGGCCGCTTGCATTGCAGCCAAGGACGCGCACGGAGTGGAGCCGGACGCCCTTCGCCACGCCCCAGGTGGAACCGCCTACCGTGCCGGCCACGTGCGTGCCGTGTCCATTGCAGTCATTGGCTCTGTAGCCATCGTTGATCGCGGTGAAGTCCTCCGAGGCCCGGCCACCGAAGTCCGGGTGGCTCGTCATGATGCCCGAGTCGATGATGTACGCATGCACCCCGGCGCCGGTGCCGTTGTAGCCATAGCTGCCGTTCAACGGCAGATTGAGTTGATCGATGCGGTCAAGGCCCCACGTCGCATTGGATTGGGTTGCCATGGCGTGAACCTCGCCATCCTCCACCACGAAGTCCACTTCGGGACTGGCCGCGAGTGCGCGCGCGGCCGCCTCGTTGGCCTGCACCGCGAAGCCGCTCAGCGCGTGGGAGTACGTCTGGAGGACGGTGGCGCCACGCTGGCGGGCGAGCGCCTGGGCGACCTCGGGCACCTTGGAGGCACGGAGGGCGGTGGCCTTCAGCACGACGATGTATTGCCCGGGGATGGCATCGGCGGATTTCCGGAACCTGGCCCCGGGAGTGGAGGCCGCGTCCCGCGCGGACTCCTGCGTGCCGGTCTTCTGGGCGAGGTCTGCCGTCTGTCCCAGGTCCCCGGTGGCGTCGAGGGACGGGCTCCCGCACGCGGGCAGGAGGGTGAGGCTACCGATGAGCATCAGGTTCTTCCAAGCGGGTTTATGCAAGGCGGTTCTCCAGTAGGTGAAGCAGTACTTCGGCGGAACGCTCCTGGGCAAGGGCGGGCGCCACCGTTAAGCTCGCACGAGACTCCGCCAGGCCCGCTCTGGGAGTGACAGGCGGCAGGTTCGATTCCCGCCGCCTCCACTGCTTTACGCCGTGATGACGGATGGTTGGTGGCTGCCTCCATCCGTGTTGCACGTATGTCGCACGTGGGGGCGG
CP043495.1_gap58	1969989	1974683	4694	GAGGAGGCTCGTCCGGTCGTTCGCCTTCGTCTCCACGTTCACGGAGAGGTCGCCGTCCGCCACCTTGTGCACCATCTCCGCCGCGTATCCCGGCTCTCCGCCGAGCTGCTCGGCGATCACCCACGTCGTGAGCAGGCCGAGCCCGATGGCGATGGCGACGGCGGCGAAGATGAAGCCCAGGACGAACCTCCTGAACCCCTCGTACGACGCGGTCGACTGCTCCGAGAACCGCTCCATCGCCGCGGACTTGTGCGTCTCGAGCTCCTTGATGGCCGCCTCGATCTGGTTCTCCACGGCCCGGACGTCCTTCACGCCCGCGTCGATGTAGAGATCCTTGCTCGTCGCGACCAGCGCAGGCAGCCGCCCGCTCGTCGCGAGTTGCAGGACGTCCTGCTGCTCGTTCCGGAGCTGGGTCATGAGCTGCTCCACCTCCGCGGCCTTGAGCTGCTGGACCGAATCCGAGCCGGAGATCGTCTGCTGGTATGCCGCGAACGCCTTCCCGAACTTCTCCCGGCTCGCCTCCAGCTCCGCGGTCCGATTCGCCAACCGCTCCGTGCCCACGTCCAGCACCACGTTTCGAAGGGTGCGGGACATGTGGAGCATGTGCACATCCGCTTCGAGCAGCTTCACGAGGCCGAGCGCGTGGTGCTCGTGTATCTCCTTGAGGTCCTCGTCTGTCTGCGCCATGCCACGCAAGCCCTGCATGCCGACGATCACGACAAGCACCATGAGCAGCCCGAATCCGAGCGTGAGCTTCGTGACGATCTTCAGGTTGCGAAACCAGTTCACTGTGAGTCCATCCTTTGGTTGGCGCGCAGGGCCTACGTGACAGGGGGGCCAACGCAATCGGCACCGGCCCGAGGATCCTTCTTGGAACCCTCGCTCATTCTGCAGCCAGCATCACACGCGCCTCACGCGATGAGAATTCTTCGGGCTCGCGGCTTACCTGCACCCCCGCACACCGACCCCTCCCGGCGCCGTGTGGCCACATCCCTGAGGAGGGAGTTGCTCGGGCACCAGACAACGGAGGGGGCAGATACCTGAGCGCCAGCCCAGCGGTTGATTCACGCCCTGATGGCGATGGGTGCCGGTGTTCCTCCGGGTGTTTTCTTCGCAAGTCCGCTGGGTTGGAGAAATATCCGGCCATGAGCGTGCGGCAATTCGACATCGTGGTGGTTGGCTCGGGACCGGGCGGCGAGGGCGCCGCCATGAAGGCCGCCAAGTCCGGCAAGCGGGTGTGCATGGTGGAGCGGCTGCCGCTGGTGGGTGGTGCCTGCACCCATACCGCCACCATTCCCTCCAAGGCCCTGCGTCACGCCATCCAGCGCCTGGTGGACGTGCAGGTGGACCACCCGGACCTGCGCATCGAGCTGGCCAAGAGCTGGAAGTTCAAGGACATGATGCGGACGGCCTCGTCCGTGGTGTCACGCCAGGTGCGGCTGCGCACGACCTTCTACGAGCGCAACCGGGTGGAGTTGGTGGTGGGCCAGGCGCGCTTCCTGGATGCCTCCACCGTCGAGGTCAGCGAGCCCCGTGGCGCCAGCGAGCTGCTGTCCGCCAAGGCCTTCGTGGTGGCCACGGGCTCGCGTCCCTACCGCCCGCCGGAGCTGGACTTCAAACACCCGCGCATCTTCGACTCGGACACCATCCTCACGCTGGGTGAGACGCCCCTGACGATGATCATCTACGGCGCGGGCGTCATCGGCTGCGAGTACGCCTCCATGTTCCGCATGCTGGGCGTGAAGGTGGACCTCATCAACACGCGCGGGCGGCTGCTGTCCTTCCTGGACGATGAGATCTCCGACGCGCTCTCCTACCACCTGCGCGAGCAGGGCGTGCTCATCCGCCACGAGGAGCAGATGGAAAAGGTGGAGACGCGCGACGACGGGGTGGTGCTGCACCTCAAGAGCGGCAAGCGGCTCAAGGCGGACATCTTCCTGTGGGCCAACGGGCGCACGGGCAACACCCAGGACCTGGGGCTCGAGGCGCTGGGCATCCAGACGGACTCGCGCGGCAACATCCCCATCAACGACGCGTACCAGACCGCCGTGCCCCACGTCTACGCGGTGGGGGACGTGGTGGGCAGCCCCTCGTTGGCCAGCGCCTCGTACGACCAGGGGCGTTTCGCCGCCACGCACATCGTCGAGGGGCGGCTGGAGATCAAGCTGGTGAAGGACATCCCCACTGGCATCTACACCAGCCCGGAGATCAGCAGCCTGGGGCGCACCGAGCAGGAGCTCACGCGCGATGGCGTGCCCTACGAGGTGGGGCATGCCTTCTTCAAGAGCCTGGCACGCGCGCAAATCACGGGCCGCACGGTGGGGATGCTCAAGATGCTCTTCCACCGCGAGACGCGGGAGATCCTCGGCATCCACTGCTTCGGGGACAACGCCTCGGAGATCATCCACATCGGCCAGGCCATCATGGCGCAGGAGGGTCCGGGCAACACCATCGACTACTTCATCAACACCACGTTCAATTATCCCACCATGGCCGAGGCGTACCGGGTGGCCGCGCTCAACGGGCTCAACCGCCTGTTCTGACGGTGGGCTCTTCCGCTCCTGGGCAATACCCCATCTGGCTCTATTGCAGGCGTACCTTCAGGTGCTCCTCGGCGGCGTTGGGCCGCCCCAGGAAGGCATCGAGCAGGCGTTCCTCGACGGAATCCTGCTCCCAGACCGCGGCACGTTCGAGTCCCACGCATTCCTGGGGCTCGGCGGTTCTCTTGTTACCGGCCGTGTCGAAGATGGTGCAGCGACGGAAGTCTCCCACGTCCTGCCTGAACTGTACGATTGGCTGAGCCAGGTGCTCCTCGAGCGCTCTCCATCCAATGCGCTCCCACGCCTTCAGGGCCATCAGGTTGACGGCAATCTTGAAGAGGACGGGCTTTGACGAAACCCTGTCCAGATCAGAGTCCGGTTCCGTGGTCCTGTGGTTGTAGAAGGCCACATGGGGTGGTTCGAGCAATCGCCCGTACCCAAAGGAGCCATCGGCGAGCGCCAGTCTGACAAACGTGCCTGTCTTGTGTTTCGGATTGCCCAACGCTCAGTCTCCGGTATAGGGGTGGAGTTGCCCCCAATGCTTCGTGGCGGCGTCGTGGAACAGCCTGCCCAGTGGGTTGTCTTTCGCCACGCCGCGTTGGAGGTTCTCGGTGCGATACGGTGCCTGGTGATCGGACCAGGCGCCCCCATGGAAGTCGATCAACTGCTGCTCCCTTCCGCGGATTCGCCAGTAGGCGACGTCGCCATACCTGTTCGCGTAGTTGACCGCGATTCCGACATCGAACTCAGTAGGAGCGTCGGGTTGCTTTGTTGAGTTTCGTGTAGGTCACATAGATACGACCCAGACGCCTTGTGCCCCTGTCTTTTCTGGCGCGTGTACCTGGCCCGGGATGCGTGTGAGACTCGGATACCGTTTTCTGCTCAGGGGAGAGCGCCAGTGTGCCCGGGTTCACGCTGCTCTTGGGTGCATAGCAGCCTTGGACCCACCCCTGAAGGTCGCCGAAGTGCGTGCCGTAGAACGTGTCGGCGATATCGAGTGGTGTTGGCCTCCCCTCCAGGGTCGCCTTGATGGTCAAACAGACCAGGACAACGCTACCGCCTGCCGCCAACAGCGCGCCGCCTGCCACGAGGGCTTTGCCTGTGGCGGTACCCGTTGCTGCTTCCGCCGCGGTCGTGGCGCCTTGGGGTACCAGGCGGAGCACTGCGCTTGGAAGGCCATTGCCCAGACCCTCGCCGGCAATTCCCTGGAGCGGTGTGGATGGAGCGGGGGCCTGTGGCCTCACGGGCAGTCCCAACCCGAGCATGTCCCGACCAGTGCCGGGGCGGACGCCGCGTGTAGTGGCGCTACACCCCGCAAGGAACATGGACAGCAGCAGCACGACCCAACGCGACATGCGGACCCTCACCCAGCAGGGGAGGGGGAGGATCGCACGACCTGGTCTTCCCAAGGTACCTATCATCCCACGTTGGCCGAGGCGTACCGGGTGGCCGCTCAACGGGCTCAACCGTCTGTTCTGACGGTGGGCTCCTCTCCTGGGACTCCGGCCCGGGTGTTTTCGGGGAGCGCCTCGGGTAGTAGAGGGGGGACGGGTGCGTGAGGTGCACACCCGATGACTCCGAGGCACGGCATGCGGGAAGGCAACGGTGAGGGGGCGCTGAGTCCAGCGGTGGTGGAGTCGCTGGTGGGGAACCACCGGCGCTTCTTGAGTTTCCTCGAGCGGCGGGTGGGCAGCCGGGCCCAGGCCGAGGAGATCCTCCAGTCCGCCTATGTGCGCACGTTGGAGAAGGGTGGGGAGCTGGATGAGGGAGAGGGCGCGGTCGCCTGGTTCTACCGGTTGCTGCGCAACGCGCTCGTGGACCACTACCGCCGGCAGGGCGCCGAGGGCCGGGCCCTGGAGCGCGAGGCGCGCGAGGTCTCCGAGCTGGGGCCGGATCCCGAGCTGACCCAGACCGTCTGCGCGTGCATCCATGACCTGCTGCCCGCGTTGAAGCCCGAGTACGCGGAGATGGTGCGGCAGGTGGACCTGGAGGGGCGCGGGGTGCCCGAGGTGGCCCGGGAGGCGGGCATCACCGCGAACAACGCCGGGGTACGGTTGCACCGGGCGCGGCAGGCCCTCAAGAAGCAACTGGAGCGCAGTTGCGGCACCTGCGCGGCGCACGGGTGCCTGGATTGCACGTGCGGCAAGCCGGGTG
CP043495.1_gap59	2111439	2115036	3597	GAGGCGAAGGGTCTGCCAAGGCCGCTCCAGCTGTGCGCGGAGCGCCTCTCTCGCCAGCGCTACTGCCTTCAGACGATCTCCTGTCGCCGCCGCCAGACGCGCCTGCATCAGTTGAATGTCGATGCGGCCCGGATCATCCACGGCGAACCAGGTGTCGGCGATCCTCTGGCTCTGGTCGGCCTCCTGCTTCGCCCGCGCGAGGTTCCCCTCCGCCAGGGCCACATCGAAGAGCGCCTGGTGGACGGCCAGCATCTCGGGGTAGTCGCTCGCATAGAGCGTGGACCGAACCCTGAGCGCGCGCTCGGCGGCTTCCCTCGCCACGCGAAACTGCCCCCTCGCATGCGCGAGCTCGGAGATTCCCAGCAAGGGGATGGCAAGCTTGGAGCCCTCGGCATCCTGTCGCTCGCCGTTGCTCAGCGCGCGCGCATGGAGGCGCTCGGCCTCGGCCAGCTCGCCATGCCAGGCGAGGATCCTGGCCGCCATGGTGAGCTCGAGCACCGTGAGAGGGCTATCGGGGCCCAGCGCGCCATCGAGCTGCTCGACCGCCGTCCTGGCGCGTGTGACGGCCTCTCCGACAGCTCCGAGCTGAGCCTCGCGGTTCGCGATCACCAGCTCGGCGACGGCGGCCCTGACGCTCTCCGGTCCATGGGCGCGGACATAGAGCTGCCGGGCCGCCTGGAAGTGCTCGAGGGCGGCCGGGTCCTGCCCCATCCAGGTCAACGCCGTCCCCAGGTTCCAGTGGGAGCGAGCAAGGTCGGGATGGTCGGTGCCCAGTGTGGCCACGTGAATGCGCAGGGCATTCTCCTGTGCTTCGAGCTCCCGCCGATGAGCATACTGGTCGCGATACATCTGTCCGAGGAGCGCCCAGGCGTTGGCCACGTCCGGGTGCTCACCTCCGAGCGCGGCGATGCGGATGTCGAGCGCGCGCCTGGCGAGAGTGACTCCCGACGTGAGCGCCCGCGAGTCATAGGGAGAGAGGGATGCCGCCAGGCTGAGCGAGTCGGCCACCTCCAGGTGGGTGCTCCCCAGCGCCCGCTCTCGGAGGGCCAACGCGCGGAGCGCGAGCTCCCTGGCGACGAGCCGACGGTCCCTCCGCCCTTCGCACTTCGCTCGGGCCGCGAGCACCATGGACTCCAATCTCAGGTCCTCTCCGACCCGGGCGCGCGTTGCCTCGGCATGACCGAGCCACTCTTCCGCGCGCACGAGGTCGTCTTTCTGGCGGTAGGCATCACTCAGCGCCAGTGCGAGCTCGGTGGAGAGGGCATCGCGGCGGGCCCGCTCGGCTGCCCAGCGCGCATCCGCCAGCGCTTGCAGTGCGTCGGGGCTGCCCGCCTTCCAGCTCAGCATGGCCACCACGGCGAATGCATCCGCCTCGACCGCGGGCACTCCCTGGGCATCGGCTCGGAGTGATTGCCCCAGCGCGGCTCCCTCCTTGTACTTGCCCGCGGACAGCAGCGCGCGCGCCTTGGCGATTCGCCGGCTTATGTCCTGGGCCGCGGGAGCCACCGCGGGCGTCCGTGCCTCCGGATCTCGAATGCACCGCTCGGGGTCGTCGAGCCCGTCCACGAGGGTCGTGGCCCGGGCGACGACCTGGGCATCCGCATGTTGGAGCACGGTGAGCACCGCGCTGAAGTGGGCCTGCTGTTGCGCGAGGCACTCGGTCGCCACGGACTTCGGCCACAGGCATGCGGCGCGCCGGGCCTCGGACCAGCGGCCCGTCCAGTCGTCCAGTCTCAGCCTCACGCGGTCATTGGCATCCGCCGCGTAGGGTACCGCGGCGTGGGCGAAGGCCTCGCGGATGGCCCCTCGCGCGGAGAGCCACATGGCCGGAACCTCGACCGCCACCGTCTCGCAGGCAGGCGTCCGCGCTCGATGCACACCTGCCCACGACACGGCCGCCGCCGCCCCCACGCAGAGCGCGGCGAGCGAACGTCGAGGCCACCAGGCCCTGCCTCGCTCCATCCGGGACAGGAGCGCCTCCATGCTGGGGAATCGGTCGGCGGGGTCCGGCGAAAGTCCTCGCGTCACGATGCCGCGCAACCAGCGAGGCGTCCTTCGCTGCCGTGGAGGGGAGGCGCTCGGCTCTCCCCGAGCCAGCGCCAGGAGCGCCGGTTCGTCGTAGGGCCGGTGTCCCTCGAGTGCCTCGAAGAGCGCCACGCAGAACGCGAACTGGTCGGCGCGAGCATCCGCGCCACGGCCCGCGAGGCACTCGGGAGCGATGTACCCGGGCGTTCCCACCACGCTCCCGGAGCGGGTCAGCGGGGGACCTGGACGTGTCCGCTCTGACGGTGCGGCCGGCTCGACGGGATGCTCGAGCCCCGCGGCGAGCCCGAAGTCGGCGACCCGGGCCCGCCCCGTCGTGTCGATCAGCACATTGTCGGGTTTGAAGTCGCGGTGGACGAGCCCGCTCCGGTGCGCGGCGGCCAGGCCCTGGCCCACCATGATGAAGAGCTCGATGATTTCCCGCGGGGACCTCGGCCGCGCTGCCAGCCATGCTCGCGCATCCGCCCCGTCGACCCACTCCATCGCGATGAAGACCTCACCCTTCACCTCGCCGACCTCGAACACCGTGACGACGTGAGGGTGGCTTACCGCCGCCGCCGCCCGGGCCTCCTGCATGAAGCGCTGCCGCCGCTCCTCACTCTGGGCCGCCACACCCCGCAGCAGCTTGAGGGCCACCTTGCGCCGCAACCTCAGGTCGAAGGCCGCGTGGACCACTCCCATGCCGCCTCGCCCGAGCACCCCCATGAGTTGGAAATGGCCGAGCACCTCGCCCGTGCGCGCTCTCTCCGGAGCGGGCGGCTCGCGGTGTGGAACGAAGGCCACCTCGCGCAGGAAGTCTCCCACGGACGAGCTCGCGTCCGTGTCGCCGTTCGTGTTTGCGTCATGCTGCTCGCCCCCCTTGTGCGTCATATGGGCTACGCCCCTCCTCCCTCGTCACTGACGATCCCCGCGCGGCGTCCCAGCTCCAGCAGCCGCTCCTTGAGGAGCTGAAATCGTTTGCGCAGCCGCGCCGCCTCGCGCTTGAGCTCGGGCTCGCTCAGTGGCTGGCCGCTGTCATTCAGGACGCGGGCGAGCTCATTCCACGCCAGTCCCCGGTCGACACGCAGGATGAGCAGCGCCTGATCCTCGGAAGGGAGGGACTCCCGCAGGCCGGCGAAGCGCGCCCGCCGCTCCGAGCGCAGATAGGACACCGTCTCGCTGCGAATCCGCGCGACGAGCGCCGACCGGGCCGAGTCCTCCGGAAGTGGCTGCTGCCGCAGCTCGCGGCGCCGGACGTCCCGGCGGTAGTTGAGCGAGGCGTGGCGTGCGAGCGTATAGGCCCAGGTGCGGAACGAGCTGTCCCGCTGGAAGGTCGGCAGCGCACGCCAGAGACGCTCGCTGAAGCACGAGAAGACCTCCGCCGCGTCCTCCTCGTCGCGGTGGAACGCGTGCAGGAAACCGAAGAGCTCCGCGCCATAGCCGCGGAGCGCCAGCGTCGCGGCTCCCTCATGGTCCCCACTCGCGAGAAGATGATGAATCTCCCGCTCCAGCTCCTCTCGTTCCTCACCAGGCATGCTCCGACCTCGTCTCCTGCACGCGCCCACCACGCGCCCA
CP043495.1_gap60	2175750	2176767	1017	CGTCCAGCCGCAGCCGGCCGCTGACGATCCGGTTGACGTCCAGCAGATCCTCCACGAGCTGCGTCTGCGCCCGCGCGTTGCGCTCGATGGTCTCCAGGGCGCGCTCGCGCTTGTCCTGCGGCAGCTCCCGCGTGCGGAGGATCTGCACCCAGCCGAGGATGGCGGTCAACGGCGTGCGCAGCTCGTGCGAGAGCACTCCGAGGAACTCGTCCTTGAGGCGGCTGGCCTGCTCGGCGCGTTGGCGCTCCGCCTCGGCCGCCTCGTACAGGCGTGCGCGCTCCAGGGCCTGGCCACACTGCTGCGCCAGCATCTGCAGGAACTGCAGCTCCTCGGGGACGCAGATTCGCGGGTCGGGGTAGCTCAGCACGAGCGCGCCCACGGACTGTCCATGCACCCACATGGGGAACACCGCCACCGCGTGGTCCCGCTCCGAGGCACGCAGGGTGACGATCTCCGGGTACCTCGCCTCCATGTCCGCGGTGGAGCGCAGCCAGATTTCCCGGCCCGTGCGCACCGCGTCGACGACGGGGTTGTTCGCGGAGGGCATCAGGTCCCGCACATGGCGGACGAAGCGCTCCGGGTACCCCACGTCATGGAGGCTCTCGAGCGAGCCGTCCTCGCGCTGACGGTAGACGGCCCCCGCCTCGGCGCCCATGCCCCCCACCGCCACGGACAGCACCGTCCGGGCCACGTCGGCCTGGGTGAGGGCCTGGGACAGGGCGGAGGTGACCACCTGCAGGCGGGCGGCGTGCTCCTCGGCTTGCCGGGCCTCGGTGATGTTGTCGAAGACCATCACCGCGGCGATCGTCCGGCTGCGCTCGTCGCGGATGGGGGCGCAGTTGACCTTGATGAAGCGGTTGTCCTTGTCCGGCCGGCGCAGCCACAGCACCTCGCCGCGCACCACCTCGCCGTGCAGCACGCTGCGCGCCAGCGGCAGCTCCTCGGCCGGGTACGGGGTGCCATCCAGGCGGTGCTGGTGGTAGGCCGTGTAGCCATTCACGTCCGACGCCTGGAGGA
CP043495.1_gap61	2214082	2214805	723	GCCGGACGCTGTCGCTGGACGAGGACGCGGCGCGCACGCGGCTGGTGGCGGACCTCTCCGCGGCGGGCCTGGCGCCGCCCACGCTCAACGAGCTGGCCGAGCGGCTGCGGCTGCCGGCGGCCCGGGTGCAGGAGCTGCTCAAGGTGGCGATGGCCGAGGGCCGGGTGGTGCGGGTCAGCGAGGAACTGTTCTTCGACACGGGGGCGCTGGCGGGGCTGAAGGAGCGGCTGGTTGCCCACCTGCGCGAGAAGAAGGAGATTTCCACCCAGGCCTTCAAGGAACTGGTGGGGCAGAGCCGGAAGTTCGTGATTCCCCTCTCGGAGTACTTCGACCGCGAGAAGGTGACGCTGCGGGTCGGAGAGAAACGGGTGCTGCGGCGCGCATGAGGACGAAGCGTTACAGCGAGGCGGGACTGCGAGAGCTCATCGAGTCCTTTGGCAACCCCATGTACGTGGCACACGGGGGCCGGGTGGTGGTGGCCAACGACGCCTACCTGGAGATGCTGGGGCGGAGCCGGGAGCAGGTGGAGGGCCAGCTCTTCCTGGAGTTCGTGCGTCCCGAGGACCGGGCGCGGCTGGAGGTGCGCCAGCGGCAGCGGGAGGAGGGGACGCTGACGGAAGTGGACCCCCCGCGCTACCTCATGCCGAGGCCGGACGGTGGGTTGCTGGAGGTGGCGTCCCACGTGCGGTTCGTGGAGGTGGAGGGGGTGGGCCCGGCGATGCT
CP043495.1_gap62	2219768	2223692	3924	GCCAGGTGCCTGGAATCATTGGAGATTCGAGCGCCGGAAGGGCTGGCACGGCGGCTGCTAAAGGGTAGAGACAGAGCACGTCGAAGTGAGGCTGAAGAGGTTCCCCCCCACCGCTTCAGCACCTTCCGGTGAGCTTCTTGAGAAGACCTGCGGCCCGGTTCCCTTCCTGAGGGTGCCGGGCCGCCTTCTTTTTATACGCTCCAGGATTCGCGCCCGGGCGATTGGCGCGGAGGAGGGGCCTTCCGACATGCGCGATGCGAACGGTGATGTGCCGGGGCTGCGGCCGGGGCGGGTGGAGGACCATGCCGACTTCGTCCGGCTCTTCGGGGAGCTGGGGGTGGAGGAGTCACCGCCGCCGTTGGACGTCTGGGTGTCGGACCTCGTGAAGCGAGCCTTCTTCCTGGACGGGCCGGAGGGGGTGGCCGCGTACGCCCTCGTCGATGTCCTGGGAGAGACCGGCTACGTGGTGAACCTGGTGGTGGCGCCGGAGCAGCGGGGGAAGGGGTTGGGGCGGAAGGTGATGCGGGAGCTCGCGGCCTGGTTCCGGGCGAGGGGCTGCCGGGAGTGGATGTTGTACGTGAAGCCGGACAACGAGCCGGCGCTGGCGTTGTACGGCTCGGTGGGGATGAAGGCGGGGCGGCTGGAGACCACGTGGCGCCTGTCGAGGGAGCACCTGGAGGCCCTTCCATTGGCGCCCGAGGCGCTCGAGGTGTTGCCAATGGTCGAGCCGGACTTCGCCCCGCTCACCCAGGCCTTCGGGCTCGTGCCGGGCAAGCTGGCCCGCTTTGCCACGCTGAGCACACACCGGTTGCGGCGCCTGATGGATCCGGAGCACCCGGAGGTGGCCGGGCTGGGGCTGATGGATGTGCGGCCCCAGGCGCGCGTGCTGGTGCCCTTCTACTCGGCGACTCCGGCGCACGCGCGAGCGCTCCTGGAAGCGGCCTTCCTCGAGCTCGGGAGCGCGGAGGAACTGCGCATGGTGACGGGGGACGCGGAGCTCGGAGCCCTGCTGCGGGAGGCGGGAGCACGGGCCGTGCTGCGGACGCTGATGATGCGGGGGCCGCTGCCGGACCCGCAATGAAAACGCCCGGGCGGAAGCCGCCCGGGCGTGGGTGAATCAGGAGAAGCGGAGGCTCAGCGGGTGAACAGCGTCCCGGCCTGGGCGATCCACTCGGTGAGGGGGCCGGGCAGGATGCCGAGCAGCACCACGGCGACGGTGGAGACCACCAGGGCCAGCTCGGTCATCCAGCTGCGCTCGAGGGTGTGAGCGCCCTCGGGAACGGGCCGCATGTACATGTAGACGACCACGCGCAGGTAGTAATAGGCGCCGGCCGCGCTGGAGAGCACCGCGATGATGGTGAGGCCGACGAGGCCCGCGTCCACGGCGGCGCGGAAGAGGATGAGCTTTCCGATGAAGCCGATGGTGGGCGGGATGCCGGCGAGCGACAGCATGAAGGCCGCCATGGCGAAGGCCCAACCCGGGCGGCGCTGCGCGAGGCCACTGAAGCGCTCCAGGTCCCAGGCGGTGCCCTTCTCCTCGTCCTCGCGGCGCTCCAGCAGGGAGACGACGCCGAAGGCGCCCACCGCGGTGAAGGTGTAGGCGAGCAGGTAGTAGAGGATGCCGCGCAGGGCTTCGACCCGGGCCAGGTCCACGGGGCTGGCGCCGACGAGGGCGGTGGGGCCGAGCAGCTTGAACTCCTGGCCCGGGGCGGAGACGAAGAGGGCCGCCACGCCCAGCAGCAGGTAGCCGGCGTGGGCGATGGAGGAGTAGGCCAGCATGCGCTTCACGTTGCGCTGCGGGATGGCCAGCAGGTTGCCCGCCACCATGGTGAGCAGCGCCAGGGTGGAGAAGATGGCGAAGGGCAGCTGCGCGTCGATGCCGCTGCCCACGCTGATGAAGACGCGGACCAGGGCCACGAAGGCGGCGGCCTTCACACCGGCGCTCATGAGCGCGGTGACGGGGGTGGGAGCACCCTCGTACACGTCCGGCGTCCACATGTGGAAGGGCACCGCGGCGACCTTGAAGGAGAAGCCGGCGGCCACGAGCACCGCGCCCGCGTAGACGAGCGCCCCGTTGTTGTTGGCCATGGCCGCGCGCAGCGGCCCCGCCATGTCCGACAGATGGGTGGTGCCGGTGGCGCCGTAGAGCAGCGCCGAGCCGTACAGCAGCACCGCCGAGGAGAAGGCGCCGAGGATGAAGTACTTGAAGCCCGCCTCGCTGGGCCGCGTGCCGCGCCGCAGGTACGACGTCAGCGCGTAGGTGGCGATGGAGAGCACCTCGACGTTGACGAAGATGGTGATGAGCTCGTTGGACAGGCCCAGCAGGCTCATGCCCGCGCCCGCGAAGAGCATGAGTGCGTAGAACTCACCGCGCTCGGCGCCGCGCTTGCGCAGGAATCCGGCCGCGGTGAGCGAGGCCAGCGCCAGCGACACGCAGACGATGAACGTCAGGAAGCTGGAGAAGGGGTCCATCGCCCCGAAGCCGAGGAACACCGCGCGGGCCGGCTCGGTGAGCAGCGTCAGCGACACGACGCCGGCGATGACGGACGTGGCGGTGGAGAGCACCGCCTGGTAGCCGCGCGACGAGTGGGCGGAGAGGAACACCTCCGACAGGAGCAGGATGCACGCTCCCACCACCAGGATGATGGCGGGCAGCAGCGGAAGGAAGTCTGCCGACGTCAGGTTGGGCAGGTTCATGGTGGAGACTCTCGACTAGCGCCGATCGGCGAGCGGGCCCGGCGTCGGGGCGTTGGGAGCAGCGGCCAGACCGGCCGGGGGCAGGCCCATCACCGAGATCTGCACATCGCTCGGCCGCACCTGGCTGCCGGGGATGCCCAGCTCGGCGCGCTGGAGGAAGCGCTCGGTGGAGGGATTGATGCGGTCCAGGAAGGGCTGCGGCATCAGGCCCATCACCAGCACCAGCACGAGGAAGGGGACCACGGTGGCGAACTCGCGCAGGTTCAGGTCCGTGAGGCCCTGGTTCTCGCGGTGGGTGAGCGGGCCGAAGAAGACCTTCTGCACCATCCACAGCATGTACGCCGCGCCGAGGATGACGCCCAGGGTGGCCATGGCGCCGAAACCCAGGCCCAGGCTGCTCTTGAAGGTGCCCAGCAGCACCAGGAACTCGCCCACGAAGCCGTTGGTGCCCGGCACCGCCACGGACGAGAAGGTGATGATGAGGAAGGCCGTCGTGAACACCGGCACCACCTTGGCGATGCCGCCGTAGTCGGACATCAGGCGGGTGTGGCGCCGCTCGTACAGGAAGCCGAACAGGAGGAACAGCGCGCCCGTGGACACGCCGTGGTTGAGCATCTGGTAGGCGCTACCGGTGGCGCCCTCGGCCGTGAGGGCCAGGATGCCCAGCATGCAGTAGCCCAGGTGGCTCACGGACGAGTAGGCGATGAGCTTCTTGATGTCCCGCTGTGCCAGGCACATGAGCGCGCCGTAGACGATGCCAATCACCGCGAGCGTGGCCAGCAGGGGCCGGGCCTGGTGCGCGGCGGACGGGAAGAACGGGATGGCGAAGCGCCAGAAGCCGAACGTTCCCATCTTCAGCATGACGCCGGCCAGAATCATCGAGCCGGCCACGGGGGCCTGCACGTGGGCGTCGGGCAACCACGTGTGCACCGGCCACATCGGAACCTTGATGGCGAACGCGATGGCGAAGGCGGCGAACAGCCAGGGGCCCCAGCGGTACAGGATGCCGGCCATGCCCGGGAGCTGAGAGCAGTCGCCACCGGTGCCCGTGCACGCGGCGATCTGCGAGTGGGCGGCCGTCAGGCTGTTGTAGATGGTGGCGTAGTCGAAGGAGCGGTTACCCGGGGTGCTGCTGATGAAGTACAGGGCGACGATGGCCACCAGCATGAGCAGCGAGCCGGCCAGCGTGTAGAGGAAGAACTTCACCGCGGCCATCTGGCGATCCTC
CP043495.1_gap63	2229252	2233004	3752	ATGAACCGGGGATCAGACGACAAGCGCGACGAGCCCCGGGTGCCACTCGTGTTGCGGGTGCAGTTCCCGAATCAGGAGCGGATGGTGGCGGTCACGGAGAACCTCTCCAAGGGGGGGATCTTCGTGCAGACCGACCGTACCTTCACGCCCGGGCAGGAGCTGGGACTGGCACTTTCTTTCCCGGGGCTCATGAATCCGGTACAAGTCGTGGGGACGGTGGCCTGGGTCCGGCCAGCATCCGAGGATGCTCCAGGTGGTGTCGGGATCCGGGTGGTGCGCGATCAGGACCGGCAGCGATTGGGTGAACTCTTGAGCTCGGCAGGACAGACCCGCGCGTCGGACCGGACGGCCCTCCCCGCCGAGGGCTACCGTGTGCTCATCGTCGAGGACAACCCGCACATCGTCGAGATGTACAGCTACGTGCTCAAGAAGCTGGCGAGCGGCGAGCTGGCGGGCAAGGTACCGCTGGAGGTCCACTTCTCGCCGGACGGGCACCACGCGCTGCAGGCCCTGCGCTCCAGCCAGTTCAGCCTGGTGATGACGGACCTGTACATGCCGGTGATGGACGGGTTCGCGCTCATCGAGCGCATCCGCGCCGAGGAGCCGCTCAAGTCCATTCCCGTGGTGGCCATCTCCGCGGGAGGCCCGGAAGCTCGCGAGCGTGCCATGCAACTGGGCGTGGACATCTACCTGCGCAAGCCGGTGCGTTTCCAGGAAGTGCTGGAGACGGTGAAGCAGTTGCTTCACATTCCGTGACGGCGGGCCTGAAGGGCGAGCAGGGAGGCTGATTTGAGGCAGGGCGCCGGGACGCGTAGAGTCCGGCCCACATGCCCAAGCCCTCCATCCACCGCGATACCGTCTGCGGCGAGGCGCTGTTCATCCTCCAGAGCCTGCGAGAGAACGGCCGTCTGGGACGCTCCAACAAGCTGGCCGATGTGAAGGCCGCGCTCGAGCCGTCCGTCTCGCTGGAGTTCGACAGCTACTACCTCTTCCTGCGCAAGTACCTCTACATCGCCCTGGATCACCGCGAGGCGCAGCTGCGCCTGACCGACCTGGGCGAGCGGGTGGTGGATGGCGAGCTGCAGGACAAGTTCGGCATGGAGGTGGGGGAGTTCTTCGCCGAGCAGCTCGGCACGGACCCGGCCATTGCCCGCGATGCGGACGGGGCCCATTCCTCGATGCCGCCGCCCCCGCCGGAGGGCCTCTTCGATGAGTCGGAGGTGACGAAGCCCGCGGAGCCTCCGATTCCCTCGCTGCCGAGGGCCCGTACGTCCGGGACGTTCGGCTTCGAGGTGCCGGTGGCCTCTCCCGTGCCGGTGCCTCCCTCGGTGGCCAGCGTGCGCAACGAGGCCGTTCCCCCGCCGCTGGCCGCGCCCGTGCCCCCCGTTGCTCCCATGGCGTCTCCCGCTCCCGTGCCGGCTCCCGCCGCCGCTCCCGTGAGCAAGGCCGTGGAGCTGTTGGATCAGCGCTACCAGAAGCTCGAGTCACTCGGCACCGGGCCGCTCGGCACCGCGTACAAGGGACGCTTCAACGCGCTCGGGCTGGACATCTGCGTCAAGGAGCTGAAGGACATCTTCGGCTACTTCTCCTTCCTGCAGCGCGGCGATGTGCTCAAGCGGCTGAAGAAGGAGCTGTGCGCGCAGGCCCAGGTGCGCCACCCAGGCATCGTCCAGGTGCTGGACCAGAACACGGAGACGGCCCGGCCCTACTTCGTGCTCGAGATGCTGCATGGCAGCCTCAAGGGCAAGTTGGAGGAGGGGGAGGGCAAGGGCGTGCCGGTGACATTCGCCCTGCGCTGCTTCCTGCAGTGCGCCTATGCGCTGCGCGCCGCGCACGCCGCGGGCCTCACCCACCACAACCTCAAGCCGGAGAACGTGCTCTTCGACGTCTACGGCAACGCGAAGCTGGGCGACTTCGGCCTGGTGCGCGTGGTGGAGCAGGATGCCTCCAAGGGGCTGCCCCAGGTCTTCGTGGGCGCCAGCGGCATGGTGTACCTGGCTCCCGAACTCATCAATCCGCAGCGCGCCAAGGACGCCGGCCCCGCCGCCGACGTCTACGGGCTGGGCATCCTCCTCTACGAGATGCTCACCGGGCAGATTCCGGGCCGCCGCTCGCCGCTGCCCTCCGAGGTCAACTCCGAGGTCCCCGCCGGCCTGGATGCCATCTTCGACAAGATGACCCAGGACCGCGTGGACCAGCGCTACCCGGACCTCGACGCCATGCTGGAGGACTTCTACAAGTCCTTCCCGGAGGCGCAGTACCTCGCCAAGGGCGACCTCATCCTGTCCTCGGAGCCGCGGTAACGCCTCCCGTGTGACGAGTGCTCGCGGCGGACGGGCCGGGCTGTCAGACTCATTTCATCATGAGCGACAGCCCGAACGCCCAGGACTCCGTGCTCATCACCGTCACCGGGAAGGACCATCCCGGTATCACCGCCCGCCTGACCGGCATCCTCGCCGGGGCGGGCGCGGCGCTGCTCGACATCGAGCAGGTGGTGGTGCAGGGGCAGCTCACCCTGTGTCTGCTGGTGCGTCTGCCCGAGACGCACGACGTGCTCAAGGAGCTGCTCTTCGTGGCCCGCGAGCTGGGCGTGTCGCTCGACTTCCAGCCGGTGGCCGCGCCGAAGACTCCGGCCGCTCCGGTTTCCAGCCGCCATGTCGTCACCGTGGTGGGCCGCTCCCTGGGCGCCCGTGAGCTGCACGCCGTGACCGAGCGTCTGGCCCGGCACGCCGCCAACATCGAGCGCGTCAACCGCCTGTCCGAGGCGGAGCTCGGCTCCGTCGAAATCCACATCGCGCTGCCGCCGGAGCGGGAGCCCGAGGAGCTCAAGCGCTCGTTGCTGGAGCTGTCCATGTCCACCAACGCCTTCGACGTGGCGTTGCAGCGCGAGAGCCTCTACCGGCGCGGCAAGCGGCTGGTGGTGATGGACATGGACTCCACGCTCATCCGCATCGAGGTCATCGACGAGCTGGCGCGGGCCTACGGCGTGGGCGAGCAGGTGGTGCGCATCACCGAGCGCGCCATGCACGGGGAGATGGACTACGACGAGTCCCTGCGCCAGCGCGTGGCACTGCTGAAGGGGTTGGATGCCAAGGTGCTGCACGACCTCGCCGCCCATCTCCCGCTCACCGAGGGGGCCGAGACGCTCATCCGCGTGCTCAAGCGGCTGGGCTATCGCACCGCTATCCTCAGCGGAGGCTTCTCCGTGGCGGCCGAGGCGCTCAAGGCCCGGCTGGGCATCGACCAGGCCCACTCCAACGTGCTGGAGGAGGTGGACGGCAAGCTCACCGGCCGCACGCTGGGGCCCATCGTCAACGCGCGCCGCAAGGCCGAGCTGCTGGAGCAAATCGCCCAGGCGGAAGGCATCCTCCTCGACCAGGTCATCGCCGTGGGCGATGGCGCCAATGACCTGCTGATGCTGGAGCGCGCGGGACTGGGCATCGCCTTCCGCGCCAAGCCCAAGCTGCGCCAGGCGGCCGATACCTCCATCTCCGCTGGCGGCCTGGACACCATCCTCTACCTCCTGGGACTCACCGGCCGCGAGCTCCAGGAGGTGTTGGGATAGGAGGTGCTGGGGTAGGGCGCCTCAGGAGGGGCGCATGCGCGCCGCCAGCTCCCGCTGCTGCACCATGCCCTTCTCCAGCAGCAGCTCGAGCAGGGCGCGCAGAATCTTGGAGCTCTTCTCCTGGTTGGCCTGCACCGCCTGCAGCCGCTGCATCTCCTCGGGGGAGAACACCTCGGCCGGTGCGGGC
CP043495.1_gap64	2267448	2269105	1657	ATTCGCATCTTCCGCCCGGAGGGGCGACCGGGGAGGACCCGGCTGCCTCCATTTTCTCACCGCGGCAGGAGCGAGCGATGGCGCAGCGGATGGATGTTCGGGTCGGCATGGATGTGAAGAGCAGGGACGGACACCGGTTGGGCAAGGTGATCGGCCTGGCGGACGACGCCTTCGTGGTGGAGAAGGGCATCTTCTACGCCAGGGACTACCGGGTCCCCTTCCGCTCCGTGGAGACCATCGAGGGGGATGACATCCGCCTCTCCCTGGACAAGGACCAGTTGCAGAAGGCCAGTCTGGGCGAGGTGCTGCAGGCGTCCGATCGGCTGGACATGGGGACGGACTCGCTGTCCGAGGCCCGCATGGATAGCGCGAAGTTCCAGGACCACGACCAGTACGACCTGCGTACCGAGCGCGAGAAGGACGCGGAGGTGACTCCTCCCATCGGCTTCGATCCGAACACCCCCTCGCGCTACTAGCGCATGCACTCCCAGGACATGCACGTCGTCCAATTCCTGCTGCCGCTGCGTGACAACGAGCGGCGCGCGTTCCCCCGGACGGACTTCGCTGACGCGTCACTGACACGTCACTGACGCGTCAGCGGGCCCCGTCCTCCTGCTCGCACGTGACGCTCTTCCTCTGGAGACGCTCCGCTCCGAGCCCGGCATGGGCATTGCTCCTGGGACTCACGCCGCCGCCGGGCGCTTCGCGCGCTCGTAGTGCCCGGCGAGGATCTCCAGGTAATTGCCATGCTCCACCCATTCCAGCAGGTGCATCACCCGCCAGGCGACGAATGGGTGGCTGCTGTCCATCGTCATCAGCGTCGCGAGCAGCCCGTCGAACCAGTTGTCCTCCTCCAGCTTCGCGAGCGTGCGTGCCTGCCGGATGAAGGGGGCGAGCTGCATCCTGGTGCGCCGTGTGGTGCCCGGCCGGTTCCCGCCGGCCAGCTTCATCAGCACGTGGAGCGAAGCACCCAGGTCCCTGCACGCCAGCAGGCCCGCGCGGTCTGCCGTCAGCTCGGAGCAGCGCATCCATTTGTAGAGCGCCTTCTGCAGCGGGAAGCTCAGCACCTGTCCCACGGTGCCCAGCAGGTGGGTGCCGCTGGCCATCACCAGGGCCACCTGACGGTAGAGCCCATGCTCCGCGTGCATGTGGCCCAGCTCGTGCCCCATCACCGAGACCACCTCCGTGTCATCGAGCTGGTCGAGCAGGCCCGCGTAGACCATCACCGAGGGCTCCTCGCTGCCATAGGTGGCCGCGTTGATGTGCGGGGACTCGGAGAGGAACAGCGTGGGGCGTTGGCTCAGGTCCAGGCTCTGGCGGGAGCGCTCCAGCAGCGCCACCAGCTCGGGGAACTGATCGTCTCCGCAGAGCACGGCGCTGGACAGGTTGAGCAGCCGCAGGCTGCGCTCGCCCAGCTGCGTCATCAGCCAGCGGATGAGCGCGGGGAAGCCGGGAATGCCCTTGAGGGCCGCCAGCGTCGTGCGATCCAGTGGGTGCTCGTACGCGTTGGAGGCGATGCGGGTGAGCGGCTCGCCGGGGGTGAGGAACAAGGCCTCACCGCACGCACCGCACTCGCAGTGATTGGGCTCGAGGATGGCGCGTGGCACCTGGACGCGATTGCGCCGGCCACAGTGGTGGCACTCCAGCAGCTTCACGG
CP043495.1_gap65	2286627	2287917	1290	CGGCGAACACGGAGCGGGTGAACTGCCGCTCCGCGCGGAAGGTCTCGGGATGGGAAGGGGCCGCCATCTCCGGAAGCGGGTACGGCTCAGGCGATGGCGAGCTTCGGGGTGGACTCGGACGCCGGCGGGGTGCCCGGGTTGATGTCGCCCGTCAGGTACTTGCCGGAGAAGCAGGCCGTGCAGAAGGTGGTGCGCTCCTTGTCTCCCACCGCGCTGCCCAGGCCCTCCATGGAGATGTAGCCCAGCGTGTCCGCCGTCACGTAGCGGGCGATCTCCTCCACGCTGTGGCTGGAGGCGATCAGCTCCTGCCGGCTCGGCGTGTCGATGCCGTAGTAGCAGGGCCACTGCGTGGGCGGAGAGGAGATGCGCAGGTGCACCTCCAGCGCGCCGGCCGCCTTGAGCATCTTCACGATTTTACGGCTGGTGGTGCCGCGCACGATGGAGTCGTCCACCACCACCACGCGCTTGCCCTTGAGCACCTGGCGCACCGCGGACAGCTTCAGCTTCACGCCGAAGTGGCGGATGGACTGCTGGGGCTCGATGAAGGTGCGGCCCACGTAGTGGCTGCGGATGAGTCCCACGTCGTACGGAATGCCGCTGGCCTGCGCGTAGCCGATGGCCGCCGGCACGCCCGAGTCCGGCACCGCGATGACCAGGTCCGCTCCGGGCACCGGCTGCTCCTTGGCCAGTTGCCGCCCCATCTCCTTGCGCGTCTCGTACACGCTCGAGCCGAACAGCACCGAGTCCGGCTTGGCGAAGTACACGTGCTCGAAGATGCACCGGCCCAGCTTCGTGGGTGGGAAGGGGGTGCTGGCGTGCAGGCCCGTCTCGTCGATGACCACCATCTCCCCGGCCTCGAGCTCGCGCAGGAACTCCGCCTCGATGAGGTCCAGGGCCGTCGTCTCGCTGGCCAGCACCCAGCTGTTCTTCAGCATGCCGAGCACCAGCGGACGGAAGCCGTTGGGATCCCTCACCGCCACCAGCTTCTTGTCGGTGAGGAAGAGGATGCTGTAGGCGCCCTTCACCTTGGAGAGGGCCTCGACGATCTTCTGCTCGAAGGTGGGCTGCTTGGAGCGGGCGATGAGGTGGATGACCACCTCGGTGTCCGAGTCCGACTGGAAGATGGCGCCGTCGGCCTCGAGCTGGGTGCGCAGCTCCTGCGCGTTGACGAGGTTGCCGTTGTGGGCCACGGCCAGCTGTCCGCCCACGTACTCCACCGTGAGGGGCTGGGCGTTCTTGAGCTGGCTGACGCCCGCCGTGGAGTAGCGCACGTGGCCGATGGCCGCGCTG
CP043495.1_gap66	2289347	2293145	3798	CGAGCCCACGGTGGGGGCGGGCGCGGCGCTGGTGCGGCGCACGGGGGCCACGGGCGTGCTGGGGCTGGCGGACGGCTACGTGGGCTACGTGGAGTCGCCGGAGCGCGTGGAGGCGGGCGAGGGTGAGTCGCGCCGCCAGTACTTCGGTCCCGCGCTGCTGGAGCGCCTGGCCACGGGGGCGGATGAGGCCGCCCGGGCCGCGGGCTTCACGCGCTGAGCGGACCGCTCAGATCTTCTCGAGCTTCTCGAACTTCGAGTCCTCGTCCCGCTTCTTGAAGAGCAGGGCGGTGCGGCCCAGGAGCTGGGCCAACTCGGAGCCCGTGCCCTCGGCGAGCTTCTTGGCGGCCTCGTGGCGGTCCTCCGGGCCCTCGTTGATCTTCACCTTGATGAGCTCGTGGTCGTTCAGCGCCTGCTCGACGGCGGCGATGACGCCCTCGGTGACGCCTGACTGGCCCACGATGACCACCGGCTCCAGGTGGTGTCCCAGCCCGCGGAGGTGGCGGCGCTGTTTTCCGGTCAACGGCAAGATGCTTCTCCTCGTGTAGGGGAGCGCTCGGCGGCGCTCCCGGGGTGGCGCACCCTACTTCTTTTGCGCCGCCATGCGGATCTCCCGCTGCGCGTCGATGTGATTTGGCTGAACCTCCACCGTCTTCTGGAAGTGCTTCAGCGCGCCGCTGGTGTCACCGCATAGCTTGGCGATGACTCCCAGGAAATAGTGCCCCGAGGCCACCTTGTCGTTCTGCTTGAGACACTGCTGGATGTCCTTGTAGGCCTCGTTGTAGCCCACCTTCTTGTCCTCGAAGGTGAAGAAGCGGGCGTAGCCGCGCCAGGCGAAGAACTCGGGCTCCTCGGGGTTGAGCTGGATGGCCTCGTCGAGCAGCTTGACGGCGTCGGCGAACTTGCGGGCCTTGATGTAGAGGCCGGCCTTGCGGAAGTGCTCCTCGCTCTTGAGGATGGCCTCCACGTCCACCTGGGCCGGCTTGCTGCCGCCCGTCTTGAGCTCCTCGATGTACGCGGCGCGGCTCTTGTCGTCCGAGAGCGCGCGGTAGGCCTCGCCGATGTAGGCGAAGACGTCGGCCTTGAGCTTCTCCAGCTCGGGAGGCGCGCCGGGAGGCAGCGTGTCCGGGTGGTACTGCTTGGCCAGCTTGAAGTAGGCGATCTTCACCGCCGGGCCGTTGGTGTCCGCGCCCAGGCCCAGCCGCTCGAAGTGGTTCTGCTCCATCATCTTCGCGGCGAGCTCCCGGAGCGCGGGAAGCTCGCTGGCAGCGGGTGCGGAGCCGGGGGCCGCGGCGGGAGCGGAGGCCGGAGCCGGGGCGGCTGGTTTCGCCGCGGGCGGAGCGGCGGCCGCGGGCGCGGCCGGTTTGGCGGCGGGAGGAGGCGAGGCCGGCTTCGCCGCGGGGGCCTGGGGTGCCGCGGCGGAGGCAGGTGCCGCCGGGCGGGGTGCGGTGGCCTGGGGCGTGGCGCCGGCCTGGGGAACTCCTGGAGCCGTGGCCGCGCGGGCGGCCTGGGGCGCGGCGGCGGGAGGCGCGGCCGGTTTGGCGGCGGGAGCCACGGGAGGAGCCGTCTTGGCGGCGGGAGCCACGGGGGGCACCGTCTTGGCGGCCGGAGCCACGGGGGGCACCGTCTTGGCGGCGGGCTGGGCCGCCGGGGCACCCGCCTGGGCAGCCGGCGCGCGCGAGGCCACGGCCGCGAAGGACACCCCCTCGAGCTCCTTGAGGAGGAACACGAGGCGCAGCAGGTGGTCGGCGTCCTGGGGGATGTCGTTGAGGAGCTGGTTGACGGAACGCACCCCGTCGATGAGGGCGAGCACGCGCACCTCGTGAGGGGTGAGGCGCAGGTCCCCGGTGGCCACGCGGCCGTTGGACTTCATCACCGGCAGGTTCAGCACGGGCTGGAGCCGGCGGCGGAGGTCCGTGCTGGGGATGCGGCGCACGAGGTCGCTGAGCACGGCCCACTTGTTGCCCAGGGGCATGGCCTTGGCGGCGGGCAGCTCCTTGGGCTCGAAGGTGAAGGAGCCGGACTCGGCGCGCAGGCCCTTGAGGAGAATGGCCTGGGCGCGGTGGGCGAGCTGGGTGAAGGCGGAGGCGGGCTGGAGGAGCCCCAGCCCGAAGAGGGCCGCGAGCAGCTCTCCGCCGAAGCGTCCGCGGGCGGCCTCGGCCTGCTGGAGCTGCTCGGTGGTGGCGAGCTTCGCCTGGAGGAGCCAGGCGCCCAGCGCGTCCTCGGGGTGGGAGGAGTCGATGAACTCGGGGTTGCCCTTGCGGAAGTGGATGCTGACGGCGCAGTCGGGGAGGGTGAGCGTGAGCAGCCCCGTGTGGTTGCCGGCGGCGATGAGGCCGTAGAGGCGCACGGGCGAGTGCGTCTCGAGCGTCCCGTTGGAGGGAGGTGGCTCCTCGGAGACAGGGGCGACCGAGGTGAAGGTGCCCGAGGGGCGCACGACGGCCGGAGCGGGAGCGGCGGCCGCGGGAGGAGGCACGCCCGGAGCCTGGGCCGCGGGCTGGGCGGGTGCCACGGGTGCAGGCGGGCGGGCGGCACCGGGGCCCGCGGTGGGCAAACCGGCCCCGGGGACGGGAGCCCGGGTGACGGCGGGGCCCGCGACGGGCGCACCGGGAGCGAGAGGACGGGCGACGGCACCGGGGCCCGCGGTGGGCAGACCGGCCCCGGGGACGGGAGCCCGGGTGACGGCGGGGCCCGCCCCAGGTGCACCGGGAGCGGGAGGACGGGCGATGGCACCGGGGCCCGCGGCGGGCACGGAGACGGGAGGCCGGTTGATGCCGGGACCCGCGATGGGCACACCGGCGCCAGCGACGGGAGGACGGGTGACGCCGGGGCCCGCGACGGGCACACCGGCGCCAGCGACGGGAGGCCGGGTGACGGCACGAGGCGCCGCCGCGGGCACACCGGGGGCGGGCGCGGGTGCGCTCGGACCAGGGGGAACGACGTCGCCCCACGTCTCGCGGGGGAACGAATCACGCAGGTGCGGGAAACGCCCGGGGAAGGAGAAGTTGATGCCGTCCTCGGACACCTGGAGCTTGCCCTGGATGACGCCGTTATCGATCAGCAGCTCGATGGTCGGCAGGGCGAGCGGACCCCAGATGGTCCCCTGTTCGTTCCGCACGAAGTATTGCCGGACTTCTCCCTCCGCCATCTCGGATGTCGCTCCTTGGTACGCCTGGGGGTGTGCCTGGGGGCAACCTAACCCGGACCCAACGGCTCCGCTACGGAGCCTCCAACGAAGCCATCCCGATGAGGCTCAGGCAGGCCGGATCCGCGTCCTGGGTGCTGGGCGGGTCGAAGCAGTGGACCTCGGTATCGAACACCTTGCACAGGCCCTTGGGGGTGGCCGCGCAGGCCACCTTGGCATAGGCCTTGGTGCAGCCGTAGCCGCACACCGACTGGCCGTCGCTCGACTGGCACTGCAGGGGCGGCAGGCTCTTGCCATAGGCGCAGAGCACCTCGGCGGGAGGGTCGAAGCAGGTGAGCCGGAGCCCGTCGCTCTTGCAGATGCCCACGGGCGTCTTGCTGCAGGCCACCTTCCCGGCCGCGGAGGTGCACTTGTATCCGCACGCCATCTCCCCGCTGTTGCTGCTGCACTCGGCGCGAGGCGTGTCCTTGCCATGGACGGCGTACACCTCGGGAGGCGGATCGAAGCAGACGATCTCGTCGTTGCGTCCGGAGCAGGCTCCAGCGGGAGTGCGCGCGCACTTCACCTTGCCGAACTGCGTGGCGCACTGGTAGCCGCAGGCCACCTGTCCGTCGATGGCCTTGCACTCGGGCGTGGGCAGCGCGCTGCCGTAGATG
CP043495.1_gap67	2318679	2320473	1794	AATCGAGCCGTCATGCCCGTTCCACCCAAGCCAGGACTTCATGTCACCCACCGCGCGTCCGTGACACGAGCGGCCCTGGAAAGCATCAGGACTCCGCCGCTGGCGACCTGCCTGGTGTTCATCAAGCATCCCGAGCATGGCGATGAATTCAACGGCAAGGCGCTGTGCGATCAGATCCGCCAGCTGCTCAAGAACCAGCCGGGCACCTTCTGCTTCTTCCACGATGGCACCGGGATGGTGAACGCGCGCATCGGTTACGCGAGCGCGTTCAAGGAGCTCGACCGAGAGCTGGCGGAGCGGACGACGGAGGTGGTGTGCGCCATCCCCGGCCCCATCCCGCGGATGATGCTTTACACGGTCGCGACGATCGCCGAGAAGCCCTGGGCCATCTTCCGCACCCGGCCCGAGGCCGAGCTGCACATGCGGATGCGCGGCTATGACGCCGCCGACTACACCCAGCCCTTCGAGGGGATGTTGAAGCTGAAGGTGCTGGGCCGCTTCTGAGTCACGGGCGGCGCAGCCGCGACTTCAGCCAGCCCTGGCCCGGACGCGCCGAGCCGTCCACGGAGAGCGGCGTGATGGAGATGGCACCTTGCTCCAACGCCGTGGTGTCGGCGTCCCTCTCGGTCTCGGGAGCGCACTGGATGTCGAGCCCGCAGATGTGCCCCGCGGCGAGGTAGATGCCGTTCGCGTCGACCGGGTAGTACCGCGCGCGGACCACTTCGCCGTGCCCCACGGACGTCACGCGCGGAGACTGCACGAGCGCCGGATCGAACTTCCCCTCGGCATCGAGCACGACGGGGTAGTTGACGTTGAGGGCGACACGGTCGGGCAGCAGTGGCTCTCCAGGCCGCGCCGTGTCTCGCAGCTGGGCGATCAGCTCCTTGACGAAGGCCGCGGCATGGGGCGCCGCCGCGCCGGTCTGCGAGAAGCCCGTGCTCGCGTCCCGCATGTGGATGGAGATGCTCACGGCCATGGCGGGCACTCCCTCCTCCGCGGCGGTGACGGCCGCGCCGACGGTGCCCGAGTGGTTCACCGCGCGCCCCACGTTCTGGCCGGAGTTCATGCCCGAGATGACCAGGTCCGGAGGCACGTCCCCCAGCACCGCCGACAGGCCGAAGAGCACGGAGTCGGAGGGCATGCCCGTGACGGCCCAGGCCTCGCCTGTCGTGCCGCCGCACGAGAACTCGGAGCGCGTGGCCCGGAGGTACACGTTGAGGCTGAGCGCGCCGCTGCTGCCGCTGCGGTCGGTGGCGGGCGCCACGACGGTCACCTGGTGGCCGGCGGCGCACAGCGTGTCGCGCAGCAGGCGCAGCCCGGACCCGTTGATGCCGTCGTCACTGGTGAGCAGGAGCCGCAGCGGACGCTCCGCGGCGGGCGAGGCGTGGGCTTCCGTCCCCGCTCCGATGAACGAGGCCAGGAGGAACAGACCGAGACTGCGATGGGCGCGCATGGGGGACCTGTGGGTGCTTCGAGTGTGGGGTTCTCGAAAGAGAGAACGGAGACACCCGGGAAAAGTCGCGAGTGTTCATCGGCGAAAAGTCTCTCCGTCGCGGGCGAGACAGCGGCGGCGCCGGCCCTTTTCCTGTGCCCCACCTTCCATGTATTCAGGGGTTTCCAGCTGTAAGGGCCGGAAACCGGCGCCATGCGCCGTGGGGGGAAATATGGCGAACCTGAGAGACCTGCCGCGTCAGGCCTGGGGTGACCTGCAGTCGAGGTTGCGCCACCTGTCGCTGATGGGGACGTTGCGCAACATGCTCGTGGAGGCGCCCGAGTTGTCCAGCCCGGCGCCCC
CP043495.1_gap68	2321674	2326313	4639	ATCCAGACCCGTGCGCGGACGCCTCGGTGGGGGCGGGGACGGTGCCCAAGGAGGTGGTGGGCCGCTGGTCCCTGGAGGCGGCGAGCATCCGCCCCGAGGAGAAGGCGCGCATCGTCGGACAGGAGAACGCGGACACGAAGCCTCGCCCGGACTACGCGCGCTCGCTGGTGGTGACGCCCGGGGGTGTTTCCTCATGCGGATGAAGCTGGAGGACGCCACGCTGGGCCGGGGCAATGCGCTGGAGATCCGCTCCTGGGGTGCCTTCCAGGTGAACGAGAAGGACGACGTCGTGGAGCTGCGGACGAAGTCCGGGCAGGCGGTGGGGCCGGTGTGCGGCAAGCCGCGCGTCATCGGCCTGTCCAAGGGGAAGTTCCAGCCGACCACGTACACGTATGAGGTGACGGGGGACACGCTCGTCCTCACCGCGAAGACGCCCTCGCAGCAGACGTTCCAGTTCCGGCGACAGACAGAGGATCAGCAGGCAGAGTAGGCGTCTATGTCCGAGCGGATGCACCCTTCCGACGCGTCGTGGCTCCAGATGGAGGAGCCCACCAGCCTCATGGTCATCACGGCGGTGCTCTGGTTCGACGAGCCGCTGGACTGGGAGCGGCTGACGCGGGTGGTGGGCGAGCGGCTGGTGGACCGCTATCCACGCTTCCGGCAGCGGGTGGTGACGGGAGGGCTGCTGGGGGCGGCGCGCTGGGAAGAGGACCCGGGCTTCCGCCTGGAGGCGCACCTGCGGCGCACGAAGCTGCGGCCTCCCGGAGACCGGGCCGAGCTGGAGCGGATGGTGGGCGAGTCCATGAGCACGCCGCTGGATTTCTCCCGCCCGCTCTGGGAGCTGCACGTCATCCAGGGGTACGAGGAAGGGTGCGCGCTGCTGATGCGGGTGCACCACTGCATCGCGGATGGCATCTCGCTGGCGCGGGTGCTGCTGTCGCTGACGGACGAGCACGCGGATGGGAGCGGCGGGCGGGCCGGATACTTCGAGCAGGCGGAGGAGGAGACTCCGGGGACGCTGGGCCGGCTGCTGCGGGGCGCGCGGACGGTGGTGGGCACGAGCCGGGCGGTGTGGAAGCGGGGCGCGGAGTTGCTGGCCGAGCCCATCCAGCTCATGGACCTGGCGGTGGAAGGGGCCCGGGGGGCCTCGGCGCTGAGCCGGGTGCTGACGCTGATGAACGATCCGCCCTCGCCCTTCACGGGGGAGCTGGGCCGGGTGAAGCAGGTGGCCTGGTCCCGGCCGGTGCCGGTGGGGAAGGTGAGGGAGATAGGCCACGGCACGGGCAGCACGGTGAACGACGTGGTGATGGCGGTGGTGGCGGGCATGCTGCGCCGCTACATGGACGCGCGGGGACAGCCGCCCGAGGACGTGCGGGCGGTGGTGCCGGTGAACCTGCGCTCGCCGAGGGAGCCCATTCCGCGAGAGCTGGGAAACCGCTTCGGGGTGGTGTTCCTGCCGTTGCCGCTGGGGCTGGCGGATCCGGTGGACCGGCTGTGGGAGCTGAAGCGGCGGATGGACAAGCTGAAGCGCTCGCCGGAAGCGGCGGTGGTGTTCGGCATGCTGTCCGCGGCGGGGCTGGCGCCGGCGCCGGTGGAGCGGATGGCTGTGGATGTGATGAGGAAGAAGGCCTCGGTGGTGCTGACGAACGTGCCGGGGCCGAAGCGGCCGGTGTACCTGGCGGGGGCGCGGCTCGCGGGGGTGATGTTCTGGGTGCCCATGGCGGCGCGGCTGGGCGTGGGCCTGAGCATCTTCAGCTACGCGGGCCATGTGACGCTGGGCGTGGCGGCGGATGAGGGCCTGGTGCCGGAGCCGCGCGAGCTCATCGAGGACTTCGAGGCGGAGCTCGAGTCCCTGGCCGAGGCGGTGAGGGACTCCGGCCATTCCCGTCCGCTGCACTGAGCCCGCAGCACTGGTGAGCCCGTCACTCATTGACGTCAACGAGTGCGTCGGCCAGCAGGCGTTTTCGCGGGTCCCGCGCTCCTGCTCCAACTTGACCCCGTTTCCGGGCCGCTCCCAAACTAACCTCTGTTCAAGGTCGCGTCGGCGTATCAGGACATGGGAGAGGGTCATGGTAGGGCAGAGAGCAACATCCACGCGGCTGCTTCGCTGCCTCGGCCTCTTCTACGCTCGTGACCCGGCGAGTGGAGAGAGAAGACAGCTATGCCGCAGCCAGCTCGTCCTTGAATTCTGCGACACCGGGCCGAACGGCCGGACACTGCTGCTCTTCCTCATGAATCCCGGCGCCAGTGAACCGGGCCTCGCGGCCCGCTGAGCACGATGGCCGATTCTCCAGAGTCAACGCCACGGGCTATCTTCCCAGGCGGTTGTCGTTTCGAGGGCACCCGGCATGGCGAAGGACTACGCACTCGTCACCCGGAAGCGTCCTGACGGGGACGGCCTCGGCACATTGCTGGTGGCGCTGGCGCCCCGGGGTGGGTGCCATGCAGGGCGGGCGAGGGCCTCGTCGTCCACCGCGTGCTCATGCTCACCGCCCTGGCCTCATTGGGCCAGAGTCTTCCAGGTCCTCCTGGTTGCGAGCTGCCTGGTGGCCAGCATGAGCGCGGCTGGCGAGCAGTTACGCCGGGTGAAGGTGCTGCTCTCGGTCAAAGCGCATCCTCCAGATGCAGCGCTCAGCCCTCGTCTGGAGGACTGGCGCGGGGGCGTGCTCTCCCTGCGGGTGGTGGACGCGGGGCGCCTGGTGGTGATGGCAGGCGCGGAAGTCATCGCCGCGGGTGCGCTTCGTTTTGACGAGGAGCAGTTGCTGCACGTGGACCCGCTGGAGGACTACCCGCCCGAGGCCCTGCCACGGGTCGTCAACCGCGAGTCCGGACGGGAGGAGGTGGAGGTAGACGTCCCGGAGGGAGTGGGCGCCGGAGAGTTGCTCAGTGGGACTGGTTCCACACCGGCAAGCCCGCCCTGGTGCGCACCTGGCGCCTCCCACCCCTGGAAGACATCCCTCCAGAGTGGCTGGAGGACGAGCTGTCCGAGCCCGAGTGGGAGGACACACCGGAGGACGAGGACGGCGCGCTGGCCTTTCTCTCGCCCCAACGGGCTCCGCTCCCTGTCCAGGTGGACCCCGAGCGGCCCGAGCTGCTCTGGGTTTCCGGCCATGCCTCACGGGAGGAACTCGCCTCGCGCCTTTTCGGGGATGCGTCCGCTGGGGACGCCTTCGCCTTCGAACACCCCATGGCTCTACCTGACACCGGGGGCGGGCTACGCGTCTGCGTGCGCGTGCTCCAGCCACAAGCGCTCCTGCCCGGGTTGCTTGACGCCATGCGCGGGGCCCTGGACGCGCAACTGATGGCGGACACTGCGTGGACCCGCTCTCAGCTCTCGGTGCCCTCCCTCGACAAGGCCAGGGCCGCCGCGCTCGCGGAGAGGGGCCTGCGCTGGTCCCAGCGCTCGGACATCCTGGACGGCACCGGGCAGAGCTACTTCGACCGCTACCTCGAGGTGCTCGCCCCCTGGCGGGACGAACCACTGCGTTCTCACCTGGGGGACACCCTGGCCCGGGACTGGCGCTTCCTGGGCGAGGCCTCCGAGCCCTTGCGCAAGGCCATCACCCTGCGCTCCCAGCGCTGGAAGACGGGCTACCACGTCACGGATGGCTCGCCCGCCCTCCATCCGGGGGATGTTGTGGGCCGTTTCTATTTCCCGGACGGAGACAGCGTCCAGGTGTACCTGCTGGAGTTGCTCACCGAGGACGCTTCCCTGGAGCGCGCGGAGGTCCGGTTGCGCAACCTCGCCTCCAACGGCCCGCGCATCCTCATTCCCGGGGAGGATGGGCGCTGGGTGGTTACAGCGCCGACTTCCGTCTTGCCGTGGGTGCTCCCGAGCCTCTCGAGCACCCCCGGGGCCACTTCTACTGGTACTACCCCGGCATCATGCTCATCCGCCCGGGAGACTGGCAGCCGGGGTCCGGCAGCGGCACGGGCGAAGTGGCGGCCCTGCGGCGGGCGATTCTCACCACGGCCCTGGCCAGGGCCACACCCGAATCGCCCCAGCCCCTCTTCGGGTTGGACCATGACGTGCTCTCCCTGCTCACTCCGGAGGAGCGCCGGAATGTCTTCGACACCGTGCTCGCGGGGCCCGAGCCCACTTCGGGCCTGGAGGGGGAAGCCGTCCACCTGCTGGGACGGGTGGTGCTGTCCATGCCGGCCCACGAGTTTCCCGCCCTGGAGCGCCAGCTCACCTCCTGCGGGGTGCTGGACAAGCTGCTGGGCAGCAACGCGCCGGACAAGGTGCTGCTGGGACGGGCCTTCACGCAGAAGGCGCTGGCGTCGTTTCCCCTCGTGCTCGGCTCGCTGGAGTCCCTGCCCACCTTCCACCTGGGGCGCCAGGGCGAGACGACGCACCTGTTGAACGTGCCTACCGGGTTGGTGTCCACGAAGCTGGTGGCGCCGGAGGTGTGGGACATGAAGCAGGGAGTACGTCTGGGTGCCGAGCCTGCTCTGCAGGGGGAGGCCGCGGGGGCCTCCAAGCGGATGGCCCTGTACTTCGAGCCGGTGCGGCATGAATTCCAGGCGCGTTACCTCTCCTCGACGGAACCGGCCACACGCAGCCGAGCCCTGCACCCGCTGGAGTGGGTGCGGGTGGAAGTCCACGGGCCACAGCCGCGCACCCACCTCATGACGGCCA
CP043495.1_gap69	2360323	2364597	4274	CGGCGCTTCCTTCGGCGGCTCCCGGTGCTCTGGCGGTGGAGCGGGTGGGGCAGGGACCGACGCCGCGGCGCCGAACGCGGTGCCTGCACTCGGGCTCAGGTGGCGGGCCTCCACGCGCGGGGACTCCTGCATGAGCGCCGCCTGGATGGCGCTACGGGCCTCGACGAGCAGCTCCCGGATGTTGCCCGGCCAGGGCCGCATCAGACAGGCCTCCACGAAGGACAGGTGCAGTGTCAGTTGGGGCGCCACCTGCCGCACCTCGCGGTGGAGCAGCAGGGCGATCTCCTCGGGGCGTTGGCGCAGGGGCGGCAGCGTCACCTCCGGCCGGCCGATGCGGAAGTACAGGTCCTCCCGCAGTTTTCCCGCCGCCACGAGTGCGCGCAGGTCCCGGTTGCTCGCGGAGCAGATGTGGATGTCCACCTGCTTCGGTTTCGCCGCTCCGAGCGAGAGGATCTCCTTGGTTTCCAGCGCCCGCAGCAGTTTCGCCTGCACCGCCAGGTCCAGCTCCACCACCTCGTCGAGGAAGATCGTCCCGCCGTCCGCCGTCTGGAGATAGCCCGGAGCATCGGCATCGGCTCCCGAGTAGGCGCCGCGTTTGACGCCGAAGAGCAGCCGCTCGGCGATGCTCTGGGGAATCGCCGCGCAGTTGACGGCCACGAAGGGGCCCGCGCCGCGTGGACCGTTCTCATGGAACGCGCGTGCCACGCCCTCCTTGCCCGTGCCGCTCTCACCGTGGATGTGCAGCGGGAACCCGAGCCGGGCCGCGCGGGAGACCTCGTCGAGCAGTCCCTGCAGGGCCGGACCCCGGATGAAGCCCTCCCGCGTCACCACGCCGCGCTGCTCCAGCGGATGCACATTCGCGCCAGGAACGAAGAGCGAGTCCCCCATGCGGATGACCCGCTGCACCTCGCGGGGCGTGTTGGCGGGCACGGGCTCTCCATCCACGAAAGTTCCATTCTGGCTGCCCAGATCGGTGACCCAGAAGCGCCGCCCGTCGAAGTGGATCCGCGCATGGCGGCGGGACATCCGCGGGTCCTGCGCCTCGCCCAGCGCCGGCGAGCCCCGCCCCAGTTCCAGTTCTCCATTTTTGAGAGGCAGGGCCACCGCCATCGCCGTCCCCGCGGCGAACAGCCGCATCAGGCCCGGGACTCGCTCCTCGGCGGCATTCTCGCCATTCAAAATTCCGCTCGGTTTGAGAGTCGACCCGTCCTGTTCCATGCGCGCGCATTATAGGCCGGTGTGTCTGGCACGGCTCGTTGTGTCAGCACCTGTGCCTGGTGTCGTGCCACTTCGTCCGCAGTCGAGCGTCTCCCGGCTCGAGGTGCGCGGGATGTGCCCGGGATTGCTCGGCCCTCCGTGTTTTGACGCGCTGGCATGCCTTTGGCTAAGCCGCCTGCCAACCAGTGTTCGCGGTGGCGCGGGTGGGTTCGCAGCAGGGGGGAAGCCTGCCCGTGCCGCCGCATGAGGGGGAGTTCATCATGGATATGGAGACGGCGAAGACTCAGCGAGTGGGTACCCGCGAGGGCAGCGGGCGTTGGCCGGCATGGCTCATCTGCGCTGCCCTGGTGACGGTGGCCAGCGGATGCGGCGCATGCCAGCAGGTGATCCGGCCGGCGGAGCCCACCGGGCCGGGCATGACCTGCCCCGGCGGACCCCTCTGCGGCATCGTGCAGGCGCTGATGGATCCGATCCCCGACAACTGCCCCACCGGCAACTGCGACCCGGGCGGCAGTGGCAATGCCAAGGGCATCTACACCGTCGAGGGCGGCAACTACTGTTTCGAGGCCATGGGGGAGCAGTACTTCTGCCCGGAGGCCTTCATCAACACGGCCGCGGGTGTCGTGCTCGACGTGCGGTACCTGAACAACGCCAAGAGCGTCATCAAGACGCAGGTCCACGGCAGGCTCGCGGCCAACCCCAACAAGCCCGTGGACGTGCTCGCCATCCACAGCGATCGGAGCGAGCTCTCCATCAAGTACCGCGTCCAGGGCGATTCGACGGAGCACATCGCGAAGGGTGCTGACCTGAGCAAGGTGATCCTCACCCTCCGCTCCCTGGCGATGGGGGGTGGAGACGCGAGCCCGCTCGTCAGTTACGAAATGAAGTTCTCCGGCTACAAGGCGCCCGAGCCGGACGCGAAGACGGACAGGGTGCATCGCTACAAGCTCGAGTACCGGGATGTCTCGTTTGGCCAGGGGTGGCGCCAGCACTGTGCGAAGGATGGGGCCGGCACCGTCGTCGCCTTCCTTCCGGGCGAGCGCGTCAGTGGCATGAATGGCAGCGTCAAGCTCGACGCCAACGTGACCACCATGGGCTGTGAGAAGGGCTCCGTCGTCACCTGCATGGCCTGGGGCTATACGCCCTGGGAGCCCTCCACGGGCGTGAGGGACGAGGTTCGAGACTACGTCTACCGCTCCTGTCTGCAGGCGAAGCGTGCCGCCTATTTCGTCGGCAAGGGCGACTTCCGCAGCTACACGGAGACGGGCACGAAGATCGAGAAGTGGGACCAGTACCACTCCGGTGAGGGGACGCCGGTCGAGCGCATCGAGGCCCTCTGGAGTCCGCACGGCGTGGTGTGCTTCAACAAGGAGAACCGGCGCAAGCCTCAGGCGGAGGCCTGGAAGGGGCAGGATCCCAACAACCTGAAGACCTACGGCGTGGGGCCGTGCACGTCCAAGGACTTCACCCTGGAGGGCAAGCTCTTCACCGGTCTGCCGCCCACCTCCGGCGCGCAGCCCTGAGCCGCCGGGTCAAGGTGGCGGCAGCAGGGACTCCACCTCGCGCAGCGGTGCTTCGTACTCGCGCCGCAGCAGCGGGTTGAGCTCGAGGGCCCGGGTGAATGCGGCCCGGGCCTGGCGGAAGATGTCGAGGCGCTCCGCCGCTGCGTGCTTCGTCCGCGCACGGCTCAGCAGGAGCCCTCCACGCAGGGCATGGGCATGCGCCAGGTTCGGGTCGAGCCGCAGGGCCCGCTCCACCTGCGCCAGGCCCTCGGCGATGGAGGTGGGCGCCCTGTCCGGAGGCTGAGCCTCCGCCAGACGCCAGGAGACCCGCGCCAGCAGTTGGTGGGTCTCGTAATAGGGATACATCTCCACGGCGCGCCGGGCCTCCGCGAGCGCCTGCTGGAGGTGTGGCAGCTCCGGGCGTCCCCGCCGCCGCGCCCACGCCGCCTCCGCCAGCGCCATCCGCGCGCTCGCGAGCCGGCACTCGACCCAGCCCGAGTCCAGGCGGTTGGCCTCTATCAGGGCCTTCCGCGCCGCCTCGAGCGCGACCGTGGGCTCCCGGCCGTCCCGCATCGCGAGCTCCACTTCCAACAGGTGGCCCCGGGTCCGGTAGAGCGGCGTCCGCCCGAAGGTGGCGTTGATGGCCGCGGAGCGCTCGAGGTCCTGGAACGCCCGCTCCAACCGCGGGCGCGGGTCCCCGTTGCTCTCGACGAGGTACTCGGCGAGCGTCAGCTCCGCCAACGCCATCTGGTTCAGCGCCAGGACGTAGTTGCCGTCGAGCGCGAGGGCCCGCTGGCCCGCCTGGAGCGCCTTGTCCACGTCCTCCTGGGGGCTGCGCCCACGCGACAGCTCGTACAGGGCCCGCTGGCCGTGGAGGTCGAGCAGGTTCATGTGCGCGAAGAGGTAGGCCGGATCACTCCGTGCCGCCTGGAGCAAGTGCTGCTCGGCCTGGGAGTACGCGTCGCGCGGATCCCCCCCGTGCTCCCATTGATGGTTGCCCTTCCATCGGTAGACCTGTGCGAGGTCGTTGTGTCCCCACGGGTACTCGGGCTGGATCTCCAGCGCCTTGCCCAGCCAGGAGATGGCCTCGTCGAATGAGTCATCCGGCGTCGCGCCCTCCCGCGCCAGCCGGAGCGCGCGCATGAAGTGGCTGTAGCCCAGCATGTCGTAGGCGTACACGTCCCGAGGGTTCAGCTTCACGGCGCGCGCGGCGGTGGCGGTCCACTCGGTGAGGATGGGCTCCGGGTCCAGTCCGCCCTTCTCGAAGTTCATCAGCCGGTACCACTGCATCAGCACCTGGGCCTTCTTCGTGTACCCCGAGGCTCGCAGCGGTGAGGCGTGGAGGCCCTTGTCTCCTGTCTCCAGCGCGCGCTCCAGCGAGGCCTTGCGCGAGCGTCCCCGCCGCGAGTCGATCACCGACTGCTGCAACCACACCTCCGCGAGCGCCTCGTAGTTGCGCGCATCACTCCGGCCCGACTCGATGGCCTGCTCATACAGGTGGCCCGAGTCCTCGAGTCCGGTGCGTGCCGGGTCGTACTCGCCCTTCTCCAGATG
CP043495.1_gap70	2391997	2393069	1072	CGCCCGCGAAGTTGGAGCAGGCCTCCGCGGCGGTGTCGCGCGAGGCGGCGCGCACGGCGGTAGCCGAGGCGCGGGTGGCGCAGCTGGAGGGCGAGCTGCAGACGGTGGAGGAGGAGCGCAGGGACCTCTCCCGGGCGCTGGCCGAGGTGGAGGCGGAGTTGCCGCGCCTCACCGGGGAGCTGAAGCACGAGCGGGACTCGCGGGCGGCGCTGGCCGAGGAGCTCGTCGGAGCGAAGGAAGCCCTGTCGCTGGCGCAGGACCGGGTAGGGGAGCTGGCGGCGGAGCGCGCCGAGATGCAGGGGGCGCTGGACGCGGTGCGCGAGCAGTACCAGGCCAACCTGGCCGAGCTGGAGAACACCCACGAGCAGCTGCAGGCGGTCCTGCGGGAGCAGGAGCTCGTCGTGGCGGAGAAGGTGGGGCTGAAGGCGCGGGTGGCGCAGCTGGAGGCGGCGCTCGCGGAGTCCGAATGGTCGAGCAGCTCGCTGGAGGAGGTGCAGGCGCGCACCCGCGAGCTGGAGTCCGAGCGCGACGCGGCGAGGACGGAGCTGGCGGAGCTGTCGCCCCGGCTGGAGACGGCGGAGGCGGAGCTGACGTCGCTGCGCGAGTCGCTGGCGCTGAGCGAGACGGAGGCGGTGCAGCTGCGCGACCGGATGGAGGCGGACGCGGCGGCGCTGACGGAGGCGGCGGAGCAGGCCGAGACGCAGGTGGCGGCGCTGCGGGCCGAGCTGGGGACGGTAGAGGAGGACCGCAAGGACATGGCGCGTGCGCTCGCCGACGTGGAGGCGGAGCTGGGACGGGTCCAGGCGCGAGCCCAACAGGACTCCGAGCGCGCGGCGGCGGCCGATACGCGGAACGCGGAGTTGGAGGGTGAGCTGAAGGCGCTGGAGGCGGACCGTCAGGACATGGCGCGCGCGCTGGCGGACGTGGAGTCGGAGTTGGGGCGCGTGCGGGCGCAGGTGGAGGAGCAGCAGGATGTGCGCGCGGCGGAGGCGGAGCTCGAGGTGGAGGAGCTGGACGCCGACAGCCAGGCCCGCGAGGCCGAGGAGCAGGCGGAGCGGCTGCGGCAGCGGGT
CP043495.1_gap71	2396538	2400132	3594	GAGAAAAAACGGTTCTCCAAGAGTTTCGGGTACTTAGACTGAATTGATGGGGGGTCGAAAACCATCAATTCGGGTCTCCTCTGGCGCTCGCAGCTACATTCCCCACTACACGGGGCACGCACCCGAGGTGAAACCGACTACCGGGGTCGTTCAGGCGAGGTGTCCCGGTGGCTCGGTTCAACGGAACGAATTCACGACGAAGACCCCAGCGCGTGAGAATTCGAGGATGGCCGTTCCGGGCTTGGACTCGGGCATTTTCTGCATCTGACCGTGAGCGAGCCGAGCCACAGCGCAAAGGGGGAAGGGCTCGCCGTCCGGCGGGTGTGCTTCGTAGTACCGGACGACAACTTGTGGGCCGCCCGTCCACACCCGCCCGTAGAGACGGGTTGCCGGGCCAAGGGGCCCGAGACTTTCGGACAACATGCTCTCCACAGGCCCATCGTACAGAGTGATGGGGCTGGTGAGGGCCTGATTGACATCGAGGTCTACGACCGCACCGTCCCCCACGCGCAGGTTGAGAATCCGCATAGCCTTGATCGCCTCCTCCGGGCACTCCTGTGGGCCTGGGCTCCCATCCGAGCGAAGGGAAACGCCACCTGGGGTCGTACAGCCGGAGCACATGCACAACAGAACGACAGAGGCAAGAAACGACGGGCAGGTCGGAGCCATGTGAACCGGGTTTACAGCCCAAGCATGTGTCGATCCAGAAAAACCCAAGCCTCCCGAACCCCGCTCCCTCGGCGGAAGAGTTCTAGAACGAGCCGGTCGGGGCCATCCTTCAAGTCAAATGCGCTCGCGTCAAAGACGACGGCAATCTTCCCGCTTTCACCACCGGGCCCCCAGGATTCCTGGGTAGCACGAAGGGCAAACGGCCTTTGCTCCCCGCTCCCCTCAGCCACCAAGCGCGCTTCCATCAGGCTCCAAGTCTCGGATGGGCTGTTGTTCTTCAAGTTGATGATGATGGCGACCTTATCGGGCTTCTTACTCGTAAGGGCGGTCACCAAGATTTCAGCACCCCTGGGGTTCTTCGCCAGCGAGACGTACTGCTTGACGAAGGGGGTCATTTTCAACGCGTCCCTTACCAGGAGTGCGGCAAGGGCATGGTCAATCGAGGACGCCTCCTTCCTGAAACGCTCGTTCTCTTCATCAAGAACCCGCTCCCTTGATTCGGCATACGTCAGACGACTCTTGAGCGCGCCCTTAGTCTCGACGTCCGGAAAGACATTTACCTGATGGTCAAACTGCTCGTTTCGAGCCGTCACGGTGAAGGGCAGTTCCTTGCCATCCGCAAGCGTCACCACCAAGAGGAAACCATCCTCGGGCTTGAGGTCTCTGAGCGGTTCTACGAGCACTTTCTTCCCGACGCATTCCACGGGCTCGAATCGGCCTTCCCAGCCCAGCATCTTCGTTCGTTCCCGGTCACAAGGTTTCTCGAAACGGAGGACGGTCACCATCTCACCCGCTACGTAAACCGAGGGCACTTCCGCCTTTCGTTCGTCCGAAAGGTAGACGGTCCGAGAGATCGGCTCGCGTTCCCTCGCCATGGCTACGGACGCCAGGAGGATGACAAGTAGGGGAGACCGGAGAGGTAAGGAGTTCCGCATATCGCGGGTTAACCTACCAGATAAGGGGCGCGAGCGGCCAGCCCCCTGTGAGCGGGCCCGTCGTAGCGTCTCGAAAAGAGACTGCTCTACGCTGGCCGCATGAAACACTTGACTTCCGTTGTGTTCGTGGGCGTGGCCCTGCTTTCGGGGCTGTTCGCGTCCGGTTGCTCGGCTGGGGCTTCGGCTCTGGGTCCGGCGGACTGCCGACCGGGAGACTCCACTATGACGTGCTGTATCAAGAAACACCCTCTTGACCCGGTAGGGGCCTGTGGCGCCTCTCCCTCGGAGGTCGAGCAGGTGCTAAGAGCCGTGCGCGCCGACGTGGAGTTGGACGTGGACGGAGACGACTTCGCCAACAACAAAGACCTACCGGAATGGAAGCAACGGTGCATCAAAGCCTATTACTCCTGCCAGCAGGATGGATGGACCGGCAAATGTGACGACTGCCTCCGATATTGCGAGGGACAGCACGAGTGGCCAATCCGCCAATGCAGGCCGCGTAAGTGAAGGAGAGCTAAAACATGAAGACAGTAGAAGCGGAAGAAGGTGACTGGCACGAGATACGAGTGCTGGACAACCGGATTCAGCGGGGGGAAGCTCTGGAGCTAACCGATGACGTGCGCGATCTGCTCAAACGCACCGCCCCAACGGTAGCTATCCCCGAGACCGATGTAGAAACCGCCCTCGCCAGTGTGGACAGCGGCGTTGTTCTACTCCATGAGATCCGGCGTCGCATCACTGAGGGCTCAAACCGACTGGTTGATGCGCTCCATCGGATGTACCGGCTTCGGGAAAAAGGGGACCTTGACGGCGCACGTCAACAAATGCGCGATGTTCTCGCCGTAGAGGTTGTGCCGCTTTACCGCGAGGTGGCCGAGGGGGAAATTGAGAAGCTTTCGTAGGGATTACATGGAGGAACATACATGCCGTCTAGCAATGAGTGGCGGGAATGGCACCTGACGCCTCGCGGGTGGGAGCGCGGAGACCTCAAGCTCGACAACTCCGAATTGGAGAAGAAGCCACTTCCCTCCGACCGCGTCTTGACGTGCATCTATTCGGAGGAGATGCTCTCCCCAGTCTCGGCACGCATAACAAAGCGCATGGATGAAATGTGGCGCAGCGAGGACGAGCAAGCGGTAGAAACTCTACTCAAGCAGCACGGCTCGTGTCCAAGATCGCTCCACTAAGATCATTCTTTTGATGCCTTCTTTTGAGTTGCGGAGAGCCCTTCCCGCTGACGTGGAGGGGCATCGTGGAGCGTACGTGCTGGGCCAGATGGACGACGAGAATTTAGCGACCTCGATAACCCCCCCTCAGTCGTGACCGGTTCGTGGCTGTGCGCTCGGGAGTAGGACACAAATCGCAGGAGCCCCGCTGATCGTCGTTGAGGGCCTGGGGCATGACACGTGCCCAGGGACAGCCTCCGAGGCTTGGCGGGCCCTTCCCGGCGCCGTGGAGGGCATCGCGGCTCGTACTCACCGGAGCTGCTTCCCGATAGTCGGGGCAGCCGAAACGGGAATTCTGCGAACCTGCTCGCCTGTTCAGCATGAAAACAGGACCCGGTGTCTTCGGGTCCCGGTCACACCCGAGCAGGGCCATGAGTTGTTATTACAAGGTCAATGAGGACCCCACACTACCCGACACCTTCCAGGACTTTGAAAAAGCATCGGGGCGTCTTTTGGGGGCCGAGTGCAGGGTCACCATGATGCGGCCTCATAAGCGACACGGGCAGGCCCAGCAGGGGGTTGATTATTACGGCTGCGACGCTTCCGGAGCGTGGATAGGTGTCCAAGCCAAGCTGCGCAGCGGTTCCAGGGTGCTGTCATGGCCCGACGTTAAGAGGGAGATCAGAAAGGCTGGGCGATTCGAGTACAAACTCAGCCGGTACTTCATTGCTACTTCAGCCCCCTTCAACGCCAGATTGCACAAGCTCGTGGAATCCTGCTCCCGACGCCGCGTCAAGAGAGGGCGGTTTAGCGTCCAGATTTTC
CP043495.1_gap72	2402625	2406751	4126	AGCCGGTTCGGGCATGGGCGCTAGGTTCGGCGCCCATTTGCCCGAAGGCGAAACCCTAAAGGTCCAACTTGTGCTGCCAAGATCTGTCATTGCGCTCTAAATACTTTATGGCCGCACCAATGGCCTTAATCAGATCCCGGTGTGTCGTACCTAATTTGTCGTTCCACTCCTCAAGCTCCTTTGCATTTCTGCACTTGGCCGCATACCCGACAAAGGCAAATGCATCACGCTGCTGGTCAGGGGGACTGAATTGAGTGGCTGCATAGATAGCGCCGACTATGCTGAAAGAATAAGCCTGACTGTCGCTCCAACGGGTGCGTCGTCCGTCTCTATCCCTCGCTTCAAAACCCTTACACCAGAACTCAGGATGCTGAAGTGTCGAAAGAACCCGCTGCAACGCACGAATGGTTGCGGCGTTCGGCTTCTCTTTAGGTGGGCCACCCCGCATCAAAATACGATACCGTTCCAACTCGGTGGCAAGCCGCTTGGCTGCCTTGTAGGCTTCTTCCAGGTGGAAATTGATAACGACCATGTTCTGTTTGCGTCGGTTTTCGGTTGCGAGCGGGTGCAAAAACTGACGGCGCGCATCAGCGGCTTTATCCACATCCCCGAGTATGCGCGTTGCGGCCATGTGCCACGGCAACCGAGCATCTGCTGAGACGTGGGGAATCTCGCCTTCACGCAGTAATTCCAGAATCCGCTCGCACCTTTCGTGAAGCTGAGGGACAAACTCGGGTGCCTCGAAATGCGCAGAGCTTGGCGTCTTGCTCCATTCGGTCTGCGAGTCTCGCATGAGACTCAGTGCAAACATGACTTCCCGGAATTTCTGCTCCAATGAAGAAGCGTCGCCCTGATTCATGGAGGGGATACATAGCACCGAGAATAGCGAAAGCAAGAAGCAAGCCAATGGTGGGCGGCCACGCTATAGCTCTCGGTCCCGACCCGAAGGGAGGGAAGTACCTGCCTGCACTCATATCAAATCAAAATTGACGCCATGGTTCGGGAGGGGAAGAGCAAAGGCGTCCCATCCAATTTTTGCGAGACCTAACCCCTTGAACTCTCTCCCCTTCTTCTCTCTTCTTCTTCTATTGGTAGGGTAGATAGGGTAGAAGAAGAGTAGAGAGAGATGTAGTGTAAGATATATAGTATATAGATATAAGAAGTAACGAATGTAACGGTAGACACATAGGGTAAGGAGTAGGGGACAGGGTGTGCCAGCCCATCCACCCAGCCGGTTCGGGCCTGGGGCCCTTCTTCCGGTGATTGGCGGCACGTTGAGCGGGCATCCCAGGGGGCCACTAACCCCAGGGCTCCCCAGCCAACCGCCCTCCCGAGGCTCTTTGACATGGCAAATAAACGGCTGTAATCGGGCTGGATGCCGTTGAAGCAGAAGAAGAAATCCAGGCTGACCTTTGCTGACGCTCAAGCCGTCCGCGCGGCAAGGGAGCAAAACCCCGCTCTGACGCTGGCCGACCTTGCTGCCAAGTTCGGAGTTACCCGCATGAGCATTTCCCGAGTGCTCCGGGGAGAGGTCCACCAGGAAGAAAAGGGACGGAAACTCCTCCCCGAGGACGTTCAAAAACTCCGCTACTTGGCGCGGACGGATACCTTGACCCAAGGGGACTTGGCGGAGCGGTTCGGCCTCTCCCAAGGCGAGGTGTCGCGCATCGTCAGCGGGCAGCTTTACGCGGACGTACCGCCCAGCGCCGAGGAACAGCCGCAGATTGCCCGCCTGGAGGCGATTGCCGAGACGGTAGAGCGCGAGTACGCTCGGTTGATGGCGAGCATCCCGCGCGCATAAGGGGCCCTCCCGAGGCGCGGAACAGCCCCCGGCACCGGACAGCAGCCCGGACCGGGGGGCTTCACAGGGGGTGCATAGCGATGCGTTGGCCCGATTCGCTACAGCACCCGCTCGACTACAGATTCACTACACGAACAATTCGCAATAGGGCCTAACCCCTCGGAATCACAGCCCCTTTCAACAAAACTCATCGTATCCCTCTCCCAGAGGGAGAGGGGACTCGAAACGGAAACGGCGCGAGCAGGACGTTCGCCTGCTCGCGCCGCGTGTGTCCGGCCGGGGCCGGGTGCTCCGTTACTTCGGCTGCTCGGCTTCCTCGCCAGCGACCTTCAGGATGTTGAACTCGACGCGGCGGTTGTTCTCACGGCCCGCCGCCGTCTTGTTCGTGTCCACCGGCTTCGTCTGGCCGTAGCCCACCGACTCAAGGCGCTCCGCCGCCACACCCTCCTTGATGAGGAAGGCGCGCACGTTGGCCGCGCGGCGCTCCGACAGGTTCTGGTTCTTGGCCGGCTTGCCCTGGTTGTCCGTGTGGCCTTCCACGCGCAGCAGCTCGATCTGCGGGTTGGCGCGCAGCACCGACGCCACCTGATTCAGCAGGTCGAACGACTTGGGCAGGATGACGTCCTTGTTGGTGGCGAAGTACACCTTGTCCAGGATGACGATGCGCTTGGCCTCCAGGCGCACCTTGGACTTGCCCTCGTCGGGGCAGCCATCCTCGTCCTTCACCCCGTTGATGGTCTCGGGCTGCAGGGGGCACTGGTCCTCCCAGTCCGGCACGCCGTCCTTGTCGTTGTCCGGATCCGGGCAGCCGTCCTCGTCCTGGAAGCCGTCCTTGTCCTCGGGCTGGGTCGGGCACTTGTCCTGGTCGTCCATCAGGCCGTCCTTGTCCGAGTCCACCGGCTCCTTGTCCGGGCAGCCGTCCTCGTCCTGGAAGCCGTTCACGGTCTCGGGCTCGTTGGGGCACTTGTCGTTCGTGTCCGGGATGCCGTCCTGGTCGTTGTCCGGATCCGCGCAGCCATCGTCGTCCTGGAATCCGTCCATGTCCTCGGGGCCCTGGGCGCACTGGTCCTTGTCGTCCGTGACGCCATCCGCGTCCGAGTCGGCGGGCGCGGGCGGAGCGGGGGGCGGAGCCGGAGCACGCTCACCGGGTTGCGTCCAGTCCACCCCGGCGAAGAGGCGGAAGCCCGGGGTGCCGTAGCCGCGGGTGAGGCCCGGGCCACCGCCCACGTGGGCCGCCAGTCCGGGGGTGATGCGGTACTGCACCGCCGCGAGGAGCTCCAGCGGACGCCCCTCCATGTCCTGGTCGTTCAACCCGAAGGCTCCCGCCAGGTTCGCGCGCACCGCGAGCTTCTCGGTCAGGGGCACCTGGGCACCCACCGCGAACATCAGCTCGGTGCCCGTGCGCAGGTTGCGCACCTGCTGCTCGGGCTGGAGGTTGGCGCCGAGGTTGGCCACCAGCCGCAGCCCGTTGCCATTGCCCCACTCGCCCACCAGCTGCGGACGCGCGCTCACTCCCGCGCCGCCGCGGAATCCATTGCCGCCCGCGCTGGGCAGCAGGACGGGCACGACCACGCCCAGGTCGAACCCACCCGCCGTCAGCAGGTGGGCCTTGGGCACCAGCCGCAGGTCACCCAGGCCCGCGCCGCTCACGCCGTTCTGGAAGGCCGGCGTGACGGAGGCGCCGCTCTCCGAGGACTGGTACGTGATGGGCAGTGCCACGCCCAGCTCGAACCTGTCCCACAGCGAGATGGAGCCCATCAGGTCCACCGTCACCTGGTTGGCGACGATGGAGTAGATGAAGTCGTCCTGACGCGGGTCGAGGAAGCCCAGCGGGTTGCTCGCGTAGTTGAGCGAGGCCGCCAGGTGCCAGCCCAGGTGGCCGTCCACCCTGGCGCCGTGGACGCCGAGGATGTCGGTGGCGCCCGGGCCGGGCTTGTAGCGCTGCACGTCGATGGACTGGGACAGCGGGGACGGCGTGGGACCCTGGGCGTCCGCCGCCGGAGCGGCCAGCACGCCCACGAGGCCCAGCAGTCCACCGGCCAGCGCCGTGCCACGGCGCGAGGTGCGGCGCAGGGCGGGCATGACGAGTAGCACCAGCGCCGCCAGCCACACCAGCGGAGAGCCGCTCCCCGAGGTGCTGCAGCCACGGCCGGCGATGATGAAGTCGTCCGTGTCGTCCAGCGGGTTGGTGTTGAACTTCACCTCGTCGCCGTCGGACAGGCCACCGTCGTCGGTGTCCATGTCGCTCGCATCGGTCTCGCCCGAGTCCAGGCGGCCATTGGCGTTCTTGTCCTCCTCGCCGTCCTTCAGGCCGTCGTCATCGCT
CP043495.1_gap73	2411351	2416145	4794	GAGGTGGTTGCAACTACAAGCATGTGGCGGAGGGAGGCGTGCTTCCCGAGGGGGCGAGGGAGCGTGGCGGAACGCCTCTGTGGCGAAACGCCACGCCACACCCATGGGGCGGCGTGCGCCCACCTGATATGAGCGGCGCCCATGAGCATGATGAGCTGGCTGCTGTGGATGGTCCTCTCCTCGCTGACGGGCAGCCCGGTGCTGTCCGGCCTGGCGGTGCTGGCCCTGGTGATCCTGGTGGATCGCTACACGGTGGGAATCCTCCCCAGCCCGTTGAGGGCCATTGGCCGGTGGCAGCGGGCCTCCAAGCTGCAGCGGCTGCTGCAGTCCAACCCGCATGACCGGCGGGCGCGCTACGAGCTGGCGGACCTGTGGGTGCGGCGGGGGAAGTACGCGGCGGCGGTGGAGGTGCTCAAGCCGAACCTGGCGGCGGGCGACGACGATGTGGGAACGCTGTTCCTGCTGGGGGTGGCGTACCTGGGGGCGGGTGACGCGGCGCGGGGTGAGCTGTTGCTGGACGAGGCGGCGAAGCAGGAGCCGGGCTACCAGATGGGGGCGGTGGACCTGGAGCGCGGGCGTTTCCGGATGGCGCGCGGGGACACGAAGGGCGCCATCGAGGCCCTGAATCGCCTGCGCGAGGCGCGGCAGGGGACGGTGGAGGGGCGGGTGCTGCTGGCCCAGGCGTTGGACAAGAGCGGCCGGGACGCGGACGCGGCGCTGATGCGCGAGGAGGCCTGGAAGGAGTACGTGGCCGCTCCTGGCTTCCAGCGCCGCCGGGAGCGCCTGTGGGCCTGGCGGGCGCGCCCCAGCCGGCCCCTGGCCTACGGGGTGGCCCTGGTGGCGGTGCTCGCGCTCGGCATCTCCGTGTTGAGCAGGGTGACGGCCCCCGAGCCCTCGCCGGACGGCTACGGCTTCTACGACGACCCGGGTATGGCGTCTGACAACGAGTAATCCTGCTAAGCTGCGACTTCCATGTTTCCGACCCCCGCCCAGGTCCTGAGGCAGCGCGAGGGGGCGCTCGCCGAGACTCCATTTCCCCTGCTGCTGCACGCGCTGGCCATCGAGGAGCGCACGTGCACGCTGGAGCTGAAGGTGCGCCAGCGCGAGAAGCGCATCACCTTCGAGGACGGCGCGCCGGTGGCGTGCTCCAGCAACCTGCTGCACGAGACGCTGGGCAAGTTCCTGGTGGAGAAGGGGAAGCTGTCCGAGGTGGACTACCAGAAGGCGCTGGCGGAGAGCGTCCAGACGGAGGTGCCCATCGGGGGGCTGCTGGTGCAGAAGGGGCTCATCAGCCCGTTCGACCTGTACAAGCAGATGCAGGCGAACATGGCGCTGAAGCTGCTGGACTGCTTCCGGTGGACGGACGCGCGCTTCCGGCTCATCGCGGACATCGAGCCGCCGGACACCAGCGTGCGGATGAACACGTCGCAGCTCATCCTCACGGGCATCTCCACGATGATGCCCTTCGACGAGGTGGCCACGCACTTCACCTTCACGGATGACCGGCACTTCGCGCAGGTGCCGGGCGTGGAGGGGCCGAGGCTGTCCTCGAAGGACGCGCGGCTGTTCCAGGCGCTGCGCTTCCGGCCCACCTTCACGGAGCTGCAGCAGCGCTCGGGGCTGGACACGGATGCCACGCTGCGCCGGCTCTACGCCTTCTGCCTGCTGGGGCTGACGGACTTCGCGGAGGAGGTGGACAAGCGTCCGCCACCGGCGCCCTCGGCGGTGGCCGCGGCGCCCATGCTGGGACCGGCGCTGACGCCCATGCCGGGCTCGCTCGAGACGGTGGATGTGGCGGCCCTGGCCCAGGCGGCCACGGGGCTGCCGTTCTCGGACGAGGACGAGGCGGTGAAGAACGCGCTCCTGAGTGCCTTCATGTCGCACCGCAGCCAGGATCCGTTCGACTTGCTGGGGGTGCCGGAGGACGTGCAGCCGGTGGCGCTGCGCAAGGCGTTCCTGGCGCTGACGGACAAGTTCTCGCCGCTGCGGTTCCAGACGGCGGACCTGAAGGAGAAGGCGGAGGGGCTGCTGGTGGGGTACGCGAGGGCGTACGGGGCGCTGTCGGAAGTGGAGCAGGCGGCGCTGTGGCGCAAGCGGAGGGCGGCGGCGCGGGAGAAGAAGGTGGGGACGGGGCGGCCGTCCACGGCGGAGCAGTTCCGCATCCGGACGGACCTGCTGGACGCGAGCACGCAGTACGATGAGGCGCGCAAGCGGCTGAAGGCGGAGAACTACGCGGGTGCCTTCGAGTACTTCGAGTACGCGTGCGACATCGACCCCAAGCCGGTGTACCGGGCGTACCGGGCGTGGGCGCGCTACCTGATGAAGCCGGAGTCGCACGGGAAGCTGGCGCTACAGGAACTGCTGGACGTGGCGAAGCAGGATCCCGGGTGCGAGGAGGCGTGGTTCTTCACGGGCGAGGTGTCGCGCGGCGAGGGGCAGTGGGCGCAGGCGGAGGATGCGTACCGCAAGGCCTTCAAGCTCAACCCGAAGAACCGGCAGTACGTGGACCTCATCCAGGACACGATGAAGCGCGTGAAGCGCTGAGCTCACGCCAGGGGCGGGTGCTCCGTGGCCTCTCCGGCTCCGGGCCGCTGTCCTGGCGGGAGCAGCAGCACGAAGCTGGAGCCCTCCCCGGGGCGGCTCTCCACGTGAATCGCCCCGCCATGGGACTCGGCGATCTGCCGTGCGAGGAACAGCCCCAGGCCCAGCCCTCCGTACCTGCGGGACGACACCGCCCGCTCGAAGCGCTCGAAGATGCGCTCCAGCGCCTCGGGGGCGATGCCGATGCCATGGTCCCTCACCGCGATGCGCACCAGCCCGCCCTCGGCGGAGGCGTGGATGTCGATGGGGTGCCCGGCGCCGAACTTGAGCGCGTTCGCCAGCAGGTTGATGAGTGCCTGCTCGATGCGGCCCCGGTCCCACCACGCAGTGAGGCCCGGCTCGGCCTCCAGGCGCAACGGACTGCCGGCCCGCGCGGCCTCCTCGTCGAAGGTGTCCAGCACCTGCTCCACCAGCTCGGCCACGTCCACCGCTTCCCGGTGGAGCTCCAGCTTGCCGGTGGTGATGCGTCCCACGTCCAGCAGCCGCTCGACGAGCTGACTCAGCCGCTCGAGCTGGCGTGACGTCGCACGGACCTTCTCGCGCGCGGCCTCGGAGGCCCGCTCCCGGCGCAGCAGCGTGTCGAGGCTCCGCATGCGCAGCGTGAGCACGGTCAGCGGCGTGCGCAGCTCGTGGGCGGCGATGGCGATGAACTCGTTGCGGGCCTCGATGGCCTGTTGCGCCTCCGCGTACAGTCTCGCGTTCTCCAGGGCCATGCCGCAGCGGTAGGCCAGCTCCCCGGCCAGGGAGAGCTCCGCCGCTTCCGCGCCGTGGGCCCGCTCGTCGCTCATGAGCACGAGCACTCCCTGGACCTGGTCCCGGACCCAGAGCGGAGCCAGCACCACCGTGCCCTCCCGGGTGCTCCAGCGCCTGGCGGTGGTGGGCAGTGGCGGCACATACCCGCGCAGACGCGCCTCCCGGGCGGGGCTCCATCCCGCCTGCGCCACCCGCTCCAGCAGACCGTTCCCACCCACCAGCCACACCGCGCAGCCCGCGCACGTCCGTGGGACGACGAGGCGCGCCACGCGCGGAAGGGTCTCCCGGACGTCCAGCGACGCCGCGAGCACCGTGCCCGTCTCCACCAGGAGCCGCTGGAGCTCCTCGGTGCGCCACCGCTCGGAGACCACCGCCGCCAGCGTCAGCGCCGTCAGGCCGAGGATCGCCAGGAAGACCTGGAGGGTGAGCAACTTCTCGGGCTGCGAGGCGGCCAGGGTGTTGAAGGGGCCTCGCCCGAGGAGGGTGTGCCAGAGCGCGATGAAGGCCACCACCACCGAGGTGCTCGCCGCACCCAGGGGCCCTCTCCGCAGCGCTCCCCACAGGATGAAGAAGAAGGTGACGTAGATCAGCGAGGCCCGGAGCCCTCTGGGGGCGGGGTGGCCGAAGATGAGGTGCGCACCCAGCGCCGTCAGCGACATCATCACCCCGAGCTCCGCGAGGTGGCGGAACCGTCTCGAGCGGAAGGCGGCGGGCGTCCACGTCAACAGCAGGGGCGCGACGAGGATCGTCCCCAGCCCATCACTGAGCCACCAGTTGGCCCAGTCCGCCAGGAAGGAGGCGGGTCTGTTCGAGAAGGTATAGCCGAGGGCGCCGAGCGTGGCGCTGACCAGGGGGCTCACCAGCCCTCCGAAGAGGAACAATCCCGCGAGTTCCCAGCGGCGGGTGAGCCGGATGTCGGTGCCCACGAACCGCCGGATCAACCACGCGCCCACCAGGGCGCGCAGGCAGTTGGCCAGGCCCCAGATGACGACCGTCCAGAAGGGGATGGGGAAGCCACGGAGCCGTATCGAAACGAGATCGGCCAGGAAGATGGCGGCCAGCAGGACAGGCCAGCCCTGGGGCCGGGTGCGCAGCAGGAAGGCCAGCGAGAGCCCGCTCGGCAGCCAGAGCACGGCACTGGGGTGGGGCGGGATGACGAAGTGGTTGGAGAACCATCCCGTCACGATGAACGCCGCCCCGAGCACCAGTGCGCGGAGCCACACTGTCCTGGAAGGTTCCATCCTGCCCCCACCCGGAAGGCTATGCCCCGCTTCCCAGGTGCACTTCCCACGAGCAGGCGCCGGTGCTCTCCTGCCTGGAGACGGACCTGCCCAGGCTTTCCGGTCAGGCCCGGGTGCCGCGCGGCTTCCGGGCTGGGGCCGGCGGGCTCTCCGGCTTCATGCGGATGCCGTCGAGAATCACTCCCAGCATGCGGGGGTA
CP043495.1_gap74	2428518	2430534	2016	CCGCTGCTGCACGGCCCGCGAGCGCCGGGACTCCCGCAGGTGGCCGCACGCCACGGAGAGGATCCGGGCATCGGCTCGCTCCTCCGACACCTTGTCGATGCACCGCGCCAGGTAGTCCCTGCGCCCCCGGAGGGAGGCGGTGCTCGACTGCGCACACAAGAACCGGTTGAGCTCCACTCCGGTGTCCGTGGTGCCGAGGCGCTCGGGGGCGAGATCCTCGTAGACGAAGTCGAGCATTACCGCGTCGCCGGCGTACCGGCGGGGCTTCTCGAAGCCGCGGCGCGTGAAGGGCTCCTGCCGGACGAGGGAATGAACCGGGTGGGGGTGGCACGTCTCGATGCAGAAGCGCCGCCAGTCCTCGGGGAGGAGCGTGGCGCGTGCATGTCCCAGGGATGAGAGCAGGGTGCGCATGCCCTGGGAGACCTGCCCGCCGAGTATCTGCGCATGGGCCAGGTCCAATCCTTCCGTCAGGGGAGCCCGCCACCGCGAGGCCCACTCCTCCGTCACGTTTGATTCGTGCGAGTTGCCATTCACCTGATGCGCGTGTGCCTGCATGTCATTTCTCGTTGGCTCGCCCCCCTCTCCCCCCCAGGTGAGGGCTCCTGCGCCTGGAGGTCCGTTTGTATGGGCTGATGCCCACGTTGAGTAAAATGGCTCGTGACGGTCCGCCTCTTCCTCGGGAAATGTCTCCTGCCTGCTGCCCTGGCGGGACGGTGCGTGAGAGGAATCATCCGCGCGAGGCTCAGAGCACCTTGCTCGCGACGGTATCGAAGAGGAGGTTGGGCACCCACTTCGCCACGCCGACGGCGCTGGCCATCTGCCAGGGGAACCCGTACTCGGCCTCGGCGCGCAGGATGGCCTGTCCCATCAACTCCACGGCCGCGTCCGCCTCCAGGAGGAAGGGCATGGTGTGCTGGATGCGGGCGGTCATCTCGGTCTTCACGAAGCCGGGCTTGATGCAGGTGACGCGCACCCCGGTGCCTAGCAGGTCCACGCGCAAGCTCTCCAGGAAGGTGTTGAGGAAGGCCTTGGAGGCGGAGTAGGCGGCGTTCTGGGGAAGACCCCGGCAGCTGGCGAGGCTGGAGACGCCCACCAGGTGCCCGCGGTTGCGCTCCACCATGCGGGGCAGCACCGCGGACAGCGTAGCGGCGGCCCCGGTGACGTTCACGTCGATGACCTGCTTCGCATGCTCCCAGGGGAAGTCCCGGGCGTTCGTCTGCCCGCCCACGCCGGCGTTGGCCACCACCAGGTCCAGGCCGCCACAGGCGTCATCCAGCGCGCGGATGCGCTCGAGCGTGGCGTCCGCGTGCGAGACATCCAGCTCCACGGGCTCGACGTGGGCACCGGCCGCCGTGGCTTCTCGCGCGAGCGCCTCCAGGTGGGCACCGCGCCGGGCGGCGGCGTACACCTTCACGCCCCGCTTGCCCAACCACAGCGCCAGACCGCGGCCGAGGCCGCTGGAGGCTCCCGTCACCAGCGCCGTCCGATAGCTCATCTCGTTCATGGGCTTCCTCCTGGGCCGGAGCCTGTCGCGAGGAGCGTGGAAGCGGCCAGCGGCGATGGCTGCATCTGTTCTCCACGAGAATCCAGCGGACGCCGTGGCGCCTTCTTCCCCGTTCGGCTTGTCAATACCACTCAGGTGGTAGTGACAGCGTTTGTTGGGGTTTGTACGGGAAGAAAGACTCCATGGGTTGTGTCACCATGACATCCCTTTCCCTTCCCCGCCGAGGAGCGACCGCATGAGCCGTGACTCACGTGAACGGACACTCACCTCCAAGCTGACGGAGGCCCTGACCAGCTCTCTGAACCTCTCGGAGGTGTTCGCCAACGCCGAGGACCTGCTGTTCCGGCTGACGCCAGCGGATTACATGGCGCTGTGTGTGTCCCGGCCGGGCCTGCAGGGTGATTACGACTGGTGGGTGACGAAGATGCCGGCCCCGTTCCTCGCCCGCTACTCCGAGCTGGCCGAGCATGACTTCGTGCGCTGCGCGGTCATGCGCGAGCGCAACAAGGTGT
CP043495.1_gap75	2436432	2440354	3922	CGGGAGACCTGAGACATGGCTGATGACAAGAACCCGAAGTCCCCGGGCACGGGAGTGCCCTCCTCCGGCCAGGCCCGCCCGGCGCCGCCATCGAATGGCCCCAGGGCTCCCTCACAGCCGGCCACCACGGCTCCCCCGGGAGTGCCCTCCCGTCCCTCGGCCCCTTCGGGTCCGAACGTCCCCCGGCCGGCGGCTCCGGCCCCACAGGCCACCGGCCCGGGAACCGCTCCGCCTTCGGGGATGGGCCCCGCGCGTGGCGCACCCGCTCGTACGCCGCAGCCGGCCCCCGCGAAGGCTGGGCCGCCTCCGGGGACGGACGCGACTCGTGGCGAGCGCGCTCGTCCCGCCACGCCGGTGGAGCCCAAGGCGCCTCCGGCTCCGGAAAAGGACGCTTCGGCCAATGAGGTCGTCCGGCAACTCCCGGAAGATGTGTTCGGAAAGTTCGAGGAGCTTCAGCGAGAAGCCAACGAGGTGACCGCGAAGCTGGATCCCGAGCTCGAGGGGGCGGTGGGTTTCACCCATTTCGACACCGCGTCGAGCCAGGACAACCTCGTCACCGTCCTGATGACCCGGGATGATCTCCACCTGCTGGCCTCCCAGACGCTCGTGCGGGTGAAGTCCAAGGAGGACAAGCGCATCTACCTGGGCCTGGTGGTGCGCGGTCCCTTCGCCGAGCCCGATGCCGTCTCCGCCAACTCCACCATCGCCGTGGGCGTGGTCGTCCAGGGCAAGAAGCTCACCTATACCTTCGATTACCACGGGCGCGCGGAGATCGAGATCCTCGGCGAGGAGCTCGACGGGAAGCTGGTTCCTCCGGGGCGCCGGCCCAGGCCGAAGAGCCCCGTCTTCCTCCTCGATGAAGCGGAGAGCGAGCGTGTCCTCGGCATGAAGGGGAACCTGTGTCTGGGAATGGTGGTGGGCTACAAGAACATGGAAGCCCGCTTCGACCCCATGGACAAGTCCGTCCTGCCCCGCCACACGGGCATCATCGGAACGACGGGCGGAGGCAAGTCTACGACCGTCGCGACGCTCATCCATCGGGCACAGAAGGCGGGAATCGCCACCATCGTCTTCGACGTGGAGGGGGAATACACGCATGTGGACAAGCCCACCGAGGACCCGGCGATGGGCGAGGCGCTCAGGCGCCGCAAGCAGCAGCCCGAGGGCGTGAAGGAACTGCACATCCATCACCTGATGGGCCGGGACAGCCGCAATCCCAGGCACAGGAACCTGCACCCCTTCGCGTTGAACTTCTCGAGCCTCTCGCCCTACGCCATCTCGGAGATCCTCGGCCTGTCCGAAGCCCAGCAGGAGCGCTTCCACAAGGCCTACGACGTCACGAAGCTGTTGCTGGAGGAACTGGGCATCTACCCGAGGACCGCCGAGGAGCGTCAGCAGGTGTTGGAGCTCGATGAGCTGTCGACGGGTTACCCGCGCATGACCATCCAGCACCTCCTGGACGTCGTGAGTACCTACATCTACAGCCTGAGTGACGAGGGGAAGACGGAGAGCCGGAGCCGCTCGAAGTCCTCGTCCCGGAAGGCGAGCAGCTCGTCGGAATCGGGTGAGGGCGCCGAGGCCGAGGAGCCGGTCCAGCCGAGCCTTCCTCCGCTGTACAGCGAGTTCAAGCACCACTTCGGCCGGGTCATGGGCCGGGTGATGGCCCATGCGAGCCGGAACGAGATCAGCTGGAAGGCGCTGGCCAGCAAGCTCCACTCCTTGCGCCGCCTCAAGCTGTTCGATGTCGGCTCGGCGCCCGGCGTGGACTACGGCTCGATGCTGACCCCCGGGCGGGTGTCGGTGATCGACCTGTCCGATACGGATTCACCCCAGCTCAACAACCTCGTCATCGCGGACATCCTCCGCGGGCTCCAGGAGATGCAGGAGGCGCGCTACCAACGGGCCAGTGAGCAGGGACGGTCCGTCACACCGGTGCTCATCATCATCGAGGAAGCGCACGAGTTCCTGTCGGCCAGCCGCATCTCGCAGATGCCCGTACTGTTCGAGCAGGTGGCCCGGATCGCCAAGCGTGGCCGCAAGCGGTGGTTGGGGCTCGTCTTCGTCACCCAACTGCCGCAGCACCTTCCCAGCGAGGTGCTGGGTCTGCTCAACAACTTCATCATCCACAAGATCACGGACAGCGCGGTCATCTCCCGGATGCAGAAGACGGCGGGCACCATCGACGAGAGCCTCTGGAACAAGGTGTCCAGTCTCGCGCCCGGACAGGCGCTCGTCTCGTTCAGCAGTTTCACCCGGCCGTTGATGGTCGCGGTGGACCCGGCGCCGGTGAAGCGGCTGCTCGTGGAGTAGCCAGGAAGGGGAGGGCTTCTACCACTTGGGGGGGAGGGACTGGAGGCTCCTCGAAGTCCATCATTGGGCACATCCTTTGAATGGATTCGAGGAGGAAGAACATCCATGGACCTCGACTCGCGCGAGCGGGCGCTCACGTTGGAACTGAAGGATGCGCTGGCCAGCACCCTGGAGCTTCCGGTGGTGCTGTCCCGGGTGAAGGACGCGTTGTTCCAGCTGCTCCCAGCAGAGCACGCGGCGTGGTGCGTGACCAGGAGGGGCTTCCCCTCCGATTATGAATGGGTTGTGACGGACAGACTGACCGCGTTCCTGGCCCGCTACCGCGAGATGGCAGGAGAAGACTTCGTGCGCAGCTCCGGAGCTCACCAGCCCAACGTGGTGTTCCGGGACTCGGAGATGGTTCCGCGCGAGGTGCTGGAGCGTAGCCGACCCTACCAGCTCTGCCGTGAGTTGGGCACTCCCCTGGAGCACGTCATGTCGGTGAGGCTGGACATGCGACAGGGTTGGCACGGGGGGTTGACGCTCTACCGCGAGCAGCTCAGGCCGTTCTCCGAACGGGAGCAGGCGCTGTTGCAGCGGTTGACACCCTTCCTGGCGCGGACGGTGCGCAACTGCCGGATTCTCGGGGGAATGGTGAAGGGCCGCTCGTTCCCGAAGGCGCTCTTGCACCAGCGGGGAGTGGAGTGTCTCGTGCTTACCCCGGCCTTCGCGGAGGTGCAGCGCACGGGCCGGGTCACCGCATGGCTGGAGACGTGGTTCTCCCCGTCCGAGCTCGGCTCCTCAGGTCTCCCGGTGGAGTGGATGGCGCGGTTGGCCTGGCTCGGACGCCTGGATGACGTCGGCGAGCTCGGGTCGGATATCTGGGAGCGTCCTCGAGAGGACCGGAGCTTGAGGGTGACGTTCATTCGAATGCCCGAGCAGGACGGCCAGCGGTTGTGGACGCTGGTGCTCGAGGAACGCTTGTTTCCCATTCCCGTGCCCGAGGCTTGGCGTCTGCTTCTTACCCCACGCGAGGTCGAGATCGTCAGCTACGTGCTCCAGAACTGGTTCTACGAATCCATCGCCGCGCACCTGCGCGTCGAGCAGAACACGATGGACACGCACTTGAAGAACATCCGCCGGAAGCTGGAAGTGGAGAGCCGACCTCACCTCCTCTACAAAGCGGCCCTCGTCTCGCAAGAGGAATGGTAGTGAGCGAAGCCCAACACCCGCCCGCCCACGCCCATTCGGAAGCCGCCGTCAGGGCTGCTTCTGCAACTGGACGGTCATGGACGTCATCCCGCCCGAGGCGTTGACGGTGACCCCGCCCGCGGTGAGGAACTCCTCGGTGATCCGCAGCGCCAGGGAGTCGGTGATGGTGTCATTGCTGCTGAAGTCGATATCCCAGAGCTGGAACACCCACGGCTCCGCCAGCAACTGGCTCGCCTTCGCGGTGCATCCTCCGGAGGTCCACGCCGGAGTGTAGCTCTCCACCTCGGGAGTCTCGGTGGAGGTGGTGGAGCCCGGACACCGCATCGCGACGACGACATCCGGTGCGGAGCCATCTCCATCCCAGGAAGTGCCATTGTCGCTGGAGGCGATACGGGCCGAGGTGGGCTGCACGCGCCAGACG
CP043495.1_gap76	2614188	2617736	3548	GCTCCCCTTGGGGATGATGGCCCGCTGGAAGCCCATCTTCGCCGCCTCCGCCAATCTCGGCTCCACCTGGCCCACCGCGCGCACCTCGCCCGCCAGGCCCACCTCGCCCAGTACCAGCGTGTGCGCCCCCAGCGGCCGGTTCTGCAGGCTGCTCACCAGTGCCGCGCACACCGCCAGGTCGCACGCCGGCTCCGACAGCTGCATGCCTCCCGCCACGTTCACGAAGAGATCGCAGCCCACCAGCGGGATGTCCTCCTTCTTCTCCAGCACCGCCGCCAGCAGCGCCACGCGGTTGCCGTCCACGCCGATCGCCGTACGCCGCGCCGTGCCGTAGCCCGTGGGCGCCACCAGCGCCTGCACCTCCACCAGCAGCGGCCGCGTCCCATTCAGCGTGGACGTCACCACGCTGCCCGCCTTGCCCGCCGGCCGCTCCGCCAGGAACAGTGCGGAGGGGTCCGGTACCTCCATCAGCCCCGCTCCCTTCATCTCGAAGACGCCAATCTCGTTCGTCGAGCCGAAGCGGTTCTTGTGCGCCCGCAGAATCCGGAACGGATGGCCACGCTCGCCCTCGAAGTAGAGGACGGTGTCCACCATGTGCTCCAGCACGCGCGGGCCAGCGATGGAGCCCTCCTTCGTCACGTGCCCCACCAGGAACGTCGGCACCCCGCTGCGCTTGGCGAACGCCATGAAGCGTCCCGCCACCTCGCGCACCTGAGAGATGCTTCCCGGCGCGCTGCCCAGCTCCGGCAGGTACATCGTCTGGATGGAGTCCACCACCAGCGCCCGCGGCTTGAGGCCCTCGGCCACCGCCAGCACCCGGTCCGCGTCCGTCTCCGCGAACAGGTGGATGTCCTCGCTCTCCACCCGCAGCCGCTCGGCCCTCATCTTCGTCTGCCGCAGCGACTCCTCGCCCGACACGTACAGCACCGGGCCCCACCGCCCCAGCTTGTCCAGCGCCGCCAGCAGCAGCGTGGACTTGCCGATGCCCGGGTCTCCTCCCAGCAGCACCAGCGAGCCGTCCACCACTCCGCCTCCCAGCACCCGGTCGAACTCGGCGATGCCCGTGCGCCGGCGCTCCTCCTGCTCGCCGCTCACCTCGCGCAGCCGCACCGGCTTGGACGCCCCTCCCGAGGCCCCCCACGCCGGGCGCTTCTCGTCCACCTTCGCCTCGGTCTCCTCCACCAGCGAGCTCCACGCGCCGCAGTCGGGGCACTTCCCCAACCACTTCGCCGACTGGTACCCGCACGCCTGACACGTGTAGTGCGTCTTTGCCTTCGCCATGGAACCCCTTGTCTATCCCATGGCACCCACGTTTCCCTCGCTTTCCCGCGCGCCTGCCCGCCCCTCCCTCCGAGCCGTCCGGAGAGCGGGCGGCCAGGCATGGGGGTCTCTCCCGGGCCTCCCCGTCAAGTTGTGCCTCGGGGCAGGGCTCCCCACTTTTCTTCCCAATCGGGGCCGCACATCGCGGCGCCCAAGAAAGGGAGAACGGAGATGAGCATCATCTGGTTCATCGTGGTGGGTCTGGTCGCGGGTCTGCTCGCGCGTGCGCTCCTTCCGGGCCGCCAGTCCATGGGACTCGTGGCGACGATGTTGCTGGGTATCGTGGGCTCGTTCGTGGGCGGCTTCATCGGCTCGCTCTTCTCGCCCAGCCGAAGTGTCCTCGACCTGCACCCCTCCGGACTCATCATGTCCGTCGTGGGTTCCATCGTGGTCCTACTCCTGGTGGGCTGGGCGGGCAGGGGCCGTCGCATCCACGCCTGATTTCCGGAGCCCGGTAGGGGAGGGGCACGTCCATCGTGCCCACCCCGCCGGGCTCCTCCTTCTCGGGGGTGAACCGGGGTCGTCAACCCGGTCGCGCTGCGTGGTTGACAAGGGCGGTCCGCCCACGCACCGTGCGCGCTCCACACCCCCCGAGGAGCCCATGTCCGACTCCGCCGCCCACGATTTCCACGGTCACGCCCACTTCGCCGCTCCGCCTCCGGGTGTCGTCGTCCGCCATGACTGGACGCTCCCCGAGGTGCGCGCCCTCTACGAGCTCCCCCTGCTCGAGCTCATCCACAAGGCGCAGACCGTGCACCGCGCCGTCTTCCAGGACAACAAGGTGCAGCTGTGCTCGCTGCTGTCCATCAAGACGGGCGGCTGCCCCGAGGACTGCGGCTACTGCCCCCAGGCCGCGCGCTACCACAAGGACACCGGCCTGCAGGCCGAGAAGCTCATGTCCGTGCCCTCCGTGCTCGACGCCGCCTCCAAGGCCCGTTCCGCCGGTGCCACCCGCTTCTGCATGGGCGCCGCCTGGCGCGAGGTGAAGGACGGGCCCCAGTTCGACAACGTCCTGGAGATGGTCCGCGGCGTGAAGGCGCTCGGCATGGAGGCCTGCGCCACGCTCGGTATGCTCACGGAGAGTCAGGCGAAGCGTCTCAAGGCGGCCGGCCTCTCCGCCTACAACCACAACCTCGACACCTCCGAGGAGAAGTACGAGGACATCATCTCCACCCGCACCTACCAGGACCGGTTGGAGACGATCGAGCGCGTGCGCCAGGCCGGCATCTCCGTATGCTCCGGCGGCATCATCGGCCTGGGTGAGTCCGTGGAGGATCGCTGCAAGCTCCTGCTCACGCTCGCCAACCAGGAGGTCCACCCCGAGTCCGTTCCCATCAACGCGCTCGTCGCCGTGAAGGGCACGCCCCTCCAGGACCAGAAGCCCGTGCAGTCCGTGGAGATGGTCCGCACCATCGCCGCCGCCCGCATCCTCATGCCCATGGCCATGGTGCGTCTGTCCGCCGGCCGCATGCAGATGAACGAGGAGGCCCAGCTGCTGTGCATGCTCGCCGGCGCCAACTCGCTCTTCTTCGGCGAGAAGCTCCTCACCACCGGCAATCCCGAGTACACCCAGGACATGGCCCTCCTGGAGAAGGCAGGCATCCGCCCCCTGGAGCCGGATACGTCGCGGTGAGGGCCCGCGGACCCTGGACGGACGACCCTCACCCCAGCCCTCTCCCAGAGGGAGAGGGGGTTGCCACGGAGTGGGCCCGGGCGGACATGGACTCCCTGTCCTCCCGCGGGCTGAAGCGGTTCCTCGAGCCACTCGACTCCCCCCAGGGCCCGCTCGTCCGCGTGGGAGGAGAGACGCTCGTCAATTTCTCCTCCAACGACTACCTGGGCCTCGCCGCCTCGCCCTCCGTTCGCGCCGCCGCCATCGCCGCCCTCGAGGTCCATGGGGTCGGCTCCGGCGCCAGTCGGCTCGTCGTTGGCGACACCACCGCCCACCAGCGGCTGGAGGCCCGGCTCGCCGCCTTCGAGCACGCCGAGGCCGCGCTCCTCTTCAACTCGGGCTACGCCGCCAACGTCGGCACCCTGCAAGCCCTCGTCGGCCCCGAGGACGCCGTCTTCTCCGACGCCCTCAACCACGCCTCCCTCATCGACGGCTGCCGCCTCTCGCGCGCCCGCACCGTCGTCTACCCGCATGCCGACGTCGAGGCGCTCGACCGCGCCCTCGCCTCCACTCCTGCTCGTCGGCGCCTCGTCGTCACCGACACCGTGTTCTCCAT
CP043495.1_gap77	2662630	2667406	4776	CGCCGCACGAAGTGGATCCACCGCCGCTCGTCCACCTCCACCTGCCACTCACTGTTGGGCGTCAGCGGCAGGCGCTGCTTGAGGAAGGCCTCCAGGTGGTCCGCGGCCTTCACGGGCGTGAGGCCGGGAGCACGGAAGGCCACACGCAGGAAGACCTCGAGCGAGGGCGCGACCTCCAGCACCGTGTAGATGCGCAGCGAGCCCACGCGCCGTTGGTAGCGCACGTCCTGCGAGACGGAGGCGGCTGCCTGCTCGGCAGGTGGAAGCGTCATCCAGTTGGCCGGCTCGAGGGCGAACTCGAGCAACTCGGTGCTCGCCTCTTCCAGCGTTGCGTGCTCGTGGATGGAAAGCATGCCCACCTCCCTGTTGGCCGTCCCCCAGGAGAATGTGCCCACGTGCCAAGGGCGTGCAAGGGGGCGCGGACCCCTTCGCGATGCGTCATCCCGAGACGTCATCCATGTGTCAGAGGTGTGTGCTAGTCAGCCCCCGCGTGCCACTTCCGCGACGAAGCGCCAGGAGATGTGCGTGGCCTCGCCCGCCAGGATGTCGCTGAGCTCGTTGCGCACGGTCGTGCTGCGGTTGGCCGTGCGGAAGACGCGGTCCAGCAGCCAGGGCCGTTCGAAGGCCCACATCAGCCGGCGGTTGAGGTGGAAGGCGGTGCGGAAGCGCGTCTCCCAGCGCCGTGCGTAACCGCCGAGCCCCCGCGCCGAGAAGTCTCCCGCCGCCACGGCCTCGGCCACCGCCTCGGCGGCGAAGGCGCCCGACTCCAGGGCGAACTCGATGCCCTCTCCCGTCAGCGGGTTGACGAAGCCGGCCGCGTCTCCCAGCAGCAGGGCCCGGTCGAAGTGGGTGTGCTGGGAGAAGGAGCCGTAGGGCAGGTGGTGCCCCTTCACCTTGCCCACGCGCCGGGCCCCGGCCAGCTCCGACGCCACACGGGGGAGCGCGCAGAACTTCTCCATCAGCGCGGGCAGTTTCGCCTCGGAGGCGTCGAGCTGGTCTGCCCGCATGCCCAGCCCCACGTTGGCCCGGCCGTCCGGCAACGGGAAGATCCACCCGTAGGCCGGCAGCAGCTCCTGCTCCCAGAAGAAGGCGAAGCTGCGCGGGTGTGAGAGGCGGACGTTCTCGTAGTAGGCGCGGACCGCGAAGGCGCCCTCGTGGCGCGGGAAGTCGGGGGCTCCGAGCGCGCGCCGTACCACCGAGGGCGAGCCATCACACCCGAGCACCAGGTCCGCGCGCAGCGGCTCGCCGTCCCGGCAGCGCAGGAGGACGCCGTGCGCGTCCCGCTCGATTCCCTCCACCAGTACGCCCTCGCGCAGCTCGGCGCCGGCCTGGACCGCACGCCGGACGAGCCGCTCATCGAGCACCTGCCGGGCGATGACGCTGGCCCTGCCGCCGAAGAGGCGCGAGGGGATGCTCTCCTCCAGGACGACGCCGCCGGGGGAGAGGGCATAGACGGAGTCCACGGGGGCGGAGTCGGGGCTGGTGGGCAGGTCGCCGAGTCCCAGGCGCTCGAGCATCCACAGGGTCCGGGGTGTGCAACCATCCCCGCAGGTCTTGTCCCGGGGGAAGCGGTTGCGATCGAGCAGCGTCACCCGGGCACCCTGCTGCGCGAGGAAGGTGGCCGCGGAGGAGCCGGCGGGCCCCGCGCCGACGATGGCGACGTGGAGGGATGTCATCGCGCGCGTTGTAGCGCCTGGGTCCCAGCCCCGCCAGCTTCCAATCAGGAGGCCGTGGGCTGGGACGCGCGGCGCGGGCGCTCCACGGCGGCCTTGAGCTGGCCGCAGCCGGCGTCGATGTCGATGCCGCGGCGCTGGCGTACGGTGCTGGGCAGGCCGTAGCTGGCGAGGATGTCCTGGAAGGCGCGCACGGCGTCGGGGCCACTGGGCCGCTGGGCGTAACCCACCGTGGGGTTGAGCGGGATGACGTTCACGTGCGCGTCCATCCCCTTCAGCAACTGGCCCAGGGCGTGCGCCTGCTCGGGCGTGTCGTTCTTCCCGGCGATGAGCGCCCACTCATAGAAGATGCGGCGCTTGCGCTTCTCCGAGTAGTAGCGGCAGGCCTCCATCAGCTCGGCGAGCGGCCACTTGCGCGCCGCGGGCACCAGCGCGCCGCGCTCCTCCTCCGTGGCCCCGTGCAGGCTGACGGCGAGCTGCACCGGCCTGTCCTCGTCCGCCAGCCGCCGGATGCCGGGCACCACGCCCACGGTGCTCAGGGTGATGAAGCGCGGCGCCAGCGCCAGCCCCGAATGGTCCACCAGGATGTCCACCGCCTCCATGGTGCCCTCGTAGTTATGGAGGGGCTCGCCCATGCCCATCAGCACCACGTTGCGCAGCGACTCGTTCGTCTCGCGGAGGATGCGGGTGACATGCTGCACCTGGCCGATGATTTCCCCGGGCGTCAGGTGGCGCACGAAGCCCATCTGCCCGGTGGCGCAGAAGACGCAACCCATGGCGCAGCCGGCCTGGGTGCTGAGGCACACCGTGGCCCGGCCCTTGAACCGCATGAGGACCGTCTCCACCGTCTGCCCGTCACGCAGCCGCAGCAGCAGCTTCCGGGTGAAGCCGTCGGAGCTGAAGACCTCGTGGTGGGTGGTGGGCCGCTCCAGGCGGGTGCGCTCGCGCAGGGCCTGGACGAGGTCCGGCCGCAGCCCGGTGAGGGCGTCGAACGATTCCACCTGCTGGCGGTAGAGGGCCTCCCACAACAGGTCGCGGTGGTAGGCGCTGTAGCCCCAGCCAGCGAGCAGCTCGCCGAGGGCGGCACGGGGCAGGTCGTACAGGTTGACCAGGGGGGTGGGGGGCGTGGGCTGCATCGTCACGGAGCGATAACACACCTGGGCGCCCGGCTCATGGGGGGCGGGCGGCCGGGCAGGCCCCGGGCCGGCCTCTCCTCCTTCCCTCCAGTCCAAGAATCGTGCACGGCTGCCTGGAGCCTGGACAGTCAAGGGGGGATGTGGGAGCCGCCCTCAGGGTTTACTGTCGGGGTGTGAGATTCGAGCAGCCGTGGGATGTACTGGTGGTCGGTGGAGGAGCCAGCGGCACGCTGCTGGCGGCACAGCTCTTGAGGAAGGCCTCAGGGCCCTTCCGGGTGGCCCTGCTGGAACGCACGGGGCGTGTGGGTCCCGGCCTCGCCTACTCCACGGAGAACGCCAGTCATCTGCTCAACGTCCCCGCTGGGAAGATGAGCGCCTTTCCCGAGGATCCCGAGCACTTCCTCCGGTGGATCCGCCGCCTCGAGCCGGACACGGGCCCGGGTGATTTCGTCCAGCGCAGGCGCTACGGCCAGTACCTGGAGGCGGTGCTGCGCGAGGCGCGCGAGGGCGCGGCCCCCGGGGTGGGCCTGGAGCTCCTCCAGGGCGAGGTGCTGTCCATCTCCCAGGAGGGAGAAGGCGCGAGGGTGGCGCTGGTCCGGGGCCCGGCGCTGGAGGCGAGCACGGTGGTGCTGGCGGTGGGGAACGCCCTGCCCGCGGACCTGCCGGTGGCGGACGGGGGCCTGTACGCGAGCCCTCGTTATATCCGCTCGCCCTGGCTGGAAGGCGCGCTGCGTCGGGTGAGGCCCCACCATTCGGTGCTGCTCATTGGCACGGGGCTGACCATGGTGGACACGGTGCTCTCGCTGGCCGAGCGCAACCACGAGGGCCGTATCCACGCCATCTCCCGGCACGGGTTGCTCCCGCAGGTGCACCGTCCCGGCGTGGTGCCGGGCACGCCCGTGGCCCTGGCCGAGCCCCACCGCGTCCGCTCCATCCTGGGCGCGCTGCGCCACCACTTCCGGCACCCGGGCGAAGGCGGGGACTGGCGCGCGGTGATGGACTCCCTGCGGCCGGTGACGGCCCCGCTGTGGCGCGGCCTGCCGGAGCCCGAGCGCCGCCGCTTCCTGCGCCACCTGCGCTCCTTCTGGGACGTGCACCGTCACCGGATGGCGCCCGCGGTGAACGACACGCTCGAGCAGCTCCAGCGTGCCGGCGTGTTGCGCATCCACGCGGCCCGCGTGCGTGGCTTCCAGCTCTCGGACGAGAGCTGGGTGCTGGCGCGCGTCCGGCCCCGGGGCTTCTCGCGCGAGGCCACGTTCCGCGTCCAGCACGTCATCAACTGCACCGGCCCCGATGCCTCCATCGGCCGGGGCCACCCGCTGCTGCGCGGGCTGCTGGAGTCCGGGCTCGCCCGCGCGGACGCGCTGGGGCTCGGCCTGGCCACGGACGAGGAGGGTGCGCTGCTCGACGCGCAGGGCCGCGCCTCCTCCGTGCTCTTCACCCTGGGCCCCCTGCGCCGGGGCGACCTGTGGGAGAGCACGGCCATCCCCGAGATACGGGTGCAGGCGCTCTCCCTCGCGCGGCGGCTGGTGGAGCAGCTCACCTCCCGCCCGGACGTGTCCGCTTCCGAGTCCTCTCCTCAACCCACTCCCTTCCCCTAGGGCGCTCCATCTCCGCTCCATATGGGACTTCAAATCCAGAAAGAGACCTTCGAGCCCGAGGAGTACGAGCGCTTCAGCCAGCGTCTGGCGGACAGCCTGGAGGCGCTCCGGCAAATCCTGGCGCGTCCCGGCTTCGGCGTGGGGCCGCGCACCATTGGCGCCGAGCTGGAGATGTTCCTGGTGGACGCCGCGGGCTTCCCGCTGCCGGTGAACCGGCAGGTGCTGGGCCAGACGATGGATCCGCGGGTGACGGTGGAGATCGACCGCTTCAACCTCGAGTGCAACCTGCGGCCGGGGCCGCTGGCGGGGCGGCCCTTCACGGCGATGCGCGAGGAGTTCGAGAGCGCGCTGGCCGAGGTGCGGCGC
CP043495.1_gap78	2669796	2674094	4298	GTCGGTGGGCGGACAGGTGCCCGACAAGGCCGGCTGCGTGCCGGCCTCCTCCCAGGGATGGTGGCTCCCACCCCCTTCCCTGGGAGAGTCGAGCCATGAAGATGTCCGTTGTGATGCCGTGGATCGCCCGTCTGGCGCTCGCGGCCGTGCTGAGCGGGTGCCCACAGCAGGATCCTCCGAAGGAGGACCTGGTCCAGACACCGGTGGCCCGCCATTGGTACGTGTCCTTCCCGGCGCTCGGTGCGCCCACGCCGCTGCAGGTGGCGGGGCGGCTGAGCATTCCCTCAAGTGCGCAGGGCAAGGTGCCCGCGGTGGTGATTGCCCACGGCTCGGGAGGCGTGGACACGCGGGGCAGCTACTACGCCCAGGCGCTGCACGAGGCGGGCATCGCCACGCTGGAGATCGACATGTGGGCCGCCCGTGGCCTGTCCGGTGGCGCGGAGGGCCGCCCGAGGGCCGTGTCCGAGACGATGCCGGATGCGTGGGGCGCGCTGAAGTTCCTGTCCGCGCACCCGTCCATCGACGCCTCGCGCATCGGCATCACGGGGTTCTCGTGGGGCGGGGTGATGTCCATGCTGAGCGCCACCCGGAAGTACGCCGCGGGTGCCGAGCCGGGACAGCACTTCGTGGCGCACGCGCCCCTCTATCCGGTGTGCTGGGTCTACAACCGCGTCCCCGGCTACGAGTTCGGCGAGCGCACGGGTTCGCCCATCTTCCTCCAGGCGGGGGAAGCCGATGTGTATGACGACCCGGACTCGTGCCAGCGGCTGGTGGACAGCCTGTCGCCCGCGGATCGCGACGGCATGGCGCTGACCGTCTACCCGGGCGCCACGCACGGGTGGGATCGGCTGGAGCCGGCCATCCGCATCACGGATCCGTACGCGCACACGGGCAAGGGCGGGGAGGTGGACATCGCGCCCTCGCCGGAGACGGCGGAGACGTCACGGCGGGCCGTGGTGGACTTCTTCCGGACGCGGTTCGGCCTGTCGCCCTGAGTCGGCGCTGGTGTCACGGTCTCACGGGCCGGACTCGTCCTCGGTGCCGCGGCGCAGGCCGAGCATGCGCCGCAGCTCGCGGGCGGACTGGCGGCTCACCTCCACCATGTGGCCGCGGGCGGTGCGAGCGAGGTAGCCGCCCGTCTCCAGCGGCTCCAGCCGGGTGACGTGGGCGAGGTTGACGAGGGCGCGGCGGTGCACCCGGTAGAAGCCCTCGGTGGGCAGCCGGTCCACCAGCTCCTGCAGGGTGAAGTCCGTGAGGAAGTCGCCCTGCGAGGTGAAGACGGTGACGAGCTCGTCCTCGAGCGTGGCGTGGGAGATGGTGCCGGGGTCCACCAGGACGATGCCCTGGCGGGTGGGGATGGGCAGGCGGGCCAGGGGCCGCGCGAGCTGCTCGATGGCGGAGCCCTTGCCCGGCTCCGGGGCCTTGGCGGCGAGCCGGACGCGCACCCGCTCCAGGGCCTTCTGCAGGCGCGAGGCCTCGACGGGCTTGAGGACGTAGTCGACGGCGCCGTGCTCGAAGGCCTCCACCGCGTGGTCGGCGTGGGCGGTGACGAGGATGACGTGGGGGCCGCCCGAGGGCAGCAGCGCGAGCGCGTCCATGCCGCTGAGCCCGGGCATGTGGATGTCGAGCAGCACCACGTCCACCCCACCGGCGCGGACGGCCTCGAGCACCGCCTCGCCATCGGCGGCCTCTCCGCACACGGAGACGTCGGGGAAGGCCGTCAGCAGGCGCGAGAGACGCTTGCGGGCAACGAGCTCGTCATCGGCGATGAGGACGGACAGGGAAGGGCTCACGGGGCCGAGTCTAATCCCTTCAGCGAGGACCGCGAAGGCGCCCCCCTGGACACAATTTCCCCGAGGGGCGAGGGAGCAATCAGGCGTGCGCGGAATTCAGGCGGCCACCGGCTTCTTCGCGGCCGCGACCGCCGGCTCGCCCTGCTTCTTTCCGGGCGCCTGCGTCTGGTCCAGGTGCTCGAGGATGTAGCCGTAGACGTCCCGGGCCGCGTTCTTCCCGAAGATGCAGTCGATGTGGCCGTACTCGGGGATGAGGACGCGGGAGTAGAGCGCGGAGCCGTTGACCTTGCTCAGCGCCTGCACCGTCTTCTCCGTGCTCTCGGGCAGGAAGCACTGGTTGCGGGCGCCGTGGATGAAGCGGATGGGGATGGCCATCCGCTTCAGGTGCGGCATGTAGACGTCGTTGCCATTCGCGTCCACCACCCGGCGCTTGTTCACCATGATCGCCAGGCCCTCGAAGGCGGCGATGGTCGCCTCACCGAACAGCTCGTGCATGTACTGGTGCGTCATCGCGTTGAGCTGCTCGTGCCGGTAGAGCAGCGAGTAGAGGAAGCTGATGCGGTGGCACACCGCGCTGTCGCAGAGTTCGTCCTTGCCCACCGGGTAGGCCGCGAGGAGCCGGTCGTAGATGCGCTCCAGGGGGCCCTCGCCCTGGACGGCGTTGGTGGTGAGCGACTGGATGCCCATCCGCTTCAGGAGCTGGGGCAGGTGCAGGCCCGACTTGATCGACACCAGCGGAGGGGTCACCACGTGGGTGGAGATCTGCGAGCAGACCGCGGAGCGCACGCCCTGGAGTCCCGCCAGCATGGCCATGGTGAAGGTGGTGGAGCCGTAGCAGTGGGCCACCACCTGGATGTCCGCGGCTCCGGTCAGCTCGCGCACGCGGGCCACCGCCGCCGGCCAGTCCTTGGTGGCCACGTCATCGGCCGTGTACTGCGTCGTCGACGCGGGCAGCAGGGTGCTGGAGCGGTAGTCCAGCAGCCACACGTCGTAGCCGTGGGCGCAGAGGTACTCGAGCAGGTTGGTGTCGATGGTGTCCGTGGAGAAGATGCGGCTGGACACGCCCAGGCCGTGCGCCAGCAGCACGGGCCCCTTGCTCCCGGCCTGGTAGCGCGACAGCAGCAGGTCCAACCCGTCCGGGGTCTTGAAGCCGAACAGCTGGGGCGCCGGAGCGCGCAGCGGGCGGCGCTTGCGCGGCGGAGCATTCGGGTCGATGTAGTCCAGCTGCCCGAGCATCCCTCCGTAGTAGTCGTACAGGATGCCCGTGAAGTAGCGGCCGAACTCCAGGGACAGCTCGAGGCGCTGCCCCGCGTTCTTCGCGTTGAAGACGTCCATGGTGGTGAGCTGGCGCATGAAGTCCTCGGGGGCGATCTTCAGCACGCCCCGGCCCACCACGGCGCCCGACTCGTCCTGCCCCTCGTACACGGTGATGAAGAGGGTGGTCGTGTCGTGCCACATGTCCTCGATGGGCCGCTCCTTGATGACCTTGAAGCCCTTGAAGAAGAAGGTGCGGCCGTCATCCGCCGTCAGCAGCATCTGGTACTTCATCAGCCGGGTGTCGGCGGCGTCGGGCTCCTGCACGAACAGGTTGAACACGCCCTGGGTGGCGGTGAGCGGCTGGTCGGAGAGCTTCGGCGCCTTCACCGTGCCCACCATTCGCGCGGCGTGGTCCGGTGCCTTCATCATCTTCTCGACGTCCTCCGAGATGATGGTGAGGGTGAACTCGAAGGGCGAGCCCAGCAGCTCGCCGCGCGTGGCCGCCGCCGTGTAGTTCTCGTCCTGGGCGGGCGAGAAGAAGCCCTTCATCTTCTCCGTGAAGCGGATGCCCGGCTTGCGCTGCCGGGGATCCACGGGGATGGGGCCCTTCTTCGAGTAGTCGATCGTCCAGCCGCGCTCCGCGGCGATCCGCAGGCTGCAGCGCTCGGAGAGCGCGGAGATGGTGAGCAGCGGATTGACGCCCAGCGAGGTGGGGATGACGGCACCGTCACACACGTACAGCCCCTCGTGCGTCGGGTCACCGGAGGTGGAGGAGAAGACCTTGTTCTCGTGGTTGACCACGCCCTGCTCGGCGCTGTCCGCCATGTTGCAGCCGCCCAACGGGTGCACGGTGATGAGATCCTTGCCGAGCAGCTCGTTCCAGAGGGGCGCCCGCGTGTAGATGCCGCGGAGGGCCTGGGTCGTCTGGACCAGGCGCTTGTCCACCTTCTCGAAGATGGGCCGCGAGCCCACCCCCGGCCAGTCGATGCGCAGCCGGTCCTCCTCCAACTTCATGGTGCCGTTGCTGCCCTGACCCTCGTGCCCCATCACCAGGAAGGTTTGCGTGTGCTTGACCGCGCCGTGGTAGGCGCCGCGGACCGCGCTGTCGAGCTTGCGCATCTCCTGATCCGCCGCCTGGCCGGGGGCGGTGTTGGTGCCCATGAGCTCCGAGGTCGTGCTCAACATCGCGGGCAGGATGGGCGCCAGTGCGCCCGGGACCGCCCCCTCCTGGATGATGATGTCGTCCTC
CP043495.1_gap79	2687802	2689624	1822	CGCCTACCGTGAACAGTTGGGAGCTCGGGCGCGAGGACAGAGCACGCTCTCCTATCTGATCGATTCGTACCGGCACTCCCCGGAGGCGGTGTGGCGGGAGCGGCTCGCCCGGGGCGAGGTCCTCCTGGATGACACTCCCGCGACGGGTGAGGAGCAGCTGAAGCCCGGCCAGTGGCTCGTCTGGAACCGGCCGCCCTGGGAGGAGCAGGACGCGCCGCGCGACTATTCCATCGTGCACGAGGACGAGGCGATCCTCGCGGTCCTCAAACCGGGCGGGCTGCCGATGATGCCGGGTGGGAACTTTCTCGCCAACACCTTGCTGGGTGTCGTCCGGGAGCGTTTCCCGGAGGCGAGCCCCCTGCACCGGCTGGGACGCGGCACCTCCGGGCTCGTGCTCTTCTCTCGCACACATGACGCGGCGGCGAAGCTGTCGCGCGCCTGGCGCGAGCACGAGGTGGACAAGCGCTACCGGGCGCTCTCGAGTGGCGTGGCCACCGAGGAGCGCTACGACATCACGGCGCCCATTGGCATGGTGGCGCATCCGCGCCTGGGTTTGACCCATGGGGTATCTCCAGAGGGCAGGGCGTCCCGGAGCCATGCGCGCGTGCTCGAACGGCGCACGGCGAGCACCCTCTTCGAGGTCGATATCCTGACGGGCCGGTCCCAGCAGATCCGCATCCACCTGGCCGCCATCGGTCATCCGCTCGAAGGCGATCCCCTCTACGGCCCGGGGGGCGTGCCTCTCGCCGGAGAGCCGGGCCTGCCTGGAGATCTCGGCTACCTGCTGCACGCCGAGCGCCTGTGCTTCGTGCATCCGCTCTCGGGGGAGCGTCTGGTGCTGCACGCCCCGGTGCCGCCCGAGCTGCGACGGGAGGGCGAAGGTCCACGCTCCACCTGAGCACCTCCCTCCCGTGCACGGACCGGACGGAGCTCAGTCGTCCTTGGGCTCGTCCCGCTTGGGCACACCGCGCCCGCCGTGCTTGTCGTACTCGTCGGACAGGCCCCGCTCCAGGCTCCTGTCGTTCCAGGGCGAGCCCACTTCGGAGCGCTGGCCACCGTTCTGTTCGGTCACGTCATTCAAGTGCTCGGCCCGGCCCTCGGCGGGAACCCGGTCACCATGCTCCTCGGGGTCCTTCTGTTTGTTCGGGTCCACGGGGATGCCCATGGGTCGCTCGAGCCATTCCTTCTTGTCCATGGCGTCGCTCCAGGTGTGAGGGGTCGTCCCCTCATCGTGTGCATCGCGAGACACCGTGCGGGGTTGTACCGCCTTGCGCTCCGTGGAATGGCTGGAGGGCGGGCATGGAGGCGAGCGATGGTAGGGGCGACGCCAGGCCCGGAACGGACAGGGGGAAGACATGCCACTGGTGGATCGGCTGCGGAACGAGAGTCAGGCGCACCATGCCTGTGTGGAGTCACTGCCCTGCTTCCGGGCCCTCGCGAACCGGGCCCTGCCGCCCGGGAGCCATCGCGCTCTGCATCAAGCGCTTGCCCTCCTTCATGAGGCGCTGACGCGGGCGCTCGCCGCCACGTCCCACCCCACCCTGGTGGCGCTCGGCGCCGAGGCTTCGTCCATCCATCCGCTCCTCGAGGCGGGCCTCGCCTCCAGCGCGCCCCAGGACAGGCTCGAGAGCCCTGTCGTCATCGGTGCCATCGCGCTCGGGGAGCGGATGCGTTCCGCGGCGCATCGTGAGCCCTTGTCCCTGCTCGGCTACCATTACGCGCTGCGCCTGGCCCTCCTCCCTCTTCCTGGCACGTCTCCCTGGAGTGATTTCGCGCAGTGGCTCGAGGGCAGGGCGCTGGAAGCCGCGGAGGAAGAGGGGGT
CP043495.1_gap80	2691057	2693226	2169	TGGCCAACGTCCTGGGACCCGGGGCGGCGGTCTCCCGTGCGGTCTTCTTGCGTGGTGACGGTTCGGGGGCCTCATCGGGGGACATCGATTCCTCCATCGGTGGAGCGCCAGTGTAGGGCCCGGCGCTCGGGGGCAACGGTTCCAAACCCACCGGGTGCCGAGCCGTATGCGATTGGACATGTGACGAAGCCGCGTAGGATGGGCCCCTTTTCTGGAGACCTCATGAATCGGACTCTCGGCTGTGTGATGGCGTGTCTGGTGCTGTGCCTCCCGTGGTCGCTCCGGGCCCAGGAGTCCGCCGGTGGCGGCGCGGCGGAGGTCGAGGCCACCCACCAGGCCCTGCGCGCCATCAAGAACGACATGGAGCAGGCGCTCAATGCGCAGGATCTCGACAAGCTGCTCTCACACCTCCACCCGAACGTCGTCTTCACCACGATGAACAACGACGTCCGCGTGGGCAGGGACGCCATCCGCGCCTACTACGAGCAGATGATGAAGGGCCCGGACCGCATCGTGCAGAAGCTCGACGCGAAGTTCCAGGTGGACGAGCTGACGCGCCTGTACGGCAACACGGGCGTCGCCCAGGGCTCCTCGGCCGACCACTACGTGCTCACCGATGGCACGGACATCACCGTCCACTCCCGGTGGACCTGCACCCTCGTCAAGGAAGGGGACCGGTGGCTCATCGCCGCCTTCCACTACTCGACCAACGTGTTCGACAACCCCGTGCTCGACATGGTGAAGCGCGCGGCGCTGATCTATGGCGGTATCGCCGTGGTGGCCATGCTCCTCGCCGGTATCTTCATCGGCCGCTTCACGGCGCGCCGGAAGGCCATGAGCTGACCGCGGCCGTCTCGCGCAGGAACGGGAGCTTCCGGGGCAATCGCTTCGCCCAGAAGGCCTCGATGGAACGGTGGAACAGCCGCAGCAGGGCCACGCCGGAGCGGCCCTCGAGCCCGGCCAGCTCCACCGCCGACCGGTCGAGCAGGGCGCGTGCCCGGCCGTGCTCGGCCACCACCCAGGCCCGTCCCGCCGCCGAGCCCACCAGGTCCTCGTAGCGCAGCGGGTCCAGGCCCTCGGCCCGTACTGCCTGGAGCACCTCGGCTGGCATGTTGAGCAGGCCCTTGCGGAGGTCCTCGTGCAGGTCCCGCAGGGTGGAGCACCAGCCGAAGGCGTCGAGCAGGGACGGTGCGTCGGATGCGCGGACGTCGACTCCGGCCACGTGCAGCATCAGGCCCACCGACAGCAGGAAGGTGTCCCGGTGGTGGGCTCGGAGGGCCTCGGCCTCGAGCTCCTGGCGGTGGAGCACGCGCTCACGGTCCCGCCGCATGACGCGCACGAGCCGCATCGCATCCGCGAGAGCACTCTCGTCTCCGAGCCCGGCGAGGAACTCACGGCCCAGGGTGGAGGCCACGTCCGTGCCGCTCCAGTGGCCGGTCTCCATCTGGACGAGGAGGGCATCCACCCACTCGAGCGGCTCTCCCGGAATGGGGCGATCTCCGTCCAGCACGTCATCCACGAGTTGGAGGAAGCAGAAGCCCGTGCGGGCCACGCGGGTCGCGCGCCACCGGGGCAGTGAGTAGCGGTAGAGCCCCAAGGCGATCAGCAGGTAGCGCGGGTGGCGGCGGGAGAAGCGGTACAGCTCCCGTGCGCAGAGCGCCTCCACCCGGAGCGCCTCGAGGAAGTCCGGACGGGAGGCTCGGGCCTCCACGAAGCGCCACGTCCCCCAGGCGAGGAGCGCGCCCGCCACCACGTCGGCCAGGTGGTGCTCATGGATGAGCAGGGTGGACGCCGCGATGGCCGCGGCCCAGAGGCCGAACAGGCTCCGCGCGAGCCAGCCCCCGCGCCCGCCATAGGCCAGGGCGGCCGTGCACGCGAACGCCACGTGCAGCGAGGGCAGGTAGTTGCGCTCGAGGTTCATCGTGTCGGCCAGGAAGAAGACGCTGGCCCAGCTTCCGCTCACTTCCCGGGGCGGCCACGCCACCTCGACCGGGAGCACCAGGAAGCAGGCGGCGCCCACCACCGTCTGCAAACAGAGCGTGAGCACGAAGGGCACCATCTCGCGCCATGTCCGGAAGACGAGCAGCGAGAGCATCAGCAGCACGTCCATGCTCACGTAGACGGCCGCCCAGGCGGGCACGAAGGGGATGTGCCGCTCGAAGGGCAGGT
CP043495.1_gap81	2695008	2699757	4749	GGTGCTCGCCGATGACGGTGCCATGCGCGAGGTGGGCCCCCATGTGGGCGCAGTGGGCGGAGAGGGCCTGGACGCGTCCGCTCTGGCCGCGGAAGAGCACGAGCTCCCGTCCGCCGAGGCTCCAGCCCATCACCTGTCCGGGCCGGAGGGCTTCGGATGGACACGCGAGGTACCAGGAGCGCAGCCGGGCCGGCTCGGAGCGACGGACCGGGTCCGCCCACGCCACGACATTCACCGCCATGGCGGCAACCTACCGGATGCTCCGCTACCAGGTGAAGCGCAGGGCGAAGTCCAGGCCCGGCTCGAGCAGATTCTCGACGGAGACCGAGAGGGGTTGCCGCCCCAGCCGTTGGGCTCCGCACACGAAGACACCGCGTGTCCACGCCGGTCCCATCAGCTCGCCCTGGAAGACGATGCGGGCGGCGCCGGGTCCGAGCTGTTCGTACCTGCGCTGGCCATGTGTCATCGCCGAGCGGAGGGAGGCCAGGGACCATTTCAGGATCTCGTGCATGTCCCGGGACACCATCATCCACATCCCCTTGCCCAACGGGGACTCGAGGAATCTGCGGATGCTGAAGCCCGCGAGCTGCTCGAGGACCTCGCCATAGGAGCATCCCGTCCGTGTTTCCGCGGTGAGCGCCGCCACGTCGCAGAGCTTCAGCATGTCCGCCACGCGGTAGTTGAAGGAGCCCGGGCCCACGAGGGCCGGGACGAGGCCTCGGACCTCCTCGGCCACGGCGGGGCCGTAGAGCTCCGAGAGGCCGAGCAGGATGTCCTCCTGGTTCTGCCCATGGGTGAACGCGTCCGGTGTGGCCCGCGTGACGCGGTGTAACAGCGCGTCTCTCGTGTCCATCGCCCCTCCAGTCTACGCTGTTTGCCTCCAACCTGTAGGCGTGGCCGCCCGAGAGAACAATCCCATGAACAAGCCGCCCCTTCCCCGGACGCAGCCGCCTTCCCAGACGGCTCGACCCCAGGCGGGAGCTCCGGTCCGCCAGCCCGTCCGCACCGCGCATCGTCCCGCCCCGTCTGGAGAGGGGACGTCGTGGCTGGCCAGCGCCTGGGCCCGGCATCCGCTCGTGGCGATGGTGCGGCACCGGTCGCGCCTCACCTTCTTCCAGGGGCTGCACAGCATGATCCGGGCAGGGCTGGCGCTGCCCATCGTGTTCTCGGAGCTGTCGCGAGGGGCGGCGAAGGATCCGTTCCGCCGCGCCGTGGCCCAGGTGGGCGAGGACGTGGCCGCGGGCTCCGGCCTGGCCGAGGCGATGCGGCGGCGGCCCGCGTGGTTCGAGCCCCAGGTGGTGGAGTTGCTGGGCGCGGCGGAGGCCTCGGGCACGCTCGAGTCGGCCCTGGCGCGCGTCACCGCGCAGATGGAGGAGGCGCAGCGGCTGCGCTGGCGTGCCGTCTCGCTGTGCGCCTACCCCGCCTACCTGCTGGCCGCGTTCATCCTCGGCGGCTCCCTGCTGGACACCGCGCGCAGCCTCATGGCCTCGGGGAACACGAATGACATCCTCGGGGTGTTCGTCTCTCAGTTCCTCCAGAAGGTGGGGCTGGTGTCGTCCTTCGGGGTGGCGCTCTTCCTGATGCCCCTGGTGCTGGCGTCACCGGCCGTCGAGCCGCACTGGGAACGGCTGCGCATGAGCGTTCCCCTGCTGGGCCGGTTCCATCGCGAGCTCCAGGCCAGCCGCTTCAGCCTCGTGCTGGGTGTGGCGCTCGGGGCCGGGCTGGAAGCGGGGCGCAGTCTCCAGATGGCGCTCGAGGCCACCGGCAGCTCCCTGCTGCGCGGGCGCGTGAACCTGGCCCTCCACCGCCTCCGCTCCGGCGCTACCCTGACGGACGTGGTGGAGTGGCTCGACGTGCTCGATGGGACGTCACTCCAGCAGCTCTCCACCGGGGAGCGGACCGGTGACCTGGAGCCCATGCTCGCCCAGGTGTCGCGAGGACACTCCGAGTCCGCGATGCGGTGGCTGCGCACGCTGATGTTCGTGGTCATCGCGATGCTGTCGGTGTTCCTCTTCGCCACCAACATCGGCAAGGTCGTCGGGCTCCAGGGCGGCTACCAGCGCCAGTTGGAAGGTTTGAGCCGCGAATGAGCTGTCATGAAGCCGGGTCCTCCGCCGCTCAGGTGACGACGCCGGGGACGGGGCCGGAGCGGGGCAGGGTGACGGTGAGGCGGGTGCGCGCGTCCCCGTCCCCGGAGGTGAGCGAGAGGCTGGCGCGGCCCTCGTAGGCGAGGGCGAGCCTGCGTTCCACGGTGGGCAGGCCGCTGCTGCCCTCGCGGGGCCCCTTGGAGGCGCCGGGGTTCTCCAGGGTGAAGACGAGCGCGTCTCCCCGGGCCTGGACGCTCAGGGAGATGAGTCCCCGGTGGCCGGCGGCGGGCCCGTGCTTCACCGCGTTCTCCGCCAGCGGCAGCAGGACGAGCGGCGGCACGGGGAAGGACTCCAGCGCGGGGTCCACCTCGATGGAGAGCTGGAAGAGGTCCGGGTCACGCAGCAGGTGCAGGTTGAAGAGAGTGCGCACCAGCTCCAGCTCGCGCTCCAGGGGCCAGGTGGCGGCACGTACTCCGGCCAGCACGCTGCGCAGCATGGCGGAGAGCCGCAGCACGGCGGCCTCGGCCACCGCGCCGTCCGTCTGGCACCACTCGGCGATGGCGTTGAGGGTGTTGAAGAGGAAGTGCGGATCCAGGTGGCTGCGCAGCGCCAGCAACTGGGCCTGCTCGGCCTCCACCTCGAGCCGGGCGGCGCGGGCGCGCTCCAGGGCGAGGCTCTCCTCGAAGCCGATGTCCCGGCCCAGCCCCCAGCCGCCCACGAGGAAGAGGGCCGCGCAGACGGCGAGGCTGTAGCGGTCCGTGAGGAAGGTGGGCCCCATGTCCAGCACCTTGGGCACCACGGCGCCCACGGACAGGACGACGCCCACGCCCACGGTGGCGTAGAGCAGCAGGCGGATGCCGCCGTGGCTGAAGTCGAGGCCCTCGGGGAAGAGGACGCGGTAGGACACCGGCGCCACGGCTACGCACAGGGCACACAGCAGGACGCCCAGGGGCGCGGCCATGGGCTCATACGGGCTGAAGCGGACCTGGGCGGCCACCAGCGGCAGACTGATGAGGACGATGGGGAGCAGCCGCCTGGGCACGAAGAGCGCCTTGAGGGTGGCGCGGACGATGGAGCCTTCGTTCATGGCGGACCGGGTGTGAGCATACCACCCCGTCCATGCCCAGGCGGTGGGGCTCACGTGGGGGTTTCCCTCGCCCCGGCGGTGCCGAGCGCCAGGGCCCCGAGCAGGACGAGGGGGAAGAGGAGGACGGCCAGGGGAACGAGCAGGGCACGGCTGGGTGAGGCCATGGTGTGCTCCGGGCTGTGGGGGGTCATCCCCATAGTGTCTCGTTTCCCCCTGACATGGGCGGCCGGCCGGCCGAGCGGTCGGAAGCCGGGGGTGAACGGTCTCCCGGCGCACCTCAGCGCGCGAGTGTCTCCGCCAGGGCCTCGGCGTTTCGGACGCAGTCGGTGAGGCCCACGCCCTTGTAGGCGTTGCCGGTGAGGTACAGCCCGGGCAGGCGGGCCAGGCCCTCGTCGATGGCGGCCATCCGCGCCAGGTGGCCCACGTTGTACTGGGGAATGCCCCGCTTCCAGTGGAAGACCTCGGTGAAGACGGGCTCGGCCGAGACGCCGGCCAGCTCCCGCAGCTCCTCTCGCGCCAGCGTCACCAGGGCCGCGTCGTCCAGCTCCACCAGGTCCGGCCGCTTGGCCCCGCCCACCATGCACGTGTAGAGGACGCGGCCACCCTCGGCGCGCCAGGGGAAGGTGGCCGAGGCGTGGATGACGCCCAGCACCCGCCGCCGCTCCATCGTGGGCACCAGGAAGCCGAAGCCGTCCTGGGGCGGTACGGTGCCCGGCGCGTAGCCCAGGTGCACCACGGCCACGGGCGCGTAGGCGATGCCCGCCGCCCGCGTCGCGAGCTTCTCGTCCAGGGGCCGCAGCAGCTCCGCCGCCACGTAGGCCGGCACCGTCAGCACCACCTTCTCCGCGGCCAGCTCCGCCTGCTGCCCGTGCTCCTCCACCGCGAGCCGCCACCCGTTGCCCTCGCGCCGCAGCCCCACCACCTTCGCCCCGGTGCGCGCCACCGGCCCGAGCGCCTGGGCCAGGGCGTCCACCAGCACCTGCAGCCCCCCGTCGAACGAGGCCACCTGACCCGAGGGTCTCGGTGCGCCCTCACCCGGGGGCAGCGCCTTCCGCGCCTCCTTCTGCGCGCGCACCATGCCCAGCACGAGGCTGCGGTGCTTCTTCTCCAACTCCACCACCTTGGGGAAGATGGCGCCCACGCTCAGCGTCTCCATGTCGCCCGCGTAGATGCCCGTCTGCATCGCGTCCACCAGCACCGCCGTGGCCGTGCGTCCCACGTGGCGCCGCCCGAAGTCCGCCAGCGACTCCTCGCCGTCCGGCGCGCGCCGGGTGAAGAGCTCGCCCATCATCCGCAGCTTGGCCCCCCAGGGCACCACGTCCGACTTCAGCAGGGCCGGCGGTGACGAGGGCACCTCGCGCAGCCTGCCCCGGGAGTAGACGTAGCGCCGCTTCGCCGCGGGGTCGGCGGTGCGGATGCGCCCCTCGATGCCCAGGCTCGCCGCCAGGGCGCGCAGGGTGGGCTCCCGGTCCACGAAGCTGTTGGGCCCCGCCTCGGTGATGAACCCGTCCTGGCCGCGCGACTGGATGTAACCCCCGAGTCTCGGGCCCGCCTCCAGCAGCGTCACCCCGGCTC
CP043495.1_gap82	2721719	2725395	3676	AGTTGGACTTCGCGCTGGGTGGAGAGGAGGGCGTGCGCCTGGTGCGCGACGCGGTGCGTGAGGGGCGCCCCTACGCCGTGGCCTTCGTGGACATCCGCATGCCCCCGGGCATGGACGGGGTGGAGGCCACCCTGCAGATGTGGCGGGAGGAGGCGGATCTCCAGGTAGTGCTCTGCTCGGCCCACTCCGACTATTCCTGGGACGAGCTGTCGCGCAAGCTGGGGACGAGTGAGCGGCTGCTCATCCTGCGCAAGCCCTTCGACAGCATCGAGGTGCGCCAGATGGCGCACGCCCTGTGCGAGAAGTGGGAGCTCTTGCGCGCCGGCCACCAGCGGATGGAGGACCTGGAGCGGATGGTGGAGGAGCGGACGCGGGCGCTGGCGGAGGCCAATGCCCGGCTGGTGCACGCGCAGAAGCTGGAGGCGCTGGGGCGCATGTCGGCGGGCCTGGCCCACGAGGTCAACAACCCGCTGAGCTACATCCTGTCCAACCTGCGCCACGTGGTGCGGGGGCTGGAGAAGCTGCCGTGCGCGGAGGAGGCGCTGCGCGCCCGGGACGAGCTGAGGGATGCGTGCGGGGATGCCGTCACCGGCGCCGAGCGCATCGAGCGCATCGTCCAGGACGTACGCATCTTCGCCCGGATGGACGAGCCGCCGAAGGAAGTGGTGGACGTGCGCCATGTGATGGAGCTCACCATCTCCATGGCGGCGCGGGCGCTGCGTCCGGAGCTGAAGCTGGTGCGGGAGTTCCAGGAGGTGCCGCCCGTGTGGGGCAGCGAGCACGGCCTGGGGCAGGTGTTCCTCAACCTCATCGTCAACGCCACCCACGCCCTGGCGGGCCGCGAGGAGCCCACGATCCGGCTGGGCATCCAGCTGCGCGGGGACGGCATGGTGGCGGTGGAGGTGCAGGACAACGGCAGCGGCATCCGGCAGGAGCACCTCGGCCGCCTCTTCGAGCCCTTCTTCACGACGAAGCCGGTGGGGACGGGCACGGGGCTCGGCCTGTCCATCTGCCATGGCATCGTGACCCGTTTGGGAGGTGACATTTCCGTGGACAGCGCGCCCGGCCAGGGCACCACCTTCCGGGTGTTGCTGCCCACGGCCTCCGAGCAGGGGTCGGAGTCCGCTATGCTGGAGCGGAGGCGCTCCGGGTCCTAGTCCGGCGCGCGCTCGAGCGCCGACCAAGGGGACGCGATGGGCTGGAGCCCGCGAGCATGGGTGCTGGAGCAGTTGGACGCCCGGCTGACGGAGTCGCAGCGCCGGTTGCCTCCGGGGGAGCTCTGGCGCTACCGGGTTCTGCTGGGCGCCACCCTCCTGATGATGGTGCTCAACGGCCTGTACGTGCTCGGCATCCCCGCCTATGCGGCCGAGGATCGCCTGCCGCCGCTCCTGGTGGTGAGCGTGTGCATGGCCTCCTTCGGGGTGGTGATGGCGCTGGTGCGCCGGCTGCCCTCGCCCACCCTGCCGTCCATCCTCCTGTGCCTGGCCCTGTCCGTGGGCTTCATCCTGGGCACCCTGTCCGTGGACTCGCCGGGCTCGGTCTCGCATGCGGTGGGCATGTTGATTCCGGCCCTGGCCGTCTACCTGCTGGGGCCGCGCCGCGGGTTCTTCTTCACCGCGTTCCTCATGCTCTACGTGGGGGTCTTCCACCAGCTCTACCACTCCGGCTTCGGCCTGACGCGGCCCGTCTTCCAGAACTCGGGAACCTGGATGAGCAACCTCGTCGCGTGCGTCAGCCTGTTGATGAGCTGGGCGTTGAGCTGGCTCTACGGCACCGTGCGCGAGGAGTCCCAGGATGAGCTGGAGCGGGCGCTCCAGACGCTGCGTGGGAGCGAGGGCAAGCTGCTCAGCGTCCTCGAGAGCACGGAGGACGTGGTGGTGGCGCTCGACCGGGAGGGGCGCGTGATCACCGCCAACCTGATGGCCAAGGCCCTGGGCCAGCGCGTCTACGGCCGGACGCTCGAGCGGGGCGGCCACCTGGATTGGATGGCCTCTCCGGGCCTCCAGGCGCTGTTCCAGGGGGCCCTGACGGGCAAGCGGCAGCGGTTGGAGATGTCCCTCCCCGCGCAGGGCCGCCCCCTGACGCTGGACGTCACCTTCAACCCGGTATGGGAAGGGGAGCGGGTGGTGGGGGCCACGCTCTTCAGCCGCGACGTCACGGAGCGCAAGGAGACCGAGGCCCGCCTGGCGGAGCTGCACCGCGGCCTGGTGGACGTGTCGCGCCACGCGGGCATGGCGGAGATCGCCACCGGGGTGCTGCACAACGTGGGCAACACGCTCAACAGCGTGAACGTGTCCGCCCACCTCGTGGTGGAGCGGCTGCGCGGCTCGCGGGCCGCGGGCCTGGACAAGGCCGTGGAGCTGCTGCGGGAGAACGCCTCACGGCTGGGCGCCTTCCTCGAGGAGGACCCCCGGGGCCGGCAGTTCCCCGCCTACCTGGCGGCGCTCTCGGGCCAGCTCGCCCAGGAGCGCGAGTCGGTGCTGGGGGAGCTGCGGCGGCTCACCGAGAGCGTGGACCACCTCAAGTCCGTGGTGAGCATGCAGCAGCAGCATGCCCGCTTCTCCGGAGTGCTGGAGCGGGTGGAGGTGCCCACGCTGTTGGACGACGCCATGCGCCTGAACGCGGTGTCTTTCGAGCGCCTGGGCATCCAACTGCGGCGCGAGTACACCGCCTCCGCCTCCGCGGTGATGGTGGACCGGCACAAGCTGCTACAGATTCTGGTGAACCTGCTGAGCAACGCGCGCCATGCGCTGCTGGAGAGCCCGCGGCCCGACAAGCAGCTCACCCTGCGCGTGGAGGAGGCCGGAGCACGGCTGCGCATCGCCGTGGCGGACAACGGGGTGGGCATTGCCCCGGAGATCCTGCAACGCCTCTTCAGCCAGGGCTTCACCACGAAGAAGGACGGGCACGGCTTCGGGCTGCACATCAGCGCCCTGTCCGCCGAGGAGCTGGGCGGCTCCCTCCAGTGCGAGAGCGAGGGCCCCGGCACGGGGGCCACCTTCACCCTGGAGCTGCCCCTGGCGTGAGGGTCCACCGGCCGCGGCGGGTGGGCTCCTCGAGCGCCCGGCCGAGGGCCTGGAGGAAGCGCTTGCGCGGCCAGTGCTCGGCCCCGAAGCGCGCCAGGTGCTCCGTCTCCACCTGGCAGTCGATGAAGTGGAAGCCCCAGGACTGGAAGCGCTCCACCGCGGTGGTGAAGGCCACCTTCGAGGCGTCCGGCGCGTGGGCGAACATGCTCTCGCCGAAGAAGGCCGCCCCCAGCGACACGCCGTAGAAGCCGCCCTTCAGCTCGCCCCCGGCCCACGCCTCCACCGAGTGCGCGAAGCCCAGCTCGTGCAGGGCGAGGTAGGCCTCGAGCATCTCGTCGGTAATCCACGTGCCGTCCTGGCCGGGACGTGGCGTGTGGGCGCACGCGGTGATGACGTCCGCGAAGGCGGTGTCCCAGCGGATGTCATAGACACCGGCCTTGAGCGTCTTGCGCAGCGAGCGGCCCACGTGCAGCTTGTCCGGCGTGAGGACGAAGCGCGGGTCCGGCGAGTGCCAGAGGATGGGCTGGCCCCGGCTGTACCAGGGGAAGATGCCCTGGGAGTACGCCGAGAGCAGGCGCTCGGGGCTCAGGTCCCCGCCGACGGCGAGCAGCCCGCCCCGGTCCGCCTTCTCCGGCGGCGGGAAGAGCTCC
CP043495.1_gap83	2728252	2729920	1668	GCCAGCTCATCATGAATTGGATCAACGCCACCGGGGGCAACTCGGGTGCGTTCGACTTCACGACGAAGGGCCTCCTCCAGCAGGCGGTGCAGTACAACGAGTTCTGGCGGCTCAAGGCCAGCGATGGAAAGCCCCAGGGCGCCATCGGCTGGTGGCCCGCCAAATCGGTGACGTTCATCGACAACCACGACACGGGCCCCAGCCACCCGAGTGGTGGCCAGAACCACTGGCCCTTCCCCAGCGACAAGGTGATGCAGGGCTACGCGTACATCCTCACGCACCCGGGCATCCCCTGCGTCTACTGGGTGCACTTCTATGACTGGGGCCACGCCGCGGCCATCAAGAGCCTCATCGCGGCGCGCAAGGAGAAGGGCGTCACCTCCACCTCCGCGGTGAGCATCGTGGCCGCGGACACGACGAAGTACGCCGCCACCATCACCGGCAACAGCGGCAGCCTGGCGATGAAGGTCGGCCCCGGCTCCTGGTCTCCGGGCACCGGCTGGACGCTGGTGAACTCGGGCACCAACTGGGCCGTCTGGAAGAAGTAGGCCCGGCTCGGTTAGCGTGGCGGGTGATGATCCAATTCACCCGCAACTACACCGACCGCTCGAACGAATACGGCTTCCAGTTCGAGTTCCATTGCGACAAGTGCCGCAACGGGCACATGTCTCCCTTCATCGCCAACAAGATGGGGCTGGCGGCAGGCTTCCTGAAGGCGGCGGGCACCTTGTTCGGGGGCTCGCTGTCGCGGGCGGCCTACGCGGGCGACCACGTGAAGGACGCCCTGCGCGGGAGCGCCTGGGACGACGCCTACGCCGAGGCGGTGGAGGAGGGGAAGAAGCACTTCAAGCACTGCACCCGCTGTGGCCAGTGGGTGTGCCCGCAGGCGTGCTGGAACGAGTCGCGTGGCCTGTGCGAGTCGTGCGCGCCGGACCTCCAGGAGGAGGCCGCGCACATCCAGGCCAAGGTGTCCGTGGAGCAGGCCTGGGACAAGGCGCGCAAGACGGACCAGGTGGAGTCGCTGGACATGAAGGCCCACCGCACGGCGGCGGCCTCGGCCTGCCCCCACTGCAACGCCCGCGTCGAGGGAGGGAAGTTCTGCGCCGAGTGCGGCAAGCCGCTGGCGGCCGCCAAGGTGCACTGCACCCAGTGCGGCACGGAGATGAAGCCCACCGCGCGCTTCTGCGGCGAGTGCGGCACATCCCGGGGCGGCTGAGTCTCGCCGGGAGTCCTCGCGCCATGGCACGACCATGACGAAAGGATCGCGTGGCCATGGCACAGCGGAGCGGGGGCTTCCCTAGGCTGGCGTCCCCTCTCAACGACTGGACCCGCCATGTCGAATCCCCTCCGCCGTCTCGTGATGATTGCCGCTGGCTCCTGCGCCGTGGGTGCCCTCGGCGCGTGTACGGGCGTCACCGCCGCCACCCAACCCACCGCCTCGCTCTCGGTGCGCGAGCTGAACATCGTCGACGAGCACGGCCAGGCGCGTCTCCGCATCGGCGCGCCGCTGCCCGATCCCAAGGGCCTCAAGCGCGCGGTGAAGGCGGTCGGCATCCAGTTCATGGATCCGGACGGACACGAAATCGGCGGGCTCGGCATGATCGATTCCCTTGGGTTCACCGGGCTGTGCTTCGACAGCAAGGAGGGCTACGAGGCGATGTGCATGAG
CP043495.1_gap84	2773270	2777189	3919	GGTGTTCCGATCCTCTCGCAGTTCTTCGGCATCGCGGGCGCGGTGGGCTCGGAGTTCATCGGGAAGATCGAGGGCACGGAGGGAGACACGGGCCTGCACCTGGGCCGGCGCGAGGTGGGCTCCGAGTGGCCCCGGTGGGACACCATCGCCCACCAGCAGTCCTGGGAGGGCTGGCTGCGGCAGGCGCACCAGGGCGGCATGTCGCTGGTGGTGGTGTCGCTGGTGAGCAACGGCTTCCTGTGCAGCGCCCTGCCGTACCAGAACCTCGAGCGCCCGTGCGACGAGATGGCGGACGTCGAGGTGCAGTTGCAGATGGCGCGTGCTTTCGACGCGCGCACGGACTGGGCGGAGATCGCCCTGTCTCCCGCGCATGCCCGGCAGATCATCGGGGCCGGCAAGCTGGCGATGGTGCTCTCCATCGAGACCAGCAAGCTCTTCGGCACCAAGGACTGGCGCAGCGAGCTGGACCGCTTCCACGCGTTGGGGGTGCGCTCCATCCAGCCGGTGCACCAGTTGGACAACCGCTTCGGTGGCGCGGCGCTGCACAACGCCATCTTCCAGGCGGCCCAGTTCGTCGAGAACTGCCACATCGACTTCGACTGCGGCGTGACGACGGGCTCGTTCACGCTCGGCTTCGACGTGGCCCGGGACGCGGCGGGCAACTGCCGCAACACCAAGGGCCTGACGGCGGACGGCAAGGCGCTGGTGCAGGCGATGATGACCAAGGGGATGCTCGTGGACATGGCGCACCTGTCCGAGAAGAGCACCCAGGACACCTACGCCATCGCCCAGACGAACAACTACTACCCGCTCTACATCTCGCACGGCCATTTCCGCGAGGTGATGAACCCGAAGCTGGCGGAGGACGAGAAGACGACGCCGTCGTGGGCGGTGCGCTACGTGCGGCAGACGGGAGGCATGTTCGGCCTGCGCACGGCGCATGACGAGACGCGCGCGTATACGAAGTCCGGCATCGCCAACAACTGCCAGGGCTCGAGCCGCTCGGTGGCGCAGGCGTACGAGTATGGCCGCCAGGGATTGAAGGTGCCCATGGCGTTCGGCGCGGACTTCAACGGCTTCATCCAGCAGACGCGGCCGCGTTTCGGGCCGCACGGGGCGTGCTCGGCCGGCTTCCAGGCGGAGGCGGATGAGCAGGCGCACCAGCAGGAGGTGTCCGGGCCGGGGCGGTTGGGCACGGACTTCGACGAGAAGGGCCTGGCTCACGTGGGCCTGCTGCCGGACCTGTTGAGGGACCTGGGGCGGCTGGGGGCGAACACGGCGGGGCTGTCGGGCTCGTCGGAGACGTTCCTGCTGATGTGGGAGCGGGCGAGCGGGCCGCGCGCGGGCATGGCGGACCCTGCCTCGGACATCGACACGACGGGGATTGCCCCCTACGAGGACAAGTCCGTGCGTGAGGCGCGCTACCCCACGGTGTGCGGCAAGGCGTATGCGCCGGACTCGAAGACGCTGAACGAGGGCTGCCGCTTCGACGCGGAGTGCATCAGCGACCAGTGCACCTCGGTGCTGTGCTCGACGTTCGATGGGCGCTGCGTGTGCAATGACGATGGGGACTGCGGCGCCACGAGCTACTGCCAGGACGAGATTCCCGCCAACCCGGGGGACAACGACTGCGTGCCGAGGAAGGGCAACTGGGCCTCGTGCAGCCGGGATGGGCAGTGCCTGTCGGGGGCGTGTGGCGGGTGCGCGGACGCGGTGGGGTGGTGCTTCACGCCGCGGTCCAAGGCGTATGGGCAGACCTGCAAGTCGGACAAGGAGTGCACGACGGACCGGTGCAGCGCGGACTGCTACATCAACCCCACGGGCTCGTGCCTGTGCGACAGCGATTCCCACTGCGCGAGCAACCAGTACTGCGGTTGGGGAACGAACTCGGGCAAGTGCCAGAACAAGAAGTCGCGTGGGGCGGTGTGCGGGAGCGACCGGGAGTGCACCTCCAACAACTGCCGCTGGTCGTTCACCTGCGCCTGAGCCCACTTCCCCTCTCCCACCGGGAGAGGGTCGGGGTGAGGGTGCCGAAGACACCGGGTTCCCCTCCGTGAGGACGGAGGGGGCCCGTGCTCCCATCCAGAACGTCAGTTCCCCGAGTAGATGCCGATGGCGCCGGGGACGCGGTTCTCGTCGCTGCCCTTGAAGCCGACGAGGATGCGGCGCCCGTGGCTGCGGTCCACCTGGATGTCGGCGACGGTGCTCATGCACAGCCGCCGTCCGAAGTCGGTGCAGCCGTAGGTGTGCACCTTGCCGTTCTTCACGCGGAAGACGGTGCCGAGCCAGCGGGCGCCGGTCCACACGCTGCCGTCGGCGGAGTCCACGGCCACGGTGGACAGGTGCGGCACCCCGACGTCGAGGTAGTGGACGTCACCGCCCTCCGCGTTCATCCGCGCGAGCCCCTTGGTGAAGGAGCTGACCCAGACGGTGTCATCGCCGGCCACGGCCATGCCGGACACGTGGTCATCCACGCGGTCGGCGGGCCGGGAGAGGTTCGGCTCGCCCACCTTGTCCGGCCAGAGGTCGAAGCGGTTCCAGGCGTAGGGCTGGTCCTCGCTCATGCTCTGGGCGCGCCAGTAGTTGCTGCTGTTGGAGCCGTACCGGAAGCGGGTGGAGCGGTTGGAGCCGCCGAAGAAGACGTCCCCGCTGGGGTGGACGGCCACGCCGTAGTAGGCGTCGGTGAGGAGGACGACGTTGCCCTGCTCGTTCAAGGCGTTGATGTGCGGGTGCACGTGCTCCATGACGCCCGAGCAGGAGAGCTGGCCGTTGCAGGTGTTGTTGCCCGTGTAGCGCGCGTCGCCACGGGAGAAGCCGTGGTTGCCGCCGAACCAGACGCTGTTCGAGTTCTTGTCGTAGGCGATGCGGAGGATGTTGCAGATCTTCTCGCGGCCGCGCAGCTCGTCGCGCACCACGCCGGGGCCGGAGAAGATGTCGTAGTGGACGACCTCGAGCGTGCCATCCGCGCGCAGCGTCACCTTGTCCGCGTCACCGCTCTTGTAGCGGGAGGGGTCCGGGCTGGGGCCGTCCCAGTTGCTCTCGCAGTGGTTCGAGCCCGTGCCGGGCCTGCCCTCGTAGCCCACGAAGACGGTGCCCGCGGGGCCGCCCGCCACGGAGATGACCTTCAGGTACTTCTCGCCCGGGGGCACGCTGCCGTCCGGCATGAAGCCGTAGGGGCGCAGCCCGTCCGCCATGGTGTAGCGCTGGAGCGTGTCGGCGCCCGGGCGGAGCAGGAAGAGGCCGTCCTCGCCGCCGGCGACCCAGACGTTGCCGCCCTCGTCCGCGGCGACGCCGTAGACGCGCCGGGGCCCGCCGTGCTGGGTGCCGTAGAACCGCCAGCCCGGGGGCGAGGTGAACTGGATGGCCTCCTCGGGTGGAGGCGGCGGCGGAGTCACCGGCCCCGGGCCGGGCGTCACCGGGCCTGGATCTGGCGTCACCGGGTCCGGACCTGGCGTCACCGGGCCTGGATCTGGCGTCACCGGATCTGGCGTCACCGGGTCCGGGTCCGGAGTGGGCGTCGTGCCGTCCCCCTCATCCCGGGGCGAGTCCAGTCCGGGGTTGTTCCGCTCGGACTCGTCATGTCCCCCGGTCGTCTGCTTGCAGCCCGTCCACATCGCGCCCGTCACGACGATCGCCGCCGCCCACCGCCATCCGCCCTTCATGTCGCTGCCCACCCGTTGCGAGGAATCCGGGTACCCACGCGGTACCCTCGTCCCGAGCTATCGCAAGCCGGGTGCCAGCCCGGTCCGTCCCGGAGACGGGCCCTTGCGTCGGCTCCCGGACAGCCCCTGGGTACGCGAATGCCCAGGAATGGCAGGGTCCTGACCCCGCTGTGCCTCCAACCGTGCTAGTCCGGGAGCCGATGGCCGGAAACGACACGCGTGGCCGCACGCCGCTCTCCCTCGTCGGGCAGGAACCC
CP043495.1_gap85	2778368	2781311	2943	CTCGAAGCGGCGTTGGACGGGGGTGAAGCGGAGGTCGGCATACGGGACGGTGACACCCGCCGGGGTGGAGCCCAGGGCGAGGTGCCCGTCGAGCGAGGCCCAGAGGAGGTACTCCGGGGTCCGCACGGCGTCCCACGTATCCTCCGGCCCCACGGTCTCGTGGAGCAGGAAGCGGGTCCGGAGCAGGGCATTCCACGCGGAGCCGTCGTTCCGGAATCCGCCTCCGCCGAGCTCGAACAGCGGCCGGACGAGGGCCTCGTCGAAACGCGGGGCTTCGTACCGGGGCGCGGGCATGGAGGGCTCCGTCGTCGCGTTCTCCGGCCCGGCTCCGGAGCTCCCGCTCGTCTCCGCCGCGAGCTGGGCGAGGTCCGGCGGGCTCCGGCCGCAGGCGGCCCAGATGGAGAAGTCCTGCTGACGAGGGACCTCGCCCCGGGCGATCAACTCCCGGACGTAGCGGATGTTGAAGTCGTCGGGTTTCCGCGGGTAGCGGGCGTAGGAGCGGTAGTGCTCCAGGAAGGTCTCGCTGTCGAGCCGGGGGCAGTAATCCCGCCGCAGGTTGGCGCGGACCTCTTCCCAGCGCATGGGGACGAACGCGGAGTTGTTGAGGGTCTCATCGAACTGGGGAGAGACGTAATCGCGCCAGTCGAAGGGCCGGGTCAGCCGCCATCCCTGGGGGGTCTTCAGCAGCCGGGGATCCTCTTCCCGGCAGAGGCTCCGGTAGAAGAGGAAGCCCTGGTAGTTGGCCTCGAGGTCTCCGAACGAGAAGACGCCCGTCGTCACGGAGCCCAGGGTGCCGCTCTCCGTCTCCACGCCGTAGTGGACGATCCGCTCGAGCGCCTCGCGTTCGGGGACGCCCTGCTTCATGAGCTCGCGGAAGCGCTGGTGGTACTTCCATCCCGTCTGGAAGAAGTGGGAGAGCTTGTCGGCGCCCATGTGGACACCGGCGACGGTGAAGGTCGCCTTGACGCCGAAGGAGAGGCCCCAGTCCCAGAGGCGCGCGTTGCGGTAGATGGAGGATTGGGCCGCGAATCGCCGGTGGTCCTTCTGGGTGGGCACCCGGTCGATGCGGGGGGAGTTCTCCGCCCAGAGCTCGATTTTATGGAGGCCCGAGATGCGGAAGCGCTGGTAGACGCGGTGGGCGACGTCCTGGCAGGAGTACTGGTCCCAGCTCGTGCGCCGGTTGACGAGCGCCACGGCGCCGAGGATGTCCCGGTTGATCTTCTCGTTGAGGACCTCCAGCGAGTCGCGAGGCGGCTTGTCGATGGCGAAGTACTGGTCCGTCTCCGTCGCCCGGGCACTTCCCGGAAAGGCGGCCCACAGGCCCAGGGCACCGAGCCAGGACCGCCACGGGATGAGGGAGTGCCGGCGGAGCATGGGCGCCTCAGCGCTCGAAGCGGTAGCCGAGCCCGCGCACGGTGAGGAAGTGCTTGGGGGCCTCGGGGTCCGGCTCCAGCTTGAGCCGGAGCTGGCGCATGAAGTTGTCCACGGTGCGGGCGCTGCCCTCGTAGCCGTAGCCCCAGGCGGCGCTGAGCAGTTCCTCGCGGTTGAAGGTGCGCCCCGGGTGCGCGAGGAAGTAGGCCAGCAGCTTGAACTCCTGGGCGGTGAATTCCACGGGCTGTCCGCCGCGGGTGACGGTCTTGGCGGTCAGGTCCACCTGCACGTCGCCGAAGCCCGTCGTGAGCGGTTGACCCTGGACGGGGTAGCGGCGGCGCAGCACGGCCTTGATGCGCGCGAGCAGCTCCTGGAGGCCGAAGGGCTTCACCACGTAGTCGTCCGCGCCCAGGTTGAGGCCGAGGATCTTGTCCATCTCCGCGCCCTTGGCGCTGAGCACCACCACGGGGATGTCGCGGCCGCGCTGGCGCAGCTCCTTGAGCACCTCGAAGCCGTTGAGCTCGGGCAGCATGACGTCGAGCACCAGCAGGTCCGGCGACTCGTCGAGGGCGCGTGCCAGACCCTGGCGGCCGTCCTGGGCCTGGAGGACCTCGTAGCCCTCGAAGTTGAGGTTCATGGACAGGCCGGTGAGGATGGCCAGGTCGTCCTCCACCACCAGGATGCGTGTTGGCTTGTCGCTCATGCCTTCCCCACGGGGAGCTGGATGGTGAAGCGGCTGCCCTTTCCCAGCTCGCTCTTCAGGGTGATGCGCCCGCCGTGAGCCTCCACGATGTGCTTGGCGATGGCCAGTCCCAACCCGCTGCCCTCCGTCTTGCGGGTGAGCAGATTGTCCACCCGGTAGAAGCGTTCGAAGATGCGCCGCCGGTCTCTCGGCGCGATGCCCACGCCGTGGTCCTCCACGGTGAGGTCCACCCATCTCCGATTCGCGCGGACGGTGAGGGAGATGCGCTTGTCGTCCTTGCTGTACTTGTAGGCGTTCTGCAGCAGGTTGAGCAGGGCGCCGGCGATGGCCTCCTTGTCCACCTGGACCGTGGGCAGATTCTCGGGGAGGTCCACGGAGAGCCGCAGCTCGCCCTCCAGGCGCTGGGCGCGGAAGGCCGTCACGGCGGCGTCCACCACGGCGGGCACCGGCAGGACTTCCGGGTGGTACACCTTGCGGCCGCTCTCGATGCGGGCCCAATCCAGCACGCGCTCGACGAGGGTGCTCAGCCGCTCGGTCTCCTGGGTGAGCATCTGCAGCACCTGCTGGGTCTGCGCGGGGTCCTTCACACGGCCCAGGGCGAGTGTCTCGATGAACATGCGGATGGAGGTGATGGGGGTGCGCAGCTCGTGGCTCACCAGGGAGACGAAGTCCGTCTTCATGCGCGAGAGCCGGGCCTCGCGGTACAGGACGCGGCCGGTGTAGGCGACGCCGAAGGTGAGGGTGACGTAGAAGAGCCCGAGCAGCACCACGTACACCACGCGGTTGCGGGTGGAGGCGCGGGCGATGGGGTCCTCTCCGGTGGGCACCACGGCGAGCCGGAAGTCCTGGAGGGGAGGGGGCAGCACCTG
CP043495.1_gap86	2783663	2787506	3843	GGGACCTGTCGCGCAAGGTGGGGGTGGAGCTGCCCATCTGCGATCAGGTGTACGCCATCGCCTACGAGGGCAAGAGCGCTCGCGCGGCGGTGGTGGAGTTGATGACGCGCCAGCCCAAGTCCGAGCTGGTGTGAGGAGGCGGAGCGGGGCGGCGCTCAGTACGCGGCGCCGCCAACGCCCTTCACGCGCCACACGGTCTGCCGCTGGGTGGTGGTGTGCGAGATGATGACGCCATCCTGCTGCATCTGGTCCAACAGCCGCACCAGCTTGCTGCGGTCCAGGCCGGTGGCCGATGCGAGGGCCGGAGTCTCCAGGCCCGCCGGGTAGCGGCGCAGCTCATCGACGATGAGCTTCTTGAACTCGGCCTTCACGGCGCCATCCATGTCCTGGGCCTTGGCGGCCTGGAGGATGGCGGCGGCGATGAGCCCCAGCACCACCATGGCGAGGGCCGGGTAGACGATGTGGCTGTTGCGCTCGAGCATCTCGAAATAGTTCGGGTCCACCGATGAGGCGGGCTTTTCGAGGCTCGTACCCAGGCCGGGGATGGGCACCAGGGCCAGCAGGGACGGAGAGAAGAGGGAGGGCATGAGCACGGCACCGGGACTGTAGAAGGCCCCGGTGCCTGCCCGCAACCCCTGGCCGGGGGCCTACGCCGCCCCGAGGTTCGGCGCGGGCTCCTCGGTGGCCTCGAGGGGCTCCTCCGAGGGGCTCTCGTCCATCCCGAAGGTCCCGAAGGTGTGCGACGGGTCCCGGGTGACGACGCCGAGGTTGCGCGAGGCGCCCTCGGCGAAGAGGGTGGTGTCCGCCTTGGCCAGGAGGGCAGCCAGGCCCTCGCGGCTCGCCGCGCTGATGGCCACGCCGCCCGCGGTGCGCAGCAGCGAGCCCACCTCGTCCGGGCCGAGCAGGTCCGCCTTGTTCCACACCATGAGGCGCGGCTTCTGCATCAGCTCCAGCGAGTCGAGGATGTTCTCGACGGCCTGCACCTGCTCGTCGCGGGACGGATCGCTCGCGTCCACCACGTGCAGCAGCAGGTCCGCGTCGTACAGCTCCTCGAGCGTGGCGCGGAAGGCGGCCACCAGGTCCTTGGGCAGGTCCCGGATGAAGCCCACCGTGTCGGTGATGATGACCTCGCGCTCCTGGGGGAAGCGCAGCCGGCGGCTGGTGGGGTCCAACGTGGCGAACAGCTTGTTCTCCGCGAGCACCTCGGAGCCGGTGATGGCGTTGAGGAGCGTGGACTTGCCCGCGTTGGTGTAGCCCACGATGGAGATGACGGGCAGTTCGCGGCGGTTGCGCTGGGCCCGGCGGACCTCGCGCTCGCGGGAGAGCGCGTCGATGCGCTTCTCCAGGTGGTTGATGCGATCGCGCGCGCGGCGGCGGTCGATTTCCAGCTTCGTCTCACCTGGGCCGCGTCCGCCGATACCACCGGCCAGACGGCTCAGGGAGGTATCGCTCTGCACCAGGCGGGGCAGGCGGTACTTGAGCTGGGCCAGCTCGACCTGGAGCTTGCCCTCGGCGCTCTGCGCCCGCTGGGCGAAGATGTCGAGGATGAGCTGGCTGCGGTCGATCACCTTGAGGCTGGTGGCCTCGCTGATGTGGCGGCCCTGGGAGGGGGTGAGGTCCTTGTCGAAGATGAGGACGTCCGCCATGGCCTGCATGGAGCGCAGGTTGAGGTCCTCCAGCTTGCCGCGGCCGATGAGGTAGCGAGGGTCGGCCTCGCGGCGCATCTGCAGCACGCTGTCGATGACCTCGACGCCCGCGGTGCGCGCGAGCTCCTTGAGCTCGGCGAGACTGGCCTCGGCCTGGGCGCGGTTGCCGTTGAGGCACACGGCCACGAGGATGGCCTTGTCGCGGCCCGAGACGGTGCGCGCGGCGGCCTTGCGGTTGAGCTCCTCCTCGAGGGCTTCCAGGGTGTCGAGCAAATCCGGCTGGCCGTCGTGGACGTCCGGCAGGGTGGCGACGCTCCAGAAGTCACCGGTGCCGTTCTCGGGCACCAGGTGCGCGTAGTGCAGCACACCGGGCAGGCCGGTGTCGCCCACGCCCACCGCGGCGACCATGTCCAGGCGCAGCAGCGCGAGGTCCGTCAGGTCGTCCTTGGTGAGCGGCTCGCTCTTGAGGTGGGTGTGCACCAGACGCAGGCCACGCAGACGCACCTGTCCGGCGCGGGCACGGCCGATGTCGGGCAGCTCCAGCTTGTGGGCGTTGCCTACCACCACGTACTCGATCTCGCCCTTGCGGTTGAGCAGGACGCCGATCTGGCGGTTGGTCTCTCGAGACAGCTCGGTGAGGTGACGGGCGAGCTCTGGGGAGACGATCTCATGCGGCGAGACGCGGCGGCGGTAGGTGTTGCGCAGCCGGCTCTGCTCGCTTGCCTTGAGTCCGAGGGTGTTTCCGTAGATTTCCTTCAAAAGTGTCCTTCTCCCGCGCGGAGGGAAGGGCGCCCGCGCCACGCCGTCGTCCTGTCCCTTTTCACATCTTGAGGATAGGTGCCTTCGGCTCCGGATTCACCTCCGGGGTTCCCGAATGCCCGACCTCGTACAACACGCCCTGGCGGCGGTTGCTTCCGGGGAGGGACGGCTTCAGGTGTCCCTCCTGACACCTTGGATGGCATAACCTGGATATGTGAGTTCTTCAGGACGAAACGCGGTGCGCGCCGCTCGGCGTGTGGTGGTGAAGATCGGGACCAATGCCCTCACGAACGCCACGGGGCGCTTCAACCGGGCCCACTTCGAGGCGCTGGGGGAGGATCTGCTGTGGGCGGCCCAGGGCCGGGAGTTGGTGGTGGTGTCCAGCGGCGCCATCGCCCTGGGCGTGGAGCGGCTGGGGCTGCCCGCGCGCCCCAAGGACATTCCCGGCAAGCAGGCGTGTGCCGCGGTGGGTCAGAGCCGGCTGATGCAGGCGTACGAGGAGGCCTTCGGCAAGGCGGACCGGCGGGTGGCCCAGGTGCTCCTCACCCATGGCGACGTGCAGGACCGGCGGCGCTACCTCAACGTGAAGCACGCCCTGGAGCGCCTCATCGGGGCCGGGGTGGTGCCCGTCATCAACGAGAACGACACCGTCTCCGTGGACGAGCTCAAGTTCGGTGACAACGACACCCTGGCTGGCCTGGTGGCGGGCGTGGTGGAGGCGGATGTGCTCGTCGTCCTCTCGGACGTGGAGGGGCTCTTCACCGCCGACCCGCGGAAGGACCCCGACGCCCGCCTGCTCTCCCAGGTAGATGCCGTCACCCCCGAGTTGCTGGCGCTGGCCGGTGGCTCCGGCTCCCTGGTGGGCACCGGTGGGATGGCCACCAAGATTCGCGCCGCCGCTCGCGTCACCGAGCTCGGCGTCCGCTGCCTCATCACCTCTGGCGCCGTGCCCGGCCGGTTGCGCTCCGTGCTGTCCGGCGAGCCCGTGGGCACCCTCTTCGAGACCTCCGGCTCCCGGCGCAGCGCCCGCATGGCGTGGATCGCCCACGCGCTCAAGCCGAAGGGGAAGCTCATCGTGGACCCGGGAGCGCGCGAGGCCGTGGTCACCAGCAAGCGCAGCCTGCTGCCCTCGGGCATCCGCCTGGTGGAGGGGGACTTCGGCCGGGGAGACCCCGTGGATCTCGTCGACGAGCAGGGGCAGGTGTTCGCCCGCGGCCTCAGCTCCTATGACGATGGGGAGTTGCGGAAGATCGCCGGCCTCAAGAGCGCCGATATCGAGTCCGTGCTCGGCTACCGGTACCTCGACGAGGCCGTGCACCGCGATGACCTGGCGGTGCTGTAGACCCTCTCCCAGGGGGAGAGGGAGTTGGCTCAGATGGGACGGCCGGAGCCGCCCACCGCGGCGTCCTCGCTCAGGTCCATCAGCGCGCGGAACTCG
CP043495.1_gap87	2791302	2794231	2929	AGAAGGGGGAGACCAACCGCATCACCTTCGACAACACGAAGAACCCGCCCGGCGAGGAGGAGTGGCGCATCTGGAACATCTGGCTGGAGAAGGTGCTGTTGCCGGAGATTCCTCCCGACCAGCTCGTCGAGGAGGCGCGCAAGGCGTACAAGCGCGGCGCCAAGAACATGGAGAACAAGGAGGTGGGTGCGCGCAACCGCTACGAGGCGTGGAAGTCCTTCCGCGAGGCGTGGCTGTTGCTGGAGGCCCACCCCGAGCCCAAGCCGGACCTCTATTACGAGGCGCGCGAGCGCGTGAAGGACACGCAGACGGAGCTGGACCGTGTCTGCTCCAAGCTGATGCTGGAGGTGGAGGGGTACGTCAACCAGAACAACTGGCAGGCGGCCTCGGCCACGTTGGACCACACGCGCGAGTACTTCCCGGGTGAGTACGACCAGCGCTGCGCCCGCATGGCGGAGATCCGCCGCGCGGACCTGGGGCTGTAGCCGCCTCGTGTCCGGCGGGTGACGTCCGGGCCGCTCGGGGGATTGCCCCGGGCGCCAGGTGGGCCGGTTGCCGGACGCCGGAGTCATTCCCACCCTTGTCCCACCATGCGTGAGCAGGAGGTGGGCATCAGTTCGGCGTTCGAGGAACAGGCGGGGGAGTCACCCAAGCAAGAGGCTGGCTGCCCGCCCGCTCATGAGCCGGTGTGGAGCCCCCACGTCTCCTCCGCGCTGCTCGCCCGGTACTACCTGCCGCGCTCGCACGGGGTGATCCGCGGCAATGGCTGCCAGTTGTTGCGCGACGGGGTGGAGGCCTACCCGGCGATGCTGACGGCCATCCGGGGCGCGCGGCGCTACGTCCACCTCGAGACGTACATGTTCATCTCCGACGCGGTGGGTGAGCTGTTCGGCGAGGCGCTGGCGGAGGCAGCCGAGCGGGGCGTGCACGTGAAGGTGCTCTACGACGCGCTGGGCTCCTGGACGAGCCGGCGCGGATTCTTCGAGGCCCTGCGGGTGCGCGGGGTGGACGTCCGCCCCTTCAAGCCCTTCAGCAGCCTCGGCCGTGGGTTGCGACACCTGTTGCGGCGCGACCACCGGAAGATTCTCGCGGTGGACGGAGAGGTGGCCTTCATCGGCGGGGTGAACATCTCCGCGCACTGGGCGCCCGAGGGGGAGGGCGGTGCCTGGCGCGACGACGTGCTGCGCGTGGAAGGGCCGGCGGTGTACGAGCTGGAGCGCCGCTTCGTGGCCACCTGGCGCATGGCCTTCCAGGACAGGTTCCGCTCCTGGCGGGAGACGCGCCGACGTCGGCGGGCGGCCAGGTTGCATCGGCGGGGAGACGTGAGCCTGGCGGTGCTCTCCAGCCGCCGCGGCATCCACCGCGCCTACCTGCATGCCATCTCCCGTGCGCGGCGCAGCGTGCTGGTGGCGGCGGCCTACTTCATTCCGGACCGGAAGCTGGTGGCCGTGCTGCGCGAGGCCGCCCAGCGCGGGGTGGAGGTGAGCCTGCTGCTCAACGCGAAGAGCGATCACCCCTGGCTGGTGCACGCCACGCGCGCCTTCTACGAGAAGCTGCTCACCGCGGGCGTCCGCATCTTCGAGTGGGAGCGCTGCGTGCTCCACGCGAAGACGGCCGTGGTGGACGGGGTGTGGGGCACCATCGGCTCGTTCAACCTCGAGCGGCGCTCGCTGCTCTTCAACCACGAGGTGAACGCCGTCTTCGCCGACCCGCGGCTGGGGCGCAGCCTGGAGGAGTCCTTCCGCGGCGACTGTCAGAGCTGCCGCGAGGTGGACCTGGCCGAGTTCCGCCGCCGCCCCCTCTGGCAGAAGCTGTTCGAGCGGGTGCTGTACTCCTTCCGCAAGGTGCTCTGAGGCGCTCGGTCCGACAGAGTTGACGGGGCCGCACTCCGCCATGGAAAGGAGCGGGGGAGAATCAGACCTCCTCGTCGGGCAGGAGCGTGAGCAGCAACTCGTCGTCAGGGCCGGGCGGACGCCAGCCGGGCGGCGGTGGGGTGGCGAGGAGCGCATCGCCAGCCTTCCTGACACGCTCCTCATGGGTTTCAGGGGTGTATGCAGACCAGAGGCCGAGTGCTTCGGCGACAGCGAAACGGGCTTCGTCATCCAGCACGGACGGCCAGCCGTTCGGGAGTGCTTCGGCCAGTTCGCGCACGAGTTGCCCGCGCACCAGACGCGTGACCTTGCCGCTTCGCTCCGCCTCGGCAACCAACCCGCTGAACACCTGCACTGCCGCGATGTCATCAGGGCCAAGCTCGTCCGCGAGTTCCACGAGCGAAGCGGTGGGATGCGCCTCGGCGAAGGCGGTGAGCGAGTCGTAGCCGCGCTTGCGGACCCGCTCATACAGGCGCGCCTTGACGTTGCCCTGCCAGGCACTTCCGTCGCTCATGGTCCTCTCCACGGGACGAAATTCATCGGGATCCTGTAGCGCTTCATGTTGGTTGCGACAATTCTCAGGATCGCATTGCGCGTCAACATCCGGCCAGCCCTGGTCTCGGCCTCATACAGCGCCTTCATGACCATCCGGTTCCATTCGCCAGGCCATGTGCGGCCCAGCTTCCAGTCGCCACCGCCGTGAATGGCCTCGTGGTGCGCCTGCTCCAGCTTGACGCAGAATTGGTCGATGTCCATGTCGCCAGTGAAGCCGCGCTTCTCGAACCACTCGCGGAACTCCTTGGGCAGAACGTGGTGCCGGGGGGGCTCGGCCATGCCGGCCCCAGCTCTGTCCGTCACTCGCATGCCCCGTACCTCGGGCCCGTCGCCGAGGGCCTCGCGCACGCCGCGCGGCAACTCGCCGTGCACCATCATCATCTGGCCGGCATGAATCCGCACCGCGGCGCTGACGGCGGGCAGGGAAAGGACGCCTGCCCGCACCAGCCGGTTCACCATCTCCACCCACTCGGCGGAGACGACAATGCGCGTGCCCATCATCA
CP043495.1_gap88	2866260	2870986	4726	CGGGCGATGGCGAGTTCATGGAGTTGCTGCGTGAAAACTCCCAGAAGGGCCGGGACACGACGGTGTTCGGCGTGAACATCGCGTTCGGGCAGGAACTCGTCACGAAGATGTCGGCCGTGCGCGGCTCCAACTACTTCTACCTGAGCGACGCGGAGCGGACGCGGAAGGTGTTCGACGAGGACTTCGACTTCCTGGTGACGCCCATCGCCTACGACTTGAAGATGGCGCTCACGCCGGCCGAGGGCTCCCGGGTGGAGGCGGTGTACGGCCTGCCCGGAGTGGAGCCCGGGGCGAGCCAGGCGGTGATGGACGTGGCCACGGTGTTTCTCTCGCGGCGCCGGGGCGCGGTGCTGGCGCGGCTCAGCCGGCCGGAGCAGGGGCAGGTGCCGCCCAACCAGCAGCTGGTGACGAGCGCGTTCTCCTACAACGCGGCGGAGGGGAACTCGGGCACGGCGGTCACCCTCACGGCGAGCTACGGGGGCAGCGAGCCGCTCGTGTCCTCGGAGGCGTGGTACTCGCAGCGCACGGTGCGCAAGACGGTGGCGCTGACGAACTTCATCCTGGGGGCCCGGATGGCCTGCGACAAATGGATGAAGGGCGAGCAGGTGCAGGCCCGCGAGGTGGCGGACCGGACGGCGGACCTGCTGCGCTCGGAGGCGGAGGTGCTGGACGACGCGCCGCTGCGCACCGAGGCGGAGCTCGCGAGCAAGCTCGCCGCGTTGATGGTGCGCTGAAGAACCCCAAGAACCCCTCTCCCCCTGGGAGAGGGACAGGGTGAGGGTGTCACGGGCCCTGGGTCGAGCCCGTCACCTGGGGCACCTTGCCCGGGGCCGCGGGACGCGTGGGCCAACGCATGGTCCACGTCGCGATCTGGTACAGCCCCTTCTCGTTGGGAACATGGGCGGCCACCATGGCCACGTCGCCGTTCACCGCGGAGGTCAGCGACGTGTCCATGCCGAACTCATTCCACACGAGCCGGGTCCGCGCGGGCCCGTAGGCATAGGTCTCCCAGGTGCTGAACACCAGTTGGTGGGACTCGTTGATCCAGAAGATGCCGCGCTCGGAGCCGTTCTGCAGCGGCTCGGCGATCAGCGGCATTCCCATGGGGCCATCGAGGATCTGTCCGAACAGGGTGCAGCGCTGCTCGAGCGTGGCGATCTTCAGGTGGCAGCGCCGGGCCTCGCCCCGGTAGTGGATGTGGATCCACTCCACGTTCGTGCCGTCACTGATGACGGCGACGGTCGTCCCGAAATTGAGGAAGACGCGCTTGAGGACGGCCTGCTCGGTCTCGGCGGACATGCCCGGGACCTTGGGCCACCGGTTGACGGTCCGGATGGTGGGCGGGACCTTGGATTCGGGGATGACCTTGGGCTCGGCCGAGGGCTTTCCATCGAGGCCGTACGGCCGGGAGTAGTAGCGGTCCTCGATGGACGAGCGGTACGTCACGACGAAGCCCTGCTCCGAGCGGCGGACGTCCGGATAGACCTCACCGGGAGGCGTCTGGTGCGCGTGGGCGAGGGTGCTCGTCATCCACGCGGCGAGCAGGACTCCGCGCATCCATACCGGGGGGTTCTGGTTCATCATCCCCCGAGCCTACCCGAGAGCCCGGCCCTCGTGGACCTCCCCCGGGTCATTCGCGGGGCCGGGCCGTCTCCACCTCGGGGTCCGGCGTCCCCTGGAGGTAGCCGGCCTGCTGGAGGGCCTCGATGGCGGCCTGGCCGATGTGGCCCTGCTCCGCGGTGGTGCTCCGGCGCTTCCACCGCTCGAGCTCCGCGCGCAGGGCGGTGGAGGCCGCTTCGGCCCGGGCGGACTCCTCTCCGGCGATGTCGCGCTGTCCGGAAGGATCCTTCGCCAGGTCATACAGCTCGCGTGGCTTCACGGTGGTGCGCAGGCCGTAGGAGAGCACGGACTCCTTGCCTTCGGGGTTGATGATGACGAGCTCGTCGCCCCGGTACTGCGCGAAGAAGTAGCCCTTGCAGTCGGCGTAGGCGGGGGCCTCGGGGAGCGGCTCGCCCCGGAGCGCGGGGGACAGGTCCCTCCCGTCCAGCCCGGGCGGGTGCGGCACTCCGGCGAGCGAGAGCAGGGTGGGGAACACGTCGATGAGCTGGACCCGGGACGGGATGCGCTGCCCGGCGGCGAGGTTGCCCTCCCAGGCGATGATGAGCGGGACCTGGAGGACGGAATGGTGGGGCGCGACGTGCTCGAGCACGGCACCGTGCTCGCCGAGCCGCTCGCCATGGTCGGCGGTGATGACGACGATGGTGCGATCCAGCACGCCCTGCTGGTCCAGCGTGGCGAGCATCGCCTGGATCTCCTGGTCCGCGTCCACGATGGCCGAGTCGTAGAGCGCGTTGATGTGCTCCTGCTCGCGGGGCGTGACGTCCCCGGGGGACATGAACTGGTTGTGGTCCTCCTGGGTGAAGGCGTTCTGGAAGCGCCCCTCGTAGCCGGGGTCGAACCGGAGCGGCTGCCGGGGGGTGAGCGGGTAGTGGACGTTCTCCAGGTGGAACCAGGCGAAGGTGGGGTGGTCGGCGAACTGCGCGGCGAGCCGCTCGAGCTGCTTCTGTGGCGAGGGCTTGATGAAGACGTTGATGCGGTCGGCGTCGTCGAAGTCGGACAGGTCGATGGGCGGGAAGAGCGCCTGGTCCGTGCCAGCGAAGGTGTCGTAGCCGTGCGCTGCGAGGAGCTGGGGAAGGGTGGCGAGGTCGGGCGGGGGCCGCTGCCCGCGCTCCTGGACGCCGGTGTGGAGGGGGTAGCGGCCGGTCATCAGGGAGGTGATGGAGGGCCAGGTCAGGCAGGACTGGGCGGTCGCGCGGTCGAACTGGACGCCCGAGCGCGCGATGTGATCGATCATCGGCGAGGTGTTGCGCCCATGGCCATAGGTGCCCAGGCGGTCGGCGCGCAGGGCGTCCACGGTGATGAGCAGGATGTTGGGAGCGGACGAGGCGCTCATGACGCGGGGGGTGGACCAGAGACCGCGTGCCTCGCCCGTGCCGCCGGCGGCCTGGGCCTCCAGGGTGATGCGCGAGCGCTGGCCGGCCTCGCCCTCCAAGCGCAGCCGCTGGTCGTGCCACTTCAGATCCGCCGGCACCACCTCGTCGAGCAGCACGCGGTCATCCTGGCGGGCGATGAAGCGCACCGGGGCTCCGCGCGAGCCCTGCTCGTGGCCCAGGCCCACCCAGAGCTCGGCGCGCTCGGGCAGGGTGACCTCGAAGGTGTAGCGGCCGCCGGGACGTGCCACGAGCCCCGTGCGCCAGCTGGAGCCCGTGGGGCTGGCGTTGGCGGCGCGGCGGATGAGGCGCGAGAGGATGGGGTTGCCCGGGGTGCGCCAGTCCGGCATGTCCGCGTTCAGCACCTCGATGCGCCGCACGGCGTTGGCCGCGCCGGAGATGACGAGCAGGCCCGCGCCCGCGTTCGAGGGCAGGTGAGCGAAGCGCTGGCACATCCACTGTCCGTTGGAGGCGCGCGAGGACCGCAGGCAGGGCCCCAGCTCCTTGCCGGGGAGGGGCCCGTCGATGGGCCGGGGCTGGCCTCCGAAGGCCGCGGCCTCGGCGGCGTCGAGGCTGCGCAGGGAGATGGCGGGGCGGGGGCCCTCGGTAGGGGCCATCAGCACGCGGAGCACGAAGCCGCGCACGGGCTCCACCGGGATGGGCACGGCGAGCGCGGCGTGGCCCGTGGTATCCGGGAAGCGCTCCAGCTCGAGCAGCGCCGGCTCCACGGGGGGCGCCGGGACCTCGAGGGCGTTCGCCAGGGCATCGATGAGCCGCGGGGACGTGGGGGGCGCGGCGTGGGGCCTCAGGGTGAAGGCCAGCCCCAGCGCGCCGGCCAGCAGCACCAGCAGCACGAGCATCCGCGCGTGCTTCATTGTTCCTCCCGGTAGACGAGGTGCTCACGCGCGTCCAGCCAGCGCAACGGATCCTGCTCCATCCAGCGCAGCAGCTCGGCTCGCAGCGAGGCGGTGACGTCCGGGTGCTCGCTGGACAGGTCCCGCTGCGCGTGGGGATCCGCCTTCAAGTCGAACAGCCGCAAGCGGGGCGACTCGTTCGTCGGCATGTAGACGAGCTCCCAGGGTCCCCGCCGCGCGGCGCGGAGCTTGGCGGTCACCGTCCGGTCCAGCCACGAGCGCTTGAGCACGAGCGCATGTGTGCCGGGCTCGACTTCCAGCAGCTCCAGCAGGGCCGGGTAGGTGAGGGCGCCGGGCGGTTGCGACCGGGGGCCGCCGAGCCAGAGGGTGGTCTCGGCGAAGACGGTGCGGTCCTCGGGGATCGGCTGGAGCAGGGAGCGGCCGTCGAGGCCCTCGGGCACCTTCAGTTGGAGCGCGTCGAGGAGCGTGGGCATCAGGTCCACCCCGCTGGCGAGCCCCTCGCGGGTGCCGGGCGTGATGCCGGGGCCCTGGAGCAACAGGGCGGTGCGGTTGGCGGCGTCACCGCCCTCGAACCACTTGCCGTGCTCGGTGGTGGTGCCGGGCTCGAAGAGGTTCTCCCCGTGGTCTCCCGTCACGACGAGGAGCCGGTCCTGGACGCCATCGGCCTCGAGCCGCTCGACGAGCCGGCCCACCTCGCGATCGAAGGCCCGGAGGCTGCCGTCGTAGAGGGCGCGGATCTGCTCGATGTCCGTGTCGGCCGGACGGTCGGAGGCGCGGGCGAGGTCGTTGAGCTGCTGGAGCTCGTAGGAGTAGCGGCTGGAGCCGGTGTAGTCCGGCCGGGTGTAGGCGTTCGCGTCCGGC
CP043495.1_gap89	2919354	2921592	2238	CTGGAAGGGCCTGGCGGCGCTGAGTGGCTCGTGGATCGGCGGCAGCGCCAACTTCGTGGCCATCGGGCAGAGCATCGGCACGCACGACAACACCCTGAGCATGATGGTGGTCGTGGACGTGGGCGTGTCGAACATGTGGACGGCGGTGTTGCTCTACTTCGCGGGCCGCGAGCTGGCCATGGATACGAGCATGGGCGCGGACCGGCGGGCCATCGACGTGGTGCGCGAGCAGGTGGAGCGTTTCCAGGCCTCGGTGCTGCGGCCCGCGAGCCTGACGGATCTGGTGTGGATCCTCACCCTGGGGTTTGGCACCACGGTGGCATGTACGGAGATGGCGAAGCACCTGCCGGACATTGGCACCATCATCACGGGCTTCACCTGGGTGGTGCTCCTGGTGACGACGGTGGGCGTCGCGTTCTCCTTCACCCCGCTGCGCAAGCTGGAGGGGGCCGGAGCCAGCCGGGTGGGCATGCTGTTCCTCTACGTGCTGGTGATGACCATTGGCGCCCGGGCCGATTTCCGGCGGCTGCTGGACGCGCCCGCGCTGGTGGCGGTGGGCATGGTGTGGATGGTCATCCACGCGGCCTTCATCATGGGGACGCGGCGGCTGCTGCGAGCGCCGGTTTTCTTCGCGGCCGTGGGCTCGCAGGCCAACGTGGGCGGAGCGGCCTCGGCGTCCGTGGTGGCGGCGGCCTTCCACCCGGCGCTCGCGCCCGTGGGCGTCATGCTGGCGGTGGCCGGCTATGTGCTGGGCACCTACGGCGGACTGCTGTGTGCGGTGCTGCTGGAGCAGGTGCACCGGATCATCCACTGAAACCCGCCTCGATGAGCCGCACTGCCTCGTGGGTCCCGTTGACGTAGGAAGGCACGGGCCGCTCGGGGCATGAGGTGGTCCCGCTCCGCAGCAGCTCCCTCACGCGTTCGAGGGCTTCGTCGAGCGTGGAGATGCGCTCCGAATCCCGGAGCCGCAGTGCCTGCCGGTCATAGAGCCGGGGCCGGGCGATGGCCACCAGCGGTGTCCCCGTGGCGCGCGCCTCCTGGACGGTGTTGTAGCCTCCCGCGCCCACCAGGACGTCGATTCCTCGCATGATCGACAACGCGGGCCAGAGCTTCCGTGTCGCGCTGGGAGACAGCAGCCGGACGAAGGTACGTGGGCCGGGCATACGCTGGAGTCTCTCCGCGAGCGCGGCGGACTCGTCCACCTCCTCGGATCGGCCACAGGCCAGCACGGCCACCACGGGTACCGTCTCCTCTCCGGCGGGCACGCCCAGTGTCCTCCGCGCGGTGAGGACGCCCAGCAACTCCCCGGCATCGAGCAGCAGCCACGGTGGCGTGCTCATGGCGCGCGGGTGGTGGGCGAAGGGCGCGGGCTCGCCGGGGACGAGCAGCCGGTCGAAGGTGTCGACGACTCGCGCCAGCTCGAAGCGCTCCACGTAGTCCGGGTGCAGGTCCCGGTGCACGAGCACCTTGCGCGCTTTCATCCCGGGCAGCAGCGGCGCGAGCTCACCTCCGAGGCCTCGCGGGAAGGTGTCCACGACGAGCACCTCGGGGCGGACGCGGTCGAGCAGCCGCTCGATGGACTCGCGCACGGCGTGCTTGTCGAGCTCCGCACCGAGCCGGTGGACGTTGCCCTCGCCCAGCTCGGCCTCCAGCGCCAACCCGGGAGCGAAGGGGCTGTTCGTGATGACTTCCACCCGATGGCCCCGCCGCCGGGCCGCGCGCCCGAGTGCCACGGCGCGCGTGAGGTGCCCCATGCCTCCGCCGAGCGCGTAGATGAGCCAGCGTTCCCCGCTCATGGCTCAGCTTCCGCCCATGTCCTCCTCGAACTCGCGTTGCTCCCAGGCGCGCTGGTGCAGGGCCTGGCCATCGGCCTCGGTGAAGTCATTGGGGTCGTTGAGGAGGTCATGGCCCCAGTATCCGTGGTCGTAGTAGCCGTAACCCCGGTAGTAGTAGCTGGAGTAGAGGTAGGGGTCGTCGTTCGCGCCCGCGGGGGGACGGCGGAACTTCGAGGTTCCGGCCTCCTCCCGGCGGGTGGCCTTGAAGCACTCGGTGCAGGCCTGCTTCCCGTTCCACGGATGGCCATGCTCGGCGCAGATGGGCTTGTCGCACTGCGCGCACCGCTGGGTGGCGGGCCGGGGGCAGTCATGCGCGAAGAGGAACCCGGCTCTCTCCTGACAGGCACCGAGCATCTCGCGAGGGGAAGGGGACATAGAGGCTTGCGATTTCCTGGAGGCGCAG
CP043495.1_gap90	2924991	2928730	3739	CGTGGCTTCGGGTGGGCAGGGGCCGGAAGACCACGCCGTCCAGGCCCAGGCGCTTGCAGGCGTCGGCGAAGCGCTCGGTGCAGACGATGACGGAGGAGTAGTCCTCCAGGCGGAACAGGTCCAGGTGGCTGGGAAGCGTGAAGGCGTCCAGCAGGGGCTCAGCAGGCAGGGGGACGCGGTGGTGGCCACAACGAGCGCAGGGAGGCTTGCGATTCGAGGGCAGACAGTCCGGGTGCACCTTGCCGACGGGGAGTATTTCCAACTCGAGCAGCTCGGGTGATGCGCGCTGCCGGAAACGTAGGGAGGTGGGACACCCCTTGAGCCCACGCAGGCCCTCGGCATGGAGCTTTTCCAGCGCCTCGCGCTGTATCAGCAGGACCCAGGGAACGGGAGAGACGAACTGCCCGAATCGGCCCTGGGCCTTGCCCGCGATGGGCCCAAACCCGGCTCCGGGCTCGAGCATGGCTCCCGGAGGGAGTAGGGGACGTATCAACCCACACAACCGGTCATACTCGTCTACGGGCTCGGGCCGGGCTTCCTCGAAGTCAGCCAGGGATTCCACTGGGGTCAGATCCACTGAGGGGTATGCCTTGGAGCCAGAACTCCAGATGGCCTTGCAGGCAGGGCAGATGATGCCCGGAAGCCCCCACTTGTGCGTGCCGTCGATGTAGCCCGTGTATCCCGCGGCCCTGTCTTCCTCGATTTTGAAATAGCGCATGTGTGGGCGTCTTGCCTGCCTCAGCCGCAGGAATAGGAGACGAGAGCACCATTCAGATAGAACCGGTTCATGAGCTCGAAAGCATGCCGCCAGATGTCTTCCTGGGTGGCAGTGTCCTTGTTCTGTATCACGAATTGCCGCCAGGCCTCATTCCATTGACCTCCTCTGGGTCCACCGCTGTGCAGCCAGGAATGAAAGCTTTTGGGGAGCCGCATGGTGAAGGCATGAATTTTGATGCCCTTGCGGTCAAACCATTCGGCCAGGAACTTCTCCTGCGGAAAGATGTGATGCTTTTCGAGGGGCTCCCGAGAGGGGATGCACGGGGCACGCAGCGCCTTGGGCGCGTACTGGCCGCGGATGTTCCAGTTGTGCCAGGGGATTTCGAAGATGGCCTCCCTGCCGCCGGGAGCGGCCAGCGGGCGTCCCCACCAGCGGGTGGGATTGGGAGGCGGATGCAGAGTGCCATGCGCGAAGGCCAGCAGTACCGGGCGGTCCTCCACCTCCACCACGTCCTGACACCGCCAGAGAGCACAGCGCTCCTCGTCACACAACGGCACCACGCAGCTCGGGTCCGCGCGGGCCTCCTCCCACGAGGACGCAGCGTCGAGCGTTGCGCCGTCCTCGTGTACGGTGGGCGCGGTAGCACAGGCGTTCAGCAGCACCCCGAAGAGCGCCAGCCTTTTCACGGAAGTCAGAAGGCTCATCTAGCCGATGCTGCTCTCTTGAGAATGCCAGTTCAGGCCATGGGCGCGGGGGTGCTTACCTGGGGCTCCCCGGCCTTGGGTTTGCGCAGCACCGAGGCCGCCACGCCGCTCAAGCCAATCAGTCCCACGAGGTTGGGGAACACCTGCAAGCCATTCATCAAGTCTCCCCAGGCCCAGATGGTCTCCACCTTGCCTATCGCGCCGAAGACGACCAGGCCGCAGTAGATCCACCGGTAGGGTTTGGTGATGCGCAGGCCGAAGGCGTACTCGAGGAACTGCTCGCCGTAGTAGGCCCAGCCGATCAGCGTGGTGTAGCCGAACAGGAAGGCGCAGAAGGCCACCACCCATCCACCCACCGTGGGAATCGCCGTGTTGAAGGCCTGCGCCACCACCGCCGTGCTCGTGAGCCCGGACGTCCACGCGCCGCTCGCCAGAATCACCAGCGCGCTGATGGTCGAGGTGACGCACGAGACGATGAACACCTCCATCACCGCCTGGAGCCCCTGCTTCACCGGGGCATCCGTCTGTGCCGTGCCGTACGCCACCGCCGCCGTGCCGTACCCCGCCTCGTTGGCGTAGATGCCCCGGGCGATTCCATACCGCATCGCCGTCATCATCCCCACCCCGAGCGCACCGCCTCCCGCGGCCTCCATGGAGAACGCCTCGCGCACGATGAGCGCGAACACCGACGGCAATTGCGCCGCGTGCGTGAGGATGACGATGAGCCCTCCGGCCAGGTACAGCCCCACCTTCAGCGGCGCGAGCTTCTCGGCCGCGCGGCCAATGCTCTTCACGCCGCCAATCACCACCAGCCACGTCAACACCGCGAGGCCCAGGCCCGAGTACAGCGGGGGAATGTCGAACTGGCTCTGCCACACCACGGCGATGGAGTTGGGCTGGGTGAAGGGCGTCGTCGTGAGCGCCGCCACGCCCGCGATGACCGCGTAGAGCCACGCCAGCTTCGGCGAGCCGAGCCCGTCCTTCAGGTAGTGCATGGGCCCCGCCGACAGCCGGTCCCCGTGTACCTTGCGATACTGGATGCCCAGCACCGCCTCGCAGAACTTGATGCTCGTGGCGAAGAAGCCGTACACCCAGATCCAGAACAACGCACCCGGTCCGCCGCTCACGATCGCCGTGGCCACACCCGCGATGTTGCCCGTACCAATCGACGCGCCGAGCGCCGTCATGAAGGCCTGGAAGGGGCTCAGCGTCCCGGCGCCGCTCGCCTGGGCCGGCACCATGGCCCGCAGCCCCTCCCGGAAGCGCGTGACCTGGACGAAGCGCAGCCGGATCGTCAGGAACACACCAGTTCCCAGCAAGAGGGCCATCGTCCAGGGGCCCCAGACGGCATTACTGGCTACGTCGATCGCGTTGCGGATGGATTCGGGCAGCATGGAGTCCCGTCATAATCCCATCCGCGCCTCCGGGGCACCCACCGGATAAAGAGAGGATCATCGTGACCGCCCCCGCCACTCCCCAGGAGCTCTTCGCCCTCTGGGCCGACGTCCGCCTCCAGGGCCTCCCGCCCCCCGCGCTCGTCCGCCACCCCCACGTGCAGTCTCAGCTCCGCCGGCTCCATCAGTCGGCGCCGGACCTCTTCCAGGTGGATGAGGTAGGACGCTCCGTGGAAGGACGCCCGCTCCACCTCGTCCGCGTGGGCTCCGGCCCCCGCCACATCCTCCTCTGGTCCCAGATGCACGGGGACGAGCCCACCGCCACCACCGCCCTGTTGGACCTCTTCGAGTACCTCCGCCTCCACCGTGCCTCCCCGCGCGTGGCCCGGTTGCTCTCCGCGCTCACCCTGCACGCCGTGCCCATGCTCAACCCCGACGGCGCCGAGCGCTTCCAGCGGCGCAACGCCCAGGGCATCGACGTCAACCGCGACGCACTCGCGCTCCAGACGCCCGAGGGCCGCACCCTCAAGGCGCTCCGCGACAGGCTCCAGCCGTCGCTCGGCTTCAACCTCCACAACCAGAGCTGGCGCACGGCCGTGGGGGATGGCTCGCGCCGGCCCGCCTCCATCTCCCTGCTCGCTCCCCCCTTCGACGCGTCGCGTAGCGACAACCCGGGCCGGGTGCTCGCCAAGAAGGTCTGCGCCGTCATCCGGGACGCCCTCGAGCCGCTCGCTCCCGGGCAGCTCGGCCGCTACGACGACTCCTTCGAGGTCCGCGCCTTCGGCGACAACCTGGTGCGCTGGGGCACTCCCACCGTGCTCATCGAGACCGGTCCGTGGCCCTCCGCCGAGCCCGACGAGCCGCTGCTCCGGCTCAATTTCGTGGCCCTGGTGTCCGCCCTGGAATCCCTCTCCACTGGCGCG
CP043495.1_gap91	2998391	3001644	3253	TCCAAAGGAGGACACGCATCATGAGCAAGGACAAACCGAAGACCTATCGAGAGGGAGGCCGATTCCCTGGCCGGATTGGCAGGACCTGGGAGGATTCCGAACCAGCGTTTCCGGTCCCCTCCCCGGCGCCAAAGGATGCTCCGAACATCCTCTACATCATCCTGGACGACGTCGGTTATGGCTGGTGCGAGCCCTTCGGTGGGTTGATCCACACGCCCCACCTGACGCGCCTGGCACAGGGAGGATTGCGTTACTCCCACTTCACCACCACGGCGCTCTGCTCACCCACGCGCGCGTGTCTGGTCACCGGCCGCAACCACCACTCGGTGGGCATGGCCAACATCACCGAGCTGGCCACCGGCTACCCCGGCTACAACGGACGGCAGCCGCAGGACAAGGCGGGCATCCCCGCCATGCTGCACCAACACGGGTACACGAGCTTCTGCATCGGCAAGTGGCACAACACGCCGTCCGAGGAGACCACCATCGCCGGGCCCTATGATCGCTGGCCCACCGGCCCCGTCTTCGGTTTCGACCGGTTCTACGGGTTCCTCGGCGGAGACTGCGACCAGTGGGAACCGAAGCTCTTCCTCGACCGCGAGGCCGTTGATCCACCCAGGACACCGGAGCAGGGCTATCACCTCTCCGAGGACCTCGTGGACCGGACGATCAGCTGGGTTTCCCAGCACTACTCGGCCGATCCCTCGCGCCCATGGCTGACCTGGCTCGCCCTCGGATGCGCGCACGCGCCCCACCACGTCGCGCCCGAGTGGATCGACAAGTACAAGGGCAAGTTCGACATGGGCTGGGATGCCTATCGAGAGCAGGTGCTCGCCCGCCAGAAGAAGCTGGGCATCATGCCCGAGCACACCCAGTTGGCCCCCATGCTCGAGGGCGTCCAGAAGTGGGATGAGCTCTCCTCCGACGAGAAGCGCCTGTTCGCCCGCATGGCGGAGATCTACGCCGGGTTCATCGAGCACGCCGACGCGCAGATTGGCCGGCTGCTGGAGTTCCTGGAGCGGACGGGCCAGTTGGACAACACGCTCATCTTCGTGTTCATCGGCGACAACGGCTCCTCCGGCGAGGGCTCGCTGAACGGCATGTTCAATGAGCAGAGCGTGGCCAACAACGTCGAGGAGACAGTGAAGCAGAACCTGGAGCGGCTCGAGCAGTTCGGCCAGCCTGGCTCATACAATCACTATCCCGTGGGCTGGGCGCTCGCCGGCAACACGCCGTTCAAGCTCTGCAAGCAATACACGCACTTCGGCGGAGTCCGCAATCCATTGCTCGTGCACTGGCCCCGTGGAATCCAGGCGCGGGGTGAGCTGCGGCACCAGTTCCACCATGTCATCGACATCGTGCCCACCATCCTCGAGGCCATCGGGATCGAGGCACCCCAGATCATCAACTCCGTGCAGCAGGCGCCCGTCGAGGGCTTCGCGATGAACTATTCGTTCGACGATGCCAGGGCTCCGTCGAACCACGCCACCCAGTATTACGAGATGCTGGGCAATCGCGGGCTGTACCACGACGGCTGGAAGGTCGTCACCTACCACGGGCGCAGGCCATGGGAGAACAAGGCGCGGTGGGACTTCGACGCGGACCACTGGGAGCTCTACAACCTCGCCGAGGATCCCTCCGAGTCCAGGGATCTCATGAAGGGAAGGGACGGGTCCAAGCTGGACGACCCGATGGTCAAGAAGCTGCTGGAACTGGTGAGCTTGTGGTGGGCCGAGGCTGGAAAGTACCAGGTGCTGCCGCTCGATGACCGCTTCCAGATACGCGCGCTCGGACGCAAGGGGCTCTATGCCCAGCGGGAGCGGATGACCTTCTACGAGGGCTCCGTGCGCATCCAGGAGTTCGCCGGGCCCGACACGAAGAACCGTTCCTGGGAGATGACGGCCGAGATCGAGGTCCCCGCGGGTGACGTCAACGGACCCATCGTCGCGTTGGGAGGGGCCTCCGCGGGCTGGTCGCTGTACCTCAAGGACTCGGTGCCGGTGTTCTGCTACAACTTCCCCGGTCCCGAATACACGTTCATTCGCGCCACCGCACCCCTGACACCCGGGCGCCACGTGTTGCGGTACGAGTTCGAGAAGACGGGCCCGGAGCCGTTCGGCGCGGGTGGAACAGGGCGGTTGTTCGTCGACGATGCCCTGGTGGCCGAGGGCGCCATCAAGCGGACCGTGTCGGTCGGCTACTCGATGGATGAGACCTTCGACGTCGGTTGGGACAAGGGAACAGCGGTCACTCCGGAGTACGGGTCCAATGCCAGGTTCACCGGGCGGGTCCTCCGCGTGGACTTCGATCTCAAGCCCGACTTCCACCCCGACTACGAACCCGACAAGCAAGCCGAGGCGAAGTTCGCCCACCAGATGCTCCGCCAGTAGAGCCAGCGAGGTGGGCGGGGCACCGCGAAAGGGTCGCCCCGCCCGTCCGGATCTGGACCCTACGCCTCTCCGTTGCTCGCGGGTACCAGCAGACGTTGGACCTGGGCCTGCGTCGCCTGGCTGATGGGCCATGTGCGAAGCCAGCATGGCAAGGCACCAGGAGGATGGTCACGATGAAAGGTGCGGCCTGGGAGAGGTCCGCCCATGATCGATTTCGATATGAGGCTGCTGGAGATGAGGGAGCCCCTCGTGCTCGTCCTCGACCGGGAGGGGCGGGTCCTCCTCTGGAATCGGGCGTGCTCGGAGTTCCTCGGGTATGACTTCGAGGAGGTCCGGGGAAAGAAGGTCGGGGCGCTCAGGCCCGCTTCGGAGTCGGCTGAGTTCACCAATCGCACGCTCGCCCAGATCCTGGAGGGAAAGGCTCCGCCCCAGGAATCACTCGCGATCACGAAGTCCGGGGAGCACAGGTGGATTGCCTGGTCGGCGCAGGTGTCGAGGACCTCCGACGGAAAGCCGGAGTTCGTCTATCTGGTGGGCGTTGACCGGACGGGTGCCAAACTCGCGGAGGCGGCGCTCCGCGCGTCGGAGGAGAAGTTCGCGGGAATCATCTCCATCGCCGCGGACGCCATCATCTCGGTGGATGGGGCGCACAACATCGTCATCTACAACGAAGGCGCCGAGAGCATCTTCGGCTGGCGGCGTGACGAGATCCTCGGGAAGCCGCTCGACCTCCTGCTCCCAGAGCGATTCCGGGAGCTCCACCGGCAGCACCTGCGTGATTTCGCGGCCGGGAGCGTGAAATCGCGGAGCATGGGCGAGCATCGGCCCTTCATCTTTGGCCTCCGGAAGAACGGCCAGGAGTT
CP043495.1_gap92	3027280	3029886	2606	GCGCAGCTGCTCTCCGTCGTCCGAGCGCTCGACGTGGATGCGCAGGCACTTGTCCTCCTGCTCGCTGTCCACCAGCGCGTGGCGCGCGTTGCTCAGCAGGTTGATGAGGATCTGCAGCAGCTTGTGCCGATCCACGAAGATGAGGGGCACGTTCGCGTAGTCCCGCACGATGCGGATGGCCAGCCGCTCGAAGGAGACGGCGTGCAGGCGCAGCGCCTCGTCGATGAGCTGTGGCACGTCCACCTGCTCCACCGCCCCCGCCGAGCGCGCGTGCTTCTGCTGCATGCTGACGATGGACTTGATGTGCTCGACGCTCTGGGCGAGCGCCTGCATCTCCTTGAGCATGCCCTCCCGCTCCTCCACCAGCTCGTCGGACACCGCGATGAGGTAGGGCGGCAACTGCTTGCCCTGCGAGTCGCGGGTGAGGAAGGTGGGGAGCTCCGGGAGGTTCTCGCGCAGCAGGCCAACGGCCTTGGCCAGGCCCGTGACGCGGGAGCGGCGCAGCCGATCCGTGACGAGCGTGGTGGAGATGTTGACGCTGTTGAGCGTGTTGCCCACGTTGTGGAGCACGCCGGTGGCCACCTCGGCCATGCCCGTCTGGCGCGACACATCCACCAGGGTGCGGTGCATCTCTCCCAGCCGCGTCTCGGCCTCCTTGCGCTGGGTGATGTCCCGGGCGAAGAGCGTCACCCCCACGGTCCGGCCGGTCTCTCCGAAGATGGGGTGGAGGCTGATGTCCAGCACCATGCGGGAGCCTCTGACTTCATACGGCTCCTCGTAGCGCAGGCGCTGGCCCTCGCGCACCAGGGCCAGGCGGCTCCTCCAGAGCTGGATGCGCTCCGGCTTCGAATAGCGGAAGAGCGTCTGCCCCAGCTCGAGCTCCTTGCCGACCAGCTGCCGGTAGAAGCGCTCCGTGGCCGAGTTGGCCACGAGCAGGCGCCCCTCGGGATCCATCGCGACCACGATGTCGTCGGTGCTCTCGATGATGCTGCTCAACTTGAGCTCGCTGGCCCGCAGCTTCTTCAAGGCCCGCTCGAGCGAGTGGTGGGCCGCGTCCCGGGCGGTGCTGTGCAACGCGCTGATGCCCCAGATGCCCAGGAAGGCGATGCCCGCCATGACGTGCCGGACCCAGAACCGTGCCAGCGAGAAGGACGCGTCGGGGCTGTCGGCGTGCCGCAGGACGTAGAGGGGGTGGAACACGTCCATGATCACGACGAGGAAGAGGACGAAGGGCAGCGCCCGGCGAGGCCCCAGCAGGTACACGGCGAAGGCGGGGAGCAGCATGTTGGTGGCGTGCACGCCACCTTCGAGGTTGGTCTTGTTCGCGAAGAGGCCCCCCAGGAAGCCGATCGTGAGGGTCACCAGCATGATGACCGCGGGGACCACGAGTGTCCGGGCCTTGCGCGCCGCCACCAGGATGGCCAGGTACAGCACGCCCGCGATGCCAGGGAGGGGGGAGTAGGGCGAGAACAGCGTGCTCACCAGGTACAGCATGGCGAGCATGAGCATGAAGCACGCGGCGGCCACGAGGACCCGGTGACGGACGAGCTCCTCGGGAGGCGCGTTGCGCAGGGTCTCCGAGAGGAAGAAGTCCAGCCAGCGCAGGATCCGCGGGGTCCTCACGGAGCCCACGGAGGCCTTGGCCCGGATCTCTGGGGGGAGGGGGACTTCCTGGCTTGTCTCGGGAGAGGAAAGGAGCGCCATGGCTGCGAAACGCCGTGAGAAGGAAGTCCCCGCCGGCTCGAGGTCACATTCTAGCGGCCCCTCCGCCTAGCGGCTCCTTCGTCCTCCGCCACCACGGCCCCGCGGGGCGGGCCCCGGCCCACGCCGCGCTCCTTCCTGACGGCCTCCCGCCTTGCCTCCAGGGCGCCCGGCGCCACGCGGGCCGCTCTTGCCCTTGCCCTTGCCCTCGGTCCGCCCTCGCCCATCCTTCGCTTTCCGTGCCATGTCGCGGCCGAATGCGCCGTCCACGCGGCGCGTGGGCTTCGCCCGGCGGGCGCCCTCCTCCTCGCTCCCAGGGCGAGGCGCCGGGCTCCGGCCCGGGGCCGCACGGCGGGGGGCTCCACCCCGGCGCTCGGGGCCCTCACGCCGGGGGCCCACTCCACGCGCCTCGCGAGCCCTCGCCGGCGCACGGGGACGGGGGCGGTCCTCGAGCTTCCTCAAGTCATCCATCTCCCCCTGCTCTGCCTGGAACGTCTCCCGCTCCTCGAGGAAGACGGGGTCCTTGCGCGGTACCTCGGCGCGCGGCACCGGCATGCGGATGATGCGCTCGATGGCGCGCACCGTCTCCTCGTCCCGCTCGGTGACGAAGGTGGAGGCCCGCCCGCTCGCACCCGCCCGCGCCGTGCGGCCGATGCGGTGCACGTAGTCCTCGGGCGAGTGGGGCAGGTCGAAGTTGATGACGTGGCCCACGTCCTCCACGTCCAGCCCGCGCGAGGCGATGTCGGTGGCCACCAGGCAGCGGTACTGCCCCCGCCGGAAGCCCTCGAGCGCCTGGCGGCGCTGCCCCTGCGTCCGGTCCGAGTGGATGAGGGCGGACTTGTGGCCCGCGCGCTTGAGGATCTCCTGCACCTTCTCGGCGCGCTCCCGGGTGCGGGTGAAGACGA
CP043495.1_gap93	3043605	3047794	4189	CCGTGGGCATGCTGTCCTTGCCGAACGTGGCCTCGCGGATGCGGTTCGCCGCGCGCGCATGCTCCAGCGCCTTCTCGTGCTGGCCCATGTCCCGCAGCGTCCAGGACATCATCACGTGGCGCCGCGCCATGTCCGGGTGCATCGGGCCCACCGACGCCTCCGTCTGCTTCAGCGCCTCCTCCAGCAGCGGCAATGCCTGGGCGTACTCGCCCATGTCCCGCGTCACGCGCCCGAGCAGGAACGTGGTGCGCGCCCGCTTCGGATGGCCCGTGGGCAGCGCCTTCGCGTGGATCTGCCTCGCCTGCTCCAGCAGGGCCTTCGCCTCCGGGAGCTTCTGCTGGGAGATGGCCAGGTTGGCCCGGTTCACCAGCACGTCGCTCTCCAGCAGCGGCTCGCCACCCAGGCGCCGCAGTGTGGCCTCCGCCAGCCCGGCCCAGCCCTCCGCCTGCCCGAAGTGCTGCTGCCCGTCCTCCACGAAGAGCAGCTTGTTGAGGATGGACACCTTCATCCGGTCCGCACGTCCCGCCTCGGCGTCGTAGACGGCCCGCGACAGCAGCTTGGACGCCTCCACGGACTCGCCCATCTGCTCCTGAAGCCAGCCCTGGTGGAAGCGCAGCTCGGCCACCAGCGGCAGGTGCCCGGTGGCCAGCACCGGTGCCTCCAGCTGGTTCGCCTTCTCCTGCGCCATCGGGTAGCGGCCCGCGTCCACCATCACCTTCACCTCGGCGAGCCGCTCCTCCAGCCGGGCGATCTCCGCGCGCTTCGCCGGGTCCGACGGCAACCGCTGCTGCTCGGAGAGCGCCTCCACCTCCGCGCACTCCTGCAACGCGGGCAGCGCGTGCGCCGCGTCCATCGCCTTCTCCACCAGGGGCCCGTCCGCCTCGGACAGCAGCCCCACCAGCGCTCCCAGGTCCTTGCGCCGCCGCTCCAGACACACCACGCGCCGCGACAGCAGCTCCTCGGGCTGCGTCCCGTGCACGCGCGTGGCCTCGCACGCCTCGGTGCGCTGCCGGGTCCACGCGGCCGCGTACTCCTCCAGCACTCCCGACACGCGCGCCGCCGTCTCCTTCGCGAAGGGCTTCCCGGTGGCCAGGAAGGACGCCTCCAGCTTGCCCTTCGCCGCCGGCTCCCACACCCCGGTCATCAGGTCCGCCGCGCCCGTGCACAGCCGTGACTGCCGGAACGCCACGCCTCCCACCACCGCCAGCCCCACCGCCGTCGCGCACGCCGCCGCCACCCACCGCTGCCGCTTCACCCGCCGCTGCTCCTGCGACAGGGCCTCCAGCAGCTCCTTCATCGACCCGAAGCGCGCCCCGGGGTCGATCGCCAGCCCGCGCATCAGCGCCTGCTTCACCCACGCCGGCACCTTCTTGTCGCGCGGCGGCTCCTGGATGAGATCCGTGGGGACCGCCTCCGGCTCCATGGGCTCGGTGCGGGCCAACGCGTCCGGCTGCGAGCGCGACGTCGCGTACGCCCGCATGCGCGAGGTCTCGAAGGCGCGCTTGCGGTAGAGGCCCCAGTACAGCGCCGCGCAGAAGCTGAATTGATCCGAGCGCGAGTCCACCTCGCGCCCCTGGTACTGCTCCGGCGACATGTAGTTGGGCGTGCCCAGCACCACGCCCGTCTGGGTGAGGTTGGCCTCCAGCAGCCGGCGCTCGGGCCCCATCAGCTCCCGGGCCTCGTCGGACAGGTCATCGTCCCGCTGGGATGCCCCCACCTGGAGCGCCAGGCCGAAGTCGGTGACGTACACGCGGCCGGCGCGGGTCACCAGGACGTTGGCGGGCTTGAAGTCGCGGTGCACCAGCCCCGCCTCGTGCGCGGCCACCAACCCCCGGCCCGCCGCCAGGAACCGCTCCAGCACCTCGCGCCAGGAGTGCTCCTCCTCCAACCAGCCGCTCAGCGTGCCCCCGTCCGCCAGCTCCATGGCGAGGAACACCTGATCTCCCCACATGCCCACGTCGAAGATGGGGATGACGTTGGGGTGGGACACCCGGGCCATGGCCTGCGCCTCGCGCAGCAGCCGCGCCCGTGCCGTCTCCGAGGCCGACTCCCCGTCCGGCGTCTGCAGCAGCTTGAGGGCCACCTTGCGATCCAGATCCGGATCGAACGCCGCGTACACCACCCCCATGCCGCCCTGGCCGAGCCGCTCCAGCAGCAGGTAGCGCCCCACCTGTGAGACCGGGGGCACGTCCTCTGGAGCCCGTCCCCGCTGGGACCGGGACCGGCCGGTGTTCGGCGCGGACTCGCGCGTGCCCTTCCCCTTGTTGCTCCGGCTCTTCGACTCTCTCATGGGTTGCCGAACATTCTAACTGGACTGTTTCTTCGGAAAAAGGGTACATAGTGCGGCGTCCGAAGAAACTTGTGACGGCGCGCGTCGATAAATACGCAAGATTCGCGATTTTCCAAATCAGGTGGGATGCGAGATGAGCGTGAAACTGTCCTCGATGGTGGGTAACGCCCTGACCCGGGCGCTGGAAGTTCCCTCTCAGAGCCGTGTCCAGGCTCCCACCGCACCCACACCCGCGGTAACGCCGGCCAGCACTCCCGCTGTGTGCATCCCGGGCAGCACCGACGCCTTCGAGACGGTGTCCAAGGCCCAGAAGGAGTGGGAGTCGAAGTTCGCCGAGGTGGTGCAGGCGATCGCCCCCGAGCTGGAGCAGCTGGCGCCCCTGGAGACGAAGTCCCTGAAGAACCTGGCCAACTCGGTCAACGAGTCGCGCAACGTGGTGGCCGGGGACCAGCACGAGAAGGGCAAGTGGTCCAGCTCCACGCCGGTGCTCCAGCAGACCGAGGACAGCAACTGCGGCGCGGCGGCGGCGGCCATGCTGACGAAGTCCAAGGGCGGCAAGGAGGGCGTGTCCGGCAAGCAGCTGATGGACGATCTGGGCTCTCGCTACGGCACCAAGGACGGCACCACGCCCAAGGAAATGGCCAAGATGCTGGCCAACGAGGGCATCGCGGTGAAGGGGAGCTCCACCACCGCCGACAAGAACTCGCTGGAGAGTACCCTCAAGAGCGGCGGCAAGGCCGTGGCCATGGTGGACTCCAATGAGATCTCCTCCAAGGGCGGCGCGCAGGCGCCCGGCAAGGCGCACTGGGTCGTCATCGACGGCATGGATGACCAGGGCCGCTTCATGGTGAAGGATCCGGGCAGCGCCTCCAGCTACTTCGTGAAGGGCGAGGAGCTGAACAAGGCCATCGACACCGGGCGCAACACCCACCAGTCCGGCGGCGTGCTCCTCCTGGAGAACGAGCAGGCTCCGGCGACCGTGCCCGTGGCCGAGCAGGAGGCCGAGCAGAAGGCGGAGGCGCTCGGCGACACGCCGGGCACTGGCTCCATGGCGTCCCGCTTCGGCCGTGAGTCTTCCTGAGCCGGGCCGGATTCCACCTCATATTCCTAGAAAACCGGATTCGTATTTTCCATATCGTATCGTATGGATTTCGGATCCGGAGAGGGCGCAGAGTACGCCGCCATGTGTCGCAGGGACCGAACCAGGGTCGGAGAGTCTGGCCAGGCAACGGTCGAGGCGGCGCTTAGCCTCCCGTTGACGATCTTCCTGTTGCTGGGGACGTTGCAGCTCTTCTTGTTGCTGCAGGCGAGGGCGCTGACGGAGTACGCGGCGTTCCGCGCCGTGCGCACGGGCAGCGTCAAGCACGGGGACTGCGAGGCCATGACGCACGCGGCGCTCGGGGTGCTGTTGCCCACGTTCGCGCGGACGGATTCGCCAGCGGCGCTCGGAGCGGCCTTCCGCAACCACCGGGACAACCTCTACCACCCCGGGCGTGACTCGGGGCACTCCGGCACCATCGTGTGGATTGCCCGCGAGCGGCCCCTGTCCGGCTCCATCCCCGAGAACGAGGAGGAGTCCTTCGACGACGTCAACCGCTACGGCAGCGTGGAGGACGTGGTCCGGTTGGAGGCGCGGCTCGTCTTCTGGTTCCCCATGCGCATCCCCTTCGCCAACTGGGTGCTGGGCCGCATGTTCCTCGCCCAGCTCGGGTTGCGTGAGTACTCGTCCACGGATCCGCTCATCCCCGCCCGCACCGCGAACTGGGGCGGCCGGGCGCCTCCCGTGCTGGACCTGGCCATCCGCGCGGAGCTGCTCGAGCGCGCCGCGCGCCACGAGTACGTCTTTCCGCTCCAGGCCACCTACGCCATGCGGATGATGACGCCCGCGCGCCCCCGCTT
CP043495.1_gap94	3108531	3109930	1399	GGCTTCGCCAGCAGCTCGGTGAGCTTCACCGCCGGAGCCCCCTTGAGCGCCTCGCCCCGCGTCAACGTCCAGCCCGCGGTGGGCTTCGCCTCGGCGGGCGGCGGCGGGTGGGGGCAGTCCTCTTGAACGGCTGGCTTCGAGGCAGGAGCCTCGGCGAGCGCCATGAGGGGAAGGGCCAACAGCGTCAGCAGGGCGGAGCGGAAGGTCTTCATCCCCCACGGATAGCCCGAAGCCTTTGTCCGGGCAAGGTGCCCGCCATCCCGGTTACACTACCGGACGTGAAGGTCACCCTCCCCAAGCCCAACCGCACCTTCGGCCCCGCCGACGTGCTCGGCCTCGTGGGCCTCTTCGGACTGCTCATCGCCCGCTACATCCCCGTGGCCCGGATCCTCCCCTTCTGGGGTTGTGCCCTGCGAGAAACGACCGGCTGGCCCTGTCTCGGCTGCGGATTGACGCGAGTGGCCGACCGGGTCTCCCACCTCAACCTCGCCGGCGCCTGGGACGCCAATCCGCTCGGGACGGTGGCCGCCCTCTTCTTCGCCCTCATGATCGCGGTGATGGTGCTGCACCTCGTCTTCGCCATGCCCATCCCCCAGCTCCACCTGTCCCCCACCGAGTGGCACTGGGCCCGCATCACCGTCGCCACCGTGGTCCTGCTCAACTACGCCTGGGTGGTGGTGAAGACGAAGTTCCCCCACCTGCTCACCTAGGACGCTCCCGTGCACCCCGCCGCCCTCCTGCTGCTCGGCTACCTGGCGGGCTCCGTGCCCTTCGGGGTGCTGCTCACCCGCTGGGTCCGCGGCGTGGATGTGCGCCAGAGCGGCAGCGGCAACATCGGCGCCACCAACGTCACCCGCGTGGCCGGCAAGAAGCTCGGCGCCGTGGTGCTGCTGCTGGATGCCCTCAAGGGCGCCCTCGCCGTCGCCCTGGCCCTCTGGCTCGAGCCCGAGGCGCCCCGCCTGCATGCCGCCGTGGGCCTCTCCGCCTTCCTCGGCCACGTCTACCCCGTCTGGCTCAAACTCCACGGCGGCAAGGGCGTGGCCACCGCGCTCGGGGTGCTCGTCGTCCTCGTGCCGCTGGGGGCACTCGCCGGGGCACTCGTCTACGCCGGGCTCGTGGCCGCCTGGCGCGTCAGCTCCGTCGGCTCCCTGGCCGGGGGGGTCACCGCCGTCGCCGTCGCCTCCCTCACCGCCCGCGCCCCCGAGTACGCGTGGCTCTCAGCGCTGCTCTTCGCCCTCATCGTCTGGACGCACCGGAGCAACATCCAGCGGCTCATGCGGCGCACCGAGCGGCGCTTCTGACTTCTGCTCGCCCCCGCGCGGCGAATAGCCCAGCAGCGTGCAGGCGATGGGTCCGTTCCACAGATCTCTCCGGCTCCGGGGCCGCGAGTGGAAGGCGC
CP043495.1_gap95	3305866	3308738	2872	TGGGCTCCCGGACCCGAGTCCATCTGGCCCATGAGTGCACCCCACAGCACCACTCTTGCGGCGTTGCCAACCAGGTCGATGACGAGGCCCATGGCTCCGCTGACTGTGGCGAGTTTCTCTCGCCGGCTGATCATGTCTTCCACTGCCTTTTCCACCCACCCGCCGTACTGTCGCAATTCCTCCGCCTCAAGCTCCTTCCACTGCCCTGCCTCGTACGCCGCTCTCTCGGACTCGAAGCGCTGCTGGCTACGGGTCCACCGGTATTGCACCACTCCGGGCTCGTGGGTTCGCCACTCAAGTCGCCAGATATATTGTCCTCGTGCGAAGCGAATCAGGACTTCGCCGTGGAAATCCAAACCACCCGTGAAGTGTTTGCCGGCCAGAATGGTCCGGTTCAACGCGGCCAGATAGGTTCGCGACCGCTCACGTCCTTCATGGAGACCTTGCTCGTGCCAGGGCTTGATCTCGAAGAGCACACGGCGGGTGATATCCGTGATGTCGGGGCTCATCTTGTGTTCGCCCGGGAGCAGGCGGGACACATCACCGAGCCCCGTTTCCTCGATGATGATCTTGATGTGTTTGGTGTTGTAATAGACTTTGCGGTCCGGATGCCTCACGCCGTACATATAGGCAATCAGCCGGTGTGATGCGCCGCCAAGGTAGAGTTCCCAGGGCATTCGCGAGTCCGGATTTCGTCCTGGGACGTTGTAGCCCTTGAGCGTTGGTCCGTTGGGCTCCCTTCCCACTCCCGGGCTGTCGCTCATCGCCGCCAGGGTTCTTGGCCCTCTCGAATTCCAGGGACGGAGTCGTGCGCCGGGAGTTGTGGCGCAACCGGCGAGCACCATTACGAACAGCAAGGCCAGCCCATACCGCGCGGCCCGGGACACGGACGAACACCTGTCACCGATACCCACGGGCACCTTCCGCTCCGTTCGCATTCTAGAATTCGTAGCGCAGGTGCCGGACCAGGTTCCGATAGAACGGCAGCCGGCCCAGGGCCCCGGCCATCGCCCTGGAGAACCAGTTCCTGGTCAGTCGGTCGACCAGATCGGGCATGGTCAGGAACGGGATGTCCTCGACGAGGTGGAGCTTCGGGACCTGCTTTTCGAGGTCATGCGGATCGTTGACTCCCCAGACGAGCTCGACCTTCGCGCCACGCACCGTCGCGAGGCGGGAAGTCATGCGCACCATCGCCCCGTTGTAGCCGTCGAAGGCGATCTGCCCGTGCGGGAACTGCTCGGTGATCCGCCGGAACAACGCCGTCCCGTCCTTCTCGTGCAGGTACATCACCAGTCCCTCGGCGATGACGAGTACCGGCGTGTCGCCTGGGACGGCATCGAGCCAGGAGAGCTCGGTCACCGAAGAACCAATCCGGTGATAGCCGTCGCGCTCCGGGTAGAGCTGCTCGCGCAGGGCGATGACGTCGGGGAAGTCGACGTCGAACCAACGGACCTTGGGCCCTGGGTTGATTCGATACACGCGGGTATCGAGGCCGCAGCCGAGGTGCAGGACCGTCGACTCGGGGTTGGCGGCGAGGAACGCTCGCGTCCACTGGTCGAAGTGCAAGGCCCGTAGTGACAGGCTGATCTCGCCCCCTTTCGGCAGCTTCAACTCCTTGAAGTCGTAGTCGATGCGTGCGACGGCGTCCGCGGCGAACCGGTCGCCGAGGATGGGATGCTCGACCGCGGCGTCCAAGGCCTTGCCGTACAGCGTGGCGAGGTACGTTTCCTTCTCCTTGGTCAGACGAACCTTTTTCGCTTCCATGGTCCGAGGAGTGAAACAACCCCGCTCTCCCCGGTCAAGCAACCCGGCTTTTCATGGAGCATGACTGTTCACGCTCGTGATTGGTCCCACTCCAGGCGGTACGAGTACATCTTCGACTGGCCGGAGGCACCGAGCCGCAGGAAGAAGGGCAGCATCCGATCCCGGAACCACTCCGAGAGCGCGCTATTCACGGCCTTGCCGCTCCCATTCCTGCGCGCGGCACGGAAGATGGCATCCACCCGGGGACGACGTGCCTTCTCGAAGGTGGCGAAGGCCTTCGACGGGGCGTCGATGTCTCGCAGGCATTGGGCCAGCACCAGTGCATCCTCCATGGCGAGGGCCGCGCCCTGTCCTGCGCTCGGGGACATCGCATGCGCGGCATCTCCCAGCAGGCAGACCCGGCCCGAGTGCCACCGCGGCATCGCGTGCAGATCGTAGATGGGCCAGGGCCCCAGAAGCCGCGGCGTGGCACGAATCACATCGCTGACCCACGGAGGATCCTCCCGATGCAGCTCCAGGAGTCGCTCGCGCTCCCGGGTGGGATCCGAGTTCTTTCGGAGTGCCTCCAGGTCCGAGTTCCCAGGTGCGCCGTTGTGGAACCACCAGATCTCTCCCGACGGCGTGACGAAGGCGCCGAAGAACGCCCGTCGCCCGAAGAGCATGAGGTTGATACCCGGTGGCACGGGTATCTGGACGCCCTGGGCGAAGCCTCCGTAATCGAGGAGCCCCGTGAAGCTCGGGGTCGGGGCCTCTGGGAGGATCAGCGATCGCACCCGGGAGCGCAGTCCATCACAGCCGATGAGGATGTCCGCCGATGACTCGGAGCCATCCTCGAAGCGGGCAATGACGTGGCTCGGGTGGGACTCGTCCACCGCCACGAGCCGCTGGCCCCACCGGATCTCCACGCCCTGCCGGGCGGCCTCTTCCGCGAGGATTGCGTTCAGCTGCCCACGGCGGATCATCGTCAGGGGTCTGCCGAACGCGCTCGCATCCTCGCTGCGATCGATGACTCCGATGGAATCCCCCTTCCGGTTGATGAACTGGAACGCTTCACACGGCGTTCCCGCAGCGGCCACGGCGCCGGCCACTCCCAGTGGCTCCAGGGCAT
CP043495.1_gap96	3479321	3482042	2721	CCAGGGACTCAAGGAGCGTCAGGGCGTCTTCTGGTGACACGCCCGGCACCCGCGCCATGAATCAGGATCCTTCCAAGAGACCGGCCGTCGTCATCACCGGCATCAGTGGCAACCTGGGCCGTGCCCTCGCCAAGGTGCTGCACAAGCACGAGCGCATCATCGGTATCGATCGGCGTCCCTTCGTGGGCCGGCCGAAGGACATCGAGATGCACCAGTTGGATCTGCGCAAGAAGAAGGCCGAGGACGTCTTCCGCAAGAACGACATCCGCGCCGTCATCCACATGGGCATCATGCACGACCCGCGCATGAGCGAGGAGGAGCACCACTCCTTCAACGTGGTGGGCACCACGCGCCTGCTCGAGTACTGCGCCAAGTACGGCGTGCCCAAGGTGGTGGTCCTCTCCTCCGCCAACGTCTACGGCCCCAGCCCGGACAACTCCAACTTCCTCACCGAGGACGCGCCGCTCATGGCGGCCAGCCGCTTCTCGGGCGTGCGCGATCTCATCGAAGTGGACATGCTCGCGCATGGCTTCTTCTGGAAGCACCCCCACATCCAGACGGTCATCCTCCGGCCCGTCCACATCGTGGGGCCCACCATCAAGAATGCCCCCAGCAACTACCTGCGCCTGAACCGCCCGTGGGTGCTGGCGGGGTTTGATCCGATGGTGCAGCTCATCCACGTGGACGACGTGGCGCGCGCCATGGTGGAGGCCGCCCTGCGCCCCGAGCCCAAGGGCGTCTACAACGTGGTGGGCCCCGGCGAGGTGCCCCTGTCCTCCATCCACCGCGAGCTGGGCCACAGCGCCGTCCCCGTGCCACACCCCGTGGCCCGGCCCCTGCTCGGCCTCCTCTTCAAGTACCGGCTCGCCAACTTCCCCCCGCCCGAGCTCGACCACATCCAGTTCCTCTGCAACGTGGACGGCTCGCGCTGGCAGACGGACGTGGACTGGAAGCCGCGCTTCTCCATGCGCGACACCATCCGCTCCGTCATCGGCGAGTAGGCGGCGGATAAGGGGTTCCCCTGTCCGTGCTGTCAGGGTCCCCCCTCGTGGGGCTCCGAGGGGAGTCTGACATTACTGTCAGGCCCCCTGGCTTTTCCGGCACGGGCTTTCCCCCGGTGCGGGCGCGCAACCCCTTGATTTCAGGTGGGTGGCGGGGCGCTGGGGGCGTGGCACCCGCATTGCTCTAGAGACAGGGCATGAAACGCGGTGGGGGCGGGCCCTCGATGCCCCTCACCCCGTGACCTGTCTATGGAGGTTCCATTGGGGAGCCTCCGACGCCCACCATCTCGGCCGGCCCCGGGGTGGTGGGCGGTTTTTTTCAGGGGATTTCTCCGTCGAAGGGTCCCCCGGACTGCTTCTCCAGCATCCACTTGCCGTCCCGGTAGATGAACTCGGAGGTGACGGTCTCGCTCTGCTCGGAGATGGAGGGCAGGCGCATCCACTTGATGCGGCTGGTGATGATGGCCCGCTCGCCCTCCTCGACGACCTCGACCTCCTCTATCTCGTAGTCGGTGATGGACAGGTCCCTCTCGTCCTGCTTCTCCCGGCGGGCCCTCTCGAAATCCTGACGGCGCTCGGGGACGATGATGCGGGCGGCGATGCGGTAATCCTTCCAGCGCACGCGCTGGTGGAAACTTTCCACCACGGGGCGAAGAGTCTCCAGGTCGGACTTCTTCTTCGTGTGGGCGCAGCCCGCACCGAGGGCGAAAACGAGGAGGACAGCAAGCAGGCGAATCACCCGGAGGACGCTAGCACCCATTCCAGAGGGGGCGAAACGGGAGAGGCCCCGGTGCTATGGTCCCGGGCCGCATGGCCAAATCGTTGGTGGAGCGCTACGAGCAGCTCCTCGCCCAGGATCCTGCATCATCGGTGTTCGTCGAGCTGGCCAAGGCGCTGGTCGCCAAGGGCGAGCACGCCCGTGCCATCGCCGTGTGCGAGCAAGGCATCTCCCACCATCCCAACTCGGTCACGGGGCGGGTGCTGTGGGGCAAGGCCCTCATCTTGATGGGGCGCCCCGCCGAGGCGATGGCGCAGTTCGATCAAGCGGTGTCGATCGACAAGGAAAACCCGCACGCCTACAACCTCATCTCCGAGGTGCTGCTGCAGCGGGGCTTGTACCGCTCGGCACTGCCCATCCTGCGCAAGGCGCTGTCATTGCAGCCGAATGACGCCCGCGTGCGCGGATGGATGGAGCAGGCACAGGCCGCTCTGGCCGGTGGGCCGGCACCGGCCTTCGGGGACCTGAACGCCCTGGAGCCCACGTCGGCGGAGGAGCAGCCCGCCGCGCAGGCGGAGGCGTCCGGGTCCGCTCCCGCCGAGGCCCCCGCGGCTCCAGAGTCGGCACTCGAAGCGGCGACCGTCGAGGCGGCGGTGGCCCCGGAGGCGTCCTCGGAGCCGGTGCTGGAGGGTGTGGAGGCCGCTCCGCCCGAGGCACCTGTTCTCGAGCTGTCGCTGGAGGCCAGTGACATCGACGGAGGCGCGCCGTCCGAAGCCGCACCGCCCGAGGCTCCCGAGGAGGCGCTGACCGTCGACGAGGAGCCTCCGGCCGTGCCGGCGGAAGCCGCCGCGGGTGAGGAGGCACTGGAGTCGGTTCCCGTCGAGGCCGCTCCCGAGGAAGAGGGTGGGCTGCTCGCGGATCTCCCGCCGCTGGAGCCCGAGCCCGCTTCCGCCGCTCCCGAGGCTCCGGCCCTGCACTCCGTCCCCGACGTCTCTTCGGGTG
CP043495.1_gap97	3483769	3485441	1672	CACAAGGGCTTCGCGATGGCCCTGTTCCAGACGGGGAAGACGAAGGACGCGGAGGCGGCGTCCGGGCGCGCGGTGAAGCTGGTGACGAACGATCCCGAGGCGTACCGCGTGCGCGCGGAGATCCTCTTCGCGCTGGGAGATACGAAGGGTGGCTTCGGCTCCCTGGAGAGCGCCAACAAGTTGGACAGCAAGTCGGCGGAGACGTTCTGCGGCATCGCCCGGGCGTTCCTGCGGCAGGGCCTGGTGGCCAACGCGGGCAAGGCCTACGAGGTGGCGCGGCGCGAGGGTCCGGACACGACGTGCGGCCTCGCGGGTGAGCACTGGGTGGACGACTCGGGCGGGAAGGCCGCGGCGAAGGTGCTGCAGGGGATTGCCGACAAGGCGGCCACCACGTGGGACAAGGCGTTCGCCCAGGCGGCCATGGCGCGGGTGCTGCTGGAGGCCGGAGCGGTGAAGGACGCGCGCACGGCCGCGGACGAGGCGGTGCGGCTGGAGCCCTTCTCCGGACGCAACCACCTGGTGCTGGGTCAGGTGGCGCTGAAGCAGCGTGACGAGGCCACGGCGATGAAGGCGCTCAACCGCGCGGTGGAACTGGAGCCCGCGGACGGACTGGCGTGGTTGGCGCTGGCGGACGCGCTGGTGCGCAACCCCGCGGAGACGGAGAAGGCCGTGCAGTCCTATGGGACGTTCCTGAAGTTCGCGGGAGGCTCTCCCGAGGCGGCCCGGGTGAAGAAGTCCCTCAAGCCGCTCCAGCGCAAGTTGGGAGGCCGGTAGCGTGCAACAGTCCCAGTCCCAGTCCCAGTCTCCGCTCCCGCCCCCGCTGCCGCTGATGCGCATCATGGGAGGCAATGCCTTCCTGCTGTCCGTCCTCTATCTGCTGGTGGGGATCGGGGTGGAGGGGGCGCGGCGCCTGTGGCCGTCCATCTTCCTGCAGCGGCTCTCCCTGTCGCTCGACTCGCTGCCGGCGAAGGCGCTGGAGCTGGTGGGGTGGCTGCAGCCGCTGCGCACGGCCTACTTCGACGGCAAGATTCGCGAGTCCGTGGTGCGCCTGGTGTTCGGCGCCACCACCATCGTCATCATCTTCCTGCTCGCGGTGGTGGTGGGCGTGTTCATGGGCTCGCTGCGCAGCCTCATGCTGCGCTGGACCGCGCGCCGGTAGGTCCACTCTCGCGTCCGAGTGAATACCGTTTCCGGTCCTCATGGGTGCCGACTATCCTGCCGCGCCGAGTAGCCTGATTCCTTCCCCATCTGCCCGCGAGCCACTGGCCAGCCGCTCGCCAAGGAGACCCCATGTCGCGCGAGTATCCCCAGGAACAGTTGATGGCGTTCGTTCAGGCCATGGCCAACGTGGTGGCGAGTGACGGCCGCGTCACCGAGGACGAGCGTCAGCACCTCGACAACGTGGTGGCCGGCGTAGGCCTGTCTCCCCGCGACCCGCAGGTCTCCGCGCTCATCGAGCAGGAATTCCAGAAGCCTGGCCGCCTCACCGACATCGTCAGCAAGATCCAGAACCGCGAGATGCGCGCCGCCCTGCTGCGCATGATCGTCGAGGTGTCGTGTGCCGATGGTGAGATCGCCAAGGAGGAGCGCGCTTCGGTGAAGGAGGCCGCCAGCGCCTTCGGATTCGACGCGTCCATCGCCGATGAGCTCATCGACTGGGCGCTCGACTCGA
CP043495.1_gap98	3495402	3500268	4866	TGCTCAGCTGGCTCGGCGACAGCTCATGGTCGACCACCACCACCGTGGGCTTCGCCGCGAGGGGCTCCTCGCTGGCCTCGGCCTCCAGTTCGTCGACGGGGAGTTCGTCGTCCTCCGCTACTTCCTCGTCTGATGCGGCCTCGGCCTCCTGCTCCTCGGCTTCCTCCGCTTCGGCCTCCCAGCGCTCGCGCGCCTTCGACTTGTGCCCATGTGCCCTCGAGGCCACGGTGCCGCCGCCCCCGGTGAGCCTTGCCAGCTCCGCGAGCTTTCCGCTCCCGAGGACCGTTCCCGCCGCGAGCTTGTCGCGGCGCTGGCTCACGGTCGCGACCACCTCGTAGCCGAGCGTGTGCACCAGTCGCCCGAGCTCAGCGAGGTCGGCCGCGTGTTCGGTGTCCGAGACACCGGGAAGTTGCACGCCCACCAGCACGGCGAGCGGGCGCGGGGAAGAGGAGTTCGACATGACTCCTCTCGTACCACGTTGGGCCCGTTACCTGGAGTCGCGCTGGAATATCCCCTCTCCCTCAGGGAGAGGGTCAGGGTGAGGGTCTTCCCCATTGGCCCGCGTGACCGCTGCGGACCGCAATGCGGATCGGGGCGAGGAACACGCGGATGCAGACCCTCACCCCCCGCCCTCTCCCAGAGGGAGAGGGAGCCTCGCACTCAGTGCCGGGCGCTCCTCGACTTGCGCACCTTGGGCGGGACGGGAGCCACTGGTATGGGCTCGTGCCCGGCGGCGCGCGCCATGAGGCAGATCTCCACCACCTTGGGCCCGAAGCGCTCCCAGCGGCTCTCGCCCGTGCCCTTCACCGTGAGGAACGATTCCCGGTCGATGGGCAGGGCTGCGGCGAGTCCCCGCAGCGTCTCGTCATTGAAGATGATGAAGGGCGGCACCTCGAGGTCCCTCGCCAGCTCCTTGCGCCAGCGGCGCAGCTCGGTGGCCGCCAGCTCGCTGTAGCCCTCGGGACGCCCGGGGGCCAGCGTCGGCGTGGCGCGGGACGCGGTCGAGGGACGGTCGAGCCCCTCCAGGCGCTTGAGCCGGCCGCCAGCGCACGTGTCGCAATTGCCGCACGTGTCCTCCACGTCCTTCTGCCCGAAATACTGGAGGATGAAGGCCCGCCGGCACCGCTTCGTGTAGGCGTAGTCCGTCATCTGCTTGAGGTGCAGCAGCGAGCGCCGCTCCTGCTCGCGCACCTTGCTCAGGTCCACGCCCAGCTCGCGGAAGGGCACCGTGGACAGCGCGCGGATGGTGCGTCCGGAGAAGGGGCGGCGCACCTGCAGCGCTCCCGCCCGCTCCAGCAGCTTGAGCGCGTGTTGAATCTCGTCCCCGGACAGCCCCGTGCGCCGCGCGAGGATGGGCAACTCGGTGGTCGCCGAGCGCCCCACCGGGAACGTCTCCAGCAGCGAGGCCAGCAGGCGCCTTGCGTCCGGGGCATGTGGCTGCGCGCCCGGCGCCTTCTCCGTCAGGGTGATGCCGTACTCGCCCTCGCCCCGGCTGCCTCGCTCAATCTTCCCCTCACGCTCCAGGATGCGCAGCGCGGAGGAGATCTCGAACTCGCTCGCGCCCGCCTGGGCCGCCAGCACGTGCTGGCCCTTGTCGTACTCGGGCACGGAGCGCAGCACGTTCCACAGGTCCGAGAGCACCGTCTCCGAGGGGTGGTTGCTCTCGATGAGCCGCTCCTGCGTGTACACGTCCGCGTGGTTGAAGAGCAGCGCGGCGAAGGCCGGCCCCTGGTCTCGGCCCGCACGGCCGATCTCCTGGTAGTACGCCTCCACCGCCTTGGGGATGTTGGCGTGGGCCACGAAGCGGATGTCCGGCTTGTCGATGCCCATGCCGAAGGCGTTGGTGGCCACCGCCACCGCCTCCTTGGAGGACATGAAGTCGTCCTGGGCGCGGCGCCGCGCGTCGTCGTCCATGCCCGCGTGGTAGAGGATGGCGTTCACCTTCCGCTCCAGCAGCGCCGAGTGCGTGTTCTCCGCCGACTTGCGCGTGGAGCAGTAGATGATTCCGCTGCCGCCGCCCAGTGACGAGAGCCCCGCGCAGGCCCGGCGCTTCTCCTCGTCCCCGCTCACCTGGAACACCTCCAGGAAGAGGTTGGGACGGTCGAAGCCCTCGGCGAACACCTGCGGATCCTTCATCAGCAGGGAGCGGACGATGTCGTCACGCACCTCGGGCGTCGCGGTGGCGGTGAGGGCCACGGTGCGCGGCGGGCGCATGCGCTTGCGCACCTGGCCGAGCTGCGCGTAGTCCGGCCGGAAGTCATGGCCCCACTGCGAAATACAGTGGGCCTCGTCCACCGCGAGCAGCTCCACGCCCACATGGCTCAGCGCGTCCAGGAAACTGGGGCTGCGGAAGCGCTCGGGCGCCACGTAGACGAGCTTGAACTCACCGGCGCGCATGCGGCGGATGCGGTCCGCCCGCTCCAGGTCCGACAGGGACGAGTTGATGAACGTGGCGGAGATGCCGCGGCCAGAAAGCTGCTCCACCTGGTCCTTCATCAGCGCGATGAGCGGGGAGATGACGAGCGTCACCCCGGGCAGCAGCACCGCGGGGAGCTGGTAGCACAGACTCTTGCCCGCGCCCGTGGGCATGACCACCACGGTGTTGCGCCCGCTCAGGACGGAGCTGATGACCTGGGCCTGCCCCGGCCTGAACTCGCTCAGGCCGAAATGGCGGACCAGTCCCTCCTGGGCTTGCTCGTAGTAGGGGAGGGCCTCCGGCATCCGCCGCATATTCACTGTTCCTTATCGGCCGTCAACGACCCAGAGGCTCCTGAGTCCAGATCCAGCCCGTCAGGTACCGGAACGGCCAGGCGTGCCCGCCATTCGGCCACCTCCCGGGCCAGCCGGGCTCCGAGCTCGGCGTCCAGGCGGCCGTCCCGCACCACGTCTCCTTCCCGTGCCCCCGGCGGCAGGGTGGAGCGCGGCACCGTCCGGGCCTTGCCTCCACCCACGGGCACCACCTGCGCCACCTCGTCCTCCAGCACCTCCACCTGCACCGCCCCGCCCGCCCCACCGCACGCCACAACACCCAATGCCCCCAGCATCATCCACGTTCTCCCGCCATGCTCCATGGCCCCCGGCCCTCTCCGCCCAGCAGCGGCAACTCGCCCCGCTCCAGCAGCGACGTGTACGTCCCATCTCCAATCACCACATGGTCCAGCACCTTGATGCCCAACACCCGGCCCGCCTCGATGAGCTGGGCGGTGAGGCCCAGGTCCTGCCCCGACGGCTCCGGGTCCCCCGAGGGGTGGTTGTGCGCCAGCACGATGGCCGAGGCCCTCGAGGTGATGGCCGCGGCGAACACCTCGCGTGGATCCACCGGGCAGGAGTTGATGGTGCCCTCGGCCACGCGGGCGTCATGTAGCAGCACGTTGCGCGCGTTGAAGCACAGCACGTGGAATACCTCGCGCCGCAGCGCGCTCAGGTTGGGCGCCAGGTACGCGGAGATCTCCTTCGGGGTCCGCAGGCGGGGCCGCCGCTCGGTGACCCGCTGGGCGCGGCGTCCCAGCTCCAGCGCCGCCAGCACCTGCGCCGTACGCCCCGGCCCCATTCCGGGGAGCGCGCACAGCTCTCTCGGGTCCTGCTGCACCAGTTGCTTGAGTCCCCCTCGCGTGGCGAGCAGTGCCTCCGCCAGCGCCCGCATGCGCGCTCCCGAGCCCAACAGCACGGAGAGAAGCTCTGGATCGGTGAGGGCCGCCGCCCCCAACCGGAAGAGGCGCTCCCGGGGGCTGTCCGCCTCCGGGAGCTTCTCCCTCACCGACCCTTCGCCCGCCGACTCCTCCCACCCCACCGTCGCCACCGCCGCCGTCCTGTCCATCCCGCCCTCCGTCCGCGCTACGGACTTCTCACCGCACCGCCACCCACGCCGCCCGCCCACCATCCCGCCCTTCATCCGTGCCGGGCGGTAGAGCAACACGCGTGCCGACCGCACTTCCCTCGGAAGGCACCCGACACAACCGTCTCATTGTGTGTGGAGCGGCCTACAGTCGGGACGGTGAAGATTGGCGGGCCCCTCCGCCTCGTGTCACGTCAGGACACCGCGCGCCATCCGTGTGCGGGGTCGCTGACCGAGTGAGGAGGTCGTCCGATGCCCAGCCTTTTCGGGTCGATGAACGAACGCGTGTGGGGGCTCTACCCCTGGCACGGGCAATCCGAGGCCGAGCGCCGGCTCGTCCACCCCGAGGACTTCGAGCGGCTGAAGTTCTTGTGGCCCTACTGCAAGGTGCTCGAGCGGCTCGGGGAGGCCACGCAGCAGGGCTTCATCCTCCTGCGCTACGCCGAGAGCGTCTTCCGCGTCCGGCCGGAGCTCTTCCAGCCCGTTTCCGCGCCCGCCTTCGACTTCGGCGGCCAGGTGCGGCTGCGCAAGGACACCGGGCGCACCGGCGTCATCGCCGCCATCCACTGGCACTACAAGCAGGCCCGGCCCTTCTTCCTCCTCCGCCTCGGAACGAAGCGCTCCCTCAAGCGCTACTTCGCCGAGGAGCTCCTTCCCCGCTCGGCGCCCCTGTTCCTCCAGGCTTGAGCCGGCGTGTCCGGGCCGGCTCAGCGCTCGATGCGGTTGCCGCCCTGGGACTTGGCCCGGTACAGCCGCTCGTCCGCCGCGCGCAGCAGGGCCTCCACGTCCGTGCCGTCCTGGGGCGCCACCGCGAGCCCCGCGCTGAAGGTGACCCGGAAGCGCTCGCCCTTGTCCCCCTCGAAGTCGGCCTGGGCCAGCTCCGCCGCCATGCGCGCCAGGATGTCCCGTGCCCCCTCCGCCTGCGCCCCCATCAGGGCCACCACGAACTCCTCGCCGCCCCACCGGCACTGCAGGTCCTCCCGGCGGAAGCGCGAGGACAGCAGCCGCCCCATCTGCATCAGCACCCGGTC
CP043495.1_gap99	3504752	3505910	1158	GAGGATGAGGTCCGGCTGCTCGGCGGCGGCCTTGGCCACGGCCTCGGCGCCCGAGGCGGCGAGCACCGTCTGCCAGCCGCCCACGCGGCCGAGGCTCAGCTGGCCGATGGTGCGGATGTCGTCCTCGTCGTCCACGAGCAGAACCTTGCGAATCGTCATGGGAAACCTCCCGGAGGCGGGGGATGGGCGGAGCACAGCAGGCGGAGCACGGCGGAGCGCAGCTCCTCGTTGGAGGTGCGGGACTTCACCAGCACGGCGGAGACCTGGCGGGCCAGCTCCGGCTCCGCCTCGCGCACGGAGAAGAGCACCACCGGGGCGGCGGCGAGCAGCGAGGCCAGCGGCAACGGCCCGCCCTCGGGGAGCACGGGCTCGGCGATGACAAGCGGGAAGGGCCCGGAGCGCAGCGCAGCCTCGGCTTCGGCCAGGCCGCTCGCGGGGACCACGTCCGCCACGTCCCGCAGCACGTTGGCCACCACGCGGCGGTTGTCCTCGTCCGCCTCCACGTGCAGGACGCGAGGGCGCGTGGCCCGGGGCTCGGTCCGCGTGGCCGGCTCCAACGGGTGCGGCATGGACGCGGGGGGAGCGCCTGCCTCCGTGTACTCGGGCAGCTCCACCTGGAAGGTGGTGCCGGTCCCTTCGGCGGTGACGAAGTCCAGCGTGCCGCCCATCCGCTCCGCCAGCGCCCGCGCGATGGAGAGCCCCAGCCCGGTGCCTCCCTTGCGCCGGCTGTCGGAGCCGTCCGCCTGGGCGAACTTCTCGAAGATGCGGGCCCGGAAGGACTCGGGGATGCCCGGCCCCCGGTCCTCCACGCTCACACGCAGCCGCGGGCCCACCCGCTCCAACCGCAGCGTCACGCGCTCTCCGCGCGGGGAGAACTTGAGCGCGTTGGACAGCAGGTTGGCCAGTACCTGGAGGAAGCGGTCCCCATCCGCCATGACCCGCGCCCCGGACGCCTCCACCACCAGCTCCACGCTGGCGCCGCACTCCCTCGCGTACCCCTGGTGGGCCTCGACGGCCTGGGCGAGCAGCGCGCCCAGCTCCAGTGGCTCCAGGTGGAAATCCAGCTTGCCGGACTCCATCTTCTCGAGGTCGAGGATGTCGTTGATGAGGCGGATGAGGCGCTCGGTGTTGGTGCGGGCGATGCGAACCATGTCCTGG
CP043495.1_gap100	3543705	3546815	3110	TTCGAGGCGCATCGACTCGCACCCGTTCCAGCCGAGGTTCTTGAGGTGGCTGCGCCTTCCCCTGGTTTGCCAGTGGAAGCGGATGACCTGGGAACGTCGCCTACGGTCGACGCGATTGCCGGTAAGGATCGAACCAGCCTTCCCTTCACGAAGAAGGGGAAGTCGCTCGTCAAAGACGCCAACGCCAAGCAAAACGACGGGAAGATCCTCTGCGAGAACTGCAAGGTGGAGACCGTTCCGGGTGAGAAGCACGTCAAGGACGTCTCTCCTCCGCCCAACGAGGCACAGGTCGACCACATCATCCCAAAAGCGAAGGGAGGCAAGGGCGATCCTGCGAACGGGCAGGTGCTGTGCCGTGACTGCAACATCAAGAAGAGCGACAAGCCGAAATGAGGAGTGGAATGGCCGGTGAAGAATCCGAGCAGTTGGTCAAGGTCTTCTTCGAACTCGAGCAGGATGAGGATGGCTATCCACCCGTGACGTGCGAAAGCATGTGGGCCACACCTGTCGGCAATGGGCTCTACCGCTTGGGCAATATCCCCTTCTTCGCGCGTGGAGTCGCCTATGAGGATGTTGTCTCGGCGGTCCGGCGTGACGATGGCACGCTGGGTTTCGTCGAGGTCGTTCGCCCTTCAGGTCACAGCACCTTGCGCGTCATCGTCTACGAAGCCTCAGAGGTTCCGGCTCTGCGCCAGGAACTGGAGTCGATCGGGTGTGACACCGAGCTGAGCCACATCCCCAACCTGGTGGCTGTCGATGTCCCTCCGGCCCTCTCCCTGGGTGAGGTGAGGCGCTTGCTCGAGACGGGAACTGTCTCCGAGCGCTGGGAGTACGAGGAGGCGTGCCTGGGGAGTTGATGGCACGCCGGGTCATTACTGTTTCAGCACTCCGAGTGCCTCGAGCCGGTCGAAGAGCTCCTCCCGGCGTGGGCGTGGGGGAGGGTGGTCCGACAGGAAGGACTCGATGGTCTTCACCTCGTCGAAGCGGTAGGTGAAGCCGGTGGCCTCCTTGAAGGCCTTCGCGTCCACCACGATGGGGTACTGCAGGTGGTAGAGCGCCCCGGGCGGCATCTTCGGCAGTCCGAAGCGGCCGATGAGCTGGCGCAGCACCATCATCGGCAGTGGCACGGGCTGACGCTGGGCCTGCCGGATGATGACGGACAGCGGCAGCGGCTGCGGACCCGCCACGTTGTACACACCGCGCACCCGCTTCTCCACCGCGAGCGCGATGGCCGACGCCACGTCGTCCTCGTGCAGGAACTGGAAGAGCGGATCATACCCCGCCACCATGGGCACCCGCCGGCCGCGCAGGAACGTGGCCAGCGTGCCCTGCGCCGAGGGCCCCAGCGAATAGCACACGCGCAGCACCGACGTGGTCAGCTCCGGGTAGCGCCACAGCGCCGTCGAGGCGTACAGGTCCGCGGCCACCAGGTCCGCCAGCTCCGGGAAGGAGGCCAGCTCCTTCGGCGGCTCGTCCTCCGTGTGGTACAGCACCGAATCCGGCGCCGCCCCGTAGAACGTGTGCCGGCCCACGAAGACGGCGTGCTTCACCCCGTAGGCCCGGCAGTGCTCGAACACCACGCGCGTGCCGCCCAGGTTGATGCGGTGGCGCTCCTCGCCCTGCACACGCAGCGACGTCACCGTGGCCATGTGAACCACCGCCTCGGGCCGCCGCGTCCGGAACACGTCCTCGGCGGGCCGCTTGCGCAGGTCCACCTCGTGCACCTCGATGTCCGCCGGCGCGTCCTCCCACGGCCGCGTATCGATGCCGAACACCGTGTGTCCCTGGTCCCGCAGTCGTAGCGCCACGCGCCGGGCCACCGCTCCGCCAATCCCCAGGATGAGGACCCTCATGGCTCAACGCCCTTCCCAGCGCTCGTGACGGCGCTGCTCGATGATGCCCGCGATGCGTTCCTTCACCTGCTCCACGTAGCCCTGGATGACCGTGTCCTCCTCGTTGCCCGTGCCCTCGAACACCATGGGCTCGCCATAGTGGATCTCCAGCGGCACGGGAAGGGGCAGCGGCAGCACGTACGGAGTGACGGGCACGTAGGGCATTCCGAGCACCTTGCCCAGTCCGTAGAGGTTGGCCACCGTGGGGATGGCGGCCCCGCCTCCCAGGAAGCCGAAGGGGATGATGGGGGTGCGCGTCTTGAGCGCCAGGCGCATGAAGCCCGTGCCGAAATCCACCAGGTCATAGCGCTGCGGGTAGAGCTTCGCGGTGCCGCGCGCGCCCTCGGGGAAGATCATCAGCAGCCGGTCCTCCTCCAGCAGACGGGCGGCGAGCTCGGGCAGGCCGGGGAACTGGCCGCAGCGGCTGGCCCACGTGGAGGCCACCGGCGTGGCGGCGATGAACTTCTCCGCCATGCCCTGCGCCAGCCGTGGCGGCTCCATCTCCAGGAAGCACGAGGTGACCACCATGGCCCCGTCCACCGCCACCCCTCCCGAGTGGTTGCCCACCACCATGGCCCTCCCGCGCGCCGGGATGTGCTCGATTCCGTGGCAGCGCACCCGGAAGTAGCTCCGGTAGAAGAAGCTCATCGCCTCGAAGATGACGCGCAGGTGCCACTTGGACACTCCGTACGGGTCCACTCCGTACGCGTTGAACGGCAATTCCAGCCGCTCCAGCCGCTCCTTCACCGACTCGGATTGCTTCACGCCTTCTCCCCCTCCCGGGACACCGCCCACCATCGTGTCAGATCCCGCCCGCTCCCGGGGGCACGTGTCGCGGTCCCTCGCACTCCGCGTCCGTATGCCAGGACCCACCTCCCCTCACCTTGAGTTTTTGTTGAAAAGTGAATTTCATCGGAAGTACTAGAAGGTCAGGAATGTCAGGCTCTCCCGTTATTTAAAGGAGGCAGGGATTTCCGGAATGGCCGCAAGAGGGAGGGTGGAGATGAAGAAAACGATCCGTTCGATGGGCGCCTGGATGGTGCTGTTGCTGGCGCTGGCCCTTCCGGCGATGGCCGAGGCCCACGGGTCTCAGGGCGTGAAGGTGGAGCGGAGGGAGTTCCCGGTGCGGCTGGCCAACGGTCAGCGGTACACGGTGGTGGGCTACCTCTACTACCAGGGCAGCCTGAAGAACCGCCCGGTGCAGATCCTCACCCACGG
CP043495.1_gap101	3557109	3560372	3263	AGCACCTGCGCGACAGACGCGGACTGCAGCCAGGGCCTCTCGTGTTACTCCATCGTAGCGGGTGACCGCGTGGTGCGCCGCTGTGGTGCTCCCGGTGAGGTGGCGGAGGGGAAGTTGTGCATGGAACTGCCCATCTCCCGGAGCAAGGCGTGCGCGCCAGGACTGGTGTGTACCCACAGGAAGTGCCGCCGTCCCTGCCAGCTTCAGGATCCTCGGAGTTGTCCGGAGGGCCAATACTGTCATGCCGCGGATGCGAAGGGCTCCGTATGTCTGCCGACGTGTGAGGGGCGCTCCTGCCCCGATGGGCAGCGATGTGTGGCATTGGAGCGCGGAGTATCGATTTGCGCACGGGTGCATGGGCCAGACTGCCAGCTCGATCCCTGCCCGGTGGGTCAAGAATGCGAAGTATCGGCTCGAGCGTCTCGAAATGAGGTGCGGATGAGGTGCTTGCTTGCCTGCGATTCCCAGTCGCGGCCCTGCCCCGAGGGCTTTTCGTGTATGAGGGGCCACTGCCTCCAACAATGCAACTCGGACGCACCGGACGCCTGCGGGCTGAGGGAGAAGTGTGTGGGACTCTCCGAGCGAGAACCCGGGTTTTGTCTTGTCGACTTCGGCGAGTGAGCAGCGCTCGGATTCGTGTGTCCATTCCGGAGACACGCGGCGCGCCGAGCGCCGCGGCCTCGGCCCGGGCCCGGGCCCGGTAGCTCAGCGCCAGTCCGGCGGGGCCAAGTCGACGCGGGGCACGTAGTATCCCTCGGGTCCCTGCAACACCGTCTCGAAGCGCGGGTCGTTGAGCACCACGCTGCCCGGGCTCTTGTCCACCCGCGCCGGGTCCACCTTGGCGCCATGCATGGGAAACTTCGCGTACGTTGGAATTCCGTACTGGTGCAGTCCATCCAGGGCCACGCCACAGATGGGATACGTGGTGCCGTCCGATAGATAGAGCCGGTCGAACTGGATGTAGACGCGGTGGGGCATCGTCACCGCCTCGCCGGTGATTTTCAGGTACAGCTCCTGGCCGTTCATCTCCACGAACATGGATGCGGTGATGGGGCCCGGCTTGAGGTTGAGCGCACCTCCATCCTCGATGGATTCATCCGATACAGGAGTGCCCGATTCCGGTTCGATGAAGGAGCCCTGCTCGTCGGGTTTGATGCCCAGCTTGACCGGGGTGGCACGGGCTTCGGGAGAGCAACTCGCCAGGTAGCCGATGGGATCGGGCCGCACGGGAGCGGTGGCGCACCCGAGCATCTGTGCGGTGGCCGCTCCCAACAGGCTGGTGAGCAGCGCGCACCTGCGTGAGCCCGCCACAGGCGGCGTGGAGGAGGTATCGGGCGCTTCGGTGGCAAGAGGCGGCATGGGAGATGTTCCTTTTTCGGAATGCGCCGGAGTGACCGGTGCGGTGGGCTCCGCGCGGAGCAGCATCCACCCTATCCCGAGCACTCCCAGTCCGAGGGCCAGCGCGGCCAGGCGCCGCAGCCGCCTGCCCGTCCACCCGCGCGCTCGGGCGGAGGGTTCTCCGGAGGAGGGGCGGAGGGCTCCGGTTCCGTGGGTTCCTCCCGTGGCTCCTCCAGCAGGTCCACATCCGGGAACAGCTCCCGCCCCCGCGTGCACTCGGCGGGGCGCTGTGCCGGAGCCTGCCAGGACGCGGTGTGTCCCTCTTCCCCGAGCAGCCGCTCCAACTCCTCGCGGACCGCCCGGGCGCTCGGAGGACGTTGGGCGGGTTCCTTCGCCAGCAGCCGCAGGGTCAGCCCGCATAACGACTCAGGGGCACCGGGTGCGAGCCGTCCGGGCTCCAACGGCGGCGTGGAGGCGATGGCCGCCAGCAAATGCTCCAGTGGCACCCTCGTGCTGAAGGGACGGCAGTTGGTGAGTGTTTCGTACAGCAGTACGCCCACGGCATACAGATCCGCCGCGGGGCGGGCCTCCAGCCGAGCGTCCCGGGGCGGGTCCGCCGAGAGCAGGGACGCCAGGAAGAGGACGGCCTCGGGTGGTTGGCAATGGAGCGTTCCCGGCGCGAGCCCATCTGTCAGGACGAGCGCACAGGGCAGGTGCACCGTACCGAAGTCGATGAGGAAGGGCGCGTCGTCTCCCTCACGCACCAGCAGGTTCTCCGCTTTCACGTCCCGGTGGCACATGCCGCGCTCGTGCAGCACCTCGAGCGTCTTCAAGAACTCGCACACCACGCCCACGCTCCTCTGCAACGTGGCACGTTCGTGCCAGCGCCAGACGTGGAAGGTGCTTCCAGAGACGTAGGGGGTGACGAAATAGGTGTATCCCGTCTCCGGGTCGGGCCACCGGCCCCGCTCGAGCACTGGCAGCAGGTGAGGGTGCTCCATGTGCTCCAGGGAGGCCACCTCGCGGCGCATCCAGTCGTCGACCCGATCCTCGTCCTCTTTCGAGACGGGCCTGGCCGCCATCTTCAACGAACAACGGTGCCCCTCTCGCTCCACCAGGAAGACGAAGGAGAAGCCCCCGACGCCCAACCGGCGCACGATGAGGAAGTCCCGGATGTAATGCCCCGGGCGAAGCTGGTGGGGATGCAGTGGCCGGCTCATGGGTGCGTCCGCACTTCTTCGAGGGGAAGGGGTTGGAAGGCCCCAGGTGAGTCCCCTCCGTCCAGAGCCAGTTCCAGCCGCGAGGCTCCTTCTGGGAGGACACCACTCAGGATGTGGCGCTGACGTATCGCCCCTGCGTCTCCCGAGAACAGGTGCGCGGGCCACTCCAGGAGGACGCCATCCGCGAGTGTCGCTCGCAGACGCGCCTGGACCAGCCTCCACGGGGAGGTGCCCTTCTTGCGGCTGCGCAGGGCCACGGTGGCGAAGAAGCGCCGCTCCATCCAGAGCACGGATTCAGCTTGTCCCCGTGAGACTCGCGTCTCGAGGTCCGCCGTGCGCTGGGGAACAGCGAGCGTGGCGCGGCCGTCGGGTGTGGCCAGCAGGCTCCGGGCCAGCGCCGACACGGCGGTTTCATCGGCGGAGGGCTCGCCCTTCACCACGCGCACCTGGATATCCACCGCGTCGGGTCGGGTGACGAGCGCGAAACGGAGCGGCTCGGCTTCGGGCCCGGTCTCCACGGAGAGGGGCACCTGCGTCTCCTCGGGCAGGTCCGTGATGGGGACGATGATCAGCGAGCCGTCATCTACCGGCACGAGTTGGAGGCGTTTCTCGTCCTCGGGGAGCGTTACGGCTCCGCGCTTCAGGGGTGCTTCGAACAGGAGGAGCGAGGCCACACCCGCGCGTACTTGCAGCTCCAGCGGCGGC
CP043495.1_gap102	3563573	3565653	2080	GACGGAACCTACTTGGGCATGGTGGAGCCAGAGGCCGCGCTGGCGGCGCTCGCGGCGGTGGCTCCGGCGGGGCAGGACGTCTCTCCGCTGGAGGGCTTCTTTGCCCCGGAGGCGCTGGAGGCGCGCACCCGGGCCGAGTGGGACCTGAAGTACGGCGGCCTCTATGGGCGCTCCTGGGATCCGGGGGCGCGTTCCTACGTGGTGGGCACGGTGCCCCTGGGCGGGCGCGAGGTGACGTACCTCGTGGAGCGCACCTTCTCCGGAACGGTGACCACCGAGCACGGTGAGGCGATGTTGTTCTCGCTGCGCTGCCTGGAGGCCCCCGGAGCGGACGCCTCTCCCCAGGTGCTCGAGGCGTTGAGCCAGGCGGGGAACCCAGAGCTGACGCCAGGGGTTCAGTGCGAGGGAGAACAGTTGCTCGGAAGAGGCCGTTTCATCCCGGTGCGGCGCGGGCTCACCTTGCGGGCGACATTGGACGGAGAGACCTGGACGTGGGCGGCGAAGTCCCAATTGGAGTCGCTGCGGGCGTCCGAGGAGGAGCGGTGATGAGCTACGAGCAGAACCTCATCGAGGACGAAACGGGCATCCGCGCGGTGGTGCAGGGCAGCAAGCGCGTGGCGGTGCTGGGCATCAAGACGGAGCAGCAGCAGGGTCAGCCGGCCTTCTACGTGCCGCAGTACCTGGCGGATGCGGGCGTGGAGGTGGTGCCGGTGCCCGTCTACTACCCGGACGTGACGCACATCCTCGGCAAGCCGGTGTTCCGGCGGCTGGTGGACATCCCGGGGGACCTCGACCTCGTGGACGTCTTCCGGCGGCCGCAGGACATCGACCAGCACGTGGAGGACATCCTCGCCAAGAAGCCGAAGGCCGTCTGGTTCCAGTCCGGCATCCGCAACGACGCGGCGGCCGAGAAGTTGGCCCGGGCGGGCATCAAGGTGGTGCAGGACCGCTGCCTGATGGTGGACCACCGGCGCTACGGCCGCTGAGCGCCCTTCTTCCGGCTCGGAGCGGGCGGTGTGGGCTCGCTCTTCGTGGTGAGCCAGGTGCTCACCCGCCGCAACTCGGCCTCGACCTTCCGGTCGGGCGCGCCCAGCGTCCCGGAGCGGAAGAGCGAGAGCCCCTCCATCAGGGCCACCAGCAGTTCCGCGCGCGCGTGGACCTCGGCGCGGGACAGCTCCGGGGCGGCGAGGCTCATCCGCTCCGCCACAGCGCCGATGTAGCGCGCGTAGAAGGCCCGAAGCTCCGTGGCGATGCTGGGCTCCCGAGCCGCCAGCGCCCACAAATCGTAGAAGAGCCGGTAGCTGGCGGGGTCCTTCTGATCCTCCAGCAGGGACTCCAGCGCCGTGTCGAGCGCCCGGGCCGGGGTATCCGCCGCGCCCATCCGTTCCTCGATTTGCGCCGTGGCCCGCTCCAGGATGCGCGCGAGCAGGGCCCGGACCAGCTCCTCGCGGGTGGCGAAGTAGTACTGGAGGTTGCCCAGCCGGATGCCGGCCCGCTGGGCCACTCCGCGCAGGCTGAGGGCCGAGTGCCCCTCATCCACGAGCAGCCGCTCCGCCGCGTCGAGGATGGCCTCGCTCCGCTCCTGTCCCTTGGGGGAGGCACCGCGCGTGCTCATGCCGCCCGCCTCTCCGCGTCCGCGCCGCCCCGCACCTCGAGCTCCACTCCCAGGGAGCGCAGCGCCTCGAGCACCCGTCCGGGTGACGCCGATTGCTCCGGGAAGACAACGCCACGCGGGGGCGCGTCTCCATCCAATCCCAGTGCACGCTCCAGCGCGAGGGTGGCTCCCGCCGCGGTCAGGTGGGCCTGTCCCCGTGCATCCACCAACGTGGCCGAGCGCGACTCCCCACCTCGGGAGACGTCGACGCGGAGCACGGCCCGTCCTCCCTGACCGGAGCCGCGCAGCAGGGCGCGGCGCAGGTTCCGGAAGCGCTCCCCCCGGAGCAGGTGGAAGAGCCCCATCCCCTGGAGCACCTGGAACGCGATCGTGGCCGATTCGTCGCTGAACCCGATGCGCGTGGACACCGTCCGGGCCCCGAGCACCATCGGCAGCGTGAGCTGCTCGGGCGTGTCGATCCGGACC
CP043495.1_gap103	3583123	3585927	2804	GAGGTGAAGGGGGAGGTGGTGGCGATGGAGTGGCGGCACCTGGTGCGCCGGGAGACCTTCGAGAAGGTGGCGCGGCGGGGATGGAGGGATGAGCTGAAGCCGGCGCCGGCCCGGATGCCCGTGAACGGGCGCGGAGAGGTCGCGGGAGTGGAAGCCGTGCGCGATTGCGAGCAGCTTCAGCGAGGCTCGCGAAGGGTGGAGGACGGGTACGAGACGAAATGTGAGACCCGGTTCATTCACGACAGGAAGACGAGGGTCTGCGAGCAGGTGCCGCGCTACCGCGAGGAGCCCATCTACGCGGAGCAGTGCGGTTACGACACGTGGGTGTGGAAGAAGGTGGAGCAGCTCGAGGCGAAGGGCCGGGACGACACGCCTCGTTGGCCGGAGGGGAACCTGGTCGCGGGGCCGCTGGACCGGGTGCATCGGCTGGCGGCCTACACCGCGCGCATCCAGTACAGCAAGGGAGGTAAGTCGCGTGAGTACGAGTACCTGCTCCCGAACGAGGCGAGATTCCACGCGATGCGCAAGGGCCAGTCCGTCACCCTCCAGGTGCGGAACGATGGCGCGGTGTTGGGCGTGCTCCAGACGGGGTCCCGGGACTGAGCCGGGATCAGTCAGGGGAATGCAATTCGCGGCTGATCGGTGGGCCGACCTGGAAGTCGCGGAAGGTGGCGACGAAGCCGCTGCGCTGGGGTGAGCAGGCCATGGGCCCGACGCTGGCCGGACGTCCGGGCGGAAGATACGCGAGCCGGAGCATCCGGAAGGCCGGGCCGCCGAGCGCATACTCCACGCGCACCGCGTCTCCATGGCGGCTCAATCGGAGCGTCACCTCGTCCGGCGGTTGGGTGAGCGGAAGCACCGACCAGTCGGAGAACTCCCGCGTCACCACCACGCTGAGGTGTTGCACCCCATCGCTGTACTCGATGCCGGCCTTGATCCAGTGGCGCTCGTCCAGGCGGACCATCAACCCGGCCTGGTCGTACAGCGCCCGGTACTCTCCCGAGAATCGGACGGAGGCGGTGAAATCGTCCTCCACCTCCTGGTGGAAGAAGTGTCCGCTGTCCCGAATGAAGCCGTAGTGGGTCTCGCGCCAGAAGTCCGTCTGGTCGCCCGTCTCGAGGGAGAGGTGCCCCTCACTGGCGTTCCAGCGCGGGGGAGGGTTGTGCCACTTCATGGAGGTTCGACTCATGGCTCAGCCTCCCACCTTGGGAAGGGAGAGACTCAACGTCCCAGGGACAGGCGGCGCACCACGACACCGGCCGCGTTCATGCCGAACACGGAGGTGACGAAGGCCACGCTGCCGTCGATCTGGTTGCGGTGCTCGCAGCTGTGGAAGTCGTTGTCGTTGGGGCACACGCAGGAGAAGCCGTCGTCCGAGTCGTAGCGCAGGGACAGGGGCTGGCGCCGTTGCTCGATGGAGTAGACGGCGGTGATGCCCGTGGGCCGCTCGGTGGGCACGCCGTACTTGCGCTTGAGCAGCTTGCGGATGTCCTTGGCGAAGGGATCCATGTGCGTCTCGCACAGGTCCTCCACGCGGATGGCGGTGGGATCCAGGCGGGCCGCGGCGCCCATGGAGCTCACCACCGGAATGCCCAGGCTGACGCACCGGTGCAGCATGTGCAGCTTGGCCTTCACGTTGTCGATGGCGTCCACCACGTAGTCGTAGCTGCCCGGGGCCAGCAACTGGTCGGCGAGCTCGTCGCGGTAGAACTCGCGCAGGCCCTCCACCTGGGCGTCGGGGTTGATCTCCTTGCAGCGCTGCGCCATCAGCTCCGCCTTGGGCTTGCCCACCGTCTTCGCGGTGGCGTGCAACTGGCGGTTGCCGTTGGTGACGCACACGGTGTCGAAGTCCACCAGCGTCAGGTGGCCGATGCCGCTGCGCACCAGTCCCTCGGCGGCGTAGCTGCCCACGCCCCCCAGCCCGAACACGATCACCCGCGACTTCGCCAGCCGCTCCATCGCCGGGTCGCCGAGCAGACGGCCGGTGCGGTCGAAGCGCCGGTGCAGCTTGAAGGGCTTGGGCTCCGAGGGAGCGGGGGTGCCAGTGGCGGCGGGGACAGCTTCCGGGGGAGTGGGCTGCGGATTCATGAAGGGCCTCTATAGCGCGACCGCCTCCCTACCGCTAAGGCCGGGGAAAGGCTTCCCGGAACAGGCGGCGGGCATTCTCGGTCGTCCGCTGGGCAAGCTCCTCCACCGGCTGCCCCAGCACCCGGGCCATGCCCTCGAGGATGTGCGGCAGGTAGCCGGGCTCCGAGCGCTGTCCCCGGTGGGGCGTGGGCGCCTGGTCCGGGGCATCCGTCTCCACCATCAGCCGGTCCGGCGGGATGACGCGCAGGGCGTCCAGTGGCTTGCGTGCCTCGGCCCAGGTGACGGGGCCCGCGAAGGAGAAGTGGCAGCCCTTCTGGATGTAGAAGCGCGCCAGGTCCACGCCCCCGCCGTAGCTGTGCATGAGCACGCCGGCCTCGGGCAGGGGCTCCTGCTTGAAGAGCTCGATGAGGGCGGGGTGCGCGCGGAAGCAGTGCATGAGCACGGGCAGGCCGTGCTTGCGCGCGAGCGCCAGGTGCCGCCGCAGCACCGCCACCTGCCGCTCCATGGGCGCACCCGCGGCCGAGGGTCCGTCCAGCCCACACTCACCCACGGCGATGGCGCCGCCCTGGGAGAGCAGCGCATCCAGGCGCTCGAGGTGCGCTTCGTCCTCCTCGGGAGGGAGGTCCGGGAGCAGTTGGGGGTGGATGCCGAGTCCCACCTGGAGGCGCGGCTCGGTGCGGGACATGGCGAGCAGGGGCTCCCAATTGTCCGGTCCC
CP043495.1_gap104	3593409	3595977	2568	TTACAACGCGCACGAGGACGGGTACGGCCGCGACTTCCAGAGCCCCCCGGAGAACAACAGCCTGGTCGACGCGTGGGCGAACGTGACGGATGCGTGCAAGGGCGTCTCCACCAAGGCGGCGGACCGCACGCAGTGCCAGACGTGCCTGGACTCCAAGGGTTATTACGTCCAGGACAGCTCGACGCGCCGGGTGAAGGGCAACTTCCTCAACTTCTACGCGCCGCGTGACTCGGGTGCCGTCAAGGTGCTGGCGGACGTCGTGCACGCGTTGCCCGAGGCGCGCTTCGCGGTGATGTCGTTCGAGACCGTGGGTTCGGAGGGGTGCTGGAAGTCTTCGTCGGGCGTCAACAGCCTCTGCATGCTCCAGGAGATGAGCCCCTCGTGCTCCTACCCCCTGGACGCCGACGCGATGAAGGCCGGCCGCGACACCTTCCTCAAGAACCTCACCAACAATGGGAGCACGACGAAGCGGCTGTCGTGGGGCCGAATCGGTACCCCGCTCGCGGACACCCTCTACGCGGCGGGCTATTACTTCCAGAGCAGGAGCAGCGGCACCACGTCCTTCACCAAGTATTTTACCTCCACTCATGCCAAGCCGGGGAGCGCCGGTTCCACTGCGTACAACCGCGGCGACGCCATCTGCTACGAGTGCGGGTTCAACGCCGTCATCCTGCTGACGGACGGTGATCCCAACGGCGAAGGCGGTTACGCCGCCCTCCCCAACGCCATCACCAAGCAGACCTCCACCTGCTCGAGCACGGATTGCAAGGGCAACCTGCACAAGGTGGCCAAGTACTTCTGGGACAACGACATGCGCGAGGACAAGGGGGGCATGCAGCGCGTGGCCACCTACACCATCGGCTTCTCCGAGGCGGTGACCTCCAGCAAGCTGCTGCAGGAGACGGCGCGGGTGGGTGGCGGCGAGTTCTTCCCGGCCCGGAGCACCAGCGAGCTCAAGCAGGCCCTGCTGAAGATCCTGGACAACATCAACGCGCGCAGCAACGCCTTCACCTCGGTGGCCGTCAACAGCCTGCAGTCGCAGAACTCGTCGCAGCTGGCGATCATCCCCCGCATGGTCCCCGCCAGCAACAAGGGGTGGGCGGGCAAGCTCTTCCGCTACGAGCAGTTCAACGAGTTCGTCCTGAACGAGGACAGGAATGACGACAAGGACTACGACGACGTCTACCTGATCGACAGGAATGGGGATGTCGTCGCGGAGACCCAGGACGGTGACTTCCGCAAGATCACGGCCTTCAGCACCCCCGCGACCGTCACCCAGTTCGGCGAGGCGGCCCAGCACTACTGGGAGGCGGGCGAGGAGCTCAAGAAGGACTGGGAGCAGGGAGACGAGACCGGCAAGGTGAAGAAGCCCGACTTCGGCCGCAACATCTACACGGTGACGGACAACGGCCGGATGAAGGGTGGCACCAAGGATGGGTTGATCAACCAGGATGACGAGCTCGTCGAGTTCAAGCTCGAGAAGCTGGCTGAGCTGCAGCAGTACCTGGCCGTGAGCGGGGCGCCCATGTGCCCCAGCGGCACGGGCACCGGCTACAAGCCGGGCTTCATCCTGAGCAAGATGGGGCTCACCGCCAAGCAGGCCGCGGAGATGATGAACAAGGTGCGCTCGAGCGTGGTGTCGGCGGACCCGACGTCCCAGGCCGACTACGACAAGCTGTGCGCGGCGCTGGTCATCCAGTACGTGCGCGGTCAGGATCTCTTCGACGAGGATGGCGATGGTTCCCGCTCCAACATGCGGCCGTCCGCGCTGGGCGACATCTTCCACTCGGCGCCCGTGGTGGTGAGCCCGCCGGTGGACAAGTTCCTGTGCGACCTGGGCGTCAGCACCCAGTGCGTGCGCACGCTCTACTCCAGCGCGGAGCAGCTGGGCGGGCAGGCCACGCCGTTGAAGCCGTCCAAGGACCCCATCCCCGCGACCTGCAAGCCGGGCGCCGCGATGAATCAGGGTGATGCCTACGACGGCTTCCACCACAAGAATCGCATGCGCGAGCGGCTGATCCTCGTGGGTGCCAACGACGGCATGCTGCACGCCTTCAGCGATAGCAAGGGCTCGGTAGATCAGGCGTGCAACATCCACTACGCCCCGGTCGCCGGTGAGCAGGGTGGCGGCAAGGAGGTGTGGGCCTTCATCCCGTCGGATCTGCTGCCGCGGCTCCAGGACATGCTGCAGGGCCACGCCTACTACGTGGATGGCGACATCATGGTCCGCGACATCTGGTCGGACGACAACAACAACGGCTGGAAGGACGAGGACGAGTACCACACGGTGGCCGTGGTGGCCGAGGGCCGCGGCGGCACGCACTACTTCGCCCTGGAGCTGCGCTGGGATGATGCCGCCAAGCCGGCCGCGCTGGCTCCCGGCTTCCGCTGGATGTTCCCGCAGCCGTGCACGGACGAGGCGCTGCGTTTCGGCAAGACGCTCTTCAGCCTCAGCCCCAAGTCGCCCCCGATCGGTCCCGTCCGGTTCAGGTCGGCGAGTCCCATGCCCCAGGCGGAGGGGTTGCCGCCCAAGGACTTCTCCGAGCGCTGGGTGACCATGCTGTCCGG
CP043495.1_gap105	3632469	3635856	3387	CCATCCAGCTCCTCAAGCGGCAGGGGCTCGTCTCGCGTGCGCAGGTGGGCGAACTCCAGTCCTACTTCCTGAATGAGCCAGCGGTGGTGGTGCCCTGGGGCCATCGCCCGGGGCCCGACCGCGCGCGGCTGCTGCTCGGGTGCTTCGACCGCGCGCCTCCGTCCTCGCCGAAACCCAGGGGCTGAGTTTCTCTTCACTGGGCGCGCTGTCCTCCAGTGGATGTCGTGCCCTTCGGTGGGCCGCGCACGCGCGGGAAGATTGGAGGCCTCCCAACGCGTGCGGTAGGTTGGTCTCCCCCCTTGGTCTCTTCCGAACCACCTCCATCCAGCGCCCGGGGCTCTGCTGCCTTCAGCCTGCGCACGCGCGTGGGGCTGGTGGTGTGCCTCCTCTCCGTCGTGGCCCTGCCGGGCATGGGCGTGGTGGCGGGGCGCCTGGCCGAGCGGGATGTGGATGCACGCGTGGGCGAGGGGCTGGCCACCGTGGCGCAGTTGCTCGCCGAGCGCACGCAGGCCCAGCTGCGCGCGCACCTGGTACAGGTGAGGGGGCTCGCCGAGCTGGAGCGCCAGGGGCTGCTGCCCGAGGGGCCCGAGGCACGGCGCGCCGTGCTCGAGCAACTGCAGCGGGACACTCCGGAATTCGCTTGGGTGGGCTTCCTCGATGCAACGGGCGTGGTGCGCTACAGCACCGGGGGCCTGCTCGTGGGCGCCCAGGCTTCCGAGCGCCCCGCGTTCCGGGAGGGCACCCGGGGCCTCTACGTGGGTGACGCGCATGAGGCGGTGCGGCTCGCCTCGCTGCTTCGGAGCCCGGACGGGGAACCCTTGCGCCTGCTGGACCTGTCGGTGCCGGTGCACGCCGCGGACGGCACGCTGAAGGGCGTAATGGCGGCGCACATCACCTGGGATTGGGGCCGCGCGCTCCGGCGGGCGCTGGCGGACACGGCGTGGGCGGGGCTCGAGGTCCGGCTGCTGCGGCGGGACGGGGCGTTGCTGAGCGAGCCGCCCACGGGCGCGGAGCTCTTCCGCCAGGCAATCCTACCCGCGGCGCTCGAGCCGCACGTGCGCGCGGGGGGCTGGGCCGTGGCGACCTGGGAGGACGGCCGTTCCTACCTCACGGGCATCGCCCCGCTGCGTGCCGTCGATTCCACCCCCGCGTTGGGTTGGACGGTGTTGGTGCTGCAGCCGGCCGAGCGGGCCTTCCAACCGGCGGTGGCCGTGCGCGAGCGTTTGAGCTGGCTGGGGTTGTTCGCGGGCCTGGTGCTGGCGCTGGTGGGGTGGGTGCTCGCCGGACGCGTGACGCGGCCCCTCGCGGACATCTCCGCGGCGGCCGAGCGGCTCCGGGCGGGGGAGTACGACGTGCGGCTGCCACACGGAGAGCGGGGCGATGAGATAGGCGCGCTCTCCGCATCGCTGGAGGCCCTGCTTCGCACGCTCGAGGCGCGCGAGGCGGAGCTGCGCCGGGCCCTCGCGGTGCGCGAGGACTTCCTCGCGATCGCGGCACACGAGCTGCGCACCCCTCTCACCGCGCTCTCGTTGCAACTCACCACGCTGGGCCGGCAGGCGTCCGCGGCCGGGGTGAGCGAGCTGCTCGCCACGAGCCTGCAGCGTGCCACCCGGCAGGTGCGGCGTCTGGGGCAGCTCAGCGAGGCGGTGTTGGACACCTCGCGCATCGAGTCCGGACAGCTGGAGTTGGAGCTGGAGCCGCTCGAGGTGGGGGACTTCACGCGCGAGCTGCTCGAGCGCGTCCGCGACATGTCACCCGGCGCGGACCTCCGCCTGGAGGCGTGTGCCTCCGCCACGGGGCACTTCGATCGCCGTCAGCTCGAGCAACTGCTCACCAACCTCGTGCTCAACGCCATCAAGTACGGGCAGGGCAAGCCCGTCACGGTGCGTGTGGAGGCCACGGCCGGAGAGGCGCTGATCTCCGTGCGCGACGAGGGCATTGGCATGAAGCCCGAGGACGTGGAGCGCGTGTTCGGCCGCTACGAGCGGGCCAGCTCCACGCGGCATTACGGGGGCTTCGGGCTGGGGCTGTACATCGCGAGGGCGGCCGCCCGGGTACACGGGGGCCACATCCGCGTGGAGAGCGAACCGGGCCACGGCTCCTGCTTCACCGTGGCCCTGCCGTTGCGCGCGCCCGAGCCCCCGGGCGCGTAGCGAGGACTACTGCTTCTCGCTCCAGATCTGCTTCATCCAATCCTCGATGTCCCTCGGCTCGCGGGGGATGTCCTCGGACAGGACGCGGCAGCCCGTCTTCGTCACGAGCACGTCGTCCTCGATGCGCACGCCGATGCCCCGGTACTTCGCCGGCACCGTCAGGTCGTCCTTCTGGAAGTACAGGCCCGGCTCCACCGTCAGCACCATGCCCGCCTTCAGCTTGCCGTACTTGTAGGCCTCCTGCCGCGCCTGCGCGCAGTCATGCACGTCCAGGCCCAGCATGTGGCTGACGTTGTGCAGCGAGTAGCGCTTGTAGAACTGGTGCTCCTCCTTCAGCGCCTCCTCCGGCGGCGTCTTGAGGATGCCCAGCTCATACAGTCCCTCGGCCAGCACCTTCATGGCGGCCCGGTTGGGCTCCATGAAGTCGTTGCCCGGCTTCACCGCGGCGATGGCCTGGTTCTGCGCCTCCAGCACCAGCTCGTAGATTTCGCGCTGCTCCTTGGAGAACTTGCCGGAGATGGGCAGCGTGCGCGTGATGTCCGCCGTGTAGAGGCTGTTGCCCTCCACGCCCGCGTCCAGCAGCAGCAGCTCGCCCTTCTTGATGTCGCCGTCGTTGCGCGTCCAGTGCAGCACGCAGGCGTGGTGGCCGGCCGCGGCGATGGTGCCGTAGCCCACGTCGTTGCCCTCCACCCGCGCGCGCAGGTTGAAGACACCCTCCACCTCTCGCTCGCTCCGGGCCGCCTTCAGCCGGCGGATGACGTCCTCGAAGCCCCGGTGCGTGGAGTCGATGGCCGTCTCCAGCTCGCGCACCTCCAGCTTGTCCTTGAGGAGCCGCATCTCGGACAGCGCCGTGGCCAGCTGCTTGTCGCGCTCGGCATGCTCCGTCACCGCGCCGTCCACCCGGGCCGACATGCCGCGCAGCACGCGAGTGGGGATGACGGCCGCGCCCCGCAGGCCCTCCAGGAAGCCCGGAAGCTCGGGCAGGCCGCGAGCCTCGTGCACGCCGAAGCGCGCCTGGCTCTCCTTCACGCCCAGCCTCGGGCCCACCCACAGCTCGCCCTTCACGCGGTCCGTGAAGAAGGTGGAATCGCTGCGGCCCGGGTTGGTCTCCACGAAGAGGATGTCCGTGTGTCCGCCGCCCTCCTTCGGCTGGAGCACGAGCACGCAGTCGGGCTCCATGTTGCCCGTCAGGTAGTAGAAGTCCGTTCCCGGCCGGAAACGGTAGTACGTGTCG
CP043495.1_gap106	3766086	3768869	2783	TGGTGGACATCCTCCGCCGCGCCGGGCCCGTGGGGCACATCTTCAACCTGGGCCACGGCATCCTCCCGCCCACGGATCCGGACGCCGCGAAGTTCATGGTGGACGCCGTGCACAAGCACGGGGTCGCGCTCCGCCAGGGCACCTGATGACGTGACCCCGTGAGTCGGCCGGCCCCGAGGTACTGGTGAGCCGGATGGAGCGGGCGGACCTGTCCTCGCTGTGGTCCGTCTCTCCGGAGCTCCGCCTCCTGGAGGAGTTCCTCCTGGAGAAGTTGGCTGCTCAACAGCCAAACACCGCTCCCTGAGTTGCCCACCGAGGGGGCAAACGACCTGCTGTCCACAGTGTTGACTCTGGAATCAATCTTCCGTTGACGCGATGCGGCACGGCCCGTTAGATGCGCCTCTCCTACGTCGGGAAGGTGAGGCACACATGGCTCGCGAGAAGCAGCGTAACGGTCACCGCAGGGTGGCCATCGTCCGCGGATTGCGGACGCCCTTCGTGAAGGCAGGTACAGACTTCGCGAAGCTCACCGCGCTGGACCTGGGCCGCATGGTGGTCCAGGAACTGGTGCAGCGCGCGGACATCGATCCCCAGGAGATCGACCAGGTGGTGTTCGGCCAGGTCATCCCCACACTCACCGCGCCGTCCATCGCGCGCGAGGTGGTGCTGGCGGCGGGGCTGCCGCGCAAGATTGAAGCGTTCACCGTGGCGCGCGCCTGCGCCACCTCCATCCAGGCCATGACGACGGCGGCCAATGCCATCTCGGTGGGCGAGGCGGACGTGGTGCTCGTGGGTGGCACCGAGTCCATGTCGGACGCGCCCATCTTCACCAGCCGTCCGCTGGCCCAGGCGTTGGTGGCCGCCTCCAAGGCCCGCAGCTTCCCGGAGAAGCTCAAGGCCTTCCAGACGCTCAAGCCGCGTGACCTGGTGCCCGTGCCCCCGGCCATCGCCGAGTACTCCACCGGCCTCACCATGGGCGAGAGCGCCGAGAAGATGGCCAAGGAGAACGGCATCTCCCGCCAGGAGCAGGACTCCATCGCCTTCACCTCGCACCAGAACGCCGCGCGCGCCTGGAAGGAGGGGTTCTTCGACCCCCAGGTGATGCACGTGGTGGTGCCGCCCAGGTACGAGAAGGTGTCGCAGAAGGACAACATCGTCCGCGAGGACACCAGCCTGGAGGCCCTCTCCCAGCTCCGGCCCGTGTTCGATCGCAAGTACGGCTCCGTCACCGCCGGCAACGCCTCGCCGCTCACCGATGGCGCCGCCGCGCTGCTGCTCATGAGCGAGGAGAAGGCGAAGGCGCTCGGCCTGGAGCCGCTCGGCTACCTGCGCGCCCATGCCTATGCCGCCACCGACCCTGGGGAGCAGTTGCTCCAGGGCCCGGCGTACGCGGCCCCCATCGCGCTGCAGCGCGCGGGCCTGAAGTTGTCGGACATCGACCTCGTGGAGATGCACGAGGCCTTCGCCGCCCAGGTGGCGAGCAACATCCAGGCGCTGGCTTCCAAGGAGTTCGCCCGGAAGGCCGGATGGAGCGCGCCGGTGGGCGAGGTGGACCGGACGCGTCTCAATCTGTCGGGTGGCTCCATCTCCATCGGCCATCCCTTCGGGGCCACGGGGGCGCGCATCGTCACCCAGGCCCTGCATGAGCTGAAGCGTCAGAACAAGAACACGGTGCTGTGCACCGTCTGCGCCGCCGGTGGCCTCGGAGCCGCGGTGGTCCTGGAGCGTGCGTGATGGCTGCCATGATTGCTCAGGAGCTCGAGGCGAAGCAGGGCTTCTCCTACCAGGTCGAGGACGGTGTCGCGCTCCTCGTGCTGGACTTGCCGGGCGAGCCGGTGAACACGCTCTCCCCGGAGACGGGCGAGGTGTTCGCCCACCTGCTCACCCGCGCGGAGAAGGATCCCGCGGTGAAGGCGCTTGTCTTCACCTCCGGCAAGAAGGACAGCTTCGTGGCCGGAGCGAAGATCGACTTCCTCCAGACGCTCAAGTCCGCCGCCGAGGCCACCGCCGCCTCGCGTCAGGGGCAGCAGGGTTTCGATCGGCTGGAGGCGTTCTCCAAGCCGGTGGTGGCGGCCATCCACGGCGCGTGTCTGGGCGGCGGCCTGGAGTGGGCGCTCGCCTGTGACTACCGCATCGCCACCGACAGCCCGAAGACGACGCTCGGGCTGCCCGAGGTGCAGCTGGGCCTCATCCCCGGCGCGGGTGGCACCCAGCGGCTGCCGGCCCTCATCGGCGTGCAGGCCGCGTTGGACCTCATCCTCGCTGGCAAGAACGTGAAGCCGTCCAAGGCGAAGAAGCTGGGCCTGGTGGACGAGGTGGTGCCCGCGCCCATCCTCCGCTCCCTGGCCGTGCGGCGCGCCCGTGAGCTGGCCGAGGGCATGCTCGAGGTGGAGCGTCCCCGGGGCCAGGGCCTCAAGGCGGTGGCGCAGCAGGGCAAGAAGGGCCTGGGTGGGCTGCTGCTGGGGCTGACCAACAAGGAGATGTGGACCGAGGTCGCGCTCGAGGACAATCCGGTGGGCCGGAAGATCCTCTTCGACCAGGCGCGCAAGCAGTTGCGCAAGAAGACGCGCGGCAAGTACCCGGCGCCGGAGAAGGCGCTCGAGGCCATCCGCATCGGCGTGGAGTCCGGCCGCGCGGCGGGCCTGGAGGCCGAGGCGAAGTTCTTCGGCGAGCTGGTGGTGTCCGACGTCTCCAAGCGGCTGGTGGAGATCTTCTTCGCCACCACCGCGCTCAAGAAGGAGAACGGCACGGCCAGCGCGGACGTGAAGCCCCGCGAGGTGAAG
CP043495.1_gap107	3775444	3780378	4934	AGTACACCACGATGTCCTTGGTGGACGCGGACAGGCCCGTGCGCATGGCCCCGCCCAGCTTCAGGTTGACCGGGTGCGTGATGACCCGGAGCTGGGGGATGCGCGAGGCCATCTCCTCGCAAAGCTCCTGGGTGCGGTCCGTGGAGGCGTCATTGACGATGATGATTTCGAAGTCATCCGTCAGCCGGGGGAGCACCTCCATGGCGCGCGCGACCGAGCGCTCCACATAGTCCTCCTCGTTCCAGGCGGGAAAGAAGAGGCTGATGCTGGGAGATTTACCCACGATGTGACCTCAGCGGTGTGCCCCTGTGACAGGCGTGGCGGAATCAGGCCGGGTGGCTATCAAACATCGCGGGGCAAGCGCAATCCAACGGTCGCGACTCCGCGCTCGGCCGTGGTAGCGTGAGGGCTTGGGTTGGTTTCGGGGATAGATGTGGGAGACAGGCGCCTCATTCTGTTGGTGGACGAAGTGCCCGAGCGGCAGGCCGAGCTGGCAAGCACTCTGGAGCAAGGGGGGTTCTCCGTCCGATTGGTGTCGGCCGGCCCCGAGGCGCAGCGGCGCCTCGCCGAGACGGATCTCGTGCTCCTCGCCCTGGGTCCCGCCGGCGCGCCCTCGCGCGCGTTGCTGCAGCATTTGATGGCCCGGGACGACAATGGGTCCGGTCCCGGCATCATCGCATTGGTGCCCGCGGAGGAGCGTGCCGCCGTCGTGGCCGTGCTGCGCCTGGGGGCCGAGGTGGTCTGCACCCCGGTGGAGCCCGAGGAGTTGATGGCCCGTATGGAGCGCTGCCTCCGGGATCGCCAGCGCGTCAACGAGCTGCTCACCCGGGTGACCTCCCTGGAGCGCCTGTCCGTCACCGACGGCCTCACCGGCGTCCACAACCACCGCTACTTCCAGGAGCGGCTGCGCGAGGAGTTCCGCCGCGCCCAGCGCTACGACGACACGCTGTCGCTCATCCTCATCGACCTGGACCACTTCAAGGCCTTCAACGACACCCACGGCCACCAGGTGGGTGACATCGTGCTGTGCGACGTGGCGGGCTCCCTGCAGCGCAGCGTGCGTGAGACGGACCTGCTCGCCCGCTATGGCGGCGAGGAGTTCGCCATCCTCTTGCCGCGCACCCCGTTGGCCGGCGCCCTCACCGTGGCCGAGCGCGTCTGGCGCGAGCTGGGCCAGCTGCACACCGGCCCCCAGCGCACCCTGCGTGTCACCGCCTCACTGGGCGTCTCCACCTTTCCCCACCACGCCGTCAGCAGCGCGGAGTTGCTGGTGCGCGCCGCTGACCAGGCCCTTTACCGCGCCAAGGACGAGGGCCGGAATCGCATCTGCCTCTACGTCGCCTCCTCCCCCTTCGACAGACTCGCCCCTCGCTAGCCCGTTCCCCGTACTCGGAGTGGGTCAACATTGACCCGATTCATGGGTCGGGGTATGGAGGGACCCAGGGTGGTCGCAAGCCCCGGGTGCGGAAGCACCCGGTATCAATGGGGTTTGCGAGGTGGCGGACGTTGGCAGCGTCATTGCAAATGCTCGGGTCTCGGACCCAGGACGAGGTTGCCACTGGAACTGGCGCAGACACAGGGAGCGGTGCCACGCGGTCGGCTGCTGCTGGTGGACGACGAGGAATACATCCTGAAGTCCATCCGGCGGGTGCTCCGTCGCGGCGATTGGCAGATCGAGACGGCCTCTGACGCGGAGGAGGGCCTCAAGGCCCTCGAACGCTTCACGCCCGAGGTGGTGATCTCCGACTTCAGGATGCCGGGGATGAACGGCGTGGAGTTCCTCAGCCGGGTGAAGGCGCAGGTGCCGCGGGCCCAGCGCATCATGCTCACCGGCCAGGCCGATCAGCAGGCCATTGAAGAGGCCATCAACCGGTCGGAGATCTTCCGGTTCATCTCCAAGCCTTGGAACGACAGCCACCTGGTGCTGACGGTCAAGAGCGCCTTCGAGCAGTACGCGCTCCAGGCGGAGAACGAGCGGTTGCTGCGGGTGACGCAGCAGCAGAACGAGGAGCTGCGGCGGCTGAACGCGGAGCTGGAGACGCGCGTGGCGCTGCGCACGCACCTGCTGAGCCAGGCCAAGCGCGAGTGGGAGCTGTCGTTCGACTCCATCGAGACGCCACTGGCGGTGGTGCGCCGGGACTTCGGGGTGCGCCGCGCCAACCGGGCGTACTCGGACCTGGCCGGGGACAGGCTCAAGGAGCCGCTGTCCGAGCTGTCCGAGGAGGGCGCCGAGCCGCTGTGCCACAAGCTGATGTTCGACCGGGACACGCCGTGTGCGGGCTGTCCGCTGCCCGAGGCGCTGGAGAGCGGCAAGGGCGCGCGCGCGGAGATCAGCCAGCGGGGGCGCACCTACGCCATGGCGGCCTACCCGCTGACGACCGAGGGGCGCGCCGTGTGCTCCTACCGGGACATCAGCGACGAGCGCGAGATGACGCGCCGGCTCATCGACACGGAGAAGATGGCGGCGGTGGGCCAGCTCGCTGGCGGCGTGGCGCATGAGATCAACAACCCGCTGGGCGGCATCCTCGCCTTCGCGCAGTTGATGAAGCGCGACGAGGGCCGCAACGCCTCGGACCTGGAGTCGTTGGACCTCATCGAGGAGAGCGCGCTGCGCTGCAAGCGCATCGTCGAGAGCCTCCTGAAGTTCAGCCGCCACAGCCGGACGGAGGATCGCCGGACCTTCCAGCTCAACAAGTGCGCGGAGGACTCGGCGGTGCTCTTCGGGGCCCAGCTCAAGGCGTACTCCAAGGTGCGGCTGGAGCTGCGCCTGGCGCCGGATCTTCCGGATCTGTTCGGAGACCCGAGTCAGCTGTCGCAGGTGATGCTCAACCTGCTGCAGAACGGGCTGCACGCGCTGCCCCCCGCGGGGGGCGTGCTGTCCCTGGAGACTGGGAAGGATGGCGACCGGTGCTACTTCCGCGTCGCCGACACGGGCACGGGTATCGAGGAGCGCAACCTGGGCCACATCTTCGAGCCGTCGTTCACCACCAAGCCGCCCGGCCAGGGCACCGGCCTGGGCCTGTCGATCGCCTACCGCATCGTCGAGGACCACGGCGGCATCATCAAGGTGGACACCCAGATGGGTGAGGGCTCGCGTTTCACCGTCTACATCCCCATTCCCCTGCAGCTCGAGAGGTTGCCATGACGCCACAGCCAGTTGCTGCCCCCGGCGCCAGGCGCGCCAAGATCCTGGTCGTGGATGACGATCCGATCGTCCTCAAGGCGGTCACGTCCATCCTCAAGCGGGAGGACTACCAGGTCGTCTCCATCGACGACGCCGTGGAAGGCCTGACGGCGGCGAAGGATCCGTCCATCGACGTGGCCGTCCTGGACATCAAGATGCCCAACCTGTCCGGCATGGACCTGCTGCGCGGAATCAAGGCGGCACGGCCGGAAGTGGAGGTCATCATGATGACGGCCTTCGCCACCGTGGAGACGGCGGTGGAGGCGGTGAAGGCCGGCGCGTACGACTACCTCACCAAGCCCTTCGAGAACATCGACGAAGTGAGCATGACGGTGGCCAAGGCCGCCGAGCGCAAGGCGCTGCGGGACCGGGCGCGGGCGCTGGAGGAGGCGCTTACCGCGCGCAACCAGTTCGAGGAGCTCATCGGCCAGTCGTCGCAGATGCGCAGCGTCTTCAAGCTGGTGGAGACGGTGAGCCACTCGACGGCCACGGTGCTCGTGCAGGGCGAGAGCGGTACGGGCAAGGAGCTGGTGGCCCGCGCCATCCACTACCGCAGCGCGCGCAAGGACAAGCCCTTCGTGGCCGTCAACTGCTCGGCGCTGTCGGACACGCTGCTGGAGAGCGAGCTGTTCGGCCACGTGAAGGGCAGCTTCACCGGGGCCACGTCCAACAAGAAGGGCCTCTTCGAGGCGGCCGACGGCGGCACCATCTTCCTGGACGAGATTGGCGACGTGCCTCCCGCCACCCAGGTGCGCCTCTTGCGCGTGCTCCAGGAGGGCGAGGTCAAGCGCGTGGGCGCCAACGAGCCGGTGAAGGTGGACGTGCGCGTCATCGCCGCCACGCACGTGGACCTGAACCGCGCCAAGGAGCAGGGCAAGTTCCGCGAGGACCTGTTCTACCGGCTCAACGTCATCACCATCGATCTGCCACCGCTGCGGGACAGGCCCGAGGACGTGCCGCTGCTGGCGCACCACTTCCTCAAGCTGTACGCGGTGAAGGTGGGCAAGCGGGTGACGGGCTTCGCGCCGCGCGCCATGGAGGCCCTCACCTGCAACCGGTGGACGGGCAACGTGCGCGAGCTGGAGAACGTCATCGAGCGCGCGGTGGTGCTCACCTCCAAGGAGGTGTTGGAGGTCGACGACCTGCCGCCGGGCTTCCAGGACGCGCCGCAGGCCGGGGCCCAGGTGGAGGTGTTCAGCCTGGCGCACCTGCCGTACGCCCAGGCGAAGCGGCTGGCCATGCGCGCCTTCGAGCGGCGCTACCTCACCGCGTTGCTCGAGAAGCACAACCACAACGTCTCCAGCGCCGCGCGCGCCGCGGGCGTGGATCGCTCCAACTTCCGCCGCCTGCTCAAGCAGTACGAGGTGGCCGGGCGCTCCATGAAGCGCGGCAAGGACGGCGACGACGACGACGCCCTGGAGGCCGCCTCCTGAGTTTCGAGGGCTGAGGCTGCTCAGCCTTCTTCCCCCGGCTCGCGGGAGCGCTCCGCGAGCTGGCGTTGGATGTCCTCGTAGCGCTCGGCCAGCTCCCGCTCGAGGCCATTGTGCGTGGGCTGGTAGAAGCGCCGGTCGCGCAGGGCCTTCGGGAGGTACTCCTCGGGGACGTAGTTGCCCTCGAAGTTGTGGGGGTACTTGTAGCCGGCGCCGTACCCCAGCGACTTCATCAGCTTCGTGGGCGCGTTGCGCAGGTGCAGGGGCACGGGCAGTGGCCCGCCCTCGGTGACGGCGGTGCGCGCCGCGGCGTACGCGGT
CP043495.1_gap108	3783843	3786109	2266	GCACCTGCGTGCGGCCCACGGGCTGGGACAGATCGGCCATCATCGCGTCGTACTCGCGCATGGCGCTGGCGAAGGCGGGGTCCTCCGGCACCTCGGGCGTCACCGGCAGCACGCCGAAGTCCATGCTCTTGAGCTTGCCGCTCTGGGTGCCCACATGCAGGGTGACGCGCCCCAGCTCCCGCGCCTCGGAGGACATCTTGACGATGGGCGTGCCGTTGGACACCGCCTGCATCATCACGTGCTCGTGGCCACCGATGATGAGATCGATGGGGGCGCAGCGGGCGAGCACCTTGTCCTCGGCGACGAACAGGTGCGTGAGCCCGATGATGACCTGCGCGCCCTGCTTGCGCATCTGCGGCACCAGCTCGCGCGCCTTGGCGCACGTGTCCGTGAAGAACACGTCCGGCCCCGGCTTGGAGCTGTACTTCGTCTTGCCCAGCAGCACCCCGAAGATGCCCACCTTCACGCCGCCCACGTCGCGGATGACGAAGGGCGGGGTGTCCGCGAAGGTGCGGCCCGTCTTCTTGTCCATGACGTTGGCGCCCAGCCAGGTGAAGCGGGACTCCTGGATGCGCTCGCGCATCACGTCGGGACCGAAGTCGAACTCGTGGTTGCCCAGCACCGCGAAGTCCAGGCCCAGCGCGTTCCACGCGTCGATCATCTGCTTGCCCTTGTGGAAGGTGGACTCCACGGAGGGCCCCAGCGTGTCACCGGCCATGAGGAACAGCGTGTTCGGCGACTCGGCGAGCACCTGCTTGCGCAGCGTGGAGATCCGCCCCAGTCCGCCCCGGGCCCCGAAGTCCACCGGGGTGAACTGGTACACGTCGTTGACGTGCAGCAGCGTGAGCGTGACGGTGGGCTCCTCGTCCTGCGCCGCCTCGGTGACCGCGTTGTCGGCGGGTTGGGGCTCCGCGGCCGGGGAGGACGTGGGGGCGCTCCCGGGCAGCGAGGCGCAACCAGCGGCGAGAAGCAGGGCGGCCAGGAGTGTGGCCAGGGGGCTCGGCGGGCGGAACGGGAGGGCCATGGGTGTTCGTCGGAGGGTCCAATGTCCCATTTCCGGCGCGCTTGTGCATCCTTTCGCGTGACCTTCCCGTAACGCGGCGTGGCGATGCCCGTCTCCCTCCTCGCCCGGGATGCGGCACCGGGCGGAAACGCTTCACTACGGGTGGGAGACGGGGACGGAGATGGAGCACGCCCGCTCGCTCGGGGAGCGGCGTTCAGACGGTGTAGCGGCGTCCCTGCGCGAGCGGCTCGATGTTGCTCGCCCCAAGGTCGAAGTCATCCGGGTAGTGGATGAGCCGCATCTTCGCGCGCAGGGCGGCGGGCAGCGCGGCCAGCTTCTCGTAGGGCGTGTGCACGCCGTAGTTCGTCTCGTGCACCACGAGGTCGGCTTCGGCGAGCCAGGAGATGAGTCCCTCGTCGTAGGCGGTGTCGGCGCTGTAGCCCAGGCAGCGCCCGCCGGCGCGGATGCGCAGGGCCGTGGTGGGCACGTGGTGGTAGGTGAGGCGGCTCTCGATGGAGAAGGGGCCGAAGCGCACGGCGGCCTCGGTGGAGAGCGGGAGGGGCTCGAAGTAGTCCTCGAAGCCATGGCGCTGTGGCTCGCCGCCGGGCTTGCGGATGAGATCCTCCATGCCCGCGGCGAGGTGGCCGTCCCAGAGCCGGCGCGTCACATCCGGGTGGGCGAGCAGCCGCAGCTTCCGTTTGAACACGAAGAAGGAGAAGTATCCGAGCCCCTCCACGCCGGAGCTGTGGTCCGCGTGCAGGTGGGTGAGGACGAGGCCCGACACGCGGTCCGCGTCCAGCTCCACACCCGAGGAGAGGCTGGCCTCGCGCATCATCTTGCGGATGGGGTGGGGGCAGTCGATGAGCAGCACCTGGCCCTCTGCTTCGAGCGCCAGACACGAGGAGTAATGCAGCGCGGAGAAGGCATCGCCAACGCCGAGGGTGACGAAGGACAGGCTCATCACGGGCTCCGGAGGGAAGGGGGATTCAACCGCGACCGCAGTTTCGCCGCGACGGCGGGCGGGCAGAAGTCGGAAACGTCCTCGCCGCGCTCCAGCTTCTCCTTGAGGCGGCTGCTGCTCACCTCGGCGAGGTGGGACTCGGCGGGGAGGAAGAGGGTGGCCAGGTCCGGGGCGAGCGCGCGGTTGGCCTGGGCCAGCGTCGTCTCGAACTGGGCATCCGTGGCGCCGCGCACCCCGCGCAGCAGCACGCTGGCGCCGATGGCCCGCGCGTAGTCCACGATGAGGCCCTCGGTGCTGGCCAC
CP043495.1_gap109	3866125	3867094	969	GCGTGCTTGCGCGAAATGCCATCGTCCTCGACCTGGAACTGCGCCTCCACGCTGCGGCCGAGCACCGTCTCGGACTTGTCCAGCTTGAACATCCGGCCGATTCCGGCCGCGGACTTCGCGCTGATGACGATGAGATACGCGCTCTGCTGCTGGGGGGCGTCCCCCAGCAGGTCCGAAATCGAATGGACGGCGGTCTTCTCGTCGGACATCGTGCCCCCCATCTTATGGGTCGAGGATTGTCAGCAGCAAGCAGACCCACGACGGACATCCTGGGATGGTCGGCTCCTAACGGGCTCGCCTCGACTTTTTGGCCGGCGGCTCCACCACGGCGGGCGGCCGCTCGGTCATCTCCCCGACAATTGGGGTCTCGATGAAGCGCGCGAGCGATTCCCTGTCCCGATGGTAGGCGAGCCCCTGCATCAGCTTCACCAGCGCCGCCGAGGGCGTCATGTCGCCGCCGCTCAGCGCCCCCTCCTGGAGGGCCGCCGCCCCGGACTCGTAGAGCGTCAGGTCCACCCCGTTGCGGTAGGCCTGGCTCACCACCACCACCGGCACGTCCCGCTTCCGGGCCTCCCGGAAGAGCGGCAGCAGGGAACGGCCGAGCGACGAATCGCTGGGGTAGTTACCCGCGCCATAGGCCTCCAGCACCAGACCGCGCAGGTGGGGCAGCAGGGCCAGGGGCAGGGCGGGGTCCAACCCCGGGAAGACCTTGAGCAGGAAGACCCGGGGCTCCAGCTTCTCGCGCAGGCGGAAGGGGCCCTTCTGACGCAGACCCGGAGCGAAGGTGGCCTCCACTCCCAGCGTACCCAGCAGGGGGAAGTTGGCGCTCTCGAAGGCGTCGTACTCGGACACCTTCACCTTGCGGGTGCGGTTGCCGCGGTAGAGGTGGGAGTCGAAGCAGATGCTCACCTCGGGCGGGCCCTGGAGGGCGGAGAGCACCGCGTCGATGAGGTTGAGCCGCGCATCCGA
CP043495.1_gap110	3869521	3871441	1920	ATCACCCAGCCGCCCCTGCCGGCCCCGGTGGTGGACGTGCGCGAGGTGGTGCACGTCTTCAACCGCATCTTCCGGGAGATCGCCGCCGAGGTGTCCAAGCAGGGCCTGGCGCGCGAGTTCATCGCCTCGGCCAACGCCGCGCTCTCGGGACAGGCGCTGTCCTCCTCGCCGGTGCTGGCGGGGCTGGCCTTCGCGCCGGACGGCAGCCTCCCGGACGCGAAGCTGGTGAGCGCCTATGAGCAGTACCGCGGCTCGCTGGGCTCGGAGCCGCTCGCCTCCTTCCGGCAGGCGCTCAGCGACGTGATGTTCTTCCTCCTCTTCCAGGCGGGAGAGCTGCTCGAGTCACGCGCGGACGAGGATCTCGCCCGGCGCGTGAAGGACATGCTCTCCACGCTCGGCGGGTCCTGACATGGGCACGGAGCGGCCCCGTCTGACGGAGGACGTGCCGGGGTGCGGTGGCGCCTTCAAGCTCGTCCCCGAGGACTTCGAGGTGGAGGAGCTGCCCGCCTACCAGCCCTCGGGAGAGGGGGATCACCTCTACCTGTGGCTGGAGAAGCGCGGCCGGGACACCCGTGAGGTGGTGAAGACCCTGGCCTCCGCGCTCGGCGTGGACGAGGGCGACGTGGGCGTGGCCGGGATGAAGGACCGGCAGGCCATCACCCGCCAGCTCATCTCCGTTCCCGCCCGGGCCGAGGCGCGCCTGCCGGAGTTCTCCCTGGAGGGCGTGAGCGTCCTGTGGAGCCGGCGCCATGGCAACAAGCTGCGCACCGGGCACCTGAAGGGAAACCGCTTCCGGCTGCGTCTGCGGGGCGTGAAGGACGTGGGCGCGGCGCGCGAGAGCTTCACCCGGCTGGGCACCCGGGGCGTCCCCAACTACTTCGGAGATCAGCGCTTCGGCCGCGAGGGCGACAACGCGGATTTCGGCCGCCTGCTGGTGCTGGGCCAGCGGCTGCCGCGCCGCCCGGACAAGTTCCAGCGCAAGCTGTACCTCTCGGCCTTCCAGTCCCGCATCTTCAACCGGGCCCTCGTGGACCGGCTGCGTGCGGGCACCTTCGACACGGCGCTGTTGGGCGACGTGCTGCGCAAGGAGGACTCGGGTGGCCTCTTCGTCTGCGAGGCGCCCGAGGTGGATGGGCCCCGCTCCGCCTCCTTCGAGGTGAGCCCCGCCGGGCCCCTCTTCGGGCCGAAGATGACCGCCGCCGCCCACGCCGTGGCCGAGGCCGAGGCGAAGCTGCTCGCGGACGAGGGCGTCACGTTGGACGATTTCCGGCGCGGTGGTGACGAGACCCAGGGCGGACGCAGGCCCTACCGGGTGCGGCTCGGCAACCCCTCGCTGGAGGTGGACGGGGAGGACCTGGTGCTCACCTTCGAGCTGCCCAAGGGCTCCTACGCCACCGAGGTCCTCCACGAGTTGTTGAAGGACGGATGAGTCCCTCAGGTTTCTGAGCCCGACGTGGCGCCTTTCTGAGCCCACGCGCGGGCTGCGAGCACGCGCTCCCGCTGCCCCACGCTCGGCGGGAAGGGGATGGCATCCCCGTTGCTCCAGGGAGCCGCACCCCATTTCCACTGGAGCCCTCCATGGACTCGCCCCTGCTGCGCCGTCTCTTCTCGCGTGCCCTGCGCGCCTCGCTCGCCTCTCCACTGGTCCTCGCGGGCTGTGGAGAAGCGGATCTGACGGGCTACTCCGCGCCCGTTTGTGAGAACGGTTCCCTCGCGGTGAGCGGCCTGTCTCCCGCGGTTCCCCCGGACTTCGTGCAGCTGCGGTCCGTCGCCACGAACCCGGGCGGGAGCTACTTCGCCGAGGCTCGGCTCGGCTCCTCGGGGACGGCCTGCGCGACGGCTTCCGACAAGGCGGCGTGCGAGTCGGCCCTGAACAACCTCTCCTCGCGAACGGGCTTCCGCTCCTCCTGCCTGGACCTG
CP043495.1_gap111	3875278	3878467	3189	GAGACGCGGATGTGCTCGGAGGCGCGGTAGCTGGTGCCCTGGCTCAGCTCGCCGCGGGCGAAGTCGAGGTGGGCCTCGGCGGTGGCGAGCTCCACCGGGGCGCAGCGCATGGCGCCGCCGCGGCGAGCGCGCTCGATGTCGGCCTGGAGGACCTCGGACTGCGCGCGGACCTTGTTACCGCTCACGCAAGCGGCGCAGAGCAGCAGCAACGAAGAGGCGATGAGACGTCGCATCGGGTGGGTGCTCTCGCGTCAGGGGTTGGAGCTGGGGGAAGCGGCGTCTTCCGCGTTGGCGTTGGCCATGGCCCTGGTGCGGGCCTCGGAGGCGAAACGGGAGGCCTTCTCGGCGAAGTCCACCCCGGCCTGGAAGTCCGAGTAGCCGACCTCCTCGCGCGCCTTGCGGATGTAGAGGTTGGCGGCCGTCCACTCGTAGGGGGCGAGCTTCTCGGCGCCAGCGGTGCGGGCCGCCTGGATCTGCACCTCGGCGTCCAGCAGGTTCGAGGTGGACCTCAGGGGGCCGCACCCGGCGACGGCTCCCGCCGCAGCCACCAGGACCAGGAGTCGCTTCATGGAAGGAGCCTCGGGATAAGGGCTGGAAGACACTAGGAGATGGGTCGTATCAATCGCCTCGGGGAGGGTCAAGAATCGGTCAGTCGTACATCCCCGAGGAAGGGAGCGGGCCCGGCCGGGGTTTTGACAGCCTCGCTCCGGCCTTGTCATCGTGGCCGGCCGTGCGCACCCTGCCAGCCTGCCTGTTGCTCGTCCTCGCCCTCACCACTCCGGCCGTCCAGGCCGCCCCGCCCTCCGTGCAGAAGCGCCAGGAGCGCCGCACGGAGACGCGGGCGCTCGTCAGGGAAGTGCTCGCGGGGAGACTATCGGTGCCCACCTCCGTCTCCCGGCTGCGGATTCTGCGGGAGGAGGCCTTCGCCGCGGGGCTGATCGTCGAGGAGCTTCCCCATGTGCTGGAGCCCCGGCGGCTGCGGGACGTGACGGCGGTGCTGGCGGGGCTGGAGACGCGCACGGCCGAGCCCGCCCTGGTGGGCCTGGCCGGGCACGAGGACAGCGCGGTGCGCATGTACGCCGTCCAGGGGCTGGGCAAGGTGCGCAGCCGGCGCGTGGACGTGATGCTGCCGTTGCTGGAGGACAAGTCGCTCGGGGCGCGCCGGGAGGCGGCTCGCGCGCTCGGGGCCACCGGCAACCCCCAGGTGGGCAAGGCGCTGCTCGCCGCGGCGCGGGCGGAGTCGGATCCGCAGACGCGCGTGATGATGCTGGAGGCGGTGGGAGCCTCCGGTGACAAGAAGCAGGCGCCGGGCCTCAAGGCCTTCCTCGACGACAGCTCGGAGAGCACCCGCTTCGCCGCCGCCCGCGGCCTGTGCCTGCTGGGGGTCCCCGAGGGCTTCGCCTTCGCGCGCAAGCTGCTGTCCTCCGAGGACAAGCACGTGCGCCGCCAGGGCCTGGCCCTCTACGAGGGCGTGTCCGTGAAGCAGTCCTCGGCCGTGCTCCGCCCGCTGCTGGAGGACAAGGACCGCACGCTCGCGGCCGGCGCGGCCCGGGTGCTCTACCAGGGAGGGGACAAGACGATGATGTCCTGGCTGGTGCTGGCCTCCTGGAACGCCAAGGGCGAGGAGAAGCTCACCTACGAGAAGGAGTTGGAGACGCTCCAACTCGCGGATGACGAGCGCAAGGTGCTGCTGCGCAAGGCGGGGGTCGTGAAGTGAAGGCCTTCGCCCTCGTCTCGGCGCTGCTGGCCCAGACGCCCGCCGCCGCCACCGCGCCCGCGGCACCGGCTCCGTCCGGCGCACCGGCGCGCAACACGCTCAAGGAGCCCATGAAGGAGCCCATGGTGGTCTGGGCCTCGCTCAGCCCCCAGGAGCGCGCCTCCTTCATCACCGGGGACGCGGGCCTGCCGTTGAAGGAGCGGCTGTTGCGGGTGAGTGAGCGCTTCCTGGGCACGCCCTACGTCCACTCTCCGCTGGGGGAGGGGAGCGGGGTGGATCCGGACCCGACGTTCCGGCTGGACGCGGTGGACTGCCTCACCTTCGTGGAGCAGGCGCTGGCCATGAGCCTGGCCTCCGCCGAGCCCGAGGTGGCGGGGGTGCTGGAGCGCCTGCGCTACGCGAGCACGCCCACCTACGAGGAGCGCAACCACCTGATGGAGGCGCAGTGGCTGCCCAACAACCAGCGCAAGGGCTTCCTGGCGGACGTGACGCGGCGCTACGGCGGTGAGGACACCGTGCGGGTGCAGAAGACGCTCAACGCGGTGACGTGGACGTCCCGCTCCTCGCAGGCGCTGGCGCTGCCCAAGACGCACCAGCCGCGGGGCACCTACAACCTGGACATGATTCCGCTGGAGCGGGTGATGGCGCACGCGCGCCAGGTGCCCTCGGGCACCATCCTCGTGGTGCTGCGCGATGACCTGCCGCTCAAGGCCACCCGGGTGACGCACCTGGGCTTCGTGGTGCAGAAGGGCAAGCGCACCTGGCTGCGGCATGCCCGGCGCGGCGTGGACGGCAACGGCCGGGTGGTGGACGAAGACCTGGAGACCTTCCTCGCCCGCAACGCGAAATACGACAAGTGGAAGGTCTCCGGCGTGAGCCTCTACGAGCCGCGCCGCCCCGAGGCGGGCGGCGGCGAGCTCGTCCGCTCTCCGTGACGCCCCACGCCCACTCGTCGTCGACTCCGAGTGGTGTGGGGGGATGTCACACCTGCTCACTCGTAGTCGACGACGAGTGAGCCGCAGCTGGACGGCCCGGAGTCAGAGGCTGCTGGGCGGAGGCGCGGTGGCCTCCGTTTCGCGCTCCTCCTCCTCGGCGGCGCGGGCGGCCTCGTCGGCGGTGGAGTCCAGCCGGGCCTTTTCCTGCGCCAGCAGGGTGAGGGAGCGCTGCAGGTGCTCCTCTCCGACCATGATCTCCCACCAGGGCTCCAGGGCGCCGGTGGTGAGCACGTCCACGGCGCCGCCGCGGCGCGGCCGGACGAAGACGGGGATGCGCTCGACCTCCAGCACGCGCACGTAGTCCTCGGCGGTGAGGGGATCCTCCGCGGTGGTGGCCCGGACGAACTTGCGGGTGTCGCTCTCGCTCGACAGGGGGATGTGACGCTGGCTCATGGCCTCCGCGTCCACCAGCGCACTGTCGGGACAATCGGCGCACATCTTCACACCATCCTGGTATTCGGAACCGCACTGCGTGCA
CP043495.1_gap112	3887882	3892715	4833	CGGTGGGGCTGTGGGCGTTGTCCGAGCGCTCGAGCCCGCCGCTCTCCGGAGTGTTCAAGGGCGTGGCCATCCCCCTGCCAGTGGTGGGCTCCTTCCTGGGGTACGAACTCTCCTCCGGCATCCGGAAGAAGGCGAAGGGGCTCCAGCTGCGGCCGGCCGTCGTCCTCTCCTCCCACCATCGGGCGCTGGTGCTGGCCGGTTGCTTCTGACCCCCGACAGCGCCACGGACAGGACGAACGGCTCACGAGCCGGGTGGCCCTGACGGGAGCGGCGTGGTACCCCCCATGCCGTGAGCGACACCTTTGACCAGCTCGGCCTGTCCCCCGAGTCCCTCGACGCCATCCGCCGCGCGAGGTTCGAGCGGCCCACGCCCATCCAGGCGCAAGCCATTCCCCCGGCGCTCGCGGGCCGGGACGTCATTGGCTGCGCAGCCACGGGCACCGGGAAGACGGCCGCGTATGTGCTGCCGTTGGTGGAGCGTTTCTCCGGCCGCAAGGGGACGCTGGGGCTGGTGCTGGCGCCCACCCGTGAGCTGGTGCAGCAGATCGCCGGGCCGGTGGAGTTCTTCGGTGGCCCGCGCGGTGTCACGCACGCGGTGGTCATCGGCGGCGAGGACATGGCGGCTCAGGCCGAGGCACTGAAGCGGCGGCCCACGCTGGTGCTGGCGACGCCGGGGCGGCTGGTGGACCTGCTGGGAGCGCGTGTCGCGGCGTTTCCGCAGTTGGAGGCCCTGGTGCTGGACGAGGCGGACCGGATGCTGGACATGGGCTTCCAGCCGCAGCTCAAGACCATCCTCGCGGCGCTGCCCCGGCGACGGCAGACGCTGCTGTTCTCCGCGACGCTGGGGCCGGACGTGAGCCGCTTCGCGCGCGAGGAACTGCACCGTCCGGTGCGGGTGGAGGTGACGCGCAGTGGGACGCCGGCCGAGCGCGCCGAGCAGCGGCTGTACGTGGTGAAGCCCGAGGAGAAGTCCGCGCTGCTGCTGACGCTGCTGGCGAAGGACGAGGCGACGGCGCTCATCTTCGCGGCGTCGAAGGAGCGGGCGGACAAGGTGCACAAGGCGCTGGAGCGGGCGGGGTACCGGTGTGGGGTGCTGCACGCGGACCGGACGCAGAGCCAGCGCAGCCAGACGATGAAGGCCTTCCGGGATGGGACGTACCGGTGCCTGGTGGCCACGGACATCGCGGCGCGAGGGCTGGACGTGGAGGACGTGGGGCACGTCATCAACTACGATCTGCCACACGCACCGGAGGACTACGTGCACCGGATTGGCCGCACGGCGCGGGCCTCGGCGAGCGGAGTGGCCTCGACGTTCGTCACGGCGAAGGACCGGCTGATGACCGAGCGCATCGAGCAGATCATGCGGGCGGGGATTCCCCGCGCGACGGTGCCACGCGAGGACCCCGTCTTCCAGGCGGAGTGGGAGCGCCACCAGGCCTCGCAGCGAGACCCGGGTCCGCCGCAGAAGGACCACGGGGTGTCCAAGCGGGAGCCAGGACAGGCCCTGGGGCGGCATGCGAAGTCGCACGGGCGCACGCCTCGGAAGTGAGGCGGGAGGCGCGAGCCCGGCGTGGGAGGGTTACTGGAGCTCGACGTAGGCGAGAAGCCGGGTCGTCCGGGTCTCGACGTACGGGCTGTTGGACAGGCTTCCGGTGAAGAAGCTCGCGTAGCCGCTCGCGTTGGCCTTCCAGACGGTGGTTGCCCACACACTGTAGAAGCCCGCGGGGAAGGTGGTGACCGGGGCGATGTCCGCGGGGAGGGTGAAGGGCGTGAACGAGGTGATGGACGTGGGCGCCACCACGGTCCATTCCAGAGGACTCGGCCCGCTCTTCGTGGCGAACTCCACCTCGGTCAGGTGGGCGGAGGCATCGGGAGCCCAACGAAGGACGAGGCCGGAGCGTGAGGTGCTGGCCGGGGCCTCCAGGGTTCCCACGGCGGGAGAGATGATGCCCAGCGGATTCAGGAACGTGACCCGCGCGGACGAGCCGGCACCCACGGGCATATCCGCCTGGACCCGTCCACCGGGGAGCTTTGTCAAGTCACCGGAGGTGACGCGAAGCATCGGGGTGAAGGTGTCGAAGGGAGCCGTTCGGGCAACCATCGGGAGCGAGAGGGGCTGTGTCCCGGAGCCACTCGTGCTGAACAGGATCTGGTCACCCTGGATGTAGTGGAGCGAGGCGCTCAGACTGGAGTCCGGGAGCTCTCCGCCCGCGACCGTCACACCGAGCGACTGGTCCACGGGGTGGTCGAGTGCGACGTCCTGCCCACTGACGGTGGTGCCGGCGCTCACGGCGATGTCGCGCGCGAGGCCGACCCGGAGGACCGTTCCATCGGTGCCGTGCGTCTCCTTGGCGAAGAGGTCCACCATTCCAGGCGCCTCACCGCGGATGTCGATGCTGAAGGAGCCATCGTTGGCCAGGGTCGTGATGCCGAAGAGGCCATTGCCGACCACGTTGACGGAAAGGGCGCTGGGATTGGATGCGCCCGTCACCTTGCCGGTGATCGTGCCCTGCTTCGTGAAGGAGGGAGTCGCCAGGAGATAGAGCGTGTTCGGCAGCCGGACCTCGGGTCCGTTGATCGCGAGGTAGGTCTTCACCTCCACCGCGCCGGTGGAGCGGACCATCACCAGACTCACATCTTGCGGCCCGACGATGGCGGGGTCATGGAAGCGCACCACTCCGCTGCTATCGAGGCGCTCGCGAAACCTGCTGCCATCGCCGAGCAGCACGTCGATGTTCCTGTACAGAAGGAAGGCGGCGGTGACGATCTCCGGCACGTGGACGGTGAAGGTGGGAAGAGACGTGGGTTCCTCTTGTCCCGTCCCCCCGTCGGGGGTCGGCTCGTCGGTGGTGGGAGACGGACAACCAACGAGGAGCAGGACGAGAAGAGGAATCAGTCGGGTCTGGGTCATCGCGCGGCACATACGGTCGGGCACCGGGGAACCTGACGGAGGGCCGATGAGAAATGTGAATGGGTTGCCTCCGCCTGACTCGGGAGGTGCGTGTTTCCTGCTACTCGAGGCGGTGCTCGTGCTGAGCGACCTGCAGCGTCCCAGGTGTCTTCAGAGATGAGGTCGTTCCACCCCATGCCCCAAGTCCTTCATTGTTCCCCGCGCAGGACCCTCCACTGCGGGCATGGGGACAGGACGTGCCTGGTTGGTGCTCTCTCTGGGAGCAGAGCGCGAGTACGCAGGGAACGTGGGATATGCCGATGAGTTGGAGACGGTCTACCGCTACGACAGCTTCGTTCCAAATCATCGGCAGATGAGCGAAGGGGATCTCCTGCTCCTCTGCGACCGGAAGGCTATCCTGGGGCTCGCGAGGATCTCCTGGATCCATCGCTACGACGAGCCCAAGAAGTTGAGGCGCTGCTCGGTCTGTAGGATTGCGACCATCAAGGAACGCAAGGAGAAGCGCCCACGGTACAGGTGCAGGGATGGCCACGAGTTCGATGAGCCTGTGGAGACATTGGAGCCCTGCACCCACTACGCGGCTTATTTCGACGGAGCGTTCCGCAGGGTTCCCGGAACCATCTCTGTGCAAGCGGTGCGTCAGGCTTGTCCGCGGTACAATGGACAGCTCGCCATGCAGGAGGTGGAACTGGCGCGTCTGGAAGGCGCAGCGAGAGCGTTGCTTGGTCTGGCGGAGGCGCTGCCCGAAGAAGGCCTGGGACTTGGCCTCGTCGCTAACGATGCTTCAGAAGAACCGTATGTTCCCGATGGACGGGATGACAGAGAGCGAACGGCCCGGCAGATACGCGCGCGCCGGGGCCAGGCTGCCTTTCGGCAGAAACTGCGAGAGCGCTTCCAAGACACGTGCTTGGTGACGCGGTGCAGGTTGTCCGATCTGCTCGAAGCGGCACACATCTCTCCCTATCGGGGCGAGAAGGACAACCATCCTTCGAACGGGTTGTTGCTCCGTGCAGACATCCACACGCTCTTTGATCTGGAGCTGCTCGGAATCAATCCGGAGACACTTCAGATCAGTCTGCATCCCAGGTTGGGAGGCATGGGTTACGACAATCTCGCAGGTGCTGTGCTTGCCTGTGATGCACAACTGCTGAGCAGGGAGGCGTTGGAGTTTCGCTGGAGGCGATTCCAGGCTGGTTTTTCGCAATAGTCAGCGAAACCCGAGCTACTGGTTGCGCTCTAGCAGCCGAGACAGCGTTAAGCAGGGGCCTTGGCCCGGGTTCACCACCCACGTCCAACTTGTTGCCGTGTTCTTGAGATGATGCGTGCGGCGATGGCTCTCCTTCTGCCTGTGTGGAACTACGTACGGTACGATCCCGAAAATTTGAGTCCATAGGTCCAAAGAGGGGCTATGGGGGGGCTCGTAGGGGGCTCATGCAAAGGAACGAGGTGGTCACTAGAAAACTACCTGTCTCCGAGGTAGCTTCGGTGCTTCTACGTTGGTCCGAGCAACCTGGAGGGGGATTGTGCTCGCCGAAGATCGCAGTGCCGAAGGTTTGTTGGATGTATCGGCCCCGGAATTCGAGCTTGAGAACCGCCTAGAACGACTCGTCCATCGAGTGATGGAAGGATTATGCGTGCCGTTCCTTGGTGCAGGGATCAGTATGGGGGCTTCGGCTTCTACTGACAATCCCCCAACGCTCAATGCTTCCAAGATAGCGAAGAATCTCGCCAAGAAGCTTGGAGAGCACCTTCAAACGATATCGAATGTCGCCGATGGGCACCCACGGAAGAGCTTGCGTAACCTGGGGCTCCACTGCGCAAAGCTAAAGGATGATGGGACATTTGAGAAGGATGGGCAAGGCAACGAGCTTGTTCCTTCTCTTGGTGAGGTCTCGGAACTGTGCTGGTCCGTGCTCAAGCCA
CP043495.1_gap113	3941125	3942386	1261	AGGAGCGGGCCAGCTTCGAGTGCCACAACCTGATGGACCTGCCATACCCGGTGGCGGCGGAGGGGCAGGGTTTCGATCTCATCGTCTGCCGCAACGTCCTCATCTACTTCGCCCCCGAGCCCTTCGATCGGGTGGTGACGTCACTGGCGGGGCGGCTGACCCCCGAGGGGATGTTGGTGCTCTCGGCGGCCGAGCCGTTGCTGCGCGCGCCGCCGACCCTGCGCACCATGCGCTTCGAGCAGGCCTTCTTCTATGCGCGGGCGCAGGGGGCCGTGGCCTTCACCGAAGCGGCGCCGCCCGGGGCCCCGAGTACGCCGAGCTCCAGTGGATTGCCCGCCGTGGGGGCCCTGCTCGCGTCGCGCTCCCCCACGTCGGGCCGCTTCCCGGCGATCCCCGCTCCGTCGAAACCAGGGACTCCCGCCGAGGTGCGGCCCGGGGATGCCGGCGCGCACACGGAGGCGGATGCCCTCTTCGCGAAGGTGCTGGAGTGGGCCTCCTCGGGGGTGAGGCGAGCCCCCAGACGGCGGAGGCGCTGCGGCGCTGCCTCGTGTTGGACCCGGACCTGGCCGCGGCGCGCTACCTGCTGGGGATGTTGCTCGAGCAGCGGGGCGTGCCGGCCGAGGCCGCCGTGGAGTACCGGCGGGCCCTGCGCTCGCTGGAGGAGGGGAGGGCGCGCACCACCCCCTTCTTCCTCAACAACGCCCGGCTCCAGGTGGCCTGTGCTCGCGCCATCGAGCGGGTGGAGCGGGGCGCCGGTCCGCCTCCGTCGCGTTGACGGGCAGGCAGGCGGGCCCCGAGGGCGTGAAGAAGCCCGCGCGGGCCAGGGGGTTTGACCGTAAGATGCGCCCCCTTATGAGAAGGCTTGCCCTGATCGCCCTCCCGCTCGCGCTCGCCGGCTGCTTCTACCCCGCCGACCGCGGCCGCGCCCTGGAGTCCCGGCTCGAGAAGCTGGATGCCTCCCAGGCCCAGCTCCAGGCGGAGCTGAAGCAGACCCGAGACCAGCTCGACGCCACGCTGCCGAAGATCGACGCGAAGATCGCCGAGGTCTCCAAGGCCCTGCAGGGCCTGGATACCGCCTCGCGCCGCTCGGGCGCGGACATCGGCATCCAACTGCAGAAGACGGTGGAGGACCTGGCCCAGCTGCGCGGCCAGGTGGAGACGTACCTCTACAAGATTGGCGAGCTGGAGGGGGCGCTCACCAAGACGAGTGAGGAAACGGAGAAGCGGCTGCAGGCGCTCAAGGGCGATGAGGCCCTGAAGG
CP043495.1_gap114	3967533	3969848	2315	CGCGAGGTGCCACCGGGCGCGGTGAAGCAGTTGCAACACATCGCCAGCCAGCCGTACGTGGTGGAGCACGTGGCGGCGATGCCGGACGTCCACATGGCCCAGGGCGTGGCCGTGGGCACCGTCTTCGCCACCGAGCGCACCGTCGTGCCAGGAGCGCTGGGAGGAGACCTCGGGTGCGGAGTCAGTGCCCACCGGTTCTCCTTCCCGGCGGCGTCACTGGGGCGGGCGGACCTGGAGCGGATACTGGCGGCCGTGGCGCGCCGGGTGCCCGTGGGAGATGCGGTGCACCGGGGCTCGGGATTGCCGCTGCCCCCGGAACTCCAGGCCGCGAGCCTCTCCACCCACCGGCTCCAGAAGGACTGGGAGCGGCTCGCACCGCGGCACCTGGCCACGCTCGGAGGAGGCAACCACTTCCTCGAGCTGGACCGTGACGCCGGGGGAGACCTGTGGCTGCTCATCCACACGGGCTCGCGGGGCATGGGAGGGGCCATTGCCTCGCACCACCTGCGGGTGGCCGCCACGAGGGGAGAGGGCTCGCTGCCGGGCCTGCGCACCGACTCGCCGGAGGGGGCCGCGTGCCTGGCGGACATCGCCTGGGCGTGCCGGTTCGCTCGCGCCAACCGGGACATGCTCGCCGTGCGGGCGGTGGAGGTGCTGGCCGAGACGCTCGGCTGCGAGCCGGAACCGGGCGCGAGCGTGGACGTGCACCACAACTACGTAGAGGCGGAGACGCACCTGGGGCGCACGTTGCTCGTGCACCGCAAGGGCGCGGTGGGGCTGGAGGCCGGGCAGAGGGGCCTCATTCCCGGCTCGATGGGGACGGCCTCGTACGTGGTGGAGGGGAGGGGAGAGGCGAGGTCCTTCCGTTCCTGCTCGCACGGGGCGGGGCGGGTGCTCACACGGAGCGAGGCGCGGGCGCGCATCCGCCCGGCGGCGCTGGAACAGGCGCTGCGCCGGGTGGTGTTCGACCGGGGCCGGGTGGAGTCGCTGGTGGAGGAGGCGCCGGCGGCCTACCGGGACATCGCGGAGGTGCTGGAGGATGAGGAGGAACTGGTGACACCCGTCCTGCGGCTCACGCCCATCGCCGTGCTCAAGGGCTGAGCCTGTGAGGGAGGCGGCGGGAATCGAACCCGCGCCGGGCGGTGCGAAACCTCTAGCAGAATCGCGCCCTTACCTCGTAACCGCCCGCAATGCTTGGGAGTCGTTATCCCGCCGCATCCCCTGCTGTCCCGTCCTGTTCCAGGCCATTCCGCAGGCTCCTGCGACATACGCGCAACACGGCAGACCCTCACAAGGGGAGGAGTACAGGAGGCGAGCGTGGCGCCTGAGGCCGGGGGGACGCAGGAGCCGAAGAAGGAGAGGACGCCGCCAGGAGACTTTCGCGGGACTGCTGCGCAGGACATTCGCGCTAGACGGGTTTCGCCTGCGTCAGGTGTGGAGGCAGGCGGCGGGTGCTGGCGGACGTGAAGCAAGCCAGAGAGCTGCGCGCGATTTGGGAGTACCTGGGACTGCCCCCGGCAGGTGCGAGCTTGACCCCAGCGCGAGCGCCACCCCAGGGCGCAGGGTGTTGAGGCTGACGCCGCCACAGCCAAGAGACCTAGTGCCCCTGCCGCGCCCCTCATGGGAGGGCGGCCTGGGCAGGCATACCCAAGGAGGCTGCGTGGTCTCTCCACCCGCCCGGCTCACAGCTTGGCCGGCACCCGTCAGCGGCCCTCCTCGGCCCCTCTTGCACCAGCACGCCCCCTCAACACGGCCTCTACCCTGCCTATACGCCACTTCCCAAGCAGCGTGGATGCCGAGCCAGCCAGCCGCGGCAGCTCACGGGAAGATGGCGCGGCTGTGCTGCACGCCGACGGCGCCCACCTCGGCTGCCTCGTCAAAGGTCATCAGAGCCAGATGAAGCGGCAGTGCTAGAGCATCAGGGTCGATGGCGCGTCGAAGCGTGTCGGCCTGATCGTCGCTTTTGCAGAGGATCATCAAGTCGATGTCTGCTGCATTCGGCTCGTCCCGGTCAACCGAGCCGAAAAGATGCCACTCAGTCCCGTCGGCCGCTGGTCCAAGTGAGACAGCAAGCTCGCGAAGGCTAGCAACGACGCGCTGGCGAATCACTTGGCCAGCCGCCCCATCAGCTCGCCGAACTTCAACGCCTGCGCACCCATCGACTTAGCAGCCGCTTCCGCCTGGGGGGTGATTGAACCGTAGTTCGATGACTTGACGACGATATCAAAGTGACCGAATCGGTCCTTGGCGTTGCGCACGTCCTCGGCGCTCATGTTGTACGCGTCGATAACCGCAACGATGAGGCTTTCGCCGAA
CP043495.1_gap115	3989222	3991593	2371	AAGAACCCCGGACGGATGCCCGAGGGCCGTGGCTTCTTCTGGCCCCGCCAGTCCTGGTACCTCCCGTACGCGTTCGCCATCTTCGTGGCCTGCACCCTGGCGTCCATTGGCACCATCATCGGCCGGCAGGCGTACGACGCCCATGAGATGCTGATGAGCCGGCTCGACAAGGTGAGCCCGGCCGAGGTGGCTCCCCTGGTGCGCCAGGTCATCCAGATGCTCCTGGATGGCTCGGTGCTGCCGATGGTCCTGGTGGGCGCCTATCTGCTGATCAGCGCCGCGCTGGCGGCCTGGTTCCTGGCGCGGCGGCAGACGGAGGGCACCCGGAGCGTGCAGCTCACCCTGGAGGGGCTGGTGCAGGGCAGGCCCCGGCTGCCGGAGTGGGTCTCCACCGACGAGGTGGGCGATCTCTCCGCCACCACCGCGCGCGTCTTCGCGCAGCTCAAGTCCTTCGCCAATTCGCTGCAGTCCTCCGCCCAGGCCCTCCGGGACTCGGCGGAGCAGCTCGGGCAGTCCACGGGCCGGCAGACGGAGGTGCTGACGCAGCAGGCCTCCGCCCTCCAGGAGACACAGGTTACCGCGCAGGAGATCAAGCACACGTCCGTGCTCGCCTCGCAGAAGGCGGAGGCCATCCTCAAGCAGACCGAGCGGGCGGATCAGATCTCCGCCGTGGGCGACACCGCCCTCAAGGAGGGCTTGTCGGGCATGCAGGAGATCGGCTCCCAGGTGCGCGAGATGGCCACGAGCATCCGCGCGCTGGACGAGCGGGCCCGGCAGATCGCCCACATCACCACCCTGGTGAAGGGGCTGGCGGACCGCTCCAACATGCTCGCGCTCAACGCGGCCATCGAGGCGGTGCGCTCCGGCGAGGCCGGCAAGGGCTTCGGCGTGGTGGCGCGGGAGATCCGCACGCTGGCGGATCAGTCCATCAAGGCCACCCGCGACATCACCGACATCCTCCAGGACATCAGCAACGCCATCCTCTCCACGATGACCATGATGGATCAGGGCTCGGATCGCGTCGAGGTGAGCCTGCGGCAGATCCGCGACTTCAGCACCCAGGTGCAGCAGCTCTCCGGCATCGTCCGGGAGAACGCCTCCTCGGTGCGGCAGATCACCGTCGCCGTGGGCCAGCAGGACGTGGGCATCGCGCAGATCTTCGAGGCCGTGAACGATCTGTCCAAGGGCATGGATCAGACGATGAACCAGCTGCGCGCCTCGGACGACGTGCTCGCGCGGGTGCGGAGCGTGGCGGAGCAGGTCTCCAGCATCGTCGCGGGCTACGGCTTGCAGCAGCAGGAAGGCCCGCGCTCGTAGCGCGGGCCCTCCGGCCGTCTCACTCCGCCAGGCTGTCCCGGTCGAGCTCCAGCGCGAGCATGGCGCTGTGCTCGAAGACGCGATCCAACCGGAAGGGCCGGTAGAGCTCCTTACCGGTCCAGAGCATCTCCTGCCGCTCCGGGAGCACGTCCTGCTGGGCCGCCATCCACCGGGCGGCCCGCTGGAGGGCGCGTTTCACCTCGGGCCCGAAGAGGCCCTGGTCCCGCAGGGCGCGCAGGGCATGGACGGCATAGGCCGTCTCCAGGAGCGAGGGCGTGGACGCCATGCCCCATCCGCCCCCGGCGTGCTGGGCCCGGAGCAGGGCCTCCGCCGCGGGCCGCACCACGTCGGTGGCCCTCGCGCGGCACAGCGCGAGCATCACCTGGGAGGTGCTGTAGAGCCAGGAGGCGTGCCACTTGTCCATCCGCCACAGGCCATCGGCGCCCCGCTTCTCGGCCAGCCAACGCACCTGCCGCGACACGTCCTGGCCGAGGATCGCCAGCGCCATCACGCCATGGGCGGTCGTCGTCACCGAGGGCTGCATCTCGTGCGCGTAGGTGATGAACTGCCCGTCCGCCAGCTGGTAGCGCTGCAGCAGGCCGCCGTCCACGGCGTAGCCCGAGTCCTTCTGCATGGCGAGGCAGGTGGAGGTGATGTCCCCGTCGCAGACGAAGAACTCGCTCATGCCGTAGCCCTCCGGACGCACCGCCCGGTGCAGGGCGTCGAGCTGGGGGCGCACGACGTCGCGCAGGCCCGGGTGCTCCACCAGCCCCGTGGAGAACAGGGCCAGCAGGCTCCAGGACTGCTCGTAGTGCACGATGGGCCACACGGTGGGCACCACGCCCGGAATGCCCATCCCGGTGGCCTCCGCGGCCGCCCGGAGGAAGGCCTCCCCTCCGCTCACTTCCGGGAGCTCCCGGGCTCCGGGCGCGGCGGCCCGGCGAAGGCGCAACCAGTGCGCGGTGGCCGCGGGGCTGTTGCCCACGCCCTTGGAGTCATCGAGCACGTTCATGTCGGGCTCGGTGCCCCAGGCCTCGAAGGAGTGGATGGGCGC
CP043495.1_gap116	3994274	3999010	4736	CAATCTCCCGCCGCACCTGTGTCTGTGTGCCGAGATTCCCCGGGTGGAGACGCGCACCCGTTTCCTGCTCGTCCAGCACGTGGTGGAGACGTGGAAGAAGAGCAACACCGGGCGGGTGGCGGCGCTGGCGCTCGCGAATTCCAGGCTGCTCATCCATGGTGCACAGGGTGAGTCCCTGGACACCGCTTTGTTCTCCGAGCCCGGGACCTGGCTGCTCTACCCGGATGGACCCACCGCGCCGCCGGACGCCCCCACGCCGCGGCAGTTGGTGGTGCTGGACGCGAGCTGGTCCCAGGCGCGGCGGATGACGCAGCGGTTGCCCGTGCTGCGGGCGCTCCCCCGGCTGGTGCTGCCGCCGCCCGAGCCCGGAATGCTCCGGCTCCGCGAGCCCACGCACCCGTCCGGAATGTCCACCCTGGATGCGATTGCCCGCGCGGTGGCGGCGCTCGAGGGTCCGGAGGCGGCGGCGCCGCTGGAGCGGCTGGCCGCGCTTCGGGTGCAACGGATCGCCGAGTGCGGGACGTTGTATTGAGCCCACGGTTGGAAACCCAACCGAACTTCCTGGGTGACCAGGAATTCAGCCAGCTTGTTGTCAGGGAAAAGACAGAGCTGGTTTCAGTGTCATCGGCTGAATGTGTTCGCTGGCCATCATGGGGGCGCTGTCCACCCCCATCGATCGGAGAGCTCAAAACATGCACGATCTGCCGACTCGCGGTTCCTCGAGCGGAATGACGTCACGGGTGTTGGCCCCATGGGCCCTTGCCTCCGTGCTCCTGCTGGGAGGCGCTTCGGGCTGCGCACCGGACGCAACCTTCCCCGAGGAGTCCCTGTCCCTCCAGTCCACGGCACAGCCCGCCCTGAGCCTCAACGGCATCGAGCTCAACGGTATCGAGCTCAATGGAACCAACCTCAACGGAACCAACCTCAATGGGACCAACCTCAACGGACTCAGTGCCATTGGCCTGAACACGCCTGACTTCCGCGCCTGGTTCAATCAAGACGAGACTCGCCACGCCACGTTGATGAAGTACGTGGTGCAATGCGCGGTCCCCGCGGGACAGCAACGCACCTTCATGAGCCTGCAGACGCTCACCACGTACACCTGGAGTGGTTCCCTGGGTCTGGCGCCGGATTGGGCGAGTGGCCAGCCGGCGACGACGGCGGAGCTGCGGATTGTCTCCGCGTGCCTGGCCGCGCATGTCAATCCCTACGGCCAGCATGTCTCCATCTCCGTGTTGGGATTGGATGCAAAGGGTCAGCCCACCCCCTACACCTTCGAGGAGCTGGAGAGTCATGGCCTCAGGGAAGGCTGCTTCTTCGGCGACCTGTTCCAGAACGAGCCGGTCCTCTTCGTCGGCAATGACGGGCTCTCGCTGAGCGGCGGTGAGAGCACCTCGCGGGCCTGCGCCCAGGGGAGCACCCTCCAGGGGTGTGCCCCCCTGGTCCACGTGGGCCAGTGCGAGGACGTCTGCACCCGTGATGCGTCGGGCACCTTCTACACATCGTGCACCTGGAATGGCGTCACCTATCCGCCCATCACCACGCGCGTGCGTCAGGCGGACCTCTACAGCTGCGGGGACGGGGTGTGCCAGGTGACGGAGCGCTGCGGGATGGGAATGTCCGCCGCGAGCTGCGGCCTGGACTGCGGCTCCTGCTGAAGCGAGGTGGCGCTCCGAGTGGGCAGGCCATGGGCCGGTGTGGGCCCGCTGTCCGAGTTTCGGGCATTGTGTCCGAGACTTGGACAGCCTGGGCGTCCCGCGCACAACCCTTTGAGCTGACAGAGGATTTAGCGGGAAACGTCAGGACTCGTTACAAAGAGTCCCATGGCGGCTGGAGTTCCATGCTCCAGTGCTGATCAGGTATTTCCTGCCAAGTTCTTGTTTTCTGGTACTCCGAGAAGTTGGCCCGAGGGTTGCTCCATTGGGAGGTGCTGCGTCCAACCCCTGTTGTCCCTCGAAAAGGAATCTCCATGCGTAAGCTCTCCATGGCGTTGCTGGCCGGTGTTGCCCTCGTGGGTTGCGGTGTCGATCCGCAGGCCGAGAACGAGGAGATCATCGCCAACCTGGTCGAGGCCGGCTTCCCGGCCGACGACATCATGGTCGTCGAGGATGCCGTGTACGTGGGTCGTGACGCCCACGTGACCCTCGAGGCGTCCCTCGAGATGCTCCAGCCCGCCAGGGGCGCGGAGCAGTACCGGACGACCAATCTCGTCGGCAGCGGCGTGACGAAGATCTGCGTCGTCCCCACCTCCCAGTTCAACAGCTACAGCCGCCTCAGCGCGGGCCTCGATCTGGCGATCGCCAACTACAACTCGCTGGGGCTCAGCTTCACCATGGCGCGGGGCTCGGCCGCCGACTGCAGCGCGACCATCACCGCGAAGACCATGAACGGCACCGGCGGCTCCGCGGGCTTCCCCACGGGCGGCAAGCCCTACGGCACCATCAATATCGGTACCGGGCTGCAGAGCTACAGCGATGACGTGAACGAGCACGTCATCACCCACGAGCTCGGCCACTGCATCGGTTTCCGCCACACGGACTACTACGATCGGTCCATCAGCTGCGGCGGCTCCACCGCCAACGAGGGCGCCTCCAACGTGGGCGCCATCCACATCCCCGGGACGCCGACCGATGCCCGGGTGGGCGGATCGATCATGAACTCCTGCTTCCGCTCGACCGAGTCCGGCGAGTGGAGCAGCTCGGACAAGACCGCGCTGGGTTACCTCTACTGAGAGAGCGCGACAGCCCCCGGGTCCGTTCGTGACTCCGTGGGGCGCGCTTCTCGCGGGCACCGTACTCCCGGGCTTCGGCCCGTGGAGCCGCGGTGCCCGCGGCATTTCCGGCCCACGGCATGGGAGTGCCGCGGCCCCGCACCACGAGTGTTGACAGAAGCACACGCGTGAGCAGGTGCGTCATGGTAGAAAGAGGGGGAAGGCTTGACTTCCTCGAATGCGTTCGCCGACTTCGCCGATTGCCGTGGACGATTCACTCTGGCCCATGGTCCGGGTGACGTTTCCTCGCGTCATCACGAACGCGCAACAGGCGGAGCTGTTCGAGCGCGTCCTGTCCTATCTGAAGCCGGGGGAACGGCACGTCGCCCTGGTGGACTTCCGCCAGCTCCAAGCGCTCACCTCCGAGCAACGCGAGCAGCAGTGGAGCTTCCTGCGGGAGCAGGCCGTGCTGATGCGCCAGTGCTCGATGGGGATCGTGGCGCTCATCAACTCTCCGACCCTGGCGCTGGTCACCCGGACGATCATCCACCGCATCAAACCCTCGGTGGTGCCGTACTCCATCCTGGCCTCGTGGCCGGCGGCGGTGTCGTGGGCGGCGGATCGGCTGCGGGACAACGGTCTGGTCGAGCACGCCTCGCAAGTACGGCAACGCCTCGTCGTGGTTCCCGGGGGACGCGTGGGATGAGCCCTCGGCCGCGCGAAGGCGAGCGCGGCTCCCTCGTCCCCGGAAGAGAGGCTCGGGTCTTCAGGACCGCGGGGATTCAGCCCTGGGGGGCGAGCTCCCCGATGAGAGGCTGCCACCTGGGCCCGAGCTCGTGCAGCCGCTTGAGTTCGGCGAGCCCCGCGGCCCAGCCCGCCTCGTGCTGCGCCACGTTGTCCAGCTCGTCGCGCTGGAAGCCCTGCTGGAGGAAGGTCAGCCGGGTCTTTCCTCCGGCCTCCGCCAGTTCCCAACGCGTGGTCATCCCGGGCTCGGCGTAGGCCAGGAGCCGCCCCGGTTGGAACTCGGAGATCGTTCCATCCGCCCCCAGGGTGATGCGTCCTCCGACGCGGGGCTCGACCTCCGCCTCCCACCCGAACCAGCGGGCGATCCGCGCGGGGTCGATGAGGGAGTCGAAGACCTGGGAGGGCAGGGCGGGGATGGTCAGCTCGAGGCGGATCTCGTTGGGGCGGCTGGCGCTGAAGTCGCACCGGGGGGTGAGCTCGCGCCCCTCGGCCCACTCGGCGAGGTTGGCGAGGGCCAGTCCCCAGAAGGTGTGCAGCGTGTGCAGGCCGTCGCGCCGCCCGGTGGGCGCCATCAGCTCCTCCATGGGGGGGATGCCATCCTGGCTCAGGGCCAGGAGGGTGGCGGAGGGCCCCGCGTCCTGGAGCTGGAACATGACGTTCGTCCGCGTCCCATCCAGCGTCCAGGCGAAGCTCAGGAGCTTGTCGGGCTGGGCGATGAGTAGTTGCTGCCGGCCCCGCTCGCCTTGCGGCGTGTAGCGGCCCCAGAACTCGAAGCGCCGCTCGGGCAGGGACACCTCGGCGAACTCGGCCAGCCAGGCGCGCAGCGCCGCGGGGTCGGTGAGCGCTCGGTAGACCGTCGCGCGAGGCGCGGCCACATGCACCATGGCCTGAAACGTACCGCTCATCGGGCTTCTCCTTAGGGAATGACGGGCCACGATAGCGGCGTGCCACGGTCCCGCCAACGAGCACGTTCTTTCTAATTCCCATGCGGGTATTGACACGAGCCAATGCTCATGGACTCATGGTCATCCTGGCAAAAATGGCTTTCCCCGCGAACGAAGCACGTTGGACGGTGCGACCATGATCAAGCTTTTCCTCCTGTTTCTCATGGCCTGGCTTCGGGGTACTCCCGGCGCCAGTGGTCTCCTGCTTCTGGGGCTCTACTTGTTCTACATGCTCAGATACAGAGGCTACTACGGCCGATTGTCAGAGCCGGAGAAGGCGACGCTCAGACTCCAATCAGATGTCGGCAAACACGACATGCGCTCCCAATGGGACGTCA
CP043495.1_gap117	4000026	4002500	2474	GCCGGATCCCACGCGTGGTAGACGATGACATCCAGCCCGTCAGGGCCCTCGACCACGCAGTTGTGCCCGGGGCCGATCACCTTGTCCGGCACGGTGCGCAACAACCGCGGGACGCCGGCCGGCTCGACCCAGGGCCCGAGCGGGTGCTCCGCCACGGCGTAGGCGACGCCGTACGAGGGCTCCAGCCAGGAGCCGCCGGAGTAGAAGCAGTAGTAGCGGCCCTCGTATTTGCGGACGAAGGGGCCCTCCAGCGTGTGCCAGTCGTAGACCTGCCCGTACATGGTCCGCTGGCGCAGGAAGATCTGCCAGTCGTCACTGGGGCGCAGGATGGTGCGGCTCTGCCCACGCAGCCGGGTCATGTCCTCCAGCACGTCCACGGAGACCATGGTGCCGACACGGCCGCCCTCGAGCACGTCCCGGGCGTGGAAGAGGTACCAGGTGCCGTCATCGTCCCGGAATGGACTCGCGTCGATGGCGAAGCGCTCATTCGGGGTGAGGTTGATGCCCTGGTCGACGAACGGGCCGGTCGGTCTATCGGCGACCGCGACCCGTAGATGGTGGCCAACGTCTCCCACTCCCACGGAGTAGTACATCCACCACTTCCCGTGCGCCTCGGCGACTTCCGGCGCCCAGTAGTCGCTTCCGAGCTCCCGGGGGAGCAGCTCGAGGGCCCCCCCCACGCTGCGCCAGGTGACGAGGTCCGGAGAGGTGAGCACCTCGAAGGCACGCCCGTCGATCACCCGGCCGGTGCCATAGGCGACATAGCCGTCGGCGACTCGCAGGACGAAGGGGTCCGCGAAGTAGGCGTCATGCACCGGATTGCAGTAGTGGATGGACATGACGCCATGACTACACCGTGAGGGCTTCGCTCACCACAGGGAGTAGACGCGGACGTAGTCGAACCCGGCGGTGAACTTGCCGCCTCCCCCCATCGCCGCGAGGCCGATTCGCGGGCTGGTCAACGCGTGCGTCCAGGTGCCGCCGCGAACCCAGTCCGTGCCGTTCTGGCTCGTGTACGCGGTGTACGCCACGGTGTCGCCGCCAGCGGCACGGCGTGCCTCGCCCGTGAGGCGTTCGACCGCGATGCGCAGGTACGTCCAGTCCATCGAAGAGGGACCGACGACCGTGTTGCCATAGCGCGCATGGCCGGTCGGCACCGGCGCCCGCTCCTTCGCGAACTCCGTCTGACGCGTCTTCCCCATGGAGGTGACCGTCAGCTTGATGTAGTTGTCGTCGTCGCCGTAGAGCACCAGACCCGCCTGCGCCGAGTTGAAGCAGCATCCCTCCGCCGGCACATCGATGCGCACCCGGGTTTCGACCACGTAGTCGCCCTTGGGCGCCGGGCGTGTCAGCAGGGAGGCGTTGTTGGTGTCGACGTGGAGGTCGGCCTTCTGGACCTCGAAGCGGAATGTCCCATCGGCAATGCCATACGTGCTCGCGTCTGGCGGCCGCACCCAGGACCACGAGGCGCTCAGCGTGCTCCCATCGAGCTCGTCCGACGCCGCCGCCGTGCGCTTACCCAGGACGTGGGGCGGCACCCGCTTCGTGCGGTACCGAGACTTGAACCCGTCTCGAGCCGCGGGCGCGGGCATCTTGCCATCCGAGGCCCACGAGCCGCCGCGCACCGTCGGCCACCCGTCGACCCAGTCCAGGGGATCCAACAGCGCGGGCCGTTTGGTGAAGCCTGTCGCCGATTCGAAGAACGGGTGGGACTGATCGACGGCGTGGTAGACGGTCCACCACTGGCCCGCCGCGTCCTGGAACACCGTGTTGTGCCCGGGGCCCATCCACCGGTTGCCATTCATGCTGATGACGGGTGTTCCGCCGACCCGCGTGTCCAGCAGAGACTGGCCCTCGCGATCCACGAACGGACCGAACGGACTGGTGGACCGCCCGGCGAAGACGCTGTAGCCGGTCAACGCGCCGTTGCAGCAATTCGTCGCGGACCCGAATAGGTAATAGGCGCCGTCGTGGGAGACGACGTTCGCGCCTTCGTAACGGTCACCGATGGTGATTCGCTTCTCGTCGTCGCCAACGGTCGCCCCATCCGCGGTCAACGTGACCGTCCGGGCGAAGATGCCCCCGGAGTAACTGCCGTAATACAAGACGCTGTCCGTGCCAACCGAGTCACCCAGGACGTCCGGATCGTAGGTCCACTGGAATGCGCAGGGATCCGGGTTGGAGGTGTCCTTGCGCGGGCTGATCACCGGCGCGTCGGAGAACTTCCACGGCCCCGTGGGTTTGTCGCTGGTCGCGACACCGATCGCGCTGTCGCTCGCACACGTCGTCGCAATCGTGTCGGTGACAACGAAGAACAGGTAATACTTGTCGTGCGCCGCGGAGTAGACGACATCGGGCGCCCACAGCCCCGCGCTGCTGGCGGCATAGCCAGGCACCGACTGGAAGGCGTCGCCGACGTACTCCCAATTCACCAGGTCGAGAGACCGCAGCTGGGGAATCTTGTGGAACACCCA
CP043495.1_gap118	4004338	4005590	1252	CACCACCCACGTGTGGCTGTCGGACCAGACGGCATCCTTTCCATGGAGCGTGGGCATGTCGCGCACGACGTAATTCTTGAGGGCGACGTTCGGCTCCTTCGCCTGCGCCGCGTAGGTATCCACGCCCCAGGTGCCATTCACGAGCACCGCCGCCTCGCCGCCGAGGAAGGCCTGCTGCGCTCCGGCATAGTCGTGCCTGGGATTGGCGTGGCCGGCCGCGTAGAGCGCGTCGAGCAGGCGCAACGACTCCTTGCTCTCCTTCGACCCCAGCTGCGCCTGCCTTTCGGCGTCGACGAGGTTGCCGCCCTGCTGCCAGATCCAGGTGAGGTATTGCCAGGTGGGCATCGGATCGGCCCCGGAGGGGATGGCGAAGTACGGCTTGCCCGTCTTCGCCTTCATGAGCTCGGCGTGCCGCATCAACTCGGCCGGACTGGTGGGCATCTTCGGCTGGCCCTTGTCGTCGACGAGCCCCGCCTTGATGAACAGGTCGGCGTTGACGTGCCACAGGAGCGCGTGCACGTCGAAAGGCAGAGCCCAGATCTCGCCCCTGGCGCTCACGGCTTCGCGAGCCACCGGCACGAAGTCGGCGGTGTCGATGCCCACCGCGGCGAAGTCCTTGCCGAGCGGCTGGAGGAGATTGCGCAACTGGTAGTTCGGCAGGACGCTGCGGTGCATGACGGCGATGTCCGGCGGGGTGCGGGCCGCGACGTTGGCGCTCAGCCGGTCGTAGTAGACGCCCCATTCCACCGACTGCGTCTTGACGATGATGCCGTCCTTGTTCTCCGCGTTGAACTTGTTGGTCAACACCTGGATGAGGCCGCATTCACCGACGGCCTTCGACAGGTCGGTGACATTGGCGTACTCGTCGCTGCAGCCGCCGAAGAAGCGGAACAGCGTGATCTCCGTGGCGGCCAGCGCGGGGGTGGAGCCGAGGACCACGGCCAGCAGCAGCGAGGCCGAAAGCAGTGTCTTCATCTTCATGGGGAGCCTACTTGCCGCCGGTCATGGCAACGCCTTGCACGATGTAGCGTTGGAACACGACATAGAGAACGAGCATCGGGGCGCTGGCGAACACGGCCGAGGCCATCAGGAAGCCGAGCCCCTCGGACATGGCGAAGTTGCCCTGCAACGAACCGAGGCCGACGCTGAGGGTATACATCTCCGGCTGGGTCGCCGTGATGACCGGCCAGAGGAAGTCGTTCCATGCGAACAGGAAGGTGAAGATGCCGAGCGTCGTCAGCGCCGGGCGGGA
CP043495.1_gap119	4022920	4026664	3744	TCGGGCAGTCGCGGATTGACGACGCAAGGATGCGGCGGGGAGTCCAAGCGGATGCGAGCATTAAGCCCCGGCTCCCTTCTATCACCAAACGGCAGCACGTCCGTAAGCAGCCAGTACAGAGTCACCCCAAGCGCCCACAGTTCATCCGAGATGCTATATGTATAAGAATCCTCTTCCGTCATTCCCGCGAGAAAGCGCATGGCCTCGGGGCTCCGGTACTCTGGCGTTCCCGGTGGCAACCTTCCCGCGTCTGTCACGGTGGGCATGCCAGCCACGGAGCTGAAGCCAAAATCTATCAATATCGGCTCGTCATCATGTGAGCGAATGATGATGTTGGATTCCTTGATGTCCCGATGCAGCACCCCGAGCCGGAAGACTTCCCGAAGCGCCCGGGCGATCTTCAAAAAAATTGTGAGCGCCCGCCGGGTGGACGGGTTGTGGCGCAGCACGTAGAAATCGAGGGTCAACCCCGAGACAAACTCCATGATGATGCAGGGACAACCCGTCTCGGCATCCGGCCATTTGTCATAGCCAACAAAGCGCACCACGTTATCAAGCGGAAGATTGACAAGGGCTGTGACCTCGCGCCGCGTCCAGCCGTCCACGTCCAGGGTAGCCAGGACCTTGACGGCGTAGAAACGCCCGCCGCGCTCGGCCTTGTAGACGTGGCCGCCGCCGCCCTGGCCAAGTTGCTCGATGACTTCATAAGCGCCAATCTTGGCGCCTTTCTGGGGAAGGTGGATGACCAAGCCGGGAGCCTCCGAAGGTTCACCACTCTAGCAGAACCCAGCGGGTGTGGTTGGTGCAGTCGCGCGGATGCCCGCCCGGTTGGGAGCTGGAGCCAGGGCGGTGGGCACACCCATCCCGAATGCGGCCATGCAGGGCACGGCCGCCCCCCTCCCCACGCTCCAACCCCATCGCTCAAGCGGCGCCTAGTCCTCGGGCTCGGACTCCTTCTCGGAGTCCTTCAAGAACTCCACCCGCACGGAAGGCGAGTCCAGCAGCTTCGCCATACGGGCCAGGAAGCGGACCTTTTCGTCAGGCCATGCCCGCAGGGTGCGCGTCAGCTTGCGAAGCTCGGGGCTCAGTGGCACCTCGGGCGCGGGCTCGTTCATCGTCCGCGCTACTTCTTTCGGACTGATGCCCAGCAGCACGTCCGACGAAATGCCGAGCGCCAGGGTTATCTTTCGCAGTGTGGGAACGGCGGGCAGCATCAACCCGCGTTCAATCTTCCCATAGACAACGGCCGAAATCCCAGCCGCACGCGCAACCTCGGCTTGATTCATCTTCAGCCGTTCCCGGGCCGCTCGGGCGAGTGGTCCGATGGTGGTCATCAACTCCTCGGGGGTCATGTGCTCTGTTCCTGTAGGCATTCGTCCTTTGCCTCTGGCGGGGCCGCGTTTGACTTGGCGAAGGTGCTAGCAACGTGTCCAATGGCATTGAGCTGGGTAGGCGTCAGCCGCCGCAAGTGGCGGAGCACTTGCCGAACCCGGGGGGCCTCTTCCTCGTTCCCCTGCTTCGGCTCGTCCACCAGTACCGGCAGCGAGCCGGAGGTAATCCCTAGCAGCGCGTTGGCGTCCGCCCGGAGGACAAAGCACAGCTTTAGCAGGGTGGGCACGCTCGGAAGCATTCCGCCGCGCTCCAGGCGGCCATAAACCTCCGTAGCGAGGCCAACCCGCTCGGCTACGTCCGCCTGTGTCAGCCTTGCCAGCTTGCGGGCATTCCGCGCGACCTCTCCCATGTGTTTCGCCAGCTTCGGCGGAGCTTTGGGGCCCTCGGTCGGCTGTCGGGTGTCAGCGACAGCGGCGGGGGGCTTGGTATGTCTACCCATTGTCCAGGAACTCTTCCGGGTTAGGGAGGACGCCTCTTTCGACTGTCTGCGCCGCCAGCAGCTTGCGCTCGGCCGCCTCGTTCAGAATCGCTTTCCGCTCCGCCGCCACTTCGAGCCGTCCGAAGCTGGAGGCTCCAGACGCGCGAAGATAGAAACGCAAGTCATCGCGCATCTCGGCGGCAGTGCTGTAGCGGTTCTCCGGGTTGGGCTGTAGTGCCTTGCCCAGGATTTTCCGCAAAGGCTCGGGGACCAACTCCGCTTGGCGCTCTATCTCCTCGGGCCCGAAGCTGAGGACGCGATTGAACAAAACCTCAAGCTCCACCCATGTCGGCCGCTCGGCGCGCAGGCCCTGGGGAAAGCGCGTCGCCGGACGGCTCGGCACCAGTCCGAGCGGGTCAAGCGGATATTTCGCCGTCAGCATCTCCAGCAGTACCAACCCGAGGGAGAAGATGTCCGCCCTGCCGTCAAGCTCCCTCGGGGTGAGTGGGTCCGTCTTGCTTTCGAGGGCTGCCCACATGGAGCGCAGCAGCTCCGGGGCGATATAGGCCGGATCTCCTCTCAGCAGGTCGCGGGGGGTGACCATGCGTCCGGCCAGCTCGGAATAGGCCGCTCCGAGGTTGCACAGCTTGACGCGGCCATCCGCCCCAAGCCGGATGCGCAGGGGCCCCACGGCCCGGTGTACGAGCCGGAGCGGCGCCCCGGTTTCATTCTCGGCGTTGTGCGCGTATTCGAGCGCGTCCGCCACCTCGGCGGCAACGTAGACGGAGAAGGCGGGGGAAAGCCTCTTCTCCACGAGCGCCGCCGCATGTGTGACGGTGAGGAGGAAACAGCCCTTCATGTGCTCCATGACGACATAGGGAATCCCCTTGTTGACGATGAAGTCATGGACGCGGGCAATCTTGGGGTGACGCAGCAGCGATGCAAGGCGAACCTCTTCCCGTGCGCTGGCGCGTGCGTCGCGCCCGGGGACCATGTTCACCTTCTTCAGCTCGACCATGTGACGCGGCCCGCCCGAGATGAGCCGACGCCATGCGATGAAAAGCGTGTCGTAATAGGGATGGAGAACAAGCGGCTCCGTCACCTCGTAACGGTATTCGCCCGCCTCGAAGGTGAAACGGTAGTCTTCCGATTTGACGGCGTAGCGGCGGGGACTGTCGCGCCGGGGCGTTTCTCTTGGCGTTGAGGGCATGGGAAACTCCTGTCTTTGGGAAGTCTTCGGGTGCGGGTTACGGGGTGCGCTCGCCAGCGGGACGAAAGACGACGTGTACCCAGCCGCCGTTTCCATCGGGCGAGTAGAAGCCACCCACCTCGAATTCGCCCGCGCTCAGGACGCCGTTTCTCACCTCCACCGGGCCGACGCACTGCGCGGGGGTGCCGGTGAGGGCAGCGGAAAGGAAGCCATCGGGCCCCATCACCCGCAGGTGTTGGTAGTGCAGCAGGCGAGCATCCAGGGCGGAGCGCATGACGGGAGCGCCGCCCGCGATGACTTCCCGCAGCAGCACCTCGGCAACGAGCCTCGGGCCGAAGGTGCGCGAGGTGGACGGGTACAGGCCGAAGGAGACCCGCAGCCGGGTGGCTTCCTCTGGCGTCAACTCCGGGCCGGTGGGCAGCGTGTCCGCCGGGAGTCCGGCCTCCAGCAGCAGCGCGCCGAAGTCGTCCAACTGCGCGAGCGCGCCCCGCATGGCGCGGAACACCTCGGGGCGTTGGCCACTGGCGCAGGCAACGGGACACAGCAGCAGCACGGCCAGCAAGGCGGACGGGAGCGGGCGGGGCCGGGCGCGGGCAACACGGGCCCCTATCCGGCACGCATGGGGGGCGTTCGGCATGGACACCTCGGGGTGAGGACAGCGGGAGAGCGGCTAAACCTTCTGTTTACCGGGATGGATGAACCCTAGGTAACATGCGGGGCCAGC
CP043495.1_gap120	4032847	4034370	1523	TTCAATTCGGGAGCCTCTTTCGATGACGATGCGGATCCGCAAAGTGGCAGTTCTGGGCGCGGGCGTGATGGGCAGCGGCATCGCCGCGCACCTGGCCAATTCGGGCGTACGTGCCCTCCTGCTGGACATCGTTCCGCCCAAGGCGGCGCCGGGCGAGGACACGGCCTCCAAGGCCTTCAAGAACAAGTTCGCCCAGGGAGCCCTGGCGAACATGCGCAAGCAGAAGCCCAGCCCCATCGTGTCCGAGCAGGTGTTCACGGCCATCGAGGTGGGCAACTTCGAGGACGACCTCGGCCGGCTGGCCGAGTGTGACTGGGTCATCGAGGTGGTGAAGGAGGACATGGCCGTCAAGCAGGCCCTGTTCGCCAAGGTGGAGCAGCACGCGCGCAAGGGCACCATCATCAGCTCCAACACCTCGGGCCTGTCCATCAAGGGCATGCTGGAGGGCCGCGGCGCCGACTTCCGCAAGAACTTCCTCGTCACCCACTTCTTCAACCCCGTCCGCTACATGAAGCTGTTGGAGCTGGTGGCGGGCCCGGAGACGGACCCCGAGGTGGTGAAGAGCATCCACCGCTTTGGCGAGGAGGTGCTCGGCAAGGGCATCGTCTACGGCAAGGACACCACCAACTTCATCGCCAACCGCGTGGGCACCTACGGGATGATGCGCACCATCTCGGAGATGCAGAAGGCGGAGCTGACCATCGAGGAGGTGGACAAGATCTTTGGCCCCGCCATGGGCCGCCCCAAGTCCGCCGTGTTCCGCACCGCCGATATCGTCGGCCTCGACACCTTCAGCCACGTGGCGAAGAACTGTTACGACACGCTCACCCAGGACGAGGAGCGTGACGTCTTCGCCATCCCCGAGTTCCTCCAGAAGATGGTCGCCAAGGGGATGCTCGGCGACAAGAGCGGCGGCGGCTTCTACAAGAAGGACAGGAGCGCGGGTGGCAAGGACATCCTCGCGCTGGACCTGAAGACGCTCGAGTACCGGCCGCAGAACAAGGTGCGCTACGAGTCGCTGGGCGCCGCCAAGGACGTGGAGAACGTGCGCGAGCGCGTGGCCACGGTGCTCAACGGCCAGGACAAGGCCGCGAAGTTCGCCGAGCGGATCACCCTGGACGTGCTCGCCTACGCCAGCCGCCGGATTCCGGAGATCGCCGACGATGTGGTCAACATCGACCGCGGCATGCGCTGGGGCTTCGCCTGGGACCTGGGGCCCTTCGAGACCTGGGATGCCTACGGCGTGAAGAAGGGCCTGGAGCGCATGAAGGAGCTGGGCCTCAAGCCCGCCGCCTGGGTGGAGGAGATGCTCGCCAAGGGCCGCACGAGCTTCTACGGCGTGGAGAACGGCAAGGACACCTACTGGGACATCCCCTCCAAGTCCGTGAAGGTGGTGCCGGAGAACGCCCGCACGTCGCGCGTGGAGTACCTCAAGCGCGGCAACAAGAAGATCACCGGCAATGACAGCGCCACGCTCTGGGACATGGGCGATGGCGTGACGCTGCTGGAGTTCCACTCGAAGA
CP043495.1_gap121	4227766	4230969	3203	GTGCCGGCGGCCACCTGGAGGAGGCTGGAGTCGAGGGCGGGAGGCAGGGCGCCGCGTCCGAAGAAGAGCAACAGGAGGAGGGCGGAGGGGAGGGAGTGGAGGGAGTTGATGGCCAGGGGCGAGAAGGAGCGGGCGGCCTCCTTGGAGGCGAGGACGTTGGCCATGAAGAAGAAGGCGCTGCCGCCGCCGAGGAGGGCGGTCCAGGGGTCGGACAGTCCGCCCTGGGGCGTGCCGAGGATGAGGGCGAGCCCCCCGAGCGTCAGCGGAGCACCGATGAGGGCGCGGGGGGAGCGGCGCTCGCGGAGGACCCAGGGGGCGGCGAGGGCGATGAGGAGGGGGGCGAGGTAGTGGGTGAGGACGGCGACGGTGACGGGCCCGCGCTGGACGGCGGCGAAGTAGAGGGCGGCGTTGGCGGCGTCGCACACCGCGAGGACACCGAGCGCGAGGGTGGCGCGGCGGTCTCGGAAGGCCTCGCGGCGGAAGACGAAGGGGGCGGGCAGGGCCATGACGGCCATGACGAGCAGGGCGCTCTGGGGACCGGAGAGCCCCGCGGGCCGCAGGACGAGCGGCCAGCATCCCCAGAGGATGGTCCCCAGGGCGACCATGACGAAGTACCTCACGACGGCTCCAGACGGGTGGGGGCGCGCGGGCCCCGAGGCGGGCGCGGAGCGTAGCCGAGCCGCCAGGTGGACGCGCGGAGGAAGGGAACACGGCCCCCGCCCGGAGGCTGGGGGAGCGGGCGGAGCGGCTCAGCCGATGCGGCCGATCTCCGCGCCGCGCTCGTAGACGGTGATGGGGCCGTCCTCGGAGACGTTGATGGCCACGCCGCGGAAGCTGGCGCGCCAGGCCGCGAGCGCGCGGGCGCCGGGCATGCTGGGCTCGCGCACCCCGAGCCGGGCGATCTCCTTGGGGCTGGAGACCATGCAGGCGATGTCGAGCACGCTGCCGTCCTGGTCGAGCACGACGGCGCCATCGGTGGCGGCGGCGGCGGTGATGACCTGGCGCTGGGCCCAGACGGAGATGTTCTGCCCGCGGAGGCTGCGGCGCAGGTGGCTGTTGGCGGCCAGGGGGTGGCCGTGATCGGGAACGAGGTCGGTGAGCTCCTGGTTCGAGTCGAGCAGACAGAAGAGGGCACCGGTGCGCTCGTAGGCCAGGTCGATGGCGGCGCGGAGCACGCCGATGACGACGTCCTCCCGGAAGCGGGAGGAGATGCGTTCGTGGAGGGCCTCGTAGTCGAGCACGCGCCAGTGGCCGTGGGACTTCTGGAAGACGGAGCCCTTGCCACTGAGGATGAAGAGGTCGCTCTGGGGCGAGGTCACCAGCGCGACGTCGTGGGCGGCATGGGCGAGCACGGCCTGGACGGGAACGAGCGTCTCGTGGGGGGCGTAGCGCAGGGCGGCGTCGTTGCGGTCCACCTCGGCGAGCGAGATGAAGCCGATGATGCTGCCGGACTGCATGCTGGCGAGCAGCGCGACGCGGCGGCCGTCCACAACGGTGCGGATCCACTTCTCCTTGAGGAGTGCGTTCTCGATGGAGAGGCCGCCGGGCAGGGGGATGAACTTGTTCTGGAGCTTCTGGACGAGCTGGCTGGCCTTGCGGGCGATGATGAGGCAGTGGCGGACGTTGCGGCCCTCGTAGGTGAGGGCCATGGAGTCCTCCATGGAGCGGACCCAGTTGGACATCTTGTGGGGCCGGGAGTTGAGGTAGCGGGCCACGGCGCGGCGCAGACGCGTCTGCTCGAGCGCGGCCCAGTGCTCGTCGAGGGAGCGCGCCGAGGTGACGTGCGTCAGGTCGTCATTGAAGACGCGGCAGAAGGAGCGGGCGAAGTGGCTGTCGCTGACGCGCACGGAGCGGCGCAGGTCGATGAGGAGGCCGGCCTGGGGCGTGGGCTGATCGAAGTAGAGGAGCGCGGCGAGGCGGCGCTCGTCGAGCGGGAGCACCTTGGGCTTGAGCGCGGCGCGCGGGCCGAGCTCCGCCACGTGCGCGGCGAGCTCGTCCGCGGAGAGCGAGGACGTGTTGCTGCCGGGGAAGATGTCCTTGAAGGCGGTGGCCAGCGAGGCGAGAGCATCGATGACGACCAGGGGCCTGCGTGTTCGCATCGGGAGCCCATTCTAGTCAGGCCGCGCGGAGTTCCCCCACAAAACGGAAGGGGACCTCAACCGGCGGCGGCCACCGCGGCGGGCTGCTCCACGGCCGGTCCAACGAGCGACTGCCTCTCCCAGGCCCGGCTCCTCCAGCGGAACCAGAAGACGATGCCGCGCGTCCACTCGTCCGCCGCCACGGCGAGCCAGACGCCGGCCAGTCCCAGGTTCAGCTTGAAGACGAAGAGGTAGCCCAGGGACAGGCTCAGGCAGGCCATGGACAGGAAGCCCATGTAGACGGTGAAGGTGGCATCCCCGGCGGCCCGCAGGGCGTTCACCAGCACGAGGTTGAAGGACCGCCCCGTCTCCAGGAGGAGGCTCAGGACGATGACCTGGGACGTCAGCCGGATGATGTCGGCATTGTCCGTGAACAGCCCGACCAGGGGCTTGCGCAGCAGGATGGCGGCCACGTCCACCAGGACGGTGAGGGACACGGCCCACTTCAGGCTGCGCAGGGCCTGACGGTACGCGTCATCCCGGCGGTTGGCCCCCACCAGCCGCCCGATGATGATGGACGTCCCGATGCCGATGGCGAGGCTGAACAGGAAGACGTACTGGGAGATGGCGTGGGCGTACTGCCGGGAGGCCAGGGCCGCGGAGCCGAGCCAGGTGACGTAGTACAGGAACACCGTCTGGCACGCGTGGTAGGTGACCTGCTCGACGGCGGAGGGGATGCCCACCTTGAGGATCTTCCGGACGTAGTCCCTGGAGAACGTCACGTAATCCCGAGCCACCATCCGGACGTCCATCACGCGGTACAGCATCCAGATGAAGACGACGAGCGCCACGGAGCGGCTCATGACGGTGGAGATGGCCGCACCGGCCACGCCCAGCTCCGGGAAGCCGGCATGCCCGAAGATGAGCAGGTAGTTGCCGAGCACGTGGACCACGTTCATGCCCAGCGAGACGAACATGGACTGCCGGGTGAAGCCGTAGGTGCGGAGCAGGCTGGAGAAGACGTTGATGAGCGCCTGGATGAAGAGGAATCCGCCCGCGATTCCCATGTATGTCCGCGCATGGGCGAGCACCGGACCCTGCAGGTTCATGTGGGTCAGGATGGCG
CP043495.1_gap122	4314527	4316791	2264	GGTCAGCGAGCCGGTGCCGACGACGGTCGCGCTGGTGGACAACAGGGCCTTGGTGGGATCCGCCACCGAGACGGTCAGGGTGACGCCACCGGTGGGCACGGCATCTCCGAGCGAGGCGGACGTCTTGAGCTGGAGGTCCTTGCCGAGGGTTTGGTTGCTCAGGCTCAGGTTCGGGGCCGTCACCGTCACGGGCATCTGCCGGTAGTTGCTGGGGGTGCTGAAGCCCGTGGGCGTGCTGATGGTCAGCGTGGTGCTGCCCGCGTTGAGCGGATCGAACGCCGTGCTGGCCGTGAACTGGTTGGTGCCAATGGTGAGGGGGCTGGCGGTGATGGTGCCCACGTGGGTGCTGCTGCTCGTCACATCCACGACGACGGGAGCGGCCCCCGGGCGGAGCTCCTGGTAGCCGTCGTAGCTGAGCGTGGTGGGGTTGAGCTTCGCCAGCACCGCCGACAGGCTGGTGTTCGTGGTGAAGGTGGTGGTGCTGAAGCTGCTGTCGGAGCAGTTGGCGCACATCCTGAGCACCACGCCCGAGGGGACGAAGGTGAGGGTGGCCGTCTTGCTGTTGTAGCCGGGAGCCGTCGCCGTGTACTGCACCGTGCCGCTACCGGCCAGCGCCTGCACGTAGAAGTCAGGGATGTTCGTGCTCCCCGCGAAGACGGTGAACGTCAGCGAGCCGGTACCCACGGCGGTGGGGCTGGTGGACAACAGGGCCTTGGTGGGGTCCGCCACCGTGATGGTGACTTGCGTGTTACCCGCGGGCGCGGCGACAGCGAGCGAGGCGGATGCCTTGAGCTGGAGATCCTTGCCGAGGGTTTGGTTGCTCAGGTTCAGGTTGGGGGCCGTCACCGTCACGGGCATCTGCCGGTAGTTGTTGGGCGTGCTGAAGCCCGCGGGCGTACTGATGGTCAGCGTGGTGCTGCCCGCGTTCGCCGGATCGAACGCCGTGCTGGCCGTGGCCTGGTTGGTGCCGATGGTGAGGGGGCTCACGGTGACGGTGCCCACGTCGGGGTTGCTGCTCGTCACCTCCACGACGACGGGAGCGGCCCCCGGGCGGAGCTCCTGGTAGCCGTCGTAGTTGAGCGTGGTGGGGTTGAGCTTCGCCAGCACCGCCGACAGGCTGGTGTTCGTGGCGAAGGTGGTGGTGCTGAAGCTGCTGTCGGAGCAGTTGGCACACGTCCTGAGCACCACGCCCGAGGGGACGAAGGTGAGGGTGGCCGTCTTGCTGTTGTAGCCGGAAGCCGTCGCCGTGTACTGCACCGTGCCGCTACCGGCCAGCGCCTGTACGTAGAAGTCAGGGGTTCTGGTGGCCCCCGCGGCGAGCGTGAAGGTCAGCGAGCCGGTACCCACGGCGGTGGGGCTGGTGGACAACAGGGCCTTGGTGGGGTCCGCCACCGAGACGGTCAGGGTGCCACCACCGGTGGGCATGGCATCCCCGAGTGAGGCGTACGTCTGGAACTGGAGATCCTTGCCGAGGGTGTAGTTGCTCAGGCTCAGGTTCGGGGCCGTCACCGTGGCGGTGATTTGCGTCTTGGTGCTCGGAACCGTGAAGCCAGCGGGGTGGATCAGCGTGAGGGTGGTGCTTCCGCCCCCCAGCGGGTCGAACGAGGTGGTGTTCGACGACTCTCCGGCGCTGAAGGTCACCGGGCTCGTGGTGATGACGCCCACGGCTTCGTTCGAGCTGGTGACGGCCACGGACGTGCTGACCCCGGGGCGCAGCGGCTGGCTGCCGAGATCCGCCGCGAGCGTCACCGGATTGAGCATGCCCAGCGCGATGGACACCGACTTGTTCGTATCGAACGAGGTGGCGGTGATGCTGGTGGTGCTGAAGTAGAAGCCGGAGGGGCGCAGGGTCACCGTCGCCGTGCCCCGGGCATACCCGGGCGCCGTGGCGGTGAGCTGGACCGTGCCACTGCCCTCCAGGCCGTAGATGTAGAAGGTGGGAATGGAGGAGTCACCGGCGCCCACCTGCAGGGTGATGCTGCCGCTGCCTGGTCCACCGGCGGTCGTCGCCAGCAGCACCTTCGAGGCGTCCGCGCTGGTGAAGGTGATCTGGAGGTTGCCGGCCGGCGCGGGTGCGGCCAGGGAGCCGTTACTGCTCGTCCGCAGATCCTTGCCCACGGTGGCGCTGTTGATGCTGAGGGCCGGAGCGGGATTGACCGTCACGGCCGCCGTGGCCTCGTTGAGGCCAACGCCCGAGGCCCGCAGCGTCGTGTTGCCGGCGGCGACACCGGTGACCGTGACATCCGCCTGGCTCTGCCCGGCCG
CP043495.1_gap123	4362601	4363796	1195	GAGCCCTCGCGTACCGTCACCAGGCTGCCCGGGTCCGCCGTACCGCTCAGCGCGGGCGTCGAGGTGGCGAGCACGGAATCCGGCTTCGGACCCGTGATGACGGGCGCGGTCGGCGGCGTCAGGTCGAGGGTGAAGTTGATGGCGGGGGCGGTCTCTGTGGCACCCACGAGGGTGGAGGTGACCACGGCCGAGTGCGGCCCCGCCTCGACGCCGGAGAGGGTGCACGTCCAATGGCCGGAGGCATCGGCGGTGGCGGTGCAGGCCGGCGTGGTGCCGCCGTCGATGTACACGTGCACGGTGGCGCCCGGCGAGGCGGTACCTCCGATGTTCGGACCCGAGAGGCCACCCGAGGAGGGGCTCGTGATGGCGGGAATCCACTGGCAGATGGACAGCGCGTCCACGCGGTAGGTGACGGTGGTGTCGCTGTTGTTGCCGAGGCCGCAGTCCGTGCCGATGAGGGCCAGGCGCACCTCGCCCGTGCCCGCGTCGAAGTCGCGCAGCAGCGGGAAGCCGAGTGTCATGGCCTCATCCCTCGTGGAGGAGGGCGGGACGGCCGGGGAGTCGATGCCGAGCGAGAAGCGCTGCACACCGGCGCCCGCGTCGACGTTGACGCCGAGGATGCCGGGGTACCAGTTGACACCGCTCGAGTAGCTGACGGCTCCCGAGACGTAGTGCATGCGGTAGCGGCCCGGCACGCTCAGCACGGGCTGGGACGTGCTGGAGGCCAGCGACGGAGCGGTGATGCTCGACACCTGCGTGCAGTCGGTGCGGCCGCGGCGGGTGAAGAAGGCCTGCACGCCCGTGTTCCAGCAGCCGAAGCCGCTCTCCACGGCGCAGGCGGAGTCGCAGCCGTCACCGGAGACGGTATTGCCGTCGTCGCAGGCCTCGGACGCGGCCTTGACGCCATCGCCGCACCTCACCGCGCACACCGACGGGTTGCCGGTGCAGCTGTAACCGGCCTCGATGGCGCAGTGGGGGGCGCAGCCATCACCGGCCGTGACGTTGGAATCGTCGCACTGCTCGCCCTCGCCGAGCTTGCCGTCGCCGCAGTTCGGGTGGCAGATGGACGGCGCGTTGCCGTAGCAGCTGGACCCGGGCTCGATGGCGCAGGTGGAACCGCAGCCGTCGCCGGAGGCGGTGTTGCCGTCGTCGCAGCGCTCCGAGCCCTCGACGAGGCCGTTGCCGCAGACGTTGG
CP043495.1_gap124	4375819	4377321	1502	AATCTGGACCGGCCGCATCCTGAGCGGGCTTGCCGTCGCGTTCCTGCTCTTCGACGCCGTCATGAAATTCATCATGGACAAGCTGCCGCCCGAAGCCCTCGAGGCGGGAGCCGCCCTGCAGTGGCCCATCGAGCGCATGCCGCTGGTCGGTACGATTCTGCTCATCTGCCTCGCGTTCTACTTGATTCCCCGGACCGCGATCCTGGGCGCGATCTTGCTCACGGGTTACCTCGGCGGCGCGGTCGCGAGCCACGTGCGCGTGGATAATCCGCTCTTCTCGCACACGCTGTTCCCTGTCTACGTGGCGGTCTTCATCTGGCTGGGGCTTTTCCTGCGCGATGCGCGGGTACGAAAAATGCTCGAGCCCTGACTCGACCTCGACGGCTTCAGCCGGCAAAAAGGTCCGGTGCTGTCTCCACGAGGCCGAAGAGGTCGGCGTCCCCGCCTCGGTGGAGGGCAGGTGGTCGAGCACCTCTCTCGGGGGCCTCGTCTCGGTCGAACTGCTCGAGGGCGTGCCGGGCCACCTCCACCATTCCAGCGGCCCTTCTCAACCCCTTTGCGCCAGCCCGCCCCCTCAAACAGCGCCCCCATTCCGCCTGGAGTCAGCGACTCCTTTGACATCTTCCCCGGCGTACCTGTGAGTAGGGCCCCACCTGACGCACCGGGTACCTCCTGGAAGTAGGGTTCGGTCCATGCGAACAAGAGCATCTGGCCACCCGCGGGGGAGGCCAGGGAGGAGGACGCATGGACGAGGAGAAGAAGTCGGAAGCGAGCGGGAAGGGCGCGGTGCGGGTGGGGCCGTACCTGATTGAGGAGCAGGTGGAGCAGTCCAACGACAGCCAGGAGGAGCTCTATCTGGCCACGCACGAGACGAGTGGAGCCACGGCCCTGGTGCGCAAACACGCCGCAGAGGAGGGCAGGGCACCGCGGAAGGATTGGCGGGTGTTCCTCGGCTCCTGGGCCTCGCGAGGCTACTCGGTCATGGAAGTGCAGCACACCGACTGGGCCAGGGCCCAGGACAGGCAGACGGCGGAGTCGTTGCTGCACACGTTGGAAGGTGCGCTCGAGGAAGTGCGGCGCATGGTCCGCGTCATGTCCGACTCCCACGAGTCCCGCCTGCGGTGGCGTCTGAGATGGGGCGTGGCGAGCGCCGTCACGGTATGCGCCCTGCTCCTCGCGCTGGTGCGTCTGGCCCCCGAGTCCCAACCTCCGAGCGTCCTATCAGCGCCCTTGCTCCAAGAGGTGCCCATGGCAGTCGAGACGTCGGACTTCGACGCGTGGCTCGCGGACACCACTCCCCCGGGGCAACCCGTGCTCGCCCGACCTCTGCCGAAAGAGCCCTTCAAAGGACAGAAGCGTCCGCCCTGCACGCGCTACACCGAGGTCGAGCTCGTTGGCGCCTGCTGGATGCCTCACAAGCTCAAGGCCCCATGCCCGCAGACCCTCTTCGAGTACCAGGGTGAGTGCTACGCGCCCTCCTTCAGCGCGAAGCCGCCGCCCTC
CP043495.1_gap125	4408962	4412758	3796	AATCAAGGCGATAGCGGGTAACAGCGCGTCCTGCTTAGGGTTTTCTATCGCCTTGCTCACGGGTTCGATTCCCGCCGCCTCCACCCGGCCGGTGCCAGGGCCTCGCGGAGTGTCCTCACTCCGTGAGGGACGCGAACCAGTCCCAGGCCTGCGTATCCGCCGGGAAGGCATTCCACCGACGACAAGCGAGCGCCTCGGCGCGCCAGGCCTCGAGGCCCCCTCGCACCGGCCAGGCCCGCGTCACGGCGACGCGGTGGACTCCCGTGTACTCGCGCAGCAGTGTCCGGTTGGCCCTGTCGATTCCCTCCGGCCCTCCGTTCCGGCTGCGGAACTGGGCCTCCGCCGCGAACCACGTCTCCTCGCGCCGGAAGGGATTCTCCGGAATGGGCGCCTCGAAGACGGGCCAGAGGCCCAGCAGCGTCGGAGAGACCCCTTCGAGCAGGGCCGCGTGCAGGCGGTCGTGCCCATCGAGCACACACCATTTCCCGATGATGTCCATGTAGAGCAGCAGCGCCGGAGGCAGGGTTCCCTCGCGCGCATGTTTGCGCCAGCTCTTCACACGGCCATCGTCCTCGGGCGAGGGAGCGCGCAGGGGCAGCACGGCCCCGCTGTTCGTCTCCACGCCCGCTGGGACGCCACCCCCGTACCAGTCCTCCGTCCAGAACCGCTCCACGTGGAGGAGACGTTCGAGCCCGTGAGGTGGATCGAGCGGTCCGCCGATCTGGTAACGCGGGAGGTTGGAATAGGGGACCGCTTCGCGAGCCGTCACGAGCCGGAGGGGCCGCAGGCACCAGCGTCCCGCATGGAGCACCGGGTGTGTGGCCTGTGCGAGCTCCCTCGCCATGTGCCACGTCCAGGCCTCCCACCAGCGGGACGAGCCGGGCTCGTGCGGAACGTCACGCACCCTGGCCGCCGAGAGCGGGGGCAGGCCCCAGGGCGTGCTGATGGTCCCCCGGAGCACGCCACACCCATGCCACCAGTCGTCGATGCGGACCCAGAACAGCGGCTGGCCTCCGCTGCTCACACGCAACCGGAAGCGCGAGGTGAACTCGACGTGCAGGGACGGCCGCCCGCTCCAGCGGCCCGCGCACGGCACATCCAGCAGCAGCCCCGGGCCCACCAGCGGCAGTCCCCAGTTCTCCGTGTCATCGGTCCTGAAGGTCACGCTGGGATGCATTGTCTCCTCCGAGCCCCATGAGCTTGGGAGTGACGGCCTCGGCGGGCGGCCCGAACAGCGCATGGCGCAGCGCGAGCAGATGGAACGCCAGGTACCCCGGCGAGACATGCTCCACGTCTGGTCCCAGTGCCCGGTGCAGCTCCGGCAGTCCATGGAATGCCACCGCGGGATAGGCGTGGTGCTCGGCGTGGTAGGACATGTTCCACATCAGGAAGCGAACGAGCGCGTTCGAGCGGATGGTGCGCGTGCGCTGGAGCTGGCTGCCCTCATGGGGGAGGGCCGTGTGTTCCGGCATCACGAACAACCCCAGCAGCACATGCGCGATGGGCCACGCGAGCAGGACGTGGCCGAACCCGGGGACGAATCGGAATCCCCCGACGAGCAGCGCGCACCAGAGCACGACGACCAGTCGGCTCTCCCACTGGATGCGCCGCCGCTGGTTGACCCGGATGAACGGAAACACCTTCTGCCATTGGGCCGGCGTGAACAGCACCGCCGACGCCAGGGTGAACAGCGCCTTGCCCACCAACAGCGCCTGGCCCGACGCTCGCGCCAGGTAGTGCCCGAGGTTTCGAGGCCACCCCACGAGGAACCCTCGCGCGCCGGCGATCTCCGGATCATGCTCCAGTGACTGCGTGGCCCGGTGGTGTTGCCAGTGGAACTCCCGGAAGAAGCTGGGGGCCTGCAACATCAGGAACGCGCTCAGCCACACGAGCCCCTCATTCAACGGGCCCGAGCGAAACGCGGTGCGATGCCCCGTCTCGTGCAGCGAGGGGAAGAAGGTGACCAGGAACACACCACAGAGGAGGACGGTGCCCAGCCACGCGGGATGACCGATGGCCGCCAGCCACGCGGTGGCCACCGCCGAGCCCAGGAACAGTGGCACCTGGACCGCCACACGTGCCCACGCTGGCGCGTCACGGCGCACCATCCACTGTTGCAACTCCTGCTTCGAGACACGCTCGCTCTCACCCTGTTCCGCTTCCATCTCCGTGACGCTAGTCCAGTCAGAAGCGGCGCATCCACCTACCGCCGGTGGTGGTGGCCTGGCCCGATAGAGCCCTGGCGTAATGTAGGCTATGGCCTGGAAAAGAAATGACCGCTCACGTCACTGCTGTCGCCAGGAGCATCAAGGCCATCAACTGGAGTGGCTCGTTCGACAGGACTCCCTCGCGCGTGGCCCTGCTGCGTGAGTACCTGCGCCGCGCCTCCTGGTGGGCCGAGGCCGTGAAGTCCTCGGAGTGGCCCTTCTTCGACATCGCCGCCGCGGTCAATCCGGCAGTGCGAGCCGATCCGGGCCAGATTCAAGCCATCGAGGCCCACCTCTCCCAGAAGTTGCAAGGCGTGTTGGTGGTGCGCATCTGCGTGCGGGCGCTGCACTTCGCCGCGCTGGAGGATGCGGGTGCGAAGCTGCCGCGAGTGCCCGATTCGGTGGTGCGGCCGTTCGAGCCGCTGCTGATGATGTTCGAGCGTGGCGGTGGTTTTCGGCTCGGCGGAAGTGGGCTCATCGAGGTCGACACCGCGGGTGTTCCGAAGGGCACCGCCAGCTCCCATCACACGGACAAGACCGTGGTGGCGCTGGAGCCAGCCGCGCTGGATGCCTTGGACGCCGGAGCCTGAGATGCCGCGTTGGAGGCCTGTTCCGCCTCCAGGGCCCCCGCGCGCCAGTCCATCGCACGTGGGGGCCCCTGTGTCTCGACGAGTGCCGCGCTTCCGTCTCAGTCCAGCGTCAGGTTCTTCGGATCGGCATCACCGGCCAGCAGCGCCTCGACCCGGGGCGCATCGCCAGCGGCTTCGCCTTCCATCTCCGTGACGCTCGCCCATTTTCGTATGGGGAGTGATCCATTCTTCCTGGATTTCTTCAATTCAGGGGGAAGCGGATTTCATTCCCGAGGGGGAGAACCATGCGGACCCTGGTGACATGGCTGATGGCTGGACTCGTGCTCGCGTCATGTGTGCCACCCTCCGAAGGTGGCACGGCCGGGTCCGAGCCTCCCCTCCGCACGGCGCCAGGCGCGCTCGCCAACCCCGGTTCCGGCGCTCCGGTTTCGTTCAGCTATACGTCCCCGTGCTCCGGGTCCTCCGACGCCACGCCGCCGCGGATCTCCATCACTTCGCCTGGCCCCGGCTCGGCCCTCAGCGGCGCGGTGAACCTGACCGTCGACGCGACGGACGACGTGGGCGTCGTGAGGGTCAACTTCTACCTCGACGGCCGGCTGCTCCTCTCGGACAACACGCCTCCGTTCGAGCTGGTCTGGGACAGCGCCACCCACGGCAACGGTCCGGGGGTGTTCACCGCCGATGCCAGCGATGCCAACTGCAACTGGACGACGAGCGCTCCGGTGGACGTGACGATCGAGAACGCCGGAATCGCGACGTATGACGCCGCGTGGGCGACGCCCGCCTGCGCGGCCGTGGGCACCCGGTGCGACTCGGCGGATCTCCTGGAGGGCAGGGGAGCCATCAGCCCCGAGCTCCACCATCCCAACACCGTGGGCGGCTCCTGCCAGGATGGGACCATCGGCGTGGGAGGCCCCACTGCCGCGGTGCAGCGGCTCGTCGTCTCCCGGAGTGATGGCACCGCGTTGGCCGAGGGCAAGGAGGTGACGGTCCAGGCCA
CP043495.1_gap126	4448550	4452382	3832	CGGTGATGTTTGGAGGCGGCGGACGGACGGACACGGTGCTCGCGGTCGTGGGGGCGGAGGTGGCCCCGCCGAGTGTCTGGGTGAAGCGCAGCGTGTAGACGCGGGACTCCAGCGCCAGCGAACCGCCGAAGGCACCACTCGCGTCCGTGGTGAAGGTGCCGAGGACGGTGGTGCCCTCCAGTGCGCTCACCGTGGCGCCCTCCAGCGCGGAACCGGCCACGGCCACGGGCGAGAGGGCGGAGGTACCGCCCAGAGGCGCCGTCACCGTGGGCGAGGGAGGCACCACGGAGACGGTGAAGTCACAGCGGGCCGTGTTGCCCGCGTCATCCGTGGCCGTCACGGTGACGGCCGTGCTCCCGAGCGCGAAGAACGAGCCCGCGTCCACCGAGTAGGTGATGCGGGGTGACGCCGTCTGGTCATCCGTGGCCGTGGCGGGCGGGTAGGTGACGCGGGCCCCGGATGCGCTCGTGGCCAGCACGTTCTGGTTGGCGGGACACGTCACGGTGGGTGGCACGCTGTCGCCGATCACCCACAGCTCCGCGCCCTCGAGCGGTGTGGTGGCGGCGAAGAACGCCTTTTCCCCGGCCGGCATCACGGAAGAGGGGTATCCACTGCCCACGCCCGGAAAGATGTCCTGGATGAGGACGGTGCCCGCCGCCGTGCCGTCGCTCTTCCACAGCTCCAGGCCACTCGTGACGTCCGTGGCGGTGAAGTAGAGCGTGCCGTTGACGTTCGCCAGGTAGGCCGGGGTCGCGCTTCCCGAGCCCGGGAGGATGTCCTTGACGAGCACGGTGCCCGCTGCCGTGCCATCGCTCTTCCACAACTCCGTGCCAACCACGCCGTCCGTGGCGGTGAAGTAGAGCGTGCCGTTGATGTTCGTCAGTCTCTGCGGGAACGAGTTGCCCGAGCCCGGGAGGATGTCCTTGACGAGCACGGTGCCTGCCGCCGTGCCGTCGCTCTTCCACAACTCCATGCCACTGGTGCCGTCCGTGGCGCTGAAATAGAGCGTGCCGTTGACGTTCGTCAGGTAGGCCGGGCCGCTGCCGCTCGAGCCCGGGATGATGTCCTTGACGAGCACGGTGCCCGCTGCCGTGCCATCGCTCTTCCACAACTCCCGGCCATTCACACCGTCCATGGCGCTGAAGTAGAGCGTGCCGTTGACGTTCGTCATGAAGTATGGGGTTGAGCTGCTCGAGCCCGGGATGATGTCCTTGACGAGGACGGTGCCCGCGGACGTCCCATCGCTCTTCCACAGCTCCACACCATCCGTGCCGTTCGTAGCGGTGAAGAAGAGCGTGCCGTTGACGTTCGTCAGGTACTGCGGGTCGGAGGTAAACGAGCCCGGGTAGATGTCCTTGACGAGCACGGTGCCCGCGGACGTCCCATCGCTCTTCCACAACTCCCGGGCATTCATGCCGTTCGTGGCGGTGAAGAAGAGCGTGCCGTTGACGTCTGTCAGGGAGTATGGGCTGGAGGAGGGACCCGAGCCCGGGTAGATGTCCTTGACGAGGACGGTGCCCGCCGCCGTGCCATCGCTTTTCCACAACTCCGTGCCATTCGCGTCCGTGGTGGTGAAGAAGAGCGTGCCGTTGACGTTCGTCAGGTAGTACGGAAACGAACCGGACAGGCCCGGGGAGATGTCCTTGACGAGGACGGTGCCCGCCGCTGTGCCATCGCTCTTCCACAACTCCGCGCCAGTCACGCCGTCATTGGCGTGGAAGTAGAGCGTGCCGTTGAAGCTCGCCAGGTTCAGCGGTCCCGAGCCGCTCGTGCCCGGGTTGATGTTCTTGGGGATCACGGTGCCCGCGGTCGTGCCGTCGCTCTTCCACAACTCGATGCCATTCACGCCGTCGCTAGCACTGAAGTAGGGCGTGCCGTCGACGTCTGTCAGGTACAGCGGTCCGTAGCTGCTCGAGCCCGAACGGAGCTCCTTGACCAGGACGGTGCCCGCTGCCGTGCCGTCGCTCTTCCACAACCCCCACACGGTGGTGTTGCCGGCGGTGAAGTAAAGCGTGCCGTTGATGTTCCGCAGTTCCTCCGGGAACCCCCCACTCGAGCCCGGGGCGAGGTCCTTGACGAGGACGGTGCCCGCCGCTGTGCCATCGCTCTTCCACAACTCCTGGCCACTCGTGCCGTCGCTAGCGCTGAAGAAGAGCGTGCCGTTGACGTTTGTCAGGTATTCCGGGACCGAGTCGCTCGAGCCCGGGGCGATGTTCTTGACGAGCACGGTGCCCGCGGTCGTGCCGTCGCTCTTCCACAACTCCACGCCGTTCACGCCATCCGTGGCCGCGAAGAAGAGCGTGTCGTTGACGTTCGTCAAGGACACCGGGGTCGAGCTACTCCAGTCCAGGGAGATGTTCTTGACGAGCAGGGTGCCCGCCGCCGTGCCATTGCTCTTCCACAACCTCGCCCCATATACGCTGTCAGTGGCCGCGAAGAAGAGCGTGCCGTTGACGTTCGTCAGGCCGCTCGGGTTGGAGGCGGTGGCCCAGCTCGTATTGATGTCTTTGACGAGCAGGGTGCCCGCCGCCGTGCCATTGCTCTTCCACAGCTCCCTGCCACTCGTGTAGCTATCGGCGCTGAAGAAGAGCGTACCGTTGACGTTCGTCAGGTACGCCGGGGCCGAGTCGCTCGAGCCCGTGTAGATGTCCTTGACGAGCACGGTGCCCGCCGAGGTGCCATCACTCTTCCACAACTCCGAGCCATTCACGCCGTTCGTGGCGCTGAAGAAGAGCGTGCCGTTGACGTTCGCCAGGCTTCCCGGTCTCGCATCGCCCGAGCCCGGGTAGATGTCCTTGACGAGCAGGGTGCCCTCAGCCGTGCCATCGCTCTTCCACAACTCGATGCCATTCACGCCGTCCGTCGCACGGAAGAAGAGCGTGCCGTTGACGTTCGTGAGGTTCTGCGGGGTCGAGCTGCCTGGGCCCGGGGAGATGTCCTTGACGAGGACGGTGCCCGCTGCCGTGCCGTCGCTCTTCCACAACTCCACGCCGTTCACGCCGTCACTGGCTCTGAAGTAAACCGTGCCGTTGACGTTCGCCAGTTCCTGCGGGTCCGCCGAGGCGTCGATCAGGTTGATGTCCTTCACGAGCCGGACGGCCCCTCCCGTCAACCCGGCGCGGGACGACCCGGTCGCCAGGGACTCGGAAGGCACGGTTCCGGCGGCGGGCACCGGCTCGCGTTGTGAGCACCCCACCACCGCCAGGAACAACACCCCATAGCGCAACCATCGCATCTGTCCCCCCTCGGGAAACCTTCCGCTCGAGTCGTCGCGAGTGGGGTACCACGGTGATTGTCGGGACCGCAACCTGTCGGGGCGGGGCGCCTTTTGCCTCGAATGGCTCCGAGGCGTGTGCTGCGAAGACTCAGGGAGTGCCGGCCGCGGCGGGCGCTCCGTCCATGAGCTCCGTGAGGGCGAGGGGCAGCGCGTCGATGGCGGACTTGTTCAGCTCGAGCACGTCCTCGGACGAGCCGCGCGCCCACAGGCGCTGCGGGTTGCCCTTCACCTCGGTGCCGAGCCTCAGCCGGGCCAGCTCCTGACCCTGGGCGTCCTGCAGCGTCACCCCGCGGCCGGTGGTGCCGATGCCATATCTGCCCCAGTTCTTCGGGTTGGACTCGCCGAGCGCCGCCGCTTCGAGCTTCTCCAGCGAGCCCAGCAGCGAGGCCACCTTGAACTGTTTGGCGTTGCCCACCAGGGGGCTGGCCACCTCCCACTTGCCGGTGTCCGGGGCCTGCACGACGGAGATCGTATCGCCCGTGGGCGTGGCCGGGTGGATGACGATGCGGGCCACGTCGCCGATGGTGAAGGCGAGCGCCTTGCGGTCCTTGAAGT
CP043495.1_gap127	4458552	4460678	2126	TCGCGGAGGCGCTGCGCAGTGGCTGCTACCGGGTGCGTATCCCGGAGGAGGGGGCGCTGCTGACCGTGGCCTGGCTGATCGGCCGTGGCGAGGCGGAACGGGCGCTGGAGTTGCTCGAGACGCTGGCGCCGCTGACGGACCGGCTGCGCTTCTACCCGGTGCCGGACCCCCGTCCGTTCTCCCGAGCGCGGTGGTGCGGGTGCAGACGGTGGGGACCACCGTGAGGCAACTGGATTCCGTCGAGCGGCGCCCGCGGATCGCGACGATGAACGAGGCGCTGCGGGTCTGGAATCCGCTCTACGACCGCGCCGTCGAGCTGTTCCTCGAGACCGTGGAGGGAGAGCTCCCCCACCTGGCGGAGGAGAATGGTGAGCGGGTCCGCCGCCCGGACGGCCAGGGCCGGGTCGAGGGCGGCTGGCCCTGCCAGAACTGGCCGGAAGGGTGGCACGACAGAGCGAGACAGCTGCTGCGCGACTACCAGGCCGAGCGCCAGAATCACAAGCTGTGCGGCAAGCCAGAGCATCCGAAGGCGAACTTCGCCCGGCTGCGCGGCTTCCTGGAGCGGTGCGTCGCCGATGCGCGCTCGCTCACGGGCCGGGACGTAGGCTCCATCCGCAAGATTCTCGCCTCGTATGTGACGCGCCACGGAGCCCCCGGCTCGGAGCGGCTCCGGCGGGTGCGTGACGAGCAGGCGCGGATGGCCGAACAACCCACCATGAAGGAGTTCGCGGTCCTGGTGGCGAACCGCCTGCGGACGCTGCCGGGTGACGAGGGGCTCGGCTCGCTGGACCTCGCCGCGGCTCCGGTTCGCGAGGACGAGAGCGCGAGCCTGGGAATCGCGCCCGGCCGTCCCATCCCCGTGCATCTGCTCGGGAAGGTCGAGCGCTGCCTCGAGGCGCCCATCGACCAGCTCGTGGAGCGCGGGGTGATTGGCTCCGGCGAGGTGCTCGCCACCGTGCTGCCGCAGATCACCTCCCAGGTGGGGGCGGCGGGTATCGAGGATCCGGAGCTACGCCGGCTTTACACCGCCCTCTACGCGGCGTTCCGGCGCCGGCGCTCCCTGTTGCTGTTGAACCTGCAGCACCAGGTCCGGTTCGACGAGCTGCCGTGGGTGGAGGCGATCCGTCCGTACCGCAAGAACGAGCTCGGTGCGCGAGTGCTGGCGCGCCAGACGCTCGAACAGGTCTCGACGTTGGCGATCGCCTCCTTCCCCCAGACGCTGATGCCCAACACGCTCATCCAGGAGTTGTCCGCGCTCGCGAAGGGTGCGGACCTGCGGCTTCCGCTGGTGGAGGAGATCGCCGCCGACATCTTCATGGGCACGTTCTCGATGAAGTACCTCGACGCGGCGCGAGCGGCGGCGCGGCTGCTCGAGGGCACGCTCTACGCCCGGTACTACGATGTCCCCACGAAGTACCTCCTCACCCTGGACGATCGCGAGATGCGGTGGGGCAAGGACACCTCGCCGGGCTTCGCGGAGCTGTGCACCGAGCGCGCGGGGGCGAAGCGGGGGCGCGGGTCGGTCGCCCGCAACGGCACCATCCTCGAGCAGGCGCAGATCCTCACCACGCACAACCTCGCGGTCCTGTTCGAGGAGTTGAAGCTCGCGGAGACGCTGCGTCCGGCCCTGCCGCACCTCGTGGAACGGAGCTTCCTCTGGCTGGTCCGGCAGCAGACGATGAAGATCGACCACTGGAAGGCGCAGCTCCAGATGGTGAAGAACACGGCCTACGCCTGGCGGCAGATGTTGTTCTTCCTCTCGTTCGTGGACCCGCTGGCGCGGCGGGAGTTCCTCGACCTGGCACGTGAGCACGTCGAGGAGCAGGGCGAGGCCTTCAGTCGCCGCTTCGAGCCGGTGCTGGCCGGGCTCGAGTGGGTGTCCGCTGGCAACGCGTTCGACGCGAGCGGCCGGGGAGGCCCGAAGGGAATCGCCCGCCGGTTCCTGGGCTGGTCCGACGGCAGGCACTGGCTCTTCGAGGGGTGACGTTGAAGAATGCCCCCTGATGGCTACGTACAACATCTCCCTGGCGGATCTGCGTCAGGACATCGCGGGGCTCATCCCGGCCGGGCTCGTGCTGAGCTGGAACGGGCAGGAGAAGACCTCCGCCCGGCATGAGCAGCTGCTG
CP043495.1_gap128	4533558	4536595	3037	ACGGCGGGTAGCACGCCATTAGACGAGGGGATGGAAGCGGGTACTTCGGGGGGGACGAAAGTGAGTACCCGGAGCGCCCCACAGGGTGCAATGCGGGGCGCAGGTCGGTAGGCTGGTGAGGTAGCGGACGCACGAGTGGCGAAACTGGCAGACGCAGCGGACTTAAAATCTTCAAGAGTCCCAGGGGTTTAGCGGCTTCCCTCTGAGAAGGCCCCCGCAAGAGTCCACCAGAGTCCAGGTGAGTCCACCTGAAGTGGGTACCAAGTGGGTACTGGCGCCCGACGGGCAGGCCGCCCGCCTATGGAGCGCACCCGCGCGAAGCCGTGCGTCAGCACCCCGCACTCCAGGCACTTGGCGAAGTCCCGCTCCACGTACCGGGGCAGGCTCAGTGGCGGCTTGAGCCCCAAACACTACGTGGCCTGAGGGGGCTGTCGCCCCCTGTGTCAGGGTAGTTGACGCCTGGAGTCACCTCCAGGAAAACTACTTTCAAAGACACGTCGGGGAGAGCAGCCATGGGGTACACGGAGGCGTTCAAGGAGCAGATGGTGAAGCGGATGCTGGGGCCGCCAGCGGTGAGCGCCTCGGCCTTGTCCAAGCAGGTGGACGTGCCGCAGCCGACGCTCTCGCAGTGGCTGAGAGCAGCGCTCGAGCGCACGGCCACGCCGCCGATGGCTGAGGAGAAGAGGCCAGAAGCAGCCGCGGCGCCCAAGCGGTGGACGGCGGAGGAGAAGCTGCGCGTGCTGGCAGCGGCCCATGGCCTGGAGGGCGGACAGCTCGGGGCCTTGCTACGCCGGGAGGGGCTGCATGAGGAGCAGCTGACGCAGTGGCGTCAGTCCGCCATGGGTGCACTGGCGCCCGAGAGCTCCGCCAGGCCTTCGGGTGCCCAGCGGCGCAAGGTGGCCGAAGTGCAGAAGCGGGTGAAGGAGCTGGAGCGGGAATTGAGGCGCAAGGACAAGGCGCTGGCCGAGACGGCGGCGCTGCTGGTGCTGGAAAAAAACTCCAGGCTCTGGGCTGGGACGACAGACACAGTGCAGAGGACGAAGAGTTCTCCGAGCCGAACGAGAGTTGACGCTGTCGCTGGTGGATGAAGCCCAGCAGGCGGGCGTGGGGCTTGAGGCCGCGTGCGCACGGCTGGGCGTCAGCCCACGCACCGTCCAGCGTTGGCGCAAGCCCCAGACGGCGCAAGACAGGCGCTGCGGCCCGCGTACTCAACCGGCCAACCGCCTCTCCCAGGCCGAGCGCCAGCGCGTGCTCCAGGTGGCCAACAGCCAGCAGTACCGCGACTTGTCGCCCAAGCAGATTGTGCCGCGCCTGGCCGACGAGGGGCAGTACGTGGCCAGTGAGTCCACCTTCTACCGCGTGCTGCGCGAGCATGAGCAGTTGCAGCACCGCGGCAAGGCTCGTCCGGCGGTGAAGCGGCCACGTCCCGAGCACGTGGCATCCGCACCCAACCAGGTGTGGAGCTGGGATATTACGTACCTCAAGGGGCCGGTGCGCGGGGCCTTCCTCTACTTGTACCTGGTGGTGGATGTGTTCAGCCGGCGTGTCATGGGCTGGCAGGTGCATGAGGAAGAGTCCACCGAGAAGGCCGCCGCCCTCATCCGCGGCTGCTGGCAAGAAGCCGGACGTCCCCAGGGCCTCACCCTGCACTCGGACAACGGCGGGCCCATGAAGGGCGCCACCCTGTTGGCCACTCTTCAGGGGCTGGGTATTGCTCCCTCCTTCAGCAGGCCTCGCGTCTCCGACGACAACCCCTTCTCCGAGGCCCTCTTCCGTACCCTCAAGTACCGCCCTTCCTTCCCCGACAAGCCTTTCTCTTCCCTCGAGGAGGCTCGTACCTGGGTGGCCTCCTTCGTCGGCTGGTACAACTCCCAGCACCGCCACAGCACCATCCGCTTCGTCACTCCCGACGACAGACATTCCGGCCGCGAGGCTCAGCTGCTGGCTCAACGCGGCCAGGTGTACCAGCGCGCTCGCCACCGTCACCCAGAGCGCTGGCGTGGCAACACCCGCGACTGGACTCCGGCCGGTCCCGTCCGCCTCAACCCCTCCCCGCACCCCACCCCTGCACTGCCTTCTCTTCAGCTCACTGCTTGAGACAGCTTCTCGCGACAACTCCGTTGACACTCACCGGTCGCGCCAGCCCGGCGGGTTTGATTCCGGATCCTCGTCGGTCTTGCGTGATGGGGAGCGCAGCCCACCCTGACGAGGGCACGAGTGGAGCGCGGTAGCAGGCGAACGGGCGTGTTCCACGCGCGGTGCGTTCACCCCAGCTTCTTATTCTCCCAGGCGACCCACTGGTGTCCTTGACGTTATTCCGAGCAGGTATACTCCGCACGCGAGGAGCTTCGGATGCGTACCGACAGGGAGCGAGCAACAAGGGCCATCGTCATCTCGGACCTTCATCTCGGCGGCTCTCCGCCCTACATGATGTCACGCCCCGAACGGCTCGCCGCGTTCCTTGATGGCCTGCCCGCCTCGCTCTGCGGCGACGAGATGCTCGAGTTGGTGATCGCTGGCGACTTTATCGATTTCCTTGCCATCCCGGAGCAGGCCAGCTGGACACCCGACCCACGCGCGGCACGAGACAAGCTCGTGCGTATGATGACGGGCAGCTCCCCCTTCGCCCCCGTCTTCACCGCGCTCGCCCGCTTCGTCGACGCAGGACATCGCATCACCGTCCTCGTCGGGAACCATGATGTCGAACTGGCGCTACCTCCCGTCCAGGACGAGCTCCTGAGCCGGCTTGGTGCCTCGCGGCATCAAGTCCTGTTCGTCGATGATGGCCGCGCCCACCGCATCGGCCGTGCGCTCATCGAGCACGGTAACCGGTACGACGGGGCCAACGTGAACGATTGGACCGGCCTGCGCGCCATCGTCTCGGCTCTCTCGCGCTACGAAGAACCTCCCGTCGCGCTGGAGGTCTCCGCGGGGAGCCTCATCGTCGAGAAGGTCATCAACGTCCTCAAGCCCCGGTACCCCTTCATCGACCTTCTCCAGCCCCAGGGCGAGCTGATCGCTCTGCTCCTCGTGGCCT
CP043495.1_gap129	4550078	4550759	681	GACGGCCTTGCCGGAGATCGATGTGCTGCTGGTTCCCGTCGCACACCAGCATCGGTGGAGCGAGGCACGGCAGGGCTTGCTGAAGACAGGCTTGCTGGGCGGGAACAAGCAGCGGCTTCGCGCCCTGGACGATGCCATCTGGACGCTCAAGGACGAGGCGCGGGACGCGGACGCCCTCGAAGCGCTGCGGCGGGCCCGCTCGGTGAGCGCCACGGACTTGAAGCTCGTACACGAGGCGGTGGAGCAGGCGGCACGAGCAATCAGCTCCGCGCACGCGGTGGCGCGCGGTTGGGTGGCACAGACTCCGGGAGAGGCCGGCCCACTCGACGTTCTCCGGCGGGCGGCCAAGAGGATTGTCGCCGCGGGAGTCGCGGTGCGCGACGCAGGCGGAGGTCGACATGGCTGAGGACGTGCTGGGTCAGCTGGAGGAACTCCAGCGGTGGATGGACGATGGCTCTCTGGTAGGGGCGGCCACACGTCGACGGCTCGGTGAAGAGCTGGATGCGGTGGCCCGGGCTCTCCAGAACGGGGAGCCCGCCCTCGCCCGGCTGGATCAGCTCGCGGCGGTCGCGGAGCTGGTGGTGCAGGGAGACCGGAATGTCGCCACCCGCGAGGCCAAGCGGCTCGTCACCATCGGACAGGCGCTGGAGAAAGCCGACGCTCCGGCCTCGCTCAAGGCCT
CP043495.1_gap130	4630019	4634569	4550	TTGGAAGATGCCGAGTGTCGGCGTTCTCCCAGCCCCTAGCGCGGTGCTTCAGACCTTCAAACGGGCATTGGAGCGGCGGTATCCGGAGACGGAACTCCGGGTTCAACGTCGCTCCATTCGGCTCCAGATGTGGCACCTGAATGTGGACGTGGTCCCTGCGGTCAGCGCGGACGGAAGAGGCAGCGAGCGGCTCCTCATCCCGGACGCGGAAAATGATGGGTGGATCCGCTCCGCGCCTAAAATACACGGTGCACTGGCGACGGAGATCAACCAGAGGCAGGGAGATTTATTCAAGCCGTTGGTGAAGCTGCTCAAGACCTGGAATCTAGGCGCGCCCGAGGAACTGCGCTTCAAGTCGTTCTGTGTCGAGACTATTGCTGCGAGGCTGTTCGCTTCAGCCAGGCTACGCTCTCTTCAGACCGGCCTCGTTCAGTTCTTCGATTTCGTTTGCTACATCGGCGGTGGCCCGTGTGAATACCCCTGGGGAGGTGATCGTGGCATGTCACTCCGCCTCGGGGATTGCGTGGTGCCGGATATGGCCGAGGGCATGAACGTGGCGGCCAGTGTCACGAGGCAAGGTCGCGAGTGTTTCCTCCGCCGGGCCGCGGCCAGCCGGGAACGGATCCTCCAAGCGGAGCAAGCCAGGACATGGAATGAAGCGGAGCGCAAGATCGAGCAGGCGTTTGGAAGCCACCTGCGAGAGCTGGGTTGGTGACCCACGGGCGTTCCCGTGCGCGCGATCTTCACGTCAACGGCATCTACTCTCTCAGGAGGACACCATGCAGGTTCGACAAGCAGTTCATGACTTCATTTCCGCACTTGAACTCACCACCGCCGAGAGGACGGCCGCCAGCGACCAGCACAAGTTCCTGCGCGATGGACTCGCCAGCCGGCTGGAGATCGAGCCCGACCATTACCCATTCCTCACCGGTTCCTACGCGCGGAGCACGGCCATCCGTCCGCTCAAGGACATCGACCTGTTCTGCGTGTTGAAGCGCACGCCCTCGCTCGACCCGGACATCAGCAGCCCGATGGACGCACTGAAGACGGTACGACGCGCGCTCGAGGATCAGTATCCGGGCAAGACCGCCGATCCCCAGAACCGCTCGGTGAACATCTCATTCTCCACCACGGGGATCGCCTACGATGTCGTCCCCGCGTTCCTTGACGAGGGCGACAGCGAAATCTTCTGGATCCCGGACCTCCAAGCGAAGACCTGGATCCGTTCCAACCCACGTATCCACGAACGCATGTCAGTGGAAGCGAACGAGGCCGCGGGCAAGGAACTCAAGCCCCTCACCAAGGCGGTGAAGCACTGGAACCGGCGACAGATGGACGGGAAGCGACTGAGGTCGTTCCACATCGAGGTGATGATCTGGGACGTGCTCGTGGCGAAGCCGGAGAACCGGCTCGATGGCCTCATCCAGATCTTCGAGGGTCTGGCTTCTCGCGTGCACCTCGACACGCTGGATCCGGCGGCGCTGGGGCCACCCATCAACCAGGGCATGACCGACGCGGAGAAAACCGCCGCGAAGACACAGTTGCAACAAGCGGCCGCGACGCTGAAGGAGGCGAGGGAACTCGCGCAGACTGGCTATACGGAGCGGGCCCACTACCTCCTGTACGGGATTTTTGGGGATCCCTACCCCGAGAAGGGAAAGGAGGGGCGTGCGGTCGTCACCGGCGTTTCGGCATCCCTACCGTCCGCTCCGGATGCTCACGGCTCCAGGTTCGGGTAGACATCCGTGCCATTCCCTGACAGTGACCGACGGCGGTGGTTGGAGGAACTACGTGTCCTCCACCAACGACACCCCAACATCCTGCGAATTGAGGAGCGTCCGGTAACCTTCGCCGAAGGCACGGTCGATACCGCGGTTGGACCCCGGCGATACCGGCTGGTATGGCCGCCGGAGTTCCCCTTGCGCCCGCCCGTTACCTGGGAGTTGTCGGCCGATGGCGCAGACGTCATAGACCATCGCGCCCATGGGTACACGTTCCGGGATCTGAGTCTGTGCTTGTTTGCGCATGACCCTCGACAGGGATGGCGACCAGAGTACACGGCGGGAGAGGCTCTCGATCGGCTCGTGGCATACCTGGAGCAGGAGGCTCGCGGCGAGTTCCCTCGAATCGAGGACATCCCCCTGACGACGGACTTCATCAGGGTCTCCGTGCCGCTGAGCATCGCGGCGGCGCTGCATCAGGGGGGCGGATGGGGAATGTTGACGGTGCGTGGTCGGAAGGACGGGAGACTCCTACGCGTGATGAGCGTGGATGGAACCTCGCCCTCGCCGATCATCACCAAGCCTCTTGAGGCCGAACTGGGAGCGCCGTGGGTCGCCGCACTGGGGTTGGACCATCCGCGACAGGGCTTGTGGTGCAGGATCAACAAGGCTGTGGAGCAGGTCCCATCGTCGCGGCACAGGCTCGAAGGGTGGATTCGACAGCAACTCCCGAACGAACATGCACGGCAGTTGTTCATGGAGCAGGCGTTGATCCTGCTGGTGTTGAACGACGGGTTGAGATTCGTCCTCATGAGGGCCGGAACCTCTCCGGACACGAATCCTGAAGAGAGGTTGATCTACGTAGAACCCTTTGAAGAAAACCTCGAGGAGCGCATGTTCCGGCGCGTTGACGATCGACTCGGGGGCGTCGGGGGACTCCAGCGCGCGCAGGTCGCGATCGTCGGGGTAGGCAGCCTTGGCAGCAGTGTCGCGGTCGCGCTTGCGAAGGCCGGCGTGGGGAGGTTCGTGCTCCTCGATCCGGAGTTCCTCGACCCGGAAAACGTGGCGCGGCACGTGGGCGGCGTGGACGAGATCTGTTTGCCCAAGGTGGAGGTTGTGAGCAGAGCGATCCGTCGGATCAACCCCGCCGCAGAAGTGGTCCAGGTTCAAGCCGCGCTCTCGTTGGATCCGGTCGGCTGGGGGATGGATCCGACACAGCACCTCATTGAGGTGACACATAACCCGTTGGGCATCGTCGTCTGCGCCACCGCCACGACCGAAGCGGAGAGCGTGGTCAACCATCTGTGTGTGACCGGCGCATGCCCCGGGATCTTCGCCGCCGTATTGGGACGCGCGGAGCACGGTCGGGTATTCAGGGTCCTGCCGGGGGTAACACCCTGCTATCAGTGTGTGCTGACCGCTCAACACGCGGAGCCTGGTCGATTTCCGCGCTTCGACCGCGTTGACATGGGCGTCCCTGCCTATCAGCAACCAGGACTCCCCGGACTCGGGATGGACGTTGAGCAAGTCGCGCTGATCACCGCGCGGATGACGTTGCAGGCTCTCGGAGCGCGGATCGAGGGTGGGTTCGATTACCCGAAGGCTCACGGGGATCACCTGATCTGGTCCAATCACGGAGGATGGGCAGTCGATGGTCCGCTTCAGGCGAGAGTGGAACTCATCCCACGAGATCGCGCATGCCCCGTATGTGGGATTGGGGATGAAGTCCCCCTGGCCTCGGAGGAGGAGAAAGAGTTGGCTGCCCTGCAAGTGGACCGTTTGAAGAGGTCTTGATCAGTCAAGAATGGACGGGCGAGTGCGGATCATTTTCTTTGGCCGGCGCATAGATAGATTGCGCTTCACCCCTCGAATCCCCCAAGGGGCCGACGGTACAGGCCGCCATCTATGAGCGCGAACAGAAGGCCGAAGGACCCTCGAGGAGTTCGCATTAGTAGAGGCCTCTCGATGCAGTCGAAGTCGCAGGGGCGCAGGTGCTTGATCCGGAGTGCCGCTTCACAGAAAGGCGAATAAGGGGTCTGTTGAGGGGGGGCCTGGTGCACAGGGGCCGAGGAGGGCTGCGGCTAGGTGACACACGCGGGCTGGGCGCCAAGCCGGTGGTGAGGCCGTGCAGCCGCTTCAAAAGAAGCACTGGCTCGCGATGGCTTTCACACGCTTGGGGTGTCTTCCCTGTTGAGCGCGAAAGGCTGATGAGGCGGAGGTGCTGATGAGGAGCGCGGAGTACTTGGAAGAACTGTTTCTGGACCTGATTCAGGATGTCGAACCCACCCCCAGCCAGAAAGAGGATGCCCAGAGGACACACCACACCCTGCGGTACCGGTTGGACTCTGGGAACATCGGGCTTCGCATCATTGACTCGTATCTGAGCGGCAGCTACGTGCGGCATACAGCGATTGCTCCGCTCGATGACGTCGACATCATCTTCCTCATCGATCCATCCAAGTGGCCGCGCGGCTTTCTTGCGGATAAGCCCTCCCCCAGCGTGGTCCTCACCACGTTCGAGCGCGCCATTCGCTACCGGTATTCCGACAGCGTAGTCCAGAGGCAGCGCCGCTCGGTGGGGCTGGCGCTCCACAAGATGCATATCGACGCGGTGCCCGCCATTCTCGAGTCCTCCGAGAGCGGCCGAATCTATGTCTTGGACTCAGAGACGGAAGAGTGGATTCTTTCCGCTCCCAGGGTTCATGCTGAGCACACGACACACGTCAATAAACAGCGGGAAGGCCGCTTTGTCCCCCTGGTCAAGGTGCTGAAGTTCTGGAACAAGCGCCTCCCCTCCACCGCGTGTTTGAAGTCCTTCACCGTTGAGAC
CP043495.1_gap131	4638522	4639816	1294	TCTACCGTCCTTGATCGGATTCCCTTCTCTTCCTGGATGTGGAAAAGTGCAGCCCCTTTACTCTCGCAGTGCGGTTGCGTCGAGGGGTTGGCCCGTGTCTCGGCGGCCTCGAGGAAGAGAGCTGAACTTGAACTTCACTGGGGTCGATCATCTCGAGCTGTACGTGGGCAAGCTGGAGGAGGAGGCGGAGGTGTACTGCGCCGGCTTCGGTTTCCGGGTGACGGGAAGGGCCGGGCCCGAGACGGGGCAGCAGGGCCGCGTCAGCCTCCTGCTCAAGCTGGGCCGCATCCGGCTGATTCTCACCCAGCCCCTGGTGGCCACGGATGAGGCCGCTGACTACGTCGCGGTCCACGGGGACGGAGTCAAGGACGTGGCGTTCCGCACGGAGGATGCGGCAGCGGCCTTCCACGAGGCGGTGCGGCGGGGCGCGACACCGGTGCACGAGCCGCGGGTGTACGAGGGTCCTCACGGACGTCTGGTGCGGGCGACGGTGGCCTCTCCGGTGGGTGACCTGGTGCACTCCTTCATCGAGCGCGCGTCGCCCGAGGGGGATTTCTGGCCGGGCCGTTTCCAGCCGGTGGTGGCTCCCGCCTCGGAGCGCGATCTCCTGGCCGCGCTGGACCATCTGGCCCTGTGTCTGATCCCGGGCACGCTCCAGGAAACGGTGGACGCCTACGGGCGGCTGTTCGGCCTGCAGCAGAGCCACGAGGAGAACGTGGCGACGCAGTACGGGGGCATGAACTCCAAGGTGGTGCAGGATGCCTCCGGCGGCGGGGTGTGCTTCGCGCTGATGGAGCCGATGCTCGGCAAGCGCCCGGGGCAGATCGACCACTTCCTGAGCAGCCACCGCGGGGCGGGTGTGCAGCACATGGCCTTCCTCACGGAGGACATCCTCGAAGCCGTCCGCGTGCTGCGCGAGCGCCAGATGCCCCTGCTGGACAGCCCCTCCGGCTACTACGAGGCGCTCCCGGCGCGGGTCGGCACGCTGGCCGAGGATCTGGAGCAGCTGCGCGAGAACCATGTGTTGGTGGATCGCGAGGGCAACGCGGGGTACCTGCTGCAGGTCTTCACCCGCTCGGTCCACCCCCGGCGCACGCTCTTCTTCGAGGTCATCCAGCGCAAGTCGGCGCGGGGGTTCGGCACGGCCAACATCCGTGCGCTCTACCAGTCCGTGGAGCAGGAGATGATGCGCAAGGAGCGGAAGGCGAACGTCGGGTAGCTCGCGCCGCCCGACGGTTCCGGTCATCCCGCCTGGAGCGCTCGCGCGCCGCGCTGCTCCAGCGTCGTCTTGATC
CP043495.1_gap132	4646713	4648563	1850	AGCTCGCCATGCAGCCGTTCATGCAGGTTGTGGAGGGTGGAATCCTCCTCCTCCCAGCGGTCTCCCAGGAGCAGCGTGAAGGGCCGCGTCAGGAGCTGCTCCAGGGCTGGAGGTGGGGGCGTGGTCCCCGGATGGGGGGCCGCGGGCGCCGGAGGGAGGAGCCTGCGCGTCTTGAAGTCGAACAGGACGGGGTCCCGGCCGCGCAGGTACAGCACGGGCGAGAAGGCCTCGGCACTGCCCTCCAGCTCCGCCAGCACGCTGCGCCGGGCCTCGTTGAGGCTGAGCGCCACGTCTCCCTCCTGCTGGGCCGCCCGGGTGAGCGCGCGGTAGAAAGCCCGAGAGCACCGCATGGTTACGTCCGTCCTCACCGGCCAGAGGTAGGCGACGACGGCGTCCGCCGCGGTGCGCGTCAGCAACTCCGCCGCGCTCGCCAGGGGGCCCGGGTTCGCCCCCTCACAGGCCTCGAGGACGATGAGACGCAGCGGTCCCTTGCCCCAGGCCCGGTGGAGCTGCTGCGCCAGCAACTCCACCGGGAGCCAGCTCTCCTCGTCCTCCTCGTCCTCCAGCCGGAGGACGGGCCACCCCTCGTGCAGGCCCGCATGGCTGATGATGTGGATGATGTGGGGCTCGGGCTGGCGCCGCAGGCGCTCGAAGAGGGGGGCCTTCCGGGTCAGGGGTCCGGTGAGGGGCTCGAGCCACTCGATCTCGCCCGAGGCGAGGCTCTCGTGGAGCGTCCCCTGCAACCGCGAGAGGGCCTGTGGGTGCTGCGGAGCGATGGCGAGGAGCTTCACCGCGCCCGACACCTCACGCGGTTGCCAGGGCTCGGGCGAGCGCACGCCGCGCACCGGCAGGAGGCTCGCCGAGTTCCCGAGGAACTCGAAGTCCTTTCCGGGCTCGCAGAGGGCCTCCCAGGGGAAGCCCTGGAGGTCCGTTTCCTGGAGCATGAGCCGGAGCAGGACGGGCCCTCCGCTGGCCTCGCGCAGGCGCGCGAGCACTCCCTGGATGTCTCCCTGGAAGAGGGCCCGGTGGAGCGCCTGGACCTGTCGTGCCAGCTGGGCATCGAGTCGCTTGCCTCTCGCCGCCGCCGCCTTCACACGCCCGGCGAGGGAATGCAGCGCCTCCGCCGTGAGATCGGGCCCGAGCGGGTACAGGCCGGGCTGCTCCTGGCGGCTGCCCAGGGCCCGGGCCCTCAGCTCAGCGCCATTCCGCTCGACGTCTATCTCCAGCCAGCTCCCAGCAGAAATGGTCTCCCCCTTGGAGGACTTCCTGTGGGACAACACCCGGGCGCTCCTGTCGCATGGCGCCCGGATGGCTCCTCGAACGGTGTCTGGGGCTTCGCCCGAGGACTCGCCTGGGGTGGCTCACGCCGCTGGGGGTGGCAGGTGGATGCGCACCGTGCGTACCCGGCGGGGGCTCGAGTCCAGCACCTCCAGCACCGTGCCGTCCTCCAGCGTCAGCTTCGTCCCCGGCTCGGGGATGGTTCCGGCCTCGGCCGAGCACAGGCCTCCCACCGTGGACCAGCCCTGGCCCTCTTCCAGCTCGAGCCCGAGGGCCCGGTTGACGTCCCGGATGGCCGCCGTGCCCTGCACCACCACCGTGGTGGGGCTCTCGCGCTTGATGAGCTCCTCGGGCTTCTCGGACTCGCTGGCGATCTCTCCCACCAGCTCCTCGACCATGTCCTCCACCGTCGCCAGTCCCGCCACGCCTCCGCGCTCGTCCACCACGATGGCCAGCTGCATCCGCCGCTGTTGCAGCTCCTTCAGCGCGTCGATGGCCCGCATCGACTCGAAGGCGAACCAGGCCGGCCTCATCACGTCCTCGAGCACGATGAGCGGGCCCTCCCAGGCGAT
CP043495.1_gap133	4786627	4791030	4403	TTCTGGAGTGGCCCCGCGGAGAACGTGGCGTTGCTGGCGTTGGCGCAGCGCGAAGCGGGGCACGAGGTCACGGTGGCGGTGGATCGCCGGCGGACGGAGGTGACCTCGGAGGAGCCAGGAGCGCCAAGGTTCGAGGCCTTGGGTCTGCTGGACGAGGGAGGGCTGGAGCTCTCGGTGAAGTCGCCGCCGTGGAATGTATGGGGAGACACGAGGCGGCTGAGGCGGATGCGTGTGGACGTGGTGCACGCGCACTTCACGCACGATCACCTGGTGGCGCGTTGGGGAAGGCCGGGGGGCGCGGTGTTGATCCGCTCGGTGCATGCGCCGAGATCGCTGCGGGCCTCGCTGCCGGCGGCGGACGCGTACACGGTGCCCTCGTCATCGCTCATCACGAAGCTGGTGGGGAGGAGGGTGAGGGTGCTGCCGCCGCTGGTGGATCCACTGTTCCGTCCCGCGGAGGACCGGGAGGAACTCCGGAGGGAGCTGGGACTGAAGGGGGAGCCGCTGGTGGGAATGGTGTCGACGTTCCAGGCCTCGAGGAGACATGAGCTGGCGGTGGAGGCCTTCGCGAGGTTGCGCGAGAAGAAGGCGGGAGCGCGGCTGGTGTTGGTGGGGGATGGAGGGTTGGTGGAGCCGGTGCGCGAGCAGGTGCGGAGGCTGGGGTTGGAGGAGGGGGTGACGTTCGCGGGGTACCAGAAGGGCGAGGCGTTCGTGCGCTGGCTGAGGGCGCTGGACGAGGTCTGGGTGTTGGGGTTGGGGAACGACTGGAGCGCGAGGGCGGCGGCGCAGGCGAGGGCGTGTGGAGTCCGGGTGGTGGCGGTGGACGAGGGGAACCTGCCGTCGCTGGCGGACGTGCTGGTGGAGGAGTTGACGCCGGAAGCGGTGGTGGCGGCGTCGGAGTCGGGTGCGAGGGCGCTGGTGGAGCACCCGAGCAACGTGAGCATCGCCGCGGACGTGCTGGCGCTCTACGAGCAGGCGAGGGCGGAGCGGTGAGCGAGGGCCCCTCGGGACAGCGGGCGCCGACGGCCATCGAGCGGGTCTTCTACCCGGAGAAGCCGGAGCCGTGGAGCCGGAGGGCGGCGTTGGCACCGCTGGAGGTGCTGGCGTGGGGCTACGGAGCGGGGGTGAGGCTGAGGGGAGCGCTCTATGACGCGGGGGTGCTGCGAGGCGAGCGGGTGGAGGGGCTGCGGGTGGTCTCGGTGGGCAACCTGAACGTGGGAGGGACGGGGAAGACGCCGGCGGTGCTGTACCTGGCGGAGTTGTTGGTGCGGGAGGGGAGGAGGGTGGGCATCCTGACGCGAGGGTATGGGCGGAGCTCGAAGGAGCCGTTGAGCTTCACGGGAGCGGGGCCGTTGCCCTCGGTGGAGGAGGCGGGGGACGAGCCGTTGTTGCTGGCGCGCCGGTGTCCGGAGGCGAGGGTGCTGGTGGGGGCGGATCGGCGGACGCTGGCGCGCCGGGCGAGGGACGAGTTCGGGCTGGAGGTGGTGCTGCTCGACGACGGCTTCCAGCACCGGAAGCTGGCGAGGGACGAGGACGTGGTGGTGGTGGACGAAGCGGTGGGTTTCGGCAATGGCCGGATGTTGCCGCGAGGTCCCTTGCGCGAGCCGCTCACGGGACTGCGTCGGGCGACGCTCTTCTGGGTGCGAGCCGCGGCGGTGCCCGGGCCGGAGCTACCCCCTCTATTGGCGCCATGCGTGAGGACGCGTTACCGGCCCACGGCCTGGGTGGATCCAGCGGGAGGGCTCCAGCCGGTGGAGGCGCTGTCGGGACAGCCGGTGTTGGCACTGGCGGGACTTGCCCGTCCGGGGGGCTTCCTGAGGACGCTGGGGGAGTTGGGGGCGGACGTTCGGGGCACGGCCTTCTTTCCGGACCACCATCGCTTCAGCGAGCGGGAGCTCCACGAGGTGAGCAGCCGGGCAGCGGGCCTGGGCGCGCGAGTGGTGACGACGGAGAAGGACCGGGTGCGGCTGCCTGGAGACTTCGAGACGTGGACGGTGAGGCTCGGGGTGGAGGTGCTCGAGGGCGAGTCGAACCTCCGGCGGGCGCTCGGGCTCGGGTAGGAAAAGGTCGGCTTGTGGAAGGGAAGTTGCTGTGGGACAACGCGCCGCCATGGCTGCCGTGTTGCCCGCCCGAGTGACTGCTTCCCCCTTGGCCCAGTATGCGTTGGCCTTCGCGCGCCGGAGGGTGGTGTTGGTGGGGGACCTGGTCGCGGACCACTACATCTACGGCCAGACGGACCGGGTGAGCCGGGAGGCGCCGGTGCTGATCGTGCGCCACGAATCCTCGGAGGTGAAGCTGGGAGGTGGGGCGAACGTGGCGGCGAACGTGCGTTCGCTGTCGGGTCGGGTGACGGCGGTGGGGCTGTTGGGCGCGGACGAGATGGGGAAGGCACTGCGGAAGCTGTTCTCCGAAGCGGGGATCGAGCTGAGCGCGGTGAGTGCGAAGGGCGTGGAGACGGAGACGAAGACGCGCATCCTGGCGGGAGGGGTGAACACGACGCGGCAGCAGATGTTGAGGCTGGATCGAGGGCAGCGGGGACCGTTGCCGCCGAAGCTGAGACGCGCGTTGGTGAAGAGGGTGGAGGAGGCGGCGAAGGACGCGGACGCGGTGGTGGTGTCGGACTATGGAGCGGGGGTGGTGGGGGAGGAGATGAGGGAGGCGTTGCGGAGGCTGGCGGCGGAAGGGCTGCCGGTGTGCGTGGACAGCCGCTACAGCCTGTCGGCGTTCACGGGGGTGACGGTGTGCAAGCCCAACGAGCCGGAGCTGCACACGCTGGTGGGGCGGCCGTTGAGGACGGAGGCGGAGCTGCTGGAGGCGGGGCACGAGGTGGTGAAGCGGCTGAAGTGCCAGGCGCTATTGGTGACGAGGGGACGGCACGGGATGGCGCTCTTCGATGCGAAGGGCGGGCTGGACGTGATTCCGGTGCATGGGGCGAAGGAGGCGGTGGACGTAACGGGAGCGGGGGACACGGTGATCGCGGCCCTTTCGCTCGGGCTGGCGGCGGGAGGGAGCTTCGGGGACGCGGCGAGACTGGCGAACGTGGCGGGAGCGTTGGCGGTGCAGAAGCCGGGGACGGCGACGGTGGCGCGGGACGAGCTGTTGGGCGAGCTGAGGAGTGCGCGGTGAGGACGTTGGACAAGGTGCAGCGGTTGGCGGAGGTGGTGGAGCAGCGTGAGCGCTGGAGGGCGGAGGGGAAGACGGTGGCGTTGGCCAACGGGTGTTCGATCTGATCCACGTCGGGCACGTGCGCTATCTGGAGGGGCGAAGGAGTTGGCGGACTGCCTGGTGGTGGCGGTGAACTCGGACGCCTCGACGAGGGCGTACAAGGGGCCGGGCCGGCCGCACATTCCCGAGGGGGAGAGGGCGGAGATGGTGGCGGCGCTGGCGTGTACGGATCGGGTGATGGTGTTCGACGAGCCGAACGTGAGGAACATCATCCGGGCGTTGAAGCCGGACGTGCACGTGAAGGGGACGGACTACACGCCGGACACGATTCCCGAGGGTGACGAGGTGAGGGCCTACGGAGGACGGGTGGCGGTGGCTGGGGATCCGAAGAATCACAGCACGACGGAACTCGCGCAGCGGCTGCAGGCGGAGCGAGGGACGAAGTAGGGGAGGGGAGGAATGAATCTCCCGGACTGGCTGCTCGCGACACTGGCGTGCCCGCGCTGCAAGGGCCCGCTCGATCCCATTCCAGCACCAACCCCCCCTCTCCCCCCGGGAGAGGGTCGGGGTGAGGGTATCCGTCCCCCGGGTTCCCCTCCCGAGAGCACCACTCCGGCCGAGCTGTGCTGCGCCGCCTGTGCCCGCGCGTACCCCATCCGTGACGGAGTTCCGGTGCTACTCCCCGAGGAATCTCGCCCACTGAGCTCAGGAAGCTGAGGTCCGTACCGGGACCCCTGAGGCGAAGGCGCTCACCTCTTCGAAGACACGAGCGGGCAGATCTCCCCCGGAGTCGACGACGGGGGTGAGGTCGACCATGCGATGCGGAGGGAGAGGATGTCCCCAGCGGGCCATGTCCATGCGGAAGAAGAGTCCGAGGGTGGGGGCTCCGACGGCGACGGACAGGTGCATGGGGCCGGTGTTGTTGCAGACGGTGAGGCCGGCGGAGCGCATGAGGGCCGCGAGCTCGTCGATGTTGGTAGGAGGGGCGAGCTGTGAGCCTGGGGCGGAGGCGACGACGGAGCGGGCGAGTTCCTCCTCACCGGGGCCCCAGGTGACGATGGGCGTACGCCCGGAGGCGATCAAGGCCCGGGCCGCGGCGGCGAAGGCCTCGGGAGGAATGCGTCTCCAGCCCAGCCTCCCACCGGGGTTGACCACGGCGCGGGGCGAACTGGAGCCAGCGTCGAGCCATGAGCGGAACGAGTCACTGACCTGGGGAGGCCGGAAGGACATCGCCTCAC
CP043495.1_gap134	4828685	4829916	1231	GAACGTGGCGTTGGCGGGCAGGCTCATGTCGAAGACGCTCAGGTCCGGGAGCGTGGTCTGCGTGCCGCTCGTGAAGATGTACACCGAATAGGAGGACGTATCCGGCGCCGTATCCATCTCTTGGATGTGGAACTGATGGATGCCGCCCGTGAAGGCTGTCCAGGAGAACTCGGTGGCGCGTGTCACCTCCGTCGCGTTGTCCGCCGGCTGGCTCGGACGTGCGGCCTCCTGGAGCACCAGCGCCGCGTTGCTGGTGCCAGCGGTCAATCCTTTTTTGTAGAGCATCGAGCTGGCCGTGTTGAAAGGGTCGGCCGGGTTCTCAAAGGACGCGCTCGCCTGCACCGTGAAGGTGCTTTGGGGAATCTGGGGCACCACGTAATTGAAAGTCCCTCCGAGCTCGGGGGCGTAGAACAAGTCGATACTGGCGTTCGGCTCTGGCACGAGAGTCACGCCGATCGTCGACAGGGCATAGCCGTTCGGAACGGTGACGCTGCCCCCGAGATGGGAGTCGGTCACGCTGTTCATTGTGATGTCTAGCGCGGAGCTCGTGGTGTCATTGCTGAGCGTCACGTTGTCGCGTCGGCCAAAACCCAGATAGCTCGAGGGCGGCGTGAATGGAGCACTGCTCTCCATCTGGATGGCGTAGAGCGTGCCCGTGATGGAGTCGGGACCGTTCCAGTTCACCTCCCCCGAATAGGTGCCATCGGGGTCCGCGAAGGCGGTACCGCTGCTGGCCGCCGAGACGAAATCCACCTTGGGGGAGGAGACATCGTAGGGGGTGCTTCCGCCAGTGACGGTTCCCTCCAGCCTGGCAGTGCGGTAGTCGTCGTCCCGAATCTCCACATTCGTGATGTAGGGCAGCGTGAGATCTCGGCGCGAGAGTCCCTTGTAGACGGTCGCGGTGCGGATCTCGCGTTGGACCACGATGACATCGTAGGGCGCCGTCACTCCTTCGATGCTGAAGGCACCCGTGCTGTCCAGGGCCGCGGCCTGTCTGCCATTGCCCGGGATGAGAATTGATGCGTGCTTGACGGGCCGACCATTCTCATCCAGCACCTTTCCGGTCACGGTGATGGTCGAGCCTCCACCGGGATTGGGATCGGTGTCGGGATCGGGACACGCGGTCAACAGCAATGCGGCACCAAGACTCCACATCCAAGTTGCGTTCTTCACTGGTGGCTTTCTCCCGTTTGGGTCCGGCAAGGATGCTCCTTGCGGCTCATACGAACGG
CP043495.1_gap135	4860006	4861976	1970	GGACAAGGAGCAGTTGGGGCACGTGGGCCTGGTGGAGAGCGCGGCCCTGTGCGCGCTGGGGCTCGGCATGGACTGCGACGACTTCGAGGAGGAGATCGTCCCCGTCTTCGCGGAGGAGGACATCCTGGATGGTGCCTTCCCGGTGAAGAAGGGCCGGGTGGCGGGAATCTTCCAGTCCGCCGTGGGTCTGGAGGAAGGGCAGGAGCGGGTCCGGTTGGAGCTCACCATCGCGGTGGGGGCTGACAATCCAGGGGATCGCATCGAGATTGAGTCGGACCCGAAACTGGTGCTGGAGATTCGTGGAGGGGTGCCCGGTGACCGGGCCACCGCCAACACGCTGGTGAACGCCGCTCCGCGCGTGACGGCCGCCGAGGCCGGTCTCTTGACCGTGCTCGAGCTACCGGCCGGTCGTTGAAGGAAAAAGGGAGAGGGACATGCTGGACAAGAACGCGATCGGCCGGGCCTCCCCGCCGTTCCTGAATGAGGTGGAGAAGGGCGCCATCCGGCGCTTCGCCGAGTCCCTCGGCGATTACAACCCCATCTATTACGACGAGGAGTATGCGCGGGCCTCGGGCTACCCCACGGTAGTGGCCCCGCCCACCTTCCCCGCGTCCTTCAGCTCGGCGGCGGATCTGCGCGAGCTGTTGGGGGTGGGCATCAAGAGCCTGCTGCACGCCGAGCAGTCCTTCGAGTACGAGCGCCCCATCTTCGCCGGTGACCGCATCTTCGTCGCCACCCGGGTGTCGGACGTGCTCGAGCGCACCGGCCCGGCGGGCAAGATGGATGTCGCCGTCATCGAGGACGAGGGCCGGGACGAGGAGGGCAACCTCGTGTTCCGTGCCCGCCGGACGCTCATCGTCCGCGCCGCCAAGGAGAATCCGTAATGCCCGCGCGCAAGCTCTATTTCGAAGGCATCCGCGTCGGCGACGAGCTGCCGGCGCTGGCCAAGGCCCCCATCGACCGCGTGCAGCTCTCGCGCTACGCCGGTGCCTCGGGTGACTTCAACCCCGTCCACGTGGACGAGGTCTACGCCAAGAGCGTGGGCATGCCCTCCGTGTATGCCCCCGGCATGCTCGTCATGGGCATGCTGGGCCAGCTCATCAGCGACTGGGCCCGCGGCGGCCAGCTGCGCCGCTACCACGTGCGCTTCATCAAGATGGTGTGGCCCGGTGACACCGTCGTCTGCAAGGGCCGCGTGAGCGACCGGCACGGCGAGAGCGGCCGCTACTTCGTCGACGTGGAGCTGTGGGCGGAGAACCAGCGCGGTGAGCTGGTGATGAAGGGCAACTCCACCATCCAGCTCTTCTACTCGCTGGAGGACGAGAACCGGCAGCGCGCCGGCCAGTCCCCCATCGTCGTGGAGGTGCCGCGCGAGAGCCTCCTCCAGGCCTCCGCCCAGACTCCGGGTGAAGACGAGGAGGACGACGAGCGCAGGGCCGGCGCCATGTCCGGCAAGAAGACGACGGGCTCCAAGCCGGCCGCCAAGACGGCCACGGCGCCCGCTGTCCCCCAGGCCTCCGCTGCGGCGAAGAAGGCCAAGAAGTAGGACTTCCTCCCTCCATCCCTTCCCCTGCTGGGGCGGCGAGCAACCCTCGCCGCTCCAACGCGAAGCGTCACTTTTGATTGATTCTGGAGTCAATCGGGATTGACTCTCGAATCAACCGACGTAACCTTTGCGTGTCCCAACTGGGGCCGCGGACCGCCGATGTGGCGGCCGTGAGCCCCACCAACGTACGGGAGGGGCTCATGTCCGCCGGCATCAACACCTACAAGACCGACCTTCGGGAAATCTTCTTCACGCTGTTCGAGCAGTTTGGCTTCGGCCAGGTCGCGGGGCAGGCCCCCTTTGATGCCTGGGGTCCGGACGAGGCGCGGGCGGTGCTCCAGGAGACGTACCGCTTCGCCCGGGAGGTCCTCGGGCCCCTCAACTCCTCGGGTGACCGCGAGGGCTGCCGGCTGGAGAACGGCGC
CP043495.1_gap136	4868541	4869626	1085	CCGTGACTGCGACATGGCACAGATCAAGCTCGGTGAACTGCTGATCAAGGCGAACGTGCTCCAGGAGAGCCAGCTCAAGGCGGCGCTCGCGGAGCAGGCGAAGTGGGGCGGCAAGCTGGGAGAAATCCTGGTGCGCATGAACCTCGTGTCCGAGGACATCCTGGTCCGGGCGCTGTCCAAGCAGCTCGCCATCCCCGCGGTGAACCTGGACGCGGTGAAGGAGATCCCCTCGCACGTGCTCAACAAGGTGCCGCTGCAGACAGCGCGGGACTTCGCGGTGCTGCCGCTGCAGTTGCGCGACGACGGCAAGACGCTGGTGGTGGCCATCGCGGACCCGCTCAACGTGAGGCAGCTGGACGAGCTGCGCGCCGTCACCAAGAGCCGCATCGTCCCGAACGTGGCCGGACGCACGGCCATCGCCCGGGCCATGGCGCGCTTCTACGATGACCAGGGCGAGCTGGCCGACGCGGATACCAACTTCAAGGTGGTGGACGCCCAGGGCCGCACGGTCGTCAAGAACATGAACGCGCCCACCGCGCCTCCGCCGGCCGCGGCTCCCGCCGCCAGGACGCCGGCGCCCATGCCCCCCTCCCCCTCGCGCGAGATGCCCTCGGTGCGCGGCGGCAACGGCAGCCCGGTAGAGCTCCTGCGCGGCGTGGAGGAGGTGCAGCGCAAGGAAGTGGCCGCCCTCAAGGCCATGGTGGAGCTGCTCATCGAGAAGGGCGTCTTCACCCGCGACGAGTACCTGGCGAAGGTCAAGCGTTAGCCGTTCCAGCCCCCCGTCCTTCCATGCGCAAGAAGATCGGCGAGCTGCTCATCGAGTCCGGCGCGCTCAATCCGGATCAGGTCCGCAAGGCGCTCGGACAGCAACGGGTCCATGGCCAGGGGCAGCGCCTCGGCTCGGTCATCATCGCCCTGGGCTTCACCGAGCCCTCCGCGGTGGCCCAGGCCCTGGCGCGGCAGTTCGATCTGCCCTTCGTCCAGCTCCCGGAAGAGATTCCCCAGAAGGTGCGCGAGCTCGTCTCGCTCGACTTCCAGGCCGAGCACCGCTTCGTGCTCTTCGGGCTCGAGCGCGAGGCCCGGGG
CP043495.1_gap137	4896486	4898006	1520	TCATCGCAGGTGTGGCCTTCGTCGTCGCCTTCGGTGGTGGCGGAATCCTGTTTCTCGTGCCTGCCATCTCCTTCGCATCGTCCGATGTTGTTTCCGGGCCCCGGGTTCTGGCGGTGACACCATGACGAGTCCACTCATCCTCTCGGATGCACAGCAGGTGATTGGGAGGCGTTGGAGCAAGGGGCAGCCTCCGGAGCAGATGCGGATTCTCAGCCTCACACGAGACGCCTTGGACTTCATCTCCGCCACTGGCCAATGGTACCCCTTCGAAGATTTTCGAGCACACGGCGGGTATCGTGAAGCCCAGACTCTTGGCGAGAATGGCTCCACGGGGCTGCGAGAACTCCTGAGCAAGACAGAGCGCTTCTTCGGGAAGCTTCTCGATGACCCCGAGGCCGCTGGAGAGCAGGTGCCGATCCAGACCATCCTCGACGTGCTTCGCTTCGTCTCTTCAGCCAGGCAGCATGAGGCCTTCAGTGATTTCATCGAGCATGTCGAATCCCATGCTCCGCCATTTGTAGTGGCCTCGTTTGAAACACAGCAGGAGGCGGAAGCATGGCTCAAGACCCATCCGTCTCCGCCCGCTTTCGCTGATATCCTGATCGGCGGCCGGTACCATGATGTGGTTTATGAGCGCGAAACGGACTTTCGCCGTCTGCCATGGAATCGCCATCTCGAGCGCTATCTCGCGTGGCTCAAGCGGGTGGAGCCGCCCGTTGCCACAGCTTCATTCGCTACTCGTGAGGAGGCGGAAGCCTGGCTGACCGGGCAGCCCACGCCAGCCAGGCGCACATGGGTGATGATCGCGCGTGAGTTCTACCTCGCGGCGTACTATCCGAATATCAATCACCGTGCCCTCTATCCGCTCTCCATGGCCAGCGTTGACGAGGAAGAAGAGGAAGAGACCGAGAGCCCATAAGACGAATCAACGCTGATGGCACCAACGCATCGAGGCCGCGGACTCAGAACGAAGGCACGTCGTTGGCCAGATGCGACGACAGTCCGCCGTCGATCACCAGCGCGCTGCCGTTGATGTAGCTCCCGTGGGGCCCGACAAGGAAGGCCACCATCCTGGCCACGTCCTCGCCGGTTCCGAACCTCCCGGCGGGAATCCTTCGCAGCAACTCCTTCCTCACCTCGGGGTCCGCTTTCGCCAGCATCTCCGTGTCGATGTAGCCCGGGCAGATGGCGTTGCAGGTGATGCCATACGCGCCCCATTCCACGGCGAGGGTCTTGGAGTAGCCGATGAGCGCGTGCTTGGTAGCCGCATAGGTGGATGATTGCGCTCCGCCAAACAGGCCCTGGATGGATGAGATGTTCACGATCCGCCCATACCCCCCGGCCTTCATGCGCGGGAGCGCCCACCGGCAGATGTAATAGACGCCATCCATGTTCACGCCGAACAGGGTCTTCCACTCCTCCGTGGGAACCTCGTCCGCGCGATGGAAGGGGCCGCCATAGCCCGCGTTGTTCACGATGACACCGGGGACGCCCAGTTCCGTCTCGATGCGGGCGAGCGT
