gap_id	start	end	length	sequence
CP047921.1_gap1	4119	4767	648	AGCGGCAGCGGCCGCGCTAGACGGATCTGGTTCCCAACTCATAGCTTTCATGGTATAAGCTACGCGAACTATAGTCTGTGGAATGCCAGCACCAAAAAATTTCTTTACCATAATAACAGCAGCAGCTGCGGCGTTGCCTGATGCTACCATCTCAGCTAACACGTTTTTACGTGAAGTTGGTGCAAGGTTCTGGAGTTGCCACCAGACGATAGCTAGTTGCACCTCGAGACTGGTAACATCACCCTGGACGCCAGCCTGCTGTTGCCAGTAGAGGACGGCTACGCCAGGGTCCCATTGGGCGATTCCCCAGGCATCGCCCATACCAGCCGGTTTACTCGGGTTCCACGGGTGATACTTACCGCCGGCCTTGAGCGGATTTGGCTCGGAGCCTTTATTTTGACGAAGAATTGGGTTACCTTTTGACTCCTGATATAAATTACCAACGATTGCTGCTGCAACAAATTTTGGCGCACCTTTGGATATAAAGTAATTAAATGCTTTCTTTAGATTATCTTCGCCGACTAGCTCGCCTGCCGCCCCACTCGCTGACTGTGCGGCATTTGGTGAACAGTTTGTATCCTCAGAATTATTGCTAAAAAGAATGTTGTTGTCTTCAAATGTTGCCCGCAGCTGATCGGTATTTAACTC
CP047921.1_gap2	10663	15618	4955	GAGCTGAGCCAACCGGTGTATAACTCGCGCGGATAGCCGTAGACGTACATGGTGCGCCCATACTTTGAACCGAGGCGGAAGTGGTCGGATTTGAGCTCGAGACTGCTCGGGGCGATGAAGTCACGCAGGGTTCTCACACCGGTGAGAAAAGCCTGCTCAACCTCGGCCTGCTCGCGGGCCCGCTGTTGGGCGGCGATATCAATGGCGTCCAGCTTCTTTTTTCTAGCCATGTCGTACTCCTCCATATCCATGTGGCGATTCGCCTCGTCCCTTGCGGACATAGGTCGTCGCTAGTTCATCGGCGCCAACGCTCAATGGTTGTTGCGGTGCCACGTCAGGGTTGTATGAACTGTAGAATAATTCGCCCAGCTGTTTGGTATTAAGCTGCGCGCTCTTTACGCCCATCTGAAACAGCCCGCTCATTACTGAATCAACTCGGTTCTTGATTTCATCCTTGGCCTTTTCGTAGGCGGTCTGCTCGATCTTGGTGACGGTGTTGTCTTTCTTGCCGCCGAAGAAGCTGTCGAACAGACCCTTGGCCTGCTGCTTGATAACTTGCATGTCGCCGCTCTGATAATACGGCACAACGATATAAAAATCCTTGTCCATAATATTGGCTTCTTGGGCGAGGACATCGATGAAGTTGATATAGTCATCCATCAGCACGTTCAGGAGCATATTGTCTTGGTTGCGGCGGATGTCAATCAGGCGGTCGATATACGGCCCGATGTCAACGCGACGCGAGCGAATGAGCACTTGAACCGGAAAATATAACGAATTAAGGAAGTTTTGGTAGCTAAACTCAATTCCTTCACGCTCGCGGCCACTCATCAGATCGAAGTTGATTGACTGACATTGAACAATCGCCCGAAAGCTGCCGTCATTCATGATAATCATATTCTCGCGCATCTCAGAAAATAGCAGCGTGTTCTGGGTGCTGGTCGGGCCTTTTTGTTGAGGTTTTGCCTGACTGGCCGGCTGCTTGGCGGGCTGTTGCAGGGCTGGTTGTGGCTGGTTGGACTCGGGTGCGGGCGGCAAGTTGGGGGTCGGTTGTGCCGCGGGTTGCGTGCTTGGCGTCGGCTGGGTTGGCGTTTGGGGTAACTGCTGCGGCAGTGGGCTGAATTGATCAGGATACTGGGCGTACGGTGAGGTTGGTTCTGCGGAGACTGGGTCAGGCCCAGAGGCAATGACCCCCGGCATGGTCGGCGGATTTGACGGCGCACCAAACTGTGGTGCAGCGGCTGCATCCGGTGGATAGTGATATGGTTGCTGTTGCTGATCTGGTTGCATAGACATCCCACCTAGTGAAGCGAAATCACGACTTCCTTATCATGTTCTTTTTGGATGCGACCGGCCTCTCGTTGGAGCGAGGCGACCGACAGATCGCTGTGATTACGCGCTAAGTCCATTATAGCAGGCGAGATGGGTGCTGTGCTAGGGGGCGCCTGGTCGGTGTGGGCCGTCGCGGTCGTCTGCTCGCTGATGGGCGTGATGATGGACTGCTGCATAGTTGGATAGGGGTCGAAGGTCGAGGGTTGCGGCGAGAGGGCTTGGTCGTCTTGGGTAGTCGGGGTGGTTTGGGCTCGCTGCATTTGCTGGACAATGTCATCATGACGCTTTTCGTCGGCCCGCTCAATCAGTGTTTCAAAGGCACGGGCTGTCTTGCTGCTTGGGTCGAGCGGGTCTTGGGCGGTTTGGGCCTCGTTGTACCAATCCGCCTGCATCGAGCTGTTCATCACCGAGCTGTTTGGATTATCGACACCGCGCACCGACCAACCGTGCGTGTCCACCAGCGTCGCCAGATATGACAGCCGGCGATTGACCTCGGCCTGGTCATACCCCTTGCCGTATTGCTTTTCCTCAACTCGCGGGGCGATCACCTCGACCATTCGCTCAATGCCATCGGCTCGCCACAGTCGCTGCTTGGGCTTGAGAATGAACGAAATAACCGCTGCGAGGTAAACCTCCATCGGCTGATCCTTGCGCAGCGGCAAGGCTAACGCCCCAAAAAACAGCGCAACCGGCACCGGGATAATCGCCAGTGGCGGCAGCACCGAGAACAGCCCCCACGCCAGCGCAATCATACCGATCGCGACGATCAAGAAAATAAACTGCTTGAAACTAAACGGCCCGAGCAGCTTGTCTTCAGCTTCCACGTCCTGGGGAACTTTGTAGACGGCCATTGGGTATTATTATAGCAGATTAGCTTAGGTTTCTGTTGGCGGCAGATACGAAAGGGCCGCCTCCATTCGCTTAATTGCACCGATACTTTCGCCAATACGACCACTATATTGTGGAGTCGTCCGTACTTCATTTATTCGATCGCGCAGAATCTGAAGATGCTGTTGTGAAATTTGTCCTCGGAAGTTCGAATTTTCAATCATATCAGCCAGGGTGTTAAGATAGACGGCGTCTTGCGTGACCAGGCCTTCGGTCGACAATTTATCCTCGCTAAGCGCCTTGATGGTCGTTTGGGTGATAAATTCTTGGCCAGACCACGGCATATTATTAATCTTAATCTTATTAGCAATTGAAGATCCAATCCAGAACGGTCGTGCCGGGTTGTTCTTGAGAGCGTCGCCAGCTTCTTGGGCAAGGGCATCGTCAAGGTGGGCAAAGTCAAGCTGGCTGGTCAACGACTTGATAGCCTTAATATTCTTACCGCCAAGAACACGACGAAGTGACGCAGCCTTGACATCCCTGGTAACGGTAATGCCTTTGACCTCGCTACCGATAGCACCAAGAGCCATATCTACCATGTCAAACTCATCGGCATTGTATCGATCAAGCAAGCGATTTGCGCTCTCGACGCCTTCGTTGTAGGCATTGCTGAGTGTTTGTTCTGCCATGGCAATCGCTCGATCGGCACCGCGACTGTCACCGAAGTATATTTGTTCGACTTGTCCAGCCAGATTGCGCATCGTCTCGTTTTCTTTCAGTTCATTTGCCCATCGATCATCGGCAACACGCTGCGATGAAGCGTTCTGCAGGCCCTGGAGAGCCACTTGCTGCGCCGCTCCTCGGGCACGCTCCAAGCTTTCTTGGAATGACGAAGACAACTCATTGGTCTGGGTAGGCTTGAGTGCCCGCATCGACTTATAATAAGTGTCAACCGCTCCCTTAGAAGCCTCAGCCTGCTCAGACCATGATTGTGCTTGTGCGTATCGGTCAAAGGTGGCGGAATTAGACATCAGATGATTGCCCCAAGCGGCCTCTAGCCGACCCTCGATAGCCTTTTTGTCTTCGTTAACCATCCGTCGGTATTGATCAATCTTAGCATAGGAATCAGTCCCCTTTCGTATAACATCAGATTGATCTTGCAACTCTTTGAGCCTATCCTTACGATTTTGTGATGACTGCGCCAGCCTGCGTCGCCATGCCGTTGGGGTAAATTTGCTGTCTGGACGTTTGTTGAGTTTTTTGCGTTTCGTAATCTCGCTTTGCTCTTTTGCCCAGTTCTTAGATCGGTCGAATAATCCCTTACTGCGGTCATTGACGAGACCGGTGAATTTGCCAAGGAGTCCGCCGCCCAACTTGATCATCAACGGTGTTAGGGCGAGTGGCGCGATCTGGACCGCCATACCGAGGATATACATCACTGCCCCGTTCGGGCCCGCGGCGTTTTGCATAATGACTGAGCCCGCCAGCTGTGCCCCACCGAAGGCTGCCGCAAACCCCGGGAAGAATATCAGCATCGTCAAGAAGATATCCTTCCACTTATCAAACCACTTTTCTGTGCCTGGCAACAAGTAAGCCACAAAAGCCAACGGCGAAATGATAATCAAAATAACGATCAACGCCTGACGGGCGGCCATAATGATAACAACGAGAAGGATAACGAGTCCAATACCGCTCAAAAGTGGCACAATAAAAGGAAGTAGCTCGGCCCGCATGACGATTCCGGCAGCCAGCGCCGCACCGCCGGCGGCATCTCCCAAAATATGGAAGGTGACCTCTTGCCAGGTCATGGGTTCAGATGCTGGTGCAGATCCGCCCAGGGTGGCGACTGTGTTACGAATATTCATGAACATGTCTTGGAGTGCACTTCCGGCGATGTTTGACAGGTCGAGGAGTATGGCGCAGACGTGGAACGACAAATTGACTAGTACCGCCGCGACAATTAAGCGAGGCAACATCTTTTTGATGCCATAATTGGAGATGCCCATAGAAGTAACTTGTGAATAAATAATGACTATGAACATGACGATAAAGATACCGTTGGCGATGTTGCGAACGATATTCCAGGCTAGAAAGATGCCACTGGTCTGATTACCCGTCTGAAGCGGCGGCACCACGAGAAAGCTTTTAAGCACCCCAAACATCCAGTCGATGGAGCTAGCTAACCACGCCGAAACGGGACAAAGGATCCAGCCGATACCGCCAGCAACTTCACACGAAAACGCAGAGTTTTGGCTCGGTGGGTCAATTGATAATGTGGTTGATTCTTTCTTTGTGTAAGTGTTTGGCGAAGTGTACGTGAATGTTGTTAGGGACACTGAGGTCATTGATCCGAGATCGCCTGTTGACGGAAAGTGAATGACGCGGACGTCTTGATTATTGGCTACAGTTTTCTTTGACATGTAGACCACTTGGTCAGACCCTAAGTTGAGGGCTTTTAGTTTGTCGACGTCGGAAACTCGCTCAAATGTCTCGTTGTCGTAGGATATTTTGCTACTATCCCACTTCGCGTCCGCCGCCAGCGCCTGGCCCGAGGTTACGACCGTACTCAAAAAAACACTGACTAGGAGGCCCACCGCCAGCAATATAAACCATTGCAACCATCGCATTGACGATCGCCCTTGTGAACGTAACCACTCCATTACCAGCAATGGTAGCATTTTTATAGAGAAAAGTCAATAGTTTCTAGCTGGTGGCAGGTGGATTATTGTTTCGATTATTGCGATTATTTTGATTATTTGGCGGTGCTGAAGGTGGGGATTGTGGTGGAGCTGGCC
CP047921.1_gap3	84242	85352	1110	CGCGGTATCGTCGAGGATAATATGCGTCCAGACGGCCGCAAACTAACTGAAATTCGCCCGTTAAGTTCAGAAGTTGGTTTGCTGCCACGAGCACACGGTTCAAGCTTGTTTACCCGCGGCGTGACGCAGGGTATGAATATTGTCACCTTGGCGCCGCTGAGTTACGCGCAGCTGGTTGATACTATGGAAGTTAACGACGGCGAGCGGCGCTACATGCATCATTACAATGCGCCGGGCTATACGGTTGGCGAGGTTAAGCGGATGGGCAGCCCGGGCCGGCGCGAAATTGGCCATGGCTACTTGGCGGAGCGAGCCTTGACGCCAGTGTTGCCGAGCGAAGAAGACTTCCCGTATGCCATTCGCAGCGTTACCGAAATTATGAGCCAAAACGGTTCGACATCGATGGCAGCAACCTGTTCAAGTTGTCTGGCACTGATGGACGCTGGCGTGCCTCTCTCGGCGCCGGTTAGCGGCATTGCCATGGGCCTAATGATGGACGGTGATACGCCGTACGTACTGAGCGATATTGCCGATGCTGAGGATTTTGCCGGTGATATGGATTTCAAGGTGACCGGTACAGCCAAGGGTATCACGGCGCTGCAGATGGATATGAAAGTGCATGGCTTGCCGGTGGCAGTGCTGCGCCAAGCGATTGAACAGAGCAAGGCGGGCCGGGCACATATTTTGCAGCATATGCTGAGTGTGCTGCCAGCGCCGCGCGAAGCACTTAGCCCGTACGCGCCGCGGATTGAAAAGCTAAAAATTGATCCAGATAAAATCGGCGCGGTCATCGGCAAGGGCGGCGAGGTGATTAACAAGATTACCAGCGAGACTGGTGCTGAGGTTGATATCAAGGAAGACGGCCTGATCACCATTGCCAGCCCGAACGGCGAATCAATTGAGAAGGCGCTTGCCTGGATTAAAAGCTTGGTCGAAGAGCCAGAAGTTGGCAAAATTTACGAAGGCAAGGTCGTCAGTATCAAAGATTTCGGAGCGTTTGTAAATATTCTGCCAGGAGTTGACGGCATGGTACATATCTCGAAGTTGGCCGATCACCGCGTGGCTAAGGTGACTGATGTAGTCAAAGAAGGACAAACCGTTCGCGTGAAA
CP047921.1_gap4	99887	102693	2806	GAGGCGATAGATGGCGCTGCAGTTAAAAACCCAAAGGTGGTGGATCGGAGTCGGTGCCGTTGGGCTAGTGGTATTCGGAAGCCTTGGAGTGTATATCTGGCGTCATTATATCAGCGTAACGGCACAAGTAGCACCTGACGTAACTCACGTCGAGAGGGCGGTGCTAGCAGCCAGCACGACAACGCCACCGGGCGGCAGTAGTTATGGCCCAGCCACGTCATATCACATGCCATGGGAGAAATATCCGGTTGGCGAGAGAGAGCAGATCGGCGGGACGCCAGAACGGATTAGCAATTGGCCAACGGCTGGGGATGGTGGGTCTGACTGTCGTGTGAACATAAATGCCACAACAGTGGTCGATGGTGTTGGCGGGACATTTAATTATGGTGGGTTTACGATGATGCCATCACCGATGTCTGGTAATCGGACAGTTGGTCAGGATAAGTGTAGCGGATCGGTGTCAACATGGACGGCACCGGACGGTGAAAATAGCACATCTTCGGCAACGCCAGCACCGAGTTGGTTTGACGACGTGGTAGCGGCCAATAGCGGTGGTCTAGCGGGCGGAGCATATGTTAATCCACGAGCGTATGGTGGCTGGGCGACGGATGCTAATGCCACGACGAAAGTACCATTTGGTGTACCTGCCCAACGATCGGGCGCGGCTGGGGCGGCTGAGTTTGCCGAATGCGGCGGGGTTGCTAAGGAATCAGGAACATCTGCGTGGGCAACTGATGGAGCGTTTCGGCAGTCAATGTATGATCAAGGCGGCCAGTCGAAGCCGCTCTGGGGTGCGCGTTGTAAGGACGAGACAAAGTTGAAAGAGACACTGACCCGGCGTCACAATGCGCCGCAAACTGATACCAATGGTGAGAATTACGTGAAGTCGTCTGGCGTAACGCTATTTCGGCAGAAATTCCGGCTGACGAGCCAGCAGCTCGAAGAGATTCGTCAGCTGGATTTGTTGAACGACGGACGATCAGGACTGTACTTACGTTTGGCGGTTGATGATTATGCTGCGGTATACATTAATGGTAAGCCAGTCTTTACCAATCCGAAAGCGTCGTCTGGTGTCGAAATGAAGAGAATCATCGCGGATTATTTACGGGCTGGTGATAATGTGATTGCTCTAGAGGTGCAAGATGCGATTGCTCCAACTAGCCTCGCCAATGCTAATGCGGCTGCTCGGTGGCTGCTCGGTGTGTATGCGCCAAAGGGGTGGCAGCCAGTACCGGGGGAGCCGCGGCTGTACGGATCGTGGGCGGAATATGCCGTTAGTGCGCCTGGACAAATTATTTCTTCCTCGGGGGCAGGCTTGTCGTCTGCGCCGACAGGGCGAACGGGGGCGATTGAGGCACGGCAATATAATGATCTGACATTTCAAAACACTAACACCCCGTTTGGTAATTTTCGCGACAAGATGCCGACTGTACGCACACCTGATGCCTATTTTACGAACAAGGGAACTTTGTCTGGGGCGGTGTCTATGAGCGACGTGGCTAGTGGTGTGTATCAGGCTGGCAACCTGACGATTACCGGTGGAGAAATTAAGCGTGGCCGGCAAATTGTTATCAAATCGGGCGGCGTGGTGACTATCAAGGGTGACGTAAAACAGGAGGGCGGTAACTATTCGGCGGCTCGGGATCTGCCGCAGTTGATTATCAGTGCTCAGCACATTATTATTGAGCCAAATGCTACACAGGTTGATGCTTGGCTTATCGCTAGGAGCGGGGCAGTTAACACCTGCGATACCATAGTTCGCGATAGTCGTCAGTGGTTGTCGGGTCTGGACGCGAAAACGTGTGAAAAACAGCTGCGCATTAATGGTCCAATTATCGCGAAGCACCTCTTTTTGCGCCGTACATTTACGAAGGGTGGTGATACCTCTGGCAATAATCCGGGCGAGCCGGCGGAAATATTGAATTTGCGTGCCGATGCATATTTGTGGGGAAATGAGCGGTCGAAAGAATCGGGGGCTATCAAAACGATGCATCTAAAGGAATTACCGCCACGTTTTTAAGGGTTTTACATTTTACTATGCTTATGTATAATAGAATAGTATGAAAATAGCAAAAGGGCTGGGCGACTTTTTCGGATTAGACATCGGGACGAATGCGGTGCGCGTGGTTCAGCTGGCGCGAACGAGTAACGGGTGGAATCTGCTGCACTATGGTTATGCGCCTGTCGACCCGAAGATTACAGGTAGTGATTCGCCAGAGGCGCAGCGTAAGCTTGGTGAAGTGATCATGACCGCTGTTGGACAGAGCGGTATCAAGACGCAAAATGTAGCGATTGGGTTACCGTCGAGCAAGACCTTTACGGCAATTATTGATGTACCAAAAGTGTCAGACCAAGAGCTAAAGGCGACCATGAAATACCAGGTTGATCAGTACATTCCTATGGCGATTGAGGACGCCAAGGTTGATTGGGCGCTGCTCGGCGACAGTTTGCGTGAGCAGGGTCAGTACGAAGTGTTATTGACGAGTGCGGCGATTAGCTATGTCGAGGAACGACTCGAGTTCATTGAAGGGCTTGGCTTTAATGTGGTCGCTGAGGAACCGGATCCGATCGCGATGCTTCGGGCATTAGCGCCGACTGATGGAGCGACCGCAAAGTTAGTACTGGATATGGGCGAACATTCGACTGACTTGGCAGTCATTTATGGCGATATGCCGCGGCTAGTGCGCACGGTGCCGAGCGGACTGCAAGCGTTGGTGCGGGCGGCAGTGCAAAATCTCAACGTGCAGGATGATCAGGCTCGCCAGTTTATTATCAAGTTTGGCTTGGCACCTGACCGGCTCGAGGG
CP047921.1_gap5	103728	107461	3733	AGAATAAAGATGTCGCTATTCGTAAACGCCAGCAGATTGATTCATCAAAGAAAACCATGTTTCTGTTCGTGGCGGGCGCGGCGTTTGTGAGTGGCGTGGCAATTGTGGTGTCGTTCTTCCTCGTGCGGCAGATTTTGTTTCATGGCGCAGTGGTGCTCGCGAAGCAAGACACCATCAATACGCTGGAGAATAATAAAAAGGCGGCCGAGTCGCTCAAAGATAATGTGCGTTCACTAGAGGCGAATGAAGCACTTAACTCAGTGAAGTTAACGGATAGTAGTAGTCCATTGCAAACGATTCTTGATGCGCTGCCGGCTAGTGCGAATGCCGATGCGCTCGGTGCGTCTATTCAGAAGAAGTTCGTCAATGGCATCGCCGGTCTGTCACTAGAAAGCATCTCGGTCCACTATACGGCGAATGAGTCGGGTGCGGAGCAAGAGGACGCTGGTGATGGTCGCTCGGCGGTGAGTTTCACCATGACAGTGAGCGGTACGTCGTCAAGCCTCAAGGAGCTGTTAACGCGCTTTGAAAAATCAATTCGGGTTATCAATATTACCGAGATTGAGATGCAGGCCAGCGAGGACGGCAAGATGACGATGGATATCTCTGGCAAGGCCTATTTTGAGCCGGCGCAAAAAGTTGGATTAGGAAAGAAGGTGATCAAGCCATGAAGAAGAGCGATATAGCGATGATCGTGTTGATAGCCAGCCTTGGCGTTGTGGTGGCATATTTCGTTGCCAGCAGCATTCCATTCTTGCGCGTACCATCATCGGGTGTGGAAGTGCAGACGATATCAAAAATTAGCCCAGATATTGAGCAGCCAGATAAGGCAGTATTTAATCGTGATGCTATTAACCCAACGGTGGAAGCAATTGTTGGCAAAGCGACTGGTAGTTAGCGCGGAGGTGATATGGCGCTACTGACGGATGATATGCAGGGAAAATTGATTGGCTTGCTGACGAGCGAGGGCTTGATCGAGCGGTCGGTTGTTAAGGAGGCGCAAAAACGCGCCAGCGAGTCGGGTAAGCCGCTACTGTCGCTGTTGACCGAGGAGCACCTTTTGGAGAATGAATTATTGGTGCATGCGGTGGCGCAATTGTCTGGTGTGCCGTATGTTAATCTCGCAAGCAGCGTGATTGAGCAGCACATCTTGAACCTGCTGCCGGAGGATGTTGCCGAGCGATTTATGGCGGTACCACTGGCCGAGGTGCAGGGGCGCTTGGCGGTGGCGATGATTGATGCTAATAATGTCCAGGCGGTTGACTACCTAGCAAATCGTATCCAGCGACCGCTCAAGGTATTTATGGCCTCCGAAGAAAGTATCCGTCACGTCCTTGGTCAGTACAGAACAGACTTATCATCGGTCAATGAAGCAGCGGAGGACTCGCAGCGCGAAGCACTGGATGAGTCGTCGCAGAACATTGTGACAATCGTTCAAGATTCACCGATTTCGCGGGCGCTTAGTACGATCCTAGAGTATGCAGTAAAGAGCCATGCCTCGGACGTACACATTGAGCCATTAGAAAAGGCGTTGAAAATTCGCTGTCGTGTTGATGGCGTGTTGCGGGAAATTATGCAGCTACCAAAAAGTATTGAGCCAGCGCTGGTCAGCCGCATTAAAATTCTGTCAAATCTCAAAATTGATGAGCATCGGATTCCGCAGGATGGCCAGTTTGCAGTCAATGTGGCTGGCAAGGATGTCGATCTGCGTATTGCGATTTCACCGGTGGTATGGGGAGAGCAGGTGGTGATTCGTCTGCTTGATAAGACAGGTAACTCGTTTGATCTGACTGATATGGGGTATGCTGGGCGCGCACTGAGAGCCATCCAAAAAGGCATCAAGCGGCCAAGCGGAATGATTTTGACGTCTGGGCCGACTGGTTCGGGTAAGTCAACTAGCTTGTATGCGCTGATCAAGGAAATCAAGGACGACTCGATCAATATTGTGACACTGGAGGATCCGGTGGAGTACAAGATTGACGGCGTTAATCAGATCCAGGTGCATGCTGATGTTGGACTGACGTTTGCATCGGGCTTACGGTCAATTCTCCGGCAGGATCCCGACGTGGTGATGGTCGGTGAAATCCGCGATACCGAGACAGCGAACTTGGCGGTGCAAGCGGCATTGACCGGACACTTAGTCTTCTCGACGCTGCATACCAATTCGGCGGCGGGTGTGCTGCCGCGGCTGTTGGATATGGGGATTGAACCGTTCTTGATTGCTAGTACCGTGAACACCATTATTGGTCAACGGCTGGTCAGGCGGGTGGCGCCAAAGTATGATTCATATCAATCGTCACCACTTGAAACGGAGACTATTCAGTCAACGGTTGGCCACCTCCTGCCAAAAACTCAGGCTGACATATCGACCGTTTCGCAGGATTTGGGCTACAAGGCCTTGCCATTATCTGGTCAAGCCGCTTATACTTTAGTCAGGGGCCGCGATATGCCGCAGACGCCGCAAGGTTACTCAGGACGATGTGGTTTGTACGAGGTGATGGACGTCACTGAGGAAGTTCAAAACCTGATTGTCAAGCGGGCGACGAGCGCCGAGATTCAGCGGCTTGCCATTCAGCAGGGCATGATAACGATGCGTCAAGACGGTTATCTCAAGGCGCTCAGTGGCGTGACAACATTAGAGGAAGTAAATCGGGTAGCAGCCGATACAGCATAAAAGAAAAGGGGGACGATTATGAATAATCAAGAATTACGCATCGAAATTTTACTCGAAGAGGTGGTCAAGAAGCGAGCCTCAGACCTCCACATTCAAGTGGGCCTGCCACCGATGCTGCGCATTGACGGAACATTGGTCGCAGCAACGGGCACACAGCCGCTTGATGAGGCGACCGTGGAGCGGCTGGTATTTCAGATTCTTGATGAGGATCAGCGGCAAATTTTGCTCAAAGATAAGGAATTTGATTTTTCGTTTGCATTCGGTACACTGGGGCGATTCCGGGTGAATGCCTTTCATGAGAGGGGTAATTTGGCGGCGGCGCTGCGCTTAATTCCAAACGAGATCAAGACTGCGCAGGAGCTGGGCATGCCGCCGATTGTCAATACATTTGCTGATTTTCCACGCGGTTTGGTGCTGGTGACTGGGCCGACTGGCTCTGGCAAGTCGACAACTTTGGCGGCGCTGGTTGATAAGATCAACGCCGAAAAGTCGCAGCACATCATTACTATCGAAGACCCGATTGAGTTCACGCACAAGTCAAAAAAATCGGTGGTAGTGCAGCGCGAGGTTCATTATGACACCTATTCGTTCTCAGCGGCGCTGCGTTCTAGCCTGCGCCAAGACCCAGACGTGGTGCTGATCGGCGAGATGCGCGACCTCGAGACAATCTCGGCGGCGATTACCATTGCCGAGACCGGGCACTTGGTGTTTGCGACGCTACACACCAACTCGGCGGCACAGTCGATTGACCGTATGATTGACGTCTTTCCGCCGCATCAACAGCCGCAAATTCGTGCGCAGCTCAGCAATATTCTGATGGCAATTTGTTCGCAGCGGCTGGTGCCGTCTATCGGTGGCGGTCGGGTGGTGGCGGCCGAGATCATGATTGCTAATCCAGCGGTGCGTAATATTATTCGCGAGGGCAAGAGCCATCAGCTGGATGCTGTCATTCAGACGGGTGCTGATCAGGGTATGCAGACGATGGATCGAACGCTAGTGAATCTGGTACAGAACGGTACGATTACGTATGATAGTGCCCGTGAGTTTGCGGTTGATCTA
CP047921.1_gap6	110278	113821	3543	CCTATTGACCGTTGGCTTGTTAGTTGGCGTGAGTGCTGCACTGCGCCAACAACAATATCATGACGCTGTTCAATCGTTCGCCGGTTTTATTCGTGATCAGTATAGCCGAGTGATTAGTATCGAGAATGATCGGGGCGATCGCGACACGTGTCCTGTTAAGGGTGCAACAAACGACGGAGCTCGGGGCCAGTCGAATTGCGTTGTCGTTGGTCGCTATGTCAAGTCGACGAATTCCGAGGCACGTTCATTTACCGCCTATCCGCTGTACGCCCTGAAGCGCTCGGGAGTGTGGACGTATAGTTACAGTGAGAGTGAGGCAAATACCTATACGGTTGGCTGGGGTGCGCAGGTACGCTCGCTCACGGCAACTAATACCATTGGTAGAGAACTGGCTCTATTAATATACCGCGATCCAGATAGCGGGCAGGTTATCGTACGCACGAATGACGCGCCGTATTCACCAGCTAATATTAATAATTTTATTCGCAATATGCAGCCGAATGGCGGTATGTATACGGCCGATTTACAGCTGCGGCAGCGAGAGTTTTGTATCTATGATACTGGCTGGTCAGTTGGCCAGAGACTGTCAGTCTTTTTGGGAGCAAAGGCTGGCTCGAGCGAGGCAGTGACGGTCGGTCATGCGACAAAGGGGTGCGATAATGAAGCGACGGCATAGCGCGCGCGGCGACACGATCATTGAAGTGGTAATGGCGGTAGCAATGTTTAGCATGCTGGCGATCGGTATCATGGCACTCATGAACAGTGGTATTGCTATGGCGCAGCGATCATTAGAGTTGACGCTTGTGCGGCAACAGATTGATAGTCAAGCAGAAATGCTGCGCTACATTCACGACAAGTCGTCTCAGGCCGGCAGCTCATTTGCTACCCTCTGGGACGCGATGAAAGGTCGGACCATTGACCACGCTAATTCGCTATTGAATGTTAATCGATGTCCAGAGGCAATGCCGAGTGGGGGATTTGCACTAGCGCCCAGCAAAAACACCTTTCAGTTGATTACTAATAAGTATGAATTATCGCCGACATATGCCAAGATTTCAACTGCCCGAAATCCAATTTCTTTAGGTATTTCAATTCAGCTGGTGCGTGTTGAAGGCGGCCGCGCCTATGATGCGTATATTCAGGCCTGCTGGATGAGTGTGGGGACTGACCGGCCAATGACCACGGGGACGATTGTGAGGATGTATGACACAGCGGTATAGACGATACGGGTTTACCTTGATTGAACTGATGCTGGCGATGGCATTTGTGTCGGTGTTGCTGCTGGCGATTGCTACGATAGCGATCCAGGCCGGCAAGCTGTATAATCGAGGTCTCACGCTCAAAAGTATCAATCAGTCCGGCCGCGAAATTAGCGATAGCTTGCGGCGCGACTTTTTGCAGGCTAATGCCGGCAAGATAAGTGGTAATGCTAATTCGGCCGTTGTCATGGTGCAGGCGGGGGGTGCCGATCGGAGTGGCCGACTCTGTCTAGGTGACTATTCATATGTTTGGAATGTGCCAAAAGTTGTCTCTGGAGAAGTGAAGGCCGGTGCGGGTATTATTACCGAAGTTGGCGGGCCGCATTCTGGTCGTCCGATTAATTTTGCTCGAGTGATTGACCCAGATGGCATGCTGTGCCAAAAAAATGAAACAACGGGGGCGTATATGTCAACGGTCGCGACGGATAAAGTGACGCATCTTCTCAAGCCAGCCGGGTCGAATGATGTGGTGCTGGCAATTCATCAAATGAAGGCAGCGCGAGTGGTGGGTGATAGCGGGGCAGACAGTCTGTATCGTTTGGAATTTGTCCTTGGAACCAGTCAGCTTGAGGCGGTCAATACAGCTAACGGTACCTGTAAGCCACCGGCGGATAACAGTGAGAATCTCGACTTTTGCGCAATAAATAGCTTTGAGATGATTGTGAGGACAAATGGATAAAATAGCGAGAAATAATCAATTAGGCGCGGTGTCGTTATTTGCAGTGATTTTTGCGACACTGTTACTAACGGTTTTGATGCTCGGCTTCATGCGGCTCATAATGGTTGATCAGCGACAAGCCCTGAATAATGAGCTGTCACAAAGTGCGTACGATGCGGCCCTGTCCGGTGTTGAAGACGCCAAGCGAGTCGTGCGTGCCTGTCAAAAAGGAGATAACGGTGGCAAGGCCTGTGAGCAGTTACGATTGCCTAATGATTGCAAAGTAGTCGCACGTGCGGGCGTTGCCGGTAGTGTAGCCGCTAACGAGACACTGATTCAATCGCGTCGCTCAGGGGACGGTAAAGAGTTCAACCAAGCCTATACCTGTGTCAATATTACGATGGATACGGAAGATTTCCTGGTTAGCATACCCGAAGGATCATCTCGTCTCGTACCACTGAAAGCCAAAGCTGAATTTAATAAAATTGTCCTCGAGTGGTTTACTAAAGAGGATGCGAATGGCAATGTGGCCGCTGGGCGAGTAAAAAATGCTGCCTCGGCGTCAACCTCGCTGCCAGCGTACAGTGACTGGGATGAGTCGCCGTCCCGTCCCGCACCCGCGCTACTACGCACTCAGATGATTTTTCCGGGTGATACATTCGACCTTGCTAGTCTCGATAGCTCTCGCGTTGCGACGATGTTCCTCTATCCACGGACGCTGAGTGTCCCCGGGCCGACGAACGGAGGTGTATCGGCAATTAATCTACCGCGAGCGGGCGGTGGTGGGCAATTTAACAATGCTCCGACACCGGTGAGCTGTTCTCTAGATTTTGCGAACAGTGGCTATTCGTGCCGAGCCACAATTGATATATCGCCTGTTACGGCCGCCGCCAGCGTTAATTCATTCTTGCGTTTGACGCCGCTATATCGCATGTCACACGTGCGAATTGCCCTATATAATGGTGCAGAACCGGTCAAGTTTGATGGTGTTCAGCCGGCGGTCGATGCGACTGGTCGTGCCAGTAATGTGTTTCGACGGGTTGAGGCGCGTCTCCAGATAGGTGACGATTTCCCGTATCCTGAAAATGCTATTGACCTTGAGAACAGCCTCTGTAAAGACTTTTCGGTGACCGAAGGCAGCGTAACGCCGGGTAACTGTCGGCCGTAGTGTCTTAGGGGTCTATCTCGTATCACTGTGAAAGCGTTCGTGGACGTCTTTGAGGTGCTGGTCGGTGACGTGTGTGTAAATCTGGGTCGTGGCGATATTGCTATGACCAAGCATCGATTGTACCGCCCGTAGGTCCGCTCCATTCATCAGAAGGTCGGTGGCAAAGCTATGACGCATAGTGTGCGGGCTAACGTGCTTGGTGATGCCAGCAAGTCGGGCATAGTGCGATACCATCCGCTGGATCGAGCGAGCACTCAGCCGACGATAATCGCCGGAAACTGACGGCTTTGCTAGGCGCCTGCTATAGCTGATGAATAGAGCCGGCAAGCTGTCACTTCGCGCATCAAGGTAGTTTTTGACGTGCTCGGCAGCGGACATTGAAACGAATACCGGCCGGTCTTTCTGGCCCTTGCCGCGCACCATAAACTCGCGTCGAGTGAGATTGATGTGGTCACGGT
CP047921.1_gap7	117420	118218	798	ATAAGGAGGTTGGTTTTGCGCAGCATAAAGAAAACGTACGCCTCATCGCTTCCGCGCAGCCAGGGTTTTTCCCGAAGCCGTCAGAAATTTATAACGCGGTTATCATGCCCGCCTATAATGAGAGTATTGAGGTAATTGAACCAGCTATTCAATCGGTGATTGCCACTACGTACGACAAAAAACATATGATTATGGTGTTTGCGTATGAGGAGCGGGGCGGTAAGGATATTGACACAACTGCCAAGACACTACAAAAACGCTATGGCAAGTATTTTCACGCCTTTCACATTGTCAAGCATCCAAAAGACATTCCGAATGAGGTGATCGGCAAGGGTGGCAATATTACGCATGCCGGGCGCTGGCTGAGGGGGTGGATCAAGGAGCAGCATATTCCGTATAGTAACGTTATTGTTACGACGATGGATTGTGACAACAAGCCACATGAAACCTACTTTGACTACCTGACATACGAATATATCGTCCGCGAGGACCGTAAGCACTACTCGTATCAACCAGTGTGTCTATTCACTAGTAACATCTGGGACGTACCGGCGCCGATGCGTGTGGTCGCGACGGGTAACTCATTTTGGAATATCATTAGCTCAATGCGCCCCCATTCGCTACGTAATTTTGCTTCACATGCTCAGCCGATGGATGCGCTCGTTGAGATGGACTTCTGGAGTGTTCGAACGATCGTCGAAGATGGTCACCAATATTGGCGCAGTTATTTCTATTTTGGTGGTAACTACGGGGTCGTGCCGCTCCATGTACCGATTTATCAAGACGCGGTATTGTCAG
CP047921.1_gap8	143547	146141	2594	TTGTCGTCTATGACTAATGACGGGGCCTTTCCTTTCAGTGTGGCTGAGCATAGGCAGAACGCGATATGGCGATGGCTGCGGAACTATCGGCGACCGAATAGCGATTCTGCCAGCCAGCCTAGCGGGATAGTGTGGAGACACAGCATAATCCCAAAGCCAACTCCACAGACGACCAGACCCCAGAACTTGAAGCGCTCGTAGCTACTGATGCCGCTCGCGAGATTGTCCGCTAACTTTTGGTGGTAGACAGTCATGACGGCGCCGATAATCAAAACGATGAGGCCGACAAAAAAAGATCCAAAGGTAAATTTATAATACATATCTCCATTATACACTTGCCAGAATAAAAAAGATACGGTACAATGAATAAAGTCTTGGCGAGATGGGGGCATAGCTCAGTTGGCTAGAGCACCTGCTTTGCAAGCAGGGGGTCCAGGGTTCGAGTCCCTGTGCCTCCACCATATGGGGTGGAGTAGGCTTACGTCTACGACACTCCACCAAGACTGCAATGAGGGCGATTAGCTCAGCTGGTTAGAGCGCGTCACTGATAATGACGAGGTCGGAGGTTCAAGTCCCTCATCGCCCACCATAACGTCATTATATTGAGCAGCGTGAGGTATAATGATCGTCTAGAAGGTAGTCCTTCCTATCGTACTTTTTGACAAGGGCGACTAGCTCAGTTGGCTAGAGCATCTCGTTTACACCGAGAGGGTCAGGGGTTCGAGTCCCTTGTCGCCCACCAAATAAACAGTCATCCCGTTTGGGGGTGTTTTTATTTAGAGGTGTCGAGATTGACATATGCGGTAAACTATGCTACTATACCAAACGTATATGGTAAAGAATAAACATAATTTAAAAAGTAACCCATATGGTGAACGCTTAGGTTTTGTGCAGCAGTTTTCTGCCTACGGTGATCTTGACGACACTAACAAGAGTACTATTGCGCACCTTGCGTTTGATCAGAACCTTAACGATGCAGATTTTTATAAGTTAGCACATGAGATCGCCCATGAAAAACAGGCGATGGGGGGCACCGCGCTCAATGCGTTTTCTGCGGAGCGATACGCTGGACTCCCTCGATCGTTTGATGAGGCAAGAAAGATGCCAGGTAATTCTATAGAAGAGGTGCTGGGGCGGCTTGATACCGACACGTCAGTGAACGACCCCGATGATGTCGAGTTTTATAGGACAGGAGTGCGCCGGCATATCGAAGAGCTCTATGCTTTTTCTGACAAATATCGACAGCGGTACGGTGGGGGTAATCAAATAAAGGAAAGAATGTTGGCAGATGAATGCAGTCTGCTTTGGATACAGCATAATTCTTTGAAGTTTCTGCAGGAAGATGGTAAAAACCCTAACAAATACCCAACGGTAAGAATATATCTTAATCCTCAGTTACGAGATAGCCTTGATATCTATAAAAAGATTTTTGCGAAAGCTACAAGAGAGGGGCTTCGCTTTCAGGCAAAGATTATGGCGCCAAGTGGTTACACCAAGCACCTTGTAGACAAGGCAGTTGATTATTGTGCTAGACTAGCCGCTGGGCGACTGGAAACAAGACGAGATCCGATAGTATTTTATGGCTTTGAGGAGTCTAAAGACAAATTACTGAGGATAGTTGAAGAAGTTTATTCTCAGTATGAGAGTGCTTTTGAAGGTAGGGAGACGGGAGCTATCCCATTAGCCATCGCTCCTGGTTTTGCGGTTGGGGAAAATCCAGTGGGGTTGGATGGCGAAGAGTCATTAACAGATCATAGGCAGCGGGTCATCAAGGAGGCTGATTACGATGCCAAGAAGTTTCGGATGAATGCTACCTCACGGAATATAAACCCGGATAATATCGCTTTTAATAGATAATTACCCTATACTGTAAGTAGATGTATAAGCATGTTATCAAACCGTTATTATTTTTGCTAACGCCAGACTTTACGCATAAGCTGATTGTTTTTTGCGGCCGCATGGCGCAGGCATTGCCGCCTGTTCGGTGGGCTATTCGTAAGTCATGGAGTTTTCAGGATAAGTCGCTCCGACAGGAGATTAATAGTGTCACTTTTTCTAATCCAATTGGCTTATCGGCAGGGTTTGATAAAAATGTCCAGCTGTCGCCGCTGATGGAGGGCGTTGGTTTTGGGTTTGCTTCGGGCGGATCGGTGACGCTAGAGCCGAGAAAGGGAAATCGACGACCGTGGTTTCATCGTTTGCCTAACACAAAGTCGGTGGTGGTGTATGCTGGTATGCCGAATTATGGCCTACGAAAAATTAGCCGCTATGTCCGCTGTAATCAGTGGCGGTTAGATGATATGCCGACGGTTATGTCAGTAGCAGTTGTGGCAAATAAAACAACGATTGAACGGGCTGGCGGTTGTCCAGCCAAGCAGGCAATTATTAATGATGTAAAAAAAGCAACAGAATATATTAATAATAACAAATTGGCGAGTATTGTAGAAATTAATATCTCCTGTCCTAATGCTGGCAAAGAGCCGTTTATTGAGGCAGAGCCGCTTGATGCATTATTAACAGCGCTTGACAGCGTGCCGCGCGATGTGCCGTTTTGGGTGAAAATGCCGCATTTGTACGATATAGAACGATTCGAT
CP047921.1_gap9	156977	159480	2503	TGGAAACCGGGCGCGGCGCAGTGGTTGGGCTACTCGTCGAGCACGGTCAGCTGAAACCAGCGCATTATCTGGTGGCCGGCACGGCGTACGGTCGAGTACGGACAATGTCGGACTTTCGTGGTCAGACAATGAAAATGGCCGGCCCGAGCACACCGGTTAACGTAACTGGATTTAAGGAGCTGCCGCAGTTTGGTGATAGCTTTCGGTTGGCCAAAAACGAGAAAGAAGCACGGCATCTGGCGCAGGCGGTGCGCCTAGAGCAGGAAAAGATGGCGGCCAGCACCAATGTCACCAGCTCAGATATTTTGAAGATGATGAGTCAGCAGCATGACGCGGAGTCGTTCAATGTTCTCGTCAAGGCTGATGTTCAGGGGTCGCTCACATCGGTGATTGATAGTCTGAAATTGATTGATACGGGCGGCTTGGTAGATCTGCACGTCATCGGTAGCGGGGTTGGTAACATTTCAGAAAATGATATTCATCTGGCAGTTGGCGAGAACACGGTTATTTATGGTTTTAATGTCGATCTGCCGCCAGCAGTAAAGCGCCTGGCAGCACGTGAGCACGTTGAGGTGCGACTATACCGGGTGATTTATGAACTACTTGATAATGCCAAGCAATCCATGGAGGCATTACTGGCCCCAGAGGTCGTCGAGACCGAGGTCGGCCAACTGAGCGTTAAGGGTGTGTTCCGAACGGTGCGCGAAGAGGTGATTGCCGGTGGTGAGGTGACAACGGGTAAGGTCTATAAGGGGCTACTGGCACGCCTAAAGCGTGGTGATGAATACATTGCCGAGGTCGAAGTATCATCCGTCCAGCGTCAACATCAGGAAGCCAAAGAGGTGTTTGAGGGTGAAATGTGTGGACTTAGTCTCAAAACTACGCGAAAAGTTGTTGTCGAGGAAGGTGACACGCTGGAGTTCTTTACACGGGAGCTGGTGAAGAAGACGTTGTAGGACAATATCTATCATATTTCTGTCCGACGGGTAGCAACCTATTGACTTTCCCCCCTAAATCTGCTACCATTCAAAACATAAGCTAGTCGGTAGCAAAAATGCCGACCGTCGTATCCCCCCAGAAAGGAACCACCACAATGCTCAAAAACCCAAACCGCCCACCAGCACCCTCCCCTGAGTCTCTCGGCCCAGAGGCTGCAACCTCCTCGTCATATTCCCTAGACTCAGACGATCGCTTCAAAGGAAAGCTTAATGCCAGTGACCTCGACGCCAAAGCACTCTTTGATCCAGCCCGACGAAAGCAACTGGAAGAAGCTCAACTCGCACAAGATGACTTGGAAGCCTATCTCAACCAACGCCCCGACGAATACGGCAAAGATCCAAATGGCAACCTACTTCCATCCGAAGAAGACCTCTATAACCAAACCCTCAACGAAGCACGCCGTGAGCGTGAGGCCACGAGTCTCACTGACCTCGCAACCGCTGCCGGAGAAGCCCTTGCTCGTGGCGACAAGACTATGGCTGATGATCTCCAAGACGAGATCCTCCAAAGACTCATTGAACGAGCCGAAACCTACGATCTAAGCCAAGAAGCCATCGACCAACGTATCCGTCAGCTTACTAAGATCATGGATAACGCCGAAAATGTCGCTAAAGAAAAAGCCACCAAAGCAGCCACCCAGCGAACCCTTTCTTTCCCAGCTACACCTCAAGCCCCAGAGTCTGCCCCGGCGACACAGTCCGAGCCAACCCAGACCGTGCCAACAGCTCCGGTGAAGCCGGTGCAGGGGCCAGAAGGAGCTTCGGGTAGTGAAGGGGAAGGGTCTGGAAAAAAAGAGTTGATGAATGAAGCCGTTGGCTTTATGCGCGACGCGCAAGCAGTTATTAGCAACCCAAATATTGATCCTGTAAGCAAAGCTGCACTGATGCGTGAAGCACGACAGCTGATGAAGAGTCTAAACGACGCTCTCGACAGTTCGGCTACTGATCCATTGAAAGCTGGCGGACGACCAGCACCGGCGACCAGTGAGAGTGGCGGTGGTCAAGGTGGGCCGGAGAGCGCAGGTGAGCCATCCGAGGAGGAGCAGAGAATCAAGATGCTGAAGGATCACCGCGGTCGATTAGAGGCCCGGCGACGTGCTTTGCAGAAAGAGTATGATGATCTTAAAGATAAGGAGAGTGAAAAGGGGCGTCGGCTGCTACATCGTATTGGAATAGTAGATGGTATGATTGATAAGCTTAATAAGCAGCTTGATATATTTGGCGGCGGTGCTTCAGGCGGACCGGATAATAGTGATCAGTCACGACGGTCTGGCGCTGCGGGACCAGAGGGATCTTCGGGTAATGACGACGGTGAAAGTAGCGGTGAAGACGATGGCGGTGAAGGCGGTGAGAGTAATAATGAATTGCACGCGGGTGAGTATGAGATGTTGGCTGATTGGGGGGAGACCGTGAATGAACGGGCTCTATTTGAAGCACATGCTCGTCGAGGGACTATTGATAAGAAAGATAAGAAAGATGGCGAAAACGGCGCTAAGGACGAAGAG
CP047921.1_gap10	177494	182489	4995	GATTCACAAGTTAGCGTATGAGAAGGGTGCATATGTCACGGCGCTAGGAAGCACGACGCACGCGGCAGCCTTAGTAGCGCGTGGTGGATTCGCCGCGTCGGTCTTTGCTGGCACGAAGGGTAAAAATGTTGACATTGCGGCAGCAAAAGTTATCGTTGAGGAAGCTGGCGGCAAGGTGACTGACCTCTTCGGCCGGGAGCAGCGGTATGATCAGGATATTTGCGGGGCGGTATTAAGCAATGGAATCGTTCATGAGGAGATAGTGGAGGCGATGAGGACACTAAGAGAATGATGATCAGGGAATAGGAAAACTTGAATGAACGACTTAAGCAGAGTAGTGAACGTAAGGTAGATAAGGAGGAAGTATGAAATTCACACACGGCACACGCCGCCGGGCGGCAGAATACGAAAAGGATTGGGTGCAGCGCTGGAAGGATGGCCAGACGTTTGAAAAGTCGGTGGCGCAGCGGCCGGCGGATAATGCCTACGTTTTTTACGACGGGCCACCGTTTATCACTGGTGTGCCGCATCATGGTACGTTGCTCAGTAGCATCGTTAAGGATGCAGTGCCACGCTACTGGACGATGAAGGGCAAGCGTGTGGAGCGCCGCTGGGGTTGGGACTGTCATGGCCTGCCGGCGGAGAATTTCGTCGAAAAGCAGCTGAATATCGTGGATCGCCGGCAGATTGTGACGAATAGTGTCAAGCGAGTTAAACTGGTAAATGATTTCGATAACGCAATGAGAGTTATTACTAAAGTTGCTGGCTGGATGGGGCAGCGAGGCTATGGTAGCAGTAGCTGGGGTGCCAACAATCTAACGTCAGATAAATTAGCAGAAGAATTTGGGAGAGATAATTTTTATGTAGCTTACGATGACGATAAGCTAGTAGGGAGTGTCGTCATAAGTGATGAGGATAGTTATAATTTTTTTGCAGGAAAAAAGGATAATGACACGTCGGTTGGTTATCTCTATAAAATGGCGGTACTACCGGAATTCCAAAAGCAAGGTTATGCGGATGCGATGTTAAAAGAAGCTGTTCGCTTAAGTAAGCAGGAGGGGGTCAAAGAGATTCGTATAGAGGTTGGCGAGCATCAACCTAAATTGGTGAACTTGTATGAGCGTAATGGATTTCAAAGAGTTGGTGAGCACATATCCACCGAAACAGGAGCTAACTGGTTGCTATATAGTCTCGAAGTGAGTAGTTATCCGGATGCTGTATATAATCAACCAGTGCCACTTGATAAAGACGGTAACCCACTGCCGACCATTAGCCTAGAAAAATACATCACCAAGGCGCGCGAAAGCATGGTGGCCAACAGCGAGACGTGGCAGGGCGTGATCGACCGCATCGGTCGCTGGGTGGACTTTGCGGGTGCCTACCGCACCATGGACAAGGACTTTATGGAGAGCGTCTGGTGGGCCTTCAAACAGCTGTATGAAGCCGGCAAAATTTACGAAGGTGAAAAGGTTTTGATGTACGACACCAAGTTCGCTACCCCTGTCAGCAAGGCTGAGGTGACTATGGACAACGATGCCTACCAAACGGTGACTGACCCGAGTGTGTATGTGAAGTTTAAGCTGGATGATGAAGACGCTGCTGTTTTGGCTTGGACGACCACCCCATGGACGCTGCCAGCCAACCTGATGCTGGCGGTCAACCCGGAGATGACGTACTGCGAAGTAAAGGTACCAAAGGGTACAAAAAATGTGTTCTTGCTCTCGGGTAAGCATGCCTACGCGTCACGTGAGTACTACCCGCAGCTGAAGCAGCAGCTTGAGCAACAGGGGTATGCGGTGACGATTATTGATCATGTCAACCCCGATAGTCCAGACTTAGCAGAAAATGTAGAGCGGTTGGCACAATATGACTTTGCCAATGCGCATATGGTGACGCATTCGCTCGGTGCAGCGACGTTCTTGAAGTATCTGCAGGATGCTAATGTGACGGTTGCATCGCTGACGATGATCGCGCCAGCGTATGGTGTGTCGAATAGTAGTGATGAGCAATGGAAGCAAGAATCGGGCTATGTTGGTCTTGCGGTTGATCTTGCTCAGGTGCGACGGAAGATTGATCAGCGGCCGACTATTGTCTATTCGGACGATGCTGAGGTGCTTAACCAGGGTTTTGCGCAGCTTGGCACAGAGCTTGACGCAGTGATGCAACATGAACCCGGTAAGGGGCACTTCTTTGCGACGGAGAAGAGTTTGGCGCCAGAGATTACACTGCCGCTAAGTGAAAAGTTCATCCTTGCCGAAGAAGCCCTCGAGCGCACCCTGCAGGATGAAAAGCATCAGTCACTTGATTACGACGTGCTGCGTACTTTCCCAGGCAGTGAATTAGTGGGTAAGAAATACCAGCCGCTCGACACCGGCTCGACCTGGCCGCAGAATGATAAAATTCACACTATTTACGCGGCGGATTTCGTTTCGCACGAGTCGGGTACGGGTATTGTGCATATCGCGCCGGCCTATGGTGAGGATGACTTTGAACTTGGTAAAGCCAATGGCATCGCGCCCTTCCATGTGATTGATGATAACGGCTACTACACTGACACCAATTACAAAGGCCTGGAGGTATGGGAAAATAATAAATTCATCGCCAAAGACCTGAAAGAAAAGGGTGTGGTGTGGAAGATTGAGTACATTCGTCACGAATATCCGTTCAATCCGAGAAGCAAACAGCGCATCATGTACCGGGCCATCCCAAGCTGGTTCTTCGACATCCAGGGCCAGAAGCCGCTGATGTTGGAGCAAAACGAGCATATCAATTGGTTCCCGGCTCATCTCAAGCACGGCCGCTTTGCCAAGAATATCGAGCAAGCACCAGATTGGAATCTCAGCCGCGACCGCTTCTGGGCGACGGCCATGCCGGTGTGGAAGGGCGACCGGGGTACGGTCAAAGTGGTCGGGTCGTATGCGGAGCTGAAGGAGCTCAGCGGCGTGGAGCTGGATGATTACCACCGCCCGTGGGTGGATGACATCACCTTTGAAATTGACGGCGAGAAGTTCACGCGCATCGACAAAGTGTTGGACTGCTGGTTTGAGAGCGGCAGTATGCCGTTTGCACAACTGCATTATCCGTTTGAAAACCAGGCCAAGTTTGAGCAGAATTATCCGGCGGACTTCATCGTTGAGTACATCGGCCAGGTGCGGGCGTGGTTCTACTATGTGCATGCCGTCAACACTGCTTTGGCGGAGATTGGTGCCTTTGGCGAGGCTGGTGAGCAGCATAAAAACGCCTACAGCAACGTCATCACCACCGGTGTGGTGGCGGGTAATGACGGCCGCAAGATGAGTAAATCCCTCGGTAACTTTACCGACCCGAACGAGCTGATGGATAAGTTCAGTGCCGATTCTTTGCGCTTTTTGCTGCTATCCAGTCCGCTGCTCAATGGCGAGGATTTTGCCTTACATGATAAAGATGTCGGCGACGTGGCGCGCAAACTTGCCATGATTTGGAATATGTACGACTTCTTTACGATGTATGCTGAGGTTGATGGTTGGGAGTTTGACGGCGAGTTGGTTGATCCGCTGAGCGGTCAAGCGATATCTGGTGACGAAGGCTTTGCCTTTCCGGCAAAGCGAGGCCAAGAGCGCCAACTGGATCAATTGGCGGCCGAGCGGCCTGAGGCAACGGATATCGCGACCGTAGTTAACGTAGTCACGAATCCACTTGACATCTGGATTGTCAGCCGCTTGCATCAGCTGGTCGCAGAAGTTGAAAAGAATATGGGTGCCTACAACATTCCTGATGCGCTTAGTCCGATTTTGCCGTTCCTCGACGACGCCTCCAACTGGTATGTTCGCCGCAGTCGCCGCCGCTTCTGGAGATCGTCGAAAGGGGCCGCGGGCGCTGAGGATGATGGTGATAAAAATGATGCTTACCGCACGCTTCACTACGTGCTGGTGCGCTTGAGCTACATTTTGGCGCCGTTTACGCCGTTCTTAGCCGAGGAGTTGTATCATAATCTGACGGGCGACGATGAGTCGATTCATCTGAAGGATTGGCTCACGGCTGGGGCGGTCAATGAGCAGGTGCTGGCCGATATGTCCCGGACGCGCGAATTGATCAACAACGGCCTTAGTTTGCGGATGAAGCAGGATGAGCATCAAACATCGATCAAGGTTCGCCAGCCGCTGCAATGTGCGGCATATGCGGGTGCAAAGCTGGCTGAGTACTACGAGCAGATCATGGCCGAGGAGCTAAATGTTAAGGAAATTCGCTGGATTGAGAATCTAGACGAACACCTGGCGGACTATGACGTGACCGAGGGCATGATCAAGCCAGAGAATTGGATCGAAATTAGCAAGCAATTGACGCCCGAGCTCAAACGCGAAGGCCTGATGCGTGAAGTCATTCGCCACGTCCAAAGCGCGCGCAAGAAGGCGGGATTGCAAGTGGACGATCGGATTATGCTGCAGCTGACGACGAATGACGAGCAGCTCCGCCAAGCGATTGATGAGCATGCTGAGGTGATTGCTACTGAGACGCTGGCGGTGTTTGGCAAGGTACATGACAATCAGTCGACAGTGATGGTTGAAGGGGCTGAGCTCGAGATTGCTCTTGTTGTTGTAAAATAGTCATCATGATAAAAGTTACTACCTCAAAACTAATGCGTGACAAGCGTTTGCTCGGTCTCGCGCTGATCGGGCACTCATGACCTTGGCGATCGCCATGCAACGCGGTACAATGGGTCTATGTATGGTTTAGCAGTGCTCAGTCAGTTACTCTTTTTCGCGCGAGCCGGTGGCGGCGGGTCAAGTTCTGGCGGCGGTGGTGGTGGCGTTGCCCTTTTCGGGATACCGATGGTAGTTGCAATTTCGGTAAGTGGTTTTGTGAAAAAAACCACTCAGTCAAAGATGGCCGCCATAGCGGTCGGGTTTTTGGCCGGTCTACTCGCTAGCTTGTTCTACCTACTCGGCGGTGTTGTTATATTTACTCTGGTGGCTATCTCGGCATTAGTCGGTGCGATTATCGGGGCATTTACGGATA
CP047921.1_gap11	373478	374241	763	ATCATGATCAATCAAGGCGAACGTGACCGGACAGGTTTTGACGCGTGTGTGCAGCCGGTTCAGTGCCCGCGCTAGCTGCTCAGCCCGTCTGGCGTCACGTCGGAGCACGGCATAGGCATAGCGTTCGGCGGTTCGCGGCCCGACACCGGGCAGCCCGCCAAACTCATCAATCAGCGTCGTCAGCGCCGCCGGCAAAATCGTCGGTTTCATTAGAACGGCAAGTTGCCCAGCCCGCCCATCAGCGGTTTCATCGTCTCGGCAGCAACTTCCTGCGCTTTGGCTAGACCGTCGCGAATTGCGATTTGGATCCAGTGCTCCAGCTGCTCGATATTATCGAGGTCAACCATCTTTGGATTAATCTTGATCGACTTAATTTTTAGCTCGCCGGTGATCTGAACGACCACCGCACCGTCGCCGGCCTCTACTTCAATGATTTCCTTGCCGAGTTGTTTCTGGGCCTTGCGCAGTTGCTGCAACATCTTGACTTGGTCAAACGCCATAATTATTGATTCCTCCTTGAATTTACTTTTTCATTATACGCTATTTTTTCGCCAATTTGTAGAGGTAAAAGCGGTCAGCCCGCTCGGCGTGGCTATTGGTGACGATGCGCTCCAGTGTCCAGCCGTCAGTGTTGGGGTGAGCCATTTGTTCAGCGCGGGTGATGACGAGTGTAGCGCCCCCCGTGGTTGGTTGATTGACGGCGAGTTTGTGCTTGCTATAGCGAGCGACGGTTTCGTAGAGCGGCGCCTCGTGCGGGTTAGCG
CP047921.1_gap12	401227	403913	2686	CCTAAGTGATGACTTTTCTTTCAGTATTACAAAAGATGAATGCATAAAGTTAATTAAGGAGTTTCGACGCTTATCAATCTTTCAGATACAGCAAGTCATCGATGTTTTAAGAGAAACCATGAAGCCAGAAAGATACACTGGCAACAAGACGAATCAACGCGATTTTCATAATTGGAGAAACAAGAACGATCGAATTTTTGAACGATTCTCTCAAACCGTATATTTTCAAGTTAGTGGTAAAAACAAAGATCGCGAAGTCTGCTCTCTGTCTACAAAGAAAATCGTTGCTAAAAGCGGCAAAATCGTCGAAATACGCAAGCGGTCACTGTCTGAAAAGATTAAATATTATAAAAATCATGAGATACCAAAAAAGATACCGGGATTTGAATTACATCATGTTGTTGCCCTATCTCTCTCTGAAAGCCCCGAACAATATGACATGTTCGATAAATGGCAAAACATGGTGTATATAGACGCATTCAAACATGCTCAAATTACACAAAATCGAAACCGCAATGTCATAATGCGCACAAAATTTGACGATATCTTGCTAATAGATTATAGTAACAACGTAGTCTATCTTAGAAATAAGAAAAATATAGCTTATAAGCCAGAGCTTCAGTCTGCTATGACTGAATATAATAAATCCCTGCGAGCAACGTTGAGTCGCTAAACCTCATAAGATATCCGTCTAATCAAACAATGGGCGACCAAAGGCGGAACATCTACGAAAAAACCGCCTAATAAGCGGCAATTTTCTAAAAATCTATCTGGAGCCACGATCGGGGCTTGAACCCGAGACCTCATCCTTACCATGGATGCGCTCTACCAACTGAGCTATCGCGGCATTACACCATCGCCTGCGGCATGCGCTCTACGTATGTTTGCGTTTCACGCGTAAGAGCTATCGCGGCACACCGGCTACGCCTGAAAACGGCGCGGCAACATTCGTATTGTACCATATTCACGTGGCCGTGCAAAGACGATGGCGTTCTCAGACTACTTCTCTGCCTCGACCTGATCTGGCTTGTCGGCGGCTTCAGGGGTGGTCGGCGCAGTCGTTTCTTTGGGCTCTTTTTTGTGCGCTGTCGGCTTGTTGGCTTTGGCTGAGTCAAACTCAGATTCGATTTCGCTAAGCACATAGCCCATAGCGGCGACCAGGGCGATAGCAACAACTCCGCTCGTAACGTCGTAGTAATGGGTGAAGAAGCCGAGAATAAAGGTGACAACGGTGGCAAGGAACGTAACGACAATGCCGGCGGTGGCGAAGAGCCAGCCTCGGGTTTGTTTGCGTCGTAGCGGTGAGATAGCCAGCCCAAAGAGGACAATTTCGGTGACGGCAAAGATTAGCGTGATGATCTGCTGCAGGCGAATGAGAACGATGTTAGGTACAAAAATAGAAACGCCAAAGAGTGAGATGCGATCAGCTTGCGACAGAAGTGATAGGGCTGAGGTTAGTGACAAAGCAGCCACCACCGCCAACATTGCAGCGACAATCCAGAGGTTGTCGGCGACCGCTTGGCGCGATTGCTTGGACATGCGCGGTAATGGTTTATAGAGTGTTTTGAGTGTTTTGGCAAATGGAAATCGTTTCATGATTTGATAATAGCATGTCGGGAGGCGGTGAGCAACTTAGCGTGAAGTGCCGGTGGATTTTGTGGTGCGCGCTCGGGTTGGTTTGGCTGGCCGCGGCAAGCGCGGTGCGATGATGGCGTCCAGCACTGTCCAAGCAATGCTATTGACTAAGAAGACTACGCCGACAATACCAGCGATCGAGGCGGCCAGGTGCGCAGCGGAACTGCTGATCAGGACTAACCCGCCACCGACAGTCAGGCTGATGATGGCTAGGGCGACGTAGGCTTGCTGTAACTTAAGGCGCTGATTTTTCTGCTCGTTCCAGGTGATCAGCCCTCGCTTGATAAGTTCTAACATGGTGGAAATTATAGCATTGTTTATGAGTAAAGTCAATAAGAGAATACTGGCTGGCTTGATGCTCAGTATGACTTGCAGAACTCAACGAACCCGTTTTTATTGTATTCTGAACTATTATGCAAAATATACAATTTCTCCTTTGCTCTCGTAATTGCCACGTAAAACAACTTTTTCTGATCGTCTAGAACAATTTGTTCAGTTTCGCCAAAAATCTCAAACAAATGAGTATCCTGGTGATACATAGGAATTATACCGTCGTCCGCCTCTAAAATTATCACGACATCCGCCTCCAGACCTTTCGCTCGATGCATTGTCAGAATTTCAACCTTCTCCTTAAACTCGTCTTCGTGCATAAACTTTTTTTCAACCACTGCTGAACAAAGCCGATTATAAAACGCTAGCAAATCTATAAACCAAAAAGATGTGTCATTATTGCGGTGTAAAAGCAGAATTTTTTGTTTATCTTTGTTACCCTTGATGATTTCTGCTACTGTTTTAATATACTGCACTGCTGCTTTTGACGGATCTCGCTCTTCCGACACCATCATTGCTTTTTTATAAACATTGTCCTTATCATCCCTATAATCAATATATGTTTTAGTTGGGTCAATTAGTACTACTTCGCCATTATATCCGCTATTAGCACTAAAATTACCGTTCTCGCCCAAACTATTTCTCATAAAAGTTCTGGCGTTTTCAACAATCCTTCTATCACATCTATAGTTCGTTGTAATTTCCAACTTGCGGCTATCTT
CP047921.1_gap13	414976	419190	4214	CAGGTCGCGAATGGTGCGAATTTCATTGTTAATCAGCGCGTTCGTCGTGCGGGCGCTTAGGTTTAATTCTTCAATCGACATGTCAAGTTCCGAATCATCCGACTCGTCATTGCCCAGTGCTGGCGCACCAGTCACTACGGTCGAGCCTGCCAGCGCGCTATATTGACTGACGAGAATCGCTGCTGCCTCCTCAAAGGCTTCGCGCGGTGTCATCGTGCCGTCGGTCTCCACCGTCAGCGCCAGCTTCTCGAGGTTGGTCTCGTCGCCAACACGGGTCGAGTCGACCTTGTAGCGAACGCGCAGCACTGGGGTAAAGATAGCGTCGAGCGCGATCATGTCGGAGTGCAATCGATTGGCACTTGACTCTTCAATCGTCTGATAGCCACGGCCAGCTTCTGCCACCAAATCCATGATGACGGTCTTGTTCGGATCATCGATGGTAGCGATGATGTGGTCTGGGTTAACAACTTCTACTTCGCCGTTTGCTTGGATGTCGCCAGCGGTGATAACACCACCAGTTTTCTCCAGACGCAACTCAACTGGCTCGTCAGTGTGAACGCGGAGTCGCACACCCTTTAGGTTCAGCATGATATCGACGACGTCCTCTTTGACGCCCTCGACGGTGGTGAACTCGTGTGTCGCACCCTCGATACGAAAGGCAACGATCGCGCCACCGCGAATGCTCGAGAGCAGCACCCGGCGCAAGGAGTTGCCAAGCGTATTGCCATAGCCGGCGTGCATCGGCTCGATCAGAAAGGTCGCACTGGTCGCGGAAATATCATCAACGCTCGCGAGTGCTGGATTGTAAATTGCTTTTGCCATAATTCTTCCCTAACCCTTCTTTTATCGTGAGTAATACTCAACAATTAATTGCTCGTTGATGTCAGCTTCTGCTTCCTCGCGCTTCGGCAAACCAGTAACTTCAATCTTCAGCTTCTTGCTATCGCTCTTCAGCCAGCTCAGCGGGCCTTGGATTGAATTATTGATCACATCATCAATCCGCGTGAAGTATTCAGATTTGGTGCTCTTTGGACGAACGGTGATGACGTCACCGGCCTTAACACGAATTGATGGAATATCGACGCGGCGGCCGTTTAGTTCGAAGTGCCCGTGGCTGACCAACTGGCGGGCAGCGCGGCGCGATACGGCAAACCCAGAGCGGTAAACTACGTTGTCCAGCCGGCGCTCCAGCAGCTTCAACAGATTCTCGCCCGCCAAACCTTCCTGGGCGCGGGTTGCCTCGTTCATCAGGCGCGCAAATTGCTTTTCAACCAAACCGTAAAGCCGGCGAACCTTTTGCTTTTCGCGCAGCTGCGTAGCATACAGACTTGGCTTACTTTGGCGGCCGTGCGCGTGCTGGCCTGGGATGCCAGATTTTCGCGCCAAAACCTTATGTGCTTTTGGATGAAGCGCATAACCTTCGCGGCGGCTTTGCTTGACAATCGGTGAATTATCTCGTGCCATAATTATGCCCTCCGTGCCTTTCGTGGACGAACACCGCCGTGAGGTACGCCAGTTACGTCCTTAATGCTTTCTACTGAGATGTCGAACGCGCCAACCGCACGAATAGCGGCGTCACGGCCCAAGCCGACACCTTTGACGAAAACGTCAACTGATTTCAAACCATACTGAGTTTTCGCAGCTTCAGCAGCTTTTTCAGCAGCAACCTGTGAAGCATAGGCGGTGCCTTTTTTGCTACCACGGAAACCACATGCACCAGCTGATGAAGCGGTCAACACGTTACCCTTCTTGTCAGAAAAGGTAACAATAGTGTTGTTAAATGTTGCTTGAATATGCAGCTGACCAGCTGGGACTGATCGGCGCTGCTTCTTCTTGGTAGATTTTGCGTCTGCCATTTCTTAGTCCTTTCTTTAGGTCTTACTTGCTGCTTTTGGTTGTGTACCGCCCACGGCGATGGCGCGACCCTTGCGAGTTCGTGCATTCGTACGAGTCCGCTGTCCGCGTGTTGGCAGTCCTGCTTTATGGCGAAGACCGCGATAGGCGTTGATATCCTTCAAGCGCTTAATATTATTCGTCACCAAGCGCTGGAGATCACCTTCGACGGTGTATTCGCTGTCGATAATTTCGCGAATCTTGTTTTCTTCAGCCTCGGTGAGATCTTTCACCCGAGTGGTCGGCTCAATCTTAGCCGCCGCAAGGATGCTCAAAGCGTGCTTCGGCCCAATCCCATAAATATAGGTGAGCGCAATTTGCACCTGCTTCTCTGTTGGGATAACTACCCCAGCAATTCGAGCCATGCTTAACCCTGCCTTTGCTTGTTCTTAGGTTTTCTTTTGTTGATGACGTACAGGCGGCCTTTGCGGCGGACTAGCTTGTCACCTTTCTTGGGATCTTTGTCGATCTTCTTGACACTTGCACGAACTTTCATAAAGTGCTCTGAAATCTCCCTTCCCGAGTAAACCCGAGATTATCGTTAGTATTATGACGAGCGCCGCGTGTTTCTCGCCACGTGCGCTGGTCGCTCCTCCTTGAGGCGAAAGACGATGCGACCCTTTGTGAGATCGTAAGGAGTCATCTCGACTTCCACCCTATCACCAGGCACCAGGCGGATGTAGTTCTTGCGCATCCGTCCCGAAATGTGCGCGATGATACTATGGCCATTCTCCAGTTCCACCCGAAATTGGGTATTAGGCAGTGCTTCCACCACCTTACCAATCATCTTGATGACTTCCTTTTGACTCGCCATAAGTTACAGTTGTCAATTATACCGTATCGCCTCGGCGATTACAAGAGGGACGAGCGTCGTTTTTTCGACTTTTTCTTGGTCAGTTCGTCTGGGTCAAAGTCGTCATAGGTAACCATCAGAGCGCGCGAGTTGAGCTGGCGTAGTGACTCGAGGCCGACTGAGACTACGATGAGCAGCCCGGTACCGCCGATCGACAGGCGTGAGCCACGGATTGCCGCTAGGTGATACATTAAATATTCAGCGACAAACGGCAAGATGGCGATGATACCGAGGACGATTGAGCCGAACAGAATCAAGCGATTAACCGTCCGCGTTAGATATTTCTCGGTTTGCTCACCGGGCCTGACGCCCTCGATAAAGCCGCCCTGCTTTTGCAGATTCTCAGCGATTTCGTTGGCGTTAAAGACGATCCCGGTGTAGAAGTAGGTAAAGGCAATAACCAAGAGGAAATACAGCGTCGGGTAAATGAACGCCTCCCACGTGCTGCCGGTAAAGGAGCCCGGGTTTGGCGCCTGAAACCACGTGATCAGGGTGTTGGCGGTGTTTTGCAGGTTTGGATTGCCTGAGGCCTTCATGACTTGGCCGATGAATTGCGGCAAGCTGAGGAAGGCGACGGCAAAGATGACCGGGATGACGCCAGCAGCGATTAGCTTGACCGGCAGGATGCTCTTGATACCGCCGTAGCTGGAGTTGCCATGAACGCGCTTGGCATAATTGATAGTGATGACGCGCTGGGCCTCGTTAATTTTTACCAAGAAGTAGAGAACGATGAGCGAGGCGATAGCCATGATCACCACCAGCCAAAAGACGGTTGGATTGACCGGCAAGGTAAACCAGTTAAAGACGTTCAGCCCGCCAGCCGCAGTGTTCCCAAGCGACGAAATGAGTGAGCCGAGCATCTGCGGGATCTGGCTGATGATACCAGCGAAAATCAAGATCGAAATACCATTACCGATACCCTGCTCGGTGATCAACTCACCCAGCCACATGAGCAGGACCGACCCGGCTGTCATCGCCGTCACGCCAACTGTCCACTCGAGCATCGTCGGGTCGCTCAGCGTAGTCGTACCACCGGCCAGCACTGTCTGGCGCAAGAGGAAGATAAAGGCGATCGACTGGACGATAGCCAGCGGAATAGTCAGCCGCCGCGTCCACTGCTGGATCTTGCGCCTGCCTGATTCGCCGTCCTTGTGTAGCTCTTCGAGCTTTGGAATGGCCTTGGTGAGTAGCTGGGTGATAATGCTGGCGGTAATGAATGGACTGAGCCCAACGAGCACGAGTGAAAAGCTCGCCAGCGCGCCACCCGAAAGCAAGTTCAAGAACCCGCCGAGGTCGGTCTGCCCCAGCGCTGCTGCCAGTGCCGTCTTCATCTGTGTCGGATTAGCCAGCGGCACCGGAATATGCGCCAGCATTCGATACACCACAATAATCCCCACCACAATGGCCAGGCGTTTCTGCATATCTTTATTTTTCAGCGACCGGAAAATTATTCTCCAATTCATGTTTT
CP047921.1_gap14	457012	460965	3953	CATATCAACCGAGCACATGCTGTTGCAGCCAGCAATACATCGCCACAGTCGCTGCCGCGCCAACATTGATGGAGCGGGTCGAGCCGAATTGCTCGATGGCGACAATTTTATCTGCCGCCTGCACCATCTCCTCGGAGATTCCCGGACCCTCTTGGCCAAACACCAGCACCGCGCGCTTTGGTAGGGTCGTCTCCGCCATATTGACGCTGCTCGGGATATTGTCAATCGCGATAATTTCTCTGTTTTCAGCCCGCATTAGCTCGACAAACTCCGCTGTCGAACCGACATAATGCACATGCAAATATTTATCCGTCATCATGGCGCCGCGCTTGTTCCATTGCCGCCTGCCAATCACATAAATCTGCCGCACGCCAAACGCATTAGCGCTCCGGACAATCGTTCCCATATTAAAATCCCGCTCGGTGTTCTCCAGAGCAATCACCAAGCCGTGGTCCTTGGCGTCTAGCTCCTTTACAATCTCCGCCTCGCTGCGACCTTTGAATTTGTCAATCACATTTCGTGTGTCTTGCATCTCTGTTATTTTAGCAAATGGGGATGAAAAAACAGAAAAACTTGACAAAAATCATTGACATTTTTTCATATAAGTGATATATATATCAGCTTTTGTTGACATAAATTTGACTTATTGTCCAAAGGCGTTCATTGACAAGCAGACGACACAAGGTGAGATTTTGCTTCTTTTATGGTAAGAGGCGCGAAACCTCATCTTGTGTGTTATAGGATTGCACACGTCCATTTATTGGATGGCATGTCGCCAAAGATGCGGAGAAAGAGCTACCATGACTCACATGGTTAACATCGAAGGTATTTCACTGGCAGAAGTTCTCGCGAGGCTTTTTAACAATTCCAGGCCCGTTGGTATGGGTATCTTCGCAGCTGCGCATGGCCCTCAAGAATTGAGCGTCGAGATGGCGCAGTCGATCATCGACGAAAAAAAGAGGAGGGGTGGGAATATCTCCTTCGACTACCTCTTCGGGAGACCGTTGAAGGTGCTCCTCTCAACCGACCGAGAGCTGGACCCCCGGCTCTACGATCGGGACAACGGAGGCCCGGGGACGGCGGCGCGGCTCATTAGTGAGTTGCGCAGGGCCAAAGGCCTGACTTAGTACCAGGCCAAGCATGACAAGTGAGCGGCGGAACACACGTTGTCTCACCTAAGACAACCCTATCCCGTCTGCTTGTCATGCTTACCATATATCTGCATAATACCCCGAGGAGACATCCTCAGTTTTTATAGTCAAACAATATAAAACGATGAGCGCTGACTCATCGTATGATTTCTGGTGCGGATGAAAGGACTTGAACCTTCACGTACTTGCGTACACTAGCACCTGAAGCTAGCGCGTCTACCAATTCCGCCACATCCGCGTGACTACCGAGTATTATACACGACCGGCCGCTCCTCCGCAAGGAGATTTCCCAGCCGTTTCAGCCCGCCAGCCGGCACCAAGCATTTAATTCTTCTGCCAGTTGTTTCATCGGCACAGCAGTCTTGATACCCGGCGCGAGGATGCCTTTTGGATCAAAGATATGCTTGATTTTTGCATACAGGTCACGCTCCTCGGGCGTCAGTGTTGGCTGAACAAATGCCGCCTTGAGCCGGCCCTCGCCGCCAAATCCCGCGAACGACCCTTCGTGGCTAGTCACGATCCGCATCATGTCCGAGCAGAGTTTGAGGATACGTTGGCGGTCACTGACCTTTTTGCTCGAGAACACCGGATAACTATTGATCATGCCAGTCGTCGCGTCGATAAACAGCGGCATGGCCACGCTGTATTCTTTTTCAAGCGCGCGCATCGACTTGATAAAGCCGTCCAGCTGCACGCCCGGCAGCCACATCCCAGAGAATACCTGCGGCATGACACCGTGCTCATCCGTTGGATGCTCCGCCAAGGTCAGCACTGAATGTAGCGTAAACGCTTCTTTCATTTCCACGTCGCGTAGCTCAACCTGCACAGCCGTGCCACCGCGAAGCGCACGTAGTAACTTCTTGGCAGCCTTGCTACGCGCGCGGTCCGAAAACGCGTGAAAGAGCGCCACTACCACGCCACCGCGATAGCATTCTTTTGGCGCCCATGCTAGTTTTTTACCCTGGGCTGCCGCCCGCGAGAAGAGCCGCCCGTCGATCAGCTCGACTGTCGAGGCGCCCGCTTGCAGGGCCGTGTCAACCGCCGCCTGCGCTGCATTCATTGAACTATACGCGGCACTTACCACGGCTAGTTCTGGATGGATGAAGTCAGCTTTCATAATTAGCTCGCCGATGATACCGAGGCTGCCTTGAGCGCCGACAAACAGCGGCGTGAGGTCAAACGAGCCGTCGCGCTGCCGCACCTGAGCGATGCTCGAAAAGCCGGCCATCTCTGGCGCACTAGCATCAATCCGAGCGATCAGCGCTTCATTATCGGTTATCAAATTATCCAGCTGACGGTATAATTCGCCCTCAAATGTCGCCAGACCCTTCTTCTTGCTCAGTTCACGCTTCGACAGCCGACCGGTCTGTACAATATCGCCACTTGATAGAACAACTTCCATCTGGTGAATCGACTGGCTCAATAGACCATACGCCGAGGACAGCATGCCAGCCGCTTCAGTACTAATTGCGCCGCCAATCGTCCCGTCCTCACCCGTCAATGAAATCTCCGGCAGACCCAAACCTTTATGCGTTGACAGAACCACTTGCGCCGCTCTGTGAGAAATACCCGACTGGAGGTGAATCAGCTGCTGCTTAGCATCAATTCCGACGACATTATGCATGTGTGCCGCCATGTCAATGGCGATGCCACGCCCAATCGCCGCACCCGTACTGTCCGTGCCGCATCCGCGCGCATACACCGGCAGGACGTGGCCCTTCTCCGCCAGTTGCGAACAAAACCGCAAAATCTTGCGCACATCACTCGTATCTGCTACTCGTGCGATCAACTCCGGCCGGCGCGCAAGCACGCTCCCGTCCCGCTGCGCATCCGCCAGAGCACCGTCATGCGTCACCACTTCACCCGTCAGATGTTCATTCAAATACGTCGCAACCTTATTCATAGTCCCCCTTTTTCTATTAATTTCATGATAGCACGGTCGAGGTGGAGCGTAAAGTGTATTGCCTGGGCGCGGCGGGTCATGTATAATTAAGGGGTGGATGCGCCTGACAACATGACGCACCTCCTTGACAAGTAGTTATGCGGATGTGGTGGAATTGGTAGACACGCATGCCTTAGGAGCATGTGCCTCACGGCGTGAAGGTTCAAGTCCTTTCATCCGCACCAAGGTTTTATTTTATGGGAGATTAGCTCAGTTGGCTAGAGCGCACGATTCACATTCGTGAGGTCACAGGTTCGAGCCCTGTATTTCCCACCATCATTGCATTTTTGTAAAATATATGATATAATAAAAAGCGTAGTATTTAATAATCTACACTTTTTATTATGCCAGAGAAAATTACTGCAGAAATCGGTGTTTTTGATATTCCGCGATCCGAAGAAGAAAACTATAACCAGCCCATAGGCCTGGCAATCTGTGGCGGCACGAAGGACATAGCTAGGGTTACTATTGCTCTTGCCAACCACGGGCATCACAGCGACCTATATTCGCAACTACTAGAAGAGATAACCAACAAAGAGAGAATGCCTGGGCTGTATTTTAATGGAGTGGACGCTTACAGATTTTTGAATAACACAGATAAACTACCGACAGTAAATTATATAGACAGAGGCGATAGTTATCGAAAAATAGCAGCCCAAGCGCTATATACAGCCTTCATGACCCAGTCCCACCTTTATATACCGGCTGACAATTCATTACGCTCTCTGCGGATTAGACGTAACCAGCTAGAAAAGGCAGTTTTTCAGACCTTGACTTAATATGTGGTATAATTAACGAGAATAAGGAGGTCTGTGATTAACATCAGACCATATTTTTATGAAAGACGCTAGCAAGATTCG
CP047921.1_gap15	525729	527848	2119	CGCTTCAACCACCAACGGATCTATCGGCGTGGCAGCAGCGTGATCAAGATATATCATAGAGGATTCCACACATACTATTATACCAAGCGGCCCAGATGGCGGCTACACCAACTGCCCAGTTTTCGGATCACGATTATATAGCTGGCGCGCTACCCGTTCATGATATTCATTAACTGCCAGCACAAAGTTTTGTAATTCCTGCCCTTCGAGGTAGTTATACTGATAATTAGGCTGAATTTTCAAGATGCCCTTCGGCTGCACCTCGTAGCGCGTCGTCAGCTCATGACGCTTGCCGTCCTTGCTCATCACTTCTTCGTGCCAAATCCACGTCGTTTTATCGAGGTTAAAGAACGTCCGTCGGACGACGTGAGCCGGCTTTTCACCAAAAATCGTTGCACCAATTTCACTCTCCAGTTGAATCAGTTCGCGCTCAGTCAATTTTTTCAGCGGCCGATCTTTACGAGTGAGTCGCAGTAGTGAGCGCGTCGATTTCGGGACTTTTGGCGCCGAGGCGGCGTGAGCAGGCTTTGCCGATTGAGATGAGCGTGAAAGACGCGTGTTATCCGCCAAAACGAGACCAAGGGCTTTTTTGAGAATCGTTGGCATAAATCACCTCCTTTCAGGCTGCTCGTCTATAATTATTTCTATGATCCTTTGGCATGGTGTCAGACGCGCCGAGTGTTCTTGCTGCATCTGTATTATAACCCACTCGATACTCCCCAATGAGCCGACCAATTGCTGTAACAGTTTGCAAACATTCCTCAACCCAGCTCTCCAGTCTTCGTCGCTCCTCTAGCGATATCGTCACCGACTCGGCTGCACTATCAACCACCTCGGCACTACCACGCACTGCCGCTTCGGACAGACGCGGCGCCACTCGCTGTGATCGCTCTGGGTGTGCTTGTGTCGCCAAATCCAGCGCTTCGGCCCGCGCCTTTTGAATCGACATCATTTCTGTGATTGGTCTTGGCTGCTGATTCATTATCTCTCCACTATTACAAGCCAAAAAGTTTTACCGTGTTATCGGTCGCTGCTTTTTCGAGGTCGTGAAGCACTAGCTTGCGCTCCATCGCCCAATACTTTGCCACCAACTCCACATATTCTGGCTTATTCAGCTTACCACGAAATGGCTTCGGTGTCAAGAACGGTGCGTCGGTTTCTAGCAATAATCGCTCCAGCGGAATCGAGGCGAATAATTCCTGTTGCGCCTGGTCTTTGGTGAACGTGCTAATGCCATTCAAGCCAACATACAATCCGCGAGCAAACCCCTTGTCTAAATTAAGGCGCGTATCAGTAAAACTGTGTAGTACGCCGCGCAGCCCATGAAAATTATCAAAAATTGGCCAAAAATCATCCCACACCGACGGCTGGTCGGGCACGCCATCACGAATATGAAAGCTCACTGGCAAATCATAATCTATTGCCAGCTGCAGCTGCGCCTCCAGCGCCTGAATTTGCACCTCGCGCGGGCTGTGATTGTAATAATAATCAAGGCCAATCTCACCAATCGCCACAATCGGTGAATTCTCCGTCCTATTTTTTACCAGCCGCTCTATCTCGCCCCAGCCGTCCTTGCTGTCGTGCGGATGAACGCCAACTGCTGCCCACACACAGTCGTGATTTGCAGCAAATTCCACTGCCTGTTGGCTACTGCGCTGGTCAGTGCCAACGCAAATCATGCCGATGCCCGCTGCGATTGACTGTTGATATAGCTCCTCGCGATTATCCGCGAAAAACTCAGTATCGTGCACATGACAATGCGAGTCAATCAAGCGTAAGTCTGCCGCCATACTATTCTCCGCCGTCAGACTCATTATTATTTACCCTGGTTTTCTACTTTTGACGCACGTGGGTCGGCTGTGTGGAGGTGGAGACGCGGGAACAGTGGGGTCAGCTGTGATGGCACAACGCCGCTGGCAAACATGTCGTGAATTTTCTTGGCAGTTTGCGGCATAAATGGACGAAGCATGTTGGATACTTGGAGTAATGTACCACTGGCATGCGCCAAAATCTCTGCAAGGTGTGCTTCAGCATCGGGGTCTTTATCACGTTTTTTAGCCACCTGCCATGGTTGCACGCGCTCGATGTATTGATTCAATGAACGGATAATCTGCCAAAT
CP047921.1_gap16	531370	535424	4054	CGAGCCCGAAAAATCGTCACCGTAAATGTTGTTCCTGTCAGCTCCATATCAATGTCTGGCTTAACAACGTCACGCCGCTCATCAACCGTTACCCGCGCCAGCTGTAACGCCTGGCGTACAGTGCGTGCTCGGGTCATGATTGTCTGCTCGCGGCCGCGGTCGCGAATCGTCACCAGCCGCTCCGCTGACGACTGGGCGTGATTATCTTGCGCCTGGGCAGGTTGAGATAGCAGCAGGCCAACCGCACCGGCCACGAAAGCCATGAAGCAGCCCAGCAAAACAACTGGCCGCCAGCCTTTCTCTATGTGCCATTTCCACCATTTCATCATTCTGCTCTAGTACCTAATTAACGGACGTATTATACCATATTTATCTAATAATTACTAGTACCACCCTCTGGCCTTGCTGTGCGCCACCGCCTTTTCCCACGAGCCATATCGTCTCATCACGTAACCATGCATCCAATTCAGCGAATCAACTGGGTTGAGCGGATTTCCTGGCACCTTGCTACATGGTAACGCCTGCGCGAGGCCACAAGCACCGCTCCGGCTGCGAGCATTCGGATTCCAGCCGCTTTCTTTCTGTACCAGCCACTCAGCATAACCCCATTGATCACGCGGGACGTTTGACGCAGATAGCCACTGATCTTTATTGCCGCCACCAGTATATGGCATAGCGGCATTCTTTGTGCCGATAATTTCAATTTGTTTTTTAGGCTGTTTTGTTACTTGGCTGGCGATCTCCCGACGACTCACTTCCTTGCCATTTTGCACCTCAATCTCATAGGTCACCGTCCGCCGGCCCTTTTCGCCCGCCTCTTTCACCTCCTTGTGGCCCGTCTCGCGATTAGCATCCCGCACTGTCTCAATCGGAAAAGCGACATCTTCATCAGTGGTAATCGTCTGCTTACCGTTGCGCCAAACATCCAGCCGCATGCCACTGGTAATCGGCGCCCCGAGCGGCATTGATACGGTATCGTTACTGGCCAGCTGGACATGCTTTTCCTTGAGCAGTGCGCCAACGGTTTTTGCGTGGGTGCGCACTTCAGCCAGTGACCCGTAGAGATTGAGCTGGAGTGGCGTGGCCCGCTTGATGGTCAAGACCGCATTCGTGCCGCTGGCAACCACGTTTTCGGCGGCATGAATATCGACAAGATCCTCGCTATAGAGTTTGATCCCCGCCGCTTTGGCAATTGCTGCCGGCGTTTGCTCAGCCGTAGTCAGCCGAATACGTGCCCTACCATCGACTACCGTTACCGGTCGAGCCCGAAAGATATTAACATTATACGAGCTAGCGACCAACTGCTCGTTAAGTGCTGGCTCCACTACATCTCGCCGCTCGTCAACCTCAATCCGCGCCGCCTTCAGTGCCTCGCGCACCGTTTTTGCCCGAGTGATAATTGTTTTCTCGACTCCCTTATCATAGACACTCATCAGACGCTGGCCGTCGCTCCGTGATGGACGCTCGGTACCCTGCGCCAGTGCAGCATCCGCCAGCTGGATCAATGTCACTCCAAGCACGAGCAAACCGATCAATAGAAAAATCTTCTTTGAATGGTAGCGAATAGATAAACTCTTTTCCATAATCTCGCTCGTGGACAGCGCCACAAACTGCTATGTATTATATCAAATTTTCTCTAATCTGGCGAATTCTACATTAAGCTTCTTCGTATTACCGTCATCAAATTGCACCGTCACCGCCATCCCGTCAACATCCACCACCTCACCCGCACCAAATTGTGGGCTTCGCACCCGATCACCGACCTCTAGACCTATGTCATCAGTATAAAACGCATCGTCGGATGGCGGCGCGGCAGGTGCATCCAGACCACCGCTCATCAGCCCCATCTCATCGAGAAATCGCGACGGCAGATTATAGCCGATCTGACCAAACTGCGTCCGTGAACTAGCACAGGTCACAAACAGCGCCTCTCGGGCCCGCGTAATCCCCACGTAACAGAGGCGGCGCTCCTCCTCAATGTCGTCCGCCTTGCCGCTATCAAATACCCGTGCGTGCGGCAAGATTCCTTCCTCCAAGCCAGTCATAAACACCACCGGAAACTCCAGACCCTTCGCAGCGTGTAGCGTCATCAAGGTGACCTGCTGATCCGCTTGGCCATCGCTTGATGACATCAATGCCATATCCTCGAGGAATGTCGACACGTCAGCATAGGCGCGCGCCTCAGCTACCAAAACACCGAGGTTCTCCAGCCGCTCTTCGGCCTGCACACTGCCATCGTTCACCGCTTCGCCGTAGCCAGTCTGCTCAATAATTTGTTCGATAACCTCGGCTGGTGCGTCGTTCAGTAATTGTTGTAATTTTTGCAGCAATTGACCAAACGCCCGCAGCGACTGCTTGGCGCGAGCGCTCAACCCTACAGCCTCATCAACCGCCACCAGCCCTTCAATAATATTCCGGCCCGACTGATCATTCCAGTCGAGAAATTTCGCCACACTCACTGCGCCGATACCACGCTTTGGCAGGTTAACGATCCGCGCGAAACTAACGCGGTCACTGGGCTGATATAATAACCTGAGATAAGCTAGCACGTCCTTGACGACTGCTCGATCCAGAAACCGCAGACCACCCACAATCTTATACGGGATGTGCCGTTGACGCAGCGCGCGCTCTATGGCGTAGCTCTGGGCATTGGTGCGGTACAGTACTGCTATGTCACCATAGGATCGGCCCATCCTGGCCTGGCGATGAATTTCGTCAGCCACTGCTTGCGCCTCCTCAGCCTCGCTGTACAGTTGCCATAATTGCGGTGTCATCCCGCCAACCGCTTCTGTCCACAGGTTCTTGTCGGTGCGCTGGGTGTTGTGTTGGATTAAGTTATTTGCCACCGTTAAAATCGCGCCCGTCGAGCGATAGTTTTGCTCTAGTTTAATCACTGCCGCACCCGGAAAGTCACGCTCAAAATGAAGAATATTGGTATAATCTGCGCCGCGAAAACTATAAATTGACTGTGCATCGTCGCCGACCACACAGAGGTTGCGCTCTGGACCGACCAGCAGCTTGATCAACGCATACTGCACCGCATTGGTATCCTGATACTCATCAATGAGAATGTGGCGAAATTGTTGCTGCCATTTGTGGCGAATGTCGGGCGACTGGCGCAGCAGCTCCACCGCCTTAAGCAATAAATCATCAAAATCGAGCGCCCCGACCTGGTGCATAGCGGCCTCGTACGCAGCAAACAATTCGGCAATTTGCTGTTTGACGGGGCCGACCGCCTGCATCATATACTCATCGGGTGAAAGCATGTCATTTTTTGCCGCAGAAATAGCCGCAGCGATACGGCGTGGCTTGATGTCGCGATCAGTCAGCCCGCGCGATTTCATCAACTGCTTGATGAGACCCAGTCGATCATCTTCATCATAAATAATAAAATTACGATTAAGGCCAATTGACACCCCATCCATCCGCAGCAGCCGCACACAAATACTATGAAATGTCCCCATCCACGGCATGAAGCGTCGATCCGAGGCGTCTTCACCCAGCATATCAGCCAAGCGCTGGCGCATCTCTCGAGCAGCTTTGTTGGTGAAGGTCACCGCCAAGATGCGGCTGGGAAAAATCCCTTGCTGGCTGATCAGATAGGCAATGCGATGCGTTAAGGTTTTTGTCTTACCGCTCCCCGCTCCCGCCAAAATAAGCAGCGGCCCGCCATCATGCTGGACGGCTCGCCGCTGTTCAGGATTGAGCTCAGATAGGATGTCCATTACTTATAGTATAGCAGGAAAAAGTACGCTGCCGCGCCGCCGCCAACGCCGATAAGGGCAAAAAGAATGATCAATAGAATCGTCCCGATGCCGGATTTTTTCTTATCAGGCTGAAGTGCTTCCCCACTGGCTGGCTGGCTGGCTGCCGCATCAAACATTGGCTCTGGATCTGGTGCGATCTCATCACCGGCCGTGTATTGCTGAGGAATATCGCCCGGAGTGTGCGGTCGACGTGGCGTCTCATCAACTGTCTCAGCGTCACTTTCGTCCATCGACTCAATCGCCATCAGCTCACTGTCTAGCTCTGACGTATCAGCGGCGGACTGCTT
CP047921.1_gap17	549033	552932	3899	TCGTCCATGCTTCCATTATACTATACTCATGAATCAGCACATACGAGACTTAGCAAAAATTTTAGCTTCAAATCCGCCGCGCGTGGTATTTCCTGAGGGCGATAATCACATCATCCAGCAGGCAGCGCGCGCACTAGAAGAAAGTGGTGCGGTGCAGCCGGTGCTGCTTGATGGGAAAGAGGACGCTATCAGTCGCGGTGCGACGATGCTAACGAGCGGCGAGGCTGACGTTATGGTGGCTGGGATTGATCATCCAACGAAAGACGTGCTGCGAGCTGGACTCAAAATTGTTGGGCTGGCACCTGATATTCGGTATGCATCCAGCTTTTTCGTGATAGACATTCCACAGTTTCAGGGTGGCGAACAAGGTTTATTGCTCTTTGCCGACTGCGGCATGAACATTCAGCCAAACGCCGAGCAACTGGCGGCAATTGCTGTGGCTTCAGCGGGTAGTGCAGCGTCACTTGGCTGGGAGCCGCGCGTGGCTATGTTGTCATACTCAACGAAAGGCAGCGCTGGTGGCGACAGTGTCGAGCTCGTCACGCAGGCACTACGGCTCGTCAAAACAGAGAGACCCGATATATTAATTGATGGCGAACTGCAATTAGACGCGGCAATCGTCCCGGCTATCGGCCAGAAAAAATCACCGGACAGTCCGGTTGCTGGCAGAGCTAATGTCCTTGTTTTCCCTAATCTTGATTCTGGCAATATCGCTTATAAGCTAGCCGAACACCTGGCTGGCGGCCATGCATACGGGCCGATCTTGCAGGGTTTTGCTCGGCCAATCAGCGACCTATCTCGCGGCTCCAGCGTTGATGATGTGATTGGCGCCACGCTTATTACTGCCAGTATGGCGCGAACTTCATAGAAACCAGCTACTGCGCGATATACCACTGCGCAAATTGATGCCATTGCTGCAGCGTGTCGGTTCTGACCGCCAAGCCTTGGTCGCGCCGATCAAACACCTCGGACATCGTCAGGCCGTTACTACCATCCATCGTAATAATCTTGTTAACCGACGCACCACTCTTGCCACGCGGCGGAGCGACAAACTTCCCCGGCTGATCAAAGATAAACGTCTGTAGAGTATGCCCGTCGTAATAAGCAACAATGTCATGGAGAATAATCTGCCAATCATCTTTGTCGCGTAGCAAAGCTAAAAAATCTTCGGGCATCAACCAGTGCGCGATATCTTTCATGTAGCCACCCGGAAAGCCACCGAGCGCGGGCACTTCCCAATTACTATCGTTGACAACAACCGGCTCGCCAACCTTCTCGTACGCTGCCCGAACCTTAGCCTCGGTAATTTTTAATGGATCACGGTGCTGGATCTCATCAATATCTAGATTAATAATCTCCACCGCTATGTCGTATTGGCTAAGCGTGGCCGTTGCTTCCTCAATTTTACGCGGATTACCAGTGACGAGATTGATATGTTTTGTCATGGGGTTTATTATAGCATTTCTTATTTTAGTGTAGCCGTAGCACTGGTTTTGCCATAGGGAATCCTTCGTCAACCAACCTCACTCAGCGCCTTTATAATATCCTCATCCCGTGAGACCGCACGAACGTTTGGTAGTTGTAAAAACCATTTCGGGTTATCATGAACAACGACCACTGGTTTACCAAGCGCTATCGCCATGCCAACTTCGTAGCGTGCGCTCTCCTGGTCGGATTCCCATAGATACACCAAAACATCGGCAGTGCGAATGGCCTGAACCTCATCTTCTGGGCCGAAATTTGTCTCGTCGTCTTTGTAATTATAATACCAATTGCACGGAATGCTATAGCCGGAGGCCTCTAAAGTTGCCGCCACGCGATTCGCCCTGTCGAGATTTTTGCCAGCTAGGTAGATCACTTTCATATATAAATAATAGCATGTGTTTATTCAAGTGTGGCGAGAAATTGGCGGACGACATCGATTGGCTTGAATAAGCGGTACGTCTCAGCGTCCTCATCTGGCGTTAATTCGGCACGAGTTTTACCCTCGTAGCCATCCGGGCAAAATATTTTATCCCAGCCAAAGCCGCCATCGCCGGCAGGGTGCTTGGCGATGACGCCACCAAGTTCAGCGCGGAATAGTTTGACCTGCTCGCCGTCACAATAGCCAAACACACATGCCGCCACTGCCGATCGATCGCCAAAGCCATCAAGCATCCGGCAAAGATTCTCTAAACCGTTCGGCGCCTCCACAAAAAACTTAATAAACGGACCCGGCAGTCCTCCCAATGCTGTAAACTCAAGCGCCACATCCTCAATCAAAACCGGACATTTGGCGATTTTATACGCCTGACGCACCTTATGCTCAACGACTTCCTCCAAACTAGTTGATTGAATCTCTGCTAAATCAACCGCCCGATGTTTCAGCGGTAGACCTAGCATGCGCGATAAATAATCTGCTTTGTGCTGATTGCCGGTGATAAAAGTGATTGTCTTCATCACGCTTACACCTGAGCTTTGGAGTTTATTTTCTGAAATCGCGGCACAGATTTCCCGTCCAGTACTATTGTTTCCGTAAACATACTGACGGGGCGGGCGAATAGTTCATATTCATTTTCATAGAGAGGTCGATAGATCACCAAAAGATCTTCCGTCTCAGTTTCCAATGCGAGGCCGATCACCTTGTATAGCTTGCCTGATTTGCTGTGCCGGTATACACCCTTGCTAATCCTCGTACAATGGCTCTGCTCTTCGCTATCCACTGTTTCTTCATGATACTTCCCTGGCTGAGCACGCAGTACTTCCACCCATCTACTGTCATCCGTAAAATCATTGTATTCAATATAGTGCCGATTATCAAAACCGCCATTATCCTGCTTTTTATGCACCATCGCCTCCTGGACTTGCTCTATAGAAAAGCCAAAGGCCTGGCGCAGCGCGTCAACGACTTCTTGCAAATCAGCCAGCTCTTTGAGCGATTCATCACGCTGACTATCATCCAGCGGAATCTCATCTACCTCCTCGTGAACCTTGCGGAGCAGCTCGCGGCGAAACGCTTGCTTGTCTAATGTCCGGTACTCCGTATGCAAAAATTCTGGATCATCCAGGCACTTTTTTACCACTTTGTCGCGAACTAACTTTTGTAAGTAAAATCGGATCATCTAGTTACCTCCGTTGGGTTAATGTTTCGACGCCATCTTCATAAACCAATTCGCCAATCTCAACTTCGTAAATATGCTTGTCGTTACGAAACGCAAAAAATCGGACGGCTTTATGTTGCTGCCAGGCTTGAACTATTTCCGCCCGCACACCATCAGCGATGTCGCCAAATACCCACAGCTCATCAGCGCGCGCCACCAGCGTATTATTGGCGCGCCGCACCGTGTCACGCTCCACCGCGTCGAGTAGAAAATAGTCAAAACTGGTAAACGGATTGATTGGCACAACGCCTTGCTCAAGCGCAAATTTCGTTACGAAAAATCTCATGTAAAAATACTTCTTGGACATCGCCGTAAATATAACCGTGTCGGCGGGTTTGATGGTGAGGGCGCGATGTGATTGCTGAGTCATGGTTATTACCTCCGTTATCGTATAAGCTCTAACAATGTTTGTTCATCAATAATTTTGGTGCGGTATTGTTCGGCTTTTTTCAATTTACTGGCGCCAACTTTACCGCCCGCTACCAAATATGTTGTATCTTTTGCAACAGCGGTTTGGAAGGTGCCGCCAAGATTACGGATTTTTTCAGCAGCAGCATCACGACCCATCGACTGCAGGGTGCCGGTGATAACAAAACTTTGGCCAGCCAGGCGGTCAGATTTTTGGCTAAACTGCGGCGTCACGCCCAAGTCAGCAAATTTTTCGAGCAGCGTCACATTGTCTTCATCAGCAAACCATGCCACAATTGACTCGGCAACAATTTCACCCACACCATCCACTTCGCGCAGCTTATCAATGGT
CP047921.1_gap18	611137	614819	3682	GTAGGCGCACCCCAAAACCCATAGTAGGGGTGCTTGAGCCGCTGCTGCAATAAGTACTGTTTTTCTCCTTCATGCTCGCGCTCGATCACGAGCATAACTGCCACCTTTGGCTGCCGCTCAATAACACCGGCATCAGTATCAAGCTTATTCGCATACTCCTTACCCTTGACCGAGAGGCAGTAACCGCCGTCGACTTTCTGCACATAACCTAGCTCAACGAGCCGTTTGATGTGAAATTTGATATGATCGCTTTCCAGACCGCTCGCTTTTTGTAGTGTTGCGAAATTAGCCGCTGGCAAAAATAACAATTCCCGCAAAATTTTCGTTTGTGCCTCATGGATCTTTGCTTCAAAACTCATATCGTCTCCTTTTGGCTCTAGTGTAGCGCGATCAGACGAGAAAAACTAGGGAAGTCGACTTCCCTAGTGTAGAGGCGTAGAGGCGTCACACTCCTCTCATAGAATCAGAGATTAGATAATCTCAACAGCTACATCATTCCTGAGTACCGTCAGCCGACGCGCTGCGGATCGCCAATTCGGCCAGGTCGGCCTCCTCTGTCCGCGGCCCACTTTTTTCTATCCTGTCTGTAAAAAAGATACCGTTCAGATGATCTACCTCGTGCTGGATAACCCAGACAAGCATACCATCAACATCAACATCAAAGGTCTGTTCATGCGTCTTACCCTGCTCGTCTGTCCATTGCAGCGTAATCTCAGGGTAACGCGTCGTAAAGCCCATTGGTGTCGTTTCGGAATCACCCGTCACTCCACTCAGGCAGCCCTCTGGATTCGAGCTCTTCATAGGTTCACCGCTATATTTAACGATCTTGGGGTTAATTGCCACGAGCCGAAATGGCTTGGCTTTGGCATCCTCAGGCGGCCGCACATCAATGACAAAGATTGCGAGATTGCTCCCAATTTGATTAGCGGCGATGCCTACGCCCTCGGGACCCTGTGAATGCAGCGTATCGAGCATATCTGTTATGGTCTGCTGTACATAATCGCTCCCTATGTCCTCACGTTTGACCGGTACGGCTTCTTGCGTTAATATTTCACGGCCATCTTCAGTAAAGATTTTTTTAATTTCGCGTTCCATGTTTTTATTATACCATATTTATGGGTAGTAAACAGTAACTCTGTCGCAATATTGACGATTCTTCCATCAGTTGACAGCCAACCCGCCCCTGTTATACAATGAAATTTGTATTATTATCGTGAGTCTTGGTCGCCCGAGTCCACCATAGCGAGTCGTGGATGACCTATCTTTATGTCAAAATATAAATCTAAGGAGTTTTACCTTGCAACAACACGCAAAAACAACATTACAATTACTATGGCGAGCGTCGCGTCCATACAAATGGCGGCGCAACCTTGCTCTCATCACAGCGACACTAACCTTAGCGGTAGGCACAATTGTCGGGCCGCTGATTATCGCACAGCTCCTGGACATGATTCAACATGGTCAGCTACAGACCGGCTCTGTGTGGACGCTTGTGATTCTCTATGGCCTCAGTCAACTATGGTCAGAGATTATTGGGTGGCGGATAGTACTATATTTGATGTGGACGCTAGAAACCATTATGCAGCGCGACATCGCAAACAAGGTATTCGCCAAGCTAGCTGGCGAGACCATGTTTTTCCACTCCAACAAATTTGGCGGCTCGCTCGTCAGTCAAAACAGCAAGCTCAGTGGCTGTGTTGAACGATTTTGGGATGAACTAGTATGGGCAGTACTGCCGCTGGTCATCTCACTCACCGGATCAATTGTTATCCTGTCAATGTTACTCTGGCAGTACGCGCTCTTTCTATTCATGTTCTCGATCATCTTTGGCGTAGCCGTCTTCTTTGGATCGCGTCCGATGGCCAAATTAAGTAGGCGTGAGGCGGAGGCCAGCAACAAAGTAAGCGGCAACCTCGCTGACATGGTGTCAAATGTGCTTGCTGTTAAGTCATCCAGCGCTGAAAAAATCGAGCAGCAGCGATTTGATAAAACGAATCGTGCATGGCGCAGGGCTAGCCTGGCCACCATGCGAGGATTTCTCACTGTCAGCAGTGTTTACTCAACGATAAACACCAGCATCCGAATCGGTGCCATCGTGTTCGCTATTTATGCAGCACAGCATAATATCGTTTCGGTCGCAGCGGTGTACTTAATCATTACCTACACTGGCAGTGTCGCCCGTGAGCTGTGGAATATGAATAGCATCATGCGCAATTATAACCGTATTATTGGTGACGCCCATGAGATGGTCGAGATATTACACACACCAACATCACTTGTTGATAGAAGTGATAAAAAGCTTCACGTCGATCACGGTGTCATTGATTTTGATGCCGTGACCTTTACACATGACGAGGGTAAAGGCGCAACCTTGTTCCACAATTTTTCACTACATATTACGCCAGGCGAAAAGGTCGGGTTGGTTGGTTCTAGTGGTTCGGGCAAGACGACTCTGACGAAATTGCTGCTGAGATTTGCCGACATCGACTCGGGCACAATCATGATTGACGAGCAGGACATTGCCGAGGTCACACAGGCCAGCCTCCGTTCGCAGATCGCTTACGTGCCGCAGGAGCCGCTGCTGTTTCACCGTTCGGTGCGTGAGAACATTGCCTATGGCAGGGCCGACGCTACTGATGCCGAGATTGAACAAGCAGCCAAAAAGGCGGGGGCCTATGATTTTATTACTCAGCTGCAGGACGGCTTTGACACACTGGTCGGTGAGCGCGGCGTAAAGTTGTCGGGTGGACAGCGCCAGCGCATCGCTATCGCTCGGGCCATCGTGAAAGATGCGCCAATCTTAGTCCTCGACGAGGCGACCTCGGCGCTTGATTCTGAGTCAGAAGTTCTAATCCAAAAATCACTCAAGACACTGATGAAAAACCGTACCTCAATCGTCATTGCTCATCGACTTTCAACAATCGCCAAGCTTGATCGAATCATCGTGATGCATAATGGCAAGATAGTCGAGGATGGCTCGCATGATCAGCTCATTAAGCATGGCGGCCACTACGCAAAACTGTGGCAGCATCAATCTGGCGGCTTTATTGACGCCTAGTCGGTACAGTCTCTAGATAATATGCTATAATGCATAATGATATGATGCAGGCGTTCATTGATTTCATTGTTCACTTTGGCGTTGTCGCGATTTTGCTGGTTGTCTTTGCTGAATCGGGCCTACTCTTTGGTTTCATTTTTCCGGGCGACAGTCTGCTGTTCACGGCTGGCTATATGGTGCAGCAGCATATTTTACCAATTGACGTCCACTTCTTTGCACTCCTGCTCTCATTAATGGCTATTCTCGGCGACAGTGTCGGTTACGCATTTGGACATAAAGTTGGCCGTAAATTATTTGAACGCAAAAACTCTCGCTTCTTTAAGAAAAAATATCTCGTACAGGCTGAGAAATTTTACGAAAAACACGGGTCACTTACCGTAGTATTGGCGCGGTTTGTACCGATTGTGCGTACGTTTGCGCCAATCGTGGCCGGCGCTAGCAAGATGCACTATCGAACTTTTATTATTTTTAATATTATCGGTGGTGTTATTTGGGCCACGCTTTTCACCTACCTTGGATTCTTTGCTGGCAAGGCGCTCACCGACGCTGGTGTTAATATAGAAGTCGCCGCACTGATTATCATCTTCTTGTCAGTGCTGCCAATGATCATTCACGCCCTCAAGC
CP047921.1_gap19	616077	617612	1535	TATCGATCAAAAAGTCACTCTGCCGAATGGTATCCTCGTCGTGTTCGACTACCAGCACCGTATTGCCGAGATTACGTAGGTGCTTCAGCGTAGCAATCAGCCGATCATTATCGCGCTGATGCAAGCCAATCGACGGCTCATCCAGCACATACAGCACACCCTGCAAACCGCTGCCAATCTGTGTCGCCAGCCGAATTCGCTGCGCCTCGCCACCGCTCAGTGTATTGGCGGCGCGCCCTAACTCCAAATAATTCAGCCCGACATTACTCATAAACCCGAGCCGGGCGGTAATCTCCTTCAGAATCAGCCGCGCAATCATCGCTTGCTGCTCATTCAGTGTTAACTTGTGAGTGAACAAATCGAGCGCATCATCAACACTAAGGTCGCAAATATCCATGATATTCAGACCCTGCACGGTTACCGCTAGGACAACTGGTTTCAGCCGCGCGCCGCCGCAAACATAACAGTCCCGCTGGCGCATAAACCGCTCAATGTCCTTGCGCATAAATTCGCTATCGGTTTCTTTCCAGCGCCGCTCCAAATTGGGAATCACTCCTTCATAGGTTGTATCGTAATGCCGCCCATTGCCAAGCTGTACTGGATATTTCTGATCGCCTGTACCGTAGAGTACCTTCTGGCGCGCCTCATCAGACAACTGCCCGACCGGCGTCCGGATACTGAAACCATGCGCCTCGGCTACCGCCGAAATCTTGCGCATGTAAAAGTTATCGACATTGATCCGGTTGTATGGCCGAATCGCCCCCTCGGCAATCGTCAGATTCTCATTCAGCACTAAACTAGGATCGACTTCCAATCGGCTGCCAAGTCCGGTACAGCTCGGACAGGCCCCTTGCGGTGCATTAAAACTAAACAGACGCGGCTCAAGCTCTGGGATCTCCTCATCCGGATGATCAACACAGGCATATCGCTGTGAGAACGTCTTCAGTTCATCCGTATCAGCATCCAGCACCTCAACCACACCCTGACCAAGCTCTAGCGCCTGCTCGACGCTCTGGCTCAACCGGCTAGTCAGGTCATTGTTCATTGCCAGGCGATCAACCACTAACTCAATACTGTGCTTATAGCTTTTCTGTAACTGCGGAAACTCATCCAGTGCATACACCACCCCGTCAACTCGCACCCGAGCATAGCCTAGCCGCCGATACTGCTCTGGAATGTGCGCAAACTCGCCCTTCTTATTTTTGACAATTGGCGCGAGTAGCAGCAACCGCTTGCCATCATATTGCTTAGCAATCTCCTGGATGATCGCCTCGGCTGTGCGGCGCGACACTGGCTTATGGCAGCGCGTACCGTCTGGTTTGAGAGCCGGACAATGCGGCGCGCCAATCCGCGCAAACAAGAGACGTAAGTAATCGTAAATCTCGGTCACCGTCGCCACGGTTGAACGCGGATTACGGCTGGTTGATTTTTGATCAATTGAGATTGCCGGACTCAGACCCTCGATGCTATCAACATCCGGCTTATCCATAATACCTAAAAATTGCCGCGCATAACTCGACAAACTCTCGACGTAG
CP047921.1_gap20	626128	627966	1838	AAGTATTGCACCAACTCCAACGACCGAAAACCCCACGCGAATAGTTTTATCTGGAAGTATTATCATTTTTCAAACACCTCACATAGCTGAAAATAGTAGGCCACTATTCCGTAAGCTGCAGCCATATGACGAGGGTCGCTACTGTCGCTAGAGGCTGCTTGCACTAGAGAGTAAAATATAGCATCCCCGTTATCAGTATCTCTTCTTAAATTTTTATACTTTTGTACAAAAAATACCCTTAATTTTTCTGGATAGTCTTCGCTAGCATTTTTGTTTAAAAAATTATCAATCAGCGATACAGAAGCCATGCCCATTTTTAACATCTGCTCTGTCTGCAGACTTAGACTATTTTTGTGCACTTTATCCTTTATAGGTATCAGTCCAAAGTCTTCGCTATCGTATTTCAAAGGAGGGTTATCTATTATGTGCCGAAGAGTTTCCTCGAGTTCTCTAAATGTGATTGTCGGTAAGCTTCTCTTTATGGCTCGCTCAATGCGCTCCTCATGCAAAGATTTGATTTCATGAAGATAGTCAACAGAGTATTGTACTGCACTCTTATCAATAATAGTGTGACATGTTGGACAGAGAAGAATAAGATTATTATAGGAATGACGTTCGATATCACTCTGACTGTCATCGTAGCGTGCAGAATTCGGCCTATGCCCCTTAATATGAGCCATTTCTCCTACAGGAATCAGTGTGTCAGTTTGACGCTCAACTACTAGGTTATTGCACATTGCACAGAGACTGCCACTTTTTGCCCATAGAATTTTCATGCTTGATTGAGGAATACCCATTTGTCTATTATTGTATCACTCGATACTGCTTGTGCCTAGCTGAAGCCTCATATTTCATCTATCATCAACTCCGCCGTAATCTGTGACTTTTTCTTTGTTCGCCCGTTGGTCTTAGCGACTTTTCTTGACGAAGACCTACCAGAACTTTCTTGTCCAGAAACCTCTTCTCGTCTCCTGGCAAATTCCTTTCGTGAATGTTTAACAATTTCATTTCTCACTGCCTCATCGCCATCGCTTTCTAGCAATAAAGTCTGCCCGGATAGCGGCTCTTGCGTGTGCACCGCCGCCAGCCTAGCGTAATAATTATATGCTGGCAGGTTGCTGATTTCGCCCGGTTCAATATACGGGCTAAACATCGGCAGTAAACGCTGTTCATCTTGCGGATTGCCGGTTCGGAAGCAGATAATCGTGCCAGTATTTGCCAAAATTATATTCACTGTTTGCTGGTCGCTTTGCTGCGAAGTAGACTGCTCGGCCATGATCATAAAGACGCGATATTTGCGGCTCTCAGACAGCATTTGCACAAATGATGTTGTGGCGAAATTCTGAAACTCATCGACATACAGATAGAATGTCCGCCGCTCCGCTTGCTTGAGTCGGGCGCGGCGGAGACTTGCGAGCTGGAGCTTCGCAAGTACGGTGATTCCAAATAGCTCAGATGTATCTTCGCCAAGCAAGCCTTTGGACAAATTACAAATCAGTATTTTCCCCGAGTTGATAATATCATCAAAATCAATCGTCGATTTTGGTTGCTCGAGAATTTGCCGAGCTGACGCTGAAAATAAAAACCGCCCAATTTTCGCTGTAATCCCTGCTGACATTTTTACTTTCTGCATATCGCCAGCTTTGCCAAACTCGTTCTTCCAGAAGTTTATCAAGTTTGTGTCGTCAAGATTTTTAACGACACTGCGGCGATATTTTGGGTCGTTTAGCAAATCAAACACAGTAAAAAGCGTGGAATTTTCCTGCATGAGTGCGGTTTGAATGGTGTTGCGCAAAATGTATTCGATACGATGCCCGCCCGAGTCCTCGTCGCTAAAG
CP047921.1_gap21	649035	651999	2964	CCACAACCAAAGCCTGAGCCAAAACCACAACCAAAACCTGAACCAAAGCCAGATAAACCACCGAAAATTACTCTAGCGCTTGCCGTCAAGACTACCGTCAATGGTGCGCAACACAAGACAGTCGCCGTCAACGAGGCCTTCACTTACCAGGTAACTATCACCAACACGGGGACGGTTACGCTGCGGGATACGTACGCCACCAATGCCGCACCACAAGGTGTAACCTATCTAAAGGCGTCTGGTGGCACAATTCAGAATAATACCTGGCAGACATTGATTAGTGAGCTCAAGCCAAATGAGTCAAAAACATTTACTATTGACGCAGTCGTTAAACAATACGTCGCGGGCACATTGACCAGCACAACCTGCCTCAAGAGCGAGCAGGCTTCGCTTGAGGGTCATAGCAATTGCAGCAGCGCTACTATAGAGGTGACTAAGCCGCAGGTCCCGGCTCCCCAACCGAAACCAGCGCCAACGCCACAGCCAAAGCAACCAAAGCCAGCACCGGCTGACCCAAAACAACCAAACCCAGCCCAACCAGCTCCCCAACCAAAACCTGAGCCAAAAACGCCAGACCAGTCGAAGCAGCCATCGACCAACGATAATCAGCAGTCACCTTCAGCCTCGGGCGGCACACAAACCACCAACCCACCTGCCGCACCGACGACCGTTGGCGAACTGCCACGGACCGGTAACGCCACTGACACGCTCGTTGGTGGGCTGGGCCTTGGCGCCCTACTCACTGCTGGAGTCGCCTACCTCATCAGTCGACGTCACGTATAATCATAAATTTGGTTGACGTGGATACCCCTCGCACCCCGAGGGGTATTTCATGGTACAATATTATTATGGCAAAGCAGAAGAAAAAGCGCTCCAAGAAATACTCTGGTGTTGACGCCGCAACAACTCGGCCCAGTGTCACGCGCATCCAGGCGGTCAGCCGCTCGTCGGCCGGTCAGTGGCTATATGAACGCAAAAAATTATTGCGTGGTGTCGGCATCGGCGTAGTAATAGTCATCATCGTTATCGTGATTATCACGGGTATTATTAGTCTGTTCCGATAATCAATATTTCTCAGCGACTTGTCACCTTTTTCTTGTTCGCGGCCGTCCTATCAAGTGGCAGACGAAAACCAAACGTGCTGCCCTTGTTTTCTTTCGAGGTAAAAATCATCGCCCCGCCGTGCTCCAGCACGACTTTACGCGCCAAAAACAAGCCAACGCCCGTGCCGTCAGGACGACGCTTGCGAGCATTTGAAGCGCGAAAGAATTTACCAAACACGCCAGACTGCTCAGCTTTTGGCACGCCGATACCTTGGTCTTCGACCGTAAACACCACTTCCCGCGTATCACAACAGAGTGACACCTTGACCGTCGTTCGTTCTTTAGAATAAAAGATTGCGTTATCAATCATGTTCATGATGACTTGGCGGAGTTTTTCGGCATCAATCGGCAACGTCGGAATATCATCGTCAATATGCACCGAAATAGTGATGTTATGCTGCTTGGCCACAATCTTCAGCAGAGCCATTTCACTTTGTACAATATCACCGAGGTTAGCCGGCTGACGATTCATAGTGAATGTCCCGGTCTGCAAGCGAGAGATACTGAGAAAATCATTAATTAATTGCACCATGCGCTCACTCGAGGAAAAGGCTTCGCGTAGAACAGCTTTCTGGGTCGGACGAACTGGGCCGAGATCACCCTGGAGTAGCATGTCGAGATAGCCTTTGATGCTGGTTAGCGGTGTCCGCAGCTGATGCGACGCCATAGAAATAAATTCATTCTTCGCCTCGTCTAGTCGCTGTAGCTGCTGATTACTCATCCGCAGTTCCTGCGTCGCCGCCTCGACACGCTGCTGCAGCTCGGCATTCAGCTCATTCACCTCCTCCATCGACTGAGCATTTTTAATCGCAATCGCCAGCTCACCACGCACCGCCCGAAGCATTGAGAGATCGCGCTCGACATAATTATTTTTCTGACTTTCGCCGATCAGCACAAAACCAACGATGTCTTCTTGCAGCGATAATGTCATGACGATAGCCAGTTTTTGTAGTTTCATCGTCCGCCGTAGCTGCTCTGGCAATGATTCGACCACCGCTACGTCATCAAGTTGTTCAATTTGGTGTTGCACTGCTAGTCCCGTTAGGTCCACTTGCGGCGGACGAGTATGTCCACGTGAGCCAAATATCCGAAAGTGCCCGTCATCATAGACCGCAAAGATCACCTGACGAGCCTTGAGGAGCCGCGTCAGGCACGCCGCTAATCGAGTCGTCAGCAGCCGCAGCCCCATTGTGTGCAGCAAAATTTGCCCAATCTCGTTGATAAAACTTTCAATGGTATAATCCTGTCGATAAAACAACTTGTCGGTCAGGCGATCAAAAAACTGCTTGGTCGGTTGAAACAAAAACCCTAAAAACAATGCTGCCAGCACGCCCCAAAAGCCCGGTATCCCACCGATGTCGTGACCGCTGAGCGCACTGACAATCGCCGAGATAATATACGTCGCCGCGTAATATACGATCGCTAACAAGCTCAACAACATCGCATATGCAATCGTTCGCACCGCCGCATCTTTCAGACCAAAGAGACGATGCTTGACAATTGTCAGATACGCCAGCGGTATAAAAATAAAAGTGCTCAGCGGACCGGCCCAAATGAGATCGTAGCGACCGACAGCTGGTAGCAGCAAATTAAATACCATACCCACGCCACCAGCAATCCCGTACGCATGAGAAATAAGCCGTAGCTGAGAGCGCACCAGAAGCGCACTGCGACGACGAGCCTGATACGCGAGAATTACCAGTGCCGCCAAAAACAGCAGTATGAAATATGCCATATAAACGAAATAACCGATCGGATGGATGACGACGGTATGCTCATCCACTACCACTTGTGCTATCAGCCAATCAACTCGCACAACAATCACCGTAGTGACGATACCAAATAACACCCAAGCAGTGGC
CP047921.1_gap22	659150	662647	3497	ACGGCAACAACGGGGTATTGAACTGATCCCAAGCGAAAATTACGTTTCAACTAGTGTACTCAAAGTACTGGGCAGCGTCTTTACCAACAAATATTCTGAGGGTTACCCCGGACGACGCTATTACGGCGGACAAGAAAACACCGACCAAATTGAACAGCTGGCGATTGACCGCGCTAAACAGCTATTCGGCGCTGATCACGCCAATGTCCAGCCGCACTCCGGCGCCCAGGCCAACGAGGCGGTGTATTATGCGTGGTGCGAGCCGGGCGATACCATTCTGGCGATGGATTTGGCGCACGGCGGACACCTGACGCATGGCGCGCCAGTCACCCGCTCAGCCCGTGAGTATACCTTCGTCCGCTACGGCATCAAGGATGTTGAGACTGGCGAAATTGACTATGAAGAAATTCGCCGATTGGCGCTAGAACATCGGCCAAAAATCATCTTGGCGGGCTTCTCGGCCTATCCGCGCGAGCTGGATTACGCCAAGTTTGCCGAGATTGGCAACGAAGTTGGCGCTATGTTGATGGCGGATATGAGCCACATCGCTGGATTAATCGTTGGTGGCGTGGCTAAAAATCCGTTTGACTACGGCTTTCATATTATCACCACTACCACACACAAAACCTTGCGCGGTCCGCGTGGCGGCTTGATTTTGTCAAAAGGTGTGGTCGGCAATCCTTTGAAGCGACCAGAAAAAACTTTGGAAAACTTGCCAACACTGATTGACCGGGCGGTCTTCCCTGGCACTCAAGGTGGCCCGCACATGCACACCATCGCTGCCAAAGCAGTCGCCTTTGGCGAGGCGCTACGCCCAGAGTTCACGGAATACGCCCAGCAAATCGTAAAGAATGCAGCCGTTCTGGCAGATGAATTAAAGCGCGGCGGCCTGAAATTGGTAACAGGTGGCACCAGCAACCATCTAGTGTTGGCAGATATCTATGGCAGCTTCGGCATTGATGGTAAAATTGCTCAGGAGCGGCTAGAGGCCAGCGGCATCACCGCCAACGCCAATGCCATCCCCAACGACACCCTACCGCCATTCCGTCCCAGCGGCCTGCGCCTCGGCACGCCAGCGGTGACGACACGCGGCATGACGGAGGCGGAGGTCAAACAGATTGCCAAGTGGATTATCACAGCGATAACCGCAGAGGACCCGACAGAATACACAAAAATCAGGCAACAAACCACTAGCCTTGCGGCGCGTTTTCCGCTACCATATAACTAATACTAAATAACTTGGGGGGCAAATCAGAAATGATTTCTTCAAACAAAACTAAAGGTTTCACATTGGTTGAGCTCTTGATCGTGATCGTGGTCATCGCTATCTTGGCTGCTATTTCGATAGCAGCATACAATGGTGTATCCAACAAAGCTCGAGACGGTGAAAGACTAGCCAGTGCACGCGACATCATCAACGCCGCCGCCGTGTATAACTCAGAAAAGGGTCATTGGCCGACAATAGCAGAGCTGGGGTCGTTCAATACCATCAAACTATCCGACCAGATAAAGAGTCGCCTCGGAACCACTGCACCAAGCCCAAGCGACAGGAGTAAGTATAAGTACGAGCTATGTGGAACTGCGCCGGGCTTTACTGGCGCAAAAGTTACCTACTGGAAAGAGGTAATTGATGGACACGAGACTCACGAGAAAACAGTAAGTAGTGGTAGCGGCTGTTAAGAAAGTAACATGACACAGAATAAACCCCGGAACTAGCCGGGGTTTATTTATGTCCTTCCTATTTCCTAGTATAGGGATATTATGAACACTTACCGCTTGTTACTTCTTGGACGTGGTTTGTGCCGTAGTCAACATCTTTCCAGTACTTAACCCGAACACCAGTCGCCTCGTTCTGATTGGTCGTAGTACCACCACCATCTTTACAGAATTCATATCCATAATGATTCTTGTCGGTTTCACTTGGAGCGTTAGCATCAGTTGCCGAAATCACAGTACCCGGAACCTTAATGGTGTTAAACGAGCCAACCTCAGAGACAGTTGGCCACTTGTCTTTCTCTGAATTATATGATGCAGCCGCATTCACAAGGTTGCGCGCATTTGATTGACGCTCATCGTCACGTGCTTTTTGTGTCACACCATTGTACGCCACAATCGAAATAGCAGCCAAGATAGCGATGACCACGATCACGATCAAGAGCTCAACCAATGTGAAACCTTTAGTTTTGTTTGAAGAAATCATTTCTGATTTGCCCCCTATTTTTAGTTAGTTATTATTGTAACTTGATTGTAGCAAAGCGATTATAAAAGCGCAAGCATTTTATGAATAATTCCCTGATTCGACTCACGTTGGCCATAAAAACAGAGGTAGTACCTCAAAGCACTTCCTGCTCGGAACAGGCGTTATCCACACGACCCACCCGAACCCGCTATGGACACGAGGCGCCGGCAGTGCCGTTTGCAGGAACATTGATTGACTTGATGAGGCGCTGGCTGGAGTACTGAATGTTTTCACCAGCAACGGTCTTGGTCACCCCGAGGCTGACCTTGAGTGTGCCGTCGTTGATCTTGCAGACCTTGAAATTAAGCACCGTACTCGTGTCGATAATCGTTTCGACTGCGCCGTTCAACTGCCAAATACGATCACTAGCGCTCGGGCATGAGCCGTCATACATTGTCTTGCGCTTGAGTTCCGAGCCGCTCTGGAAATACTCAGTGGTATAGGTCTTGGCATCAGCGATAGCAACCGCTCCCCACGCCACACCGCAATCACTTTTTTGGATCAGACGCCGCGTCGGGCTGTAGGGGTTGTCGCTAGTAGCGAGACTATGCATGCGTACATATGATGAGGTTGTTCCCTCAAGCGTAGTACTGAGCCGCACGTCCGCCTCAATCCGATCAAGTGCCGTTAGCACATCGCTCTGTAGTTGTGACCTGGCACTAGTGATCATTGATGAGCCAGTAAGGTTGATAATTAGGCCGATGATACCCGCCAGCACCAAGATAATGACTGGCGCAATCGCCAAGATCTCGATCAGCGTAAATCCCCGGCTGCGCTGTCGCCGATTAGAATTAGCCCGAAATGTACGTCGCATGCACCACCTCCTGCGCTGGCGTTCCATAAGTAATAATCACTGCGACGCGAATCACTGCGACGCTGTTTGGCACTTTACAATATTCGACTCGAGCACGTACTGGATCCGGCAATGTTGGCGTGGTCGGTGGTGTCACGTGTTCAGTCTTGACCGCACCGCTGCCACAAACTTCAGACACCGTTTTGTACAGGCCGCGTTCACGCAGAATGCTATATCCGATACTGGCGGCCTCCGACGTACGGCGAGCCTCAGTATTGCGCGCCAACACCGCCCCATACAGTTGGTAGCCGCTCATTATAAAGATCCCGGCGATAATCAAGGTGATCATCAGTTCGACAACGGTGAAACCGCCCGCATGCTTTAGAGACGTTTGCTGTTGAGTACTTGCCATTTACCCGGCTCCTTTGTTTCTAAATGATAAAAAATCGTATAGCGCCGACAGGC
CP047921.1_gap23	670047	671581	1534	GGAGGCCATCCGATGACGATCACGATTATTCAATTGTATCCGCGCGATATGAATCTCTATGGCGACTGGGGCAATACGCTGGCGCTGAAAAAGCGGCTGGAATGGCGCGGCTTTACGGTACGTATTATTGATCATAATCCGGGCGATACGACTGATTTTGCAGCGGGAGATATTTTCATCGGCGGTGGTGGTCAGGATGCTGGGCAAGAAATTATCCAGGACGATTTGCTGGCGCGAGCGGATGAGCTACGGCGCTTAGCAGAGAGCGACGTGCCAATGCTGATGATCTGTGGTATGTATCAATTGTTTGGCCGAGCGTTCACCACACACGAGGGACACGTGATTCGCGGTGCGGGGATTTTACCGCTGGAGACATACGCCAAGGCAGAACGCCTGATCGGCAATATCACGCTCGAGAGCGAGGAGTTTGGACAGATCGTTGGTTATGAAAATCATAGCGGCCAGACGCTGCTTGATGAAGGAGGGTTGCCGCTGGGGCGCGTGGTGCGGGGCGCTGGTAATGACGAGACTGGCCAAATCGAGGGCGCGAGGCTGCACAATATCGTGGCGACGTACCTGCACGGGCCGATCTTGCCAAAGAATCCACGACTCGCTGATTTTTTGATCACCGCGGCACTCACGCGAAAAGGCTATACAGATAAACTCAGCGCACTGCCCATCGACCGCACCGCAGAACATGCCCAGCAGGTGGCGATGGAGCGAGGGCGATAAGCCAACCAGATTAGGTTCACATGCAACCTTCTGCGACAAAAATGCCCCCGGAGCGGAGCTCCGAGGGCGTGTGTTCGAACAAGATGAGTGTGGTCGGGGTGAAAGGACTCGAACCTTCGACCTCACGGTCCCAAACCGCGCGCGCTAGCCAACTGCGCCACACCCCGAGAAGCTAATCTCGATACTCACTCCGCTCCATTCTACCACACTTTACACATTAAATACAGCAATAATTAGTGATTTCAGTTAATATATAACTGTACTCTCTCATAATCATGCCTAATACTAATCACACCGCCCACACAACTCACCGCCGACAAATAATATATCTCTATACCATTGTCTGCGTGTACCTCACGCTGCCCATCCTGATTTGTATCGGCATTATTCCTTGGAATATGAAATTCGTGGCACTCATCGTCGGTGTAGTAGCGATGTACATAGTGATGCGAATACTCGGCAATACGCATAGTGACATCGGTATTACGCGGCAACGTACCATCTATTCACTCAAAACCGTGCTACCGATAACTATAGTTCTCCTTATCGCAGCCGGGCTGTTTCTACTCCTCGAAAAGCCTCGATTCTCACCAACCGAAGGAATAGGATTTTATGTATTTTATATTCTCATCTCGTGCCCGGCGCAAGAACTGTTATTTCGCGGTATCCTCAGCCGTATGCTGCAAGAACTACGGCTGCACCGGGTGTTGGAGCTTGGCGTAGCAGCCGCCCTTTTCGGTTATGTACATATCATCTACGGCGATATGCTCACTGTTGTTGTCATGAGCATCGTCGGCATTGT
CP047921.1_gap24	712435	713238	803	GGGTAGAGATTACCAGAACGATCCGAGAGGTTAAATAGTGCTTTAATTTTACGCCCCTTGATAGTCACGGTAAAATGTGTTCTATAGCGAATTTGCTCATGTCCAGATGAGCTGCGTACCATTGCTACAGTGAAATCCGTTCGCTTGAAAATCTTCCCGTTATAGTAAGGCGAGCCTTTGCCGAATAGGGCAAACTTTAACACACCATCTTTATCAACACGAATATTGCTCGCCCATACCGATGAGCTGTCTGCACCAGTATCAACTTTGGCCGATATGCCAATAGCCCGCCGACCAAAATCAACACGGACATTTCGTCCAATAACCTGCCTAGCCAACATCAATACCTACCATTTCTAGAAGCATCTCACTATATTTTCTCACTTTCTCATCCTGAAACGCACCAGAGGAAACCTGCGGTGCATTATTGACCTCCAGCAAATACGACTTATTGTTGGTACTGTCAAACATCACGTCAACACCCGCAACTTGCAGCCTCGCGATAGATGCAGCTTTAACGCAGACATCAATAACTTCGGGCGAAACCGACTCGATCGGTACGACCTGTGCGACACCACCTTGAGAAGTGTTGTTAAGATGTGAGCCGTCGACACCCTTGCGTTCAATTACTAAAACTGGCTTACTGTTAAAAACCAACACCCGCAAATCGCCAGAGTTTGGAATAAACTCCTGCAAGACAAATCGTTTGTCTGGGTACTGCTTTTGGATATCGCTAATCTCTGCGACCGACTCAACTAAAAAATTTGAACGACCCTTTGAGCCTTCATTGTCTTTCATAATTG
CP047921.1_gap25	725158	726462	1304	ACGTCACCGCGCTCAATAATTTCGCCGCAAACCCGCACCGCTCGAGTCAAATCATCATTGATAATCACGTGGTAATACGGTACTTCCAGCGCATGACTGAGCTCGGCGATGGCCGACTGGCGGCGCTTCGGCCAGGCCGTTTGAAATTCTGCTTCCGTCGCGTACCGCTGCTTTAATCGCTCCAGCCATGTCGGATAATCCGGCGGCACGATAAAGATAGCTATACAGCCCGGTGCCAATTGCTCATACTCAGCCACGCCCTGTACGTCAATGTCGGTGATCGCCGTCTGCTGATGATCGTGCGCCAACTGCAGCTCGGCTGTCGAGGTACCATACACCTTGCCGTGAACGAACTTGGCCTCAATGAACTGATGGTGTTCGAGCATGGTTAGTGCGGTTGCTTGATCAATAAAATAATAATCAACGCCGTCGCGCTCTGGCTGACCGTTATTTGCCCGTGGCTCCCGCGTGGTGTGCGACACGATATCGCGAAATGACGGTGATCGCAATAACCGCCTTTTAATCGTATCCTTGCCCGCGCCGGAAATACCGGTTAGCAGTGCAATTTTAGTATCTCGCACCAGCGCTACGGCCGCTTCGGTCGGCCGGTACCCCCTGATGACACGTTCAAGATCTGACATATGAGTATTATACCAGATTATTGACTAAGCTTCCGGGGGCAGCTGCGACTTCTTATCTATGCACCATGTCCATCGCCCGAATATGCGGTGGACGATGCGTTAGCTGAGGGCGGCGAGACGGCACAGCGATGTGAGCACGGGAATGAGCGGTGGCTTGTGGGTGGGTCAGCTCCTTTGGCTGCGGTGGTAATTTTGGCTGGGTTGGCAGCTGATGCGGTTGGGATAGCGGGCGCTTGACAGTCGATTGCGTATCAGCATGCGGCGTACTGGCACGAGGACTAGTATGCGGGCGGCAAGTGGTTGGTTTGGACGCCGCTTGGGGCGCTGTAACTGATGGTTGGTTTGGACGCCGAGATGACGCAGCGGCTACGGGATTAAGCGGACGAGTCGGGCTCGAAGGCTGAGATGAAAGCGGCGGCTTCGTCAGCGGCGGGTGTGGCGGATGTGATGAGAGCGGCTTGACTGGCTGAGCCTTGACGGAAGAAAGTTTGTTGAGCGGGCGCTTGGCCGGAGCTGGCACCAAAGCAGTGGGCTTGATCAGTGAAGCGCGTGACGGTGAGAGGGCATGCTTTGGCGGCTGGGGCTTGACGGACGGCTTGGTAAATGATGCGCTTCGCGAGCGCTGGACGCTACGCGGCGGCATAATGTCATGAAAGACTGCCG
CP047921.1_gap26	748969	750867	1898	AACTTACTACACCGTAATTTCATCGCGCTTGACGATAGGCCGCGTTTGACGATCGCCTTCACCGACCCGCAGATCGCCCGAACGGGACTAGACGAGGACGACTGTCTGCGCCGCGATTTGAAAGTAAGTATTGCCCTTGCGCCACTGACCTTGACCGCTCGCAGCAACATCACCGACCGACGCAGTGGGTTTGTCAAATTGATCAGCGACAAAAAAGGCGTCCTGCTCGGCGCCACCATCGTCGCACCGGGCGCCAGCGACTTGATGACCGGCCTCAGCCTCGCCATCCGTCACGGCCTAACCGCCAAACAATTGATGAGCACACCAAATTGTTTCGTTGCCTGGTCAGAGGCGGTACGCATTGCGGCGGGGAAATTGGCAGCGTGATGGTAAGGAGTAAATACTCCATGACTATGGTATCAGTAGGAGAAGAGAGCGAAGCGAAGAACATCGCCAAAGCTCTCGTCGAGCAAAAACTGGCCGCGTGTGTGCAGCTGCTGCCGATTCAGTCAACCTACATTTGGCAAGGAAATTTTGAATGCGATGCAGAGATCTTGATGCTTATCAAGTCGCGCAAAGATGACTTTGTGGCAATTGAAAGAGTAGTCAGGTCGCTCCATAGCTATGACGTAGCAGAGATAATCTCATTTGATATTACTGCTGGATCACAGCTATACCTTGACTGGATCGATGAGACATGTAGATGAATGCTAAACAAGAGCATTCTCAACAATGTATTGAGAGGCCTCTGCAAATTTCTCTTTCCACAGACAATCCTTTAAGGCCGCACCCCCGAGAAGCTTCCTTCTAACACTGAAAAAAGTTAATAAGTCCCAGGGATCGGGCTTCTCCCCGTCCAAACGTTGCATCTGCACATCATGGAGTAAACCTACCAACGGCGATACTCTATTACTATCAAACTGAAAGGTCGGATAAAGGTGATATCCGTGATCAGGAACTGCAAGAACGCTACCGCGGCGCACCGCAGCAAGTGTAATGCTGGAAGCATACTCCCCACCACCAAGCTCTTTGACTGCCTCTTCTGTCGTCAGGAATTGATTTTCTTTCAAGAGTTGATTTCTCGCCTCATTGGCGCGTGCAATTGCCCCGAGGTACATCTGATACCCTGGCGACCTCGAATTACTCAAACCATCAGGACAGCCCTCTCTAAAATCTCTATCAATCTGATTCCTCCACTGAGCATCGATTTCTGAAGGAAACTGTCTAGCGGGTAGTTGAGGCAATGAACTTAGACGCTCTGTCATGATGTTCTAATATAGCATGACCAGGTCAAAAAGGCTAGACGTAGCCACCCCAGCCAATTTACACCACGACTTCACATGTATCAAAAACAAAAACGACCTCAACTCATGAGGCCGAAAAATCAATAAACATGGTTGCGGGGGTAGGATTTGAACCTACGACCTTTTGGTTATGAGCCAAACGAGCTACCAGGCTGCTCTACCCCGCGGCACATTGTCCATCTTAGCAAACACGAATTATTTTTGCAAGCTCTGACTCGTCCGCCGCGCACCAAAGAGGAAATTGATCCACTGCTGGAAGTTACTGGTCGGTTGCTTTTGCGGCGTGGTTTGGGCGGTCGGTTGCTGCTTGGCCGCGTCGGTTGACGGCACGATCAGCAGCTTTTCGCCGGGCGAGCCACGGCCCAGACGCTGGCGCACCGCGAGATCGAGGTACTCATCGCTTTCATAATATTTTGACTCATATGCCAACAGCTCGGTGCGCAATTTCTCAACCGTCAGCTGGTACTTTTTTTGATCGACCATCTGCTGCAATTCATAATTGCGCTGCATCGATTCGATCGACCCCCACGCCCAACTCAGCGCGATCAGCGCCGCCGCCGCAACCACAACATTATTCAGCGTCAAATAATCGTG
CP047921.1_gap27	753868	757715	3847	GCGTGACTTCGGTTTTATGCAAGTAGTATGTAATGCCTTTTGAGTTTGTGTGCTTATAAGCCATTCGTATACCTCCTGTTAGTATTATACTATTCTAGATTAGCGTCTCTGTTGACCCCTGTCAAGCCTAAAGCGGTTTTTGACGATACCGAAGCAGTAGTTTCAGTACCGCCAAAGCCACCAGTCGAGCAATGATAATCAGCATAATTACCCCTGTTACCACCAATGACCAGCCCGCCAAGTCCGATGACCAGAGCGGCGGTACAAATGTCTGGTAATATGGTGCTGTGGCAGGCGGCATAAATTTGAGGTCAAGCGACGAAGCGGCCGGGTACTTCGCCCATTCATCATTGATACAGCTGACGTAGCGCGGGTCGGCCGTAGCATAAAATCGCCCCCAGCCGCCAGCCTGTGCTCGGGCGTCACACACTTGGCGGACTTTAGCGACTGTATCGTTGCTGGAACGAGAGGCCGACTTTGACTCAAACGCTTTCCAGGCCACCTCGTAGGCCCGCTTGTACGAGTGCTCCAGAGCGATGCGTCCCGGGTCAGCGTTCATGTGCGCAACCACGTAGCGCTGCAAGTCATACACCCGCCGCTCCAGCGCCCCCTCGTCGCCCTCCTTGTCGGCGTTGATGACGGCGTCACGGCGCTCGATCATGCCAATATTATTTAGCCTGAGGAATGTCGCACTGACAAACGACGCCATCACCAGCAAAATGACCAGCTGCCATGTCTTAATTTCTTCTAGTCGCCGGATCGCCCGACGCGTGCCTCGCTTATCTGCCATTCCCCACCTTTCTCAAGTCCATTATACCAAAGATACTGGGCGAATGCGACACGGGGCTAGCGTCAGTGGTATAATGACGCTATGAGGATTTATTTTTCGGGAATTGGTGGTGTGGCGATTGGGCCACTAGCAGAAATGGCCATCGGCGCTGGACACGAGGTCTGTGGCTCTGACCGGGTGGCCGGCTTGATGACGGAGGCGCTCAAGCAGGCCGGCATCACGGTGTCGTTTGATCAGTCGGGCGAGTTTTTGCGCAGCAAGCATCAGCGAGAGCCCTTTGACTGGTTTGTCTATACGGCGGCCCTGCCAGCGGATCATCCAGAGTTGGTACTGGCGAGACAGCTAGGGATTCGCACCAGCAAGCGTGACGAGCTACTCGCTCAGATTATCGCCGACAAGCAGCTTAAGCTCATCGCCGTCACTGGTACGCACGGCAAGACGACGACGACTGGTATGCTGGTGTGGACGTTGCAGCAACTCGGCGTGCCGGTGAGCTACCTAGTTGGCTCGACGCTTAGTTTTGGCCCAAGCGGTCGGTTTGATCCGGCCAGTCAGTTTTTGGTGTATGAATGCGATGAATTTGACCGCAATTTCCTCCACTTTTCGCCGTGGCTAAGCCTCATCACCTCAGTTGATTATGATCATCCCGACACCTTTCCGACGCCAGATGATTACCGAGCGGCGTTTCGGCAATTTGGCGAGCAGTCGACGCAGGTGATCGCTTGGCGAGAGGACGCTGAGGTATTTACTCCGGCCAATGTGACGGTGCTTGAACAGACTGATCCCCAAATAACGCTGGCTGGCGAACACAACCGGCGTAACGGCACGCTGGCAGCACGGGCGGTGATGCTGGTGCGAGAGGCGGCTGCCCTTGAGATTGAGACTGAGGCGATTATCGCGGCGCTCAACACCTTTCCGGGTACCGGCCGGCGCTTCGAGAAGCTAGCTGACAATCTCTACACCGACTACGGCCATCACCCATCGGAGATTGCCGCCACGCTGCAGCTGGCCCATGAGCTGAATGACCGCGTGGTGCTCGTCTACCAGCCACATCAAAATATTCGCCAGCACGAGGTTCGTGAGCGCTACACTGATGAGATTTTTACCCATGCCAGCGAGATATATTGGCTGCCGACGTACTTGACCCGCGAAGACCCAAACCTGCCGGTGCTGACGCCAGAGGAATTAACGCACCAATTGACGACGGACAAGGTGCATATCGCGCAGCTGGATGAGGCGCTATGGCACACGATTGAACAGCAACGAGCGCGCGGCGCGCTGGTACTCGGTATGGGTGCCGGGACAATCGACGGGTGGCTGCGCGAGCAATTAGGTCGCAGCGCCTGATCACGGTTCGCCTACTCGTCAGGCTCACCACCAAGCGCCGCCCGGATATCATCATACGAAAATCCCTGACGGGCCAGATACGCCATAAATTTTTGTTGATCGCCGGCGTATTTGTGGCGTTTTTTAGCGATAATTTTTTGCAGTTCCTCGTCGTCGGAGCGGATATTTTCGCTAACTAACTGTTCTATCGTCTCGCGCTCAATCCCCTTTTGCGCTAGTTCCAATTTGAGCCGCCTGACACTGGTGCCTTTTTGCATAAATCGATGTTCCAGCCAAAAGCGGGCAAACTTTTCATCATCGAGGTACTGTTTCTCGATCAGCCGCGCCAGCACCCGCTCGGTAATTTCCGGTTTCACGCCTGGACGCTCAGTAATTTCACCAGTCTTTGGCGAGCGCTTTTTGGTCGGCCTGGTTTTACGCCACAAATAATCCCGCACTTCTTTAACCGAGCGCGGCCGTGTCAAACAATACTCCATGGCCCGGGCGTACAACTTGCCAAACTGACTCTCGTCCTCTAGCGCTGTCAATTCGTCGTCGGTATATTCGCGCCCAACCTTAATCCCCAGCTCGCCCACCTGAAAGACATCAAGGCTAAAGCGATATTTGCCATCAACGCTAACATTGACGCGGTTTTTATCGCGAGTCTGGAGAGAGATGTCGGTGATTTTCATAAAAATATTATAACGCGAAGACGGTGAGCTCGCTACTGGCAGAGGCTACTCGACTACTTCGACAACCTTACCATGCACGCCGTTGTAGCAAGCAGCAGCACGCGGCTCGGTGATGACCGGTAGTTGCCCTGGAATAGCGCTCATATTAACGTCGTCAAGCGTACCGGCCTCGACGCAACCAAGCGTGATGTGCGGGCGGAACCCATCAACATCCAGCCCTGGGTGAATACCATCCAGTGCCGCGAGTAATTGCTGACGCGCCTCAATCATCCAGGCATTTTTCTGCGTGCGTAGCTCAACCCAAATACAGTTACCGGCCTCGTCTGGCAAGAAACTAACACCATCAAGCACCAACTTACTTAGGATAGGTAGTGCCGCAGCGGCCGACTTGAGGCGTGGCATGTCCTGCTCGGTCACGTTAATCAGTGTCACGTGTGGGATAAACTCACCAAAGTCAAGATTCATTTTTTCTGACAGCTCTCGAAGATACGCATTCTGCTTATCATCAAAGACGAGGCTGACTGATGCCATATGTTTTTCGACTGGATATGCGGTTTCTGCTGCGCGCATTAGTTTTCTCCTTCTTTTACTTTCTCCCGAACCTTCTGGTCAACTTCCGCCAGAACCTCAGGATGTTCTTTCAGATACAACTTAGTTTTATCACGGCCTTGACCAATGGTCTCGCCGTTATATTTGTAAAAGGCGCCAGATTTTTCAACAATGCCGTGCGTGGCTGCCAAATCCAGAATATCGCCAGTTTTAGAGATGCCTTCATTATACATAATGTCAAACTCAGCGATGCGGAATGGCGGCGCAATCTTATTTTTCACCACCTTGATCTTGGTACGGTTACCGAGGATATCATCGCCAACCTTGATCTGCCCAATCCGGCGAATATCTACCCGCTGCGAGGCGTAAAACTTCAGCGCGTTACCACCCGTCGTGGTCTCCGGATTGCCAAACATCACGCCAATCTTCATGCGAATCTGGTTGATGAAAATCACCGTGGCTTTCGACTTGTTGATGATACCAGTCAATT
CP047921.1_gap28	824453	827134	2681	TCATTCGCCGGTTTAGCCTCGACGAACTACCGCAGTTATTTAACGTTATCAAGGGCGATATTAGCCTCGTTGGGCCGCGGGCGCTGGTGCCGCACGAGCTGAGCAATTACGAGAAAAAGCACACGCTACTGACGGTCAAGTCTGGCCTGACTGGCCTAGCGGTTGTGTCGGGGCGGCGCAGCATCGGCTTTGAAGAGCGGCGGCGACTGGATCTTTATTATGTACAAAACTGGAGTTTGTGGCTGGATATCACCATCCTCCTCAAGACCTGCCTGGTCATCTTTAAGAAGGAGTCTTGATGCGCACCCAGCCGACCATCGCGATCGTTCACGACTGGTTGTATGGCGGTGGTGCTGAGCAAGTTGTTTTGGCGCTACACCAGCTCTATCCTGACGCCCCGATTTATACCTCGTACTGCTCCCGAACGTGGCGAAAAAAACTTGATAACAAGGTGGTGACTGGTTATTTGCAGCATTGGCCATTTGCCCAGCTCAGGCGACTACTGCCGGTGCTCAGGCAGCGGTGGTTTGCGCGGCTGGATCTCGGGCAATTTGATATTATTATTTCTAGCTCTGGTAACGGCGAGGCCAAGTTTATCCGAACCACCCGTCCCGATCAACGACATATCTGTTATTGTCATACGCCAACACATTTTTATTGGCGGCACTATCAGGAATACCTGCGTCGGCCGAGCTTTCGGCCGCGGTGGCTGGCGCGACTGGGCCTGCGGCTGCTGGTCCGACATCTCAGGCGGCGTGATTATCAGGCGGCGCAGCGGGTTGATGTCTTTTTAGCCAATTCCACCGCCATTCAGGCTGATGTCAAGCAGTTTTATGACCGAGACAGCATCGTCGTCTTTCCGCCGGTGCAAACAACCAGCTTTATGGCACTCGCAAAAACCCGGCCGCGCTCCGTGACGCTACCCGACCGACCGCGCTGCCTGGTGTGGGGGCGACTGGTGCCGATGAAGCGGCTGGATTTGGTGATTCGGGCCTGTCAGCAGCTTGGTTGGCCGCTGGACATCATGGGCGATGGGCCTGATCGCGAGCAGCTGGAGAAGCTGGCGGGCGAATCGACGCGCTTTCTTGGCTACGTCAGTGACGAGACCCGGGCTGCCGCCATCCAACAAGCCGACCTATTCATCTTTACCGCCCACGAAGATTTTGGCGTCGCACCAGTTGAAGCCTTGGCCGCTGGACTGCCAGTGGTAGCATATCAAGCTGGTGGCGCACTGGACTATATCAACCCTGGTAAGAACGGCTGGTTTTTCGCCGAACAAACCGTTGAGAGCTTGGTGGCAACGCTCCAAACACTGCCCGACCAGCGAGTCTCGCCGCGAGCCATCGCCACCTCCGCTAAACCATTTGCCGAACATGCCTTTACGACTGCCATAAAGAAAATTGTAACCAACGAAAGGAGGGGCGCTCATGCGCATCGCCATTGATGCTCGGACGCTACGGACGAGCACCGGCCGTTACGTCGAACGGCTGATTCATTATCTACAAAAAATTGATAACAGGAATGACTATATTATCTTACTCAAGCCAAAGGATATGGACGGCTGGCAGGCCGACAACCCACGCTTTCAGAAAGTCACCTGTCCATTTGCTGAATTTTCGTTTGCCGAGCAACGAGGTTTTAAGAAACAGCTGGAGGAGCTGCGCCCAGATCTCGTGCATTTTGCAATGGTTCAGCAGCCCGTGTGGTACCGGGCCAGCCCGGTCGTCACCACCATGCAAGACCTGACCACCGTTCGGTTCAACAACCCCGACAAGAACCCGATGGTCTTTTGGGTGAAGCAGCAAATTTATAAATGGGTCAACAAAAAAGTCGCCAGAAAGTCGGCTCATATCATCACCATCTCTGACTTTGTCAAGCGTGACTTGGTGGATTTTACCGGAGTCAGTCCAGATAAGATTACCGTGACGCTTGAGTCCGCCGACGAGCTACCAAAGGGCAATGATCCGGTCAAGGAGCTGGTTGGAAAAAAGTTCATCATGTATATCGGCCGGCCGACACCACATAAAAATCTGCGGCGACTAATTGACGCATTTGAATTATTGCAACAAAAGCACCCCGAGCTGACACTGGCGCTGGCTGGCAAAAAGGACGGCAACTACGCTCGCCACGAAGCGTACGTTACTGAACACGGCCTTACAAATGTCGTCTTCACCGGTTTTGTGTCGGACGAGCAACTGCGCTGGATGTACGAGCATACGGCTGTGTATTGCTTCCCATCGCTGAGCGAAGGTTTTGGCCTGCCGGGTCTCGAAGCCATGCTGCACGGCGCGCCGGTCGCTTCAAGCACCGCCACTTGCCTGCCGGAAACGCATGGCGAGGCGGCTCACTACTTTGATCCGTATAGCGTTGAGGACATAGCGCGGGCAATTGACGAACTTCTGACTGACGAGAAGCGACGTCGTGACCTCATCAAGAAGGGTAAACAGCACGTCAAAACTTTCTCGTGGCAGCGAATGGCTGAGCAGACATTGGCGGTGTATGAGCGATACGGCCGCAAAGACACCAACTCATAGCGGATGATTCTAGCTTATCCACACTAGACACTTACGTCCATGACCATAGTTCTTAGGTCGCGGCTCGGCTGCTGGGTTATTTTTGCAACTGCTTCGCGATATCGCCACACTTGGCGGCCACATCCCGCCGCGCCACCAGCACACCGT
CP047921.1_gap29	828598	831131	2533	TTGGTGTATCTGAAGGATAATCTAATAGGTGCTGCATCCCTTGACGATTGTAGCCTCGTGGACCAGCGAGTGAATCTGCCGGCATCCCTAGTATATGCTCGAATAACCAGCCAATCAATTCTTCGGTACGCCGCTGGAATGGCGGCATTGATTCTTTCGAAGCCTCCGTCCGTCCGATAACGACAACTGAGGGGTCAACCTTTGAATCACCGTCACCCAACATCTCAGCAATCTTGCATGCAAGATGTGCCATTGATTTCTCTGGCTCGAGAGTGATAATTTTATTTCCACCTTGAGCTATGACAACTTCTGCACCCTCCTGTCGCTGACTGGCAATTCCCAACCGACGAGCAGATCGTACAAAAGCCCCGCGCGCGCGGAAGGCATCTGCGACTTTATCATCTGGCGACCCATCAATCACGACAAGTGGCAATTCTTGTTCGGACCACTCCTCTGCATTTTTAAGTGCAGCCTCAAGGCGAACATCGTCAAGATTAGGATAAAACGTCGCCGTCACTCCGACAGCCGGTGCTCCCTCTATAGGAGGGCTATTCCTTGGACTCATGCTCTCATTTTAACACAAAAGTTTAATTTGTCAATAACAAATCTGGTCTCTACCCTTCAAAAACGCTTTGTACAAACGATATCGCGTCTGCTACACGCTTCACGTTCTCACCCTGTTCGCCCGGGCGCATTTCGATTGACACAACACCCTCATAGCCAATGGACTTTAGCGCATCAGCTGCAGCGCGATAGTCAACATCGTCGCGATCATAAACTCGATCAAGCATCGGAGCGCTGACATGAAAATGCTTCAAGATATCGCCGTTATTTCGTATCGATTCGCCAATATCATCACCAGCTAACGCCATGCATGCCGTATCAAGATGCAGGCCGATCCCCTCTGAGTTAACCATACGAACAAGCCGCGCACCTTCATCTGCTGTTGTCACGTAGTCACAATTATATTGAGGTGCATTCGGTTCGATGCAGAGCATGGTGTTATGCTCCTTGGCGACATTACCGAGCTCGGCAAAGAAACGGCTTGCGATACCGTCCGCCTCTTCTACTGACATCGCACCGCGCTGTCGATTCTTTGGTGAACCAAATACCAGCCGACCAGCACCCATATCCCCAGCTAACCGCAAAAAGTCAGCCATATATTGCTGCATCTCGTTGCGAAGTTCGCTTGATTCAAACAGCTTTAGGTCAGGGCGCGCAAACAGCATCGACTGAAAGGCTACAATCTCAATACCATACCCCCTCCACCACTCGACATATTCGTTAATTTGCTCGGGAGTCGCCTTGGTCGGATCATCCCAGCGCTTCGTCGGCGCGATCTCGACACAGCGTACACCAAGCTCCCGCAGCTTTGCGGCGACCTCCGCCTCTTCTTCATTTGTCCATGCGATGTTCGATATAGCTAGTTTCATATGGTAATTATACCACTATTTATCCTATAGATTACGCTGCGAGACCACACCGCTCCTTGATGTATTGAATCTCCTTCTCGATTACATCCGGATTCAGAGGACCCCTCATCTCAAGCGACAACCAGCCCTGATAGCTAACACTCCTGAGGGCGTCCACATATTTTCCTTGAGGAATATCCAGCGCAGATGAAAGTCGCGCCAAGTCTGGAGCGCTGGCATCAATACCGCGTACACTGTCTCTATGGTCACGAATCAGCGAAGCTAAATCCCCCGGCGTGTCCCCAGCACCAAACATCGCCGCTGTATCAGGATGAATTCCAAACCCCGGATGGTCGATGCGATCAGCCAGTTTCCTGGCTTGGTTTAGGTTTTCCACGAACTTGTTGCCATAGCCTGATAGCGGCTCGAATGCTATCTGCGTATTGTTATCATGGGCCGCAATAGCAACTCTACCAAACAGTTTAGCCGCTCTCTCCATAGCCTGCTCGCCACTAAGCTCTCCTGGGTTACGCAATCCCGGTGAACCAAATGACATCGAGTCTGCACCGAGTGACCCGGCAAGGTCGGTTAGTCTCTTTAGGTGTTCTGCCAGATTTTTACCCTCTTCTTCAGTACCGAAAATCTTCGCATTCTCTCCAACCCCGTATGTCAAAGATTGCAGCCCAACACACGCTAGACCGAAGCCCCCAAGCTTTTTGCGATATTCTCCAGCTTTCCGCTTCAAAGTTTCGAGTCGATCCCCAGAGAGATTGGCAATTTCTGATACACTTGGCCAAATTATCGTTGGCGCAACCACAAGCCCTTCAACACCACACTGCGACACGCGGTCTAGCGCTGCTGCTTGTTGACCTTCACCTTCACCAAAAGCAATATTCGAGATAGCAAGCTTCATTGACTTCTTCGAATTCATACCCGCATTATACCATGATTACTTATTTTTTGCAACAAACTCCTTGATGCCGGCCAGCTCTTGCTCCTTTGTGTATAGATAATTACCTTCACCACCATACACTTCAGCGTATTTACTGTGCATATCCCAATAGGCTGGCGTCACGCCCTCTGGTGTGTTGGTAAATTCCATACCAAAGGCGACCCTGGCG
CP047921.1_gap30	832215	833800	1585	CTTTACAACAAGTATATTTACCGTCATTTCACTGCTGTGCATCGATGCGATTTGGGCGGGTAATTCCCTTCTAGGTCTCAGGACAGCCTTTCCATTCATTGCAGCAGCATTTATGTTATGGCACCCAGACTGGCATGTTAATATCGGTAAACATAAAACGAAAGTCAACCTTTATTACCCCATTCTATACACCCTCATGGGGATTTCCGTCGCGTGCGGAACCGAACAGGGTCTAGCATTCATGCTTGCTTATGTGCTCATCAGGGTAATTCAGTATATTCGTTCCAAAGAGATGATAAAAAAGCGGATGCTGGCATTTATTGGCGAGTTATGTGGTGTAGCACTGGCTACGTATGTCGTGCTTTCAATTATGACGCTTGGCCACGCACACGAGGCACTTTACTATGCACTCGTTGAGGTTTCAGGCGACCAAGGATGGTACTTTGGCGCTCCACCAAATAATTTTTTGCAATTAAGCAATCTTGATCAGTTATTCACCAACAGGATGCTATTCTACATGCTGCCCATCATTATCGGCGGTGTTGTTGCCTATATAATTGGTGTAAAGAAAGCTCTACTGTCCAAAAAAGAAACGTTCGTTTTCTCTATCTTGCTACTATATGGCCTGGTGGTCTTTGCTGTTTCTGCCACTGGTTACTGGGCACCTAGTGCGCAGCTCATACCACTAGAGCGAGCAGCAGGAGTTATTCTTGTGGCGACAGCAACTCGTGTGATATATAACCTGATCCGAGCAAAAAAATCGACTCCTAACGCTAAAAGTAAAGGCTTCTCGGTCTTAGCATTCGGGTTATTGCTTGGTAGCATCATCGCCCTAGGATATAACACGGCGATATTTCTACAAAAAATTGATTGGATGCCGCTAAGACACATTATTACCGAGTCAAAAAAGGCCAGGCATTCTACTGATGATGCTGAATATGTCAGCACCGCCTGGAGGAAGCGCCTCGAGGCCTTTGCTCCACATATTGAAAAGGGGGCACGTGTCTGGTCTACCTACACCAGTGTTTATGATTCGATTCGCCAACAGAAAAATGGATCTTCGGGGGGTGAAGACTATATTATACACGCCCTAGGCCCCGCCAGAAGAAATCGTTACACTCAAGATTTTATAACCCAAAAGCCTGATTACGTCATAACCCTAAATCCCTCATATTTTAAATATGAGGAGTGGCTGTGGACTCGTCACTGGGCATTTTATAAGGAGCTTCAGGATAACTACACTATCATTGCAACAAATGATTCTCATGTTTTGTGGAAACGTCAGGCGAGTAATGCAGCCCAAGAAAAGACGAATCACCCGAAACACCGCATACAAAAAGACACAAACGGAGATTATGTCATTACTGCTGGTGCCGCAAACAATATACGCGTGTTTGAGGTGTCGGTTCGCTACAGTGCTAGAAGCGTTCTACCTATGACCGCTAAATTACCGAGATACCTCCTAGAGTTATCTGGATCATCACTACAAAAACATCCTGTGTCGCTACCACAATACGACACGAGCTGGAGCTTCCCTGTGGCACTGGCACCAAATGATTCATCCATACGAATTTCGCCAAAAGTT
CP047921.1_gap31	852679	853179	500	TAGTGAGCTGCGACGAGCGAATTGCCTGCCCGCGCATATAGACGTAGCGCAGGCTACCATGACCATGAAATCGGTTGACGTGACGTAACATAGGTCCAGTATAGCAAAATCCCGCCCTGTTAGGCGAGGCGGGAGTTTACATTTAGATAGCGATTTTGGCGCGACCCTTGAGGCGACGGCGCTTCAGAACAGTGCGACCAGCCTTGGTCGAAACACGAGCTCGAAAACCGTGCGTCTTGGCGCGATGTCGCTTGTGTGGTTGAAATGTTCGCTTTGGCATATCGTTATTTAGTGTAGCCTTTTTTGACATTTTTTGCAAGCCATGGATAAACTTTCCACTGTTTCTACTGTTTTTTCCACATATTTATCAGAGGTGGCTCATCGCTGTGGAAAAATCACCTCGAGAGGCCTTAGATTTTATGATGGCGCCTGTGCTTGTGGAAAAGTCTGATTTTTTGCTATAGTAAAGTCATCAAGCTAGTTCCGAGGGGGAAGGTATT
