gap_id	start	end	length	sequence
CP055307.1_gap1	28132	28987	855	ATTAAGAATATCGATGAAGAAGAACTGCAGGAACTTACTCCTGTTATTTCGGTTATTGAAGATGCTCTAAAAATAGCGAATGATGAAAGGATAGTAACTCCTAAAAATAGTCATTTCGCTTCTGGTTCAACTACTAACGATCCTAGTTTACCTTCTCAAGAGTAAAACCGTTTGTAGCTATCACAACATCCCCTTCTTCTTTGGTTACAAATGTTCTTATATTTCTAGCGGAGAGCATGTCTAAAACTTCTTTATGGGGATGTCCCCAAGGGTTTCTACCTGCCGATATTACTGCTATCTGAGGATTGGTTGCATCAAGAAGGCTTTCGGTAAGACCATTTTTACTTCCATGATGAGGTATTTTGATATATTCCAAGTTTGGCAGCCTGTGTGCTTTTAGTAAATCTTCAATTGCGTCCGGACCAATATCTCCTGTAAATAATCCCTCAAAATCAGCGTATTTTAAAAGAAGAACCACCGAATTGTTATTATTTCCTTTCTGAGGATATTCTTCTAAAGGCCAGAGTATATCTAAATATATCAATCCTATTTTTAACTTTTTTGTCCTTTGAGTGCTTATGAGCTTGACATTTTCTTTTTCTATTAAATTTTTTAGCACTCCGAATGATTGATTGCCAGATTCAGCCTCGTTTGATAAAAAATATAAAACTTTAAAATTGTTGAACACTTCTAAAAGGCCATGATAGTGATCCTCTTCCGGGTGCGTTAGAACAACAAGTTCTATTTTTCTGTCCCAAAACGGAATATTCTTAGAAAGGCAATTTGCGACTTTGTTTCCCGGTCCGCCATCAATCAATATTTGGGTATTCCTCTTTGTGATCAGAAACGCGTCTC
CP055307.1_gap2	89145	93432	4287	AACCACAAACTCAGGTTCAGCATCTTCATAAATTATTTCAGTGACAGGTACCCCCATCTGCCCTGTTTTGGCAACCATTGCTTCAGCCTCTTTGGGATTAAGATCAACATAGACCACATCGTGTTTGACATTTTTGCTCTCAAACCAGCCCTTTTCCATTTTACAATAGGGGCAAGAAAGGGTTGCGTAAAGTTTGACATTGATTGGCTTTAGTGGCCCAACCCCAGCCACATCATCAACAAGCTTTTTAAGAGTTACTTCTGCCTGTTGGGAGATTTTATGAACCGCCGGATCATGGGTAACACCTCCCAAAAGAGCAGGACTGGAAACACCGATAATTACTTGCGAATCATTTCTTAACACAACGATCGAACAAGGAAGAAGGCCAAAAAGATTTTTGTCTGTTGTTAGTAAAGCTCCAAGCCAATTCTCATTACATATGTTTAGAAGTTTTCCCTTTTGGTTTGGCAAATCCACCTCACCCAAAATTTTGAGCTTTTCTTTCTCAGCCAGACTTTTAGCCCTTTTAACAGTTTCTTCAAATGATAATTTGCTTTTCCTAAAATAAGCCAGATTCATATTTTATCCGTTTGTGAAATTTTAAGTAATTCTTTACTCAACTTTGCCAATTTTGGCTGGACAAGTGAGTAGTAAATAAATCTACCATCTCTTCTTTCTTTGAGAAGCTCTAAACTTTTTAACTTCATAAGATGCTGTGAAACCGCCGACTGAGAAAGACCGCAGGTTTTAATAAGCTCGCTGACGGTTTTTTCTTTTTTGTCCAAACAAGCCAAAATTTTAAGGCGAGTCTCGTTGGCAAATGCAGAAAATATCTGACTCACAACTATATATTAGCAATTACTAATACATTTTCAAGAGCCAATTTATAATCTTGTTAGACCTAGATCCTCTAAATTTGAGGTTTTACATAAATATATCTTTTTGATAACAAAGACTTTCTTGCGTATAACGCAGACGAAAGACATTAATAAAATTTGTCTGTCTAATCACTCCTTGCAACAGTCAATTGCCTTCTGCACCACTTCTCCTAGTTTGGCGAAAATGCTGGTTGAACCTTTCTTTTTTGGTTTAGGATCGTCGTTGATTAAGGTAATTTTTTGGCTGTTTGACCGTCTTACATCTTTTGTCCTCACTAATCCTAGATTAAGACCCCAGAACAAGCTGTACAGTTGATAGGACTTCTGGAACATGTCCTTTGCGCCTTTCTTATCTCCTTTGGTCAGCGACTTAGTGCCAACTTCCATAAATCTCATAGATGCAGCCAATAAATGCTTACTGATACACCAAACTTCACCCTCATAATCTTTAATAATTCGCTTGAGAGCGCTTTTGCGTATCTCTCTAACCTCGTTCAATAGGTCCAGATACTTGGCATCTTTAGTTTTGTTGTAAGTAAAAAAGAAATGCTCCTCCATAGAAATTAAGTTCATAATTCCAATAGAAAGGTCTTCATCGGAAGAAAGATCAAGTTTCTCACCCTTCTCCATCTTTTTAACTTTGTCCATAAACTCGTTAATATCAGGTTGAATAGTTTTATTTTTCTTCATAGTTTCACCTCCTTTAAGCGGTTGCGAGATATGCCAAAAAACTAACAAATATGCCTAAAAAATATTTCATTGTTCAAACTTTTCTGTACCGATCGACTCAGCATTACCAGACAGCCCAGCCTTATCGCTTAAATAACCAACAATATCAGGTGTCCCAATCAAACACTTGCCTTCAGGTGTATAAAGAAAAGGCACGCCGATACTATTAGTCGAAAGCCCACAGCTCTCTGCTACTTTTACAAGTTCAAGAGAGTTGGCTCGATTGTCATACACTTCTTTTTTGACCAGCCCAATCTTCTCTTCAATCTTGTTCTCTTTCATCCACTCTTCAACATCGGCACAATGAGGGCAAGTATTACCATAAAAGAAAATAGGAACCTCTGTATTAAGAGAGGATGAACTTACAGAAGAAAGACTTTCGGCTGGCTTTTGCACTACCTCTGTATCAACTTTTTTGTTTTTACTACCCAAAATTACAAGGGATATTAAGCCAATAATTATCAAAATAATTGCACTGGTTAGAATTGCTTGTTTCTTTTTCATTATTCCTTACGCAACAAATATACCATAAACATACCCCGCCAATGTTGTTAAAACCACAATTGAGCCGGCATAAACCAGCATTTTCTTGGTACCAATGAGTTTTCTAATAACCAAAAGCCCTTGTAGCGATAAAACCGGGTCAGCCAAAAGATATGCCATTAAAGGACCCTTATTCATGCCCAGTTTCATAAAGTTCTCGGCAATCGGAACTTCTACTAGAGCAGGGAAATAGGCTAAGGTACCGAACAGCACCGCAGCAAAATTTGTAAACAAGTTATTTTGGCTGGCCAAAGCTTGAAATTGCTCTTTGGGAATAAGTTGAGCAACAGCCGCCGCTAAAAACACACCCACCAGAAGCAGGGGAACAATCTGGCTGACAAATTTTATAGTTTCATCCCACCAAGCAGTCCTTCTCTCTTTCGAAAGCCAAACAAAGGTCATGATCAGCTGAATTAATACCAATGGAGCAATCAGGGTGTATCTTAAATTATTGCTAATTGGAGCCGTTCCGACAATTAATATGGCAATCATCGTTCCCCAGAACCACAAAGTTTTTTTACCCTGAAGTTTATCCAAGTCTTGGGCAACAACTTGCACATCTTCATCTTCTTTTCTATTGCCAAAAACCACCTCCATTATCAAACCGATCAAAACGGCAAAAAAAATTGAAAGTACCAATCTGAAAAAGGCAAACTCCCAGCCGATCCTTTGTCCTGTCAAAATAAGAGCCACAACATTAAAAGCTGGACCCGCATATAATAAGGTTACGGCAATTCCGAGTCCTGCACCCTTTTTCCAGATACCAGCAAATAAAGGTAAAATAGTGCAAGAACAAACCTCAATTAAAAATCCTGCAGTAACGGCAATCAAATAAGCCAGCCATTTTTTTGTTTTGCCGGATAAGTATTTGAGGATTGATTGGGAATCAATAAGACTATTAATGGCACCGGCTATAAAAAATGCGGGAACTAAACAAAAAAGTACGTGAGCCGATAAATAATCCACAAGTCCTAACCACCCTTGATACACCGCACTGCCGATTAGGTTTTGAACCTGCTCGTTAGCTAAAAAAACTCCAATTTGATTTTGCCAAAAATAGATAATAAGATAGACTCCGCCCAAAAGACCAATAACCCAATTTTTCTTAAGAACAGATAATATTTTATTCATATCTATTTCACTCCACTTTCTTTAAGAAGGGTTTTAATCTTTTCAATATCAGGAGTAAAACCAACCATAATTGGTTTCCCATCAACAGCTAAAACCGGGCTGCTCACAACCCCCATCTCAATGATCTTTTGAATCCCTTCTTGTCCAGTTAGATATTCCACTTCATTATCTAACCCCAATTCCAAAATTGCCTTTTTGGTAATTTCATATAAGTTTTTACAAACAGAACACCCGCTACCTAAAACTTGAATTTTCATATCTCCACCTCCTTTGGAATTTGGAATAGCAGATTAGTAATTTTTCTACCTCTGTCAGTCAGTGAGTAATAAACCTTTAATCCTCGCTTTTCATTCATGACCATACCTTCATTTCTAAGATCTGCCAGATGGTGGGAAATTAGACTTTGGGACATTTGCAAATGTTCCATTAGCTCGCAGACACAGTGTTCACCGTTACGAAGGATACAAAGAAGTTTAAGGCGGTTTTTCTCTGATACCAACTTAAGAAGGGAATATAACGGCTCGACCTGTTTTGACTCCTTGTTTGATGGTGAACAACAACTATATGAACGCATATTCATGCATAATAGGAAACTTGATCACAATTGTCAACTAGAGAATTGGAAAGATTGCCTGATGAGCTGGTAAGGGTTGCCATGAAAAAAACTAAAGGAGCATCAAGCAAAAGTTCAAGAAAAACGGCTACTTCTGAAGATGACACTTCAGAACTTAGAGCTAAAAGGCAAAAAGTCCGATTTGACTGGATAAAACCGTTTGACAAGATAGCGTTTTACGCCTCTCGTCAAAGTTGGCTCCCCGGGTAGGATTCGAACCTACGACCTTGAAGTTAACAGCTTCCCGCTCTACCGCTGAGCTACCGGGGATCATTTACTTTTAAAAATTCGGTAAGTACAAGAATTATACCAAAAAAGAGCTCACCTTTGCATCTCTTCTAAAATAAATCTTTTTACAATACTCCACTCTCCAACCCCGTCTTTTGAAACAAG
CP055307.1_gap3	101761	103789	2028	CCCCTCTGGGGCGAACCCCAAGGAGCCATAATTTCGATCGGCTTCTTGAACGGATTCGGAATCGCACGACAATATCCCTTCGCCGCGTAGACGCCTTTATTACCGGTGGCTTCATAACGCGCAAAAAATTTCTCCCCTGAAACGACGTAGCTTTCTTCATCTGGATTGGTGACGACCCAGTCTCCTTCACGGGCTACATTCACAGTTTCTTCACTTCCGTCTTTAAGTATGGTTCTAATTTCCTCACCGGGCATTGCACGACGGGCTTTTACACGAACATTCTTTTTATAGACAGGAGCTCTATCAAGCTTCTCCATAATTTCGGGTGAATTAATGTCTACAAACTGGAAATTACCCTCTCGGTTCTCCATTCTCGGTTATCCTTATTTCATAAGGTTTATGATTGAATACGAACTAATTGTTATCCTAATATATCATAAAGAAGTCTCAAAAGCAAATAAAAAGACTAATCAGGCTAAGAAAAATATTAACTTCAAACAAAAAAACCAGATCACTAAAATGAATTAATAGAATTATTTGCCCAATATCTATGAATACAACTACAGCCGTTGTTTAGCCCGCGATTATTTTAATAAATTTGAGATTCTAATGATTATAAAATTTTTATAAAAGATATTCTTTACGCAAGAAAAATCTACCGATAGCAAAGAAAGATTGCTTGCGCGAGCGGAGGAGGTGGGATTCGAACCCACGCATCCTTTATCAGGATCAGGTTCTCCAAACCTGTGCAATTGGCCGCTATGCGACTCCTCCAAACATATTTTATAGACCGTCTCGCACAAGCTTTGAATAAAGCTTGTGCAACTCCTCCCTCAAACTAACTTTTTCTTAAAATTAAGCCTTTTTTCCTCAATCTCCTTGGCAATTTTCAAAGCCTCTTTTAACATCTGTCTGTCTCTTTTTGTTTTAAGTTTTTTAACAGCGCTTTGGTATTCAAACCAATCACCATTCAAAAAACCAAGCATTTCTCCGCTGTCTTTTGTTGACATCAAATAATAAATAAATCTTTGTGCAACAAGCTTATTATTAACGCGCGTAGCACCGCCACTTCTTCCCACTTCGTCAAGCACCCTTGCCTTTATTCCTCCCTGCTCTGCCATTACCCTAATAGCAGCCCGGACCGAAGATTCGGCCTTTCGAACAGTCGTTTTTGGAAACTCCCAATCACCATCCTTCTCATGAACAACAAGAAACCATTCTTTCTTACCCTTCTCTTTCTTAAACACCACAGGCACGGATACCAATAAAAGTTTGTCTTTCATGGCTGTATTTTACACCAAATCAACACTTTTTTCTTCACAAATAATATTTTTATCAACAAAAACAGTTAAACAAAAACTCTGGGTTAAACCGTCTTAAAAATTTTAATAAATAATTGTTAGCACCGTGGCGAAACCAACCCAAAACAAATAAACAACGCTCCATACAAGAGCAAAAAACCAAAAAAAAGACGTCCAAGAGACTCAACAAACTTTTGACATCAACCACGATCCACGCGGAAGGGGTGGGATTCGAACCCACGAGTCCCGTTATCGAGACATGGTTTTCGAGACCATTCCGTTAGACCGCTCCGGCACCCTTCCTCTGGTATCCCCAAGAGGACTCGAACCTCCAACCTCCAGATCCGCAATCTGGCGCTCTATCCAATTAAGCTATGGGGACTCTACCTATATTTTACCAAAATCATGAAGAAAATATTTATTCGGGAAAAAACCTAGAAATTCTGTCTATACTTTTATCAACTAACGACGGAGAAACAGTCTCTTCGTGAATATGCTTTTTAAATTCTTCAGCTATTTTCTGCCTTTCACTAGAAGGAAAAAGTATCTCAAGTCTTCCGGGAAATTTATTAATCTCAACTACCAATATTTCGCTCCCAAATCGGTTAATAAACCAAAACCGTTTTGCTTCATCCCAATGAACTTTCTTGCCCAAAACATCAATACCTTTATTGGTAATTTTATACTCTATGTTCTCAGGCTCAACCGTGGACATAACATAAAAAAG
CP055307.1_gap4	106282	107947	1665	AAAACACTTCGAGGATCCCAACTATCCGGCTTAATTATCAACTCCACCTCATCACCCACTTCACGGATTCCATCTAAAGACAATACAAAACTCCTCTTTAAGTAATTAGTCGCATCAATTGCGTCAGATAAATAATCCGGTCCAGCAATAACTTCTGTACGCTTGGTCGCCAAATCTACACCCACAAGCCTTTTTCCTTTTGTATCCAACACAATCATCCGTCCACCCGACATCTTAAGAAGATCGCCATAATAACCACTTGATACAAGAGTTAAATCAAGAAAAAGCCTAGCCTCTTGTTCATAAATTCCCGCTATCCTTCCTATATTTCCGTTTATATCCAAAATAAGCTTTTCAAGCCTATCATCCTCCACCCCTTCATCTTTTAATGCATTGCTCAACTCTCTTGAACTCATCACAAGCTCACGGGCTCTGTTTCTATCAATTTCAAAAAGGCTCTCCGCCTCCTGATATTCATGGATCGCCCGATCAAGGCGTGCCTCATAATTTTCCCGATAAATCCGCTCTTGTCTTTGCTTTACACCAAAAACAATACTCACAGCCAAAAGAAAAAGCAAAATCACTCCCACCAACGGGGCGTTCTTCCTTTTACTTTTAGTCTCATAATCCAAAGTATCAGAAGTTATCGATATTTTCCTTTCGGAAATTCTTGAAATTAACTTATCAATTAGTCGAACAATTCTGTTTCGAAACCCTCCCGTCGATTTTACCCCTTTTATCTTAAATCCAAGCTTTTCAACGCCACCATCTTCACCACCAACTTTTACAACCAAAACCCCCATTCTGTAAAAATCGGATTTTTCATGAACAAGAGGAGCAAAAGTCTCAACAAAATAATTCAGATCTCTATTCTCAAGAGCTGCTTTTATCATCCCCTCGCCAAATTCTCTACAAAACACATTAGTACACGCAAATATCCTATCTCCTGAAACCAGTCTTCCCGATGCGGTTTTAATACCCACCTCATTTTTAACTATTGGTATCATTAAACCTCTTCTATACAAATAAAAGCTACATTCTCCCCAAACACTCAAATAAACCAAATCCCCTGTCACAAAAAACACACACCCACCAAGCCCTGCCGCCTTTTGTAAATATTCATCAATTACTCTCTCCACAGCCTGCTTTAAAGAAGAAAACACACCCACATCTTCATTTTTGCTGTTTGAATAAAAATAATTTTGAATCTTGGAAAAAATTTCCTTTCCGGTCGTTAGCTGCAAAGAAATATTGTCCCCATGGCTTTTCCCCCCAAGAAGAGCATAAAGCCTACCCCGCACCCAAACATCATCGTTCTCGGGAACATATTCATAAATCTGCGTCCAACCCCGCTCATCCGGATTTCCCACAACCTTAACTGAAGTCAGCTTTAAATCCATGTTTCGGCCAACACCTACTTACAGTATAACGAAAGCCGCAACAAAAGTACCCAAAGCAAATAGCATATGAAGCCATGCAAAAACTTTTATCACCCCTTCAAACCCTATTTCCAAAGTATCCGTCATATGCTTTGTCTGCCTTATAATCACACCAGCAAAAACCAAATAAACAAAAAGCCCAATTATAACTATCGCTTTTGCCGTTAGCCAAAAAGCAGGATCAAGCTCTGAAAAATCAATATTGCCAAAATTAAAATCAATCATC
CP055307.1_gap5	145984	148118	2134	AGATGCTTTACCACATTCTTCATACTTTGTATGATATCATTTAAATAGGAATAATACTCTTATGAGACAAGATTCAAATATCCAAAAAGACAGTCGGCAGTTTCCTGTTTTTCAAAGCTCAACATCTTCGGATTTTGCACCTCCTCCTCCACCTCCGCCAGAACCGGTATTGCCGAAAAATGATTTGTCGCAACAACCACCACCTCAACCACCAGCATCACCCAATCAAAACACCCAATCTCAAGCCAATTCCAAAAAAAGAGTTGTCTTAAAAACAGTTTTAGTTTTAATACTGGTAGTTTTTTTAATAATAGTATTAGGATTTTCCATTTATAAATTTTTACCCTCTTTTCTCGGGGGCGGTGGAGGAAAAGAAGTTAACTTGACTTGGTGGGGATTGTGGGAGGATGAAACAATTGTTTCTCCAATAATTGAAGAATGGGAGCGGGAAAATCCCAACATCAAAATTAATTATGTATCTCAGTCAAAAGAAGATTATAGGGATAGGTTACGAAACTCGCTCGATAAAGGCGAAGGGCCGGATATAATGAGGATACATAATTCTTGGATCCCAATGTTCAAAAGCAAGCTTTCGACAGTCCCGTCAAGCGTATATTCACAGGCAGAATTTCAGCAAATTTTTTTTCCGGTAGCAGTTAACGATCTCAGTTCTGAATCCGGTTTTTTAGGTATACCGCTTATGTACGACGGATTAGGCTTGTTTATTAATGAAGAAATATTCTCAACTTATGCAAGACCGACACCCGAAACCTGGGATGAATTAAGAGATACTGCCGTAGCATTAACTATAAAAAACGAAAATGGATTTATAACACAGGCTGGAGTGGCTCTGGGAAATGCAAAAAATGTCGATCACTGGCAGGAAATCCTAGCGTTAATGATGCTTCAAAATGGAGCAGATTTGAATAAACCGGTTGATCAAAGAACTCAAGGAGCAATCGACTGGTTTGTTTCTATCTCAAGAGATTACAAAATTTGGGACGATACGCTCCCGCCCTCTACTGTTTATTTTGCCAGCGGTAAACTTGCAATGTATTTTGGTCCGTCTTGGCGTGCCATTGAAATTATCAACCAAAATCCAAATCTCAAATTTAGAGTTGTCCCTGTTCCACAGCTTCCCAAAAGCGATCCGTCCGAAAAAGACACGACTTATGCGACATATTGGATAGAATCCGTGTGGAATGAAAGTAAAAATCAAGATGAGGCTTGGAAATTCATAAAATACCTATCCGAAAAAGAAACTTTACAAAAATTCTACCAGAGTGCAACACAAAGCTCTGCCGCAAGAAGGTTTGGCGAACCATACCCAAGGCGTGATATGTATGAATCACTTCTAAACGATCCTGTTTTGGGTGGAATAATCAAACTAGCCCCAGACGCAAAGAGCTGGTACTTAGCCTCACGAACATTCGACGGCAAAACTGGGATAAATTCTCGATTAAGCGGATACTTCGAAGATGCAATAAACAAAGCTCTTTCATTACGATTAACAGACAAAGATATGCAAACTTTGTCAACAGGTGTACAAACGGTACTTTCAGATTATCAATTAATAGCCCCGCCCGTTATCCCAGCAAATTAAAAAAATGCTGTCTCAAAAAAAGCTTTTCTCGCTTCTTTATCACGATATCTTTGATTATCCGCTAACTAGCGAAGAACTCAACAAGTGGCTCGCCGGAAGTATTATTTCCAAAAAAGATATCGATATAGATTTCTCGGACGGCTATTACTTTCTTAAAGGACGAAAAAAACTTGTTAAAAAAAGGCTCAAAAGAGCAAGGTATTCGAAAAAAAAATTTTCAATTGCTCAAAAAAAAGCTTTATTAATAGCAAAAATACCGACAGTAAAATTTGTCGGTATTACTGGATCTCTTGCTATGGATAATTGTAAAATAGATTCCGACATAGATTTTATACTTATAACAAAATCACACACGCTTTGGATAACAAGACTGTTTGTTTATCTGCTGCTTCTAATTACGCGCACAAAAGTAAGACACCCAAAAGATAGTATTGAAAACAATAAGCTTTGTTTAAATATTTGGATGGACGAATTAAATCTAAAAATAAATAAAAAAAATATATATACGGCCCACGAGTTAGCTCAAATTAA
CP055307.1_gap6	149619	154334	4715	GAAGCCCTGGCTACGTTAGTAGTAAACAAGCTACGCGGTACATTCAATGTTTTAGCTATTAAAGCACCGGGATTTGGTGATAGAAGAAAAGAAATGTTGGAAGATATCGCCGTTTTAACAGGAGCAGTTGTGATATCCGAAGATACCGGAAGAACATTTGAGTCAATAGAGGTAACTGATCTTGGGCAAGCCGATAAAGTCTGGGCAGATAAAGATAACTCAAGAATTATTGGGGGTAAAGGGGCTTCGGAAAACATCAAAGCAAGGATAGCTCTTATTAAAAGACAAATTGAAGAAACAGACAGCGATTTTGACAAAGAAAAACTTGAAGAAAGGCTGGCAAAATTAACAGGTGGAGTAGCACAAATTAACGTAGGAGCTGCTACAGAAGTGGAGCTCAACGAGAGAAAAGAACGGGTTAAAGACGCTGTTGGAGCTACAAAAGCCGCAATCGAAGAGGGAATTGTGCCCGGCGGAGGAATTGCGTTTTTAAGAGCAAGAAAAGCACTTTCGAACTTAACAAGTAATATTAAAGATGAGCAAACAGGTATTGAAATAGTTAAAAACGCTCTTGAGGAGCCGCTTCGTTGGTTGGTTAAAAACGCAGGAGAAGATGACGGTTACGTACTTAAAAAGGTTGAAGAAAATAAAAACGTTGATTATGGCTACAATGTACTCACCGGGGAGTTTGGTTCAATGATTGACTTTGGTCTTCTAGATCCTCTTAAAGTTGCCCGCTCAGCGCTCCAAAACGCTGGCTCGGTAGCCATGATGGTTTTAACCACAGAGGCACTTGTTACAGATATTCCGGAAGAAAAAAAGGAAAGTTCATCTTCCCCCGGAATGCCAGACATGGGTGGCATGTAACTTCTCTTTGATATAAAATAGGTTAATGCCCGATAAACAAAAGCGTAAAAAAAGAATTAGGCCAATTATCGAAGAAGAAATTTTAATAAAAGAGCCTACTCCCGAGCCTTTACAGCAACAATACCCAGAAAAAACAAATCTCAAACTAATTTTTTTTCTTACGGTTATAACAGCACTTGTTGTCGGTTTTGTTTCAGGTGGTGTTTATGTTTATTTTTCCGGAATTTCTGCTGTGCAGGATTCTGAAAAATCAACACCCATACCGTCTCCGACAATTACCCCCGAACCAAGCGCTACTCCCAAGCAAACTCCGGAATCCGAAGAAATTGACCTTTCTCAATATAAAATAAGCGTGCTTAATGGAAGCGGAAAAATTGGCGAGGCATCCAAAGTAAGTTCTCTTCTGGAAGAAAATGGTTTTAAAGTCGAAAATATTGGTAACGCAAGTAGGTACGACTTTGAAAACACTGTTTTACAAACAAAAAAGCAGACCCCGCAAAGCGTTGTTGTATTGCTCAAAAAGGCACTTAGCTCAATTTACTTAGTTGAAATAGACTCTAAAAACCTTCCCGAGAGTAGCGAATTTGATTTTATAATTACTGTTGGCTCAAAACTTGCGCAATAAAACTATTTTTCGATTTCAGGCAAAACAGTTAAAGGATTAATGTTTTTCCCATCTTTTCTTAACTCGAAATGTAAATGGTCGCCAAAAGCCCTTCCTGTTGCGCCAATTTCACCAATCTTTGTACCCATTTCTACCCGTTGGTCTCTTTCAACCTCAATTCTAGATAAATGAGCATAAAGGCTTACCAAGCCGTTTCCGTGAGAAATTAACACGGCATTTCCGTAAGCAAATCTTGAATATTGAATCTCAAGCACCTCGCCCCTCATTATCGAAAATATGGGGTCTCCGGTTTTTCCGTCGAAGTCAATAGCTTGGTGAAAAAAGTGATACCCTTGGCTTATTACAACACTCTCTACGGGAAAAATTAAACCTCTTTGTGTCTCAAAATTTATCTTATCTTCAACAGTAACAATGCTGTTTTGAGTTTCAGCCACAGCAATGCCGGATGCTGGAAAAACAGAGCTTGCCATTGCAAACAATGCAAGATTGGTCCCCAAAATACTCCTCGTTCTTTTGTGCTCAAAGATATGCCTGAAAAACCGGCTTATTTTATTCCCACGTCGAACTCTCCGAATCTTGGAAAAAGATGGAATAATTGGTTCGGTCAAACTCTCCCCCCTACGCCGTTTCACTAAACATAGATCCAGGCGATATCTCGGGGACAGGTTAATGGATAGCTTATTCATAGTTCCTTGGCATTTAAGTTAAAAACTTATTCCAAGGTTTTATAAACAAAAAAATCTCGCTTAATTTAAGCGAGAGAACATATTATATCCTAATTGTCAAAAACTTTCAATTTTTTGTACAGGATCGTAACATATTCGACATACCTCCTTCCTGGATGAGATAGTCTGTTGGTGTCATATTACCTAGGGATTCATGTACTCTCTGGCAGTTGTAGTATATCAGGTACTTTGCAAGACGTTGATTGTAAGCTTTCTGGTTGTAGATAAGGTGGAGGTTGGGGTCAATAAAATCTTCCTGGATGGTCCTGTTGAAGCGCTCTACCACCCCCTGGATCTTGGACATTCTGGGGTATATAAAAATGTGTTTGATGTTTTGTTTTTCTAGGTAAACCCTGAATTGTTTGAGAAACTCTTTACCATTGTCAGTCTGGACTGTGTGGATTTTGTAGGGAATAAGTGTTTGGAATTTCTTGAAGAAGTCCACAGTGTTAACTGAATTTAAGTGTTTGTAGGTCAGGGAAAGGGCAGACTTTCCCTTCACATCAATTGCCTGGTACATATACCACCTAATGCCATCAATGATTTTCTCCACAGTATCAGCTTGGATGTATCCCAGAGTTTCTGGTTTGGGTGCATATTTAATTCTGTTCTTCTTGCTCTTAGTCTTGTTTTGAGCCCATTTAGAGGCTGGATTGTGGTATACTCTGCCTGTTTTGTAATAAAATAGATTGTTTCTTGAGATAATCCTCCCAATGGTAGCCTCTGATACTGTTAGGAGATTATTTTCTCTGCAGTATGCATCAAGTAAGGGTTTAAGCTTCTTCTTGCTCATTCTGGGGACAAACTCTCTTTGGGATTTAATATAATCAACAATTTTAGGATCCACTACTGACCTTCTTACCCCCCTTGGAGCTGTGGAGTCTGGAACTAACCCCTGGATACTCTTTCTCTCTAGTACTCTTTTCTTCCAGGTGAAGATAAGCTTGCGATCTACTCCAAAGGCCTCTTTTGTGGCAACCTCTCCATGTTTGGCATAATACTTAATTATTCTTAGTCTTTCCTGGGCCACCTCACTTTGATCAAATCTTCTCAGTGGGAAATCAAGTTCATCACCTCCTTGGAATTCTTGATTTTACCCATTACAAACTCAGATTTCATGCTTACCCCAGTGGATCTTGCCATGCTTACTCAATGTCGAATATGTATCTGATCCTGTGCATTTTTTGCTAATATTAATTAAGGGGGTGATTAAATTATGAAAAAAAAGGACTGGAGACTTTTGTCGCAAGTTTTAATTGGGGCATCACTAATAGCAGTAATTCTATCGGCAATGGGCTTTATGGGTTCTGATATATGGCTTGCATCAACACAATGGTTGCTTGTCGCGGCCGTCATGGCTTTATTTGGTATCTATAGCCGTCTAAATTCATAAACTGCGGAATATATTCGTTAAATATGCGGAAAAAAAATTATTCAGTTCAAAAATGTCCTGTTTGTGGGTTTGAAATTGGCTCGGTGGCCGGCTCAAAAGACGCAATTTGCACCAATTGCGGTTTCAAAGACTCCTGTTGTGATTAACATGCTTTCAGTAAAGAACTTTGCTAAAATAATTTATGATTAAAAAGTTTTTTTCCATTGTTTTCTTGTTCCTGTTTTTTTTCAGCAGCTTCACTGCGTCGGTTGATGCATCTATCATTAAGGTTACAAAGAATGGAAAAATTATATGGGGGATTTTATCCTACGAATCCGATAATCAGATAAAGATTAAAAACATAGCAAGTGTTTCAGATAAAAACGAAGCGAATGAAATTTATCTTAAAAACGAAGGCGATAAATTAATGCTTGAAGTAAACTCCGAAGGTTCCATCAAAAAAGCCGATGTCACCAAATTTGAGGGGAATATACTTGAAATCGAAACTCACAAAAATCCACAAAATATAATAATTTATGAAAAAGACGGAAGGTTTGTAATCAATCAGCAAAACTATCTGGCAACAACATCTCTTTCAATCATTCTTAATCCTCAAGATCAAACGCTTTCTATTGGCACAAGCCGGGGCACAAGTAAAATAATTGTTCTTCCTCAAGAAGCGGTTTCAGGATTAATAAGAGCTAATATTATGACAGATGCCAATAATTCGATTTTTTTGGATGAGAATGAAACTGGAATGCTAGTCTATAAAATAGATGGCAAAAAAACAATCGAAATTTTTAATCTTTTGGAAATTAACATTCCTGTTTTCGCCGAAGTATCGCCAACCGACGGAAAATTGGTCAACAAAATTGAACCAAAATGGTTTTCGGTTTTGGGATTTCTTTTTTCGTAAGTAATTAATTTTTAAAGGAGGTGATTTTTATGAACATAACAGTTTATACAACAACAACCTGTCCATATTGTAGAATGCTTAAAGAGTATTTTAATCAAAATTCGATTCCGTTTACTGAAAAACTTGTCGATCAAGATGATCAGGCAAGACAGCAAATGATGCTGGATTCAGGAGGATTTCTTGGGGTTCCGTTTACCACAATAGAAAAAG
CP055307.1_gap7	173982	177543	3561	TTTAGATCCGAGAACACAAAAAAAGATAGGATCTCTTTCGGCGCGAAAAGTATTTACACAGATTGCTGAAGCTGCATGGAGAACGGGCGATCCGGGATTAATCTTTATAGATAGGATAAACATGTCCAAAGCAAATCCCGTACCATCACTTGGTCCTATCGAATCAACTAATCCATGTGGTGAACAGCCTTTATACCCCTTTGACTCCTGCAATCTTGGGAGTATTTTTTTAAGCTATTTTGTAAAAGAAGATAATAGTGGAGCAAAATCGGTAGATTGGGATAAATTAAAAAAAGTAACAAGACAAGCTGTGAATTTTTTGGACAACGTAATCGAGCTAAATCCTTATCCACTTGAGGAAATTAGAAGAATTTCCCTTGCAATAAGAAGAATAGGTCTTGGTGTAGGCGGATGGGCTGATATGTTAATCGATTTGGGCATACCCTACGATTCTGAGCAAGCTCTCAGACTGGGAGAGAAAATTATGAAAACAATTAGCGAAGAAGCAGTAGCGGCTTCCGAGGATTTGGCTAAAAAACGAGGCCCTTTTCCTCTTTGGCCGATTAGTATCTATAAAAACGATAAACCAAGAAGAAATTCAACAGTTACAACAATTGCTCCAACAGGCACAATTTCTATAATTGCAGGCACATCAAGTGGTATAGAGCCGATTTTTGCAATAGCATTCCAGCATATTGTAAAAGATAAACATTTAGAAAGAACGCTAAATTTCATAAATCCAAAATTCGAAGAAATAGCACGAAAACAGGGGTTTTGGTCCGAAGAAATAGAAAAAAAAGTATCAGAACACGGCACAATTAGAAGTATTGAAGAAATACCCGAAGAAGTAAGAAACATATTTGGTACCGCCCACGAAATCCACCACGATTGGCATATAAAAATGCAGTCAGCCTTCCAAAAATATACGGAAAATGCAGTAAGTAAAACTATAAACCTAAGAAACGAAGTAACTCCTGAAGATGTAAAACAATCTTATGTTCTAGCTTGGAAAACGGGCTGCAGCGGAATCACTGTTTTCAGAGACGGCTGTAAAAACGCTCAAGTATTAAATCTCGGCATCAAAGAAGAAAAAGAGGGAGAAAAAGGCAATGGAATTATAAAACCAACAGAAGAACGCCCATTCAAAGTATCAGGTGCCACATACAAACTCAAAACTCCGGTAGGCACGGCCTTTATTACCATAAATGAGGACGACAAAGGCGAACCGATCGAAATATTTATAAACGTAGGCAAGGCCGGCAGTGATATTACAGCAGTCGCAGAAGCGCTCGGGCGCACGGTTTCAACAGCGCTTAGATTTAAAGGTGTGCTTAGCCCAAGACAAAGGGCGATAGAAATAGCTAGTCAGCTTTCTGGGATCGGAGGAAGAAGGTCTGTCGGCTTCGGTCCCAACAAAATTCGCTCTCTTCCAGATGCTGTTGCTGTTGCTCTTTCAAACCATCTTGGTTTTAAGATAAATGGAACTTATCACGAACAGGTAACAGACTCCGAAAAGCTCTATTTGAACAACAAAGAAGGTCAAGCATATAATTTTACTCAAACACAAGCTGCTTTGGAAATTGTATCGATTAAAGCGGATATTTGCCCTGTTTGTGGAGCAAACGCTTTAGTTTATGAAGAAGGGTGTGAAAAATGTCACGTCTGTGGTTATTCGGAATGTTAATTATATGTCTATCTACACCAAAAAGGGGGACAAAGGAACAACATCGCTTTTTAACCCCGCACTTTACAAAGAAAAAAGAATTCCAAAAAGTGCCCAAAGAATAAGAGTAATAGGCGAAATAGATGAACTAAATAGCTTTCTTGGTATTATTTCATCCAAAATTAGAAATAAAGATACTAAAAAATTTATTATCAAAATTCAAAAAAATTTATTTACCATAAACGCTGTTATTGCAGGTGCCAAATTGTCTTTCAAAAACGAAGAAACAAAGTTTTTGGAAAAAAAGATTGACAAAATCGAAAAATTGCTTCCGCCGCTCAAAAATTTCATAATACCGGGCGGAGACACTCTGGCCAGCGAAGTTATGTACGCTCGCACAATAGCAAGAAGGGCAGAAAGAGAGCTTGTTGCTTTGAGCAAAAAGGAAAAAGTCAAACCAAGCCTGCTCAAATACATTAACAGACTTTCTGACGCTCTCTTTATGGTCTCAAGAAACATAAATTTTGCAAAAGGCAAAAAAGAGACTCCTTGGAAGCCTCGCTAAAGGTGTTAAAATAAGCTATATGGTTGTACCCCCCGAGAAGGAATCGGTTCTAAAAGAATTTGAAATACCCGACGAGCCTGAAATTGGCGAAGGCGCAAGAGAAGCGGGTGTTTCTGTGCGTCCAGTGTATCCCAGGGTGCCTCCACCTCTTACGCCAAGTAGCGGAGCAACGACCCTTCAAAGAAGAGAAAAAAATGTTCGAAGCGTTGAATTTGCTTATCCACAAAATGTATATGAAGATATGTCAAAAGGTTCAGCGTCTGATTCTAAGACCTGGTACGGTGTATTTAATTTAAGAAGAATCAAAAAAGCACTATTAAAAGGTTTAAGAGTAATTTTAAAAGCAGAAAAATGAATACTTCCACACTCACCCAAAGCATTACAGTTTTTTTCATCTTTTTGTTTTTGTTGACATTTTTTTTCATTTTATTTGGCTTTATTGCTTGGTCAATAGCTCTTTATTATCGGCAAAAAGAAAGAGAAAAAAAGTCTCTTGAAGCAGTTCTTCTTCAGGTTGCCACTCCTAGAGGAAATGAAATAAAGCCGGACGCAATGGAGCAGTTAATAGGGGCTCTCCATTCTATAAAAAAAAGTGGTTGGAAAACACGAATCTATGGCCAACCATGTATATCTTTTGAAATAGTAGCCAAACGGGAGGACATTAGATTTTATGTTTGGACGTTTAAAAACCAAAAAGATCTTTTAGAAAAACAAATCCACGGCGCTTATCCCGATGCACAAATAACAGAAGTTCCCGAATACAATATATTTTCAGAAAACGGAAAGGTGGCATATAAAGCACTTCAATTAAAAAAAGATAATTTTTATCCGATAAAGACATTTAAAGAACTGCCCACAGATCCGCTCGCATCAATCACTTCTTCTCTGGCAAAAATGGGGGAAAATGAAGCCGCATCAATTCAAATCCTTATTTCTCCCGTCGATTCGTCCTGGCAAACCCAAGGCAAAAATTACATTTCACAAACAAAAAAACAGGAATCCGATCCAGAAAAAGCAAAATATTCTGTGCCAGTCAAAACCCTAGAGGCTGTAGAGAATAAAATCTCAAAGCCCGGCTTTGAGGTTTCAATTAGGCTGGTAGTGGTTTCGGAAACAGAGGATTCCGCTAAGGCGCACCTAGGAAATGTAGTAAGCGCTTTTTCACAATTCGATGGAGACTTAAACGGCTTTGGTTCAAGAAAAATAAGAAACAAAGGGGCATTTATCGAAGATTTTATTTACAGATATCACCCCCTTTTCCATTTTGGCAAAAATAGAATATCAATCCTAAACGCGGAAGAAATCGCCACAATTTTTCATTTTCCAAACAAAC
CP055307.1_gap8	332675	337647	4972	CGTTTGGAGACAGGCCGATAGGTATCAAGTGCCTAGAATTTGTATTTTAAACAAGCTTAATTTAATAGGTGCTGATTTTGAAGGAAGTATTAAATCTATAAGAACCAGGCTTGGTGCAAATGCGCTTCCTATACAGATGCCTGTCGGTATTGAGCATGATTTACGAGGTGTAGTTGATGTTATAAACATGAAGGCTTACACATATAAGGGTGTGGATGACAATAAGCTTACTGAGGAAGAAATTCCTGCTGATTTGAAGGAAAAGGCCAAATCTTATAGAGATGAACTTATTGAGGCGGTTGCAGAGTATGATGATGGTGTGCTTGAGAAATATCTTGAAGGTCAGGAGCTGGAGCCTAAAGATATAAAAAAAGCCATACGTGCGGGAGTGATTATGGGTAAATTTTTCCCAATTCTTGGGGGGGATAATAGAACTGTGACTGTAAGAACGCTTCTTGATAGCGTAGTTGAATATTTACCCTCTCCTATTGATCTTCCACCCGTTGCTGGTGTAAATCCTAAAACAGGAAAAGAGGAAACTCGGGAGAAAAATTTGGAAACACCGCTTTCTGCTCTTGCTTTTAAGGTAGTTACTGATCCGCATGTGGGGAGGCTTGTATATGTAAGAGTTTATTCAGGTAAGCTTAAGGCAGGAGAATCGGTTTATAACTCGAGTAAACAAACAACTGAAAGAATAGGAAAGCTTGTGCTTATGCATGCTGATCAAAGAGAGCTTATTGACGAAGCTTATTGTGGAGAGATTGTGGCTGTGGTGGGAAGCCGTGATTTAACAACGGGAGACACGATATGTGATCCGCGCAACCCAATAGTGCTTGAGTCGATTTCTTTTCCGGATCCTGTTATATCCCTTGCGATTGAACCTGCGACAAAGGCCGATCAAGAGAGAATGAGTCTTGCTTTAAATAAGCTTTCGGATGAAGATCCTACTTTTAGGATAAAAACAAACCATGAAACCGGTCAAACGATTATATCCGGGATGGGCGAGCTTCAGCTTGAAATTCTTGTTGATAGAATGAAAAGAGAATTTAATGTTGATGCAAAGACAGGAGCTCCACAGGTTGCTTATAAAGAGACTGTTAAGAGAGTTGCGACTGGTGAGGGTAAATATATAAGGCAGACGGGCGGGCGTGGACAATATGGTCATTGTTTTCTTAGAATTGAGCCTTTGGGAAGGGGCGAGGGGGTAGTTTTTGTGTCTGAGATAAAGGGTGGCGCAATTCCTTCCGAATTTATACCTGCTATTGAAAAAGGTGTTAAGGAGAAGCTTGAGTCAGGTATACTTGCGGGATATCCTGTGGTTGATTTGAAGGTTGCTGTTTACGACGGAAGTTTCCATGAGGTAGATTCTTCCGAGATTGCCTTTAAGATTGCTGGATCTTTAGCACTTGAGGAGGCTGCGAAAAAGGCGGACTTAGTGCTTTTGGAGCCTATTGTTAAGGTTGAAGTTACTACACCGGATGAATTTATGGGAGATGTGATTGGAGATCTTTCGAGTAGGAGAGCTCAAATACAGGGTACTGAAGAAAGAGCGGGTTTGTCTGTAATAAATGCAATGGCTCCTTTGGCTGAGCTTTCGGGTTACGCAACAAGACTTAGGTCGCTATCGCAAGGAAGGGCGAGTGCTTATATTGAACCAAGCCATTATGAAGAAGTGCCGGCAAATATTTCTGAAAATATTGTTTCCCAGTCCGGCAGGGGATCTGTCTCTTGACAAAGCTTGGTGGTATTGTAATAATACCCTTAATTTCCGCAAAAAGCGGAAGTTATTTTTCGCCTAAAATTAGGGCTTGAAAAAGTTTGAAAGATATAATAAATTAACTATCATGGCATCAGATACAAAACAAAAGTTTGAAAGAAACAAACCGCATGTAAATGTTGGTACTATAGGTCATGTTGACCACGGTAAAACTACTTTAACTGCTGCAATTACTAATGTTCTTTCAAAACAGCCCGGTAATAATACAAAGCCTTTTAAGTTTGAAGATATTGATAACGCTCCTGAGGAGAGAGAAAGAGGAGTAACAATAAATATATCTCATATTGAATACGAAACGGAAAAGAGACATTATGCTCATATCGATGCTCCTGGTCACGCCGATTATATTAAAAACATGATTACGGGTGCGGCTCAGATGGATGGAGCTATTTTGGTTATATCTGCTGCGGATGGACCCATGCCTCAAACGAAGGAGCATGTTATTCTGGCAAGACAAGTTAATGTTCCTGCTTTGATTGTGTTTCTAAACAAGGTTGATACTGTTGATGACCCTGAGATTATTGATTTAGTTGAAGATGACGTACGGGAGCTTCTTAAGAAATACGAATATCCAGGTGATGAAGTTCCTGTTATTCGCGGATCTGCGCTAAAAGCTTATGAGGGTGACCCCGAGGCTGAAAAGCAAATTTTAGAGCTTATGAAGGTAGTTGATGAGTATATTCCCGAACCCAAGAGAGAGGTTGATAAGCCTTTTTTGATGCATGTTGAAGACGTATTTTCTATTAAAGGACGAGGAACAGTAGCTACGGGGCGTGTTGAAAGAGGAAAACTTACGGTTAATGAGGAAGTTGAGATTGTCGGTATAAGGGATACTCAAAAGACTGTCGTTACTGGACTTGAGATGTTTAGGAAAACTTTGGATGAAACCCAAGCGGGAGACAATGTAGGGGTTTTACTAAGAGGAATTGAGAAAGATCAGATTGAGAGAGGTCAGGTAATTGCAAAACCTGGATCTGTAACTCCTCATACCGAGTTTGAGGCGGAAGTTTATATTTTATCCAAAGATGAGGGGGGAAGGCATACACCATTCTTTACTGGATATAAGCCACAATTCTTTGTGAGAACGGCAGACGTTACTGGTGAAGTTAACCTCCCTGAAGGAATTGAGATGGTTATGCCGGGTGATAACGCTAAAATGAAGGTTAAGCTTATTACTCCGGTTGCAATGGAGGAGGGGCTAAGATTTGCGGTTCGTGAGGGTGGAAAGACGGTTGGTGCAGGAGTAATCACCAAAATAATAAAATAAAATCTTCGCACTTTAATTAAAATGGCTATAGGACGTATTAGGGTGAAACTTAAGAGTTATGATCATCGATTAATTGATGAAGCTGCTTCTAGGATATTGGATACGGCCATGGCAAGTGGGGCAAAGATAGCAGGCCCTACGCCGCTTCCTACAAAAAGAACTATTATACCTGTTCTTGAATCTCCATTTAAGCATAAAGACGCACAGGAGCATTTTGAAATTTTGGTTCATAAAAGGCTTATTGATATTCTTGAACCTACAGAAAGAACTATCGATTCTTTGTCTAATTTAGATCTTCCAGCGGGAGTTTCCGTTGAGATTAAGATGTAATGAGGAGTTTTGTCTCAAGAGGTGGAGAAAAGCTTCAAGCGGCTTTGGAAGCTTTTAATATCAATCCTGATGGTTTAATAGCTGCTGATTTTGGTGCTTCGACTGGTGGGTTTACAGATTGCCTTTTGCAAAATGGCGTTTTACGAGTATATGCGGTTGATACTTCTTATGGTGAGCTTCACTGGAAGCTTAGAAATGATCCGCGAGTTGTTGTGAAGGAGAGGACTAATGCAATGCACGTAATTTTACCTGAAAAAGTAGATATAATTGTGATTGATACCGGTTGGACTAGGCAAGAAAAAATTATTCCAAATGCTCTAAAGAATTTGAAAAAGAATGGGTTGATTATAACTTTGATTAAACCTTATTATGAAGCTAATCCCAGCTTGATTCGTAAAGGTAGGCTTTCTGATGAGAGCGTTGACCAAGTGCTTTCTGTTGTAAAACTCAAAGTTGAAATGCTTGGAATTTGTGTTTCTAAGATTATTGAATCTCCGATTACTGGAGGACGCGCTGGTAATCGGGAGTTTTTAGCTCTTCTTGCTTGATTAACGGCTATTTGATATAATCAGCCTCACATGGAGGTGGTATTGATATAGACCTCTAGAAACTGGTCGGAGAGCCGAGATTGGGCGCCTCTGGCGCTTTTTTTAATGTAAAAAGCATGTTAAATACTATTTTGGGACAAAAAACAAAAATGTTACAGGTATTTGTTGAGAATGCTAGAGTTCCCGTGACTGTGGTGAAAGCAGGACCTTGTGTGGTTACGCAGATAAAAAACTTAAAGCGGGATGGTTATTGGGGTGTTCAGCTTGGTTTTGGTGAAAAGAAGGTAAAAAATATTACAAAACCAATGAAAGGGCACTTAAAAGGCGTTTTTCAAGGCAAGAAAGCGCCTTCTTTTTTGGTGGAGATAAGAGTTGATGATGAGCCAGAATTTAAAGTTGGTGACAAGATAGAGTTAAATCAAGTGCTTTCAGAGGGAGATTTGGTTTCCGTAACAGGCAAATCTAAAGGAAAAGGTTTTGCAGGAGTAGTAAAAAGATGGGGATTTGCGGGAGGTCCTAAAACTCACGGGCAGTCTGACAGACATCGTGCGCCGGGATCTATCGGACAGGGAACAGACCCGGGTCGTGTGAGAAAGGGCAAGAAAATGGCCGGAAGAATGGGACAGGATAGGGTTACCGTTAAAAATCTGAGGGTTATTAAAATTGATTCTGAAAAGAGAGAGGTTTATTTATCAGGTTCTCTTCCCGGTTCAAAAACGACTCCTTTAATAATTAAAAAGATTTCATCGGGTGGGGGTGTTCCCAAGAAAGGAGAGGAAAATGCCGAAAGTTGATAAATACACTGTTGGCGTAAAAGCAAAGTCAATAGGCGAGATCCCTTCGGACTTATTCGAAAAGGAAGAAAACGATTATTTAGTTGCTCAAGCTATGCGTATTTATATAAATAGGGCCTATAAAGCTTTGTCTAAAGTTAAAACAAGAGGTGAGGTATTACTGACTAAATCCAAGTGGTATAGACAGAAAGGGACTGGTAGAGCAAGACATGGGGCAAAATCAGCCCCTATATTTGTGGGCGGTGGTAAGGCGCAC
CP055307.1_gap9	462078	465864	3786	ATTGTCGGTTTTAGCTTTAAAAAGCTTAATTTGAGTAATGATAGTGATTTATTAGAGTTGGAAGAATGGTTTAAAAAGGAACGTTTTGATGGGGTAATCCATATGGCGAGCTTTATCCAAATGGGAGAGAGCTTTAGGGATCCTTATAAATATTTTAGGAATAATATTAATAGCGCTAACAATATTTTGGGCATAATGGCAAGGCAGGGTGCTAAAAATTTTGTTTTTAGCTCATCAGCCGGTGTTTATGGGAGCCCGAAAAAGCTTCCAATATCCGAGGATGATCCGAAAATCCCTGAGAATCCTTATGGGCAGACGAAGCTGATGATTGAAGAGATGCTTCCTTGGTATGAGAGGGCGCATAAAATTAGCCATGTTTCGATAAGGTATTTTAATGCGGCGGGTGCGGCGCTTGACGGATCTATTGGTGAGGATCATCCCAATGAAAGCCATATAATACCCTTGATAATGAAGGCGGCTATGGAGGGCGGAGAGTTTACGCTTTTTGGAGATGATTATAATACTCCCGATGGGACGTGTGTTAGGGATTATATACATGTTTTGGATTTGGCGGATGCACATATTAAAGCCCTTACTTATTTGGAAAAGGGTGGAGAGAGTACGGCTGTAAATGCGGGATTGGGGCGGGGGTATTCAAATCTTGAACTTATTCGCGAGATAGAGAAAGTTGCGGGTAATTTGGCGTGGAAGTTTGGGCCGAGGCGTCCGGGAGATGCGGATATTCTCTATGCGGATAACAAAAAAATAAAAGAACTTTTCGGCTGGGAGCCGAAGTATGGTTTGGCTGAGATTATTGATAGTGCTTGGAAATGGCACAAGAATAACCCAAAAGGTTACTCTTGATGATTAGTCAATAATAAATGAGACTATTTATAGATACCTCTGATTCGGAGAAGATTGTAGTCGGGATTGATGGGGAGATGTTTGAGTCTCAATCCAGAAAAGAAAAAACCCAGGCTCTTTTGGGGTTTATTGATGAGATTTTGGCGAAAAAGGGAAAGAAAATTTCTGATGTTACCGAGATCAAAGTCGTAACAGGGCCAGGATCTTTTACAGGTCTTCGTGTGGGGGTGTCCATTGCTAATGCGATCGGTTGGGCGTTGGGTATACCCGTAAATGGGAAGAATGTTTCAAAGGGAGAGAATGTGGAGATAAAATATACTACTTGACATGGGTGCTAATTACATCTAGACTTCGGGCAAATGATTAAGTTGTCCTATTTTTTAAAAGGAGCTTTCGTAGGATTTTTTATTGTTCTAATTTTTGCAATTTCTATGGGGGTAAAGGACACGAAGGCTTGTTATTGTACACCAAAACCTACTGCTTCAACAAGCCCCACGCCTACTTCTGAGCCGACTTCTGAGCCAACATCCAAACCTACCTCCGAGCCTACAGGAGAGCCGAGTGCTTCGCCCGTTCCTACACCTGCTCCTTCCGAGCCTGCGCGCGGAGGAACAAGTCCTGCCGGGCCTCCGGTTTGTACGGATCCGGCGCCAAATGCGCCATACTTGATAAGCGCTACAAGAAAGGGCGTTGCAAGCATTGAGATAGTTTGGCAGAAGGTTGAGAATGCAAACGATTATGCAATTTTTTACGGGTCAAATCCCGGTGAGCATATTTACGGCGTGCCGAGTACAGGGGATACTGATAGGTTTATTGTCAATGGATTAACAAGCGGTTGTTTTGTTGTCCGAGCTGTAAACGGATGTGGGGTAAGTGCTCCTTCAAATGAAGTTTGTACGGGCGGGACAGCGGGTGCTGTGCTTGGAGCTAGCACGCTTGCCGATACCGGATCTGGTGAGGACTTTTATAATGCCTTTTTTATTATAGGTGCTTTGGTAACTTCGGCGGGTGTCAGACGAACTTTTGCCAAAAATAAAGAAAACTAATTTTTTCTTTTTAGCTTTCGGAATTATTCTTCTATCGGTTCCAATTTATTTTCGTATCCGTGAGTTTGGAAAGCTTTATGTTTCGCCGGATCGGGAAGCTATAAAGCAGACCGAAGCTATTACATATAATCCTTATATTATTGAAATTGAGAAGATTGGTTTGAAATTGGAGGTTATTGAATCTGGCATTGTTGGCGGTGTGTGGGAGGTGTCTGATAGATACGCAAACCACCTTGATATTTCGGCGAATCCGGGAGGAGGCGGGAATATTCTCTTATACGCTCATAATAGGGATAATCTTTTCGGTCCTATAAAGTTTTTAAAAAAGGATGATTTAATCAAAATTCTTGACGCATCTGGAAAAGAGCATGCATATCGTGTTGAGAGCGCTTTTGAAACAGATCCTTCGGATGTAAAAATAGCCTCAAATACAGAGAGCGAAACGCTTACGCTTTATACTTGCAGCGGGCTTTTTGACAGGAAAAGATTTGTTATAAGAGCAGTACCTGAAAGTATGTAATCTAAATTACTGATAGTTTTTTTGTTATTGAATAGTGTATAGTGTATCGAGAGAAAGGAGGTGATAAGAATATGAAGAAAGTATTAGCAGGTTTAGCTGCAAGCACCCTCCTTTTGGTGGTTGCTGCACCGGTTAGTGTGATGGCTTGGGGCGGATTTCCTTTTCCTTGGCCTAATCCCACACCTGAGCCAACAACAGAAGCCGTTGTGAATAACAATGCTTATGTTAAAAATGTGGTTGACACATATGCCGGTTCTGGTGGCAATTCAGTATCCGGCTTCCTTAACAAAGGAGTTATTAAGACCGGTAATGCGTGGGCATATGCTGATGTAGCAAATACTGTCAACATGAATGCTTTGGGATGTAATTGTTACAACGATCTTACGATAAATAACAGAGCAACTGTTAAGAATTATTTAGATACTACTGCAAAAACGGGACACAATTATGTTGGCGGCAGCTGGGTTAACGGTTTTGTTAAGACCGGCGCTGCAGATGCAATGTCTGTTGTTGAGAATATGGTGAACACCAACATGGTTGGTGTATCAGCTGACTAAATTCTCTTTTTTGGAAGGGGGTTATTGCCCCCTTCCGATTGAAATTTTTAATAAGTATAGAAATATTTGAATGAATGAAAAGCTGAAACGAAAAATATCAATTTTAGTTATATTTACTCTTCTTTTTGCGCGCACAACTCCTTATGCAATATATGCTACTGAAACTTTTGATACCGAACCTCAAACCGTTGAAACAATTGAAGTAACTACTGAAGAAACTGCCGGGGAAACCGATGTGGTTATTGAGAATGAAGCAGAGGTTATTGATGAGATTACAACAGAAGCCGAAAGCGGGGAGAATGAAATTGTTAGTGAAAGTCCTACGCCGTCACCCAGTCCGTCACCTACTTCATCCCCTGTCGCGGACGAGGTGAACTCTTCACCAACTGCTGAGGCTACTCCCAGCCCCAGCCCCAGTCCCAGCCCTACTTATTCTTCCCAAGTAGAAACGGGAGACAGCATATCTTTCGTTGAGACCGAGAACCAAGTAAATTCTACGGAGGTAAATAGCGAGGTGGTTTTTAAGACTCTTAATATCTTTTTTGCAGAGGGGGTTAATTTGGCCATGGACTCATGGCCTTTGATAGAGGAGATTGTTTCAAATGGGGGCAAAGAGGAGATTATTAATGCAGTAATTCTTGAAAATAATAATTATGCATATATTAGTAATGAAATAGTAAGTATTGCTGATACGGGTGGGAATACGGCTACGGGAAGTGCTGCTATCATTGAAACGGGGAATGCTTATTCAGTTGTATCACTTCTTAACCGCGTTAATACCACAATTATTGATTCGAAA
CP055307.1_gap10	467379	470295	2916	TTATACTTGGGAAATATGGTAATAGAGCCGCCAAAGGGCGGCTTTTTTGGTGCTTAGGGGAGAAGGAGGTGATATAAATGAAAAGAATATTAGTGAGCTTAATGATGATTACCCTTGTTGCTACACTAGCAGTTGGATCAACCAGAGCTTATTTTCTAGATACGGAAGATAGTAGTGGCAACACATTTTCTTCAGGTTCCTTAAATCTTACTTTGGATGGAAATAATGGGACTTCGGTTGTTAAGTGGAATTTGAATAATCTAAAACCCGGTAATCAGCCAAAGGGTACATTTAACCTTGCTAATACTGGAAGCGTTTCTGGTTATTTAGATCTTGAAAATATTGTCGTCACAAGTTATGAGAATGGGATTATTGAGCCCGAGTCTGCCGACGGTGACAGTTCGAGCTCCGAAGGAGAGCTTGAAGACGTACTTAATTTACGCCTATTTCATGATTTAGATTGTAATGGATGGATTGGAACAGGAGAGAGCACGTTCTTTAATGGTAAGGTAGGTACTATCGCTTCTAATTATGATTTAGATATTTTAATTCCTGCTGGCGGTAGTACTTGTATTACTGGTATTTATGATTGGTGGGACACTGCTGACGACAATAAGGCGATGACAGATTCGTTTGTTTTAGATATGACTTTTGAATTGAGACAGTCGGCAGATTAGTTTTGGTTTATAGGTTGTGCAAAATAATTAATTTGCACAACCAAATAAGCTTAAATGAAAAAAATTACTAATATAATTTACTGGCTTGTTTTTTTGTTTCTTGTGCTTATTGCCGGGCTTACAAGCCTATCTACTTTTGATTTTGCCGGAGGGTATCGGCTTTATAACGTATTGTCCGGATCGATGTCTCCTACGATCCCTACTGGAAGCATTGCTCTGGTGGGCCCTGTTTCTAATTACAACAAGGGGGATGTTGTTACTTTTAAGTCGGAGGCAGACCGTAATGTAACAAGACCTAAAAACACTACAACACATAGGATTGTGGATATAAAAGATGAGGGGGGCGTGGAGAGATTTGTTACCAAAGGTGATGCGAATGAGACGACGGATCCGGAGAGTATTGACCGCGGGCTTATTATCGGTAAAGTTTATTTCCATCTGCCGCTATTTGGATATGCCGTAAATTTTGCAAGGACACAGATTGGACTTATTGTTTTAATTATTATTCCTGCAACTATTATTATTTATAGCGAGATGGTAAGCATTAAAAACGAGGCAAAAAGGCTTATTGTTGAGAGGCGAAGCCGTAAGCTTTCTTCACGGGAGAAGATTGTGGAGGCAATCGGTGAGGAGGAAATAAAGGCTGAGCGGGGAATTAAGCGCTTTTTTAAAAGATATGGTATCTTGAAAGTTCTTTTTTTGACTTTTGGGGTAATAAGCTTTAATACCGCGACAAGCGGGGCTTATTTTACATCACAGGTAGTTCTTTCGGGGAATAGCTTTTCTGCGGGATACTGGGAGGATGATGTAACAGGCGTGGTGATAAATGAGGTTTATTATGACGTGGGCAGTGCTTGTGGTAATGACGGGGGAGCAAACCCAGATGAATGGGTCGAACTTTATAACAATAACAGTTTTGATGTGGACCTTAAAGATTGGAGTTTGACTGATAATAATGATACGACAATTATTCATAGCAACTCTGTTTTTGTTCCGGCACACGGATATGCTGTGATTTCAAAGTCTGCAAATACTTGGAGTAATGGGTGTTTTGATCCTCCCTCTGGTGCTGTGCGCGTTTATACAGGTCAAAGAATCGGTAACGGGCTTGCTAATGGCGGAGATCGGCTAATACTTAAAGATTCGACAGGGCTTGAGGTAGATGCTGTAAGCTGGGGTAGTGACTCTTATGCTTTTGGTAGTGGTAATGGTGTGGTTTTGACCGGGGATGGCAAATCAATGGCAAGAAAAACGGCTGGTGTTGATACTGATTCTGCCACTGATTGGGAGATACTTGATAGTCCAAATCCAGGGACAAATCCGCATAGTACAATTGAAACAAACCTTGATCTTTTTAGAGATGGAGCTAATTTAGGCTTTAGCGTGACCGGTAGTGGAGTAGCTAAATTTGAAAGATATGAATATATTATTACTTATGATTCAGATGCGGGAAAGCAGGGAATTGAGGGAAAGGGCGAGATTTTAGGGAACGAAATAAAAGTACAGGGGATTTATCTTGGGCTTTGCTCGGATGTTTGCGTGCCTTATGGGGATATCCGGAATATAGTCTTAAAGGTGCGCCTTATTGGAGATGTGGTTAGAAGCTTGATGATTAATGGCTAATGGTTTGTAGTAGAATGGTAATTAATGCGAAGAATTTTAGCTCTTTTTATTTTTGTTTTATTTTTTGGGTTTGTAAGACCGGTCCAAGCTTCGCTTGGTGGGTATGAGGTGAGGCGGTTTGAGGCTGATATTTCACTTACTAAGGATACTTCTTTTTTGATTACTGAGCGGATTGATGTTAATTTTTTGGAAAGCAGACATGGGATTTACAGGGAGATACCGAGTATTTATAGGATTGATGGTAGAAGGATTAACAGCAAGCTTTCGGTCCAAAGCGTTACAAATGAGCTGGGGGTTAAAATCCCTTATAAGGTTAGTAAATCGGGAGATTATGTTTCTATAAAGATAGGCGATTCTCAAAAAACGGTTTTGGGAGAAGTTTCTTATGTGATTACTTATAGGATTAAAAATATTTTGGTCGAGTACGATGAACATTATGAACTTTACTGGAATGTGGTTGGTAGCGGTTGGGATGCTCCGGTTGAGAATGTAACCGCTAATGTTATTTCTGAATATGCTGGAATAGTAGATACCCGATGTTATAGCGGCAAGAGCGGGTCTAGTAAGGAGTGTACTTCTCGGATTGTTAATGCTCAATTGGCTAGCTTTTTAACAG
CP055307.1_gap11	492579	497236	4657	AAGAAATAGTTTTTTCTTAGAGACAAAAGATGGGATTAAAATTGAGTTTTTTATCTTATCCCCAGAAACATACCAAGAATGTTATTCGGTTAAAATAGAACAATATGTTCGCAGAAAAAGTAAAGAAAGTGGTGGTTACTACAGCGAAGTATCAACTATTCATTTTCAAGAAATAACAACTGTGAAGTATTTTTATAAATTGGGAATGATAGCAATGATTAGCAAGCAGAAGGATTATTTTTCCGACCTCTGGTTATACAAAAGCGGAGCAGTCAGAATATCGGTTGCGCACCCCATATCCTTTTACAACAAACAAGACTTATGGACATATGATATGGCCAACCGCGAAGGCGAAGAGGTTTTTACATTAGAATAACCCACTTTCTTGTCTATATTATATTAATGTTTTACTTTGTAAAGCTAAAAAAGATTAATTCTCAAAATAGGTATAAACATATTCAAACACAAGACTACTAAGGAAGACCAAAAGACGATTACCTTTAAATAAAATATAATTATTTTATGAGAGCTAAAAGAAAAACTAAAAGCAAATCTGGCTTTGAGAGATATGATTATGTCTTTTCAGGAATTAAACTATCAGAACCTCTTTCTATTAAACAAATTAAGTCAATTTTTTTGATATTACTTCATGATTATTTTCAAAATGAAATAGATGAATTTTTTCTAGAATCTTTAGCAGGTGATTTGTATTTTAACCTATCTGAATCACCAAACTATATACAGGCAAAAGACCCTGAACTAAGTCTGGCTCTTGATAGCGCATCAGATTTTGTTTTCTTTCTTCAGAAGAATGATTCTGAAAGCAAGAAAAGAACTAAAGCAATAATTAAGGAATTAAAAAGCTATTATATTAAAAATCGCAATGAAATAGAGCATTATTCTCATGATTCCAGTGATTGATTTTGATTCCATTAATGGGGGGATTTAGGAAAGCAGATTATGATTTTTTGCTCTTGCACAGCCTGTGTTGCTATCAAAACGATGAGTTGGGCAATAAGTATTACAACCTAAGACTAGAGATAATCTCTCCATTTATTATCCTGAATTATCTCTGGAATAGATTTTTTTTGTTTTACCAACCACGCTCGTAATTTTTGTTGGGCAGGATACCCCTTTTCTTCTGGATTAGTGAATACAGTTAAAGCTTCTTTAAGTGATTCAAATTTTTCTTTTCCCAACTCCTTTTTTAGATTCCCAAAATAATAATAAAACATAAAATGATTAAGTTCATGAGTTAGAATTTGAAGCTGTCTTTCAGGAATTGCCCCTCCAAAAACCATAATCCATTTCTTTTCAAAATTGTAAGGACAAATTGGCAGAGAAGAAAGATATATTTTGATTTGTTTGAATGGGATCTTGCGCCCATATATTTTTTGTAGTCTATTTTCTATTTGGGAACCGTTTTTCACCCATGCCGATTTCAGCTCTTGAGCAACAACTGAATATTTTGCCTTTCTACTCTCTAAATTCTGGGAAAGGAAATCTTTAATTATATTTCTTGCTTGTTTTTCGCTTTTACTATTTTTAAGATCAATCCTAACCCTCTCCGGGAGAGCGCTAAAAAATTTATCTTGAAGATTGTCCCTTCCATGTTTGTACCACACAAACTTATAAACAGATCTTAAATAATTCCATACATCAAGATCCAACGAATAACTTACTTTTATATCCATAAATGTATAAGCTTTATTTTAGCTTTCAGTTACAACTAGGTTTGGTTTAAAATCTGGATCTGGTGCCCTTCACAAATGTCAAAGCAATCTCCAGAGTCAAAGCGACTACAGTCGCTTGCATCACAATTCTGCCATCTTGTATAAATTATACTCTAAAAATTAACAAGCTTGTGATGGATATAATGATTATATCGCGAACATCTAACTGTTTGTTTTAGATATTAAATCTATAGTTTTTAAAATAAAGGCAAGCTGATACAAAAATTCAGAGGGTTAGAAAAAGCCAGAGAAACAAATCCTTAGAAAAAAATTAAATTACTATTTTTTGGTTTTATGGTATTATAGGATGTGATTATGAAAGAAAATCTTAGAAATACCGTAAAAATTTTTTCAGGAGGTATGCTCCTTCTTTCTTCAACACTTGGACCTATTTCTGAAAAAAACCAAAAAAATCCCCAAAAGCCATATTCAAATTTACCAAAACCATACACCCAAAGCATAGGTTTAGTAGGTGATTTTCAAATGGGAGATGTATTTATTCCAGACTTTGAAACAAAAGAAAATCAAATTCAAAAAGAATTTCTTCCTGAAATACCATCAATCAGCCTTGAGGATGAAGAATCAAGACTTGTCTCAGAGATAGTAACAAGGAAAGCTCCAGACACCCTGATGGCAGTATCTCTTGATCCGGAAAAGATGGAAAAACTTCAAAATATCACCAATCCAGATCTTTCCCAAAGTTTTGAAAGAGTTCTTTTTTTGCAGGAAGAAGCAAAAAACTGGGGTGGAGAACTGTCCATAAAGCTTCTTACCCAAACAAACAAAGATTCTGAAATCAAAAAAGTTTCAGTTGTACTTGAAGCACAAAATGATTTTACTTGGAATGAAGTAGAATATAAAAGTGGTGGAGTAATATTTTATGGAAGTGAAGGAGACCTTCATTGGATTAATCCAGCGGAGGAAGGATCAAAAATAGTCATTGCAAAATTAGACGATACACTCAAGGAGGATCTACTAAAAGCTCTGACAAGATGTGGATACATAAATGAAAACAGATCCTTTGAATTCCCAGCCAATGGATCACTCATCCCTGTGGAGGTAGACAAAGATGGAAACATATCACAAATAATTACTAAGGAAGCTGCATACTTTCTTACACTCAGAACCTTCTCACAAGGAGCAAATGTAAATCTAAGGGAAGAGCCAAATACCACCTCTCAAATCTTGGGACAGATAAATAAAGAAGTTGTGATCCCCAACCCTGAGGGAATACCTGATAATTTAGACCTTTTTGGGGCAATTATAAATGAAGATGAAATGATAGAGGTGTCAAACGAAGGTTATACATGGATCCTTGTAGAAACCCCCACACCAGAAGGTCAGGTAGAATACGCCTGGGTTGCTTACTCCCTGCCTCAGGTAAAAGGTATCCCCTTAAAACAAGTAGCAGTAGGACCAAATATTGATAGCTTTGACCATTTTAGGGAGTCTGAGGAAATATTTTTAGGCTATTCAAATGAAATATTTGGAAGCAACGGAGAATATCTTGGAAGACCTTGGCAGGGGGAATATGCTGTAACTCCAGATACAAAGGTGTATTATTCTGGAGTTGATCCTCATGTGATTTCAGGAAGTATAGTGGTAGGTGGTGAACAATATCGTATTTATTCAGATGGGTATCATGATGGAATATACGCAACAGAATATCCACAACACAAATATTTTATTGTTCATCCAAATGGGACTTTTGTAGGTTTTTTGGGAGAGAGGATAGTAACAAACCTTTCCCTTACAAATCCTGAAACAGGAGCTGTTGTTGATGGAATAAATATTGATAGACTGGAGGTAATAGATATTATGATGCTAGTTAAGCAAAATGGAAAGGATTATAAGATTGCATTTTCTATCCCTAAGGAAATAATGTTTGCAGACTTTTCAGGGGGCAGATTTGATGTTGTGCGCGATACTCAAACTTTCGTCTTGCCTAGACTAATTCCTGGTATCAAAGTCTCTGCTAGTGTTCTATTTTATCTTAATTCTTGGGAGGAGTTTGTAAAGCAAATTTTACACAACATTGAAGGTATTAGTGAATGGACAGGGATATATGAGGTGGTTAGAATTGATCTTGCGACCTTAGAATACCAAAATAGATATAGAGATGCTGGTTTGAATTTAAGTAAAGGTGTACTTGAAAATGACAAGATTTATGATATTGGTATCACTCCTACTTTGAGTTTTACTTCACGGAACTAGAGTGCTTGAGTCAGCTTCAGACTCTATGTTAAAGTGAATTATTGGCGAGTGTTGGTATGAAAAAGATACTTGTTGCTGCTGTAGCTCTTATTTTTATTATGGTTTTTGTTTTTTTATTTGTGTTACTTGAGTATCAGAGTAGGAAGCTTGTTTTTCCAAGCGTTTATTACAAGGGAGAAAAAATGATTTATGGATTGGTTTTTAATAATACTTTGGGTAGAAGCGTATTTACAGGGGTAGTTAGTGGTTTTAGTTTGAATAAGGATCAAGCAGAGTTAACTCTGGCAAGTACTAAAGATTCAAGAACAAAAATTTTTTTTGACCCAAGTTCCACAATGGTTACTCTAAATACCAACGAGAGGCAAAGCGAATTTTTGTGGAGAATTTAACCAGTATCTGGAAAAAATAGGAATCAACCATGAATTTATATATCCAAGATCACCCAAAATCAACGGTTACATTGAAAGATTCAACCGAACCTTCAAAGGGAATTCCTCTACAAGCATGAACTTGATATTCAAGAGGAAAAGTTCAGCGAGAAACTTACCAAATATCTAATCTGGTACAATACCAAAAGACCACATCAATCTTTGAAAATGAAGCCACCAGTAGCATACATGCAGGAGTTTATTTGATTTTCCGAAAAGTATGCGTCCTATACAAAAGATTGCAAAATAAATATAATTTGGTATAATAGGACAGGATTTTGA
CP055307.1_gap12	498365	503283	4918	AGAAAAAACTGTTGACGATTTCCAGGTGGGTACCCAAGTTTATGTCCGTTGTACAACTGATGGAGACAATTTAATTGCTCTAGATGTTCAAGAAATCCTGAATGAATAAAATACAGATCAATATACTTAGTCTGTTCGTGATCCTAACAACATTTACTTACTTATTTTTTCTATTGGCAAACTATAAACCCATAATTGCCCAGTGTGCCCAAGATTGTCAGGGTCACTTTGATCCTACAGGATCTCAATGTCCGGAAGATCTTTTCAAATGTGTGCGAGAGAACATAAGTGGATACTGTGGCATAATAGGGGGTGGATGCAATTGTCTCGTTCCCATAAATTGTGCGCCAATTTGTGCAATCTCCTCATGCGGCGACATTGATTATGTACAGGTACCAGCTCCAGCTTCTTGTTGTGGAGTTACCCCTTCTCCCCCTCCATCTCCCACTCCAACCACTGCTCCAGGTGGAAGTGGTGGCTGTGGCTCTTGTAGTAGCTGTGGTCATCCCACTTCAGAATGTGTCCTCTGGGAAGGAAATTGTGTATGGGATCCAGCAAGGTGTGCACCCAGTGGAGGTGGTTCAGCCCCTCAGTGGTGTCTTTTGGGAAGAGTTGAAAGTGGAACATTTGACATCTCAACAGCATACTTCAGAAGAGGGATTCTCCCTGATTGTAGTAGAATAAAAGTTAATAACTGCTACCTTCAAGTTAATCCTCCAGAAGCAGATTTTAAAGTTCTCTGGACAGTTAATGATACAAATGTAGTAAGGATTAGAAATGCTCCCTGGGGTGGACCAATAATAAATCCTTCAACAAGCGGGCCTTACTATTATATGTATTTCAGACCAGTATCAGCAGGACAAACAAGAATATATGCAAGAGGCTTGGTAAATGGAGTAGAGCGCTGCCATTCAAGTGCATTAATTACAATAACAGATTCATCTGAAACGCCACTGCCAACACCTTCTCCCACACCCAGTCCCACACCACCCCCTTCTCCAAGTTGCAGCATTTCTCTTAACCCAAGCTCACTAACAAGAAATATTGGCCAGAGTGCTACTTTAAATGCTTCAATAAGCGTTAGAAACGGATCAGTTTCTTTTGTTTCTTTTTCCTCCAGCAACAGCTCAATAGCAAATGTGGTTTCACCTGATTTTTCCTTTCCTTTTAATACCGAATTACCGCCATTTCCCCAGGAACTGTAACAATAACAGGAACAGTATATGTTAATGGCAGTCCAACCTGCTCAGATACAGCATCCTTTACTGTTTCAGCCCCAAGCTGTACTCTTAACCTTCTTCCAGATCCTTTAAATATGGTTATAGGTGAACAAAGGGAAATAGCAGCCATAGCAAACGGAACAAACGGCACTGTCTCAGAAGTAAGATTTAGAATTGAAAACCCATCCTTAGCTAGTGCTACATCCCCTGATACATCCCAGCCTTTTAGATCAGACATAACAGCCCTTTCAATAGGAAACACAAGAATAATAGGGGAGGGGGTTATGTATGGAGTAGTCCGCTGTCAGGATACATCAACCCTAAACATACAAGCCCCAGACCCATGGATACAAGCAAAAGAAGGAGATGTAATATCAGGCACAGGGGATCTTGACTCACCCATACCGCCAACATGTACACCCCCAGCTTGCAACCCAGTGTTCATTCTAACTGGTTCTGGGGGTACACCAGGTGTTGGTATCTATGGAGGAAGAAGAGCAGACTTCTCAGCACAGGCAGATTCAAGGGGGATTGTCTCAGAAACCCTCTGGCTTGCAAATTCAATTTCAAATATAAAAACAGACTATTCCTACCGTCTTTTCCAAACATTGATTCCAACCCGCATTTTAGTAACCTCCATAAGCAGTTCAGCCATCTCAAACCTCTCTGGAGCAAGATCAGACGCTGAAGGATACGAATGGTACAGAAGAAATGGAAACTTAACAATAAACGGAAACATAACAATATCAGGTGGAAGAAAGGTAGTCCTTATGGTAGAGGGGAATCTAACAATAGCAGGAAGGATAACTCTGGCAAATCCTTCCCAAGACTTTTTTATGGCAATAGTAGGTGGAAATACCACAGTAATCCCATCAGTAACAAGCCCAGCAAATGAATATGCTCTTGAGGGGGTTTTCTACACCCAGGGTGAATTTGAAACAGCCTCTTCCTACCCAAATCCTGATTCACCTCTTAAAATACACGGATCTGTATACGCCCAGAGTGTTTCACTTAAAGGGATCTTAGAGAGGGAAATGTAAATACCCCTGCAGAATCCTTCACATATTCACCTGAAATACTCTGGAATTACCCCAGAACCTTAAACAAAAAGAAAATTAGATGGAAAGAAGTGGCGCCATAGTGTAATATTTAAGTAAACATGGATTTTCATTTTTGGTATGACGAATCCGGTAAAAGCAGAAGCCTTCAAAGATTTGTACCTTTAGATTTTATTAAAAAGTTTTTACCTGTTTTTGTTTTGTTCTTTTTTCTTCCTTTTTTGGTGATGCTTGTTATGAGGCCGTCGGAGTTTAGATTTATCGGTAGAGCAGACCAGAATGATGAATTAAGGGTGTGGCTTGAACCTTCTACTGTTGTAATGGAAAGTGGTGATAGTACTACTTTGAAGGTGGTTGCTTCGTTTGAGCATGAGTCTCGAGTAATTCCTGCTTTAACATACAAAGTAGTGCCTGTTGGATTTTTGAAGTCCGACAAAATGGATTTTAGATATCAAAAGCCGTTTAGAGGGCAGGTGACTCTTAGCGAGGTGGTGATTACGGGATTGCAGACCGGAGATTATGAAGTAAGTATGCCTAAAGAGAGTATTGAGGTGGAAAATTATAATTACCCTTTGGAAATAGTTACTTCTTCTTCCAGAATTATAGTAAAGTAAATATATGAAGGGTTTTACACTTGTTGAGATGCTAATAGTAGTTGCTATTATTGGAATTTTTATGATTCCACTTCTTATTACATACAGATCTTCACAAAACAACCAGAAGTTGAGGGTAGTTGCCGAGGAATTTGCAGACCAGGTTAGAACTGTTCATATTTATGCAAGAGACGCTAAAGATAAAAAATCATGGGGAATTAAGCTTTCAGACAATGGTTATTCTTTGCTTTCGGGCAGGGCCGATTCTTACAAAGTAGATAAATCTTTTAGTCTTGGCAAAAATATTGAATTTGAAAAAGATCAACTTGTGTGGTTTGAGATCGGTACGGGACAGACAGACCGAGATTATGAGGTGGTTATTGTCGATACGCGCGGAAAGAAAATTGCGGTAAAGATAAGTAAAAACGGTATTGTTGAAGTGGGGGATTTGGAATGAGGAAGAGTGGATATCTGATTATTGAGATACTTATTTCTATAGTAATTTTTATGACGGTTGTAGTAGCGATATTTTCAAATATCGCTACTGTTATGGTTAGGACGAAAAGATCTGGTCTTACATTTGAGGCGGGTCTTTTGCTTCAAGAGGAGATTGAAGCAACTTATAACATTTTTCTTCGGGATTGGACTGTTTATCCTGATGGAGAATATTATCCTGCGATTAATACCTCGCTTGGCGAGTGGACTTTGCTTGATGGAATAGAGAACAATGTGAGAACAAGGTACAGCAGAAAAGTTGAGATTGAGACTGTTTGCAGAAGACCACAGTCACATCCTGATTCCGGAAAGATAGTTGATTGTATTGCCGGTGAGGTGGATTTAAACAGCAAGCTTATCCGCGGTGTGGTTGAGTGGGTTGAAAAAGGAGAAAATAAAAAGGTTGAGACAGAGATTTTGCTTGTAAGGACAAATATATGAATGAAAAAGGTTTAACAATAGTTGAAATGATTATCGGTATGACGATTTCTGTAATTATTCTTATGATTTCGACAAGTATGATGGTAAATATTTTTTACAAAGACACTAAAAGCAAGCAATCCGAGATACTTTCTCAGGTTAAAAATGACTTGCAGTCCGAGATAACTGTGGGCGTTAGATGGGCGGAGACTTTGTCTTTTTCGGATAATGAGCTTGTCGTTGACAACAGTATTTATAGACTTAACGATGGGGTGATTGAAAAAAACGGGGAGGCGATTACACCGTCATCTGTTTATATTGAGGAGTTTGAAATTGATGATTTTTCCACTACGCTGCAACAAAAAAGCCTGAGAGTTAATATAGCTATGAGACACAGGGATTTTTCTTCCGTATCGGATAGTTTGGAAGTAGTTGTTTCGCAAAGAAAGATGGAAATAGAAGAGCAATGATAAATAAAGGAGCGGTTACTCTTATATACATGGCTTTGGTTACTTTGATATCGGTGTTAATCCTTACCGTGGGTTATTCGAGGTTTATGCTTTCTTTGAGAAGAAGCGAAGCTTTTGCCGATACTATAGAGACATCTTATAGGGCAGAGAGCGAGATTAATAATCTTTTAGCCCAGCTGGTTGGTGGGTATTTAACTGAGGCGAATTTTCCAATAAGCGAATCAATGGCTTTTGGAGATACTAGGGTTGAGATCGAAGCAAGGATTGAAGATAACTCTCAAATAATCGATGTGACTGCCTCCAGATTTTTCGCAGTAAATAAGATTAGGGCCGTAAGGGTGGCGTATGGTTCGGGTTTTTTTAATGATGCAGAGATCATTATTGCTCTTGATTGTACCGGAAGTATGGGTAATTCTTCAGGTTCTTCTGAAGGAACATCTCGGTTGCAGGAGCAGACAAAGGCGGTTCTTGGCTTTATTGATAACTTAGCTGTTAGTGATTATGCTGGAAATGTGAGAATGGGAGTTGCTGTTTTCGGCCGAAACTCGAATTGGCTTAGGAGTGTCTCTGGACAACAAGTTAGGCCTGACGCGGGCATGACTGTCGCTGAGGTGAGGCAGGCTGTATACAGTGGTTTTACTTATCCTTCGGGAAGTGGAAAT
CP055307.1_gap13	545853	549570	3717	TTTTTATTTATTTTATTTTTTTTGTAGGATACAACTTGTTTAGGAGGCATAAAAGCGCTGTTTTGATTTTGATTTTCTTTTTAGGCGTATTTGAATTATTTAGATTCGGATGGAAGTTTACTTCTTTTTCTAAAAGAGAGCTAATATATCCGGATACCCCTGTAATTACCTTTTTGAAAGAACAGGATAAACCATTTCGCATGCTCGCTGTTGACACGATGCCCGTTAATTTTCAGATGGCTTATGGTTTTGAGACGATCGGGGGCTATGAGACTATGAGACCGATGTTTATGTCAAAACTTATCGCCTTTATTAATTCCGAAAATCTTAAGGCAAGCCCTGCGAGTCGTTATGGGATTATTGATAATGAAACGTCGAGGATTTTAGATTTGGTTAATACAAAGTATTTTCTTGTATTGAAAGAAAATGGAGAAATTCCTGTCAAGTTTATGGGAAATCGATTTGAGAGTGTTTTTGAAGACAGATCAACCGCGATTTTGGAAAACAAAGACTCTCTTCCTCGGGCTTTTATGGTTTATGATTGGGAAGTAGTGGAAGATGGAAATGTTTTGACGGGTCTTTTACAGCAAGATTTCCGAGATAAGATTTATCTTGATAAAAAAGTATATTTAAATTTGGCTAAATTTTCTACGAGGCAGAGTGTTTCCTATCTTTATTATGATTACCAAAGAAGTATTCTTGATGTAGATACCGGCTCGGCGGGGATACTTTTTATATCAGATTCTTATTACCCGGGATGGAAGGCTTATGTTGACGGAGTTGAGACAGAGATAATAAGAGCTAATTATGCTTTTCGTGCAATACCGATTGAACATGGAAGGCATACGGTAGAATTTGTATACAAACCGCAATCCTTTTTTTTGGGCGTATGGGTAAGTTTCTTGTCCGCCGGTTTAATTATTATTTCCCTTTTGACTTACAAGGCAATTGGAATGACAGATAAATTGAAGCTATACTTTAAGAAGTAGATGTTTGAAAAAAGAGATTTATTAATACTAGGTTTTATTTTTTTGTTGGCATATATTTTGCGTGTTATTTTTTTACCATCTAATGCTTTGACATTCGGATATGACCAGGCGAGAGATGCTTTTGTTGTTCGAGAAATAATTTCGGGAGATTTTAAGATTTTGGGACCGCCTGCTTCAGCACCGGGGCTTTATCATGGGGTATTATATTATTACTATCTTGTATTTCCCTATTTACTGGGTGCAAATCCAGTTTACGCTGCTTATTGGAATAGTTTGTTTAACGCCTCGGTAGTTTTTTTGGTTTATATACTTACCTATTTATTTGTTGGAAAAAAAGGTCCGTCTTTTCTGGCAGCCTTTTTGTTTGCCGTTTCGTTTGAAGCAACGCAATATGCAAATTGGCTTTCTAATCCGACTATTGGGGTTGTAAGCGTTCCTTTAATTTATTTAGGGCTTTGGATATGGATTAACGATTTCAAGCATAAAAAAGATAAAAGAACTTATTGGGGACCATTTTTAACGGCAGTTGGTTTTGGTATATCAATACAAGCTGAAGTTTTTCTTTTATACCATGGGTTTGTTATTGTTTTTTGGCTTTTTGTATCAAGATCGAAAGTTTCACTTCGCGAATTTTTATTGTTTTTAACGATTCTTTTTGTTGTTTTATCGACAATGATACTTTCAGAGTTTAAATTCGGATTTAGAGGTGTCATCGGTATTTTGAGTCTTTTTACGAATGGCGAGTCTTTAAAGTTTGCGAAGAGTTTTGGGGATATTTTGGTTCTTTATTTAAATCAGCTGGGGAGACTTTTTTCTTATTCAACATATCCCGGGAATGTTTGGTGGGGTGCGGGGTTTGTTTTTACACTTCTTTTATATAGTATTTGGACTTTAAATAAAAAACGCGTTGGATGGAAAGCTTTTTTGTCGAGTATTTTATTAAGCCATGCAAGTGTTGTTTCGGTTGGTGGACAGAGCACACCCTTTCTGCTTGTAGGTCTTGCTCCTTTTGTTTCTATAATTGTTGCAATTTTTTTGTATAAATGGTGGACGGGAGGATATGAAAAAATTGCTTTTTTTGTTTTTTTGATTGTTGTTTTCGGGAATTTGTCTATGATTTTTCGGGAAAATAAAAAAGGGCAAACTGTTTTTGCGATCCAGCAAGACATGGTGCTTTCGAAGCAGATTCCTCTTATTGATTATACTTACAATGAAGCAAATGGAGCTAGTTTTTCAATAAATACGTTGACTAGTCCTTTGTGGGTGAATACTGTGTGGTCTTACTTATATAATTTTTATGGTAAGCCCCGATACGGATATCTGCCTTTTTGGCACGGGAGAGACCAGGTTGGAAGACTTGGCAATAATCTTGAAAAGACTTCTCAGGATGTTAATTTGTTTTATCTTATTTTGGAGCCAATGGAGGGAATACCAAAAAGATTTTTAGATGAGACTGTGGCGGGTGAGGATGTTGTTTCAAGAATAATTGAAAGTAGGAATTTTGGTAGTATTGTGGTTCAGAAAAGAGAGGCTTTAAATGAATAGTTCTATAAAATCCGCAGCAAATCTCCATGAGAAGGTGCCACCCGATTGGTATTATAGGTCTATTAAAAGAAATTTGTTGCAAAGAATTTGGCACAAAAAAAGATTTAGTGTAGTATCTTCGCTTTCAGAAAAAAGTGACCGTGTCCTTGATATTGGCTGTGCTGACGGTGTTTTTACTAATGAAATTGCAAAATCTACTCATGCTCAGGAGGTTGTCGGGATAGATGTGTTGAAAGATTCTATTAATTGGGCTCGTAGTAAATGGCGAGGAAAAAATATGAAGTTTTTGGTTGGGAATGCGCATAAACTTAATTTTAGAGCTAATTATTTTGATGCGGTTTATGCGCTTGAAGTTATGGAGCATGTTAGCAATCCGTATAAAGTAATATCTGAGATTAAAAGGGTTTTGAAAAGGGGTGGGTGTGTAATAATTTTGGTTCCGACCGATAGTACGCTTTTTCGTATAGTATGGTTTTTTTTGACAAATTATTGGTGGGCTAGGATTTGGGATGGTTGTCATATTCAATCTTTTAGTAAAAAAAATAGATTATCGAAACACCTTAAGGATGCTGGATTTGCGATAGAGATTGACAAGACTTTTTGGTTTGGGATGCTTAATGTGGTTAAAGCAAGAAAAAAATGAAGATAAACGCTGTTTCTATTGTTATACCTAATTGGAACGGAAGAAAGCTTCTGGAGAAGAATTTGCCCCAAGTTCTTGAGGCGAAAAAGTATTCTAAAAATATGATATCCGAGGTGATTGTGGTAGATGATGCATCGGAAGATGATTCTTTAGATTATTTGGAGAAATTAAAGGGCGAGATAAGGTTGATAAAACACAAAAAAAATCGAGGATTTTCATCAAGTGTCAATATGGGCGTAAATCAGGCTCGTGGGGAATATGTTTGTCTTCTTAATACCGATGTGTCTCCAAGTGCAAACTTTTTGGAACACGCGGTAAGGCATTTTAAAAAAGAGAGCGTCTTTGCAGTTTCCTTGCATGAGAAAGGTTACGGTCCTGCGGCCGGGAGGTTTAAAGATGGGTTTGTTGTGTTCGATGGGCTCGAGGAAAAAAACGATTCCTGCATTAGTTTCTGGGCCAATGGGGGAAGTGCGCTTTACTCGCGAAAAATTTGGCTAAAACTTAAGGGGATGGATGAGAAAGTTTTTAGTCCTTTTTATT
CP055307.1_gap14	575601	577737	2136	TAGATTCAGTTTATGAGATTAACGTTCAAGGAGCACCTATACTAAAAATTTGGAGAAATATTTAGATTAGTTGATCTCCGCTTCTACAAATTTTTGAGTGTCAACTTTAGATTTTGAAAAGATAATAAGCTCTGATACAAGACCTGTTGAAATTAGTTGTACCCCGATAATCATAAGAAGCATCCCCAGATATAACAGTGGGTGTCTATTCTGGATCGTACCTGTTGTGAATCTCAGATAGCTTATGTATAAGCCTATTATAAATCCGCTTGAAAATGAAATTGCCCCTAAGCTTCCGAAGAAATGACCGGGACGTGCGTTGTATGCGGTTAAAAATAACACTGTGACCAAATCCAAACCTCCCTTGATAAACCTGCTCCAGCCATATTTTGATTTACCATATTTTCGAGGGCGATGATTAACTGGAATTTCAGCAATTTTATAGTTTTGTTTGGCCACAAAAATAGGGATAAAGCGATAAAGCTCTCCATAGAGGTTTAACGATTTAGCTACTGATGTTTTGTAGGCTTTGAATCCGCAATTCATATCGTGGATTTTTACGCCAGTTAGGATTCTTGTCATAAAGTTTATGATACGCGAAGGTAAGACTTTGGTAGCGGGATCACGGCGTTTTTGCTTCCAGCCGGAAACTAGATCATACCCTTCTTCTAGTTTTTGCAAAAAGCGCCCAATTTCCTTGGGGTTATCTTGTAAATCTGCGTCCATGGTAATAATAATCTCACCTCTAGCTTTTTCAAATCCAACCGAAAGGGCAACCGATTTGCCAAAATTGCCCCGTAGCTTAATTCCTTGCACTGCTTTATCTTTGCCCGCGATATCAGAGATTATTTCAAAAGTTTTGTCGTTAGAACCATCGTCTATTAAAATTATTTCATAAGATTTGTTAATCTTTTTGAGTTCGTTCACTAGCTCAGTATATAATTTGACGATAGATTTCTCCTCATCTTTGGCAGGGATGATGACGCTTATTTCCGGATTTTTCATGAGTCTATTATACTAGAAATAATGATTAGTTTTATTATAACTACAAAAAACAACGAAAAAACACTTGAGCGGCTTTTGCAAAGTATTAAAAAGCAAACTTATAAAGATTGGGAGATAATAGTTGTTGACAACAATTCTACCGATAAGACAAAAGAAATTGCTAAAAAATTCACTGAAAAAGTTTTTAATAAGGGACCTGAGCGCTCGATGCAGCGTAACTTTGGTGTTCAAAAAGCAAGAGGTAAATATGTTGTAATTTTGGATTCAGATATGTATTTAGGGATAAATGTCGCAAAAGATTGTCTTAAAACGATAAATAATTCAGAATATAAAGCATTAGTAATACCTGAAAAAACGGTGGGGAATAACTGGTTGGCAAGGGTTCGCAGGTTTGAACGGGAAATGTATGAGGGTGATCTTAAAATAGAAGTTGCTCGTTTTTTTAAACGCGAAGTTTTTTTGGAATTTGGAGGTTATGATATAAATCTTACTGGACCTGAAGATTACGATTTGCATTATCGTATAAGTAAAAAATATCCGATTGGTAGAGCAAATGAATATTTATATCACGACGAGTCGGATTTTACGCTTATAAAGCTTTTGCAAAAAAAATTCTACTATGCTAAAGCTGGCGCTAGATATGCCAATAAGCATCCTGAATTGGTCAAAATTCAGGGAAATTTACTTTTTAGAAAGGCTTATTTTAAGAATTGGAAAAAATTTGTACGTTTTCCATTTTTGGGGATTAGTTTTATTTTTGTGCGTATACTTGAAACTATTATTGCAACGGCTGGGTTTATATCTGCTGTTGGTATCGGCGGGTTTATAAAAACTATTTTACGATGATACTTATAACCACTCACGCAGTATTTGATGAAAAAGGTGTTCACCGACATGGAACAGGGACGGAGCTTGGTAATTATTTTAAAAACAAGAATAAAAACTATATTTTTATAAGACACGCATTATATGGTGAAGCAAAAAGCCAAGTAGATAATTTCCATAAAGACAAAACTACAATTAAAAGACTAGGTTTTTCTGGCATGGTATTGCCATTTAGACTTATCCAAGACCAAATTATAAATTTATTTTTTATACTAAAATATCGAAAAAAATTAGATCTATACATTG
CP055307.1_gap15	579642	583923	4281	TGAGGGGAAGAGAGGTTATTATCGGACACGATAGCGGATTTTTTTTAGATCCCGTTGAGAGGTTGAGAACTTTATACTATGCATGGAATCCAATTGATGAATTTGGTAATAACTATAGTCTTTATAGCGGTTTTCTGATAACGCTTTTTCCCCATGCCTTTTTTGGATATTTGACCGGGTCGCTCGCATGGGCTCAGAGGCTAGCGTTTATTTTTTGGTTTTTTGTAATGGGTATTTCGATGTATGTTTTTGCCTCTTATATTTTGCCCCAAAAGCGGAATTGGCCTTTTAGGCTAATTGCCTCTACTATGTATGTTTATAATTTTTATATACTTCAAGCCTGGTTCATTGCCGAGCGGGCTAAGTTTTCTCTTTATGCGGCTCTGCCTCTGGTTTTATTTTTTCTTTTTAAAACAATACGCGGCGAGTATAAGATACTAAAGGGCGCTTTCTTATGTTCGTTAACACTTTTTTTTCTAAACGGCGGCGGTGTACTGCCGAACTATGGTTTTTTGGTTTTATCAATTGTTGTTTTTGCCGCATTTTTTGCTGTTGCCGCAGCTAATAAAAGAGATTTGATCCAAATTTTTAGGATTGTTAAGACTTATGCTCTTTTTTTTCTAGGATTTGTTTTTGTAAATTTTTATTGGATATACCCCGTATTTAGAAGATATCTTTTTTCTTTTGGAAACGAGGTCGCCGCGCGTGGAGGAATAGGAAGCCAGATAGATTGGATAATTGAGATTAGCAAAAATACCAGCTATCTTAATTTGCTTAGATTTCAAGGTATTCCTGATTGGTATGATAATCCAGCCCATCCTTTTTCGAACTGGTATTTAAATAATCCAATCGCGGTTTTTTTGAGTTTAATTCCCCCGTTGTCTGTTCTATGGATCATTTCTAAGAGGATATTTTCAAGGATTAAATCTAAAAGGAATCGAAAAATTATTTATTTTGCTTCAATCCTTATGATTGTTAGTATGGTTTTTACAGCAGGAGCACAGCCTCCTTTTGGAGGGATATATCTTTTTTTGATAAAGCATTTACCGGGTTTTGTAATGTTTCGGAACCCTTTTTATAAATTTGGCGGAGCTTTTTGGTTTTCTTATATTTTAATTTTTTCGTATTTTATCAGTTATTTATTGAGTAAGAAAATATTTTTGAAAGTAAGAAGCTATATATCTTTTGTAATAATTGCTCTAATTCTGCTTTACCATTATCCCTACTTTTTTTCCGATATTTTTAGGTTTGACAAAAAATTTACTACACGAGTTGAGATCCCTGCTTATGTTTATAAGATGAATGATTATGTTAGAGCTAATATGGATGCTGAAGAAAGGACGCTTCTTGTTCCCGAGGTTGATCCAGATAGCGGCATAGATGCTTATAGCTGGGGTTTTTATAGCTTTGATTATTTGCCCAAAAGCGTTTTTGCCAGATCTGTTGTTGGTGGAAGATCAACAGAGTCACGTAATTTATATAAAGCAATTGCTGAGCTAAGACCTGAACTGGTCGAAAAATATGTGGAAATATATGGAATAGATAAGATTCTTTGGCGTGGTGATGTGATTTATCCTACGAGTGGGCTTACAAGCTCTGATTTTGTTGATCAAAAAGAGATGATTTCTTCGCTTTATACCCTTGAGGCTCAATATGGAGAATGGATGCTTTTTGATACAGATGACAAAGAAGATAAAATATATTTATCAAATAAATTGATTTCTTCGAACGCAGACCTTTCTTTTGTTGTAGAAAATTATCCTTTTTCAAAGAATATGTCCCTTCTTGGAATTTCTGATTATGATCCTCGCTACAGTTCATTAATTCTTCGTCCTCAGTGTGTGGCTTGTAATTTTGATTTTGGATTTAGGATAAATCCGCAAGTATTTATACCAGAAATAAAGTACGATACAAAAAGCCTTTTTTACCCACTTTTTAGATGGACTGAGAAAAGGTGCGTGGAGAAAGCATCTAGTTTTTCGTCGAAGATTGATGCGCTTCTTGTTAATATGTCCAAAAGAGTTAATGAGATTAAGCGTGACGGGGAAAGTCCGAGAGCTTCTAAGGATTATGTGTCTGATCTCGAAAATATAAAAGTATATTTTAATAGTCTCGATGAAAAGGATAAACTTTTTTATGCTTCTCGGATAATTTCTTTTCTTGATTATCATCTCTTATATCTTCGTGAGGCAGGGCAAGAGCCTTCATTAGCTCCTGCCATTGAAAATGAACTTGAATATTTCAAAGAATTTAGCTGGAGCAGTGATAGCCCCAGTAAGATCAAGATGGCTTTTGAAAATCCTAGAAATGAAATATATGAGGTTGCCAATAGTTCCGGTCTAAATATGTTTATTGACGGAGAAGAAGTCGCTAAAAAAAGTATTAATATCAAAGCAGGCCTTAGGAAAATATTAATTGAAAGAGAAATTGGAGAAAATATGGCTGGTCAGCAAGAAGCCTCTGGTCATTCTGCTGTTGTATATGAAAGGCAAATTGAGAATTTAATTCCAAAAGGTTCCTATCTTGTTAGTTTTGAATATAAGATAGATTCAGATGCTTTGGTACTTTTTAGAATAGATGATTATATAAAAAATGCCGAATTTATACTTTTTGCTGACGGGCGTTGGCACAAGTTTTCTCATCTTTTTTCTGTTGAAAAAGAGAAAGCTAATTTTAAAATATATTCAAAAGGCATTAAACCTGAGTTTGATTTCGAGGTTAGAAACTATTTTATTGGTGAATTTAATGTCCCAAATATTTATTTTTACAAAGATATTGGAAGTTTTATAAATAATCAAAAAGTTTCTTATAAAAGAATTTCCCCCATTGAATATAGGATTAGTTTGGAGGGTAACCCGCCTTATTTTTTGGTTTTAGACGAGGGATATGAACCTTTTTGGGAATTGCTGGGAGCGCCGGGTGCAAGACATGTCAAAGTAAACGGATATACGAATGGTTGGTTGATTACTGACAAACCGACTGGGGATTTAACTATTTATTATAATCAGCAAAGAAATTTCAGAATTGGTCTTTTGATATCAGCGATAGGCATTTTTTCGATAATTTTATTTTTGGCAGCAAACCATTATGTTTCTAGATAATGTAGGAAGGTTTTTGGCATATCGGTGGGGGATAAAAAGATAGTTGCTTAAATTTATCCTATCGCCATAAATTTTGATATTTCTGAACCCGCTTTCTTTTAGTTGTTCCTTAATGTTGTTTGGTGTGTAGTAGCGTATATGACCCACATTAAATTCTTTTGACGGGAGTTTGGTTGAGTACTCAATAAACGGATTTTTTCCAAATAGCAGCAATATTCTTCTGCCAAGTGACGCTAAGTTTGGTGTGGTGAGTAAGAGTTTGCCGTCTTTTTTAAGGACCTTGTGGATTTTAAGTAGAAATCGATCTGTATCAAAAATGTGTTCTATTATATCACCTGCAATTACTACATTAAAATAATTATTGTATTTTGGAGGGAGACTTTCTATATCTGAGAGCTTGCAGGGCAGTCCTTTTTTTTTGCATTCTTTGATTGCTTTTTTGCTAATATCGATACCAAGAACTTGTCCGAATTTTGTATATTTTTTGATCAGTTCACCATCGTTACAACCTATGTCTAGTATTTTTATTCTTTTATCCTTTTTATTGTATCTTTTTAGTTCTTCTAAAAAAAAGTTGATTTTTTCCTGATAATAGCCCCTTTTGGACGATTGCATTAGCAGTTTTTGATTATAGAAGTTATGTATTTTTGATTTTTTCATTAATTTTTGATACCTATTTTTTCTTTTATTATATACTCAGGCCGTTTTTTAACCTCTTCATATATTCTTGCTAAATATTCGCCTATTATTCCTAATGTGATTAGCTGTACACCCCCAATAAGAAGTACTGTTGAGATGGTTGATGCCCATCCTATTATTCCGATTTGAAAGAATAATCTGAGGATAAAAATTATTAGGATAAATATGAATGCAAGAGCGGCAAAGATCATTCCCAGAAAGCTTGAGATTCTCAGTGGTATATATGAAAAGGAAAGAAGCCCGTCAAACGCCAGATTAAAAAGTCTTCTCAGAGAAGCGGGTTTCCCCTTGTATCTTTTGTCTCTTTCATAGAGAAGTCCGGTTTGACGAAAGCCTGTCCATGCACGGAGACCGCTAAAATATTTATTCCTTTCGGGCATTTCTGTCAGAATATCTACAACCTTTCTGTTAAGAAGAGAGAATGTCCCTGAATCAAGGGGCATTTTGTAATATGAAATACTGTTTAGAAGAATATAATATA
CP055307.1_gap16	737272	741002	3730	CCAGGCCGATTTATGAATTATCTGGTGGCACAATTGGCGCCGCCAGCGCCATAAAAAATATTCTTAGAATAGATTCTATACTTATGGGCTATGGACTACCTGATGACGGAATTCACTCACCAAATGAAAAGATATCGCTTGAGATGTTTGAAAAAGGTATTAATGCAAATAAAATTTTTCTCTTTGGTTGATCGAAGTTGAGACAAAAAGGTATAATAGTATTCTGTGGTCGGTTAGCTCAGTTGGCTAGAGCATTCGCTTGACGTGCGAAGGGTCGCAGGTTCGAGTCCTGCACCGACCACATAATTACCTTATTTTTTTAGAGAACATAAGGGCAGCAAAGAAAGTAGCTAGAGGTGCAGCGAGAACAAGCCCGATACTTCCTACAAGCATTCTTACGATTTCCTCTGCTATTAATTCGTACTCAATTATATCGATAAACGTTTTTTGGCTATCAAAAAAAAGCAAAAGAAGCGGTAGAGCCGAACCGGAATACACAAGTACAAGGGTATTTACCATAGATGAAATATGATCTTGTCCCACCTTCATGCCTTTTATAAATAATTCCTGAACCGAAAGGCTTCCTTTGGAGGACTTGGTAATTTGCTCAACAACCGAGGACTGACCAACCGTTACATCATCAAGAATGCCTAGTGTACCAATTATTATTCCTGCAAGAAGAAGTCCTCTTATATCTATTGATCCTCTTCTTTCAACTTGGAGAAAGCCTGCTTCTTCTGATGCAAATCCGGTCAAATCTACCGCACCCACAAAGTAGGTAGCAAGAAAACCAGTGAAAACCAGAGACGTAAGTGTTGCTAAAACTCCTATGTGGGTTTTAAGGTTAAACCCGTGTGAAATATAAAACGTAGTAGGAATAATAATCAATGAGGAGACAACTGCTGCAAAAACCGGATGTATTCCCTTAATTATTGAGGGAATAAGAAATTTAAAAATAATCAGAAAGGAAGTTAAAAGCCCTAGTATAGATAAAGCTCCCCATACGCGTCCCACCACAATAACAGTTGCAATAAAGATTACAATAAGTAAAAAAATCCCCGGCCTTTTGAGCTTTCCGTTTATAAAAACCGAGGTTTCACCGCTCTCACGGGTAATAATTGAAAGCCTTAATCTGTCGCCTGGATAATATTTTCTAAACTCCAAAGAATTGGAAAAAACGACTGAACTTTCTGAGTTTTTGACTAACACGCTTTGGTTCTTTTTATCTCCTTTTGTTATTTTTATTTCCAACTCCTGGAAAGCAACTGGAGAGCCGGCGATTATTTCCTCACCTTCGTTTATAATTTTTGTAACTACACCTTCAAGGATTACCTCTTGGCCTTGAGCTTTTATTTTTTTTGCCGGAATTGAGAGAGAAAGAATTATAAAAAGCAGCAACGGTAAAAATTTTTTAAACATAAACCTGTTTCAGATTATACATCTTCTGTTATTTTGCAAACAAATTAGTGTGAAACACATTTTTTGTGCTATAATTTTTGAACGGGCCTGTAGCTCAGTTGGCTAGAGCGCTTCAATGGCATTGAAGAGGTCAGGGGTTCGACTCCCCTCGGGTCCACAAAAAATATGAACAAAATCAATAAAAGCATATTTTATTATATTAGAGTGGGTTTTTTGAAAGGCGTAGGATGGAGTTTCGGGGTAACCTTCGGATTTGTAATTATTTCTACACTGATTATATTCGTACTTAATAAGCTTGGTGGGCTTCCTGTTGTCGGCGGATTTATAGCCGATTTGGTTGAAGCGACGCAAGAATCACTCCTAAGGCGCGGCAAATTTTAAAAAGTGATAATATATGCATATGCGAATTGATGAATTAAGACACTCGGCAGCCCATCTTTTAGCCGCATCCGTTGTTGAACTTTACCCGAATGCCAAACTTGCCATAGGACCTTCTATTGAAAATGGCTTTTATTACGACTTTGATTTTGGAAAACAAAAAATATCAAATGAGGATCTTGACAAAATCGAGAAAAGAATGAAAAAAATTGTAAACAATTGGAGTGAATTTAAAAAAATTAAAATGGGGAAAAAGCAAGCTTTGGCCGAATTTGGCAAAAATCCATATAAAAGAGAGCTTATCGAAGAAATTTTAGCTGAAGGTAAAGAAATTACCGTTTATCAATCGGGTAAATTTCGGGATCTTTGCCGAGGCGGACACGTTGATTCACCAAATAAAAATCTAAAACATTTTAAGCTTTTATCCGTGGCTGGTGCTTATTGGAGGGGAAATAAGAAAAATCCAATGCTTACGAGGATATACGGAACAGCTTTCTTTACAAAAAAGGAGCTTGATAGCTATTTAAAAATGCTCGAAGAAGCTAAAGAAAGAGACCATAAAAAACTTGGGGTTGAGCTTGACCTCTTTACTTTCTCCAATCTTGTAGGAGGAGGTCTTCCTTTGTGGACTCCAAAAGGTACCCTGATGAGAAATATTCTTGATGAGTTTGTTTGGGAGCTTAGAAAAAAATACGGCTACGAAAAGGTTGAAATACCGCATATAACAAAAAAAGATTTATATGTTATAAGCGGGCACTGGGAAAAATTTAAAAACGAACTATTTAAAATAAGAACTAGAGAAAAACATTTTTTTGCTATAAAACCAATGAATTGTCCTCATCATACTCAAATTTATTCCAGAAAAATAAATTCCTATAAAGAATTGCCTGTTAGATATGCAAACACAACAATGGTTTACAGAGACGAACAAAGCGGCGAGCTTTCCGGATTATCCCGTGTAAGAAGCATTACTCAAGACGATGCCCATGTTTTTTGTCGAAAAAGTCAAATTACAGATGAGATTGATAAGATATGGAATATAATTGACGAGTTTTACGGAGCATGCGGATTCGATTTGGGACTACGATTATCTCTTTCGGATCCAAAAACTCCTGATAAATATTTGGGGGAAAGATCTAAGTGGGAAGAATCGGAAAACAGCTTGCGAAAGGTTATTTCAAAACGGGGTGTAAACAATTTTTTTGAAGTAACGGGAGAGGCTGCCTTTTACGGACCCAAGCTTGATTTTATGGCAAAAGACTCTCTGGGCAGAGAATGGCAGATTGCCACAATACAGCTTGATTTTAATATGCCTGAAAACTTTGATCTTTACTGCATAGATGAAAACGGCAAAAAAGAGAGAATTGTTATGATTCATGCAGCCGTAATGGGTTCTATTGAAAGATATATGTCAATATTAATTGAACATTTTGCGGGTAAATTCCCTGTTTGGTTATCTCCCGTACAGGTAAAAATTTTACCCATTAACGAAAGAAATCTTTCGTATTCAGAAAATATATTTAAATATTTGAAGGAAAAAAATTTTCGAGTAGAATTAGATTCCAGAAGCGAAACTTTGGATGCTAAAATACGAGACTCTCAGAAAGAGAGAGTTCCTTATATGCTTATTATTGGCGACAGAGAAGAAAAAAATAAAAGCCTATCTGTAAGGCAAAGAGATGGGAAAAATATCAATTGCATTAGTATTGATAAATTTATAAACAAATTAACTAAAAATATTGAGAATAAAAGTTTAGTATTGTAGATTTTTCAAGCTCATGCTAAAATTCATTTCAGGCTAAGTTGAATAAGAGAAATTTTAGAGTAAACAACGAGATCAGAGCTACCCAAGTAAGGGTAATAAACGACAAAGGTGAACAAATAGGCATTATGGATTTGGGGCAGGCGCTTAAAAAAAGCGCAGAAGAGGAAA
CP055307.1_gap17	894575	895647	1072	GTCTAAAAGATCGTCTGCGGGGACGTATATCGCCTCGATTGTGCTTATAAATGCTTTGTTTGTTGATACAAGTCTTTCGTGAAAGGACGCCATTTCGCTTTCGAGAGTTGCCTGGTAGCCGTCTTCCGAGGGTAAGCGATTCATAAGTGTTGAGAGCTCTGAACCTGCCTGGGCAAAACGAAAGACGTTATCTATAAAAAAGAGTACGTTTTTACCAAGTTCGTCGCGATAATATTCGGTAAGCGTTGTTGCCGCATAGGCCGAGAGAAATCGAATTGTTGGGTTTTCTCCCATTGTCCCAAAAATTAAGCTTGATGATTTTAAATCCCCCGACTGTTTGAGTGTGAGGAAAAGCTCTAGACCCTCTCGTGAACGCTCCCCTACTCCTGCGAAAACAGAAAGTGTTTCCTTCTCTCGCCCAAGTACATTATGCATTATTTCTGTAAGAAGCATAGTTTTACCTACTCCGGCGCCACCAAAAAGACCTGTTTTGCCCCCTTTTATAATTGGCACAAAAAGATCGACAATTTTAATGCCTGTTTCGAGCAAACTTTTCTGGGCAGAAAGCTCCCTAAAAGGCTTTGCTCCAGCTCTGATTGGCAAGAGTTTTTCTGCTTTGATTCTTTCGCCTCCATCGTAGGGCTGACCAAATACATTTACTACTCTTCCTAATAAATCCTTACCGACAGGAAATTTGAAAGGCTCTCCGGTATTTAAAACTACCGCACCTCTTTTTACTTTTTCCGTTATTGATAGAGCAAGACAGTAAAATGAGCTTGTGTTTGACGAAGAAAAAACTTCCATTGCAACCGAGCGGTCCTCCTCCAAAACCAACAGATCGTGGATCGAGGGAGGGTTGTCGAAATAGACTTCTATTACCTGACCTTTTACTGATACAATTTTGCCTTTGTTATTTTCCACTTTATGATCCTAGTGACACTATGACGGACAATGAATTGAGCTGTTTTTTGTTTGAAACTATGTGCTCTACACGCATTTTTTCCAGCTCAAGAGATTTTGTTCTATTTTGGATATTAAGATCCGCTTTGTCCATAGCAAGGACACGGGAAGC
CP055307.1_gap18	901182	901682	500	CACTGGATTATTTGTAATTACTCCGTAGATGGATGTTTGATAAGGGCTGTTACACAACATCAATCCTTCTTCGCCCGAACAAATGATATCTCCTTCTTGTACTTCCAGATTCCCAATTGCAACCGAAAAAGCAACTCCTTGTGTTAATGATTGGGCTTTTGTGTTTGCGGAATATGAAAAAATAGAAATAAGCAAAAATATAAATATTCCGAATAGTTTTTTGACGTTTAGCACCATGCTAACTAATATTATGGCTTTTGGTTAATCAAATCAACTCCGCGAGTGCTACTTGATATTAATGCAATAAATTGCTGAATACGAAGACTTTTTTAGAAAAAAATAATTTTTTGGAATGATTTTAAAAAAAATTTTAGAATCAATATTTTCCGCATTAAATTTTGAGGCTAAATTGTCCAATTTTGAACCTTGACAAATATTACCTAAAAATGGCTTAATGAAATTGGACAATTAACCTCGATGTCTATATTTAAGAAATAATA
