gap_id	start	end	length	sequence
CP054059.1_gap1	2063	6085	4022	TTGTATAATCTACAACTTGTTGCAAAACATTTTTATCAAAATTTCATAACATAACAACTATATCATAATCTCATATTGTTTCTTTTCATTCAAGAGCATAATCTATTTTTGTTCAGTGAATTGTATAAATATTGTATCACCTAAACCTTTTTGAAACTTTTTTGAAAAAATTTATATTGGAGTATACCAAAAGCATATTGTATGGCTTTTTTTGCTCATATCTGGAATTTATTAGATTCAAAAAAATATCAAACAAAGAAGACATTACCAAGAAAAAAAATCATCACAATATTAATATAAATCTTGATATTCAATTCGGGAAAATAAAATCCTGTCAAAGGTAAGCCAAAAAACTTATTATAATAATCCAAAAAAACCAAACTTTCAGAAAGTTTTTATAATATCAATGGATTGGCTTGAATAACTCATAAATTCACACCAAAAAACCTATAATCAAGAACACTACTCAAGAAAGCAATGTAAACAAAACAGTTTCTCAAAGATGAATATGCGGTATATCCAAATTTAAATAAGTTACCAAATCCGTAAAACGCAACCTGTAAACAACATAAAAACTCAAAATAACTAAAAAAAAGTGAAAGAAAGGCCTCAACAAACGAATATAGATAATTGACATCTTATTATTATCCATTTACAAAAATTTGAAAAATAAGTAAAAAAAATTATAATCAATAGTAATTTAAACATATACTTTAAATATATATGCAAACATTTGTAATCAGTTGCAAAAATAATTCAAGACAAATAAAAAGATTTATTCAAGCAACACTAAAAAAGTGACTTGCCAACAATATTAAAAGAATCAATTATGCCAAATCATATAGTTTGAATAATGAATGACAGGTAATAAAACAAGAAGAAAAAATATTAATCATATATGCACAAAAAGAAAATGAGCAAGAAATTCTAAAACTTTGAGAATCAATAATAAAAGAAAAATTAGATTTAATTGTAAAAAAAGAAAATGAATAAAATACTAAAATCAAAACGATTTTCACTAGTAGCACTTATTTGTACATTTATATTATTTCTTTTTATTATTTTTGATATATGAATGTGATTTGCTATATCACTAATAATTTCAGCAATAATTGTTTTTCTATTATCAAAAACTAAAAGTATTATTTGAATGATAATAATTTTTTTTATAATACTTTTTAATATTGTATACCTTACTTTTTCACTAACACCCACCTATTCCCAAGAAGTTTCTCTTGAAGATTATTATAAAGGCAAGGAGAATATAGTAAGTTTTAACATTATGGACACCAAAGAAACACTAGAAGACAACAATGCTAGCTTAAGAGTAAGATCGCCTAAATGAGATGAAAGAATAAATTTATATAAAGAATGAATAGAAGACAAACAAGTTTCCGTATGAGAAGACGATGTAATATCATTTATGTCAAGAACAAACGAAATTTCTACCACAATAAATATAAGATTTCGAGATTGAAGCAGCATAAGACTTTTCCCTCAATCAACAATCAAAATGTCTGAAATTTATCAAGACCAAGAAAATCTTTTAGATTCAAGAACAAACCTCAAGGTAGAAAACTGATCAGTACGATTTAATGTTATTAGAACAATAACAGGAGACGAATGATTTAATGTTGAAACTGATAGTTGAACACTTGTAATTAGATGAACATCATGATTTATAGAACATGACATAAATGAAAATGAAACTTCTGCTTATAGTCATGACCACTTAATTGAAGTAGTTAATAAAGCTTGAGAAAGTATGTTACTGTGAAATGGAGAAGCTGCGGCTTTTAGTGAAGATTTTTTAGAAAGGATTGATATATACGAATTTATAGATAATGTATGAGAAGATATTTACAAAAGACTCAATAGATTTTTTCAAGAAGACATGCAAAACATAGAACAATACCAAGAAGATATTGTTAATTATATTAAAGAAAACTATTCTTGGAGTCTTGATGATAGCAATTTTTTTGAAAGAATATCATACTGGAAAATGCGAATATGAAGCTTTTTTGATGAAACAAAAAAGTCAAATCTTGAAAACTATAGAAATTATAAAGCTTTACTTTGAGATGAAGACATAAATGTAGGAGATATTCGAGAAGAAAACATACTTGTTCCAGTTAATGATACAATTGATAACATTAGACTAAGATTTCTTAGAGAAGCCTGAGAAGAAGATGAAGACACAATGAGAAGTTATATAATAAATAGATATAATGAAGCACTAGAAGCTTGAGAAGATATAGATACTGATGAAATTTATAATCAAATCAAATCTAGTGACACAATACAAAATATAATTGATGGTTTAGATAATTTCTAATTAAGATGCTAAAAACAAAAATAAAAAGACTTCCCCAAAAAATATGATTTTTTGTATTACAAATTATTGTAGTTATTTTTTGATTTTTAATCATAGAAAACAATCTTTTAGAACAAATAGATATAAACGCTTTTGAATACTATTTTAATTTTAGGAATAGTATAGTAAAAGAGCTACCCTGATTTCAGGCCAACAAAGAAAAAATAGTTATTGTTTGAATAGATGAAAAGTTTTTTTCCGAACAAAATATTTCAATTCAATGACTACATAGATGATATTATGCACAAGCAATAAACAACCTACAAAATGCTTGAGCTGACACCATTTGAGTGGACGTACTTTTTGAAAAACCTTATGAGTTCAAGTTAGAAGACTCTAGAAGCCAAATATTAAATAGAATATTCAATGAATATGATAGATTATTAGCAGAAACACTCAATGAAAATGTTGTACTTGCTTCAATGAAGCAACACAATCAAAATAAAATAATTAAGCCAGACGATCTATTCTTACAAAAAAAACCAAAAATATGACATATTAATAGTATAATAAATGTAAGATGAATAGAATTATGAATAAAAACAACTTTACAAGATCAAGAATGAATTAAATCAAAACCGTTTTCTCTAAAAATTGCAAATAACTACATCAAAAATCAACAATCATTAGCTTATGATTGAATTGAAATTGATGCAAGCATAAATGATCAAGACTCATTTATAAGCCTAAATAGCTTTCAAAGAACGATCAACATACCCAAAACAAATCACATATCTTGAGAAGAGTATATTTTGACTCCTATATATCACCAAAATCAGCAAGATTTCAAATATCTATCTTTACATGATGTTATAGAAAATAAAGATAAAATAAAGAAAGTTGAAAACAGCATGGTCTTAATATGAGCAACAGACCCTTCATTACAGGATATAAAAACAACCATACTAGGAAATACACCAGGAGTATTAGTTCATTGAAACTCAATTCTTTCTGTTTTAAATGAAGACTTTTTATACAAACCAAACAAAGAAGAAATAATAACTATTTTTCTAACAATAATTAGTATAAATATATTTATTCTATTGGTTTTCAAAAACACCACATCTCAAAAATTTATATTTTTGCTGTTATTTGCAGAAATTATTTGATTAGTTATTATCTGAATTATATTTTCATTTTTATCAATTGCAAATGGATGAACCTCTATAATGCTTCCGATATGAACTATATGATGAATAATAACAATACAACTTATATTAACCACTATATATTATCTAATAATAACAACAAAACTCAAAGAAAAATTTCAAACATTGTTCTGATTATACGTAGGTAAAAACCTAAAAAAACAAACAGAAAGTGATGATCAAATCTGACAAAAACATGCAGATGAAAAAAATATTGCTGTATTTTTTTCTGATATTGCTTGATTTACTGAGTTGTCTGAAAAGCTTACTCCAAAAGATAATATTAATTTCCTAAACATATATCTTGATAGCATGAGTGAAGACATTTCTATTAACAAATGATTTATTGACAAGTATATTTGAGATGCAATTATGGCATTTTGGGAATGACAAAATTGATGTTATTTTGCAGCAAAAGCAGCTATTTTAAACATACTATCTCTTAAAAATGTAAATCAGCAAATTTTGGACTATATATGAGATGATAATTTTAGCTGACT
CP054059.1_gap2	32965	37752	4787	CAAGTGTTACATTTAATGGAGCTGATCAACTATCAGGATTTGCATCAATGTCTGGAATTACTGTATAATTTGTATCTATTTGTCTTATAATATCATTAAGAGGCTGAAAACATCTATCTCTAAAAGTTAAAAATCTATCATAATTAAATCATCATGACATATTTCTTGTAGTAATATCACATTGCTCATAAATAACTCTATTTTCAGGAGTTTGTGGTAATCTTGGTAAGACTGTATTAAATATTCAACTTAACTCTACAAAAATTTCTTGAGGAACATCATTTCAAGTACTTCTATAAGCTTCTATTCTACTAAATATTTCTATCATTCTATCCATTTCATCATCAATTTGATAGTTTGCGAAAAATTCTTCAGAAATTCAAAAAGCTGAACTTACAAAAAACATTAACATTATAAAAGTTCAAATAATTTTTTTCATTTTTTAAAAACTTTTTTTTATATTTTTAAATATATCACATTATCAATATTAAATATTTTTTAAAAATTTGCAAAAAATAAAAATTTTTTGAAAAATTGTTAAATGTTTATCTATTTAAAAAGTTAATATTTAAATATTTTTTCAACAATTCAACATTATTTTTAAACAGATAAAATAGATTTTATTACAAAAAAAATTTTTTAAACATTATTTCATTATTATTGTTATTAATTTTATTATTTATTATATTATACTATAAAAAAAATTTTTTAAACATATATCTTTAAAAATACTTTTACTTATATAAGAAACTATATCAATCAATATTTTTATCACAATAAATATAAACATAAGACATATTACAATGAGCTTTATTAATTTTTTGTTTGTCTTTTGATAAAAGATCTAATACTTTAATATTTTTAATTCAACTTGTAGTTAGAATTTCAAATTCATCATTTATAAAAATATTTCGTTTTGGAATTAATTTAAAATATTTTTTTCATTCAAAATTAATATATTCATCTAGTATCATTCAAAAAAAAGTTTTTGTCTTTATAGGTCAGGGAGTATCATAAGAAATACTTTCTTCACTATCTGGAGAATTTTTTATATTATTAAATAAAAATCACTCCCAATATGGTCTATGTGGAATATTGTATACAATATTTTTGATATTTGAATTGGGTTGTTCTCATTCTAAAATTTTATTTCTAGTGTGTGAGTATGCTAAACTGGTAGAAGCTACATACCATTCTGACTTACTTCTTCATTCAATTTTTAATCAATCAACATATGGTAAAACTTCTCATAATCTTTCAATAATACAAAGATCTTTTGATGAAAATAAATAACTTCAATTTTCATCCTCTTTTAGTTTAAAAAATTTATCTGGTCTTTTTTCTTCTTGTACATATACATTAAAATTGTATCTACAAACATGTGAACATTCTCATTTATTACCATCTCTTCAAGAAAAATATTCACCAAGCAAACATCTTCAAGAATATGCTACACACATTGCTCAATGAGCAAAAATTTCAAGTTCCATATTAGGAACATATTGTTTAATTTCTTTAATTTCTTCTATATTTAGTTCTCTAGCTAAAACTATTCTTTTTACTCAAAGATCGTACCAGAATTTTACTGCTTCTTTATTTAGAATACTTGTTTGAGTACTCAAGTGAAGAGGTATTTTTGAATTATAATTCTTAATTATATTAAATGTTCAAGGATCAGAAAAAATTATAGCATCTGCTCATAAATTAGCAACTTTTTCTACCATTGATTCAAATATTTTAATATCCTGATTTCTTGGGAAAATATTCATTGTAAGATATGCTTTTTTCCCAAGTGATTGAATATCTTTTATAGTTTTTTCTACTTCATCAAATGTTTTTACCTTATTTTGTCTCATTCTCAATGATGTAAAAGGTACTCACAAATAAACTGCATCTGCTCAATATTTTGCAGCTGTTACTGCTTTAGTATGTGATCATCCAGGTGATACTATTTCAGTCATTTTTTTAATTAATATTTACAAATAAAGTATTATAATAAAAACTAATTTATTTTTAAATTTTAAAAAATCAAGTATATAATTTTATATCCAATATAACTTGAAAAAAATAAATAATTTTTTAAAATTTCTTTAATTTTAAAGACTAAAATATTGTAATGGTTTTTAAAATAAAAACTATGACAAATATTTGACTACAATGATATGAAGTGGTAGTTGAATCAGATAGTAATAAATCTTTACCAACCATAGAAATAGTATGATTACCAGATAATTCTATAAAAGAATCAAAAGAAAGAATAAAGGCTACTTTTAGATCATGTTGAATAGAACTTCCTTCTAGAAAAATAGTATTAAACTTATCCCCTTCAGATATTAGAAAAATATGAACAAGATTTGATTTGCCAATGGCTATTGCAATTTTACTTTTATCTTTGGAATGACAAACATCCAAGCTTGAATTTTTAGAAGAAACATTATTTTTTTGAGAGCTTTGACTTGATTGAACTATAAAACCAGTAAACTGAATTCTTCCTTCTGTTATTCAATGAGTAAATAAATGATATAAAAATTTTGTGGTACCCAATGAAAATGCTTATGAGTTAAAATATATACAATGAATAAATATATATCCTATCCATAATTTTAGAGAATTATATAATTTTGTGGCATTTTGAGAAGATTTAAAAATATCTGACAAAAATAATCTTGATGATATTATTAACTCTATTGAAAATGAAATAGATTTTTCTGATATTTCTGGGCATGAATTTGCTAAAAGAGTGCTAACTGTAGCAGCAAGTTGATTTCATAATGTTCTTATGATATGACCTCCTGGTAGTTGAAAAACATTATTATCAAAAGCTGTAAGTGGTATTTTGCCTCCTATGGATTTTGAGGAAATACTTGATGTAAGTCAGATATATTCTTTAGTTTGAAAGCTAAATAAAGATAATCCTTTGATAACTTCAAGACAATTTAGAATAGTACACCATACAGCTTCCAAAATAAGTATAGTTGGTTGATGAACATATCTTAATCCTTGAGAAGTAAGTCTTGCTCACAAATGAGTTTTATTTTTAGATGAACTTCCTGAGTTTTGAAGAGATACTTTAGATGTTTTAAGACAACCAATAGAAGACAAAAAAATACATATCTCAAGAGTTAATTGAACTGTAGAATATCCAGCAGATTTTATGTTATTGGCTTCTATGAATCCTTGTAAATGTTGATACTACAAAGATCTACAAAAAGATTGTACTTGTAGTATTAATGAAATCAAAAAATATCAATGAAAAATCTCATGACCAATGCTAGATAGATTTGATGTTATACTTGAAATTCCAAGAGAAAATACCGAAAAAATTATTACAAAAACCAAAGAAAAAACTTCTGCTCAAATAAAAAAAGAAGTTGAAAATGCATTCAAATTACAAGAAAAAAGATTTTCTTGAATGGATATAAAGTATAATTCACAAATGTCTTGAAAACATGTAAATGAATTTGTAAAATTAGATAATGAAGCAAAAGAATTTCTTGAAAATGCTAGTAAATCACTAAGTTTGTCTCCAAGAGTAATCCATAGAATAATGAAATTATCAAGAACTATAGCTGATATCAATTGACAAGAAAATGTGTCAAAACAACATATTGCAGAAAGTTTACAGTATAGATCAAAAAATATGCTTTTAGAATAATATTTTTCTTTGTATTTTTTAAAAATATTATTATTATACAATTATTTAAACTGTAAGATTATATAGCGTTGTTAAAAATAATGTGTATACAAAATACTATTTATTTGATAACAAACTATGTAATGAATATACATAAAAATACAAGACTAACACCACTCCAGAGAAAAGAGGTCTGGGAATACTATAAAAGATGAATGAAGCCTAAGGATTTACATATTAAGTTCAATGTATCATTGCCTACCATATACAAGATAATAAAGAGAGCAAGAACTCAAGAGTTTTTACCAAGAAATTCTATCAATAATAGATTTAGAAACATTAGGCGATGATTACTTAGATTAGCTAAAATAGAATCTAAGATAATAGAAAAGAAAAACAAAGAAGCTAGAAGATACAATAAAAACTACCCTTGAGAAATGATGCATTTTGACACAAAAAAACTACCTCTTATAAGATGAGCAGCAAACAAAAAGTCTGAATACTTATTTGTATGAATAGACGACTATTCTAGAGAACTTTATGTAGCTATAATGCAAGATAAGACACAAGTATCTTCGTCTATGTTTCTTAGACAGGTAATAGATGAATGTCCTTACACTATTGAGTGTGTGTACTCAGATAATTGAGTTGAGTACAAATGAAATGATAAACATGAATTTGTTAAAGAGTGTGTAAAAAGCTGAATAAAGCAAAAATTTACAAAAGTTAGAACACCAAGAACAAATTGAAAAGCAGAGAGGGTTATAAGAACATTAATCGATATGTGGCACAGTAAGGAAGTTTTTAAGTCATCAGAACATAGAAAAATGTCTTTAAAAAGATTTGTAAATCGATATAACACTGTAAAGCCACATAAATGACTAGATAATAAAACTCCTTATGAAGTTATTGAAAAGTTCTATTACTGATAATTTTTTAACAACGCTACCTTTTCTTACAACATACTAATTAAAACTACCAAAAAAGCAATAAATTAATATTTAGAGATAAAGCTATCAATTTGTAGATGACTAAAAAAGCACAGATATGATAATCTACATTAAAATATTCAGACTTCAGTACACTATAATATTAGAGTCAAACAGTCTCTGGAGGTATATTCCCCCAGAGCTTTTGTAAAATTATTGAATAG
CP054059.1_gap3	38933	42083	3150	AGTTTGTAGTTAGTTTTAATTTTTTCTACAATATCTTGATTTACAAATGTCATTACTAATATATTTTAAACTAAATTATCTATATATTTATCCAAAATCTGTTTAAAATCAAACAAATCTTTTTTATAAACTTTTTCTCAGATAGAATGATATCAAAAACCAGAAGGTCAGGTCATAATAATATTATTTGTCAAAGATGCAAAAAATCTTCAGTCATTGGATCAGTATTCTTTTTCATCCTCTATTTCTTGACCATAATAATCCTGAACCACATCAAGATATTTTTTTAATATACTCTGATTGGTCATCTATACTAAATCATCAAAACCTATGAAGCAGATTACATTCAACATTCTCAAATTTATCTACAATTGAATACAGTTTATTTTCAATTTCTTCAAGAGAATTTTTCGGATGAAATCTAATGTCTAGGTTGAAAGTAAGATTTCACATTACTTTATTGAAAGCTTCTCATCAGTTAATTATTCAGATATTTACAGATGTTGCAAACCATCCATCTTCATCTCACTTAGCTCTTGGAAAAATTTCATAAAGATTATTATATAAGCCCACAAATGTATCCAGTGCAGTTTTTCATCTCCAAGGTCTGCAACCATGAGATTCTACTCAAGAAATTTTTATTTCAGTAAAAAGAAAACCTTTTCATTCCCTAAGAAATCTATTCATTCATGCTCAAGTATCAGGAATATAAACCATATCAGCATTGAATCATATTGTATTTATAAGATAATTAACTCATCTGCTGGATCAAATTTCTTCATCTGTTGTAAACATTAAAGCAAAATTTTTGTTAGAGTTTAGTATATTTTTCTGATTATCCAAAAAAACATTTATCATGACTGCACAACTTCATTTCATATCCAATGTTCACCTTCAGTAATAAAATTCCTCATCTTCATCAAATTCCCATGTCTGCTCATCAGCATCCACAACATCCAAATGTCAACAAAATAAGAAATCTGTATCCCTACCTCATTTTGAAGATATAACTATAGAGTAAATTCATTCATTTTCAAACCTTTCTATATAAAATCATGTATTTTCAAACAGTGAGTGAACATAATCACAGACTCTTTTCTTCTCGTTTTCTTTTCAGTCAATACTTTTTATACTCTGAAGAGTTTTGAGAACCTCTATCATTTTGAATTATTTAGACAGTAAATATTAAATAATCACGGTTAGACAAAAATAAATTTCTTGTTGTGAAGAATAGGTTATTTGATTTGCCTAAAACACAAGTATTATCTTGGTACCAACTCATTCTTTTGATTTGATGAAAATTTCTCAACCAAGTTGTTGCATCTCCAAATATATCCAGTACAAACCAAAACCATATCTTTTGATATCATCTTCTGAGTAAAATGAAACATTTTTCTTGAAACTATCAACTTGTTTATCCTCAGGAATTCATATTCAATTATCTATTACCTCAATTTTGGTGGATTCATTGTCTTGAATTATTTTTATTTTTATCTTATTTGAAGGAATAGAATATTTTATTCAATTAGTAATTAGTTCATCTATAATATGTTTTGCTACAACTGGTAATTTTAGAATTCAAGAAGTGTTATTTTCTACCTCAAAATCTATATCAAATCATTCTCATACATTCAGACAGTATATTCCATAACCAAAACTGTCTCAATTATCATAATTTTCTTGGATATCAAAATCACAAACTTCACTTTCTCTACAACCAAAATCAATTCAGTAATATCAAATACATTTGGTTATATTACTTGCAAGTTCTTCCATGTTAGTTTTTAGTTGTGTATTGGTAACCTCCTGATAAGTATATTTTTCATTTTCATCATGAGCATACATTAATTTTTTATAAAGATAAGACAAAGCTTCATGAGTTTGCACAACCTTGGATAACACATCTGGATCTTCTTTGATATTACCAAAATTTTGCAATTCCTGCAAAAAAATTTCTTCTACTTCCCATATTTTTGAGAAATTAATATCTTTGTCTATTCATTTTTTGTAGTCTTAAATAATTTGATTAAGTTTTCAAAGAGTTTTTGTAAGCATCTTGGAGTAGTTTTGTCAGTATCTTGTAGCATAAGCAAAACCAATAAGTTCTATATAGACAGATATTCAAGTAAGTATATCAAATAATCAATGATTCTTATATGCTTCACTATTACTATCTAATAATTCTATTAATTCTACTTTTTTTCTTTCAATATATTCTGATTCTATTGGAAATTTTTTTAATTCTCAATAATAAAGGTTTTCAATACTTTTCATAATCAAAGTCATTTGAAATAAATTTATAATTTAAGATAATAATTTAAAAAAATTTTTTATCAACAGATTAAACATATTAATTTTTATAATTAATTTTCTACCAAATTTGATTTGACAAATATTAGGTATTCAATATAATTTTAAGTAGCTTTAAAAATAAAAATAAAAAATGAAAGTACCGTTCTATACATTAAATAATTTTGAAGAAAAAATATCAACACACTACAAAAATCAAAATAAAAAAGGATGGATTAATTTGGAAGTTTTTTTAACATTCCTCAATAAAGAATTCATAAAAAATTTTGAAAATATAGACATGAGAAGTATAAATAAAATTCTTTCTGAAAGAGAGAAAGAGAACATATCTCGTACTCACAATTGAAAAATTATCCAAACCTATAAAAACTTACTTATATCTTGTAAGCTTTTAATCCCAACATTATGGACAAGCGAAAATTTCAAACGAAATATGTGAAAATGAATCTCTCACTGAATACAAATAAATCTACCCAAAGGGACTCCTATAAGTTCTTTTTGTAACTGAAAAGTAATTCAAAAAACAACACGAAAATGATCTAGGAAATGATTATGAAATTTTATAATAATTAAAGATAATGATTCAAACATATGGACATTTGCTAACTTAGAAAATATATATGTAGAAAAAAATCAGAAAATAAAAAAATGAAAAAATTTGTGAACTGCTTGAAAAACAGGATGATGATATTATCCTTGAATATATATACAAATTGACAAGTTAATTGCTTGAGTATATCCATATTATAGTGAAGATCCAGCAAATATAAAAAAGTACACCCAAGATCCCCTACAAATAATAAAAAATAATCTAAAAATCAAAGAAGAAAAAACAGAAAA
CP054059.1_gap4	89669	91057	1388	TGCAAAGAGTATCAGTAATGAATAAATCCCAAATATCAATAAAACAAAAAGTTGTTATAGCAAAATTGATAGATGCATACATCAAAGACAAATATCCAATAACTTAATAATATATATCTATCACAACACAAACAAAAAATTATAATTTTTTTGATTTTCCAAAAACAAACTTACAAAACATCCTCTAAGATTGCCACTCTTTGCTCATTCTTTTTTTTCTGTATTTGTTGGCAAATCTGTGAGATTCATCTCTTAGTTTTATCAAAACTCTATCTGTATCATCATAAGAAAATGTTTTTTGTTTAATATTCAAATCCTGGTCCAAGTAAAATACTATCTCTTTTTCTCACTGATTTTTTCCAGTTTTGGTTCTTGCTTTTCATTTTCATATAGACAAAAAATCCACCTTTTCGTATATTTGTTTGATTTTCTGATTTTCTTTTATAAGTTTTTTCAAGATATTAAGCTGTCATTTACCACCATCTATCACAAACAAATCAGGTAATCTATCATTTTTAAACCTCCTTATGAGCACTTCTTTGATTGCTAGATAATCATCACTTTTTCAGTTTTGTATAGTATTTATTTTGTACATTCTATAAAACTTTTTATCTGGAATTCATCATACCAAGCAAGACAAACCACCAGATATATAATCTCATCAAATATGAGAAATATCTATACATTCCATCTTATACGGATAATTATCAAGAAAATACCTATTTTGCAAGTTAGTAAGCAACTCTCACATTACATTCTTTTTGGAAAAAGTAGAATTTATTATCAAAGATTCTATACTATTATCCAATATGTCTGATAAATTGTTTATTACATCAGTTTTCATATTTTTTCATGAAATAGTTCCTCAAAAGAATTTTTCTTCTGTTTTATCATAATTGTAAATTCTACCAAACTCATTTTGAAATTCTGTTTTCAATTGACCAAAACTGGCACCAGAAGAATGCTCAGTAAACTTCAACACATCTATTAGTTTTCAATTAAAAAACTTCAATGCAGAAAATGCATAATACTCACCTATCTTTTTTATTTTCAAAAAATATCATGTAGTATTATCTTGAAGTTCTATAGTTTGTTTTTGGGTATGTTTTTGGATAGTATACAAAACATCTCTAAGTTTTGCTGCCCATTCAAAATTTTGATTTTGTATTGATTTATTTATATTTTCAACTATTTCATTTTCTATTACTTTGGTATCTCACTGGAAAAATTTCTGAATTTTATCTATATAATCATCATACATTTTTTTTGCATTTGTATTTTCTAATTTCTCATTATTTGTATTACACCAACCATCACACATACCAAAAGAATAATAATCACATAATTTTCATTTTTTGAACTGTGTTTTATTGCAAGCTCTAATTTTG
CP054059.1_gap5	95554	97215	1661	ATAATAGTATGAGAAAAGGAAAGTAGTAATAATACTTTATCTATTAGAAGATACAGTGACAAAAAACAATATGAATCTACACTAAACGAATTTTTAAATGAAATTTCCAAATAGATTTAACATCTTCACAAAACTTCATATCTACAAAAAATAATATTTAATAATATTATAGCTATAATACTGCTTATTAATGAAAACCTTTGGAATCATCTACAATAAAGGTTTTAGTTTTATCTGTATCAGGAGTTCAGTGCACCATTGATAAGCCTTTATCAAAGTAGTAGGCATAATAATAATCTCCAAAAAACTTATTCAAAGAAGATACATACCTCATTACTAATACATCAGTTGTTTGGTAGCTATTAAATATTTGAATTATTTGATCTTCTAACACCTTAAATAAATGATATACATTTGCTTCCTTAGTATTTAGTTTTTCTGTAAAAACAAGCTTTATTTTATCTTCTCACTCATCATCATTTATCTGTTGTAATAACTCAACTGAAAGATCTGACAACAAATCTAAATTGCCTTTCTCTAAGTTATCATATAAAACAACCAAAAATTCTCTTATATATTCTGCTAGACTGTATTCAAAGCCCAACTTATAAGACAGTTGCAAACATTTTTTGATGTCTCAAGCTTGTTTATACTGCTCAAATATTTGAATTTCCTTCTGTAGTACACCATAGATAGACTCCCTATTTTCCATATAAATTCAAATACTATTTAGTTTTTTGTAAAAGTTAAGTAGAGATTTTCTATATTTTTCTTTTCAGTATATATTATAAATATTTAAAAGTTTAATAAATGCCATATTTAAAAAGCTAGCTTCAAATCACTCCTCATTTATTGCAAAATCTAATGAATCCTCTAATATAGATACTAAAGAATCAAAATCTTCAGTTTTTTCAAGAACATAAATTAACAAACTTAAATATTTTCAAGACTTATCTATACTATAAAGCTCATATAAAATGTCTTTTGCAACATCAAAGTTTCATTCAGAAAACATTAATTCTATATATTTATCAAAAGAAACTGCATCCAACTGATCCATACCCTGCCAGTAAAGATCTTTAGCTTCTTCTATACATCATACATTTTCACAATATATTCAATAATATCAAAAAATATTGTTTCAAAATCTATAACTTATATTTCAATCCATATATCATTCATAATATTTTTCTAATATGTCTTCTATAGTTAGTTTTCAATTAGGAGTATCAATCAACATATCATATCAAGCTCAATCTATTTCCAAAAGATTTATTATAGCTCATAAAATATCAATATCTACTCAATATTCTTTTGTTATATGCAAACACTGTTCTAATGAAATTTGGTGTTCTCAAACATATGCAGAAAAAATTGCTAAAAATTTTTTTTCTTCAAAATTAAAAGCTCCATATATATCTATATTCAAAATTATATTTGATAAAACTTCGATTATATAATCTTTTGATTCATATTTTTCCAAGACCGACATACACCTATATATGAAATAAGTTTTATATAAAGATAGATCATCTGGAATTTGATTTAAATCTACTTCATCCAATCATTTATAATTTTCATTTATATAAGTTACGAATTTTTGAACAAACTCCTCCAAAAAATTATTATTAATATAATATTTCAATGATTCTAATGACTCA
CP054059.1_gap6	100128	101875	1747	ACTTCAAGTAAGATTTGTATATTCTACCAACTGATACGAAATATACGAATTTGACCTAAAACTATGAAAATGAGATTTTGTAGATAGCTTTCCATCTCCAGAAGAATTATTCCAAAAAATTATTTGAAAAACCAACCATCTCAAAGAAAAGCTGTTAAGTACAGCCTACAGTATAGAATGAAATGTCAAACCAAGATACTACCAAGAAAATGCTATCAACAAAGTACTTGAATCCATAGCAGACGGCAACCAAAGAATTCTTCTAACTCTTGCCACAGGTACCTGAAAAACATTTATAGCTTTTCAGATAGTTTGGAAACTGTTTCAAGCCAGATGGAACAACAAATCCAATTCACAAAGACCCAAAATCTTGTTTCTTGCAGACAGAAATATTTTGGTAGATCAAGCAATGAACACTTTCAATCCATTGGAAAAAGATATGATCAAGATTGACTGAAGCGAAATCAAAAGAAGATGATGAAAAGTACCTACCAATGCCAATATATTTTTTGCTATATATCAAGCAATCAGCGACAAAGAAAATATATGATGATACTACAAAGAATATCCTTCGGATTTTTTTGATTTGGTGATAATAGATGAATGTCATAGGTGATGAGCCAACGAAGAATGAACTTGGCATGAGATACTTCAGCATTTTTCTCCTGCTGTACACCTGGGACTTACTGCCACTCCCAAAAGGCAGGACAATATAGATACTTATAATTATTTTGGTGAGCCTGTATATGAATACTCACTCAAAGAAGGGATCAACGATGGTTTCCTAACTCCCTACAAAGTCAAAAGAATCCAGACCAATCTAGATGAGTTTGTGCTAAATTCTGGAGACAAAATTTTGAAATGAGAATCTACAAAATCTGTTTATGATATACAAGACCACGAAAGAAATATAATAATCCACGAAAGAACAGATCTAATAGCTCAAGCAATACTACAAAATATAAATCCTTATGAAAAAACTATTGTTTTTTGTGTAGACCAAGATCATGCTCTAAGGCTCAGGGATGCTATCAACAAATACAAATCCAACAATGAAAAAGATTACTGTGTCAGAGTCACTTCTGATGAATGAGTAGAATGAAAACAATACTTAGAAAGATTCCAAGACAACGACAAAACTTTGCCTGTGATTTTGACTACTTCTCAGATGTTAACTACTGGAGTAGATGCCAAAAATGTCAGAAATATAGTTTTGCTGAAGCAAATAGGTTCTATGGTAGAATTCAAGCAGATAATATGAAGGTGAACCAGGCTTTTTGAGTGAAAAGATTATTTCAATATTATAGATTTTGTAGGAGCTACCAACAATTTTTATGATGAAGCCTGGGATGGTGAACCAGCTGCACCTGTCAAAAAATCCAAACTACAGCTTGGAGAAGATGAAGAGCAGTTAGAAGAAGTCTTGGAAGATTATCAAGAATCAGCAGAAAATCAAAATGAAAGTAATGATTATGAGTTTTCTTCTCAGGATCAAGACCTGCCCAAAGAGAAGTTGGAAGTAGAGCTTGGAGACGACAGGACTGTCAAAATCATAAACATAGAAGAAAGATTTATTGATGAGAATTGAAAGCCACTAAGTGCAGAAGATTTTTTGCAAAAGATAGTGGGAAATATACCTCATCTATATCAAGATATAGATCAACTAAGGCAGGCTTGGGCTGATCCAGAAAGTAGAGAAGCTTTGTTACAAAAGCTTTATGATATGTGAATAGACAGAGAACAACTC
CP054059.1_gap7	240297	242602	2305	TTGAAGAAGTCTTAAAAGAAGCTCAATCAAAATGAGTTGACACCTCAGAATTTGAAGAAGAACTAGATAGACTAACAAAAATTACCCATCGCAGTGAGGTTATTGTCACTTTGAACTGGATAGAAAAAGAACCTTTACCTGAGTATTATTATTTAATTGTAGAGGAAATAGAAAAAGCAAAACTAATTTGAGCTTATGTTGATGATATACAAGAAAAATTAAAAGAGATAGAAAGTATTATTTTCTTTTCAAGAAATCAAATTATAGGCCATTATGAAACATAATAACATTCTTGGAAATTATCTTTAATATTCTGTTTTATTTCATCCAACTCCTCTTCTTTGAAAGCTACTCAGTCAAACTTTTCATCCAATGTCTTTCAAGGAGTATAAGACTTGATAACATATCTTTTTGCTCAATTAATTTCAGAAACCAACTCATTAATAGTTTCAAGTGTATGGTATCATTTTATTAATGTGGTTCTAAACTCATAGTCCACTTTGTTTTCCTTAAGAAACTGAATTGATTTATAATATCAACTATAGTCAAAATTTTGTACTCACAAAAGTTGATCAAGATTTTTTTGACTGGTTTTAATATCCATAGCTACATAATCAACCAAACCATTATCAATCAAGTGCTTTAAAACTTCAAAATTCGTTCAATTAGTATCAAGCTTGACCAAAAATCATTTGTCTTTTATCTTTTTGGCAAAATCAGATATATCTGGTTGCAATGTAGGCTCTCATCCACAAATTACTACTCAATCAAGAAAAAACTTTCTTTCGTCAAGAAAAACCAGAAAACTTTCTTCATATATAAAATCAGAACTTATTTCCTTGATTTTCTCTGGCACAACAAAATCAGGATTGTGGCAAAACCTACATCTTAGATTACAACCAGGAGTAAACACAGTACATGCAACTTTTCAAGGATAATCAAGCAAAGTTGTCTTTGTTATACCTGATATGTTCATATTTATTTTTTATAATTAAAAAAAGTCCAGTCCAAAAGACTGAACTATTTCAAACATATTAATAATCTTGATAATATCTTGAATTAAAACTTTGATTTTCTCTAAAGTATCTTCTTGAGTATGCTTCAGACTTTTTACCAGGATTAAAATGACTTATAGGTCTATAATATCACATTACTCTTGTATAAACTTCACATCTTGTTCTTTTTTGTTGAACATCCTGCTGAACTTCTTCTTGGTTATTTGTTTCTTCATTGTTAGTTAGTTGTGTTTGTTCTTTAGTTAATGTTGTTTGTTTCATTATTGTTTATTTTAATATATAAATATCTTTAATTTAAGTTTTACTTATTACTTGTATATATTTCTCTTGATTGGTAGTCAAACTCACTACCAGTATATCATATCTCAGCATCACATTTAGGACAAAAATCATACTCACCTGATATATATCAATGTTTTGGACATATACTAAATGTTGGAGTTATCGTAATATACGGTAGTTGATAATTTTCTATCACCTTCTTCAGCAAAGATTTACAAGCTTGCACATCAGACAACCTTTCTCACATATAAAGATGCAATACAGTACCTCCTGTATATTTACATTGCAATTGATTTTGATAGTTTAGAGCATCAAAAGCATCATCAGTAAAATCCACAGGAAGCTGAGTTGAATTTGTATAATAAGGTGCCTCTTCTGTTCATGCTTGTATTATTCCTGGAAGTTGTTTTTGGTCTTCTTTGGCAAACCTATAAGTAGTACCTTCTCCAGGAGTTGCTTCAAGATTGTATAGATTTCCAGTTTCTTCTTGATACTGCCTAAGCTTTTCTCTCATAAAATCCATAACCTCTAATGCAAAGTCATGTCAATATTTGGTAGCAATATCTGATTCTCAATCTGTAAAGTTCAATATCGCCTCATTCATTCAGTTTATTCATATAGTTGAGAAATGGTTATTGAAACTATGAAGATATCTTTTAGTATATGGATAAAGTCACTCATCCAACCATTTTTTCAATTCCTTTCTTTTAATTTCCAAAGATGTTTTGGCTACTTCCATAAGAGCTTCTATCTGCTGAAAAAATCATTCCTTATTTCATTTGTAATTATACCCTATTCTTGCCAAATTCAAGGTAACCACTCATATTGATCAAGTCATCTCAGCAGAACCAAAAAGTCAATTTCATCTTTTTTCTAGTTGTGTTAGATCCAACTGCAATCTACAACACATACTTCTTACCGCTCCTGGAGTATATGCATCCGGATTTCTTTCTTTTTTTAAGTTTCAGTTTTCATCTTCTACCCATCTATACTGAGAACCCACAAAG
CP054059.1_gap8	291313	293570	2257	ACACATACCAACGTCTAGATGGCTTGGAATGAAATTTTACAACTGGTATATCTTTAACAGGATCTTTTACCTCAAATAGAGTTATCTCTATGAAAGCTTTTTTTCAGTCTTCTACAACTTTATAATCCTCCACAAAATTATTTTCTTTTAGTAGTTTTAAGATATTTTCTTTCATTTTTGAGTAAATCACTCATTTTATTGACTTTTTTCTTGCCATGTATGCATTTTTAATTCTTATCAACAAATCATGCACTGGAGAATTCACAATATTCATATTTATTTTTTAATATTCTAAATAAAACAAATTTTACCAACTTGATTTTTTAACTCACATAATCATACCCGCTCTTGCATATTTTCTGAAACATATTCTACAAACTCAAAACTCTCTCATATATCACCTTGTTCTACCACAACATTTACACCTGTTGTAATATTTTGTAGGCTTTTTCATTTTTTTTCACTCTCTTATACATTTTTCTCTAAGTTTATCAAGCTTTTCTTGCTTAACAATCAAGGACTTTCTTGCCATAATAATGTATTACTAATTAAATTATTTTTTTTCAGCAAATATTATTCACAATGATTTCAAAAGCTTTTTTGCTTCCTCATCTGATGTTGTCGTTGTAGTAATATTTACTTGTATACCATGCTGAGTTATTATCTCTTCTGGTGATAATTCTGGGAACACAGTCTGATTTTTAAATCATATATTATAATTTCCTCTTCAATCAAACTTCTTTGATGATATTCACTCAAAATCTCTTACTCTTGGAAGAACCAATTTATTAAGCCTATCTATGAAGTCATAAGCTTTTTGTCTTCTCAAAGTAGTTTTTAGCATTACTGGCATTCACTCTCTTAACTTAAATGTAGATACTGACTTCTTTGCATTTACAACAGTAGGCTTTTGTCATGTTATTTTTTTCAGATTATCTATCAAATCAGAAAAATCCTTTACTCACTTTTTTGTCACCAATGTTCAAATTCACATTGATACTACCACTTTTTCTATTCTAGGTATTGCTAAAATGTTTGATTTTCACATATCTTTTTGCAAGTCGTATGATATTTTTTCTTTGAATTCTTTGTAAAGATTCATTCTAAACGAATTTAAATTTTAAATTAACATCACTATATCTGCTCTTGTGTTTTTTTACAAATTCTAACTTTTTTCCCATCTTTTTCTTGGAACCCTACTTTAGTAGGTTTTTGTAGTTTTTCTGAGTAAATAGCTACATTGGAAATGTGTATTGGCATAGTTTTATCCATGAATCACTGTTTTTTTACAGCTTTTTTTCTTACATTTACTCACTTTACATATACTTTGTCATTTTCTACTTTTTCTACTACCGACACAGATCATTTATAACTACCTGCTATTACTTGCACTTTATCACCTGTTTTAATCTTTTTCATAATGATAAATTATTTTGTAAAATTATATTATTTCTTCTGCCATGTTGGCTACTGTTTTATATCATTTTGATCTTAGTTCTTTTGCAACAGGTCAAAAGATTCTTTTCCCTCTAGGAGCTCAATCTTTTCCTACCAATGCAACAGCGTTATCCCCAAATCTTATGTATGAACCATCTGGTCTTTTTACCTCTTTTCTAGTCCTTACAACAACAGCATGAGCTACTTCTCACTTTGAAGCTTGTCAACCAGGAACAGCAGATTTTATTGCTATTACCACTTTATCTCCAACTGTTGCGTAAGTAGGAAATGATCACTTCAAAACTCTTATTACTCTCCCTGATTTTGCTCAAGTATTGTCAATTACTTTTACTTGTGATTCTTGTTGGATCATCGTTATTTTTTATAAAAAAACTAAATTTCTTGTTTTTCAACTACTTCTACTAGTTGCCATCTTTTTAATTTACTTATTGGCCTACTTTCTCTAATTTTTACCAAAGATCATTTTGTTGCCTCGTTATTTTGATCATGGGCATGATATTTCTTTTTGGAAATATATCTTTTTCTATACAAAGGATGTACTTTTGCGGTTTCTACTTCTACTACTATAGATTTATCCATTTTATCACTTACCACTCTTCATACAAACTCCTTTATATTTTTCCCTCATATAATAGCCATAGTTATTTGTTCAGTTTATGATGTAAAGCAGTGTTTACTCTTGCTATATTTCTTCTTGTCTGCTTAATTTTGTGGGTTTGTGTCAATCACCTCATAGAGTTTTTTATTCTTAGATCAAAAAGCTCTTTTTTCAGCTTGTTTCTTTGAGCTACTAGCTCTT
CP054059.1_gap9	295993	297526	1533	ATTCTTGCTGCTCTATAGGGATCATATTCTATTGCTTCTACCTTTCCTGGTACATCTAATTTGTCATACCCCTTAAAATCTATAATTCTATATAGTTTTTTATGACCTCCTCATCTAAATCTAACTGTAGTTCTTCAATACTGATTTCTTCATCACTTTGAACCTATAAATTTTACCAATTTTTTTTCTGGTCTCTTTTTTGTTATTTTTGAGAAATCATAACCAGTCATGTAACGTCTTGATGGAGTATACGGTTTGTATGTCTTTATATTCATCATTTAAGACTTAATGTTTTAAAACTTATGTCAACATATCTAATTTATCTCAATCTTTAAGAGTTATTATAGCTTTTTTATATGCTCTTCTTACTAAAGATCTTCTTGCTCTACCTTTATAAGGCACATTTACAATGTTTACTGATTTTGGTGTTATTCAATATATATACTCTATAGATTTTTTAACATCTACTTTGTTTGCATCCTTATGAACCTTGAAGTAGTATTTATTTTGATTAGTTGTCTGATTATAAGACTTTTCTGTAAATATTGGCTTCAATAAAATATCATAAGGGCCGAACTTTTCCATCGCTTTTGTGGATTGAGATGACCTAGCTCTCTTTCTAAGCTTTTCCTTGAATGTCATAATTCACTTTTAAGTATTTAAATTATCTTCCATTTTCCAAACTATCTAAAGACTCTGACAAAAACAATACATTTTTGTAGGTTATTACATCATAAGGATTTAGATAGTCTACCAAACAGTACTTAACTCAACTAATATTCCTAAAGGATTTTTGCAAAACTTCATTTTTCTTTGGTATTACAAACAATGTTTTTTGTCAACTTAACTTTAAATTTTCCAACACTTTTTCAGCATTTTTAGTTTTTATATCCTCATATGGATATTTATTCAAACATAACAATTCTCATTGTTTTGCCTTCATACTTAATGCTCCATGCAATGCTTTTCTTTTTTGCTTTTTTGGCATTGCTTTCTTGTAGTTAACTTCATTTGTTGGTCAAAAAACAACTCACCCTTTTGTTCTTATTGGAGAAGCAGCATCTCATGCTCTTGCTCTTCATGTTCATTTTTGTCTATATAGCTTTTTTCCTGAAGCTTTTATATCTCATCTTGTTTTTGTACTTGCAATTGGTTTTCTTGCATTTGCTAACTGCATTACCACAAACTCGTGGATAATATTCTGATTAATATTTTCCTCACTAAAAATTTCTTCTGGTAGATCTCTTTCTTTTAGTTTTTTTCAGTCAGCATTTCTAACAACAACCTTGTATGACATTTATATGGTTATTAATCTAATAAATTACTTTGCTTTTACCAAATCATTATAAGCTCCTGGCACAGATCATTTAACTGCTACCAACGATTCTTCATCTAAAGCTATCTTATCCACCAAAGGCACATTTTTAAGCTTTATTGAATCTCTTCACATACGTCATGGAAGCTTTTTTCATTTTATCACTCTTCTTGGTTTCATTCATCCTACAGAACCCGGACTTCTATGAAAGTGAGAAC
CP054059.1_gap10	373172	376182	3010	CAGCATTAACATTATCACTCATATCTGAAAAATATGTAGGTCAAAAAAGCTGTGGAAATTTTCTAAAAAAATTTTCTAAAGAGTTTTGAATAGTTAGAGTAGGCATACTTGATGAATCGCTACTATCTGAAACTGCATCTTTTGCATCTTCTCACATAAAATTATCTTGAAATCACTCAATCTGATCAAAATAAGATTGAGAAACAGATGCAAACTCATCAAAATCTCATGTGGCTCAATCTAGCATACTCATGGCATCCTCTCTAGCTCAATCCAATCCCTCTCACGAATCATCTATTTTATCTTCTAGATCTCATTTTTGTTGTTGTTCAAAAATTGAAAACAAAGCAGGAGTATATCTATTGTATATTATATCCTCCAAAAAAATAAAGTTGTTTATATAATTAACAAGAGATTGTTCGTTAAACACTTCTTTCATATGAATAAAATCTTCATACCACATTTTTCTATCCACAAAATCATCAGGATTACTTGCATATTCTGAAAGTTTATTAAAAAACTCTGAGTACGAATCATTTTCATCAAAGTTAATCATACCATGCCATATATCTGATTCATAATTAGAAGTTCAAGTATACTCAAAAAATCATGACACATCATCGTATATAAATTTTTTATTTTCAAAATTTGTATATGGATAAATCGAAGGGTAAACAAATCATTCTTTATTGACTACAGGCAATGGTACATCTCATATTAAAACAGTTCATAAAAGTTCAGATGGAGTATCTTTCTCTCACTCAAAATACAAATTTTCAAGCATATTCATAACATCCTTTGCATGAAAATTATCTACATTTATAGGTAACACTAAGGCTTTACTATTTCATATTCTTTGCTGAACATACTCTTGAGCATACCAACTTATTTCATTTTCATTATGTTCATATACATCTGAGTCCACAACTATGGCCACAATATTGGATGAATCCTTTGGATCATAAGCTTGAGTTTCATCAAAAGGCATATAATAAAAAATATTAAGAAGAAAACTTATACAATAGAAAAAAAGAAATAAAGATATGGCAATTCTTTTCTTTAGAGTTTTATCTAAATTTTCTACTATGTTAAACATTTATTAGTTTTTGTTTTTTGTTAAATTATATATTATATTATAACATATTAATAAAATAAAGTCAAACATATTATGATTTTTTTTTACAAAACAATTGTCATTAATTAAAAAATATGCAAAAATTTTCCTCAATAGACATAGTAGACAGCATAGACATACTATACTGTTCTTTTTGAATTATTAAATCTATCAACTAAATTATTAGCATACCCCTCAGATGAAGGATATCACTCAGGAGAAATTCATCTTCAATACCAATCTTTAGCTATCTCTTCAACAAGCTTATCTCAATTATGACCATTATTTTTATGTATTTTATAATAGTTCATTATCCTTATAAAAGCCAGTTTATCCTGATTGGTTTCTGTATATTCCAATTGAGAATCTCAAAAATATTCTTGTCCCCATACAAGCCAGTTATTAGGCATTATTTGATACCTTCAAATTGCAGCATCTCAATGATGCTCACTATTATGCTCTATCTCAGGTCCAGTAGCATCATAATTTGATGAACTTTCTTGCTCTCAAATCACATACATAATTCTTAAAATTTTTTGGAAATCTTCATTATCAAGAGAATCATCCTTATACTCACTAAACAATTGCTTAAAATCCTCAAAAGACAAAGCAAAATCAAATGAGTCAAAATTTTCTATTTCTAATTCTGAATATTCTCTAACTGTTTCTTGTGTTCAAGAGTCTGTTCATCAAATTCATTCTCATCATGAAGCAGACTTAAACAACAATCCTCAGATAAATGTTGACTTAAGTCATCCAAATACATTTCTAACATCAAAACTACCCATTCATAGTTTTCAAAAAGTATTTTGAAGAAAATTATTTACACCTTCTCATAAAGAAGTTAAATTTTTTGAATCTTCTCAAGATTTGGAACCTTGATCAGGAAGTGATTCGGAAGAGGAGCTTATTTGGTCTGATAATTCGGATAATTCTTCTCAAAGATTTGAAATTAGTTGAGTTTGATCAATTTCGCTACCAACATTATCAAGACTTTCACGAAAATCTTCTAAAACACCTCAAATTTCTTCTCAAATCTGATTTTGTAGTTCAGAAACAGAATTTATCAAATTTGCCAACTCTTCAATTGGTATATCATTTTCTGGGTCTTCAATAATTTCTAAATAATCATCAAATCAGTTTTCTTTTAGAGTTCTCAATCACCTAATAATTTCATCAGCCTTTTCTTGAGTATCAATTCACTCATAATTTTCAAGAAATCAAAAATCTCAAAAATCAATATCTTCAGAAACTCATATATCTTCTTCTCTATATTCTGGTAAACCTCATTCTCTTTCAACCATTGTATTTTTATTTTTATTTTTTAAAAAAGTCTTATATTTAATTATAACAAGTTTATTTTTTTTGTCAAAAAAACTCCCTTTACTGGGAGCTTTTATCTAAACATGCAATTATACTTTCAAAAACACTTTCTGGAGACTGGTCTGCATCTATTTTTATTAGTTTTCCTAATGATTCCATATAATCAATAACTGGTTGGGTTTCTTGATAATAAAGCTTTAGTCTTGTTTCTATAGCTTCAGGATAGTCGTCTTCTCTTTGAACAATATTAGTTGAGCCACAATTTTTACAACTATCTATATGATCTACTAGCTTAGAATGAACTTCACCGCATTCATTACAAATTCTTCTTGATGACAATCTTTCTATTGCTTTTTCTTTGGATAGTTCAAGATAAATCACATCATAATCTCTCTTGGCTTGACTCATTGAATCTAGAAAATGATTCATCTGTAAATTTTTTCTAGGATATCCATCAACTAATGCTATTTTATTTTCTTCTGATATTACTGATAAAAATGCTCTATACATAGAAGATATAAAATCATCAGACACAAGTTCTCAGTTATCTATCTTATTTTTTACATATTCTCA
CP054059.1_gap11	476140	477959	1819	CCAGAAGAGTGGCAAATTATTTTTGAAGATTCAGGATACAAAACCTTTCAACTATGGCATAGGTTTAAAGATATGGAAGATTATTCTATAAATTTATTATCAAAATGATATTTAGAAAAAATACTTCAAAAATCTTTGAAAAACGAATTGTATAATTTATTTAATTTTTATAACCAATTGTATGATGAAGAACTTTTGTTGAGCAAAGATATTCAAAAATTCTGAGAAAATGAATTCTTTGGATGAAAAAAAGAAGCTTTTGAGGATGCTTTGGAAGTGTTGAAAAAATTAGATATAAATTAAACCCCTCCAAAAGCTTGTAACAAAGTTGAGGAGGGTCTCCCCTCCAAAAGCTTGTAACAAAGTTGAAGAGGGTCACCCCTCCAAAAGATTGTAACAAAGTTGAGGAGTACCCCACTCCTAAAGTTCGTAACAAAAGGGATGGAGTATGCCTCCCCTAAAGTTTGTCACCAAAAGAATGGAATACTCCTCTCCAAAAGATTGTTACAAGAAGAGGGGAATAAACCATTCCTCAAACTCCATAAAACAATCTGGGTATAAACCACTCCAAATTTACAAAGAAAATCTTTTATATAATCAAACCACAAACAATGAAATTAGTAATAGAATATGTAAAAAATGCCACTGTAAAATCAGGAGAAAAAACAAATAAAATTTGAGAATGACTTTTGGTGTATGTTGGAGTAATGCAAGATGATATAGAAAGACCTGAAGTTTTGGATAAAGTTGCCAAAAAACTTGCAAACCTAAGAATCATAAGTGATGAAAACTGAAAAATTGACAAATCTTTGAAGGATACAAACTGACAGATACTTTTGATTTCAAACTTTACACTATGATGAAGGAACTCAAAATGAAACAAACTAGACTTCTTGCATTCTGCAAATTTTGAGGAAGCCAAGGAAATTTTTGGAAAGTTAGTAAATGAACTTGAAAAATATGAACTTGCCGTTAAAACATGATTTTTTGGAGAACATATGGAAGTAAGCCATACTAAACTTTGACCTTTGACCTACTTTTTGGAGTTTTAAATTTTACTTGAGGTGCTTTATCTAAATGTTCAAACACCTAATAAAATTGACATTTCTTATAAAATAGTTATAAACATAACATCAGATATTTATTTTCTTAAAAACTATGATGAGAAATACTTATTCCAATCATGAAGGTAATGAATCAAGCCAAGAAAACTTTGATATGCAAAGTATTCAAAAAGTAAATGCAGATATTAGTTTTATGCAGATTCAGGAGTTTTTGGAATCGTTGGATGAAGTTGGAGATTTTTCTGAATTTATAGAATTCAAGAAAAAATTGAACAACAAAATAATGGAATTTTTTGCACATAAAGTTGAAAACAAACCAGATGAATTCCAAAAAGCTTTGCACCAATGAAATATTGATATACTAAGCGAAGATGATCCACACAAAGAAACAGCCAAACAACTAGTTTATCAAAAAAACAGAATATACAACCAGCTTTTGTATTCTGCTTTGCAAAAATGAATTTTCAACAAGCTTTTAACTACCAAGCAAATAAGAGATATACAAAATATAATAAGCTCATGAATTCTGGAGTATTTTGATGAGCTTTTCCTGAATTTTGAAGAAACAGCCAAACAAAATATTCATTCCTGAAATCTACCGGCAAAGCCTAAGCAACTATATTTTGGAGGTGTACAAGATTGAGAATATGTACCATACAAAAATCTAATAAAAAATTCCAGGATAGATATGAATCTTATTGAACAAATTAATGATGAGAATCTAAGAAGTTATCTTGCTTGAATAGTTAAACTTC
CP054059.1_gap12	499772	502672	2900	TTATTTTTTCTTCATCAATAAAGCTTTCTTCTCACAAATTTCATATATTATTTACCCCAAGATTTGATAGTATTTGCCTGATTATCTTCAATTTTCATACAGAAGAAAAAGCAAAAACAAGTTTCTCATTTTTTCATAAAATTCAAGAAATTAGCTTTTTCTTGTCTATATTTCATATATATACTTTTTCTTTGTTGTCTATATCCAACAAATCGTATCAGTTTTTTGAAAAAAATCTTTTCTCAGGATTTACTGATTTTTGCAATGGAGGCAAATCATTAGACTTATTTGCAGAAAATCTAGATAAATCATAGATTTTATTGTAGTTTCATTGGTTACAAGAGACAATATAAGGTAGTATATCATATTTTTCAAATATATACGAAGAATAATTCACAAATTCTTCAAATATATGCTTACAAGCAATACTGTCAGAAAGTGCATCATGATATTTTAGTTGGATATTTTGTTTGGAGTTTTTTTTGATATTTTCAAATACCACCTCCAAAGAATAACTAGGAAGAAAATGATAAATCACTCTTGATAAATTATAAGTATCTATACTCAAAAAATATTCTATATCCAAATATTTTTGAAGAATTTGTATATCAAAACCTACATTATGTCAAATCAAAACTGTATTTTCATCAAAAAATCCTTTTATATCCTCTACAACTTGATAAATATCAGGAGCATCCTGAATATCTTCTATGGTTATATCTGTGATAAAACTAACTATATCTTTTATCTTATCAAGTTTTTTGGATGGTTTTACAAAGCTTTTGTATTGCTTTATTATATTGAAATCTTTATCAAACTGCACCAAACCAATTTGTATAGGCTCATCTTTTTGAATATTCAATCAAGTAGTTTCAAAATCAAAACATACATAATTCAAGTCTTTTAACATATGATCAATAAGATATAAATAGTAAAGTTATAACAAATAAAAGGTCTTATTCAAGAAAAAATCCTTCAAAAAAGTTTTTTGTTGATTTTTTTAAAGTTTTTATTATGCTATCGGGTAATTTAGAAAAAAACAAACTATATGTTTAAGTTTATTAAGCTTTTCTTAATTTTTATACTTTTATATCATATACTACACACATTCATAATTCATCAAATATTTTGATGAGATTACTCAATGATATTTTCTGTTTGAAAAGAGGTTATATGGGTAGTTTTTGTTTTAATAGTTGGTATTTTAAATTATAAATTTATAATTGAATTTATTAAAAAGTTTTGGAAATATATTGCCATAATTATTGGGATAAGTATATGGTGAATTCTTATCTCTTTGTTAAACAATCAATCAATTTGAGATATAATAATATGATACAAATACAACATATACTTTTTTATAATATTTGCTAGTTGAATTTTCTTGTGATATATAGCATACCAAAAACAATTAATCAAAAAAATACTAGAATTTTACAATTTTTTGTTTTATATTATTTTGTTTGCAGTTTGATTTGGTTTGGTGTGGTGGCTTGCCAAGCTTGGTTTCAAAGATAGTTTTTATTATCTTGGATATTGACCAGTATGAGATTTTGTTTTCTGAGAAGAGCCTCCAGTATACTATCGCACTTGACCAGATGGTATGCCAAGAAATTCTTGAATATTTGCCTGACCAAATAATTTCTGATTTTTTCTGGTAGCATTTTTCTCTTTTTTCATTTATATAAGTATGAAATATTGGAATCCCAAAGATCTTTTTGCAAACAAAGATATCAAATGACTGATCAAATGAACTTTTCTTTCATGATTGTATATAATATCATGACTTCTAACCTTCTCAAGATGATTTATTGTATGAATCTTGCCACAAGCATACTACTTTTTCTCACAACTTGTATGAAATGCCAAAAAAGTATGAATACGATTTACAACAGCCTTGATAGTTGTAGTTACCTGATTTAGTATATGGAAACGAGAAAGTACAGTTCAGCATTTTAATGAAACTACAAATGCTATCTATATTGCTTCACAAAATAGTCTCTGACACTGACTTTGAACATCATGACCTGCAATTCATCATTGATGAGAAATATTGCCAGAAAATATATATTTACAGGTTTTCATAGATATATGATCTATAGGATTTATACTTTGGACCTTGTTTTTTTTCTTATTTTTTATGGATAGTAAAAACATAATCACCAACAATCAAAAAGTATCTAGCAACCAAAAACAAGCAACAATGTATTTTATTTTATTAAGTTTGTGATTATTCTGACTTTTAATTGAAGGATTTTTCTTACATATATTTGAAGATAGTATGGTCAATTACCTTTTCTTCATTTCTTTGTGAATTATTTTTGGGTATTGTTATAGTTTGAATAGTAAATAAATTATATAATATTAAATTTTAATCAAATACTCAATCTACCATCCTTTTGAATTGTTCTTGCTCCACTTCCTACAATTTTTGGATTGCTATTTAGTATAACTGCTGAGAAATTATTCAGGCTGATTACTTACTATACTATTTCATCTTGGGTGTTTTTATTTTTTATTTTGGGATATATGAATTTATAAATAGTATAAATCTAATTAGTATCACTATTACAACTCCTCCAACTTTTGCCATATATTGCTTTCTATATCGTTAATATCCTGAATTAATTTTTCTTGTTTTCGTACTCTATTGGCTGATATTCTATATTTTTGTAGCTATAAATAAGCAATTAGGGCAATTTTGTAATTACAATTTTTTTGTAGCTTTTCAATATTTCTTTCTATCTTTTTATTTGAAGAATATTGAAAAAAATTGAAAAAGAGCTTAAAATATATATTATATACAGATTTATACACTAACTGCAATAATGATAAATTTATTGATGTTATCTGCTTTATGAACTTTTTTCTGAGAATCATCTTCTTCCAAAATGAAAAAA
CP054059.1_gap13	512906	516550	3644	CAATGCCAAACTTAAACTATAAAAAATTATATCAATCCATTTTAATTGTTCATTTTTAATATCAACATTTTTTAAAAATAATATAGTGCTTAGGAAAAGTCAAAGACTTATTCAGATAAAACTAAAATCATATCAATAAGGAGAAAGAATAAGCATGAGATCATTTATACTCAAAGGTATTATCAACAAACTATCAAACAAATGATACAAATAAGATCAAAAAAAATATGGAAGTATTAAAAAAACAGGAAGCCAGTTAAAAAACCTCCAAAAATTAACATTATATCTTTTTGCGTAAAAATTCATTAAAAAAACAAATGTTAAAACAAAAACCACAACTCATATTCAAGTCATATATATGGTAATTCAAAACAACTCAAAAAAGGGATACATTTTAAAACATTTATTTATTAAATTTACTATGACATAATAACAAATTAAAAATCTATTTCAATATTAACTTATATAAGAAGTTACCTTGTTTTCTCTAATTCACACAACTCTAATTGTTCATGGATAATCAAGCTGTCACTCAATTTTTGAAGAAATTATTTTTAAAATTTCTTGCAACTGAACATCATCAACCTTTTCTGGATCAACAAAACTCATAATTTCTCTTCAAGCTTGCATTATATATACTTTTTTAACTCAATCAATTCAAGAAATCAACTTTTCAAGATTTTCCATTCTTTCTATAAACATATTTTTAGTATTAAGTCTTGCTCACGGTCTTCAAGCACTAATTCCATCTGCTGCTGCCACTATCCATGATATTGGATTATCAGGTTGTATATCAAAATGATGACTTTCAGCAGCATTTATTATTGTTTCATTAAGCCCAAATTTTCTGAGTATTTCTCATCACGCTTTTGAATGTGCTATTCATGCACCATTTTTAAGCTTTCATATATCATGAAATAGTCAAGCCTTTTTAGCTAATACTGAATCCAATTTCATTTCACTAGCAATAGCTTCACATATTCTTGCAACTTCTATACTATGAATCCATAGATTTTGTCAATAACTATATCTAAAATAAAACTGTCATATCATTTTAACTATATCTGGCTTCATCATTGGTAACGAAAGAGATGTAAGAGCCTCTTTTCATTTCTCCAAAACATAATTATCAAAATCTGATACAACTTCATTATAGTATTTTTCTATGTAGATTGGATTTATTCTTCAATCATTAATTAGTTTTTTTAATGTTTCTGTAGCAACAAATCTTTTCTCTGGATCAAAACAAGATACATTCACTACTAAAGGAGTATCATCGATAATTATCTCCGATCAAGTTAGCCTTTCAAAAAAAGATATATTTCTTCATTCCTTTCAAATAATTTTTCACTTGGTTTCCTCACTTGGAAGATCAACAATAGAAATAGTAAATTCACTAACATTATTCACTCACACCCTTGGTAAAATTTTTGATATTATTCAATGAGCAACTTTTTCTGACTCCTCCTGTTTTAACTGTTCTTGTTTATTTATAAAATTTGAAATTTCTTCTTTATTTTCTGATTTTATTATATCAAAAAGCTTTTCTTTGGCTTCTTGCTTTGAAAGATTTGATATTTCTTCTAACTTCTCTATTTGTTTTTGATGTTCATTGTTAATATCTTCTTTTAACTGGTTAACTTCTTCTTTTTTTTCTGCTAACTCAGACTTTTCCTGTTCAAGTTTTTCTTCTTTTTTTGAAAGTCTATCTTCTAATATTTCAACTCTATTTAGCTTTTGTTGAGATTCTTTGTTTGCATCTTCTATAATACTTTCTGCTTTTCTTTGTGCTTGATTTATTGTTTCATAATACTCATTTTCTATCTTCTCCAATCTTTCATCTAGTTTTTTTTCTTTCTTATTTACATAAGTTTCATAAACAAACTTTCATATAAAAAATCAAAGCACAAATACTAAGATAAAAAGTCATAGTATTTGATAATCTAACATTTTATTATTTTAGTTTCTTAAATTTATAATTTTAATTACTTGCTGTTAGATTATTAAGGATTTGGATATCAATGTCAAATAAAAATTCACATTATTAATAATTAATTATTGAAAAATCACAAAAATAAATTATATATATGTATTTACAAATCAAAAAAAATAAATGAAAACTTTTATAATATTAATTATTTTTATTTTAGGAAATAGTTTATGATATAGTTACTTATCACTAGAACACTCTACTAAACCTAACATAAAAAAAACTTACATAAATAAAACTGATTTTGAAAATAACATAAAACCACTTAGACAAACTATTAAAAACCAAAAAAATATTGAAACCATCCAGAAAAAATGTAAATCAAATATATTTCCCAAAAACAAATATCTTCTAACTTTTGATGATTGACCTTATGAAAATATCACAAAGGAAATACTAGAAATCCTAAACCAGTATGATGTAAATGCAGTTTTTTTCCTATTATGAAAAAACATAATTAAGAACCCACATCTTATAAACAAAATAGTAAAAAATGGTCACATACTAGGAAATCATACCTTTACACATAGAAGCCTGAAAAAATTAAACTACACACAAACAAAAAATGAAATAAAATCAACTAACTTATTAATTAATAATATTTTATGATTTGAGTATCCTATAAAATTATTCAGACCACCATATTGAAAAAGAAATTCAAGTTTTGATCAAATTATGCAAAATAAAAAATTAACCTGATGTTTTTGGAATTTTGACACACTGGACTGGCAAGTAGACGAACTTTGAGTATCAAAAAACGAAATTAAAAACAACATTAAAACTCAAATACAAAAAAATCCAACTTGATGAAAAAATATATTGTTTCATGATGTAGAAAAAGTTACACCCAAATTATTACCATACACAATAGAAAAACTAAAAAAATACTGAAATTCTTCCATCTTCTAAAATAAAATTATTGACAATTATCAAGTATATTTCAAAAGCAATTAAATAATTAATTTTAACTTTTTTCTTGAAAAATAAAATTGCTTGAAAAATTTGTTTTTTTTAATAACATCACAAATGAAGAACTTTATTAATGAAAATTTTCTTTAATGAGCAAACTTACTGACGACATATTATCAAATATTGACATTGTTGATATAATAAGTAAATATGTTAACTTAAAAAAAAGCGGCTCAAATTATTCTGGTTTATGCCCATTCCATAATGAAAAAACCCCTTCTTTTATGGTAAGCGAAGAAAAACAAATATACAAATGTTTTGGCTGTGGAGCCTGATGAAATGCTATTAATTTTATTATGGAAATAGAAAAAATAGATTTTTGGGATGGTATAAAAATTTTATCTAAAGATGCATGAATAGACATTTCTTCATATCAACACAAAAAAGAAGATTTTGATAAAAAAGCACACTTTAGGGAAAGAATCAAAAAATTAAATTCTTATGCCACAAAATATTTTCAAACTCAAATAAATGATGCAAACACTGCACAAAAATATCTTATGGAAGACAGAAAACTTGACCAGGATTTGATAAATTCTTTTCAGATAGGATATGCACCAAATAACTTTTTCGATATTGTACAATACCTCAAAGATAAATGATTTTCCAAAGAAGAAATGTTGGAAAGTTGACTAATAAGAGAATGAAACAGTGGAGACTTATATTCATTTTTTAGAGACAGAAT
CP054059.1_gap14	598004	599478	1474	TCAGGTAAAAACACTACTTGCATAGATATACCCTGAATATATAATCATAACTGCTCAAATTACAAGACCTAATTGTGACATAAAATTAACAAGATGTGCAGAAAAATCTATAAGAGTGTCCCAAGTCATTATTCATGAAGCAAGCTGTCATCATAAACTAAGCTCTCAAGCTTTTTCATTGTATTTTGACCGTACATTCTCGCCTTCTCCTCTATCAGGATTTCAAACCTCTTCCACAGCTTCTTTAACATCATCATCCTCACCAGATTGAGGTATTATTAAAAATCAGTCAGAATAAACCAAAGGTTGAAATAAAATAAATATAAGCAAAAATAGTATTTTTCTCATTTTAATTAAAAACTTATTAATAAATAATTTTCAGTTAATTATATCAATAAAAAAAAATAGTTCAATATATTTTTTTAACAAAAATTTTAACAACTTGATAGCAAAAACAAACCATTTTCATATTTAATCTTTCATTCTGATAATAATTTTTCCAATTTTGCATCCAGGTCTCTTACCTCAGCAATAAAAAAACCTTGCAAATCTACAAATGAAACTCAATTAGGTTGTTTAGATATAACAAATTCTACTGCTTCTGCTGTAATATATTCTTTTTCTCATCATACAAATTGAATATAATTCTTGATAGGAATTCCATATTTTTTTAAAATTTCGCTAGGAGTTACTTGCCTTATCAAATTATTTTCGTATTTTATTCTTCCTTCTTCTTCTAGCTTTTTTAGTATTTTTTCTAAATCTGACCTTTCTAAATTCATTAATTGCATCAATTTTTCAAATGAAATTCATTTCTTTCAGATAAAGATCTCCACTTCAAATTCATCTGGAGGTGTTTCTAAAGAATTTACTATTTTATCTTCTGTTTCATCTTTATTGGTTTTATATAAACCATCTTCAAAAATTATACTACCTTCTTTTAGTAGCTGTTCTAATATATTTTCCAATTCTGTTTTGGTTAGATTAGTTTCAGCAAGCAGTTCTTTGAAAGTGCTTCATCCTTTTTTTATCAAACAAGTTATATCTTCTGAATCAGATTCTATCAAATTTGTTTTTCTTGGAAAATCATAATCTTTCATTTTTTAAATTTGTATTATACTAATAAATTATTTTATAAATAATCATTTAATTAAAAATGTCAACAAATTATTATGATTTAATAATATTGTTAAAAACAATCCCTGTGTAGATTACACAGGGATGTCAAGTAGAATTTCTACTGCTATCAAAGCATTAATACTGTCTTGGCCGTCTTTTTATTCCGAAGCTTTCTACCCTCCCGTTTTCATCAAATTCTACTCTCATAAGCTGTCTTTCAAGATCACCAGGGAGATGTTCTTTTTTTGCTTCACATTTTGCTCTTAAGAAAACTTCCAGACAAAGTGCCATAACTTTTGCAGCTACAAACAAAAATAATAATAATAAAAATACAACTGCAAACAACTCAAAAATT
CP054059.1_gap15	601393	603562	2169	GCTCATCTTATAAGAGGTAGTTTTTTTGTGTCAAAATGCATCATTTCTCAAGGGTAGTTTTTATTGTATCTTCTAGCTTCTTTGTTTTTCTTTTCTATTATCTTAGATTCTATTTTAGCTAATCTAAGTAATCATCGCCTAATGTTTCTAAATCTATTATTGATAGAATTTCTTGGTAAAAACTCTTGAGTTCTTGCTCTCTTTATTATCTTGTATATGGTAGGCAATGATACATTGAACTTAATATGTAAATCCTTAGGCTTCATTCATCTTTTATAGTATTCCCAGACCTCTTTTCTCTGGAGTGGTGTTAGTCTTGTATTTTTATGTATATTCATTACATAGTTTGTTATCAAATAAATAGTATTTTGTATACACATTATTTTTAACAACGCTATATAATCTTACAGGTAAGTTCTTTTTGATACTTTTGTATGCTTTAATAGTTCTCTCGTGTCTATAATTATTATTCTCATTTTTCTCAAAAAGCCATTCTTTATTTCTTCTGTGCCAATCTTTTAATCGTATATATAGGATTTCTTCGCTCCATTTTCATATATCATCTGCTATTTCTTTTAATTCTCTGTTAGCTTCTATCCTAGGTTTATTTGTAAGATACCTTCTTATTATTCATTTTTGATGAGTTAGACACATTTGTGTTGGAATATCTCAGAATCCTCATAGCAATCATCTTCTTCAGTCACAAACTATTCAAATAATATTTCGTCACTTATCTTGAAGATATTTTATTCATTTTTTATACATATAATTTGTTTCATAATCTACTTTGTACCAAAGTAGATTTTTTCATTCTCAAGTTGCAGGAAATCGTGCTCTAAATATCATATATCAATACTTAGTTCAAAAATAAGTTGTATCTATAAGAATTATAACTGTACAAGGTTTTATAAAATTACAATAGTTTTTTTAAAAGGTGCAGCATCAATAATTCTTTGAACACTTCTTATAGATAGATCTAAAGTTTGTGACATTTGACGATATTTTAGGTCATCTCTAACAAAATTTTCAAAAATTTCCTCAGAATTTAAATTTTTTTTATTTTTATAATTTCCATGTTCAAATACATATCAACAATATTTACACAAAAATCTTTGCACACCTGATCTTTTTCAATTTTTAACTATTCATTTTCTATTACATTTATTACATAATTTTTTCATTATAATAAAAATTAAGGGCTAAAAACAGTTCTATACTACTAAAACCCTTAATTTTATCAACACATTTGTTTAATTATCCCTTATTTTATTATATTTTTAAAGTGAAATATCTACGTTTCTGAGTATCCGAAGTTTTTTGCCGGATTTCTCAGTATTTATATTTATTTTAGCACTTTCGTTTATTAATTGGAAGACATTCAGATATGCACATTCAGGCAAAAATTTGGGTGGAACAAAATGGACAGTCCTTTTAAAATTAATTGAGTCCATTTTGCGGAACCGGATACTCAGTGTTATACTTGCTGTTTTTTAAAAATTCCTTCCTTATTTTTCATTTGTCTATGAACTTTTTTTACAAATTGTTAAAATTTTTGATTTTTCGTTTTTTCAGAAAAAAGCTTATCTATGTATGCTACAAAAGCTGGCAAATTTTCTGAAACTATTTTTACGGTTGGTTCACCACCTGCGTTTATATTTTGAAGAACAAATGAAATCATATCTTTGAATTGAAAAGGCGAATTTTCTTTGCACCATTGAGTAGCTTGTTTTTTTGATATTGGTTTTCCATTATTCTCAAGAGCATAAATTACTCTGCATAATTGAGTTACTATAAACACCTGACTCCATAGATCATTGTTTTGCCATTTAGGAATATTTTGCTTGAGATTCTCAAACTTATCAATAAGTGCTTCAAATAAAGAATCTTCGTTGATTTCAGGAATAAAAGAATCAGGTGTTTTTCCGTACAAAACAATTCCACATGATCTTATATTTTCCCAATCCATAATAGCTCCGTCCATATTCGCCTTTTCCTTTAATTTATTTCCAGCAAAACGAGTGGTTTCTGTATCATTGCTAATATTAGTGGTAATATTTTCTAATGTTATAAAGTCCATTTCTAAACGACTAATCCACTTGTTTGATTTCATTTGTTTTGTTTGATACCAATTTGTTAGCTTTTGTATCTCTTCCTCATTAAGTTTTCTTT
CP054059.1_gap16	605376	609096	3720	CTTTGGGAGGGTCTTTCTATTTTTTAGAGCTTTACAAATATTTTTTTGTATAATTTTAAAAAAATGTGGAAGCTTTTGTTTTGAGCTATCCACATTTTAAAATTATGTTAATATTAGGATTTTAATTGTATTAGAGGAGTTTTTTCTAATTATAAAATAAAGAGTTCCTTGTTTGAGTATAGTTATTTGTTGTATCTTTATTTTTTTAGAGCCTGTTTACAGTATAAATAAATATAAAAATACAGAATTTTAAGTAGACTCTTATTAATAATTTTTTGTTTTCTAGTGTTGTGAATAGTTTTTAATATAAGTTATTAAATTTTATTAAAACTTATTGATTTCATAAATTTACTATATCTTCCCAGCTATCTTCATAATTAAACTCATCTGTGGCATTTATTGTAACATCAAAGCTACCATCTTCTCAGCTTGGTTTTGAAAACTTGTATTCTCATTGAACTGTTTTTTCATTAGGTTCTTTTTCTTTTATAATATTGTCTCAAAATAACATCTCCATATTTTTAATTTCAAATGGACTTTCAATATCATAATGTATAACTATTTCTTCATCATTTATTTCTACTTGTCAGTTAACTTCTATTGTTCAAATTTCTTGTATTTTCTCTCTTTCTTCACAATACTGAGAAGGTTCTTCTAGTAAAACAGTTCTTCAAAGATTTTGTGAAAACTGTTCGGTTCATTCTTCTTCCCATCGTTTATTTATATCTTTGAAGTCTCTTTGGTTTGGTAGTACTGATTCTGGTGATATTATGTAAGCAGTTTCTATATCAGATTCAGGAGTATATTCGTGTATTTGTCAGTTACATAGTCAATCTACTTGAATTGACTGTATACTAGTATCTTCTTCTTCTGGCATATTTCTGATGTTTCATCTTGTATTTGATATTAATGTTGTTGGTGTATCAGAACTGGCTTTTTTTCAAGTAATTTTAGATATAGATGTGCTTCTACTACCTGCTTCTTGGAAGTCTTCATCACTTATTTTTTCTTCTTCAAGTAATGTTTCAAAAAACTTTCTCCAAGCTCATGCATTTATCCGTCATCCAAAAGTTCAAGGATCCATTGCTTCTCCTCTTGTATTTCAAGCCCAGAACACAGATACACGGGATGGAGTATAAGATGCAAACCATCAATCTCTTGGTAGTATTTCTCAGTCCTTTCTAATATTTGAAGTTCATGTCTTTGTTCAAAGAGTTAAACCTGACATATAGAAATTATTTCTCCAGGCTGGTGGCATGTTTTCTGCTGTAGATAGTATATCATTAGTTAAGTATGCTGCTCATGCACTAATCACTCTTTCTTGAGTTTGTGTACTTTTTCTATAAAGTAATGATCAGTTTGGAGATCTAATTTCTTTTATTGGATTAATCTCTCATGGCTGTCATCAACTACTAAGATGTGCATATGCATTGGCCAAATCTATCATTCTTGTTTCTCATCATCATATTACAAGTGGATATCAATAATCTCTATCTTCATCAAATGTAGTAAATCAAAGTCATTCAAATAATTCTAGAATTCATGACTGTTCTCATAATGCAAAAAACATTTGTATAGCAGGGATGTTTCTACTATGAGCTAAAGCTTCTTTTATAGGTATTAATCATTGAAAATTTCAATCAGAGTTTTGAGGTTCATTTGAACCAATTTCCATAGGTATGTCGTATACTGGTGTATCTGGAGTAAATGGATGTTCATCAAAACTATGTGCATACACAAATGGTTTTAGGGCTGATCAAGGTTGCCTGTTAGATTTTACTATATCTACATTTCAATCAATTTCTTCATTCCAGTAATCTTTGCTTCCAACATATGCTAAAATATCTCAATTTTCAGAATCCATATATATCATAGATGAGTTATTTCATCACATGTCTTCTACAGCCTCCATGTTTTCTTTGATACTTTCTTTTGCTATTAATTGTTTTTTATAGTCAAGGGTGGTTTTAACATTTAGTCATCCTTTTAAAAGTGTTTCTGCTCAAAACTCTTCTTGGAGTCTTTGAATAACCAAAAAAACAAAATGAGGAGCTTTTATGTCAACAGAACTTTTGTTAAAATCATAATCCAATCATTTTATAAGACTTTCTATTGCTTCTTCTTGAGTTATATATCAATCATCATACATTCTCATAAGGACTATATCAGTTCTTCACATATTATATCTAATATTGTATGTTTGATTATCAATTGTAGTTTCAAATCTTAATAATTCCCTTATTTGATTTGCTGCATCTCTTGTATCTTGAATAAGCTTATCATCAAAATTTTCAAGCTTGTTAGATATTTCATTTATTATACTATCTTTTAACTCAGGAGTTTTATCAATAATTTCATTGTTTTTTTCTACTTGGATTTCTCCCATTAATACATTTGTATTATTGTATGGGTTTACAGCTCATGGTGATCTTGGAAGGCTTGCAAGTATTGCTCATTGTATAATATCTAGGTCTTTTGCAGACTTCCCAAAATAAGTTTGAGATGCTGCTTCTATTCAATATGCATTGTTTCAATAAAATATATAGTTGGTGTAAAGTTCTAGTATTCTTTGTTTTACTTTTTTATCAAGCTCTTCTTCTGATAATCATTGATAAGATTCTTGAATACTACTTTTTAAATAATCATTTAGTTGGACAGCCAAAACTATTTCTTGAAGCTTTCTTTCAATAGTTCTATCATCAGTTAGTAATACATTCTTAATTAATTGTTGGGTAAGAGTAGAACCTCACTGTAGATCTTGTCATAAGTGTGTAATATCATGAATTGCAGCTCTTATAATCCCAGTTATATCTATTCAAGGATTTGTCCAAAAGTGCTGATCCTCAGCAGACACAAGAGCATTTATTGCATGTTCTGATATTTCATCAAATTCTATATATTCTCTATTTTCTTCAAAAAGCTCATACAATATTTCTCAATTTCTATCTGTAATTGTTGTTGTTTGAGAAAAGGAAATATCTTCCATTTCTTCTAGTTCTGGCAGTTGAGTCCAAATATTATTATAAAACCAAAAACCTGATATTACTCAAGGTATCAATATTACTACAACAGAAAATAACAATAAAAATTTTGTTTTTCAAAAAATGCTTTTATTTTTTTTAGTTTTAGCATTTTTTGTTATCTTTTTTTTATTGCTAATTCTTGTTTTTTTAAAATTATTTTTTTTGTTGAAAATCATGTTTGAAGGAGTTTAAAATTAGTAGTAAATATATCAGGTTATTTTTTCATCATCCATAGGAATTCGTCTTTGTGTAACTATAAATCTTCCTTGATAGTTCATGTCACTTATTAAAATTTGATTGTTTCAATAATCAATTTCTTCAACAATTCAAACATGTCAATATGCTCTCCAATATCATGCTCAATATCTTATAACTACTATTGCTCATTCTCTTGGAGATTGTCAAACTTCATATCCTGCATTGCTAGCATTTGTATACCGATCTCTTGCATTTCATCACCATGGCCTATCTCCTTCAAAAAGCTCATCTGCAACATACCATGTACAGTGACCAGGATAAAATCAATTATTTACCTGAGGATTGTGGTACCAGCTTGAAACAACTTCTCAATCCCTTGAAGTTGGTTCTTGCCACTGTGTTTCTTGTTCTGATGGAGCAGGCGTAATCACTTCTTCATCGTCTTCTATTAGTCAAACCTCTTCTGCTTTATCTTTTGATATTGGTATAAATATCTCCA
CP054059.1_gap17	616274	620644	4370	CAGGCTGTAAAAATTATAGTAATTCGATCTTTAGGCAAGGAAAAAATGTTTACATAAACCTTTTCAAAATTTTCTGTGTAATTTGAATTCAATTTTTTTGCAAAAAAACTTCAAAGTTTTTGTTTATTATCAATTCAGTTGAATTTTTGATGCTTATCAGATAATCTCTTAATATCTTCTCTGGCTGTATAAATATCATAAATAATAAGATTATCTACTTTTTTAAGTGATTTCAAAAATTTATTAAAAAACTCAAAAACTCTACGAGCTTGATGGGGTTGAAATATGCAGTTTATTTTTTTGTTTGGATATTTCTTTTTCAAAGCATCTAAAACGGCATTAATTTCAGTAGGATGATGTCAATAATCTGAAAAAATTAAGCTTTGATTTTTGTTTTCTCAAATTAGTTCGCATCTTCTCCATAGTCACTTGAATTTTGATATGTTTTGTTTTATGTTGCTTGCTTGTGATGGGAAAATATGTTTTAAAATGTTGTATACTATAATTGAGTTTTGCCTATTGTGATCCCCAAAAATATAATCAAGCGGGATGTTTGTGTGATTTTTAAGTAGGATTTTTTCAGGATGTTTTTGCTTTAATTGTTTTAGCTCTTTTATGTTGCGAAGTCATATGCACTTAAATCTTGTTTTTTTTACAAAATCAGAAAAAGATTTTATATAAGTTTCAAGATTTTTGTATACATCACTGTGGTCAAGTTCTATATTAGTGATAGCAGAGTAGTCTGTGTCTAAATATAAAAAATGTTGGTTGAATTCATCTGCTTCCACTATCATATATAGCTTTTTTATGTTTTGAGGTTTCAGATTTGATTTTTTCCTGCTAATTATATGATTAAATATTTCTCATATCTCAGGTTGTCTGTTTTTGTTTATAAGAAAATTTTTGTTGTCAAATTCTCCAACAAGTGCTCCTAAAATTCCCATTCAAAACTTATCTGATACTTTGCTAATAGTATTTATACATAATGCTGTTGTAGTGCTTTTTCAGTGTGTTCAAGCTATACTTATAGTTTTCATATATTTTGATAGCTCTCACACAAATTGAAAATAACTAAAATTCGTATGATATTTTTTTAGTTTTTTTTCTTTTAGCTTATTGGATTGTATTACTTCAGGTGAATTTATAGCTGCATCAGAGTATATTACTATGTCTTCTGGTTTGACTTGATAATTTCAATGTCATATTATTGTCTTGATGTCGTTTTTCTTGAGTAGTTTAGTTATTTGACTTTCTTGGTTGTCTATGCAAACTATATTTTGGTATCATAATTGTTTCAATATCAAGGCAACACCTGAAATTCAGGTTCATCAAGCTCAAACTAGCACTATATTCATTTATTTGATTTAGATTTAAATATGCTAGTTTATTATTAAGAAATTGGTAAGTAAAAATCAACCTCAAATTATTGCAGATCATATAAATACATAAACAAAATTTTTTCTTAATTTTTTTACTGTTTCTTCGTCTTCAGGTTTTACTAATAAAAGATATGATTGGTATATTATTATAATAAGTATTATAAAAGCAACAAAAGAAAGTCACCAGTTTATAATGTTTGTTATGAATTCAATGTTTCTGTCAGCAAGAATTCAGGTTCATATATCTCATAAATTTCAGGTGTTTCTTTGTTCAGTATGAGTTCAGTATATTATTCTAACAATTTCTGATGATGAAATTATCATAAGTATTCAGATAATATTTCGTACCACAATTGTTTTTGCGCTCTTACCTACTTCTTCTTGATTGGTTGTTAGTAGTTTAAAAGCATTTATTAGTAATACTATAAAGAGTATTCAAACAACAAGATAAGCAAATATTTGGAAAAAAGGAAATACAATATTACTGTATATAGATTCAGCAAGACTAATTCATTCAGTTTCTAATCAAGATCATGTTTCTCATACTAGACTATGTGTGATATATGTGGCTGAGGTCATCACAATAATTCATACTGTTCACCAAATTATATAATTTGCTCATCTTGTTTTATCTTCGTCGCTTTCTGTAAACATAACTTTGTAAAATCAAATAATTGCTATTACTAGTCATATCATAATCATAATAGGCATAAAAATATTTGAGGCTAGGTTCACAATAAATGCTTGTAATCAATCAGCTCATCTTTCTGCAGGTCAGGCGTCCAGACGATCTCTTATATTGTCAATAGACGTTCATAGATCAGTACAAAATCTTCAGTCACAATCTGAAGCTCATATTTGTGCTTCATCTCAAAAACTTAGTCCTATAAATGAATTTATAATTATTAATATGGCTATTATTTTTTTTAGCATTTTTTTGTTTTTATTTTAAATATTTTATAAATTTTACCTAAAATAAATTATTTGTCAAATTCAAATATATTATTTGAGGAAGTTTATAGTTTTCTTACCTATTATTACTACTTCATGTATTATTGGAATGTATGGCAATTTTTGTAAATATAGTGAGATTATATACCTAAATAAAATAATTAAAAATGCTATAATTATAATATTTCAATATATGCTTAATTGTATAAAGGAAAAAATACTGTTTGATAATAAAAATAGAATTATTCAAAGAATAGCATATTCTATAAAAATTTCTTTTTGATCAGATATTGCTGATTTGTTGGTAGTATATTCTATGTTTTTTAAGTTGGAATACTCATTTTTTGATTGTTGTATATATTCGTCAATACTATTTATAGAATATTTTCATCAAGACTTAACTTTTTCTACTATAAAAACTATAGGTCATTTTATATATCCATATACTTCTTCTGGATTTTTGTCAAATATTTTGTCTGCTTTTTCTTTGTATTTGTCCGGTATAAAATCTATTCAAGCTATAATGCTTACTAATCTAACAATTCAAATTATTAAAAGTAAAAATGCTATGCTAATATTAAATGTAATTAAAACTATTAAAGCCCATAAATGCCGAAAAAGGATGCTTTCTTTTATCCATCGATACTGATTAATTTTGGGTTCATTGTACCAAAGATAGATATTGTATATAGGAATATAATAAAATGCTATATCTATATTTCAGGGAGTTATTTTTTTGTATTTTAGATTTATATCTCATTGAAGTACTGTTTTTTCTGAGAATATCATAAAAACTCACAAGATAATAAGTATTACTCAAAAAATTGCTAACAAGTTTGATATTGTACTCATAAATGTAGGAAGTATATTGCTTGTGAGGCTAACTATTCAAATAATTACTGCAAGTGCTATTGTGCTGAGAATTATAAATCAAAACTTAATATATCATTTTATAAAATTTTTATCTTCTTGAGTTAATTCATAATCTTCTGATTTTATCATAAAGTATACAACTCGAGGGAAAAACATTATACATGCAAGTGATAGTATATGTTTATTTTGTATTTGAAAATCTTTTTTTGAGTTCATATTTTTAATTAATTATTAAATTACTTTACATTTGTTTCTATAAAATCTTTTTCATAAGGTGAAGGGAGTATTTTCATTGCTATATGTTGGTTTCATGCAAAAAACAATCATTCTCATATATTTGCTGAAACAAGTTTTTGTTTTTCAGCTTCTGATAATCAATATATTACATCTAAAGATTTTATTGATGATGTAGACTGCTTAAGAAGTAAATTTACTGCTGCATTTGCTACTATTGGCTTTCAGTAATTGCTTTTAACAAAATCTTCTACATCTTGTGTTATTGTCGTTACTCACAGTCAATATTTTCTTGCTCTTTTTATCAGTCAAAACAGAAAGTTTGCAGACATATCATGCTGCATCATTATCCAAGCCTCATCTACTACAAGCATTCTCTTTCTTTTTTGGGATCTTACTCTTGTCCATATAAAATTTAAAACATTAAACATAGCAGGAGTTTTTAGGCTTTCATCAAGGTCTCTAATACTAAAAACTGTTAAACCACTGTCTAGGTCTACATTAGTATAATTGTTGAATAGTTTTGCAAATGTTCATGTCACATACTTACTTAATTTTGTAGCTATTCTATCTCATCACTCCATTCATTCTAATATGTTTAACAAGTCTTCCATTAAAGGTGGAGTTTTTCAATTCATATTTTCATCTTCAAATGTAATGTCTTTAATGTTATATGTTGATTGTAGTGCTTTATCAAGTAGAGCTTCTTCTTCTACGCTAAGTCATCAAAGTAGTACTCATATAAGTCATATAAGACTCATTATTTGACTTCTAAGAAGGTCTCATTTTCAATATTCTATATCTTCAATTTTAGGAGGCATATCAAAAGGATTAATATTTTGTCATGAGTTTACTGCGATATTTACATATGTTCATCAAACTTTTTCAATAAGGCTTTTGTATTCGTTTTCTGGGTCTATTACTATAATATCT
CP054059.1_gap18	686961	688796	1835	AAGAAACATTATTACATATTGATATGTACAGGCTTGAAACCCCAGAAGATATGATTCAAAAATGAATACTTGAGAAAATTGAAGAATACAAGTGGATATGTATAGAATGGCCAAAATTCCAAGAATACTATCAAGACAATGAATTTTTAAGTATTGATATCAGAAAACTGGAAAATGAAAAAAGAGAATTAATATACTAAAAACAAAGCTTTAAGCTATCTTACCAAAAAACCCATGAGCAACATTTTAATTGTATGTGCTAGCAATAAAGAACTGAAATCTGTCAAAAAACAGATCAAAAACATCTCACATCCCCAAAAAAACAAAATTTTTTATCTAGCATCTGGAATAGGAAATTATCAAACAATACAAAACTTCACATCTTTCTTAGAAAAAAATAAAATTGATTTTGTAATAAACATTGGAATATGCTGACGAAGCAATGAAAAACCACCAGCTATTCAAGTATGAAGAATCAAAAACATCCACACCAATAAAGAGCTAATTGTACCAATCTTCTTTAAATATGAAAAAATTGAAAGTATAGCATGTAGTGAAAATATATGTAAACAAAAAAATTTTTCAGAAAACTTTGTTGATATGGAGTCTTTTGGTATTGAATTTGTATGTAGCAAGTACAATATTCCTAGAATAATACTAAAAGTTCCTTATGATGAAATATGAAAGGATATATCAAATATAGATTTTGAAGAAGCTGCAGATAGTATCTGAAAAAAAATAGATATAAACAAACTAATACAACACTCACAAAAATACATACAAAAAATCCCCAAAGAAAAAGACCGATCACATCTAAAACAAGAGTTGAATTTATCTTTTCAACAATACCAGATTTTAAAGCATAAAATTAAAAAACGAGAAGTTTTAAATCAAAAAGATTTCAATCCCAAATATCATCTTGATGAGATAGATTTTACCAAATAAAAACTTAAATGATAATTTATATAGAAAACAAAATCAAACATTATAAACAAGTAAAAAACATCATAAACAAATTTCCAAATGCTAGTATTTTACATATAGACAGTCACAAAAACATATTAGATAAAACAATCCACCCAAATCCTACAGAAAAAAAAATAATACTGGCAAATTTAGAATGAAGCGCAGTCCTCAAAACACCAGATAAATACTGACCAAACAAACATTCTTTCTTCATCAAAACAAGCCTCAACTGTTTTTTTTCTTGTGATTATTGTTATCTACAAGGATTGTTTAAAAACAACTATCCTATACTTTTTTTGAATTATGAAGATATAAAACAACAAGTCTCTAAAAAGATTGAACAAATAAATTCAAGCGAAACAAAATGGTTTTTTAGCTGAGATTATTCTGACACACAATGATTTGATTTTATTTCAGATTTCAACAAGGAATTTATACCGTTTTTTGAAGATTTTAAAAATACTATGCTTGAAATAAGAACCAAGTCTGCAGACATCTCATCTTTGTTGGATTTATGATTTATACCACAAAATACAGAAATTGCCTATTCTATAAATACACCCCAAGTAATAGAAAGGTACGAGAAATGAACAGCATCTTTAGAAAAAAGGATAGAAAACATAAACTATCTTGTTGATAAATGATTTAAAGTATGATTAAGATTTCTTCCTTTATTACCAACAAACAATGCTGAAGAAGAATACATAAATCTTATAAAGCACATAAAAGACAACATAAACATAGACAAACTAAATACTATAAATATTTGATGATTAATGTTTACCAAAAAAGAATACAATAAAATGCTCAAAAAACAACCAAACCTGGATATATTGTACAAGCTCGAGGAAAAAGATAAATATTTTGTT
CP054059.1_gap19	689944	690618	674	CTTTACCTACTTCATAAATTCATCACATTCATAGCTTTTTTAGAGTCTGCTTATCAAGAACATTAATTTTTATGTTTTCTAATCATGCAAATTGATTTTGTATTTTGCTTTCAAACTGCTCTGGATTTACATAATTTGTTGGCAAATTTACAAGATCCCTACACAAATCTGTAGATTCTACTATTTTGCTGAAATAATTGGAATCTATAGAATTACACTTCAAATATATTCAATAGTTTGTATTAACTTTTTTTGACTTTAACTGATTAAAATCATACATTTTTATTGCAAGCAATTCTGCAAAAACCTGCTTTTGAAAATCAGAAATATTCAACTTATCTAGATCTATATGAAGTTTTTTATCGGAAGTTTTAACAATATCTCATATATTAGCAACTATATCCTCCATATTTTCTGTAAGTACTTTTTCTGAACTATATTTTACAACAATCTGTATATTTGTGTTTGAGTCAACAAACCTATCAACTTTAAACTTATCTTCTCAAGACAACTTTATTAAAGAACAAAACTTTTTTAGTTGTTCTGAATCAAAAGTTTTTTGATTTTTTGCCACAAAATACACCTTGTTTTTAGCTTTTCAAGAAGAAGTTAAGTTTATATTCATAATAATGAGTTTATTCATCTAAAATAGAACATCCACTTTCTCTATAAGG
CP054059.1_gap20	779100	781717	2617	TTTTGAAAGTTTTTGTAAAGATGTATCTTTAAGGCTACCAATAGATTGATATTTTTCATATAAAAATATAAAAAATCCCAATTTATGACAAAGACTAAGCAAAAAAGAAGTTGCTTCATTGTATCATTTACCTCATAGTAGATACAACAAGAACTCAAGAATAAAATGGCAAAACTATAAGATAGTTGCAGCTCCTGATGGTCTTCCAAAAGACTGAATTTTGCTGGGTCACAATTTGTTTGCATGACAGAAAAAAGAAGTAAGGCTGTCTGCTGAAGACAGGTTTAGACATTTTTATTGTATTTGACAAACTGGTACTGGTAAGACAACCATGCTTTTGAATCAAGCAAAAGATGATCTACAAAACTGAAGATGATTTTGTTTTATAGATCCACATGGTGATTTTTGTGAAGACTTACTTTGATATTTTCCAAAAGAAAGAATAAATGATTTAATATATTTTGATGCATCAAATTTTGAATATCCTATGTGATTAAATGCATTTGAAGCAGAAACGGAAGAGGAAAAGGATGTGGTAACGAATGATTTGGTAGATATGTTTATACAGCTTTATTGACATGAAATTTTTGGTCCAAGACTTCAGGATTATTTCAGAAATGGGGCTCTTACTCTTATGGACCAACCTGATTGATGAACCTTGGTGGAGATAGTTAGATTGTTTGCAGATGAGGCTTTCCAAAAAGCCAAACTTAAACATCTTAGAAATCCTGTTGTGAGAAGTTGGTGGGAAAAAACTTATGCTGCTATGTGAGACAGAGAAAAAGCAGAAGCTATTCCATTTTTCCAGGCTAAATTTGGGCAGTTTACAACTACACCAATTATTAGAAATATAATATGACAAACAACTTCTTCTTTCAATATGTTTGATGCAATGCAAGAATGAAAAGTAATACTAGTAAATCTTAGTAAGTGATTGGTTTGAGAAATCAACAGTGAGTTGATATGAAGAATACTAACTACTCAAATAAAAGTTGCAGCATTAAGAAGAGCTAATATGCCTGCAGAGAAGAGGCAGCCCTTTTATCTTTATATAGATGAGTTTCAAAATTATGTAAGTCAATCTATAGAAAGTATACTTTCTGAGGCAAGAAAATATAAACTTGGATTAGCAGTTGCTCATCAGTATATAGATCAGCTAAAGACTCATTGATTATGATGAGACCTTGATTTGTCAAAAGCTATATTTGGTAATGTATGAAGTATTATGGCATACAAGGTTTGACCTGAAGATGCAGAATTTTTGGAAAGACTTTATTCTCCAGAATTTAGTAAATCTGACTTAGTAAATATGGACAAATTTAAGTGAGTTATGAGATTGTCAGTAGACTCTCAGCCAACAAAGCCTTTTTCAATAGCAGCAGAAAATCCTTATACACCATACATAAATAACGAAGAAAAAAGAGATGTTATCAAAGAAATATCAGCTTTGAAATGGTGAAGGAAAAAAGAACTTGTTGAAAAAGAGGTATATTATAGAGTATGAGCATAAGGTGTGATTTTTGAGATGAAATTTCGTATTATATTGTGCCCTTTTGGGTTTTGGGGTGTTAAATACTTATTTATTTTTACTAAAAACTTCTATGTATACTGTAGTACAACTTTTAAATCCTCTTAGAATACTATTTGTAGAAAACTCAAATCAGAAATGATATACATTTTCAACCGAAGATAATGATATAATAGAAAATGTTTTGAATTGATACAAGGATGATTTCCAGATAATTATAGAAAAATATACAGACAAAATCTTTAGGTATACATATTATCATTTTAATTTTTCAAAAGACTTGGCTGAAGAAGTTACTCAAGAGATATTCCTACATGTATGGAAAAAACTTGATAAGTTCGATAAATCAAAAAAATTTCAACCATGGCTTTATAGGATAGCTTATAATTATTGTATTGATTATATTAGGAAAGAAGGTAAGTGAGAAGTTTATAATATAGAAGATATTCAGATTGAATCAAAAGAAGATAACAATCTTTTGGATAAAGAATACAAGAAAAGTTTAATATACAGTTTATTGAAGGAGTTAAATGATAAGCAAAAACAAGCTATAATTTTATTTTACTTTGAAGAAAAAAGTTATGAGGATATAGCATATATTTTTTGAGAGAGTACGTCTTATGTGTGAACCTGTATATATAGAGCAAAGCAAAAATTAAAAAAGATAATTCAGTCCAACCCAAAACTAGAGCAAGCTTTAGAATTTGACCTTATGTAATGAAAAAAATCAAACTGTCTGATCTGTTCTCTTCTCAAAATTATTTTGTTCCCAAGGGAGGGGAGCAGTTAAAAAACAAAATAAACAATAAACTATTTTATCAAAAAAGCCTAATTGGAAGATTTTGATATTACTCTAAGGTAGTTGTACCTGTTTTTTTGGTGTTTGTTTTTTGATTTGTATTTTTGAATTTTCTAATTCAGGATGCACAAGAAGATGATACTGGGGAGACAAAGGAATGAGCAAGAATGATGCATATTCAAGAAGATGAACCTGATTCGCAACCTCAAGATGATATGTGAGCAATGCAGGTAGAGCAAGAGCAGCCTGAAGCAGGTCATGATGAGACAGCTGACATGATGGTGCTTGAT
CP054059.1_gap21	784535	787651	3116	GTGATGCTCAATTGGTTTCTAAAAATCTAATAGGATCAACAGTATTGGCAAGCAGTTGATCTCTACACCTTCATTCATTTACAATAGTGGCGCTTCCTCATCAGCAGTTTGAATAATACCAAGGATTTTGTCAGTCTTGGTTTATATCTATCTGAAAATGCACATGATTTCACCGACTTGTTCAGGTATTACCTACAGTTCCGATACGTTCTCAAGAAGATACTTGTTGTCAGTTGTTTACATTTATTTCATGCATGTGTGCATAAACACTTCTAATATGTCCTCACTCAAAATCGTGTCTTATTACTACTGTATTTCACCATCAAGGTAGGTGACTTGCAACTTCTACTGTTCAATCATTTATGCTATATAAAGGTGTTCATTGTGCAGTAGCTATATCAACACCACTGTGTCATCAATAACCAACATCCCATCATCATCTATAAGTGGCTCACCAAAGCACAGAATATATCAAACGATAATCCATGTCGTCTTTATATCTTTGATAATCATGATTTTCAATTACTGGTAGGTTGGTTTTACAATCACTTGAATGTTGGGACCATGGTTGAAATTTACAATCTACATCTGGTACAGATACTTCTTGTAAAGGGTACTGCCAGGCTTTTGCAAAAAATGTTGTTATCAAAAATACAAACAATACTAGAAAAAATTTAGTTTTTGTCATTATTTTTGTGTTTGGGTTAAAAGTAATTTATATTATAATAGTTTATTTTTAGTTTTCAATTTGATTTACAAAATCAACTATTTTGGGGTCTTTTCATTGGGCAAAATAATCAGATCATCATCATTTTATTCAATTTTCTTGAATAATTTTTTTGGCTGATTGGTTTCCATGGTTCAGTATAATGCAAAAGTTTCACAAACTATTGTATGCTAGGATATTTTGTGTTTGATTTCTGTTTTTCAATAAATCACCAATAAATTTGAAGTTTTCTCATTGAAGTTGACTATCATTTGAGATATTTAATATTTTATCAAAGATTTCTGATGATTTGTAATCTAGGTTATTTATTTTGTCTTCTATTATTTGAGTTTTTGTTGTTTCATATAGTTTTTTGTATTCATTTAGTTCTTTTTGTTGCTTGTTTAGTTTTTCAAATATTTGTTTTTCTGTGCATTCTAATTTTTTGGCAATTTCTTCTATTTGTTCTTCTTTTTCTTTGGCATAGTCAAATAGTTTATTTCAAACTACTGCTGTAATTCTTCTAACTCAGCTGGATACTGCTTCTTGAGATATTATTTTGAATGCTCAAATGTGAGAAGTATTGGAAATATGAGTACCTCAGCAAAGTTCAATAGATGTTTTTTCTCATACTTTTACTACTCTTACTATATCTTGATATTTTTCTTCAAAAAAAGCTTTTGCTCACATATCTATTGCTGAATTTATGTTGGTTTCAAATGTTTCAACATCTTCTGCTTTGTCTATGATCTTGTTGACTCAGTCTTCTATAGTTTCTATTTGTTTGTTTGTAAGAGGTTGATTGGTAGTAAAATCAAATCTCAAATAATCAAGATCCACTAGAGATCATGCTTGTTTTGTTCAGGGTATGATTTTTTCAAGCTGGGCATGAAGTAGATGAGTTGCTGTGTGAGCTCTTTGTTTTCAAATTCTTTGTGTTTTTTCAACTTTTGCTTTCATTTTTGGATTTATTATTTAAATCATCAATTATTTTTTAATGTTTTTGAGAAAAAAATCAAATATAAAATTTGTGTTGAATTTCATTTATAAATAATTATAAGTATTGTTGATTTACATACTAATTTTTTTTGATGTTAAAATTTTTCTATGATAGTTTGGAAACTCTTAAGCAAGTAAAAAAACCTACAAAAAATGAGGTTATAAATCTTGCTATAGCTGTATTTATAATAGTGATTATAGCAGCAGGGTATTTTGCAGCAGTAGATTGAGTTTTTATAAACCTTTATCAAACTTTTTATCAGATAATGAGCTAGTATATGAATAACACAACAGAAATCAAAAAACAAATACATGACGACAACCTTAGATGGTATGTGATAAGTGTTGTTTCTTCTCAAGAACATATGGTGATAGAAAATCTTACTGAAAGAGTGAAAAGACAGTGACTTGAAGATGATATAGTTGATTTTATGGTTCCAATGGTTCCAGAAGTTAGTTATAAAAAATCATCTTGAAAAAAGAAAATTACTCACAAGAAACTATATCCAGGTTATGTTTTTGTGAAATCAAAAATGGATGATAAAATCTGGTATATAATAAGAAATACTCCAGGAGTTAGACTTATAGTTTGAGCAGAGACTCGTCCAGTTCCTTTGACAGACAAAGAATATGAAGATATGATGCATTATATACAAGAAAAGACTGAAAGAGCAGAACACACATCACCTTTTAAGCAGTGAGATATTGTTGAATTAAAAGATTGAGAATTTTCTTGAACTCAATGAGTAATTACTGAAATAGATAATCAAAAATGAGTTGTGTATGTAAGTGTAGAAATATTATGAAGAACAACTCCAATGATGGTTCCTTTTGAAAAAATAGATAAGATTGATTAATTAATTAAAATAAATTTTCATGAAAGAAAATAAGATTGTGTCTATGTCAGTATTGTTTGTGATTGTTTCATTTCTTATTGTATATTTTTTTTATTTTTCATTTGCTTCAAAAGAAGAGATTGATGAATGAGATTGAGTACAGGAAGATTATATAGAAGAAGAAAACGAAGATGATCAGTTGGGTGAATCTGATTTTAGTTTTTTGGAAGAAGAATGACAAGAGTCAAACAATGAAAATGATGAAGATGATTATGAGAATGATTATGATGATTACGAAGATAAGGACGAAAGTTTGGATGATTCTTATGATTCTACTGAAGAAAGTCCAGCTGATTTTGAAGAAAGATATTTCTTATGAACTTGAATTCAAAGACAACAACTTTCATATATAGCTACAAAATATTATGAACAAGAGCTTTGAAAAGGTGATGTTGCTTTTGATGATTGTGATTTTGAGGATGAGGATCAAATAAGTGAAGATTTTTTGGATGAAGTGATAAAATGATGTGAATATTGATTGCTGAGGTGAGCTTGATGAAACTTTTATCCTCATG
CP054059.1_gap22	788951	792230	3279	TGGCTATCTGAAAAACTAATTTTGAAACTAATAAGTTGAAAGAAAATCTTGAAGCTTTGTTGAATGCGATAGAAGAGGTGAGACCTTCTTGAGTTAAATGAAAACTGCTTCAAAAAATTACATTAAGCCCTACAATGTGACCAGGTGTTCAAGTAAAATATTAATATATATTTTATCTAAAAAGTAAACTAATTCCTTCCGGGGGATTAGTTTTTTATTTGCAAAAAAAAAATATATTGTTAATATATAAGTAATATGATTTATTTCTTTTTCAGATAGATTAATATGTCTTATATAGATCCCAAAACATTAGAGCAGATAAATAATTTGAAGCAATCTTATAAATACAAAGAAGCCCTTGATTTAGTAAATAAAATTTTAGTAAAAGATCCGAATAATGAAGAAGCTTTGTTGGAGGTAGCAGATATTATGTATATGGAAGGTAACTTAGAGAAGGCAGAAAAACCAATAGATTATATGCTAAATTCTTGAAAAAATACAAGTATGTGATTGTATGTGAAGTGAGTTTTGGAGATGGAAAAAACAAACTGGAATAAAGCTAGAAAATTTTTGAAAGCTTCTTTAAAACTTAATGAAGAAGATAATCCTGAAATATTAAGATGTTATGGTTTGTGTGAGTATTGGGTAGGAAATAGGCAAAAATGACTTACTTTTTTGTTTTCTGCTTTTGAGCAATCTAACCAGCTGGATGCGGAAGTGATCTATAACCTTGTAGAGGTAAATATGTTGGAGCACAATTATCAAGATGTGAAATATTATATAGATCATTTTTATAAAAATCGTGATAAATTAAATTGTTTTGAAAAGGATGTTTCTTATTATGATGAAAAAATCTCTCTTTTTCATTCTTATTTAGAAAATATTATTAAGTAATGATAATCAAAAATTTTTGGAATATAGCTAAATCCTCTATTTTTCAGTTTGTATGAATAACTATATTGATAAGTTTTTTATTGTTTTTTTTGAATGTTTTGGTATGAGTATCTTATAGTGTAAATAGTTTTTGAGAAGATGTGAGAGAAAGATTGGGTATATATTTTTATATAGAGCACCCTGAAAATTTTGATAATCCAAGTAATGTATACTGAAAAATTTCTGATCTTAGATCAAAGTTGGAATGAAATTGACTGGAAGTGGTGTATTATTCCCAAGATGATGCTCTGAGTTTGTTAGAAGACAGAATGCCCGATATTATTGCAAATTTTGAAAGATATTGAATAGAAAATCCTTTACCTCCAACTATGTACGTACTTTTTGAAAATAGAGATGAGTATGAAAAAATGACTGAAATTGTGTGAGAGTATGATAACTTTATTATGAATTTTGAGGATGCTGTCCATTGACAAAGTTTTACCCAACAACAAGAAAGAGTGTCAAATATAATTGATCTTACCAATTTTATAACAATGTTTTCTTATTTTCTAATATCAGTTATAGTTGTTATAATAGTTACATTTTTGATGTTTGTAATTAAGTCAAGTTTTTATGTGTTTTATAATCAAATTCAAATAGAAAAACTTATGTGAGCTTTTTATTGGCAAATAAAAACTCCTTTTCTAATAAATATAGTAATAATGTTATTTTTCGGATTTTTAATGATGTGATTTTATTTTTATTATCTAGTTTCATATATAAATCAGCATTTTTATACTGTTTTTTGAGTTAGTTTTCATGATTATATGTCTTTATCATTAGAAAATGTGCTTTATTTATTTTCAATAGAATTTGGTACTATATTAATTCTAACAGTTTTGGTGGCAAATATTTTCTTGTCAAATTTGATTAAAAAAGTCTAACTTGAGACAATCAAACAATGCTAAAAAGATTCTATAATTTGATTAAATGGAAAACTTTTTGTGTTTTGTGAAGTGTTGACATTGTCTATGCTTATTTTTTAGAGCTTATTTGTAGTTTATACAAGTATGATAATATAGATTTTTAAGTAGGTTCTAATTTGAAGGATAGCTTATGTTAGGTTGGATTAAATAGTTGGGTTGAATTGTTTTTTCAGGTTTAGTTATTTCTTTTGGAGAGACTAGTATGTTATTGTTTTCAAAATTTATATTTAGTTTTTGGTTTTGTAAGTTTATTTTTAAAATATTAATATTTTTTGAGTTCAATCAAAAATCAGTAAATAAGTTTTTTTGCTCTAAATTATCAATAAAGATGTTTTCACTAAAATCATTTTCAAAATCATAGAGTAAAGCTTTTTTCTTTTGTCATATATAAATGATTCATTTTCATGGTAAAAAATTTTTTTCAAACAAGTATTTATAAAGTGTGATTTTATCTATACTAAATAAATTTAAATTATAATTTTTTAAAAAATTTAAAATATTAATAGAAAGGCTTCATATTCTTAAAGCAGTAAATGATCATGGTCAGTTTATGATTGTGATGTTTTTAAAATTATATTTTTCAAAATATTCAAAAAGTATTTTGGGAATTGTTTCTTCTGTTTTTTTGTTTTCAATTATTTTGGTTTCTCAATTAATTTCTAAAATTATTTGAGGCAATGAAATGTTCAAAAAAAGCATATGTTAAAATTATTTTGTAAAAGTTATCATGCAGCAAGGAACTGAATCGCTCTTATAATTGTATAACTGAAAATAACAAGTAATAGTCCAATTAGAGAGTATTTGGCTCATGATTTTCATCTTTCTGCCATTTTTTCATCTCATCAAGCCAAAATAAATAGAAATCAGGATACTACGAGTGTTATAGTTACAAGAACTCATATAAACATAGTTGCTCATGTAATAATATCATTTACAAATCATGTAGGATTTGCCTCTTCTCAGTCTCTAATATTTAAAAGCTCATATGTGTCCATAGAGCACTGTCAGTGAATTAGGCAATCACTATCTAAATTTATTCAGTCCTCTGCTAGTGTATATCATCATATAAAAAAGATTATTAAAAAAGTTTTTATTAGAAATTTAATTAACAAATTTTTAAAAAAATTCATTGTCTATTTTTTAATTTTAAATCTTAAATCAAGTTTAAGAATTTTTTATTTATTTTCAACTACAACTTTAAATTCCTTATTTTGGTTTGATTTTCTGCTTATTTTAGTTATTATTGTTTTTAATTTACTTAATAAAGTACAAAGGTTTTATGATTCCATACTTTGCAATTCCAATTTTTGTATGAGTAACTCTTCAATTAATAAAAATATTGGTGGATTTTTGGAATGATAGAAAGGTTAGTGTTGAAAGTTTATGGAGAGCTTGAGGGCTTCCTTCAGTACATAGTGGT
CP054059.1_gap23	795957	797284	1327	ATGAGATAATGAGTATGAGGTAGTTAAAAAATCTGATTGAAATTATCGAACTAAAGATAATATATCTCATATTCCAGAATGAAACACTTCTAATGATACCTGGTGTTATAACGATAATAAGGATGAATGTGATAAGTATTGAAGATTATATTCTTATAACGCAGCTAAAGAAGCTTGCAAATATATAGGAGATGGTTGGGAGTTGCCTTCTGATAATGATTGGCAGCAATTAGAGATGAAAATGTGATGTGATGAAGAAGAGCTGGGAATGGATGTAATGTGAGAAGTTTGATGTGATATTTCAGAAAATGAAGAAACTAATTGGAGGTGTGAAGACTTGTCTTGGGATAATGAAAATGATGTTTGACTTAATTGAAAGGTTCTGGAGCTTCCAGGTTATCGTATGCCTATGTGAGAAACACATTTTCTGGGTAAAATTTGATATTGGTGGAGTTCTACAACTCAAAAAAATCCTCAAACTTGAGAGGATTTTGTGTGGACTCGTTCTTTAGAAAAAGATAATAATTCTTTTATTCGTAATTTAAAATCCAAAGAATATTGATTGTCTGTTAGGTGTATTAGAAAAACAGACTAATTGGATTGTTTAGAATTTATTATTTAATTTTAATTACAAAATATTAATATATTTAGATATTAGTGTTTTAAAATTAACTATTCTTTATAGAATTTTACTGGACTAAAGAAATGAAAAGCATATACTTCTTGAGAGGAGTTTAGTTCATTTTTTGAATGTTTATTTGCATATTCTCTTATTTCATCAGAAGTTGGCATATATTTTCAATGTCTTCTTGATCGATAATATCAATAATATACTTCTTCAGAAGTGAGTCAACTGTTTACAACTCATGTTAATAAGTCTATGATATTTTTGGGGTCTTGGGTACTTTAGTCTAAAGAAGAAGTAAAATTTTTACATAATTTCATTAGTTGTTTATATTTATTTTGTTTCAATAATCAATAATTAAATCTCCATTCACATTCTTTTAGGTATATATCATAATATTCCTTTTTGATTCAGTTAAATTTAGCCAATCTTCTTTTACAATAGCTTCGAAAACTTTCTATTCAATTTATATGTTGTTTTCATCTAGCAAACTCATTATTACTATGTATAACTCTATAGTGTTTCTTGTATCATAAGTCTACTAATCAATCATAACTTTTCCAGTAGTCTGTGTTTATCTTGCTGTTCTCTAAACTTACTTTATCTCTTATAATTGGTATTAAAGTTTCTGCTGAACAATCAGGAACTATACGCACATAAACTTCTCACTCTCTCTTCAATAGTCATAAAACTTTAATTTTT
CP054059.1_gap24	830512	835221	4709	TATATGAGTAGATGCTCCTATTGTAGATGTTGATTATGTAAATCCTCAAAAAATGGCAGAAGCTAATTTTGAAGAAGAATTATATGATGGTGTAGTGAAATATCCTTTTACACCTTCTCCTGAAGATGATTGAAATATGTTTGTTTTTTGACATACAAGTTATTATCGGTGGAGAGATAATGATTATTGAGAAGTTTTCGCAAGAATACCAAGATTGGATGATGGTGATAAAATAAAAGTCCTTTGGTGATGAAATCTTTATAAGTATGAAGTTGTTACAAAGGCAATAAGACGGCCAGCTGAAGTATGAGATTTTTATGAAGAGCATAGAGATTGAAATTATATAACATTGATGTGATGTTATCCTATTTGATCAAATGCTCAAAGAATCTTGGTTATGGCAAAACAATTAGAAGAAGTAGAAAGTGATGAAATTGTCTTTAAAAATTAAAAATAAAAATGAAGTATTTGTTGCTTATATGCTTATTATTAGTTTCTTTTTCAGTTAGTGCAAATCAGTCTGATAATATAGATAAGGTGGATTGACTTACTGGAGAAGTATCAGATATGAATGTAGATGATCTAATAGAAGAAGAATCTTTTTGAGATACTACAAATCCAATAGAAAGCTTTAGGGAGTCTCAATTTGAAGCTATAGCCCCTTTATTGCAATCAAATTGAAATTGAGCAAGATTGGATACTCAAAAAGCTCAGGATAGATTAAATGAGCTAAATTCTAGTTTTGAGCATGTTATATCTGATATCGAGTCTGTGCAAGCAAGAAAAGATAGAATTCAGTCAAGATATGAAGATATAAGAAATTGAATTATAAATATAATTAGAACTTCAAGAGAAACTAAGCATAATATAAAACAAAGAATTTCGGCGGTAAGAGAACTAACTTATAGGATAAATAAGCTAGAAAAAAGAGTTGATTTTTTAAGGAATGAAATAGGTCAAACTAAAGAAGAATTGGCTTCAAACATATCAGTTTTGTATAGAATTAATAATGATTATTACTGATCTTCTGGGCAAATTGATAGTATAAGACTCTTAGCAAACACTGATAATATAGCATCTAGTCTTTCATCTGAGGATGTTATGAAGTCTATGATGTATCATACAGATGATTTGATGGAGTTGTTGTGAGATAGAAAAAAAGCCTATGAAGAAACGGTTGGTAGATATAATGATTACAGAACAAGATATAGAAAAGAAGTTCAAAATTATAAATGAAAAATAGAAGAATATGAGCAACAAAAAGAAAACCTTAAAAAGATAGTAGATTTTCTACAAGAAGATAGAGAGTATACACAAGAAGAATTTCAAGATCTTGTAGATCAAAAGGAAGCAGTGAAAAATAGAATTTCTCTAATAAAAAATTATGAATCATCTATGAGTAATGAAGCCTTGTCAGTATCTGGTGTTGATTTATCAAAACTTTATGAAAACTCTGAAAGACCAGATGAATGAAATTTTTTCTCTTGGCCTGTGTTGCCAGTAGAAAGATTTTCAGCTTTTTTTGAAGATGATGATTATAAGGAAGTTCATTGAACAGATCATAATGCAATAGATGTGGTTGTTGAACAATGAACAGAAGTTTATGCACCTGCAAACTGAGTTGTTTATAAAGTAGTTAACCAGGATGGTCCGTGATTGAATTGGTTTGTAATGGCCCATAAGCATTGATATATAACTGTATATTTACATATGCAAGATATATTTGTGCAAAAATGAGATTATGTTGATAGATGAGAGTTGATATGACTAACAGGTTGAACTCCATGAACAAGGTGAGCCTGACTTCTAAGTAGTTGACCTCATCTGCATTTTGAAGTTATACAAGATGGTGAGTATATAGATCCTTTGGAAGTTTTGGATCTAAGTGTTGTTAAAGATAGAAGAGCACTTCCTAAGGAATACCAAGTAAAGTATATGGAGGATAGGCTTTCAAGAAGTTATGATATGTCAGGTATTAGTTATGCATCTTGAGACACTGTGGAAGAAAGGAGAAAAGATTATCTTGCAAGAAATGCAATATGACCTTACTCTGATGTTGAGCTTTGGGAGGCAGCATCTCAATGAACAGATGTTGATATAGATTTTGGTATATGTATAGCTGCTGCAGAAAGTGGTCTTTGAAGAAATATGACTACAGAATGGAATGTATGAAATGTATGAAATAATGATAGGTGAGATAGAATTGGTTATGATACTCCAGCTCAATGAGCAAGAATGATATATCTAACACTGGTGAATAGTTTTTTATGACATCATAATACTATAGACAAGCTGTCTAGATGGTGAAATAAAGATTGATCTATATATGCTAGTAGTCCTAAAAATTGGCAAAAAAATGTTTCAAGATGTTTATCAAGTATTAAATGATACTGGGTGCCAGAGGATTACCCTTTTAGGAAAGCAACCCAAATGGATGATATTGCTGCAAGATAACTCATTTTCTTATTGAATTTTTTTGAAATAAAATTATACTGAAAACTAATTTAAAATTATAATTTTTTTATGGTAGATAAAGTTGTATTGTGGGCAGAACAACTTGGAAAAAAATTGGCACAATTTTTTGACTTTTCTTCAGTAAAAAAAGATGAATATCTAGTATATAAGATAAAACCTTTTAAAGAGGCAGAAAATAGTATTACATACTGGGAGTGATTTGTTGATAATTTTGTGTGACTAAAATGAAAAATATATTTTGTGATAGAATGAAACAAAAAGTCTATTCAAAATTATGCTATAGTACCACCAGAACTGCAAGATTTGTTTGAAAGTAGTTTTTATTCTTACTTTGCAGATTCTGAAAGTTTTCAAGTAGATAAGAAAATCCATATAGATAATATTAGGTATATAAATTTTGGTTTTGAAAAATTTTATACAAGACAGGATTTTACAAAAGATTGAGTTTACTTAGACCCTTTGAAAAGTATATATTGAGTTTTTTATAATATTAAAGAAGAAGACTGAAAACTTAATTTAATTTTTGGATATGATTTAAGTGTAAAAGATTGACTTTGTTGAAAAATTAAAAAATTATTTTTAAAAGTATGATTTTTGAATCAACCAGAAGAGCAAGACGAATCAAAAAACAAAGAAAAAATATGATTTTTTATTTGATTAAATCATAACTTTAAAAACTCAGAGCATAAATCACTGAAAAATCTTACTTCTGTACTGGATTCATTAGGAGAATGATGAAAATCAAAAATAACATCAAGGAAGAAAGTATTTAAGCTTGATATAGAACAAATTTCTAATTTTTTTCATTTGCCTTCTAGTAATTATGTTATTAAAAATTTAGACTATTTAGAATTTAGAAAACTTCCTTTTCCGCCCAATGTACCAACTCTAAATAATACAGATAAAAACAATATCACATTACTTTGATACACCGACTATAAAAATGAGTCTTCAAAGTTTGGTATTAAAAATGAAGACAAGTTTAAACATATGTATGTGATTTGAAAAACTTGAATGTGAAAATCTACACTTCTTTCAAATATGATTAGAAGTGATTTTGTTAGTAATAAGTGAACCGCAGTGATAGATCCACACTGAGATTTAGTGGAAACTTTATTGCAGTATGTACCTTCTTGGAGAAGTAATAATGTTGTACTATTTGATGTTACTGACTATGAGTATCCTATAGGTTTTAATATACTTCAATATCAAACAGAAGAAGAAAAAAATTTAGTTGTCAGTGGTATAGTTAGTACATTCAAAAAATTATATTGAGATAGTTGGTGACCTAGACTTGAATATATATTAAGAAATGTTATTTTGTCTTTGGTGGAGTATCCAAATGCTACACTTTTGCACTTGATAAGGATTTTGAAAGATAAAAATTTTCAAGAAGAAGTGTTGGAGTATGTAAATGATCCAATAGTTCTAAAGTTTTGGAGAGAAGAATTTGATAAATGGCAAGATAAATTTAAGGATGAAGCTATAGCTCCAATAGTTAACAAAGTTTGACAGTTCTTATCTTCTCCTATAATAAGAAATATTTTTGGTCAACCTCAAACATCCTTGAATTTTAGAAAAATAATGGATGAATGAAAAATACTGCTTATAAATCTTAGTAAATGAAAAATATGAGAAGATAATGCAAACATGATTGGTTCTTTTATAGTTACGAAGTTTCAAATTGATTCAATGTCTCGTGCTGATCTTGCTTTTGAAGATAGAAATGATTTTTATTTGTATATAGATGAGTTTCAAAATTTTGCTACTGAAAGTTTTGAAAGTATTCTTTCAGAAGCAAGGAAGTATAAACTTTCTTTGGTTGTAGCAAATCAATATATTTCTCAAATAGATGAAAAGATAAAAAATGCTATATTTGGTAATGTAGGTACTATAATTAGCTTTTGACTTGGTTATGATGATAGTAAAATAATATCAGACCAGTTTAAAAATATTATAACTCCTCAAGAAATTATTTCATTACCTAAGTTTAAGGCCTATGCAAAGCTTGCAATTGATTGAGTTACATATGATCCTTTTAGTATGGAAACATTCCCTCTTCCTAAGCCACAACAGTGAGAAGATACAAAACAAAAAATAATAAAACAATCAAGACAAAGATATTGAAAAGAAAAAGAAAAACTTGAAGCATATATTAAACAGTGGTCTGATAAATCTTTTTCTAAAACAGAAAAGGCAGTAGAAAAAGCAAAGAAAATGTCCTCATCACAAAA
CP054059.1_gap25	851549	853104	1555	AATTCAGTATCCTATAAACTTGATGGTTTCAATACACGAATTTAATGAAAAAGATTATGCATATACAAATGTTAGATGATTCAGTGAAATTTATAAAAAAGATGTGCCAGAAGAAGTTTTTTATAAAAAGTTTAGAAATAAAATAGAAAATTTAAAAATAATATATAAATATCCTAATATTAATTTAGAGTTTATGACTATACTTGATAATAAAAATATTATAAACCTAGAAAAAATATATGATTTTTGCTTGAATCAATTTTGAATAACACAGTGGCATTTTTTTAGGCTATATAGTACAAAAATTTCTAAATGAATTTCAAAATGAATGATGTCACTTGCTATAAGAAAATTGTACAATCTTAATAAAAAATATAATGTTGATTATAAAATAGTTGATGCAGTTCCTTTTTGTGTTACTAGAAAAACAGATTTGGCAGAAAAAGTAATTGAATGAGAATTAGCAGATAATCATAATGTAAAATTTATTATTACCAATGAATGAGGTTTTCAATTGATGTCATGATTTGATACTGTTGTTTGAAGTGTATTTGAAGAATCTATTTCAGAACTTTTGAGTAAAGAATTTACTCAAAAGATGCTAAATAATTGATTTCTTCCAAATGAATGTTTGGATTGTGTGTATAAAAATCATTGCAAGGGTGGAAGTAGAATGGAAGCACATATAGCTACCTGAAGCTATGCTGATTTTGATCCTTTATGAAAAATAGCAAATAAAAAATGTCAGATATAAGAATTGTAAATATATGTAATAATAATTGTATATATTGTCTAGAATCTTCTTATAGAAAAAAAAATAAGTATGAATCTTTAGATTATATTTATTTTCAAATAAAAGAAATTTCTAAAAACACAGATTTTCTATGAATTTTTGGATGAAATCCTTTGTTGCATCCAAATCTTTTGAATATCTTAAATTATGCAAGAACTCAAGGCATTAACAATATTTCCATACTTACTAATACTTATAAACTGGATAAAAATTTAATAAGTGATTTAGAAAAAAATTGACTAACTTGAATATGATTTTATTTTAATACTTTTGATAAGTATACTCATGAATTAGTTAGTTGATGAGGAATATGATATGAGGAGTTATTAAAAAATATAAATTTAATTTCAAAATCAGATCTATCTTATAAAGCAATTATTCATATAAATAAACAAAATATCGAAAATTTATATAAGGATGTTTTTATTTTATACAAAAAATTTGGTGTAGAAAGTTTTGAATTTATTTGATTTTTTCCATTTGACAAACCTTATGAAAAAAATAATAGAAATTTACTTTTTCTTGATTATAATAACTACAGAAAAAGCATAAATAAATTGTTTGATGTTTTAGATAAAATTTGAGTAGAAACACATTTTATAAAATTTCCAAGAAGTTTTTTTGGGAACTATTGAAAATATTATGATTATAAATTTTGAGTATATGAGCAATTATGAAAAGAAGATATACAAAGGTTAAAAAAAACAGAACCGTATTGTAAAATAGAAAATAGGTGTAAATTTTGTTTTTTAATAGATTATT
CP054059.1_gap26	854871	857620	2749	ATATGTTGATAATAAAAAACTAGATAGACTTAATTTCTTCGAAAAGATCCAGCATTGTCCTTGCAATTGTGATATTTGTAATGTTTGCGAAATATTCTTTGAAAGCTAAATAACCTAAAAGAATTATATTTATATAAAATATTAGCTAATTATACTTTTAATTTATTTGTAAATATGGAAAATAAAGAATTAATAAAAAAATGGAATAAGTATTATAATAAAAATAAGACTTCTGTTGATTGGGGATTTTATAAACCAGACCAACATGTTGTTGATTTCTTAAATTACTATGATTTCACTTGTAATTTGAAGGCTTTAGATGTGGGTTGCTGACATTGAAAGAATTCTTATGCTTTTTTTGAAAAAGGAATAAATTATTATTGAATAGATTTTGCCAAAGAACCCATAGAATATGCATACAATAATATTTCTAGTGGAAAATTCATATTCTGAGATATTTTAAGTATAAATTTTAACTTAAAATTTGATATCATAGTAGATGCTTGATGTTTTCATGTTAATGAAAAACAAAAATGAAGAAAAATTTTAAAGAAATATAAGGAAATAATTAAAAGTACTGGAAAGATTTTTATAAGAGTTTTTAAGGCAAGAAAAATAATAAACCATCCTTTGTTTTATATCGATTCGGAGTTGCCTGTTTGGGGATACACTTATAATGAGATATATAAAATACTTTCTCAAGATTTCTTTATTGAAAAGAGCATATATGATCCCTTTTATTATAAAGAAGATGAGATTTTGTATTTTTATTTAAGCAAATAAATTTTTATTTGTATTTTCTGTATTCCAATAAATCAATGTCCGAATTAATTAAACAGTATCTATGTAATAAGTCATTAATCTTTTGAACTTCTACTTTAAAACAATCTAATAGATTTTCCTTTTCTTCATTTTGTAATTTTAGGCATAATTAAAAAAATGTGCTACTATTTTAATTGCAATTTTGTGTTGCTATCTTTATAATTAAAATGAGTTAAATTTAAATTATTTATTTGATTTTAATTGATATGCTTGAAATTATTTCTAAGTATAGACAACTATTAGATTTTTTATATTTGTATTTTGATAAAGATGAATTTGTTGTTTTCGACTATAGGTTCTTATTTTTGGAATATTTACCCCCATGTTCTGTAGAAAAATATCATGATATACTTATGGAGTTTTTTGGCCCCAAAAATATAAAAATTTTTTTAGATAGATCAAAGTGATTAGATTTTATAAGAAGCTATGAGTATGAAAATCTTTTGACTAAAGACATATCAGTAGATTTTGTGTTTTTATCAAAAGAAGAAATTTTAAATATTAATAAGTTTGATTTATTCTTTGAAGGTTTTAATTTCTTTGTTGATTATGAATCAATTGAAAAGGAAAATAATTTAATTGTTAAAGATTACTTAAACATTTTTAGTTTAAATACATATGACTTAAGATCTGAATATTATAATCGTTTTTTATGAGAAAAAAAAAGTTCTAGAGAAATTTTAGATGATAAATTAAGGTCATTAAAGAGAATATTATATTTTCAAAATAACATAAAAAATGAAATAAAATATAAGACTCAAGAAAAAAAACTTAGTAATTATTGTATTTTACCTGCAATCTTTAAATTGAAGTCTGAAATAAAGTTACTTAAAAAATATATTCCCTCTCAAAAAGATATTATTAAATATATTTATTTTCAGTGAGATTTAAATTGCAATATCTTTGGTGATTATTACAAATGAAAAATTTGTATAATATGAAATAATAATGATTTATATTTTGATATACTTGTATGATATGATGTTGATAACTTTCACTTTAATCTACTAGAAAAGGCAAAACTGATTATCGTGGAAGAAAGTACATTGCTTACTCATGCTATTTATATGTGTAGAGAAATTTGAAAACCTATAATTTATGGAGCTGAATATTTATATGAGGTGCTTGATGATTGAGATTATGTTGAAATTGATTTTAAACAAAAAATAATTAAGAAAAATTAAAATTTTATTGTAAATTAATATTGTCATGTTTGAAAAGTCAAAAAAAATTGATATTTTAAAAAAAGAGCTTGAAAAAAGAAAATTGAAAAACATGGGGGTTCCCAATTATTTTTCTGGCTCTATTAATGAGATTCCTAAATATTTTCAGTATTTAAATTCACCTTTAATCCTAAGAAGTTGTGTTAATCATGAGGATTGAAAATACTCTTTTTCGGGAGTATTTGAATCTTTTTATCCAATATATACAGAAGTAGAACTGAAAAAATATTTATCAAAAATGTCTATTTTTTGAAATATTAAATTGAAAGAATATGAAAAGCTTAATGAATTAAATAATTTTCATTATTATATTTATCCTATTTTACAGGAATTTATAATATGAGACTTTAGTTTTGTGATTGATACTTTATTTAAAGATAAATATTTAAGGATAGAAGCTGTTCCATGAATAAATGAAAACTTAACTTCTTGAATATCTAGAGAGTCAGTAATTATAAATTATGATAAGCTACAAAAAGAATTTTACATAGAAAAAAATATTAACAATAATGATTATTTTTTAACTATTTTAAATTGAAAAAAACAAAGTAAGTTTTTCTTAGTGCCTTCTTTTGAAATAAATTTTTTTAGATATTATGTTAACAAACTTATAAATGCCTGACTTTTGATTGAATATATATTTAGTGGTAAATCACAGATTATAGAGTGAACTATTAAAAATAAAAAAATATGGGTATTACAAT
CP054059.1_gap27	859178	859814	636	TCTATAAATTCTTCTTTGTTTAAATTTGTTCACATTTTATTATTTATATTTTCATCATGAGAGTGTTGTCATATAAATAACATATCTAATCAATTATTTATTAAGCTATTTATTTTTTCTTTTTTTTTGAATAGTATTATTCAGTTTGTTTGTAGCTCTATTCATCAAAATCCAATTTTTTGAGCCATTTTAATATATTTTTCTATATTTTTATTTAATAGCGGTTCTCATCAAGAAAATGTTAAAACAGTATTTTTTAGGTCTGTCTTATTTTTTTTTGCTTTTAAAATTATATTATTAATGATTTCATCTTTTGTTATATTTTTTTCAAAATTATTTGTTTCTATAATATTGCAAAAATTACATTTTAAATTGCAATAATAAGTAATTCTTATTACTTCATTTAACATATTTTTTATTTGTTTATATAAACCATGTCACTATTATAAAAAAACAATAATATTTTTCAATACATAAGTGATTAATTCTATTGAAAAATTCTATAATATAATTAGTATGCTATGCTAAATAATAAGTGGACCCTTTTTCAAGACCAGTTTATGCATTTATTTAAGGTAGTGACATTTTATTTGTATTAAACATTATAAATAAATGGTGCTCTATTGACAGTGGTAT
CP054059.1_gap28	864295	867845	3550	CAGTAAAATTTATTAAAAAACTAAATCCAAATATATCACATTTTGTTCGAAATGTTATGGATCCTGAAATGATGCCAAAAAAATGAAAAGATAAAAAAGATGAAATATTACCTGACCTGGAAAAGGCTGGTAATAGCTTGGTTCAAATATTTAAATATTTAGAAAGTATATGAAATACTTTTAGGGTTGAAAAAATGCCACTTTGTTTCATACCTTGATATGAGTGGGCTAATACTGAATGTAGAAAGATAGTAAAAGATGAAAAAAGATATGTTCGTTTTTTGGACTTTAGAGAAAAAATTAATGAGTCTTGAAGAGATTTTCAACATTGATTGCTTGATGATTGTAAAAATTGTATATTAAATGAAATATGTTGATGAGTATATGAAAATAAAAAACGATATAATTATATAAATGTGAAACCCAAATGAATTGATTATAAAGGCAATTTAGAAAAGATAATTTTAAAGATAAAATGAAAAACAAAAGGATAGAGATACCGTTGTGATGGAAGTGTAATGAAAGGTGTTTTTTTTGTAGTGAAACAGAGTTGATAGAATATCATAAGTGAAAGTCATTAAGTTTTGAGTATTTTTATAAGTTGCTAATTTCTTATTATAAAGAAGGTTATAATCATTTAACAATAGTATGATGAGAACCAACTATAGAGAAAAACTTTATGAAAGCAATAAAGTTAGCAAAAAAATTATGAATGTGAGTGCAGATATCAACTAACTGATTAAGGTTTGAGGATGAGGTTTTTAGTAAAGAGGCAATGAAGTATATAGACCGAATAACATTATCAGTTCATACAATAGAAGATGATTTATTTAAAAAGATTACACAAACGAATATAGATTGATGGAAAAGTAGGCTTGAAAAGATATTAAAAAATATTTGAAAATATAAAGATAATCATGAAATAAGAATAAATTATGTGTTAACAAATTACAATATAGAGCATTTAAAAATATTAGACACTATAAATTATATAGAGAAAAATTTGCCTAATTACACATCTTTTGTACTAACTTATCCGGATATTACAGTTATAGAATCTGGAGAATTAACAAAAAAAATTAAAGTTAAAAAAGATGATTTATTTTCTTCTTTAGAAATACTTTATGAAAAACTTTCATCTGACCAAACTAGGAAATTGGTATTGGCAGATATGCCATTTTGTTTTGTTCCAGAGGAATTACATGGGAATTTACAAGATAATTTTATGGCATTAGATAGTATATCAAAAATATTTATAAAGGATGAAAAAAAGAAGCATGATAGGAATAAAGTAGACCCTAGGTGAAGATTTAAAGCAAATCAATGTAATAATTGTAAGTATTCTCATACATGTTTTTGATTTCCTAACATATTTGAGTTTTAAAGCATTTTTTTGTAGTTTAGTCAAAATCTGTTTTTAGGGTCTTTGAAAATTAAATAAGATTCGAAAAGACTTTTAGAAATGAATTTTGCATTGTTTGGGTGAGTTTCAATTTTTTCTGGGTGTCAATTATTATAAATTATTTTAAAATTGTAAATATTATTTTTTTTAAACAGTTTTATTGCATTATTTATATTTTTATAAATTACTAATATTTTATGAAATCATAATGGTGTGGTTTCCGATGTTGGTGTTTTAAATTTTTCTGCCAGCTCTTTCCTTCTTATAAAGTTGTGTTTTTGTACAGTTTCTATGGAGCAAAAGTGTATATAATACGTAGGTTTTTCATTTTTTATTATGTCATGTATTAGCTTTAAAGAAGTTAGTTTACTTCATAATATAGGATATTCTTTTTTAGAAATTCAATAATACTTTTCTACTAGTTCACCTTTTTGTAAGTCTATTTTGTAATTTAATTTATTATAAATAGTGTTGTGATGTCAGTTATATGTCATTTCATTTAGATTAAATCAATTTATTGCATTTTGATCCGATAGTTCTTTCATAATTTTATACATATATTCATAAGTATCAGGTTGTACTGGCATTTCTATAAGTACTGAGGGGATATATTTTTTTGAAAGTTTGTATAGTTCTGTTTTTGGTTTTTCATAGGGTTTTATGCTGTATCTAAGTTCTGATACTCATTTGTCTTTTAATTTTTTTAATATTTCTTCATCAATAAAATCTCAAGTAGTATAGATTCTTTTTATAACTCAGCTGTATTTTTCATTTACATAATCTAGAATTTTGAATACTGTTTTTTTGTGTAAAAATGGTTCTCATCATGTGATTGCTAGGGTTTTGTTGTTTTTGTTTGTGCTGAATGTGTCGTCTATGATTCTTAGACTTTTGTTGTAATCTTTTTGATTTGTGGCTGCGTTAAAACTATTTTCTGGGCATAAAGGATTTTTTTCATAACAAAAAAAACAGCTTCTATTACATAAATAGCTAATTACAATTGTGCATCATTGTCATTTTATGCATTCAGAACATCATATAGATCTTCACCCATAAAATAATCAGTCTCAAATTCCTGTGAAAGAAACTCATTCTAATGATCTTAAATTTTGTTTTATAAAATCTAAATTTTCCTTAGATTCTTTTTTTAATTCAATATCTCAAAATTCTTTAATTCTGTTTTGTATGAATTTTTCTCTAATTTTTTCTATATTTTTTAGTTCTTTGTTCATAAAAAATTAGTACAGCTTAAAATTATAATAATGATATTTAATTTATTTTTTATTTCAAGTTTTGTTTTTTATAAATTTATTTAGGTAAAAAAGATTTTTTTTAATTATTTTATTTTCTTGTTTTGATGTGTTGAGTAAATTATATAAGCATTTGTTGAAGTTCATTTCATTTACTTGTTTTTTGTGTCAGATTTTAATTATTATGTTTCCTTTATAATTTATTAATTTTTCTCATTGTTGAAATTCAATTTCATAGTATATATAATCTATGTTTTTATTTAGAAGGTAAAAGTTTATGTTTGTCAATATTGTCGAAAAATTTTTATATGTTAGAAAGTATCATAATGAATGTTCTAGTATGTCTCTATCAAATGCTGATTTTATTTTAATAGGTTTCCTATTTAAGATTAGATTTAAATATATTTCATCATTGAAATAAAATATGTTTTCTTTATCAATTATTTGATTTAATAAATCTAATTCATAAGATACGGGTTTTTCTATTATTATTTTTGAATTTTTAATATTTGTACTAAGTATAAATTTTAATACTTTGGTTTGTTCTGCAGTGGGACTTATGGCAATTATAATAATATCAAATTTTTCAAAAAATTTTATGTTTTTTATCTTATCAAATTTGAAAATATTAGTTCAATTGAATTTGTTTTTTTTATCTACTCATGATCTATTGCATAAGCTAATCCTGTATCATAGCGACTTGAAATATTGGTAATATTTGAGTCCTTGTTTTCATGTTCACAATATTAAAACATTCATTTTATTTTTTGTAATTTACTTAAATTAGCTTTTGATTCACTCTTTTCTATTTTTTGCAATTTGTAATAATTCTTTTGGGCTCAAAAATATTAATCAGTAAAATCATATATTTTTTTCTTCTCAATTGTAATATAAGTAC
CP054059.1_gap29	901651	902164	513	AACTAATTTTAGCAGAAGTTTGTGCATGATAAATATTTAATTTCTGGATTTGTTGAGTTGCTTTTTAAAGTTTGATTTTTTTATTTGAATTTTTTTGTGATTGACAATGTCTCAGAAAAGATTATACTTTGTTTTTAAGATAATAATTCTTTTATGAAAAATATATCAAACATAGAATCTATCCAAATTGAATTTTTACAAGAGAAGTTTTGATTACCTTCTGGAGTGTGAGTAGATTTTGACTACTTGAGAAAAGTATATCAAGAAATAATAGATAGAAACCGCAATCCTGTGGTAATTACATCAAATCATGGTGATATAATTTTTATTAATAGTTGGCTTAAAGATTATATTGGATGACAAATATCTGATGTGTTGACTATTTCTGATATACAGAATCCCGAAAATCTTAGAAAAGATATAATAAAAAATAAAGACAACGAACAAATCTGAATAAGATGTAAGAAAAGGTAGCGTTGTTAAAAAATTATCAGTAATAGAACTTTTCAATAA
CP054059.1_gap30	906140	908273	2133	ACAATCGTAATGAATTATACAATTTTGATTTTGCATCTCTTCCAAAGAAAAATTTTGTAGTAAAACCCAACAAATGAAGTAAATGAAGGTGAATTTTTGTAACAAAGCTTTTGGAAGATTTGCCAGAATGATATTCTGTTCAGCAAAATACAAAATGTTTTTTTGAAAAATACTTGGGGATCAAAAAATCTAGTGATTACAATTATTATTATAAAACAGGAGGTGAAGTTGTAAATGATGATGTGTATAGAAGATATCTTGTAGACATATTGGATGGTAAGCATTCTATGACACTTTGAGGAGACAAAATTCTTATAGAAGAAAAACTATCTCCTGGAGATAATTTCAAAAGGTTTTGTCAGTATTGACTAGCTGATATAAGAGTGATAGTATTCAACCTTATACCAGTTGCTGCAATGGTTAGAGTGCCAACGATAGAATCTTGATGAAAAGCTAATCTTGCACAGTGATGAATATGATTTTGAGTAGAAGTAGGTTCTGGGAAAATCAAATCTATGTACTACAAATGACAAATTTTCAAGAAAAAATTTCCTTGAGCTTTTGAAGATTTTCAAAACAAAAAATTGCCATTTTGGAATGATATATTATTATATAGTTCAAAAATTCAGTATTTTGTAAATCTTGGTTATCTTGCTCTTGATTGGGTAGCAGTCAAGGACCAACCAAAACTTTTGGAAGTAAATGCTAAAGCTGGTTTGGAAGTACAAACAGCCAGTGTCTTGTGACTTAGAAAAAGGCTTGAAAAAATTTCTGATGTTAGTGTAAATAGCCCAGAAAAATGAGTAGAAATATCTAAAAGTCTTTTTAACTCTTCAAGATGAAATCTTGTGGCAATGTGAAAAGTTTTGTATTTGAGTCAAAAAGCTAATATTATCTTGGAGTCAGAAGAATGAGACCAACAAATACCTGTAGTGGTAAGAGTAGATATTAAAAAAGAGAAAAATTATATATCATCCAATCTTTATGAAACTGTCCAAGAACATAATCTTTGAGATACGGTTTTGGATATATATGAAAGCGAGATTAGGTTAAAAAACCCAGTTTTTCAGTGTTCGGATAAACTCAAAAAAAATGAGATAGTTTTGTGACATCCTTCTGTAAGTGAATTTTATATCAAACCAATTCACAATGTTATTGATGAAATAAATATTATTAGCGACAAAAACATACTAGATGAAGAGAAAGAATATTTGTATACTATAGATCAACAACTCAAAAAAATTCAATCAAAATTGAATATTACAAAACTGCTAAAACCAATAAATTATTTGGATGAGCTTGACAATTTTATTACTTGGAATTGAAATTATAATCCAAAATTTGTATACGATTGGCCAAGTACTGATAGATTGCAAGAAATAGAAGATTGGTTAAAAAAACTAAAGGAAAATTATTTCAATGAAAACTTTTGATTGAAAAGTAATTTTGCTTGATTGTTCGAAGAAAAAATAAACGAGCTTGAAATTGTTTTGAATCTTATAAATTCTTATAAAAGAGAAAAGTATTCTGATATACTCAAATATAATGAAATGCTATACTGAAAAATGGAGGATGAAATACTTCAACTTTCCAAACAAAAAATATTTATGGATGAGCCATCAGACGATGAAGTTTTATGAGAGTATCTAACTTTCTCTCAAACAAAAAAAATAATAAAAAAATATCTAGATGAAAGATGAATTACTGGAGTAAGAATACAAGTTGATCCTTCTTCTTATGCTAGAATTTCAATTGTTAGATGAAAAAAAATTACCATAAAACTTTCTGGGCATGCCAAATTTAGGCAAAAAGAGATATACTCAACACTTGCTCATGAGATTGATGTTCATCTTAGAAGATATCTTAACTGACTAAAAACTTGATGGAATATTCTTGCCAATTGAACTTGATTTTATATAAAAGATGAAGAATGACTTGCTGTATATAAAAGTATAGAAAATTTACCTGAAGATTATTTTAAAGTTTGAATATACAAAAAGTATTATCTTCTGAATCAAGCTCAGAAACATTCATTTTCTAGACTTGTAGATATGATTAGATGATTGGAAAATAGAACTTTGAATTGAGCATTCAAAACTGCATTGAGAGCAAAAAAATGAGTTCAAAATACTT
CP054059.1_gap31	923165	926676	3511	AAAATATAAATCTTCAGTTGTACAATCAACCAATTGATCTAATAATAGAAGAATATCTTTTTGAAAACTATGAAGATATAAGACCAATACAGTTTTTGAATATTGTGAATATGGTAAAACAGTGAGTGGAAATATCTAATAATAAAGATATAGAAAAAAGTACTCCCAAGGTGGTATATGAAGCAAATGTAATAATGAATATTGTCCAAGCATATTTTTTGGAAGATTTGTTTAGTGTAAGTTTCATCAATGAATTCAAGAAAAATAAGCTTATCAGAAAAGCATGGAACATTTATCAGGATTATAAATCAAAAAAGGATAGCTTAGAACCATGAGATGAATACGAACTTATTAACTATCGAGCAGAAGAGTTGTGATTATCTTGATATTTTAGTTTGATTGATGAAGAAGAGTTTAGTAGTAATGATTTTGAAGTTACAGACAAGAAAGATGAAGAACCAATAGAGTATGAAAATGTTGATAATTTCAAAAGTGATTATTTTGATATCATCAAAGACTATAAAGATAAATGAAAAATTGATGAATCTGAGATAAATATGGCTATTGTGATGTATTGTGTATGAGCAATACAATATTTGGAAAATTTAGATTTTGAAAAAATCAAAGAAATTGCATTTGAGATATGAATGAAGTGAGCTGGTGGAATATCTTATTGAGATGATACTCAGTATGAACTAAAATCAATTCCTTGAAAAAAGTTTACCTGATATCAGCTGTTGGCATATATGTATGTTTCTTGGAAAATCATAGAGCCAACTATGGATGTTGGATTGGATTATTCTCAAGAGTATGAGTTAGCAAAAAAGATATTATGAAAAGCTTAAAAAAAATTGACAATATTTTTTCAAAGATTAAAATTAGCTTAATTTTACCTCAAATTGAAATGAAATGGTAGATGAGTCAAAAAAACTATACAAAATTAATGGTGAAGAAATACAATGAGTTGATACAAAGTTTGGAAATGCGTGAGAATTATCCTCAGAAAAAGCAAAGATTAGATGAGTTATTAAGTGGATAATAGATAGAGCTTATGAAAAATGATTTTCAAAAGATTGGATTCAAGAGGCTCTTGATAATTATATAAATTATGGATCTTGAAAAAATAAAGAAAAAAATGAAAATACATATAGAGAAATCAAGGTGTCTATATATAACAACTTGGAAAATAATAAAAATAATTTAAAAAAGTTTTTTAGAGGTGAGAATAATACAAAAAAATTATGAATTCGAAGTGTAATAATAGATTGAGAAGAACTGTTAAATTCTTCTATACTAGATAAATTAAATATAGTTATTTTTGAGCTATCAAATAGTAGTAGAAAAAATGCTAAGACACTATATAATACAAGGAAAAACGAGAATAATGAGGTTTTAAATTTCTTTGCATGGGATGATAAATTTTGAAAAAATACTAAAGAATGAGATTTAGTATTTTTTGTTAATAAATCTGCAAAAGAAGAAAATGATGAGTTTTCTATTCTGGTAACAAGAATATATGATAGATGATATGAACTAAAAAATAAAAATAATGACCAGAATCAAAAATTTTACTATTTAGAAAAAGATGGAAATCAAAAAAAATTATATTATATATGAAATGAAGAAGATGCTCCTGAATGAGTTGATAATAGTAATAATTTATCAAAATGGGAATGGTCAGAAAATAATCAAAAAACTTTTGTTGTTTTTGAAGTTTTATATGAAATCAGAAATATTACTGATTGGAGCTGATATAGAAACTTAGGTGCTGCTCAGTTTACTTATATAAAAAGTCTATATGATGATAGACTTCAATTTATTATAGAGACATTAAGAAATAATTTATCTGAAAATTTAAAAGATAAAAATTTTTTAAACGTTTATATTAACTCTTTAGATGTTCCTTTATGAGATGTTGATATTTATTATGAAGATAGTAATGATAATAAGTCTATAAATATTTGGTGAAGATTCTTTGATAAGGTTAATAAAGATAAAACTTCAACAATTATTTTTGATGTTATAAATCGATATAACATTTGATTTGAATCAGATATTAGTTATAGAAAACAATTATTATTATGATTGATTATATCATTCAATAAAGATTATGAGGATTTTATTAAACTATTACTAGCAGATATATACATTAGATATCTTAGAGGAAAGTCAGTATGACAGAAATATCCTTGAAATTTTAACTTTAATTGATGATGTATAAATATAAATTGATTTAAAGAATTATTAACTTTAAATATTAAAGAAAAATTATGAGAAAACGACTTATCATTACATGACAATGAAAATGAAAATTATTATACTATAGAAAAAAATGAAGAAAATAAAGAAATTGTTCAAATATTTGAATCCGATGATATAACAGAAGGTTTTAAAAGTTTTCTTGATTCAATATCAATAAAATTTGATTATATATATCTTGCTAAATCTTACCAACAAATTAAGAATATTGTTGAAAAATATAAAACTTGAGAAAACAAAGAAGAGGATCAGAAATCATTTAGTGTATGAATTATCTGAAAATGGTGAGAATGAAAAACGAAACTTGTAAGTCTTTTGAAAGAGTATTATTTAGAAAATGAGAATTATAGTGTCTATGAGGTAGATGTATGGAAATGATACTCCATAAACTGAGTAGAAACAGAAAAAAAGTGATTTATAAAATATATTTACAGAAAGTTAATAGAAAAAGAATTATGATATGAAGAATATAAATATTGAAAATCCATAACTGATAAAATAAAAAACTCTTATATTTGAATATTGATAACATTTTTAACTAAAACTATATTCTTTTTATTTTTCTTCATAATTGAGAGTTTTTTAAAAACTTTTTATAATAAAACTTATTTTGGTAACTATTATACTTCTTCATCATTAAAACAATTAAATTTGAAATACTATTATGATAAGTTGTACAATAATATCTTCTTGTATCAAAGATTTTCTTATGCGAAGTTTTTCTTTATATTTTATGTTTTTGGTTTGATATTTTTCATTTTCACTTATAATTTAGAATGTCTTATATACTTTGAGTGTCTAGAAAAAGAATCTTTAGAACAGGCTGAATATATTCCTGAGTATATAAAAGAAAATGAGTATATAATTACTTTTTTATTATTAATTCCTTTTTTTATTTTGTTTTTGTATAAGTATTGATTTAAGACTAATATTTATGACAAGCAAATACAGGATTCTAATTTGGCAGATAAATTTGGTAATGAATTATTTAATATTATTTGAGATAACAATAAAAAAATAATAATTCTTGAAAATATTGATAGACTAAATCCAGATCAAATAATTGATGTGATAGATCTCACAAAAACAGTTTTGGACTTCCCAGATACTGTATATATAATTCCAATAGATCCAAATTTAGTTAAATGTTGACTAGAAAATAAGTATAAGGACTTCAACGGACAATCAAAAGAAGCATTTAATCCAGATTTATATTTGGATAAAATAATACAATTCCCCTACTATTTAGTTA
CP054059.1_gap32	976865	979431	2566	TGAAGATAATAAATTTGATGATTTTATCCAGTATCTTGAATTTATCAGACAAATAGCAGTTGCTCAAACCAAAAATGAAGAGATACCTGATGAAGACTTTGAAAAACTAAGACTTTATCACAAAGAATTGAGAGAGATTTTGGTCCCAAATAAGTATATATGACAACCACTCCAAAAAGAGGAAAGAGGTTCTCTGGTGGCAGATATTTTTACTTCAGGAGATTTTGGTGCTTTGTACAATGCTATATGAAGACCACAATTGATAATGGTAATGATAGAGGATGTCAACTGACCTAGGATAGCTGTTGGTCCTGTTTATACTCCTTATGAGTTTTATTGAGAAGAAGTTGTTGGAGAACATGTAGATGTTTCTGGTAGATTAACTGATGAAAACTGGCAGAATGCTTATGATGAGCTTTCTGATGAACAAAAAGACAACTTAAGAGCATTGCCTTTTCAGAATCTATATGAAAAAATAAATAAATGAGAATAACCAGTATTGTGTTTTGATTTTTGTTTTCAGTTATAGTTTTTTTTGTATTGTTTTATGGGTTTGATTCAGAAACTACAAACAACAATGGTTTGTATTCCAGCTCAGAAGATATGGTTGTACAGGAATTTGCAGTTATTCCTCATTTTATGATACAACCTCAAACTGTGTATAATTATTATGACAAACTAAATCACAAATATGCTTTGGATGAGGTTGATGATCTAAATATAGTCTTGATATCTCCAAATCATTTTGGTTTGGGTGAAAATAATTATATATCATTTTATGAAAATCCTAAAACTGATTCCTTGTGTTATGATAAATGGTGTATAAATAATACAAAATCTCTGGTTGATCAAGAGTTAATATATGATTGAACCTGAGCAGAATCTATTTTTGAATCTGACTACCTTTTTAGGTATAAAAATTGAAAATATACCACCAAAGAGCATTGAATTTGAGAACATTTTCCTTACATCAAAAGTTTTTTTGACAGCCCAGATATTTATCCTTTGGTAGTGTCTCCAAATGATTTTAGAAGGGTAGATGATGTGATAGAGTTGCTAAAAAATAAATTTGCAGACAAAAACACATTGTATATATCTTCTGTTGATTTTTCTCATTATCTCCCAGAAAACTTTGCTTATATGCACGATAAAACAAGTTTGTATACTCTAAAAAATTCTTTGGATATCAAAGATTATCAACAACTTGAAGTAGATTGCCAAAACTGTTTGTATATACTAAACAAATTGGCTAAGCACAACCAAAAATATCCAACTTTGGATTATAGAGACAGTAGCAGTTTGATTCAAGGCAAAGAGCTTGGGTATGATAATACTTCTAGACTTTTTATATCTTATGATTCTACAAAACCAGAAAACAACTGACTTACTATAGCCTTTTATGGTGATTTGATTTATGACAGGGGAGTGAGTTATTATTTGGATAATGAAAAAAAGTTTTATGATTTTTTCTCAAGGTATTTTAGTTTGGGAGATACAGGTCAGGACTTGGATTATTATCATCACAGAAAACTTTTTGGTTTTGATTTTGTTGGTTTGAATTTGGAAACACCAGTAGTTTCAGATTCTTCTGTTTGTCAGTCAACAGACAAAGAAGTTGCTTTTTGTTCATCAAAAAAGTTTCTGCCTTGGTTGAAAAATTTGTGATTCAATATACTTAGTTTGGCGAACAATCATAGTATAGATGGAGGTGTACAGGCACATTTGGATACTATCCAAAACCTTGAAGAAGAATGATTTGATTATTTTGGTTATATTAGACATTGAAACCTTTTTGAGAATAATTATGTGTATACAGGTACCAAGAGATGAATTGATTATGCTTGGCATAGTTATGATTTTACTGTAACTCCAAATATGATTGAAAATTACTGTGAAATTCTTGGTGAGTATGAGCCAAGTTATGAAAACTTTGTAAGTGTCCATTGGTGAATAGAATACCAACAAGAACATAATGCAAGACAAGAAAGTATAGCTCACAAATTGATTGATTGCGGAGCTGATTTGATAATAGGTCATCATCCTCATGTAAGTCAGTGAATACAACGGTATGATGACAAGCCAATAATTTATAGTTTGTGAAATTTTTTGTTTGATCAAGGATTTTCTGAAGAAACCAAAAAATGAAAGGAGGTTCTGATAGATTACAATTTGGATGGTGAAATCAATGTTTTTACCTGAACAATAGATGCATATCCGGCTTAGAAAGTAGCTTGATTTTCTGTAAAAAATTTATAAAAATATTTTGTTTGATTCCTATTTTATGAATATGTTTAAAAAAATTTTGAATTTTATTTTTGTAGAAAATAAGTTTACCGTAGTTATTAGATTAATATTGTTGCTTGCTATTGCAGGATGAATATACGAACAAAACTGGATGGCAGTTTTTGTAAGCACATTAGCATTTTTCCTAACTTATTTTCATTTATTTTTTGCAAAATATGATATTAAGATACCCAAAGAATTTCAAATTTTGATTGTTGTTTTTGTTTTTGCATCATTGTTTTTGTGAGAAGTCCACAGTTATTATGAAAGATTTGGTTGGTGG
CP054059.1_gap33	983865	985315	1450	ATATTTTGATTCTTTAGAAATAGAAAAAATATCAGAGTTTGAAAAACTAATATATGAAAAGCTTGATAGTAGCTATAAATTTTTATCGGATAGTATAATCGAAGAAAAAAACTTATCTGAAGAAATAGAAAATCAGATTAAAAGTTTATTGGATGAAGTTGCAGAAGAAATAAAATAATTATTAATTAGATTTATGGAAAAGCCTTTGAGTACAAGTAGACGAACTCAGAGGCTTTTTTAGTTTAAAAAATTAATTATATTTCAAAATTACACTCATTAAGATGTAATTAAATAACTATATTTTAAAAATGATTGCTTAATGTCAATAGTAATAAAAAATTGGTTAGCTTGAGCTAAAGCTTTAACATATTAATTTATATATTCTCAATAGAAGTAAGATAAATATATTTGATAATTATTTTGAAGTTAATTGAAATTTATGTATTCCCGGGATAGAAATATCTGCCGTAGTAAACACTGAGCCAGTGCATATACTGATACATTAAATCCAAAAATTAATGTTATTTAACATAAAATTATTTTTTCTCTAGGATTGAGTCAATGTTTCAATATATAATTTATTCAATAGGTATCTAATAAATTAATAAATTTAATCTAAAAACCAACAGACTCTAAAAGTTATACATAGCCCCAAGAATATAGTCTAACATGATTTTTTTGTTAAAAATATATTTTTTTCTCTGTTTTAATTAATTTTTCAGATATTGGCACTTGTAATACAGCTTAGATTTGAATGGTAAATAACTTAAATCTCACTTAATAGTATTTGTATAATTATATCAATCTTCTAATTTATCTTATTTTATAAAATTTATCCTCTTATCTGACTCAATAATTTTAGATAGCATAATTTTAAGAGCTATATGTAACAAGTTAAAAGTACGTATATCTTTTACATGAATGTAGTTTTTTATTTTTTTTATAACAATCATTTATCATTAAATATAGTTAATAATTTATTAATTATTTATTAAATTTAGAGTTTGAATTAAATGAATGAAAATATAGAATAATTATTACTTTTGAAGTAAATTTCTAAAAAAATAAACTTTATAAAACATGTATAATTGTATTTATTTTCATGTCAATACCTTATAAATAAATTCAACTTCAACCACACTGGTTCAAACTCACAACTCACTCTTAATAGTCGAAAATTCTTCAAATTTAATAATCCAGCTTACAGTGTAAGGTTTTTACTAAAATAAAAAACTCTCAAGAATTTGGAGTTTTATCAAAAAAATATAATGGAGTATTCAAAAATTTAGAATATTTATATAGTTTTTTAGGTAGAATTAATTTTAATGGGGTGGCCGACGGGACTTGAACCCGCAACAGCCAGGACCACAACCTGGTGCTCTGCCAATTGAGCTACGGCCACCATTTAAAATGTAAGGTACAGTATAATTATTTAAATTCAAAATTCAAC
CP054059.1_gap34	992036	992659	623	ACAACAATTGATTTTATCCGAAAAGCTTATAAAAATATTGGGAATGACCCAAGAACTAATTTTGCTCACCAAAAAGCCCAACAACCAATCACTATAGAACAACTCAAAGAATGAGATATGCTACAAGGTATAGTAAGAAATGTAGTAGCTTTTGGAGCTTTTGTGGATGTTGGATTAAAGAATGACTGATTAGTGCATATTTCTGAACTTGCCAATGAATTTGTATCCAACCCTATGGATATAGTAAAAGTTGGTGATACTGTAGATGTCAAAGTAATATGAATAGATGAAGAAAATGGTAAAGTCCAGCTAAGTATGAAAGATAGCTAAAAAACAAAAAAGATGCTAAATTATTAATAAAGCATCTTTTTTTTATTAAATATAAGTTTTGAAATCACAGAAATTTACAAAACAAACTATATCTCCTCTACTCCCATATAAGGCTGCAATACTTTTGGTACCTTTATTTTCATATCTTTTGTTTGAAAGTTTTCTACTATTGCAATAAGTGGTCTCATAGAAATAACAGTACCATTCAAAGTATGTAGATAATCTTTTTCTTTGTGTTCTTTGTATTTGATATTTGCTCTTCTTGCCTGAAAATCAGTACAGTTAGAACAAGA
CP054059.1_gap35	999342	1000558	1216	GCCATACTCAAGAAGATCTTTAGTTTTCTCTTTTCTTTCTTCTCATTCATAAGAATCCAACTCATCAATTTTATCAATATACTCTTCATAATCAGATCTTAGGCTCTCCCACTGCCTTTCTGATCTATCTTTCAATGAAGATTTTCTTGCCGAAAGATTTGTTTCAAAATGATTGTTTTTATTTTTATTTGCATCTGATACTCACAAAATCTCATCAGTAAAATCCAAAAAATTTCTTGAAAGATTTCTAGAGTTTCTCAAAGCAGACTCAGCACCATCATATATACTTTTCTCTTCTTGTTCCAATTGAGAAGATTTATTTTCCAAGTTTAATTTTGCCATATCCAACTGTAGTTGAGCATTTTCCTTTTGTGTATTGGCTATATTTTGCTGTGTTTGGGAAAGTTGTTCAACATTTACAACCGAACTTCAAGCGTGCTCCAACTGTCTTTGAATTATGTTTATATTTTCTTCTGCTTGTTGAACTTGAGATCTAGTAGCCTCTATTTGTTGTTCAAACATATTTTCAGTATTCTGCTGAAGATTTTCCATGGTTTGTATAGTATTTTCTATACCATCATAAGCTATAGAAGCATAGTTTGTATCAATATTTGCTATTGGCTGTCCTTGTCTTACAAAATCACCCTCTTCATAATTTAAATTCACTATAAATCATTCTACTTTTGGCTGTAATGTTGTTTGTCTATCAGGCTGTACTACACCTACATAAGACTCTTCACTCATTAATGCTCAAGTAGATACCTCATATTCACTTTGATATGTTTTTGGTTTTGAAGAAGTCTCTTCTACACCACATCAGTATATTGTAGATATTAGTATAAACATTCATAACATTAAAAACTTTTTCATCCAGATAATATTATATTATAAATTATTTTGAAAATAAATATTTTTTTCTAATCTTCTAGAAAAAATATTAAAAAAACAAAAAAAGCAAATACAAATTAATCATTATTAATTTTTTATCAACATATTTATAGAATAAAAAATGGGTTCTAGAAAAACTCCAGAACCCAGTCAAAATCATGAGGAAAAACCTCTAAGCTTTCTTAATTCATCCCAGCTAATATATTCTATCCATTGAACTCCAAAACCCTGAACACCCAACAAAATTGGATATTCTTCAAAATTTGGGGAAGAATCTCCTAGATCAACAGCAAAAACTGCTATATCTCTAATTATACTATCTGGAAAG
CP054059.1_gap36	1032174	1033335	1161	TCAAGTAATACAAAAATCACATCATATAGGGCATCATTTTTGTGTAGAAACACATAGTGTTATTCTATTTAGTTTTTTTTGGTCTCAATTATAATGATAGTGATATAAAATCACAGTTTCGATTATATTGTTGTCTTTTGTGGTAAATGAAATTTTTGTGCTTTCTTCTCAATCAATTTGTTCTTTTAGAGTTAGTGAACTAATATAAAAACTGTTATTTAATTGTTCTCTTAACTCCTTGGATAGGGTCGTCATATCCTCAAAATTTATATTGCTGTTTTTGAATATTTCTTGCTTGATTTGTTTTATTCTAAAAGGTTGTAGCTTTTTTGTTTTTCTAAAATTTTCCAACTGTTCCAAATTGAGTATCCACTCCATTAAAAATCTTTATTTTTCTAAAATTATTATGTGGTTTTCCAAGTTTATACTACTTGAAATCTTGTATTATATTTTGATAATCATTGTATGCTTGTTTATTGTTTTTTAGTAATTTTTTAAAATTGTTTATAGCATAAATTACTGTTGCATGATTTTTTCAACCAAAATAATCTCATATTTTTTCAAGTGTCCATCAAAAATGTTCTTTTGCAATATACATAAGCATTTGTCTTGCCATACTAACTTCTTTTTTTCTACTTTCTCATTTTATATCAAATATTCATATATCATAATAATTTGATACATATTCTACTATTTTTCAAAAGCTTTTGGTGTTTTTGGTATTTTTGTTTTCTGCATTTATTATGTTTACTTGTTGTTGCTCTGATTTGTCTATATTGTATCACAATGTTTGTAATGCTTCAAATATATCTTTTTCTCATATCTCTTGTTCTAACAAATTTTTTCTTGTCATTATTAAGTTTATTGCTCATTCAATTTCTCTAATATTGTCTTGTATGTTTTTTGCAAGAGTTTCACAAAGGCTTTGATCAAGTTGTTCTCATTTTTCCCTAAGCTTAGAATGTATTATAGCCAGTCTAGTTTCAAAGTCAGGTTTTTTAACATCTGTCACAAGTCAAAGTGCAAATCTGCTTTTCAATCTTGCTTCCAGCAGATCAAGTTCTTTTGGTGGACGGTCAGAAGATATTATGATCTGTTTTTGATTTATATGAAAATCATTAAATATATTATGGAAAATTTCTTGAGTTTTTTCTTTGTTTG
CP054059.1_gap37	1062487	1067082	4595	ATATGTAATTGCAAGATATATTCCTGAATTATGATTTAGTATCGAGCCTAAATCTGCTATTACTCTTGAATTGATATTTGCTCTTTGAGCTACATTCTGGGTGTTTGATGAAGTTATAAAAAGGTTATTGAAGGCATTAGTGTTTCCATTGATGTTGTTGATGTCTTGATTAATGAGTATTATAATTAATATTTGAATATTTTATCTTTATGCATATACTGTAAATGATATTTTACCATTAGAAATAGAGATAGTCTTGTGAACATTTTTGCAAGTTGTAATATTATCAATTGTAGTAAGTATTGCTAATTTATTACTTAAAAAATTATAATGAAATATGTATATTTGGTACTAATGATTGTTTTATCAGTTTTGCTGTTGATTTTGTATTTTCAAAATTTATGAGAAAGAGGAAGTTTTGATTTTTTGCATATGGATATATGAACTAACTTGTTGATGACATATCTTTTTATCTTGTCTTGAGCTTGCTGAGCTTTGTTAGTTTTGACTATAAATGCATTTTTTGGATCTTGATATGATAATGATGAGTTTGACATATAATTTGACAAGAAAACAAGCATCTAAAAAATTAGATGTATCTACAAGAACAATAGATAGATATATTAGAAGATGAACTATTTCTTACAAAAAACATGCAAATAAGATATATCTGTCTGAAGATGAGATAGAAACTCTCAAATCTCAACTTTTTGGTGTAAAACAAAATGAAAGTTTATCAATAGTTAAAAATACCTCTTGGGAGCAATGAGAGGTGTCTCAACAAAATTCAGCAGACTGATTAAAAGAAATGGTAGAGGTATTACAAGAAAAAGATAAGCAAATAGAAGCCAAAAATGCCATGATATTCAATATGCAAAAAACTATTACAGAACTTGAAAGTAAGTTAGCTAATACAGTAGCTTTGCCTGACTATAATCAAGAAAAAGAACAACATCAAATAGAAAAAGAAAAAATAAATTTAAAAAACAAACAAATAAGCCAAGAGCTTGAAAAAGAAAAAATTAAAAACTTGATCAATCTTGCTATATTAGTATTTTTTGTGGTAAGTATATTTATTTATGCATTTTTATAATTTAAATTTCTATGGATTACAAAGTTTTTTGATGTAGATTAAATAAATATTATGCAAATCAATGGTTAAACTATTTTTATGAACAAAATATTTACGATAGAAATTATTTTTTGTTGGTTTCATGTCAGGTTACTGATAAAGCAAAAACAAAATGGATAAAAGAAGCTAAATCACAAATTAAAAAATGAAAAATAGTATATTTAGCATGATGTGGTAGTATCGATAAATGAAATATAATTGATGAAAAAAAACTGTTAGATCAGTTTCCAGAATTAAAAGATTATTTTTACAATATTAGGCTTTTGCCTGAGTCTCCTAAATGAAATTTTGATACTATTAAATGATATGAAAAAAGTATATATACTAGGAAAAATATACTTATACAAAATGGTTGTGATACCAACTGTACTTTTTGTATAACAGCAAAAAAAGATGAAAAAGTAGAAATAGAAATAAAAAAGAGATAATAGATGAAATAAATGAATTTCATAAATACTGATGAAAAGAGGTGGTATTAACTTGAGTAAATGTTTCTGCATGGTGAGCTTCCAATACAAGAAATTCAAAAGAAAGTAAATTTTCACATCTTCTAAGAGATATCTTGAATTATACAAATATTCCAAGAATTAGAATATCATCTATTTCTCCAGAATTTCTCGATGATTATTTTTTTGATGTGATAGAAAATAAAAGAATAATGCCTTTTTTTCATTTTTCTGTACAAAGTTTTTCAGATAAGGTTTTAAAAAATATGAATAGAAATTATACATCTTGTGAATTGATAGAAAAAATTGAAACAATTAGAAGTTTAAAAAGAGATGATAAAGATTTAATCAATCTTGGTGCAGATATAATTGTGTGATTTCCTCAAGAAACTTATGAAGATTTTTTGATAACATATAATATGCTTGAAAAATATTTTTTTACGAATATGCATATATTTCCATTTTCTTCTCATATAAAATGAGATTCAGTTCCTGCTTCATTGTATAAAGGTAAAATTGATGATTCAATAAAAAATCAAAGAGAAAAAAAACTTTTTAATCTTTCTGAAATTAATCAAAAAAAATTCAAGAAAATAAATAAATGAAAAAAATTAAATGTTCTTTTTGAATATCAAAAAAAATGAACTTGGTACTGATGGTCTGAAAATTATATTCAAATAAAAAAACTTCTCATGATGATTTGTCAGGAAAATTGCAAGAGGTTGTTTTTAAATAATTATTATTTTTTGCAATTTGTTTAAATTTGGTTAAAATAAAATTATTAATTTAAATAAAAAATAAAAACAAAATGACACAAACTGCAGTAACTAATAGCCTTGATGTGATGTCTTTTACTGAGGATTTAAGAAATGTTTTTGAATGAGTTAAAAAAAGAGTTGAAGATGTATTGAAAGAAGTTTTTTCAGAAACTCAAAGAAAGCAGTACAGGGAGCTTAAACAAAAAGAAAGTCTTACTCAGGATGAACAATTACAGTTTTATAGGTTAGAGTTTTTAATGATAAGTTGAAACAAAAAACTATCAGAATCTTTGATACAAGTCTACAAAAAGCATATTATTAACTGACAAGAACTTTTAGATGAAGATTTTGAAATTATAAATAAGTTTTATGCAAAAGTTGAATGAAAGCCAGCCTACCAACAAGAAACAATGGTTTATTCTCATATGTTTTGGGAAAGTATTTGTAGTTGAGAAGACTGTTTGAAAGCTATTATTTATGCAAGAAAAGAATGAAATGAGGTGCTTTCTCAGATTGATTTAGCTTAATTATTCTTTTATGATTTTTTTGTATTATTTGATAATAATTAATATTATAGTATTTTTTCTTTTTGCTATAGATAAATTTAAAGCCTATTTTTGATATTGGAGAATAAGTGAAAATATACTATTATTATCTAATCTTTTTTGATGAATAATATGATGAGTTTTAGGGATGATCTTATTTTCACATAAAATATCAAAGTCAAGTTTTCAGTTGAAATTTTGGCCAATTGTTTTTTTATGGATTTTTATTTATCTTTATTTGTTGTATTATATATAAAAAGTCTAATTTAAGTTTGAATTTTATTGAAAAATTATTATTATGTGGTTATATTTTTTGATTTTTTTCGTAATATATTAAATATATTTATATTTTTAGAAATTATTATTTATGGCTAAACAAAAGCTTTGGGACAAATTAAAAGAAGATATAAAAGAGCTTCCAGAAAATTTACAAGACCTTTTAAATACTTGATTGGATAGGTGACATATTACAGAAGATGAAATAATAAGTAAAGTAAGTGATATTGATGAACAAATAGAAATTGTAGAAAAGTTTTATGATGTTGCAGATAAGTTGAGTATAAAAATTGAAACAATAGAGGAGATATTAGAAAAAGAGGCAAAGGATGAAAAGCAGGATAGAAAACTTTGAAAAGTATCCTTATATGAAAATGAACATCATATAAATGATGTTCAATACAAGGACTTCATAAAGCTTTATTTTAATGATATTTCTAAAATACCGTTGCTGACAGCTGATGAAGAAAAATCATTGGCAAGAAGAATAAAAGATTGAGATGAACAGGCTACAAAAATTCTTATGGAATCAAATCTTAGGTTGGTAATTAGTATCGCCAAAAGATTTTTGTGATCTAGACTATCTTTTATGGATTTAATTCAAGAAGGTAATATATGACTTATAAAAGCTATTGAAAAGTTTGATCCAGATAAAGATTTTAAGTTTTCTACATATGCAACTTGGTGGATAAAGCAGTCTATTACAAAATCAATAGCTGATATAACTAAAAATGTAAGAATACCTGTACACTTAATTGACGAGATAAATGCATTCAATAGAGCATCACAAGAGCTTTTTCAAAGATATGGAAGAGAGCCAAATGCCAAAGAAATTGCTAAATATTTAGATTATCCATACAAGAAAGTTAAAAAGCTTGAAGAAGTGATTTTTTGAAATATTTCTTTGGATGCTGAAGTAGGTGATGATTGAAAAAATAGTATTTGAGATTTGATAGCAGATGAAAAAACTTTGACTCCAGACAATTATGTAGAAAGAGAAACAGTTTCTACAAATTTAGATAAAATTCTTTCAATGCTTGATGAAAGAGAAGCAAAAATTATTAAAATGAGATATGGTATAGATTGACCAAAATATACTTTGGAACAAGTATGAGCAGAATTTAATGTCACTAGAGAAAGAGTAAGACAAATTGAGCAAAAAGTATTACAAAAATTAAAAGAACATGAATGACTTCAAAAACTATTATGAATAGAAGATTATATAGAAAGAATGAAGTATTTAGTTAAAAAATCTTGAAGAAGAAAAAGTAGTTAATTTAATATACTTATATTGAACAAATGAGGCTAAGTAATTATTTTGTAAAAACTTCAAAACAATCTTCAGAAGAAGAAAAGTCTATAAATGCTCAATTGCTTACAAGGTGATGATTTGTTAGAAGAAATATAGCATGAGTTTATACATATCTACCTTTCTGAT
CP054059.1_gap38	1074650	1075184	534	TATGATCCTACAAGTGATGATGTAATTAACAAAAAAATTAGTGATTATAAATGAAAATGGTTGGTTATAATGTTTTATCCTGCTGATTTTACTTTTGTTTGTCCTACTGAATTAAAAGATTTAAATAAGTCAATAGAAGAAATTTATAAGTTATGAGATGTTGAAGTTTTGGCTGCTAGTACTGATACAGTTTTTTCTCACAAATGATGGGTAGAAAATGAAAAACTTTTGAATGACCTAAAATATCCTATGATATCTGATAGAAGATGAATTCTAAGTAGATATTTTTGAATTCTGAATGAAGAGACTTGAAATTCAGAAAGATGAACATTTATTATAGATCCAAATTGAGTATTGAAGTCTATTGAGATAGTAACTGAGCCAATATGAAGAAGTTCAAAAGACTTGATAAGAAAACTTAAGGCTTTAAAGTTTGTTAATGAAAATCCTTGAAGTGCTTGTCCTGCAAACTGGAATGATGATATGCCTGTATTGAATCCTTCTGTAAAAATAGCGGGTCATATCTGAGAAAAT
CP054059.1_gap39	1077652	1079789	2137	ATAAAGAAAATTTTGAAGAGTTAGTTATTTCTTAAAATTTATATGAGTAAATTTGATGATGAATTATCCAAAGCATGTTTGATTAATCCCTGATTGAAATAGGACTTGGGCGAAAACTCAAAATATACCAAAATTTTGGTGACATCTTGAGTGATTTAATAGATGTATTGAACTTTGTAATCATATCTTTACTAATACTGATATAAAAGTATTTAGTATATGGGGACTTAGTACAGAAAATCGAAAATGAAGAACAAATGAAGAGTTGGATTACCTTTTTGGTTTGTATAAAAAAGTACCTATTAATTTGGAAAAGTTTTTAAAAGAAAAAAAAGTCAACTTTAGATTTGTATGAAACTTGGATGGTATACCAAAAGATTTGGCAGACTTTTTAAAGGATAAACAAAAAGAATTAACTTTTGATACTGATAAATATCTTGTGTTGGCTATAAATTATTGATGAAGAGATGAGGTTGTTAGAGGTATTAAAAATATGGCTTCCAATATGATACAACAATGAAAATACAATTTGAATGATATTCAAGACGATATTACTGAAGAAAATTTATCAAAACATCTTGATTTTTGAGACTTGCCGAATATAGAATTAGTTATCAGAACAAAATGAAATTTAGCAAAAAGACTTTCAGGATTTATGCTGTGGTGGGTGTGATATGCAGAATTGTATTTTTCAGAAAAAAAATGTCCAGAATTTAATTCTAAAGATTTGGATGAAGCTTTGTCTTGGTTCAATAATGTTTATAAAGAGAGAAACTTTTGAAAATAATTTATAAATTTACTAAAAAATAATGATAGCAACTATACCTACATCAAAATTACAAGAAATATTGGATAATTGTACAAGATTTGTTTCAAAAAGCTCTACACTGCCTGTGCTAGAAAATATATATATAAAGGCTGAATCCGATAAAGTTGTTTTTAAGTCAACTGATATGGAAAAATATATACAATTTGAAATAAATACTCAAGTGGAAGCTCAGTGATGACTTACTGTAAATGCAAAAGTTTTTTCTGATATTATTAGAAGTTTGGATGATGATGAGGTTAAACTAGAAATAGATGAAAATACTGATATGTTAACAATAAACACAACAAGTGATGTTTTTAAAGTAAAATGAATTTCTATATCTGAATATGTAGCTGCACCTTCTGTTTCCTCTGATGTAGCTGCTTCTATCAAGCCATCTGAGCTGTCAAAATGAATTGATAAAGTTGCTTATGCTGTTACTGAAAGAAATTTTTCACCTGTATTGACTGGAGTGTTGCTTAAAATGAAACAAGAATCAGATTGAAATAAGTTAGTTTTTGTTTGAACAGATTCATTAAGGTTGGCAGAATACAAAATTCCTTATGAGGGAGAGTTTTGTGAGATGGAGCTTGTAATACCTAAAATAAATATCATAGATATAAAAAAAATGATAGATTATGTAGAAGAAAAATGATGAACAAAAATTGATGTGTCATTTTCAGAAAATATGGTTAGCTTTGTAGCAGATTTAGAAGACTCAAAAATATATACAACTTCTGTATTAATTCAATGAAACTTTCCAAATTATGATAATGAAAGCATAATCCCTAGACAGTATAATACAGAAATAAATACTGATAAAATGCAACTAGAAAAATCTATTAAAAAAGTTTCAATTCTTACTAAAGATGTGAATAATTTTGTAAATATAAGTAACTTGGATGAGAAAAAAATAGTTGTGAGATCTTGAGAAACTGATAAGTGAGAAGCAGATACCAATATTAATGCTAGCATAGACTGAAGTGACTTTAAGATTGGTATAAATTGAAAATATATTTCTGATTTTATAAAAGTAATTGAATCTGATAATATTTTGATTAATATTGTAGATAATGAAAAACCAGTAGTATTTAAGGATGAGTTGGATGAAAATCTTGTGTATGTGATTAGACCTTTGGTGGATTAATTTTAAATAAAATAAAAAAAATGAAGAATTCTTTTACATTATTTGAAATAATTGTAGTTGTTATTATATTATGATTACTTTTAGCAGCATTAAGTAATTTTTTTCAAATGAATGAAAGAGATTATATAAGAGCAAGATGATGTGTAGATCATACATACTGACAGATAAAAAACTTTATTGAT
CP054059.1_gap40	1098250	1099644	1394	AATGGAAATCTATAGATTATGGACAATCAGGTAGGAGAAATATTCAATTTGAATATGCTACATGAGATTTTCAAGATTGGAATGAAATATTTCAAGCTTCTACTTCTGGACCTCGTACTTGGGATATATCAGACTTTAAATGACAAAATAATTTTCAACTTCGTTTAACTGCCAAAGATAGATCTCATAATACAGCAGTATTCACTTGAGGAGAGTTTACCATAGATAGAACTCCTCCTGAAATAGATGAAGATCAAATAAATTTTGAGATTGCTTGATGAAATTTGGATTGACAAATTTTCAAAGAATGAGATGATTTGATTTTGAATTGGAATACTTGAGCTATAGAATGAGCAGAACTACCAGACAATCCTTTGAATTTGTCTTATTCTAGGAGTTGATGAGATAGTTTCAGTGATATAGAATCTGGTGTTGAAAATAGTTGAACTTATACTTGGAGTATACCAGATATCAGTTCATCTGATAATGTTTTGATAAAATTGGAAGTGGTTGATGAGTTTGATAATACTGCTTCTATAGATACTGATACTTTTGTAGTAGATAATACAGATCCTGATATAAATATTTGAGATAAAACTCCTCCTAATGGTAGAGAAATAAATCATAATTGATTTGATGTTAATTGAACATCTTCTGATAATTATATGTCTGGAATTTATCTAATGTTCCAAAACGAAGCTGATGAATATTGGAGTAGTGATCTGCTATCTGACACATCAGAAGGTGAATATATATGAGAACCTACTTGGAATTTAATTTGTGAAGATGATGAAGAATTAGCAACAGATGAAAGTTGTGATAATTTTGAACTTACTGATTTTGCACCTAAGATAGAAAATTCTCAAAGTTATCAGCTTACTTTGAAAGCAGTTGATAGGGCAGGTAATGAAACTATTACAACTACTAGAAATTATGATGGAGATACACAAGAACCTGAGATTGAAATCTCAACTTGAGTTCACTTTATGAGTGGAGATAATATATATTTCTGAGAATCAGGTATAAATCTTACTTGAACTGCTACTGATAACAAGTCAATTTCGTCTGTAGAGCTTGAAATTACAAATGATGATAATCATTATTGGAATTGAGATGATTTTCAATGAGAACATTATGCAGTTACAGCAGATATAGAATGAGAACAGCCTTTCAAAGATTGGAATTATGAGTTTTCTCCAGAATGAGACACTGGTGATAATTTTGAAGTAAAAGCAATAGCTTATGATAGTTCTTACAAAGTAAATCTTACATGATCTGATACTGCAAATTTGGTTTTGGATAAAACTCCTCCTACTATTGAAGATGATGTATTTACTTTTGATACTGAAGAATTTTATGCAGGAGGGGATAATTTAGAAATTATTTGGAATACT
CP054059.1_gap41	1129196	1129696	500	AGATACTTGTGTCTTATCTTGCATTATAGCTACATAAAGTTCTCTAGAATAGTCGTCTATTCATACAAATAAGTATTCAGACTTTTTGTTTGCTGCTCATCTTATAAGAGGTAGTTTTTTTGTGTCAAAATGCATCATTTCTCAAGGGTAGTTTTTATTGTATCTTCTAGCTTCTTTGTTTTTCTTTTCTATTATCTTAGATTCTATTTTAGCTAATCTAAGTAATCATCGCCTAATGTTTCTAAATCTATTATTGATAGAATTTCTTGGTAAAAACTCTTGAGTTCTTGCTCTCTTTATTATCTTGTATATGGTAGGCAATGATACATTGAACTTAATATGTAAATCCTTAGGCTTCATTCATCTTTTATAGTATTCCCAGACCTCTTTTCTCTGGAGTGGTGTTAGTCTTGTATTTTTATGTATATTCATTACATAGTTTGTTATCAAATAAATAGTATTTTGTATACACATTATTTTTAACAACGCTATATAATCTT
