gap_id	start	end	length	sequence
CP050848.1_gap1	12873	17652	4779	GCGCCATCGGCAGCGAATCGATCTCGACCGCCTTGTCCTTGTCGGCATCGCCCTTGATTTTGGCGACGGCCTCGCGGATCGACAGGTCGTAGTCAATCGCCCGCTGGCCGGAGCCGATCGTGCGGAGCTTGCGTTCCCAGAGAGTTTCATCGCCGTGCTGAATGCGGATGGTGAATTCCTGATCGGCGGGCATGGTGTCGTTGAGCACGACCCGGCCGCGCATGCGGTCTTCGTGATAGACCGACTCGGGGGCTTCGACGTCGAGCACGGACAGGTCTTCGGCGGGTTTGGGCGAGCCGGCCAGCACGGTGTACACACCCACATCGCGCGCGCCCAGCGACTGGGCCAGCGACACCGGCGAGGGCCCGCGATTGTGTTGACCGTCGCTGATGATCACCGCCACGGTCGGGGCGGCATCGTCGCCATCACGCTTCTGCTCAGCGACCTGGCGATCGCCGGTCTCACCGCCGAGGCGGCTCTTGATGCCGGTCGTCAGATCGCTGACTGTCGACTCCGGCGGGCTTTTGCCGAACGCATCGAGGTCTTCGGGATCAGCCGAGGTCCATTTCACCTGCGGCTCTGCGGGGCCCAACTCGACAAGCTGCACGTCGTGCGACTCGGCCAGCTTCGACAGCACCGCCCCCTCGCCCGTCAGCGAATCATTCACACGCTGCCAGCGCGTCGACTGATCAAACTGCTCAATTGCCTGCTTGTAGGTTTCATCCTTCGAGGCGACGAGCCCGCGGCAGTACGACTCAAATGAATCCCGCAGCCAGCTTTCGAAGTACGCCGCCTCGGATTCGAGGATCGCCAGCCGGCGGTTGGTGTCGTTGCGGCGGGCGGCGTCATCGTCCTCATCGCTGAGTGACACATCCGCCAGCGCCGCGGCGGGCTTCTGCAGGCGCGCCGCCAGTTCGGCCCGCAATGTGTCGGCCGGCACGGGTTTGGTCTGATCGGGGTCCGGCTTCTTCTGCTCAGGTTTAACCGAGGCGATCGGATCGGCCATGCCGGTTGCCGACAGCGCGAAGCGCCCGATCATGTGATGCGACCAGTTGCACTGGTGTTCGAGGGTCACCTGCAGCTTCGAATCCGGCATCACGTCGATCGGCTTTTCGAATTTCACGACAGCGAAGTGCGGGTCTTTCTGACGATCGTTCGTGCCCCAGCCGCGATTGCGATCGTCGTTGAGCATGGCCTTGACGTCCATGTCGCCCTGGGTGTAGTCCGCGGCGGCTTCGGTGAGTTTGATCGGCGTGATGTTGCCCGAGGGATCGACCAGGGCGACATTCATGCGCGAGATGATGAAGTTGCCGTTGTCGGGGTTGCGACCGGCGGCCTGGTGCGGCAGCGAACGATCAGGGATCGCGTCCAGCCGCACGCCCGTGATGCGCCACAGGTCGGGCGCGGCGACGATGGTGTAGTTGTCCTTGTCCGGCAGCGGGCCGCTCATGAGGATTGAATCGTCGTCGAGATGTTGAGCGTCGGCCCCGGCGTCGGTTTTCACCGACAGAATCTTCATGCGGTTCCATCGTTCGTTCGGCGAGGCCGGCATGGCTGTCACTTCACCGGGCACATCCGCCAGCCGATCCGCCGCCTGATCCACCGCCTCGGCAAACTGCTCGACGCACGCGGTCAGCCGCTCGGCCGTCGGTTGATTCAGCCGGCGCAGCGGTTGCGCGGCGAGCCGCGCATCGGCGAGGTCTTCGGCCGCTTCGTGCAGGGCGGTCTGCAGCTTCGTCTTGTCGAGCCACCCGTGCTCGGCGGCCAGCAGCAGCTTGCGCGAGTCGGTCATCTGCTTATCGCCGAGGCCCATCGACAACGAGCCGTCGAGGAACACGTTGACCTGCGCCCGCAGCGCCCGCTCGTAGCGATGCACCAGCACCGGCCCGGTCAGCATCAACAACACCAGCGCCACCGCCGTGGCTCGTAAGATCGCCAGCAGCCAGCCTGACTTCTCGCGGCGATAAAAGCGCCACATCATCACGGCCGCGATGATCGCCAGTGCCGCGCCCGCCCAGAGCGGCAAGTCACCCATGAATCGCAACGTCGTCATCGGCGCCTCCCTGCGAACCATTGCTGCAGCGCCACCTCACCAACCAGCAGCGCCACCGACGCCCACAGCAACACGCGCCAGATCTCGCGCCCGTGCCGCCGCGTCGAATCGACCTCGGCATACTGTTCGGTGTCGCGCACCACCGCGGCGTGCATCGACTCGGCCAGTTCGTTCAGCGACGTGTCATCCAGCCGCTGCAGATTCGACTCTTCACGATCGGCCGCCACCACGAAATGCGTGATCTGCCCCGACTCGGCCATCAGCTTGTACACACCCGGCTTCTGCGTGTCGGCATATTCCATCACGGCCCAGCGGCCGCGATCCTCCGGCACGACCTCGTGGGTTTCTCCCAGCGGATCGACCAGCTTCTGCGGCTGATAAGCCTGCGAGCGATCCAGCAGCGCCACCAGCGCCTGGCCCGTGTGAACATTCCGCGACGGGTCGGCCCGGCTGGCCAGGTGAACCACCAACTGCTGCATCAGCGGAACATACACCGGCCGCACCGGCAGATTGGTCCAATCGGCATCGGCGGCCGTCGCGACCTGAATCACCTCGCCCTCGCCGTAGCGTCGCGAGATCATCAGCGGATCGCCGCCGCTGAGCCGCGCGATCACGCGCGGTTGGTCCGGGCCGAACAAACTCGAATCCGGATCGGCCAGGCGATACCACGCGCGGATGTCCGGCCGCGAGACATCGCCCTGCCGCGGGTCGTTGAACATTTCCAGCGCGGGGTGATCAAACCGCTGAGCGGCGATGCGGTTGAACTTGGCGCGTTCGGTGGTCGAGCCGGCCAGTTCGATCATGCGCGTGGGCATGAGCTGACCAGAGATGCTGCCGCCGAGGATGTTGTTGTACCAGTCGAGGTCGACCTCATCGCCGGGGAAGATCAGCAGCCCGCCGCCGGCTTCGACGAAGCCCCGCAGCAGTTGCACCTGCCCGGGGTTCAACCGCGGCACATTGGCCATCACCACCGCGCGGACTTTCTCCAGCGACGCCGCGTCAAACTTTTCGACCGGCACCACCGTCGGGGCCAGCAGGTCGGCGAGCTTGCGCTGCTGGCCGGGCTTCTTGATCGCCGACACCGGCGCCAGCGCCATGCGGAGAAAACCCGTTTCGCTGTAGAGCAGACGCGCATCAGGATCGCCGTCGATCAGCAGCACCGGGATCGAGTCGATCACGGGAACCGCCGCCGCCGCGTGGTTGTCCGCTTTCAGATCGTCGGCATCGGCTTCGATCTGCACAACGGTCGAGCCGGCCTTGTCGAAGGTGTGTGTGAACAGGGCCTGGGTTTTCTGATGCGGGTCCAGTCGCACACGGGACTGATCGATTTCTTCGCCGTCGACGAGGAACTTGAGTCGCAGATCGCGATAGGTGCGATCCCCGTGGTTGGTGATGTGCGCGGTGAGGCGAATCTTCTGGCCGACGCCGACGACCATGCGGTCCAGGTCGATCGCGTCGACGCTGATGTTCTGATCGGCCTGCTCGCCGACGGGGTAGAACGTGAGATTGGCCGCGGGATTCAGCGCCGCCATGACTTCGCTGACGCGCTGGCGGCCTTCGCCGGTGATTTTGTCCCAGTCACGCTGCTGGAAGTCGCTGACCACGATGACATCGCGTTTGGCGTGTGTCATTTTTTTGAGCGACTCGACCGCCCGCTTGAACCCGTCGTTGACTTCCGCGGAGCCGTATTCCCCCTTGATCGACTTCAGCGCATCGCGGGTGCGTTCCGGGTCCAGTGAGGCTGACGCGGTCACGGGGACCGCCCCGCCGCCGAGTTGGATGATCGACGTTTCAGAGCCGCGCTGCTGGAGATTGACCAGGTGGGTCGCGGCGTCGATGGCGTGCTGGAAGCTCGAACCCGTCGGGCTGGCGGCGTCCATGGAATAGCTGTTGTCGATGAGGATCACGGCGCTGGTGGGCTCGTCGCCCGTCAGCGACTTCCATCCGGTGATGACCGGCCGGGCCATGCACAGGGCGATGATCACCGGGATCGCACACCGCACCAGCAGCAGAATGAGCTGCTCGATCTTCACGCGGCGACGGTTGATGCGCACCACCGAATTCAACAGGTGCATCGCGCCCCACTCGACCACCTGAAAACGCGAACGATTCAACAGGTGAATGATCAGCGGGATGCTGAACGCGAGGGTTCCGCCGAGCAGTATCCAGTTTAAAAAAGTCATCGCTTGGCCCTCAATCGTGAGGCCAGGTAAGCGGCCAGCGCGTCGGCATACGGCTGGTCGGTCGTCATCGGCGCCAGGTCGATGCGGTGTCGCCCGCAGCCGTCTTTAAGCTCGGCGCGGAACTTGGCGAGATTATCCATGTAGGCGGCGCGCAGATGCGAGGGGTCGACCATCTGCCGATCGCTTGTATCTTCCAGCGAGTCGAAGCGCGTCCACTGGCGGAACGGAAAGTCCAGCTCATCGGGATCCCAGATCTGCATGAGGATCACTTCATGGCGGGCGTGACGCAGATGGGCGAGCGCCTTCATCAGCGATGTCACATCCCCGAAACAGTCGCTGAGCACGACCACAAGCCCGCGACGGTTAATCATCGGCACCAGGTCATGGAAGACCCTGCCGAGCTCGGTTTCACCGCCGGGCTTGGTGGCAGCCAACTCGTCGATGAGCACGCGCAGGTGGGCCGGCCTCGAGCGCGGCGGAATGTACTTGCGGATTTCCGTATCGAAGGTGACAAGCCCGACGCTGTCGGCCTGCTGGAGCATG
CP050848.1_gap2	22185	24545	2360	CCATCAAAGTCATTACCGAGCAGCTTGATCTCGCACACGATCGCGCCACGCGCATCGCTGTCCGCAAAGTCGCGGTCTTCACCGCAGACGGCATCCAGCGCCCCGTGCGTCTGCTGTCGATTGGTCACGTGCGATTTGCTTACATCACCGATGAAGGCGATCGCGTCGGACTCGCCCTCGCCTCGCCGACCGACGCCAGCGGATATCGCTGGACCGAGTCGATCCCCGCGGCAGCCGCTGAGCAGGTGCGCCATGCCGTCGAAGCGGTCGAAGCCGGTCAGACCGACACGCTGTTGATGCCGATGGACCCGACCGGTCGCCTCGCCCCCGACACGCTGAATCAACACGTCACCTTGCAGCAGCGCTTCGTCGCCGGCGGGCCGGTGATGATTCCGATCGCCATCGTCGCAGCCCTTGCGTTGCTGTTGATCCTCGAACGCGTGATGGTGCTGTACGGCCTGAACCGTGGCAGCGGCATGCTTGCTCGACGTGTCGCCAACGAGTGCCACGCCATGCAGTACGACCAGGCGTCGACACGCTGCCAGCGCAGCGGCGGGGCTGTGGGGCGCGTGCTCGGGGCCTGCCTGCTGCGGCGCGATCGCGGGCAACGCGCCATGGAAGACAGCATTCAGGAACAACTGCTCCAGGAACTGCCGCGCCTCGGTCGATTCATGGGCGGCATCGCCATCCTCGCCGCCGTCGCCCCCCTGCTCGGCCTGCTCGGTACCGTCACCGGCATCATTCAAACCTTCGGCGTCATCCGCGCGTTCGGCAATGCCAACCCGTCGCTCATGGCCGGCGGCATCTCCGAGGCCCTGATCACCACCGCCGCGGGTCTGATCATCGCCATCCCCATCCTCATCGCCCACAGCCTGCTCCGCGGCCGCGCCGATCGCATCATCGCCGATGCCGAACGACACGCCGCTTCGCTGTTGACCCTGCTCGCGCATGATCAGCCGCAAGACAATTCCGCCGCCGCCGCTTCGCAGGAGACACCCGATGAGTAACGCCCTGCGATCGTTGATGGCCGACGGCGGGTGGGTGTTGATCGCGATCCTCATCGTGTCAATGTTCGCGTGGACCGTCATCGTCTGGGAATGGCTCCGCCTGCGTGATCAGCAGCGCGGCGGGTGGGCCTGGATTCAGCGGGCCATCGACGACATCGCCCATGATCGGCCATTCCGCGAAGATGAAGCCGCCGATGCCGACCCATCGATGATGCCGCTGGTCGGGCAGCTCGTGCGTGCCGGATTGCGTCGCCGGTCGCATGATCGCGCATCGTTTGAAGCGCAGATCATGCCGCTGCTGCGATCGCAGGCCGTGATGCTTCAGCGACCGCTGCATCTGATCGCTGTGCTGGCGGCGACGATGCCCCTGCTCGGGTTGCTCGGCACCGTACTGGGCATGATGCACACCTTCGATGCGCTGACCAACCGGGGCCTCGGCCGCGTCGACGCACTGGCCGAAGGCATCTCGCAGGCGCTGATCACCACGCAGGCCGGGTTGATCGTCGCCGTGCCCGTCGTGTTGATTCACAGCTACCTCGCCGCCCGCGTGCGCCGGCATGTCGAAACCTCCTCCGTCATGATCAAACGTATCGAAACCGTCGTCTGTCACGATTAACGCTTCGGGTTGACCGTCATGTTCACCTCCACGCAGAATCGCAACGCCCGTCAGGTCTCGGCCGTGGTCGACATCGCGCCGCTGATCGACATCGTGTTCATTCTGCTGATCTTCTTCCTGGTCACGACCACGTTCGTGCGCGACACCGGCGTTCGCGTCGAGCGCCCCCAGGCCACGACCTCCAGCGCCATGCAGCCCCAGGCGATGCGCATCGCCATCGCCGCCGGCGGAGCCGTCTACACCGCCGGCCAGTCCATCACACTCCAACAGCTCGATCAGCGCGTCCGTCGGTTCATCGCCGTCGAGCCCAACGCTGCCGTCATCGTCATCCCCGATCAGTCCGTCACCGCCGGCCGGCTGATTCAGGTGATGGACGTCGCACGTCAGGCCGGGGCGCTCGATGTCGCCGTCGCCACCAAACGTCCCTCGTAATCATCCAGCGCATCCCTCGATGAACACCGCGAATCTCAACATCGACCCACGCCCCGCCACGTCGCGATCGCTGCGCCGCGCCGGGGCGTCGATCGGCATCGCGGTGATCATTCACATCATCATCGTGTGGGGTCTGCTGGCGTTGAATACCCGCCCCGTGCCCGACCGCATGCCCGAACTACCGGTGCGCACAATCCTGCTCGCCGCCGACCGCGCCCCGACGCCGGCCCAGCCAAAACCGGAACCCGAGCAACCCGACCCGCCGCGCGAGCCGCTGACGATCAACCTCGACGCCCCGCCGCCGC
CP050848.1_gap3	43330	44105	775	ACCTGCACGTCGGCAACATCTACCGTGGGCGCGTCACCAACGTCGAAGCGTCCATCCAGGCCGCCTTCGTCGACTTCGGTCTGGAGCGTTCGGGCTTCCTGCACATCACCGACCTGCACCCGCGCTACTTCCCCGGCAAGCACCAGGAAGACACCGAGCGCGTCGGTCACAAGACCCCCCGCCGCGAACGCCCGCCGATCCAGCAGTGCCTGCGCCGCGGGCAGGAGATCATTGTGCAGGTGCTCAAGGAAGGCATCGGCACCAAGGGCCCGACCGTCACCAGCTACCTGTCGATCCCCGGGCGCTTTCTGGTGATGATGCCGTGGATGGAGCGGCACGGGGTCAGCCGCAAAATCGATGATCCGGAAAAGCGCAAAGCGATGCGCAAGATTCTCGATGAGCTGGATCCCCCGGAGGATCTCGGATTCATCGTGCGCACCGCCGGCTTCGAGCGCACCAAGACTGAACTGAAGCGCGACCTCAACTACCTGCTGCGTTTGTGGAAAGACATCAACGCGCGGATGAAGGTCGGCAAGGGCCCGGCTGAGCTGTACACCGAGTCAGACCTGATCATCCGCACGCTGCGCGATGTGGTGACCTCGGATGTGAAGCGCATCGTCGTCGACGACCGCATCGCCGCGGTGCGCAGCAAGCAGTTTCTCCGCATCGCCATGCCGCGCACGACGACGAAGGTGATCCATCACACCGGGCCGGTGCCGCTGTTTGACGCCTTCGAGATCGAACCGCAGATTCAGATGATCAACGAGCGGCAGGT
CP050848.1_gap4	45436	50308	4872	GCCGACGTAAGAAAACCGATGACGCCCCGGCCGCAGATGCCGGCGCAGAACCCGACGCCGACAAGTCCGGGTCCGAGTCCAAATCCGAACCTGAATCCACCCCCGCGACGGAATCCGAGTCATGACCGCTGATCGTTCACGCAGACTGATCCTGCTGGGCTCCACCGGGAGCATCGGCGTCAACACCCTGCGCGTCGTCGAGAATCTCGATGGCGCGTACGAAGTGGTCGGGCTTGCCGCCGGTCGCCGCGCCGATGAGTTGATCGAGCAGGCGCGCAAGTTCAACGTGAAGCGGCTGGCGGTCAGTGAAGCATGTGCGGCCGACAAGGTGCGCGCCGCCCTGCCGAATGCGACCATCTTCGCCGGACCGGACGCAGCCTTGAAACTCGTTGAATCCACCGAGGCGGAGATGCTCGCCGCGGCGATCGTCGGGTCCGCCGGACTGCCCGCCACGCTCGCCGGCATTGAGCGCGGCATGGACATCGCCCTGGCCAACAAGGAAACGCTTGTCGCCGCCGGCGAACTGGTCATGCCGCGCGTCAAGCAACACGGCGTCCACCTGCTGCCGGTCGACTCCGAGCACTCGGCGATCTTCCAATGCCTGCAGACTTCCGCCCCCGAACAGAACGGCCGCGCGATCAAACGCATCGTGTTGACCGCTTCGGGCGGACCTTTCCGCCAAACCCCGCTGGAACAGATCCGCAAAGCCACCGTTAAAGAAGCGCTGAACCACCCGACCTGGAGCATGGGTCCCAAGATCACCATCGACTCGGCCACGATGATGAACAAAGCGCTGGAGATCATCGAGGCCCATTGGCTTTTCAACCTCGGCGCTGACCAGATCGACGTGATCATTCATCCCCAGTCGATCGCCCACAGCTTCGTCGAGTTCACCGATCAGTCGGTGCTGGCCCAACTCGGCGCCCCGGACATGAAAACGCCAATCCAGTACGCCATGACCTGGCCGAGCCGGGCTTCGGGGTGCAGCCAGCCGATGGACTGGGCGGCCCTGAGCAAGCTGGAATTCGAGCCGCCGGACCATGAGCGTTTCCCCTCAATCCGCCTGGCGTATCGGGTCATCGAAACCGGCGGCACTTCCGGGGCGGTGCTCAACGCGGCCAACGAAGCGGCCGTGGAGGCCTTTCTGGGCGGTCAAATCCCGTTCGGCCGGATTGTCGAACTGAACGCCGAGGCCCTGGACGCCGTAGAGATACAACCGGCCCGCGATCTGGAGACGATTCTTGCGGCCGATCAGACCGCCCGAACTTTTGTCCGGCAGCGGATTGGCCGATAATGTACATCTAACACGCATGCCGCCGGCTCGCGGCTAGACTGTCTGCGGTGGGCCAAGGCAACGTTTGGAGCTTTCATGGATCTTACGACCAACATCAGCGGGGCTGCGGCGATCGCGCTGCTCGTCCTGGGCTTTGGTTTCATCATCTTCGTCCACGAACTGGGCCACTTCCTCGTGGCCAAGTGGGTGGGCGTCAAGGTCACGCAGTTCGCCATCGGGTTCGGCCACGCCCTGGTCTGCTGGCGCAAGGGCATCGGCTTTCGTGTCGGCACCACCGAGCCGGACTACAACCGCCGCGTCGCCCAGTTTCTCGGCGGTGAGATCGACCCGCAGACCGGCATGCTCACGCGCGACGGCCGCCTGGTCACACCCGCCGAGATCGACCGCGCCAACGCCGAACTCGGCCTCAGTGAAACCGAGTACCGGCTGAACTGGATGCCGCTGGGCGGCTACGTGAAGATGCTCGGCCAGGACGATCTGGACCCGACCGCCATCAGCGACGACCCGCGTGCGTTCAACCGCCGACCGATCTGGGCGCGCGTCTGCGTGGTCAGCGCGGGTGTGATCATGAACGCCATCTTTGCCGTGATCTTCTTTCAGATCGCTTTCCTCAACGGCGTGGCTTTCCCCCCGGCCGAGGTGGGTTATGTCGAAGCCGGCTCTCCCGCCGCCGAGGCCGTCGCCGTCGACCATCCCGAAATCAAGGGGTTGGAATCCGGTGACAAGATCGTGCAGGTCAATGGGGATGAACCAAGCGATTTTACGAGCGTTCGCATCGCCTCGGCGCTGGCCGGGCCGGGTGAATCCGTCCAACTCGTCGTCGAACGCCCGACCGATCAGACCGGTGACAAGACCCAGCAACTGACTTTCGATGTGCGCCCGGTCGCCAACGAAAAGTTCGAAGGGCTTAAGTACATCGGCATCTCCTCGCCGCTGTCGTTGCAGTTGATCTCCGGCAAGCTCAAAGAAGGCTCGGAACTCGCCAAGCTGTTTGATCGCTACGGCCTGGAACCGGGCATGACGCTGACCGCCGTCAACGGCCAGCCGATCAATGCTTACTGGCAGTTTGAAAACGCCATCGAGCAGGCCGGCGGCCAGCCCGTCCAGCTCACCTTCGAACTCGACGACAAGAAGCAGACCATTTCCATCACGCCGCGCACCGGGTTCTCCTTGACGGAAGTCCCCGGCCCGGGACCGGATGAAGGCGAACTCGTCGCAAACATCCTCGGCCTGGCGCCCGCGACCAAAATTCAGATGCTCGTCGATGGCAGCGCCGTCGAAGGCATAGTCGAACCCGGCGACATCGTCGCCTCGCTGGGCGACACCCCCTGGCCGAGTTCCCGTCAGATCATCGACATCGTCACCGCCACCGGCAGCAAGCCGCTGAAGATGACCGTGGTGCGCGACGGCCAGACCAAAGAGTTGACGGTGACACCGGGCGGCGGAGTCGTCGGAACGCCGAAGCTGGGCGTTGGGCTCGAAGAAGCCTACGACGCCCCGTACATCGCCCGCGTGCTGGAAGAATCACCGTTTGCCTCGCTGAATCTGAAACCGGGCACGCAGCTTCGCCGCATCGGCGATCATGAGATCGACAGCTTCACGGCGCTGCGCCTGGCCGTGGCGGAGTTGTCCCCCGGGCCGGTCGATGTCGCCTACACGCTGCCGATCTTCGGCGAGGAATCGCAGAAGCAGAAAGTTCAGCTCACCCAGGAAGACATCGACACCGTCAAGAACCTCGGCTGGGGTGTGGCCCTGCCGTCGTTCCAGATGCTGCGCGTGATGCAGCAGGCCGACGGGATGGTCGACGCGGTGCGCATCGGCTTCGACAAAACGAACCTGTTCATGTGGCAGACCTACGTGACGCTGGCCCGCCTGTTCCAGGGCGAGGTCAAGGTCAAGAACCTGCGCGGCCCGGTGGGCATTGCCGTCGAAGGCTCGCGCATTGCCGAGCAGGGCATACCGTATCTGCTGTTCTTCCTCGGACTGATCAGCATCAACCTGGCAGTCATCAACTTCCTGCCGCTGCCGATCGTCGATGGCGGGTTGTTTGTGCTGCTGATGATCGAAAAGGCGCGCGGCCGGCCGGTCTCGCCGCAGATTCAGTCCGCCATCACCGTCGCCGGACTGATCCTGCTGGGCACGATCTTCCTTGTCGTGACCTTCCACGACATCGGCCGCATCTTCAGTTGACCGGTTCGCCGTTTCGCGTTGTGGCCGGGTCTTGTGATATGCTGTAGGCCATGAAACCTGACGGCACCGGATTGATTGAACGTGACAGTTGGCTGGAACCTCACCGCGAGGTGCTGCGCCGGCGCTTTGAACACATCCAGAACGTGCGCCGGCAATTCGACGACGCCGGCGGACTGACCGGGCAAGTCTCCCAGGCCCACCACTACTTCGGTTTCAACCGGGGCGAAAAAGACGGCGCGCCCGGCGTGTGGTACCGCGAGTGGGCGCCCGGGGCGCAGATGCTGTCGCTGATCGGCGAGTTCAACAACTGGTCGCGCGATGCCAACCCGATGCGGCGCGACGCCTACGGCGTGTGGTCGTGCTTTTTGCCGGATGCCGAATACGCCGATCGCTTCACGCATGAAACGGCCGTGAAAGTCTTCGTCGCTTCGCAGGGCTCGGCCGGCGACAAAATCCCCGCATACATTAAGCGCGTGACGCAGGTGCCGAACAGCATCGAATTCGTCGGGCACTACTGGCAACCGCCCGAGCCCTACGTCTGGCAGCATGAATCACCGACTACCATCGACGGCGGCCTGCGCATCTACGAAGGTCACGTCGGCATGTCGCAGGAAGAAGGCAAGGTCGGCAGCTTCGATGAATTCCGTCTGAATGTGCTGCCGCGCATCGCCGACCTCGGGTACAACACGGTCCAGTTGATGGCCGTCCAGCAGCACCCGTATTACGGGTCGTTCGGGTATCACGTCAGCAATCTCTTCGCCGTGTCGTCGTTCTTCGGAACGCCCTACCAACTCAAGCAGCTCATCGACGCCGCTCACGGCCTGGGCCTGCGCGTCATCATGGACATCGTCCATTCGCACATGGTCAAAAACACCGCCGAAGGGCTCAACCGCTTCGACGGCACCGACCATCAATACTTCCACGGCCCGCCGCGCGGCGATCACGTGGCGTGGGATTCCAAGTGCTACGACTATTCCAAGTACGAAGTCCTCCGCCTGCTGCTGAGCAACTGCCGCTACTGGCTCGATGAGTATCGCTTCGACGGCTACCGCTTCGACGGTGTCACCAGCATGCTCTACCTCGACCACGGCCTCGGCAAGACCTTCTCCAGCTACGACGACTATTTCTCGCCGAACACCGACTGGGATGCCGTGGCTTATCTGACGCTGGCCAATGATGTGATTCATGCCGTGCGCCCCGATGCGGTGACGGTCGCCGAAGACATGTCCGGCATGCCCGGCACGGCTCGCCCGACCGACGAAGGCGGACTCGGCTTCGACTATCGCCTGGCCATGGGCGTGCCCGACTTCTGGATCAAAACACTCAAGGAACAGGCCGACGAGCAGTGGAACCTCGGCAGCATCTTCGGCACGCTGCTGAACCGCCGC
CP050848.1_gap5	67932	70265	2333	CGGCGTTGGGAAACTGCTCCAGCAAGGCCAGCTGCGCCGACGGGTGAGTATTGGCCAGGAAGATAAACTTCGAATCCTTGAACGCCTCGGGCACCGGCGGAAGCTGCTCGCCGAGCACGTTCAGCTCGACGGCCAGGGTCTCGCGGTCATTCATGTTCTGTTGATACTCGCCGGTCCAGCGGAAGGTCTTGGCGCCGGCGCGGCGTTCGAGCCCGGCCGTGTCGATGTCAAAATGCTCAAACACCCCCATGTGCTCGTCCGGGAAGTCTTCCCCGACCGCCGCCACCAGACGAACCGGCGTGAAGAAACTCGCCGCCGCGGAGAAGTACACGCACGACCCGCCGAGCACATTCTCCGCGCGCCCCACCGGGGTGATGACGGTATCGATGCCGATGCTGCCGGTAACAATCAGACTCATAATCTTTGACTCGTTGGTTGGTGTTTTAGTTGGTTAGCTTGTTTTGCCCATCTGGCAGATTTTCTTGTACGCCGCGGCCGGCAGCGGCATCACCGACAGGCGTGACTGACGGATCAGCGCGATGTCCTGCAGCGACTTTTCCGCTTTGATCTCGGCCAGCGTCACCGGCTGCTTGAACGGCTTGACCGCCTTGATGTCGACCTGCCCGAAGCGCCCCGTCTCGTCCCGTTCGTCGAGGTAAAACGTCTTGACGACTTCCACGATGCCGACGACCGACTTGGCCGACACCGAGTGATAAAACAGGCAGCGGTCGCCTTTTTTCATCGCCTTGAGGTTGTTGGTCGCCTGCGCGTTGCGCACGCCGTCCCAGTTGGTCGTCTTCTTCGGTGAAGCCATCTGGTCGTCCCACGACCAGGCGCCCGGTTCGGATTTAATCAGCCAATAATTCATGTTGCCTGGTCTTCCTCGGCATCCGCGGGTCGCGCCCCGCCGCAGTTCCAGCATTGATCGAATACGCCTTCGACTTTCTCGCCGCACGAAACGCATGTCCAGTCTTCGCCGGGCTCCTGGTCCACAGCTTCTTGAACCCATGCGTCGAGCACCTGCATCGCATCGGTGTAATCTCGCTCAAAGACCCACACCTGCGGCAGTGTCTGCTGCGTCAGCGGAATATCCCCGCGCGCAAAGCTCAGTGTGCCACCCTGCGCCGATGCGGTGATCTCAAAACTCGCCAGATGATCCACGAGCATCTGCGCTTCGCCTTCGGTGGCAGCGGTGTACAACAGTTTGGTGCGGCTGTTGTCAGGCATCTGCGGCATAAACCTCCAGGCAACGGTCAACCCGCCCCAGCGTCGTGTCGCGCCCCAGCAGGTCCAGCGTCAGATCGATCGGCGGCGTGACGGCCGAACCGCTGACGGCAATCCGCAAAGGCTGGGCGACTTTGCCCATCCCAATGCCGGTCCGTTCGCAGAAGGATTTAATCAACTCGTGTGCCGCGGCGCCATCAAAGGGGTCAAGCGCCGCCAACTCATCGCGAAACTGCCGCAAGGCATTGAGGCCTTCGCCGTCGTTTTTCAGCAGGTTTTTCTTGACCGCCTTGTCATCGTACCCGTCGAAATCCTCGACGAAGAACTTCGCCATGTCGCACGCCTCGCTGAACACGCGCGTACGCTGGTGATATGCCTCGGCGAGCTTGACGAACGCCGCCTCGTCAAATTGATCATAGAAATCACGTCGATAATCCGCGCACCAGTTTCGCCATGCCGTCGCGAAATCACTCACGCTCATCTCGCGAATCGCATCACCGTTGAAGGCCAGCAGCTTCTCGCGATCGAACTTCGCGTTCTTCTTGCCGACACGATTAAAGTCGAACCGCTCGCATAAAAACGCATTATCAAATTTTTCGACGTCCCCGCCGGGGTTCCACCCGAGCAGGGCCAGGTAGTTGCACAAAACCGCGGGGAAATATCCGCTTTTCTGAAAGTCAGACACGTCGATTTCGGGCAGTTGAAGATTCAGTTCTGCGGCAATCGCCAGGGCGATGTCGAGATCGTCTGTTTTTTTATCGAGAAAATCGCCAAGGGCGTCGTTGAGCCCCGGGGACGGCAGTCCCCGGGCTTTGAGGTCGGATTGCAGCGCGGCGGCGCGGGCGGTTTTGGCCTTGTCGCGTTTGGACATCTTCGAGCCGTCGGGGTTGAAGATGAGGGGGATGTGGGCGTAGACCGGTGTGGGCAGGCCGAGGGCCTGTTGCAGGGCAACGTGCTTGGGGGCGTTGGACAGGTGCTCCTGGCCACGGATCACGTGGGTGACGCCCATGTCGGCATCGTCGACGACGACGGCGAAATGGTACGTCGGAAACCCGTCGCGCTTGCGGATGACGAAGTCCTCAGTCTGTCCGGCCGGCACGCGCACCTCG
CP050848.1_gap6	154656	156495	1839	TGGCGACCTTGCCCGGCTGGCGCGACAGATGTTCATCGGCCCCATAGTGCCCGGTGTACACGGCGGTCTTCTTCACGCCCGCAGCATGAAGCACATCGCGTAGCCGCACGCCAGTCCATTTCGAGCAACCTACCGCGCCGAGGGTCCATTGCGTGCCGGAGGTGCCGGGGCTGTAGAACGCACGTCCATTGCCGCCGCATTCAACGACGATCTGACGTGTGATGACTTCGAAGTCCTTCTTGAGCTGATCGATGCTGAGTTTGAGCGGTTTGTCGACTTCACCGTCGATGGTCAGTGTCCAACCGGTGGCGTCACCCTTGATCACCGCCTCGGGCAGCAGGCCGTTGTTGCGAACGAAGTGGCGGTTGGTCGGGGTCACCGTGTCATCGAGCAGGTGCGGCGGCGTCTCGGCACAGACCGGCCGATCCGTCATCATCGTCAGTCCGTCCTTGGTCGATTTGAGCAACCCGACCTCCCCGCTTTGCGGCGCGACCGGCTCATCGGCGCCCAGCGCGACCGGCGCCAGTCCCTTGGGCCAGTTCGCCGCATACGGGATCGATGCACCGAGCATCGCCGCCAGCGACGACGTGCTCAAGCCCGCCAGAAAGGCCCGCCGATTCGGCGCAGCCTCGATTTGTTCGAATTGGTTCGATTCAGGCACTGCCGTGCGGTCACTGGTATGTGGGGCCATGCTCAACTCCGAAATGATGGGTTCAACGATGCCTGCGCATTGTAACACTTTAGTGACCCCGCCGAACGGGGTGAGGGCCACGTTCGTCACACACACATTTTAGTTGAGCCAGGTTTTCATGAAGGGGTTACATCACCAGGCCCGGGCATACTGAACCGGCGGTTGCAATGCGTCCGTCTGGTTCAACGCCTGCGCCGCACGCAGGGGCCAGTAGGGATCGCGCAGCATCTGGCGCGCCAGTAGCGCCAGGTCGGCGCGGCCCTGGCGAATGATTGCATCAGCCTGCGCCGGTTCGGTGATCATGCCGACGGCCGCGGTCGCGATGTCCGCCTCACGGCGGATGCGCTCAGCGAAGGTAACTTGATAGCCGGGCCCCACCGGAATCTTCACATGCGGCACTGCCCCGCCTGAGCTGCAGTCGATCAGGTCCACGCCCTCGGCCTTGAGCCGACGCGACAGTTCCACGCTCTGGTCGATATCCCATCCACCTGACGGCGCCCAGTCCGTGCAGGAAAGGCGCAGTGTCAGTGGCAGATGATCCGGCCAGACTTTCCGCACGGCGCGTGTGGTTTCCAGCAGGAAGCGAATCCGGTTGTCGAAATCGCCTCCGTACTCGTCCGTGCGGTGGTTGCTCAGCGGGGAGAGGAATTCATGGATGAGGTAGCCGTGCGCCGCGTGTAGTTCGAGCCACTGATACCCGGCGGTCAGCGCACGCTCGGCAGCGGCGACGAAATCGTTCCGCACACGGGCAATGTCCGCCACGGTCATGGCGCCGGGCACTTTATCGAGGCCACCACCGAAGGCCATCGCGCTGGGCGCGATCGTGGGCCATCCGCCGGCGTCATCAGCCATGTGTTTGTCGCCTTCCCACGGACGAGTTGCCGAAGCTTTGCGACCGGCGTGCCCGATCTGAATACCCGCCACCGCCCCGTGCGCCTTGATGAAATGATTGATGCGTGCGAGCGGTTCGATGTGCTGATCGGACCAGATGCCTGCATCACCGGGCGAGATGCGTCCTTCAGGCGACACAGCCGTCGCCTCGGCGATGACCAGCCCCGCCCCGCCGACGGCACGCGCCCCGAGGTGAACCATGTGCCAGTCTGTCGCCAGACCATCCTCTGAGCAGTACTGGCACATGGGCGACACGC
CP050848.1_gap7	159370	161835	2465	ACGCGATCAAGCACGGCCACCCGGGATTACTGGAGTGCGCACCAGCACGCTGGGAGCGGCGCAGATAGCGTCTTCACCACATCGGGCGACAACTTCACCAACTCCTCCAACATCATTCCAAGCGTCACGGGCGGCAGCTGGTATTACGTCGCGGTGACCAAGGAACTGGTCGCAGGCAACACGCAGGTCAACACATGGATGGCGAACCTGTCCAACGGCGACACCGCCCTCACCCAGGTCGCGACAAATCAGACCGTGTCGGGCAGTTTCCAGAACAACATCGCCATGGGCGTCGGGATGGTCAACAGCATCGGCAGCTATGTAGAGGCTTTTGGCGGTTCGATCGACGAAGTCTCGCTGTACAGCGGTCTTCGCACACAGAGCAACTTCCAGACCTCACTGGATCGCATCAACGCCTCGCCGACACTGGTCTATGAACCGTTTGACTACAGTGCCGGTGATCTGAACACCAACAACAGCAGCGCGCTCGGCCTGACCGGCGCCTGGAACGGGAACACATCGTTCGACGTCACCGCCGGAAGCCTGAACTACCCTGCCTCGTCCCCGTTGAGTTCCACCGCCAACAAAGCCGAGCTGTCCGGCAGCAATGGCACCAACCCGCGCATCGACCGCACGATGAGTACCCCGATCAGCTTCGATGAAGCGGGTGTCTACTACGTCAGCTTCCTGATGAATGACACGAATGCCGGCGGCAGCGAGTACTTCTACGTCGCGCTGCAGGACTCAACCGCCCCGGATCAGACCTGGGACATCACGGCCGCCTTCGGCATCAGCAGTTCCGAAACCATGCTGCTGACGACCGTCGACGGTCAGACCGGCTACACAGCGGGCGGAGCCATCCCGACGGGGCAGGACGTGCTGGTGATTGGCAAGATCATCACCACTGCAAGCGGCAACGACCAGGTCTTCATGTCGGTCTACGACTCATCGGAAACCGTTCCCCTTACTGAACCGATCAGTTGGGACCTGTCCAAGTCGGTTGAGATCACCGGCCTGGCCGATCAGTTGCTGCTGATGTCCGGGCCTGACACGCAGACCCGCGTTGATGAAATCCGCATCGGCACCACGTTCAACTCCGTCGCCGTCGCCGCCATCCCCACCCCCACGGCCCTGCCGGCGGGACTGGCCCTGCTAACGATGGCGGCGATGCGCCGTCGTAAATGACCACCGTCTGCACGCGACCGTTCGGCGAGAGCCGAACGATCGCTTTGGCCAACCGCTCATCACTCCGGAGCAATCGATGCAGGATCGACACGATCAAACAGGCTTCACGCTGATCGAACTGCTGGTGGTCGTTTCCATCATCGCCCTGCTGATCGCGATCCTGTTGCCATCGTTGTCGGCCGCCAGGGAACAGTCGCGCCGCGTGGCCTGCGGGGTGAACATCCGCCAACATCTGACGATCGCGCTGACCGAAGCGGTCGCCGACAAGGGCAAGCTCCCCGACTGGCACAACGACTCCGGCCGCTGGGGTACGGATTGGACCTACCCCGTCACTTCACCGGTCGATAAGAACTATCCGCACATCTTCGACCTTGATGCGCGCAACTATCTGCTTGAAAAACTCAAGACCACGCGCGACATGTACTACTGCCCTTCGAATCATGACGAATGGTGGAACCGCGACGACTTCTGGCAGGACAGCGCGTACACCTCCGGCTGGGGCTATGTCTACTTCGGCGCCGCCCCCAAGGGACACGCCAGATGGAATTACCTCGCCGGCACGAAAGAGCCTTTCGCCATCAACCTCCATGATCGGCCCATGTACGACATCCTCTGGACGGACCTGAACCGTCAGATCAACGGCGTCGGATGGTTTCGCTTCGACCCGGCCCGCGGGGCCAACCACTTCGATGACCTGACCGGCAACCCCGTCGGCGCCAACAACGGCTACCTTGACGGCCACGTCGAATGGGTCAACTTCGCCCGAATGAACGCCGAGATGACACGCCCGAATTGGAAGTTCTGGTGGTAATCCCCCCCCACGCATTCACCGCTGACAATCAAACGCAGGAGCTGTTTCATGTCCACAACCCGCAGGCGATTTGTTCAAGGTACGCTCGCCGCCTCCGCCGCACTGTCGACCATGCCGATCCGGGTCCGCGGCGCCAATGATCGCATCGGTGTTGCCGTCATCGGGATGCGGTCACGTGGCAAGATTCACGTCGACTACGTTTCCGACTGTCGCGAATCGCACAACGCCCATGTCGTCGCGCTCGCCGAAGTCGACAAGGGCATTCTCGACGATCGCGTGAAGTGGACCGAGAAGACGTACAACTTCAAATGCGATGGTGTGCAGGACTACCGCCGCCTCCTGGACCGCAAGGATATCGACGTGGTCAGCATTGCCGCGACCAACCACTGGCACGCACTGATGGCCATCGAAGCGATGCAGGCCGGTAAGGACGTGTATGTCGAGAAGCCGGTCAGTCACAATGTGTGGG
CP050848.1_gap8	337455	340694	3239	GGCAATCGCCGCACTCGTTGATGATGTCGAGCTTGAAGGCGGGCTCGGAGGCGCGGGTGATGCCGTGGGCGGTGTGGCAGCTTGTGCAGACGGGCGCTTTCTCGTCGCCGGCAGCGAGTTTCTGGCCGTGCACCGAGTCTTTGTAGATGTCTTCAATACCGACGTGACAACGCCCGCAGGTCAGCGGGACATTCATGCGGCTGACCGAGGATTCGGGATTCGCCGCCGGCAGCACATCGTGGGCGTGGTGACAGTCGACGCAGGTCGCCGCCACGATGAGTCCCGCCTCGGCGACCGCCTTGCCGTGTACGGATTCGAGATACGTGGCGATGAACTCGCCGGACTCGTGCCCGCTGGGGGTCGGGGCTTTGTGCTGCTGGTGACAATCGGCGCAGAGGTTGATGACGTTCAGCGGGTAGGTGCGTGCGGTGCGATCGGACTTGGGCTTGATGCTGTGGCCGCCGTGACAGGTCACGCACAAGGGAGCGCCGGCGTCGGGCTTCTCGGCGGCGACCTCGGCATGCGTGCTGAGGTTGTACTTGACGGCGACATCATCGTGACAACTGGCGGCACAACTCGGCGGCGCAAGCTTCGGGGCGTGCGGCAACTTCTCGGCCTCGGTGTGGCACTCCACGCAGGTCACGCCTTTGTGCACGCTCTCGCCGAGATGCTTGGCCGTGACGTAGAGCCCCTCGCGGGGGCCGACCTCGAGTTGATAATCCGGCGGCGCATCGAGCATCGTCCGCCGCTCTTCGATCGGCAGATCGATGATCTTGCGTTGGCCGTGACAATCGATGCACCGCTTGTTGGCGATGACCGCATCGGAGACAGGCGCGGCACGGAGGCTGCCGGCCCCCACCGCCAGCAGCGCCATCGCCGCCAACGGTAAAAGTCTCGGCGCCCTGCCTAACCCACTGAAACTCACTGATCCAAACATCGGTTAACCTGCCCATCGCAACAGGGTGCAAGCGACGGCCCACCTGACAGGGGCGGACTATCCCGTCGGAATACCGCATACGGCGTGCCAGTAAGAAGGCCCCTAAACGACCTGATAAACAGGGTTTGATGATACCGCTTCTCAGGGTTGAGAATAAAGCAAAAAATTGGATTCTCACACGTGATATCGCCGGTCGCCCACCCCGATCCACCATATTGCCCTTCGGGGCACATCCAATCTTCGCATCAATAGTTGCCCCACGACCCATCCCGGACGGACCGCCGCATGGCCCCAAGCTCCGGGCTCCGGCGGCCTACGGTGTGACGATCTGCGTCGCCTCGTCATCGTAAAGCGGCAGGTCGACCTGCACGGTGGCGCCCCGATCCGGGCCTTCAGAATGTGAAAGGATGCGGATCCGCCCGCCGAGCCCGCGGATGAGGTTGTAGCTGATCGCCAGCCCCAGGCCCGTGCCCTTGCCCACAGGCTTGGTCGTGTAGAACGGCTCGAACACATGCTCAAGCTTGTCGGCGCTGATGCCGGGGCCGTTGTCGATGATTTCGATCCGGCCGTAGTCGTCATGAAAGGTCGTCCGCACGATGATGCAGGGCTTTTCGATATCGGCCAGGGCGTCCATGGCGTTGATCAGCAGATTGATCAGCACCTGCTGAATCGCCTGCGGTTGAATATTCACCACGCAACCGTCGGCACGAAAATCACGCTGAATGTCGATCCGCCGGTGGCGATGGTCAAAGCGGATCATTTCCAGCCCCATCGCCGCCAGGTCATTCAGCGCCATCGCGCGCCACTGCACCGGGCTGGGGTGGGCGAACTCGGTCATCTGCTGGATCGTGCGGCGAATCCGTTCGGACTGTGCGGAGAGCTTTTCGAGATTGGCTTCGGTCAGCCGCTTGGTGTTGCGCTTCATCAGTTGCAGCAGGCTGTCGATGCTGGCCAGGGGATTGGCGATCTCGTGGGCGATGCCGGCAGCCATTTGCCCCATCGCCGCCAGCTTTTCGTGTTGCACCATCGCCTGCTGTTGATCGCGAAGTTGATTGGCCATCTCGCTGATGCGCTGATTCTGCAGCATCAGGTGGTAGCGGTGTCGACGCAGTCGCCGGGCCATCCCGCTGACCAGGTACACCGTGGCGACCTGCACAATCGCCCACGCCAACAGATCGACCTGACCATCGAGATCGCGCGGCCAGTGACCGGCAATGGCCAGCCCCCCGCTGAGCATGATCAGCGCGACCCCCGCCGTGGCGTAGGCCATCCAGCGCGGCAGCATCAGCGAGGCGAAAATCATGTGAAAGACGTAGAACCCGATCAGCGGACTATGCGCATCGCCGGTCCATAGCGTCAACAGCGTCAGGCAGAACATATCCAGCAGAATCTGCGCCGGCGCCAGCCAGATCAGCAGCCCCCGTCGATTGCGGGCGACCATCAGCAGCCACCACAGCACGTGGTTGTACACGAGGATCGAAGCCCCGACGCCGACCATCGCCATCGCATGCACATGCCAGTGCCACCACATCGCATCGATCAGCGACAGCGTCATCACCGCCGCGCCGGCCAGCCAGCGCAGACCGATGAACCACCGCATGCGGTTGTACAGGACTTCGTCGGATGCCATCCGCTCTTGGATTTTCATGAACGCTCGGCACGATGACTTTGCGGTTGCTGCGATACGATCGCGATCGTCGGCACCTCGGGCTCGACCGATCGCTCCAGGTCCAACATCTTAGTGACTTTGTCGTAATCTCGCAGCACAATCCGCCGCACGTGCTTCAGCGACTCGACCACCCCCGCCATCCGCTTGAGGTTCTGATGAATCTCCAGCAGGCACTTTTCGGAGGCTTCGGGGTCCAAACGCCGTCTGCGGAGCAGGGTCAATTCCAACTCGATGACGGTCATGGCGTTGTTGAGTTCGTGGTTCAGCGTCAGGGCCGCCTGCTGCAGCACCTCGACGCGCCGCTGCTCGTTGCCCTGAAGCTGCTCGGCCAGCTTGTTGTACGCCGACGCCAGCACGGCAAACTCATCGTCGTTGTCGACCTCGACGCGGTGCTGGAAATTCTCCTTCGCCAGCTCGCGCGAAGCGGCCACCAGTTTGTCGACCGGTTCCAGCACCATCTCCGCCGACCGCAACAGCATCAACACCGACACGTCGATCACCAGCAGAAACCCGATCGCCATGCCGATGATCAGCCAGCGGAAATAACCCGTCAGATCGATCTGTTCCTGCCGGACGTGGCGATGGGCATAGTCGACGATTTTATTGGCGTCATCGCGCACCGCCGCGGCGGTG
CP050848.1_gap9	354549	356769	2220	GGCCCCGGCGGAATTCATTGTCAACTCGCCGACGCCGCCGGTCAACTGCAGCGAATGGTTAGGCGATCAGCGTGAACTCGCCACCACTGCCGTGATATGTTTCGCAGAACAAATGGAATCGCTGACGACACGAGACGCATTGTAATGTGCAGTCGACGTTGTCGCTCCATTGAAGTGAGCCGTCGATGATTTCGAGCACTCCGGGCTTTACACCGTCAAAGAAAAGATGTTCGTGCAGTGATTGAAGTTCGTCGGGGAGCCTGATGGTCGCCGGTACAAATTGATCACAGCGATCGCATACGGAAGCCGCCTAACGAAAATACCTCAGTTGCCGGCTGCACCCGGAGGAACACCCTCACCGGCCCCGGCACAATTCATTGTCAACTCGCCGGCCCCGCCGGTCAACTGCGAGTGGTGGTTATCCCCCCCACCGCGATCGTTGAGGTTTCGACTCGGAGATGCGGCAAACGGCGAGACACACCTTCTCCGTGCGTCGGGCGACCGGTCTGCGGCCGCAGCATCCTGCCGGCGGTTCGGGAAACCCGTGATCATGTTGCTGTGGGGATCGATCCGATTTACCCTATAGATGGTACACACTCACCGCTCGGAGCCCACCACCATGGCCCATCGACACGGACGTCTGGCGATTCTGCTGGCCCTGACTTTCTCGATCGCTTCTTGGGTGATCGCCCAGGACAAGCCCGCCGAATCCGCCCCCGCTGCGGACAAAACCGCTAAACCCGCTGCCCAGCCCTCGCCGGAGAGCGTGCTCAAGGACATGCTCGACAAGCCTGTCGAGAATCCGATCATCGAGCCGTCGCGTCCTGCCGAGGCGGTGACCGCCCCCGCCGAGGCCGTCGCCCCGGATCAGAACATCGTCGGCACCGCCCCCGGCGCCGCGGCCAACACCCAACTGCGGCGTGAAGGCACCTTCGTGATCACCCGGCGCGGCCGCATGGTCCGGGCCGCCGGCGGCGCTTCGCCGTGGATGGTCACCTTCGACGCCGACGCCTCGGGCATGGCCGATCCGCCGATGTACCTGATGCCCTGCCAGATGCTCGAAGACATGGAGCAGATCGTCCAGCAACAGGGCGACGGCGTCGTCTTCGTGATCAGCGGGCAGGTCTTCGTCTACCACGGGGCCAACTACGTGCTGCCGACGCTGATGAAGCTGGCGCCCAGCCACGGAAATCTTCAACCGTAAGACGATTGACCCCGGCCCATTTAGCCGATACTGTTCTGACCTGCCCGACACACCCCGGAGAGGTGGCCGAGTGGCTGAAGGCAACGGTTTGCTAAACCGTCATAGGGGTTAAGGCCCCTATCGCGGGTTCGAATCCCGCCCTCTCCGCTTTTAGAAAATCGAATAGCGTTCTCGGATGTGCCGCCCGCCGACGCGTGAGCGTCGGCGGGTGCAGAGACTAGAAGTGTTGATTTTTCAACGTGTTGCCAGGGACCACGGGGTGCAAACACCAGTTGGCGGGCAACCAGTTGAGGGTTCGAACCGATTTTTTTGAAAAAATTGAGTTGTTTTTCTTTTGTGCCTTCCGACGCCACATATTTGGCTTGTTTACTGGCTTTAATGAAACGAGCCATCGGTTCTAACCGATTCGAGCCATGACGCTCCAAATCGCCGATTTCCTCGTCGAGCGTATGACGTTCGGCCACCAGTTCAGATTGGATTTCCCGGTAGCGAGCTTTTGAGATCACACCATCAAGCCAGCCTTCTTCGGCTCGGGCAAGTTTCTTGAGAACCCCTCGACGCTTGGCCTCAACATCAGCTTGGCGTTTTTGGGCTGCCTCTTTGAGGCACTCCTGTTCTTCCTGAAGTCGAACAAGCATCGCTTCGGCCCAGTCGTCCGGCAGTGAGACGCCAATTAAAGCCGTGGTGATCTGCTCGGTGATTGATTCTTCTCGAACGGCTGGACGGTACTCGTGCTTGCATGGCTCCTTGCGTTTCGTGCAGTGGAGATAGGTGTGACCTTTGGCCGTCTCCGACGTGACCAATCCTCCACAAACTGAACAGCGGATGAACCCGCGATAGAGGAAAGGCTTCAAGCCCTTGCTCTTCGGCCGAGAACGATTCGACATGACTTTCTGACAGCAGTCGAAGAGCTTCTTGGTGATGAGTGGCTCATGAACGCCATCATAGAGTTCCCCTTTGAATGAGAAGGCTCCATAGTAGATGGGATTCATGAGCATCCGCTGGGCAGTTGAGGG
CP050848.1_gap10	447736	451958	4222	TGGCGCTGGCCGACCACGTGCGCGTGGCCAGCTTGTCGCCGACCATCCAACTGAAGATCGACAAAAACACCAGAGCCGCCAGCGCCGAAGCGACCCAGCGCATGCTGCGCTGCACGCCCCAGTGGCGGATCATCTTCTGCTCAGCTTCTGACAGCAGGCTCTGCACCTGCTTCAGCGCATCGCGCTCGCTGAGAATCTGACGCACGACGGTTTTGGCTTTTTCTAGCTGACGGGAGCGATCGTCGAGCGTGGCCTTGCGCTGTTTCATCGCACTGCGCATGCGTGCCAGGCGCACCCGGCGCAGGTTGGTGATCTGCTGCTGACTGCGGAAGCCGGCCGCCTGATCGACCAGCGCCGCGGCCTTCTGATCCACCGCCTCCTGCTGGCGAGCGACTTCAGCCCGCTGATCGTCCAACTGCTTGATCGTCTGATCGTACTTTGATTTTTCGGCCTTGAACGCCTCAACACGGCCCAGCAGGTCCGCCTCGGCGGCCTTGGCCTGCGCGGCACGCTTCTCCAGCGCCGCTTCACGCTCACCCAGTTTGGCGACCCACTGATCGATCGCTTCACGTTCCTCGGCCAGCTTCGCCTGATCGTCGGCCAGCGACTGCTGATCGTTTTCAAGCTGCTGCTGACGCTGATTCAGGTCGGCGATGCGAGCCTCGGCCTCGGCGGCGGCCGCATCGACCTCCGCCTGGTGAGCTTCGACCTGCTCGCGGGCCTCGGCAAGGCGGGCCTGCTGCTCGGCGAGTTCGGCCTGCCGACCGTCGAGGTCCGTGGTCTGACTGGTGTAGGCCTGACGCTCGTCGTTGAACGCTGCACGCTCAACCTCGAAGGCTTCGGTCTGCTGAGCCAACTGATCATGCCGGGCTTCAATCTCGGCAGCCTGCTCATCCAACTCCGACTGGCGGGCTGCGACGGCCTGCTGATCGGATTCGAGCTGCGCCAGCCGCTCATCGATCTTCGATTCGCGGGCGGCGAGTTCGGCGGCACGCTCTTCGAGCTGCGACTGGCGGGCATCAAGCTGCTCGGCCAACTGATCCAGCGACTGGCGCTGCTCATCAAGGTCGGCCTGGTGCTGTTTGTATTCGGCGGATTCGGTGTCGAAGGCGGCACGACGCTCATCGATCTCCGCGGCACGCTGCTCGAGGTCGGCACGCTGCTGCGCAAGCTCCTGAATCGCCGCGTCGATTTCCGACTGCTTCGACGTCAGGGCTTCACGCTCTGATTCCAGGGCGGCGTGGCGCTCGGCCAGATCGGCGGTCTGATCGTCAAGTTCGCCGAGCTGACGGCGATACTCGGCATCGCGCTCCGCCAGATCGGCCGCATGCTGATCCAGCGTCGACTCACGTTCGGTCAGTTCACTTTCACGCTGATCCAGCGCCTCGCGCAACTCAGCGAGCTTGGCCTGCTGATCCTGCGTGGCCGCCTCCATGGCTTCGACCTGAATCACGCGCTCGCAAACTTCGGCGTGTTCTTCCTCGACCTGTTCGCGCTGCCTGGCGAGTTCGGCCTGGTGCTGAACCAGTTCCGCTTCCATCGACTGCACAGCCTGCTGGTCGGCGTCGATGCGCTGGGCGCGGTTGGACAACTCGGCGTCGGCCTGGTCGATCTGGTCACGGCGGTGATCGAGGTCTTCAAGCTGCTGCTGCAGCGCGGCCTTGTCAGCCTGAACCTGCTGGGCGCGCTTTTCCAGTTCGGCGCGTTCGTTCTCGAAGGTCTCCCTCTCCACGGCCAGCTTGCGGCGTTCGTCGGCGAATTCCCGCTCGACCGCCGCCCGCGTCTGCTCCACCAACTCGGCCTGCAGGGCCTCCTGCTCGGCGGCCAGGTCGTTGATCTGCTGGTTGGCCGCATCGATCACCTGCTGGGTCTGCTGCAGATAAGCCTGCAGGTCGTTCCAGCTATGCGACTTAGGCGGTCCCACACGCGGCGTGTCGGCCTGGGGGGTCGTCTCGGACTGATTCTGCGGTGTGCTCGAATGCATATGCGCTCCTCCGCTTGCTGCGCGGATGTAAGCGATATCGGGCGAATGAGACAATGGGTTAACTGAACCGGCCGTGACGAAAACGGATTATTTTCCGACTGTGACGATTGTGAGGCCGGGCGCGTTATCCGGACCCGCATCATGCCCCTCATCAAATTTTGAACCCCCTGCCGGCACTTGGGTCACGGCCTCGGGGCGGCTATCATGGTGGACGATGGACGCGCAGCTACAGAAAATTGCCAACAAGGTTGAAGCCGGCGAGCGCCTGGACGCCGCCGATGCCCGGGTGTTGTTCGATTCGCGGGATGTGTGGACGATCGGGCGGCTCGCCGACTCGGTCCGCCGCCGCCTGCATGGCAACGTGACCTACTACAACGTCAATCGCCATTTCAACTACTCCAACGTCTGCGCCCTGTCGTGTAAATTCTGCGATTTCTACCGCAAAAAGGGCCAGACCGGGGCGTACGAGTTCAGCCTCGACGATGTGCGCGCCAAGGCGGCCGCCGCGAAGGAAGCCGGCGCCACCGAGATTCACATCGTCGGCGGGCTGCACCCCTGGCTGCCGTTTGAGTATTACACCGACATGTGCCGGGCTGTGCACGAGGTCTATCCTGAGTTGCACATCAAGGCCTTCACCGCCGTCGAGATCGTCCATCTGGCGCGCATCAGCAAGCGCGGGCGCGACATCGACGGCGTGTTGACCGACCTCAAGGAAGCCGGCCTCGGGTCGCTGCCCGGCGGCGGGGCTGAAGTCTTCGACGACCGCGTGCACGATGAGGCCTTCAAAGGCAAGATCCGCTCGGACCAGTGGCTGGCCGTGCACAACGCAGCCCATCGCGTCGGGCTGATGTCCAACGCCACCATGCTGTACGGCCACATCGAGTCCATCGACGACCGCATCAACCACCTGATCATGCTCCGCGACGCGCAGGACCTGGCCATCGAAAACGGCTGGGCGGGACGCTTTCAGACCGTGATCCCCCTGCCGTTCATCCCCGGCGAGTCCGAACTCAAACATCTGCCCGGCCCCACAGCGCTCGACGACTTGAAGATGCTCGCCATCAGCCGGCTCATGCTCGACAACTTCGCGCATGTGAAATCGTTCTGGATCATGCAGACGCTCGAGTTTTCACAGCTCGCGCTCAGCTTCGGCGTCGACGACATCGACGGCACCGTCGTCTGGTACGACATCACCAAGGTCCAGCGTGACGGTGATACCCACCAGGAACTGACCGTCGCCGACCTGCGGGACACGATCATCGAAGCGGGCTTCGTGCCCGTGGAGCGCGACACGCTGTACCGGCGCATTCGGCGCGACGGCCCGGACTGGCAAGTGATCGACGCCGCCGCCGAGCTGACGCCGGCGTGAGAAAGAAAATGGTCAATGACCAAATCCCAATGACCAAGGCAATGCTCAAATGCCGACTGTTCAAATGAGCCGATTTCCCGGTTTGGACATTGGTGCATTGAACATTACCTTGGACATTGGTCATTGGGATTTAGTCATTACCGCCCGAGTTTTATTTCATCTACTAACGGGGAGATTGGCGGCATGATCGCCGCTATCGTGGTTCCATGCATACCAAGCAGTACGACGTGATCGTGATCGGGTCCGGGCCCGGCGGGGAAGGCGCCTCGATGAAGGCGGCCAAAGATGGCAAACGCGTGGCGGTCATCGAGCGCTACGTCAGCGTCGGCGGCGGATGCACACATTGGGGCACGATCCCCTCCAAGGCGCTGCGCCACGTGATCGCCAATCTGAACATCTGCGCGAAAAACCCCTTCATTCCAAGGCACTACCTGCCCAAGCCCGAGTTCTCGCAGGTGATCCGCAACGCCGAATCGGTCGTCCGCTCGCAGGTCGAACTGCGCGAAGGGTTCTACGGCCGCAACGGCGTGCCGATCATCCAGGGACACGCCAGTTTCGAAGACGACCACACCCTGATCGTCCGCACCGGCCACGATATTGAAGAACGCATCATGGCCGACCACTTCGTCATCGCCACCGGCTCGCGGCCGTACCATCCGCCGGATGTCGACTTCGGCCACCCGCGCATCTACGACGCAGACACGATTCTGACCATGCACCACACGCCCGGGTCGATGACCATCTACGGGGCCGGCGTCATCGGGTGTGAATACGCTTCGATGTTTCGCGGGCTCGACGTGAAGGTCAATCTCGTGAACACCCGCTCCAAACTGCTGGAGTTTCTCGACGACGAGATCATCGACGCCCTG
CP050848.1_gap11	485517	488992	3475	GAGCAACGGCGTCAGGTCGGGGGCGGTGATGCGGATCAAGCCGCGGGACGCGCGCCCGGGCGGTGAGCTGACCGCGAGGATGGGATCATCGCATGACCGCATGGCGGATCATTTACGCTTCTTGTTGCGCTTCTTGCCGCCGGTCTTCTGCTGGTCAAGCATCTCGCGCTGGCGCTGCTCGGCGGCCTTGGTCAGCCGGTCGAGAAACCCGCCAGGCTTGGGGCCCTTCGGCTTGCCCCCGGCAGCACCAGAACCGGGATCGAAGTCGCCACGGTCTTCCATCAGTTTGATGTGATCACGGACGCGCTTGGACTCGATGATGCCGACGGCGGTCGACGTGAGGATGTAGAGGTTCAGACCCGACGGCGCCTTGTAGAGCATGATCGGGAAGAGCATGACCATCCACTTCATCATCTTCTGCTGCGCGGCGGCCTGATCGGACATCTGCGGCGTGGCCTGCGTGGTGTACTTCTGCTGAATGAAGAACACGACGCCCATCAGCAGCGGCAAAATGTTGATCGAGTCGATCGTGGCAAACCCGAGACCGATCTCCGGCAGGCGGATGAACTTGTCCTGTGTGGACAGGTCGGTCAGGAACATCCAGTTGGCCCCGAACAGCTCACCGATGTGGTGGAAGACGTTGTAGAAGGCCGGCTGCTGGCGAAGCTCGATGGCGAAAAAGAGCATGGCGTACAGCGCGAACCAGATCGGCATCTGCAGGAACATCGGCAGGCAGCCCAGACCCATGGCGGCGGGGTTGACGCCGCGCTCGCGATACAGGGCCATCATTTCCTGATTCAGTTTCTGCGAGTTGCCCTTGTACTTGGTCTTGAGGCGTTCGATCTCCGGCTGCAGCATCTGCATCTGCTTGCCGACTTTCATCATGTTGACCTGCGAACGCTTGGTCAGCGGGTGCAGGATGCCGCGTACGATCGCCACCAGCGCGATGATCGCCAGGCCCCAGTCGGCGAGCATCCAGTGGAAAAAGCTGAGGAAGCTCAGCAGTGCGTCAGCCAGCCATGCGAAGGTGCAGAACGCGCAGAACCCGCCGAGGCTGTACTCGATCAGATCGCCGAGGTTGATGCGGGTGTAAGCGGGGTCTTTCTTGAGCAGCGCGGGGTCCTGCGGCCCGGCGAACAGGGCTACCTGAAGCTTCGCCTTACCCGCGGGCGCGACCGCCACCGGCACCGAATCCAGCAGCAGCGCCAGCGACTTGTTCTTCGGGTCGCTGCCGCCCCATGTCAAACGGCGCACCACGTTGAACTGACGCTGCAGCGGCTCGACCACCTTATCGTCGACGTCGATCTCCGCATGCAATGCCGCGGCGAAGTAGCGATTGGTCATGGCAACCCAGGCCAGCTCACGGCCGGGCGTTTCATCACCGCTGGGCCAGATGGTGGCGGACTGTTGATCCAGCACGTTGGCGCGGGTGAAGCGGTGGTCTTCGGTCGTCAGATATCTCGATTCGGCATTGGACCGCAACGGTTGAAGATAGCACTCGACGACCTTGCGGCGGTCGCCGAGGTAGCCGCCTTCGATGATCGGGTCGACCGGCCCGAGCTGCGTCAGACGCACGTTCATCGGTTTGTCGGTGAGGTTTTCAAACTGCTGGGTCAGGTGCAGGTCGTAACGCTCGGGGTCGATGGTCCACGTGCGGATCAGACGCAGAGCGGGCTTGTCGTCGGCGCCGGCGAGCGTGAGCGTGAAGGTCGCGTTGGTGGCATTGGTGGCGGCGGGGTCGACCGCCCAGCGCTGGCCGTAGACGTAGATCGGCTTGGCGTCGTTGACGATGACGGCGTAGGCGGCCATCGGGTACAGGTAGCTGGCGGCGCCGGTCGCGGTGTCGGTCGTGTAGACCGCCTGCTCCTGGACGGGGTACGGGATGTGCTCATCGACCACGGTGGAGTAGCGGGAGAGCTTGATGTGCTTGATGCCGCCGCCCCAGGGGGTGAACTTGGCCTCGAGCACGTAGGGATTGGCCTCGGGATCGCGCTCGGTGGATCCGAGCGTGGGCTCGGGCTGCGTCTGGGTGACTGCCACAACGTGCAGCCCCTCGACTGGCGGCAGATCAGCGGGCGCCTGGGCGGCCTCGGCGGGCTTTTCAGCTTCCGCCGGGGGCGTATCCGCGGTGTCCGTGCCCTCCGGGGTCTTGGCGGACTGCTCGGGGCTCACCGCGGGCGTCTGAGTCTCCGCAGGCGCATCGCCCGGGGTCTCGCCACGGTGGCTGGCCAGGGCGATGGTCAGGCCCACGGCCACGGCCACCAACAAAATCGTCAACAATGTGCGTTGCATGTATATCCTCGCCATCGGGGCGATCGAAGTCGGACAGTATATGAAGAAAACCCGTGATCCGAAACTCGGTGCCGAAAATTCGACCCCGACGCTTCGCCTCGCTCAGCATCGGGCTTTTCGATGCCGGTGCGGTTGTGAATGTTCAGTTCATCGACCTTCGAGCAGACGCTGGCCGAAGAAGTCGTTGAGATCATCGATCTGGGAGACCTTGTCGATCACGGCCTGGATGTCGTACTCGATGCGGACAAACTCGACGTGGTCCTCGTGGACGATGCCGTACCCGGAGCGGGGATCGCGATCGCGCGGCTGGCCGACGGACCCGACATTGATGATGAATTTTTCCTCATCGGGACGGAACACGTACTTGCCGCCGAGTTCGCCGGGCGTGTAGAAGTCCGGCTCGTTGGTGAACACGCCCTGCACGTGGGTGTGGCCGACGAAGCACCCACGGTCCAGGCGATCGAACAAGGCCTGCATCTTGGTCGGTGCGGTGGCCACATCGTCGGCGAAGATGTACTCGTTGATCGGGCGGCGCGGCGAGCCATGCACGCAGATCACGCCTTCCATGAGCGTGTGGCGAATCTGCAACGACCCGAGGAAGTTCCACCGCTTGGCGCGCTGCTCGCGGTCGGGCTCGAGTTCGAACTGGCGGCGTGTCCAGAAGCTGGCGGTTTCGGCGCCGACGTTGAAGTTGGTCGGTTCGTAGAGCACGGCGTAGTCGTGGTTGCCCATGAGCATCCACTCGCAATTTTCCAGCACGAGGTCGAGGCACTCGCGCGGATTCGGGCCGTACCCGACGGTATCGCCGAGGCAGACGATGCGTTTGACGCCTCGCTGCTTGATGTCCGCCATGACGGTGGTCAGCGCTTCGAGGTTGCCGTGAACGTCCGAGATGATCGCGATCGGGTAACTGATGCCTCGGCTCCTTGTTAGAGCACGTATCCTACGAACAGGCCTAGCGCATCGTCAAGGCTCGACGCGGATGACCGCCCCACTTTCAAATTCGCGCCGGCCTGCGGCACAATCGGCGATGACCTTCGCCACCACGTCAGGGTCCAACGTGGCGTCGCGCGGAATCATTTTTTCATCAAACATCGACCGTAGCATCGGCGTCTCCACCGCCCCCGGTGCGATCGCCACCGCGCGGAGCCCGATCGACTCGCCTTCGTCGGCCGTGACGCGC
CP050848.1_gap12	509084	511036	1952	AAGGAAGAACAGGTTTCGCTGAAGCGAGGCTCCAGCGGCGTGGTCCACCAGATCGCTCCGCAGGCGATGCCCGCTCCGGCCGCTGCCCCCGCGCAGCAGGCCGCACCCGCCGCTGAGGCGCCCAAGGCCGATGCCGACGATGGGCTGGCCAAGATCAACAGCCCGATGGTGGGCACGTTCTATGCGGCGCCCAGCCCGGATGCCGAGGCATTCGTGAAGGTCGGCACGCGCGTCGATGCCGATACCGTCGTCTGCATCGTCGAAGCGATGAAGGTCTTCAACGAGATCAAGGCCGAAACGACCGGCACCATCGAAAAGGTGCTCGTGTCCACAGGCCAGGCCGTCGAATACGGCCAGGCGCTGTTCCTGGTCAAACCGGACTAAGAAGAAAGGATTCAGGAGACAGGAAGCAGGAGACAGCGGTCACAAATACACTGGCCCCTGTCTCCTGGCTCCTGTCCCCTCTGACGACATGTTCACGCGCATTCTCATTGCAAATCGAGGCGAAATCGCGCTGCGGATCATCCGCGCGGCGCGCGAGCTGGGCATCGGCACGGTCGCGGTCTATTCCGAAGCCGACCGCGAATCGTCATATGTCAAACTCGCCGATGAGGCGGTGTGCATCGGCCCCCCGCCGCCGACCGCCAGCTATCTGAACATCGCTTCGATCATTGCCGCCGCGGAGATCGCCAACGTCGACGCGATTCACCCTGGTTACGGTTTTCTCGCGGAAAACGCCCACTTCGCCGAGGTCTGCCGCTCGTGCAAGATCGAGTTCATCGGGCCGTCGGTCGAATCGATGACGCTGCTGGGCGACAAGGTGCAGTGCAAGAAGCTCGCGATCAAGCACAAGGTGCCGACCTTCCCGGGTTCCAAGGACGGCGTCGACGACGAGGACGAGGCAGTCAAAATCGCCCGCGACATCGGCTACCCCGTCATCATCAAGGCGGCGGCGGGCGGCGGCGGACGCGGCATGCGCGTGGCGCATAACGACATCTCGCTGCGATCGGGCCTGCGCAGCGCCGCCAGCGAGGCGGAATCCGCCTTCGGCAACGGCACGGTCTACATCGAAAAATTCCTCGAACGCGCCCGCCACGTCGAGGTGCAGATCATCGGCGACACCCACGGCAACGTCGTGCACCTGTTCGAGCGTGATTGCTCGATGCAGCGTCGCCACCAGAAGCTGATCGAGGAAGCGCCCTGCCCGGTGTTGTCGAAGGAAACGCGTGAGGCCCTGTGCAAGTCGGCCGTTCGGCTCTGCAAAGCGGCGGGTTATTACTCGGCCGGCACCGTGGAGTTCCTGCTCGATGACGCCACGCAGAAGTTCTACCTGCTGGAGGTCAACACCCGCGTGCAGGTCGAACACCCGGTGACCGAGGCGATCACCGGCGTCGACATCGTCAAGACGCAGCTCCAGGTCGCCGCCGGCGAGAAGCTGCCGTTCAAGCAATCGCAGATTGCCCTGAACGGTCACGCGATCGAATGCCGCATCAACGCCGAAGACACCGAGCGAAACTTCGCCCCGCAGCCCGGCCTGCTGTCGCGGTTCACCCCGCCGGGCGGCCTGGGCGTGCGTGTCGACACCCACTGCCACGCCGGCTATCGCATCCCGCCGAACTACGACTCGATGATCGGCAAGCTGATCGTCCACTCGCCGACGCGTGATGAAGCGATCGCCCGCATGCAGCGCGCGCTGCGCGAGTTCGATATCGCCCCGATCGCTACGACGATTCCGCTGCACCAGCGACTGCTGAACAACTCCAAGTTCGTCCGCGGCGACGTCGACATCGACTTCGTCGGCCGCCTGCTGGGCCGCTGAAAACACCCCTCCATCGTTGCAACATGCGTCATCATCATCAGTATCATTGCAGCATGCCTTGACACGCAACGGGCATCACCCCGCACGACATTTCACAACCAATCACCACTCCCAAACGACACAACGTCGCACT
CP050848.1_gap13	531189	533737	2548	TGCACCAGCGGATTTATCAGCAGCAGCCGGTCGACGGCAAGACGTGGCTTCAACTCGGGCAAAGGCTCTGGTCGATGGACAACGGTCGCTCGGTCGCCTCGCGCGCGTTGATTCAGGCGGTGCGGCTGGACGACTCGCTCAAGGAGGCTGCCGACGCCATCCGCGCCGGTGAAGACCCGGTGATGGACGACGCTGAGCCGACGAACAAGAAGGCGTGGAAATCCCTCGACGACGCTCAGAAGCAGAAGGAGGTCGACGCGCTGAAAGCGCTCGGCGATCAGGCCCGCGAGAAGTTCTGCCCGAGGCTCAAGCTCTACGAAACCAACCGTTTCGTGTTTTTCAGCGATCTGCCCCCGAACGAAGCGCGCAGTTGGCAGCAGTTGCTCGACCGCATGTATGACCGGATGACCGACATGTTCGGCCTGCCGCGTCATACGAACATCTGGAAAGGCAAGGCGGGGCTTTTCATCTTCGCTAAGCGCGATGACTTTCACAGCTTCGCCAACATCATCGGCACCGGTGAGTACCCCGACTGGGCGGTCGGCCTGTGTCACCAGTTCGGCGACGGCCGGGTGGTCATCAATTTCTACCGTTCACCCGACAAGTGGAATTTCGCCCACACGCTCGTTCACGAAGCCACGCATGGTTTCGTCTGGCGTTACCGCAGTCGCCAGCGCGTGCCGTCGTGGGTCAACGAGGGGCTCGCCGAGTGGGTCGCCTGCGCGTTGGTGCCTGCCGCCAGCAACATACGCTCGGCGAGGGTCGACCTGGCCGCCCGCTTCCGTGAGGGGCAGCCCACGCTCGGCGGCATGTTTGAAGCCGACCGCATCGACCCGCCGCAGTACAAGATGGCGATGACCCTGACCGATGTGATGGTGCAACTGAGTTCGCGGCGTTACGTCGACTTTTTCAACGCCATCAAAGACGGCAAGCCGTGGGAACAGGCCCTCGAAGAAGACTACGGCCTCAGCGTCGACAAACTGCTGATCGCTTACTCGCGGGCGCTGGGGATGAACACCGTCGTTCGTCCGTGAGTACGTGACATGCATACCTATAAAGAAGAAGCCCACGGTGTGACACCGTGGGCTTCGGTCATACATCGGAATGTCGAGTGGGTTATTCGCTCTTGGTTTCTTCGCCGGACTCGGCCTCGGCGGATGCCTCGGCTTCGGCGGGCTTGTCCTCGGCGGGAGCGGATTCTTCAGCCGGAGCTTCGGGGGCTGCTTCTTCGGCAGCGGGCTCGGCCTTGGCCTCTTCCGGGGTGGACTTACCACCCTTGCGGAGCTTGGCGGCGAAGGCCGTGCGGCGATCGGCCGCGGCGCGGCGGGAGGACTTGGAGGTGTGGTTGTGCTTCTCGTCGTCACCGACCAACTGCAGCACGACCAGGTCGGTGCCGTCGCCGATGCGGTGCTTGGCGAGCTTGACGATGCGGGTGTAACCGCCGGGACGATCCTTGAACTTCGGACCGATCTCGTCGAAGAGCTTCTGTACGAGGGTCAGATCTTCGATCTGCTCATCCTCGGCGCCGCCCTTGACGACCAGGATCAGGTCCCGGTCACCGCCCAGCAGGCTGGTGGCGCGACGCCGGGCGTGCAGGTCCCCGCGGCGGGCCAGGGTGATCAGACGCTCGACGAACGACTGAACGGCCTTGGCCTTGGAGATGGTGGTGGTGATCTGACCGTGCTGAATCAGCGCGGCGGCCAGATTACGGAACGTCGCGCGCCGGTGCGCGGTGTTCCGACCGAGTTTGCTTCCGGCAATTCCGTGTCGCATGAGTCACATCCTTACGCGGCCTGCGCCACGCGCGGGGTTGGTTCCAAAATCAGGTTAATCCAGGCCGAGTTCGATTTCGTCATCGTCGTCAAACGCACCTTCGCCGCCGAGGCTCAGGCCCAGGTCCGCCATTTTGCGCTTGATCTCGCGAAGCGAGGTCTTGCCGAACGAGCGGATTTTCAACAGGTCGTTTTCGTCCATCGCCACCAGGTCGCCGACGGTCTTGATACCGGCGGATTCCAGGCAGTTGCTCGCACGCACCGAGAGGTCGAGGTCCGCGATCGGCATCACCAGGCGGGAATGCTCTTCCTGCTCGGCTTCGATGGCCTCGACGGCCGATTCGCTGACGGTCTGCTGACCGATCTCGAAGTACTGCACGAACGGGTTCAGGTGCTTGCGGAGAATCTTGGCGGCTTCGACCAGCGCCAGCTCCGGGGTCACGGCGCCGTTGGTCCAGATTTCCAGCGTCAGCTTGTCGTAGTTGGTCTTCTGACCGACGCGGGTATCTTCGACCTTGTAGCGGACACGCAGCACCGGGGAGAAGATCGCATCGACGTGGATCACGCCGACGGTCTGCTCGGCTTCGCGCTCAGCGAGTTCGGAAGCGGGGACATACCCGCGGCCCTTCTCGACGGTGAAGTCGATATCGAAGTCGACTTCCTCGGTGAGCGTCGCCAGCACGAGCGACTTGTTGAGCACGGTGATGGACGTGTCGGCCTCGATGAGATCGGCGGTGACTTCACCCGGGCCGGTGGCGCCGAGGGTCATCGTCTTG
CP050848.1_gap14	536393	537933	1540	GAAAATCACCCGCGGCTGCCGCGGATGCGGGGCCCCGCCCCGCCGGTTCCGCCGGACTCGCCGCCGGACAAAAAGCCCTTGTAGTTACGCATCAGCAGGTTCGCCTCGATCCGCTGCACGAAGTCCAGCGCCACCGACACCGTGATCAGAAGACCCGTGCCGCCGAGGAAGCTGGAGACGAAGAACGGAATGCCGAACGCGCCGCTGATGATGGTCGGCACCACCGCGATCAGCGCCAGGAAGCCGCCGCCGACGTAGGTGATGCGTTCCATGACCCGCTCGAGATAGTCAGCCGTGCGCGGCCCCGGACGCAGGCCCGGGATGAAGCTGCCGTGATCGCGAAGCTGTTCAGCCATCTCGTGCGGCTGGAACTGGACGGAAGTCCAGAAGTAAGCGAAGAAGTAGATCAGCGCCACGTAGACCAGCACATGCAGGTAGTTGTACCCGCTCATGGCCAGCTCGGCGCTGAGGAACCGGAAGAACGATTCCCACCACACCCACTCGTTGGCGGTGCCGATGCTCTGCAGCCAGGGGAACAGCATCGTCGGGATCATCATCAGCGACGAGGCGAAGATGATCGGCATGACGCCGCCGTGGTTGACGCGGAGCGGCAGATAGCTGCGCTGTCCGCCGTAAACGCGCCGGCCGCGGGTGTGCTTGGCCTGCTGAACCGGAATGCGCCGCTGGCCCTGGGTGATCAGCACCGTGCCGGCGACGACGAAGATAAACGCCGCAGCCAGGAAGATCACCTTCATCGGGTCCATCGTCTTGGCGGCCGATCCGCCGGCGGTCATGTCGAAGTTCTGAATCACCCAACCGACCGCGGTGGGCATGCGGGCGATGATGCCGGCGGTGATGATCAACGAGGCGCCGTTGCCGATGCCGTACTTGTCGATCTGCTCGCCGAGCCACATCAGGAACATCGTGCCGGTCGTCATGCCGAGAATGCCGCACGACCAGTACGTGATCGACGATTCATACCCGGCGTAGACCAGGTTCTGCCGCATGAAGAACTGCAGATAGAAAATCGACTGAATCAGGCAGAGCCCGAACGTCGCGTAGCGGGTGTATTCCTGGATTTTCTGGCGGCCGGCGGGGCCTTCCTTCTGAAGGTTCTTCAGCGGATCCAATACGGTCGCCAGAAGCTGGAAGATAATCGCCGCGGAAATATATGGAAGAATGCCCAGACCGAACAGCGTCGACTGCCCCAGCGCGCCGCCGGTGAAGATGCTGATGAACTGGGCCATGTTCGCCGCAGCGGAGCCGGACTCCTGAGCACTCTTGAAGTACTCAGCCAGTTCGGATTGATTCACGCCGGGCAGGGGCACCCAGAACCCGATGCGGTAGATCACAAGCATGCCGAGCGTAAACAGCAGCTTGTTCCGCAGGTCGGGGATCTTGAAGATGTTCAAAAAAGCCTGGAGCATCGCATCGCCTGGGTTTAAGGTCAGGGATCGGTAATCAACACATTACTCGCCGCTGTCGTCAGCCTTTTCCTGCTTGGGTTTTTCAGCCGGCTTGGCCGCTTCGGGCTGAGCCT
CP050848.1_gap15	554069	555260	1191	TGTGGAAACGCCGCGAGAGTCCGCCGCCTTTGGGGTCGATGTCGTCAACTGCCAGATACGCCCCGCCACCGTCGAGCGGGCGGTTGGTCCGCACGGCCGCGTTGCCGGTCGAGCCGACCAGTCGCCACGATTCACTCCAGCCGTCGCCCTGCTGGCCGGGATAACCGTCGATCGGGTCAGCGCCGGCGCCGGAGAAACTCAGAGTGGCCAGTTCCATCGGCAGACGGTCAAATGACACGCTGCCGGATGAGTCGATGCGGGCGATCTGCCCACGGGTCATGTCGCCCAGCACCTGGTCGGTCGCATCGTCACGATGCAGACGCACCTGCCCCTGATACACCAGCACGGAGGTCAGCCCCGGCGGTCGGGTTTCGATGGCGAATTCCGTACCCAGGTCGACGACCGACACGCCGCTGGGCGTATCGACGCGGAAGCCCGACGCGGCCGGCGGCACATAGGCCTGCAGGCGACCGGCCATCAGGCGACCCCGCGAGGCGTTGACCAGGTCGAAAGCGCAGGGCCCGCTGAGGTCCACCACCGCCCCGCCCTTGAACATCAACTGCACCTGGCCGGACAGCAGTCTCACCGTGCCGGTTGATAGTTCACGCCCGAGTCCCATCGGGCCGTCGCCCTCGGCGAAGACGGCGTTCTGCGTGTTGGTCAGCAGTGCGATGCTGTTTGCCGCGGAAGGTTCATGATTCGAAGTCAGCGTTTCGGGCTGGAAGACGAACCATGCGGTGACGGCCAGGGCGATCAGCGCGGCCGCGGCGTATACCCCGACGGCTCGAAGACTCGCCATCGGGCTTGGGGGCGGTGACTGCTTCTGCGATGTGACCGGCGTCGGAAGCGCTCTCTGGCGACGCCCCCACGCCAGCGCGGCGTGCTGGTCGAGATAGGCGGCGTAAAACCTGGCAGCCTCCGGGTCGCTGAGAATCAACTCATCAAGCCGGCGGTATTGCGCTTCATCAGCGACACCCGCGGTGACGGCTTCGACCAGATCCCACAACTCAGCAGAAGGCGCGGCGATCTTCATGCGGCGCCCTCCTGCTCCAGCAGGCGATTGATACACGTGAACAGCGCCCGGCGAATCCGCTGAAGTTGTTTGTACAACGCGTCGGTGGAAAGCCCGACCTGCTCGGCCAGCGCGGGAATGGTCACATCACCGTCGTAGTAGGTTTCAATCACGCGGCG
CP050848.1_gap16	557532	562175	4643	TTGTCGCTGAGGCGGACGTTCAGGGCGTCGGAGTTGTTACTGACCAGCCCGCGGTTGCCGCCGCCGGTCTCGACGTTGGCCACGGCGTAGATCGTACGGGCAATGACGCCGGCGCCGCTCCAGGTCAGCGCATCACCGTCCTCGTGGGTGGTGATGCCGTCGAAATCGACGACGGCCGCGCCGCCGAACTGGCTGTCTGACGCGACGTAGGTCGGCTGCTTGGCGGCAGTCGCCTGGCTGAAAGATCCCCACGCCGAAACGGGGTCGCCATCGGTCAGAACCAGGTCCGACGCCTGGAGGCGCAGGGTGATTGAACCGATGTCGTCGATCACATCCCCCTGGGCGAACGGTCCAATCAGGACCGCGGCGCCGAGGGTCATCAAAACTCCAAACTGTCTGCATCGTTGGTACATGACGGATTCTCCATCAAAAGGTCTCATTCAACGGACGTTTATTCTGTCTGCCGTGTCTTTGCGGCAGTTTGCATCTGAAGGTTGTGCGGCGCGGCATTCGCGGCGGTGTCGAAGTCGACGAACAACTCGATCTCGCCGAGTGCGTGCTCGCCGATCTTTTCATCCAGGCTTCGGCCGGCCGTCTGCAGCGCGATGTAGCGATACCACCTGTAAGACTCGGACTGCATGGCGTAATCGACCCCGGCCTCGAAACTGATGACCTGGTTGCGATCGGTCCACAACGGCTGATCCGCCTTCTGCTCGAAGATGTCGACCCAGATCTCGCCGTCGGCCGAGCCCTGAATCTTCCAGTGGGTCGGATCGCGATGCGGCGAGTCGTTGGAACTGGCGACAGTGAACTGCCTCAACACACCGGGGTGATCGAAGCGGGCGCCGACGATCATGCCGGTCGTTCGCAGCCGATCGCCGCTGCCGCAGCACCACTTCTGATTGCCGGCGCCGAGTTGGTTGTCGAAAACATTGAAAGCGGCTTCACCTTCGCCGAAGTTCGCTTCATCGTTGCCAAAGAACACGGCGTTGTAGTTGATATCACGGTCGGGGTCGCCGTCGTTTTCCGGGTCGGTCGAATCGCCGCCGATCAGGGCCTGCGTGCCGACGCCCAGCACGGTGCCGCGCGCCGCCACCATGCCCAGCCGCGCCCACGGTTCCAGGAACGCCGCATTGACCTGCTCGTGAAGGATCATGCGACCGGCCGTGGTGCGCTCAGCGCCCTGGTGGGCGTTGATGACCTTGTTGAAACGCTCCTGTGAGCCCGCGGTCTCAAAGACCATGACCTGCCCGCTGAGCACTTGCATCTTGCAGCGTTCGGCCCCATCGGTCCACAGAATGAACTCGGTGCCGAGGTCCACCAACTGCAGCCCCTGATCGGTGTTGACGGTGAACCCGCGGGCCTGCTGCGGCACGTAAGCGCGAAGCGCCCCGTGACTCAGGTGCGCCTGATTAACCCCGTCGAGTCGAAGCTCAGCCGGGCCGATCAGATCGACCACCGCGCCGGATTTGAACATGATCTGTGCTGTGCCGGCGTCGAGTTTCAACACGCCCGTCGGCAGGTCCGTACCCAGTGCCGTCGCCGCCGGACTCTCCGCCCACCGGGCGTTGTCGGCATCGGTCAGCACCGCCACGCCCTGACCCTGCGCCTGTTGCATGACCGTCCGCGAAGGTGAAAAACTGACCGACACGACAAACCACGCGGTCAACGCCAGGGTCACCACGGCCGCTGCCGCCAGCAGCAGGCGCGACGGCATGCTGAATCCGGTCGACTGCGGGCGTGACATCGGCATCACCGCCGGCGCCATCCGCCGCCCCAGGTCCATGTGCACATCGACATAGCGCAGATACACCTGCCGCGCCGGGGCATTATCGGCCAGCAGTTCATCGAGCCGCGCGACAGCCGCCTCGTCGGCCTGGTCGTCGCAGACCATTGCCGCCAGGCTCAACAACTCATCGTATTTGCCGCGCGTCGTGCTCATGCGGTCCACCCCTCGGACTTCAGCGCCATGCTCACACAATCCAGCAGCCGCCGGCGCGTACGGTGCAGCGTCTTGTACAGCGTGGCCACCGGCTGACGCCGGCGCTCGGCCAGCGACTGAATCGTCTGCTCGCATTCGTAACGATGATGCAGCAGGTCGCGTTGCGACTGGGTCAGCTTCGTGAGGCAGTCATCCAGCGCCCGGCGCTGGGCGTCCAGCAGCGGTTGGGCTTCCAGTCGCTCGGCGGCCAGCTTTTCGATCACCGCCTCGCTGAAATGACGCCCCTGCACAGCCACGCGCTTGCGATGCGCCAGCACCTCGTGATAAGCGAACTGCGCGGCCCACGGCACAAACGGCCGGGCCGCGTCATACTGATCGAACTTCCGCCACAGCGCCGCCGCCGTCTCCTGCATCACGTCGTCGGCGTCGGCCGCGCGTGGCACCATCGTCCGCACGTACCGATACAACTCGTGCTCGCTGGCGGCGAAAAGTCGCATAAATTGCTCTGCCGACAATTCAGACATGTGGCGTCCTCTACCTTTATTCATCCCGTAAACCCTAAATTGAGACATCGCCCCATAAAAAATTTGTAACACCAGCCGAATCAATATAATGCGGTGGTGACGCAAACGCCTTCACAAACCAGCTCCATGCCCCGCTGCCAGATGCATCCTTTTGCAGCCGCGTCGTGGTACTGCACTATCTGCCGGGCCCCCAAGTGCGAAGATTGCGTTCAATCCACCGGCCTGCACGCCGGCGAAAACGCCACATGTCTCATCTGCGGCGGACGTTGCGTCAAACTCCCCGGCGCTTCCAAGGCCCGTGAAGACGGCTACCGGGCCGCCGGCATGCTCACCCCCGACGAGGCCCGTGCCCAGCACCTCCGCGACAACCGTGTCGCCCCCCTCATGCTCAACGTCCTGCTCTGGGCTCAATTTCTTCTGGGCCTGTCACGCAACGAACCCGTCGCCGCCTTGTGGTCCACCCTCGCCTGGTTCACCCTCGCCCCCGCCGCCATGTACGGCGCGACCGTCCTGCTGAATTACTACCTTGAAACCTGGTTCGGCATCTGGTGGCAACACCTGCTCAAGCTCGCCGCGCTGACCATGTTCATCCACGTCATTCAGGTCGCCATCCTCTCGGGCCTGGCCATCGCCTTCACCGGCCACTTCGACGATGAAACCCTCATCCAGATCATGACCAGCCTGGTTCCGCTGGCGGTCGCCATGCTCGTGGTCCCCGCCGCGGTGCTATACATCGGCCTCGAATATTTCTTCGACCTGGACCCCGTCGAACTCGCCGCCACCGCCACCGCGCTGTTCTTCACCTACACCATGACCTTCTTCATCATGGCCTTCAACGGCATACCGATTTGAAGAAGTCAAGAATTGCAAATTGAAAATTGACCATTGAAAAATGCAAATTGATGCCGCCAGCAAAACCAATTTGCAATTTTGAATTTACAATGGCCAATTTTCAATCGCTCTCGCCAGCTTGCCCCGCCGGCTGCTGCATGCTCAGACAGTGCACCGCGCCCAGGCCCACGACCAATCGCTCCGCACGGATGCCGATGGCGGTTTTACCCGTCGTCTTTTCGATGATCGCAAGCGCCCGATCGTCGCCGGCCTGCCCGAAGATCGGTACAAACACGTGCTGGTTCACGATCAGAAAATTCGCGTAGCTCGCCGGCACGGGGCCGACCCCGCCGGGACCGAAGCGGTCGGCGGGAAAGTCATATTGAATCGGGTCCGGGGCCGGCAACTCGACGACATTGAGCTTGTTACCGTCCTGGTCGGTCGCTTCACGCAGCGCGTCGAGGTTCTTCGACAGCACCGCGTAGTCGTCGTGTCCCTGCGGCGCGGCGACGGCCATGACCGTCGTCGGATCGACAAACCGTGCGATGTCGTCGATGTGCCCGTCGGTGTCATCGCCGACGATCCCGCCGGGCAGCCAGATCACGTGGCGCGTGCCGAGCGCCCCGTGCAGTTCCGCCTCGATGGCCTGGCGCGTCAGATGCGGATTTCGGTTTTCGTTGAGCAGGCACTGGGCGGTCGTCATCACCGTGCCGGCCCCGTTGACGTCGATGCTGCCGCCTTCGAGCACCAGCGTGTGTTCCCACACGGGGATGTTCAGCAGTTTCGCCACCCGCCGCGGGGTGATGTCGTCTTCGCTGTATTCAGCGTTGTACTTGCCGCCCCACCCGTTGAACACGAAGTCATGACACGCCAGCTCGCCGCGCTGATTCACCACAAAAATCGGCCCGTAATCCCGCACCCATGAATCATTCACCGGCCAATCGTGATCGACCCCGATCCGCTGGACGCGCACGACCTTGCCGATCGCCTCACACATCGCCGCGTGCTGCGCCTTGGCCTGGTCAAAACACCCCGGCCAGGTTTCATCATTCACCGGCGGCGTCAGCCAGACCGCCCCCACCGGCTCAAACTCACCCGGCATGCGGTATCCAAGTTCTGCTGCAGTCTGTTGCATATTGATTCAACCGCAGAGCACGCAGAGAGCGCGGAGATGAGACATTTCAATCGACCACTCTGCGTTCTCTGCGTCCTCCGCGGTTTGTCTTTACTGGTCGAGTAGTCGTTGGGTCAGCGGTTGATAGGCGTCGATGCGGCGGTCGCGCAGGAAGGGCCAACCGCGGCGTTGCGTGTCGATGCGCGACAGGTCGAGTTCGGCCGTGAGAATC
CP050848.1_gap17	567553	571246	3693	ATTACGCCCCGTGGAACGGGCGGCATGTCAACATCATGGGCATCGAAGACGTCTGTTCATACTTCCATTACGGGCTCGAGCAGTCGGCCAAGCCCAACGCGCTGTCGAAGGCGGGTTCGAACACGTGCGTGACGCTCAGCGCCAGGCGTCCGCTGACAGTCAACTACATCATGGGCGTGGCGAAGATTCCGGCCGGGTTCGACCGCGTCAAATCGATCAAACCCGCCGGCGTCCGCAAGCCCGGTCATATCAAGCTGACTGCCGACAGCGGCAAGCAGGTCATCACCGCCGTGGAGCACGAGTTTCTGCAGGCTGAATGAACCGGCGGGACGCGCTCGCCGGCGGCTCGCGGCCAAACGATCACCCGCAAACCGCCATGGTGACACTACGCACCATTGATGCTATCCTATATTTTTACGTGACTGTGATCCTCGGGCCACCCACCCCCCCACCACCATGGCCCGTGATTGCAGGAGCCGCCCGGCCCGCCGGATAGTAGACTAGCCTGCTGACGCAACCTGGTTGCACCTTCCATCCCATAAGTTCCATTTGCTGGAGGCACCCCGCCATGTCGTATCCCCGCTCGATGTTCGCCTTGATGTTGTGCTGCCTGATGACGGCGGCGTCGATCGTTTCCGCCGCCGCCCCAGACCCCGGCAAGTGGGCTCCCGCCAAGGCGCCGATCATGACGCGCTGGGCGAAGGACGTTTCACCGACCAACGCGCTGCCGGAGTATCCGCGCCCGCAGATGGTGCGCGACCAGTGGACCAACCTCAACGGCCTGTGGCAGTACGCCATCGTCGATGGCAATGACGACTGCCCCGCCCCCGGCGCCTGGCAGGGTCAAATTCTCGTGCCGTACCCGGTCGAGTCGGCGCTCAGCGGCGTCGGCAAAGCGGTCGGCCCGGCCCAGGCGGTGTGGTATCAACGGACCTTCCAACGCCCTGCCGCGAGCAAAGACAGCCGCATGCTGCTGCACTTCGGGGCGGTCGACTGGCAGGCGACGGTCTACGTCAACGGCCAGTACGTCGGTGAACACCGCGGCGGGTTTGATCCGTTCAGCTTCGACATCACCGATGCCCTGCGCAATGGTGACAACACACTGACCGTGCGGGTGTGGGACCCCACTGAAGCCGGCACGCAGCCGCGCGGCAAGCAGGTGCTCAAACCCAGCGGCATCTTCTACACCGCCGTGACCGGCATCTGGCAGACCGTCTGGCTCGAACCCGTGCCGGCCAGCTACATCCGCTCATTGAAGATCACACCCGATCTGGCCGCCGGCGCGGTGCACATCGGCGTCGATGCCCCCGGCGCGACCGGCCGCGCGGTCAACATCCGCGTCAAGGATGGCGACAAGACGCTCACGGCTTCCGGCAAGGTGGGCCAGCCGGTGACCGTGAAGATCGACAACGCGAAGCTGTGGTCGCCGGATGATCCGCATCTTTACGACGTGACGGTCAGCCTCGACGGCGGCGATTCGGTCGACAGCTATTTCGGTATGCGTTCGATCGAGATGAAGAAGGACGCCGCGGGGATCAACCGCATGTTTCTCAACGGCGAGGCGCTGTTTCAGTACGGCCCGCTGGATCAGGGGTGGTGGCCCGACGGGTTGTACACGGCCCCGACCGATGAAGCCCTGCGATACGACATCGAGATCACGCGCAAGATGGGTTTCAACATGGCCCGCAAGCATGTGAAGGTCGAGCCGGCGCGCTGGTACTACTGGGCGGACAAGCTCGGGCTGCTGGTGTGGCAGGACATGCCGTCGGGCTTTGGTTACCTGGAAGGTCGGCACATGCGCGTCGGTCGTCACAACGGCGACAAGGACGCCCTGCTGACCGCCCAGGAAGCGCGGCAGTTTATGGATGAGTTGAAGGCGATCATCGATGCGTATTACAACCATCCGTCGATCGTCGTGTGGGTTCCGTTCAACGAAGGCTGGGGCCAGCACAGCACCAACGATATTCTCCGCTGGACCATGGCCCACGACCCCAGCCGCCTCGTCGACGGACCCAGCGGGTGGGAAGACCGCGGCGTCGGCCACATGCACGACATGCACAAATACCCCGGCCCGGGGATGTTCCCCGTCATGGACAATCGCATCAGCGTGCTTGGCGAGTTCGGCGGACTCGGCCTGCCGCTGGAAGGTCACCTCTGGCAGAAAGACAAAAACTGGGGCTACCGCAAGCTCACCGGTCGCCAGGAACTTCACGACGGGTATCAACAACTCATGCTTCGCCTCAAGCCGCTGATCGATCAGGGCCTCGCCGCCGCGGTGTACACCCAGACGACCGACTGCGAGGGTGAAGTCAACGGCCTGCTGACCTACGACCGCGCCGTGATCAAGATCGACCCCGAGACGCTGGCCGCCATGCACGCCAAGCTGTACGAACCACCCAGCAAACCGGTCACGCTCGCGCCGACCGCCGGGCAAGCCAAAGCCCAGTGGCGATACACGACGGACCAGCCCGCAGGCGACTGGTTCAAACCCGGGTTTGATGCCTCGTCGTGGAAGTCGGGCCCCGGCGGGTTCGGCACGGCGGGCACGCCCGGCGCCATCATCGGCACGCCGTGGAACACCAGCGACATCTGGCTTCGCCGCACGTTCACGCTCGATGCGACACCCGACGGAGTGATCGCGCTGGACATCCATCACGATGAAGACGCCACGGTCTACCTCAACGGCGTCGAGGTCATTCGGCTGGATGGTTACACATCCGGTTACACGCTTGTGCCGCTGACGGACAAGGCCCGCGCCGCGTTGCGCGCCGGTGAAAACACGCTGGCCGTGCATTGCCACCAGGTAAAAGGCGGCCAGTACATCGACGCCGGCCTCAGCTGCCTGGTGCCCGTGACCGAGTAAACATGGTACGTTGTTGCGATGAGTATGACCCTGACCCACACACGCGTCGATGACTGGTCCGCATACGAGTTAGCCAACCAGGCGATGCGCCTGACGGTGATCCCCGAACTTGGCGGCAAGATTCTCACGCTCGACGATGCGCGCAGCGGACGATCATGGTTGTGGCGCAATCCGTATCTGCCGCTGCGCACGCCCGAGGCCGGCGGGGTGTACATCGAAAGTTTTGACAGCGGCGGGTGGGACGAGGTGTTTCCGAGCGTCGACCCGTGCGCGGCCGGGAGCGTCGGCGGCGCGTGGGGCGATCATGCGATCACGGATCATGGTGAATTGTGGTGCCGGCCGTGGTCGGTGCAGGCGTGCGACGGGGCGTTGAAGATGTTCGTCGATGACCCCGCGTTGCCGTTTCGCTTTGAGCGCACGCTGCGGTTAGCACCCGACGAGGGGCCGCTGACCTTCGACTACACGCTGGTCAATCAGACCGAGAAGCCGTTGCCATACATCTGGGCGACGCACCCGTTGATCGCCATCGAGCCGGGCATGCGCATCGATGTGCCGCCGGGCGTGAAGGCGACCTGTACCGGCGGTGATGGCGAAGGGCTGCCGCCGCTGAATCAACCGTTCGAGTGGCCGCACAACGGGTCGCATGATTTGTCGTGCGTGCCGCAGCGCGGGCAGGCGGGTTTTGCGGTGAAGCTGTTCACCGAGCCGATGGATCATGCGTCGGTGACGCTGACGCCGCCGGACGGGTCGGCGGCGCTGAAGTTGACCATGGCCGCCGGCGCGCCGCACCGGGTCGGCATGTGGTTGAACTACGACGGGTGGTCGGGGGC
CP050848.1_gap18	592005	595543	3538	AGGGACCGACCTGGCTCACGCCGGTCTGAACCCAGCTCGCGTACCGCTTTAATCGGCGAACAGCCGAACCCTTGGGACCGCCTACAGCCCCAGGATGCGATGAGCCGACATCGAGGTGCCAAACCTCCCCGCCGCTATGGACGCTCGGGGGAGATCAGCCTGTTATCCCCGGGGTACCTTTTATCCGTTGAGCGACAGCCCTTCCACTCGGAACTGCCGGATCACTAGGGCCCACTTTCGTGACTGCTCGACGGGTATGTCTCGCAGTAAAGCTGGCTTGTGCCCTTACACTCGTCATACGGTTTCCAACCGTATTGAACCAACCATTGCGCTCCTCCGTTACATTTTAGGAGGAGACCGCCCCAGTCAAACTGCCCAGCTAGCACGGTCCCTGGCCCGGATTCACGGAACCAAGTTAGGTCACAACAATATACAGGGTGGTATTTCAACGGTGACTCCACACCGGCCAGAACCGGCGCTTCAGCGTCTCCCACCTATCCTACGCAGTACATTATCGTGGCCAATACAAGCCTACAGTAAAGGTCCACGGGGTCTTTCCGTCCTGCCGCGGGTAGCCGGTATCTTCACCGGCACTTCTATTTCACCGAGTCGGTTGTTGAGACAGTGCTCCAGTGGTTACGCCATTCATGCGCGTCGGAACTTACCCGACAAGGAACTTCGCTACCTTAGGACCGTCATAGTTACGGCCGCCATTGACCTGTGCTTCAGTTGCAAGCTTCGCCGAAGCTAACCTGCTTCCTTAACATTCAGGCATTGGGCAGGCGTCAGACTGTATACATCCTCTTGCGAGTTCGCACAGTCCTGTGTTTTTGATAAACAGTCCCCAGAGCCTCTTCTCTGCGCCCTCCGGCCGAAGCCGGGAGGGACCCCTTCTTGCGAACGTACGGGGTGATTTTGCCTAGTTCCTTAACAACCGTTTTCTCGAGCGCCTGAGGCTATTCGCCACGCCTACCTGTGTCGGTTTTGGTACGGATCGGCTGATTGTCCACGGACGGATTTTCTTGGAACCTCATCCACCAGCTTCGGGATCTAAGCCCTCGCCCTTGCGGGACGACCACAACTGGTCGGTCGACTGATTTCAGAGATCCGTCACGCCGCTTCAACCGCACAACCGAGTGCAGGAATATTAACCTGCTGTCCATCCACTACGCCTTTCGGCCTCGTGTTAGGATCCGACTAACCCTGGGCGGATTTACCTTCCCCAGGAAACCTTCGGCTTTCGGCGACCAGGATTTTCACCTGGTTTATCGTTACTCAAGCCAGCATAAGCACTTCCTGCCGCTCCACGAAACGTCGCCGTTTCGCTTCGTTGCCGACAGGAACGCTCCTCTACCACTTGTACAAGTACAAGTCCGCAGCTTCGGTTCACACCTTATTCCCGATCATTTTCGGCGCCAAGTTCCTTGACCAGTCCGCTATTACGCGTTGTTTAAATGAGTGGCTGCTTCTAAGCCAACATCCTGGTTGTCTTTGCAACTTGACTTCCTTACGAACTAAGGTGTGATTGGGGACCTTAGCTGGCGGTCTGGGTTGTTTCCCTTTCGACCACGGATGTTATCACCCGTAGTCTGACTCCCGCGACAAAGGCATACGGTATTCGGAGTTTGGTTGGAGTGGGTAGGCGGGTAGCCCCCCAGCCCCATCCAGTAGCTCTACCCCCGTATGCTGTAACGCGAGGCTAGCCCAAAAACTATTTCGAGGAGAACGAGATATCTCCCAGTTTGATAACACTTTAAGTCCTCCCCACAGCTCATCCCATAACTTTTCAACGTTAACGGGTTCGGTCCTCCAGGAAGTTTTACCTTCCCTTCAACCTGGCCATGGGTAGATCACAAGGTTTCGCGTCTAACCCCTACGACTAGTCGCCCTATTCAGACTCGCTTTCGCTTCGGCTACGTCCCGGAAGGACTTAACCTTGCCGTAGAGGCTAACTCGCTGGCTCATTATGCAAAAGGCACGCCGTCACCCTCAAGGGGCTACGACAGTTTGTAAGCATGTGGTTTCAGGTACTTTTCATTCCCCTTATAGGGGTGCTTTTCACCATTCAGTCACCTTACTGGTTCACTATCGGTCGTCAGGGAGTATTTAGCCTTGGGGGGTGGTCCCCCCAGCTTCACGCGGAGTTTCACGAGCTCCACGCTACTCTGGTGCACCTACCAAGCTTTCGCTGACAACTACAGGGCTATCACCTTCTATGGCTGACCTTCCCAGGTCATTCGCTGTCGGCCAGGCTCAGATAACGGTGTCCACAACCCCATCCCGAAGGATGGTTTGGGCTATTCCGGTTTCGCTCGCCGCTACTTACGGAATCGAGGTTTCTTTCTATTCCTGTGGGTACTTAGATGTTTCAGTTCCCCACGTTCGCTTCCATGACCTATGCATTCAGTCATGAATGAACTGCACGGTTGCCCGTACAGAACGGGTTTCCCCATTCGGACATCCCAGGATCAATGCTTGATTCCAGCTCCCCTGGGCTTATCGCAGGTATCCACGTCCTTCGTCGCCTTCTGACGCCGAGGCATCCACCACATGCTCTTAGTAGCTTGATCACATCGACCTTGAGTCGATTGTCACCATCTCAGCACGATTTACACTGAGAAACTTACGCGACGCCGATTAGAGGATCGACATCCGCAAGTCAGCCCGAAAAGCCATGCGCTCACATAACTCAGTGACACATACACATCAGAAAAATGTGCATGCGGCATTCCAGACCTATCCACTTGTCAAAGATCCACACAGGGTTGCTTTCGCTTGCTGTGTCCCGCTCGCCGCGGGTGAAGCCGTCCGTCGTGTCGGGCGGATTCACTCGGTGCGAGGCGGAGAAATATACCCGGCCAGAATCGCGTGTCAAGGGCTGTTAACCCTCGCCTGAAAAATTTTTTACCTGCCTCTGATCGTTGCCTCGAACTAAAAAGGTCGCGGGCAGTGCCGCGACCTCATCATGGTCGTGTGCTTTCTGCCAAGCAGCCTACCGTGTCGTTGAATTCAGCATGCAGTAGTGGCTCCTGCTGACCTCGTCGTTAGCGGCCTTAATATTAGCTGTCTGCGTGCCCATGTCAAGCGTTGAGCCTCGCAAAAATTACAGAACTTTCACGAGGCTTTATCGGTCGCTGAAGCATGCGTGTTTTACCGTGGTTTGCAAGCGGGTTGCGGCTACTGACGCCGGCGGACCTGGTTGCCTGGCACGCGCTCGACGAGGCCTGAAAGCTGCAACTGCATCAGGTGCGCCTGCACGGAAGCGACCGCCAGGCCGGTGGCGCTGCACAACGCGTCGATGCCGACGGCTTCGCGCGTCATGGCGTTGAAGATGCGGGCCGCATCACCCTGCAGGTTTGTCGGGGCCGGCGACGCATCAGCTTCGGCCCCCTCCGTGGGTGATTCATCGAGGGCGACCTTGAGCGTCTGGCCTGCGTCGCCCAGACAATCCAGCACATCCGCGGGGCTTGTCACGAGCGTGGCCCATCCCTCGCGAATCATGCGGTGGCAGCCCATCGAAGCCGGCGAATCCACACGC
CP050848.1_gap19	604066	605049	983	CCATGTCGAGTGGGTCAACTTCGTCATGATGCGCCCCGAGCTCAAATACGGCTTCGTCTTCTGGTGGTGAAACAGACGCTCACCACACCAGGCAAAAAGCCCTTTGCACAAGGATCAGGTTTCATATTACCGACAAAAACACGGCAATTTCATTCAGACATCAGGCGTTTAACAACCGGTTGGCCGAGGCCCGTGGCGAGCAGCACGTCGCGCCCTTTGAGCCAACCCGCAGCAACTAAAGTCGTCATGCAAATGACTGCCGGCAACTGACCAGGCGATCGGCGCCCCGGATAGGGCTCATCGATTCATGGAAACGCCATGCGGAGTTTATCAGGACTGACCTCAAGCTCAGCTTGACGATTTGATCAGAGGTTTGATTCATGCGACTGAAAATCGGCTTACCTGTCATGATCCTGTGTGCCCTGGGCGCGACCTCGGCTTTCGCCGACGACGCGAAGCTTGCGGGCATGAAATTTTTCGAGCAGAAGGTCAGACCCGTCCTCGCCGAGCATTGCTATAAATGCCACGGGCCGGACAAACACAAAGCGGACCTGCGCGTCGACGGTTTGGACACCATATTGCGCGGCGGCAAGAGCGGGCCGGTCATTGTGCCCGGTGAGCCGAACCAGTCGCTGTTGATTCAGGCGGTCCGTCATGATCATGCCGATCTGAAAATGCCCAAGGACGGCGACAAGCTGCCTGATGCGAAGATCGATGCGTTGATCAAGTGGGTGAAGATGGGCGCGCCGTGGCCCGGGGCCGAACCCGGTAAGCGCGGCGATATGTTCACGGCGGAAGATCGCGCCTGGTGGGCGATTCAGCCGGTGAACAAACCCGCCGTACCGAAGGTGAATGATCAGGGGTGGTCGCGCAATGCCATTGACCCGTTCGTTTTCCGCAAGCTGAGCGAGAACAAGCTGAGCCCGGCCGGGGAAGCGGGTCGGGTGGCGCTGATCCGCCGGGTGAGCTTCGACCTGATCGGT
CP050848.1_gap20	606434	607163	729	TGCCATGATCGCCGCCGCCGGTGAACTCGACGACAAGTTCGGCGGGCCCACGGTCAGCGGTGGAACCCCCCGCCGCTCGATCTACGTGCGTGTCAAACGACTGAATCCCGACCCGGTGCTCGCGGCCTTCGACGCGCCCAGCGGGCTCAACAGCGAGTCAACGCGCAACGTCACCACCACCGCGCGACAGGCCCTGTTGATGATCAACGGGGACTGGCCGTTGAAGCGCGCCAAAACGCTGGCCCGGACCGTGCGCAGCGCGCATCCCGGCGATCCGGCGGCACAGGTCGACATGGCCTATCGATTGACCACCGGGCGCGTGGCGGAAACTCACGAACGCGAATCGGCGATCGCCTTCCTGCAGTCGCAGGCGGAGGTCATCGCTGATCGCGAGGCCGCCCCGCCGACGTTCGGCCTCAAGCCTTTCCCCGAGCGCAAAACCACCGCCGCGATGTTCCGCAACGGCGCGATGGAAGACCGCTTCCATCTCAAAGACAGCAAGCCCCTGCCAACCGGCGACTTCACCATTGAAGCGTATGTGAAGCTCGACTCGCTGTATCCCGATGCCAGCGTGCGTGCGATCGTGTCTCAGTGGGATGCCGACTCGCAGGCCCCGGGCTGGCTGCTGGGTGTGACCAGCGAGAAATCGCGCTACACGCCGCGGAACCTGATCGTGCAGTTTGTCGGCGACGCCAAGGGTGATCGGCGCATCTACGAGGTGCTGGCTTC
CP050848.1_gap21	620422	624053	3631	GTGGGCCCAGGGCTGCGCCCCACCGGACAAGCATGCCGTCGCTCCCGGCCATGAGGCCGACAGCGACCAGGCGATCGATTACTACAACCAGCGGAAATTCATCACCGTCACCGCCGGACAACCGGTCCTCCGGATTGTCCCGCCGACCGATGGCGACAGCGGCGTCACGCTGAGCGGCAAAGACCTGCCGTCCAAGGCTGGACAGCCGGTGAAGATCCGCGTTGATCCCAACAGCGTCGTCACGGAAGCCGACGGCACATGCACTGCCGTCATCGACGGACTGTTGAAATTCGACGGGCAGAAGCTGTCGATCTCACCCCATCTCGAGATCCACGGCCATGTCGATTTCTCCACCGGCAACATCGACTTTCAGGGCGATGTTCAAATCGGCAAGGGCATTCGCGATTGCTTTATCGTCCGAGCCAACGGCAACGTGATTGTCGACGGCCCGATCGAATCGGCCGGCATCGAAACCGGTGGCGACCTGCACGCCAATCGCGGCATTGCCTGCCACAGCCCTTCATCGATCATCGTCGGCCGCAACCTGCAAGCCCGCTACCTGGACACCGCACATGTCTGCGTCAAAGGCTCGGCCAATGTCGAACGCGAAGTCATTCAATCGAAGCTGACGGTCGGTGACTCGCTAACCATCGAGCACGGCTCGCTGATCGGCGGCATCACCTGCGTCGGGCGCAAGGTCAGTCTGGCCAACATCGGGTCAGACGCCGAGGTGATCACCACCTTGTACATGGCCCACGATCCTTCCTACGCCGTGCTCCTGCAGCGCACCGAAGAATACCTCGACTACCTGCAGACCAAGCTGAAAAAAGTCACCGACCAGTTGACGCAGATTCAACAGCTTGGCGGGCGGGGCGATCATGCCGCAGACATGCTGACTGAACTGATGTGCGACAAGTACAACCTCGAAACCCAGTTCACGCGGCTGCGGACAAAATATGAAAAGCTGAACGACTGTTATCAGAAGCGTCGTCGCGCCGACCTGGACATCGCCAAGCAGATTCACGCCGGCGTCCGTTTGATCATCGACGATCAGGAAATTCGCGTCACCCGCCCCATTCGGGGCCCCATCTGGATCGGCTGGGATAAACAACGCAAACTGGTGTACCGCACCGGCGACCACGGCACAACGGTCCCACTGAAAGACATCCCCGGGCTGGAAATCATGCCGTCTAAATCGCCATGTCCCGACATGACCCCGCCCCAGATGCACAGCCTTTCCGAAGATTCCGAAGACGAGCCCAAAGCAAGCGCCGCAGAACCTGCCAAGAAGCCCTGATCCCCGATTGATCAGAGCCGCAAGGCTTGACCCGCAGGCTGACCAATGTGTCAGCCTGAGGTGGCAACAGGTGATAACAAGCAGCGCCCAAAAACAAAATAACCCGACATGGTCGGGTTTTTTGCAACTTACTGATTGGTGCTGATAGCCAAGTGCCCCCCCAAGGACCAGAACTACCCCCGGATTCCTCGGGAAAAACTGCAAGTTCCGATTCAGATGGGTCAAAATCTGGGTCACTTTGCCCTGAACTATCTTTTTTGCTGGAGGTGTGGGAGTCCCTGCCGAAGTCAATCAGGGCCGCGATCCTGACCCTTGCGAGGTCTCAGGGTAGAGGCGAGTGATCTGTCTTTTTGTTGGGACTTGCAGGACCAGCCAGTCACCGCATAATGAACCGACAACCGGGGGCCACTTCATAACGCCTCCCGACTATCTGTAACCACTAGGGGGCATCATGTCTCGCATCACCCTGATCACAGTGGCTATGGCCTCTTGGGCTCTGTCGTTTACTGGATGTGTTACGACCCAACCAGTTCCAACCTTGACCGTCCCTGTCACAATCACTTCGTCAGTTGTATCGGGTGAACGAAAACCAAGTCGGTTCTTTGGATGGGACGCTGAAATTGACGTTGTGGTTACCGGTACGGGCGATGCCATCGGGGGGCCACAGACCAGCCTGATGCACCTATCTGGATCAGACTACGCAGACGCATACGACGTGTGGTTTAATTCTGTGAACTATTTTGACCGAGGACGGTGGCCTGAATCGTATCAGGTTCATGCTAGTTATTCTTCCATCAACGACACTAGCGGCGAAGTGGTGGTCACAGTTCAGATCACCGATACAAGGCGTAATGATTGCGGCCTAGAAATATATCGAGCGTTGCACGTTATTGAGTGGGAATGAAGGGTCAACTTATGGATTCATGGTAAATGATTTCATCAGAACCACCACACCCACAGTGACCAACGTAAGGCCAACAGCCCGAACCCAATCCGACGGATATGTTTTCAATCTGAAGTTATAATTAACCCCAATAAACGTTGTCGGATCAGTATAGTTGCTAGCAAGATCAGCAAGTTTGTCAAAAATACCAGCATCATCTTGGGCCATTTGGCGGATGAGGTTTTCGTGTCCACCACCAGACGAGGCCCGCAACAATAAGTTGTCAACAAGTGCTTCGCCCCGAATTGCATCAGAATGAAGCGGCGTGAAATATCTAGTTAAAAAAGATTTCAAGTCCATAGATTTACCTGTGGCGTATTCAAATCGAATTGTCTCTCGCTCTCTGATTACCGGATAAGGCAATAGATCAACACAGCGTTCGTAAAACTCTGCTGGCAATCCAGTGTCGGCTGATTCAGCGGTTAGATCATACTTGTTGCCACTCGCCACATTAAACCGAACTGTTCGTGTTGATGAGACACGATTCTCAACTTCATACCAATCTGTCATAAACTGACGACTTGTTGAATGGTAGTGAGCCCATACCACCTCGCGCTTCAGTATGAATCGAATGGGATAGCGAGGCTCATGTGACAACTCAATTTCGAGTTGACAATTATCAGGCGGATTGATCAATCCGAGTGTTGCAGGCGACCCTTTCGGTGGGATCACAAAATTGTCGATGGTTCGACTCGGGATACTAATGATTCGCGGTGTGACACTCATGATAAAGAGCGCCACGCCAAGAACTATGGCGAGGATACCTACGCATGCAAACACGGGGTCGATAGTCCAGTCAGCGAGAGTAATCATGATTGACCTGCAATAGAATATTAAGGTTAACAGCAAGTTATTATTGTCTGAAACATACATGTAACACGCAAGGCTGAATCATGATGTAGAGCAATCGACAATATTTTTGCCGAGCATTTTCAAGTGGGTCTACGCTATCGTTCCATACACACATCCCCCCCCTGGCCCCCTGCCGCTTTCCTGTGGGTGGACTTCAAGTTGTCCTATCGAGATAGGAGTAGTGATTTCTGTTGGCTTGATTGATCTGTATCGCCTCGAAGTTAAGTGCCTAGGCGCTCGTTAATATCAGGCGTCAAGAGGTCAAGCCAGCCTTGCACCTCTCTCACCATACTCGGGTCTACAGACACATCGGCATCCATCAACTGGTCGCGGCCTACACTCCAACGCCCATTGTAATAGTTATGGTGAAACCACATTCTTGGCCCAAGCCGAGTGATTGCCATTATGGCTTTGGGAGATGATCGAGTTATGTTGATTGAAACACCCTCCTCTTCACATCGGTAAGACACAGAGTTCAGGGTTGAGTGATTACAAGCCCAACCTGATGGTACTGCCATATGACACCTCCGTAGATGTTG
CP050848.1_gap22	677141	677995	854	ATCGATGCGCAGCGTGAACGCGGTGCCGCGGTCGATGACGCTGAAATCCGGGCCGCGGACGGTAAACCCGTGGGCGGCCCCGGGCACGAACGCCTCGAGGCGACCGTGATGCAGGACGCCGGCGTTGGCCTGGGTCATCTCGAAGTCGCAGGGACCGATCAGATCGACGACCGCACCGGTGCGGAACATCAGCTGAGCCTTGCCGGCAACCAGGCGGATCGAACCGGGTTCCAGGCTCTGCCCGAGTTGCGGCGCGCGGGCGGCGTCGGCGAACACCGCATCCGCAGAACAATCCGAGAACATGGCGATGGCGTGTGAACTGCGCGGCGAGGGTACGGGAGTCGGGGCTTGGGGAGCGGGTGAAAGGACGAACCACGCGGTGAGGGCCAGGGCGATCAGCGCGGCGGCGGCGAGGGCGACGCCGGAATAGACCCCGACGACTCGGCGGCGCCTCGTCATCGGGCTTGGGGGTTGTGACTCGGTCTGCACCCGGCCGGGGGCATGCAGGCGGTGGATCAGGCGGCCGTGGTAGAGCAACTCGACGAAACGGTCCCGTGCGGTCGCGTCGGATCGCAGTGACGACTGCAGTTCATCGAGGGCGGCCGGGTCGATCACGCCGTCGCGGTACAGCAGGGTCAGTTCGACGAGGCGATCAGACATGACGCCCCCCCTGCTCGGTGAGCCGGCGACGAATGCAATCGCCCAGGGCGCGATGGGCCCGGCTGAGGGTGACATAGACGGTGTTCAACTTCTGGCTGACGAAGTCGGCGAGCTTCTGGCCGGACAGATTCTGGGCGTAGCGCAGTTCGACGAGCCGGCGGGCGTTGGGGGCGAGTTGGTCCATGCAGTCGCGC
CP050848.1_gap23	748122	751452	3330	CGTCCGGCCGCCTCGACGCGGTCGAAACCCCCGAGTACGACCGGGTGCGCAACAGCCTGATGCAGTCCAACTGCGTGATCGTGACCATCCCCGGCGAGCAAGCCAAAGAACATGCCGACGAGACGCACGGCGTGGTCGTGCTGACCCTCGACGAGATTTACCCGAACCTGATCCGTGCGGAGATGACACGCGGCGAGGTCATGCCCGAAGAAGGCTACAAGGGCGAAGAGACGATCACCGGTGCGATCCTCCGCCTGACGTTGCGTCACAATGCGCGCGTGGTGTTCATCAATCCCTCGCCGCAGTCGGTGCTCAGCGGGCGGGGCAATCCACAGATCAGTTTCATGCAGGTGGCTGAACGTTTGCGCCGGATGAACTTCGATGTCGACGAATGGCAGCCCGGCGGGTCGATGGGCCCGATGGGTCAGCCGATGCCGCCCCAGCCGGCGCCGGTCGCTGAGGAAGGCGAAACGCTGGTGTACATCGTGCTGCCCGTGCCGCCGCCGAATCCGCAGCGGCCGACTCAGCCGATGGGTCCGATGATCGCACAGGCCGTCAAGGCGCACCTGGACGCCGGGCAGCCGGCGATGGTGTTCGCGGCGCCGAGTTCGATGATGAACTTCGGCCAGCCGGACCCGCTCGTCGAGATGATCAAACCCTACGGCCTGACGATCGACACCGGGCGATTGATCATGCGTCATGTGCCCGGCCGCAACGGGCAGCTTCAGGCCGACAACCAGCTCATCCTCAACACCTGGCCGACGGATCATGCGATCTCCAAAGCCGCCAGTGGATTGCAGGGGCTGATGCTTCAGGCGATGCCGATCGAACTGTCGTCGAATCCCCCGGAAGGTGAACATCTTTGGCCGCTTATCGAAAGCCCTGCTGACACCTGGGCAGACACCGACTACATGCGTCCGGCCCAGGCGACCAAGGGCGAGGACGATCCGACCGGACCGTTCGTCGTCGGCGCCGCAGTCGAGAAAGACAAGCTTCGCCTGATCGCCATCGCCGATGCCAGCTTCGCCGTCGACGGCGTGACGCAGTACGGCCCGCGCGATCTGTTCGGCAACACACTGTTTTCCCGCTTCCCCGGCAACAGCGAAGTGTTCGTCAACAGCGTGTACTGGCTGGCCGGGCTCGATCGCCTGATCGCCCCGGGCGCACGCACGCAGGATACGCGCCGCATCGATGCGGTCTCGCGGCCGGCGATGCTGGCGGTGTGGTGGATCACCGTGGCCGGCCTGCCGGCGATGTGTCTGGCGGCCGGCATGATCGTGTGGGTTGTTCGTCGACGCTGAGTCGGTCGTTCAGGAATTACGTGAAACCAATCGGATGGTGCGATGAATACCAAGACAACGCTCTTTGTCGTTTTGATCGCGATCGCTCTGGCGGTGTACTTCTTCACCGTCGAAACCAAGACCACAACCACGCTCGAGAAAGAACAGCAGTTGGCTCAGCAGGGCCAGGCTGTCGGCGAGCGTCTGCTGAGCGGCGAGCGGATGCCGCTGAACAAGGTCAAGACGATCAGGCTCAGCGAGCCCGGCCAAAAACCTGTCGTGATCGAGCGCGACGGTGAAGACTTCCAGCAGGTCGAACCGGTCGTGTACAAGCTGCAGACTTGGGACGCTCAAACTTTCATCGACAGTGCCGGGGCGCTGCGTTACACGTCGAAGTTCACCCCGACCCAGCGGGATGTGTCGCTTGAAGCGCTGGGGCTGGCGCCTCCGCAGGCGACGTTGACCTACGAAGGCGAAGGCTTTGAACCGGTCACGCTGACGCTCGGCAAGCGGGCCGGCTCGGGGCGCGCTTACGTGACGCTCGGCGAGCCCGGTGAATCGTCTACGGTGTATGTCGTCGACGACGCGCTGCACACCGCGGCGCTCGACAAGCCGGTGCGATCGATGCGTGATCCTGCAATCGCGAGCTTCACCCCCGGCAAGGCGCGTCGCATCGAACTGCAACATGACGATCAGACGATCAAGCTGGCGTTTGCTGATGCGCGATGGGCGATATCGAAGCCTGTCCCCGGCCGCGCCGCCACGCAGAAAGTCAATCAGCTCGTGCAGGCGGTGGCCATCGCCAGGGCCGGTGAATTTGTCGCTGACAACCCGGAGAATCTCGCAGCATACGGGCTTGATCAACCGTCGACCGTGTTGAAGATCGACGTGGTCGACGCCGAGGCCGGGGCCGACACAGACGCCGCGGATCAAGCTGAGAAAACCATCACGCACGTGTTGAAGATCGGCAGCCCGACGGACCTGAGCCGCGGCAAGTTCTTCGCGATGTATGACGACACGCCGACGGTGTTCACGCTGACCAAGGCCGACGTGGACAAACTCAACGTGACCGCCGACGATCTGCGTGACCCAGCGCTGACACCCACACCGCGCAGTGATGTGCGCGAGGTCACGCTAGCCAAGCCGGATCAACCCGACGTGCACATGATCAAGTCGCCGGCGTGGTCGTTCGGCGACCCCAAGCCGACCTACGGGCTCGACGCCGGCGTGATGAACGATCTGCTGGATGCGATCTACAACACCAAGGCGACGTCGTTCGTCGATCTGAGCAACAAGAAACTCAAAGCGCCGATCGCCACGATCCGCATGCAGGTGCTGGCGAAGTCAGAACCCGAAACGCTGGCAATCCACGAACACGACAAGGGGCGCCTGCTTGTTGTGCGCGGCGGCGAATCCGTTGGAGCGGTGGTGCCGATCGAGGCATTGAAACTGGCGATGGAGCCGGCGATCGCGTTTCGTGATCGCACGGTGCTGGACCTGGCGACGGATCAAATCGCGGCGATCGACCTGCTGCGCAGCGGGAAGTACCCGGCGGAGTATCACCTGAAGCGCGGCCCCGCTCCCGAAGGTGATGACAAGCCCGGTCCGTGGCAGTTCGCCGGGCATGACGAGGCTGCCGTCAAATCGCTGATCAATCAACTGGCGCCGGTGCGTGCTGCCAAGTGGATGCGCGAGCCGATGATGTCGATCCCCGAAGGCGCGGCGCTGACGATCACGACGACCGACGGCAAGACTCATCAGCTGTCGGTTCACCCGGGCGCCCCCGGAATGGCCAGCGTCGAAGGCATCAAGTCGCAGTTTCAACCGACGCCGGAACTCGTCGCCGCGACCGAAGCTGAGTTACGCGACAAACTCGTGTTCGACGTGGCGGCCGACCAGATCGCCAAGGTGAGCATCGGTAAGCATGTCATCGAGCGCGACGAAGCGGGCAAGTACACCATGCAAGGCGAAGGCCGCATGGTTGAACAGGTCGTGGCGGGCATCTGGGATCAACTGGCCAAACTGTCAGCCGACCATTTTGTCGATACCG
CP050848.1_gap24	752946	754676	1730	GGCAACAACTGGTATGCCGACTCGTCAAACTACAACTGGAGCAGCGCGACGCCGAGCAGCGCGACCTTCGGCGCCGGTGGCGCCGGCGGCACCGTCACGGTCGACGGCGGCGGAGTCACCGCCAACAACGTCGCCTTTGACGCCTCGGCCACTTCCGAATACACCGTCACCGGCGGTCAGGTCACGCTCGAAGGCAACATCACCGCGGACAAGTCCGCCACGATCGCCAGCAACCTGAACCTGTCCGACGGCACTCACAGCGTCAGTGTCGCCGACGGCCAGACCCTGACGGTCAACACCTTCTCGGAAGCCAACCTCGGCACCGGCAATCTGTCGATCACCGGTCCCGGCAAGGTCTCCGTGACCGGCGACAGCACCGCGTCGCTCTACCTCGGCGCCGTGCAGCTTAGCGGCGGATCGACGCTTGAGGTGCAGTCCGGTGCAGATACCGGTTACGCCTTCATCAACTCCAACAACAGCTCCGGCGTCACCTACACCGGCGACGGCAACATCTCCGGCGGCGTCAACGTCTTCAACAACACCATCGAGGGCAACCTGGTCGTCGGCACCGGATTCCATGACGGCGATTCAACCGTCAGCGGCACCATCACCCCCGGCTACGGCTCGGGCGCCGGCACGCTTGAATTCAAGGACGACCTTCGTCTTTACACCACCATCTATGACTGGAACCTGGTCTCCCTGGCCGATGACAACACCGGCACGGCCGGCACGGACTGGGATCTGATCAAGGTCGGCGGCGAACTGTGGACCAGCTACACCAGCGGCGGCCATACCGTCAATCTCTCGATCGACGTCGACCCGACCTTGGCCGACTCGTTCTGGAACTCCGATCACAGCTGGCTGATCGTTGACGTCGGCAGCAACGGAACAACCACCGATCGGAACCCGGTGGCGTTCGACAACATCACCACCTCACTGACCGGCTTCTCGACCAGCGTCGATTCCAACGGCGACATCTACCTCAACTACGACTCCAATTACGTGCAGCCGGGCCCCTCCGGCGAGATCGCCATCACCGAGTTCATGGCCAACCCCGGCGCCGGCTTTGACAGCCAGCTTGAGTGGGTCGAGCTTTACAACTACGGCACAGACACCGTCAACCTCAACGGCTGGACGATCGGCGACGAAGACTCCGACTCATTTACATTCGCGACGGACATCGAAATCGCCGCCGGCGACTTCATCATTCTCGCCGTCGACAAGCTCGCTTTCGAAGAAGCATGGCTCGGCAGCGTCGACACCGATGCGGTGATCGAAGCGGCCTTCGCCCTGGCCAACAGCAGTGACGAGCTGCTGCTCAAGGACGAAAACGGCAACGTGATCTGGCAGCTTGCCTGGAGCGGCGGCATCTCGTCGGGCATGTCCGTGTTCCTGACCGACGCCGACTTCCTGGCCAATGTTTACGGCACCCAGGACGGCGACAAGATCAACACCGGCGGCACGGACGACGCGACCGGCACCCTCGGTTACGAGTCCAACGCCAACACGACCGATGACAACGGCTACTACAGCGGCCTGCTTGGCGACGCCACCACCCCGGACTATGGCAGCCCGCTGTCTCTGTCCAGCACGTCCGCGCTGGTGCCTGAACCGTCGACCTTCGCCCTGATGGGCCTCGGTCTGGTCGGTCTGGCCCGCCGTCGTCGGCGTTGATCTTCCACCAACCCCACAAGCACCGGGAACTGACGTTCCCGGTGCTTCTTTCCTTC
CP050848.1_gap25	760343	762785	2442	ACACCCCCCGGAACCGATTCCGCGGACGACACCGAGACCCAACGGCTGGCGCTGGCGATCGCCCATGCCCAGGCCAACCCTTCGGCCCGTCGCGTGCCTCGTGTTTCCGGTTGATCGAGTCAAACAGCACCCCGCCGACTGCACTCGGCGGCAACAAATACCCGGTTTGGAGTATTGACCGTGATCGCAGAAATCCACCCAGCCGTCGCCGACCTTCACGACCGTTCCCTGAAGCGAGGCTTCGTCACCTACGACGAAATCAACGAAACGCTCCCCGATGAGTGGGTCGAACCCGACAAGCTCGACGAGTTGCTGATCCGATTCCGCAACGCCGGCATCCGGATGATCGACTCGTCGCGCTGCAAGGCCGAGCAGAACGTCCGCTTCGCGGAGGACGAACGCCCGACCAAGAGCTCCCGCAGCGTGTCGAACACGACCGTCATCGTCGACGAAGACGGCAAGGAGATCGTCACCAACGACGTCGACGAATCCTCCAAGCGCATCGACGATCCGGTCCGCATGTACCTGACCCAGATGGGCGAGATCAGCCTGCTGACCCGCTCCGAGGAAATCCGCCTCGCCAAGAAGATCGAAACCTGCCGCATGATCTTCCGCCGCAAGGTGCTCGAAAACGACTACTCGATCACCCACGCCGTCGAGACCCTCGAACTGGTCCACTCCGGCGAACTGCCTTTCGACCGCACGATGAAGATCGCCACCAACGAGGTCGGCGCCAAGGAGAAGATCTCCGCCCGCATTCCGCACAACCTCAAGACGATCAAGAGCCTGCTCGAGCTCAACCGCGAAGACTGGCAGCAGCTCGAAGCCAATGCCCGCATGGCCAAGTCGACCCGCGAGCAGCTTCTGCTGACCATCGCCCGCCGTCGCCGCAAGATGGCCACGCTCATCGAAGAGCTTTCACTCCGCACCAGCCGCATCCAGCCGCTGCTGCACAAGCTCAAGTCCATCACCCGCAAGATGCGCCAGCTCGAAGGCGACCTCGCCAAGGCCGAGCAGAACCCCAACCGTTACGACCCCGAGGACGTGATGGTCATGGGCGAAGAGCTCAACGGCCTGCGCAGCCTCGTGCTCAACGAGCCGGACGATCTGGCCTCGCACGTCGAAGACATCCTCGTGGTGTTCAACGAATACGAACAGGCCAAGCGCGACCTGTCCGGCGGCAACCTCCGCCTCGTGGTCTCCATCGCCAAGAAGTACCGCAACCGCGGCCTGTCGTTCCTGGACATCATCCAGGAAGGCAACACCGGCCTGATGCGCGCCGTCGACAAGTACGAGTACAAGCGCGGCTACAAGTTCTCGACGTATGCCACGTGGTGGATCCGCCAGGCCATCACCCGCGCCATCGCCGATCATGCCCGCACGATCCGCATCCCTGTGCACATGATCGAAACCATGAGCAAGCTGCGCAACATCACCAAGCAGCTTGTTCAGGAACTCGGCCGCGAGCCCACCGTCGAGGAAGTCGCCAAGATCGCCAAGATGTCGACCGGCGAAACCCGCCGCGTGCTGAAGATCTCCCGTCACCCGATCAGCCTCGACCGCCCCGTCGGTGAGTCCGAAGACAGCTACTTCGGCGACTTCATCGAGGACGAGTCCGCCGAGGCTCCGACCGACACCGCCAGCCATCAGATGCTTCGCGAGCGCATCGAAGCTGTGCTCAAGACGCTGACCTACCGCGAGCGTGAAATCATCAAGCTCCGCTACGGCATCGGCGATGGGTATACCTACACGCTGGAAGAAGTTGGGCGTATCTTCAAGGTCACCCGCGAGCGCGTCCGCCAGGTCGAAGCCAAGGCCCTGCGCAAACTCCAGCACCCGGTCCGCAGCCGCAAGCTGGTCGGCTTCCTCGATGGCGGCGGCCCTGAGGAAATTTAACTAAATAATCCTTGCTTAGGATTTTTTCCGGGGTATGATTGACTTAGAAGTTCAACCATGCATTCCGAATCGCCCCCGTCTTACGAGTCGCGACCGTGAGACGGGTTTTTTTATGCGCTCGACTCACTTCGCTGAGTACAACCGCTTGCAGCGAACTGCGAGGCCTTCGAAATATGTGATCGAGCCATCGGCGCCGCTTATTGGGTTGCGTTCAGCGCCGGCGGTACGGTGGATCATGAATACTCCCTCATCCACCGTCGCCGTTCGCAGCCGTCGCGCCTTGTGGCCATGGCGAACCCTCAGAACAATACAATGCCTGTTATGCCGCATGTATCGGGCCATGCCGACGGTCTCGCCGTACATGGGGCCGGGGTCCGTCGAGTCGGCGCCTGGTGATCGCCGCCTGCTGATCGGCGGAAAAGTCGTTATCCTCCGCCGTCGAGGACGCTGACATGGAACTGCAACAGCTACGCGCTTTCATCGCCATCGCCGATACCGGTACGCTGACCTCCGCGTCGGCCAAGTTGTACGCTTCGCAGCCGGCCG
CP050848.1_gap26	801954	806520	4566	ATGACGAGCCCCGCCGGGGCGAGTCGTCGGGGTATCCGTTCTCACGATCCCATGAACCACACGTTCGACAAAACCAAGCGCCTGCTGCGCGGCGGACAATACACCGCCGTCTACGCCGAGCGCGTGATGCGCCACGCCGGCCCGCTGCGCATTCACGCCAGGCCCAACGGGCTGCCGCACAGCCGCCTGGGGTTGAGCATCTCGCGCCGCGCGGGCAATGCCGTCGAACGCAACCGCATCAAGCGCCAACTCCGCGAGGCCTTCCGCCTGCTGCAGCATGATCTGCCGGCCGGCTACGATTGGGTCGTCGGCGCCTCGGCCCACGCCCCCCTGCCGCTGGCGGAGATTCAGCGACTGTTCACCGAGGCCTGCTGCAAACTTCACGAACGCTGGCAACGCAAATCCGCCCCCTGATCACTGATCCCTGCCCCACCAAATCCGCATGTTCAGCCGCCTGCTCATCTCGCTCGTCCGGGTCTACCGCGCCACCCTCGGGCCCTTGCTCTCGGGCCACTGCCGCTACCACCCCACCTGCAGCCAGTACATGATCGACGCCATCACCAAGTACGGCCCGATCCGCGGCACATGGCGAGGCCTCAAACGCATCGCCCGCTGCCACCCCTTTTCCAAACACGACCCCTACGACCCCGCCTGACCGCCTCGCCGCCCAGCCCCCTCATCGATCGCACCACATCCCAACATCCCAACACCAAACCATCGCCCAACAACAACTCACCGCCATCACATGTTGCAACACTTTGTCAGACAACATCTTGAGATCTGATCAAAAGATCAGTATTTAGGCTAAATACTAATCTTTTTGTGTGGTTTTGAATGCGTTGGACAGCATCGTTTTACACGTGATATTGAAGATCAGACCCACGTGATGGCGTAGCTCAGGGGCCTTTTAATTTCTGATTTTCCTGTTTACGCAACCTGTTTTTCGGTGTACATTTGTACTAGTTAACAGGAGCTACAAGGAGCATACAAGAGATGAGTCGCTACTCGATGACCCGGGCACAATCCCCCGCCAGCTATTTCCGTGTGATTCTCGCGGCCGGACTCTTCGCCGCCGCCGCCCCCCTGGCCCAGGCGGCCGGCCTTGTCGGCTACTGGTCTTTTAATGAAGGCGTCGGCTCCGGCGCCGAGGGCCTGGAAACCTCCGGCAACAACATCGGCGCTGCCGAACTGATCAACGGCGACAGCCACACCGCCTCCAGCGCCTTCGGCATCAGTGCCGTCGATCTCAACGGCACGGATCAGTTCATCCGCCTGACCAACAGTCTCGACAGTGTCCGCGACCTGACCGCCGGCACCATCAGCTTCTGGGTCAACCTCGACAGCCTCTCACCGGCCAATCGCCTGTTCGGCTCCACCGCCAACAACACCAACGACTTCTGGCGCATTGCCGCCACCGGCGACGGCTCGGCCATCAACCTCCTGATGAAAAACAACGGCGGCGACCTCATCCGCGCAGACACCGCCAACGGCGTCCTGACCACCGGTTCCTGGCAGCACATCGCTTACACCTCCGGCTCAAGCGGCAACGCCCTTTACGTCAACGGCTCGGCCGTCACGCTCACCTACAACTCCGGCTCCACCGCCACGCAAAGTTTCTTCGAGCAGATCGACGGCCCCGGCAGCGACCTGAACAACCTGACTTTCGGCCGACTCTTCTCAGGCAACGCCGGCGTCGACGGATACACCAACGGCCGGATGGATGACATCTCCATCTGGAACGACGCCCTGTCATCCACCGAAGTCGCCAAACTCTACAACGCCGGCGCGGTCAGCAGCTTCACCCCCTGGTACTTCAACACCATCACCACCGCCGATGACCGCGGCGCCGACACCTACATCGAATATGACTCCCGCTTCGAAGGCGGCCCCGATCCGTCCAGCGACAAAAATTATAACGATGAGGGTTCCTTCCGCATCAAGGCCGCGGATGATCCGGATTTCAATGGTTCACCTGAGCAACTCTATCGCAAGGGCTATCTCCGCTTTGACCTGTCCTCCTTCAACGGCGAAGAGTTTACCGACGCTCGCCTGGAGTTGACAGCTTTCAGCGCCAATTCCACATCCAAGACCTTTGCCATCTACGCGATCAACGACGCCGACGCCGGCGACAACGACCAGGACCTCGGCGGATATGACCCCGATGGCATCACCTGGAACAACGCCCCCGCCAACGACAACATCGACAACGACAACGACATCCTTGCAAACGCCACCCTGCTGGGCACCTTCAACGGCAACGCACCCAACGCCACTGCCATTTTCGATGATCAGGCCCTGCTCGATTTGCTCAACGCCGACACCGACGGCATGGTCACGCTGATCATCACGTCCCTGGGCATCAGCAGCGATTTCACCTCCACCGTCTATCAGTTCTACTCCAGCGAAACGTCTAATGCGGACTACTTCCCGCGCCTGGTCGTCAGCATCGTCCCCGAGCCGTCGACCTTCGCCCTGCTCGGTCTCGGCGCGATGGCCCTGATCCGCCGCAGGCGCTGATCGCAAACCGAAACAGCATCAACCACCCACGGCCCGTCGCTTGCGGCGGGTCGTTTTTTACCGCCCGCACGGGTTGCGACCAACACGAATCGCGGATCAATTTCACATCGGATATCGTGTTGGCATGAAACACATGATTTTTTCGCTGCTGTTGGGCTTGACTCTCTTTCATGCCGCCCAAGCCGCCGAGCCGGTCGACGACATCAACCGCGCCGCGGTGTACACGATTCACGAGGTGCTCCAGTCGCCGGACGACATCGCCATGGCGAAACGCGCCGGCTCGGATGTGTGGATCCGCGGGTGGTTCAAGTGGAATCGTGCGAGGGACTACGTGAAGTTCGCCCCGCAGGTGCAGGCCGCCCACGAAGCCGGGGCGCTGTTCGGCGGCGGCGTCACCTGCAGCGCGCTGTATCACGGTGAAAACGGACTGACCGAAAAGCAGGTGCTCGACATGGCCACGCGCAACGCCGCCGGCGAACTCGTCGACGCCTGGGACCAGCGCGGCATCCGTCACGGTTCGCTGTCGAACCCCGCTTATGTCGACTACGTGCTGTCGTGGTGCTACCGCCAGATCGATCAGGGCGTCGACTACCTGTTCATGGACGAGATCAACGCGGCCCTGGACCCGGACGAGGGCTTCGACGATTATTCGCTGCGCGATTTCGCCGCCTATCTGAAAAAGCAACACGACTGGCCGGCGGATGACACCCGCTGGCAACAGCAGTTCAAAATCGACGACATCAGCAAGTTCGACTACCGCGCCTATCTCCGCAAGCACGGGCTGATCGACAATCCCTATGCGATGTCGAACCCGCTGCGCGAGTCGTGGAACAGTTTCCGTCGCGACCGAGACGATCGGGTTTGGCACACGATGGTCGATCGCCTGCGTGACTACGCGAAGTCCAAACAGCGGCGGGTGTACATCAGCGGCAACGGGCTGGCCAGGTATGTCGACCTGCAGGTGCTCGGCGTGTGGGGGCTGTGGCGCGTCGATGATCGAGGTCGTGTCGATCTGAGCGAGTCGCAGATGGATGCGTGGGCGGCAACGGTGCAGTCGGGGCGATCGCTCGTCGGGCGGCGCGTGCCGGTCGTGTTGTTTCACGACTGGGGGATGGACGGGTACCCGTGGATCAAGGTCACCCCTGCCGAGCGCAAAGCGTGGATGCGAATCCGCGCGGCGGAGATTTATGCAGCCGGTGGTTTTTTCGCTTTCCCCGTGCGCGGGCCGTGGGGACCGAACGCCCAGGCCGACGGCACGCTGGACACGCTGATTCATCAGACGGGCTTTTACCGGGCGCACCGCGATCTGTACCTGCGCGGCGAGTTGATCGGCATCGAACCGCTTGAATGCGACCAGCCGTTGATGAGTCTGGCGCTGTGGCGCGATGTCGAAGCGAAGCAGCTTCGCCTGCACGTGATCAATCGGCGAGTCGATGAGCAGTGGCAATCGGTCAAGCAAGGGCCTGTCACGGTGACGCTGCCGACGGACAAGGCCCCGCGGCGCGTGCGGCTGATTTCACCCGATTTCGAGGGCGAGCGCGTGGCGACCGCCTCGGTTGATCACGGGCAGGTGAAAGTGACGCTGCCGGCCGTCGAGGCATACACGGTGGCGGTGCTCGAGTATGACACGCTGCCGACGGTCCGCATGCACACGCTGAAAACTTCGACCAGCGGGCACTGGCGCGCCGCGGACGAAAGCGAATTTCACGTTAAGCCCGACGGCATGATCGCCAACGGCGGAGCGCTCAACGGGTATGTTCACGGCAAGCTGCATCCGCAAATGTCCAACCCGCCGACGTTCATCACGAACATGACCGCCCCGTGCACGATGAAGCTGCACGTGCTGGGCGTCTCATCAGCCGGGGCGCGACTGCGGCTGTCGATCGACGGCAAGCTGGAAAAGACCATCGACCTGCCCGACCGCGACCGCCGCAACGATGCCTACGCCACCGAATATGACGAAACCTTCACGCTGAACATCCCCGCGGGTGAACACCGCATCAGTCTCACCAACGACGGCGGCGACTGGGCATTCGTTTCGTGGTATTC
CP050848.1_gap27	854249	856207	1958	CTGAGCGACTCGGTAAAGCCGAGTCCGAAGCGTTGGGGTTCCCTGCTCGCTGCCGCCGTGCTCGCACTGGCCGCGACCGCATGGTTCTTCCTGCCGCATGAAAACCCCGCTCCCAACCCCGTCATCGACCATCAGCAATCTCAACCCGTGGCCCTGCTGACCAATCTCGACGATGCGGTCTTCATCGACACGCCGACTCCGCCTGCGATTGGCGGCGAGTTGCCCCCCGGCGAGTTGCGTCTGAAATCCGGCCGGGCGCAGGTCATGTTCAAGTCCGGCGCGGTCGTCGACCTGATCGGCCCCGCAGAGTTTTACATGGTCGGTCCCAACCACGGCCGCCTCACGGCAGGCGTCTTCGAAGCTTTTGTTCCCGAGCCGGCTCGCGGCTTCACCATCGACCTGCCCCACGCCATGCGCATCATCGACCTGGGCACCCGCTTCCGCATCGACATGGCTGACGGTGCTGACCACCGCATGCGCGTCACCGAGGGAACGGTGCAACTGATTTGGCCGAACGGGCAGCGAACGCTCACCGCCGGTTACCAGTGCGTGCTTCGCCCCGATGGCCCGGGCGACGCCGTGCCCGTGAAGATACTCGCCATGAAGCCCAACGACACGCGCGGCCCGCTGTCCACCACCACGACCGCGCTTACACCCGACAGCGCCCCCGCCGCTGCCGACAACGACAACGCCTGGGGCTTCAGCGCCGCCAATGAACAGGCCCAACTCGGCGCCGGTTCCTTCGAAGTCGATGCCCTGGCGGGACAGGTCTGGGTCGCTCGCAACGACCTCGGTGAAAACCCGCCGCGCCTGACCACGGTCATCGCCGGTCTCGACGACGCCCGCCGCTACAACATCTATGTCTATTACATCACCCACACCCTGCAGCACTGGCAGCTTCGCGCCGGCCGCACCGGTGATGTCAACAAGTCGCTGATCGTCTGTGATGATTCCGGCGCGCAGCTGGCATCCGGCGGCAACTCCGATGAACTGCGGCTTCGCCGGCGACGCGTGCTGACAGATGCTGTCCCCGCAGCCGGTTCGATTTCGATCGACATCGACGACGCCGGCATGACCTACCGTGAAGATGTCCGCGGTTTCTACAAGGGCATCGGCATCGAGATCAGCGACAAGCACGCTGATTCGCCAACCCCTGCCGATCAAACACCCCCCGAGACAAGAGGAGCAAATTCATGATCATGACGCGACTGCAACAGACGATGATCGTCGCCGCATTGACATGGGTGGTGTGCGCCGCCGCATCGCCCGCCGCCATCGTGGCGCTGGACCCCGATGATGCGCAGGGCGGCTACACCACCTCGACAACCATCATCCCCGATGAAGGCATCGGCTGGCCCAACGCCGCCGGCGACGACGATGACCAGTGGGGATACAGCGGCACCAACACGCAAGCCCAACTCGGCAGCGCCGCGACCAACACCGCCGCCATCGACAACGAAGTTTGGGTCTCACGCAACGACCTCGGCGAAAACGTCCCCCTGCTCACCACGACCATCACCGGTCTGCTAGACACCGAAACCTACGATGTCTACCTCTTCTATGTGACCAATACCACCGAGGACTGGCGCATGCGCGCCGCCGCCAGCGGCGACGCCCTGGTGGAGTACGATGACTCCGACGGGACCATCATCGAATCCGACGGCGTTCTGCAACTCCGTCGCGTGATCGTGCTCAACGACGCCACCCCCACCGGCGGCGCTCTCGCCCTTGACATCGATGCCTCCGCCGCCACCGCGCTCGGCAACGTCCGCGGGTTCTTCAAGGGTATCGGCGTCGACGGTTTGGCCGCCACGATCCCTACCCCCGCCGCCCTGCCCGCGGGATTGGTGGGTCTTGGATTGCTGGTCATGCGCCGCAAATAGCCGCGATGCAACGCATCGCGGTTCGCGAATCGTTGATTCGCGGCTATTTGAAAGAACCCACTTCATGCGTCGACA
CP050848.1_gap28	860724	864226	3502	TCGGCGCAGACCGACGTGCCCGCCAGCATGATCTCACCACATCCGGGGCACTTCGCCTTGACGTTCGTCACCCCGTCGGGCCCCGCCGTCGCGGTCTGCAACGGCAACAGCGCATCGGCGATTTCCTGCGGCACCGGCGCCAACCCGGCCATGACCTCGCCGCCGCAGGTCGGACAACGAAATCGTCCGCCTTCATCGGTGACGCGAAGCCGACTCTGACAGTGTGTGCATGTAACCATCTGAGACATGACCGAACTCCGGAAGAATCTGACCGCGCCCCGGACTGCCCAAATACAAATCGTGGGGCTGCCTCATTATAGCTTGGCAACGCCGGGTAACTACCCAGTTCTGATTGTAATCAAAAGCTCACGGCTGAGTGGTCTAAGGGGCATTGGCCTGGCCATCGCCCACATTCGCCGGTTGGCCGTCATCCGCCGGCGGCGCTTCGGCCGGTGCTGAGATGTCCACGATCTCGCGTTCGTCGGTCGATTCGCCAGGCGAGTCGGCGTGTTCGAACTGCTTCTCGGTCGAGCGACTGAGAAACAGCAGCGTCCAGGCCGTGGCCACGGTCGAACCCCAGTGGCTTTGCCATGAACCGTCATTGCCCTGCTGGGCGACGATCCTTGCCGCCAGCGTTTCATACCAGTCGATGCCGGAGATCTTCTGCGTTTTGGTCAGTGTGCATACCCGCTCGAGGCTGTACAGGTAGTACGGATTCAAATCCTCGAATCCCTTGCGCTCGATCCATTGGAAGCCGCGCTCGATCGCTTTTTCGATATCGGATTGCACCGCCGGCCCCTGCGCGTCTGCGGGCGTGGGGTCGGAACTCTCATAAGCGTCCTGCCGCTGGATGCGCTGGTTGTTGTGCATCATCAGGTAGCAGATCGACAGGCTGCCGAGGCCGGCGCAGGTCATCGACCGCGTCGGGCCTTTGGTCTGTTTGTAGGCCCACGAGCCGTCTTCGTTCTGAATCTGCATCAGATATTTGGCTTGGATGCCCCACCATTCGCCGCCCAGTGCGACCTCGGCGCGATTCGCCGCCCACATGCCCAGCATGGCATATTGATACAGCGACATGTCATGACCGCCGCGCCCGGCGCCGCCGCCGTAGGAGTACGAATGCTCCGACGACTGGTTGCGGTTAAGCCCGACGAGCAGTTGGCGCATGGCGAACTTCATCCGCAGTCGATCGCGGTTGGCTTCCTCTTTCGAGCGGCGGTACGAGCCCTCGGCCATCTGTCGAATGCGCACCTGTCGAAACTGATCCAGCGCCAGCATCACCAGCGAGGCGTTGTAGGTGCCCTTGGACTCCATGGCCGGCCGATTCGACGCGTAGTACATCATCGGTTGGATCGTCATGGCGATCTCGGGCGTGTCCGGGTCGACACCGCTCTTGAGCAGGGCATACACGCACAAGGCGGTGTTGCCCATTTCATCGGTGAACTTACCCGAGTAGGTGCTGCCGCCGGCGTACTGTTTGATCAGGTACTGCTGACCCTTGTCGATCGCCTGATTGATCTGCGCCTGGAGTTTGGCGCGTTCGGCGGCAGTCAGCGGTTTGCGGGCCTTGGCGGGCGCCTGGGCCATCTGTTTCTTTGCCGCCTCGGCTGCTTCTTCCGCAGCTTTCATCTGTTCTTGTTTGAGACGTTCGGCCTCGGCGGCCTCGCGCGCCGCCTCACGCGCCGCCGCATCGGCCGCCTGCTGTTCACGTACACGCTGCGCCGCCGCTTCGAAGGTGTTGGCCGTCGACGTCGGGCCCATGTTCAACTTGACCAGCGGTTCGGCCTTGGCGACCGAAGCCTTGTCGACGGGTTGTTGCTTTTCGGGTGCAGGTTCGGGTTTCGGTTTCTGAGCTTGTGCCGCGGCGACCGGCTGACGCACCGGTTCATCCGCCCCGCCGCTCATCATCATCACCAGGCCGATCACCAGCAGGACGGCCAGCACCCCGCCACCAATCGCGAGTTTCATCACGTTGTTTGAACCCGAAGTTTTAACCTGGGTCTCACCCGGCGGCGGCGCGGCTGAACCGGCGGCCGGCGGTAGATCCATCGCCGGCTGCGATGGCGGCGGAGCCACCTCATCCATGAAGTCCAGCGTCGCAAGCTCGGGCTCAGGCTCCGCGGCCGCGGTGATTTCAATCACCCCGCCACAGCCCGGGCACTTGAATCGCCCCTTGGTCTCGGCTTTGACTTTCAACTGCTTGTGACAATGCTCGCACGTGATAATCCGTGACATGACAGCCCCTTCCACAAGGTCTTACCGACTGCTGCACAAACAACTGATTCAATACGCCCCGGGCCAGAGAACTGCTTATCACATCAGTATAACCACATTTGCCCGCAACGGGTCAACGAATCACCCGCCGGCGGAAGTTCCCCCATGAAAAAGGCCGCGCCTCACGACGCGGCCTTCACTGAAAAACAACTGATACCCAACACGGAAAAGATTCAGGCGTCAGAAGGTGATCGACTGCGAACCTGTGGCACAGCCGCCCTCGGCTGTGCGGGCGACGAATACGGCACAGCCGAGGGCGGCTGTGCCACAATGCCGCGTTCGGGCTTTACACAAAGGACCGAGTATTTTCTGCGATTGGGATGATCCGTGACTTAGAACAGCACCTGCATCTGGGCCCGCACGGCGATCTGACCGTCGTTGTTGGCGTTGGATGTGACGGTGCCGCCGCCGCTTTCGCCGCGACGCAGACCGTCCGGGGCCCACACGACGTCGACCGTCAGCTTGGCGTCGTGGCGATGGAAATACCAGTTGCCGCCGACGGTGAAGACCTTCACATCGTCGACCAGCCCCGTCGGCAGCAGGTTCACACCCGGGTCGCCGACGATTTCGTTGACGTGATCATGGTCGATCCACTCGAAGCGGCCGAACACATCGAACTTGTCCGGGATGATGAAGACCGCGGCCATGAGTTCCGTGCCGAACTGATCCACGGAGGATTTACCCGCCACATTGTCGACGCCTTGCACGTGACGCCCCACCACCGAGGCGTACAGTGAAAACGGGTGAACTTCCAGCGAGGCGTCGGCCGTCCAACCGAGCAGGCTCGTGTAGTTCTGCGTCGAGTCGGCGCCGCCTTCGCCGAGTTCGTAGTCGATCGCGGCGCCGAAGAGCAGACCCGCGGGGTCATCCGACCACGCCACGAAATCCTTAAACTGCGCCCACTTGCCGAAGGGCATGAACTCCACGCGACCGGCCAGGCCGACGTCTGTGCTGTCGGCGCTCCAGTCGACGTTGGCGCCTTCGCGGCCGTCGTGCACCATCGCCTTCCACCCGAAGTGATCGTACGTTCCTTCGACCATCACGCCCTGCGAGTAATCAGCGGTGAAAAATTCGTTGTAGTTGGCGCGTTCGACGGCCATCTGGAAGCGCGAGCTGATCTGCTCTTCGTGCATAAAGGGCACCTTGGTCTGCCCGGCCCGAATCGAGAAATGCTCGTCGAAGTCATACGACAGGTAAGCGTCCCAGATCTGGAAGTTGCCGGTCGAGC
CP050848.1_gap29	885577	889651	4074	GGACAACTCCCGGTGCACATCGCACCACGTGACCCTGCTGCAACGGCTGTGCCGCGCCACCGAGCCCCGCCGGCTCATCGGAATCGACACCGCCGAACCGGCCGTCGGCAGTTTTTGCGCGACTGATGCGCAAGAGTTGCGCGTATCACAGGGAAGAAGCGACAAGGTTGTCCTCCTTCCATTTCTTGAGCTTGAGCCCGAGCGTGCGGACCGCGATGCCCAGCGCCTCGGCCGTTCGCTGGCGATGCCCGTCGTACTGGCCGAGCGTGCGGATGATCACCTCGCGCTCCAGTTCCTCCAGCGTCTTGCAGTGCACATCGATCGTGTGTTCGCTGTCGACCGCCGCATCAGTTCCGTTTGAACTTCCGGGGGCGGGCGTGATCCACGGCTGAATCGTGCCGGCGGCGATCACGTTGCCGGCCGTCAGTACCGCGGCGCGTTCGCATATGTTTTCCAACTCGCGGACATTCCCCGGCCAGTCATAGCTGCTCAGCAGGTCCAGCGCCTCGGCATCAAATGCCTTGGTTTCGCGCCCGTCACGCATCGCCTGCCGCAGTAGAAAGTGCTCAGCCAGCGCCGGGATGTCACCGCGGCGCGCCCGTAGCGGCGGAAGCTGCACCGGTAGAACGTTCAGCCGGAAGTACAGATCCTGTCGGAACTGGCCCGAAGCGACGGCCTGTTCGAGCTGACGATTGGTCGTGGCGATGATGCGGACATCGACCTCGCGCGTCGCCGACGAACCGACCCGCTCGAACTGGCGTTCCTGCAACACGCGCAGCAGTTTCGCCTGCACCGTCGGGCTGATCTCGCTGATTTCGTCCAGCAGCAGCGTGCCGCCGTCGGCCAGTTCGAAGCGCCCCTTGCGCATCTGGTCAGCCCCGGTGAAAGCCCCCTTCTCGTGACCGAACAACTCGGACTCGAGCAGGCTGTCCGACAAAGCGGCGCAGTTCAGGCAGAGCATGATCTGATCGCGACGCGGGGAAAGCTGATGAATCGACTGGGCGATGATTTCCTTGCCGGTGCCGGACTCACCGCTGATCAACACGGTGCCGTGACTGGCGGCCACCTGTTCGATCTGCTTACGGACCTGCGCCATGGCCGACGAATCACCGACGAGCTTGCGCGGAAGCTGCACGGCTCGCGTGTTCTGCTTCAGTGCCGCGTTTTCATTGGCAAGCTGATGATGACGCACAGCCCGGCGAACCGTCGCCACGAGTTCGTCGCCTTCGAAGGGCTTTTGGATGTAGTCGAAAGCGCCTTGTTTCAAGGCGGACACGGCGGTTTCCACCGTGGCGTAAGCCGTCATCAGAATCACCGGCAGATCGGGGTCGATCCGCCCGATGCGCGTCAGCAGTTCGAGGCCGTCCATATTCGGCATTTTCAGGTCGGTCACGACGGCCGCGGGGCGATGGCGGGTGATCATCGCCAGGGCCGACTCGCCGTTGTCCGCCGCCACGGTGGTGAATCCCGCACGGGCCAGCGTCGTGGTGACCGAGTCACGCATCATCTGCTTGTCGTCGACGACGAGGACTTTACTCATCGGTGGCCTCTTCGTGATCGGGGAAGGTGAGTGTGAACACAGCGCCACGCTGACCAGAAGACGATTTACTTCCGGGGGTGTGCACGGCGATGGTTCCGCCGTGGGCATCGACCAGGCGATGCACGATGGCCAGCCCCAGGCCGGTGCCGGTGTGGCGCGTCGTGAAGAACGGATTGAAGATGCGATCGATCGCCTGCTCGTCGATGCCCGGACCGGTGTCGGCGATGCTGAGCACGGCGGCGGCGCCCTCCCGGCGCCCCGCCACCGTCAGCACCTTGTTTCCAGCGACGTCCTCCATCGCTTGAACGGCATTGCGAATCAGATTGACCAGGGCCTGGTGGACCAGTTCGCCGTCGCAGGTGATGACCATGTCTTCATCTTCGATGGCGAAGTTCACCGTCACGCCGGCGGCGCTGATCATTGGCTTGACGACCTCGACAGCCCGACGCAGCAGCGAATCGACGATCGCCACATGCGGGCGAAGATTCATCGGCCGGGCGTAAGTCAGCACATCGTTGACGATGGCGTCGAGCCCGCGGACGGCATCGGCGATCTTACGGGCGATGTCCTGCTGCGGGGCGCGATCGGCAAGGTCTTCATCAAGCATGCGGGCATACAGGTGAATCGACGCCAGCGGATTGCGAACCTCGTGAGCGATGCCGGCAGCCATCTCGCCCAGCGCCGCCAGGCGACGCGAACGCTCCAGCGCCGCGTTTGCCGAGGCCAGTTGCTCCTGCAGACGCTGCACCTCGGCGGTCAGCGTGTCGTGGCTGCGCTGCAGATTCTCGGTGACGCGGTTGTAGGCGTCGATGATCTGCGACAGCTCCGACATGCGATCGGTCGCATCGGCGGAAAGGTCGGGTTTTTCAGTGTCAACGGACATCGGGTTCAACCCTGGTAGTCGGAGTAGCGATTGTTGTCGGGGCCGGCGGTGGGCCGACCGTAGGCGCGGTTGACGGCGGTGCCGCGGCGAACCTGCTGCAGCTCTTCGCTGACGTGTTGGCGCTGGGCGCTGAGCGCGACGCGATCTTTTTCATCCTGCTCGACGATGCCGTCCAGCAGCTTCTGCACCTGATCGATGAGCTGCTGAATGCGAAACTGATCGCCACGATCCAGTTGCGCCCAAAGGGACGGCCAGTCACGCTTGTACGGATCGATGCGGCCGTTGAGTTGTGTGAGCTGGTCGATCAGTTGCTGACGCTTGCCCAGCAGCGACAACAGCGGCTCGGCGTCGCCGGCGCTGACGAGTGCGGCCTGCTGGCGGGACAGATCGCCGAGGTCGTGATAAATCCGGCGCTGCTGATCGAGCAACGAAATCAGCTCGGTAGCCCAGTCGGGCGTGGCGGTCGTAGTCATGTGACCGTCCTTTCGAGGGCTCCGCCCTCTTGAGGGGTTCAAGGCAACGCGGGTTACGGCGTCGGCGCTCCGGCCGACGCGCTGGTCATCGCCATCTGGCTGGTCCAGTCGAGCCAGCGCTGCCAGTGCTTGCGGTTCATCGGAAGATTCGGGTCGTCAAAAGCGGATTCAGGAATGCGCTGCAGGTAGACCTTGGCGCGTTCGTTGACGGCACGGGCCATTTCCCACTGGCCCAGTTCGCAGTAGCTGTTGACCATCTGCACGAGTGCGACCAGCGCCGCGGGGTCCTTGTCGTAGCGCTGCACAGCTTTTTCATACAGCGCGATCGCACCGTCGGGGCCTTCGTAGCGACCCAACTCGTAGGCACAGTCCGCCCGATAGAAAAAGCTGTTGCGGAGGTACAGTTTCTGCAACTCGCTCAATGAGTCGGCACCGCGATCTTCGTAGGCGTTGATGACGCTGCCGAACGACTGCTGGGCGCGGTCCAGTCGATACGCCCGCTGGCGTCGAAGGTCTGCCGCCTGCGATGGGGGCAGCGAGGCCGCGAGCTTGGCGTCGATCTGCTGCACGGATTTGCGGTAGGCATCGCCGAGTTGGAACATCAACTCGGGCATCTGCCCCGCATCGCCCTGCCCGTACCGCTCGACAACCTCATCGAGTCGGGCGATCGCCTTTTCGTAATCGCCCTCTTCGCCGCGGCGGTAGTAAAGCTGCCCGAGTTCGGTCAGCGCATCGCGATACTCCGTCGATTCGGGGCGCAACGCCGGATGATCGGTCACCACACTCAGCAGCACATGCTCGGCCTGGTCGGTGTACTTGGGGCCCATGGCGATGTAGCTACGGGCCAACGGCACCAGCGAGGCGTAAGCCTCGGGGCTCTTGGGGTTCTGATCGATGAGCTGGCGATACAGCGCGATGGCCTCGTCGAACTGCCCGTCCGCCTGATGGGCCTGGGCGAGTCGGAACATGGCGGCCAATCGCTTGGGGTCCTTCGGCCGAGCCTGCACAAACTCGCCGAACACCGCGATCGCCTGCTTGTGAAGCCCCGCCTTGTCGTAGTACTCGCCTGCCTTCCACAAGCTGCGGCCGTAGGCGTCGTCGTTGGAGACGGTCACCGCACGGGCATGACTGAGGTAAAAATCGGCGGCATCGGCAAAATGCTTGGCCACTTCAAGCCG
CP050848.1_gap30	899142	903848	4706	GTCAAGCTGATGTTCACCCCCGCTCAGCGCGGCGTGTACAGCCTCGGCTACCACCTGTTTTTCCGCAAGCCGCTCGGGGCTGTCGAAGAGATTCAACTGCCGATGATGTGGCAGCGGAAGCGCCTGCCGGACAAAGCCTACGCGATGCTCGACCCGCGGACGCCGACGCCCTTCGCCCTGGCGCAGACCGGCACGGGCGAAGGGGCGATGTCGTGGGCCGTCGTGGGCGATCCATCGGAGATTCCCTACGCCTGGCCGGACGGCCGCAAGCCGCACATGGGCTTTTGCATTCGTGATGAAGCGGGCAATGTGCAGCCGTCGATCTACGGGCCGGTCCCGGGAACCGACGCCGCCAAACGTGAGGCCGGGCAGGCGGTCACGTTCACACTCAACGTGCTGGTCGAACCCGGCGACTGGTATGCCGGGTATCGCACGGCCGCCGACGAGGTGTTCGGCCTGCATGACTATCGCCGCAACGTGAACATCTCGCTGAGCGACGCGGCGCTGAACATGATCGACCTGGTCAAGGATGACGAATTCGGCGGATGGTGGCGGCGGGCCAAGGGGTGGTACCAGATCGAATCGCACAACACGGTCACGCATGCCGCCCCGGCGACGCTGGTGTCGCTGTACCGCCTGACCGGTGATGAAGATTTGTACCGCCGCCGGGCGCTGCCGACCATGCAGTACATCCTCTCGCGCGACAGCGTGCACTTTACCCCGGAGCCGAATGACCCCGGCCGCTACAACACCGGTCCGATGAACGGGCCGACGACGTTTTACGGTTCGTCGACGTTTTCGGCGCTGGCGGAATTGACCGGCGGATACACCCCGGCGTTTGCGAAGATCGCCCTGCCGCCGGACGGCAAGGTCAAAGCCACGCACGGCTACACCCACGCCGCGGAGTTCAACGAGTGGGCCGCCCGCTATCGCATGACCGGCCATGCCGACGACCTGCGCCAGGCGATGAAACTGGCCGATGAATATCTCGAAAAGCATGTGATCACCCCGTCGACGCGACCGGTCGGGTATCAACCATTCTGGCTGCTGAGCTTCGTGCCCGACTGGGAAGGTCTGCTCATGATGTACGAGTTGACCGGCGAAAGTCGCTACCTCGACGGCGCGGCATACGGCGCGCGGCAACTGATGACCGGCATCTGGACCCAGCCACGCTTCCCGCAGGGCGACACCACGATCTTCCCTGGCGGCAAATACGACGGCGACCCGTGGCACAACCACCTGATCGCGCGCGGCCCGTTCTACAGCCGGCTCGGATTCCCGCTGCGTGATGACTCGCTGACCGAGCACAAAGCTCCCGCATGGCAGGTCTCGGCGATCGGTCTCGGGTTCGAACAACCCTCGACGCTGGGCAACGACGGCAATCGGCTGATCTATCAGGCGGTGTGGGCGCCGGAATTTCTGCGCCTGGCGCGCTACACCGGCGACAAGGCATTCGAGACGTATGCCCGCAACGCCACCGTCGGTCGTTGGGCCAACTACCCCGGGTATTACGTCGCCGGCCACATGGACCTCGTGAACAGCCCGTCGTATCCCTTCGTCGGACCTGATCAGTCGGTGATTTATTACCACCACATCGTGCCGCATCTTTCGTGGGTGATCGATTATCTGGTCGCCGATGCGGAGTTGCTTTCCGACGGGCGTATCGTGTTTCCGAGTCTGCGTGAAAACGGGTACGCCTACTTCGATGGCAAGGTGTTCGGCCACGCCCCCGGCAGAATCTTCGATGCCGAAGACTGCTGGCTGTGGTTCACGCGCGGCGCCGCCGTGGTGAGCAACCCGCAGATCAACACGCTGACCGCTTATAACACGTCGAAGTTTTTCGCCATCCTCGCCAATCAGGATCGCCGCGAGCAGACCACCAGCGTCGCGCTGTCGCAACAGGCGATCGGGTTCGATCCCCGCAAGGTGAAGTCCGTCACTGTGCGAAGCAACGACGGCGTCCAACAGGTCGAACTTAAACAGGGCGTGGCGCAACTCACGCTCGGGCCACGCCAGTTGGTGGTCGTCGAAGTCGACGGGGCGCACATCGACATCGCGGCGCATCACGTGCCGACCCAACCCGCCGGCGAAGGTGAAACACCGACGCAAGCCGCGATGAAAGTCGACGGCATCGTGGTCAAGGCCGCCGCCATTGCGACCGGCCCGATGATCGACTCGTGGGATGCTTACCTCTGGTGCACCGCGACGGAAGATCAGGCCAAAGCCGTCACCTTCGAGGTGGATACCGGCAGCGGGTGGCAGTCATACACCGACAAGCAATACCCGTTTGAATTCGACGTGCCGGTACAAGACCGACAGGCGACCGTAAAGTGGCGGGTCAGTTGGACGACACCCGCCGGCGCCACGGTAAAAACCGGCGAAGCGACGCTCGGCACCGTCGCCGGAGCGAAAAAACCCGGCAAATAACGCCCATCCCGCGTGAATTTTCAGCAAAACCGGCGGATTTGATAGAACCGCCGCAACGCTTGTGCGTCTGTGGGTGTAAGATAAGACAACGAAACATCAGTCATGAGCAGTTTATTTCCATGGGGTCCTGACATGCGGATGAATCAAATCTTTGTGACCGGGTTGGTCGGAACTTTTGCGCTGACGATGGCGATGGTGAGTTCAGCGAACGCGCAGACCACGCAGCAGCGCCTCGCTGAGGTCCGCCGCAACCAGGAAATTCAGCAGTACATTCAAGAGCAGAAAGCGTCCGGCGGGCGGGTAAGCATCGCGCTGTCCCGGGCGGTGACCGATCGGCAGTTCGGACAACTGCCGGCCAGGCAGGCGTTCGACTGGCTGTCGACGATGACGGACCTGCCGATCGTGATCAACTGGAATCGGCTCGCCGAGGAAGGCATCGACGCCGAGCAGGAAGTGACCCTGCCGCTGGGCCCGCAGATGACCGGGCAGCGGGCGCTGGACATGCTGGTCAAACAGCTCGGGGTCGACGGCAATCTGCTGTGGGAGCCGAGCGCCTGGTATGTCGAAGTGTTGACCAAGTCGCAGGCGAATCAGCGCACCATCGTGCGGACCTACCCGATCGGTGATCTGCTGCACACCGTGCCGAACTTCGACAATGCCCCGGCACTCGAACTCAACGCGATCACCGAAGGCGGCAGTTCCAGCAGCGGCGGCGGTGGCGGCGGACAGGATCTGTTCACGAAGAACGATGACGAAGAAAAGAGCATGACCAAGGCTGAGCACGCCCAGCGGCTGGCTCAGATCATCCGCGACACGGTCGAGCCGGACATCTGGCGAGCCAACGGCGGACAGTACGCCACGATCACGTACTGGAACGAAATGCTGATCATCCGCGCCCCAGCCTATGTGCAACGGCAGATCGGCGCCCCCGGAAATGTCGCTGCGGCACCGGTGAATGTCGCCCCCGCGCCGGCACTCGGCGAAGGCGTGTTCTTACCGAACCCGCAGGTCGGCATCGTCCACCAGGGCGCGGCGGCGGACTTCACCGGCGTGGTTGACCACACCGCACGCTACGTCAACTTCACCACGGGCCTGTCGACCTCGAACGTATCGCAACTGCGGCAGGTGAACCCCAGCGTGCGGACGCCGGCCTCCTTCAACGGCAGGCCATACACCCGCGGAACCCGTGATGCCGGGATCGCACCGAAACTCATCGGGCGATGAAGTTGTAGTTCTTCGTGTGCTCGTGCTCGTAATCGTAATCGAACTCGCGCCCAACCACCGATTCGATTACGAGAAACGATTACGATTACGATTACGAGCACGAGCACGAGCACGAGCACGAGCACGAGCACGAGCACGAGCACGAGCACGAGCACGATGAATTATCGCTGGCGTGCGACGGGGCGGGTTGTGCACTAACATATCGCCATGGATCTGTGGCACATGATCATCGAGCGGGCTTACGTCACGCACGCGCTGGTTGCGGCGGTGGCGATCGGGCTGGTCTGCTCGCTGCTGAGCGTGCTGGTTGTGCTCAAGCGCATGGCGTTCATCGGTCAGGGCATTTCACACGCTGGCTTCGGCGGCGTCGGCACGGCCGCCCTGCTCGGATACACCGCCGTCGGTTTTCACGTGGAGCACGATCTGATCGTGTTGGCGTTCTGCCTGTTCACCGCCATTCTCATCGGGGCGCTGGCCGCGGACCGGCGCGTTGAAACCGACACGGCGATCGGAATCCTGCTGGCGGCGACGATGGCGTGGGGCGTACTCGCGCAGAACCTGCGGGTCGAGTTGCAAAGCTGGCCGGCCTACCGGGAGTGGGTCGGCGGCGCGGGGTATTCACCGCCGTGGGAATCGATCATGTTCGGCAATCTGCTGAACGTCGGCTCGACGGGAATGTGGACCGCCCTGGGTATGGCGGGCCTGGTGATCGTGATCGGGGCGGCGCTGTTCAAGGAACTGACGTTCTACGCTTTCGACGAATCGGTGGCGCGCGTGTTCGGCGTGCGAACCGCTTTGATGCACTACCTGCTGCTGGTGATGTTGTCGCTGGTGGTGGTGGTGAGCATTCGGCTGGTGGGGTTGATTCTCGTCAGCGCGTTGCTGATCATTCCGGGCGCGTCGGCGTTGCTGTTGAGCCGACGAATGAAAATTGTGATGACGCTGGCGGCGGCGGTCGGGGTCATCGGCGCGGTGTCGGGCCTGCTGGCGAGCCTGAGTTTCGGCATGTTCAGCCCGGGGGCGTGCATCGTGTTGACGTTGAGTTTGATCTTCGC
CP050848.1_gap31	908676	912841	4165	TCACCGTCCGCGTCGGCACGATCTTCGAGGATAGCCCGCTTCCGCTGCGTGATTGGGTCTATGCTTTCGCTCGCATGTGTTCCAGCAAGAAGGGCATCAGTGCCCACCAGCTTCACCGCGAGCTTGGCGTCACCTACAAGACTGCGTGGTTCATGTGCCACCGTATCCGTCACGCCATGCAGAACAGCCCGGACGGCGGTCCGTTCGTCGGCATCGTCGAATCCGATGAAAGCTACGTTGGTGGTAAACCGCGTCCGGCGAATAACAAGGGTCGCACCGGTCGTCAGGGCAAGACCGACAAGGCCCCGGTCCACGTTCTGGTCGAGCGCGGTGGCCGCAAGCGCACCACCGTTGTGCCGGATGTGAAGGCCCACAACCTGCGTGAGAACCTTATCAAACACGTAGATAAGACCGCTGAGATTCATACCGACGAACAGACCGCTTATCCATCCGCTACCGATGGCTTCGCGGATCACAAGCACGTCAACCACTCCAAGTATGAATACTTCCGCGTCGAGGGCGACAAGATTGTGACCACCAACACTGCCGAGTCCAGCTTTTCGCTTTTGAAGCGTGGTGTCTATGGCACGTTCCATCATGTGAGCAAGAAGCACTTGCAGCGTTATTGTGATGAATTTGACTTCCGATGGAACAATCGCGAGGTTGATGATGTGACTCGTGCGCTCACCGCGATCAAGCAAGCCGATGGCGTGCGGTTGGTGTACGTGATCCCTAATTGCAAGCAAGCCGGATAATGGCAATTCTGACCACAAGATATGACCACCCGCAATTTTGACCCAAAAACCCTTATTGAGTGTATAATGTTCGAACATTGTTGAAGGCATTTGTCGAACATGGGGTTGGTATGGCTGTAACAACCGCTAAGGTTTCGAAAGATCAGGCGAATCGGATTGTCAACATTGACGAAGGTCAATTTGCTGAGGTGAAGGGTTGCGCGATTGCGCCAAGCAAGCTTTCGAAGACGATTTCTGCACTCTCAAACAGTGACGGAGGAGACTTGTATGTCGGTATCGACGAGGGCGATCCACCAGACCGCAAGCGTTCTTGGAATGGTTTTCCAAATGACGAAGCGGCAAACGCACACATCAACACATTCGAACAACTTTTCCCGCTTGGTCAAGACTATCAATATGAGTTTTTGTCGTGTGATGAGCTTCCGGGTCTCGTGCTTCATGTCCAGATACAGAAAACGAAGGAGATCAAAAAAGCGAGTAATGGAATACCATACATTCGGCGTGGAGCGCAAAGTCTACCCGTAGATAATCCAGAGAAGCTTAAGCGACTTGAATACAGCAAGGGCGTTTACTCGTTCGAAAGTGAATCATGTGATGTGCCGATTGAACTTGTAACCGAGTCAGATATGCCCTGTAGAAAAGCTCTGATGTTCGGCGCGTGTTCGGTTGCGCGGTTGGGTCCAAGGCGTTAGATGATGAACGATGAGCCTGACATCCAAGTCGCCACGGAGGGTGACGGCGATGGCCCTGGGGGTCGGCCGGCGGGTGCTGCCGCGCTACGGTCACCGGTTCTCGCGTCACGACTTCACGCTGCCGCAGTTGTTCGCCGTCCTCGTACTGCGGCAGTTCACACGCAACGACTATCGCGGCATCGTCGCCATGCTCATCGACTGGCCGACGCTGTGCAGCGACATGCAGCTTGCGAAGGTGCCGCACTTCACCACGCTGCAGAAGGCCGAGCGACGGCTTCTGCGCGACGCGCTGATCCGCCGCATGCTCGCGCAGACCGTGGCGCTGTTGCATCGTCATCCGGACACATCGCTGGAGACTTCGCCGCTGATCGCCGAAGCGATCGACACTGCCGCTGCCGACTCGACGGGCTTCGAACTCGACGGCGCCAGCCGATACTTTGTGCGAAGAAAAGCGCGATCGCCGGGTTTGTATCAAACCACGACCTATCGCCGATTCGCCAAACTCGGCGTCGTGGCCGATTGCGACAACCACCTGATCCTCGGCACCCACGCCACGATGGGCCCGCGCCCCGATGTCGATCAACTGCTGCCGCTGATGGGCGGCATGTGCGTCAACGCCGTGCCGCAACGGCTGATCGCCGACGCCGGCTACGACTCCGAACCCAACCACATCCTGCTGCGCGAATACCTGAACATCACCTCGCTGATCCCCGCCACCGCCGGTCGTCCGACGCTCAAACTGCCGACCGGCAAATGGCGTTACCTCATGGCCACCGCCTTCGACGACGAGACCTACGGCCAGCGCTGGCAGGTCGAGACCGTGATGTTCATGCTCAAGCGCCACTTTGGCTCCGCCCTGACATCACGAAAGTATCAAACCCGCCGCCGCGAAATGAACCTCCGCGCCGTCACCCACAACCTGATGATCCTCAGATTTGCAGAGCTTTTCTACAGGGCAAGTCAGATACGGTAAAGCACTTCATTGAGAATGTTGTTCCTACGGCCAAGCCGCTTCCGTGGCTGAAGAAACAGGTTTTGATACGAGACGACATGCCAACCGTTGGTGCGGTCTTGCTGTTCGCCGACGAACCACAGGCCGCGCTCCCCAAGCGATGTGGAATCAAACTGTATAGGTATAAGACAAAAGATGCTGGAACACGGGAATCGCTTGCGTTTCAGCCGATTACAATTGAGGGCTGTCTCTACAATCAGATCGCGGATTCTGTCAGCAAAACAACGGAGATTACTGAATCTATCCCGAGAATGGGAGAGGGTAAACTAGAATCAATCTTGTATCCTACCGAAACGCTACACGAGATCATCACGAATGCTGTTTTGCATCGTGACTATAGCATCGCAGATGATGTTCACATTCGAATATTTGACAATCGGATAGAAGTACAGAGTCCGGGCCGATTGCCCAAACACATTACCGTCGAAAACATTCTCGATGAACGAGAATCCAGAAACGGCGCAATTGTTCGAATGTTGAATAAATTCCCAGACCCGCCGAACAAAGATGTTGGCGAAGGTCTAAACACTGCATTTGCTGCCATGCACAAGCTTGGCCTTAAACAACCAGAGATAATAGAAAATGAAAACTCAGTGCTTGTAATTATCAAGCACGAACCGCTCGCATCACCGCAAGAAGCAATCATGGATTACTTGGAAACACATGAAACAATCAACAACAGAACTGCCAGAAAGATAACTCATATCACACAGGACTATAGGGTAAAGAATATGTTTGCAAAGATGGCTCTCTCCGGGATGATTGAGCAGGTTCCTGGAACACGCACGAGCAACACGGCATACAGAAAGAAGATCAAACCACAGCCCGAAGAGGGTGGGTCAGAGTTCTCCGAAAAGCTTTTCGAATAGTGCGACTATGTCATTCATATATTGCATACAATAAACACATGGCCAAAGAAATGAAAAGTCTCAACACAAACCACGCAGCCAATGAAAAGCCTATTTCGTTGGCCCCACTGACGGTCGAGCAAGCCCTGCGCATAGCCATGCGGGCCGATCCGAAGGCTGGTAAGCCGGATCAGCCCGACAAAGGCAAGAAACGCAAGGCGAAGTGATCGGGGTCTAGTCACATCCCACCACCGATTCCCGGGCAGGACTGGCGTTGGTCCGCCAAGTATATAATTCCGTATCTTTTTCTCTGCGTCCTCTGCGTACTCTGCGGTTCAAGTCGATCTAAAGTAAACCTTCACGTTCCGAAGATGCGATCGCCGGCGTCGCCGAGGCCGGGCATGATGTAGCCGTGGTCGTTGAGTTTTTCATCGATCGTGCAGACGTAAATCGACACATCCGAGTGTGCATGCTGCACGGCCGCAACACCCTCGGGGGCGCCCAGTATCGACATCAACTTGATGCGCGGCACAGCCCACCGCTTCAGGGCCTCGATGGCGGCGTTCGCCGAGCCGCCCGTGGCCAGCATCGGGTCGACAACCACCGCCACGTCCGGCGGATCGTTCGACGGCAGCTTGTGGTAATACTCGACCGGCTGAAGCGTCTGCTCATCGCGGTAAAAACCCAGATGGCGCACCTCGGCGTCGGGCATCGCTTCGAGCATGGCGTCGACCATGCCCAACCCAGCCCGGAGAATCGGCACGATGGCGATCCGCTCAGCCAGGCGCTGGCCCTGCGTGGTCGTCAGTGGTGTGGTGACTTCGACGGGTTTGAGCTTCAGATCGCGCAGGGCTTCGT
CP050848.1_gap32	913857	917528	3671	CGCGTCGGAAGCGTTGGCGCCACTGCGGGACTGCTGCAGGGTGGTGCCGACTTCGGGGATGCCGAGGTAGCGACCGGAGATCGAGTCATCGAGGGCGAGCGCGTCGAAGGCCGCCTTGGTATGCACGACCTGGAAACCGCTGGAGGTGGTGCCGCCGGCGCCGGAGCCCATGTCGGCCCAGGCTTCATCGCCACCGATGTAACGGGTGGAACCGGAGGCGACATTGCCGTTATTGTTATAGCCGGGGTGACCGCAGCCCATGATCACATCCAGCACGGGCGTGGTCGGATTGGCGACGGAGCCGCCGTTGCCGTAGATCATCTGCGTGGCAATGCCGGCGTAGTCGTTGCGGCTGAGGCTGTGGGCGTTGCTCATCGCGGCGGGCGTGGCGTGTGAGAACTGCACGCTGCTGATCGTGCCGGTCTTGCGACCGGTGGCGTGGGCGGTTTCGACGATGGTGGTCAGGTCTTCGCCGGTATCGCTGATGTTGATCGAGCCGTTGTAGGTTTTCTGACCGGTCGCCAGGGCGGTGCCGGCGGCGGCGGAGTCGGTATACGTGGTCATGGTCCACTCATACCCGTTGAAGTAGAACGGGCCGCCGGCCTGCGGGGTTTCGTCCCACATCATCGCCGGATCGTAGACGACGTTGGGGTCCTGCACGCCGGTGCCAAGGGGATTGGCGCTGAGATTCAGCGGATAGGTGGTGCAGGCGACCTTGAGCCAGTCGTCGCCTTCGTAGAACGGCACCGCGCGGGCGACCTGCGGGAAAAGTCCCGCCGCACCGGCGATCAAGGCCAAGGCCAGTTTCTTGCGTGGGGTCATCAGAAGAGTCCTTTCAGAGTCATGCGTGAAATAGCGAACACATGCGGGGTGGATCACCGCGCCAAACAGCCGATCCGGCGGCCCCGGTGCACACCGATACCGCCGACGAAACAAAGGCTGCTTCGCCCAAAAAACAACGCTCTGGCAATTCGCCAACCCTCCACCGGCCGGCCGTCGCGAGCAGTCAGCGAGTACCAGATATTCCGATCCGTAACGATGAAATCATGCTATTTCTGACGTATGTGCCCGGCGTGGGATCAAAGTTAGACCACGGTGAGCCTGTGTGAGAAAACAATCTGTATACCCCTATGATTCATCCGCTTATGTCATCTAATGCCCCATCGCCCATCCGGCGGAGTCCATCGGGGCGGGTGGGGCAGAAACACCGCCGATGGGCTCAACGACTGGGTTATTTTACCCAGCCATGAAATCAACGAATCGCACCACACCGTGATTATTGGCCCAAAATCGACGCTTTAGGCGATTTGTACCGATTATGCCGGGTTTGGCATGCCGCGTGCAATAACTCAGTTGGCGACTACCCTGGGCGGAGGTGATAAGGTCCGAATCGGCCATGGCCTTGCCGGTCGGTACCCGACGGGTTCCGCAAAAACGCCCGAAGATGATTCGGAGAAAGATGATCTTTTCAACCACGGTTTCCCACCCACGACCGTGGCAACCCCCCGGCAAAGTCGGATGCCGGGGGGCATTTTTTTGTATGCGGACGGGGGTTGGTGATTGATTGATGATGTGGCTGGCGGAGGGTGGCTTACTGCGCCCCTGCGGGGCAGCCGTTAACGAGTCGTCACCCTCATCACCCTCTTTAGCCGGGCCGCTACGCGGCCCCGGTCTCCGCAATCCATGGTCAACCGAATCCGCCGCCGCCGGGGGTCTGCAGCGTGACCACATCGCCGGGGTTCACATCGAATTCGGCCAGCGATGGCAACGACTCGTCCGTGTCCGATCCGGTGCGACGCAGAAGGTTGCGGCCGGGCTCGCCGGCCCCGCCGCTGTGCAACCCGAACGGGGCTTTGGTGCGGCGCTGGGTCAGCAGCGACACCTGCATCGGTTGCAGATATTCGATGGCGCGTGTGATGCCATCTCCGCCGCGATGTTCACCTTCGCCGCCGGAACCTTCACGTACGGCAAACTGTCGCACGCGCAGCGGGTACTGCTGCTCGAGGATTTCAACATCGGTCAGGCGCGTGTTGGTCATGTGCGTATGCACGGCCGAGGCACCGTCGAAGTCCGGGCCGGCGCCCGCCCCGCCGCCGAGCGTTTCGTAATACCCGAAGCGGTCGTTGCCGAAGACGAAGTTGTTCATCGTGCCCTGGCTGGCCGCCGCGATGCCGAGCGCGCCGAAAAACATGTCGACGATGCGCTGTGACAGTTCGACATTGCCGCCGACCACGGCCGCGTGTTTTGTCGCATCCTCGCAGACCGGCGGATTGAGCATGCACTCGGGCAATACGATTTCGACCGGGTCGAGCACCCCGGCGTTCAGCGGAATGTCCTGGTCAATCAGGCAGCGCAGGCAATACAGCACGGCGGCCTGCACGATGGCGCGGTTGGCGTTGAGGCTGTTATCGTTGACGGGACCGGTACCGGTGAAGTCGACGGTCATGCGGTCGCCGGCGACGGTGATCGTGAGTTTCAGCGGCGCACCGTCGTCGAGCGCATCGTCGAAGGTGTATTGCCCATCATCCAGCGCAGCGATGGCGGCGCGACACTGGGCCGCGGCCGCGTCACGAATGTAGCCCATGTACGCATTGACGACCGGCCAGGTGAAGCGATCGATCACGCCCGTCAACTCGCGCCAGCCGACGTGATTGGCCGCCAGCGCCGCCCGCACGTCGGCGACATTCACATCGACCGCCCGCGACGGGTAAGGCCCGGCGACCAGCGCCTCCCGCAGAGACGCCTCGTCGAATCGGCCGTCACGCACGATGCGCAAGTTGCGCAACACAACGCCTTCTTCCGCGAGGTTTTTCGCAAACGGAAACGCCGACCCGGGACGAAGTCCGCCGATCTCAGCGTGATGGGCGCGCGAGGCGGTGAAAAAACGCAGGTGCTCACCCGAAGCGTCAAACACGGGTGTGATGACGGTCAGATCCGGCAGGTGCGACCCGCCGAGATCAGGGTCGTTGGTGATGTACGCTTCGCCGGGGCGCAGTTGCTTCACCGTGTGGAGCAGCCCGCGCACGGACTCGCTCATCGCGCCCAGGTGCACGGGAATGTGCGGCGCATTGACGACGAGATCACCATTGGCATCGAGGATCGCACAGGAAAAATCCAGTCGCTGCTTCACATTCACCGACAGCGCGGTTCGCTGCAAAGTCGTGCCCATCTGCGTGGCGATGTGGGTGAAGTGATTGTTGAACAGTTCAAGCCGCACGGGGTCGCAGACGGTCGTGGTGTCATCCGTGGCAGGCTTATCACCGCCCGCATGATGCGTCACGACCAGGTCGTAATGCTCGTTCATCACGGCGGTCCACCCGGGGTCGATCACGATCGTGCTGAACGACTCGGCGACGATGGCCGGGCCGTCAATCCGGTCCCCGGGGTGCAGGCGTTCGCGCTCGTAGCGGGCCGCGTCATGGGCGACACCGTCGAAGTAAACGGCGCATCGGCCGGTCGGCTCGGGGCGGCGATCACGCGGTTCGGCGGTCGGCATGGCGGGTTTATCCGTGCGACCGGTGACTTCGATGCGCATCGTGGCGATCTCGATTGCGCGATCGTGATGAACATGACCGTAAAGCTGCTGATGCATGGCGGCAAAAGCCCCGGCCCAGTCGCCATCATCCGGCTGACGCACCGTGATCGGCGTCTGCTCGCCTTCGTAACGCAGG
CP050848.1_gap33	926776	928508	1732	CTGCTACACCTCCGTGGGTTATGACAACAAGGGTTCGGTCCTGTTCACCGGGTATTACACGCCGATCTTCAAAGGCAGCCTGACGCAGACCAGCGTGTACAAGTACCCGCTGTACACCAAGCCCAAAGACCTGGCGATCGAACCGCTGACGGGCAAGGTGCTCGGCCGCAAGGTCGGCAGCGGGTATCAGCCTTATCCGGCCCGCCGTGAGATCGAATCCAGCAACATGCTCAAGGGGACCGAGCTGGTCTGGGTGGCGGATCGGCTCGACCAGTACATCATTCAGGTCAACGGCTCGGCGAAGATCGACCTGACCGACGGCTCGACGATGTACGTCGGCTATGCCGGCAACAACGGCCACGAATACACCGGCCTCGGCGCGACGCTGATCAAAGAAGGCGTGATCGAACCCGAGCGGCTGAGCCTGGCGTCGATCCGCCAGCACTTTGCCGGCAAGCCCGCCGAACTCGAGCGCTACATCGAGATGAACGACCGCTACGTGTTCTTCGCCAGGTATGACGGTTCGAACTGGCCGGCGGGTTCGCTGGGCGTGAAGGTGGAGCCGCAGGTTTCACTGGCCACGGACAAGAGCGTATTCCCGCGCGGCGGCATCGTGGTGATTAACACCCGCAAAACGCCGCTGAACGGCGCGGCCAGTCCGCTGAACCGCTTCATGCTCGACCAGGACACCGGCGGCGCGATCCGTGCAGCCGGGCGTGCGGACATCTACTACGGCGTCGGCCCCAATGCCGAGCAGAACGCCGGCGGTCAGTTCGCCGAAGGCCGCATGTACTACTTCTTCCTCAAGCACGGCAAAACCCTCGAGTGGCACCAGCGCATGCTCGAAGAACAGCCGCCGACTCCCTCGAAACCGGTCAAACCGATCGGCAAGTCGAACGAAGTGTATTGAATAGATTCACCACGGAGGCACGGAGAAAGATATTTGACAGGATCAACAGGATAAAACAGGGATCAATCAGTCTTGTTTCTCTGTCGATCCTGTTCATCCTGTCTATTTCTCTGCTCCGTGTCTCCGTGGTGAAAACTTCTTATTCACTGAAGAGCGCTTCGACGAATTTTTCGGGGTCGAAGGGTTCGACGTCGTCGGGGGTTTCGCCGACGCCGATGAACTTCACCGGCAGGCCCAGCTCCTGGCGGACAGCCACGACGATGCCGCCCTTGGCGGTGCCGTCGAGCTTGCTGAGGAAGATGCCAGATACATCGACGGATTCCTTGAACAGCCGCGCCTGGTTGATGGCGTTCTGACCGGTCGTGGCGTCGAGCACGAGAATGACCTCGTGCGGCGCATCGGGAATCTTGCGGGTGATGACATTGCGGATCTTGGTGAGCTGGCGCATCAGGTGCTGCTGGGTGTGCAGACGACCGGCGGTATCAACCAGCAGCACATCGGCATTGCGCGCCACGGCCGCATCCGCCGCATCAAAGGCGACCGCGGCCGGGTCGCCGCCCTGCTGGCCCTTGATGACTTCGACACCGAGGCGCTGAGCCCAGATTTCAAGTTGCTCCACGGCTGCGGCGCGGAACGTGTCGCACGCCGCGAGCATGACCTTTTTGTTGTCATCGCGCAGGGCCTTGGCGATCTTGGCGATCGACGTGGTCTTACCCGCCCCGTTGATGCCGCCCACAAGGATCACGGTCGGCCCGCTGGGCGCAAAGTGCAGCGAGCGATCCTCCGCGGGAAACAACTCCGTGATATACCGCTTGATGTAGT
CP050848.1_gap34	944466	946488	2022	AAACGGGATCAGATCGTCGACGCCGATCACCTGGCCGGCTGGCTGCGTGAGTCGGGACGCTTCATTGCCCTGCGGATGATCGAGAAGCTCCGCCGCGAGCCGTCGGCATTCAACGAGTCAGCTCTGTCGCGCCTCGACGCCGCCTGGGCCAGGCTCGACGACCGCAATCACGCCCACGCCATCGAAGCCCTGCAGCACTGCCTGCAGAAGCTGTCACCCTCCTCGCTGACTCTGCTGAAGGCGCGCTACACCCGCAACCTGACCGGCGAGCAGCTTGCCGAGGCTGTGCAGAAGCCCCGCCGCACCGTTTATCGAAATCTCTCGCGCATACTCAGCAGCCTTGGCGAGTGTGTGCGCTTCCGCCTGGACGCCCGGTGAATCCGTCATGCACATGGCCACCGACAATCCGCTCAACGACCTGCTGATCGGCTATCTCGACGGCGAGCTGTCGAGCGATGATCAACGACGCCTCGCGAACCTCGTCGATGCCAATGACGCAGCGCGTGATCAGTTCGTCGAGTTGTGCTACCTGGTCGGCCTGCTCGCGGAGACGTCACACGACACCCTCGAAGCCGCCCGCCCCGCAAGCCCGATGACGAAGCGAAGCCGAGTCGTCGGGGTCTATGCCACACTCGCCGCCGCCGCGCTGATCGCGCTGACGATCACCACATGGTTCATACTGAACCCCAACCCCCAGCCCTCATCCCCCAGCCCCTCGACGACTTCATCATCATCGGTCGGCATACTCACCGATCGATCGGACGACGCCGTCTTCGCCGACTCGTCGAGCCCGATGACGCCTGGTGTCGACCTGCCTGCAGAGCGGATTCACCTGGTCGCCGGCAAGGCGCAGTTCATGTTCAAGTCCACCGCGACAGTCGACCTGATCGGCCCATGCGAGTTCGAAATGATCGGACCCGATCGGGGGTATCTGCATCGCGGGAGCCTGCACGCCTTCGTGCCGCCGCGTGCGGTCGGATTCACGATCGACACCCCGCACGGTTCGGTCGTCGACCTGGGCACCGGCTATGACCTGCAGGTCGACGCCGATCGCAGCACGCAGGTGCACGTGACCGAAGGCTGCGTGGCAGTGCTGGACCGCACGCCGAATCGTCGGCTGCTGTGGCGCGGCGACCGGGCGGTGTTGAACTCGACGGGCCTGGCGGAACTGACCCGCGGTGCGACCCTCGTCGAAGTACACGCCAACAGTCCCTTCGTTTACCGGATTCAGCGGCGCGGGTTGGTCGACGACGCCATCGCTCATACCGACCGCGCTTATCAGTGGAATGGCCTGTCCGCCGAGGGGCTGCCTGAAAAACTGCGCGGCGCCGACTTCGTGCAGACGCCGATGGCCGACAAGAACAATCACAATTTGCAACTGCGCGTCACGCTTAGCCGTCCATCGATGGTTTACGTGATCGTCAGCGCTCGGGTGGCGCCGGCGTGGCTGAGCACGATGGGTTTTTCCGACACCGGCTGGCGCATCGGACTGGACAACACCGATGACGGCCGGATCGCCGCCGGTCCGGGCCAGGGTGTCGACCTGGTGTATGTCGTGTGGCAGTTGCGTGTCGATGAGCCGCGGACGCTGGTGCTGGGTCCGCCGCAGCACGGCGACGAGGGCAAGGTGGGAACGTACGGCGTGGCGGCCGCGCCGTTGGATGAAGCATATCAAACGATGGTCGGCCCGGAGGCGGCGACCGCAGACTGAGAACCCAGGTTCACGATATTGGAGAATCGATTATGCAACGTGCAGCAACAACCAAACTCGCCATCGCCCTAACGCTCCTGCTCGCGCTGGGCGCCGCCAGTCATGCCGCGGTCTATATCGACATCAACGAAGATGACGCCGTCGCCTCCCCGCCCGGTGGATCTCCCCCGAGCCCGACGCAGACCGACTACACCGGCATCACCCAGACCGGCGGCTCCGGGGTCAGCCTCAACGTCGTCGTCGGCAATGCGCTGGACGATCGCGATCGTGGACCCGTGACCGGTGCAGGCACGGCTCTGTCAGACCTGCTG
CP050848.1_gap35	1085273	1088705	3432	TTCAGCAACTACCTGAATCGAAAGTCATGAAGATGAACCACCAAGGCGCCAAGAGCACCAAGACAAACGGAGTTGACAGGATGAACAGGATGGACTTGATGGCAGGTTTTGATCCGGTTGATTCGGTCAGAATTTCCGCCTTGGTGCTCTTTGAATCTGGGCGGTTGATGAAGAATTCAGAAAGGCTTCGTGATGGGTGAACTGCGACCATCCAGGCGGGCGGCGATCCAGCGCATGGCGGCCGAGTACGCGGGCATGACGCTCGTGCTGGCGGCGCTGGTGGGATTGTTCAGCGCAATGTCGGATCACTTTTTCACGACGGCGACGTTTTCGACGCTGGCCAACCGCGCGGCGGATTTGACGGTGATCGCGGTGGGGATGACGTTCGTGCTGGTGGTCGCGGGGATCGATCTTTCAGTGGGCTCGGTGCTGGCGCTGGGCGGGTCGGTGTTGGGCGTGGCGATGGCGCAGTGGGGCTGGCCGATGCCGGCGGCAGCGGCGCTGTGCATCGTGACGGGACTGGCGGCGGGCGCGGTCAACGGTGCGATCACCGTGGCGTGGGCGATACCGTCGTTCATCGTGACGCTGGGCATGCTGGAGATCGCGCGCGGCGGGGCTTACCTGGTCGCCAACGAACGCACACAGTACATCGGCGACGCCATCGCGGGCATCGGGGCGCCGCTGGCGGGGATCGGCGTGTCGCCGGCGTTCATGATCGCGCTGGCGGTGGTCATCATCGGGCAGATCGTGCTGACGCGCACCGTGTTCGGGCGATACATGATCGCCATCGGCACCAACGAACAGGTCGTGCGCCTGTCGGGCATCGACCCGCGGCCGATCAAGGCGATCGTGTTCATGATCTGTGGCGGGCTGGCGGGACTCGGGGCGGTGTTTCAAACGTCGCGCCTCGGAGCGGCGGACCCCAATGCCGGCATCGGGCTGGAGCTTTCAGCGATCGCGGCGGTCGTCATCGGCGGCACCAGCCTGATGGGCGGGCGCGGGTCGGTGATCAACACGTTCTTCGGCGTGCTGATCATCGCGGTGCTCGAAGCGGGGCTCAACCAGCTCGGCGTGCAGGAGCCGGCCAAGCGGCTGATCACGGGCGCGGTGATCGTCGTGGCGGTGGTGGCGGATGTGTACCGGCAGAAGCTGACGCGGGCGCGAAGCTGAATCGCCGATTCGCCGCAAAATCTGCATCGACGGCCGCGGCGTTCTATCATCATGTAGTCGTACGCAGCGCAACACATCCCGAAAGGAGTCGATGATGCAGTTCACCCCCGAGCATGTCCATCTCATGATCAACCACCTGCCGATCGTCGGGTTCGGCGGCGTGATCGTGCTGCTGGCGTACAGCGTGATTCGCAACGAGCCGCACACGCTCGGGCTGGGCCTGGGCGCGGCGGTCGTGCTGGCGATCGCCACCAGCCTGGTGATGTGGACCGGCGAAGAGGCCCACGAGCGGTTCATGTTTGAATCGGTGTCAAAGTTCATCGACGACACGGCCCCGGCGTGGATCGAGGAACACGAAGAGCGGGCGGAGATCGCGGCGGTCGCAGCCTACGCCACCGGCGGCGTGGCGCTGATCGGCATGATCGCGGCGTGGTTCAAGACGAAGTGGCGCCGGGCGATCGGCAGCATCGTGCTGGTGATGACGCTGGCGACAACGGGGCTGATGGGCTACGTCGCAGACGCCGGCGGAAAGATCAACCACCCGGAATTCCGCGCCACACCAACCACCGCCCCGCCGGCCGATGCATCAGACGACGATGGGCATGAACATGAGCACGAATAGCCGACCCGCCAATCCGCCCGCTCAGAAGTCGGAGCGTTTCAGCGGATCGCAGCGCACCGTGTAGCGAATATCACGTTGCGGGGTGAGTTGCACGTGCATGTCGCCGTAGAGCATGTTGACGTTGTCGTTGTGTGACCAGTCGATGCGCACCTGATTGGGGGAGGTGAGCGTCTGCTCGTCGGGATCGACCAGCCTCCAACTCCATCCATTGGGACACATGCGTCCGTCAGCCGCCCAGCCCCAGGTCGAGGGATCGATGATGTCCTCGGCGGTGAAGATGCGATCCAGCCGATCGGCCGCACCGAACATCGAATGCTCGCAATACATGTAGCTGCTGCGGTTGGTCTCGCCGACGAAGGAGGGGTGAACCGTGAAAGCCCACCAGTTGTAGTTGTCCGGGCTCTGATCGCTGGGGCAGATGAACATGCGGGTGTTGCCATCGGTGTAGATCTGAAACTGCTCCTGCGGCGGGACGCCGTCCCACGTGTTGGCCGGGGGATTGTCGGGCCAGATGGCTCTCGACGCCGGGAGCGGCGCGCCGTAGGGGTAGGCGTTTTTGTAATCGTTGAGGTACATCTGCAGACAGATGGCGGTCTGATGCAAATTGGACCCGCAGACGGTGGCCCGGCCGAGCTCGCGCGCCTTGGTCAGCGACGGCAGCAGAATGGCGATCAGCAACGCGATGATACTGACCACCACGAGCAACTCGATGAGTGTGAACCCGCGACGTGACATGAATGTTCCTACATAGCCGGGCTGCTTCACAGCCATGGACCGGGGCCGTGTCGCGACCCGGCTGCAAGCTATGACGTGCGCCGGCGCATCATCGCCAGCAACCCGACCGAAAGCATGCCCAGCGTGGCCGGCTCGGGAATCGCCAGCAGTTCCAGGCGGTGGTAGTCGAACTGAGACCACCCGCTGGCTGTGCCGTCGGCCCACTGCAGGGTGATGACATTGTCGCCGGCGTTGAGCATGTAGGCGTAAATGCCGACCTCGAAGGTGGTGTTGTCACCCGCGGCGGGCAGCGTCGTCACGAGTTGGCCGTTGACGTAGACCTCGATCGGGTGCTGACCGTTCTGCGAAATGACCTCGGTGATGTACTTGTAGTAGTAACCGGCCATGACGTCCGACAACTCGAAGTGGAGATTGATCGTCGGATCGCCGGCGGTCATGGCCCGTTCCATGTCGTTGACGGTGTCGGGGTTGGTCACGTAGAAGTCGTCGGGGGCGCTGCTTTCGGGCGCGAAGTCGGAATTGCTGCCGTTGTCGATGCCGACCTGCCACCCGCCGGAAAGCTCCATCCAATCCCAGGCCATGTAGGCGGCGACGCTGGAGGCCTCGCGGGTGAGGGTGATGGTGTTGGAGCCTGCTGACAGCAGCGCCGCGTCGATGTTCCAGATCAGTTCGCCGGCGCTGTTGACGGTGTACGAGCCGACGTTGTTGCCGTTGACGGATGCGTTGATGGTAAAATCGTTGCCGGACTGCGGGGTCTGATTTTCGAGATGGAAGATGTAGTCGAGGCCGGCCTCGATGGCGGAAAGATCGAAGTTGAAGTTGACCGATGAACTGGAGCCCGCCGAGATGGCCCGGGCCGCTTCGTTCCAGGGATCGCCGATGGCGTAGGTGGTCTTGTTGGCTTC
CP050848.1_gap36	1090214	1091091	877	GCAACTGCCCGCGGGCGATCTCCTTGTACTGAGCGACGCCGGCCTCGTAGGGAATGCCTTCGTCGGTGAGTTGCTGCTCGGTCTTACCGACCATCGAAATCTCCGGCACGCTGTAGACGCCGAACGGGAAAAGCTGCGGCATCGAATTCGTCGGCGCGCCGAAGGCATGACACGACGCCAGGCGTCCCTGCTCCATCGCCGTCGACGCCAGCGCCGGAAACCCGATCACATCGCCCACGGCATAGACATAGTCGACGCTCGTGCTGTAGTTCTCATCCACGCTGAGGCGTTCGCGATCGTCGTACTCCAACCCGATGGCATCGAGCCCGAGCGCGCCGCACACACCCTGCCGACCGATCGAGTACAACAGCTTCTGGGCCTTGAGCTTCTTGCCGGACTCCAGCGTCGCCTGCACGAGTTCGCCGTCGCCGTTGTCCGGCGGCAGCACTTCGATGTTGTTGACCTTCTCGCCGAGGCGAAGCGTCACGCCCATGTTGCGCATGTGGTAGTGAAACGCTTCAGCGATTTCCTGGTCGAGGAACCCGAGCACCTGGCGACGCCCTTCGATGAGCGTGACGCGCACGCCGAGCGTGGCGAAGATGCAGGCGTATTCGGTGCCGATCACGCCGCCGCCGACCACGATCATGTTGCGCGGCAGCGAGTCCATCGTCAGCACATCATCGGAGCTGAAGACGTTCTGCCCGTCGAAGGGAACATGCGACGGTTTGGCCGGGCGCGTGCCGACGGCGATGACGAATTTATCGGCGCTGACACGGTCGGTGCCGAACTCGTGTTCGACCTGGATCACGTGCGGCTCGATGAACTTGGCCGCGCCCCAGAGCAGCTCGATGCCGTTGCGATCGAATGCGTCACGGAT
CP050848.1_gap37	1182766	1184440	1674	CGAGTCGTTTGCGGGCAAGCGATGCAAGTGTCCACACTGCGGCAAGCCCAATCAGATTCCGCAGCCGCAGCCCTCGACCGACGATGACCAGGACCTGCTGTCCAAACTTGCCGACCTCGGCGACATGGAGCAGCGCCCGTCACAACCCGTACGTGATCTGCCCGGCGCGCCGGCGCCAACCATGGCTTCAACAACGACCGACAGCCCCATGGCAAACCTCTTCGAGCAGCCGGCCGTTCGCTGGGGAGCGCTCGGGGCCATGGCTGTACTCATTCTGCTGGCGCTGGTGTTCGGCAATTTCATCACGGCGATGTTTTTCGTCTTCGTCGCGCTGGCGGCGATCAACGGGTACTGGTTCGGCGCGTCGAAAGTGGCGGCCGTATTCGGCGGGCTCATCGGTGCAGCCCTGTTGGCGGCGCCGCTGGGGCGCGGCATCGAAGGCGTGTTCACCGGCGTGCTCGGCACCACCGGCCTGACCAACCGCATGCTCAGCATCGTCATCACCGGGCTGATCGTCATCGCCGCCGTCACGGTCGGCCTGCAATTCGTCATCAAGCAGTGGATGGCCCAGCGCCCGCACCTCAAACAGTACGACCGCCCGCTCGGGGCGTGCCTGGGTATCTTTGAAGGCACACTGCTGGGCTTTTTGATGATCTGGTCGTTGCTGTCGCTGGAGCCCGTCGCCGCCACGGGAGTCGCAGCTGCCCATTCAAGTCCAGATGCCGCGCCGAACCCCGCGGCGGAAAAAGTCGTCGAAGTCGCCGAGTCGGCGCGGGAGAGTTTCATCGGACGCATCGCCGACGCGGTCAACCCGATGAAAAACATGCGGTTGATGGTTCTGTTTCAGCGCGTGCTCGTCGTGCTCAACGACCCCAAAGCCCGCGACGCTTTCGTCAAGCATCAGGCCATCGTCGGCATCAAGGACCGCCCTTCCGTCAAGCAGGCAATGGACATGCTCAAAGACGATCCAGCCGTCATGGCGATCATCAAAAATCAGCAGCAGGGCATCACCAGCGGTGATCTCCGAAAAATCCTCGACAGCCCCACCGTCCTGAAGATCGTTGACGACACCCCGATCATCACAGAACTGGGCCCGATGACCGACGAGATCGAAAAGGCGATCAACTTCGCCTACGAACAGGCCGGCAATCAAACCGCTGAAGAACCCGCCAACAAACCCGGCGAACCGGGCTTCTTCTGATCACTCAATACGCGTGATCGTCCAGTTTCACCTTGCCACGAAAAGCCCAATAGACGACCGCGGTGTATGTCAGCACAAAGGGCATGCCAATGCACGCGATGATCAGCATGATCCCCAATGTCTTTTCACTCGACGAGGCGTTATAGATCGTCAGGCTGTTTTCCGGCATCGGCCGGCTCGTGACCAGATTCGGAAACAAGGCCAGCGAGAACAACACCACCAGCATCGCGATCACCGTACAGGATGACAAAAACGCCTGCCCCGGTCGTTCGTGGTACAGCGCCCGGGGAATGTTCGCGATCGACAGCACCGCCGCGATGACGATAAGCCCCGCCCAGGGATGTTCGGTGAAGTTCGGCGTGGCGCGCGGAATCTCGACGAGCGTGTAGATCGTCGTCAGCATGAACAGCACCAGGAAGGCGCCCCACGTGTGCCACATCCATTCGCGCACGCGCTGCTGCAGTTCGCCTTTG
CP050848.1_gap38	1185454	1189436	3982	ACGCCAGCACCGTCACGCCGATGAAGAACATCCCCAGGGCCACCATCCAGTGGTAGCTGATAAACGACAATCCCAACGGTGGACGGTCGGCGGGAGCAAACTTGTCGAGGCCGTCGACCGGGGCGCTGAAGTCTTCATGCACCAGAAAGCTGAGTCCGCCGGGGATGGCGATGTTGGCATGAATCGTTTCGTTTTCGGCGTCGGGGATACCGAACAGGCTCAGGTCGGCCGGGCCGGACTTGAAATGACCTTCGAAGGCGGCGAGCTTGGCGGGCTGCTCGTCGGCGACCATCCTGGCGTTGAAGTGACCCGACAACGGGGCCGCCAGCGAGAAGATCGTGCCGAACAGCAACGCCCCGCGGAACGAACGACGTGCGAACTCGGTGTGACGGTTTTTCAGGATGTACCACGCGCTGATGCTCATCACGAAAAACGCGCCCATGATGAAACAGCCGATCAGCGTGTGTGTGAGGCGGTTGATCGTGGAGGGATTGAACACGACCGCCCAGAAGTCGACGACCTCGGCGCGCATCATCGTCTGCCCGCCGATGACCCATGGCTCACCGTCGCGCATGATCGGCACAATGTGATGGCCCGCCGGCGTCTGCTGCCACGAATTGGCGACAACGATCCAGACCGACGAGAAGATCGAGCCGAGCGCCACCATGCATGTCGAGAAAAAGTGCAGGCGCGGGCCGACCTTGTTCCACCCGAACACGAGCACGGCAAGAAATCCGCTTTCCAGGAAAAACGCGAAGATGCCCTCGGCCGCCAGCGCCGACCCGAACACATCGCCGACGAACCGGGAGTAGACCGCCCAGTTGGTGCCGAACTCGAATTCCATCACGATGCCGCTGGCGACGCCGATGGCGAAGTTCAGCGCGAAGATTTTCGTCCAGAAGTGGGCCGCCTCGTGATACAGCGAATCTTTGGTCTGCAGGTATCGCGCTTCGAGGTAGACGAGCACAACCCCCATGCCGATCGTCAGCGGGGGAAAGATGTAGTGGAACATGATCGTCAGCGCAAACTGCAGGCGTGACAGAAAGACCACATCAAGTTCACCGAGAAACATCACGATCATCCCTCATGCTGCGGGTGATGAACCATAGCATAGAGCGATTCGGCGCATGGACCAATGGGGGTGAGTCCGAAGCGACATGGGCAATTCTTCGCGGTCTGCGACTGAAACTCACAATGAATGAAAAGCCCCCGGCGGTTGACCGGGGGCTATGTCGTCACAAGTTGTTTTGAGGTTCAGCCGTGTCTTCAGCGGCGGCGACGGGACACCAACGCGAAGGCTCCAAGGCCTAGCAGGCTCAGCGCCGCCGGCTCGGGCACCGCGTCGAATGCCGCGACCGTCTCGGCGCCGAGGGCGACCAGCGGCCGACCATCAGGCCAGTTAACCGGGGCGAACGGCGAGTTGCCCCACGTGATCGACCCGCTTTCGACGCTCAGGTCCGTCACGGCCTGTGGATCGACGATCTCGAAATACCCGACCGCCCACTCGTTGGGGCCCGCGTCGATATCCATCATCGGTGTCCACATCGTGGCATCGATAGCGAGGTCGCCCATCAGACTGTTGTTGTCTTGATAATTCCCCGATTCGCTTCCAACGTACACATCCACCACGTCAGGCGTGATCGGGCCGGTCGGATCTGTCCACGAAAAGCTGGTGTTTACCGGCACGCCGGTGGCGCCGTGGGCCGGGGTCAGGCCGGTCGGTATCGGGAAAAAATCTGCGTCCACCAGGCCCCCGCTGATGAGCGTGAATGCGGACGAACTGGCCGAGGAACCGCTGATATCGATCGTCCAGACACCGCTGGTGGCGTTGACCAAATCAGCCAGTGTGGCATAGTCCGTCTCATCGTACCACGATGTGCCGGCGCCATCGCTATCGTCAAACAACGCCGTCATGCCGCCCGGCGCGGTGACACTCACGCCCGTGACACCGGTCTCGTCTTCGAGGTTCACAAAAACCGAGCCCCTGAAACCACTGAAGCCCGCCGCCTGATCATCGACGCGCACTCCGATCACTTCGACGTAGTTCACCGCAAAGGCAGATGACACCATCAGGCCCAGACACGCCATAAGAAATGCCAAAGTACTCGATGACTTCATCAAGTTTCTCCAAAATTGTGAACAAATGAGATAAACCCAACCATGCGAACTGAGAAATCGAGTTTATCGTGGCATATCGGGGTGTCAACACGAAAATTATATTTTGTCGGAGAATTCCCCATGCCGTGTACCCCGAGGCGCCATACACACGGCATTTTTTGTCTCAATCGCCCCGTTCCCACCGCCAGGGAACATCCTGATCCTTGGAAAACTTACCCGCCGCCTGGTGGATACAGTCGCGGCAGGCGACGGCGTGGGCGTTGAGACCGGGGCTGGGCACAGGAGCGGGGTGGAACCAGCGCGGCAGCGACGGCTCGATCTTCTCGCGAACGCAAAGCGTGCAGAAATACGGATCGGCGGCGGGTTTCATCTCGGCCAGAGCCTGTTTAAGACATGGCAGGCAGATGACCGACCCGCGATGGCCTTCGACCATGGGACGTTGCTGGGATTCGTCGTAGGCGTCCCAGTCGGTGCCGCAGAAATCGCAGGAGATGATGATGCCGCCTTGCTCGGTGCGCTGCATGAGTCGTCCTTGTGTTCGGAATCGTATATCGTAGTCGGTTCAGATGAACAGTAAACCATGCATTCTGTTTACGGCTTTCGAGCCGTCGGGCGATGAGCACGCGGCGCCGGTGATCGCGGCGCTTAAGCGGCAGTTGCCGGACGCAGCGGTCTATGCGCTGGGCGGGGCAAAGATGGCGGCGGCGGGCGCAACGCTGATCGAACGGACGGTCGACAAGGCTGCGATGGGTATGTCGGCCATCGGCAAGGTGATAGAACACCGTGCGATCCGAACTCGCCTGGCGCGTTGGCTGGAAAATCACGCGGTGGCGGTGCACGTGCCGACCGACTCGCCGGCGGCTAACTGGGGTCTGTGCAAAATGACCAAGGCGCACGGGGCGAAGGTCGCACACCTCGTGGCGCCGCAAGTCTGGGCGTGGGCTTCGTGGCGCGTGAGGCGATTGCAGAAGTGGTCGGACAAGGTGCTCTGCGTGTTGCCGTTTGAACCGACGTGGTTTGCCGAGCGCCATGTCGATGCCACGTTCATCGGCCACCCGCTGTTTAATGAATCGCTGGACGGCGAGTCGCTGCAGTGGGAAGGCGTGTCATTTGATTCGGGTCAGCCGAAACTGGCGCTGCTGCCGGGGTCGCGGCCGGGCGAGATCGCCAAAAACTGGCCGCTCATGCTGGCGAGCCACCAGGCGCTGGCCAAACGTTACGAAGATTTGCACACGATCGTGGCGGCGGCTGACGACGCGGCGGCACGACAAATTCGCTCGATGACGCCACCGGCGGATCAGACCCCGCGGCTGCGGTTGGTCACGGGCCAGACTGAGGCGGTGCTGCACTGGTCGGACCTGGTGGCAACGGTGTCCGGCACCGCTTCGCTGCACGTGGCGCGACACGGCAAGCCGATGGTGATTCTCTACCGGGCCAGTCCGTTGATGTGGCATCTGATCGGACGCTGGCTCATCGACACACGCACGTTCACGCTGCCGAACCTGATCGCCTGTGGCGGTCCGAAGCGCGACAGTTCGCAACACATCGTCAAGGAATTCGTGCCGCTGCTGAATCGTGATCCGATGCCGATTGTGAATGAACTGCGGCGGTTGATCGATGACGAGCCGGCACGCAGGCAGCAGATCGATGCGCTGCATCAGGTAGTGGCACAGTTTCATGGACACGATGCGGGCGAGGAAGCGGCGCGGGTGATTGTTGAATTGATGCCGTGAGTACCAGTACCAGACGCTTCGGCGGCGCCTCAGCGTCGGCGTGGGGGATGGGTCAGATCGTGCCGGACCAGTCGGGGGGAAACAGCAGGACGGGAACGTGAGCCGCGCGAGTGATCTGCTGGGGGATGTCA
CP050848.1_gap39	1319780	1320833	1053	CGGCCTGACCAACGCCTGGACCATGCCGATCAAAACGCGCATCGACATGCTCTCGACCGGCATCAAGACGCCCATCGGCATCAAGGTCATGGGTTCGGACCTGCAAACCCTCTCCGACCTGGCCGGTCGGATCGCCAACGTGGTCAAGACCGCCGAAGGCACCGGCGCCTACACCATCAGCGCCTTTCCCGAAAAGAGCGTCGGCGGCAATTACCTCGACATCGAGATCAACCGCGATGAGATCGCCCGCTACGGGCTGACGGTCGGCGAGGTGCAGGATGTGATCATGTCCGCCATGGGCGGTATGAACATCTCGTACACCGTCGAAGGACTGGAGCGCTATCCGCTGAACCTGCGCTATCCGCATGAGCTGCGCGACAATCTCCCGGCCCTGCGGCAGACGCTCGTGGCCGCGCCGACCGGCGCGCAGGTGCCTTTGGAGCAGCTCGCCTCGATCGACATCCACAAAGGTCCGCCGATGATCAAGAGCGAAAACGCGCGCCTCACCGCGTGGGTCTTCGTCGACATCGCGGGCATCGACGTGGGCACCTACGTCGCCAACGCCCAGCGGGCGGTCGAGGCGCAGGTCGAGCTGCCGGCCGGGTACAACCTGATCTGGTCCGGCCAGTTTGAATACATGCAGGCGGCGCGCCAGCGCCTGATGGTGGTCATCCCCGTGGCGGCAGTGCTGATCGTGCTGCTGTTGTATATGGCCACCGGCAGTTGGCTGCGCGTGGGGATCGTGCTGCTGGCCGTGCCGTTCAGCCTCGTCGGCGCGATCTGGCTGTTGTGGGCGCTGGATTACAACCTGTCGCTGGCGGTGTGGGTCGGCGTGATCGCGCTGGCCGGTCTCGACGCCGAAACGGGCCTGGTCATGCTGCTGTACCTAGACAACAGCTTCGAGCGGTTCAAGGCCGAGGGCCGCATGCGCAACACCGACGATCTCTGGCACGCGATCCACGACGGTGCCGTGCAGCGCATCCGCCCCAAAACCATGACGGTCATGACGACCTTCATCGGCCTGTTCCCGCTGTTGTGGGCCGCCGGCGCCGG
CP050848.1_gap40	1328201	1329916	1715	AGTTATCCATGTGTCACATCGGTGTGAATCGACCCCCGAGACTGTCACATCCATGAGGCGCGCCACAAACCAGGTGATTTCACGGCATTTCAGCAAGATGCCGACGACAGCTTTTTGTTCGAACGCATGATCGCCCGCCAGGTGTCACATCACTGAGACAGTTCGCAATCACCACGGCCGATTGAGACCACCTGCCGTGACTACTGCATCCCATTGCCTTTCAGCGTCTTACGGAATCTTCTGTGGCCGGAGGGTGTTGTGGCACGCCCCTTGCCATACCAGGTGTGTTGAGGTTTGGGTTTCGGTACATCCACTGGAGGTTTCACAATGCTGCGGTTCCCGCTTTCAACTGGGCTTTTACACGTCGGGCGTCGATCCGGATACGCACCCCTCCGCGCATGCTGGGGGATGGCTGGCCTCATGGTCGGCGTGTTGTTGGCGCCGAGCTTCGCAGCGGATCCCCCCGCCCCCTGGAAAATCCCCGGATTCAAAGCGCGCAAGGCCAACCCCGTGGCCGCGGATGACGCGTCAATTACACAGGGCAAAACGCTGTTTACGCAGTTATGCGCCATGTGCCACGGTGAAAAAGGTCACGGCGACGGACCGGTCGGCTTGACACTGACCCCGCACCCGGCTGACTTGGGCCGAGCGGAAATGCGTGAGCAATCTGACGGCGAACTGTTCTGGAAGATCACCGAAGGCCGGGCCCCGATGCCGACCTTTGGCCCGGCGCTCAGTGAAGAACAGCGTTGGCATCTGATCAACTATGTGCGCACATTCAATGCGCCCGCGCCTTCGCACCCGAAGTACACGGTGCCGACGGCATATCGCGACACCTTGACCGATGTGATCAAACCCTACTTGGCGATTGGAGCCGCGCTGGCCGATGCGGCTGGCCAGCCCACCTCTGACCAATGGGCGATGCTGGCCAAAGCCGAAACTCATCTTCAGACCTTGGATGGGGCCGACCTCGATGAAGCGCCCGCCAAGGCCTGGCGCCAAACCGCTGCCCAACTGCACGAAGCGATCCAGCAATCGAAACAGGCCAAAGACAAAGACGCCATGAAGCATGCCTACGACTCGATCACGAAAGTGATCGCCGAGGCGGTTCAGCGTTTTGGTCACACTTTGAATGGCACTCTGGTTTTGTACAGTTGCCCCGATGCTTTTGATGGCCACGGCGCCGTCTGGCTCCAGTCCGACAACAGCCAGACTCAAAACATCTATCACCAGCATGACGACGATTGTCCCCCGACGCCGATGCGGTATCTGGCCGGCATTTAGTTCCCCGATTGTGTAACGGCGACGAGCCGGATCGCGCCTTGGCGATCTCACGATAACCCTCGATGTAAGGAATCCCCCATGAGACGAACACCCCGAAGCTTCATCGCAGCCATACTGGTTTTGACCATGACTGCGACCGCCGCCTGGGCCCAGCAACAACCCGTCGACTTGAGCAAATATGTGTCCCGCGAAGAGTATGAGACGCTCAAGCGGGAACTGGCCGATATGAAAGACAACCTGAAGAAGGTCCAGCAGCAGACCAGCGGTCCCAACAAAGAGACCGAGGAATACCTGGCCTTCATCGATCAGGAACTGACCAAGGTCAAGCAACTGGCCGACGCCAATCGGGCCGGCACCACCAACTTTCTGATCACCGGCTATGCCACGGCCGGCTATACCGACCGTCAAGGTGAGCCGTCCACCTTCTCCGC
CP050848.1_gap41	1367846	1369601	1755	AGCAACCCACCAGCGTCCTGTTCCTGCGCCCCGACAGTCGACCGCTGCCATTGCAGCGGATGACCCAACTGGTCAGCACCTATATCCGCCACGCCGGCTTGGCCTGTGGCAAACAGGGTAGTTGTCACTCGCTACGCCATACGATGGCCACGCTCATGCTTGACCGCGGTGCCGATATCCGCCACATCCAGGCCATGCTCGGCCACGCCCGGCTGTCGACGACGCAGATCTACACGCACGTGAGCATTCGCCAACTCCAGCAGGTCCACAGTCGAACCCACCCTGCGGAAGTGGGTGCGCCCGAACCTATGGCAGCGATCGAGCCGGAGTATTGCATCTGAACACACACCCGCCCCGGCTCCGGTGTGACCCTGGCGCGGCTACCTGACAGAGTGCGTACGATAAACTTTGCCACGTTCAACGTAGCAGGTCGGGGTGATTCTCTGTTCTACGAACAGATTGCGTACGTTGAAATTGCCGCCGGAGCAACGTTGAGACCGGGTCGCTGTATTCTTCAGAGAATCGATTTAATGCCCTGATTCATACTGGCCCTTGGGAATGGAGCAAGGTTAGTTCACGCGGCCGTCATGGCGCGGTGTCCACACGCTGCGTCGCAACGAGGACCCGTTCACCATCTGGCAGGATCATGGTGCGGCAGCGTACGAGTTCGTCGGTGACATATTCCCATCGCTCCTCCGGCTGACTGTTGACCGAGGCAATTCGGTAGACGTCGCCGCCTTCGGAAATAGCGTCCACGCGTTGCCATGCATCATTACCCCGATTAAGCACAGCCACGTATATCTGCCTGAGTTCGTTATTGTTCACGGTGAGATTGCTCCAGCGTTCAGCTCGGGAAAGCAACTACAATGCCCACGCGCTCATGCTAGGGTGATCGGATCGTGATCAGCAACTCAAACAACAAAAAGACCCCGCCACATGCATGACGGAGTCTTTGTTTTGTGCAGTGAACTGGTAACTGAGTTACCAGCTGTTGCCACGCGGGCGTCCGCCCCCGCGATTGCCACCACTGACCCCCTCCCGATCCTTGCACCAGTCAATGTGAGAGAATCGGGGTTGAGTGATTCGCTGGCTGAGCCGGAGGACGGGGCGCAGCCCCGGCCGGAGGGTCAGCCAGCGTCGCCGACGGGAACGTCCCGACGGCGTGGTCGTCACAGGTTGCGGCGTAGGCTGCGGGGGTTTGCCAGCCGATGCCGCTGTGCGGGCGACGATGGTTGTAGTCCAGTCGCCAGTCGTCCAGCACGCAGCGTGCTTCATCAAGGCCCAGGAACAGTTCACGGTCCAGCAGTTCGTCACGCAGTTTGCTGTTGAACGATTCGACGTAGCCGTTCTCCCACGGGCTGGCCTTGTGGATATACAGCGTACCGACCGAGGCGCGGCTCAGCCAGCGTTGTATCTCTTTCGCGATGAATTCCGGACCGTTGTCCGAACGGATGTGCGCCGGCGCCCCACACACCGCGAACAGGTACTGCAGCGTCAGCATCACGTCCCGCGATGTGAACGTGCGAGCAACTTCCAACGCCAGACACTCCCGCGTGAACTCATCGATCACCACCAGCAGCTTCAACTGCCGACCGTCCTCCGTGCGGTCGGTCACGAAGTCGTAACTCCACACGTGATTACGATATTCAGGCCGATGACGAATGCGGCTGTTGTCGTTGACACCCGGCAATCGTCGCTTTTTGTGCTGTTTTTGTGGTACTTGTAGATGCTCCTGCTTCCAGATCCGATGCACGC
CP050848.1_gap42	1483478	1485942	2464	AGACCTGCTTCGAGTTGAAGGCATCGGTAAAATACAGCGCTCCATCGGGGCCGAACACCAGCGTATCCGGCGTCACGCCCGGCGAGCCGGCACAGTACGTCGACTCGTATCGCCCCTCACGATCGAAGCAGAGAATTCGGCCACCGGCATCCGACTCCGCCAGGTACACCCGACCATCAGGGCCCATGACGATGCCGCCGGGCCGCCGCATCGGCGGATTGCTCTCGGACGTGATGAAGCGGCCGATGTATTGACCGTTCAGGTCGTAGCGCAGCACCCGGTCGCCGCGCGTATCGCTGATGAGCACTTCGTCGCCGCGCTCGCTGTCGAACGCATGAACGTTCAACGCGATGTCGGTCGCCGTCGAGCGGTCGGCCGTCAGATGCACCGCCTGGTTGGCCGCCAGTTCGATCTGCCGACCGTTCATGGCGCCGCCGGTCAGACTCACACGCACGTGGCCTTTGAGCACGTGCACTTCGGTGCCGTCGACCTCCGACTGGGCCACGGCGAATCTCGTCCCCAAATCCATCACCTCAACGCCCGGCAAGCCGACGGAGAACCCCTTCATCGAAGGCGGACAGTCGAATACCGCCCGGCCACGAATCATCGTCACATGCATCGGGCCGTCGAGTCGGACCTCGGTGTCGCCGATCAGACTCATCATCGTGCCGGCCCCGATCATCAGGTCGGCTCGCCCCTCGCGGATCGCGATCGTACGATCGGCGATCGGCATCCCTTCGGTCAGCGGGTCAGAACCCCACGTGACGTTCCGGCTGTGAAGCAGCGTGGCGATGGCGATGCGGCCGGTCGGCGATGAGGATTCGCTCGACGAAACCGGTCGTTGGATCAGCCACCCCACTGCCGCCAGCAGAATCACCGCGGCGGCCGCGGCGTATTTCAGCCACGTCATGCCTCGCGGCGCGACGGTCGGCGCCGCATCGACGGCCGACTCAAACGGGATCGAACCGGTGGCGTCAACCTGGTAGCGACTGCGGATCGCGGCCGTAAGTTGAAAATATTCGTTGAACCAGCGACGTGCCTCAACATCGTGAACCAGCCGATCATTCAACGCGGCCAGCTCGGCGGGGCTGAGGTTGCCCTGTTCATACCCGGCCAGCAGTGCAGCCAGATCGTCGAAATGTTCGGCCGCCTGCGTCATGAAGCGGCTCCTCGCGAGGCGGTCTGTCGTTGAATGCAATCGTTGAGCTTGCGGTAGACCCGATGCAGCGTCTGGTAAACCGACTGCGGCTTGCGATCGGTGACGCGCGCGATTTCGTGGCCAGTCAGCGACTGGGCGTAACGCATCTCGATCAGGCGGCGCGAACGCTGCGTCAGTTGCTTCAGACAATGCTCCAGCGCCTGGGCCATGTCCTGGCTGGACATCGGCGTCATCCGGCTCCACTCGCTTTCGACCAGGTCCAACACCTCGGCGTTGAGCATCACCGGCTCGCGATTCTTGCGGCGAAGCAGTTCGATCGACTCATTGCGGGCGACCTTGCGGACCCACGCCAGCAGATGGGTCTCATTTTCGAAGGTATCGCTGTGCTCGATCGCACGCACCATTGTCTCCTGGTAGACGTCTTCAGCCAGGTGATAATCGCGCACGATGGATAATATAAACCCAACGAACATAGGACGATGTGTCATTACACGCCGCACCACGGTTTCGCGATCCATGCAAGGCCTCCAGGGTCATTACGGTGGCGGCCCCGGTGAACTCGACATCACCGTTCAAATTTTATGGATATTTTTGCTTCTACTTCGAAGCCGGCAGGCCAACCTGATCCGGTGCGATGACCGAATCAGCCATCTTCAGCGCGCGGAAATCCGACAGACGGCGGAAGGTCAGAAAGTTCGCATCATGGGCGTTGTGCGCCCCGCCGAGGCCGTCATCGTAGCCGGTACGGATCGCCGCGATGATGTCGTCGCCGTCGAATGCCCAGTCGGGGTATTGGAAGCCGTGATGCGACACATTCGGGTGGTACATCACGATGCAGCGCATCTCCCAGTTTTTCAGGTCTGTCGATTTCATCAGCGCCAGCGCATTGCGAACCCCCGCCGCCGCGGCGTCATGTTGATGGCGCGGCAGCACGGGATTGACCAGCGACCAGTACGCCTTGGTCTGCTCGTCATAACGGATCGTGAACTTCTTCGCGCCGCCGGGGAAATCGATAAGATCCTTTTCGGGATCGAAGCTGGCGACCTTGCCATCATCGCTGATGCGAACGACCGCCGCACGCCCGCCATCTCGCCCGCTGTGCATGCGGAGAATGTCGACGATGTGACCGTCCGGCGTCACGACGGCGTTGCCTTCGAGCCATGCGTTGAACTTCCCGCCGAGCCAGGTCGGGTCGATCTTGATGAAGTTGGTGTGTGTCCACGAGGCTGCATCCAGCAGGTCGGCATCGACCGGGGCGCTGAACACCATCGGGCTGTAGCGGGCGCCCCACTTGCGACCGTTGGT
CP050848.1_gap43	1654996	1657835	2839	GAAGGCTACGTGCTCGACCGTGACAAGCTCCGTGAAAAGCTCACCGAGCTTTCGGGCATCGGCGGCACGCAGGTGCTCCTGCAGGGCGGCATGCACCCCGACCTGCCGCTGACGTTTTACGAAGACATGCTCTCGTGGATGCGGGAGGAATTTCCGAACATCCACCTGCACGCGTTCAGCCCGCCGGAGTTTGTCGAGTTCGTGGCCATCTGCGATATCGAAGGCTTCACCAAAACCGCGCCCGGCGAGTCGGACACGATGGACCCGGCCGAGTGGCAGGAGAAGCTCGAAGTCATCATGGAGCGCCTCGTCGCGGCGGGCCTGCGTTCAATCCCCGGCGGCGGCGGCGAGATCTTCCCCGAACACATCCGCCGGCGCATCGGCCAGGGCAAGGCCACCGGCAAGCAGTGGCTGCAGGTGATGCGCACAGCGCACACGCTCGGCATGAACACATCATCGACGATGATGTTCGGCCACATCGAAGGCATCGCCGACCGCGTCATGCACATGGACATGATCCGCGCCGCGCAGGACGAAGCCATCGCTTCCAACCTGCCCGGCCGATATGTCAGCTTCATCAGTTGGCCCTTCCAGCCGGACAACACCCCGCTGGGCAAGCTGCCGCGCTACGACCGCGAGTCGAACAAACCCTTCCCGGGCGATGTGCTCGCCGAGGCGGTCTTCGCCGGCGAGGTCGACCCGATGGACAAGGCGGCCTGCCAAAAAGTCGCGCCGGGTCACAACCGCACGCTTCGCCTGGCCGGCGGAACCGAATACCTGCGCATGCAGGCGCTCGGCCGACTGTTCTTCGACAACATCCATTCGATCGGCAGCTCGTGGGTCACCATGGGCCCGAAGATCGGCCAGATGGGCCTGTTTTTCGGGGCCAACGACATGGGCTCGGTCATGATGGAAGAAAACGTCGTCAGCTCCGCCGGCACGACCTACTGCCTGAACGAAGCGACGATCTGTCGGCTGATCCGCGATGCCGGGTTCACTCCCGCCCAGCGCGACAACGCCTACAACATTCTCAAAACACACGAAAGCGAAGGCCCGGACACGCAGGTCGCCGACTGGGCTGAACATCGCCCGGCCGCCAGCGCCTTTTCCGCGCCGGATGAAACATCTGAAACAGCCAGCCTGACCGTCGACAACGCAGCAATCAGTTGACAGCACCAAGGCACGGAGGCCCAAAGACACAAAGAACAAATCGTGTTTTCATCTTTGCGTCTTCGAGCCTTAGCGTCTTTGTGCTTTGATGTCAGACATTCACGCAACTTATCGATCAAGGGGTGCATCATGGGTGGTTTTTTCGATCGGATGTCGCGCAGCTGGGAGTTTGCCAAGATCAGCTACTCGATTCTGTGGGACTTCAAATCGCTGCTGATCTTTCCGATCATCTCCGGCATCGCGGCGGTGTTGGTCATCGCCAGCTTCATGCTGCCGCTGTGGGGCACCGGCACGCTGGAACATTGGATGGCCATGACCAGCGGGGAGTCGGCCGAGCAGGCCTCGCAGGCGGATCAGATCACCATGTGGGTGACGCTGTTCGCGTTTTACTTCTGCAACTATTTCGTGATCGTGTTCTTCAACTGCGGGCTGACGGCCTGCGCGATGAAGGTCGTACATGGTGAAGTGCCGACCGTCGGGTACGGCCTGAACGCCGCCATGAAGCGCATCGGCCCGATCGCGGCGTGGGCGTTCGTGTCGGCGCTGATCGGCGTGTTGCTGCGCGCGATCGAGAACGCCAACGAGAAGGCCGGCAGGTTCATCGCGGGCCTGCTCGGGGCGGCGTGGACCGCGCTGACGTACTTCGTGATCCCCGTGCTCGTGATGGAAAACCTGGGGCCGATCGATGCGTTCAAACGCTCGGTGGGTGTGCTGAAGAAAACCTGGGGCGAAGCGGTGATGGGCAACTTTTCGCTGGGTTTTCTGGGCTTTCTGGTGATGCTTCCGGTGATTCTGGTGCTGGTGGTGCTGGGCTTCATGGCGGCGGGCAATCCGGCGATGCTGACGATCGTGATCACCGTCGGCGTGGTGCTGCTCGTGCTGGTGACCGCGGCCAACAGCGCCGCCGACGTCATCTTCAAAGCCCTGTTGTACAACTACGCCACCGATCAGCCGCTGCCTGATTTTGTCGATACCGACTCGTTCGACCGCGCCTTTGCTCCGAAGGAATAAGAGGCAAACAACATGCAACGCTTCGCGTGTCTGATGATCGTGTGCTGCGCCGCCGGCGCAGCACTGGGCGAGCCGCACACCATCGACGACCGGGCCCACCACCTCGGTGACAACACGCTGCCGGAGTGGAAGGCCTTTACCACGCCCGAGGCCCGATCGGCCCCGCTGAAGATCGACTTCGAGGCGGCGCCCAACGCGACCGAATTCACGCTGAAGATTCAGCACCGCGATCTGCACAGCCCGTGGACCGTCACGCTCAACGGCGTGTCCCTCGGCCAACTCGAAAAAGGCAAAGACCCGAGTTTCACTGCGCTGCCGGTGCCGGCGAACACGCTGGTCGCCGGTTCCAACACGCTGGTGATCAACAGCCGTGACAAGAAAGACGATGTGGTCATCGGGCCGGTGCAGTTGCTGGACGTGTCGCCACGCAAGGTGTTGAACCTCGGGCGGGTGCTCGTGACCGTCAACGACGCTGCGGGCGGACATGTTCCGGCGCGTCTGACGATCATCGACGCCAAGGGTCAGCTTGCTAAAACCTGGTACACCGCCACGGAAAAGACCGCCGTGCGCCCCGGCGTCGTGTACATGCTCGGCGACCAGACGTCCATCGAACTGCCCGCCGGCGATTATGTCATCACCGCCACGCGCGGCATGGAAT
CP050848.1_gap44	1660745	1664912	4167	CGGCATCGGATGGGAACATCTGCCGGCCCAGTTTGGTTGTTGCGGGATGACGTGTTGGCGACGACTACGTGACTGGAACGCGGCGGGCGTGTGGCAGAAGTTGCATCAGGTGCTGTTGGACGAGTTGCGTGGTGCGGATCTTCTGGACTGGTCGCGTGCGGTGGTCGACAGTTCGTCGGTGCGGGCTTTAAAGGGGGCTCGCAAATCGGCCCAAACGCGGTAGATCGTGGGCGAAACGGCAGTAAACATCATGTGTTGACCGACGCGCGTGGCACGCCGCTGGCGGTGTCGCTGACGGGTGCGAATCGTCATGACATCACGCAGTTGATGCCGCTGGTGTGTGCGATCCCGGCGGTGGGCGGCAAGGCGGGCGCGCCGCGTCGTCGGCCGACGATCGTGCAGGCGGATCGGGCGTATAGCAGTGATCGATATCGGGCGGAGTTGCGTGCGATGGGAATCAAGCCGCTGCTGTCGCGCCGTCACGATGTGCACGGCAGCGGGTTGGGCGTGCATCGTTGGGTGGTCGAGCGGACGATCAGTTGGCTGCACCAGGCCAAGCGGTTGCGTGTGCGTTGGGAGGTGCGTGACGACATGCACGAAGCGTTCCTGAAACTGCGATGCGCCTTGATCTGTTGGTCCACGCTCAAACGCGGGTTAAGTTAGAGGCTCTAAGTTAGAGCCTCTAACATAACTTCATCCTTTCCGGTTGGTCGTGTCGATGTATGCTGTGGCACGCCCTGTCACCGTGGTCATGGAGGACCGTATCATGGCACGCCCGCTACTGGATGATGGATTGTGGCAACGGATTGCGCCGCTGTTGCCTCCGCACAAGGTTTCGGCGCGTGGCGGCCGGCCGTGGGCTGATGATCGGCGGGCGCTGGAGGGGATTTTGTTCGTGCTCAAAACCGGCATCGGATGGGAACATCTGCCGGCCCAGTTTGGTTGTTGCGGGATGACGTGTTGGCGACGACTACGTGACTGGAACGCGGCGGGCGTGTGGCAGAAGTTGCATCAGGTGCTGTTGGACGAGTTGCGTGGTGCGGATCTTCTGGACTGGTCGCGTGCGGTGGTCGACAGTTCGTCGGTGCGGGCTTTAAAGGGGGCTCGCAAATCGGCCCAAACGCGGTAGATCGTGGGCGAAACGGCAGTAAACATCATGTGTTGACCGACGCGCGTGGCACGCCGCTGGCGGTGTCGCTGACGGGTGCGAATCGTCATGACATCACGCAGTTGATGCCGCTGGTGTGTGCGATCCCGGCGGTGGGCGGCAAGGCGGGCGCGCCGCGTCGTCGGCCGACGATCGTGCAGGCGGATCGGGCGTATAGCAGTGATCGATATCGGGCGGAGTTGCGTGCGATGGGAATCAAGCCGCTGCTGTCGCGCCGTCACGATGTGCACGGCAGCGGGTTGGGCGTGCATCGTTGGGTGGTCGAGCGGACGATCAGTTGGCTGCACCAGGCCAAGCGGTTGCGTGTGCGTTGGGAGGTGCGTGACGACATGCACGAAGCGTTCCTGAAACTGCGTTGCGCCTTGATCTGTTGGTCCACGCTCAAACGCGGGTTAAGTTAGAGGCTCTTAAATATGTTCTTTAAAACGATGCCATGCGAGCCACGAATTCTGTGTTGTTGTGAGGAGGTGGTTTTCACACACAGCGTGCCCGGGGGAACGCAGGCGGAACCCGGCGGGAGCGGCGGCGCCACCATGACGGCGGACTGACGGTCAAGGCGGGACATTGGATGTGTGACGGGGAGATTTGGCGCATGAAAAACGGGCCGGCTCCAAGTGGTGAGCCGGCCCGTGAACGTTGGCGAATTACTTCTTCTTGGAGGCCTTCTTCTTGGTCGCCTTCTTCTTGGCTACCTTTTTCTTGGCGGTCTTCTTCTTGGCGACTTTCTTCTTCGCGGCCTTCTTCTTGGCTACCTTCTTCTTGGCAACCTTTTTCTTGGCGGTCTTCTTCTTCGCGACTTTCTTCTTGGCAGTCTTCTTCTTGGCCATCAGTGGCCTCCTGTGAACGGCCCAGGTTCGGAGCGGGCCGGAATCTCGGTTACTCTCATCGCCACCACGGCGATGTTCGGCAACCGTAAGATGTTCATCGTCCGATCAACACCGATTCATTCATTTTTCCATCGCAGCGGCGCGCCGTTTGCCACCGGTTCGACGGCGCGATCGCTTCTTGCTGGACCCATCCGGGTCGCCGGGCCGGGTCGTGATCTGCACGCGCGAGGCTGCGGCGCGGCTGAGCATCTCGCGAGCCTGGCGGCGCGTCGTGTCGGTGGCGTCCTTGCCGGTGAGCATCTCGGCGAGTTCATCGACGCGCGGGGACTGGTCGGTGAGGGCTTCGACCTGCGTGCGGGTCTGGCGGCCATCGACCACCTTGCGAATCCGCAGATGATGATCCGCATAAGCGGCGATCTGCGGGAGGTGGGTGATGCAGAGCACCTGGTGCCCGGCGGCGAGGTGACGCAGTTTGTCCCCGATGACGGTGCCCATGCGGCCGCCCACGTTGGAGTCGATCTCGTCGAACACGAGCACGGAGACCTGATCGGCCGCCGCGGCGATCGACTTGATCGCCAGCATGATGCGGCTGAGTTCACCCCCGCTGGCGACCTTCCGCAGGGGCCGGGCCGGCTGACCGGGGTTGGCCTGCACGAGCAGTTCGACGGCGTCAAACCCCGTCGCGCCGCCGCCGAAAGCGGCCTCATCTGACTCCTGCGCCCCGAACTCGACGGTGAACTTCGCCCCGCTCATGCCCAACTCGCCCAACTCCGCTTCGACACGCGGGCAAAGCTCATCCGCAGCGGCGCGGCGACGCCCGGTCAATGTCGCGCCGACCTCGTGAAGCTCAGCTTCAACCGGCGCGATCTGCTGATCGATCGAGTCCAGGTCGTCGGACTCGCCCCTCAGGCGCTCGATTTCGACTTGAATCTCGCGGCGATACTCGATCACCTCGTCCAGCGAAGTGTTGCCATATTTGTGAATCAGTCGGTTGAGCGTGTTCAGCCGCTCGGTGACCTCGGCCAGTTCGGCGGGGTCCAGATCGATGCGGTTGATGTAGCGGCTGAGTTCGAGGGCGGCGTCCTGCAGCACGGCCATGCCATCGCTGGCGCTGGCGGCCACGGGGGCCATGGCTTCATCGAGGTCGGCCAGCTCACGCAAAATGCCTACGACCTGTTGAACCTGCTCGAGGATCGCGCCTTCGGATTCATACAGCGCGCCATAGGCGGACCCGGCGTCGGCGTAGACCTTTTGAAGGTTCGACAGCAACCGGTGCCGCGCGGCGACTTCCTCGTACTCGCCGGCGGTCGGTTCGGCGTCGTCAATCTCGGTCGCCTGAAATTCGTAGAGCTCGAGTTGCTGGCGACGGAGCGTCGACGAGGCGGCGAGCTCCGCCCGGCGGGCGCGAAGCTGCTGCAGGCGGCGGTGCAGATCACCGAACTGTCGACGCAGGTCATCACATTCGCCGAAGCGATCGAGCATCAGCAGTTGATTGGCGGGTTTGAGCAGGTACTGGTGATCGTGCTGACCGTGCACATCGACGAGCAACTCGCCGACGGCGCGGAGCATTGGGGCGGTCGCCGGCTGACCGTTGATCGACACGCTGGTGCGCCCGGAGGCGAACAGCTTCCGCGTGATCAGCAGTTGTTGCGGGATTTCCTGCGGGTCCATCTCCAGGTCGGCCGCTTCGCTGACGCGCTGAATCGTGTCGGCATCGTGCAGTTCGAACACGCCGCTGACGCGCCCGCTGTCTGCCCCGGCGCGGAGCAGATCGGCGGTCGACCGCAGGCCCAGCAGCATCTCAAAGGCGCCGATGATCAGACTCTTGCCGGCCCCGGTCTGACCGGTAAAACAATTCAACCCGCGGCGCAGGTCGACGGCGACGTCTTCGATCACGGCCAGGTTCTGTATGTGAAGTTCACGCAGCATCCATGCTGACTCAAAAGCTGTTGACCCGGATGTTCGGGTAAAGTTTAGTGTCGACAAATATGGGATGTCAAGCGAAATCGTGGCGAAATGACCCGAGCGGCATGTCTGATTGATGCGTTGGTGATTTGAACATTCACCGGGTCATTGGGACTTGGTCATTGGACATTCTTCTTCGGCTGGTGCCAGCGGACTGACTCGCGAATGTAGGTGTGCGACTCGATGGCGTCGGAGACTGCATCGAGG
CP050848.1_gap45	1668007	1672426	4419	TTCAGAAGAATGATCCGACGCACGTGCGGTTGATTCTTTTCGCGCGGAATTTCGGACACCAGATGGCTGTCAGCGCCGGCATCGATCATGCCGCCGGCGATGCGGTCGTGCTCATCGACGCCGATCTGCAGGACCCGCCCGAGGTCATCGAACACATGCTCGCCCGCTGGCGCGAAGGCTATCAGGTCGCCTACGGCCAGCGCACCGATCGCCAGGGTGAATCCATCTTCAAGCTGTGGACGGCGAAGCTGTTCTACCGCATGCTCAACACGATGTCGGAAATTCCGATGCCGCTGGACACCGGCGACTTCCGCCTGATGGACCGCTCCGTCGTCGATGCCTTAAAGGCGATGCCCGAGCGCGACCGCTACATCCGCGGCATGGTCACCTGGACCGGGTTCAAACAGATCGCCGTGCCGTACAAGCGCGCCGCCCGCGCCGCCGGTGAAAGTAAATATCCGCTGCGGAAGATGATCCGCTTCGCGGTGGTCGGCATGCTGTCGTTCTCCCGCGCGCCGCTGCACATGGTCAGCACCCTCGGGTTTGGATGCGCGGCGCTGTCGTTCGTGGCGATCATCTATGCCCTGGCGATGCGCCTGTTCACCGAGCAGTGGATCAGCGGGTGGACGCTGCTGTTCATCGCGGTCGTGTTCTTCGGCGGGATTCAGCTGATCTGCCTCGGCATCGTCGGCGAATACGTCGGACGCATCTACGCGGAAGTCAAACGCAGACCCATCTACCTGGTGCGCGAATGCGTCGGGTTCCAACACGCCGCCGGCCGTTCAGATGTTCACAGGGGAGTCGTGAAGGAGTCGGTCGATGTCATCGCCGAAAGATGAAACGCCTTCCAAACGCGGGGGGCTGTTGCGCCTGGCGATCGGTCTGCCCATCGCGGCGGTGTTCGCCTGGCTGGCGTTCGGTCGCATCGACTGGTCGGCGGCGGGCAGCACGCTCGCCGAGGCGCGGCTCATGCCGCTGATCGCGGCGCTGGCGCTGCTGGGCGTCGACTTTTCCCTGCGGACGCTGCGCTGGTGGTGGATGCTCCGCACGTTCGACAAAACCCTGCCGGCGAGTGCGTGTTTCGCCCCGTTTTTCGGGTCATTCGCCGCCAACAACATTCTGCCCATGCGGGCCGGCGACCTGATCCGCATCGTCGGGTTTCGCCACCACATCGGCGCCCCCGCCATGCGCATCCTCGGCACGATGGTCATCGAGCGGCTGCTGGACCTTTTCATGCTGCTGGCGATCTTCTTCGTCGGGCTGCACTCGCTGGCCGACGGCGCGATCAATCCGAAGTTCATCACCGGGGCCAAAGTCATCGCCGGCATTGCGCTGGGGCTGCTCGTGTTTCTCATCGCCGCGGAGCGGTTGATCCTTCGCGGCGTGCGCAAGCTCGAAGCTTCCGACTTCGCCCAGCAGCGCGGCTGGCTGATGCGCGGGCTCAAGTGGTTCGACCAGGCCTTGTCCACCGTCGGTATCTTCCGCTCGCCGACCATGGTGTTGGCGCTGTGCGGATTCTCGATCGCGGCGTGGCTTTGCGAAGGCGCGGTGTTTTACTGCGTCGCCGGATCGCTGGGCATTGATGTGCCGCCGATCGGGGCGTGGTTCGCCATGAGCACAGGCACGCTCGCCACGCTGCTGCCCTCCTCGCCCGGGTACGTCGGCACCTTCGACTACTTCGCCATGCGGGGCATCATCGCCTACGGCGCCGCCGAAGACCCCGCCGCCGCCTTCACCCTCCTGGCCCACCTGATGATGTGGCTGCCGGTCACCATCGTCGGCGGATTGTTCCTGCTGGCGCCGCGCGGCCGCCGCGCCCTGCACGACGCACAAACCCTCGAAGCCTCACAACTCGATTCCGAAACTTCGACATCATGACCCAGAAAGCTGATCCCAACACCAAACCCCGCACGCTCATCGTCGGCGGTGGATTCACCGGCCTCGCCGCCGCTTACGAGCTCGCCCGCGCCGGCCTGCCTGTAACAGTCCTCGAAGCCGACCCCGATGTCGGCGGACTCGCCGGCAGCTTCGATGTCGACGGCGTATCCCTCGAACGCTTCTACCACCACTGGTTCACCAACGACCGCCACGTGATGGACCTCATCGAAGAGCTCGGCCAACAGGACCGCATCCTCCTCCGCCCCACGCGCACGGGCATGTACTACGCCAACAACTTCTACCGCCTGTCGACCCCCAAAGACCTGCTCACGTTCAAACCGCTGGGTTTTATCGACCGCGTGCGCCTCGGGTATCTCGCCCTCAAGGCCCGGCGCGTCAAGGACTGGATGGCGCTCGAAGACATCACCGCCAGGCAGTGGTTGATCGACATGGCCGGGGAGAACGTCTACCGCGTCGTGTGGGAACCGCTGATGGCCGGGAAGTTCGGGCCGTTCGCCGACAAGATTTCCGCGGTGTGGATGTGGAACAAGCTGAAGCTGCGCGGCGGCAGTCGCGGCAAGGGCGCCGCCGAGATGCTCGCTTACTACCGCGGCGGTTTCGCCTCGCTGGCCCAGTCGCTGGCCGACGAGATCGTCAAACACGGCGGCGAGATTCTCACGAATCATCCCGTCAACGAGCTGCACATCACCGACAATCGCGTCACCGGCCTCCGCGCCGCCGGCAAGGACTTCGAAGCCGACCGCGTGCTGCTGACCACCCCCCTGCCGATCGCCGCTGATCTGATCCAACCCCACGCCGACGCTGCCTACGTCGACAGCCTCCGCCGCATCGAGTACCTGGCCAATGTCTGCCTCGTGCTTGAGCTGGACCGCTCGCTGTCGGAAACCTACTGGCTGAACGTCAACGACCCGAGCTTTCCGTACGTGGCGGTCATCGAGCACACGAATTTCGAGCCGCCGGAGACTTACCACGGCAAGCGCATCGTCTACCTGTCGAAATACCTGCCGGCCGACGCGGAGTTGTACCGCATGAGCGACGAGCAGGTGTTCGAGTTTTCCCTGCCGCACATTCAGCGGATGTTTCCCGACTTCGATCGTTCGTGGGTGCAGGGCCATCACGTCTGGCGGGCGCGCTACTCGCAGCCGATCGTCGGCAAGCACTACAGCAAGTTGATTCCCGCCGAGCGTATGCCCGTCGACGGCATGTACCTGGCGACGATGGCGCAGATTTACCCCGAAGACCGCGGCACCAACTACGCCATCCGCGAGGGGCGCGCCGTCGGGAAGCGACTTGTCGAGTCGGTATCATGAGCGACATGGATTGGTCAACACTGAACGTCACCGTCACCGGCGGGGCTGGGTTTCTCGGCCGCGTCGTGTGTGAGAAGCTACGCCAGCGCGGGTGTGCGAACATTAGCGTGCCGCGCCGGGCTGAGTATGACCTGACGCAGGGGGCGGACGTCGTGCGCATGTATGACGACTTCGCCCCCGACGTCGTGATTCACCTGGCGGCGGAGGTCGGCGGCATCGGCGCCAACCGCGATCACCCCGGGCGATTCTTTTTCGCCAACATGGCCATGGGCCTTCACCTGATCGAACACGGCCGCCGGCGCGGGCTCACCAAGTTCGTGCAGACCGGCACCGTCTGCGCCTACCCGAAACACACGCCCGTGCCTTTCCGCGAAGAAGAACTCTGGAACGGCTACCCCGAAGAAACCAACGCCCCGTACGGCGTGGCAAAAAAGTCGCTGTTCGTCATGCTCGACGGGTATCATCGCGAATATGACTTTCCGGGCGTCGTCGTCGTGCCGGTCAATCTCTACGGCCCGCATGACAACTTCGACCTGCATACCAGCCATGTGATTCCCGCGTTGATCCGCAAGTGCCTCGAAGCCAAGCAGCGCGGCGACAAGTCGATCACCTGCTGGGGCACCGGCAGCGCCAGCCGCGAGTTTTTATACGTCGACGACGCTGCCGAGGGCATCATCACCGCTGCTGAAAAAATGGCCGACCCGACACCGCTGAACCTCGGCACCGGCCGCGAGATCACGATCAAAGACCTCGTCGAGCTGATCGCTCGGCTCTGTGAATTCGACGGCGAAATCGTGTGGGACTCGACCAAACCCGACGGTCAGCCCCGGCGCTGCCTGGACACCTCGCGCGCCGAGAAGCTGCTGGGGTGGCGGGCGCAGGTGGGATTCGAAGAGGGGTTGCGCCAAACGATCCAGTGGTATCGAAACAACCCCGTTTAGCCGGCGGGCTTGTCCGCCGTTTTGAACGACGCATGAAGCGGCGGGCAAGCCCGCCGGCTAAACATGAAGATTCTCTTCGTCAATCAGTTTTACTGGCCCGACGTCGCGGCGACGGCGCAGCTCATGGTCGACCTCTGCGAAGACCTGGCCCACCAGGGACACGACATCACCGTGCTGTGCAGCCGCGGGCAGTATGACGACGGCACGGGCGCGCCCACACCCAAACGCGAGACACACAACGGTGTGAACATCCGCCGCCTGTCCGCGGC
CP050848.1_gap46	1702759	1704264	1505	GTGCTGCTGGTGCCGGTCAAGGACTACAACGCCTTCCTCGGCAACTTCCAGCCGCAGACCAACGGCAACGTGTCGCAGATCCAACTCACCGGCAAGCCGATGTTCGTCAAGCAGGCCGGCGGATATGCCGTGCTCAGCGATCTGCAGGACACCGTGGCCAACTTCGCCCCCGCCGCCGGCAACAGCTTCCAGGCCGACTCCGGGCATTTCGGCTCCAAGGTGCTCGGTGAATCCGACCTGATGGTCTACGTCGACATGGCGACCGTCGGCCCGGTGATGCAGCCGTTCGTGGCGATGGGACTCATGCAGGCTCAGCAGCAGATGGCCGACCCGGCCCTCGGCGGGCAGGGCAAAATGGCCCAGGCCATGGTGGGCCTCTACGGCGATGTCATCAACGCCATCCTCCGCGATTCGAAGTCGGCTGCGCTCGGCCTGGACCTCTCCGATCAGGGCATCGGCATCTCCGGCAGCGTGCAGTTCAAACCCGACACCCCGTCGGCCAAGGCCTTCGCCATGTCCGGCTCAGACAATCTGACCTTCGATCATCTGCCGGCCCGGCCGTACCTGATCGCCAGCAGCATGAACCTCAAAGGCCTGCCGCTGGAAGACTGGTTCAACACCTTCGCCGCCCGCATGCCGGAAGGCGACGGCATGGCCGGTGTCATGAAAAACGCCGCCGCCATGATGAAAGCCGCCGGCAACTCCGCCCAGCAGGCCTGGTACGCCCCGGACATGGCGGCCGGCCCCGGCAGCTTCCTCAACGCCGTGACCGTCTACAGCAGCACCGACCCCGATGCGTTCATCAAGCAGTACAAGCAGCAGATCCTCGCGATGAACAACATCGAGATCGCCCCCAACAGCAAGTACATGACCAGCTACACCGACAACGTCATGCAGATCGAAGGCAAGAACGTCGATCAGTTCTCGCTGAAGATGCAGCTTCCGCCGGAAGCCATGCAGCAGCTCGGACCGGCGGCCATGTTCTTCGCCGGCGACATGGGCGGGTACATCGCCACCGCGGATAAGTCCGTCGTGCTGACTCAGGGTGGTGATGCGATGCTGCTGAAGCAGGCGATCAACGTCGCCGGCGGCAAGGGCGATCAGCTCGGCGCCGATGCCGGCATCAACTCGATGCGTAAGCACCTGTACGACCACCGCATCGCCGAGGGCTACGTCGGCATCGGTGCGATCATGAATCTGGCCAACACGTTCATTGCGATGTTCGCCCCCGATGCGGCGATGGACGTCCCGCAGAACCTGCCGCCGGTGGCTTCGAGCATGTCGGTGCATCAGACGGGTGTTGGCACGCGGACGTTCGTACCGCTGCCGACGATCGTCGCGGTCAAAAACGCCGTGATGAAGGTGATCGAGGCTCAGCAGAAGCCGGCCGCCGTCTCCGACGCTTCGACCCGCTGAAGCGGATCAGCCGATCAAACATCTGAATAAACGCACAACGCCCGGTCCATGCGGCCGGGCGTTTGTGTTTGAAATGACGCGCGTGAGAT
CP050848.1_gap47	1891238	1896098	4860	GGCCCCGCCTCGTTCAGCATGTGGTACAGAACCACCTCCGACGCGCGCGGCGACCTGCTGACCTACAAGGGCTCCGGCGGCGACTTCGGCATTCACTCCAATTCGCAGTCCGATCCCGCGGGGTATGACAGCTCGGTAAGCATCTACCACGGCAGCTTCAGAAACCAGGCCGGCGCCGACAAAAACCGGTGGCATCAGATGGTCTACGTGCGCGGTGACGGAGCCGGCGATTCCTCCAAGCTCTACATCGACGGCAAGCTCGTCTCCACCGGCGCCAACGGCTCCAGCTTCAACATCACCAACGACATCCTCATCGGGTCCAACCACGCCAACAATCCCCCGACGCTGTCGCTGCAGGCCGGTTTCGTCGGCAGCATCGATGAAGTCGCCATCTTTGATTCAGCGCTGAAGGCCGAAGCCGTCAGCACGCAGTACTACGCCGCGGTCGGTCGCCAATACGCGATCAACTTCGGCGCTAATGAAGCCGGCGGCTCGCTGGGCGGTTCCGACGTCGCAGGTCACGTCGCCGTCGAACAGGCCAACTGGAACAACACCTCCGGCGCCGCCGGCTCCGCGTTCAACCTCGTCGACAATCAAGGCGCCAGTTCCGACGTCTCGGTCACCTGGTCCGCCACCGCCACCAACGCCCTGCCCGGCGCCTCCACCAACGCCGACCAGACCATGATGGCCGGCTACCTCGACAACGACGCCACCACCACCGTCACCGTCTCCGGCCTCGATGGCAACATCGCCACCAACTACGGCTACGACGTCTACGTCTACTTCGACGGCGACAACGCCGGCGAATGGCGCAAAGGCGCCTACACCATCAACGGCGTCACCCTCGACGGTGAAGACTCCGAAGGCAAAGACTTCATCAACGTCACCAACGCTTTCCAGCTTCCCGTCACCGCCGGCACGGGCAACGTCGCCTACGTCGAGCGTCTCGACTACTGGAACTCGGTCGGCAACAACGATGAAGGCAACTTCCTCGTCTTCCACAACGTCACCGGCGACAGCTTCACGCTGACCTCCATCGGCGGAGCCCATGGATCCACCAACGGCAACGTCGCCCGCGCCCCGATCAACGGCATCCAGATCGTCGGCGTGGCCATCCCGACCCCCGCCGCGCTGCCCGCCGGCCTCGCCCTGCTGGTGCTGACCACGATGCGCCGTCAACGCAACTAAAGCCCGGGGACCGCCGTCCCCGGGTGCCGCGTGCCGCGTGCCGCAAGCAACCCGCTCGCGACAAACGACACGACAAACACCGATTCACCTTTTTTCGAGACCCACTGAGATGAGAAACTTCCGCGAGAAATTGACCGTCGCCGCGGCCGCCGCCGTGATCGCCTGCACTTCGGGCGCTTTCGGTTCAGCGATCGGCATCAACGTCATCGGCGGGCGCGACGGCACAGCCGGAACGTCCGTGACCTCCGCCGCCGGCGTCATCCCCTTCGGCCACTGGAACAACATCGCCAACAACGGCACGACCACCACCTCCGGCGGCAACCAGAACGGCTCGGCGAGCAACCTGCTGCTGTCCAACAACGCCGCCTCCGACGTCGGCGTCACCTGGTCCGCCACCAACACCTACATCACCAGCATCGCCAACCTCAGCGGCGACAGCGCCCTGATGAATGGCTACCTCGACCACAACAGCGGCGCCGCCCCGGCCACCGCCGTCACCGTCACCGACATCCCCTACAAGCGCTATTCCGTAATCGGCTACGTCGGTTCCGACGGCGCCAACCGCACCGGCCGCATCAGCATCGGCGCCGAAGGCTACAACTACTCGACCCTCAACAACTACAACGCCAGCGGCTACGTGCAGACCACCACCACCGCCGGCACCTACCCCGCGGCAAACTACGCCGTGTTCAACGACCTGACCGACTCCTCCTTCACGCTGACCAACTCCCGCGTCGGCAACAACACCGGCCTCCACGGTCTGCAGATCATCGACCACTCGGCCGTCCTCAGCGTCAACTTCGTCGGCGGCACCTCCACCGTCGGCGCTTCAGTCACCGACAACGCCGGCTACATCCAGGCGAAAAACTGGAACAACGTCGCCGCCAACCCCACCTCCACCACCGGCGGCGGGCAGGCCGGCTCCGCGTCCAACCTCATGCTCAACCACACCGCCTCCAACGCCTCGATCACCTGGTCCGCTCCCAACACCTACCGCACCGGCTCGCCCACCGCCGACCAGGACGACGCCCTCATGGACGGCTACCTCGACGCCTCCAACGGCACCGACGCTCAGATCAATCTCACCGACCTGCCCTTCGTCGGCGCCTACGACGTCTACGTCTACCTCGGGTCCGACGCCAACGGCCGCACCGGCGGCGTCTACCTCAACGGCGACACCTCCAACGAAATCTTCTTCACCACCAACGTCGGCGGCAGCAGCTTCACCGATGCCTCCGACTACCTCCGCGCCGTCGCAACCACCTCCGGCGATGCCGTCGGGTCCAACTACGTCCGCTTCGAAAACATCACCGGCTCGTCACTGTCGATCACCATCGACAACATCGGCTCCAACGTCGGCATCACCGGCCTGCAGATCGTCGGTGTGATTCCGACTCCCGCCGCCCTGCCCGCGGGCATCGGCCTGCTGACCCTGGTCGCCATGCGACGCCGCCGCGCGTGAAAGCTCGACGCCTGCACGCGGTCGTGCGACGAAAGTTGCACGATCGCTTTAACAAGTCCGTGTAGTGAATCACTGATGCAGTTTGTCGTCATCGTCAGGGAACGCCGATGCGCCGCCAAGGCTTCACACTTCTCGAGCTGCTCGTGGTCGTCAGCATCATCGCGCTGATGATCGCCATGTTGATGCCGTCACTGAAGCGGGCCCGATCGCACGCACGCACCTCGGCCTGTCAGATGCAGATGCGCCAGTTCATGCTCGCCTCGATCGCCTATGCCGCCGACTGGGCCGGCACCCTGCCCGAGCCCAACTGGGGCACCTACACCACCCGCCCCGGCTGGCTGTATGACCGCGACGGCTCCAAGCCCCGCCCTCAGTCCGGCGTGCTCTGGCCCTTCCTCAATAACTTCAAAATCTACCACTGCCCCGACCACCAGGCCCCCTGGCCCAACAACACCCAGCAATACTCCAGCTACACCATGAACGGCTCCGTCTGCGGGTACGGTAAAAACGACATCGTCTACAAGCTCAGCGCCTTCCGCTCCGAAGACATCATCTTCTGGGAAACCCACGAAGACAGCACCTACTGGAACGACGGCTCAAACTTCCCCCACGAATTCGCCACCGGTCGCCACCCGCTCGGCGACGACCTCGGCGCCGGAAACATCGCCAACGTCGACGGCTCCACCGCCTGGCTCAGCACCGATGCCTACCACTCATTGGCTTTCCCCAGTTTTCCGTCTGTACGCAATCGACTCTGGAACCGCCCCTTCACCGACCGGGGCTGGTAATGCAAAACCCACGGATTAAATCCGCGGGCCCCATGGAACCCTGCTCATGCATCGACGCGCCTTCACACTCATCGAACTACTCGTGGTCGTGGCGATCATCGCACTGCTGATCGCGATCCTCTTGCCGTCGCTTTCCAAGGCGCGCGACACCGCCCGCATCGTCGCCTGCGCCTCAAACATCCGCCAGTACCAGGCCGCGCTGATGACCTACGGCTTTGATTACAAGAACCAGCCCATGCCGTACTACTCCGGCGTTCTGTTCATGGAGCCCCTGGAAAAGTACCACGGCCACGTCGACAACATCCGCTTCTGCCCCCAGGCCAACGAGCCCACGCCCGGCAGCGGCATCGGCTCAGCGACCACCGGCTGGACCTACGCCGGATACCACGGCTCCTACGCCCTCAACGGCTTCATGTACAACTCGCAGTCCGGCTCCAACCCCGGCGGCAAGAACCACGCCGCCTACACCATCACCGATGGCGACTATCCCACCGCCTGGTGGGACACCCTCTCGCCCAATCACGCCTCGGACGTCCCCTGCTTCGTCGACGCCATGTGGCCCGACCTCTGGCCCCACCACAACGACCTGATCCCCACCAACGTCGATCGCCCCGCCATGGGCTCGACCAATCCCTACCACATGAGCCGCGCCTGCATCAGTCGCCACTTCCTGACCGTCAACATCGCCTTCGCCGACGGCCACGCCTCCCAGGTCAACCTCACCGACCTCTGGAACATCAAGTGGTCCCGCACCTTCCAGACCCAGGGCCCAATCGTCCTGCCCTGATCGCCCAACCACCCGAACAACGCGCGTGGCACTGACGGCTCGCCCGCCAGTGTTCGTAGCCCAGTGGCACAGACCACTTACCCGCCAGTGTTCGCAGTCCAGTGGCACAGACCGCTCGCCCGCCAGTGTTCATCATCCGTCACCAGTGAGCAGGTCGCCGATGTTGCTGAACCTTCACTGGCGGACAAGCCGCCAGTGCCATGTGGAATCATCTCTGCCACATGCGATGCCATCTTCAGAGCATTTTGCATCATTCACGACCGTCTCATACCAAGCACATAAAAAGACTCGAACGTCAGAACGCGACCGATTCCAACCCTGTAGCACAGCCGCCCCCGGCTGTGCTGAAGTCATCGCCCGCACAGTCAAAACCGGCTGAGCCACAGAGCTTCAATCAGCACCACAATCTGATACCCGCCCCCCCCAATCCCTTTCGCATTGGCAATCACACCCCACAACACATAACCACACCCCGCAACACATGCTCACACGCCGCAGCACATGACCACACCCCGCAACGCATGGCCACACGCCGCAACGCATGACCACACGCCGCAACACTTGATCGTAACTCACCGTTGAATAAGCCCAATTTCAAAGAACATATTTAACTTAAATATGTTCTTTGGCGTTGA
CP050848.1_gap48	1899179	1902135	2956	TCGAGATTTTTTTCATATTCGTCGATCGGCACCTGCTGGTGCGCGCCGGGCGCATCGACGCGCGTGAGCTTGTCTGAATCGGGCGCGATGTATTTGAGGTCGTGCAGGCCCCAGTTGAAGTGGATGACATCCCAGTGACCGTCGCCGAGCCACTCGTCGATGTGTTCGAGGCCGCGCGTGGTCGGTCCGCAGTTGGTGCGGGGGCGGTGGACGTTGGCCTTGCCGGCCAGCAGGTGGCGGGTCGGCAGGGTGTAGCCGATGGAGATCGAATCACCGATCAGCAGCACCCGCGGCAGGTTCGGATCATCCTTGATCGGGGACATGGGGTTTTCTTTTTTCGCGGCGGCGACCATGGTGGCGGCGGCGGCCAGCAGAACGATCGTGAACATCCATTGCGGGCGTGTCATCGGCGTCTCCAGACAGGGAAACCGGGGTCGGGCGGATGGTCCGTGACTCAGATCGGACAGTGTACCCGTTCAACGCTGAATGTGCGATAGTGTTGCATTTTCAGCCTGAAAACAGCCAATGCAAGCCATGTTAAATTTGTGTACCATGCCCGTCCGCGACACGAGGCACGTCGCGGTGTGAGGCGCTCGGGCTGGACCCGGGCCACGACATCCAAGGCACTCAAAGAAGGACTCCTTATGGGTCGCGTTACCTATTGGAGCGCCATCTGCGCGGTCGTTGTCGGTGGACTGATCGCGGCGGTGGCATTGGGTCAGACTGAATCCCCCGAGCCCGGCGTCGCCAACGCGCCGCAGGCCATCGCCGCGCCCGAAGTTGCCGCGCCGCCCGTGGCCGATGACGACGCCCGCCCCGTCGAGCTCGCCGAGTTGTACCAGCAGCGTCTGGACAAACTCGCGGCCGACGACATCACCGGGCAGTACAACCTCGGCATGTGGCTCGTGCGCCGCTACGACGACCACAAGAAAAACATTGAAGCCCTCGAGCTGGCCAAGCAGCAGTTTGAGCACGTGTTGGAACTGTCGCCCAAACACGCCGACGCCAAAACGATGCTCGGCATCGTCAAGGGCCAGATCAAGGACGTCTCGAAAAAGCTTCACCCGGATTACTTCGCGATGGCGTTCAGCGTCGTCGGCGGGCTCGGCATCTTTCTGCTGGGCATGAAGAACATGTCCGAAGGCATGCAGGCGGTGGCGGGCAGTCGCCTGCGCCGCATGATCGGCATGGCGACCGACAACCGCATGCTGGGCGTGGCCACCGGCACGGCCGTGACCTGCCTCGTGCAGTCGTCGTCGATCACCACCGTGCTCGTGGTCGGCTTCGTCAACAGCGGGCTGATGGTCCTGCACCAGGCGATCGGCGTGATCATGGGCGCGAACATCGGCACCACGATCACCGGCTGGATCCTCGTGCTCGACATCGGCAAGTGGGGCCTGCCGATTCTCGGCGCCGCGGTGTTTATCTACCTGTTCACCCGCAAGGAACGACTGCGCTACCTCGCCGTCGCGGCCATGGGACTGGGCATGGTCTTCTTCGGGCTGGAGCTGATGAAAAACGGCTTCAAGCCCATGCGCTATGTGCCCGCCTTCGAGCAGGCCTTTTTGTGGTTCGATGCGCATACCTACTTCGGCGTGCTCAAGTGTGCCATGGTCGGCTGCATCCTCACGTTCATCGTGCAGAGCTCCTCGGCCACGCTCGGTGTGACCATCGGCCTGGCCAGCACCGGCGTGATCCCCTTCGAAACCGCCGCCGCCCTCGTGCTCGGTGAAAACATCGGCACCACCATCACCGCATGGCTCGCCTCAATCGGCACCACCACCGTCGCCAAACGAGCCGCCTACGCCCACGTCATGTTCAACCTGCTCGGCGTGGCGTGGATCACCGCCGTCTTCCCGTGGTATATCCAGGGCGTCGACTGGTTCATCGCCAATGTCCAGCATCAGCTTCACCCGCTGACCGCCCACCTGGCCGACTTCGGCGAAGACCCCAGCGATTTCGAGCAGATGGTCACCAGCGCCATCGCCGCCACGCACACCGGCTTCAACGTCATCAACATGCTGCTGTTCCTCCCGCTGGTGCGCATCTATGCGCGCTTCCTGGAATGGCTGATCCCCGGCAAGATCGTCAAGGAAACCCCACACCTGACCAGCCTCGACATCCGCATGGTCGAGTCGCCCGTGATCGGCATCGAGCAGTCGCGCGGCGAGATCATGAAGATGTGCGAAGGGCTCGAAAAGATGCTCCGCTGGACCCGCGAAGTCTTCGACCAGGATCAACCCGATGAGGTCCTCGTCCAGAAGATCTTCCACCGCGAGCAGGTGCTCGACAACATGCAGCACGAGGTCATCGAATTCCTCACCGACCTGATGACCGGCAACGTGCCCCACTCGATCACCGAGGAAGCCCGCTCCCAGCTTCGCATCGCCGACGAGCTCGAATCGGTCAGCGATTACGTGGCCACGATTCTCAAGGCTCACCTTCGCCTGCGCCAGGGCAATCTCCGCCTGACCGATACCGAGCGAGCCTACCGCAACGAGCTGCACGAGAAGTTCACCCAGTATCAGCAGATGATCGACGAAGCCGTGCGGCACAACCAGACCGATGTGCTGTCCAAGGCCAAGTCCAAGGGCGACGCCATCACGCACCGCTTCAAGGAGCTGCGCGATGCGCACCTGGTCCGCCTGACCGAAGAGAAGGTCGATCCGCTGGAGTCGATGTCGTACAACACGATGATCGGGTCATACCGCAAGATGAAGGACCACGCCCTGAACATCGCCGAGGCCATCTGCGGCGAGAAGTAATAAGGCATAACCGCAGAGCACGCAGAGGCCGCGGAGAAGGCGCAGAGCGGATCAGTGAGTTTTCAATTTATCCTTCTGCGCTCTCTGCGGTTAAATCCAATCAAAGGTGGTCGTCGAGATAGCGCGGAATGCGGTGTTCGAGCCAGTAGGTGGCGCGCCATGGGCAGCGACCGGCGACGAAACCGACGTGG
CP050848.1_gap49	2000467	2002056	1589	ATTTCGCCGATGATTCTGACGATGATGTATTTCGACGTCTCATCCTCGCCCGCTCGCCGGCCGCGCCGCGCCTTCACGCTCGTGGAGATGCTCATCGTCGTCGTGATCCTCGGCATCATCGCCAACCTCTCGCTGGCCATGCTCGGGTCCGTCGAAACGACCAAACTCCGCTCGGCCGCCGAACTGCTCGAAGCCGATCTGTCCCTGGCCCGTGTTCAGTCGCTGGCGCACAGCGACGACCTGCGCGTCATCGTGATCGATCAGCCCAACAATCGTTACTACCTCACGACCGCCGCCGACACCGACACCCCGCTGACCAACTCCGTCGACAAGCAGCCCTACATCGTGAAATTCGGCTCCGGCCGCGCGTTCAAGCTCGGCTCCGTCGCCATCTCCGCCTACGACTTCGGCGATGACAACCAACTGCAGTTCGGCCAGTACGGCCAGCTCGATCAACCCGACGACGCCACCATCACCCTCGCCAGCGGTTCGCGCACGTTGACAATCACCCTCGACGCCGCCACCGGCGAACCCACCCTCGGCCCCATCGAATAACTCCCCGTTTAGCCGCGAGCCAAAGGCGAGCGCGTCCCCGCCCCCTCACCCCGCATCACTTTCGTATTTTGTTAGCCATCGACGAACCCCGCCGCGGGTGTAGAATGACAACAGTCGTTTCCCGTCACTCGATCACCCAGAGGTTCGCCACGGATGGCCCAAAATCCCGGCAATTTCGTCCATTTGCACGTCCACAGCCAGTATTCGCTGCTGGACGGCGCCTGCCGGACGTCCGACCTGCCCAAGCGGGCCAAGGAACTGGGTCAGACCTCCATCGCGATCTCCGATCACGGGTGTCTGTTCGGGCTGGTCGACTTCTACAGCCGCTGCGTCAACGAGGGCGTCAAGCCCATCATCGGCCTTGAAGCCTACATGGCCCCGGGCGATCGTCGCGACAAGTCCTACACCGGCGTCAAGGACGGCGGGTATCACCTGCTGCTGCTGGCTGAGAATCTGACCGGGTATCACAACCTGCTCAAGCTCGCTTCGATCGCCTATGTCGAGGGGTTCTACTACAAGCCGCGCATCGACAAGAATGTGCTGCGTGAACATTCCGCCGGCCTGCTGGCGACCAGCGCCTGCCTCGGCGGTGAGATCCCCAACGCGCTGACCGCGTCCGATCGCAAGAAGGCCAAAGAGCTCGCCGAAACCTACATCGACATCTTCGGCACCGATCGCTTTTTCATCGAGCTTCAGTCGCACATCCCCGAGCAGGCGAAGATCAACCCCGAACTGATCGATCTCGCCGAGCGTGTCGGTGCGGGCGCGGTGGCCACCAACGATGTTCACTTCCTGCTGCCGGGCGATCACGAGCCGCACGATGCGCTGTGTTGCATCTCGACGGGCCGCTTGGTCTCCGACGAATCGCGCCTGATCTATCCGACGCAGCTTTATCTCAAAAGCGCTGAGGAAATGCGGGCCGCCGCCCCCGATCTGAAAGATCACTGGCAGCGTGCGTGTGACAACACGGTGCGCATCGCCGAGATGTGCAATGTCGAGCTCGACTTCAACGCCAACCATGCCCCGGTGGTGAA
CP050848.1_gap50	2015105	2018777	3672	CGCCGGACTCGCGCATGTGCTCGGCCGTGCTGACGACATACACCTCGTGAGCTTCCAGCGGCACGCGCGATTGCCCCACCATCGCCACCACCGCGCCCAACAGCAGAATCACCGCGCAGCACACCCGGAAGTTGCACACGCGACTGAGTCGCCCGGCCAAAATGGTGATGGGGAATTCACCAGACATGCCGCCATGGTAAAAAGCCGGCCGACCCCACTGCATCATTTGCGTGATGGTTTGCCCTGATCACCGCAACTGCAACAGCACCCAGTCTTTCTCATCAGCAGCGTCCGGCACCGTCGCCAGCGATTCGATCCCCCGCCCTGTCAGGGCCTTGCGCACCGCCGCCTCCTGCTCGGTCGGCGTCACCAGCACCAACCCACTCGCCCCCGCGTGGTCGACGGTTGTTTTCAACTCATCCAGCGTGTACATCTCCCGCACGGGTCGATCCGCGTAGTACACCAGCGCCCACGGATTAACCCCCCAGGTCAACACCGGCGTGGCCGCATCGACCTGCTCATCGATGATCCGCCCCATCGTCACCGGCCCCCACCGAGATGGCGACCAGAGCACCGCGCTGGAACCCCCCGCCTGAAACATCACCGCAAACACCAATGCCGCGCCGACCAGTTCCGCCCGGCCGCGTCGCCAACCCCATTCCTGTTTAACCCACAACCACGCCGCCCCGACGCTCGCCGCCATGATCAGCAACCCCGTCGCCACTTTCGCCCCGTCCAGTTGACTCACATCCCCGTCGCGCCAGCGCAGCCACCACGCAACGGTCAACACCGCCCCCGCCGCCAGCGCGTGTCCGACCAGCAACACGCCCGGCCGCAACAACCCGCGCCCATAAAACTGCGACAGCATCCGCCGCCCCGCAAACGCCATCACCACGCACATCGGCCCCAACAGCGGCAAGGCATACAGCCATCGTTTGCCCCCGCCGAAGCTGAGCACGATCACGCCGATCAACACGATCAAACCCATCGCTCGCGCCGCGAAGTTGATCCGATGCTTGACCACCATCGCCGCCACCGCAGCCGGCCACAACATCACCCACGGCAAGACATGCTGCCATGAGCGATAAAAATAGTACGGGTCCAACACCTGCCACCAGCCCAGTTCAAACCGCGAGCCGGTCAGTTGCGATTCGAACAGCCGATCCCCGATCCGCCAGTACAGCATCGCCCACCAGGGCAGCGCGATCGCCGCCGCCACGATCAATCCCGTCACCGGTCGCAGCACCCGCCAGGCGTCGCGCCGGCTCGGGCGGTGCAAAGCCATCACGATCGCAAACGCCCCCACGAAGATCGCCGGAATGTGAGGCCCCTTGCACAGCGACCCCACGCCGAACATCACCCACATGCCGTATGTTCCGATCAGTCCCCGCCGCCCCCGGCCCCTCGCCTTCCACGACATCACCCACAGCCCCGCCATCGCCGCGCAGATCGCCGCGTAGAGCATGTCCGACCGCGCGTTGTGCGTCCACGTGAAAAACCCGAAGCTCGTCGTGCAAAGCAGCCCCGCCATCAATCCGACCGGCCCGGTGTAAAGCTGCGCCGCGGTCCACATCACCATCGCCACCAGCAGCACGCCCCCGATCGCGCTGATGCTCCGCCCATGCCAGGGTTCGAATTCATTCGCCCCGTCGATCGCCGCCACCACCCGCGTCAACCAATAACTCAGCGGGGGTTTATTCAGCCGCAAATCTCCCCCGCAATACGGCACCACCCACTCGCCGCGCTCGTGCATCTCCTCAGCGGTCTGCACCACGTACACCTCGTGCAGATCCAGCGGCACGTGATTGTTGCCTACTGTTCCGACCATCAGCGCCAAAGCCAACACCGCCCCCGCCGCCAGTTTCATCCGCATCGATTTCATCGCCGCCAGTATAGCCCCTCCCCCCGTTTAGCCGCGAGCCAAAGGCGAGCGCGTCTGTCGCAAACTTTCCGCTAAACTGTCCCCATGCCCCCGATCGCCCGAACCCTCGATGCCAATGCCAACCGCGCCCGTGAAGCGATGCGCGTGATGGAAGACGCCGCCCGCTTCTGTCTCGACGACTCCAAGCTCGCGCGTGACCTGAAAAACCTCCGCCACGACTTCGCCGCCGCCGTGCGGTCGCTGCCCGACCTGCCCGCGCATCGCGACACCCCTGGCGACGTCGGCACCTCGATGACCACCGCCGCCGAGCGCACCCGCGCGACCGTGGCCGATGTCGCCATCGCCGCCGGCAAGCGGTTGACTGAAGCCCTCCGCAGTTGTGAAGAGTTCGGCAAGCTGATCAGCCCCGACTTCGCCGCCGCCGTCAAACAACTCCGCTACCGCGCTTACACCCTCGAGCAGCGCCTCGTTGAAAAGCTCGCCCCCTTCGCCGCGCGACAATGGCAGCTCTGCGTGTTGATCACCGCCTCGATGTGTGAACACCACGACTGGCTCGACGTCGCCCGGGCCTGCATCGACGCCGGCGCCGACTGCATCCAACTCCGTGAAAAAGATCTCGACGACGGCGACCTGCTCGACCGGGCCTCGCAGCTTGTCGACCTCGCCAAAAACACGAACACCAGCGTCGTGCTCAACGACCGGGCTGACCTCGCCCTGCTCGCCGGGTGCGCCGGCGTTCACCTCGGCCAGCACGACCTGCCCGTCGCCACCGCCCGCAAGCTGGTCGGCCGCCAACTGCTCATCGGCACGTCGACACACAACCTCACCGAGGCCCGCCGGGCGATCCGCGACGGTGTCGACTACTGCGGCGTCGGCGCGATCTTCGCCACCGCCACCAAGCAGCGCCGCCCCGCTGGCTGTGAATACCTCCGCAAATTCGTCGATAAATTCCCCGATATGCCCCATCTGGCCATCGGCGGCGTCACCCCCGACAGCCTCCCCGAAGTCATCGCCGCCGGCGCCCGCGGCGTGGCGGTCTCATCGGCCGTCTGCGCCGCGACGAACCCGACCCGGGTGGTCCGACGTATAATCAACCAGTTCAAAAAAGCCCACCGCTGACTTTTCCCGAGGTGACTTATGACCCATCGCAAATTGATTCCGACGTTCATCGCGTGCGCCCTGCTGATCGCATCGATCGCTCATGCCGAGTTGAAAGTCGGCGACACCGCGCCGCAGCTTCACGTTCAGAAGTGGCTCAACGGCCAGCCCGTCGAAAAGTTTGAAGACGGCAAGGTCTACGTCATCGAATGCTGGGCCACGTGGTGCGGCCCGTGCGTGGCGGCGATCCCGCACGTGTCCGAACTGCAGACCAAGTACAAGGACAAGGGCCTGGTCGTGATCGGCCTCAACGTCTGGGAAGGCAACCCGCCCAAGGTTGAGCAATTCGTCCAGAAGATGGGCGACAAGATGAACTACGTCGTCGCCATCGACGAAGGCGGGCGCGAAGGTCAAAGCGCCGTGGCCTGGCTGAAGGCGGCGGGCGTGCAGGGAATTCCGACCAGCTTCGTCGTCGATCAGAAAGGCAAGATCGCGTGGTTCGGTCACCCCATGGAGATGGAGCCCGTGCTCGAGCAGGTGCTGGCCGGTGACTTTGACGCCGTCGCCCACGCCAAGCAGCAGGAACAGGTCGAAGCGCTCGGCCAGCAGCTCAACGCCGCCGCCCAGGCCGGCGACTGGGACAAGGCGTTGAAGATCGTCGACGAACTGGCCAAGCTCAGCCCGATGATGGC
CP050848.1_gap51	2061760	2063353	1593	CGGCCCCCACGCCGACGCTGAGCCCTCCCGGGGCGAAGCGTCTGGTCCCGGCCGCCGACTTCGCCGCCTTCAACGAACAACTCGCGCTGCTGGCCGAGGCGAACATGCCGCTGGAGCACGGCCTGCGCCTGATCGCCGACGACATGCACCGCGGCCGACTCGCCGACTCGGTCCGCGAAGTCGCCGGTGAACTCGAAGCCGGCCGATCGCTGAGCGATGCATTCGATAAACACCGCCACCGCTTTCCCACGATGTACAGCCGTATCGTCGAGGTCGGCATGGCCAATGGCAATCTCGCCGGCGTCCTGCTGAACATGTCGCGCCACCTGGCGATGACCCAGCGCCTGCGGGCCGCGATCTGGCGGGCGGTCAGCTACCCGCTGATGGTGATCGTGGCGATGTCGGTGGTGATGAGCTTTGTGGGTGTGTTCGTCGTGCCGCAGTTTGTCGACATTTACCATGATTTTGATACGGAGCTGCCCTGGCTGACGGAGGTGGTGACGAAGTTCTGGCTCGCCTCGCCGGTGATCGTGATCGCGATGGGGCTGGCGATCGTCGCGTTTCCGACGATCTGGCAGATGATGCGGGCCGCCGGGCAGGAGGGCCGCTTCATCGAGGTCGCCCTGTTGCCGCTGCCGATCATCGGACGCATGCTCAAACGCAACTACGCCGCCCGCTGGTGTGACCTGGTCGGCTTGTCGGTCGACGCCGGCGTCGATCTGCCACGCGCCATCAGCATGGCCGGCGAAGCGATCGGCATCCCCAGCTTGATCGACGATACCAACGCCATGTGCGCCGCCGTCGAACTCGGCGGCCGACTCACACAGGTGCACAGGCTTCACGTATTGCCCATCACCACGCCGCGCGCCATGGCCAGCGCCATCGAGCGCGGCACGCTGGGTGTGACTCTGCGCACGCTGCGCGACATGTACGCCAGACAAGCCGACCACGGCCTCGGCGCTCTGCAGGCCGTGCTGCTGCCGACACTGCTGATCCTGCTGGCGATTATCATCGGTATAACGATTCTCGCCCTGTTCCTGCCGTTTGTGAACATGTTTTTCTACATCACGGGCTGACCCATGAGCAGACGCCATGACATCATGACGGCCTTCGTCTTCGTCGTGTGGTTCCTGTTGGCCGCGTCGACCATCACGCTGCTGATCACGGTAGACATTTCATTCCGTACCGCTTTCTATACACCGTTGGCGCTACTGACCATCCTGCTGATCGTGATCTTCTCCGCGAGCACGAAGCTGATGACAAGACGGCGCAGAAACCGAGTGGTCGTGAACTACCTCGAGCAGGCGGTGCGATTGAATCTGCCATTGACGGAGATGCTCGACGCCGCGGCAGAATCAGAAACCGGCGGCGTGCGCCGCACGCTGCACAGACTGCGACACGAACTGGAAGCCGGTCGCCCGCTCGGCGAAGCACTGGCCGACGCATCGCCCGACATCGACCAGCGCACCATCGGCCTGATCACCGCATCGCAGAACACCGGCCACCTTGCCCCGACGCTGCGCTGGCTGACCGCCCCCGATCATGATTCATCAGAACACGTCACCGCCCAACAGCAATACACATGGCTTTACC
CP050848.1_gap52	2072552	2074422	1870	CGACTTCATCAGCATCGAAGACGCTGATGCCGGTCGCGGTCGCACTCTTCTGCGACTTGACATCGGACGGCTGGGGCGCCGAAGTTTCGCTGATCAGATCGATCGTGTCGGTCTCGGACTTCTTGACGTCTTCCGGCGTCAGCGAAATGTCGTCGTCCTTGTCGATCTGCACGGTCTGCGACATGTTGAACAGCTCGTCGACCTGCTCGCGCTTGAACATCAGCTTGTCGCGGTCACGAAACTGTTGCAGGCGACCTTCATCAGCCATCTGCTTGACCTGATCTTCGCCCATGCCGAGCTTTTCGGCAGCCTCTTCCAGCGTGTAAAACATTTTGGCCATAGGTGCTGTGCCTCCCTCGGCAACAATGCCTGTAGTGACGTAACACTATAGAATACCGCGATATGCCCGTCGACACAAGCCCCCACCACCCCGGGTCATCCCCCGTTTAGCCCCCCCCACGCCGACGCTGAGCGCCGCGAGGCGTCTGGTACTTTCTCCCCTAACCCCCAACCCCAAACCCCCAACCCCAAACCCCAAACCCCTGATCCAAAACCCATGCCCGCCCCACTGATCGAATCCTTCAGTCTCTACCTGCCGCAGATGCCGGCCGCCCTCGAGGGCCTGCGCCTCCTGCAGGTCACCGATCTTCACCTGCGACGCCGCCGGGCACGACATCGCGTCCTCTGCGAAGCCGCCGCCGCCGCCGAGCCCGATCTGCTCCTGCTGACCGGTGATTTCATGCACATCCCCGGCACCGAGCCGCTCGTCGCCGATCTGCTCGCGCAGCTCCTCGACGCCGCCCGCCCCACCGTCGGCGCCTTCGGCGTCTTCGGCAATCACGACACCCCCCACCTCCGCAAGCGCCTCACCCACCTGCCCGTGCACTGGCTGAACAACGCCGCCTGGAACCACCCCCGCCTGCCGCTGACTCTCCTCGGCGTCGACTGCGCCGAACACGAACGCGCCACCCCGCGCGGCGACCTGCTCGGAGCCGTCCTCTCCACACCCGATCGCCCCAAACCCACCACCCCAAGCCCCGAGCCCCAACCCCCCTTCCCCATTCTGCTGGCCCACATGCCGACCTGGCTGCCCGTAGCCGCCGCCATGAACATCCGCCTCATGTTCGCCGGCCATACCCACGGCGGACAGCTCCGCGCCCCCGGCTCACCCTCCGGCATCCCCTTCTACAACGCCACGCCCGGCTGGCCCCTGCACCTGTCCACCGGCATCCTCCAGGCCCGCGACACCTTCGCCGTGGTCAGCCGCGGTCTCGGCGAGTCCGTCTTCGACGGCTTCCGCGCCTTCTGCCGCCCCCACGCCCCCCTGATCACCCTCCACCGCTCAGCCGCCGACATCCCCCACGCCGAAGTCCCCATCTGCATCCAGCGCTGGTGAATCCCCGTTTAGCCGCGAGCCGCAGGCGAGCGCGCTGCCGCACCCCGCAACCCGCCACCGCCCTCCCCGGTATAGTCAGGTAATGCAACCCGCACTCTTCGCCATCCTCCTCAGTGCGTTAAACCCCATCCCCACGCTCGACGTTCATCGTGATCTGACCTACGCCACCGTCGACAACACCCCGCTGCAGCTCGACCTCTACCTGCCGAAGAACATCGCCGACGCACCTTCCGGCACCCCGCTGGTGATCTGGATCCACGGCGGCGGATGGGTCGGCGGCAACCGCGCCAATCCCCCCTTGCTGTTCATGGCCAAAGGCGGGTTCGCACTCGCCTCGATCAGCTACCGCTTTTCCCAGGTGGCCAAATTCCCCGCACAGATTCACGATGCCAAAGCCGCGGTGCGCTGGCTGCGCGCCCACGCCGCCGAGTATGGCTACGACCCGAACCGCATCGGCGTTGCCGGCGGATCGGC
CP050848.1_gap53	2081796	2083346	1550	GTGATCATCTATAAAGGTATGCTCACCTCGTGGCAGGTGCTGCCGTACTACACGGATCTGTCTGACCCGACCTACACGACCCACCTGGCGATGGTGCACTCGCGCTTCTCGACGAACACCTTCCCGTCGTGGGACCGCGCCCAGCCGTGCCGCTTCATGAGCCACAACGGCGAGATCAACACGCTCCGCGGCAACGTCAACGCCATGCACGCCCGCCAGGGCACTGTCCGCAGCGAGCTGTTCGGCGATGAGCTGAGCAAGGTCTTCCCCGTGGCCGAGCCGGACTGCTCGGACTCGGGCAACTTCGACAACGTGCTCGAATTCCTGCTGATGACCGGGCGCACGCTGCAGGAAGCGGTCATGATGATGATCCCCGAAGCCTGGCAGCAGCATGAGACGATGGACGAAGCCAAGCGGGCCTTCTACGAATATCACTCGTCGATGATGGAGCCGTGGGACGGCCCGGCGTCGATCGTGTTCACCGACGGCCACTACATCGGCGCGGTGCTCGACCGCAACGGTCTGCGCCCCAGCCGGTACTACGTGACCCACGACGACAAGGTCATCATGGCCAGCGAAGTCGGCGTGGTGCCCGTCGATCCGAAAAACGTCAAGCACAAGGGCCGCCTCCAGCCCGGGCGCATGTTCCTGGTCGACTTCGAACAGGGCCGCATGATTCCCGACGCCGAACTCAAGGCCGACCTTTCGACCCGTCGCCCGTACGGCGACTGGCTCAAGGAGCAGCGCCTCGAGCTGTCGGACCTGAACACCAAGGCCGAGCCGCACGGCTTCGATGCCGACACGCTCCTGCAGCGCATGCAGGCGTTCGGGTACACGACCGAAACGCTGAAGTTCATGCTGCTGCCGCTGATCGTGCAGAAGCGCGACCCGGTCGGCTCGATGGGCAACGACGCGGCGCTGGCGTGTCTGTCCGACAAGCCGCGCATGATCTACGACTACTTCAAGCAGCTATTTGCGCAGGTGACCAATCCCGCGATCGACTCGATCCGTGAAGAGATCGTGATGTCGCTGGAGTGCTACATCGGGCCGGAGAAGAACCTGCTGGAAACCACGCCCGAGCACGCGCATCGCCTGCGTCTGCCGCACCCGATTCTGAACAACGAAGAGATGGCCGCGCTGCGCCACATCGATCACAACGGCTGGAAGTCGAAGGTGATCGACATCACCTGGCCGCGCTCCGAAGGCGCCGCCGGACTCGCCAAGGCGCTGGATCGCATCTGCCGCGAGGCCGAGGACGCCGTCGACCAGGGTTACGCCCTGATGGTGCTGACCGACCGTGCGATCAGCGCCGACCGCGTGCCCGTCAGCGCCCTGCTGGCGACCGGCGCGGTGCACCACCACCTGATCAACCAGGTCAAGCGCACCCGCATCGGCATCGTCGTTGAAACCGGCGAAGCCCGCGAAGTCCACCACCACTGCCTGCTGTTCGGCTATGGCGCCGATGCGATCAATCCGTATCTCGCGTTCGAATCGCTGTGGCAGGCGCGCCGTGACGGGCTCGTGTCCGAAGACAAAGCTGAGGACGATCA
CP050848.1_gap54	2111478	2112048	570	GGTCAGCATCGCCAGGTCGTTGTAACCGAACACCTTGTACAGCAGGAAGAACCACACCGAAATGTCCAGCAGGGCAAAACCCGTCACGCACAGGCCCATCACGGCGCCGGCACGGAAGGCGACGCGAAGACCAGCGTTCAGCGATTCCTTGGCCGCCGCGGTGGTGCGGGCCGAGGCGTTGGTGGCCGTCCGCATGCCGAAGAACCCGCAAAGGCCCGACAGCGAAGCGGCGACCGCAAAGCCCAGCCACGTCAACTGCGACTGAAGACCCGTGAAGCCCATGATCAGCAGAATCACCACCAACCCGGCGACCACCGAGTAAACGACCTTCGCCTGGCTGCTGAGGTACGCATAAGCGCCCGCGCGGACCGAGGCGGCGATGCGAATCATGTTCTCATCGCCTTCGGAGTTGGACATCACCGACTTGTAAAACACAAAGGCCATGACCAGGGCGAGCACCGCGCCGATCGGCGCCAGGTACCACCAGAACGGTAGCGAGACGGCCTCAGCCGGCGCGGCGGCCGCCGCATCAGCCGCTTGTGCGAGCCACAGTGTGAAAGGCGCTTGCAT
CP050848.1_gap55	2135206	2139424	4218	ACGGCGAATCCATCACCGACACCAAAACCATCTCCAACAACATTCGATTCCACAACTGCACCTTCGAAGGGATGGTCGCTTCGGATTCCCCGGTGGAATTTTCACAGGTGCGCAACAAGTTGCAGTTCACCGGGGCCACGACCTTCGACCTCGATGCCGACAGCCTGAGCACCGAGCAGAAGAAGACATTCGCCAAGTCGACGCTGATGACGCCGCAGATGTCGGTCGACATGGGCAGCTTCGACGATCCGACCTCCGCGTCGCACTACGTCACGCTCGACGGCACGATCGTGGCCGGCGTCTTCGATATCCGCGGCAACGCCACCATCGACGGGTCGATCCTGACGACCTACCACCCGCAGGCCGGCGACGGCGCGCTGTCCAACGGCGGCAACCCCGCCATGTTCAACACGACTATCGGTTATTTCGAATCGGCCGCCGGCGACGGCGAAGGCGAAATCCCCGACGGCGGGTACGGCAAGATCATCATCCGTTACGACCCCAGCCGCTCCCTGCCCGACGGCATCAACGGCTCCATCGAGGTCAAACCCGACCTGTCGACTTACTACGAGGGCAAGTGATATGAACGCCCCACGCAAATCCAATCCACGTCGAGCCGCCGGCCTGTCGCTGGTCGAACTGCTGATCGCGCTGTCGATCTCGGTCTGGCTGTTGACGGCAGTGATGGTCGCACTGGACGCTTCGTTTCACGCCTACGCCACCGCGGCGGAATCGGCGTCGACCCAGTCGTCGAGCCGCCTGGTCATGCAGCGTGTGATGACGATGATCCGTTCGAGCACACTGCACGATGCGTACGACCCCGGTGACGCCTCGGTCACGCTCGACCAGCCCGCCAATCCGCCGGTGCAGTGCGTGGGCATTCAAATGATCGACACGCAGGGCCAACTGATTCGACTCTGGTGGGCGGCCAACGCCTCCTACGGCGATGCCGACCTCGGCGACATGTACTACAAGGCCGGCGCCAACGCCACGCAGCCGATTCTCGAAAGCGTTCGCATCCAGCGCACCGACGCCAATGATCCGTACCTGTTCACACTGGCCAGCCGCTCCAGCGACGGCGGCCTGCTGCTGAGTCGCGCCACAATGGACCTGACCGTCGAGCCCGGCGCCGACGCCACGCTGGCGCTGGAGTCCGCCCAGGGCGTTTCGTCCGCGGTGCGGCTGGTCGCCTCGGCCATGCCCCGTCGCAATCTCGAATAGCCCGATCGCCTTGATGTGCATGCCACAACCCCTCCAGGCCCCGCCCTCCGCGGGGTCTTTTTTTACCGGGTAAAACGGCCTGTCCACCTGTAACGACTGCGCGATTTAGGGTGTACAGATATTTCTCCCGCCTTGAAAAAGCATTTCGATTTACTGGACCGTGTGCGGCGCTGAATCGTAGTTTTGACTTGGATGAACATGCGGGTCTGATCCATCTGCTGTTCGCCGGTTCGATGCCTTGCAACACACACGCACACACATGCACGCACACGGCACACACACACGAAAGGAACCCACCATGAAATGGTCTCACCTGGCCGTTCTGGCGGCAGCGCTGATCGCGGCGTTCGGCAGCGGCGCTGCGGCTGAGTCGTTGGAGCTCACCGGCACGCTCCGCGACTTCAAAGACTCGCACGGCGACATGGAATACTCACGCAAGAGCTTCGGCCTGCGCACCGGCATCGTCAAATCAACCCTCGGCGCCGACAAGAAGCCCGTCTTCAACACCCGCTACAACCGTGGCGACTATTCCTACGCCATGATCACCAGCAAAGACACCTTCGACCAGTGGTTCCGCAATGTCGACGGCGTCAACCAGTCCGTGCCCTACACCATCGTCCTCGAAGACACCGACAGCGACGGCATCTTCCGCTACCAGCGCTCCAAGCACAACAACAAAAGCTTCTTCCCGCTGGACGGTCAGCTCTACGGCAATCAGGGCCGCAGCCACAACTATCATTTCACCTACGAAATCCACACCAAGTTCACCTACTCCGACCCGGCCAGCCGCGACTACGAAATGAACTTCCAGTTCTCCGGCGACGATGACGTCTGGGTCTACGTCAACAACACGCTCGTGGTCGACCTCGGCGGCGTCCACTCCGAAGAGTTCGGCTCGGTCAACCTCGACAACCTCGCCGAGCAGCTCGGCCTCGAGCCCGGCAAGACCTACGACTTCGACTTCTTCTTCGCCGAACGCCACACCACCGAGTCCAACTTCACCCTCGAAACCACCATCCAGTTCCTCAGCCCGCTCTACGACTAAAGCCTCCCTATCCACCCACCCACGCAAAAAGCCGCGAGCCCCAACAGGCCCGCGGCTTTTTTCTTCTTCATACCAGCAGCCCACGGCGCGTCCCCTGTCGCCCTCTCCCCTTGCGGGAGAGGGTTGGGTGAGGGGTATTCACGCCAGCGAACATCAACTACCAATCCAGCCCAACCCGCCGCGCCACATCCACCGCCACCGCCTCGCCGTCTTTCAACACATCATCATTCATATAACGCACCACCCCAAATCCCTGAGACCGCAGATACGCCTCGCGTCGAGCATCCTCATCCGCCCGCCCAACGTGCGACTCGCCATCGACTTCAATGATCAGCCGATGCTCGAAGCACACGAAGTCAACCACGAAAGGTCCAATCGGAACCTGTCGTCTGAATTTGATCCCCCCGAGCCGCCGGTCGCGAAGTATCCACCACAACGCCCGCTCGGGCCCGGTCATGTCACGACGAAGACGCCGAGCGCGATCCCGCGGTGCTTTGGGTTCATCTGAGTTTGAAGCCCCCATCGCCCGGCCGCCCCCTCACCCTGCCCTCTCCCGCCAGGGGAGAGGGTAAGAAGAAAACAAAACCCCCCGCAGTCCAAGGCGCGTCCCCTGACGCCCTCTCCCCTTTCCGGGGGCGGGAGAGGGTTGGGTGAGGGGTGATTCGCGCCAGCGAATATTTCACTCAGTCGCCTGTTCAGCCTGCTCTTCGGCGGGCTCTTCAACCGGCGGCGCCGCGCGGGCCAACGCCAGCGCCTGATCGACCGGCACGCGCCACACGCGCGTCTTCTGGGCATACCACCCATCCATATCGACGGCGACGTACACGCTGACCAGTTCCTGTTTGCCCAGGGCGCTGGCCGGACGGATGATGTCGACCTGCGCGCTGAACCCGCGCACCTGAACCTGCGCCACCTCATAATGCGGCAGCCCGCTCTGACCTTCGCCGACGGTCTGCGCGCCGACCGGAAGCTGATCCAACACCTGCGCGTAGGTCTGCTTCGACGTGCCGGCCGGCAGGTCGACGACATATCCGTCGGCGGGGTTGTCCCGCACGATCAGATGCTTCAGCGCCACCGCTTCAACCTTGGCGACCGAGGCGCCATCCGGATCGTGGGCCGCCGGTGAATCGCCCTGCAGCGGCGGAATGTTCACGTACGGCGAGCCGCACGCGGTCAGCGACAACACGGCAAACACGAGAAAAAGACGAGCAAACATGACAGGGCTCCCGTTTGGGGGATAAACGAATCTCATCGTGCATTCTACACAATCGACGAAACTTCGCCGCATCGCCGCGGCCAGGCGACCGCATCGGCCCGCCAGCCGCCGGCATCGTCGACCACGTGATGTCGCAACGCCGGGTCAGCCGCCGTGCCGGGCTCGATGTCGATCTGCCAGAATCCCTGCCCGTGCGGGAAGTACGCCGACCGCATCAGCGGCGCCCCGGCGTTGATGATCGTCAGATTGTCCGCCTCGGTGTGTCGCCAGCACTGCGGTTCGTGGACGTGGCCATGCAGGTACAACACCTGCGCCGCGCAGCCGGCCATCGCCTCGGCCAGCGAGGCTGCATCGATCAGCGCGTGGCGTTTGGCTTCCGGGGCGCGACCCGGCGGCATGGCGATCGGGTAATGACACATCACGATCACCCGATCGGAGGCCGTCATCGGCTCGATGATCTCACCGAGGCGCATCAGCGCGATCGGGTCCAGGTGGCCGCGGTCGGTGATGAGGTTCGGCCGCGTCGCGTCCAGGCCGACCAGGTGCAGGTGATCACCAAGGCGGCGGTACAGCGGTTCGTGACGCACGGTGTCGACGTTCATCGCCTGCTCGAAGTAGCGCCGCCGCGTAGACGTGAAGGTGTACCGGTCATGATTACCCGGCACCAGCACCGTGTCATACCGGGCAAACAGCGGCCCGAGTTTCTCGACGACAAGTCGAAACTCGGCGCGCGTCG
CP050848.1_gap56	2140954	2142482	1528	CAGAATCGTCGCGATCGTCACACCCGAAATCGGGTTGTTCGACGAGCCGACCAGGCCCGCCATGTACGACGCCACCGCGGAAAATAAAAATCCCGCCACCAGCATCGCCCCCGCCATGAACGCCACCACACCCGCCGGCTCCTTCGGCAGCACGTGACTGAACACGAAATAAAGCGGCACCACCGACACGACGATCCCCGCGATCACCCAAGGCAGCGGCGCATCGCGCTCGGTCCGATCCGGCGCAGGCGCGTCCGCATCACGAGCCGCGCGAAACGCATCGAGCCCCGACCGCACGCCCTCGACCAGACTCGGCATCAACCGGATCAGCGCCCACAACCCACCGACGACCATCGCCCCCACGCCGATGTATCGTGTCTGTGTTGACCAAAGCGACCACGCAAAATCAGCCGCCCCCGCGGAAGCTGCATCAGCCGCCGGCGTCTGGGTCGCAAGGATCGGTATCGCGATGTACCAGTTGATCGCCCCACCCAGAAAGATCAGCACGGCGATGTTCAGCCCGACGATGTAGCCCACGCCGATCAGCGCCGGCGCGAGGCTGATCCCCGCATAGCCGACCGATGATCCGATCCGCCCGGCGACCTCGGCATTGCCGGCAAACAGTCGCAGGCCCGACTCGCAGACCTTGAACACCGCGCCGATCGCCGACCCGACCACCAGCGGTTTGACTGATGCCCCCTCCGCGCCACCTCTCCCTCTGGGAGAGGTCGGCCCGTCAGGGCCGGGTGAGGGTGCGCCGGTGGTAGACGACGCTCGATGCGAAACCAGGTTCGACTGCTCAGCGCCCTCACCCCAGCCCTCTCCCACAGGGAGAGGGGGTTCTTTCGCCCCGCTGGAATGATCGCCGACCTTCAATACCTCCGCCGTCGCCACGCCCTCGGGGAACTTCAGCTTCGCCGCCACCACCAGCGCGCGCCGCAGCGGCACGGTGAACATCACACCGATCAACCCGCCCAGCGCCGCGATCAGCGTCGTGGTCCAGTAGTCAAAATGATCCCACGCTCCGAGGATCAGCAGCGACGGAATCGTGAAGATCACCCCGGCGGCCAGCGACTCGCCTGCGCTGGCGGCGGTCTGCACGGCATTGTTCTGCAGAATGTTTCCACGGCGCAGCGCCTTGAACACACCCATCGAAATCACCGCCGCCGGAATCGACGCCGCCACAGTCATGCCCGCCTTCAAGCCGAGGTAAACATTCGCCGCCCCCAGCAGCATCGCCAGCCCCACGCCCAGCAGCAGAGTCAGCGGGGTGATTTCAGGCAAGCTCGTCGCGGCCGGGATGTGCGGTTCTGAAGACCTGAGTTGCGAATCAGCCATAGCCCCATGATACCCCGACTAGCCCGGCACGTAGAATCGGTCGATGGATTGGTTACCGCAACTGCAACTGATCGGGCAGGTCGTCGCGGCGGGTGTGCTCGGCGGCCTGGTCGGCGCCGAGCGCGAATGGTCGAAAAAACCCGCCGGCCTGCGCACGCACATGCTCGTCGCCGCCGGGGCATGTTTATTC
CP050848.1_gap57	2182647	2186567	3920	CGCCTGGAATCAGCCGCCGGAGTAGTTCATCAATTCGGCCACTTGCCGTCGACGATCGGGCGGAGCGTGAGCTTTGACGGGTCGACGACCACGTGGCGCACGCGCTGACGTTTCCAGGTGTAGGTGATGTGTATGAGCCCGTCGTCGGACTGGATCACGGCTGGGTATGAATACTCCCCGCGTTCATCTTCGAGTACGAGACCAGCCTGCCACTGCTCGCCATCTTCGCTGACGGCGAGGTTCAACGGCGAGCGGCCTTTGGTCGTGTGGTTGTAGATCAACACGAAGCGACCATCGCGCAATGTCACCGCGTCAAGTCCGCTGTTGTTGTTCGGCAGGTTGGTGGCGGTTAACCCACTCCATGTGACACCGCCATCTGTGGATTGGATCTGAGCGATTTTGCGTTCCTGCGTACGGCAAAGCGCCTGCAATCGGCCATCGGGGTGGATGAGGATCGTCGGTTGAATGGCATTGAACTGCCCCTTGAGCCCACCATGCATACCTGTCCGCGTCCATGTACGACCCCAGTCGGCAGTGCGCTCGAAATACACGCGCCACCCGTTGTTTTCATCGCTCGTTGGACAGATCAGTTGATCGCCGGCGAGAATCGGCTTGTTCTTGATCGGGCCGTAGATCCCTTCGGGCAGGCGGTGCGGCCACGACCAGGTCTTTCCGCCATCATCGCTGGTCGTCAGCATGCCCCACCACGCGCGCGGGTCGGGTCCCACCTTGTAAAACAGCAGCAACTTGCCGCCCGGCTGTTGAAACAGCACCGGATTCCAACACGGGTGGCGGACCACTTTGCCCTCGGCATCGGTGTACTGCACACCATCGGCCACCTTCATCGGCTCGGTCCACTGCCCGTCCACGTGCCGCGACACGTAGATGCACACATCAGGATTCTTCTCACGCGTGCCGCCAAACCATGCCGCCACCAATCCGCTGGGTGTTTGCACGATCGTCGACGCATGACACTGGGCAAACGGCGCCTGCTCATAGATGAACTCGCGCGTCACAACCGCCCCCGAATCAGCTCGCCCTATCGAGGTCAACATCACAACGCCCCCCACCACCGCCAGACAGATTTTCCCTGTCGTCAACATATTGACCTCCATAGCTGCTCGCCTTACCCGAAAATTGCTGACCTGCTCATCAGCACCTGTCGGATTGATCCGCCGCATGACGCCTCGTACGATGGCTCAACGCAGCACAGACAGATTAACTTTCATTTATCTCCAAAACAAAAGGTGACACCGATGATCCAACGTATCGCACTGTTGACTTTCGCACTCGCGGGCCTGCTGACGCTGACCGGCTGTCAGGACAAAATGATGACCTGCGATGCGTGTTGCGAGTTTGACACGCTCGTGGCCGTGATGCATCCGACCCAGGGCAACTCCGCGCACGGCATCGTCACATTCCAGTCCGTCGACGACGGCGTCAAGGTCGTCGCCGACATCCAGGGCCTGTCGCCCAACTCCAAGCACGGGTTCCACATCCACGAATACGGCGACTGCTCCAGCCCCGATGGCAAGTCCGCCGGCGGCCACTACAACCCCGAAGGCCACGACCACGCCCTGCCCAACGGACACATGCGCCACGCTGGCGACCTCGGCAACCTCACCGCCGACGCCAACGGCAACGCCCACTACGAATACACCGCCCACAACATCAGTCTCTGCGGCATGACCAACCCGATCCTCGGCCGCGGCGTGATCATCCACGCCAAGCCCGACGACGGCGGCCAGCCCACCGGCAACGCCGGCGCCCGCATCGCCTGCGGCGTCATCGGCATCGCCAAACCCGGCATGTGATCCGATCACCCCATCCGCCCCACCAAACGCCGCGGCCGCCCGCGGCGTTTTTTCATGCTCCAATCTGCAGATAAATGATCCGCCGTTCACATTGACCCGGCCTCCAGACCGCGTAAAATATGCCCCATCGGCTCAGCCGACCCGCCCCCTTCGTCTAGTGGCCCAGGACACCGCGTTCTCATCGCGGTAACAGGGGTTCGACTCCCCTAGGGGGTACTTTCTCATCAGTACCAGGCGGCAAATCACCGTTTTCAGGGGTAAAATCAACGTTTTCTTCTTCGTCGTGCTGCTTGTTACCGCTTGGTAGCGCCCCATTGCGCCCCATATTTTGCCCCATCGGCTCAGCCTTCGGGGCCAGCCCTGCCGCTTTATCCATCAGTTCCTCGCTCGCCAACAGATCGTGATTCGGCGCTATACAAGTCACTTTTCTGAATCCGGATAAGAGCCAGAAAGTCGCACTCAATTTGGAGCAAAAACGGGGAGAAGCCGATTCATGAGTCGATTGCTTTTGGGGACCGCTCACGGGATGGCGTCAGGTGTGGATAGGCCATGCTTAGCCACAGGGCAACGGTGACCAATGCCAGCAAGGTCGCGATGGGACGCGCCACCAGTCCCCAGGCGTGTCCGTCTGCGGTGTTGAGCGATTGGATGAACCGCTCTTCCAGCGGGCCGCCGAGGATCAATCCAAGGACGACCGGCCCCAGTGGAACGCTCCATCGGTCCAGGAAGAATCCGAGCAGCCCCATCGCGAGCATGACGCCGATGTCGAAGCTGCTGCCGCTGACGGCATACGCCCCAAGCGTGCAGAACAACACGATCGCCGGCATCAGCACCTTGTGAGGAATGCGCACGAGAAAACCACCGAGACGGATGGCCGCCAGCCCGACAGGGATCAACACCAGGTTGGCCATGAGAAACAGCCAGAAAATGCTGTAGGCCAGGGGCGCCTGCGCGGTGAAGATCTCCGGTCCGGGTTTGACGTTTTTCATCAGCAGCACGCCGATGACAATGGCGGTGATCGAGTCGCCGGGGATGCCGAACACCAGGGCCGGCACCCATGCGGCGGCCAGTGCGGAGGAATTTGCTGTGGTTGCGTCGGCAGCGCCTTCAAGACGGGTTGCATCATCGTCGTGTGCAATCGCGGCCTGCTTGCGGCGGGAGATTCCCAGTGACACCCACGCAGCGATATCCGCGCCAGCGCCGGGAAGCATGCCGACCAGCGCGCCGGTCAGGCTGGATCGCAGGGTGATCAGACGACGTCGCCAGGCCGCTGGCAACACCTGTTGAAACAGATCACGCAGCAGAGTCATGCGCGGATGCGTTGTCGCCCGGTGCGACGGGTCGTTACCCGACGCCACGTTGCGCAACACTTCGGAGAGTCCGAACAACCCGATCATCGCGGGGATGAAATTGATACCCTGGCCAAGCTCCGGCTGGCCAAAGGTAAATCTCGCCTGGGTATGCACCGCGCTGAGCCCGACCGTCGACAGTAGAAGACCTATGAACAGCCCGCAAGCGGCACTGGCTTTGGATCCGCGTGAGGCGATCACGGCACAACTGAGCCCCAGCAGATACAGCCAGAAATATTCAATGACACTGAATTGTTCAGCCAGGCGTGCCAACTGGGGTGCGAACAACATCAGCAGAAGCGCGCCAAGAATGCCTCCGATCACGCTCATACCCAGGCAAGTGCTCAACGCCAGCCCTGCCTTGCCGCGCTGTGTCAGGGTGTGCACGTCCTGGGAATAGGCGGCGCTGGACGGTGTGCCGGGGATACGCAGCAGCGCGTTGGGAATGTCGCCGGCGAAGATCGCGCAGGCCTCGAGCGTCACGATGGCGGCGATGGCGTGCAGCGGACTCAGGAAATAAGTCGTCGGCACAATCAGTGCGACAGCCATCGTCGCCGTCAGGCCTGGCACCGCGCCCATGAACACGCCATACACCGCTGAAATCAAGACCACCAGCCAGATCGTCGGATCAGCCAATTGCTCAGCAGCGGTGATCATCGCGTCAAACATGTGCTCAGCCCAACCATCCGTAAGGCAGCGGCACACGCAACACCGTTGCGAACACCACAAATGTCACTCCCGCGAGAATCACTCCCGC
CP050848.1_gap58	2326030	2327029	999	GACCGGCGAGCACAACTTCGGCCACATCGACCTGCAACATCTCAACAACCAGCCCGCGCTGACCGCCTGGGGCCAGGGCGATGATTGCGTATTGCCTGCCGGCGCATCGCGCACCAGCGATCTGCTTTTCGTCAGCACACACCCATCGCCGCTGTCGGAGATGGAGCGCTTCGCTGATCTGGCCGGCCGGATCAATCACGCCCGCATCTGGCCGCCGCGCATCGCGTGGTGCTCCTGGTACGCCGGGTGGATGCGCAAAACGATGGCGACCTACAAAGACGGCCTGGAAAAAGGCGTTGAGCAGAACATCGCCTCGATCAACAAATACTTCGCCAGTCGCGGCGCCCGGACGATGCGCATCTGCGATGACTTCATCGACTACGGCGACTGGTCCAACAACACCAAAACAATCCCCGGCGGGTTCGACCGCCTGGCGAAGAAGATCGATCAGGCCGGTCTGACCCCGGGCGTCTGGTACGCGCCCTACTGGGCCGAGGCCGAGTCGCGCGTGCTCAAGGAACATCCCGACTGGTTTGCGCGAAATCGAAAAGGCGACATCTGGTACGAGACCGGCTGGCAACCCAACTCGCGTGATACGACCCGCTTCGCGGTCTTCGACACGACCCACCCGCAGGTGGTCGATTATTTCGAACAGACCGCGCGGCAGTGGCGGCAGCGCGGGTTCCGCTACGTCAGCACAGACTTTCTGAACTGGTCGTTGCAGCCGGATCGTTTTCACGACCCGACCATGACCCGAGCCGAAATGCTCCGCGCGGGCATGGCGGCGATCCGGCGCGGCCTGGGGCCGGACGTGTTTTACCGCCCGATCAATAATCCGCTCGGCGTGGCGATGGGCATCGCCAACGACACACGCATCAGCGGCGATTCGCATGGCGACAACCCGACCGCCTACTTCCGCACCGCCGAAGTCTGGTTCTACAACCGGCGCGTCTGGCTGAACGATCCCTCGGCGATCGTGTGCGCCCGCTACGGCAAGCT
CP050848.1_gap59	2328105	2329289	1184	GAGGCGGACGCCCTCAGTCAACTTCAGATCACCGAAAGCCTTGTCGAGCTGCTTGAGGTTTTCAACGCTCTTGCCCTGCACGTCGAGAATGATCACGCCGGGGCGAAGGCCCTGCTGGGCAGCCACGGAGCCGCCGCGTACGTCGCCGATCACGACGCCGGGTGTGAACTCGAGTTCGAGCTTGTCGGCAATCTCCTTGGTGAAGGTTTCGACCTTCTCGATGCCGAACTTGCGGAGCGTTTCGGCGACGTTGTTGTCGAGCTCGCCGCCGCCCTGGCTGTCGGGCTGATCACCGCCACCGGCGCGGCTGGCGATCATCGGGTTCTTCGGCTGCTCGACGAGCGTGACCTCGAAGTTTTTCGTGTCGCCGTTGCGGAAGACCTTGATGGTGATCGTCTGGCCGGGCGCGAAGGCGGCCACGACGCGGCGAAGCTGCGAGGCGTTGGTCACGGGCTGGCCTTCGATCTCGGTGATGATGTCGCCGGCCTTCATGCCTGCCTTGGCGGCGGGAGAATGCTTGTCGACCATGTCGTCGACGAGCACGCCGCGGCCCTTGAAGCCGAAGCTCTTGGCCAGCTTCGGATCCATCTCGCTGATCCACACGCCGAGATACCCGCGGCTGACCTTGCCCTTGTCGATGATCTGATCGGCGATCTGGCGGATCATGTCAGCGGGGATGGCGAAGCCGATGCCGTTGTAGGCGCCGGTGCGGGTGGCGATGGCGGTGTTCATGCCGACGACCTGACCGTAGATGTTGGTCAGCGGGCCCCCGGAGTTGCCGGGGTTGATCGCGGCGTCGGTCTGGATGAAGTTTTCGTAGCCCATGTTGCCGAGGATGCCGAGGCGGCGGCCGGAGCCGGAGACAATGCCCTGGCTCATCGAGAACTCAAACTGAAACGGCGAGCCGAAGGCGAAGACCATCTCGCCCTGTTCGACGGGAGCATTGGCCAGATCGGCGGGATGAAGATGATCGGTTTCGACTTCGAGCACGGCGATGTCGGTCTGCGGATCGGTGCCGACGACAGTCGCCTTGCGGGTGGACTTGTCGAAGAACTTGACGGTGATTTCATCGGCGTCTTTGACGACGTGATTGTTGGTCACGATGTAGTTCTTGCCGCCGTGGCCGTAGACCCAGCCGGAGCCGTTGCCGATCTGCTGGGGGACGTTGTACTCGTCGTACTTGT
CP050848.1_gap60	2330711	2333970	3259	GATACAACCCGGCGAACACCCATCGCAGAATCGGCCAGGTCATCGGCGCGGCCAACCATCGCAACCCCGCTGCGCGATAGGCATGTACAAACACGTCGACGCCGCGGACGACCGTACCGTCGGGCAGCACGCCATGCATGAAGCCTTCGACTTCAGACTGTGTCAATCCGTAGCGGCCGGGGTCGAATCCGTCGCCGGTGATGTCTTCGAAAGCGATCCGGCCTTCGCGATCGCGCCGGCGCAGCATCGCGATCTCCCGGCTGCACAGCGGGCACTGTCCGTCATACAGGAGTTTGATCTGCCAGGTCGGCGTCATCGTTGATTGTGATGCACGCCCGCGGTGATGTGTTACTCAGACGCTTTGACCTGCCGCAGGATGATCCAGTCCTTGCGGGGCTTGTGCCAGACGAAAAGTTGCTTGAAACGCGCCGCGGCATCGGGGCGTTTTTCCACGTAATCGGCCCATTGCGGCGCGCCGGCGAAGATGATCAGGTCGTGATCGGCCGGCACGTCGGTCCAGTTCATCGGGTCGTCGATGCGAGGCACGTACGTGTTGCGGTAGAAGCTCAACGTGGAGTCCGCGAGGCCGAGATATCCGATGTATGCCCGGCAGTCGGTGGTCATGTCGTCGAGTTGTTTGAACAGAAGCCGATCGCTGGTCGGCGCGAGGATGCCGTCTTCGATCTGCAGCAGGCTCCACGACCAGATCACGCAGAGCCCCGCGGTCGCCAGCGTGATCGCCGCTGCTCTTCGTGATGCCTGTCGCCACCACACGGCCGCGATCCACATCACAATCGGCGCCACGACCAGCGGCGCCACCCACATCGGCAGCCGCTGGGCCGCCTCCGGGTACAGTCGCAGGCGATCGACCAGCGACGGCGTCGTCACAAAGATCATTACGCCGATCCACCCGCAGGTGACGGCGATCGCCATCGTCATCATCGAATCCGGCAGGCGCGGCCGGCTCGCCGGTTCAGCGGTTTTGATCGCGGCATGATTCAGCGGCACGTCGAGCCAGTCGCGTAGATTCGCCGCCGCCATGATCGCCAACGGAGCCGCCAGCGGCAGCACGTACGTCGGCATCTTCCCAGCGATCGCGCTGAGGATCACCAGCGGTACGACCACAGCCACCATCATGTACGCCGGCGCCGCACCTTGGCGAAGCTGCGCTTTGACATCCGCCCAGCGATACTGCGCCCACGGCAGTTTCAACCAGGCGGTCGCCGGAAACATCCCCACCAGCACGATCGGCAGATAGAAATACCACGGCTCCGGCGCGTGATCCGACCCCGTGGTGATGCGGCCGATGATCTGCTGCTGCCACACCGCCCACGCTTCGGGGTGCATCCACGCCACCGCCAGCGCCCACGCCGCCACCGGCGCGATCGTCAACGGAACACCCCACCACAATCCCATGCGCTTCAACAGGTCCGCCCGCCCCGAGACCAGCAGATACACCACCACCACCGCCAGCGGGATCAATCCGATCGGCCCCTTGGCAAACACCGCCAGCGCCGTCGCCAGGTAGAACATCACGCACCACCTGCGGTGAATCCCTCTTGCTCCTCTCCCCTCCAGGGGAGAGACTGGGTGAGGGGTGGAACCCGGAACATCACCGGCTTGTTGAGCGCGGTCGGGCGATTGAGCGGTTTGACCCTCACCCTGGCCCTCTCCCTGAAAGGGAGAGGGAGCGTCGATCATCAGGTAGCCGGCGAAGATGGCGGCGGTCCAGAACAGGCTCAGCGTCGGGTCGATGATCGCCAGGCGTCCGACCAGCAGCGTGATCGGCATCGTGCCCAGCAGCGCCGCGGCGATCAGGCCTGTCATGCGATCGCGACAGCGTGCGGCGAACCAGAAGGTCAACGCGATCATGCCGATTGTCGCCAGGGCCGAGGGCAGACGAGCCGCCAGTTCATTGTGGCCCAGCAGCGCCATCGCGGTGCTTTGCAGCCAGTAAATCAGAGGCGGCTTCTGCAGGCGCGGCTCTTCGTCGAAGCGCGGCACGAGGTAGTCGCCGCTTTCGAGCATGACCTGACTGGCCCGGGCGTAGCGCCCCTCGTCCGGCGGCATCAGCGGATGATCCCCGAGACCGGCCACGACGTTGAACATCGCCCACAACACCACAAGCGCCGTGATCACGTACACGGCGCGCCAGGTTCGCGGTGTGGTGGTATCGACTGCCATCATGCAACGCACGATTGTAAAAACAGCAAGGGTGTCGACGGCAAAATATGCAGGTTCAGCGTTCGACGCTGCTGTAGACGCGGCGGGCGGGATCGGTCAGATCGAATTCGTGGTCCAGACCGTGCTCCATCATCAGCTTGCCCGCCTCGGCGGTGTTCGGAACGATCACGAAAATACGGACCGACTCGGCGACCAGCGCATCGATCTGCTCGAGGCTTGCGGGGCGGATCACGCGACCGGCGTAAAACAAAAACGCCTCATCCGGCGGCGCATCCTGCGCGTTGTGCTGCAGGTAGACGACCAGGTGATCGCCGGCCATGGCGGTCAGATGCTCGGCGTGTTCACGATGCAGGTTCTGGTTGTGATGCGAACGCGAGTAGGCGGCCATGCCGAGCGTGGTGGCGATGAGCATCCAGGCGACGGTGGCGTACATCGCCAGGCGCGGCCGCCACTTGTAGTGCCACCGCGCGCCCAGCAGCACGATCAGCAACAGCGCCAGGCCCAACCCGCCGCAAAGCGGCAGCGTCGCGCCGGGCAGTTCGATGTGATCGATGTAGCCGGCCTCGAGCAGCTCCGGCTGAAAAGCCACGAACAGCGGGCCCGCGATCGATGCGATCGCCATCAGTATCCAGTGCGGCACGCGCAGCAGGTTCACACCGGGGTCGACCTGCCGCTGGGTCGCCAGGTGGGCGTGATACGACCAGAGCTGCCCGACCATGAGCCCCGCGGCCGGCAGCAGCGGCACGAGGTATCGCGGGTGGCGGGCGGCCGGTATCGAGAATGCGATGAAGATCAGAATGAACCAGAACCACGCGATCAGCAATTGACGCCGCCGCTCGTGTTCGGCACGGATGAACGGTTGACACAACGCCCCCATCAGCCAGATCTGCCACGGCGAAAGCATCATCAGCACGCGGCCGTGCGACCACGTCAGCAGAAACAGGGCTTCGGGCTTGCCGACCTGTCCGAAAAGCTGGCGCGTCGCCTCGGGCACCTGGTCCGACACGTACAGGTACCACGGGGCCGAGGCGATGAGCCCGAGGATGATCGCGAAGATCAGACCGATCGTGTTGCC
CP050848.1_gap61	2387508	2388814	1306	GGGCGGCCTCGGCGGTGTTGGCGTTGAAGTCGATCAGGCCCTCGGGGCTGAACACGTTGACCGTGTCCTTGAACATGATGATGTTGAAGCGGTCGCCGGGGTTCAGTCCGTCCAGCGCATTGGCCACACCCTTGCGGACGGCGTCGACCCAGTTCTGGCGGATGGAGCCGGACGTGTCGATGACCCAGACGACGTCTTTACCCAGGGCCTTGAGCTTGCGAAGCGATCGCTTGGGTGTGATCTTGACTTCGAAGTACCCGGGCTCGGGGCCGAGCTCTTCGCCGCCGATGCCGAAGATACCGCCGGTGCGGCGCGGCGGGGCGACGTACTTGGTCAGCGAGTAGTCGAAATCTTCATCGAGATGGATCGGGTCCGGCTTTTTGACATCGCCGGTCTTGGGCATCGGCTCGATGAGTTCTTTGGGCAGGTCCGGCAGCTTCGGCGGCAGCTTGGCGACGGTCGTCGGCTCCGACTGCTTCGTCATCGGCGGTTTCTTCGGCGCGGGCATGTCCATCACGGGCTTTTCAGCATCCGCGACGGTGGCGCTTTTACCACCACCGCCGGGCTTGCCATTTCCGGAACCGGTTCCGGGAGCGCCTGAGCCGAGGCCGACACCCGTGCCGCCGCCGGTCGATCCGCCGAGCATGCTGTCGAGGCGGCGAAGCTGCGTCAGGTCGATCGCCGCGCCGGGGTCGATGGCCTGACCCGGCGGGTTGGCTTCGCGCTTGTCCGTCGGACCGACATATTCCGGCAGCGACACCGCCGGCTGTGCGAGGTTCAACAGTTTCTTGGTCGTGTCCGGCGTGCGGGCGGGACCGGGCTGCGGCATGGCCCCCTTCGGCGCGGGCGCTTCGACACGCAGATCACCGCCGCCTTCGAGCTTCTCCTGGGCCAGGTCTTTCGGGTCCAGCGCCGGGGACTTTTCAGCATCGGCGAGCATCTTCTCGGTCTGCTCGCGGAGTTTTTCCGCTTCGTCTTCGGGCTTGAGGGTCTGAATCGTCGGCGTGGTGGGGGTGTCTTCGATGATGGCGTCTTCGGTCGCCCGGTAGACGCGCACCGACTGAAGGCGTTTTTCATCCGGCGTCTGGGCAAACAGCCGCGACTGCGGTGTCAGCGCGATCGGCAGATTCATCACCTGGTACAGCACCACCGCATGAACAAGCACGCTCAGCAGTGCGGCCATTCCCATGAAGATGCGCTGTCGAAGGTTCACGGCGTTTCCCCTAGCTGAATCAGCCGATCGCGGGCATACGCGGCCGCGGGTGAATCCGCAGCGTCCTTGAGTATCTTACGCAGCAGGAAAAGC
CP050848.1_gap62	2441199	2444041	2842	CGCCACGTGGACCTGCTGCTGATCGACGATATCCACTTCCTGACCAACCGCGAACGCACCCAGGAAGAGTTCTTCCATACCTTCAACACGCTGTATCAGTCCAACAAGCAGATCGTGCTCAGCTCCGACTCGCCGCCCAACGAGATTCCGCAGCTTGAAGATCGGTTGGTGTCACGCTTTAACTGGGGCCTGGTCGCCCGGATCGATCCGCCGTGCTACGAGACGCGCGTCGCCATCATCAAGACCAAGGCCCGCCTGCGCGGCATCTATCTCACCGATGATGTGGTCTGCTACATCGCGGAGAAAATCGACTCGAATATCCGCGAGCTCGAAGGCGCCATCACCAAGGTGCAGTCGCTGGCGATGTTGCGCGGCATCGAGCCGGAGTTGACCCTCGCGCGTGAGGCGCTGGGCGAAGATCTTTCAGAAACCACCAGCCCCAAGCTGACGATTCAGAACATCATCGACACCGTGACGCAGTTCTACGGCGTGAAGCTGCTGGACTTACAGTCCAAACGCCGCCATCGCTCGATCACCGTGCCGCGCCAGGTCTGCATGTACCTCGCCCGCAAGCGCACGCGCTTTTCGCTGGAAGAAATCGGCGGGTACTTCGGCGGCCGGGACCACACCACCGTCATGCACGCGATCAAAACCACCGAAGACCGCATGTCGCTGGAGCCCGACTTCCACCGCCAGATCGAATCCCTCGACCGCAAGCTGACCACGCCGAGCGGTTGACAACCAGGGTCGCGTAGCGGCCCGGCTATTGTCACATGATCTATCCTCTAGCCGGGTCGCTACGCGCCCCTGGTCTTCACTTGTTCTTACGTCGCTTCGCCGCCTGCACGTCAGCGTCGCTAAACCACTTGGCGCCATGATGCTTCGGTAGGTACGTCAGCATCAGATAATCGAAGTGCTCACGATCGCGAACACGCTTGCGCGAGGGCGTGTCAGCAAACCAATTCCGTCGCTCGACCTGCTCGTTTAAGCGACGCGACATGGCCGAGCGAATGCTCGCGCGCATTGATTTCCAGTCACGCTCGTGATCCCAACTCACAAGTACATGCACATGAGTCGGTTCCGTCGCCACGGCATGAACTGTTGCTTCGAGATGATCACCCGCTGCTCGCGCCGCATCAACCAACAGGCGTTGAATCGGTGCAGTGAATATCACGGCGGGCTCATCACGATGCCGGCGATACGAATGGGCAAGGTCATTGTTGGTCGGTTGAATGCCTTTGCCACGCTGTACAAACCCCCGCCGATGATCCGGCATCCAGGTGGCGCGCCCATGATAGGAATACATGTAGCACGGCATGTGAATATCGTAACAGGGAAGCCCAGGGTCGCGTAGCGACCCGGCTAGTGAATGATCATCAGGCGCAAGACAATAGCCGGGTCGCTACGCGGCCCTGGGCTTCACCCTGTCGCAAACGGTGTGGACAAGGTCGGGAGCAGGTGGCGGCGCGTGTTCGCGCAAGCGTGTCGATAACCGCACCGATCATGATTCAGTGACAGGCGCTGTCGACAACCTGCCGAGGCCCGAGCGCCCCCGACAGGCGCGCTGACAGATTTGCCCGAGTCGTGTCACGTGCGCAATCGGTTGTGGGGTCGAAAGGTAAACCGACCGGCCGCCGGCTGTCCACATACCGACAGGGCTTACTACTGGAGAAGAAGAGTTCTTTTTATATCAGGGGGCAGAAGCTTGCTGACGCAAGCAAGGCAACTTCCGGGGGTCTGGTCATCGTTCATCGGCTATACTGCATGACCAGCTTAATCGCTTTTGTGCGTGTCTGATAACACGGAGTGAATATGACCGATCCCAATACCCCGCCTTCGGATGCCCCCGACGCCGTCGAACTTGCCGCCAAGCTGCGCGAGGCGCACCAGCGCATGCTCGATCAGATCGGCAAGGTGATCGTCGGCCAGTCGGATGTGATCGACGAACTGCTGATCGCGCTGTTCTGCCAGGGCCACGCAGTGCTGGTCGGCGTGCCGGGGCTGGCCAAAACGCTGCTGGTGTCGACGATCGCGCGGACGCTTTCGCTGCAGTTTTCCCGTATCCAGTTCACCCCCGACCTCATGCCGTCGGACATCACCGGCACCGAGGTCATCGAAGAAAACAAATCGACCGGCCAGCGCGAGCTGCGCTTCGTCAAAGGCCCGGTCTTCGCCAACGTGTTGCTCGCTGACGAGATCAACCGCACGCCGCCCAAGACGCAGGCCGCGCTGCTGGAAGCGATGCAGGAACACCAGGTGACCGCCTCGGGCATCAAGCATCACCTGCCGCAACCGTTCTTCGTGCTCGCCACCCAGAACCCGATCGAGCAGGAGGGCACCTATCCGCTGCCCGAAGCGCAGCTCGACCGGTTCATGTTTCAGATCAAAGTCGGCTACCCGGCTGAGGAAGAAGAGCTCGACATCGTTCGACGTACGACGGCCCGGATCAAGGTGGATGTCGACTCGGTGCTCAACGCCGAGCAGGTCATGGAGATTCAGCGGATCGTCCGCGATGTGCCGGTGGCCGATCACGTGATTCGATATGCGTTGCGACTGGTGCGGGCGACGCGAATCCACGAAACCGGAACACGGCCCGAATTCGTCACGCGGTACCTTCAGTGGGGCGCCGGCCCGCGCGCCAGCCAGTACCTGATCCTCGGCGCCAAGGCCCGGGCGATTCTGGACGGTCGCAATCACGTGGAGCCGTCCGACATCAAGGCCGTGGCCCACCCCGTGCTGCGTCATCGCCTGATCCCGAACTTCAACGCCGAGGCCGACGGCGTCGATGCGGATCAGGTGATCGACCGTCTGCTGGAGTCGATCGACCCCGACACCACCGACA
CP050848.1_gap63	2445214	2448367	3153	CTTCATCTGCATTCTGGCCGAGTCCAACCGCGCTCCGTTTGACCTCGCCGAGGCCGAGCAGGAACTCATCGGCGGGTTTCACACCGAATACTCGTCGATGAAGTTCGCGATGTTCTTCCTCGGTGAATACATGCACATGGCCACGGCGTCGGCGTTTCTGACGCTGCTGTTCCTGGGCGGATGGCACCTGCCGTTCGTCGATTACCTGATCTGGGGCGGGGCCGAGCCGGCGAAGGTCAACCTGCTGGGCGTGCTGCTGAACCTCGGCGTGTTCATCGCGAAGGTGTTCACGCTGGTCGGACTGATGATGTGGGTTCGCTGGACGGTGCCGCGCTTCCGTTTCGATCAGCTCATGCGGCTGGCGTGGCGCGGGTTGATTCCGATCACGCTGGGCCTGCTGCTGATCACGGGCGTGATGGTCTATCTCGACCTGACCGGGTACCTGTGGCTGGGCAACGCGGCTCTCCTGGCGATCGTGATGGCGGTGCTGCCTTTCATCCCCAAGGGCGCCGACGTCAACCGCAAAGTCGGCCTGCGCGGCTCGCGATTCAGTCCCGCCACGGATTGACCCCATCGACATCATGCATAAAAAACCGCGCGCCCAGGCTCGCGGTTTTTTTGTCAGTCATATCCATCCCGCAAAACACCCGAACACCACACCCCGCATACCACACCGCACCGCATCACATCAAATCATCCGATTTCACCGTCGAAAAAGCTTTTATTAAGAACATATTTAACTTAAATATGTTCTGTGGGATAGGTGTAAAGCAACACGAGGCAGAACTCTTACTGATTTAGAACGCTTCGGCTGAACTGACAGAAATCACTCGCAGTACTGGCGGCCGCTACGCTACAGGGCTGTGATCAGTCCGAGGATCTGATGTCTGCGCATTATCCATAATGGATGGGTATGACATCCATTCCATTAAATGGTCGCGCGACAGATCACGGCCGATCAAAGCCTCGTGACCCTGTGGCCCTCCGCTCGACCGCCTCGCCCAGGCGGCCGAACACTTCAGCCCAGCCGGAGGCGACTGGGCCACAGACGATGACCCATACCTTTTCCAATGTTCGTATTGCGTGTTCGTATTACCTCAAGTCCGAAGAACGCATCGCAAAGAACATATTTAAGTTAAATATGTTCTTTGCGATGAGCCTTTTAGATGTTGAATCAAGAATGATGTATTGCGGCGTGTGAGCCCTATCGCGGAAGCGATTCGGCCATCAGATCATGATCCGGTCATCAGATTATGATTCTGATCGAAGGCCCGTGGCCCACCGGCCCAGGGGCGGGCGGCGACCACTTCAGCGCGGTCGGGGACAACTGGGCCATAGACTATGACCCTTTTCTGATGTTCACATTGCATTAATTTCAAAGACCATATTTAAGAGCCTCTAACATAACTTCATGGTTGCCGGTTGGTCGTGTCGATGTATGCTGTGGCACGCCCTGTCACCGTGGTCATGGAGGACCGTATCATGGCACGCCCGCTACTGGATGATGGATTGTGGCAACGGATTGCGCCGCTGTTGCCTCCGCACAAGGTTTCGGCGCGTGGCGGCCGGCCGTGGGCTGATGATCGGCGGGCGCTGGAGGGGATTTTGTTCGTGCTCAAAACCGGCATCGGATGGGAACATCTGCCGGCCCAGTTTGGTTGTTGCGGGATGACGTGTTGGCGACGACTACGTGACTGGAACGCGGCGGGCGTGTGGCAGAAGTTGCATCAGGTGTTGTTGGATGAGTTGCGTGGTGCGGACCTTCTGGACTGGTCGCGTGCGGTGGTCGACAGTTCGTCGGTGCGGGCTTTAAAGGGGGCTCGCAAATCGGCCCAAACGCGGTAGATCGTGGGCGAAACGGCAGTAAACATCATGTGTTGACCGACGCGCGTGGCACGCCGCTGGCGGTGTCGCTGACGGGTGCGAATCGTCATGACATCACGCAGTTGATGCCGCTGGTGTGTGCGATCCCGGCGGTGGGCGGCAAGGCGGGCGCGCCGCGTCGTCGGCCGACGATCGTGCAGGCGGATCGGGCGTATAGCAGTGATCGATATCGGGCGGAGTTGCGTGCGATGGGAATCAAGCCGCTGCTGTCGCGCCGTCACGATGTGCACGGCAGCGGGTTGGGCGTGCATCGTTGGGTGGTCGAGCGGACGATCAGTTGGCTGCACCAGGCCAAGCGGTTGCGTGTGCGTTGGGAGGTGCGTGACGACATGCACGAAGCGTTCCTGAAACTGCGTTGCGCCTTGATCTGTTGGTCCACGCTCAAACGCGGGTTAAGTTAGAGGCTCTAAGTTAAATATGTTCTTTGAAAATTGGGTTTTTCGGCGGTTCATTACGATCATGGATTGCGGGGTGTGAGGCCCATCGCGCAAGCAACTGGAGCATCAGATCATGGTGCTGATTGAAGACTGGTGGCTCAGCCGACTGGGGGGTGCGGGTGATCACTTAAGCACGGCCGGGCGGCTGGGTCGCACATATCGCACATCAACGCCCAAGCCTTCATTGATATTCGTATAACCAGCTGGTTTAACTGCTAGTCGACGCCAGTGACGACAGGCTGGACAGGGCGCTCTGCTGAGTCTGCAGGGTTGCGAGGGCGGATTCCATGGCGGCGAACTGGGCTTCGAGGCGGGCGCGTTTGAGGCCCAGCAGCTCGTTGAGCTGTTCGGCGCGGTCGTTGCCGAGTTCGATCTGCGTATCCAGCGAGTTGGACTTGTTGGTCAGCAGGCCGTCGACGGAATTGGTCAGATTCTCGGTCAGTTGCTTGAGTATCTTGCCGAAGCCGACGTTGACGAGCGTCTTTTCACTGGTCCCGGGAATGGTCACGCCGTCGGGCAGGTCGACGTCGGTTTCAGTCGTGCTGGAGGTCGAGGTGAACAGCTCGAGCACACCGGCGGGATCGTTGGCCAGCGCGGCATTGAATTTTTCGGTGTCGATCTCCAGGCGGGCGTCTTCACCGATTTTGATGCCGACCTGCGTGAGATACTTGTATTGGCCGCCCACGCCGTCGACCTTGCTGAGCACGATGTTGAACAGACGGCTGCGTGTCGTGGCGACGGTTGAATCGCCCAGCAGCAGGCCTTTGGTTTCGGTGTCCGAGTCGTATTTGTCGTACTTGTCCAGCGAATCGAGCACGGTGTTGAAAGCGTC
CP050848.1_gap64	2450695	2455264	4569	CTGCCGATCCAGCCACGCACCGATGACCGTGACGATATACGCCACCTGCTGCTCGTCGAGCGCCCGGCCCGCCGCGATGCGGTGCCATTCGGACAGACATTTGCGGCAGCAGGTGGCCGTGGCATGTTGAGCGACAAAGACCGGATGCCCCCGCCAGGGCGTCTGCCGCCCGTCGTTGGGCGGGTTCGCACCAGCCAGGCGCTCGAGCACAAACCGCCGGGCATGTTCGTCGATGACCTCGGCCCCATGTCGCCGCATGAGTTGCTGCTCGACAGGCCCCAGCGAAAACTTCCGCCGGAAGGCCGACCCCTGCAGCCGCCGCAGAATCCGTTCGATGTCCGCCTGATCAGCCATGACACCTGATCGTATGAACCGCAGAGGGCGCAGAGGTCGCGGAGAGAATATTTAGTTCTCTCTGCTCTGCGTCCTCAGCGTTCTCTGCGGTTTGTCTTTACTTCGGCCGCGGCAGTTTGGCGCCGGTGTCTTTGAGCATCTTGTCGAGTTTGGCGTTGAGCTGTTTGACCTTGTCGGGCATCTTCGCGGCCAGGTCATGTTCCTCGGAGATGTCGTCGGCGAGGTTGTACAGCTCGGTCTTGGCTGGGTCGTAGAAACGGATCAGCTTCCACGGGCCGTCGCGGATGATCGAATACGGATCGTGGCCCGGGCCGTGGCGGTAGTGGGGGAAGTGCCACAGCAGCGTGCGGTCGGGCAGCTTCTTGCCGCGCAAGGCGGGGGTCAGATCCACACCATCGATCGTGCGGCCGGACGGCAGGTCGACGCCCGCGGCGTGACAGACCGTCGGCATCAGGTCGATCGACATCGTCGGCTGATCACACACGCTGCCGGGCTCGGTCACGCCGGGCCAGCGGATGATCATCGGCACGCGGATGCCGCCTTCGTAGGCGTAACCCTTGCCGGATCGCAGCGGGGCGTTTTCGGTCGGATTGCCGTTGCGGTCGAGCCCGCCGTTGTCGGAGGTGAAGATCACGAGGGTGTTGTCCGCCAGGCCCAGGCGATCCAGCGCGTCGAGGATGTGGCCGGTCGAATCGTCGACGGACTCAACCAGCGCGGCATAGGTGGCGTTGTTCTGACCCTTGCCGTCCTTGAGCGCTTCGTACTTCTTGATCACATCGGGTTTGCCCATGATCGGCGTGTGCACCGCGTAGTGGGCCATGTACAGGAAGAACGGGCGGTCCTTGTTTTCGGTGATGAACTTCACCGCCTCGATCGACTCGCGATCGGTCAGAAACTCGTCTTCGGTCAGCGGCTGAATCGGCGGGTCAAATCCGTATCGCTTGTTCTTGTACGGCGCGTGATAGGTCGGCGGCTGGCCGAGGTCGCACCCGATGAAGTTGCCGTCAAAACCCTGGTGCTCGGGGTACTGCGGCTCGTCACCGAGGTGCCATTTGCCGATGTGCATGCTCGCGTAGCCGGCCGGCTTCAGCGCCTCGGGGATCGTCACTTCGTCGAGTTCCATCCAATACGGATTTGGCGGACAGGCCAGGTCGCGATTCTTGTTGACGACGTATTCGGTGGGGTTCTTGTCGGGGTGGTCGACTTTGCCGCGCTGGAACACCGCGCGGATCCAGTCGGTCACACCCACGCGCGCCGGGTAGCGACCGGTCATCACCGCCGCGCGCGTCGGGCTGCACACGGCACAGGCGGCGTAGTTGTTCGTGAAGCGCATCCCGTCGGCCGCGAGGCGATCGATCTGCGGTGTCTGGTAGAAGTCGCTGCCCTGGCACGACAGGTCTTTCCAGCCCATGTCGTCGACGAGAATCAGCACGACGTTCATCGGTCGCTTGGCCGCCTTGGGTTTGGACTCCGCGGCAAAGCCCGTGGCCATCATCATCACGACCGCCGCCAACCCGATCGCCGCCTGCACGCTGCGCATTTTCATCAGTAAGCCTCGTCAAAGAGTTTGCACGACCAATCTGGAACAATCGGCCGTGATTGTACCACACCAGTACACGACCCAACGTGACAGAACCCGCGATATTGCTGAAATATCCGCGTTTTTCCATTTTGGCACGGGCCTTGCAACATCTATTTTCAATCGTTCTGCGCCTTTTTTTCTCTCCTCCGCCCGCGTTGATCTTCCCCTCCTACTGAAGGTCAACGCGGGATTTTTTTTCATGGGTCGCACCGGTGCATCGAACCGTGCGATTGGGTCGTTGAACCCTCAGCCCGCGCCGCGGGGCGGGTCAGATCCAACCCTGGAGGCCCATGTCATGTCGTCATCGATCAGTCGTCGTATGTTGGTCAAAGCGGTTGCCGGAACTTCGATGTTGGGATTTCCGACGATCGTGCCTTCGAGCGTGTTCGGCCGGGACGCGCCGAGCAACACGCTGAACATTGCGGCGATCGGCACGGGCAGTCGGGCCTCGTCAAACATTCTCGGCAATCTCGCCAAGCGTCCGCCAGCCGGTGCGAAGCTGCGCGTGGCCTGCGACTGCTTCAAACACAAGCGGGATCGTTTCGCCGACGCGGTCAACCAGATTTACGGAAGCAACTACTGCCAGCCGATCGCTGATTTTCGAGAAGTGCTTCAGCGCGGCGACATCGACGGCGTGGCGATCAGCACGCAGGATCACTGGCATGTGCCGCTGGCCTACCACGCGGCGCTGGCGGGTAAGGACATGTACGTCGAAAAACCGCTGGGCACGGCAATGACATGGGCGTGGAAACTGCGCCGGGCGGTGGCTGATCACCACGTGATTTTTCAATACGGCACGCAGCAGCGCAGCGGCGGCGGATTCAAGCGGGCTGTCGAACTGGTGCGCAATGGATACATCGGAACGCTTCAGCGGATCGAGTGCTGGTGTCCGGACATGTCGACGCAGACGGGCCATGCGCATGTCAAATCCTACGGCTCGACAGCCCCGACCGAACCGCCGGCCGACATGAATTACGAGATGTGGATCGGGCCGGCGCCGATGAAGCCGTACACCGTCGATCGCTGCACCAACCTCGGCGGGTTTCACATTTACGATTACGCGCTCGGGTTCATCGCCGGCTGGGGGGCTCATCCGCTGGACATTGCGCAGTGGGGCATGGACGCCGACGCCACCGGGCCGATCGCCTACGAAGGCGTCGGGAAGATTCCGCCGGTCGGCTCGCTGTGGGACACCATCGAATCGTGGGATGTGACCTGTCGCTATGCCAACGGTGTACAGATGCGATTCATGGATCATCGCGCCGCCCGGCCGATTGTCGAGAAGATGTCGCGCCGGCCGTGGCGCGACCACGGGACGACGTTTTACGGCGACGAGGGTTGGGTCAGCGTCGACCGTGGCGGGTGTTACCTCAACCTCAAGGGCGAGCCCGTCAACGCCTACAAGTTCGAGTTGAAAGCCTCGGACTGGCGGGCCGGCGGCGGCAACAACCAGGTGCACAACTGGATCGACTGCATGCGCACGCGACAGGCGCCGATCAACCCGCTGGAATCCGCCATCCGCTCGGACACGATCAGCCATCTGTCGGACATCACCATCCGCACCGGCCGACCGCTGAAGTGGGATCCGGCACGCGAGGCGATTATCGATGATGCGGTGGCGTCGAAGATGCTCGACCGCCCGATGCGCGAGCCCTGGACGATGTGAACGGCTGCCCCGGGTCAACTCATCCGCGCACGCGATTGCGATATTCCACCGGCCAGCATCCGACTTCCCGGTGAAAGGCGCGACTGAACGAGGCGGCGGTGGCGAAACCGCATGCCTCGCTGATATGCCCGACGGTCGCGAGGGTTTCACCGAGCATCGTGCAGGCGTTCTGCATGCGGACGGCGGCGAGTTCTTCGTGTACCGATCGACCCAGTGCCTTGGCGAAGCGGCGATCAAGCGTGCGGCGGGAAACGCCGACGGCTTCGGCAACATGGTCGACGCTGATCGGCTCGCCGGCGCGGTCGCGGATGAACCGGGCGGCGGACTCGACGGCGGTGTCCTGCACGGCCAGCGCGGCCGTCGACCCGCGCAGCGTCACGCCGGTTGGGAGAATCTGACGCTGCGGCGTTTTGATCGTGAGTCGTCGCATCGCGCGGTCGAGCATGCCCGCCGCCTGCAAGCCGATGTGTTCCGCCGGCACGTTGATGCTCGACAGCGACGGCCAGGTGAGCTTCGAGACCAGGTCGTCATTGCCGATGCCGAGCACCGCCACGCGATCGGGCACGGCAAACTGCGACCAGTGGCAACCCGCCAGCACGCGCTCGCCGAGCTTGTCGTCAAACGTGAGTATGCCCACAGGCTTGGGCAGCGCGGTCAGCCAGTTGATCAGCGGCTTCATGCGCGATTCGCCTTCAGCGATGCGCTGTGAAAAAGCGCGTAGCTTGAACCCGTCGGCCGCCAGGTGTTCAGCGAAGTAAATCTGACGCTCGGTCGAAGCGCGTTTGCCGCGCACGCCGCAGTAGGCGAAATGTTTGAACCCGAGGCGGGTCAGCGACTCGGCGGCGAGGCGGCCGACTTCGTGATTATCCAGCGAGACCGACAGGGGCACGTCGACTTCGGAGATGGCGGTTTCAACCAGCGGCACGCGGAGTCGCGCCGCGGCGTCGACGAGGGCCTGATCGGCGAT
CP050848.1_gap65	2456514	2458525	2011	TGGGACGCGCCGACGACGGTCGTCATGTCATACCGCGGGTCGTGGCACGCCGCGGCGCAGCACTATCGGCAGTGGGTTGCATCGTGGCTGGATGTGATGGGCCGGCCCCAGTGGGCGCAGAACAGCACCGGCTGGCTGCTGGCGATCCTCAAGCAGCAGAACGGCGACCTGATGTGGGACTACAGCGCGCTGGATCGCCTGGCTGATCTCGCCGAGGCGCGCGGGCTCGACACGCTCGGGCTCTTCGGCTGGGCGCACGGCGGCCACGATCGAGAATATCCCGACTACATTCCCGACCCGAGCATGGGCGGCCCGCAGACGCTTCGTGAATCGATCGCTCGGGTCCGTCGGCGCGGTCTGCATGTGATCCTCTACGCCAACGGGCAGTTGATCGATTCAGCGACTGAGTTTTATCGTTTGCAGGGCACACAGACGATGGTCGCCGATCGCTATGGCAAGCCGCTGATTCAGATGTACAACAAGTTCAAATCCACTTCGACGCCGCTGTTCGTCACCGCCTGCACCGCCGCGCCGGCGTGGCGACAGCGCTTGATGAAGTTGGCGCAGCAGGCCCACGATCTCGGGGCCGACGGCATTCTGTACGACCAGCTCGGCGTGGTCGGTCCCAAGGAATGCTTCGAGAGTCGTCACGGTCACAGCACCCCCGCCGCGTCCGAAGACCGGTTTGACCTGATCCGCCAGATCGCCCGGCCGATGCACCAGCTCGATCCAAACTTCATCGTCATGACCGAAGGCGTCGTCGATGCCGAGCAGGCGGACATTCCGTACTTTCACGGTTGCGGCACCGGCTTCGGCTACTTCACCCCCTCGGCCGCGGCGACGCCGTTTCCCGAGCTGTTCCGTTACACGTTTCCGCAGGTCGTCGCGACCGAGCGTATCCCCAATCCGTTTTTGACCCGCAACTACGCCAACTTCGCCTGCATCTATGGTCTGCGTTTTGAGATCGAATCGCGCTACACCGGCGATGTGAAATACCTGACCAGCGATCAGGTTCCGACGCCGGCCGAGTACGCCGATTGCAATTCACCGCCGGATGTGCAACTGCTTCAGAAAGTGCCGCGTGACGAGTCGTCAGCCTACATGCGCCGCGTGGCGGAGTTCCGTCGTACGCACGGCGACCTGCTGCTGCGTGGGCGATTCATCGATCTCGACGGCGTGCATGTCGAAGCTGAGCAGGTCGTCGGTAAAGCGTTTGAATCCGATACGCAGATCGGCGTGCTGCTGTGGAACCCGACGGATCAGAATCAGTCGGCGAAAGTGACCGTTGATGGCGGTCGATACATCGCGGCCTTCGCGCCGGAAGCCGAAGGCCCGGTCGATGTGCATACGCCGATCGCTGCGGAGTCGATTCGACTGCTGATCTGGAACAAACCTTAACCCGTTGCCAGTGAAATCGCCCATGAAAAAACTGAACAAACAACCTGCCGCGCTGTCGCGAAACTACAAATGGGAATTGCTGGGGTTGTTGTGCCTGGCGTTTTTCTTCCACCAGGGCGATCGCGCGATCTACGGCGTGGTGCTGCCGCAGATCCGCGCCGAGCTTCAACTCACCGACGCGCAGCTCGGCTTCGTCGGCACGGTGTTGTTTTTCACGCTGGCGATTCTGATGCCGTTCGCGGGTTATCTCGGCGACATGCTCCGCAAAAAGTGGGTCATCACGGGCGCGATCCTGTTCTGGAGCAGTTCGACGATGTTTACCGGCCTCAGTCGCGGCGTGGTCAGTCTGACGATGCTGCGGAGCGTGGCGACGGCGGGGGGTGAATCCTTTTACGCGCCGGCGGCCTATGCACTGCTGGCGAAGTTTCATCGCGCGACGCGCGCCATCGCCATGTCGATCCACCAGGGGGCGTTGTACTTCGGCGTGATGGTCAGCGGTTTTCTCGGCGGGTATATCGCTGAACAGTGGGGCTGGCGGGCCACGTTCTATGTGTACGGCATCGCGGGCATCCTGCTCGGGTTCATCTTCATCTTCCGCCTCAAAGACGACGAA
CP050848.1_gap66	2464015	2466633	2618	CCCGTTCGTGAAAGGATTGGTGTGTTTTGATCGAAGCCGAACCCGTCTGGCCGATACGCGCGGAACTGGGTGAAGGGCCCATCTGGTGGGACGGGTCGCTGTACTGGATCGACATCAATGCGCCGGCGCTGCACATCTACACGCCGGCGACGCAGCAGCGGCGGAGCTTCGAGTTGGCTGAGAAGATCGGCACGGTCGTGCCGCGCGCCGACGGCAAGTTGATACTCGCGCAGGAGACCGGGCTGCACGTGTTTGACCCGGCGGCCGGGGCGGTGGTTGAAACATTACCCTGGCCGGCGGACTGCCCGATCGTCGAGCGGTTCAACGATGGCAAGTGCGATCCTCAGGGGCGATTCTGGGTTGGCACGATGGGGCGTGACAAGCCGATCGCAAGCCTGTATCGGGTCGAACCCGGCTGCCGCGTGACGGAGATGCTCACGGGCGTACGCATCTCCAACGGCCTTTGCTGGGACGAGCCGCGCGGCCGGTTCTACTTCATTGATTCACCGACGAAGACGCTGGACGTGTTCGACTGGGACCCGGCCACGGGCATGATCAGCAACCGGCGCGCGCTGTGGCGGTTGCCGGAGGGTGAAACCGGCGTGCCGGACGGCATGACCATCGACACCGAGGGGCGGTTGTGGGTCGCGATCTTCGACGGGTTCGGCGTGCACTGTATCGACCCGGACAGCGGGCAATCGCTGCAGAAAATCGCGGTCGGAGCGGCGAAGACGACGGCCTGCTGGTTCGGCGGCGAGGGTCTCGACGAGCTTTACATCACCACGGCGTCGATCCGCGAGGATGAAGCCTCGCTGAAGCGCCATCCGCACGCCGGAAGCCTGTTCATGTGCAGGCCTGGCGCGCGGGGGCTGGCGACGACGCCTTGTGCGATTTGAAAAAATTTTTCAGCTTGCATGTAAAACGAACGGCGGCTCGGGCTATTGGCTAGTGGAAGGATTGCGCCTGGCCTATGGCTGTTAACGAAGAACTCGTGGTGCGTGAACTGTGGCGGCAGCGGATTCGACTGCTGGCGTACATCGAGGTGATCGTACGCGATCGGGATCTGGCCGAGGACGTGTTTCAGGAAATCGGCGTGGCGGCGCTGACCAAGCGCGACCAGATCAACGACCGCGAGCACCTGGTCCGCTGGCTGGGGCAGGCAGCGCGTTATCACGGGTTGACGGCCGCTCGCAATCGATCGCGACACCATCGTCTTTTCGACAGCCGCGTGCTGGACCACATCGAAGCCATGTGGCAGCGCGACGAGCCGGCGGCGGCGGATGTCTCCGGCGCGGCGCTGGAAACCTGCCTGGGCCAACTCACCGGATACAACCGCAAGCTGATCGAGCTGCGTTACCGCCAGGGACTGACCGGCAGCGCGCTGGCCGAGGCGGCCGGTCGCAGTAAGAACACGGTATATGTGGCGCTGGCGCGTGTGCACAAAGCCCTGGCCGAGTGCGTCACACGCGAACTCCGCCGGGCCGACGGATCGGAGGGCGCGTCACGATGAATATCGACCGCGCCAAACCCCTCGACGGAACCGACTACGAAGCGGCGCTGCGGCTGTTGGACGATGAGCTGGATGCGACGCGCTTCGACGAACTCGACCGCCAGGCGTCAGAAGACCCGGCGAAGGCGGAACTGCTTTTCACGCTGGCGGCCCAGCGGTGGGCGATCTCGGAACTGCTGGCCCGATCGACCCGCCTCGATGAACTGACCCAAGTCGAAACCCAGGCGATCAGACACTACGACGGCAAGCGAGTTGTCGGGCGCGGTCTTCGCTGGGCGGCAGTGGTCGCCATCGCCGCATCACTGCTGGCTGTGTTGATGGTTGCGACGCGCGACCGCAATCCCGCCACCCCATTGCAGCAGTCGTCAGCGACGGCCGGGTCGATCGTCGCGCTGCACGGCACGGGCTCAACGCAAACTGGGCAAACGTTGATCGAAGGCATGGATGTGCCGACAGGCATGCTGCGCATCGACGCGGGCTTTGTGGATCTGATCACCAGTCGCGGTGTTCATCTGTCGCTGCGCGGTCCGGGTGTGTACGAGTTGACCGACGGTATGCGCGCCACGGTTCAAACCGGCGCCCTGGCGGCATCGGTGCCTGAGTATGCGACGGGGTTCACCGTGGCGGCGGGCAACATCCGCGTGGTCGACCTGGGCACCGAATTCAGTGTCGAGCGCGGCCCCGACGGGCGCGTTCGCGTGGATGTTTTCACCGGTCGTGTTCAGGCGACGGAGTTTGATCCCGCGGGCCGGGTGATGAATACACACCTGATTGCCGCGGCACATGCCCGCATTTTCAGCGGCGATGCTGAAACGGCATCGACCGAAGCGCCGGCGCGGAACCGCCCGCCGATCAAACCGCAGCCGCTGGTCGCCGGCGACCCGGGTCTCAGCGACGGCTCGCGCCCGACCGACACGATCGTGTTCAATCCCGCGGCGTTTTCGTCGTACAGCGACCAGGACGCGATGCATGATCAGCCCTCGCAGCTGCAAATGACCGATGGCGGGCAGACCGTCACGCTGATCGGCAATGCATGGAAGGCGCTGCCGCTCGAATACGACGTGACAGTAGACACGGTGCTTGAATTTGAATGTCGCATCACGCGGGC
CP050848.1_gap67	2562117	2565864	3747	TGACGACGGCGCTGCAGACGATTGCGGGCGGGATGGTGCCGGTGGCGCTGGTGACGCTGGGGGCGCAGTTGGTGACGCGGGCGCGCTGGCCGCGTTGGAAGCTGATCGTGCCGGTGATGTCATTGAAGCTGCTGATCATGCCGGCCGTGACGGCGGCGATCGTGTGGGCGCTGGGGCTGTGGCCCTGGCCCGGGGCGCAGTTGATACTCGCCAGCGCCGGGCCGACGGCGATCAACACCTTGCTGTTGACGATCGAACTCGACGGCGACGCGGAGACGGCCGCCGATTGCGTATTCTGGACGACGCTGTTCTGCGGCATCACGGTGACGGTCGTGCTCAGCGTGTTGCTGGCACTCGGTGGCGGGCCGGTGTAGGTCAACGCGGTGATTTGGGGTTCGCTCGTTGAGATAGAAGACGCGCTCGCCTTTGGCTCGCGGCTAAACGGGGGGTGTCAGGGTTCTCGGTAGAGGCCGAACGCGCTGATGGCGGGGCAGACCGGGCCCGAAACGCGCAGGCGGATGTGGTCGGCGGTGATGGGGGCGTCGCCGCGCCACAGGCGGCGATTGCCGATGGACTGGCCGGTGGCGAAGGTGGTCCACTGGCCGTTGACGAGATAGTCCACCGACCAGTTGTCGACGCGCTGGCCGAGCTGAATGTACTCGCGGATGTCGACGACGTTGAATGTCACCGCCCGCGGCAGCTTCACGATCAATTCGGCGCTGGTCGCTTCGTCGTCACAGGTCCAGTACGTGTCGCGATCGTCGTCCAGCACGTTGGCGGGCTCGTAGACGCTGGCGTTGCCGCGCGTGTTGGAGGCGGTGACGGTCGCGCCCGCGGCGAGGTTGGTCTTGAAGGTCGCATCGATGATGCGGCGGAACGCCTTGAGCGAAGCGACATCGTTTTCATGGATGCGCCCGCGCCGATCCGGCGGCAGGTTCAGCAGGAACGACGCCCCACGGCCGATCGACTTGTAGTACAGGTCGACGAGGTTTTCCGGGGAGCGAACCTTGTCGTCTTCCTTGGCGTGATAGAACCAGCCGGGTCGGATTGAGACGTCACACTCGCCGGGCACCCAATGCGTGCCGGGGCGGTCGCCGTGGTTGAGGCTTTGGCGGTCGGCGTGACCGGGGGCGGTGCCGTCGCGGTTGAATGTCGCCCAGCAGGGTTCGCCGGCGATGCCTTTTTCGTTGCCGATCCAGCGGATGTCCGGCCCGCCGTCGGAGAAGACCACCGCATCGGGTTGAAGCTCGCGGACGATCTTCAGCGTGTTGGGCCAGTCGTAATAAGTGAGGTTGTCGATCTTCCGTTTTTCGCGGGCGCCGCCGTAGTACCCATCGCCGCCGTTGGCGCCGTCCCACCACAGTTCGTAGATGTCGCCGTACTGCGTGAGCAGTTCGCGAAGCTGATTGCGGTAATACGTGATGTAAGCGGGCGTGCCGTACTCGGCGTGGTTACGATCCCACGGCGAAAGATACACGCCGAACTTGAGCCCCTGCTTGCGGCACTCTTTTTCAATCGCGCCGACGACGTCGCCTTTACCGTCCATCCACTTGCTGTTTTTAATCGAGTGCTCGGTGTACTGGCTGGGCCAGAGGCAGAACCCATCGTGGTGTTTGGCGGTGAGGATCAGTCCTTTCATGCCGGACATCTTCGCGGCGGAGACGATTTGCTCGGCGGAAAAATCGGTGGGGTTGAACACGTCCTCACCTTCGTCGCCGTAGCCCCACTCTTTATCCGTGAACGTGTTCACGGTGAAGTGCAGGAACCCGTAAAACTCGAGTTGATGCCACTTGAGCTGGCGTTCGCTGGGCGTCGGGCCGTACGCAGCCGGCGGGGGCACGATCAGCGAATTGCAGGCGGTCAACGACGACAGCAGGCAGACGGCAGCGATGAGGCGCTTCATGTTTTGGTTCCTCTTATGACGGATAAACAGCGTGCGGTCAGGTTAGATCGACGCTGCAGCCGACGCAAGCATTGCTCGGGGCATCACCGCAAAGGCACATGCGGCATGCCGCGCGGCCAGTCGAAGGGATAGCGATACAACGCGGCGGGATCGAATTGGTAAACCGGGTCGTAGCAGAAATCACACAGGCGGTAGCGCCGCTGACGATCGCGAAGCTGCGGGGCGGTCAGCGGCGGCTGGCGCAGGTCCAGCAGAATCAACTCGACGATGCGTCGCTGCTGCGCGTCGGCTGACCGCAGCGCCGATTCGAGATACGGCACAACCGTCGGCCCGAGTCGATACAACGCCGGGGCGGCGAGCAGGGCGTCGGAAACCAGGTCGTTGTCACGCAGGTGCGGCAGCAGAATGGCAGCGATCTCGTCGACATACGACGCGCGACCCGCCCAGCCGAGCAGACACGCCGCGAGAAACTGCTGCTGACCATCGTCGCTGTACAGGGCCTCGGCCAACAGCGGCTCGGCGAGGTGGATGTGGCCGATCAGATACTCGGTGCCGTTGCGGGCATTGAACGTGAAGCTCGAGCGCAACTCGTCGGCCTCGCGACCGCGCGGCACGTTGTCATCGCGCAGCCCTTCAACGACGACGCGCAGCATCGCCGGCGTCGGCTGAATCATCACCGGGTCGTCGCGCCACCCGTGACCGAGATTGATCAGAATGTCGGCGGCCATGTGGCGCTGCTGGTGATCATCGGCTTCGAGAGCGCCCTTGAGCGGACCGACCGCCGCCCGGCCCAGTGCGAGCAGGCTGTCGCAGGCGAGCCGGGCGTTGTCGTGATCGTCATCGCGGCGCAGCTCGCCGATCAGCGCATCGATTTGCTTCTGTATCGTCAGATCCACCGGGGCGGCAGGCTCGGCCCCAAGGCGCGCCAGCACCATCGGCACCGCCAGCAGCACCGCAAACCACACATTGATCCGACGTCGTCGCACTGGCGCCCTCCATGGCGCAACAAGGGTCATCAGGCCTCCAGGCCCGCACCAGTCATCATCGGCAGATTCGCCCTTTGCAGTCGAATAATGCGTTTCTGGGCCGATTCATATGGCTGTTCGTACGTTTGTGCAAAATTTGCAGTTTCGGGGCTGGACAACCGACGATAGATAAAATACGCATACGTACTAAATGCTGCCGGTCGGATTTCCAGGGAACTGGGTATTCCGGTATTCGGGTAGTCCGTTTGTGTGGGGCTCGACTGGGGTGGAGGGGATGAAACGATGATCAGTTTCGGGAGCGGTTGGGGTACATCCGCGGGATGTCGAATCATGGGGTGAGGCTACGCGCTGGCGGGGGCGCTAGGATGACAAACTTCACATTTGTCAGTTGATGGAGCGTGTCACATGATTCGAGTGGTGTTGCTGGTTGGGTTGTTGGCAGCAGGCGGGTTCGGCGGGTGGTCGCAAGCCCGCGCCGCGGACAAGCCGAATGTCGTGTTCATCGTCGCCGACGATCTCGGGCTCGAGTGCGTGCAGGCCTACGGCGGGCTCAGCTACAGAACGCCGAACCTCGACAAACTCGCCGCGACCGGCATGCGCTTCACCCACTGCTTTTCCAATCCCCTGTGTTCACCGTCGCGCGGCGAGTTGCTGACCGGTCGCTACCCGCTGCACAACGGCATTCCCCGCGTCATCTACGACTTCAAAAACCACCGCGAATTCCTCGACCCGCAGAAGGAAGTCACCTTCGCCAAGCTGCTCAAGCAGAACGGTTACGCCACCGCCATTGCCGGCAAGTGGCAGCTTTCGTTTCTGCACGAGCGCGACACCATCCGCGATCACGGGTTCGACGAATAC
CP050848.1_gap68	2567952	2569800	1848	CTGGCCTCGGGCCCGGTGATCGATGACGTGTCGGTGGCGGAGACCACCCTGACCCCGGAGCCGGCCACGCTCGGCATGTTGAGCCTCGGGGTGCTGATGCTGAGGCGCCGTCGGGCACAAAAGAGTTGACGGGGGTGATAATTGTGATATTCTGATATTGTTGTACAATTGTACAATAAATTGCTAACCGTCTTTTGTCACAGGAGATAAGGTATGAGATGCAAGTTGCTTTCAGCGGTTGTGGTGGCCATGATCAGCAGTACGTCCATGGCGGCGGTGATCACCAACGGTGATTTTGAGTTGTTGGATCTGAACGGTTCGACAAGCCAGTTCAGCACCGGCAATACCACCGGCATACCCGGGTGGACGGTGGTGTCCGGCACGGTCGACCTTGTGGGCAGCTACTGGCCGGGGGCTTCCGGCGACCAGAGCATCGACCTCAACGGCACCTCCCCCGGCGCCCTGAGCCAGACTTTCGATACGGTCGCCGGTCAGGCCTACCGCGTGACATTCGCCATGGCCTGCAATGTCTACTCCGCGGTCTACGGCGATTACTCGATGCTCGTGTCCGCTGCCGGCGTGCAGGAGAATTTCACCTTCACCCGCACGGCCGCCAACACCACGACCAACGTGGGCTGGCTGTACAAGACCTTCGACTTCACCGCGGCCGTGGGCACGACCCAGACGACGCTCACCTTCGCCAGCCTGACGTCCGGCAACGCCGGCCCGGCGATCGATGATGTGTCCATCGCCGAGATCAACGCCGTCCCCGAGCCCGCCACGTTCGGCGTGTTCGGACTCGGCTCGATGACGCTGCTCGCCGCCCGTCGCCGCCGCGCGTGAACTCACCTGATCACTGAAAGCCAACTGGCTTCAACCCGCGCCACACGGCGCGGGTTGTCTCGTGCGCAACATGCGCCGCGGGTACGTTTTGCACACACTGCGCCGGCGCGGCGGTTGATTCCGATAGGTCGATTCTTGTTTCGATAAGTCGTCGGCGGAAGGTCCGTTTTAGCGCCAACAGGGATCTCAGCATGGTGCGGCATGTTTTTTCGGGCGTGCTGTTATAGTCCAAAAACCTGTTAAACAAGGCATTTGCAACAACTGGATCAGCGGGGCGAATTGTCCGATGAATCCGCTGGTGGATAGTAGTATTTCCGATGTCGCACGCGGCGTCAGTTTGTTTGTGAGGTTGACAGGACCGATGGATTGTCATGACGAGAATTTAAACGCCTCTGCCGACGAGTGTCCGCGCCAGTGCGGGCAGTGCAATGTCTGTTGCACTGCCATGCTCGTGCGCCCGCTGGACAAACCCGCCGGCATGCGCTGCGCCCATCAGACCGACACCGGCTGCGGTAATTACGAAAACCGCCCCTCGGTCTGCCGCACCTGGTACTGCATGTGGGTCCGCGACGGAGCCGGCATCTTCACCGAAGAACACCGCCCCGATAAGCTCGGCGTCTTCTTCACCGCCACCAACCCCGAATCCGCCGGCGATCGCCAGGTCATCCACGTTCATCAGCTTTACCCCGGCGCCGCCGATCGCCGCGAGGCCGTCAACGTCATCCACTTCCTGCGGCAGTTCGTCCCCGTCGAGATCATCCCCGCACGCGGCGACATCCGCGAGGCCCCCATCGCCCCCGCCACGCTCACCCACAACGGCAAAGCCGTCGCGTGAGGCAGGGCAGTTCTGGGTTCTAAGTTCAAAGTTCAAAGTTCAAACCAACAAAAAGACGCGCCCGCAACGGCGCGTCTTTTCTTAGAACTTTAAACTTTAAACTTTGAACTCTGAACTATCAGATCCGCTCGACCACCGCGTCGGCGAATTCCTTCGTGCCGAGGCTGCCG
CP050848.1_gap69	2598463	2600595	2132	ACGGCGTCAAGGCGCTGCAGGCGGCCCTGCCCGGTGTGCGTATCGACACCGGCTATGTTCCTCCCAAGCCCGAGCCGAAACCCGAGCCCGAGGCCAAGCCGGCAGACGACAAGAAGATGCCGAAGAAGACCGACGACGCCAAACCCAAAGCCGAGAAGAAACCGGCGGGCGACAAAGACGCCAAGGCGGCGGCGAAGCTGCCCGACAAGCCGCAGGCGACTTTCGCATCGTTGGCGTCGAAGTTCAAGGCCGGCTCGTGTTGCGACAAGGCGGCCAAGGCCGGCAAAGATAAGTGCGGCCACCCGTGTTGTGTCGAGGCTTTGGCCAAGGGTGAAGTCTGCTCCAAATGCAACGGGTGATCTCTCCCGATATATTGTTCGACCATGCGTATTCTCGTCACTGGAGCAGGGGGCCAGCTCGGTCCTTATTTGATCGACGCCGTGTCGCGCGCCGGGTGTGAGTTGATCGCCTGGCGCGGGCGTGATGAAGTCGATCTGACGGACGCCGACGCGGTGCGGCAAGCTTATGAACGGGCTGCTGCGGACGTGGTGATTCACGCGGCGGCCATGTCGCGGCCGGCTTTGGCGTTTGCCGAACCTGAAGCTGCTCAAGCGGTGAACGTCGACGCCACCCGCCAACTTGTTGAACTCGCCGACCGTGCCGGGGCACGATTGATTTATGTGTCCACGGACATGGTCTTCGACGGCGAAGCAGCCCCGTATGCCGAATCGGCTGCTACGGCGCCGCGGTCTGTGTACGGCCGCACGAAGTTGGCCGGCGAAAAGGAAGTACTCGCCGTAGCGGCGAACATGGTCGTTCGCGTGAGTCTGTTGTACGGCCCGTCGCGCCGCAGTGGGTTCAAAACCCTGTTTGATCAGCAGGTCGCGGCGATGCGCGCCGGTGAGAAAGCACGGTTGTTCGAAGACGAATGGCGCACGCCGCTCGCGATCAATGACGCCGCCGCGGGACTGGTCGCCGCCGCGCAGTCCGAGGCTCGCGGGCTTTACCACCTGGGCGGGCCGGAGCGGTTGTCCCGTTTTGAGATGGGGCGGCAGCTTGCTGAATTACTCGGGGCCCCAGCGTCATGCCTGCAGGGGTGCAGTCGGCTGTCGATTGAATCTGACGAGCCGCGTCCGCGCGATCTGTCGCTGGACTCAACACGCTGGTCGCAGGCGTTTGCGCATTCGCCCCGCCGGCGATTTACCGATGCGGCAAGGGCGTTTCTGAACATCTGATATGCGTTGATGGGCCGCGGTGAACTACCCGCTGGTCAATACCGACTGCGAGAGACTGCGGCGGCCAGCAGGGCGAGGCCCATCAGACTCATCGTCGACGGTTCGGGCACGGCAGTGGCGTTAGCAACTGTGATCGTCGGAGCAGAACCTCCGCTGTCGAAACCACCGATGTCGGAACCCGAGAAGAAGGCAGAGAGTTCAACCTCGGTCGTCTGCGGAGGCAATGCGGCCACGGCGGTGTGCAGGCGCGGAAGAATGTCCGGCAAGTACTGTTCGTAGTCGGGGCGGCGGGCAAACAGCGAAGGATCGGTCAGCGTCTGAATAGACCGGGGCCGATCGCCGCGCAGTGCGTCGTCCTCGCCGACCTTGACGACCGATTCCAGGTCGATCAGCGAGTCGCCGTCCAGGCTCAGCGACAGCGGGTCATCGAGCACGACATCGATTGCTGAGTCATACAGCAGCGAGGTGAGCGGCTGGATGTCTTCAGGGTTTGTGTTGTTCGCCAGCGCGGCCGGTTCGATTCCGGTCGAGGCGGCGGAGGTGCTTGGTTTCAAGGTGACGGCTGCCGCCAGCAGCAACATTCCAAGAACCAGACTGACAACCCATGATCTCAAACGCGTCGGCATGCTTGGCCTCCCATAATCCCCTTACCGGTGCAATCGGTTCGGCATACCCTCCGCATTAGGTTGGATAAGGGATTTACACACAGAAAAGTGGCACAGGCCGCGCCGGCGGCGAGTCTGTTATACTCAACGGACGCTTTGGGGCGTGTTATCGGAGACGAGCGTGAACGGCACCGTTCGCATCATCGCGCTGATGAATCAGAAGGGCGGCGTGGGCAAGACGACCACGACCGTCAATCTCGGCGCTGCGCTGGCTGAGGCCGGCCGCCGGGTG
CP050848.1_gap70	2718811	2719880	1069	CGTTCGTGAAGATATTCGGAAACACACTGCACATCTTCATCTCGAACGATCAGTGTTGTACGCTCTCTGCCCCCTTTGCCGTTAATTCTAAATGACTGAGAACTCGCCGACCAATCGCCCAGTGACAACGACACCAGTTCACCAACGCGAATACCTGTACACCCCAACAGCCGTATGATTAAACGATCTCGTAGACGATACAATTGTGGGTCTTCACATGAATTAACTGTTGCATGCAACTCGACGGCATTTACAAGTCGTGCCAAATCGACTCCATCGATTGTTCTCGTGAGCAGCTTCGGTGCCCCCAGCCGTAAGCAAATATGCTGGCACGGTGATTCGTCGATATGACCTCTAGCTTTCAAGTGATTGAAAAACACACGTATCGTCGCCATTTTTCGGCGAATTGACGACACCTTGTAGCCATGCTGCTGAAGATGGACTAGCCACGATTCAATTGTTTCCGGCGCCACGTTCGACAATGCGGTTGATTCATCCGCAAATGCTGCAAATTGGCACAGATCTATGTGGTACGCTTTTCGTGTTTTTCCCGATCGGTTGTTCACCACGAGTGTCGTCTGACAATAGTCTCTAATCGCAATTTGCAACGACACACCCATGCAGCACCATCACTCCCCCGGTGTTAGCATCGAAGAACGTAACTCATATTCGGTTCTCATGTATCGACTTGACAACACAGCGTCTTGAGAACGGCCAACTCAAGATCGCTATCACCATAGAACCACCGATAACTTTGGATAATTCTCAGTTATCCAAAGTGAAGAAGCACGGAATGCTCCCGTGTCTTCTTGGCAATTTGTGACCAGAGGTGATCCCCGGATCGCTCCGATAATCTTAAGACTTGAGCTTCGCCCCTGCAATAGAATTGTGGGGCCCAATTTTGCGCACCGCTTCGTCGCCGAACTGCTTGGGCGCCTTCAACCTGATCGAATTAGAAAAGCCCTGCTCTGTCCTACTGAGCTACGGGTGCGGGTTGTTGTATATCGTAGCTTTACTATTCGGCCGGTTTGCGTCAATACCCCGGGCGTGTCGTGGGGCGACAGCTTTT
CP050848.1_gap71	2737971	2740614	2643	GTCGACGTCAGCCGATCGGCGGCGGCGGGGTGCACCGCCTGTAACACCTGCAGATTACGCTGGAAAATCTCCGACATCGGCGCCTCACGCACTTCGGATATAATGGCGCCCGCAAACGCTGCGCACACCACAACCTTGTGGGTTTTATCGGAACTCTCGGCGCAAAGGCTTGAACATTGGTCGACAACTGGCCCCAACCCCCATTGATCGAACACCTGCTGCTGGAAAGCCCGTGGACGCTGGCGATCAGCCTCGCCGCGATCGCGGCCGTGGTCTTTCTCGTCGGCGGGCGGAGTGGGCATCGCAACACCCAGAAATGGGCCGCGCTGCCGCTGCTGCTGGCGGTGGTCGGGTTCACCGTCGCCGAGGTGGTGAACACCGATCGCGAACGGATGGTGCAGAAGACCGAGCGCCTCGTCGAGGCCGCCGTCGCCGACCCGATCGATCTGGACACGATGGGCAGCCTGCTCGACGAGTCCGTGCTGCTGTTCAACCTTGATCGTGAGGCCATCCTCGCCATGGCCAAGCGCGCACGCAATATTTACCGCATCGATTCGGCCACGATCACGCTCCTGCTGGCCCGCCGCGACACGCCCACTGCCGGGCAAACCCTGCTGACCGCCCTGACCCGCGTCAGCTCCAAATATGGTGATTATCCCGCCAAAACCCGCTGGTTGATACACTGGCGCAAGGATCCGGCCGCCGGGTGGATCATCAATCGCCTCGAATTGATCGCCGTGAATGATCAGCCCGCCCGCCAGTCGATTCTCCCCTGAAGCAGACTCTTTCGCCGCATCGCCCTATGCTGAGTTCACCATGAAGATGATTCACTCCGCCACGCGGCCCCTGGTTCTCACGCTCCTGCTGACGCTGATCGCTCCCGCCGTCGCTTCGGCGCAGGATGCCGACACCCTCGATCTGCGGCCGATGTGGACCGAAGGTCAGACCAGTCGCTACCGCATCACCCAGACCGAACTGACCATTCAGCAGATCACCGGCCTGACCGATGCCGTCGAGTCGACGGTCAACCTCGAAGCCGAGCTGACCTGGACCGTCACCAAAGCCTCGGCCGACGGCGGCGGCACGGCGGTCATGTCCCTCGATAAAATCTGGATGAAGGTCACCGATCCCTCCGGCAACAGCGTCGAGGAAGACGGCCGCTCCGGCAATGAAGCCACCGCCTCGCTGCGCACCTGGATCAACGCCATCACCAATGCCCCGTTGACCGTCAGCGTCGAGTCTGACGGATCGATCGCCCGCGTCGAGGGCTACCGCGCGATTCAGTCCAAGGCTGGTGAGGCCGGCGACAATCTCGACGAACGCTACTTCCGCGAGGTCGCCATGGACCTGGCCGTTCTCGTGGGCGGTCAGGCCGACGCCCGCCTCGGCAAGGCATGGACCGTTGATCACGACACATCCCACCGCATGGGCGAAATCCACTTCGAAACCACCTACAAGCCCACCGCGGTTGAATCCATCGCGGGCATCGACGTCGTCATGATCGACCGCAACTCCAAGATGCGGTTCACCCCCGATCTGTCGGACCTGCCGGCCGACGCGCCCAAGCTGAACGTCCGCACCGTCGAGGCCAGCCAGTCCGGCCAGGTGCTCTACGACACCTCCCGCCACGAGATCGTCGGCGGCCACGGCGAACAGACCCTCGCCCTGGAGATTTCCTTCACGGTGGGCGGCCGCAACATCACCCGCACCAGCCGCGAAGTCACCAGCAGCCAGATCATCCGCATCAGCGAGCAGTAACTCTCCTCACGCCGACGCTGAGCCCCGCGAAGCGTCTGGTATCCCCGCGCGCACACCACGATCAAAAACCCGTTTTCGACGAAGTTCATTTCGTGCGCCCCCGATCGCCGATTCTGAGCCCCCATCCCCGCCGCCCGCCGCGCCGGTGCGCATCGCGATGACCACTGTCCGCGCCGGTGCGCGCGCCAGCGTCAAAAAAACACTCCAAATAGAGCGTTTTCACCCCGTTTGATACCGTTCGGCGCGCACCAGCGTGGCGCGCCGCGACACGCCCGTTCGCGCCCCCCGACTTTCACCCGCGCCAAGCCGGGTGCGCGCACAAACCCGTCGCACAAAAAAACACGTTTTTCGCGTTTCGTGAAAATCCACGACACCCTCATGCGCACACGGCCGCCGTTTTGACTTCGATACCCGGCTGCGCGAAATTCGATTACGAAGTGGCAGACGAAGTTTAGCCGGCGAGCTTGCTCGCCGCGTGGGGTGGTGTGGTCACGGCGAAAGGCGCTGCATGACGATCACGCAAGCGGCGGGCGAGCCCGCCGGCTAAACGGGGCGAATGCAGTGGGTCGGGGGTGGTCAGTCGAGGTGGGGTTTTTCGAAGCGCGCGTCGGCGGCGGGGTTGGGGTCGGGGGCGTGGTCGACCCAGCCGCAGTGTTGGACGGGGTAGTTGTCGTACTGGGGGACGTAGGGTTTGATGTCGAGCAGGGGGGTGTTGTCGAGCAGGTCGACATCGAGCAGGTGGAGGGTGTTGCCCTGGATGCGATCCAGTCGCACGCAGGACAGGCCGATGGGGTTGGGCCGGGCCGGGGCGCGGGTGGCAAACAGGCCGCGCGGGACGGTGTCGCGGTAGGGGATGACGGTCATTTTCGGTTCGCTGGATTGGTG
CP050848.1_gap72	2742893	2746870	3977	ACGGTCTGTGCTTCGTAGATTTCCTTGCCGCCGACCTTGCGGGCGAGTTGGACGGCTTCGGCGTGAAGCTGCTGCTCGCGGGTCTTGAGGTCGAAGCCCTTGGGATCCTGACGGCGCTTGAGCATCAGCTTGCGCAGGCGCGGGGCGTGCTGACTCATGGCGAGGCTGAACTGCTCGGGGTCGTGCTCGCGCAGGGCCCGCAGCTCCTGGGCGAGCTCGGGGCGGTGGGCTGCGATGACGGCGAGAATCTGATCGATCTGCTCGTCGTTGAGTGCCGAACCCCCAGAACCCCCAGGACTCGAAGACTCGTCCAGGGGCTTGGTGATGGGCTTGTCATCACGGGGGCGGGCGAGGGTTTTGGGATCGTCTTTGGGCCGGGCGCCGGCGGGGCGCGGGTCGGGGGGGTAGGGATTGACCGGGGCCTTGGCCAGCAACTCGTCATAGCGCTTATCGATGAGGGCCTGCTTCTGCTGGCGCTGCTGTTCAAGCTGGCCGCGCAGGGACTGCAGACGAATTTCCAGGCGGGTCAATTCGAACTCGCGCGTGCGCAGACGGGCGTCGAACAACTCGTAGAGCATCTTGCGAAGCTGATCATTCAGCGGGTCGACATCCGGGGCGTCGGTCTGCTTGATGCGGCGGCTGAGGATGTAGGCCTGCGATTCGAGTTTGCGTTCGGCGAAGTCATACTCGAAAAGTTCAGGGTCCTGCTGCTTGAGACGGACCATCGCGCCGATGCGCTGATTGAACACGCGGCGGAGGAGTTGATGAAACTGCTTGGGGTCGTTTTCGCGGAGTTTTTCGAGTCGATTGGCTGTGCCGGGCATGATCTCGGCGATGATCTGCAGGGCGGTGTCGACCTGGTCGGCGGGGATGGGGTCATTGCCTGCAGAAGCATCCGCGGCGCCGGCGGGCGATATCAACAGGGCCATACTGATCAAGAGAGCCGCGAGCAGGCCGATGGGTCGCATCTGATTTTTTCCGCCGCATGGCATACGAATCCCACCATTCCCAGATCGCAAAGTCGTCGCGGGCATCGAGCCGGCGCGGGCGTCTGGCGGCGCGCCGGTGAGCCTGATGTTAGTAGGCTCGAATCTGGGCTTCGAGCATGTTCAAATCATCGGCGAGGGTTTCTGTCGACTGGTCGAGGTTGTTATCACCGACGACGGTGCTGGCCATCGACAGGGTGGTTTGATCGACCTCGGCGGACAGGGCCATGATCTGGGCGTCGAGCGGGCTGTCAGGCGTGGGGGTTGTGGACTGATTGAGCATGCGTTCGAGGCTGGACAGCTCGCTGTGGATCCAGGCCACGTCGATCAGCGGCTTGGGGGGCTGGCGGTCGGCGACGGTGCTGTTGTCGTTGTAGGACTGATACTTCAGCGCGGCGGCGAGGAAGAGACCGACCATGATGAACAGGGCGATCGACGCGGCGATGGCGGTGTTTCGGGCGGTCCACTTGAAGCAGACGAACAGCAGGTTGTTGCCGGCGGCGGTCTTTCGGCCGAGCGTGGCTTCATAGACGCGCTGACTGAGCCCGGGGGGGGCTTTGACTTCCATCGCGCGGCGCAGGTCGTGTTGGTCGACACCGCCGGCGGTCAGGTGGTCGGCTGTGGCGCTGAAGATGCGTTCGGCCAGTCCCTCGGGGGCGGGCGTCTGCAGCAGGCGTCGCAGGTCAGCTTCGAGATGTTTGTCGTCGCGGTACATGATCAACCTTCCATCGGAATCATATCCGGGAGGCGGCGGGCTTTTCTGTGTCCCGCCCTGTGCTCTGGAGCGGGCCGGCTCACATGGCCGGCTTTGTTCATTCGGGCGGCTCGGCGTCTTCGAGCATGGCCCGCAGTTTTTTCAGAGCCCGGTGGCCGCGTGCGAGCACGGTTCCGAGCGGCTGATTCAGCACTTCGGCGATCTGTGCGAAGCTCAGTTCGGCGGTGTATCGCAGTTCCAGCAATTCACGATCGGCTGCGGGGAGCTGCGTCATCGCCTGCCGCAATGCTTCGATCCGCTCGTCCTGCTCCATGGACTGCTGCGGCGAGGGCCCGTCGGCGTATTGTCCGAGCGCTTCAGGCGGCGTGGCGTCGAAATCGACGGGCACCGCGTGACGTTTTCGCCGTCGCAGCTCATCGCGGAGGCGGTTGACCGCCACACGGAAGAGCCACGCTTCGAAGCGCCCCTGCTCATCATAATCGGCCAGTTTGCTGACTACCTTGGCAAACGTCGCCTGGGTCATTTCTTCGGCCAGGTCCCCGTTGCCGCACTGGCGGTAGAGCAGTCCGTAGACCCGCCCGCTGTACGCTCCGACAATCTGTCGCCAGGCCTGGGCATCTCCTGCTGCCGCGGCCGCGAGCGTCTGTTGCGAGGGGTCACTCATCCGTCACACCTGTCTAACGGGTCACCGAGATGCTTATTGCACCATTCAGGACACGAGGGCTGGAAATCGGACCGGGTCGTGTTATACTTACCGGTCATGTTTGCGAGCACCATTCTAGTACGGCGAATCGGCGACGCCCTCGTAGCAGGGGGTTTGGTCGCTGTTATTCGGCGGGACGCCCGACTATAACCAGTTGGGATGGGCCCGCCTGCCCGGTCTTGCCGATTCGTAAAATACCATAAATTCATGCCGCAAAAAACCGCCCGGTCACGGAATTTTAACCGCACCGTGAGGGCCTTCTGGTGAGATAGCACCATGACCACCACCCGTACTTCACCGTCCCTGAACACCCGCATCGACTCACTCGACGCCGCCGCAAAGTCCGATACCTACATCGGCCACAAGGGCGCCGAGATCTTCCACGACCTGATGCGCCACCACGGCGTGCGCCAGATCTTCGGCTACCCCGGCGGGGCCATCCTGCCGGTCTTCGACGCCATCTTCGAGTCGCCGCATTTCCAGTTCATCCTCACCCGCCACGAGCAGGGCGCCGGACACATGGCCGAGGGCTATGCCCGCGCCACCGGTAAGCCCGGCGTCGTGCTGGTGACCTCCGGCCCCGGGGCCACCAACGTCGTGACCCCCATGCAGGACGCCCTGATGGACGGCACCCCGCTGGTCGTGTTCTCCGGTCAGGTCGCCACGCCTTCGATCGGCTCCGACGCTTTCCAGGAAGCCGACGTCACCGGCATCACCCGCCCGTGCACCAAGTGGAACACCCTCGTCAAAGACGTGCGCGATCTGCCCCGCAAAATCAACGAGGCGTTCCACATCGCCATGTCCGGTCGGCCGGGCCCGGTGCTCGTCGACCTGCCCAAGGATGTGACCGCCGCCACGCTCAAGGAAGCCGTCGCCGTCGAGCCCCACCTGCCGGGTTATCACATCCGTCAGCTGGGCACCTCCGATGAACTGGCCAAGGCTGCCGAGATGATCAACATCGCCCAGCGCCCGGTGTTCTACGTCGGCCAGGGTGTGATCCAGTCGCGCGGTTGGGACACGCTCCGCCAGATCGCCATCGCGGCGAACATCCCCGTGACCACCACGCTGCAGGGCTTGGGCGCCTTCGACGAAACCCACCCGCTGAGTCTGCACATGCTCGGCATGCACGGCTCGGCGTATGCCAACTGGGCCATGCAGCGATCGGATTGCATCATCGCCGTGGGCGCGCGTTTCGACGACCGCATCACCGGCCGCATCAGCGGGTTCGCTCCCGAAGCCCAGCGCGCCGCCCGCGAAGGCCGCGGCGGCATCATCCACTTCGACATCGCCCCCGAGCAGATCGGCAAGAACGTGCCGACCACGCTCGGCATTGAAGGCGATGCCCGCAAGAACCTCGAAGCCATCGCGCCGATGATCGAGTCGCGCGATCGGGCCGAGTGGATCGCACAGATCGCCGAGTGGAAGGCGCAGTATCCCTTCCGCTACAAGCGTGACGACCGCCCCGGCCACATGAAGCCGCAGCAGGTGATCGAAGAGCTGTACAAGCAGACCGGCGGCGATGCGATCGTCGTGACCGGCGTGGGCCAGCACCAGATGTGGGCCGCCCAGTTCT
CP050848.1_gap73	2780532	2784628	4096	GCTTGCCGTCGGCGGTCTTCGCAATGCCGGGCGCCCAGCCTTTGCCGGTGTATCCGACGTGGTACCCGTGCTCGGCGAGCGCTTCGGCGTACGTCTTGAACTTCGCCGGGAAGTACGGCACGTGGTTGGCGGCTTCTTCGAGCTGCCAGGAGTTGCGGCCGGTCAGAATGCACGCGCGCGATGGGGCGCACTTGGCGTTAGGCGTGTAGGCATTGTTGAACAGGATGCCCTGGCGCGCCACGCGGTCGAAGGCCGGGGTCTTTACCCAACTGCACCCGTAGGCGCCCATGTAGGGATACGACGCGTCGTCGGCGATGGCGAAGAGGATGTTCGGGCGATCAGCGGCGAAGGCGGTCGCGCTCAGCAGCATCACCCACAGCGCGGCAAGGACTCGATGAATCATGGCGGCTCCAGCGTATGAAGACGATGGGTATCGGCTATTCACAAACAACGTGTGAACGTCACAGTTTATGCGAAGTTTGGAGGCGCTGCTCGCGCTGGGTAGAACATGCAACCTGAAACACGCCGCAAGCGGCGTCGCTAAACGTTACGACTCGGGCCGCTTGAACAGGTCCAGAAAACGGTCCTCATAGCGCTCGAACACACCCAGGCGGTCGAGTTCCTTTTTCAGGTCGTAGGCGCGCGAGCGGTCTTTCGCAGATTCAGCGAAGAGCTTTTCGATGAGTTGTTCGTCTTGTTCACTGAGCGTGTCGGATTCATCAGGCGCCTGCGGGGGCGGCAGCTCATCCGGCGGCATGAAAGCGACGTCGGTCATGCCGGGTTCGTCTTCATCGTCATCCTCGCCGGCGGACGGCTGAGTCTGTTGAATCTGTTCCAGGGCATTGGCGATGGTCTGTTCCATCACGCGGCCGTGCTCGCGCAGCTCGTTGAGGTTGACGTCGATTTCCGCCAGCACGTTGAACACTTCCAGCACCGCGGCCGACGCTTTGGGAAACGGCACCTGCGGCGCGTAGAAAGGCATCTCCCCGAGCAGCCCCATGCCGCGCAACCCGCGCTCAGCGCCGGCGGCCAGCAGCACGCCGTTGAGCCCCGTGATCATGCCGTCGTCCATGATCTTGACTTCGAGGCGCTGAAGCTGCTCGACGCCTTCCTGGTCCGTGGCCACGCCGAACACGCGGCAGCGCTCGCTCGGCTGCATCGGCGTCGCCATGGCGGCGAAGGTGAAAATACGCTGCACGCCGAGTTGCTGAACAAAGTCGAGCAGGCGATGCGAAAAGGCCCACTTGCCCAGCGGCGGTTGTGCCTCGCCGATGAACAGAATGATGTCGTGACGCTGCTTGGGGTCTTTCCAGTAAAACAGCCGACTGCGCGGCAAGCGACCGGTGTGAACCATCCCGCTTTTGATTTCGATCTGCTCGACTTCGAACAGATCGGTCGCGCGGAACTCAGCCAGTTGCGTCATGTTCATCTTGCTCAGCAGGTAGTACCCGCCGGCGATCGCCACATGCCCCATCCCCGGCCAGACCGCCACCAGATACGGCGCGTTCAGCTGCGGCAGATCATCGGTCTTTTCCGTGGTCAGATTTTTCGGCAGTTCAGTCATGCAAACCTCATCGGATGCTACGACCGCCGAAGCCTGCGATGCAATCAGCGATTGACCCACCCGGTCCGATTCCGCATATCCGCTACAATCCGTTTCATCATCATTCAGAGGAGCCGAACCATGCGGATGTTACACACCATGCTGCGCGTGACCGAGCTTGAGCGGTCGATCGACTTTTATACCCAGGTGCTCGGCATGAAACTGCTTCGCCGCAAAGACTATCCCGACGGGAAGTTCACGCTCGCGTTTTTAGGCTACGGCCCGGAGTCCGACACGGCCGTGCTCGAGCTGACGCACAACTGGGGCGTCGACGAATACGAACTCGGCAACGCCTACGGCCACATCGCCATCGAGGTCGACGATGTGTACAAGGCTGCCGAGCAGGTCCAGGCCGCCGGCGGCAACGTCACGCGCCCCCCGGGCCCGATGAAGCACGGGGACACCATCCTCGCTTTCGTGGAAGACCCCGACGGCTACAAGATCGAACTGCTTGGCCCCAAATGATCCCGGCGGGTGATCACACCGCTGTGCGGTCGGTTGCATCGGGCGTCGGCAGCAGGGTGAACCGATCGCCGTCTTCTTTTTTGGATTGATACATGGCTTGGTCGGCGCGGGCGACGAGGCTTTCCAGGTCATCGTCGGGGCCCAGCAGCGCGCCGCCGATTGATGCGGTGACCTGCACGGTGGTTTCTTCATCCAGGTGAACCCACGTGGTGCGGATCAGCATGCCCAGGCGCAGTGCGAAGTCCGTCATCGCCTGCGGGCTGATGTTCGACAGCGTCATGAGAAACTCTTCACCGCCCCAGCGGCCGAAGTGATCGTGAGGTCGCACCGCCGCGGCGAGTGTGCGGGTCACGGTCTGCAGAGTCCGGTCGCCGGCTTCGTGACCGAACTCGTCGTTGATCACTTTGAAGTCGTCGAGATCGATAAACAGCACGCCGAACGGATCGCCGAGGCGGCGTGTGCGATCGATGTGCCACTGCAGCAGGTGGTCCATGTAGCGGCGGTTCGGCGCTTCGGTCAGCGTGTCCAGGTGCATGTCCTGCCGCAGGCTGCTGAGTTCTTCGTCAAGCAGTCGATCGGCGAACTGGGGCGAAAAGATCTCGACGGCGCCGACCACCTGGTCGTGTTCATCGGTGATCGCTTCGCATCGGACCTGAACCGTGACGCGGTGGCCCTGCTTGTGGTGCAGGTGGACCAGGGCGCTGCGGGTCTGGCTGTCGTCCATGGTGTGCGCCAGCGGGCAGTCGTGTTTGCACAGTTCGCAGCCGGCGTCATCGACGTGCATCAGAATGTTGTCGGCACAGCATCGCCCGACGACATCCCCGGGGCCGAATCCGCTGATCTGCTCAGCGGCCGGGTTCCAGTAGCGGATCTTTCGATTGCGGTCGACGATGTAGACCCCGTCGCCGAGGTTATCGAGCAGACCGGCATATTTCTCAGGTTCATGAAAAACACTGGCGGGGATCATGATGCGCCCTCACGGTTTCCGGATGTAACAACGACCATCCCGTATGTTCAGCCCAGTGGGTTGGACAGACAATAGGGGATCAGCCGATTTCTTGTCCGGGAGTGGTCAGGCGGTGACTTCCGTGAGGTGCCGCGTGTCGATGACATACCCATTGCGGCCCTTGGTTTTGGCGCGGTACATCGCGGCATCGGCTCGCGCCACCAGACACGCCGCATCATCCTTGGGGGCCAGCAGTGTTCCGCCGACCGATGCGGTGGTCTGCAGATCGTGAGTTTCGGCGTGGATATGGCTTGTGCGGATCAACGCCCCGATACGTGCGGCGACAGTCGCCAGTTCTGCGGCATCGACCCGCGGCAAAACCACCAGAAACTCCTCGCCACCCCAGCGGCCGAGTATGTCGCCGGGCCGGATGGCGTTGGCAGTGGTTTTGGCGACTGTTTTCAGGGTCAAGTCGCCGACGATGTGACCGTACTGATCGTTGATGTTTTTGAAGTGGTCCAGATCGATGAACAGCAGGCCGAGGGCGTGGTCCAATCGCTCAGCCTGATAGATGTGCAGGTCGAGGATGTGATCCATGTATCGCCGATTGTAAACACCCGTCAGTGGGTCGCGGTACAACTCGTTCCGCAGCAGATCCATCTCCTGGTCCAGCGCCGAGTTGGGGGTCGCGTTGGAGAACAGCTCCATCGCCCCGATCGCGCGACCCTGCTCATCCTGAATCGAGATGCAACGCACGTTCACGGCGATGCGATGTCCGAACTTGTGATGCATGTAGACCGAGGCGTGGCGCAGCTGGTGATCCTGCATGGTGTGAACCAGCGGGCAGCGACTTTGACACAGAGAACATCCACCACCATCGACGGACATCAACAGGCCATCGGCGCAGCATTGTCCGACCATCTCCGCGGCGCTGAACCCGCTGATGCGCTCGGCGGCCATATTCCAGAAGCGAACCCGACGCTGAAGGTCGACGATGTACGCGCCCTCTGCGAGGTTGTTGAGCAATCCAGCAAAACGTTCGGGATGTTTCAGAAGGTCGACAGGGATCATATCGGCGCTTA
CP050848.1_gap74	2816492	2820887	4395	CTTGAGGCGGACCTTTTCCTTCTTGAGGTTGGGCACTTCGATGCCGACGGTGGACTTGCCGGCGGTGTTCGGCACGATGCGGATATTCTGGGCCTTAAGCTCGCGGGCCACATCGGAGCTGATCGCGTTGATCTGGCTGACCTTGGTGCCGGGGGCGAGCTGGACTTCGTAGAGGGTGATGACCGGGCCGGCGTCGATGGCGACGACTTCGGCGTCGATCTTGAATGTCTGCAGGGCGCGTTCGAGAATCTCCGCTTGCTCGCGGACGATCTTGGCCATCTCGGAGGTGAAGCTGGATTCGGGCTCGGCGAGCACCTCGAGACCGGGGAAGCGGTAGCCGGACAGGTCCTGCGGCTTGGGCGCCGCGGCGGCCGGGCTGTTCTTTGGCTTGGCGAAGGTGATCGGCAGCTTTTTGATCTTTTCGCGCAGGGCTTCAGGGTCCAGCGGATCCTTGGCGGACTCTTCTTCGTCGGCTTCCTCTTCTTCGTACTCGTCGGCCGCGGCCTCGGTTTCGGGGTCGTCTTCCTCTTCGTACTCGTATTCGTACTCTTCTTCTTCGACCGGTTCGGGTTTGACCGGCTTGGGCGGCTTGGCGCGGCTGATGGGTTTTTCGTCGTCTTCGGTGGCGATGGCTTCGTCGAGATCGTGCTCACGGACACCGGGCTTGTCGGCACTGCCGCGACGACCCAGCGTCGGCAGGGCGGGCCAGTGCATGTTGCGGAACATGCCCACGAGTACGGGCTTGGGCCAGTTGATTGCGGCAATCTTCCGCAGCGCCGCCACGATGCCGCGCGGCAGGGCCATCATCAGATTGTCCGCCGCCAGCATCGCCCCGACGCCGAAGCACATCATCAGCAGGACCAGCGTGCCGAGCGTGTTGAAGCGCGGCAGAAGCTGATTGACGAACTCGAGCGCGATCAGTCCCCCGGCGCCTTCGGGCAACGGGCTCGATGTCGGCGCCAGCAGCGCGAGAAACCCGCTGGAAGCGATCGCAGCGATGATCGTGCCGATGATCCGCATTTCGATCTGGTTGACCTTGCGACCGGCCGCGGTGGCCGCCAGGTAGGCGACCAGCCCGGCGATGCAGACCCACGCCCCGGCTCCGAACATCAGGTACGCCTGATAGGCGACCGCCGCCCCGAACCGCCCGACCCAGTTGATCGGCGGATCATTCAGCGGCGCCGCGGCATGACTCGGCGGGTCATATGGCGAGAAACTCGCCAGCGACGCGATGACCATCAACGTCACCCCCGCGAGGAAGACCCACATAATCCGTTTGGTCATAGACGGATAGACGATCGGATCGGATGTTTTACGCTTACGGCTCATACAGCGCGCAGACCTCCTTAGGTACTGGATATCGGCCAGTTGGCTCGAATTCGGCCAATCTGAGACAAGGCAATCAACCCCAACGCTCAAATACACGGCCAACAACTCTCGGGCCCAGACACGACGGATCAAAACACGACATTCGACCGGATTGAAACTAATCCGTCGACCGGGTTGAAATTAATCTATTTTCGTCGAAAATAGACTTAATGATATTCTTAAAAACAATTTTAAATACTTCTCTTATAGCATCTAAATGCGATGGTGCGTGAGTGTTTGGGTATGAACGCCGCCGCTTGTTTGTCGGATTTTTCTGTAACAATTCGCTGCTGAGGGCTACTTTCTTGTTGAGGCCATCGCCACAGAACGTCGCGGCAAGCATTAAGGGGTTGTTTTGGCAGATCTTACAACACAACAGAGGCTCGTCGCCCGGATCACCTCCGCTCAGCGGCAGCTCTACGGCTACATTCTCACGCTGCTGGCCGACCCCGCGGCGGCGGAGGATGTGCTGCAGGAAACGAACCTGGTGCTCGTCGAGAAAGCCGAGCAGTGGGATCAGGCGGAGGATTTTGTCGCCTGGGCTTGTCGCGTGGCGTACTTTCAGTCGCTGGCCTATTTCAAGCGCCGCCGGCGTGATCGGTTGGCGTTCATGGATGAATCGACGCTCAGCGACCTGGCCGGGCGGACCGCCGCGGCGCTTGAGCATCACGATCGCCGGCTGACCGCCATGCGGCAATGTCTGACCAAACTGCCGGAGTCATCACGCCGGCTGATCGCCCTGCGTTACGACGGGCAGTTTTCCATCGACCAGATCGCTACCGAAACCACCCGCAGCGGCGGGGCGATCCGCGTGGCCCTTCACCGCGCCCGGCAGATGCTGCTGGCATGTATCCGAAAGACCCTGGCGACCGACGCATGACCGAGCCCATCACACAGTTCGATGAGTTGATGGCCGACCTGGCTGACGGCACGTTGAGCCAGGCCCAGCGCGGTGCGTTGTTCGACCGCTTGCGTGATGACCCCGACTGCCGTGATCAGTACGTCGAGTTCATGTTGCTCCACGCCGACCTGGCATGGGACCGGGGCACAAGGATTCAACCGGCCGACCTCATCAGCATTGAACAAAAACCCACGCCGACGCTGAGGCGCAGCCGAAGCGTCTGGTACAGCGCCGCGCTGGCCGCCGCCGTCGCGATCGGCCTGACGGTCTGGTTCATGACGATGAGCCCGTCGTCCACCACCACAACACCTTCGCCGCCCGATCGTGCCCAGCGTGTCGCCACGGTGACGCGCACCGATCAAGCGGTGCTGGCCGGGTCGTCGTTGCCGATGTCGACCGGCGCCGAGTTGCCGGCGGGGTCTGTTCAGTTGGTGTCCGGCTCGATGCAGGTGATGTTTGGCTCGGGCGCGATGGTCGACCTGCACGGGCCTTGCGAATTTGAAATGACCGGTATCAACAGCGGCCGCCTGAGCCGCGGTCGCTTGGCGGCCTATGTCCCTGCCGCCGCGGCGGGCTTCACCGTCGACGCGCCGCACCAGGTGCGCCTCACAGACCTGGGCACGCGCTTCGAGTTGGTCGTGGCTGACGACGAGCATCACATGGACGCCTGGGTGCGCGAAGGGTCGGTGGAAATACACTCGCCCCGGTTCGGCTCGCGAATTCTTCACGCCGGCCAGAGTCTGTCGCTGCGTGACGGCGAACCGGCCCGACCGTTGCTGACGGATGTGTCGGTCAGCAGCGGGGCGGCGTACCGCATCGTGCGCGGCGGGTTCAACGATGGGGCGCGGGCGTATGTCGATCGTGACTACACCTGGCAGGCGATCGATGCGCCGTCGTGTCCGCCGATGCTGCACGGGGCTGACTACGTGCAGACCGCCAACGAGGACAACAGCGACAGCGGACTTTCGGTGAAGTTGACGCTGTCGGAGCCGGCGACGGTCTGGGTGTTGTGGAACCCGCGGGCGCCGCTGCCGCAGTGGCTCACCGAGCAGTTCGAGTCGAAGGACTGGTCGGTGTCGCTGGACATGCCGCAAGGGCGGCACCTGGCCCAGAACCAGACACTGACGTACAGCGTCTGGACTCAGCGTGTTGCCGAGGCGGGACAGGTCACGCTTGGGCCGCGCCTCGTGTCACAACAGCCTGTCAACGCCGGCATGTACTGCATTGCCGTCACACCTCCGCTTCCTATCGCACCACCGATCGACAATTCAACACCATCGAAATCTACAGGAGCAAAATGATGAAAACTCAACTCACTCGTGTCGCGCTGGTCGCGGGGCTGTTCGCCATGGCGGCCGTCGCGCCGCAAGCCCAGGCGGCCTTCGTGCTTGTCGAAAACTTCAACGCTCTGGCCGACGGAGCGGTCAACGGGCAGAACGGCTGGACCGCCGACAACAGTTCCGTGGATGTGATCTCCACCTCGCCGGCCAGCGCCTCGGACAAAGCCCTGGAAAGCGGAGGCCCCAGCACCGAGGCCTACAAGACCATCCCGACCATCGCCAACGGTTCGATCGGCACCGTGTTCTTTCAGTTCAATGCCGATGTGCTGACCGCCGGCAGTTCCTTCGGCTTGGCTGACACAACCATCAGTGGCGGCATCTTCGAAAGCTACCGTCCCCAGATCGCGCTGAACGCCACGGGTGACTTCCTGGTGCGCGACGGCGGCAGTTTCGACACGGTCGATCAAGCCGTGTCCGCCGACACCTGGTACAGCATCTGGATGGTCGCCGACAACAGCGCCGCCAATACCTATGAAGTCTACATCCAGGGCGGCGCCTTCGGGTCGCAGACGCAGTTGACCGCCGGCTCCGGCGCCCAGAGCGTGTTCGCCTTCCGCAATGACGAAACCGGCGGCGCGGATCTGACCAACTTTCTGTTCGCCCACGGCGGCGGCACCGACAACGCCATCGTCGTCGACAACATCTACGTCGATGCTGCCGGTGAAAACCTCACCGATCCGATCAGCGCCGTCATCCCTGTGCCCGCAGCCCTGCCTGCCGGGTTGATGCTGATGGGCGCGCTGGTGATACGCCGTAAGTAAACAGCCGCGATGCAACGCATCGCGG
CP050848.1_gap75	2837036	2837600	564	GCGGCGGGATTCGATTTCGGTGTCGATGGGCTTGAGGGCTTCGATGGCATCGTGACGCACGGTCAGAATGCGATCGGCGACGTCGTCGGCAAGCTGATCGGTGAATTCGGAGGTTTCACCGCGGGCGGCTTCGAAGCGCTCAGCCAGGCGGGCGTCGATGGATTCGGCGGCTTCATCGGCGCGGCGGCGATACTGCTCGAGCAGATCGTGCGCGGCGGTGAGCTTCTGACGCAGCGGTTCGTCGAGCGCCTCGGCGCTGCGACGGGCGCGGGTGAATGATTCGTCGACGGTTTCAGCGAGCTCACGGGTGACCTGCTCGGCCTCACTGCGAAACCCGGCAAGCTGCTGATCGAACGGCTCGGCGAGCGACTCGGCGGTGCGGGCGGCCCGTTCGGTCTGATCGTGAAGCTGCGACTTGAGCATGTCCGACAGGCGCGACAGTTCACGACGGTAATCGGCAAGCTGCTGACGCATGGGCTCGGCGAGTTTCTCGGCTTCGACCTCGGCGTGTTGCATCGACTCGGTCAGACGCTTGTCGATGGCTTCGGCGAGCGCGTCGGCCTG
CP050848.1_gap76	2854606	2859267	4661	GCGATGCACAGGCCGATCCCTGGCCAACCATCTTCTGTAATTAGATTGTCCAAGATAGCGACACAAGATGAGACATTTCAATATGTTGAGTGCATAATAACAGATGAGTTTTCAGTGAAAACTCATCTGTTGATGGCAAGAGTGATGCGAATCGCAGATTGCGCCTGAACGTGGTCTGGTGGTTTTGGCGTGATGGGTGGCATGCTTGTGGGGCGCGCCGAAGGCGTAATGACACGACTGGGCTCGTCTGGCGATATGGAAAAAGCCCACGCTTTGAAAGCGTGGGCTTCGGGGTGATTCAGGTTGTTGTTGGCGATCAGACGGCGGCGGCCATCTTCTCGGCCTTGGCCTTGGCGTCGTCGAGCGTGCCGACGTACATGAAGGCCGACTCCGGCAGATCGTCGCCTTCGCCGTCGACGAGGCGCTTGAACGAGTCGATCGTGTCCTTCAGCGGCGTGTAAATACCCGCGAAGCCGGTGAACTGCTCGGCCACGAAGAACGGCTGGCTGAAGAAGCGTTCGATCTTGCGGGCGCGGGCCACGGCGAGTTTGTCTTCTTCCGACAGTTCGTCGACGCCGAGAATCGCGATGATGTCCTGAAGGTCCTTGTAGCGCTGCAGGGTCTGCTGCACGCGGGTCGACACTTCGTAGTGCTCTTCGCCGAGGATACCCGGGTCGAGAATCGTCGAGGTCGACGCCAGCGGATCGACCGCCGGGTAGATACCCTTTTCAGCGATGCCGCGCGAGAGCACGACGAACGCATCCAAGTGGCTGAAGGCCGTCGCCGGCGCGGGGTCGGTGAGGTCGTCGGCCGGCACGTAGATCGCCTGCACCGAAGTGATGGCGCCCTTGTCGGTCGAGGTGATGCGTTCCTGCAGTTCACCCATTTCGGTGGACAGCGTCGGCTGATAGCCCACGGCCGACGGCATGCGGCCCAGCAGAGCCGACACTTCCGAACCCGCCTGGGTGAAGCGGAAGATATTGTCGATGAACAGCAGCGTTTCCTTACCGGACGAATCACGGAAGTCTTCGCACATGGTCAGGCCCGACAGGGCGACGCGGAGACGGGCGCCCGGAGGCTCGTTCATCTGACCGAACACCATCGCCACGCGGTCGAGCACGCGGCCGGTGTTGCCTTCGGCGTCGGTGAAGGTCGCCTCGGCCATTTCACGCCAGAGGTCGTTGCCCTCACGGGTGCGTTCGCCGACGCCGGCGAATACGGAATACCCGCCATGCTCACGAGCGATGCGGGCGATCATTTCCTGAATGACGACGGTCTTGCCGACGCCGGCCCCGCCGAAGAGGCCGATCTTGCCGCCGCGGACGAAGGGGCACAGCAGGTCGACGACCTTGATGCCGGTTTCGAGGATTTCAGTCTTCGGGTTCAGCTCGACGAACTCCGGCGGCTCCTGGTGGATCGGCCGGGTTCTGGCGGCGGTGACGGGGCCCTGGTTGTCGACCGGCTCGCCGAGCAGGTTGAACACGCGCCCGAGCACCTCTTCGCCGACGGGAACGGCCACGGCCTGGCCGGTGTCGACGACATCGGTGCCGCGCTTCAGGCCGTCGGTCGAGCCCAGCGCCACGGCGCGGACGCGGCCGCCGCCGAGGTGCTGTTGAACTTCACCGGTGAGATTGATCTTCACGCCGCCTTCGTCGACATTGATTTTCAGAGCGTTGTAGATCTCCGGGAGCTTGTCCTCGGGGAACTGCGCGTCGAAGGTGGAGCCGATGACCTGGGTGATCTTTCCAACGGTCGCCATGATGGTCCTCTGACTGAAATTGAAGTTCGGGCGATCCCCGCAGTGCGAGGGGCAGTAAGGATAGCGGTTAACGGCCGGTATGGCAACGGGGGCGGACCGTCAAAATCCCCGGAAATGGCCCTATGAGCAAGGGTGTTTTCGCTTGCATCAGCCCGTCGGGGCGGGCATGATGGGGGCGGCGGCGTGTGGGTCGTCGCCAACAAGGAGCCAAAGATGGCAAATTTTCTCGCGTTGGGACTCGGGTCGGGTGTGATCAGCCTGATTGTCCTCATTCTGGACATCATTGCGATCATCGACATCCTCAAAAGCGGTATGGAGCCGGTCAAGAAGTTGATCTGGGTGTTGGTCGTCGTGCTGCTGCCGGTCATCGGCATGATTATTTACTTCCTGATTGGACGAAAGTGACGTAACCAAATGCAACAAATTTCACGACGGATAGGCGTTCTGGGATTACTGACGGCGGCGCTGCTGGGTTCGGCGACGATGCTTCGGGCCGGCGAGCTGGCCGACCCGGCCCGGTGGGAATCGACGATCAAAAAGTTCGAGGCCGCCGACGCCAAACAGCACACCAAGCCCGGGCAGATCCTGTTCGTCGGTTCTTCGAGCATCCGCATGTGGAAGCTGCCGGACTCGTTCGGCGACCTGGATGCGATCAACCGCGGATTCGGCGGGTCGCACATGGCGGACGTGGCGGCGCTGTTCGATCGGGTGGTGCTGCCGTATAAGCCTCGCCGGATCGTGCTATACGCTGGTGAAAACGACATCGCCCACGGCAACAGCCCGCAGCAGGTGCTCGAAGCGTTTGAGTCGTTCGTAAAGCAGACCCGTCAAAAGCTCGGCAACACGCCGATCATCTATCTGACGTGCAAGCCCAGCCCCAGCCGCTGGAAGATGTGGCCCAAAATGAATCAGGCCAACGAACTGATCAGCGAAGCGGCCAAGGCGATGCCGGGCGTGGCGGTGCTGCACGTCGAACAGATCATGCTCGGTGAAAACGGCGAGCCGGATCCCTCGATCTTCATCAAGGATCGACTGCACATGAATGCCGACGGATATGTCCGCTGGAAGAATCTGGTCGAACCATTTCTGGGGCTCGACCCGCAGCAAGCCAAGTAACCTCGCTCCAGCCGGGTCGCTACGCGGCCCCGGTCGGCCAGGGTCGCGCAGCGACCCGGCTATGGTGTTGAGTTGACCTTTCAGGAGATGATCGCATGGCTGATCCCGTGGCGCAGGCAGCGTCGGAGACCACCAATTCCATCAGCATCGAGATTCAGGCCCAGGGCCTGCAGAAGGTCGCCGTCGACGGCAAGACCATCGCCGAGTCCGCCGGGGCGGGTGGTTCGGGCTCGAGCAGTACGCCTGATGCCGGGCAGGCAATCCATTCGGCGCTAGATAAACTGATTACCGCCGTCAACGACCTGTGGGATCACGCGATTCAGCATCTGCCGCAGATCGTTATTTCCGTGATGGTGGTGATCCTCACGGCCATCGTGGCGCGGTACGCCCATCGTGCCGCCCGCAACCTGTTCGGCAAGCTCTACAGCAAAGCTTCGCTGCGTGACCTGTTCGCGCAGTTCGTCTACATCGGGGTGTGGTTCGTCGGAATCATGCTCGCTGCGGGCATCGTGTTTCCCGATTTCGGGTTTGGACAGATCGTCGCCACCGCGGGTCTGGCCTCGATCGCCATCGGCTTCGCCTTTCAGGACATCTTCGAAAACTTCTTCGCCGGCATCCTCATCCTCTGGCGGTTCCCCTTCGAGATCGGCGACTACATCGACATCGAAGGCACCGACATCGAAGGCCAGGTCGAAGATATATGGATTCGCATGACCCACCTGCGCAAGACCACGGGCGAACTGCTGCTGGTGCCCAACGCGACGATCTACAAACATCCCGTGCGTGTGTTGACCGACCAGAAAAAACGCCGCACGACGATCATCGCCGGCGTGGCTTACTCCGAAGACGTCGATGAATCACGCGCCGTCATCCGCAAGGCGGTCGAAAGCTGTGACACCGTCAAGAAAGACGAGCCCATTCAGGTTTTTGCGCAGGAGTTCGCCGACTCGTCGATTAACTTCGAAGTGACCTGGTGGACGGGCCCGACGCCGCTGGACCTCCGTAAGTCGACCGACCAGGTCGTCGCGGCGGTCAAGCGCGGCCTCGACGAAGCCGGCATCGAAATTCCGTTCCCGTATCGCACACTCACCTTCCGCGGCGACTCACCGCTACGGCTGCAGAATCCGTCAGAGAACGATGCGTGAGGCGCGCTGTGGCACAGCCGCCCTCGGCTGTGCGTAAGTTGACTCCAGCACAGCCGAGGGCGGCTGTGCCACAGGCTCGTGAACTCGATTGTCGAAGAATCGAATCATTCCGAGGCTGTGGGCGGCGATCTATTTCAGCGAGTTGTACATGGTCGCGTCGGCGGGGGCATTCGTCTGGCTGTGCGCGCGGTGGATGGGGGTGACGCTCGACGGTCGGTGGTATGCGATGGCGTGCGCCGGTTGCTGGTGGGTGTACCTGGTGGATGCGGGGTTGTTCCGCGTGCCGGAGGAAGATCAGGTCAACGCGCCGAATCGGGCGGCCTTCATGCAGCGATGGCGCGGGGTGTTGCTGATTGCAGTGATCGGGGCGACGGCGGGGGTGGCGGTGTGGATGTTCACCGGGCCGATCCGACCGGCGACGTGGGCGCTGGCGGCAGTCGAAGCCGGCATCGCCGGAGCGTATGTTCTGCCAGTTTTACCGGGGAAAACACGCTGGTTGCGGCTCAAAGACCTGGCGACGGTCAAACCGATCGTGATCAGCGCGGCGTGGCTTTGCGGTGCGATGGGGTTGGCCGTGACGCAGGGGCGCACCTTCGGCGCAGAGGTCGTGCATGAATGGCTCTTCGGTGCGTTGATGGTGC
CP050848.1_gap77	2860477	2864912	4435	CCACTGCCCGCGCACCGGGCCCCAGCGGTCCGAGTCGATGTAGGTCTGCCCGCCGCTGGAGTTGTCCTCGCCGCGCGGCAGATAAAGCATCGGCAGCTTGTAACCGGGCGGATCGCCCTTGGGCCCGCCATAGCCGAAGTACCCGCCCCAACTCGCATCGCACACGGCGCTGGCGGGGGTCCAGTTGCCTTCCTGCAGGCTCGTCAGCAACACGCTGCCGTCCGGTGAAATGCCGATGCCATCGGGGTTGCGAAAACCCGTAGCCACCACATCCGCTTTGCGGCCGTCGGCCGAGATGCGACAGTAGCCCTGATTGCCCGACACGAAATACCATCGGCCCTGATCGTCGCGCTCCAGGCCGGTCACAAACTGGTGCCCGGCGGCCGAGGTCTTGTGCGCCATCGTGATGCATTCGTAGAAGTCCGCCTCATCGTCGCCGTCTGTGTCGTGCAGCGCCACGAGCTGATCGCGCCCGATGACATAGATCACCCCGTCGACGACCTTGAGCCCCAACGCGTGGTGAAGCCCCGCCGCGTAACGCTTCCACCGCAGCTTCGACAGATTCTGATCCGACACGTCGACAACCCACACATCCCCGTGCAGCGTGCAGACCGCCAGGCGCGTCGGCGAGACGCAGTCGACCCCGCCGAGAAACATCAGCGCGTTCCACGGGTTGTCATACGGCAGCGTGAGCGTGTCGATCGCATAGGGCGAGCCTTCGCCCATCGTGCCGGTGGTGATCACCCGCTGTGGCCACTGCGGGCCGGTCGCTTTGCCGATCGCCGCGTCCAGCGTGTCGACGTCCCGCACCATGACTTTGCCATCATGCGCTTCGGCGAAGCGGAAGCGCCGCTTGCCGTTTTGTTCATACTCGAAGGCGACGCGATCGCCGCGGCGGTGCAGGCCGATGTATCGCGCGCCGTTCAGCGAATCGCCCGGCGCCTGAACTTCGACGACCGGTTGATCGCCCATCATGGTGCCGTGCAACATGCCGACGCGCACATCCGACCACGACACCGGCTTGCCGCGCCAGCCGACTTCGAACTTCAGCGTATCGAGGTTGAACACCGCGTTCAGTTCATCGCTCAGTTGCACGGCATAAGCGCGGCCGATCTTCTTGCCGGCCCCGTGAAAGACCCCGCCGACCATCGAGCCGAAGTTCATCCGGCTGGGGCGGTTGTCCCGCCACGAGTCTTCATTCTGATTGCCCCAGTGGGTCACGCCGCCGTCGAGCCCCGGGTATTGAGGGATCAGCGGCAGCACCTGGTCGGTATTCATCGGCCCGTAGCGCATCGCCTGCTTGGTGTAGAAGTCGTAGAAACGCTGGCGATTGACGTGGGCCTGCCAGTCGGGGTTTTGCTTCGGGTGCAGCGGGCGACGATTCAGCCAGGCCGGCACATGGTCCGTCGGCCCCAGCAGGCGAAACTCCGCCAGCACCGGCGGCCCGGAACACTCGACCACCACCACGCGAAACAACCGCGCCTTGACCGGCTCAAAATTCACCCGCTTGTTTTTACCGATCGTCGTACCCGACGCCAGCGTCTGCCACTGATCGCCGACCTGCGCCTGAATGACGAACTGCTCGGAGCGTTTGTGCTTGCCTTCGTCCAGCACGGCCGCGGCGACCGTCACCTCCGCGCCCAGGTCGATCTGCACCCACGCATCGGTTGATTTTTCCGCGGCGGACCAGAGGGTGCCGAAGTTGCCATCGTTGAGGTTGGCGCGATTGAATTCGGGTTTGCCGATCCACTCGCTGCTGACGATGTTGGGCTGACCGGTCGACAGCACCGCAAGATCAGCGGCCGCGGACATCGATGCCAACGAACCGACCACCAGCACCAGGCACAAAACCCGAGTGGTCCATTCCCGCAAGAAACAACCGTTCATCACCATTGTGATTCCTTACAGGGGGATTCAGATGTCGTGATCGCGCCTAGTGTGGGCGATCACCACTGCAGACGTTTGTCGTCCGGATCGAGCTTGCCGTGGGGGCGGATGCCGGGACCGGGTTTGCCGGCGTCGCCGAGGTCGGCCCGCATCTGATCGGCAAGTTTTTTCATGTGCTCGACGACCTGCGGATGCTGGGCGGAGACATCGGTGGTCTCGTTGCGGTCGTTTTCCATGTCGAACAGGGCATAGCCGATCTCACCCTTGCCGGTCGGGCCGGGGTAGCCGTCTTTGCCGGCTTTTTCGGGCAGGTAGTGACGGTATTTGTGGGGCAGGTGGAGCTTCCACTTCTGGGTGCGGACCGCCTGAAGCTGCTGGCCGTAGTAGAGGAAATACGCTTCGTGCGGGCTCTTGTCGGATTCACCGGTGATCAGGGGCCAGATGTTCATCCCGTCGATCTTGTGGTCGGGCAGCTTGGCGCCGATGAGGTGGGCGATCGTCGGGAGGATGTCGATGGTCATGGCGACGGTGTCGCAGGTGGTGTCGGCGGGGATGACGCCGGGCCACCACATGATGGTCGGATTACGCGAGCCGCCTTCAAACATGGTGCCCTTGCCTTCGCGCAGGCCGCCGGTTTTGCCGGCATGGTTGCCGTAGTTTTTCCACGGGCCGTTGTCGGCGGTGAAGATCACGAGCGTGTTCTTGTCGAGATCGTTTTTCTTGAGCGTGTCGAGAATCTGACCGACGGACCAGTCGACTTCCATCACGACGTCGCCGTAGAGGCCCGCGCCGGATTTACCCTTGAATTTGTCGCTGACGAAGATCGGCACATGCATCATCGAATGCGGCACGTAAAGGAAGAAGGGGCGATTCTTGTTGCGGTTGATGAAGTCGACGGCGTGCTCGGTGTACTGCGTGGTGAGCCGGGTCTGGTCTTCGGCGGTCACGTCGGGATCAACGACGTGATCATTTTCGATCATCGGCAGAGGCGGATAGAACTTGGCTTTACCCTTGCCGGGCGGGAAGCGTTTGTTGTCGTAGTCGAAAGGCCACATGTCATTGGAGTACGGCAGACCGTAGTACTCATCGAAGCCGTGGTTGATCGGGAGGAACTTGGGATGGTGGCCGAGGTGCCACTTGCCGTAGACGGCGGTGGCGTAGTCTTTCTGCTTGCAGATTTCGGCGAAGGTGACTTCGTTGGGGTTGATGCCGTACTTGGCGGTGTGGTTGAGGGCGCCGCGGATGGACACACGATTGGAGTAGCACCCGGTGACCAGCGCCGCGCGGCTGGCCGAGCAAACGGCCTGTGCGACCTGGAAGTCGGTGAAGACGCGGCCCTGCTTGGCCATGCGATCGAGATTCGGCGTCGGATAATCTTTGCAACCGAAGGGGCCGATGTCGGCGTAGCCCATGTCATCGATGAAAATGACCACGATATTCGGTGTTTTCGAACGATCGGCGGCCATGACGGAGCCGACCAGGACACTCAGGCTGAGCAAAAACAATACGACCAGAGACTTGCGAAGATGCATGATGTACCTCAAACTAGGGGGCATTCACGGTAGCGGTACGGGGCTTAACGTAGGTTTTGGGTTCGTTTATGCGGTGTAACCCTGTTGGCGTGCTGGGGGCGCGTGGACTACACTAGGCTCTTTCCAACCCAGCGGAGCGTCTGTCATGACTCGCACACCCATTCAGTTACCTCAGCAGCGCCAGTTTGGCGAAACCTCGCGTCTCGGCGCGTGGTGGCTTCAGCCGCTGCTGGTCTTTCTTGGCCTCGGCGCCTTCATTGTCTACTCGACGTGGGCGGCGTTTCAGGGAGCATACTACGCTTCGGGGCCGTATCTGTCACCGATGTATTCCCCGCTGATCTGGGAGGGGGCCGGCCAGGCGACTTCGGGACACAACTGGCTTGGGCACTGGCCGGACTGGCTGCCCGCGGCAGTTGTCGGGCTGCCGATCACGCCGGCGTTTTTGATACTCTGGGCGCCGGGTGGCTTCCGCTTCACCTGCTACTACTATCGCGGGGCTTACTACAAGGCTTTCTGGGCCGACCCGATCAGCTGCGCCGTCGGCGAACCGCGCAAGAGCTACTGGGGCGAGCGCAAGTTCCCGTTGATCCTGCAGAACATCCACCGCTACTTCTTCTATGTTGCGGCACTGTTCATCGTGATCCTGACCTACGACGCGCTGGTGGCGATGTGGTTTCCGCCCGAAGGCATGACCTACGCCCAGGCCCACGAGGCGCACGCCCTCGAATTCGGCTTCGGCATCGGCACACTGGTGTTGATCGTCAACCCGGTCCTGCTGGGTCTGTACACGTTCGGTTGCCACTCCTTCCGCCACATCATCGGCGGCCACAAGGACTGCGTGACCAAGGCCCCGGCCGGCAAAAAAGCCTATGAGTGCGTTTCGTGCCTGAATAAACGCCACATGCTCTACGCCTGGATGAGCCTGTTTTGGGTCGGTTTCACCGACTTTTACGTTCGCATGTGCGCGATGGGCTACTGGACGGACCTGCGAATTTTCTAATAGCCGCGATGCAACG
CP050848.1_gap78	2868288	2872069	3781	GCTGCTGGAGCGCATCATTCGTTTGAGTTCCAGCGAAGGCGATCTGGTGTTCGACCCGTTCACCGGTAGCGGGACCACGCTTGCCGTCGCGGCGCGGCTTGGGCGCAACTGGCTCGGGTGTGAGCTATCGAAAGACTATGCCGCCAAGGCGACCGAGCGCATCGAGCACGTCGCCCAAACCGGTCAGGCCATGCAGACCACGCTCGCGGACAAGGGCATCGTCAAGGGCAAGCCGAAGAAGAAAGCCGAGCCGCACCGCAGTCCCAACCTGCGCGGCAAGCGTCGTCGGGCCAAATAAGAACAGTTGACGGTGTTTATTGAGTCGCCCGGGCCGCGTGAAGTTGCTCGGCGGCTTCGAATACGCGCCGGCGGACTTCATCCAGCGGGGCGTCGACGCGGGCGCCGGCGGCTCGGGCGTGACCGCCGCCGCCGAACTGGCGGGCCATCTCGTTGACGTCGACCGCCTCGATGCCGGGCTTGGAGCGGAAGCTCAGACGGACCGGGCCGTTGTCGGTTTCGGTGATCAGCACGACGACCTGAACATCCCCGACGACCTGCGGCAGATCGACCAGCCGCTCGGTCTCTTCCTGGATCGCGCCGGTGTCTTCGAAATCGCTGCGGCGAAGCGTCATCACGGCGACGTTGCCATCGGCGATGAGCTTGAGACTGTCCAGGGCGCGAATCATCAGTTGCAGCTTTTCGGGGCGCTCCGCCTGTTCGAGCTTGGCATACAGTTCAGCGTGATCAACCCCGAGTCGCAGCAGTCGGGCGGCGAGTTCGTGGGTCTCGGCGGTCGTGTTGGAGAATCGGAACCACCCGGTGTCTGACGCGATGCCGACATAGATCGCATCGCGCATCACGTCGTCGTATTCGACGCCCAGCTCATCGATCAGCGCGGCCACGATCTGTGCCGCGGCGGCGGCGGATGAATCGATGTAACGCAGCGCGGCCACATCGTCACCGCGCAGGTGGTGATCCAGCAGGATGGCGCGCTCGCGGCGGGGCTCCAGCCACGCACGCATCGGTGCAAGCTGCGTCCAGGCGCCGGTGTCGACGATCACGATCGCATCGGGTTCGCCCTCGGGCAGGGGGTCGGACTCGGTTTCGTATCGATGAAGATGACCATCGCGGGCGAGCATGGACAGATTGCCCGGCACCGGCGGCATGACCCAGCGCTCGGCGGTCTTACCCATCGACTCCAGCGCCTCGGCCAGCGCGACGACTGAGCCCAAGGCATCGCCGTCGGGTTTTGCGTGTGTGGTGATCACGATGCGCTGAGCGGTGCGAAGCTTGTCGGCGATGGCGGCGAGGGTGGTGTTGGATTCGTAAGGCGTCATGCAGGCTTATCCCGAGGCGTGGGCCAGATCAGCGGCGCTGAGTTGTTGAGCATTGTAGAGGGTTCGAATCCGCTGGACATCCCGGTCCATCTGCTGCACGAGGGCATCGACGCCGGTGAAGGCGGCCTGATCGCGGATCCAGCGGAGGATGTCGACATCGATCGTCTGGTGGTAGAGGTCGCCTTCGAAGTCGAGGATGTAGACCTCGAAGGTGCGGACAGACCCGCGGAAGGTGGGCTTATCGCCGACGCTGATGGCGGCGGCGTAGGGTTTGGCGTTGATGTGGGCGATGCCGCCGTAGACACCGTCGGCGGGGAGTTGGCGATCGCCGAGGTCGAGGTTTGCGGTGGGGAAGCCGATGGTTCGGCCGCGCTGTTCGCCCTGAATGACCCGGCCGCGCAGGGTGTACGGATGGCTCAGCGCGAGTTGGGCATCGGTCATGCGGCCTTGTTCGATCAGCCAGCGGATCAACGACGAACTGACCGGCACGATGGTTTTATCACGCAGCGTGACGCTCACCGGATCGACGATCGCCACCTCGAAGCCAAACTCACTGCCAAGCTCTTCGAGCAGGGGGATGTCGCCGGCGCGCTTGCGGCCGAATCGGAAGTTGGGCCCTTCGACCCAGGCGACGGGCTGATGTCGCCGCACCATCATTTCGACGAAATCACGGGGCGACAGGGACAGCACTTCGCGCGGGTCGGGTTCGAGCCAGTCGATCTGATCGGCGCCGGCGTCGATGAGGGCGGCCTGGCGCTGGGTGATGTCCATGAGGGTGGTGGGCGACTGCTCGGGGCGCAGCTCGGAAAGCGGATGGCGCGTGAACGATGCGACGACAACCTGCGCCCCGCCGGTGGCCCCTTTGGCGATGGCGGCGGCGTAATCCAGCAGCGCGCGGTGGCCACGATGCACGCCGTCGAAATTACCCACTGTGATGACCGAACGCTTGTCGAGCATAAGCCTCAAAGCATAAGCGGCCGGGCAGGCGTTGCCAATGGGGAATATCGCCCAGATGGGCGGTGAATCGCCGAAAAAGTGCTTGCACAGCCCGGGGGGCGTCGTGGTATACTGGTGGGCGAGTAAAGGCGCTACGAAATCTTCATATCCACGTCATGCGGCTGTCGGTCGTTTGTTTGTTGTTGACGATCGCATCAGCGCGAAGGGCACGAAGGAGAATGCACATCATGAAGATCAGAACGATGACCCAACACGGCCTCGGGATCATGGTCTGCCTGCTGGCGATCGGGCTTATGCACGACCCGGCCGGCGCGGCGAGCTTCACCTGGAACGGCGGCAGCCTCACCAGCGACGACTGGTCTGATGGCGACAACTGGGCCGGCGGCATCGCCCCGGACAACGACGGCACGGCCGACATCCACTTCGCCGGTTCCACCCGCCTCTCGCCCAACGTCGATGCAGCCTGGAGCGTGCGGAGCATCACGTTCGACTCCGGGGCCGCGGCCTTTTCGATCGGCGGCAGCACCATCAGCCTGCCGGTCAACCTGATCACCAACTCCAGCACCAGCACGCAGTCGCTCGCCAATGATGTCGACTTCACCGGCGGCTTCCGCAGCCTCTCCGCGTCATCGGGCGACGTTACCCTGACCGGCCAGTGGACCATCGCCTCCGGCAGCACCATCTTCGCGCGCGGCGGGCATGACGTGACCTTCGACGGCCTGGTCACCGGCGGCGGCAGCGTCAATCGAACCGATCCCGGCACCACCTTCCTCAACAACAACGCCAACGATTTCGCCGGTTCCATCTCGACGGCGCATGGCGTGGTCGAACTCGGCTCAATCGCCAACGCCGGCGTGGCCAGCGCGATCGGCGCCGGCTCGACGATCAGCCTGGGCCAGGGCATCTGGGGCCCCAGCGACACGGGCAGGCTCCGTTACACCGGCGCCACCGCCTCGACGGATCGCACGGTGGTCATGGTCAGCAACGGCACGACTCAGGCGGTAGAACCTTCGCAGACGCTGGGCTTCTCCGGTCGGCCGACCATCGAAGTGACCAACGCTTCGACCACGCTGACATTCGACGGTGATTTCAACTATGCCGGCAGCAGCACCCTCGGCATGTGGCGTTTCTTCGGCGCCGGCAACGGCGTGATCAACGGCGACATCACCACCACCGGCGCCCGCATTCAGAAAAGCGGCGCCGGCACATGGACCCTCAACGGCGCGGCCAACAACACCGCCATCACCGAAGTCCTCAACGGCACGCTGCTGGTCAACAACACCCTGGCGTCCAGCGATGTGCTGGTGTCCAGCGGTGCGACGCTCGGCGGCAACGGCACGCCGGCCGGCAACGTCAACATCGCGGCCGGCGGGTTCCTGGCGCCGGGTGAGTCGATCGGCACGCTGAACGTTCAGCAGGATGCGACCATCGACGGCACGCTGCTGATCGAGGTCGACCCGACCGGGGCCGGCTCCGTCGATCTGCTG
CP050848.1_gap79	2983632	2985557	1925	TTCGAACTACGCCGCATATCCAAAAAATAAAGGGACAATCATGGGCTGGCGTGTATTCAAAAAAGACAAGGGCAGAAGGAAATACACGATTGAAGGGCGAGACCATCTGGATATCAGACGGCGCATTCCTGCCTTTCAAGACAAGGCACTGAGCCATGAACTTGCACGGAATGTAGCGAAGATTGTTGAATTCAAGAGCCAGAATGCGGCGCTGCCTCCGATGCTGGCGAGGTGGGTTCAAGACTTAACGCCATCAATCAAGCATCGACTGGCGGATATCGGCCTGCTGGATCAGTGGTCCCGCCCGATTTCGGACCACCTGGCCGACTATGAGCAATCACTAGCCGCCAAGGGCAACACTGATAAGCACGTTACGATTTCGATCAGCAGGATTAGCCGCATCGTCAAGGGGTGCAAGTTTCGATACTGGTCGGATGTGAACGGGAGCAAGGTTCAGCAGTTCATTGCAAGTCTCGGTGTAACGAAGAAGAAGCCTGCGACGGCCGCCACACAGAATTACTATTTACGGGACTTCAAGTCGTTTGCTCGCTGGTGCGTCCGTGATGGGCGGATTTCCGAATCACCCATCGAACACGTCCGCCCATTGGCCGCTGCGAAAGTTCGCAATGATCGACGGCGGGAACGGCGGGCATTTTCCGCCGATGAGATTCGCACTCTGTTATACACGACCAGCACGGGACCCGATAGGTACGGTATGTCTGGTGTCGAGAGGGCCATGCTGTATCGGCTGGCTGTTGAAACAGGACTGCGGGCAAGCGAGCTACGGAGTCTGCGCCGTGAGTCACTTGATCTTGATGATGAAGCTGCATGCGTCGTCGTACAGGGCGCATACACGAAAAATCGCGAGCCCGCACTGATTCCGCTGCGCCCCGAGCTAGCTACCGAACTGACTGACTATCTCGCAACCAAACTGCCCACCGCGCCAGCGTTCAATGTTCCTGATCCCGATCGTCGCCTTAGGGCATTCAAAGCCGACTTGAGGGCCGCTGGCATCCCATATGAAATTGACGGCAAGGTCGCAGACTTTCATGCACTGCGACACACTACAGGAACCTGGCTCGCTGCGAGTGGGGTACATCCGAAGCTAATCCAGCGGATCATGCGCCACTCGACGATTACGCTCACGTTGGATCGGTACACTCACGCTTTCAAGAGCGATGAAGCGGAAGCGATCACGAAGCTACCTGAGCTATCCACATCGACCGGGGCAGCCATGCAGGCAACCGGGACGGACCCACAAGGGACCGTTGGTGATGCCTCTGAGCGGGGCGCTCTACGGGATAATTCGGGTGGAAAACGGTGGACCGAGAGACCGGGGTCCGTGGACTCAACGTCACCCACAACGACACCGGACGCTGAGTCGGGAATCTCTGATTGTGTAGGGTCTGATGACGAATCTTCGGGCGAATTGGTCGGTGTCGGGATTGATTCTGAAACCTCGGCGTTTTCAGGGCATACAGATTTTGAATCCGCCGCGTCTGCCAATTCCGCCACACCGGCTGGGTTTGTGGAGATTATAGCGTTTGGCGGTGGCGATCAATCATGCGGCTGGAATTTGTCGGGTTTCATTTGGCGGGTTTGAGCTGGAGGTAGTCTAGGCCGAACATGTTGGACTTGATCGCGTTGGGGTTGATGCCGACGATTTCGACGGTCAACTCGTGGGTTCCCTTTTTCAGATCGAAGCGGCCGAGGGCGACGGGGTCGGTTTCGACGGCGGTGTGGTAGCGGTCGAATGAACCGGCCGCCTGACCATCGATCGCGAGCTTGACCACGGCGTAGTCGACCGCCTTGGTGAGGTTGGCGACGACATCGTAGACGCCGGTCTTGTCGACGGGGAACCGGATCGTGAGTTTGTCACCGATGCCGGCGTCGCGCCACCAGAGTTGGGCGTCCTGGCTCCAACC
CP050848.1_gap80	2988589	2992017	3428	AAAGGGCGACTTTGTCGGCCGTAATCTGTTATGTGTGAATTGGTTGCATCAATTATATATTTAGTATTTAGGCTAAATACTAATCTTTTGCGTGATGGTTTTGAGGAGTGCAGCTTTTTGCTTGCGTGGGGTGGTGATGGGAACTTGTGATGATTGGGATGCAGGTGATGCGCTTTGAATCATCCGAGGCGGGCGCGGTGGTCGGAAATCCATCGGTAGATGACCCGGAAGATCGGCCGCATGCCCGGCACGTGATACAACCAGGTCCAGCGGTTGTAACCCGGCAGCAGGCGGGCGATGTGGTAGACCGCGGCATCGGCGGCGTGGACCTGCCCGTCGGTCGTCACCACGTGCAGCGCCGCTTCGAGGTCTTCGCCATACAACTGCGGAAAACGATCGATCAGTTCCGCATTCTGCAGCGGTACGAATTCGAAGGTTTCGGGCTGGGCCCGGCGCTCGATCCGCTGAACCTGCTTGCGGCAGAAAGAACACTCGCCGTCGTAAATCACGACCGGGCGCGCAGGGGCGAAGCTGTCTGAGGCGCTGGTCATCGCAGGGGCGGACTCATCGGCCGGCGTCGAGAATTTCGAGGCGGTCGGTCTTCAGGTTCCATTCGATGCGCTTGGCGCGCAGCGGCTTGGCCTGATCCAGTCGCGTGATCGTGACCCACCGGTCCGGCGCGGCCGTGAGAATCACGATCTGCTTGTCGCCGTCGAAGTAGAGATTGTCGCAACTGACCACGCGCGTCGCGTCGCGCACCTGCACGCCGCCGCTGGCCTCGATGTGATCGATGTCCATGCGCTCCACGGGCATGCGGATCGGCTTGACGTCCTGCAGTTGTTTCATGTCGGCGGTGAGTCTGGCGGCTTGCAGTTCGAGCACGCCGTTGCTGCCCGGCGGGCGATGGCGCATCAGCACCTGGCCCTCGATGGCCATTGTTTTTTCCGTCTCATTCAGCGACATCGACCTGGACCACGAAAACGCCGTGACGCCGCGCCCGCTGACCGGCGCCGCGGTGAGATCCTGTCGCTGCTTTTTGTCATCTGGGCGGTAGTCTTCGATCAGCATGGTGCCGGCCCCGGTGATCGTGACGATTTTGCGGAGGTCTTCGAAGTCGAGGATCGGACCGGCCAGGCGGAATCGCGTGGCCACATCCTTGCGGCTCGGGTCGAGCCATTTCGTCGAGAGCACCACCACATCATCGCGGGCCGTGAGGTGTTGAAGCTGACGCTGATCAAACCGCGGGCCGCTGGCGCTTTTGGAACTCGGCGCATCAAGCTTCGCCTGCGAGGTGTTGATCATCTCGAGCGTGATGTGACCGGCCGAGAGCTTGTTGATCTGCGTGGGCGATTCTTCCGCCTGGGCTTCGACGTCGCCGACCACGTGGATCGTGTTCGAATCGTCGACGAATCGCATCTGCTTGGTCCACGTGACCTTCACCCGCTGACCGGCGCGGGCGACCTTGCCTTCAGCGTCGAGGTCATCCGGCTCGGTGTAGATGAACTTGCCGGCACCGTCGGCGAAAGCGACGCGGCCGTTTTTCTCGATGTTCAGGTGCAGCACGTGCAATTCGGTCTGCGGCGGCTTGTTGTTGGCCGCATCGCCGCCGCGCGTGATCGACACCGGCGAGCCAAACAGCGTCGCCTTCTGCGACACGGCATCGGCGACCAGTTTGTCGCCGCGCACGGTGGTTCCACCGCGCATCGTCAGTCGCACATCCTCCATCGCCGTCACATGCTCGATCTGTCGCGAGAAGCGATCCTGCATCGCCGCGTCTTTCTTGGCGGGCTTGGTGGTCTTGTCGGGTTTGAAGGCGTTGGCGGCGGGGCGCTTGGCGAGCGTGACGTCGAGCACCTGTGCGGCGATCTGCTGCTGCGGGTCGACGATGACCACATCGCCGCGGGCGATCAGCCGCGCCGGGGCCAGACGGCCGTCGGGTTCGGGCTCGGTCATGATGCGCAGCTCGGCGGCTTCGATCGTGCCGTCCTGCACTTTGACATGCACATCGCCGGACGCTTCGATCGCCGAAAGTTGTTGCGAGGAGTCGCCGGGCCTGGCCTCGGTGAACTCAGTCGCCAGCCGCTTGGACTTGAGTTTGAACTGCTGGTCCGATGCTTGTACATCCCCGTGAAACGTCGCTTTTTTCAGCCGCGTCGGGTCTTTTTTGCCGGCCAGTTCCAGGTCGACATGATCCGACCACGCAATGCGAAAGCCGGGCGGCAGGCTCGTCGGCTCATCGGTTTTGTCAGCTTCCGGCGAGCGGATCCACCCGGAACCCTCGAGTCGGCCGACGCCCGTGGCCAGTTCGATCTGCATCGAGGTGGCGCTGAGCGTGCCCATACGCGGCGAGAGAATCTGCAGCGGATAGGCCTCAGAGCCTTCGGCGCCCACGCGCTGCGTCGACTGCAGAAAGTCCAGGCTTCGACAGACCATCCGCTCATCGGGCCCGCCGAGTCCGACCGTCACCGGCTCGCCCTCAAAGCGCAGGTACGTGTCGCGCCCCTCAGCCATGCGCTGCGGACGGATCGCCACCGGCACCATGATCATCTTGCCCGACCACGTCAGCGTCACCGGCTCTTCCTTCTTCACCAGCGGTTTCTTCGCCGCGGCGGCTTTCGTCTTGGGCGGCACATTGATCAGCGATTCGGTCGACACCTGCCCGACCGCCGCCATCAGCGCGCCGCCGACGACCCGGGTGATCACTGATCCAGCGCCCGGCTGAATCGTCGCCCGGCTGACCTGCTCCACATCGTCGTCTTCACCGGCGCGATCCATCGTGAAGAACACCACCAGGTGATCAGCATTGATCGTGCGCTGGCCGCTGACAGCCTTGACCGAATCCGCGAATGTCACCCGGTAATACTGAAGCGCCGTTTTGTCCCGTGACTCGGTTGATTCAGCAGGCTTCTTCGCCGTCGTCGATTCTGATTTCGTCGGCTCTTGCTCGGTCGTGACCAGCCCCTTGGCGTTGGGGTCGTAGTGCAGCGATTTGCCCTGCGTGATCTCCATGTATTCGATGCGGCGGTTCAGCTCGTTGTAGACAAGCCGCATGCCCTTGCCTTTGAACGTCACCTGCCCCGTGACCGGTGTGACCAGTTCGATGTCGGAGTCGGATTTGATCTCGCCCTGCACCGTGTCGAAATGCGCCGAGTCGGCGATGTGAAATTCCAGCAACCGGTGCGGTGAGTTCGGCGAAAGGTCGATCGACTCGTCCTCATCGCATTCAAAGGCCGTGACCACGATGTTCTTGCGGAACTCACCGGACAGCGGGTGATTGTCCGGCGCGACGAAGCGCCCCTCGTCCGACTTCATGTGAATCACCCGCCAGGGCGCCACGTAGAATCGCGCCTGCGGTTTGACGATCTCGAAAACACCTTGCTCCTGAGGCGTCAGCGATTCGTAGAAAAACTCCTGTTTGAGCAGCCCGG
CP050848.1_gap81	2994353	2998319	3966	CCGCGCCACCCCGCCCGCTTTGAGCACGACAAGCCTGAAGGCCCGCCCGAGCTCGACATGGAAGATGTCAGCGTGTGGGACCTGCTCGAGGCTTTCAGCACGATGATGGAGCAGGTCGCCGGTGGGTTCACACACGAAGTCACCGACGACGACACCCCACTGGAGTTGCATGCGGCCGACATCTACGACCGCCTTCAGCGCGACGGGGCGATGTCGCTGCAGCAGATGTTTGTCGGTCGCAAAAACAAGTCGACGATGATCGGCCTGTTCTGCGCGATGCTCGAGCTGTTGCGCCAGCGAAAAGTCAAAGCCAAACAGGACACGATTGCCGGCGAGATTTACCTCGAAGCGCGCCCGGAAGAGGAGTGGACCGAAAACGTGGTCGACCCCGACGAGCCGCCGCGGACGTTTGATCCGTCGAATGCGGATGACTTCGACTGGCCGGATGAGCAGACGCGCCAGCGGTATGTGCGCCGCCAAGAGCGCCGAGCCGCCGGCGAGGTGATCATCGAAGACGCGGAGTTCAATCAGGACGTCGAGGCCCTCGAAGCTGAAGAACAGTCGACGACGGAAACGGATCAACACGATTGATACCCCGACGCTTCGCTGCGCTCAGCATCGGGCTTGAGGTGTTTGATGGGTGAGATTGAAATTCAAGTCGGTGATATCACGAAGCTGGCGGTCGATGCGATCGTCAATGCGGCCAATCAGCGGATGCTCGGCGGCGGGGGCGTTGACGGGGCGATTCACCGGGCAGCGGGGCGGCAGCTCGTCGAAGCGTGTAAGCAGGTCGACGAGGTGCGGCCGGGCGTCAGATGTCCAACGGGGCAGGCGCGGATCACGCCGGGGTTCAACCTGCCGGCGAAGTTCGTGATTCACACGGTCGGCCCGGTCTGGTCCGGCGGCGGCCGCGGTGAGGCGGAACGGCTGGCCGGGTGTTATCAGAACGCCTTGCAGCTTGCCGCCGAGCATGAATTGACCACCATCGCTTTTCCGGCGATCTCGACCGGCGTGTACAGATACCCGAAGGATCAGGCCGCCGAGATCGCGGTCCTGACAACTCGCAAATGGCTGAAATATCACAGTTTGCCGCAGCGGGTGATCTTCTGTTGCTTCAGCGAAGCAGACGCGGATTTTTATCACAACCAGTCGACTTGACACCCTACGGGTTTATACTCATAATGCTTTAACTGCATTGAAGAACACGGTCATATACAGATAATGCAGTCATTAACCTCGCCCCCGGAAGGGCTCGGCGGGTCCTCTCGGACCCCCGGGCCTTTTTTCATGCGCGGTGTTTTGTTTTGGAGTTGGCGGGACGCTGTGGCCGACTGGATTATCAGTCCCTGTCTTGCACGGGTACGAGCACGGCCTGCCCCCAAACAGGAGTCCACGCCATGATCTCGATCAATACAGACACCACGCGAACCGACTCGAGTTCGATCGCGAATCACAACGCGGTTGACACCAACCTCGAGCAGGTGCGTCTGCTGGATCTCTACGATGCGATGTCGGCCGCCACCGGCGGACTGGACCTGTCGATCGACGCCGACGCCATCGAGCGCATGCTCGATGAGCCGAGCCCGGCCGACGAGTCATGAATTGTTGATATTGCAGTGAATCAGGCGGTTTGCGACGCCTGACGCGACGGAATTAACACGGCGCTCATATTCAGCCGACCGCGCGATGCAGCGCGTCAGCGGCGATGTCGGTCGCCTGCGCATCGCCGGCGGCGTTGGGGCCTGTTTCCAGTCGCCGGGCAGCGTGTATATCGCCGCGCATTTCGATGTGACCGCAATCCATGCACATCGCGACCTGCAAGGGAATGTCCGCGCCGCGGCGGCGGTGCCACCCCGAGCCGCCGGCTTCACCGGCCGGGCTCAACTGGAAATGAATCTGGTCGGCGTTTCGAATTTGACCGGCTCGCAGATCGTTCCCCCCGCATCGTGTGCAGAACATGATCCGCATGGTGCAGCTCCATCTCGGCCCTGCCGCCGTCTGCGACCGTCACGTCCCGGAATGCTTCGGTCTCAGCATGGGGCGGCCAAGGCGTGTTCACCGATGGCCGTGGCCCGATCCGCGCCCGCCACGTACTGCACGAGCGCTCTTCCCATTGGCCCTTATCGGACGAGTGAACGCAGTTTCTACAGGGGATTAGGGTAATTGCGTAGATGTGAGTCGGGGACGGTTCGATGGACCGGGCCCGGCAAAACAACAAACCGGGCCGATGGGCAGCCCGGTTTGCGGTTGAGCGATTGAATGTGGTGATCGTTGCGGCGGGGTCAGGCGCGCCGGCGTCGGATCATCGCGGCGCCAGCCAGGGCCAGCAGGCCGAACGTCGAGGGTTCGGGGATGGCGGTCACGGTGAAGTTGTCGAAGGTGACAGTGCCTTCGATACTGCGGCTGAACACACGCATGCCCGCGGAGCCGGGGCCGAGAATTTTGGCGCTGTTGGTGTCGAGGTAGGTCATGTCCGCGAAGGGATTCGAGAAGTCGGCATTCAATGAGGCGATCCCGTGAAGCAGCACATCGCCATCGACGTTGATCGCGCTGAACAGCAGGTAGATGTCAACATTCAGCGGAATGCTTTCGCCGAGGTCGAACTCATCAAGCACGGCGAAGCTCGGGTTCTGTCGGCCGATCTGAATCAGGTCGTTGGAGGTGTCCAGGCGGAAGGTGTACCAACTGCCGTCACCGGAATCCGAGACGCTGGTTTCGCGGAGGACCAGGCCGCCGACCATGTCGGCCGTGGTGTTCATCACGGTGGTGACGGCGACGTCGGCCCATTCCTGTCCAGCGGTGTAGCTGTCGAAGTCGATCGTGGCGATGCCCTTCTGAACGCCGGAACTGGTCGTGCTCGTGAAGGTGTAAGTCTGATCGGCGACGGACTGGCTCATGCCGGTGTCGTTGTAGCCGGTCATGCGGACAGCCTGGTTGTCGTAGTAGTCGTCGTAGAACAGCAGGTTGGTTGACTGGTTGTAAACGCGCAGACTGTCGAAGGTGGCTCGTGAGCCGGAGGCGGAGTTGTTGCTGCGGAAGCCGACGCCGCCGGCGCGGGTGATCGCGCTGGCATCGGTGTCGAGAAAGTCCAGTTCGCCGGCGACGGAATTGGCGTCGGAGGATCCGGTGTACAGGCGGGCGCGGATGCGGACATTGTCGGTGCCGGCGTCGGATTCGTTTTCGACGGTCACACGCAGCAGACGATCCGTGGGGTTGGCCAGTGACGAGGTAGCCACGGTCGCCAGCTGTGTCAGCGTGCCGTTGTTGGAGCGGTAAAGGACGAGGTTGTCGCCTTCCACGCGGACGTGGTAGTAATCGCCGGAGGCGGTGTCGGTGATGCCGCGAGAGCGGAGGATCAGGCCGTTGAGGTTGCCGGAGCCGCCGGAGTAGCGGGTGAGTGTTTCCGCGGTGACATCACGGAAGGAGCCGCGATCGATCAGGGTTGTGTCCGCGAGGCTGGCGACAGCGACGCCGCCGGCGGTGTTGTACTTCTGCTGATATTCACTGGAACCGTCGTTGTTCGAGACCATGCCCGGATCGGTGTAGGCCGCGAAGCCGGTGGGCTGTGTGCCGGAGACCCCCGCGAAGTCAGCCGAGTAAATCGGATCGGCGCGATCGATCACATCGGCGAAGCTGGTGCCGACACGAAGCTGATCGAAGATGAATGTGTCGCCGCTGTTCAGACGCGCGCTGCGCAGCGCGACGAAGGCGGAGGTGTCCAGGCTGATGCCGCTGTCGGAGTTGGTGGTGACCGAGGTGTTGTAGCCTTCGGTGATGTTGGTCGGATTGACGTAGAGCGTGGTGTTGTTGTAGTTCGTGCCTTTTGTGGTTTTGACGACGACGAAGTAGGTCTGCTCGTTGACGATGTTGACGCCGGAGTCGACCCCGCCGCCGGTGCCGTTGCGGATGGTGAGCTGACGACCGCTGTCGGGAACGTTGTCGACGACGCTGATGTTGGGATTGTCG
CP050848.1_gap82	3002355	3004488	2133	CGACTGAGCCACGCTTCGCCGTCCGGCCCGCCGAAGCGCTCGCCGACGATGTCGCTGCAGCCCTTGAGCTGACTGGCCCCGCTGCTGACGCGAATGCCGCCTTCGTATTCGAACTCGACGGCAAAGTGATCGAAGATCGGACCCTTGTCATGGCGCTGCGCCTGGCCGCCGCGCGCCAGACATTTCACCGGGGTGCCCAGCACCCAGTTCATCACGTCCAGGTTGTGCAGGTGTTGTTCGACGTAATGATCCCCGCCAATCCACACGAAGTGCGGCCACGCCCGAAGCTGATGCTCCATGTCTGACATGCCCGGCTGCTTTGGTGTCCAGTGCCAGTCGACCATGCCGCCGTGCCAGTACGGATAGCCCGCGACCACCTTGCCGATCGCGCCGTCGTTGATCCGCTTGATCGTCTCAATGTAATGCGGCATGCGACGCGCCTGCGTGCCGATCACAATCGACAAACCCTTGCGGTCGGCTTCTTCATGCGCGGCGAACAGTTTGCGGATGCCCACCGGGTCCACCCCGCCCGGCTTCTCCGCGAAAATGTGCTTGCCCGCAGCCACGGCCTTGGTCATGTGATCCGGTCGAAACCCCGGCGGTGTCGTCAGCGTCACCATGTCCACATCGTCGCGCGCCAGCACCTTGTCCGCCGCGTCGAAGCCGAGGTACACATCGTCCGGCTTCACCTTGACCTTGCCCTTGGCCGCCTCGTACTTGCCCCAGTAGGCCTTGGGATTGTTCAGCGTGCCGAGAAAGCTGTCGACCTTGTCCTGAAACATGTCGGCGATGGCGACGATCTCGATATCACCGCCGGCGATGAGCATGTCGCGCGCATCGATCGAGCACCGGCTGCCGGCGCCGATGATGCCGACGCGGATCTTGCCGCTGCCCTGTGCATAAGCGCGCGACCCGAGCGTCGCGGCCGTCGTCAGCGCTGCTGCGCCCAGTCCAAACCCGCGCCGTGTGATGGATGTCGATGACATGACAAACCTCCAGAGGGATGAAGTGTGGTGCGATATTTTATAACAATACTATCAAACAACGCAAGCGATGTGGCGCGATACAACCACTCGCATCAAGCCCGATGCTGAGCCCCGCGAAGCGTCGGGGTCATCACTTCAGGTATTGATCAAAGAATTCAGCCGCCAGGTCGGCGGTCTGGTCCAGCCAGGGTTGCGACATCCAGAACGGGTGCGGCGCCCCCGGAAGCGTCGCCAGGTCGGTGTGAATGCCGAGTGTTCGCAATTTTGTCTGCATTTCGGGGCGGCCGATTTTGTGCGTGTCGTGCTCGGCTTCGATGAACAGTGTCGGCGGATCGTGTGCATCCACGTGCGTGATCGGTGAAGCCTGTTTGTACACATCCGGCTTTTCGGCGCATGTGCCACCGAAAAACGCCACCGCATGTTTACCGATCTTCTCGCCATATGCTGATACGAGGTCCATCGTCGCCGCCATGACGATGCACGCCTGCACCTTCGTCGATACACCGGCCGAGCCGCCGTCGCCTTCGAGTGCCGCATCGTCGCCGGTCATGCCGACGAGCCCGGACAGGTGGCCCCCGGCCGACCCGCCGATCACGCCGATGTGATCGACATCAATGTGATACTTCGCCGCGTTGGCACGCAGGTATCGCAGGGCTGCCTTGCAGTCGTGCAGCGCCGCCGGGTATTTGGCTTCGCCGGACAGTCGGTAATCGACCAGGGCACAGACATAACCCCGTACCGCGAGGCGTTCGGCGAGCGGCTTGCTGTGTTCGATGGTGCCTTTCCACCAGCCCCCGCCGTGAATAAACAGAAGCGCCGGCATCGGCGTGCTCGCCTTGGCGTGATCCGGCACATACAGATCGAGCGTCACCTCACGATCACCGTATTGAGCGCACACAAGTTTTGTGTGCAGCGTAACGCCCTGAGGTGTCTGCGGCTTGACCAGTTTGAAGCGAGGCTTCGTTGGAGCCGCGTCCGCCGCCCACGCTGATGAACCACCCATCAGAACAACTCCCATCACGATGAACGATGCGATCACGTGGCATTGCATGACATGCTCCTGAAAAGATCATCAATCCAACGCCGCCGCCCGATGACCTAATGCGATGTCAAATGTTCTGTCATATTCGAACTCAAATTCTAATGT
CP050848.1_gap83	3007943	3012643	4700	CATCGTGGTCTGCGCGGCGAAGCCGAGCTGATTGGCCGACTGCTGCTGCAGGGTCGATGTCGTGAATGGCGGATAGGGCCTGCTGCGTGTGCGTTTGGTCGTAATCGAGCGGATCGACCACTCCGGCTGGGCATCGGCCAGCGAACCCACGATGGTCACGCGCTGCTTGGCCGGGCCCTTGCCCTTGGGGTCTTCTTTGATCTGTTTGTCGTCGATTTTCAGGCCGATGCGCTCGGCCAGGGCCAGCGCGTCGTCGGCGGACTTGGGCTCAAAGCGTTCGCCGGCGACTTCGACAAGTTCGGCGCTGATGCAGCGGTGCTCGTTGAGCCAGGCGTTTTTCTCACGGATGGTGCGTTCGGTGATCGTGCGCCCGACGGCTTTGCGCGTCGGCGCCTCGGCCAGCCACTTGGCCCACTGCTCGGCCAGCCCCGACTGCTGGCCCATATCCGGCGTGAAATAGCCGGTGATCTTCCAGTATTCATCGGGGTTGAACGCGTCGATCTCGCGCTCGCGCTCGACCACCAGGCGGACAGCCACCGACTGCACACGCCCGGCGCTCAATCCCCCGGCGACCTTCTTCCACAGCAGCGGCGAAACCTGGTAGCCCACGATGCGATCGAGAATGCGACGCGCCTGCTGGGCGTAGACCTTCTCCATGTCCAGCGTGCGCGGCTTCTCGAAGGCCCGTTGGATTTCGTCTTTCGTGATGGCGTTGAACACGACGCGGCGGGCCTTGTCAGCCGGCACCTTCAGCGCCTCGGCGAGATGCCATGCGATAGCTTCCCCCTCGCGATCCATATCGGTTGCGAGCCAGACATCGGTGGCGGCCTTGGCGGCGCGCTTCAGGTCGGTGACGGTTTTGCCCTTGCCGGTGATGACCTCGTAGGTCGGCTGAAAATCGGCCTCGATATCGACACCGGGCACGGGAGCTTTGACGCCCTTAGGGTTACGTTTGGGCAGATCGCGGACATGGCCCACGGAAGCTTTGACCACGTAGCCGGAGCCCAGATATTTGTTGATCGTGCGGGCTTTGGCGGGGGATTCGACGATCACCAGATGCTTGCCGGTGATCTCCGAAGGCTTGGAGCGGGAGGTCCGCGTAGCCTTTTCGGCGCCGGCGTCGCGTGCGGTGGGGCGTCGGGATTTGGTCTTCTTCTTGGCCATCGTTGTCCTTGCGTGTATCGGTCGCCGGGCGACGATTCTTGTAGTCTGGCACCGAAATTTGCGGGCCGTGGTATTGAACGCAGATGAAACCATTTGTCAAGCCCCGAGCGTAAATTGATGTAAATCCATCGTTTGCGGCGTTTTGGCGGCGGTCGTGGCGCCCAGCCGACCCTAGTGGAGGCTCGCAACCATGTAGGAATCGGCGTGTAAGTGCTGGCAGGAGGTCGCCCATGAAGCGTCTGATAAGCTACGGATTTACCCTTAGTCTCGCCCTGGCTGGGGCGGTGTGCATCCTTATTAATGCACCTGCTCACGGAGCCGGGAAGGCCTCGCTGTACGCCTCGTCGGTCGGGCCGTTCGAAATCGACAGGGTCGACACGATCACGCTGAACGATCCGGCCCAGAAGAAGGATCTGCAGATTCGCGTGACCTACCCGATCGGCGACTCCAAGGCTGATCGGTTGCCGGTGATCGTCTATTCCCACGGCGCGTCCGGCTCCAAGGAGGCCTACGAACCGCTGGCCACGTACTGGGCCGCCCACGGGTACGTGGTCATTCAGCCGACCCACGGCGACTCGCTGAAGCTGCTCGGTATCCGCGGCATCCTCAATAAAAACAAGATGTGGCAGCACTGGAACACCCGCCCGCTGGATATTCGCCTGATCCTCGACCGTTTTGATGAAATCGAGAAGAAGATCCCCGCGCTGGCCGGGCGGTTGGATCGTCAGCGCATCGCCATGGGCGGTCACAGCTTCGGGGCCCACACGACCATGGCCGTCGGCGGACTCGAATTCGATGTGCCCTTCTCCGGCAAGGTGCAGTACGACGATCCACGCCCCAAATGCCTGCTGATGATCAGTCCGCAGGGCCCCGGAACCATCATCACCGAAAAGTCTTACAAAACCATCACGCGCCCCGCCATGATCATCACCGGGTCCAACGACACTTCCGTTGAGAAAAAACCCGTCTCGTGGCGTCTGAAAGTCTTCGAGTGCATCGCGCCCGGCGACAAGTACCAGGTCTTCATCGACGGGGCCTATCACGGGTTCGGCGGTATTGCCGGCAAGGTCCGCTACCGCTCATCCGGCCCGGCGAAACCCGAGCAGGTCGACCAGGTCAAAACCACCGCGCTTGCCTTTTTCGATGCATATGTCCGCGAGCTTCCGGCCGCCAGGGCTTTCCTCGAGTCCGATCAGCTCGAGCGAGCCACCGACAACACCGTTCATCTGAAACGGAAATAACCTCCGACGCGCATTCGTTCTCACTAGCCTCTGTCTGAGTTGTTTTTCGTCTACTGGAGGCTGGCATGTCACAACATCGTTTGACCCACTGCATTTTGACCGCACTGCTGCTGGCGGTGGTTGCAGCCCCCACATTGGCGGATGACGCGGTTGACGCCTGGCTCGCCAAGCAGGACTTCGACGCCGAGGCGGCCATGGTGCGGGCCAAGTGGCACGGCCCCGGCTATCACAGCATGGTCGCGCCTGGCACGATCGTTCACCCGACCCGCAACAGCATGATGTACGCCCAGGCGCTGGTGCGCCGCGGTCGGCCCGACGATCTGAAGCTCGCCGAAAAGGTCATCAACAAGGTGCTGACCTACCAGGACACCGACCCCTCGCACAAGACCTACGGCATCTGGCCGTGGCTCGCCGAGGAGTCGCTCCAGCAGATGTCGCCGCCGGACTGGAACTGGGCTGACTTCATCGGCGCATCACTGGTCGACATGCTCGTCAGTTACCCGGATCGTCTGCCTGATGATCTGAAGCAGAAGATGCGCGCGTCGGTCAGTCACGCCGCCGCCGCCATCCGCAAACGCAATGTCCAGCCCGGCTACACCAACATCGCCATCATGGGCGGTGTCGTCACGACCGTCGCCGGTGAGTTGCTCGACGACCAGGCCTTGCTCGACTACGGCCGGGCCCGCCTGCAGCACTGCGTCGAGCACGCCAACTTCCACGGCAACTTCACCGAGTACAACTCCCCGACCTACACAGTCGTCGCGCTGCTCGAAGCCGAGCGCGGCGTGCGGTTGATTCACGATGAAGACGCTCGCGCTGCCGCCGAGGCGCTGCGACAGATCGCCTGGCGCACCATCGCTGAAAGCTTCCACCCCGCTACACACCAGTGGGCCGGCCCGCATTCTCGCGCATACTCCGATCGCACGCGCGAGACGACGCTTCAGGTGCTTGCCGATCGCACGGGGCTCAAGCTGCTCGACGAGCCGGCGGCCGTTTTCCCGGAAGACGCCTTGCCGTGTCCGCCCCAGTGGATCGATCAGATGAAGAAGCTGCCGCAGGATCCGCTGGAGCTTCGTCGCAGCTTTCAGCGTGACAAAAACGGCAAGATCATCAGGCTCGGCGTCACCTGGATGACTGCCGACGCCACGCTCGGATCGATCAACCATTCCGAAACCTGGGTGCAGCGCCATCCGATCATCGGGTATTGGACGATCGACAAGGCTGAGCCGGCTGTGTTCAAGGTCAACCTGCTCAAAGACGGTCGCGAGTTTTCATCCGGTCGGCTGACAACCCGCCAGCAGGGTCCGACCTTGCTGACTGCCCTGAGTCTGGATCGCCGCGGTGGCGACTGGCACATCCACATCGATCGCTCCAAGGATGGCAACTTCGAATTCGCCGACCTCCGCCTGCGATTCAGTGTGGAGGGACAGGGCGCCACCGCCAAAAAGATCGACGAAAACACCTACGAATTGGCCGCCGGCGAGCGCCGCATCGTCATTCACACGACCGGAGGCAACACCTTCGCTGACCTGCCCGTGACGTGGGAATGTGGTGTCGATGGCGGGCTCGCTTACGTGGATGCGGTCTGCTACCACGGCGACAAACGCCCCTTCAACTTCCACAAAATCCCCGGAATCCAACTCGCCGCCGGCGTCGAGCTGCTCAAACGCGACGAACCCGCCAGCGAGGCGAAACTCATCGTCAAACCCGTCGACAAAACCGAGAATCAGTTCACATGGGGTGACCTCACGCTCAAAGCGCCTCTGACCGTGCGATAAACGTTTAGCCGGCGAGCTTGCTCGCCGCGTAGGCGAGTGCGACAGCACAACGATCGTCCAAGCGGCGGGCAAGCCCGTCGGCTAAACAGATCAATGGGTGATCGTCGCCGGTGTGGGCGTCGGTGTTGTCGGGGCCGGCTCTTCAGCGGCGTGCCAGCGGGCGGTGTCCATCGCCGCCTCGAAGGTGCTGCAGACGGTGACCATCTCACGGTTGCGCTTCATGCGCGAGCGAGCCAGCAGGTGCAGCGGCTGCGGCTGAACCCCGGCGACGATCACGTGCAGCTTCATCTTTTCCAGACGCGCGATTGCCGATTCGAGGTTCACCAGTCCCGTGGCGTCCATCGCCGGCACGCTGGACATATCGAGCACGACGACGCGCACGCCGCTGCCGATGGTCCGCATGGCGTTGATCGCCTTTTGAGCGGCGCCGAAAAACAGCGGGCCGCGGATTTCATACACGACCACGCCCGGGGGCAGCACCGTGTCCGAAGCATGGTGCTTGTCGCTGATCAGTTCC
CP050848.1_gap84	3018345	3020763	2418	GTATGACACCGGTCGCGGTCGTCCGGTGCTCGAAGGGCATGGGCGCTCAAGCCTGTTCTATCTGCGGGCATCGGGTATACGAATTCAGTATCTTACGCTGCGCAACATGGGCATTCCGATCATCTCGATCGATCACTGGAAGTCGTACAACTTCGGCGGCAAGAAAGGCCTTTTGCACTGGCCGACCTATCAGCCGGATACACACGCCCAGATGGTGCACGATGCGGATATTGACGACATCGCCGTCATGGATTGTCGTTTTGAAAACATTGGCATCGCGGTTCTGTTTATCAAGGAATTCCACGGGATTCATGACATCCACATCGGCCGCAATCAAGCGATTGGCGGCAGCGGGTTCACTGCCTTTCAAACATATGACTTTGACGACATCTATTTCTATCAGAATCGTCTTACAGACTTCGATCAGGGCACGCACGCAGCCAACTGGGCCCAAACGCTGCTGTGGGTCGGCACCAACGACATCACCCATAAGCAGACCAATCGCAACGTATTCGCCGAGTTCAACGAGGCCCGCAATATCCGAAGCGCCCATTCATACAACAAGGTCAATGCGGCGGTGTTCTGCGATATCCGCGACTGCTCGAATGTATCAATTGCTTACAACGTGTTTAAAGACATGGTCAACACGAAAGCGCATTCGGATTGCAACGTGGTATACAGCAAAACCGATGATTTGATGATTGATCACTGCGTCTTCGAAAACTGCGGGGCCAACGACAGCCCGGACGACGGCGACATCGGCTCCGAGGGTGGGTGCATCACCCTGAAGGATCACACCTCGGATGCCGCCCGTTTCGGCACGATCATTCAGAACTGCACATTCATCGCGGGCTCGATCACGGAAGTGCCGATGATCCTATTCAATCACGACGGCGTGTTGCGCAACTGCACGTTTAAGGGCTGGCAATGGACCGGAACGAATAATCATCGCCGCTACATGATTCAGAAATATAGTGGAAAATCACTGCTTCTTGAAAATTTGAAACTCATCGATTGCGGCGGCAAAGGCGCTTGTGCCGTTCGAGAAGACAACGCGGTGACTGCGATCGTGAACTGGCCCACTACAAACTTCGATGACGACCGCACAGCCATCTTTACGGGCGTGAACTTCACCGCCAATGCGAACAACGATCAAGGCGTGCCGCTGTGCAATAAGTAATCATGTTGCGGTGGCGTTATCGACGAGGTAGACATCGTCGTCATCGATATCGGGGATGCCGATGACGAGCACGCGCATCCGCCCGCGCGTGGCGTGGATGATCCCGGGCGGGATGTGCACCATTGAGCCTGGACGCAAGGTGTGTTCTTCATCGTCGAGTGTGATCACGCCTTCGCCTTCCAGCACGTAGTAGAGTTCCGTCGCGCGTTTGTGATAGTGGGCGGCGGAGGTATCCATGACGACCTCGTGCGCCCACGCCGCGATGCCCGGGGCGGCATCATCGCGGCTGATCAGACGGCGGCGCGTGCCGCATGTGCTGGTTTCGGTGGATTGTTCATCGGTGTGACGCACGAGGAGTGCGGAGGGTGGGGTGGACATGGTGAGTCTCTGCGGTTACTGACGGAAGCGGATGAAGACGTAGAAAGCTGCCAGCAGCATCACAACGCTTACAGTCCGACCCGCTATGTTGATGGGGGCTTCCCATCGGGCGAAGCTGATGGGGTCAGTCCAGGCGAGTGCCAGTCGAAGGATCATACAGCCGATCACAACTACGCTGAGAGCGAGCAGAGTGAGCACCCAGCGGCGCGGGGGGCGAAGTGTGATGGTCTTTTGCGAGGATCGAGACATTTCTGGTCACCCTCATCATCATAGTGCTGACCCCCGGGCTTCGGAAGACCTCAGCCCGGGGCTTGATAAATTATAGATGCATAAAAAACCTCACCCGCGCGGGGCGCGGGTGAGGGGCATGGGCACTGCTTGAGGCGTAGATGTGAACGGTCTGATCAGGCGCGACGACGGCGGGCCAGGACGAGCAGGCCGCCGGCGAGTGCGGCGATGGAGGCGGGCTCGGGGACTGGGACGTAGGAGCCGGGGTTGCCGAGGTCGCCGTTATTGTTGACGAACGAGCCGTAGATGTCGCCGGGGGTGGAGACAACGACCGAGTACACATCGTCGGCGCCGAGGGCATTGGGGGGAATGTTGGCGCTGACGCCGTCGGTGCGGGGCGTGCCGGGGAAGTCGTCATCGCCGTAGGTCAGGGTGTCGACGAGGCTGTCGGAGTTGTCGAAGATGTTGATGGTGTCGCCACGGCCGATGTTGTTGGACACGCCGCCGAGGACTTTCACGGAGGCGTCGAGGTTCCAGGCGGCACGGAAGGTGGCGGCGGAGTCTTCAGTGATGACAACGGATTCGCCGGCAGCGACGATGCCGAAGCCGGACAGATCGAAGACGCCGGGCGA
CP050848.1_gap85	3038115	3039004	889	CAACTGGCGGACCCGTGGACTGAGGCGAATGTACAGGCGATCGACCCGGCGGGCCGACCTCGCAAGATCGAACTGCATCGCAGCGATCGCGTGATGGTCGGCGCGATGCTCGGGGCTGACCGCCGGGGATATTACACGTTCGTGGTTCAACCGCCGGCCGAGGGGCGGAATGTATCAGCGGCGATGAAACCGCAGCAGCGCGGATTCGCGGTGAATCTCGATGTCGATGATGCGGGATTTGAGACGATGCCGGAGTCGCAGATGCGGCAGTTGTTCAAGCCGCATGAAATCACCGTGTTGCGCGGCTCGCCGGATGATCCCGTGCTGGCGGAGCAACTCACGCAACGCCATGAAATCTGGCGCACGCTGATCTGGCTGATGTTCATCGTGATGGGGGCTGAATTTCTGCTGTCGACGCTGCGGCCGGTGGGCTCACGCGATCGGCGCAAGGGCATCACCGGCGGTGTGAGAAATCTGGCCGAGCGCCTTGGGGCCCGGGCGAATGCGCCACCGGCGGGGCGCGTCCGTCGTGATTTATCGTCGGGTCAATCGACGCGACCGATGGAGCGCACGCCATGAGCATGACTCAGACCAACATGCCGCGCCCCGATGACGACCGCCAGACGCATCGCCAGCTTGTCGATCTCGTCGAGTTGACCACGTATCAGCTTCATCGCAACAAGCTGATCACCGGGTCGGCCGCTGTCGAGATCGGCGTCGTCGGATTTCTCACCGGCGCGGTGATATTCGACATGCTCTTTCCGATGCCGGTCGCGCTGCGGGTGATCACCTGGGGACTGTTCTGGTGTGTGCTGCTTGCAACGCTCATCTACGGCGTGATCTGGCCGACCATCCGCCGGCCCAAACCCGCCGAAGTCGCGCTGCGCAT
CP050848.1_gap86	3145592	3149652	4060	ACAAAATTCTCAAAGCCCTGGATGTGGCCGGCCTGAAGGTGTTCGAACCGATCGTTCGCCTGTGCTACGGCGAAGAGCCGCGCGTGCAGGTGGTGAAGATCGGCAAGTTCATCGTGGTGCCGGTCATCGTGTTCTGCATCTTTCTCGGCCTGTGGGGAATGATCGCGCCGCGTCACAAGACCAAGTACGGCGAGGTGCCGACGCCGGCCGTGGTCTGGGACGCTTTCAACGGCGTGTACGACTTCCATGTTCGTGAAAACACCAAGCAGGACGATTACCGTCGGTCGGGCCAGGATCGTTCGCAGACCATCGAGCAGGTCAACGCTGAGCTTGCCGCCATCGAGCCCGACGCCGCCGCGGCGCACAAACACCTCGATGAAGTCAAAGCCGAGGTCGACGCTTCGTTGAAGGCCGAGCTCAAGCCCCTGCAGGACGAATACAACGTCATGAAGACCGCCGCCTTCGACGCCCGCAAGCAGCGCGAAGCCGAGCTCAAAGAAGCCGCCGATTGCATCAAGGCCGACGACACCGACGCCCGCGAGTCGCTGCTCGCATCGATCATCGATCACGAAAACAAGACCGATGCCGACCGCGACAAGCTCGACGAACTCAAAGCGAAGACCAACACGCTGTTGGCCGCCAAGGCCCCGCGCCTGCTCGCAGCCCAGCAGCAGGTCAACGCCATCGAAGAACAGCGCATGTATCTGAACATGCGATTGCAGCGACTCGAATCAGACAACCGCGAAGTGCGCCTGGCCGATGCGGAAACAGACCTTAAAGCCATACATGCGGAATACCTGACCGCCAGCGGGCCCAAGCTGCTGGCCCTGGGTAAGAACATCGTCCGCAGCGAGCAGCGCCTCGAAAAGACGAAGACCGCTGAGCCCGCCGGGCCGTGGACGTTTTTTGAGCAGATCGCGCGCTCGCTGGCCTGCGTGTTTCTCGGGTTCGCCATCGCGGCGGGCATCGCCATTCCGGTGGGCATCCTCTGCGGACTCAGCCCGGTGGTGATGGCTTCGATGACGCCGCTGATCTCGCTGTTCAAGCCGGTGTCGCCGATCGTGTGGCTGCCGATCGTGTTGATCATCGTCGGCGGGTTCTACGCCAATCCGGACCAGGCGTGGATTCAGCCGTCTTTCCTCGCTTCGGCGATCACGGTGGCGCTGTGCTCGCTCTGGCCGACGCTGACGAACACCGCCTTCGGCGTCGCCGCCATCGACAAGGACCACCTCAACGTCGCACGCGTGCTCCGTCTCGGATTCTTCACGCGACTGTTCAAGATCATCATTCCCTCGGCGCTGCCGCTGATCTTCGCCGGGCTGCGCATCAGCCTCGGCGTGGGCTGGATGGTGCTGATCGCCGCCGAGCTGCTTTCGTCCAGTGAAGGCATCGGCAAGTTCGTCTGGGACATGTTCAACAACGGCTCGTCGCAGACCTTCGCGCAGATGTTCGTCGTCGTCTTCTTCGTCGGCGCCATCGGCATGTTCCTCGATCGCATCATGATCGTGCTCCAGCGTCTGGTCAGCTTCGACGAAGCCCCGACCGCGATCTAACCCCCTGGAAGGTTTGAGACCATGGCTTATCTGGAAATGGAAAACGTGTGCGTCGGATTCGGCCCGGCTTCGCATCGCAGCGAGGTGTTGACCGATGCTTCGCTGTCGGTTCACGAAAACGAGTTCGTGGCCGTGGTCGGGTTTTCCGGCTCCGGCAAGAGCACGGTCGTGTCCGTCCTCGGGGGACTGATCAAACCCGACAAGGGGGTGGTCCGCATCGACGGCAAGGTCGCCGCCGAGCCCGGGCCCGATCGCGGCATCGTGTTTCAGAACTACTCGCTGCTGCCGTGGCTCTCCGTCAAGGGCAACATCGAAATCGCCGTCCGCCAGGTCTACCCGAAGATGAAGTCCCGCGAGCGCACCGCCTACATCCAGCGCTACATCGACCTGGTCAACCTCACCGGCGCCGAGTGGAAAAAACCGCATGAACTGTCCGGCGGCATGCGTCAGCGCCTGTCGCTGGCCCGCACGCTGTCGATGCAGCCGAAGGTGCTGCTGCTGGACGAGCCGCTTTCGGCGCTGGACGCGCTGACCCGCGGCGTGCTGCAGGATGAAATCACCCGCCTGTGGGAAGAAGACAAGCGCACCGTCGTGATGATCACCAACGATGTCGACGAAGCGCTGCTCATGGCCGACCGGATCGTTCCGCTGACGCCCGGGCCCAGCGCCGGTTTCGGCAGGCAGTTCACCGTCGACCTGCAGCGCCCGCGCGACAGCGCCACGCTGAACTTCAACCCACGATTCAAACGCCTCCGCAACGACGTGACCGAATACATGATCTCGCTGAATGAAGAAGCTCGATCGCTCCGACGCGATGTGGACATCACATTGCCCGACATCGAGCCGATTCAGATCGGCGCGGCTTAATACATCAGTAAAGCGAAGGGAACCTGTGATGGATAACAATGACGCCCGCTATGTTGAGCTGGTCAACCTCGTCAAGGAGTACCCGAATCCTTACGGGGACGCCGTGCGCGTGGTGGATCGGTTCAACCTGAACATGCCGCGTGGCGAGGTGGTGTCCGTGATCGGCCACTCCGGCTGCGGCAAGTCGACCGTGCTGACCATGATCGCCGGGCTCAACCCGATCACGCACGGCAACGTCGTCATCGGCGCTCACGAAGTCAACGGCCCGGGGCCGGACCGCGCCGTCGTGTTTCAGTCGCCTTGTCTGCTGCCGTGGCTGACGGCGTTCGGCAATGTCATGATCGGCGTCAAGCGGGTCTACCCGCACGCGACCCGCGCCGAGCGCAAGCAGATCGTCGAGTATTACCTGAGCCTGGTCGGACTCGCCGACGCCATGCACAAGCTGCCGCGTGAACTTTCCGGCGGTATGCAGCAGCGTGTCGGCATCGCCCGGGCGATCGCGCTCAAGCCCAAGCTGCTGCTGCTGGATGAACCGTTCGGCCGACTCGATTCGCTGACGCGGATGGAACTGCAGGATGTGATTCTCGGCATCCTCGATCGCCAGCGGATCACGACGATGCTGATCACCCATGATGTCGATGAAGCGGTCTACATGTCTGACCGCGTGGTGATGATGACCACCGGCCCGCGCGCCACGATCGGGAAGATACTCGAATTGCCGTTTGAGCGCCCGCGGGATCGCACCGCCGTGTTGGAACACCCCAACTACTACGACATGCGCGGCGAGTTGATCACGTTCCTCGAAGAACAGGACCACGGCTCGGACGCCGCGGACAAACGACGCGCCGCCGTCGAAGCCAGCCGCGCCCCCGGAAACAAAGCAGAGGATTCCGCTGAATCCGAGGCCGCCAAGCCCGCCGAGGTGGCTGCGTAAGTCATGATTCTCGATTCGTCCAACACGACCCCCGGAGCCCCCGGAAACCATGACACCCCGGGGCCCGCGCTGCGCCGCCGCGCAGCGGTGTGTCCGTATTGCGGGGTCGGCTGTCGGATCACGGCGGACGTCGTCGGCGAACGGATCGTGAACATCACGGCCGACAAGCAGGCTGTGCCCAACTACGGCATGCTTTGTCAGAAGGGCGCGACGCTGAAAAGCCCCGGCATCTGGGATGCCTCCGGTCGACTCAAATATCCGATGATGCGCCGGCGGCGGGATGAGCCGCTTCGCCGCGCGACATGGGATGAGGTCGCTGAATTCATCGCCGAGCGGCTGCATGCGATCCGCGCCGAACACGGGCGCGACGCCTGTGCTTTCTATGGGTCGGGTCAGCTTGATACCGAAGCGTCGTACGTGTTCAACAAGCTGTTCAAAGGCTCGCTCGGCACAAACAACATGGACACCAACAGTCGGCTCTGCATGTCGAGCGCGGTGTCGGGATACATTCAGTCGTTCGGCTGCGACGGGCCGCCGACCAGCTACGAGGATCTCTTCGAGGCGGAAGTCTACCTGGTCGCCGGCGCCAACATGGCGGTCAATCATCCGGTGCTGTTCAACATGATGCGCAAGCGGATGGCCCGCCGCCCGCATGTGAAGCTGATTGTGCTGGACCCGCGACGCACGCAGACCGCGGCCGCGGCGG
CP050848.1_gap87	3155725	3157624	1899	CTTCTTCGCGCGGATCGTCCGGGCAACGGTAAAGGCCGTTGAATAGTTTCTGCCACTGCGGCCCGTCGCCCGTGTAGATACCGTTATCCAGGTACGGGCTCAGTGCATAGCCCCACGGCATGGCGCGGTGCGCCAGGGCCGAATGGGTGCTGCGTGGCAACTGCTGCTGGTAGTCCTGCGCATACATCAGGGTGGCGTGACCGATCTGCCTCATCTGCGTCATGCAGATGACCGATCGTGCGACGCGCCGGCCCGACGCCATCGCCGGCATCAGAATACCGACGAGCAGCGCGATGATGGCAACGACCACCAGCAGTTCAAGCAGGGTGAATCCCTTGCGGGACATAGCGATCCCCTTGAACAGAGGTTCTGGTGATAAGTCTCGGATTGTCGGCAGGGGGTCAGGCGGCGCGCGGCGGGGGCGGGTCGATCAATGCATCGACCAGGTCGACAAACAACGTCGAAGGCGCATGCGCATAACCCGTCGGCGCGGGCTTGGACATGGCGCTGGTGGGGCGATCGGAGGTCCAGGTGATCGCCGCCAGCATGAGGGTCAGATCGCGGCCGTGGCACTTGGCCGACTGAATCGTCATGGTGACGGTCGGCTCGGGCGCCTCGGGCTCGGCACAACATGATTCGGTTTCGGGTTCCGGGGCCGGCTCGGATTCAGACATGCCGCAGCAGCAGGCGGTTCGGCACATCTCGGCCGAGACACACCCGCAGTGATGCCCCTTGCAGGGATACCATTCGCCGCTATCCGCGATCTGCCCGGCCTGCGGATCGATGACTGCCATGTGAAACCCCGTCGACGCAAACGCCACCGCCGCGACCAGCACTCCGGTCGCCACCACACGGATAAGGTGTCGCTTTGTCGTAAACATTTCGGCAGATGCTACCGCGGCATCTTCATGGATTCCACTACGCCGCCACACATGGCATAGGAATCTGTATAGGGGTGGATCGGGCCTGTCGCGCTACACGACGAACACTCAGCTAGCCGAGTCGTGCGGGCGCCTCACACGAAAATCACCCGGGCTTCAAAGCATGGCCGGGCGCAGACCCATGGCACAAATGACGACCCAACCATTATTACGGCTAGGCCCGCGAACTGCTCATCCTGGCCCTCACCCACAACATTATGATCCCGTTGTCATAAGTGAGGTTTTCTACAGGGTATTTCTGACAGCTTCTCTTTCCCTCAGATATGGAATACATCAAAGTACCGTTCATTGATAAACGGCAATACTAGATCAGCAACCCAGTCGTCCATCACCGCTGTTGATTGATGGTAAAATAAAGGATATTCATATAGCATTTCATCACTTACTCGGATGTCCATCTTGACTTTGTTGATTTTGACCGACCGCCCGTGCGCATATTGGAGTATAATTTCATGATATCTCCATGCGACGATCTCATAATATGTGGGCATATTAGCTTCTGCAGGTCTTAGGTTCGCCAACACATATTCAGTCTCGTCGGTTACACCAAGGCGATCCCATAACTCGACATCATCATGCCTGAACGGGAGATTGAATGTTTTCTTCATAATGCAACGGGCAAAGCAGATATTTGGAATCGCCTTCAATTGCTCGCTCAATATTGATCCGGAAATAACCAACTCGATGCCGGGCTCTATAAGTAGAGGGAATACACTGGAATTGACAGCGATTTCAAGCGGTACTTTTGGCTGAGTCGATGGCCGCACGGGCTTATATAATGGATGGGGAACTCCTGCACGCCAACTTTCACCGTGATACAATTCTTGCAACAATGCATTCGTGACTTTTGTATTAAAAAGAGGCAGTTGTCTCCCAACAATCCACATTAGATGGCCTCCAGAATCTGATTCATTCTGTGTACTTATTTCGTCACTGCTGACGAAAAAAGTGGAATAAG
CP050848.1_gap88	3302047	3303305	1258	ATGCACATGTACTATTGGGCACACGAGGTATTTTTAATGGGGGTGAAGCATTATGTACAGTAGGCAATCGAACAATTGCGTCTGTTGCGCAAGAACACAATGTTCCTGTCTACCTATTGACTGGAATCAATAAGCGCCGATCCGGCAGCAAGTTTGATGAGCAAGTTGAAAGTAAGCTAGAAACGGCCTTAACCATACTTCGTAATAAAACTACTACAATAATGAGTTCCCCTCCTATCGATGTACTACCTAAAGATCTCTTCACCTTGATTTTTCCATCTGAAAACAACGGGGTGGCTGATCAGAAGCCGTCCACGAGTGAAGACTCAAGTTGAGCTTGCACGTCAACATTGAATGACCTCAGCAGGTAACGATACTTCTCACCAGTCGAATAATCTCGCTCCAAAACACCAACAAGAAGCAGTTGTCGGCATACCCGACGTGCTTCCGAATCTTGCATATTCCCTGCTAAAGCAAGCGATGTGATCGAATGTGACTCGTGGCGTTCATCATACAGCTTTTTCACAAGATGACGCACATTGTCTGTTGATGGAGACCCGTCATCTTTTAACGCATGACGCGGAACAGTGCGTTTGTGTGATATGCTCAAGTATGTCATTGTGTCCGACATCCAGCGCCTCCAATCGCGATGACTTCGTGGTCAATTGAAATATTCGGCGTATGGAATTAAAATTCTTTAACTGGCTGTGTATTTAAATGTTGTTATCGGAGCCATGGCATCAGTTTGACGATTCGCAATGATGTCGGATTTGCATTACCGGACTGGGGTCATTATTGGGGTGTGCAGTTCGCATAAGCCGCGCTAAGCACACCTTTGGCCATCGGAACCAGCTTCCATGTCTGCCAGATACTGGTCGAAGCTGAGGGCATCACGCCAGCCTTGCATGCGGGCGAGTCGTGTTTGAAGTTCGCTGACGACGTCTTCGGGCGTTTCGCCGTGCCGTTTGCCTTCTAGTTGCACGAGTTGCCAATAGCCGTTCTTCGGTATGATCAAGAATACATATGTCGGACTTTGCCGTCGTGGACGGAATAACCCCAGGGCCGCAGCCCCTTCACGACACTCACGAACAAAAGTGCGAGCACAGTTGTGGTACTTGTCGGCGATCACTGTCAGTTCAGACCCTGATTTTGCAAAGCGTAGGAAGTTGCCAAATAATTCCTCTTGATCCTGAAACGGCGGCGTCCACGTGACGGATGCATTCACCCGGTCTTCATACTCGACAAGTACCTGTTGCTC
CP050848.1_gap89	3312171	3316397	4226	TGAAACTTCATGATCTTGTCATAGAGTCTTGTTGGAATCTCATCGCGGACCGCTGTGTCCAAATCATCTATTTGCTTGGCCGCACGTTCGTACCGACCTTGGGTGATGTGGTCATAGATGACGCGGAGATCGCTGACGTCTGTGAATGTGAGTCCCGTGAGTTCGTAGTCCTTCTGATTTAAGTATTCGTGTCCCTGCTGAATCAGGGCGTCTATGGATCGGGTGAACTGACCCAGGTCTTCTGAGAAATCCGACGCCTCGTAGGACGCGATGAGTCTGGATGGCAGCGTCACCCTCGGTTCGTCCGGTTGATCTTGATTTGTCATCATTCTGACAGGGGTTCGGAGTTTATCTAGTTTTCGGTGTTGGCGCTGTGCTTATGGGATACGCCGCGGCAGATTCGGGCGGTCCCGATCATCGAAGTGCTCGCTCAGGCACCGCGCACTGCAGAAGAACACCATGTCCCCCAGCGGGACAAGTCCCCTGGGTCCAACCACGCCTTCTTCCACGGTCAGCACATCCTCGCCGAGCTGCAGGATGCGTCCGCACTGGGCACATCGCTTCACGCCTTGCTGATTGTCATCATCCATTGGATTCACCTCCATGAGCCTGGAGGCTAGGCCGAGTATTTGTACGATCACCCGATTTACACTCCATGGTGTGCCGTTTGTTATTACCGCGCGGTACAGAGCAAAACAGTTCAAATCGTTTATCTACTGAATTCTTCCGCTCTCGATGGCTATCGAGGGGGTAGTAAGATGGTTGAGTCGAAGCGAGCGTAGGAAGCGCCTGTTGTTGAGTTGGCGACAGCCTGCGACGGCGACGCAATTGGCGTCATGGACTCGAATGAGTCGTGATTCATGCGGCTATGTGCTATGGGAATTCACCGTCTACATGCTGGGCAAGTGCCTGAACGAACAGGCGAGAAGGAGCCGGGTGTATGGGCTAACCCACCTGGGCGAGCAGTCTCAGCGGCAGCTGTGCAAGATGCTCGATCTTCCCATATTCAAACAGAACATACCGGATGTAGATTGGGAGTTGTACGGGTGGGTGTGTTTCAGACACAGGGCGGCCGTGCTCAAGACGATTACCGAGCCGATTCAGCCGGCATCAATCAAACGACGTCTGCGTACAACGATGCCGCAGCTCCGCATCAGTGCCAACAATGTCCGAGACATCATCTACCAGTTCCGCGACCGAGGGATCGTTCGACCGGTCAAGCCTCGAATGAGAGCACACCTGCGCTATGAGTTGACCAATCTGGGTAAGCAACTGCAGTCTCTGCTGAAGAACGTTGAGACACTGAAATTCACAGCATACGACTCGGCGATGAGAGGAGGCAAGGCGTGAATGGTCCGCACCAATATTGTCTGCGCCGTCGACGCGCTGGCGGGGCTTAGGGCGTTGCCCGATCAGAGCGTGGATTGTGTGATGACATCGCCGCCGTTCTGGCGGTTGAGGGATTACGGCATTGACGGCCAGATCGGACTAGAGAAATCCGTGGAAGACTATCTGAATCATCTGCTGGAGGTCTTCGATGACATCCTTCGCGTGCTCAAGCCCACCGGCACGCTATGGATAAACCTGGGTGATTGTTACGCCGTCAAACCCTCCAATGCATATCACGTTCAGAAGAAATCTCTCTGGATGGTCCCGGAGCGTTTTGCGTTGGGCATGATGGCCAGGGGATGGATACTTCGCAACAAGATCATTTGGCACAAACCCAATCACATGCCGCATTCGGTGAAGGATCGCATGGCCTGTTCGTGGGAGTATCTGCTGTATTTTGTAAAATCATCTCATTATTACTTTGATCTGGACGCCATCCGAATGCCGCATCGCACCCAGGTCAGGCAGCGGAAGTCGGTAGCCAGTCAGCGCCGCAGGCCTTCCGTCCAAGGCTATCGTCTGCCGCCGCATCCCGGCGAGCCCGGCGCCTATCACCCGCAGGGCAAGAATCCGGGCGATCACTGGTTGATTCCCCAGGAAACGCGCACACTGGGTGCCCTGATCGGCCAAGCGGGCGTAGTCAAGGTACCTGGCGGTGCCGGTTGGGCCGGCCATCCTGCCGGCGGTATGGCCCGGATCGTGCGGGAAAACGACAGGAGGTGGCTGTCGCCTCAGGGTAAGAATCCCGGAGACGCTTGGTCCATATCGACAAGACCACAGAAAGAACATCCTTCGGGGGCGGGACTTCTTCCGGGGGGCGGGGGGCATTTTGCAGTGTATCCGGAGCAGTTGTGTGAACGGCCGATACTCGCTGGCTGCCCTACTGGTGGGATTGTGCTGGACCCGTTCTGCGGAACTGGCACCACGCTGGTCGTGGCCAAACGCTTGGGCCGGCAATACATCGGTTTCGATTTGAATCCTGAGTATGTGAAGATGGCCCGGCAGCGTCTGCGAACTGTCCGATCGCCTCGCAAGGTTGAAAAGGAGGTGTCACATTCACAATGATTGCCCACAACCGTATCTACTTAAAGGACGCCGTGGAAGGGATGAGGTCGTTGCCGGACGCCTCAGTGGACTTGATCGTCACGGATCCGCCGTACGGCATCGCCTCGTCGAGTCGGACGACCATTCGGGAAGGTAAAATCGTCACGACCAAAAAAGCCTTCGGCATGTGGGATACCTTCCCGCATCCGCTGAATTACGACGCCTTCATCATCCAGGTGCTGTGTGAGTGCTACCGTGTGCTCAAACCCGGCGGCGCCTTGTACATGTTCACGGCATCCGAACAGAACGCATATTTCATCCGTAAGGCGGCGCAACGGGGATTCACGTTCCGGCGTGTCTTGTGCATGCAGAAGAAGAACCCCCTGCCGTCGTTCAGTAAGAGCAACTGGCGCAGTTCATTCGATTTGTGCATGTATGTGGTCAAAGGGCCGCGGGCTCGTACCTTCAACTTCATCTCACAGCATGATTGCATCAACGTCTTTCGCTATGCGATCCGCCAGGCCAAGCTAACCACACATCCCACGGAAAAACCCCTGGCATTCATCAAACGACTGATTGAAGTCAGTTCGAATCCCGGAGAGCTGGTGTTGGATCCGTTCATGGGTTCCGGAACGACGGCTGCTGCCGCCAAGGCGCTGGGGCGAAACTACCTTGGATTCGAGACCCATCGCGACTATGTACAGATGGCGCGGAAACGACTGAAAGGAGGTGCGGTGAGGGACACCCAGCGGTCCAAGGCCACGGCATGATGGCAAAACGCATCCGCATCCTCGAGCCCAAGGCAAAGGAACTGAGTTTTCAGCGGAGGTTGGAGCAACGCGCCCGTGAGATCGTCAAGCGTCGGGCGGATTCGATCTGGGACGGGTCTCCACTGTCGGTTGTCGAACGGGAGATGGCCATGACGCTGTCTCAGATGGATCATCTTCGACATGTCCGATGGCGAATGCGCCGGCAGATGTTCCAGTTGGAACTCCGAATCGACACGCGGCTGATTCAGTTGACGCCGAGGTCGCAGTTGCAGCCGGATTACCACCAGGAGCGACGGGCCAAACTCCGGGACAAGCTGGAGAAGCTGGACCAGGAGCGCCGAAAACTTGATCTCGAACACGAAAAACAACTGCGCCCGCTCCAGGATCGCCTGATCATTCTGTTCAACCGTCATCGCCAGTTGAATCCATAACGATGGACATAGTGAAACTGGCGCGCAAGCTCAAGCCCCTGATGCCCAAGGAGGTCGGCCACTGGCTGTCCATTCACAAAACAGCCGATCCTGAGTTGCGAACCTTGATCGAACGACAGATCGTTCATGCAGCGCAGGCCAGGTTGGGTGATTATGAAGACAAGATATTGCTGTCCCTGCCGCCGAGGAAGGTGATCGGTGGGGAGCTGAATCTGGGAACGATTCTGTATGACAAGGATCAGCATCCGGCTGGAATCAGTCTGACAGAACTGACTAACCATCTCGCGGTTTACGGAAGGTCAGGGGCCGGCAAGACAAATGCGGTGTTTCACCTGCTCCAGCAGCTGACTAAGAAACGTGTTTCATGGATTTTTCTGGACTGGAAACGTACGGGTCGACATGCGCTGGGGTTGATGCGAGAGCCGGTCGACGTTTATACGCCGGGGCGTTCTCTTTCACCGTTGCAATTCAATCCTTTCATGCCTCCTCCCCAGGAAGCTGTCGAGCCGAAGGTGTATCTCAACCAAGTGGTAGACATTATGGCGTCCGCATTTACATTGGGTGACGGGGCGAAGCGGATCATCCAACAGGC
CP050848.1_gap90	3321911	3322827	916	TGTACTTCAGCAGGTCTGTGCCAGCGACCGTTGATCGGCCTCGCAAGTCCCGATGGTCGCCAATAATAGGAAGATACGGAGGATTACATATTACGATGTCATACGTTGGTGTGCCTAGCTTGTTCCACCAGGTGAATAGGCCCAACTCAGAAGATGCCGTAACGTGGCGACGAGAAGCGCGATTCAACGCCCAGTTGGTCATGCTGTAGACACAGGGCGTCAATAGCCAGTCGCTAAAAGTAAGCGTCGTTATATTTGGATTTCGGGTAGTAGCACATATTCCGAGAAATCCTGTTCCGGCGCCAAGATCAAGAAGAGACTTACAACGTAGTTCAGAGAGCCCATAGCTTTCAAGATCACTGAGCATATGGAGTGAATCGATGGATGGTGGCCACAGTTCTCTGCCGCGCCTCCAGTAGAACTTGTGTCCATGATAGTTGAATGCCACATGCCCATTGCTCATACGCGAGTCCAATTCATCCTTATGTTCACTTGAGTGAAATGGGCAATATGACGAATCATATTTGGTGCCCGGTGAATCGCAATGACAATCCCAAACCAACTGAGGGTTTGGAATGTCGACAGCGACATCGCCGAAACGGTATACGAGACTCTGCATCTGGTCGTCAATGTCGATCGTCAGGTCAGGAGGCGGTACTTGATTAGATACGGCATCAAGCCAGTATCGGTTGCGTATTTGATCCATGATCTCGTCACGTCTGTATCCGCATTGTCGTAAACGCTCTGCGAGAAGGTCTCGATAGGCGCCATCAACCATCTCGTCCTCAATGGTAAGATCTCGAATGATGGGGAGAAGGCTCTGGTCGACTTTACGACATTGATCGATGAGTGAATCGAAATGCCTTGGTAGATACGTCGTACCCGTTGGCATCTGACATATTCCCATTAATTGGGG
CP050848.1_gap91	3327496	3330636	3140	CGGCCAATCTGGTCCTTGGTGACAGTGTGTTTCAGGATGCGTCGCATGCGAGTTTCTCGTACTGGGCGTGCAGATGACCGCAGTCGGGGCAGTTCGGGTCACGCTGCATCGGCAGAGCGATCGTGGTGAACGAGAAGTTGGCCGGGTGGTCACCCAGATACTGGGCAAAGATGTCCTTGTCGCCCAGGCGGTAGTTCGGATCCATCTTGACCTGGAGCAGATTACGGTCGCCAAGTTGGTCGATCAGCCGGCCGAGGCGATTGTTGGCGCCACGGGTGAGGATACCCACGGCGATCTGGCCGGCGATCGCGTCCAGGAGATGCAGATCGAAAATCGTGCCGCCGGAGCTGGTGATCTGGATACCTTGGGCACCGCCAGCGAAAGCCTGGTAGCGACTGGCGGCGATACAGCGGTAGCAGGCGGGTGTCAGACCGGGCACATAGTAGATGATTTCACCAGCGCGACCGCCGCGGTACAGGCCGATCCAGATTGCGGGTTTGCCTAGACGCAGGGCTTCCAGGCTCCCACGCGCTTGAGCTGGGAAGAAGTCCGCCGCGAAAATGAATAGGTCCGTGTGACCGAACATCTGATCAAACGCCTCGCGACTAATTGAGCAGAAATCGCAAACATACGTGGTTACGTCCACGTTCGGATTGATGCGTTTGAGACGTTCGGCTTGGGCCTCGACCTTATGTCGTCCCATGTCAACCGAATCGAAGTCCTGGCGTGTGGGGTTGGAAGCGTCGATACGGTCGAAGTCCGCATGCGTCGCTCCGCCAAGGCCAGATCGTACTAGGTCGCCGATTAGACCGAAGGCGCCGCCGACGATCGTGACGTGACTCTGCTGCATGACTTCGACGTCGATGGTGGATTGGATACGCTGATAGTTCATGGGTTGTCTCCGACAAACGGGGTTAAGGATTAGAACAGAATGAGTTCAGCCGTTCGGGGGTGAAGTTCATTGCGGTGGACGACCATTGGTCGCATGTGGAACAGTTCAGGCAGCACGATGGGCGCCGCGAAGCTCCGCATGTCGGGGTTGATGGCCAGTAGACGACGGATGTAGATCAAGTCACCGGGGCTCAACCGGTCCAGGCCGCCCGGATGCGAATGGACGAAACCTTTTAGATCAATGCCGGACGGCAGCCACTCGGACTTCATCTTGTTACTCAGCGTGGCACAGTCCGGGCTGTAGGTACTTGATGTACAGGAGCCGGTGACGTCGAAGTGGAAATCCGTCACGTCCTCCGAGCCGATGGGACCTAGCAGAATACCGCCAGACTCCGGTGGGCGCGATCCGATGGTCAAGAAGATATGCTTCATCACGGATGCAGCCATGCGGAGTGTCGTATGGCTGTCATATCCGTCGCGATCTTCGCAGAACGACGCCTCGGCAGCGAGGGCCGTCATTGAAAAAGGCTTTTCAGAAAAAAAGTTCTGGTTGGATGTGGCCTGCACATAGCGGGTGCATTTGGCCAGTGCTGATTCGCCGGGATCAATCATGGTCAGCTCCTGACGACGCCGGTGTCGCGGTAGTTGAGGAAGTACTCGGCCCACTCTTTGGCACGCTGTTCAGCTTCACGCTGTGTCCGGGGTTCATGCCCGGCGACGAAGCACAGTTCGCCAGACCTGAACAGATGTGTTTTGTTCGGATCGCGGTCCTTGCCGTGGAGTGAAGGATGCCGGGTGCAGTAGATGTACACGTGGGAGCCACGCGGAGCGAATTCGAAGTTGAAATACTCCCGGCCATTCGACGAGACGTAATACTTCTTGATCCGCTCGAATGTCCCGTAGATCAGATTGCCATTCATGCTGAAATCTCCGTATCAGTTTTAGGAAAGGACGGGTCGGAGTATCCTGCCTCCGACCCGTCCGATCGGTGATTGCGGTTGCCGAACGGTTACGCGCTGGCATCCGCGCCGTGAACGGCCTCGCCGCCGGCGATCAGTTCACCATCGTCGGGACTGTTGACATCCAGATCGCCATCACGATTCGAGGCCGCGCCACAGAGCACCGAAGGGTCGCACTGGTGGAAAACACCGGGCTCGAGTTCACCGCCACAGAAGCGGCCCTCACAGAGATTTCCGTTGGTAGAAAACACGGTTGGTTCCTTGCAAATAGGGGAGATTTAGGGTTACGCAGCCATTCCTGGGGCTGCACATGCTGCGACCTGCTGATCCTGTCCCGTAGGTTTGGACCTCCTTTCACGCTGGGGTGGGCGCTGTGGTGGGGCCAGCGAGGTCTGTCTGCCCTTTACATCTGTGAAATGTGGTGAGGGAGGGATTTCACAAATGCATAAGAATGAAGGAGCCTGTTAACCCATGCCCTGTTTGCATAGTCCAGATCGCATGACACCCGCCCAGCGGCGAGAGGAAATCGCCGCGCTGTTTGCCCAAGGAGCCCTCCGGCTCGCCCAACGCCAAGCCTTGCCGGGAATCGGCGACACTGGCGTGAAAACGTCGAATTCACTTCGAAAAAACGTCAATAATCCGGCCTCAATAGGCTTGATGTTTTCGGGAAATCATGGCTCCATGGTGGACAGAACAGTTAACCCCCGGAAGCAATCGAGAGACTGAACCATGACGCCGAAAACCCTGAACATTCATCAAGAGATCTCCGCATTGAGGCGTATGACACCTGCCCAGTTGCGGGACAAGTACGCCGAGGTCTTCGGAGAGACGGTTCGCACAGGCAACAAGCCCTACCTGATCAAACGTATTGCCTGGCGTCTTCAGTGTCTGATTGAGGGCGATATCAGCCAGCGGGCCCGACGACGTGCTGAGGAACTGGCCCAGGGGGCCGACATCCGAGTGTCGGTGCCGAAGACTAAACCTATTACCGAGTCTTCCAGTTTTCGGACTACAACCCATTCGGTCCGCATGAACGACGACGAACGTCTGCCAACGCCGGGCACGATCATCACGCGGCCGTATAAGGGGCGTCTGATCAAGGTCGAGGTGCTGACGCATGGTTTTGAATGTGATGGAAAGGTCTATCGGTCGCTCAGCGCCGTCGCCAAAGCTGTGACGGGATCGCATTGCAATGGTTTTGCTTTCTTCCGACTTAACAATTCCGAGGTTTCCGGGGGTGAGCGGTCATGATTCGAGACAATGTCAAACCGTTCCGCTGCGCCATCTACA
