gap_id	start	end	length	sequence
CP053085.1_gap1	46848	48840	1992	GTCGCTCGTTCAGACAGCCACAACGATGCCGGTGCTTGCGCTCGCGTTGCCCGCGGGTGTCCTGGCGGACGTGCTCGACCGACGACGCGTGCTGATCGCTGCACAGTTGTGGATGACGATCGCGGCGCTTGTGCTGGGTTTGCTCACGCTCTCCGGTAGGACGACACCGGCGACACTGTTGGTCATGACGTTCGTGCTCGGCATCGGTGCGGCGCTCACCGCGCCGGCATGGCAGGCGATCGTGCCCGAACTCGTGGCGACCGTCGATGTTCCGGCAGCGATCACCCTTAATAGCGCCGGCGTGAACGTGGCGCGCGCCATCGGTCCCGCCGTCGGTGGCCTGCTCATCGCGGCGAACGGTCCGGCCCCTGCGTTCCTGATCAACGCGGTCACATTTATGGGAGTAACCGCTGCCTTGGTCTGGTGGAGACGCTCAGTGCCACCGAGCGTGCTGCCGCCCGAACCCCTCGTGGCGGCGCTCGGCGTCGGGCTGCGCTACGTGCGAAACACGCCCCCGCTCATCACGGTACTCGTGCGGACGCTGGCGTTTATTGCCTTCGGGAGTGCGCTGTGGGCCCTGTTGCCGCTGGTTGCCCGCGTACGATTGGGCGCGAGCGTCGCTGGCTACGGACTGCTGCTCGGAGCCATCGGTATTGGTGCGCTGAGTGCGACGGTGCTGCTGCCGGTTCTCCGGCGCCGGTATTCGATTGAACGCCTCGTCGTCGTCGCGACACTTGCCTACGCAGTCGTGCTGCTGGTCCTCGCGACGAGCAACAGTTACTTCGTGGTGTTCGTTACGTTGCTGCTCGCGGGCTCGGCATGGCTCACGCTGCTCTCCACGCTCCAGACGAGCGCGCAGGCGACCGTCCCGTCCTGGGTGAGGGGGCGCGCACTCGCGGTGTACCTGATGGTGTTCTTCGGCGGTCAGGCAGGAGGCAGCATCGTGTGGGGCGCCGTTGCTGAACTCCTGGGAAGCTCGGCGTCACTCGTCATCGCCGCTTGCGGCCTTGTGCTCGGCCTCACGACCGCCCGCAGGTACCCGTTGCATACGGCCGGCCATTCCGACCAGTCGCCGTCGCACCACTGGCCGATGCCCGAATCGTCACCCGGCGGTGCGCCCGAACGCGGCACGCGCGTTGTCGTAGTGATGACCGAATACCTGATCGATCCCGGGTCGAGCGTCGCATTCTCCGCCGCGATGCGTGAGATGCGTGCCGCGCGAATGCGAAGCGGGGCGGTGCGTTGGCAACTCGCCAATGACCTCTCGCGTCCGGAGCGGTTCGTCGAGCAGTTCACGGTGCCGACCTGGGATGAGCATCTGCGGCAGCACGCGCGTGTCAGCATTGCCGATGAGGACGTGCAGCGGAAGGTGCGTGCGTTTCATCGCGGAGTCGATCCTCCAGCCGTTACGCATCTCATCGCCGTGTATTGACGCAGCGTTTTCACTTCGACCAATTTCGACGCGGCGCACATCAGATCGCGTATGTGTGGGCGACGGACTCGGCGTGAGCTTGCTAGAACCGATACGCAGCATATCCGCCGAGGTACGTGATGTTGCGACGCGCGCTCGCCGGCGCTGTCTCCCGCACGTACGGGCCCACCACGAATGCGCCCGCTGTCGCCAGCAGGGTGACACGCCGGTTGACCTCCCATTCCAGCTCCACGCCGGGCTGATGGCCGACGAAGCGTGCCGACGTTCGTGCCCCCGTGCGAAGTGGCACGCCCACCGGATTGTAAACGCCGTCGGCGGCGCTATCCCGCCAGTATACGAGCCACTCGACGGAGAGTGACGCCCCCCGCCAGGGCTCCACTTCCAGTCGCGGGTGCAGGTCGCGGACATTCGCGGGGCCGACGGGTGAGAGGAGACCAAAGTAGTCGCCGCGCGGATACAGTGGATGAAACGTTTGCAGGTCCGCGTTGTCGCGATCGCGGTCACCGCTTGCGACGTCCGCCCGCAGTGAGATTCGTGGTGACAACGGCGTGTGCGGCCAG
CP053085.1_gap2	81320	82798	1478	GTGAGCAGCGCGGGCCGCCCACCACTCACTCGCGTGAGTCCGTCTGCGGAGCCTGCCCAGAGGGTGCCAACAGGAGCCTCGAACAGCACGACCGTCCGCCGAGCGCCGTTCGCGGGGATCGCCACTTCGCTGAACCCGACCTCGTCGACCTTGCCTCGCACGATCCCGCTCTGCGTTGCCACCCACAGCGTTCCGGCGACGTCACGCACGATTCGATGGATAGCGTCGTCCAAGAGCCCGTCGCTAACGGTGACCGGACGCACTTGCCCGTTGCGCCACCTGTACAGGCCATGCCAAGTGCCGATCCACAACGTGCCGTCCGGGTCCTCGAGTATATCGGTGACGGGGGGGAGGCCCGCCATGATCGGAGGACCTACATTCGTGCGGTCTCTCTCGAAGCGCGTGACGGAGCCACCGAGATGGCCTGCCCACACGCTGCCGTCGCGTGCCCGAGCGAGTGCAGTGACCCGATCGGATCTACGTACGGATTCCGCTTGTGCGAAGCGTGCCGCGTTGGCGTCAACGGTGCCACGAAAAAGGCCCCCGGTCGGCGGTGCAAGCCACGTGCGGCCGGTACCGTCGAGTAGGATGCCGCCTGGGAGCTCGGTCGGGAGACCGGATCGTGCTGTAATGATGCTGAATGGGATTGGCCGAAGGCGATTGAGACCATCACGCGTGGCGACCCAAACATTGTGGTCGTGATCGATCATAATGTCGATCACTCGATCGTCGGATAGGCCCTCCTCGCGTGACACGTGTTCGAAGGAGCGACCGTCGAACCGATACAGTCCCGCGCCTTCCGTGCCGACCCACAGCGAGCCGTCCGCACCGACAGCGAAGCACGATACCGCTCCCATCGCTGGTTGTCGCGGTAAGGGAAAGCGCCGAATGTGTCCTTGGCGCCACTGCACGACCTCGGTTGCGGTACCGAACCACACAGAGCTGTCACGTGTCGCCACTATGCGCGTGACTTCGTCAATGCCCAGGTCGCTCAGAAAGGTTACAGCAGACATGGAGTCACCGCGTAGCCGGTGCACACCCTGCCGACCCGCGGCAATCCATATGTCACCGACCGCATCGACGGTCATGCTGCTGCCGAGCGATCGGGCTGCCACACCGGGCACAGCGCGGAGTCCGTTGTCCAGATCCACGTGGAACAGACGCCCAAGTCGCGTGATGGCCCAGACACGACCCGATGAATCCATCACAGCCGCGTTCACCAAGTCGGTCGCGAACGACGGATCCGTCGCACGTGACGGGAGCATGCCGCCCCGGTACGCCATCAATCCGATGTCGGTTCCGACCCAGAGAACGTGCTCTGCGTCCTCAAGGAGCGGATAGGTCTGAAGCCGAGGACGACCACGAAGCGCTGGCGTGTTCGCACCATCGATCACGGTGAATCTGGCCCCGTCGAATCGCGTGAGCCCCGCCTGCGACGAGAGCCAGAGATAGCCGTCGCTCGTCTGCACCAGATTCGA
CP053085.1_gap3	87690	91612	3922	ATCGTGCGGCCCGACGGCGGACTCGTCACCTATCGCAACGGTGTGTTTCGTGTTGCTTTCGATCCGGTTGTCGGCCACGCCCGTTACACCGACGTCTACGAGGACGGCGCCGGTGGAATTTGGGTCGAAGCGGATTCGGCCGGCCGTCAGTGGATCCGGCGCCTGCAAGGTGAGCACCTTGTGCCTGGAAGTTGGCCCGCAGGCGTGCCCGACTCCGGCGTGACCGTCACGCGGCCGGATACCGCTGACGGCCTGTGGGTCGGCACACGCACACAGGGGATCTGGCACATCACGCCGCGCGGGATCCGGCACTTCGACCCGCCGCCGGCATCGTCGGGACTTGCAAAACCAGAACGCTCGGTCTACCCGGAGCTTCAGGCCGCCGATGGCACGCTGTGGGTTTCCGCGGCCGCAGGCCGTGGTGGGCTGCAGCACCTGCGGGCGGGCGTGTGGACGCCAGTGCATCTCGACGACGATCCGCGCGCGCTGTCCATCGGCATGGTGACGCAGTCCCCCGACGGCACCGTGTACATCGCGAGTCGCTCGGCCGGCGTCCTCGTCTGGCGTGATGGCCACCTCGAGCGCCGGCCGCCGGGGGATGGTGCAGCCGGCATGGTAGTGCAGGATATCGTCGCCGACGCCGATGGAACGATCTGGGCCACAACGGACCTCGGGCTCGAACGATTCCGTCGTGCCGCGTTCATGACGCTCGGTCGGCGCGACGGTGTGCCTTTCGATGCGCCGTACGAAATGGCCGGCGACGCGACTGGCAGCATCTGGGTCCGCGATCGTTCCGACAACGTCTACCGTCTCCATGAGTCTGGAGCGCGCGCGGCGCCGGATTCACTGACGGGTCAGCGGATGCCGTTGCCGCCTGCTTTGCGATTCCAGCTACTCGCAGCGTCGCGAGGTAGCGTCTGGCTTGGGCTGACGGGAGGAGGCCTCGCGAGGGTGGACGGGAGCGGAACCACCCGTGTTTTTCGTGGTACCGATCTTCCCCCAAAGCGCATCTGGGCCGGCGTCGAGGATGCCGACGGAGCGCTCTGGTTGAGTACCGCCCCGCGCGGCTTGGGCGTGCTGCGCAACGGACGGTACGCTCCCGTTCTGCTGCCCGGTCTCGGCGACAATGCGAAGGCGATCTTCGTCGCGGCAGATTCCCAACGCCGCGTGATTGCCGCCGATGAGCAGATGCCCGTCGCCTATGCTGTCTCGTCGTCGCGCGCACCGATGCGTCTCGATTCGCTTACGCCGCTCAGAAAGCCACTCGAAGCGGTGGCTATCGAGGCAAGTGACACGCTCTGGGGCGTCGTGTTGCCGAAGGGAGGCGGACCGGATGCGCCACCGACGCTGGTCCGGCTGGCAGGCGGCAGGGCGGTGGAGGTCCCGCTCCCTGGTCCGGTGCCCGGTCTCACCGGCTTCAACGTGATACTCTCGGTAGCGCACGACGCACTGTGGTTTGCCAGTGGTGGCGGCGTCGGGCGCTTTCCGCTCCCGGCGCTGCACGCGGCAGCCAACCGCGGGCTCGTCGCGCCAGCACCGCAGACGTTCGGGCCGCCGGATGGCCTCGTGTCACCACATCTCACGCTGTACGGTGTCGCGCGTATGTTCCGCGCGACGGACGGGCGGCTCTGGCTTGCCACACCTGGCGGGCTTTCCGTGGTCGACCCAGCGGCCGTGCCGGTCAACGACACGCCACCGCCCGTGCATGTGGAGGAGGTCGTCGTCGGCGCACATGAACTGGCGGCGAGCGAGTTGTGGCGCATCGCACCCAACCCCGACCGCATCGAGATCCACTACACGGCAGCAAGCCCGCGCATGCCCGAACGAGTGCGCGTGCAGTACCGCCTAGACGGCGTGGACCGAGACTGGGTAGATGGTAGCGTGCCACGCACGGCGACGTATACACAGCTTCGGCCCGGCGCGTACCGTTTCCGCGTGCGTGCGTGGAATGAGGATGGCGTGCCGAGCACAGGAGAGGCTGTGCTCGCTTTCACCGTGCTGCCCGCCTGGTACCAGACGCGCTGGGCGCTTGCACTCGCCGTACTCGCCGCGGGTGCTGTCGGCGCGGCGGGCATGGGTGCTGTAGCCCGAACGCGGCGGCGCCGCGCGGAGGCGGAGTTGCGCGGCAGGCTCGCCGAGCGCGTTCGCCTGGCGCGCGAGCTGCACGATACGCTGCTCAGTGGCATGACGGGCATCTCGATGCGTCTCGACGCCGCGGCCATCCGAGCCAGCGGTCCGCTCGGCCTGGACGCCTCCGTGCTCGGGGAGATGCGGACTTTGGCGCGGAACACGCTGGTCGAAGCCCGCGATGCCGTGACGGCGATGCGGAACTCTGCAGACGATCTGGTGCCACTCTGGGACCAACTCGCCGACGCCGCGCGGCGCACGTTTGCCGACACCGAGGTCGACGTGCGCCTTGAGCGCGAAGGCACGACGCGCGCCTATCCGCGCGACGTCGAGGCGGAGGTCGTACGAATCGCGACCGAGGCGCTGGTCAACGCGCGCAAGCACTCGGCGTGCCGCAGCGTGAAGGTGCGGTGGGTGGATGACCGTCGCGGCCTGCGTGTCAGCGTGACGGATGACGGCTCTGGGTTCGACCAGCGAGACGCTTCGCTCAACGGGCATTGGGGGCTGCAAGGAATGCGCGAGCGGGCGGCGGCGGTCGGTGCAACCCTCACGATCGACAGCCATGTAGGGCGCGGCACCGATGTCGTCGTTTCAATTCGGGCGCCGGGATAAGGAACGCCGTGTGTGTCGTCACCGTGTGTGTCGCCACCGTGGGGCTGGCGAGGTCGCGGCGGGCGCCGCGTCGCTCTGTCCGCTGAAAATCGCGAAGGCTCCACCAAAATGGATGGCAAAAGATCACCCGTCCGAGGGATGCGCCCCCGACGCCGTCCAAACACCCTTTCACCGCAGAAAGAAGTGCACGGGGGGAAGCGCGTTAGTCAACGACTGCACGGACGGGGAATACGATGAACAAAGTTCTGGGAATCCATCACGTGACTGCCATCGCAAGCGATCCGCAGCGTAACGTGGATTTTTACGCAGGCCTCCTGGGTCTTAGGCTGGTGAAGCGCACCGTCAACTTCGACGATCCGGAAACGTATCATCTGTACTACGGAGACGACGTCGGCTCGCCAGGTAGCATCATGACCTTCTTTCCGTGGCCCGGCGCGCGGCGGGGTCGGGTGGGTTCCGGGCAGGTTGCCATGGTTGCGTTCTCGGTGCTGCCATCGGCGATCGACTTTTGGTTGGATCGACTCACCCGTCATGGTATCGAACACTCGGGGGCGTGGGCACGGTTCGACGGCGGTGAGGCGGAACTCGTGATCTCCTTCGAAGATCATGATGGAACGATGCTCGAGATTGTCGGGCACTTTGGCGCCGCCAATCGACGGGGACGCCTCGGGGCCCCGGGGATTCCTCCCGAGGAAGCACTTCGGGGTTTCCATGGCGTGACGTTGTGGGTGAGCGCGCACGAAGGGACTGGTGCGACGCTCGTTGAAACGCTCGGGCTCACGATGATCCGCGACGATGGCGAGACGCGGCGTTACCTCACCGCCGGCGAAGCGGGGCAATTTGTAACCGTGCACGCGCGAAGCGGAGGTCGAGCCGGAATGTCAGGCGCCGGCACCGTTCACCACGTCGCGTGGGCGGTAGAGAGTGACTCCGTGGAGCTGGAAGTGAGGGAGCGAGTGGAACGGGCCGGACTATCGCCCACTTCGGTCATCGATCGCACCTACTTTCGCTCGGTGTACTTTCGCGAGCAGTCGGGCATCCTCTTCGAGCTGGCGACCAACCAGCCAGGATTTCTCGTGGACGAACCGATGGACACGTTGGGAGAGCAGTTGATGCTTCCGCCGCGGTATGAAAGCGCACGCGAGGCGATCGAGTCGGTATTGCCGCCGCTCCATCTCGCCCC
CP053085.1_gap4	94353	97912	3559	CATGGACTACGGTGGTCCTGTAGGCTTTCGCCTGGCGTTGGCTCATCCCGATCGCGTCGACGCGTTTGTCGTTCAGAACGGGAATGCCTACGAGGAGGGGCTTCGTGACTTTTGGATTCCTTTCAAAGCATACTGGAGAGACTCAACAGCCGAGCACCGCAGTGCTCTCCGGAGTCTCCTGGCCAGTGACGCTACGAAATGGCAGTATCTCACTGGTGTCCGCGATACAGCTCGGATCAGTCCTGACAACTGGACCATCGATCAACGCCTCTTGGATCGGCCGGGCAATGACGAGATCCAGCTCGACCTCTTCTACGACTACGGCTCGAACGTTCCGCTGTATCCGCAGTTCCAGTCGTACTTTCGACACTATCAGCCGCCAATGTTGATCGTGTGGGGAAAAGACGATCCGATCTTCCCGTGGCAGGGTGCGATGCCGTATCAAAGGGATGTAGAGAACCTTGAGCTCCATCTTCTCAACACGGGACACTTCGCACTTGAGGAGAAGGGCGACGAAATTGCGGCGCGCATCCGCGCATTCCTGCCGAAGTATCTCAAAGGGAAGGCTGGCGCCAGTCGAGTGAGTAGCTCTACGGCACGATAGTGGCGATGGCATAGGGAGGTCCTTGCCGTTCGCGATCGATGACCCGCACGTTCACGTACGATGAGCAAGCGCTTCGCGTAGATCAACTTCAACTGGGAGTGCGGTATGTCGACCCATCGTTTCAGCGACACAGCCGGCGACGACGAAGAAGCGTCTCTTCGTCATCGAGTCGAAGTCGAGATCGCAGATCGATTGCGTAGCAGAGGTGTGCGTCTGGTCGGCGGCGAGTCAGCCGCGGCCCTCGCCGACCTGCTCGAAGCCGTAGAGCAGTTCGAGACAGTCGTTGAGGCGAGGGGCGGCGACCTTATGGTTGACGAGTCCATCGACGGTCGCCCTCCCATTGCCCCGGACAATCCAGCGTTCGTGTTGCCGGCGCGAGAGGTACACGAGTCTGCGGAAGCATACACGCGGCGAGTGCTCGAGCATGCAAGAGAGCTCCGGCGACACATCAAGCATTGATCGCTCAAACGACGATTCGCGGCGCAGCTACTGCCGACGTCAAGCAATTGTCCAGGTTCTCGCCGCGCCAGTCATGATAATTGAGCGGCGAGCTTCGACGACATCAGCGCGCCGCGTGTCCCCCTTCGTGCTGCTCGTGTGCCTCCACGAACCACAGCCAGCGGTCCACCCCGCGGGCCACTTCCGTAAGCACGTCCGCGCTTACGGCGTCTTCCAGCGCGTTCATTTCTTCGATGCCGATGCGAGCAGTCCGGCCGAACTGCGACAGTGAATCCGAGAGCGCTGCCACGTGTTGATGGCCGGCGGACAACGCGCCAGGATAGTCGATGAGCTCGGAGCGTTGAGCGACCTGTTTGACCGTGCCATCGGCGACCCCGCCCAACTGGACAATGCGTTCTGCGATCAGGTCGCCATAATCGAGGACCGACGCGTGAATGCGGTCGAACAGTTCGTGCAAGCTGAGAAACTTGTGCCCCTTCACGTTCCAGTGTGCGTGCTTGCAATGACTTTGAAGATCGATGCATGCGGCTAGGCGCTGACCAAGAAGGCTTACCACCTCGGATCGCGTAGACGCTGGGATGTCGAGCTTCGTGCTGAACGGGAGTAGGTCACGCTCCGACTGACCGTCGCTCGATACCATCGAGGTCTCAACGACACCACGAACGCCAGCCGCTGACACGGTTTTCTGAGACATGGATTCACCTGATGTAGTGAGGGGACGGACGTACGACGACACTTTTGGCGACGCCTGCTGACTATTTCGTGAAAGCTGTGAGTGCCGCGACGCCGGCGCATCCTCCATTCGGTGAGTATTGCACTACCTCGATCGGGTGCAGGTTGCATCCCGCGACGGTAGCGTCGCGGGCCATCAACCGCATGCTCTTCGGCGGGCACGCGGTGGCCGCGTGGGACGCCTACCGGTAGTTGTGCCCCTTTACATGCTGCTCGCCGCCACCGAGCTCCAGCGCCTTGAACTGTTTGGCGCGCACATTCACCACATGCTGTTCTACCTGCAGCGTGCCGCGAATGAGCAGCATCGGTGAGCGGGAAATGAGCAGCGCATGTTCTTCGAAGCGATCGGGGGTGATCACGATATTGATCATCCCCGTTTCGTCTTCGAGCGTGAGAAAGACGAATCCCTTGGCGGTGCCCGGGCGCTGACGACAGATCACCAGGCCGGCCACGGCCACGCGCTGTCCATCCTTGCCCTGTTCGTGCGCTTCACGGGCCGACAGCACGCCGTTGGGTGCCAGAATGGGGCGCACATGCTTCATGGGATGCCCGGCCAACGACAGCCCGGTCATGCGGTAGTCGGCTTCTGTGAGTTCGATGGGTGTATAGGCCGGCAATTGCGTGGGCACGGGCTGCGCCTCAAAAGGCGCCAGCGGCAACTCGGGACCACGGGTGGAGGCCATCACTTCCCAGAGCGCTACGCGCCGTCGCCGTTCGGCCGGTTCGTGCGCGAACATGCTGTCGAAGGCACCGGCTTCGGCCAGTCGTCGCCACGAGGTCTTGTCGAGCGACACCCGACGCACAGCGTCTTCGACACTGGTGAACGGACCGTGCACCAACGCCGCTTCGAGCGCGCGACGGGCCTTGGCGCCGAGTCCACGTACGAGTCGCACCCCCAGGCGCACGGCTACCACATCGCGCATGGGTTGCGGGTCGATCTGACGACCCCAGCGCACCACGCCATCGTTGGGCACGAGCACGCGTCCGTCGGCCATTTCGAGGGCGTGATCCCACGTACTGCGCGTGAGATCGACCGGTCGCACTTCCACACCGTGTCGCTTGGCGTCTTCGATGAGGGTGCCCGGCGCGTAGAAACCCATCGGTTGCGCGTTCAGAATGGCCGCGGTGTACTCCGGCGCGTAGTAGTGCCGGAGCCAGGCGGTGGCGTACACGATGAGCGCAAAACTGGCCGCATGACTTTCGGGGAAACCGTAGTCGGCGAAGGCGTTGATCTGGTTGTAAATGCGACGGCCGGTTTCTTCCGGGATGCCGTTCTTCGCCATGCCGGCGATCAGTTCTTCGCAGATCTGCGCCATGCGTTCACGCGAGCGCTTGTGCCCCATGGCGCGCCGCAGTTGATCGGCTTGCGTGGGCGTGAATCCTGCGGCAACGATCGCCACCTGCATGCCCTGCTCCTGAAACAGTGGCACGCCCAGCGTGCGCTTGAGCACCTTCTCGAGCATGGGATGCGGATAGGTGACCGGCTCGAGTCCGGCGCGCCGTCGCAGATACGGATGTACCATCTCGCCCTGAATGGGCCCCGGCCGGATGAGCGCGACCTCGACCACGAGATCGTAGAAGCAGCGCGGTTTCAACCGCGGCAGCGTGTTCATCTGCGCGCGACTCTCGATCTGGAAGAGCCCCACGGTATCGGCGCGACACATCACGTCGTACACCGCCTGATCGCTCATGTCGAGCTGCCCGAGATCGATCGTGGTGCCGCGCGTGTGCCGGATGTACAACAGACAATCCTGCACCACGGTG
CP053085.1_gap5	101108	102535	1427	GCACCGCCTTCACGATGGTGGCGAAGTTGTCGTCGAGCAGCACCATGTGCGCGGCCTCGCGCGCCACGTCGGTGCCGCCGCGCCCCATCGCGATACCGATGTTGGCGCGCTTGAGCGCCGGTGCGTCGTTCACCCCGTCGCCGGTCATCGCGACATACTGACCACGCGACTGCAGCGCTTTCACGATGCGCAGTTTGTCTTCGGGCGCCACGCGGGCGAACACGCGCACGTCGGTCACGCGTTGCGCGAGGTCTTCGTCGGAGAGCCCGGGGATGTCTTGCCCCGTGAGGACCACATCGTCAGCACGAGCGATGCCCAATCGCGTGGCGATCGCGAGGGCAGTAGCGGGGTGATCACCGGTAATCATGACCACGTGAATGCCGGCCGCCTGACAGGTTTCCACGGCCGCTTTCGCTTCGGCACGCGGCGGGTCGATGAGCCCGATCAGCGCCAGCAGCGTGAGCTCCTGCTCGGCGTGTTCGGCCGAATCCGGCTGCTCGGATAGCGTGCGCGTGGCGATCGCCAGCACGCGCAGCCCGGACACCGCCATCGATTCGGCCTGCTCCAGCACACGCGCCGCGTCGATCGGCACGATCGCATCGGCGCTCCGCATGGAGGTACAGCCGGCGATCACGCGTTCGGGCGCGCCTTTCGTGCACACGATGACGCGGCTCTCATGTCGATGTATCGTCGTCATGCGCGCCCGTTCCGACGAGAACGGCACTTCGCCCACGCGCGGCCAGTGCGCGTCGAGCGCGCTCTTGTTCACGCCAACGTCGGCGCCGGCGCGCACGAGGGCCGTTTCGGTGGGATCGCCCACCAGCGCGCCCTCTGCACCGACGGTGACGTCGGTGCACAACGTCATGACTTCGGACAGCGGAGTGAGATCGTGCGCCGGCGGCTGTGACAACGTCCACGCCGTGCCGTCGCCGAGCACGACGCTATCCACGTGCATGCGGTTCTCGGTGAGCGTGCCGGTCTTGTCGGTGCAGATGTACGTCACCGAGCCAAGCGTCTCCACGGCGGGCAGGCGACGAATCAAGGCCTGCTGCTTCACCATGCGCCGTGCGCCGAGGGCGAGCGAGATCGCGACGACGGCGGGAAGCGCTTCGGGAATAGCCGCCACGGCAAGGCTGAGCGCCGTCATGAACATCAGCAGCACCGGCTCGCCGCGCAGGAGACCGGCCGCGAAGATGATGGTGCAGAGCGCCACCACGGCGATGGCGAGCTTGCGCCCGAGCACGGACAGGCGCTGCTGCAGGGGCGACGGCGATTCGGGCTCGTCGCGCAGCAGGGCGGCAATGCGCCCGAGCTCGGTGCACATGCCGGTGGCGACCACGATGCCGCTGCCGCGTCCGGCGACGACCGTCGTGCCCTTGAAGCTCATGCACGTCTGATCGCCCACGGCACTGGCGTTTGCCGGACAC
CP053085.1_gap6	158360	163234	4874	TCGTCGTGGGGAACATGGGACATCGAGACGCCGCGAATCGAGAGTCCGCGCGACCGCAGCGCCCAGGCGAGCCAGCCGGCCTGCACGAGCGTACCGGCAAGCAGGCCCGCTACCAGCGTCCACACCGTCGGGTCGGGCACCAAGACGATACCGACGGCAATGCCAAGCGGCTGTGCAATCGGCGCGAAGGCGCTGGCGCCATATGCTCCCTCGGCGGCCAGCAGGCCGCTCCATGCGGCGCAAAGGCCTTGCAGCAGGGTGAACGGCGCGAGCACCAGGGCGAGGAGCGGAAGCATGGCGCGCGTTTCGGCGTCGAGGCGCGCGCCGGGGAGCCAGCCGAGCAGCAGGGACGCGATAGCGGCGACCCCGGAGAGCACGACAAGCCAGCGATAGCTCCGTCGCAGCACGGCGCCGGCGAGCAGCATGGCCGACAAGGTGCCGCGATGCTCGCGTTGCGCGATGTAAGCGGGCGTGAGCGCCGCCGGCAGCGTGCCAGCGGCGACACTGATGAGAAACGTGGGGATGACCAGTGCAAGCAGAAACGCATCGAGGGCAGCGCCGTTGCCGAACTGCGCGGCCACGAGACCGTCCTTGAGCAACGCCACGAGCTTCACCGCAGCCGTCAGTCCGCCAACCGCGAACGCGGCACGAAGCAGGCCGCGCATCAGCCTCGTCTCCATGCTTGAAACATCAACAGATGCCACAGCGACGGTGCCCAATTCCGCGTGCCGTCGCGATGCTCCTTCCACGTTTGCAGCACTGGCTCGGCGCGGAAGATACCGTCGCGTCGCAATGCCTCCGGCGACAATAGATCGTCCGCCCAGTCCCGCAAGGGACCGCGCAGCCATTCGGCGATTGGCACGCCGAAGCCTTGTTTGGGCCGGTCGATCAGTGCGCGCGGCACGTAGCGGTCCAGCACCTGTCGGACGATCCACTTACCCTGACCGTCGCGCTGCCAGCAATTCACCGGCAGCTGCCACGCAAACTCGGCCACCCGATGATCGAGCAACGGCGCGCGTGTCTCGAGACTGGCGGCCATCGCGGCACGGTCGACCTTCACGAGAATGTCATCAGGCATGTAGCTGACCTGATCGCGGAACATCATGTCGGCCAGTAGTCCGCCTCGCCCCGCGTTGAACGGAGCGCGGATGGCCGTGTCCTGCTCGTCGACGCCGGGCAGCAGCTCCTGCGGATGCCGCCACGCCGACACCAGATGCAGGTAGAAGTCCGGGAACGTGCGCGTGTCGATCAGCGTGGCCAGCTTGTGCATGCGATCGCCGGTGACACCGCGCGCCACGAGCCCCATTGGGCCGAGCGCGCGATTCCACGTACCGGCGCCCACGGAGGTCACCAGCGCGCGCGTTGCCCGACGCATCGAGAGGGGCAGGCGGGTCAGTCGCGGCCAGGCGCGCATCGCCAGCGGGTAGCGTGAATACCCGCCAAAGAGTTCGTCGCCGCCATCGCCGCTGAGCGCCACCGTGACATGCTCGCGCGCGAGCTTCGAGACGAGCACAGTGGGGATCTGCGACGAGTCGGCAAACGGCTCGTTGTAAATCGATGGGAGTCGCGGAATCACATCGAGCGCGTCCTGCGCCGTCACGAACATGGTCGTGTGTTCGGTGCCGAGGTGACGCGCTACCGCTTCGGCGTGCGGCGCCTCGTCGAACGCCGACTCGCGAAATCCGATGGTGAAGGTGCGCACCGGCCGCGCACTCTGCGCCTGCATCAGCGCCACGATCAAGGACGAATCGATGCCGCCGGAGAGAAACGCGCCGAGGGGAACATCCGCGACCATCTGGTCAGCCACGGCGCCACGCAACAGCGTGTCGAGATGCTCCACGCGATCCGCGTCACTTCCGGCCAACGGGGTCGCCAGTCCGGCCAAGGCGGTGTCGCGCACCGTCCAATAGCGCGTCTGCTGTGCGCTGCCGTATACCGGCTGCGAAAAGGTGGCGATCGTGCCTGGCTCGAGTTTGACGACATCGCGCAGCATCGACATCGGCGCCGGCACGTAACCGTGACGAAGGTAGGCGGCGAGTGCGGCCGGCTCGATGTCGCTGGAGACGCCCGGGAGTGTGCGCAGCGCCGACAGTTCCGACGCGAACGCCAGTCCGCCCTGACACCGTCCGATGTAGAGCGGCTTCTCGCCGAAGCGGTCACGGGCGAGGGCGAGTTGTCCGGCCTCGCGATCCCACAGGGCGATGGCGAACATGCCCACGCATTGGCCGAGTGCGGCTTCGAACCCGTCGCGCTCGATAAGCGCGAGCAGTACTTCCGTGTCGGAGTGGCCGCGAAAGGTCGCGCCCTGCGCGTGCAGCGTCTCGCGAAGCGCGCGGTAGTTGTAGATCTCGCCGTTGAACACGAGCCAGAAGCGACCGGAGGTCGACATCATGGGCTGCTGGCCAAGGGGGCTGAGATCGACGATCGACAGGCGGCGATGACCGAGTGCGATGCCGCGTGGCGCATCGAGCCACGCGCCGGATGCGTCGGGCCCCCGATGCACCAAGGCATCGGTCATGCGGGTCAGTGCAGCTCGCGCTGCATCTTCGTCGCACGCGCCCGTCCAGAATCCGGCAATCCCGCACATGTCAGGTCAGTGACTCGGGTCCTTCGAGTACCTGTGTAACGGAAGAACCTGCCGTGTGACGGGCAGTTCCTTCCGTGTATCGTGCCCGGCGTCGGCCACGTTCTCGGGGGTCAGTGAGAAGACGACTTTACTAACGGTATGTCACGTAAGGACTTGCAAAATCTCGTCGCCGACGGCGGTGACGTGTCCCTGCATGGTCATCCCTCCCACTCCCTGTGAGAAAAGCACGGGCTGTGCCAACACAAAACGCCCGGCCGAGAGGGCCGGGCGCTGTGCGGAATCGTGCGGAAATGGAGACCTACGGTCGACCGATGCTCGTGTACCGGAAGCCCAGCGCTCGCACATCCTCTGCGCGATACACGTTGCGAAGGTCCACCAGCACCTTCTGCGTCATGGATGAACCGACGCGATCAAGATCGAGCGCGCGGAACTCGTTCCACTCGGTAATGATCACCAGCACGTCGGCACCCACCGCGGCGTCGTACGCATCATCGCACCAGTGGACGCCGGGCAGCAGCGCCTTCGCTTCATGCATCGCGGCCGGATCGTAGGCCCGCACGATGGCGCCGGCGTCCTGCAGGGCCGGTACGATCGCCAGACTCGGCGCGTCGCGCATGTCGTCGGTGTTCGGTTTGAACGCCACGCCAAGTACGCCGATCGTCTTGCCGCGCACCGAGCCGCCGCACGCGGCGATCACGCGTGACGCCATCGCGCCCTTTCGCGTGTCGTTCACCTGCACCACGGTCTCCACGAGCCGCGCCGGCGATCCGTATTCCTGCGCCGTGCGCACCAGCGCGATGGTGTCCTTCGGGAAGCACGAGCCGCCGTACCCTGGACCGGCGTGCAAGAACTTCTTGCCGATACGACCGTCGAGCCCCATGCCGCGCGCGACATCCTGCACGTTGGCACCGACCTTCTCGCAGAGATCCGCGATCTCGTTGATGAACGTGATCTTCGTGGCAAGAAACGCGTTGGCGGCGTACTTCGTGAGCTCCGCCGTCTCGAGCGTCGTCATCACGACCGGCGTCTCCATGAGATAGAGCGGACGATACAGCGCCTGCATTACGGCCCGCGCACGATCGGTCTCGGCCCCGATGACCACGCGATCGGGACGCATGAAATCACCGATCGCCGAGCCTTCGCGCAGGAACTCGGGATTCGACGCCACGTCGAACTCGGCGGCCGGGTTGGCGCCGCGAATGAGCTCGGCCACCCGGCGGCCGGTACCGACCGGCACCGTGCTCTTCGTGACCACGACCGTGTAGCCCTGCAGCGACTTGGCAATCTCGATCGCGGCGGCCTCCACGTAGCGCAGGTCAGCATGTCCGTCACCGCGACGCGAGGGCGTGCCGACGGCGATGAACACGGCATCCGCTTCCGACACCGCCTTGGCGAGGTCGGTCGTGAACGACAGACGACCACTCTTGATGCCCTTGGCCACCAGCGCATCGAGACCCGGTTCGTAAATCGGGATCTCGCCCTTCAGCAGCCGCTCGATCTTGGCCGCATCGACGTCTACACAGGTCACGTCGGGGCCGAACTCGGCAAAACAGGCACCGGACACGAGGCCGACATAACCTGTGCCGATCATGGCAATCTTCATGATACGTCAGTCTCCGATCTGGAAGTACTCGCGATACCAGGCGACGAAGTTCGCCACGCCCGTTTCAATCGGCGTCTTCGGCGCGAAACCGACGTCGCGCACCAGCGCGTCCACGTTCGCATATGTCGCCGGCACGTCGCCGGGCTGCAGCGGCAGCATGCGCTTCTCCGCCGTGCGGCCCAGCGACTTTTCGATGGTCTCGATGAGATACATCAATTCCACCGGGTTGTTGTTGCCGATGTTGTAGATCCGGTACGGCGCTTTGCTCGTGGCCGGATCGGGTGCGTCGGAGTTCCACTCCGGGTTCGGCTCGGCGGTGTGATCGCTGGTGCGAATCACCCCTTCCACGATGTCGTCGATGTACGTGAAGTCACGCTGCATCTTGCCGTGATTGAACACGTCGATCGGCTTGCCCTCGAGAATGGCCTTGGTAAACAGGAACATGGCCATATCCGGACGGCCCCACGGACCGTACACCGTGAAGAAGCGAAGTCCGGTGGTGGGCAGTCCATACAGATGGCTGTACGTGTGCGCCATCAACTCGTTGGCCTTCTTCGTGGCGGCATACAGCGACACCGGATGGTCGATGTTCTGATGCACCGAGAAGGGCATGGCGGTGTTGGCGCCATACACGCTCGACGACGACGCGTAGGTGAGATGCTGCACGCCGGTGTGTCGGCACCC
CP053085.1_gap7	192349	195209	2860	ACGCCGCAGCGGGATGGCAGCACGGTGGAGTATCAGGTCGCGCATCCCTCATGGCGGGTCTGGCAGGGGGCGGACCCGTCGTTCGATGCCGATGTGCGCGGTTTATACGGCGACGCGTTCGAAGCACCGCTGTCGGTGCCGCCGCGGTCGATGTTCGTGGCCGAAGGATCGCAGGTCACGGTGTACCGCCCCACGCGACTCCGGTAAACGTCGTGTCGGTCGGTTGACAGCCACTGTACAGGCGCTCAACTACCACGCGTGGACAACGTCACTCACGCACTGGCCGGCCTGCTCCTGGCTGACGCCACCGTTTCATATGTTCAGCGTCGCATCGGCCGCGCTTCTCCCATGGGGGCGGAAGCGCCATCGCTGGCACGATTCCGCCGCGCGGCGGTGGTCCTGGGTATCGCGGCGGCCGAATTTCCTGACGCGGATCTGGTGTATTCCGGTCCGATGGTCGCCATGGGGAAGCTCGGCTATCTGCTGCATCATCGAGGGCACACCCACACGGTCGTTTGGGCGCTGGTGAGTGCCGTGGTGCTGTGGTGGGCCACGCGCTGGTGGTGGCAGCGCGGGCTGAAGGGACGAGAGCGGGCGGACGCCTCGTCGGCGATCGTGTCCCGCGTTGGCGCGCGGGCGTTGTTCATGCTCGCGCTGGTCGGCACGCTGTCGCATTTGGCACTCGACTTCACGAACAGCTACGGCGTGCACCCGTTTTGGCCGTTCGACAATCGCTGGTACTACGGTGACGCGGTGTTCATTGTGGAGCCGTGGTTGATGGTCGTGGCGATCCCACCGCTCGCCTGGGGGCCGCGAGGCATAGCCGGACGCGTCTTGTTGCTGCTCGCGCTGGTCGCGATCCTCGCGCTCTGCTGGTTTGCCGGCCAGGTGTCGCCGCCCGTCGCCCTCGGCATCACGATCATGTCGCTCGTGGGGATGCTCCTGCAGCGCGCCGTCTCCGCTGCGGCGCGCCCACTCACGGGGATTGCGGCGTGGGTTGTGGTGACGATCATGTTCTTTCTGTCCTCGGTTCAGGCGCGCGCCGTAGTGACGGAATTGGTGAACGATGGCTCCCTGCGCGATGTGGTCCTCACGCCGGCGGCGGCCGACCCGCGCTGCTTCTCGGCCATGGTCGTCACCTCCACCAGTACGGAATACCGCGTGACGACGGCAACCGTTGCCCCGTGGAGCTCAGGGCTGAATGCGGCGGGATGCCTGTCCACCGGCTCAGGCGCTGGGCGCAACACCCTGGGAGCACTGCCTGGTACCTCCCCGTCCGTGCCATTCGCTGCGTCGCCGGCGGTGGCGTGGGGGGAGACGTGGGCCGTGCCGCGCGCCGAGTTCGTGGCGCTGGCGGCCACGCGCTGCGAGTTCGCTGCCGCCATGCGGTTCATGCGCACCCCGGTGTGGTCGCTCGACGCCAGCGGCATGGCCATCGTGACCGACGCGCGCTTCGGCGTTGGCGGTGGCGGCTTTGCCGGGCTGTCGGTGGCACCGGGAACCGGCTGCCCGCTCACCGGGAAGTGGATACCGCCCTGGGTGCCGCCGCGCGCCGACGTGCTCGCGCCCGGGCGCTGATCGCCGCATGTTTCGCGCGAGTATTCTGACGTCATCCTCGCGCATACATGCCTCTCAGTCGTCGACACTTTTTGACGCAGCTCACGGCGTCCGCGGCGATCGCTCGCCTCGGTGCAGTGCCCTCGCTCGGCTTTCAATCGCGACCGCGCCCGACGCCGCAGCAGCTCGCCTGGCAGCGCGACGAGTTGGCTGTTTTTGTGCATTTCGGTGTGAATACGTTCACCGACCGCGAGTGGGGTGACGGCACCGAATCTCCGTCGCTCTTCAACCCTGCGCGCCTCGATGCGCGGCAGTGGGTGCGCGCGGCGAAGGCGGCCGGGGCGAAGTCGATGGTGCTCACGGCAAAGCATCATGACGGCTTTTGTTTGTGGCCAACAGCGACCACCGCGCATTCGGTGGCGTCGAGTCCGTGGAGGCGGGGCGCGGGCGATGTGGTGCGCGAGTTCGTCGATGCCTGTCGGATAGAGGGCATGAAGCCCGGACTCTACTGCTCACCGTGGGATCGCAACCATCCCACCTATGGCGATTCGGCGCGCTACAACGACGTGTACATGGCGCAGCTCACGGAGCTGCTCACGCGGTACGGTACGCTGCACGAAGTGTGGTTCGACGGCGCGAACGGCGAAGGGCCGAACGGCAAGCGTCAGACGTATGATTGGCCGCGCACGTGGGCGCTGGTGCGCAAGCTGCAGCCTGATGCGATCATGTTCTCCGACGCGGGTCCTGATGTGCGTTGGATCGGCAACGAGCGCGGCGTCGCCGGCGAAACGCATTGGAGCACGATCCGTCCGGAGTCGGTGCCGTATATCGGGGCCAGCGGTGATGATGTGATCGCGTCGTTGCAGCACGGGCATCCCGACGGGTCGGTGTGGCGCCCGAGCGAAACGGATGTGTCCATTCGCCCCGGCTGGTTCTACCATCCAGCCGAGGATGCGAAAGTAAAGAGTGTCGACGATCTCGTGCAGCTCTACTTCACGAGCGTAGGGCGTAACTCCAAGCTGTTGCTGAACGTGCCTCCCACGCGCGATGGACTCTTGCATGATGTGGATGTAGCACGACTGGCCGGCATGCGCGCGTCGCTCACGTCGCTCTTCGCCCGCCCCCTCGCGGTACGCAACAGCGCCTGGCGCACCGACGGTGTACGCGCGGGCGTGCGCACGATTCAGTTGCGGGCGCCACAGTCCGTCTCGCTGCTCGATCTGCGTGAACCGATCTCACAGGGACAGCGCGTGTCGTCGTGGAGTGTGTCCACGAGTGGTAGCCGCCCGCAACTGTTGGCGAG
CP053085.1_gap8	200972	201545	573	TACGTGCCGCGCGTGATGCCGGCGGTACCCACGACGCGCGGATTACGCCCCGACCCGGTAATGCGGGTATCGACACCGATTAGGCCCTGCGCTTCCAGATCGCTCTGCACCAAGCCGAGCAGGTCACCGATCTGGAAGTTCTGTACGACTAATCGAAGGTCGGCGACGCCATCGGTCGGCACCAAGCCGTTGGCGAATACCCGTCCATTGGTGTTGCTCCGCAGATCCAAACTGTCGATCGCGATGCCCGGCTGCCCCCAACGGACCGTACCGGGGGCGACCGCAGTCCACAGCGTCGTATCGAAGCGCAACCGCAAGGCCTCGAACGTGATCTCGCGTTGCTCCGGACGAATGGCGTAGCGAGCATTCAGCGTGTAATCGCGATCGGTGCTCTGGAAGATCGCCACCTGTGCCGTTCCTCCCGGCGCGAAGTAGTCGCCGCGCAGCACGACGCTGTCGAGCGCGAACCCAGCTGCCACGATGGTGTCGGCGTTGGCACGAAGGCGGACCTGTGCACTATCGGTGAGCGCGCCGAGCCAGCTGTACTCCGCTTGCGCCCGCTGTACGCGATTG
CP053085.1_gap9	208810	210988	2178	GTGCGCGACACGAGATTCGACGTGTTGAATGCGAGGAAGCGCTCGGCACGCGCGTAGTCGGCGGCGGTGATAGCGCGCGACTGGGCAAGCAGAGGGGCGGCCAGGAGCGGGCCGGCAAGAACGGCACGAAGAAGAGAGCGGCGCATCGGCAGGATGGGTGGAGGGTGCGTACTCCTGAAAGGTGCCCCACAGGCCCATGTCAGGGAAAGCCCGAAGCCGAAACGATCCGCCGGAGATCTGCATTGGTCCGTGTGACCCGCGCAACCCTCCACAATCCGTGTTCCAGCTGTTGCAGTTTCGACGGTTGTCGCTCGATCAGATCGCGGCGGCTCCCGCGATCGCCGCCGCCGTGCGCAGGCCCACCGCGACGAAGGTCAGCGTGCCGTTGCAGCACGACGCCGTCGGCTGCGCTGGCGCTCCGGCTACCCAGAGGTTCTCGTGATCGTGCGCGCGGCCATGCGCATCCACCACGCTCTCCATTGGATCGATCCCCATGCGGCAGCCACCGACCGGGTGTTCCTGGCCGAGGTCGTTGGCGCTGTTCTCCATGCGCAGGATTTCGCCGCCGCCAGCCTTCGCCATGGTGCGGAACAGCTCGCGCAGCTGCTCCTCCTGCCAGTCCTTCAGCGCGGCGCTTTCCGGCGCGTCCTTGAACGACACCTTCGGCATCGGATCACCGAAGCGGTTGGCCGTCGACGCGTCGAGCGACAAGGCACTCTCCTTGTCGGGCAGCACGTCGTAGTAGCCACGCACGCGCGCCGTCGCGCCCTTCGCGCGTCGCTGCCAGTCCTTCATCAGGTCATCACCGAACTGCACCTGGCCATCATCACCGCGTAGACGCGGCTCACGCCCGACGCTCGATTCCCAGATGCGCAAATCATGGCGCAGATAGCGCGACGAGCGGGGCACGCGCATGAACTGCTTCGATACCAGCGAATGCTGCACGTTGATGCCGGGGAACAGTTCCATCGGCAATCGCAGGTACGCGTTCACATTGCGATGGCCCGCCAGATACTTGCCCACCAATCCGCTGCGGTTGGCCAATCCATTCGGGAACGCACTGCTCTTCGACAAGAGCAGCAAATGCGGCGACCACACGAAGCCGGCCGCCAGCACGAACGTGCCACCTTCGATGGTCACGTCCTCGCCCGAGGCGTTCGTGCGATTGCCCGTGGCGCGGGTGATGCGCCCCGTTTTCGGATCGGCCTCGAGCCGGCGCACCAACGTTTCGGTTACGAGCGTGATGCGCTTCCGCGCGATCAACGCGTCCCACGTGAAATCGGGCGAGTACTTGGCGCCGGTAGGGCACACGGGATAACAGGTGTCACACCGCTGACACTGCGCGCGTCCGTCGTGCTGTATCGAGTTTTTCGCGCTCGGCGTGCTCCACGTGGCGATGCCGGCCTTGGTAGCCCACTGCTGCAACTGCGCGAGGTTGTAATTAATCGGTAGCGGTGGCAACGGATACGGCTTGCCGCGCGGGTCGAGGGCAATCGGCCCCTGCTCACCGGCCACACCCATCCGCTCTTCCGCTTCCTGATAGAACGGATCGAGATCGTCGTAGCTGAACGGCCAGTCGCTGCCCACGCCGTACATCGAGCGCAAGCGGAAGTCTTCCGGCGAATAGCGCGGCGACACGCCGCCCCAGTGCATCGCCAAGCCGCCCACGTTCATGCTGGGTGAGAAGCCCCACGTCGTGCCCGTCGCGTTCTGGTCGTCGAGATGATCCTGCTTCCAGGGGCTCTCTCCATACGCGCGCCAACGCTCGCGCGCCTTGACACGATCGGCGAACGGTGTCGTGGGCTTGCCTGCCTCGACGACGAGAATGGATTTGGTGGTCTTTTCGGCGAGCGACGCTGCCATCAGCGCGGCCGTGATGCCACTGCCGACGATCACGATGTCTGCACTATGCGTGATCATGCGCGTGGCTCCGTGGCGAGAGGCAACGGCTTGCGCGTGGCATCGCCCAACGTGCGGCACACCCCGGGCGCGACACGGGCGCCGATAGCGGCGTCCCACGCATCAGGACCCGACGACCAATGCGCCAGTAGTGCAATTGCGACGTGGTTCGCATCGAGTGGAGACGGCAGCCGGTCGCCGCGCTGGTCACGCAAGACGGCGCGAAGCAGCTCCCGCCTGCGTGGGAGCGGAAGGGTGGAGAAGCTGTCGGTACCGTAC
CP053085.1_gap10	242276	246123	3847	TCAGGCCGCCAGGGGCGCAGCACACTGACCACCAGGACCGCCGCGGCTGCCGCGCCCCACCACCAGCGAGGGCGTAATGCACCGCCGAACCGGCGGGCCGGCGCATGCATCGCCGCCGCGAGCACCGAGGTGGTGCAGCGGGCAATCTGGGCGGCATCGGGGGCCGGCAGCTGAGCGTACGACGCCCGAACGCGCGCGACGAGCAACGGATCGTCGACGAACCCGGTGAGATCGAGATCGTTAGGCTCGTTCGGTTTGTGTGGGCGATCGCTATTCAAGCGACCTCCCGAGCAGCGCACGCAGCCGCTCGCTGCCGCGCTTCACGCGCATCTTGAGCGCCGATTCGCCGGCGCCGGTCATCGCCGACATCTCGCCGTACTCCAGTCCTTCGGCGTATTTGAGCAACAGCGCCTCCCGCTGAAGCGGGTCGAGCTGACTGAGCGCATGCACGAGCGCGGCGTCTTCGACGCCGGTCGCGAGCCCGAGTGGAGGGGCAGGCGCGGTCTCAAGAGCGATCTCGTCTTGCACGAACCGACGCGTGCGACGACCGCGGGAGGTAAGGGCGTTGCGGCACTGGTTGGTCAGGATACGAAAGAGCCACCCGCGGAACTGATCACGCTCGTCGTACCGACCGATGGCGAGATACGCGCGTAAGAAGGAGTCCTGCACCACGTCCTCCGCATCCGCTCGCTCCCCCAGCATGTGGTACGCGAAACGCCAGCACGCGTCGTAGTACCTCGACACCAAAGTCCCAAAGGCGTCGGGGTCACCTGCGCGGGTCCGAACAACCAGCTCCGCGTCAGTCATCGATGAACAACAGCCCAGCCGCGATGCGCGTCACCAGAATCCCCGGTTCCGACCCAACGCGACCCCAGTGCACCGATCATCCCCCGATCGTTGCTACGGCAAGCATCATCGACAGCGCCACGAACAACGAGGTCGCCATCCTGTTTACGCCACCGACCCGACGAAGCAACAGCTCCGACTCAGCCTGTGGCAACTGCTGCTGCACCACCAAGCGGTTTGCCGCTCGGGCCCGACGGTAGAGAAACCAGTTCGCCGTCCCGCCAGACGCCAACATCGTGGAGACGAACACTGCCGCGTTCATCATCAGCAGCCACTCGTTTTCCGGCTGCTGCATCGCCGCCATCGTGAGCGGCTTCTCGGTGCCGGTCAACAAACGAAACGCGATCCCCGGCATCAGGAAGAAAAAGGCGAACGGCAAGTACAACTTTCGGTACAGGAACCACGCCGGCGGAAAGGCGATTGCCGCGCTCCAGTTCCAGGTCGGCACGAACGACGCGTCGTCGAGAAACGGCGCCAACTTGCGGCGATACACCTTCTCCCACTTGGGACCGATGAACGCTTCCATCTCCGCATCGCTTGGCTGCTCGAGCGATCGCTCCTGATTCTGCTTTTGCGCCCAGCGCGGCAACTCGTTCATGACGCCACCTCCGCTGAAGCGGCAGCGGGCTGCTGCTGACTGAGACAATGCAGCGTGCCGAGGCCCCACACCAGATCCACCGCGTGAATGCCCACGATACGATGCTCGGGCAGGAGCGCAGCAAGACTGTTCAACGCAACTCGATCGTTCGGGTCGTTGAACGTGGGTACAATGCACACCCCGTTGGCGATGTAGAAGTTCGCGTAGCTCGCCGGCAGCCGCGTACCGTCCATGATCACCGCGCGCGGATACGGCAGCGTGACCACCCGGATCGGTTCACCGCGCGCATCGCGCGCGCGCTGCAAGCGGTGCAGGTTGTCGAGTGATCGCGCATGATTCTCGTCGGCGGGATCCTCTTCGTGCGCCAGCACCACGACGCCCGGCGACACGAAGCGCGCGATGTCGTCCACGTGCCCATGCGTGTCGTCGCCCACGCATCCCTCGCCCAGCCAGACGGTGTGCGTGATGCCAAGGTACGTATGAAACGCGCGCTCGTAGTCGGCGCGCGTGAAGCCCGGATTGCGCACCTGCACATCCGACAACAACCACTCTTCCGTCACCAGCATCGTCCCGAGTCCATCGGTCTCGATGCCGCCGCCTTCGAGAATCAGGCGCTGCCCGTTGTCGTGACACATCGCCTCCACACGCGGCAGTGACGTCACCCGCGAGACCGCCTCCGGCACATACACGTCCAGCGCATAGTTGTCGTACTTGCTCCACGCGTCGAAGCCCCAGTGCACGAGCGCCACGCTGCCGTCGGCGCGCTGCACGCCGGTCGGCCCCGAGTCGCGCAGCCACACCCGGTCGGTGGGCTGCACGTGCAGTCGATAGTGATCGGCGTGCACACCGTGCATCGTGAGCGCGGCACGTGCGTCCTCGCACACGGCGTCATCCTGACAGAGAATCTCCACGCGCTCGAACGGCGCGAGGGCCCGCACGATCTCGGCGTACACCCAGGGAATCGGCGCGAACTTGCCGGGCCAGTCGGGTTCGTGGGTGGGCCACCCGATCCACGTTGCGTCGTGACGCTCCCATTCGGCAGGCATCCGCACCGGACCGAGTGCTGACAAGTCGATGAGGTGACTCAACGACCGGCCAGCCAGCGCTGCGTGATCGGACCGTAGGCATCGATGCGGCGATCCCGCAGGAACGGCCAGTTGCGACGCGTCTCTTCGATCAGGCCAAGGTCACATGCCGCAACGAGAATCTCCGGTTCGGTACCGGCCTGTGCGAGATAGCGTCCGAACGGATCGGCGATGAACGACTGTCCGAAGAACTCGAGGCCATCGGTGCCGGGCTCCGGCTCGAAGCCCACGCGATTCGGCGACGCGACGAACACGCCGTTGGCGATCGCATGCGCGCGCTGCGCGGTGCGCCACGCGTCGACCTGCGCGTCGCCGAACGTCGCCTTCTCGCCCGGATGCCACGCAATCGCCGTGGGATAGAACAGCACCTGGGCTCCGAGCAACGCCGTGATGCGCGCCGCTTCCGGATACCACTGATCCCAGCAGATCAAGACGCCGATGTTCGCGTACTTGGTATGCCACACGCGAAAGCCGTTGATGCCCGGATGCGCATCGTGCCGCAGATCCGCCGTGACGTCGCCGGGCGCGAAGTAATATTTCTCCTCGAACAGCGGATCGTGCGGAATGTGCATCTTGCGATACGTGCCGAGCACACTGCCGTCGGCATCGATCACGGTGGCCGAGTTGCGATAGAGGCCCGCCGCCTCACGCTCGTAGTACGGCACGACGATGACGACGTCGAGTTCCTTGGCGAGCGCCTGAAACGTGTGCACCGTTGGACCGTCGGCTGGTTCGGCGATGTCGAACCGCTCGGGCTTCACGCTCTTACAGAAATACGGCGCGTTGAAGAGCTCTTGCAAGCAGATGATCTGCGCACCGCGCGCGGCGGCTTCGCGCACACGCGCCACCGCACGCGTCACGTTGGCGGCGAGATCATCCGAGGCGGTGTCCTGAATGACACCGATGTTCACGATGTTGGCCATGACGAAAAGTCATCGATCCCGAGGCCAGTGGCAACGTGGCGGGATCACCGTTTTTTCGGTGCCGGCTTCGCCTCACCCTTTGTCTTGACGGCGGGTGGCTCGAGCACGGGCTGGAGATAGGCCAGCAGAATGCGCCGCAGGTCGTCGAGCAACGGCTTCTTCTCGGCGGCGACGGCGCGTCCGCGACGGGCCAGCAACGACTGTCCCAGCGAAGCGGCCACAAGCGCCACGCGGCGTCGATCGCGGGTCGCGAGCTTCGGATTGCGCGCGGCGAACAGCACATCGAGCCGGTCGACGAATGAATCGAAGAGCTGAGCGCGTAGGCGCGTCGGCGCCGACCGGGTGTCGTCGCCGGGGCCTTCCACGGTGGCGAACACGCGCCGGAAGGCGGGGTG
CP053085.1_gap11	379620	381722	2102	GGCGGCGGCCCCGGCCGCGTCGGTGCCCACCGCCGTGAACGAAGGGTCGATCACGGCCTCGTGGAACATCGTGGTGCCGGGCGCGCTGTTGCAGCCTGGCCTCACCGTGCTGGCCGATGTCGATCCTGACAACGCCGTCGCCGAAGACCTCGAGACGGACAACCTGTTCCCGGTATCCGGGACGCCGCGCGCGCTCGACGTGCGCTACGTGCCCGCGCTCGCCGTGCGCTTTGTGCCGGTGCAGCAGGGCAACGGACTGCTTGGCACCATCTCCGACGCCAACGCCGCGGCCTTCCTGACGCGGACCCGCGATATCCATCCGCTCAACGCAGTCACCTCGAGCACGCGTGCGGCCTATACCACGACACTGAACATCAGCAGCGACGGCACGAACTGGAGCCCCCTACTCGGCGAACTGCGCGCCCTGCGCACTGCCGACGGCGCCTCGCAGAACTACTACGGCGTGGCAAAGGTGAGCTACTCGAGCGGCGTGGCTGGCATCGGGTACATCGGCGCGCCGGTCTCGATGGGCTGGGATTATCTGCCCAGCGCCAGCGAAGTGATGGCGCATGAACTTGGGCACAATTGGGGTCGGCAGCACGCGCCCTGCGGCGGCGTGGGCGGACCCGACGCGAACTATCCATACGCCGGCGGTACGATCGGTGTGTTCGGCTTCAACGTGCGCTTGAATCAGCTGTTGTCGTCGAGTACGGCCGATCTGATGGGCTATTGCTCCCCCACCTGGATCAGTGATTACACCTATCTCGGTGTGATGTCGTATCGCGGGACGTCCACCACCTCCGCGACGATCACGTCGGCGTCGGTGCAGCCGTCGTTGCTCGTGTGGGGCCGCATCGATGCCGATGGCGAGATCGAACTCGAGCCTGCCGTGCGTCTGACCGGCCGCAGCGTGCTGCCGGCCCGAGCCGGCAACTATACAGTCGAAGCCACCGACGCCGCCGGGAACACCATCTTCTCGGTGTCGTTCGACCCCGACCAGGTCGCCGACGAATCCAACACGCTCGACGACGAACACTTTGCTTTCATGATCCCGGTCAGCGACGCCGCGCAGGCGCGCCTCGCCACCGTGCGCGTGCGAGGCAAGGGTCGAGCGGCGGAACGTTCGGCCCGTGGCTCGCAGGCCGCTCTGGATGCCGCCGCGGCGAACGCCTCGGTGCGCGCCAACGGTGTCGGTCGGGCGCGTGTCCAGTGGAATGCGACGGCATATCCGATGGTGGTCGTGCGGGATGCGGCGAGCGGCGAGATCCTCTCGTTTGCGCGCGGCGGCAGCGCCGACATCGCCGCTGCCGGAGCGGACGTCGAGGTAGTCTTCTCAGACGGCGTGCGCAGTGCGAGCCGGAAGGTGAAAGTCGGCGGTCGCTGAGTCTTGCAGCGAGAAGCAGGGCGTGGGGGCACATCGCGTGACGCGATGTGCCCCCACGGTTTTCTATATGCCCTTAGCGTTGGCTAATGCATTCCGTGTTAGTTGAATATTCGCTTTGTGGAAAATCTGCATGAAGAATCCGTTATAACTCCGTAGCTCTGTTCGGACTATCGGTCCAGAATGCATGAAGTTATCCTCTCGCCACAGCCCCGCTCGCCCTGCCGCTACTCGGAGGCGCCGCACCAAGTGGACATTGGAAATGCATCCCGCAACGACGGCGTTCAGCCGACCGAGCCCGCCGAGCAAACCTTGCTGGCGCGTGAGGCGCTCTTCCGCACGCTCGCGGAGTCGTCGCCAACCGGTGTGTTTCTCGCGGACGCGCACGGAACGCCGACCTACGCCAACCAGCGACTGCTTGACTGGTTTGGATTGCGACTCGACGAGTTTGCCACGGGCAGGTGGCTCGATTGCGTGCATCCGGCCGACGTCGCGCAGGTTCGCGCGGGAATGGAGCGAAGCATCGGGAAGGCGCAGAGCTTCGACGAAGAGTATCGCGTCGTAGTCGACGGGCATGTCCGCTGGATTCGGGTGCGCACGCAGGCGGTCATGTGTCCCAAAGGCACGACGGTAATCGGTCAGGTCGGCTCGGTGCTCGACACCACCGGTGAACGCGCGGCCGCCGACGAGCGCGATCGACTGCAAGTACAGCTGGAGGAGG
CP053085.1_gap12	475398	476058	660	CACGCCGCGACGATGCCGATGGTCAGTGCGAGCGAGCGCGCACCTTCAGTCGGCGTCGAGAACCACGGCTTGTGGGTCATGATCCACAAGAACCACGGCGACACGAGATAGGCGATCTGTCCGATGAAGTTCTGCACGCCCATGAGACGTGTCCGCTCGTGATAGTCAGGCGTGAGCTCATAGCCCAACGCGACCCACGGCGCCGCAAAGATCGTGTAGGCTACGTAGAACAGGTTCGAACCGATCACGAAGTACCAGAAGTAGAACGACTCGGTCTTGCCGATCGGCATGGCCCAGAGCACGGCGTACGAGATGCCTGACAGGATCGCGCCGACGAAGATGTACGGGCGCCGTCGTCCCCAGCGAGACCGCGTCTGGTCCGAGATGAACCCCATCAGCGGATCGATCAACGCGTCGGTCGCCCGTGGAATCGCGCCCGCGATGCCGACCAGGGCCGGGTTCATGCCGAATCCGAGATTCAGAATGATCATCATGCCGCCGATCGCAGCCGCCAGCAGATTGTTCACGAAGGCGCCGAGGCCGTAGGCGATCTTGCGTGAAAACGCGATGCGGTCCTGAGGGAGCGTGGTGTTGGCGACGGCGATGCCGCCCTTCGTTCCCAATCGCGTGTGCCACGCGGACACCGCCGCGCGTGCCAAA
CP053085.1_gap13	490533	492421	1888	CCACGGCGCGACGAAACTCGGCAGAAAGACGCCGAAGGGCTCGTTCCCGCGCACCACATCCCGATCAAATAAGGCTGGCGTGTGCGACAACGAAAACGTCGTCACCACCTGCCGCGGATCGAGACACACGCAGTCGCCCATGAGCGACACGTTGATCCCCATCGACCGCGCCTTGTACAGCGTCTGCCGCAAGTTGCCGCGCTGACGCGCGATCGACTGGCCGGGCCACAACGAGGTCAGTAGCTCGTCGCGCGAGTGCCGGTACTCGGGGCTGTACGCCACGCGCACCAGCAAGGCAAAGAGCGTCCCCGTCGACGGCACGATGCGGTCGTCACCCAACATCAGGCGCGCCGCGCCCAAGGTCTGAAACACCAAGGGCAGCCCGCCAAGATCCGCGTCGTCCGCCACCTCTGGCAACGTCAGCTCGTCTCGAGCCGCTGATTGGAGTCGCATGCGAGCCATTGGCACACCCGTCGGCAAGAGTACAGGCTGGGCGATCGACGTCGTCACCCGGGGACGACATGACACTGAGCTCGTACCGTCAGCGACGCGTCAGCAGTAGTAAATGTCGCCGCAGTGAAGCGATCCCAACAGCGCACCCCGTGACTCCGAGTGAACAATGCACGACGGGCGGTCTCTCTCGTGGAGAAACCGCCCGTCCGCTGTCATCCGTCCCGTCCCTGCCGGACTGCCCACCGACCCGGGAACTCACGGAAATTCTATCAACGACTCCGTTGGAATGCCGTCGGCTTCCGCTTGAAAGTTGACCACAAGACGGTGTCGCAACACGGCCTTCGCTACACTGCGCACGTCGTCAAGATCGGGCATCGCCCGTCCATCCATCGCCGCCCGCGCTTTCGCCCCCAGGACGAGATACTGCGACGCACGCGGACCGGCACCCCAGCTGACGTATTTCTTCACCTTCGCACTCGCGTTCGGATCGTCCGGTCGCGTGCTGCGCGCGAGCTTCACGGCGTACTGCACCAGACTCGGCGGCGCCGGCAACCGACGCACGAGTCGCTGCAATCGCAGCAACTCTTCGCCGCCGACCACCGGACGCACATCGCCCTGCGACGCACCCGTCGTCGACATCACGATCTGCTCTTCCTCCTCGCGCGACGGATAGCCGACCGTGAGTTCGAACATGAAGCGGTCGAGCTGTGCTTCCGGCAGCGGATACGTGCCTTCCTGCTCGATCGGATTCTGCGTGGCAAGCACGAAGAACGGCTTCGGCAACTCGTACGTGCGTCCCGCCACGGTCACCGTGCGCTCCTGCATGGCCTGCAGCAGCGCGGCCTGCGTCTTCGGGGGCGCTCGATTGATTTCGTCGGCCAGCACCATGTTGGCGAACACGGGGCCTTCGGCAAAACGAAACGCGCGCTTGCCCGTGCCTGGCTCCTCTTCCATGAGCTCAGTGCCGGTGATGTCACTCGGCATCAGGTCGGGTGTGAACTGCACACGCGAGAAGGTGAGATCGAGCGCCTGCGCAACGGTCTGCACCAGGAGCGTCTTCGCGAGGCCCGGCACACCGACGAGCACCACATGTCCGCCGGCGAGCAGCGCCGTCACAAGGTCGTCGACCACCTGGGTCTGTCCGACGATGCGCTTTCCGATTTGCGTGGCGAGCTCACGTCGCGCCTCAGCGAGACGGTCGAGCAGGGCGAGGTCGTTCTCGACAGGCGGTGTAGTCACGAGATCGGTGTGAGATGCGAAATGGACGAGCCTGAAAACAGATACGGACGCCCGCGGGCGTCCGTTGCAGTGTCAGAGAATGTAACGCGCGAACCGAGGCGCGCGAGCAATGCACGCTCCCACCGGCAATCAGCGAAGGGCGAACTCGACGCGCTGTTGCACGGGATAGTTCTCGCTGCGCAACGACGCCACGAGT
CP053085.1_gap14	519874	520977	1103	GCTGCAGCTGAAGGAGAAGAACGGCAATGTGGGCGAAGTAGCCGTGATCTCCCTCGGACCTGACGCGGCACAGGAACAGATCCGCAAGGCGCTGGCGATGGGTGCCGATCGTGGTGTGCTGCTGAAGGCCGACAGCATTCCGGCCGACGGGCTCGCCATTGCGCGCGCGCTCGCCGCCGAAATCAAGGAGGGCGGCTATGACCTCGTCCTCTTTGGACGCATCGCCATCGATTCGATGAATCAGATGACGGGCCCGATGGTGGCCGAGCTGCTCGATCTGCCGTGCGTGACGAACGTCTTCAAGCTCGACATCACCGGCACCACCGGTCGCGCCGAACGTGCGCTCGAAGGCGCGACGGAAGTCATGGAGTTCCCGCTCCCTGCGGTGCTCACCATCGACGATGGCCTGAACAAGGAACGGCTGCCGTCGCTCAAGGGCATCATGGCTGCCAAGAAGAAACCGCTCGATGTGAAGCCGGCGCAGCTCGGCGACGCGAAGGTGACGGTGCACAAGATGGCGCTGCCCCCCGAACGGGCTGCCGGACGTATCCTCGGTGACAGTGCTGCCGCGGTGCCGGAGCTCGTGCGACTCCTCCAGACCGAAGCGAAGGTGCTCTGAGATGGCCAACGTTCTCGTATTCGCAGAAGTGCGTGGCGGCGACCTGCGCAAGGTGGCGCTCGAAGCCGTGACGGCCGGTCGCGCCCTCGCCGAACTCTCCGGTGGCGGCAGCGTACATGCGCTGCTCGCTGGTGACGCTGGCATCGCTGCCAAGGCGTCGTCGTTGGCGCAGTACGGCGCCGACACGGTACTCGTGCTCGAACACGCCGGTTTTGCGCAGTACAATCCGGAAGCGCTCGCGGCCACGGTGGCCCAGCAGCTGGGTACCGGCACCTATGGCTACGCGCTGTTCAGCGCGACCGCGCAGGGACGCGACTTGTCGCCGCGCGTGGCGGCCAAGTTGGGCGTCGGTCTCGCGGCCGACCTCACCGGCTTCACGGTCGAAGGCAGCACGGTGTTGGGACAGCACTTCAACATGAACGGCAAGGTGATCGCCACCTTGGCGCTCTCCGGTTCGCCTGCGCTGTTGTCGGTGCGTCCGGCG
CP053085.1_gap15	525561	529463	3902	CGCGTTTCGAGGGCTGAGATGTATGCACGGGCCATGGCCGACGTGAGCCAGGTGTCTTCGCCATACGTCTCTTCGACTCGGCCCCAACGCACGTCATTGGCGATATTCACCACCGGCGACAGCGACAGGCGGATGCCACGGCTGCGCGCTTCGCTGGCGATCGCACCGGCCACGCGGCTCACCAAGGCCGTGTCCCACGTGGCGGCCAATCCGATGGCCTGCGGAAAGGTGGTTGCTCCTTCGCGGCCGAGTCCGTGCAGCGTTTCCTCGAAGGGCAACAGCGGAATGCCCAGCCGGGTGTCGCTTACGAACCAGCGCTGCAGCGCGTTGATGCGCTCAGTGTGGGCGCGCGCGACCACCCCCGCGTTCAACGTGTCGCTGCGCAATGCCTCGGCGCGCATACCGGCCGGCGCATTGATCTGCAGACCAAACGACCCGTGGCGATAATCGTGCGACGCGTCATCACGATCGCCGGGAATCATGAACAGCTGCCAGAACTTTTCGTCGAGCGTCATGCGCGCGAGGAGGTCCTGTGCCCGCTCCGACGGCGCGCGACGGGCGTCGCGGTAGGGCGCGTCGGCTGGCGGCCGGGAAGGGGCTTCCTGGGCCGCGGCGGAGGCCGCCGTGGTCAGGGCGGCAACGAGCAGACCGGCCAACGCCGGCCGCACGACTGATAATCCTTTGGGCACGCAAGTGAGCATGCCCAAGCGTAGCGCGCTTACGGCCGGATTTCGAGTTCGGCTTGGGCCGCCGTGAGTGAATCACCGCCGAAATTCACGACCGCGTAGATCGTGTACTTTCCCGGCGGCAGCGAGGGCATCGCGACGCGGAACGTCTCCCGCTTGCCCGCGTCGATGCGCTTGCCCTCCACCAGCGGCACCGCCACGACCAGCGAGTCGTCGCCCAGGCGGACCTGCACTTCGCCGACGATCTCGGTGGCGGTCGTACCGGTGTTGCGATAGCGCACCTCCAACGATTTGCCCTTCACAACCATGTCGCTCACTTCGCCGTCGACCGTCACCACAGCGGCGGGAGCGGAGGCGGATACCGTCTGCGCCTGGATTGCCGCAATGGGCAACAGCAGCAGGAGCGCGAAGAGCAGAATTGCGAGGGCCAGCAGCGGCGCCCGCAGCCAGGTGATACGCGTCGGCGAGGTCATGGCCCGCTCTACTGGAAGGATGGTGCCAACCGGCTCTCAGAGGGAAGCACGCGTCCGCGACGACCCACCTGTGGGGCTGGCGCGACAGTCAGTGGGGGATCGGCCCGTCACTGTTGTCGAGGCCGGGGTGGCTGACGCAGTTGGAGGCGACGCGACGACCCGATAACTTCCTTCCGTCCCGCGACGCGGCGGGCGCAGTGCGCGGGCGAAACGCATGCGCGACGTCAACGATGTGCAGAGGCCAATGCTCGACAAGCCGCAATGGACGTTGGGTGACGCAGCGGAAGGCCCCCTACTGGCGGCCATCGTGGAAACGTCCGGCAGTGTCATTCTGGGCCTGCATCCGGACCAGCGCATTTTTGCGTGGAACCGCGCCGCCGAAGATCTGTTTCAGACGCCGCGCGGTGATGCGCTGGGGCAGGACTACGTCGCCACGTTCATCGCACCCGAGCATCAGGTCGCCGTGGCCGCCGACATTCAGGCCGTCCTCGGCGGAAAGGACACGCTGAACTTCGAGAACGACACGATCTTGGCGGACGGGCAACGGCGCACGCTGCTCTGGAACGTCAGCCGCGTCTTGGACGCCGTCGGCACACCGATCGGCATCGTGGCCATCGGGCAAGACATCACGGCGCGCAAGGAAGCGGAGGAACGCTTCCGACTGGTGTTCGAGCACGCGCAGGACGGTCTGCTCATCTCCGATCATTCCGGCGTCGTCGACTGCAATCCGGCCGCGCTGCGTATGCTTGGCCTCGTTGATAAAGCGCAACTCGTGGGCCGCCGTCCAGCCGAGTTCTCGCCACCGATTCAACCCGACGGCACGCCCTCTGATACCAAGTCGCGGGATCTTGGGGCTGTCACCCTCCAACGCGGCGCGCACACCTTCGACTGGGTGCATCAGCAGCCCGATGGCACCGAGGTCCCGGTCGAGGTGAGTGTGCGACACACGCTGCTGAATGGACGGCGGGTCTCCGTCGTCGCCTGGCGTGACCAGACGCGCCGATTGGAGCTGGATCGCGAACGCGCGATCGTGCAGCAGCGACTCGATCTGGCGCAGAAGATGGAGGCCGTCGGGCAGCTCGCCGGCGGCGTCGCGCACGACTTCAACAATCTGCTGGCGGCGATACGCAATGCCGTGCAACTCGCGATGTATGAGCTGCCCGTGGACAGCGCCACGCGGGCCGATCTTGAAAGCGCCCTGCAGACGGCGGATCGTGCCGCCGGTCTGACGCGGCAACTGCTGGCGTTCAGCCGGCGGCAAACTCGTGCGACCGAGTGTATTGATCTCGCGGCGCTGGTTCGTGACACCCTCCCGCTGCTGCGCTCCTCGATCCCGCCCGCGGTGGACGTGCGGATCGATGCGGACGTGGCCAACGCACTCGTCGTGGGTGATCGCAGTCAGTTGGAGCAGGTACTGCTCAACCTCGTGCTGAACGCGCGGGATGCCATGCCGGACGGCGGACAATTGGATATCGTGGTCCGCGTCGACGAGGCACGAGCGATGTCGTTACTGACCGTGACCGATACGGGAGTTGGTATCGACGAGCTCACGCGGCTGCGGATCTTCGAGCCATTCTTCACCACCAAAGCGCTGGGGACCGGCAGCGGGCTCGGGCTCTCGGTCGTATACGGTGTCGTCACGCAGGCCGGCGGCACGGTGCGCGCGGACAGTGCGCTCGGTCAGGGTACGACAATGCACGTCGAGCTGCCGTTGTCGATGCTCGTTCCCCAAGTCTCCATCACGCCCGCGACGGATGACGGCGATCGTGCCGACGGCGTGCTGCTGGTTGATGACGATGAGGCGGTCCGCACGACGACCCGTCGGCTGCTGGCGCGTCACGGATGGCGCGTGCTCGAGGCAGGCGATGGAGAGGCAGCGCTCGCACAGTTCGTTGCCCATCGCGACCAGATCGCGATTGTGCTCACCGATCTGCGCATGCCCGTTATGGACGGCGTGCAGCTCGCGCTGCGCATCCGTCGCCTCGCGCCAGATTTCCCGGTGGTGTTCTTCTCGGGCTACGACGAGCTCGAAGAGCACTCGGTGGAAGGCATGGGCGACGTTCCCTTGATCGCCAAGCCGTTCGGCACCGACGATCTGCTCCGCGTCATGGCCGACACCTTGGCGGCCGCGCGCTAGCAGCGTCGCAAGCGCATGACCTGAATCTCCTGCTTCACCGGGCCTTCTTCGAACTTCGTGGTGACGGTGTCGAAGATCTCGAGTCCCACGTGCACGAGATTGTCGCGGAACATGGGCAGGGCCAAGCGACCGGGGTCGGCCACGATCGCCACGCCGTCGGGCGCCAGCGAGCGCGCCATGCACTCGCCCACGAGGATGGCGTACTCTTTCTCGTACAGCACGTCGGCGGCCATGACCACGTCGAAGACGGCAAGATCGGTGGGCCATTCGCGCCAGTTCACCATACGCACGGTGGGCTCGTGGCCCAGATTGCGCGCGGCATTGCCGCGGGTCACGTGGAGCGCGTCGTCGTAGTAGTCGGTTGCGGTCACGTCGAAGCCACCCAGCATGGCACCCACCGTCGCGAGCCCGAGTCCGCAGCCCATCTCCAGCAATCGTCGTCCCGCGCCGGCTTCGCGCGCGATCGTCGCGGCGAGCACACGAGCCGATGGCCACAAGTCTGCCCAGTACGGCAGCCGTTCGTCCATCACGTAGTCCGCTTCGCTGATCAAGTGATCGGCATTCTCCGGTTTCACGAGCGTGATCGCGCGGCCGCCGATATCCACT
CP053085.1_gap16	543776	547657	3881	CGTGCTCGACATCAACGACATTCGCCGACTCGGGCAGTTGGCCGACACGGTGCGTGCGCTGACGGTGCCGATTTCGGTGGTCGATCACCACGTGGCCGGCGATGAGCCCGTGGGGCACATCGCCGTGGCCGACACCGCCGCCTGTGCCACGGGCGAGTTGGTGTTCGATATCGCGATGACGCTCGGGCTCGAGGTCACCCCCGCGGTAGCGCAGTCGCTATACGCGGCGATCCTCACCGACACCGGCAGCTTCCGCTTCAGCAACACCTCGCCGCGCGCGCATTCCATCGCGGCGGCGTTGTTGGCCGCGGGCGTGAACCCGGAGGAGATGTACCGGCGCATTTACGCGCAGGTGAGCGTGGGACGCCTGCAGTTACTGCGCGAGGCGCTCTCCACCTTGCATGCCGACCCTGAGATAGGCCTGTCGTACATCTCGGTGGCCGCCGGCGCGATGGAGCGCTTCGACATCACGAGCGAGGAACTCGATGGTATCGTGGAACACCCACGCTCGATTTCCGGCACGCGCATGGCGATGTTCTTCCGCGATCTTGGCCACGGCAAGGTGAAGGTGTCGTTCCGCAGCACCGGCTCCGTCGACGTGCAGCAGTTCGCGCGTCGCTACGGCGGCGGAGGCCACGCCAAGGCATCAGGCGCCTTGCTGACGGGGAATCTCGCCGAGGTGCAGGAGCAGGTGGTGGCCGATGCGCGCGCGTATCTGACGGGCGGGGATTTGGCGGCAGGGTAGGGTAGGTGAATGGGTGCGGTCGCCGTGTACTATTTCCTCTGCTTCTGTTTGGCGATGTCGCGAGGGGAAAGCGGCGTGGTGGAGAGCGCTACGACCAGTGAAGTCTCCGTGCCGATAGACGCGGCGAAGAGTCGACCGTCCGGAGCAATGGCGAGTGCGGTGGGAGTGAATGGAAGTCGACGGGAATAGAGATATGCGCCGTCGCTGGCGCGGTAATAGTCGAGGAGCTGGTGCGGATACGTCTTGGTGGCTCCCGCCTCGATAATGACGGTGTCGCCGCGCTGCATCGCACCGCGCGCAATGGGACTCACTTCCGTCGTCATCGTGGTCTGCGTCGTGACGTGCGTTGCCGTGCGCTCGAGTCGACGCTGTTTTGTGACCACCACAGCTTCGTCGCCCGCTTCGATGTACGAGAAGCGTTTCGCGGCGCCGCTCGACGAAATGCTGTACCACGAACCGCCAAAGAACGGCGCGACCGCCATCGACTCTCCTGCGCACCCGTCGGCGATGTACGCGGAGTTGGCGAATGACGGTGCCTTCTGCAGGGCGGTGACGACCGGCAGCGAGGTGCGCGAAAGGGTCCTGCCGCTACTATCGATCATCGCGATTGCTCGTGTGGCGCCGAGGTACTTCACGCGGATGAGCCCACGCGGTAGGAGACATATCGTCTCCACCACCGGGCCATCCGGCACGCGAGTCGTCCAGAGAAATCGTCCGGAATCCGAGTAGACGGTGAGCCGACTCGTGGCCGCATCGAGCACACCCACATGCCGTGCGGACGCCACAATCTGCATCGGTCGCTTGAACTCTCCCGGACCTTCGCCGGTCGCATTGAGCACGAATCGTTTTGCCCCAGTCGTCAGATCGAACGCGTGGATTTCTCGCGTGCCTGCGTCGAGCACGACAACCACGTGCTCGGTGACAGCGAGGGAGCGTGGTTCGACCAGAAGATCCGGATCCTTGGTGCCGCCGCGCACCCACTCGCGGATATAGAAGGAATCCGCGCGGAATCGACGAATCGTGGGTGATTGCTGCGCATGAACGGCGGTGCTGCTGTCGGGGGCGCTGACAACCAGGGCCAAGATGATCCCGGCAAACGCGCGATGCGATAGGCGAGGCGTCAGAGGCATTCAGAGTTCCTCGATCCAGGTGAGTCCTTCGATGATCTTCCGCAGCCCGGCCACTTCGCGTGATGAACGTGGACTCTGCGTCGTGAAGCGCACGCGCCCTTCCTGGTCGAGGACGAGCAGCGCGGGCGTCGTGGTGTGACCCAACGACGCGAACTGTTGCACGACGGGAGTCGGTGCAGGGCGTAGCGGGATGGCGGCTGTCCAGGCCGGCAGTTCGGCCCGGATGTTCGTCGAGTCAGAGACCGGTCCGACATACCAGATTACGGCAAGCTGGATGTGCCGCTTCGTTGATCCGCGGTGAAGCACATGCAGCATGCGCAGATTGCCGGAGCAATCGCTGAGTTGCAGGAGGACGGCGGCCGGCACGGCGGCTGTCACCCGCCCACTCGGCGGAGCGATCGGCGCCGCCTCGTGAGTAAAGTGACGCATGGCGTCGGGAAGCGTGCGCTGCGGCATCGCTCGCGCGACGTCGTATCCGACGCCGGCGAGCGAGACCACAAGCCCCGCGACCACCCAGTGCCAAAGGGTCGGGGCGCGATGCATCAGTCTTCGCAGAGCTCGATGTTCGCCTCGAACCCGTCATCCGACGATCCGCTGGTCGTCGCGGCGCTGCACGTCTTGAACGGGCCAGTCGTCGTCGTACCGGTCGAGATGGAAGTCCGGTCCTTATAAAGGGTCTTGTAGCCTGCGACGCATTTCGTCTGCGTGAACGTGAACCCTCCGCTCTGCATGAACACGTTGAGGTTGAACTGGATGGAGGTCTCGCACGTCGTAATCGGCTGCGTGCCGCACGCCGTGAGCGTGCCCATCGAACACGCCGTCGACGTCACCGTCGACGACTGCGCCATCGCGCGCGACACATCGACGGTGGCCACCGTGAACAGCAACGCGAACACGCCGAAGGCGGCGCGGGGAATGGTCATCATCATGACAAACCTCGGGATCTATCCGTGAAGTGGCGCGCCGCGGAGTGCGTCGCACCGGTCATCGCGGCCCGGATCCGCGCGACGGAGCCACCATAGCACCCCCGCGTCAGCGCGCTGTCACCGGATTGCTGCCGGCATGGCCATTTCACCGCCGGACGCCGTCGGGAACGTCAGTCCCCCGCTTGGAGCGCTTCGTCGCGATGCCTACTTTTCAGCACGTAGTCATCCCGATAACCCGACTCTCCAATGCAGCCTCTCATGGAGCGGATCACCGGCGCTCTCGCCGCGGTCCGCAACCCCCGTACCGGCGCCGATGTCATGGCCGCCGACATGGTGCGGGATATCGCCACCACGGTCGACGGCAAGGTGCGCCTCACGCTCCTGCTGGCCGCCCAGGACGACGCCACCCTCGTGCGCGACGTCCGCCAGGCCATCGAGGCGCTCGCGGGCGTGTCCGATGTCCGCGTTGATGTGCGCGACCCCGCGCAGACCGAACCCACGCCGGCGCGTCGCGCGCCGACCTCCGCACCGCCAGCCATGAATCAGCCGCAAGCGCCCGCCACGGGTGGCATGGGACGCGCCCTCCCCGTCATGGATGCCGCCCCCAAGGCGCCGCCCAAGGTCCCCGAGCCGGTCGCCTATCCGCAGCTCGGTCGCATCATTGCCGTGTCGTCGGGCAAGGGCGGCGTGGGCAAAAGCACCGTGGCCGTGAATCTCGCGGTCGCGCTCGCCAAGATGGGCAAGCGCGTCGGTATCATGGACGCCGACATTTACGGCCCCAACCTGCCGCTCATGCTCGGTGTCGATGCGGCGCCCGCAGTCGTGGATGAAAAGATCATCCCGCTCGAGGCCTACGGCATCAAGGTGATGTCCATCGGCTTCCTCATCGAGAAGGAGCAGCCGGCCATCTGGCGCGGCCCGATCGTCATGAAGATCCTCACGCAGTTCCTGAAGGACGTCGCGTGGGGACAGCTCGACTACTTCCTGGTCGACATGCCGCCGGGCACCGGCGACGCGCAGCTCTCGCTCGTGCAGGCAACGCAGGTACACGGCGCGGTGATCGTGACCACGCCGCAGCAG
CP053085.1_gap17	617745	620459	2714	TGGCGATGGCCACGAGCAGGATCGATCCCATGATCGCGTTCGCAACGCCACCGCCACGGACGCCCGGTGGCGACGGCATCTGCGTGAAGAACGTGGGGGTGAGCTGGCCGAGCCCGTTCAGCAGCAGTTGCGCCAGAATGAGTACAAGCGGAATCACCGCCACGGCGGCGGCGATCCACGTGAACACGGTCATGACCTGCCCGCGGCGTTTGCGCTGGCGCGCGCGCGTGGTCATGTCCACCGTGAACCGGGCAACCCGGTCGCCACGCGCTGTACCAGCCACCGGGCCAGCACATTCACCAGCAGCGTGATGAGCAGCAGCAGGGCCGCCACGGCCATCAGGGCGGACAAATGCGCATCGCTCGAGGCTTCGGCAAATTCATTGGCCAGCAGCGACGCCATGGTATACGCCGGATCGAACAACGAGTCGGGAATGGCGTGTCGGTTGCCGATGACCATCGCGACCGCGAGCGTTTCGCCGAGCGCGCGTCCGAGGCCCAGCATGATACCGCCGATCAGCCCAGAGCGGGCTGCCGGCAAGACGGCGTCGCGCACTACCTCCCAGCGCGTGGCACCCAGCGCCAACGCGGCCTCGCGCTGCGTTGGCGGCACCGCCCGCAACACTTCTCGGCTCACACTGGCAATGTACGGCAGGATCATGATGGCGAGCACGAGACTCGCTGCGAGCAGACTGGGGCCGTACGCCGGACCGCGAAACAGCGGCATGACGGCACCGAGGGGCAGCAGTGCCGGCATGATCGTGTTACGCAGCAGAGGGATCAACACGAACACACCCCAGAGGCCATACACCACCGACGGAATCGCCGCGAGCAGATTCACCAGGAACGCGACCGGTTCGTGCAGGCGACGCGGGCCGATGTCGACGGTGAAGATGGCCACACCGAGGGCCAGCGGCGTCGCGATCGCCAACGCGATCAGCGAGGAGAGCAGCGTGCCGACAATGGCCGGTACGGCGCCGAATCGCTCGCGCGGCACATCCCATGTACTGCCGAAGGCGAGATCGCCGGCATGGAGTGCGAGGGCAGGCCATGCCGCACGCACGACCACGGCGGTAAGCAGCACGAGCACGAAGGGGATCGCGGCGGCGCACACCGTCGTGATCGTTCGATAGAGCCGATCACCGAGGGGGGACTGCATCGACGGAAGCTAGGATTTCGCGCTTCGCGCCCGCGCCGTCCTGTGTAACGGGTCTGTCACGGCGGCCCGGGCCGTCCGGCTGCCAGCGTGGCGTCGAGTCGGTCCACTATGCGGGTCGCGGCTTCGGACGGAAGCGGCACATAGCCGAGTGTACTGGCCACGTCGGGATTCTCGAGCAGCGCCCAGCGGATGAAGGCAGCGAGCTGGCGGCTCTTCTGCGGTCCGATGGCCGTCGGCGCCACCAGCATCCAGGTGAAGGACGCGATCGGGTACGACTGCGCGCCGGGCGCGTTCACGAGCGACACACGGAGGTCTGGTGTGCCCTTTGAGTCGGACGCAAAGAGTTTGCGATCGGCCTCGAGAACGGCCGTTGCCGCTGACGCGATCTCGAAGGGCATCGGTGAGATGAACCGGCCGGCCGCGTTGCGCACGTGCACGACCGGCAGGCGATTTTGCCGTGCGTACACGACCTCGAGATAGCCGATCGCGCCCGGCATCTGCTTCACTTGGCCCGCTACCCCTTCGTTGCCCTTGCCACCGATGCCGACCGGCCAGCGCACGTCTTTGCCACGGCCCGGTCCGGCGGCCCAAGAAGGGCTCACGGTGGTGAGGAAGTCGCTGAAGATGTAGGACGTCCCGCTGCCATCGGCGCGATGCACGACCAGAATGTCGGTGTCGGGCATCGTGACATTCGGATTCAGCGCGGCGATACGCGTGTCGCTCCAACGCGTGATCGTGCCGAGGAAAATGTCGGCGATGACGTCGGGGCTGAGGTTGAGCGGCCGCGCCAGTCCGGGGAGGTTGTAGGTGATGGCTACGGCGCCGATGACGGTAGGGATGTGCAGCACCGGCATGCCGGCGCTGGCGAGCTCGGCATCCGTCATCGGCACATCGGTGGCGCCGAAGTCGACGGTGCGCGCGACCACTTGGCGAATGCCACCGCCGGATCCGATCGACTGATAGTTGATGCGGACGTTGGTGAGCGTCGCGTATTCGTTGAACCAGCGCGAGTAGAGCGGATACGGGAAGGTGGCGCCGGCGCCGGTGAGGTCGACGCGGGTGCCACTCGGCGTGAGCGCGGTGGCGGAGTCAGCTCGGCTCGATCGACGATCACCGCACGCCGAGATCGTCGCCAGGGCCGCAAGCGCGAGCGCTGGTAGACCAACACGTCTGAAGGAAAGCGATAGTCTTGGCACGTTACAGAGGATTGGCGAAACCGAGCAGCTTCGCGACTCCGTCGCGACGGATGACGCGATTCGCGATCCAGATCGTGTCCAAGCCAGCGGCACGCTTCAGGACGATGCCGCACGGCCCTTGAATCTGCGCTGCGCCATTGGCGACCTCGTTGCCATCGCACGCCACGCCTACTGCTGGCACGCTGCGCGCCGTTTCAGCGCGGAGTCGGGCGCGACTGAGTCCGCGAACCGATGCCTCGTCCAGTACGAGCCATGCGATCGCGGGCTGCATTCCTGATCGGATCTCGGGGCTATCCGGAAGATACAGGTAGGCAAACTCCGCCTGATCCACGCTCAGCGCCCGGACCGCGCTCGTGTCAG
CP053085.1_gap18	679143	683756	4613	CGGGATCGGGCGGTGACCTGATGCCGTACATGTTCAAGCGCCGCAAACTTGGCCCATTGGTTGGTGCACGCACGTGGGGCGGACTGGTGGCCACCACCGACACGCCGAACTTCGTGGACGGCGGCTCGATGATCGCGCCGCGTTTCGGTTTCTTCTCGCGCGACGACAAGTTCGCGGTCGAGAACGAAGGCGTCGCACCGGATATCGATGTCGAGAATTTCCCGAAGGACGTGATCGCCGGTCGCGACCCCCAGCTCGAGCGGGCGGTGCAGGAAGCGATGCGGCTGCTCTCCACGTGGAAGAACGATCGCGCCACGAAGGAGCCTTTGCCCCCGGTGTGGGGCAAGCGGAAGCCGTGACGACATTCAATCCGCGTATCTGGAATCGGAAGCTGCACCGCTGGGGCTCGATCGGCGTTGCGCTGCCGTTCGTTATCGTTCTCTGTAGCGGACTGCTCTTGCAGCTCAAGAAGCAGCTCGCCTGGGTGCAGCCGCCCGAGGAGAAAACGTCAGTGCGCGTGCCCACGGTCACGATGGAGCAGATTCTCGCCACCGCGCAGTCGGTGCCCGAGGCGAAGGTGTCGAGCTGGGCGGACATCGATCGACTCGATGTCCGCCCGGGCAAGGGGATCGTGAAGGTCGCGACGATTACCAATTGGGAGATCCAGATGGAGCTCGCCACCGGCGCGCTGTTGCAGTCGGCGTATCGGCGGTCGGATCTCATCGAGACCATTCATGACGGGTCGTTCTTTCATCCGCTCATGAAGCTCTGGGTCTTCTTTCCCGCGGCCGTGATCGTGCTCGGGCTCTGGATCACGGGGATGTATCTGTTCATCCTGCCGTTCCGTGCGCGGGCCAACAAGCGACGCGTGGTGCCGTCGTCCGTGGGGCCGTCGGCGGAGTGAGCACACCCGCCGGACCGCCGTACTCCAATCGCTCCGGCGTCAACGTGGATGGTGCCGGCGCGGCGACGTGGATGGTGCAGCGGGCGCGCGACCGACTCCCGCGTCCGCCCGCGCATCCCATCGTCGGCGTCGCGCCGGATCTTGCATTCATTCATGGCAACCGCGGTGAGCCGGCGCTCACGTGGATCGGCCATTCATCGTTGCTGCTGCAGATCGACGGCGTGAACGTGCTGATCGATCCCGTGTTCAGTTCGCGGGCCTCACCATTTCGGTTCGCCGGCCCCAAGCGTCACCAGCCTCCTGGCCTGCGCGCCGACCAGCTCCCGCGCATCGATGTGGTGGTGTTGTCGCACAACCACTACGATCATCTCGATCGGCGCTCGATGCGCGACGTGGCGGTGCAGCGTGGTGGCACTCCGGCGTTCATCGTGCCGCGTGGCACGGAATCGTGGTTTGCCACGAATCTGCCGCGCGCGGCGCAGGATGCCCGCGTGATCGGCTGCGCGTGGGATGACGTGGTGCGATGGCCCGGCCTCACGCGGGAACTCGAGCTGCATTTCTTATCGGTGCAGCATTGGTCGAATCGCACGATGCTCGATCGCAATCTGTCGCTATGGGGCAGCTGGGCCATCGTGCACCCCGACTTCCGCTTCTGGTACTCCGGTGACCTCGGTTACTCGAACGAACCGCGCGAGATCGGCGCGCGCTTCGGTCACTTCGATGCCGCCGCGATCGCGATCGGTGCCTACGAGCCGCGGTGGTTCATGCGCACGCAGCACGTGAACCCCGAGGAAGCGGTGCAGGTGATGCTCGATGTGAATGCGCACGAAGCTGTTGGTGTGCATTGGGGCACGTTCGCGCTCACCGACGAGCCGCTCGATCAGCCGCCGCGCGATCTGGCGGCCGCGCTTACGGCGCGCGGGTTACCGCCCGATCGGTTCCGGGTGCTGCGCCATGGCGAGACGCGTCGCTACCGGTGGCCAGATACACCAGCAGGGGCGGACACCCCATGATGAGTGTGGCCGGCCACCACCAGATGGCGCGGCCGCGAGCCCGCAGATCACGCGCCAGCCACACGAGGACGATGGCGGTAAACACGCCCATGTCGTTCCAAGCCATGAACACCATGGGATCCTGCCGGAGTGTGGCCCACGCGTAGGCGAGCCCGACCGTGGCCGAGCCGTGCAGCTGCATCCACGTATAGAACGACCACTGTTCGTAGGCGAAGAAGAGCGCCGCGAACGCGAAGAGTGCGACGCGTCGCATCAACCGGGCGGCTTCTCGTATTCTTCGGTGGGTAGCTTGAACGCCGCCACGAGCTTCGGTTCTCCGTTGATACCCAGAACGCGCTGCGCGACGTACTCGCCAACCACGGGTCCGAATTTGAATCCCTCGGCCTGACCGACACCGGCGATCCAGGCGTTCGACGTGCCTGGCACGTGATCGATGATGAAGTTGCCGTTCACGCTCGATTCGTAGTGACAGGCGCGCGTTTCGAGCAGCGGGGCGTTGGCCAGCAGCGGAAAGCGCGCGGCGAGGAAGCGACGGGATCCATCGATGCGATCCTGACTGGCCCAGCGACCGCTGGTGTCGGGGTCTTGCTGGAGCGGATCGGCCGCCACGGGTGCACCCGCGGCGGGTCCCACGGCAGCCGGGGTCGCGGGCGCCGTGCCAGCCGGTGGCGCCGGCGGTGCGATCGCGCCGCGCACGCGGAAGCCGCGCGAGTCGACGGGCAACACGGGCCAGCCGGTGACACCCGGAAAGTTGAAACTGGGAAGATTGGGGAACGTGAATCGTGAATCGCCGACCGGCACCCCGAAGTAACAGGCGACGCCGATGGGTACGCGCATCCTGTTCTCCATATATGGAAAGAGTTTGCGCAGCCACGGTCCACAGGCGAACACATAGGAATCGCCGCGTACGGTGGTGCCGTCTTCGAGGATCACGCCATCCATCGAGCCGTTCACGATCGGGCCGGGACGTACTCGGCTGATGACGAGCTTCACTCCCATCTTTTGGCCAACGGCGGCCACCGCCTGCGTCGCGGCCCGACAGCGCACGACGCCGGCATCGGGCTCCGTGATGGCGATGGTCATGTCATCGGCCTTGATGACCGGATACCGTTTGCGCAGTTCGGCGCCGTTGAGCACCTCATGCGGCACGTTGTTCGCCTTCCAGAGCTCGAGCGTCTTCGTGATGAAGGGCTCGGCCGTCGCCCGCATGATCACATCGCCCGTTTGGTGGAAATACGACGTGCGGAAGACGGGCGCCCATTCCTTCTCGAAGAGCCGCCAGCGCTCGATCGCGGCACGTGCCCACGGGGTCCAGAGCTCACCGGTCGCGCGATCGCCGTACGACGAGCGGATGCCCCGCGTCTCGTCGCCGCTGGTGGAGCGCGAGTTACCGGGGCCGTAGGCGTCGATGAGGGTGACGCGGGCGCCACGCTCGCGGAGATGGTAGGCGGTCCATCCGCCCCAGGCGCCGGCACCGATCACGACGACATGCCCGACGCCGCCGTCCTTCGCTCGACCGCGCTCGATGCCGCGCACCGGGGCGGCTGATGCAAAGGCCCCAGCGGAGGCGCAACCTGAGGCGAGCAAGGCGCCCGCGCCGACACCGGCGATCCGGAGGAAGTCGCGACGGGGCAGGGCCGAGGGCTCGTGCGCGGGATCCTCCATGGGATCCTCAGCGGGATTCAAACGTTCGTGGTCAGGCGGGGTAAGCGTCATGGGGCGAAAATGTCCACAAGCCCGCACAATCGCAATCGACTTTTACGAAAGGATCACGAGATGCCGCGCACGTCACACCTTGTCAGCGTTCTGCCCGCGACGCACGTTGATCGGCCATGACGATCAGCAACGTTCTTCCCAGCGCATTTCTCGCGACGGTGGTCGCCGCCAGCGTTTTCGGTGGTAGCCGGATGTCCGCGCAGCGCCCTCTGGCCGTACCTCCGCTGCGCGCCGCGATGTTCGTAGCCGACAGCGCCAAGTTGTATACCGAAGCCCAGGCGGTCGAGGGGGCGAAGGTGTGGACCGCCACATGCTCGGGCTGTCACGAATCGAAAGATGTCACCAGCGCCGACTTCAAGACGAAATGGGTCGGTCGTTCGTTGTTCGAGCTGTATGAGCAGATCCGGACGACCATGCCCGACGATGCGCCTGGCACGTTGACGCCGGAGCAGTACCTGACCTCCGTTACATACATTCTGAAGCTCAATGGGCTGCCGGCGGGCGAGACGGCCCTCGTGTCCGATTCGGCAACCATGTCGACGCTGAAGTTCGAGTTGCCGGCACCACCGCCGACATCACCGTTGGTACCGTAATTCCCGTCGTCCCCGTCGGCGGACGTTTCGTCCGTCGACGGGAATGCGATTGTTGTATTCAGAGCACGCTTAATGCCGTTCGATATTGACAGGGGATGTACCGCGCCGTACCCTCTCGCGGTCCTACTGTATCAGTCCTACACCAGTTCGATAGCGGCGCGACCGATTTTCGCAGCCCTCGGTGACGGATTGTCAGTTCGGACTGTTGTCCCGCGTAGTGCCGCTCATCCCCTTGTAGTTCCCACCGCGTGCGTGTCACGTACCCGGGAGCGTCGCGCGATTTCCGCAGCGTCCTTCCGTTCCCCTCGCGCCTATCGGGTGTTTCGACGCCCGTGCACCGTAGTGGCATGGCCAACTGGATTGCCCGCCGTCAGGCGAGCGATGGAT
CP053085.1_gap19	693691	695197	1506	AAGTCCGGATTGCGGAGCGGCTATCGCCTCGCGGTGATCGCGTCGGTGCTCGGTGCCTCGCTGGCACTGGGCGCGGCGCGGATGCCGACGGACGAATCGCCGGTGGCCGACGCCGTCATGCGGGGTGACAGCGCTCGCGTGCGCGTGCTGATCAAGCAGGGACTCGATGTCAACGCCGCGCAGGCCGACGGCATGACCGCGTTGCATTGGGCGGCGCAGCGTGGCGATGCCGGTGGTGCGCAGATGCTGATGTACGCCGGCGCGCGCGTTGATGCCGTCACGCGCAACGGCAACTACACGCCGCTGCACTTGGCGGCGCGCAACGGACGCGCGGCGGCGGTGAAGGCGTTGCTGGCGGCTGGCGCCGATGTGAATGCGGTGACGACGACGGGCGCGGTGACGGCATTGCACTTTGCGTCATCGAACGGCGATGCGGCCACGGTCACGGCGCTACTCGACAAGGGCGCGCCGGTGGACACGCGTGAAGGCGCGTGGGGACAGACGCCGCTCATGTGGGCGGCCTCGGGCAATCGCTTGGCCGCACTCGATATTCTGATCAAGCGCGGCGCGAATCTCGAACTGGCGTCGAAGATCGAGGACATCTCGGCCAAGGAAAAGGCCGAGCGCGCGATGCTGGTGCAGCGCGGTCGCCGGGTGGCGGCGATGAAGGCGGCCGATGCGGCGCCGACGGTGGCAGCGGCTGGCCCTGGTGTTGCGGCAGGTGCTGGTCCTGCTGCGGCGGCTGCGACTGCTGTTCCGGCGACGCCGCGTGTAGCGGTTGCAGTGCCGGCTCCCGCGGCCGCCGCACCGGCGGCGCCCGGTGCACCGGTCAAGCGCGATTCCGCGCCCACGCCGCCACCGCAGACGGGCTTCAACAATCGTGGCCCGACCTATGGCGACTTGATCGGCAACAAGGGGGGACTCACGGCACTGCTGTTCGCGGTGCGTGATGGCAGTGACGAGTGCGTCGCGCGGTTGCTCGAAGCCGGTGCAAAGCTCAATCACGTCAGCGAGGGCGATCATACCAGCCCGCTGCTCATGGCGACGATCAACGGCCGCTTCGACATGGCCAAGATGCTGCTCGAGAAGGGCGCCGATGTGAAGCTGCAGAGCGACGCCGGGGCGACGCCGCTGTACGCCACGATCAACGTGCAGTGGGCGGCCAAGTCGCTCTATCCGCAACCGACCGCGCAGTTGCAGCAGACCACGTCATACCTCGACCTGATGGAGTCCTTCCTCAAGGCCGGCGCCGACGTGAACGTGCGCCTCAAGAAGCACCTGTGGTTCATGTCGTACAACTTCGATCTGCTGGGCGTGAACACAGTGGGCGCCACGGCGTTCTGGCGTGCCGCGTACGGTACCGATGTGCCGGCGATGAAGCTGCTCGTGAAGTACGGTGCCGATATTACGATCCCGACGATCAAGCCGACGGGCCGTCTGCCCGGCGACGATTCAGGCGGAGATGATGCGGCGGCCGGCGGCAAGGATCCGTCGGGGCTCGCGCCG
CP053085.1_gap20	698883	700709	1826	ATTCTCCGCGGCGCTGCGCGATCAGCTGCAGTTTGCCGGTTCGCATTTGCTCACGTCGCTCGCGGCGTTCAACGTGGGCGTCGAACTGGCGCAGCTGGCGGTGTTGGCGGTTTCGATACCGGCGCTGCGCTGGGTGTTCGCGCGCGCGGTGCCCGAGCGCATGGGCGTAATTATCGCGTCGGCGTTCATCACGCACGAGGCGTGGCATTGGCTGCTCGAGCGCGCGGCCACGTTGCGCACGTACCGGTTCACGCCTCCGGTGCTCGATGCGCTGTTTCTGGCGGATGTCATGCGGGGAGCGATGGGAGTGTTGATCGTGATCGGGGTGGCGTGGGGGATTTCTGGTGTGATGCGCAAGCTGTCGGGCGCGCGCACCGTGTCGAAGTCGGCCGCCACCGGACTGTTGCTGGTGTGCGCGGCCGCGCTGTTCGCGCCGCGCGGGAGCCAAGCGCAGGCGCCCAAGTCAACCACGCAAGGTGTGTACACGGCGGCGCAGGCTGCGAAGGGCAAGAACGTGTTCAACGGCGCTTGCCTAGGCTGTCACACCACGGCGACGCACATGGGGCCTGCGTTCGAGCTGAAGTGGTTCGGGCGACCGTTGTGGGACCTGTATGGCTATCTGAGCAACCTGATGCCCAAGTCGGCACCGGGCACGCTTACCGAAGAGGAGTACGTGTGGGTCACCGCGTACATCCTGAAGCTGAACGGCATGCCGGCGGGGAGGGTGGAGTTGAACGCCGAGCCGGATTGGTTGAAGACGGTGCGTATCGAGCCGGTGCCGAACAACGCGCCGAACAACGCGCCGAACAACGCGCCGAACAACGCGCCGAACAACGCGCCGAACAACGCGCCGAACAACGCGCCGAACAACGCGCCGAACAACGCGCCGAACAACGCGCCGAACAACGCGCCGAACAACGTGCCGCATCAGGCGCCGTCGTCATTGGAAGATCGTTGGGAAGTACGCAGGTTCAGACTCGTCCCGCAGTTTTGACGGAGATCAGATGATGCAACGCAGGACCAGACGGCTGGCCGGATTTGCGCTTATCGCGGGCGCCGCGGTTGTCGGCGCCACGTTCACGCGTGTCGCTCCCACGGTGGCGCAACAGGGCAAGCCACTCGTGCGCGGCAACGCGTACGGCGAATGGCGCCATTGGGGAGCAGACCAATGGAGCACGCGCTACTCGCCGCTCGAGCAGGTGAATGCCAGCAACTTCGATTCGCTGCAGGTGGCGTGGGAGTGGAAGGCCAGTGCGTTCGGCAAGGACGAGTACTATCGCACCACGCCGATCTTCGCCAATGGTCGACTGTTCACGGTGGCCAGCACGCGTCGCGTGGCTACCGCGCTTGATCCGGAAACGGGCGAGACGTTGTGGATGTATCGCCTGGACGAAGGCATTCGCTGGCAGAAGGCGCCGCGTCAGTTCGCCGGTCGTGGCTTGTCGTACTGGACCGACGGCCGCATTGAACGCGTGCTGTTGGTCACGCCGGGCTATCACCTGATTTCGCTCGATGCGAAAACGGGGAAGCCCGATCCGCTGTTCGGCAAGAACGGTGTGGTCGACTTGATGGACGGATTGGGCTACCCCATGGTGCCGCTGGCGGTCGATGATTCAGGTCCGCTCATCATCTCCGACGCTGCGCCGATGCGCAAAGCAAAGCCGGGCGAAACGTGGGACCCGGTCAAGAAGATCGGTGCCGATGGTACCGTCGGTCTCGACCCGGCGGCCGGACAGATCGCCGCCAGTTCGCCGCCGATGGTGGTCGGCAACATGTTGGTGGTCGGCAACTCGTCGATTCACGGCTACTACCCGATTCGCACGCAC
CP053085.1_gap21	704093	706812	2719	CAGTTGTTCACGCCGCACCGTTCAGCGACCCAGATGCTCTTGCCGTCCTTGTCGATGGCCACCGCGCTGGTGGAGCCCCAAGTGCGCCCCTCGGGCATCTTGGCCCAACCGGCTACCGTGCGATACGGATTCGGCAGGTCGTTGATGGCCGGCATCGTCGCGGATGACTGTGCGGAGAGTTGCGCGGGAGCGTGCATGCAGGCGCTCGACGAGGCGAGCGCGAGCAGGAGGGCGAGACGGCGCATGAGGGCAGGGGCGGGAGGTGGGGCGGACGGCGTCGCGAATTCGGTCGTGCCGTCGGGCTTTTGTAAGTTGCAGGTGTAGTGCGGGGCACGCCAGATGATGGCAGTCGAATAGAAACGGTGACGGACGCGACGGCGCGACGTGGCATGATGTGCGATGCGTACTTGCCAACCCCGCGCCGAGGATCGCAGCTTATGGCCATGCCCGCACTGGTCGCCGATTGGACCATCGAGATGCTCGACGCGCTGCCTGATGACGGCCAGCGCTACGAGCTCATCGACGGATTGCTTCACGTGACCCCCTCGCCCAACGAGGGACATCAGGACGTCGCGCTCGAACTCAGTTATCGCCTGTCCGCGTACTTCGTCAACAGCGATGTCGGCAAGGTGATGATTTCACCCAGCAACGTCTGGCGCGGCGAACGCAATCGCAATCGCGTGCAGCCCGACGTGTACGTGGTGAAGCGTGCAGAGGGAAAGCGCGCCCCGTACCCCTACCATCTGCGCGATCTGCTGCTGGCCGTCGAGGTCGTGTCGCCGTCCAATCCGCTGCTCGACTACCAGATCAAGCGCGATCTGTACCTGCGCGAGGGCGTCGGCGAGTACTGGGTCGTGCACCCTGAGGCGCGCAACGTCTCACGCTGGAGCGGCGCGGCTGATCCTGGCGAGGTGCTCAGCACCACAATACGCTGGCAGCCGCAGGGCATGGCGGAGTCCTTCGTGCTCGATCTGCCTTCGTTTTTCGAACACGCATTCCGGTAGCCTCCGGTAGGCGCTTCACTATTTTCTCTGGCCGAGATGTTCGCATGACTCGCTCCCTCCGCACCGTCAGTGCACGCCTGCGTCCGGCCTTTGCGCTACGCATGGCCAGCATCGTGGCTGCCCTCGCTTCGCCGACGGCCCACCTCGCGGCCCAAGCTGCGCCCACTGTCACGCTCACGCGCATGTCGTGCGGCACGAACGCGCTCCCCACCGACGTGGGTCTGCGGTTCTCCGACACGTTCGCCTTCAGTGGACTCATGGTGCAGCTCACCTACAGCTGCTACCTCGTGCGCCACAACGACGACTACCTGATCTGGGATACCGGGTTCGCCATGGGGCCCGGCGCGACCGCGCCCAAACAGAGCCTGGTGGAGATGCTGGGTGAACTCAAGCTCCCGGCAACGAGTGTGAAGTACGTCGGCATCAGTCACTATCACGGTGACCACACGGGGCAGGCCAAGCTCTTCCCGCAGGCCACGCTGCTCGTCGGGAAAGGCGACTGGGATGCGCTGAACGATCCGAAACTCGCCGCTGCCACCACCCCCGCGAACTTCGCGCCGTGGATCAGCGGCGGCTCCAAGGTCGAACCGCTCGCGGCCGACAAGGACGTGTTTGGCGACGGATCCGTGATGATTCTGAACATGCCGGGACACACGCCCGGTCATCACAGTCTGCTCGTGAAGCTGCGTGAGATGGGGCCCGTACTGATCACCGGAGACCTGTCGCACTTCCGCGAGAACTACGAGAGCGACGGGGTGCCCACCTTCAACACCGATCGCGCGGCATCGCTGGCGAGTATCGATCGTTTCAAGCGGATCGCGAAGAATCTCAAGGCGACGGTGATCATTCAGCATGATCAGCGGGATGTGACCAAACTGCCGGCGTTTCCGGCGGCGGCGAAGTAGCTCGGGCACGCGGGACCGAGCTCACTACTTCCTTTCGGTCCTCCCGGCCGCGGCCAACCAGGACGCGGCCGACGTGCTCCGATGCACCGATGCTACCAAGGCAGGGGAACGCCGCCTACATTACGGGCACCTAGAGTGAATTCTCTATCCCGAATCGTCTAGTTGCTGGTCGCCGCAGCCGAGGATCGTTCGGCGCCGTGGGTGCAGAACATCGATGCGTCGTTCCGATCCCACAAACTGCGCTTGCCATTGAGCCCGAGCTGAACCAAACCTTGGGCCACCGCACACCGCTCGCCCGTCGTGCGATGCACCGAGAACCCATGAAACAACCTGCTCTCACCGACCGCGTTCGTAGACACCTACGGTTGACGCGCGACGCGTACCTGCCCGTTGATGGCACCACGCCGCCGTTTCTCGTGCTGTTCATCAACTCGATCTGCAACCTGACCTGCGACCACTGTTTCTACTGGCGGGAACTGAATCAGCGCGACGACCTGACGCTCGACGAAATCAAGAAGCTGAGCGCCGAACTCGGCCCGATCGACAACTTGAATCTGTCCGGTGGCGAGCCCTTCATTCGCAAGGAGTTCGCGGAGATCGTTCGCACATTCGTACGCAACAATGGGGTCCGGCAGGTCTACGTGCCAACCAATGGCTACTTCACGGACAAGACCGAAGCGGCGTTGCGTAGCGTGCTCGAAGAGAAAGACTTGATGCTCTTCGCCTGCGAGATCTCGCTCGACGGGATGCCGGAGTACCACAACAAGTTCCGCGGCAACGACAAGTCGTTCGAGAAGGCGATGGAAACCT
CP053085.1_gap22	710191	714354	4163	GTCGCGTCGATTAGGCTGAAGGCCACGCGGCCTGGGCGGCTTCCGCCACGCGAGACGCCGGCCAACCGGTTGCCCCCGTCATCACCGCCACCGCATCCGACATGGTAATGTCGCGCGTGTTCACCAGCGCCGCCCGCTGCCCGAGTCGCTGAATGTGAATCCGATCAGCCAGCTGAAACACGTGCGGCATGTTGTGACTTATGAGAATCACGCTCAACCCGCGGTCGCGCACCCGCGTGATGAGGTCGAGCACCATGCCACTCTCTTTCACGCCGAGCGCAGCCGTAGGTTCGTCCAGAATCACCACGTGTCGCGCAAAGGCGGCGCTGCGCGCCACGGCAATGCCTTGCCGCTGACCACCGGAGAGCGTCTCCACCGCCTGCGTGATCGAGCGAATGCTGATGCCGAGCTCTCGCAAATGCTCGGCGGCCTCACGCTCCATGCGTGGGCGATCGATCACTCGCAGCAGCGAGCCCGCGAGTCCCGCTCTACGATGTTCGCGCCCCAGGAATAAGTTCTCCGCGATCGACATAGCCGGTGCCAACGCGAGATCCTGATACACGGTCTCGATGCCTGCAAGGCGGGCGTCTATCGGCCCGCTGAAGTGCACGCGTGCGCCATCCAGCCAGATGTCGCCGCTGTCGGGAATCATGGCGCCCGACAGCGCCTTGATGAGCGACGACTTGCCCGCACCGTTGTCGCCGATCACAGCCATGATCTCGCCCGCGCGCACTTCGAAGTCGGCGCCATCGAGCGCGGTCACGTGCCCGTAGCATTTCGCCAAACCGCGTGCTTCGAGCACCATCGGTGCGTTCTGCTCGCTCATGCCAACACCCTCACGCTTTCCTCGACCACTGATCGGTGGCGACGGCCAGGATAACCAGCACACCCGTGACCAGAATCTGATACACCGACGACACGCCCATCAGCGTGAGCCCGTTGCGGAACACGCCCACGATCATGGCGCCGACGAGTGACCCCAGCACGATGCCGCGTCCGCCGAAGAGGCTCGTGCCGCCGAGCACCACGGCCGTCACGGTATCGAGGTTCTCGGTTTGTCCGCTTTGCGGATCGCCGACGCTGGTGCGTGCGATGGACAGCAGCGCGGCAATGCCGGCGCAGAGGCCCGAGAGCATGTACGCACTGAGCAGCACGCGGTTGGTGCTGATGCCGGCCAATCGTGCGGCCTCGAGGTTGCTGCCCACCGCGTATACATGGCGCCCTGCCGCCGTTTCGCGCAGCACGACGAACGCGAGCGCGTACAGCAGCAGCATGGCGACGGCGCCGTAGGCAATCGGTGTGTTCCCAACCCACACGCTCTGCCCAAGCCAGGTGAGCAGTGGGGGCAAGTCCGTAAACGTCTGCGCGCGCGACACCAGTTGCGTGATCGCAAACGCAATATTCATTGTGCCGAGCGTGACGATGAATGGCGGCAACTTAATGCGCGTGACCAGCAGGCCGTTGATCATGCCGGCGATGGTGGTGACACCCATGCCGCCAGCGATGGCCATGGCTGGATGCCAACCGTGCTTCACCGCCAGGAGGCTCATGACGATCGAGCCGAGCGCCATGATCATGCCGCAGGCGAGGTCGATACCACCGGTGAGAATGACCAGCGTCTGACCGATGGCCAGCACGCCGACCACCATGACCTGACTGAGCACCAGCGACAGATTGGCACCCGTGAGAAAGCGCGGTGACTGCAGCGCGAAGAACGTACAGGCGATCAGCAACGCAACGAGCGGACCGGCAAAAGCCAGCCGTCGTGCGATCACTTATCGCCCCAGCAGAGTCCGAGGGCTTTGTCCGCACTGAGACTCGGTACGCCGGCTACGCTGTCCTTGGCGATGAGCTGCACGCCGGTATCGACGTATCCACTCGCCTTCTTGGCGGTCTTGATGAACGCCATCGCTGCTTCCACCCCTAACTCGGCCATGCGCAATGGATACTGTTGCGCGGTCGCGGTCAGCGCGCCGTCCACGACATTTTGCACGCCGCGGCAGCTGCCGTCGACCGAGACGATCAGCACGCCCTTCTCCTTGCCGGCGTTCTTGAGCGCGGTGAAGGCGCCGGCGGCCGACGGCTCGTTCACCGTGTATACGACGTTGATGTCGGGGTGCGCTTGCAGGCAATTCTCCATGGCCGTCTGTCCCTTGGCCTGATCGCCCATGGCGTCGGACATGCACACCACTTCCGGCGGCTGCGCGAGTTCGTTGCGCGTCTTCTCGTACGACGGAAGGCCGAAGCCGCTCAGGAAGCCATTGTGGCGCTGCGCACCGGTGGGGTGGCCGGGGATGAGGTCGAGTGTGGCGATCCTGGCCGGGGTCGCCCCAAGCCGCGCCTTGGCGTACTGGCCGATGAGCTGCCCGGCCTTGTAGTTGTCGGTGGCGAAAAGGGCATCGGTCGCGTCGACCGGATCGGTCGGGCTATCGAGTGCGATCACGAGGATGCCGGCATCGCGCGCCTTCTTGATGGCGGGTACGATCGCCTTGGAGTCGCTGGCCGAAATGAGAATAGCCCTGGCGCCAGCAGCCATGAGATTCTCGATGGCCGTCACTTGACCGGCGTTGTCGCCATCGGAGCGACCGGCAGCAGCAATCAGCGTCGCCCCCTGCGCGGCGGCGGCCTGTTCGGCCCCCTCTTTCATCTTCACGAAGAACGGGTTCGACTCGGTCTTGGTGATCAGCCCGATGACTGGCTTGTCGTCACCCTTGGCGGAGCACGCCAGCAGGAGAGGGAGAGCGAGGGCGACGAGACGCGGGGGGGAGAGGCGGGGCAGGGCGAGAGTGCGCATAGAAGAGGAAATCAGCACGCAATCGGGATTTGAGCAAGTGAGGCGGCAAGCGAACGGGCGGGGCGATTGCGGACGGCCCGCGTGCGTGCCAGCCTTCCCATCATGCGACGTTCGCCTGTTCGATTTCTGATCGCGTTTTTGGCGGTGCTGACGGTCGTCGGCAGCACCGGCTGCCGCCTGCTCGGCCCTCGGCAGCCTTTGTCGGTGCGGCAGCAGATCCGGGCTCGTGTGGCGAAAGTGCCGGGGGCGCAGGTGTCCATTGCGATGCGCGACTTCGAGCGTGGTGTGGCCTTCGATCTCTACGCTGACACGGTGTATCACGCCGCCAGCATGATGAAGGTGCCGGTGCTCTTCGCGCTGTACGACGCCTTCGCCAAGGGGCGGCTGCGCCCCGGCCAGACGATCCGCCTCACCAATCAATTCCGATCGATCGCCGACTCGTCCACCTACGTGCTCGACCCGGCCGACGACAGCGACAGTACGGTGTACGCGCGGGTGGGGCAGGACGTGTCGCTACGGTGGCTGGCCGAACGCATGATCACGCACTCCAGCAACCTCGCGACGAATACGCTGATCACGCTGCTCGATCCCGCAAAGATCACGGCGCTCGCACGCGAGCTCGGCGCCCGAAACACCGTGGTGCTGCGCGGCGTAGAGGACACGCCGGCCTTCCGGAAGGGCATGAACAACGTGACGACCGCCAGCGATTTGGTGATGCTGTTTGTCGCGCTCCAGTCGCAGCGGGTTGGTGACAGCACCGCCACGGCCGACATGCTCCGCATTCTCGAACAGCAGGCCTTCAACACGCAGATCCCCGCCGGATTGCCGCCGGGCACGCGCGTGGCGCACAAGACCGGCAGCATCACCGCGACGCGCCATGACGCGGGGCTGGTGTATCCGCCGGGGAGGGCGCCGTACGCCATCGCCATTCTCACGCGCAACATCGCGGATCCTGCGGTCGCCGATGCCCTCACGGCGGATTGCTCACGTATCATCTGGGAGTGGCTCGCCAAGTGAACGACCTCACCACCGGTTCCATCCCTCGCCACATCGTGCGCCTCGCCGTGCCGATGGCGCTCGGCATGATTTTCCAGACACTGTATTTCCTGGTCGACCTCTTCTTCGTGGCGCGGCTCGGCGATGCCGCCGTGGCCGGCGTGAGCGCGGCCGGCAATGTGCAGTTCATCATCATGTCGTTCACGCAGATTCTCGGCGTGAGTACCATGGCGCTCATTGCGCACGCGGTGGGGCGTAAGGACCAGCCGGACGCCGAGCTGGTGTTCAATCAAAGCGTCCTCTGGGCGTTCGTGTGCGGGATCGGGACACTGATTGGCGGCTATGCGCTGTGCGGCCGGTACATGAGTGCACT
CP053085.1_gap23	737823	741383	3560	GGACTGCCGGTGGTTGGGGCCGACGTCGGGCCCACCCGCGAGCAGCTGCAGTCGGGGGGCGGGTGGCTGGTGCCGCCGGGCGACGCGGCGGCGTTTGCCCGCGCCATCGTTGCCCTGGTTGACGACCGTGCGTTGGTGCGCGATGCCGCCCGTCGGGCGAGTACCTTTGCCGCGTCGAAGTCATGGGACGTCGTGTGGGATGCCCTCCTGCGCGACTATCTGCAACTGCATCGCGTCCACGCCCCGCCGTCGTTGCGCTAGTCCACTACGCCGAGGTACATAGAGCGTGGTGCCCGGTCCGCTTGGCATTTCCCACCTCTTCTCGGCCATCATGCGACGTTGGAAATCAGAAAGGGTACGCGTCCTGCTGCTCTCGACGCTGGCGACAACGCTGGTCGCGGGTGCCTGCGTCGCCCCGCTCAAGCTGGCACGCGACGATTCGGATGTCGTGCTGTCCCGGCAACTGCTCGCCGCCCCCAATCCGTCGCAGAAAGGCAGCTTTGCCGTCAAGTCGCTGTACTACGGTAGCGGCACCGACAAGCAGCGTGCGGTCTATCGCGATTCCGTCACGCTGAAGACGGCGGTCGTGAACGGCGCGAAGTTCGCGTCGGCCCCTGATCCCAAGCAGGCCCAGATCCGCAAGAAGTATTGGGGCTTCGACTTCACGAAGCTGCCCGTCAATGGGCGCGTCTGGTATCCCGATGCACCGGGTCCGTTCCCGCTGGTGCTGGTGGTGCACGGCAACCATGACATGAAGCAATTCTCCGATCCCGGATATCAGTATCTCGGCGAACTGCTGGCGTCCCGTGGCTACATCGTGGCATCGGTGGACGAGAACTTCCTGAACGGCAACATTCGCGGCGAGAACGATGCGCGCGGCTGGATGCTGCTGAAGCATCTGCAATCGTGGAAGCGCTTCAACGACTCCACCGGCTCGCCGCTGCAGGGCAAAGTGGACATGCACAACATCGCGCTCATGGGTCATTCGCGCGGTGGTGAGGCGGTCACGGTGGCCGGCGCGTTCAATCGCCTGGCGTACTATCCCGACGACGCGACGGTGAAGTTCGATTTCAACTTCGACATCAAGTCGTTGGTGGCGATCGCGCCGGTCGACGGGCAGTATCGCCCGGCCGACAAGCCAACACCGGTAGCGAACTACAACTACTTGCTGATGCACGGCTCGCACGACGGCGACGTGTCCACGTTCAACGGGTTGGCGCAGTACGAGCGCATCCGCTTCACCGATGGTAAGCCGTGGTTCAAGTCGGCGGTGTTCGTATACCGCGCGAATCATGGACAGTGGAATACCACGTGGGGCAGTCTCGATGGCGGGCCGCGCAGCGCGCGCTCGCTCGATACGCGCGGGTTTCTCTCGCAGGCGGATCAGCGGAAGTTCGCCGAGGTGTACATCGCGGCGTTTCTCGACGCGACGTTGCGCGGGAAGAGCGAGTATTTGCCGATGTTCCGCGATCATCGCGTCGTGGGGCAGTGGCTGCCGAAGACGATGTACACGACGCGCTTTCAGGAGAGTGGATTCCGGACGGCCGCCGACTTCGAGGAAGACGTTGACGTGACGTCTGGGTCGGTGCGTGGTATCGCGTTGTCGAGTGACTCGGTGGCGGTGTGGAAAGAGTCGCCGGTGCCGTTCCGTGCGCGCGGATCCACGCAGGCGCACAACGCCGTCACGATCGGCTGGAACAATCGCATTGCCGGTGATGACACCACGAAGCTTGGAAAGCCGGCGTCGTTCGCCATGCAGGTCAGCGATTCGCTGCGCACCTCGTGGAACGTCGGCGCCTCGTCGTCGCTCGTCTTCTCGCTGACGCCGACCGATGCGAAGCCCGGTCCGCGTGCGGCGGCGCGCGACACCACCAAGAAGGCGGACTCGCTGTCGAAGAGCGCCGCGAAGAAGCCTGCGCCCAAGAAGCCGGCGCCCAAGGACGTGAAGCCCGATACAGTCGCTGTCGACCTCTCGATCGAGGTGACCGATGCCGCCGGGCGCTCGGCCTCGCTTCCGTTGTCGGCGTACGGCGTCGTCCGCCGTCCGCTCGAATCGTACGTGTATCGACGGGCCGGCCGCGACAAGCAGCGCTTTGCGAACGTCTACGAAATCGTGCTGCAGACGTACGCGATTCCTCTCGCGGATTTCACCCGCGCAACGCCCGGATTCGATCCGGCGCGCATCACGCACGTGCGGTGGCGCTTCGATCGCAGCGTGGCCGGCACCATCATTCTCGACAACATCGGCTTCTCCAACATGCGCCCCGAATTCACCGCACAAACGATCGGAGCGGCCCGATGAGCCGTTCGTTGCTTCGCCACTCAGCGATGGCGGCCTGTGTCGCGAGCGTGTGCGCCGGCGCGCTGGCGTCGAGCGCGCAGGCACAGGCACCGGCATCCGATCAGCGTGAGCGCTACGCACCGCTCATTCTCAAGCTGCCCGCCACGGCGCGCGTGATGTCGCTCGGCGGCGCGCAAGCGGCGCTCCGTGATGTGGATGCGGTGTTCGGAAACCCGGCTTTGGTGGGCACGGCGACCGGATTGGCGTTCGGTGCGGAGCGCTATGCCAGCGGCGCGACGGCGGGCCAGTTCGCCAGCAGCTCCACCATTGGACCGCTGGGCCTTGGGGTCGGTGTGCAGTTGCTCGATGCCGGTCCGCGCTACGGCACATTCCCGGCGACGAGTGAGGTGCTCACGCGCGAGAACGCTGCCGGTGCAAGCAGCCTCGCGACGACGCTCGCCGCGTCGCTCACGTGGAAGCAGATGCGCTGGGGCATCGGCGCGAAGTATGTCGAAGAGCGTGTGACCAACGATCGCGCCGCCGGCGTGGTGTTCGACATCGGCGTCTCGAAGGCCCTGCAGTTTCTGAACAGCACGGTCGGCGTGGCGGTGCAGCATGTGGGGCCGCGTCTGGAAGTGGCCGGTCGCCGTGAATCGCTGCCGTCCCAACTTGCGCTGGGCATCGCCACGGCCCCCAGGGGCCTCGGTAAGTGGTTCGACCTCTCCGGCACGGCGCAGCTGGATGTGCGACGCGACGGTGAGCTCTTTCCCCGAGGTGGCGTGGAGCTGAGTTATTCGCCGCTCGAAGGCATCGGCTTCACCGGTCGTGTGGGCGGTCGTCGGCCGCAGCTGCGTGAGGAGCGTCCGGTCGCCGTGGGCGGCGGGCTCACGGTGGATCGCTTTACCCTCGACTACGGATGGGAAGCGCTGCGCGACGGTGGGGGCCATCGTATCACGGTGCGGTTGCGGTAAGTCGTTTTTTGCGCGCCGGGCCCCTGTTCGCGCGGCGCGTCATTTCGCTAAATTGAGAGGCTGGCCCGCTTCACCGCGGATCGGCGCTCCGGTAGCTCAGTTGGTAGAGCAGTGGCCTTTTAAGCCATAGGTCGTGGGTTCGAGTCCCACCCGGGGCACTCGCTGGTCACCTGGCTATCTTTGAGCATGCGCGTTCGCATCCTCATTTCCGCGGCGTTGGGCTTCCTCGCCGCCAGCCTGTCTCTCTCGCAGCAGGCCCGGGCCCAGCTTGGGCTCCCTTCGCGGCCCTCGAGCACAGACAGCGCCGC
CP053085.1_gap24	754163	757025	2862	CGCTCGCGCTGTTCGGGGGATCGAAGTGGTGGGATGTGGAAGAACGTGCGTACGAGCGTCGCATGCTGAAGCCGATCGCGATGCAGGCGTCGGTTCGACTGGTGGACGCAGAGCGTGTGCTGACCATGGCGATTACCGATTCCCTGTGGCTCACCAATCGATTCGCCCCGGTGATGCCCGACCACGGCAAATTGATGCACCTGTTTCTCATCCGCGCCGACGGCGCGGAGGGAACGAGCGTCCTCGCGCACTTACATCCATTGCGCGTGCATGCGGATACGTTCGTGACACGCATCCCCCCGATGACTGCTGGACGATACCTGCTGTTCGGTGACCTGCTGCTGCAGAACGGCGCACAACGCACGTTGGTAGATACGATCGACCTGCCGGTCGCACCCGTCGTACCCGGCGAGGATGGCGCTGTTGCTACCGTCGTGAGCTCAGCGGTAGTTCCCTCGCTCGACACCGATGACGCGTGGAGCGCGGTGACGCCCGTGCCGCTCGGCGTCGCCTATCGCCTCGCGAGTGGCGGAACGATGGTGCTTACTGCGGACGCGAGGGTCGACGCGGAGCGCGATCTCCGGCTGGTCGCCACGGTCACGAATGCCGACGGGTCGCTGTCGACGCTTGCGCCGTACATGGGTATGGGTGGACACGCTATGGTACTGCGCCGAGACGCCGGCGTATTCATGCATCTGCACCCGATGGGAACGGCCAGCATGACCGCGCAGGCGCAGCTCATGCGCCGAGAGCGCGGCGATACCGCGTTGCTCGATTCCGCACAGCTCTCCGCCGCCATAGCGACGGCGGAGATGGCGACGGCGGAGATGGCGACGGCGGAAATGGCATCAGGTGGATCGCACGCCGCGCACGCGGCAGGACCGAGTGCGCTCGCGTTCCCCTTTGCGTTCCCGACGGCAGGTGCCTACCGCGTGTTCGTGCAGGTGCGGCGCAACGACGCGATAGAAACAGCCGCGTTCGACGTCTCGGTAGGAGAGCCGGTACGACCTTTCACGCGTTAGTGCGGTCGTGCTATCGCGCCACGATGTCGGCCAGCACCGCACCAGCCGTGGCGCGCCCTCCGGCACCCGGTCCCTGAAACACGAGTGATCCGGCCGTTTCGCTCTCCACCACGATGCGATTGAACGGGCCCGACACTCGCGCCCACGGATCGTCGCTGGTGATGCGCGTGGGAAAAATGCGTGCGACGAGTTCGTCGCCTTCTCGCGTGCAACTGGCGATGAGTTTCACGCGATCGCCTTCGAGAGCCACGCGTGTGGCCCACGCGGCGGTCTCGGCGTCGATGCCGCGCCGCGTGACCTTGAGTGTGGCGGGATCGACGCCGAAACACATCCAGGCGAGAATGCGCAGCTTGTCTTCGGCGTCTTGACCGGAAAGGTCGCGCGTCGGATCCGCCTCAGCGTAGCCCAGTCGCTGCGCCGTGGCGACCGCTTCGGCCAACGAGGCACCTTCGGCAACCTTCTCGAGCACGTAGTTGCTCGTGCCGTTCAGGATGCCGCTCACCTTGGTGATGCCCACACCGGCGGCGCCACTGCGAACGCACCGCACGATGGGAATCGCACCGCACACCGCACCTTCGAAGTCGAGACGCGTGTCGGTGATGCGCGCGAGGGCGGCGAGTGACGAGCCGCGCTCACCGAGCAAGGCCTTGTTCGCCGTTACTACGCGGATGCCTCGACGAAGCGCTGTCTCCACCAAGGTCCGCGCTGTCGTCGTGCCACCGATCGCTTCCACCAGTACATCGATATCGTCGCTGAGCAACAGCGTAGGGTCGGTGATGCAGGCATCCGGTGCGGCGATGCCCCGCGCAATCGCCTGCGCGAGGGCGGGGCGCGGACGTTCGGCATCGCGCACCAACACGCGATCGACGCGAATGGGCTGCGCGTCGCCAGGTTGCTGCGCCCGTTCACCGAACAGGTCAAGCAAGCTGCCGCCGACATGGCCGCAGCCGGCGAGTGCCACGCGCAGCGGACGTACGCGCGGTGTCACCGACGTGACAATCGGCGTCGTCGTCGCCGCCGCGCGGGCCGGCGCTGATGCGTTGCGTAGTTCAGACTCGGCGATCGCCTTGGCGATGACCGCAGAGACCCGATCCACTTCGAGCAGAAACGCATCATGCCCATGAATGGAGGGCAGCTCCACGTACGTGGCTTTCGCCGCGGTCGTCCATTCACGTACACTCTCGGCGGGATAGAGCAGGTCCCCGGGAATGCCAACGCCGATCAGGCGGTCGCCGACAACCGAGAGGGCGGCCGAGAGTCCACCGCGATTGCGGCCCACGTCATGCTCGTCCATCGCATCGATCAGCGCGCCGTAACTCGTGGCATCGAAGCGCGAGACGAGTTTGTCACCGTGTACTTCAAGCCAGTCGCGCACCTGAAAGGTGTCGTGCTCGCTGCGCGACCGGCCGAAACGACGTTCGAGTCCCTCGGGTGTGCGATAGCTGAGCATGCCGACCATGCGCGCCAAAGCGAGTCCTTCACGCACGCCGCCCAGCGCGATCGCGCGCCGCATGATCGCGTTCCAGGCGATGCCTTGTGCCGTTTGCGCGGCGGGCGCTGCCAGCACGACCGCCGACCGGACGCGGTCAGGGAAGCTCGCGGCAAACTCGAGCGCCACCATGCCGCCGAGCGATCCGCCGCACACCAGCAACGGCGCGGTGATGCCGAGGCTGTCGAGCAAGCGCGCCAGCACGGTGGCCTGATCGCGCGTGCTGAACGGTGGTAACGCGTCCGGATTGTCATCGGTCGGCCCTGTGGTGCCGTCGCAGCCCCCGAGGAGGTTCGCGCAGAGCACAGCGTGCTTGGTGGGGTCAATCGCGGCATTCGCGCCGATCACGCC
CP053085.1_gap25	904412	907049	2637	GGCACCGGAGCCGTAGTGATGATCCATCACGTAACGTCCGAGCGTGCCGCTGGAGTTGGCCAGACCGTCGGGCCAGCGCGTGCTGGTGGAGTTCAGCAACAGTCGCACCGATTCGATGGTCGAGGCACAGAGGAACACCACCTTTGCCTCGTACACGGTCTCCTGCTTCGTGGCGGCATTAATGACGCGTACGCCACGTGCGCGGCCGCGCTTGGCGTCGTACAGCACTTCGGCCACGACGCTGTGCGGGCGCAGCGTGAGACGCCCCGTCTTCTGGGCGGCGGGCAGCGTGCTGCCGATGCTGTTGAAATACGAGTGCGTCACGCAGCCGCGCTCGCACGGTCCACAGTAGTGACACGCAGCGCGTCCGTTGTGATTCTGCGTAAGAATCGCCGCGCGACCGATGGTCATGACGCGCTCGCCGTTGAACGCCTTCATGATGCGTTCGCGCGCGACCTGTTCCACCACCGTCATCTGCATCGGCGGCAGGAACTCGCCATCAGGCAGATGGGCCAATCCTTCCTTCGCGCCCGTCACGCCAATGAAGCGCTCTACGTGAGAATACCAGGGCGCGATGTCCTTGTAGCGAATCGGCCAGTCGGTGCCGTGACCGTCCTTCGCATTCGCCTCGAAGTCGAGATCGCTCCAGCGATAGACCTGACGGCCCCACATGATCGAGCGTCCGCCAACCTGACGTCCACGGAACCACTTGAACGGCGCGTCGTCGGGCGAGACATACGGATTGTCGTGGTCGTTCACGAAGAACTTGCGTCCGGTTTCGTCGCACGCGTAGCACTGCCGTTGCACCGGCTGCTCCTTCTCCAGGGCGTTGCGATCGCCCCAGCCGCGGTACTTCATCTCGTATGGCTGAATGTGCTCCACGAAGTCCTTGCCGCCGAAATCCACCGGGCCCCCGGCTTCCAGCACGAGGGTGGCCAAGCCGCGCTCCGTGAGTTCCTTGGCCGCCCATCCGCCGCTGATGCCGGAGCCGACGACGATGGCGTCAAACACGCGACGCTGTGGTTGCGCGTCGATCAAGAGCTCCTCACTCATCGCGTCCTCCATTGCGGGCGGGCATGTCCGCGGCACCGTCGAAGCGACCCGGCATGATTTCGGTCTTCAGCACATCACGCTGCACACGCTCGCTCGTGAAGTAGCCGTGAATCACCAGCCCCTTCACGCGCGAATAGCCGCGTGCGGCGGGCGCGTTGCGATCGTACGGCGTGTCGAGCGCGTTCATCACGAGGGTGAGCGTGTCGCCGGAGATCGCGGCGAATGGCTGACCAGCAATCGCGCGGGCCTGCGCATCGATGGCATCGAGCCCCGTCGTCAAGGCGCGACGGTCGGTGTCGGTGTAGTAGTCCATCGCAATGACGTCGATCCACGCCAATACGCCCACATCGGTCGCACTTGGCGTATCGGTGCGGGGAATGATCGCGTCGGCGAGGGCGGCGAGCGTGGTACGCTGCGAGGCGGTGAGCAGCGCTGGCTGAGCGGCAGAGGGCAAGGCCGTTGGTGCAGCATCGGCGAGCGCCTTCGTCCAGGCGGCGCGGGCCTCGCGGGGCATCAGCGTGAGGGCGGCCGCTGCGGCGGCGGCCTTCAGGAGTTCGCGACGTTGCATGCGGAGTGACGAGGACAGTCGGGGAGGCGATCGACCTCCCCGACTGCGATGCGGCGGCCGCGGGAGGTGCTACTGCACTTGGATGTACAGCGGCACAGGCCACAGGCGCAAGATCGCTTCGCGCGTCGTGGGCGGTTTGTCGTTCTTCGCCTTCGTAAACTGTTTCCAGCCGGTGAACTGAACCGGCTCGCGCTTGATGTCGCGATAATAGGTGTCGCGCTTCAGCCACGGCGCACCGAATCCGTCCATGTGCATCACGACCTGCACCTTGGGGTCGAGCTTGATATTCCGCGCGTTGGTCACGCCCTTCGGTGTGAAGCGATGCACCACGAGGATCTTGGGCGGCAACTTGTACTTGTCCACGAGGTTCGCGAGAAAGCGAATGGCGTAGTTCACGTCTGCGGCGTCGTAGGTGCCGATGCGACGACCCGGCACCGCGCCACTCGCCTTCATCGAGAACTCAGGATCGATGCCAAGGTGCACGTCGGGGCGCATCAGGAACTTCTCGATCCACGGCAGTTCCTGCTGCAGCGTGCTCTGACCGACCTGCAGGTCGACAAAGAGCAGCGCGTTTTTCGACTTCGCCCAGCCATAGACCTTCTCGATCAGCGCGCTGTCCATGCGCGTGCGATACTTGCCGCTGGGGCCCGGGTCGGGATTGGCCACCATGGCAATGAGGTGCAACGCGGGCTGCACCGGATGCGCCGGATCGAGGCGCGTCCATTCGGCCGCATCCGCCTCGAGCTTGGCGAGCATCTCGTTGGTTTCGAACTCGCCGAGAATGCCCATGCGCTTGGACAGCGGGTTGCCGTAGTACGCGAGCACGCGCTTGGCGGGAAGGATGGATCCCGGAAGCGGGGCAGGCGTCTTCACGGGCCATAGGGAGTCGGCGTCACTGCCGTTGCCCTTGAAGGCGAGGTGACGATCGCCGGACTGCGGACCGAGCGCGCCCTGTGCTTTGGGTTTCGGCTTGGTCGACGACGTTGCGGAAGGCTTTGCGGCGGGCTTTGCCGTCG
CP053085.1_gap26	936974	940089	3115	TCCGGCGGGAGGACCGTATCGGCGTCGAGCGTGATGACGTACTTCACTCCACGCAGCGCATCCGGATCACCGATGATGGTGGAGAAGGCGCTCGTCGGTATGATCGTGTGGTCGATCGGCGGGTCGGTGGTGCGTCCGTCCGCTCGCAGCACCCGATTGAACTCGGCGAGCTTGCCGCGCTTGCGCTCCCAGCCCATCCAAACGCCCTGCTGCGCGTTCCATCGCCGCGGACGATGCAGCAGATGAAATGGCGTGATCTCGTCGTGCGCATAGCGCGCATTCAACTGTGTCACGCCGTCGATGGCTTGAGTCAGCAGCGCCGCATCGGTCGGCGCGCTCTCCGTGGCGGCGTCTGTGAAGTCGCTGAGGATCGCGAAGTGCAGATGCGCTTCGCGATTGGCGAGAAACTGTACTTCGATCGTTTCGAGCGCATCGGCGACGTCCTCGCTGGTGCCGAAGAGCGTCGGGATCACCACCGCGGTTCGGTACTGCGACGGCACGCCGAGGGCGTGCAGGTCGAGCCGCGGCAGTACGTTCGGCGGCAGCCACGTGGTCACGAGCTGGTTCAGCACCGTCACGGAAATGTCCAACGCCGGCAGAAACGCAAAGAGCAGGATCAGCCAGAATGACGCGCGGGCATCAGGTTCAACGAGCGCGACGACAGCGAGGATCGCGAGGATCGTACAGGCGATCAGCCCGCCGACGAACACCACGTTTGGATGCGTGCGTACGCCCCGCTCGAGTCGTTCGGCCAGCGTTGGCGTATAGCCTGCTGTGCGCTCGAGTTCGCGCACGCCGTCATCCACGAGGAAGTAGCCCACGTGCCTCTGCCGGACGCCGTCGCCCCGATCCCTGTCGCCGAGCGGGCGATGGCAGAGATCCACTGCCCATTGCGCGACACTGGCCTCACGGTGACCGGTTCGTTTGGCAATGCGTTCGACCACATGCCTGTACGAGTCGCGTGTGGCGAAGGTCATCTGCGGGTAGAACCCGGATGGGTCGTCGCGCAGCGTCGCCTCCAGAATGCTTTGATGCTCGACGAAGGTGCGCCAGTCGCGTCGCCCAACATCCCGCAAGCTGGTGATGCCGTTGGCCATCATCAGCTGCGTCAGCGTGAGACGCTGGGCCGAGAGCGCAACGGCGTTTTCGGGAGCAAGGCCCGCGTCGCGCAGCCACTGTTCGAGCCACGCGAGGGCCGGCGAGGCGCCTTCCGCATGTCGGAGTGTTTGCAGGAACTGTGAGACGAAGTGCGGTGTGAGCGCGAGCTCCGCGTCGGCAAACTCCCGAAGGGCCGCCCTGAGCTCGGATCCGCCTTTGGTGTTGGCCTCCAGAATGTGCGCGGCCCACCGCTGCGCGGCCTCGAGCTCATCAAGACGCTGGACGGTTCGCAGGGCCATGCGCCGGATGCTTTCGATCAGGCCGAGTCGCAGCATCGCCGGCATGGCCCAGAGTTCGCCGATCGCGAGCGGAGTGACACTCTGAAAGGCCTCGACGAACAGGTCTACGTTCTCGAGGTTGATGCGTGCTTCGCTGTGTGAGATCAGCGAGATCGCGATCTCGTACACGCGCGGATAGCCGGTGAGCGGACCGGCGGCCAGTTCAGGGAGCTCACGGTAGTAGCTCCCGGGCAGGCTTTCGCGCACCTCGAGCAGATGCTCCTGCACGACGTGATAGTTGTCGAGCAGCCATTCCGCGGCCGGACCGGCATCGACGCCGTCTTCGCCTGCTCGCAGCAGGCGCCCGTGTGCGTCCGCGAGAATATTGCGGGTATTCGCCAATCGGGCGAGCAGTCGCGCCGGCCGCAGCGCGCGGCGCTGATCGGCGAGCCGTTGGCCCCGGGCTACGGCCCGGGCGCGAGCGGCCAGATGCTCCGTGCCAAGCAGATCACCATGAATCGGACCGGCGAGCAATTCGTCCGACGCGTCAATGCGATCCCGTTCCAACCACGAGATGTTCACGCGAGACACCTCGCGGCCATCCGATCAGCCCTCGCGCGCTCGGCGCCAGAGAAGTCGAACCAGTGACGAGGGCAGGGTCGGTGCGAAGAGCGAGTCAACGGGCAGATCCGTGTGCAAAAGGGAGACACGGATCACATATCACTCTCGGATCCGCAACTCCTCTTGTGCACAACTCGGGCCCGCCGTACTGCCGAGCGGGGCGATACGGACGCGCACGCATGCGCAGGCACCGACGACGCTTAACTCATCTGTGGTACCGTCGTGAACGGTTGATGGCGAAAGTCGGTGCAGCCCTGCGGCGTCAGGCTGACCGTCATACCACTGACGCACCGGCTTTTGCGCGCCGCGGCTAGGCGTCCACGGCCTAGCGCAGAATCGCACTCCAGATGAGAGGCCAGGTCGCGTTGGTTTGCGCGCGATACTGCGGGCGGAAACCGTAGAGATAGACATGGCCCGTCCCAACCGCGGCATCGACCATCGCGGCGCGGCCGTTCAGGCGTGCTCCGCCCAGAAGCCAGCCGGAGAGCAGTGGATCGCCCGCCGATTGATAGCGCAACACGACGCTCGCTTTGGTTGTGTCGGTTATCGCAAACGTGGGACTGTCCTCGAACCAGACGGCAGGTGTCGGGGCACGGTAGGTCGCTGCGACCGGATGCGCGCGATTCACCTCGACGGCGAACATCGAGCCCGGTGCGTAGAAGTCGGTGTTGCGCACATTCGCCAGGACATTCGTGACGGGCAGCGCCAGCGCTTCGATGGCATACTCACTGGCCTCGTTGAAGGCGAGCAACGCGCCACCTTCCGCCACAAAGGCCTTGAGGGCAGCGGCGCCGGCCTCACCGAGGCCGCCACGCAGGGAATCCGGATACGGCGCCGCGAGGCCGCGACGGAGCTGTGCGGCGGGCTGATCCGGCAGCAGAATCGCGTCGAATTTCGCCCGCAGTCCGCCGGCGCGGACATCACGATCGTGCAGCGTGGTGAACGGAATGCGGTTGGCGTCGAACACCCACCGTGTCCACCCTTCGTCCATCGACGCGCTGTAGCTCTGGTAAATGGCGATGCGCTTGCCACTCGTGCCACTCAAGCCCGATACGTTGTACGTCGGCTCGGCCACCGGCTTCACGACGGCACCGAGTTGCATCGTCGGTGCTTTCACC
CP053085.1_gap27	942572	944295	1723	GAGGGTGTGCCCAAGGACTTCGGTGCGCTGTGAGCGCTCGGAGACGTCCCGCAGCACCCGATATCGCAGGGTGATGTCATTCCAGGCCGCGTGTGCCGCGCCCAGCGCCACCTCGTCGTTCGCGCCACCGGCGTAGTAGTCGTAGACCATGCGCGGCAGCACGTCGGCGGCAGCGGCCTCAAAATTGTGCAGATTGATCAGTGGCGTCGACGTGGGCATGCTTGAACATTGCACCGGTCGAGCCATTGCGCACGCGTCTCTTCATCAGGTCAGTGCCCCGTCCATGATTCACGCCCAGCACGATCCGGCGCTCGTTGTCCGCCTTGTCCGCCAGCTACCGCTGCACTACGCGGACGGCGCGGACCCCTCCGTTGATCGCCCAGCGCACGTGCGGGCTGGTTCCGGATTGGCGTGGGTTGGCGAGCGGCTCGCCATCGTGCAGGACGACGCCAACTTCATCGCCTTGGTTGATCCCGCGTCGGGTCATGCGACCGCCGTGGTGCTGCCAGCCGGCGAAAGCGGGGTGCGCCAGTTCGATACGGGTCGCGGCAACAAGAAGCAGAAGTTCGATCTTGAAGCACTGGTCAGCGTTGATTCCCCCGACGGCCCCTTCTTGCTGGCCATCGGCTCCGGGTCGTCCAAGCGCCGCGAGCGCATGGTCACGGTGAAGCGCGCTGGTGAAGCCGACGAAGCGCTGTCGCTCATCGCGGCGCCGGGACTTTACGATGTGCTGCGTCAGGCGACCGATTTCTCGGGGAGTGACATGAACATCGAAGGCGCGGTGTGCATCGGCGATGTGTTACGACTCTTCGGGCGCGGCAACGGGGAGGCGAGCAAACGCCATCTGCCCCTCGACGCCACCTGTGATCTGCACTGGCCCTCGGTACGGGATTATCTCGACGCGCCGGATAGCGTGGAGCCGCCCATGCCCCGGCGGTTGCGACAGTATTCCCTCGGCGAGGCCAACGGCGTGCGCCTGAGTTTCACCGACGCCACGGTCGCGTGGGGCGATCGGTCGGCGCAGCCGGTAGTGCTCTACACGGCCGCCGCCGAAGGCTCACCTGACTCCCGGCGCGACGGCGAGGTGGCCGGTAGCGCCATCGGCTTCCTCGACCCGCGTTGTGAGGGGACGGTGATGCGCTACGCGTTGTTACGCGACATGCAGGGTGAGCTGCTGCCGCTCAAGGTCGAGGGAATCGCCTGCGGTCGCGCCGACCAGCGCCAGGTCTTTGTGGTGCTCGATGTCGACAATCCCGACGCACCGTCGATGCTGTGCGAGTTGCGTCTGGAGGGTCCGTGGCCGTCGCTGGATACACCCGGATAGCGCTCAAGACGATTCGCTGATAGAACAGTGTAGCTCGACCTCCACTCCTCGCCCGCCCCCGACCATGCTTCGATTCCCGCTCGCGCTGCTGTTGGCCTGTTGTCCCGCCATCCTCCAGGCGCAGGCGCAGCCTGTGCCGATCACGACCGCCAAGCCGGGATGGAAGTGGACCATGGACAGTGTACACACCGTGGTCAACGAAGTCCGCGCCGGCCGCTCGCTGCAGCCGGCGGCGTGGCCGAATGGGTCGCGCGTCGCGGTGCTGCTCTCGTTCGACGTCGACAACGAGACGATCGCGATCCGCTACGGTGAGCCCACGGTGGGATCGTTGGCTGAGATGCAGTACGGCGCACGTGTAGGATTGCCGCGCATCATGCGCTTGCTCGACAAGCACGAGAT
CP053085.1_gap28	953688	958651	4963	TCCTGCGCGCCACGGAAGGATTCAAGCGCATGATGCTTGCCGCCATGATCGGTATCGGCCTGTTCTATCTTGGCTCGATGCTGCTCTCGTTCTTCGGTGTCTCGATCGGCTACTTCACATCGTCGGGTCCGCTCGCGATCGGCATTAATCTCGCGGTCGCCGGTATCGCGGCGCTCAATCTCGTGCTCGACTTCGACCGCATCGAACAGGGTGTGCAGTCAGGCGCTCCAAAGCAGCTCGAGTGGTTCGCGGCGTTCGGACTCATGGTCACGCTGATCTGGTTGTATCTCGAGCTTCTGCGCCTGCTGTCGCGCTTACAGGGCCGCCGCAACTAGTTCGCAGCTTCTAAGCGCTGGAACGCGAAAAGCCCCGGTCGAGCAACGCTCGACCGGGGCTTTTTACTATCGCGCCTAGCGTGCTACTGCAGGCGGAACAGGTAGCTGAGCTTCATGAAGAACTGATCGCGCGTACGCTGCAGGCGCTCCGGTCCGGCCGGACGATTGGCCGCCAGCGCGTCGCCGTAGCCGAGATACACGACAGTACCCGGTGACGGCAGATACGACAGCAGGACGTCTATACGGGCGCGGGTGCGTTCAAACGCCGCCGCCCGCGTGAGTGTGCCATTGGCGCCGCGCAGATAGATCGGCGCATTCGTGCGCGTGTCGTCCCGCAGGGAATCTTGCGTGACCACGGCGTGCTCGCCGATCACACGCACGAAGAACTGCCGCGTGACCTGGTACTCTGCCCGCAGCCGTGGGGTGTTGCGCGTGAGTACCCGCGTCCCGTCGCTGCGACGATCGAACGAATCGAAATTCCAAGTCGCGGCCAGTCGCAGCTGTTCGGTGGGGCGCAGCGTGAGCGTGTTCTGCACGCTCAGGATGCGCGCCGAACTCCACTCCTGGAAGTTTTCGTCGTAGCCGATCACCGCGAAGCCGTTGTAGCTGAAGTGGCGAAACTCCGGCGTGCCGACCGAGAAGACCCAGTCGCGGTTGCCGATCTTTGGCGCACCGCTGTAACCCACCGTATCCACGCGTCCGCCGCCAGTCGGTTGCAGCAGTACGTAGTTGCCATAGAGTGACGGGTCGTATCCGAAGACTTCGAGGAGCAGCTGGGTGCCCAGCTGCCAGCCGCCGCGCAGCCGTGCGTTGGCGCGCAGATGCAGCTGCCGATCCTGCGATCCATCACCGTTCACGAAGCGGTCGTACTGATAGCGGCCCAGCATGAACAACTCGGGGCTGAACAGCTCGAGCAACGCTTTCGGCTTGCCGTAGAAATTCCAGCGATGGGTGGCCGAGATGTTCGCAATGCCCGGGCGTGCGATGAAGCCGGATTGTGCGTCGAAGTCGGGGCTGATGCCATTCATGGCGTAGCGGGCCACGAAGCGGCGGCCGTTGCGTGACGCACTCACATCGAACAGCGGCGCGCTCAGCGTGCCACTGTCGCTGCTCGTGAAGCTGTTCGCGACTTGCCCCTGCAGATTGTAGATGCCGCGAACCAGCCGCCCGTCGACGCCGAGCACGCGGTTCCATCGCTGCCCGTCGACCTTGTCGGTGTAGGCCACACCCACGCGGCTCTGTGCGCCGAGGTCGCGCTGCAGTCGCAGAATGTTGTACAACGGCGAATGCTGCTGGTCGAATGACGCGTCCTGATTGTCCACCGCCGAGAGTAGGCCGATATCGAAACCGCCGTACTTGCCCGTGAGCTTGCTGGCCACCACTGGCTGCGCGATGCGACGCGTGTAGATCAGGCGATTCGGCGTCGTGAACTGCTCCTGACTCTCCAGAAAGAAGGGGCGTCGCTCCGGAAAGAACACCGCTACGCGCGGATCATACGAGAATTGCGTGGCATCGGCTTCCACCTGCGAGAAGTCGGGATTCGCCGTACCGGCCACGGTGAGATTGCTCGTGACGCCCCACCGGACGCTGCCGCCGAGCTCGGGCCGACCACCGTTGTAGTCCCACGCGGCGCTGCTCGTATTGCGCGTCCCGACGGTACTCGACGTGATGGTCGGAATCACATCCACCGTGAGTCCGCGGCGCAAATCCCGCAGGCCCGCCAGCACACCCGACTGCGCGAGAAAGCTCGAGGCGCCGCGAAGCGCCGGCGTCCACGTCTCCTCGTGTCCCGACGTCTGCACCGTGCGCGCTACATTCAGTTGCCAGCGCTGTTCGTCGCCGGCGCGGTACCGCAAGCTCTTGAACGGAATCGACAGCTCCACTTGATAGCCGAAGTCCGTGAGCTGCCCCTTCGACTTCCACACGTAGTCCGGCGCGAGGTCGGAGCTTTCGCGGGCTTTGGCGGTGGTGGCGTTGAAGCCGCCGCCAACGCTGGCGCCGGTCTCCGTCAAGACGCCGTCGCTCTGAATCCCGAACGGATTCACCGCGAAGACCATTGCCTGGCGGCTGTCGCTGTACGTGCCGAGGAACAGCTGCACGTTGTCGTCGGCCGAAATCTTGTCGCGATCGGCGAGTGTGGCCCGGACGCTGCCCGGGGCGGCGAAGGCGCGGATGCCGACGTGCAGTTCCGTTGCAGAGTACCACACCAGGACTTCGGTGCTGTCCTGCGCGGCAATACCATCGGCCGGAAAGAACTGCGAGAACCCCGTCAGCAGGGCCGCATCAGCCCACGCCGGTTCATCTAACCGGCCGTCAACGACCACGGCCGCGTCGCGACGTGGTGTCGTCACGGTGAGCTGTCCGCGGCGTCCATGGAAAACGGCGCCGGCGTGACGCGAACCACCGGCTGCGCTGTTCGTCGTTGTGGACGCGCTGGCGACCGGCGGTCCGGAAGTCGGCCGTGTCGGGGCAGGCACCGTGGAGGCCGGCGGCACCGGCTGTACGACCTGCAGCAGTACAGCGAATAAGTATGACGTGGGCACGTTGAGCAGTGCGAAATCGGTGGCGAGTGGACCCATGAGTCCGAACTCATCGGTCGTGGTTGTCGATTAGGAAACGTAGTACGCGTTCAACCCGCTGGGTGAAGTCGCCTTCAGATCAGGTTGGTTCGCATAGTTATGCGCTGAGATGTATGCTTTACGCGTTGATCAGCCGTTCGCGTTTGGTTCGACAACCGTAGGTCCACGACCGTTGCTTGCCCCGCAGCGGTCGGCTGGCGCTCCAGTTCCTTCCCACTTTCGAGGAGACCCGCTCATGCAACACCCTTGGCGTGCCCTGCTGCTACTCGCAGGCACGATCGCGGTCGCCGTTCCCCAAGCCCGCGCGCAAAGCGGGCCGGGAACGCTATCCGTCCGTGTGACTGACGCTGCGAGCCAGCGTCCGGTCGAAGCAGCGCGTGTATTCCTCGTCGGCACCACTTTCGCTGGCGCAACCGGGGTCGATGGCCGCTTGACGTTGCGCGGCATTCCCGCCGCTGAGTACACGGTGCGCGTACTCCGTGTCGGCTACACCGAACAGACGAAGCGTGTACCGATCGCGGCCGGTCAGACGGCCAACATCGAGTTCACCATGGCCACCGCCGCGATCAATCTCGCCGCCGTGGTCACGACGGCCACGGGCGAAACCCGCCGCGTGGAAACCGGTAATGCCACGGCCAACATCGACGCCAGCAAGGTGCTGCAGTCGGCGCCGGTGTCGAACCTCAGTGACCTGCTGAATTCGCGGGCCCCAGGTGTGACCGTCACCAGCGGCTCGCAGACGGGCACCGGCTCGCGTATCCGCGTGCGCGGTTCGAACTCCGTCAGCTTGTCCAACGAGCCGATCTGGATCATCGATGGCATTCGCATGACGAGCACCAACGCTGACTTCAATACCGCAACTGGTAGCGGTGGCACTACCGGCGGCAACAATGCCAGCCGCGTCGGCGACCTCAACCCGGAAGAGATCGAGAGCATCGAAATCGTGAAGGGCCCGTCGGCCGCCACGCTGTATGGCACGGATGCCGCCAACGGCGTGATCTTGGTCACGACCAAGAAGGGTCGTGCCGGCGCCGCCCGCTGGAACGTGTACGGCGAGGGCGGAGCACTCACCGACCGGAACTACTACCCGGACGCATACAGCCTGTTCGCCAAGAGCGGAACGTCGACCACGTCGTCGCGCACCAACGGCTGCAGCTTGCAGTCGCTCGGCACCGGCGTCTGCACCGCCGACTCGACCGTGTCGCTCAATATCTTCAACGAAAAGGACCTCACGCCGATCGGCACGGGCGTCCGTCGTCAGATGGGTGCGCAGGTGTCGGGTGGCACGGAAGCCGTTCGCTACTTCTTCTCGGCTGAAGACGAGAAGGAAACGGGCGTGCTCTCGCTCCCCCAGTTCGAACGTGATCGCTTCGACTCTGCCGGCCTGGTGCTTCGCCCGTGGACGAGCCATCCGAACGTGATGGCGCGCAAGTCGCTCCGCATGAATCTGAACTCGGCGATCAACCCGAAGCTGGACCTCGCTGTCGCAACCAACTTCATCAACATCGCGCAGCGCTACTCGCTCGAATCGAACGCCACCGCCGGTCTCGGCTCGCATCTCTTCGGTGGTCCGGGCACACGCAGCAACGGCACCGTTTCTGGTCTCGGCACGCCGCTCAATGGCTATCGTGCCTGGACGCCCGGATACATGTGGCAGGAAAAGACCAACCAGGACGTGAATCGCTTTCTGTGGTCGGCGAACGCCAACTGGCGTCCGCTCAGCTGGCTGGTCAATCGCGCCACGGTCGGCAATGACTACACCGCCCGCAGCGATGAAAATCTGCTGCTCAACGGCGAGGGGCCGCCGCTCACCGCCACCACGCGACTCGGTGCCCGCGGTATCAATCGGGTCAATACCAACAACCTCACGGTTGATCTCGGCTCCACCGCCTCGTACTCGCTATCCAACTTTGCGCTCAAGACCACGGTTGGCGCGCAGTACATCGGCTTCCGCACCGCAGGTGCCTCCACGGGATCGACCCAGCTGGCGCCGGGCTCACAAATCGTCGGCTCGGGCGCGATCGCTTCGGTCAGCGAGGCAACCACGAC
CP053085.1_gap29	976513	980461	3948	GCAGCAGTCGCCGGCGGCGCAGTGCGGCGACGTGCTCGTGCGTGATCGGCACGGCCAGTGGACCTATCAGTTCGCGGTGGTCGTCGACGACATGGCGCACGATATCGATGTCGTGATTCGCGGCGAAGATCTGCTCGCCAGCACGGGCCGGCAGCTGCGTCTCGCGGCGATGCTCGAACGCCAGCGGCCCCTGTCGTGGTGGCACCATCCGCTGCTCGTGCATCCCGACGGCAGTAAGCTCAGCAAGGCGAATCACGACACGTCGATTCGTGAGCGCCGCGCCGCCGGCGCACACGCGGCGGGACTGCTTGGAGAGGCGGCGTTCCTCTCGGGATTGTTGCCGGCAGCACGTGATCTCTCGATCGACGAACTGCCGGCGTTGTTTCAATCGGGTGTGAACGCGTTCAGCGTGTCGTGAGCAGGCCGATCACGACCAGCAGAATCCACTGCGGTCCCTTGTAGCCATCGGCGCGGTCGTCGTACGACTCGTCGAGCGAGTGCGCGCCGCGTCCCACGCCACCGCCATCGAGCGTCACGGCAGCGACACCCTTGGAAATCGGGATGTTCGCGTCGGTGCTCGAGATCGTGAGCGGCGCATACACGTTCATCGTGCGTGCCGCCGCCAGTGACGTGCGGACGATGAACGTGCTGTCCGCCGTCGTGCCCGCGGGACGAAGGCCGGTCGTGTCGATCACCAGCGACAGCGGTACCGTCGACTTCGGCCAGCGTGCCTTTTCTTCGGCCAGCGCCTGACGCAACGCGACCTGCAATCGAGCGTCGATGTCGGCCAACGCCGCCGCCGATTCACTGCGCAGGTCGATGTCCATCACGCCGTCGGCAGAAATGGAATTCACCGACGTGCCGCCGGACACGAGACCGACGTTGAACGTGACCTTCGGGTTCGTCGACGCCTCGAGCTCGGCGATTTTTGCGATGGCGCGCCCCATGGCATGAATGGGATTGGGCATGCCGAACGCGCCGTAGCTGTGCCCGCCCGGGCCCTTATACGTCACGCGATAGCGATTGCTGCCCACGGCACCGTTCGTGATGCCGAATCCGGTGCCGTCGATCGAGATGAACATGTCGATCGAATCCTTGAGCGGACCGCTGAAGAGCGCGCGCACGCCGCGAAGATTGCCCGGACCCTCTTCACCCATCGTGCCGACGATCAGCAGTCGGCCGTTGAACGGGATCTTGTTCGCGATGATCTGTCGTGTCGTGGCCAGCACGGCAGCCAGGCCGCGGCAGTCGTCGCCGATGCCGGGCGCGGTGAGCTTCGTGCCTTCGCGCTTCACCTTCACGTTCGTGCCTTCGGGAAACACCGTATCCAGGTGACCGCTCAACACCAGCGTCGGTCCCGGGCCCGTGCCCTTGATCTCGCCGATCACATTGCCTTCACGGTCGATGCGAAGCTTCTGCACGCCGAGCGCCGCGAGCTTGTCCTTGAACGCCGCCGCGCGCGCGGCCTCTTTGAATGGCGGCGCCGGAATCTCGCAAAGCGCGGCCTGCTCGGTCAGCGTCCACTCGTTCTCGCTTTGCAGCGCGGCCATAGCCTTGGCGACCGCGGGCTGTTTGGCGAGGCGATCAAGCGCGGCCTCGGTGGGTGTGGCCTTGGCGGCGACCTTGGGCTGCTGCGCGTGGCCAATGGCCGGCGACGTCAGCGAGAGTGTGAAAAACGACAACAGCGCCGGGATCATGGTGCCGGCGCTGCGAGGCGAAACAAGAGGGGACATGACGTCAGGAGCTAATCGTGATCGTACCGGCGGTGGCGTTCGAAGCGACGGTGAATTCGAACAGACCGTTGGTTCGCTGGCCACCGGTCCACGCGCCGCTCGCATTGAACGTGGCGCCATGGTTCGGGCAGCGGAAGCCCGTCCCACTGATCGCCACGGTGGTGCCCTGATGAGGGCAAATCAATGAAAACGCGCGGTACTGCGTCGTGGAGGCGCGAACCACGGCGATCGGGGTTCCGGCTCCGCTGATCACCGCGATCCCGCCCACGGTGCCAAGGGTCGCGTAGTTGGCCAGGGTAACCGTGGCGTTCACGTTGGACGGCCCGGTGGCACTTCCGCCAATGCCGTCGCCGCAGGCGGCCAGCACGGCGGTGATGGCCAGCGCGGAACTCGTGGCCAGAAACTCCCGCCGATTCACGCCGGCGCCTGGGCAATTCGTACAGTCGGACATGACGACTCCGTGTAGAGTAGAGATCTGGCCGCAGTGGCTCAGACTTTCACCAAGGCTGCTGCCCACTTCGCGGGGTCGACGTCGCTTTCGAACGCGACATCGGGATCCACGATGATCTGCGCGCTCTCACGCGAGATCTGCAGGCGGTCCATGTTCCGCGTCGCGCGGCCACTGACAAACGTCCCGTTGGGCAGGTACTTCGACTTGTGGCGCGGGCACTGAAAGCCCGCGTTCTTCGGCATCGTTTTGAGGGCCGTATTCTGGTGCGGGCACGAGAGCGCGAAGGCAAACACCTCGCCGTTGGTGCGGCAGAGGATCACTTCGTTCGCGCTGTCGATCGACACGCCGTCGGCGGCCGGCAGCGCGTAGCGCACACTGCCGCCGGGTGCGCGCGGGGCAAGTGCCGCGATGGCGTTCACCGGCCCCAGCGCCGAGAGGGCCGCGATCGAGGCCGCGCCCGTGAGCGCGGTGCGCAGGAACTCGCGGCGCCCCGAACACCCGGAGCAGGACGAGTCGAAATCAGTCATACGAAAATGATCCGTGGCAAAATGGACAGGAGATCTCAGATATCGGAGAGCACGACGCCAAGGAGGACGACGCAGAACCACGAGACGAGACTGATCGTGGCCGATCGTTTGAGCACGGCCCACGGAAGGTGCGGGCTCGGCCACTGCGTGGTCTTGTCGATCACGACGCCCGCATCGGTCGCCGCGGTGAGCACGCGCGATTCCGTACGTCGCATGTAGGCCCCGTTCGCGATCAACACGGTGAACGCAGCCATCTTAGCCCAGAACACCTTCGAGACCGCGAAGGTCCCGATGTCGGAGGCCGCCAGCGCGATGCCGCTCAGCACCATCATCGCGATCGAACCGATCACGATGGCATGGGTGGTACGCAGATCCTCGGCCGCCGCCTGATATGCCTCACGCGTGCCCGGAGTCGCCAGCAGCACGCGACGATCCGCCGCGATCGCAATGCCGCCGCCGGCAAACAGCGCCAGCACGTGCACCGCAAGAATCGTGGTGGGAATCCACGCGCTGTCGGCATAGAGCTCCGACCAGGGGAGGAGCAGGGTGGTCAGCGTCTCGAGCATCAGGATAACGTGGGCAGAGGGTGGGTCAGTTGCCGATCAGCATGATGAGCCAACTCACGGTCGAGACACCCATCGAGCCGAGCGCCACGTTCCGGTGCTTGCGGCGTGCGTCCAAGTCTTGTTCGGCGTCGTCGGCGAGCTTCGTCCCGGCATAGGCAAATCCGCCGCTGGCGGCGGTGAAGAGCACGCTATGGATAATGCGACGGGTGCGGCCGTTGGGATCCTTTCTGCCTTCCCAGAGGTTCCATCCTCCGGTGACCGTATTGGCGCCGAACAGGATAGCGCTTCCCGTGGCGGCTGGCGCGTGCATGTTGCGCGCCCACGACGGGGCGTCCGTACCTTTCTCCAGCAGCTGGTCGCCGGAAAAGTACGACGCCGCAAACAACGGAATCATTCCCCAACTCAGAATTTTGTGGATCCGCAGTCGCGTCGCGTAGCCATCGCTGTACGCGACCGCCTTCCGGCGCACGCGTGGCACGGTATCCGCAGAAGCCATGGTCAGGCCGACCGGCTGCATCACGACGGCCGCACGTGGCTGGTGCAGGGAATCCGACGGAAGCGGTAGAGCAAGCGGTCCTGGCGTCACGGCGGTCTGCCATGCCATGAGAAAGCCAACCGCGACGTCGGTGATCGGGATCATGCAGGCGCTCCAATGGATGACGGGATACCCT
CP053085.1_gap30	983416	987503	4087	TTCACCGTGGGCACCGCATCCGGTCTTCACGGGCGCGGCGCGCGACAGCGTCATCGCCGTCAAAGACAGCCTGCACGATATCGTGCGCACGGCCAAGGGGACGTACTTCGAGCGTCGGCTCGTGGTGCTCGAACGGGTGCGCGCGCGCGATGCGATCATCGTCGATGTGGAGAAGCGACCAGCGTCGATGCGGATCGATACCCTGAGCGGCGTCATTTCCGATCCACCGATTCGCATCGCGCAGGCCGCCGGCGGCATTCGCTGGACCGGCGATTCACTGCAGCTCAACTTGGGCGATGTGCGATTGCCGGCATCGACCGGCAGCGCCATCGGTACCATCGATTGGCATAATCCGGGTCCGCTTCGCTACGACGTGGTCATCAAGACCACGGCAGCTCTCACGGACCTCCAGTGGATCTGGGACGTGCTGCCCTCGGACGGACGGGGATCGGCGACGGTGCGCATGCGCACGCTGCCGAATCCCGACGATGTGGAGTTCGCGTTATCCGCGCTGGATGTGAAGAGTGGCATGTCGCGTATCACCGGCGGCATCGACATCGTGCTGAAGCCGGCGCAAATGCTGCTGCAGCGGGTTGACCTCGCCTTCGTGCCGTTGCAGAGCGATCTGCTGCGTCGCATCAGCTACGAGGCACTGCCACCGGAGATTCGCGGCACGTTCACGGGTAAGCTCGTGGCACGCGATGGCGGGCCGCTCACGGCCTTCAAGATGGATCTGCTGGACGCGCGATTCGCCGACGCGCTCGTGCCGGGCGGTGCCGTCTCCAGCGCGATCGTCCGCGGCACGGTGGCGATCGGGGAACGTCCACGCGCATGGGGAATGACGCTCGATGAGGCGCGGGTGGATTTGCGGTCGATTCGTGCACTGTCGCCGGCGCTCATTCCTGAGATGCCCGCCATCGATGGTGTGCTCACTGCGCGTGGGGTGATTCGCTCGGCCGACCTCGACGCGGTCGATCTCACCAACGTCGGACTTACGTGGACCGACGCGGTGGGGAACGTCTCGACCCTGCGTGGTGATCTTCGTGCGCGATACGGCGGCGCCAATGCGAAGGCGCCATTGGTGAATGCCGCACTGCAGCTCGATCCGCTCTCGATGCGTGCGCTGGCGCGCATCGACACGACGCTGCCCCTTCGCGGCGCGATCTCCGGGCGGGTCACGCTCGACGGCCGCACCGATGCGATGCGCTGGACGGCGGCACTTCGCGCGTCCGACGGCACCGGAGCGGTGGCCGCCAACGGCACGAATGCGGACGGGAGCGCGGTGAGCATGCAAGGCACGGCCGCGCTCACACCCTCCACCTGGGAGCTCACTGCCAACGGTGCGCTCAATCAATTCGATCTGCGCGCCTGGATGGGCCGTGCTGCCGTGCCTTCCACCGCGATCGACGGTACGGTCGCCCTGTCGGCTCGAGGACCGCGCACGGCGGGTGGTGCGCCCGCCACCGACAGCCTGAGTCTCTCACGGATCTCGGGCAGTGTGGTGGCCGACTGGAGGCAGACCGCGGCCGATGATCGCCCCGCGTTCGATCTGCTCGGCAGCGTATCGCTCGGGGCCGAGCGTCTGATGGTCGATTCTGCCACGGCCCATATCGGTGGCGTCACGTTCGACGCGCGCGGCGCCTTGGCGCGCGATTCGATGCAGGCGGATACGCTCACGCTGTCGGCGCGCGCCGACTCGTTGGGCGCCGTGCGCGCGCAGCTGGGTCGGCTCGCCGCCATGATGCAGTCCGTCGATAGCAGCACCGCCACGTCGCTGCGCAAACTCGCCGCCGATACGCTCGAAGGTGACCTCTCCCTCTCCGGTTACCTCTTCGGCAGCTTGACGGATGCCGGCGCCACCGCTGCGATCGGCGCGCGCGCCATGCAGGTCGGCGCGATCCGCGTCGGACGTGTCTTCGGTTCTGCCAAAGCCGATCACGTATTCACACGGCCCGCGTTCGAAGGCGCCGCCACCGCGGACGATATCGACGGTCTCGGCGCCATTCGTTTGCAGACCGTCGGATTTCGCGTCGCACAGGCGAACGCGGACAGCGGCCTGCTGGTCCTCGATGTCAGCTCGCAGACCGAGGCGCATCTACTGGCGCGCGGGGTGTACACGCGATCGCCGTCGCAATTCGCCGTCGCCCTCGATTCGCTCCGTCTGTCGTATGCTGATGTCGTGTGGCGCAGCGCGAAGCCGATTACGCTCCAGCAGGACTCGTCCGGTTTTCGCCTCTTCCCGCTCGAGCTACGCTCGAACTCGACCGGCGTGCTCACCGCTGCCGCGGATGTGCCGAAGAATAGCAACATCTCCGGCTCGGTCCGACTCGAGCAGTTCCCGGTTGGTGAGATTGCCGCGCTTCTCGCGGGCACGCCTACGTTCGCGGGGACACTGAGCGGAACGGCGGAGCTCTCCGGTACGCGTCCACTGCCGCTGCTGTCGTGGACCCTGCGCGGCGACTCGCTCGGGATCCAGGGTTTCCGCCTCCCCTCGATCAATTCCACCGGTCGCTACGCCGACCGCTCGCTCCTGGCCTCCGCCGTCCTCGCCGATTCGCTCGGCGGAGCATTGCGCGCCGAAGCTCGGGTGCCCATCGATCTCGCCATCGCCTCGGTCGAGAAACGCCTGCTGTCGGATCAAGTCGATGCCAAGATCACGGCGGACTCGTTGCGCTTGGATGGACTCCCGCTCACGGTCGACGGCGTGCAACGGCTGCGCGGGAGGGTGACAGGGCAGCTCGCACTGAGCGGCAACATGGATCGCCCGGTGGCGCGCGGCGTCATGACGGCTGATGGCGTCGGCGCGTTCTTTCGCGATCTCAATATCGAGCCCGCCGACGGACGTATCGTGCTGCGTGCGGCCGAAGACTCGCTGATTCTCGAGACGCTGCGTATCCGGAGCGGCGGCACGCTCGACACCATTGGCGCGTCCGGCACACTGCGTTTTCGTGCTGGCGAACCGTCCACCGTGGCGCTGAAAGTGTCGGCCAACAACGTCATCCTCTCGCGGCAACGCGATGGTACCGACCTCGATGTCAGTGGCAACCTGACGCTGGTCGGACCGCTCAAGCGTCCGACACTCAGCGGCGCGATCTTCGTACCGCGCGCCAACCTCGTGTTCGATCCGCTCGGCGCCCGAAACGCGCTCGATCTTTCCTCCGAAGCCGCGCGCGAGTTGCTCGGCGCGGAAGAAGTGCCCGTTGCAGAAACGGCTGCGCAGTCGCTGGCCGCCCTTGGAACCTTCCTGAACGTCGAGAACGCTCGCGTCGACCTTGGTAACGAGGTCTGGGTGCAAACGCCGGAGTCTCGCGTGAAGGTCTCCGGCGGTCTCTCGATCGCCATGAGCGGCGATCGACTCGCGCTCGAAGGCGAGCTGAATGCGAACCGTGGGCAGTACCGACTCGATCTCGGCGTGGTGAGTCGCAGTTTCACGGTGGATTCGGGGCGCGTCCGCTTTTTCGGCAGCAGCGCCATCGCACCGACGCTCGACATCAGCGCGACGAACACGGTGCGCGTCTCTGGTGGCAGTGCGATCCCCGTACGCGTCCACATTGGCGGAACCTACGACGTACCGGTGCTCACGCTCTCGAGCTCCGACCCGCTGTACGCCAGCGCGCCGGAATCGGAGATTATCTCGCTCTTGATCTTCGGCGCGCCGACCTTTGCGCTCGACGGCGCCGGCCAGAGCACGGTGCGGGCCGTCACCGGCGTTCTCTTGCCCTCGGTCGGCGGCGTGGTTGAAGGCGCGCTGCAGAAATTCTTCCCCGGCCTCAACACGATTCAGGTGGGCACCGCGGGCGGTCAGTCGCAGCAGGACCTTTCCGCTTTGTCGCTGATCGACAATCTCAGCATCAGCGCCGGTAAACAGATCGGTGAGCGCACCTTTCTGCGTGCGAACACGGGGGTCTGCCGTGGCGGTGCCGCGTCCACGCGCTCCTCGCTCTGGATCGGGCTCTCCGCTGAGTACCGCATCACGCGCAACCTCTCCGGTCAGGTCGGTATGGATCCCGGTTCCGCACCGTGCACGCAGCTCGGCACGAACGGCTTCCCACGGCTGCAGTTCGGTTTCGACCTGTTCCGCGAGTGG
CP053085.1_gap31	991054	992851	1797	CCACCGTCCGCTCAGTTCGCGATAGCAGCGATCGCGATCGGGCCGAGTGTGCCCGCCGTTGCCGTTGCGGTCTGCTGTCCGGCCTGAGGGCCGAGGGTCCAGCGTACCGTGACCTCACCGAGCGCGTTGGTGACCGCCGACTGGGGCGAAATGCTGCCGCCGCCGCTCGTGATGGAGAGACCGACCGTTTGGCCGGGAATCGGGACGTTGAATCCGCCCGTTACCCGCAACACGATCTGGACGGTCAGCGCGGCACTCGCCTTGCCGGTCTGATTGTTGCCCTGCGCAATCACCAGATCGCTTGGCAGGATGCCGTTGGCGCTCAACGTTACCGGATCCAGACCGGGGGCTGTACCGGTCATGGTCTGAACCTGCGCGCCTGGGCCAAGGGTCCAGCGCGCCTTCACTTCGCCGTTGGCGTCGCTGACGACCGTGCCCGGATCGACCGAGCCGCCGCCCGCGAGCACATTAAAGCTCACCGGGATCTTTCCCATGGGGGCGCCATCGGTGCCGATGACCCGCAGCACGACGGGCGTGGGAAGCAAGGTCCCCGCGGCAGCCGTCTGCAGGTGTCCCTGCACGATCGTCAGCTGCGCCGCAGCCGGTGCCTCCACGGTCTTCGTGCAACCGGGGAACGCCAGGAGCGTCGGGACGGCCGTAAACAGTACGGCAAGCAGATATGTGGGTCGGGCGGAACGCATGGTCTCGTCGGTCGGGGTACTCCTCTCCGGCTACCAGTATCGGCCGGTCGTCCCACCGAGTTGAGCACGACTTTTTCCGTGGCGCGGTCGAGCGCCGGACCCTCCCGTCACCTAGATTGGTGATCCCATGACCGTCACTCCCCTGCACGCTCCACGACCGCTTCGGTCGACCGACTCCGAGTTGCCAGACGGGGTCCGCTGGCCCACCGGACTGGGTCCTGATATCCCGCCCGCGCGCAATCCGGGCACGGCGCTCGACCTCGCGCTCGTTCGGGCGACGAAGGTCAATCGCAGCGCCGTCGAACGCCGCGTCGCCTCGCTGGGTGGCCGGCGCACGGTCAAGAAGGAGTGGCAGGCCGCCTGGCTGTTGCGCGCCATCACCTGCATGGACCTGACCACGCTCGCTGGCGATGACACGCCCGGCAATGTGCAGCGGCTCTGCGCGAAGGCGCGCCATCCGTTGCGTGGCGATATCGTTGATGCGCTCGGTGTGCGCGACCTCGGACTGACGGTCGGTGCGGTCTGCGTGTATCACCAATACGTCGCCACCGCCGCTGAGGCCCTGAAAGGCTCGGGCGTCCCCGTGGCAGCCGTCTCCACGGGCTTTCCGGCCGGCCTCTCGCCGTTCGAACAGCGACTCGCCGAGATCCATGCGTCGGTGGCGGCCGGGGCGACGGAAATCGACATCGTTATAACACGCGCCCACGTGCTGACCGGCAATTGGCAGGCGCTCTACGACGAAGTGCGCGCCTTCCGCGACGCCTGTGGTGAAGCGCACCTGAAGACGATTCTCGGCGTCGGTGAACTTGCCACGCTCACCAACGTCGCCCGGGCTAGTCAGGTCGCGATGATGGCCGGCTCCGACTTCATCAAGACCAGCACCGGCAAGGAAACCAGCAACGCCACGCTGCCTGTTGGGCTGGTAATGACACGCATGATCCGCGACTTCGGATCGCGTACTGGCTTTGAGGTAGGGTTCAAGCCCGCCGGCGGTATCCGTACGGCGAAGCAGGCGCTGGACTGGCTGATCCTCATGAAGGAGGAACTCGGTGATCGCTGGCTGCGACCGCATCTGTTTCGCTTCGGTGCGAGCGGC
CP053085.1_gap32	1092906	1096398	3492	CGGTTGTTGTCGATGGTGCAGCTGATTGTGCTGCACCGCGCCGACCGTGGACACGACGTGGCCGCGCTCACCGTCCCGCTGGCGAGCGTCGGAGCATCGACGGCACGACGACTGGCGACGCGACGCGTCGACCTGTCATCAACCGAAATCAGGGCACGGGTACGGGACAGCCGCTCCATTCGGGGCTTCGTTCCTGACGCCGTGGCGACGTACATAGCGACCACCGGACTGTATCTCGAGAATTCCCGGGAGTTGTCGGCTGCGGAGGGCCCAGCGCGCGCCTGATGGCGTACGGGGACTTCGCGGTCGCGACGCCCTTGCCATGAGGTTCGTATGCTGAAGGGCTTGATTGGACGTGTGTTCGGCACGCGTCACGAACGTGAACGGAAGCGTGTGCAGCCGGTGCTGACCGAGATCCATGAGATCGAAGCGCGCCTCGCCTCGCTGTCCGACGAAGAGATCCAGGGACAGACCGTCAAGTTCCGCGGCATCCTGGCCGAACGAATCGGACCGATCGAGCAGCGCATCGCCGAGCTCAAGTCGGCCAAGCACGACTCTGCCGACTCCGCCGATCGTGAGCGCATCGACCTGGAACTGCAGGGCGCCGACGGTCGCGGCGGCGTGGAAGGCGAGCTGCGCACGGCGATTGCCGACGTGCTCGACGAGCTGCTTCCCGAGGCGTTTGCGACCGTCCGCGAAGCGTGCCGCCGACTCAAGGGCTCCACGGTCATGGTGACCGGTAACGAGCTCACGTGGGACATGGTCCCGTACGATGTCCAGTTGATTGGCGGTATCCAGCTCCACCTCGGACGGATCGCCGAAATGGCGACCGGCGAGGGCAAGACGCTCGTCGCGACGCTCCCGATGTATCTGAATGCGTTGCCGGGCCGCGGTGCGCACCTCGTGACGGTCAACAATTACCTCGCCCGTCGCGACTCGCAGTGGATGGGACACCTCTATCGGTGGCTGGGTCTCACCGTTGGTTGTCTCGACGACACCGAGCCGGGTACGTACGAACGGCGCGCCGTGTATGGCTGCGACATCGCCTACGGCACCAACAACGAGTTCGGCTTCGATTACCTGCGCGACAACATGGTCGTGTCGCTCGAGCAGCGCGTGCAGCGCACGCACATCTTCGCGATCATCGACGAAGTCGACTCGATCCTCATCGACGAAGCACGTACGCCGCTCATCATTTCCGGCCCGGTCGGCAACGAGAGCGACGGCCGCTATGCGGAATTCAATACCGCCGTCGAACGGCTCGTTCGTCGCCAGTCCGAACTGGTGAACACCCTCGTCGGCGAAGGCGAACGCGCGCTGGAAACGAAGGACGAGCAGGGCGCCGCGCTCAACCTGTATAAGGCGCAGCTCGGTGGACCGAAGAACAAGCGGCTCGTGAAGGCGCTGCAGGAATCCGGGGTGAAGCAGCTCGTGCAACGCATGGAGCTCGACATCATTTCGGACAAGAAGCTCCCGATGAGCAAGCGCACCTACCGCGAGATCGAAGACGATCTGCTCTACGTGCTCGACGAGAAGGGGCACACGGTGCACCTCACGGAGCAGGGGCTCGACTATCTCTCGCCTGATGCGCACGACCAGTTCGTGCTGCCTGATATCTCCCTCATGATCGGCAAGCTCGATCGTGATCACGAGATTTCGGCTGCGGAGCGTCTCGAACAGCGCAACGCGATCGAGCGCGAGTACGCGCTCAAGAGCGAGCGACTGAACATCATCCATCAGCTGTTGCGCGCGCATGCCTTGTACGAGCGCGATGTGAACTACGTCGTGCAAGAGGGGCAGGTGCTCATCGTCGACGAGTTCACCGGCCGCACCATGCCGGGACGGCGTTGGAGCGAGGGGCTGCACCAGGCCGTCGAAGCCAAGGAGCGCGTGCAGGTGAAGGGCGAGACGCAGACGCTCGCCACGATCACGATTCAAAATTACTTCCGCATGTACGAGAAGCTGGCCGGTATGACCGGTACGGCCGAAACGGAAGAGAATGAGTTCCACGAGATCTACGGCCTGTCGGTGTCGGTAATTCCGACCAACCGGCCGATCGCGCGCGATGATCGCCAGGACTACGTCTACAAGACGCGTCGCGAGAAGTACAACGCGATCGTCGACGAAACGAAGCGACTCCACGAGCTCGGCTATCCGGTGCTGGTCGGGACGGCCAGCGTGGAAGCATCCGAAACACTGGCACGACTCTTCGCGCGTGCCGGTCTCAAACACAACGTGTTGAACGCGAAGTATCACCAGCGTGAGGCCGAGATCGTGGCCGGCGCGGGTCATTCAGGCGCGATCACGATCGCGACGAACATGGCCGGTCGCGGCACCGACATCAAACTCGGGGCCGGCGTCACCGAGGCGAAGGCTTCGACCGTCACCGATCCCGATGGCAAGGAGCTTGAGATCTCGGAGATCGGTGGCTTGCACATCATCGGCTCCGAACGTCATGAGTCACGGCGTATTGATCGCCAGCTTCGTGGACGATCCGGCCGTCAGGGCGACCCCGGCGCGTCGCAGTTCTTTCTGTCGCTCGAAGACGACCTGATGCGACTCTTCGGGTCCGATCGGATCGCCAAGCTGATGGATCGTATGGGCGCGCAGGATGGCGAAGTGCTCGCGCATCCGTTGATCTCGCGTTCCATCGAACAGGCACAGAAGCGCGTCGAGCTGCAAAACTTCCAGTCGCGAAAGCGGCTGCTCGAGTACGACGACGTGATGAACCAGCAGCGCGAGGTGATCTATTCGCTGCGTGCCTTCGCGCTCGAGGGCGGTGAAGAGCTCAAGGGCGAGGCGCTCAAGATGATCGACCGCGGTGTGCAGCGTCGTGTCGAGCAGGCGCTGGCCACCTTCGACAGGCAGGAGGACTGGGACTTCGAGTATGTGCAACAGGATCTCCTGATGCATTACATGCTTCAGGTTCCGGGCTTCGCCGCCGACGCGCGTCCCGCGTCGGTCGAAGAAGCGCAGTCGATCGCCCTCGAGGCTGGACGTGCGGCGTTCGACCAGAAGCTCGACAGCCTGAACGCGGTCACCGACGAGAGCGGGCAGGGCTTCGCCGATCGCCTCCTCTCGCTCGTCACGCTCAACGTGATCGACGAGAAGTGGAAAGATCATCTCTATGATCTCGACCAGTTGCGCGCCTCGATTCACTATCGGTCGTGGGGCCAGAAGGACCCGCTCGTCGAGTACAAGCAGGATGCCTACACGATGTTCGAAGATCTGATGCACGATCTCGCGAACACGTTCACCGAGCGCTTCCTCAAGGCGCAGTTGGTGTTCGAGCCGTCGCCGATGGAGAGTTTCGAGCCGGCACCACCGATGGACGACTTCCCGCGGCAGGACACGCGTCCGACCAAGCGGTACAACGCCCTTGGTATTCTCGAGGACATCCCGGCCGAGGAACTCGAGTTCGTCGACGCGATCGACGAGGAACTCGACGAGGACTTCGACGAGGCGACGGACGAGGGAAGCGCGGCGCCGGCT
CP053085.1_gap33	1170509	1173757	3248	TCTGGGCGCGCGTGCAGGGGAAGTAAGGTGGCGTTTCAGTGGTACGGCAGGACCATCAGCATGCAGTGCAATCGAAGTTCTTTTGGCGGCGCCCCCGTGGCCGACTGCCTCTCTCGTTTCGGAAGTGATTCATGTTCGTAGATCGCGTACTCGTGAAGGTCGAAGCAGGAACCGGTGGTTCAGGACAGACCTCGTTTCGCCGCGAGAAATTCGCGCCGATGGGTGGCCCTGATGGCGGCGACGGCGGACGTGGTGGCGACGTAATCGTGCGCGGCGATCGGAACCTGACCACGCTCCTCGACTACACGTATCGCGATGCCTGGAAGGCCGAACGCGGACAGCACGGCGAAGGGTCGAATCGGACCGGCCGCTCGGGCGAAGACATCGTGCTGCCGGTGCCTCCCGGCACGGTCGTGCGCGACGCCGAAACGCAGGAGTTTCTGGGCGAAGTCATGGAGGATGGCCACACCATTCTCGTGGCGAAGGGCGGGCGCGGCGGCAAGGGAAATTCCTTCTTCGTCACGCCCACGCACCAGTCGCCGCGCGAGTGGCAGCCGGGTGAGGAAGGAACAGCCCGTACGCTCGAACTCGAACTCAAGCTGATCGCCGACATCGGGCTGGTCGGTCAACCGAATGCGGGCAAGAGCACGCTCCTCTCGGTCATCTCGGCGGCGCGCCCGAAGATCGCCGACTATCCGTTTACGACGTTGTCGCCGAACCTCGGCGTGGTCCCGCTCAGCGATCACCGCTCGTTCGTGGTGGCCGACATTCCGGGTATCATCGAAGGCGCCTCCGAAGGCAAGGGGCTTGGACTTCGGTTCCTGCGACACATCGAGCGCACGCGCATGCTCGCGTTCATGATCCCCATCGACGCGGAAGACTGGCAGGCGGAACTCGATCAGCTGCGTCACGAGATTTCTTCGTACTCCACTGAACTCGCGGCCAAGCCGTTTTGCGTCGTCTTCACCAAGCTCGATCTGCTGGGCGAACACTACGTGCCGGACATCGAAGCGCCTGGCGCGTTCGGTAAGTACGCCATCAGCGCGGCCGGACGTATGGGGCTCGATGTGGTGCTCGACGCGTGGTGGCGTGAACTGCTCGCCATGCGCGTGGAAGCCGAGAAGCCGGCACGTGACGCGCAGTTCCTTCCCTGACGATGCGGCGGACGCGCGCGATGTGATCGCGTTGCGTCAGGTCGCCGGGCTCGGCGACGTCGGCGTGGCGCGACTTCTGTCGCGACATGGCGACGTCTCGCGCGCGCTGGCGTCCGTGGACGCGGCGCGACGTGACGATGCACGGCGAGCCGCCGACCGCATCCTCGTGGACCTGCAGCGCATTGGTGGAGAGGCGCTCGTGGCCGGATCCGATCGGTACCCCGCGCGACTGCTCGAGCTATCGGATGCGCCGCCGGTCATTTACGCGCAGGGCACGTTGGCCAGCGCGCATCCGCCTGCTGTGGCCATTGTGGGTACCCGCGCGGCGACGGCATACGGACTGCGGGTGGCGCGTGCCATTGCGACCGCATGCGCCCGCGCCGGTGTGACCATCGTGAGCGGATTGGCTCGCGGCATTGATGGCGCGGCGCACGAGGCGGCGTTAGCAGCAGGCGGGCGAACCGTCGCGGTGCTCGGAACGGGCCTCGACGTGCATTACCCGCGTTCACATCGCACCCTGCAGGAACGCATCGCGCGCGACGGCCTGTTGTTGACCGAGCAAAGGCCTGGTGACACAGGGCACGGCGGCACGTTCCCCCGTCGGAATCGCATCATCGCGGCGCTGGCCGATCTCACGGTCGTAGTCGAAGCCGGGCAAGGCAGCGGGGCACTGATTACCGCCGATCACGCGCTCGAATTGAATCGTACAGTTGCCTGCGTACCGAATGCAATCGACCAGGTGTCGTCGCTGGGCAGCAACGCGCTCCTGAAGATGCACGCCGAGCCGATTCTGAACGTGGATGATGTGCTGGCCTTGTTGCGCGTCGATCGGTCGAGCTCCACACATGTGGCACTCGATGGCGATGCCGCGCGCTGTTGGGACGCCGTGCAACGCGGGGCGCGAGACATCGACCAGGTTGCGGCTGCCGCCCAGTTGCGGCCCCGCGAAGCGGCCGCCGTTCTCAGCGCGCTCGAAATCGACGGACTCGTTCACTTTGGTCCATCAGGGCAGGTGCACCCGTCCGTCGGCGCCTCGTGAGTGCGGCGCCGGCCACACCCGTGGGATATCGGCATCTGTATCTGCACGTCCCGTTCTGTGCGCGCCGCTGCAACTACTGTGACTTCGCGATCGCGGTGCGCAAACTGGTGCCGTGGCGTGCCTTCGCGGATTCGGTGGACGCCGAGCTTCGCCTTCGAGGCGCCGCCGAGTCATGCGACGTATTGAATACGCTCTATCTCGGTGGCGGCACACCGTCGCGTTTGGGCGGCGAGGGCATCGAGCGCCTGTTCGAAACACTGCGACAGCACGTTCGATGGGATGCGAATGCCGAGGTCACGCTCGAGGCGAACCCGGAAGACGTATCACCGGACGCCGTGGCGGCGTGGCGTCGAGCCGGTGTGAATCGCGTAAGCCTTGGGGTACAGAGCTTCGACGACCGGGTGCTGTCGTGGATGCATCGCGTGCACGACGCGGATGCCGCGGTGCGCGCGGTCGATACACTGCGCGACGGCGGCATTGACGCGATGTCGCTCGATCTGATCTTCGCGACGCCCGCCACACTGGAGCGCGATTGGAGCGGCGACATCACGCGCCTGCTGGCGCTCGCGCCCGATCACATTTCGCTGTACGGTCTCACGATCGAACCGCACACGCCGCTTGGGCGATGGCAGGCCCGTGGCGAGCTCGAGGAGGCACCCGAAGATCTCTACGAGCGCCAGTTTCTCGAGTCGCATGAGCGACTGCGGGGCGCCGGCTTCGAGCACTACGAAGTCTCGAATTTCGCCCGGCCCGGCCGGCGCGCGCGACACAACAGCGCGTATTGGCAGAACGTGCCGTATCTGGGCATCGGGCCGTCGGCGCACGGCTTCGACGGGTCGGAACGTCGCTGGAATCGCGCGGCGTTGGTGGCCTGGGAAGCGGCGTTGTCTGATGGACTCGACCCAATGGAAGGTGCGGAAACGCTCACCAGACCGAACCGTGAGGCCGAGATGGTGTACCTTGGGTTACGCACGATCGACGGACTGGAGCTTCGGGATGGTGAGGAAGCCCGCGTCGCCACGTGGCGTCGGCAGGGGTGGATCGAGTCTGTACCT
CP053085.1_gap34	1210338	1215195	4857	CGAAGGCCGCGAACTCCGAGCGCAGGGTGGCGATCGTGGTCCGCACCGCGGCTTGTGCGCTCCCGTTCTCGATCGGGACCACCGGCGCGCCTCCCTTCGTCGCATCACCGTAGACCGACGCGATCGCACTGCGCGTGGTTCCGGCACGCACCAGCAACGCCTGTGCGGCGGCGCCGTTGGCGCGGATGGCGTCGCAGCCGGTGGCCGCCGGTGATGCACACCGGGTGATCTCGGCGGTGAGCTGCGTCCGCGCCAGATCGAGTTGTGACAGCACGGCGCCGTTGGCAGAGCGGGCCGCGGCGCCCGAAGTCGTCGTGTACGCCGGGTTCATCCCAACGTTGGCCGTGGAGCCCACGCGATTGAGCAGGAGCTGCGACACATCGCGCGACTCCACGTACGGTACGAGGAGCCGCAACGACAGGCGACGCGTCAGCCCCAGGCTCACGCCGAGAGGGGCGATGCTCTGACGCACTTCGCCAGCGGCATCGAGCGCGCCAAGCGAGAGGGCGAACGCCGATTGGCCGGTCAGCGTTCGGACACCTGCCTCGGCGGATACGAGTTGCGGGAAGATCGCGACGCCCGCTTGCGACGTGGCCAGCGACGCGAAAAGCGGTCGCGTCGTGGTGCCGCCACCCGCTGTCGGGGCATAGACAGCATCCCAGTCGTTCCAGAGGCCCGAGATCAGGAACCGCTTGCTCCCCTTCGGCAGAGGAATCGCATCATCGCCCAGGCCCGCCACCGTCTGCGCATGAACGGTGCCCGGTCGGACGACAGCGCCGGCCAGGAGCGCCACGCTGAGGGCGAGCATCGTGCGGAGCGAGGCGAAAAAGCGAGGCGCGGACGGCAATCGGTGTAGGGCCAAGGCGAGTTGTCATGTGCAAGGTGAAACAGCGCCTTTCCGCCCGACGCCTCCATGAGGCATCGCGTGAGAAGCGTCGTGCGCCGAACCGGCTAGATTAGCCCTGATCAGAGGGGGCGTCAACGAAACCCCTCGTCCCGTCACTCGAGAGCGTGCTGTGCATCTTCCTCCTGTCCCTTGGCAACTCACCGGCAACCACTGGCTGACCCTGCCGTGCATCAACCCGACGGACGGGGCCATTCACGCGGTCGGGGTACTGCATCGTGGAGCACGGGCGGCAATCGAGTTCGCCGGTTCGCCGGAGTTCATGTCGGGGCACGGTACCCCGCTCATGGGACCGGTGTTGCGTGTGGACGGAAATGTTCGTGTGCTCGCGGCAGAAGGCATCGCCTGGGAGCGAGCCCTCGGATGGTTGCCGACGTTCACCTGCACGATCGGCTCCTTGGTGGTGCGCGGGACGCTCTTCGCGCCGTACGGCCGCGATGCGGATATGGCCGGAGCCGTCTACACGTTCGCGGTGGAGAATCGCGGGGCAACCGACGTCAATCTCGAGATCGCGCTCGAGGGGGCTTTGGGCCATCGCCAGCAGCGCGTGCGGACGCCGCGCCCCTTCGATGACGACCATCTGGTCAGCATCGGTCCCGATGACGTGGTATTGCTCGAGGGAACTGCGATTCCCGGACTCGCCGCCATCGCGATCGGTAGCGACGGTCCCGCGACGCTCGAGGTCCCCTCGGAGGCGTCTCGCGATGCCCGACGCTTTGCGATACGGCGCGCGCTCGTCGTTCCGGCCAACGGGGCGGTGCAGGTCGCGTTCTACATCGCGGTTGGACCCGAACGCGATGGCGCGCAGGCGACGGTTGCAGTACTGCGACGTCGCGGATGGCGTGCGCTGCTGACAGCGACCAGAGAAGCCCTCTCGGCGCTCGAACAGACGACCGGCAGCGATGTGATGGATCGCATTGTGAACCGAAACCTGCTGTTCGCGTACTTTTACGGCGTCGGGCGCGGGCTGGACGATGCCCACTATTACCTCGTGCGGTCGCGGGCGCCTTGGCATTCCATGGGCTGCACCGTTCGCGACTGGGAAGCGCTGATGTGGACGCTCCCCGCAGTCCAGTTGGCCGATACGGGCCTGGCACGTGAACTGTTGGTTCGCGCCTGCGAGCTGCATGGCTATGCCCCCGGTCAGGGGGTGCACTACATCGACGGCACGCTGTTTCAGCCGGGGTTCAGTATCGAGGGGCCGGCGGCGTTCGCCATTGCCACCGATCGCTACATCCGCGACTCGGAGGACGATCAGATCGTCGAGGATCCTGTGGTGGCGGATACGCTGTATCTCGCATCGGAGGACATCACGGCACGTCGCGATGAGCGCGTTCCGCTGTATTCCACCGAAGTGATGCCCTCGGGCGCGCCCGCCAAGTATCCGTTCACGCTGCACGGGAATGCGGTCGTTGCCCTCGCCCTGGATGTGTTCCGTCGCACGCTCGACGAGGAAGCGGCGGCGGGTGTCGAAGACCCGGCCGCCGTACGCGCGGCGATTCGACGGCATTTCGCCGTCGATCGCGGCGAGAAAGCGCGGCTGGCCGTCGCGGTCGACCTCACGGGCAACGCGTCGCTCGACGACGATGCCGTCGGTTCGCTGCTCTGGTTACCGCTCTACGAAGCGCTTGATCGGGACGATTCGCTGTATCGCCGCTCGGTCCGGGCGCTGCGCGTCGAGGGCGCCGCCCCCGAAGCGACGGCGCTGCTGCCGCAGATCGCGCGTCTGCTGGGTCCGGAGGCGCAGGAGGTGCTGGCGTGGCTTCGTCGGGCACCACTCGACAACGGAATCGCTGCCGAATTCGTGGATGCCGAGGGGCGTGCGCTCAGCAATGGCGGTGACGCCGCGCTGGCCGGCTTGTTGGCGCACACCGTCTGGTACGCCGCACATGCCTTGGGACTTCGGGCTTGATTGCTCGGCGGCGCTTGTCCGGGTCAGGCCGCTCTGCTAAAATCCGGTCTGTGCGGGAATAGCTCAGTTGGTAGAGCACAACCTTGCCAAGGTTGGGGTCGCGGGTTCGAGTCCCGTTTCCCGCTCTGATCGAGGTCGAGATTTTGAACGTGGTTCGCAAACGGGAGCGCTTCGGCGCCCCCGTTTTGCGTTGCGTGCCGGCGACCGCTATGCTCCCTGCGTTGCGCGCACGCGGCCGACACCGCAGCAGCCCATGCGATACCCGGATGGCGAAACCGGTAGACGCGTGAGACTTAAAATCTCCTGCCTCATAAGGGCGTGCGGGTTCGAGTCCCGCTCCGGGTACGTGGGATGCTGAGTCGGTGGCGTGCGCACGGGCGAGTAGGCCGCCCTCACGACTCTTAGCGGTATGGAGCAGACATGCGAACAGTGCGCGATCCGCGCGGTACAACTTGGATTTGCCTCGAGTTGCCAGAGGTGCCCACCGATCAGCGCGCTGCGGCCGAGTCACTCCCACCAGAAACGGTCGCGATCGAGTGCAATTCGGGTGCCGAACGCGTCATTGCGCTCGTGGCGCCGGGGTGGGACGATACGATGAGTGATGCGGAGCTTTCGGAAACAATTTCAGCCCATTCGCGTTAAAGTCGCGGCGGGTATGCTGGCCGAAAATGATCGCGCGCTCAGTAGCGCGCGGCCAAGCGCCCGAGTCATTGTCGGCCAACCGCCATTTGCGTGGAATTCCTCGGTCACACAGTGTGTGACTGTGTCCGTTATCATCGACGCAACATCGTAGACCCGCCGACACCGTCCGTACGGTGACGGCGGAGTTTGCGTTGTGGCCGATGGTGGCGTGACGCCTCCGCGCCCCGCAGTACTCTGAGTGAAGCTATGTCGACCCTGCCATCGGTAGCGCCGCCGATCGCCGAGTGCAATCCGGTTCGATCACGAGCCGATTGGCAACGCATGTACGATGCGTCCCGCGCCGATCCCGGCGCGTTTCACGGCGACATCGCAGCCCAGCAGCTGCACTGGTTCGATCCCGCCCGGCGCGCTTGGCTGACGTGCGCGGCCGACGGGACATGGAATGGCTACGACGCGAGTACCGGCGAGCCAGTCGCATCCGACGCGCCGCGATCCTATCGGCCGTGGTCCCTCGCATTTGACGACCGCGAGCCGCCGTTCTACCGGTGGTTCGTTGGTGCGCGGACCAACGCCTGTTTTAATGAGGTCGATCGGCACGTGCTGTCGGGGCACGGCGATGAGACGGCGTTCCTGGTCGAGGGGGATCGCTGGGATCAATCCCGCGACCATGGGCGAGGGGCACCGGTCGTCGCGTGGCCGTGGACTCGGCGCGCGCTGCTCGTCGATGTCGCACGGTGCGCCATCGCCCTGCGTCAGTTGGGGCTCACGACGGGCGATCGAATCGCTCTCAACCTGCCGAACATCCCCGAGCAGATCGCCTGGACGGAAGCCGCGAAGCGCCTCGGCATCGTGTACACGCCGGTGTTCGGCGGCTTTTCTGACAAGACGCTGGCGGATCGTGTGTTCGACGCCGGTGCCCGGGTCGTCATCACGGCAGACGGTGGCTATCGCAACGCGCAGATCGTGCCGTTCAAGGCGGCCTTCACGGATCCCGCGCTGGAGCGCTACATCCCTGTCGCACGCGCTCTGGACGCCGTGCGAGTCGCGCTGGAGTCTATCGGTCTCAGCGCGGGCGATCGGTCGCGCGTGGTGGACGCGGCGGAGGCGGCGGTGCAGGGCGAGATCACCGTGGAACGCAGCGACATCATGCGCGGCGTCGGGCGCGCGCTGAGTACCCTCACCGAGAGTAGTTCGCTCTCGGCGACGGAGGCGAGTCGCGTGCGCACGACATTGGCACAAGCGCTGGTTGAGGTCGGCGCGGACGTGACGACGGTCATTGTAGTGCGCCACACGGGGCAGGCCGACGTGCCGTGGCGCGAGGGGCGCGATGTCTGGGCGCACGATCTTCTGGCAAAGGCTGATGCCGAACTCGTCGCGGGAGCGGCGCGAGCGGGAGTGC
CP053085.1_gap35	1217089	1221332	4243	CGATCGCGATGGCAACGAGGGATTTATCACCGCGATGGAGATCATCGGGGGCGGTCGGCAGTTCTCGGCGGCTGACGGCCTTGCCTGGGGCGTCGTCGATGAAGTGGTGGATGGTGCCACGGATGTGGTCTCGCGCGCGACCGCGTTGGCACGCGCCTTCATAACCGACGGCTCGAGCGTGCTGGCGCGACGCATGCCAAGCATCGCCGCGCGACGACTGGCATGGGAGAACCCCGGCCACCTCGACGTGGACGCCCTGCTTGCCCTCCCGCCGATCGCGCGACTGGCGGAGCAGTCTCAGCACGCCGGGCGCGGGCCGGCGATCGCGCGTGTGTTCGACGCGGTGCGGTGTGGCTGGCGCGACGGACTGATCGCGGGCCTCGCCCGCGAGGCGCGCCTGTTCGCCGAGGCCGTCGTTGATCCCGACGGCGGCAAGCGCGGTATTCAGGCGTTCTTCGACAAGCGCAGTGCGCCGCTGCCCACCCGTCGGCGACGGACGTTTGACGCAGACGAGCAGGCGGCGGCCATTGCCCAGGGCGAGTTGCTGCCGGTCGGCGCGCCGTTCTATCCGGGGTTCACGTCCATTCCGGCGTGGCAATACGGGCACGGCGTCATTCGCGACGAACAGACGGGAGCACCGGCGCACGGTCTCCCTCGTGATGCCGAGCGAGAGCTGGTCGTTCCCGTCGACCTGCCCGGCGCGAACGACGCGCTAGTGTACGTGCTGGCGTCCGAAGTGAACTTCAACGATATCTGGGCGATCACCGGCATCCCGGTCTCGCCGTTCGACAACCACGATCAGGACTGGCAGGTCACGGGATCGGGTGGCGTCGGACTCGTGGTAGCGCTCGGGGCGGAATCGAAACGCGAAGGGCGCCTACGGGTGGGGGATCTCGTGTCGATCTATTCGGGGCAGAGTGAGCTACTGTCACCGTTTGCCGCGCGCGATCCGATGTCCGCGGACTTCCGCATTCAGGGATACGAGTCACGCACGGGAAGCCATCAGCAGTTCTTGACGGTGCAGGCGCCGCAGCTGCATCCGGTTCCGACGGATTTGACCCTGGAAGCTGCCGGTTCGTACGTGCTGAATCTGGGGACGGTGGTGCGCGCGTTGTTCACCACGCTGCGAATCGAACGCGGCCGCACCATGTTCGTCGAAGGCGCGGCTACGGGCACCGGTCTCGAAGCGCTGAAGAGCGCCGTGCGACATGGATGCGCGGTCACAGGCATGGTGTCCACATCGGACCGCGCCGACACGATTCTCGCGAGCGGCGCACGCGGGAGCATCAATCGACGCGATGCGGCGCTTCAGTCGTGTTTCACACCGGTGCCGGATTCGGCGACGGAGATCAGCGAGTGGGAGCAGGATGGTGAGCCACTGCTCAACGCATTCCGTGCGCAACACGACGGACGGCTCGCCGACTACGTGGTGTCGCACGCGGGCGAGCTTTCCTTTCCTCGCTCGTTTCAGTTGCTCGCCGAAGGTGGGGCGCTCACGTTCTACGGCGCGTCATCCGGGTATCATTTTACGTTCGTCGGCAAGTCCGGCGCCGAGCCGCCGTCGCGCATGCTGGAGCGCGCCGCACTTCGGGCGGGTGAGGCGGTGCTCGTGTACTACGGCGTGGGTGACGCCTCGACGTCGTTGATTGATGACGCCGGGCTTGAAGCGATTGAAGCGGCCATATCGGCCGGCGCGCGCGTGTGCGTGGCAACGAGCACCGAGGCACAGCGCGAGTTCGTGCAATCGCTCGGCTTCGGCGACGGACTCCGCGGCATTCTCGCCATCGAAACGCTGGCACGTCGCGGTGTCGGTGACTTCGCGTGGCCACGCACCATGCCGCCGCTGCCGGATGTCCGCCGCGATGGAGCGGCGTTCCGGGAGTCCGTGCGCGCCTTTCAGGAGCAGACGCTCAAGCCGTTCGGGACGGCGGTCGGCAAGATTCTCCGGTCGGCGGACAATCCGAGGGGGGCACCCGCATTGATCGTCGAGCGCGCTGGCCATGATGCGCTCGCGGTGTCGACGTCGCTGGTGCAGCCGTTCACCGGCCGCGTGGTGTACTTCGAATCGATGCAGGGGCGACGCTACAGCTTCTACGCGCCCCAAGTCTGGACGAGGCAGCGCCGCATTCTGCTTCCAACCGCCAGCATTCTCGGCACGCATCTGTGCAACGCGTACGAGGTCGTCCGCATGAACGAACTGGTGGACGCGGGGCTGCTCGACGTCACCGCACCGACGATGGTGCCGTGGAACGATCTTGCGCAGGCACATCAGGCGATGTGGGACAATCAACACGCCGGTGCGACGTACGTGGTGAATCATGCGCTTCCCATGACTGGGTTGCGATCCGCTGATCAACTCTTTGAAGCCTGGGCAACTCAGGGGAGCCAGACGTGATGGCAAGTCGGGAAGACAGTGCAGCAGACGTGACTGGCACGCGCGAGCGCCGTCGCATCCCTCGAGGGCGGCTGGCGGGGAAAGTTGCCGTCGTCACGGGCGCGGCGGGCAACATCGGCACGGACATCACACGTCGATTCCTCGAAGAGGGCGCGACCGTCGTCATGACGGGGCGCGACAAGCGGAAACTTGAGGCGGCGCGGACCGCGCTCCGTGACGAGCTTCACGTCGCCGCCTCCCGTATCATCGTGCTGCCCATGGACGCGTCCGAGCCGGGTCAGGTGCGCAGCGGCCTCGCGCAGCTGTTCGAACGCGTCGGCCGCGTCGACGTCCTCGTCAACAATGCGGGCTCGGCAGGCCCCAAGTGTTCGATGATGGACTTGCCGTTCGTCGATGCGGAACTCGCGGAGCTTGCCGCTCGCGGCATCGTGGAGTCCGAGACCGTCGGAGCGGCGACGCGCAATCTCCTTGGCGTCTCGTGGAATCTTGTGCGCGCGTTGACGCCCCATCTGGAGTCCGGTGCCAGCATCATCAACGTGTCCACCATCTTCTCGCGCACACAGTACTATGGGCGGTCGGCGTACGTGGTGCCCAAGGCGGCGCTCAACGCACTCTCTCGCGGACTGGCGGCGCAGCTGGGTCCACGCGGCATCCGCGTGAACACCGTGTTCCCCGGTCCGATCGAGTCGCCGCGAATTCGTACGGTGTTCGCGGCGATGGATAGCCTTCGCGGAGTCGACGCGGGGACCACGGCAGTGGACTTCATGGGCCTTATGGCGCTCACGCGGAATCCGGCGCTCGACATCGCGGACAACGCGGCGCGGGCGGTCGCGACGACACCGGCACAACCGAAGGGGTTTCCGACGGTTCGCGACGTCGCCAACACCATCGTGTTTCTGGCCAGTGAGGACTCGGCGGCGATCAGCGGACACAACTTCGAGGTTACGCACGGCATGAGCGTGCGACAGGAGTCACGCAGCACGTGGGTGTCGCGCCCTGAGCTCCGCACCGTCGATGGAACTGGCGTGCAGATTCTGGTCGCGGCCGGCGATCAAGTGACGGACGCGCTGACCGTCGCGCGTGTGCAGGCCACCTGTGGTGCTCGCGTCCTTTTGACGTTGGGCACCGAGGAAGGCGTGCGCACCGCAAAGGATGCGCTCGGCGTCGATCCAATGGACGAACGCATTCGCGTCTTCCTGCTCGATCGCTCGCGTCCCGACACCGTCGAGCAATTCTTCGATGGTGTGCGATCGGCGGGCGAAGCGATCCAAGGGGCTATCCTCTTCCCGGCATTCGGTGCGTGGAGGTTCCGCGGAGACCTTGCCACCATCGCCGATGCGGACCTCGACGCCTTTCTGGACGGCGAGATTGTCGGCATGATGGCGCTGACGCGCGCCCTGTCGCGCTGGTGGCGAGAGGCGACGCCGGGGTCGGTCGCACCGCGCGTGGTGTTTCTCTCCAATGGCGACGATGGTGCGGGCAATGTGTACGCCGATGTGCTCCGCGCCGCGACCGAGGAGCTCTGCCGCGTCTGGCGCGACGAAGCGGAACAGCAGTATCGTGCCACCGCGCGGCCGGTCATCGAGTGGTCGAATCAGATTGTACGCTGGGGCAACCGAGACTCGGAGGAAGTTCCTTTCGCGGCGGGGCAGGCGGCCCGTCTGCTCTTCACGCGTCGTCGCATTCGACAAGTCAATCTCTACCTGCCGACCTCGATCGTAGAGGCGACGGGATCGCGGCGCGCCATCTTCGGATGGATGGAGTCGCTGATGGGACTGCATCTTGGTAAGGTCGCACTGATCACCGGCGGGTCGGCGGGCATCGGCGGTCAGCTGGGTCGGTTGTTGG
CP053085.1_gap36	1283603	1286821	3218	CGGAGCCGCTGAACACGGCGCTGTCCGGCCGGGCGAAGTACACGTGCTCGAATACACAGCGATTGATCGGGGCCGGCGGCAGCGCATGCACCGACCGCAGACCATGCGCGTCCACAGCGATGATCTCTCCCGGCTGTACTTCTCGCTCGTAGACCGCCCCGACGATGTCGAGTGCGCAGGTCTCCGAGGCGAACACCCAGCCGTCGCCGAGTCGGCCCATGACGAGCGGGCGCCAGCCGTGCGGGTCACGCGCGACGAGTACGGTGTCGTCCAGTACGATCAGCAGGCAGTAGGCGCCTTCGACGCCCTGCAATGCCTCCGCCACCCGAGCTTCAGGCGTCGCGCCATGGGCTCGGGCGATGCGATGGACGATCGCCTCGGAATCCATGGTCGACGAGAAGATCGCACCACCATCTTCCAGGTCACGGCGCAGTTCAACCGCGTTCGTCAGATTGCCGTTGTGCGCGAGCGCGATGTGACTCCGGCGCACTCGTGCGAGGATCGGCTGTGCGTTCTCGATCGCCGACGCACCCGCCGTGCTATAGCGCGTGTGCCCGATCGCGATCGGTCCACGGAGCGCATCCATCTCCTCGTCACCGAAGCCCTCCGAGACGAGTCCCATCGCACGACTGACTCGCGCATGCCTCGCGTCGTCGACGGCAACGATGCCCGCCGACTCCTGACCGCGGTGCTGCAGCGAGTACAAGCCGAGTTGCGTAAGGGCTGCTGCGTCCCGAACTCCGTAGACGCCGAAAATACCACACATGGGAAAACTCCCGATCAGTCGTTGGTAGGAGCGTGCGATGAGGCCACCGCATGCTCGGCCGGCGTCTCGCCATCCATGGCGAGCGGAATTGCCTCGTGAAACGCCTTCGCGAGCCAGTTGATCGGCGCCGAAAAGGTGTCGTCCGAAATCGTGAACTGCGCGCCGCTCTCGGCGCTCGTCACGGTGCCGATCACGCGCGCCGGCACCCCATGGCGTTGCGCGATCTGCAATACCGCGGCGCTGTCCGCCGTGGACAACACCACGCGTCCGTGCGCTTCGCCGAACAGCAGCGCGCGGTGAGGAAGCGTGGCCCACGGCGAGAGATCGACGGTGAATCCGAATACGCGATCGCGATCGGCCATCGCGCACTCGGCGAGTGCCACCGCCAATCCGCCATCGCTGCAATCGTGCGCCGAGCGCACGACCCCTCCGCGAATCGACTCCAGCAGGGCGTCGATCAAGGCGCGCTCGCGCTTCGGGTCACACACGGGCGGTTCGCCGATCGTGAGTCCATGAATTTCCAGCAGATACTCGCTCGCCCCGAGTTCTTCGGTGCAATCGCCCAGCAATACGATGTCGTCGCCGACCGTCTGAAATCCTGATGGCGTGACATGTGAGAGTGATTCAATGAGTCCGACCATGCCGATGGTCGGCGTCGGATGAATCGCCCCCTGCGGGTTCTCGTTGTACAACGACACGTTGCCACCGGTCACCGGCGTTTCGAGCACGGTGCAGGCTTCACCCATTCCGGCAATCGCTTCGCTCAGCTGGAAATACACTTCCGGCTTCTTCGGATTGCCGAAGTTGAGATTGTTCGTGATCGCCATCGGGCGCGCACCCGTGCACGCGACGTTGCGCGCGGCTTCGGAAACAGCGGCCCGACCGCCATTGCGCGGCGACAGCGCGACGTGGCGACCATTGCCATCGATACAGAGCGCTATGGCCTTGTCCGTGCCACGGAGCTTCACCACGGCGGCGTCGCTGCCGGGGCCTCGCATGGTGCTGGTGCGTACCGTCGAGTCGTACTGCTGCCACACCCACTTCTTGCTGGCGATCGTTGGCGAGGAGAGCAGGCGCTCCAGCGTCCACGCGTGGTCGCGTTCGTCGTCGAGCGCCACCACGGCGTGTGCTGAGCGTCCGCGCGCGGCCTTCAGCGACTCGCTCTCCTTCGGCTCGAGCACGTACTGCGGGCACTCGGTCACCAGGCGCGAGCCGGGGAACTCGGCCACCACGCGCTCGCCTTCGGTCACGCGGTACACCGGTTCCGCGATCACTTCACCGATCACGGCCGCTTCGAGATCCCACTTGGCCAGAATCGCGCGCACATCCTCTTCATGCCCGAGCTTCGCGACCACGAGCATCCGCTCCTGCGATTCCGAAAGCAGAATCTCGTATGGCGTCATCCCCTGTTCGCGGACGGGAACCTTGGTCACGTCGATCGTGACGCCGACATCGCCGCGCTCGGCCATCTCAGCCGACGATGAGGTGAGCCCGGCAGCGCCCATGTCCTGAATCGCCACGATGTGCCCGCTGCGGATCAACTCGAGTGACGCTTCGAGCAGCAGCTTCTCCGTGAACGGATCGCCGACCTGCACCATTGGGCGCTTGGCCTCGCTGGATGCCGACAGATCTTCCGAGGCGAACGACGCGCCGTGAATACCGTCGCGGCCCGTGCGTGCACCCACAGCCATGATCGGATTGCCGACACCGGACGCCACGGCGGTGATGAGCTCGTCCTCGCGCATGAGGCCGACGCACATCGCGTTCACGAGCGGATTGCCTTCGTACGACGGATCGAACACAACTTCACCGCCGACCGTGGGCACGCCGACGCAGTTGCCATAGTCGCCGATTCCCTTCACGACACCGGCAAAGAGCCAGCGAACGCGGCTCGACGTGAGCGGACCGAAACGCAGCGAATTGAGCAGCGCGATAGGGCGCGCGCCCATCGTGAACACGTCGCGCAGAATACCACCGACACCGGTTGCCGCGCCCTGATATGGCTCGACCGCCGACGGATGATTATGTGACTCGATCTTGAACGCGACCGCCCAACCGTCGCCGACGGAAATGACGCCGGCATTCTCACCAGGGCCCTGGAGCACCCATGGCGCCTTGGTCGGCAGTGTCTTGAGCATGGGACGCGAATGCTTGTAGGAGCAGTGCTCGCTCCAGAGCGCACTCACGACGCCGAGCTCGGTGAACGTGGGCGTCCGGCCAAGCATGGCAATCAGCCGCTCGTACTCGAACTCCGTGATGCCGTGCTCGGCCACCATGGCCGGCGTGATCACCGGATCGCCCGGGCGTGATTCCACGGGACGTGCATTGGACGCGGCGGTCATGCCTTCACCTCGGCGAGCATCGATTCCAGGATTGACGCGAACAAGGGCACGCCGTCGGTTGACCCGAGCGTCGTGTCGAGCGCGCGCTCAGGGTGCGGCATCATGCCCAG
CP053085.1_gap37	1353803	1355013	1210	TGGCCCGGACCACCGCGCGTGCGCACGCTTTGTCGGAACGCCTATCCATTCCCGCCGAGATCGTGCCGCCCGACGCGATCGAGCGAGTCGTTCGCCGTGCGGGCCTGGTCATCAATGCGACGCCGATCGGCCTGCGCGACGACGCGCTTCCGATGCCGGTCGCATTCCTGCCTGCTCGCTGTGCCGTCTTCGATCTGGTGTATCGACGCGGACTCACGCCGTGGATCGCCGCCGTCCGCGAGGCCGGACATCGTGCCGAAGACGGGCTCCGCATGCTCGTGGAGCAGGGGGCCTCGGCTTTCGAAACGTGGTTCGACGTACCGGCTCCGCGTGAGACGATGTGGGGGGCGCTCGACGCCGCACCACCGACCCATGGCAGTCCATGACGGGCCGTGACGAACCGCGGCGCCGTCCCGAACGCCGGTTCGCGGCGGTCGCACGTGTGGCGCGAGAGACGGCGCAGGGCATGGTGGACCTGCTGCTGCCGTCGGCCTGCGCCATTTGCCGTTCGTTGCACCGCGCAGACGCCGATGGCATCGTCTGTCAGGCGTGCCTGGCCCGGGTGGTGCGCCTCAGTTGGCCCCAGTGCGGACGTTGCGGGCAGCCTCGCCTGTCGCCGTCGATGCCGTTGCCGGTCGAGGCCAGCCCCTCGGGTGTGATCCCGCCGTGCCGTTGGTGCAGCCGGCTGGCGCCGACCATCCGTGCCGTGCGCTCCGTGTGCCGTATGGACGAAGGGACGGGCGCGGCGCTGGTCCACGCGCTCAAGTACGACGGATGGCACGCCGTCGCGAAGCCGATGGCCCGACGCATGGCCCGTCTGGAATGGCCGCCGGATGTGGTGCGCGAGCGCTCGGCGCTCGTACCTGTGCCGCTCTCGATCACCCGACAGCGTGAACGCGGCTACAATCAGGCGGAACGACTCGCCAGTGCCCTGTCCGACGAATGGCGGATACCAGTGTGGACCGACGTGCTCGAGCGCAATCGCAACACCAGATCGCAGGTGCGGTTGACACCGTTGGAGAGGGCAAGCAACGTTTCCGGTGCGTTCGTGGCGGTAGGTCGCGCCCATACGCGTCTCCGGGGGGCACACATCGTGCTGGTTGACGATGTGATCACCACGGCGGCGACGATCAACGCGTGCGCTCAGGCTCTGGCGGACGGCGGCGCGCGCATCATCTCCTGTGTGACGTTCGGACGTGCGCCTGAACCG
CP053085.1_gap38	1372711	1377269	4558	GATCGAGGTCGAGTGCCTTGGCGCCTGCGGTTTCGCCACGCCGATCATGATCAACAACGATTTTGTGGAATCGGTGACGCCGGAGTCGGTGCCGCGGATTCTGTCGGAGCTGAAGTAATGGGGTACCCGCATCCGTCGCATCCGCGTGAGACGCCAATCCTGTCGAAGTACTTCGGTGATCCCGAGGCACGCACCCTTTCGGGCTGGCGCGCGCGCGGGGGATACGAGGCGCTCGAAAAGGCGCTGAATACCGATCCGCAGGAATTGCAGACCGTCGTGAAAGACTCCGGGCTGCGTGGCCGTGGCGGTGCCGGTTTCCCCACGGGCATGAAGTGGTCGTTCATGAAGCCCGACGGCAAGACGCACTACCTCTGCTGCAACGCGGACGAATCGGAGCCGGGCACGTTCAAGGATCGCGAGATCATGCGCTGGACCCCGCACGGGCTCGTGGAGGGCGTCGCGCTTGCCGCGCATACGATCTACGCGCAGACCGCATACATCTACATCCGCGGTGAATTCACCGAGCCGTACGCACGCGTGTGCGCGGCCGTCGAAGAGGCATATGCGGCCGGTATACTCGGTCCGAATGCGATGGGCTCTGGCAAGCACGTCGATGTGCACGTGCATCGTGGTGCCGGCGCGTACATCTGCGGCGAGGAAACGGCGCTCATGAACTCGCTGGAGGGGCGGCGCGGCAATCCGCGGATCAAGCCGCCATTCCCCGCGGTGGCCGGACTCTTTGGCAAGCCGACGACGATCAACAACGTCGAGACGCTCGCCACGGTCCCGTACATCATCAAGAACGGCGCCGAGTGGTACAAGCAGTTTGGACGTCCGGACAATCCCAAGAGCATCGGCACCAAGCTGTTCTCGGTGTGCGGCAACATCAGCCGTCCGGGCAACTACGAAGTAGCGCTCGGGTTTCCGTTCAAGGATTTTCTATACGATCTCTGCGGTGGCCCGCTCGAAGGTCGTGAGATCAAGGCCGTGATTCCCGGCGGTTCGTCGGTGCCGATCCTCACGCGTGAGGAGGCGGAAGGCGCGGTTATGGACTATGAAGGAATGGTCGCGGCTGGGACCATGCTGGGCTCCGGCGGCGTGATCGTCTTCGACGATCGACAGGACATGGTGCGCCAGATCGCGCGCCTCACCCGGTTCTACGCGCACGAGAGCTGCGCCCAGTGCACGCAGTGCCGCGAGGGAACGGCGTGGATCACGCGCATCATGGAGCGCATCCGCGACGGGCAAGGCACGGCCGAGGATCTCGATACGCTGGTCGCCATTTCTGACGGCATGAGCGGCAAGACGATCTGTGTGTTGAGCGATTCCTGCGCGACGCCCGTGATGTCCGGTCTCAAGAAGTTCCGACACGAATTCGAGGCGAAGATCGCCGCGAACAAGTCGGTGGTCACCGTACCGGGGGCGTTCCGCGCCTCCGCCGCGTGAGGAACTGATGGCTGATGTGAAGATGGTGTCGCTCACGATCGAGGGCCGCCCGGTCACCGTGCCGGACGGCATGTCGATTCTTGAAGCGGCCAAGACCGCCGGCGTGCTCATTCCGCACTATTGCTACCATCCGGGACTCCCGGTGGCTGGCGTGTGTCGCATGTGCCTCGTCGAAGTCGAAAAGTTTCCGAAGCTGGCGCCGGCGTGCGCCACGTCGGTCGGGGAAGGGCAGGTCGTGCACGTGCACTCCCCGAAGGCGCTCGAGGCCCGCAAGGGAGTGCTCGAGTTCCTGCTCATCAATCATCCGCTCGACTGTCCGATCTGCGACCAGGCCGGCGAATGCGAATTGCAGGACTACACGTTTGCCGAAGGACGCGCCGACTCCCGCTACCGTGAGCCGAAGCGTTTCAACCCGGTCGAGGATTTCGGCGGCGATGTGTTATACGTGCAGAATCGCTGCATTCTGTGCACGCGCTGCGTCCGCTTCATGTCGGATGTGGCGCAGGAGCCGGTGCTGAACGTCTCCGAGCGTGGCGATCGCGCGTTCATCGGCAAGGCTGAAGGGCATGATCTCACGAATCCGTGGGCCGGCAACGTTGTCGATCTCTGCCCCGTCGGGGCGCTGCTCTCGAAGGACTTCCTGAATCGCGCGCGGGCGTGGGAGCTTGATCGCGCACCCACCGTCTGCACGGGCTGTAGTCAGGGGTGCAACGCCGTCGCGGAGACGCGCGACAACGTGGTGGTGCGCCTCAAGCCGCGCGCCAATGATCAGGTCAACCAGTATTACATGTGCGAAGTTGGCCGTCAGGGGTATCGCGAGTTCAATCGACGGGATCGCGCCGATCAGCCGCTCGTACGTCGCGGGAACGCGCTGGCGATCGCCGAGTGGGACGACGCGATCGCCAGTGCGGCGCGCGCGCTATCGGGACGTCGACTCGTTGTGCTCGCGTCACCCAATCTTTCGAACGAAGCGTTGTTCCTGTTGGAGCGCATGCTCGTCGCCGTCGATGGTGCCGGGGTGTTTCGCCTTGAGCGTGGCGTCGAAGCGCCGCTCCCTGGAGCGCCGGATCTCGCGCTGCGGAACGAGCGTGCGGCGAACGCCACCGCGGCTCGCCTGCTCGGGTTCACCGAAACCGAGGCCGTGGGATCGTCGCTGGGCGACGGTGACGCATTGCTGATCGTCGGTGATCAACTCGACGGGATCGGCTCGGCAGACCTCGACCGGGCATCGTCGATCGTGTACGTGGGCACGGCACTGCCGGCGTCGCTCGAAGCGCGCGCGGTGGTCGTGTTGCCCATAACGAACATCGTGGAAGAAGAGGGCACGCTGACGAACCTGCGGGGACGCGTCCAGCGCTTCCTGCAGGCCAAGGCCGCACCCGGTGTGGCGCGTCCCACGTGGTACGTGCTCGCTGACCTGCTTGCCGCGGTCGGTGGCGACGGACGCTTCTTTATGCCGGCCGAGGTGTTCGCGGCCCTTGCTGCCACACATGCGTCATTCGCCGGATTGGACTATGAGGCCCTCGGACTTCGCGGACTCCCCCTGGTCGAGTCGGGCACGCCGGCCGACACCGCCGAGGTGACGGCGTGATCAGTCCTTCGCTCGTGCCGTTGCTCGATGTCGTGAGCTGGTTTCCGACGGCCGATCCGCAGCAGCAGCCGAAGGCGATCGGCACGTATGTACTCGCCAGCGCCATCAAGATCGTCGTGGTGTTCGGACTGTACATGCTTGGCGTAGCGCTGTTGACGCTCGCTGAGCGTAAGCTCGCGGCGTGGTTTCAGGATCGGCGTGGTCCGAACCGGGCAGGGCCAGGCGGCATCCTGCAGCCCGTCGCTGACGGCATCAAGAATTTCATGAAGGAAGAAACGAACCCGGCCGCTGCCGATCGCTGGCTCTTTCTCATTGCGCCCGCGCTGGCCTTCATTCCTGCGATGCTCACATGGGCGGTGCTGCCGATCGCCTCCTCGCTGCCGACGCCGTGGGGGCTCATCGATATGGCCGTCGCTCCGCTGCCCGTCGGATTTCTTTTCACGCTCGCCATCTCGTCGCTTGGCGTGTACGGCATCGTGCTCGCCGGCTGGTCGTCGAACAACAAGTACGCGCTGCTAGGCGGACTGCGCTCGAGCGCGCAGATGATTTCGTACGAAATCGCGATGGGCATGTCGACGATCCCGGTCATCCTGCTCGCCGGCAACGTGTCGCTCACCACCATCGTGCAGCAGCAGTCGCACATGGGCTGGAACGTGCTGTCACTCACCGTGGCGTGGTTCACGTTTCTGGTGGCGGCGTTCGCCGAGACGAACCGCTTGCCGTTCGACTTGCCGGAAGCGGAGTCCGAGTTGGTGGCCGGATACCATACCGAGTACAGCGGCATGAAGTTTTCGATGTTCTTCATCGCCGAGTATGCGAACATGGCGACCGTGAGCGGTCTCACAGCCACGTTGTTCTTCGGTGGCTGGGACATCCCGTTTACCCAGTGGGACAATGTCGGCGCCTACAGCGCGCTGAAGACGCTGGCTACCATGTCGATGTTCGCGATTAAGACCGGTTTCTTCCTGTTCGTCTTCATGTGGGTGCGCTGGACGGTCCCGCGCTTCCGCTACGATCAGCTCATGTCGCTCGGCTGGAGTGTGATGCTGCCGATCGCCCTGGGTTACATCGTGGTGATCGCGGCCGCCACGTTGGGCCTCGATATGCTCGGCGTCGCTCGCGGACCGATGTTCTCGCTGGCGCTGCTCGGCATGAACATCGTGATCATCGCCGTACTGCTCGCCTGGCTCGATAAGGGCAAGTTGATCAGTCCGTCGAGCGCGCGCGTTGGTCCGACCGATCTCGAGCGATTGCGCGCGCGTGGGCTCGATCTGTCGCGTCGCCAGCTCGCTTCGCAGCGAGCGCCGGTGAGCGCGCCCGCGTTGTCGGCGTCGCTGACGGCGCTGCCCGTTGCAACCACGTTGATCGCTGAAGGAGGCGACTGATGGCCATTGGTGTGAAGGTCATGAATCGGCCTCTTGAGCGCGTGAGTTACGTGCGGGCGACGCTGAAAGGCATGGCCACCACGCTCAAGCACCTTGTGGATCCCCACAAGGTCACGATGCAGTACCCCGAGACGAA
CP053085.1_gap39	1379863	1381948	2085	CGGGAGAGGCGGAGCAGGAGATGCTGCACGAGGCGCCCGCTATCATGACCGCACCGGTGCTGGTGCTCGGTGCCCTGACGGTGATCGGCGGCTGGCTCAATCTTCCGGCTCTTATCCCGCTCGGCCCGGTCGGCATTCTTGAACGCTGGCTCGAGCCGGTGACTGGAAGCAGTGCCACCCGGCTGGCGGGTACCGGCCATCTCGACCATCGAACGGAGACGTTGCTGGTCGCGGTGGCCACCACGGTCGCTGTGGTCGGTATCGCGATTGCGCTACTGCGCTACCGAAAGCCGATCGCCGACAAGGCGCACTCGCCGGTTGATGACAGCCTCCTCGCGCGTGCGTACCACGTGGATGGATTGGTGGACGCGATCATCGTGCGACCGATTTCCGCATTCGCCAATGTGGTGCTCACGCGAGGCGTGGAAACGGGCGTGGATCGCACGTTCAGCGCCGGCGGATCGATGTTGTCGCGAACCGCAGCCCTCGTGGGCAGCAAGTTGCAGGATGGAGACGTGGGAAAATACGCCTGGCTGTTGGCCGCCGGTGCGCTCGCGATTCTGGCTGCCCTCACCCTGAGCTGACCGATGCGCGATTTTCTTCTCTCAATCGGCGCCTCGCAGTGGGTGCTGCCGGCCATGCTGCTCTGGCCCATGGCGGCGGCGTTACTGGTGCGCTTCGGTGGGCGCGACATGTCGCGCAACGAGGACGGCACTGAAGCGCCGAGTGGCGGGCCGGACGCCCGCACACTCACGCTCGCTGCGCTGTCCATCGAAGCGCTGCTCAGCCTCGTGCTGTGGGCGACCTACGATCCGTCCACGACAGGATGGCAGGCGCGCGTAGACCTGCCGTGGCTGACCGACATCGGTGCCACCATCAGTCTTGGCGTCGATGGACTCTCGCTGCCCATGGTCGTCATGACGGCGATCGTCCTGCCGCTCGCGTTGCTCGGGTCGTGGAACAACGTACGCGTGCGCACGCCGGCGTTCGGCGCCCTCGCGCTGTTGCTCACCACAGGACTGATCGGCGTGTTCGTTACGCTCGACCTCCTCGCCTTCTATCTCGCGTGGGAGCTGATGTTGATTCCCACGTATTTCCTCATCGGCGTCTGGGGCGCGGCGGGGCAATCGCGTGCCGGCCTGCGGTATGTGCTGTTCACGCTGGTCGGCTCGCTGCTGATGCTGGTGGCGATACTGGCCCTGTGGACGTTGGGCGGTGGCACGTCGTTCCATATCGATCAGCTCATGGGACTCGCGCTCACCCCGCGCGCACAGCTGTGGATGTTCGGCGCGTTCTTCCTCGCATTCGCGGTGAAATCGGCGCTGGTGCCGTTCCACACATGGTTGCCGGATGCGCAAGGTGCTGCGCCGACCTTTGCCGCCGTCACCCTCGGCATCAAAGTCGGCGCCTACGCCATCCTTCGATTTGCCATTCCGCTCTTTCCCGCCGCCGCCATGGAACCGACGGTGCGTGGAACGATCCTGGTGCTGTCGGTGATCGCGATTGTCTATGGCGCGCTGCTCGCCATGTCGCAGCGCGACATGAAGCGCATGGTGTCGTACAGCTCGATCAGCCACCTCGGCTTCATCATGCTCGGCTGCTTCGCTCTCACGCAGCAGGCTGTGCAAGGGGCTGTACTGAGCATCGTCAATAGCGGTATCTCCACTACGGCGCTCTTCCTGCTGGTCGGCATGCTCGAGGACCGTCGCGGCACCACCGACATGACGGGCTTCGGTGGAATCGCCCGAGTCGTCCCCATGTTCAGCGTCATGCTGACGCTGGTGATGCTGTCCACCATCGGCTTGCCCGGCACCAACGGATTCGTCGGCGAGTTCCTCGTGCTGATCGGCACGTACGCGGAGCGCCCGGTACTCGCAGTGATTGCGACCAGCGGCGTGATCTTCGCGGCGGCGTACGGTCTTCGAGCGCTGCAGCGCGTCCTGTTCGAACGGATCGACACCGCCAAGAATGGAGCGCTGACCGACTTCACCGGCCGCGAGCGCGTGGTGATGGCGGCGTTCGCCATCGCGATCATCTACCTCGGCGTGTCGCCGCAGCCGATGCTGCAGCGTATCGAGGGCGCCT
CP053085.1_gap40	1386801	1391394	4593	ACGTGGATAACACGGCTGCCGTCGCTGTTCGCGACGCCGGGCGAATTACCTCCGGCACTCGTGGCGCAGCTACCGCCGGCAAGTGAGAGCGCCGTGGCGCAGATCAAGACGTTTGCGCGCTTTGGCTCCCGACTCGAGGGAACGGTGCTCCGACAGCTGCCGGATAGTGCGCTGGTCGGCGGCACCCCACCGCCGCACTGGATCGGCAACGACAGCGAACGACTGGTCGCGTGGAGCGTGCCGCTCCTTGATGGGGGGGACCAGATCGGCGGTGTCGTGACCGTGAGCGGCGGTATCTCTCGGCAGACCTGGTGGGACTCGACCACGGTCCCCCGGCAGCGGTGGCGAGCGGTGACCGAGCGAATGCAGGCGGCGCTCGACAGCGCTCGCAACACGATGCCGGACGGCACCCGCCGTGAACCGCGTATTCGCGCCGGGCGGGTCACCACGGTGATGACGCCGACCGGACCGCTACTGGTGCAGCCTCTGCTCTGGAATCGCGCGGAAGGCAGCGCCATCATCGCCCGCCTCGTGGCCTCCGACGGCGTGCGCCTCGGAGTCGGCAGCACATTGGTCGAAGCATTGGGACGGATGGGCGATATCCCGATGCCGCTGGCGCCGACGGCAGGCTCAGGAGACGAGGGCGGGTCGTCGGATGCGGCCCGCCGCTGGTACTCCGCCATGCGCGAAGCACTTCGACGTGGCGATTGGGCAAAGTTCGGTGCAGCGTTTGATAGTCTGGGCCGCGTATTGGAACGACCGCCGCAATGAACGCGGCCGTGGTGGGCATCGCCGGTTCACGGTGCCTGGCACGTACGGGCGCGCTTCGCGCGACAGGCGGGCTGCTGTCGTCGGACACGACCACCTAGCATTGAACCGCTGACATTCCTCGATTCGGAGAACGCGTGAACCTACACGAGTATCAGGCGAAAGAGCTGTTGCGGGCGGCCGGCGTGCCGATCCCGCCCGGCGAGATCGCTACGACGCCGGAACAGGCGGAAGCCATCGCGCAGCGCTATGGCGCAGCGGTGATGGTGAAGGCGCAGGTGCATGCTGGTGGCCGCGGTAAGGCCGGCGGCGTGAAGTTCTGCCCGACGCCAGAAGCGGCGAAGGAGAAAGCGACTGCCATTCTCGGTATGACGATCAAGGATCTCGTCGTCGAGAAGGTCCTCGTGACCGTTGCGGCCGACATCGGCTCTGAAGCGTACGTCGGTATCATCGTCGACCGGGCGACCAAGAAGCCGGTGTTCATGGTGAGCGCGGCCGGCGGTATCGACATCGAAGAAGTGGCGGCCAGCACGCCGGAGCTGATCCTGTATCACCCGGTCGACACACGGTATGGCCTGTTGTCGTTCGAGGCGATGCGCATGGGCTTCTTCCTGTTCAAGGACGTCAAGCTCGCGCGTCAGGCCGCGAAGATCATGCAGCAGCTGTACACGGCGTTCATGAACGCCGGCTGCTCGCTCGCTGAGATCAATCCGCTCGTGCTGACGCCGACGGGCGAACTGATTGCGGTCGACGGCAAGATGGTCATCGATGACAACGAGCTCGATCGCCGCCCCGATATCGCCGCGTTGCGCGACGAATCGTCAGAAGCGCCGAGCGAAGTCGATGCGCGCAATTCGAACCTCACGTTCATCAAGCTCGATGGAAACGTCGGCTGCGTCGTGAACGGCGCCGGCCTGGCCATGGCCACGATGGACTTGGTGAAGCACTACGGCGGTGATCCGGCCAACTTCCTCGACATTGGCGGTTCGTCGAACCCGGAGAAGGTCGTGAACGCGCTGCGCATCATCACGTCCGATCCGAACGTGAAGTGCATTCTGTTCAACATTTTCGGCGGCATTACGCGCACCGATGACGTGGCCAACGGCATCGTCACGGCGACCAAGGCGAATCCGCTCAAGGTGCCTATCGTGATCCGTCTCACCGGCACCAACGAGGAGATTGCCGTGAAGATCCTGCAGGACAACGGCTTCTCGGCGTCGAACGACATGGATGCCGCCGTGCAGCGTGCGGTGGAACTTGCGACGAAGGGAGGTGCCGCGTGAGCATCTTCATCGACAACGGCACCAAGCTGATCGTGCAGGGCATCACGGGCCGTGACGGCTCGTTCCATGCCAAACAGATGATCGAGTACGGCACACAGGTCGTGGCCGGTGTGACACCGGGCAAGGGTGGTCAGACGTTCGAAGGCACCGTGCCCATCTTCGATACGGTCTATGACGCCGTGCAGGCTACCGGCGCGAACACCTCCGTCATCTATGTGCCGCCGATGTTCGCGGCCGATGCGATGATGGAAGCGGCGGCGGCGGGCGTGAAGCTCATCGTCTGCATCACCGAAGGCGTGCCCGTGCTGGACATGACCAAGGTGTATCCGTACGTGAAGGAACACGGCGCGCGTTTGATCGGCCCGAACTGCCCGGGGCTCATCACGCCAGGCCAGTCGAAGGTCGGCATCATTCCGGGTCGTATCTGCATGCCGGGCAACGTCGGCGTCGTCAGCCGCTCCGGCACGCTGACCTACGAAATCGTCAACCAGCTCACGAAGGCCGGCATCGGCCAGAGCTCGTGCGTCGGTATCGGCGGCGATCCGATCAACGGCACGAACTTCATCGATTGCCTCGCGGCATTCGAGGCGGATCCGCAGACCAAGGCCATTGCGATGATGGGTGAGATCGGCGGCACCGACGAGCAGGAGGCTGCCGCGTTCATCAAGGCGCATATGAAGAAGCCGGTGGTCGGTTTCATTGCCGGTCAGACGGCTCCGCCGGGCCGTCGTATGGGGCACGCCGGTGCGATCATCTCTGGATCGGAAGGCACGGCTGCCGAGAAGATCGAGTCGTTCCTGGCTGCCGGGATGGGCGTGGCCCAGCGCCCGGTGGACTTCGTCGACCTGATCAAGGCGCGTCTGGCGTAATCGGGCCAGCCGTATGGTTCGGAGCGGGGTGGATCACGAGCGTCGTGATCCGCCCCGCTTTCTTGTGCGCGCCCCCCTGCGTGGCGCGCCCGCGCGGGCGCAGATTCCACCTATGCCAATCACGCCCCAACGCCTCGCCGATCTCCTCGTCGCCTCGCGCGTCATCATGCCGCTCACGGCGGGAACCGTGGCCGATGCGGCGGAAGCCCTCTGCGTATCGCTGGACGAGAGCGGGGCGCTCTCCAATGCCGACCTGCTGCGCGAGCGGATCGAGGAGGCCCGGAGCGAGGACATCGTGGGGCTCGCGGACCGCGCCTTCGTTCTGCACTACCGCACCGATGCCGTTCGGGACCTGGTGGTGTCCATCGGCGTCGCCCCCAAGGATGTAGTGCGCGTGCTCGACGACAACGAACTACAGCGGGCACGCCTCGTGGTGCTGGTGTGCGCGCCGCCGAGGCAGATGGCGCGGCATCTCCAGGTGGTCAGCGCGCTCGTCCGCGTGCTGTCCAATCCCGCGACCGTGGCCGCGGCGCTGGCCGCGGAGACCCCGGCGCAGCTGGTGGCGCTCGCCCAGTTCACCGGGAAGGAGCTTCCGGCCCAACTGACTGTCCGGGAGTTGATGTCTGAGCGTCCGCGGACCGTCGGACCCGAAGCACCGCTCCGGAGCGCCGTGCTCGAGATGCTGCGGGCCGGACTCGGCGGGCTCCCCGTGGTGGACGAATCGAACCGGGTCATCGGCATGTTGAGTGAACGTGAGCTCTTGCGGGATCTCCTGAGCCATTATCTTCCGCGCGCCGGGGGTGTCAACGCACTCCAGCCGCCAGCCGCGGCGCGGCGCACGGTGCGCGACATCATGACCCGTCAGGTCCTGTGTGTGGCGCCTGAGCAGCCGCTCGCCGAGGTGGCGTCCCTGATGCTCAACAAGGACGTCGACCGGGTACCTGTCGTGAAGGATGACCGATTAGTCGGTTTTCTCACGCGCGGGGACATCGTTCGCAAATTGATCGGATCCTGACACATGGCTGGTCGTCGCACTCTTACCATCGTCAAGCCGGACGCCTTCGCCAATGGCAAGGCCGGCCTCATCATCGCGCTGCTCGAGAAGTCGGGCTTCACCATCAAGGCAGCGCGCGTCATGCACCTCACCACTGCGCAGGCGGGTGAGTTCTATGGCGTCCACCGCGAGCGCGGCTTCTTTGGCGAGCTCGTCGAATTCATGACCAGCGGTCCGTGCATGCCGCTCGTGCTCGAGCGCGACGACGCGGTGGCCACGCTCCGCACCGTGATCGGCGCCACCGACCCGGCCGAGGCGGCTGAGGGTACGGTGCGGAAGCTGTACGCCGAATCGAAGGGACGGAACGCGATTCATGCGTCCGACTCCGACGAGAATGCCGCGATCGAAGCGGCGTTCTTCTTTGCCGGCACGGACGTCCTCGCGAGCTGAACAGCGTGATCGGCTAACTCACGGTCGGCGCGTTACTTGGACGTACCGACTCGGGTGGGAAAAGGGAGCGGGAGCCCTTGTGTCTGAGGGGCTCCCGCTCTACGTTACACGGCTATGCTGTGCTTTGACATCCGGAGTCTGGAAGCCCGTGCGGAGAGCGTGGACGGAGTGCTCGACACATCGGATCCGGTGTGGGAGGCGGACGACACGCGCCCGGCTGGTGCCGGTG
CP053085.1_gap41	1393198	1394797	1599	CGGCGAGACGCTGACGTCGCTCTCCGCCGATGCGTCGCGTATGGCCATGGCGCGCGCTGGCGTGCAGCCGGGCGAGATCGATGTCATCATCCTCGGCACTGCCTCTCCCGATCACTTACTGCCGGCAACGGCGGTCGAGATTCAAACGGCGCTCGGATGCACGCGGGCGGCGGCCTTCGACATCTCGGCCGCCTGCTCGGGCTGGCTGTACGGCGCAATCATGGGCGAGTCGCTCATCGCGAGCGGATCGGCCGACACGGTACTCGTGATCGGCGCCGAGAAGCTCAGCACGATCGTCGATTGGACCGATCGGAATACCTGCATTTTGTTTGCGGATGGCGCCGGTGCGACCGTGCTGCGCCGCAACAAGGAGCGGGGAAGTACCAAGGGCGTGCTGTCCTCGTTTATGCGCTCTGATGGCGCGCTCGCCGAACTGCTGTGGCGTCCGGCCGGCGGCGGCGCGGAGCCGTTCTCGCCCGAAGTATTCGAGCAGAAGCGGCACTATGTACGCATGGCCGGCCGAGAAGTGTTCAAGCACGCCGTGCGATCGATGGCCGAAGCCACCGATCGCGCGCTCGACAGCGCGCGCCTCACGGCGGCTGACGTCGATCTGCTCATTCCGCATCAGGCCAACGTGCGCATCATCGAGGCGACTGCCAAGCACGCCGGTATTTCGATGGACAAGGTGTTCGTCAACGTCGATCGCTTCGGCAATACGTCGGCGGCCTCGATCCCGATCGCGCTCAGCGATGCGGTAGAGCAAGGGCGCGTAAAAGACGGATCGACCGTGCTCTTCGCGGCCTTCGGTGCCGGCTTCACGTGGGGATCGCTGGTCGCTCGCTTCTGAGCGGCACGCACTCCGAACTCGATATCCGGAACGACATGGAATACGTGCTGCTGCTGCCGGGTCAGGGGTCGCAGAAGGTGGGCATGGGCAAGGATCTCGCCGACGCCTTCCCGGTCGCCCGCGAGGTGTTTGATGCGGTCGACGACGCCGTCGCGGCGTCCATCTCCACACTCGCCTTTGCAGGGCCGGCGGACGAGCTCACCCGCACTCTGAACGCCCAACCAGCACTGCTGGCGCACAGCGCCGCGGTGTGGGCCGTCGTGAAGAGTGCGATCGGCCCCCACGTGCGTGCGGCGGCTGGTCACTCGCTGGGCGAGTTCTCGGCCTACCATCTAGCCGGTGCCATCGACGTCGCCGCCGCGGCGCGCATCGTGCGACGGCGCGGCACGCTCATGTACGAGCAGGGGGTCGCCCGGCCCGGTGCCATGGCCGCGATCTTGGGCGCGCTTACATCGCCCATCGACGACATCTGCCGACAGGCCACCGCCGAGCGCGGGCTCGTCGTGCCGGCCAATTACAACAGCGATGAACAGGTCGTGATTTCCGGTGAGGTCTCCGGAGTCGCGCGCGCCATGGAGCTGGCCAAAGAAGCCGGCGCCAAGCGTTGTCTCCCGCTGCCGGTAAGCGGTGCCTTCCACTCGCCGCTCATGGAGCCGGCCGTCGCGGGACTCAGCGATGCCCTCCGTGCGGAATCGTGGAATGATCCGCAGGTGCCGGTCGTGGCCAACGTCAACGCGTCGCCCGTCACGTCG
CP053085.1_gap42	1396896	1400586	3690	GGAACTCGAGCACGCTCGGCGCCGCGGTGCGCGCATTTACGGCGAGATCGTTGGCTATCGCGCTACAGGCGATGCCTATCACCTCACGGGGCAGCCGGAAGCGCACGAGGGACTGCAGCGAGCCATGCGTGGCGCGTTGAAGGACGGTGGGCTCGCGCCCACGGATGTCGACTACATCAACGCACACGGCACGTCCACGCCGCTGAACGATCCCAACGAGTCCAAGGGCATCCAGGCGGTGTTCGGCGACCACGCGCGCGTGCTGTCGATCAGTTCCACCAAGTCGGCCACCGGACACATGCTCGGCGCGGCTGGCTCGGTGGAGTTCATCGCCTGCGCCCTGGCGATGCGCGACAGCATGGTTCCACCCACGATTAACTACGCGACTCCGGATCCTGAGTGCGTTCTCGACTACACGCCGAACACGCCGCGGGCGCGGGCGGTAAATGTCGCGATTTCGAACAGCTCGGGTTTCGGCGGTCATAACGTCTCGATTGCACTCCGACGGTGGCACGACTAGGCCGGTCGGGGCGTTCATCGAGGTGAAGGTCTGCGCGAATGGTTCGCGCACTTGCCCGAGTACGCCCTGATGCCTGTCTCTATTCCGTTCGATCTCGATCGACTCCGCGATCCCGCGCTGCGCCCTATCGGGGAGAAGCTGCGCGCTGGTGAGCGTCTGTCCATCGCCGATGGAGTCACCCTGTTCCGCTCGCCCGATCTGCTGGGTGTGGGCGCCATGGCCGACGCGGCCAACCGTGCCCGTCACGGTGACCGCGTCACGTTCGCGTCGAATCAGCACATCAACCCCACCAACGTCTGCGTGCTGCGCAAGACGTGCGTGTTCTGCGGGTATGCGCGACTGCCCAAGGAAGAGGGGGCCTATCGGTACAGCATCGAGCAGGTGCTCGCCGAATCTGATCGCGCCGACGGTTCGATCACCCGGGAGTTCCACATCGTCGGCGGCCTCGATATGGAGGCGGGCCTCGAGTACTACCAGACGATGTTCCGTGCGCTCAAGGAGCGGCACCCGCAGGTGCACATCAAGGCGCTCACCGCCGTCGAGATCGCGCACATCGCGCGTATCGAGAAGATGAGCCGCGAAGACGTGCTGATCGCGTTGCGTGAGGCTGGCCTCGACACGATGCCGGGCGGCGGCGCGGAGACGTTCAGTGCCGCTGTCCGCGACGTGATCGCGGATAAGAAGCTCGGCGGGGCCGACTACATCGACGTGCATCGCACCGCGCACAAGCTCGGTATCCGCTCGAACTGCACGATGTTGTACGGGCACGTGGAAACGATCGAGGATCGCATGCAGCACCTCAACATGCTGCGTGAACTGCAGGATGAGACCGGCGGCTTTCTCGCCTACATCCCGCTCGCGTACCACCCCGACGATAATGAACTCGGGAAGACGCTTGGCCGCGAAGGCACCTCCACCACCGGCTTCGACGATCTGCGTAACCTCGCGGTTGGGCGACTCTTCCTCGACAACTTCGAGCACATCAAGTCGCACTGGATCATGGTGTCGACGCCGGTGTCTCAGATCTCTCTGCATTTCGGCGTAAACGATATCGAGGGCACCGTCGTGCGCGAGAAGATCTATCACGCGGTCGGCGCGCACACGCCCCAGGGCATGACGCTGCCGCAGTTGCTCGGACTCATTCGCGGCGCGGGCAAGGTTCCGGCCGAACGTGACTCGTTCTATCGCGTGCTGCGCGAGTTCGAGCCCGACGACACCGGCGCGACAGACGCGTCGACCGAGCCGCTCGCTGGCGCGGTGGGCTGAGCGAGATGCTGCGCGTCGGGCGCATCCCGTATATCAACTGCTTCCCCGTCTACGGCGCGATCGATCGTGGGATCGTGCCGCTCGACGGGAGTCTGATCACGGGCATCCCCACCGTGCTCAACCGGTTGATGGCCGACGGCGAGCTCGATGTGAGCGTGGTGTCCGCCGTTGAATATGCGCGCGATGCGAAGCGCTATCTGCTGCTGCCGGAGCTCGGTATCACGAGCGACGGCCCGGTGCGAAGCGTGATGCTGTTCAGCAAGCGTCCGCCTGCGGAGCTCGGTGGACGCAAAGTGATCGTGAGTCGAAGCTCCATGACATCCGTCGCACTGCTTGAGCTGTTGTTCGAGAACGTGTGGCGTTGCCGCCCCGAGTTCGTGCTTGGCGACGCCGAGTTGGTGGATGTCGAGCGCTTCGAAGATGAGCCGCATGAGGCGCGCTTGGTCATCGGGGACGCCGCGCTCAAGCTCTTCGATCAGGCAAATCGTGGCGGCGCGTGGGCCGTGCGCTATCCGTTTCGCGAGGATCTGGGCGGTGTGTGGAAATCGTGGACCGGACTCCCATTCGTCTTTGCCGTCTGGGTCGCGCAGCGTCGCGCACCGGTGCATGAGGCGCTCTCCGCGCACGCATCCTTGATCGCATCGCGCGACTGGGGTCTGACACACATCGATCAGCTGTCGGCGCAGGCGGCCCTGGCTACCGGCGTGTCGCGCGAAGTCTGTGCCGAGTACTTCTCGGGACTGGATTACCGCTTGTCGTACCCGCACCTCGCGGGTCTCACCGAATTCTTCCGTCGACTCGTACTGGCTGGGCGCGTGCCTGATGGCACGCTCGCCTTTCTGCCGGCTGCATGATCGACTTCCTGTGTGCTGCCGGTCGCAAGAGAATCATCTATGCGTGACCTTCTCGATTTCTATACCAACGCTCCGTTGCTCGAACTCGGCATGGAAGCCGATCGCGTGCGTCAGGCGAAGCATCCTCATGGCGTGGTCACATACATCGTCGACCGCAACATCAACTACACGAACGTCTGTGTGGCAGACTGCGGATTCTGCGCCTTTTATCGTCGGCCGAAGAACGGGGAAGGGTACACCCTGTCCTTCGAGCAGATCGGCGAGAAGATCGAGGAAACCAAGGCGCTCGGCGGTGTGCAGATCCTGATTCAGGGCGGGCATAATCCGTACATCCCGTTCGAGTGGTATCTGGACCTGATGCGCTACATCAAGCAGCATCATCCGATTCACATCCACGGGTTCTCGCCCAGCGAAGTCGATTTCTTCGCGACGCGTTTCCGGATGGAGGCGCGCGACGTGATTCGCGAGCTCAAGGCCGCCGGTCTCGATTCGATTCCCGGCGGTGGTGGTGAGATCCTCGTGCAGCGCGTCCGTGACATCGTGGCGCCCAAGAAGGCGGGCGCCGACCGCTGGCTCGAGATCATGGAGCTCGCGCACAACGAGGGCATGAAGACCTCGGTGACGATGATGTACGGCATCGGGGAAACACTCGCCGAGCGCATCGAGCATCTGCAGCGCGTGCGCGATCTGCAGGCGCGTACCGGCGGCTTCACGGCCTTCATCACGTGGCCGCTGCAGCCGGAGAACACGCCGTCGATGTCGCACATGCCCAAGACCGACGCGGTCACGTACCTGCGGACGGTGGCGATGTCCCGCATCGTGCTCGACAACGTGCCGAATCTGCAGTCGAGCTGGGTCACGATGGGTATGAAGGTCGGGCAGATGGCGCTCAACTACGGCTGCAACGATTTTGGCTCGCTGATGATCGAGGAGAATGTCGTCTCTGCGGCCAACACCACACATCGCACGACGGTCGAGGAGCTCGATCGCTTGATCCGTGACGCCGGTTTCACGCCGGCCCGGCGCCGCCAGGACTACACGCTGATTGCC
CP053085.1_gap43	1401610	1404957	3347	TGGTATGCGTCCTGGCCTTTCGCGCTGGTGCGAATGCCGACGCCCTGCTGGCGCGGATCGCGGCACAGCAACGGACGGTCGGCCTGGTCGCTGCGGCGATCGTCGTCCTGGCCATCGCGGTCATCTGGTGGCGACGGCGGAGCAGTCGACCGTGACGGCTTCTGTACCGACCCCCTCGCCTGAAGAGCAGTCCCTGCGTCGAGGATTCCACCTCCTCGCGTTCGAGGATGCGCTTGCCCTCGAGGAAAGGGCGTCGCCGCGCACGATCGAAGCCTATCGTCGTGACGTGATACGTTGTGCGGCGTTCATGCGCGAGCAGGGCATCACCAAAGCGACCGAGATCACGCCAGGATCGCTGCGTGAATTCGTGTACCACTTGAAGGATCTCGGGCTCGCCGGCACGTCGATCCGCCGGAACATCTCGGCGTTGCGCACCTGGTTCCGCATCATGCTGGCCGAAGGACTGGTAACGCACGACCCGACCGAGCGACTCGACACGCCGGCGCGATTCCGGACGCTGCCGGAAGTGCTCACTGTCGAGGACGTCTTGAAGCTCCTGGCCGCGCCCGGCCTCGACGAGCGGCTTGCGTTCCGGGACCGCGCGATGCTCGAGTTGGCCTATGGCGCCGGCCTCCGCGTGTCCGAATGGATCGGGCTGGCGCTCAAGGACGTCCTGCTCGACGAGGGCTTGGTGCGCGTGCTGGGTAAGGGCAGCAAGGAGCGCCTCGTGCCCATCGGCCGCTCCGCGATCGGTGCCGTTGCGGTGTACGTCCGTGAACTGCGTCCGGTGCTGGAGCGCGGCGAAGGAAAGGGCGTCCTGTTTCTCAACGGACAAGGGAAGCCGCTCACCCGGATGGGCGCGTGGAAAATCCTCCGCAAGTACGTCACGATGGCCGGTATCGAGAAGCCTGTGTCCCCGCACACGCTGCGGCACTCCTTCGCGACCCACCTGCTGGAGGGGGGGGCCGATCTCCGCGCGGTGCAGGAGATGCTCGGCCATGCCGATATCGCCACGACCCAGATCTACACGCACGTGGATCGCGAGTATCTTCGAAGTGTGCACCGCCAGTTCCACCCGCGTCCCTGACCTCGACGTCCATGCTGCTCGTCATCGACAACTACGATTCGTTCACGTACAACCTCGTGCAATACTTCGGCGAGCTCGGCGAAACGCTCGAGGTGCACCGCAACGACGCACTCACGGTCGATCAGGTGGGCGACATGGCACCCGATGCCATCGTCGTTTCGCCCGGGCCCTGCTCGCCGCGCGAGGCGGGTATCTCGGTTGACGTGATCCGTCGTTACGGCGGCGAGATTCCGCTGCTCGGTGTATGCCTCGGACACCAGGCGATCGGCGAGGCATACGGTGGTGTCGTCAAGCGGGCCAACCGGGTCATGCACGGCAAGATGTCGAAGCTCGTACACGACGGGACCCGTCTCTTTGCCGGCATTCCATCGCCTGTCGGCGTGATGCGCTATCACTCCCTCATCGTCGAGCGCGTGACGCTGCCGGCCGAGTTGCAAGTGACCGCCGTCGCGGTCGACGACGCGACCGAAATTCATGCCCTGCAGCATCGCACGCATCCCGTCTGGGGCGTACAGTTTCATCCCGAGTCGATTCTCACCGAGCACGGTCGCGACCTGCTGGTGAATTTCCTCGCGATGTCGCGCGCGTTCCGGGCGGCGTCGGTCTAAGGCGCGTCGGCCTTGGCGGCGGCCTGCTCGGTCGATTCCTTCGGCGTGATCACCAGGGACAGCAGCACACTGCCCACGAGCAGCGTCCCGACGACGCCAAGTGAGATACCGATGCTCAGCGGCCAGATCTCCGAGAGGAGCATCTTCGTGCCGACGAAGGCAAGCACGAGCGCCAAGCCGTACTTGAGGAGATGAAACTTGCCGATCACGCCGGCAAGCACGAAGTAGAGCGACCTCAGGCCAAGAATCGCGAACACATTCGACGTGTACACGAGAAATGGATTCCGCGTGACGCCGAAAATGGCGGGAATGGAATCGACCGCGAACACCACATCGGTGGTTTCGACGAGCGCGAGCACTACGAAGAGGGGCGTCGCGACCAGCCTGGCTGCCTTCCCGTCGATGCGCTCGCGCACGAAGAAGTGCTCACCATGGAACTTCGTGGTGATCGGGAGAAAGCGCCGCACGACTCGGATGACGGGGTTCGACTCCGGCTCGATCTCGCTCTCACCACCGAAGGCCATCTTCGCCCCCGTGTACACCAGGAACGCGCCGAACACGTAGATGATCCAGTGGAACTGGGCGATGAGGACGGCGCCCGCGCCGATCATGGCCCCGCGCATGAAGAGCGCGCCAATGATGCCCCAGAAGAGCACGCGGTGCTGCAGCTCAGCGGGAATGCGGAAGTAGCCGAAGATCAGGATGAACACGAACAGGTTGTCCACGGACAGCGCCTGCTCGATCAGGTATCCGGCGAAGAACTCCAGCATCGACGGGCGGCCCAGCGACGACCCGATCCAGAGCCCGAAGCCCACGGCTAGGGAGATCCAGACCGCGCTCCATCCCAGAGCCTCTCGGACGCTCACCGCGTGCGCCTTCCGGTTGAATACGCCGAGGTCGATCGCCAGCAGGGCGAGCACCATTGCGTTGAACGCGATCCACCACCAGGTCGTCGGCATGCAGGGAACGAAAGAGTGAAACGACGACCTGTTTGCCTTCAGGCGCCAAACTGCGTATCTTAACTGGCGTGAAATTTGCTGCAACCACGCCCAGTCCAACAGGACAATGTCAGTACTCGCGGTGATCCCGGCGCGCCTTGGCGCGACCCGCCTTCCCCGCAAGCCGCTTCGCCTCCTCGCCGGCGAGCCGCTCATCGTCCGGGTCTTCGAGCGTGTCGCCGCGCTCGCCGTCGCCGACCAGATCATCGTGGCTACGGACCACCCTGAGGTCCTCGCCGCCTGCGAATCGCGTGGCATCCCCGTGGTCATGACGCGGGACGACCATCCGAGTGGCACCGACCGGGTGGCCGAAGTCGCCGCCCGGCCGGAATTCGCCCAATTCACGGTGGTGCTGAACGTCCAGGGCGACGAGCCGTTCGTGTCGCGTGCAGCGTTGGCCGGCGCCGTCTCGATCGTAACCGACGGTCGGGCGCCGATCGGGACGGCGGCAGTCCCCATTCCGGTGTCGTCGATCTCCAAACCCGACATCGTGAAAGTCGTGCGTGGCGATGACGGCCTCGCCCTCTATTTTTCGCGAGCACCTATTCCGTACTTGCGCGACCCGGCCGACGCCGGGGCGCAGCAGGCGCTGGCCCGTCAGCACGTCGGTGTGTACGCGTACACGCGCGAAGCCCTGCGGTCGTGGGTCGGCTG
CP053085.1_gap44	1461120	1463194	2074	CCTTGCCGAAGAAATATCCCACACGACGGTCCTGCTCGGAATACTGCCACGGAATGAGTTCGTCAAATACGCGGATCACTTCGTCGCACACCCGGGGGACGGCCGCGAGCGGGATGGTGTAGAGGAAGTCGTCACCACCGATGTGGCCGACGAAGCCGTCCTCGACACACAGGCCCTTCACCACGTCGTGGAGAATCCGCGCCAGCAGCCGGATCACCTGGTCACCGTGATGGTAGCCGTAACGGTCGTTGAATTCCTTGAAGTGGTCCAGGTCGGCGTAGCAGGCCGCAAATTTCTCCCCGGACGCCACGCGCCGGCTCAGTTCCGCTTCGATTTCCCGCGTGCCTGGTAGCCGGGTGGACGGATGGACGTCGGTGTCGCGATCGCTGCGTCGCAGCATGGCTGACAGTCGCGCCGTCGCCTCCTGATCGCTGACGTCGGCACGAAGCACCTCGTCCGCATCAGCGTCGAACGCCTCGGCGAAGCGTCCCGCCGAGACGATCACAAGTACCGGGACGATCGCGGTGTAGGCATCGCGCTTGAGGCGACGGCACGTGCCGACCGCGAGCGCCTCCCAGTCGGCATCGCCACGCGCGTCGATCAGGATGAGTCTGGGACGCGACTTCATCGCCTGGGGGCAGACGCCCGCGGCATCGGCGGTCTGCTGCAGAGGAATGCCTGACGATACCCACCACGCGGTCAACCACGACGGTTCATCCTGACCGAGGGTCAGGTGAACCGCGACGTGCTCGTTGAAGCCGGGTGTGGTCATCGTCGAAGCGTGGATCGGGAGTGAGGGTGGGCGGAAGCCCCTCGGAGCGAGCGGAAGTGTGGAACCTCGCTCAAGAAAGGACGATCACCTCATCCCGTTCGCCACGATGTGTCGGCGGTCACATCAACCGTCACAAAACGAAGATGACGGCGGGCCCCGAGCCGAAAAGGCTGTCTAGCGGCGCTCGGGGACGAGACGAATGGCGGTTCGCAGCTGACGCCGCCCATCGCGAGGGTCACCCACCGGTTCGACGACGGTGTGAATGCTCTCCATGCTCATTCCGACCACGCCGGCGCCCCCAAAGCGTCGCACGCGGACGCTGACATACGCGTCGATCAGGCTGACCAAGTGATTGGCCCCGATCAGTCCGACGTAGTTCACCGCGCGCTGTACACTCCGGTTCGCGCTGGCAATGGTTTGTGCGTAGACATCTCGCTGGAGCTGCGCGTCGCGCCAGCTCCACTGAAACGCGGCCGGCACCGCCCGCGACTGGTAGAACGCGAGCGCTCGCTGGTACTCCGCACTGCCGACGGCAGGTGCGACGGCCGGATTGAGCCAGTACGTTTCGCGCGCCAGCAGCCAACGCGCCCCATTGTAGGTCGATTCGTCGGTTTCGGGATCAATGCTACCACCGGGAATACGATCGAAGGCACCGCTCTCGAGGTACTTCTCCATCGACTCGTAATAGTCCCAGCTGCCGCGCGGGCGCTCGCCCCCGAACGGCTGTCTGGCGACCTCAAATGCCAAGGCGCGATACGCATCGCGATCCCGATTGGCGTCCCGTCGCGCGCGGACCTGCTGCAGGATGAGATAGCCTTCGGCCACGAGATAACCCACGCTGCGCTGCTGTCCCATCGCGAACTGACCGGCACCGGGCACCACACCCGAGAGGACCGGCGCCCACCACGGCGCTCGAGCTCCCGAGGCCGGACGCCAGGCCTGACTGACGGCGGCGGGAATGGCGGCGCTGTCCGCGCGTGCCGTCGGTGGCGCCACGGCCACGCGGAGGGCCACCGGTGTCCCGCCTTGCGCCAGCGCGACGGATGCGGTGAGGCACACATACAGACCGCTCGCCGCGATGCGGATTCGGCGACGCATCAGAAGCGGGCCCGCAGCGAAATGTACGTGGGTGGCTCTCCGAGCTGCGACGATGCCGCATCGAACCGACGAGCAAGATCGAGCGCAAAGCCACCACGTTGAAAGCCGAAGCCGATGGACGGCCCCTTGGCGTCGCCAGGCTGCAGCTTGTAGCCCCCGCGAAGGAACGCGACATCCCGATACCCCAGAACGACACCAACTCCA
CP053085.1_gap45	1471456	1475337	3881	TCTTCCGATACGAGTCGCGAAACGTGCACAAAGTGCGCGCGCACCGCGTCGACCTGCAGCAATGCGGTGAACGCACGGCCGCGATGACTGACACGCGCTTTCGCGTCTCGTGCAACCTCCGCGAACGTCGCCCCCAGATCATCGGACAGAAAGTACGGATCATATCCGAACCCGCCGGTGCCGCGCGGCGCAGCGAGCAGCGTACCTGACGTCTCTCCACGCACCACGGCCTCGCGCCAGTGCGTGCCGTCGCGCCACACGCACGCCGCCGCGCACACATACCGCGCCCGCCGTGACGATGGCGCTGACGGTGAGGTGTCACCGACGGTTTCCGCCTGCGCGACGCGCAGCGCCTCCTGCAGGAACGCGTTGTTGGCCGCATCGAGGGCAACGCCCGCGAGGTCCGTCCGACCAGACCATCGCTTGCTGTAAACGCCCGGCCGTCCGCCCAACGCGTCCACCGCGAGCCCTGAGTCGTCGGCCAGCACGATCGCGCCCGTGAGCTGCGCGAAGTAGCGGGCCTTCGCCAACGCGTTCGCTTCGAAGGTGTCGAACACTTCGAGCGCATCCTCATCCGGCGATTCCGGCAGGCCGAGATCGGCCAGCGTGATGACCGTCAGATCGACGACCGCCATGAGCGGCACCAGTTCTTTCAGCTTCCCTGCACTGCGCGTCGCGAGGACGAGGCGCGTGTCGAGTACACCGTCGCCCACCGACGACGGCGACGGCGTTGCCGAGCTCACCGTGGCTGCGGGAACGGCTCGCCCAGCACGAGTAGCTGCATCGCATCGAGGCGCTCGATACCGCGAACCGCGATCGACAGCAGCGCGTCCAGTTGCTCCCGCGCAAACGTGCCGTGCTCACCCGTGCCCTGTACCTCGACGAAGCGACCTTCGCTGCTCATCACCACGTTCATATCGACGCCGGCACGCACGTCTTCCTCGTAGTCGAGATCCAGACGCGGTTGATCGTCCACGAGGCCGATGCTGATGGCCGCCACGCGTCGGCGCACGGGAGAGGCCGGAATACGACCAGTCTGCACCATCCACGTGAACGCATCCTGCACCGCCACACAGGCGCCGGTTATCGCCGCCGTCCGCGTGCCGCCATCGGCCTGCAGAACATCGCAGTCGACCTTCACCGTGAACTCGCCAAACCGGAAGTCATCGAGCATCGCACGGACGCTGCGGCCCACGAGACGCTGAATCTCCTGCGTGCGTCCCCCGACCTGCTGCCGTTCACGCGACGAGCGCGTCTTGGTCGCACGCGGCAACATCGAGTACTCGGCCGTCACCCAACCTTCCCCCGACCCACGGCGCCAACCGGGCACGCCGGTCTCCACGGACGCCGCACACAACACGCGCGTTTCGCCAAAGGACACCAGGCACGAGCCTTCCGCGTAGGGCACGGCCCCACGCTCCAAGCGAACCGATCGCATTTCGTCGTTGGCGCGTCCAACCCGCGCGGCAAGCAGCGGGCGCTCGTCACTCGTTGCATCTGTTCCGTTCACGGCAGCGTCAGCCACGCAATTTCTCGATGGTAGAAGTGGTGGAGTGTCCGTCGACGAGCGGAATGACCACCACGCGTCCACCGCGCTCGGTCACGAGATCCGCGCCAACGATTGTTTCCGGCGAATAGTCCCCGCCCTTCACGATGACGTCGGGCTCGAGGGTTCGCACGAGTTCGATCGGGGTGTCGTCTTCGAAGAGCACAACGGCGTCGACCGCCTCGAGTCCCGCCAACACGATGGCGCGCTCGCTCGACGTACGAATCGGACGCTCATCGCCTTTGAGGCGCTTCACCGAGGCGTCGCTGTTGACGCCGACGATCAACGCCGCGCCCTCGCGACGCGCACGGTCGAGCACGTCGACGTGGCCCGGATGCAGTAGGTCGAACACGCCGTTGGTGAAGACGACGGCGCCGCGAACGGTGCGCCGCCAGCTGGCGGCTGCCTCGAGCGTCATGACTTTCGACGACGGGAACCGAGGGGCATCGCGCGTCACCATTGCGATTGCACTCCTTCCACAAGGTCAGAGATCAGGCTTTCGAGCGCGTTCTTGCGTCCCGCGGCCTCGCCACCTTCCGCGTACTGTCCCTCACGCTGCAGCCCCTTCTTGGTCAGGAGCGTGCGACCCGTGGTCTGATCGATGATCTCGACATCGAGCACGACGATGAGCCGTCGCCGCGTCGACGTGGTCTGTCGGCCATCGGCGCTGACACCGGCCGGCAAGTCGACGTCGTACTTCACCAGTGTACCGCGTACGACGACATCAGCTCGGGCCACCGGTGCTTCGCGCAGGTTCAGGCGATCGCGCAGCGCAGCGCGCAGCTGCTCGAAGACTTCGCGCTGCAACTCGGGCACGGCCGTTTGGTTGTCGAACGGCTCGATGGCGACGGTCTTCAGCTGTTTGGGGAGTCCGCCGCCGCCAGAGAACCCGTAGCAGCCTCCCACCAGCGACGCCGCCAGCAGCAGAGCCACCGCACTCCGCGCGGCGCGTGCGATCCTACGGACGGCGCCATATGGCGTCATCGAATGCCTCGACAGTCGTGGTATCGGTCACGGCAATGGCCAGACGCCGCTTGCCTCGTTCATGAACATACTGCAGTTGCCACTGGCCGTTGGCTCCACGTCGACGCGACATCCACTCGATGACCTTGCCGTCTTCAATGCGTTCGACCCGGGCTAGAGTGGTGCCGCCGAAGGCGAGACGCCAGGCCCGCCCGTCGGCCCCAGAGGCATCGCGCCCCCTCAACACGCCGAGATCGGCACGCAGCGTATCGCCGTCGACGCGGGCGGTCGTGTCCGGGACCGGCGGCAACGCCAAGCGCCCCAGGCTCGACCACAGGAGCGGCACCGGCGGCAGGAGGCGCTTCACCAGATCGACCCCCGGCACGAACAACGAGTCGCCAAGCAGGATCGCGTACCCGCCGGCCATGCCGTTCTTGAGGAAGAAGTCGAGTCGGGCCCGGTCCGGTGCCTGCGCCCGAACGGCTCCGTCACCGTTCGCTTCGAACGTTTCGTCCTTGTAGGTCCAGGTGAAGCGGAGAATCTGGGACCCGGCCGCCATGTTCGTCGGTGGCAGGATGGCTCGCGTCGGCGAGCCGACGAGGGGACGCGCGGCGGGAGCACACGCGACGAGTAACGTCGAGACGACGGCGATCGCCGCGGTGGCGGTCCGGGAGCAAATCGCGAAACGGACTCGTTCGGCCATGATTGCGTGTAGTCGAAGCGTGGGGCGGATCACCGAATGCGGATGCGCACCATGCGATCACCTTGCACGATGCGATCCATGACGTCGAAGCCGGAGAGCACCGTTCCGAACACCGTGTACGCGCCGTCGAGATGCGGCTGGCTGGCGTGGCAGAGGTAATACTGGCTTCCGCCGGTATCGGGCCCGGACGTCGCAAGCCCAAGACAGCCGCGCTCGTGACGTTGGCGGGAAAAGCTCTCTCGAAGGGTGAATCCTGCCCCACCGGTACCGTCACCACGCGCGTCGCCGTCCTGCACCACGAAGTTGGGTACCACGCGATGAAAGACGGCGTTCCGGTAGAAGCCCTCCTGGGCCAACCGGACGAACGCCTCGACGACCAAGGGTGCTTCGCGTCCGAAGAGTTGCAGCGTGACGACGCCGTAGTCCGTCTCGATCACGGCCACGGGCTGACGGCTACCAGCGGCGCCCCACTGGCGGACCAGACGCTCGTACTCCACCAGTGGTCGCGCCACGAGCGAATCCGGCGTGGCGCGTCGCGGCGCGCGTACCGCCGTATCCCGCGGTGCGAGGAGCCGCTGTCCAATGACGCGGACGATCGAATCCCGATCGGCGCTGGCCCGTTCAGCGAGTACGCGAACGCGTGCCGCCAAGCTACCGTCGGAAATGTTC
CP053085.1_gap46	1580375	1582538	2163	GCTTGAAGCGCAATCGTCTTAACATGACCTATGTTCATGCTGTCAGCTTTCTTCTCCCAGAGCGTAACGAACAAACGCTCCTTTTTTAGCAGGGCCATCATAAAGTCTTGGGGATCGTTCCAAATGCTTCCGGTTTGGAGAACGTTGTGTTCCTCACTTGGCTTCCCGTATTTCTCGCTGACGCCATCTTCAAGCGACTTGAATGATCCCATAAGGACCGTGCCGTGTGCATCTGATTCAATATTGCGACCGACCGCAATGATCTTGCACAGTCCAGCTGACCCAAACATGAGGGTATAGGACACAAACGCATCGTGAGTGCGAGGAACCTTCTCAACCGTGAAGAATCCCTGCTCGATCATGCTCCAACCAGATGTCGCCGCTTTCGCCGCCTGCTCGGACATGCCCATGCTGAGACCGAAAGGGCCATCTCGCACTGGCACTTCCGTCGCTGCCTGTTTCACGGGTTGGGCAGAGTTCTCGTCATTTTTAGTGGATGTATCCCCGTTACTACACCCACTCAGCTGGCCCACGATCAATCCCAGAACTGCGGTGCTAATCAGCTTTCGTCGCATGTTCACGTGACTCCTCCCTCTGATCCAATCTCGGGTCTTGGAACGATCCCGCAAGCCTTGGAAATTGGCCGGAGATTTGAGGTTCGTCAGCATTGATTGAGATATTTTCGTGGAACAGAAACTTCGATCAGGGTCGGTCTAATCTACGGACCACGCGCAGACCGCGGGAGGCCTTCCGGAGGGCGGTGCCAATCTGTATATGCATGCGGAGTTTCTGTGCCCCCATAGGGCTGCATTTACTCAGCGACTGACAGCTAAATCACAAGAGGCTGCAAAGACATTATGAGCTACGACATAGGTGCGATTGGAAAGGTGGAAGTTGTGGTTGATGGCCGCTGGACTTTGGAGGATCTGGCAACGTTCTCGAGCCATCTTAGCGAAACGTACGGGTTCGTTCTCTCGCTGAGTCTCGACAGCGAAGTGAAGCAATTCGGAGCGGCATATTCACGGTATCCGTTTGCGGGCGGGTGGAGCTACTACGATTTCTTCCGCGATCTGAATTTAATCATTGGTCCTGAGCGTCAGATTTCTGTTCGCAAGATTCAGTACGCCTCTCTCGGCGTCATTGAACTTACTGGGGCCACGGAACCGCTGAGGCAGGCATTAACGATAGCATTTCAGCTGGGTGTTACCGGCGTTGCCGTTCAGCGCCTGAGCGCCATCGTGCGCTCGATAAGCGGCACTATTAGACAGGTCCGCATAGACTGGGCGGCAGGAACAGACGCGGCCACGAACGCCGAGCGCAATAAAGTACAGCTACTACGCGATGCTTCCGCAACTCTAGGAGCAGAACTTGGCTTCTCGGAGGAACAAAGGCAGACTCTCTCACGACTCACTAACGATAGTCCGCTCTTGGCGGTGAAGCTGCTTCTTGCGGTGGCTCGACGTGCACTGAAGGCTCAGCGGATGCATTCTACAGGAAAGGTGGTGAAGGTAGATGTTGTAGATCGGACGACGCCTGTTGAAACGGAGCCGCCAGTCTAAGGAACGCTCTTGTCAATTGTTCACTTGATCGGGCTTGGGACTACCCATTCGACATCGAAATCTCTCGACAATCAGAAGAACAGCTCTTGGCAGCCGTCAGGCGCTTCTTCAATGCGTCGATCTCGACCTCCAAAGCTTCAAACGCAAAGAGAGATCATGGAAATCACGAATTGCCGTCCTTAGAAACGATTGCACTAGCCCGCCCGCCTGACGCGGCTTTTCATATCTTTACTTCACGACAAATCCTCGAGCTAGACAGGGTAGCTCCAACGCTCCAGCGCTCTGCAGCCTCCTGAAGCATCCCCAAAGGCATTAATGGCGTGCAGGGCGATAGGGATGAGAAGGGCGTCCGTGACCAGTTGTACCATAAAGACGCTACCCGATGACGCACCAATGACGCGAGATCGTACGCTGTAGCCATGATCAACGAACCGAGAATCATCGCCTCGCTGGACCTCGCTGATGGATTGCCGCCAATCGTCTGCAACAGTGTGCCAGAGGCCCAATTCCTCTCCGACGTATGGAGAGCCTATCATGGGGATGAAAAGGCGCTCAGACGCCTGATAGACCAGCCTAGGCCCCGTCACTCGTCCCAAGCCGCTTC
CP053085.1_gap47	1777164	1780715	3551	CATTATGCTTACTCCGCTGCTGCTGGCTGTCGGACTTCCCGTCGAAGGCGTGGGCATCCTGATCGCGGTCGATGCGATTCCCGACACGATCGCGACGGTGCTGAATGTGACGGGGAATTTAGTGGCCACGGTGTTGGTGGCACGGCGCACCCGGGCGTGACTGGTGGAACGCCACGTTGCGCAGCCATCTTTCCCACTCCCGCCCGGCCCCACCACCGCACCGCCCGCCATGACCCGTCGTCTCCTGTCTCTGGCCGCCCTCGTGATCGTCACGGGCTGCGCGGCGTCCGCGAAGCCTATGCCGGCGACCACGCCGGCAACAGCGGCCGCCAACACGCTCACCGACGCCGAGAAGAAGGCCGGGTGGAAGCTGCTGTTCGACGGGACATCCCTGGCCGCGTGGCGCGGATACCAGCAGACGGACTTACCGCCCGAATGGATGGCGGTGAACGGCACGATGACCAAGGTGAAGACCACCAACGACATCGTCACCCGTGAGCAGTATGGCGACTTCGAGCTCACACTCGACTGGAAGCTGCCGCTGCGCGGTAACTCAGGCATCTTCTATCGCGCCACCGAGAAGGAAGCCAAGGTGTACTGGAGTGCACCGGAGTATCAGCTGGCGGAAGACTCACTCACGCCCGACAGCCGCAACATCATGACGTCCGTGGCCGCGGTGTACGGCTTCTATCCGTCCAAGCGCGGCGTAGTGCATCGCGCCGGTGAGTGGAACAGCACCCGTATCGTCGCCAAGGGTGCACACGTCGAGCACTGGCTCAACGGCCAGCTCATCGCGCAGTACGAAATGTGGTCGCCCGAGTGGCTGCTGAAACTGCGCGGCGACCCGAACGACGCCACCAAGAAGCCGCTCAAGTTTGCACCGTACGCCGACTGGGGCATGGCGAAGAAGGGCTTTCTCGCCATTCAAGGCGATCACAACGGCGAGCTCTCCATGCGGAACATCAAGATCCGCGAGTTGAAGTAGGGCGCAGCATGCCGCGGACTCGCACGTTAGCGCCGCTGTTCGGACTGGTCTTGACCGGCGGCGCGAGTTCGCGGATGGGGCGCGACAAGGCGACGATCGCCTACCATGGTACGCCCCAGTGGCGGCACGTCGCGGACATGCTGCGAGCCTGCGGCGCCGACCCGTACTGGTCGTGCACCGCGCAGCAGGGTGACGCGTGGTTGCTCGGTGATCGTGCGATAGTCGACGCCGTGCCCGGACATGGCCCGGCCAGCGGACTCCATGCCGCCTTCTCTGCCGCCTTCTCTCGAGACGACGATGCGGCGTGGCTCGTGATCGGCTGCGACTATCCGTGGCTCGACGCGTACGATGTGCAGCGGCTCGTGGATGCCCGCGCCGAGGATGTCGAGGCGATCAGCTACCTGAATCCGGGGTCGCAGGAAATCGAACCGATGATCGCGCTGTGGGAGCCCGCCGCGCAGCAGCGCTTTCTGCAGGCGTTCGATCGCGGCGAGCGAAGTGCACGCCGCATCCTGCGCACGTGCGCACTTCGGCTACTCGACCCGCCCACACCGCGGGCCCTCGAGAATCGCAACGCGGATCTCGCCGATACCGTCGGCGACTAGCGCTCGCACCGGCGCAGCGGCCTTCCTACGCCGTAGCGTCCACCGGAAAGTACAGCTCGAACCGGGTGCCGTGTCCGAGTGTCGACTCGCAGTGAATCAGTCCGGCATGCTGTTGCACGACGCGCGACACCACGGCGAGGCCAAGCCCTGTACCGATCGCCTTGGTGGAAAACAGCGGATCATAAATGTTCGGCAGGACATCGGCCGGAATGCCAGCGCCGTTGTCGCTCACAGAGACACGGGCAAACCGACCGGTCCGCGCCCACGGCTGCGCCTTCACGAAGTCCTCGTTCAGTACGCATTCCTGCACGCCGATGGTGATCACACCGGCGTCTCCCACCGCCTCGCGCGCGTTGATCAGCAGGTTGGCCAACGCCTGCTCGATCTGGACCGGGTCGCCCATCACCGGTGGCGCGTCCCCGAGTTCCCGCGTCAGTGTCACGTTCGCTGGCATCGACGAATACACGAGTCGCACCGTACCGGCAACGCGCGCCTGCAGATCGACGCGCGCGCGATTCGCGGACTGTGCCCGTCCCAGCGAGAGCAACTGCTGCACGACATCGCTGGCGCGTTGCGTGGCGTGCATGGCCGCGTCGACGAGCCCGTGGTCGGTGTCGGTCGATGACAACTCCAGCAAGCCGAGATTGGCCTGCGCCACCGTGAGATAGTTGTTCAGATCGTGCGCAACGCCGGCGGCCAACACGCCCATCAATTCCACGCGCTGCAGCGATTCGAGGTGTCGCTCCAGGCGCTGACGACGCTCGGCATCCTGTCGTTGCGCATCGAGGAGCGACATTCGCGTGATGGCGCCGGCAAGCTGCGTCGCGAGAATCACGAGCGCTTCAACTTCGTCATCGTTGGGTGCCAGCACACCCTCGTCACCGAAGGTGCCCACGCCGAGTGCGCCGACCACCACCGGTCCCAGCACCATGGGCACGTTCAGGATGGTGCGATTGCCGAGCGCGGTAACGACGTCTTTGTTGGTGCGCGGATCATCGGCGGCTTCGAGCACCAGCACAGGCGCTTTGCCCTCGATGAGCTCGTGCAGCATCGCGTCACCGGCGATCGCGACCTTCGGGCACCGCTCCCACACCAGTTCCTGCATGCTGCCTTCCACCTGCACCACACGGAAGTGCGCCGGATCCGACGGTTCGACCAGCGCCAACCACGCGGTCCGGTAGCGCGTCTCGCTCCGGACCGCGTTCCACGTCAGCGCCACCAGCTCACTCAGCGTGGTGGCGCGCTGAAGGGTGCTCGCGTGACGCAACACTGCAGTGAGATTGATCGCCACGCGTGCACCGCTCCGTGAAAGGATCCCCGCAGAGCAATCGACATCACCGCGCGTGTCAGGTCAAGCAAACTTCATGTACCGGACGCGGAGTCAGTTCCTGGAGAGCTGCCGGTCGAGGATTCCGCGCACGTGCATGGGATCGCCCGTCAGTTCACCGAGTTCCCATAGGCCAAAGAGATCGAGCGGCTCGCCGCGACCTATTGCGGCCTCCAGGTGCTCGGCCACAAAGAGCGTCTCGGCGAGCGGATGACGGTCGCCAGGGCGATCGCGGCGATCGCGGCGATCGCGGCGATCGCGGCGATCGACGATGATCAGCAAGCCGACATCGTGCAGCAGCGCAATGGCGAATGCCTCCTCTCCATCAGCGGCGAAGGCCGGCGCGATCGCGCGAGCCATCGGCCCGGTGTTCACCATCCGCTGCCACGCGGTGGCGAGCATGGCGTCGTACGGAGCACCGGGCTTGCTCAGCAGTCCATCCACCGACGCGGCCACGACCACCGCCCGGGTACCCGCGAGTCCGATCCGGTCGATCGCGGCGTCTACCGACAGAATGGGCGAAAGACCGGCGCTATTGGCGGTGCTATTGGCTTGACGCAGGAGCCCCTGCACCAGCGACGGATCTTGACTGAGTCGCTCGACCAGCTGCCGACGCGGGACGTTCTCCTGTTCG
CP053085.1_gap48	1794432	1796877	2445	AGTGGCCCGTATCGGAACTGTCGATACACGCGACCTGCGTCGCGGCGATGGCGTCGTATCGGCAGAAACTCGAAGAACGCCTGCTTCGCGCGCTCGGCCAGCACGCGAACCCGCTTTTCGGTGTAGCGTGGATCATTCTCGAGTACGAGATCGTGAAACCAGTTGTCGACGACCTCGTGATCATCCCACTGGGCGATCATCGGCACACTTGCGCCGAACTGTCGGGCGTTCGCATCGAGCAGGTTGTACGCGAAGGCGCCGCGATACTCCTCGAGCGTTTCGGCCACCTTGCGCTTGCCATCGACCACGAGGTTTCGCCACATGGTGCCGTCGTCGAGCGGTACTTCGGGCAGTAGCGGTTGATCGGCGTAAATGTTGTCTCCGGAATGCACGAAAACATCGGGCTCGGCGCGGCGCAACGCGTCGTACATACGAATACCACCGCGCGACTCATCGATGCCCCATCCCTGCCCCACCATATCTCCCGACCACGCCACACGCACTCGGTGCCCGCCACGCGCAGACGGGTGTGGCGCCGTCCGCAGATGTCCAATGATCGGCTCACTAAACACGCGGGGCGCACGCTCACTCTCGTACCGCACCCGGTACCAGATGTCCTGACCAGCCGGAAGGGCGGTCAGGTCGAGGTGCGTGGTGTACGCCGACTCGGCGACCGCCACGGGACTGCGCAGGCGCCGCACATTCGTGAAGCGCTCGCTCGTGTCCCACTCCACGTGCAGTCGCGCTGCGCGATCGGTGCGCGACCACAGTATCGCGCGATCGGATAACGGGTCGCCGGACTGCACCCCATTCACCATGACTGGCCGCTGTCGCGCGCTGGGTACGATCGCCGGTGCACCATCAGTCGGAAGCCACAGTCTGGTGTCGGGAACAAACATGGCCGCGCCCGCGGCCAACGTGCCCTGTACGAACCGGCGGCGGGACAAAGGCGTTTCAGACATGTACCAGGCGATGATGAGTACGGTTGGTCATGAGTACCCTGAAAGATCGCTCCGTGCACTCCATACGGCACTTAGGAGGGGCGCTCACCCCCCAACTAGATTGCCCCGCGTTGCAGAAGCACCATATCATCACCGTGGAGTAACGGATGCTCGTCGAAATCTGGTCGGATATTGCCTGTCCGTGGTGTTACGTGGGAAAGCGTCGGTTCGAGGCCGCACTGGCAGGCTTCGCGCACCGGGACGCGGTCACCGTGACGTGGCGTAGCTTCGAACTCGATCCACGGGCGCCGCGGCAACATGATGTGTCCCAACCGGAGTTGCTGGCGCGCAAGTACGGCATGTCGGTAGCGGACGCGCAGGCGATGAACGCGCGCATGACCGAGGCCGCCGCGGGCGAAGGCCTCGCCTTCCGGCTCGACGACGTGAAGGTCGGCAACACGTTCGACGCCCACCGCCTTTTGCACTTTGCCGATACGTTCGGTAAACGTGAAGTCCTCGGCGAGCGTCTCTTTGCCGCGTATCTCGGTGAGGGCGCCGCGCTGGGCGATATCGAGGCACTGGTGGCGCTCGCCGGCGACGTCGGCCTCGATCCGGAAGCGGTGCGGGCAGTATTGAGCGGCGAGGAGTACGCCACCGCCGTGCGCGAGGACGAGGCGGACGCGCAGGAGATCGGCGTGACCGGCGTGCCGTTTTTCGTGCTGGACCGACGCTACGGCATTTCGGGTGCACAGGGCCATGAAGTCTTGCGCGGCGCGCTCGAACAGGCGTGGACGGAGCGCACGCCCTGACGCTGCGACCTCCTCCGTACTTTACCGAAGTCCATTGCGCCGTGGGGCTGCTTACGTTGGACTGCGATGCTGCGCGTCGCGGTGTCGCGATCTGAGACGCTGGGAACTATCACGTGGGGTTCAGGGAATGGATCTGCCGCAACAGCTCGTCGCCGGACAAGGGCTCACGACCACGAAGGCGCCGTACATCGAGCAAGCCGTCGCCAACGGCGAGATGTACATCACGCAGCCGTACGAGCTGTATTCCGCGGACAATCACGACGCCTGGCGCCGGCTGTACGCGCGCATGCAGGACCGTTGGGCGCGCTATGCAAATCCGCGCTTTCTGGACGGGCTTGATACCCTCTGCTTCGACGCAACGCAGGTGCCGCGTCTGGAAGACGTCAACAAGTTCATGGCGCCCCGCACCGGATTCCGTGCGAAGGCGGTGAGCGGCTTCGTGCCGGCGTTCAACTTTTTCGATTGCCTCAGCCGCCGCGAGTTTCCCACCACGATCACGATTCGGGATGGCGCGTCACTCGACTACCTGCCTGAGCCCGACATCTTTCACGACATTGCCGGTCATGTGCCGATGCACACCGACCCGGCGTTCGCCGAAACATTGGTGCGATTCGGGGCCTGTGCTCATCTCGCCGCCGAGTTGGTCAGCACGGTGCCCGATCGCACCGAGAAGTTGCGGCGACTCACCAGCATTC
CP053085.1_gap49	1960996	1965980	4984	GCACCGGATCGACAGCTCGCCGCCGTCGGGCATCGCGTCGCTCGCATTCACCGCAAGATTCATCAGCACCTGATCGAATAGCGCCGGATCGACGCGCACGCGACCGGCGTCGCCGGCGATGTCGAGCTGGAGACTGATCCGCTCGCGCAGCAGTCGACGAATCAGCGGAATCGCGCGGTCGATGATCGCCGTCACCTCCACCGTTCGCGGCGCCATCACATGCCGACGCGCGAAGCCCAGCAGCTGACGACTGAGCGCCGCACCAGATTCGGCCGCCGCGCGGATCTGTCCTGCACTGATCGCCACGTCGCCTCCCGGTTCCGCGTCGAACTCCAGCAGACTCGCTTCACCGATGATCGTGGTGAGCACGTTGTTGAAGTCGTGCGCGATGCCGCCGGCAAGTTGTCCGACGCTCTCGATGCGCTGCACCTGACGCAATTCGTCTTCCAACCGGCGACGATCGGTCACGTCGATGAAGACACCGTTCCAGATGGTCGAACCGTCTGTACCGCGCTGCGGCAGCGCCTGCCCGCTGAGCCATCGCCACTGCCCGTCGTTCTTGCGGTCGATCACGCGGAAATCGTAGGCCCACGGGGTCAGGTCGCGCTGCGAGCGGAAGGTCGAATCCATCACGCCCGGCAGGTCGTCGGGGTGCACACGATTCCAGGCTATCGTGGGCGAGCGCATGATCGACTCCACATCCGCGCCGATCGCGCGCTCCGCGAGTTGGCTGATGTAGGGAAACGATTCGTGTCCCTCGGCCGTGCGCAGGTACTGGTACACGATACCCGGCATCACGGAGGTAATCTGGTCGAGACGCTGATCGCGCGCCCGAAGCTCACGTTCCGCCACGATGACGTCGGTGATGTCGGTGACGCCGAAGACGACCGCCTCGATGCCGCCGTTCTGCTCGAACAGCGGTGCCCCGTTGATCGACAGCACCTTGCGTCGCCCGTCGGGCCACTCGATACCGTGACGCACGTCGAACACCGGCTCCCCGGTGCGCAATACCTGCGCGAACGGCTGGCGGTCGTCCGGAAAGGGCAAGCCGTCGAGATCGGTGTGGCGCCACTCGGGCGCATCGAATCGGCGGCCCTGCAGGTCGCTTGCCTGCAAACCGAGCACTTCTTCGGCGCGTGCGTTCGCGAAGATGATCGCGCCGGCGATGTCCACCACGATCACGCCCGCGATGCTGGTGGCCAAAATGCCCTCCAGCAGATCTCGCTCAGCGCGCTGCTGGGCATGAAATTCCTGCGTGGTCGCGTACAACTCCTGCACCCGGGACAGCGCGTTGGCGAGGCGGGCTTCCCGCTCGAGGGTATGCAGCTTGCTGCTGCGCAGCCGTCCCCCGAAGAACGCGCTGGTCAATGTCAGCACGTAGTACACCGCCAGGCGGTAGCCGTCCGGGCCCAGCACGATCGCCTGCGCGTAGTCGGTATCCAGCAACGTGAGCGTGGCCGCACCCCATCCAGCCAGCAGCAGCGGGCCCACGCCGCCGGGCACCATCAGCACCATGGTGAAGCCGGCGAGGAAAGGGAACAGCACGCCGAACTTGTGATAGGCGATCAGCACCAACGCGGCGCCACCTACCGCAGCGAACACCGCCAGCGTGTACCAACGCGCCCGGGCCCTGGTGCTGGTCATCGACTCGCGGAGCGCGGCCGCAGCGGCCAGATGCTCCCCCGTCGACCCCAAGGTTTCACCGATCGGAGCGCTGTCGGGATCGATCGCCTTTGGAGAGGGTGACGGCATCCGTGGAGCTTACGCGCCACGACTCGCGACAGCCAGTGTGCCGGGATCGAGATATTTGCGGGTGCCCGCTAGTGCGCGCGCCGTTTGCAGACGACAATTTCCGCCATGCAGATCGGGATTGACCTGGGTGGAACCAAGATCGAAGGCATCGCGCTCGACGCGACGGGCCAGGAACTCGGGCGACGGCGCGTCGCCACGCCGCCCGACTATGGCGACACGGTCGAAGCGATCCGCTCGCTGGTCACGGCCCTTGAATCCGCCACGGGACGACGTGGGACGGTCGGCGTCGGCATTCCTGGCGCCGTTGTCCCGGATACCGGCCTGGTCAAGAATGCGAATTCCGTCTGGTTGATCGGTCAGCCGCTGGGCGCCGACCTCGCGCTCGCGCTGCAGCGCGAGGTGCGGATCGACAACGATGCGAACTGCTTCGCCCTTTCGGAGGCGAGCGATGGTGCCGCGGCGGGTGCCGAGGTGGTCTTCGGGGTCATCATGGGCACAGGCGTCGGCGGCGGCATTATCGTGCGCGGACACGGCCTTACGGGACCCAACCTCATTGCCGGCGAGTGGGGCCATAATCCGCTGCCGTGGCCGCAACCCGACGAGCTGCCGGGCCCGCCCTGCTACTGCGGCAAACAGGGCTGCATCGAGAGTTGGATCGCTGGACCGAGCGTCGCCGCGGATCATCGGCGCGTCACTGGTGAATCGCTGACCACGCCCGACATCGTCGCGGCGGCCGAAGCCGGACAGGCAGCCGCGCTGGCCACCCGCGCGCGCTTCATCAACCGCGCGGCGCGCGGACTCGCGACCGTGATCAACCTGCTCGATCCCGATGTGATCGTGCTCGGCGGAGGGATGTCGAACGTACCTCGCCTGGCCGATGACATCACGGCACAACTCCCGGCGTTCGTCTTTTCCGACCACGTGCGCACTGCGGTCGTGCGCAATCGGCACGGCGACTCGAGCGGCGTGCGCGGCGCGGCGTGGCTATGGCCCGCGTCATAGCGGCACTGCTCGCGCTGCTGCTTCTGGCGGTCGCCATCTGGGCGACACGCGAGTACGTGCGGGGCTACGCACGGCGCGCCGGTCGTCGCACGGTGATGCGCGCACGGGTGCGAATCGATCGCTACAAACTCACGCGGAAGGCGTATGTGATCGACGCGCTGCTCGCCGACGACGCCATCGCCGCCGCGGTGCGGGCGCATGTGGCGGACACCAACGACAGCGAAGCAGACACCTGGCGTCGCGTGCGGCGCTATCTCGACGAGATCGTCCCGTTCTTCAACATTCTCGCCTACTACCGACTCGGCTACTGGGTGAGTCGCGCCGCGCTCGGGTTGTTCTACAAGGTGTCGGTCGAGTACGAGCGTCCCGACCCATTCCGCGGTGTGCCGCGGAACTCGGTCGTGATTTATCTCATGAACCATCGTTCGAACGCCGACTACGTGCTGGTGGCATACGTCATGATGGGCGCGGTGTCGATCTCCTACGCGGTCGGCGAATGGGCGCGCGCGTTTCCACTGGAAGTGCTGTTCAAGAGCTTCGGGTCGTACTTCATCCGTCGCCGCTATCGCGAGCCGTTGTATCACGCCGTGTTGCAGTCGTACGTGCAGTTGATCACGCGCAACAGCGTGACGCAGGGCATCTTTCCCGAAGGCGGACTCACGCGCGATGGGGCGCTGCGCCCCGCGAAGATCGGCCTGCTCGACTATGCGCTGGGCGTGGCGCGTGATCCCGACGTGCGACCGCGCATGTACGTGGTGCCGGTGGGCATCAATTACGACCGCGTGATCGAGGACCGCACATTGCTGCGAGAGCTCGAGACCAAGCGGCAGGTGCCCGCCCGCGACCGGGTCGCGCAAGCCGCCGACGTGGGGCGCTTCGTCCTCTGGAATCTGGGCCGCCTGCTCACCCGCCGCTGGCGACGTTATGGGCGGGCGGCCGTGACCATCGGCACCCCGGTGTCGGTCGATGCCTGGCTGACCAGCCTCGAGACAGAGGGCGTGTCGCTCTTCGACGCACCGCGGGCCGATCGCTTGCCCAAGGTGCAGCAGTTTTGTGATGACGTGCTGCAGCGGATCGGCGCCATCATCCCCGTGACGCCGGTTCCGCTGGCCTGTGCCGCCCTGGCCAGCTTCGACGCCGATTACGTGACGCGGGCGGCGCTGCTGGAGCGCATGTCAGCCATGCGCGACGTGCTCAGGGAGTTCAACTCCCGGGTGCTGCAGGCCGACCGGGACATCGAGGAGACCTTCGACCGAGCGTATCGGATGCTCCGGATGCGGCGCGTGATCGCCCGGACGGGCGCCGGATTTCTGATTCTGCCCAAGGGGCGGCCGTTGATCAGCTACTACGCCAACAGCATCGTCCATCTGTTGGGCCCCTTTGGCGAGGGAATGCGGGCCCGGGAAGCGCTCCCGCTGCACGACTGGGAGCGGGACGCGCTTGTCCGCGGTCCGGTGGCGGGATAGCATACGAGCGTTGGTAGCAATGCCTGCACCCCTGTTCGCAGATGGCCTATCGTATAACGGTTATTACCCCGGCCTTTGAAGCCGGTGATCTCGGTTCGATCCCGAGTGGGCCTATCCAAACGCAAAACGACGGGGGAGCGGATGCACCGCTCCCCCGTCGTTTTGCCTTTCCCGCGCTCATTTCACCGCGACGGGAAGTCGCCGGGCTCGGCGCGACCCTTAGAACGAGTAGCGTACTCCCAGCTGCATCTGGTACCGATTCCCGGACTTGATCGTGCGCCCGAAATTCGGATTCACGCGATACCGGTACTCGCGGGACGCCTGATCGAAGGCGATCACATTGAGCAGCGTCTGGTTGGCGCCCGGCACGGCGCGAACCGCGCCCCAATCGTGATTCAGCAGCGCGGCGGCATTGAATACATCGAGCGTGAGCTCCGCCCGCTGCCCACGAATCGTCGGCAGCTTCTGTGTGAAGCGAACGTCGACTTGCGTCACAAAGGGATTCCGAATCGCGTTACGCTCGGCGATCTGGCCAAGCGTCGACCCCAGGTAGCTCGACGCGATGTTCTGCGGGCTCGCGTATACCAAGCGCAGCGAGTCAGCAAAGCCGGCGCGTAGGCCCGGCGCGGCGGGGTCGAACACGAAGGCGAGATCGTTCTGGTTGGCGAACGAGCTGCCGGCTCCGACGTCGTCGCCGTTGATGTCCTGCGCCACCGTGGCCGACCACGGTGAGCCCGACTGTCCGATAACGCGAGCGCTGAACT
CP053085.1_gap50	2058083	2061455	3372	CGATTGCTGCGACTCTCGATTCCCGCGCGTAACCTCGAGGCCCTCCGAGACGACGTGCCGCGCTGACGCGGTCGACTCGCGTGGCCAGCCTTCGTCTGGACTCCGTGGTCTTATTCGCTGAAACCATCCCGGCTCGGGGTGCGTACGCCCCCCTGTCTATGTCCTCCACCCGCTTCGTCCCCATGAGAATTCACGCATTCGCGCTCGCGCTCGGCCTGGCTGCAGTCGGGACCGTTCCGGCGCTCGCCGCGGCGCAGACCGCCCCTGCTCCGGGGGCTGTCATCACGTTGACAGACGCCCTCGCACTCGCGCGCCGGAATAATCCTGCGCTGCAGACCTCCACCAATGCCCGACGCACGGCGGCAGCCGCCGTCCGCAGCGCGAAAGGCGCGTTCCTGCCCAGTGTGAATTCGAGCTTGGGCGGCGGCTATCGCGAAGGACGTCAGACCTTTTTCCAGGGTCAGGCATTCGGTTCCACGAACGATCAGCTGTCCACCGACGCGGCGGTCAGCGCCAACCTGCAGCTCTCGCTCGCCACGCTGAACGACAAGCGCGCAGCACAGGCCAATCAGAACGCGACCGAAGCCGACATCGCCGCCGCCGAGCAGCGGGTCCGCAACGAAGTCACCAATCAGTATCTCACGGCGCTGCAGGCGCAGGCCCGCGCCGCCCTCCAGGATACGTTGCAGGCCACCACACAGACGCAGTTGCAGTTGGCCCGCGCGCGTCTCCAGGTCGGTTCCGGCACGCAGCTCGACGTGCAGCGCGCCGAAGTGGCCGATGGACAGCAGCGCGTGGCCTCGCTGAACGCGCGCAATCAGGCGGCCATCGAGATCGTGCGGCTCTTCCAGGCGATCGGCATCGATGCCGCGCCCGACGCAAAGCTCGACGCCAACCTCGCGGCCCCGCCGGCGATCGATCTCGCCGCCATTCTCGAAATGGCGCGTCGCACCAATCCGGCGCTCGGCTCGTTCCGCGCCCGTGAAGAGTCGGCCCGCCGCTCGCAGGCGTCGGCGCGCAGCGCGTACTTTCCGTCGCTCTCGCTGTCGGCCAACGTCTCGGCCTTCACGAACCGCTTCACCAATACGGGACTGCTGATCAGCCAGAGCCAGGCCAGCACGCTCGGCGCCAAAGCCTCGTGCATTCGCAGTGAGGAAGTGCGCGATCGCCTCGGCCTCACGAACAATCTGGCCCAGTGTAATGCGATCACCTTCACGCCGTCGCAGGAAGACGCGATTCGCACGGCGCAGAGCAAGTACCCGCTCGACTTCACGCGCAATCCGTACTCGCTGTCGGCGTCGTTCTCGCTGCCGATCTTCAACGGCTGGCGTCGCGAGCAGCAGGTCGAGCAGGCCAGTGTGCAGCGCCGCAATGCGCAGAATGATGTGCGCGGACAGGAGCTGCGCGTCACGGCCGACGTGACGTCGGCGTACCTCTCGCTGAGCACGGCCCGGCAAACCGTCGTGCTGCAGGAACAGAACGTCCGCACCGCGCGCACCGCACTCTCGCTGGCGCAGGAACGCTATCGCGTCGGCGCCATCAGCATCGTGGACCTCGTACAGGCCCGCGGTGACTACGAGCGCGCCGAGACCGACCGTATCACTGCTGTATACGATGTACAACGGGCATTCGCGGCGCTTGAAAATGCCGTCGGCCGTCCCATCCGCTAACAGAGACCAGTCATGACGAAAGGCGTAAAGTTCGGGATCGGCGGCGTCGTAGTGATCGCCGTTGCAGCCCTTGCAGTGATCAGCGCGAAGAAGAACAGCACGAAGCCGGTGGAAGTGCGCACCGAAGCCGTTGAAGCCCGCGACCTCGTGGCCTCCGTCACGGCCAGCGGACAGATCCAGCCGCGCACCAAGGTTGATGTGTCGGCCGACGTAACCGGCAAGATCGTGCGTCTTTCCGTGAAGGAAGGTGACATCGTGAAGAAGGGCCAGTTCCTGTTGCAGATCGACCCCGAGCAGGTCACGGCCGCCCTTCAGCGCTCCGAGGCGTTTCTCGCGTCGTCGCGTGCCCAGTCGGCGCAGTCCCGCGCGAGCCTGCTGCAGGCCCAGCGCAACTACGAGCGCTCGCTCAAGATCAAGCAGCAGTCGCCGGAACTCGTCAGCGACGAACAGCTCGAGCAGCTCAAGACGCAGGCCGACGTGAACAAGGAATTGGCGGCGGCCGCCAGCTTCAGCGTTGACCAGGCCGTGGCCTCGGTGCGCGATGCCCGCCAGGCGCTCAACCGCACCACGATCACCGCGCCGATGAGCGGCAAAATCACTCGCCTGAACGTCGAAGAAGGCGAAACGGCGATCATGGGTACGCTGAACAAGGACGCGGCGACCCTCATGACGATCAGCGATATGAGTGTGCTCGAAACGAAGGTGAAGGTCGACGAGACCGACGTCGCACGCATCAGCGTGGGTGACTCGGCCCTCATTCAGATCGACGCCTTCCCGGACACCACCTTTGTGGGCCGTGTGGTCGAAATCTCGAATAGCTCGGTCACGAAGTCGGCTGCCGCCAACACCGGCGACCAGGCGATCGACTACGAAGTCCGCGTCGAGCTCGTGAACCCGCCGCAGGACACCCGCCCCGACTTCTCGGCGACCGCGAAGATCGTGACGGCGTCGCGGACCAAGGTGCTCAGCATCCCGATCATCGCCCTGACGGTGCGTGAGAACGAGAATCTCCCGAACGGCGACTCGGCCGTGACGGTAGGCCGCCAGCCGGCGAAGGAAGTCGGCAAGCGTGACGTGGAAGGCGTGTTCGTGGTCGGTACCGACAACAAAGTCAGCTTCCGCCCCGTAAAGGTCGGAATCGCCGGAGAACGTCATTTCGAAGTGCTCGACGGACTGAAGAGCGGCGAGACCATCGTGGCCGGCACCTATCAGGCGATCCGTGAACTCAAGGACGGCGCCATGATCAAGACGGCGAAGGTGGAAGAGAAGAAGGCGCCAGCAACCGGAAAGAAGCCGTGAGCAACACTCTCGACGATATCGGACTCAGCACCACGGGGGAGCGCCAGGCGGTTACGACCGCCGCTGGTGCCGCCCCGGGACAGGACTGGGTCATCGTGACCCGTCAGCTGAAGCGACAGTACGACATGGGTGGCGAAATCGTCCGCGCACTGCGCGGCGTCGATCTCGCCATCCGGCGCAACGAATACGTAGCCATCATGGGACCCTCGGGCTCGGGCAAGTCGACGCTCATGAATCTCATCGGCTGCCTCGACACGCCGAACGAAGGTGAGTACTGGCTCAACGGCATGCTGGTGAGCACGATGACCGACGATGCGCTCGCCCGCGTGCGCAACAAGGAAATCGGATTCGTATTCCAGACCTTCAACCTCCTGCCCCGCGCCTCGGCGCTGCAGAACGTCGA
CP053085.1_gap51	2077044	2079675	2631	CTGCTCATCGCCGAAGCGATGGCCGGCGTTCGCGGGGCCGAGACGGTGGGCGACGCCTACTTCTCCTTCTATCTCATGGCGATGGGGAAAGGCCGGGCGCGCCGGGCGTCTGAGCTCCACCAGATGTTACAGGCGGCCGGATTCCGGCGCAGCCGCGAGGTCTCCACACGCTTCCCGATCCAAACGGGACTCATCGTCGCCGACGCCTGACGAATAGCCGTTTCTGCGTGGCCGGCGGTGCAACGCCGGGTGAATCCCGACAAATCCACTTCATCAACGTTGACAGCCTCTGGTGTCAACAACACGTTACACTTGTGAAGACCACTGCCGTCGTTTTCGAACAGCCTCAACAGCTATCCGTGCGCGAGCTAACCCTGGTGCCCGCCACCGAGACCGATGTGCTGGTACAGATGCGCTGGTCCGGCATCAGCACGGGTACGGAGCGGATGCTCTGGACGGGCACGATGCCGCCCTTCCCCGGCCTCGGCTATCCGCTCGTGCCGGGCTACGAAGGCGTTGGCGAGATCATCGACGCCGGCCCGGAGTCTGGTCGGGCCATCGGTGAACTGGTGTACATCGCAGGCTCGCGTGGTTTTACCGACGCGCGCGGGCTGTTCGGTGGGCAGGCCTCGCTGGTCGTCGTCCCCGGCGCCAAGACCGTGGTGCTCGACGCCGGGCTCGGTGAACAGGGCGCCTTGTTTGCGCTCGCCGCTACGGCGCACAACGCGCTCTGTGCGGTGGCTCCCGGCGTGTCACCGCGCGACGTCCCGGAACTGTTGCCGGAACTCATCGTCGGCCACGGGGCACTCGGTCGACTCATCGCACGACTGGTGGTACTGTACGGTGGCAAGCGGCCTACCGTGTGGGAGATCAACCCGGTGCGGATGGACGGCGCGCGCGGATACGATGTGATTCACCCCGATACCGACACGCGCCGCGACTATCGCACGATCTGCGAAGTGAGCGGGGCGAATGGCTTGATCGACGCGCTGGTCGCCCGCATGGCCCCCGGCGGCGAGATCTGCCTGGCGGGCTTCTATAGCGAGCCCGTGAGCTTCACCTTTCCGCCCGCGTTCATGCGACAGGCACGCTTTCGCATCGCGGCGCAGTGGAAAGAGTCCGACCTGCAGACGATTGCGGCGCTGGCCAACTCAGGAGCGCTCGCGCTCGACGGGTTGATCACGCACCGCGAAGCAGTTTCCCGTGCTGCCGACGCCTATACGACCGCGTTCGGCGATCCCCACTGCGTCAAGATGATCCTCGACTGGAGAACGGCTGCATGAGTGACAACGGTACCAGCTCCACCAACGGCGCCCTGCATCAGCTGCACTCCAGTGTGCGCGATGAAGCCGCTACCGCTCCCGACGCGGTGCACACCGGTCCGGTCACCAAGGAGACGCAGATCATCGCGATCTACGGCAAGGGCGGCATCGGCAAGAGTTTCTCGCTGGCCAATCTGTCGTACATGATGGCGCAGCAGGGGAAGAAGGTCCTGCTCATCGGCTGTGACCCGAAGAGCGATACGACGTCGCTGCTGTTCGGCGGTCGCGCCTGCCCCACCATCATCGAAGTGTCATCGCGCCTGAAGCTCGCGGGCCAGCAGGTGTCCATCAGCGACGTCTGCTTCAAGCGCGATGGTGTGTTCGCCATGGAGCTCGGCGGTCCCGAAGTGGGCCGCGGCTGTGGTGGACGCGGCATCATTCACGGCTTCGAGATTCTCGAGAAGCTCGGCTTCCACGAATGGGGCTTCGACTTCGTGCTGCTCGACTTCCTGGGTGACGTGGTGTGCGGTGGCTTCGGCTTGCCGATCGCGCGCGACATGTGCCAGAAGGTGATCGTCGTCGGCTCCAACGACCTGCAGTCGCTGTACGTCGCCAACAACGTGTGCTCGGCGGTGGAGTACTTCCGCAAGCTCGGTGGCAACGTGGGCGTGGCCGGCATTCTGATCAACAAGGACGACGGCACCGGTGAAGCCGAAGCGTTCGCGGAGAAGGCGGGCATCCCGATCCTCGCGAAGGTTCCGGCCAACGACGACATCCGCAAGAAGAGCGCGAACTACGAGATCATCGGCTTCCCAGGCGGTGAGTGGGGCCCGTTGTTCGGTGAACTCGCGCAGGCCGTCGCCGACGCGCCGCCGGTGCGTCCGAAGCCGCTCACGCAGGACGAACTGCTCGGACTGTTCGCGGCCAGTCAGGTCGGTGGCAACGTCGTGCTCGAACCGGCCACGATGTTCGACCTCGTCGGTCGTGAAGAGGTGACCAAGCCGTCGCTCGAAGTCGTGTACGACACCGTTTGATCACGAGGCTGTCATGAGCAATCACTCCAGCGGCGAAATCGTATACGACGACGCGGGCAATACGCCCACGGCGAACGATGCCGACCAGCCCACGTCACGCGTGCTGCCTGTCATCGACGGCAGCGCGATCAACACCGCCGCGACCGCCGCCGACGGACTCGGATGTCACGCCGGTGCCGACGAAATGTTGGCCGCCGCGAAAGCGGCCGGGAAGAGCGAAACGCTCGACCGCTACGCCGCCGACTACCCGAAGGGACCGCACGATCAGCCGCAGAGCATGTGCCCGGCGTTCGGGTCCTTGCGCGTCGGACTGCGTATGCGCCGCACGGCGACGA
CP053085.1_gap52	2089498	2091519	2021	GCAGCTGGAAGACGAACCGGTGGGCACCGGCGCCGAGAAGCGAGTGTTCCTCACCCGTGATCGGCAGTATGCCGTGGGCTTCTACTACGGGTCGCTGAGCGATCGCCGTGAGCGCGTCGATCGGCTCACGCGCATTCTCACGAACTACAATCCCACCCTCGCCGCCAACGGCGCCTACTGGACACCGTACTACTCGTGGCCGGTCGGCATGGTGGACGGCGAGCACGCCGTCCCCACGGACTTCGTGCGCAAGCAGCAACTGGTGTGGCCACCACTCGGTGTCGTCACGCCCACCTATCGCCCCAACTTCTACTTCGCCGATCGTTTCGGCACGAAGCAGGAGAAAGAGGTGCGTTGGTTCACCGGCGGTAAGGCATCGAAGTTCGTGCCGCAGGCCGAAGCGGGATCACTGCTCACGCGTATGCAGATTGCCGTGCGTTTGGCGCGCGCGGTGCGTCGACTGCATATGGCAGGACTCGCACACGCCGACCTGTCGAACAAGAACGTGTTGGTCGATCCCAAGGCCGGCGACGCGTGCATCATCGACATCGACTCACTCGTGGTGCCTGGTGTGGCGCCGCCATCGGTGCTCGGCACACCCGGGTACATCGCACCTGAGGTGCTGGCCAACAAGGCGCAGCCGTCGATCGCGACCGACAAGCACGCGTTGGCGGTGCTGCTCTACGAGCTGTTACTCGAACGCCACCCGCTGCAGGGCAAGAAGGTGAACAGCTCGCGGTCCGCCGAGGAAGACGAAACGCTTTCCATGGGCGCGCAGGCGCTGTTCGTGGAGCATCCCACCGATCGGCGTAATCCGTCGGTGAAAGCCATCGATGTGCCATATACGCGCCTGGGCCCGGCCTTGGCCCAATGTTTCACGCGCACGTTCGTGGATGGATTGCATGCACCTTCCAAGCGCGCGGATGCTGCCGAGTGGGAGCTGGCGTTGTATCGCACGATGCAGCGCATGCACCCGTTGCCGTCGGGCAAGTGGACGATTGTCGGTGCCGGCTTGCCGAATACGTCGTTGCGTGGCGACGAGCGACTGGCGGGCACCCCGCTGGTCGCGCAGCTCTGGCGTGACACCGATCGCGGCATGGTGGACGAGAAGGATCAGCTCGTGCTCTGGCATCACCTCATGCTGCACGACTGGCATCTGTGTCTCGGCACACTACCGGATGAGCGGGCGGATCGCACACCGCGCGGGTACGTGGCACAACACGGTGGCAAGTGGTGGCTGGTGAACACCAGCGACACGCCGTGGTATGTAGAGGGCGGCGCGGCCATTGGCCGCAATGCGTCGGTAGAGTGCGTGAGCGGGCTCGCGTTGCGTATCAGCGATGCGGTCCCGGCGCGCGTGCTGCGCTTCAGCCACGTGGGCTGATTCCGACCTCGGACTCGATCCCCTCTTCGCGTCTCATGACACCGCCTGTCCCGCCGCTTGGCTCGCCGGCCGTTCACGATTCCGACGCATTTCAGCGCGTGGGGCGCGCGCTGATCACGTGCTGGCCGCTGTGGTCGGCGGAACCGGACGTCGGCGATCGCGCCGTGCGCGTAGGGAGGCAACGCAATCGGCTACTCGACGAGACGGGCAGTGATCATCGTCCGCTGGTCGACTTGCTGCTCGACCTCGGCCACACCATCCGCCCCACGCTGCAACGCATCACGCTCACGCCACTCTCGGCATCGGCGTGGGACACGGCCCGCGCGCCGATGGTGCATCAGATCGTATCCACCCGGTATCTGCAGCCCGACGTGGCCCGTTGGGCGGTCGATGTGTGGGGGCGAGCGCTCGGTGTGTCCCCCGCACCGGCACCGACGGCGCGTTCGCTCATTGCGTCACCGCAGCTTCGGACCTCGGAGCCGGTGCCGTATGCCGCGGCGACGGGTGCCGCCGGCGCGGCGGCGGCCACCGCGAAAGCGACGTTGGCGCGCGCCACCACGCGCTTCGGGACCTGCCGCCGCTGCCCAGCACGCCGAAACCGCCGCGCCCGAATGCGCCGTCATGGGCCGGCGGGCCA
CP053085.1_gap53	2093626	2096824	3198	CTGATGCGGTGGACCGCGCCATCGTGCGCCATTTGCCGGGCGCCGACACGCTCACGCTGGCTTTCGATGCCGGCGACAATTTTCCGAGCAATGTCGATGCCGACGGATTCTTCGCGTCGACGTTTCGCATCGTGCCCGACCAGGCCCGCACCAGCACCGCGCTCACCACGCGACTCACCGGTCAGTTCCGCGCCAACGGCTCGCTGGCGCTCACGGTGAACATCGTCTTCTTCCGTCGCGTGCGCAGCGGCGCCGATCTGGCCTGCACGGTGACCGTAAAAGCAGAAGGCCAGCGCGAGTCCTAGCGCTGGCCTGTCGTCACACGGTCCCGACGACTACTTCGACTGCACCAGCAATCGATCGAACGATTCGACCTGGGTGGGCCCGAAGCTGGTCACCGTCACACTCTGCTTGGTGGCGGGGTCGTGGAGGACGAGCCGTCCGTCGACATAACGCACCAGCCGGAACGGCACTTCGGGGCCGATGCTCGCGGCACGGCGTTCGCGCGTGAGTGCGCGCATCGCACCGCGGAGAAAATTGTTGGTGCCGGGGCCAAGCTCGGCGGCCACTGTGTTGGTGGTCGCGTCCATCACCGTGATCGCGCCGCCGGGAACGTCGACGAAGCGCAAGGATCGCTCAGCCAGCACGGCCGTCGGAACTTCCCGGAACGCACCGAAGCCAAAAATCCGCGCCGAGATAGCGAGCCCGAACACGAAGACGACCAACGCCGCCGCCATGATAAGCGCCGGCCGGGGAACGATCAGCGGCCGGGCGTCGGGGCGTGCGCCCGGTTCCTGCTCGAAGTGAATGGGCGCGTTCATGCGGGCTGCGGTGCCAAATGTGGGTCACTCGCCGAAGCGCGAGAGGAATCGGCGGGCGCTCGCATCGCGCCTTCGGACGCATCAGCCACGGCCTGTGCCAGCAACGTGCCGATACGCTGCGCGTCGCGCAGTCCGCGCAGTACAGGCTGCGGCTGATTGATCGAAAACACGCGGCAGTGCGGCCACAGCGCGATGTAGGCCAGGCGATTCGGCTTGGTCAGCGTGAGCACCACCTGCCCTGTGCCGTCCTTGAAGACACCGACGCCAGCCGAATCGAGGATCGTGAACGGGACGTTGATCGACATTTCGAAGACCATGCCCAGCCGCAGGACCAGTCGCTGCGAGGTGATGGCGTACCACGATGTCCGGGCAACGACACCCGAGATCACGAAGACGATGGCCAGGACCAGCGCGGACAGCCCGACGCGAACCAGCAGGCTCACCAGAAAGTCCTGCGAGCTGAAGGCCAACGTGGTCGACGTAGCCCACACGATGGTCATCACGGCGAAGTAGGCCGCGAGCAGACGCCAATGAAACACATGCTTGGCGATCGGAAGGGCCTCTGGTGCGCCCTGCCAGAGGATATGCTCCCCCTCCGGCAGCGCGTGCGGCACGCCACGGATGTACTGCGGCGTGCCGTCTGCGCCGGAACTCATATGATCGGCTCGCTCCGTTCGGCCATGGCGTAGAGATGACCGCCGGCGTAGTAGGCGCAAACCATATCTTCTTCGAGGAGCGTGATCTGATCATCGCGCTTCAGGGCCGGCACGTTGGCGAACTGGGCGGCCGTGATCGCCTTCACGAGCAGCTTGTCGTTGCCCCAGAGCCCGAAGTTCGGCCACTGCACGAATCCGGCGGGGAGCATCACGCGCCGCTCGCTGCCGGTCAGCTGCACTTCGTAGTAGGTCACCTGCGGCTCGGCGCGATTCACCCACAGCTCGATCACCGTACCGGCCACCTGCTTGTCAGCCGCTACCACCGGAAGTCCGCGCGGATCCGGATCGCCCTTGGCGATCGAGTACGTCGGATCGAGACGCATAGGCACGATCTTGGCCGTGTTGTGGAACGTCATGTCGGGCGTGTCGGACCGATTGGCCCACGACGAAGGACCGACCCCGTCGATCATCGGATCGCCGGTCGGAATGAGCGCCGACCCGTTGTAGCTATCCGCCGGAACAGCCTTGATATCGGACATCAGTGCGTCCCCTCGCCGCTGGTCGGGCGATGAATGTAGGTCTTCTTTTCGGGCATCGCCGGCCAGCCTTCACGCGGACCCTGAGGCGATTCGAGCGGATACCCTTCGCGCTTGTCTTCCCGACGGATGTAGATGATCAACCCGAAGAAGAACAGCCAGAACGCATACAGTGCGATCTGCGCGCCATCGATGTATTGCATAGGTCGACTCCGGTACGAAGGGTGACGGTCAGGCCGGTAGATCGGCAAGGCCGAAGGACCGCGGCGTCGCATCGGCCGGGGCACGACTGGCCCTCCGACGAGCAACTAACGGCCCGAGTGCGACGAGTGTCGCGAACAGCGAGAAAATCTCGAGGTGATACACCACCGAATACGGCACCGAGGGAACACTCATCCCCGGGCCCAACGCGCCCCGCTCCACCAGATGCGACAGCCAATCTTTGAGGAGCCCACTGAGGGCGAACGACAACCCTTCCGCGGTCGCGAACACCGCGCCCCACGCGCCGAGCGCGATGCCGTGCTGCGACGCGTCCTTCAACTGCATCGCGAACGACAACGTACCGACACCGAACAACCCTTCACCAAAGCCGATCAGCCCGACGCCAATGCGAAAGAGCAGCGCAGAATCGAGCGGCGCGGCGAACACGATCATGGCAAAGCCAATGATGCCGCCCAGCGCGCCAAGGGCGGCCAGCCGGATGGGATCGCGCTGCCGACGCAGCAGCTCGGCCGACAGGGCGAAGGCCGCGACGGCCCCCGCTGCCATGATGGCGGTGAGCATGGTGGTCTGCGACACCGTGAGATGCAGGATCTCACCACCGTACGGCTCCAGCAGGACGTCCTGCAGATTGAACGCGAAGAAGCCGATGCCTGACGCGACCAGCAAACGCACCGCCTGCCCGCCGCCGGCGAAGGTACGCCACGCATCCCGGAAGCGTGGCCGGATCTCGTCCTTCGTGTATTCCACGACGCCCTTCACGCGCGCTTCCTGTTTCCACAGGGAGACCGCGTTACAGATCACGGTGAAGACCGCCGTCCCCTGGATGACCTGAATCAGCTTGAGCGGTGTGAAGTCGCGCAGGAACTGCTCGAGGACGAGCGCCGAGATCAACGTGCCGAGCAGCATCATGAGATACATGAGCGCAATCACGCGCGGGCGCTTGTCCTCACGCACCACATCGGT
CP053085.1_gap54	2194023	2197362	3339	CAGATAATAGCGGTGCTGCAACGGGCCGGCTGTCGTGCCACCGCTGCGTGTCGCTTGACCGGAGTCATCGTGATCGGAGTGATGGAAATGAGACCATTCACGTGTGCGATTTATTATGAGCTTGGTGATACCGCTTCGCCGCGACACCTTCACGCGCATCAGGCATTGTGCAATGCCGGCATCGACATGCTACCGCCGCGTGCCGATACGGCCTCCACGTCTGTCCGCCTGCTTGGCTTCGATGAAGTAAATGACGAAGTGCTCTCGCGCCTCTCGCGTCTTGCCGCACCGGGCACGTGGCGAGTACTCGCGATCGCCTTCGCGCCGTTTGCCCATCCTCGCACGGCGTGGCAGTTGCTGGAACATGGCGCCGCCGATGTGGTGGTGTGGCGCAACGACAGCGACGGCGCGCGGGAGGTCGCGGCGCGTCTCGCCCGCTGGACCGACGTCGATGCCATCGTGACGTCGGACGTGGTGAAGCGCAATCTCGTGGGACGCAGCCCCGCATGGCTCCGCACCATCCGCGAAGTCGCCGAGATCGCGGCCTACACCGATGTGCCACTACTGCTCGGCGGAGAAACGGGCACGGGGAAGGAGCTCATCGCGCGCCTCGTACACACGCTCGACCGCCGCCCCACCAAGCGCGACCTGGTGCTGGTGGACTGCACGACGCTCATGCCCGAGTTGTCGGGGAGCGAGCTGTTCGGCCACGAGCGCGGCGCCTTTACCGGTGCAGTCGCATCGCGCGACGGGGCGTGCGCGCTGGCCAACGGCGGCACGCTCTTCCTCGATGAAATCGGCGAATTGCCGCTGGCTCTGCAGGCCGAACTGTTGCGCGTCGTGCAGGAAGGCACCTACAAGCGGGTCGGATCGAACAGCTGGCAGCAGGTGAAGTTCCGCCTTGTGTGCGCTACGCATCGCGACCTCACAGCCGAGGTGCAGCGCGGCACCTTCCGCCGTGACCTGTTCTATCGCATCGCTGGCATCACCTGCACGCTTCCCACGCTCGCGGAACGCACGGACGACATCATCCCGCTGGCGGAGCACTTCATCCGGCAGGTGCGCCCCGACCTCGACACCGACCGCGTGGAGATGGACGATGCGGTGCGCGACTATCTGGTGGGCCGCGCATATCCCGGGAATGTGCGCGATCTGCGGCAGCTCGTGACCCGCATGATCGCTCGCCACCCGGGGGCGGGCCATCTTTCCGTGGGTGACATTCCCATCGACGAGCGTCCGGTGGCGAGTGACACCGTGGGTGACTGGCGCGGCGATGCGTTCGCGCGTGGCATCCGGCTCGCGCTCGCCGCAGGCGCGAGTCTGCGCGAGATCAGCAGTGAGGCAAGTAGTATGGCGATTCGTATTGCCATGGACGAATCGGCATCCCTTCGCAGTGCAGCGCGCCGACTCGGCGTCTCAGCGCGTGCGCTTCAGCTCCGGCGCGCGAGTGAGCAAACGAGTACTCCCCCGAGCATGCGTCCGCGCCGCTGAATCGTGGCCGATCGCGATGGTCTGCCGTCGTGCGCGGAGCAGCCGCAGCAGGTTGCCCCCCAGTACCAGCTGCTTATCCTGCGGTGAAAGCGGCAGGGCGAGCACCTTGGCGAGTTCTACCGCCGGATGCAACCATGGCCCGTCGCTCCCGAAGAGCACCTTATGTGCTCCGGCTTCACGAACGGCCTGCAGCAAGAGGTCGAAGCGCCGCACCCCCGAGGTATCGGTGTAGACATTCGTGTGCCGCGACAGAAAGCCGAGAAAGGCGACCTGGGCGCGCCAGTCGTCGGCGAACGATCCGAGATGCGGAATGATGAAGTTCACCGTGGGATACTCGGTGGCGAACAGTTCGATCTGTGCCACCTCGCCAGTGACATCGTAGAGCACCGGCAGGCGCAGTTCGCGCGCCACGTCGCACACTTCGCGCGTGATGGGCGCATCGTGCCGGTGCACCTTGATGCCGCGGAAGCGCTCGCGCTCCACGAAGTGCCGCACCATGGGCAACACGCGTCCGCGGTCACGCGCTGGATGCACAAACACGAAACCCGTGAGTCGATCGGGCGCCTGACGCACGAGGTCGGCCACCTGCGCATTCGCCGCGGCGTAATCGCTGTTGAAGGCGGCGAAGATGACGGTGTGCACGATACCACAGGCCTTGGCCCGCGCCTGGTGTTCCACGATCGGCGCCGTCGTATCCCACGGACCGGTGAGGCCGTCGCCGGTGCCGGCGTGACAGTGGCAGTCGATGATGGGCCCCGAAACCTCCGTGAGCGGGCGCATCACCACTCTCGAAAACTCTTTCCGACTACCCCTTGGCGCGTGCGCATGCCGCCGCGTGGCCCCACCTGCGTGAGTGTCGCGCCTTTCTTGCCGACCGTGAACGGTTTGATCGACGAACGATTGGTGAGCTTCACCGGACTGGTGGTGATGAGCGCCGCTTCCACATCACGTCGCACGGATGCGCTTCCGGCCGACCGTGTCTCCGTGCCGGTCTTGTTGATGGTACCCACGCGTACCTTGTACGGCGACGGATCGATCGCCAACTGCGTTAGTGTCTCGAGCCGCCCGAGCCACCGGCGTTGCACGTTCGACGACTGCCCCACGTAGAGTGGCCGTCCAGCGCGCAGCACCATGTACACGCCGGGAGTACTCGGCAGCTGGCTCGCGTTGGCAAGAGGGATGGGCTGGCTCCACGCCACCTGGGCGTGAAACGTGCGCTGCACCTCCTCGAGCATTTCGTACAGTTCGTCGGAGGTTCGCGCGACGATCTCGTCCTGCGGATGCTCCTCGGCACCGTCCGGCGTAGGCGGAGGCGCATCATCGTACGCACCGTCAGGCGCGTCACGGCGCGCGCTGTCACCGCCGCCGTACACACACGGACAGGCGTTGTCGCCCCAGATGATATTCTGCACGTAGGTGCGACGCCGACGCTTCGGGCGGGGGGGACGAACCGGGCGAAAGCGCCCGCGTCGCGCACGGCCGAATTCGTCTTCGTGCTGCGGCGCGAGGCCGGTCGCGGCCAAATGCTGCGGAGTGAGAATCGTCGTCACAAGTGACTCCCAGCGGGCTTCATCCCGCGAGTGAAAAGACGGTGCGCCGTACCCACACGGCGCGCGGCACGCACCAGCGCCGCCGGGCGGTGCGAGGTGGAAATGAGAAACGTGAGCTGCACGCCGTCGCCGCAGCGCGAGCGCTGGCGCACCACATGGATGTCATGCGCCGCTAGATAGGCATGCACGTGCGACGCCTGTCCAGCATCCATCACCGGTGTGGACTGCACAGGAAAAAGCGTGGGGGTCTGCAGGGGCACGCCAGCGCTGCGCATGGCCGTGCGGAAGGTGGTGACGT
CP053085.1_gap55	2215815	2218104	2289	CCTCATCGACCGCGTGCAGGAAGGCGACGTGATCGAGTCGATTACCGTGCGCCGTGCCTCCACCTCCGCCCCTCGTCGTCCGTGATCACCATGTCTGTGCTCTCTCCGTTGCTTCTGGCGGCCACGCTTGCCGCACACGATGGTGTGCAGCCTGACACGGCGGCGCTGCGCGGTGCGCGGCAACCGGCCACCTCAGTGAACGGCGCGGTGGTCTTCGCGCACGACGGGCAGTTGTACCTGCAGCGCAGCATCGGCACCGAGGCCGTCCGCATTACCAGCGGCTCGGCGTGGCATCGCGATCCCACATTCACGACCGACGGCAGGGCGATCGTGTTCGCCTCCGACTCTCTGGGCAACTACGACCTGTGGCAAATGCCAGTGAACACCACCGCCGCCGGCAGCGCGAGTGTGCAGATCGGCGCGATCACGCGGCTCACCAGCAGCGCTGCGCATGAGACGTCGCCGAGCGTGGGTCCGGATGCGCGCGTGGCCTTCGTGCGGGGCAGCGGTGGGGCCACGCGCGTGTGGATGCGCAACGCCGATGGCACGGAGCGGCGTCTCTCCGCCACCGAGCAAACGGAGCGAGCGCCGCGTTTGTCTCCCGACGGCAAGCGCATCGCCTTCATCGTGATCAACGAAGCGGGCCGACGCGTGCTCGTCCGGTCCGTGGAGAACGGCACCTCCCCCACGGTGAATACGACGGCCAGCAGCGACGCAACGGTGGAATCGCTGGATTGGTCGCCCGATGGGCGGCTCGCAGTGTCGACGCGCAGCGGTGTGTATGCGCTGGCGACGGATGGGTCGTTCAGCGCGCTGGTGTCGAAGACACACGGTGATGTGGACTGGTCGGCCGACGGCCTGTTCATCATGATCGCCGAGTACTCCGAGGTCGTCGTGGGCTACAACGGCGATCCCGATCGCGGTCTCGATCGCACCGCCGTCGAACGGTTCAGTGGTGCTACCGCCGCCAGTACGAAAGGCGATGCGATGGTTCGCGTGCTCGCCCCGGCGGCGCCGGATGCCGGGCGCACGGCCGCGGTGACGTCGTTGCCCGACGGCCGCGCGGTGCGCAACGCGGCCGCGTTCGATCGGCTATGGGAGCGACTCGCGCGCACGTACTTCAGCGGGGCCGACGCCGCTGCACGCCGCGCGCAGTGGGACGCGGTGCGCACAACGCAACGCCCGCGCGCACTGGCCGCCGCGAACGACAGCGCGCTGCAGCAGGTGCTGTACGACACGCAGCAGGCGCGCCCGCCGCTGCGCGCCGACGCGACGGGGCGCGCTGCCGTCTCGAGCGCGCATCCGGTGGCGACCGAGGCCGGCCTCGAAGTCATGCGTCGTGGCGGCAACGTGATCGACGCCGCCGTGGCCGTGAGCTTCGCCCTCGGCGTGGTGGAGCCCGATGCCAGCGGTATTGCCGGCTACGGCGAGATGGTGATCGCGCTCAAGGGGCGCGCCACGCCCACGGTGATCGAGTTCATGAGCCGCGTGCCGGAAGAAGGCGGCTTGAACAACACGTCGCTGCTGGTGAATGGTCGTTACCCGAGCGACGGTCCGGTGCTGGTGAACGTGCCGGGCACCGTCGCCGGCATGTATACCGCTTGGCAGAAGTACGGCAGCAAGAAGGTGCCGTGGGCCGACTTGCTCGCGCCGGCCATCCGTGCGGCGCGCAACGGCTACGAAGTGAGTCAGGGACTCGCCACCACGCTCGCCACGGAACGCGAACACTACGCGAAGTACGAGGGCAGTCGCGCACTGTTCTTCCGCAACGGACAGCCTATGGTGGCCGGCGACACGCTCAAGAATCCCGATTTGGCCTGGGTACTCGAGCAAATTGCGGCCAAGGGCGCCGACGGCTTTTACAAGGGCGAGGTGGCCACCAAGTGGGTGGCCGATCTGCGCGGCAAGGGCAACGCCATGAAGCTGTCCGACCTCGCGCGCTATTTCGCGCCCGAGCGTGAGTCGATCAGCGGCACCTATCGCAACTACACGATCTACTCCAGCGCACCACCGGTGAGTGGCGGCGCAGAACTGGTGGCGCGGCTCAATTTGCTCGAGCAGTCCCCTGCCCCGTCGCGCACGGGCAAGCGGTACACCGACGATCCGGCGTCGCTGCACGCGGCGCTGTCGGCATGGTTCCTGGTGCCGTCGTCGCGCAATCGTATTGCCGATCCCGCCATGTGGCCCATCGATGTGGCGCCCATCGTCGACAAGGATACGGCGCGATTGCGCTGGCGCTGCTTCGATGCCAACAAGGCGCTCACGCCGGCGTCGGTGCGCGGCGATACC
CP053085.1_gap56	2222122	2223188	1066	GCATTTCCGGTGCCGACGACCGCTGCGCCTCAGCCCGTGCGGCGGCCGGCGCGCTGTCCCGACAGCCCGTGAACGCTGCTGCGCACGCTGCCGCGCACGCGAGCGCCACAGCCAACCGCATGGGATGAGATCGACGACCGAGTGTCATGCGCATAAGAAACCAAGAAGGGACCGGAATAACCAGAGAGGCCGAACGCATGTGCGCTCGGCCTCTCGGTACTCACGACGTGATCATCTGCTGATCACACACCATGCATCACGGCGGGGTCGGGCTGTTGGCGATACCCGTACCACCGAACGTGTAGAACGCTTGGTTCTTCACGGCGAGCTCCTTGGCCGGCACCGGCATTTCGCGCGGTGTGCCAACCAGCAGACCACCAGTGACCCTGCGGCGCTGGTAGTATGGCGCCGCTCCCAGACCGAGCAGTTCAACTTCCTGCTCGTAGATCAGCTTCGTGAGCAGAGACGCCTGACCTTCGCCCGCGGTGGCGGCCGAGAGTCCACCACGATCGACGCGCGTGTTGTTGATCAGGTTCGCGGCCGTGGTCAGGTTGCCACCCGACCGACGCAGTTCGGCCTCGGCCCAGAGCAGATCGTTCTGGTTGCGGCTGATGACCGGTGCGACACCGAAGCCGCCGTAAATCGCGTTCGGCGACTGCTCACCAGACCGGTCGTAGCGGATGTGGCCGATGTTCGACTGATGGTACATGCCGCGATCGGGACGGAAGATTTCCTCGGTGGAGTACACGAAGTCCGTGCCGCCACGCGCCGTCTTGGGCACGACACCGAAGTAGCCGGCGAAATCCGGATCGTCCGGACCGAACGAGCCGTCGCCAAGTCGCTTGTCAGCCGAATTCGGACGCGAGTTTCCGCCGTTGGGGTACGGCGTGCGCTGGCTGGCCGGATCGAGGAGGTTCGCCACGCGCGTGTGCACGCGACCGCCGTCGAAGGCGTTGAACCAGTACAGGATTTCGTGGCACCACGAGCTGCAGCCGTCGCCCGTGAAATTGAAATCGAACTTCGCGCCGGAGGAAATGCCGCCGGCCGCGAGGGCCGACACCGCGGC
CP053085.1_gap57	2265109	2265997	888	CGAGCAGGTAGCCGACCAGCAGGCTCGCCAGAAGAATGAGCGGTACGCCAACGGCAATGACGACGAGGAGCAGCTCGGTGTCGGCCTCGATGCCTTCGGTCGAACCAAACGTGACGACGCGGACTCGATGCGAGGTCGTCGCGGCGTCGACTGTCACGACGATCGTCGTGTCGATCAAGCGGCCGCGGAGATCCGGACCGCCCCGATCAACATCGAAGCGCGTCGCGGGGCGGTCCCGCATTACGGCCAACACGCGTTGCCCGGCCCCGTCAGGGTCTCGGAGCGCCGCCAGCGTACCGCTGACGGCGAGCAGCAGAAAGGCGTCACCGTTGTCGGGCCACTCGGCCGCGACTTCGCCTGCCACGAACGCATACGACGAGTCGGGCGTTTCGGCGTACTCGCGCGCCACCGCGGCGATCAGTCCAGCGCCAATCCCGTCAAGATGCGTGTCAAAGCGTCGCGTCGACTCGCGCGCCATGAACGCAAGTCCGCCGGCGGCGAGCAGGCCCGTGCCGACGGCGAACGCCATCGCGAAGCCAAAGGCAAGCCGAAGCCGTAGCCGACTAATGGCCATCGTCACCGCCGATGCGATCGGTCAGGAGATAGCCGGTGCCGCGGACGGTGTGCAGGAGCGGGAGCAGTCCCTCACCATCGATCTTGCGCCTCAGTCGGCCCACCAGCACATCGACGGCGTTGGCCACGGGATCGAAGTTGTCATCCCACACGTGATCGAGAATCTGCGAACGGCTGACGACCCGTCTCGCATTGCGCAGCAGATACTCCAACAACGCGACCTCGCGCGGCGTGAGCACGATCGGCATTCCCGCCCGATTCGCCTGACGCGTGGCGCTGTCCAACGCGAGATCCGCCAATCGCAGCACGGGCTCG
CP053085.1_gap58	2302643	2305358	2715	AACGCGCGCCAGGGGAACCACTTACGCTGCTTCGGATCCTTCCAGACGTCCGATTCCTGAAACCAGTATTCGATACTCCAGGCACTCGGGCCCGCCACGACCAGCGTGGGTGAGTAGGTCGCGCCCGCCTTGCCCAGGAACTTGGCGCCATCGCCGTACATCGGAACTTCGCTGAACGAGTGCTCCCAGCCGGTCTGCCCGTCCATGATGAAGCCGAGATTCTCGAAAAAGAAGCCGCCTTCGGAGGTGAGATTGGTGCCGACGGAACGGGCAGCCTCGGCGGTCCACTGCCGCTGATCGCGACGCGGCTGCGCGTACTGCTTGATCGCCGTCGCGCCCCAACCGGCCATCTTCGTGACCATGGCGAGTGCATCGCGCGGACTGTTGATCTCGTTAGCGCGCGCAGCATCTCCTGCGGTGATGTTGTCGCCGGTACTGAAGCCGCGCGGTCCGACGATCTCGCCGACTTCGACCAGTTCTGCCGTCGGGAACATGTTCTGGCTGTACATCGACACGTCCATCGTCGTCGTGACGCCGTAGGCGAGATAGATCGCCTGTTCGAAGTCGTGACGCGGGCGCATGCCACGCCACTCGCGATAGTGATGCGAGTGCATGTCGACCAAGCCGGGAATGATCGTCTTCCCGGCGGCATCGACCACGCGATCGACGCCGGCCGTGCTGCAGGTGCCCATGCACGCAATTCGACTGCCCTTCACGACGATCGTGCCGTTCTCGATCACCGCGCGCTTGTTGAGCGTGATGATGCGCGCGTTGGTAATAGCGATCGTGCCGGTCGGCACGGCGCGTGGCGCCGACAGTTTGAGCGTGAGGGTGTCGGTCTTCCCGGTCGCGACGTGGTGCACGTAATACGCCGCACCGTTGGAGTACTCCAGCGTAAGGCTGTCGCGCCAGCGGGGAAACAAACCACCATCGCGCGTGAGCTGCGTGACCGGCAGCTGTCCGCGGCGTTTCTCCACGCGTGGCACCGCACTGCCGATACCGCCCCACACCATCGGCGTGAGATACACGTTGTCACCTTCCTGAAACGCCACGTAGCTGCCATTCGGTGACGGCAGGATTTCGTCGGCATTGGGGAAGGTGAGATGATCCTGCAGATCGCTGCCGTCGAGCTTCACCGAGCGGAGCGTGGTGCCACTGGCGCGTCCGTTGCCACCCGCGCGCTGTTCCGGCCAGAACACGCGACCATCGGGCCCGACCGACGGACGCGGCAACTGCCGACGTGCTTCGCCGCCCACCGAGACGCCCGACGGCCGGTTGATCAACGCGATCGCGCGACCCGTATCACCCGCTGCCAGCGCCATTGCATCGAAGCGCGTGATGTCGAACCAGACGTTGTGCGTCATCGTGCGTCCGCGGGCTGTCGCGCCTTCACCACGCGCGACGATCACACTGCGCCCGTCGGCCGTCCAGGTCGGATCCGTGTAGTCGCCAGGATCGCGCGACAGACGCTTCGGCGCACCGCCGGCGGCGGGCACCGTCCACACATGACCGCGCGATGAATCATCCCACGTCACGAAAGCGATGCTGCGCCCATCAGGGCTCCAAGCCGGCGCGAATTCCAACGGACCGAAGGTCGCCGGCGTGACACGACGTGGCGCGCCGGTCGCGCCGTTCTGCAGATGAATGCGGCCGAGCGCCTGAAACGCGATCACGCGACCATCAGGGCTCGACGACGGCCAGCGGAAGAATTTCGCCTGCACGGCGTCGTCGGTGATGCGGAACTCCTTCCGCGCCATCTGCGAGAGCGTGCGATGTACCGTTGCCGTAAACGGAATGGTGGACACGACGCGAGTGGCCACATCCACGCGTCGCAGCTTACCGCCCTGCGCCAACACGATCGACTTGCCATCGGCCGCCCACTTGTAGCGCGGCAATACGCCCAACGTCTTGGATCCGCTCGCCACCATCGGATCGATCGGATCCATCAGCAACCGCTCGGCACCCGTCTTGAGGTCGCGCAGCCAGAGCGCGGTGCGCGGTCCGAACAGATGTCCTTTGAATTCGAGCGTGCCATCGGGGATGTGGCGGGCGAAGGCGAGGTAGCGCCCATCGGGGGAGATCTCCGGCGCCGCACCACCACCGCTCGAGAAGCGGGACGCGGCCGCATCGCCGCTTTCGCCGTTGGTGATGTCGAGTATTTCACCGTCGGCGAAGGTGAAGCGCCGCAACTGCATCGAGCCCCCCAGCGGCTCACGCGGTACGACCGGCATCGACACCTGATAAAACAGGTATTTCCCATCGGCCGACACCGACGGCCAGGCTGGTGCGCCGTTCACGCCGGCCGCCCCCGCAGCCACGAGCGGGACGCCGGTGCCGCCGTCTTTATGGTACATCCAGAGGCCGCCAGCGGGCGCCGCGCCTTCCCCACCGCCGCGTCCGCCTTTGCGGACCACGATGAACCGCCCGTCGGGCGTCCAGGCCGGCTCGAAGGCCGTGGCGTTGAGATCAGTGAACACGGGGCGCGGATTGCTGCCGTCGGCATTCATGACCCAAAGGTTGTACTGCCCACGCCGGTCGCTGATGAAGGCGATCGTCTTCCCATCGGGCGAGATGCGCGGCTGGAAATTCAGCGCCACGCCGCTGTTCTGCGTGAGTACCGTGGCCGCGCCACCCGTGCTCGGCATGCGGTACACATGGCCCAGCAGGTCGAACACGATCCAACTCGCATCGGGCGAGAGATCGGCCGACATCCAG
CP053085.1_gap59	2333415	2337193	3778	ATCGCGCAAGCGACCTTCGGTCAGCGCCAGCATCATCTGTCGGTTGGCGGTCTGCACCGGGTCGCGCGCGTCACCCTCAACCACGGCGCTGTCCACCAGGCGACGATACAACGGCAGGTCGCCGCTGAGCTGCGCACGCGTTCTGGCCCAGGCGCTATTCAGGTTGTCCTTCGGGAATCGGCGGCGAACGATGGCCTCAATGGAATCGACGCCGCTCCAGTGTCCTTGCAAAAAGAGATTCGAACGCAACGCACTGAGTCGCAGCACCCCCGAATCACGCTGAACGACCAGTCGGCGCAGCACCTCGGCCCGGGCAAATTCGCGCCGGCTTTCGTAGCGCCCCGCGAGGTTGCCCAGCACGCTGCTGTCACCGAGCGCGAGGACGCGTTCGAACGCCTGAATGGCCTTAACGCGATCCGCGTGTGTGCCGGCGGCAAAGTACGACGCCGTCACCCGTTCGGCGTCGATCTCCGTGAGTCGGCCGCGGAGCTGGTACGCCTTGGAAAGCGCGGAATCGGCCGCACCAGGTGCCGCCGTCATGTTCGCCAGCAGCAGTCCCAGCCTCCGCCACCCTTCGGCAAAGAGCGTATCGATGGCCACGGCCTCGCGGAACAGTTCCGCCGCGCGCAGCGTGTTGCCTTCAACGTCTGCCGCTCGCACGCCAGCCGAGTATCGACGCAGCGCCTCGAGCGAACTGGTGGTGACCCGTTCGAGTGGCGGCGTGGCATTCACGACGCGTAGGGATTCACCAATGCGCGCGCGCAGCTTGCGAGAGAGTTCGTCCGCCATCTGAATCAGGCGGTCGGGGCTCTCGGCCGTTGCCCGATACGACGCCAGCTCTCGTCCCGAATCGGCCGTGACCAAGCGCACCGCCAGGATGTACGACGATCCAACGGCCGTCAGTTCGCCATCGACAATCGCCCGCACGCCCTCGCGCGTGGCGACATCGCGCATGAGGTCGAGCGCAAGCCGGCTGTCACGCGGACGCTGCATGCGCGTGAGTGCCTCGCCGATCTCCGTGGGCGTGAGCAGCGTGAGGGCACCAGACTGCACGAGGCCCGCCCGTACGGCATCGGAGGCCACGCGGCCAAGCAGCGTGTCAGCGCCACGCACCGAAAAGTCAGTCATGACGAGGCGCTCGTGATCGGCGAATGCGCCACTGGCTTGCAGCGAGCCCGCCGGTCCGACGCCCATCGCCCGAAGGCCCATGAATCCGGCTATCATAAGCGCAAACGCGCCAATCACGGCGATGCTGCCCTTCTCGACACGAGCCCAGGTGAGGTGCGGGCTCGCCGCCAACGCCGCCCGCGACAGGCGCGTCGGCGCGGTGTCGCTCGCTGAGGCGGAGGCGGAGGGGGAGGAGGCGTACGCGGTTGCGCTCGTAATCGTGGTTGCGTTGGCGCGCGCCACGCGCTGCACGAACCCGGTCACGAGAATGAGTGGGAGGCCGAGCGCCGTGATCAGCAGAGTCGCCGGAAACACCCACGTGGGGAGGCCGATACTCGACGTCGCGACTTTCGCGACCAGCCCCAGCACGACGACCGCGGCGCCCCACGTCACGATGGCACGCCACACACTGGTCACACTGCTCGTGGCCTGCGGAATCTCTCCGCTACGCACATCCGTCTGTTCGAGCGCCAGCACCATGTCGCGCGCCTCCTGCGGGCGCAGCGCGGGGTCCTTCGCCAGACACTGCATCACCAGCGAGGCCAAGGCGGGCGGAATGCCGGACCGGCGCTCCGAGATCGGTGGCACCGTCTCGGTGATTTGCGCGACCAACTGTCGCTGGAACGGGCGACCGGCAAACGGCGCCGTGCCGGACAGCATCTCGTATGCGACGCATCCGAGAGCGTAGAGGTCCGAGCGCTGATCGATCGCATCGCTACCGGCCGCCTGTTCCGGCGACATGTACGCCGGGGTACCGATGGCTATGCCGATCTGCGTGAGGGCGTCACCATGCGTCTCGGCGCGCGCCGAGCTCACGGCCTTGGCGATGCCGAAGTCGGCCACGGTGGCGGCGTCACCGGTGAGCAGAATGTTGTCGGGCTTGATATCGCGATGGATGATCCCGCGCTCGTGCGCGTAGGCGAGCGCCTTGGCCACGTCGCGCAACACGCTCACCACGTCGGCGATGGGCAGTTCGGGTACGCGGTCGATACGGGCCCGCAGCGATTCGCCCTCGATGTACGGCATGCTGAACCACGGGAGCCCGTGCAGTGACCCGACGTTGAGCACGGGCACGATATGCGGGTGCTGCAGCCGCGCCAACAACAACGTCTCGCGGTTGAATCGTTCCAGATGTACAACGCCCGCCAGTTCGCTCGGCAGTACTTTCAGCACGACCTGGCGACGCAGCGCGAGATCGTCAGCAAGAAAGACGCGGGACATCCCGCCGCCACCAAGCTCGCGGTCCAGCCGGTACCCGGTACCGAGTGCGACCTGGAGGTCGTCAAAGGTGCTCATGCCGCTGAATCTGACGGGACGGACGGACGAAGGGAACGGGGGAGCCCCTTGCCACGTCGCCGGTACGCCACGACGGCATCGATGACCGCGATGGACCTTCGATGCATCCGTGAAAGACACTTCGGGACGGGCACCTCGGACATCGCGTTAATCTGTTGCAGTTAACGACACACGGTCGATAGCCCGGCGCGCGCGTCGCGCGCTCGCTCATCGCTCGTTCACGTCCACACGCACGCATCATGCATCAAGCATTAGTCGAACAGTTGGAAGCCGCGCTACGTCAAGCGCAACTCGACGGCGATGTCGACGCGCTCGATCGCCTCATCGACGAGGCGTTGCTCTTTGTCGGACCCGATGGCGCGCTGGCTTCGAAAGCAGACGATCTAGCGCTCCATCGGAGCGGCGCCGTGCGCTTTACGTCGCACGAGCCGCTCGATCTTCAATGGCGCCTCGTGGCGCCCGATGTCGTCGTGGTAGCGCTCCACGCGCGCCTTGCCGTTCTCGTCAACGGACAGCCATTCGCCGGAGAGTATCGCTACACCCGTGTCTGGGCGTGTCACGACGAGCAATGGCGCGTGGTCGCGGGCCACGTCAGCGCGGCATGACCTCCCTTCCCTTCACACCCACCCGCCATGACTGAGATGCAACCGATAGTTCCCGCCGGTACCGGCGCACATCCCATCATGCTCGTCGTCATCGCCGCCAACGCGCTGCGCGAATCGGCCGCGTTCTATGCGGAGCTGTTCGGCTGGACGCTCATGCCGTTGTCGGCCGAACTCATGGCGGGCAGCACGCCCGGCGGCCCCACCGTCGCGCTGCGGGCGAACGTCCCCGAGGGAGCGCCGGCCTCGGTGCCGTTTCTCAGCGTCAAGGATGTCGAGGCGACGCTGGCCCGAATCGTCGACACCGGTGGAAGCATCGAGCGCGCCCCGTGGAGCATGCCGATGATGGGTACCATGGCGCGCTTCAGGGATCCGTCCGGCACCGTCTATGGGCTCACCAGCGCCATCGCGCCGGCGCCGGTGGCGTCGATGCCGATGCCCACCGGCACCAACCCCAAGCCGCCCGCCGGCGCCATCTGCAGCATGGAAATGTTCGCCACCGACAACGCCGTCACCCCCGAATTCTTCCGCACCCTCTTCGGCTGGGGCACGGCCAACACCATGCCACGATTCGTCGGATTCGATCCGGGGGCCGGGATTCAAGGCGTGTTCCAGACGCACACCCCCGCCACCACAGCCGTGAGCTACATCTTCACCCCCGACGTCGCCGCTATGCTCACGCGCGTCGATGCCGCCGGCGGCAAGCGCATGGG
CP053085.1_gap60	2339272	2342409	3137	ACGCCCACGATTTCAGCGCCGGGTTACATGAGTTTGCTCACCGCCACGTGGGCGAACAAGCACAACGTGCGGGGCAACAGCAACCAGTCCCCCAACTACGCCTACTGGAACATCTTCCGCATTGTCGAATCGGCCGACTCGACGCGCCACACGGCCGTCTTCTCCACGTGGCTCGACAATCGGACGGTACTCATCGGGGCAGGACGCGCGGGCGCGGGCAACTTCAAGCTCGATCACGCGGCGGATGGATTCGAGCTCGACACGGTCGCGTTCCCGCATGACAAAGCGTCACGCTATATCCTCGCCATCGATGACCGCGTATCGCGCGACGCGGCGGCGTACATCGCGACGCGTGGTCCCGACTTGAGCTGGGTGTACTTGCAGCACACCGACGACGTCGCCCACGCGAACGGTGACAGTGAAGCCTCGGATGCCGCGGTGCGGCAGGCCGACGAGTTCGTGGGGCGCGTCTGGGCGGCAGTGAAGCAGCGCGAGTCCATCGGTGAGCGCTGGATGATCGTGGTCACCACCGATCACGGCCGCGATGCCGTGAGCGGCAAGGGACACGGTGGCAAGTCGACGCGGGAGCGAACGACGTGGATCGCCACCAATCAGCCCGCGCTCGATGCGCGCTTCACCAGCGGTGCCGCCGCGATCGTGGATATCACACCATCCCTCCTGCACCACCTGCGCATTCCCATTCGGGCAGCGGTGGCGAAGGAGATGGAGGGCGTCTCGTTCCTACGTTAGCGAGAGCGCATGCGCGACGAACTGATCGATGGCGATCTCGGTGCCCTGGTAGAACCCTGACGCCATGTTGTTCTTGAGGTCCGCTTCATTCCGATGCAGCGCGGTAAAGACATAGCGCGTGCCCGTGCCCACGCTTTCCATCGTCATCATGGCGGTGATGGGAATGTCGTCAAAGACGGCCGGGCGATAGTCCGGAAATAGCATCGACGTCCAGACGAGCCGCTGCATGGGCACGACGTCGAGGATGCAGCCGAGATTGGGTACTTCCTGACCTTCTCCGACGACGATGTCGATGCGGATGATGCCGCCCGGCCGCAGCTCCAGTTCGGCATTAGACACACGCCCCCACGCCTTGGGCATGTACCACTCCTTGAGATGCTCCGGCTTCGTGAGCGCTTCCCAAGCGAGTCGGACGGGCGCATCGATGAAACGCTCGATGGCGAAATCGAGTGTCGGGTTCAAGACGAATGGCTGGCTCATGATTGCGATTCCCTCTCCTTGAGATGTTTGACGTGCGCATCGAACCGGTCGAGTCGCTCCTCCCATTCCCGGCGACGGGCGGTGAGCCAATTCTCGACGACGGTGAACCGTTCCGGCGCGATCTCATACGTCCGCACGCGCCCCTGTTTCGTCGACTTCACGAGTCGACTCTTCTCGAGTACTGCGAGGTGCTGCACGAACGACGGCAGCTGCATGTCGAACCGTGCCGCCAGATCGCTGACGGTCGCTGGGCCGACGGATAGGCGCTCCAGCACTTCGCGCCGTGTCGGGTTGGACAAGGCGTGAAATACTGCGTCAGTGGCGGCGGTCTGCACCATGTCCGATCCCATCCTTGTGCTCGGGTGATTCGATCTGCTGCACCGAGTCTACCATCGTTCAATACTTTTGTAAATACCTAAGTATTGATTTTCACACAAAACCGCGCGGACGGGCGATCTGTAGATCACGCCCTGCCGCGCGTTCGCGTCCCTCTTCCCTCGGCCTTACGGCTTGGGCAGCGTGGCCCGGTAGGCGGTGATCGCGTTGATCGCCGTGGTCACGCGCAAGTCCGCCACCTTGCGACCGAGGTCCTGCAGCCACTTCAGCGACTCGAACTTGATGCCATTGATTTCCGCCTGCCCGGCCTTCACGCGCTGCGCGAAGCGGATCGACTGCGGATCAGCCAGCGCCATCGTCGCGTCGATGCCGAGCTCCTCGTGCAATCCGCTGGTGCCGGTGCTCGCACCGATCTTGATGCCTTCAGGGATTTTGAGGTCGTTCTGGATGTACGGCTGCACCACACTGGTGTGGTTGTAGAACTCGGGGATGTGCTTGAACGACACCTTGTCCGGACTGTCGGCATACACCTTGGTGAGTGAATCGGCGGCGCTCTGCATGCCGCGTCCGTTTCCGCCGCTGTCACCCATGTAGTAGATCTCTTTGAAGCCCATGCTGCGCAGGTAGTTCCCCATGTCGAACAGCAGCGCGGCGTACGTGGCCTGCGACAGCATCGGGCCGGCGCGACCGGGCTGAATGTTGGCGCCGGCATTGCCCGGTTCGAGCGTGACGAGCGGCGCGACCAGCGTCTTGCCCATTTTCCGCGCCATCATCTCGCCCAGCAACTTGATGTTGATGTTGTGCTTGTTCATCTGGAGGTTGCCGTCGTTGTTCTCGACGCCTCCCGTCATGACCAGCACGGTCGTGTAGCCGTCCTTGATCATGTCGCGGAACTCGGGCTGGGTGAGTTCCTCGAGCCACACCGTGTTGATCCCGTCGATGGTCCGCGGCTTGTTCGCCGCCGCCTGTCGCTGAGCCGCTTGCGCCCCGCCACCGGCACCACCGGCACCGCCAGTGCCTCCCGTGGCCTGCGCCGATGCGCTCGCCGCCAGCAGTGGCATCGTCAACAGCACCATCAGTCGTGTTCGCATCTCATCTCCGGGGGCGGGGCCGCGTGCAGTTCAACGGTGGGTACTCACACGAACGTGTGGCCCGCGTGAGTCGTTGAACAGAGGCCGACGCTACTTCCCGGTAGACACCCAGTCCAGCACGCGTGAGAACAAATCCGCCTCACCGTCGATGCGCTCGTTCGGCTCGATGGGGCCGCGATACACCCGGCCATCGCGATCCTGCACGCGAAACGCCGACACCGAAAACTCGGCGCCGTCTTTCAGCTTCTGCGGCACCAGACGCATGGGGGGAATGCCACAGGTCGGGGTGCCGAACACGCGCGTGTTGCTGCGCCCCATGAAGGCGATGGCCAGCAACTCGCCGACACCGGCAGTTCCGCCGTCCACCAACACGGCGATCCGCCGCTTCTGACTCGACAGCTTGAACTTGCCGAGGTCCATCTGCAGCTCGTCCCCGTTGGACTTGATGGACGATTCGTTGGCGTTGAATGGGACGACATT
CP053085.1_gap61	2344205	2348514	4309	CTCGATCGGCATCGTGAACAGGCTGCCGTCGTTCTGCACCTGATCCAGCGCAATGCGTACTTGGCGGGCAGCGGCATCGTACGTCCAGCTGCCCGCGACCTTGAGCGCGCCGGGCTTGTAGAGCCACTGCTCGAAAAACCATCCGAGCTCCTGCCCCGACGCTTCCTCCATCGCACGGCGGAAGTCGGCGGTGGTGGCGTTCCCATTGAAATGCCGCGCGTAGTACGCGCGAATGCCCCGCTGGAACGCGACCTCGCCGATCACGCCGCGCAGCATGTGCAACGTCCAGCTCCCCTTCTGATAGGTGTGGGAACTGGTGACATCTTCCATGCGGCTCAAATTCTTGTGGATGATGGTGTACGCGGGATTCTTTGCTTCGAAGGTCATGACCGTAGTGCGGCTGGACTGCAGCCCGCGCACAAATTCATCGCGGCCATAGGCGTGCTCGATGTACAGCAGCGTGAAGTACGTCGCGAAGCCCTAACTGAGCCACACATCATCCCAGTCCGCCTCGGTGACGGCGTTGCCGAACCACTGATGGGCGATCTCGTGAATCACCACATTGCGCCAGCGCACACTGCCAGTGCCGGTCACCGAACCCTCGCTGTAGAGGATGGCGGATGCCGCCTCCATGCCGCCGCTCACGCTGTTGGACTGAATGTTGGCCAACCGCTCGTAGGCAAAGGGCCCCACGTAATCGCTGTAGTACGCCAGCACGTCTTTCGTCGGTGTCGCAAAGTCGGCAAACCCGGCGTCGCGATCCTGCGCATATACCCACGTCTCGATCGCCTTGCCATCGAACTTCCCCACGTGTTGCACGGCAAAGCGCGCCGCGCCCAGCACGTACAACCACGGCGCGATCGGCACCGAGTTCTTCCAGTGCGTGCGGCGACGTCCGCCGGGTACGTCGCTGATCTCCACCTGCAGGCCGTTGGACACGACCTGATAGTGACTGGGCGCCGTCACGATGAACTCACTGGTGGCCTTGTCGTACGGATGGTCGATTATCGGCAACCAATGGCGGCCCTTGTCGGGCCAGTTGTCGCTGAAGAACGTACGATCGCCGTACTTGTTCTTACCGATCTTGAGTCCCGTCGCGGGTGTCCCCTGATAGCGTACGACCAACCGCGCGCGCTGATTCACAACCGGCGCCGACGCCAGCGGCACCATCAACACATCGTCGGCGTGTGTGTACGGTATCGCGGCGCCGTTCATCGTCACACCTGACACGCGCATCCCCTTGCCGCCCTGCGCCGCACTGGCGCTGATGAGATCGAGTCGTACGGCACGCACACCCGGCCCCACGAAGCGGACATCGAGCGCCATCTCCCCGACGATCAGGTCCGTCGTATCCGACAGCTCGATCGTGAACGCGTAATTGAGCGCATCGACATTGGGATTCTTGGGGTACGTGTCCGTTCTCGTCGGTGGCGACAGGAACGCGCCCACGACGGTTAGCGCGGCGGCGACGTGATATCTCATTTGCATCTCATTTGCGGAATTGGATCACGCCGGCCTCGCCGATCGTGCGTTGCACATCCGTGATACGCGACGGCACGAATCCGCTCAGATTCTCCACGCCGTCGGCCGTCACCAGGGCCACGTCTTCGATGCGGATGTAGAGCTGCTCCTCGGGAATCCAGATCATCGGATCGATCGTGAATACCATCCCCGCTCTCAGTGGCACGCCGCGCACACGCCCGACGTCATGCACCGCCATGCCGACCGGATGCTGGAAGTGACCGCGGAACACCACCCCTTGCTCAACTGCTTTGCGATGCGCCGGCGACGCAAACGTTTTCCCCACCAGATACTGCGTCATGTCGGCGGCCGCACGGTCGAGCACTGCATCGGCGGTGACGCCCGGCTTGATGTACCGGAACAGCGCGTCACGATACGCCACGATGTACTCGTACAGCGCCGCTTGTGGTGCGGTGTACTTCCCGTTTACCGGCCGGATGCGCGTCACGTCGCTCGTGTAGTAGCGGTAGTCGGGTGCGTAGTCCATCAGCACCAAGTCGCCGTCGCGCAGCGCGTCGGACTTACGGAAATAATGACCCAGAAAGGCGTTAATGCCGCCGCCGATGATCGAGGCGTAGCCGTCGCCGCGTGCACCACCCGCATGGAACACATACTTGGCAGCGGCATCGAGCTGGTACTCGTACACGCCAGGGCTCGTGGAACGCATCGCTTCCATGATGCCGAGTCCTGCCAGTTGTGTGGCCTGGCGAATGAGCGCGATCTCGGCGGCGCTCTTGATCACACGCAGACTATCGATCGTTGGTGACAGATCGCGCACGGCGAACTGCGGGAAGCGCTCGTGAACGAGTCGCACGAAATGCGCCTCGCGCGACGGTCGCCCGTCCCACGGATCACTGGCGGCGCGCGCCTGACCGGCCAGCAATTCATCACGACTGTCGTTGCCGGTCTCCATGGGGCTGAGCGGCGTGTACAGCGCCAGCGCCGGTGGGCGTATCAGGTCGGCGCTCACGAGGTCGAGCGAAAGACTCTCCAGGCCCTTCACCTGATTGACACCGGTGAGTCTGGCAACGAGAGCCGAATCCTCCGCCGAGAGAACCTTCCCCTCCGAGCGTTCCCTTCCTTCGTCGCGATGCGGGAGATACAGCGTGGCGGTGCGCGTGCGCCCGTTGAGCAACAGGTACGCATGCGCCGATTCGAGGCCACACAGATAGTAGAAATCGTTCGACTGACGGAACACGCTGAAGCCGGGCACCCCGCTCGCCCCTTGTACGACGGCGATCCCCTGCGCGCCGATCGCGTCGTAGATCCGGGCGCGTCGGGCGGCGAACTCCTCGACGGTGAAGTCAGTCTGGTAGGCGTATTTCTCCTGGGCGCGGCTCTGCGATGGAACAGCGACCAGGAGGCACGCGATCAGATACCACGGACGCGTAGAACGCATATGGCGGCGGGTAGGGGTTTGCGACTGGACGACTACTTCACCGGCAGCACTTCCTCGCCTTTCGAGGCTTCAGCCCCAGCCGTCGGCGCCACACTCGGCGTCGTTTCCGGCGTCATCGCGCCGAGAAACGCCGGCAGCTCCACGCCGGCCACGGTGCGCAGCACGTCCATCATCGGCGGCATACTCTTCGCCATGTTCTGGATGAAGCCCGCCGTGCCGCTCGGTCCGCCGTTCGCGTTGCCGTTGCCACCCTCCCACACCACGACCTTGTCGAACTTGATGTTCGAGATGGCCTTCGCCGCCGACTCGGCGAGCAGTGGGATCTGGTCGACCATGAGCAACTGAAACGCCTCGCGCGCGCCACCAGCCTTCTCCACGAGCTGTCCCAGTGCCTCGGCGCGCTTGGAGAGCACCTCGTACTCACCTCGGGCCTGTGCATCGAGCTTTGCGAAGATCGCGGCGGCTTCGGCGGTGGCGTGAATGCGCTGCCGCTCGGCGTCGGCTTCCGCCTCGACGATGGTGCGCGCCTTTTCGGCCTTCGCAGGTGCTTCGACCTTGGCGCGCTGCTCGGCTTCCACGCGCTCCGCGTCCGCGAGCGCCGCACGCGTCTGCGCGCGGTTGCCAGCTTCGACCACCGCCGCCTCTGCTTCGCGCTTCTTCGTCTCCACCATCTGATAGGCTTCCGCCTGTCGTACCGAGAGCTGCGCCTGCGTAGCGACGATCAGTGCCTGCGACTCCGCTTCGCCCGCGATCGCGCGGGCGTCGGCATCGGCCACCGCGACACGCTTCTTCTGCTCGGCCTCCTTCACCATCGCATCGCGCTCGAAGATCGCGGTCTGCTCACCGATCTTCTGTTCCTTGTCGAACTGTGCGATACGCACCGCCTGAAGACGTTGCGCGTCCTTCACCTGTGTGTCACGCTCGAAGACGGCCATCTGCTCGCCCACCTGGCGTTCCTTGTCGAGCTCCGCGAGCCGCACCGCGCGTTCACGATCGGCAAGCGCGAGGCCGATCTCCCGGTCCTTCGACGCATTCGCCACGAGGACCAGCTTCTCGCGCTCGGCTTCGGCCACGCGCACTTCGCCCATGCGCTCCTGATCGGCCACGTCGCCGCGCGCTTGCTGGACCGCCGTCGCGGCGGCCTTGCGGCCGATAGCCTCGATGTAGCCGCTCTCGTCGCGCAAGTCGTGAATGTTCACGTTGATGAGCACGAGACCGATCTTGCGCAGCTCCGGCTCGAGCGAGAGCTGGATCTTGTGCAGAAATCCATCACGATCGCGGTTGATCTGGTCGATCGTCATCGACGCGATCACCTGACGCAGCTGTCCGAAGATGATATCCTGCGCGTCCTTCATGATCGCGTCTTGCAGACGACCGAGCAGTCGCATC
CP053085.1_gap62	2376345	2377980	1635	GAACTCGAAATCCGCCGTCTGCCCCGGTCCCATCTCGACATGCGCCGGTCGTAGGGTCGCGACGGCAAGCGGCAGGTCGGCGCCGTCCTTCGCGATGGCCCTCCACTGCGCCACCGTGCTGTCGGTCTTGAGTGTGAACGCGATGCGCCAATCGGGATGAATGCTCACAATGCGCAGCCGGTGCTTCTCTCCCACCGTGAGGCGCAACGGAGCGGGCGACGTGCGCCCGTTCACCAGAGCGAATGGGCTTTCGACGTGCTTCTCGAGATCCGGGCCACCCCCGCCGGCTACGACGAGATGATCGTGCACGAGATCGCGCGGCCCATCACTCACGATCACCGCGCCGTACATGCCACGGCTGATCTGATGCCGATCGTTGAAATGCGAGTGATACGGATAAGTGCCGGAGCGCGGAGGAGTAAACGCCGCGACGAACGTATCGTTCGGCGCAATCTGCGTGTACACGCGCTGCCCCAATCCACTCCAATTCGGTACGCCATCCGGAAAGCTCTCGATCTCCAGACCATGCCAGTGAATCGAGGTGGGCTCGGCGAGGTTGTTCCGCACCACGATGCGCACCGGCTCACCCTTTCGTAGCTCCAGGACGGGACCGGGTAGCGTCACGCTGTCCTTGGCCGGTGCCGTTGGGCCGGACTGCAACGCAAATCCGAACGCGGTCGCGCCAGTGACGAGCCGCCGCGCCCGTTGCTGCACGAACAGACGCAACTCGCGCGCGTTCGCCGGTGACGGCTCCACATAGCCCGGCGCCGGCGTGACTTTGATGCCGACCACGAGCCCACGCATGGAGTGCCCGGCGGCGCTGCCCATCGCGCCCCCGGCCGCGTGCCCATCATGCGATGCTGCCGCCGCAACGACGGCCCCGGCGGAATCAATCGGCGATCCGACAACCGAGGCATTCTCGTCGGCGTGAAACGCAAAGTGGCAGTGGAAGAGCCAGTTCCCCGGAGTACTTGGCAAAAAACTGAAGGTGACGGTGCCCAGCGGCTTGATCAAATCCGTATTCGAGAGATGCTGCGCCGCGCGCGGCACCGGCGTGTCAATGCGTCCCGTGCCGTTCGCCTCGATCTGATAGAAGAAGCCGTGCAGATGCAGGGGATGATGCAGCGTGGTGGCGTTCACCACACGGAAGCGTGTCGAGTCACCCTGACGCAGCGTCATCGTTTCGCTATGCGGCCAGCCTTGTCCGTTGATGACCGACACCACCTCGAAGGGTCTCCCGTTGTCGTAGTCGAGAAACCACTCGCTGATCACCAGAATGTGATCAGGCATGGCGGCGCCGGGCTCGTCGACGACGATCGCGCCGCTCAGCTGGCTGTCCTTCCAGTACCGATCGGCTGCCGTGGTGCCGGCAAACGCCCCCCAGTACGCGTAGGTGCCGGCGAGGTTCAGCGCATACCGCACTTCACGCGTGGCACCCGGCGCGAGCTGCAGCGTATCGTCGCCGCCCACACCGGCGCGGAGGTCACCGATCACCAGCGCCGAGTCGGTGCGATTGCGCAGGGTGAGTATCACGGTCGTACCGCGTGGCACGCGCACGAGCGGGCCCGGCACGAGCGGCTGCTTACCTCGCTCCGCAAACGCGAGGATCGGGAGCGCTGGCGCCTCGGCACCCTC
CP053085.1_gap63	2379830	2381108	1278	GACTGTGCGCGCGAATACCGCCGAGTGGAGAATGTCGTTGCTCGCCGTGATCATGCGCACGGGGCTGATGCTCGGTGCGGTGGTCTGCGTCCCCAGCGTAATCATGGCGATGCGCGCCGGGCTGACGGGCGTCATCGTGATCGACGTCCTGGCGATCGCCGTGCTGGCGGCGCTGATCGTCTTGAAGCAGCTGCCGTTCACCGTGCGCGCCACGGTGTTCTGCCTGATCCTGTATGCGCTCGGCACCGGACTGCTGATCTGGGTCGGGGCGAGGAGTCAGATCTTCCTCCTCGGTTTTTCGATTCTCACGGCGCTGCTGCTTGGCACGAGGGCGGGGTTGGCCTCCGTCGTGCTCAGCACCGTTACGCTGTTCCTGGTCGGACTCTGGGGATCGGCTGCGCCGGAGATGCTCATGACCCCGCAGTCGCAAGGCGTCGGCTTCTGGTTCACGGTCACCTTGAACTTCGCGCTGATCGCCTCACTGCTCGTTCTCGCCATCGGTGTCGTGATCTCGGCCATGGAAGCGGCGCTGCGCCAAGAGATTCTCGCGCGTTCGTCGTTCGAACAGCAACGCACCGTGCTACGCACGTTGATCGATGCGATGCCCGATGTCGTGTTCACGAAGGATCTCTACGGTCGCTTTGAACTCGCCAATCGCGCGGCCTGTGAGCAGTTCAGCAAGGAAAGCGAGGCGCAGCTCATCGGTCTGACCGCCCGCGATATTTTTCCGACGGAGTATGCCGCGCAGCGCGAATCGGAGGACGCGCGCGTCTTCGCCGGCGAGCCACTGCTCAACGCTGAGGCGTTCCGCATTCGCCCCGATGGCACCGTGCGTTGGTTCTTGGTCATCAAGGTGCCGTTGCGCAACGCGCTGGGAGAGATCACCGGGCTGATCGGCATCAGTCGCGACATTACCGACCGCAAACTGGCCGAGGTACAGCGCGATCAGCTGCAACAGGAGTTGCAGCAGTCGCAGAAAATGGAAGCCGTGGGCCAACTGGCCGGCGGCATCGCGCACGACTTCAACAACCTGCTCACGATCATCACCGGGCATAGCGGACTGCTCTTGACATCGCCCGACATTTCGCCGGATGTGCAGGAGTCAGTCGAAGAGATCGGGAACGCGGCCGATCGCGCCGCCGCCCTGACGCGGCAGTTGCTGGCGTTCAGTCGGCAGGCGCTCACGCAGCCGGAAGTGCTCGACGTGAATGCGGTGGTGCTCGACACCTCGAAGCTGCTGCGGCGCCTCATTGGCGAGGACATTTCGCTCAGCACGAC
CP053085.1_gap64	2396187	2398080	1893	CGCCGTGTCGGCCGCGGTCGCGACGGTCGCGCCGCGCGCCTTCACGATGCTGTCGATCACCGGCTTGATGAACTGATTCGGTAGAATCACTTCCTCGTTCATCGCCGGAATCATGATGGTGAACGCGCCCTTGGCCTTGGCGGCATCCATGTCGGCCTTGTCGGCGGCTGACGCACCATGGCTCTTGGCGGCGCCAAGGCCGGCGAAGATATTCGCGCGGCCGACGACGGCTGCCGCCGCGGGGTTCGCGAGGGGCACCTTGATGATTTCGATGCGCAACCGCGAGGAGTTCGCTTCACCGCTCGGCGCGGCCACGCACTCGGCCAGCTCGCCCGCCGGACGAATGCCCGACGAACCCGACACGTAGATGTATACGTTGTTCTTGTCTTTCGGATCTTCGAGCACCGTGTGCGTGTGCGAACCGCGGCATGTCTGCACGTTGGCCACCAGTTTCGGCTCACGGATGTTCGTGATGTCGAAGATGCGCACGCCGCGCAGTCGGTCCTTGCTGATCACGTCCTTCACGCCGCCCGGCTTGCAGTCGATGCGGCCGTTCATTGCTTCGGCCGACATGAACATCAGGTTCTTGTACACGCTGACGTCGTTCTGCGACGCCGGGCACTCGTAGGCCACCACGAGCTTCGGCGCCGACGGGTTGCTGATGTCCCACACCACCGGGCCATTGTAATTGCCCTGAATGACGTAGTTACCGGTGAAGGCCAGATCGGAGTTGGTCTCGCCGAGGAACCCCTTGGGCGACACGGCCTTCGCCACGACCTTCAGGTTCGAGGTGTACTCGGCCGCGTCGAAGAGACCGGCCTTGAGGTTGTTCCGGGGGTCCCTGGCGGGCGACGGCGCGGTGACCGGCTTTCGTGGAGCGCAGGCGGCAAAGGCCGTCGCGGCGGCAACGGCCAGCAGGGCGCGTGTGGGAAGAGCGTGCATTCGGATTCGCGGGTGACGGGAGGAGAGAGCATGCGGCGCGGCGATAGAGGGAGTCTATCGCCGTGCGCGGGGTTCGTCAGGGCTGTGAGGACCGTACGGCGTGGCGGGGCGGATCGTTTCGCCTAGGAAGCCGGTCAGGTGATATAGCTTGAGCGCAATCCGAAATAGAGGAGGCTGCCCGCTAGCAGCACGACTGAGATGGTCACGCCGGCGACCCAAGCCACCGTTTTGCGGCCGTCGAATTTTCGCAGTGTGACCTGACCGAGGTCGGCACGCGCCACCGCCACCCGTTCGCGCGTGCCGTCCTTGTTGAGCTGAATCCCCACCAGGCTGTCTGCGCCTATCCGGACATTCCACAGCTCCTGTTCCTTGCCATCGGCCAGGCGAACTAGCATGCGGCCAACGCGCTTGCCCGCTACTGGCTGCAGCGCCTCATTCGGACGACGCGTAGACGTGCCCCAGGTCGTGCACGCCGACAACGACCCAACTATGAGCATAGCCGTCACCACGCGCCGCGCCCGAAGCCGCGCGCCCGTCATTCCAGCCGATCCCGCGTCGCGATCAGCTGCTCGATCGCGTCAGCCACATGGCTCGCATCGATGTGATGATCGCCCCGGGCAATCCGCAGCCGGTAGGCCGCCATCAGCACGTCGGCATCCCGGAAGCCACTGGGCGTCTCGAACTTGTAGCACGCGAGTTCGACCTTCAGTCCGTTGGGATCGCGCAGATAGATGGAGTCCATGAAGCCGCGGTCACGCTGCGTGAACGAGATTCCACGCTGTTCGAGTCGCGCCGGCGCCTGCTGAAAGGAAGCGCGCGACACGTTGAACGCGATGTGCTCCACACAGCCCACCTCGCGCGGCGCCGCACGGCCTGCGTCCGGATGCGCGTCGTTGGTGAACACGGTGAGCAGACGTCCGTCACCAGGATCGAAGTACAGATGATTCTCCG
CP053085.1_gap65	2541882	2544544	2662	ACTTCGCACCCCTTCCTTGAGGAGCAACTCAGTCGCGGGTGACACTGGATGATCAGCGGTGGAATCCGAGAGGTCGTTGAGAATACGAGGACGACCCGATTCCATCACCGACGCCAGTGAGGTGTCGGCGAGTTTCGCGGCAAAACCCTACCCTTTTCGATCGCGACCCGTGATCGAGGATGTCCTCGACATAAAGACCCTGCACCGCCTGCTGACTGAAGGCGGCTACGATTGCATCCGCCTTCTGCCGTGTGGCCATCCGGTTGGCCAGATTGAGAAGGTACTCGTCCAGACGATCGATATCGGCATTGGTGCCATCCGGCGACGGAATGGCAGTCCGACTCTCGGGGAGGTGCCGGATCACCTCGTTGAACTGTGCGAGCCGAGCGCAGGCCATTGCCGGGTCTGCAGAGGTGGGGTAGCAGTCATGAAGGGTGCCGGGCTATCGCGATCGATCGGATCGCGCGATCGCGTCCATTCGGGCGGGCGCCTCCGGACTTCGCGAGCGACAAGAGTCTGCTCAGTACACGCGTTGCGACGGCGACGGATACGGGGTGTTTCCCGGACGCACCGAGCCCACCTCAGCAAACCGGCCCCCAACAGGGGGCCGGTGCTTGGAGGGCTTATAGCGGAGCCGCTTCGCGGATCAGCTGCACGACGTCGGAAAGGTCGGCATCCCGGATTCGATTTTCCTCAAGCGCGACTTCCGCACGCCGGATGGGACGGCACTTCGATCCAGCCGTCGTTGCCGCATTTTGAACGATTCTCGCGAGTGGTCTGCCTGCGCTCGCGTCCGAGCGGTAACGTTCCCACGATGGCCTGCCCGGAACGCCGGTGGTGCTAGGCGGCGCTTTCACTCGGCTGCGGGACCGGCGCTCGCGCGACCTCTCGCTGCCGACGCCGTGCCGACTTCTCTTCATACATTCGCGCGTCGGCCTCGGCGACCAGCTCCGTCAGTGAAAGAGTCGACGACAAGACGTGCCGCACAAAGCCAAAACTGATCGACAGTTCAAACGCTGGCGTCCAAGCGAGATTTTGCGCAGCTAGATGATGCCGGATACGCCAGGCGATATCCCGTTCGGCGTGCAACGGCACGTCGACTGCCAGAACGACAAACTCGTCGCCGCCCAGACGCGCGATCACGTCCGACGCACGAAACGCGCGGCTGAGTACGCTGCCGACTGCCTGGATCGCGCGATCCCCTGCCTCGTGACCGAATTGGTCATTGATCGACTTGAGCCCGTCAAGATCCGCATACATCAACAGCACCTGGGTGTCGGCCGGGTACTCGCGAATTCGCTGCGAGCCGAGGAGGTGAAACCCCCGTCGGTTCTTGAGGCCGGTGAGTTCGTCCGTCACCGAGAGGCGCCGAATTTCCTCGAGCAGTGCGGCCCGCTGCCGTGCGTAGCGCAGCGCCCGCTCCAGTACAGGACCCGTGATCTCCTGCTTCACGAGGTACTCGGCTGCGCCCGCCCGCAGGGCCGCGAGATCGGTGTCCCGGTCTTCGACACCGGTGAGGAGCAGGATGGGAGTGCGACATCCAAACTCGGCGGCGGCGGTGAGAAGCTCGAGGCCGGTGCGGGCGCCAAGCTGGCAATCGAGCAGGCAGACGTCATGTGCCTCACGACGGAGCGCCGCTAATCCAGTTTCGTAGCTATCGGTCCACTCGAGCGAGAACAAGGCGCCCGGCACACGGTCGAGCAGCGTCCACGTGAGCAAAAAGTCGTCGATATCATCTTCAATGAGGAGAACCCGAATGGGCCGATGGACGTCCTCACCGTCGTTCGAGACGACCTCCGGAGCCTCAGTAACCAGCACGCGACCCCGCCCTGGTGGGAAGTTCGACCATCTGGAACCAGTAGCGATCCAAGACCTGCATCACGCCCACCAACCCATTGAACGACACCGGTTTCATGATGAACGAGTTGGCGCCGAGCTCGTAGGTCCGCAAAATGTCCTCCTCGTCTTTCGATGTCGTCAGCACGACGACAGGAATGCTGCGCAGCGCCGGATCGGCCTTAATCTCGCGCAGCGCTTCGCGTCCGTCCTTGCGCGGCATATTAAGGTCGAGGAGGATGAGGCCGGGCCTCGGCGCGGAGCCATGCTCGGCGTATCGTCCACGACCATGCAGATACTCGAGCAACTCTTCCCCGTCCTCGACGAACTGCAACAGATTGGCGACTCGACTCCGCTCGAACGCATCCCGCGCCAACTGCCGGTCATCTGCGTCATCCTCAGCCATCAGGATGACGGTAGGTCGAAAGGTGGGATTCACGCCGTCGCTCCCTGTCCGCTGTCGTGAACGGGCAGCCGCACGATGAACGTCGTCCCGACGCCCACCGTGCTTGTTGCCGTGATGTTGCCTCCGTGCCGTTCCACGATCTTGCGGCAGATAGCGAGTCCCATGCCCGTGCCGTCGAACACTCCGCGGCCATGCAGGCGCTGAAACGGATTGAAGATCCGGTCGAGAAATTTCTCGTCGAAGCCGATGCCGTTATCCTCCACCGCGATGCGGCACCAGCGTCCGGTCGGCAACCCCCTGGTGTCCGTGCCGTCCTCTAGCCGGGCCCGGACGTCGACCATCGGCGGAATGCCTTCGCGATGAAACTTCAGCGCGTTGCCGATGAGATTCTGCAGGAGCTGGCGGCACTGCATCTGGTCA
CP053085.1_gap66	2685088	2688620	3532	CGGTCGGCAGCTGCATGGAGGGATAGTTGGACGCCTGCGCGTCAGCGCGTTCAGTCACGGTGAAGGCGGCCACGAAGGCGCCGAGCGTGAAGGCAACGGTCGTACGCAAGGTCATCATCGATCAGGCTCCGGGGTACAGGAAAGTCAGAAAAGGAATCGGCGGAAATCAACGCCTTCCCACCGTGGTTCGCCACAGCAAGCCGGGACGAACGTGTGTCGTGCAGTTCACTACGCGTGTGACGGCCCACAGATTCTTTCCGGTGAATCCGATCTGGCAGTCTACTCCGTGATGCGTCTCGCGCCTTCTACCTCGCAGGCTCGGCTTTGGTCCACGCGCTTGCCACGTTGCCTGTGCGTTGCGGTGGTCGCGCTCACACTGCACCCGCTGGCCACGCTAAGCGCGCAGACACGCCCGACGGCGCCCTCGGCGGAAATCGACTCGTTGATTCAGCGCGGTCTCTCCCTCGTCGCCAAGGGCGACACCGCCGAGGCGCTGGAAGTGCTCGAGCAAGCCACCGACCGTGCGCCCCGGAATCTCGAGGCGCTGTATCAGCGCGGGCGGCTGCTCACCCGCACGACCTCGCTGGGCTTCAACAACACGCCGCGGCAGGTCCTCGCCTGGCGGCTGCTCAACCGTGGTTCTGATCTCGCCCCACGCGAAGCGCGCTTTTTGCTCGAGCTCGCCCGTCTGCGGCTCCGCACGCCTCTGCTACGCGCCGATGCCGAACGATTGCTCGGCAAGGCGGTCACCGTTGCCGTCGCGGCCGCTGACACGGCCATGATCGCCGAATCGGCGAGTGAGTTCGGTCGTTTGTTTGAGCGACGCTACCGGACCACGCGAAAGCGTCACGTCTATATCGCGAACATCTTCTTCGATCCGTATGCCGCCCGGAACCGCCTGCACTATGTGCGCGAGTTTCTCGAGCATCAGATTCGCCCCATCGAAAACGCCGGTGCCGCCGATCGCGCCGAAGCGGATCGGCTCTACCGGTTGGCGCTCTCGGTCGATCCCGAGCATGTCGCGAGCGCGGTCGGGTTGCTCGGCCTACTGTACGACGAGCAGCGTTACCCCGAGATGCGCGCGGTTGCCGCACCGTTTCTCACGCGCGGTTATGATGTGCGGCATCCGAACCCGATTCCCGGCGAGGCTGACGTCGCGTCGGTGGCATCGATCGCATTTGCTGATGGTCTCGCCGCCGCCCGTCTCGCCGCGCCCGCCGACGCGCAGCGCGCCTTTGCCGTGGGGCTCGCCCGGCTCTCGCCGCGCGAACGTCGCGACCTGCTCGATATTTCCCGATTGCTCACGCGGGGCGACAGTGTGCGGGTGGCCGGCCTCACGGACACCGCCCGTGACGCCACCATCCGCTCGTTCTGGGAGACGGCCGATCCGCTGATCAGCACGCCGGAAAACGAAGCGCAGGTCGAGTACTACGCACGCGTCGCCATCAGCATGCTGCGCTACGACGATGCGGAGCAAGGCGTGCGTGGTTGGCGCACCGATCGCGGTACGATCGTGATCCGCTACGGCGAGCCACCCGTCGAAGTGTTGTTGCCGCCAGCGAATGACATTTCGGCGAGAGACGTGACCGGTCGCATCGTCACGGTCTTTTCCTATCCGGCACTCGAACTCGAGTTCGTGTTTTCAGGGCCACCGGCCATGAACTCGGCCGGTTTCGCCGGCGACTTCCGCGACGTCGCCGATCAGCGTCGCAACGATGAGCCGTTCCGACTCGACGACGTGGCGGCCAGAACGCGCGTCGATTCGATGAGTGTGCAAGTGGCGCGCTTCCGTGGGCGCAGCGCTAACGAGTACCAGGTGCTCACCGCGGCAGCCGCGCGCCCGGCGCGATTCTACGATGGCGTGGAGATCGACCGTGGCCAGCTGTCGATCCGGTCGTTCCGCGGATCACCGGATCGCCTGCGATTAGTCGACTCCCAGCAGGTCACGGTGACGCTTCCGACGTCGCGTCCGGTGGAGTATCTCCGGCTCGATACGCTTCCGGTCGGCGATCACCGCGTGCGTATCGAAGTGGTGGACCCGGGCGTGCAGTCGGCCGCGGCGCGGGCCAGTGTTGCCGTCTCGCTGCCGCCAATGCGCGACACGACGTTGATGCTGAGCGACATCCTGCTCGGCACGCGCGCTCCCGACGGCATGGGCCGCACGCTGCGGTCACTGGCCGACGCTGGCGTGCGCCCATTGTTCGGGACACGCATCGCACCGCGAGATACCTTCTCGCTCTATGTCGAGGCGTATGGTCTCCGCCCCGACGCGCGCGGAGACGTACAGGTGGAGATCACGCTGGCCGTGACGCTCCTGGAGATCAGTCGATCGGGTCCGACCATCGAGCGATGGCTGGGAAACATCGCCGATGTCGTCGGTCTTACTCCCGAGGGCGACAAGCAACTCGGCATGCGCTTCAGCAGAACGGAACGCCTCGATGGACGCGATCGAGTGCCGCTGTTGACGTCCATCGGCATGGGTACGGCACCGAGTGGTCGCTATCGGCTCGACGTGCTCATGCGCGAGATCGGCAGCGACCGTCGCACGCAGGTGTCGCGTGAATTCACCATCGGCTCCATTGGAGAATCCGGGAAATGATGCATTCGAACGGACGCGGCGTGTCGCGTACGCTCTCGCTATCGGTCGCCTTCTCGCTACTGGCAGCAGCGGCGTCCCCCGCGGTCGCGCAGCGCGCGGCCGACGACGCCGGGGGCTCTCCCGTGCGTCGACTGCGATACACCGTGGTCGGTGGCCTGGTCGGCGTGGCCATGGCGGCGGGCTACGCCAGTGTGGTCGACAAGGCGGTGCCGCCATCGTGCGATCCATGGGGCTGTGCGATGCCGTTTCTGAGTTTGAGCGGCGCGATCACGGGCTTATTTCTGGCGCGCGAGATCGATGCGCAGCGCCGGGCAGAGCGTCCACGGGTCGGTATTCGGGATCGCGTGGGACTCGAGTTCGCCGTGCTGCCGGCCATGCCGAATGGCATGTCGCTGCGCGATTCGCTGATCGCGATCGTTTCCGACAGCGGTGTCTCGCTGTTCGCCGCCGAAGCGAAGCCGCGTGCGCTGCGTCGGCGCGGCGTTGGATTGCGCGGTCTGCGCGACGTGGCGCTGTTGCCGGGCAACGAACGACTGCTGCTCAGCAGCGACGTGGCGCTGTACGGTACGAACAGTCGGGCGGGTACCGCCTCGCGCCTCCTGGACGGTGCGATCACGGCCATCGCCGTTGGCGGCGACGGGTGGCTGGCGGCGCGCGGTGCCGTGATCACCATCGAGCGACCGCGCGGCGACGCGGCGGTACGCGATTCGATCGATGTCGGTACGCCGGCGATCAGCGCCGCATACGACGAAAGCTCCGCGTCTTGGTGGGTGGGCACGGACTCGGGCCTCCTTCGACTGGAAGTGAACCCCGACGCCGGAAGGGGCCTGCGCATCGCCGAGCGTATCAACACCGGTGGTGGCGTCCGCGCGATCGCGACGTCCCGCGAGTGGATTGCGGTGGCCCTTGGCGAGGCCGGCGTGACCGCGTGGC
CP053085.1_gap67	2739365	2741171	1806	TACTCGCCGCGACTGAGCGCCAAGTTGCACAAGGAGGTGCCACGCTCGGCGCGCCTCGCCATTTCGACGACCTGAAACCAATTCTTCAACAGCCGAACGGGTGGCAGTCGTCTCCGCGCGAGGTCGCGTGACAGCTCACTGCGATCGGCAACGCCTATAGTTGCACAGGCGTCAGCGACGGTGACCGCCAACCGCAGCTCGGCGAACAGTTCCGCCAGCGCACCCATCCGAACACGGAGCTCCAGCCAATGCATCTTGACTTCGTCGTCACCGTATGCGCCGGTGTCAAGCAGCAAGCATTCCTCCGCCGACTCCAAATCGCTCCACTCGATTCGCCGTTCAAGACCAAAGTACTCAATACGTGATGCGGCGATTGCGACTTCATACTTGAAGCGGAATCGTTGGTGCGCAAGAGCAAATTCGCAGAGACTGAATTCTCGTTGCCCACCATGTTCTCCAATGGCCCACCGTGTTCGCTTACAACCGCATTTTCGCGCAACGCCGCGTGTTTTCGTCCCTCGCGCTGCACTCAGCACCGCGCGGTCCCAATCACCCACCGCACGATCCACGTACCCGCGGTCTCACCTTCCGCGTGCTGCACCAGCGCCGTGAGCGTATCTCCGCGCATCGCATAGCGCGCCGGAATCTCCGCCGAGACCAGGAGCTGTACTTCGCGGCAGTTGCGCCGCGAACGCCAGCCCACAACTAATACGTGCGCCGGCCCCGTGAAAGTGCCCTTTGCGAAGGTGGGATCGCACGTGATCACCGCCGAACGCTCGCCGGAGAGCATGCCCACGAGCATCGGGAACGACCAGATGACGGCGAATGCCGGCGCCTTCGACGGATCGCGCGGCAGCTCCAGCATCACCTCGGGGCGCGCGCCACGTCGCGTAGAGATTTCCAGCGCCACCGAATCGATCTGCTTTGATGCCAGATGCCAGCGGTACATCATGTTTGACGCTTCGAACACGCCGACCACGGTGCTTTCATCGCGCTCCACTTCCGGTCAAGGGGTCAGAGTCGTTGAACGCCCGTTCAACGACTCTGACCCCTTGAACGGCGCCGACCGTAGGGTTGACGACTATTGGGTCGTCCCTAGTACCAATACGTAGGTCCACACTCGGATGGCGAGGTTGATCGCCTGAAACTTCTACCTCCATTCCGCCGAAGCGTAGTTAATCGCGCACCGGCTGAGTCCACGCGGACAGCAAACAAGCGTTGAGCGTCCAACGAAAGGGTCACGAATCGACCATCCGCTCGAGTGCGCTCCTCTGGGAATCCTGTACCCATATGTCGATCCAACACAGACGAGCCATCGACTAAGCCCGCGAACCAGACATCGTCTGTCGTGACTACAAAAGGCTTACGTGAGCGGATGAGGGGTTCTGGAGTAAGCCTATTTAGGCTGTTGACCAGTGCCTCGCGGTCCGAGGCCTTCCCCAGCTCGTCAGCAGCGGACTCAATGAGCAATCGACGTGCACCAGGACTGAGAGTATCGACCGGAGACGAGAATGGGCGGGATGAACGCGATGACTTCGTACTGAAGCTGAGAAGTGAGTCGATGACGACGACCGAGTCGCCGCACACCGCGAATGCCCTAGGAAACGGAGATCCTGGGATTGCGACCAGCTGACTCGACTGCTGAGTTATCGCAACCAACGCGCGCTTTGATCCGTCGACACGCAGAATGGGCTCAGGCTGCCGATCCATCGGCCCGCTCAGAATGGTCAACACCTCGCGAGACACGGCAACACCGTGGTCAGTTTCGTTCCTGTTCGTTGAGCTGACCCCGACGAACATTCCGTT
CP053085.1_gap68	2746508	2749442	2934	AACGCCCGCCGATCGCCGAACTGATGCGCCGCGCCGACGAACTCGGTGTGGCGGGCTACGTGTTCGGTCTGCCGATCGATCCCGCCGGTGCGGAAACCGACCGCTGCCGCGAAGTGCGCGACGTCGCTGCCAAGCTGATTTCGCGTCAGCCGCTGCCGGTGCGCCTGGTCGACGAGCGCTTCACCACGTCGGCCGCGCTGCGCAGCATCAAGGAACAGGGAGGCAGCACGCGAGGTCGTAAGGAAGAGGTGGACGCACTGGCCGCCTGCATTCTGCTGGAAGGCGTACTGCGCGCGTCGGCGCAGGGTGTCACGCTAGGCGAGCTGGTCGAGGCGTAAGTGGCACGGCGCTCGCGCTCACGCGGCGGCTTGACCCGTATTCTGTTGCTCGCGGCGCTCGTCGCGGCTGCCTGGTACGCATATGGCGAGATCGAAGGCCGTGGTGATGCGGCGACATCCAGCGAGCGGGTGGTGATTCCCAAGGGCGCGTCGATGCGTGCCGCCGCGGACTCGCTGGCCGCGCACGATGTCATCGGCTCGCCCCGTCTGTTCCGTTGGTACACCGCGGCCGCCGGTCGTGAACGCACGATCAAGCCCGGCACCTATCAGTTCCCGTCGGGTGCCGGTTACGCCTATGTGCTCGACGCGCTCGTGACCGGGCGCGGCATCATGCGCACGGTGGTCATCCCCGAGGGCTTCGATCTGCGCGACATTGCGCCGGTGTTGGCCAAGGCGCTGTCGGTACCCGAAGACTCCGTGCGCGTCGCCGTGACCGACACCACATGGCGACGGAAACTCAACGTGCCGGCCGCATCGCTCGAGGGATATCTCTTTCCCGCCACGTACGCGTTCGCCGATGGCACCACGGCGCGCGAGGCGGTGAATGCGATGCTCGAGCGGTTCGAGTCAGTGTGGAAGCCCGAATGGGACCAGCGCGTGAAGGCGATGGCCATCTCTCGGCACGATGCCATCACGATGGCCTCGATCGTCGAGAAAGAGGCCCGCAAGCCCGAAGAGCGCGCCCTGATTTCGGCCGTGTACTGGAACCGCGTGAAGAAAGGCATGCTGCTGCAGGCCGATCCCACGGTGCAGTATGCGCTGCCGCAGCACGTGGACCGCGTGTTCTTCAAGGATCTCGAAGTCGAGTCGAAGTACAACACCTACAAGTACGTTGGCCTGCCGCCCGGCCCGATTGCGTCACCCGGTGAAGCATCGATTGCCGCCGCGCTCGCGCCGGCCGATGTGCCGTATCTGTTCTTCGTGGCCCGCGCCGATGGCGGTCACGAATTCCGTACCACGTTCGCCGAGCATCAGCAGGCGATCGCCGAGATCAAGCGGGCGAAAAGCAAGGTGAAGCCGTGAGTCGTGGTCCACGCATGGAAGGGGCGGCGGTCGTATCCCGTCGCGCGGTGCAGCGTTTGCGTGGGGGACATCCGTGGGTGTTCCGCTCGGACGTGGAACGCCGGCCTTCGCAGACCGCCGGTATCGTGCCTTTGGAAGGCCCCGACGGTGCGCCACTTGGCTACGCGTTGTGGAGTCCACTGTCGGAGATTTCGTTGCGTCGCGTCGAGACCGATCTGTCGCGCACGCCCGATGCCGCCTGGTGGCATGAGAAGCTGCGCGCCGCGATCGCGCGTCGTGCGCCGTTGGCTGGTGAAGCGAATGCGTATCGACTCGTGCACGGTGAAGGCGACGGCTTGCCGTCGCTGGTCGTGGACAAGTACGGCGACGTGCTGGTGATACAACTGCTTTCGGCCGGCGTAGACGCCTGGACCGATGCCATCGTGTCGTCGCTGGTGGAGCTTACGGGCTGTACCGGTATTCTGGCGCGCAATGATCCCGCCGCGCGCGGTCGCGAAGGGCTGCCGCGTGAAGTGAAGCTGCTGTACGGCGAGGTACCGCGTACCGTGGAAGTGGTGGAGCACGGCGTGCGCTATCTCGCGGCCCCGTGGGACGGCCAAAAGACGGGCGCATTTCTCGATCAGCGCGAGAACCGTGTGCTGATCGGATCACTGGCCCGCGGTCAGGCGCTGGATTGCTTCGCCTATCACGGCAGCTTCGCGCTGCACTTGGCCAAGAAGGCCGACCAGGTATTCGCGCTTGATGTATCGGCGCCGGCGCTGGCGCGCGTGCATGAGCATGCCGAACGCAATGGGCTGACCAACATCGAGCCGGTGGAAGGCGACGCCTTCGATATTCTGCGCGCGTGGTACAAGGAGGGACGCCGGTTCGATACCATCGTAGTCGATCCACCGGCGTTCGCGAAAACCAAGAGCGCCATCGACGGCGCGCTGCGCGGCTACAAGGACATCAACCTTCAGGCCATGCGCCTGCTGGCGCCGGGTGGATTGCTGTTCACCGCCAGCTGCAGCTTTCACCTGTCGCGCGGGCATTTCTTCGAAATGCTGCAGGACGCGTCGGCCGACAGCGGGCGCGCCTTCGCGCTCCGCGCGATCACCGGCCAGCCGCTGGATCACCCGGAACTGATCACCGTGCCGGAGACCGGCTACCTCAAGGGTGCCCTGCTCGAAGCGATGAGCTGAGCGTGCACGTCGCGATCGAAGCCGTCAAGCTGCTACATGAGCGTCGTGGCATCGGTCGCTACATGCGCAACCTGTTACCGCAGTTCGTCGATCGGGACCCGTCGCTTCGATTCACGATGTACGTGCGGCGGGACGACGACATGACACTGCTCAGGGCGCACCTGGCCACGCTACATGCGGCCCTGCCCGATCGCACCACCGTCGCACACGTGCGGGAGTTGCCGCGCACCGATGCCGACGTGGTGTGGTATCCATGGAATTTCATTACCGTGGCCGCACCGCACCGGCCGATGGTCGTCACGATGCACGACGTGGCGCCCATGCTGCAGCTCGACCATCGCTGGTGGAAGCTGCTCAAACGCGTGCGCTTCACGCGCCGCTACCAGCACACC
CP053085.1_gap69	2753132	2754679	1547	AATGGCAACCATTTACAAATGCGAACGGAGTGGCATTGGGCGTGCTTATAGAGAGCCCGATCGGTCGCTTCTGTGCGACCCTGCAGTGCTCACACTCGGGGTGGAGGATCACCCACAATGCGTCTCAAAGAGTCAGTTCTCGTGCTGCAACAGCGCGAACCCATGGGGATCGTGATCGCCGACGGTGGACCCGGCGATCGTCCGTCGCGTTTTGCCGCCTTCGTGTGGGGCCCTGTGCCCGACGACGAGGTGCTGGAGATCGAGCGCGTGACGGAGTTCGTCGCCGCCTCCTGAAAAAGATCGGCGGACAGTGAAGGACATCATGGAAACGTGAAAGGCGCCGGCAGACATGCCGGCGCCTTCGCGTTTATACACCTGCAAACGGCACGAACGCGATGTTACGCGGCGACCGGAGCCGGAGCGACAACCTTCTTGGCGCGCTTGGTGGCCTTGCGGGCACCCTTCTTCGCAGCCTTCTTGGCGCCCTTCTTCGCGGCCTTCTTCGTGGCCTTCTTGGCACCCTTCTTTGCAGCCTTCTTGGCAACCTTACGGGTCGCCTTCTTGGCGGTCTTACGGGTCGCCTTCTTGGCCGCCTTCTTCACCGACTTCTTCGCGGCCTTCTTTGCGCCCTTCTTCGCGACCTTGCGGGTCGCCTTCTTCGCGACCTTACGGCCACCCTTCTTTGCCGCCTTCTTGGCGGCCTTCTTGGCAGGAGCCATTTCGAAAATCCTCTCGAGGAGGTTTGGTTCGCACTCCCTTTCCCCCGGTGGAAAGGTGAGCTCACACAAGGCGCGGCGCATGCACCGCGGTCTTATGCGCTACACGGTCTCCAGAGGAGTCGTGCAGGTGGATGTCCGCGTCGACCAGCGACGGGACCAGGCAGGAGCATCGCGCAGCGCAGAAACGCCAAGAGCGTAACGCGGCCGCACAGTTCGTTCACGAAGGACGGGGGAGATGCGCGCGAGGCAACGAATACCGCATCGAATGCCGATGGTGTCGTGGGAAGAGACGACACGAAGACCGCGCGGCTCACGCATCGCGATGGCGACAGCGGAGCAAGCCGTCGCTCCGCGCACAGGCGCGAGCAGCGACGACGAAACCGTGGTCTGAACCGAAACTCGGTTCGCCACGCCAGAGGTGGTCGCCAAAGCGACCGTGGACTGCTCGAGGAACTCGTGCCGTTTTATGGCCACGCGTTGCCGATGAGGATTGCGCACCCTGTTGCCGTGTTGCGGGAACCACGGACACCCGGATGTGGACAGAGCACGCAAGTCGTTGAATTCACGCGAATATACGCGTGGATAATTCAAGAGCGCAATAGCGCGTATAAAGAACGCGCGCGATTACATCACCCGAATTCAAAATCGGACGTCGAAATCCGGCCTTCCACGCGCTCCGCGCGCGTGCGACTTTTCGCCTTCTGACCGCACGACGATCTCTCCTGGGAGTGACATGAAAGCGCTGGTGAAGCAAACGGCTGGTCGTGGACTCACGCTGACCGACGTACCCGAGCCGACGATTCGCGACGACGAGGTGCTCATTCGCGT
CP053085.1_gap70	2859730	2860695	965	GGCCATGAGGCGTCCGCGGTATTTCTCTTCGACCAGCAGCTGCAGCACGCCGTTGGAGAGGGCATTGAACGTGATCATGGCCACCCCCGTCGCGAAGAGCACCACGTACGCCATCGTGAGCGTGGTGGTATAGGCGAAGCCCAGCAGCAACGTGGGGAAGGCCAGCCCCGCCGTCATCAGCACGCGCCCCTTGTCGGCCGCGTGCGAGATCGGCCCGGCCACCAGCAGGGCGCCCAGCAGACCACCCACACCCACCGTGGCCAGGAGGGTTCCATACCCGCCGGCGCCGAGCCCGAGCTGGTCGCGGGCAATCACCGGCATGATCGTGAGGAACGGGCCGCCCAGTACCGCGCCCACCGTGACCAGCGCCAGCAGATCGCGCACCGGCCCCGGCTTGGCCAGATGCCGCAGCCCCTCGGCCGCCCCTGTGGTACTGCGATCGATCAGCTCGTGAACACCCGTCACCGTAAGACGTACAGCGTTCGCAATCGCCTGCTCAGGCAGCTTGATTCGCAGCAGCCCCCACAGCACCGCCACGAAGCTCAAGGCGTTGAGGCCGAAGCACCAGGCAATGCCGAATCGGGCGATCACCAGACCGCCGATGGCCGGGCCGATCACACGGGCCAGGTTGAATCCGCTGGAATTGAGGGCGATCGCCGGCTGCAGGTCTTCGCGACCCACCAGCTGGATGATCATGCTCTGCCGGGCGGGAATCTCCACCGCGCTGCACAGCCCCTGCACAAAAGCCAGCACCAGCAGGATCGGCACCGACACATGGCCGGTGATCGTGACCAGCCACAGCACCGCCGCCTGGGCCAGCAAGATGCTCTGCGTCACTCGCACGATACGCAGCTTGTCGCCATGATCCACGAACGCGCCGGCGTGCATGGAAAAGAGCACGATCGGGATAGCGCCGACCGACGCAACGAGCCCGACCACGAAGGCGCTGTCGGAGAGCTGAAGGG
