gap_id	start	end	length	sequence
CP055308.1_gap1	127326	129029	1703	CTTGAGGTTCGGGTGCCCCCAACTTTGCTGACTTGACGGGCGGTGTGTACAAGACCTGAGAACGTATTCACCGGAGCTTGGCTGATCTCCGATTACTACCAATTCCGCGTTCATGAGGGCGGGTTTCAGCCCTCAATCCCCACTGAGACGCTGTTTGATGGGATTAGCTCCGCCTTACGGCTTGGCAACCCATTGTTAAGCGCCATTGTAGCATGTGTGTCGCCCCGGACATAAGGGCCATGCTGACTTGACGTCGTCCCCACTTCCTCTGAGATAAACTCAGCAGTCCCGAATGAACATCTAACATTCGGCAGGGGTTGCGCTCGTTACCCCACTGAAGGGAACACCCCACGGCACGAGCTGACGACAGCCATGCAACACCTGTGCTAGGTTTTCAAAAAATTTGAAATCGCTTTCCATCTCTGGAAAACTAAATGCCTAGCATGTCAAACCCGGGTAAGGTTCCTTCGGTTCGTCTCGAATTAAACCACATGCTCCACTGGTTGTGCAGGTCCCCGTCAATTCCTTTGAGTTTTAGCCTTGCGGCCGTACTCCCCAGGCGGCTCGCTTAACGCGTTAGCTTACACCCCGCACCAAAAGGCACAGGGCTAGCGAGCATCGTTTACGGCTAGGACTACAGGGGTCTCTAATCCCTTTCGCTCCCCTAGCTTTCGTGTCTCAGCGTCAAGATATCCCCAGCTGTCTGCCTTCGCCCTTGGCGTTCCTTATCATATCAACGGATTTCACCCCTACATGATAAGTTCCAACAGCCCCTAGATACTTCGATTCCGGCAGTATTGCGCCCATTCCTGAGGTTGAGCCCCAGTTTTTAAAGCGCAACTTACCGAAACGCCTACACACGCTTTACGCCCAGTAAATCCGGGTAACGCTCGCACCCTACGTCTTACCGCAGCTGCTGGCACGTAGTTAGCGGGTGCTTATTCGCCAAGAGGTCTCCCTCTTGGCAAAAGTGGTTTACGACCCTAAGGCCTTCATCCCACACGCGGCGTCGCGGCGTCAGGCTTTCGCCCATTGCGCACGATTCCCAGTTGCTGCCACCCGTAGGTGTATGGGCCGTGTCTCAGTCCCATTCTGGGGGGTCAGACTCTCATCTCCCCTAACCGTCGTAGCCTTGGTAGGCCATTACCCCACCAACTAGCTGATGGTGAGCAAGCCCCTCCACAAGCGGGCAGTTACGCCCTTTACTCATGGCAAGCATGAGATTATGCGGTATTAGCCTGCCTTTCGGCAGGGTATTCCTCACTTGTGGGTAGGTTCTTACTTGTTACTCAGCCGTTCGCGACTCCCTGAACCAGAATGCAAGCACTCAAGTTCAGGGCGTTCCACTTGCATGCTTAAGGCACGCCGCTAGCGTTCACCCTGGGCCAGGATCAAACCCTCAAAAAGTGACAGAGGTGTATTGCTTTGACTTTCAATACACATGCCTTGCCCATTGGAGTAATTCCAATGCCTCAAAATTGAGGTCTCCCAGCCATAATTTGGATATTGAAATTTTCAACTGTTAAGGTGCCCGCTTTTAATTAAAAAACCCACCAGACGGTGGGCTACCAAATAAGCTTTCGTCTGGTTTAAAACAGTTCCATTTCAAAAGATGCCTTGCGGCAAGAAATATTCTACCACAAGCACAACTCAAGTCAATATCGTATTTACCTCTATATTATCTTTGCTTTGGAGGTCTTGCT
CP055308.1_gap2	141231	142068	837	GTTTCCCAGACCCGCCAAAAGTTTCATACAGAAGTATTTTATCACTTCCTACTTTTAACTCTGTTTTACAAAAGGAACAAAATGGAAAATACCAAATTTTTCTTTTCTAAATTCCCCCGACTTAAGTTTTGTCAATCGAAGCATCACTTTGTCTTCTCCCTCTCCAACAGGTGCTATTATTCTGCCACCAACTCTAACTTGCTCCCGAAGAGCAATGGGGACAGGATTATAAAGCCCTGCTGTTACTATTACTCCATCAAAAGGGCTCGCCTCTTCCCAGCCAAATTCACCATTTCCCTTTCTTACAAATATATTTTTATAATCTAACCTTTTTAACCTTTTTCTTGCTTCTTTTGCCAACCTACCTATAATCTCAATTGTATAAACTTCTTTAAAAAGATAAGACAAAACTGCAGCTTGATATCCACTACCTGTACCTATCTCCAAAACTTTATCTCTCTTTTTAAGACCTGATATTAAAAGATGACTCATAAAACAAACAGTGTAAGGCTGGGAAATTGTCTGTCCACAAGCAATAGGTAAAGCATTATCCGAATAAGCAAGATGCACATACGAAGGTAATACAAACTTCTCACGGGGGACCTTTTTCATAGCAGAAAAAACAGCTAAAGCATTAAGCCTATAATATTTTCTAATCTGCCTAATCATTTCGGCAGAATCAGACATACTTAAATCATCTTTGCCACAAATTTACCAATATAAGGAAGCTCCCACTTTTCCCCAGAATACGCTTTATAAATAAGCATAAGCCACAAAACAAAGCCTCCAATCCAGACAACTCCCCCCAATAAGGCAGGAATCCATGCAAGAAATATT
CP055308.1_gap3	147293	148480	1187	GAAAATTATCTTTCTGTGCTCGTGATCTAACTCCGAAAAAATATCATCAAGCAAAAACAAAGGCTTGTCTCCGGAAATCATTTCAATAAAACAAAACTCAGAAAGCTTAAGCCACAAAACAGCCATTCTTTGTTCACCACGAGAACCAAAACGCGAAAGATCACGTTCTTTTTGGTTTGAATTTTTCGCCTTAAAGATAATATCATCTCTGTGGGGACCTACCAAAGTAGTTGCTGCTGCAATTTCCTCCTGTGCATATTGCTCAAGCCTTGCCTCACTAATAGCGCTTTTGTCATATTCCAACTTAAAATCATTAAAATTACTGCCAATTTCAAGTTTATTTGCAAAATCAACAAACTCCTCCCTTTTTCTTGATATATAATCTCCATTTTTAATAAGCAATCTATCCCAAAAAAGAAGCTGGCTTCGAGACAATCCCTCTTCCCTAATTCGCAAAAGAAGCCTGTTTCTTTGCTTTAAGCCTTTCTCGTAAGAAAGAATTGATCTTCTGTATTCCCTGTCAACTTGAGAAAGAACATTATCCAAAAACTTACGCCTCAAAGCTGGAGATTGTGTCACTAAATCCATATCCCAAGGACCAAAAAGAACAGTTTTTAAATTACCCGCAAAATCAACCAATCGTTTTGAAATATCATTAACAAGAAGCTTCTTCCTTGGAGCTTTCTCAAACTTATCCCCACCAATATCTATCTCCCCCCGCGTAAGCACCACCTCCAAACTATTAGCTTGTCTGAAGCTACTAACATTGGGTTTATCAAGATTACCTCCACTTCCGATCTCTCTATTCCCCTCAAACTCTAGTTTTCCCTCCACTCGCGCAAGACTAGCATCATAATTTATCATTTCCTCTTCTATTTTTGCCTTAAAACTTTTGCCTGTTGAAAGAAGAAAAATAGATTCAAGAATATTCGTTTTACCCGACGCATTGGGACCTATAATCACATTAACCAAACTATCAAATTCAAAAATCCTCTTCTTTATATTTCTAAAGTTCTCAAGCTTTAAATTCCTTAAAGTCATAAGTATAATCGTATGATACTACATATGAGAATACTTTTTTTAACAGCATCCTATCTACCTACAATAAACGGGGTCAGTATTCACATAAGAGACCTAAAAAAAACACTTCAAAAAATGGGCCACAAAGTTTTTGTTCTTGCGCCAAC
CP055308.1_gap4	271634	275236	3602	GTAATATCAATTCAGAGAATAACAACACCTAAAATGGAAAATTACACAATTCCAAAGGAAATAATTGATTTTCTGTATAACGGCTGTGTTGGTTTTTTTCCTGAAATATTTTTTCCTGAAGAAAAAAAACAGCCTGTTGTTTTCTATTTTGGACTAAACAAAGAGGAATTTGAAGACAAAATCCAAAAAATTACAAACACACAATCAGTCGACTCTGCTATTCAAACAATAAGAAATTGGAAAATTAAATCAGATCGAGGGGAAGAAGTGCTTTCAACCATCCCTTTAAACATAGAGGAATTGGTTGAAATTTTAGAAAAAGGACAGGAAAAGCACCAAAAAGCAAGGGAGGAAGGTAAAAAGAAGGCTGAAGAGTTTTTAAAAGCCCAAGAAAAGAAAAGGCTGGATCCTCAAAAGGTAAAATTAACCAAAGAAGAGATAGAACTAACTTCTCCCTATCCTCAAGCTAAAGTAAAATTAACAAGAGAACAACAAGAAATAATAGAGCGTGCAAGGAGGGATCCTCAAAAATTCACAGACGAGTTAACAGAAAGAATAATTGGAAAATTAGGACTAAACCGCGAGAATCCTCTTGAAATAGAATCTGCAAGAACAGTCGCCCAAATTTTTACACTTAAAGCTCTTGAAGTTGACCCAAAAGCAAAAGAGGTTGTTGTTGACGATTCTCCTTTTGAGATCCTGGCTGTATTTGCAAACCCAGAAAACTCCATCTTTGCTTCCACTATACCAGATTATGATATAAGAAAACAAATATCAGTAATTGTGCAGGAGTGGAGTGAAATTTTAGATCGAGACGCAACCCTTGCTGCCAATTGGGTAAATCAAGCAACAGGCGTTGATTGGTCGCCTTTTTTTATTCCTCCGCAAATAAGAGAACTAAAAGAAGTTCCCGAAGAACAAAAGGGCCAGCCCTCAACAACAGGGGTAAGTATCAATTTAAAAAGTTTTCTAGAACAAATTACCTCTGTCCAAGTACTTGAAAGACAAATCAGAAAAGTAGTAATAGATGAGAAAAAATATAATGAACTCACAAGAACAGAAAGAGCAAAATTAGACGAACAAATCAAAAAGACAGCTTCAAAAATATCTTCTATGTCATCCGCTCTTGGTTTCTTAACCAGAAGAAAAGCCCCATTTTTGGAAAACACAATAACAGAAAAAAAACCAGGTTGGTTAAACATACATCTCTCTGCCATGGGCATTACCCCAGAGCCAGTTGCCCGTTTTCTTACACAAAGTCTTAACTTTGGTAGTTTCTCTTCCCCTAACATACTAGTTTCGCCAATTTTTAATTTTGCTTTTGACAAAATTATTCAAAAATTAGCTACCACACCCAAAATAAGAAGTGTCGTTTCCGGTCTAACAACAAAGCTTGCAGAAAAAACAGCGGCTAAAGTTGCTGCCACAAAAATTGGGGGGAAATTAACAGCTGCTCTAGCAGCCAATGTAATACCTGTAGCAGGACAGATTATTTCAGCAATAGCAACTGCGCTTTCTATCAAAGATATCACTATTGGAATAGCAAAATGGATTAAAGAAAACTCAGACAAGCTCACTTATATTCTTGCAGGATTTTTGGTTGGCGGTTTTGCTTTAACCGGCGCACCAATTTTTCTTGTAGCCGGGCTGGGCATTGCTGGTTTTGCTTCAAGAGCGTCAATTGGTATCTTTATCATATCAACACTTGGTGCAATAGGTTCGGCGGTTCTAGCTTCACTACTTATTCCTATGCTTATTGTTTTTATTGGAATTCCAATTCTTGTTGTTATTATTCTCTTTATAATAAATTCAGGTGCTTATGTATATCCGCCATCAACTACAAATCCACCAGGTGCGCCATCAGGAATAATACAATCAGAATATATAAATTTAATTAAAAAAGCAGATGTTGACAAAATACCAAACCTAACAACCACTAAAGAGATAAACTATACAATACAGATCACACCCAAAAAGGGTGCTGTAACTATTAAAAGTATAGAAAACAAATATAATATTACAGGAGGCAATAACCCAAACCCCATACAATCACCAGACCTATCTTCTTATGTTGGAAACACTATAAACCCTAGCCAAACCCTAACAATCAGTTATAAAATTAATGTTGATCCAAGTCATAATAATTCTATTATAGAAGACATCGTAATCATTGTTGTTACCACAAGCGATGGAAAAGATTCCACGGCTTCAACATCCTACTCCATAATGATAGGTTCTCCTCCTGTTGACTGCCCTATTCCAAACGGAAAAATAACCTGGTGGTCATACCAACCTGGAGATGAAAACGGGACAAGACATGGAAACAACAGATACTGGGGAAGTTATTCCTGTCGCTCATGGCCACTTCCACAATCAACAGGATGCTATGGACCATCTGATCCATCAGCTTCAGATAATAAATGCTTTAAAGAAACAAGTAAGTGTTCATATTATGGTTATGCGATTGATGTTGTGGGCAGCAATAGCGTATACGCACCAATGATAGGCGGAAAACAATTAACATGGAATTGTTCTTATGGTTTTGCCAACGGAGGCGGTTCTGCCGGATATACCTATATTTGTTCTTCTGGAAATTACCGATTAATTCTAACTCATATGAAAAACAATGCCAAAACAGGTACAATTAACTCAGGAGAAAAGATAGGAGAATTGTATCCTATGCCAAACGCACACTTGCATATAGAATTAGCTATCGGTGGACAATATGTAAAACCAGAAAATTATCTTTGCAGATGAAAAAACTAATCACAAAAAAACAAGTAATAATTATTATTGCTTCCGTTGTGTTCTTTTTATCTTTTGTATTTTTTGCTTTTTATTTACTCCCCAAAAAAGAAAAAAACAATATTCCCCAAACAATTCCAGAAACATTACCCTTTGAAATAAAAGACAGACCACAAGGAGGAGAAATAGAAACAGCGTTAGATAATCTTGCCTTCAGTTTTACTTTCTCTAAAGAGATAGACAAAAACTCTGTTTTTGTTCAAATAAACCCTGACACCGAATTTGAAATATCTTTTGAAAACAACAACAAAACTCTTACTATTTTTCCTAAAAACAAATGGATTTATGGAGAAAATTACGAAATAAAAATAAACTTGAAATCAAAAGAAAAAGACGAAATAAAAGAACCAATTTTGCACAAATTCAAACTAAATAAGCCAAAAAACTCCCCAATGGACGAAAGCCAAATAGGATATTAAATTTTAACCGGCATTATAATATGAAGATAATTTTTGTTTGAAATATCTCTAAATTCAGCCGGTGAAGAAGAATTATTAAAAGACATTTTAACTCTTTCCCCCTTAACTGACTCAACAAAATCAAGTAAAAATTTATAATTAAAGCCTATTTCCAAATCATCACCTTCAACATTCGCATCAAAAATACTTTCCTGCGATCCTGAAAGCTGATTTTCAGCCAAAAACCTAGCCTTGCCACTAGTAGAATCTATCAAGATTCTCACCACATTAGAAGATTCTTTAGCAAAAACCGAGGCGAGTTTCAAACCTCTTATCATATCTTCTTTATCCAAAAAAACTTTCGTCTTAAACTCTTGTGGAATTATTTTTTCAAAATCA
CP055308.1_gap5	288766	290279	1513	TAATCCGAGTTTTTTTATTTTTTTACTTTGTATTTTTCTATCGCCCTCTGTTAGTAGTATCTTGTATCCTTTGGTTTTCTCTAAAATCAAAATTAAATCTTTGTTTAATCTTTCTTTTTTGACTTTGGAGTAGAATAGGTTTTCTTTTATATCATTTTTTGTCTCCCTTTTTATATTTTTGAGGAAATTTTCTAGTAGGTTTTTATAGCCGTTTTTGTTTTTTGTTTTTTTATAAATTTCTTCTATTTGTTTTTTGGGATAGTTGGTTTTAGCTGCAACGTTGTTAAAGAAATCCTCTTTGATTTTTGATGTATTAAGCAGTGTATCATCAAGATCTACCAGAAGAACATTTTCGGTGTCCATGTTTAGATTTTTAAGTTTGGGATTCTTTCAATTTTGTTTATCTCCTTTGGTTTTATTGACTCTGTTGTTTTTTTAATATATGCGGTAAAAGCTATCATGGCGGCGTTGTCGCTGCATATTTTTTTGTTTTCAGGAAACATTATTTCGATATTTTTTTCCTTGGCTATTTTTCTTAGTCTTTTCCTTATTTCTAAATTTGCGGCAACTCCACCACCAACTAGAAGAGTTTTTGCTTCATAGAGGTCAACGATTGGCTTGATCGTTCTTGTTAGATGGGTGAAGGCTCTGTCTTGGTAGAAGTATGATAGATTTATTATGTCTGTTTTGTTAAGATTTCCTTTTAGTGATTCTATTTTCTCAACAAGTCTTACAAGAGCAGTTTTTAGTCCGGAATAACTGATTTTTCTGTTTTGTTTTTCTTGAGCAAAGGGAAGAGGCAGCGGGTTTTCTTCTTTTGTTGTTTTTTCTTTTAATTGTGCCATTTTTTCAAGCACAGGCCCTCCGGGATAACCAAGACCCAAGAGGCGAGCCCCCTTATCAAGAGCCTCGCCTAATGCATCATCTGATGTTTCAGCTAAAACTTTGTATTTTCCTATTTTTTCAGTATAGACAAAAATTGTATTTCCTCCTGATATGACAAGTCCAAAAGCGGGAAACTTGGATTTTATTTTTGGAATACTCCATTTATTTGAGGATGACACAAATGGGGAAAGGATGTGTCCTTCTAGGTGATTTATGGGGAAAATCGGCTTTTTGTATTTTTGAGATATTTCTTTTGCTTTAGCGATTCCTACTTCCAAAGCAGGAGCAAGACCGGGCCCAACGGTGACAGCAATGATATCTATATCCTCAATGTCTGTTTTAGCCTGATTTAGAGCTTTTTTAATGATGAAATCTATTTTTTCTTGATGTTCTCTTTTGGCAAGAGTTGGGTAAACTCCACCAAATTTTGAATGAAGTATTGCTTGAGACCAAATTTTGTTTGACAGAACTCTATTGTCTTGGCAAACCGCTACTGATGTTTCATCACAACTTGTGTCAATTCCAAGAATTATCATTTGCCTATAGAATCCCCCAAGTAATTATTCTTTCGTTTTCCCTCTTGCCATAATTGATCCTTACCCAAATAACAATAGCATCCTCGCTGTGT
CP055308.1_gap6	291985	293503	1518	CTTTATAATCAAACCAGACTTTTGCTCCCCAAGCCTTTTTTTCTATTTGTTTTATTTGTCCTGCAGGGAGAGTTGGGTCATCTATATATAAATCCTCAGGTGGGGGAGAGGTGGAAGAAATAACTGGCTTTGATAGATACACTTCCCGCCCGTCTTTTGTCCCATAAAGCTCGAAAACTAGTGTCTTTGATTCATTATCAACCTTTGTTTGTATTAGAATGTGGTTTCCTGTGTCGTTTTTAAATTTAAAATCAGGTGACGGTTCAAAAACAGTAGCGTCAAGCCCTGGTCCGGCATCTTGTTCATAATAACCAACACGGTATGCATGGGGATGTCTTTCTATTATGGGTAAACCAGCATTTAGGACAGCCCTGAAAAGCGTGGTGGAGACTTGACAAACTCCACCACCGTCGCCAAGAATCGTTTGCCCTTCTTTTATTACATAAGCTTGTTGGTACCCTGTTTCTTTTGAGACCTCTCCCAATGTTTTGTTAAAAGAGAAGATTTCTTCCGGTTTAACGAGCACTCCTTGGAGTCTTGATGAAGCGAGGTTAATGTTGTGAACGCGTGAAGGAGTAGAACCTACAAATCTTGATTTGCCTATTCCTATTAGCTCTTTTATTCCAAGATTATTTATTTCTTCTGTTTTGTAGTCGGGTGGTATTCTGACAAAAGGCACCTCCACCTTATATGTTTTTTCCTCTTCCAGCTCCAATTTTTTAAGAGACTCGATGATTGTCTCTTTTAATTTTTCTAAATCCACAATGGTACCATCTTTTGCGGGTTTGAATTCTTTAACGCGCCCTTCTTCAAAGACAAGAATTGGGTTTTGGGGTGGTGAATCAAATTCTTTTTTAATCGATTCTGCAAGCAAATTTATTTTTTCTTTATCGTATCCTTCAAAAAAGTCGCTCATCCTTGCTATTTCTTCGTCGATTATTTCTTTTGCGTAGTTTTCTGAAACAAGAACTAGCTTCTTGCCGATCATTTTTTCTATTCTTTCTCTATATAAAAGCTCGCTTTTTTGGTCTAAAATAAATTCATCGGAAATTTTGTTAAGTGTAATTGGAGAAAAATCTAAGTTGTAGAATTTTAGATCTAGTTCTTTTTTTATTTTTTCTTTTTTAAAATCAATTCCTGCCTTTCCATTTATGATCACTGGTTTTGAGTCTATTATCTGCGCTTTTGGTTTAACGCCTTTTTGGGTTATCTGTTTTTCTATTTCTTCCAATACTTTTTCTAGTTGTGTATCTTCATAAGATAAAACAGGACGAACTTCTACTCTTTGGAATAGAGAAAGTGGTTGTCTAAAGATGGGAATTCTGTTTTTCTGAAAGTAAGCATCTTGTGCCATTTTCTTAAAATCAAACACTAGATTTATTTGCCCTGTGTTTATGTAGGCTGATTGGTTGCCTATTTTTATTTCTATTTCGCTTGGTATTTTTATCTCTTTTTTCAGTCTTTGTTCTGCTTCATCAACGGTTAAGCCGCCAATATTTACATCTGAGACATAAGTGT
CP055308.1_gap7	297297	300579	3282	ATATAGAAGTTAGGAAGAAAAAATACTTCCTTATTGCTCAAAATATAGAATCTGCATGGGAAAAAGAGAGTTTTGAAATAGAGACTAAGCTGGAAAAATTGTACGAAAACAAGATTCCATTTAGGTCAATAAAAATCTTTCTTTCTACTTTACCCATCTGTCCTTACAACTTTGAGAAAAAATGGATAATGGTATTTGGCGAGACCAATACCAAAAAACAGCTTCAAATTATAACTCACGAACTTAACCATTTTATGTTCTACTACTATTTTGGAGAAATAAAGAATGAATTGGGGAAAGAAAAATTTGAATCATTAAAAGAAGCTCTAACAGTGTTTACCAACCCGGAAGAGAAGGGATATCCTAATCAAAAGAGAATAAGAGATTGGCTGTCAAAACAAAAGCGAAGGTCAATCCCAGAAATAATCAAAAGCGGTAGGTGGAAAGAATATCTTTAATTCCGACAACCAAAATATCAATTTTAAAGTCTAATGATCTATTAGCTTACGAAAATAATAAATAAGAGTGGGGGATTGGAAGAGTAGAAGTTGAAGATTTGATTTATGATTTATGAATTAGGATTTATGAATTTATTCTAGAATCTTAATTCACTTTGTTCTTTGTTCTACTATTGTCAATGGTTAATGGTTAATGGTCAAATGTCATGCTGAATTCATTTTTCGCATCTCTTACCTTAATTATAAACAAATTACAAATTCCAAATCACAAGCTCCAAACAAATTCCAATTAACAAATTACAAACAATACACAAATTCCAAATTACAAAACATCCTCCTTCGCCAAGGCTACGGAAGGGCAAGCAAAAATGGTAATTAACTTTTAACAAGGATAGGAGAAACAATATTAAACAAGTCTCCTAATAAGGTCTGGCCTTTAAGTAAAGGCCAGACCTTTATAAAATCAAATTCCAAATCACTATTCACTATTCACTGTTTACAAATTTGCTTTCTACCTGATGCTAGATGCTTGCTACCATTCTTTTCTTTGTTCTTTGTTCTTTGTTCTATCTTTGTTGTTGGTTGGATGTTGGAAGTTGTTTGTTCGCTTTAGCGTTGTTGTCAGTTGGCAGTTGGATGTTGGCAGTTCCGTAAGGAGTGCCTCTTGACAAGTTTTATTTGTTTTTTATAATAGCACTTGGGGTTTAGCAATGCTAAAAGCAAAGTGCTAAATGCCTCTTGACAAAACAAAATTCTTTTTTAAAATTTTTTCTAGTCTATGGGAAGCAAAAAATTAAATTTAAAACCAACACCAGGCTATCTTTTAATAGAACCTGCTTTGGCTGAAAAAAAGACTGAGTCTGGTATTTACCTTCCTGATACTTCAGAGGAAAAACCCCAAAAAGGTAAAGTTTTAGCAGTAGGGGCAGATGAGGTTCTTGATTCTGGAAAGACGAGAAAATCTCCAGCTAAAGTTGGTGATGAAATAATTTACAAAAAATGGGGTGGTAATGAAGTTAAGATTGATGGCAAGGAATATATCTTTGTTAAGTTTGAGGATGTTTTGGCAGTAATTGGCTAATATGGCAAAACAACTTAAATTTTCAGACGAAGCTCGTGTTGCCCTGATGAGGGGAATTGATACTGTTGCAAAAGCAGTTGTTACTACACTTGGCCCCAAAGGTAGGAATGTCGCTTTGGATAAAAAGTGGGGTGCGCCCAATGTTGTTCACGATGGGGTAACTGTTGCTAAAGAAATAGAATTAAAAGATCCTTTTGAAAATATGGGAGCTCAGCTTGTAAAGGAAGCTGCAGACAAAACAAATGATATTGCTGGTGATGGTACGACAACAGCAACTCTTCTTACTCGTGAAATTGCAGCTCTTGGTATGAAGCATATTACTGCAGGAGCAAATCCTATGATAGTTAAGAAGGGTATAGAAAAGGCAGTTTCTGCAGTGGTTGAGGAATTAAAGAGAATTGCAAAACCAATAAAGAACAAAGAAGAAATAACACAAGTTGCAACAATCTCTGCAGGAGATGAGACAATTGGTGCCAAAATAGCCGAAGCTTTAGATGGTAAGGATAGGGTTGTTACCGTTGAAGAGGGTAAGAGCCTTGAACTTGAAATAGAGTATAAAGAAGGAATGGAGTTTGACCATGGTTATGTTTCCCCATACTTTGTTACAAACCCTGAAAAAATGGAAGCGGAGGTTACGGATGCTTACATTCTTTTGACTGACAGAAAAATTTCTGCAATTTCTGATTTATTACCCTTCCTTGAAAAGTTTATTAAAGTAAGCAAAAATCTGGTTATTATTGCAGATGATATAGAGGGAGAGGCTTTAGCTACCTTGGTTGTTAATAAGCTTAAAGGTACTTTCAATGTTTTGGCTGTTAAAGCTCCAGGCTTTGGTGATAGAAGGAAGGAAATGCTTGAAGATATAGCAGTTCTTACTGGAGGAGTAGTAATTTCAGAAGACACTGGAAGAAAACTTGAGTCGGTAGAGATTGAGGATTTGGGGAGAGCTGACAAAGTATGGGCTGATAAAGACAGTACCAGAATAATTGGTGGCAAAGGAGAAAAGGAAGCAATAGAGAAAAGAATAAGTCTTATTAAGCGACAAATTGAGGAAGCAGATTCTGATTTTGATAAAGAAAAACTTCAAGAAAGGTTAGCAAAACTTTCAGGTGGTGTTGCTCAAATTAATGTTGGGGCAGCTACAGAAGTTGAGCTTAATGAGAAAAAAGAGAGAGTGAAAGATGCTGTTGAGGCAACTAAAGCTGCAATTGAAGAAGGCATTGTCCCGGGTGGTGGAATAGCTCTTTTGAGAGCAAGAAATGTTCTTAAAGATTTGATTGAGAAGGAAAACGTGGAGGACGAAAAGATAGGTATAAAAATTGTTTATGATGCACTTGAGCAACCTGTTCGTTACCTAGCAAGAAACTCAGGAGAAGACGATGGTTATGTGGTGAGAAGAATTGAAGAATCAAAAGAGCCAGATTTTGGTTATAATTCTCTAACTGGCGAGTTTGGTTCTATGCTTAAGTTTGGAATATTAGATCCTTTGAAGGTTACTCGTTCAGCGTTACAAAATGCAGCATCTGTGGCGATGATGGTCTTGACGACTGAGGCTTTGGTAACAGATATTCCAGAAGAGAAGAAAGAAACCCCAGGTAACCCCGGAATGGATTATTAGTCTGAACGAAGTAGGGTCATAGGATCAAAGGGTATTCCATCTTTTCTTACCTCGAAGTGAAGATGATCTCCAGTTGCTCGACCAGTTGAACCCATGTTGGCTATTTTTTGACTAGTTGTTACTTC
CP055308.1_gap8	448561	449528	967	CAACCGAAAATTGATATTGACCTTGAAATTTCTGCAGAGTCTATTGACAAAGGTTTGGTAGACAAGCTTTCAGGTTTTGAGCCTTTGGGTGTTGGTAATTCTGCCCCCTTGTTTTTTTCTAGGAATATGAACATTATTGATGTGAGGAAAATAGGCAAAAATGGTGAGCATTTGAAGCTGTTTGTCTATTCTGGTGGGAAAACTTTTGAGGCAGTTGCTTTTAATGCCGGATCTTTTTTTGAGAGATTAAGGGTTGGTCAAAATGTTGATTTTGTTTATAATCTAGAGATAAATAGTTGGAATGGAAACTCTAGTGTCTGCCTTAAGATAAAAGATTTAGCAGAAAGTGGAAGATAAACTTAATGAATTAGTCAAAAGAGTCCTTTCTTACAACAAAAGCAGTAATTTAAATCTGGCTGAGAGCAGATTGTTAAAGGCTTATAATTTTGCCTCAAATGCTCATTTGGGTCAAAAAAGGTTATCAGGTGAGCCTTATATTATCCACCTTCTTGAAACATCATTGATATTGGCTGATTGGAAAATGGATTTGACTACGGTAGTAGCAGGCCTTTTGCATGATTGTATTGAGGATGCGGGGGTGAGTCTGGATCAGATTTCTCAAGAATTTGGTGAAGATGTAGCTAAAATAGTGGATGGTGTAACTAAAGTTTCTAAAGTTAGGCTGCGTGGCAGCAAGGATGATGTGTTTGTTGAGAATCTTCGTAAAATGTTTTTGGCTATGGCTTCCGATTTGAGAGTTGTGTTTGTTAAATTAGCAGATAGAATGCACAACATGCGCACTCTTTGGGCTCTACCCCTTGAGAAACAAAAGAAGATAGCTTCAGAAACTTTGGAGATTTATGCTCCTCTTGCGGAAAGGCTTGGAATGGGCGAAATTAAAGGAGTCTTAGAGGATTTGTCTTTTTATTACCTTTACAAGGAAGAATATGACAAATTGATTAAAGTT
CP055308.1_gap9	459183	462219	3036	AACCTCAATAGAGTAAACCTCGTGTTCAAAAAGAGCATGCTTTAGTGAGTTCTCAAATTCCTTTTCTCTCCTATCACTACATATGGCCAAGTCGACATGAATTATTCCTTCTTCGGGATAGGTATGAATCACCAGGTGCGATTGTGAAAGAATATAGCCAATAGTAATCCCAGTAGGACTAAAGATATGAGACACTTTCTTAACCACCTTCAAATCTAAATTTGAAATGATACCATCTGCCAAATCTTCAGCAAAACCTAACGAATTATCAAAGGATTTTAGCTTAACTAGCGCAACAAATTGTTTAATCAATGGTGTAGATTGGTTTGTCATAATTTCCTTTTATTAGCGGTTTTGCTCTGGGCGTAATCTCACCAACATACAACGAGCTAGAGCTTCCGATAGATTCTGCCCCTTCATATCTATTAAACCTGTCGAATACATATCTTAACAGCAAACCTGAGCTTGTAAAAACATCCTGGATGGGTAAAAATCGTTCTTTAGCTCTGTCACTATTTCCATAACAAACATAAACTCTTGCTGTCTGATTTTTTCTGTCTATCGCCTCTAGTGCTCTTGAAACAAAAAGTTTAATCCCTTCTGGAGTGTAAGGTGGGTCGGTAAATACAGTATCAAATTTACTTCTCAATCCGACTGGAAGAGGTCTTCTTAGATCATGTCTTACCGTTCTAATCCCAAAACCAACCTCATTCGAGATGTCACCTATGTTATTTAGAATTCTCTTGTCAATATCTACCACCGCTACTTCCTGCGCCGATCTCATACTAGAGGTTACAACTGATGTAAAGTCATCATCTCCTAAAAACAAAACTCGCTTGCCTCTTATATCTCCCAGAAAATCAAGCAAGGCGACTCTTTTTGCTGTAGTATCTACTGTAGCAGTAAACTGGTCATAATTTCTTTCTGGAGCAGGTATTTTGTTCTTGTATCGGGACAAAAGTTCAACTGACTGTCTATAGAGATCGCTTTCAACTAAAGTTTTCAAAAGACTTTCTTCTACCAAGTAAGTATCTTCATAAAGTTCTCCCAATCTCTCAGCCACTTCTTTCTTCAAAGAAGTTTCCCTTGTCGATGGATTCAAATAAACAGACAGAGCTTTTTTTACTTGATTTAGGGCGTTTCTTGATACTCCCACTTTTTGGACAAGTTCGTTGTTTCCAACAGCCTCACCTCTCGATAAATACCAAAATATATCTAGCACTTTTTTTACTGGCACTCCCGTTTGTTTTGAAACTTCCAAAAGTTCTGAATACATCTTTTCCTTTTTTCCCATAGTCTAGTTTTATTTTACCAGAAAAGGCTGTTTAAAACTGCTCGAGATGAATTTTTAGACAACAGTTAGCAGTTGTTGTGTATACTGTAGGGTAAGTTCGGGAAATTCTAGGATGTCTAGCCAGTTGGTTTGCCTAAAATCGTCCCATTTGTCCAGCATTTTGGACATATATAGTATTAATGTTTTGCGTTAAAGGTAAAAATTTGTTATAATTATTTTCGTATAAAGGGAAAAATTTTTCCTTAGAATTTTCTGTATTCTAGTGGCTTCTACATTTCTTAAAGTAGGAGCTTTTTCGTTTTAGAAAGGAGTTTTATGGCATATTCGGATATTCCATTAGGAGATGATGCGCCTAGGGTTGTAAATGCCGTAATTGAGATACCTAGGGGTTCGCATAACAAATATGAGTATAGTGAGGAGCTTGATGAGATCAGGCTGGATCGTATATTGCATTCACCCCTTTTCTACCCTGTGGATTATGGTTTTATACCGCATACTCGCTCTGAAGATGGGGATCATCTTGATGTATTAGTTTTTATTACAGGTTCTACATTTCCCGGTTGTGTTTTGTCTGTAAGGCCAATAGGCGTCTTGGATATGGAAGATGAGAATGGCCAAGATTGGAAAATTGTAGCTGTTGCTGACAAAGATCCTCATCAGTCAAATATTCAAACGATTGATGATATCGATGAACAAAGCAAGAAAGAAATAGCTCATTTTTTTGAGGAATACAAAAAGCTTGAAGGTAAATATGTTAAAGTTAGAAACTGGCTAAGTAAAAGAGAAGCTTATAGGATTATAAATGAGGCAAATATAAGGTTTAGGGAAGAATTGAATGAAGTTGTTCAAGATACTAGTCAATTTTTACAAAACAAATCCTATGACAGCTGAAAGAGATTCTTCTAATTTATTTAATTATTATTTACATCTTATTATTGATCAAGGTAAAGATGGACAATTGGAATTGTCGGGCGATTCTGGCAAGAAAATTGTTCTAGAAAAAGGACAGGATTCTGGGGGAAATAATATTATTATTGTATCAGGAGGTGGTGCAGATTATCAAATTGTCTATACTAATGGTAAAGTTGAAAGTCCTCAAAGTAAGTAAAGACACTTTTGTTTTTCTGATTTGTCAAATTGTTGTTTAGAACTTCATTTTGACTAAGTTTAATAACTAAAAATTACTGATTTTACTTGTTGTATTTTTGTTTTTTTTCTGTAATAATTCATTCTTATGAGGCAAACTCTAATTTATACTATTTTGGTTATCTTATTCTCCTTTTTACTTGTTGGATTTGTTGTGGTTGGCAGTCGGAAAAAAGATACAAAAACAGTTGTTAATAATCAGAACACCACCTCCTTTTCTGCCTCTGAAATTACCTACTACTATGGTAATACTTGTCCTCATTGTAAAGAGGTAGAAAGCTGGATAGAAGAAAACAAAATTGACGAGAAGTTAAAGATTATTAAAAAGGAAGTCTATGATAATCCCTCGAATGCGGCGGAGTTAAGATTGGCCGCTCAAAAATGCGGGTTGGATACCACAGCTATTGGTGTTCCTTTTCTTTATTCACCCGATGGCAAGTGTTTTATTGGAACACCTGATGTCATATCTTTCTTAAAGGAAAAAGCTGGTTTGTAGTTTAGTTTATGAAGGCAGTTCTTTTTTTCTTGTTTTTGTTTATTTTTCCTAAAAATACTCTGGCGGTTTGTCCGCTTTGCACTGTTGCAGTGGGTACTGG
CP055308.1_gap10	592357	596381	4024	TATATATTGATTATCAAAAATAAGATCAGTTTTTCTTGAATTCAAAATTGACCCTTCTGTGTTTGTACTTATTAACCAAAATATTGCCACTATTGCAAGCGATGAAAATATAATAGCCAACTGGTATTTTTTGGTTTGTTTGTTTTGGTATAGATTATATATGACAAGAATTAAAACAATGGGTAGAAATATAAATTTTGCGGCGTGATACGAAAAAAAACCAAGTACTAGAAACAAAGATGAGAGGGTTGTATTTTTCTTATTTGACTTGCTTAGTAGTAAGTAAATTCCAAGCATATAAAAGAGAAAAGCAAAAGGTGCTTCAACAGCTGTTCTTGAATAGTAAAAGTTCCAAGGGTTAATTAAGAAAAGAAATGAACTGATTAGTGCTATTCTTTTTGAAAATAATTTTTTGGTAATCAGGTAAAGAGGAATCAACGTTACCAGGTTTATTATAACAAAAACTATTCTTATATTTGCTTGATTTAGTGGAATTACACTAAAGATTGGAGAAAGCAAAAGAGGTGGTATTGCGCTTATTATTCCGTCAGTTTGAGTCTTAAATAAAGATAGGGGAAATGAATATCCGGAAACATCTTTGCCAACCAGTGCATAAGTTTTTGCGCTTATTGCATATTCAATCTCATCGTTTGAGAGACCTACAGGAAACTTATCAACAAAGACAAACCTTGTTGTCAAAAGAAAAATTAAAGCTAGAATTATGATTGGTTTGCGCACACTAGTTTATTTTATCATTTGTTATGAGATAATATTGATAAGTTTTAAATATGCGTATAGGAATAGATATTTCACAGATTGTTTATAGAACTGGTGTTTCTACATACACTGAAAATTTAGTTAAGTCTTTGTTTGAGATAGACAAAGAAAATCAATATGTTTTGTTTGGAGGCTCTTTAAGGAGAAGGGAAGGTCTTTTGACTTTTGCCAGAGAACTTGATTATAAATATAAGGCTCGTGTTCAAAGCCGTCTTTTTCGTTTCCCACCGACTCTGCTTGATCTTTTATGGAATAGGCTTCATATAATTCCTGTTGAGAGATTTATTGGTAGAGTTAATGTATTTCATTCTTCTGATTGGGTACAGCCTCCAAGTTATTCTTTTCGTGTTACGACAATTCATGATCTTTCCCCTTTAAGGTTTCCCAAACTTACTCACCCCAAAATAGTTGAGGTTACTCAAAGAAGATTAAAGTGGGTAAAAAAGGAAGTTGATAGGGTTATAGTTCCAAGCCATGCGACTTATGAGGATTTGCTTATTCTTGGTTTTAAGAAGTCAAAAATAAGAATTATTCCGGAAGCAGCTGATGATTATTTTAAGCCAGCTTCTCTGAAAGATCAGGCAATTGTGAAGAAGAAATACAAGCTGGATGATTTTATTTTAGCAGTAGGTACAAATAAAAGGAAGAATTTAGATAGAATTATTTCGGCTTTTGACTTGGCAAGGGCTGGTAAAGGTTTTAAGTTGGTTGTTGTGGGCGAGAAAACAGAAGGCTTGGAAGAAAGGAGAGGAATTGTTTACACAGGACATATCTCAAAGGAAGATTTGAGGAGGCTTTACAGTGCTGCGCTTTGTTTGGTTTACCCCTCTTTGTATGAAGGATTTGGCTTGCCAATCTTGGAGGCTTTTGCTTGTAATTGTCCTGTGGTTACTTCAAACTTATCAAGTTTGCCTGAAGTGGCAGGGAAAGCTGCTATTATGGTTGATCCTTTTAGTGTTAATTCAATAGCGGAGGGGATTAGTAAAGCTATAAAAAGAAGAAAAGGTTTAATCAGAGCGGGCAAGAAGAGGCTTTCTTATTTTTCTTGGGAAAGGACGGCTTTATTAACGCTTAGTGTCTATCGGGAGAGTTTATTATGAAAAGAGTGAGAGTAATAGGGATTGATGGAAATGAAGCAAATGTTAAAAGTAGGGTGGGAGTTAATGTTTATGCCTTTAATTTGCTTTGGAATATATATAAACTACAGGATAAAGTTTCTACAAACTATAGGTTTATAGTTTATCTTTCGTCTCTACCCCTTGATGATATGCCCACAGAGAAACCTGGCTTTTGGGAATACAAAATCCTTGAGGGTGGTGGTCTTTGGATACTAAAGAAACTCACTCCTTATTTGTTGTTTAACAAGGACGAACTTGATCTTTTCTTTACTCCTAGTCATTATACACCCCCGTTGTCAAGAGTGCCGGTGGTTTGTTCAATTATGGATTTAGGATATTTGGAATTTTCGGAACAATTTGAAAAAAAAGTGTTTTGGCAGTTGAAGTATTGGAGTGCTACCTCCATTTTTGTATCAAAAGGTATCATTGCTATATCAGAAGAGACAGCTCGTGATATTTTACGACATTACCCTTTTGCTTCTGGAAAAATTGAAGTTACTTATCCTGGTTATGATAAAGAGAAGTTTTATTTTCCATACCCGCAAAATCTTGTGCGACAAGTGAAAAGAAAGTATAAAATTGGTAAAAACTATATCCTCTATCTTGGGACATTAAAACCAAGTAAGAATATTGAGGGAATAATTGATGCCTTTAACATAGTAAAAAATGAATCTACTGATTTTCAACTTGTGATAGCTGGCAAGAAAGGTTGGCTTTTTGATGGGATTTTCCAAAAAGTGAAAAGTTTGGGGCTTGAAAAACAGGTTGTTTTTACTGATTTTGTGAGTGAGGAAGACAAACCTGCTTTAATGGCTGGGGCTTCTGTTTTTGTTTCTCCGTCTTTTTGGGAGGGATTTGGTTTAATTGCGATTGAGTCAATGGCTGTAGGAACACCGGTTGTAGTCTCAGATAGAGGAAGCTTCCCTGAAGTTGTGAACGGGGCTGGAATTTTGGTTGATCCTGAAGATTATTGTGATATTGCAAATGGAATTAAAAAAGTAATCACAATGGAAATTAAAGAGTATAATAGGTTGGTGAAGGAGGGATTAAAAAGGGCTAGTCTTTTTTCTTGGGAAAAAACAGCTTGGAAAACACTTTTGTTTTTTGAGAAGATTATAGAATATAAAAAAAGATGAGAAGTTTTTTTAAAGACAAGCACGGAAAGCAATTAAGCTGGGAGGAAGCTTTAAAGAAAATAAAAAATCGTTTCTTTAATTATCTCCTTGATTTTGAACTTATGCTTCTTCGCTGGGTGGGGCATATTCCAAGTCATATAGTGCGTAAGTTTTTTTACAGACTAAGTGGTGTGAAAATTGGTAAGGGATCGACTATTCACATGTGGGCAAGTTTTTTTGATCCGAGAAATATTGTAATTGGGGAAGATACAATAATTGGGGATCATGCATTTTTAGATGGTAGGGAAAAGATAGAAATAGGAAATCACACCGATATTGCATCTTCTGTTATGATTTACAACAGTGAACACGATTTGTCAGATGAAGAATTTAAAGCAATAAATGCGCCAGTTAGGATAGGTGATTATTGTTTTATTGGCCCGCGAGCGATAATTTTGCCTGGGGTAAACATAGGAAAGGGAGCAGTTGTGGCTGCGGGCGCAGTTGTGACAAAGGATGTGGCTGATTTTCAGATAGTTGGAGGAGTGCCTGCAAAACCCATAGGGGAGAGGAAAAATAGAAATCCCAATTATAAGCTTGGTCGAGCTAGACTTTTTCAATAATGGTTTTTAAAATGACAAGGCTTGTGTTTTTTTCTTTTTCTTTTCTATTCTTTTTTTATTTAGTTTGGCCTTTTGAGCCAAAGTCAATTTCGGATTTTTATCCTCTCCCTCAATCTATAAAGTCAAATCTAAGTGGTGATACAATAGAAGTTCCCAACATATCAGCTTATTTTTCAGACAACTATAGAGGATTTGTTACAAAGTATTACCGAAACCAGTTTCAGTATATGACTAAATTTCCTTTTCCTCCGATTGTTTTAAACCATCCGCCGGAATATGCTTTCGACTACATTAAGGATCAGACACATAGTACCTACCTTGAGGAATATGTTTATCCTTGGCGGGGTAGACTTTTTGTTAATGGCCTTGAGCCTCTTGATGAGAAGACAAA
CP055308.1_gap11	660456	664818	4362	AAAATAAAAAAATTAGAAGAAGAAGTAGAAGAACTAAAAGATCAGATTGGTAGAGATCCACTTACAGGCCTTCTTAATAGAAGAGGGTTAGATGATTTATTGCAGAGATATATAGAAATTTGGAAGAGAAATGATAAGCTTTCACTTTATGTTTTCCTTATAGATATTGATAATTTTAAGCAACTTAATGATGTGTGTGGACATAAAAAGGGAGACGAGTTGTTAAAGACGGTAGCCTCATCTTGGCAAAATTCTTTAAGAGGTATGGATATAATTGCAATTGTTAAGGAGGAATATGGAAAAAGAGAGAACACTGTTGGAACTAAAGAATTTAAGAATGATGATGGTGTAGATATAGGAAGAATTGGTGGGGATGAGTTTATGGTGCTGGCTTTTACCACTAATCCAGAGGTTCTTAAAGAAAGATTACAAGGTGTCTTTAATAAAGTTGTAGAGGAAGTTCCTGATGTTAGTTTGGATATACTACAAAAATTAGGGGTAAGTATAGGTTGGGCTAGAATAGGAGAGGCAGTGGAGAAAGAGGTAGAAGATTTACCTGCTAGTGAGCTGTTTTCGAAGGCTCTTAATCTAGCCGATCAAAGAATGTATGAAGAAAAAAGAAGGAAAAAAGCAGAAAGATAAATTTGTTCATCTTCATGTGCATACAGAATACTCTCTTCTTGACGGTCTAACAAGAATTAAGGATCTTGTTATAAAAGCTAAAGAATTTGGTATGGATTCGTTAGTAATTAGCGATCATGGAGTTTTGTATGGTGCTATAGAATTTTATAAGAAAGCAAAAGAAGCTGAGTTGAAACCAATAATAGGGATGGAGGCTTATATTACGGAAGATCTAAAAACCAAAAACTCCTATTATCATCTTCTAATCCTTGCTAAGAATAATATTGGTTATAAGAACTTGATGAAACTAAGTTCTATTGGCCATATAGATGGATTTTATTATAGGCCAAGAATTGACAAGAAAGTACTTGAGAAATACAAAGAAGGTTTGATAGTAACATCAGCTTGTATGCAGGGGGAGATTCCTTATTATTTAAAAGAAGGGGAATTTGAAAAGGCTAAAGAATCTGCAGAATGGTACTTAGATGTTTTTGGAGATGACTTTTATCTTGAAGTGCAACGACATAATTTCTTGGATTTTTTAGAACTAACAAAAGATTCTGATATTAAAAATTCAATAGCGCAGTCTGCAGAAGATGAAAAGAGAGTTAATGAAGAACTTGTTAAATTAAGCAGACAACTTGGAATTCCTTTGGTTGCTACAAATGATGTTCATTACCTTAATAAGAAAGATGCTTTAGCTCAGGATGTCTTGGTTTGCATAGCAACCGGCAAGACTTTGGATGATAAAAAAAGATTAAGGTATATTGATACCCCCGATTTTTACTTTAAATCGTCTCAGGAGATGAGAGAAATCTTTGTAGATTTACCTGAGGCTTGTGATAATACGCTTAGGATAGCAGAAAAATGCGAACTTGAAATAGAGGTAGGTAAATGGTACTTTCCTAGCTTTGCTTTGCCGGAAGGAAAAACAGCAGAAGAACAATTAAGGCAGCTTTGTAAAGAAAGGGTGAAAGAAAGAGTAGGGGAAGTTAATGAAGAAGTTCAAAAGAGATTGAATTATGAGCTTGATGTTATTTGTCAAAAGGGGTATGCGCCATACTTTTTGATAGTTGCAGATATGGTTAACTGGGCAAACAGCAAGGGGATTATAACGAATACTAGAGGTTCAGCTGCAGGTTCTTTGGTGTCCTACGTTCTTGGAATAACTACGGTTAATCCGTTGACTTATATGCTACCTTTTGAAAGATTCCTTAATCCTTATCGGCCTTCACCTCCTGATATTGACTTTGATGTGGCAGATAATAGGAGAGATGAGGTTATTAATTATATAGTTGAAAAGTATGGGCGGGAAAAAGTCGCTCAAATCTGTACTTTTGGAAGGATGCTTTCGCGAGCTGCAATTCGGGATGTAGCACGAGTTTTGGGTTATCCTTATTCTGTTGGAGATAAAATAGCGAAACTTATTCCATTTCCTAAACAAGGTTTTCCTGTAAGTATTCCAAAAGCATTGGAGGAAGTTCCTGAATTATCTGAACTTTATCAGAAAGATGATGATGCTAGAAAGATAATAGATCTTGCTATTCAAATTGAAGGCAATGCTCGTCATGTTTCTGTTCACGCAGCAGGATTAGTAGTTGCTCCAACTGATATTTGTGATTTTACTCCTGTTCAGAAGGAACCATCTGGAGAAAATATTATTACTCAGTATGAGATGCATGCTTGTGAAGATGTTGGACTTATAAAATTTGATATTTTGGGGATTCGTAACCTTTCTATTCTTGGTTCTGCAATAGATATTCTTAGAAAAAGTGGAATAGAAATAAATCTCAAGGAAATTCCTTTAGATGACAAAAAAACTTTTGAAATGTTGAGCCGTGGCGAGACGATGGGTGTATTTCAATTAAGCAGTGCTGGTATGACAAAATATCTTAAAGAATTGCGGCCTACAAAAGTTGAGGATTTAATGGCTATGGTGGCACTTTATAGGCCAGGACCTATTGCGGTAATTCCTGAATATATAAGAAGGAAAAGAAACCCCAAGCTGGTAAAAGTAATAGATAAAAGAGTAGAGAAATATCTGGAAGCTTCTTATGGTTTAATAGTGTATCAGGATGATTTGTTATTCTGTGCAATAGAGCTTGCTGGTTACACTTGGGAAGAGGCGGATAAATTCAGGAAAGCTGTTGGTAAAAAGATTCCTGAGGAGATGGCTGCTCAGAAAGAAAAATTCATTCAAGGGGTAATAAAAAATGGGCGTGATAAAAAATTTGCTGAAGAGCTATGGAAACTTTTTGAGCCTTTTCAGTCCTATGGATTCAATAAGGCGCACGCTGCTTCTTATGGAATGGTTGCATATATGACTGCTTATATGAAAGCAAATTATCCAGTTGAATATATGACAGCTTTGCTCACTGCTGAAAGCGGAGATAAGGATAAAGTTTCAGCTGCTGTTAATGAGTGCCGTAGAATGAAAATAAAAGTTCTGCCCCCTGACGTAAACGAAAGCGGGAGCGGATTTTCTATAGTGGAAGATAAGGAATCTCTTAGTGGCAAAGCTATCCGCTTTGGCTTGAATGCTATTAAAAATGTGGGGCAGGCAGCTATTTCTGCAATTTTGGAAGAAAGGAATAGGAATGGTAAGTTTGCTGATATTTATGATTTCTTATCAAGAGTTGATAATAGGAAGGTTAATAAGAAAGTTTTAGAGAGCTTAATCAAGGCTGGGGCTATGAGTGGTTTTGGAACGAGATCGTATCTGCTTAAAAACTTAGAAGAGATAAGAGGTAAGATTTCAAAACGAATTATGGAAAAAGAAGGTCAACCCACTCTTTTTTTTGAGGATGACGAATTTTCTACTAGAAAGGTTGGTGTTTTAGGTGGTAATTTTGCTGAGCCTGCTATCGAGGAAATGGTACAAGAAGAAATAGAAGCTTTAGAGAAGGAGCTTCTTGGTTTTTCTCTTTCTTCACGGCCACTTTCTGATATTCTCCAAGGCCTTGATAATTTAGCAACACATAAGATAAGTGAAATTCTAGATGAGACTCTTGATGTAACAGATGTAGTTTTGGCAGGGGTAATAAGAGAGGTGAAAGTAATTATAACCAAGAAAAATCTACAAGAGATGGCTTTTGTTCGTTTGGAGGATTTGAGTGGCACTGTAGAATTGGTGGTTTTTCCTAAAGTTTATGAGTCAATAAAAGATAATTTGAAAGAAGGTAAACCTTTAGTTGTCTCTGGAAAAGTTTCTCATAGGGAGGATTCTGTTTCAGTTCTTGTTGATTCAATTCTTTCTTCAGGAGAAAAAGATTATTTTGAAAATGAAGTTTTAATTGATATTCCGCCCAATGTAGATTTAGGGAGACTTAGAAAGCTAAAAAATTATTTGTTAAGGATACCGGGTGATAAGTCTGTCTCCTTGTTCTTTAGAGAGAAAAATGAAAAAGTAAGAGTTCCGTTTAGGATCAAGTGGGACGCGGAGGTAGCCAAACAAATCTCGGATATTATCGAAGGAAAAATTTATTTAAATTAGATAATTGCTAATTTTTTTGAATTGTCTTAAAATAAGCTCTATTGTTAAATTTAACTATGGCTATAAAAGTAAAAATTAAAGATACTGAATTTGGAGTTGGTGATAAAATTCGTGTTATTCAGAAAATTAAAGAAGCAAAAAGAGAGAGAAACCAGTCCTTTGAGGGTGTTGTGATTGCAATTAGAGGAAAAGGTAGTGGAAAAAGCTTTGTTGTTAGAAGAATAGGGGCAAATAATATTGGTATAGAA
CP055308.1_gap12	675279	675828	549	TTTATTTCCTACTATGATTATTATCAGCCAGAAGCGTATATTCCATCAACTGACACATATATAGAAAAAGATTCTTCAATTAATGAGCTTATAGATCAACTCAGACTTGAAGCCACTTCAAATATTCTCTCAAGGAAAGATACAGTTGTTGTGGCATCAGTTTCCTGTATTTATAATCTTGGTTCGCCCAAAAGCTTTCAGAACCTTTCCTTAGCAATCAGCTTAGGTGACAAACTACAAATAAGAGAGATAGCATTAAAGCTTATCCAACTGCAATACGAGCGCAACGACTTTGAATTCAAAAGAGGAAGTTTTAGATTAAGAGGAGAATACTTGGACATTTATCCTCCAAATTGTAGTTTTGCTGTAAGATTAGTTGTAAAGGGAAATGTTTGTTCTTCTATTTTCATAATAGAGCCTGTTTCTGGACAGATAATAGAGGAAAAAGATTATTTTACTTTTTATCCTGCCAAGCATTTTGTCCTTGATAAAGAAGAAGAAAGTGTTTTTGAAAAGATAAGAAGAGAAATGGAAGAAAGAGTCAATTTT
CP055308.1_gap13	678668	682177	3509	TTAGACGAGCCGACTATTGGTCTTCACCCCAAAGATACAAAGAAACTAATTCATACACTTAAAAAACTAAGGGATTTGGGGAACACAATTATTGTTGTTGAGCATGACAGAGAAACAATAGAGAGCGCAGATTTTGTACTTGATTTTGGACCTCAAGCGGGAGATAACGGGGGAGAGATAATAAGTCAAGGAACAGTTGAGGAAATCAAAAACGATGCAAAATCAATAACAGGGGCTTATTTGTCAGGTAAAAAGAGAATCGAAATAAATCAAATTATAAAAGAAAATAAAGTAGAAGACGGGAAAATAACACTCTATGGATGTTATAAGCATAATCTTAAAAAAATTGATGTTTCTTTTCCTTTAGGTAAATTGGTCGTTATAACAGGGGTGTCGGGAAGTGGAAAATCTACTTTGCTAATTGATACTCTTTATCCTGCGATTAAAGATTATCTGGAAGGGCAACCTGTAAGAAAAAGAGACCTGGAGTTTGAAAATATCGAGGTGGAAGGAAAAATATCAAGAGTAGTGCTTGTTGATCAAGCACCTATTGGTAAAACACCTCGAAGTAATCCTGCAACATATACTAAAGTATTCGATCTAATAAGAGAGGTTTTTGCTTCAACAAAAGAGGCAAAATTTGCAGGATTTAAAAAGAGCCATTTTTCTTTCAACTTAAAAGGAGGAAGATGTGAAACTTGTCAAGGACAAGGCCAAATAAAAATAGAGATGCAATTTATGAATGATGTTTGGATAAACTGCGATGTTTGTAAAGGAAAAAGATATAATTCACAAATACTGGATATTAATTTTCGTGGCAAAAATATCTCCGAAGTTCTAAATATGTCAGTTTCTGAAGCAATAGAACATTTTCATTCTTACCACTCAATAATTAATAAACTAAAAACTTTGGATGAAGTTGGTCTATCTTATATTCGCCTTGGTCAATCGGCTACTACTCTTTCTGGAGGGGAATCTCAAAGAGTAAAACTTGCGCTTGAACTATCAAAGAATACAAAAGGTGGAACTGTTTTCATACTTGATGAACCGACAACAGGACTCCATTTCGCAGATGTTGAAAAACTTATGCTGGTTTTGAGAAGATTGGTCAATATGGGAAATAGTGTTTTCGTAATAGAACACAACTTAGATGTAATTAGAAATGCAGACTATATTATCGATTTAGGACCAGATGGCGGAGAAAAAGGTGGAAAATTAATCGCTTGCGGGGAAACTGATAGAATAAAGAGCAATAAGATGTCCTACACAGGAATTTTCTTGTAAGATAAATATATGAAATCTGTCATTAATTTTTTAGCCCCTCTTTTTATTTTTTTTTGTTTGGCACTTTTTTCCCCAAAAGAGATTTTCTCCCAGAGTCAACAACCAGCTTCTATCGACTCCCAAATTTTTTACAATCTGAGGGACGATAGCTATGTAGAAGTTGTCCAAAGAATAAAAATTACAAACCAGCTACCTGAGGTTTTTATTAGTGATTACAAATTATTTCTAAAATCAGTAGTCCCAGAGAACATAGAGGTTAAGGAAGAAAATATTAATTACCCGTTTCACTTGAATAAAGATAAAGATGGATACATTTTAGAAATAGACTTTCCTGATGCAAGAGTAGGAAAAGGTAATTCTAGAGAGTTTGAAATTAGGTATCATACCCATAGTTTAATTAAAAAAATCGGCGAGGTTAGAGAAATTTATATTCCAAAACTTAATAACAACAATTTTTTTAAGACTTATGATGTTCAGCTAAAGGTTCCTGCTTATTTTGGCAAATTAACCTATTTTTCCGAAGAACCAGCAGAAACTTTTGGAGATAAACAATATAACATGTTTTATTTCAGGAAAGATCAGATTGAGAAAGAAAACATATCATTAGGATTTGGAAACTTTCAAATTTTCTCTTTCATTCTTCGTTATAATTTAGAAAACCCACTAGAAAAAGAGACGAAAGTTAAAGTGGCAATTCCCCCAGATTCATTCTATCAAAGGGTTTTTTATGATTCGATTAATCCAACTCCTCAGAAAATAGAAGTAGATAATGACGGAAATTGGTTGGTAACTTTTAAATTAAAACCTCGGGAAAGAATCATAGCAATAGCCAAAGGTTATGCTCAAATATTTCCAAAACCTTACCCTTTATATCAACCATCAAAAGAGAACCTTATAAATAACACAAAAGAGGACAAATATTGGGAAACTAAAGATCCTCAAATAATAAGTATTGCTTCAAGCTTAAGAAGTATAGAAGATGTCTATAAATTTGTGGTAAATAATCTTAACTACGATTATGAGCGAGCTGCTAACAAAAATGAAAGATTTGGGGCAAGACAAGCTCTGGGAAAAAAAGATAGCGCGGTATGCACGGAGTTTACTGACCTTTTTATAACTTTACTTCGAGCAAAAGGAATACCTGCTCGTGAAGTAAACGGTTATGCTCTGTCTGAAGATCCAAAGATTAAACCACTCTCTTTGACTAAGGATGTTCTTCATGCCTGGCCGGAATATTGGGATGAGAAAAGAAGTGTTTGGATTGCAGTTGACCCTACTTGGGAAAAAACTACAGGAGGAATGGATTACTTTCAAAACAACGACTTAAAACATTTTTCTTTTGTTTTCCATGGAGAAAGTTCCACTCAACCTTTAAGCCCTGGTTCATATAAATTTGGCGCTGATCCATCAAAAGATGTTTTTGTAACTTTAGGAGGGACACCAGATTTTGTTAACAATAAAATAGAGATAAGTGCAGAGATAGTAAGATTAGTTCCTTTGGTAAAATACAAGTTAATAATAAAAATTTCCAACAAAGGCCAATCCGCTGTTTACAACGAAGCGACAAAAGTAACTTTTGATGGAAAAATAAATTACGAAGAGAATGTTGAAGCAATTCTACCATTTTCGGAAAGAAATCTTGAAATAGACATACCATTCTCTTTCTTGGGCAGGAATTCTCCCGAAAAGATTACTATTCAATATCACGGTTTAGTCAAAGAATTAGTTGGTGTTAAAAGAAAAATGGTTTTGGGAACTGTCATTTTGCTTTTCTCAATTATAGCTCTTATTCTTTTTTATCTAATCTTCAGAACAACTAGTTTTCACTTTTTTCAAGGTATAAAGAATAAAATTTCCTTAAGAAGGGAATCGTGAAGAATAAATTAATTGATATCACAAAGGACAACTTTATTGAAAAAATTCCACCTGAAAATGGGGTCTATAAATTTATTGACAAAAACAAGAACGTCCTCTATGTAGGGAAGAGTGTAAATTTAAAATCAAGAATTTCTTCCTATTTCACCAGCAAACTTTTACCCAAAACAAAAAAAATGATTTCTGATTCAAAGTATATTTTCTTTATCATTACAAAAAACGAGTTTGAATCTTTGATCCTTGAGGCAGAACTAATAAAAAAAGAGAAACCAAAGTACAATGTTGTTCAGAAAGATGATAAAAGTCCTCTTTATATAAAAATAACAGAAGAAGAGTTTCCAAGAGTCATT
CP055308.1_gap14	802054	802554	500	TTTCTGTCTATCGCCTCTAGTGCTCTTGAAACAAAAAGTTTAATCCCTTCTGGAGTGTAAGGTGGGTCGGTAAATACAGTATCAAATTTACTTCTCAATCCGACTGGAAGAGGTCTTCTTAGATCATGTCTTACCGTTCTAATCCCAAAACCAACCTCATTCGAGATGTCACCTATGTTATTTAGAATTCTCTTGTCAATATCTACCACCGCTACTTCCTGCGCCGATCTCATACTAGAGGTTACAACTGATGTAAAGTCATCATCTCCTAAAAACAAAACTCGCTTGCCTCTTATATCTCCCAGAAAATCAAGCAAGGCGACTCTTTTTGCTGTAGTATCTACTGTAGCAGTAAACTGGTCATAATTTCTTTCTGGAGCAGGTATTTTGTTCTTGTATCGGGACAAAAGTTCAACTGACTGTCTATAGAGATCGCTTTCAACTAAAGTTTTCAAAAGACTTTCTTCTACCAAGTAAGTATCTTCATAAAGTTCTCCCAA
