gap_id	start	end	length	sequence
CP054675.1_gap1	27024	31053	4029	CTTCTTTCGGTGGTTTGTCTTTATGTAACACAACATCTGCAAAAAGAATTTGGTCATTGTACTTTGTGAGCTCTTCAAGTCTTTCTTTGATTTGGGTTCTTACTGCATCAGTGGTTTTAAAGTTTCTTGTTGTTATGTTCACTTTCATAGTTTTACCCCATTTAATTTTTTAAAAAATATTTTCATTGGGTTTATTTGTTAGTTCAATATGCAAAAGAGATAAATTAAAAGCAATAAAAAAATTTACTACTTTTAAATTTTCTTATTATTCATATTTGCCAATATTCAAAATTATATTTTTTATAAGAATTAACTTATTTGTTTTATAATATTATATTATTTTTAGAATAAGTTTTATTTTATTCGTAGTTTGAATTTGGATTCGGAAAATACAAACAGGTTATTATTCAAAAGATCACTTATTATATATTTATCAATTTTGTTTATTGCCCTAATCAATTTTCTAATCATTCTGTTTGCACCGTTATTAGTTAATTCTTCTGGTTTCCTTTCTGATTTAGGCTTTTTGATATATGCGCTATTTTCCAAATCCTGTCACCAGATTAAAGACAGATCTTTTTTTGTTTTTGGTGAATATTTACCCGTATGCATTAGATGTTTTTCTATTTATACGGGTTTTTTATTAGGTAGCATTGTTTTTCCGTTTATTCGCAAATTTAATTTTTTTGCCCTTCCTAAAATTTCTCTATTCATATTTTCTGTTGTATTGATTATTATTGATGTGAGTTTAAATCTTTTTGGATTCTTAGATAATTTTGTTATTTCAAGAATTGTTACTGGTGGATTTCTTGGAACTGTTGCAGCATTTTATATTATCCCGGGTTTTGTAAATGCTTATTTTGAAATTTTTATTTTTTTTAAGAAGAAAAAAATTCAGCCTTATGACAAAACAAGCTAAGGATAATAAACTTACTGCAATTATTATTGGTACTATTTGTATTACTTTTTTCACAATGACGCCACTTTTAAACCTTATTAATTTATTTTGCTTTGCTGGTGTGGCTCTTGGTGGCTTTTTAGCTTCTGTTTATTATTGTTCTAAAGCCAGACAAAATGAAGTAGAAATTTATATTAAGGATGGAGTTCTCATAGGATTGTTTAGTGGAATATTATCATCTATTGTTGTTGTTTTGATCTCTATGTTTTCGACAATTATTTCTAAAACTAATCCAATGATTGAGATTTCTGAAATGTTTAACTCTTTTTTTAAAACAGTTCCTAATGAAATAAATGAAGTTATTCAACAATTATCCAGTGAATATGAAACTCTCGGCTATTCACCAACCTTAATGATTACAATGCTTGTAATGAATTTATTAATATATCCGGTTGTAGGTTTAGTAGGTGGTCTGTTAGGTGTAGTGTTAAAAAGAAATAGTAAAAAACCTGATAGCAATTATCTAAATACCTGAGCTTTTTATACTATTATAAGACTTCAAATAACATAAAAAATCGTCATAAGAAAAACACACAAACATTACAAATTTTGGAAGTTCATTTCCTTTTAAAAAATTACTTGTAGTCTCTAATGCAATTATTGATGCTTCTTTTATCGGATATCCATACGCTCCTGTGCTTATAGATGGGAAAGCTATTGTTTCAATATTATTATTCTTTGCAAGTTCAAGACTTTTTATGTAGCAACTTTCTAATAATTTCGCTTCATTTTTTATTCCTCCCTGCCATATTGGTCCGACAGTATGAATGACAAATTTTGCAGGGAGATTATAGCCCTTTGTTATTTTCGCTTCACCAGTAGGACATCCGTTCAATGTAAGGCATTCTTCATATAATCCTTTACCCGCTGCTCTGTGTATTGCCCCATCTACTCCGCCACCTCCAAGTAATGTGGTATTAGCAGCATTAACTATTGCATCAACCATTATTTTTGTAATATCACCTTGTAGTATAATAATGTTTCCCATATTAAATAATTATTATTAAATTTTTTAAGTAAAGATATAAATTTTTTTTATAATATTTTATTTATAAATATTTTTTCCTATATTAAAAACACATTAATTAATGTGAAGATAAATCTATGAATTTTAGAAAAAGTTTTGCTTTCATAATTTTGTCTTTTGTAATTATATGTATTAATTCCTGCTCAAAGGAGAATTCTTTTAATCCTGAAAATCAAAGATGTGATGTTATCGCTGTAACTAATCTGCAACCTTATTTACCTTGTTCTGTAAAATATTATGCTAATGTATATGGTGGGATGAAAAATGTTTCACTTTCTTATTATATAGATTCCGGTAAAGTTATTAATGTTAATCCCTCATCTTTTCCTTTCGAAGAAAAAACATATTTAACTATTAGAGATACAGCGCGAATTACAGGCACAGGGATAACAAATCAAAGCGGAAGCTTAATTGTTTCATTTTATGCGTGGAAAACCGGATTTGCTTCTTTTGGCAGTGATTCGTGCGTTAAATAATTTTTGATATGATTTTTAAAATTATTTTTTTGGCGGTCCTGATTATTCACGGGGGAATTCATTTATTGGGCTTCTTAAAGGCATTTGATTTATTGAAAACTGATGAGATAAAAAAACTTATCAGTAAACCACTTGGGATTTTATGGTTATTTGTTACGGTTTTATTCTTTACAACCGCTATTTTGCTCATATTTAAAAATAATCTATGGTTAATTTCAGGATTTATATCAATTATATTTTCACAAATTTTAATTTTTTCTTTTGGAAGTGAAGCAAAATATGGTACCCTTGCTAACATAATAATTTTAATTGTTATTGTATTGAGTTACGGGATATACAGATTTGAAAAAAATTATATAAATGATGTAAAAGGTTTGATTGAAAAAAATAAGATTGATAATTCCGATATTCTTACAGTAAAAGACATTCAGCATATTCCTGTGATTGTGCAAAAGTATTTAAAATATTGTAATGTAATTGGCAAACCTAAAGTGAAAAATTTCCGGGTGGTTTTCAAAGGGCAGATGAGAAGCAGAGAAAGGGGATTTTTCGATTTTATATCTGAACAATATAATTTTATTGATGATCCTGCACGACTTTTTTTTATGAAAGGAGAGATGTATGGTTTTACAGTCCCGGGCTATCACAAATATATAAATGCAACTGCTTCTATGGATATCCGTTTATTTGGATTTTTCCCTCTTATTAAAATCGAAGGTGAGGTGATGGATAAAGCTGAAACTGTTACTTTGTTTAATGATATGTGTTTATTCGCTCCATCAACTCTAATTGATAATAGAATTCAATGGGAAGTTTTAAATGATACAACAGTTAATGCTAAATTTACTAATAAAGGAATTTCTATTTCTGCTGATTTATATTTCGATAAAAACGGGCGATTAACCAATTTCATTTCAAATGACAGAACTGATGTTTCTGATATGAAACAATATCCTTTTCTTACACCTATAAATGATTATGCAAATATTAATGATGTCAATGTGGTCTGTAATGGCTTTGCAATTTGGAGGTATCCTGATAGAGATTTTATTTATGGTAATTTTAATTTGAAGGAAATAAACTATAATTTAATTCATATTAAATAACATATATTTCGTATGATTTATATTATTTTTTATTTAATTGCATGGATTCTGGGGTTAATTTTATTTTTTACCAATAAACCACGTTCTTTTTTACAAAATATGATAACAGCACATTTCCTTATTTCTGTTGGATTATTTGGGTTCTGGAATTTTATGGGTCATGTTTTTATGAGTGAAAGAGTTGCTCAATCTATCGGGTGGGTTTCTAATGGTTTTCAGATAGAAATCGGTTTTGTTTCTCTTGGGATGGGAATTGCAGGTATTTTATGTTATTGGTTCAGAAATGGTTTCTGGTGGGCAACTTTAATTCCATATTCTACTTTCTTATTAGGAGCGGCTGGAAATCATATCAAAGAAATGATTGAAAAAGGGAACTTTAATCCGGGCAATTCAATTATTGTAATTCCGGATATCCTGATGCCTTTAACGATTTTAGTTCTGATGATTATCAATTATATAAAA
CP054675.1_gap2	143297	146092	2795	GATACAGAAATTCTTGCAAATTTTATTAATTATAATTATAAAAATACAAAAGATTTTGTTAAAGCAGTTCAGGTTTCGCTTGCCGGAGTTGAAGGAACTTATGGTATTGCATGTCTTTGTAGAGATGAGAAAGATAAAATTATTGCTGCAAGGAAAGGTAGTCCTCTTTTGCTTGCTGTTGGTGATGGAGAATTTATTATCGCCTCTGATGCTTCAGCAGTCTTGAATTATACAAGAAATGTGATTTACCTTAATGATGGTGAAATGGCAATTATTACAAAGAATAGTCATATTTTGAAAACTATTGAAAATAAAGAAATCAACAGAGAAATTGAAGTGCTCGATATGGTTTTGGACCAGATAGAAAAGGGTGGATATGAACATTTTATGTTAAAAGAAATTTGCGAACAGCCAGAGTCAATTCAAAACACTTTCAGAGGTAGAATAAATTTTACAACAGGCGTTGCAAAACTTGGTGGTTTAGAAAAGGTTTTACCAAGATTGCTGGAAGCTAAAAGATTTATTATTACTGCTTGCGGTACTGCCTGGCATGCGGGGTTAATTGGTGAATACCTGATAGAACAATTTTGTAGGATACCAGTCGAAGTTGAATATGCTTCTGAATTTAGATACAGAAGACCAATCATTAATAAAGATGATATTGTAATTGCAATTAGTCAAAGTGGGGAAACAGCGGATACATTAGCAGCATTAAGGGAAGCAAAGAAATTCGGCGCTACAACTGTTGGAATTGTTAATGTAATAGGCAGTTCAATTGCGAGGGAAGTAGATGCGGGAACATATATCCATGCAGGGCCTGAAATTGGAGTAGCATCAACTAAAGCATTTACTTCACAACTTATGTCGCTTGCATTGATAACTATGATGCTTGCAAGGGAAAAGGAGACATTGTTTAGTAAAACTTTAATAGAGATGGCTCAGGAATTAAAACAGATACCTGATAAAATTCAAAGAATGATAGATAGGAAGGAAGAATACAAACATATAGCAGAGAGATTTAAAAACGCAAATAATTTTTACTACTTAGGTAGAGGTGTTAATTTTCCGGTAGCGCTTGAAGGTGCTTTAAAACTAAAGGAAATATCATATATACACGCTGAGGGTTATCCCGCAGCTGAGATGAAACATGGTCCAATCGCTCTTATTGATGAAAATATGCCCGTTATTTTCATTGCTCCTAAAGATAGAACTTATGATAAAATAATTTCTAATATAGAAGAGGTAAAATCAAGAAAGGGGATAATAATCGCTTTAGCAAATGAAGAAGATGATAATATCAAAAACTACGCAGATTATATTTTAAGAGTACCAAGAACATTAGGTATATTTGCCCCCATCCTTAATATAATCCCACTCCAGTTTTTATCCTATTATATTGCAGTGTTTCGCGGTAATGATGTTGATAAACCGAGGAATTTAGCGAAAAGTGTAACTGTAGAATAATTGTTAATTTTTATTGATTATTTATTTCATAGGGTAAGTTGATTTTGAAAGTTGTTCCTTCATTAATTTTGCTTTCAAAATCTATTTTACCTTTATGTAATTCTACAAATTGTTTTACAATAATTAGACCAAGTCCTGTACCATTTATCCCTGTTGTGTTTGATGCTCGGAAAAAAGAATTAAATATAAATTTTTGTTCTTCTTCAGGAATCCCAATACCTTTATCCCTTACAGTTATTTCATAGTAATCATCATAGAAATTTAACTCTACTTTTGGATTGTCATTTGTTAAGGTATATTTTTCTGCATTTGACAATAAATTATTTATAATATGATAAAATAAATTTTCATCTAATGTTGCTAATTTAGGATTTCCATTACAGGAAAACGAGAAGTACAATTTCCTGTCGGGTCTACTTTTCTCAAATTCATCTATTATTCTTTCAAGTGATGCTTTTACATCAATCTTATTTGGGGTGAAATCGAATTTCCCCGTTTCGTATTTTCCAAGTAAAAGTACATCAACAATCATTTCTAAAAGTTTTTGTATCTCTTTTTTTATCCTCATTATAAATTTCTTATTCTGTTCAAACAGATTATTATTCTGCAATGATAGTTTGATTAACTCCAAACTTGAATCTATACCTGCAAGTGGTGTTCTGAATTCGTGTGAGACAATAGATACAAAATGACTTTTCATTTTATTAAGATACTTTTCCTGCTCAAGAGCATTTTTCAGTTTTTCCTCAACTTTCTTTCTCTCTATAATCTCTTGTTCAAGTTCTTTAGTTCGTTCTTTAATAATAGAATCAAGAGATTTATTAATCCTTTCTAACTCCTTATTAACTTTTCTCTTCTGAATATAACCTATTAAGATAATTATAACAGAAAGCAAGGATATTATTATTATGACTATATATAATATTTGCTTATCTTTTTGTGATTTCAGGGCTAAGGTCTTTATCTCACTATTTTTTCTTTCAATATCATATTTTATCTGATATTGTGAAACAAGATTTATTGTCTCTTGACTTCTAATGCTATCTTTGTACATATCATATAGTATGTAATATTGTAATGCTTCCTTATCCCTATTTTCCATAGATTCCAATTCGTACAATTTTTGATATGCTGTTTTAATTAAATCCATTTTTTTATACTTTGATAAAGTGTCCAGACCTGCAAGTATATATCCTCTTGCTTTTTCAAATTCTTTTTTATACATCAATGCATTACCAATATTAATTAATGAACTTGCGATTAATGTTGGATTTCCCAATTCAATTCTTAATTTCAAAGCTTCCTCATTATATTTTAAATCATTGTCATAA
CP054675.1_gap3	324981	325801	820	CCTGAAAAAATATCTTTTGCTATAGTTGGATTTAATTTCCCCGTTGCGAAATAATCAAGAAAAAAGAGTGGATTTGATCCACATACAGCAATATCATTTACGCAATGGTTTACTAAATCTTCACCAATTGTATCATATCTGTTTGCAATAATTGCAAGTTTAATTTTTGTCCCAACTCCATCAATACTCGAAATAATAACAGGGTTCTTATACTTTTTGAAATTTATTTTATAGAATGCACCGAAATTCCCAATCCCTTGAACAACTGATTTATTAAATGTTTGATATATTGATGACTTTATATTGCTAATAAAATCATCAGCCTTTTTAATATCAACCCCGGCAGATTTATATGAGAATTTCATTTATAAATTTATCAATTGTAAACTGCAAATTCAATTTAAAATGATAGGGCTAAAATGGTAGATTTTTTATTAATATTATTTAATAAACCTATGGTTTATCAATAATTAAAATGAATTCTCCTTTTATTTTTTTCTCCCCGAATTCATTTACCAATTGTTTTATAATTTCTTCGGCAGTTCCGCGGTAACCTTTCTCATTTTTTTGAGTCAGGTTTAATCCTATGAAGATTCTTCTTGTTGGTATAGCAGTTTTCAGATCTGAAAGTAAAGTTAATAATCTGTATGGGGTGTCCATTAAAATTATTGCTCTATCTAATTTAGATAACTCCATTAACTCTTTTCTACGGATATTTGTTTTTGGAGAAAGGAAGCCTAAAAAATAAAATCTACTTATATCAAAACCGCACATAACCAGAGCAGCGAGAACTGAATTAGCACCAGCAATAAATTCTACT
CP054675.1_gap4	339251	343444	4193	AGAAAATTCACTGAAAATACCGGGTACTTCATAAATCTGGTTGAAGTTAGAATTTTCATCTTTAAGATTAAAATATGAAACGATAGAAGAAGAGTTCCCAAATCTCATTCTAAGTCTGATAAAAGAACCATCAACATATCCTACTAAATTTTTTACAAATGAAAAACATTCATTATAACTTATATTTTGACTAACCCATTGAGTACCTGTATGACCTAAGTTTATTACTTCTGCTTTTTCAAAAAATCTATTATAAGCATAAGATACCTGTTCAGCGGTCGGGATATTTGGAGAATTTATTATTTGCATTCTCTTACCGTTTGCACCACCATAAGTGAGCCAGTAAATATTTGAATTTGTAAATCTATGTACATAACTTTTGTATAACTTCTCAATTGAATCATAAACCCAGTCAAATGTAGAGATACCGTAAAAGAGTAAATATTCAAATTTACCGTTGGCATCGGTTTGGACATAAATATTTACTTCATTTAAATCGTTTATAGTAGAAACTGAATTATTGTATGGGAGTTCCTTTCCACCGTTGTTATAAATTTTAATTGTCTGGGGGTTTATATTATCAGTATTAATACCTGCATTTTGCAGATAAGCTTTATCAATTTTATATATACCGGTTTCTTTAACTTCAATTTTATAAAAATCTCCGCTGGAGAGAACACTGTTTTGAATTTGTGTTCTGACTGATTGGTTGAATTCTTTAGTTGACCATTTAATTGCAATGTTTGAATTAATTGCTAAACCAGAGAATATATCCTTTTCTTCTTTTGAAAGAGTTTTATTCATCAATACAGGATAACCGCCAAAGCTAATCCTGATTCTAATGAAATCAAGTTTTTTAATAATTTTTAAGGAAGGATTATATAATACCGGGTATATTTTTATGTGACCGAGGTATTTATTTCTTAAAATTCCACCTTGAGAAAATTCAGCAAAACTTTTGGGATAAAAGTCATTTGAATTATAAACAGAAGCATCTTTCATATAATCATAATCGTATAAACCTTCTTTAGTCTTTTTTAAATTTGGTATAGGGGCGATGTCAATATTATTAATTTCCGAATATTTAAAATCAATTATTTCTAATCGGTTGTTTTCAAAGGATGGTAAAAAAACCGGGATTGAACGAATGGGTATATCAGGATAACCGGGTTTAATAATTTCAGAGAAAGTATTTTCAGCAATATAGTTGTTTATGTATTTTGGGTAATAAATAAATTCTACAGATGATTGATTAATTGAAATAATTTCTATATCATTTCCAAAATTGTTTTTTGGGTTTCTGTTTTGTGGAAAAGCAATACTAATCATTAGAATGAAAAGTATTAAATTAGAAACTATTACTTTTTTCTTCATAATTGTCCTTTATATATAAAATAAAATACCATTTATTAAAGTTTCATTTAAAGACTCAAATTTAATAAATGGTATAAAATTATTCTATATAGATTTCGATTATTTATTTACAAATATATGTTTATATGAAGTTATTGTCAATACTGAAAGGGTTAATTTATTATTATCTTTTATATACTATTTTTTCTTAATCAGGTTTAATTTTTCTATTAAATCTATATTTTGAAGGGCGTTTTTCGCTGCTTCCTGTTCTGCCTGTTTTTTTGATTTTCCTTTTCCAATACCTAAACAGTGTTCAGCAAGATATACTTCTACCGTGAATAATTTATGATGCTCCGGACCTTCTTCTTTAATCAATTTGTATTCAGGGATATAATCTGTATGTGCTTGTGCAAATTCAAGTAATTTGCTTTTATGATTCTCATCAAACTGATTAAGCCACTTTATGTCAAGTTTTGAAAATATTTCATTATTTATAAATTTCTTTGCAGCTTCATATCCTGAATCCAAAAATATTGCTCCGATTAATGCTTCGTAAGTATCAGCTAATATTGTATCGTATCCTTCATTAATCGATTTTATCGCCGCACTTGATGCTAAAATAAAATTTTGTAATTTTATATTCCTTGCTCTTTCAGCAAGAAATCTCTTATTTACTAATATAGAACGGAACTTAGTTAAATCTCCTTCTTCATTAAGTGGAAAATTTCTATACAAAAATTCGGCAACTATTAAATCAAGAACAGCATCTCCTAAAAACTCTAACCTTTCATTTGATAAAAAATAATTGTTTGTAGAATTTTTTTTCCCTTTTAAAAAGGACCTGTGTGTTAAAGCAGTAACAAAATATCTGAAATCAATTATTTTATAGTTAATGTTTTCCTGAAATTTTTCAAAATCGATTTTTTTTATTATTTTATTTAAAGAAAAAACAGGCTTTTTTTCCTTTGTGAATATAGAAAAAAGCCTGAATTTCTTTAATAATTTTAACATATAGCAGATCCCTTAAGGAATATTACTCCACTTTCTTAAAAATAATAGCTGTGTTATGTCCACCAAAACCGGAGTTTGTTGATAGGACTGTTTTTACGTCTTTTTTTATGTGAACATTAGGAACATAAAATAAATCACATTCCTCATCTTTTTCTTTATAATTGATTGTAGGTGGAATAATGCCATCTCTTATTGTTAATATTGCAGCAATTGCTTCAATTGCACCAGCAGCGCCTAATAAATGACCTGTCATTGATTTAATTGAGTGAACAGGAATTTCGTATGCTCTTTCTCCAAATACTGTTTTAATTGCTGCGGTTTCGTTTTTGTCATTTAGCGGGGTCGAAGTACCGTGTGCATTTATCACATCAATATCATTAATTGTTAATCCACTATCTTTTATGCACAAATCAATTGCACGCGCTACCCCATCACCATTTGGGGCAGGTTCTGTTATGTGATAAGCATCCCCGGTTAAAGAGAAGCCCGCAATTTCAGCATAGATTTTGGCGCCTCTATTTAAAGCGTGTTGATACTCTTCAAGTATAAGAATAGCTGCACCTTCTCCCATTACGAAACCATCTCTTGTCTTATCAAATGGTCGGGACGCTCCCTTTGGATCATCGTTTCGTGTTGAAAGAGCTTTCATTGCATTAAAACCGCCAACTCCTAATGGAGTAATTGCTGCTTCTGAACCCCCGGTAATCATCACATCTGCATAATCGTGTTGGATTAGAAATGTGGAATCAATGATACTGTTAGCCGATGTTGAACAGGCAGAAACTGTTGCATAATTTGGTCCACGAAATCCGTAAATCATTGATAACCTTCCAGGTACAATATCAGAAATCATCATTGGAATAAAAAATGGGCTTAACCTGTCAGGGTTTCCATTTCGATTCTTGATAATTTCTGCTTGATTTGCAAATGTAATTAATCCCCCAATTCCCGAACCAGTTACAACTCCTGCTCTATCAAGGTTGATTTTCTCGGGATTAATACCAGAATCTTTGATAGCTTCTTCTGCAGCTACCAATGCATATTGGCAAAATGGGTCTGTTCTTTGAGCAGTCTTTCTATCCAGATAATTTAATGGATTAAATCCTTTAAGCTCACCGGCAAATTTTGTTGGGAATAATTCTGTATCGAAATAAGTTATATAATCAATTCCACTTTTACCCTCAATCATAGAATTCCAGAAATCAGGGACATTTAATCCACAGGGTGTAACAGCACCCATGCCGGTTACGACTACTCTTCTTTTCATATAAAATAAATTTGTTAAATATTAACCTAACTTTTGTTTAATGTATTCTACTGCTTCACCTACTTTTGTAATCTTTTCTGCTTCTTCATCAGGAATTTTTATTCCAAATTCTTCTTCGAATTTCATCACTAATTCAACTGTATCAAGTGAATCTGCACCTAAATCATTCATAAATGAAGCTTCAGGAGTTACTTTACTTTCTTCAACTCCTAATTTGTCAACGATTGCTTTAACTACTTTGGCTTCAATTTCTTGGGGTGTCATTTCATTTCTCCTTTTTTATTTTATTAAATTTTTTATAGAGACTAATATAAATATTAATTTTTATATTTAAAAGTGAAAAAATCAAGTTCTTGTTTTTTCACATCTATTCTCCGTTTTCAAGGTTAGTTTCATAAATGAAATGCATACTTTGAAAAATAATGTTGGCGTGAGTTTATTTACATTTCTTAAATAGAAAAAAAGATGTTAAAATCTTCTGTTTTTAATTTTACAAATAACATAAAATCACTTTAACACATCTTCAAGAGCATTATAATAATTTTTGTATGCAAGATTC
CP054675.1_gap5	535350	537326	1976	TGCGGATTTTATTGCAGAAGGATTAGACCAGACAAGGGGTTGGTTTTATTCGCTACATGCAATAGGTACATTTTTATTTAACAAACCCGCATATAAAAATCTTATAGTAAATGGTTTGATTCTCGATAAAGAGAGGAAGAAGATGAGTAAATCAATTGGAAATGTTGTTGATCCGCTTGAAGTACTGGAAACATTTGGGGCTGATTTATTAAGATGGTATCTTGTTTATTCTTCCCCTGTATGGAAATCAAAACCATTTAATGATGAAGATTTAGTTGATATAAGAAATAAACTGTTTGATACATTAATAAATACATTTAAGTTTTTTGTAATCTATTCCAATCTCGCTGGTTTTGAATATGATGAAAATAATAAGTTAAATTATGATGAGAGAAAGCCAATTGATAAGTGGTTATTGTCGAGAATTAATTCTGTTAAGAAAGAATATTTTGAATCATTAGATTCTTATGATATAACAAGTGCATCACGAATTTTATTTGATTTTACAATAGATGAATTATCAAACTGGTATATAAGAAGAAATAGAAAAAGATTCAGAACTCCTGAAAATGAAAAAGATAAAATTTCTTGTTATCAAACATTATATGAAGTATTAATTGAACTGATGCTAATGCTTGCGCCCATAATTCCATTTCTTCCTGAAATAATATACTCTAAATTAACAAAGAAAACCACTTCAATTCACCTGGAAGAGTTCACTCCGGTTAATGAAGAAATTATTGATAAAACCGCTGAGGAAGAAATGCGATTAGCACAATTGGTTGTGTATATTGTAAGAGCAATAAGAGTAAGAAATAATTTAAAAGTTCGTCAACCATTACAACAGATTCTAATACCTGTTTTATCTCAGCAAGAGAAAGAGACACTATTAAAAGTAAAAGATATCATTCTTGAAGAAGTAAATGTAAAAGAATTAAATATAATCGAAGGTAATTCTGATATAATTACAAAGAAAGCAAAACCTTTATTCAAAGTGATTGGTCCTAAGTATGGAAAACAAGTTAAAGAATTGCAAAAAATAATTAATGAGTTAACCTCGGAAGAAATAACTAAAATAGAAATCGAAGGGAAAATCGAGAAAAATGGCTTCACAATAACAAATGAAGACATAGAAATCATTACAGAGAATATAGAAGGATGGGTAGTGGAACGAGAAAAGAATCTTACAGTTGCATTAGATACGAGACTAACAAAAGAACTGATAGAAGAAGGACATGTCAGAGAATTTATTAATCGGATGCAAAACTACAGAAAAATGAACAACTATAATGTTAATGATAAAATAAATATATATTTAAATACATCAGAAGAAATAAAAAATGCAATAAATAATTATTTAGAAAAAATTAAAAATGAAGTGTATTGTGAAAATATAATAATGACTGATGAAAACAGCGATGAATATTATGAAACAGATGTTAATGATATAACCTGCTTCTTTAAAATTGAAAAATTAGAAAGCTGAAAGGAGATAAAATGAAAGCTAAAAAAAAGTTAAAACCCAAAGCCAAAAAGAAAACTGGTAAGATAAAAAAGACAAAGGAACTGACGCAAAAAAAGAAATCTTTAAAGAATGTAAAAAAGATTAGACAAATTAAATTATCGAAATCAAAAAAATCTATAAAGAAGAAAAGTAGCCAGAAACCGAAAGCAAAAAGAATAGCAAAGAAGATTTCTAAAACTGCAAAAGTCAAACCCAAGAACAGAAAAACAAGATATACAGCAAAAGAACTTGAACATTTCAGAAAGATATTGTTAGAAGAAAGAGAGAAGATTTTAGAAAATGCAAAAGCAAATATGAGATCACTTGTTGATATAGAATCGGGAGAATATGTTGGAGATAACTCGACTTATGCCTCACATATGGCAGAACAAGGCACGGATGAAATGGAAAGAGAAAAGAACTATTTATTCGTACAACGCGATGAAAAATATTTAGGATATATACAAGAAGC
CP054675.1_gap6	593075	595059	1984	CCAAAAATCACTTCACAAATAATATCAAGAGATATACATTGTCAATATATAAATACGATAGCGATAATAGGTGCAACTCTTGAAAAAATAGCCTTAGAAATAAGACATTTACAAAGAACTGAGGTTCTCGAACTGGAAGAAAGTTTTACAAAAGGACAAAAGGGATCATCTGCTATGCCCCACAAGAAAAATCCAATAACAGCAGAACAAATATGCGGACTGGCAAGAATATTAAGAGCAAATTCAATACCTTCATTAGAAAATGTAGCACTCTGGCATGAAAGAGATATTTCCCACTCTTCAGTAGAAAGGATAATACTCCCGGATTCTACTATTCTATTAGATTATACTTTAAATAAAATTGCTAACTTACTTAAATATATAGTAGTTAATAAAAATAATATAAGTAATAATTTAAAGCTTTTAAATGGAATCTATTTCTCTCAAACTGTGATGTTGAAGTTAATTGAAAAAGGATTGACAAGGGAAGAAGCTTATAAAATAATACAGGAAATTTCATTTAAATGCTGGAAGAATAACACTGATTTTAAAAATGAACTTATTAAAAACAGGAAGGTTACTCAGTTACTTTCTGTTAAGGAAATAGAAACTATTTTTGATTTGAAAAGATTTTTAAAGAATATTGATTATATATATTCCCGTCTGAATTTATAACTTAATTTTCTCATAATTTCTTCTTAGCTCAATTACCTTACCAAGAATCTTAAAAGGTCTATTGATAATTGATTTATAAAATGGATTTGAAGCTTCAAGATAAATCCTGAATGTATTCTTTCTTAATTTTTTAACAGTTGCTTCTTCGTCAATAAGCGCAATTACTATATCCCCATCTTCTGCAGTATCCTGCTTTTTAACAACTACAATATCACCATCATAAATGCCTGATTCTATCATACTATCTCCCTGCACTTTTAATGCAAAATGCATCTTTTGTCCATTCGGGGTTTTTTCAATTGTAATATACCCGTTAATATTTTCATTTGCAAAAATAGGCTCTCCGGCAGCAACATTACCATAAATCGGAATTAAATCAAATTCATTTAAATTTGGTTTTGAAACACCTTCTGAATTCCTGATTATTTTAATCCCTCTTGCTGTATCTCTTCTTCTTTCTATATAACCTTTTCTTTCAAGAGCGTAAATATGGTCCTGCACGGTACCTATAGTTAAATTAAAATATTCAGTGATTTCTTTCAATGTGGGTGGATAGTTATTTTCTCTTAAATATTTTTCAATATAATCAAGAATCCTTTTTTGCTTTTTAGTTAATTTATGCATAATTAAATATGGTATTAATAAAAATTAATGTCAAGTAAAAAAAAATTTCAAATTTTTATTAATATTCCATATTCTGATTTTTTTTGTAATTTTCTACATACATAATATAATTCATCGCCCTTTGTTTTATAGAAGCAATTTCTTCTAAAGATAAATCTCTAATTATTTTACCAGGAACACCGGCTACAAGAACGCCTTCCGGCACTATAAAATTCTCTTTAATTAAAGTACCAGCAGCAATTAAAGAATTTGAATTAATAGTGCAATTATCGAGTAATAATGCACCCATACCGATAAGAACAGAATCTTTTATATTACATCCATGAATAATAGCGCCATGCCCAATAGAAACAAACTTCCCAATCATTAATGGATATTTTTTATAAGTTACATGTAAAATTGCTCCATCCTGAACATTTGTTCCTTCCCCAATTCTTATGTAATTCACATCTCCTCTGACTACACAATTAAACCATACACTAACATTTTTTTCAAGCACAACATCGCCAATGATAATGGAGCCATCACCAATAAAAACACTTTCATCAACTTTTGGTTTTATCCCTAAATATGTTTTAAGCATTAATAAAAGAATTTATTAATATTCTATTCCTTTTCTTGCAACAATGCCACAATCAAAATAATGTTTAATCTTTCTCATTTCAGTTATTAAATCGGCGCTATC
CP054675.1_gap7	605750	608902	3152	AAGGATAAGCAGTAAAATAATTACCATTTATTCTAATATTTTTATCTGTTTCATTTTGAAAAATTATAAATGCACTAAATAAAATGATAATTAATAACAATAAGAAAATAACATATATTAACTTATTTACAGAAATTTTTTCTAAATAAGTAATATTTTGTTCCATATTAATTACAATTTACACTTCTATACTTTACAAATTTCATACCAAAAAAAATTTTTAAAAAAAGGGGATTTTTTTGCTATTTAACGCATAGAAGTATAAAAATGAGAAAACTAATCTCATAATGAGATAATATTATCATTTTAACCAACATACAACTTTACATAATATTTTGTATTTTATAAAAAGTAATAACATATTATTGTAAATTAATAATTTATAATTATGCGAAGTAAATATATAAATTTTTATGGAGATTAATTTTAAGGCTGTTTAATGAAATTTTAGTAGTATATTAGCATTAATACTTTATATAATTTAAATGCTATTACAAATCGGATGATTTAATAAAATGGGCGTACCATTTTCCCCGTTGATTGTTGTTATGATTTTCTCAACTGAAATTCACTCTTCTACTAAAAGGAAAGACTGAATTTTCTTAAAAACTGCAATTATAAATTATTTCACCAATACCATTTTAAATGTCCTTGTGAAATTACCTGCTTCCAGACGATAAAAATAAATTCCACTTGGATAATTACTTGCATTCCAACTCGTTTGATATGTTCCTGCCTGCAAGTATGAGGATATTAATTTTTCGATTTCTTTTCCTAATGCGTTATATACTGTAAGTTTTACATATTCTGATTTTGGTATGGAGAATGAAATATGGGTTACAGGATTAAAGGGGTTTGGATAGTTCTGATTTAAAGAAAATTCAGTAGGTATTTGATTACCTAAAGATTTTATTCCAATAGAACTGCTTCCAAATTTCAGTATGAATGCATCATAATAATCTCCGCCGTAGGTAGATTGGAAATATGCACCACCACCCGGATTATATAAAGGCAAATAGGTCGAATGAGTAATTCCTGCAACAAAAATATTTCCAGAGCAATCTGTATTTATGGAAAAACCAAGATCAATGTGATTTCCTCCATAATAAGTAGCCCACTGCCGAATACCTGAATTTGAAAATTTTAAAATAAATGCATCATCATAGCCTGTTGCCCCAATAGTACCCTGAAAATAAGCACCACTGCCGGGATTATATAAAGGAAAGTCAGTTGATAAAGTTGTTCCAGTTAAAAAAATATTTCCAGAGGAATCAGTAGAAATAAAGAGGTCTTTTTCATTATGACTTCCGCCATAATAAGTAGCCCATTGCCTAACACCTGTGTTTGAAAATTTTAAAATAAAAGCATCTTCTCTTCCACTTTTTACCCCCTGATAGTAAGCACCGCTACCGGGATTAAATACAGGAAAGTTTGCAGTACTGGTATATCCGGTTATAAAAACATTTTCCGAAACATCGGTTGCAAGATAAGTACCATAATCATTACTATCACCTCCATAATATGTTGCCCATATCCTTGTGCATGAGTTTGTAAATTTCAGAATAAAGGCATCATTAAGTCCTCCACTTGAATTCTGAAAGTAAGCACCACTACCAGGATTCTGAAGAGGAAAGTTTAGTGACTCAGTTTTTCCTGTCATAAAAACATTTCCGGTTACATCTGTAGTAAGACAATTGCCATAATCTCCTCCATTACCGCCATAATATGTAGCCAATAGCCTTACTCCGGAGTTTGTGAATTTTAATAAAAAGACATCAGACCATCCACCAAAAGTTCCCTGATAATAAACACTACCCCCAGGATTAAACAAAGGAAAAGAAGTTGAATAAGTATATCCAGTAAGAAAAACATTTCCTGAAGCATCTGTTGCAATAGAAGTTCCATAATCAGTACCAACTCCTCCATAATAAGTAGCCCACTGCCTTACACCTGTATTTGTAAATTTTAAAATAAACACATCTTCATTTCCACCATTAGAACTTTGATAATAAGCACCACCACCAGCATCCTGCAAAGGAAAGTTATTCGAAAGTGTTATTCCTACAACAAAAACATTCCCTGTAGCATCAGTAGTAATAGAATATCCATAATCATTAACGTTTCCCCCATAATAAGTAGCCCATTGTCTTACCCCGGAGTTTGAAAATTTCAAAATAAATGCATCATAATAACCTTCTCCCCCAATAGTACCCTGAAAATAGGGACCGATACCAGGATACTGTAATGGGAAATTAACGGATGTTGTCAATCCAGTAACAAATAAATTTCCTGAACTGTCTGTGGTAAGTGTACGGGCATAATCAATACCACTTCCACCGTAAAAAGTAGCCCATACTAAAGCAAGCGGCGGGTCTATTATTAATTTATCATTACCGCTCCAATTCATAACCTCATAACCTATTATTCCATTTTCATTTATCCTGTATCTTATATCTACCTCATTTATTCCTTCATAAGATACTATCCTACCATCTTTTATTTCTCCCAATGGTGTGAATAATATCATTTCTCTACCATCCGAACTTAATCTGACATCTGCCCATCTTACTCTGAATTTTATCTGGTTTACATCTGCTCCTTTATTCACTTCAAACTCATAGTGTAACACTCCCTGATGATCATATTTAAATATCAGGTCAATTCCCTGATATACCTCTTTGACCCTTATTTTATTGTAACTTTTTACATAAAGAATACCTTCAGGACATTGAGCAAGGTAATAATTAGAATAACCAGGAAGTTCTTCATCACAGATTACATTAGTTTTCGCAATATTTGAATTTAATAAATCAATGTCAATCCTTGCGTAATGTAATTTTGAGTTTTTAATTTTATCCCACTCATTTAGGTTTTGGTTTGCTCCTGATAAAATATCCCCATTTTCACTTTGATATATCACATAACTGAATCCATCAGTTTTAAAAAAAATTGAATAACCATTTTCTTTCGAAAAGAAAACAATATCATTTACTTTCTGTCCATCAAAACTTGTTATTTGCCCGTAATTAATTTCAAACCCTTTATAACTGATTGGAAAACTTTTACTTTGAGAGTAATTAAATAAAAAAAATAAACAATTAAGTAGGAGGAAAAATTTTCTCATACTTTGCTCCCTTATTTATTTTCTTAAG
CP054675.1_gap8	654816	658280	3464	GCCAGTATTTTCTACAAGGATTTAAATCTAAAATATAAAGGCTGTAACAAAACATTTTCTGAATTTTTCAATTTAAAGCCAAATGAAATAATAAATAAAACAGCTTATGATTTATACAATAAAGAAACTGCAGAGCGATTTGAGGAACTTGATAAAGAATTACTTAAGACGAAAAAAAATCAGATTTTAGAGTATAATCAAAAAAATAATCAAACAGGGAAAGAAGAACATTTTCTACTTCATAAAGCTCCATATTACGATTTAGAAGGCAATCTAAGCGGAATAATCGGTGTAATACTAAACATTACCAAATTAAAGGAAGTAGAGCACGAGCTACAAGAAAGTTCTGCTTTCATTAATGAACTCATAGAACAAACAAATTCGATAGTTTTAAATCTCGATTTAGATGGTACAATAAAAATTTTTAATAATGCGGCAGAAAAAATAACAGGATATAAACGCGAAGAAGTAATAGGGAAAAACTGGTTTCATATTTTTGTCTCACCCAAAAAGTATCCGGATGTATTCGGAATTTTTAAGGAATTTATAAATCGAGGAAAAATAACAGAAAACTATATAAATTATATACTTACGAAAACCGGAGAGGAAAGATTAATCAAGTGGAAAAATTATCCTTTAAAAAAATATAAAAAAGTAATCGGTGTAATTTCAATAGGAATAGATATAACAGACGAAAGAGGATTAACATTAAATAAATTATTAAATGTATTTGAGATAATTCAACATCCAGTAATTATTACTAACGATAGACTAATAATAGAATATGCAAACTCAGCTTATAAAAATATGACAGGATTTAGTATCGATGACGTAATAGGTAAAAAATACAATGTTTATAAATCAGATAATGTAAACAAAGATAAATATCCGGAAATGATAAATGCGATAACTAAGGGTATTGCATGGAGTTGGAAATTTTTTATTGAGAAAAAAGACGGTAATCTATACTACGAAAATTTAATAATCACACCGATACATAATTCAAAAGGAAAAATCTCAAATTTTATAATAGAAATTCAAGAGACCAAAGAAGATGATGAAGACTTCAATAACAGACATAATCTAAAATCAGAAATTGAGATTTTAAGAGTTCTTCAAGACTCAATAAATATTTTACTGAAAAGAGAAATTAAAAAATTATCAGTTAATTTTAAGAACAAAGAGATAAAACCAACAGCAATTTTTTGTAAACATACATCAGCACAAATTGAATATCTGAATAATTTGCTTTCTACAGCTGAAGAATTATTCAAGAAAAACTATATTGATGAAAGTGAAAGTTCTGAAAAAGTTGATTTATCATTAATTATCGAAGATATTTTAACAAAGGATAAAATAAATCTGAGCGAAGAAAATGTTAAGTTCACACATCAAAGGTACAGAGAGAAATTTTTCATAAATGCTAATAACGAAATAATTAAATTTGTTTTAGAGAAAATAATTAATGTGATAAACGACCATTCAGAAAAGGGGTCTATAGAAATTAAATTAGAGAAAATTAAAAATAAATCATTTTCTATAAATGTTTCCGGTAAGTTAAAAAAATCTATTGGAGGCAATATTATAACATTAAAAAGTATACTCAGCAATAAAGGAACAATAACATCAGAAAACTTTTCAATAAAAATTATTTTATTAAGCGAGATTCTCAATAGACTAAACATTAAACACAAATTTGAGATTATTCATAAAAACAAATTTATGATTAAGATTCATTTCGAGAATTACAAGCTTACTGATAAAAAAGTAATTAAACAAAAGAAAATTAAGAAAATCTTATTAGCAGAAGATAATATATCCAATGCAGAATTAATTCAAATTTATCTGGCAGATAAATTTCATATTGATTATACTACATCGGTTAAGGATACCATAGATACTGCAATCAATAATAATTATGATATCTTCATTATTGATATAGACTTGTGCAATGAAAAAGACGGGGTACTAATATTAGAAGAACTAAAAAAGAATGAAAAATATGAAAATACTCCCTTTATTGCAGTAACTGGTTTTTCTGATTTTAAAGATAGAGAATATTTATTAGAATGTGGTTTCTCTGATTATCTTGCTAAACCATTCAGGAAAGAACAATTAATAAGTTTAATAAAAAAATATATTTAAATGAAAAATCAAAATATCAGATTAACACAAATGGTAACTTCTGCTGGATGTGCTGCAAAATTATTCCCTTTCCTCTTAAGTGATTTGTTAAAAGATATTAACTGGTTTAGTAATGATAATGTTATTATAGGATTTGATTGTTGTGATGATGCTGGTGTTTATAAAATAAACGATAATTATGCTTTGATACATACGACAGATTTCTTTACTCCGGTAGTAGATGACCCTTACACCTTCGGTATGATAGCAGCCGCTAATTCTTTAAGTGATGTTTACGCTATGGGTGGGACCCCTATGAATGCACTTAATATTGTTGCATACCCGCAAAAAGAAGACTTATCTATCCTAAAAGAAATATTAAGAGGTGGAAATGATAAGGCAAAAGAAGCTGGCTGTGTAATTATTGGTGGTCATACAGTTGATGCATCAAATATAATATATGGATTAGCGGTAACCGGTTATGTTATCCCCAAAAATATTAAAAGCAACTTTACTTCTCAACCAGGAGATAGATTGATATTAACAAAAGCTCTTGGAACAGGAGTGCTAAATAATTGCATAAAATATGATAAACTTGATGAAGATATATATAACGAACTTGTAAATTCTATGACAAGACTTAATAAGTACGCATCGGATTGTATGTTAAAAATAAATGCAAATGCCTGCACTGATATAACGGGTTTTGGACTTGCTGGTCATTCAATGCAGATGGCAAAAGCATCAAATGTAGTCTTTCACATAAGTGTATATGAATTACCCATATTAAGCGGAGCAATTACCGCAATAGAAAAGAAGATGTTGACAAGAGCTGATAAATCCAACAGAATTTATACCCAAGAATATGTTATAAATGAAGGTAACATTGATGAAAAGCTTGAACATCTTTTATACGACCCGCAAACATCGGGCGGGCTTTTAATTTCAGTTGATAGTAACGATACAAAAATTCTTTTGCAGGAATTACATAACGCGGGTGACGAATCAGCAAGAATTATTGGTTATGTGGAGGATAGTAGTAAATATAAGGCTGGAACTATTGTTTTCCATTTTTGATTTGATTATGAAAATTTTCAATTCAGACAGAGAATTATTTTTATATGTGCGAAATTACGATTTAGAAACTATCCAACCCACAATCAATTCATTTAACTATTATCATGTAGATAAAATAAACATAAAAGAAGTACTTACCAATATTTATCGAGATGATAGCATTTTATTAATTGACGCTCGTTCTGAAAAAGAGCATAAAGAAAGTTCTATCCCAAACTCTCATAATTTCCCTATTCTTAAAAACGAAGAAAGACACAATGTAG
CP054675.1_gap9	664633	668151	3518	TTCGTAATGAGAGAATTTTCTTGAATATGTACCTCTACCTTGTGTTAACGAACGAAGTCTTGAAGAATAGCCACTCATTTCAGAAAGTGGTAAGTGACATTTTATAACCTGAAGCCGACCTTCTGATTCCATCCCAAGAATTCTACCTCTCCTTGAAGAAACATCACCTGAAACAGCACCCATAAATTCTTCAGGGAATTTTATATCTACTTCATAAATAGGTTCAAGCAATACAGGATTTGCCTCTTTAAACCCTTTCTTGAAAGCCATAGTAGCAGCTAACTTAAAAGATAACTCATCTGAATCTACTGTATGGTATGAACCAAATGTTAATCTAACTCTGACATCGACAACTTTAGAACCTATTAAAACACCATTAGCCATAGTCTCTACAATTCCCTTTTCAACAGCAGGAATGAATCTATTTGGTATTACTCCACCAACGATTTCATCAACAAATTCAAAACCCTGCCCCCTTGGTAATGGTTCTAATGTAATTACCACATGACCATATTGTCCTCTACCACCTGTTTGTTTTTTATGTTTATATTCAACATCCTTCGCAACTGATTTTATAGTTTCTCTATATGGAATCTTAGGTTCAACCACATCAACATCAAGATTATATTTAGACTTCATCCTATTGATTATGGTATTAAGATGGATTTCACCCTGTCCGTGTATTAAAGTCTGACTTATATCCGCATCATAATTAACTAAAAATGTCGGATCCTCTTCGTGAAATGAATGAAGTGAAGTAGCCATTTTATCCTCATCACCTTTACGTTTCGGATAAATTGCAAGTGTCATATTAGGTTCAGGGAATATGATAGGATCTATTAAAACAGGATTCGATTTTGCACAAATTGTATTATTTGTGTGAGTATCTTTTAATTTTACAACTGCTGCTAAATCACCACATATTGCTTCTTCAATTTCTTTTCTCTCTTTACCATTTAAAGAATAAACTGTAGATAATCTTTCAATTTTATCTGTATTGGCATTTATTAAATCCATACCAGCTGTTACTTTACCTGAATATACTCTAAAATATGAAAACTCACCTACATTTCTCTCAGACATAGTTTTAAAAACAAATAAAACGGGTTCAGCATTTAAATCAGGTTTTATTTCTAAATAATTATTACTGTTTTTAGATTTAGCTTTAACTGGTTTAACGTCAGCTGGTGAAGGACCATAATCACATATAAAATCAAGTAATGTTCTAACTCCAATATTATTATGAACTGCAGTACAAAAAACCGGGAATAGTTTTCTTTCTAACAATCCCCTTTTCAGCCCATTCCTGATATCTTCTTCTGTCAATGCACCATCAAAAAATTTTTCCATTAAAACTTCATCTTCACTAGCAATTGCTTCAATTAAATTCTGTCTATATATATCTGCTTTTTCTTTTAATTCTGCTGGTATTTCCTCTTCAACAAATTCACCCTTCTTATTGGGATTGAAATTTAATTGCTTCATTTTTATTACGTCAACAATAATATGAAAACCCATTCCCTGGTTAACAGGAAATTGGGCGATTGCAACTTCTGGTCCGAATAAATCTCTTACTTGTTTGACAACATCATCAAAATTAGCATTTTCTGTATCAAGTTTATTAATAGCTATTATTACCCCATTTCCATTCTCTTTTGTAAATTTGAAACTACTCTCAGTACCAACTTCTATTCCTTTAAAAGCATCAACAAGTAAAACAGAAATATCAGTAACTTTTAAAGCAGCTTTAACTTCTCCAACAAAATCCATAAATCCAGGTGTATCGATAATATTAATCTTTATTTTTTCACCTTTAGAATTCTTCCACATCGTATTCATCAAAGAAAGATTGATAGAAATCTGTTTCTCAATTTCGTCTTTATTAAAATCACTAACAGTATTTCCCTCTTCAATTGAACCGAATCTATTAGTCACGCCGGTTGTATAAAGAATACCTTCGGAAAGGATAGTTTTACCACTCCCTCCATGCCCAATTAATGAAATATTGCGTATTTGTTCGGTTTTCAATTCTGCCATTATTAAATCTCCTTAAAAAATGTAAAATTATTTATTATAAAATTTGTAATTTAACATTATTTTTTCATTTTTTAAAGTTAATAAATTTGTATTTTGCAATAGTATATTTTATGAAACTTTTAAATATTTTGAATAGTTATTAATTAATAATAAACAATAATGCCTAAAGTTTTACCAATAACAACATACGGTAGAGATATTCTCAGAAAAGTTGCAAAACCAATCAAAGATATAAATATCGACATTGTAAATCTTGTTGACAATATGTTCTACACAATGAATGCAGCTGAAGGGATAGGTTTAGCCGCACCACAAGTTAATGAAGGTATCTCACTCGCAATAATTGATATATCAAGTTTAGACGAATATAAAAACGAAAAACCTTTAGTAATTATAAATCCCAGGATAATTGACACGAATGGACAATCATTAGTAAATGAAGGATGTTTAAGTATTCCGGAAGTAAGAGGTGATGTTAAGAGACCAGAAGAAATTTTGCTCGAATATACAGACTTAAATGGTAAAGAAAACAGGCGTGAATTCTCCGGACTGCTGGCAAGAGTATTACAACATGAAATAGACCATTTAAACGGGAAATTATTTATTGATTATCTATCTGAAGAAGACCTTGAAAAGAATAAAGAACTTTTTAAAAAAATAAAAAGTAATAAAATAGTAACTGAATATCCAATTTATAATTCCAAATCCAAACCCTGATGAAGATGAACATTATATTCATGGGGACTCCAAAGTTTGCTGTACCTTCATTAGATATTCTGATTCGCAATAATTACAATATATCAGCAGTAGTAACTCAACCTGATAAACCTGCAGGTAGAGGATTGCAATTGCAATCAAGCGAAATCAAGAAATTTGCGAATTCAAAAAATCTCCGAATACTGCAACCTGAAGATTTAAAAAACAAAGATTTTGCAGAAAAGATTAAAGAATTAAATCCTGATTTAATAATAGTTGTTGCATATCGAATTTTACCGCCTGAAATATTTAATATACCTAAATTTGGAGCAATTAATTTGCATGCATCATTACTGCCAAAATATAGGGGTGCAGCACCAATTAACTGGGCTATAATAAACGGTGAAACTGAAACAGGTGTTACAACTTTCTTCATAAAAGAAAAAGTTGATACCGGTAATATAATATTACAGAAAAAAATCAAAATTGAATTTGATGATAACGCCGGAACTTTACACGATAAACTATCCATTATCGGAGCAGAAGCATTATTAGAAACAGTTAAGTTAATAGAAGACGGCTCTGTGAGAACATTTCCACAAGACGATAATCTTGTTTCAAAAGCACCAAAGATACAAAAATCTGATTGTAAAATTAATTGGGGGAAAAAATCTATTGATATATATAATTTTATTCGTGGTTTATCCCCTACTCCATGCAGTTTTACACATTTTGGAAATAAAATCTTAAAAATTTATACATCAAAAATTACCGATAGAAAATCA
CP054675.1_gap10	802041	805608	3567	AAACTTTTAATAATATACTTTTATTAATTAATATGGTCTTATAAAATTCTTTCCGAAATTGGAATACAATATTGGTAGATCATATCCATCTACATAATTATCTCCATTGTAATCTGAAGATTTATAGCCATCTCTTCCGAACTGTGTCTTATATAAATCATAATCAGTCGGATTTATATAGCCATCCTGATTCCCATCGCCACCATATAATACCCATGCAGAACCAACCTGCTTCATATTATTACCATATGCTTTATTTGCGGCTGTTGTAAAATCATAGTTCGTTGTTGAGCCAGTGGCAAATGCAGGTGCTGTATTGCTCCAGGTTTCAAGATGGTTTCTATGTTTAACAATTATATAATAATTGCCATTAGGTGCCTTTTCAAAACTGATAAGAGCGGTTCCGGAAGTTGATAAAAACGCATTAGAACTATCTCTTAAAGTAAATGGGCTTGTAGGTTGAGCAAGATAAACTTTAATTGTATCCTGGACATGATTAGTACCATCATAAAATCCTTCAAGATAGACCTTCAGGTTTAAATAAAATGTTTGAACTGTAGTAAATCTGAATGCAGATGCCCATGGACCTTGTCCACCTTCATTGTATGCACAGACTCGCCAATAATATTGAGTATTTCCTGTTAAAACACCAGAGGGAACATTAAATTGAGACTGTGTTATATTTGAAACATCAAGAACTGTTGTCGCAAATGAAGATAGCGTTGACATTTGAACTCTATAGTAAGATGCACCCGTAACATCGCTCCAATCTAGTAATGGCGTTAATGATATACCGGTTGCCATATTGGGAGGTGAAATTAATGTCGGTGCAGCAGGTGGTTGAATGCTTGTTGTAAAATTCCATACGCTTGACCATTGACCATCACCACCAGCATTTGAAGCGCGTACACGCCAATAGTATTGAACATTATATGATAACACACCCGATGGTATTGTATACTGTGAGGAACTTCCTGTTAACATATTAACCACAGTTGTTGTAAATCCTGAATTAGTTGATACCTGAACCCGGTAAGTTGTAGCACTTGGTACATCATTCCAGTCAAGTGTTGGTGTTAATGATACACCGGTAGCATTATTAGGCGGATAAAGTAACATAGGTGCCGCTGGCGGCGCAGTTCCGGTAGTAAAGTATCTTGAAGTTGACCAAGGACCTTCACCAGCAGAATTAGCTGCTAAAACTCTCCAGTAATAAGTAGTATTACCTGATAAAATACCACTCGGCACATTATGTTGGGATACTGTTATTCCTGACTGGTCATAAACCAATGCTGTAAATCCGGAATTTAAAGCGATTTGTACCCTATAAGAAGTCGCCCCTGATACATCACTCCAATCTAATAAAGGAGTAGTAGAAACATTAGTTGCTCCATTTGCAGGGGATAACAAATTTGGAGCTCCTGGTAATGGTGGAACAGTGGTAAAGTTCCAAACTGTTGACCACGGACTTGTACCACCATTATTTGTTGCACTAACTCTCCAATAATAGAGTGTATTTGTGGTTAAAATACCTGATGTAATTGTGTAGCCAGGATTATTTATACCAGTCACATTAACAACGGTAGTAGAGAATCCTGAATTAGTCGATACTTGTATATTGTAATAGTTTGCACCGGGTACACTATTCCAACTAAGTGTTGGAGTTAAAGTAACATTGGTAGAACCATTAGGTGGTGATAATAATTCCGGTGCAGCAGGTGGAGCAGTAGTCGTGGTGAAAGAAAATTGAGTTGACCATTGACTTGTTCCGCTTGGTCCCGTAGCATTTACACGCCAATAGTACGTAGTATTAGCCTGCAGAATGGCGCTTGTTATCTCATACTGAGATTGAGTAATACCTGACTGATCTAAAATTGTATAAGCACCTTGAAAAACTTGTAATCTGTAACTCGTCGCCCCTGTAACATCCGACCAGTCAAAAGTAAAAAATAGCGGAATATTAGTAGCACCATTCGGAGGATATAAAAGTATTGGCGGTTGAGGTTGTGCTATTATTACTCCACTGCAGAAAAACATTAAAAGAGTAATAACAATAAAATAATAGAATTTTTTCATTATTTACCTCTTTAAATTAATTTATAAAATGTTAATTAAATTTTTTCACTAAATTAAAAAAATTTTACTCAATATTTCAAAGAGCTAAATTTTGACTTCTAAATATAATAAAAGATATTTAAAAAATCAACTTATCATTTTAAGCAATGTAATTTATAAAAATAATAAAATCAATTAATTAAATTCGTGAAAAATTATCCAGTTTTATCTGAATGAGAATATCATTTTAAAAAGATACAGAAAAACAATAAAGAATTTTATATTGAAAGGAAAAAATAAAAGTTTTATTTTACAGAGAATAAATGCGCCCGTAGCTCAGCTGGATAGAGCAACAGCCTTCTAAGCTGTGGGTCACTGGTTCGAATCCAGTCGGGCGTGCGGTTTTATTGCGGGAGTAATTCAGCGGTAGAATGTCAGCTTCCCAAGCTGAACGTCGCGGGTTCGACTCCCGTCTCCCGCTCAGAAAGATTAACAGAAAATAATCAAGGATTTTTTCCTTCATTTTATATGCCCAACAAAACATTTTTCACAGTTGGTCCTACCGAGTTATTCCCAGAAGTCAAGAAAATTTATCAGGAAGCTTTAAAAAAGAAAATATTTTCAATCTCACACAGAAGTTTAGAATTCTCTTCTATTTTTAATTTAACCGTAAATAATTTAAAAAAACTTCTAAATATACCAAAAGATTTCAATGTCTTTTTTTTAAGTTCTGCTACTGAATGTATGGAAAGAATAATACAAAATTTAGTGTTAAATAAAAGTTTTCACTATGATAATGGATTTTTTGCTGAAAGATTTTTTAATATATCCGTTCAATATAACAAGTCTGCAGAAAAATTTTCTTCTCAATATGGAACAGGGACAGATTTCAAAAATATAAAACTACCGGAAAATACAGAATTGCTGTGTATTGTCTTAAATGAGACAAGCACAGGAGTTGCGTTAAATATTAATGATATAAAAAGATTCAAGCAAAAAAACCCGGATGTTATTTTAGCACTGGATATAGTAACAGCAGTACCATATTATAAAATTGATTTTCGGTATATAGACTGTGCATTCTTTTCAGTACAAAAAGGTTTTGGAATGCCACCCGGATTAGGTGTTTTGATTTTAAATGAAAAATGTATTAAGAAAGCAGAAGAGATAAATAAATCAGGAATATCTATTGGATCGTATAATAACTTTTTAAAATTAAAAGAGAATTTTTTAAAAAATCAAACTACAATAACCCCAAATATTCCATTGATTTACATTTTAGGAAAAATATCCGATTTTCTGTTAAATTATGGTATTGATAAAATAAGAAATGAGACTGAAAAAAAAGCAGAATTGTTGTATAATTATTTTGATGAACATAATTTTATCAAACCATTTGTGAAAGAAGAAAAATTCAGATCAAAAACAACCATTACTCTTCAAACAGAGATTGAATCTGATAAAATAATAAAAACTTTATCAAGAAATGGATTTGTTATCAGCTATGGTTAT
CP054675.1_gap11	856055	856783	728	ATATAACTTGAAGAAATAAATAATATCTTTTATTTTATTCTATGTTCTTTAGTGACCTATTTTAAAAAAGAAGTTCAAAAAAATACAATTATGTCCAAAATTGAAGTTATCAAATTCGGTACCGATGGCTGGAGAGCAATTATCGGAGAAAATTATACTTTCGAAAATGTTAAGAGGCTCTCATTAGCAACAGCCCGACACTTTAGAAACCACCCGAAAATCAATAATGGAATAGTTATTGGCTACGATACAAGATTTCTTTCAAAAGAATTCGCACATTGTTCTGCAGAAGTATTTGCTAATGAAGGAATAAAAGTATTCTTAACAGATAGTTTTGTAACTACACCAACAATATCTTTAATGACCCGCGACTTAAACCTTGCTTTTGGAGTAGTAATTACAGCATCTCATAACCCATATAAGTATAACGGTTATAAATTAAAAGATGAATTCGGGGGATCAATGGGTAACGAAGAACTAAAGAAAATTGAAGAGCAATTAAAAGATATTAACGAGGTTACACTCAACAGAAATATAGATGAACTATTAAAACTCGGTATTATAAATTATATCAATGGGAGAGAATTCTACATTAACAATTTAAAGAAAAAAATAGATTTTAAATTAATATCAGATTTAAATAAAAAAGTTATTTATGATCCCATGTTTGGTGCTGGTCAGGGAATATTAAAAGAATTGGTAAACGCAGAAGAGATACATTCTGAAAT
CP054675.1_gap12	928516	930282	1766	TAAGGAATAAGGTCTGATGCTATTTCTTTTGAGGATAATCTTAAATGTGATTGCACATCTCCACCCCTTTGACTCATACCATGTACTTCGGATTGTTTTAAAAATAATCCTGAATCCAAAGCAGCTAACCCAATTGTTGCAGCAATAGTTAAAATTCCCTGACCGCCTACACCAGCAAGTATTATATCTTTTTTCATATTATTTTTTTTCTTTAGATTTTTTTCCAATTATTTGAATGCATTCCCTTCTTGGAATAATAACAGAAACGCCTTTGTATTCCAATTCTTCTTTTATAATCCTGAAATTTTCTTCTCTATGTGACTTTAAAGGATTTATAACCCTGATATGTTCTTCCCGAACTCCAATACCTCTGCAAATATCTTCCAATTTACCAGAACCAGAAGATTTTTGCCCACCAGTCATAGCAGTTGTATCATTATCAAGTATAAAAACAGTTATAGGTGAATTATCATTTACAGCATCCAATAAACCTGTGATTCCAGAATGAGTAAAAGTAGAATCCCCTATTACAGCCACAGCAGGAAACAATCCTGCATCTGCAGCACCTTTTGCCATTGTAATCGATGCTCCCATATCTACACAACTATTTATAGACTCATAAGGCGGAAGCGCAGCAAGAGTATAACAACCAATATCGGAAAATACCCTGCTTTCTGAAAATTCTTTTAATACATCATTCAGAACTACAACTGAATCAATATGCGGACAACCAGCACATAAGGATGGAGGCCTTGGAGCAACAATATCCGGAATTTTTTTTGTTTCCTTTATTTCCATACCAAGTGCTTTGGCAACTAACACAGGATTTAATTCACCATCTCTTGGTAATGTGCCATCAAGTCTTCCTTTGATTTTTTTACCTAAATTGAGTAATCCTTTTAACATCTCCTCTAATAACGGATATCCTTCTTCAAGAACGAGTATTTCTTCAAATTCATCATACAATTTTTTGACTAACTTTTCAGGTACCGGATATTGAGAGATTTTAAGTAATGGGTATGGTATCTCACTATCTGTAAAATTTTCTAACAAGTAATTATTTGCTATCCCACAGGCAATAATACCAAGTGAATTATCCTTTCCTTTAATATATTTATTATAACCTGAATTTTCAGATTCCAAAAGAAAATTTTTCTGGTTATTTATTAAATCCTTATATTGTTTCCTCGCAATTGATGGTAATAAAACAAATTGTCTTAAATTCTCTGGGAGAGTGATTTTATTTTGATTTCGTGGTTCTTTCCTTTCTACTCCAGATCTTGAATGTGCAAGGCGGGTAGTAATCCTTAGCATTACAGGAATTTTATATTTTTCAGAAATATCAAATCCATAATGCACCATATCATACGCTTCCTGCTGATTCGCAGGTTCTAAAACAGGAATAAGAGCGAATTTACCATAGAATCTTGAATCTTGTTCATTCTGGGAAGAATGCATTGAGGGATCATCAGCTGCGACAATTATCAATCCACCATTTGCTCCTGTAATAGCAGAATTTATAAAAGGGTCAGCGGCTACATTCAATCCAACATGTTTCATACACACCATCGCCCTTTTTCCAGCATAAGACATTCCAAGAGCTGCTTCCATTGCTGTTTTTTCATTAGCAGACCAATTACAAAACACATTATTACCTTTTGATTGTTTTGAGCGTTGGACATATTCCATAATTTCTGTAGATGGCGTACCAGGGTAAGCATAAATCCCCGACAATCCGGCATCTAATGCTCCCTGCGCAATTGCTT
CP054675.1_gap13	947903	950319	2416	TGAAATAGAAGTTATTTGCATCCTGATCATTTGTTGGTGAAACTGATGGATAAGTCCAGTCTCTTCTTGGAGTAGTAAAGTTAATCTTGATAGGTGGTTTCCAGGTTAAACCATTATCACCTGAAGCAGTTGCCCAGATATCACGATATGGTGTAGTATCAGCTGAACCACCAACTTCATCAGATGGAACCATAAATACACAGAATAATGCTTGTCCATTTTGTGACCTACCGATACTTGGTCTGCAAAGAGTACTAAATACATCATTTACACCAAAATTCGGATGCCATCCTACCATTGAAGTATCAGCAATTACTATGCTTCTGTTCGGATCTGAACCCGGTAAATTTGTTGACCAGAATCTAATCTTTGCTGGTGCACCGGGGAAATAGTTACCTTCAGTAGTTTGTTTTATTGTTTCAAACACTGCTTTTGGCTCGTCACCATTGTAAACCAAAGATAAACCTCTAATCATACCTAAACTATCTGTTGAGAAGTTGCATTTAAAAATTTTCAAAGGTGTCGAGAAAGTTGAACCATTATCAGTTGATTCAATGAAATAAACATCACCATAATCAGCTGGATTCCAGACATCATTTGCTTTGTAAAGAATACCGATTTTTCCGGAAGTGCTGACTGCTAATGAGTAAGTTTCTGCCTGATCAGAATTAAATGCAGTCCAGGTACCGAAGCTACTTGTTGAAAGAGAAGTACCGTAGTTCCTTAATGTAGTATCCTGACCATTAATTGAACCAACAAATACAAATTTATTTGTCAAATTAACATTTAGAGTAGCAACAACTCTTGGCCAGATATAACCATTAGTTTGATACGCTGGTGGGTCAAGTAAAGTAAATGAACCTAAACCAGCAATAGCATCATAATAGAATTGTGATCTTGTTGGATTACCGCCGTTATTACCATGATTTCCTATTAATTCAATACCTTCAGAAGTACCAGTAATACAGTTAAATCCTGTCCTGATTGTAGCTGGTGCATCTGCAACGAATGACCAGGTTTGGCCTCTATCGGAACTGAAATAATATTTAGTTAAACGAACAGTAAAGCCAGGGTCACCTGGCGGCGAATGAGTTAATACAGAGTGAATATTATCAGGTGTAACAGGGTCTTGCCAAATTTGCTGAGTAGAACCATTAGATTGTAAATCGTAAATCGTAGTACCACCCATCCAGGTGTATGTAATTGTCCATGCAGAATAGCCATTGGAAACAGCAATTCTCTTTGGACCTAAATTATCCCATGTAACACGAATGGGATTAAAACCTTTCACAGATTTACCATCTACTCTTTCTCCAACTAATGCATCACCGATCATTTTAACTCTGTATTCAATTCTTGCAAGTTGTTGTTTTTGAGCGTTCGTAAGTGCCTGACCAAATGAAATATTAGCAACCACTACGAACACAAGGATTGTAAGAAGAATTTTTTTCAACATTTTGTTCTCCTTTTTTATTTTAGTTTATAAAAAATAACCATTAAATAACAATTTGTTTAGAGTTCAATATAATATGTTTTTATAATTATGTCAATATATATTGTAAGTAGCAACACTAAAATAAAAAATAAAAAAATTAGCCTAAAAACTTTGATAATTTATCAATTTTTTTTAATATTTCAAATAAAATTCTTTTCTCACCTTCAGGTGTTTTTCCTGCAATGTGATTTGTTAAAATGACATTTTCAAGAGTAATAAATTCAGAATTAACTAATGGTTCATTTTCAAATACATCTATTCCAGCGGATAAAACTTTTTTCTTTTTTAAAAAATGAATAAGATATTTTTCATCAACTACACCACCACGGGAAGTATTGATAAATATTACTCCATCTTTCATCCTTTTAAATTTGTCTTCATTAATAAAATGATAATTTTTTTCATCAAGCGGAATATGAACTGTAATAATGTCAGAGTTCTCCAATAAATAATTTAATGGTTTAAAGGTAAAGTTCTTATGTCTTTGTTTAACTAATGGATTAATGTCATTAGCAATAATTTTTGCCTGGAAAACTTTTAAATATTTTCCAACAAGCGAGCCGACTTTTCCAAAGCCGATAATACCTATTTTTTTTCCTCTGAGTTCCTCTCTATAAAAATCATAGAAACTAAAATAATTATTTCTGGTAAGCCTGTCAGAAAGGATAATGTTTTTCAAGTTGGAAAGAATTAAAGCAACTGTATGCTCAGCTGCTGACAGAGAGTTGCCGGATTCAGAATTAATAATTTTAATTTTTTTCTTTAATGCATATTTAACATCAATATGGTCTGTTCCTTTAGAGCAGGTGGCAATAATTTTAAATTTTGTTTTATCAATAAACTCTCTGTCAATTTTTCTTGTACTTTTAATAATAAGAATATCAAAATCAGAATAATTATAAATTATTTCTGAATTTGTAA
CP054675.1_gap14	957994	960327	2333	TCTGCAATACCGGGTACTGCACCCCAGCTTAAAAAATCATTCCATTTATCTTCTCTTTTATTGGCGACTAAACCGAGGCTGATTTCCTTTGAAACACCAAAGTTAACACCGGCAAACTGTCCAGTAAGTTCATATTGTGTACCGGTAACTTTGTGTCTACCAATATCACCGAATAAATAGTTCTGGTAATAACCTGCCCAGGCAGGGTTTCTGTTAATATCTATTGATGCATCCCATAAAAATGGGTTGTAACCTAATGCTTCATATCTTGCTGTTCCACTTGGAATAGCATCTTGTGAAAATGAAACACTGGTCAGCATCAACATAACAAATAAAATAGAGAGTAGAATTTTTACTGTTTTCATTTTTCTCCCTTTCTTTAGTTTTTTAATTTTTAATTTAGTTAACATTATGGTTTCCCATAATGATTTACCAGAAGTTATTAATTAACCTCTGGCAAATCATTTTTTTATTCAATTATTTTAATTAAATGTTTTACTTTTTTTAACATTCCTCTTATTTGAGGTGTATCATTTTTTTCAACAGTTTGATTAATCCTTTTCAAACCTAACGCTCTCATAGTTCTCTTTTGATTTTCTGGTCTATCAATAATACTTCTAATTTGCGTAATTTTAATCTTTTTTTCCATACAAATTTTTATACATATTTAAATCTTTAAAAGTTCACTAACTTTAATTCCTCTTTTTTCAGCAGCAGTTCTTAAATCATATAAACTTTGTAATGCTTTAACTGTCGCTTTTACAACATTATGAGGATTAGAAGAGCCGAGTAATTTCGTTAAGACATCTGTAATGCCTACCGCTTCCATAACTGCTCTTACCCCACCACCAGCAATGATACCAGTTCCGGGTGCAGCTGGCTTCAGTAAGACTTTCGCAGCACCAAACTTCCCAATAATCTCAAATGGTATTGTTCCATTCACAACTGGTACTTTAATTATTCTTTTTCTTGCATCTTCAACACTTTTTCTAATAGAATCCGCAACTTCATTGGCTTTTCCTAATCCATATCCTACATGCCCTTTTCCATCTCCAACAACACTAATCGCTGTAAAACCAAACCTTCTACCACCCTTCACAACCTTTGCAACTCTACCAATATAAACTAATTTCTCTTTTAATTCTAATTCACTTGCTTTTATATATTTTTCAGTCATTTAATATTATAAAATTATTAATTTAAAGTCAAGACCTAAAATTTTACCTTAAATTGTGTTTGTATGTTATTGTAATATATATACATTTTAAGGTTCAGAATTTCATTTAATGTTCTCAGGGGAGGATTCGAACCTCCACTAACGGCTCCAAAGGCCGCTGTCCTGCCATTAGACGACCCGAGATTATAATAAATAACTAATTTCATCAAATATAACAAAAACATTTAAAATTTTAAACCACCTTCTCTGGCACCGTCTGCAATAGCCTTTACTCTTCCATGATATAAATAACCACCTCTATCAAAAACAACTCTTGAAATATTTAAGTTCTTTGCATTTTCAGCAACTAAATTACCAACAACTTTAGCTTTCGCAACTTTACCACTAACACCATTAATTCTTTCCTTAACCTCTTTGCTTAATGTGGAAACCTGTAATAAAGTTCTGTGATTTACATCATCAACAACCTGAGCATAGATATGTTTATTACTCCTGAATACAACTAATCTCGGCTTTTCAGGAGTACCAAAAATCTTTTTTCTGATTTTAAATTTTAACTTTGTCCTTCTGTCTATATTTTTTTTCTTATTCAATTTTTTAAAAATAATTTTCTTTAATTAAATTATTTAGCCTGAGTTTTTCCAGCTTTCCTTCTTATTACTTCGTTTTCATATTTAATACCTTTACCCTTATAAGGTTCGGGTTTTCTAAATGAACGGATTTTTGCAGCAACTAAACCTACTAATTGTTTATCGATTCCTGAAACTACAATTTGATTCGGTGCTGGTACTTCCACTTTAACTTCAGGTGGCGGAAGGAAAGCAATAGAATGCGAATAACCGAGTTGCAGGAATAAATAATTATTTTTCATTTCAGCTTTATAACCAACACCAACAATTTCAAGTTTTTTTGTATATCCCTGTGTTACTCCAACAATCAGATTTTGTAAAACTGCTCTGTGAAGACCATGCAATGCTTTTGTACTTTTCCATTCATTTATTCTCGAAAAAACAACCTCTTTATCCCTTATTTCGTACTTTATTCTCTCGTGAACTTTCATTGATAAAGTACCCTTAGGACCGGTGACCTCAATAATATTGTCCTTACCTTCAATTTTCACATTACTTTCGAAAGTTACGGGCTTAATTCCTATTCT
CP054675.1_gap15	969124	971839	2715	CAGAGAAGTCTTCCGTACCTTTTAATAATAAATCAGATGTAATGGAACATAATCCATATAAATTTCCACCATAATAAGAATCACAAAGCGAACCATTCTTAAAAACGAACATAGCATTTATAACCGGGAATCTGCTATCCTTTATAACATAAAGCTTAATATTGTTTTTTAATTTAAACTTAAAATAATCTGGTAACTTAATATCTTCGCATTTTGATTTTAAATTCATATATTAATCTTTCAAATAAGTTATAACAACTTTTTTATTAAAATCCAGATATTTTTTTATGGTATTCTTTATATCATCTCTTGTTACCATTAAATAATTATTTATATCATCATTTATTAAACCGACATTATTATTAAATAATTCGTATGATAACAAAGATTGCGCTATAGAAATATTTTTCTGATATCCTGTTGAAAAAGCAAGATGAATTTTATTTTTTGCTTTTTCCAATTCTTCATCTGTAAAATTCCCTTTTTTTAAGTTTTCCAATTCATTAAAAATAATAGTTTCAATATCTGAATTGTATTTTTTATCTGAGAATAATACAGAAATTTCAAAATCACCACTATGTTGATATGATGCTGGATGAGCATAAATCATCTGTGCGATTTTCCTTTCGTAAATGAGATTCTTATAAAGTCTTGAACTAAAACCATCACTCAATAAAATCGAAATAATCTTTAATATATAATAATCTTTTGTGTTCCTTGCGTTAGTTTTGAAAAAGATAAACTTTCCATTTAATTCAATTTTTACCTTTGATTCAGGATATAAAATAATTGATGATTTAAAATCATTATCAATGAATTTATATCTTTTACTTTCCTTTGCAGGTAATGTATTATAATATTTATTTAAAATTTTTTCCGTTTTCAAATAATTTATATTACCTGTAACTATAATTACACAATTATCAGCATTATAATAATCATTATAGAAGTTAATTAAATCACTGCTTTTAATATTTTTTATGTTATTTTTTAAACCTATTACCGGAATTTCATAATCAGTATTTTTAAAAAGATTTTTTGTATACAAAAATTCCACATCACCATAAGGAGAATTATCATAATTTTCGTATTTCTCTTCTATTACTACTTTTTTCTGTATGTTAACAATTTCATCATCAAAAATAACACCATTAAATCTCTTACTATCAAGAGAGGCGGCAAACTCTAATTTATAAGATGGTATTTGGATATAATAATATGTATAGTCAAAACCGGTTGCAGCATTTGAATATCCACCATTTAAAGATAATAATTTATCAAAATCCATTTTATCTTTTCCTATCTTGGAGGAAAACATCAGATGTTCAAGTAAATGAGCAATTCCTTTTTTCCCTTCCGGTTCCATTTTAGACCCAACCCTGAAACCTACAAGAAAAATAACAATGGGTATCCTTTTGTTCCCGGACATAATAACTTTAATTCCATTATTCAGATAGGTCTCAATAAATGGTATCTTATTCATTACTAATTAAACAACTTTTTAAATAAAATATATGTTGAAACAAATGGAACAGAACTAATACTATTAATTATGTTATAGATAATTTTATTAATCAATTTAAATTTTTTATGCATAAAATACAAGTAAATGTATTTAGTAATACTCTTGAATATTAAAAAAATTTTCAATATATATTACAATATTAAAAGATTAATATGAGATATTTAAAAAATGCTTGCATAATATTAATTGTAATATTTTTAAGCCTTTCAGCTTTATCACAGGAATTTGGAAAGAACAAAGTGCAATACAAATATTTTAAATGGAAATATATACAATCAAAACATTTTGATATATATTTTTACGATAATGGTTATGATATAGCAGAATTTACTGCTGTAGAAGCGGAAAAAGCTCTTGAAAAATTATCTTCCAATCTTGATTATTTTATAACTAATCGCATTCCAATAATTGTTTTTCTTTCTTCGAATGATTTCCGACAGAACAATGTTATAGATGAATATCTTCCTGAAGGTGTAGGTGGGGTAACTGAATTATTTAAAAACAGAATACTAATTCCTTTTGAAGGTAAATATGAACAATTTAGACATGTAATACATCATGAACTTTTACATGGCTTTATGAATGATATGTTCTATGGCGGTTCAATACAAAATATTATAGCAAGGAATATTACACTTGCATTCCCGACATGGTTTGTTGAAGGGATGGCAGAAAGTCAAAGTCTTAACGGGTTAGATAAAGAAACCGATATGTTCATAAGAGATGCTATAATGAATGACTATTTACCACCAATCGAATATTGCGACGGATACTTAGCATATAGAGGTGGTCAAAGTTTTTTTGCTTTCCTTATGGATTATTACGGGGAATATAAAATTGGGGAATTGATGAATAATATAAAATCTCTAAACGATGTTTATGAAGGATTCAAAGAAACATATAAGTTAGAATTAGAAAAACTTTCTGAAAAATGGCTTAAAGAATTAAAAAAGAATTACTGGTCAGATGCAATAAACAGAGAAGAAGTGTTGGATTTTGCAAAAATGTTAACAGATCATAATAAAGATGGTGGATTTTATAATATAGCACCTTCTATATCTCCAGATGGAAAAATGTTTCTATTTATTTCAAATCGTGATGATTACTTCGATGTATTTCTTGCTGATGCTAATACAGGTAAAATTATAGATAAAGTCGTAGAAGGTAATACGACCAATAATTTTGAAGAA
CP054675.1_gap16	1000564	1003756	3192	AAAGACGATAATATAGTCCTTCCTTTTCTAATAATTCCTGATGAGTACCTGTTTCCCTAATCTGACCTTTATGAATTACAATGATTTTATCACAGGATTGTATTGTAGAAAGTCTATGCGCTATAATTATAGATGTTCTACCTGAAATCAATTTCAATATTGCTTTTTGAATTAACAATTCTGTTTCAGTATCAACACTCGAAGTGGCTTCATCTAAAACCAATATCTTTGGATCAAAAGCAAGAGCTCGGGCAAAAGAAATAAGTTGCTTTTGACCAGTTGATAAGGTAGTTCCCCTTTCATATATTCTATGACTAATATTATCCGGCAAAGAATTAATGAATTTATCTAAACCAATACTTGAAACAGCTTCTAATATTTTTTTATCAGAAATAGTATTTTCACCAAGATTAATATTGTATCTTATATCACCGGAAAAAAGAAATACATCCTGAAGAACGACAGCAATATTTCTTCTTAAATCTTCCTGTCTGATTTTTTTAATATTTATACCATCAATAGTAATCTCACCATCAATAACATCATAAAACCGGCATAAAAGATTAATTATAGTACTTTTCCCTGCACCAGTAGCTCCAACAAATGCTACTCTTTCACCTTCATTTATTTTGAAAGATACATTCCTTAAAACGTATTCATTTTCATTATAGGCAAAAGAAACATTTTTAAATTCTATATTTCCCTTAAATTCCTTAATTATCACAGGACTTTTGCTATCTACAATATCAGATTTTTTATCAAGTAATTCGAAAATTCTTTCACTTGATGCCATCGCAGTTTGCAATATGTTATATTTCTCAGCAAGGTCTCTGATTGGTCTAAAAAACATTTCAATATATTGAATAAAAGATATTAGAACACCTACAGAAATACTTCTCTGCACAACCTGCCCACCACCATACCATATTACCAATGCAATAGATAAAGCACCGATAAACTCAACTACCGGGAAAAAAATCGCATAATAACGAATTCCTCTTTTATTTTGTTCTGTATGTGCACGATTAATTTTTTCAAAATCCTTTATAGTATCTTTTTCCTTAACAAATAATTGAACGACTGAAATTCCTGTAATATGCTCCTGTATGAATGAATTCATCTTTGCAACTAAAACCCTTATTTTCCTGTATGAGTCCCTTGCTTTTTTTCTAAAAACAGAGGTTGCATATATTAGTAATGGTAATACAGACATAGTAACAAGCGCTAAGGATACATCAAGTGTAAACATAAAATAAAGTATCCAGATAATTGTAAAAATATCTCCAAAAACAGCAACAAGACCTGAAGAAAATACTTCATATAAAACATCAATATCATTTGTTACTCTTGTTACAATTCTTCCAATAGGTGTATTATCAAAATACTTCAAATTTAAATTCATCACATGAGAATACAATTTTTTTCTTAAATCGAATACAATTTTTTGCCCTATCCAGCTTGTTAAATAAGCATTTAAATACTGAACACCTGCCTGAATAAAAAGGGTCCCAATTAAAATTATAATAATAATTTGCAGACCAGGGATATCATTGTTTGCAATCTTATCATCAATTGCAATGGGAGTTAATCTTGGCCTTACCGCAGATAAAACAGAAATTAATATTGTTAAAAAAGTGGCAACAGAAATAGAAAAGATATACGGTTTAGCGAAAGACAATAATCTTTTTAACAATAAATAATCTATTTGCTTTCCTAATACATCTTCTTCCTGAATTTTTTTATATTTTTTCTTCTCCATAATTCTATATCTCTTTTAATTCCTGCTCTATTATTTGTTTCATATATAATCTGTAATATATCCCCTTTTGCTCACATAATTCATTATGAGTCCCCTGCTCAACAATTTTTCCATCATCAATAACAATAATCTTATCACAATCCATTATCGTTGCAGTTCTGTGAGATACAATAATAGTAGTTCGATTTTTCATAAATTCACTTAAGTTTTTCAATATTTCCTTCTCAGTAACCGTATCAACAGAAGATAAAGAATCATCAAGAATTAGTATTTTAGGATTTTTATATACTGCTCTTGCAAGCGAGGTTCTTTGTTTCTGACCACCTGATAATGTAATTCCACGTTCACCGATTTTAGTAAAGAATTTTTCTGGGAAATCCTCAATATCTTTTTGAAGACCCGCAATTGCTGAGGATTTAATTAGTAAATCCTCATCAATACTTTCTGAAGAATATGCAATGTTATTACCAATAGTATCTGAGAAGAGAAAAGATTCCTGAGGAACCATTCCTATTGCTTTTCTTAATTCATATCTGGAAAAATCTTTTATATTTTTCCCGTCAAGTAATATTTCTCCCTCTGATACTTCATATAATCTAGTAATTAAATTAATTAATGTTGTTTTCCCACTGCCAGTAAATCCAATTATTCCGAGAGAAGAGCCCCTGGGTATAAATAAATTAATATCTTTTAATACATAATTATCTGTATCCGGATATTTAAAAAATACATTTTTGAATTCTATATTACCTTCAATATCAATATTGGTTTTGTTTAAACCGTCACAATTCAGTGTATCACTTTTCCACTCCATAATATCAGTTAATCTTTTCATAGAAGGTATTGCTCTCTGGACAAGATTTGTCACCCATCCAAGTGCAATCATAGGCCAGGTAAGTTGATTTAAATATACAACAAACTCAGCTATATTACCAATCGAAAAAGTATTATTAATCACTCCCAATCCACCGAAATAAATTACAAGAATAATGGATAAGCCAGTAAATAAAAACATCATTGGAAAAGAATATGATTGTATTCTCGCAAGAGAAAGACTTTTTTTCTGATAATCTCCAGCAATTTTTGTAAATTCATTTATCTCAAATTTTTCTCTGACATAGGATTTTACCACCCTTATACCTGAGAAATTTTCCTGTGCTTTTGTTGACATATTTGAAAATGCTTCCTGAACAAGCAATGACCTTTTATAAGTAACTTTCATTACTTTATATACAAATAAAGTTATAAAGAGTAAGGGAATCAGTGCAATGACAGTTATTTTAAAATCAATGCTTACAAGAATACTGAAAATAATTACTGTCCTAAAAAAAGTTTGAACAGAATACATTATACCGGGACCAAGTAAATTTCTAACGTTGTTTATATCATTATTAGCCCTTGCCATAATATCCCCTGTGGAGAATTTGTCAAAA
CP054675.1_gap17	1147571	1150117	2546	CATATGAATTTGCAAGAATGAAAATTACGATACCAACAGTTGCTGCTGATAATAGTGTGCCAAGAAATTTCCAGGATTGTTGTTTATATGGTGAAGACCCAAGCCAGTAACCAATTTTTAAATCAGTAATAAAGCCACCAGCCATAGATAATGCTGTACATACAATACCACCAATAATCATCGAGCTTACCATACCCTGCCATCCTTTAAGTCCTACTCCAACGAGTATAAATGATGATAAAATTAAAGTCATCAAAGTCATACCAGAAACTGGATTAGTACCTACAATTGCAATTGCATTTGCAGCAACAGTTGTAAATAAAAATGAGACTATCAATATTGTAGCCAATGCTACTACTGCCTGAACAACAGTAACTTGCACTCCAACTATAAGAAATACGAAAATTGCTAAAGCAGTAAGAATAATAAACATTAAGATGAAATTCATCTTAATATCTTTTTGAGTTCTTAACTCTTCAGTCTTACCAATTGCGGAAGATTTCGTAAAACTACCAACAGCAAGCTTAAAAGCATCTGCAATAACTTTTGAAGACCTTAAAATTCCAATAATTCCTGCCATAGCGATAGCACCAATACCAATAAATCTCACATAATCTTTAAAAATAATTTCAGGAGGTTGTGAAGCGAATGTAAGAACCTGCCCCTTTGAATCAGTAAAAGTACCACCGGGTATATTCGCAATAAGCGGAATCAATACAAGCCAGGAAAACATAGAACCGACAGCAATTATTGTAGAAAATCTCAACCCAACAAGATAACCAAAACTAAATATTAGTGAACTAACATTTAATTTAAAAACCATTTTTACTTTATCATATAAATAATGACCATAAGGTAAAATTTTAGTAGTAACAACATCATCCCATAATCTTAAAGAACTAAATAAGAAATCATAAATACCACCAATTAATCCACTGACAACAAGAATAATAGCTTGTTTTCCACCTTTTTCACCAGTTACAAGAATTTCTGTTGTTGCTGTGGCTTCCGGGAAAGGAAATTTTCCGTGCATATCTTTAACGAAATATTTCCTGAATGGAATTAAAAATAAAATCCCAAGAATACCACCAAGAAGAGAAGAAAAGAAAATCTGGAAAAAATTAACCTGTATATCTGGATATTTATGTTGTAAAATATAAAGAGCAGGAATTGTAAATATTGCTCCTGCAACAATTACACCAGAGCATGCACCTATTGACTGAATAATCACATTTTGACCAAGCGCTCCAACTTTTTTAGTTAAATATGAAACTCCAACTGCAATAATCGCAATTGGTATAGCTGCTTCAAATACCTGTCCTATTTTTAACCCGGCATAAGCAGCTGCAGCAGAAAAAATTACCGCCATTACCAAACCTAAAAAAACTGAATAACCTGTTACTTCAGGAAATACTTTTGTAGGGGACATTATAGGCTCGTAAGTTTCACCAGGGTTTAATTCCCTGTGAGCATTCTCAGGAAGCCCTTTTATTACTTCTTGGTTTTCATGAGACATTATTTTACTCCTTTTTATGTTTTAGTTGCAGATTCAAGTCGTTTTAAAATAGAAAATATAAATACTGCCGATATTAACGAAGTTATTACAAGTAAAGTAAAAGTTTGCCAAAGTTCCCAATTCCTGTATGGGATTGCTATAACTCCGGAGAGATAATTTCCTAATGCTGTTGCAAATAACCAGCCACCTTGCATTAATCCTTTCAAATTTGGTGGTGCAACTTTAGCTACAAAGGAAAGCCCCATAGGACTTAAAAACAATTCTGCTATAGTTAAAGTAAAATAAGTTGAAATTAACCAATATGGTGAAACCAATACATCAGATACAGATCCTTTTGTAGTATCAAAAATATGTTTAGGACTATCAAGCATACTTCCGTCTTTTCCAATTAATGATACAATAACCAAAATAACATAAGCTAAAGCAGCAATTAACATACCTATACCAATTTTCTTCGGTGAAGAAATTTCTTTCCCTTTTCTCATCATCATTCCAAAGAAACTAACTACCACTGGCGTTAAAAAGACTACAAATATTGGATTAAAAGCCTGAAAAGTTTCAGGGTCTATTCTGTGCGTTTCCTGAAATCCACTATATCTGAAATATAAAACTATTGCACCAACAACGGCTAATATTAATCCAATAATTCTTCTTGTTGCAGTAGAACTTTTCAAAATCAGAAATATAATTCCCATTATAACAGCAATGAGGGAAATTAATGCTGGTAAATCAAACAAAATATAATTTAATCTACTAACAATACCAACTGTATAGTTTTTGGCAAATAATGTTAGCACTAAGCCATTCTGATGAAATGCCATCCAGAAAAATATTACGGTTATGAAAACAAGAATTAGCGCGATAATCCTTTCTTTTGTTTGTTTAGGGGTCAATTCAATTTTTGCACCAGACTGAGTGGATTTTTTATGTAAATAATCTGCATGTTTAAAATATTTTCTAAAAGAGATAAAAATAAAGAATGATACAACAATTGCAGCGGCTGCTACAACAAAACCCATATTATAAGCCG
CP054675.1_gap18	1338858	1340640	1782	AGTTTAAAATATAATGTTCACACTAATAAAGAATATAACCAATCTAATAACCTGTAAAGATTCTGCAAAAAAACCAAAAAAAGGTAAAGAACAAAATAAAATTGATTTAATAAATGATGGATTTGTAGTTTATAATCGGAAAGGGATTTTTTGCGTAGGGAAAATGATTGAACTAAATAAAATACTAAAGAAGGAAAAAATTATATTAACTGATGAAATTGATGCAAAAGGAAAGGTTGTAATGCCAGGTTTTGTTGACACTCATACACACTTTGTATTTGCCGGCTCACGCTCAGATGAATATGAAATGCGTATAAGAGGCTTTACCTATGAAGAAATCGCATCAAAAGGTGGAGGAATTAGAGTTACTGTAAATGCCGTCAGGAATATATCAAAAGAAGAATTGGAAAAAATTACAATAAAGCGATTAAAACGATTTATAGAATATGGGACTACTACAATTGAAGGGAAATCTGGCTATGGATTGGATTTAGATAATGAAATCAAAATCCTTGAAGTTATAAAATCATTAAATAAAAATAATCCATACTTTTTAGATTTATTCCCAACATTTTTAGGTGCACATTCTATTCCCAGTAATAAAACCAAAAAGGAATATATAAATGAAATTTGCAATGAAATGATCCCAGAAATTTCGCGGAGAAAACTTGCAATGTTTATCGATGTATTTTGTGAAAAGGATTATTTCTCCCCTAAAGAAACAGATAAAATTCTCTATACAGGTAGAAAATTCGGGCTAATTCCAAAAGTTCACACTGATCAATTTAATTCTATTGGTGGAATTAAAGTTGCATTAAAAAACAATGCCGTTTCTGTTGATCATCTGGAAGTATTAACACATAGAGATATAAAACTTTTATCTTCAGCTAAACACAACATCATAGCAACATTATTACCAGGAGTATCTTATTTTCTCGATATTCCTTACCCACCAGCAAGGAAGTTAATTGAGCATAATGTACCAGTCGCTCTGGCAACAGATTTTAACCCAGGTAGTTGCATGACTGAAAATATTCAAATTATTATGTCATTAGCATCTATAAAAATGAAAATGTCAATTGAGGAGATAATCAATGCCGTAACTATTAATGCTGCATATGCGATAAAATACAATAACTATATAGGAAGCATTGAGAAAGGAAAACAAGCAGACATCATAATTTTCGATACCCCTTCTTATAAAGATATTATATATAACTTCGGAACTAATCAAATAAAAACTGTAATAAAGAAAGGGAATATAATCTTAGAAAGATAAGTTTTATTTATCCTTTAAAAAGTCGTGTAATATTCTCAGGTTATTTTCAATATATCCTATATTAAATGATTGGGCACTTTTTTTCAATTTAAGGGCAATTTCTGATAAAACATTAACATTATACTTAATACTAATTTCATTTAGTTTATCAGAAAAAATATAAACATCTTCAATAACTAAGCCTTCTAACAGATCTGCTAATGATTGGGATAGTTCTTCCTTTAGTTGGCGGTAAATTTCTTCTGAAAGATTTAAATTTTCAAACGTTATTATATCTTTACTCTTTTTAGTATCATCTTCCTGCTTTTTAATTTTATGGGGCAAGAATTTTTTAATTTCATTAACCAATGATCTTCTGCTCACTGGTTTTCTAAGAAAGCCATCGAAATTCTTTCTAATTTTATTTATCTCATCTTTTAAACTATATGCAGTAATTGCAATAATTTTAATATCCGCTGTTTCTTCCCTTTCTCTTAAAATTTTTGCTGCTTCATAGCCATTCA
CP054675.1_gap19	1352286	1353816	1530	AAAATCATCAAATGACGGTGAAACATCAGTACCGGTAAGGTATGAACCCTTAAGAGTATTTTTAGAAGAAAAGCCACCTCCTATATCAATGTATCCAATACTATGATTGAATTTTCGTTTCAGACTTACTGCTAAATCAGCAAGTTTAGAAGCAGCAATAGCATAAGCTGAAGGTGAAAGAATAAAAGTACCTATATGAGTATGAATTCCAACAAGACTTAATTTTTTACTAAGCATAATTCTGTTTAATGCTTCCCATGCTTCACCATTTTCATAATTGAAACCAAACCTATCCCAGATAGGATAAATACCGGTATCCATATTAACTCTAATAGCGACCTTTGGTTTCTTTTTATGTTTATCAGCAATTTCTAATAATGTAAAGAGTTCATCAAAATGGTCAATATGTATATAAGAACCATTATCAATTGCGGTAATCAAATCACTCTCTGATTTATATGGTCCATTAAAAATAATCTTATTACCTGGCACACCGTTCAAGATTGCTTTTTCGTATTCGAAGCCGGAAACAACCTCCGCCCAGGAACCTTCCTGATGAAAGATATTACATACTGCGTTTAAATAATTTGTTTTGTATGACCAGGCAAACTGAACCTTAGGATATCTTGTCTCAAAAGCCCGCTTTGCTTCGGCAAAGGTTTCCCTTATAGTTTTTTCAGAAATAACAAAAAGTGGAGATCCATATTCTCTAACCAGTTCTTTTACAGGAATATTATCAATATGCGTTATTGGTTCGAATTCGGTTTTTGTTCCGAATTTACTTGAAATTCCAATACTTATTTTCCTGATAATTGGTCTTTCAAAAGTTAATTTTTTTGTTTTCATAATTAATAATAATTTATAATTCTGCGTAAAGAGATAACTTTTCAAACTCTTCTATGTCAGTAATTAAATCATAAGAATACCGTATGAAAATTTTACCGACCTGATATTTTTTAAATGGTTTTACTTCAATACCAAGAGCAAGTTTTACTAAAGCTTCAGGTAAGTTTTGCCCTGCACCAACAGATAAATATACCCAGGCTGGTAAGCGTGGATTGATTTCAACAAGGTAATATTCATTACTTTTTGTTTTTATAATCTCTAATTCCATACCACCTCTCCATTTAGTCTTTCTTATTAGTTTCTTCGTCATTCTTATTAAATTATCGTCTGATAATGTTATACCAGCCCATGCTTTTCCTTTGTCAGTTATATAAAGTTTTCTCATTGGTACTGCACCTATGGTGTTTCCTTTGCCATCACCAAGAGCAACAACATTTACTTCAGTACCGGAAACATATTGCTGAATAATAATTGGGAAACCCCATTTAGCAGATATTTTCCTTAAATATGTTATCGCTTGCTCTCTATTATAAGAAAGTTCCGCTTCATAAAATTTACCTTTAACATAAAAAGGATACTTAATGAATTTCTCAACTTCACCTAAATCTTTTTCTGAAAATATTGCTCTGCTTTCAGGAACTTTTACCCCATATTTTTTCCCAAATTCAGGGAGATTAGATTTAT
CP054675.1_gap20	1409938	1411275	1337	ATACCCATATTACAAGGTTTAATAAATAATGGAATGGGAAAAGGACCAGCCCTTGCTTTATTGCTTGCTGGACCGCCTCTATCTTTACCAAATATGTTTGTAATTAAAAGTGTAATTGGTTTTCAAAAAACTATTATATATGTAACTCTGGTTATTATAATGGCAACTATAACCGGGCTAATATACGGTTATATCTTTTAAAGTAAAAGCAGAATCATAGAAGATGAATCAAAATTTAAAAAACATTAATAATAAGTCAATAAATGTAATAAGTATATTACTATTGAATTTATTTTTTGTTTCCTTAGTAGGTTGCGAATTAAAGGACGAACCACAATTTAATTCCAAAGTAAATAAAAAATACATAGCTTATTATTTTCACCCTACAGCAAGATGCACAGAGTGCCTAAATTTGGAATCTTTTCTCAAAGAATTAATTGAGACTAAATATATGAATAAAGAATTCGAATTTATAGCTTTAAATATAGAAGAAAAGGATAATGAACATTTCAAAAAGGATTTTAAATTAACTTTCAGTACTATTGTTATAGCAAAATATGAAATGAATAATGAACCCCAGTGGATAAAGCTTGATTCGATATGGTCTTATACTCATAATAAAGAGGAATTTTTTAGATACACAGAAAATGAAATTAATAATTTTATTAACCAATAAATAAAATTATGGAAATTAAAATTCTCGGAATCGGCTGTCCTCGCTGTAAAAAGCTTGAAGAACAAGTAAAAAAAGTTATTGAGAGAAACAATATTGAAGCAAATATTGTAAAGGTTACTCAAATAGAAGATATGATGGAATATGGAATTACTTCCACACCCGCCTTAGTTATTAATGAAAAATTAAAATCAAGTGGTTTCTTACCTACAGAAGAACAAATTTTAGAATGGATTGTAGAGGGAATAAATAAATGAATCCACTCAGATTATTGTTAATATTTTTATTATTTTTTGCTTTCTTTTCCTGTAAAGAAAAAAAGATTGAAAATGAAGGTCATATCCCAGCCTTAAATAATGAAACAGAAATACAAAAAGAAAATGAGACAATAAATGAATCATATAAAATAGAGCTTGTAGAACTTGGTTCTGTTAATTGCATACCTTGTAAAAAGATGCAACCAATATTAGCTTCTTTACAGAAAAAATACAGAAATCAAATAAAAGTAACATTTTACGATGTTTGGAAAGACCCTTCTCCCGCACAAAAATTTGGGATAAAGCTAATACCAACTCAAGTGTTTTTAGATAATAATGGGGTTGAATTATTGAGGCATGAGGGATTTTTCCCTGAAGAAGAAATAGATAAGTTTTTGCAATCAAAA
CP054675.1_gap21	1412650	1414777	2127	GGAGCATTGTTGATATTCATATCGTTCATATTTGATTACAGTAAAATTATAATAGAGAATAATTTATTATATGATTTCTTCAATCTGTTACAAAACAAAGAATTTATTAAAATTAATTCTGAATTTATTCCGACACATTTTAATTGGCTAATTTTTATTACAGGAGAAATTTTAATATTGATCGCAGCAACTCATTCAATAATTAGTAAAAAGAAACAGATAAAAAATTAAATTTTAATTAAAAAACTTAATTCTTAAACTAAATAATTTAAAAATGGACTGGATAAATAACTTTAATCTTGCTAAAGAAGAATCCCAAAAATTACGTAAACCAATTCTACTTCAATTTGAAATGGAAGGATGTGGTGGCTGTAAAAAGTTATATGATGAAACATATTCTAATCCTGATGTCCAAAGGGAAATGAATGAATGGTTTATTTCATTAAAACTCGATTTAATCAAAGATAGAGAAATAAGGAGAGAATATTCAGGATATTGGACACCTTCATTTTACTTTCTGGATTACAGGGGAAAATCTTATTTAAATTTTAATGGTTTTTTACCGGCTGAAGAATTCAGAATTTTATTAAGACTTGGTTATTCTGAATTGATGATTCCACATGGTAAATATGATGATGCAATCAGAATTATGAGTTATGAAATTGACAGCTTAAAAAATTCAATATTATATCCCAAACTTTTATTACAAATTGCAGTTGCTAAATATATAAAGACAAAAGATAAAAACAGTTTTATGATTTCATTAAAGGAAATAAAGGAAAAATATCCAAATTCTCTTGAATCCAGAATGTATTTCTGGGAAGAATAAAAATTTAACAATAATAATCAAAATTTATGAATGACAGAATATATAATCAAAATCCTAATAAGTTAAGAAATAAAGAAAGAATTAAAAGATTAGAGGTTGATAAAGTAATATCTATTTGCCTGAAGCAAGGAAAGATAAAGACCTTATTAGATGTAGGAACAGGGAGTGGTCTTTTTGCTGAAGCCTTCTACAGAAACGGAATTAAAGTAAGCGGAATAGATATAAATAAAAAAATGATAAAAACAGCAAAATTGCATTTACCAAAATGTAAATTTTTTATAGCAAGTGCTGAATCTCTGCCCTTTCGGAAAAATTCCTTTGATGCTGTTTTTTTTGGATTGGTTCTACATGAAGTTGAGGACTATCACAAAACCATTTCAGAAGCATTTCGTGTTTCAAAACAATATACTTTTATTCTTGAATGGAAATTTAAAGAGGAAGAATTTGGACCACCTATTAAACACAGACTTAAATCAAAATTCATAGAAAAATTATCAAATGAAGCAGGTTATAGGGATATAATAAAAAAAAGACTTAAAAATTTGATATTGTATATTTTAAAAAAATAAAAGATAAATTCATTCATATATTACTTTTAATCTAAACCAATAATCAGAAAATGTTCAAAGTTTTATATTAACATTTTTAGGGGTATTGTATTATTTATAAATGATGAAAACCAAAACCATTTGCTTATTAAATATATTTTATTATATTAATAAATATGAATAAAAGAGAAAAAATAAAAGTTTTTGGTATTCTTGATGAAGATGCTTATAAACAAATATTAATGTGTGTTGAAAACGGAGAATATGGAGTATTATGCGCTGACCATCACATTGGATACAGTATGCCGATAGGAGGAGTTGTTGCATATAAAGATTATATAAGTCCCTCAGGAGTAGGATTTGATATTGCTTGCGGAAATAAAGCTGTAATGACTAATCTCAAAGCTGAGGATATAGAAATCAAGAAAATAATGGATGAAATTGTTAATCAGATTGGGTTTGGTCTTGGCCGTCCAAATCCGAAACCAATTGAACATCCTGTTTTAGATAAAATTGCAAAATCAAATTTAAAATATATTCGTAAATTGTACCCACTTGCGCAAGAACAGCTGGGGACTGTGGGCAGCGGAAATCATTATGTTGATCTATTTAAAGATGAAAATGGGAATTTATGGATTGGGGTACATTTTGGTTCACGGGGGTTTGGTCATAAAATAGCTATGGGATTTCTTGCATTAGCCCGAAAAATGAATTTTGAAGACAGACCAAAAGATGTTAATAATATGATGG
CP054675.1_gap22	1421635	1424688	3053	ATCCGCAAGAAAAAAATAAAGGTGAATTTATTGACAGATTTAGTCCATATTACGACCAGATGTTGAAAGAAATAAATGAATTTGAAAATCCACCAAAACTTCAAAAGAAATATTTCAAACTTGATTACTCAGGATTAAATATTCCTAAAGCTCTATCTGAATTTAAATATTATTGGTTTAATGAGCCAAGTTCACAAGGGATTACCGGGACCTGTTGGTCATTTTGTACAACTTCTTTTTATGAATCAGAAATATACAGAATTCATAATAAAAAGTTAAAGCTATCTGAAATGTGGACAGTGTATTGGGAATATATTGAGAAAGCAAAAGGATGGGTTAGAATGCGTGGAGAAATGAATTTTGGAGAAGGTTCGCAATCAAATGCTGTGAAGAGAATCTGGAAATTATATGGGGTCGTACCTCTGGAAGTATATACCGGTTTATTACCAAATCAAAAATTCCATAATCACAGTAAAATGTTTAATGAAATGCAGGCATATCTTGAGTATGTAAAAAAGAAAAATGAGTGGAATGAAGAGGTAGTAATTGGTACGATTAAGAGTATTTTAAACCACTATATGGGTACCCCCCCGGAAAAATTTATTTATCAAAATAAAGAATATACACCAAAGGAATTTTTAGAAAAAGAAGTAAATTTAGATTTGGATGATTATGTAGATATAATGTCTTTACTTGAACAACCATTTTATGAACAGGTTGAATACCCAGTACCCGATAATTGGTGGCATAATAAAGAATATTATAATATACCGGTAGAAGAATTTATGGCGTTAATAAAGGAAGCAATTAGAAATGGCTTTACTATGGCAATTGGCGGAGATGTATCTGAAGCCGGCTATGATTCACGAAGTAAAGCTGGAATTGTACCAACTTTCGACATCCCATCAAATTATATTGATGATTATGCAAGAGAATTCAGATTTGATAATAAAACAACAGGAGATGACCATGGTATTCATCTTGTTGGTTATACAACAAAAGAAGGAAAAGACTGGTATTTGATAAAAGATTCAGGAGCAGGTTCAAGAAATGTAGAGCCCAAAGGTTTTTATTTTTATCATGAGGATTATGTAAAACTGAAAATGTTAACTTTAACAGTTCACAAAGATGCTGCTCAGAAAATACTAAGTAAGTTTTAAATTACATTTTATAAGAAATTATAAGTTCGAATAATATCACCTTAAATATAACTCTAACCTAATACTAACCTTCCGATTATGAGATTATTAAAAATAAAATTAGATTATGGATATTTTTAAACAAAACAAAATTCTTATTTTTTTAGTAGTAATTTTAGCGCTTCTCAATATATCCAGTTTAATAGGAATATGGGTATTAAAAACAGGAAAACTTTTAACACATAACAACATTTTTTATATACCACAAAATGAGTATTTAATACAATCAAAGTCAGAAATATTGGATAAACTTGACTCAGAATTGGAATTTAATATAGAACAAACTGAAAAATTCAATAAAATAAGAAATAAATACCACCAAGAGATAAAAGAAAGGATGAAAAAAATTTATAACATCAAAAAGAAAATACTAACTGAAATTTTATCTAAAGAACCGGAAATTTCAAATGTCCAGCAAAACATAAATGATATAGGTAATTTTCAGGCGGAAATGGAATTAAATATTTTTCTACAATATAAAGAAATAAAATCTCTTTGTAATAATGAACAACTAATAAAATTTGAAAAGATTATAGAAAAAATTCTTTATATTCCAGAACCAGACCCCCCTCCACCACATTAATGAAAAAATTTTAAAAGCTTTCTATTTATTTTATTTAAATTTTAAAAAATATTAGAACCTAAAACGCAATCCACAACCCAAGTGCTCCTCTGGAGCTTTTAGTTTCTTTTTCATAAGTATATTCACCGGTAATTCTAATATTTCTTTTCAGGTTATAAGACAGGCTTGCTGTATAACTCTCATAATTTAATTCGTTATAATCTGATTCTACTTTATTAAATAACAAAGTTGCAAACCACTTACTACTTTCAAAATCAGGTGATAAAATCAATTCTGCAAAACCACCCTGAGTTTTGATTCTATCATCAGGAAGAACTGGTAGAAATTTAGGGTTTTTATCACTTCTATAAACATACTGAAAGTTTAATTCAGCATATTTAGATATAATAGAAAAATCACCGCCAATCATAAACAAATCGTTTGTCAATCCATTTGGATTAAATGAATCTTTAGGTTTCTCTTTTCCATAATAACCGAAAGTACCCACCCTTAAATTTTCATTTATCTCCTGTGAAACTCTCAAAAGAAAATTTTTATAATTATCTATATCAAAAATTTCTTTTGTGCTTATACCATTACCATTAACAATTTCAAGGGTAAAATCTGTTTTGGTTGGTGCTCCGTAGGTAAGCATGAAACCTCTTTCATATTTCAAATTTGCATAAGAATTACCAACTTTTGTTGTATAAACCTTATAATCTTCAAGGGTTAATCTCAATTCTCTTTTAAATAACGGGTCAGAAACCTGAAATTGACCAATATAAAAATCTAAGTCCTGATTAAATAAATCATTAAACATTACGAATGCATCCTCAATACCAGCCATTTCTCCTCTCTCACTAATGAAATAATAAAAATAATAAGATATATCTTTGGCTATATTTCCTCCAGACATAAATTTTAAAATATAGGGTGTACGAAAATCTGGATTAACATCCCTATCTTTCTCTAATTGTCCATATAACTCTAATCTTACTGCAAAAGGAAATTCCCGCATAAGAGACAATTCCGGATCCCCGGTATTTCTAAAGAATCTTTGTGGCTCTTTATCAGGAATTTGAAAACCATTGCCGGCAAATTCTTCTCCAAAAGGTTTTAATTTGGGGACAACATAATGACACACATTGCAAGACAAGTTATACTTCCTTGCAAATGCAGGTATAGCATAAACAGATTCAGAAATAAAACATATTATTAGAAGTATTAAAAAAGAAAATAATGCAATTTTTTTCATCTTTTTTAGATTTTATTATTTTTAATCTAATATTGTT
CP054675.1_gap23	1509339	1513579	4240	ATACCAGATAATTATAAACATCTACTTACTTAAAAAAATAAATGTTCAATTACTATTTTCACCCCCAGTAAAATTAAAACAATTCCCCCGATAACTTCTAATTTTTTACCAAATTTACTGCTAAGAGAATTACCGGATAATACACCTATTGCTGAAAGTGAAGCAGTTATAATACCAATAATAACCGCCGGATACCAAATAGATATATTTAGTAAAGCGAGACTTAACCCTACGGCAAAAGCATCAATACTTGTGGCAAGACTTAACATAACAAGTGTAAAACCTTTTGTTGGATCAATTGAATAATTTTTTTCTTTTTTACTTACTCCTGAGATAATCATTTTAATACCAACATAACCTAATAAAATTAATACTATCCAGTGGTCAATTTCAGAAGTATAAAGAGAAACTTGAAAACCAATTAACCATCCTATTACTGGCATTAAAAACTGAAAGAAGCCAAAATGAAATGATAATCTAAATAATGGTCTTATTCCCCTTGATTTAATATTAGTACCTGCAGCTATTGAAACAACAAATGCATCCATAGCAAGGACAAAAGCAATCAAAACTACCTCAAGATAAGTCATAAAAACTATTACATTCCTTTATCTTATATTCAAATAAAATCAAATAATTCTAAATAACAACTTTTTCAAACATTTTTGCAAATTCTCTTTTCTTTCTTATCTTCCAATTACCTTTATGATACGCATAACCAGCAATAAGAGGCATGGCAATAGTTGCTTCTGAAAATACCATTTGCTCATAGGTCGTATCCACTTTACCCCAGGAACTTGCTTCTTTCAAAGTAGAACCGGATAAAGCTCCATCTCTTTCATCTGCTACAGTTATTTGTATTGCATATTTATGCATTGGAATATCCTGTCCTAAAACATCAGCAGCAACTACAACATCCTGAGTGAAATTCTTTGGTACTCCACCACCAATCATAAAAATTCCTGTCTCTATTGCTTCTATTTTAATTTTAGTTAACTCAAGAAAATCACGGGCAGAATCAATGGAAACATATTTTTCCGTGTTATGCCATTGATGATAAACAAACCCAAAACCTGCAGAACAGTCAGAGAAAGCAGGTACAAATATAGGGACATTATTTTCATAAGAAGCAAGTACAATTGAGTCTTTATTTTTCGCTTTCTCAGCGAGATATTTACCCATATACCATATAAACTCACGAGATGAATAAGGTCTTTTTTCAAGGGAATCACAAATTTCAGCAACAGTCATATCACAAATTCTCAATTCATCCTCATCAATAAATGTATCATAGATTCTATCTATATGTAACTCCCTTAACTCATTATCATCTACAAAAGGAGTCCCTATATAATGTTTAAATCCCAGACCCTCAAAAAAATCCTGATCAACAATTATTGCTCCTGTAGATACAATTACATCAACCATCTTATTCCTTATCAGGTCAACAACAACATTTTTCAAACCGGCAGAAACTAAAGAACCGGCAAGGCATAAAATAATTGAACATTTTTCATCTTTAATCATCAAATCATAAATTTCAGCAGCTTTATAAAGATTTCTTGCCTGAAAAGCCATATTTTTAAATGACTCTACCAATGGCACAACATTGTATTTCTTTATGTCAATATGTTCTATTGTGGTTTTTAAATAATCTTTTTTAGTTCTCATAAATTTTATTTTTATAGTGTTAAATATATTAAATTTTTACTGTGAGTTAAAGGGATATGAATTTATTGATTTATAATAAGAAAAATCAGAAACTATTTATCAAGCCAAAATTAATTTTACCATCGAGGAAGCCATCCCCTTTTCCCAATGCATAACTTACACCAATTATACCAAGTCCGGTTTCAATCTGCATTCCAAAGCCATAACCATATAAGAACCCTTCCTGTTTAGATATTCTTCCGGTAATATCACCGTCTCTGAAATAATAACCATAATCAAAAAAGGTAAATACAAAACTTTTTCTTCCGATTAAATATCTTAATTCTAAATTATTATAAGCAAGGCGGGAAGCAAGATATTGCTCCTCTCTATACCCTCTGATATTTTTATTTCCCCCAATACGAAAATAATCGGAATCTTCAAATTTACTTGTTACAATTTGACCCCCAAAAAATTTAATAAATGTTACCTGAGATTTGAAAAGTGAAAAATAAATATTTAGTGCAGAAAAATATTTTTGAATTGAGTGATTATCTCCCTGAGAAGTAAATATTTTTTTATCACCATAAATATATGATACACTATATAGAATTCCCTTTGTTGGATTAAAAATATTGTCACGGCTATCGTATTTAATCTCAGTACCTGTAAATAAAACCCTTGCATCGGAAACCAATCTAATTGCATTAGAGTCAGATGAGGGAATAATTCTTTCATAGCCACCAATAACAGAACCAAAAAATCTGGAAGAGAACATTATTTCCGTTTTGAATTCGAAGTTTCTTTTTGTATAAGTCGAGTCCTGAATTCTTTGATTAAATAAGATATTTATATTAGCAGGGAGAGACAGAAAATATGGTTCAAGATAACTTAATTCGAGATCCTGAGTTGATTTTCTTTCCTGCTGCCATTTTGCATTTATTCCTCTACCAGTGCCAAAAATATTCCTGAAACTTAAATTCACCAAGCCTGTAAAATATCCACTCTCAATATCATTAGGAGGTGGGACATAGCCAATTACTCCATCAAATGTATTTGTATTCCCTTCTTTAACATTAATAAGTAACCCTGTTTTACCTGTATTTTTCACGGTATATATCCTGGGTTCATCAATTTTTTCGAAAAAGTTTAATCGATCAAGTTTATATTTAATTTCTTCTATCTGTTCTCTTGTTATTGTTTTATTTTCACCCAAATTTATTTCCCTTAATATTACATAATCCTTCGTTGACTCGTTACCAGTAATTTTAATTTCATCAATTTTAATTTGAGAACCCTCCTGAACTAAAATTTTTATCTCGAGAAAAGGATTATCTGAAAAATAGTAAATATTAATTCCCCCTAATTTCACAGTAGTAAATGGTAAACCTATATTTTCATAGTATTGCAATAAATTTTTAATATCATTATTCAGTTTATTATCATTTAATATTTCACCTTTTTTAGTTTCAAATATTTCTAAAATCTTGTTTTCCGGTACTGAATTATTACCAGTTATAAGTATTTTCCCGACCTTGACTTGTTTGTTTTCATTAATCTCAAAAGAAACATCAATGTAACTTGAGTCATTGTTATATACTATTTTATAATCACCAATATTTACAAGGAGAAAACCTGCTTCTTTATATTTTTGTCTTATCAGTTTTAAATCTAATTCGAATTGCTTTAAATCAAATTGCTTATCTTTTTTTGTAACCATATTTTCAAGGAGTTCCGATGTAGAAAAATATTCATTACCTGATATTTTAATTTCATTAACAAGGGCTTGAGAAAATATTAAACAAGGGAATAGGTGTAAGAATAAAAATGTAAATATTAAAACTTTTCTTTGCACTGTGAAAATAGTTATATGGTTCTCTATAAAAACTTATACCTTATTTTTTTATTCTGATAATTTTTCATAAGCATCTATTATATCTCTTACCAATTTGTGTCTTACGACATCAGCACGGGTAAAGTAAACAAAAGAAATACCCTCTATATCTTTAAGTATTCTTTGAATTTCAACAAGCCCCGAATTACTTTTATTAGGTAAATCTATTTGGGTAATATCACCTGTAACAATTGCCTTTGAATTTACACCAAGTCGTGTAAGAAACATTTTCATTTGCAAAGAGGTAGAATTTTGAGCCTCATCAAGAATTACAAAAGCATTATTTAAAGTTCTTCCACGCATATATGCAAGCGGAATTACTTCAATGGTATTTCTTTCAACATAAGTTTTCAGTTTTTCAAAAGGTATCATATCTTCCAACGCATCATACAATGGCCTTAGATAAGGATCGATTTTCTCGGTAAGGTCACCTGGAAGAAACCCAAGACTCTCTCCGGCTTCTACGGCGGGACGGGTTAACACAATTTTATTAACCTCTTTATTTTTCAAAGCAGCTACAGCAAAAGCAACAGCAAGATAAGTTTTACCTGTACCGGCAGGACCAATGGCGAAAACGATATCATTTTCTTTTACTTTGCGATAATATTCATATTGGCCTTCAGAACGAGGTCTAATATATTCATTTTTTTTATATAATATAATATGATTTAAATCTGAAGTGTTTAATCCATATTT
CP054675.1_gap24	1528324	1529674	1350	AAAACGGATGACATAGAGAACAAATTTCTACTTTTATTTCGGGTACTGTTGACCTCGTAGTAAATAAAACTCCTCTGTTTTCACCACAGTTACATATAACTTTGCATTTGTAATACTTTGGATGTAAATTCTTTTTCATTTTTATTACGAATATTTAAAAATGTAAAAATATTGAATTATAATTATAATTTCAATGTTAATATGTAAAAATAATATTTTAAATCAAAAAATTAATAAATGTAAGTATAAGATTAAATAAAAGTTTAAGTTTCTATTGATTTGAATTTTTTAATATTAAAATTATTTGTAAATTAATTATGTTACAAAATTAAATCACACCTAATTATGAAGAAATTCACAATTATTTTTGTTTCAATTATATTATCTTCTATGGCTCTTGCAAATTTAAAGGGGGTAGAATTTATAGAACCAAAACCAGGAGCTAAATATATAAATCTGGAAACAACAATAATAATAAAACCAGAAGCGAAATTTATGAACTTAATAAATCCAGCTACTTTTAATATTGAAGTAAGCGGAACAAAATCAGGATATCACACGGGAAAGATAATTTTATCAGATGACGGAACGACGATAATATTTAAACCTGACAAATTTTTTTCCCTTGGCGAAAAAGTAACAGTAAATTTTAAGATTCCTACACAACAAAAATCAATTTATGAATTCTATACCAAAGAAAAAGAACCTCCATATAGAAAATATGAAAGTTTCAAGAAATTAATGGAAGAAGCAGAAAGACATCAGCTATATGAAGCGATGTTTAATTTCAGAGACTCTTTACCAAGCACTTATCCACAAATAGTTGTAGAACAGTTTGGACCTACAGCTCCAGGGAAATTATTTGTTGCAAATTTCTCATATCCCGGAATTTGCGATGCTTATATGAGCATACTTCCTAATTCTCCAAATCCATTTTTTTATCGTTACTCTCCAAATAACATCTATGACTTCAAAGTTCAAAAATCCAATGGAAAAATAACTTATTGTGATTTTGTTAAGCATAAATTTTATATGCTTGATACAAATTATGTTATTATCGATAGTTTTTATACAGGAAATGGTTATACAACAGATGAACATGATTTGCAAATATTAGACAATGGCCATTATTTAATACTTGCTTATGACCCACAAATTGTAAATATGAGTGAAATCTATCCTGGGGGTGATACTGCAGCATTAGTAATAGGATTAATTGTGCAGGAGTTGGATAATAATAAAAATGTAGTTTTCCAATGGCGAAGTTGGGATTATTTCAGTATTTTAGATGCATCAAATATTAATTTTACTGCCAGCGAAATAGATTATGTACATGGGAATGCCGTTGAA
CP054675.1_gap25	1567671	1568216	545	TATAAATATGAATATATTTTTTCAAGTGGAATTTATAAAAGAATTGAGAGAAGTTTTGATTTAATTCCCGCCTTTGAGGATGAATATGACCCTTTTTGGGAAGTTTATGTTGAATCAGAATATTATGCGACAGACAAAATTTATACAAAACTTGCTTTATCAAAGCAGAACTTTGTTACTTTTACTTATCCAAAATCAGTAGAAAAAATATTTGCAACTACAATACCTTTTGAATTTAAGTATTCATTAAAGGAAGATTTGATTTTAAAATTATTATTTGAACAACAATGGGTGCATAATTCAATTCGTATTCATGATAAAAATTTTACAAATCAATTAATCGCTATTGGGTTTATAAAATCTCCCGAATTAACATTTACTATAAGTGCTGAATATACAAGTGATAAAGAGGATCCCTCTGGAAAAAGAAACTGGTTTAAAGGAGAATTGACATATAACATTACTTCATCAAATTTAGTTACCATATCGTATGGTAGGGAAAGAGGCGGATTAACTTGCGCAAGCGGAATATGCAGATATGTATT
CP054675.1_gap26	1640152	1643954	3802	GAGCGTTATCAATATATAGATCTTGGTAACATTGTAAAACTCGGTAATCCAGAATTAGAATCAGAAAGAGGTCTTTTCTTAGATTTAGGAATTAGATTATGGCACAATTTCCTAAACTTAAAAAATAAATCAATATCATTTACCGGTAATATTTTTCTTAATTCGTTTAATAATCTTGTTTCTGAAACACCAACAATTTATGAGGGAAGACCAGCATATATAAAAACTAACATCGGTACTGCAAGATTATATGGGTTTGATTTAAGTTTAATTTTCAATTTCTATAAATATATAAATACTTATATAATGGCTGCTTATGTCAGGGGAGAGGATACAGGAAATAATGCTAATTTACCGGCAATTCCTCCTTTTAACTTAAAAGTTGGAGTTCAGGGCTGGATAACAGAATGGTTATTCTTTGATGTAAATTCAATAATTTCAGCAGAACAAAATTTAATTGCGGAAGGAGAAATAGTTACTCCAGGATATGCAATATTCAATGCTGCTTTTAGTACAGGATATTTAAATTTTCAATTTTTAAAATTGAGATTTCTTTCAGGATTTGAAAATATCCTTAATAAAGAATATAGAAATCACCTTTCTACATATAGAGGCTTAATAATTTCAGAGCCAGGTTTTAATTTTTACATTAAAACCTCTGTAGAATGGTGATTTCTATTTTAACAGATATTCAAGTATTGTATTACAATTTGTTGATAAACTTCACTACCTCTTTATACATATTCTCTCCGTCAAGGCCTGCTTCTTTAAGAACACTTTCTGCACTACCACTACCAAGATAATGACCTTTCATAAATGGGTGTAAAATATGTTCGCGCCCATAAGTACCTGTTATCCATTTATACATTGTTGGTAAAGTAAATCCTGTTATACCCATTGCCACTTCTGCAACTGAATGAGGATATATTTTTTCCTGTTCTTCTTTTGGTAATAAATTAAACAATTCTGCACTTGAAACATAGTACACTTCTACATTATATCCGTCTTTATCTAATAGTGGTAATGTTTTATATACAAATTCAATTGCAACACCACTTTCCTGAAGTACTATGTAGGCATCAACCTTCGAAGATGGATTAGCTCTCCTTAATTTATATACTCCTTTTATAGATTCTTCAACAGGTGCAAGTTTCATAGCAAATCTATCCGCAACTAATTCATTAGGTCTTGTCACAAAAGGACAAAGTATTGCTGGTCTTTTCTTTAAGCCAGCTATTAATAGAGGCCATACTTCTGCTGGTTCCCAGGGGGTTAAGGTAATTAAAACTCCCGGGGGAAAATTTTCCTGAATTAACTGCAAACATTGTGGGTCTGCATGAGTAGGGCCATCTTCTCCGGTTTTTAAACCTGCGTGGGCATTAACTAAAATCCATGAATTATAATTTCCACCGAAATGCATAACTTTATTTTGTTCACCAATACCATGTAATCTTGCGGGAGTATGTTCCATTGCAGAAATAAAAGCTCCATAGGAAGAGCTTGCACCAATATTTTTACCAAAAGCACCAATTCCTGCCATATACCCACCAATAGCATCTTCACATATACCACCTATTGTCAAGATTCGGGCATCCGGGTTATCGATAGAATCGAAGTATCCTGCAGGAAATCCTTCTCCAACTAAATTTATACTTGTAGAACCTAAAAGGTCTGCGGCAACACCAAAGAATGCTCCATTGGTTTTCTTATTCAAATAACCAAGTGAAGCACCTAATGCAGCTCTAATTGTAGTTGTAACACCAGGTTTTAATCCAAGTTCTTCAGGAATTTTATATTCATTTATTGATGTATCTGAATATAAATTCTCAAGATGCGGTTTATTTTCTCTTGGCACCCTGTTAAGTTTTTTCAGTCTATTTTTAGAATCACTAATTAACTTTGCAAATAATGAAAATCCTTTTTCGCTTTCTATAGCCTTTCTTATAGTCATCAAGGTATCATAAAATACCTGCTCAATATATAATCTTTTCCAATCTCCTTTATAATCCGGATATAAGGAACTGAATTCTTTTTTAATTTCTTCTACACTTTTATCAATGAATCTTGGAACTTTAAGGTTAAATGCATTTTCAAATTCTTCACATGACTTATAGTATTCTTCTGAACAGAATTTGTGACCAGCTCCGTGAGAAGTTCTTCCTTCAATTCCATATTTCCATCCTTTTATTGTCCGATACACGATAGCAACAGGCATTTTATTAGTTAATTGCTTTGCAAATAATTGCGCTGCTAATATTTTATTGAAATCTTTTCCATCATCAACATAAATCACATTAAAATCGTGAAGATATAATAGTTCCATTGGGTTCCATTGTACATAATCACCTTTTAATTCTCCTTCCCTACAAACTCTATTCGTATCAATTGATGCCTGGTTAAAATCAATATGCATTATAATGTTATGTAATCTCATTGATGACGCTCCAGCTAATGCTTCTGCAACTCTACCGGGAGTCATACCTCCTTCCCCTTCTACTACATTAACTTTTGGAGCAGCTGAACCAAACCAATCAATAGCACCTAATGCTAATCCAAATGAAGAAGGTACACCTACGCCACTGGCACCTGTTGCAACTTTTACGAATGGGGTAGCGGGAGTAGGATGACCATCTAATGCCTTAGATTTAAATTTTAAAAATAAAGGTGTATCATTTGTCGGATTTCTTCTAAAACCAAGTAAATCTTCAAATCTAACCTGATTTTTTGCGTCAGAAGGAAGTAACTCAGGTTCAAAAACTCTAACAAACTCATTTCTTAAAGCATACATTGCATACAAGCCCATTGCTTTATGTCCTGCAGCATAAACAATCATATCGTTTTTTTCGTCATGCGGGTTTGTAAAATCATAATCAGCTGTTTTATAAACAATTGATTGCACAAATCTGCCCGATGAAATGGAACCACCGGGATGGCCACTTGTGGGCACAAAATTATAAAGAACACCACATAATGTTCTATAAATAATATCCATCTTTTCAAAAAGTTGTAATTCATCCTCAGAAAAAGTTGAAACTTTTTTCATAATATCATTTACTTCATAATATTCCCCTCTTCTTGGTCCAAAACTTAAAACATTTTTGTTAACTTTTTTTTCTCTAGCCATAATAATTTATTTTTGTTAATAAAATTATAGTTAATATAAAATCTAAAATAAATTTTATAATTCCTTACAAAGCGAATCCTAAGCCAGCTGTAATAAGAAACCGTTTTCCCATATTTAATTCAAAGTTTGCCATCATAGTTAAAATAGTTAAACTTGCGCCTGCAACTCCCCTGAAATTTGCACCACTTTTTTGTGAAATAGAAACAGGAACAACAATATTTGTTGACGGATTACGATAATTATAGTTTAGTTCAAGATCAAACGTTTCATACTGTCCACCCCCGTAAATAGTAACAAACGGGAATTTCTTTGCAAATTGTAACCCTGCAACATAGCCGTTAGCATCAAAATATTTTACCCCATCATCATTTCTAATGCTGAAATTCTGAAACCCGCCGTGTAAACCAATCTCAAATGGAATACCCCGTATTAAGTAACTTAAATTATATCTGAAAACCACACCCGAATAACCAAGGTCACCATAATTTGACAAGTTTACACGCGGAAGAAATCTTACAATAACATCAGCACCATAGAAAGAACCTAAACCTATTTGTGGAATAATGAATGGATAAAATTTAGTATCAACAATTCCACTTGCTAAAGTTAAATCAGGAGCCGGGATTTGAACACCTGCTGCATAGTAATACCCCTTTGCAACCGCGGGGGTGGTAGGAC
CP054675.1_gap27	1651645	1652599	954	AACTATTTCAAGGGGTACTTTGTGATCAGGAATTCTAATTGCTACAGTTTTTTTCTTCTTTTTCATCCAAAGAACTCTTGACGGGACTTTATTATTTGCTTTAAGTATAAACGTGAAAGGTCCGGGGAGCGCTTTTTTCATCACCCTAAAAACCATATTATCAATAGGAACAGTAAAATCTGATAATTGGCTGAAATTATCACACAAAATTGAAAGCGTTGCTTTCTCAATATCTAATCCTTTAATTCTACACAACTTTTCTACTGCTTTTTGATTATATATATCACAACCCAAACCATATATTGTATCGGTGGGATATATAATAACACCACCATTATTCAGGCATTCAACAACTGTTTTAATTTTTCTTTGTTCCGGGTTTTCCGGATGAATTTTTAACAACATTTAATAAAAGTTAAAATACTTTTAATTAAAAAACACTTTTGCAACATTATATATTTCCAGGTCAACAGTTTTCAGTTTAGAAATTGCAAGTTTAATTGTAATATCTGTTATTTTATTTGACTGAATTGCACACATACGACCGAATTTTTTATCCCTCACCATCTCAACGGCATAAACTCCAAATCTTGTACCAAGCATTCGATCAAATGCAGATGGTACTCCTCCTCTCTGAATATATCCAAGTATTGTCGCTCTGGTATCAAACCCTGTTCGCTTTTCAATTTCCTCGGCAAGAAAATAACTTACTCCACCAAGCCTTGCTCTTCCAAAGTCATCAAATTTTTGTTTAATAATTGACTTTTTTTCTTTTCCGAATATTTCCTCTTCAATAAAAGTAGCTCCTTCTGCAACAACAATAATAGAAAACAGTTTACCTCTTTTATATCTGTTTTTAATTACTTTTACAATTTCGTTAATCTTTGTCTTTTTCTCTGGTATAATAACCACATCAGCTCCACCTGCAATTCCGGAATATAATGCTATCCATCC
CP054675.1_gap28	1667989	1672660	4671	CTGAGTAATTATATATCCAACTTCATCCATATCAAGCCAGTTCTTAAAAATATCAGTATTGGGTTTATGACCAATTGCAATAAATACTCCTTCACACTCGTGAATAAATGTTTCTTCTGTTTTTACATTTTTTAACTTTACACCTGTTACTGCTTTTTTGTTATCTTCTTCTTTGCCTAATATCTCTTCAACTACTGTATTTAAAATAAATTTAATTTTAGGGTTTTGTTTTACTCTATCAACCATAATCTTGGATGCTCGAAACTCATCTCGTCTATGAATAATTGCAACCTCTGAGGCATGTCTTGTTAAATAATTAGCTTCTTCCATTGCAGTATCACCACCACCTACAACAACAACTCTTTGGTTTCTAAAGAAAAAACCATCACAGGTCGCACAGGCAGAAACTCCAAAACTCATATACTTCTTTTCTGATTCAATACCAAGATATTTAGCGGAAGCTCCGGTTGCTATGATTACTGCATCCGATTTATATTCGATATTATCATCTGAAAAAACTGAATAGGGGCGTTTTGAAAAATCAACCTTAACAACTGTTCTGAAAATACATTTTGCTCCGAATCTTTGTGCTTGTTTTCTCATTATATCCATAAGTACCGGACCAGAGATCCCATTTTCAAAACCGGGAAAATTTTCTATCTCCGTTGTTATCATTAATTGCCCACCTGGTTGAGTACCTTCAAAAACAAGTGGTTCTAAATTCGCTCTTGCGGTATAGAGTGCTGCTGTCAAACCAGCGGGACCTGTACCAATTATAATTACTTTGTGATAGTTTTCCATATTTTTCTTATTTATTTAATGAATTAATTTTCTCTTCAAGATTTTTGTTTTTAGGGTTCAATTCTAAGGCGATTTTCCAATGTTTTAAAGCATTTATCTTATCTTTTAATGCAAAATATACATCACCTAAATGTTCCTGAACAACAGCTGAACCTGCATTAATTGCAATTGATTTTAAAATGTAATCAAGCGCTAAATCGTATTCTTTAAGTTTATAATAAATCCAACCCATAGTATCAAGAAAGTTTGGATTTTTCGCATCTTTACTTAATGCTTTTTTAGCCATTACAAGTGCTTTATCAAGTTTTACCCCCCTGACGGCTAAGTTATATGCGTAATTATTCAGAATTAATGCATCGTCAGGACTTATTTGTAATGCTTTTTCATATATTTCTTCTGATTCCTGATAGCGTCCTAATGTGTTATATGTAAGAGCAAGAGTAGAAAGTAAAGAAATGTTTTCCGGTTCTTTTTTTAATGCTATTTCAAAATATTCAACTGCCTTTTCATTATTTCCTTCTCTTTGATATATTAATCCATATAAAAAATTTAATCTGAAATCATCCGGAAATAATCTTAAGCCTTTTTCCGTTATTGTTTTTGCTTCTTCATATTTTTTCTCATCATAAAAAGAAAAGGCAACTAATGAATAAGGATCGGGAATGTTAATGTTGCCTTCTTCTGCAATTTCTATAGTTTCTTCAAAATATTTATAATAATTTACATCCTTTTCAGCAATACTTATTGTGCCAAGATAGTAATAAGGCTTCCACTTATTAATTGTGTTTGAATCATTAATAAAATTAGTGACTAAATATAAAAAAATATTCTTTGATATGTATAAATACTCTTTCCCCTGTGAAATAAGATTGTAATAAATCTCTCCAACCTGAAGTTTTTCATCATAATTAAGTTCTTTCTTATTTGTGCTTTCTGCAAGCAATTGAAAGCCTTTTTCTACATAATTATTCAAGAAATATAACTTTATTAATTCCGTCTGAATGCTTTTATCATTCGGGTTTATTCTAAACAGATTTTCATATACTGTTAAGGATTTCTGAAATTCTCCGGTCATTCTATATAATGCTCCTAACCTGAGGTTGGTAGAAATATCATTGGGGTCGAGCTTAAGAATATATTCAAGAATTCTACTTGCTTGTACAAAATTTTTTGTATTCAAATATATATCATATAGTCTATTAAGTACATTTATATCAAAGCCATATTGGTCTGTTATCATCTCATAAAGCTCTACTGCTTTTTGCTTGTTATTTTGTTCTTCATAAAGCCTTGCAAGCGAATATTGTATGTTTGTGTTCTCGGGTTCTTTTTCTAATATAGATTCATATATTTTAATAGCGTTTGGAATATCTTTTAAATAAATATATAAATTTGCTTTATGAATTAAATAATTTGTCTTTTCCCCTCCTTTAATAATTGCTTTGTTTACTTCGGTAAGCGATTCTCTGTACTTTCCGATTTTCATATAAACTAATGAAATAGCATAATAAATTTCCGGTGCATCATCATATTGAAGTGCTTTTTTATACATTGTGAGCGCAGATGTATAATCCTCAACAAGTTCATATATTTTCCCGTCAATAAAATACTCAACAGCATAATAATTCAGAGAGTCTTTAAAATTGAAGGAAAACAATAAATGTTCACTTGAAAGTAACTTTTCAGCATTGCTAAAATTTATTAACACAAAGAAGAAGATAAAATATGTTAAAAGTGTATTTGCGGTCTTACTATTTTTATTACCGATATTACTCATAAATACTCTAAAATAATTTTAATAATTTCAATCAAAAAGTCAAAATACTACATTTTACCTTGCTACATTAAATCTTTTATTACTATCAAAATAAATCTTTCCATAATGAATTAATAAATCAAAAAGGTAATATTGTTCAGCATTTAACATTTAACAATTAACATTTATATTTACATAAATATGGAAAATATAGAAAAGTACATTTTTTATATCCTTGCGGTATTAGCCATTGCTTCAGCTATTCTCATGGTTACGCGAAAGAATCCTATAGTAAGTGCTTTATGGTTAATATTTAATTTCTTTACTGTCTCAGGAATATACTTACTTTTAAAAGCGCAATTTATTGCAATAATACAGGTTCTTGTATATGCTGGTGCTATAATGGTATTATTTCTTTTTGTCATAATGCTCCTGAATCTGGACAAAATAGAAACTGTTGTTATACCTGAACCCGTAAAATCAAAAAATGACTATAAAAAGCTAACCGCAGTTTTACTTTCAATATTTTTGATGTTATTACTTGCTTATTCAGTATATTTTGCCTTTAGCGGAAAATATGAAGTGGCAAGTCCAGATGCTTTAAATATAGGTAAAGCAGAATTTTTAGGAAATAAACTTTTTCTTGAATATTCCTATCAGGTTGAAATTATCGGAATTCTCCTACTTGTCGCAATAATAGGTGCGGTTATTTTGGCAAAGAAAAAACTTTAAATTACATCAAATCCCGTATATTTCTGAAGAACTTCCGGAATAATTATATTTCCATTTGATGTTTGATTTGCTTCAAGCAAACCCACCATCAACCTTGAAGTAGCAAGCCCGGAACCATTTAAAATATGAGCAAATTCAATTTTTTGTTTACCTGTTCCACCTCCCCTTTTAATTCTTATCATTCCACGTCTCGCCTGAAAATCAGTACAATTACTTATACTTGATACTTCAAGCCACTTCTTCTCTGCATAGGACCAGACTTCGAGGTCATAACATTTGCTTGCAGCAAACCCAAGGTCTGCTGTGCATAATTCTACTATTCTATAATACATTTTTAGTTCATCAAGAATTCTACATGCATTGAGAAGCATATTTTCCATTTCTCTATACGAATTTTCCGGTAAACAAAAATTAATTAATTCAACTTTATTAAACTGATGTACCCTTAAAAAACCTTTTGTTTCTTTCCCGTAACTTCCCGCTTCTCTTCTAAAACAATTAGTAAAGCCACAATATTTTTTAGGTAATTCTTCCTCATTAAAAATTTCGTCTCTGTGAATATTTATTATCGGAACTTCAGCAGTCGGAATTGCAAATAAATCATCTTCCTCTATTCTATACATATCATACTCAAACTTAGGTACTTTTTCTGCCGCTTCCATTGATTTTCTGTTTACCAGCACGGGTGTCAGAACTTCCTCATATCCGTTAATAATATGAGTATCAAGCATAAAATTTATCAAAGCTCTTTCAAGAATTGCTCCTTTCCCTTTATACAAAGGGAATCCTCTTCCGGTTATCTTCGTTCCACGCTCAAAGTCAATAATATCGTGAAGTTCTCCAAGTTCAATATGATCTTTTACTTTAAAATCAAATTGCTTTTCTTCCCCGCAAACCTTAATTACAACATTATCTTCCGGACTATTACCAATTGGACAACTATCTGACGGAAGAGCGGGAATATAATAAAGTAAATCCTGAATTTGTTCTTCTAATTTTTTTATTTCATCATCAAGAGATTTGATTTCATCAGAGATTTTTTTCATCTCTTCTACTTTTTCGGTAGTATCTATTCTCTTAGCTTTAAGCTTACCTATTTCCGCAGATGCTTCATTGCGGATTTTCTTCAAACTTTCTACCTTCGTTAGTAGGCTCCGTCTTTGTTCATCAAGACTTTTTATTTTATCAATGTTTTCAGTATTTTCTCCCCTTAATTTTAACTTTTCAATTACAAGTTCAGGGTTTTCTCTTATTAATTTAATATCAAGCATAACAATTGATTAAAGGTTATTATTCAAAATATGAAAACTCCTTACTTTATTAAAGTCAAGATACGATACTAAATGGTAAAATAATTTTGATTTTAGAGGTTCATTTCAAAT
CP054675.1_gap29	1674534	1678699	4165	AAGAACCGCAAGAGAAATAATTGAATATAGAATTCCCCCATAACTTTGAATTACGGCTCCATCTGGTTTATGTATTAAATCAATACAGGGTTCTCCAATAACAATGTATTTCATTCTTTGTAAATATTAATTAAAAAGACTACTTAATTTCCACACCTCCGAAATTAATGGTAATAGTACCCTGATGGGTAAATCCTAAATCCTGATGTTTTTTAAAAGCATAATCAACCTGAAATAAACCAAGAAACACACCAACTCCTGCGGAAAAATTAGTAGGTTCACTACCAACTCCTGCCCGTAAATCTATTCTACTATTTAAATTAGAAATCGCATTAGGGATAAAAATTGAATATTCAAATGCACCTTTAAAAGAAAATGGATATTTTACATCTTTTTCCGTTTCTAATATAAATTTAATATCATCCCTTGCCTGAAACATAAATCCAGTTTTAAAAACCTGGGCAATTCTCTCTTTTGATTGACCAATTTTACTACCGGTTAAATTTTTACAAAAGAATCCCCATTTTAAGAAATCAGTTATCTGTGCCATAGCCCCTAAGTCAACTCCGAAGGAAGAAGCGGAGTTGTAATTCTTAATATTTAGATAATACAGATTAAGATTTATACCATAATATATTTTATTTCGGTAATTATTTCCATAAGAAACAACGCTTGTTAATTCCCGGTATAAATCAAATCCATATGATTTGATTCCTAACCCGAAAGTTCCGATTTTGGTAGGTTCCGCATAAGTTAACGCAGTAGTAGATAATTCTGAAATCCCAAACGGAGCAGGACTATAAAAAAATGAAACTTCCCTGAATTTCAACTGTCCCAACCCGGAAGGATTATAAAAAATTGCAAAAGAATTATCAGACACAGAAGTAAATGCTCCGTTAAGAGCAGCTGGTCTTGCCCCAATATCCGTAAATTCGAATTGTGCAAATGAAACTTTTACAAGCAAAATGGATATAATAAAGACAGAAGCAACAAATGTTAGAGTTTTTGTCATTTTTTAAAGACTTTTGTATAATAATATAAAAATTTTGAATCTGCCAAACTCCAATATCTAATTAGAAAAATGCAAAATAATAAACTAAATGAATTGACATTTAAAAATAAGAATTCAAAATTTAATTATAAACTAACTTCGTTTAAAAATATGAGCAAATATATAGTATTGGGAATTCTTACAGTGTTTTTTATGAATGTAGCAATACCACAAGATTTTGATGCAACTGTCATTTTAAATGTAGATGCACTTCCATCAGATGCAAAGGATAGGTTAAAAGATCTCAAGCAACAAACCGAAGATTATTTAAACAAAAATAAGTTTGCTGATGGTCAGATATATAAAATAAAAGTTACACTGCAATTTAATTTTAGGGGAACAAATGGTTTTGATGGTTATGATGCTCAGTTAGTTGTTATTAGTCAAAGAATTGTTGATGATTCAATAAAACAATGGCAGCCCAAATATGTAGTTGCTTTCAGGTATTTAGATGAAAAATGCTCTTTTACATATAACAGATCAATGCCTTTTATAAAAAATGATGTAAGGTTTGATTCTTACCTTAGCTTGCTTGATTATTATGCTTATGTAGTATTGGGGTATGACGAAGACTCTTTCTTTCCAAAGGGCGGAAATAAATATTTTCAAAAAGCTCTTGATATTTGTAACAAACCGATGCCAGATAGAAAAGGGTGGACTACAGATGTTGGTGGTGGAAAACCAAGCAGGGCTGAGTTAGTACAGGAACTTCTTAATTCCAGAATGGACGACTTCAGATTAAGTTATTATAAATATCATTGGGAAGGGGTAGATATGTTTTATATAAATCCGTTCAACCAAAAACCTGCGTTAGATAAGATGTTGGAAGCGCTTGAAAAAATCGGAGAACTAAAAAAGAAGGAAGTAAAAGCATATAATATAGATTATTTCTTTGATGCAAAAGCTCAAGAAATTGGACAATTCTTTTTGTCTTACGGTGATAAAAGTGTGTATGATAAATTATCTAAAATTGACCCTTCTCACCAAAGAATTTATGAAGATTTCAAAATTAAAGGGAAGTAAATAAAATATTTAAATAAATCAGTATTGTAAATTTTTAAAGACATTATAATGCTAAAGACTATAAGAATAAAGAATAAGCATAATAACATCTTACTTACCGATATTAGATACCCCAACAATAACAGTAAAAATTTACCTTTATTAATATTTTGCCATGGATTCAAGGGATTTAAGGATTGGGGAGGATTTCCGTATATGTTAGAAAAAATTTCTGCATCAGGTATTTTTTGTGTTAGTTTTAACTTCTCATACAATGGAATTGGAGAAACAGATTTAACAGAATTTACAAGATTGGACTTGTTTGCTAAAAATACAATTTCAAGAGAATTAGATGATTTACACGCGATCATTAATTATTTTGATGAAAATAGAAATTTATACAATTATGATTTCAATGCCTTAACTCTTATGGGACATTCCAGAGGGGGTGGAGTTGCAATAATAAAAACAGCTGAGGATAAAAGAGTAAATAAATTGATTACTTTAGCCGCAGTTTCAACTTTTAACAGATATACAGAGGAACGCAAAAAAGAGTGGGAACGAAAAGGATATTTAGGGGTTCTTAATACAAGAACACAACAAATGATGAAAATAAATTATTCTTTTTTAAAAGATTTAGAGAAAAACAAAAACCGTCTCAATATTAAAAATGCTGTAAAAAAAATTAATTGCCCGTTTTTAATAGTGCATGGAAAAGAAGACCTTTCTGTAGATTATTCTGATGCCTTAGAGTTATACGAAGTAAGCAATAAAACAAATACTAAACTTATAACTATAGAAAATACAGGACACACTTTCGGGGTCTCGCATCCGTTTATCGGAACTACTCCATACTTTGAAACAGTAATTTCCGAAATTATTAAATTCATTATTTAATAAACTTCCGTTTAAAGAATCATTACCTAATGTAAAAGCTGGGAACTTTTTAAATATATTTTCAATTTTACTTTATAAATTAATAACAACTATGAAAAACTCTAATTATTTATTTGCTTATTTAATATTCTTAATGTTATTCGCAATCAAATCTTCACCGGCTACTACCCATATTGTAAATGTATCAAACTATGCATTTACCCCTCAAAATTTAAATGTTTCTGTTGGAGACACTATTAAATGGGTTTGGATATCAGGAATCCATACAACCACTTCAACAACTATACCTCAGGGGGCACAGCCCTGGGATGAAATAATCAGTAACACTAATCAAACATTTTCTTATGTTGTCAGCGTTGTTGGGCTTTATAATTATGTTTGTACACCACATATTACAATGGGTATGATTGGCTCGTTCAATGCATCACCAAGTTATATCTCCTCTATTGGTACAAATGTTAATAATTATCAACTTTATCAAAATTATCCAAATCCATTTAATCCGGTAACAAAAATTAAATTTAGCATTCCTAAATCTGAATTCGTTACTTTAAAAATTTATAATATTTTAGGTGAAGAGGTTGTAACCCTTATTAATGGCTTTCTGTCTCAGGGTATTTATGAATATATATTTGACATTAATAAAAATAATTTAAACTTATCAAGCGGAGTTTATTATTACTCGTTAAGGACAGAAAATTTCTACGAAACGAAAAAATTGCTTTTAAGCAAATAAAAAATTTTTCTGGTCTTTTTTATAAAATTTGGGTCTCTATTGAGCTGAATTCCATAATACCCATCAGATTCTATGGGGAATTGACTTTTTATTTTTCTTTGTTTCCAAAAGTTTATCTTTAATTATTGCTTATTTATAATTAATTTTAATAGATGATTATTTAAACAAAAATAATTAAAACTTAAATTATGAAGAAGTTAATTTTTATTTTAATCTTAACTCTTTTTGCTACAGTAATTTCTTTTTCACAAGTTCCGTTCTCATCTAATTTAAATAAAGCAATTCCCGATGTGATGAATAATATCAGGATTCTTGATGTTTTTTCTAATAATGCTTATACTGTTAATCTTGATTCTTTCCCGGTTTTTTTCGGTTTTCCAGTTACTTACACCGGATATAATTACGAAGGAGGCATCTATTGCAATATGGATAGCGACCCTGAGTTAGAAATTGTTTATTCTCTTGCCTATACTATTTAT
CP054675.1_gap30	1795252	1797406	2154	AAATAGCCTATAAATACAGAAATCATTTTAAACTAAATTTGGTATATATATACTTAGCAGATTTACTTTTTAAGGAAGGCATTTATGATGAAGCTTCAAAATATTTTTCTAAGGTAATTGAAAAGTCAGATGAAAAAGAAAGAATATTTATTCGTATATATTCAATGTTTGAAAAAAAATCACTATTTGAAGAATCGAAACTTCTTTGTTCTGAAACAATAAAACATATTCCCAATTGTATTTCCGCACATCTTTTGAGAGGGATAGCAAACTATAAAACTGACAATCTAAATGATGCAAAAATTGATTTTGAAAAAGTATTGGAACTTGATCCATTTAATGAAACAGCTTTAAAATATTTGGAACTTATAGAAAACCCATAGAAGATTATTTTCCCATTTAAACTTTTACAGCTTTTTACCAATGAAATTTAAACTTGTATCAGATTATACTCCCAAAGGAGACCAACCTAAAGCAATTGAGGAACTAACTAAAGGAGTTTTGCAAAATATTCGCCATCAGGTATTTTTAGGAATTACTGGTTCAGGTAAAACCTTCTCTATTTCCCATGTAATCAATAATGTACAGAAACCTGTTCTTGTGATGTCACATAATAAAACCCTTGCGGCTCAACTTTATGGAGAGTTTAAGAAATATTTTCCTGAAAACAGAGTAGAGTTTTTTATTTCATATTATGATTATTACCAACCAGAAGCTTATATTCCTGCAACAGATACATATATTGCTAAAGACCTTTCTATTAATGAAGAAATTGATAGATTACGATTAAAAGCAACTGCAGCCTTGTTAGAAGGCAGAAAAGATGTAATTATTGTTGCGTCAGTTAGTTGTATATATGGAATTGGTTCACCTCAGGAATTTGCAGAACAGATTTTAGTTTTGAAAAAAAATCAGCAAATAACAAGAAAAACTCTCTTAAAAAGGTTGGTTAATATTCATTATATAAGAAATGATGTGGAGTTTAAACGGGGTACATTTAGAGTAAGGGGAGATACAATAGACGTTATACCTGCAGATGAGCAGGATTTAGGTATTAGAATTGAAATAATTGATGATAAAATTGAGAATATATATCTTATAAATGCATTAAGCGGGGAAATTAAGAGACAGGAAGAAATCGTTTCTATTTATCCCGCAAAGTATTTTATTACAAGCCCACATAAAATTGAAAATGCCATAAAAACTATCCGTGAAGAATTAGAAGAAAGAGTTGAATATTTTCGCTCACAAAATAAATTGATAGAAGCTCAAAGATTAGAACAAAGGACAAATTTTGATTTAGAAATGATTAAAGAAATTGGCTATTGTTCAGGTATTGAAAACTATTCTCGTCACCTTGAGGGTAGGCCCCCTGGTTCACGTCCGGCTTGCCTTTTTGATTATTTTCCAAAAGATTATTTATTAATTATTGATGAATCACATGTTACTATTCCTCAAATTAGAGCAATGTATAACGGAGACAGATTTAGAAAAGAAACCCTCGTTGAGCATGGTTTTAGATTACCCTCTGCTCTCGATAACAGACCTTTAACATTTGAAGAATGGGAAAGTATGATTAATCAAGTTATTTATGTTAGTGCTACCCCCGGTGATTATGAACTTGAAAAAAGCGGTGGTGCTATTGTAGAGCAAATTATAAGACCAACCGGTTTACTTGACCCGGAAATTCAGGTAAGACCGACTAAAAATCAAATTGATGATTTAATATCTGAAATAAGGAAACGGGCGGCTGCTAAAGAAAGAGTGCTAATTACTACATTGACTAAAAGAATGAGTGAAGATTTGACTGATTACCTCAGGAATATTGGTATTAAAGTAAAATATATGCATTCAGAAATTGAGTCATTGGATAGAGTTGAAATATTACGGGGTTTGAGATTAGGAGACTTTGATGTTTTGGTTGGAGTTAATTTACTTCGGGAAGGATTGGATTTACCGGAAGTTTCTTTGGTTGCCATTCTTGATGCAGACAAAGAAGGCTTTTTGCGTTCCGAAAAATCTCTCTTACAAACTGCAGGTAGAACCGCTAGAAATGTTAATGGTATGGTAATTATGTATGCCGATAAAATTACAGATTCAATGAAAAGAGTAATAGATGAAACTAACAGAAGACGAAAAATGCAGGAGGAATAT
CP054675.1_gap31	1814598	1818128	3530	ATTTTCTTTTTTTTGCTTCCAATGCGATTGGTAATATTCCTGGGACACCTCTTAATTTTCCATCCAGAGAAAGTTCACCGATAAATAGTATATCTTTTGTTAAGTCAGGTTTAACCTGTCCTGTTCCTGATAATATTCCCAATGCAATTGGCAGGTCATAACCTGACCCTTCTTTTTTAATATCAGCCGGGGCGAGATTTATTGTTATTTTCTTTGTAATGGGGAAAAAGAAACCGGAATTTTTCATTGCTGCAGAAACTCTGTTCCTTGATTCCTTAACAGTGTTATCGGGTAGTCCAACCATATAGAAATTATGCATCCCTGCTTCAAGATGAGTTTCAACCCGTACTATATATCCTTCTACCCCTAAAGTTGCAGCTGTAAAAACTTCTGAGATCATTTTTTTAATTTTTCTTTTTAAAAATCATTTTAAATGGTACGCCGGAAAAACCAAAATGTTCTCTTATTTTTTTTTCTAAAAATCTTTTATAGTTTTCCATAATTAGTTTAGGTTCATTGGAAAAGAACACGAATGAGGGAGGAGCAGTTGATATTTGAGTTACATAATTTATTTTTATGTCCCTTCCTCTTACCGAAGGTGGCGGATTTAGTTTAATTTCGTTTAGAATTTCTTTGTTAAGTAAACTTGTCTTAATTAGTTTCGTATATTCTTTATAAATCTCATTTGCTTCCTGAAGAACTTTGTGTATTCTTTGTTTGGTTAATGCAGAAACGAATATTAACTTTAGAAATCCAAAACTCTGTAAATGTGATTTAATTTTTTTTTCAACTAAAAAAGAAGTATTAGAATCTTTTTCAATTAAATCCCATTTGTTTATTATTATTAGTAAACCCTTTCCTAAAGTGATTACATCATTTATTATGTCTATATCCTGTTTATCAAGTTTTAGATTTGAAAGTTCTAATTTAGGGGTTTTTTCTAACGCTTTGAAGAGCAAACTTGCATCTACAACTAATAGAGCAACATCACACCTTTCTATTGCACGATAAGTTCTTACAATTGAATAAAAATCAATTGAATCTGTTTTAGGTAACTTACTCTTTTTCTTAATTCCTGCTGTATCAATTAAAACGATTTCTTTTCCGTAATATTTCAGAACGGAGTCAATAGAGTCTCTTGTTGTTCCCGGGATATCAGTAACTATATTTCTTTCTTCTTTTAAGATTGCATTAAGGAGAGATGATTTTCCTGTATTAGGTTTTCCGATTATTGCAAATTTCGGTCTGCTATCAGGTTTTTCTATGGACTCTTTATATTGAGGAATATTTCTTGTAAAGAAATCAATTAGTTCAGCAACATTTCTTCCATTAATACTTGAAATTAAATAATGTGAATCAAAACCAAGTTTGAAAAATTCTGTTACATTAATATCACGGGAAGGGGAGTCAATTTTATTGACTACGAGTATTACTTCTTTGCCTATGGCTTTTTTTCTTAAAAGTTTTGCTATTTCTGAATCCAAAGGATGTAAGCCGGTTTTTCCATCAACAAGAAACAAAAAAATATCTGCCTCATTAATTGCTTGTTTAACCTGATTTTGAATATGTTTGTCAAAAAGTTTGTCGGATTCAGGCACAAAACCGCCAGTATCAACCAATAAAAATTTCTTCCCCTGCCAATCTACCTCAGCATAATTTCTATCTCTTGTTACACCACTTTTGTGATGAACAATTGCTATTCTTTTTCCAATTATCCTATTGAATAAAGTTGATTTCCCGACATTAGGTCTACCAACAATTGCAACGATATTCTTCATAATCTAATTGTAAATATAAGTAATTATCATCTATATTCAATGAATTAAGTTTTCTTTGTGCTAATATAAATATTGGGTCGGTATATGTTTTGAGTAATTCATTTATACGGGAGTTAGTTATTTTAAGTTTCAAGGATTTTATTTAATAGTATGACGAATAAAAACGGGAAGAAATAAATTAAGCTATTTCAGGTTTTTGAAATCCGATTATTTGTCTAGGTTATTAAAAATTAATGGAAAAAGCATTATGTAACAAATAGGTGCAATATACAATAAACTGTAATAATATTTTTTCATTAGAGATAACAATTTTTTAATAGTGTAATTTCCTAATTTTTATTAATTATCTAAGTCTGATGTTAAAAAAGAAACATTTTGAAAAATTTATTTACAATTATTTAACAATTACATAACAATTATTAAATGATATATATGAAATTTTACAAAAAATTAAAGATTTATTAAAAATTCAGAAACAAAATTAAAAGAACTTTGTATGAAAAAAACAAAAACAACTTTTTTTTATTTTATTTTTTTATTGATGATTATTACGGGTTCAGCATTACCACAAGAACAAAAGGAGGGATTTAAACCATCTGGTAAAGTCTGGGGAATGGTGTTTGGAGATATTTATTACAAAGCTGCGGGAGATACTACCGGGAGTTTTGTTGGAGAATATACAAAAACAGATGTGTACAAAAACGCATTTGATTTCAGAAGAATATATCTCGGATTTAATTATGAAATTAGCGAAAAGTTTTCAAGTGAGTTTATTGCAGCATTTGAAGGTACTGATTATCTGCCAAATGGAAAGCGTTCCTTATACGTAAAAATTGCAAATATAAAATGGAAAGATATATATCCAAATGCAACATTAGTTTTAGGGCAATTATCAACTCCTACATTTAGTTATACATCAGAAAAATTGTATGGATATAGATGGCTTGAAAAAACAATTCTTGATATGAAAGGCATTGCTTCTTCTCATGATTTTGGTTTAGCGATATTAGGAAAGTTTGATCAAGAAGGGAAATACGGATATAACCTGATGATTGGAAATGGTAGAGGTGCTTTGGTTGAAAACAACAAATTTAAGAAGTACTATGCCGGACTATATGGATACTTTTGGGATAAAAAAATATTAGCCGATGTATATTCTGATTATGAAGATATAAACTCAAATAAGAATAAAACAACATTAAAAAGTTTTATTGGTTTTCAAACCCCCGAGGTGAGAATAGGGTTCGAAATTTTTAATCAACTGTATAGGCGATTTTATAGTGACGGCTCCAATAAGAGTACATTTGGGTTTTCAATTTTTTCCGCTGCAACATTAATTGAAAATAAGATTTATGCTTTTGGAAGATTTGATTATGTTGATCCGGATTTAAATCATTCTGATTTAGGATATAAAGAAAATTTTCTTATAGTGGGAGCTGATTTTGTGTTTGATAAAAATATACATTTTATGCCTAATTTATGGGTTAATATATATAAAGATAAATCAGCAGCAAATGTTGAAAGAAAAGCGGATATTGTACCTAGATTAACATTTTACTATTTATATAAATAAAAAAACAAAAAAATGAAAAAAATTACATTCACACTTGTTATCATTCTCACAGGTCTGATTATCTTTTCTTGTGGGAAAAAAAGCGGAGATAAATCCGTTCAATTAAATGGAGCAGGGGCAACCTTTCCTTATCCTCTGTATTCTAAATGGTTTGATGAATATTCAAAAATTCACAAAGA
CP054675.1_gap32	1914026	1915953	1927	GAAGTTATCCCTGGAAACAATTATTAATTGCAAGAGCAATCGAAAATCAATCTTATGTAATTGGGGTTAATAGAGTAGGAAATGATAATAATAACATATATCATTCAGGAGATTCTTCTCTGATTGCACCAGATGGGAAAGTAATTTTTACTGTATCCCAAAAGGAAACTGTTAAAACATTAGAAATAAACAAAAAAGACTTAATTACTTTTAGAAAAAGATATCCTTTCCTTAAAGATAGAGAGTACGAGTATTTGTAATTAATTTAAAAAACTTTACAAATAACATTAACATTATTTATAAATCATAACACTTTTGATAAGTATTTTTTCCCTAAATATCAGCCATTTTCTTTAAGAAATTTTTTACAAAGTTTATTTGAATCTGAATAGTTAATTAACTTTAAATTTAAGTAATAAATTTGCATTTTCACTAAATTTAATATATATGATAGGGAAACTATTACAACCAGAAATAAAAGAACTGATAGAAAAAAGAGATTGGAATATTTTAAAAGAGGTAATAATAGATTTTCACCCTTCAGAAATAGCAGATATTATTGAAAACATTGATGATAAAGACAGAGCACTTTTGTTTAGATTTTTACCAAAAGACCTTGCTGCAGATGCTTTTGAATATCTAAATTACGATGTACAAAAATCACTCCTGAAATCATTTACTGATAAAGAGATTTCTCAGGTTCTCAATGAAATGTCTCCTGATGATAGAACAGAATTACTTGAAGATTTACCTGGTCCATTAGTAAAAAAATTAATTAGATTATTAACACCAGAAGAAAGAAATATTGCTATTAGTCTCTTAGGATATCCTGAGCAATCTGTTGGTAGATTGATGACACCTGATTTTATTTCGGTTAAAACTGATTGGAAAATTTCTGAAGTACTGGAGCATATTAGAAAAATAGGGCGGGAGATTGAAAATATTGAAACTATATTTGTAACTGATAATGAAGGTAAATTAGTTGATGAGTTATCAATTAAGGAAATATTACTCTCAAATCCTGATACCAAAGTATCAGAAATATTAAAAGAAACCGTTATTAGTTTGCGAGTAACTGATGACCAGGAGAAAGCAGTGCAAATGTTTAGAGAATATGATTTATATGTTATTCCTGTTGTTAATGAAGATAATTATTTACTTGGAATTGTAACCGCAGATGATGTTATCGATGTTATCGAAGAAGAAGCAACAGAAGATGTTCAAAAATTTGGAGGTGTGGAGTCATTAGACTTACCTTATATTTCTACTCCCTTACCTAAAATGGTTAGAAAACGTGCTGTTTGGTTAGTAATTCTTTTTATCGGTGAAATGTTAACTGCTTCAGCGATGGCTTTTTTTGAACACGAAATTGCAAGAGCTGTTGTTTTAGCATTATTTATCCCTTTAATTATTTCAAGTGGTGGTAATTCAGGTTCACAAGCTGCAACTCTTGTCGTTAGGGCTTTAGCATTAGGCGAAATTACGATAAGAGATTGGTTTAAAATTGTAAGAAGAGAAATTTTTACTGGATTATCTCTTGGCGTGATTCTTGGTAGTATTGGGTTCTTAAGGATTGCAGTATGGCAAATGGTTGGTGATTTATATGGAGAACATTGGATGTTAATTGGAATCACAGTTGCTTTAGCTTTAATTGGAGTTGTTATGTGGGGAACACTTATGGGTTCAATACTACCTATTATTTTAAAATCTTTTAAGTTAGACCCGGCAACTTGTTCTGCTCCTTTTGTTGCAACCCTTGTTGATGTAACCGGTATTGTTATTTATTTTACTTTTGCGGGTATGATTTTAAAGGGGTACTTATTATAAATAATAGTTTGGTTTAAAATTCTATTATTTTATAAAATAGAATATTTTATTTTAACTTTTTTAAATTGCAAAAATTTTATAGGGAAGATAAATATAAACT
CP054675.1_gap33	1917839	1918765	926	TATAGATTCTATGTTAGCATTAGGATTAGTGCCCAAACTTGATTTTGATAGTGCTGTTAATTTTGAAGATTTCCAGAAATTACAGTCTCAGTTAATTCAAATGAGAACTCAGCTGTCTGTTGTACAAACACAACCCCAAATAAAGCTTGAGCAACCACAAATAATTAAACCTGAAGAGATTAAGAAAGAAGAAGAAGAAAAACCTTTGGAAGAGAAAAAAGTCCAGGCTGATGTTCAAATACAAAGTTCTTTTACTCAATACCTAACCTATACAATTAAAAATCCATACAACGGAACTTTGGTAATATCAGCTGATGGAAGAACACTTGCCAGTATTCCTCCAGGGGGCTCTGGTACATTTACGCTGGGAGGTGAAAAAAGTATAACATTTAGAGTAGGTGAATCTTCTGATACTAAACCTATACAGAAAAAACCACCGCCAGAAATTACTATGAAGCGAATGGCTCGTTCTGGTGAGGGTGTTTCTTTAAGGGAAATTCAAAATACAACTGGATATAGGATATATATTAAAGATATTGCTCCCGATCAATTAAAAGTTACATTTTCTGGTCCAGTCAGAGTTACTCAATCGGCTGCTGGAGTTTATGATGTTACATTGAACTTTTTGACTTCAAAATCTGCATTTGATGCCTGGACAGAAGGTAAAGATGAACCTTATTCAGTTGCATTCAATGTTACTGTCGTAGATGCTGCAGGAAATAAAATAACGCGTCAGGGTGTCTTTCAATTTTCTGAATGGTGATAAATTATTGTAATGGATTTATTAAATTTTTGTTATTAAATTTGATATCTTAAAAAATGACAAATTAATTATATTAAAATGAATAAAAAAAGATTAATTTTTAGCCTCATCCTTATTTTTTGTTCTATAATATTTTTACAGGTGAGTTATGTTTTTGCACAGG
CP054675.1_gap34	1934609	1935670	1061	TGCTCAATTTTCTTATTATGGAGTAAAGGACTTATCTCTCTCTTTAAGCTATTTTGTAAAACGTAGCAAACCGGAATCTTATTATACAATCAGGCCCGATAGTATTTTCAATCCTAAAGAATTATTAATAGATATCGATGAATTTGACAGTAAACTTACCGGAATAGATTTAGTTTACGACAAGAAGTATTTATCTTTTTTTAGTAAACTTTATTATGATATTAATTTAAAAAGATTTTATCGTTGTGAAGTAAATTTAAGTTATAATATTTTTAAAACTCTTAGATTAAATGTTGGTTATAATTATAGGGAACCGCAAATTAGTTATAATACAATATTTTGGGTATTTAATCACAAACAAACTCAGGAATTGGAAGGGGGGGTAGATTTTATCTTAAAAGAAAAATTTAATATTTATACAAGGATTTCTAATGTATTTTATAATAATGATAATTCATTAAAAATTTCTATTGGTTTTCTACATCCATCTTATGGAATATCTGTAATTAAACATACAGGGTATTCTGGTGAATCTGAAGGGATTTATGGTTATTTTAATTATGAAATAATTAATAAAAAATTATCATTAACGTCAGGACTTAACTTTTCAAGTTACAAGTTAGATAATTATCTAAACTCCAGAGAAACTGCTATAGCAGGAATAATAGGATTTGTTTATTGTCCAATAAATAAATTGAATTTAAATATGCAAGGTCAGTTTATCAAAAACAGAATTTATAAATTCGATACCAGGATTTTAGTCGGTATCAGTTATTGGCTTTTTACAAAGTTATAATATTTAAATCTAATGAGAATCTTGAAATATTATTCTGTTTTTATCGTTTGTTTAATAATTTATATATTGTTGTCTTCTTATTCTTTACACTTTAATATTGAGTATCAGAGAAATGATAACAGAGATATAATAAAATTTAATCACAGCATTCATATCAAAGAATTTAAAATAAAATGTATTACCTGTCATAGAAAAGCGAATAACTCTGAAAATGCCGATGATGCTCTAACTCCTGATAAACCATCCTGTGCTAAATGTCATGATG
CP054675.1_gap35	2094064	2097192	3128	TTCTGTATTATTAAAAAATAAAACTACTTTTACTTATATTAATTCCTATGTTTGTTTATATGCAAATAAGAAAAAAGAATTTCAAAAAATACTAAATGAAATTACTTATAGGTATCCTGATGGAATAGGTATTTATTGGGCATCCAGATTTTTGTATAAAACAGCTGGAATAAAGGAATATATGACTGGTACAGACTTGTATTTCAGAATTTTTAACGAATTCAATAAAAAGGGAGGTAAGTTTTTTATTTATGGCGGGGATAAAAATTCTAAACCTCTGTTATTAAAAAAAATACAGAAAGAATTTCCGAATTTATCTTTGGGAGGATATTTTGATAGAGATACCGTGTTCAATGAAGATATATTAAATCAAATGAATAACTCTGGGTCGGATATTTTATTTATTGGTTTGGGTACTCCTTTTCAGGAAGAATTCTTATATAAATTTTGTAATAATATTAATATACCTGTTATAATATGTGTTGGGAGCGGGATTGATTTCCTTGCAGGATATTTAAAAAGAGCTCCGGTATTTTTAAGAAATCTAAGATTAGAATGGCTTTACAGGTTTATTAACGAACCAAGAAGGTTATTTAAAAGATATTTTTTTGGTATTCCACTTTTTATATTTAAAGTTATAGTTCAAAAATTTAAATTATTATAAAAGACATTATTTTATGAAGAGAATTTTATTTATATCTCTTCTACATTTATTTATATCGGGAATTGTTTCTGCACAAAACTATAATTGGATTACACCTAATAAGGATTATCTGAAATTATATGTTATTTCTGATGGTATGCATCGGATTAATAAAGAAGATTTTATAAATGCCGGGATTAATCCCAACAATATTGATCCACGAACTGTGAAAGTATTATTTAAAGGGTCACAAATTCCAATTTATTTTTTTGGTGAAGAAGATGGGGTATTTAATGATAGTGACTATTTTGATTTTTATGGAGAAAGAAATTATGGTGGTCATTCCAATGTTTTTGTGGAAGTTGGTGGAAATATGATTGTCCATTATGTTGTCAACGAGTTTTATAACTTATATTCTGATACTAATATATATTGGATTGATTGGGGAGGGGATTTCGGATTGAGATATATTGATTATTCATATTCAACGAATATTTCCTATCCTAATGAATATTTTCTTCAGGAATTACATTTTGAAAGGGATTTAATTTATAGTTTGGGAGAAAAAAGAAATCCATCTGATTTTAGAAATTTTAATAATGAAAGGGTATCAGGAGAAGGTTGGTTCTGGCGTGATTTAACAAGGGGAAATATTATATCAGATACATTCAGAACTCCATTTTTAAATCAGATTGATTCATTAAGTTATATCAAATTATTCGCTTACCCGAATTCATATAATGATACTATATTTAATGAACACAGATTAATTTTTCGCGTAAATTCTTCTATTGTTGATACTATTAAAAGAGATAATTATAACAGGTTTGATACAATAATTGCTTTTCCCACTTCGCTATTATCTTCTACAAATCTTAATCAGATTAGTTTTACATATACAAACCCCTCTACATATATAGGAAGATTATTATTTGATATGTTTCATTTATATTATCCAAGGAAAATGGTGTTAGAGAATCGTTATTTAAAAATGAATTTATCCGGTGATGATACAACAACAAAAAAGTTTAGGATAAGTGGTGCAAGTAGCAATTTTCCGATTTATATTTATGATGTTAGAAATAATTTGAGAATTACAAATTTCAGCTTTTCTAATGATACAATTTATTTTTCAGGTAAGAGTAATGGTAAGTTTGAAATTGAAAACCAGATTATTAGCAGAAAGCCTTTTAGAATCAAGATTAAAAGGGTGCCGGATTTTATTTCTCAAATGAATGGGGTAGATTATTTAATAATTTACAATAAAATTTTTGAAAACCAGGCAGAACAATTAAGACTGCATAGAAATTCTTACAATCAATTCAGAACTTATAAAGCAGAAATTGAAGATGTATATGATGTGTTTAATTTTGGTTTAGAAAATCCGATAGCGATTAGAAATTTTATCAAGTATATCTATACTAATTGGCAACCTCCGAAGATAAGGTATTTATGCTTATTCGGAAGGGGTTCATTAGATCCAAAACATAATATTCAAAGTAGTGAATTTTATAAAAATTTTGTTCCTGTCTATGGCAATCCCCCGACCGATGGTTACTTTGTAAATTTCAATGATGGTTCCTATATGTATTATCATCAAGTTGCAGTAGGAAGACTTCCTGTATATACAATTCAGGAAGCTCAGAGTGTTGTTAATAAAATCATTGATTATGATAATACTTTACCATCAAAATGGGTTAAAAATTTTATTTTTATTACCGGAGGTCAAAATATTAGTGAACAGATTCAGTTTGCTAATCAATCAAATTCTTTTATAAATACTTACATTACACCATGTCCAATTGCTGGTATAAATACCAAAATATATAGAAATGATTCTGCAGGTTATATAACATTTAATTATCAGGATTCGATTAAAAATTCAATTAATTCTGGTGGATTAATTGTAAACTATATTGGGCATGCGGGCTCCAATGTTTGGGATAATGGTCTATCAGACCCATCTGAATTAAGTAATTCAGAAAAACTTCCCTATATTTTTAGTATGACTTGTTTTACAGGTAAGAATGCAGAAACAGAATTAAGAAGTTTCGGGGAAAAATTTATTACTATTCAAGGGAAGGGTGCTATTGGCTTTCTTGGCTCTACGGGGTGGAGTTTCTCTGGCTCTGGTAATACTTTTAATGGGTATTTATTTGAAGCATTAAGTTTAGATACATTAAGAAGTTTAGGAGAATTACTTAAATATGCTACTATAAAAATGAAAATTGATTCTTCAAGTTTCCCGGCTCGAAATACACTGAACTGCTACAGTTTATTAGGAGACCCGGCTACTGAATTGAAACTGATGAAGTATCCGGAATTTGATATACAAATAACTGACTTTTGGGCTTCAAATATTTATCCTTCTATAAAGGAACTAATTACATATAAAGTCTATCCTAAAAATTTAGGAGTATGTGCAGACTCTTGTAAAGTAAGATTTCAGATGTTTAAGAATAATGTAATAACTTATCAAAGGGAT
CP054675.1_gap36	2107268	2112096	4828	TTATAGGATTAGAAAAAAAATCGGGTATTTACCGGAAGATCACAGATTTCCTGATTATATGAACGCAAATGAAATAATGAGTTTCTTTGCTTTATTAAGTGGTCTAAAGAAAAACGACTTTGATAAGGTCATCAGAAAAAATCTTGAACTTGTGGATATGTATAACTATAGAGATATGAAAGTTAAAAAATATTCAAAGGGAATGTTACAAAGATTAGCTTTTGCTCAATCTTTTATTAATAATCCAGAGTTAATAATTTTAGATGAACCAACAGAAGGGGTTGACCCAATTGGAAGGAAAGCAATTAGAGATATTATTTTAGAACTTAAAAAAAATGGAGCTACAATTCTTTTAAATTCACACCTTTTAAGTGAAGTAGAACTTGTTTGCGATAAGGTTGCAATATTGAATAAAGGTGAATTAATAAAAGAAGGGGTTGTTGAGGATTTATTGACATCAGCTGATACTTTTAATATAATTTGTTCTGATATGAATGATGAAGTAATCAATCATTTACTTCTTCAGAACAAAGCCACTATTAAAAATAAAAATGAATTTTCAATAAAAATAAAAGATTATTCAGAATTAAATAATATAATAGATTTTCTCAGGAAAAACCGAATATTAATTCATTCAGTTTCGAAAGATAAGATTAGCCTTGAGAATATTTTTATAAACCTGTTAGAGAATTCTAATGTTAAAAACTAAAATGGAAACCCCTTTTTTCGCTTTAGTGTTTAATACTTTTAAAGAAGCATTTTCCAAAAAAGTTTTATTGATAATTTTTATATTTTTCTCACTAATTATTATATTAATCCCGATTATTATTAATCTCGATGCTGTTGAAGTTATTCCTTACATGCTGCAATCAGACCCATCATTCGATTATAACAAGTTTATAATGACGGTAGAATTAGCTTTTATATCTCAGATTCCATTGCTTATTGTTATGACAATCTTTATTGTTATGTCGTCTTCTTTCATTCCATCAATGTTACAGAAGGGTTATGTAGAATTTATATTAGCCAGGCCAGTTTCGAGAGCTACAATAATTTTAAGTAAGTTTGTTGCGGGAGTTTTAATTATTTTTTTCGCTATGTGCTATATTATTATTCCTGTCTGGCTGATTATATCTATAAAAACGGGGGTATGGCATTTTCAATTTTTATATTCAATACTTTGGTACACATTCATTTTTGCTTCGCTCTATCCTTTAATTATTCTTACCGGATTAATCACAAGAAGTAATACATTAACTTTAATTCTTAATTTAATAATATTTTTCCCATTCTCAGCAGTAATTTCGATTAAGGATACAATTTATAAATTTATATCAAATAAGATAATAATATTTATTATTGATTTTTTTTATTATTTATTTCCCAAACCATGGGATTTAAGGACTATGTGTGAAGCGACAATAAACGGAACATTTAATACAAGTAGCGGCATATTTTATTCTTATCAACCAATAATTACATCTGTTATTTTTATTATTACAATGTTATCAATTTCAATTTATTATTTTAGTAATAAAGATTTTTAATATGAAGTATTTAAAATTTCTTATTTATTTTTTGATAATATTTTTTATTTCTTGTAGTAAAACTCCATCTCCGGAAAGGTTACCGATAAGTATGAAGGATAATTTAAAGCTTCTGCAAAAAGATCCTCAATTCTTGATATATATGAATTTTAACAATATGCGTGTAACTGATTTCTGGAAAAGTTTTATCGGGGATTCAATTTTGAAAGCAGAAAGTGATTTTCAGAGCGCATTAAAAATTTTTAAAGATGTAACAGGAACTTCTATTTCTGATGGATTAAATGAATTCTATCTTGCTAATTCCTGGGAAGGGGAAAATACAATCGTTATTGTAGGAGCATTTGATAAGGAAAAAATAAATAATTATGTAAAAAACGATACTTCTTACACAATAATTTATTCCTCAAATAATATTCCGGTTTTTGTTAATAAAAATAACAATCTCTATTTCTTTTTACGGGATAACTCTACTATATGTGCAAGTAATTATATGAAAAGAATTGAATCTATTATGAGTTTGACTGATACATCAAAGAACACATTACTGGAGAATTCTGATTTTATGAGCGCTATAGAAAAAACGATCTATAAAAGTCAGTTAATGATGATTTCTAATCAAAAGACTTTTATACGTGGAATATTTCTTAATTTATTTAAACCAAAACTTTCAAGTGGATTGGAAGAATTAAAAACAGATTCAACAGGTAAATATTATATTGATTCGAATATTAAATATGAAGAAAATTATTTTGACAAACTTTATGAGAACATTAGTTCTTTTTCATTTTCTTCTAAGATGGAAACTGACCTGAAGGTTATTATTCAATTTGAATTTTTAAATGAAAATCAATCAGAAAACTTTACAAAAGTGCTGAACGGAATTATTACTATTTCAAAAGCACAGGCAGCTTCACAAAAAGAAGGAATGCAGGTGAACTCAATACTTGATAATATTGAAGTAATACAAAACAAAAATCAAAGTTTGATAATGATTTTGATTACCAAAAATAATATTAATGAATTCAGAAAAATTCAATTAATGGGTAAACCTGAATAAATTTATAATTTTAAAATATAATCTTAACCTAAAAATTCTTTCTTCCTATTGCTTTTTAAAGTAAGTGTTATAACTACCCCGACTAAAGATATTATTGCTGCTGCTAAGAATATATAGTTATAATTGTTTGTATTTCCTTCGTAATTCCGGAAATTACTCTCTATAAAAACAGAATAGAGAATTCCAAATAAGCATATACCAAGAGCGGAACCAGTTCTGATGATAGTTATCATAAAACCCGATACACTTCCCTTCGAGAATTGAGGGGCGAACCTCATAACTTCTTTCGTATTAACGGGGATTGAAAGACCAACTGATATTCCATATAATCCTAATAGTATTATAATTGTATTGATATTTGAATTTGAATTTAACAATGAGAATGAAATAAATGTAATAAAAGTTAGAATAATACCTGAAAATAATATATACCTGGAATTGATTTTGTCTGCTAAGTATCCGGAAATATAACCTGAAAATACCTGAGCAATTGAAGTTATTGTCATAAGAAAACCTACTGTGATTACTGAATAATTAAATATATTTTGTAAATAAAATGGAGAAATAAATATTATTCCGTTTGTATAAATATATATAATAAGAAAAATTAATAAATGTTTTGAAAGAGTAAAGTTTCTTAATAATCTTAGGTTTAAAAGCGGAAATGATATTTTTAATTCTCTATATATGAATAGTGGAAAGAATATTAAAAATAATAAAAGTGAAAATATTATTTTATATGAATGGAAGCCAGTTGTATTTACAATATTTAAAAAATATAATAACCCAAAGAGACCTAAAAATATTAGAAAAGAACCAAGTAAATCGAATTTATTTTCTCCTTGATTTTTAACTTCTTCGCGGGGAATAAAGAAAATTCCCAATATAAAAGTAGTAATGAATATTGGAATATTAACTAAAAAAATGGCTTTCCAGGAGAAGTTTTCAATCAGTAAACCACTTGTAAATCTACCGATTACTCCTCCTAAAGCAACAAAGGAATAATTAATTCCAAATATTTTTCCTGTAATTTCATCTTTAAAATATTTAGAGATTATCGCTGGAGTAAGGCCAAAAAGAATTGCACCCCCTATTGCTTGCAGAACTCTAAATAAGGTTAACTCAAAAAAACTTTGGGATAAACCACATAAAATAGAAGAAATTGAAAATATTAATATACCTAAGATATAAATATTTTTATAACCTTTTATATCTCCTATTCTTCCGAAAATCTGCAGAAAGCAGGTTACTATTAAAAAGTATAACCATACAATTCTTGATGTAATTTCTGGTGAAATGTTAAAGTATTGTGATATTGATGATAAAGAAATACTCGTTATATTAATATCGAAACCTAAAAAAAAGTGAACAAGACATACAACTGCAAGAATGCCGAAAATTTTTTTAATCATTCAATAATTTTATTTGTAATCATATTTTTTTAAAAACTTTTCAGCTAAAGTAACATCATCAAAACTTCCGATAAATAGGGGGGTTCTTTGATGTAGTGTATCGGGGATTATTTCAAGAATACGGTTCTTCCCATCTGATGCTTTTCCACCCGCTTGTTCAATTATAAAGCTTAAGGGATTCGCTTCGTATAATAAGCGTAATTTTCCTTTTTGATTTTTTATATCAGCTGGATAAATAAATATTCCACCATAGAGAAGGTTTCTATGAAAGTCAGCAACAAGAGAGCCTACATATCTTGATGTATAGGGTCTTCCTGTTTTCGGGTCATTTTGTTTTAGATAATCAATAAATTTTTGTGTTCCCTTTGACCATTTTTTATAATTCCCTTCATTAACAGAATATGTGGAAGATTTTCTTGGTATGCGCATATTTTCATAAGAGAGTAAAAACTCTCCTGCTGCCGGGTCTAATGTAAATCCGTGAACCCCTTTCCCTGCAGTATAAACTAAAATTGTACTTGAACCATAAACCACATATCCGGCTGCAACTTGATTTATTCCTGCTTGAATACAGTCTTTAAGTGTACCCGGCCCTTTTATCGATTTCCTTTTATAAATTGAGAATATTGTACCTATTGCAATATTTGCATCTATATTTGATGAACCATCAAGCGGGTCAAAATGACAAATGTATTTATTTTCTAAAACCTTAGCTTCATAAAGTGGTTCAACGGGAATAAAAAATTCTTCTTCTTCGGAACAAACAGCACAGGTATGTCCGCTGGTTTTCATTACATGAGTTAAAATTTCAT
CP054675.1_gap37	2118927	2122090	3163	TTTTCCCATTATTTAATGAGTATGTTCCCCAAATACTATATTGATTTTGAAAATAATCTGCCCATACACAAAAAGCTATACCTGTTGATGAATATTTAATTTCTGGATAAAACCCGATATGATTACTACTTAAATTATATGAATTAGACCAGTCATTTCCTTTATTAGTACTATATTTATAATTTATACTCCAATTATTTCCAGAGACGGAATTAAGCAAATTGGAATATACACAGTGAATCTTTTTTGAAAAGTCTGAGGTGATTGAAGGGTCATAAGAATAACTTGTATTGTTGTTATAAGTTATAATTTTAGGATAGTTATTCCAGGGTTCGCGATGGAACCATATATTCATATAATTGAAGAAGATAAAATTAATTAAATTCTGCCACACTAAATAACAATTTGTATCAACAATTGTACCTGATGGCGATTGTGGATAACCAGTTCCGAATGTTAGAATTTTTTCTTCTGAAAATGTTTTCCCAAAATCGTAACTTGTATTACTGGCTAACGAATAAAATTTTTGAGAAAATACATTAAGTTTATTTCCATAGTTTATAACAGTTGGTTTGCTACTGACTACTAACTGTGTGTCAATAAATTTTTCTTTTTCCCAGTAAGAACCATTATCAAAACTTCTTCGTGACTTTAATACCCATATAAAACTTGAATCTTTAGTAGAGATGTATCCTTCTGCACAAACAAAGAGGGAATCACTACCTTTTGAGATTATAATAGGATATAAAAATTCGCCATAATCATCTTCAAATAAAATCTTTTGGGGTGACCAATTTAAACCATCATTGGAACTATTTTTGTAAAGAATTTTAAATCTTCCTGAAGTGTTATCTGCATAGACGATATGTAATCCCAAATTATTTTTAGTTATTGACCCAACCTTTGAAATACCGGAAGAATTGCTAATGTTTATTTCATTTGAGGAATTGTCAGTTTCATTTTTCTTGTTATTTATATCTATAGCTTCTGTTAACATTTCATTTAGTATTGTTCCTTCTGCAAATGGAGTAGGAAATTGTAATAAATATCCAACAGTAGGGGCAATGTCTTCTTGTATTCTTAAATTTGGAATAACAGTGTTTGATTTTATATTAGGTCCTATGGCAAGAAATATAATATGTCTGCAACCATGACAGTAATCCCCGTGTTGTTGCCAGGCATAAGAATGCCTCCCATGGTCAGAAGTAACGATTAATGTTGTTTTATTTTTATAAATTGAATCATTTTGTATAAATTTCCATAATTTATAAACGAGTGAATCAACCTGCTTTATACTCCCGAAATAATAATTAGAATCAGCTGAATGTCCTGCTTCATCAACTTCTGCAAAAACAATATATATTAACACAGGATGATAATTTCTGAGAATGTCTAATGAAATGTTAAATGTATTTGTATCAAATTTTGAAGTTAGTGTAATCGTGGGTTCATAATCCTGACCGAATCCGGGATATAAACTGACAGGGTATTTCCAGATTGTGTTTTTCCCGCTAACAAAATGAACTTTATTCTTTTCTATACCTTTGTATTTTCTGATATATTCACCAATCGTAGGTTCTTTTGGTCTTAATAAGACAGGGATTTCATCATTATTCAATAGTAATTGTCTTACACCAGTAACTATTGTGGAATGTGCTGCATTGGTTACTGTAATATCTGAATTCATAAAATTCGTGTATATGGAACCCAATGGTCTTAAACTGTCCCATATATATGGTATATAAGTGTTACCTGCTTCAAACCCCTCGTTGTTTCTTAAACCATCAATATTTAAAATGATTATATATTCAGTTTGTAATGATTGTGAATATATAATACAGGAATTAAGAATTAAAAGTAAGATTAATAAGTAAAATTTGCCTTTCATTACCTTCTACATAGAAAACAAAAGCATTAAAGAAAGTATTATTTTACAAGTAACATTTTTTTCGACTCGGTATAATTACCAGCAACAATTTTATATAAGTAAATACCGCTTGCTAAATTGTCAGATGTAAAATTTATTTCATAACTTCCAGCATCCAGTTTTTTATTAACGAGACTCTTTATTTCTCTTCCTATTATATCATAAACTTTTAATGTTACAAATTCGCTTTTAGGAATGCTGAATTGTATCTTTGTACTGGGATTGAATGGATTTGGATAATTTTGTGACAATGAATAATCGCTGGCAATATTTGATTTATTCGATAATATGCTTAATGACCCTGATAATTCATATACACCTCTACCGTGAGTTCCGATTCTTAATTTACCTGAGACTTCATTATAGTCCAAATGAATTGCTACTGTATTTGGTAATCCCTGTGCTAATTCAATCCAATTAGCTCCGTAGTTTGAACTCATAAATACGCCTATATCCATTGCAACTAACATTATACTTGTTGCATAACCCGGATAATAAAACATACCATCATTTGTGGGAGAATCAGGTAAATCTCCGCTCACATTAAACCAGGACGCTCCTTTATTTGTAGTTTTGTAAATTTTTCCTGCACCAAAACCGGAAAATGTAACAATTGCAACATTTGAAGAATCAGGGTGAATGTTTATACTTGTAACTGTTCTTGATGGTGTTCCGCTCGTTACATTTGTAAATGTATATCCTCCATCTGTTGAACGATAAATAGTACTACCAACTGTTGCATACATAACATTTGGGTCTGATTTACTAATTGCCATTTCTCTTATTGTTCCACTTGTCCCTGTTGATATGGAAAACCAACTGGCTGCATTATTTGTTGTTTTAAATACAGCCTGTCTTGCGGTGTAAAAAATTCCGGCAGAATCAGGATGACTTAACAATGGTCCTACCCATGCACCACTCCCAGATAATCCATTTGTTGCACTCGAAAAACTAATACCACCATTTGTTGAGCGTCTAACTCCATTATTCTGAGTTTCACCAAGTATATATTGGTTATTTTGGGATTGAAAACATACATCACCACCATCGCCACCGAAAGCACCAGTCCAATTTATAGTACCAAATGTTTGCTGAGTTCCATTATCCTGTGTCCCACCAAGTAAATGCGTTGCGTTATTCGGCTCTGCGGCTATACGATAGAATTGTGTTAATGTTAAGGTAGAATTCAAATTTGTAAACGAAGTGCCTTTATCTGTTGAGACCCATACTCCACCA
CP054675.1_gap38	2123873	2128724	4851	TCATGTCCCCTTTATGATATTCATTTGGACCAAATACATTAAAGTATTTTAAGCCTACAATTTCTTTAAGATATCCTTCTCTCTTTGCCCACAGGTCGAACAAATGTTTTGAAAATCCATAAGCATTCATCGGTACTAATTTTTCGAGGGTATCTTCATTATCATTGTATCCGTTTCGACCATCACCGTAAGTAGCAGCAGAGGAAGCATATATAAACCTTACACCATTCTGACAGGCGTTTCTACATAATAACTTTGAGTATTCATAATTGTTTTTCAATAAATATCCCATATCTTTTTCTGTCGTTGCACTACATGCTCCCAGATGATATATTATTTCAATTTTATTTTTTTTAAAAAAACCGTTCTCGACCATATTTGCAAAGTCAGTCTTATCAAAAACGTCTCTGAATTTTAAATATATCAGGTTCTTATATTTAACATCTTTCTCAAAATGGTCAACTACTATTATATCTTCTTGCTGAAGTTTATTTAACTTCCATATTAATGCGCTACCAATAAATCCTGCTCCTCCTGTTACAATTATCATAGTTTTATCTCTTTTAAGGTTTTAAAATATTCTTTATCATTTAAAAAATTATTTACTTGCAGAAGCATTTCTTTTTGAGTAACTAAAAACAATTCTTTATGCGCATCTTCTAAAGTAAGCCACTTATATTCTGTGTGTTCATTAGAGATTTTCACATTCTCTTCTTTTGTTTCTGCAATAAATGTTGGAACAAGGTTAATTGTATCATTATGCAAAGTATAAAATTGACTTACTTTTGGAAATGCAAAACATCTCTCAATATTTAGACCGGTTTCCTCTCTTAATTCCCTTATTGCACATTCTGATGCAGTTTCATTTCCTTCAATTCTTCCTGTAACAATTTGCCATATTCCGGGATACACTGTTGTATAATTACTTCTTTTTAAAATGAGAAATTTTATTCCTCCCTTTGTCCTTCTATATACTATACATTCAATATATTTTGTCAATATTTGAGTCATTTTTTTATTACTCAATTTAATGGGCGTCATACCAGCTTTTACCTATTCCTATTTCTACTTCAATAGGAACATTTAATTCAATCGCATTCATCATATTGTCTCTTACTATTTCCTTTACTATTTCAATTTCCTCCTTTGCTACTTCTAAAACCAGCTCGTCATGTACCTGTAATAATAATTTAGATTTCAAGTTATTTTCTTTAAGTGAGTTAAATATTTTAACCATTGCGATTTTTATCATATCTGCGGCTGTACCCTGAATTGGCATATTTATTGCCGCTCTTTCATCTTCAGCTCGAACAGTGGCGTTTTGATTGTTAATTTGATTTAAATATCTTCTTCTTCCTGTAAGAGTCTGCACATAACCATTTTCCCTTGCGAATTTTTTTGTATTCTCAACATATTCTCTTACTTTTGGGTATTCGTTGAAATATCGGTCTATTATATCCTTTGCTTCTGAGTTTTTAATTTCAAGTCGATTTGCTAATCCAATTGCACCAATCCCGTACATTATCCCAAAATTTACTTCTTTTGCTTTCCTCCTCATCCCCGGCGTTATGTCCTTTTTTTCTTCTACCCCGAATATTCTTTTTGCTGTATCAGTATGTATATCAAGTCTTCTTCTGAATGCTCTAATCATATTCTCATCATTTGAAAAATGCGCCATTATCCTCAGTTCAATTTGAGAGTAATCTGCTGACATTATCATATAATCTTCTCTGCTAATGAATGCTTTTCTTATATTTCTTCCTGTTTCAGTTCTTACAGGTATATTCTGTAAATTTGGATTCATACTTGCTAATCTTCCTGTTGTTGTACCTGTTTGATTAAAAGATGTATGAACCCGTTTTGTACGGGGATTTATTGACTTTATTAATCCATCTATATATGTTGATTTGAGTTTTGTTAACCCTCTGTATTCAATTATTAAACCACATATTTCGTGCTGATATCTTAAATCTTCCAAAACGCTTATATCAGTAGAAAAGCCGGTTTTTGTTTTTTTGGTAGGTATCAGTTTTAATTCACCAAATAAAATCTCTGAAAGTTGTTGAGGTGAATTTATATTAAATTCTTTTCCCGCTGATTTATATATTTTTTCCTCATACTCTTTTATCATTCGGGTAATTTCCACATCTAAAGTCGATAGAACATTTGGATCTACTTTTACACCCTCATATTCCATCTCGCCAAGCACTTTTATCAATGGGAATTCTATATCCGTACAAAGTTTGTACAGATTAATTTTCTTTAATTCATATTTTATCTTATGATATAATTGTAAAGTAATATCTGCATCCTCTGCTGAGTATTCCGATACCTTCTCTATAGGAACTTCGCTCATAGATATTTGACTCTTGCCCTTTCCGATTAACTCTGAAATATGAATTGGCTCATAGTTTAGATATTTATAAGCAAGTGAATCCATATCGTTATTTCCATCTGGTTTCAATATATATGCCCCTACGAGTGTATCGAAAAATATATTATTAATTTCAACCCCGTAATTTTTCATTACTAAATAATCAAACTTAATATTCTGGCCTATCTTTTTAATCTCATTTGATTCGAGTAATGGTTTTATTAATCTTATTGCATAGTCAACTTCAACTCCATATCTTATCTCTTTTGCCTTTATATCTTCTCTCTTAAAAAGCCCGACTCCTTCAGGTTCTTCTTTTTCTTCCTTTTCAAGTATTGGAACATAGTATGCTTCATGCTCTTTAAATGATAATGAAAATCCAACGAGCTTTGCAGCCATAACATTAAGAGAATCTGTTTCTGTGTCAAACGCAAACAATGTCTGATTCTTTAATATTTCAATTAATTCTTTATATTCATTATGATTCTTTACCGTGTAATATTTGTGTGGAACATCCTTTATTCTTTTTACTGGTTCTATCGGTGGTGGTATTTCTACTTTTTCGGGTTCTATTTTTGTTGCTTTTATTGTAATTTTTATATCTTCTTCTTCTGGCTTTCGGGGCTTTTCTGTTTCACTTGATATTCCTAACTGTTTTGAAGCCTCAATTTTCTTTAGCAGTTCTTTAAATTCTAAATCATCAAAAATTCTTTTTATTTTTTGGAAATCTATCTTTCCGATTTTCAACTCATGAAAACTAAAGTCGAGTGGTACATTTGTATTTATTGTTACAAGTTTCTTTGAAAGAAATGCATCATCTTTATATTTTAAAAGAGTTTCTCTTAATTTTTCTTTAGTTACCTTTTCTATATTTGCATAAAGATTCTCGATTGAACCAAATTCCTGTATTATGGAAACAGCAGTTTTTTCTCCTACTCCTCTTACTCCCGGTATATTATCAGAAGCATCTCCCATCAATGCAAGTACATCTATAACTTTATCTGGGGTAACCCCTAATTTTTGTAGTACACCTTGTTTATCAATTATTTCTGCTTCAATAACCTTAGTACCGTATGAACTTCTTGTTGGTTTATATTGAAATGTTTTTTCTGTTATTAACTGCATAAAATCCTTGTCCGGCGTAACCATATAGCACAATGCATTTTCGCTTTCTGCTTTCTTACATATTGTTCCTATTACATCATCTGCTTCGTATCCATCTTTTTCAAGAAGACTTATATTAAAAGCTTTGATTATTTCCTTTATCTTTTCTATCTGCCACGGCATATCACTTGGTATTTCCTGCCTTTGAGCTTTGTATGAAGGGAACATATTGTGTCTGAAAGTAGGTTTTTCTGTATCAAAACATACTGCAAGATGTTCCGGTTTTTCCTCTTCTATTATCTTTAATAAAGTTGCCACAAAGCCATATATTGCGCTGGTGTTTTTTCCTGCTCTTGTTATTAATGGTCTCGATATCATCGCAAAATACGCCCTGTATATCATAGCCATCGCATCTATTAGAAATACTCTTTCAACCATAATCGTTATTTTTCTAAAAAGTTAAAAATTTATTTTATTATTACAATACTATAATTTTAGGTGTTTTCAGAAATATTCTTCATCAATATATTAAAAACATTATATAAAGTTTAAGGCATTTTGAAGTATGCTTATATAATTAATTTTTTCTGCTTTTTGCTTTCCTTTTCACTGATTTTATTGTGTAAAAAAGTTATCTTTATACTTAAATTATTTATTTTAGAATGGCTATTCTTATTACTGGTGGTGCTGGTTATATTGGTTCGCATACCGTTAAAGAATTATTAAAAACCAATAGGGAAATTGTAATTTTTGATAATTTATCGCGGGGACACCATGAAGCTATTCCTGTTGGTGTGAAGTTTGAAAAAATTGATATACTTAACAGGGATTTATTATTAAAAGCACTTATAAAGTATAAAATTGATTCTATAATTCATTTTGCTGCTTTTGCCTATGTTGAAGAATCTGTTCGTAATCCGGAACTATATTATAGAAATAATGTCAATGGTAGTTTTAATCTTATCAATTCTGCTGTTATTGCTGGTGTTAAAAGATTTATCTTCTCTTCTACGTGCTCCGTCTATGGAAATCCGAATAAAATCCCAATCAATGAAACTGCAGAAGTTAACCCCATTAATCCTTATGCTAAAACTAAATTATTAGTCGAAAATAAAATTAGAGAGGTTTCAGAAGTAACCGGTATGAAGTATGTAATATTAAGATATTTCAATGCTGCTGGCGATTCACCGGATGGTGAGATTGGTGAAAGTCATGACCCGGAACCTCATTTAATACCAAGAGTTATGTATTCTGCATTAGGCAAATTAAATAATTTGAAAATTTATGGCGATGATTATCCTACAAAAGATGGCACTTGTATCAGAGATTATATCCATGTCACAGATTTAGCAAATGCGCATCTGAAAGCTCTT
CP054675.1_gap39	2135844	2138369	2525	GCAAACTATTCCGCTTTCAAATTTACCTTTTAATGTGAACGGTGGTATCCAGGTTGAGACAATGGAATCTGCTGTTCCACCTGCAGAGTGGACTTTAATTAATATGGATTCAAATTATACCTTCTGGAGATATATTTATTCTGCTGTCAATGGTCCGTCATTCGGTGGTTCAAAAAGTATAAGAATTAACTGGTATGCATATGTAGAAAATGTCGGAACAGTTGATATTTTAAGATCAAAAGTTTATGATAATGTTAATTTAAATGACACAATAAAATTCGATTGGGCTTATGCAAGACGACCTGGCTATGATAATGATAAACTAATTGTAAAAGTTTCTACTAATGGCGGTGCAACATTTCCTTATATAATATTTAATAGACAGGGTTCAAATCTCGCTACTGCACCTGATAATTCTTCAAGTTTTGTACCAACTACAGGTCAGTGGGGAACTTTTGCGATAAGTCTTAATGCAGCTTTGACAGGTATTAAACCTATTTCTTCTGAAATACCATCAAAATTTGAACTTTATCAAAATTATCCAAATCCGTTCAATCCAACTACAACTATTAAATTTGCATTAGCAAAACCAAGTAAAGTATCAGTTATTGTATATGATTTAACTGGTAGAATAATTGACATTCTTATTAATCAACAGCTTGAGCCGGGGAACTATGAATACTTATTAAATGCTGAAAACTATTCAAGTGGAATTTATTTCTACAGACTAAATACAGATTACTTTACCGATACGAAGAAAATGGTTGTTTTGAAATAATATATATAAATTTAAATATATTGAAGAGCATAACTTTGTAAAGTTATGCTCTTTTTTTTTGTGTGTGTTTGAATTTAAGGGGTTTTCTCAATTTGAGACTTTATTTCTCATTTCAATTATGAAAAATTATTGAAAATCAATAATTTATGCAATAATGTAAAAAACATTTATGGTATGAAAATTGCATTATATTCTTTGCCTTAAAAATAAAAAAGGAGTAAAATGCGTAAAATTATCTTTCTTTTATTTGTAATTTGTGTAATAATTACAAATTTGTCCTATGCTCAAAGGTGGATAATGGCTGGATTAATTACAAACCCTGGCAATAATCCCTGTATTTCCGTAGTTGATGCAAATAATGTATGGATTGCAGGTGGTGCACCTGATACACCAAGAGTATATAGGACTACAAATGGGGGGCAAGAGTGGTTAGAAGTTAATACTTCTGGAATTACTAAACAAATTAATTGTATATATGCTTTATCTCCTGAAATAGTTTTTGTTGCTGAAGGTATTGTAAATAGCAATGCTAAATTATTAAAAACAACTGATAGTGGACAAACCTGGCAGACAGTATTACAAACCGGAGTTAATGGTGGAAATTTTTATGGCTTAGTTTTTTCCACTTTTAACCCTCTGGTGGGAGCAGCATTAGCGGATGTATTATATCTAACTACAGATGGGGGGCAAAATTGGATATCACAGGCGAATGTTGCTAACAGTGGTTGCGCGCTGAATTCTTTGATGCTTATTGATGAATATTTCTATGGTTTTGGATTGTCTTATGGTACTTCACGAGTTAGAATTACAACTAATGGGGGGATTAATTGGGTAAATCAAAACATTAACCTATCTGGAAATTATGTTTGCGGTTTAGCATTTAAGGATGATAAATTAATTGGTGTCTCTTCTACTTCAACATCAATGCCTAATATTTCCAGAACAACAAATGGTGGTAGTACCTGGACTCCAATGAATATAGGTGCCGGAATAATTGGTAAAACCTATATAAGATGGATACCTGGTACAAACATTGTTTATATTCTTGGTGAAAATGGTGCATTAAAAAGGAGTACAAATGCCGGATTAAACTGGTTAGACCTGGAAAATACAGGTGTTGATGGATTAACCCATCTCAGTTTTGTGAATATTAACAGCATTATTTATGGTTATGCAGTTTCAAAATATGGTTATGTTATAAAGTTAGCTGATAGTGTTCAGTATTTTCTTACGGGTGTTAATAATTCTGGAAATATTTGTAACGGGTATAAATTAATGCAGAATTATCCTAACCCATTCAATCCTGTTACCACTATTAGTTTTGAAATTCCAAAATCATCTTTTGTAAAACTGATTATTTATGATGCTATTGGTAGAGAGATTGAGGTTCTGGCAAATAGTTATTATCAATCAGGTAAACATCAATTAGCTTGGGATGCTTCTAATTTTAATAGTGGAATTTATTTCTACAGGTTGATTACTGATAATTTCAGTGATACACGGAAGATGATATTATTAAAATAATTGCTTTTCCTTGTTATTGAAGATAAGCATAATGATGATTCATTATGCTTATCTTTTTTTAAAATTCGCTTTAAAAATCATAAGTGAAATTACAATACCTACCTGTTTTATATTTCTGTTATTATTGAATTTTATTAAATGATTTTATATATTTACTTTAGTTAAAAATAATCTCTCTTGTCAATTCTATATGTCATTAAAAGCAACCGCTCTAACCAGTTCT
CP054675.1_gap40	2147877	2148693	816	CAGCTGCAAGTAATTGATATCGCTCCAGCCCTTGTTTTATTATATTTGCAATTGAGCCTTTCTGCTTATCACAAAGAGCAATTGCTTCTTCAATGTTGCCATCTCTAAGAGCAAGTTGAATATTTTTTAAGAAGGGTTCAATATTTCCTTTCCCTTTTGCTTTTGCAAGTGAAAGTCCCCTTTCTACTGCGTAAGTAATAACCATAAAACTTACAGTCAGTAAGAAAATAAGAACAGGACCGCCCTTATATGCGGCACCTAAAAGATTTGCAGGTGTATTTTTAGTTTCCGGGTCTTTAAAATATGCAGGATTCCCGAACCATAAGTAATATATCAATGCAGACACGATTAATGCAATGATAATTAGTACAGTTGAAAATAAACCGGATTTTTTCATTTGGTTTAACCTCCGATAGCTTTAATTATTAAATAAGTTAATTTTTATTTTGTGAAAAACTTCTGACTGCTTCATCTTGATTTGAATATGCGTCAAAAATTAAAGACAATTTTGTTATTACAAATAAATTTTCTAAGTTTTTACTTAACTGGCAAAGTACTATTTTACCTTCTCTTTTTGCATAATTAGCATGTGCAGATATAAGAACCCCAAGTGCTGTGCTGTTTAAATAAATAACATCACCAAGGTCTATTATCAGTTTTTTATTTCCTTCATCTGCATATTTTTTAATTGTATCTCTTAATTCATCTGTTTCATCCCCTCCGATAAAATTTCCTTTAGGTTCAATAATGACAATACCAGCCTCTTTAATTTCTGTGGTTTTTATTTTTGAAGCCATATAATTTTTTTATTAAAAT
CP054675.1_gap41	2244364	2248148	3784	ACCATAGGAAATATCATTCCATTTTCTGATATCAATTACTCTTACTCCGAAAGAGTCTGCTATTGATTCTAATGTTCTTGGCTTTCTGTATAATACTTCTATTTTTTTCTTGTTCTCTGTAATCCCGATTGACTTTACATCTTCCGGTGTGTAATCTTTAATTCTGTAATATCTTATTTGTTCTGTTTCAACAAAAAGTGAATTTTCATTTCCTGCAAACTCCGGAATTTGCATTCCGTTTGAATAAAATTCCTCACTGCTCTTATAATTTTTCAGGAAGGTTTTGAATGAACCTTTTGGTATTCTCATTTGATATGGAACATCATAATTCGGAATTACATCTGCTATCAATTCCGGATTTAAGTCTCTTATTGTTTCAACCTCTGTTTCGCAAAGCTCTGCTAAACGCTCAAGTGTTAAAGTACCTTTGAAATTAACCCTGTCGAATTCAATGGGCTTTGCGAATTCAATATTCGTAAAACCGTAATCAGATGGATTTCTGAATATAAATGAAATTGCAATTATTGAAGGTACATAACTTCTTGTTTCAGATGGTAAGTAACTTCTGATTTTCCAGTAATCCCTTGAACCTGCCTTATTAATAGCACTTGTTATTCTTCCTGCTCCTGCATTGTAAGCAGCAAATGCGAGATACCAGTCGCCAAAATCCCTGTATAAGTCTTTTAAATGTCTTGCAGCAGCATCAGAAGATTTTTCAAAATCTCTTCTGTCATCGCGGTAAGAATCAGCATATAAACCATAGGCAGCACCTGTTGCCGGCATAAACTGCCATAACCCAACCGCGCCTGCTCTTGATACTATGGTGGGGTTTAATCCTGATTCCTGGACTGATAAGAATACAAGGTCTTCGGGAACGCCGTAAAACCGAAGGATTTTTCTCATTGTAGGGAAAAATCGACCTGACCTGTAAATTGTTTTATCAATAAAACCTTTACCTCTTGAAGTCTGAGTAAAAAAATCAATCCATTCATTTACAGCATCATTTTTTTCGAAATTGATTTCCTGAATGCCGGGTATTATTTCATTATCAATGAATTTTGAACCTTCAATTATTTCTTCATACTCAATTGAAAGAAAATTTGTGAAATAAAATACATTGCTTGATGATTCAATATCCTTGTGAATTGTTAAATAATCGTAAGTAATATTCGTTGCAAGTTCTCTGTAATCTTTCTGCCACTCGCTATAGGATTTATCTTTCAGAAATTTTTCATCTGTTTTCCGAAGTATCTTTAACGCTTTTTCGAATTCGTTTTTAGATTTTTCTTCTTTCCCTTCATAGTTTAATTGAAGTGATTCTTTATAATGTTCCAAACTTTCTTCCAGATTTTCGTAGAAAGCAATGGAATCAGCTTTTCTTTTCTTTCTGAGTTTTTCCTCATCCGTTATTATAACTTCCTCTGGAGCAGAACAACTATACAGGAAAAATATATTTAGTGTTAAAACCCCGAAAACTATTATTAACAAAATTTTACTCAAAGCATATTTAGACATTGCGAAAAAAATAATTACCTTTAAAATATATAAGTTATTATATGTAATTTCAAGTTATTTATTAATTAAACTAAAAAAAGCCGCCTAAGTTTCACTTTACTTTAGACGGCTTTTTTATTTAAGTAATATGGAGGTTTTTCTAAATTACCTTGATATAATTTTGAATTTATATAAAGTTCCGGCTGAGTCAGGGTTTGTCCATAAATTTCTTGTATTAACTAAAGTTCTGATGTAATTATTTAAAATATTATTTTCTCCGTTAATATCAGATATAAATAATCTTCCATTGTCAGCAACTACTATTGTAATGAAGGATTCACCTTTAAGGTTTTTGTCTTCATATATCAGTGGTATTGGTTTTTCAAAAAGCGTTACCAATTCCTTATAGATTTGAATTCTTAAATTATCAGGATTTGGAATTTCAGTAGCATTTGATTTAGAGACTGAAATTGTTAGCACCAATATTAATATTAAAGATAATAATTTTAATGTTTTCATTTTCACTCCTTTTTTTTAAATTGAATGTTGTTTACTTATTTATACGAATGGAAATAAGTTTTGTTACAGTTAAGTTAATTTAAACAAATTTTTATGGAAAGATTTTACAAACTTTCTGTACCGAATGTTAAGGAGAAAATAAGAATAGATAAATATATTGCCCGTTTTATTGAAAATGTTTCCAGAACCAAAGTACAGAAAGCAATAAATCTCGGCTTTGTTACTGTTAATGGAAACTGTGTAAAATCAAATTATATTGTAAAACCTTTTGATGATATAGAAATTGAATTACCGGCTGCAGAAAAACAGGAAATATTGCCAGAAAATATTCCGCTCGATATTTTATATGAAGATGAATATCTGATAGTAATTAATAAACCTGCGGGTATGGTAACTCATCCTGCATATAAAAATTTCTCCGGTACTCTTGTTAATGCTTTAATGTTTTATTCACAAAAGAGTGGTGATAAACTATCTGATTTAAATGGATTTGAAAGGGCAGGAATTGTTCATAGACTTGATAAGGATACATCAGGAATCCTCGTTGTTGCAAAAGATGAAGTGACCCACAGATTGTTAGCTGACCAGTTTTATAACCATACAATAAATAGAGAATATACCGCTTTAGTCTGGGGTATATTGCATAAAAAGAATGACGTAATTTCTAAGCCTATTGGACGTGATAAAAGAGATAGGACAAAAATGGCTATAGTTAATGAAGAAGAAGGGAAATTAGCAATAACAGAATATAATGTAATTGAAGAATATGAATTTTTAAGTCTTGTTAAACTTAAACTCCGGACAGGCAGAACCCATCAGATTAGAGTTCATATGTCATCAATTGGACATCCTGTGTTTGGAGATGAAACCTATAATGGAAGGAAACCACATTCAGTCAATATGACTGTTAAAATAAAAGAGAAAATAAACCATCTATTAGAATTAATGCCAAGACAGGCGCTTCACGCATCATTACTCGGATTTGTTCATCCTAAAAGTAAGAGTTATATTGAATTTAAATCTGACTTGCCTGATGATATTAAAAATATTTTAAATATTATTAAATAGTTTCATCAATAATTTTTTTCATAATTATACCAACTTCCTTTGCTATATCCTTAACATCTTCCATATTAAATTTATTGATTAAAACTTCCGGGTCTTGCATAGTCAGATATACCTTTCCGTTCTCTGCATACAATATAATTTTACAGGGCATTAGAACGCCATATTCTTTATTTTTATTTATTATTGTGTTCGCAAATTTTGCATTGCAGATTTCAATAATTCTATATTCATCAATATTAAACCCTTTTTCTGCAAGGGTCTCTTTGACATTATGAATATGTAATATTCTGAAACCATTTGCAGAAATAACATTTTGCAGATCTGATAATGTCTGAAAAAAATCTTTGCTACTTTCCTTTTTATAATTCATATTATTTTATTTAATTTATTATTTAAACAAAAATTTGTATTTAATAATTCAATAAAATATAGGTAAATTTTTATTTAAATTTTACAAAGATTAATTTTAATATTTTATTAAATAAATGAATATTTAAATTAAAAAATTAATCATATTTTTATGTTTTTTGTGTTAACTTATATTTCTATATATGATTACGATAGTAAATCAATTGAGAGAATTATCTTACAACCTTTACTGGTCTTATAATAATGATTTCTTTGAAATTTTTGAAGAAATAAATAAAGACATTTGGAAGTGGAGTCAGAAAAATCCCGTAAAATTTCTTGCCTCTATTAATAA
CP054675.1_gap42	2249203	2254026	4823	TTGCAAAAGCTTCAGAAAAATTATTTATTAAACGCTTTGGTAAATATTGGTATAAAGATGAAAATATCTGGAACAGAATAAATGAAATTCCTGATGAAGAAATATGGCAAGCCAGAGTAAGAAACAGAAAAGAGTTAATATATTATGTTAGGGAAAGAATTTCAGATAAGTTGAAATTAGCTAAAGCATCTGAAGAGAGATTGGCAGAAGTAGAAAATTTACTTGATGAAAATGCTCTTACGATTGGTTTTGCGAGAAGATTTGCAACCTATAAACGAGGTACTCTGCTTTTCAATAACATTGATAGATTAAAGCAAATTATTTCAAATCCCAATTATAAAATTCAGTTTATCTTTTCCGGTAAAGCACATCCGAAAGATGAAGGGGGTAAAAATCTTATAGCAGAAATTGTATCATATTCTTATGACCCGATATTTAAAAACAAATTGATATTTATAGAAAATTATGATATCGATGTTGCAAAACAATTGGTATCAGGATGTGATTTATGGTTGAATAATCCACGAAGACCTCTTGAAGCATCGGGAACCAGCGGTATGAAAGTCGTAGCAAATTTCGGGCTTAATTTTAGTATTCTTGATGGGTGGTGGATTGAGGGATATAATGAAATTAATGGTTGGAAGATAGACAGTCCTGAAGAAGAAAATTTACCCGATTATGAGGTTGATAAATACGAGGCGGAAAGCTTATACAATACTCTTGAGAAAGATATTATACCACTATTTTACAAAAGAGATGAAAGAAACATTCCGATAGAATGGATACAAAAAATAAGGAATTCTGTATTAACACTTGCTCCGTATTTTAATACAGAACGAATGGTTAAAGAATACAACGAAAAATTCTATATGAGAGTAAAATAAAATTTTTAAATTAAATAAATTAATTATGGATAAAATTTTAATTATAGGAGCATCTGGACAAATTGGTTCAGACCTAACTATTGCATTAAGAGAAATTTTCGGAAATGAAAATGTTTTTGCCACTGATATTAAGCAACCCCCTCAGGATGTGTTAGAATCTGGTCCCTTTCAAATTCTTGATGTTATGAATGAAAATGCCCTGAATGATTTTGTAGTGAAAAACAAAATAACTCAGATTTATCATCTTGCAGCAGTGCTTTCAGGAAACGCAGAAAAATTGCCTTCGAAAGCATGGGAAATAAATATGAAGAGTCTGTTAAGTATTTTAAACCTTGCAAAAGAAGTTGGTGTTAAGAAAATTTTCTGGCCAAGTTCTATTGCTGTTTTTGGTAATACAACTCCTAAAATTCGTACACCTCAGTTGACTTATACCGAACCAAATACAGTATATGGTATTAGCAAACTTGCCGGTGAAAGATGGTGTGAATATTATTATAATAAGTATAATATTGATGTAAGAAGTATCAGGTATCCCGGTTTAATTAGTTATAAAACTGAAGCCGGTGGTGGCACAACGGATTATGCTGTTGAAATTTTTTATGAAGCGATTAAATTTCATAAATATGAATGTTTCCTTAAAGAAGATACTGTTTTACCTATGATGTTTATGCCGGATGCAATTGAGGGAACAATTAAATTAATGGAAGCTGATTCAAACAAACTTACTATTCGTTCAAGTTACAATATGGCTGCTATTAGTTTTTCACCAAAAGAAATTGCTGAGGAAATTAAAAAACATATTAATGACTTTACAATAACATATAATCCTGATTTCAGACAGAATATTGCGGAATCATGGCCACAAAGTATTGATGATAGTGTGGCTCGAAAAGATTGGGACTGGCAGCATAAATATTCATTACCTGATATGGTTCAGATAATGCTTAATGAAATAAGTAAAAAATTAGGAAAAAATTATTAATAATTTTTATAAACCAATATAAAATAAACTTTATATTGGTTATTAATTACTGAAATATATTTTTAGTTACTAAGTAATTTTATTGTTTATTATCAATAGTTTTAACTTTCAGGGTTATATTATCTCTTTCAATAATTTCAACAACTTCATCTTTCTCAATTTTTTCATCTGATATGGCATTCCAGAGAGTCCCGCGAAATTCTACTTTACCTGGAATACTTCCCGGTATAATTTCCTGCACTACTTTGGCTCTTTTCCCTTTAAAACTTTCCAATATTTCATCATCTGCATTTTCTAATGTTTTTACTTTCCCTTCAAAAATTTTCTTACCTTCTTTACGAAATAGTATTAAACTGATTAGTGAAGAGCCAAGAAAAACTGCAAGTTGGATATTTATATCTCTTACACCGAACAATGTTACTATACCTGTTATCCAGGCACCAACCCCAAAGAAGAAAATTACAAAACCGGGAATTGCAAGTTCTGCTAAAAAGAATATTATTCCAGCAATAAACCAAACGAGAGGACCGAAATTAACTTCCATATATGTATAATTATTTATTCTACTTTTTGTTCTTTTGATATTTGTGAAAATACCTTAGATACCATTGCTACTACTGAAGCAATGTTTGAAAGGTCTGCAGGAATAATCATAGTGTTATTTTTCATTGCAAGTTTTCCAAACTCATTCAAATATTGTTCTGCGATTCTCAGATTTACAGCATTAATTCCACCTTTTTCATTAATTGCAGATGCTATCTCTCTAATACCCCATGCAGTTGCTTTTGCAACTCTTTCTATTTCCGCAGCTCTACCTTCCGCTTCATTTATTCTTTTCATCTTTTCCCCTTCTGACCTTGCTATTGCTTCCTGTTTATCTCCTTCTGCTCTGTTTATCTTTGCTTGCTTTTCTCCTTCTGATTCAGCTATTAATGCCCTTTTCTCTCTTTCTGCACGCATCTGTTTCTCCATTGCGTCCTTAATACTTGTTGGGGGAGTTATATTCTTAATCTCATGTCTTGTTATTTTTATTCCCCACGGATCTGAAGCTTTATCTACCGCAGTAACAATCTCGCTATTAATCTTTTCTCTTTCTTCAAAAGTTTTATCAAGGTCAATTTTTCCTATTTCACTTCTCATTGTTGTTTGTGCAAGTTGTGTTGTTGCTATTATGTAATTACTTATTCCGTAAGACGCTTTTACAGGATCCACAACTTGTAAGTATAAAATCCCATCTACTTCAACCTGAATATTATCTTTAGTAATACAAATTTGAGGCGGAACATCAATAACCATTTCTTTCAAAGAATGCTTATAAGCAATCCTGTCAATAAAAGGAACAAGTATATGAAATCCTGCTTCGAGAGTGGCATGATACTTACCAAGTCTCTCCACAATATATACAGTTCTTTGGGGAACAACATACGCAGTTTTAAGTAGCAGGATAATAAAAAATAAGATTAGAAAAATAATAATTATTGTTGCTGCCATTGTGATATGTTTAAGTTTTTAAAATTTATATAATATATGAAAATATTTTTCCTTATAATATAAAGAAATTTATCGCAAATTACATTACAATAATTTTGTTCTTATCAGTTTTTTGCATTTAGCATAAGATATTTATTGGGGAAATTAAAATTTGTATTCAGGTATATTCTATGTTAAAATTTAGACTTTCTGGAACAAAAATTAATATTAAATTGTATAGAAAATGTAATTAAGAAAAAATATCTTTAAAAAAATCGTAAAATAATTTGATATTCATATTTGGTTTTGGACATACAACTGAAAAAGATACAGGAAAAATTCAGGAACGATATTGTCCTGTATGTAGGCAAAATGTATTTACTAAAATAATTGAAATTAAGAAATGGTTCACTTTTTTCTTTATTCCAATGATTCCTTACAGTAAATCTTTCTGGGAAGTATGTCCAAACTGTGGAAATCTTAATAGAATTAATTAAAAATTAATAAAAAAATTATGAGAATAAAAATTTTATTTCTGACCATTTTAACTTTGTTTTACGTTATTAGTTTTAATGCTTATGCTCAAAAATATAACAGACAAAAAGTTACTTTAAGTTCAGCAATTGCTCCGATAACAGTAAATCTTAAGTCTCTTTCAGTGCCAAGTCCAATAGTTGAAAGAGGTATTGAAGAGAATAAAGAAATGGGACCATTCAAATCACTCGAAGAATTTGAGATGGAACAAAAAAGACAAGTAATCCCGAAACAATTTTTTAACATTCATTTCTCTGATAAAGAGGAAATCTCATATTTATCTAATATTAATATAGTTTCTTCTTTTGTTGAAAATTCAAGGATAAAATTAACACTTGAGCCCGGAGATCCTTCTATCGCTGTTGGTAAATCTCATGTTGTATTATTGAATAATGATGGAATTTATATTTACTCAAAGCAGAATAATCAATTGGTTTATAAAAACAGTTTCAGAAATTTCTTTAACTCTGCAATGCCGATTTTTGACCCGATAATTATTTATGATGTTGATTATGAAAGATGGGTCTTTACAGTTGTTGCAAGGGATGATAATTATTTTCAATCTTTCATTTATATTGCTGTATCTCAATCTAATGATCCTACCAAAGATTGGTTCTATTATATTATCGATGGGGGACAGGATGGGATGATTAAATCTAAGTATTGGGCAGATAGACCCTATTTATCAATTTCAAGTGATATTAAAGATAAAAAGAAAGGTGCGGTAGTTATTACCTCAAATCAATATGATTTTTATTCCTGGTATTATCAGTATTGTAAAATAAGATTATTTAAGAAAGAGGATTTATATAGCGGTAATCCTTTAATTGAGTATTGGGACTTCTGGCGTTTTCAAAGTAATTTAACATCAGATATATTTAATTTAGCTCCTGCTACTCATTTGACTCCAACAAATAATGCAGAAATTTACTTTTTCCAGACAAATGCTAATG
CP054675.1_gap43	2295221	2297197	1976	AAATAAGAAGTATTAAAAATAAAGATATACGAGAAGTTCTAACCGTCATTTTAAGTAGAACAGCTCGTTCATGCAGGGCTACAACACATTCAGATCTTGCTACATTGAAAGAACCAATAACAACAACCTACTATTGTAAAAAACATGGTAAAATATGTAAACCATTATTTTCTATTAACAAATGGTGGGAATTCTATACAGAAGATACACTTAAACGGCTTAAAGAATTTGATAAATTAAGAACTAACACTTTTCATATCTGTTTGAATGGTGATAGCAGAAAAATTAATATTTATAAAGAGCTAAAAAACAAAAACAAAAAGTTTTTGGAGTTATTATCTCGAAATAAAATTAAAGGTATATTTTCAAGTCCACCATATGTTGGACTTATAGATTATCATGAACAACATGCTTATGCGTATGAAATTTTTGGTTTTGAGCGGAAAGATGAATTAGAAATAGGACCTTTATTTAAGGGGCAAGGAGAAGAACAAAGAAATTCCTATATTAACAGTATTGCGGAAGTTCTTGTAAATTGTAAGAGGTATCTTCAAAAAAATTACGATATCTTTTTAGTAGCAAATGATAAATTTAATCTATATCCTAAAATAGCTGATTTTGCAGGGATGAAAATAATTAAACAATTTAAAAGACCAGTTTTAAATAGAGTGGAAAAAGATAGAGGAACCCCATACTCTGAAATAATATTTCATCTAAAGGAGAAGTGAAAAGTGAGCCTTACAAGAGAACAATTAAGTATTATTAAAAATACAATTAAAAGAAGTCTCATGGAAAAATTAAGGAATTATAGACCGGAGACGAACAATATGCCGTTTCATTATAGGCTTCTTGGCCAAGATAGAATGGCTCTGTTTTCTTTTATTCATTCTTTAAATACAACATTTGGTACCTCTATCTTTGAACCAATTGCAGAAATTTTAGCAAGATTTAATTATCCCTTTGCTGAAAAACAATATGTCGTTGGGAACTCTATTAGCCAGGACGCCCTAAATGTGATACAAGATATTATTAACGAACTATCCACAACAGGAAATCCAAATAAAGTAAATGAGATTATAAGAATAAGAAATGTATGTCAAAGAGGTAATCAAAATAATTTAAGAACTGTAAAAGTAGATTTATGTATACATGACACTAATGGTAATATTTACTTTTTTGACATAAAAACGGCTAAACCCAATATAAGCAATTTCAAAGATTTTAAGAGAACTTTATTAGAATGGATTGCTATTTATTTATTTGAGCATCCAGAGGCAAATGTTCATTCATATATTGCTATTCCTTACAATCCTTATGAACCTAATCCTTATGAAAGATGGACATTAAGAGGTATGTTAGATTTAAATAATGAACTTATGGTGGCAGAAGAATTCTGGGATTTCCTTGGAGGTGAAGGCGTTTATTCAGAATTATTAGATTGTTTTGAAGAGGTAGGTATAGAGTTAAGACCCGAAATAGATGGTTATTTTTCAAGATTTAATTAACTTTTTATATAACTTATGTTTTTAACAAATATAAATATTCACTTCTCTAAAGTAAAAACCGTAAACTGATATCTAAAACAAAAAGTATATTTAAATTTCTTAAAAAAATATTATTGAAATTAATAATAACTATTCAAATTTTTAAAAAAATTAATGTGTAATTTTTCCATCTGGTTTATATAGGGAAAAATGGTTATGAATTCATTCAAAAAAAGAATTTATAATTGTTCTTTTGAATTGTTTTATTTAAACATTTAATTTTATGTGTAAACTTAAAATTTTATTTTAATTTTAAATTATAAACTTATATTCTTTGCAGTTTTACTTATTTTTAACAAAAGTAAGATTCTGATTAAATATATAAAATTTTCTATTGATTTAAATAAAAAAAATTAATAATTTACAGGTTTGATATGACTATGGGTAGGTAGCGAAGTGGTTAAACGCATCAGACTGTAAATCTGACGGCTT
CP054675.1_gap44	2403376	2403876	500	CATAATATTCCTGATTTTTTGTTTGCTGATATAAATCATCATTTTCAGTTGCTTCATTTTTTAATAAATAAGCTGAAATTGTTCCAGCGAGAGTAACTATTCCTGATGCCCCTATTTTCCAGAAATCCCGTTTTTTACTGAAGAAAATATTTTTATCTTTTATTACTTTTATATTTTCTTCTTTTACATTAATCCATTCTAAAAATTGACCAGCTTCTTCATTTGAAAAGCCAGAAAAAATGCATTCTATTCTAAGCTCCTGCGCTCTTTCTTTATTTTTAGGATTTTTATAAAAATCTTCAATTTACAATCTTACCGTTTCGTAGGTTTGAGTTCTGAGATAGTATCAAATAGCATCTAAGATTGTAGTTTTTCCAGAATCATTTGGTTTAATTAAAATATTAAGTTTTGGATTAAATTCTATTTCAAGTCCAGGTTCTCCGTAATTCTTAGAGCCAATGCATCTAAAATTAGTAATGTTTAGTTTTCTTAAATACATA
