gap_id	start	end	length	sequence
CP054189.1_gap1	1069	2744	1675	CGTCGTCGAGAGTTGGCGCCTGTAGCTCTCCATCTTCTGTTGGGCGAAGAACTGGCTCAGCGCCGGGAAGACCGCAATCGCCAGGGACTGCCCAAAAACACCGAGCGGGGCTTGCATGATTCGATTTGCGAGTTCGATGGCAGTGGCCGTTCCGTGCTCGAAGAACGAACTGAACGCCTGCATAATCATCCCGTAGACTCCCGGCAACGAAAGCCCAAACACGACCGGCGCCATGAGCCGGAACACTTTCTTGACCCCTGGGTGCCGGAGGTCGAGCGAGGGGCGAAACTCGGGCTGGACCTGGCGCATCGCCCAAAGCGGGATCAAGAAGCTGCCCACGACCGCCCCTGCGAGCGCCCCCCAAGACATCCCGTAGATCCCCGGAACCACGAAATGGGAGATCACGAGCGCCCCGAAGATGATCCCGATGTTGTATACGTTGGGGCCGAGCCCCGGCACCGCGAACCTTTGGTGAGCATAAAGCGCGCCGAACATCAGCCCGCCGATGAAAAAAGCGAACTGGGCAGGCAGCAGGATATGGCTCATGGAGACGATGTGCTCTCGAACGGCGTCGGCCTGGGGTCCGGGCGCGACCCACTGGCTCATCGGCGTCGTAAACACAAAGGCGAGCGCGATGAAAGCAGCCACGATGAGCGACATGGTCGTGGTCACGACGCTGAAGATGTGCCAAGCCTCCTTCTTTCGGTCGGTGTGAAGGTACTCGCTGAAAACGGGGATGAAGGCCGAACTGAGCGCCCCGCCCGCAATCAAGAAAAACAGCATGTCGGGAATCTGGAACGCCCACCGATAGGCGTCCGTCATCTCGGTCCGACCGAACGTCCACACCATGACTTGGTCGCGCACGATTCCCAAAACGCGGCTCAAGAACAGGCTGACGAACATGATCTGGCCGGCTCGCGAGACGTTCGGTACGACGGACGGTTCCGACATGGGCCGTACAGTAAACCCTACGGAAAGGGGACATCCTTACATACAGTTTTGTAGCTACGCTCTCAATGGCTACCAGTAAGATATAGGGGTGCTTAGGAGAGCTTGGGCAAAATCACCCCGAAAGAACAGGCCAGCCCTTCATGCCGGAACCGCGGCGGCGCTCGGTTCGGAGGACAGGCCAGAAACCTTGTCGGAAGGGGGTGGGCAAGGCGCACGGCCGCCCACGCCGCCACGGATTCCTCGATGGGCCTTGTGGAAAGACCCCCAGCTCCTCGCCTGGAATGCGTTCTTGCTCGCCGCTTCCCCGTACCTCACGTACCTGAGGGTACACAAGGTGCTGAAGAACAAACGATGGGACCCGTTTCTGCTCCGAAGGTGGACACTGGCGGGAGATGGCAACCCGGAACCCAACAAGCCCAACGTGCTTCTTGTTTGCGTCGCTCAAGGCGAGTTTCGGCTGGCCCGCGCGCTCGCGGAGTCGCTCGATATCGAGGAAGGCGAGGCCGGCGTCACCTATGTCGTGCGCGACCCCAGACTGCGGGCCCACATCGAAAGAGCGGAACCGAGCCTTCGCTGTGTGACCCTGCCGTTCGACTTCGCGACGCCGGTCACCAGGTTTCTCAGGCGGGAGCGACCTTCGCTCGTCGCCTTCATCGAGGGTTGCTCGTTCCCCAACCTGGTGGTGGGATCGAAGATCGCCGGAGCCAAAGTCGTCCTCGTCAAC
CP054189.1_gap2	3959	8173	4214	CGCAACTCTTCACACGATCTATCGAGCCTCCAGCGAGGGGAACGAGGACTGGGTTCAATTCGATGACTGGGGCTTAGTCAAGAAGGCCTTTGCCCCGTTTCCTGAGGGGATGTTACAATGATCACAATTCTATTGGCGGTAAGCCTCCTAGCCCAACAGCCGCTGAGCCAGCAAGACGCTCTCTCGTCGTTTCGAGTCAGATTCTCCGAAGGGCAAGAGAACTACGGCAAGGTGGACGTTCCCAAGGCCGCTTCCCTTGCCCACAGGCTCTGGGAGTTTGCAGCGTTCCCTGAGGACCAGAAGCGAAAGTACTGGGAAAACTACATGAGCGTGGCTCCACGGTTTTTCAGTCTCCGCTATCGCAATCGGGTGGGGCTGGCCTACTCGACTCCGACGGGCCGCCTCTTCGCCTGCGGCATTTCGCACCCCTCCGAAAACCGCGCCCCCAACCTCTCCGTCGACCAGTGCGTCGAGAAGGTCAGGGAGTACTACCGATTGGTCGGAGGAACGAACTCCCTCTCCCTGCAACGAGCGGAGATCGACCTCAGCATGGACAGGGAGACCTTCCTGTACGTCTACGTGTACTTCTCCTTCACAGCGCCGGGAACGGCCTACCGGTTCGCCTCAGGCATCGAGGCCATCGTCGACCGAACCTACGGCACGCCTGAGAACATGCAGATCGGGGAGATTCCACCCTACGATGCCCCCGCGAACGTGGTCTCCAAGGACGACGCCGTGGCGAACGCGATCGCGGCCGCTTCGAGCTACACCGGATGGAGCGTGCTCGAGGGCGCGTCCCAAGAGCCGATGTTCCACGTTCCCGACTACCTGGGGATGCCCAACCGGATGCAGGCCGTCCACAAGCGAAGGCTCTCCGAGGGAAAGGCGTGCCTGGTGTACGAGGTCACCGTCCACGATGCGAGCGTGGACCTCCCCACCGGCGACCGCCGAAGGCCGTTCGTGCAGGTGTACGTTGATGCGGAGACCGGCCAGCCGATAGGATTGCTTCCGGTCTACAAGCGGATCGGAGCGCCTTCCGAGGACCTTCCCCGCAGGGCCTTCGACTGGGACGGAACCTGGACCGTGGGCTCGACGACCGGGAAGATCCTCCCAAGCTCCAAGGAGCCGCCTTTCGCGCAGAAGCGGGTTCTTCTCGTCCGCGATAGCCAGCGTGTGCTCGCGAACTACGACCCCTATACAGGGCTCGTCTGGCTTATCTCCGGCGGCAAGGCGTTCGTCGGCGAGCCGGACGACCGATTGCGAATGGCCCTAGCCCTGGGCCGGCGCGCGGACGGCTTCGAAATGGACGCCCCTCAGCGGGCGAACAACTGACTCTGGGGGATGGGAGAAGGCAGGAGCGCGCTCTATGCGCCGAGCGTCCACACTTTCTGCAAGTCATCCACGAGATACCTTCGGTCTCGAAGCACCAAGTGAGGCCGCCGCAAGCAATGACGCCACCAGTAATCCGCCTCGAAAACCTGGTGCGGTTTGGGCGAGCCGCCGAACTTGACGATGCACGCGGATTCATACGCCCGCCTCGCCTTCCGGGGGGCGAACCTGTGCTGACGGAGCAGGTTCTTGTACGTTACGATGTCCGAAGTGGGAAAGAGCGAAACCAAGTTCAGCCGATCCGCGTTCTTCAGGCTTGCGTCGGCGTAGTCTTGGTCGCCGTTGAATCGCACGTCATACCGCTTTCCGACCGCGTAGTCCTCATAAATGCAAGCGAGCCCCGCGTCCCTCCTGACCCTCATGACGCAGGTGTTGATCGTGTCGTACTTCCAATCGTTGACGCACACGAGCGGCTCGCTCCGGGTGTCGGCGAACTCCCATATCGACCGCAGGTCCTTCGTGAGCAGCGACGAGAGGTCGATGTATAAGAACTCCTCGAACGGCCACCCACCGCCCCGAAACAGTTCGAGCTTCACTTGCGTCGGCCGCATGTCGTCTCGGTAGTAAGGCTGCCGCCCCACTACGAATTGCTCAACCGGGCTCTGGAACTTGCGCTCCTTCTCGGTGACGACGGAGAGCCGAAACGGTACGTCCGCAAACGAGTGGAGCATTCCGTATAAGCGATCGACATACGAGTCGTCGAAGGCGCTCCCCACAAGAACGCAGACGACCTCACGTCTCCTTTCTGGCTCTTCCCATCCCTCGCTGACGTTGTCTGATCCCATGCCTGAAACCCGCGACCTGAAGCTCGAAACCGCAGTCCCCAACGACCGATCGCCGAAGAATTGTAGCACTCAGAAGGGCCAGTCGCCCCAGCCTCAAGTCAGGCGCAAGCCTGGGCACTGCGAAAAGTCTGCGCTCGTAAGGTAAACAACGCCTATGCGTGTATTTCGGCACAGGGACTTTCGTCTGCTGTGGTCCGGCGCGCTGTTCTCCTTTGTCGGAAGCTGGGTACAGAACGTCGCCCAGAGCTGGCTGATCTACGAACTCACGCACAGCGAGGCGCTCCTTGGACTGGTGGCGTTTTGCCAGTCCGCTCCCGTTTCGCTGCTCGGGCCGATCGCGGGCGCCCTCGCCGACATGTTCGACAAGCGCAAGGTCCTTGTAGGGTGCCAACTGGGGTTTGCAGCGGGCGCGCTGTATCTTGCCGCAGCCGTTTACTGGGGATTCATCGAGTACTGGCACATCCTGATCGTGGCCACGTTTTCCGGGCTGATCGCCACTATCGAGCAACCGACCCGCCAAACGACGGTGAGCCGAGTCGTCCCTCAGGAAGAGCTACCCAGCGCCCTCCCGTTGCAGGCGCTGACCTTCAACCTCGCCCGCGTCGTTGGGCCCGCAATCGGCGGCATCCTCCTCGCTTCGTTCGGCGCGCAGCTCTGCTACCTCATCAACGGGCTCAGCTACACGGCGCTCATTCTGGCCGTGTTGGCGATTCGCTCCGACCTCTCGCCCTCCCAGCGCGAGCCGCAACCCGTCCTCGACCTTCTAACCGAGGGAGTGAAGTACGTTTTCTCTCACCCTCGCCTGAAGCTGCTGTTCTTAATGGAAACCATCGTCGCCGTGTTCGGCCTGCCCTATATCGCCCTCATGCCCGCGATCGCCAAAGATATGTTGGGGCTGGACGCGAGAGGACTCGGAATCTCGATGTCGATGATCGGACTGGGGGCCGTGACGAGCCTGTTCCTCCTGGCCCACTTCACCGGAGCGAAGCAGCGGCCCCTCATCGTTCGCTACGCGATGACCGCAATGGGGTTGGGAGTTCTCGCCCTCAGCTTCGCGACGAACCCGTGGCTCGGGTACCCCACCCTATTCCTTGTGGGAATGGCCGCCGTGGCCCAGTTCAACTCCACCAACGTGCTCTTCCAGGTTATCGCCCCCGAACGGTTGCGCGGCAGAGTGCTTTCGATGCACATTTGGGCGCTGGCCGGGTTCGGACCGATGGGAACCCTGCTCTTCGGTTACATCGCCAATCGGTTTTCGATTCCGCTTTCGCTTCAGATCGGAGGGGCGATCGTCGTTCTTGGAGCGATTTGGGGCTGGGCTAGCCAACCTGCCGCCGAGGGAGCCGAGGAGCTTTGAGACGGGCCCTTTTTCTCGACCGCGATGGCGTCCTGAACGTGGACATCGCCCCTTATGTGCCGGACTTAGCGAGCTTTGAAGTGTTTTCCTACACGGTCGAGGCGCTTCAGAAGTTTCACGAAGCGGGGTTCGAGTTCTACGTCGTCTCGAATCAGCAAGGCGTTTCGCTGGGAATCACGCCCGCCGAAGAACTTGAAAAGATGTCGCAACGCCTCCAAGAGATCGTCCGGCCGCATGGGTTTGAGTTTCGGAGGTTCTACTACGCAACCGACCTGGACGAAGCAGACCACCCCTGGCGCAAGCCGAAGCCAGGGATGATCCTTCAGGCCGTCGAGGACTTTGGGATCTCGCTCGAAGGGGCGCTTCTGATCGGCGATAAGTGGTCGGACATCGTTGCGGCCGAGGCGGCGGGCATCCCCGGCTATCTCCTGTATTCGGGCGTTTCTTCCTCACGCGCCGATTGGGAGGGAAAGTGCCATCCGGCAGGCGAGTTCTCGAATCTTCTGGAGGCTGCGCACGCGCTCGCTGTGGCGTGAGTTTCACCTTCAAAGGAAGCTCAGGCGGTACAATCCCCTCGATGGCGCGGCAAAAGACGGACGACTGGCTGGTCATCTCGGGCGGCACACTCGAAGTGGCGGCCAGAGGAGCAAAGGGCCGTATCAAGGTCGTCTCGCGGAAGTCGT
CP054189.1_gap3	93529	96037	2508	GCCATCCAAGTTGAATTGGTGGACAGTTGGGTTTTTGAGCATCTCTCGCCGCTACTCTGGGCACAACTCAAGCAACTGGAATCTTCAACAGGACGTGATGGACTTCTGGAGAAGAAGACGGCGCTCGAACGGAAACTTGCTGAACAACGTGAGCGCGAGTCCACCGAACTCGTGCGCCTGTCCACCGTTCTCGATTCGGTGCAACTGGCGGGAGTTGCCACGGAACTCCGGGAAGAGCGGATAGCGCTTGAAGCGAATCTGGCTGATGTCTCGAGGCAAATCGCCACTCCAAACCAGCCAGATGCGAGCGAACTGCTGGATCTTCGCGATCTGCCGCTCGCGAAGGCGAAGGAACTCATCCGTCGGTCACTGCTATGGCTCGCGATGACACATCGGGGTGTTGTGGCAATGACGACATGGGGCACGTATTGCGCTGCACCGTTCGTCGAAGCGCCGAAGGGCTACAAAACGCAAGAATCGAAGCGGCGCATCGCACCTGTCTGCCCCGTCGCTTCACTTGGGTGCGCCAGTTGGTTTGTGAATCCGGACGAGTTCGTTCGAGGGCAACGCGAATATCAGCCCGCGCGAATGCGTAACCTCGCGGACCACGAGGTTGTCCACACTCTTTGGCGCGAGGCAGCCTAGCCGCTTTTTCCTCATTTCTAGGCTCCTCGGCGATATCTCGCTGAGGAACCCACATGTTAGACAACGAAACCATATTCGAATCACTGGACCTCCTTGGTATCGCTAACGCGCTCCAGGAGAACCCCACGTCCGGCTTGCTTTGGATCGAGACGATCCAGGGCAAACCCCTTGTCTTCGTCATCACACCGTGGCGAGGCATGCTCTCGCCGATCCAGACCCAACACATACGGAGCCTTAACCCTGCTGGGTGCACTTTGATGATTTGGTCCGACGCCAAGAACGAGATGGAAATTGTCGAGATCGGGGTCATAGACCCGAACACTGCGTTGGACGTTGAATCAATCGGCGTTCGCTGACGACCTTCAGTTATCCCGAAACCACTCTAGCATCGCGAGGGTAATGCTGTCATCGGCGAAGCCAACGGCGTTGGGGTTTCGCAAGACCCGTAAGACCTTCCGGTCATACTCGATGGCGCGAAAGAAGAAGTTTCCCTGCAGTATTGCCGTCGCGTCAAAAAGAAGCTCTAAGACCGGAACTTCGCCCTGACATGCGACGGCACGCCAGAGAAAACGGGGCATCGATTGAGACAATATCTCCTGGGCATAAGCTCCTGTTATGAGTTGTGCGTCGAAGAGTTCCGATTTCAATTCAGAACCAGTTGTTAAGAACAAGTCCCATTCCAGCACGCCTGGCAGCGAAACGTACCCAAATCCGCTGAGGTTTCCGAGCAACGAGGCAAACTCCTTCATCCCTTTTAGGGCCTCCCTAAAGGTAATTCGCATTTTAGGATAAAGGGGAACGATTAAGGTTTCAGGAACCACAAATACGCTGCCAAGCTCTTCCGAATCTCCTGCCCAAGACGACTCCATAAAATAGGTCTTTCGGGATCTACGAAGCTCGTCGTCCCACTCATAGAACGAGCCACTGGCCGATAGAACAAGTCTTGAAAATGGGCCTACTTGGTCGTCATGCGCATAGAACTTGTCAATTCGTGTTGCTCTCCAATACATACTCGTATCCCCGAACGTGAGGACCGACTGATTGGACATGTGGTATCCAGTAAGAACGAGAGCATGACGCCCATCCCATCTGCCGCGATCGCGTTTTGCCTTTAGCCTATCCTGCGTGTCAACAAGGGATGCAACCATGACGACGGGCACTCCCGCTCGGAGGTAAGCGTACGCCTCGGCCTGCAGGTCCTCTCTTCTTGGAACCTCAGAAAAGTGCGGCTCTAGATTCATCTTTCGAATGGCGTCGCCCATCTGTTCCAAGGTAAGTCCATCCTTGGCGGGAAGAGTCCTAGATTGGAGGCCGTGGAGCGCCATCGCGTGTTTAGTGATCTCGACTGGGGTTGGCACGGGATGGCCAAATCGCGTTGCAGTGCCCTGAAAAGTCGACCAAAGGGCGGCCGTTGCGCAACGCGCGACCTCGGTATCCTGCTCCTGAAAGGCAAGAGAGCGAACCGTGAGGGAGACGCCGAAGAGACTCACATCATAGTTCCGCAACGCCGGGAAATGCCTTCCTGTTGACTCGGTTGGGTACGTACGCAGGCATGTCCGACCAATGAATGTTTGGGGTAAAGGCTTGACGACAACAAAGCCCAGGTATTGCTTCGAGTTCAATTTCGAACGAAGAAAAGAAGTTCGGTGCGACTGATTTGCCAGGAAGTTGTCGAGATCTTCCACGGCAAAGCTAGATTTAAAGAAATGAATCCGAACACAGTAGCGATCTGGAGGACGGAAGCACCGGCCGTAATAGCCTACGAAGTCTTCTAGGTAATCGCGATCGACATAGTGTTCTTCGACGACGATTGTTTTGGCTTTCAGTGCTCGGAAGTAGTCCCTAAAGTAAATGCTGTGGAAC
CP054189.1_gap4	107419	108903	1484	GATCCGGCTTGCGAGGTCGTACCCATATTGCCTGGCGTTTTCGCCAAGCTGGTTCTGCACCACTGCCAGCCGACCAACGGTGTCATAGATATTGGTGACGTAGCCGCCGTTGGCGTCCCTGGTCGAGACGAGCCTGCTTTGCGCGTCGAACGCGTAGGTGGTCCGGTACCCAAGCGCATCGATCGTCGCTTCGGGAAGATTACGGTTTGAGAAATATGCGCTCGTCGTCAGCTTGCCGTTCGCGTCCTGCACCACGGTCCGGTTGCCCGCTGGGTCATAGCTGTAGCTGGTCCGGTATCCAAGAGCGTCTTGGCTCGCCGAAAGCTGCCCCGCCGCGTCGAAGATTTGGGTCGTCCTGAACCCCAGCGGCGAAACCGAGGCGATCTGCCTTCCCACTTTGTCGAAGACGCTCGTGGCGAGGTTCCCTTGGGGGTCCATCCGCGCAACCAGGTCGCGGTTGTCGTACACGCTCGTCCAGACGTTGCCTCTCGGGTCCTGCACCCCGGTGAGCCGGTTTGAAAAGTCGTAGGTGTAGCTCGTCCTGAAGCCAAGGGCGTTCTCGTCCGCCACTTTGCGGTTTCCGGTGTAATGGACAGTCGTGAGGTTGCCCAGCGCGTCCATCATCCCCGACGGGCGGTTCATGTTGTCGAAGTTGTAGGTGGTGACAAAGCCGAGCGGATTCATCTCCGTCACCCGGCTCTTGAAGCGGTTGTAGGTGTAGCTGGTTCGCTCGTTCAATGGGTTTGCGACCGCGACGAGCATGCACGAATCCCACACGAAGGTCGTTCTGGCCCCATTGAGGTCCACCGAGGCGACGAGGTTGTCCCCTGCGTCGTACACCATCGATCTGGCGACCGAATCCCCCGGCTGCTGCACGCTCGTCCTTCGCCCCAACTCGTCATAGCCGTAGGTCACCACGCTGCCGTCGCTGTAGAGCGTGCTGGCAAGGTTCCCGAACCCGTCGTAGGCGTGGGTGGTGAAGAGCCCTCTGCCGTCTTGAGTGCTCAGGAGGCTTCCGTCCCCGTTCCAGGCGTAGGTGGTCCTTCTGCCCAAGGGGTCGATCCTCGCCGTCATCCTCCTGGAGCCGTCGTACGTGAAGCTCCAGATGCTGCCCAAGGCGTCCGTCATCGTCGTGAGGTTCAGGCTCGCATCATATTGGTACGTGGTCGCATAGCCCAGAGCGTCGAAGGCCACCAGCGGCTGCCCCGAGCCGTTGTAGCTCACGCTCGTCACCGTGCCGTAAGGCTCGATCCTCTTCGTCTGATATCCGTTGCTGTCGTAGGCGAAGCTCGTCGTGTACCCTTCCGGGTGGATGATCCTGTCGATTCCAAATCCGCCCGCGATGTAGGTGGTGATGGCACCGCTGGGGTCTTGGCGCTGGGAGCCGCTCCAGGTCATGGGGCCGCCGTAGGCGTACGTCCACACCCCCGAGCCTGCCGCCACGCTCGCCACCCGGTTTGCGCCGTCGTAAGCGTACGTCGTGG
CP054189.1_gap5	111041	115539	4498	CCACGGACCGCCTGAGCCCGTCGCCGTCAAAGCTGTAGGTGGTCTTGTCTCCGGATGGTTCGGTAACGACAGCGAGTTGGTCTTGCCCGTTGTAGGCGTAGCCGGTGGTGGAGTTCCCCGTGATCTCGCTCTCCAGGGCTCCGTAGCCAGTCCAGGCATAGGTAGTGAGACTCGCTCCTTCCACCATTGTGACCAAGCGGTCCGCCGCGTTGAAGGTGAAGGTCCTCGGGAAGTTTCCGCCTTCCCACATCGTCTTGAGGTTCCCAACCCCGTCGAGGGTGTAGGTGCAGACCTGCCCCGCCTTTTGCTGGCCGGTCAAGCGGTACAGATCGTCGTAGCTCCAGGTGATGGGGTTGCCGTCGAGGTTTCTCGTGAGGCGGTTGCCCACTGGGTCGTAGCCGTCCACGATGGTGCAAAGGGGAGTCGCTCCCGAATACTCGATCTGCGTCGTCAGTTGCCCCCGGTTGTCGAAGGCATACTTCCTCGTCGTGCCGTTGCCCAGCATCATGGTGGTGCGGCGGGAGTCCGCGTCGTAGGCCATGGTGTAAAGCGCGTTGCCCGGTTTCTGCGCGGTGGCGAGGCGGTTGAGAGAGTCGAACGCGAACGTGAAGAGCCCGGTAGCGACCAGGTTCAGGCTTGTGCGGTTTCCATTGGGGTCGTAACCATAGGCTTGGACGAATCCCGCCGCATCCGTCTGGCCGCTCTGCCTTCCGAGGGCGTCGAAGCTGTACGTGCTGGTGCCGCCCCAGTCGACCATCGTGGTCCTGCGTCCCACCCTGTCATAAGCGAACGTCGCGATCTTGCCGTCCGGGAACATGGTGGCGGTGTTCTGGCCCGCCGCGTCGAACGTATAGCTCCGCACCCGGTTTGCAGCGTCGGCCATCGTGACGATCCGGCTTGCGAGGTCGTACCCATATTGCCTGGCGTTTTCGCCAAGCTGGTTCTGCACCACTGCCAGCCGACCAACGGTGTCATAGATATTGGTGACGTAGCCGCCGTTGGCGTCCCTGGTCGAGACGAGCCTGCTTTGCGCGTCGAACGCGTAGGTGGTCCGGTACCCAAGCGCATCGATCGTCGCTTCGGGAAGATTACGGTTTGAGAAATATGCGCTCGTCGTCAGCTTGCCGTTCGCGTCCTGCACCACGGTCCGGTTGCCCGCTGGGTCATAGCTGTAGCTGGTCCGGTATCCAAGAGCGTCTTGGCTCGCCGAAAGCTGCCCCGCCGCGTCGAAGATTTGGGTCGTCCTGAACCCCAGCGGCGAAACCGAGGCGATCTGCCTTCCCACTTTGTCGAAGACGCTCGTGGCGAGGTTCCCTTGGGGGTCCATCCGCGCAACCAGGTCGCGGTTGTCGTACACGCTCGTCCAGACGTTGCCTCTCGGGTCCTGCACCCCGGTGAGCCGGTTTGAAAAGTCGTAGGTGTAGCTCGTCCTGAAGCCAAGGGCGTTCTCGTCCGCCACTTTGCGGTTTCCGGTGTAATGGACAGTCGTGAGGTTGCCCAGCGCGTCCATCATCCCCGACGGGCGGTTCATGTTGTCGAAGTTGTAGGTGGTGACAAAGCCGAGCGGATTCATCTCCGTCACCCGGCTCTTGAAGCGGTTGTAGGTGTAGCTGGTTCGCTCGTTCAATGGGTTTGCGACCGCGACGAGCATGCACGAATCCCACACGAAGGTCGTTCTGGCCCCATTGAGGTCCACCGAGGCGACGAGGTTGTCCCCTGCGTCGTACACCATCGATCTGGCGACCGAATCCCCCGGCTGCTGCACGCTCGTCCTTCGCCCCAACTCGTCATAGCCGTAGGTCACCACGCTGCCGTCGCTGTAGAGCGTGCTGGCAAGGTTCCCGAACCCGTCGTAGGCGTGGGTGGTGAAGAGCCCTCTGCCGTCTTGAGTGCTCAGGAGGCTTCCGTCCCCGTTCCAGGCGTAGGTGGTCCTTCTGCCCAAGGGGTCGATCCTCGCCGTCATCCTCCTGGAGCCGTCGTACGTGAAGCTCCAGATGCTGCCCAAGGCGTCCGTCATCGTCGTGAGGTTCAGGCTCGCATCATATTGGTACGTGGTCGCATAGCCCAGAGCGTCGAAGGCCACCAGCGGCTGCCCCGAGCCGTTGTAGCTCACGCTCGTCACCGTGCCGTAAGGCTCGATCCTCTTCGTCTGATATCCGTTGCTGTCGTAGGCGAAGCTCGTCGTGTACCCTTCCGGGTGGATGATCCTGTCGATTCCAAATCCGCCCGCGATGTAGGTGGTGATGGCACCGCTGGGGTCTTGGCGCTGGGAGCCGCTCCAGGTCATGGGGCCGCCGTAGGCGTACGTCCACACCCCCGAGCCTGCCGCCACGCTCGCCACCCGGTTTGCGCCGTCGTAAGCGTACGTCGTGGCAAACCCTCTCGGGTCTTCGATCCGGGTGAGCAGGTCCCCCGTGTAGGAGTTCTTCGTCGTGCAGCCAAGCGGAGTCGTCAGGGTCGTCAACTGCCGCGAGCCGTCGTACATCATCGTCCAGCGGCGGCCGCCCCAGTCCTCGATGTAGTCGAGCAGACTCGTAGGCGATCCTCCCGCCGTGTACGCGAAGGTGACCTTGCGGCCACCAGGCACCTCGATGTTTTTCAAGAGGTTCGTCTCGGGGCTCGTCCCGTAGGTGAAGGTGTGGCGGTTGCCGCTGGCGTCTTCCACCCTCCCGATCTGGTACCGCACCGGAGAGCCGCCCTGGTTCTTGTCGTACACCATCTTCTTCCCGTCGGGGAAGGTCTCGATGAAGGCGTCTAAGCTGGAGTTGTAGACGAGGCTCGTTCCCGCATACTGGGTGGACACCCCGCTGTACGTCGTCGTGAAACCGCTCGTGGACCCGGCCGTGAACTCGTACACCTTCTCATCGCCGCGCACCACCTGGGCCGAGTTGCCCGACTCCTCGTTCTTCAGCACGTAGCAGTTCGTCGAGAGCGAGCGCTTCTTGCCGTACGCCCCATTGGCGCTGGAGCGAGAGTTGTAGAAGAGGTTGATCTCAAGGTCGAAGCCCTTCGCCTTGAGCAAAATGTCCGGGTCCACAAGCAAAGCTCCCGACACCGGGTCGGGATGCGGAAAGTGGGGGTTGTGCAAAACTGGGTCCACCACCGAGCCATGACTCTGGGCCAACTGCCGCTGGGTCCCGCCCGCAGAAGGAGAACGGTCCCAAGGAGAAGGGGCGCTCGCGTCGAAACTGCGGACAGAGGCGGTGGTGGACATGGGGTTACATTTCGGCTAGGAGATGACAGGGCAGACCGGGGTTACCGCCATGTCTGCAGGCGCAGGGACGTAGGGTGGAATGACGGCGACACCCTCGCAGCAATCTGTGCACTCAATGGGCGAGTGCCCTACGTTTCCGCAGGTGCTTGTGAATGCGCTGGGATCGGACTGAATGTAGTACATCAATTGGTCTGGCCTTCCAGACCCTGCGAGCGGAGCCTTGTCAGGCCCTCCTCCACATCCGCACGACGACGGAACGGCAAATGGTTTGTTGCTACTCATTTCATATCCTCTGAAAAAGCTCTTTTGATGGCGTCGACGACAAGCGCAGGGCAATGGCCCTTGCCTTCAGGGAGCCCACCAAGAAGCAGGGCAATATCGCGAGCATCCATCGCCAGGGCTTGAGCGATCGACTTGCCCTTCAGAAACTCTGCCGCGAAACTGGCACAAGCCACCGCAGCCGGACAGCCGTAGGTCTCGTAAGAGCCTCGAACGATCGTTTGACCTTCGACCTCAAACCAAAGGAGCGCGTAAGGGCCGCCGCCGGGATCGCCCGCCTGACCGAAACGGTTGGCACCTTCAAGGGGACCCGTATTGCGCGGGTTCAGCGTGTGATCGAGAACTGCGGCGCTGAACACTCCCAGAAATCCCTCTAGATGATTATGATACGCCTATCTTTCCCAGAAAGTTCACCAATATCGAGAAGATTTCCCAAAAGCTCATCGGCCCTGAGTCAAGCCCGCATCTTGCATCCAGTCGGAACGCATCCTGTGCCAAGTCTCGCTTTGCCCATCGAATCTCTCGATATGGTCCAAACAGTCTTTTGCGGTCTTGAGATCGCCGAAGGCACGGGCCATAGAAAAGAGTTCGACCACGATTGCGAGATCTCCCGGCTTCATCGAGATCGCGGCACGTAAGTGCTCGCCTGCTTCGCGATAGTTTCCGAGGCGGGCCAGTGCCAAAGCGAGGTTGATGCGCAGCCCCGGGCCGAGAATGCCCAATTCGATGCTGGAGAAGTGGCCGGAGATGTCCTGCCCCATAACGGCGCGGTATGCCTCAACCGCTTCGGCGGGCCGGTCGGCGTCGGCGAGAAATTGGCCTTTCCGGTAGAGGAGTTCGGGATCGCCAGGGCATGCCTCAAGCCCAGCCAGAACTGTCTGCATTCCTTCCTCCTTCTTGCCCTGTAGGTTTTGGGACACCGCCAGCAGTGCGTACGCTTTCCTGAGGATCGTCTCCCCGGCCCTGCAACGATGGATGCTCCGCGAAAGGAAGTCCTCTGCCTCG
CP054189.1_gap6	160275	164038	3763	GCCACGCGATCTTCATTGCCTTCCTTGCGCCCCTAAAGAACTTCAAGGGGACGGCGAAACCCGGTTCGATGCAGGCATCGTTGGGACCAGAGATCGGGCTACTGCGAGCTAGGAGGACTTTCGCGTGCGCTTCTTGCCCGCAGCACCCATTTCGACGCCCACCGCGCCGTCGCCAAACACCGCTCGCACCTTCACCTTACGAGTCGGCTCTTGGCCCCGAATCGTTGTCCAGTTTGCCCGATCGAGCGCCCATTGCCACCCCACATCTGTCGGGGAGTAAACGAACTCCACGCCCTCTTCGATGATGGAGGAGAGCGTCTTGCGAAGATCGTCGCGTTTGCCCAGCCGCGAACTGCCGGCGTCGAAGTTCGGGGAGAGTTGGACCGTGACCGTCACGGTCTCCTCCTCTGCGGCCTTCGTCTTCTTGACGGGTTCGCCGGACTCTTCGATCTGTCCGAGTTCCACGCCGATGGCGGAGGTCAAATCGCCATAATCGTCGGGCCATCGGAACGACTTGCCGTCGTATTGCGCGAGCGCATGCCGTCCGGAAAGCACCAACGCCGATGCGAGAAGCCCAACGTCCGTCGGACTCATCTTGGGATAGGCTTTGCGAAGCTGGTCAACGGCGGTTTCGAGCTTGGTGAGGTGACAGGTAATCATGGAACGTCAGTCGAGAAAGCGTCGCTTGGCGCTGAACAATGCCCACTGCGCCATAATGGGGCATTGTACCCTGAGTTCCAGTGAGGTGATTCGATGAGGCCGATTTCCATTCTTCAGTTTGCGTTGGCGTCGCTTGCGGCCGTGATGGTAGGTTGCGGCCCTGCCGGCGAGCCTTCGGACTCCGCCACCAACGGCAAGGACACCCCGAAGCTGTCGGTTGGACTCGTCTTTGACTCGGGCGGGCGGGGCGACAAGTCGTTCAATGATAGCGCGTGGGCGGGGCTCGAACGCGCGATCAATGAACTAGGGATCGAGCATCGCGTCGTCGAAAGCAAGAGCGAAAAGGATTACGATCAGAACCTCGCTGCGATGGCCGATCAGGGTTGTGACCTCGTGTTCGCAGTCGGACTGGGAATGGAGTCCGCGCTCAAGAAAGTGGCGGCGACCTATCCCAAGACCAAGTTCGCGATCGTCGACGGGCTGGTCGAAGCCGACAACGTTCGTTCTCTGCGGTTCAAGGAAGAAGAAGGCAGCTTCTTGGCGGGTTACCTCGCGGCCCTCATGAGCGAATCCGGGCGTTTGGGGTTCGTCGGAGGTAAGGAAATTCCGCTGATCAAGAAGTTCCATGCAGGCTTCGTCGCGGGGGCGAAGACCGCCCGCCCCGATGTCGTCGTGCTGCCCGAGAAATACACCGGCAGTTGGGACAACACCGACACCGGCAAGCTCGCGGCCAAGGCCCTCTTCGCCGATGGCGCAGATGTCGTCTACCACGCCGCGGGGAAAGCCGGGCTCGGTGTGTTCGCTGCCGCCGAAGAGGCCATGAAATACGCGATTGGGGTCGATAGCGACCAGGACTACCTCGCGCCGGGAGTCGTGCTGACGAGCATGGTCAAGCGCGTCGACGAGTCGGTGTTTCAAACGGTCAAGGACGTTCTCGACGGCAAGTTCGAATCGGGTGTAAAGGTGTATGACCTTGCCAGTGGGGGCGTCGGCCTGAGCGAGATGAAGCACACGAAGGACCAGGTCGGCGCAGAGCGGCTCGCGAAAGTCGAAGAGGTCTCCGCCAAGATCAAATCGGGAGAAATCAGCGTGCCGTCGACACCGGAGAAGCTGGCCGAGTTCCTGCAGAAGTCAAGCTAATCGCTCTCAGGAGAACAGGCCGGACAACTCGCAGGTTCTCCGCTGCATGCGGGTGCTTCGGGCTGCGCCGGCTGAGCTGAGGACGAATAGTCGTTGATGTGGAACCCGGACCCCTTGAACACGACTCCCGCAGGCTGGATGAGACGCTTGACCGTCCCTTCCGATCCGCAATCGCAGACGCTCAGCGGAGAGTCGGTGATGCGTTGCTCCGCCTCAAACACCTGCTGACAACTCGAACACTCGTATACGTACGTTGGCATCGTCGAATCCTCAAGACCCCTTTCCTCGGCCGCCCGGCAATGTGTCAGAATGTCGGCGAGCCGTTAGGTTCATTCTCGGCATAAGAAGATACCCCGTTCATGCTCGGCTCCCAAACCGTCGAATTCTCTGACCTCGGCAAAGTCGCGGTGCTTCTAGTGCTCGAAGCGCTTCTTTCGGCCGATAACGCGCTGATCCTCGCCATTATCGTCCGGCACTTGCCCAAGGAACAGCAGCGCAAGGCCCTCTTCTATGGATTGGGGGGCGCCTTCGTCCTCCGCATCGCCGCGATCGCGCTGGCGTTCATGATCCTCGACTTCTGGTGGCTCCAACTCATCGGAGCGCTTTATCTGATCTACCTCCCCGTCAAGCACTTTCGGACTCATGCCAGCGCGAAAAAGATCACCGGAAAGGCGGGGGCAGGCTTCTGGATGACGGTCATTTACGCGGACCTGGCCGACCTCGCGTTCGCGATCGACTCGGTGCTCGTCGCCGTCGCGGTCGTAAATGCCAAGGAGAAGGTATGGATCGTCTACGCGGGCGCGATCTTGGGGATTATCCTCCTTCGGTTTGCGGCGACTTGGTGCTTGCGCCTGCTCGACAAATATCCGATCCTCGATCACGTGGCGTATGCCTTGGTGGGTTGGGCGGGGATCAAGTTGCTGTTGGTCGGGGGGCACACGATGGAGCGCTGGTACGTCGCGCGCCATCCGGGAGAGAGTTTCCCCGTCCACATCCCCGAAATGCACCCCGCGATCTTCTGGGGCGGGCTGATTGTGATTGTGGTTGTCGGAGGCTTTCTCGCCTTTAGCCGGGCCGCCCAAGAAGAGGCCGACTCCAGCCTCGAAGTAGGGAACTCCGATTCGGAATCGGTTCCTGAAGAAGATAGCTCGAACAAGGAAAGCACTCCCACTTCCCCCTGACGCTCGACGTTCTTCCCCCCAGCAGGGCCTTCCTTCGTCGCCGCGCCCATTTCAACCTGTTTCTGTGCAGATTGCCTCGTGCCGGAAGGAGAGCAGGCCCGCTCTGCCGAAGGAAAAGCGTATGATCTGTGCGATTCTGCTGGCATCCATGACGGCAGTTCAGGCAAATGATATGAAGGAACTCCTGGGAGCAGTATCGTCGGCGCGATTGCGGGCCGGGGTCGAAAAGCTCGCCTCCTTCCCCACGCGCAATACCCTCTCACCCACACTGAGCGAGGCGGCGGAGTGGCTTGCGGGGGAATACCGCAAGATTCCCGGAATGCAGGTCGAAGTCATGAAGTACGTCGCCCCCAAGAGCAGACGAGTTCCGGACGACACCGAAGTCGTGCAGGTCGTCGCCACTTTGCCGGGTACGACGGACCGGCGCGTCCTTATAGGCGGCCACCTTGATTCCCTGAACTTGCGCGTCGATCCGAAGTCGGGGATTGCGCCCGGAGCCAATGACGACGCGAGCGGGACGATCCTCGCGCTCGAAGCGGCAAGGGTCCTTTCAACTCGCAAGTGGCGACACACGATGGTCTTCGTAGGCTTCACGGGCGAGGAACAAGGGCTTCTCGGCGCGACCGCGCTTGCGGCCCGTGCGAAGGCCGAAAACTGGCAGATCGACGCCGTGCTCAACAACGACACCGTAGGATCGAGCAGCAACCTGAACGGCCAGAGCGATCCCCACCGAGTCCGGGTCTTTAGCGAAGAAGCCGAGACCCACGCGAGCCGAGAGCTCG
CP054189.1_gap7	220643	224494	3851	GCTGAGAAGTGTTTTGGCTCCTCGCTGTTTGGTGTGGGTAGCGGGTCGTAGCTTTCCGTGCAGCAGGTAGCTCATGGCGATGAGGTTTTGAGGGTTGCTGTAGCCTCGCGCTTTGTTTTTGGCTGCCTGCAGAACGCTGTGGAGGCCTTCCAGGAATCCGTTGGAGATTCGGGTTTCGAACCACCTCAAGATCTTGTCCGCCGCATTGAAGAAGGTGACGGCGACCTCGACGACGGCGTGGATATCTGAGGCGAGGGCCATGCCGATCCACTCGTAGAATGCGGTCTGCGCCTGGCATCTGGGGACTTTGAAGAGTTCCTGGAAAGCCAGTCTGAGACCGTAGGCTTTTCCGGTGAGGGGAAAGGCGTTCTCTTCCAGAAGCTCTTGGAGGCTCAGCTTCTCTTTCTCTGAGAGGTTGGTTGGGTTCTTGAGCCAGAGCCAGCGGGTTCGTTTGAACTTCGTCGCCTTCTTGGTTTCGGCTTTTCTCGTTTCATCGACCGCCCTTGTCAGAAGGGCCACAAGGTGGTAGCGGTCGAGCGTCACGCTTGCTTGGGGGAAGGCCTGCGCGATGCCGCCAAGGAACGCCGGTCCCATGTCGCAGGTGAAGGCCTGCACCTTGGCGGGGTCCGCGCCTTTGGCCTTGAGGAACGCTTTGAACTCGAAAAGGGCAGAACCGCTTCTCCCCTGGCAGGCATACAGAACGCGCCGGGCATCCAAGTCCACGAAGACCGTGATGTAGTCGTGGCCGCGCCTTGCCGCCGTCTCGTCCACCCCGATCCTTGTCGGCTGGCCGATGCCCAGGGCGTCTCGGGTTCGCTTCACGTATTGATGGATGAGCCGCCAGAGCCGGGTGTCAGACAGTCTCAGGAGCCTGGCCGCCGGCGCCACAGGCATCTGGGAAACGAGCTCGATCGCATGCGCTTCAAAGTCCATCGTGAAGCCGCTGCCCGCATGGGCCCAGGGAACCTGAACCGTGGCCACCTTCCCGTCCTTGCCGATGACCCGAGGCACCCTGGCATGAATGAAGCACGGATACTTGAAGAAGTTTAGGTGCCGCCACTTCCGCTCGGAAGTGTCGTGAACCTCAAGCCCGCCAAACCTGGCCCCGCGTTCAAAGTCCACCTTGATGTGAACCTCACCGTCAATGAACTCGATGTCCACGATCTTCCAAGGGGGCGTTAGCCCAAGGCCAAGAGCAAATAACTCGGTCGGTTGCATCCCATCAGATTACGCCAACCCACACCAAACAGCGAGGAGCCAGTGTTTTTCGGCAACCCACTTCTGGCAAGCCTTCACTCCGCGAGCAGGCAGGCCCCTGCGCTGGGCGCCGCCCCCACTCCAATTGCCCTAACGCAGATATCCATTCGAGTCGCCTCCGCGGGCCTACATTTTCGAGCGCAGCTTTCGGGCTCGCTGGTTCCGTTTGACACGCTGGTTTATCGCGCCCCGATTCATGGCTCCCTCCCCCTGCCTGTTTCCCAGGCGCAGCCAGTCCGAGGAAGGGGCCGAACTGCACCCGACCGGGAATGAGAAACACGCGCTGGGGACGAACTCCGGCCAGATCGAGTGCGCCGATGCCATAATTGGGCTACCCGAGTTGGGTTGCCGCTGTTTCCCGCCACCGGGGACCCGATGCGGGGGAAAACGATTTTCAGTTGTTGAGGCTCTCACCTCTCAAACCCACAAACAGGAAGGCGAAATCATGAACTGGAAGGACCGAATGACTCGCGACGAACTCGATCGAATTCGAAGCGCGAAGGCCGAGCGTCTCGTCAGCCTTTACTTACCTACGGCCCGCGCTGGGCGGGAGACCCTCCAGGGGCCGATCTACCTCAAGAACCTCCTCACCCAAGCCGAGCAAGAGCTTTCTGAACTTGGCCTGAGGTGGAATGAGATCGAAGAAGTCCTCGGAGCGGCACGGGCTCTCTTGGACGACGACCACATCTGGGTCCACGCCTCCGACGGCTTTGCGATTTTCCTCTCGCCAGGACAGGCCGAGGGGTATCGACTCCCTGTCGGATTTGAAGAGAAGTGCGTCGTGGGCACGAGGTTTCATATCAAGCCGCTCTTGCCCTACTTTGCCAAAGACGGCGCGTTCTATGTTCTCACTCTCAGCGAAAACCTCGTTCAGATGTATCTGGCGACCCGTCACCAAATTCACACGCTCGAAGTCCCTGAGATGCCGACCAGCATGGCGGAGGCGCTCGCCGCACACGATCCGGAGTCGCAACTCCAGTTTCACACCTCCGCTGGGTCCGGCGGCGCAGGCGGGCGGGCGGCCATGTTTTTTGGCACGGGCGACGAGACCGGGATGAACAAGCAGAAGAAGGAGTTGCGGGAATACTTCGAGCGCGTCGATAGAGCCGTGACCCGATATGCCAACTCTGCGCCCCTTCCTCTGATCCTCGGAGGAGTCGACTACCTTTTGCCGATCTACCGCAAGACCAACGAATTCCCAGGGTTGATCGACCCTCAGTTCGAAGGCAACTACGACCGTTCGACCCCCGAGGAGGTTCTGGAAAAAGCCTGGGAGCAAATCGCTCCCGTGTTCGCTCAGAGTCGGAAGAACGCGGAGGCCAAGTTCGCCGAGTTGAACGGAACCGGGCTCGCGTCCGCCGCTCTCGATGAGGTCGTCGCGCGGAGCTTCGAAGGCAGGGTGGATACGTTGTTCGTGGCTCTCGACCGCGAAGTCGCCGGTGAGTTCGACACCGAACAGCACGCGGTTCAGTTGGGGGGCTCCGAGGACCTCACCGACCTCTGCGCCGTGCAGACCTTGTCGCAAGGCGGCGCGGTGTACGCCCTTCCTGCGGCGGAAATGCCTGGACGGGGCGAACTGGCCGCGATCTACCGGTACTAAGAGGCGATCACTGCGCGCCGTCCAGCCACCTGAGGAAGGGTGAGCGTCTGTACGCTTGGATGAGCTCGAAAACAGGCTCGTCGCCCCTCACCCATCTAAGCACCTGGTGCGCTAGCCGTCCGTCGTGATCGTCGATCCAGGCCTTCGGCCAGTCGATCCGGCTGTGCTTCAGCCCAGGCAAAAGCACCTCGCTTGGCAGCAGGCTCAAGACGAGCGGCGTCCCCTCTTTCGATGCCGTGCTCATAAGGTGCGCGTGCAGGTAAGCGACCGCTTGCTCGATCGAAGCTCCATCGGTGCAGGTCGCCTCCACCCCTGCCCAACGGTTGACCATCCGAGCCGACCGGGCGTTTGCGCAGTACACAACCCTTGTAAAGTCGCCCGCAAGTTCGTCCAACGAATCCGTCACGGCCAGAGCGTGCTCTGCTTTCGCGCACGTGAACACCGTTTGGGCAAGCCGGAACGCCAAGTCGACCTTCTCACTGTCAGGATCGAACAGCGTCAGGGTCATCGGCCGCTCGCCGAAGTAGCTACTCAGCGACGCCAACACAGGTACCGACACCGCCAGATGTCCCGCACCGATCAAAGCGACGTGTCCGTGCCCCATCTTTACTATGTGACGACCTGAAGCGAGCATCCATTCCTCTGGTAATATCCCTGCGCCCCCATGGAAGACCCGTTCGATCGCGTCGACCTTACGACGTCCTATCTGTCGATCGAGTTCGGCACAGGCGGTCGGATGCTCCGACTGTGGGCCGGAGACCCTGACCTGCCGGAAGAGGGCGAAGAGTTCCAATTCTCATTGAACCCGCTCACGTTCGGCGAGGAGGCATCGGATAGGTACCTCCCAGGCTCGATTCTGCTCGGGGCACGGTTGCGTCCCGACGAACCGTGGGTATTGGACCGGAATCAAAGCGCGACGCCGCACGAGGAACTCGACAACGCCCAAGTTGAGTTCGAGTACGAGTTCGGATTGCTGCCGGAACTCCGGGTGACA
CP054189.1_gap8	233341	234992	1651	TGCCTGCCAAAGCGAGGGCCGGAAACGAGGCGAAGCGCCCGACCCTGTCCGAACCTGCTTTCAACGCGATCGCGACCGGGTGCTCCACTCCAAATCGTTCCGACGGCTCAAGCACAAGACGCAGGTGTTCATCGACCCGCTAGGCGATCACTATCGAACCCGCCTCACCCACACGCTCGAAGTGGCGCAAATCGGCCGGACCATTGGCCGAGCCCTTCGGCTCAACGAGGACCTGATCGAATCCATCGCGCTCGCTCATGATGTCGGGCACTCGCCGTTCGGCCACGCGGGCGAATCGGCTCTCGACGAGGTCATTCGGGAGGTTCGCGCCCAGCGAAACGACCCCCAAGTTCCCGAAGGCTTCCGGCACTACGAGCAGTCGCTTCGCGTCGTCGACGTGCTGGAGAACCTGAATCTGACCCTCGAAACGCTGGCCGGGATCGCGGGGCACAGCAAAGGGAGGCTCGACCTCACGGATGCCGACGGGAATCCCACGTCGACGCTGGAGGCGGCGGTTGTGAGGATCGCCGATCGCGTCGCGTATCTCAACCATGACCTCGACGACGCTCTCCGGGCGGGAATGGTGACGGAGGCGCCGAGGGAGGTCAGATACCTCGGCGAAACGCACGGGCAGAGGGTCGGCGCGATGGTCGAAGACGTCGTCGAGAGCAGCTTGGACCGTCCGGTCATCCGCCTCTCTGCCCGGATGCTCGAAGCCACCAACTTCCTCAAGGAGTGGCTCTTTGAAAACGTCTACCACCAGTACCCGAAGCGATACAGCGACATCCCGAAAGCCAAGGCGCTCGTTCGGGAACTGTTCCTTTACTACTGCGAAACGGGCAACCTCCCGCCTGGATTCGAAGGAATTCAAGGTGCGATCGATTACGTTGCAGGTATGTCGGACCGGTACGCTCTGGATACCTACGCAGAACTCAAGCTGCCGACGGCTTTTCGCGGCCGAAACTTTCGCAACAGCTAATCGGCGTCTTCGTTTTGAGTGATTCTCAGGACCTCGTTCGCTAAGCTTTCGCCCACCAGATTCTCTTCGTCGACGATCCCGTCGACTCCGGTGTTTTCGAGGTCGGAGGCGTACAGGTTGTATCTCGCCCGGACGACGCAAGGCACCGAAGGCGCGACCCTGCGAACGGCGTGGGCCGCGATCACGGCGCTTTGGTGGTCGGAAAGCGCGACCACCACGCCGCAAGCGCCCTTCAGTCCGGCGTGTTCGAGTACGGTGTCGTTCGTCCCGTCGCCCACCACGAACCTAAGACCCGTGCCACGCCCGTCCCTTGCCAAACGCGGATTGACATCGAGCACTAGGACCGACGCGCCCGCTGCCTCGATCTTCCTTGCGGCCGCGCGCCCGGCTTCGCCGAAACCGATCACCACGAAATGATCCTTGATCTCTTCCAGGCGCTTGGTCGCCCGAATCTCCTCAGAAACGAACTTCCTAGGGGCCATAAGTCGCTTGGCGACCTTCCGCGAGAATGAAGGCGCGATCGCGACGAGGTAGGGGGTCGCAAGGAGCGTCAGGACGCTCGATGACACCAGCAACTGGGCGATCTCATCGGCAAGCAGGCCCTGGGATCTCCCCACCTGGATCAGCACGAAGCTTAGCTCCCCCACCTGTCCCAAGACGATCCCGGTGCTG
CP054189.1_gap9	239097	242342	3245	AACAGCGCGGCCAAGCTGCCAAAAACCCCCAACACCGCGACAGTCCCGGCCCAAAGGCCGACGATCCCCACCCTTCGGCCCCACGAAACCCAAGGCGCAAGAAACCAGCCGAAGACGGAAGCGAGAAACAGCGCGACCGAAACCCACACCAAAGTGGAACCGAGGGACCCGGTTTGCAGCGCCCAGCCCGGCGCGACAGGCAAATCTAGTGGGGGAACGTCCAACTTAACCTTGCTGTCCTTGATACTTGCTGGGGCACTTGATCAGCATTCGTTCCGCGTGAAATGCGCCCTCCTTCATTTCGCCGATCACCACGACTTGGCTTGCCTCGCCCATGTTTGCCGGAGGAGGGCCGTGGTAAACGACCGGCATGGAGTTCGCCTCTTCATCGAGGAGCGTAAACCGAACCTGGCGAACCTTCATGTCGCTGACGAGCGAAGCCTTGTCGATCTTCCCAACAACATGCAGGTTCTTGCCGCTCTTTGTGCCTGCCTCAGCGATCGTAACATAGGGGCTTGCGTTCATCAAGAACGCGGTGACCATCCCAGTGATTGCGAGAGCTCCCACAATCACGGAAACGATCAAACCGAGCTTGCTTCCAGTTGTTCGACTCATGAGTCTCTCCGGTTCGAATTGTAGCAGATGGAACCCAAAGGCGGCTGCCGGTGTTGGCGGATTGTGGAGGTTCCCGCAAGGAAAGCGAACTCAGGTGGCTGTCGGATACAATGGACGAATCATGCGGTTGCTGAAGGCGACGGGGATTGGGGTTTTGGCGCTTTCGTTGGGTGGCGCATTCTGGGCTGTGGCGCAGCGAGTGCCCACCGACGCCCCAGAGGCGACTCCATCCAAGCCCATCGACATGAACGACCCCGATTTCGGCAACCTCCATATGTCGAGCCGGTTGGGAAGCTTCAAAATGCGAACCTTCCGGGGGAGGTTTGAGATCTCCTTCAGCGGCACCGCTCTGCTCAGTCATTACGAGGGGGCGCCGCTCGTCGTCGAAGGCAACCTACAAAAGGAATACGACGCGAACAACAAGGTCGCCTATTTCGGTAGAGGAAAGATCGTGGGACTCGGGACTTTGCGGGCGCTGCAGTGGTTTGGGCGCGATCTCGAAGCCTCATGGCGCGGGACGGGCGTCGCGCAGCTTTACGGCGAGTTCGACGAGAAATTGGAAACCGGAAAGTACTGGTTCGACGACCCGACCGATCAGAGGCATTGGGGCACGTTCGGCATGACGGTCACGGTCCCCCGTGACGACGTTTACGGTTCCGGCACGCCCGTTCCCAGGAGCCGCGCCGGATCGGGCGGCGGCGGAACCTCGAACGCGCCGCAGTAGGATTTGCTCAAGAACACATTCATCCACATCCCCGGCGTCGGGAGGATCGCCGAAAGGGCGCTCTGGGAAAGCGGTTGTCTCGAATGGGGGCAGTATCTCGACAATCCCGGCCGGTTTTCGATCGGGACGGCCTCTCCATCAAAGGCGGTCGAGGTCCTCACAGAGAGCCAGAGGCACCTCGATTCCGGCACGCATCAGTACTTCCAACGGGCGCTGGGGCTTGCCGAGTCGTGGCGAGCCTTCCCGGACTTCCGCGACGATTGCGTCTATCTCGACATCGAGACCGACGGAGGGCAAGCGGGGGACAGCATCACGATGGTCGGGTTGTACGACGGCCTCGAGTTCCGGTGCCTCGTGCGCGACGAAGACCTTTCCCAGTTTCCCGACCTGATCTCACACTACAAGATGATCGTGACCTTCTTCGGCTCCGGCTTCGACCTTCCAATGTTGCAGCGGAAATTTCCCAGCGTCGAATTCGACCAAATCCACCTCGATCTCTGCCCGACTCTCAAGAAGCTCGGCCTGAGAGGAGGCCTCAAGAAGATCGAAGCGTCGCTCGGGCTGGCCCGTAGTGAAGACACCACCGGGCTCTCCGGCTGGGACGCCGTTAGGCTATGGAGGCAATACGAGCGAGGCAGCGACCGCGCTCTCGAAACGCTGATCGCCTATAACCGCGAAGATGTCGTGAACCTGGAGTTCCTCGCAGAACTGGCATACTCCCGGCTTCGAATTGCCACCCTGCCCGACGCCGCCCAACCCGCCGTTGAGTCGTAACGGCCCGCCCCAACGAGAGGAAATCGACAATTTGATTCGGTACACTTGGCAACTCGTGGATCATCGTGATACAGTGTTTGCACTACCTACCAAGGACGGAGGGTATTTGTGGACATCTTGAGAATTGAAGGCGGGCGGCCGTTACACGGGTCGCTCCGCGTGCCGGGAAGCAAGAACGCTTCTCTCGCCATCTTGTCATCGGTCGTGCTCGCGCAGGACCCGGTCGTGCTTCATAACGTCCCCAACGTACGCGACACCCGCGTGATGTCGGACCTTTTGGAGCTTTTCGGCGCGCGCGTCGAATGGAACGGAGATTCGATTTCCATCGACTGCAGCGAGATCCACCCCGCGAAGCTCGATCCTGAGGTCGCGCGGCAAATCCGAACCTCGTTCTATCTGTTGGGTCCCCTACTGGCGCGTTTGGGCCATGCGGCGATCCCAGCTCCCGGAGGCTGCCGCATTGGCGCTCGGCCCGTGGATTTTCACCTCAACGGTTTGGGGCGGCTGGGCGCAGTCATCGACCTGGACATGGGCGAGTACGTGGGACGAACCGACGGCTTGAAGGGCGCGGACCTCTACCTCGACTTCCCCAGCGCGGGGGCGACCCAACACTTGATGGCGACGGCGACGATGGCAGAGGGCGTCACCGTCATTCATAACGGAGCGATCGAACCCGAAGTCGTCGTGCTCGCCGAGTTCCTCAATAATCTTGGAGCGAGGATCGAAGGCGCGGGGACCGGCATCATCACCGTTACCGGCGTTTCCCGGCTTCATGGCCGGCCGTTTCACATCCCAAGTGACCGGCTGCAAGCGGGGACCTACATGCTCGCAGGGGCGATCACGAGAGGTGAGGTCACCGTCAACGGCATCCTTCCCGAATCCCAATCCGCTCTCACCAGCAAGCTCAAGGAATCCGGTGCGAAGGTGGTCGAAGGCAACGACTGGATCCGCGTGTCCTCCGACCGCAGACTCGACGCGATCAACGTCAAGACCATGCCCTACCCGGGGTTCCCGACTGACATGCAGCAGCCCATGGCCGCTGTGCTCACGTTGGCCGACGGAGTCAGCGTCGTCGAAGAGACCATTTACGAAAGCAGGATCGGGCACGTCCCCGAACTCAATCGAATGGGTG
CP054189.1_gap10	300187	305187	5000	GGCCGGTTCGGATGAGGCGGGCGCCCACCTTCTGACGAAATCGGCCGACTCGTGGACGCAGGGCGCCGACCTCAACCCGTTTTTCGAGAGGTACGACCACCCGCTTTGGAAGAAGGTCGCTGCTTTGCCTTCCAATCAGGGCGGGCACGGAGGGATGGACTTCGTGATGCTCTGGCGCATCATCTATTGTCTCCGCAATGGACTGCCCCTCGATCAGGATGTTTACGACGCCGCGGCTTGGACCTGCATCTCACCTCTCTCAGAGAAATCGGTGGCGAACCGGGGTCAAAGCATCGACATCCCCGACTTCACACGGGGGCAATGGGCCTCAGCGAAGCCGGTGGACTTGGGCACGTAACCCCACTCAGTCCCCATCCTGCTTGCTGGCGGGACGAGTACGAAGCGCCGCCCAAGTGCGGAGTTCTTCGATGTCCTCTCGCATCATCACACTGAGGGGCACGATCGACTTCGCCTCGGTCACCAGGTCGGCCATGGTGAGTTCGCGGTCGTCCGCAAACGCCAGGTGCAACGCGCCCACCACGACCTGCTCGATCTCCGCGCCGCTGTAACCGCGCGTGTGCTCGGCGAGCTTCGACAAATCAAACTGCGCGGGGTCCCGTTTGCGCTTCTTCAGATGGATTTGGAAAATCTGCCTTCTTTCCTCAGCGTCGGGAAGGTCGACGAAGAAAATCTCGTCGAACCTGCCTTTTCGTAGCATCTCCGGCGGCAACTTCGTAACGTCGTTGGCCGTGGAAATCAAGAACACGGGCCGGGTTTTCTCTTGCATCCAGGTGAGGAACGTCGAGAACACCCTTGCCGTAGTGCCGCTGTCGCTGACCCCGCTTCCCGCCATCCCGGAAAAACCCTTCTCCATCTCGTCCATCCACAAAATGCAGGGAGCGACGGATTCGGCGATACGAATCGCCCGGCGCATGTTTTCTTCGCTCTGGCCGACGAGGCTGCCAAAGATCCGCCCCACGTCCATTTTCAACATCGGCAGGCTCCAATGCGCGGCGACGGCTTTCGCCAAGAGCGACTTTCCGCAGCCCTGCACACCGAGAATCAGGATTCCTTTGGGAACGGGAATGCCGAACGCCTTGGCCTTTTCGGTGAAGCTCTTTCTTCGCACTTCGAGCCACTGCTTGAGGTACTCCATCCCTCCCACGTCCTTGAGGGTGTGCTCCGCAGGGTAGTACTCGAGCAGCCCCGACTTGCGGACGATCTGTTTCTTCTCTTCGAGCACAACCTCGACATCGAACTTCCGTTTCTCGACGAAACTGCGGGCGAAGACGTTCTCGATTTCGTCCAGAGTCAGCCCTTGAGCCGATTTGACGATCAGTTCGCGGTCGGCCTTCGTGAGCTTGGACTGCACCTTGGGGTCATCTTTCACCGCGGCGACGACCGAATCGAGACAATCCGAGATCTGCTGGGCGTTCGGCAGCCCGAATTCGACGACGGTCACGTCTTTTTCGAGTTCGACGGGCAAGCTCAGGATAGGTCCAACGAGGATCAGCGTCGTAGCCCTCCCGCGCAGCCGATGGGCGAGGTCGCGCAGTAAGCGCACGACTCGGTAGTCCTTCATGTAGGGGTGGAAGTCGCGCAAGGCGAACACCGAACCCTCAGGCGCCTCATGGACCAGCGCGAGCGCTTCGAGTTCTCCCGGCAGCGTGGTCGGGTTGGGAGGACCGCTGGTCCGATTGACGGGCGGCCTCATTCCCTGCGTTACCGACCAGGTATGGAGCTTCCTCTTGAGCTCGGAGCAAACCCCTTGGAGCGCCGTTTCAAGCCTCCGCTCTTCCCAGGTGGTCACATAGAGAATCGGGTATTTGGCCCGAATGAGGATTTCGATCTCGCGAACGGAGTCCATCTTTCCACGATGCTACCTCGGAGGATCGAAAAGACCCAGGAAGTGGGCTTCGCGCGGCAGGGGACTATGCAATTCTTGCCGAAAGAGATAGAATGATCGCGAATCGCCTTCCAAGCGGATGAACGCGAAGGCTCAGTGAGGTATCAAGGATATGATCATCATCGTTCCTCCCATTCCGGGCATCAACGCCCCTTCTCCTGCTCTGCTCGACGATCCCAAGTTCAAGCCGATTCTCGAGATTCGGCAGCGGCTGGAGCGCCGAGAAGACAAGGACTTCGACGAATCTGTTTCCGACGACCGGCGCGACTGGCTTTCGCGCGTGCGTTTCGGATTCGACTACACCGAAGGCGACAGCGTCATGAGGGTCCTTTGGCAGCGTCGCGACAACCGGTTCAAAGTCGGGAGCGGCCCCGAAACCGACACCGACAACGACGACCTTTTCGAGGGCTACCTGAAGCGGACCACCGATGCGAGCACCTTCCAGATCGGCCGGTTCCGACTGAGCAAGGGCGATCAGCGCTTGCTCGGCGAGTTCGATTGGGGCAATGGAGGCAGGTCGTGGGACGGCGTCCGTTTTCAAACGCAAGGCTGGGACCTGTTCGCTGGCAAGATCGCTGTCGACCCCACCAAGAACTGGCGGCGCTACTTAGGTGGCGTGGCCAAGACCTGGAGCCTCGGCGAGACTATGCTGGTTTACAAGAACGACCGAATGCCAACCCCGCAGACTTCGATCTACACGCTCGATCACCGTTGGTCGACGGCGATGGGCCGGTTTGGCGTGACGGCGGAAGGAGCCTTCCAATGGGGCCGATCCGGCGCCAAAGACGTCGAAGCTTGGTTCGCGCACGCCCAACTCAACAGTTGGATCAACGACCGCGTTCGATTCCGAGCCGAGGGCAACATCGCCTCGGGCGGCTCGCTCACAGGCTCGAAGGACCGAACGTTCGATCAGTTGTTCCCGACGAACCACTACAAGTACGGCACGCTGGACATGCAGGGCCTACAGAACATGACTCACGGCCAGGTCGGGCTGGACTTTCAGTTCTCCGATAGGTTCTCGGTGTCCGTCGACGCGCATACGTTCGAGCTGTTCGACGCCAAGGACGGGTGGTACGGAGCGGGCGGGGCGTTCAACACCTACGCGGGTGGCTCGTTCTTCGATCCCACCGGCGCGTCCGGTAGCCGGGTCGGCTCCGAGTACGACGTGATCGCGCGGTTCACGATCAGCAACAACATGACCCTGGAGGCGGGCGGAGGGATGTTCAAACCCGGCCCGTTCGTAAAGTCGTTCGGAGTCAGCGACGAGCAGTTCTGGGGCTACGTCATGGCTCGCTTCAGGATGTAGCGGCCGCCGATGTGGGGTGGAGCGAATCGAGGCTCCGCCCCACTCCTTCTGCGACCGCCTTGAGGGGACGAATCAAAGTTTCGAACTCTTCCAACGAAAGAGTCTGCGCTCCGTCCTTTTCTGAGTGGCTTGGCTCGGCATGGACCTCGATCAGCAGCCCATCGAGCCCCGCCCCGACCGCTGCCACGGACATCGCTCCCACTAAGTCTCTTCGACCCGTCGAATGGCTCGGATCGGCAAGAACCGGAAGCTGGGTCAGCAGTCGCGCGAGAGCCGCGCCTGCCAGGTCGAGCGTGTTACGCGTGCCGGATTCAAAGGTGCGAATACCCCGCTCGCAGAGCAGGATGTCCAGGTTCCCTTCGGTCGCGATGTACTCCGCAGCAAGGAGCCACTCATCGACTTTCGCGCCCGGCCCGCGTTTGAGGATTACGGGCTTGGCCTGCCGGCCGACCTCCTTGAGGAGTTCGAAGTTCTGCATATTCCTTGCGCCGATCTGCAGGCAGTCGGCATATTCGCCCACGAGGGGAACGTCCCGCACGTCGAGGACCTCGGTTACCGTCGCCACTCCGAACTCCCTTGCCACTGAGCGGAGGATTTCGAGCCCCCTCTTTCGAAGCCCCTGAAAGCCGTAAGGGGAGGTCGAGGGCTTGTACGCGCCGGCACGGACCGCCTTGACTCCCAGCGTCGCCAACTGGGAGATCGTCAAGGCAAGGCTCTCTTCGGACTCGATCGAGCAAGGGCCGGCGATCACCGTGAATTCGCGTCCCCCGCAGCCGATCTCGCCGATCGACACCTCGCGCCGCTGGCCTTCATAGTGGGGGGCCACCACTTCGTAGGGCCGCGCAGGTTCCGTCGCAGACTCAACGCCCGGCATCGCCCGAATCTGCCCCAAGACCCGCAGTCGCTGCGACCTGTCTGGACACGAGAAGATCAGGACGTGCCGGTCTCCGTCGTGGGCGGCCTGGGGTTGGAACCCTTCCAACCTGACTCGCTGGACGACGGCTTCCACCTCGGAAGGGCTTGCGCTCGGTCTCAGCACGACGATCAACGCGCACCCCCGAGAACGGCGCAGTCCTCGATCGCGGCGCAAAAGCGCTCCACCTCTTCGGGAGTGCCGACCGTGATCCGCATCGCGTTTGGACAGCCCAATCCCGCGCCGCCCCGCACATAGATGCTCTTCGCTTCCAGCGCCGAGACTAGGTCTGCGGTTGGCCGTCCGAAGTCGGCGAAGACGAAGTTCGCGTGAGAATCGCTCACCTGGCCTCCCAACCTGCGCACACATTCTTCGATGCGACGCATTCCGGAACGGTTGTTGGCGAGCGTTCGGTCGAGGAACTCGTGGTCTCGGAGCGCGGCAAGGCAGCCTGCCTGGGCGAGCGCGTTCACATTGAAGGGTTGCCGAGCGCGCTCGATCGCGTCGGCGAGGTCTCGTGGGAAGAACCCATACCCACACCTCGCCCCCGCCAAACCGTAGGCCTTGCTGAAGGTGCGGAGTCCTACGACGGGCCTCCCCTGACGGACGTAGTCCAAGCTGGTGGGGCTGTCGGCGTTGTCCCTAAGAAACTCAAAATACGCCTCGTCCAAAACGACCCAAACCGTGGCAGGTATGCGCTCGAGGAACCGGTCGAACTCGCCGCGCGTGACTACGGTGCCCGTGGGGTTATGGGGGTTCGCAAGGAACACGATCTTGGTTTGGGGACCGATCAACGCCGCCATCGCAGGCAGGTCATGCCGAAAGTCATCAGTGAGGGGCGCCTGCTTTAGGGTGGCGGGGACCACATGCGCCGT
CP054189.1_gap11	306690	307478	788	CGCATTCCGACTCCTGTACGCAGCCCCTCGAGGGCACAGAGGAGCCAGAAATGAAACTCGCAACACTCATCAACAACGCCAAATGCACAAGCTGCATGAAGAAGATCTCCATGATGCTGGCCGCGATGTCCGTCCTCGGACTAATCGTCGCGGCCCTCTATCAATCCAACCTTGAATCGAAGGCGGCGCTCACTCAGCGCATCAAGCCTTACGACTCGGCGACGGCCGAACTGCTCGGCGAAGTCGGCACCCCGATCGGCGACCCTCAACTCATGATCATTACTGACCCCAAAGCCTTCCTCTCCGGCAAGGGCGAGCAAGGCCAGCGGTTCGTAAACGACGAATACCTCAAGTCGAACGGAATCTATCCGCTCCAGGTCAAGACGGTTGCCTTCGTCGGTGGGATCGTCAAGCTCGGGCTGCTCGGAATGGCCGCCGTGATGTCGCTCGCAGCGTGGTTCTTTGGGAGGCGGGCGAAGTCGTGCGGCGCCGCTTGCGCCCCTCGCCCCAAGGAGGTCGGAGCCCAGCATTGCTGAGTCACTTCCAGCCTGGGCAGTTTGTTTGGGCGAAAGCCACCACATCTTGCCCGTACCGTCCGTGTTTCTGATCGACAAACTCGAGAAGATCGTCTTTGCTTACAGCAACCCCGATTACAAGGTTCGACTGAACGGCGACGAACTCATGAAGGCCGCACAAAAGGCGTTCCAGAGCGAGTAACTTGCAGATTCGCCGACGGCTGCGGATGTACGGTTGGCCTCCCTCTATATGACGATGGCGGTTCGTCCTCG
CP054189.1_gap12	315354	317400	2046	CAGAGCGCGAAGGTTGAACTCACCCGTGAGAAGTTCGATGAGATCACTTCGGACCTGCTTGAGCTTACCAAGAACACGACGGAGGAGGTCATTCGCAAACTTGGTGAAAACAACACCTTGCCCAATGGCTGGGAAGATATCGATGAAATACTACTCGTCGGCGGATCAACGCGGATGCCCCAAGTGGCAGAAATGCTCCGCGCCTTGACGGGAAAAGAACCAAAGGTTTTCGAGCAAGACAAAGCTGTTGCCCAAGGAGCTGCTATCTATGCAGTAGAACGGATCTTGAACAGTGAGCAGGGCTCTGTGTCGGACGCATCAATCGCGAATATTCCGGATATCGTGAAGGAGACCATTGCTCGGACCGAGATTCAACGAGTCTGCTCTTTCGCAATTGGCGTCATCGCGCTAAACCAGCAACGGCAGGAAGAGAATGACCTTCTCGTACCACGAAACTCGAAGCTACCTTTCTCTACGACCAAGAGATACTCGACTTCCTGTGACAACCAGATCGAGCTGCTTCTCGAAATCATGGAAGGCGACAGCAAGGATCGAAACCTGTGTATCAAGCTAGGCGAGGGCCGGATCACCGGAATACCACCAAACCTGCCGGAAGGGTCCCCAGTAGACGTCTCAATCGGACTGGATGACGAAAGCTTGATGGTCGTCAAAGCCCGAGAGCTCACTTATGGAAAGTCCGTGGAGTTTGTAGTCAAGCGCGCGACTGGCCTCACGGATGAGGAAGTACAAGATCACAGGTCCAGGCTCACGATGGAGGCAATCAGCTGAGGCCACATGAGCACTGACGGCCAAGATCACGCGGCGACTTTTCGCTCATATGAAAAGCACATTAAGGCGTGCTTCAAGTTTCTGCGCGAGAATTCCATTGTATCTTGCCAGACGCCGCCTGACATCTTCGCATTTTTGGGATTGGCACCGCCTGACAAGCCTACCGATGAACTGCTGTCTCGGCAAAAACACAATTTAGAAGATAAGCTGAGGAAACTCGCAAAGTCTCATTCGGAGAGCGTTAATACGGCAAGAACGGCGATGAACATTGCCGCAAGAATTCTTGGGGACCCGGACCTAATTCAAGAATATCTTCACTGGAGAACGAAGCCGCCGGAAGATACTGGCAAGGGAAAAGAGCCCGAACCTGAAGCGGGCCCCAGGAGTAGACGTTGGATCTATATCGCGATAGCGGGCGTAATCTGTGTTTCTCTTGCATTTGCGTCTCGCTTTATGTCAACAGATGACGCCAAACCTCAGCCTCCAGCCTGGGTAAGCAATGTCCGCCAGCTCCTAAATGACTCTCAGGAATCGGCTGTACAGGCAAAGAGCAATTACTTCAACTACGTAAGTGGCATCTTTAACAAGGAGCCTCGCGAGAAGCTCCAACTCATTCAAGCCGAAGGTCTTTCGCAGCTTGATCAATCAGAAAAGGGAGTCTTGAAGGCGCTGCAGATTGCTGACCGCCATCCAACTCAACGCGATTTGCTAACACCAGAGAACCTGGCGACGGCTCACGACATACTGGCGCGGTGCAAGGCACTCCGTGGCCAGTCCTATAGGAACGAACGGACTACTTTGGAGGCATTGATGCCGAGGTTGGATCCTGAAACCCAGAAGATGATAAGGAGCAACCTCAGTATGTACGATCGAATCGGCACTTCAGGCTATCCAGTATGGAGGGCACGGCAGTAATGATCTCATTCAAGAACTCCCTTCTTATCAGCGCAGGCATCGGTATTTGGTTTGGCGCAGTACACCATGGATCGGAGTTGAATATTGTAAGCCAGAGACCGGATCAGTTCGTTTTGCCCAACATCCCGAGCATGACGAATATAGCGGCAAAGAAACAGTCGAGGGCTTTGGTGAGGGCAACGAAGATCAAGCAGGGCCAGGATGCTCTTTGGGCAAAGGGCGCTGGACAAACGGTCGCGTCGGCAGGTACGAAAATTGGTCCAGTACCGGTTCGGAAGGACGTAGCTTTATATGTTGTTTTGCAGTTTGTCGACCCATCAGGCAAGCCCATAAACGGCACGG
CP054189.1_gap13	319129	322292	3163	AGAGGGTGTTGCGACCGGCGACGAGTTCCAGGTCTATAACGGGTCCGCCCCACTTGCCGCACGTACGTTGACCGGGCTCAAACAGGAGGCGATTCTCGCAAGGGTCATTGAAGTCAAGTCCGATGTTTCGACTTGTGAGCTCGTAGGCATTCGGTCAAGCGTCAACGACAAGCTTTATGAGCGGACGTCCGAAGACAAGCCGGCGTCAATCTCGTTCAGCCGGCGGGATAAGAGGCCCGCGGCGAGCCTAATCATCGATCCGTCGACCTGTCTCCCGGAAGTCAGGCGAGTTTTCAGAATTCTCGATATGAGCGCGCAAGACAAATGAGTCGCAAGGAGAAAACCCAGGAGACCGCGAGCCACGTGGCCGTACAGGCAGTGGCCCAGGCGGAAGCGGCCGCTGCGATGCTTAGCCAGCTTGATGGCGAGTTTGCCGCCTCAAGCCGGCAACTAGCGGCAGATTCCTCAAGGGATCGAGAAGCCTCAGAAAAGGAGCTACAAGCGAATCTCTCACAGATTCGGACAAGGCATGAGCAAACTGTGAGCGCGGCTAACAAGGCATTCGAGGAAATCTCCCAAGCGGGTCTGAATCGCCTAGAAAAGGTACAGAAGGATGTAGAGGGTTTCTGCCAAAAGACGGCGGCTTGGTCAGGCGACGATCTTTACCGACTACCAAAGCTCCTCTTTTGTCGTCTCCCTCAAATTGATGATCAATTGCCCGATGTTGATCAATCAAATCTTCCAGCTACCGTTGAAGAGCTTTTGGCTTCTGGGAATGAAGCCCTCGCTCAGCTAAGAGCACTCAGCAAGCGAAGGCCTGAGATCCTCAAATACTGCGGATGGACGATCGTCGGCAGCGCTATCCTGCTTTCGGCTCTTATTCGATTCGGAAACTATGGCTGGGCTCTCCTTTTTCTGATCGCAGGAGCCCTCGCTTCCTATTATCTTTGGAAATGTGATACCGAATATGTTCGAACCTTTCAATCGGTTATGAGGTTTGGAAGGCTCGTAAAGGCTCTTGGCGTTCAATGGATCGAGGAGACTCGTCGACACTGCCAGAGTCGAACTGAGGAGGCGTTATCGCGGCGCGACCGAAACATTGCCCAAGCCAATCAGAAGTTGCAAAAGGAGGACGCCAACCTAAAGGCTGTAGCTTCGAAGAATGCTACAGAATCTCGGGCTAAGTACGACCAGGCGCTAGTCAACCTGAAGAATGAGCATGCGAAACGGATGACGGCACAAAGAAAGAACGCTGAACTTCTGATCCGGCGCGCGCGCAAGACCTGCTACGACGCTTCGCAGGGCATTGGAGCGTTGGGATGGACATCCAACCTTTGGAACGAATGGGTGCCAATTAGTGCGCACGGGAACGGTAGCGCTGACGAAACATCGGATATGGCTGAAAGCAACAATGAGGAATCAGGGCGTTTTCACGGAAATGTGCGAATAGGGACTCTCCAGATTCCAACCCCTGAGCTCCGGAAATGGTTTCCTGACGAGCGTGACTTCTCCTGTCCGGGCACCACGGATCTTGGCTCTCAGTCCCTCACTCTAATCGGAGATCAGGCAGTCGCGAGGCAATTGATCTCAAATCTGGTTACCCGAATATTGGCCCTTACGCCGGCCGGGCTAGCTCGATTCGCTTTCATCGATCCCGTTGGGATTGCTCGTAATGTCGCTCCCTTTCTCGCATTGAAGGACTACGACGAACGGCTCATAGGAGGAAGGGTATTGAGCGAGCCGCAGGACATTGAGAGGAAGCTGGAGGATCTCTCCCGTGACATTACAGCAGTGTGGCAAGATAAGTTAAGAGATCGATATGATTCAATTGACGAATACAATCGCGAGGCATCGGTACTGGAGCCTTACCGGGTGCTGGTGGTATTCGATTATCCAGCAAAGTTTTCCGATACAATGGCGGCTAGGCTTCAGAGCATTGCTCAAACAGGCCCGCGTTGCGGCGTATTTACGATTCTGTGCGTGGACAAAAGCCGGCCCGCCAGCTATGGCGTTGACGTAAACGCGATGCTAAGGGGAGCGGAAGTCCTCGAAGCTTATGGTGATCACATTCTGTGCAAACAAGAGGACCTCAAGTGTTGTCGTGTGATTCCTGACCCTTCTCCTCCGGAGGCCCTTCTTCGCCACATTGTGTCATACATTGGCGAACATGCCAAAGCCGGAATGAAAGTTGAGGTCAAGTTCGAGAGACTGTTTGCAGCCATAGGACTTGATAATGATGCCCGATGCTGGCGTGCTAGCACGAAGGATGGCATTGACATTCCCTTGGGGCCGAGGGGGGTGGGCAAGACCCAGGATTTGGTGCTTGGCCAGGAGGGCCGCGATACTGAGAATCATGCACTGATCCTCGGCACTACAGGATCAGGAAAGTCTAACTTGATGCACGTAGCTCTATATGGACTCTGCTTGAAGTATGCACCAGACGAGTTGGAGCTCTATCTGCTTGATCTAAAGGAAGGAATCGAGTTCAAGACATATGTTGACGGAGCGATACCACACGCGAAAGTAATCGGAATCGAGACCGAACGTGAGTTCGCGCTTAGCGTACTCCGTGCGATCAGCTCCGAGTTTGAAAGGAGGTCAGAGCTGTTCAAGGCGAAAGGTGTCCAGAACATATCCAGATATCGAAGCGCTGGAACAGGTCTATTGCCTCGCCTCCTTCTCGTGATCGACGAATTCCAAGAGCTGTTCGCAGCGAACGATTCTATCGCTCGCGATTCAGACGTACTACTTGAGAAGCTCGTGCGAAAAGGTCGTAGCTATGGAATCCACGTGGTTCTAGGCTCACAGACGCTTGCTGGTTCCTCGGACTTGAGCCGTGCAATCTTGGCTCAAATCAACGTGAGAATCCTGCTAAAGTGCGACGAGCAGGATGCTCGAAGACTTTTGGGGGACGATCAAGGATTGGTGCGTACAATCGCTCGGCCTGGGGAAGGTGTCTACTACGTGATGCGTGAGGTTGGCGATGACAGCCGGTTTCAGGTGGCCCTGATGTCCAACGAGGATAAAGCGCGTGCTCAACGGCGAATTAGATCGCTTGCTAGCAGTCGCGGAATACCTACCGGACGGCCCGTCATCTTCCGAGGCTCCGAACCTGCATTAATCGAGGACTGGGTTCATTACATCAGATCAGGTCGAGCTGATG
CP054189.1_gap14	324422	327558	3136	CACACTTGCCCACGAACTGCGCCACGCATTTCAATCCCGAGGCGATCCCGACATGGTGGTGGATGATATCAAAGCCCGATGGGAGTCTGAAATTCGAGAGCCGATTGATGCGACCCTCGATTTTCGCGGATTCTGGGAGCAGGTGACGGAAAAGGATTCCCGAAGCTATGCGAACGATGTAGCGCGAGGATTTGCAACGGGAGGCAGCAATTGAAAAGCAGTAAAGTAGCTGACCTCCTGATTGAGCACTTTCGTTCTGACTTAGGAGCCTCCCCCGAGCGCGCCATTGAGCAGTGGGCAAGCATCTCTCGGTATCAGACGCTTGTACAGGCAGCACAACATTGGGTGAACACCGGTCAGCATCCTACGGGGCTCGCCGTGCGAGGCATTACCTATGAATGGTTGATTTCGAAGAGAAGGCTTCGACCTCTGAACGCCCTGCTTACATTGGCTTGGCTCCTTGATGAGCCGGAAGCTGCAATGGTTGCCCTCCGTTCTAAGGTTGATCGCGTTGGGGATGCGAGTTGAGCAATCTGGATCCGGTGATTGAGGTCTTGAAGTCTGAGATTTCGCGTTTAAACAGCGCGTGGGCGTCGTCACAGGGAAGGTGGGCAGATGACCGGGCGCAACAGTTCGGTCGAAATATTGTGGTTCAAAGGGAGATTCTTATGAAGTCGTACATCGATTCAGTTGAGTCCTTACGAGACCTGGAAGAACAAATCAAGGACCTGGGGTAGGGCGTTCGACGCCAAATAGAATCTGACAATCAAATGGAGCTACTTTCGGGGCTTGCCAAGTTCAGTTTGGCGAACGCAGTTGTAAATCCCTTCTTTCGTTTTGGGATTAAGTTTAGCTACACATTCCGTGAAGAATTTCCAATCCCCTATCGTCCACTTGCTAGTGTCGGCGCAGCCATTGCCTGTCCAGTACTTTGGCGGCACGCAGTTATGATCCCCCCTAATTAGCTCAAGGGCTCCAAAATCAGGCAACCAGAATTCATCTGGCTTGATTTGTTGAGGGGATACGGGAGAAGCAGCGTCGAGGGTCTTTGAATAGTAGCCTCCTGCGAAGCCGACAATGCCTGCAAGGGCTGTAGTAATAATCACGGCTTTGGCGATGGCTTGATTCATCGGGAGCGCACTTTGGATATCAAACAGGTGGTCATAGATAAAGATTAGCAAAGCGAGGCAAGCAGTCAAGTCCCACGTGAAGCTTCGAGCGTTGCAAGTATCGGACGCTATTTGACAGAGTGCGGTCCACCGCCTACGAGAGATAAGAAGGCACAGATCTTTGTGTGCCTGCACCTCGGAGGTGAAGGACATGTTTCTTTTCGACTGGCCGCTTCGACCCGAAATTGTCGACCGCAAGGTCACTGTTGCTCCCCGGCCGTTGCGTGGTCCCAAGCCGCCCAAGCGGGAAATGCCGTTCCATATCGAGCCCGGCTTCTACGAGGATGGCGAAGTGTGGCTGTACGGAAACGCGCGAATACTCCAAGGGAATTTGGCATTCGTAGCCGGCGCTCTGGGATCAAATCATCAATCACTTGCTGAGCTGAACGCGATCGAAGCGGAAGCGGAACGGTACGTCTTGGACAGCAAAGTTCTCGTCTGCGGCATTCACAGCCCGGCTCATCAGCGAGCGGCGGTTGTACCGCTCAGATGGGGCTCGCCGCGCATTCTCGTGCTCTCAGGTGGCTTCAAACATCACCTTGGCGAAGACCTCGATCAAGAGCCGTTCAGGGCCGCAAGACTCTGGCGGTACAAGTGGGATCCTCAGACGGATCTCGCGATCTCACGTCGGGCGCCTGAGAAGCTTCCGACGTTCGCGACGCACAACCCTACAATCGACCGGATGATCTCATTGATCGTCGGCCGACGATGGCCGGGGCTACTCTTCGAAGCTCCCATCGGCGTCTAGTTGTTTGTCTCTTCAGGCAGTCTCTTCAGAGGCTGCTTTTTCTGTTGACCTCAAGCGACTTGCCGCAACCTCAATAGTGCCACGAACGAGATTGCAGCCCCACTTGTATGTAGCCATCGTGAACAGCCCGGCAAGTAAGCCGAATCCGGCGAAGAAGCCCCATGGTAGGATCGCCTGGATAAGTCCAACCAGGCTGGTCACGGTCAACAGGAGACAAGCCGCCGCGATCGATCGGTGGAGTCCGTATTGGGCCTGCAACGCCTGTACCTTCGGCGATGTGTCCTCCACATAATTGAGAGCTAGGCGAAACGCCTCATGCGAAGCTCGTTTCTTCGAATCGGGATCACCCGAGAAGTCGAGCGAAGCATTTGGAGAAAGAGTCTGAATCGACTCGCGAAGCAACACCCTATAACGTCGCTTCGGCGATTCGTCAACCAAATACTGGTCGCTCGGCCTACCCTTTACTCGGTAGATCGCGCCCTCGATGACCCAGTCTCCGAGAGCATGGCTCACCAGCCCGAACACATAGGCGACTAGCACGAAAGCAATGGCTTGGCTGGCAGACGACATGCCGTTAGGCAAGAGCCATCCGAGCCCTGCTTGCCCCGCCATCCAGGCCAGTCCCCAGAGAAGGAATCCGCCAGGCACCAGCCTTGCAAGAAGATCGTAGAGTCCGAGTTTCGATTCCACGGCATCGTCACCTATTGTCCATTGTGTTCGAGGCGTTCATGAGCGACCGCTGGGCTTGGTCGGGAACAGCACATCCAACAGGTTGTGCCGCCGTCGCAAACGATCAACATCAATCCAGGAACGCCCTCACCTTCCAGTTTGGCCGACAACGCCTCGGCTGCCAGAACATCAGCTCCGCTAGGGGCGCAAGCACAGCCCACAGGATGCGAATGCCATTCCCCAACGTAAGTCAGATTCTTGAGCGTTTTTTCCTGAATTTCCTCGTACCGGTTTCGCAATCCCTCGCATCCTCGAATGTACACCGTTGGTTGCTTCTCACTATCGGGTGGGGCAGGAATGTGATGGACAACGTAGAACGTCTGGCGCTCTTGGTCAAGGTGTCCAAGGAGCACGCCGCCAGTCTCGTTCGGAAGGGATTCCTGTCGTTGCATTTGAAGCTCTTCCATCAAGCCTCTGTCCGTCCAAACATGCCACCCGTTCAATTGACCGATCTCGATCGGGCGATGAACCTGGATTTCCACTCGACTGC
CP054189.1_gap15	429156	433557	4401	GCCCTCATCGAAGCTTCGTCGCCAAAAAGCCGAGCAGTTCGCACCAGTCGAGACGCCACATACCCGTCGACGAGCGCCGTCCCGGAAATGGCGAGCGAGGGCTTGGCGCTTCCTTTGCGCAGGAGGTCCGAGACCCGCTCCCATTGCTCGCCCTCGCGGATGAGCGCGGCGACGTCGTCCACGCGAATCACCATCATCGGGTTCGTTTCGACGCGCAGACCGAGCCGATCCCGAGCCCAGTCTCGGTCAGAAGGCTCGGGCAATAGCTCCCGCAACCTTCGGGGCGAAAAGCTGCTCCGGGCGCTCCGATCACGCTCGTCTTCGTCCCCGACCCTGCAAGCGGCGATTCGCCCGTTCAAAACGAAATCGTTCGAAAGCGCCTCAAACGTCCGGCGGGCAACGAACCGATACTTCTCGTCGTCGAACATCTCCCCCGCTTGGGCGAAGGTCAGCATGAGGTCGGCGTTTGTGGTCGCGACCTTGTCAAACTCCAAGATCGGCTTCCCGCGATGCCGAATCGCTGCAAAGAAGCCTCCGTCGAGCCAGTCGACGAGCGGCCCTCGAAGGAGAAGGTCCGCGGCTTCTTGAAACGTATTCAACTCGCCCGCCTCGAGGAAATAGCGGAACGCAGCCGGGTAGGGCTGAGTTCGATTGAATGCAGTGAAGCCGCCATGCTCTCGATCGAGCAGGGTGCGCAGGGATTCGGCAAAGCCCCCCCCGTCGAAGGGTTCGGGCGAATCCGATTCGACGATCCGTCGGATGTCACGCTGTTGAGCGTCGCCGGACACCTGGGCGGCAGGATCGTTCAGGCGGATCTGTCGATACTCGCTCAGAACCTCATCCAACGCCAACACAAACGACGCCGGATCGGTCGAAACCGTCTTTCCAAAGCCCCGGACCGCGCTGAACATCCTCCCTTGCGGGTCGAGAAACCAAATCTGGAAGCCATCGAGCAGTTGCCACTCGGGGCGGGTCAGGGGAAGAAAGGCGCCGAGCCATTGGGGGTTGAGTTGGCCGTCCACGCGAACGCACACGAAGTTGCGGGCGAGCGCAGTCCCCACGTCCACATCCTCAAAAACGTGCTTGTCGGCGATCCGCCCGATGGTGCTCCAGGGCGCGCCGACGACCAACATGACGGGCTTATCGAGCCGCCTGGCGCGAGCAAAGGGTTCCGGACCGAGCGGATACCAATCGATCGGCTGCTTCGAGGCCTGACGCAAGAACTGAGAGGATTCCGATTCGAGCCGGTTGGTGGCGATTTCGGGGACCAGCGGTTGAATGGACTTCACGGCAAGCCCAAACAGCACCAGCACCGCCACGGTCAACGTGGTCAAGGCAAAGCTCGGTTGGCGCATGCGTTCCATAGGTCTTCCGTTCTGTCAAAACAACGGTTGGTCGCTAGATTATCTACTTTCGGAACGAAAGAACCTGTGCTACAATGGCCCCATGTCCATTTCCCTCGACGAGGTTCGCCATGTTGCGCGGCTCGCTCGTCTGGAACTCGACGAAGCCGAGATCCTCGCCCTTCAGGGCGAGTTGAACGTGTTGCTGGGGCACTTTGCGGACATCCGAGGCCTCAACGTGGCCGGGTTCACCCCCACCAGCCATGCGGTCGCCGAGCAAAACATCTTCGCCGACGATGAGACGATCCCGGCGCTTACGACCTTGCAGGTGCTCCAAAACGCGCCCAAGTCCAAAGCCGGGCTCTTCGTCGTACCCACGATCATCGAGGACTAGCTGAGGTTGCTGACCCGACTCAGCGCAACGGAGCTTCACAAGTTGCTTCTCAGTCGGCAGGTGTCGACGCGGGAGGTGCTCGACGCCCACCTCGAACGGATCTCCCGGCTGAACCCCCGTCTGAACGCGTTTGTTACGGTCGCAGAAGAAAGGGCCCGAGAAGACGCCGACCGTGCCCAAAAGCTCTTCGATGAGGGTGCCCCGACCAGGCTCACCGGAGTCCCGGTCGCGCTCAAAGACAACATATCGACGCAAGGGATCGCCACGCTGTGCGCCTCAAGAGTCCTGGAGGGGTACGTGCCGCCCTATGACGCGACCGTCGTCGAGAGGCTTCGAAGCGCAGGCGCGGTGATTCTGGGCAAAACGAACTTAGACGAGTTCGCGATGGGCAGTTCGACCGAACACTCGGCGCATGGCCCTACCCGGAATCCGTATGACCTCGAACGATCGCCCGGAGGCAGTTCCGGGGGCTCTGCCGCCTCGGTCGCAGCCGAACTTGCGCCTTTTGCGCTCGGGTCCGATACCGGCGGCTCCGTCAGGCAGCCCGCGGCTCTTTGTGGCGTTGTGGGGTTCAAGCCCACCTACGGGCGGTGCTCGCGATATGGACTCGTGGCGTTCTCGTCGAGCCTCGACCAGATCGGCCCCTTCGCTCGAACCGTAGAGGACGCCGCTTGGCTGGCGTGGGGGATCACGGGTCACGACCCCAAAGACAGCACCTCGCTTCCCATGAGCCCGATCGACTCCGCTTCGATCCACGGCGGGACCCTCAAAGGGGCGCGGTTCGCATTGCCCAAGGAGATGTTCGGCGAAGGTATGCAGCCTGGAGTGGTCGCGACCCTGCGCGCCGCTCTCGACAAGCTGGCCGCCGAAGGCGCCGAGTTCGAGGAGGTCTCTTTGCCCTCCACCCGGTTCGGCGTAACCACGTACTACATCATCGCCCCCGCCGAAGCTAGCAGCAATTTGGCGCGCTACGACGGGGTTCGATTTGGCTTGCGCGCCGACCGCTCGGACCCGATCTCGATGACCGAGGCGACCCGCGCTGCCGGATTCGGTAAGGAAGTGAAGACCCGCATCTTGATTGGAACCTATGTGCTCTCGGCGGGATATTACGACGCCTTCTACTTGCAAGCCTCGAAGGTTCGGGCAATGATGACGCAGGAGTACCAGCAGGTCCTCGAGAGGTTCGACGCCATCCTCTCTCCCACGAGTCCGATTACGGCGTTCAAGATCGGCCAGCTTTCCGAAGACCCGATGGCGCTCAAGCTCCTCGATTACTGCACGATCCCCGCAAACATGGGCGGCTTTCCCGCTCTCTCCCTCAGTTGCGGGACGTCCGAAGGCCTGCCGGTGGGCCTGCAAGTCCTTGGTCCCCTGCGAGCCGATGAGCGGGTCCTCCAACTCTCCCACTGCATCGAGCGAACGTTGGGTGCCACCTCACGGCCTCCGGAGGCGTAAGTACGGCTGATGGAAGACATCAAAGCCGTCGACCAGAAGCTCTTTTGGAAGGAGGCGGCGCATCCTGGGAGACTCATTTTCAGCACTGCGGCGATGTACCTGATTTGGGGTCCCTTGTACTGGGCCGACATGTCCATGTCCTTTGTGATGGGTTTGGCGTACGCCGTTCTTGCCGGTCACGCGCTGGTGTCGTATCGAGCAAGCGTCAGGAAGCGATTCATCAACCGTAGGTTCGAAGCGCACTGGAACTCGCTCAAGGAACGGCTCGACCTGTTCGACCAGGTGATGCAGAGGGTCCATAAGAAACACCTCGCGGGCATTCATGAACTGCCCCGCAACGTCCACTCGGTCGCAAGGAGCCTCTACGTCGCATTGCGAAGGGCCGATCTGATCACCCAAGAGGTGTCGCTCACCGAACGCGGACTGTACGCCCAGCCGCCTTCGTGGAACCCTCCCGCGCACGACGCACAGGCCAAGGAGCTTTACCGAATCGCCGACAAGAACATCGCCGAGTATCAGCACCACTTCGCCGGGGTCATGGCGGGAGTTCAGCGGACCGAAGCGCAGACGGCGGTGTTCATCACGACCGTAGACACCCTGCGCATGAAGATTCTCGGCTACCGGCTCGCTGGCGCAGCCCCCGAACTGAACAGTCAAGACTTCCTTGCGGCGATGCAAGAGGCCAAGATGCAGCTTGCCGCCATCGACCAAGCCCTCGAAGAACTCGAGCTCACCCCATTTCCCAAGACCATCGCAGTCATGCCTCCCGAACCGCGAACTGATGCGAACTCGGAGGCCACCCAAACCCTCGACCAAGAGAGTTGAACGCGGTGATCGAAATCGCGTGCCCCGCAAAGGTCAACCTGTTCCTTTCGGTCGGCCCTCCCGACGACGCGGGGATGCACCCGATTCGGACCGTTTTTCAAGCGATTTCGCTCTTTGACACGCTAAGGATCGAGCGGGCAGCAGGTCCGACAACAATCGAATTTGAGGGCGAGGTCGTGCCCGAAGACAACACCCTCACGAAGACCCTGCGGCTGCTCGCTGAGGTGGCTGAGCTTCCTCCCCTCAACCTCACCGTGATCAAGCGCATTCCCAGCGAGGCGGGTTTGGGAGGAGCGAGTTCCGACGCGGCGGGGTTGCTGCGGGCCGTCCCGCTCCTGACGCGCTCTCAGGCATCCGAGTTTGAACTGAGCGAAATCGCGCGAG
CP054189.1_gap16	460369	464335	3966	CGGCTTCGGCAGCCGCTCCAACCACTTCATCCGACTGCCCGCTGGTCCGAGCGAGGAACTCAGCCAGCTTCCCAATTCGGTTCGAGCGGTCGAGAATCGAGCCCAGCTTCTCGTGCAGGAGAATCCCTGCTGTGGTCTCGCGGAACTCCTCGAGCGTTCGGGCGCGATCCTCTTCAAAAAAGAACTTGGCGTCGTTGAATCGGGCGCTCAACACCCAGCGAGCCCCTTCGGAGACCACCGACTCCTCTCCCGAGTTTCGAACGAACACGAACTGGGGCAACAACTCGCCGCCGGGGCTCCGGACGGGAAACATCCGCTCGTGCTTGGCCATCGCCGTGATGAGAACCGGCTCGGGGAGCGCCAAATACCCCTCGTCGAACACTCCCAGCGTGGGCATTGGCCACTCCGTGAGCATCACGTTTTCGTCGACGAGAGCGTCTGTCAGCACCGCCATCCCGCTCGACGCATCGAGGGAGCCCTCCCGGATCATTCGCTCCCTTTGGGCGGGATCAGGCTCGACAAAACGCTCCCTCAAACCCGACATCAGATCGTCGAAGCTTGCGACCTCGAACGACCCGCTCGCCAAGAACCTGTGGCCCCGGCTCGCGCGGCCGGAGCGCACGGACTCGAGTTCGAATTCGACGGTTTGCCCCCCCAAAACGGCCACAACCCAGCGAATCGGGCGCGCGAACTTGAGCCGGCCCGTGCTCCAGCGCGTGGACTTCTCGAAGGACAGGCTGCGGATCGCCGCCGGAAGGAGCTCCCGCAACACTTCGAGAGTTGGTTTTCCGGGTTCGACCTTAGCCGCCCAGACGTAGCCTCCCTCGACCTCGACTTCGCTCGGATCGACTCCCGCCGAACGGCAGAATCCCTGAAGCGCGGGCAAAGGAGATCCCTCAGGCCCAAACGCAGCAGCCTCCGAAGGGCCGCGGACTCTCTTTTTCAGGTCGGGCTGTTGCGCATCGACATCGGCGAGATGGACGATCAGCCGCCTCGGAGTTCCGAAAGGACCCGATCCGGCGATGAACCCAATGCGCTCAGCCTCCAGCCTTTGCTGAATCTGCTGAGACAAATCGCTGGCGGCCTTGCGGACGAATGACGGCGGGAGTTCCTCGCAGCCGAGTTCGACAAAGAGTTCGGGCATCGAGTGCCGAGTTTACCAACCTGAGACGCTCAGGCCCCGTCGTCGTGCTCGGGCGGGACGATCACGGCGCGTTTGGCCAAGAAGATGTCGGGCTTGCCCTTTCCATAGGCATCCGGTAGGACGCCGACGATCGAAAAGCCATACGCGACATAGAACCCCAGAGGATGCGCCCGCATTTCGTGAACCCGGGCAAAGCGGCTCGGAAGGTCGGCGTACAGGTTGACGTTGGAAAACGGCGTCAGAGCCATTTCGTCGTCCGATGAAGCCCAAAGCGTAAGAACTCCGGCCATGTTGGCGCGCATTTCAAGGTGGCGAAGCAGCATCGTCCCGATGCCGATCCCTTGGAACGCGCTATCGACCACGACTGGCCGCACCCGCCACACGCAGCCGTTGTAGTGAGGCTGGGCGGCGCACCATCCCACCACCTGGCCTTTGGCGTCGATCGCCGCGAGAGCCGAGCCCGTTGCCAACGCCGCTCGAACCTCTTCTTCGGCGGCCTGCTTGGTGGGCCAGATGCTGGGGATCGTTTCGGCGAACTCCTTCAGCAGGAGTTTCGTGGCGCGGTTGAACCCACGCTTTCCAGTTGTGGCGAGGTCGACGATCTCCATAGCTCAGTTTACGCTCCAGTCCGTGGGAGTATACAATGCGAGCGCGGCCGCGCCGTACAGCCCCGCGAACTCGCCGAACGGACTTCGGACCGCTGGGCTCTCCCTTGACATCGCAAGCCCGACCGACCCGCAGACGTAAATCCGATCCGGCAGGAACAGCCTCTGGCACAATTCGACGAGAGAGTCGAAGGCTGCCTCAACTTCCCCTGCGTCGCCCTCGGAGCCCGCCGCCCGCGAAGCTCCGCCCAGCACGTCTTCATACGTCCTCCCCTGGCGGAACTCCACGTCGTTGAATCCGGGGGGCTCGCCGCTGGGACCCCGCCAAAGGTTGCCCCTCTCGACGAGTCCAAACCCAACTCCCGTACCCAGCGCAAGGGTAGCGACTCGCCTACCTGCGTTTTCCGGCAAGCAGGCATGAGCGTAGGCCGAAGCGTGGCCGTCGTTGGCCGCGAGGGTGGGCACTCCCAAGGTCGCCTGCGAAAACTCGCTCCCGACATGTCGAGGGATGATGTCCTTGGCGCGCACGACTCGCCCGCCCTGAGGGTCGATCACGCCCCCTGAACTGACGCCCGCCCGGACGACGCCCCAATCCTCCAGCCGACTTCGAATCCAAATCAAGCGTTCTTGCGGGTCGGGAGGAGTGGGAGCGCGATCGGACTCCAGCAGTTCCCACCCGCTCGTGAAGAGCCCGCACCGCAGCCAAGTCCCCCCAAGGTCGACCGCCCCAACGCGCCCCCCCTGAAAAGGCAACGCGCCCAGGAACCTCTTCGTTTGCTTGACGGGGTCATTGATCGCGCCTCCGATCACGACTCCTGTCGCGCCCGAGCGCAAGGCAGCCTGCACCTCCCAAGGCTCCCGGAAACGCCCTTCTGCGAGTACGGGCACAGCGAATTCGCGCACGGCTCTCCGGACCAACTCGATGTCGGGTCCGCGAGGGGTCCCCGGCGCGGTGTATCCAGCCAGCGTCGTGCTGACGAGATCGACGCCGCACTCCACTGCATGGCGAATCGAGTCGAGCGTGTCGCAGTCGCCCACCGCGATCGCTCCGGCATGGTGGATGACCCTGACAAGATCGCTCAGCGACTCCTCGCGAGGCCTGGGGCGGCCCGTACCGTCCACGGCCACGACACGGCATCCGGCGGATAGAACCTCCTCGACCTCGGCGAGGGTCGGCGTGATGTACACGGGGCTGCCTTCGTACGTCCGTTTGATTAGCCCCATGACGGGTAAGCCCGTCGACCGAGCGATCGCCTGAAGGGAGGAAGCCCCTTCCGCCCGAAGCAATCGGACGCCTTCATTTGCGCTTGCGAGGGCCAAGCGAACGAGCGTCGAATCGTCGCGCAACGGCGAGCCTTCCGGCGCCTGCACGGAGACCACCAACGGGCACTCGCCCAGCAGCTTGAGGATTGAGGTGAGGTTCATTCTTCGGAAAACAGCTCGAATTGCGTCGAAGGCCCCGTGGCGTCGGCATCGGGTGCGGAATCGGAGACAGCAACGACCCCCAAACCAAATTCGAAGGGCTTGGCGTTCCCCGCCTCCGCTTGCCCCCGGAGCTTGAGGGCCGTCTCCCACGCCAGTCGAATGTCCGCCACAAGCAGCGCATAGCCGCCGTCGTGGGCCGCGGATTGCTGCCGGAGGACATAAGCCGGGTGCAGCGTCGCAAGGCCACACCGCGCGTAGGCCGTTCGGAAGTACTTGCCCCGCTCTTGAGTGATGCGGAAATCCCTCTTGATAAGATTGCGCGCGCTGGGAGCGCCCACGCAAAGAACCACCTCTGGAGCGATCGCTTCGAGTTGGGGCATCAACCAGCGCTTGCACGCAGACGCCTCTGAATCGGTGGGAGGTCGATTGACGGGCTTGCCCTCGACCCAGTCGCATGCGCGGCATTTCAGCGTGTTGCAGACGTACACGTCGGCTCGCGAAAGCCCGTTGTCGCCCAGGGCGCGATCGAGGAGTTGCCCCGCGCGGCCGACGAACGGGCGACCTGTCTGGTCTTCTTGCTCGCCCGGACCCTCTCCCACAAGTACGAGCGGCGAACGCGGGTTGCCTTCGCCAAACACGACATTGCGGCGGCGCTGGGACAGCCCGCAATCGAAGCAGCCAAGGCTTGCCGACTGCAATTGCGCCAGCGCTTCTTCGACGGCCCCGCGTTCTTGAGTCGAATCCGGTTCGCCTACCGCCGACGCAACGCGCCCTGCGCCTGAAGGATCAGAC
CP054189.1_gap17	501869	502699	830	CGCCTCAACGCGGGCGAAACGCTCGAAGACGTATTGCCCGAGGCGTTCGCCGCAGTACGCGAGGCCAGCAAGCGAACGCTCAAGATGCGGCACTTCGACGTGCAGCTTCTGGGAGGTCTCGTGCTTCATCAGGGCCGGATCGCGGAGATGAAGACGGGCGAAGGAAAGACCCTCGTTGCCACCCTGCCGATGTACCTGAACGCCCTCACCGGAAAGGGCGTCCACCTCGTTACCGTCAACGACTACCTGGCCCGGCGCGACGCCGCATGGATGGGTCCGATCTATCACTTCCTCGGGCTCACCGTCGGCATCATTCAGGGGCAGAGCGAGGACTCGGACGAGTTGGGCGGCAGCTTCAAGTATGTGCCGGGGGCCGACGTCGCAGGCGACCCAAGGTACGTCAACCTCGTCCCCTGCTCCCGGCGCGAGGCCTACCTTTGCGACATCGTTTACGGAACGAACCACGAGTTCGGGTTCGACTACCTCCGCGATAACATGGCGTTTCAGGTCGAACAGCTATCGATGCGGGAACTCAACTACGCGATCATCGACGAAGTGGACTCCATCCTGATCGACGAGGCCCGCACGCCGCACATCATCAGCGGCCCTTCGATGGAGGACGTTTCGCTCTACAAGCAGATCGACCAGGTGGTGCGGAATTTCAAGGTTGAAGATCACTACACCGCAGATAAGAAGAACCACAGCGTCAGCATGACCGAAGAGGGTCTCGATTACGCCGAAGAGCTTCTCGACATCGATAACATCGCCAACGAGCCCAAGCTCTTCCACCACCTCATGGCGAGCGTCAAGGCCTACGCGCTGTTCGACCG
CP054189.1_gap18	552200	552943	743	CGTCTGTCGGCTGTATCTCGACGCCGCGAAGGGGTTCGATATGGTCCTGATCGCGAGCCAGAGCCGCGCCAGCTTCCACGACCCGCGGGTTTGCTTCTCAGGCCAAGGCTGGGTGCTCTCCAAACAGCACACGGAGAACGTCGAAACCAAGACGCGCGGCAAAGTCCCGATCACGATCACAGAAATGGACGGTGCGCGGCGAGGACAGCTCGCGGCATTCTTCTATCGCGGCCCTGGCGGGTTCTACCCAAGCACGAACGGCGTCAAGTGGGACATGTTCAAGCAGGAGCTTTTCGGGGGTAAGGACGTGGACGGCGTCTTCTACCGGGTCATCCCGCGCCACGCCGATTGCACAGTCGAGGAACTCAAGCAGTTCATCGCCGAGTACCTCGACACGGCATACGACACCAGCGACGGGTACTTCTAAGGGTCAAACAGGACCGCCGCGCTTCTTGAGTTCCTCGACGATCTTGCGCACGTCCTGCGACCGTTGCGCCGTCGTCAAGAGAAGCGCGTCGGGAGTCACGGCGAGGACGAGGTCCTCCACCCCCAGAAGGCAAACCTTGAGACCCTCGATCTCGGCATAGACGACGTTGTTGCGGGATTCAAGGCTCAGAACATCCCCCACGAAGGCGTTGCCCGCTGAATCGAGCGGCAATGACCTTCGCAGCGAGTCCCACGCGCCCAAGTCGTCCCACCCGAAGGTCGCCCTTACGACGTAGGCCGACCGGGTGTTCTCCATC
CP054189.1_gap19	587580	588942	1362	CGCGAATCGGCGACCCCAGCGGAAAGAGCAAGACCCGTCCCCAACTCAGCCGTGAAGAAGTCGTCGCCAACGTCCGCGAGATCGAAAAGCAACTCTACAAGATCCTTGACCCCGACCGCACCGAGATCAGCTACAACGCCGACTGGCTCGGTTCGATGAGCTTCGAAGACGTAATTCGACTGGCGTCGCAAGTGACCGTCGCTCGAATCCTTGAGCGAGACGACTTCGAAAAGCGCTTGAGTGAACAGCGGCCCATCGCCCTTCACGAAATCCTCTACCCCCTCTGCCAAGCCTACGATTCGGTCGCGTTGAAAGCCGACATCGAACTGGGAGGCACCGACCAGAAGTTCAACAACCTCCTCGGCCGGCACCTTCAACCCCACTTCGATCAAGAGGGCCAGGTCGTCATGCTGTGCCCGTTGCTTGTGGGCACCGACGGCAAGGAGAAGATGTCCCAGTCGCTCGGCAACTACATCGGCATCACCGAGGAACCCAACGAAATCTTTGGCAAGGCAATGTCGATCCCGGACGAGGTCATGGCGAACTGGTTCGAGCTCTGCACCGACGTGCCTTTGCCTGAAGTCGAGCGGATGATGGCGGAGTGCAAGGCGGGTCAACTCAACCCCCGCGACGCCAAACGCCGATTGGCCAGGGAGATCGTCGCCCTGTACCACTCCGAACAAGCCGCTGAGGAAGCGGACCGGTACTTCATCGAAGTCTTCAGTAAGCGCGAGCAGCCTGTCGAAGCCGCTGAAACCCTTCTGCCGCCCGACCTGATTCAGGACGGTGCAGTTTCCCTCCCCCACTTGATCCACGGGCTTGGCATGGCGAAGTCCGTGAGCGCGGCCCGCGATCTGATCAAGCAAGGCGGGGTTTCGTTGGATGGAGAGAAATTCACCGACCCGTTTGGAAAAGTCGAGGCCGAGGCTCTCCGAGGAAGGGTGCTTCGCGTGGGCAAGCACAGGTTCGCCCAGATCAAGTAGACCGAGGTACGCAAAAGCGTTAGAGCCTTCGAATCTCAATCTTGCGGAATTCGCAGGGCGAACTCTCCGATTGGAGCGCGATCCAGCCCGACCGCAACGCCGATTCGCCCTTCGCGGAGTCGAGAAGACGCTTGGCGTCGGCGTCAGAGGGATCAAGCTGCGCGCCGCTGTATTCCAGAACCGTCTGCCCTTCGATGCGATGCAGGATGGTCCCGTCCGCCCGCACTTCGATCTCCGCTTTCACCCATCGATCGCCGTGGTACGTGCTCGAAGAAGAATCGGTGCAATGCTGGGTCCACAGCTTGCCCTGATAGAAGATGTGCGTTCCCGGTGTGCAGATGTTCCCGGTGGATCGCGGGTCCTTACCGTTGCCGCCCAG
CP054189.1_gap20	591448	592917	1469	TTAGCGAGGTCGAGCCGATCTGCTTGCCCGTATTGATGTCGATCGCCGTGAGGGCCTCCATTTCATCGACCACCAAGTACCCGCCGGACTTCAGCCAGACCTTGTGCTGCAAAAGCCGCTCCAAGTCGCGCTCGATCCCGTAGGCGTCGAACACGGGAACGTCCTTGTCGTAAAGCTGAATCTTTTCCTTCATGCTCGGAGCGATCAGCTTGGCGATCAGGTGGACCTTCTCATACTCGTCCGGATCGTCGATCACCATGCGGTCGATCTCCTCGGCGAACATGTCGCGGACCGTTCGATACAGCAGAGTTTGGTCCCGATGGACACAGGCGGGGGCTCGCACCCGCTTTGCGTTCTCGAGGGTTTGCGCCCACACCTGTCGCAAGAAAGCGATGTCGGCCTTCAGTTCGGCTTCGGTGCGGCCCTCGCACTCGGTCCGCATAATGAGCCCAAAGCCGTCCGGGACGATCTTCTCTCCGATCTTGCGGAGACGCTCGCGTTCGGCTCGCTCCTCGATCTTGCGGCTGACGCCGACATGAGCCGCTTCCGGCATCACGACCACGTACCTGCCGGGAAGCGAGATCCGAGTCGTCACCCTCGCGCCCTTCGTCCCACGCGGCCCCTTGGTGACCTGCACCATGAGCTGCTGGCCGGGGCGAAGGAGGTCGGCGATTTTTCTTCGGCGAAGTTCGCTTCGCTTCAACGAAGCCGGCGAATTGTCGTTCGAGTCATCGGGGATGATGTCGGCCACATAAAGGAAGGCGTTCCGCTCCAAGCCGATGTCCACGAAGGCGGCGTCCATGCCGGGGAGGACGTTCTGGACAATGCCCTTGAAGATCGAGCCCACGACTCTCTCGTCGCGTTCGACTCGGTATTCCATGAGGTCGCGGCCTTCGAGAACGGCGATGCGCGTCTCGCGGTTGGAGACGTTGACGATGATCTCAACATTCGGCGTCTTGAGGTGCCGCTTGGAGGTTGCCTTTGATTCAGTTTTCGTTCGGGTTGCGCGTGTCTTGCGCATAGGTCAAAAATCGGTCCTTAGTTGCTCGCGAGAGTCGGTCGGTCGGAGGGCGCTCGCTGCGTAGTGTCGTAGTGTACCGCTTAGCGCCGGTTTGGTATCTTGAACTCGACGATGCCGATCTACGAGTGGCTCTGCGCGAGTTGCGGCAGAAGGTTCAGTACGTTCTCTTCTGTTTCGGAAGCCAGCGTCAATCCCCCGTGCCCCGCGTGCGGTCTCGACGAAACTTCCCGTGTCGTCAGCCGCTTCGCAGTCGGGAGGACCGAGGACCAAAGGCTCGGCCAGTTGTCCGATCGGCTGGAAACCTTCGGTGAGCCGGACTCGCTTCAAGGGATGCGGGAGCTAGTTCGGGAGGCTGGCCAAGCTCTGGACGAGGGACTGGGAGACGACATGGTGTCCCTTTTCGACCACGATTCGGAGGAAGAAACATCTTCGGCGGAGTGAAGGCAGC
CP054189.1_gap21	595470	597830	2360	CCACTCGTAGAACGCGAGCATCAACCCTATGCTTGCCACGTCCCCCAGGCCAAAGGTGCGCCTTCCCACAAGTTCCAGCAGCGGGATCAGGATCGAAGCTACGGACTTGTACAGAACATGCCCGGCCTTGACGTGGCCCAGTTCGTGACCGATGAGGTGATACAGTTGTTCGTCCGAAAGCGTGTCGATCAGCGAGGAGCGCAGCGTGATGTAAGGGCGCTCGACTCCCCCTGCGAAGGCGTTCGGGAAAGGGTTGCTGGTGACATAAAGCTCGGGCTCGGGCATATCGAGCACTTCGCACGACTCGCGCAGGATGTCATAGAGCGTCTTGAACTGTCGGGGCCCACAACGCACAGACTGCGCCATATTCCAGCAGTACATCCAGCGGTCGATCCCCAACTCATAGAACTTCTGGACCACCTTCGGAAGAAGCGGGACCTTTTGCAAAGCTCGCAGGGCGACCCGGTCCGTTTCGGCGATGAACGCCTCGGCGCTGAGTCCGGTCAAAACCTTTCGTTCGGCCATCGTTGGCTATACGATGGCAGATGTCGGGGGTTGCGGCGTAGGGCAAAGGCCTCTGCCGCTTCAGGCGGCCGCGGTCGACCGCTCGAACAACCGCTGGTGTTCCTCGAAGCGCGATGCGAACTCCGACCCGATGTCCTCGATCTGATCGCCCGTAAGGTTGAGGCGCTCAACCGAATCCCCATCGAACGGCCGAGGGTAGCCAAGAATGCCCATATCGAGACCCTGGCGGTAGGCGATCGCGTCGGCGACCCGAATGACATCAGAGAACGTGTCGGGAACGGCCTCCGAGTCCGAATCGGGGTGCGGGTGGTGATGCCCAATCGCGTCGACGAGGACCCCGGGGAGGTTCCATGCCTTGGCGAGAGCCGCTCCCACATCGGCGTGGTTGAATCCAAAGAGCTTGCTTTCCACCTGGTCGAAGGTCAGCAGTTCCGAGACGGCGATCCGCTCCAAATCGATGGAATGCCGGTCGAGCCACATGCCCATTACGACCTTACCGATATCGTGCAGCAGCCCCCCTGCGAACGCCGTGTCGGGCTGGGCGACGTCGGCGCGCTGAGAGACGAGCTTGGAGCAGATTCCGACGCCGAAGGAGTGCCGCCAAAGCGTGTTCGCCGCGACGCCATAGCTTCCCAGCGACTTCGAAAGCCACGGATACGTCGAGGCAACAAGCGCCAGGCTGCGAATCGCTCTCGTCCCCAAGACCACCACGGCTTCGGGGATTTCAGATACAGTACGCGGAAGTCCATAAAAGGCGCTGTTGGAGAGGCGCAAAACCCTCACGGCAAGGGCTTGGTCCTGGCTCAGTTGGTCGGCGAGTCTTCGGGCGGACCCGTCTTCCGAGTCGGCCTCCCGAAGCACGGCCATAGTCACATGGGGCATCGCCGGCAACTCGGTGACGCTCTCAACGATCTCAGCTAGTGTGGGCTGCTTGACGCTCATCGATCTCCTCTGTCGCGACTAACAGCGCGGAGTGGCTTCGCCAGCACTCCATCGCAAGACTCCACATCGATGACTTCGTCGGCTCGCCTCGCCTCGGCGCAAACCCGAGGCTTCCGTCTTTCCGCGATGCCCCGTACCCGTCAGTCGAAGAGGAGCGATCGAGTTTCTCTCGCGTCGTGTGCTCCGCTGCTGTCTTCACTTTTGCTCCCCCAAGCCGCCCGCAGCCTTCTGCCGCCCCTTGGAACGACCTCCCGCTGCGCTCGCCTAAACGACGGATTCCATATCGAATCTCGGCGCAGACCAAGCAATCCTGCTATAGCTCTCGAATCCGAACCGGGGGGCTGGTAGAATCTAGGGGAATGGATACCGAAGGGTTGGACCCAGTCCGCCGCGTTCTGCGGATAGCCCGGAGTCGCGGAATTACGGAGGTCGAGTTGGAATTCGGCGATGTCGAGTTCGAGGCTCGATTGGGTCCTTCCCGCCCTTCGAACCATCACCCGAAGAAGCAGGCGCAGTTTCAGGCTCCCGAAGCGGAACCGTCGGATGGCCGAGTGCCCCTCACGGCTCCCTGCGTCGGATTTTTCCGAGACACGAACGAAACGTTCCGCGTGGGGCTCGAAGTCGAAGAGGGGGAGATTGTCGCAGCGGTCGCGGCTCTTGGCATCGCGAACGACGTGCCCAGCCCCTGCGGGGGAGTCCTGGAGACCGTCGCCGTCTCCCACGGAGACGCCGTGCAGTTTGGCCAGGTGCTGGCCTACATCCGTTGTGAATGAGGAAGTGAAATGAGGCGACAGCGCGGACAGACTTTGGTGGCGACGATGATCGTGCTCGTGATCATCTCGATCTTGGCGGTGGTGTACTTCGTCGGCTCGGGAACTGGCTCGACTTCCGCT
CP054189.1_gap22	599327	602095	2768	AGGGCATTCGCACCAACATTCCGTTCCTTAGGGAACTCTGCGCCGACTCAAGATTCCAGTCAGGCGAGATCGACACGGGGTTCGTCCCGGCGTTTCTCTCTGAGGTGCCTGTTGAGTCATAAGAGCCGCAGACAAGCTCGTCAGGCGGTGATCCAAGCGCTGTATTCGATGGACGTGGGGCGGTGTACTTTGGACGAAGCCGCGGAGGGCGTCCGGGAGCTTCCCCAACTCGACTCCGATCTCAAGGTGTACGCGGACGATTGCTTGCGAGGCATTTTGGCTCGGCGCGAAGAGATCGACGCCACTCTATCGAGGTTCTTGGTCGATTGGGAGTTGGGACGGCTGTCGATGACGGATCGCGCAGTCTTGGAACTCTCCACCTATGAGCTTTTCCACCGACCTGACGTTCCTGCGATTGTGAGCGTTTCCGAGGCCGTCGAGATTGCGAAGAAGTTCGGCTCGGGGGAAAGCGGCAAGTTCGTGAACGGCGTTCTTGCGGCGGTGCTGCGCGGGCCCGCGAGATACCGGCTGGACTCCCCCGACCCCGAAGAAACCCCGGAAGAGTCGACTCCTCCAGACCCAACGGAACCCGAAGCGGAGGAGATCATGGTGGAAGAGGGCTCCGAACAGGTAAGAGATCTCGAACGAGTCTCCAAGTGGCTCATTCGCACCGAGGAATCTTGATGTCTGCAACTCTCATCGACGGGAAATCACTTTCCACCCAACTGCGCGCCCAGCTCGCCGAAAGGGTCAGCGCGCTGTCCGCCGCCGGATTCCGGCCTCGACTCGAGGTCCTTGTGGCCTCTCAGGACCCGGCGAGCTTGGCCTACGTTCGCATGAAGACGAAGTGGGCGGAAGCGATGGGGATCGAGAGCGGCACGTACTCCGTCGGCGAGGCCACCCAACAGTCGGAGCTTCTGGAAAAGATCAGGGAGTGGAACGCCGACGAATCCGTCCACGGAATCCTGATTCAACATCCATTGCCCTCCCAACTCGACGAGTCGGAGGCGCTACTCGAACTCGGGGCCGAGAAGGACGTCGACGGGATCACCCCGGAGTCGCTGGGTCGGCTGGTGGCGGGTGCGCCCGGCTTCCGTTGCGCGACCCCCCTCGGGATGATGAGGATGCTCGATGCCTATGACATCGACTGCACGGGCAGGACTGCGGTCGTGATCGGGCGCAGCGTCATCTTGGGAAAGCCCGCCGCGCTCATGCTGCTCGAAAGGAATGCGACCGTCACCATCGCCCATAGCCGGACCCGCGACCTTCCGGACCTCTGCCGAACTGCCGACATCCTCGTCGCTGCAGTCGGCAGACCTGAATTCGTCAAGGGCGACTGGCTGAAGCCGGGGGTCGTGGTGTTGGACGCAGGCTACAACAAGGTCGAGGGCCGCGCGACGGACGTGGGCGATGTGGAGTTCGAAACGGCGGCCGAAAGGGCTTCCTTCCTCACGCCGGTACCCGGTGGAGTGGGCCCGATGACTGTGGCGAGCCTCCTCGCCAACGTCGTCGATGCCGCCGAGGCCCGCCTCCGATCCGAGCAAGCGCGCGCAACGGCTTCGCGCTCCTAAGGCACCCCTGCCAAGAAGGCCCCCACGATGCAATAATGAAGCTATTCCGGGGTTGCGCGGAATTGCTAGGAGGAATTGGACCATGAAGGTCAGCATCATCGGCGGTGGAGGGCGGGTAGGTTCGGACGCCGCGTTTTGTCTTCAACTGGGCGGCATCGTCAGCGAAATCGTCCTCGTCGACATGAACGAGGAGCTCGCGGCGGGAGAAGCCCTCGACCTCAGGCACGGCTCGGCGCTTACTGCGAGCCAGAAGATCGATTCCGGAGGCTACGACAAAATCGCCGGAAGCGATTGCGTGGTGATCACGGCGGGGCTCCGAAGGAAGCCGGACGAATCGAGGCTCGAACTCATCAACCGAAACGTGGGGCTGTTTCAGTCCATTCTCGGCAGCCTGAAGGGCGTTGAACTCCCTACGGATGCCACGGTCCTCGTGGTCTCGAACCCGGTCGACATCCTCACGCAACTCGCAGTTGAGAGTGGAATCCTGCCTGAGAAACAGGTGATCGGGCTCGGAACCGTGCTCGACACCTCGCGCTTCCGCTCGCTGCTCGCCGATCACTTCGGAGTCGGCGCAAAGGACGTTCATGCTCTGATACTCGGAGAGCACGGCGACTCGATGGTTCCGATGTGGTCGTCCGCGACCCTCAACGGCGTGCCGTTGCGGAGCCTTCCCGGCTTTACAGACGAACTCGCGGAGGGCCTCTTTGATACGACCAAGAAGTCGGGAGCGGAGGTCATCCGGCTGAAGGGCGGGGCGGGCCGCGCGGTCGGCGTCTCGATCATGGAAGTGGTTCACGCGCTCGCGCTCGACCAGGGCGCAGCGTTGCCGGTCAGCTCGATGCAAAGGGGCGCGATGGGGATTTCCGGCGTGTGCCTTTCTCTGCCGTCCTTCCTGGGGAGGTCAGGCGTAAGGTCGGTGTTGGAGCCCGCTTGTTCAGAATCCGAGCGTGAAGCGTTGTTGGCTTCGGCCGAATCCCTCAAGAGCGTCCGGGCGCAGATCCAATAACCCTTACTTCGGGATCAGCGAAGGCCTGCGCGAAATGACCCAGTCGCGCAGGATCTTCCGCCCTCGATGAATCCGCGAGCGGACGGTCCCTATCGTCGTGCCCTGCCTTTCGGCGATCTCGGCGTAGCTGAGGCCCTCGATGTCGCACATCTCGATCGCCTCGCGGTAGAGATGGGGAAGCTCGTTGATCA
CP054189.1_gap23	677616	678261	645	TTGGTCGGGGGAAGGATGCGCGCGTGCGGGAAGATTCAGGACCTGCAGCAGATCGAGGGCCAGCCAGTCGATGTGGAACTCAAGCTCCCCAGCGGGGCGTTCGCGAGCGCGATCATGGCCTCGGGAGGCGAACTGCTCTCCGCGCGGGGGGCAGTTTATCGCGTCCAGCTTCCCGGAACTCCCGAAGAGGTCATTCGCAAGCTGTTCGAGTGCGCCCGGTCGGTGGATTCGCAGATTCGCGGGTTCCAAGTCGCCCAAAGATCGCTCGAAGATGCGTTCTTGGAGGCCGTGAATGGCTAGTTCGCCGATTGCGGATCTCTCCTATCGGGACTACACCGGGCCTCTCTCGTCGCCGGTGGGCCGATGGTGGGTGATCGCCCGCGTCGGCTTCCAGCAGAACCTCAAGAAGAAGAGCCTCTGGTGGCTTACGGTCATGTCCGGCGGCTACTACTTCGTGTTTCAGGCGGTCGTGTTCTTCATGGAGCAGTTCGCTCTGTCGTCGTCGCGCGGCGAAGAGACCCTCCGCGAGTTCCTCAGCCGGATCGTTTGGATCGACCAGTTCGTTCACGGGATCTCTACGGGCCAGCTTTGGTTCTTCATGATCGTGCTTCTCGTCGGCGCGGGCTCGATATCGAACGACTTTCG
CP054189.1_gap24	685521	687078	1557	AGCGGCAACGACCAGCGGACCGAAAAAGTCCCCCTTCCCGCTTTCGTCGACTCCGATGTGTCCTTCGCGCACAGTGGGCGAGCATACCTACGGCGCATCCATAATCGAGTCTGTGGACGGTCGCGTCGCGTTCGAAGTCGTCGCCGAGTGCCCTCGGACTGGGGCGCGCCGGGGGCTCTTACGCACGCCGGGAGGGGTGGTCGAGACGCCTGCCTTTATGCCGGTCGGAACCCAAGGGGCGGTGAAGACCGTCGGCAGCGAAGACTTGGAATCTCTGGGATACCGGCTGATCCTTACAAACACCTATCACCTCGCCCTCCGCCCCGGGGCTGAGGTCGTCCGCGAGTTGGGCGGAATTCACAAGTTCATGGGCTGGTGCGGCGCCGTTCTTTCGGACTCAGGCGGGTACCAGGTGATGAGCCTGTCGTCGCGCAGGTCTCTCACCGACGAGGGGGTTCGCTTTCGCTCCCATCTCGACGGCAGTGAGTTGTTCCTAAGCCCTGAGGAATCGGTCCGAATCCAATCGGAATTGGGGGTCGATATTGCGATGTCGCTCGACGTGTGCCCGCCCTACCCATGTACGCGCGAGGAGGCCGCAGAGGCGATGCGGCTGACGCATTTGTGGGCGCCAAGGAACCTGGAATCCCGACTCTCGCTCCCCGAATCCCGAAGGCCGGCGCTTTTTGGAATCGTCCAAGGCGGGGTCCACGAAGACCTGCGCCGAGAGGCCGCTGAATTCCTTTCCAGCGCGCCGTTCGATGGGTTTGCGATCGGCGGCGTGAGCGTCGGCGAGCCCACCGAGTTGCAGCGGCCTGTGGTGCGCCAGGTCGCCCCTCTGCTCCCCCAGGAGAAGCCGCGCTACCTGATGGGAGTGGGGCACCCCCAGGACATCCTTCACGCTGTGTCTTGCGGCATCGATCTCTTCGATTGCGTCTTGCCGACCCGGATGGCCCGCCACCATTGCCTCTACACGTTGCAGGGCCGCGTCAACATTCTCAACGAGCGGTGGTCCAAGCACAAGGGGCCGTTCGATCCGGCGAGCGTCTTTGCCCCGACCCAGCGCTACAGCGCGGCCTACGTCCGGCACCTATTCAAAGCGGGCGAACCACTCGGCCCCCGGTTAGCCACGCTGCACAATTTGGCGTTCTATAGCCGGCTGATGGAAGAGATTCGGCAAGCGATCTCCACGGGAACTTGGGACGATCTGCTGACCCGGTACGAAAGGGCCTGACCTCCGTGCCCGCGTCAGGGCTCCTTTCTGGGAGACTTCCCCATTGCGTAGATCATCCAGCCTGCGGGTTCGCCCAGCTTCACCTTGGGGTGGCACGCGAGACACGACTCATCAAAGTAGTCCATCCGCCTTGCGACCCAAATCGCCGTATCGCTCTCACTATCCAGGGTGGTTTGGGAGCCAGACAGGGCCTTCTTCGCGACGGCGACGAACTCGCCAGGCTTGATTTCGCTAGGAACCCCGTCGGGCGCGTCGACGAAGTTCGGCCGGGGGTTCGGCCGAGCGAGTTGTTCGAGCGCGAAGAACTGCCACACGACGGATCGCTT
CP054189.1_gap25	689149	692800	3651	GAAGGTCCACGCGGGCGGAGCGTTGAGTCCATCCGAGGAGGAGTACTTCCAAGAATGCAGGCAAAAAGATGCCGCCTTCCAGCAGCTTAATCTCGGCCACTGGGCCAAGTTAGAACGCCCCGCCGGGGGAACTTCTGAAGCCGCCAAGAGGTAAAACGAAGTGGTGAATAGCCGGTCCATCACGATTCTTTGTGTCGGAGCGTTGGTGCTGGCAGGTTGCTCCAGCAAGAAGCCCGATGACACGAAGCCCAACGCAGTGGGGTCCAACTCCCCCAAGCCCGGCGTCGACTCGCCGATCCCCGAAGGGCTTCTGCCCAGCCCCCCTGAATTCGCCGAGCCTTCGGAGCCTCCCCCCAAAGGCAGCAAAGGCTGGACGAAAACCGAGCTTGCCGCCGCTCAACTCGCCGACGAAGTTGCGGGCGCGATGGCGAATCTGAATGGGGTCTATGGAGAGGCCCGGACTCTCATCCTGACCGCCGCAGGAAAGGGCCAGCACAAGAGCGTGATTCGGATCGCCGACGCCAAACATTTCCATGTGGATTACTTCGTCGGCAAGGAAGCGCCGAGTTCGGCGAGCCTCAAGAGCGACGGCACGACGAAGGCATCGTTCAGCGGCAAGGGCGTAACCGATCAGACTCCGGTCGGAACAGCGAGCGCGGACGCTAACCTGACGGATACGGAACTGGTCGAAAAGTGGCCCTACGAGTTTTCGCGGCTCATGTTCCGGGGCCTCGTGGACGGCAAGGACGCCTGGAAGCCGGTTCTGATGGGTCTGGCGCGAGGCGAAGGCGGATTCGAGACCACGGTCGAGGAACGGGAAAGAAAGGTCGGCGACAAGATCGTGCGCAATTTCCGAGTCCTTGCGGTTCGGAAGGCGAGTTCGGCCAAGAAGCTCGGCGAGTGCACCATCGAGATGGTGTTCGACGCAGACCGAAAGCTTCCCGTCACAATCCGCGTCGACCGGAAGGACGCCAAAGGGAGCCCGTACCGGCTCCACTGGTCCGCCGGATGGAACTTCAATCAGAAGTTCGACGCGAAGGTGTTTCAGTTCGCTAGCTGAGAGGGTTTTGGGGGCTTCGTCCTTAGCCGATTCGGACCGGCTGGCCCGATTCGAGCGATCGCACGACAGCCACGAGAACCGCGACCGTGCCGATCCCTTCTGCGAGGTCGGGGCTGTTGGGTTCGCCGGACAGGAGCTTGGAGGCGAAATAGTCCGCGTAATTGCAGAACTCGCCGTAGTGCATCCCCTTCAATTCGTGCCGGAAGTAGTAGCCGGACATCGCGTGTTCGAAGTTCTCTTCACGCTCGATTCCATCCCTTTCGAGGGCATAGGTGAGCCTCAAGTCCGGATACCTCGCCACCGACGACCCTTCTGAGCCCATCAGCCAGCACTCGATCAGCGACCGCCCTTGGGGGTGCTCCGAAACTCCGTAATGCCCGAACACCCGCGCGACACGGCCGTCGGCGGCGCGAAGGTTGACGCACAGAATATCCGGCGAGGGCATCCCGTAGGTCCGAGCCAACCTCGATATGGAGCCGAGCGCATGAACCTCATCGATCTCCCCCAAGTACCACCTTGCCAAATCGATGGGGTGGCTCAGTCCGAGAAAGGCCCAGTGCGTCGAGCCTTGCGTCCAGGGGCTCTTTTCGTACCACCAGTCCATCCGGTGGACGTAGTGGGCGTCTAGGACCTCGACCTCGCCCATCGCCCCGGATTCGAACAGTTCTCGTTGGCGCTGGAACGGCTCAAAGAACCTCGTGGACTGCCCGACTTGCAGCCGAACCCCCGAATCCTGGGCTAGCGCCAGCAACTCCTCTGCCCGTTCGAGCGACGTGAGGAGCGGTTTGGTGCAAATCACGTGCTTGCCTGCGCGGAAGGCCTGGCCGATATGGTCCGCGTGCATCGGATCGGGGGTGTAAAGGGCGACGATCCTGACCTCAGGGTCGGCGAGCATGTCCTCGTAGCGCTCGTAGACGTGCAGGTCTGGGCAGGCGAGTCGTGCCGCCGCGCGCTTCTCTTCGGCAAGGTCACACCCTGCGACCGCCCGGCAAAGCCCGGAAGCGCGCAAGGCGACGAGCAGCGTGTGTCCTTCGTGGAGTCCGAGAATCCCCACCCCCAGCCTCTTGTCGAGCGGGAGTTCTCCGTACCCCCGGCGTCGGCCTACGACGGGTTTTCCGGTCGGGAGAAAATCTGGGTGCATCAGGCGGCCAAGTCCTTAGCCTGGAGGCCACGAAAACGGCCTACCCGCCAACAGGTGGACGTGCAGGTGATCGACCGTTTGCCCTGCGTCCATGCCTTGGTTGATCACAAGCCGAAATCCAGAGTCCAATCCCATCTGCTCGGCGATCTTCCTTGCCGCGTTCAGGAGGAACTGATGATCGCCTGAATCGGGCGCCTCGGCAACGCCCGCGATCTCCTCGCGCGGCACGATCAAGACGTGAACGGGCGCTTGAGGGTTGATGTCCTCGAACGCAAAGCAGTGCTCGTCCTGGTAGACGATCTTAGCCGGGATCTCCCCCTGCAAAATCCGCGTAAACAGCGTGGGCATTTGGCTCCTCGCCTCAAGATTCGCCTTGGCGTGGCGAGAACCCTTCCAGAAATCTATCGAGCCGCAGAAAGCGGCAGCTCAGAGGTGCGGGAGGCCGTCACGCGCTCGCCCAAAAGCGCTCCGTTCGACAACTCGTCGAGACGGACATCGACGCACCTTCCCACCCATTCCTTCGGGCCGCTCAACTTCACTTCGAGGTAATTGTCCGTGAGCCCGGAGAGCAGGCCCGACCCCGCCGACCGGCCCTCGATCAGTACGCGCATCGTCCGCCCGAGAAATTTCCGCTTGTGAGCTTCGCCGGTTCTTGTGGCAATCCCCATCAAGACCTTGCTTCGGATTTGCTTTTCGGCGGGGTCGATGGGGTCGCCCCACTGGTCCGCCGGAGTCCCATATCTCGGGCTGAACCGGAACACGTGGGCCTTCAGGTAAGCGGCCCGCTCGCACACTTCTGCGGTCGAGGCGAACGCTTCGGGAGTCTCGGTGGGAAACCCCACCATGATGTCGGTCGTGAGCGAGATGTCGGCGACCTCCCGGTAGAGGCGGTCGCAAAGCGCCAAGTAGTCGGACTTGCGATAGCGACGGTTCATGTCAGCCAGCACCTCGTCGTCGCCACTCTGGAGCGGGATGTGGAGGTGCGGCACGACCTTGCCGGCCCGCATCAAGTCGATCAGACGGTCCGAAACTTGGTGCATTTCGATGCTGCTGATTCGAACCCGCTCGACGCCTTCGACTTGGGCGATGCTCCCGACGATGTCCTCGAAGCCCGGCCCCCCACTACCGCTTTCGGGCCCGTACGCGCCGATAAGAACGCCGGTGAGAACCACCTCGCGATATCCTAATTCCGCCAGCCTCCGAACCTCCGCCAAGACCTCACCGGCCTCGCGCGAGACCATTCCGGGCCGCGTAAAGGGAATCGAGCAGTAGGCGCAATGGATGTTGCAGCCGTCTTGCAGCTTCACCGTCGCGCGGGTCCGGCCCAGGGTGGCGCTTGGCGTGATCGCCGAACCGCTCTCACGGGACGCGCGCTCGAGGTCAGGAGCGAACTCGAAGAGGTATTTGAGCGCGTCGAGCTTTTCAGGGTTCGGAACTACGACGTGCGCGC
CP054189.1_gap26	732580	736595	4015	TCCCCTCATGCGCCAACTCAAGCTAGCCTTCAACAGCGGCGAGACCGTTCGATTCGAAACTTACTTTGAGGAATCCGACAGTTGGCTCGACGTCAAGGCATATCCTTCCGGCGAGGGGCTCTCCGTTTACTTCCACGATGTCTCCGACCGAAAGCACTCGGAGCAGATGCAAGCGGCGCAGCTTCAGCAGATTCGAGAGTACAGCGATCAGCTAGAAAAGCAGCGGCATGAGCTTCGTCAAGCGAACGCCAAGCTCGAAGAGGCCAACTCCCGACTGGAGGCATTGGCGACGCGAGACGGCCTGACCGGGATTTTCAACCACCGCGCGTTCCAAGACCATCTCGAACGGGCCGCCACTTCGTGCGCTCGCTCCAACCGGCCGCTGTCGCTCTTGATGATCGACGTCGACGAGTTCAAGAAGTACAACGACGCTTTCGGACATCCTATGGGAGACGAGGTTCTCATCGGCGTGGCGAAGATTCTCACCGAACACGCCCGCGAGGTGGATATCGTGGCGCGATACGGTGGTGAGGAGTTCGCGGTGCTCCTACCGGACGCCGACGAAGTGGCAGCACTAACCGTGGCCGAGAGGATTCGAAGCGCGATCGAAGATAGAGAATGGCCGCTTCGTCCCGTCACGATCAGTTTGGGCGCGGCGACAACCTGCGGGACGTGCGCGAACGCCAAAGACCTCATCAGTGAGGCTGACAAAGCGCTTTATGCCTCGAAGGCCAATGGGCGCAACCGCACCTCGCACTTCCGAACGATTCAAAAGGAAGCCGCCTGATGTCCCGGCTCAGTTGAACTTAAGCTGGATGCCGCGGCGCTGAATCTGCTCGACGAACCTCCCGCCCGACATTGCGGTCTCGTACCGCAACGCTCCCGTGGGCATCTCTCCGGCGGCTATGGCCTCCGCATAAATGGCCGCTGAAAACCCCGTGAGCCGCTCCATCGAAGTGAACCCAGTCGCCTCGTCTTCCCGGTCGAAAATGTCGATTTGGATACGCTTGGGCTGACCGTCTTTCGTTCCCAAGCCGACGGCACGGACGGCGCACATATCGAGGTCTTCATATTGGGCGAGCTTGTCGCCAAAGACCTTGTAGAACAACTCGACCGGCTTCACTTCGCAGTCGCCAATCTCAAGCCTCTCGTGACTCCAGAACCCGAAGTCCTTAAAGATTCGCATCCGCTCGCAATGCCCTGGGAACCGGATCGTCTTGTACTCGTAGTTCTTGACCTTCCCTTCGAAGGTGTACGGAGCGGTGCTCGTACCTCCTGAAGTCGTGAACGCCTCCATGTTGCCGAGTTCCTCGATGTGAAGCGACTCCAGTTCATCGAGCGTGTCGACCTTTTCGATCTTGCCGTCGCGCAACACGACCGCTTCGTAGTCGTATTCCGTCACGAGACCCTCGACGTTGAACGTGAGCTTGTAGTTGAAGGGAGGCTCGGGATGCTGGGGAAGCACGCCACAATAGAGCTTGACCGACTCCACCTCGTCCAATTGCTCGATGCAGTAACAGCCCAGGTTGTTCACGAGGCCCGGAGCGAGGCCGCAGTCGGGGACAAGCGTGACTTGGGACTCCTGCGCTGCGGCATTCATCGCAAGGGTCTTCAAGGTGATCTCGGTGTTGCCTCCGAGATCTACCATGCTCGTTTTTGCGGCAATGGCTGCCGCGGCGATCTGCGGGTGCATCCAATATGGGACGCAACTGGCAAGGACGTCGACCTCCTTCAGAAACACGACCATCTCTGCCTCATCTAGGGCATCCACCTGTGCGGAAGTGCAAACGTCACTCTCCGCCAATCGGTTCACTCGCTCTGCGGCGGCCGCCGCTTGGTCGCCGCAGACGTCAGCCAAGATGACCCTTTCGGGACTGGCATGCTTCGCCAGGTCGTAAGCGAGGGCCGTGCCCTGCATTCCAGCACCGAGAACCGCGAAAACTTTGCTCATGATAGGAAACCCAAAAAAAGCGCCCTTGGTCGGGCGCGGAGTGAGGAGAGAGTACCCGATGCGCCCCTTCGATGTGTAAGCCGACATCCCTTACATCAAGGTATCCTTTGACCGCTCGCGCTGTGGGGGCGTCGGGCGCAAAAGAGATGTCCTCAGTGAGCCTGTCAGGGGGGAATTCGACCCCCAACCCGGTCGACCCCGGACCCAAACGCTTCGCCCGGCTGGCGTGGGCTAGCGTTCTTTACACCATCGCTGTTATCGTGTTCGGCGCGTTCGTTCGGGCCACCCACTCCGGGGATGGTTGCGGCGCCCACTGGCCGAAGTGCGACGGGGTCTTTGTTCCGCTCAACCCCTCGGCCGAGATGCTGATCGAGTTCACACACCGCGTCACGAGTGGGATCGCGGGGCTGCTCTCGATCGGTTTGGTCTTCCTTGCCTTTCGATGCCTTCCTCGAAGGCACCCTTCCCGTCTGGGAGCGATCCTGACGTTTGTCTTCATGATGATCGAGGCGGGGATCGGGGCGGTCCTCGTCAAGCAAGGGTTGGTGGGCGACAACGACTCGGTTCACCGGGCCGTCTATATGGCGGTTCACCTCTGCAACACGTTCTTGCTGCTGGCGGCAATGGTGGCGACCGCTTTTTGGGCGAAGACGGGCGCGACGCCGAAGTTCCGGGGGCAGGGAGCGGCCGGGTTCGGAGTTTTTTTGGGGGCCGCCGCCATCCTTTTGCTTGGAGTTAGCGGGGCGGTGACGGCTTTGGGGGACACCCTTTTCCCCGCTCAAACGCTCACCGAGGGACTCACGGCCGATTTCTCTTCCACCGCCCACTTCCTCGTGAGGCTGAGGCTGCTCCACCCGCTGATTGCGGTTTCGGTAGGGGTGCTGGTGGTCTTGGTCTCGGTCGCGTTGAGCCATTCGCGCCCGAGGTACGGAGCCCCCAGGTACGCGAGCGCGCTGGTGGGCCTTTTCGTTACCCAACTCTTCGTCGGTATGATGAACGTTATCCTGCTGGCGCCGGTTTGGATGCAGTTGGTCCACCTGGCGATCGCCGACGCACTGTGGGTGGCCTTCGTGCTGTTGGGACTGACCTCATTGACCTCAGAACCTGCTGACCTCGATAGCGGCGAGCGTGAACGCCCTGGAGCAAAGAACCTCGGGGAGTTGGCGCGCGCCTACGTGGCACTTACGAAGCCGCGCGTCATCAGCCTTCTTCTCTTCACGACATTAATGGCTGCGCTGATGGCGAACGGCGGCTGGCCCGGCTGGCCCTTGTTCCTCTCGGTCGCCATCGGAGGCTACTTGGCCGCTGGCGCAGCGAACGCGATCAATATGTTCGTCGACCGCGACATCGACCGCGAGATGGCCCGCACTGCGACCCGGCCCACAGTGACCGAGGTGATTCCGCCAATCCACGCCTTGTACTTCGGTTTCTTTGCGGCAGTCGCTTCTTTCTTGATTCTTTGGTCGGGCGCAAACCTGCTGGCGGCCAGCCTAGCCATGGCCGGACTCTTGTTTTACGTGTTCATCTACACGCTGATGCTCAAGCGGCGCACGTGGCACAACATCGTGATCGGGGGCGCAGCAGGTTCGTTTCCGCCGCTCGTGGGTTGGGCGGCCGTGACGGGTGACCTCAACTTTTTCGCTTGGGTGCTGTTCGCGCTGATCTTCGTGTGGACGCCGGTTCATTTTTGGGCGCTGGCGATTCTGATCAAGGACGACTACGCGGCTGCGGGCGTGCCGATGCTGCCGGTCGTCCGAGGGGATCGCGCCACGATCCTTCAGATTGCCTTGTACGCCGTTCTTACGACCCTTGTGAGCGCACTGCCGCTCCTCGACCCAAGGGTCGGCCCCAGCTACCTTCCTGCAGCGCTGATCCTGAACGCCGTACTCCTTTGGCTCTGCGCCAGGCTCTATCGCCGGCCCGTCAGGAGAGAGGCATTGTTTCTTTTTAAGTATTCAATGGTGTACCTGGCGCTGCTGTTCGCAACGTTAGCGATCGATCGAACATGGGTTGGCTGAACATACTGGACAGTTGCGTATACGCTGAACCCTGTGCCATAGTTCT
CP054189.1_gap27	820688	822811	2123	GCGAGGCATTCAGAGTTCGCAATAGCCTCAGGCCATTTGCAACTACCAACAGACTCGCGCCCATGTCGGCAAAAACAGCCATCCATAGGGTCGCGACTCCGAAGAACGCGAGGGCGAAGAAAACGGCCTTCACGCCAATCGCAAAAATGATGTTCTGCTTCAGCACGAGCGAGGCTCGACGGCTAAGACGAATGAACTCTGGGATTTTTCGGAGGTCGTCTTGCATCAACGCAACGTCGGCGGTCTCAAGTGCCGTATCGGTTCCGGCCGCTCCCATTGCGAATCCGACATTCGCTTGTGCGAGAGCCGGCGCGTCGTTGATACCGTCGCCAACCATTCCGACGTGACCATTGTCAGCCGTAAGCTCTGTGATGATCGTCAGTTTGTCTTCTGGAAGCAGGTCACCGCGAGCGTCGTCAATGCCGACTTGGGCAGCGATGGCCCTCGCGGTTCTGACGTTATCGCCGGTGAGCATAAGAGTCTTCACGCCTAACGCGTGCAGCTCCTTAATTGCTTGGATGCTCGTTTCGCGGACGGTATCGGCTACGGCAATGACTCCGAGCGCCCGATCAGCGTTGCCGAGAATGACGACCGTCTTGCCCTGCTCTTCAAGCCGTTCGAGAACAGCTTCGACCTCTGCGCGGCAGTAGTCCTCCTCGTGGGCCAGCCGGTGGTTTCCAAGGAAGTATTGCTGCCCGTCAACGACTCCCTTCACCCCCCGCCCCGTTATGGACTCGAACTCTTCGACCGAAGCTCTCTGTCCTTCGTACGCAGCGACAATGGCAGTAGCCACGGGATGTTCTGAAGGGGCGTCGAGGCTAGCTGCTAAGCGAAGCAGTTCAGACTCCTCAATGGAATCAAACGGTACGACATCCGTCACCTTTGGCAAGCCGTGGGTCAACGTGCCGGTTTTGTCAAGAGCAATTTGCGAGAGCCTTCGACCCTCCTCGATGTAAGTGCCGCCCTTCACCAAGATCCCTCGTCTTGCGGCCGAAGCTATCGCACTGACGACGGTGACCGGGGTCGAGATGACTAGCGCACACGGGCACGCGATCACCAAGAGCACCAATGCTTTGTAGAGCCAAAGCGAGAACGATTGGGCGAAAAGCAATGGCGGAACGGTGGCAATCAGAATCGCCAATAGGACGACGAGCGGCGTGTAGTACCGGGCGAACTGGTCGACGAAGCGCTGCGTCGGCGCCTTCTGACTCTGCGCTTGCTGCACGGCCCGAATGATCCGTGCCAGTGTCGTTTGCCCTGTGTTCGCCGTAACCTCAAAATCGAAACTGCCTTTCTCGTTGATCGTCCCTGCAAAGACCTGATCTCCAACCAGCTTGGCAACGGGGATGCTCTCTCCGGTGATAGGAGCTTGGTTGACACTTGATGAACCTTCTTTTACGAGGCCATCTAACGCGATTCGCTCTCCCGGCCGGACCCTCACGAGTTGCCCCACGGCAACGCTGGAAGCTTCGATTTCGACCCATTCGTTTCCGACCAATGCAAGGGCACGCTCGGGGGACAATTCCATGAGTGAGCGAATCGCGTGACGCGCCCGATCCAGGGAGAATGCTTCGATCATTTCAGCTACGCCAAAGAGGAAAGTGACCATCGCTGCTTCTGGCCATTGGCCGATGAAAGCCGCCCCAATGATCGCGATGGTCATCAGGAAATTGATGTTCAGCGCTAATGTGCGAAGGGAAACGATTCCCTTGCGAATCGTTTCCCTCCCGCCGAGCGCAATCGAGCCAAGTGCTAGAGCGATAACGGGCCACGACCGTTCTGTGCCGGTATTCCACGCGATGACTTCGGCGGTCACCGCGAGGACTCCGGAAGCTCCCATGAGCCATCGATCAAGGACTGGAACGGCCGGTCCATGCCCAGCCGATTCGGGCTCGTTATCACTGACGAGCTTTGGATCCATTCCTACCGATTCGAGGGCTCGCTGAATCCTGCCTTCGTCGGAATGTCCGTGGATTACCGTCAACTTGCGGCTCATGAGGTCGAAGTCAAGCTGCTCGATCCCCTCCATACCTTTCAAGCGGTTCCGAATAATGCCTTCCTCCGTGGGGCAATCCATCTTGCCGATGTGGAAGATCGTCTTCATAGCTCCTCCGGAACTTCGT
CP054189.1_gap28	849308	854148	4840	GCGACCACGTCGATGAGGTTGCGAAGCGACCTGCCAAGCCGGTCGAGGCGCCAAACAACAAGACAGTCCCCAGGTCGAGCGAAAGCTAGCGCCTCGGTGAGACCTGGTCGGTCGGCCTTGGCTCCTGACGCGTGGTCGGTGAAGGTGCGCTCACAACCTGCTTGAGAGAGAGCATCTGATTGCAGGTCGACCGATTGGTCTGTGGTAGAAACACGCTGGTAGCCGATGAACATGAGGTCTCCTTGTCTCAAATCGCAACCTCAAGCGTAATCGCGAGACGCTGATTTCGAGATGTCGGTTTGAGACAACGGAGCAGGTTCACCTCCGGGGCCGGAGGTCGCAACCTCGGAGCGTCTTGAAAACGGTCGTTTGTGAGACTTCGACAGTGTTGCAACCCTACATCAAGACGGAGCGTATTATCTGGTCTAGGCGTTCGGACTCCGTCCGCTCGCCGACAGTTTGGGAACAATACTTGGATGGCCGAGCCACGTCCTCGGATGGATACGCATGGGCTTCTCCCTTCTAGGGAAGTTGGTGAAGTTGCTGCCTCGCAAGAGAAAGCGCAAGCCCGCTTCTAAGTCTGCGAAAGCAGGCCTCGTCAACGCGGAAACGCCAAGACCAACGAAGGAGAAAGAGAACATGAAAGTAAGAACGCAAATCGTTCGTGTAGCTGGTGGGGGTGTCCTGCTGGGGAGACGAGGTCGTGTGAAAGCACTTCCTGAAGGCCATAGCCATACGAAGAGTGTGTTCGGGCGCCGAGTACCCAGAAGCAGGACAGGGGGTTCGATTCCCCCTCTCCCCACTCAGTAGAATTCGCTCATGTCTGAAGTCGAAATCACATTGCACAACCGGCAGGTGCATAGCGTCTTCGAGCTACTGGGAGCCAAGGAGAATGACCTCACTTACAGTCTCGGCTGGGCTCTCCACAAGTCAGAGCGGCTGAGCCATGTGTTGTGCCAACGTGCATTAGCCCGCCAAGACATTGAGGCGCCAACCGCGATTCAACTTCAGGAGCATCAGGAATCAGGGGGTTTCACAGACATCGAGTTGTCGGGACCCGGCTACCGGGTTGTCCTCGAAGCGAAAAGGGGATTCGTCGCGCCGAGCATGGAGCAGCTTCAGAAATATCTCCCACGCTTTCGGGACGATGAGCCCGACCGCGCATTCTTAGTCGTAGCCGAAGCATCGGAGACCTACGCGCGTGCAGCCCTTAGCGTTCCTTTCGAAGTTGAAGGAGTGCAGGTCTCATACGCAGCCTGGGCCGACGTACTCCAAGTGGTTCGGTACTCTCGCAAGTTGAAAGGTCTCTCTCTCCGGGAGCGGCACACCCTTGACGAACTGACAACTTATATGAGCAAGCTAATCAGCCAGCAAGACCAAGAGTCTAATATGGTGTTCGTTGTCGCCCTGAACCGGAATGGCGCCCTCGGCTCGTCGACCTCGTTCTACCAAGTGGTAACCGAGCAGGGGCAATATTTCCACCCCTATGGTGAGAAAGGAAAGCGATGGCCGAAGGTGCCGCCCAACTATCTTGGCTTTCGCATCGACGGTAGGTTGCTCAGCATCCACCATGTCGAGTCTTACGAAGTCACCGCTGACCTTAGAACGCGATTTCCTGAGTTCACTCAGCCCGGAGAAGGGAATCACATCGTGTATCGGCTGGGGCCAGCGATTGTCCCTCAATCAACTGTGAAAACGGGCAATCTCTACCGGTCACAGCATGTTCGAGCTCACCTCGACCTGCTCCTAACTTCAGCCAGCATTAGCGAAGCACGTGACCTGACGCGGGCCCGTGGAAGTCAGGTTGAGGAGTGAAGACGGGCTTACGCGCGGAAGAGCCGGATTAGCTGTTCCGCCCACGGGGAAGCTACGGGTCTCCCATGGAAGTAAGGCGTGCACATCTTGCCTTGGTTACCCTGTGGCTCCGTTCTTGACCAGCGATGACAGCCCTTCCGGACATATCGCCTTGAATTTGCAGCCCGGACATTTTTGGGAATCAGGCTGCGCCGGGAACCTGTCACGGTCCGCGATGAACTCCTCTGCGCCAGGACGCCGCATCTCAACATCCACCATCGAACGTTCTCGAATGCAATCGGTCTCAATGGTCTCTTGAGCAAACTCCAGCTGCATCGCGCCGATTGGCGCAGGCTCAAAGTCCGGCCGCAGAGGCATCAGGACAACCTGCGAATACACGCGGTCAGGACTGATACCCCGAGAGTAAACAGCCCACAGCCCATAGACGGCAAGCTGGAATCCATCATCCTGACCAATCTGCCTCGACGCCTTCCAATCCATTACAGTGAACCGCTCAGTTTCATCTAGCCAGGAATCGGGCGCCGAACTCACCCAATAGTCCCCTATCTGCCACGCCTCCGGTCGAGGGTCCTCACGAACCCTTGGCTTCGGCCAGGTCTCAATAGGCGATTTCAGTAGACGCAGAACGATTCCGCTCGATGCGAACGCAATCGCGGCCGCTGCCACCCGCTTAACCACCTGCTCATCAGTCAATACCGGGCGGCTCTGCCAGACGTGGTCATCAAGAACCTGCGCGCCGAATGGTGGTGCTTTGCCTGCCAAGACCTTTTCTGCGTTTATCCTGCTCGAAGCGATGTTCCTCTCACCCAGCTCGCGTGCATATGCCTCGACCTTCTCGACGTCGGGAAGTTTGCCAGCTCGTCGAACGTGATTCAACACTGAACCCGCGACGCTGTCTGCAATCTGACCAACGAACATGTATCGGGTCACCAACTTTGAGTGAGCCAGCATGAGACCGGCATCAGGTTCGCCCTGGCGGTAGTAGGCGAACCAGTGAGCGCGCGGACAGCCCCTCAGCGACTTGTGGCGCGAGAAGCTCCATGCGGTTACTTGCATTTACCCATTGAGAGACATCATTCCTGGTATTATTCGGCTCCAGTCATCGTGCTGGACCCCTGCGACGTCGCACCTGAACGACCCTTGGATTCATGAGGGCTATACGCTCGATTGAACACATCTGTCGCCACGGGGCGAAGGTGGGGTCGCTTGCCATGGTCAGTGAACGCGCATCTGACCCTGTCGTTGCGAAGACTTGGTTCGGGCTCCATGTTCCTGATTCCGCTTGAATGAGCGTGAGGAGAGGTACTTGGGGGCGCGGTGTAGCCGCGCCCTCACCCGTATGCCAAGGAGAAGTGATGTTCATTTGATTGACATCGTAAGCCGCCGGTGGCCCGCGCGGGGCGCAAGCTCAAATCATAATAGGTTATTCGGTGGCCTTAACAATTGGTGTGGGACTAGTAGATTCAGTCTTTGACCGCAAAGCCCTAGAGACTGCATTCGACAGCGTCCTAGAAGCGATGCGGAGCGCGCAGCGGGCACATGTCCGAGACCCAGCGGCGCATAAACGTAAGATTCAGAATCATCGCGACCGCAGGTCAGAGATGCTTGACCGCATCATCACCCGACATGAAGGCGAAGGGACATTACGGTTCACGCGCTTCGTGACCAAGATTCCAAAGGTTCCGGGCGGCACGGCAGAGCGCCCCATCTCACTCTTCTCCTTTGAAGAGAGAATCATCCTGCGGTCACTGTTGGATATTGTCTGGCCACTGCTCGAAGTTCAGATTGTTCCTTCAGTAAGCTACTGCACATTCCGCAAACTGGGTGGTCTTCATCCAGAACGGGGCATTGCGAAGGCAGTTCAAACAATCTCTGAGGAACGCAGAGGGCACGGATATCACATCTTTGAGACCGACATCAAAGCGTTCTTCGACCGCATTGACCGAGTTAAGTTGCTCGACCAGGCAACCAGCATCCTGAACGACGATAGCCTTACTGAGATTCTTCAGGCAATGCTGTACGCTGAGACGGAGTTTGACAAACGTTTTGCTGATGACAGTCCAGTCGAGGCAGATGAGCTGGGGGTTCCTCAGGGTGCCGCCTTGTCACCTTTACTCGCGTGTACGTACCTGTCCCCCTTCGACAAGCATATGGAGTCGAATGGCTTCAAGATGTTCAGATATGTAGATGACCTCGTCATCTTAGGCACCGAAGCTGAATGCAGGCAGGCAGAATGCCTTTGCAGAGATATTCTCAAATCCGAGTATGGCCTCGACGTGCATCCGGACCCGACCAAAACCAAGCACGTGCAGCCAAACGAAGCCCTCATCTTCCTAGGTCACGAGATATATCCGGACGGGATTTTGAAGCCAAGCCCAAAGAGACGCACGCGAGTTGCCAATCACGTTTACAAGACCATCTGTGGCTACAAGGCGGACTATGGGCTCATCAAGGGACTACCTGGCGCGAATCAGGATGATGTCATCAACAAGCTCAGTGGATACTTGCTTGGCTATTTTGGGAATATGAGTCACTGTAACTGGACTGTCACCGACTATGCCGAGGTTGTTGGCTACATCACGGGTGCGCTGAAGTCGAGGGGTCTCCAGATGAACCGACTGAGTAAGGGACTTCGCAAGGCATCGAAGAAGTGGCCGCCGGAGTTCTTGGAGGCTTTACCATGAGGAAGTTGGTTGTTATCTTAGGTGCAGGCGCAAGTGTTAGTGCTGGACTTCCATCACTCGCTGGAATCTTTGATGACCCCAGTGTGCAGAACTACTTAGAGAATGATGGTCGAGATTTTAAGGCATTCCTTGAGAAGCACGTTTGGGAACCGAGAGGAATCACGCCCCGAGAGTTTTGGAAGGGGTTGAATCTCGAAGAAGTCCTGACCCTTCTGAGGCAGTGGCGATTTTCATCGAAGCCCAATGGTGGGAAGCACGATAATCCGCATTCCCCGCTGAATCACAGTAAGAACATGAAGATTCAGCGACAGCTTCTCGGTTGCGTGTACAGGGCTGTCTAT
CP054189.1_gap29	887153	891872	4719	GCCATGGATGTGTTGGCGCCTCGCATCGGCGAGATCATCGGCGGATCGCAGCGCGAGGAGCGGTACGACGTGCTTTTGCGCCGGATTCGAGAGGCCGGATTGCCCGAAGAGGCTTACGGCTGGTACCTCGATCTTCGCAGGTACGGCAGCGCGGTTCATTCGGGCTTTGGCTTGGGTCTCGAACGAATGCTCATGTACGTCACGGGAATGAAGAACATCCGCGACGTGATCCCCTTCGCCCGAACGCCAGGGAGCGCGGAGTTCTAGGTGCCTGGACTCTTTCGGAAGCTCGATCCCCGAGTTACTGGTGAACTCAAAGCGCAGAAGAAGCCGATTACGTGGGGGCTTCTGTGTGTGCTCGCAACCTCGCTGCTGACCTCGGCGATGATCCCGCTCGTTCAGCAGAGCATCGCCGCCATTGTAGACACCACGCCCGCGTCCGCCTCTCGGGAGTTGGGTTCGACGCCCCTGCCCGGTCTCGGCTCCCAGCCCAAGCTCACCGATCAGCAAGCCGAAGCGATGGCTCGCGAATTGGGGGTGGAGAAGGCTCGCGTCGAAGAAGCGGTGCGTCGGGCCGCAGACTCCCATACGGACTTCAGCCTTCCTGCGCGCGAGTCGGCCCTCGAACGGCTCGGCGTTCTTTGCCTTCTGATTGTCGCCCTGTTTCTCACCAAGTACTGGTTCACGCGGGGCCAGGCCTACTTCCTCACGCACGCTGCTTCTGACCTTTCGGCCAACCTCCGCAAGCGCATTTTCGAGAAGCTTCAGCGCCTCCCTCTCAGCTACTTCCACGCCAAGCGGTCAGGGAGCATCCAAAGCGTCCTGACGAACGACGTCCTGGTGTTTCAAAACTCGGTGCAAATCGTCCGGGACACTCTCGACGGCCCTGTGAAGGCGGTGTCGGCGTTTGCGATGATCGTCTGGATTCAGTGGCAGTTGGCTCTGATCTCGCTCGGAGTGCTGCCGATCATGGCGTACGTCATCTACCGTAACGGGCGGAGGATGAAAGCGGCGCAGGCGCAGGTTCAAGAAAACCTCGCGGAACTCTCCGCGTTTTCGAACGAAGCGGTGCTGGGGATCAAGGTCGTGAAGGCGTTCTCTGCGGAAGATCGGGTCGCGGGAGCTTTCAACGAGCGGATTCGAGACACCCTCAAGAGCCAGTTGCGGGCGGCCCGTAGGTTCGCTTCGCTGCGGCCGATGGTCGAATTGATCGGCGCGTCTGCCCTCGCCTTGGTGATCTACATCTGCGGGCATCTCGCCTTTCGCGGGGCGGTTCATGTTGCCGACATCGCCGCGATCATCTTCGCGTTGGACGTGGTCAATCAGGGCTTCCGCAGCATAGGAAACGTCAACAACACGTACAACCAGGTGCAAGCTGCGACGGATCGGATCTACCGTGAAGTGCTCGACGTGCCCGAAGAGCACGAGCCCGAAGGCGCGCAGTCGCTCCCGGAGCCGACCCGCGGCCAAGTGGCGTTCGAGCGTGTCAGCTTCTCATACCCCGGAGGCGAGCCCGTGCTGAAGGACGTTTCGTTCGAGATTCCCGCCGGCGCGAGCCTTGCGCTTGTGGGAGCGAGCGGAGCTGGCAAGAGCACGATCGCCGACCTCCTGCTCCGGTTCTACGACCCGAGTGAGGGCCACGTAAAGGTCGATGGGGTGGACGTGCAGACCCTTTCTCGGTCGTGGCTCCGTTCTCAGATGGCGGTCGTCCCTCAACACACATTCCTGTTCGCGGGTTCGATTGCGGCCAACATCCGGCTCGGCAAATCCAACGCGACCGACGAAGAAGTTCGCCGCGCCGCCAAGGAAGCGCACGTGACGCCGTTCGTCGATCCGCTGCCCAAGGGGTTCGAGGAGACGGTGGGCGAGCGCGGCGTGAGGCTGAGCGGGGGCGAGATACAGCGAATCGCCATCGCGCGGGCGCTCGTCCGGCAACCCAAGGTGCTGATCCTCGATGAAGCGACGAGCAATCTGGACTCCGAAAGCGAACGGGCCGTTCAGTCCGCCTTGCAAGACGTCATGCACGGCCGAACCACGTTGATCATCGCCCATCGGCTCTCGACAGCGGCTCGGGCCGACCGCATCCTCGTGCTCCGCAAGGGCGAGGTCGTCGAGCAAGGAAGCCACTCCGAACTCTTGTCTCAGGGCGGCGTGTACTCCTCGATGTACCGGACCTACTCGAGTGGGGTCATCGATGAGCCTCTGTAAGTCGATCGAAACCGAGGCGCTTGCGTGCGGCTACGACCCCATTCAAGTTCTCTCCCATGTCGACTTCAGCTTGGAGCCCGGCCAGGCGGTAGCGCTTTTGGGGCCCAACGGCTGCGGTAAGTCAACGCTGCTGAAGACGCTCTCCAAATCCCTGCGGCCGATGGGCGGCCAAGTTCTCATCCAAGGCGACCGGCTCGACGCGCTTTCGTTCCCTGAACTCGCCCAACGCATCGCTTACGTCCCTCAAGAGGAGCCCTCGGAGTTCCGCTTCTCCGTGCAGCAGATCGTTCTTATGGGGCGGCTCGCCGATTCGCACTCGTTTTTTGACTCCAGGGAGGACCTGCGCATCGCGGAAGAGGCGATGAAGCTGTGCGACTGCTTTCATTTGAAGGACCGGCCCATCACTCAGGTGAGCGCAGGGGAAAAACAGCGAGCTTTGATCGCGCGAGCGCTGGCTCAACAGGCCGAGATTCTGCTGCTCGACGAACCGACCGCGCACTTGGACGTGGGCCACCAGATCGCCATCGCAAGACTCCTAAGCAGCCTCTGCGCGAAAGGACATGCGGTGCTCGCTGCCTTGCACGACCTCAATTTGGGGGCGGCGTTCGCCGATCGCGCGATTCTCTTAGGCGCGGGGACCATCGCCGCAGCCGCGAGTTACGGTGAAGTGCTCGAAAGCCCCGTTCTCGACGAGGTCTATGGGGTGACGTTCGAGCGAATCAAGGACTCGGGCGGGCGACTCCGCGTCTTGCCGAAGCTATGATCGCCGCGTCCGACCGCGGACTACTTGTTCTTCAGCCTCGACTTTTCGGTGTACCACTGCGACGTGATGTTGTTGTCGTCGGGCACGGGCGCGGGCATCCTGTTCTCGGGGAGCAGGATCACGGGAACGGGACTCAGTCCCTGTGGCTGGGTGGGCCCGCCTTCTGAGATCGGCTGGTCGGTCCCAGAATCCACCAACATGGCCATCCTTTCCTTCGTGGGCGTCTCGCGCTTGGAGGCCGTTTGCGCTTCGGCGTTGGCTCTTCGCGCGGCCAAATTGGGGTCTTCTTCGCTGGCGGGATTGGCGTTCATCACGGCGACGACGCCGACGAAAATAACGAGAATCGCGATCAGTACGACGGGTGCGCCCTTCTTTTTCTTCATTCCTCAGTGTCCTTGGGATCGGTTCCGAACTCGGTTTGCGATACTATTCCATACTCCGAGTCCAAGACTATTATGGACCCGCTCATCGTAGCCATTGATGCAAGGCTCGCCGGAAAGGATTTCACCGGCGACTCAACTTACTGGACAGGCCTCCTGCACGGAATGAGCCAAGTCGAGTCCGATTTTCGGCTCCTGCTTTTTAGCAACGCCTCCAAGCCCGAAAGGATTCCCGACGATCCTCGGTTCGAGTGGATCGTCCTGTCGTCGATGTCGAGCCGACTCTGGAGCCTAATGCGGTTTCCTCTCGTCGCGCGTAGGCGGGGAGCGAGGGTTCTTCACACCCAATACAACGTGAGTTTCCTTGCTGGGCCGCGAGCAGTGACCACCGTCCACGACGCTTCGTTCTTTCTCGAACCCTCGTGGTTCCGCCCGATCGACCGGGTCCTTTTGCAGCGCGGCGTGCCCTCGTCGGCCAGGCGAGCCGCGAAGGTCGTGACCGTGTCGGAGACATCCAAGAGGGACATCGTGCGGTTCATGCCCGAAGCGGCCTCGAAAATCGCCGTGACCCCTCTTGCCTGCAACATCGAGGTCAGCCCGATGCCCCGTGAGGAAGCGCTCAAGGTCGTGGCGGAGATGGGCATCGAGCCGCCCTTCCTTCTCGCTGTGGGGACCCGCTGGCCTCGAAAAAACCTCCAACTCGCCTTTGAGGCCGCGCGGCTGCTCCCCCGGACCCTCCCTCATTCGTTGGTCGTGGCGGGAAAGGCCGGCTGGGGGCCCGAGGAAATCCATGAGAGAATCAGGTTGTGCGGTTATGTGGAGGGCCATCAATTGAACGCGCTCTACAGTACGGCCGACCTCCTCCTCGTACCCAGCAAGTATGAGGGTTTTGGGCTGACGCTGCTCGAGGGGTTCGCTTGCGGTTGCCCCGTGGTTTGCAGCGCCGGAGGCTCGTTGCCCGAGGTCGCGGGTGACGCAGCGCTCGTCATCGATAGCTGGTCTGCGGGCGATTGGGCCAGGGATATCGAGAACCTCCTTGGGGATTCGAGTAAGCTTGCCGCTATGCGCGAAGCGGGAAGGAGGCGCGAGAAGAGCTTCAGTTGGAAGCGCACGGCTGAACTCACCCTCGAAGCCTACAAGGAGGCGGCCAGGTGATCGATCCGGAGTTCTTGAAGATCCTGGCATGTCCGGTGTGTGACGATCGGCCCGCCTTGCGACTCGAGGGAGAGTGGCTTGTCTGCTCGAAGTGCGGACGAAAGTACCCCATTCTCGAAGGCATCCCCCAACTTACGCCCGAAGATGGGACCCTCGAACCTGTCCGCGCGGAGGAGACCCATGGCTGAGCAATCCGTTCGAGTCCTCGTTTTG
CP054189.1_gap30	908145	909441	1296	GCGAGTGGCAGATGGGCACGGTCCAGGTCGATTACTCTCTGCCCGAACGATTCGAGCTCGAGTACATCGCAGAAGACGGCAAGCCCCACCGCCCGATCATGATTCACCGCGCGCCTTTTGGGTCGCTCGAGCGGATGATCGGATTCTTGACCGAGCATTACGCGGGCGCGTTCCCACTCTGGATGGCGCCTGTGCAGATCGCGATCTTGCCGATTGCCGACCGCCATATCGAAGCCGCGCAAGCGCTCGCAACCCGTCTCAGAGGCTACGATGCGCGGCCTAGCGAAGGCTTGCGGATGCGCGTTCAGGTCGACGATCGGCGCGAGACGCTGGGCAAGAAGATTCGGGAGAATCAGCTCCAGAAGATCCCCTACATGCTCATCCTCGGCGACCGCGATATCGAAGCGGGAACGGTGGGCGTGCGAAGCCGCGAGGCGGGCGACTTGGGACCTATGAAAGTGGACGAATTCTTCGAGCGCTTGCGGAAAGAGATCGAGGGGTAAGCCCGCGAAAAGCCGGTGATTTCACAGGAATTGCCGAAAGTGGGGCGCTCCGTGCCTTGTGCGGCCTCTATTGCGGCGCGAAAGAGCCGATCATAAGACAGGGAGAGTGCCTGGCACACAACTCTTTATGCGCAAGAGAGGCTTTACCCTCGTCGAGATCATGATCGTGGTCCTGATTATCGGGATCATCCTGTCGATCGCCGTACCCCAATGGATTCGAGCCAGGGAGCGGTCGCAGGCCCGCGCGTGCGTCTCCAACCTGAGGCAGATCGAGAGCGCGAAGGAGCAGCACGCAATGGAGAACAACCTCCCCGAAGGAGCGCCGTGCGCGATGGCGGACATCTGGCCCATTTACATCAAGCTCAGCACCGAGCCAGACTGCCCGTCAGGGGGCGTGTACACGGTCGGAGCGATCGGCGAGAGGCCCACGTGCTCGATCGCGGCCGGCCTTTATCCCCACGTTCTTCCCTAGGGAGTTGGCGCCCCCGGCGGGACTCGAACCCACGACCCACTGCTTAGAAGGCAGTTGCTCTATCCGCTGAGCTACAGGGGCGCCTGCTTGATTATGGACGCTTCCTCGAATGCGCCCGTTGCGGAGGGGCCCACTCGCATCCCCCTACCCTCATGGCTGCGAATCGGTAGCCCGCACGCTGAGGCGTCACTCACTCGGATCGCCGGGCTCTACAATGAGGAGACTCACTTCGGGCGGGCAGAACAGCCGAGACGGAGGGCCGGTAACCCCCACGCCGCGGCTGACATAAAGCGGGGTCGGCGCTTCGGGGAAGAACCCTTC
CP054189.1_gap31	946673	948969	2296	CACCGCAGGTTTGGCAAGCTGCGATGGCGCGATGTGGTCGAACCTGCGCGCAAGCTCGCCTCGGAGGGCTTCGAATTGCCTTCGGGCCTGGCGAGAAGCCTGAGGGGTCAGATGTCGACCTTCGAGGCGTTTCCCGAATCGTATCGGGTCTTCAACCGGAACGGGAAGCCTTACGAATGGGGCGAGAAGTTCGTTCAGGACGACCTTGGGCGCACTCTGACGCGCATACGCGACCAAGGTGCGAGCGAGTTCTATACGGGCAAGACCGCGCAGTTGATCGCCGAAGACATGGCCGCCAACGGCGGACTCATCACTCTCGCGGACCTCAAGGCGTATCGCCCGGTTTGGCGAGAGCCTGTCGTGGGAACCTACCGAGGCTATGAGGTCCTCAGCATGCCGCCGCCAAGTTCTGGGGGGATCGCCCTCCTCGAGATGCTCAACATCCTCGAGCATTACGACCTTAAGCAAGCGGGCTATGGGTCGGCTCAGCACACGCACTATCTTATCGAGGCGATGAAGCGGGCCTTTGCCGACCGAGCGGAGCACCTTGGAGACCCTGACTTCCACAAGGTGCCGGTCGGGGGGCTCACGGCGAAGGAGTACGCCGAGAAGCTCCACCGCAGCATCGCACGCAACCGAGCTACCCCTGCGGCCGACCTCCGCCCGTGGATGCCCCCGATCCGAGAAAGCGAGCATACGACCCACTTTTCGGTCGTCGACGAGCAGGGGATGGCCGTCTCGCTCACGACCACGATCAACGATAGCTACGGATGCAAGGCGATGGTTCAAGGGGCGGGCTTCCATTTGAACAACGAAATGGACGACTTTGCGGCCAAGCCCGGCAGCCCCAACCTCTACGGGCTGATTCAGGGTGAGGCGAACGCCATCGCCGCAGGGAAACGGCCCCTCTCGTCGATGACGCCGACGATCGTGGTGAAAGACGGCAAGCTAGCGTTCGTAGTGGGCTCGCCCGGTGGCCCGACGATCATCAACACGGTGCTGCAAACGATCGTCAACGTGGTCGATCACGGCATGTCGATCCAGGACGCGGTGTCCGCCCCGCGAGTCCACCATCAGTGGTTGCCGGATGAGGTTCGTTGGGAGCCCAGGGGGATTTCCCCCGACACGAAGGCTCTGCTCGAAAGCATGGGACATAAGTTCGCCGCGCGTCCCGGGTCGATGGGGTCGTGTCATTGCATTCAGGTCGACCCCTTGACGGGTGCCCGCCTTGCGGGGATCGACCCACGCCTCGAAGACGCAGGCGCCGCTGGTTATTGAACCTGCTTGCGGAGGATCGCCTCGGCTATCGAGAGAGCCTCGTTGACGCGCGAAGGGTCTTTGCCCCCAGCGGTCGCAAAGTCGGGCCTCCCTCCCCCTCCGCCTCCGACGATTTTGGCGAGGTCGCGCACGAGGTTGCCGGCGTGGGCGCCCCGACTCCTGGCTTCCTCGCCCACCTTTGCAACGAGCATCACCTTGCCGTTCGAGGTGCCCGCGACGACCGCGACCCGCTTGGGGTTGCCCTCGACCAGCCGGTCCGCCACGAGTGTGGTCTCCTGCATATCGGCGTCCGTAAGCGACTCGACGGCGAGCTCGATCCCTTCGACATCGACTACGTTCTCTGGCGATGCGGAGGAAGCCTGGGAGCGGAGCCTCTCCAGCCGCTTCCGCTCGTCCCTAAGCTGCTCTTGCAAGCGCTCGATTGCGCTGGGAAGCTCCGCCGCCTGAGCCTTGAGCTTGGACGACGCTTCGTGCAGGGTCGATTCCATCTGCCTGACCCACTCGTAAGCGCCCTCGCCGGTGACCGCTTCGATTCGCCTGACCCCGCTCGCAGCGCTGGATTCGTGGAGGACCTTGAACAGCCCGATCTCCGCCGTGTTGCGAACGTGGCACCCGCCGCAAAGTTCGAGGCTGAAACCCGGCACCTCGACCATGCGCACCGTGTTGCCGTATTTTTCGCCGAACAGCGCCATCGCCCCGCGCTTCTTGGCTTCGGCGATGGGCACCTCGCTGTGGACTTGAACGGGACGGGCTTCGAGGACCCGCTCATTGACCAGCCGCTCGACCTCGGCGAGTTCGTCCGGCGTCATTCCCTTGCTGTGCGTGAAGTCAAACCGGAGGTGGTCCGGCGCGACGAGCGAGCCCGCTTGCGTGACGTGCTTGCCCAAAACCTGCCGAAGCGCGGCGTGCAGCAGGTGGGTCGCGGTGTGGTTGCGGGTGATCTTTCGCCTGCGCGGCGCATCGACTCGGGCGGTGACGGCCTGCCGAAAGAGCTTTTGGTTGAGCGCTTCTTGCGTCA
CP054189.1_gap32	973025	975066	2041	GTCTCGACGGGCAAGTCAAAGAGGGCGAGCACCCACATCGAGCGCATTCCTCCGAACACTATGCGCCGGGAACTTCCAGCGCCTTGGTTTCGCTGAGCAGACATTTTCGCACCTGGACGGCATAGGCCTCCAAAGCCGCGTCCAGCGGCCATCGCCCCCCTTCCCAGGTGACTTCTGCTGCCAAGACCGTGAGTACGCCCCGTTTGAGCGACGGCGTCAGGTCCTGCGGTAAGTCCGGCTCTCCTTCTAAGATATCACAGACTTGCCGATCTACCAAGACTCGAAGCGGTTCCATTAGGTCATCCGCCAAAGAAAAGGTATTTTCACGGTGTCTATGGTGAACGCCGAGCGCAGGATGGAGGCCGGCTAGCACGATCGCGCGCGCAACCGCAGCCCGCAGTACGGCATACCCATAATTGAGAAGCGCGTTGGCAGTTCGGAAGGTGGGGTCCAGTCCGGGTCCGGACTCCGCCATTTCGGCCCTGCGAAGGCGGACAAAGTCCCCTCCAAAGAGCGCGTCCCAATAAACGCCAGCGGCTACTGCCTCACGGTTGGACCTGTCGCCGCTTAACACCTGATTGGATAGCGAACCCAGGCCGGAATCGTGGCCCAGCTTGTCTTGGAGAAACCGCGATTGGCTTTGAATCTTGGCTACCACGATTTGCCTCCAGATTTGCTTTTTCGCTGGCTTGCTGGCCTCGATTTGCCCCCGTAGCGTCTGAGCCATCAGGGAGTGGCCTTCATAGGGCAGGAGCATCGCGCTGGGAAGGTGTTTGGCGTTGCACACGACGACCGCCACCCGCTGTTCGCCGAGTTCCCCCAGAAGCGGGCCCGAGACGGCGATCGCGTCGTGGTCCAAGACGAGAATCCCGAGGTCCTCGAGGGGCACCGTGTGCCTGCCCGCGTCGTTTTCTATCAGGAGCTGCGCCCGTTCGACGCTGAGACGGGCTGGGCGCTGCACGGCGACCGAGCGCTTCACTCGCGCCCGCCCTCGCGATAGACGACTTGGCCAAGGGGGTCGAGGACGACTCGCGCCGCAATCTTGCCAAAGTCTCTTTCGCTCCTGACTCGGGTGATCAGGTATCCGTTCTTAGGCGTCCTGTCCTTCATTTTGTTTGCCACAAACGGATGCCAGATCCCGCAATCGTACTGGCCGCCCTTGTCTATCGAAATCGACTCGATCAGTCCGAGTGACCCGTCCGACATCTCCACCATATCCCCCTTGCACAACGCCATTACGAACCGCCAGCCGGGCTCCGGCCGCGTCTTGCGAATGACCGGTTCGATGGGCCGCAGGGGTCCCTCAGGGTGGTCCTTGTTCCACTTTCGGGCCGCGGCTGCGCCATCGCGACGCCGCACCGCCTCCAACATCGTCACGACTTCCGCCGCTCGCTCGTACTCCCCTTTCTGGTTCGGCTGCGTTGTTTCCCAGATGACGACGTGGTGGTTGCTCCCGAGCGGGTACGCCTGGGCCGGCCGGCCTTCCTGGTCGTATTTCACGAGGTGTTTTCCGACAACCTCGGTTCCCCAAGGCTCACCATTACGCATCCCCCGCACGACGTTCTCATCCGGCTGCTGCTTGTGAAGCTGGCCCTTTGGCATTCGCTGAGGACGGTGCACGATCTCCGCGCGCTCCAATGCCGCCGCGACCTTGTTGCGAAGGTTCGGATCGGGCATCGTCTTAGCCCGTTCCAGCTTTCGGTGCTCCTTATCTCTCAAACGCGGATCGCGAAGCTCCACAAGCTGGAAGAAGTCGGTCATAGCCTTGAGGCTTTTGCGATCGGCGAGCGCCACGACGATGGCGTCCAGCGCGTGGTGCTTGAAATTGCTGCGGGTCTTGCCGGGCGGCTTCGCATTCTTGACGTCTTCCTCGGTCGCTTGACCAGCGTCCGCCTTTGCCAAGAACGCTTTCCAGGCGTCCTCTATCGCTTGCTCCTCGGGGTGCAGCGGCACCATGTCTTCTATCTCCCAGAACTTCCGGAACTCGGAGGTCGCCCGTCCCGGCGCCACTACGACGTCGGTCTTGTTCTCGACCATCCGT
CP054189.1_gap33	1003057	1006872	3815	AGGCCTCTCCGATGCCCACATGAGTCCCGTCCGACGCGAAAACGAACAGGCTTTCCGATCCGGTGCTCACACCGCGACTAATGGCGAGGGGAAACAGCTTTTTGAGGGAAAGACGTCGAAAGGAAAATTTGGTCATGCAAAACCTTCGTAGACCCGATGCCAGCGGGATGATGTGTACCCGAAACCAGAGCTTGGCTACTCCGATCGACCGGTTGCAAGCGTCTGATAAAGTGCCGCAACGATGAGCCGACTTCGCTGGATTGTAGGTGACTCCCGCCACCTGGCCGACCTTGAATCGAACTCGATTCACCTCATCGTGACGTCTCCACCCTATTGGCAGATCAAGGACTATGGCCACGCCTCGCAAGTGGGCTTTTCCGAGTCGTACGAGTCGTTTATCAACAACCTGAACCTCGTTTGGTCGGAGTGCGAGAGGGTGCTTCACCCAGGCTGCCGACTCTGCGTCAATGTGGGCGATCAGTTCGCCCGCGCGGCGGCGTATGGCCGATACAAGCTCATTTCGCTCCAGTCCGAGGTGATTCGCTGTTGCGAGAACTTAGGGATGGACTACATGGGCACGATCATCTGGCGCAAGGTGACGTCGATGCGGACGACAGGGGGCGCGGTCATTATGGGTTCGTACCCGCGTCCACGCAACGGGATGATCAAGGTCGACTTCGAGTACATCCTGCTCTTCAAGAAGCTCGGCCAACCTCCGGCAGTCTCACAGGATCAGAAGGCGGCGGCAACTCTCACAGCGGCGGAGTGGAACACGTTCTTTGCCGGCCATTGGAGCATTCCCGGCGAAAAGGGCTCGTCTCATCCGGCAGCGTTTCCGGTCGAAGTGCCCGCGAGGCTGATCCGGATGTTTTCGTTTCCAGGTGAGACCGCGCTCGACCCCTTCGCGGGAAGCGGGACGACGCTCAAGGCGGCTTCGGAATGGGGGCGTTTTGCGGTCGGCTATGACATCCATCCGGGCTTTGCGGAAGTCGCCCGGAGCCGGTTGCCTGAGATCGATGTCGTCGAGAGTCCTCCCCTCGACCCCGAATTCGTCGCTCGAAAACTGGAGGGGTTGCCCTACCCGTTTCGCGATCCGCACGGATTCGACCGTCGGCGAAGCCCTGACGAAGTCGAACAGCTCATGCGAAGCCGGTAGAACTGGGCCGTTCGGGCAAGATTCTGGGTCCTTTGCGGCAGACCTGCAACCTCTCGATATGCCATAACGACTACCTCACCATGCGAGGGATTGTCGTCACAGCCTTACTGCTCTGTTCCACTTGGGCCCTGGCGGAGCGAAACCGAACGCTTCCAGGCAAAAAACTCGATTCTCCGCCCGTCATCGACGGGGTCATCGACGCGTACGAGTGGGGCCAGGCGGAAAAGTCCGGCCAGTTCGTCCACCTTGCGACCGGGCAGAGAACCTCGTACGATTGCGAGTTATACGCGGGTTACGACGAGCAAGCCCTCTACTTTGCCTTCGTCTGCCCCGACCCCCGACCTGATCTGATTCGCGCAACCGAGTACCGCCGCAACGTTTCGCTCAATGGCAACGACAACGTTATCGTCCTGGTCAACCCGTTCGCAACCCACCAAGAAAGCGATACGAACGAGTTCAAGGTCTCGGCGGGCGGAGGAACCCGGGCGGAATTTGCGGGCGGTCGTGCCTCGAAGCGCGAATGGGAAGGCGAATGGCAAGCACGCACTCGCATCACCGACGCCGGCTGGGAGTGCGAGATCCGAATCCCCTGGAAAATCCTGAGGCTGCCCCCCGCGGGAGTCAGGAATCTGGAGGTCAATTTTGGCCGGGAGATCCCTCGCGAACAGTTGACCGTCGCTTGGTGTGATCTCGGCCCCCAGGAGCAAAGGAAGTTCAATGGGTTCTGGCTGAACGTCGCGGTCCCGGAGCTTTCCGAGCCCAATCCCCTGCTCGTGCTTGGCTACCAAACGATAGGCTACGACGACGAGCAGCGGGCGGAAGTGCTGGATACCGGACTCGACATTCGGTACGACATCAACCCTCAGCTCACGAGCCTCGCCTCGATCAATCCTGATTTCCGAAACATCGAAGGGTCGGTGCTGAGCCTTGAGTTTTCAAGGTTCGAACGCCTTGCCGAAGAGCGGCGGCCGTTTTTCGTCGAGGGAAGCAGCGCCTTCCGGATGGGGGGAATGTCAGCGTCCTTGTTCGCCCCTCAGAGGATCCGTCAGTTCGACTTCGGAGCGAAAGTCTTCGGCAAGGTCAGCGACCGGGCGCTCGTGGGAGCGCTCGCCACGACCCGATTCGGCCACGAAAGCGCGGCTGCGGCTCGTTACAGGCTGAGTTGGGGCACGCAGAGCTCACTCACTGCGGGCGCGGTCCACTTCGACGACCCGGACGACAATCTGACGAACACAGCCGCCGCGCTCGAACTCACTCAGCTCGAAGGGCCCGTCGGAATGGCCCTGCTGTATAACACGACCCATGATTCCGACCTGGGGACCGCACACCGATACGACGCCGACCTTCTCTACAGGCACGGCTCGGTATATGGCCAGGTGGGTTACCAACATATCGACGAGAACTTCCTGCCTCGCATCGGGTTTTCGCCCCGCGTCGGCTTTCGGGGCTGGAACGGCTTCCTCGAGGATCAGCGCTCCTACACCGCCGGGCCGCTCTCCGAACTCGGTCTTGCCCTTGGTTTTCGCGATACACAGGCGCTGGACGGAAGCGGGGTCTATTTGAGGGGGATCGAAGCGGGCGTCGAGTTTACGACGAGGTCGGACCTGAACGTCGAGACGTTCGCCGTACGTGAGGACTTCCGAGGGGAAGTCGCGACCCTTGGGGGCTTCGAACTTTCCTACCCCGATTCGAATCCCTACCATCGAATGAGCTTCGGCTACCTCTTCGGCGACGTTGAGGGAGAGGACTATTCCTTGGTGTCTCTTGGGCTGCAAAAGCGATTCTCGAACCGCATCACGGTCGGTCCGTTCCTGCAATTCGAGCGAGAAGGGTCGACGACTCGCACCCAGCACATTCTGGGGGCCAGCTACGAAGTCGATCGGTACCGCTCGATTTCGGGCAGGGCGGTCGTGCGCGACGACAAGTGGAGCGGCTACCTGTCCTTCCGATACTCAGGCAACCTTGGAGTCGAGTACTACCTTGTTCTGGGCGATCCGAACGCAGACAGCTTCCAAAGGCGCCTGATCCTCAAGGTGGTGTTCCCGGTTCGATGATCCGGGTTGGGGCCGGTTTCGGCAAACCCGCTTGGGATGCCGTTCGGTTATGTATAATGTCCGTTGACCGAATTCAGGGGTTAGAATGAGACGCTTTTGGCGCTGGCTAGTGGGACTTTTCCACCGCACGATGGACAAGCTTGAAGATCCGGAGATGATGCTGGATCAGGCTCGTCGCGATATGCAACAGGCTCTTACGGAGAACCGCGAGAAAGCCGTTCAGGCGATCACGCAGAAGAACCGCTTGGAGAACATGTTGAACGACGCGCGGCGCAAGTCTCAGGAACTCGAAAGCAAAGCCATCATGGCCCTCAAGCAGGGCAATCGGGAGCTTGCCCGGTCGTTCGTGCGCGAACGAGCCAATAACGATGCCGTCATCGGGCAACTCGACCAGTCCTATGCGCAGGCGTCCGCTGCGGTCGAGTCGGTCAAGGTCGCCGTCAAGCGCCAAGAAGAAGAGGTCCGCCGCAAGACGGCTGAAGCCCTCGCCATGAAGGCGCAGTGGAAGCAAGCTCAGATTCAAAACAGCATCACCAAGGCGCTGGAAGGTCTGACCTTTGAAAACCAGTTCGAGTCCTTCGGGGCCGCCAAAGAGCGCATTCAGA
CP054189.1_gap34	1064139	1067937	3798	CGACTCGTACACGAGAAGACATGGCGTTGAGTATACAACTCCGGGCGCCGTCGCTCGTAGCGAACCCGTCTCCAAGAAATCCCCGTTGCTTCGGGGCAAGCGCAAACTCAGCATCGACTCTTGGGAGATAATGACGCGGTTATGGCGATCTTGGAAGTTGTGGACCTCGAGGTCGAAATCGCGGGCGTGAGGGTACTCCGCGGGGTCTCGCTCGAACTTGAAGCCGGCCACACGCTCGGGGTCGTCGGCGAGTCGGGATGCGGAAAGTCGATGACCGGGATGGCGATCATGAACATGCTTCCCGCGTCGGCCCGGATCACCAAGGGGTCGATCGTCTTGGAGGGCCGGGAACTCCTCACCCTCCCCAAGCGAGAGTGGTTGGACATTCGGGGCCAGCAGATCGCTCTCGTCATGCAGGACCCGTTCACCAGCCTCAATCCGATGATGCGAGTGGGGCACCAGATCGCGGAAGTGTTGATGCTTCACCACAATCTCTCGCGATCCGAGGCGTGGAAGCGAAGCGTCGAGATGCTCGACAAGGTCGGCGTCCCCACTCCCGAACTGTCCGCGCGAAAGTATCCCCACCAGTTGTCGGGCGGCCAGCGGCAACGTGTCGTTATTGCGATCGCGTTCGCCTGCAAGCCCAAGGTGTTGATCGCGGACGAGCCCACTACCGCGCTCGACGTGACGCTTCAGGCGCAGATTCTGCGGCTTCTCAAGGACCTCAAGGAAACCGAAGGCGTGGCGGTTATGCTGATTTCCCACGACATCGGGGTCATCGGTTCGCTGGCTTCGAACATCGCCGTTTATTACGCCGGCCGAGTCGTCGAGCGAGGCGATGCGGAGTCCGTCTTGCGCAGTCCGGCGCATCCTTACACACAAGCGCTTTTGGCCGCGATGCCGAAAGCGGGCGCGAAGACGCTCGAACCCATTGGCGGCCAACCCCCCGACTTCGCTCGTTTGCCACCCGGATGCTCGTTTGCCCCGCGATGCCGGTTTCGATTGGACCGCTGCGAGGATTCTGAGCCGGGGCTGATCCCTCGAAGTCAGACGCAACGAGCCGCCTGCTGGCTCCTCGACGACGCCTTCCGCTCGAATTCCGAAGGGACTTCTCCGGTGAGCGCAGAATAGGTTCGACGGGTATGACAATGCGGCCTCTCGTGCGTTGGCTTGGAATCGCAATCGTCGTGGCTTGTTTCTGGACGAGCGAGCGCGTCGTTCGAAAGCCCGAACGACCCAATCGTGTGGTGGTCACCTACTGGGAGAAATGGACCAAGTTCGAAGGCGAAGCGATGCGCGCCGTCGTCGATGAGTTCAACCGATCTCAGGACCGAATCTACGTCGACTACCTCAGCATCGCCGCCGTCAATTCCAAGACCTTGCTGGCGGCTTCGGGAGGCGTGCCTCCGGACGTTGCGGGCCTGTATGATGCCGACGTCGCGCAGTTTGCCGACGACAACGCGCTGATTCCCCTCGACGACTTCTGCCGGGAAGCCGGGATCGACTCCAGCCGGTACATTCCCGCGTATTGGGACATCTGCGAGTACGGCGGCAAGGTCTGGGCTCTTCCGACGACCCCGGCCTCGACGGCGCTCCATTACAACCGGGAAATGCTTCGCGCTGCGGGCCTCGATCCCGACCGGCCCCCAACGACCATCGAAGAACTGATCGACTACTCCGACCGGCTCTTGGTTCGCGATGAGCGCGGACGAATTCGGAAGGCGGGCTTCTTGCCGCAAGAGCCGGGGTGGTGGAACTGGGCCTGGGGGTACATGTACGGAGGACGCCTTTGGGACGGGAAAGACAAGATCACCTGCGATAGCCCTGAGAACGTCCGAGCGTTCGAGTTCGTGATGAAGTTCTCGGACCTTTACGGGGCGACCGACATCCAAGCGTTCCGGCAGGGCTTTGGGGCGTTTTCTTCGCCTCAGAACGCCTTCATGTCCGAAAAGGTCGCGATGGTGCTTCAGGGAGTTTGGATGTACAACTTCATCACGGAAGTCGCCCCCGACCTCGATTGGGCCGTGGCCCCGTTTCCCCACCCGCAAGACCGGCCGGACCTCTCTGAAATGACCTTTGTGGGTCTGGATGTCCTGGGGATTCCCCGCGGCGCCCGGCATCCCAAGGAGGCGTTTGAGTTCATCAAGTTCGTGCAGTCGCAAAGGGGGATGGAACTGCTCTGCATGGGGCAGCGAAAGCACAGCCCGCTCGTCGAAGTGAGCGAGGACTTCTACGAAAGGCACCCCAACCCCTACATTCGCCTCTTTGCCGAACTGCCTCGCGGTCCGAACGCCGTCGCTCCTCCTCAATTCGGGATTTGGCCCCAATACTCCCAAGAGCTGGCGGCTGCGATCGAACAGGTCTTTCTGAAGCAGAAGACCCCCCAAGAGGCGCTGCGCGACGTCCGGATTCGAATGCAACCCAAGCTCGACGCCTACTTGAAGACCCTCGCACAAAGGAATCGCGACCGATGACGCTGAGGCGAAAGGAGGCTTGGATGGGCGTCTTGTTCGCCTCGCCCTGGATCGTGGGGTTTTGCGGGTTCATGCTGTATCCCGTGGTCGCTTCGATGTACTTCAGCTTCTGCGACTATTCGGTCCTCCGGAAACCCATCTGGATCGGGACCGACAACTACAGCGAGCTCTTGAGCGACGAACTCTTTTGGGTGGCGCTCAAGAACACGTTCCTGTACGCGGTGATGGCCCTCCCTCTTTCGGCTTTGGCGGCGTTGGGGCTGGCGCTCTTGCTCAACACGAAGATTCGTGGGCTTACGGTTTACCGAACGATCTTCTTTCTACCCTCGCTGGTGCCGCTGGTGTCTCTGGCGGTGTTGTGGCTGTGGATGTTCAACGGCCAGACCGGCCTGGTCAACGTGGCGCTCGGCTCGATCGGAATCAGCGGCCCCAACTGGCTGGGCGATCCCACCTGGTCCAAGCCCGCGCTCGTGCTCATGGCGATGTGGGGTGTGGGGCACGCGATGGTGATCTACTTGGCAGGGCTTCAGAGCGTTCCGGTGAGCCTGTTCGAGGCGGCTCAACTGGACGGCGCCGGGGCCTGGAAGAAGACCCGTCACATCACGCTGCCGATGATCAGCCCGGTCATCATGTTCAACGTCATCATGGGGATGATCGGCACACTCCAGGTCTTCACGGTGCCGTATGTGATGTTTCCCAACGGCGCGCCTGCGCGGTCCACCTACTTCTACACGATGTATCTTTACGACAACGCGTTCCGGTTTCTGCGCATGGGTTACGCTTCGGCGATGGGGTGGCTGATGTTCCTGATCATTTTCGCCTTGACGCTGATCTCGCTCAAGTTGATGGAGCGGAGGGTTCACTATGCTGGCGATTAGGCGAGGGGAGAACCGTCAGCGCTCGATCGGCCAAGAGCGCCGCCAAGGTGCATGGCTCATCCACGCCTTACTGCTCACGCTCTCGGCACTCTTCCTCATGCCGCTCCTGTGGATGATCTCGACCTCGCTCAAGGACATCAACCAGGCAGTCGCCGATCCGCCGGTCTGGATTCCCGACCCTGTCGTCTGGCAGAACTACCCTGAAGCAGTCGCCTTCGAGAGCGAGAAGCTGGGGTACATCCCGTTCCTGGTCTATGCAAGGAACACCCTGCTCATTTGCGTCCTCACCGTCGCTGGTTCTCTTGTGGCGAACTCGCTCGTCGCCTATTCGTTCGCCAAGTTACGCTGGAAGGGGCGCGACGTGTTTTTTGCGGCGACTCTCGGGACCATGATGATCCCGTTTCCGGTGGTGATGGTGCCGACGTTTGGGCTGTTTCGGGCGCTCG
CP054189.1_gap35	1227222	1230346	3124	CGGTCACCTTGTCCGAGACGTCAATGCCGTAAGGGCTCCACGCAGCATAAACAACCTTGTCCTTCGAACTCTCGAAGTTGTTCCCTTCATGGATCCCGTCTTTGAGCCGCCCGTACTGCCCGGTGCAAGTCCAGTGGTACTTGAGGAGTTCTCCCGTCCCCGAGGCATCCGGAACCCGCGCGGTCAGTTCCGCTTCGGCGTCGGAGCCCACGACTTGGTAGGGAGGGTCGAGAAGAACCTCCGAGCGGTTCGTAATTACTTCGACGATTTCCGCTTGCTTTGACCGCACAATATCGACGACCTGAGCGGATGCATCGAGCGAAAGCAAAACTGCGTCGATGATCTTGAGCATTCCCGAAATGTTCGTAAAGCCGACTTTGAGGTCTCCGGCGTTCGGTAGTTTAAGTCCGACCTTGTCCATCATCGACTGAATCGCATCGATGCAGGCGTTTTGGAACTGCTCTGACTCCACAACCCACTCCAAGAGCGTCAGCACGATCTGGCTCGGAGAAGGAGGTTGAGCGTTGGGTTCGAGTGCCTCGGCAATTCCCGGCACTTCCTGCACCCGTTCGAGGAACCAAGTAACCGCTTCAAGACCTTCCGCCGATCCCAGCAACTGCTCGAAGTACTCCTTGTTCGCGGGTATCACTACCTTGAGCAAGACCGGCAAGAAGAGATCGAGAGCGAGGGACCGCAAGGCGAGCTCCCGGTACTCCTGCTTCCGGCTCTCAGGGAGAGAAACGATATCCCCAGCAATGAAGCCGATCCCGATGAAGGTCACGTTGTATTTCGTCTTGATGGCCGACGCCGGGCGCACCGGCACGGTCACGGGGTCAGAGATAACCGGAGCATAGGCTACTTTGCCACTAATGAGGTCGCCTAAGGCGCCGACGACCGAAGTCACTCCTGTCGTCGGGCTAAGCTTCACCTTGGTGATCTCCTGGGGCGCATCGTGCTCGACGTTATCTTCGGTGGTGTAAGAAACCTGATCGACGTACGCCAAGGTTCGTCGTCGTCGCTGATTGATGGCTCGAATCGACTCAAGTCCCTCATGGACGACCGAGTTGCCATAGCCGCCATCGACCGGGTTGATCAAGATGCCCCTGCCTTCGGGGGCGTTCAGAATGTTGCCCGCCGCAATGTTGAGGGCGGAGGCAATCTCGCTGTCGTTGTTGCCTACCGCGAGCGGATCGATCTGCATCCGTTCGGCGATCTTGGCTGCGACAGCCGCCAATTCGGGATGTCCCTTTAGCTGGCTTTGGATCTCCTCGCTAACCTCGGGAGGTGTCAAGAAGCCCGCAAGCGCCAGGTACGCAAGGAACTCGGCCGTCGACTCAGCGGTCACGAGAGTGTTCCCGCCGCCCACATATCCGTAAAGCACGACATCATCGCCCGAGAACACGGTCACCGGCATAGGACCGCCTGTGATGACCGGCACGGTGAAGTCGCCTGCGCTGGTTACAGGGGCCGTTCCGAAAGGAGTGCTTGCGCGCAAGGTGTCCAGGGCCAGGACGACCCCGGCGGGCAAGACCACCCGACCGGAGCCAGAACCCAAGGTGAAGAGGGCGCCGTTTCCTCCTCCGGGGATCGTGCCGTTCCCGCCGCAACTCATTGTCGCGATCCAGGCAGCGAGAACGAGGAAGCAAGCTAACCATCCTTTTACTGAACGCATCATGAGGAACAGTATAAGGCAATCATGCGAAATTTGGCACGAAAATTCTCATAGTGGAGAATAGTGTCTCGACTGAAGGCAGGGCCGCTGCTCGGCACTGCTAGGAGGAACAAGCCGGCTCTGCGAACGTGTGCAAGGAAGGAAACCTCGCCAAATCGCCGCAACCATCACCGCCCGAAGCAACCGAGAACCGTGCGAAGGCGCCTACGGACCAATGAACGTCTTGATCCTGCGGCCCACAGGACGGAAGCTGCTTTGTCGATCCCCGCTCGCTCTCGGCCAAGGAGTAAGATTCCTCAATGACTCTCGCGGTCCTTGCAGTGGTAGTAGCTCTCCCGACTTCGCAGTCCCTCATCCTCGACTACTCCGCACCGGCAGCAAGGTGGGAAGAGGCGCTGCCCGTGGGAAACGGACGACTCGGCGCGATGGTATTCGGCGGGGTCGACCGAGAACGAATCCAACTGAACGAAGACACCCTATGGGCTCAGGGGCCGGTCCCCGTAACCCCCGAACGAGCGGGCGAAGTTATCCGCCAAGCGCGCCAGATGTTCTTCGAGGGTCGGGGCCGCGAGGCGCAAGACCTCATCCATAAAGAGGCCATGACGCCCGCCATCGAGCCTCGAAGCTACCAACCCCTTGGCGACCTCCTGATCGACATGAAGTTCCCGCACCGAAGGGTCGCGGAGCCCCTCGCGCTTGGCAACTGGAAAAAGGGACCCGTCGCGGCGACGCCTGACCCCGCCTGGGCTCGGCCGGAGTTCGACGACTCGGGGTGGGAGCCGGGCGACCTTTCAGTTCCCGAACGATCATGGGCGGCGTTTCGAACGGATTTCGTCGTGCCCGAGAAGCTGCAAGGTTCCTCATGGAACGCAATCGAACTCAGCCCGATCGACGACGCCTCGATCCTGTTCCTCGACGGCGAGCGATTGGGAGAAACCAAGCAGTGGAATCAAGCGCACCGGCTCCGATTCCCCAGGCCGCTGACCCCCGGAAAGCACGTCCTTGCGGCGTTCGTACGCAACGACGGGGGGCCGGGGGGCTTCGCAGAACGGGTCCGGCTGCTTTGCGAAACGCCTGCCGAGGGCTACACCCGAATGCTCGACCTCGATTCTGCGGTCGCGACGACAAAGTTCGAGGTCGACGGCGTCACCTACACACGAGAGGTCATCGCCTCGGCTCCCGATCAGGTGGCCGCCCTTCGAATCACGGCTTCGAAGCCCGGCGCGCTCGACTTCGATTTCGTCCTTCAAAGGCAAGAGGGAGCGAAGGGGATGGCCGCCGGCAAGGGTAGGCTGAAACTCCTCGGAGCGGCAGGACATGGCGGGGACAAACAAGGGGTCGTGTTCCATGCGATCGCTTCCTGCCGCGCGGACGGGCACCTCACTCAATCGGAAGAGAGGATTGAGATCCGGGGGGCGACGAGCGCGACGGTCCTCGTCGCAGCGTCCACGA
CP054189.1_gap36	1234129	1239100	4971	GTTCATGCTCTTCGCCAGGTCGCCATCGATCGGCGACATGTCGAAACCCTTACGCCGGAGTACATCATTGACCTTGAGATCAAGCACGTAGGACTGGATGAAGGTCAGTTGGTGAAGCCGCGCCGGATCGGAGTCGTCCTTGAGCGCTCGTTCGTCTTCGCATCGGTCCACGTACTGAACCCAAGCGTGTCCGATCTCGTGCGCGAACACAGTCTCGTGCGCCCTTGCCGCGTCCAAACGAAGGACCATGGAATCAGGGACGACTGCGGTGTCGAGGCTGTTGTGAAAGGGCGCCTCCCAAGTGCGGATGTGCGGGACGGTATCCACAACCATGAGAATCTTCGTTGTACACCGATCCACTGCCGAGACAAAATCCATGAACCGCTTCGACATGTTTGTCGGCTCGATGATCGGATACAGGTCTTCTGGATGGCCTTTGCCGCCTTGATTCCAGCGCTTCAGGGTGTTCGCGGTTGGGAGATACGCGTGACCTTGGACAACGAACTCCAATCCGTGTGCGCTTCTGAAGCTCTGGCCAACCTCGGGAAGGCCAAGCTGCCTTGCCGCGATGTTGTTCCGTTCTGTTCGACAAGCGACTTCGATCGCAAGCTCCGGGTCGTCGACTCGCTTGTAGTCCCGTGAGAACACCTGCGTCCGCCAGTCGATCGCAGGGCCCAGATGTGCTTTCTCAAATCTTCGCCGAAATTCCTTGGGCGACATGCCAACATTGTACGATCGATTTGCGTGGAACGCACCCGAAATCATCCCTTCATCCCTCAACCCCCAGCGGGGTTGAGGGATGAAAACTCCGCGCGGGCTAAGGGCTGAGACCGCATTGCACGTTGGGTGAGTGGAGGTCCCCAATTCCCCCATGACCCAAGAGAGCGGCCCGCGACTCGAGAGCCGCGGGCCTGCAAGGGGGGACACCCAGTCCGATCGGCAGTTACTTGTCCGTGCCCTCTCCCGTACCCTTCTGGGTCGGGTCGGCTGCGCGGCCCCGGTCGTCCGCCGACACCTCACGAACCGTCAAGAAGAACACGACTTCGGTTCGGTCCTTGGTTCGCTCGGTGCGGCTGAAGAGCGCACCGATGATCGGCAGGTCCTTGAGGATCGGGATCCCGCTGGTGGTCCTCCGGTCGTCGTCTTGGATCATTCCGCCCAGGGCGATCGTCTCGCCGCTGTTCAGAATCACCTGGCTCTGCGTATACCGCTCGATCGTCTGAGGGAGGTTGCCGCCGCCAGGGACGGGCGTGAACCCCTTGAGGATCGTCAGGCTGGGACCGAGGTCCAGAGCGATCTTCCCGTCTGCGCCGATCCGCGCGACGACGGACATCTCGACGCCCACGTTGAGCTCGCCGATGATGATCGACGTGCCCTGTTGCGACGCCTGAATGGTCTTGATGTACTGGACCTTTTCGCCCACGAACAACGAGGCGGGTTTGCCGTGGATGGCGATGAGGTTCGGCCGGGCGATTAGTTTCTGAGTTCCGGCGAGTTGGTCGAGCGTAGCGAGGATGTCGGTCGTGCCTCCGCCGGCCCAGCGAAGCGTTCCGCTGATCGTACCGGGGCTCGAAGCCGTCGCTCCGGTGCCTTGATTGACTCGGATCGGCTGAACCGTTCCGCCTGTCAGAAGGCTCCAATCGATACCCATCGCAATCGCTTCTTCCTTACTCAGAGAAACGACGCGCAGGTCGACGGCGACCATCTTAGGGGCCTTGTCGATCACGCCGATGAGTTCGAACGCCTCGGCGATCTGAGCCTTGGTTCCTCGAACGAGGAGTTGCATCGGCTCCGAGCCGAGTTCACGGCTGGTCTGCGAAGCCATACCCTGGGCAGCGGCCCGCTCGGCTTCGCCGCCTTGGCCCTGCGCTGAGGCTTGGCCTCCGGCTTCGCCGCCTTGCGCGGTCGAGGTCGTAGTCGACTTGAGGGTTCCGCCTTGGCCGAGCGTTCGGTTACCCTTTGGATCGCGTTGCTCCCAGAGTTCCGCGTCCTTCTTCCGGGTGAAGGTCCCCCCGGACATCAGCGGGTCCACCGGCGAGGGCATCAGTGAGGCTTGCAGGCCTCTGATCCTCTGCTGCAGTTCAAAGGCGGCTTCGATCGGCTCGACATATTTGAGGTCGATCACCTGATACAGTCGCTCGGCGTCGGCAGCCGTCTCCGGGTAGTGGACGCTGGTCGCGTCGCAGATGGCGCGGTCGAGCGACCGGGCGAATCCGTCCAGCTTGTCGAGGGCCTCGGTGGGCCCAGAGAGCATGAGCAGCGATTGCGAGCTTTCCGCGCCCACGTCCGTCGCGACGCTATCGCTCACTTGGAACGCAGCGCTGTTCGGGTCGCGGTCGATGAGGTTCTTCACGGCCTCGCGAATGCGGGCGAGTTGAGAGCTGTAGATCGGCACGACGCGCGTGTCGATGTTGGCTGCGACTCCCAAGCGAGCGGCGCGGATGATCTCCTGATCGAGTTCGCGCACCAGATGCTCGACATCTCCTAGGCGAGCGCGGCTTCCGATCAGAACGAGGTAGGGGTCCTTTTGCTTTGCGCCGTCGGTGATTCCAGCCGTGGCCTCGATCGCCGTCGAAGTGGCGCTCGCCTGTCCTCCCTGCCCCGATGAGGCTCCCTGGCTTCCGGACTTGCCGTCCGCGCCCATAGTCGCCTGGTCGAGGGACTTGATTTGCAGTCGCTCGCTCGGCAGGACGATCTCATATCGTCCCTTCAAGGTGTCTTGGGGGATCGCCTTCAGCACGGTCGCTTTGATGTGGACTCCCTCGCCGCTTTCCAGGTTCACGACCCGGGTTTCGCTGGGGACATCGAGGTTGCCGCCGATCTGCTGCAGCGCCATCGCGAACTTGTCGACCGGCGTGACGACGAAGGTGTTGTTGACCTTCGCGTAGCGTAGCCCGGCCATCGAAGTCACGAAGTCGAGCGCTTCCGTCACTGTGACGTTCGCAAGGGCGACGGTGATCGCGCCCTTGACTTCAGGCGAGGTCACGATGTTCACTCCGGCCTGCAATGAGAGCGCCTTGAGGATCTGAACGACGTTGGTCTCCACGAAGTCGAGGGTCACTCGATCGCCTGACGGACGGTCGAACACGATGGTGTTCGGCGCACTGTCTGCCACCATCCGATTCCAATCGGGGTCCTTGCTGCCCAGAACCTTGTGAGCGGGTTCGAGCGGAGGAACGCGATCGGGGAACGGCGCGGCCTTTGGTGAGGCTGGCTCAGTGGCCTTGGCCGGGGTCTGCACCTTTTCCGCAGGTCCTGATTGGGCCGTCGGATTCACGCTCGTGATCGCGTTAGGCGCGGCGTCGGTAAGCGCGTTGCCCCACGTCACGCTCCAGCCCGTGGCGTTCTGCGTGATTTGGGGTTTTTGCGGCTCGTCGAACACGAAGAGCACCCAAACTTGGGGGGGCTTCGCGTTTTGCCAGCCGTACGAGACGTAGCGCAACCCGTTCGCCCGCACCCGCTTGTAATCGGCGCTGCCGGACAGGTTGCCGTCGAAGACGAACTTGTGGTTCTTTCCTCCGTTGAGGACGGTGACTGAGGGTTTGCTCAGCCCTGTCCCAACGATCTGGAAAGTCTGTTTTTCCTTGCTCGTTTCGACTCCGGTCAATGTGGCTTGCGCGAGCGAAAAGGCGGCAACCGCCAACCCGCTCGAAGCCAATATCACTCGAAGCATCTTAGTTGTCATTAGGGGTCCCTCCCACATTGAGCGTGATCGTTTCGCCACGGTGTTTCACGGTCACCGAACCGCGCGACACGTTGGTGACTCGGCTGTTCTCGTCGATCGAACTGCCAAGAGGCACCAACCTCTGATTGCCTTGACCATCGGTGAACACCGCCGCCGGACGTTTTCCTAAGATCACGCCTGACAGCCGGTAGGCAAAAACGTTTGGATCGGGGATTGGATTTGGGCCACCTGCGCCAGCATCCATTCCCGGAAGGTTCGGAATCGTTCCTCCGATTTCAGGGCGGTAGGGGTCGAGCCCCGGATCGCGCGGAGGATGGTAGGTTGGAGGCGGGCTCCTCGGCGACTGCACTTGCGTCTGAGACGCGTCGGAAACTTCGAGAACTCCCGACCTTTCGCTGAACGGGTCTCTTTGAGGAAGAGTCATCAGCGCGTAAAGACCCTGAATCGGGTTGGCTTCGGGAGCGACTTTGCCTTCCGCTTGCGGCTCCTCGGCGGGGCGCGCGTCTTCTGAAGCCACTTGTTGTGCCGCGCCCTTCTTGGCTGCTTCCTTGGGGGCGACGGACTTCTTGGCCGCAGGTTCGTTCGACGCGCCCATCTGGACGAATTGGAACGCGCCGACCCCGAAGAACAGCGCCCCCAGTACGCCGATCACAATTATCTTCTTCTTGTCGTTCATGTTCGTACTCATCCTCGGCTTGGAGCGGTGTTCATGGCCACCTTGGGTCCTGCTGATTTCGAGTCAGACTTCGAGGGCGGAGTCGTGGGCTCGGTGGCCTTGTCCGAATCCGACTTCGGCGGGTCCTCTTCGTCGAGTCCGGCGGCAGCCCGCGCGGCGGCGTCCATCATTTCGAGTTCAGCCGGAGTCGGGCGGAACACGAAGGTTCGGAGTTCGACCACGACATCCAGTTGCTTCGCTGCCGTCGATCCGGGTTCGTTCTTGGGTGTAAGCGCAACGGACCGGGCCGCTACGATCTTGGGAAACTTCTTGAGCGATTCGATGAAGGCCAGCGCGTTGTCGAACGGCCCTCGGCCACGAATCTCGATCAGGAGTTCCACATAGGGCTTCTTTTCCTTCTTGGGCTTCTTCGATTTATCGGCCGCCGCCGGGATGGGACGGACGCCAAACACACGAATCCCGCTGTTTGTCCCGTACTGCTCGAGTTCCTTGAGGAACGTCGGAATGTACGCAAACTCCGGGATGCCTTTTTCGAGGTGCTCGAGCCGAAGCTGGGCTTCCGTCAATTCATTCTCGACCTTGGCAAGGTCCTTTTCGACCTCCGAAAACT
CP054189.1_gap37	1425831	1426382	551	CTTTTTGACCGCTACACGGGTGGGTTCAACCTTGCCGAGAGTTTTTACATGGCTTCGATGGTGCTGAAGTGGAAAGACATCGTGGTCGGCGACCCGCTCTGCAGCCCGTATTCGAAGAAGTCCTCGGGCGCTAGCTCTCTCGGCGAAGGAGAACCAAGAGAAAGGGAGCCCCTAGGAGCGCGGTGACGACTCCAACCGGTACTTCGCCTCCCGGCAGGCCCCATTGAGCCACCACATCGGCGCAGAGCAATAGGGACATCCCGATCAGAGCTGATCCGGCCAGCGAGCGCCGCCAGTCCACGCCCACCACGCGCCGGGCGATGTGCGGAGCGACCAGCCCCAAGAAACCGATGATCCCAACGGAGCCCACGCAAACCGCCGTCATCGCCGTGCCCGTGACCAACACGGTCGGTTTGAGCTTGCGGGTATCGACGCCGAGGCGCTGGGCCGTGTGTTCGCCGAGAGAAAGCGCGTTCAGCCTCTTCGATTGAAGGAGCAAGAGCGCGCCTCCAACCAGAAGCGCGACGGCCATGGCGTAGATCTTCGGCCAA
CP054189.1_gap38	1432789	1436377	3588	TTGGCCGCCGCCCTGGCCACGACCTCCGCCCGCTCCAGCGCCGCCACCTGCGCCACCGCCGCCGCCTCTAGCGCCGCCTGCCATTGCGCCCATCTTCTCTCGAAGCGCGGTCTTCTGCTGGTCGGTGAGCTTCAGTTCGGTTTGAACATCCGCCCGCATGAGCAGCGCCGCGCCGCCGCCCCGCATTCCAAACTGGCGGCCACCGATACCTTGGCGGCCCTGGCCTTGCGCGCCCTGTCCGCCTTGGCGAACGCCCGCGCCTTGGGCAACAACCATCGGGGCCACCAGGACCGCGACGGCAATGATCATAGCGAATCGTTTCATGTTTTTCCTCTCTAAGTGGAATCCTGCTGATGGGATTACGTAGGGCAAAAACGCGTCTGTTCCCGAAATGTTCACCAGGTCCTACAACAAGCCTAAGAGCGAGCAACCCGCGGGCTCGACCAGGGAAAAGCAAAGCGCCCTCGCGCCCCGAATCGAGTGGGCGCAAGGGCGCGTTGCCTGAGGTTTCCGCGTCGGCGATTAGCTCTTGGCGTTCTTGGACATCATCGCAAGGAGGGGGTCCGAGCCGCCAAAGCCCACGAGTTGATCGACCACATCGCCCTTAGCATCCAGAACTCGGATGTCGGGAATCCCTTCGATCTTGTATCGACTCGCGACCTCGGGCTGGTTATCCACGTTGATCATCACGAGGATATAGTCCTCGGCCGCCTTCTTGAACTCAGCGGTGGGAAACACATCGCTCTTATACTGCTTGCAGGGGCCGCACCAATCGGCGTAAAAGTCGACGAGCATCGGCTTGCCGTCGCGCTTGGCGGCGATCATGCCTTGTTCCAGCGAGGTGAGCCACTTGGACTCGCCACCCGCCGCGCTCGTCCCGCCTGAATCGCCCGACGCTGAATCATCGATGATGACGGGCTTGTCGAGGGATGCGTTCGAGGCGCCCTCACCCTTCGTGGCCCCTACCGGGGCGGAATCCGCCTTTGCCGTGGGCTCCGAGGCGCATCCCAAAAGGAGCAGCGCGAGGCCGGCGAGGGATAAGACGATCGTCGTTGTCTTCATTGGTTTTCTCCGTGGTACTCGTGTCTCGAATTCGAATCTTCCTGTTCGTAGTTACGCTGCCTCTTGCAGGTGCGTCGGCAACATTTTCGGCAAGAACTCGCGGGCGTCGCGCGGCGAGAGCACGACCCCACGTTCGATGACGTTCTCCAATTCTCGGACGTTTCCGGGCCAGTGATACGCGAGGAGCAACCGCTTCACCTCCGGCGTCAGTTCCATGAGGTCGCGTTCGTTTTCCGTGCAATACCGTTGCAGGAACAGTTTCGCGAGTGGCTCGATGTCGGCCTTGCGCTCCCGAAGAGGGGGGATTCGCAACTCGACGACTTGGAGCCGATAAAGCAGATCGAGGCGAAACTCTCCTTCCTGGACGGCTTCATTGAGGTCGCGGTTGGTCGCGGCAAGGAGCCGAACGTCCACTCGGGTCGGCTTCGAACTGCCGAGCCTCTCGAACTCGCGCTCTTGAAGCACCCGCAGGAGTTTGACTTGGATCGCGGGCGGAACGTCGCCGATCTCGTCGAGGAACAGCGTGCCTTTGTCGGCAAGCTCGAATCGACCTTGCTTGGAGTCTTGCGCGCCGGTAAACGCGCCCTTCTCGTAGCCGAACAGCTCGCTTTCGAGAAGCGTTTCAGGGAGGGCGGCGCAGCTTACGGCGACGAACGGCTGGTCGCGGCGCGTCGAGAGCCGGTGAATCGTCTTGGCGACGACCTCTTTTCCGGTGCCGCTCTCGCCCGTAATGAGGACCGTGGCCTTTGAGTCCGCGGCGAGCTTCATCGTTTCCAGAAGCTCCCTCATCTCGGGAGATTCTGCGATGAATTCGACCTCGGGGCGGGACCCCTTTTTCGATCGCCTCTTTTTGGGCGCAGCCTCGTCCGTCATGGCGTTGCGAAGAATGCGCTTGAGGGCGTCGAGGTCGAACGGCTTGGTCACGTATTCAAACGCGCCTTCCCGAATGGCCTGCACAGCCGAGGGAATCGCCCCATACGCTGTCATCAGCACGACCGGGAGCTCCGGGCGGAGGGAGAGCGCGCTCCGAAGGAGTTCGTGGCCGTTCATTCCCGGCATGGTGATGTCGGAGAGCATACAATCGAACGGGGCCTCCTTCAGAAGCACCAAGGCATCCTCGCCGCATTCTGCAAGGCTCACGCTGTAGCCGTCCTTTTCGAAAGCGGCCTGGAGAACCCTCCGGATGTGGGGTTCGTCGTCGACGATCAAGAGTCGCTTGTTTTCCGACATGTCAGTCCTTCTTCAACCTCACCCGAAACGTGCTGCCCTTGCCTAGTTCGGACTCGACTTCGACCGTCCCGCCGTGAGCGTCGACGATCTTCCGCACGTTGCTCAGCCCCAACCCCGTTCCCTTTGCCTTGGTCGTGAAGAACGGCATGAAGAGCTTGCCCACGGTCTCTGGGCTCATCCCTGCGCCGGTGTCTCTCACTTCGAAGCCCCACTCGGCCAACTCCACTTCGACGCTGTCTCCGGGCTGGCAGGCGTCGATCGCGTTCAGGACGAGGTTGCGTAGAACCTGCTCGACGCGCAAGGGGTCCGCGAGAATCTTGGGGGACTTTCCTTCTGAAATCAGCGCCAGCTTCACCCCCGCCTCGACCGAACGGGGAAGTTCGGACTGGATCACCTGATGAGCGAGCTTCAAGAGATCGACGCGAGAGACTTCGAGGCGAAGCGACTTGGAGAACTCGAGAAAGTCGCCGCACAGCCGATCGAGCTTCCGAACTTCGGTTTCGATGACAGAAGCGAACTCGGCTGAAGCCTCTGAGACGTCGCGAATGACCTGCGCCGAGGCGAGAATGCTCGTCAGGGGGTTTCGAATCTCGTGCGCGATCGCCGCCGCCATTTGGCCGATCTCGGCCATGCGCTTTGTGCGCTCGGAATCTTGGCGCCCGAGTTCGATTTCGGTCGTGTCGTGGACGACGATCACCGCTCCCCGGTTGGGCACTGCCGAGGCGGTTAGCGACCAATACCGCGACTCTTGCCCGTCGTGGACGGTGGTGCGCGCCGAGGTCCCTTGGAGCGCGGCCCGCCGAGCCAAGGTAAGCGCGTGCTTCCAGTAGAGAGGGAGCTTTCGCAAGAGCCCGCGCCAAGTCGCGGGGGCTGGTCCCGTCCAACGAAGCATCGAAAGCACTGCGGGGTTCAACTCCACCTTCTCCGTTCCTTCGAGGGCGATCAGCCCAGCCTCAAGGCTTTCGAAAAGGATGTCTCGCGAGGCCCGAAGCGACTCGGCGTCGGCAAGGGCCGAGGAGATCCGGTCGACGAGCGCGGCGTTGTTGACCGCAAGCGCCAGGTGCTGGGCGACGGCCCGAGCCTTTCTCAAGGCATTTCGGTCGAAGCTGGGTTTTTGGGGGGCACGAGCGATATTCAGGACGCCGATGCAGACTCCACTCAGGAGCAGGGGAACGACCATCGAACTCCCGACGTTGCCCCGCCCTTTGGCTCGACGCGTGGAAAGGGTTGGATGCAGCTCCGGATCGTCGACGATCATCGGCTCGCCCTCTTCGGCGGCCGCTCCCGCGATGCCCT
CP054189.1_gap39	1584878	1589261	4383	ATCGTCCGACGACCTTTTCGTCACGGTTATGGGGCCTCAGCAGGGCCTGGCGTTTCGAGGACGGGTCGCGCTGGTCCACAACTCGCGCATCTACATCGATCTCCACGGACCATTGCGCACGGTCCCAGGCACGGAGGAGTCGCGGATCCGAGTCACCGACCTCAACGCTCTCGTCCTTGTGGGAGACACCGAGATCGAAGCCACTGCGATGGACGTCTCGCCGAAGGGCATAGGGCTGCGCTCTCCGATTTCGGTCGAGAACGGCGCCAGCGTGCGCGTCTCCATTTTGAGCCCCGGCCATACGATCCAAGCGACCGGCGAAGTGCGGTACTGCAAGCCCGACGCCGAGGCGCCTGGGAGCTTCCGGTTGGGCGTTCAGCTCAACGACATGGATCGGGTGAGCCGGGCGCGTTGGACTCAGATGCTGAGTCTTCAAGCCGCCTGACGCGAGCGCCTACTTTCCAGCTTGCGAGAGCCTTGTGCCTTCCTTGCGGTTCAATTCGATGTACTCGACCCAGTTGGAGGGCACGTCGGTATCCACGAAGATCGCCGTCACGGGGCACTCCGGCTCGCAGAGCCCACAATCGATGCACTCATCGGGGTGGATGTACACCATGTCGTCTCCCTCGTAGATGCAATCGACGGGGCAAACTTCCATGCAAGACTTGTCTTTGACACCAATGCAAGGTTCGGTAATTACGTAGGGCAAGGCGGTCTCCTGAACACTCGGAGTTTACTCCGGCAAGGTTCGAGTTCGCGGGGGGGTCACCTCGCTGCAAACGCGCGAACGAAAGTCTCAGCCCACCAATCGGAGGGCGCTCTGCCCGCCAGGTCCGACCTACCCGAGCAGAGTTGAAGCGCGCCGGACTGAAACAGAACTACCAAGCGGCCTGCTGGCTCCCTCTTCATCTCGCCCCGGTCCATCGCGCTTTGCAGGAGCGAGGCGATCGGTTCGAAGACATTGCGAACATAAGACTCCTGGATCCTCTCTTGATGGGAAGGTTTGCGCATCTTCCGGCCCGATTCGAGAGCGCCCTCGAGGTCGACCGCGGTGAACTCGGCCAGAGCCGAAGCGAGGTCGGCGAGGGCGGCTTGAAGGGAGTTATGGGTTTGAGCGAGCAGCCGCAAATGGGCTCCGAGACTGCCGAGTTCTTGCTCGACGTGCGCCACGAAGAGACCTTCCTTATCGCCAAAGTGATAGTAGAGGGTCGGCGCCTTCACTCCCGCCTCTTCGAGGAGTTGGGCGACGCCCACCTCGGCGTAGCTCGACCGCGGGAACAGGTTCCTCGCCGCAGCGAGCAGCTTTTCACGGCCGCCGGCGTCGCTCAAGGCAACCGTCTCCGTTGCGGCGGCTCAATTCTGGGGCGAAGGTCCATCGACTCGTAAGTTTAGCGGAACGCGGGTGACGCAATTCAGGATCGAGCCGCCGTACGTCATAATAAGAAGTAGATATTCTGGAGGCATATCAAGATTGGCCATCACTCTGACTGAACGCGCTATTACCGAACTGAAGGACCTCATGGCGTCCCAAGACAAATCGACCGCTGCCCTTCGCGTATGGGTGGCTGGAGGCGGATGCTCCGGGTTCCAATACGGAATGGCCCTCGACGACGGCGAGCCAGAGGACGGCGATCAGACGTTTGTTCAGGACGGAATCAACATCCGGATCGACGACATGAGCCTCAACTACATGGACGGTAGCTCGGTGGATTATGTGGATGACCCTATGGGGGGCGGCTTCAAGATCGACAATCCGATGGCGGTCCGAAGTTGTGGCTGCGGCAACTCGTTCCAGACGGAAGGCTCCGAGGCGCCGAGCGGCTGCGGCGGTTGCGGCGGCGGGTAGTTCGGTAGCGTCTCCAATCTCGGATTTGAGGATTCCTCAACCATTCGTCCCGGCTTCCTCAGAGAGTGAGGAAGCCGGGACGAATCGTTTTTTGCGCTTCTCGCGGGCTTACCGGCTGAGCGCACGGGCCAAGCGAGCGTTGACCGCATCCCAGTCGATGACCTGCAAGTAGGCGTCGATGTACTTTGCGCGCGCGGTCTGAAAGTCCAGATAGTACGCGTGCTCATACACGTCCATGGCGAGAAGCAACGAGTTGTTCCACGTGGGGAAGGTGTCCTGCGCGTCGCCGATGTAGTTGTGAACGCGTCCCTCCATATGATCGTAGGCGAGGAAGGCCCATCCGCGCCCCGCGATTCCGGTCGCTTTCCAATCCGCCACCCACCTTTCGAAGCTTCCGTAGGCCTCGTCGATGAGCGACGCCACGTTGCCGGCCGCGGGTCCGCCCGAACCCCCCAGCGTGTCGAAGTACACGGCGTGGTTGATGTATCCGCCATAGGCGAAGGCGTAATTCGCCTTGAGCGCGCGCATCTGGCTGTAGACCTGATTGGCCTTCGCGGGGTCGATCTCCATCTCAGCCAAGGCTTTCCGGATTTCGTTGGTCTTGTTGGCGTAACCCTGCCAGAGCTTGAGATGCTCGTCGTGCGTAGCGCGAGAGATGCCGACGCGCGAGGTCGAAAACACCTTCTCGGGCAGAGCTTGGGGAACTTCGACGAGCTTGGGTGCGATTGCAGTACTTTCCATATTCGCTTCCTCCATTGGAGACGTGGGTCCTGGGTCCTGTTTGTCCGCTCGGGCTGATGTCCCTGCGGTCAGAACTGCGCCGACGACGAGCTTGAGGGCGCCCCGCCGGCTGAGCAAGACATTTGTCGGCCCGGCGTCCTCCTGTTGGGTTGAGTCCATAGTCTAAACCTACGCAGCGTTCTACGCGGCCCGCGGAGGATCGTCCGCAGCCGATGGGAAAGGCCGCAGTTAGGACGCAGAACGCTCCCAAGGTATCGTAGAAGAAAGCCAATGAACCCTTACTTGATCACCGCGCTTCCCGTGGGGCCCGGCGTTTTGGCAAAACTGATTCGGATGATCCCGATCCAATCCCTCGATCGACCCACGCATCCGGGGCGGTTCAGCCCCCGCGAGGTTCTCGCGCACCTTTCCGACTGGGAGCCGATTCTCCTCGAGCGCATGAAGCGAACGGTGGCCGATCCCGGTTGCTTGATTCTCGGGGTCGACGAAGAGGAGCGGGCCCGGGAGCAAAGGTACGAGGAGAAAGACCCTCTTTTCGAGGCCGATCGCTTTGCGGCGTTGCGTTTCGAGACGATGGAGTGGCTCAGCGAGCTGAGCGACGACGACTGGCAAAAGTCGTCGGTTCACAGCGAGCGCGGCGAGATGTCGGTTTCCGACCAGGCGAACCTACTTCTCGGACACGACTTGTATCACATTCAGCAACTTTGCGACGCGCTCACGCCCTCTTCCGTGGGCACCTGGTAGCGGCTTCTAAGGGTGGGGTCCGGGATTCTGGTGTTTCTTGGGATAGGTCGAGCGAACCCGCGAGCCGATAGAAACGTCAACCGTAAACCCCAACTGGATTCAGCCACCCGTGGGGTTCGGGCCGGAATCGTCCGAAGGAAGTCCAATCAGAATGCCCCTTACCGCAGCCCTCGGAGCTCTGGCGATCAGTTCTACCGCAGCCAACGGCGCGTTGGGCTATGACGTGCTCAAAACGAACTCGGTGACGTACCACGTCGTGACCGCCGACCTGGCCAGCCGTAAGCTTTCGCCGCGTACGGTGGCTTCGGAACGCCTGACTTCCGTTTGGAACTTGATCTCAAAGTCAGAGGCGTCTGCCGCAATCACCGGGACCTTCTTTGCCCCCAAGGCGCAGCGTCCGGTGGCCGACGTTCTCATCGACGGTTTGCTCGTGTCGAAGGGCTCGTTAGGCACGGCTGTCGGAGTGACTTGGAACGGCGACGTGGAGATTTTCGACCGCCCCACCGGGCAGCCCGTCGATTGGGGCAACTACCGCTATGGGTTGCGAGGGACGGTTCGTCTCATCCGAGGTGGCGTGGTGTGTCCGGACCCGAAATCGCAGAGCTTCAAGGACAGTCGCCTCTGGAGTCGCGCGGCGAGAACGGGGCTAGGTGTGACGAGTCGCGGCAAGCTGGTGATGATCGCCACGAAGTCCAACGTGACGCTCAGTGAGATGGGCGCGGCGATGCTGCAACGCGGAGTTCGTGAAGCAGTAAGCCTCGACGGGGGGAGTTCGACTTGCCTCTACTTCAACGGCTCGCTGGTGGTCGCGCCCGGCCGCCAACTCTGCAACCTGTTCGTCGTAGCTCTGGGCAACCCGTTAGAATGGAACGGGCCCGGAAACCGACTCTGACCTCGGAGCGGCGGTAGAATCTGCGAAGTTTGGATTCGCCCTACCTTGCCGTTATCATCCCCGCATTCAATGAAGAGGGTCGGATCGTGCCCACCCTCGAACGGCTCCGCGAGTACTTCACGGCGACGACTCACACATGGTCGGTCACCGTCGTCAGCGA
CP054189.1_gap40	1608512	1610544	2032	CAGGCGGCTTGTGTTTCGGCTGATGGACCACCCGGTGCCGTTTATCAGCGTGACGGCCGCCGCGGCGATCTCGCTGTTCCTGTACTTTCACTTTCTCAACCACCCGCTTTCGCAAGTCCGGCCTGGCGATCCCGTGATCGACCTGCGAGCCGATCCGGTGCTGTTCTTCGGCATCACCCTCGCCACGCTCTTGCTCCATTGGACTTGTTACTATCGCCTAGGACGGGTTCGGTATGCGCTTCTGGGCGCGGTCGCTTGTTGGGTGCTGTCGGCGACGGCGCTTATGGTGGTCGCCTGGCTTAGGATGCAAGACCAGAACGTGTCGAACATGCCGGTCCAGTTGCTGCTCCTGGCCTTTGGAATGCTCGCGCTCAACGTCGCTTATGCGGGCGCGGGCGCTTTCGCGGCGGTGCTTGGCGGGTTCGCTCAGCTCAAGAGGTCCGACCGGGAACTCGAACAGATGACTCGGCAGCAGCTCTTGGGGCGGCTGTTTGAACTTCAGGAGCTTCTCGAAAAGCCGCACGAAACCCTGACTTCGATTGAAGAGCGCCCCTGGTATCGGGCGCTGGAGACCGTTCGGGCCCAGCCTCTTCATTACGCCATCGGTTTGGGAGCGGGCGCCGCAGCAGTTTACATGCTCCTTCGGGGGGTTGTTTTCGGCCACCTCGACGACGCAAGCCTCAGCCGAATGCCGCTGCTCGTTCTGGTCACCCTCGCCTTTCAGGTTTCGGACATCGCATTGATGGCGATCGTCTCGTTCGTTCATCGCAACGTTGGCGGGGCGATTCTAAGCGCGGTCGTCTACCAACTCTCGGGACTCTTGATGTATTTGCTTCCGATTCCGCACTTCGGACCCGAGTTCTTTCGAAGGCCAGCGATGCCTTTCATTCTCGCAATCGGGTTTATTCTGGCCGTGACGGTGGGAATCGTGGCCCATGTTGGTTCGTTGGTCGAAGAGCGCGCCCTTCGAGAACGTCGCCGCCTGGTCAACGATCCCGCGATCTTGCTGGCCGAACTGGTCCGGATTCAATGGATGCTCTCCGTGAAGCCGCTCGACGTGTGCGTGATGGTCGTCGATGTAGTAAAGAGTTCGCTGATGAAGGCCGGATCGGACCCGTTAAAGGCCGAGTTCAGCTTCCGCGACTATCAAGAGATGGTCGCTGGGATCGCCCAGAAACACGGGGGCCGGGTGCATTCGACGGCAGGCGATGGCGTCGTGGTTGCGTTCGACGACTGCAGGGCTGCCTTGGATGCGGCCAAGAGCGTTCAGTCCGAGATGCCCTTGTTCAATCAGTCGCGGAACCGGCTCTCGATGCCATTCCGACTTCGGATCGGCATTCATTCGGGCCTAGTAACGGGGGACATCGACAAAGTCGTGTTTACTGAGGTGATCGATATCGCGGCTCATTCGGAAAAGCGCGCGCCCGTCGGCGGGATCGTCGTCACGGAGAAGGCTTTGGAGCGGCTCACCGGCGAGCCGATGGCGCCCTTGAACGAAGAGATCGGGGGCAACCGCCTCTTCCTGGTGCTGAGCTCGGGGTCTTCATGAGAGAAGGTCGCTGGGTCGATCTGGGGCGCATGCGATATGCGCCTTGCTTTGAATTGCAGCGAAAACTGCTCGAAGGGGTCGTCGGAGGTTCGGAAGCCCCTACGCTGCTCTTCGTCGAGCATGAGCCCGTGCTGAGCCTCGGCGCGGGGTTCCATGAAGAGAACCTGCTTTTGAGCCGTGAAGAGTATGCGAGGCGCGGGATCGAAGTACTCCCCACCGACCGAGGTGGCGACGTAACGTTCCACGGGCCGAACCAACTGGTCGCCTATCCCATTTTTCCACTTGCGTGGGTCGATCAGGACCTCCACCGCTGGATGCGAACTCTCGAAGAGTCCGTGATCGTGGCGCTGCGCGATTTCGGGTTGAAAGGCGAGCGGTTCCCTCCGCTGACGGGCGTCTGGGTGGGGGGACGAAAGGTCTGCGCGATCGGCATCAAGGTTCGGAGGTGGGTGTCGATGCACGGCCTGGCCCTCAACTGCAACA
CP054189.1_gap41	1635595	1640251	4656	GGAACTCGGGCCACCCGCCCGCTGAATGCGAGAGGGTTGTACTTGACAGCCCCTTTCCCACTACCTTATCCTAAAGTGGGATGATGCTCGAGGTATTCGTAAGGTCCACGCTTGCTGTGGCGTCCCGCAAAGGGATCGAGGACTTTGCTCCCACTTTGTGCGTTCCTGGCAGAGAGCACGTAGCGGTCATTGCTGGCATTCCAGAGGGGGTCGATCACCGCGAAGCGATCCAAAACGTCATTCGGCGAAACAGCTTGGAGAGTGAGGAGTTGCTGTTCTCGCTACTCACGGGCGCACAGGAGGTGACTGTAGGGCACTGGAAGCCCGGTGGCGCGACCCGGTTTGCTCAAATCGACTTATCGTCCGAAAAACCGGTCGTTGAATTCGACGTTCCCTGCGGCTGGTGGACCTTGGCGCCCCCAGAGTGACCAGACATGTGCCCCCTTCCTCGGGAAACTGGGAAACCGCATCGACTCGTCGAAAGCGGAGCCCGCGAGCCTAAACCCTCCGCGAAAGAAGCGGAAGTCCTTCGACATCGAAGGCCATGCCCACATCCACCAAAACCCGTTCGACGAAAGCTCGTCGCGGAGGCGGCCGAATGGCCATGGTCTTCGGTCCGGCTATACCGGAATCTGGAACCCGTCGTCTTTCAGGCGGATCGATGGGAGGTAGGGGAGTGCTGAACCCAAGGGAAGTCGGGGTCTGTGGCTCACCGGCTTTCGGAAGTGCTCGTAGTTCTGGTACTCATGGAGACTGATGGGCACGGATAGCACAATCCTCAATCCGTTGCGCCCGACTTCCCACCCGGGCCACCCGTAGAGCCGGTCCGAAAATGTGCAAGAACTTTGGCCTGATCCATGAGTGACTGGCCGCCCCCCGCCATTCCTCCGCTCATAACATATGGCCGGGGGTGTCAAAATCGGCTCTATTGAAGTTCGAAGAGATCAAGCTCATTCGGTACGAGCACAGCTTGCGCGGGCGTCGCGTGCCCATATTCGCGCCAAGACAGCCTATTCGAAACGCTTTTGCAACGGCAAGAGCGAATGGGGAATGGTACATCGTCGGCCAGCGTTCCGCGTTTCGGGCCCTGTCCCGCTTGGCCATGTTCTCCGCCGTTCACCGTCCCGCCATCGTTTATGTGCGGCTTCAGGGCAAGCCGCGCCCGCCCTTAGACCAAGAAGAATCGCACGACCTCGTGCTCCTGCAAAGCAGCACGCAGTTCCGTCCGGCCGCTTGGAAGCAGATTAGAAACAATCTGGCGCGCGGAAGGCCGTGCAGCTTCTCAGTGCCCGAACCGGACATAGAAATGGACAGGCCGGACGCAAGGCGCGTACTCGATCGATTCGATCTCGCTCAGCACTCGGCGACCGTGTTCGTGACCGGAAGCGAGCTAGTGCTGCGCTACTTTGCCCATCAATTGCGGCGAATGGCGCGATGCAAGACGCCCGGCGACCACGATCACTTCTTTGAACTTGCGCGGAATGAGCACCGGAGCGGCCAGGTGGACGATATGACGATGATGTACTGGCGCTTTGTGAAGGAATCTCCGTAATTCGGAGCGTAAGTCCGGGTCTTCGGGAGCGGTTGCTGCGGTCGTTGGGTGGCAGGCAAAATCGCCCCACCCGGGCGCGGCCCGACACCTGCGCTCGTCGCCATCGTACTAATGTGTGATCGCACACGCGATTAACCTCGCAGGGGAAAGGTCAATGGAAAACCGATTTTTGACAGGATTCGCATCAGGTTGTTTGGCGGTCGGATTCTTGCTCGGAAGCAAAATCACCGACTCAGGGCTGGCTCGATCTCTGACAGGAACCGAGATTGAGGCGAGTGAACAGGGTCCACGGCCCACACTTATCTGGCGATTCGAAACCTCAGAGGACGAGTTGCAGAGCCGTATTACAGTGGACCGGGCGGGAGACATCTACTTTGGCTCCGATGACCACCACGTGTACAAGCTATCGCCGCGTGGCGTAGTCCGGTGGTCGTTTGATGCTGGAGCCCCCGTACGTTCCACGCCGGCTATTGGCCCGGATGGATTCATCTACTTCGGCGCAAGCAACGGCATGGTCTACGCATTGAATCCTGCAGACGCCTCTCCAAAGTCCGGATGGCCCTTTCAGGCTGGGGTAGTCGAGTCCGACGTGGAAGTGGGTCCGGACGGGGTCGTGTACGTTGGCAGCTCGGACAGCAATCTCTACGCAATCAACCCGGACGGAACGCTCAAGTGGGTTACTCTTCACGAGGGCGACCACGAGTCTTCGCCGACGCTGTGGAACAACCGCATTCTGTTCGTACCGGAATACAATGCTGTTCGCGCATACCTGCTGCCTTGATGCTACGTTGATGGCTTGCATAAGAGGTCCTTCCGAGCGGGGCGGCGGCTGGCAGGCGATGCGTGAGCTTCGATCTCCCTTGGGCACGGGTGGCTGACCCTCTCGGTGGGCTGAGGATTCGGAAGACGGGCATGTTCCGCACGCGCACGGCGGGGCTAACTTCATCCTCGCACAAAGGGTTTGGAGTCTACGGAGAGAAGGACGCCGTTGGCGGCTTCGGCTTCACGGCGGGGGATACTGCAAGCTGGCCCGTTTTCTCTCGCTTCGGCCCTTCTATTGGTCAATCGCGAACCCGATAGATGCTGAGGAGCGTCACTGTGTCCCGGTCAACATACCATTCGACCAAGCAGCGCCACCACACGTCGTCATCGCCCAGAATCCGTGCATAACGAGGAATGTCAGGGGTGTGCTGCGAGGCGAAAAGCGTCGGGTTGATGCGGAGCTCATGGCAAAGACCTTCGAAATACTCATCAAAGCGGTCGAGCGAGTCGCAACGCTCCTTTACCTGGCGCTTGAAAGCCTCAGGTATTTCGACCGCTCGTTCTTTCATCGCGCTTCGAGCGCCAACTGCTTTCTCAAGAAGTCAAGTTCTTCTTCGGTGGGGCGCTCTTTGCTGATCAGCGCGGCTTCATACGGAATCCTCTCTCCCGGGTTGGCCAACATCCAGCCGGGCTCCCGGTGGGAGATCTCGCTGAGCTCGGTAGCCGTCAGTCCCGCATACTCGTTGATCACCCATTCGACGGTCGAGATTTCCTCCGGAGCGAAGTCCTTCAGGTTAGCGGGCCGAACAGCGGTTGGCCTCAGCTCGCTGTAGTCCCCGATCTCCCTCTTGATCTCGACCAAATCGCCGCCCTTGGTGAGCTCCTTGAGGCGATCGTGGAACCCATCTGGGATTGGTCCTTGAGGTGCGCAGACATAGATCGCGCAAGTGATCGGCCGCCCATGCTTTCGGTAGTGGCGAAAGTCTGAGAAATAGAGAAGCTTGGCGAGCTTTGTGCGGCCCCACGACGGCATCAAGTCGCAACGGTTGCAGATGTAGAGGATCAGCTCCCGGAGCTTGGCGGAGTCGGGTCTGAAGGCTTTCATGTAAATACTCGTCTATCTATCATAGCAGGGTTTCTTCGGGTTTTCAAGTGTCTCTCGGCGAGCTTACACCTACTGAAGGGACGACAGAATTGCTTCGCCGGCTTCGCTTGGCCGAACGTCTCAGACGCCGGATTGGACTTGCATGGCGCCGATGGAGGTTTGGGCGGTGTTGGAAGATCGGGGGATGGGTTTGGGGCCGAGGAGCACATTCGCCCTCGCAGTAGGATGAACCGTCGGCGTAGCGTCCGGCGCTTTGGGGAATGAACCGACGCCGCTGGGTCAATAGCTAGCGCTGGGTTTGGAGTCTAAGGAGAGGAAGAGGGCGTAGGCGGCTTTGGCTTCTCGGCGGCTGCTTCCTGAAACCCACTGTTCGTATCCGGCCTCCGAGTACACTTGGCTTGTCATGGCGAAGTCACTCATAACCAGCGACCCGAAGGTAGTGATGGGCAAGCAGGTCACTGCCGGTACGCGAATTACTGTCGAGTCCATCTTTGGGAAGCTTGCCTTCGCGGAGACGATCGAGCAGATTCTGAGGGCTCATCCGAGACTGTCCGTCGAGGCGATTCGAGCGGCGATCGGGTTTGCGGCCTCTGCCCTTCGCGCGGACGTCGTGTATCCGACGGTTGAGTCTGGCCGGTGAAGCTCCTTGCCGATGAAGGTGGATGCTTCGATCGTCGAGCGGTTTCGCTCCGATGAACATGAGGTGCTCTCTGTCGCAGAGATGGAGCCGGGAATATCCGATGAGATCGTGCTCGAGAAGGCCATGAAGACCCGCTCGATTTGGGTCACGCAGGACAAGGACTTCGGCGAGATCGTGTTTCGGCAGGGTCTTGCTACGCACGGGGTCATTTTGATCCGGCTCTCCGGCTTGGCCGCTGAGGAAAAAGCCAAGGTCGTTTCAGTTGTTCTGGCGACGCGCAGGGCTCAGATGGCAGGGGCTTCACCGTTATCTCGCCCGCGAGCGTCCGCATCCGCCCGCCTCTGAGGCAGCATCGCGACGGAATCACCTCGTCGCCAAGTACTGCTGAATCATTTTGATCGCGGCGAGAGCGAGCACGACGCCGAGCGCCCGACGGAGCAGGTGCCCAGGCGCCTTGATCGCCCCGAGGTAGGAGCCCAGGATCGCGCCGAGAAACCCGGCAGCGAGCAGAGGAAAAAGGCCCGAAACCTCCAGCCGCCCATCCAAATACCGCCCCCCAAGGCCGACCGCGGAGTTGAGCAAAATGAACGCCGCCGA
CP054189.1_gap42	1767474	1772339	4865	AGCGGCACAAGCCAGTTGATAGGATTTTCGATGTTATTCACGTCGATGCAATGAGCGATTCCGAAATGGACGAGTTCTTCACAAGTGCATTCAAGAGCGTCGGGATCAGCGTCGAGCCTGGGGCCCTAGTGCTGTTCAGAGTGTTCTCCGCCGGGTTGCCGAAGATCATGCAGATGCTCGGCGATTCCGCGTACTGGATCGACCGTGACGCGAACATTGATCGCGAAGACGTGGGGCAAGCGGCATTTGCAACTGCTGAGGACGTGGGACGCAAGTTCGTGGACCAGCAAGTTTTCAACGCGCTACGTAGCGAGAAGTACCAGGCGATTCTCGATATTATTGGCCAACAGGCTCCGCTTGAAATGTCGTTCGTTCGCGGGGACATTATGGCTTCCCTTTCGGATGTCCAGCAAAAGGTGTTCGACAACTTTCTGCAGCGTATGCGGCAACTAAACGTAATTCGCCAAGGCGAGCGAAAGGGCGAGTATGTGTTCAACGTGCTGATGGTGCGGTACTACATTTACATCACAGCTCAGCGGCGCAAGGCACAGTAGGTCCGCCCTGCCTCAGCGTTTGCTGCCCAGGTTCCTACTTGGCAAGTCATTCGTCGATGTTCGGGACTTCGTTTTAGCGACGAGGGACCGGAATCGATGAAGTGCAGGGTTGGTTCTGACAGGCGGATGGGTCGTGCTGACTGTCAGGGTTCCAGGGGAAGCCCTTGCAAGTCCCCGCGGACCCCGCACTAACTCCGCGCGAGCCCTCGGAGCCTGCAGGGCCATTCGTCACTCGATCGATCGCTTCACCGCCAAAGCCCAACGGTTCCGCCCATGTGCGGGTTCCTTGCAGGGCCGCGGGATCTATAGTAGGCCCTCAGCGACTCTGCATGGCTTTGGAGCAGGGATCGGCTGAACCAAAACACATGCCCGGATTCAGTTTGGGCCAAGAGATCGAGGTTGGCGCGCACATCCTCCCAAGGTACGGTTCCTTGGGACCCGTCCACCATGACCCCCGCGGCCAGCCTCGAACCCGGATTCACAAATAACTCGAATTGCGACTTCCAGTCCCGTGCGAAATCGGCCGCCGTTTGGCGGTAGACCTGAGGCACGAATTCGGTCATCCATCCGTTCCGGAGCCACTTGGGCCAGTCGCAAGCGTAATTCTCAAGGGACCACGGGTAGACGGCAGGGCTGATGCTCACGATGAGGTTCGGGCGAATGGCCTTGAGCTCCCTGCTCAGCCGCTCGGCGAACTCGGTGACTCGCTCAGCCCGCCACCGAACCCATGCGGGGTCCTTCGCGTTCTGGGGAGGCGAAGCGCCTTCGTGAGCCCTTGCGTAAGCTGCCACGGTAAAAGGGTCATATCCCATCGAGGTGGGCCAGGCGATTCGGTCATCGAGTTGAATGCCGTCGATCGGGTAGTTTCGAACCGCCTCCTTGATGAGTTTGAGCAAGAACTCTTGGCACTCCGGCCTTGACGGGTTCATCCAGACGAAGGGGTTTTGTTCGGAGATGAGGCTGCCGTCCGAGGTGGCCGTCATCCAGTGGCGTCGCTTTTCAAGGAGTTCGTTCTGCGTGCCCTCGTGAGCGGCCATGAACCCGTACTCGAACCAGGCGATGTAGGTGAGGCCGTTGCGATGGGCTTCGCGAAGCGTCTCGTCCAGGAGATCCCGGCTCTTACCGAGATTCGGGTGCCGATCGACTCCCGTTACCGCCGAAAGGGCTCGCGAGGGAAACTGGGTGTAGCCGTTCTTCCAGACCTCCACGTACACCGTATTGAGTCCGATGTCTTTGAGCCTTCGCAGGGTGCTCTCGGTCTTTGCCGGCGTTTGCAGGGCATCGTTGGCGGTGGTCGTAAGCCACACGCCGCGCAATTCGGCCTTCGGTGGGGAGAGCGGCATCGTGAGAAGGGTGGCAAGAGCCCCGAGCATCAAGGTTAGATTGTACGTGTCGGTCGGGGGAATTTCAAGCCGAAGCTTGCTAGGCAAGGCTCCAGTTCGTTCTTGAATTCCATGTAGAATCGCCCGTATGTCGCTACTGACCTCCGCCTTTGTTGCCGTTTGCGCGCTGCAAGCGGCGCCGAAAGCTACCGACCTGCAAGCTCTCAAGCCGAAGCTCGATGCGATCTCGAAGTCGTTTCATGGCCGGTTAGGCTACTACGTCAAGCGGCTGGACAACGGCGAGGAGATCGGGATTCGGGACACGGAACGATTCCCGAGCGCGAGCACGATCAAGACCGCGATCATGGTGGAGTGTTTCCGGCAGATCGAGCGCGGGGAATTGGCATGGGACGAGCGCTTGCAGACGCCGCCTGTCGACAAACGAAGCGAAAGCCTGTGGGTGGCCTTCCTCGCCGAAGGCGTCAAGATCAACATCGATGGCCTGATCCACCTCATGATGAACGTGAGCGACAACACGGCGACTGTGATGCTGGCCGACCGAGTGGGGATCAACAGTATCGAGCAACTGATGCTGTCGTGGGGATTGCGAGACACCGCCTGTACGATACATGTCGACGAGAAAGACAACCTCAGACTCTACCGCTTGCGCCAGATCTTCGCGAACATGGGTGTGACATCGCCGCGCGACATGGGTTTTCTCTTGGAGCAGATCTACCGGAGTAAGGCCGCTTCGCCCGCCGCCTGCCAGAAGATGATCCGGATTCTCTCGCATCAGTACTGGGACGACTTTCTGAGCTACGCCATCCCTCCGACCGTTGGGGTCGCATCGAAGGTCGGCGCTCTGAACCGCAGCCGCTCCGATTCGGCGATCGTCTTCGGTCCCCGACCCTACATCGTTACGGTCTATACCGACCACCAGAAGGACCAGCGCTGGGAGGATGACAACGAGGGGAACGTCGCGATTCGCCGTATTTCGGGGCTGATATGGAACCACCTCCACCCGGAGCGCCCGTACAACCCGCCACCCGACGCGCGCAAGTGGTATCCAACTGGTGGAGGGGTCGAGGGGGGATAGGTCGGCAAACCTGGGGCCGAGTTCCGCACTTAGGGGGACCTTCGGACTTTTGGCGCTATCATAGATTTGTGGCAGGGTTGAACCAACCAGAAGGAAAGGACGAGGGTTTAAGATCGCGGTTTCGGTGCTTTTTCTTTCCGGAGACCCATGCGAACCAGAAGCCCGAATACTGGAAACGCCCTAGGCTTTATGTGCCGCTCTCCATCCTTTTGTTCGCAATTCTCAGCGCTGACTACCTCTTCGCCGTAGCGGGAGTCGGCTTCTTCGACTTCCGCCCCCTGGTGTGGATTCGCGTCGATCCCGTGGATGCATCGGCGGCAGGACTAGTAATCGGCGCTGCGGCGGCGTCGATGGGAGGAGCGGTCGCCCTCATCACGCTCTACGTGAACCTCTGCGAAAAGAGGTTTGCCCAGGAGCAAACGCTGGAAAAGGACCGAAGGATCGCTCGGGACCAACGAGAGAACGAGCGGAACATTGCGGAACTCCAGCGCTTAGAAGAGCAGTTCAACCAGCTTTCCGCCGACTTTGCGGGCGCGGAATTGCTGGCGCGAGTCAACGCGGGGATCGGGCTCGCGCACATCGCGACAACCCACAGGCCCGGCATCAGCGACACAGAGGCCGACGCTCGAACGGAGCAGAACTACCCGTTCTACCGGCGGGCGGCCAACCAGCTTGCCGCGGCCTTGCACCTCTACAAGGAGCAGCCGGCTCGCGACGAGGTGCGCAAGGCGATTCGGCATATGGGGCAGTTCGACACGAGCGAAGATCTGCCGCTTCTGCACCTGCTTCTCAATTCCCTGGGGGAGGCGAACCGCACGGCCTTCCGCGCGTTCCTCGATACCCTCGCAGAAGGGGCAGCATGCAAGACCCCTTCCTTCTGCAAAACGTGTTGCCTTGCCGTGCGAATCTGCTCGGACGACGGCAAGAACCAACAGTTGCTGAAGGCGGTGGTCGAGTCTGAGGGCTGCCAAGCGCTCCTCCCCTTGAAGAAGCATTTGGCGACGCTGCCAGGCAATACGGGAAAGAAACAAGCCGCCGGTGCGATCGACGGAGCTTATCTCGGCAGGCTGGAGACCGCTTGGCAGAGCCTCGCCGACACCAGGGACGCGATCGCAGAACTCTTGAGAGTGCGTTGGCCCCCGCCTGGCATGCGGGAAGCGTTAGCGAAGACGGAGAACACGGTTGGTCCAAGTGAATGGAAGGAACTGGTTAGGGAGATCAATCAGGCCGCCACCAGGAACCCGGACCTCTCGGATTGCTTTCTGCAGGGGGCGGAACTCTGGGGGGCGCAGATGCAGGGGGCGGACCTCTCTAGGGCGCAGATGCAGGGGGCGAACCTCTCTAGGGCGCAGATGCAGGGGGCGGACCTCTCTACGGCGCAGATGCAGAGGGCGGACCTCTATAGGGCGCAGATGCAGGGGGCGGACCTCTCTAGGGCGCAGATGCAGGGGGCGAGATTGCGCGCCACAAACTTCGGACAAGCCCTGGGCAAAGAGGAGTGGGCTCGCCTGACGTCCTGTGAACTCGGCCTTCCCGACTTTCGCCGATGGGACTGGGACCCTTCGAGCGAAAAGGTGCGTCCCACCGACATAGAGGACACCGCACTCATTGACTGGCTGAAGGCCAACTTCCCGGGAGAGTCCGCATCCATCCCAGACGACGCAGGAGAGAGGTTTAACGAATACCGTAAGTGGGACGAGGCTGCCGGCGTCACGATGTGGGTACTTGGGGATCAAGCCATGGAGACATCGGCCGCAGAGTCAACAGCGTCGGAAATCGTCGATGCAGAACCTGATGAGTCAGACGCCGACCAATGAACTCCTGCGGCTCCCCGCAGTCCTTGACTGCGTCGAGGACGCAGCGCCGACTCCCTCTGGGGGCCTATCGAATTCA
CP054189.1_gap43	1790561	1794808	4247	TCGGATGGTCCGGAGGCCCAGTCACGACAACCCGTTCGACGACCTCGATCGGGCGATCCGGAACCGCAACCTCGTGTTGCAGAGGATGCTGGAGTACGGGATGATCGCGCAGGATCAGTATGAGGCCGCCTCCCAGGAGGAGGTCAAGCTGGCGCCGCGTAGGTTTGGCAGCGGGGCTCGAACCCTTGCTGCGTCGTACTTCACGGACTGGGTGCTGGAGACTCTCAAGAAGGAGTTCCCGGACCTCGATATCACGAAGGGCGGATACCGCATCGAGACCACGCTCGACCTCGAACTCCAAGAATATGCCGAGAAGCAGGTGGCTGAGGTCATCGAGAAGTTCCGCAAGCAGAAGCTCACGACCGGAGCGTTCGTCCTGCTCAACGATTCGGGCCAAGTCCTCGCTATGGTCGGGGGGGCGGACTACGACCGGAACCAGTTCAACGTCATCACGCACGGAGTTCGGCAACCCGGTTCTTCGTTCAAGCCGTTCGTCTACGCCACTGCCTTGTCGTCCGGAGTCATCGACACCCACTCCCGAATCTCCAATGAGCCGCTGTCAATCGAAGACCCTGTCAAGGGGAGGGTGACCTGGCCCAAAAATGCCAACGGCAAGTACGGCGGTGAGGTGAGCGTCCGAACGGCGCTGGCTTCTTCGATCAACGTTCCGGCCGCGCGGGTTTGCATCGACGTGGGACCGCAGACGGTGTCCAACTTCGCAAGGGATGTTTTCGGCATCCGATCCCCGATGGCGCCCGTACCCTCATTGGCGTTGGGTTCGAGTGGCCTCTCACTGATGGAGATGGCAGAGGGGTACAGCGTCTTCATGCTCAAGGGCGACCGGCTCCGTCCCTATGGGATCGTGCGAATCGTGGGCCCGGAGGGCGAGGTCGTCAGGTCGTATTCGCCGAAGTTCCAAAGGGGCGTGCTCGACCGCCGCGTCGCCGAAGCGATGGATGGGTTCTTGAGGGCGGTCATCACCGGCGGCACTGGCACCCGCGCGAGAACGGTGGAGAACGCTCGCGGAAAGACGGGCACGACGTCCGACCACAGGGACGCCTGGTTCTGCGGGTACACGAACAGCCTCCTTGGGATCGGCTGGGTTGCGAGTGAGAAGCGGGTCAACGGCCGTTGGGAATACGATCCGATGTCACGAGTTTTCGGCGGACAGGTTACGATCCAGATTTGGGAAGGCGTGATGAAGGAAGCCGTCAAGAAGTACAAGGCACGCGAAGATGTGCTCCCAGGACCTTCCAGCATCCCGGCATCGGCGGACCCCGATCCGGACCCTGACGAGCCTCCCGTCGACGATGCCGCCGGTCACGGAGAAGACCCACTTGCCGCTCTGCCCGAAAACCCTGCCGCTGGCGATACGGCTGCCCCGCTTCCAGGTACCTCCGAGCGAGCCACCGACGCGGTGCCCTCGCCGATCGTTCCGGGCCAATCTGAATCCGGGCCGACCGGCGAACGAAACGCGATTCGCTTGGAAATCTGCGTCGATAGCGGCCTAATCGCCAATCGGTATTGCCCCGAAACGGTGCGCCGTCGGTTCGACCGAGGCGCCGAACCCCGCAACGTCTGCCCGCTTCACGGCCCCCACCCCTAGTCCATGTCCGTCATCCATGCCCCTCGCGAACAGGAAGTCGAATGGAGGCACTGGGCGTTGCTTGCGGTCGTGCTCGTGGTGCTCGTGACCCTATTCTTGAAGCTGTGGTACCTGCAGGTCGTCCGGTCCGACGAACTAGCCTCCAAAGCTGAGTCGTATCGAACCGTCAGCGTCAGCAAGTTGGCGCCGAGGGGACTGGTATTCGACCGCAACCGGAAGTTGCTTGCGGGAGTCGAACCGAGGATCATCCTGACCGCTGTGCCGGCGCGAGTAAGGAGCGAGCCCTGGGTACTCGATAAAGTCGCGGCGATGCTCGGCGTGCCCGTAGAGGGTCTCAAGGCGAAGGTGGACGAGGCGCTTTGGCGGCCGTTTCTCCCCGCGCCCCTTTACATCGGGGTTCCCATCGACGTCGCGACAAGGATCGCAGAGTCCGGAGAGCACCTTCCCGGAATCGGCGTCGAGACGCTGCCTTTGCGAAGCGTGTCCGATCCGGTCGCGTACTCCCACGTGATTGGATATGTGTGGACCCCGAGCGGTGAGGATGTCGAGAGGCTGGAAGCGTTGGGCGTGGGAGCCCCCGAATACGTGGGCAAGACCGGGATCGAACGAATCTATGAGCTTGAATTGATGGGGAAGGCTGGCGTCGAGAGGTTGGAAGTCGATGTCCACCGAAGGCCGTTGCGGGTTGCAGGGCGTGACGCGCCTTCGCCGGGTTCGAAGCTCGTCCTTGGGATCGACGACGGCTTGCAGGCGCTTGCCGCGCAACTCCTCGAAGGCAAACGGGGCGCTGCGGTCGCCGTCGATCCCGCAACGGGCGAGGTTCTGTGCTTGGTCAGCAGCCCCGCCTACGATTCGTCGCTGTTCGCAAGCGGAATCTCGAAGGCCGATTGGAGCCGGCTGCAATCCGATCCGAACGTTCCTCTGATGAACCGGGCTATCGCCGCCCGATACGCGCCAGGATCGACCTTCAAAATCGTCACTACGCTCGCTGCCTATAGGCAGGGCGTTTTCAGCGAGAGCCGAACCACGTTTTGCCCTGGGTTCTTCAAGCTCGGAAATCAGCAATATCGGTGTCTGGGCAAGCACGGCGCGGTGTCGTATCGGACGGCGATCTCCAAGTCCTGCAATACCTACTTTTGCGACCTGGCGCATCGGGCTGGGTACGAAGCCATGATCCAAGCCGCCCTCGACCTGGGGCTGGGCCAACCTACCGGAATCGACCTACCTAGTGAATCCAGGGGGCTGGTACCTACGCGCGATTGGCTGCAAAGCTTCGATCCGCCTCGGCCTTGGTATCCCGGCAACACGGTTCTGCTCGGCATCGGCCAGGGAGAGATCGCGGCGACCCCCATTCAAATGGCGACCCTCCTTTCGCTCGTGGCCAACCGTGGGACGTCGTATAAGCCGCACCTCGTGAAGGCTATTGAGTCGTCGACCGGGGATCGGAAACTCGTCGCCGTCGAGCCGGAGGTATACCACCGCGTCGAAGCCGACGACAGGCTTTGGGATGCGCTGATCGGGGGCCTGAACGAGGTGATGTTGAGCGGAACGGCCTCGTACGCAGGGAGAATCGAGGGCCTCAACTGGGCAGGCAAGACCGGCAGCGCAGAGCACCGAAGAGACGAACTGACTCACAGTTGGTTTGTGGGCTTTGCACCTGTCGAGTCCCCTCGAATCGCGGTCGCCGTCGTCGTCGAAGCCGCGGGACACGGAAGCGAAGTTGCCGCGCCGATCGCGCGTCAGCTTGTGAGCCACTACTTGGGGTTCGACAGGAAGCCTGCCCTGGACGACGCGAATTCGCCAGCCGCCTCGAGGGCTTCCCCTGCTAGCTCCGGGTCGCCGAACTCTCGATAAGCCGCCGCGAGCAACTGAGCGCAGGTTTCGGCGTCAGAAAGCACCTCAGCCACTTCTTCAGGCGTCATACCGCCGATCCGGACAGGAGGATCAGCTTCGTTCGCTCGCTTCGCCTCAGGTACGGTCAGAGCAAGGTAGCTCGTGTAGCCTTCGAGCGCGGGCTTCAGCAAGTCGATCTTTTGCTTCCAGGTCGGAGCTTCTTGGGCGAGGAACATCCGTGCCGCGTAGGTCTCTGTGGGCACCAACTGAGGCAAGGCGCGAACGGTGAAGTAGGGCTTGCTTTCCACCTCGATCATCGACTGAGCGGTAGCGAGCGCCTCCTCTCGGTTTCCTTGCGACTGATAGAGCTCCAAGAGTTGCTTGAGGGCGAGGAGGTTGTTCGGGTCCCATTTGAGCGATCGTTTCAGCGAGGTGATCGCTCCCGACGGGTTCTTCGCAGCGAGTTGTTCTCGTGCGAGAGCGCGGAGGTGCTTTGGGGTCGGGGTCAGTTCAGCGGCCCGTTCGAGAAGCTGCAGACGTTCCTGACTCTGAGGAGTGTAGAGGGCAAGCAGGTAACTCGCCTCGCCGTCTCCAGGAGTCAGTTCTTGGGCGCTCTTGGCCGCCTTACAGGCGCCGACGACCTCGCCTTCGCTCGCGAGGGTATAGGCAGTCCACTTGCTCGCTTCCGATGCCGCCTGCCAGATCAGAACGAGCCAGATAGCGGCCGCGAGCCCAGCGCAGATGCGGCGAAGCCCGGCTCCCATCTGCTCCGGCGTAATCCCATCGGCTGCCATCGCTAGACCGACTC
CP054189.1_gap44	1796325	1798037	1712	TTTCACGGGCTCTCCAGCACCAAGCGACGTCTTCGCAATACATGAAGTACCCCTCATCCATGACCCCCACCGATTCGATCATCGCCTCGCTGGCGAGCATCGCCGCGCCGGAAACCCAATCGACGGGACGTGGCGCGTCGTGCTCCCAGTCGGTCATGAGGTATTCACGAGTGAACCTGTTGTGCGGAAAGAGCTTCCCAAGCGGGGTGTTGCGAAACATTGCGGCGACGGGGTTGGGAAAGCGGCGGCAACTGTACTGCAGCGATCCGTCTGGGTTCAGTATTTTCGGGCCCACGATTCCGACGCTTGGGTGAGCTTCCACGTATTCGGCCAAAGTTCGCAAGGCGCCGGCGTGGACGTATGCGTCGGAGTTGAGCAGGAAAGCGTGTTTACCTTTACGATTTCGAATCGCAAGATTGTGCCCTCCCGCAAATCCCAAGTTCACCGATTGCCGCATCAGCCGCACCCAAGGGAACTCGCGTTCGACCATTTCAGGCGACCCATCCTCAGAAGCGTTATCGACAACGATCGCTTCGAAGGACGTCTCCGCGCGAACGTCTTCCAGGCTCTGCAGGCATTTGCGCAGGTCCCCCGCTGTGTTCCAGCTACAGATCGTCACGCTAAGCTCGAAATCCCACATCGTATCCTCGGGCTCGGAGTAGTGCGCCGAGCCAAATCAGTGCCGCGACCACCGGAAAGACCATTCGGCTACCCAGGGAACGGCTGTGTTTACGTAGGAACCGAATCAGGCTCCGATGGGATTCCCAGATCATCGTCTTTCGAACTTGCTTCGTGCTCGCACCGCCGTGATGCAGGATTCTGATGTCCGGCACGTAGAGGCACTTCCCGCCATGTTGCGCGAGGCGAAGCAGCAGGTCGACCTCATTAAAGAAGATCGGGAACTGCGGGTCGAACGGACGCTGCGGATCGCCGATCGCGCTGACGGCGCTTTGCCGATAGAGCAGGAACGTCCCCATCGGCTGAGGGGCGCACTGTTCGGTTTCATAGTCGAACGCGGTGAGCCTGTAGCTATCGAGCAAGCTTCCTGGGAACAACTTGCCGAGTCCAGAGAGGTCACCGAGAATCCCCCAAATAGTGGGAAACCCGCGCACCGACTTCTGGGTCAGTCCGTCGGGCCCGATGAGTCTGGGCGCAAGAACGGCGCAATCGAGGCTCGCCTCGAGCTTGGCTACTGCTGCGTCGATCGCTCCTGGCGGGACTTCGGTGTCGGGGTTGAGGGAGAGCCGCCACTCGCCTTGCGCGCGAGACCAGGCTTCGTTGTTTCCTTCGGCGTATCCGAGGTTCCTGGGAGAGGCCACGAGGGTGACTTGGGGGAACTCGGCGCGAACCATATCTGCGGACCCGTCGCTGGACGCGTTGTCGACGACGATGACCTCTTGCGGGGACTTGGGAGGGTTCGAAAGAAGCGATTTCAGGCACGCGCGCAAGAGTTCTCGTGTGTTCCAATTGACTACGAGAACGCTAACCATGCCGGAGGCAATCCTACCTGAGCGCGTGATTTTGCGCGTTTCCTGGAAACTTTGCTAGGGGATTCGTTCGTAAGTTCCCATATAGAAGAAGGCGCTGTCCGAGCGGGTCCGTTGGCCTTGGGGTTGACTCTTTTGAATCTGATTCGGTAGGATAGTGCGGTGCGCCGAACGATCGTGTAGGCATTTTTTTGTGCCTCCCAACGTTCAGGCGAAGGACGATAC
CP054189.1_gap45	1835930	1839866	3936	CCACCTCGGAGGCCGTCCGGTTGGCCTCCAACAAGGGACTTCTGGAGCAGGCAGCCGACGGAAGAGACAAGCGCAGAAAGCGGCTCTTGCTGACCCCCAAGGGCAAGCAGAAGCTTCAATCGGCCCTCGAGGAGCTCCAAGCCGCCGATCAGGCGCTCCTCGAAGGGCTAAGGGCCGAGGAGGTCGAAGCCGCGATCTCCGTCCTTCGAAAGGCCGAGCAGAACCTCGTGCGAGCGGTTCGTTCCGCGCCTTCCGAGTGAGCGCGAGACTTTCCTGCGAATTCACACGAACCTTCGACTCCAAGAGGCCGCTTGATCCGTCCCAAAGAGTACAAAGCAGGGAGTCGAGCATGTTACGAATTGTCGGAGTCAATCGTCACGAAGATCCAAGGCAGGAGTTTGTGTTGCTCCAGAACCAGGGCACGCTACGCGCACGGCTCCGAGGGCATATTCTCCTCAGCGAAACCGCCATCGAATCGGGCGACCTCGAACGCTGGGCGTATGTAATCCCCGACGACGAGATGATCCCGGCGGGGCTTTATGTGCTCGTGTCCACAGGAGCTGGGGTTTCGCACTGGGCGCGGACGAAGGACGGCGCGCACGTTTACCACGCTTATATGGATCGTTCGGCGTCGGTTTGGTCGCGCAGCGAGGGGCCGGTGCATCTGTCGAGCCTGCAGCAGTCGTTTTGTGGCCGACGTGAGGCGCTGCTGTTACGGTAGCCTCCCGACCTCCTCAAACATTGCGCGAGCGTCAACAATCTGCTTGCCCGCTACGTAGAACTCATGGGTCCTCCTCGGCCAAGAACGCCCCGTTCGGGCCACAATAGGAGGACAACTCGAGCCATGAGCACCACTGAACCCGTTCCCGCCCCGACCGAAACCGACGACGCGATCCTTGAAAAATTCGCCAACCGCGAATACAAATGGGGCTTCGTCTCCGACGTGGAGAGCGAGACCTTCGCGCCCGGACTCAACGAGGACGTCATTCGAGCGCTCAGCGTCAAGAAGGAGGAGCCGGAGTGGATGACCGAGTGGCGACTCAAGGCCTATCGACACTTTCTCACGATGACGGAACCCACATGGCCGAACGTGAAGTACGAACCCGTCGACCTTCAATCGGTCAGCTACTATTCCGCTCCCAAGAAGAAACCGGTTCTCGAGTCCCTCGAGGACGCCGACCCCGAACTGTTGCGAACGTTTGAAAAGCTCGGGATTCCGCTCAAGGAGCAAGAGGTTTTGCTCAACGTTCGGGGCGCGGGCGAGAATCTGTCTCCTGCCGACGGCGTGGCGAACGTGGCGATCGACGCCGTTTTCGACTCCGTATCGGTCGCCACGACCTACAAAGCTAAGCTAGCCGAACTAGGCATTATCTTCTGCTCGATGTCCGAGGCGATTCGGGAGCACCCCGATTTGGTGCGGCAGTACCTAGGCTCGGTCGTGCCCTACAGCGACAACTACTTCGCGACGCTCAACTCGGCAGTATTCAGCGATGGCTCGTTCGTGTATGTGCCGAAGGGCGTTCGCTGCCCGATGGAGCTCTCAACGTACTTCCGAATCAACGCGATGCAGACCGGGCAGTTCGAGCGAACCTTAATCGTCGCGGACGAGGGAGCGTTCGTGTCGTATTTGGAGGGGTGTACCGCGCCGATGCGCGACGAGAACCAGCTTCATGCGGCCGTGGTCGAACTCGTCGCCCTGAAAGACGCCACCGTCAAGTATTCCACGGTGCAGAACTGGTATCCGGGCGATCCCCAGACCGGTAAGGGCGGGATCTTCAACTTCGTTACCAAGCGCGGAAAGTGCGACGGCGCTAACTCGAAAATCACCTGGACGCAGGTCGAAACCGGTTCGGCGATCACTTGGAAATACCCGAGCGTGATCCTGAAGGGCGACAACTCGGTGGGCGAGTTCTACAGCGTGGCGCTGACGGCCAACAAGCAACAGGCCGATACCGGCACGAAGATGATCCATATCGGCAAGAACACCAAGTCCACGATCGTGAGCAAGGGCATCTCGGCAGGCAATGGGCAAAACACGTACCGCGGGCTCGTCCGCGTCAACCCCGGCGCCGAGGGCGCGCGAAACTACAGCCAGTGCGACTCGATGCTGATGGGTGACCGGTGCGGCGCGCACACGTTTCCGTACATTGAGGTGAAGAACCGCACCGCGACCGTCGAGCACGAGGCCAGCACCACCAAGATCGGCGAGGATCAGATCTTCTACTGCAACCAGCGCGGCATCCCCACCGAGGACGCGGTCAACATGATCGTCTCGGGGTTCTGCAAAGAGGTCTTCCGCGAGCTTCCTATGGAATTCGCCGTCGAGGCGCAGAAGCTGCTGGGTGTATCCTTGGAAGGGAGCGTTGGGTAGGCATGAGTAGTGAGACGAGGAAGGGCTGGACGATCAGAATCTTTTGTAGCGAAGAAGAGGCTGATGCCGACGATCGGGTCTATTACGCTTCGCTTTCGGGCCAGGAGAGATTGAATCTACTTCTGGACCTGCTGCGTCGCTGGGGGAAAACCGATGAACGAGGATTTGAAAGAGTTCTTGAGATGTCTCAACCGCAATCGGGTTGAATTCCTCATCATTGGCGCCCACGCTCTAGCCTTTCATGGATTGCCCCGCTTTACGGAAGACCTCGACCTTTGGCTTTCGAAGAGCAAGGAAAATGCGCGTCGGCTCTCAGAGGCGCTCTCGGAATTCGGCACGCCGTTTCCAGAGGGTGGCGAGCAGGAGTGGTTGGGCGATCGCAAGATGATCCGTTTGGGCCATCCCCCAAACAGGATCGACCTATTGAACTTCGGCCCGGAGATCCCATTTGAGGTCGCCTACGCCCGGGGGCTGGAGGCGGAGATGGAAGGGGTGCCGGTGACGATAATATGTCGAGAGGATTTCATTCGCTCTAAGCGCGACGCTGGGCGTGCCAAGGACCTGCGCGACCTCGAAGAGATTGGGGAGGCGTAGGTCCCAGCGAGAATCTACTTTCTCAATGGCTGTTCGAACAACGGAGCGGTTCAATCGTAGAAATCAGAATGGAAATACCGAAAACTCCCCTTTTCGATGCTGGCATTCTACGACCTTGCGTCCCGATCAACCCAATTGACATCAGATTCCCGAGGAAGTACCGGGCGAACGGCGTTCGGCGCGGACTGATTCACTACTCCGAGGACGAGGTGCCCGACTTCGTTTGGATCATCGAGTTTTCAAATGGTGAAGCGAGGACACACCGGATACCCAAGAAGTGAGCAAGTTTTGAGGAGATTCTGGCCCAAGAAGCCTAAGCAGGTTTCGATTGTAGGTTCGGTCGTGCGTCAGGGTGATGAACTAGTCCTGCTCATCCCATTGGCCGTGGGCGGTGACGTGCTGGCAGAGTACGCAAAGGGAATCAGTGAAGTGCGCGGGGAGCACCTGCGGGTGCCCGTACCGTCTTGGCTGGCCGAGAAACTCGGGATACGAGAAGGTAGTCAGGTTATCGTCGACAACTTCGAGGGGAAGTTTCGGATTACTCGCGATGATTGATGTGCCTTGCGGCGACGAACTCGAGTGCTCATGGACGAACAGTACTAGGACTGACCAATCTGCGATACCTTGAGCTTGAAATGCAGTAATCGCTCGCAAGCGTTCTTGTTCAAACCGTCGTATTAGCTCAGAAGTGATCGCAACCGACCCGATCGGGAAGCCCTCGGATTTCGGTCCAGTACTCCTTCCTCACGTCCTCGTCGATCCAAACTGGCTTGCCGCTAACATAGAGGCGGTCGTCGCCCTTGCGCCTGCAGCCCGAGATCCAATACTTCTGGCCGGTCTCAACGTTGTAGTAGTTGGCTTTGTAGCCTCCCTTTAGGCTCCTAAACTGCTTGCCCCCGTAATATAGCGTGGCGCCGGTCTTGGACATTCGGACACGTCCGATGCGGGCGTCATCGCTGTTGAGCTGATCC
CP054189.1_gap46	1842340	1843726	1386	AGTGGCTGGAGGTCGCCGCGCATCTGGAGGACCTTTCCGGAGGCGGTTCGGCTCATGCGGGAGGCGATGGAGGACGTGCTGGCGCACCGGGCGCATCCGCCGGGTTTGTGGCCGCAACTGGCCTCGACCAACGGGCTGGAGCGGCTCAACCGGGAGGTGAAGCGCCGCGCGGACGTGGTGCAGATATTCCCGAACGAATCCGGGGTGGTGCGGCTGGTGGGAGCGATCCTCATGGAGCAGCACGACGAATGGCAAGTCTCCCGGCGGCAGGCTCCCAAGGAGAGCCTCGGGCTGCCGAGCACGAAAAACGACGCGCTGCTCGCAAGAGCAAGCGGATGGTGATATCATGGAACAGGCGGATGGCGCCCACTACACCACGTCCTGGGACACGACCCGGGTGCCCGCGTCCGACTCGTAGACGACACCGGGACAATGAAGAAAATCCCCCCCTCGCCCGTCCGAGGGAGAGGGGGCCAGGGGGTGAGGGAAACTCTCCGGGGTGCCCGCGTCTGACCCGCAGAGCCGACCGGGATGCGCGCGCCAGTCCAGACCTTGTAAGCCATCAGAGGGATTGGTCGCAGGCGCTCCTCGCAGCGGTTTCCCTAGCTCCGTAGAAGCGCCATGTCTATAGACAAAGCCAGTGGTAGATTCTCCCCAAGCCCCGTAGGGGCGGCATGTCTCTATCGCCGATCGTCGGGTAAACCCAAACTCCGTAGGAGCGGCATGTCCCATGGCCAACACGTTTTCCCAAATCTACATCCACCTCGTTTTCGCGGTCAAAGGCCGCCAGAGCCTCATCTTTCCCGACCGCAAAGAAGAGCTGCACAAATACATCACGGGAATCGTCAGGAGCCAAGGTCAGAAGCTCATTTCGATTCACTGCATGAGGGATCATGCCCACATCCTCATCGGCCTTAAGCCCGGCAAATGCCTCTCGGACCTTGTGCGCGAAATCAAAACGGGATCAGCAAACCACATCAACGAGAATCGGTGGGTCCAAGAGCACTTTTCGTGGCAAGAGGGTTTCGGAGCGTTTTCCTGGGCTCATTCTGACTTGGGGAATGTGGTCCGGTACATCGAATCGCAGGAAGAGCACCACAAAAAGTGGAGCTTTCGCGAGGAGTTCCTGGCGTGCCTGAAGGAGTTCGGGATGGCTTATGATGAGAGATACCTTTTCGAGGAGCCTAGCTGAAGAGCGCCACGTGAAAGGGGCTAAGAACGGAGTTGCTATAGGCCGAGCGCTCTCAACATGTCGCTCCTACGGAGCTCGAAATGGGGTTGCGGCAGGGTATCAGCTATAGACATGCCGCCCCTCCGGGGCTTTGCGACGGGTGGCGTTCTTCCGGCTCGCAGGGCAGACCGGGAAGCGAGGGTGCGCCTTTCCCT
CP054189.1_gap47	1850382	1855237	4855	CGCAGTCTGCGCGGCGCCTAAGGGCTCTCTCTTCGCCGCCTCGCTCGAGGACCGCACCGTGTGCATCTTCGACGCCTCAAACCGCAATCTCATCCGCAAGTTCGAAGGCCACCCGCAGCCCGCTTATGCGGTCGCGTATTCGCCGAATGGCAAGCTGCTCGCCTCGGGCGACGAATCGGGCAGGATCATGATTTGGGATATTTCCGCCAACAAGAAACTCGCGGAAATCCGGCCCCACACTCGCGGGGTGCAAGAGGTGAGCTTCAGCCGGGACAGCAAGAGGATCATGAGCACCGGCAAGGACGACTTCATTTACGTTCATGAGGTCAGCACGAAGAAGAAGCTCAAGGCTCTGCCGGGCAACGGCGCGAACTGGTTCAGCGCCCGGTTCTTGCCTCACGTCGAAGGCTACAGCGTGGGAACTCTCGGCAACGGAGCGACGATTTACGCGGGCGCGAACGCTATCAAACTCTCCGGCGTTCACGACGGGAACTCGGTGTTCGATGTCGATGTTTCGGGCGTATCGTCGAGGGCCGTGACCGCGGGTCGAGACGGCAACGCGGCGATCTGGGACGCCAAGTCGGGCAAGAAGATTCAGCTACTCCGAGGGCACTCCGACTGGGTCGTGCGGTCTCGATTCTCGCCGAGCGGCAAACTTGTAGCGACGAGTTCTTCGGATCGAACGGTCCGAGTGTGGGACCTCAAGACCTTCACGGCGGTAAAGACGATCTCGGACCAGTCCGCCGTGGGCGCGCCGATCTGCTTTACGGCGGACGGGAAGTTCCTGATCACGGCGACCCTCGATGACTTCCTTCAAATCCACTCGGTGACCCCGCCCGCGATCAAGTGAAGGGTTTAGGGCTGCTTCCTGAGTGGCGGCCCTGAATCAGCCTTGGGGAAGTCGCCGTTAGAAGGAGGACTTCAGCAGGTCGAGCCAATCCTTCCAACAAGCGTCGTGCGCGGCTTTGTTGGCTGGGTTTGAATTCGGGTCCGCGCCGGCTCTCAAGAACCCGTGTCCCGCGCCGTCGTAGATCTTCGCCACGAACATCTTGCTCGCCGACTTCATCAGTGACTCGGTTTCCGGGATCGTGGCGTTCACTCGCGCGTCATTTTCGCCATAGAAGCCGTAAACGGGGCAAGCGATCCTCTCCACAACCTTGGCGTCGGTCGGCCCTGTCCCATAGAACACGAAAGCTACCGAAAGGTCGGAGCGGCTCGAGGCAAAGCGGAAACTCTGAGTGCCGCCCCAACAGAAACCGGCGACGGCGATCTTGCCGTTCGCAGCGGGCAGGGCCTTCACGTAGTTCGCCGCTGCATCGAGGTCCGTAGTGACTTGGTCGGCGGGCAGGCCGGTCACGGCCTCGCGGATTGCGGATGAATCGGCGAAATCCTTGGTGCGACCACCTCCTGGCGCCATCCCGGTGAGCAAGTCGGGAGCAATCGCGATGTACCCTTCCGCGGCCAGACGGTCCGCCACGCTCATGATCCAGTCGGAGAGCCCATATATCTCGTGAATGATGATCACCGCGGGGGCCTTGTCGCTGACCTCAGGGTAGACCACAAACGACTTCACTTCGCGGTCCCCGTGCTTGATCGAAACCCATTCCTGGTGGCGCGGCGAGGATTCGACCTGCCGCTTGGCCCAGTCTTGGTTTTCATCGTGGCCGTGGCTCGCGTGAGCGTCGGCAAGGCGGCTGATCTTCCCGCATCCTCCCGCGATCAAGGCGGCGCATAGAATCAAAAAGGCGATCTTCATGTTCCTTCTCCCTCCAAGGTCGTTCAAGTCTGCATACGAAGCGGGGAGCCTGGAGATCGTCATTCTGACCTTTACCCTTGACACCGCCAACCCGAACGGGCCAACAATCTGCAATGCGACTACTGAGCGGAAAACTCTTCCTGATCGCCCTCTGCGCCCTCACGAGCGTCCTTGCCATCGCACAGGCGCCTCAAAACGTGGTCGATGCGCTCAAGGCGGCCGACGTGTCGATCGACGAAATCGCAGCTATTCCGGCCGACCAGCGAACGTTCGACAACACTCTGGGCGCGTTCGACTGGGTTCTCGCCAAGGTCGATATCGACACTTCACTGACGGTATTCATGCAGTTTGTCTCGCCGAACGCCGAGCAACGAGCCTCCGCGCGGGCGGCCGACGAACTTGTAAGTGAGTGGTTCATCGGGGTGACGAAGCGCGAAGACCTCTACCGCGCGATCAAGGAGTTCGCAGACAAAAAGCCTGGCCTGGAACCGGACCAACAGCGGCTGCTCGACCACACCCTTCGGGACTACAAACGTGCCGGAATGATGCTGACGCCAGAGAACCGAGCGCGGCTCCAAGAGATCGAGGTCGAACTCAGCAAGCTCAGCATCGAATTCGAAACCAATATCGCCGAAGACCCGACCAAGCTCTTCTTCACCAAGGACGAACTGAAGGGCGTACCCGAATCCGTCCTGGGACGGCTCTCTCAATCGCGCGGCCTCTACATGATCGGGATGGACGGGCCGACCTATGGCGCCCTTCAGGAGCACTGCGAGGTCGCGCTCACCCGGCAGAAGGCATGGATGGCCCACAAGCGCAGGGCAGCCAAAAACGTGGCGCTCATCGAGAAGATCATCAAGCTGCGGGACGAAGCGTCCGACCTGCTCGGATACGCCAATCGTGTGGACTATGAGATCGAAACCCGCATGGCAGAGAACTCGAAGGCGGTCGCGGAGTTCTATGCCGGCCTGCGCCCACTCGTTCGCAAGAAGGCGATTCAAGACATGGCCGAGTTCACCGCCGCCAAGCGAAGCCATTTGGGCGACTACTCCGCGCGACTCAACATTTGGGATTATTCGTTTTACAAGAACAAGCTCCTGAAGGAGCGGTATGCCGTGGACTCCGAGAAGGTCGCTGAGTTCTTCCCGATGGAAGCCGTCGTGAAGGGGCTGTTCGATATCACCTCCCAACTCTATGGCATCGAATATCGCGACGTCACGGCAAGCGCCAAGGACCTCGGGTTGCCGCTTTGGCACGAGGATGTGCGGCTCTACGAAATCTACGACACCGCAACGAAAGAGCTTCTTGGCAGGATGTACACCGACCTATATCCTAGGGACAACAAGTACAACCATGCGGCGTGTTGGGGGCTCCAGCCTAGGCGGGTTCTGCCGAACGGAACCGTCCAGAAACCGCTAACCGCGCTTGTCTGCAACTTCACCAAACCCACCGCCGACAGGCCCTCCCTGTTGCCTCACGACGAGGTCGAGACGTTCTTTCACGAGTTTGGACACGGGCTTCACAACGTCCTCACCCAAGTCCGCTACGCGTCGTTCTCGGGAGCCTCGGTCGAGCGCGACTTCGTCGAAGCGCCCTCGCAGATGATGGAGAACTGGGTTTGGAACAAAGAGGTTCTCGCCAAGTTCTCGCGCCATTACCAGACCGGCGCGGCGTTGCCTGATACGCTGCTTGACGGGATGCTGAAGGCTCGAAGGTTGGGAAGCGGAATCGAAACGGAGTTCCAGTTCTTTCTCGGCCAGATGGACCAAGCTTTCCACACGAATCCGACGGGAAGCGTCGATACGACGGCCACGATGATGGACGTGTTTTCGACGACGATGCTGTACGAACCCGTCCCTCTCAGCTTCTATCACGCCTCATTTGGACACCTGACCGGCTACCAAGGGGCGTACTACGGCTATATGTGGTCGCTCGTTTACGCCCAGGACATGTTCCAACGGTTCGAGGAGCTTGGAGTCCTGAGCCCCGAGGCAGGGAAGTACTATCGCGACAAGGTGTTGGGCCGCGGAGGGTCGATGGATGCGATCGCCATGCTGGTCGATTATCTCGGTCGGGAGCCCAAGATGGATGCCTTTCTGAAGCACCTCGGCTTGTCCGGAGACAAGTAGCTTCAGTCGTTCGGGACGAACCTCAGGACTTCGCCGTTGATGCAGTATCGAAGCCCTGTCGCGGTTTTTGGCGCGTCGTTGAACACGTGTCCCAAATGGCCGTCGCACCGCGCGCACAGCACTTCGGTCCGGATCATCCCATAAGCGCGGTCGGTTAGAGTCCAAATCGCGTCCTTGGCAGCGGGTTGGAAGAAGCTCGGCCAGCCAGTGCCTGACTGGAACTTCGCATCGGAGCGGAATAGCTCAAGCTCGCATCCCACGCAGAAGTAAGAACCTTCCTTTTTGTGGTCGTAGAGCGGGCTACAGAAAGCCGCTTCCGTCCCCTTCTTTCGCAGAATGCGGTACTGCTCGGGCGTCAGCCTCTTCTGCCATTCCTCGTCCGTCCGAACGACCTTGTCGGGTCGCTTGGGGCTTCCCGACGCTTCTTGTTGCTTGAGCGTGTCCATGTCGATTTCCCGAAGGGCAGCCGCTTCCCGAAGGGCAGCCGCGCTTACGAGCGCGAGCCCGGCCAAAGCGTATGCGATCCAACTGGTGGTCATCCTCAGTCACCCTAACGCGGTCGGAGCCGCCTTAGTTTCCGCCCTTTCGCCTCGCGGACGATTTCAGCACCTTTTCGTACTGAGCGATGTACTCGCTCACGGGGACCTTTCCGATCGCCTCGCCCAGGACGTCGAGAGGCACGTCGTCGAGCTTCTTGAACCGAATGCACGACTTGCCCATATCGAGTTTCTTGCCCGCTCGAGTCCACGCGTCCCTAAACCAGTTCGCCAAGGGCTCGTCGCTGTAGATGCCCATCATGTAGATCGCCATGTGGTTCTTCTGAGAGGCGAGCGAGGCGAACGGGAGCGGTTGCTTGGGGTCGCAATGGTAGCCCGGCGGGTAGACGCTGTGGGGGACGTAATACCCGATCATCCCGTACTGTACGCCCTCTTCAACCCCCTCAGGAAGGTGGGCCACGATCGTCTCGCGC
CP054189.1_gap48	1859130	1862330	3200	AGAAGTGCATCGGCTGCGGGAGGTGCGTGGTCGCCTGCTCGAAGGAGAACAACGTCCCGGAGGGTCACTTCAGGACTTGGATCGAGAAGTACGTCATCACCAAGGACGGACGAGTCTTGATCTCTTCGCCCAACGGGGGGATGGACGGCTTCAGCGACGACATGCCTGAAAGCGACATCGAGCGAGCCTTCTTCGTCCCGAAGCTCTGCAATCACTGTGAGACTTCGCCTTGCACCCAGGTCTGCCCCGTCGGCGCGACGTTCCTCACAGACGATGGAGTCGTCCTAGTCGACTATGAGTGGTGCGTTGGGTGCCGGTATTGCATTCAAGCCTGTCCCTATGGCTCGCGGTTTTGGAACCGAACCAAGCGAACGGCCGACAAGTGCACGATGTGCTTCCACCGGATTCAGAAGGGCCTGCAACCTGCGTGCGTCGAAGTCTGCCCGACCGGGGCGCGCATTTTCGGCGACACGAACGATCCGGAGAGTCCGATTTCCGTTTTCATGCGGGAAAACGCGACAATGACCCTCAAACCTCACCTGAGGACAGGGGCAAAACTCGCTTACAAGGGGCTCAGCAAGGAGGTGGTGTAGGTGTTGGACCTCGCCCTGTTACCAACTTCGGCGCTTTGGGCCAAGGTAGAAGGCTTCGTGTTCCCGAACGAGGTCGAACTCCAATGGAGCGTCTTGATCGTCCTGTATCCCTACCTCACTGGGCTGGTGGCCGGGGCGTTTATCCTCGCCTCGCTCGTTCGCGTGTTCAACGCGAAAGCTCTTGCGCCCACCTACCGACTGTCGCTCCTGGTTGCGCTTGCCTTCCTCCTGATCGCTCCCCTTCCGTTGGTGGCGCACCTTGGCCACCCCGAGCGGGCGCTGAACATCATGTTTACGCCGCATCTCTCCTCGGCGATGGCGATGTTCGGCTTCGTTTACCTCTGGTACCTCTTGGGAGTGCTGCTTCTCGAAATCTGGTTCGACTATCGCAAGAACATCGTGGAGTGGGCCAAGGAGTCGCGGGGCCTCAAGCGCTGGATCTACTCGATTCTGACGCTTGGCTACTGGGATGTCTCTGAGCGCTCTCTTGCCTTCGATGAGAAAGCGGGACGTTTCATTACGGTCATCGGGATTCCTTCGGCGGTGTTGTTGCACGGCTACGTGGGTTTCATTTTTGGCTCGGTAAAAGGGAACCCTTGGTGGTCGAGCGTGCTGATGCCGATCATCTTCCTCCTCTCGGCCATCGTCTCAGGCATCGCCGCCGTGCTCCTCATCTACATGGTCTCCTCATGGATTCGGAGGATTCCCATTGACATGAAGTGCGTCGATGCGATCGGGCGCTACCTCATGTTTGCGCTGATCTTCGACCTCGCGCTCGAGGGGCTCGACGTCGTCCATCGGATGTATGAGGCGGGTGAGTGGTTCGAAGTGCTGGGCCTTCTCAGTCAAGGCTATCTCTTCGAGACGGTGTTCGGAATGCAGTTCTTCTTGGGCGGGGTCGTGCCCTTGGTTTCGCTGGCCCTGCTGCAGTGGCTCAAGGTGAGCGAACTCACGAGGAGGCGGGTCTTGTTCGCCAGCGGAGCGCTCGTGTTGACCGGAGTGCTGTTCATGCGATGGAACGTCGTGATCGGAGGTCAATTGATCTCGAAGAGTCTAGCGGGCCTCACAACGTACCGACTTGTGATGGCGGGAGAAGAAGGGGGAGGCATCGCGCTCGCGGTCCTCTTGCTCCCGATTGTAGCTCTGCTCTTTCTCGTGTGGCTGTTGCCACCCTGGATCGAGAGGCACGACGGAGCGGTCCGAGGAGCGCCCTCGTAAGAGCGGCCGCCTACTTCAGCTCAGTCTGAATCGGACGTGCTGTAGGGGGCGGTGTAGTTCGGCGGTTCTTTGGTGATCCATACGTCGTGGGGGTGGCTCTCCCGAAGTCCGGCGTTGGTTATTCGGACGAACTCCGGTTCGTGGGCGAGGGCCGATAGGTGCGCCGCCCCTACGTATCCCATCCCCGACCGAAGGCCGCCGACCAGTTGCTCCATCGTTTCGTGGAGGGGCCCCTTGAACGGCACTCGGCCTTCTACGCCTTCCGGAACGATGGTTCCCCCAGCTTCCTTGATCTGCATGTACCGATCCGAGGAGCCGCTCTTCATGGCGCCGACCGAACCCATGCCTCGGTACACCTTGTATGCCCGGTTGCGATAAATCTCGATCTCCCCTGGGCTTTCTTCGCAACCCGCAAACATATTCCCCAACATGACTGTGTTTGCGCCGGCAGCAAGCGCCTTGACGATGTCGCCTGAACTGCGGATGCCGCCATCTGCGATCGTAGGTACTCCAAGTTCGGCGGCTTCTCGGCAACAGTCGTGTACCGCCGTGAATTGAGGCACGCCGATCCCGGCCACCACTCGAGTGGTGCAGATCGACCCCGCGCCGATGCCCACGCGAAGTCCGTCGACGCCCAGCGCGCACAAGTCCCGGACCCCCTCGCGCGTCGCGACGTTGCCGGCGATGACGGGCAAATCCGGCAGCCGTTGCTTGAGAGTCTTGACGCAGTCCATCACTCCCTTCGAATGCCCGTGGGCGGCGTCGATAACGACAAAATCGACTCCGGCCTCGAACAGGGCCTTCGCCCGCTCGAAAGGTTCGCGGAGAGCGCCGATCGCTGCCCCGACCACGAGCCGTCCTTTCGCGTCCTTGGTTGCGTTTGGGTGCTGCTTGAGCTTCAGGATGTCTTTGATCGTGATGAGTCCGCTCAGCTTGCCTTCGTCGTCGACGAGAGGGAGCTTCTCGATTCGGTGCTCGGCGAGGAGCAGTTCCGCTTGTTCCAGGTTCGTTCCGATGGGGGCCGTGACCAGGTTCATGCTGGTCATCCGGGTGTGAATCGGCTTCGAGAAGTCGGTCTCGAATCGAATATCTCGGTGCGTCAGAATGCCCACCAGCGTACCGGCCGGATCGACGATCGGGACGCCGCTGATGTGGAAGTGGTCCATCAGCTCGATAGCTTCGCGGATCGTCTTGTCGGGCCCCAGCTTGATCGGGTTGGTAATGACTCCGTGCTCGCTTCGTTTGACCCGGTCGACCTGGCTGGCTTGGGCCTCGATATCCATGTTGCGATGGATGACGCCGACCCCTCCCTCGCGCGCCATCGCCACAGCGAGCTTTGCGTCGGTGACCGTGTCCATCGGCGCCGACACAATGGGAATCTTCAGGCGA
CP054189.1_gap49	1863554	1865283	1729	TCCCTCGGACGAATCGAGTCTGAGGGACGGCGCAAGAAGAGGGAGCCTTGAATCGGGGCGCGACGATACCTCAGCCGAGCCCGTAGGGTAAACCCACGGGATGGAATATCGATCGCTCGGACGAACGGGGATGCAGGTTTCTGTGGCCTGCATGGGGACCATGACCTTTGGTTGGGAGCCTGACGATTGGGGCTCGACGAAGGAGGAGTCGCTTCGCGTCGCTCAAAGCGCGTTCGAGATAGGAATCAACTTCTTCGACTGTGCGGACGTGTACGCGAGAGGCGTCAGCGAGGCTATCCTGGGCGAGGCGCTGAGGGGCAAACGAGACAAGATCGTGCTGGCGACCAAGTGCCACGGCAAGATGGCGGACGACGACCCGAACGCCTGGGGCAATTCACGCAAGCACGTCATCGAAGCCTGCGAAGCTTCGTTGCGAAGGCTCGGAACGGATTGGATCGACCTGTACCAAATCCACCGCCCGCAACCCAGTGTGCCGATCGACGAGACGATTCGCGGGTTGGAGGACCTCATCCGCGCGGGGAAGGTGAGGTATGCCGGGACCTCGACGTTTGCGGCTTGGCAGCTTTGTGAGGCCCACTATGTCGCCCGGTCGCTGGGGGCGTCGGGGTTCGTGTGCGAGCAACCCCCCTACAACCTCCTCGACCGCAGAATCGAGCGAGAATTGCTCCCGTTCTGCCGAACCTACGACTGGGGGGTGATCCCGTGGTCGCCCCTAGCCGGGGGGCAGTTGAGCGGGAAGTACCTGGACGGCATAGCGAGCGGGGCGAGATACGCCTCGTCGGACCCGATGAACCGGGTCAACGCGCAGTCTATGACTGCCGTCCGCAAGCTCAAGAAGATTGCGGATCGGGAGGGTTTGACGTTGGCTCAATTGAGCTTGGCGTGGGTCGCCGGCCAACCGGGGGTGACCAGCCCCATCATCGGGGCGAAATCCGAAAAACAGTTGAAAGAGTCGGCCGACGCTTGCCAGATCAAACTCTCGCACCGGGCGCTTCAGGCGATCGACAAGGTCGTCCTGCCCGGCGGTAACGTTCTGAACTACTACTCCGCGGAATTCGGCCCCAACGCTAGGCCCTGGTGCTGAGCCTCAGTCGATCACTTCGACGTCAACCTTAGGCACGAGGCCGATTTCGGCGGCCTCACTCAACATGCGCCGAATCGCTGCAATGCCCTCCGGCCCCATGTCGCGGGTGCGATCGTTGACGTACATCCCGACGAACTCATCGCTTGTAGACTCATCGAGGCCGCGAGCGAACTGGAGGGCATACGCCAGCGCCTCTTTCCGGTTCGAGAGCCCCGCCTCGATCGACTCTCTCATGCAACGGCTCACCTCACGGCAAAGCTCGGGACCGAGGTCCTTGCGGACCACATTCACCCCAAGCGGTAAAGGCAGGCCCGTCCGCTCCTTCCACCACTTGCCCATGTTGATGATCTCGACCAACCCCTCTTGTTCGTAGGTCAACTGGCCTTCGTGGATGATGAGCCCGGCTTCGAACTGGCCGTCCTGGAGCGCGGGAATGATCTGATCGAACGGAACGACCTCGTGTTGGGGCCCCGGTTCGAGCCCGAATTGGTCGAAGAACCACAAATTGAGTTGCAAGAACGCACTGGTGAGCCTGCCGGGTACGGCGATTCGGATTCCGGGCAGCTCCTCAGCGGCGATCGGCCGTTTGGCGACCACCATCGGGCCGTACCCTTCACCGAAGGA
CP054189.1_gap50	1928535	1930488	1953	TTCTGCCACGTCTTTCCTGCGTCGGTGCTTCGGAAGACCCCTGAGCCGCGGCCCATGTCCCGAAAGTCCCACGCGCGCCGCTCGCGCTCCCATGCCGCCGCATACACGGTGTCGGGCCGGCCGGGGTCGATCTCCACATCGATCGCACCCGTCGTGGGGCCCAACTTGAGGATCTGCTGCCACGTCTTTCCGCCGTCCGCGGTCTTGAATATCCCGCGCATGTCGTTATGGGTGTAGAGGTGGCCGATCGCGGCGACATAGGCCACGCTTTCGTTTCGGGGGTCGAGTTTGATCCGGCCGATGTGGTTCGTATCGACGAGCCCAACGTTTTGCCAGGTCTTGCCCTCGTCGGCCGACTTGAAAACTCCGGTGCCCTGGTAGCTGGTGCGTTGGCTGTTGGCCTCGCCTGACCCGACCCACAGGGTCTTTCCATCGCTCGAAACCGCGACCGCGCCGATTCCAAAGCTACTTTGGTCTTCAAACAGCGGGGTCCAACTGATCCCGCGGTCTTCGCTCCGCCAGAGTCCCCCCGTCGCATAGGCAACGTACAGCTTCTCCGGATCGCGTGCGGGGGCTGTGATCGCCACGACCCGGCCGCCTTGGATTTCGGGTCCTACGCTTCTCCACGCGAGCCCGCCGAGAAAGCCCTCCCGTTCCATTTGCAGGCGTCGCTCGTATCCGCGAACCCGTTCGGCGGAGTTCATGCCCGTTCGCGGCGCGTGATACTTCGAAATTTCGTCCTCGGGCGAGGACGGCGGTCTTAGGTAGGAGGGTAAATCTTGCGCCGGAATTGACGAGGACGATAGCCAAAACGCGACAAGAAAGAGGGGGCAGAATCGGTTCACGGAAACGGAATTTCGACGATAAGTGCCCGGTGTCCTTTCGAATCTCCAGAGGGGACGGCTCACCCAAAGAAAAGGGAGCGGGCCTCGGCTCGCTCCCTGACAAGCTAACGTTCGAAGGGGTTCAGTCGACCTTTTCGACTTTGATCTTGCCGGTGATGGGTTCAGGCGCTCCAGGCGTAGGGAAGTTCTCCCAAGCGCTCTCCAACTTGATCATGTCAGACGCCTTCGTATCCAGCCAGATCAGCCCCTTGGCGGTCGCGGGGATGGAGCCGCCCGTCTCCTTCACGGTGTAGGAGATCTTCGCGGTTTCGTACTTGCCGACCGTTTCGACGGCCTCAAACTTGTAAGTCGCCGTGAACGGTTTGATTCCAAGCTTGTCATCTCCCTTGCCCTCGAACGTCCAGGAGTCCCCGACGTTGATCGCCTTGCTGGGGTAGTAGAACGAGGTCAGCGCCGCGGCGCGATAGCTATCTTCTCCGGAATCGTCGCCGGTGATCGAGATCACCTCGCCGTTCGCCTTCATTTTGGAACGAGTCGGCGGGGACGGCGGCATCGGCATTTCCTGGCCGCCGAACGTGATGACCATGCTGGACTGCTCTTCCTCGACCGTGTAATCGCCGTTCGCATCGACCGAGACGATCTTGGACTTCAGCAGCGCCGAAAGTCCGACGGTCATCCCTTGCGCTTCGAATTCGCCGGTCAGTCGGTAGGTGGAAACGTCGCCAGCCTTTCCGCTGAACTTCAGCGTATGGCCCTGAAACGACGCGGTGGCTAAGATTGCAGAGGTCGCAAGCGACAACAAGAGCGCGGTGCGGATTGATTTCATGTGCGGTTCATCTCCCTTTGAGGCGTCCCGTGCTGTCGGGACGGTTTGGTCTCCCCGCCATTTTAACGCCTGGGGGCCCGCATCGAGAGAAAACGGGCCCGATGGTCCCTATCGGCTACGCGTCGGCGTACAAGAAGAACTCGTACGGGTGCGGCCGAATCGCGATCTGGTCGCATTCGTGCTTGAGCTTATGGCTGACGTACGTCTCGATGAGGTCGCTCGTGAAGACGTCGCCCTTGAGCAGGAACTCGTGATCGTCCACGAGCGCTTCCAACGTCGCCC
CP054189.1_gap51	1967947	1972859	4912	ATACGCCGGCATCATCTGCGAACGGTGCGGCGTCGAAGTCACCAAGAGCCGCGTCCGGCGCGAGCGCATGGGGATCATCGAACTCGCCGCTCCCGTGTGCCACATTTGGTACTTGAAGGGAGTTCCCAGCCCCCTGGCGTTGATCCTCGACATCTCGCCCCGGCTGCTCGAAAAGGTCATCTACTTCGCCAGCTTCATCATCATCGACATCGAAGCCGAGAAGATCGCCGAGCTGCTTCCGAAGGTGAAGGAGGCGGCGGAGCAGGAGAAGGCCACGATCATGCGGCACATGAGGGAACTCGAGGAAGACAGCTTCACGAGGTTCTTCGAAGAGCTTGACAGCAACAGCGATGAGTACGACGAAGGTTCGGTGAGGGAGCGCGCGAAGGCGATCAACGACCGCATTCGGGCCGAATACCGCGATGCCGACGACCGTCTCAAGGACCTCGACCTTGCGGTGGACATCCTCGGCAAGCTCGAGCGCAACCAACTCATCGACGAAGAGAAGTACCGCGCGGTCAGCAAGATGCTCGACGCCGTGGGCGCCAAGCTCGATTTGGAATTGCGCAACCTTGTCCGGGCCATCATCGGGGCCGAGGCGATCAAAGAGCTGTTGACCCGCGTCGACCTCGAAAAGCTCGCCCGTGAACTCCGGCAAGAGATCGTGTCGACGACCTCGCAGCGCCGAGCCCGCGCCATCAAGCGGCTCGAAATCGCGGAAGCGCTCATTTCCAGCAAGAGCCGCCCTGAGTGGATGATCCTCGATGTCATCCCTGTCATCAGCCCCGAACTGCGCCCGATGGTCCAACTCGACGGCGGACGTTTCGCAACGTCGGACCTGAACGACCTGTATCGGCGAATCATCAACCGCAACAACCGGCTCAAGAAGATCATGGAGATTCACGCGCCGGAGTCGATCATCAACCACGAGAAGCGGCTGCTTCAAGAGGCGGTCGATGCGCTGGTCGATAACGGCCGTCGGTCGCGTCCCGTGGTGGGCTCCAACTCCCGCCCGCTCAAGTCGCTGAGCGATATGCTCAAAGGCAAGGAAGGGCGGTTCCGAAAGAACCTTCTTGGAAAGCGCGTGGACTACTCGGGCCGATCGGTAATCGTGGTTGGACCCCACTTGAAACTCCACCAGTGCGGACTTCCCAAGGAGATGGCGCTCGAGCTCTTCAAGCCGTTCGTGATGAAGACGCTGGTCGAAAAGAAGATCACCCAAAACATCAAGACGGCCAAGCGCATGATCGATCGGATGCACCCGGCCGTGTGGGATGGGTTGGAGGAGGTCATCAAGGAGCATCCGGTTCTTCTGAACCGCGCGCCGACACTGCACCGATTGGGAATCCAAGCGTTCGAGCCGATCCTAGTCGATGGCAAGGCGATTCAAATCCACCCGCTTGTTTGCCATGCCTACAACGCGGACTTCGACGGCGACCAGATGGCTGTCCACGTCCCGCTTTCATTGCAGGCGCAGGCGGAAGCTCGGGTCTTGATGCTCAGCGCTCAGAACCTGTTCTCACCGGCGGATGGCCGCCCGATCATGTCGCCGATCCAGGACATCGTCTTGGGGGCGTATGCGCTTACGTTCACGGACAAGGCGTCGCTGCAAAGCCTCGAGGAGGCCCTGGCAAAGCATGAGGCTGACCCTGAGAACAACCCGGCGCCCAAGGTCTACCGCGACCCTGCCGAAGTTACCTTCCATCTCGAATCGCCCAATGTCGAGAACCCGGTTCAACTCAACCAAGCCGTTCGCGTTCGAATCCGCCGCCCGGTCTTCCGACCCGACAGCGAGATCGATCACCGGGACCCTGCGACCGGCCAGGAATACCGGTACGAGACCACGAAGGGCGAAGACGACGAGGAGAAGCGAGAACTCAAGCCGCTCGAAACCGAGTTCGAGACTGTGGTCAGAGTCTCGACGGCCGGAAGGCTCCTGTTCAACGAGGCCTTGCCTTACCCGCTCAAGCATAGCGACGGGATGCTTCAAATCGAGCTAACCAAGAAGATGCTCGCCGAGTTGATTGTGCTGTGTCAGAGACAATGTGGCCTTGGTGGGACAATTCGCCTCCTAGACGATCTCAAGGACCTTGGGTTCCGGTGGGCGACGAAGTACGGCCTCTCCATCGCCATCACGGACATGGACCCGCCTGCGGGAAGGGAGGCCATTCTTCAGGAGGCGGACGACTCTTCGAACACGATCCTCACGCGATACCGCAGGGGGATGCTCAACTTCAACGAGATGCAGCGTAGGCTGGTCGACCTATGGTCGAAGACCTACGACAAGATCGGCCATGAGATTCAGGCGGGGATGCACCAATTCAACCCGCTTACGATTATCACCGACTCGGGCGCTCGCGGCTCGGTCAAGCAGCTCGCTCAGCTTGCGGGAATGCGCGGCCTGATGTTCAACCAGTTCAACGAGGTTATTTACGAACTCCCCGTCAAGAGCTCGTTCCAAAAGGGCCTTTCGATGCTGGAGTACTTCGTGACCACGCACGGCGCCCGCAAGGGTCTCGCCGACACGGCCCTGCGAACCGCCGACGCGGGATACCTCACAAGGCGGCTCGTCGATGTCTCGCAAGACGTTATCATTCGGCGGGAAGACTGTGGCACGACCGAAGGAGTGCTTTGCCACCGCATCCTCAACGATGAGGACGAGGTCATCGAGAAGGTCGGTGATCGCCTGATCGGCAGAGTCGCCCTGCGCGATTTGGTCGACCCGGAAACGAACCAACAACTCATGACTGCCGGCGAAGTCATCACCGTCGATCAGGCGAAGCGGATCAACGAGGTCGAGGTTCAGTTCACCGCTGTAGCTGAGGCGACGGATTCCGACCAGGCAAGGCAGACCTTGGGCGATAAGATGATCGGCGCCGGGTTCGAAATCAACGAACACGGCCTGCTGTGCATTCCGATCCGGAGCCCTTTGACCTGCGACCTCGATCAAGGGATTTGCAGCCATTGCTACGGAGTGGACCTTTCGACCAACAAGATAGTCGAAGTCGGGGTCGCGGTGGGGATCATCGCTGCCCAATCGATCGGTGAGCCGGGTACTCAGCTCACGATGAGGACGTTCCACACCGGAGGCGTTGCAGGTTCGGCGACGATTGCACGTACCAGCCAGTACAAGACCGGTAAGTTCATTCGTCAGTTCATGGCGGACCTTGAGGCCGCGATGGACACCGACATGAAGCAACTCGATCCGACGAAGTTGCTGGAGTCCCAAGAGGAAGCCGTCAAGGACCTCTTTACGGACTCGGATCGTTTGACGATCAACGAGGCCGAAACCGGCAAGAGGAAGACCGAGCGGCAAACCAAGGCCGCGATCAAGGCCGCGGAAAAGATGGACACCGAATCCCGCAAGATGTGGGAGAAGTCGCGGAAGACCTTCTTCTATGCTTGGACGGGCGAGTCCAGCGGCATCGTCCGCGTCGAAGAGATCTTCGAAGCGCGAAAGCAACCTCGTGGAAAGGCGATCATCTGCCCGGTCACGGGGGGCGTGCGGTCCATTCGTGATTCGAATTTCGGCCGCTGGGTGATCGTAGATTCGGTGGTCCCGGTCAAGGAAACCCTCAAGGACGCCTACATTGCCGACGTTCAGGAGTTCCTTGGCGGCAAGAAGACCGAGGCCGCTCTCGAGAAAATCGTCGGCCAGAAGTTCACGACCGCCACGCTCACCGTACTCAGGAAGCACGAAGTCGAGCACGTTCGCGTGTACTATCCGATCCTCGTTCCGCCGATCGGGAACTTGCCCGTGAAGGCCGGCTCCAAGGTGATTCAAGGCGACCCGTTGACTTACGGTCCTCGGGACCCTCATGAGATTCTGGAACTCGCCGGCGCGGGCGCGGTCTACGACTACTTCGTGGAAAACTTGCAGTCGGTCTATAAGGCTCAAGGCGTCGACATCAACGACAAGCACATCGAAGTCATCATTCGGCAGATGCTTCGCAAGAGGCAGATCAAGGAGCCAGGGGATACCCCGTTCCTGCCGGGCCAGATCGTGGACCGATTCCAACTCCGACGCGAGAACGAGAAGGTCCGTCAAGCCATTCAGGCGGGCAAGATGATCAAGTACGTCGATCCGATGACGAGCGAAAACGTCGAGAGGGAGCCGCGCGAGGCCACGGCCAACTGGATTCTGTTGGGCATCACCGAGGCGTCGCTCGCAACGGAGTCGTTCCTTTCGGCGGCTTCGTTCCAGAAGACCACCCGCGTCCTGACAGAGGCCGCGGTTCGAGGCAAGAAGGACACCCTTGTCGGCCTGAAGGAAAACGTCATCATCGGGCGGCTGATTCCGGCCGGGACGGGCGTTTCCCAGTACCGGTCGCTTGCGGTCGACGTCGAGCGAGGACCTGCATGGGCCCACCAGTCCCTCACCGCACTGGTGGAAGCGGAAGCTCCCGAGGAACTCCAACCCGACGCGGGGCTTGCGTTCCCGAGCCTTGTCGAAATGGCTGCCGAAGAGGCGACTTCAGTTCCGGAAGAGCCGGAAGACGAGTCGTAAGAACAAGGCCTAAGGGCGAATCGCAGTCGAGGGGGACGTCGGAACAAGCGTCTCCCTCGATCTGCATTTGGGGGAGGTTCTGCGCGCGAAGATCAGCTCCTCGAGGAAACCGTTCGAACTTGCGCTGCGCCCACACTCGACGCCAGCTTCTTCTTGAGCCAGTTCAGCGCCTCGGTGAGGGCCGAAGTCACTGCAGGGTTTGTCATGTCAACCTCATGCTTCATCCCGTCGATCAGCCGCATTTGGTGCTCCACGCCTTTGGCCTTTAACGCTGCGTCGAGCCGTTCGGCTTGCTTCACGGGGACCAGGGGGTCAGCCTTTCCATGCAGAGTGAATACGGGCGCGGACTTCTCGCCGATGTGGGTGACCGGGCTTGCGTTCTTCACAATCTCGGTAGCTTCGTTC
CP054189.1_gap52	2075461	2078446	2985	TCACCGGAATCCGGATGGCCTTGACGACGGCCCCGACGATCCGCTCGGCCGTCGAAGCGTCCTTGAGCAGCGCGGCCCCCGAACCCGTGCGGCAGACTTTGGGCACCCAGCATCCCATGTTGATGTCCACCAGGTCGGCGCCCGCCTCTTCCACGACCCGTGCCGTCTCCGCCATCACCTCCGGATCGCCGCCGAAAATCTGGACTCCAATGGGCCGCTCGTCGGGATGGACCCTCAGTTTCTGAAACGACTTCGCCGCGCCATAGTGGAGGGCCATCGCGCTGACGAACTCGGTCACCACCAGCCCGGGCCGACCGATTCTCTTTGCGATGCGGCGAAACGGCTGGTTCGTGACCTCTTCCATCGGCGCGAGCACCACGGGCGGATCGATCTCGATCGCGCCCACGCGAATCGGCTGGGGTGATTTGAGTCTACTCATGCGTCAAAAGGCCAGTACTTTTGCTAGACCTGTACGATTCGTCGGCCGTACAACGGCCCAGGTTGTCGTATCATAGCCTCAATGATCCCGGAGTTTGCCGGGCAATTCGGGCGTTTGGTACGCCACTTGCTGAGGAGAAGGGTAATGGTGATGAAGAGAAGTTTCGCCGTGATGGCTATGGTCGCGGCGGTTTCGTCGGTGTTCGCTGTCTACGGGCGTCTTACGGGCCCCAGCGATTCTGATTCGACTTTCACTTGGGTCGGCCGTGTCGGAAACGCCTCGGGCACGGTCATTGCCCCCAACTGGGTTCTGACGGCCCGCCACGTTTCGGGCACATTCAACTTGAACGGCACGGACATCGCTCACGACGCGAGGTTCGAGCACCCCACTTCCGACTTGGCTCTGCTGCGGTTCTCGACTCCGTTCGCGGGGTTCCATCCGCTGTTCAACGGTTCGGCATTGGGCCGGGAAGCGTCGATCGTCGGCTTTGGCAACTCGGGAACGCCCCGAACGAACCTGACGGGCTATAACTGGGTAACGGCCGCGGGGACCCGTAGAGCCGTTACGAACAACGTCGGTCTGACCCAAACTCTGGCCGTCAACTACGGCGGCAGCATCGGGGTTCTCAACGTGGCGATGTACCTCGCCGATCTGGATTCGCACGATCCGGGAACTCCCGCGCCGTACGACCGGGATTGGTTTGGTGACGGCGGGGCAACTTCGAACGAAGGCAACGTCAGCGTGGGCGACTCGGGTGGGAGTTGGCTCGTCGACGATGGGGGAGTCTGGAAAGTGGCCGGAGTGACTTCGGTACGTTTTTTTGCCGACCCGCTGCCCGCCGGAGCCACAGGCGATCCGGACCCGTTCATGGCGTTTGGAGTCAGCGGCTCGGGAGCGGTCAACCTCAACGACCCGAACAACTGGAACTGGATTCAGGCAACGATGGTCCCTGAACCCGCCACACTAGTCGCCTTGGGCCTCGGGATCGCCGCGACCCTTCGCCGACGCCGAAAGTAACGCTCGCCTCCCGGCGGGTTCTTGCAGGCTCTCGCCCCAGTGGGCGAGGGCCTTTTGCTTGACAAGCGGAACGGACCGAACCCAAAATCCTCAGCAATCGCCGGGGGATCGAAAATGGCAAAGCGAGTACTTAATGTTGGGTTGATCGGCTACCAGTTCATGGGCAAAGCCCACAGCAACATGTACCGGCAGGTCGGCCGCTACTTCGACCTCGACATCGAAGTGAACATGCACACGCTTTGCGGTCGAACCGCCCACGCGGTAGAGGCAGCAGCCGAGAAGCTCGGCTGGGCGAACGTGGCCACGGATTGGCGAGCCGTCGTCGAGAATCCTGAGATCGACGTCATCGATGTCTCGACTCCAGGGGACAGCCATTGCGAAATCTCCTGCGCCGCCGCCGAAGCGGGCAAGATAGTGTTCTGCGAGAAGCCGATCGGAAACACGCTCAGACAAGCCAAGGACATGCTCGAAGCCGTCCGGCTGAACGGCGTTCCCAATCTCGTGTTTCACAACTACCGCGCTGCGCCGGCGGTCGCGCTCGCAAAGAGCATGATCGATTCGGGCCGTCTGGGGACGATTTACCATATGAGGGCGACCTACCTTCAGGACTGGATCGCGGACCCGCAGTTCCCCCTTGTATGGCGGTTGCAGAAGGAGCGGGCCGGGAGCGGGGCCCTAGGTGACATTCATTCCCACATCATCGACCTGGGGCGGTTTCTGTTGGGCGAGTTTGAATCCGTGGTAGGGAAGCTACATACCTTCATCGAAGAGCGGCCCCTTGTGGCGGCGACGGACGACAAGCTGGGCGCGAAGGCCTCGGAGCAAATGGGGAAGGTGACCGTGGACGACGCCTCGATGTGCCTCGCCAAGTTTCGGTGCGGCGCGCTCGGCACGTTTGAGGCCTCTCGCTTTGCGGTAGGGCGTAAGAACTACAACCGCTTTGAAATCAACGGCTCGAAGGGCTCGGTGGTATTCAACCTCGAACGGATGAACGAACTGGAGTATTACAACGCCGCCGACCCGGACGGAGAGCAGGGATTTCGGCTGATCCAAGCGACCGAAGCGGCGCATCCCTACGCTGGCCATTACTGGCCTCCGGGCCACATCATCGGCTACGAGCACACCTTCATCAACCTGATGGCCGATGCGCTCTCCGCGATTTCCGAGGGGAAACGGTGCTCGCCCGACTTCCAGGATGGCTACGAAAACCAGAGGGTCCTCGACGCCATCGAGCGGAGTTCGCTCTCGGGAAGCTGGGTGAATCTCTGAGGATTTCGCAAAAAGCGCGCTCGTTGCTGTAACTTCTGCGGGGCTGGGGAGTCTTTACAAGCATAGGGGGCGGATTTCCCGTACGGATTCCGGAACGCACGGATGCGACGGCACAGTACGAAATACATCGGAAAGCACAAAAAAGGGCACGAAATTCGCGCTCGCGGTATAGCTTCTTCCACCAGTTCGACTAAAATACAGAGTGGAGATCGTATGTCTCGACGTTGGATTGTATTGGCGATAGGAGCGGTGACAGCGGC
CP054189.1_gap53	2109112	2112497	3385	TCGTCGTTGTTCTTGGACTCCAGTCGCACGGAGTAGTCGCCGGACTCACCCACCGATTTCAGGGTGGTGAGCAACTTGACGATGGGTCGGGAGATCAGCCGCTGGACCACGCTTCCGATCAACACGGAGCCCGCTATCGTAAGCAGGACGACCGTCATGATCATGCGCAAGAAGTCGTTCTGTTGTTTGAGGAACGGCTCCATGCTGCCGTAACTGACCACATGGCCCAGCACCTCGCCCTGGACCTTCACCTCGGCGACCGCTTGAATGCGATCGTGTTTGATGAAGGCGCCCACCTGGGGTGTTGCGGCCAGCGACGGCTCCACCGTGGACCTTCGAGTCATCCAAGCGCTCAAGAGCTGCCCGTCGCTATCGTAAACGGCGGCGCTTTCGAAGTCGTTGGTCGTCGACAAGGAGGACAGAATCCGGTAAGCCGCTTCTTTGTCACCGAACGCGACTGCCGCGGAGATGTTTTGGGCGATCACTCCCGATAGCGCGGCGGATTGGTCCAGCAGTTGGCTCTTTTGCTTGTTCGAGATGATCGTGAAGATCGCCGCGCTTGCGCCGACTAGTGCGAGGCAGCTCAACCCAGCAAAGAAGGCCGTCAGCTTCACTCGGATCGAGGTGCTGCGTACCCGCTCGAGAACCTTCCTCACGGCTGGATCACCTTGGCGATCTGCAACAACTGGGAGCTAACCACGAGGTTGGAGCGCTTCGCCACCGCATTATTGATCTCAAAACGGACCCTGCCCTCGGCGACGAAGAAGTTGAACATGCCGTACTTATTGGCAAATCCAGGGCTCTCGCCCACCACTAGAACCGGCTTCTGAGCCAGAGTAGAAAGCTGGGCATACTTCGCCGACTCGGTTGAGGGCACAAACACCATGGGATAGGCTGCAAGGTCCGCGCTCCATGCGACGTAGGTGACCTGGAACACGTACTTTCCGACCTTGCTTCCGTTGACGGCGCTACCGATCGCCTTGGCGACCGAGCTATTTCCCACGACGGCCAAGTGGATCTTCCCGTCGGTGAATTGGCGTCCGGCGGGCCACTCGACGAACCTCGCGAAGTTGAGAAGGAACGCAGCCTTGACTTCGTACTCCGACCGTTGGGCGAAGAGAGCCGCCGGTGAGAGCGCGAGGCAGACGATTAGCGCTGTTCGCAACATTCGGCCAAATCCCCTCCCTGCCGTTTTGTCTCTGCTCAGTATCGCCACCGAAGTCCTCCGTAGAACGAGCGAGGGACATACGTGGGCGAGGCGCCAATCTCGGGGAAGGCCTCGAGGTGCTTGGACTGAAGGAGGTTCTGGACTCCCACGAAAGCCTGCATCCCGTTGTTGCCCGACCACGTCAATTGAGCATCGATTCGGGAATAACCGGGAACGTCCCGCCCCTCCAGCGCTCCGACAAAGTACGCCGAACCGGTGAACCGCAGATTGGGAGCTACCGGCCCGGAGACAATGAAGTTCGCGATCTGCGCGGGGGTGCTTCCGAGTCGGTCAGTTTCGTACGGGCCAAATGGGTCGCCCGAATCCGAATCGAATCGGAAGGAGTCGTGCAAGTACGAGTAGCTCGCTTGCGCGTCCCAGTTCGAAGGCAGCTTCCACGATCCCGCGATCTCGATGCCGTACATCGTGGCCGAGAGCTTGTTCCCGAAGCGGAAGGGCGTTACGAGAACGGGGATCGGACCCGGCTCGACATACGGGTCCTCGGGCTCGAACGTCCGCAGGTTGCGATACCGGTTGTGGAAGATCGCGATGTCGTAGTACGACGAGTCGTTGGGTTGAATCCTGTAGCCCGCCTCGAAGGAATCCACGGTCTCGGGCTGGTAGTCTGGGTTTCCGAACAGCCGCAGCGCCATTGGCATCCCGGGTCCGTCGCTGTACTGAACCAAGATGTTGGCGTGGGCGTCGCCTCGGCTGGGCACGCGAACGGCCCTCGATGCGCCCAACCAAGCGGTTTCCGTGTCCTTGGGGTGCCAAGCGACCCGCGCGTTGGGCTGGAACTCCCACCCCGAATAGTCGTTCTTCTCGAGCCTGGCGCCCACGCTCATCGTCGAAGAACCGTTGAGAGCGAACTCCGAATGGCCATAGACGCCGAAGACTCGGTCGTTCGCGAAACCCGGCTCAACGGCGAACGTCGTCGCTTCGTCAATGTAGTCGGATGTATCTCGGTAATTGATGCCCCAGACGATCTGGCTGAAATTGGGAAGGGTGTGGATCGTCTTGAACTCGAAGTCCGAAGTCCCCCGATGCTCGTGCATCGTAAAGTCGTTCCGATTGGACTTCTCGAACGAAAACAGGACTTCGCTGGTCGTCGTGGACGAGGAGGCCCATTCGTAGCGTCCCGACAAGCTGGTCTTGTTCGTAGGCGTGTTAACGTCGACCACGGACTGATAGGGCGGCGTTGGGATCGGCAGAAAGACCGATTGGCTCCCATGGTTGGAGCTATTGCGGAAGCTGAGTTCGAACTTCTCGGTGGGGGAAGGCGTGATGTCGACGCGGATGCCACCGTTGACGCGGTCGCTCGGATGGGATTTCATCCCCGTCATCACTTCCTCGAAGCCGAGGTTGCGCCGGGCGTTGCCATAAACCCGGACATACGTGCCGTCGTTCGCCTGGGCGCCAAAGTGGGCCGCCAGCGATCTCGATGCGATCGCCGAGGTGTCCGCTTGGACATACCCTCCGACAGTATCGGCGGCGTTCTTGGTGATGATGTTGATGATGCCGTTGACAGCGTTCGAGCCCCAGAGAATGCCGCCAGGACCTCGGATCACCTCGATCCGCTCGATGCCTTCGAGGTTGAATTCCTGAAAGTCCCAGTGGACGCCGTTATGAAGCGGAGAGTAAATCGACCTTCCATCGACGAGCACGAGCAGCTTGTTCGCATACCTTCCGTTGAACCCGCGAATGGACACCATCCAACTGTTGCCCTCGATTCTGGCGACATGTAGCCCCGGAACGATCCTAAGGACCTCGGGAACGGAGGTCGCCCCAAGCCGGGCAAAGTCCTCGCTCGTAATCACGTAGATCGCCGCGGGTAGGCCGCCGGCGGCCTTCGCCTGCTTTGAAAGGGTCGTGACCTTGATGTTCATCAGGTCGTCGATCCCCAGTTGGTTCAGGTCTTGCGCGGAGGTGAAGGCGCAGGTCCCCAACAGACCGCAAACCGATAGCCTCCAAAGATGCCTTTTCATCGAAGTTCCCTCGTTAGCCCTTGCGATGGCTTTGTAGTAATTGGATCGGGACACGCACGGACTTTCGTTATGTCGGAGTCTGGAGCATCGCCTCTGGACTTCCTTTGTTGCGCTTTCTGGCGCAAGATTGATCGTTTATTGTTTGCCTTCGATAGAAAGGCAAGGTGAGCGCGGTCCTGAGCAACGCCAAGTC
CP054189.1_gap54	2179330	2183206	3876	CTGTCGATACGGTGGTGACGATTACGGCAAGCGTTGGCGCAACGAACGTCAATGCCCAGATGACTATCATCGCCGCGCGCCTCACCGGAATCGTGTTCGTGCCTTCGAAGGTGAGGGGAGGCCAGACGACGCAAATGACGATCACGCTGAACGCGGCCGCGCCTCCCGGAGGAGCGGTGGTCACGCTGCAAAGCTCCAATCCGTTCGTAGCAGCGATCCCGGCTTCTGTAACCGTGCCGGCGGGAGCGACCTCACGAACGGTCACGGTCGTGACCTTCCGCGTGAGCAGGACGCTGGGAACGCTCGTGACCGCTACCTACGGTTCCTCGTCGGTATTCACCATCCTGACGGCGACACGGTAGCACCAGAAGCAGGGCGGCGCGCTTCCCAACGGGGGGGCGCGCCGCTCTTGCTTTCTCAGCCCTAGGTCCGCAGCAGATGCCATCGCATGGGCTCTCAGGGTAAAACTGGAACATGCGTTCGGCGAGTACGTTTATGCTCGGGGTTATCGTGGGAGTTGCCGGTACGCTGGCTTTTCAGCGGCTGCACCAACTCCGCTGCAACGGCGGCCCAGAGGCCTTGGCGGACCGAATGACCCAGCACATCGAAGAGCTGGAGGCGCGCCTCGATGAATCCCAGGCGGAGACCACCGGCCAGTAGGAGTTACTCGAGTACCCGCTTGGAGACGACTTCGCCGTCTGCCTCCAATTCGTAAACGAGTGGCAACCCCGTCGCCAGTTCGAGCTTGACGACCTCCTCGCCAGAAAGCGAGTCGAGCTTCATGACGATCGAGCGGTTTGAGTTTCCGTGGGCCACCACGAGCACGTTCTTGCCTTGCCGAATGTCGCCGAGAATGCACCGCTCAAAGAAGGGAAGGGTACGAGCCGCAGTGTCCTTCAGAGCTTCCCCGTTCGGCGGCGCGACATCATAGCTTCGACGCCAAATGTGAACCTGCTCGGGGCCGTATTGCCTTCGCAAGTCGTCCTTGTTGAGCCCTTGCAGATCGCCATAATGGCGCTCGTTCAAGGCTTGATCTCGAATCACCGGCAAGGACCAACCGTTAGCCTCCAAGATCACTTCGAGCGTCCGCTGAGCCCGAGTCAACGCGCTGGTGTACGCAACTTGAAACCCGATATCGGCGATTCGGATCGCCGCTTGCCGAGCTTCCTCTTCGCCTTGAGCGGTCAGGGGCACATCGACCCAGCCCGTGAATCGATTCTCGAGGTTCCAAAGCGACTGGCCGTGGCGGATGAGGCAGAGTGTCGGCATCGAGAGTAAGGATACCGGTTGGCTCAGTCGCCAAACTCGCGAAGGAAGAAGATGAAGTCGGTCTCGGGGAAAGCCCTCCCTCCTTCAAGCTCGATCAGCCCTCGGAGTTGGCCTCGGTGATAGGCCCCGTGCAACAGAACGTGCCGAGCGATCTCTTCGAGGGTGTTCCGATGTTCCGAGCCGTTCGAAGTCTCATAGGTCACGCGAGCGGTGAGCTGTTGGTCGGTGATGACCGCCCGCCAGAGGTCGTTCGAAGCTCCAAAGAGGTCGGCGAGCGGAACGTCGAATTGAGCTTGGCTCCAGTCGATCCCGCATCGGCTGAGCCAGGTCTTATGCGCGAACAGAATGTGCTCCAGAATCTCCTGTGCGCGGAGCATGTCGCGGAACTGGCCCAGATTCGCGACCCACTTCGTGTTGGCCCACTGGTCGTAGTCGAACCCCTGCAAAATCGCTGACCGCAAATCCATACCTCACTTCCAATCGAACGAAACCGGCCGGCCACGTGGAACCCCACTCACTTCGCCGTGATGCAGCTGAACCCTTCCCGAAAGCACAACCCATTGGGGCCAGCCGACAAGTTCTTCACCCTCAAAGGGCGTCCAGCCACACTTGGACTTCATTCGGTCCGCCGAAGCGACTTGGGCCTCCCGAAGGCTGACGATCGCAAGGTCGGCCTTCCAGCCGATTTCGATCCTGCCGCGGTCTTTGAGCCCGTAAAGACTCGCTGGCCGGGCGCTGAGCATCGCCGAGGCTACCTCCAAACTGAGCAGCTTCTCCCGAACGGCCAACGTCAGGACGGCCGGAAGTAAGGTCTGCACCCCCGGCATCCCGCTCGGACTTTGCGGATAGGGAAGGGCTTTCTCCTCCAAGGTGTGCGGCGCGTGGTCGCTGCCCAATACGTCGAAAAGCCCCGCTTTGAGCGCCTCTCTCAGGGCGTCGCGATGCTCGCGCGAGCGAATCGGCGGGTTCATTTGAGCGTGGGTTCCCAGCGTTGCATAGCAGTCAGGAGCCGCAAACCACAGGTGTTGGGGCGTGACTTCGGCCGTCACGGGGACCCCTTCGGCCTTAGCGCCGCGAATCAGGGGCAACTCGTCACGGGTGGAGACGTGAAGGATGTGGACGGGTCTCTGGGCGTTCCGCGCGGCTCGAATCAGCCTGTCCGTCGCCAATCGGGCGCACTCGGAGTCGCGCAGAGTCGGATGATCGAAAACGGTCTTCTCCGAAGTCGAGCGGGCCTTGAGTTCTTCCAGCCGGTGGTGATCTTCCGCATGGACCGGGCAGGGCCGGACGCCGCTCCCAAGCACCCTCTGGAGCAGCTCATCCGTGGGGACCAGGAGGCTCCCTGTCGAACTCCCCATGAATATCTTGATTCCCGGGACGCCAGGTAGCTGTTCGAGTTCCCGAAGCTCGCCGACGTTTTCACTGCTCGCGCCGATGAAAAAGCCGTAATCACAGTACATACGCCCGTCCGCCCGGTCGAGCTTGAGTCGGAGGGCTTCGGCGGTCGTTGTCGGGGGAGACGTGTTGGGCATTTCGAGCACGGCGCAAGCCCCGCCGGCGATCGCCGCAGTCGATCCCGTCTGAAGGTCCTCTTTGTGCTCCATGCCGGGTTCGCGAAAGTGAACCTGCGTGTCGATGACCCCTGGGAACACATGGAGTCCCGTAGCGTCGATCTCTTCCGAGGACTCGCGCCCCGACAAGTCCCCGATTTCGGCGATTCTTCCGTCCGCGATGCCGATGTCTGCCGCAAACGCGCCCTCTGGCCGCACGAGAACTCCGCCGGTCAGCTTGAGATCGAGGGGCATGGGTCCATTCTATCCGCTGAAGCTCCGACAATTCCGATGGAAGATGCTGACAACGGTAGCTGTATGCGCGGGACTGTGGGGTGCGGGAGGCTTTCCCGCAGAGCCATTGGCTCACGAGGTCGCTCGGGGCGTCGAGGTCTATCGGAAGGCAAAGGGGATCGACCGCGTGCTGATGGAGGATCGCCAGATCGTCGGTTGGTGGTTCGACGGCCGAGTGAAGAAGGGTGTCGAAGACGTGATTCGGCTCTCCCCAGCTATGCTCTCCCGCTGGCTCGGATACCTCGAGGCCAGGGAGAAGTGGCCCCCAACGGAGATTCAAGCGCGGTGGGAGAACCTCCGACGCCATCTATCAGGCAAGAACGCGTTCGTCGTTCGATTGGCCGCCTATCCGAAGCAGGACCTTTTCGGCGGACTCCCAGAGCCTTCGAGCGCCGCCAGGGACGAATGCCTTAGGGTGAGGTTCCTGCTGACGACGGACGGAAAGTACTTACCAGATCAAGTTCGCAATCCTGCTCCGGTGAGCGTTCGGCTTGCCCCCTTGCCTGTGCCACCGCCGGGCGAGCCGGTGCCCCAGTACGCGCAGCCGCTAGCGCGACTCGCAACTTCGAAGCAAGGGCGAGACCGAGCGGACGTTTCGCTCGACGACTGGTACCTGCATGTGGAAGTCGGGAGGTGGTTGCAGCCTGAGTTCGGAGGCGCCCCACGCGGCCCCAGCTATACCTTGCCGATTGGCGACAACTTCTCTGCCCTCTATTGGCTCGAAGCTCCCGCTACGTTCGAGTTTGGCGCGGCCAAGACCCTC
CP054189.1_gap55	2232711	2236905	4194	CGACACTACTCTACGGGATGGCGAACAGAGTCCCGGCGTGCGACTCTCCACCGACGAAAAGCTGGAAATTGGCCGCCAACTGGTGCGGCTCGGCGTCGACGTTATCGAGGCCGGGTTCCCCATCAGCTCCCCCGGTGACTTCGAGGCTTGCCAAACTCTCGCCCGCGAACTGAAAGGGGTGACGATTTGCGGCCTGACCCGTGCGCGAGACAAGGATATCGAGGTCGCGGGCGAAGCGCTGAGGGGCGCAGAGAGGCCGCGGATCCACACGGGGCTCGGAGTCTCCGACAACCACCTTCAATTCAAGCTGAAGATGAGCCGAGATGAGGCCCTCGAAACCGGCGTCAAAGCGGTCAGGCTCGCCCGTCAGTTCGCCGACGACGTGGAGTACTTCATGGAAGACTCCGGGCGAGCGGACCGAGACTACGTCTACCGCGTGGTCGAGAACGTCATCGCCGCGGGAGCGACCGTCGTCAACGTGCCCGACACGACCGGCTACACCTACCCCGAGGAGTACCGCTCACTAATCCAGGGCATCATCGAAAACGTCCCCAACAGCGACAAAGCGATCTTCTCGTGCCATTGCCACAACGACCTCGGCATGGCGACAGCGAACACGCTCGGAGGGGTGCTGGGCGGCGCGAGACAGGTCGAGGTGACGGTCAACGGCATCGGCGAGCGGGCTGGAAACACTTCGCTCGAAGAGGTCGTCATGGCGCTCGTGATCCGCAAGGACTACTTCGAATGCGAGACCGGCATCGACTCCCACCTCCTCCTGGAAACGTCCAAGCTGGTTTCACGGCTGACCGGGATGATGGTCCAGCGCAACAAGGCGGTGGTGGGCGCGAACGCCTACGCTCACTCGAGCGGAATTCACCAAGACGGGGTTCTAAAGGAGCGAACCACCTACGAGATCATCGATCCCCACCTCGTCGGCGCGGAAAAGAGCGAGATCATCCTGACGGCGCGGTCGGGTAGGCACGGGCTCAAGCACCGTCTGGCGGAGATGGGGTTCAGCTTCAGCGATAGCCGGTTCGAGGACATCTACGAAGAGTTCCTCAAGGTGGCGGACGAGAAGAAAGAGGTCACGTCCGAGGACTTGCAGGAACTTGTGGGGGCGAGCTAACTTGCCGTTGTTGGGTCGCCCTGGCGAAGGGAACGTAGCGGGTGGGTTCGCCAGGATAGGCTGATGGGTCGTGCCGTTTGTCTCGGATGTATAGGCCCTTTCCCTCCCATAGCGGCGGGTGGTCCTCCTTGCGGCCCAATTTGGGTACCACCCCAAACTTGCTTTGGGGTGATGCTCGCCCGCATCCTCGCGTGACCCTGCATCCGGGAGGTTAGGGAGTCCCATCGCCGGGTGCCCCGGTCTGACCCGCAGGGCAAACCGGGACGACTCGGCCGAGTGAAGCGGGGGTCGGTACGACCCAATTTGGGTGCCACCCCAAACTCGCTTTGGGGTGTGGCTCGTCAGAGGGAACGGGGTCTGCTTCGTGGCCGCCCTGCGAATCAGACCCGGCCACAGGGTTGCGAAGTTGAGAGTCGCGGCCATACAGGCCGCCTTCATTGTGGGGGCCGGTTTCGACCAGGGCGTTGCCCTTCGCTCTAACCCTTCGGCCCGTTGGGCCTGTCGGATCACCGACGCAGACCTTACGAAGGAGTTCGGTTCCCTAGGCCTGAAAGGCCGCAAGCCTATAGCGAAGGCCGAGGGCCTGGAACCCGTGCCATCCGGCCAGATTTCCTGGGCCTGTAGGGCGGAGACTGGTCGTGTCCCAGGACGTGGTGTAGTGGGCGCCATCCGCCTGTTCCATGATATCACCATCCGCTTGCTCTTGCGAGCAGCGCGTCGTTTTTCGTGCTCGGCAGCCCGAGGCTCTCCTTGGGAGCCTGCCGCCGGGAGACTTGCCATTCGTCGTGCTGCTCCATGAGGATCGCTCCCACCAGCCGCACCACCCCGGATTCGTTCGGGAATATCTGCACCACGTCCGCGCGGCGCTTCACCTCCCGGTTGAGCCGCTCCAGCCCGTTGGTCGAGGCCAGTTGCGGCCACAAACCCGGCGGATGCGCCCGGTGGGCCAGCACGTCCTCCATCGCCTCCCGCATGAGCCGAACCGCCTCCGGAAAGGTCTCCTCCAGATGCGCGGCGACCTCCAGCCACTTGGCCTTGGTGGTCTCTATATCGGCCTGAGCCAGAGCCGTGCGGATCAGGCAGGCCACCATCTCCTTGCGCCCTTTGGGAACCCGCGCCAGCACATTGCGCATGAAGTGCACCCGGCAGCGCTGCCACTGGCAGCCCATGCAGCGCTCGATCGCTTTCTTGAGCCCCGAGTGGGAGTCTGAGACCACCAGCCTCGTCCCCCGAAGGCCCCGGTCGAGGACCGAGCGCAGGAACTCCGTCCAGAACTCCTCCGTCTCGGCGTGCCCGACGCGCATCCCCAAAACCTCGCGGCGCCCCTCTTCGTTCAGTCCGATCGCCACCACCGCCGCCTTCGACACGATCCGAGAGCCGTCGCGAACCTTCACGTAGGTAGCGTCCAGCCAGAGGTAAGGGAAGCTCCCCTCGAGCGGACGCTCCAGGAACTCCCGAACCCGCCCCTCGACCTCCAGGCAAAGGCGAGAGACCTCGCTCTTGGAGATCCCGGAGCCTCCCAGAGCCTGCACCAGATCGTCCACCGCCCGGGTGGAAACCCCTTGCAGGTACGCTTCCTGAATTACGCTCACGAGAGCCTTCTCCACGCCCCGGCGAGGCTCAAGAAAGCTCGGGAAGTAGCTGCCCGTGCGGAGCTTGGGAATCCGGAGTTCTACGTCTCCCACGCGCGTCTTCCAACTGCGGTCGCGGTACCCGTTTCTCCAGGTCTTCCGGTCTGAAGCCTCCCTTTGAGCCTCCACCTCGAGTTCCATCAGCTCCGAAAGTGCGTCTTTGACCAACTCTCGAAGCATGTCCCTAACTTCCGCGCCCTCCAAGAGCGCTATGCTATTGTTTGCCATTCTCGTCCTCCGTTGACTTCTCACAAAGCAACCGGACGGAATGGCGCCTCTTTCTACACCACGAGCCGGGACACAAACCGGAGACTCCGAATCCCGTCGTCGGAATCGCAGGAGAGACGCCTACGGGAAAGGCCCCCGATTCGTTCTCCTGCTTCAGAAAAGCAAAACCTCTCCCGATGCCTCCCTCTATTGAGTGCGGGAAGCTTGCTTCGTGCCTTGCAACCGCCCGGCCCCAGAGCTCCCCAAAGCGAGTTTGGGGTGGCACCCGTGCGAAGAAGATCGACTCCATCGGTTGGCCACCCGACCGATCCCAGGGTCTGACCGGCACGGTAATCTACGCCAGGAGCCTTCGAGGGTCACGGGGAGCAGGAGCGATGTGGATCTTTTGTAAGCACGGGTTCTTCAGCGCGGTGTGCGCTCGCCAAGGGGATGGTAACCACGGACAACCTATCGATCGGAACCTCTTTATGGTGCGGGCGCGGGTCCGCGGCCACCTTGAAGCCCTACAAGCGCGCTTTCCTGAACTCCTGGGAACGTGCCCGATTCGGGAGTTCGCCGGAACCGATTATGCCTTTCGCGTCTTTGTGGCGAAGGCCGTTTGGTCACAGGTGCTGGCCGCCCTGGCCGAAGAGGTCGATTACGACAACTTCAAGTCGGAAGTCTCCCGCTCTCAGGGATCGGCAGGAGCAACCTACGTCAAAGCGTTGCATGACGTGTGGTCGGTGATGGTCAAGCTGCAAAGGTAATTTGGGAGCCGGGGCAGGCGATGCAGCGCACAACCTGCATCGTCTGCCCCGGCCCGACCGACCGGGCAAGGGCCCCTGGACCCCACGGAGGGTCCCGGGATTGCCCATGGGAGCCTTATCGGACTCGGCGACGGCGAAGGAGGGTCGCCACTCCAAGCCCGAGACCGTACAGACTCAGCGACACCGGTTCCGGGACCACTTCGATCGTGGCATCCAGAGGGGTCGAGTCGTAGTGGTAACCGTCGTAGGTCCCGACCACGAAGTCGATCGTATCGCCCGCGCTGACGGCGAAGTCGAAATCGAAAGCCTGCGCCGCATAGGTGCCGTACGTCGAGAGCAGGCTGGACCCGTTGTGGACGACGTGCACTTCGACCGCGCCGCTGTCGCCGGCTCCAAAGGCTCCAGAGACGCTCGCCGTGCCGCCGTTCTCGACCGTCAAACGGGCGACGCTCATCTCACCGTA
CP054189.1_gap56	2243346	2247539	4193	CGTTGTCGAACTGCTTGTCTTTGACCTCGTCCCAGAGGGCGGCCTTGCGGAGGCACGTTTCCACGACGCCCTCCAACTCGTCCCGCTTGCGGATGCCGTGGATGCGCGGGCCGTAAGCGATATTGTCAAAGATCGAAGTGGGGAAGGGGTTGGGCTTCTGAAACACCATCCCGACCGACTTGCGGAGCTCCACTGGATCGATGTCGGGGGCGTAAATGTCGTGTCCGTCGATCAGCACCTGCCCCTCGATTCGGGTGTTCTCGATCAGGTCGTTCATCCGGTTGAGGCATCTCAGAAACGTCGACTTCCCGCAACCTGAGGGGCCGATCAACGCCGTGACTTGGTTCGGCGGAATGTCGAGGGTGATCCCTTTGAGGGCCTGAAACGACCCATAGAAAAAGTCGACGCTACGCGCCGAAATCTTAGCCTCTGTGGCGGTCACGGGGGGCGTTTCAATCATCGACAGTGCCATCAACCTCCTGAGCTTACTCGGCCCAATTGTTGCGAAAAGGTTAAGGTGGACGCCTGCCGCAACGCGTGGTCGGCGAGCACGAGGTTGACCATCGCTTCGACCACGGGAACCGCCCTGGGCAATACGCAAGGGTCGTGCCTCCCTTTGCCCTTGAGAGTGGTGTTCTCCTTTTGGATCGTGACGGTGTGCTGTTCCTTTAAGATGGTCGAGGTCGGCTTGAACGCGAGCCTCATGAGAATCGGCATCCCGTTCGAGATTCCGCCTTGGACCCCCCCGCTGAAATTGGTCGAGGTGTAGACCCGCCTCTCGTCGTCGGCATAGAAGGGATCGTTGTGTTCAGAACCGCGCAGGTGCGTACCGGCGAAGCCCGAACCGATCTCAAAACCTTTGCAGGCGGGGATCGAAAGCGCCGCTTTGGCGAGGTCGGCTTCCAGCTTATCGAAAACCGGCTCTCCCCATCCTGCTGGGACGTGCTGGGCGACGCACCCCACGACTCCTCCCAGCGAGTCGCCTTCCTTCCGAGCGTGCTCGATAGCCTCGATCATCTGAAGGGCCGCGTCGGGGTCGGGGCAGCGAACGGGATTGGCTTCGATTTTGTCCCTCGTCAGGGTTAGGGGATCGACCTCAGACTCGATGCCGTAGACTTGGGATACCCACGCGATCACTTCGACGCCAAAGAGCGCGGAAAGCAGCTTGGCAGCCACCGCGCCTGCCGCGACCCGGCCGAGTGTTTCTCGTGCGGAAGCTCGGCCGCCTCCCGAAAGCGGAGGCACGCCGTATTTCTCGTGGTAGGTGTAGTCGGCGTGGCTCGGACGGTACTTCTGGCGAAACTCATCGTAGTCTCTGGGCCGGGCATCTTCGTTTCGGACGACGATCGTGATCGGAGTGCCCACCGTAACGCCTGAGTCCACGCCGCTCAGGAGGGCTGCGACGTCAGGCTCCTTCCGCTGAGAAACGAGCGAGCTTTGGCCGGGCCTGCGCCGGTCCAGCTCCCTTTGGATGTCCGCCTCCGAAAGGGGCAGCCCGGCGGGGCACCCATCGATGACGACGCCGACTCCCACTCCGTGAGATTCGCCAAACGTCGTCACTCGGAAGAGCGCCCCGAAAGTGCTCGCCACGCAGGTGAGTGTACCTACGTGGCTTCTCGAATCCAGACCCTACCAGCGGGTGGTCACGGTGTAGGTCACCTTGATAACCTCCCCGGCCTTCAGGTTCACGACGTACTGCATCGTGTTCGCATCGAGCTTCTCGAAGGGCAGGGAGGTCTGGCCCACCGACCAGTCGCCATAGTGCCGTTCCAGGACGAAGACGGTCTCAGGAACCTCCTTGCGATTGCGAAGCTCGATCTGAAACGTCTGCTCGAACGCTCGCGTGCCCAGTTGCCGGAAGTTCAGCCGCTTGCGCTCGGCGACGACGTCGAACGACTGCCCGACCACGAGCGACACCTTCTCATCCCGCGGCGTGTGCTGGATGCGGTCTTCTCCCAGCATCTGAACGGAGCCGGATTTGTCGCGCTGATACACCTTGACGTTGCCGGCCGGGAGCGCCATTCCCATTTGGTTGGTTTTCGTGTTTTCGAACTCCACTCGAACCTGGGGCTTCAGCACACCCGTTCCGATTTCGCCCTCGTTCGGATAGTAGATTCCGTAGTTGCGAAGCGAATCGAGGATCAGCTTCTTGGTGTATTTGAGTCCGCTGGCTTCGAGCAACGATAGCTGCTTGATCTCGTTGTTGCGGACGGTCGCAGGGCGCTGAAGCGTGTATAGGTGGTACTCGAACAACGCCTCCTCCTGGAATCCCAGGTCCTGGCGTCTTGCCTCGGCAGCGCCCCCTCTCATGCCTGCGGTCGCGGGGGGACGAGGGCGGTTGACGTCGCCTGCGAGCAATTTGAGCGTCGCGTTTTCAAAGGTCGCGCCCGAGTTGTTGGTCAGCGTCACCCATCCCTTCAGCCCTGCAAGCGACTCGTCCTCCAGAAGGAGAACGTAGTCGGCGTTCCAAGTCATGCCCCGCGTGAGATAGCTGAGTTCGACGGTCGTAGCACCAGCTCGCTCGGCCATGAGGTCCCAAAGCAACGTGGGCTTGCTGATCATCCCAGTTGGGATCGAACTGACCTCAATTTCACCGCTTGGGTTCAGGAGAATGCGCCCGTCGGTGGTCTGAATGACCATTCCGTTCCAGGTCATCGAGCCCCCGCCCTGCTGGTTGCCGACGACCGCGGTCGGGGAACTCACAAGCGTTCCGGTTACGGTCTCCTTGACGCCGTTCGGCAACACGCGATGGAACTTGATCTGCTGTCCGACTGCCTTGTTCAGGATTGCCGTGGGGTTGATCAAGTCGTACTGGTAGTTCTGCTCAAGGACCTCGATGCCACCCGAAAGCGAGCGGATGCCGACGCTGTTGGTTTCGATCTGCTGCGCCACGTCTTCAACAGAAATCGATTGTCTTCCATTCCGAAGCTGGAACGTGCGGACTTCTTTCACAAGTGCGAAGCCCTGATTGTAAACCGTGATCTGAGGCTGTGCCGAACCTTGGCTGAGCGCCAAGCCGACGGCCAGTGAAATGTACATGGGTTGTCCCTCCTAGCGGATTTCCATTGGTTTGGACGCTCCGGAGGGACCGGTGGTTTTACGGGCGAGCAATGGCTAAACGGGACTTGCGCTCCGAAGGGCGTGAAACGCGCGCTCGACGCCTTCTGCTTCTGATTCGGAAAGGGGAACCAGTGGCAAGCGTACGCGCCGGGTCCTGAACCCCAGCAGCGCGAGAGCAAGTTTGACGGGCGTCGGACTGGGCGCGGCAAAGAGCGCATTGATGAGCGGAAGCAGTTCTTGGTGGAGCCGGGCGCTTTCGGCGACGCGCCCCTGGAGAAAGGACTCGATCATCCGAGCGATGCGGTCTCCCACGATGTGGCCAGCGACGCTTACCACGCCGTAACCGCCCACGCTGAGGATTGGAAGCGTGAGGCCATCGTCGCCACTGTACACACGAAAGCCCGAAGGGACCCTCGCGCAAACGTCGCTGATCTGTCCGAGGTTGCCGCTCGCTTCCTTGACGGCGACAATGTTGGGCGTCTCAGCGAGCCGGAGCAGCGTCTCGGTCTCCAAGTTGATCGCGGATCGCGGCTGGATGTTGTAGAGAAGGATCTGCAGGGAAGTCGATTCGGCGATGGCGCGGAAGTGGGCTTCGAGACCGCGCTGTCCGGGCTTGTTGTAATACGGATTGACCAGCATCAGCCCGTGCGCCCCCAAGTCCTCGCCCATCCTTGCGAGACGGATGGACTCCTCGGTGTTGTAGGTTCCCGCGCCGAACAGCACAGCCGCGCGGCCGCCGACCTCGTCGAGTATCTCCGAGAGCAGTCCCCTTTTCTCGTCCGTCGAAAGCGTGGGAGACTCTCCCGTCGTGCCGCTCACGACGAGGCCGCTGTTCTTCTGCTCATCGACCACGTACGCTGCAATCCTGCGAGCCTCGGCGAAATCGACGTTGCCGTCGTCGTCGAACGGCGTTACGAGGGCCGTCAGCAAGCGGCCCCAATCCCTTGATGATTCAAACGTTCCCATGCGTTGCTCCTTCCCGTTTCTACCTGATCATGCAGTCGTCGAACGGGAACCGGCCTCCAGCGCGTGGCGCCTAATCTCTTCTACGACTTGGACGGGAGTCATGTCGGTTGAGTCGATGAGGATGGCGTCCGGAGCTACGGTGAGGGGTGAGGCGTCTCGCTCGGAAT
CP054189.1_gap57	2360939	2364996	4057	CCTCGTAGAACGTCCGGAAGGTCCTTCGAGGGGTCGAAAGGTCGGGAGATTCGCCTGTTTGCGCCATCGAGAACGCTGCCGGAAGCAGGGTCAGGAGGGAGACAACTGCACGAAAACAAGGACGCATGGCTCTTTCTGTACCCTTAGGATACGGATTCAGGCGCGCTGGAGCAAGACCTTGGGCTCGGTCATCGCTTCCATCGCGTGCGCGACGCCCTCCCGTCCAAAGCCGCTGTCCTTGATCCCGCCATAGGGCATGCCGTCGAACCGAATCGTCGGCGCGTCATTCACGATCAAGCCCGCGACCTCCAGGTTGTCGTGGCAAGCGCGGACCACCGCTTCGTTTCGCGTAAAGAGAGAGGCGTGGATGCCGTACTTCGAGGAGTTAACCCTTGCGAGGGCCTCGTCGAGCGAGTCCACTCCGACGAGGGTCAGCACCGGTCCAAACACTTCCTCGCTGCCGAGTTGAGATTCGGGAGGCACGTTTTCGATCAAGGTGGGCGGGTACCACGTGCCGTTGCGAACGCCGCCTGCCAAAAGGTTCGCGCCGCCCTTGAGGGCCTCCTCGACCCAGGCTTCGACCCTCGCGGCCTCGACCTCAGAGATCATTGGCCCGCAAACCGTGTCGCGGTCAAGCGGCGAGCCTATCTTGCAAGACAGCGTCGCCTCCGTTAGCGCGGCCCGCAGCCGATCCAGCACGCCCGCGCTCGCGACCACATGCTGAGCGGAAATGCACACCTGCCCCGCATACCCGTAAGCGCTGGCTGCGATCCTTTGGGTGGCCCATTCGAGGTCGGCGTCCTCCCAGACGATCACCGACGCGTCGCCTCCCAACTCGAGCACCACCGGCTTCCTCGGGACGAGGGACTCCAGAAACCAACCGACCCGAGACGAACCCGTGAAACTTAGCAGCTTCACCCCGTCATGTTGAGCCAGCCATTGCGCGTCGTCGTTCGAGAGGTTCATTGCATTGACGACGCCTGCGGGGCACCCGACATCGTGGATCAGGCGGACGACTTCGAGCGAGGAAATGGGCGCATGGGGGGAGGGCTTGAGAAGGACCGTGTTGCCGGTGGCCAGCGCGGGCGCGAGCTTGTGCGCAGCGAGATTGTAAGGCCAGTTGTAAGGGACGAAAGCCAGGACCGGCCCCCTTGGCTCCTGTTGGACGGACCCGGCGAAGTCTTTGCCGCGAGGATCATAGCTGAGATCGAGAGTCTGCGGGCGCTCGATCGATGCCAGTTGCGCCGCGAGTCGAAACGTGACCTCGAGCCGCGCAACCTCTCCTTCGGCCCACACGATGGGCTTTCCGATCTCATAGACAAGAAGCTCCGCGAGCCTCTCCTTCCGATGGGCGATTTCGTCGGCGATTCGAGTTAGCAGGGAAGAGCGTTCCTCCGATCTCGATCGCCGCCACACCTCAAAGGCCCTTAGGCTCGATTCGACGGCGTCTTCGGCCAGCTCCCGGCTGGATAGGAAGCTGCGGCCGATCCAATTGGGGTCCCAAGGCGATTGGACCTCGACAACCTCAGCGTTCCGGGGCTGAGCGATCTCTTCGCCGCCCACATACGCGCCCCGCCACTCCATAACCCATTGAACCTGATCGCCCGACTCGAAGTCTCAGTAGCCGTTGACAAGGTAGGCCCGCTCGACCTCGAGCCGCATGAGGTTGCCGCCCCGCGACAATGCCAGCTTGACCTTCGAACCCAACGGACCCTCCATCATCTTGGCGAGCCTTCGATAGCCGACATTGAGTTCGCTCACTTCATCGATCGAGAGCACAGCGTCCCCGACCTTGATGCCCGCCTTATCTGCCGGGCTCGCGGGCGCCACGCGATACACCCGGACCCGCCCCGCGCGAGGATCGAATCCCGCGGTGATCCCAATGTCCGCAACCGGTTGGTTGCCCACCTCGCCCGTGAAGTTCTCCAGCCACACGCGCCGCCTTTCGTAGTCGATGGTGATGTTGAAGTTCTTAAGGAAGCCGAACCCGATCGTTCCGTCGCCCTCTGCCGAACTTGAGGGAAGATCGATGATGCTCCAAACGCTCTCCGGCACCTTCACTCCAAAGATGGTGACGTTCTTCATCAGGATATCCCAGCTAGGCACTTCTCCTGAGGCCACCATCGAAGACCTCATGAACTTGGCTTCGGCGCCTGGTTTCCAGAGCCCGACCCTTTCGAGCACGTCCCGGTGCGTGGTGGCGAAGAAAGCGTTCCCCGTGTCGAGGGCGAGGATCATCCGCTCGCCGGCGTCCGTTTGAACGCTCATCTCCAGCGAGTTGTGGCCCGTGGGCAGCAGCCGGTTGAGGAAGGTCTTCGCGCCATCGGGGGTCCTCTTCGTCACGTCGACGGAGCTCGGGTGGAAGATGAACTTCTGGCCTTGAAAGTTGATTTCAGTAATGTTGTGCTTGATGACCTCGAAACCCATAATGCCGTCAACGTGGGTGTTGTAGGACATCGAGTAGTTCGCCGAAGGCGTCAGGACCGCTTCCATTCCCGTGGGGTCGATCGTTTGCGCCCCGATCTTGAGCGAGGTCACCTTGACCGTAGGGACTTCAAGCTCGCCAACAAAGTCCCGGAGCACCATCTTTCCGGTGGGCTTGCCGATGTTGATCGTGTCGTTAAGCACGACCGACCCGCCGAAGCCCGTGTCGAACATGAGCGACACCTTCTTGCCGTTCACCTCGGCGTCGACGACGATCGCATCTTCGCCGAGCCGGAAGGGGACCTCGACGCGCCCGCCCGCTTGGGCGCCCGCAAGAAGCAGCGTCGCGATTAGAATGCCTGACATTCCGCCGTCATCACCTCATTCAGTCTTTACGTAAGAAGGACGCGCGGGCGTCGCAAGGCGTTAGCTCCGGCCCTTCCACATATAGATGAGGATCACCGGCCCATGGAGGCCGCAGCAACAACAGATCACGAACGGCAGCATCCAGAGCCAGGGTCCGCGTCGATCTGTAAGCTCAAGGATCATCCAAATGAGCGCGACCAAAGCGACGAGCATCGAGATCATCGAGAGCGCCATTTGACCCGGCGTATTCCCCAAGAAGCCGCTTTGACTCTGAGCGAACGCTTCCATATCGTTCATCATCGCGGGGATGTCGACCAAGATCGCCTTGCCCCAAGTGATCGCCGCAATTGCTGTCCCGATTCCCCCGATGACGTAGCCCAGAGCCGTCCAGCTCGATCCGAGGTTTTCGACGAACGAAAGCGAGTGGACGGTCGAAGACGACTCGTACCCCGGACGGTAGTAGGCGCCTTCCGGAGAGGACCCATAGGGTGAAGTCCCGTGAGGCGACGACTCGTAGGGTGAGGACCCCGTCGGCGGCTGCGCAGAAGGAGCGGGCCTCTGAGGCTTGCCGAAGGGCGGCCCGCTCGAAGAAGGCGCCTGGCCGCCTCCGGGCGAATAGGGAGAAGGGCCTTCGATGGCGGTGCTGATCGGCTTTTCGGGAGCCCGTTCCGCTTCGATCCGCGAAAGCAGGTCGCGCGCGCCCGCATGACGGGGATCGATTCGCACGGCCTCGCGCGCCATCTCCTCCGCTCCGACCTTGTTACCGGTCGAAAAGTAGTGGACGCCAAGGTTGAAGTACGCCTTTGCGTTGTACGAAGAAAGCATGATCGCTTGGCGAAACGCCTCGACCGCGGCGTCCGCTTCTGCAGTTTGCGAAAGCGCGACCCCCTTGATCACGTACGCGTCGCTGGAGTTTGGCTCCAACGCGATGGCCTGCTCGATGAACTCGAGCGCTCCCTTGAAGTCAGAATTCTGGATCGATTGCGTCGCTTGATCGATAAAGGACTGGGCTTGCTCTGACGCCACGGCTTCCTCCCACCTCGAAGATGCGGGCATATTACCCAGGCTCAGCGACCCGAACGCTGAAAGAAGGGCCCAACTTATCCAAAACTCCCGGCTCCCTATCCCTAGCCCTGCCTGACCCTTCCGGGTAGAATTCGTAGGGTCTTCGACAGGGGTCGGCGCGGCGGAGCGCTCATCCGGGGGCCTGGAAGAGTGACGTGCCGAGCTACCTCGTCCTAAGCGACGGTTCCATCTATCAAGGCGA
CP054189.1_gap58	2384256	2387146	2890	TCGCGGGTCGGCTCCAGGGCTGCTCAAGGTGCTTGGAACCTGTCCAGGACTGGATCGGAACGAAGGTGTTCGTACATGGATTGGTGAGTCGGGAACGGATTGCCGCCACGATCCCGGGATGTTCGGCGCTCGTCAACATCGGCAACTCCACCCCCTACCAGCTTCCCAGCAAGGTGGCGGAGTACGCGGTTTCGGGCAAGCCGATCCTCAACTTCCATACGCGGGACGACGATGCGAGCAAGTGCTTCTTGAAACCCCACCCGGGGGTGTGCAACGTTCTATGCGCGGAGGGCTTCTCTCCCGATCAGCGGGCCAGCGAAATCGAAGCGTTCTTCGCAGCTATGGCTCAATCCCCCCCTCGCCCCTGTGAGGAGTGGCTCGACACGTTTCGTTTGCCCTACCTCAAGGCTAGGTACGAGGAGTTGCTGAGGTGAGAGTCGCCGTAATCGCACCCCATTACCTCCCCGGAACGAGAGCCGGAGGGCCCGTCCGGAGCATCGCGAGCCTCGTCGAGACGCTTGGGGATGAGATCGAGTTCTTCATTCTCACCCACGATCATGACTTTGGGACTTCGGAGCCTTACCCTGGAGTCGTTCGTGGGCAGCCGGTGAGGGTCGGGAAGGCAAGTGTGGTCTATCTTTCTGAGGAGGACTTCCGGCCGAAAGCCCTCGAGGCGAGAATCCTCGCCTCTGAACCCGACGCCCTGTATCTCAACAGCTTCTTTCACCCGCTGGCCTCGATCGGTCCCGTTCTTCGAAGGAAGTTTGGAGGGTTGCACGGTCTGCCTCTCCTCATCGCTCCGAGGGGCGAGTTCGCCGAAGAGGCCCTCCGCATCAAAGGACGCAAGAAATCCGGCTATCTCGCCTTGGCAAGAGTGCTCAGCCTCTATCGCGACGTGATCTGGCAGGCCTCTTCCGAGTTCGAAGCCGCCGACATCCACCGGGTCGTTGGCAAGGACGCGAAGGTCCGGATCGCCCACCTTCCTCCCAGCCTCCCTCAGGTTGCTGGCGATGCACATGAGGCATCGCGGCGAGAGAAGTCCGCAGGTTCGCTCAAGCTGATTTTCGTGGGCCGTTTCGCTCCGATGAAGAACGTGGAGTTCGCTCTTTCGGTGCTCGCTGGCGTCGAGGGAAAGGCTCGTTTCGAGCTTGTCGGCCCGAAGGAAACGGAGGAGTACTGGCGGCTCTGCCAAGACGCCGCGCGCCGCTTGCCGCCGAACGTACAAGTGGAGTTCGCAGGCGCTTTGCCGCACGACGAGGTCCTGCGCAGACTCAACAATTCTCATGCCTTTCTGTTGCCGACTCTTGGCGAGAACTTCGGCCACGGGATCCTCGAGGCAATGTCTTGCGGGTGTCCGGTGGTCATCAGTCAAAACACCCAATGGCGGGACCTTGCGCCGCGGCGGGCAGGTTGGGACTTGCCGCTTTCGGCTCCGGGCCAGTTCACCCTCGCGCTTCAGCGATTGGCCGACATGGAAACCGACGAGTGGCTGGAGTGGTCGCGCGGAGCTCGGGAGTACGCTCGCGGACGGACCCTCGATGCCGACGCCGTCGAAGCCACGCGAAGGCTCTTCCTCGACGCCGCCCGAGTCGCCTCGGCAGGCGTTCGCGGGGCCCGTCAGAGGTAACCTAAATCTTATGCTCCCTTCGAAACTCCACCAGGGAGAGCGCTCGCGTTGAAGTTACTATTGCAGTCGCTCTCGTCGGGTGAGATCGACCTCATCGACGCCCCAGTTCCTCGCCCTCGCCCCCACGAGGTGCTGATCCGCTCGCAGACGACCGTGATCTCGACGGGCACGGAAGGGATGCTCCTTGAGTTCGGGCGGGCGGGCTGGATCGGGAAGGCGAAGCAGCAACCCGACCGCGTACGGGACGTGTTGGACAAGATCAAGACCGACGGCTTGGCGACCACGCTCGAGGCCGTACGGCGCAAACTCAACCAGCCGATTCCGCTTGGCTACAGCCACTGTGGAGTCGTTATGGCCGTCGGTTCGGCGGTTTCGGACATCTCGGTGGGAGATCGGGTCGCCAGCAACGGCAATCACGCTGAGGTGGTCTGCGTCCCCAAGACCCTCTGCGTCCGCGTTCCCGCAGAGATCGACGACGAGAGCGCGGCCTTCGCGACTCTCGGGGCCATTTCGCTGCAAGGGATTCGGCTTCTGTCTCCTACTCTCGGCGAATCGGTCGCGGTCATCGGTGTCGGCCTGTTGGGTCTGCTCGCCGTTCAAATGCTGGTGGCGAACGGCTGTCGGGTTCTTGCATTCGATCCCAATGAAAGCCGCTGCAAGCTGGCGGAGGAGTTCGGCGCGGAAGCGTGCTGGGTTCGGGAAGGCGTCGATCCGGTAGATCGCGCCTTGGCGTTTTCGAAAGGTCTCGGAGTCGATGGCGTCCTGATCACGGCGTCGGCCTCGGGTTCTGAGATCGTGCAGCAGTCCGCGAAGATGAGCCGGAAACGAGGACGTGTGGTTTTGGTCGGCGTGACCGGGCTGGAACTCAATCGAAGGGACTTCTTCGACCGCGAGCTTTCCTTCACCGTCTCGTGCTCCTATGGCCCCGGCAGGTATGAGCCCGACTACGAAGGGCGGGGCGTTGACTACCCTCCAGGCTTCGTTCGTTGGTCGGCCCAGCGCAATATGGAAGCGTTCCTCGAACTCGTGCGCCGAGGCTCGGTCCGGGTTGGGCCGCTCATCACCCACAGGTTTGAATTCGAGCAAGCCAAACAAGCCTATGAAGCGCTGGGTTCGGGGGCAATGGGGATCGTCCTCAGCTACCCAAAGCCGGATGGCGGCAAAGAGGGTCAATTCCCGAACCGGGTGCGTCACTCCGAGCCGGCCACGGCGCGCGGCAAGGCCGTTCTTGGGTTCATTGGAGCAGGGAACTATGCGACGGCC
CP054189.1_gap59	2465309	2469526	4217	TGAACTCCGAGGTCCTTGTGCGACGTGAGCGAAGCCAACACCGCATCGGGGATGTCGCCGATTCCCATCTGGAGCGTGGCGCCGTCTTCGATGAGTTCGGCGCAGTGGCGGCCGATGGCTTCGGCAACCTGGCCCGGGGTTCCGGGATTGTGCTCAGGCAGGGGTTCGTCGGATTCTACGACGGCGTTGAGGTTGGAAAGGTGAATGAGTCCGTCCCCATGAGTCCGCGGCATGAAGCGGTTGACCTGGGCGATTACGAACTTGGCCGCCAGAACCGCCGCGCGGCAAGCTTCCACCGACACGCCGAGCGAGCAGAAGCCGTGTTTGTCCGGTGGAGAAACCTGAATGAGGGCCGCGTCGAGCGGCAGAATCCCGTTGCGAAACAGCGCCGGAACCTCGCTCAAGAACACGGGCACGAAGTCGGCTCGTCCCTCGTTGACGGCATCGCGCACGTTGGGCGCGACGAAGAGGGCATTGACCCGAAACCTTCCTTGCATATTGGGTCCCGCATAGGGTGCGGGCCCTTCGGTGTGCAGGTGGACGACTTCAACGTCTCGAAGATCCGTTCGCTGGGAGAGCGCGCGAACGAGAGCCTGAGGGGTCGCCGCCATCCCGTGTACATAGACTCGGCTCCCGGAAGTGATTGAGCTGACGGCTTGCTCGGCGGATAAGTGGGAGGACACTCCTGGATTGTATCTGGTGGGCGCCCAGTTTCAGTCGAGAATGCGCGCGGATCAAGCCTCTTGCGTCGTCGAGGACCGACCCGTCCGCTTACTTCTTTGGCCTGTGTCCCGGCTATTTCTTGCGAAACCGAAGGGCGAGCGCTCCCCATGCGAGACCAATCAGCGATGTCGGTTCCGGCACCGCGCTGAGTTCGACGTTGTCCAGATTGTAACTGACGTCGGTGTTTCCGGCCCCGCCGTTCGTGCGATTATCGAGTTCACCGGCGAAGATGACTGTATGGCTGGTCGATGTGGCGGTGAAGGAAACGCTCGACCGCACATACGTTGCGACCAAGCGCTCGCCAAAGAAGAGAGCGCCCGCATAGGTTTGATCGTCGAGAAATACACCGAAGGAGCGTCCAGTTCCCGACCCGGAGTAGTTGACACGAAGCTTCCAGTCCCAGGCTATTGTGTATGTTTCGCCGATTTGAAGGCCCGAGACGGTCTGGGAAGCGGTGGGATCGAAAGAAGTGCTTCCGTTGCTTTCGAGTCGGCTGCTCTTACCAGGGTTGCCGTTGGTCTCAACCCCACAGTAGTTCTCAAAGATCCACCCTCCCTCAACCTTGGGAGTGCCCGGAACCGAATTGCCGATGCTCAGGGCTTCAAAGTCCCCGTTCAAGACGAGGTTCTGGGCGGATACCGAGGCGAAGAGCACCCCGATTGCTGCGAGAACAAAGGAACGACTGACCATCACGAATCCTCCGAAACGGCGCGATGCGCGCACGTATGTCTTTATTGACTCTGAAGGGCAAGATTGTGACCAAAAGCGTTCGATGGGATCTCAATCCCCGCAAAGATAGTTGAGTGCCCTTAGGGCGAGGACCTGCCGATAACCATGTGAAAGGCCAAATTGGGGCATCCGTCTCCGCGTCGCTGACCGGATCGACATTCAAGCGAGTGCAACGTATCCCAGGTACCGGGAAGGGGGCATGCGCCCGACTCGGACCTCCCATAACTTCGTCACTCTTAGCCCTGCGTCGCCAATCGCGGGCCCAAATCGTTGGGGCGTCGTCCCATTAGGGATGACGCCCCAGAAACGCACCGCTCTTGGGACTCGGACTACGCCTTGCGTCGGCGAATCAGAGCGGCCAAGCCCAGGCCGAGAGTGGCGAGGGTCGCCGGTTCAGGAACGGCCGACGTGAAGCCGCCGTAGCTGAAAATCTGGTCGTCGCCGTTGTAGCCTAGATTGTACGGTCCCCAATCGCCTTCACGGTCCGCGACGAAGCGCTTGGCCGAGGTGTCGAGCGAGGTCGACGTGTAAGAGAATCCTCCGACGGTCTCGCCCATGCCGACGCCGTTCGGCGTCGAACCCGGCCACGGGTCGCTCGAAGACCACGAGATGGCAACGTAGAGTTGACCCTCAGGAGCGTCGATGTCGCCAGCAGGCGTCCCTTCATAGTAGTCCCAGCCGACATGGCCGCCATCGCCAAACGGGGTTCCCGCAGCGGCCCCTGGAGCGACGTTCATATACACCACGACCCACCAAATCGGCAGAGGCTCCGCAGAATTGGTGAGGGAGTAGTTGTACGTGTACGTTCCGTTGCCGTTGTCGACGATGGTCTCCATCAGGTTCAGAACGCCCGAAGCGCTCGAGACCCATGCAACCTGTGCCGACGAGATCGCTGCCATCGCCATCAGAGGCAGCACAATGAACTTCTTCATATTCTAATTGCTCCTTTTGCTTTCGAGTGACACAAGTCACGCAGCAGAAATACGAAACTATACTACTTTACAGGAACTTCCATTCCAACGGGAATTTTGGGGAGGGAAACCAGTATTTTTGTCAGTGGAAAGAGAGTGCGAGCGCCTGCACCGTGACATCCAGCCGCAAGAGGCTCGAAGGTCAGTCCCCGGCCCTGCGACTCCTGTCGAGCCCATCCGCCACCTTAGAATCGGCTACTTGCCCTTCGCTGCAGATTGAGCTTCCACGAACGGCTTGATGTAGGCCTGCGCCTTCTCCCGACTGAGGATATCGGGGGCGGCGAACTCGGGCAGTCCCTTCTTGGTGCGAAGAACCGCCATTTTTCGGCGGGACTCGCTCGCGTACCTATGGGCCTTCGCGAGCACCCGGGCACACTCCTGAGGCGCATGGAAGCCCATTCCGTTGTTGGCGGCCACGTAGTCCCAATACATCTGCCCCAGGCTCACCAGCTTCCTCACCTCTTCAAGTTCTCCGTCCGCGATTCCGCTGCGCCAGCCGTCGCCGATCTCCAGGTGAGCCAGCGTGATCTCGCTCTCCGCCGCTTCGAGGAGTTCCTTGTTCTTGTCCTGGATCGAGATCACGCGGGTCTTGATCTCGTTCTCGGACCATTTGTGGCACACCTGGCACGAGTTCTGGAGGTTTTCGAGCGGGCTCCGAATCTGGTGATCGGTGTACTTGATGCCGCCTTCTGAGACATAGGGCATGTGGCAATCCGCGCAGCTCACTCCTCGGAACGCATGGATGCCCTGCATATACACCTCGTAGTCGGGGTGCTGCATCTTGATCATTTTCGCGCCCGAGATCGCATGAGTCCAATCGACGTGGCCGGTTCGTTCGTAGTACTCTTCCATGCCCTCGATGGTTATTCCGTCGTCCCAAGGGAAGGTCAAATACTTCTCCTTCTCGCCTTTGAAGTAATACTGGCTCCTCGCTGTTTGGTGTGGGTTGGCGTAATCTGATGGGATGCAACCGACCGAGTTATTTGCTCTTGGCCTTGGGCTAACGCCCCCTTGGAAGATCGTGGACATCGAGTTCATTGACGGTGAGGTTCACATCAAGGTGGACTTTGAACGCGGGGCCAGGTTTGGCGGGCTTGAGGTTCACGACACTTCCGAGCGGAAGTGGCGGCACCTAAACTTCTTCAAGTATCCGTGCTTCATTCATGCCAGGGTGCCTCGGGTCATCGGCAAGGACGGGAAGGTGGCCACGGTTCAGGTTCCCTGGGCCCATGCGGGCAGCGGCTTCACGATGGACTTTGAAGCGCATGCGATCGAGCTCGTTTCCCAGATGCCTGTGGCGCCGGCGGCCAGGCTCCTGAGACTGTCTGACACCCGGCTCTGGCGGCTCATCCATCAATACGTGAAGCGAACCCGAGACGCCCTGGGCATCGGCCAGCCGACAAGGATCGGGGTGGACGAGACGGCGGCAAGGCGCGGCCACGACTACATCACGGTCTTCGTGGACTTGGATGCCCGGCGCGTTCTGTATGCCTGCCAGGGGAGAAGCGGTTCTGCCCTTTTCGAGTTCAAAGCGTTCCTCAAGGCCAAAGGCGCGGACCCCGCCAAGGTGCAGGCCTTCACCTGCGACATGGGACCGGCGTTCCTTGGCGGCATCGCGCAGGCCTTCCCCCAAGCAAGCGTGACGCTCGACCGCTACCACCTTGTGGCCCTTCTGACAAGGGCGGTCGATGAAACGAGAAAAGCCGAAACCAAGAAGGCGACGAAGTTCAAACGAACCCGCTGGCTCTGGCTCAAGAACCCAACCAACCTCTCAGAGAAAGAGAAGCTGAGCCT
CP054189.1_gap60	2471326	2473426	2100	TCGGACCCTCCAGCGTGACCTCCGCGCTCTGTCCTGGAGCGAGCGTGACGGGCTGAATCGAGGGGTTGACTGGCGTTACCTCCACCCGGCCCTCGGTCACTCGAACGGTCGCAACCCCAGTCTGCTTGTGAAAGCGCACCGTGAACTTGGTTCCCCTTACGCCACAAGTAGCGGTAGGGGTCTTGACTTCGAAGCTCGAGGGGCGTTCCGCCGAGCGATTCACCGAAGCGGAAATCTCACCGCCTCGGATCCAAAGGCGCGTCTGGACAGCCGCGCCGGCATCGATGAAGCAGAGGACCTTCATGTCCGTCAGTTCGGATACGTCAACGACGGTACCGTCTTCAAAGCGGAGTTTCACGCTTGAATCCATGCCGGTCACGATCCGATCCCACCGATTGATGCGGTCGCCGGGCTTCAACTCATAGGCCCGCGAATCGTCACCCCCAGGCGAAAGCTCGACCTCTCCGACAACGGCCAGCACCTCCACCCTGCCGGGTCGCGCTTCTGCCTTGACCTCGGATTTCGTTTCCTCGTAGATGTAAGTCAGGCTGAACCCGGAAAGGGTCTGTACGACGCCCGTATGGCCGCTTATCGAGAAGCTACGGTAGTTCTTGCCCCCCTCTGACCACTTTCGAACGAGGTTGTTCGCCGCGAACGAAGTCTCAATGGCGACTTCGACGCTCAATGAATGGCTGCCCGCCGTGGGCCAGGGGCCGGGATCGCCCTTCCCCACCGTCTTGGGGCTGCCGATGAGATTGACGCCCACGTTGAGGTTGTACACCGTCGACTTCAGGTTCCATGAGGCGTCGAGTCGCGCGCTGGCCGAAAACGTCTGCTGATCGTTCTCCACTCGGTCGGGGATCGAAATCGACAGCTTCCCAGTCGAAGTGAACGAAGGCTGGCTCGTGTTGATGTCCATCGACTTCAGCCCGCCTTCGACCCTCGAGGTTTCAGGCTGTCCGCCCGCGACATGTTTGGTGACCTCCGTACGGACTAGCTTGTAGTGCGTTTGGGCACTCGCTAAGGGCGACAGCGCCACAATTAGAAGCGCGGCGACCCATAGGAAGCTCATCCGCAGGATCGAACCGCAGGAAACGTTGAGGTTGGCCATGATTTCACCACTCAGGGTCGATGCACGCATCCTGTCGCCACGACATTAGCGCCGATCGGACACGCCGCACCGTTGGAGAAACCTTATCATATTTCCGCCAAAAAGCAAAGAGGGGCTACTCGTCGTCGGCCGTGTCCGGGACCGGTCCGCAGAGGCTCTTGCTGTACATCCCCGATCTGTCGAAACAGCAAGGACGGCGCTTCCCGCCCGCGAGCATGTCGCAGGCGCTCTCGGCCCGTTTTCGACGCGTCTCCTCCCTTTTGGCCGATTCGACCCAATGAGCCCAATCTCTTCGGGCGAGCGCAGTCAGGCTATGCCAGGCCTTCTGAACCTCGGGCGTCGATCCCGCCAGAGCCCTCTCAAGGTCCTCAGGCACCTCTGGCTCCGGCTCTCGCAGCGAGGGCGCCAGTTCGACCGACACAGCCTGCCCGATCTCGATTCCTGCCTCCGCTCGCAAGTCTGGCAGTACCTTGAGCCAGTGGCCCCCGTTTCCGTTCGGTCGGAGCGTCGCCTGAAACTCGTGCCCATCGAGCGCGCCGTCCACCGACACCAGCCCCCGCGACGGCAGCTTCTGACTGGCTTCGTCGGGAAGGTTGAGAAAGGTCCATGTGGCCCCATGATCCTTGCCACCCGGACGGAACAGGGTCGCTTGGAATCGGATGCGAACGCTCGAATCAGCCATTTCGAGTTCATTGTGCCATAAGCCCACCGGCGACGAGGGCCACTTGTGGCGCAGCATCGGGGCAAGCATTTCCGCTTAGTCTCCCAAGCAAGCCGCAGGAACTTGCTCCTATATCAAGCGCCAACATGTGGGAAAATGACTGCTATGAGGAATTCTGCCTGGGCTCGTTCGTCTGTCCGGCCCGTTGTGTTCGTTTGTTTCGCAGGTGCGGCAGCCTTGGGGATCGCTGCGGCGCTTTCGGGGGGTGAACCCGAAGAAAGGCAACGGGAGCGGAGCGGCGGCGCAGGGCAATTGGGGCAGCTCAGTC
CP054189.1_gap61	2552247	2555800	3553	GTACAGTTCGTCGGGCGTTATGGTCCGATACTCCCCCTTGCCCGACGGGTCGTCAGCCACCGCGTCCGCAGGCATTAGACTGGGCGGGGACATCATCCCATGGCCTGCAAAGTAAAACACGAAGCGCTCGTCCTCGCCAATCGACGACGCTGCGATCTTGATTTCGTTGAGGATTCGTTCCTTCGTTGCGTCGGCATCGAGGAGGGTCCGAACCTTGAACCCAAACCGGAGCGCGAGCACTTCGGAGAGCGCCTTGGAGTCGGGCACTGGGCCTTCGAGAGGGGCGTATCCGGGGGCGTTAGGGTAATGCTGAACGCCTACCACGATCGCGTAGTCGGCATGGCTCGCGGCAGAGAGCGCCGCAAACAGGAGCGCCGAGATCAGGCGCCGACTACCCACTCCGCAAAATGTGCCCCTCATTGGTTCTTCCATTCGTTGGACGGCTGTCGCGTGTCACGGTTCTTGCGAGTCCCTCCGTCAGAGCCGGGACCTGAGACCCGCCATACCCAACTTCTCGTCTTGATCGGTGAGCCCCTTGGGAACATCGGTGAGCATCTTGAGCGCTTCCCGAGCATTGGACTTCATGTTCTTCCGAATCGCAAAGTCCACGTAGGCCAGGGCCGGGAATGCCACGGCCCTTCCAAACAAGGCCGCAGTCTTGAACCCAGCATCCGCTGCAACGAGGTGCCTATCGCTGATGTCGGAGGGCGTTCCGGCATCGAATTCTCGCAGACGAGTCTCGGCCGACAGGATGACCGAGTAATCGACGACTTTGTCCCCAAGCTGTTGAATCTTGGCATCGCTTTCCAGCGCCTCGGCCAGGACCTTGTATGTGTCCTCCCCTGTTTTCAATCCCGCTGAGGTTCTTGCATCTTTCAGCAGGGCGCGCGCCTTTGTGACCTGGTTGGTCTCGACGAGGGCATACGCCTTGAGAGCGAGGGCGGCGGGCATGTCGAAATGCTGGTTCTCGTCGATTTCTCTTACCACCGATGCCCAGTCAAACCGACAAGCCGAGCCATATCCGGGGATCGGGAGCGGAGCGGCGTCTGCGACGTTTTCAGGCTCAGGCTCAGGCTCAGGCCCGGGTGGCTTAGGAGGCGCCCCACCTGCTTTCGTCGCCCTTGCCACTTCCTCGCCCTTTGCGTTGATCGCGACGATGTTCGTCTGATCGGCCACGCCTGCCGGGACGACGGCGACGATTTGAGTGTCGCTCCAGGAGACGATTTGATCGGCCGGCTGGTCGCCGAACATCACTTTTCCGGGTTCGCTGCCAAAACCCGTTCCTTGAATCGTAAACGGCTTGCCCGGCACGGCACGATCCGACATCACAAGGGGCTTTTTGGAGGGATCGATGACATTGCCGAACTCGATCCTGAGCTTCTTGGTTCTGGGCATCAGCGCGTTGAGATACGGAATGAACGCTACGCGTTCGGCTTCGACAAAGACAGCCGTATCGGTGAGTCCCGGCACGTCCTTGGTGTTGACGAAATACACCCCACGTTTGGTCATGAGGGGCTTGAGATAGTCGGAATGGAACGAGTCCTTGTCGTCCTTGTTCTTGTAGAAGTTCACCCTCGCGCCATTGAGCATCGCGCCGCGGTATTCGAGCCGAGCTCCGTTGTCGAGGGACATGCTGAGGGGCGCGGCCGACTGTAGCTTGAACTTCCAATGCGTGTACATCAAATAGCTGATGTGGAGCATTGCGACGAGTCCCAAGAACAGCATCGAGATGGCGAGCGCGTTGCGCGCCAAGGACTGAATGAAGTCGGTGAGCGTCGCCGGGATGGGTGGGCAGTAGGTGAGCGTCGGAGGGTACTCGGGGGTTTGAATCTCGCTGGTCTCCGACGACACCACCGGAGCGCCCAATCCGGCGCTTGAAACCCCCGCAATCGCTTCTTCGGGCAAAGGCGGAACCGTCGGCGCATCGACCCGATGGAACGTGAGCGGCAATTCGTCGACCTTCGGCGCTCCCCGAAACGCTTTGTGCTTCGTCCGCGCCCGGATCGGGACCGATCGGCTCGAATCCTTGCCCGGCTCGGGCGGCGGGATCGCCAAACGCTGCGAGAAGTTCTCCAGGAGAGTGTCCTTCGGTCGAGGGAGCTTCAAATCACAGTACAGCCAGTCGTTGCCTTTGTTGTGAACGATCACCTCGTAGGCCGCCGACCTTCGGAAGAACCGCTTGACTTTGCGATCCTCGGGCTGAAACTCGATCTGCCACTCATAGAAGGGTCGAAGGATGACCGTGCCCTTGATTTCGGTAATCCGATCGCCTTTGGCCGCCCCCTGGCCTTCCTGAACGTGGGTTTCGACGATGATGGAGACCTCGTAGACTCCCGCGCGGGAGTCGGACCGCTGCGGCGCCATGAAGCTGAGCAGCACGTCTCGCGATGCGCCGTTCGAAACGTACACCTTCACCCACTGGTCCTTGGGGCCTTGCTGGTCCGGCTTGCTCGAAGCCCCCTCGCCGACGGCGGGCGGCATCGCGTTGATGCGGAACCAGCTATCCTGCCAGTAGGGGTTCTCGCACCGAAGCCGGACAGTGTAAGCGTTCTCCCGTTCTGTGGCGTTGGTGATGCGCAAGACCGCCGTCCCCAACCCGACCATGCCTTCGGGCAACGCCTGACGCTGGGGCCGCCTACCGGGAACGACGTCGATCTCTGAGTGAAGGAGTTGGATCAATTCGCCGAGACCTCCACTACGATTCGAATGAGTTGGTGGCGTTTGTCCGTGGTGAGAATCAGGAACTCGCCCCTCGATTGTCCCGAACTCGAGTCGTGCTCGATGATCGGCGTGACGGAACTCGCTGCGTTGACCTCGCGGAAGAGGTCGCCCGTGCGGAACTCTTCCAGCTTGAACCCGTCAGGCTCCTTCACCAGCCACATCGCGATGGACTGGCCGCCGGTCGACGGCGAAGTGTTGCGGAACGAGATGCGCTGCCTACCGCCAGGTGGGACGATGATCGTGTACTCCTGACCTTCCACGGTCTGCCCCGTTCCATAATCCTCGCTGGTCGGCACCGAACTGAGGGGCGGTGCGGCGATGCCCGATCCGAGAGCCAAACGAACAAAGTCATCCGTGCGAAGCGGGACGAACCGGACGGTCGCCTCCTGCACGTTTCTCCAGAGCACGGGGCGCACCCCATAGCGTACGAGTTGCGTAGTGCCATATCTCTCGACAGCGACGCGATCTTCGAGGCTCGTGCGACCCGCACGCGATACTGACCGCGAACCAGCAGTCGCCCCTTGCACGTCTTTGTTGACCGTCAGCCAAGCGTAAAACGGCGCGGACCAACTCGCATTGACGGTCATATCGACGGGTGTTCCCGTGCCGGTCATCAGCTCACTTCCAAGCACAAAGTACTGGGGCTGTTCTCCCACGACGCTAACAAAGGCGTTGTCGATGTTCACCGGTCCCGATCCGGAGCCGAACATCATCAGGAGCAGCAGGAAAATCGGCGCCATCAGGAACCACGGCAAGGGAAAGATCCGCCAGCGGACGGCGGTAAGTTGAACGGAGTTGCCAGGCTTCCCTCCGTTCAGCACGTCGGTAACGG
CP054189.1_gap62	2750491	2754979	4488	GAGTCTGGGCGCTCAAGGACATTCTTCGACTCCGACTCGTAGGTATTCTTGGCAACGCGCTCGGTACGCGGGTTGAGTTGCCGGACGCGACCTCCTGAGGAACCCATGTCAGATTCGCCTACCCTCCATAACGTGCTCATCATCGGCTCTGGCCCCGCAGGCTACACAGCCGCCCTTTACGCCTCACGCGCAGGCCTCGACCCCATCGTTTTCGCCGGACTCCAGCCTGGCGGCCAGTTGATGATTACGACCGACGTGGAGAACTACCCCGGCTTCCCCCAAGGCTTACTCGGCCCCGAACTGATGGACCTCTTCCAAAAGCAAGCCGAACGGTTTGGAACCCAGGTCGAGTACAAGGTGGTGACGCGAGTGGACCTCTCCGAGCGGCCGTTCAAGGTGTGGTGCGACGACGAGCTTTATCTCGGTAAGTCGATCATCATCTCGACGGGCGCCGAGGCCAAGTGGATAGGGTTGGAAGGCGAAAAGACGTTTGGCGGCTTCGGAGTGAGCGCTTGCGCCACCTGCGACGGGGCTTTCTTCAAGCAGATGAAGGTCGCGGTCGTCGGGGGCGGCGATACGGCTATGGAGGAGGCGAACTACCTGACGCGCCATTGCAGCAAGGTGTACGTGATCCACCGACGCGACAGCCTACGCGCCAGCAAGATCATGCAGGAGCGGGCCTTGGCGAACCCCAAGATCGAGTTCATCTGGAACGCTCAGGTCGTCGACATTCACGGGGACACAGAACCTCTTCGCAAGGTGACCGGAATCACGCTCGAAGACACGGTTACGGGGGAGAGGCGTCAGATGGAAGTGCAAGGACTGTTCGTTGCGATCGGGCACAAACCCAATAGCGAACTGTTTCAGGGCGCGCTGGACATGGACGACCTTGGCTACCTCATCACCGAACCTCACTCGACGCGAACGAAGGTCCCCGGCGTGTTTGCCTGCGGCGACGTGATGGACCGAGTCTACAGGCAGGCCGTAACGGCGGCGGGTACCGGCTGCATGGCGGCCATCGACGCCGAGCGGTGGCTTGAATCGGAAGGGCATTAGGATGATGGTTGCGGCTTTAGCGGGACTTCTTCTCTTGAGCGGGCTGGGGGGCCAGGACCCCGCCGCGATGCAGCAGGAGTTCCCCGGACCCGAAGGCGGCCCGAACCGGCTGATGGTGATCACCAGCTTCGAGCGAATGGACCCCCCAAAGACCTCTCCCAAGCACGGTTGGGTTTTCGAATGGGCGGTAGGAGCGCTGGGGCGGCAAGACCCTGCGCTGCCGTTCAACGCCCGTTTTCGGGTCTTTTCGCAGCTTCGGAGGCAAGAGAACGACGTGGCGCCCAAGATCGGCCGGATGTTGCTGCGAATGTGGGACATGAACATCCGAAAGCTGAAGACCGACCACGCGTCCATGTACAACGGCGGGATTATCGATTTCTACCTCTGCTTTGGGGGACGGCCGGGGGGCGAACAGCTCTTCGACGAAGACGAGGAGCGGGGAGTCCGTAAGAAGGTCAACACGGTCTACATCTATGGGATTCAGACCTTTACGAAGCCGCCCGAACAGGCCCGCGAGGTGGCGCACGAGTACGGGCATGCGACTCTGCCCCCGGTGGGCGGGTTTGAGACGCCCGAAGATTGGGGCAACGGGTATCTCGGCGAGAAGCTGTATCTGAAGTGGTTTCACGACGAGGTGGCCGCTGGCCGACTCCGCCCGGACGACGTCATGGGCACGACGGCCGAGGAGTTGGCGCGCTATGTGAAGAGCGAGGTCGATCCGTTTGTGGCGAGGGCCGCGACGACGGAACCTGCCAAGTCGTCGATCGGGGGCAAGGGGCCGGCCGCGATGGATGCCTATGTGGGCCTCGTTCTCTACGCTGAGGCGATCTTTCCGCCCGACCGCTTTGCACGGAGTCTGAGGCTCATCGGCTCGACCTTCGCCGGGGACTACCCCAAGGCCATGGTGGCCGCTTCCGAAGAAATCGAGACGTACGTGTTGCGGCTTCCGCCCCAGGTCAAAGGCAGGCAGATTTGGATTCCCCTTGGCAAAGGCAAGATCAGCGGGACGGTGGGAATCGTTCGGAGGTCCGGCGACTGGGCGTTGATCGAGGGAGAGGCGGAGTCGATCGTCATACGCAACCCGGCGCAGCCGCCCCTCCGCTGATCAGCTAAGGAACGTCGGGTCGAGGGGCAATACCATTTGCGGGTGGACCCTGGCGACGGTGCGTTCCACCTGCATTTCCCAAGCTTCATCGCCCTTTTCGACCACCCTGCCGAAGGCGGCCACGACTTCGGGGTCGAAGTGCTTGCAACAGAGCGAGAACACCTCTTGCAGGGCGCGCTCTCGCTCCCACGCAGGTTTATAGGGCCTTTCGTGCGTGAGTGCGTCCCACACGTTCGCGATCGCGGTAATTCTGCCTTCGACGGGGATGTCCTTCCCGGCGAGCCCTTGCGGATAGCCTCTTCCGTCCCACCTTTCATGGTGGGTCCAAGCGATCGACTCGGCGAGCTGCAGGACCTCGGACCGGCTGCCCGAAAGGAGCCTGCCTCCAATGGCCGCGTGAGTTTGGACGGTGGCCATTTCCTCGGCGGTGAGCCTTCCGGGCTTGAGGAGGACCGAGTCCGGAATCGCGATCTTGCCTATGTCGTGAAGCCTTGCCGCCATTCCAATCAGCTCGGCCCGCTCCCTCGGGAAGCCCAGTTCGGCGGCCACGAATTCGGCCATCAGGCCGACGCGGTAGATGTGCCGCCCGGTTTGGTCGTCCCGGTACTCGGCTGCGAGAGTCAGCCGATTGCACATCTCTTCATAGGTCGAATCGAGTTGGAGCGACTGCCGGTGGACCGCCCTTTCGAGGTAGCGCTCCCTTCGGAGTTGTTCGAGAAAGAGCTTTCGGAGCATCAAGTGGTTCTTGATTCGCTGGACGGTTTCGAGCGAGTCGAAGCCCTTGATGACGAAGTCGGTCGCGCCCGCCATCAGAGCCGCTCGCCTGACCTCCTTACTGGAGTCGAAGGTCATCATGATGATCGGCACTCCATAGCAAAGGCTGAGGTCACCCTTCAAGTCCTGGAGGATCTCCAATCCGGACCTTCGGGGCATGTGGAGGTCGAGCAAGATGAGGTCCGGGTTCAACTGCCGGGCAGTTTCGAGGACGTACTCGGGCTCGAACACGTGCGAAACTTGAGTGATTCCCTCACGCGTGAGCGCATCGTGAATCCAACGGTAGTCGGAGACCTCATCGTCCGCGATAAGAATCTTAGCGTCGAAAAAATCGAAAACGAGCATGAGCCGCCTCCCCAAACCAAAGGTGGCGTCATGCCCCAAACCGCTTCCCTGCCTGAGAATTGTATACCAAATTGTCCAGCACCTTAAAGAATCGCGGCTCACCCTGGCAAAATTGCCACTAGACCCGCAAGAGTTCCGTTCTATTATTTGGACCTTTCCCGCCGGTCCGTGGTCTGGCAAACAGCCTCAGCCAGGAAACTAGGCTCATAATAGGCTCATATCGATTCGAACCTGTCGAGATCAAACCCATGAAGTCACTCCATCGCTTCGCATTCCTCGCCGTTCTGTCCGCCAGTTTCCTGGCCGCCGACCTGCCAGCTCACGCCTTTTGGCAAGGGGGAGGCCCCGCCCAGGGCCAAGAAGAGAAAAAACAGGACGAGAAGAAAGAAGAAAAGCAAGAGCCGAAACAGGACCCGAAAGTCGAGCAGTACGAGAAGGCGATCAAAGACCTGACTCGCGTCGACGGGCCTTTTCCGCTCTACCAACGCAAGAGGGAGTTGCTGCTCGAACTCTCGGAAGAGCGCCTCGACAAGCCGCTTTGCATTCAGGCGACGTTTCATACCGGGGTGATGGCCGACGGGGTTCAGGCTGGGTTCCCCGTGGGTGATTTCGCGGTACAAATCCTGCGGTTCGAAAGGCACGAAGACAACGTTTGGATCGTGCAGCCCCACCTCGGCCACCGGTGGACGCCCGACGACCCGCTCGGAGTTGCGGCTTCGCGTAGTTTTCCGGAGGCGATCCTGGGGTCGTTTCGCATCGAGCAGCAGCACCCCGAGAAGAAGCTGTTGCTGGTCAATGTGACCAACCTCTTTACGGGCGACGTTTTCCGGCTTTCGGAGATGGTGGCGGCGATTCTGGGCGGGCCCTACATGCTCGACCGCGAGAAGACGGCCCCTGATTCGATTCGGGCATCCGGCGACAGCACCATCGTCCGCATGGGCCTTCACTATGCCTCGCAGCGCGGCAACGAGCCCAATCCCCTCCTGGCGGCGCTTGGGCTTTCGTTGGGCGATCACCTTGCGGACAGTCGCAGCGCGCCGATCAAGGTGAGCTACAACCTTTGGTACCGCGCCGACTCCGACTACATGCCGCGCCTTGGCGACCCAAGGGTAGGGTACTTCACGCTGGACTACTACGATCTGGCCCGGTTCGCCAACGATGACCGGACGCAGAGGTTCATCTTCAGATTCGGGCTCAAGAAGAAGGAC
CP054189.1_gap63	2769858	2771299	1441	CATCCCTCTCGGCTCGCTGCCCCTTCGACTGAAGGACCTGGACTTCGAAGCGAACATCGTCGTGATGTGCCGGTCGGGCAATCGGAGCCTTACCGCTGCGAACTACTTGGTTCGGCGCGGCTTCAAGCGAGTTCGCAATCTGTCCGACGGCATCAACGGCTGGGCGACCCTTGTCGACCCGCGGATGCAAAAGTATTGATCGTCCCTACCCCAGCTGTTGCTCGATGACCTTGAGGACCTCGGGGGCATCGGGCTTCGTTCGAGAAGGGAATCGCCAAGCTTTGGTTCCGTCTCGCGAAACGATGAACTTGGCGAAGTTCCATTCAATGTCCTTTCGGTCCGTTTTTCCGATCAGCCACTGGTAGAGCGGGTGGATTCCTTCGCCCTTGACCACGATCTTAGAGAACATCGGGAACGACACGCCGTATTTCTGGGTACAGAACTCCTTGATCTCTTCGTTGCTCCCCGGCTCTTGGTTGTTGAATTGGTTGGCCGGAAAGCCTAGCACGATCAGCCCACGGTCCTTGAACTTCTCATGAATCGCCTGCAGGGATTCGTATTGGGGAGTCAGTCCGCAATAAGACGCCACGTTTACGACCATCAAGACCTTGCCTTTGTACGTCAGCAACGGCAGGGACTGCTCTTCGATCGTGTTCATCGTGAACTGGTAGATGGGCTTGTCGAGATCGACCTCGCCCGCGGACGAACCAAGGCCGGCCAGTAGCGACGCGGCAAAAACCAAGCAACTCATGCTCATCAGGAATGCAACCTCCAACGAAGGCTACGGAAGTTGGGCCAGGCGAATCAGCAAATGGGCGTAGATTCGGCTCATGCGAAAGAGGTGTTCAACCTTGAGGCGCTCATCGGTCTCGTGGGCGTTACCGTCGCCAGTCCAGCCCGTTCCGATGCTCACGGTGTTTGGGACCATCCTCGCGTACGTTCCTCCGCCCATCACCTTGGGAATCGCCGGTTCGCCCGTCTCTTCGGAGTACACGCTGCAAATCGTCGCCACAAGAGGGTGATCGAGGGGGAAATGCAGCGGCGGCGCGTCGTCGAAATCGGCCACTCGAAAGCCGGGCAGGCACTCGGCGAGACGCTTTTCGCACCGCTCCCGCACCTCCTCGCCTTGCCACTCTACCGGGTATCTCACATTGAATAGCAGCACGAGCTTGCCGAGGTGAGATCTGACGATGCCGAGGTTGGATGTCAGGTCCTCTGAAACCTCGTCGCGGCCATGAATCCCCAAACCGACCCCGGAGATGTGGCACAGATCGAGAAGCGATTCGAGATTGGCGCGCTCTTCTACGGGAGCGATTTCGACGAGAGCTCGAAGCAGTCGCGTCGCTGCGGAATCGCCCCGATGAGGAGCAGCCCCGTGCGCGGCCTTGCCCTTCGCCAATAGGTGCAGGTCATCTTCGTTCCAATGCCAGCGCAGGTTAGC
CP054189.1_gap64	2773180	2774511	1331	GGAGATATGGGTGTGTCAAAGCGGGACCTCCGCAACCGTAACTTGATGGCTCGGCCGCACCGGATGGGCCCGGGCCGAGTTCGCCGGGAACTTCGGCAGGGTTTTGCTCTTCCATCTGTTGGGAACCATCTTTCGGCAACAGGTCTGCCAACAACGCCGGAGATCGGACCGTTGAGTACATTGGAGCCGAGCGTGGAGTTGACCCGTACCGTTGCCGAAGTCCGCACGATTGCCGGGGTTAGACGATTTTTCCGGAGTTTTGCCGAATCCATCTCAAATCACGCCTCCTTCTATGGAAAGAAGGGTGTAGGCGGTCAGTTGAAGATTAGTGAGGGGTGGGTTAATGGCAATGCCTAGCGCATCGAGATCGGACAACGGCAAACGAGGAGTACGCTTGACCAAGCGGGAGATCGAGGTTTTGAGCCTGATCGCCCAGGGTCACAGCAGCAAGGAAGCGGCTGACGTGCTTTTCGTTTCCAAGCGGACCGTCGATTTTCATCTTGCGAATATCTACGATAAGCTGCAAGTGAACAATCGCGTCCAAGCGTTCAGGGCGGCCACGCGACTCGGCTTGATTCCTTTCGAGCCGGTGTTTGGCGTGGGACCCCGCGACTGAACCACCGACACAATCGAATACTGGCAAGACGGCGCTCCGAGGTAACTCGGGCGCTTGTCTTTTTTGGGGATCGGGGCGAGTCCATAATCTACGCATGTCGCAGGAGTCGCTCGGATACGTTTGCGCGGACGACGTGCGTGCCGCAAGGGTCGAGGGATCGACGACGCTGAGGGTCGAAGTGCGGGATCAGCTCTGCGTCCTTTCGGCGTCGATCAAGCGGGCGTTTCCGGGGTCGAACCCGAACGAATACTTCTCTGTGGTCGATGGGTCGGGCAAAGAGGTGTTCTTGCTGCACCGCTTGGAGGGGTTGGATAGTGCCAGTCGGGAGCTATTCGCCGAATCGCTCGACCGAAGGTACTTCACGCCCAAGATTCTGCGAATCGCCTCATTGAAGCAAGATGGGGGGATGTGGCTGTTCGAGGTCGAGACCCAACGTGGCCCGACGCACTTCTATGTTCGGAACTGGCGCGAGAGCGCCCATGAGATCGCCCACGACAAGCTCTTGATCCTCAGCATCGACGGGCAGCGGTACGTGATTCCAAAGGTGAGCGAAATCGATGCGCGAAGCCAAGCCTACTTGGACGAGGTGTATTAGGCGTTTCCTCGACACCGCCTATGCGCCGAGATGCGGCCTTTGCGCGGTGCTCGGCGAGGGCGGGATTTGCTCGGTGTGCTTTTCCGACTTCGAGCCGTTTCCTGCTGGGGATGAAGAAGA
CP054189.1_gap65	2776240	2780899	4659	CCTTGGGGGGTCTGCATGAGCCTAAGGCCGTTGCGATCAAGCAGGCGCAACCCTCCCGACTCTTCCCGAACGGCGTCCGAGGGCGTCACGCCCGGCGCGGCAGCCCCCGAGAGACCTATCCCTTCGATCACCCGCGAAATCAAGCCGTGGGATACGAACGGACGGGCGGCGTCGTGAATGAGGAGTACGTCGGCGTCGGCGCTGAGAGACTCGAAGGCGATGCGGGAGCTTTCCGCGCGCGTCTCCCCGCCGGCCACGACGAAAGCCGCCTCCTGGGCAAGGGCCGCGATCGCGGCGAGGTTGGTTGCGGACGCCACGATGCCAACCTCAGCGACCTCGGGGTGCGAAAGAAACGTGTCGAACGACCAACGCCAAAGGGGCTTGCCCCCAAGGGTCGTGAGCACCTTATCCCCGCCGAACCGGCTTCCGGAACCGGCGGCTAAGAGGGCGCATGCGACTTTCATGGCGGTTCGTCGGCGGGTTTACCCCGGAACCGACCGGAAAGTCAGAACCCCTTGCCGTAGGATTGCGTCCGCTTGCGGGTGTCTCCGCGTTTGCGAGCGAGTTCGGGGTCGTCGTTCTTCCGGTTGTCAGGCTCACCGTCATGTGCGGCCTGGAAGTCGATCTCGGCAAAGATCATCTTGCCGCGCTCGGTCTGGATGACTTGAGTTACGGTAACGTCCACGTCGGTACCGAGGAACTCCTTGCCCCCATCGACGACGACCATCGTCCCGTCTTCGAGGTAGCCGATCCCTTGACCCGGCTGGTTTCCTTCGCGGACGATGTGGAGGTAAAGACCTTCCTTGGGCATCACGTTGGCGCGCATCGCCATCGCGAGGTCGTTGATGCTCAGGACTCGTACCGCCTGAATGCTCGCGACGCGGTTGAGGTTGAAATCGTTCGTGATGATGTCTGCGCCGAGCGCCTTGGCGAGTCGCACCAACCTCGAATCGACCCCGTCGTTGAGATCAGGCGCGAGCCGGTCGTGGATTCGGACTTCGAGCGGGAAGTCCGCTTCGAGATGCCGGAGAATATCGAGCCCCCGCCGACCTCGCTGGCGTCGGAGAGGATCGTGGCTGTCGGCGATGTACTGCAGTTCATCGAGTACGAATCCGGGGACGTACAACTGCCCTTCGAGGAACCCTGTACGGGCGAGGTCGTAAATCCGGCCGTCGATGAGGACGTTCGTATCGAGGATGCGAAGACCCCTTCGACCGCGGCGGGTGCTGCCCTTATACCAGGGGAGGATTTCGGCCATGGAGTTCAGGGCATAAACCGAGAGCGCGGAGAACCCAAGCGTGAGGCCGATCACGGCGAGCGGGATGTAGATTCCGAGGTTGAGCGAATTGAGGAGCAGCAGGAACGGCATCGAGGTGATGATCCCTGCAAAGGTCCCAAGGAACAGGGTGACTCGTTCGCCGGTGTCCATCGTGACCCACCACTCGGCCACTTTGTCGCCGACCAGTACGAACGTCCGCGCCAGTCCCGCTCCCGCGACAAGCCCAAGCACGCCGAAGGCAAGTTGGGTGATCGGTGAGTTCGCCCCTGAATAGCCGAGGTTGTCCTGCTCGCCTGGATTGATGAGCATCGCGACCCAGCGGTAGATGGCATCGAGCGCCATCGGGGACGCAACCGCAAAGGCGACGCCTCCCGCGACCGTCAGGATCACGATGAATACTTTCTGTCTGCGTGACAACCGCTTGATTCCTTAGTTGTAAATCTTCCTTACATTGTAGGCCGCTTTTTCAAAGACTCAAGGACTTCAATTTTCGCACCGTCCAAAAACGTGAACAAGTAGGCATCTTCGACAGAGCCCTGGCTCAACTTGATATGTCCCGGCGAGACTAGGAGTGTGGGCCTCGTGGCATCGACTCCGAACCACCGCTTGCCGTCGAAGACCTCGCACCATGCGTGGTAATAGAATGCACCGTCTTGGTACACGAGCCCGCTGACCAACCGTGTCGGAATCCCGGTTGCCCGCAGGAGCGCGGCTGTGAGGATGGCGTAGTCGCGGCAGACTCCCTCCTTCGTCGCAAGGACTTCCCTTGCGTCTCGCAAAACCCCGATCCCGGCGTTGGGGCTCATTTCCCGGTTGACCCACCTGACCACGGACAGGGTCGCAGAAGAAAGACGCGAATCTTGGCCGATGATGCCGCTCGCCAACTTGCCCAGGTTGGGGTCGTCCGAAGGGATCAGCATCGAGGGTCGCACCCACTTCTGGGCAAACTGCGCAGCGGACGAAATCGTGGCTTCGCTTTCGAGCGGGAACGGCCACGGATGCGTTTCGACGGTCCACGACGAGTCCTCTTCCTTGAGGCTCTGGTGGTCGTCTCCCGGCGCCCGTGAGAGATCGACGCCGGAGATTCTCAGACGCAATCGCCGCAACTCGGACGGGTTGGGTATGGGCTTGTCAGGGACGATGCGGCTGAGGCTCGCGAGGTCGCGGAACTCGCCCCCTTCGCTTGCGGCGAGGGCCTCCTCTCGGGTCGCGGGGATCATCAACATCCCCATCGGGCCTTCGATCTTGATGAGGTCGCCCTTCGCGCTGAGATAAACCTTCGAGACCGCGCGAGGTTCGCTGACTTCAATGAGGGTCGCTTGAACCTCTACGCCGTTCACCTGAGCCTGCACCGGCCCGACGAGCTTGGCGGTGGTCTTGACGAGGGTCACGGTCATGGGGTCGAAAACGTAGTAGGACTGGGATGATCCCTGGCTGAGACCGGAGGTCAGGAGGGCTTGAACTGCGTCGTCGGTGACGGGAGCGTCTTCCGGGAGGTCGAGGGTCTTGGTGGTGAGATTGCCCGAATTGTCCACGGCAACGCGGATTTCTTTGCCGAGGAAGGTGGCTTCTATTGTCTGGGATCGGCCGCCGCTCTCCACTTGAAAGCGCATCGACCGCGTTGCGCCTTTGGCGTCGTTCCAGGTGGAGCCTTCGATCTGAAGTCCTAGGGCCGCGCCGAGCATTTTCGCGTCGAATCGGGTCGTCGAGTCGGTACGGCGAAACACCTCGCCCCCCACGTTCTCTTCGTGAACCGCCGTCCGGACATACCCGACCTTCATCCCCTGGAGGTGGATTGTCAGGAAGGTCTCGTCCGCCCACGTTAGGGAGACCAGAGCCAGGAGAAGGAGGACCCAACGAAGCTTCATTCCGTTCATTGTGATGGCGAACCGTACCCTAGAGACGAACAATGAGGCCCAGGTTCTTCGTTCCCTGCCGCAAAGGGAGTCCCAATGACCCGGCAAAAAAAGCTCTCGAGGAAACCCTTTGAGGGTTTGGGGCGTCCAAACGGCTCGGAACCGGTTGACCGGGCATTGACACAGCGGACCTATGGACCGGTAGCATCGCAAGCGCTCGGCTGACCGGGTCCGCCTAGAGAAAACGGGCGATCAGCCGATTTGCTGGATGAAGCCAAGTCCCCAACCTTCAAAAACCTGAACCATGCCGAAAAAGCTTGTCATTGTCGAATCCCCTGCAAAGGCGATCACGCTTCGGCGGATCCTGGGCGCGGCGTACCGCGTCGAGGCGAGCGTCGGGCATATCCGCGACCTGCCTGAGAACCGTAAAGGGCTTCCCAAGGACCTGCAAAGCAAGTGGTGGGCCGACTATGCGGTGGACGTGGATAACGGTTTCGAGCCTTACTACCAGGTTTCGAGCGGCAAGGAGAAGGCCGTCCGCACGCTCAAAGAAGCTTTGAAGGATGCCCACGAGCTGATCCTCGCAACGGACGAGGACCGGGAGGGCGAGAGCATTTCTTGGCACCTCCTGGAGGTTCTAAAACCTCGGAAGGGAGTTCCGGTCATGCGAATCGCCTTTCACGAAATTACGAAGGATGCGATCTTGCAGGCGCTTCGGACCCCCCGCCCGATCGACGAGCAACTCGTCAAAGCTCAGGAGACTCGGAGGATTCTCGACCGGCTGTACGGATACACGCTTTCGCCCGTTCTGTGGCGCAAAGTGGCGCGCGACCTCAGCGCGGGGCGGGTCCAAACCCCTGCGGTGAAGCTCGTCGTGGATCGTGAAAAGCAGCGACGGGCGTTTCAGACAGGGGAGTATTGGGACCTGCGGGCGCGGTTGGAGTCCCAAGGAATCAAGTTCGAAGCCGACCTTCGCTTCGTCGACGGTTCCCCGGTGGTTTCGGGCACGGACTTCGACGACTCCACGGGGACCGTTCGAACGGAGGGCGCCGTGCTCCTGGACGAGCGCAGGTGCGAAGAGCTTCGCGCGGCGGCGGACCGAGCCGATGGGTGGAAGGTCGCGCGAGTCGAAACGAAGGACGTCAAGGACCGCGCTCCTGCGCCGTTTCGAACCACAACGCTCCAGCAGGAGGCCAACCGGAAGTTCGGATGGACGGCGGACCGAACGATGAGGGTCGCCCAAGACCTATATGAGGGCGTCGATATCGGCGGGGGCGAGCGGGTTGGCCTGATCACCTACATGCGAACCGACAGCCTGAACCTCGCCAAGGAGGCCGTCGAGTCGATTCGGAAGGAGATATCCAGGAAATTCGGAGACGATTACCTTCCTGCCAAACCGAATCGCTATTCCTCGAAGGTCGCAAACGCGCAGGAAGCGCACGAAGCGATTCGCCCGTCGTCCATCGAGCGAAGCCCGGAGAGCTTGAAAGCGGCCCTTCAGGGACTCAGTAAGCAGCACTACGA
CP054189.1_gap66	2792043	2794903	2860	AGGTTTGGCAAGCGTTGATGCTCCGGTCGGATAACCGCAGAATCTACCGCGTGGACTCGCGCGAGTCGATCCTCGCCGTCATGGGCACGATCATCGGAGTCGCCGGAGCGATCCTCGCCGCCATCGCGGCGCTGTCGCTGCTCGTGGGCGGCATCGGGATCATGAACATCATGCTGGTTTCGGTGACCGAACGAACCCGGGAGATCGGGCTTCGAAAGGCGGTGGGCGCAAAGACGGGCACGGTCCTCGTCCAGTTTCTGGTGGAGTCGGCGACGCTTAGCGTTGTGGGCGGGCTGATCGGAATGGGGATCGCTTACCTGTTTGGCCAGGGGCTCGCGCTCTTGACCGCCGCGACGAGTTGGCCCTCGAAGGGTGGATTGCCGGCCACTTTCCCCTACTACGCAGCGCTTGCAGCCGTTGGGTTCTCGGCTCTGATCGGGGTGGTTTTCGGGCTGTACCCGGCAGTCCGCGCCGCGAAGTTGAGTCCGATCGAAGCTTTGCGGTCGGAATAAGGGATTCGGGGGTTGGTAGCGGCGAGTGGACTTGAACCACCGACCCAACGGGTATGAACCGTTTGCTCTACCACTGAGCTACGCCGCCACCCAAGACCTATATTATGGCCCGTGACGCCCCGCCCTGCAACCCGGTGGGGACTTCGGGCGCCCCGGTATCTTGTCGTTGGGCAGCGGGATCGGGGGGTGGGTGGGGACAGCGGATTTCCGTGCCGTTCGTCCGGGAAGGTCGGGATTCACTCCGAATTCTCCGCCCATGTGGAGGTTGTCGCTGCGGCCAGCACCGGGAACGAGACCCTCCACCCGTGGCGGGTGGAGGGATACAAACCTCTCGGCCCGTTGGGCCTGAGGTGCGCGTCTTCGACGGGGAACGTGGTCGAGTCTGGGGGGCGGTTTGCCCTGCGGCGAAATTTGTGGACACCTACTTGTTCTGTCAGGAGAAAATAGGATGGTGTCTCGCCGTAGTTTCAGTCGTGAGTTCAAGTTAGGCATATGCCAGGAGATCGTTTCTGGCTTGCGGTCAAAGGCTCAGGTGTGCCGGGAGCATGGTTTGTCTCCGGGGATGCTGGATCGTTGGGTGGACCAGTTCAAGGTCTTGGGTTCGGATGCGTTTCCGAATTCCGGGCGTTCGGGTTCGGGGATGGTGCTGGACCGTACGAAGGAGCTGGAAGCGCTCGTGGGTCGTCAGGCTTTAGAGATCGAGTTTTGAAGGCCGCACTAAAAAGGGAGGAACTCCGGGAAAAGGCAGCCATGATTCGCGCTCTTCGCCCGGAGTTTCCGTCCCTTTCGGTTCACCGCATGTCCCAATTGGTGGGCATATCTCGCTCTCTGGTGTACGCTCCGCAGAGGCAGAAATCGCGTCCCGAGTTGCTGTTGGCGATCGAGAGGCTGGTGGTCTTGTTCCTGGGTTACGGCTACCGCCGGGTTCGGCGCGCGCTTCAGCTCGAGGGCGTTGCGGTCAGCGAGTATGCAGTTCGCAAGCTCATGCGCGAGCACGGGCTGATGGCGCGAAGGCCGCGCAGCCGCGGGTGACCCGGCCGGGCGCTCGGGATCGCCGGGCAGGCAACCTGCTCAAGGGCCTCAGCGCCTCGGCCCCAACCAGATCTGGGTCGCCGACACCACGCGGGTGCGCACCGACTCGGGGCCGCTCTACCTGGCCGCCCTCATGGACCTGTATTCGCGCAAAGCGGTGGCCTGGCACCTCTCGCGCCGAAACGACGAAGCCCTGGTGCGCGATTGCCTCTTGAAGGCTCTGCAAACCCGCAAACCGAACCTCGGCTGGATTCACCACTCCGACCAAGGCTCGACCTACACCGCCTCCGGATACATGAGGCTCATCCGCGACGCAGGCGGCAAAACCAGCTTCTCCGCTCCCGGAAAACCGCGCGACAATGCCCACATGGAAAGCTTCTTTCGGACCGTGAAGCTCGAAGAAGTCGACCGCAACCGCTATGCGTCCTTCCTCGAAGCCCAAGCATCGCTGGAGCATTTCATCGATGCAATCTACAACCAACAGCGCATGCACTCAAGCCTTGAGTACATGAGCCCCGACCAATTCGAATCTCGCCCAACAAAGGAGGCGCGATGAAGGTGTCCAACAATTTCGCCGCATTTCAGTTCGAGTCAGGCACGGGCTACCCGGGATGGGCCCCTCATCCCCTCGGTCCCCTTCTCCCCCGGAGGGGCGAAGGGGAGGTCTTGGGCCTCGGCTTCAGAGAGAACGCGCCCAGTTTCGGGCTTGTTCTGCAAGGCGGAAGCGGGCTACCTGGGATGGCCCCTCATCCCCTCGGTCCCCTTCTCCCCCGGAGGGGCGAAGGGGAGGTCTTGTGCCTTGACTTTAGAGAGAACGCGCCCAGTTTCGGGTTTGTTCTGGGAGGCGGAAGCGGGCTACCCGGTGAAATGCGGCGAAATTGTTGGACACCTTCATCGCGCCTCCTTTGTTGGGCGAGATTCGAATTGGTCGGGGCTCATGTACTCAAGGCTTGAGTGCATGCGCTGTTGGTTGTAGATTGCATCGATGAAATGCTCCAGCGATGCTTGGGCTTCGAGGAAGGACCCATAGCGGTTGCGGTCGACTTCTTCGAGCTTCACGGTCCGAAAGAAGCTTTCCATGTGGGCATTGTCGCGCGGTTTTCCGGGAGCGGAGAAGCTGGTTTTGCCGCCTGCGTCGCGGATGAGCCTCATGTATCCGGAGGCGGTGTAGGTCGAGCCTTGGTCGGAGTGGTGAATCCAGCCGAGGTTTGGTTTGCGGGTTTGCAGAGCCTTCAAGAGGCAATCGCGCACCAGGGCTTCGTCGTTTCGGCGCGAGAGGTGCCAGGCCACCGCTTTGCGCGAATACAGGTCCATGA
CP054189.1_gap67	2822110	2823390	1280	CCCGGTTCCCATTGAAGGTACGAGACCGCTCCTCCGGCATCGCCAAGCGAGTCCCACTCGGCCATTTCGAGGACCCCGTCGACGAAAGGAGTGAGCATCAGCCTCTCGGGGGTTTCGATTGCGAACGGAGTCGCAAAGGTCTCCTGTCCAACGGAGCTTACCGCAGCAAGCAAAACAAGCGTAGCCAGCATCTCGTCGTAAGGACGGTTCGGAACTGTAGATCGCACCCTGCGAATGAGGCTACGGGACCCTTGGCCGGTCAGATAGCGGCGAACCTCGCGACGACCTCATCGAGCATCGCTTCGGTGAGCTTCCCGGTGAAGGTGTTTTGCTGGCTGGGGTGGAAACTGGCGAGGCAGACTCCCAATCCCTCGACCTGGGCCTCGACCCCGTGAGCAAACTTGGCGGGAGGCCTTCGACCAAGGGTTCGGAAGAGTTCCTTCCAACTCAGGCTCCCCAAACAGAGAACCGCTCGCCAGCTTTGAGTAGCGAGCAATTCCGCGAGAAACGGGCGGCAATTCTCGATTTCCGAAGGAAGAGGCTTATTGCCGGGCGGGGCGCAGTGCGCGATTGCTGTAATGAGAACTCCCTTGAGCCGCAGGCCGTCCGCCGTGTCGTCGCTGGTGGGTTGGTTGGCAAGGCCGGCGCGATGAAGGGCGCGGTAAAGCCAATCCCCCGACCTGTCGCCCGTGAACATTCGCCCGGTACGGTTTGCGCCGTGCGCCGCGGGCGCAAGTCCTACGATCAGCTTGGTTGCTTGGGGGTCGCCGAAATTCGGTACGGGCCGAGCCCAGTACTCCCAATCCCGAAAGCTCGCCCGCTTTTCTTGCCCCACTAGCTCTCGCCATTCGACGAGCCTTGGGCAATTCCGGCAACTCTCGATCCTCTCGTTCAGTCTTTCCGACGGCACGTCTCATTGTGGACTTTCCATCGAATAATGGCGCGACTGCGGGCAATCGGCTCCGATCAAACGTTGTTAGATGTAAGGAAGATGCCGATCTACGAGTACGAACCGCTGGACCGGGACTGCCTGATGTGTTCGGGACGCGTCGAGGTAATTCAAGGCATTTCGGACCCGCCACTGGTCTACTGCCCGTACTGCGGGTTGAGGGTCAAGAGGGTGATCAGCAAGGCGTCGATCGCAGTTTCCAAGAAAGTCGATCCTGAAAAGGCCGCCGAACGCGGGTTTTCGACGTTTCGGCGAGTTGGGAAGGGTGCTTGGGAGAAGGTCGCCGGTCCCGGAGATTCCGACTCGCCCCCGCCCACCGACGCTCCGAAAG
CP054189.1_gap68	2896687	2897187	500	GGGCCGTGGTGAACCACTGGGGGTCTTGGGCGTGTTGGGCGTACCCGACGATCCTCGCCAAGGGTTTGAGTCCTTTCTTCTCGGCGGCGGCCCTTGAAGCGACGACGATCGCCGCCGCCCCATCATCGATCGAGCTTGCGTTGCCCGCCGTCGTAACGCCTTCCTTGTCGAACGCGGGCCGGAGGCTGCCGAGCTTTTCAACGTTGCCCCGCTTCGGCTCTTCGTCTTCGGACACGACCACTGGATCGCCCTTTCTTTGGGGCACCTCGACCGGCACGATCTCCTCAGCCAATGCGCCGTTCTCCTGAGCCGCAAGCGAACGCCGGTAACTCTCGGCGGAAAACGCGTCGATGGCCTCGCGGCTGTAGTTGAGCTCCCTCGCGCAAAGGTCGCCGCAGTTCCCCATGTGGACGTTGTTGTAAGGGTCCCAAAGGCCGTCGTGAATCATCATGTCGACGACCTTGCCGTCGCCCATTCGGAAGCCGTTTCGCGCGGCAGGC
