gap_id	start	end	length	sequence
CP050699.1_gap1	12823	14358	1535	CCTGATCACCGGCTTTGCCCGCTTAGACGGCATGAGCGTCGGCATCGTCGCCAACCAGCCCTACAGCCTCTCAGGCGTGCTGGACATCAACGCCTCCGTAAAAGGCGCCCGCTTCGTACGCTTCTGCGACTGTTTCAACATCCCGGTTATCACCCTGGTTGATGTACCCGGCTTCCTGCCCGGAACTGTGCAGGAGTATGGTGGCATCATCCGCAACGGCGCCAAGATGCTTTACGCCTATGCCGAAGCCACCGTGCCGAAAATCACTGTCGTTACCAGAAAAGCTTACGGCGGTGCCTACTGCGTTATGTCTTCCAAACACCTGCGGGGTGATATCAACTACGCCTGGCCTACCTCCGAGATCGCTGTAATGGGTGCTAAAGGCGCTGCTGGCGTGCTTTACGCCAGACAGGCAAAGGGTACCGAAGACCCAGCCGCCTTTCTCGCTACCAAGGAGCAGGAGTATCAGGATGCCGTAGCCAACCCGTATGTCGCTGCTCGTCGGGGTTATGTGGACGATATTATTGAACCTGCCAACACCAGATTCCGTATCATCCGTGCCCTGCACATGAGCAAAAACAAGCAGGATGTAAACCCGATGAAAAAGCATGGCAATATGCCCCTGTAAAGGAGAGTTGTCTTTTCCCTGTACCACCGTATAAAAACCAATTGCTGCCCTAAGGTGACCGACCAAAATGCGACAGCAATGGGTTTTTATCCAGCTCTGGTCAATTCCCGTGAACTGACCAAAGCTGAGGGGAAAATGTACTTTCTTGAAATTTTTAGATATTGAGATCAACACCCAGGGCAGGAACAGATATGAACGACTCTGAAAAGCAGCAACTCATGGCGGAAGGAGAGATCCTGCTGGCCATAGCCACAGCTGTCCACCTCGAAACCAATTTCCCGGAAGGCAGGCAAAACCTCACCATCAAGGATGACCAACAGTCACCATGGGGCTTCACCGGTAAGCTGCAGCGAATAACCAGCAGAAAAAATATTCAGATCCGGAGCAGAAAGTGAAACAGTATAAACTCGCCATTAATGGCAATCCGTATACCGTAAAGATTCTCGAACTTGCCAAAGATGTTGTTACCGCAGAGGTCAATGGCATCCGGCACACCGTCGCTATAGATGAGATAGAAAACCTGGCACTGTTTGGTACCGGACAACAGCCACCGCAATCTCAACCTGTGCCGGCAGCACCAAGCCGCAAAGCCGGGGAACAGAAATCCACAGCAGCGCACACCGCACCATCACTGTTTGGCTCAGACAATGTGATTGCCCCCATTCCCGGCCAGATTATCGCCATCAACGTGGCCAGGGGACAAGAGATCTGCAAAGGCGAGCCGGTTCTCGTTCTGGAGGCCATGAAGATGGAAAATATCATCACTGCCAAGCGTGACGGCGTCATCGCGGAAATTTGTGTTAGCGCAGGTGAAGCAGTGACCCAGGACCAGGTGCTGATAACCATGGCATAACCTTGCCAGGCCAGGCCTCCACTACCCGCTCCAATGCATAACCTGCTGCAGCCT
CP050699.1_gap2	45772	47500	1728	CAGTCGCAAGACGCGCAGACCGATATAAGCAAACTCGTTCCGGCTCATATCATCAGCAATTGTAAAATCATTCGCCATAATGCAAGCAAGAGCCAGGTCGCCGACTATGGGCGCACCTCAAACGGCACTCCTGTCTATCTCAACCAGGCGTTTGCATCCGGAGATTATAAAATCGTTGTGGGTCAAATAGAACCACATCAGATTGCCGGCTTTACCGATAGTATGTCAGGCATGGTCATCGGATGCAGCAATGCGGCCACCATTGAGCATAATCACAGCCTGATGTTCGACGATAACGCCCGGGTTGGTCTCCTACACGGCAATCCTGTGCGTGAAGATCTGGATGAAGCGGGACGCTTGATCGATGTTGATTTCGCAGTCGATGTTGTTCTGGCCCCCAACAAAGAAGTCGTTGAAATATTGGCGGGACCACCAGCAGACAATCTGGCCAAAGGGGCGAAAATCGCGGCGGATCTATATGGCGTCACTCTTGATGAGAAATTCGATATTGTTGTTGCAGGTTGCGGCGGGTACCCGAATGACATCAGTCTTTACACTGCACAAAAGGGCTTGCATCTCGCCTCCCAGGCAGTCAAGCCCGGTGGACATATCTTTCTGGTAACAGCGTTACCCCAAGGAGACGGCAAGGATATCTATTTTGATTACGTCTCTCAGTTCACAACTCCCGAAGAGGTATTGGCCGATTTCCGCAAGCAGGAATTCAATATGGAAGCGCCCAAGGCCTATCTCTTTGGAAGGACCTTTTGCGAATTTGATGTGGCAGTTTACTCAAATCTCGACAAGGGAATCCTGAAAAAATGCCACCTGCGGGCCGCCAATCCATCGCAGGTTATCGCAGAGTGGCTTGAAAGCTATACGGACACCAAAAAAATTGGCGTAATCACCGACGCCGGGACAACCTATTTTCGCACCTAAAAGCTAGGTCCCGATGGGTTATTGGTAGATGATTGGCGTTGAAATGTAAACGTTTACATTGAGGTCGACCGAGGTCGTGTAACCGGCATTAAGAGCGTGACGTTGTACCCCTTGCGCTCATACTCGGCTCGTAAGTTATAAATTTCTGGGGCGTATTTCTAAAATGAATATGTGGAAAAATGACAAGCGAAAAAGACAAAGCTGAACAATCCAACGTTGGGAAAGTAGGTGTCATTCTATTTGCTATCTCTTTCGGCTTGTACGTACTGAACGTGCTGGTCGGAAAAGCATCAGTTGTTTACGGATGGGAGATTTTCCACCTGGGCAATGTGGGTGAATTCCTGCTGCTGTTCACGGCATCCATAGCATTTATCGTTGCCGCGTTACATTCTGAAGCGGTTTTGAAAAACCGAAAACTAAAAGGGTAGGAGGATATTATGAGTGAGAAAAAGCTAACCGATGGTCCAAAGTCAGTAGAACGCCGCCGTTTCATGGAAATTACTGCTAAAGCTGGTTTTACCGCCGCAGTTGTTGCCATGGGAGCAGGTGTACTCGGTTCCAAAGAGGCCTCTGCTCAGGTTGTCAATGAGGAGAAAGAGCGCCAGAAGACGGCAAAGTACACCATGAATGTGGCCACAGCCTATAGACTCGGCGCGTCACGGACATACCCGATTATGCAGCTCGACTTCAAGGAAAACATCCAGAATGCCACCAACGGTCAGGTCTACGTGAAACTGGCTCCGGGCGGGCAGCTGGGTGCAGGCAGCGCGCTGGTCCAGAAGGTTCAGGCGG
CP050699.1_gap3	56560	61155	4595	AATAGACCGTCGGCGGATGAAAACCATAATCAATCAGGCGCTTAGCAATATCAAGCGTGGTGATCTTCAATTCCTGCTGTCTACTGTCGGAGAAGACACACTCGTGCATGCACGGCTTATCGTAGGGCAGATGCAGGTATGGCTTGAGCTTCTCCTTGATATAGTTGGCGTTGAGTACTGCCAGCTGGCTGGCCTTCTTCAGGTTCTCGCCACCCATGCTGAGGATGTAACTATATGCCCTGACCAACACGCCGTAGTTGCCGTGGTAACCGTGAACCCGGCCGATTGAATCAGGGTTGTCCCAATCAAGACGATAGCTGTTACCATCTTTTACCACATGGGGTATCGGCAGAAATTTTTTCAGCTCTTCGACCACACACACCGGGCCGGCGCCCGGCCCGCCACCGCCATGCGGGGTGGAGAAGGTCTTGTGCAGGTTGAGATGGATAACATCAACCCCACATTTTTTCACATCCACCACACCCATAACCGCATTCATATTGGCACCGTCACCATAGACCAGACCGCCCTTGGCATGAACGATCTCGGCAACTTCCCGGATATTGGTCTCAAAAAGCCCAAGGGTGTTGGGATTGGTGACCATGATGCCCGCAGTCTCCTCATCCATCAGCTCTTTTACCGTATCGATATCCAGTACTCCGTCAGCGCTGGATTTCACCGGCACCGGCTTATAGCCACAGAGCGCGGCAGAGGCCGGATTGGTGCCGTGAGCTGTATCTGGAATAAGGATCTTGGTACGTTTTGAACCTCTTGACTTATGATAGGCGTCGAATATCAGCATACCGGTCAGCTCACCCTGGGCTCCGGCTGAAGGCTGAAGGCTGGCAGCATCAAGGCCGGTGATATTGACCAGGTACTGCTGCAGATCATACATGATCTTCAGGGTTCCCTGCACATATCGATCATCCAGCATCGGGTGCGCTGCGGCAATGGCAGGGTTGGCCGCCTGCTTCTCGTTGATCTTCGGGTTGTACTTCATGGTGCACGACCCCAGGGGGTACATGCCACTGTCAACTCCGAAGTTCCACTGGGAGAGGCGGGTATAGTGGCGAACCACATCGACCTCGCTCAGATCGGGGAAATCGGGACCAGCGCCAACCAGGGCACTATCGAGCTCTGCTGCAGGCACATCGCAGGCCGGAATCGACATACCCTTGCGGCCTTTCTTACCCTTCTCCCAGAGCAGCGGTTCCTTAAAAATCAGACCAGTAGTACCGGGACCATTTACGGGTTCGTGTTTCATCGCGACACCTCCTGAATGACAGCATCGATATCTTCCCTGGTCACCGTCTCGGTGGCACAGAAGAGATAGCAGCCCTTGTATTGCGGATAATATTTACCGACATTGATGCCAGCGACAAAACCCCTTTCAAACAATTTTTCGTAGACTGGCTCAAAATCGAACGAAAAGCGAACCAGAAACTCATTGAAGGTCGGGGAGTCAAAGACAATCTCTGCTCCTGCTTTCTTCAACTCCGCTTTCAGGTACTCGGCCTTACTGTGATTGAGCCGGGCAAGCTCACGCAGACCGGTGCCGCCGAGGGTGGCCATGAACATACCCGCCATCATGGCACAGACTCCCTGGTTGGAGCAGATGTTGGAGGTGGCCTTCTCCCGTCTGATGTGCTGTTCACGGGTAGCAAGGGTTAAAACGAAACCGCGTTTGCCGTCACGGTCAACAGTCTCGCCAACGAGACGTCCCGGCATATTGCGGGTGAGTTTCTCGCGGCAGGCGAACATGCCAAGCCCGGGGCCTCCGAAAGAGCGATTCAGCCCCATGGACTGCCCTTCACCGCAAACAATATCGGCACCACATTCACCAGGATTTTTGATCAGGCCGAATGCCAGTGCCTCGGTAAAGGAAGCGATATAGATTGCATCAATTGCGTGAATTTTCTCGCCTGCTCCAGACAGATCTTCGATCACCCCAAGAAAGTTGGGTGACTGAATGGCGACTGCGGCAAGATCATCCACACCCTCCAGAAGACTCAGGTCGGTGCGACCGTCGTCACCAATCGGCAACTCGACAATCTCGAACTCCGTGGCCTGCAGGTAGGTCCTCACCACCTGGCGATGATGGGGGTGAATACCTTTGGAAACAGCGACCTTCTTCTTTTTCTTCTTGATCCTCAACCCCATCAGCAGTGCTTCAGCAAGCGATGCAGCCCCATCATAGATCGAGGCATTTGCCACATCCATGCCAAGCAGACGAGCAGTCAGGGTCTGATATTCATAAATACCCTGCAAGGTTCCCTGAGCCATCTCAGGCTGGTACGGGGTGTAGGCGGTGAGGAACTCGGACCGGCTGGCCAGAGCCCTGATCATTTCCGGAATATAATGATGATAGCTGCCTGCCCCGACCAGCACCTTATGCTGGGGGGTAACTTCCAGCATATTACCGATTTCGGTCATGTGAGCATCGAGTTGCCACTCGGTCATAGCTTGAGGCAAGGCTATCTCATCATCTCTTCGGCAATCGGGAGGGATTGTGCAGAACAGATCATCCAGCGTCTCTTTACCAACGGCTGTCAGCATTTCGGAAATTTCTTCCTCGGTATGGGGCAGGTATCTCATGGCTTATCCCTTGAGTGAATCCAGGTACTTTTCAGCGGTCATAAGCGCATCATAGTCGCCGCTGTCCGCAGGCTTTATTTCTACGATCCAGTTGGCATAGGGGTCTTCGTTGATCAACTCCGGAGAATCTTCGAGGGCCTCGTTGATGGCAACGACCTCACCGCCTAATGGCAGATAGAGTTCGGAGACCGCCTTAACAGACTCAAGCGATCCGAATTCATCACCTTTTTCCAAGCTGTCACCGACCTCAGGAAACTCCACAAAAACGATGTCCCCCAGCTGATCCTGGGCATAATCGCTGACACCTATCTTAATGGTGTCACCGGTCACCTGTGCCCACTCGTGATCTTCCGAATATCGGACATCGGCAGGCAGATTCAACTCACTTAATTCTTTCATTGGCCATCCTCCTTGAATTCTTTTTGCTTAAAGCATCTCTTTCATCGGTCTGCGCGCGGTTCTGTCGGGACGCACGTCAGAGACAATCTCAACTTTGATTTTCTTTCTTTTACCATCAGTTAAAATAACCTCCGTACCAACCGGGAGATTCTCACTGATCTGCACAAAGCCACAGCTCAGTCCCTTGGGACTGAAATCTGCCGGTTTGCCGCTTTCTTCACTGCTGACGATGGAATAAATTCTGCCGTCTACCCGGCCTATGGCCATATCAGTGGCGCAGGTAAGAATCCGGCCGAGATGGTTCCCTTCAAGATCGGTGACAAAGGTCGTGTCGGCCACCACAATTTTCCGTGGATCGTAGCCGGCAAATGGCAGGGTGTGCAGGTAATTGGCGGTATCGGCAAGCGCATCACTGCCGATAAAGGATTTGGTAAAACCACTACCGTCGTCATTATAGGCTACGGCAAAGGGCCAGGGATTTGCCTTAAAAGGCCACGGCCCTATATCCTGATGGGAAAGCGGCAGAACAGCACCGGCTCTGAGCGAATCACGTGCAGCCAGACCGCAGGGCAGTACCCCAAACTCCTGACCGGCCTCAGCCACAGCCCGCCAGACTTTTACGAAATCATCGATACTGAGGAAAAGTTCAAAGCCGAACTCACCGGTATAACCGGTTCTGGAGAGCATTATGCTGGTGCCATCCACCAGGATTACCGGCTGTTCGGAAGAAATATCGTCAAAGCCACCTTTGAAAGAGAAATAGACCAGTTTGTCAAAAACGGTTTCGGGGTCGGCCAGTAGCTTCTTCATCACTTTGGCAGCGAGTGGCCCCTGGATGTCCATCTTGCCGACACGATCAGTGCGGTCTGTCACCACCGCGCCATATTCGCCGTTATTTTCTACGAGTCTGGTTGCAATCCCGGCTCCCATACCGGCGTTGACCACCACCATATAAGCGGTTTCGCCGGTCTGGTAGACAATGGCATCATCAAGGGTGGTACCATCCTGGTTGAGAAAAATTCCATAAACGCAACGGCCGGTACTGAGTGGATTTTTTTTCAGGCCGACACAATGATCGAGATCCTTGCTGAAGCAGAATTGCAGAAGAGCTCTCGCGTTTTCACCCGTTACGGTTACCACGGCCATGTGACTGGTATCGAATATACCGGCACCGGTAATAACTGCGAGGTGCTCGGCTTTTACCCCGGCCCGATACCAGAGGGGCATCTCATATTGACCAAAAGGTGCTATATTTGCACCATGCTCCACATGCCAGGAATGCAAAGCGGTACGTTTCAATTCGTCCATGTAGATCCTCGGATAGTTGGCCCCGGTCCGGCAGCGCTCACAATCGAGGTGCTAACTGACCGTTACAAGGGCATGGGCAGTTTCAGATTAAAACTTTTATAAACCACAAAGCTTTCTACTGAGCGTACGTTTTCTATAGTGGAGACTTCCTCGGTATAAAACCTGAGCATGGTGAAATCCTTGGTCAGCAGTACGGTTACGATGAGATCGTAGCGCCCTGTCACAACACAGACCGAGGTGACACCCTTCAGCTTGCTGAACTCTTCGCCTTTTTTGACCAGATCCATGTCCTT
CP050699.1_gap4	86647	91102	4455	TTCTGCTTTTCTGTTCGGCACAGCTGTGGCCTGCCTTGTCCTTGGCGCCACCCTGGGTTCAATTTCCATGCTTTTTCCACCATCTGCGGCGTATTGGATGGAATTATCCACTTCTCTCATTCTCATCCTGATAGGCCTTATACTCTTATACGACCCTCACATTCTGCATAGTCACGACCATGACCATGACCACGACCATGCGCATGAACATCATGATCATGCAGGTCATCACCACAAGCACCATCCTTGCGAGCATAAACATCATCACAGCCATGGCCCGACATGCGGCCACGCAGCGAATGGGAATAAACAGACCAGGAAAAAATGGATGGCAGCCAGCCTTTTCAGCATAGGTTTTGTCAACATGATCATCCCCTGCCCTACCGCAGCTGTAATGTATGGTTATGCACTCAACTCGGGCTCGGCATTTACCGCGACCCTCGTTTTCGGCACGTATGCTCTTTCCACCGCCCTTTCAGTAGGACTTGTGATCTATTGTATCTTTCGCATTACCACCATGGCTGGTACATTACAAAAAGACTGGCTGGAACCGCTAATAATGAGATCGGCAGGAGTAATTATCATATGCTTTTCCGGCTACAGCCTTTACTCGTCACTTGCAACCTGAGGTCTTTAAATGACAGTGCCCGGTGAAAATCAGACTGAGCTTGATTATCTCTCTCATCAACTGCTCGAACTTTATGACAAGATCAACTCCTGGGAACACTCCGTCGTCAAAGGCAGCGGCTTGTCACCTTCACAGATGCATGCCATCGAGGTGATTGGCCACAGGCAGGACATGCGGATGAAGGAATTGGCTGAGAGACTTGGAATCACCACCGGAACGCTCACGGTCACAGTCGATAAACTTGAGAAAAAGGGCTTGGTTGCCAGAAAACCCCACCAGCACGACAGACGCTCCTGGCTTATCTCTCTCACTGAAAGCGGTCACCGAATATTCAGACAGCATGATCGCTTTCACCTCGACTTCACCAAGGATATTTCTGCAGATCTCAACACTCAAGATATCGAGACCCTCTCTAAACTGCTCAGCCGTGTTCTGGCACGGATGTAAGACCTGTGGTGGGCAGTCCCACTGATCAGGTTATTACCAGCCAATCGCCTTTGACGGCACGTGATAGGTTGCGAAAAGTTAGTGGCTGGAGCCCAGCAGAGGCTAACGATCCACATCTCACTTCTCACTTCCTTCTTCTTACGGCCCACCTTCCACTCCTTCCCCCTCAACACACTCAACTTCCCGCAGCAAACTGGACTCTGACACATATCACCCCGTTGCTGATTGACATTTCCTTATGGAAAATTGTATGTTTTCTGGGTATTAACCTGACATAGGAACATCCAGGAGCCCCTTGGTTTGACGTTAGGGGGGCCATCCCACAGCCTAGGCTGCTGTAGTTTTTTATATTGCACTCGTCTTCGCAAGGAGCCTCTACACGAGAGGATTATGGAGCAGGGTAACCAGCATACGCAACAAATAATCAGTACGGAATATTTCCGAGACAACCAGATTCAGCAGATCATAAACGACATTCTGCGAATCTCACTTGAACCATATCTGTTCAAGGAGTTGCTTGAGAGAATTCTGCGATATCTCATTTCCAGAGAGCAGCTCCAGCTTGCCCCCAAAGCAGGCGTCTTTGTTGTTGAGCCTGAAGAGAAAACACTCTCCCTGCAAGCCCACATCGGTTTCGCGGATAAACAGATCGCCCGTTGCAACAGTGTAAAATTCGGTTTGTGCCACTGCGGTCAGGCTGCCAGCGAAAGTGATATTCTCTTTTTCAAAGACCAGCCCCCCCTGTTAAAAGGACAGCCAAAATCATTTCCCCGTTACAGGCACTACAGTGTGCCCATTGTCCGCGACAACCAACCCATTGGCGTTCTGGTTCTTTACGTCAAGGAGCTGCATCAACTCAGTGTGGGCATGGAACAATTGCTTGAATCGGTCAGCAACATTCTTGCCACCGTTATCGAAAACCAGAAAATGGATCAGCAGATGGTGGAGCTGGTCAACGACCTGCGGATCTCCATTATCAGCCTGCAGGAAGAGAAACTTTTCTCCGAATCCGTTATCCAGAGCCTGGACCATGGCCTCATCGTTACTGATCTTGCCGGCAACATTCTAAAAAGCAACACTGTTGCCAGACAGATACTTCAACCCATGGCCAAGAGTATCGAAGGAAAAAGTCTCAAAAGCCTGGTAGGCCCCAACCATACAGCCAGACTTACCAGAATTGACACCACTCAGACCGACAGCAAGGAAAACCTGCTCAATCTCCAGGCTCTGAACGGTGATGAAAAAATTATCAGTTATACCACAGCGCCAAGAAAGGATGCCCGGGGGAACCAGGTCGGGATGGTCATCTCCTTCACCGATGTCACAGAACTGAGCTATGTCCGCCGGGAAATGGAAAAAATGAACCGGCTCTCCACTGTCGCCGAAATAGCTTCCGCCGTTGCCCACGAAGTTCGCAATCCGCTGGCTGGCATTAAAATCATGGCCCAGTCCATCGAAGAAGATGCCGCAGACAATGAGCAACACCTCGAATGTTCCCAGCGCATTATTCGCCAGGTCGATCGCCTGAACGAATTGCTGACAGAATTTTTCTCATATGCCAGACCGGTTGAACCCAACAAACGACCAACCTCCCTTTCCGGGATCCTGGCTGAGACCAAACCACTGATCCACAATCGTCTACTCAAGAATTCCATCGAACTCGTCGAAAATGTACCGGAAGAGTTACCGATGATCCTTGCCGACCCGAACCAGATGCAACAGGTGTTTCTGAATCTGATGCTCAACTCGATCGACGCCATCCGGCAAAACGGTGCGATCACAATCAAGGCATGCCTTGTCTCTGGCAAAACTCTCTCCCACTATAAGAAAAAGTTCCCCGGTCTCCTCACTAGCAGCCGCTATGTGCTGATCAATTTCTCTGATAATGGCAAGGGGATGCCGGCTGAGATCGCCGATAAGGCTTTTGAGCCGTTCTTCACCACCAAGAGTACCGGTACCGGTCTTGGCCTGTCCATAGTCTACAGAACCCTGAGAGAAAATGATGCTGTCGTCACTCTTGAATCTGAACAGGGTAAAGGGACGACTTTCTATATGTTTATTCGGGCGGTGAGATAATGAGCACGGTACTGATTGTCGATGATGTCGAGGACCTTCAATTTTCGCTCTCCCTCGCTGTTAAAAAGGAAGGCTACGGGGTTTCTGTAGCTTCCACGGGGCAGGAAGCACTCGAGCAGATGCACTCCTCAGTTATTGAGCTTGTTTTCCTCGATATAGGGTTGCCCGACGGTAGCGGTATCGACCTTATCCCTCAATTTCTGGCCATAAATCCCGATGTGGACATCGTCATGCTTTCAGGCCTGAACGATGCCAAGACCGCTGTCCAGGCGCTGCGGGAAGGGGCTGTGGACTATATTGCCAAACCATTTGATCTGATTGAATTTAAATCGGTCTTGAAACGTTTGATGGAATCGCGGCTACTCGGTAAAAAGGCGCTGCTGGCCGAAACCGAAAATGGCGTTGAATCCATAGTCGGCTCTTCTCTGAAAATGCGACAGGTTAAAGAATCTATCCTGCTGGCCGCTGATGTCGATGCGCCTGTTCTCATTACCGGCGAGACCGGTACAGGCAAAGAACTTGTGGCCAGGTCAATCCACAGCTCCCGGGCCAGACAAAGTGGAGTATTCGTCAAAGTCGATTGCGGCACGCTGTCTGCCAACCTGATTGAGTCCGAGTTGTTTGGTCACACCAAAGGTGCTTTTACCGATGCGGCCTCCGACAAAAAAGGGTTGGTGGAAGTCGCGAACAACGGCACACTCTTTCTTGACGAGATTGGCAACCTGCCCATTGAACTGCAACCGAAACTACTGCGTCTGATTGAAGAATCAATCTTCAGGAAAGTCGGCGGGGTCAAGGATATTGAGGTAAACGTCCGGATCATCGCCGCCACGAACGCCGATATCAGGCAGCAGATTGACCAGGGGGTTTTCCGGGAAGATCTTTACTACCGCCTCAATGTTATCCCACTTGAGCTTCCTCCCCTGCGGGATCGTGGCCTGGACATTCTGCACCTTGCTGAATTCTTCCTGCACAGTCTCTGTAAAGAGCTGAAAAAGGATATAAAGAGCATCGCTCCGTCTGCAAAAGACGCAATGCTGACCCATGATTGGCCCGGCAATATCAGGGAACTCCGCAATCTGATTGAACGAGAAGTCATCTTTTGCAAAAATGACAGACTTGCCCCAGCCGGGTTCACGGCAGCGCAGACTCCCGCCCATCCTGTCCAGGCCGAAAAACTGCTGACGCTGAGGGAAAATGAGCGACACTACGTGCAAAAGGTGTTGGATTTCACCAACAACAACAAATCTAAAGCGGCCCGTATTCTGAATATCTCCCGCACCACATTGCGCGATAAATTGACC
CP050699.1_gap5	100336	103919	3583	TGCACGAACTGCCAGGAAGTTCGGCTGCGCTATAGTCCTTATCGGACGGTCCTGCCCCTGATAGGTGTTGGCTTCGATAATATACTCACTCCACAACTGCTGCCTGCTATTCACAAGCCCCACCTGCTCAGCCGTAAAATCCAGTACCCGAATGTCCTTTCCTAGTGCTGAAAAGGCCTTATTCACCGCCGTAACCGGCGGGCCTCCCGGGATACTCATAATCTGGATCGTACCCTTTCGTATTGCATCGGCACTGTCGTTATAGGTCAGATTGACCAGCTCGAAATCTCCCTTCGCTTCCAACCCAAGCCGATCAAGAATATAGCTGCTGGACCCTGCACTGCCTGAGTGGACCTCACCAAGAGATATCTTTTTGCCGGTTATCTGCTCAAGGTCTGCAACCGTGCCGCTCTGCACGTAATCCGACTGGACTATAAAATGCTCAACATTCTGCCAGAGCATGGTTATCGAGCGTAGGTTTTTCTGCGGACCCTGTTGCACGAACGGACCCTTGCCATCCCAGGCCCATGAGCCGTACAATCCCTGCAGGATAGCGAACTGCGCCTCTCCCTTTCTCATCAGTTGAAGATTTTCCGCTGAACCTGCCGATCTGATGGCTGTGAGCGATAAACCATACCCCGGCTCAAGCTTTACCTTGGTCAGGGTTGCCAAAGCCACACCAACCGGATAGTAGGTACCTGCGATATTGGCTGTGGCCAGCACATATTTCCGCTCTCCCGCCGACTGAACTGACCCTGGAACGATCACGGTAAAAAGCAGACAAGCGAACAGCACACTACAGGTCCATGCCCACCAACCCTTACTGAAACACAATTGCAGATTCATGCCCGCCCCCTCTCAATCGTCCAGATAATCAGTTCTTACCAGACCATGCTTTACCATCTTCTGGTTCAGGGTACGCCTCGGCAGGTCCAACTCTTCCATTACCGCCGTGGCATTGCCTTTATGTCGCTGCAGTGATTGTTCAAGAACACATTTCTCGAAACACTCGCTCTGTTCAGCCAATGATTGCTGAGCCTCCATCACACCATGTGGTTCCGTGTTTCCGAGCAGGTAGGCTATACGATTGTCACCACGTTGCGAGGTAAGCACATAACGCTGGGCAATATTTTTCAACTCCCGCACATTGCCGGGCCAGCTATGGGCCATCAATGCTGTTATGTCGGCCGGTGTCAGCGGATCAATCCCCCGATTATAGCGTTTAGCTGCAAGATCTGAAAAATATTCAAAGAGTAACACAATATCCCGCCCCCTTCTAGACAAAGGCGGCAAGGTGATCCTGGCCACATTCAGCCGATAGTAGAGATCTTTTCTGAGCAGTCCCTTTTCACAGGCAGACTCCGGCTCGACGTTGGTGGCGCTGATTACCCTGATATTTATCGGTATTGTTTTGGTGCCGCCAAGCCGTTCTATTTCCTTTTCCTGCAACACCCGTAGCACCTTGGCCTGCATGTTCAGCGGCATGTTATTGAGTTCATCGAGGAAAAGCGTGCCACCATCAGCCTGTTCGAACTTGCCGATCCGACGGCCGACAGCCCCCGTAAAAGCGCCCGGCTCGTGACCGAACAACTCATTTTCAAAGAGCCCTTCCGGAATTGCGCCACAATTGATAACCACAAACTCCTGGTCAGCCCTCTCGCTGGCATCGTGCAGGCAACGGGCGGTCACCTCCTTGCCTGAGCCGGTTTCGCCAAAAAGGAATACGCTAGCATCGGTCGGCGCAAGCTCCTGAATCTCCTGATGCAGAAACTGCATCGCCTCGCTGGTCCCGAGCAGTTTACTCTCAATGCTGTCCCGATCCTGCTGAAGACGCTTTTTCAACAGACGGTTTTCCAGCACCAGAGCACGCTGTTCCTTGGCCCTGCGCACTGTTTCAAGCAGGATATCCGGCTCAAACGGTTTTTCGATAAAATCGTAGGCACCTTTGCGTATCGCCTCCACCGCCATGGGAATATCACCATGGGCAGTGATCAGTACCACCGGTATCTTTCGGTCAATGCTCTGCACTTCATGCATCAGTTGCATACCGTCGATATCTGGCATCCGAATGTCGCTGACGATGACCCCGTTGAAATTGCGGTCGATTATCTCCAACACTTCGCGCCCGCCGCTGAAAGCCTCAACGTGCAAATCAGCAAGTTCAAGCCACTGACTCATAGCAAGGCGCATCGCCTCCTCGTCATCAATCAAATAGATGTTTTCCAGCCCCTTACTCACTCTTCAACACCTCCAATTTCTCGTCTCATATTATTGCATCCTGCATGTCAGCATTATTACCGAGAGGAAAACTGAGCAGAAAACAGGCTCCGCCTCCATCACCATTGCTCGCAATAATTGTTGCTCCCAGCTCCTGCAATATCGAGTAGCTGATTGACAGCCCCAGCCCTAAACCGTCGCCATCTTGCTTTGTGGTAAAAAACGGCTCGAAAAGATACTCCATAGCATCGGCCGCGATGCCTGCGCCATTATCTGTAACCTGCAACCGGGCTTTGCCGTCACCTGCTGTAATCTCAATATCAACCCTGCCGTCATCCCGCTCTTTGAGTGCATCCATACTGTTCACCAGCAGATTGATCACCACCTGCTCCACCCTGACCGGATGCCCTTGGATAACTGCACAGCCTTTCGGCAACAGCTCAGTGGAGACCGCGATATTCTTTTCTGCCAACTGAGCCGAGAGAAATTGAAGTACATTCTCTACACAGACCACCAGGTCCACCGGTTCACTTCGACCGATATTTTTCCGGGAAAAATTTTTAAGCTGCGCTGTGATTGAAGCCATCCGGTCCGTAAGAGAACCGATCAACGACAGGTTTTTCTTCACCTCATCATGCCTTCCCCGCTCCAGTAAAATAGAACAACTCGCCAGAAATGTCCGGATTGCTGTCACCGGCTGATTGAGTTCATGGGCCACGGCGGCCGACATCCGGCCCAGCGCAGCAAGCTTTCCTGTCTGGATAAGTTCCCGCTGGGTTTCCCGAAGACTCTTCTCGGTCCGCTTATGCTCCTGAACCTCCTTTTGCAAAAGCAGGTTCAGCTCGCGAACAGCCTCTGCTTCCGTGGCTTTTGTGAGTGAAATTTGTTTCGCCTTTCGTTCCCTCAGGTAGAGGACCATCAGAAAAATAATAACCGAGGCGGCAATGGCCGCGATCTGGGTTGCCCGCATCAAGGTCGCCACCGGTGCCAGGCTTTGCAGGTAGTGCAGCCTCCAACCATATTCCGGCAGCTGATTCGATGTTTCCAGATAGGTGTCCTGACCGATTTCCAGGATGTTGCCGAATGCGCTGTTTTGTCGCACCATGGGCAGGACTTCCAACTCTTTTTCAAGATACTGGTTGGTAATGAGCCGTTTTCTGGTTGGTTTTGAGAGCTGCTCTATAGTCCGGTAACGGTATTCGTCACTGGTTGATAAAATAAAAACCCCGTAAAAATCACTCACCAGAATCGTCTCATCACCATCCCGCCAACTCTGCTGCAATGATCCGAGGTCCACCTTTACTGCAACTACCCCAAGCAGGACCCCGTTCTCATAAACGGGAGATGAGATGAAATAACCTGGCTT
CP050699.1_gap6	139104	141312	2208	ATGAAAGGTATTACTGGCTGTTAAAATTGCCTATGCCGCCTTAATCATACCCCTGTTCTGTTCTATATACCTGGGCCAACTCTCTATTGCGATTGGAACGTCTCAAAATCGTCTACGGTCGCAGGGTGAAAAGGAACCTCACAAAACTGCTAGTGCAAACATAGCACATAGTGGTACAGTAACTATAGTTTTTAACTAATTGCTTACACGTCTAAGCATTTACTGCCATCTTATCGTACAAGGAGTCATCATGTGGGGAGCTAACGCAACTGAATGGGGAAACTATTTTTGCAGTTGGGGACCATCTTGGGGCCACGGCCCATGGTTTATGGGTTGGTTATTTCCTCTCCTCTTCTGGGGCTTAATTGCCTATCTGGCAGTTAGCATTATCAGGGGTTTATTTTCCAGCACTCGTTCAAAACAAAATGATAACGCACTTGAAATTTTGAGAAATCGTTTTGCTGCTGGCGAGATAGACGAAAAGGAATATAACGCTCAAAAGGCTGTTTTGAGCAGAAGTTAATTATTTTTGGCATGAACGGAGCATTTTACCCTCCTACTGTGAGGTTACAGGCCCGAGAGGTGAGTGGCAGATTAAGGCTGATCCTGTTGTTTCAGAGGGCAAGGAGGTACAATAGTATCGGCTCCCTGTGATATGCTCCTTTTGCCATCAGCCGTTTTTGGCATGCAGCAGCCGTAGCAGTTCCTTTTCCAAAGACAACCACTGGGCCTCTTCTGTTATTTTCCCACTCTCGACTGCCGCCAGGCACTTGGTCAGCAGGAGTTTGATTTCTTTGAAGTAGGCCAGTTTGGCCTTGTTGATATTCATGTTGTGACAACGTTCTGCAAGGGCGGCTATCAATTCTTTCTTAGGTTCAGATATGCCTGAGCCCGTGAGTCTTGAGTTCAAGTTGTCTATTTTTTCAATGGTGTTTTCCTTAGGTTTACCCATAGCTTTTTTCCTGCATCTGAATCGTCAGTTCCTTCGAAAGAAATAAATCCGGTGGAAATTACGGCGACATAAAACCAAACTGGCCAGAGTAAAATCAAATTCAAACAACTCGATTCGCACTCCTACCCTATTTATCTCTGACCCTTATTCAGCTGTCAGACAGAATAACTGCAGCAAAGCCATTTCATGGCATGGCTTTAGCAACGACTGACATGATCAAAAACCATGGAACTTGTCAATGCGGACTAAGGGTTATCATAGTTGGCTCTGCAGTGAAGACATATGGTTGTCATGCCTATGGCAGCATGAGGCAGGTGTTCTCAGGTAGGATTGTTGATTCTTGGACAGTACCAAGCGCCCAAATTCACACCAATATCCACACCGAACTCATCCCCCCATTGCACAATCAAACTCAGTACCAGGTCCAACTTTACCCAATTGACACATCATCAGTTCATCCCTAGCCTCTAACAAGAGCCAACTGCAGCCGAATATCTGCACTTACGTTTTACGCACCACTGTCGACTGCATCCTGTTTCACAAAGCCAATAAAGAGGAGGTACATATGAAAAAGCTAGCTCTTGGACTACTTGCAATTGCACTTTTTGTTGGATTTTCAACTGCTACCATCAAAGCAGCAGACATTGGCGATACGGCTGCCGATTTTACCGCACAGTCCACCATGGGGGAGATAACCCTTTCCGGGTTTGCCGGAAAAAATGTGGTACTCGCCTTTTACTACGTAGCGTTTACCCCCGTCTGAAGCAATGAACTTCTTGCTTTCCAGCGTGATCTGGAACAATTCACCTCACTGAACAGCGTTATAGTGGGAGTCAGTCCCGACAGCCTTGAAGATCTGGAACGTTTCAAAGATGAGAACAACATAGGTTTTGCCATGATCAGCGACCCTGACAAAACGGTTCAACGGATGTATGAATCAGGCCGCGTCACCTATGTAATCGATGCTCAAGGTATCATTCGCCATCGCCAGGAAGGAGTGCCTGACAACCAAAAAATATTGGAGGCGTTGCGATCCCTTCAATAATCCATAACAATTTATAGCCCATTTGATCTATACTGAAAATTAATACCGCACGTTATCGTAATCAGAACAAGATGGTGCCAACAGATGAGGTTCAGGTTACAGACCAGACGACACCACGAACACCCCGGAGTTATCAGCACAGGAGACCGTAATGGCAGAATTTATCCATAAGACCCTTATCGTGGGGTCAGGCCCCGCTGGGTACACAGCG
CP050699.1_gap7	160723	162581	1858	ACTTCATCACCAGGCTCAGCACCTTTGACTGCAAGGCTTGAAACCCATTTCTATCTAAGATGGCCGCACATTGACAAACGAACCGTGAACCATGTATAGTTTTGGTTAGAGACTACAAAAATATTCTGTAATTACAAGATATTTCAGAAGAGCGACTGAATTGCATCACCATGAAAATTATACTGATCGCCGTCATGGCAACCAACAGGGTTATCGGCAGAGACAACAAGCTTCCCTGGCATATCCCGGAAGAGCTGCACTTCTTTAAGAAAACCACCATGGGACACCCGGTGGTCATGGGACGGCTTACCTATGAATCCATTGGTGCCCCACTGCCCGGCAGACAGAATATCATCGTCAGCAGTAACCCTGATTATACCATTGAGGGAGCCGATACCGCCACCTCACTTGATAAGGCGATAACGTTGGCGGATAATAGTGAGAAGCTTTTTATTCTTGGGGGATACAGAGTTTTTAAAGATTCACTCAAGTTTGCAGACAACATTATCCTTTCGATACTCGACCGCGAAGTTGAGGGAGATATCTACTTTCCTGATTTTTCAGACGACGAGTGGCAGGAGATCGCCCAGGAACGACATGATGCCGGGAAAGAGCCCTTCACGGTTCACTATTACCAGAGGATTCCACCTGCCGCCTGAGCAACCGGGAGCGAATCTTTTACGCGTCAGAATTCGCCTTTTCCCCAACAACCAATAGCCTCCATATCTCTATTGGCCGCTCGCTTTTGCTGCTCCCGACCCGCTAGAATGCCCCAGCTGCCACGCATCCTCCTGATAGTGTCTCCTTCACTGCTGGCCGCCCCTCACCCAGCTGTTGTTTTTCTCGACATATTTCAACTAATTTCCTCCACCTGCCGTCCGACATCATAATCCTCTCAGCTTAGTCGACTTGTTATACCGAGCTCACCAATCTAGTACTTTTTTTACCCTTTTGGATAATTGTTTCTGAATGTGGCATTGCTACAATTAGTTCTATAGGCGGGATATTCTCTACATTCCAATTCACCCATATCCACCCGGAAATTTTTAAATAAATCTCTCAAAAGGTGTATCATGGAAAATTCTTCCCATCAGGCTGGTTCACGAAAACTCTTCATCTCTCTTACCGCCCTGTTCATTCTCACGGTGCCCATTGCCTCCCCGGCATCCGACAACTCGGTCACTACATATGTGGTTGGTGGCTCCAACTCTTTCGACCTGGCCCAGACAGGTGATCTCAACCAGGCCTCCTCCTGGCAAATCGGATTTGGTCAGGATATCAACATCAACCAGCTTGGCCGCGACAATACAGTCGGCTCCCAAGCTGCTCCGGTCGTGCAACTAGGCTTTGATAACAGCCTAGACATCGCCCAATACGGATTCAACAACTCGGTCAATGGCTCCCAGGTTGGTTACAGCAATACGGCGATCTTCGTCCAATACGGACTGGCCAACAGTCTCGACTTCTCTCAGCACGGTGTCGGCAACTACATGGATGCCACGACCCACGGTTACGGTATCAATCTGGATCTCAGCCAGGCCGGAAACGGCAATACCCTGAATGTACATTTAGGCGGCAGCAATATAGAACTGGGAATTTCCCAGCAAGGAGGAGCGACGGCCACGGTAACCGGCAACTGAGGTAGCATCGGGGGCTATTGCAAGGCTCGTAATGAGCAATTTATCTACATCAACAAGGGGGATTAATTCCATGATGAAAAGAAAAATATTTGCGACTGCGGCAGCACTCGCCTTAAGCACAGCGGGGTTTGTCGCAGCATCAGACAACAACACAGCTGATGTCTACAGTGAAGGTGGGTATAACACGGCAACCGTCAACCAGGTTGAGTACAGCTATA
CP050699.1_gap8	187753	188863	1110	CCCGGATAACCGCAACCACCGCATTGAGCCATGGGCAGGGACTCCGTCACCTCTTCGATGAGCGGGTTGACCTCAACCGCAAATTTATGGGCCGCAATGGCCAGGCCTATCCCGAAAAACAGACCGATACAGCCAAGCAGAACCACTCCACCTAACGCTATTTTTATTAATGCCGGATCCATATCACTACTCTCATATTCATCCGTTAATAGTTAACATCCTCTGTCCTAGAACAGCTGCAGACCTGAGAATCCCAGAAAAGCCATGGCAAACTGACCGGCAACGATAAAGGCCATGGGCAGCCCCTTGAAAGTTGGCGGAATGTTTGCGAGCTCCAACCGTTCACTGACAGAACTCATGAGATACAGAGCCAGCAGGAAGCCGCCACCGGCACCCAGCGACAGCATCAGGGTCTCAAAGTAGTTGTAATTGTTGTCAGCCAGGATGAGTGGCACCGCAATTACAATACAGTTGGCAATAACCAGGACCAGATAGACACCGAATGAGTTAAACAGTACCGGGTTCACCTTTCTGAGAATGGTATCCACGGCCTGTACCGTCAGTGAAGTGAGGCCGATGAAGATAACGATCTGCAGAAAGCCGAGATTATACGGCACCAGCACAAACTGATAAAGGAACCATGCCATGGAAGCCGAGATCACCATAACGATGGTGAACACCACACCCATGCCTTTAGCGGTAGCCTTACGTTTTGCCGTTCCGAAAAACACACAGAGACCAAGGTACTTGGTAAAAACAAAGTTCTGGATCAACAACGCCGAAATCATGATCGAGAACAGATAGCCAAGATAAGACTTGGATACCGTGAAGTCGATTATGGCGTCACCCTTCAGGTTTCGTGCCTCGACCACGTGGGTTTCGGTGGTGTTCAGTGGATCTGCAAATTTCAGGGATACTGACTTGCCGTTTGCTGCCACATCCGCCGCAACAAGCTGCAACCTGATATCGGGGTCCGGCTCTTCGTATACCACATAGTTATTTATGTCACCAGCACCGGCATCTGCTGCACCGGCAAAGGTGACGATGATTTCGTTGTCATCACCAAACTTCTTGCCGCTCACAAAATCTGCAGCCTGCAACCAGGCAGGC
CP050699.1_gap9	244921	246320	1399	AGAGATGCCAAGCGTAAAAGCCATCTGTGAGGATGTTCTGCCACGCACCACCGGCAAGACCGCCATGCTGTTCGTCGGCGGATCGCGCGCCCATCATTACCAGGAACTGTTCAGTGAGATGGGCATGAAGACGCTCTCTGCCGGTTACGAGTTCGCCCATCGCGATGACTATGAAGGCCGGGAAGTCATTCCCAACCTGAAAGTTGATGCAGACAGCCGTAACATTGAAGAGATCGAAGTCTCGGCAGATCCCGAACTCTTTAAACCACGTAAGAGTGAAGAAGAGTTGAAAGCGCTTGAAAAATCCGGTTTTGAGTTCAAGGAATATGAAGGCCTTATCCCCGATATGGACAAGGACACCTTGATCATTGATGATCTCAACCAGTATGAGGCCGAAAAACTCGTAGAGCTGTTAAAGCCGGATATTTTCTGTGCAGGCATCAAGGAGAAGTTCTCCATCCAGAAGCTTGGAATTCCGATGAAGCAGCTGCACAGCTATGACTCCGGCGGGCCATACGCAGGTTTCAAAGGGGCGATAAATTTCTATCAGGAAATCGACCGCCTGGTTACCAGCAAGGTCTGGAGCTACATGAAGGCTCCCTGGGAAGAGAATCCCGAGCTGTCAGCTACTTACGTCTGGGAATAATAGAAAAATTGTCTTTTCGTCCAATCTCTTCGTTGTGCTGATGAATTTTATCCTCGACATATAAAGCATATGTCTGCGGGAAAATTCCTCAGCACGCCTCGACCTTGAACGAAAATCCTAATTTTTCGTGGAACTAAGAGAATCACGAATAGGTACTCACATGTTACTACGACATACACCAAAAGAAGTTACAGAGCGTAAGGCTCTGACAATCAATCCGGCAAAGACCTGCCAGCCGATTGGTGCCATGTATGCAGCACTCGGCATTAAGGGCTGCTTGCCGCATAGTCACGGTTCCCAGGGCTGTTGTGCCTACCATAGATCTACCCTGACCAGGCATTATAAAGAGCCGATCTCAGCCGCGACAAGTTCCTTTACCGAGGGTGCATCAGTTTTTGGCGGCCAGGCGAACCTGCTGCAGGCTATCAATAATATCTTTACCGTTTACGAGCCTGAAGTAATCGCTGTTCACACCACCTGCCTCTCCGAAACCATTGGTGACGACCTGCCGCAGATCTTCGACAAGGCGATCAAGGAGAAAAAGGTTCCGGAAGGCAAGACGGTTCTGGGTGCTCCCACCCCAAGTTATGTCGGCTCACATGTAACCGGCTTTTCCAACATGGTCAAAGCCATGGCGGCTCTTGCCCGGAAAAGCGAAAACAGAAACGGCAAGGTCAATATCATCCCGGGCTGGGTAGAGCCATGCGACATGGAAGAAATCAAGCGTCTCGCGGCCATGATGGATGTAAAGAT
CP050699.1_gap10	251330	252317	987	CTCAGCGATCTTTTCCGAATGGAAACTACGCTGTAAAAGATTTTTCAGCCCTGAAACAGTATTATGCAATTGTGATATGATACGGTTAAAGCCAGTTATACCTAGCTTACTCTCTGCACTTCGCCTGGTTATTGCCCTGATTTTTCCGGCAGTTCCTGAAAAATATTGGCTGTGGCTGGTCGTCTTTGCAGCTATCAGCGACGTGCTCGATGGCTGGCTTGCGCGTAAGTGGCAGGTTATCAGCTGGCAAGGTGCTCTGGTCGACGCAATTGCCGACAAGTTTTTCGTGCTGACAGTTCTGTTTGTCTTTACACTTTCAGACAGATTTGCAGTGTATTGGATTCCCCTCGTCCTGGCTCGCGACTTGCTGGTCGCGGCTACTGCCGGTTTTCTGGCTACCAGGGGGTTATGGGCAGAATTCAAAAATACCAAGTCACGCCCGACAGGTAAAATCGCCACAGGTGGTCAATTCATCCTGTTCGTTATCATTCTGGCAGCGCCGACACAAATACTTTCCGGTTTGATACTAGCCTCCACTTGCAGCATTGTTGCAGCTTTTGATTATGGCCTGCTCTTTTGTAAATTTCTCTCAACCAGACATTCGGCAACACCGAAGAACAATACAGCATAAAGTTACTTTACCTGCTTAAGCATTCAACCTTGATTGCAACCCTCTGTCCTGTTGCTACTCCCCGACAACGGAACACATTCAGGAGCGGGCGATGTTTGAAACACTCAGGCTTGTTCTCTTTCTTCTCATCGTAAACGCCTTACCACCGCTGATCGCCCTCCTCTCAAAAGGTCGTTTTTCGCAACCTCTGGACTACGGCAAAACATGGTTGGACGGTAAAAGAATTTTCGGCAGAAATAAAACCATCCGCGGAATTCTGGCCGGCATTATTGGCGGCACCCTCCTCTTTCCTCTTCTTGACCAGCCAATTTCAATCGCCTTTACAGCCGCGCTTCTGGCCATGCTCGGCGATCTCT
CP050699.1_gap11	256935	257555	620	CAGCGTTATCAGAGGCCGACTACACAATCAAAAATCCAGAGGGTGAGGATAAAGGTGTCGAACTGGGCGCCGTTCTCTGGACCTACCTCAACGAATACCAATTACAGTGATATTCGAACAATTCAGTCAGGGTAATTCCCTGCTTCATAGAACAGACACCAGGGTCAAGCTGGTCAGCGCCACGGCGCTGACCCTGGTACTGGCACTGACAAAGAGCTACCAGGTCGCATCGTACGGCCTGGTGCTCGCCACGCTGCTGGTTTTCATGGCCAGGCTGAACCTCAAAAGTGTTTTACTGCGTCTGGCGGTGGTCAACAGTTTTACCATCTTTCTCTGGCTGACCCTGCCCCTGACCTATCCCGGCCAGGCTATTGCCACACTTGGGCCACTTGGTATCAGCGATGCTGGAGTGCATATGGCTTTGCTCATCACCTTGAAGACCAATGGTATCGTCCTGCTCTGCATCGCCCTGCTTGCGACTTCAAACATCGCCGATATCGGCCACAGCCTGAACAGACTGCACTTTCCCGAAAAGCTCTGCCTGCTGCTGCTCTTTTCTTATCGTTATGTATTCCTCATTCATCAGGAATTTCAACGTCTGGTACGAGCCGCCCGCCTCC
CP050699.1_gap12	300342	302181	1839	ATCTGGTGGGCAAAGCCGATAATCTTCGATTCCCTCGCTTGCCTGAACACCTGGGTCAGGCGAAAACAGGGCACAACACCGGAGGCAATGATATCATGTAACACATTACCCGCCCCAACGGAGGGAAGCTGGTCGGCATCACCGATAAAAAGAGTCTGACAACCTTCCGGCACCGCTTTTAACAGTGACGCGGTGAGCGATATATCGAGCATCGAGCATTCATCGACGATCAGGAAATCCGCCTGCAACGGTTGCTCCTCGTTACGTTTAAAGGCTCCACCCTGCCATTCCAGAAGCCTGTGCAGGGTTTTCGCTTCACGGCCGATCACCTCCCCCATACGCTGGGCGGCCCTGCCCGTTGGCGCAGCCAGCAACACCCTGTTGCCCATGGACTCAAGCAGATGAACGATAACCTGGGTGGTGGTGGTTTTTCCACAACCCGGACCACCTGTTAAAATAGCAAAGCGGTACTGCACCACCTGCCGCACCGCTGCCATCTGCTCATCACTGAGCTGAATCTTCTGCTTTCCACAGTAATCAGTAACCCAGCGTTCAACCCGCTTTTCATCAACACGTACCCGGGCCTTCATGGCGGAGATTCTCGCTGCCACGGTTTCTTCATCGTAAAAGAGCGATTTCGAATAGTAGCAGGAGATTTCTTTCCCCTCAGATTCAGCAAGTTTTCTCAGCCTCAGATGGTTTTCTTCCTCCATCTTGAGCAGAATCGAATCGATTCGACCCTCAAGATCAAGGCCAAGCAGTTCCTCAATTTCGGCCAGGATCTGCTGCCGGGTAAGATAGCAATGGCCCTGCTCCCTGCTGGCAGCAAGCACGTGTCTGATGGCCGCTATAATACGCTCTTCGCTATCTTCTGAAAAACCGATACTCAGCGCCACTTTATCCGCCGAGAAAAAACCGATCCCATAAAAATCGTTCGCAAGACGGTATGGGTCGCTGCTCACCGTCTCAATGGCTTTGTCTCCATATTTTTTGAAAATCCGCACGGCAAAGAGTGTTGAAATACCATGGCCCTGCAGAAATATCATTACATCCCTGATCATCCGGTGTTCTGACCAGGCGTGCTTGATCATGTCCAATTTTTTGGCGGCGATACCGCCAACCTCGGTGAGCCGATCAATCTCACCCTCAAATACCTGCAGCGTCTCATCGCCGAAATGGGCAACGATCTTCTTTGCTGTTTTCGGCCCCACCCCTTTAATCAGACCTGAGCCAAGGTACTTTTCCAGGGCTGCTGCCGAAGCAGGTTTTTTTTCAATGGCTTCAGTCGCCTTAAACTGCCTGCCATATTGGGGATGATGGGTCCAGCAACCATGGAACTCCATGGTTGCCCCGGCAAAGACCTTGGTCTGGTGCACTGTGACTGTCAGCTGCTCTCCCATATTCTGATAGGACTGCACCCGAAGCACAGACCACCCGTTGACCGGATTATGGTAAGTAACGCGCTGGACTATTCCCTGGATTTTTTCAGAAATGACTGTCATGGGTTGAGAAAAACATATCAATCCCCATTCGAAAAGTGGAAAGTATGAAAAATGAATCCGATGCCCCCTGAAGCTCAGCTTTAGGAAGTAAGGGGTGAGAGGTTAAGGGTAACAGTTTCGAGCTAAAAAAGAATTCACTGCAACTCGATAAGATGAATCGATAGCGAATTTACTATGAAGCGTCCGGTATCACCCTTCAACACCTTGCCGCCTGTCCTTTGAAAGAGCCGCCATCAGCCCGGATAATATCAACCTGACTCACAGCGTCATCTATGTCTGCGGCACTCATCTCATCCTCACCGACACAGTACAAATCACTATCATTAGCCAGGTGGCA
CP050699.1_gap13	465879	469371	3492	GGGCTGCGGATTGTCAATTATGCGAGGATCAGCCATCAGGATTCCCGAGGTATCGGTCCAGTTTTCGTAGAGCACTGCACCGGCGGCTCTGGCTGCTATTGCCCCAGTAATATCAGAGCCGCCACGGGAAAAGGTTTTCACCTCACCATCACGGTCACGGCCATAGAAACCTGGAATAACGTAAATCTGCTCCTGGTCATTCAGCCGCTCGCCCAATAACCTGTAACTCTCCCTGGCAATAGTGGTATTGGCCCGAACAATGATTGCATTGGCGGGATCAACAAATTCCGCCCCGAGGTAATCAGCGATGAGACGGGCGGAAAAATATTCGCCCCGGGAAACAGTGTAGTCGCGACTACAACCTCGAAGCAGATCTTCCTGGAACTCCTCCAACTCAGTCAGGACACCATTTTCAATACCAAGTTCTCTGCTGATTTCTGTAAAACGATTGCGAATGAGCTGAAATGGCTCCGTGGGGTCTGTGTCCATTGCTACCATCTCATGACAAAGGTAGAGCAAGTCTGTAAGTTTACTCTCACCAGCATGGCGCTTGCCGGGGGCGGAGACAACGACAATCCTACGCCTGTGATCAGCTTCAACAATTGCCTTTACCTTTCTGATCTGCTCTGCATCGGCAACGCTAGACCCACCGAACTTAACTACAATTCTTTCCATTCGATCACTCCGGATATTATCAACAGACACAATCGGCCAGGGGAATTCGCACACTGCAATCGATATCGTTTTCAGTGCAGTATTGCACATTCAACTGGGCCAGGCGACCGTTGTAAGAATCCATAAACATCAACTCGTCATGGGATAACGGATAATCGTCGGGGAAATTCACCGGGCATGCCGATACTTCAATTGCGCCAGCCTCTTCATCAATATAGGCCAGGGGCAGCCCTTGCGTTCTACAAATAACAGGGCGCACTTCGTATACACTGCAAAGTCCATCCTTCAGCAGACTGCAACTTTCTCCATTATTTTCAGCAGTGACGTTCTTCGCTACTGCTGCCTCTGCAACAATGGCAGCTTCAAGCGGCAGTACACTAAACTGGATACAACAGCCATCACATCCCGGCCCACACTTAAGCTGCTTCTGCAATTGTGTGGCTGAAATTTCTGATATTCTCTCATCCAATTCCATTATCAGTTGGATATAGGCATGGCTAATTGCCGGTGATAATCGTTTGAGTCTTTTTCCAATCATACAACACACCTTATTTATCTATCATGTTCATATTCCAACAATCCAGCAACCTGCACCGCCAATTACCAGCACCCACCTAACAACAAAAAGCCCTTGAAAATAATAGCTATTTCCGTATTATCCAAACAGAGGTACACGATCATTTAACCAGCTACCATGCCGCTTAGTTGTATCCGGGCTGATTAGCTTATAGCAAATATGCTCTACTTTGCATCTTAATTCATTCCAGAGGGACCACGAGCATGAAAACTTATCTCCGCCATCCGGCAACAATTACAGCCTTGGTCTTTTTCGGCCTCATCGTTCTCTTTTTGTTGTTTCTCCCACTCGGCAGCAAAATCTACCTCACGCATTGGCTGACAAAAAATGGCGCAGACAAGGCCACCATTGAAAAATTGAATTTCAATCCTTTCAACGGAACACTGACCCTCAATGGAGTCCTCGTCCAGACCGGAGATACGGAACCAATACGCCACGACACCCTCATTGTGGATCTTGGCCTTGGCTCACTGTTTAAGAAAAATGTACTCATTGAGCGCATAACCTACCGTGATCTCTATTTTGAAATGGAACAATATGATGATGGTTCATGGCGTTACGGCTCATACACACTCAAAAGCGACCCTGCAATCAGGAACCAGAGTGCCCAGGAAACTATCGAACAAGCCTCAGCCAATGCTACGCCCTGGGCTCTTGCTGCCGATATGGCTGTATTGGAAAATTGTACCATCCATTTCAAAACCCCTGCACTGGATTTCACAATCAGCGTTGACCAGGCCCTGCTCGATAATTTTTCCACCCGTGGCGGTCAGCCGGACGGTACGCTATCCCTCACCGGCTCGGTGAATGGCAGCCCTGTAACTCTTGATCTCAGCAGCCTGCGAATTTCCCCGGAGTTGTTTTTTGAGGGGAAGATACAAATAGATGAATTTGGTCTTGATAACCTGCAAACGTTACTTCAGGACGTATTCCCCACGTTTGCAGGCAAAGCGGGTATCAACGGGCAAGCGACATTTAGCCTCAATCGCGAAGGCGAAATGGTTGTTGATTACGACGGAGTTATCGCAGGTACGGGTATCGAGATGCGCTCTGAACCGTATTCAAATGCTGTCCCAGAGGTTAACTGGCAAGGTAAGGTCAAATATACTCAAGGGGCAGCCAACCCCATTCTCATAAAAACCGATGGAACACTTACAGCCAATGACATCAGCCTGGAAGTTCCCGCTGCAAGCCTGACCCTCAGCGATGGAAGCCTGAAGAAAACCGGGACAGCAACCATTTCCATAAGCGATGGGGTTGCGGTTGATACTGATGGCGAGCTCAACGTCTCCACTATTCAAATGGCCATTGGCGACATGTCTTTCAATGAGGAGAGTATCGACTGGCAGGGTGTTGTACACTATTCTTCCGGTTCTGAAATACCAATGACTGTTCAAACGGATGGTGTTCTTGAAGGTTCGCAAATAGGTATTCAAATACCGGCTGCACAGCTTGCTATTCCAGCAGTAGACCTCAAACTCACCGGTAAGGCAAAAGTAACGATAGACGATCTTGTAGCTGTCGACCACGAAGGTACGCTCGGGACCAATATCGCCTCCATGGAGTTTGCTCAACTTGCAGCCAAGGAACATCAACTGAATTGGACTGGAAAACTCCATTGGGATTCAGAAAGCGTTGGAAATCTCGCAATCGCAGGAGACGCTGACAGCAATCTCGCCTCCCTTAATACCGGTGGCAGCACTCCAATTTCTATTGGATTTGAAAATATTAATTTCGTTGGATTGCAAGGTGAAGGAATATCGAATTTCAAGGCAAACCAGGTTGTCGCGGACAGCCTGAACGCATCAATTTCCGGCAAAATGCCACTCAACCTTGTGGTAGAAAACACTAAAATTGACGGCCTGCAGCTGAGTGATCTAAAGGATATCACGGCTAAAACAATTTCTTTAACACAGTTCAGTGCCGCTTCAGAAAAAGCCGGCAATAACCTTGCGACGTTTGAATCCCTTAAGCTTGATACTGTTTCAGCATCCACTGCACCTTCTTTTGATACAGAAACAGTTGCTCTGCAAAACATTTCATACCTGCCGGCGACCGGCAAAAGCGGGCATGACTTTTTAAAACTGGCGTCCCTGATGGCCAACAGTATCCACTACGATGCCGAAAACCTCAACGGAACCACTATAAAGCTATCCGACCTTCTGGTAGATATGAGACGCGAGAAGGATGGTGCCATGTACTTCAGTAAACGCATGGCAGATATGCAGTCAGGTACCCCT
CP050699.1_gap14	473193	475812	2619	CTTCCCTCTCGTAACGACGTTGGGTTACAACGAGAAGGCGTTTGAGATCTGATGGATCATCAGGAAGGGTTGCTGTTTTAAACTCATCCCTGCAATACACCACACAAAAATTGTGACAACAGCTATTTCAAGGAATATTTCTATAAATATTAAACTACTGAATTGTACCTAAGCTGCTTGTGTAGTTTTTGCAAATCACGGCCATCCAAGAGCCACTGCAATGCCGTCTCATGAATTTCGATCACCTCTTCTTCGGATTCAAGCCAGCGAAACATATCTGCCTCCAACCGCTTCTGCCAGATGCATAAACCGTTTTGATACCAGTAAAGAATCTTGACCATATCCATTCTACGGTCGCATAAATCGAAAAGACTCGCTGAGAAAAGATCGCGCTCAAACTAATCTTCCACCAAAAGATAGAGGCCGTTTATCGACTTGGGCATATCTGTAACTCCAAGAGCGATGTAGATTCGAACATTTTCCGGAGTCGGAATCATCTAAGCTGCTCCAGAGCTGTCACAACTTTTTTCAACTGCTCAGGACAAATGTCACCGCGAATTTCAAGCTTGAAGCGATCAATATGCAGAGGAAGGTTCGCAGGCGATGTCATAACATTTTGGCAGGATTTGGAGATGGCACGGTAAGTGACTAAAACGTAGTCTCTTTTAGGTTCCTGCCACTCAGTTTGCATTTCCAGTAGCAAAATGTTGCTAAAGCAATGCGGTTTGACTGACAAGAAGCTTTCTGGCTTTGGCTACTTGATTGCCAGGCTCTGATATGTTTTGCTAGTAGTCCTGTTTCTGTTGATGTTTCGGAATGTTGATGTTCACGATGCATACCTCCTTGGCTATGGTGAGGTATACAGGAACATGATTTTATTGGCTTGAAAAGATGTGGTTAACTAGGCGCTTACGGCATATCAGATCTAGTTATAAAGCTTCAGCGTGTTGCCGAGGTTTTCATGGAATGTCACACGATCTACATCCGCCCGGTAGATACTCTCCTGCCGGTTCCCCCTTGAAGTTAGATGATATACCGCGCCTGAATATTGTAGCCTGAGTAGTCTGGTCATTATTGGATATGCAAGCAGAGAGTGGACCAAGATTCACGACCTGCCCCATGTATTCCGGATATTGCTGCTGTTCACAATGCGCACTTCCGTGGACAGGATAGACTATACTGGAACACGAATTTATTGGATTCAAAAGATGGGGATTATTAGCGCTTACATACCGAATAAGGATAGATTGTGTGAGCAAAGCGAACCACAATCTTATCCGTGGTTGGACAAGCACGAACTATAAGAAGGAATTATATTTTTTGAGAAACTTCCCAGAAGTGCAATTGAAAAAATACCGCAATTCTCAGGGCGCACGTATCCCTTCACCTTTGCAGGTGTGTCAAAAAACAAACTCTATTGCATAGAGAGTACAAGTTCCCCCTGCAGTAGTTGGTGGTATCGCCTCGCCAGGATGACCTGTTAACCCGTCCTACGGATGTCCCTGCGGAAACCGATAACCAGCATTGAATTTTTACAGCAAGGGCACTTAAAGGTTGGCCTAGTCCGCGGGGAAAGTAGCGCAGTGATCACGTGTAGTATCATCTGCACTAGAGTGAGTAGCTTTTTTGCATTGCTATGTAGGAAGCCGTAATCTCTTACTCTCCTAAAGCCTTTCGGTAGCACGTGTGTTACTACGAGGTTTAAGAATGCCTCGCCTCGAAGAGTCCGCTGTTTTGTTTCTCCGGTTGTGCTGTCGACATATTTGAATGTGACTTTACCATCCCGATTTTCGATGATGTTTTTTTCGCTTATCACACCACGGTAGAGATACCGTGACAAATATTTAAGAGCTGCCATGCCTTTTCCCGCATAGTCGCAGTGTACCACCCATTCTTTCGGAAGATTTTGCGGTATTTTTAACCCTGCTCCTTTTAACGCATCCAGGAATCGAGCCCGAAACACTTTAGCCAAAGCGTTTCCATTGAACAGGTAATTGTGTTGAGTCTTTTTCCAATACCTACGCCGCCTGTCTATACCACCTCCTGGGATAACAGCATGAATGTGTGGATGGAAATCAAGTGGTCTACTGTTGGTATGGAGCACCATGGTCATGCCGATCTCTGCGCCCAAGTTTTTTGGATTCAAGCCAAAATCTTTCAAAGTCACGGAAACAACCTTGAACATCAGATCGTAAACCGCTTTCTGATTAAACCAGGCTAAAGGCCTTAGCTCTCTAGGCAAGGTGAATGTTGCCATGAAATATGGCACAGGCAGGAGCTTTTGTTGTTGCCTGTCAAGCCACTGACTTGTGTTGTGATTCTGGCATTTGGGGCAATGTCTGTTCCCACAAGACAGGGGGCGCCATTCTGCGTGGTTGCAGTCTGGGCATTGCACATGCAACTCACCTGAAGCAGGTGTTCGGCAGCTGATAATGGCAGTGAAGGTTTTCAGGTGCCCTGGAAGAGCGGTGGAGCCGTAGCTGGAAAGGTATGCATCCAGATATTCTTCTACGATTGTCGCCATTTCCATTTCACACCCCCTCGATATTGAGCTGCAGAGTGTCGTTTAACCTGTTGATAGCTTGCCAGTTATCTTTTTCCGTAACGTTGGTGAGATGG
CP050699.1_gap15	483908	485622	1714	CGGTTCGCCCATTAGTTAAAATATTCAATGGATCCTGAGTAGGCCTTTCAAATTCATTATTTCCTATTAAATCAATCAATTCTCTTTGGGCAGACACTTCATCCCATTTGTTAATATTAAACAACAAGACTCCTGCATTATAATACTCGTTCACGGACACAAAATCTTGTTTCATAGGCGGATTCATGCGAGCAGCAGCAACTATATTCTCACCCAAATCTAGCTTAAACAAATCCGAAATGTCTCGATTTACTACTACATCTACATCAATCCATAAAACTTTATCTAAGGTCGACAATAACGTTGGTATCGCAAATCTATTATAATTTGATATTGTCAGATGCTTTTTTTCTACAGCGCCTTCCATCACGGGTAACGGTCGTAAAAATTCGTAAGAATGCCTCGGATATTTTTCGAATATTTTCTCAATATAGGGCAATGAATACTCTGCACAAGGGCCATCAGTTATAATATACAACTTGTAGAACGTTTGAGGAAAAGCGTTTTCCAACAAAGAACAAATTGTCACACAAGCGGGAAATAAATAGTTCTCATCAAATGATATACAAACAGGGTAGTCAACATTCATATTCAAATCTTTTTTAAAGTTAAAATCAATAAATTCCTTATTTAAACGCACATCCAGTTTGGCCCAAGAAAATTTCCCTATTCCACAAAAACCGTCAACATCTATCGATCATATTTTTGTTCACATTACGTTCGACGATATTCACTGTCACAGGCATATTCCTTTTTGCAGTTCCTCTTATTTATAAATTGTCTAAATAAAGAAACAGAAATCATTTTTTCATATTCACTCAATAAGCCTTCATTCTTCAGATATTCTAGAACATATTCTGAATTATATTCAAAACAGTTCCTATTAACCACAGTCATCCATTGAGACAACTCATTGCAATCCAAAACCGTTCTTTCATTCTGCTTAAAAATCGCTTTTTTCATAAACGGAAAGCCATCAACTATCAAATCTAATGCGTTAAAATTTCTTGCACTATACTTTTCCCCATAAAATAACCCCTTTGAACAATACCCTTGATTGTGTAAAACTTTCGACAAACCATACTCATACTTTGTCACAATTTCATCACGAGTATCAAGTTTGGTTATATTTAACACAAAATCCCTGAAACAATCTGACTCAAAAACATTCTTTTTAAACACTGTGTAAAAAGACTGAATATGCTCTATATCTTTTTTAACAATTTTGAACATTCCCCAAAAATCGCACGAATGATGAGCATCAAAATTATTATATATTTTCTCTATGTTATACAGAGGGCCAAAAACAGAATCGTTACAAAACGTCAAACTATCGTATTTTTTCAGAATATCATTTTCAAGAGCCCATACGAAACCGCGTTTATATGACCCGAAATCATATTCTCCATGATGCTTCGAGATGGATTTTACTGCATATTTATTAATCTCATCAATAGTGTCATTATTGAAATAATTATCAAAGACGACAATGACATCCGAAATCTCGTTAAGTTTATTTAGGTAATGAATTACATATGAATGCAAGATTTGTTTTTCGCTATAACCTGCAAATATTACTAACCGCTTCATCAATGATCACACTTAACGTCAGGGGCTAGTAAAAATCTTATTTGTGATGCATGAAATATCTTGCAAAATCTTCTTTCGAACAACAACTGAGTAAACAAATTCAAATTGACCAACTTTTCTATTG
CP050699.1_gap16	487972	489901	1929	CACTGTAAGCAGGGAACTTAGGAGGAACTCTACCACTGATGGTTATGACGCTGATGCTGCGCAATTATCAACCGATAAAAGACGCCCAGAAAGCCATAAACATAACAAACGCTCTCCTGAAAGTGATCGTATTATTTCCGAATCTGTAGCGCTTGGCTGGTCTTCTGAAGCAATCAGTCAGAGGATGAAAGTTGAATTGTCACCTGAATCGGCCCTATGCCATAGCACTATCTAAACATGTATCTGATTACCACTAAAGTTCAGCCAAGCTCAAAAAACTACACAGGGGTATCACTATATGACCACCCATCCATGTCATAATTCTCTAAAAACACAAAGGGGGTATATGGCATGGGTAAAAGAAATAAGGTCCAATTTCAGCCTGGCGTGAGCGTTCAACGATTTCTCAAGCAGTTTGGAACAGAGGCCCAATGCCGTGAACAGGTTTTTCGCTCCAAGTGGCCTACTGGATACAAGTGCCCACGCTGCACCAACGAAAAGAGTTATTATATCGAAACAAGAGCTCTTTTTCAGTGTGCTGCTTGTCGGCATCAAACCTCTCTACTGAGTGGGACTATTTTCGCTTCATCAAAACTGCCATTAACAACGTGGTTTCTAGCCATCTATTTTGTAAGCCAATCCAAAGAAGGAATACCTGCTTTAAAGCTTATGCGTTTGCTCGGGATTTCTGATCTTGCAACAATAAAGTGGAACCCTAGTTAAGCCGTTTTTTCCCTATCCCACCACTCCTGCTCAAAAAGAGCTGGTGCTTTGTAACCGTTCGTCGAGTGCTTCCTCTGACGATTAAAATAGACCTCTATATAGTTGAACAGTGAATGCTCGGCTTCCAATTTGTCGCGAAATTTCACATGATGAGTCAGCTGTGTCTTCAAAGAGGCAAAGAAGGATTCAGCGACTGCATTGACGCTCCTATGTCAAGAGGTCAAGGCGGCATCTTCCAAATCAGCCAAAATTAATGGGTACAATTCTCTGACAATATAACGTTTCAAACAACGATGTATCTCTTTCACGGATTTTCTTCTGCAGTTCTACGAGCGACATAAACCTGGGTGCGTGGATCACTCCTCATGCGTACCATGGCGATCGTCCAGAGAGCATTGTTTGCAGCTCGGTTACCACCTCTATTCAGGCGGTGACGGACTGTTTTCCCAGAAGATGCTTCCAAAGGGTTAACACCGCACAACGATGCAAGTGCTGATTCACTTCGTAAACGTTCAGGATTATCGCCGGCTACAGATAGCAATATGGCAGCTGTTTGAGGCCCGACACCAAACTGCTTACGCACCCGCGTAGCTGCTTTTGCAGTCAATTGTTCCAGATCTTTGTCTAATAACTTCAGTTCTTCTGTCAAGTATAACCAGCGCTTAGCAAGGAGGCGAAGTGTTGTTGCCAAGGTTTTCGACCAGTTTGTTTCACCCAAAGAACGAAGGCGTGCACAGCATTTCGCACACTCGGCAGCATTTGATTTCCATAATCTTGATCTTATTTCATCTGGCGCAGAAATTAACAAGCCTCTTAGCTGGTTGATTGTCTGTGTCCTGGATTTAACCGTGCTACGTCGAGCAACTGAAATAATACGCATTGCTTCTGCTGCACCTGACTGTGATTTTGGAACTGCACAGTCGGTACCTGATAAAACGGTGCGGGCTGCACTCTCAGCATCTGTTGGATCAGATTTTCCACGAAATCGGCGCATTGAACGATCTGGTCGATTAATTTCCAGAACTAAAACATCCTCCGCAGCAAGATACCTGGCCAGGCCCGCACCATAAGTTCCAGTACCTTCAATCCCCGCTCTTTGCAGGTCTCCAAAAGATCGAGCCCATTTAGCTAATTGTTTATATCCTTTTGAATTAGCTGTAACTGATAAATGACCTAAAAGTTTGCCTACGCTATCAATGACGACTC
CP050699.1_gap17	491433	493774	2341	GTTTGAGTCGTGTTGGTAGCTACGAATCAGCGGAGATGCTTCGCTGGGCCAAACATCACCTGAGCCCTGAATCAGTCGTAGTATCCGATGGGCTTGCCTGCTTCAAAAGCGTTGAAAAAACCGGGCATATACACTATCCGATCAAAACCACAGGCCGATATAACACTCCAAATTTCAGAGTGTTCGATTGGCTCAACACCGTAATTGGTAATGTGAAGAATGCAGTCATTGGCACCTATCATGGCATGAGTCATCGCCATTTACCTAGATATCTTGGTGAATTTTGTTACCGTTTCAATCGTAGATTCAGGCTTCCCTTATTGCTTACATCGTTGATTGTTGACGCGGTAAACTCGGACCCTATTCCTCAACATGTTTTGAGTTGTGCTGAGGATTGGTGGTAATCAGAAACATGTATTTATAACGATAAAGCGCGTGGTGGGAGGTTATTCAGTCGACTGCCAAGGCATGGTAAAAAGCGCTGGAAAGACGGCAAGAGAAGGCATATGGCTGGAGCTTCGTTGATACCTCAACGCCAGGATATCTCTAAAAGACCTGCAATTGTAGACAAGCGCAGTCGCATTGGCGACTGGGAAGGTGACACAGTCCACGGCAAGAAGGGTTACCTGGTTACACTCGTTGATCGAATGAGCAGGTTCACATTGGTCCAACGAGTTTCTAGGAAAACAAAAGGCAAAGTGGCCTCAGCAATGACAGCGTTATTGAGGAAAGTGCCGGAGGTCCGAACGATTACCCTTGATAACGGTTCGGAATTTGCCGATCATTCAACCGTTTCTGAAGCGACAGGGACGGAAATCTATTTTGCCAAACCACTTGCGAGTTGGCAGCGTGGAACCAATGAAAACACAAATGGCAGGATCAGGCGCTTCTGGCCCAAAGGATTTGATATCTCAACTCTGTCTGAGCAGGAAATAGAGGATAGGATTTTATTGTTAAACCTAACACCGAGAAAGGTACTTGGAGGGCTAACTCCTCTGGAAGTCTTTATAGGTAAGAGTGTTGCACTTATTACTTGAATCTAGCTTGCCGAGTTCTAATAACCATCTCACATCTATCGCAATCGAACTCCAGATCATAAACCCCGGTATTATCATTTAAGGTATAGTGTCGATTTGGATTGATACTCTCATCAACCTCAAGACTCTCCACATACTTCTTATTGCTTTTGGGACACCTGCCAAGTTGCGCTTTCAAACAATACCGTGTTCGCATGAGTTCGACATTGCTCCCATCAGCCAACCGAGCCTTGGAAATTTCAAGTTGGAAGTTTTTTACACCATGTCTCGCATAAAAAGCCTTTGCCTTACTGTTTAGAATGTTGTCGAGATAGGTAACAGTATCCGCAAGCCATTTATGTGATGATGGTTTCAGATCAAATGTTTGTGACTCATACTTTTCTTTACGCACAAGAAGATGTTGCTCACAAGCTGCTCTACGCAACTCGTTTATGTCTGAAGCCGCATAAAATGAGTCCTCGCGCACAAAGACTTTCACGACAGCGACCCTGAAAGGCGTCCCCCCGACTTTTTTCATCTGCCGTTCGATAACGCTCTCCATCATCCCCGCCTTCCTGGCCTGCTGCGGTTTCACCTCATGGAGCATTTCGGAGCATATTCCATCTTCATCGACTATTTGGCACTTCAAACCGCTTTCCGTTTCACCCACAGCGAAACTCACCTCAAGGAAACGACAGTTTTCACTTTGCCTGAGCTCTTTTATAAAGGCGGTGTCAAGATTCCTATAAACAACTGCTCCTTTGTGTGGATTCTTACGATCTCGATGAAATATTTTCTGTTCATCTCCCGCACTCTCTGCCCGGTTTGCCTTTACCCCTACCAAATTTCCACTTTCATCGAAATAGCAGAGGCCATCACCATTATGTACTGTGATGTGAGTTGCAATAACAAAGCTGCCCTTACCAGTCAGCACAACTTTTCCCAGAAGCTCTCCAAGCGATTTTGGGGTATCGATGGAACCTGCCCTGTTTCTCTTTTTTGTCAGGAAGTAGTCGGTTTTCCCTCTATTAAAGGACTTGCTTGTATCTGGAGTGAAGGTAAATCGACAGCGGCCCGATGAAAGCTGCTGGAGATTATCATCCGCATCGATAAGCTCATCCAACGCTTTGCGATAAAAAGCCGTAACGTTCTTTACATAATCTATGCCCTTGAGTCGCCCTTCAATCTTGAAAGAGCTTACCCCGGCATCGAGTAACGATTTCAGATGATTCGACAGATCAAGGTCTTTCAACGACAACAGATACTTGTCCTTGGCCAGGATCTTACCAGAGCCATCCTTAAGCGTAAACTTATGCCGGCAAAAC
CP050699.1_gap18	496808	498125	1317	TTCCTGGCGGCTGATGCCGTACTTGGCAGCGATATTTTCTGCCGTCATCCCCATGTGGTAACCGTAAAACGTTTCGTAAAGACCATCGAAAACCATCAGGTCAATCATCTTGCCGTCACCCATCCGCTGTCCCCAGCGAGCGGTGCCAAGACCATACGGCACCCTGCTCATGGATTCCATGCCGCCTGCCAGAATGACATCAGCGTCACCGCAACGAATGGCGTTGGTTGCCAGCGCCACCGACTCTATGCCGGAAGCACACAGCTTGTTCACGGTAGTTGCGCTGGTCTCTTTGGGGATACCGGCCCGGATCATGGCCTGCCGGCCGACATTCTGTCCCTGACCTGCACCAAGCACATTGCCCATGATGACCTGATCGATCTCAATGGACTGCAGCCCGGCATCATAATCGTCATACTGCTGCTCAAGTTCAATCTTCCCTGCACCAGCCAGAGGCTCTGGAGCAAATCTGCTACACTCTTCACTCGTGACTGGTCGAAGCCCAGCGGATTTCAGGGTTTCTTTCAGTACTGCCGCGCCAAGATCGACTACAGGTGTGTCTTTAAGGGTGCCGCTATAGGCACCAATTGCAGTTCGTTTACCACTCACAATTACAACGTCTTTCATTTCCAGCTCCTTTCAATTAAAGATCTGTTTGTACGTCGCCTACCCCTTCGATCCGAGCCGCAAACCACCGTGAATAAATACCGTTTCCCCAGCCATCGCCTCATTGACATATAACTCTCTTATCAATGACACGACCTCCTCCGGCTCTATCAACCTGCCAATCGGCACCTGCTCGATGATTTTACCGATAATTCGCTCGTCTATGCTTTTTACCATGGCTGTGCCCACATAACCAGGCGCTACTGCCATGCAACGAATTTTATCGGCCAGATTTCTCCTGAAAAATTCAGCAGTAAGCACTTTTGGCATCACCGCCATCGCCGCTTTGGACGATGAATAGTTGATCTGGCCTGCCGTGCCCAGAGAACCGGTGGAAGATACCAGACATACCAGACCTTTCGAGTTATGGTTCACCATCTGCTCAACACATTCACGAACCGTCAGAAACACCCCTGTAAGGTTTATATCTATGACCCTCTGAAACTTCTCGAGAGACATTTTGCCCACCACCTTACCCGTTTCCCGATCAGTTTTTATCATCAGGCCGTCTCCGGTGATTCCGGCAAAAGGAGCCACCAGATTAATCGCCCCAAAGCGCTCAATGGCAAACTCGGCAAGCCTGGTGTTATCTTCCTCTTGAGTGACATTGCAGATAATGGAGGCAACGCCGTCGCCGATCTCTTTTAACTC
CP050699.1_gap19	512015	513684	1669	CTGGAATGCGTCTGTTCCGATCAGGGATGTCGGAACCTGACCAGTGATACAGACCACAGGGATTGAATCCAGGTAAGCATCTGCGATTGCGGTCATAATATTGGTCGCTCCAGGGCCGGAGGTGGCAAAACAGACAGCGGCCTCTCCAGTGGACCGGGCCATGCCCTGGGCCATAAATCCCGCCCCCTGTTCATGGCGTGCCAGGACATGGCGAATTTTTCTTCTGGAATAGAGGGCATCGTATAACGGCAGATTGGCGCCCCCCGGAATACCGGAAACTGTTGTTATCCCCTGTCTCTCCAACAGACGAATGATTAACTCCGCTCCATTCATGGTTTGCATTGGTGGGTTCTCCTTGTTCTGTGTCGGCGCTTGCGGCGAGGCCAAAAAAAAACCCCCGCCGGCTTGCGCCGACAGGGGTTTAAGTTACTATTTCTACTTATTTATTCCCGTTACGGCGCTGCGCCCTCCACTTTACGCACCACGACCACCACACTCACAAGAATAAGTGCTAGAGCGAGAACAGAAACTGCGTTTACGCTGTTGGTGAAGTGGTTCATCCGTAAAAAGTCCGTAACAAGATTTAAACTCAAATGCTATTGATAGTATTCCCGTTTATCAAAATTCAATAAAGCCGTCAAGAAATAAAAATTACCCTGCACCTTGAATTTAAATAATTTTTCTTTGCCTGTACTCCACCTTTTCATTACTTTGTTTGGTGTTTTGCACACTGTTGTTTTTTATCTTCAACCACCCCTCAAAGGAGTCACCCATGATTCAATCATTCAATTTCAAATCAACTCCATCCCTGATATTCGGGGCCGGCAAGATCATGGAACTCCCCAACCTCCTGGGACAATTCGGCAAAAGATTACTGATCGTGGCAGGCGGCTCTTCTTTCACCTCAGGACCCGTCTGGCCGACACTGGAGATGACACTTATGCAAAACGGATTCTCCCTTGCCCTCTGCAGGATAGACAATGAACCAACCCCGGCAGATATCGACCAGATATCCGACCAATACAGAGAGGAAAACATCGATGCCGTTATTGCCATTGGTGGCGGCAGCGTTCTGGACACAGGCAAGGCGGTCTCTGCCATGCTTGCCGAAAACGGATCAGTCGCAGATTTCCTTGAGGGAGTCGGTACCAGAAAACCAAGCGGCCTAAAAGTGCCGTTTATCGCGGTACCGACCACCTCCGGTACCGGCAGTGAGGCAACCAGCAATGCTGTTATCTGCAGTGTCGGTCCTGAGGGGTTCAAAAAATCTTTGCGGCACGATAAATTCATCCCTGACCTTGCGCTGCTTGACCCGCAGCTTACGATTTCATGCCCAAGAGAACTCACCATCTCCTGTGGCATGGACACCTTTTCCCAGCTTGTCGAAGCGTATCTTTCCACCAATGCGTCTCCCATTACCGATGCCCTGGCACTTACCGGAATTCGCACCGTTATACAATCACTTCCCCAGGCAATAGCAGACGGCAATAACCTGGAGGCACGCAGTGACCTTTGCTATGGCTCCTATCTTTCAGGAATTGTGCTTGCCAATGCCGGGCTTGGTACCGTACATGGGTTTGCTTCAGCGCTTGGCGGATATTTTCCGATTCCCCATGGAATTGTCTGCGGCACGTTGATGGCAGCTGCCAACATGTCTGCCCTTGAGCAA
CP050699.1_gap20	562154	564883	2729	AGCGGCAGGAATAATGCTGAAAAGGCTCAACAACTACAGATACCGGCAAGGGTATATTCTCGGTGCGATTTTAATCCTGGCCGCAATGTACCTTATGCTTTCCTACCAATACGCTTTCACTTCCATTCGGGTAACCCTCGTGGCCTTTATTGTCACTGCAGGTGCTTCCGCTCTCTGGAACATTATAAAACCTGTGGCTGAGGTCACCCCCCCACAAAAAGACAAATCTAACACGACAGGAGGTTCTCAATGAAACGTCTGACAACACTTCTCTTTGCCGCACTGGCGGCCATACTGCTGGCCCTCACCCCGGCTGTAGGTGGAGAGGTCAAGTTTATGGAAATTGACGAACTCAAGCAAATGATCGGCTCCGATGACGTAGTCGTTCTCGATGTTCGGGCCGGCAGGGACTGGAGCACCAGTGAATTTAAGATTCAGGGCGCCATGCGAGCCGACGGTGCCGATTTTGACAGCTGGGCCAACACCTACCCTAAAGAGAAAAAGCTTGTTCTCTACTGTGCTTGACCCAATGAGGCCACAAGTGCCAGTTTGGCACAAAAACTGATAGATAACGGTTATACAGAAGTCTATGCCTTAAAGGGCGGATGGAAAAGCTGGTACCGCAGCCAATACCCGGTTGAACCGAGATAACTTGAATCCCACCACCCCAGGCAGCCGATGCCCGAACTGATGAAAACTTCAAGTGAGTATCGGCTGCCTGAACCGATGAGAGCCTGCTGCTCGTCAGGTAAAAGCATAATAGCGCAGATAAACATATATCATCGCGATAAAGACGGTCACAATGGTTACAGGAACACCATAGGCCATAAAACGTAGAAAGCTGATCTTCTGACCAGCTCTTCCCGCCATCTCCACAATTATCACATTAGCGGATGCACCTATCGGTGAGCCGTTACCGCCCAGACAGGAACCAAGTGCAAGAGACCACCAGATCGGCATAAGTTCCGGATGCTGCAGCAGCGCTATTCCGCTTTCCTCAGGCCAGAGTTCTCCTGCCATATCAATCACCAAAGGATTCATGGTCGCCACATAGGGAATATTATCTATCACTGCCGACGCTATCGCCGAAAACCACATGATCAGCATGGAGGTCGAGAGCAGATCTCCCCTGGTAAGGTCAAGCATCTCCGTAGACATCATCTTGATCGCGCCGACTTTCACCAGCCCACCCACCATAATAAACAGGCCGATAAAAAAGAATATCACTTGCCACTCAACTTCTGCAAGCACCCTTTGTGGTTCTGAAGTACCAGAAAGCAAGAGGAGAACTCCCGCACCAAACAGGGCCACAGTGGCAGGTTCGTAATGAAATACGCCATGCAGCATAAATCCCAACAGCACAAACCCCAACACACAGAGTGACTTCTTCAGCATCAGCGGATCCTTGATGGCATCTGCCTCATTCAGATTCATTATGCGTTGCTTCAATTCCTCCCTGGTTTTCAAACTGTTGGCAAACACAAGCCTGATGATGAACAGGAAACAGACCATGATCACGATGATAATCGGGGCAAGGTGAATGATAAAATCCATAAAGTTCAACTTAGCCCTCGAAGCAATCATTATGTTAGGCGGATCGCCGATAAGAGTGGCAGTGCCACCAATGTTTGAAGAAAGGGCTTCCACAATCAGGAAAGGGATCGCATCCACCTCCAGGGCATCTGCAATCAACAAGGTAACCGGGGCCAGCAACAGGACTGTAGTGACATTGTCGAGCAGGGCGGAAAAAGCCGCAGTAATAACTGCAAAAATAATCATGATCCTGAGCGGATCTCCCCTGCCCAGTTTTGCACTTCGGATGGCAATGTACTCAAACATTCCTGTGGGACGCATCAGACTGATGATAATCATCATCCCCACCAGCAGGAAAATCACATTCCAGTCAACACCAAACTCCTCCAGATGAAATGCCTCATGTTGATCGAGGATTTTTAGAACCAGAATCAGCGCAGCGCCAAATATGGCTACGACAGTTTTATGGATTTTTTCAGAAATTATGACCACCAGAGCAACCGTGAAGACAATTATGGCAACCCAAAACGACGCGTCCATCGCAAAGGCTTCCTGTACCGCTCCACTTTCCATGGCTACTCCTTGGCCGAGGACATTAAATCTGAAATTTTCTCATACAGATCATGAATATAGAGTATGCCGACAACTCTCCCTAAATCATCTACCACCGGGATACGCTGCAGAGAATTGTCGATCATGAGATCCGCACAGCGGATAAGTGAATCATCCACTTTGACGGTTATCACATTCCGCGACATGATATCCTTCACCTTCACATTTTTCACGCGCTTGACATGGTCCTCGAACATCCCTTCCCAGGTGAATTCCCGAAGGATGTCCTCCATATATGAAGGGATTATTGCTCGTATGATATCCTTTATGGACAGCACACCAACAAGCTTTGTGCCATTCTCAAGTACGACCATTCCCTGCACGGTTCTCCCTTTGTGGCTTGCCCTGGAAAGGCGAACCACCGCTTCCTGAAGGGTCATCTCCGGTTCCAGCCAATTATCCTTGATAGGCTCGACCAGTTTTCGTACATACATTTTTTCACCTCCGGAAGTACATCTCAGCATCTTTCATTCTATCGAAAAAATGCATTTTCCTGATAAAATCCACTCTTCAAGGGTAGGTGAATTACCCTGAAAACTCAAACGCATTTCTACGCTATTTCACCAATAAGAAGCGTGTACCAC
CP050699.1_gap21	568909	570500	1591	GCAAGGGAAGCGGCTTTGGGAAAATGCCATCCAGAAAACCAAGGACCCCTGGGGGCGAACCCGGTACTGGATCGGTGGCGGGACTCCGGTAAAGGAATCCGGTGAGGACACTGATGTAAAGGCCATTCATGACGGCTATGTATCCATTACGCCCATCCACCTTGACTTAACCCACCACGAGGGAATTCGTCATCTGGAATCTCTCTGGTTGAACAGCTGATCACCTCCAGAACAAACACTCATTCCCAACGAGCTTCCAAGCAATTCGAAACAACAACGAAGGTCAGCAGTTACCACACAAACTTGCAGTACGTTGACAAGGATGGTCGAATCAGGTAAACAGAGCAAAAATTCAACATAGAATATTTTGCAATTTGCTTCAGTTATCCCGCCCTCCTTCAAGGACGCTTGAAGTGGCACAACCTCCCCCGACATGCTCCAGGTGCCAGGGACTAAAAAGCACATATGTTTGGTAAGAAAAAAACCCCTCCGTTGAATATCCTTATTCTCGGTCTTGGTGGTGTTGGTTATTATCTCGCCCAGAGACTCGCGCACGAAGAATGTGCCATCACCGTCATCGAGCCCGATTCAAAAATTCTTTCCCAGGCCAATGGCCAGATAGATGCCAGGCTCATCAAGGGCAGCGCACTTGATATGAGTTGCTGGCAGGAAGCTGATGCCGGTAAGATGCAATGCCTGATCGCAGCGACCAATAACGATGCGGTCAACATGCTCTCATCCGTTATTGCCGACAAATTCGGTATCGATCGTAAAATTGCCAGGGTGCGAAGAAGAGATTTCGGTAAAGAAGACTCGATAATTACCTCTGAGGATTTGAAAATAGATCTCCTGATCAACCCGGAAGAACTTGCTGCCCAGGAAGTGGTCAGACTTATCAAGTTGAATTCCGGCAACGAGATCATCGATATCGCTGCCGGAGAAATTCAGCTGCTGGCGGCCGAAATCAGCGCGAAGTCACCTTTTGCGCATAAAAAACTCAAAGATATCGCCAGAGAATTCAATGAATTCCCGTTCCGTGTCGTAGCCATAGCCAGGGATATCCGCACCATAATCCCCAGTGGCGACCAGGAGCTTTTACCGAATGATCAAGTTTTTATCATGGCTGTAAAACGCGATCTGCCAAAACTGATGAAACTGACAGATGTCCATCTGCATCGTCAGCAGAAAGTGATGATTCTCGGCGGCGGCCTGGTTGGTGAGCGAGTTGCCGAACTATTGGAAAAAAATGTAAAAGTCACCTTGATTGAGGCCGATGAGGATCGTGCGGACCAACTCTCATACAGTCTGGCCCATACCGAAGTTCTCCATGGTGACGGCTCAAACAGCAATGTACTGGTGGCCGCCGGCCTGCTCAATGTCGACACCTTCATCGCCACAACCGGTGAGAATGAAACCAACATCATGAGCTGTCTGCTGGCCAAAAACCTGCTCCGACAGAAAAAGGAAGAGAATCCTGACCAGTTTGAAGCCAGGACAATCTCGCTGGTAACTAAAGAAGACTACCTGGTTCTCGCCCAGACCACAGGCTCTAATATCGCCCTGAACAAGAAGGTGATGGCGGGTAACGAAA
CP050699.1_gap22	645802	647752	1950	CCGGTGCCAAGGCACCTGCGGTTATCAGCCGCGAAGACCTCAAATTGATGCGCCCAAATACTGCACTGGTGGACGTGGCAATCGATCAGGGTGGCTGCTTTGAGACCTCCAAAGCGACTACCCACTCCGAACCGACCTACGTGGTTGACGGTATTGTCCATTACTGTGTTGCCAATATTCCTGGTGCGGTACCGATGACCTCAACCATGGCCCTGACCAACGCCACCCTGCCGTATGCTGTGCAGATTGCCAACAAGGGCTGGAAAAAGGCCTGTCTGGAGAATGAAGAGATCAAGCTGGGCCTCAACGTCCATGAGGGCAAGTTGACCTATAAAGCTGTATGCGACGCCTTTGATCTGCCCTACACCCCGGTGGAGGAAGTGCTCGCCTAACCCGAGTATTTGCTGTTCTCCCAACCGGTCCCTGCCGCTGTTCACAGGGGCCGGTCAGCAAAACGAGCAAAAGGGCCGGAAGAAACAATCTTCCGGCCCTTTTGCTCGTTTTACACTTGTAAACATCTGGCTTGTCACACCTGGAGGCAAAACACTGGTCAACGCTACAGCGAGATCACCTCACTGTTGATATTATACCGCTGGGCTTTCCTGACGATGGTCGACTGGCTTGTTTGCAAAAGCTTCGCTGCCTTGTACGTGCTTTTGCCTTCAAGCAGAGCCTCCCGTATCATTCTCTCTTCCAGCTCTTCCACAGCCACTTTGAGGCTTTTCGGTTTAAATGCTTTCACCACTGATGCTGCCTCTTCGGGCATCAACCTCATGTGGTGGTCGGGCAATTCATCAACATCTATCAGGTTATTTTCGCTCATTGCCACCAGCAACTCTATACTTGCCCGCAGCTCCCGCACATTGCCAGGCCAACGATTATTCATCAGCAAATTGATCAGGCCTATGGACATAGTCTTGTACAAACCGTACTTTTCGTTTGCCTGTGCCAGAAAATGGTTAATAAGGCTGGGTATATCTTCTTTTCTCTCACGCAGGGGAGGGATGTTTACCACCAGCACTCGCAGCCGGAAAAATAGATCTTCCCGAAAAGTACCCTCCTCGACAAGCGAGGTCAGCTCTTTGTTGGTAGCCGCAATTATCCGTACATCAGGTATGAATTGTTTGACCCCGCCAAGACGTCGATAGCCGACTCCATCAAGCACGTGGAGCAGCTTCACCTGCATCTGCAGAGGTAGTTCCGCAATCTCATCGAGAAAAAGAGTGCCATTTTCGGCCAGCTCAAACATACCAGGCTTACCCTTCTCCGAGGCACCGGAGAAAGCCCCAGGCTCATAGCCAAACAGTTCCGCCTCCAGGAGATCAGCTGGGATGGCACCGCAGTTAATGGTGATGAACGGGTCATTCCTGCGATTGCTCAGATCGTGAATATTCGTGGCAGACATGGTTTTGCCTGTGCCCGTCTCGCCCAGCAGCAACACAGGTGCATCCACCTTGGCTGCCCGTTCTATGGTGCGCTCAAGATGAATAGCCGCAGAGCTCGTGCCACGATGATCATAATTCCTGCTTTCGATATTTTTCAGCTTTTCACGGTACAGCACCGCCTCCTGCTCTGCCCGAACCAGGCGGGACTTCAGAGACTCCATCTCACTGATATCGCGAATACAGGCAATCACCCGCCACACTTTCCCCTCAGCGTCAAAAACTGGCGTCGAAGTATTCAGGCAGCGTACCCCATCGGAATAATCGTCGAACATCGTCACAGGCTGGCGATTTTTCAATGCCTCCAGGGTAACACAGGTAGAAGTCAGCCCAAGGCTCACCGCTTCGGTGACATGCTTGCCAACAACCTCCTCCGCTTTTACCTGGGCAATGCGTTCCATCGCCTTATTCACTTTGATAGTCACGCCGTTGCCGTCAATTACCCAGACACCGTCATGCATATTATCGAAGATTATCTCCAATTCCTTGCCGGCAGCGACCGACTCCT
CP050699.1_gap23	654409	655015	606	CTGCCAGCTCACGGGCGAGAACAGCGTGGCGACGTGCCCAGGTAATGATGGCATCACAGACAATAACGATTGACTCAAGGAACGGCTTTTTCTCTACATTATCAATCGGTGAGAGTGGATCAAGCGCCTCCATCTTGTCCAGTGCTTCCTGCTTGATACCACCAAAACCTCTCTTGAGTATCTTCTCGTAGTCATGTACCCACTGGATGGATGAGCGGAAAGAAGAAGTCTCGTTGACGATAAAGCGGGAAGCGAGCCCTTCAGGGTCGTCGTAGCTCAGCTTGTGGACTTCCGGCGGAAGTGCGGCATTCAGCGCCTCGTGGTAGGTCTTACCCTTCCAGTATGGTGCGATCTCCTCAACAACAATTTTTGCGTCTTCTTCAGAGATTGAAAACGGAGACTCGGTACGGCTCGGCAGATCCTGTACAGCAACATCGAGGAAGTCGCCATCAAGCTCAGGGTAGAGCAGGCCGTAACGACCCTTTACGCCACCACGCCCGCAGATCAGGTTATCTTCATCAATATATACGGTGATGTTTTCTGCAACATGCTTCATCGCCTTGGCCCAGCGCAGGCAGAGCATCTGACCTTCGGTTTCCTGCATGG
CP050699.1_gap24	656651	659722	3071	CCTGAAACAAGCGAAGACCCATCAGGCCGAAACCAAAAGGCAGAATCAGATACGGAATGAGATACGACATTCCTGTGCCGGGCGCGACCTGGGGGAATTCCCTCAACATATATATATTCTGAAGCCCCATGTAGAAAACAACAGCCACCAGGGCGAAAAAGCACAAATCAACAACGATCCAGCTAATACCCTGGAATCGCTTAGGCAATCTATCAAAAACTATATCAACACGGATATTCTGTCGGGTCTTAATGGCCAGCGGAATTGCCAGATAGGAAATCCAGATAAAAATAAATCGCGCCAGTTCTTCGGTCCAGATAGCGCCCGCCGCATTGGTAGAAAAATGGGCACCGATATAGCGATAAAAAGTCTGAAAGGTGATTATGAGAATGATTGCAAGCATACCGCTAATCAGAAACGGTTTCTCGAAATTCTCATCAAGCCAGTTCAGAGCGGCGGTCAGCTTGTTTGGATGTTCTTTAACAGCCTCTCCGGCAGTTATATGAGCGTTCATGGCTTCTCCTCAATTCTACATTTTCGACGCAAAATCCCGGCAGATGCCTAAAACAATGCACCTGCCGGGATTAGGGAAATACTCTTTTCTTTACTTCTGAGTAGCCTGAACAAGCTCCATCAGCTCAGCAGGAATCTGTGGGGTAAACTCGTCCCATACTGCTCTGGTTGCCTCTACAAACTCTGCACGCTCTTCGTCGCTCAGATTATGAACGGAAATGCCCTGATCGGCAAAGGCCTGGGTGGCCTTTTTTTCGAGGTCGGCAGTGATGGAACGCTGATAATCGAGTGCATCCTTACCAGACTGCACCAGAACTTCCTGAATATCTGCCGGCAGAGAATCAAACTTCCTCTTATTCATCAGCAAGATATGCATAGAGTAATTATGCTCAGAATTAATCGCATATTTCAGAACTTCAGTATGCTTCGCGTCATTAAGAAGAGAGAAGGTGTTGCCCTCGCCCTCGACAGTGCCCTGCTGAAGTGCAGTGTACACCTCACCCCAGGCAATAGGGGTTGGGTTCATACCGAGCTTTGCTGCAACAGCCACCTCAACAGGGGAAGCTGTGGTACGAACCTTCATATTACTGAAATCACTAAGACTTTTTATTTCTCTGTTGGCTGAAACAAAATTACGGTAACCGTACTCGCTGTACATGATTGGCTTCAGATTGATGCCTTCAAGCTCCTTGTCGAGGAAGTCGCCGAGAGGACCATTATCCAACGCATCGTAAAGGTTTTGTTGATATTTCGGGCTAGTGACATATGGCAAATCAAATACCATGAAAGCCTTTGAAAAATTCGCCATATTGGGAGAGGAACTGGATGCAAGGTCGAGAGTACCCCGCTGAGCAGATTCCATGGTTACGCGGTCGCTACCAAGCATCGCGTTGCCAAAAAGCTGCACACGAACTTTCCCTTCAGTACGCTCCTCAACGAGTTCCTTAAACTTCTCATATCCCATGGTTACGTTGTTGCCAGGTGCCATTGGGTGACCAAGTCGCAGGGTGATTTTTTTGGCATAGGCGCTTGCACTCATGCCAAATACCATTCCTGCTGCCAAAAGGGTTGCCACAACCTGTTTTTTGCTGAAAAAGCTCATAATTTCTCCATATAAAATCAATTGTTTTGTAAACGGACTAAAACCGCACCAAATCACACTGATACTTCCAAACCTCACAGGCCATTTCGCAAAAGCCATGCCAGTTGACAAAACTTATCTCAGCGCGAATGTGCTGAAAACGTATCGCATTGAATATACATGGTGAAGAAAACCTCTATTATGCGCGTCATTACGTTTGATTAGGCCGTCGACACCCCAGGACCGTTCTTGAATCGTTCAAGCATGGAAAAGAAACTGATTGAGAATCACTATCACAAACCATGCCAGGTAATGGGAATTACTCCCAACTACTCAACGCTCTAGCTGTCTATCTGCACAAGCACTGTTGCATTCACGCAACATCCAGCATCATTCCCAATGAGTTGAGCCAGATAGACGCCTTCTACCATGTTGCAATTCGGCATCATGATGCTTTTCCGCAACATCCAAACCCTGTTGCTACATCTTCAAGCAGCCACTATTTCTTATACTAATACAGTCCCCTGCCTTCCTGCACAGCTGCGAAACCTGTAACCACTACAAACTACAGCCCTGCAACTTTCAGGCGATCCTGGCTCAGCATCTCTAGTCGCGCCTGCCAAGCCAAACCTCTCTCACACCACCTCGGGCAGAGCAACAAGATCCATAACATCTGCCACAAAACTCCCAAAACAATAAAACAACCTGGAATACCCCCATAACTATTTGGCGCTGCGTTACAAACCCAGACATGTTGCATTTTCAGGACAGTCGTTGCACTGTCGCAACACCAGTTGCCTACAAGCCACAAAATCCCCTGCAGCACAGTACGTTCAAGCGAATCACCCGAACAACAACACCCGCAGCATCGCTGCACATACGCAACCATGTTTCACCCATGCAACCCGCAGTGTTTTTCCCTGTTGTTCTTGTTGCCGGAAGTTTTCACTCCAGCCAGCAAAACCTTTCCTCTCGTCAGCAAAAATCAAACTCGATAATCTCACATTAACAGGCTGTTAGTATCATCACGAAAGCAACACCTGTGGAACAGCAACAAATTAAGGCACACATCTTGCTCAAGTACCGGTGACAAACAGTACAACGTCCACGGGACATAACGAATAAGGAGTAGACCGATGAAGATTATAGATTTTCGCTTCCGGCCCAATACCCCGGAGGTTATTGAAGGTATAAAGAACAGCACAATGTTCGCAGGACTCTGCAAGGCAATCAATTTTGATGATCGTCCAATCCAGAGCCTTGAAGAGATTGTTACCGAGCTTGATGATAGAAATGTAGAAGTAGCTGTAATAACTGGTCGTGACTGCGAGAAGACCTACGGCATCCCCGCTAACAACGGCAGCGTTCTTGAGTTTTGCGCAGCGTATCCTGAAAAATTTATCGGTTTTTACGGTCTTGACCCCCACAAGGGAATGGATGCAGTGCGCGAATTGACCAAGGCTGTGACGGAACTTGG
CP050699.1_gap25	663726	666171	2445	CAGCTATGACATATCCCGCTTTGCGCAGCATTGCCAATGCCATCCAGCGTGTTACTGCGACTGCTGCCACTCGAAGCGCAGGAGGCATCGTATTTTGCAGCATCAGCCAGAATTGTCAGTTTTTCAGATAGCTTCACTAATTACCATCCGTTCGCAGATCGGCGATTTTGTGGTTGAGGGGTTATTTTTAAGGTTATCCTCCGATGGATATACCACTATATCAAAAGAGGGGTATCATCAAGTGATACCCCTCAATATAAATCGCCATAAAAGTTGAACGACCGATACACCCTACTCCTTACAGAGTGAGCAGTGGCCCGTTAACAGCCATACACTTTCTTGGCTTCAAGCCTGCGTCTGTGCAAAATCGGTTCGGTATAGCCATTCGGCTGCCTCTGACCGTCAAAAACCAGATCGCAGGCCGCCTGAAAGGCGACGCTTTTGTCAAAATCTGCAGCCATGGGCCGATAGGCTGGGTCTCCTTCATTCTGACGATCCACCACAGCCGCCATTTTCTTGAGCGACTCCATCACCTGCTTTGCACTGCAGACACCATGGAGAATCCAGTTGGCGAGATACTGGCTAGAAATACGAAGGGTTGCGCGATCTTCCATAAGGCCGACATCCGTGATGTCCAGCACCTTGGAACAACCAATGCCCTGCTCAACCCAGCGGACAACATAGCCGAGGATAGACTGTGCATTATTATCCAGCTCGTTTTGTATTTCTTCTTCACTCAACTCATCTTTCAAGAGCGGGATGGTCAAAAGATTTTCAAGACTTGCACGTGGACCAGTTTGTGCCAGTTCACGCTGCACCGCAAACACATCCACATAATGATAATGCATGGCGTGCAGGGTAGCTGCTGTGGGAGAAGGTACCCAGGCACAGTTGGCGCCTGAGTTCGGGTGACCGATTTTCGTCTCCACCATCTCCGCCATCATATCCGGCTTGGCCCACATTCCCTTACCGATCTGGGCCTTGCCGGAAAACCCGACCTCTAGACCGACATCAACATTCTGGTCCTCATAGTCTTTAATCCAGGCCTCATTCTTCATGGCCTCTTTTTTCACCATGGGGCCGGCCTGCATTGAGGTGTGGATCTCATCACCGGTCCGGTCGAGAAAGCCGGTATTGATGAAGATGATGCGTTCACGAACCTGACGGATGCACTCCTTGAGATTGACCGTGGTGCGGCGCTCCTCGTCCATGATGCCGATCTTCAGAGTGTTTTCCGGCAGACCAAGTGCCTGCTCAGTTCGGGTGAAAATCTCAGCCGCAAAGGCAACCTCCTCAGGCCCGTGCATCTTCGGCTTCACGATATAGACACTGCCAGCCGGACTGTTGGCGTATTTCACGTTCCCGCGCAACTGATGCAGACCGACATAGGCGGTAACCATGGTGTCAAGCATCCCTTCCGGAATCTCTTCACCCTTCAAGAGTACCGCCGGCGTAGTCATCAGGTGGCCAACATTTCTCACCAACATCACGCTTCTGCCGGAAATGGAAAATGACGAGCCATCGATTGCGGTATACCATCTATCAGGATTCAGGGTGCGTTCAACAACCTTGTCACCCTTATTAAAGGAGGTGGTGAGGTCTCCCCTGTTCAGGCCGAGCCAGTTGCTGTAGGTAAGGGCCTTGTCTTCTCCGTCAACCGCCGCAACCGAATCTTCGCAATCGCAAATCGTGGTGAGTGCGGACTCCAAAACGATATCCTTCACTCCGGCCGGATGATCTTTGCCGACCAGATGCTGACGGTCAATCTGAATTTCGAGATGCAAACCATTGTTCACCAGCAACATGGACAGCCCACCATCTTTGCTGTAACCCTTAAACTTCGCAGGATCTGCAAGTCCCTTCATTGAGCCATCTGCCATTTTGGCGACAAATTGCGCCACATCCTCTTTAGCTTCAGTATCAACGGTATACTCAACGACTTCACGGTGACTCGCTCCGGCCAACGGCACAGCCCTATCCAGAAAGTCGGAACCATATGCCATTACCTTTTTACCGCGAACCGGGTTGTAGCCTTTACCCTTTTCAGCACCATCACTCTCAGCCAATACATCGGTGCCATACAGTGCATCATAGAGGCTGCCCCAACGACCATTGACTGCATTCAGACCATAGCGGGCGTTGGTAACCGGTACCACCAGCTGCGGTGCGGCGATGGTGGCAATCTCCGGGTCCACATTTTCAGTGGATATGGTGAAATCATCTCCCGTATCGACGATGTAACCGATCTCCCGCAGAAACCCCTCATACGCCGCACTGTCGAATATCTCTCCCCTGGAATCCCGGTGATAATTGTCAATCATCAGCTGGAGCTCATCTCGCCTGCCAAGAAGCATTCGATTTTTCGGCATGAGTTCTGCGACCAGCTTTTCAAGCTCAGCCCAGAACTTTTCCGGCTCTACACCAGTTCCTGGCGCAATTCTCTCA
CP050699.1_gap26	668894	671389	2495	ATGCTGACCAGGTTCCGAAACTGGTTGAACTCCTGAACAGGGTCAAACCGGAGCTGGTTATCAACGTCGCGCTGCCCTACCAGGATCTTACCATCATGGACGCCTGCCTGGAGTGTGGGGTGCACTATCTCGATACCGCCAACTACGAGCCTGAAGACACCGCTCATTTTGAATATAGCTGGCAGTGGGCTTACCAGGACAAGTTCAGGGAAAAAGGGCTGATGGCCGTCCTCGGTTGTGGCTTTGATCCGGGTGTTACCAATATTTTCTGTGCCTGGGCCCAGAAACATCTCTACGACTCCATCGAAACCATCGATATTCTGGACTGTAACGCAGGCGACCACGGCCACCCATTCGCCACTAACTTCAACCCGGAGATCAACATCCGCGAAGTGACCCAGACTGTGCGCCATTGGCATGATGGTGAGTGGATAGAAACCCCTGCTATCTTAAACGACGACTGCGTGCACTTTACCTTCGACTACCCCGTGGCCGGTCCCCGCGAGAGCTATATGCTCTACCATGAAGAGATGGAGTCACTGGTCAAACACATTAAGGGGCTGAAACGCATTCGCTTCTGGATGACCTTTGGCCAGCCGTATCTCACTCATCTGAAGGTGCTTGAAAATGTCGGTATTACCCGTATCGATGAGGTGGAGTATGAAGGCCAGAAGATCGTGCCGATCCGCTTCTTAAAAGCGCTTCTGCCCGATCCGGGTTCCCTGGGCAGCAACTACAGCGGCAAAACCGTTATCGGCTGTGTATTCAAGGGTGAAAAGGATGGCGTTCAGCAGAAGAAGTACATCTATAATATCTGCGACCACGCTGAAGCGTACCAGGAAGTGCAGTCCCAGGCCGTGTCCTACACCACCGGTGTGCCGGCGATGATTGGTGCCATGATGATGCTGAAGGGCATCTGGAAAGGTCAAGGTGTCTTCAACGTCGAGCAGCTTGACCCCGACACCTTCATGGACGAGCTCAACAAAAACGGGCTGCCCTGGCAGGTGATTGATTTTGAAGGCGAACTTCCCGAATAGCAACTATGAACCGCATCGACAAAAAAACTCTGGCCGACTTTCCTGAAAGCATCACAGACCAGGTCGCCACTCCCTGTTATCTCATCAGTGAGGATGCGGTTCGCCGCAATTGCCGGATCCTGGCCTCGGTGCAGGAGCGCACCGGAGCCAAGGTCCTGCTTGCCTTGAAAGCATTTGCCCTGCCTGCTGTCTTTCCCCTTATCAGGGAATATCTGCACGGCGTGTGTGCCAGTGGCCCGATTGAGGCCCAGCTCGGCCGGGAAGAATTCGGCAGGGAAGTACACACTTATGCACCGGCATATACCACTGCCCAGATGGAGCGGGTCATCCGCTTTTCTGACCACATCCTGTTCAACTCCATCCATCAGTGGCACACCCACAGAGACAGCATTGCCACTTCCGGGCGCAATATTGAAATCGGCCTGCGGGTCAACCCCGGCCACGCCGAGGTTGAAATTGATCTGTATAATCCCTGCCTGCCAGGCTCCCGTTTTGGGGTAAGCCCCGAAGATCTTGCAGACGTGGATCTCTCCGGCATCAGCGGACTGCATTTTCACGCACTCTGTGAACAAGGAGCCGACGTACTGGTTCGGGTTCTGAACAGTTTTGAGAATCGGTTCCCGGAAGCAATCAGCAAGATGCGGTGGATAAATTTCGGTGGTGGCCACCACATCACCAGGGAAGATTATGATCTCGATTTGTTGTGCAAAACCATTAATGAGTTTCGCGCCCGCCACAACAATATTCCGGTCTACCTCGAACCGGGTGAGGCGGTAGTGCTCAACGCCGGTGTCTTTGTCACCAGCGTGGTCGATACCATGCATAACGGTGTTGATATCGCCATCCTCGATTCCTCTGCCGAAACCCACATGCCCGACGTATTGGCTATGCCCTATCGTCCCCATGTGATAGGCGGAGGCGCCCCCGATGACCACCCGCACACCTACCGGTTGGGTGGTATCTCCTGCCTGGCCGGGGATATTGTCGGTGACTACTCCTTCAACGAACCACTCAAAGCCGGAACGCGTCTGGTGTTGACCGATATGGCACTCTACTCATTTGTGAAAAACAACACCTTCAATGGCGTTGAGTTGCCTTCGCTCTACACCTGCTCGCTCGCAAGCGGCAGCCCGAAACTTATACGCAGCTTTGACTACTCTGACTACAGGAGCCGGATAGCATGAACCAGGAAATGCCGAGTTTTCATGGTGAGGATGTGGAACCCTCAAAGCCTGAGGATGCTCTCTTCCATGTACTGCCCGTTCCGTTTGAAGAATCGGTGTCCTATGGAGCCGGTACTTCGGCAGGACCGGCGGCAACCCTTGAGGCCTCCTGCCAGCTTGAATTGCTTACCCTCGACGTGGTCCCGGCCGAATATGGCCTCTATACAGCGCCTCCGGTAGACTGTTCCGGCAGATGCGAAAAGGTGCTGGCAAACATCGAAAGGGGTGTTGACGC
CP050699.1_gap27	673201	676880	3679	CCTGAAAGAACTGTTCCGTGTCAGAGTATTGGACATGGTTTCGATATAACTAGAAGAGTACGGTTTCCATGAGCACATACATAATCGGTATCGATACCGGCGGCACCTTCACCGATGGTGTCCTCCTTGAAAAAGAGACAGGAAAAATTATTGCTTCGGCCAAACAACCAACCACCCACCAGCAACTGGCTCTTGGCACAGGTGAAACATTGGGCGCCCTCCTTCGGCAGAGTAACATTTTACCGGATCAGGTAGAATCACTCGTCGTCTCCTCCACCCTCGCCACGAACTCAGTCGTTGAAAACAAGGGGGCCCGGGTTGCCTTATTGGTGATTGGCTATGTCAAGCATTTCAAACTGCCGGTAAAAGCGGTCATCTACATCAAAGGGGGCCACACCATCACCGGAGCCGAAGAAGAGCCGCTTGATCTCGAATACCTGCTCGAGATCGTCCAGGGCCTTCGCAACGAGGTCGACGCCTATGGTGTCTGCTCGGCGATGTCGATAAAAAACCCAACCCATGAACTGGTTGCTGAAAAAGCTATCAGCATGATCGACCCCAAACCGGTATTCTGTTCACATCGAACCAGTGATATCGCCGGGATGCGCGAGCGCGCCGCAACCGCAGGACTCCACGCTAAACTGATGCCCGTGATGCAGAACTATCTGGACGGTGTCAGTGAGGCCATGGAACAGCTTGAACTCAACTGTCCCGTTTTCGTTGTCAGCGGCAACGGGTCAACGATCGACTCGACAAAAGCCACACATTTTGCCGGTAGCACAGTGGCAAGCGGCCCCGCCTGTACCGCCCATTTCGGTGCAATGCACACAGAAGGCGACGCCCTGGTTATCGATGTAGGTGGCACCACCACCGATATCGCCATGATCAAAAACGGTGCTCCCACCCTCTCCAGTGAAGGGTGTCAGATCGGTGGCTGGAAAACCCATGTCGAGGCGGTGGATATGATGACCCATGGCATCGGTGGTGACAGCCACGCCATTGTTGATGCCAAGGGCAATGTTCAGCTCGGTCCCAAGCGGGTTGTGCCAATATCGATGGCCGGAGATCTTCCCGGAGTAGAGTGTTGGCTTGGCCAGGAAGACCGCTCAAAGCTGATTATCAGCCGGCTTGAAAAAATACCTGCCGATCTCCGACAGGCAGACAACATCACCGCCTTCCTTACCCAAAACGGACCGGCAACGCCTTGGCAGCTTCGAGAACATACCGGGATCGCCGGCATTACCCTGGAAAAGAAGCTGGAGCGCATGGCTAACCTGCAACAGATATATGAGTGCGGCTTCACTCCGACAGATGCTCTGCATGTGCTCGGGAAGATCCATCTCGGCGACAGCAGCGCTGCGGAACGTGCGGCCCGGATACTTGGACAGTATCTCTCCCTGGACGCAGAAGGGTTCAGCGAGCTCATCATTGCCAGGGCTGTGGATACAATTGAAACCCTGATACTCGACTATGTTATTGAACATTATTGGGGAAAATCGCTCACCAGCTTTCTCTCTCAACGCTATGAGCACCCGGTTGTTGGCGTCAATTTCTCAATCAAGATTCCCATGATAGGTATTGGTGCAGCGGCAAGATATCTGTTGCCCGCCGTTGCTGAAAGACTTGGAACAGAAGTGACTTTTCCTGACAACTGTGAAGTAGGCAACGCCATCGGTGCCGCCACCATTGGTATGCGTAGCTCTGTGAAGAAATGAATCGCTGCACATCCAATGAAAAATTTTTTCAAATATTTTTCACCGGGCTCTTTCAGAGCCCGGTGGTCATTTTAACGAAATAGCCTGACAAGCTCAATTTCACCTCCCGCGCGTATTTCTGTAATTCCTTACATACTTCTGCTCTGTTTTCAGCTTCTCTGACAACCTGGCCTGTCTGCCTTTCACCACGCTTTACTCCAAGACCTCCCGCCAATTACGGCAAAAAGGTCCCCTCTTTGCCAGATAATAGTAAGAACGTAAAAGTAGAGTTTGTTGAATATTGATCCGGTTTCTTTACCCCATCACGCCCTTCTCGACCGGAGGGAAAAGGAGATACCACTAAAAATGAAGGCTTTCGACCATTTACGCGTCACAGCCGAAGCCGTGCGGCAATTTGTCAGGATGTCTCAAAGTCCTGTAGCCCCAATGCTTCTTCAGCATACCAGCCTGATTCAGGACGGCTCCAAAGATGCAGACATCAGCCCAATTTATACCAGGGCCACCAATTGGCACTTTGCCCCGCACAACCTTGAACGCTCGACATTGCAGGAACCGATCTGGTCTTTTATGGAGCCGCTCACCTTCCATATTTCTTCAGATTACATACTCAGAAAACGTAGCGAAGAGATGCTGCATGAGGTACGCAAACAATCAAAAAGGGATGTCTTCAAACTCTTGGGCAGAGTCCTCCATCATATCCAGGATATGTCCACACCATCACATGTTGTGCCTGTATATCATGGGCCTCTTATCGCTGACAGCTTTGAGACATACCTGAACAAAATTTATCTGGCTGACGACATGAACATCAACACCATCTCGGCCAATCTGCAGTTCAGCCCAGCCAACTTGACACCACCGGCCGACACCACAGTTGTTGACATTTACATGGAGGCAGGGCAAAAAACACTGCAGTTTCTCAAATCAGAAAACTCCAGCTTTCAAACAGAAAGAAACGGCGTGCGTTGCAACCTGCCCTGGAGTTACTTTTGGGCTGACAAGTCAACACAGCATAAAAACGGTTACCCAACTGAATGCACAATCGGCGGCTTCGGCAGTTTTGGCCCTTTGGGTAAGCACTTTGGCACAGTTGGTGAAATACAGTCTGGTGATGATACTTTTATCATCGAAAATGAAGTCTATGAAAAGTTCTGCACAAACCTGGTTCGCGACATGCTGGTCAACAGCCTGCGGACCCTGTTCCTGCTCGAGCCTGATTTACGACCACTCTGCTAGCCCGAAATTGTCATGCACATTCTGCCTGAATAAAGAAAACACGTTGCCGATTACATCTTAAAGGCCCGAAACAGGGCAAACCCTCCCGGGTCGGGCCTTTAAAACTGAGTGCCTACCGCTCTAGCTGTTACTTGATATGCTCAATGAACCTGTTCGATTCCTCGATGGACTGGTTCATCTTGCTGACCAGCCTGTCGATCTCACCTTTGAGTGAAGCAAACTCACCCTGCAGTGAACCAATGGCCTGAGCATTCAGATTGTGTTTCAGGTACAATACGTTATCCTGAAAGATTCTCAGAACCGGGTCCATACTCTTTTCAGCCTGCCTCATGCTGGAAAGCATCTCACGATAGCGGGCCCTGGTCTTCTGCAGCTTTTCCCTGCTCGAATTGCGAAGCTCACGATTCTGGTACATCTCCAGTTCTTCCTCCCACTCCGCAAAGAGATCTTCAGCAACGTCCTCAACCTTATCAATTCTACTGCGAACCTCGTCAGCAACCTCCACGCTCGCCTCAAATTCGCTGTTGAGCTTATCGTATGCCCGCTTGATGTCAGTCTCTTCCAGCTGGACCACTGAGTTAAACTGCTCAAGCGCAGACTTGAATTGCTCCTGGGCATCCTCCTGGGCGTCCCGGGCACCTTCAACCCTGTCCACCATAATATCGCGTTTATGAATCCCCACCTTTTCCATGGCACTGTAGTATGTCCCGGAACAGCCTGAGAGAGCC
CP050699.1_gap28	810999	811752	753	CCGCCCATTCCTGCTCAGTGAGCTTGCCCGACTTGATCAGGATTTCATCGGGGATACCGATCTTGCCGATATCGTGTAAAAAGGCACCCCGCTCGATGTGCTTGAGCTCTGCATCGTGGAAATTTCCGGCAAGTTTGGCCATCTCCAGGGTCATGCTGGTTACCCGTTCGGTATGATCCTTGGCCTCCTTATGACGTAAGTCCATCACCCGCACCCAGCCGGCGATGGTCTGCTCGTAACTCTCCACCAATTTAGAGTTCAACTTGGTGATGTGGTTGATATCCCTTCGGATCAGTAAAAACAACAGGATGCCGGTTACCGCGATGAACAGCGAGCCCTTGATCGACTGGGCGGAGGTGATGAGTTCCTTTTTAAAAAAGATGAGATCGACCACAGCGTCCGACAGGAATATCCAGAGCAAACCAATGACCAGGTATATGGCAACAATTCGGTGTTGAGGTCCCACAATCACTCCTTGGTTCCGTCTAACAAGATTAGGGCATGGATAATCACTCAATTACAACATAATGGAGACAGCCTGAAGACGGATTCATATCCATTAAAGTATAATAAATTCCATTGGTGTTCAAATCCAGCCGGATATTGTCTCAACAGCAGACCTCAAACCTTTCCGGGTTGGTGCGTGCCGTAACCTGGGCGGCAAAATGAAGTGGAAAAAACGCTGGGCAAAGTCTGTACCATGCTTCTGCTTCTGGCGCCGGCGGGTGGCCTTTTCGGGGATAGTCGTAAATT
CP050699.1_gap29	867501	870541	3040	TCTTCCAGTACAATTTCAATGCTGCTGTGCCTTTTCTCTGGAAGTAGTCTATTCGTATGGGATACCAGCCTGCGATGGTTACATTCAGCTCGGATTCGATTGATAACTGGTCCGAATGTTGGGTAGGATCGGAGAGAACAAGTTTGTCGCTCAGGTAAATTATAACACCGTCATTGGAGAGGGTCTGTAGAATGTATTTGCCTGTTGTCGGGAAATGCAGGGCCCCGTTCATGCGAATACCGATACCGCGATTGGTCCCACTGTCGAATACCTTACCCCTTCCGAACTGGTTATTGAGCTCGAATATTGGCTTGCCCTCTTTCCCGCCTCTTTTAGGTAGCATCCGCACGTTGCGTGCAAAAAAATTATGGAAATAGACAGTGAGCAGTCCCGGCTGCAATCTCGCTGCTTCTTCAGCCGAAAGTGGTGTGCCCTGCATGTCGTAGTGCACAGGTGGTTGCGGTGATTCTGATTCGCCGGCCATGCTTATCGGGAGATGCGTGGTGAGGAAAAGAATCGTACACAGTGCGATAATCTTTACAGTGTGGTTTCGGTTGATGAGCATGGTATCTCCTTGCAATTGAGAAAAGGATACTTCGTATCATAGTGTATGGCTGACACGGCTAGTAACACCATGCGAATTAATGGGATAAATGGCAAGAGCATGCGTATAACCAGCTTGAGGTAGAGCTTGGAACACGTTGGGATCAGGTCAGAATTTTGGTTTTGGCTATGTCGCAGGCCCGACCTGTATCTATACGGCTGAAACAGCAACATCCAGTTCAAATATCTCCAGTTGAAACATCGAGAGAGGAGGTGAGTGGCTTTGGACACAGAACAGTGCCCAGGGAACATTTACCGGAAACAGGGCATCGTTGATGGAGCCTTCTCTCGCAGCGCTTTTCAGGAAGAAAACCATGTACTTGGTTGCAATGGAAGGAGGTGATGGCAAAGCGCAGGTAGTAATTCAATCCCCGACCCAACAGCCATGTTAGGTGATGTGGTCCAACTATCCGAATCGCATCTGAAAAAGCACGCATTAACGACGCACTTAGCAAATTAACATGTTGACAAAAGGACTCACGTAAAAGTATCTTTCCCGACTTTACAAGAAGCACTTGTTTTGTTTTTTCAAGGAGAAAGTTATTAATGAGACTGTCAATAATCGCTCGATTGGCAATCACTGTCATGATGATAGTGGCCATATCACTTCAATCTGCCAGGTTACAAGCCAGTGTGGCAGAAGAACTGCCAAGCAGCCTAACTAAATACATACCCCAAAAGCCAGATCACACCCTGACAGGTTCGGAGTTTGTAGCTCTGACCTCTAAAATGAGCGAGCAGCAGCGTGAGAAGGTAATTGGCGAACAAGTGCTCAGCGGTAACATCCCGGATTTTTTGAGAGAACTTAAACCTGTCAAACTCCAGACAAGAGATACCAACGGACGCCTGATATCTGCGACAATATTTGTTACTCCGGACTACCTTGCCATTGGCTCTGAGAATGACTTTATCCGCACCCCGATGGATTTTCATACGGCAAGCCTGGTGGCCAGCCGGTTGGGCTTTATTTTACCGACGCGCAAGATGGTGGATGCCATTTACAATCAGTCTGAAAATCACTTTACTCCTCAACCCATGCAGCCTGGCGCCCAGATGCGATCAACTGACTATTATCAGAGGCACAATCAGAAGATCGACCAGCAACAGGAGTCGCTTGGCATTACTTCGGGGGAGCTTGTCTCAGGTCATAAAAAGGATGTTGTTATCACCAATAAGCTAATGAATAAGCCTGGAAGAATAGCTATTTATGGATGGCACCAGCCCAATGGTAAACCGATCCAGCCACTCAGTACTGTGCATGGCGCCGGATATGCAGATTACAGCCATGGTGTTCGCCTGGTGAGTGAGACAGTTATTGTCGATGGTGAGTTATGTTCAGTGTACGACATCTTAAAAGATCCGGACCTGGCGCCATTGTTGAGTGATGAAGGTCCGATCGTTGCCGGTTACAGCCCTGATAAAGTTGCGCTGCCGGCGGGTAAAAAGAAGAGCTCTGCGACCGTTATCCACTAGCCCTCTTCGATAAAACTGAGGTCGTATACTGTCACTCTGCGTCTTTCTCGCCTGTAAGCCCTTTGCAGCAACGGAACCCAAGATGGTAATTATGGTGGCTGTGTTCTGACATAACCCTGCTGCCATGCCAGTATGGTGCCCGCCATCGGCACCAATCTTCATGTGCCCTGTATGTATCAAAGATAAACCAGCTGCCTTTCATCTCGGTATAACCCAGGGTGGAACTCCCTTTGCTGGCCATCTGTTCCTCTGCCAACGGCAGGTTCATATGCTCAGCCGCGTTTCCGTTAAGGTCGTAGACATCCAATGAACTTCGACATTCGGGAAAGAAACCGACAGGATAGGTGTTTGACCCGCACTGCTTCCAGCCTCCACCATTACAGCCGGAAGATTTCGAACTATTTGCCGCGCAGATGCCTTTTTGGTATCGAGGGCCATAGCTCCATGTCTTATCTGCTTTATTGGCATTATTGTGGGCAATGCGCATGCGACGGACAGCTTCATTGGCAGTGACTCCTTTCGCCAGATTAAACCGATAATCAGGAGGTGTTAATTCGCCTGCGCAACCACCCTCCCACTCATGGGCATCACATAACCGTTTTCCCATGGCAGAACAGATCTCGGCCGCTTCCCGGGTGCGTACCCAGACTACCGGATATTCGCAGGGTATATTGGGAAATTCGAACTGATCAATGCAGGCTTCAGCATCCTCTGCACGTTCATGTTCCGGGTCGTAAAGTGGGGCCATATACTTGGCACCGCAGATCTTCTCGTAACGCATATTTTCATAATTGAGTGACAGGCTATCGAGCTTTGCCCTGCATTCCTCCACTGAAGCGGGGTGCCTGCTGACAGCGGGGTTGCCCTGCCCTATATATGGAGAACCGGCAAAGATCGCACGTACCATTGCCGCCTGTGCAGCAGACAGGTTGTGGACCTCGATTAAACGGGTAAACATTCTCTC
CP050699.1_gap30	874010	876074	2064	CTCAAAGAAATCGCCAAGATTTGCAAAACGAATGACCTCAACATCCATGACCTGGTTGTTGATACGCTTCAAACTGATTTCAGCCCAGACAATGAGGCCTGTGAGGCCAAGCCCGCCAATTGTGGCATTGAACAGTTCCTGGTTCTCAGATCGGGAACAGCGCAATCTCCGTCCGTCGGAGCGAGCCAGTTCAAAGCGTCGCAAGTGGCAACCAAATGTGCCGGCGCTGTGATGGTTTTTGCCATGGATGTCATTGGCAATAGCACCACCCATCGTGACAAACCTGGTGCCGGGCACAACCGGGGGAAACCAGCCATGAGGGACGGTTACCGCAAGAATATCATCCAGCAACACCCCGCTTTCGCAACGGAGGATTCCCCTCTTTGGGTCAAATGAAATAAACCGGTCCAACGGTTTGGTATCAAGCAGCAAACCTTCCCTGTTCAGGCAAACATCACCATAGGAGCGTCCATTGCCAAATGGCAGCCATGAAACCTCGGAGCCAGCAGGAATCGGCAGTGGTTGACAGCGCCAGTTCAACTGAGTTGCTGATTGTTGAAAACAGGGGTAACGCCCCCATGAATGGTAGTGTTTGTGCATTGAAGTCAAGTTGCAAAAAGCATAATTATTGCCATCAAAAGAAGTATGATTCTGCTTGTTCGATCTCTTAAAGCAAAGATCATCGGGTCATCATGCATTTTGCCGCGATGTGCGACCAGCCAGATATAACAGAGCCAATAGAGCAATAAAGGGCAGACCAACCAGATTACATTATGTCGCCCATACGAGAGCTGAGCAGATCCACTCATGATGTACAGCACCAGGACGAATGCGGAAACAAATGCACTGGCTACCCCCATAATAGCAAGCACTGTAGAGTCATTTACCACATAGCTACGTGCTGTAGCGGATGAACCATATTCAAGTCGCATGGTCGTAAGTTCTGAATAACGCTTAACCAGTGCAAGACTGATAAAGAGGAACATCGAATGGGCCAGGAGCCAGGAAGACGGCCAGATATTGACTGCTGCCGATCCTGCCAGCATGCGTATTGTAAAAAGACCTGCAAGAACGATTACATCAAGGATGACGACCTTCTTTAACCACAACGAATAGGCGAGAGTCGTCAGGTAATAAATGCTCAATATGTAGTAAAATTGAACAGGAAGAGCCAAGCCTACTAAAACGCTCAACACAAGCAGTATTATGCAGGTTGCGATACCGTTGGCCAGCGGCAAAGTACCCGAGGCAAATGGGCGAAATCGTTTTCGGGGGTGCCTTCGATCTTCAGTCAAGTCAATGAGATCATTTAATATATAGACACTGGAGGCACACAGCCCGAACGAGAAAAAGGCAACGAAGACAGAAAATAACAGCTGGACTTCAAGGAAGCGATGTGCCGCCAGCAAAGGGATAAAGACCAAAACGTTTTTTAGCCATTGATAGAGTCGGAGTGCCTGGGCCCATTCGAATATGCCTGCTCTTTCGATTACAAAATTTCGTTCTACGTTTGTCAGGCTGGCGCCGATTTGCTGAATAAAGCTCTTTGAGCCAACCACCAGACTCTGTCGTGCTATCCGCCAGACATGAAGATCTTCTTTTTCGTTCCCCAGATAATCAAATCCCTGCGGCCCGAATTCTGCCAGAAGGCGTTCCTTTTTCTGTATGCCGGTCATGTTGGTTTTTCCGTCACTGGCAATGACGCTATCAAAAAAATGCAGATAGTTGAAAATTTGTTGAGCGATATGCTGGTCTGAACCCGTTACAAGAATAATTTTTCTATTTGATTGTTTTTGATCTCGAAGATATGACAATATATTGAAATTGTAGGGCAAACTGCTGACGTCTAGCGTTACACGCCTGCATACCTGTTGTTTTAGATACGCCTTTCCCTGAAACAACCAGAAGAACAATACCGGGAAAAACAAAGGATTAACCTTCAACAACTGGAGTAACGATTCAATCAGCGAATCTGTTTTGAGTAAACTTCCATCTAAATCAACAGCAAGTGGTACTGTATCTTCAGATGTCTTTGTCTCCTGCAGTGCACTGGTATTTGTAGTT
CP050699.1_gap31	956625	958436	1811	TCGATCGCTCTCCGAAAATTCGACAATCTCATTCTTTATTCCTGCATTTACCTGGCAGCCGTCGCGGCGGCAAGCGGGCTGAAGCTGGCTATCAACTATATACAGACCATCATCGGCGAAAAGGCCATGGTGGAGATGCGCAGGGAACTCTACAGGCATATCGTAACCCTGCCTCTTTCCTTTTTCAGAAAAACCCAGCCGGGAATGGTTGTCTCTTCCCTGGTAACTGAACTGAGCACGGCAGGAGCATTTGCAGGTATGGCGCTCTCGGTGCCGGTCACTAATATTTTAACCCTGCTGGCCCTTGGCGTTTATTTGCTATGGTTGAACCCTAAGCTCGCAATGGCGACACTGGGAATATATCCTTTCATAGTATTTGTACTTCCGCGCATGCAGAAAAAAGCCAACATTGCCAATGCCGAGCGGGTGGATCTTTCCAGAAAATTCTCAAGCCAGATAGCCGAGTCGATCACGGGAATTCAGGAAGTCCAGGTTCATGGTGCCTATACCAGGGAGAATGTAAAATTCGGGTTGTTGGCGGAGGCGCTCAGAAAGGTCCGAATTCGCTGGACGTTACTGCGGCAGGGTATAAAGACGACCAACAACTTCTTTGTCAGTCTGGGCCCGTTCATCGTCTTTATTTTCGGTGGTATTCTTATCCTGCGTGGTGAACTTGAGTTGGGTGCCATGGTGGCTTTTCTGTCTGCCCAGGAGAAGCTCTATGACCCCTGGAAGGAGCTTGTTGATTATTACCAGGTGTATCAGGATGCGCAGGTAAGGTATTCGCGCACTATGCATCAATACTCGGCCATGCCCGATTTTGACCCGACCATCACCAGGGACGAGCAATTGACCCTGCAGGGGGAGATCGAGATTAAAAATCTCGTCTATCAAACGCCGGAAGGCGCCCGGTTGCTCGATGGCGTGAGCATGAAACTTGCACCCGGGCAGCATCTGGCTGTGGTTGGTTTTTCAGGAAGTGGCAAGTCAACACTTGTTCAGTGTATTGCCAGAATGCACAAGTACCGATCGGGCACCATCACCCTGGATGGTCATGACCTGCTTGATTTCACCAAACAGGATATAATTAAAAATATAGGCTACATCTCCCAGAGCCCATTCGTCTTTACAGGAACCATCAGGGAGAATCTGCTTTATGCAGAACGGGCTGTAAGCGAGATTGCGGCTACACCGGAGAACCTGCCGCAACTTGAAGCACCTCCGCTCGACAGAATGATTCTTTGCCTGCAGCAGGCTGGTTTGTTTGTTGATGTATTGAGATTTGGGCTCAAATCACTGCTCGACAATTCCGATACGGCAATGATGGAGAAAATAGTGCGCATGCGCGCAAATTTCCGGAAGAATTTCGGCGAGCAACTGGCAGATTATGTGGAGTTTTATCAGGTCGATGTGTTTCTCTATCAGGCGACGCTGGCAGAGAATATCCTGTTTGGTATGTACCATGACAGAAGCTGGAATATCGACCGGCTCATCGGCCATGATGACTTTAAAGCGTTCATCAGGCATGCAGGTCTTGAAGAATTGCTGATAGACCTCGGTATTGAGATCGCCCATCAGACCGAAGATATACTCTCTGGTTTTGGCTCGGTGGAGATGTTCTTCAGGTTTAGCCCTGTTGAACCTGAACGTATGCAGGACTACCGGTTATTGCTGGATAGAATCCGGCCTGCGGAAAATTACCGTATGGCTGATGCTGACAAGCAATCCCTGATTCACCTGGCCCTTAATTACAGCCCTGGACGCCACAAGGTCGCAACCTTTACCGACGAGATTGAAAGGGAGATTCTTAA
CP050699.1_gap32	971259	975248	3989	CGGTGCCGCTGCTTATTTTTCTTGTTATCTACTTTCGGTTCATCTTCGGGTACTTCATCCGCAATTTTGAACGACAGGCAGACTTGCATGTCATTGGCGCAGTAGGGCATGGCCGGGCTCTTGTTTCTGCTTTTGAGAGAATCTCCTGGCTCAGCGGCGGTATTCGGGAAGAAAAGAACTGGCATCACTTCGGTATCGGTGAACGGATCGATTGTCTGCAGGATGCGGAACGTGACCCGTCCACAATTTCCCGTCACGACAGAAAAGTACGCAACAGCCTGCTGGTTTATGGCCTGGTACTGGTCATAGCCGCAGTTGCTGCATGGCAAATTCCCGACAGACAATCATCCGTCACCGGCCAGGAGAGGGTGATACTGCACATGGCGCAGAAGGAGCCGGACAAGGCCCTGTGGCAGTTGCTGGTTGGCAACCTGATGATGAGCAGGAAGATGGAGGCCCAGGCTCTGGCGGCGTATGAAAAGGCCTTCAGCCTCGAGCCGATCAACCCGGAGGTGATGAACAACCTGGCCTGGCTGTTGCTGACCGCAGAGGACAAGAGCCTGCGCGAGCCCTTTGAGGCACTCACCCTGGCTAAAGCTGCTGCGACTCTCGCCCCGAGAGGTCATATTCTCGATACCCTCGCCCATGCGTACTGGGCAAACGGCATGAAGGAAGAAGCAGTTCAGGCCGCCAACCAGGCCGCGCTTGCCGACCCGGAACGCAGACGCTTCTACCAGGGCCGCGCTCAGCAGTTTGAGCAGGAAGTGTATGAATGATCGAAGTGAGGAAATTGAAGTGAGGAGTGAGGTGTAAGGGGATAGGAGGAAAACTTTATTGGCCACCTCACTCCTCACCCCTTTCTCCTCACAGTGAAGTTGTGAAACACTGAACCAGCAATAACCATAAATTAAGATAGATAGAACGAGGTATAAATGCCGTTATTCGGAGCACATGAGTCAGTAGCAGGTGGTTTGCATCTGGCCTTTAAACGTATAGAGAGTGTCGGCGGTGATTCACTGCAGATTTTTACCCGCAACCAGCGCCAGTGGAAGCCGAAACCGCTGAGCGAGAAAGAAGTGAAAGACTTTTTAACGACTCGTGAGCAATATGCGGGAATGCCGGTGGCATCTCATGCTTCGTATCTGATCAACCTGGCGACGGCCAAGGAGGAGCTGCTGGCAAAATCGGTGGATGCGCTGGCGATGGAATTTACGCGCTGCCATCAACTGGCTGTCCCTTACGTGGTCATTCATCCGGGTTCCCACGGTGGAGACGGTGTGGAAGCAGGGCTTGAGCGTTTTGTTGCCGGCATGGATAACGCCCTGGAGTCGGGATATGATGATGTAATGCTCCTGATCGAAACCACGGCCGGGCAAGGTACAGGGCTGGGGAGCCGTTTTGAGGAGATTGGCTATATTCGGGCCAATTCGAAATTTCCTGAGCGTATCGGGGTGTGTGTGGATACCTGCCATATTTTCGCGGCGGGCTACGATCTGCGCACCGCGGAGGCGTATGAGGCGACCATGCAGGCGCTTGATGAGCATGTCGGCGTGGAGCATGTGAAGTTCATTCACCTGAATGACTCGAAAAAAGATCTCGGTTGCCGTGTCGACAGGCATGAGCATATCGGTGATGGCATGATTGGCCTGGAGGGTTTCCGCCTGCTGGTGAACGACCCTCGCTTTGCAGAAATGCCCATGACGCTTGAGACACCAAAAGGCGAAGACCTTGCGGAAGACCGGGAGAATATCGCCAAGCTGAAGAATCTGCTCAACTAGCCCGGATATTTCACGATTCTGGCGGATTCATGTGCAAGGCATCAAGGGTGAAGCTGTAGCAATTTACCGCAAGCACTTGATAACGCTGCACATGAGTCTGTCAGAAACGCCCGAAGGGTGAAACGTCAGACTCTGATCACGGGTGCAAACTGTACCGTGAAAAATAGAGGTATTGTTAGACCCAAGTGACCGATACAATTTGGTAAAATATCATTCACTCAAGCATTTCATGAAATATTCGGGCTAGAGCCCGGTCTTCAGGCGGTTGTCCCGTGGTAATTCCCTGAAGACACTTGCATTCGTGCCGGGAGTAGTGAACTATACATTTTCTTTACATGGCAGGTGTGTGAATGAAGATAAAGCGGGAATTCTTTTTAAAAAATCGAGGCGTGCGGGAATTTTCACCGCAGACATATGGAGATATGTGTCGAAGATGAAATTCGGAGTGCACCGAAAAGTTGAAAGAAAAGAGCCGTTTTAGAGGGGTGGGGAGAAGAGAGCAACAAGAGATATTAGGTGGAAGATGAAATTTTTGAACAGTGATGCGCTTCTCGACATGCTGGTCCGGCATGGTGTGATGAACATCAAGCAGCGTCAGTTTATTACCCTTGAGAAGGGCAAGCAGCGTCAGAAGCTGATAAAGCAGGCCCAGAAGGCCAGGGTTGCCGAGAAAGCCAACCCCGACCTGGTTGACATAATTGTCTCATTCCAGATGCAGGTTCCCGGAACCAAAGGGGAGATTCTGGATGAAGAGACCATTATGCGGGTGGTGAGCAAGGAGTATGACCTGCCGTTTAAAAAGCTCGATCCGCTTGATCTTGACATGGATATTGTCACCAAGACAATCCCCAGGAACTTTGCCATTAAACAGCTTATCCTGCCGGTGGGCATGCAGGACGGAGTGCTTGAAGTGGCAATGTACCACCCGGACCGTCAAGCAGTATTGACGGATATCGAGCAGGCCAACCAGGTGAAAGTCCGGCCCTGTATCTCCACCAAAAGTGATATCAAACGAATTGTCAGTGAGTTCTTCGGGTTTCAGAAGTCGATCAGCGCGGCTGAAGATCATATCGGTGTAATCAGTCAGGGCAGTGCCTCCGTCGATATCGGCAATCTTGAGCGCTATGTGAAAATCTCTTCGGCCAAAGAGATTACTTCATCAGACCAGCATATCAAGACCGCGGTCAACCATATCTTCAACTATGCCCTGGAGCAGCGGGCCAGTGATATCCACATAGAGCCCAAGCGCGAAGTGACCATGATTCGCTTTCGCATAGATGGCGCGCTGCACACAATTTATAAGCTGCCCAAAGCGGTACACTCTGCCATTACCTCCCGCGTCAAGTTCCTGGCCCGGCTCGATATCGCCGAGAAGAGAAGGCCGCAGGACGGTCGCATCAAGATCGGTGTAAAGGGCGAAAAAGATGTGGAAATTCGTGTCTCAACCGTGCCGGTCTCCTTTGGCGAGAAGACCGTTATGCGTATCCTGGACCCGGATGTGATCTTTCAGGATGTGAACCAGCTCGGTTTTTCCAGGCGCGATCTGTCGGTGTATAACTCCTTTATCAACTCACCCCACGGCATCGTGCTGGTTACCGGTCCCACGGGTAGCGGTAAATCGACCACCCTCTATTCAACCCTGAAGAAGATCGCCACGCCCGAGAAGAATATTGTCACCGTCGAAGATCCGGTGGAGATGGTCTATGAAGAATTCAACCAGATCTCGGTGCAGCCGCTGATCGACGTAACCTTTTCAACGATTCTCAGAAATATCTTACGGCAAGACCCGGATATCATCATGATTGGTGAGATCCGCGATAAAGACACGGCGGCACAGGCGGTACAGGCGGCCATGACCGGCCATCTGGTCTTTTCGACCTTGCACACCAATGACGCGGTCTCCTCCATCATCCGCCTGCAGGATCTCGGGCTGCAACCCTTCATGATCGCCTCGACCCTGCTCGGCTGCATGGCCCAGCGGCTGGTGAAGACCATCTGCCCGGAATGCAAAACCACCGTCGAAGCAGACAGCCAGGAGCTGGCGAGAATAGGCTTCCCCAGCGCGGGCAGTGGTACTGTGATCTTGAGTAAAGGCGAAGGCTGCAGGCATTGTCGCGGCACCGGTTATCGGGGGCGCTGCGGTATCTTTGAGATTTTCCCCACGTCTTCCGCGATCAAGCGCATGACTGTGGAGGGCGAGTCCGGCGAGGT
CP050699.1_gap33	1002415	1003910	1495	ACCAGCAATTGCCCTTTTGGTGGTTTCAAGCAGAGTGGCTGGGGCAGGGAGCTTGGCCGTGAAGGTATTGAGGCATACCAGGAGACCAAGCATATATCCCTGGGTGGAGTGTTCTAGCGGCAGACATGAATTTAGCATGTGCAGGGAATTGAAAACCATGACTACCAATATACGGTGTTGATTTCCTGGATTCTAATTACAAGTATGGCATAAACAAAAAGCCCCGACCAGAAATAATCTGATCGGGGCTTTTTGTATAAAGAATCGGCGGCGACCTACTCTCCCACACAGTCTCCCATGCAGTACCATCGGCGATAGATAAGCGACCGCAGGGAGACTTCGAGAGCTGATCCTGAGAAGGTCACGGGTTGGGATGGTGCTGCTGGTAAGGAGACGTGAGCCCGGTAATATGGCTATATACCGGGCTCGCAAGCGACGCAGCGAGCGGCGCCATCTCGACTCGACCGAAGGGGTGAACTTTTCAGGAAACTTCCGTGTTCGTGATGGGAACGGGTGGAGCCTCTTCGCTATGACTGTAGAAAAACATTTTGGCCGTGAACAGATAGGGGGAGGGGAGAAGTGAGAAGTGTTTAAGAACGCTTTACGTTTTACCTCTGGCTTCTGACTTCTACCCTCAGACCAGTGCTCAATCGCAATTTACACAACAAAAAGCCCCGACCAGAAATAATCTGATCGGGGCTTTTGTATAAAGAATCGGCGGCGACCTACTCTCCCACACAGTCTCCCATGCAGTACCATCGGCGCTGAAGAGCTTAACTTCCGTGTTCGGAATGGGAACGGGTGGAGCCTCTTCGCTATGACCGCCGAAAAACTGTAGTATTTCGGCTGCGGGTTTTACCATGAATCATGATAACTCCCACTAAAAATCGATAATCGAATAGTAGGGTAGTAGTAGTTATATTTAATCAAAAGAAGTGGATAAGCCGCACGGCTTATTAGTATCAGTTAGCTCCACGTGTTGCCACGCTTCCACACCTGACCTATCAACGTTGTAGTCTACAACGAGCCTTCAGATGGCTAATGCCATGGGAAATCTCATCTTAGAGTGGGCTTCCCGCTTAGATGCTTTCAGCGGTTATCCCTTCCGAACTTAGCTACCCAGCAATGCCCTTGGCAGAACAACTGGAACACCATAGGTTCGTCCACCCCGGTCCTCTCGTACTAGGGGAAGATCTCTTCAAATTTCCTGCGCCCGCAACAGATAAGGACCAAACTGTCTCACGACGTTTTAAACCCAGCTCGCGTACCACTTTAATTGGCGAACAGCCAAACCCTTGGGACCTGCTCCAGCCCCAGGATGTGATGAGCCGACATCGAGGTGCCAAACCTCCCCGTCGATATGGACTCTTGGGGGAGATAAGCCTGTTATCCCCGGAGTACCTTTTATCCGTTGAGCGACGACCCTTCCATGCGGAATCGCCGGATCACTAAGACCTACTTTCGTACCTGCTCGACATGTCTGTCTCGCAGTCAA
CP050699.1_gap34	1114563	1116110	1547	TACACGGTTTGGTGCCAAGCTGGAAGCCTCGATGGAACATGCCATTCGCCGGGGGCGAATTTTGCGGGAAATACTTAAGCAGGAGCAGCGCAACCCTCTTTCGGCTGAGTTTCAGCTGGCCTGGCTCATTGCTTATAACACCGGTCTATTCGATAAGCTTGAACACTCTGAGGTGCCGAATGTACTGGAATACCTTGCAGGAAAACTCAATGATGAGCCGCTTAGTCTTGAGGCGAGCAGGGAAAGCTGGCTGGAGAAAGTGAATTTCTGGCTCAAGAACTTTCCACGACAGAATATGATATGAGCAAGTTCAGAAAGGTCGAATACCACATTCAACAGCTGCGGGAGTTGCAATCGATCATTACCTCAATGAAAACGCTCTCCCAGCTGGAATTGCGGAAACTGACCGGCCGGGCAGAGCATTATCGGGAGATCGCACGGGTCCTGCAGGAAATGGTTGACGATTATATGGTGAATTTCCCCCAGCCGCACCCGATTGCAGGTGATGATTTGGTTATGGTTATTGGTTCTGAGCGGGGATTTTGCGGCCCCTTCAATGAACTGCTTGGGGAAGCGCTCCTGACAGGTCAGGCGAGTGTGAAGGAAAAACCGTGGCGGGTGCTGGCAATAGGCAGAAAACTCTGTAGCCATCTTGATGACCGGCTACCGGGATACATACCATTGGCAGGGGCCGGAACCAGTGAAGAGCTAGCTACTGTATTGCCTCGGATAGTCACAACTGTGCAGCGTCAGATGGGTGAACAAAAATGCACTAAGCTTCTGGTTCTCAGTCATGGTGATGATGAAGGGGTGGTGGCAGTCAGTCACCTGCTGCCTCCCAAGCCGGTTCAAAAGGAGAGGGAGAAGCTGATTCCGCCACATCTCTACCTGGAACAGGCTGTTTTTTTTCGTGAGTTCCTCTCACATTACCTGTACCTCAGCGTTATCCGGCTATTCACCGTCTCACTAATGATTGAAAACCGTTATCGGGTCGAACACTTGGGGGGAGCAGTGCACAGGCTCGACGAGCGGCTGCAGACACTGTGCACCAAGGCAAGATCGTTGCGTCAGGAGGAGATCACAGAGGAGATTGAGATGATACTCTTAGGTAGCGGCACCTTTGATGCTGGATTGTCTGGGTTCTGAAAGTGCATTGAGCAGATCCACAGCTTATGAGTTTTGAGGAACGAATTGGCAGGGGGAAGAGGATGGACGTATTACAGAATGTCACTTTGAAATGTTCAGGAGAACTTTTGTCTGAAGAGATTTCCTCTATTTTTGTGACACAAACAAGAAAATGTTGTTGGCAGGACTTTTGCCTTCATTACTTGCAGCCAGCTGTCGCACTAAGCCTTTTCTGCGGAGTCCCGCAAAGCTCGTTTACCTGATTTGGCGAAAAATTGTAATAGCCCGACAGGCTCCTGACGTTATATATATCGCTGCATGATCCTGTCGATCACCTGGTCCATATTATCGACCCGGACCCCGAACTGGTCGCACATCTGCTGGGCATAGCCGCGGGTAACAGGGCTTTTCAAATCTCCTAT
CP050699.1_gap35	1126706	1130732	4026	ATGAGTTCACACGCTCGCCAGAGTGCTATGGTCTGTTCTGTGTCTGCTAAGGTGAAGGGCCGGATAATCATTATTGAATGTGGGAAGAATCTTTAAAATAAGTGTTGGTTGGGGCTACTTTGGGCCAGGATGATTTCATGGGTCTTGAGCATTGCGAGAGTCAAATTTCATGTAAGTCAATCAAGGGATTTCGAGGCTGTCAGTGATTCATACTTTTGCATCATAGAATGCTCACGAGACATTCGGGCTAGGGGACTCGGGCATGGGCTATGGCAAGTATCGGCGTTGCCTGCCGCTCTTCATCATCCTGGTAATAGGTTTTATTAAAAAAGTCACTGCTAACCGTGGTGATGTCGGTGAAGCCCCTGCGGCTCAGAAAATCGTCGACTGCGTCGTCTTCGATACCAAACAGGAGTGGTTCATCTGATTTTTTGGTTATCTCAAGCCACGCTTTGGCTTCTTTTCTATCTATCGTGTTTTCCAGAACACCGGGATAGGTATAGTCAAAAATGAGGCGACTACCTTCTGCGCTGTTTCTGGAGATGAACAGTAACGTTTCGTCAATGGCCTCAAGGTCGAGGTACATGATGACGCCTTCCATGATAAAGAGACTTTTTTTGCTGCGGTCGTACCCGTAGTCAGACAATAGCTCCAGGTTTTCACGGTGAAAATCGATCGGGACGTAGCTGACATGATCGGGCAAAGTGGAAAACAACTCCTCAACTTTGGCTTTTTTGATTGCCTGGGTTGCAGGGTGATCCACTTCAAAAACCCGAATCGCGCCTAACTCCTCGAAGCGGTGGGCGCGAGTGTCGAAGCCCGCCCCGAGGATGACCAGCTGTTCCAGGCCGACAGTGAGTTGCCCCGCGAGATAATCGTCGATATATCTGGTGCGGGCCAGAAAAAATTCGTGAAAACCGGGAACGAGATCCCTGAAGATGGCAATTGTCTCCTCGCCAGGGAGCTCTGATTCCCCGATAACGGAGAAATTGTCCGGCAGAAATGATTTGGCATATTGGTCGCTACAGATCCGATTGGAGTCCGTTCGAGAATATTCATAGGCCCTGTGCGCTGCTATTATCGCTGCTGAACGACTCGCTTTGTCACTGTCCATGCTCTCCCTCCCTGGGCCTGCAATGATCTGGTATAATTAGTCACTTGGCAACCGGGCATACTCTACCTGGTCTATGATGACTATCCTATCAACTCCCCACTCGATTTTTTCATCAGCCAGCTTTTACTTTTTTCTATGTAATGATCCAGTTCGTTATACTGGTGGTCGTTTCCGGGAATGGTGAGCAGGTTTGCCGGTTGCAATTCTAACAAGAGTTTTGCGTGACCGAGTTTATCCTCCTGCTGCTGGATGAGTAAAAACGAAGAATCGGCGAGCTGCTTGAAGGCTTCTTCTGCCTGAAACCCTTTTACATCGGTGGCGATCTTGATAGGGATGCCGAACAGGATGGCGCTGTCACAGCTTAAACGGCCCTCGAGCAGTGCCTGGAGCAGGACGAGGGTGCCGAATGACTTGGCAATAATAAGATCAAACTTTTGAGCCGGGAGTCTGCCGATTTCTTTCTTAAGGCTCGGCTTGTCGTCCTTGTCGGACCAGAAGGAATATTCAAAAGGAAAAGGTTGCTTGGAACTCAGCTCAAGCTTGTGGAAAACAAGATCGAGCCATTCTATAGTTGCGGGATTCACCCCGGGGAGTAACAAAGTTTTCATGGCGTATATACCTGTGATAATTGATACGATGAGTCAGGGTCCTGTTTTTGACCTGATGTTATCGGTTCATGTCACGTTACGTGGGAACTTCTCTGTTACCAGTGTTTGTACTTCCTCAAGCCACTGCCGGCGCTGGTCCTCACTGCTGGTCACCACTATGTTAAACATGCGCCGGTGAAAGTCACGGCAGCCGCAAAGGTCGAAGATACAATTTCTCCAGATGGTCTCAAGAGGGTCGCCGAAGACCTGCTGCTCCCGTTCACTTTCGGTGTTGGAGGTGTTGAAGACCAGAGCGGTATCGGCCTTGAGCAGACCAAGCGGAACTCCTTCCCCCTGATCCTGTTCGATGAATTCATAGGCGACACCGGGGCGGATGACTCTGTCAACCCAGCCTTTTAATATCGCCGGCGGCATTCCCCACCAGTTGGGGTGAATAATGATAACTCCATCAGCCTCGCCTATTTCACGGCAGTGGTTCGCGATGATTTCCGGCAGATCAGCGGTTCTTGCGATTTCCGCGGACGGCAGGTTCGGAGGGAAATCCTCGGCGTAGAGGTCGTGAAAGTGGACCTGATGGCCACTGTGTTCCAGCGCGGTCACAACCCGTGTTGCGATAGCATGGTTGAAGCTGTTTGAATCGGGATGGGCGAGGATGACAGAGATATTCATTGGTCAGAATTTCGGTAATTACGCTTTTTTCACAAATTGGGTGAGGATAACGATCTGCTGTCCACTGACCCGGCCCTCGATCTGTTCGGGGTTGTCGGCAACAAGGCTGATGTTGCGGACGGTGGTGCCGCGTTTTGCAGTGAAACCGCCACCCTTGACGTTGAGGTCCTTGATAAGGGTTACACTATCTCCGGCCGCAAGCAGGGCGCCGTTGCTGTCTCTATGTTCAACCCCACTCTCTTCTCCTTCGTGCTGGCCTTCTTTCGCCCAGGCAAGGGTCTCTTCTTCGAGGTACAGCATGTCGAGCAAATCCTGTGGCCAGCCCTCGGCCCGGAGGTTTTGCAGTATGCGCCAGACCATCACCTGTACTGCCGGTACCTGGCTCCACATGGTGTCGTTGAGGCAGCGCCAGTGGTTGGCGTCCATTGATTCCGGTGTTTCTATCTGGTCAAGGCAGACTTTGCAGATCATGACGCTCTGATCTGCGCTGCCGTCTGAACTTGGTGGTACTTCGTAAGCAGAAAGGTTTTTGTCAGATCTGCATAATTCGCATTGTGCCTCGCAACGGGCGAGCAATTCATCGTGTACACTCATTTTGGATAATCCTGGGTTCAGCTTTGAAAAAGGGAAAAGAAAGGAGCCTCCTTTTCTTTCCGGGTAAATCAATGGCATCGAGCATGCTCTTTGCCGGATGGGCAATACAATATTGGATTAGAAGTTATCTGTCCACTTTTCCACTAAATTTTTTAAAAATACAATCAGGAAGAGTAGAAGGGATAACCGCGCGCGGAAAAAACGGCGATTTGGGGAATTATATTGACAGGAATCAGAGACCTGGGGTAGAGTTTCGAATACATATCAGGCTCCACTTCGGTGGATGAAAAGGGAATCCGGTGAAAATCCGGAACGGGCCCGCCGCTGTAATCCTGCCCCGGCATTTGTACTATGCGCCGGGGAACGTTTCTGGCTGGAAGAGTCACTGCTCAGACCATATTCAATCGAGTGGGAAGGCTGTTGGAAACGGGGGAAAGTCAGAAGACCTACCTGAAGACATAATTAGGAATCTCGTGGACCAGCTATTCCTGAACCTATCCGAGTGGACAACAGGGCATCCCCGGCGCACCATGCAGAACACATTGCATGATGGTCCGGGTTTTTTTATGCCCGGGCAAGTGAGAACGTAATTGCGTTGCGCCTCCCCGCGACCTTGCTCCTACGCCACCCAACCCATACCTGGGGAGCAGGGTCGTGGTTTTTTTTACAGACTCTCTATTCTTATCCGGAAGTCCGAATCTGAGGTAACCGGAACTGGTCAGATGAATTGCAACCTATCCGGCATTCCTGAAAAATATTAACAAAACCCTCACTGAAGTGATGAGCGCAGCGATTGAGGTCGCAACGAATAGAATACAGACCAGCCAGTACCAGGACCTGTTTAATTTGTAGCGGATTCCGGCGAAGAAACCTGGCTTGGTGATAAGCGGCCCCGGCACGTTTTTGAAGGTGGCGATGAAGAAGTAGCCGCAAAAACCCCACAGGGCGCAGACAATCGATGGAATTATCAGGTTCTCACCTGAGATGAGTCCCTCGAAAACTATAATGATGCAGAGCAGCAGTATGCCGCCGATACCCAGC
CP050699.1_gap36	1132933	1134537	1604	AGTACACTGTTGCTTCCAAGCTTGGCACCACCGGTGAGCAGGCTACCAAGCGTATGATCGGTAAAGCCAAATACGTAAGCTTTGAGACCGAGCAGGAAGGTGTACTCGATGTTGTAAACGGTAAGATCGATGCGTTTATCTATGACATGCCATACAACGCCGTTGCAGTGAGCCAGCGTGGCCAGGGTAAAGTCACCCATCTTGATAAAGCCTTCACCTTCGAGCCGCTTGCATGGGGTATCCGTAAAGGTGATCCTGATTTCCTGAACTGGCTGAACAACTTCATGTACCAGATCAAGAATGACGGCGTATATGACAAGATTTATGGCAAGTGGTTCCAGAGTGATGCCTGGCTGAAAGAAATTCAGTAAAAGAGGATATCCAGACTAGTGAATGCCACAGATAAAACGTGGCCCTGGAAAATCTTGCTTGCGGTCATCCTGATTGGGATGGCCGCATCAATTTATGGGTCCGTAAAAAAGATTGATTACGAATGGCGGTGGAACCGGATCCCCCAGTATTTTGTCTATCAGGGAACTGACGCTCACAAAATACCCTTTGACGGTGTTATCACAGAGATTACCCAACAGAAAAAAAGCTCAACGATTGTTATGACCTCCGAGTCCGGGGATGTTGAGACTGTTGTGGTCGACAGTGATAGTATCCGGGTTTCTGCAGGGGAGGATCTCTTTGAAGGAGATACAGTAGGCTATACTTCAGACTGGTATCTCGGCCCGTTGATGAAAGGACTGTGGACCACCATCTGGCTGTCGGCGGTTTCAAGTGTCATTGCGCTTTTTATCGGGTTGTTTACCGGGCTTGCCAGGGTAGCGAAAAATTATGTTGTTAGCATGCTGGCGGCCATCTATGTCGAAATCATTCGTGGCACTCCACTACTGGTTCAGATATTTATTGCCTATTTTTTCATAGCCACTGTCTTTGACTTGAGCAGAAACGTCGCCGGTATCGGAGCATTGTCCCTGTTTGCCGGAGCCTATGTGGCCGAAATTGTCCGTGCGGGAATTCAATCTATTCCCAAAGGCCAGATGGAGGCTGCCAGATCGCTGGGTATGACCACTCCACAGGCCATGAAGGACATTATTCTGCCGCAGGCGTTCAAGCGAATTTTGCCGCCGTTGTCCGGCCAGTTCATCAGCCTGATCAAGGATTCGTCTCTGGTCTCCGTCATTGCCATTACCGATCTGACCAAATCAGGTCGGGAAATCATTACCAGTACGTTTGCGCCCTTTGAGGTCTGGCTGGTTGTTGCGGCCATGTACCTGATTATCACTTCGGTGCTGTCGCAGCTGGTCTTCTATATGGAACGGAGGCTCGCAGTCAGTGATTAAAGCTCAGAACGTTTTGAAAGTATTTACCGGCCGCGGTGTAGAAGTCCGGGCGGTGGATGATGTCACGGCCGATGTGGGCTCTGGCGAGGTGGTTGTCGTCATCGGGCCGTCCGGGTCTGGTAAGTCCACCTTTCTGCGCTGTATAAACGGGCTGGAAAAGTTTGATAGCGGTCATATCATCATTGACGGGGTTGACCTTGCCGACAAAAAGACCAACATCAACCACATCAGAGCTGAAGTTGGTATGGTGTTCCA
CP050699.1_gap37	1136345	1138734	2389	AGAACCATATGATCCGTCTGCGGATAATTAAAAGACAGGAGCCTCTCGGCTGGCGCTCCTGTCTTGTTTTATTTTCAGCCATTGCCTTATCGCTTTTTTTGAGTGGTATTCTGCTCTGGCTCAGGGGGACACCACCCATTGAGGGCATTGTCTCCCTTTTCAGTGGTGGTTTTGGCTCCCGTTGGGCCATTGAGGACAGTCTGCTCAAAGCGATACCGATCTTTTTATGTTCTCTGGGGGTTGCGATTGCCTTCAGATTGCAGATCTGGAATATCGGTGCTGAAGGTCAGTTTGCCCTGGGCGCGATTGGTGCGACCTGGATGGCACTCAGTTTTCCAGAGCAACCGGCCTGGGTGATATTGCCGCTCATGATCATAATGGCGATGATTTTCGGCGGCATGTGGGGCGTGGTGCCGGCGGTGCTACGGCAAAAGCTGCAAACCAACGAGATCATCGTCACCCTGATGATGAATTACATAGCCATACTGCTGCTCGATTATCTGGTTTTTGGTGTCTGGAAAGATCCAACCTCTTTTGGCTTTCCCATGACACCGACATTTTCTGACGCTGCCATTGTAGGCAAAATCGCTTCTACAAGTATTCACTGGGGCTTGGTGCATTGTGTGATCCTTGGCGTGCTGGTTTGGGCTTTTTTCAGATTCACCAAAACCGGTTTTGAACTCAAAGCGAGTGGTGATTCTGTGCGGGCCGCACGTTATGCAGGTTTACCCTACAACTGGCTGGTCGTGCTGGTGATGGCCATGAGCGGTGCGCTGGCAGGTTGGGCCGGTTTTCTCGAGTCTTCAGCCACCATCCATCGCCTGCAGCCAAGCATTATGGTCGGCTATGGCTATACTGCCATTGTCGTCGCCTGGCTGGCGCGGCTGAATCCGCTTTCCATCGGCATTGCCGCTTTCCTTCTGGCAGGCCTGAGGGTAGGAGTTGAAAGCATGCAGCTCGACCTGCAGGTCCCTGCCGATTTTGGTGGGATCATGGAAGGCCTGATTCTCTTGAGCGTGCTCGCCGGCGGGCTGTTTACCAACTATCGTTTGAAATGGGAGAAGAAACATGACAGTTGAAATGCTCATCCCACTTCTGGCGGCTACGGTGCAGTCGGGTACCCCCATTCTTTATGCCACTCTCGGCGCGATTTTTAACGAGAAGTCTGGTGTGTTGAACCTGGGGGTCGAAGGCGTGATGATAATTGGAGCGCTTGCAGGTTTTGTTGCGGCCCAGGCCACCGGCAACCCTGCTCTGGCATTTCTGCTGGCCGGCCTTGCCGGGACTGCTGCTGTGGCCATTCACGGTATTGTCTGTCTCTGGTTTCGTGGTAATCAGGTCGTCTCCGGGCTGGCGTTGACTATTCTTGGTGTGGGCTTTGCCAATTATCTTGGAACTTCGCTCGTCGGTCAGTCGGCGCCGGGTTTTTCGAAGATGCCCATTCCACTGCTTTCAGATATTCCGGCTATCGGCCCCATCTTTTTCAACCATGACCCGCTAGTGTATCTCACCTATCTGATACCCCCCTGTATGTGGCTGTTTCTCAACTTTACCCGGTTTGGTCTCGGTCTCCGTGCTGCTGGAGAATATCCGGCGGCGGCCACTGCAGCGGGTCTTAATGTCCAAGGGTACCGCTGGGTTGGTATCCTGGTGGGCGGCTTTTTCATGGGACTTGGCGGTGCCTATCTCTCTCTGGCCTATACGCATCTTTGGACCAACAATCTTACGGGAGGGCGGGGCTGGATTGCCGTGGCGCTGGTGATTTTTGCATTCTGGCGACCGGGAAGAGCAGTATTTGGTGCGTATCTGTTTGGTGGTATTATGGCTCTGCAATTGCGTATGCAGGCACAGGGAACGGCGGTACCATCATCGCTGCTGCTTATGTTGCCATATGCGTTGACAATTCTGGTGCTGGTTTTTTCCTCCTGGCGGCGCGGGGTATCTGATGCACCTGCCGCACTGGGAACCAATGTGGAACCTGCGGATTGATGTAAATTGCACATGGAGCTGTTTTAGTAACAGATATTGACAAGAAAAAGGTTGATCAACGGACGCCTGATATTTATCAATTATCTGCGATACATGCTCAATTGTATTTGTGTTGTCTAATAAAGGACAAAGGAATAACCAATAAGCTGTCTGCCGGGGTTCTGGCGGAACCCGGCGGCAATGAACAACGAGGGAAAAATGGCATCGAATGATCAGTATAAGAAAACATATCCGATTAGTTGGGAGCAATTGCATCGTGATTCCAAGGCATTGGCCTGGCGGCTTCTCGATCGTGATTATTTCAAGGGCATCATAGCAATTACCCGTGGCGGTATGGTTCCTGCGGCGATTATTGCCCGTGAACTTGACATTCATCTGGTGGATACCATTTGCATCTCAA
CP050699.1_gap38	1144801	1148571	3770	CGTTTACGGGCCGCTGGCACTCTGTGCTTCTTCCGTAATTTATGAGGGTGTACCGACCTATCCGGACGCTGGTCGTTCATGGCGTATCGCCCAGGAGCTGGATGTCAATATCTTCCACACTGCTCCGACGGCAATCCGCGCTCTGAGAAAAGTCGGGCCGGATGAGCCAGCCAAGTACAATTATAAGTTCAAGCATATGACCACCGTTGGTGAGCCCATCGAGCCTGAGGTATGGCGCTGGTATTACAACGTTGTCGGTCGTGGTGAGGCAGCAATTGTCGATACCTACTGGCAGACAGAGACCGGTGGTTTCCTCTGCTCAACAGTTCCGGGAATGCAGCCGATGAAGGCTGGTAGCGCCGGTCCTGGTGTTCCGGGTATTCACCCAATCGTCTTTGACGAGTCTGGTGATGTACTTGAGCCTGGCTGCGGTAAGGCTGGTAACATCTGCATCCAGAACCCATGGCCGGGCATGATGCAGACCGTCTGGGGCGATCGTGAGCGCTTTATCGAGAGCTACTTCGGCATGTACAACAAAGACCGCAACTCCAAGGATTGGCGCGACTGGCCATATATGACCGGTGATGCCGCGGTGCTGGCGGGTGACGGTTATGTACGTGTTCTCGGCAGGATCGATGACGTTATCAACGTCTCCGGTCACCGTCTTGGTACCAAGGAGATCGAGTCTGCAGCACTGACCGTGCCTGAGGTTGCCGAGGCTGCGGTTGTACCTGTGGCCCATGAGATCAAAGGCAAGGAGCCGGAGCTGTATGTATCTCTCAAACCAGGTTATGATGCAACTCCGGAACTGCAGCAGAAGGTCGCAGATGCCATCACCTTCCAGATTGGTAAGATTGCCAAATGTAAGAACGTCTGGATCGTACCCGATATGCCGAAGACACGTTCCGGTAAGCTGATGCGACGTGTCCTTGGCGCCATCTCCAATAAAGGCGATGTCGGCAACGTCATGACACTGGCCAACCCGGAGATCGTGGAAGAGATCCGCAAGATGGTTCAGGGCTGATTGAACCGGTAATTGTAACTAAACCTAGGAAGCACGGTTCCTGCTCGGACTGTGCTTCTGTAAAAAAACATTGGACGTTGGATGTTGGACGTGGAAGTAAATGGGTCGGCTTCGGTATGTGGTGCGGTCACGTTAGCCGAGGTGGCTCAATACAAGTCTTACATTCAAAAACAATAGCCAGAGGTGAAATTGCATTGTTCATAGTCGAGGCCTCCAAGGTGAAGCCGCAGTAATTTTGCCGCGATGCCTGGATAATCGATTATAACCTCGAGTAAAAAAGAACAGAGGTGAATCTGAAAAGGTCATAGTCGAGGCGTAGAGAGTGAAGGCGTAGTTGTTCTACGTCGAACTCTCTACAACGAAGAGAATGACCTTTTCAGAACACCAAATTGCAGGCACGGGCATGTGAGCAGACAGCGCCTGTGTGGGTGAGGGAGGCCGGTTTTACTGGCTTCCCTCATTTTTTTTGGCGAAAAGCAACATCACGCAACTAGCTTATCTGAATCCTATTTACGAAATAAGTGGAATGGCTGCATCGTTGATTTGGATGGGAATTTGTGTTTAATCCTTTATCGCAACGGCCAGAGGTGTTGAAAATACAATGCCTTTGCGCGGTGGTTGAATCATGTGTAAATTTCTTTATCGTTTAATCAGATAGTAAGTCAGTGCCTTACCAGAGTTTGCAAAAAGACGATTACGTGCGATAGGCTATTTAGGAGGATTTCCCTGAAATAGCTTTAATCACAATCGATCTGGAGGCTTTGGTGAAAGAACGTCTGCTTATCGTTTTAACCGTATTGGTGATTTTCTCTTCTATTTTCGGTGAAGGAATTGCAAGTGAGGGGAAAGGTGATTCTACTATCGTTTCAGAGATACGGTTTGGTCTGCTGAGTCATGATGTAGGTGTCTTTGCCCAAAGTTTTGAGAATGGAGTAGACATAAATTTTGATATCTTCTTCAAATCGCCAGACAAGTCATTCTTCCGTAAATTCAGTTCTCCCAGACCAATGATGGGGACTTGTATCCACTCAGATGGGCAGACCAGCCAGGTTTATGGGGGCCTTGCCTGGGACTTCAGGACAACGGATAATATTCTGCTTACTTTTGGGCTTGGTGGCGCAGTTCATTCTGGTGAATTGGATAGCGACGATCCGGGTGAACAACGTCTGGGCTCAAGAGTCCTGTTCAGGCTGGCAATGAATGTTGGCTATTATTTCAGCGAAAGATGGAATGCTTCATTTTACTGGAACCATATTTCCAATGCGAGTCTGGCTACCCCGAATTACGGCTTGGATAGTATGGGGCTGCAGATTGGTTATGTCTTCTGATTACATCGCTTATTACCCTGGCAAATATTTGAAGTAGCCTGTGCGGGCAGCATATCAGTTTGTGTTTGCAATCACATAGCTCTTCAGTTGACATGTATAACAAAAAAAAGCCCGGACCCCATCATAAGATGGCGTCCGGGCTTTGGGTACAGCAGAGGTTGTACAGGCCTCAGGTTGTTACACCATGAACTATCTTTCAGGCTTAGATAGTCTTGGCGGCGCGCAGTGAATCTGCGAGAATCTCAACCACGAAGCGGACGTTCTCGTCGCTTTCGTGCTGGGAGAGATTATCGGAGATGTGCATTACGCAGGTCGGGCAGCCGGTGGCGACCATATCGACCTTGGCATCCTGAATATCCTTGATCTTGTGGTTGTTGATCTTGATCGAGGTGTCGTAGTGAGTGATGCAGTAACTACCCGCAGAGCCACAGCAGGTGTCGGCATTCTTCATCTCGGTGAACTCTACACCCGGGATCATTTTCAGCAGATTTCTCGGCTGATCTTTAATGCCCTGGCCGCGAACCATGTGACATGGATCGTGGTAGGTCACTTTGTATGGCAGACGTCCCAGTTCTTCCTGCTTGAACTCGATGTTCTTTTCGATGAACTCGTTGATGTCAAATACCTTACCGGTAAACTCACGCAGCTCGGGGCTGTCGTCGACGAATACCTTGATCTCTTTCTTCAGCGACATGCCGCAAGAGGAACAGGCAACAACGATGGCGTCAAACTTCTCTTTATGGAACAGTTCGAAGTTGTGCTCCATAAGCCGCCTGGCGCCCTCGTAATCACCATTGGCGAGAACCGGGGTGCCGTTACATTTCTGGGCTTTGGGGATGACAACCTCGTAGCCGTAGCCGGTGAGAATATCCACAACGGACTTGGCGACGTTAGTGTAAATCAGGTTGCCGGCACAGCCGGTGAAGTAACCGATGCGGCCCTTCTTGGCGCCTCTCTTCGGTGGATTCACCTCGGGCAACTGGCGCTGGGCGCTCTTGATTGCCAACTGCGGGAAGTTTCTACGTTTGGAGAAACCGAGCAGTGGATAGAGGTGACGAACCGGGTTCTTCGGGCCTATGCCAAAGAGCATCTTCTGGGCGATACCGCCAAGAGCGCAACCGATGGTGATCGGCCATTTTCTCCAGAGCAGCTGACGGAAAATAAGCGCCTTGAAGAAGTGGAGACCTTTCTGGGTGGTGATATACCACCTGAGGCGCAGCACAACGTGCTCGGGGCTTACACCAGCCGGGCAGTTGGCAGAGCAGGTCTTGCAGTTCAAACATTCATTGATGGCCTGTTCAACCCTCTTGGTGATCTGAATATCACCGGAGACGATTTTCTCGGCCAGTTTGTTTTTGCCCCTCGCCACGAAAAGCTCATTGCCGAATTCCTTGAAGACAGGGCATACACTGCGGCAT
CP050699.1_gap39	1217391	1218158	767	TGATGTCGATTCAGATAACGGAACCCTACAACGTTGGGAGAATGCTGGTTATCCTTGGGCTGTTTTATGGATTAAAGATATGATTTCCTGGGGGGTGCTTGATCCTGTCGCGGCTTGGTTGATGAACGAAAGAAGAGTAATAACCAGGGATGATGCAATAGAGGAAGCACAGAAATATTGGGATGAACATGAATCGAACATTGATGATTCGCTTCTGGATCCTCGTTTAATTAGGAAGTGGTTTATTTCAGAGAAAAAAGAAAAGAAAAAAATCAGAAAGAAAAGGACAGGTATTCCTATAGAACAGATAGTAAAAATAGATTTGTTGCCTAATGATAAATGGAGAGTTCTGCCGATCGTTGTTGGGGATAAAATCCTATGGAATGATTCAGCTTGCTATCCCCTAGTTAAGTCAGATATCCCGGCAGATTGGGAGAAAATTGCTAAACGGGAATTTATTTTGAATGTTAAGAAACGGCAAATATCTGTTCTCAAGAAGTAAATAAATATCAATGCACTGTTATCGAACTGCCTGCATGAGTCGATTGCAAAGATGGTAAAAGGAAGAGTAAACATATGATCCCTTCAGTACTGGCCCAACATGTTGAGCAGGGGGTAAAGGATTTTCTGCGCACCACCTTTCCTGTAACGACTCCGCATTTCGATGAAGTACTTGAGCGTTTGCTCGAAGAGCCAGGAAACGTGTTTAAAGGGCCGTATCTGGATATACAGCTGCCTTTTCAGCAGGGTAAGGGCGGTGTTGGGTA
CP050699.1_gap40	1233228	1238051	4823	GCCCAAAAGATCCTTCACCATGCTTGCGACCTTGCTCGAAGTACTCAACTGTTTTTGGTTCTGCCTTAAGGTTCTTGATCGTTAAGGGGGTGAAGTTTATTTTCGGCACCTGTTTCTCCTTCAGGTTCGGGAAAGGAAAATTTGCATGCAAACATTTTGCAAACTTTTTATAGGTTATTGAGGATGAGAACAAGTGATGCTATATGAAGTAGCTTTAACACTAAAATGGTGCTAAAGCAATGAAAATAGGATTTATTTATATTGCTTTGTGACGGTAAATGAAATTGTGTGAAATTGGCAAAAATGATAGCAGTAACTGACTTGGGAGCAGGAGGCCGTAGGTTCGAATCCTACCGCCCCGACCATCGAATATAAAAAGGGTTCCAGCTTTTAGCTGGAACCCTTTTTTCGTTTGTGCAGAATTTGTGCAAACAACTGCCAGTCTATCCGAATTGACTTCTGATCCTGTAGGGCGTACCAGATACTACAGTCATTTAGTCTCTATCGCCATAACCTCAGCAGTCCTTACTCTTTTACCTTTCAGCCACCATCTTCTAACGATTTAATGGACATCTAAGGCCAGCTGATGGCCAAATTCTTTGGTGTTACTTCTGAGAACACGTTTCCTGGTTAAAGATCCCATGATTTTCTTAGCGAAATTCTGTGGTCTGACTTCCCAGGTTTTATTGAATTTGGGTGTTACGTCCGTTGGCAAAAGAGGATCTGTGATCACCGGATAGCCAAAATTCAAGACCTGACTACGCTCATGTTGTGACCACGCTCATGCTGTGTGATCACCGGCACCTCAATTGGAGTTCTTGCCGCCTATCGAGGGGCCACCGTCATCCATGCCTAGGTATACGATCAGCAGGTTATGCGCCGCCTATCCTTATCCTTTGGGGTCCATGCCGATTATATCCACATGGATCTTGGCAACGGCACCGCCTTGCAGTCGTCAATCTGCAGTCTTGTAGCAGAAAACCGTTTTCACGAAGACGACCTGTTCGTCATTCTCGCAGGCAGTTTCGGTCCCCGCCAGGGAGCGACCTATATCGGGATCAGCTACAACAGCGAACTTCAAACTTAAATGTCGCTGACAATATTTTTTCTGATTCCCGCTCATCTACGGCTTGAAAATGTGAGGAGAGAGGTGTGAGGTGAGGCGTAGCAGATTGACAAATGCCACCCCTTGAAATGGATTCATTTTATCGAGTTGAAGGGAACATTTTTGTAGGTTTAGGCTTTTATTCCTCCCCCTAACTCCTTGCTTCTCACGCCTTGATTCGTGAAGCTGAGCTTTTGGGGGAAAGCATATATTTTAGAGAATATATGCTGATGAATTGAGAGAGTTAGAAAAAAAGAACTCGTGCTACGCTGAGTACTGTCTTGCATGGCAAAAGGGCATTCTGACTCTTTCTGCCCTCAAAAGGAAATATTGAATTACAACCAAACGATACTGTCTCACTATCAAGAACTACTCTTCACGTGCTTGTTTCGAACGTAATGTAACTCCCAGCCTATAAAGACTGACAAAACACTGTTTACTGATCTTTTTGTATACTATTCGACATAACACCAATTGATGTCACTGGCGATTTGACAAACCAACTAAATGTAGTTGTACGATATCGTAGTACACAATATGCAAGGTTAGGAGAGTCTAACGATTATTGAAGTTGCGTAATATACCCATACTCCTATATCACGGATATTTGCGTATTATAGGAACTCCCAGGAGTTGCCTGATTAACGCTTGCAACTTGAAAATCAATCGCCTACTATGCAATAAATGAATGACATTATAACAAGATAAGCAGTTTGTTGCACAATCCGAAAAGAAATATACCACAACGGGTAGCTACCCGTTGTGGTAGTCGTATTTACTTAAAATGATGCAGAAATCCCCAAAAAGGGAGTACTCCTATATTACACGTTATGTGATCAGTACAGTACATGGAATCAACCAGATCATTAAAAATGAAATTAGTCAAACATTCTAAATGGTTGTTTTTAAGCTGCTCTTTACTAGGCATTTTTTGGTATTTCTATCCATGTATCTTGTTTGTTTGGCTATGGCATTTCAACTATAATGATGAATTTCGTAGTTATGTTAACTGTGTGCCAGAAGAACAATATGTTAATACAGTATTCCGCAATCCTGATACGTATGAAAAATTTTATGATGTCAAAATTAATTTGTTTGAATTTGGAGCAGATCAAATAGAGAGAAGTGAGAAGATAATTCAGCTAAAAATGCCGAAAGGTAAAGCTATTATATTTCATAGTCCCTACCTATTGCAAGGCTCACAAAAAACTATAGCAGGGCAGTCTATAAATTACTTTGATCTCCAGGATCGTTTAAATATTATTAACCAGACATCAGGCGACATTTCCATCTTTAACAACAGGAACAGAAATGTAGAAATTCTTCAAAATATAATCTTGAAATCGATTGGAATAACCAAGGGTGGTTATAGTAAAATCTTATTAGTAAAAAATGATTATTTTGATACAATTTGTAAAATATCCATAAAATCTGATAATGGATATATGTGCTTTGTATACATTTTTCAAGATGATATTGAGTTGCCTGTAAGTGTTGTAATGAAAGATTATGAAAATGTTAATGAAGTTGAAAATGACTTAATTAAATTAATTCGTTTGTTTAAAGCGTAAAAAAAACAAAGGTAACATAACAATTCGTTAGAGAGGGACGCGCAAAAGGCGCGCGCCCCTCAACTCCACGTTGAACCTGTAGAAAAAGGTATTGGTCATAGCAATATCAGGCATTTAGGGTTATATTTAGCTTCATTCGATGGTAATCAACCCCTTAACCCTGCCGAAAGTCGGAAGCCATGGCCAAATACAAGCCGTATTCATACGCTCAGGGGATGTTCATACCAGTATTCTTCAATGAGCAGATACAAAAAGGGACTTTCGAGTACACCCTGAACTATCTGGTCGATCACGAACTCGACCTTTCCATCTTTGATGCCAGGTTCACCAACGACGAAACTGGTGCCCCAGCCTATGACCCACGGATTTTGCTGAAGATTATCCTGTTTGCCTATTCACGAGGTATTACTTCTAGTCGTGCAATTTCCGAGTGCTGTGAGAAATACATCCTTTTCATGGCCCTTTCAGCCAATACCAGACCCCACTTCACAACAATTGCCAGTTTCGTCTCCAGTATGGACAAAGAGGTTGTCTCTCTCTTTCTTCAAGTACTGCTGATCTGTGACCAGCAGAACCTTATTGGCCGAGAGATGTTTGCTATTGATGGCTGCAAACTCCCAAGCAATGCCTCTAAGGAATGGAGTGGCACCAAAGCCGATTTGACCAAAAAGGTTGAAAAGATAGAGCGAGCTCTGCACAGAATGATCATCCGTCACAAGTCCATGGATCTTGAGAAGATAGAGCCGGAAGTTCGGGATCATGAAGAGAAATATAAGAAGAAACTACAAAAAAGTGCTGCCAAGATAAGGGATTGGCTGAAAGACCATGATGACCGACGTGGCAGTGGCGGCAAACCGGTTAAATCAAACATTACCGATAATGACTCTGCCAAGATGGCTACATCGAAAGGGGTAATACAGGGGTATGTCGGTGTTGCCTCAGTGGACAAGAAGTACCAAGTCATTGTTGGAGCAGAAGCCTATGGGCAGGGCAGTGAGTCCAATCTCCTTATACCTTCGCTGAAGTCGATACAGTCTAACTTGGAACAGATAGGCGACCAAGATGTATTTGGTAAGGCCAAAGTTGTAGCGGATAGCGGTTATCATTCCGAGAAGAATCTCGAGTACCTCTATACAGAGAATATAGATGGGTATGTTGCGGATACTCGTTTCCGCAAACGAGATCCTCGCTTTGCCACAGCAGAGCGCTATAAAGATCTCCCCGCTTATCACTTTGCGACCAGGGCCGGTGGAAAGCGACTCTTTCGGCCTGAACATTTTACTTTCGCTGATGATTTGAGCCACGCTATTTGTCCGGCCGGCAAGAAACTCTACCGCAATGGCTGCAACGCCAAGGTGAAAGATTATCAGGCCTACAAGTTCAAAGGAGCTAAGCGAGACTGCCTCCCATGTCAATTGCGACGTGAGTGTTTACGCAAGCCAGAGAAAACCGAGGCCCGCCAGCTAGCTTACTTTCCGGGGAAAAAGCGTAACGGTAATGAGCGATTCACAGAGAAGATGAAACGAAAGATTGATTCAACCATTGGTCGAGCAATCTATGGCATGCGACTCGCTGTTGGTGAGTCACCCTTTGGCCATATACGGTCAACCATGAAACTTGATCGATTCAGTCTTCGAGGAAAACGAAAAGTGAATGCGCAGTGGAACCTGTTCTGCATGGTCCATAACCTGAAAAAGATCCACTCGTATGGAGCGGTAGTAGGCAGCTGACAGGTAGATCGTAGAGGAGAATAGTCCCAAGAAGGTTCACAAATGGACTGAGGGCAAATAGAGCAGGGTAAAGAACAAGTGGAATCGAAATAGGCGGCTAGGAAAGTAGATTTTTGGAACCCTCCTGAAATCGGTTGAGGGAATCTTCGGGATTTTGAACTGCATTTTTCTACAGGCTCGTTGTGCTACCAAAAACATGAAACACATAATGTTCGATATAGATGGTACTTTGTTGGAATCAACTGAAATTGATTCCATTTGTTTTGAAGCGGCTGTTGTGTCAGTAACAAAAATACCCATCAGAAAAGATTGGCATTCTTATCACAATATTACTGATTCTGGAATATTAAACGAGTATTTCAAAGATAATAACATTCAAAATCAAGAAAATACAAAACTAAGAATTAAAGAGAAATT
CP050699.1_gap41	1269601	1271369	1768	AGGTCGTTTTGGCAGGGGCAAGGAGATGGGCAGAGGGCCCTACGAGAAGAGTGGGTTGCTTAGGGAAACAAGCATTCCGCCGCTTGCCAGGGTGCATGAAACATTTGAAATCACCTACCCATTTGAAGATGTCGCTAAGGGCGATTCCACCCGCAGAGAGTTGGTAAATGACGAACTGAAAGTCTCTGTGGTGCTGTGGTATGTGCCCTTTGGCGAGTTTGACGGTAATGAAGTCGCTTTTTTTGAAGAAGAGAGAACGCTCGACCTGAAGACCGAGTGGGTCTGGAGATAAGGGAGGCTTGAGCTATTCGATGATCCGGCCCGTGCGTACAGTCGTGAACTGCTACGTGCGGGTTGCAGTGCTGGTACAGAGCTTATTTGTGAGATAACGTTCTATCGGTTCCCCAAAATTGAAGAAAAGGGGGCGTTACATGAGAATTCTCATCGCGTGTGTTCTGTTGGTGCAGGCTGCTGTGTGTTTCGCGACTGAAGATTGCCCAAATCATGACGCATTCAGGGAACAAGGTTGGGTAATCCATGATAAGGAAGAGTTCAATCAGATACTCACCCAGCGTCTGGAGGACTTTTTACCACAGGTGGGTCAAGACCTGGTCCTCGATCAGGATGAGTACTATAAATCATGTTATTGCTATGATGACTACCTGATAATGCAGATCGTTATTTACGACCGGCTTTCAACCTGTCGGGATGAGATGTGGGGCGATGTGGCCTTTGCCCTGACTGGTAATTTCGACGGAGATTACGTTGAACTGCGCTGGTATGATCCGGTGTCGAAAGAAAAACATATTGTGTGCAACCCAGATTATGTGTGCTGTGTAACCACCAAGGTGCCTCTGGCGGTGAATACTATTTTTTAGGTTCGGCTCTGGGCGCACTTGCATTAGTAGGAAAACGGCACCAGCTGGACTCGCAGGGGGATGTGTCAAACCAGTACTATTGATCCCCGCCGCCTTTACTCGACCCATTCAGCATTTTCAGCCAATGGGGGCAATATAGTAGCGGCCGGAGACGCCCTCAATATCATGATGATAATAGAAACATTCGGGATCGGCCCCTTCAACAGCTTCTATGAGTTGGGGTAATTCTTCGTGGGTGATAATGGTTCTTACCATCTTGAATGATTCCCCGCTGCGACCGCCCAGCCCGGGTTGTACTGTATAGGTACGATGGTCGAGGGTGGAGGTGATCGTTTCTCCGACAATTTCGAACTTCCGGGTTATTATCGCGACCATTATGATCTTAAATTTTCGATAGAGATTATTCAGCGTCTGGGTAGAAATGAAAATGTAAATACAGGTGTACATCAGCGTGTTTATAGCGGCTTCGAAGTTGCCGTTTTTCATGAAATCCATGAGCAAACCGAAGCTGGTCGAGCCGATAGCTGCAAAAACGGCGATTGAGCCGACGGGTTTTAAATACTTCATGGCAAAGTAGGCGCCCAGTATATCTTCGTCACCCGTTGAGCCCCGCCTTTGGAAGGCAATTGCCTTTGCCACACCAGCCAGGAGACCACCAAATATGACGAGTATGATGCGCTCATTCTGAGGTTCCGGTTCCGCGAATTGTAATTCAGGCAGGAAGGCTAAAAAGAGTACAACGGTTATAACGATAATGAGTGAGCGCGTGGCAAACATGGAGCTGACTCGAAGAAACGCGAAAATCAGTAAAATGAGTTGAAATACTAGGTATAAGGCGATGAATAACCAGTAACTGTCGAAATAATAGGAGAGAGCGGAGGCGACTCCTT
CP050699.1_gap42	1294534	1298847	4313	GACTATAAGATGCATGAAGTGGTTGTTCCGACACAGAGCTTTCTTATTGGAAAAACATTATCGGCGATAGAAGACCAATATGCCATTCGCGTCATTGCCACTCAACTGCCAGGAAGAGACACGAAGGTAGGTCCGGGGGCGATGCATTGCCAGACCGTCATTTCTGCGGGGATGGTGCTGGCCATTGTCTCTGAAGAGAATGGCCTCACTGCGTTTGTAGAAACCTACCGCTTGAAAGTTCGTGACAAGCTGCAGACATTTGCAGAAGATCTTTCGGCAGGTAAGGCCGGCTTTGCCGAAGTTGTTCTGCCTCCGGGTTCCAGTCTTATCGGTAACACGAGCCGCGATGCGGGGTTACGCAAAACCCACGGCATTGCCATGCTGGGCTTGCATCGTGATGGCAAGACCATGCATGAAGACGAGGATATCAGTCATGTGGAGCTGCATTCCGGCGATACTCTGGTGGTGCATACCACCTGGAGCAGTCTGATGCGGTTGGAAAAATCTGCTGATTTCGTGGTTATTACCAGGGAGTACCCGCGGGAAGTGGAGCGTCCCCACAAGCTCGGTTTCGCAGCGCTCTTTTTCGCGATTTCTCTCTCGATGGTGTTGTTCACCGACATTCGCTTATCTGTGGCTCTGCTGACAGGCGCAATCGGTATGATCTTAAGCGGTGTTTTGAGTATGGACGAGGCGTATCGCTCGGTTTCATGGAAAACGGTGTTTCTGCTTGCGGGTCTCATACCCCTGGGACTTGCTGTAGAGCAGACCGGTACCGCCCGGTGGATAGCAGACCAGACCATTATGGTGGTGGGTGAAATGCCTGTATGGGTTATTCAGTTCGCGATTGCCATGCTGGCGACATTCTTTACCCTGGTTATGTCAAATGTCGGAGCAACTGTATTGCTGGTGCCTCTGGCTGTAAACATTGCTTTGGGGATTGATGCGAACCCGGCTGTCTTCGCCCTGACTGTCGCCATCGCCACCTCAAATGCCTTTATTCTTCCCACCCATCAGGTCAGTGCGCTTATTATTGGCCCTGGCGGCTATAGGGTTTCAGATTTTATTCGGGCGGGCAGCTTTATGACCATCCTCTTTCTGGTGATTTCCATAGGGATGATGAACGTGATTTTTTAGGAAATAGTGCTCGACTCCGAATGATTACGATGTGGGCCTGTCTGGGATGTTGCACAGGTTCAAACAATCCCCCTTATCTTCTCCAGAACCGGGATAAGGGGGATTTTATGATGCTGTTTTTCAGCTCTGAACACGTTCTTTTTAGAGAACCAGTACCTGCTTACCCATCATCGTGCCGCTTTCCTGCTTGATGTGCATGGCCTGGATATTTTCAGGGGTCAGGCCATGCAAGGTTTCCTGACGGGTACTTATCAGGGTACCGCCATCAAGTAACTCGGCAACTTTCGAGAGGAGCTTGCCCTGCTCCGCCATGTCATCGGTCTTGAACATCGATCTGGTATACATGAACTCCCAGGAGATGGAGACGCTTTTACGTTTGAAGACAGTGATGTCCAGTGGCTGGGTTGGATCATCGATAAGCACAATCCTCCCCTGGGGGCGAATGCAGTCGGCCATGGCTTCCCAGTGTCTTTCCATCTGGGTTGTACAGAATATGGCATCAACTGTTTCGGTTCCGGCGGCTTTCAGCTCTTCGGCGAGATTATTTCTGTGATTGATGGTAACGTCGGCGCCGAGTTTTTTACACCAGTCAACGGTTTCCGTTCTTGAGGCGGTTGCGAAAACCTTCAAACCTGCCCAGTGAGCCAACTGTGTTGCTACGGAGCCAACTCCGCCCGCACCACCTACGATCAGGATGGATTTGCCTGTATTGGCGTCTGCTTCCGGAGTAAAGCCGAGTCTGTCAAATAAACCTTCCCAGGCGGTGATCGATGTTAACGGCATGGCAGCCGCATCTTCAGGGGAGAGTTTTTCAGGAGCAATTGCGGCTATCCGCTGATCCACCAGATGGTATTCGCTGTTGGTTCCCGGGCGGGTGAGATCGCCAGCATAGTACACAGTATCCCCTTTCTTGAAACACTCCACGTCATTGCCGGTTTTTTCTACAACTCCGTAGGCATCCCACCCAAGCACGCCATCAGCTGGCATTCGTTCGCGAACCTTGGTATCCACCGGGTTCATACTGATGGAAACTACCTTTACCAGAAGATCCTGAGCTCCTGGTTCGGGTATTGGTTGATCTGCGAGGGTAAAGGCATCTGTATCCTGTGCTTTACTACCAGTTTTTGCGATTATAGCTTTCATGTGTTTCTCCAATTCAGATTCTATCGATTAGATGATTGACTATTCACCTGGATTGTATGCCGGTGTTAATCAACTCTATTACCTTTCGCTCATCACGCAAATTAATAGTTGTTATGCCAAACATGACTGATTATCATCGATGCTATGATGCAAGTAAACCTCGATATAGATATGCTCCGCTGTTTTGTGGAAGTTGCCCAAACAGGAAGTTTCACCAAGGCAGGAAAGAATATTGGCTTAACCCAGTCCGGCGTGAGTGTAAAAATACGCCGCCTGGAAGATCGGTTAAGTAGACAAATATTCAATAGAAAAAGTAAGAAGCTATCGCTCACCCTTGATGGCGAAATTTTACTGGAGCATGCCGGGCGCATTCTGGCAGTCCATGACGAAGCGGTGATCCGTTTCACAAGGCCCCAGGCTTCCGGGGAACTGCGAATAGGGCTCATTGATTACTTTTTACCGGAACTTCTCCCCACCATCCTCAGCAAGTTCAGAAAGCAGTACCCGAATATCCATCTGAAAATACAGACAGGTGTCGGCATAAATCTCATACCGCTCTTTGAAAATGGAGAACTGGATTTGGTTGTTGCCGGCAAAGATTCCTATCATGGCAGAAGCCGGGTCCTTGCCCGGGAACCTTTAGCGTGGGTTGTAGGCAAGGACAGCGACCCAGCCATGGAAGAGCCGTTAAATCTTGTAGCATTACCATCTCCCTGCAGTTTTCGAAAAATTGCCACAGAAAGTCTTGATAAGGCAAAACGGAAGTGGGAGGTTCTTTTCACCGGAACATCCATTGCCAACATCCAGGCTGCAGTTCAGGCTGGAATGGGGTTGTCGATTCTGCCCCAGGGAGCTGTAACGGAAGGTCTGAGAAAGGCGCCATCCCAACTTGGATTGCCGGAATTACCAATGTACTCGATTGCGCTTATTATAGATGAGCAGAAGTCCAACGAGGCCAGAGATGTGTTTGTCAGCTACCTGGAGGCCGAGCTGAATACTCTCCGGTGAAAAACCGCATTGCCATTTAGCGTGCAATAGCATGTTTTCTCCATCCCTACTCTCTCCATCATTCACCTGCTACCCCCTTAGAAGCCAAAACAGCAACGAAAGGTTCTGGAGCATGTCCTGTAGTAGTTTGTAATTGTTTGTAATTATGCTGCTTGTCAGGCGCTACGCTGAAGTGTGGTTAGGGTTCAGAGTAGCGCCTTGAGCCATCCTGTCGATTTTTAAGAGTTGAGTCGTTCCGTGGTATTATCTTAAAAAAATATCATTTGTTTCGAAAAAATTATTGTTGCTGCATGATTTGATGAAGCCACTATGAAGACAAATGCAATTTATAAATTGTCTGCCAGGAACAGGTGTATATCGTGTAATTATCTATGTTTCCAAGGCAAACCACCCCTTGTGGTGGCTTCAATATTGTTTATCTTCTTCCGAAAGTTGCTCCTTTTTGCAGGAATGCTGAAGTCGAAATCATGGTTGATCGTGATAAGGAAGCAATGTGTCAGAAAAAGGATGGTTGAAGAACTAATAGATAAGATTGATAAAAATGTGTTTAGGAGAAAAGTATGTGGAAGAAAGCAGTATATGTGTCACTGGCAGCCTTATTGTTCAGCTCACCAGCCATGGCTATCGAGATGCCTGCCGATCTGGCTGTTACATTTAACAATGAATCATCTGCTTATCCTTCAAATAAGTTTGATCAGATACTGGAGGCGTATGGCCTTTCATTTATTGCCGAAAATGGTGAGACTGTTCCAGTTACTTACGCAAGCGTAAACGGTGAAGAGCCAGTTTTTAACGATCTCAGCATAGCCTATTCTCCGAAAGACTATCATAAAATTTTTACCGCCTACGGGTTGGAACTCACCGCTGAGAAGGCAAGCAGCTTAATGGTTCAATCCTATGCCAGAGTGGTTGAGGATGAAGTTGTCTTTGGTGATAGTGTATCCATAGCTTACAACAGTTGGGAGTGGCAGGATATCCTGAGCGCGTATACTGCAATATCAGCCAAGGAAACCATGGCGGTTGCA
CP050699.1_gap43	1470909	1472263	1354	CAACACGTTCTTGAATATACTCCTTCAAGTCTGGACGAAGTTGATATCCGGAAGTAATGATCGCGCTGTATTCTTTAACTGCCTGTTCACTGTTCCCGATCTTATCGTATATACGGGCTCTGGTGAGCATGGTGTCGAGAGTCTCACCATAATATTTGTGATATTGGTTGATCAATTTAAGTGCAGCCTGATGCTGATTGTTGGATTCATTGAAGGCTGCAAAACTGAAGAGAGCTTCTTTCAGGGGAGGCTCCTGACTGACTGCTTGCATGAAGTACTCTGAAGCCTCACCAGTGCGTTGCATATTGGCAAGGCCGATTGCAGCATAGAGGGCGGCACGGCTATTTGTTGGGTCGGCTTCGAGTGCTTTTTTTGCGCAATAGACCGCTTTGGCATTCATGCCCATATGAACGAGGTAGATTGTGGCCATACGGTTGTGGATGTTAGAATTCGTAGGCCACAGTTCGACAGCTTCTTCATAGAGTTTGACTGCTCGCTCATAATTCTGTTTGTCATCCGCAGCTTTTGCCACCTTGAGAATCTCTTTTGCTTTCATGAGTTCAGGTGTTTGAGTCGCTGTCTGTTCGATGATGAGAGCTTCCTGTTCAACGACCTGCAGGTCAGCTTCAAAAGAGAGATTGTCAACCGCTCGTTCAGGCCACTCAAAAGCTTTCTTTTTTGGGTAGATAACGATGGTGTTAAAACGCTCTTCCTTGACCAGGTCATGGAGGTTCAGGATCACATCCAGGGCGAAATCCCAGGGAACATCGCTTAAGGCAAGGGTCACGGTGCCGGCAACACCTTCGTCTACGATGATGTTGAGATCTGTGATCTGCCTGAACAGACGGAAGACATTGTGAATGTCAATTTTATAGAAATCGACACTGATCCGCTGATTGTTGTAGCCGGAGAACGCAAAAGTGTCCTGAAGGGATGGTACCGTATCTGCTTTTGGAATGCCTGGAGATGAGCCTGGCTTGACTTTCGCAAGAAGGTCGCTTGATGATTCGATCAACTCATCGAGGGTTGAGTCAGCGTTGGCAGGCACTGAGGAGCGGCTGCCGGTTGCCGAGACAGTTCCAGCCCCGAGGTTGTTTTTGACAATGACTTTGAGCCCCTGTTCGGTGTTTTGAATGTCGTAATCAAAAATTTCAGTCGTGGCTGAATCAAAGACTATCCTTGCACCTGCTCCGCGTTCAGCGACCCGGATTTTGTCGACAGCGGTGCCAACGTATTTCTCACGAAGTAATTCGATGATAGAGACGTCTGAAATATCGATGAACATCCTGGCGGGTTTGTCACCTTCACCGGCCAGTGTGGCAGTTTTGTAGCTTGTTACCGGAGCTGTCGAAGA
CP050699.1_gap44	1562768	1566656	3888	GCACTCAGTCTGGACGCCACTTTTATTCCCAAAATTGCCGAGGCGCTGACCACCGGCAACCGTCCGCCGGTTCTCTGGCTGCATTTTTCCGAATGTACCGGTTGCACTGAGTCCTTGCTGCGGAGCTCCGCACCGTGGATGGACGAGCTGCTGTTCGATACCATCTCTCTCGAGTATCATGAGACCCTGATGGCAGCGGCCGGGCACACTGTCGAGACTTTGCTCACAGACGCCGCAAACGCCTATGAGGGGCAGTTTTTCTGTGTAGTTGAGGGATCTATTCCCACTGCGGATAACGGCATTTACGGCACCATCGGTGGCCGTACCATGCTGAGTATCGCCAATGAAATTATCCCCAAGGCCCAGGCTGTCATAGCCTGCGGTACCTGTGCGGCCTATGGCGGATTGGCTGCAGCATCACCCAACCCGACCGGCGCTAAAGGTGTTCTTGATGCCTTACCTGACCTGAATGTACCGGTAATCAATCTTCCGGGTTGCCCACCCAACCCTGTCAATTTTGTGGCAGTACTTACCAACTATCTGCTCAACGGTTCCCTGCCGGCGCTGGACAGCAACCAAAGGCCGCTTTTTGCCCATGGCAAGAGGATTCATCAGCAATGCCCATACAGGCGGGAGAAATCGAAATGCCAGAAAAATTTTGGCTGTAAAGGACAGTGGACTTCAAGCAATTGTCCGAATGTGAAATTCAATGATGGTACCAGCTTTCCCATGCAGGTGGGGCATCCATGTATCGGCTGCTGCGAACCTGACTTCTGGGACACCATGACTCCGTTGTATACCGCTTCCTAGCGGCCGGAGCAATGATGGCTGAGTTGTGTGCCGTTCACTGAAAATTTCACATGAGGAGACAAAATCATGTCTGAGCGAATAGTTATTGATCCGGTGACTCGAATCGAAGGTCACCTGAAAATCGAAGTGGAAATTAACAACGGTGTTGTCACCGATGCCTGGAGCTCGGGAACGCTGTTCCGCGGGGTCGAGACCATCCTGTAGGGCCGCGAGCCGGAAGAAGCGTGGTTGATTACCCAGCGTCTCTGCGGGGTATGCACCTATATTCATGGCGTAACTTCAGTGCGTTCGGTAGAGGACGCCTTAAACATCACTGTGCCTGAGAATGCCCGACATATACGTAATCTTTTAACCGGTGGCCTGTACGTGCATGACCATCCGGTACATTTTTATCATCTGAGTGCCCTTGACTGGGTTGATATCGTCAGCGCACTCTCTGCCAGTGTTTCCGCTACCGAGTCACTGGCCAAGTCACTTTCAGCCAATGCACCAGCTATAGATTTCGCTGCTACACAGGAAAGTCTGCAGAATTTCGTAAACAGTGGAAAGCTCGGCCCCTTTGCCGGAGGTTACTGGGGCCACTCAGCCTACACCCTGTCACCTGAAGAGAACCTGCTCTTTGCAGCGCATTATCTTTATGCCCTGCGTCAACAGGTGAAGGCGGGCCGCATGCACGCTATCTTTGGTGGCAAGAACCCGCATATCCAGAGTTTACGAGTAGGTGGCGTTACCTGTGCAGATGAGATCAATACCACCCGTATAGGTGAATTCCGCAGTCTCTTAAATGAGATGCGTGATTTTATCGACAATGTCTACCTGCCGGATGTCCAGCATCTTGCCTCCGCTTACCCTGAGTGGGGTACAATCGGTGGTTTCAGGAATTACCTGGCCTTTGGTGAGTTCCAGATGAGCAATAGTGATCAGGGTGATCTGTTCCTGCCTGCTGGTGTAATCATGGATAAGAATATCGGCCAGGTGAATGACGTTATGCTTGCTGAGATTAACGAGCATGTACGCCATAGCTGGTATGAAGGCTCCACTGCCAGGTATCCGCAATATGGAGAGACCGTGCCGAACTACACTGGCTACAACACTGATGATCGGTACAGCTGGCTGAAAGCTCCTCGTTATAAAGGTGAGCCGATGGAGGTTGGTCCTCTGGCACGTATGTTGGTTGCTTACGGTATGGGACACCCCAATGTGGTGAGTGCTGTAGACGGTTTTCTCGCCAAGGCAGGCCTTGGTGTTGATGCCCTGCATTCCACCCTGGGCCGTTCTGCCGCCAGGGCCATTGAGACCAAGATCATCGCCGATGAGATGGGGTACTGGCTCGATCAGCTCCAGCCGGGCAGCAGCGCAAGAGTTTCCGCTTCCATGCCGAATCAGGCAGCCGGAATAGGTCTCAATGAGGCACCACGCGGAGCGCTGGGCCACTGGATCAACATCGAGAACCAGAAGATCGGTAACTACCAGATGGTGGTTCCTTCTACCTGGAACCTGGGCCCGCGCTGCGCTTCGGGATCACGTGGACCTGTCGAGGAAGCACTTATCGGTACCCCGGTGGCCAACCCGGAGCAGCCGGTTGAGATCCTGCGTATCGTTCACTCCTACGACCCATGCATCGCTTGCGCGGTGCACGTGACCGACAACGATCAGGACAGCCATTACCAAATTAAGGTTCTCTAACTGTAATTTCCGCAACTGGTCTCTCATCTTTCCGGTTGCCGAAAGGCGGCCGGGAAAAATGAGTAAAAAAAAGGCTTGGAAATGCCTTTTTTTTATCTGCTGCAAGCATTTGAAACAAATTGGATTTCTGCCACATTGTGGGTGTTTTGGTGCGGCTAAGTGTTGTTACTTTCGTAAAAAAAATAGTTGTATTGCTACCGCTTCTAGGCTATTGCTGTGTTGCAGGCTTGATCCTGGCAGGTGATAGATGTATGCCTATAATATTGTTAGGTTTACCTTTGCAGTAGATGCATTCCTGTCGAAGAGATTTGGTTGAGCTGAAAAGAAATGACACAGCCGCTTTGCTGCCGTGGACTGTTTCTTAGTGTAGGCAACCCATGGGGGGGGAGTCTCTCTATTAACGACAGAGAATGATGTTGGGAAATTGAGTCTCAGAGCTGTAGGTTTTCCCAAAATTCTGTGCAAGGAGTATGTGTATGAAACCGAAATTCAGGTTAGAACAGGCCCAGACGACAAAGGGCGTTCATCGTAGGGACTTTATGAAATTCTGTGGAGTTGTCGCTACAGCGCTCAGTCTCGACATCACTTTCATTCCCAAAATTGCCGAGGCCTTGACCTCCGACAACAGACCTCCCGTCCTATGGCTGCATTTTGCCGAGTGTACCGGCTGCACCGAGTCTATCCTCAGGACTTCAAGCCCATGGATGGACGAGCTGCTGTTCGATACCATTTCCCTGGAGTATCATGAAACTCTCATGGCCGCAGCTGGGCATACTGTTGAGGCCCTGCTTGCTGAGGCCGCAGCTGTCCATCAGGGTGAGTTTTTCTGTGTTGTGGAAGGTGCCATCCCCACCGCCGACAACGGTATCTACGGCACCATTGGGGGGCGTACCATGCTGAGCATAGCGGAAGAGATCCTGCCCAAGGCCAAAGCGGTGATTGCCTGCGGCACCTGTGCAGCCTATGGAGGCCTGGCAGCCGCTTCTCCAAACCCGACGGGTGCCAAAGGTGTCCAGGACGCGCTCCCGAGCCTCAACGTGCCAGTCATCAACCTGCCGGGTTGTCCGCCAAATCCTGTCAATTTCGTCGCAGTTATCACGAGCTATTTGCTGAACGGGCAGCTTCCTGCCCTGGATTCACTCGGCCGTCCAACTTTTGCCCATGGTCGTACAGTGCATGATCGCTGCCCCTATGATGAGGACAGCCTGGAGAGGTTCTGCCTGGAACATCAAGGTTGTAAAGGTCCGCGCACCCGCAACAACTGTTCGACCATCAAGTTCAACGACGGGACCAGCTTCCCCATGCAGGTCGGCCACCCGTGTATCGGCTGCAGTGAACCCAATTTCTGGGACACCATGAGCCCAGTCTATTCCGGAAGTGTGGAGGAATCAG
CP050699.1_gap45	1612168	1614965	2797	TGCAAAATCGTAGAGGCCGGAGACAGTTCTTTTGGTCAGACGCTGGTTGCCGAAATTCCATTCAACAAAGTCGTCCGTACAGGTAGGGGTAATTCTTCCTCCCGGCTCAAAACCCGCATCGTTGTAGGGTGGTGCATCAAGGTTTACCGGTGCCGCCTCAGAACAACTCAAGCCCGTCGGCAGCTCATCGTGAATCACAAAGTTTCTCAGCAGTGCAACCGGAAGCAGGGTATTCAACTGGTATTCGACTTCCTCACCGATCGACACCTCCTGGGTATCGGGAGTAGTTACAAGAGGCGTATTGGCAAGACCTACAATACTTTTGGGTCGCGTCTCCACCTGGACGATACGCACGCTTGCCGAGGCGCTGTCGGAAGTGTAAACACGGGCACCGCCCAGATCGCTATTGGGACGCTGCGGAGTACTCTGGTTGCCGAAATTGCCTGCGAGGCTGTCATAACCGGCCTGGGCCGTGTTGGTGAAAACCTGCTGCGGTGCCGCATCGTCATCGTAGTCGATGCGGTAGTAAAGCTCGACGTACTGCCCCGGATCGATCCGCTGCAACGCTGTGCTATGGGTGTAGGAGAAGGTTATTTGCCCCGGTGTGCTGTTCTTGACGACGTTATCGTTGATCGAGCCCTCTCCATTACTATCGGCCGCGCCAGTCAGGCCGTCACCATCGTTGTCGAGGCCGTCGCTGGCAAACGGAAGCAGGTACGCGTAGTCACTGTCGTCCAGTTGATCCGTAACTATGACGTCGTAAGCCGGAGCTCTTTGCACCCCATCCGAGGCAGCCTCGTTGGTGATCCTGATGCGATAAATATACGAGTTATAGGCATCTCCCTCATCGGTCAACTGAACAAAGTTGCTGCACGAGGATCCGCTGCCGTTCAGGGTTTCGTTGCACACTTCCTTCACGACCGTGAGGTACGGTTCGGTAACGGTGAGATCGACGCGGCGGATTGCCTCATTCGGGTAGCCCACCGTTGCCGGTCCAAGGGTATAATTTTCGATGAAGCCTGTATTGTCGTTTTGGAAAATTGCATCAAACGTCGATGTCATAACATTGTGGCTGTTGGCCGCATGGACATTGGGCGCGAGCCTCTCATCGACAGATTTGTTCAGCAGTCGGGTCTTCGTATCGACGACAAACCACTCATCGGCCACCTCGATCCGTTCTTTTTCTGGTACGTTGAAGCGCCAGTTAAACCAGCCTTCGTCCAAAGCCGACAGACCGGCCGGATTGAGCGTTATATTCTGTATTCTGCTGGTAGATTGTGCATACGGGTCGGTGCTGGAAAGGTACGCCTGGCCGTCAGGAACTTCATCAACCACATCGATATTTTGTACGGCAATATAGGCAAATCCCGGAGTTTCGAAACCAAACCAGCCTCCTGTCTCGATGTGGTAGGAGCATTCCTCACCTATCTGCACCTCTTCATAGCCGTTCGTATCGTAGCTTGGCGGATTGTTCTCATTACAGGTGCCGATTAGACTCTTTTTCAGGTTGAAACCAATGACCCTGGCCCAGGTTGCATCCAATGAGTAGTTATTGGCGCGATCAAGTTCACCATCCTCCCGACGTATCGGGGCCGGAAACCAGAGCGGGGTGCCGTCGCTCAGGGTGATTTCACCTACAACATCGGCGCGAAGGCTGAGGTCATCGATTGCGATCCTCGCAGGATCGCTGCTCTTTCTGACATCGAAATTTAATGTGACAGTTCGTCCCGGCCTGATGACCGAGGGCGAATCGCACTGGTAGACCGTGGCTGTTACAGGTATAGGCGTAGGGTCGACCCACACCTTCCACGGATCTGGCTGTCTGGTGGTTGCGGACAATGAAATCGGACTGCAGCCGGAAGGAGCACTCACAACCTCCATGGTGGCTCCGAAACTGACGAAGGCGTGGTAGTCGGCAGCGTCATGGCCGCCGTTATTGGTCAACTCGATCGGCAGGGTCAGGAGTTGATTTGGATCGTTGGTCAGGATGAAAACTTCGCCGCCGATGGCAATATCTAAATCTTCCGGAAAAGCGGGAATATTGGAACCGTCAGGATTGCCGGTACCGTTTCCCGTCAGGACCAGCTGCTGATGTCCCTGGGTCGAACAGAATAGGTCAAAATCGACGGTCAGGGTATTGCTCAGCGGTGTCTGGTAGGTCGGATCGGTGCCGGTCGTCTCGTAGGTCTCGGGATTGATATCGAGATTTGCTTTCCGATCATAGAAATCGGACTCGATCAGGACAACGCGAAAACTGACCACCGCAACATCACCGTGGCGCAACATGTCGATTTGATCTGAGTAATCGGGATGTGAAACACCGTTGCTGGTTATATCGAACTCCGGAGCAGTATTGGCTAAAGGATCAGTGTCTTCATTGGTCCAGACGATGGTATCGACAAGTCCCGGATACGTCCCGTAGGCGGGTGTCACATCTATCTCTGGGGTGAAGGTCGGGTCCATGACATACTCAGGTGGCAGCACATTTTTCAGTTGGATGTTTTTCACACTGCCGCCGCTTTGGTTGCGGATGGTGATGGTCATCGTCCCTTTACTGCCCACCGGTTGAGAGGTGTTGGTTCCGGTCAATTGGCGTTCAACGGTCAGATCAGAACTATAGAGGGTCTGGAGGGTGGCTGTGGCGGGAGCCGGGGTGCGACCCGTGGATGTCTCGCTGATACCACCGGCCGGTTCCTGCTCCTCGCAGCCCCACTGTACGTCATCGACGGTATTGGTTTTGCTGGTTTCACAGGAGCCGCTACTGCCAATCTTGCCGAGCAGATAGATATAGGCAGCA
CP050699.1_gap46	1813813	1815491	1678	CATGACTCTGGCCAAAGAGGGCTTCATCCAGAATTTTTGCCACCCCAATGCCTTGCTCACCCTCAAGGAATACCTCAATGATTATGGCGGAACCGCGACTGTCGAGGCGGGCAAACACCATATCGAGGGCGAGCTGGAAGCGTGTCAGCTGAAAGTCAAACCTCAACTTGAGGCCAAACTTGCCAAAATCGAGGCTGGTGAGCGTGACCTCTATGTGTGAACGGTGAGCAGGGGAAACGAGTATTCCGGCAGCCTTTGCACATGTTCCTGACAGGAGTTGATCAGTACCATGCTTGAAAAGGCTGCGCTGCTCTTCAGCCCGGCTGGTGCAGTTCCCTGTAGAGTGAAATCATCTCGTCAATGGGTTCCAGTGCCCTGGGCATCAGCCCGTTGGCCCAGGCCAGAAACATGCCGAAATTGATCACCGGAATCCCCTGCGCCTCAAATTGTCGCATGCGGTAGAGGATGGCTTTGCGGGAGAGCATACAGCCGCCGCAATGGAGAATGAGATCATAGGAGGCGAGGTCGTCGGGTAGCTTTCTGGTGTGACAGAATTCCACCTGGGAGCCGACCACCTGTCTGAATAACCGTGGAATTTTCACCGTGCCGAGATCATCGGCCTGCCGGTGATGGGAGCATGCCTCCATCACCAGTACCCTGCCGTTTTCCGAGAAATTCTCCAGCACTTTCAAACTCTTGATCAGCCATTTTGGGTCGGCTTTTTTTCTGGCAAAGAGCAGGGAAAATGAGGTGAGCGGCTGGTCCGGCGGCAGATCCGCCGCCACCTTGCTGAACGCCTGACTATCGGTGATGACCAGGGCCGGACGTATGCCGAGGTTGTTATAATAACTGCGCAACTCCCTCTCTTTTACCACCAGCGCCGCACAATCCCGGTCGAGCAGATCACGGATGGTTTCCACCTGGGGAAGTATCAGGCGTCCCCTGGGGGCGGCCAGATCGACAGGCGTGACCAGGAGTACAAGATCCCCTTCCTGTACCAGCCCCTGAACCGGAGTAAGTTCCTGTTCCAGGAGATGCTCCAGCGATTCCATTCTCCTGATCAGCTCCAGCCCGCTATCAAGGCTGTTGTTATTGACGGAAACAGAGTTCGCTCCTTGAAAGAACCTCTCTTTTTCCGGGTGGACGGCCTGATCTGCAAAAGTCATCACCCCCAGCCAGGGGCGGGTATTTGTCCTGAGCCAGTTGAGAAAATCCAGCTCCGCCTGCTCGGGCGGAAGGTTGGCGGGGGTGGCAAAAAGAATCAGGTCTGCCGTCTCCAGTCTCTCGCTGGTTTTACTTACCCGCAATTCCCCGAGATCCCCTTCATCGTCAAAACCTGCGGTATCGGTGACTGCGCACATGCCCAGTTTGCCGAGTTCTATCTTTCTGGTGACCGGGTCGGTGGTGGTGCCCGGCGTGGTGGAGATTATCGCTTCATCCTTCTGGAACAGGTTGTTCAGCAGGCTCGATTTTCCGGCATTTCGTACACCGGCTATTACAATACGGCACAGTTCCGCAAGGGGAGTGGTGGTCATTATCGAAAATCCTTTTTCATGGTGGTAAGTGTCACGGGGGAAGACCAGTTGTCGAGAAAGGCCCTGTCCAGTTCTGTGTGCGCCTCCAGCCAATCGGCCAGTTCCTGCACAGTCGAGATCCTCGCCGCTTTGATTTGCGGCAG
CP050699.1_gap47	1824367	1826749	2382	TGCCAGCACCGCTTCTGCCTATTACGGCAACTTTCTCCCCTTCGTTAATAGCAAGAGTGATATTTTTAAGCGCCACGACATCACCATAGCTGATATCTTCGCCTTGCAGCTCAATGAGCGTCTGGTGAGGTGTTGAAGGGGAGCGGAACGAATCCATAAAAGCGGTCATGAAAAACTCTATGAAGTTGTGTTACCTGGTCCTGTCGAGGACCAGGCTTTCCAGGTTTTTTAGCGGAAGATGCCAATTTCTTTGCCGGTTTCGAGTATTGGTTGATACATCCCGTTATCGGCAGGGATGAAGCTTTTGCGGGGAAAGGCATCAAGCAGTTCCTGATCGGTGATTTCCACCAGCGCTTTCTGGATCTTTTCTATTGTTCCGGCCCCGTAGATGGAATCCACATCACCGCGCACGGTCCAGTTATAGTCGGGGTATTCAGGGGTCTTCCAGATAACGGAAACCTTGCTGCTATCAATAGTGCCCGCCTCAAGCTCTCTCTCCCAGACTTTATAATTCACAGCCCCTAGTTGATAACTGCCGGACTGAACAAGGGCTATGGTCTTGGAGTGGTCACCGCTGAAGCCAACTTTGCTGAAGAGAGCGTCAGGGGCCTGGTTGAACTCTTTACGGAGATAATACTCGGGCATCAGCCTGCCGGAGGTGGAGCCTTTGGAACCGAAAGTGAAGGTCATTCCAGAAATTTCTTTAGGGAGCTTATCCCCACCGTTCAATCCAGTTGAGCTATGAGCGATGAAGTACGAGACGAAATGCTCGTCTTCTTCACCCTGGGCAATAGCCTTGGAGCCGGGTACAGCGAGCCGTGCCTGTACTCCCGAAAGCCCGCCAAACCAGGCCATCTGCACTTCATTGTTTTTAAAAGCCTGCACCGAAGATGAATAGGATTTGACCGGTACATAGGTAACGGTAAAGCCGAGTTGATCGCTCAAATATTGAGCTACCTTGCCAAAACGCTGTTCAAGACGGGTTGTATCCTGATCGGGGATGGCAGTGAACTTGAATTCTTTGGTGTTTTGGTTCGCATTGACCAGAGACGCTGTCACCAACGTGAGCGCTATAGTGGTGATGAGGGGTGCAAAAAATCTATAACCTGCCATGAGTTCTCCTGATTAAATTAACGACAATTACTGGCGACATGATCAGCCAAAAGCTTCTAAGAGTGGAAAATACTATGGTCGTAAAAGCGGAGAGGGTCAAATTGTTACATCTGATAGACGGGAATTTAAAAATCGGAAAAAACTATAAAGATAATTTAAGAAGCGAATGGCAAAAACGGGGGAAGTTTGAGCATAAGCTTCTTGAATATGCTAATTAACTGATTTTGCTGGACACAGCCTGGCTTTGTGCTTGTGTACGAAAGAGGAGATGAACTTGACGTGGTATTTCAAGGCTGGTGTTTGTAGCATATTCTCTTGGCAAAAATTTTACAGATTCAGCTCATAGGCGATATGGTCGAGCCATTCTCCGTTCACGCATTCGGCATTGGCGAGAGTCTCTTGTTCATGCTAACCAAGGCCCTCAGGTGTGGCACGGCTTTTGACATTTTCTACGATACAATTGATGCCGCTGATTTTTTAATCATAATACTCTTTGCCGAGTTGTATAAGCTTTGTCACGGATCTACTCACTATGCCAAGGCGGGTGAACTCTTCTGGGCTTAAACGGCAGCATAATGAGGGTACAGAAGAGGTATTGGATAAATACAATCTGTTCAACAGAGACAAACTCAGCAGTGTATTGAGTGGCTGCGGTGGCCAGGATGACCTCATGGCCATGGCAAGCGCCAGGAAGGCAGCGAGAAGTAAATGAGGAGTCGATTGCTGCATACAGGGATCTATCCCAGGCCAAAAGTGTGGAGAATGTAGCAGAATACGGAATGAATATTTACTACGAAATCTTTTAGGTATCAGCCAGATTGTAGACTTTGCCCGAATCTTACTTTATGGCAGCTGCTCTGGCAGGGGACTCCTTCTTCGCAAAAATCCAGGGAAAGGTCACTGAAAGACATGGACGGATGAAGAAAATAGTAGTGTTGTGGCAGTCTCCAGCTCGCCTCTCTTGACCGGTCGTCAGCGCTTGGCATATACTAAAATTACTCAAAATCGATATGGGACAGAGCCTGAACCTTCATGAGAACTTACATATCCTGGGATGATTCCTGCTCGACAGAGGTTCACCTCGTAATGAACAATTGGTCAGACGGTGTTTACCCAGAAAGATATCTGAACCATAAATCCGGATCAGCATCCCAGAGCGCTTGGGAATATAGCAAGATCGAAAGAACCGCCGCCTTGCAACTATCTGAGTCAATAGAAGTCTTTGGCAAGTTTGGCCACCTGCATCGGGACGGTCGAGCCAGGCGGTGG
CP050699.1_gap48	1852970	1857118	4148	AACTTTCCGAAGTGTGGCATAAAATTCCATATACCCATTTTTTCCGGTTTCCGGGATGGTATCTATATCAAAAATCAATGCATCCGGCTGTTGTTCTATCAGGATATTTGTTGCCTTTTGCATGATGCCGGTTTGATGTTTGCTCAAAAGGTTACGTAGTGAGCTTGGGAACAAAGAATCCTGGGCTGGCCTATCAGTTATAATGAGTATGCTGGCTACCATGGCAGTGTTGTCTCTTTATCGCTCGTGATTGTTAGAATTAATTCGGGCCCAGGACTTTACCTTCCCTTCTTACCTCGGCAATCCCCTGAAATTCGTTTTTTGTCTGGCAACGCATGGCGGCATAGATTGCGCCTAGATAAAAGGAATATGGTTCCCGCTTAACGAGCTGATAGCCTGTCTTTTTTAACGAGCGGATAACTTTTTTGTCAAATCTGTCGAGTTCCAGGCTTAGTTCCCCCCCGGGGCTGCAGTGCAATCTTGGTTGTTCCATAGCCTCGTATAACGTTTTGTTGCCGTCAATGAGGTTGATGATGAATTGGGCCATGGTTGAAAAAATTCGGTCGCTACCTGGGCTGCCAAGGGTTAACCAGGGTTTTTCGTTCATAAACATGATAGTTGGCGCAAGTGAAGACCAGGGCGTTGCGTTTGGCCTGAGGTAATATGGGTGGCTCGGGTCTTTGACTTCAAGAGTGTTGATGTAGTTATTATATAGAAATCCGAGGCCTTCGGCTGCTGCTCTGCAACCATATAATGATTCGATAGACTGACTTATGCCAACAGCATTACCTTCTTTGTCCATCACTGAGAGATGTGTGGTGTCGTTCCCGGTATTGAGGTAATTGCGCATAGTGGTCTCAGGCCCGGTCTTCGAGAGGATGGAGTTGTAAAGATCGGCAGCGAAAGAGGGGGAGGCCATGGTGTGGTCGTTTTCCTGTCTGTACATCTCTGGACGAATAGGATGCTGCTGCCGTTGGAGTAAAGCATGGCGTAGGGTCTCGGCAAGAATGCGGGCACTTTGCGGCGTCATTGTGCTGATGAAGTCGGGCTCCGCATTATTGAGCATCTGCAGGACGAGAAGAAGATCTCTCCCTGCAGCCGGCGGGGGGACAGTGAAGATTTTCACATTTCGATAATGGCCCAGGATTGGCTTACGTACCACCGGCCACGGTATGAAGGCAAGATCGTCCCGACGGATGAGTCCGCCATGGGCTCGCATGTCTTCCTCAATCTGTTGAGCAATCTTGCCGAGGTAAAAGGATCGTGGTCCTTCCTTGGCCAGAATAGAGAGAACGCCTGCAAGATCCTTTTGCACAAATAGATCGCCGACATTATATGGTTCGATACCATTTTTCAGGAAATACTTAGCACCGGAAAGGGTTTCACTGCGGAGGAATGAATCAAGCAGATTAACCTGATGAGTGTGTTGCAATTCAGAAATAGCATATCCGGTTGATGCCAGTTCTATGGCAGGCTGAAGCATCTCATCCCAATCAAGTTTTCCATATTCCAGATGTAAGTAGCCGATCAGTGCCGGAATAGAGGGAATAGTGGCGGATTTATAACCGAAAGAGCGTTCACCTTTTTGAATGCGTTGGTTGTGGGCCAGTGATGGTACCCTGCTTGAGCCGTCCAGAGCGAAGGTTTGTCCGTTGATATGGATCATACCGATACCCTGACCGCCTAGTCCGCTTGATTGAGGTTCGCAGACGCATAAAGCCATTGAGGCAGCACAGGCAGCATCAACTGCATTCCCACCTTTTTCAAGCATGCTCACGCCCGCCTTAGTGGCTTCATGAAATGCGGTCACGACTATCCCATGTTGGGAACGGCCGAAATGTCCTCCGCAGTCATCTCTTTCATGCTTTTCGATTTTTTGAAAATCCATTCTGGCCCTCGGCCTTAGCGCATATATCCCACTTTTGTGGGAATAGTTGGAAGGATGGTAACGGGATTAACCATGCAACCATTGCTTCCTGCATTGTGTAAAATGGGAACTTGAGGTTCCCGGTTGATGGCTTTTTGATGTGATGCGTGATGCCCTGTCTGGCATAACTACGAATTTGTGACGCAACTGTCAAGGGAGAGGTGGCTGAAATTGTCTTTATATAGATGAAAGTATAACAAAAAAGGTGTTTTCGCATTCCAGGCGCCAGCATGGGAACTGAGGGTTCTCGTTTGCTTGAATTGAGAACTGTTTAGTCCCAAATATGGAGTCTGGAGATTGTCGATTTGAGTAGTTGTTTAAGTTGAATGACCTAATAACAGTCAGATAGTGTTTTGGCGCGTTATTTGCAACAAGTGTCAGTGGTGGATGTTTAACTTTGAGAAAATACAGGGTAATCCGCCAGTGAGAATGACAGAATCAATAAAAAAATATTGTGTAGTCCAGTTCTGCTAGTGTGCCGTAGAACCTGCCGGTTCTCGGTTTTGACTTGAATGGAGCCGATACCGGTGGGCTGGTCGATCCAAAGAAGAATTAATTATGAACAAACGAAGTCAAATCGAAAAACTCTTTCAGTCGACAGACGATAATGTCTGCTCTGAGGGTGCTGGAGGTATGGTGGCAGCAGCCCACCCTGCTGCTACCCAGGCTGGCGTGTCGATGCTGGAAAAAGGAGGCAATGCTGCCGATGCAGCAGTAGCTACTGCTCTTGCCCTTTGTGTTTGTGAACCACAAGCATGTAGTCTTGGCGGGCAATCGTATGGGTTGCTGAATATGTGCGGGCGCTCAATTTTTCTTGATGGGTCAGGGCGGATTCCCCAGCATCTTAATGCCTCAACTCTTACAAGATCCGATGTCCTGTATGGGTACAAGGGGACATCTGTACCAACGACTCCAGTGGTATTGGCTTGCATGCAAAAAAGATTTGGCAGATTGACCTGGGAAGAGGTTATTGAACCTGCCATCGAGTTAGCCGAGGATGGGTATGAAATCACACAACTTCAGCATGACCTGCAAAAGCGGGAGTTGGAATTTTTTCTGTCAATACCGGGAAGAAGCGGTTCCCGATATTTCCTCAAAGATGGTGCTGAACCCTTCGACGTAGGAGATACATTTGTGCAGCCCGATCTGGCACGGTTGCTCAAGCGTCTTGCAGAAAATGGTGTGGAAGAATTCTATATAGGAAAAACTGGCCGTAGGATTGCGGAAGATATCGCAGGAAATGGCGGATTTTTGTCTAGAGAAGACCTTGCAGTGATTCCGTGGCCACATCAGCGACCAGCAATCGAGCAGCAGGTCTTTGGCTGTAAAATGCTCACTACTCCGCCTCCAACGCAGGGTAGACTGCTGGCATATATTCTGTTGGTGGCAGAAAACATGGCCACCCGTGGAATTGACATTCTTTCTGAGGAAGCGCTAGATTTCTTCGCCGACCTTTTTTACAGCGCCTATCGCATACGGATGGAGCAAACACCTCATCCAGACCTTTATAACTATCTAAATGACGACATCTTATCGCAGGAATCAATTGATAAGACTGTAGAACAAATCCTTAACTCATTGGTACAGGATGTCAATCATCCAGGGCTTGAAGGGGGTGAAACAACGCATCTTTCGGTTATGGACGGAGAGGGGAATTGTGTTGGTATTACCCAGTCGGTAAATATGGTCTATGGTTCAAAGGCGGCTGCGGATGGTCTTGGATTCATGTACAATAATTATCTTATCGATTCCTTTGCTTTGCCCAATTATCATCCTCATGCACTGATTCCTGGAAGGACTGCTCCGTGTTCTGTTGCCCCGTTTATCATGATGGCCAATGATGGAACTCCATGGTTGACAGGTGGCAGTCCCGGCTCGCAGAGAATTGTTACTGCCCTGTCCCTTTTCCTGATCCGCGTTCTTCATGCAGGAATGCCAATGGATCAGGCAATGAGGCTACCTCGATTTCATTGTCAGGAGTACAAGAAGGTACTTGTGGAATTGGATAGATTCCCACAAGAATATTCCAAATTGTTAGAGCAGAGAGGGTATCTGGTGGATCACTATCCACCTTTCTATTTCGGCGCAGTTCATGCCACATTGAGAATGCAGGATACCTCTAAATATCAAGGCGTTGCAGAAATTCGTAGAGATGGGAGTGCATCAGGAGTTCGTTTGTCAAACTAGAACTACAAAAAAGGAGGAGCATTTATGAAAGGTA
CP050699.1_gap49	1860118	1862263	2145	CATATGTCGAAGCAGCACGAGCCACCGGTGCAAGTGATATGCGCATACTATTGTTACATATTCCCCGCAACTGTATTGCACCGATCATTATTCAAGGCACGATGATATTTGCCTATGCGGTGCTTGCAGAGTCTGCACTCAGCTTTCTTGGTGTCGGGGTTCCGCCAGAAATACCAAGTTGGGGTAATGTGATCAGTTCCGGTAAAGTGTTTTTACGTCGTGCACCCTGGATCTGTTTCTTTTCAGGAGTTTCCGTTTCACTTTGTGTATTGGCGTTGAACTCTATAGGGGATGGTCTCCGTGATGTTTTGGACCCTCGACTGAACAACAAAGGTTAATAATGGAAACACCTCTACTTAATATCCAGGAACTCTGTCTTGATGTCCAGCTTGATGATGGCATCGGTAGAGCCCTCGACAGAGTTACCTTGCAGGTAAAACAGGGCGAAAGTCTGGGGATTGTCGGAGAGTCCGGTTGCGGTAAAAGCCTGACAGCCCTTTCCGTGATGAGCCTTCTTGAGAGCAATCTGCAAATCGCTTCGGGTTCCATCACCTTCGAAGGTCGGGATATGTCGAAACTCAAGCGTGATGCCATTCGGAAGATGCGTGGTGATGAAATAGCCATGATATTTCAGGAGCCGATGACATCTCTCAATCCTGTATTTACTATCGGTCATCAACTTATTGAAGCAATTACCCTCCACCGTGACATTAACAGCAAGGAGGCACGCAAACTTGCCATCCAGGTTCTGGATGAGGTGGGAATCCCCTCTCCCGAAAGCAGGTTAAAGCAATATCCGCATAACCTGTCTGGAGGTATGAGGCAGAGGGTGATGATAGCCATGGCTTTGTCCTGCAGGCCCAAACTGCTGATTGCCGATGAACCTACTACAGCGTTGGACGTCACTATCCAGGCGCAGATCTTGCGTTTGATGCGAAATCTTCAACAAAAAAGAAAGATGGGGATGATGTTTATTACCCATGATCTTGGTGTGGTCGCTGCAATGTGTGAACGGGTTGTCGTGATGTATGGTGGCCAGGTGGTTGAAAATGCTCAGGTTCGAACGATTTTCAAGGAGCCTCTGCATCCTTATACCAAGGGATTGATTGCGTCGATTCCGCTGGTAGACGGAACGATCCCTGAGAATCTTCCTACTATCCGGGGTCGTGTCCCGTCTCTTTTAAATATGCAGAAAGGATGCCGGTTTGAACCTCGATGTGACCGGGCAATGGAGATCTGCAAAACGAAGAAACCACCCGTTTTCCCGGGAGGTTCGAAAGAGCATGAGGTTGCCTGCTGGTTATACGGAAATAAGGGTGGGGTTGCAAATGACGACGAGTAAGACACTGCTTGAAGTACGGGACTTAAGAAAGTGGTTTAAAATTGGCAAGGGACTGTTTACCCAACCGAAGTATGTCAAGGCAGTCGATGGTGTGAGCTTTTCCCTTGAAAAGGGTGAAACCTTAGGGATAGTCGGTGAATCTGGTTGCGGGAAAAGTACCCTGGCCAGGCTCATCATGCGCTTGATAGAGGCAGATTCTGGAAAAGTTCTCAGTAAAGGCAAAGATGTCACCCATGTAAAGGGGAAAGAACTCAAGAATGTGCGAAAAAACATGCAGATGATTTTCCAGGATTCCTATGCTTCTCTTAATCCAAGAATGCGTATCGGGAAAATCATTGGGGAACCGCTGATTATTCATGGCGAAGGTACGGCCAGGGAGAGGCGCAGCCGGGTTGAGGAGGTGCTGGAACTGGTGGGACTTTCCCGGAAAAGTTATGACAAATTTCCACATCAGTTTTCCGGTGGGCAGCGTCAACGTCTTGATATCGCTCGCGCTTTGGTTTGTAATCCGGAGATTATCATCTGTGATGAGGCTGTCTCCGCACTTGATGTATCAGTGCAGTCGCAGATTTTGAATCTGTTAAAAGATCTGCAGAAAAAACTCAACCTTTCGTACCTCTTTATTAGTCACGACCTGAGTGTAGTTCGGCATATCAGCGATACCGTCCTCGTCATGTACCTGGGGCAAACAGTGGAAGTCGCAGGGAAGTACGATTTTTTTGAACAGCCTCTACACCCCTATTCACAGGCACTTATCAGCGCTGCTCCGCGTCCTGATCCCGATGCAGTCTCCCAGCAAATTG
CP050699.1_gap50	1873365	1876211	2846	ATCCAGAAGCATCTCGTGAAAATTAACGTAATCTTTGAAATTCATACATCCCCCAGGTGACAAAAGATAGTGTTTGACAATTCCGGCTGTTGTCATTTTATCGATTTCTCGGCAAGACAGATGTGACATTTACGTAAACGTAATAAATACAATGCATCGCCCGTCTTTGCACTGAAAAAAAGGTCAGGTCGTATTTTGTTCTGCATTCGGGGCCTGCCCGCAGACAGGGTTGGTTGCGGCATCAGCAGGGAATCGGAGGCCGGGTCTGCACGAGGTGGTATTTTTATCAATGCCGATCAGGCCCTCCGTGAGACCGCAAACATCGAAAAAAACAATCACAACAGGTGGCTGGAGGAGTCCAGGGCCTGGTGCCAGTGCAGAGGAGCTGGCTGCGTCTCTGGAGAGAATGTGAGAGAACCGGCTATCTTCTCTTGGTGACCAGCTGCAGTGGCTGCGAGAGGCAGGTTGTACGGAAGTGACCTGCTGGTACAAGAATTACAGCGTTGTGGTATTTATGAAGTGATAGGGAATCAATAAAGATGAGCCGATTGAATACCTGTATGTTCACGTTAATCCGCGCATAATTACGGCACCAGCTTGCGTACCACCGGTATTCGTGCAAGCAAAGCAGTACAGGCCCAGGCCAGCAGCAGGATTACGAAGGTAAGCATCGGAATTGCGAAGGCAGGGTGGCCGAAGGTAAACGGTGCTGTTTCAAGCCGGCTTCGGATCGGGATCAAAAGAATAGGGTGCAGCAGGTAGATCCCGAGACTGTATTTTGACAAAGAGATGATGAGAGCTTTCAGTCTGCCGTGAATTTTCCCGCCGTAGTGTTGGGCCAGCACAAAAAGCATAGCTGCGATCAGCACCGTATTGAGCGTTTTGTATCCCATATATTTTGAGCTGTATGCACCTTTTGCTTCAGCAGCCCACCAGCTGCCGACAAGGTTTACGCAAACGGCTGCAACTCCAAGCCCGACCCACATCCAGAGCTGTTTTCTGTCTTTTTGCTGGAAGAGATACCAGCCCAGTACCAGATACCCGGAATAAAGAATGGTGGCCTGCCTCAGCGGCGTCGGGATCTTCAGCAGATGTGCCAGGGTGAGTGTCAACCAGGCAGCGATGAGGATGAGGAGCTGTCGCTCATTTAATTTTGCTATCACCGGTGTCAATAACAACACCACCAGGTAGAGCGGGATAAAGTCATAGAAGAACCACAAATGATACCATACCGGTTCAGTGGGTGATTCGATGAGTGCGGTACGGGCAGCCTCCGGGCCTGCCTGAATGCCGGTTATACCAATGTAGATGAGGCTCCAGGCTACAAAGGGCACAACAACTTTAAGCAGTCGTTTGCTGAAAAACCGGGAGAGGTTGAGCGGCTGGTCTGGCCGAATTAACAGGGCACCGGTAATCATTATAAAGATCGGTACAGCCCAGCGGCTGAGGCTGTTGATGGCCACGGCCGAGTACCAGGCATCGAAAGGAATCTGTTGATACATCTCCCTGAATGGACCAAGTACATGGATCGCTATAACAGCTGTGGCGGCGATGGCCCGCAGCAGGTGGATGTAGAAGATGTCAGGCTTGCTCTTTGTACTCATTGTTTTTTCACCGCTATCTGAAGCTCGACCAGATAATCATCTGATTCCCGTACGGCCATGGCATCGAGATACCATTTTTCCAGTGGTTCACCGGCCACCACATACTCCGAACGCTCAATGTGGTTAAGAAGTTTCCGCCAGGAGTCGCCTATGGAAGGGTATGGTCCCTGATGATTGTAACAGGCGTACCAGCCCTTAGGTATGATTTCGCTGTTTTGGTGTTTATCTGCCCAGGTTTCGGGGAGCGGCAGAGAGACTCTCTCATAGGTAATGATGTTATCGTTGAGCCCGGTGGGAAAACCATACAGAAAAAAGTAGGAGTTTTCCTCGTCTGTGTTTTCCTCACCAAGAAGATGGCGTACTGAAATTTCCAACTGATAGTCGTCGTATGGTGCAGCAACCGCTTCAGTCAGGATGTATCGCTTTTCAAGCTGCTTTATAGACATCTCAAGCGGAAGAACTTCCATACGCTTTTGCAGGCTGGTGATGGTTGCGCTGATCCTGGTTTTATTCTTCTGCAGTTGATTGATTTTTTCCTCCATCATTTTCAGCTGTTGCTGCAGAAGTGAGATGCGATCCTCTGTCTTGGCTTTATCTAGAAATTCACGGATTTCCTTGAGCGGCATGCCAAATTGTTTGAGGATCAGAATAACTTCCAGAATTTGTGTTTGTTCGAGCGCGTAATAACGGTAACCGGTTTCTTCGTCTGTGCTTTCGGGGCGGAAAAGTCCGATCTTGTCGTAGTAGATCAGGGTCTGTTTGTTTATATTATGCAACCTGGCCATTTCCCCGGCCATGATACGAATTTTCATTTTTCACTCCGTTTTTGCTTGACCATATAGCTGCTATATACCCTAGGGTCTTCTCCCGTAATAGCAAAATTTACGGCGCAGGAGGCCGGAGAATGGAAAACGTATTTAATAGAAAGTGGTCGGTAAGTGATTTTGCCAGGTTTGTCACCCCATCAATCCTCAGTATTGTCTCGATTTCACTCTACTATGTAGTTGATTCGATATTTATATCCAGGTTCGCAGGCCATCTGGCCTTGGCGGCGGTCAATATTATTATGCCATTTTTCGGGCTGATGCTCGGGGTAGGGCTCATGGTGGCGGCGGGTGCCAGTGCGTTGATCGGCATAGAACTTGGCGAAGGGAAAAATACGCAGGCGCAGCAGCATTTTACGCTGGTCTTCTTTACGCTGGTAGTTCTCATGCTGTTTATTCTGGCGTTCTGGCAGATATT
CP050699.1_gap51	1888656	1890974	2318	ATCAACTGACGCATACCGTCACGTACAATGGCGTGATCATCAACAATAAGGATCGTAATCGGTTCCATGTATCCGCTAGTCACTCATTGGAATTTTAACCCGTAATACCGTACCTTTTCCTGGAGCAGAACGTATCGAAAACGATCCGGAGAGTGCTGCGACACGCTCTTTCATACTGAGCAGGCCGATACCGTTTCTCGGGTCATTTTCGGAGACACCTTCTTTGCCTATATGAAAGCCGCAACCGTTGTCCTTGATAATTAGTATTATGTCGGGATGACTGTAAGTTAGCTGTATATCCACAAGGGATGCATTAGCATGTTTCGCTATATTGTTCAAGCCTTCCTGAAATACACGATAAAGTACAAGTTCCACTTCGCTTGGCAGGCGTTTTTTCAGGCCGACGGCCTGAAACGAGACGGTCTGCTCGGGTCGTGCTTGGGAAATGTCGTTCAAATACCAGTTCAGTGTCGGCTCCAGACCAAGATGATCCAACAGGTCCGGCCTGAGTTTTGAGGTGGTATCGCGAACCTTTTCAGCCAGATTCTGGATCTGTTCGGTTACTTTGTTGCAGATGATCGCAGCGTTTTCCCGATCTGTCGGGATGGCGTTTTTCAGCGACTCTATTTCAAACTGCAGTGAGGTGAGAGATTGACCGAATTCGTCATGGATGTCATTGGCGAGTGAGCGCCTCTCCTCCTCAATCCCCTCGATGAGTTGCCGGGTAAGCAGCCGGACTTGCTCTTCTGCTCGAACCTCTTTGGTGATATCGATAAAATTGCCCACCGCTGCCGGTTTCCCGAGAGAGGAGGCATGGGCGGCACGCATGTCCACCCATATCTCCTCGCCATCTTTTTTCAGCATCTTGTATTTGTAGCGGCGGGGGTAGATTTCATTGTGTTCTCGCTCCAATCCTCGCAGCCGTACCATTTCACGGTCATCGTCGGCTATGACCTCCCAAAAAGGCTTGCCGATGAGTTCGTCCGCCGAATCATAGCCCAGCACCTTGACCATCCGCGGGTTGACATAGCTGAAATACCCTCCGTCCTGGAACATGTATATGGCAGCAAGAGAGTTGTCCAGAACAGTTCTGTAGCGTGTCTCGGATGTGGCAAGTCGGTTTTCGGTAAGTTTCTGTTTTGTAATATCAATTGCGAATCCCTCGTACCCTGTGACTTTGCCAAGCAGAGATGTTCTTGTCGTGGAGGATAATTGTACCGACAATTGATGGCCATCCCGCCGTTCAAGTATGGCTTCCGTTTCTTTCATGTCAGAAATCTTTCCGAGAATATTCGGAGATGATTCTAATTCTTTGTCATTGAATGAAAAGAAGTCCTTGAACGTTCTGCCTAGTACCTCTTCGGGGGAGGTAAAGCCCAGGAGCTCAGCACCGGCTTGGTTGATGTGAGAAAACTGCCCCTTTTTGCCAGTTGCATAGATCATGGCGGTGCTTTTCTCAAAGAAATGTCTGTAATTTTTATTGGATATCTCTGTTGTAGAAAATCTTTCCCGTAATTCTGCCAGTTGCTCGCGCAACCGTCTGGTCTCACGCGTATCGTCCATTTGCCTGCCATTTAGTTCAATTGAAAAGGTTAGGGTGTGCCCCGGGGCTATAATATTTTTAAGAAATTACTCAGCCACCACCTTTTTACATTTACTCTGACCTCAAGGTATCAATCGATAGCATCGCTGGGGGCAGGTGTCTATATATTTGGGGGGCTAAATGGATTTTAGTCTGTGTTTATGGCTTGCCTTGAGAGGAATTTCAGGCCACTGATGTTGCCACTCAGCGTGGTGGGTTGGTGGGAAAACGGTTTGCACACCTGCAAGCAATACTGTGGCCAAAGAAAGTAGCGGAGTGAGGGCAGTGAGATCAGGAATGGTGAGACAAAAGGTGGCAACGAATAGTTCGAGGTGTTGACGTCGAGGGGAAAGGCTTGACTCTTACTCTTGACGGTCAAGTCTGGTTATGAGACATCGCCCGTATTCTTTTTGAACTGTTTTTCCAACTCACTGAACATTTTCTTCTTCTTTGCATCCAGCTCGGCCTGAATGGTTTCAACCTTTTTATCCATATCCTTTTTCTTAGACATGAATTGATCAAGCTCTGCCGCCAGTGTATTGCCGGCTTCTTTTTTAGGGAGATTTTCAATTTCCAGATGATTCGCCACAGACACTTTAACAGTGAAAGGATCTTCAAAAAGCTCAACAATGCCCTTTTGTTCAAGTTTTCTGCACAGAGAATGACCGGCTTCAACCGAGATACCAATCAGTTCGCAGATATCCTCAATTGCCGGGGCACATCGTTTCTGGTGGGC
CP050699.1_gap52	1965720	1968407	2687	TTTTATAAGCTGGATGACCACGACTCCCGGCATTGCGAAAGTCGGTGCTGTTGTCGGTCCTTTTATGATGGGGGTGATGACCGGTTCAGGTGATGCTGCAGCATTTGCTTTTAGTGAAGTAGTCGCTCCACACGCATTTCTTTACGGCATGGAGACCATGAATATGGGGAGTATGGCATCTATTGCCGGCGCAATTGGTAGAACGGTTTCCCCGTTTGCCGGTGCCACAATTGTTTGCGCCTGTATTGCCGGAGTAAATCCGGTTGCGCTGGTGAAACGAAATTTTCCTGGAATAGTTTTGCCACTCTTTTTTATTGGTTTTTTTCTGTGATAAATGAAGGGCAGGTCGTTTGTCATTTTGAAGTAATAGTATCACTCCCAGCCCTGCCAAATCTGAGCTGGAAGTGATGGCCTCAGCTTTTGGAGAGAAAATGAAGAACGACCTGACCCAGCTTGCTGGTGACTTAAAGGATAAACTAGTTGCTTATCGAAGAGACTTTCACCGTTATCCAGAAACAGGCTGGACAGAGTTTCGCACCAGTTCCCAAATAGCAACAATCCTCAATGAACTTGGATACACTGTCCGGATCGGGGCGGATATCATACACCAGGACAGCATGATGGGTGTTCCCCCCCTTGAGGAACTTGATATCCACATGCAACGGGCAATTGAGGAGGGGGGTGATCCTGATCTGGTAAATAGAATGGCTGGCGGCTTGACTGGTGTTGTTGCGGACATGAAGTGTGGACCTGGTCCGATTTTCGCTCTTCGCTTTGATATAGACGCGGTGGATATTTGCGAAGCTGAAGACGAAGCCCATTTTCCTTTCCGGGAAAATTTTCATTCTCTGCATTCTGATGCCATGCATTCCTGTGGTCATGACGGTCATGCCGCAGTCGGGCTGGCGCTGGCGGAAATACTTTGCCATTACAAAGATCAGATAGCCGGAACAGTGCGGCTGATTTTTCAGCCAGCCGAAGAGGGGGTTCGAGGGGCAAAAGCGATGGTAGATGCCGGAGTGCTCGAAGGAGTCGAATATATTCTGGGAATGCATCTGGGCTTTTTGTCGCGAACAAAAGGTCAGCTGATCTGTGGTACGGAAAAATTTCTTGCTACGACAAAGTTCGATATACGTTTTACGGGCAGACCTTCCCACGCGGGTGGTTCACCTGAAGAGGGAGCCAATGCCTTGCTTGCCGCCTCTTCAGCCGCAGTAAATCTGCATGCCATTACCCGACACAGTAAAGGTGCCTCCAGAATCACTGTGGGTAAGCTTGAAGCGGGCCTTGGCAGAAATGTCATTCCCCCCAATGCGCTGATGAAGGTTGAAACACGCGGAGAAAGCTCTGAGGTGGATCAGTTTATGTTCGAAAGTGCAAAGAGGGTCATTGCCGGCGCCGCAACAATGTACGGAGTAGAGTACGAACTCAGCCTGATGGGTGGTACAGGGAGTGGCAGTTCCAGTCGGGCTGCAGTTGAGAGATTAGCTGCTGCTGCCGAAAAAATAGAATATTTCGAAAATGATCTCCAGGTTGATATCGCTACCATGAGCGGTAGCGAGGATTTTGCTCACATGATGAGTGTGGTGCAAAATCAAGGTGGCGAAGGTACCTATTGTGTTGTGGGGACAGAGCTTGCCGCAGGTCATCACGACTTCTATTTCGACTTTGATGAAAGTTGTCTGGTGCCAGCTGTGGAATTGTTGGCAAGCACAGTCATTGAAACACTCTCCTGAGGAAGGTGAGTTAAAGCAGCCTGTTTTGGGGAGAATGTTAATGAATGGCGAAAGAGCTGAAGATAGAGCTCAAACCGAACACAACCTGGAAGAGAAAGTGGATTTTCGATCTGAGGCACAAAAGCTGTTTTCCGATCTAAAGGCCACCTCAACTGCCGGTCCGGGAATAACCAGGGAGCCTTTCGGCCCGGGTGAACAGGCAGCTATGGAGCTTATCTCGACCTATGCCGAGAGGAAGGGGTTGGAATCCTACTATGATGGTGCAGCCAACCTGGTGGTGGTTTTACCCGGAGAAAACAGACAGAAGCCTTGCATCGTATGTGGCTCGCACCTGGACAGTGTACCCCATGGCGGCAATTACGATGGTGCAGCCGGAGTTGTCGCTGCGCTCTTGGCCATTAGCAGGATGAAAGTTGAAGGAATCATCCCCCGGCAGGATATCAGGGTGATGGCGTTTCGTTGTGAGGAGAGTGCCTGGTTTGGTAAACCCTATATTGGCTCAAGTGCGCTCTTCGGGCAACTTTCAGAGCAGGACCTAACCATTGGCAACCGGGCGGGCAATGAAAATCTTGCCCAGGCGATGTTCCGCTGTGGAGCAGAAACTGAGCGTATCAGCAGGGGAGAAGTTTTGCTGGAACCGAACTCAATTGCCGTCTACCTTGAGTTGCACATTGAGCAGGGGCCGGTGATGGTGGCCAGGAAATTGCCTACGGCAATCGTCACTGGCATTCGAGGGGCCATTCGCCATAAAGTCATTACCTGTCGCGGTCAGGCCGGCCATTCCGGTGCTGTTCCGCGGTGGTTGAGGAAGGATGCACTGTTTGCTATGGCTGAACTCATCAACACGCTGGATGAGCATTGGCGGGCATTATTGGAAAGAGGGCTGGATCTTGTGGTCACCTCGGGTATAGTGGCAACCAATGCAGAAGTACATGCGATGACCAGGATTCC
CP050699.1_gap53	1969476	1971432	1956	GTCCTATTTCGTGATTGGTGTAAATCCGGGCGGAATCGAGCCGGAAGTTTCAGGCAGTAAATAGTTCTGTATTTACTGCCTGAAATTATCCGGGCGGGAAGTTCGCATTGACTGATCTTTAAACGTTCCACATCCCACCACGATATTTTTCACCCTTTCTGCTCAAAATAGCCCTTTATAACCTCTATAACTTTCTCTACATCTTCCCTGCTGATATCAAGATGGGTGACCAGTCGGGTTTTGGTCCCCACTGAAGCTATAATGCCATTGGTTTTGAGCATTTCTCCAAGCGGAGCAACATCATCCTTGCCTACTGTGAAAAAGACCATGTTGGTCTGTGTCGGGTCCTGCAAAACATTGATCTGTTCGATTTTACTCAGCCCTTCGTTGAGAATTTGAGCGTTTGCATGGTCATCGGCCAGGCGATCAACATTGTTTTTTAAGGCGTACAATCCAGCTGCGGCAAGGATACCAGCCTGGCGCATACCGCCGCCGGCAACTTTTCTCCAGCGTCGGGCGTTATCGATCAAATCTTTGGAGCCGCAAAGTACTGAGCCGATTGGGGCCCCAAGGCCTTTGGAGAGGCAGATGGAGACCGAGTCGAAGTGGCGGCTGATCTCAGTTACATCGACCTTTTGGGCAACCGCAGCGTTGAAGAGCCTGGCTCCGTCGAGGTGCAGGTTGAGTTGGTGTGTTTCGCAGAAGGCCCTTGCTTTGGTAAAATAATGCAGCGGCAGGGCACGTCCGTTCTGGGTGTTCTCCAGGCAAAGCAGGCTGGTTCTGGCAAAGTGAAAATCATCGGGCTTGATATGGGCTGCGATCAGATCGAGATCAAGGGTTCCGTCATCCGCGAATTCCAGTGGCTGGGGCTGGATGGAGCCCAGTACCGCTGCACCGCCTCCTTCGTATTTGTAAGTGTGGGCCTGCTGACCGACGATGTACTCATCTCCGCGCTGGCAATGGCTCATAATGGCAACGAAATTGGCCTGGGTACCACTGGCGGTAAAGAGCGCTGATTCGAAGCCGAGGAGCTTGGCGGCATATTCCTGCAACGCATTGACGGTGGGATCGTCGCCGTAGACGTCATCGCCAACTTCGGCACTGGCCATGGCCTGGCGCATGACGGTACTCGGCCTGGTAACGGTATCACTTCGTAAGTCTATGATTTTCATATGAGTCTCAACAATTAGTTTAGAAAGTGGTAGGCTTTGGATAATAAGAGAGTAACAGTAGCCGATCAGGTTTGTTTTGTCGATATATGGGGGATGTCATGGAAAGCGGATACCTGAAATTGTATCGAAACGGAGAGCTGGGGGAGCGAATCGGGAAAAGTCATGGGCTGTTGGAGCAGTGTCGGCTCTGCCCGAGGAATTGCGGGGTAAACAGGTTGGAGGATGAGCGTGGTTTCTGCGGTGTTGGCGCACTGGCGGAGGTTGCAAGTTACTCCCCCCACTTTGGTGAGGAATCGGTGCTGGTCGGTACCGGTGGTTCGGGTACAATCTTTTTTTGCGGCTGTAATCTGCGCTGTGTCTTCTGTCAGAATTACGATATCAGCCATCAACATCCGGGCAGTTGTTATGAGATGGATGATGGCCAGCTTGCGGGAGTGATGATCGAGCTGCAACGTCAGGGCTGTCATAACATCAATTTTGTCACTCCGAGCCATCTGGTACCACAGATTCTTGCGGCCCTGCCCATAGCCATCGAACATGGGCTCAACCTTCCCCTGGTTTACAACAGCGGTGGTTATGATTCACCGGAGACGTTGCATCTTCTGGAAGGAATAGTCGATATCTACATGCCTGACTTCAAGTTCTGGCAGCCGGAGACATCGAAGCGGTACATGAAGGCAAAAGATTATCCGGAGGTAGCCCGAAGTGCCCTGATTGAGATGCAGCGTCAGGTGGGTGATCTGCAGGTCGATAGTCGGAGGGTTGCCACCCGCGGCCTGCTTGT
CP050699.1_gap54	1999851	2002431	2580	ATAAAATTTGTATAACAAAGTGTTCAAAGGGACTGCGTGAGCCGCGGTGTTTAAAAAGTACGAGACAGACCAAAAAGAATATCAAATCAATTAAGTAAATACAAGAGGCCCCGCAGTCCCTTAACTTCACGTTGAACCTGTAGAAAAAGGTATTGGTCATAGCAATATCAGGCATTTAGGGTTATATTTAGCTTCATTCGATGGTAATCAACCCCTTAACCCTGCCGAAAGTCGGAAGCCATGGCCAAATACAAGCCGTATTCATACGCTCAGGGGATGTTCATACCAGTATTCTTCAGTGAGCAGATACAAAAAGGGACTTTCGAGTACACCCTGAACTATCTGGTCGATCACGAACTCGACCTTTCCATCTTTGATGCCAGGTTCACCAACGACGAAACTGGTGCCCCAGCCTATGACCCACGGATCTTGCTGAAGATTATCCTGTTTGCCTATTCACGAGGTATTACTTCTAGTCGTGCAATTTCCGAGTGCTGTGAAAAAAACATCCTTTTCATGGCCCTTTCAGCCAATACCAGACCCCACTTCACAACAATTGCCAGTTTCGTTTCCAGTATGGACAAAGAGGTTGTCTCTCTCTTTCTTCAAGTACTGCTGATCTGTGACCAGCAGAACCTTATTGGCCGAGAGATGTTTGCTATTGATGGCTGCAAACTCCCAAGCAATGCCTCTAAGGAATGGAGTGGCACCAAAGCCGATTTGACCAAAAAGGTTGAAAAGATAGAGCGAGCTCTGCACAGAATGATCATCCGTCACAAGTCCATGGATCTTGAGAAGATAGAGCCGGAAGTTCGGGATCATGAAGAGAAATATAAGAAGAAACTACAAAAAAGTGCTGCCAAGATAAGGGATTGGCTGAAAGACCATGATGACCGACGTGGCAGTGGCGGCAAACCGGTTAAATCAAACATTACCGATAATGACTCTGCCAAGATGGCCACATCGAAAGGGGTAATACAGGGGTATGTCGGTGTTGCCTCAGTGGACAAGAAGCACCAAGTCATTGTTGGAGCAGAAGCCTATGGGCAGGGCAGTGAGTCCAATCTCCTTGTACCTTCGCTGAAGTCGATACAGTCTAACTTGGAACAGATAGGCGACCAAGATGTATTTGGTAAGGCCAAAGTTGTAGCGGATAGCGGTTATCATTCCGAGAAGAATCTCGAGTACCTCTATACAGAGAATATAGATGGGTATGTTGCGGATACTCGTTTCCGCAAACGAGATCCTCGCTTTGCCACAGCGGAGCGCTATAAAGATCTCCCCGCTTATCACTTTGCGACCAGGGCCGGTGGAAAGCGACTCTTTCGGCCTGAACATTTTACTTTCGCTGATGATTTGAGCCACGCTATTTGTCCGGCCGGCAAGAAACTCTACCGCAATGGCTGCAACGCCAAGGTGAAAGACTATCAGGCCTACAAGTTTAAAGGAGCTAAGCGAGACTGCCTCCCATGTCAATTGCGACGTGAGTGTTTACGAAAGCCAGAGAAAACCGAGGCCCGTCAGCTAGCTTACTTTCCGGGGAAAAAGCGTAACGGTAATGAGCGATTCACAGAGAAGATGAAACGAAAGATTGATTCAACCATTGGTCGAGCAATCTATGGCATGCGACTCGCTGTTGGTGAGCCACCCTTTGGCCATATACGGTCAACCATGAAACTTGATCGATTCAGTCTTCGAGGAAAACGAAAAGTGAATGCGCAGTGGAACCTGTTCTGCATGGTCCATAACCTGAAAAAGATCCACTCGTATGGAGCGGTAGTAGGCAGCTGACAGGTAGATCGTAGAGGAGAATAGTTCCAAGAATGTTCACAAATGGACTTGAGGGCAAATAGAGCAAGGTAAAGAACAAGTGGAATCGAAATAGGCGGCTAGGAAAGTAGATTTTTGGAACCCTCCTGAAATCGGTTGAGGGAATCTTCGGGATTTTGAACTGCCTTTTTCTACAGGCTCGTTATCTGGAGAAAAAAACACTTCTGCTCTTTACGACATGTCAACTACACTTTTCATCCTATTAATGGGAATAACATTTGTAACAGCATTCCCATGTGGTTTGCTGATTCTTGACAGCATGGTTAAGGATGGTGTTATAAAGAAACAGATGTCATTTAATAGTATCCCTTTAATTGATACCACTATTAAATATTATGAGCATAGAGAGTCTAAATATGGGAACATTGGACAGCTTGGAACTGTATATTATACGTCATTATTTTTATTGTCCATAGAGGGAGCCATTTTATTCTTTTTACTGAGTTTCTAATTTTAACAAAAAGTGAGTGGATATAAAATATAAACCAGATAACAAGTCGTTACAAGGGACGCGCAAAAGCCGCGCGCCCCTGAACTCAACGTTGAACCTGTAGAAAAAGGTATTGGTCATAGCAATATCAGGCATTTAGGGTTATATTTAGCTTCATTCGATGGTAATCAACCCCTTAACCCTGCCGAAAGTCGGAAGCCATGGCCAAATACAAGCCGTATTCATACGCTCAGGGGATGTTCATACCAGTATTCTTCAGTGAGCAGATACAAAAAGGGACTTTCGAGTACACCCTGAAC
CP050699.1_gap55	2133681	2135045	1364	TCGTTCATTAAGTAGGATAATCCTCTGTTCCAATGTTGGTGGAGATTCGTTCACGTGTTGGCGCATCTGCTTTTATTGCGTAAGAGTATATCTCTACTCAGTCCGAGCTTTGAAGATCCTATAACCTACCACAGTTGAAATGATTTAATATCGGAGGAATGAACGACACTGTCGTGGTATGTTGCAAGCTACCTAACAACCTCGTGGCAAGTTGAAAGCTTTCCCCGGCAAAGGTTTTTAGGAGTTGGGTCAACCTGCCGAAATCCCGGGCAGTACCAACTTTATCAGGAAGAAGGTTCATATTTGTAACGTGAGTTCTGAATGAGGTTAAAAAAAACGGTGGCTATATCCAATTCCACACATTTTGTTGAAGAGCTGGATTTAGTCCAATGCGCTTGTTGAAAACAAAATGGCCAGTTAGTCCTAAGATCAGCCTACTCATTTGAAAGATGTTCAATCTTGTTGAAAAAATTAACGTAATCTAAATTGTGTTAAAGAAAAGGGAGTAGGTCATGATGAGGGAAATTTTATTTAATATAGGTTCTAAACCCAATATCCCAATCGGACTGGGCACCAAACCCTCCCAACCAACTATTATCACTTGTCCCTTCCATGTATCTGGTAAAGGTTCTGCCTCCTGCGTATTGGTTTCCAGTGTTTCCATTAAATTTAGCTCTTGCGTAATGGTCACAGCGTAACACCAAGGCTAAGACATCGCCTTTGGCTACAGGTATTCCATGTTTTCCCAAATCAATCCAAATATAGCCAGATTCGACTGAGGTTAATAAGTTATCCCACGGTATTTTTTTGTGGAACAATACTTTGTCCCAGTCGTTGGTCTCTAGCGGTACACCATTCTCATTAGTTGGCCTTATATCGAATAAGAAAGTACCTGTTCGGTCAAGTAATTGCACATCTATATGCACTTCTTTCAATGATCCATTCATGTTGACTGAAAATGTTTGCGCAAGGTCAATTTTGGGATTTATATCTTCAACCGTCCCACTGGCTAAAGACCCATCATGCTTAGTATTATGAAACTGGTCGAGCTTCAAAGTGTAGTTTTTATCTTTTTCATGTTCCATCGTTTTCCCTCATAGTATTTTGTTAACTTTGCAAATTGATTACTTGTTGATTTATTAGCTGCCAAGGGTGCTGCCTTGACGGCCAAGAGTGCGACAAATTATAAGCAATCTGCGGTGGGAGACCTTTTTTGCCCTGTAAAAATATTTATTTTAGAAGCCGAACACTCCTCGCCTTTAGCCTGAGTTGTTTGCGATGCAGTTCCAACCTTTCTACTTGATTAAAATAAAATTATTTCTCATTTAGAAATTTCGTTCAGTCGAGTAAGGATACGGCACGGA
CP050699.1_gap56	2136089	2137439	1350	CCACAGCTTCTTTGCTTTTACGAATCATACGTTGAGCTAAGGTAAAGCGACTTATCCGGTCAACCAATGTAACCAGGCTTGCATTGACGGCATGAACAAAATCACCTTCCCAATCCCCAAGGCGCGATCTTTGTTCGACAACATCTGGCCTTGAACTGATGTCTACTCGATTGGGAATAGCTGCTAAATCAGCCTTTCTGTAACGTTTGCCACCCTGCCAGCGCTTTTTCCCATACCGTGGCAAGCGGGTATGGAGCAGGCCACCTTGCAGGCGATCCTCACTGATACGCCTGTAGATTGTCGTGTAACTGGGTCTGTTTGCCCCTGAGCATTCAACATCCATACGGGCACTGATAGCAGCTGGTGACCAGCCAAGGGCCAGGGTCTCTCGTATGATTGTATCTGTTTCAGGATCACGTTTATCTGCTTTGACTGCATACCGTTTACGGTCATCGCTGAATACTTGGGCAACTTGGGGATCATAACCCTCTTCGATACTGTTTCTTTTCAGTTCACGACTGATGGTGCTGCTGCTGACTCCCACTTCTTTGGCTCATGGCAGCTTTACGCAGGCCGTAAATCTGGTATCTTTGCTGTTGGGTGAGTTGGTGATAGTGCTTGTTGTGATTGTTCATGACAGACCGTGGTTAAGTGTGAGAGCTGAAACCATATCGTCAACTCATTCACTTTTCAAACTTCAGTCTGTTGCACTTATTGTATTACTCCAGCGCTCCTCGACGTTTCAAGTGGATTTCAAAATTGAACCTGCCGGGCTGGCAATCAATGGAGCATGTGGTTCTGAAATCATTGGACTAAGAGGAGTATCATCGACCGAAGAATGATCATCATTTCTACGACATTAGGATTCGCAATTCCGGAAATTATCGTGAAACTAGGCGGTTAGAGTTCTACGTACATCTTTCTGTTTTTGCTAAAAGTAAGAAGGGACAATGAAAAAAGAGAAAACAAATAGTATACGATAAGTGTTTCGTAGGGAGAATAATCTGTCAATGCCACAGAGTGGTGTAAAGAGAGGGCATGGCTTTTTGGGGCTCTTTCGAGGCAACTTCGAAAACGAAGTTAGGAACATTGTAATGCGGAATTGCTGGCTACTCTAATTGTCAAAAAAGACAGGATCCTCGACGTTTTGAGTGGAAAGGCGCTAAAACAGTGACATGGCGTCGCCTCATAGCCCAAACATCTCGAATACAGCCAGTTACCAGCACAAAGCACGAATCTTCTTCCAGGCTGGCTAGAACCTTTTAGCGTAAGTTAGTAAATTCGCAACACCCCGTGCCCTCACATGTTTTACTCTCTCAATCAACCCTTTTGCCAGATTGAGAAAGGATT
CP050699.1_gap57	2187380	2190954	3574	ATTTTATTGGAGCATCTTGTATGCGACGCAATGCTTAGTGCTCACTGTTGTGCTTCACTTCAAGCTCTCGCAAAGGGAATAAAATATGCGAAAAGCTGACAATGTCATGGCTGTCCTGTAATGCTTCAGTTGGAAATGGAGAATCCATTGTTTTGAGTTGGTTGGCCATCCTGATAGCTGGACAAGAGAGTTTATATGATCTTACGTTATCGGCTTGTAAACGTTCAGCAGTGAACCGGCTGGGAAAAGCAAGTGCTTTTCCCAGGTCCTATTGATAGTTAGAATTCATTTCTTGTTACTCTACTTTAATCTCAATGGCTTTTTGCTTTACCTCCTCAGTCTTCAGAATCTGCAGGTTCAGCATGCCATCCTTGAACGAAGCCTTGATGTTCTTTTCATCGACATTGTCGGGCAAGGTAAAACTCCGGGTGAAGATTCCGAAAGATCGTTCGATTCGATGGATTTTTTTTCCTTTCTCCTCTATCTCCTGTTTTCTCTCCCCCCGAATCGTCAAGATACCATTGTCTACTGTAACCTTGACATCTTCTCTATTTACCTCGGGAATTTCTGCTTTGATTACGAATGCCTTATCGGTCTCAATGATGTCTACACGGGGAGCCCAATCCCCTGCAGCAATAACCTCTTGGCTTCCCGCTCGAGGTTGCCCTACAGCTCTCGTGTAGCGTTCGACCATATCCTCAATTTCTCGCCATGGATCCCATCGTACTATTGCCATAATGAACCTCCATATTTGCGGGCATTTGTTTTCCCAACTGGACGATTCCCGCATTCAGCCCATCAGGGGGTTACGTGGATTTCTCTGTGTTTCCAGAATGGTCAACATTTTCATTATCGCTTTTTCCGGCGCTGTTCGAGGATGGCTGCTCGGGAGATATGTTCGCCATTCCCGATGGGGCTACTGACAGCATCTTCCTCAGCTCCTCTCCCTGCACGCTTTCCTTTTCAAAAAGGATATGGGCCAGATCATTCAAGACACCCTGCGCTCTGAGAGAAGCTTCATTGATAATGTTGGCCAGGTCCGCCCCGACAAAACCCGGTGTGCGACCGGCGATTTTGCCGAGGTCGACATCGGGACCAAAAATCACATTTCTGGAATGGATCTTCAGGATGGCTTCACGTCCATGGATATCCGGTCGGTCGACCAGGACCTGCCGATCGAGTTCGTCCAAAACGATCCATAGCGTTCGAATAGCTCGCTTGAGTAAAGAGGTGTAGGCGACATCGAACCGGTATCCCGCCTCGCGCAAGGCAGCACCAGCCTTATGTGCCTCGGCGATTCCGGCTTCGGCAAGGTCTACGTCTTGCCAACCGGTAAAGCGGTTCTGCTGGTTCCAGTCACTTAACCCGTGCCGCAGGAGTACAAGTTTGTGCCTGCTCTCCATAATTGGCTCCCCTGATCCAGGAGATAAGAATTCAAGATTTTGGGATATTGAGCTTTCACTCTGTCAGTTGATCCTGGCCTGCATGCGAGTCATGTGTAGTCATATGCGTCCACCACGAACATGTTGTGCACCAGCATTCACTATCTGGGATATTGAATTTTTAGAGCCACCTTTTCGGCCTTTCGCAATTATTAAGCCGAAACCTGATTGGCGGACATGAATCGATGATTTCTAGTTGGGTAAATATCGTATTATCGGATAGATGCACTTTCGAGCAATGTTCGCTAATTACCCTTCGGCCTAATACACCACAGTCGTTAAAATTATATAGCCTCTTCTGTATGTTCTCAAAGAAAAATTCTGATTTCTAGGCTTTAATAAAAGTTGGCCATTGGGTGAAAACTCGACCAACAGCCCTGCTGCATTAGGACTGCTAAGACAGTTTGCTAAAGCTATTAGCTGCGTACGACCAAAGAGATGGGGGGCGCCGATCCGGACCATCTTCAAACAGTTTGAAGTAGACTCAAGCTTGAAAAGTGATGTATATCCCCTGCACAACAGGGTGTGTCTCGTTGGCTTTGGAGCAGTATCATCAGCTCGAACCACCCCGGAACGATTGAAGGAGATGGGGCAGCCATCCTCGATGGAGACAGCAATAGATTTATCCTGGCAATACATTGCCGTGGATTCTTCACCTCGGTTTACCTTGTTCCTGATAATGTCCAGATCCTTCTCGCTGGAAAATTGCTCCATTTTCGATCAGAGGCGGTGAAAGAAACTACTTTCGTATCAACCACCCTGATCAAGCCTAAACAGCCCCTCTGTCGGAAAAGCTATACCTGAGAATGTTCCAGCCTGTCAGGAGAATCTTCACCGCATGAATGCAGTTTTTTCAAATAGCCGAGGGGATAGATTGTTTCTCTGCTTGGAGAATGTTACGGTTATAGAACTGACTCAAGAAAACGGTTGGGCAACCTATGCTATTGCAGATGTGTGGAAGATCTGCAGAAATATAATTGGTTAGAAGAGGGGCGGGCTATGATAATTCTTGATACTGGCGGAATTAAGGAGCTGATGTTAGGAAGTTTCGTTGCTGCAGTATGTTTTGGTGCTCCCGTATTAATGAAATATACGTTTCCTGAACCTACGGCAATACACGAAGTGGTTAATGAAATGCCGTTTCTCGGTTGTCTGATTGTTGGTTTAACGTTTATCAGACTGTTGCAGCGCAAGAAGAATCTCGAAAAAGATACATAAAACTAATTAGTATGATTACGTTTTTGGCGACCCCACATTGAGTGAGAATAACCAGCACTCTTTAAAGGATAGAAGAGACAGTACTTTACTGTCAGGCATTACAACAGTGTTGCCTCCCAAGTAAGATACCGGAATGTTTTCCCCAAATTATGTAATGTTCCTGTAAGAACATACATTCATCAAAGCAAAATAGCAGTACAGTTATAACAAACAGAAGTGGGTGCGGAAAATTGGACCAGTAGTTAAGGTGGAGTCAAAACATCAAAAAGGACTTCACTCATGACCAAGAGAAGGAAATTTCAGCCGAATTTAAAGCAAAGGTTACCCTCGAAGCCCTGGTGTATCGCTTCTTTTTCATTGAAATCTCCTGTGTCCAAGTATGTTAACTCGGACTCCGGAAATTTCCAATTCACGCTGAGCCTATATATACCCAAGCCGTAAATTCGGCATCTTTGCTCTTGAGTGAGTTGGTGATAGTGTTTGTTGTGATTGTTCATGAAATACCGTGGTTAGGTGTGAGAGCTGAAACCATATCGTCAACTCACTCACTTTTCACCCTTCAGTCTGTTGCACTTATTGTATTACCCCAGCGATGAGCATAACAACAGTCGATCTGTTCTATTTGCCTCTCTTTCTCTGTCCGTGTTTCCGAGCGTAGAATCGATATTTGACCTTTTTCTTAAATTGGTGTTACTTAGCCGGAAAGGGCGTGGGGAAACAGTTTGGGAACTGACCTGCCGGTTCGCTTAGTGAAGGAGGGAGGGATGGATGTTCTTGATATTATGCATGACAGGATAGTGTTCCTGTCTGCTGATGCAACACTTCGGGATGCTGCGAAAAAGTGTGACCAAAACCGGGATAGGGAGATTGTTGTCAAAACGAGCGATGGCATCCCGGTAGGAGTTGTCACGCGC
CP050699.1_gap58	2229395	2230322	927	TCCCACGAACGGCTCTTACCGGCAGCTCACGAGGCGCCGGGCAAAACAAGCCAATCAATCAGTTGTCGGCATCATTGGATGACAGGCAAGGGGGAGGTCGCATCAGGTGACCTCCCCTTTTATTGTATTCGCTGAGCGTGTATTTCAAAACTCAACCTGATTCACTTCCGCAAGCGCCAGGTCCTGATACGCATGAAACAGGCGATGGCAAAGGTTATCCCACTCCCTGCAGGCCGTACGCATCGCAGGGTTCTCTTCCGTAAGGCTGGGAAGGGTGGCAATTTTCTCAACCTCCGCAGCCAGATCCGTCACAAGCGCAGTGTCCGCTCCGGCAAGGAGGTTGTGGACAAACTCCGCCGGCTCATACCACGGTTTTGCCCTGTGCAGATCACGGTGAATTTGATCCAGCAGGACATTTCGCGGTCCCTCCCAGAGCTCATTCACCACCCCATCCCGATATAACCTGGGCAGAGAGGAGAAGTCTTCCATTACGCCATGCCCTCCGAAGATCGACATGGCCAACCGCAGCTGATCCACTGCATCCCTGGAGGCCGTTATTTTCTGTAGCATTACCAGTTCGCGGGCATTGAACCGCTGTTGCTGAACCGGGGGGCGTTCCTCCGGATTAATACTCAGCTTGTTTTTGCCGTCGAGCTGCAGGAATTGACTATAGAGCTTGAACGCTCCGGCAGTCGATCTTTTGGCACTGTGCTCCAGATCGGCAAGTTGGCCGGCCACCATTGGAAACTGGTGTATGGGGCGGCCGAAGGCGCTTCGGAATTCAGCATATCTCAGAGCTTCCCTGGCTGCCCTCGTCATGCTTGCGGCTGCGGACAGACCTACTGTCAGACGGGAATAGGTCAGGACAATGCCGACAACATGGGCCATTCCGCGATCGAGTGGGCCTATCGGATAAGCAACTGCACC
CP050699.1_gap59	2340547	2341236	689	GAACTGGGTTTTCACCATAAAGCTGAGGGTTTACTCCTTCGTCTCCACCGGTGATCAGCAGGCCGTCGATGATGGCCAGATAACGTTCCCGGGTCTCGGCATCAGCCACCACCGGCAACAGCAGCGGTATCCCCCCGGCTCGTTCAACGGAATGAACATAGTTATTACTGACGGTGGCATACACTTTTTTGGCACCCTGGATAAGGGCGGTGGTAATTCCGATTACTGGTTTCATCTCATCTCTCCAGCCAGGTAAAAAATATTATAAAACCGATTACTCGGTGCAGGCAATTCCGAGGTTTGGTCATGAATGACGGTAAAAGCGTTTATCATCAAAAAACTGCTGACGTTCTTCGAGAATATCCATCACTTTGTCTTTCTTGCGATACAGCACCATGGAAGAGACAAGGTTGACCCAGAACAGCGGGCCAATGAATGAATTGCCGAAAAACATGGCATCTGTCGGGCAAAAAAAGGTATTTTCAGCCAGTTCTGCCAAGGGGCAACGCGGCGAATCTGTTATCACGGAGATGTGCACTTTGCGATCAGCCAGTCTTCGCACTGCTTCAATCACCTCAAGATTGTAGGGGGGGAATTCAAAAACAAGTAATATATCTCCAGCTTGTAAAAGTGTAGATTCTTCAAGTAAAGTTCCATGCTTACGTGTGATTGTGTTGCAGCGAATACCG
CP050699.1_gap60	2347103	2350235	3132	CGGAGTGATATCCCAGCTCTCAGCCAGGGCTGGTGCCGGACTGGAAGGGCTCTCTTTAAAAGAAATGAGGGTGTCGAAAATGTTGCCGGCAAGTGCTTCACCAAATACACCGGGAATCAGGACCGGGTTGAGTTTCGCCGGTTCCTTGGCGATACCGATTGTCAGGGTGTTGTCGGCGGCCAGAGCATTAAAGCTGGCGCAGACCATCGCTGTCGATACTGCCAACGATACGAAAAGCTTTTTCATCATTTCTCCTCCAAAGTTTGAAAAAATAACTACGGTTACATTTTATTCTCCTGGGATAACTTTGGTTACCTTATCGGAACTAGATGGAAATTGCGAATAAAAAACTTTTTCGATACATGTGCCGAAAAAGTTTACGGGGCGGGCAGAATAGGTTGAAAAAAAACAGGTATTTAATTAAATGCTATACTTGACAGTTGTGATCCCACAAAATAGTATTGCAATAAAATTGTAATAAATTCGGACTAATAAGCTTTAATCGTTATGGCGTATGCCAGGTTGTCAGAAGCGCATATTCGTATATGCATTTGAGTTGCACTACCATTTTTCCCGAGGGGAATGGAGTATGAGTATCAGAGTACGGTTTATCTTGGTTATCGGCTGTCTTAGTCTGATTGCGACAGGTGCTTTTGCTTTCTTGAGTTACTCGTTCACTATTAACACAGCACTGGACGAAGCACAGAAAAAGGGGGATATCGTATCGGCATTTTTGGAGTCATCCCTGGCTTTTTACAGGACTGAGCAGCGACCTCTTATCATGGATATGGTTGATAAAGAGCGCTTTCATCCGACCCTCATGTCCGGTTTTGCCATATCCCGGGGCGTGTGGGACGAGTTTAAGCAAAAGCTGCCGGGTTACCGGTTTAAACAGGCAACTGTAGACCCGCTCTATACTCCAAACAAGGCTGACATCGATGAAATCAGGCTTATTACCGATTTTAATGAAAATAAGAGTTTAGAGCGAAAATCAGGAATAATGGAGAAAGATGGAGAGGATTTTTTCTATTATGCTCAGCCCATTGAGGTGAAAAAGGGCTGCCTTCGTTGTCATGGTAATCCTGCCGATGCACCTGAGGACCAGCGAAATATGTATGGCACGGAAAATGGCTACAATTGGGTCGCCGGCAGTGTGGTAGCCGCCTATGTGACCTATGTTCCAGTGCAAAACGCAATTGATGATGCACGTAACTCGGCCATGACTCTCTTTGGTTATGGTGTGGCCGGAATCTTTGTGTTGTCGCTGGTAATCTGGTTTTTCTTTGAAAAAAAGGTGGTATTGCCAGTTAGGGCGTTGGAAAAGAGGGCCTCGGATATCAGTGTGGGTAAAAGGCTTGATGAGAAAATTGAAACTTCATCGGAAGATGAAATCGGCAAGCTCGCCAAGGCCTTGGAGAGAATGCGTATTAGTGTAGTGAAGTTAATTGAACGTCATAGCAGCAAGTAATCTCAGATACTGTATTTTTCAGCCAAAACACAAAAATTGATTACCCGCTGAAATCCGGTTCCAGGATGTGAGGTGCGAGAGCGAGCGGGGAGGGGGAGAGGTTTAAGGCTGAGGATTGGTGGGAACCAGAAAACAAAAAAGGCGCTGCCGAACTATCGGTAGCGCCGATCCGGGTACCATTTTGATAATTACCTGACTATTTGGTATCAACTGACAAATCCTGAGGTTTAAGGGTGCTGAGCAGCTCTTGTCTGTCTTCATTGCTGTCTATCTCGGCAAGGGCAGCCTCAATCACCTCCTGACGTGCGCTGTCGCTGTCATTTTGTAACAGGCTGGCGTATGGTTCCATAGCCACAGCGGCGAAAGGGCCTACAAATTCGGCCAATTCCTCGGTAACTCGTCTAAGAAAGGCAGCTGGAGTGTGTTTTCCTGCTTCACTGCCGGACTCGCCAATGGCGAGAAAGTTGTGTGTCAATAACTGCTGTATCCCTTCCAGCCCTTCATTTTCAGCGACCATTGCCTGTCTGATGATCTCGGACACGGTCCGCTTACCGTCTGCGAGTATAAAAAGCCTGCGAACTTTGCCATCCTTGATTGGAAGTGCTGTAAGTTCAATACATTTCCCGGGTACTGATGATATATCCATGGAATTACCCTTACGTGAGAAGATGCTGGACCGGCCAGACTGTGCCTGTCTATATACGGGTGAGCATTACTTCTACTATGTAATAAGGCAGAGTAAAGGTCAAGATTAAATTTAGTAATAACAGGTATATAAGCTAGTCAAGTATGGCTGAAAGGGTTGAAAATACTGTTCTGGCGGCTGACTGAGGAAAACGTAAAAATGGACAATGTCATAATATGAAAATAGTGAGCCTCCTGGGTACCGCCGGCGGCCTCATTATTCGGTTTCTGCGGTAGCTGTATCAGTAACAGGTTGATCTATGTTTTCTGTGTCCCGATCTGTCCCTTCATTTTCTGCCCTGCTGGTTTCGAGGCCCTGCTCAAGTTCTTCCAGGGACCGTTTATGGCCGATATGAAAGAGGGCAAAACCGGGGCTGACAAACTGGTTTTGCGCTCTGCCGAGGATTGTACCGGCAACGGGTGAGTGGATGGCTACAGTGGTGTTATCAAGCGGGTTGGAGATTTCTGCCAGCAATGCGCCTTTTTTCACAGATTCCCCGAGTTGTACCTTGTTGATCAGGATGCCGCCTGAATTGGAACGAACCCATTCACTCTCATAAAACACTGGCTGTGGGCTTGGCCAGAGGGTGATTTTATCTAGCATGCCAACAGATTGCAGAAAACTTCGAATTGAGCGCAGACCCACCTCAACCTTATCTGTTTCAAGGCTCAGTGGTCCACCGATCTCCATAACAATAGTGGGGATTCCTGCATCTGTTGCTGCCCCACGGAGACTTCCTGCAGGAGCAACACTATGAAGTGCTGTAACGGCGCCGAATCCTGTTACCAGCTCAGCAACTTGTGGAACAGTGAGGTCAACTCTCAGTTGAGGCAGGTTTTCTCTATAGAATGAACCAGTATGGAGATCGATGACCATATCGCCCCGCTGTACTATGGTGGTGAACAGACTGTGGGCAATACGGGACGGGTGTGAGCCTGATTCGTTACCGGGGAAATAGCGGTTCAGGTCTTTGCGGTCG
CP050699.1_gap61	2359935	2364740	4805	TTAATCCGAAGCATGTCGAGGTTCAGATCCTGGCCGATAAGGCTGGTAAGACTTTGCACCTTGGCACCCGCGACTGTTCTATCCAGCGTCGTAACCAGAAGCTGATCGAAATTGCTCCCTCACGTGTGGGCAACCCTGAGTTGCTTGAAAAGATCTGCCAGACTGCTGTCAAAGCTGCCAAAGCTGCAAACTATCTTAACGCTGGTACCGTTGAGTTTCTGATCGACAAGGATTTCAACTACTATTTCATGGAGATCAATACCCGAATCCAGGTTGAGCATACTGTAACCGAGATGGTTACTGGTATTGATATAGTAAGGAACCAGATAAAGCTTGCTTTTGGCTACGAACTCTCTTTCGGGCAGGAAGATGTGCAGATTCGCGGCCATGCCATCGAGGTGCGCATCAACGCCGAAGATCCGAAAAACAACTTTATGCCTGAGGGCGGCAAGAAAGTGAGCGTCTACCGTTCCACAGGTGGATTCGGGGTTCGCCTCGACGGTTTTGTCTATCAGGGCTATGAAATTCCAGAGGTTTACGATTCACTGCTGGTGAAAATGACAGTGCATGGTTTCACCTGGGATGAAACCGTTGAGCGTATGAAGCGTTGTCTCAAAAACTTTGCCATTGTCGGACCGAAGACCACCATTCCGTTTTACTTGAATGTTGTTGATGACCCGGATTTCATAAAGGGAGACTTCAATACCTCATATCTCGATACCCACCCGCATCTTTTCCACTATGAAGAAGAGGTGGGGGAAGCAGGCAAGCTCGCCAAACTGATCGCAGAGATTCATCACCGTGGTGAGAATCCGTTTGCATCGTAATTTTCCGTATCTTGATTTCGCTGATCATTAAAAAACGTGAGGATTTAAAATAATCATGGAAAGAATTATTCAGGGAACATCGGCGGGCGAGGTGCTGAAAAAACTTCGTGCGGCCAAGAGCTATTACATAACCAATACCGCCCGTGACATCTCTCAGTCCGATTTCAAAAATCGCATTCTCCTGCACACCGATTTACTGGCGGCGGAGCAGCGGGATAAGGCGGGATATTATTCACTGGAAATCACCGGTGGCGCTTCCGTCCATGTGGATATGCTTAAAAAACAGGTAAATCCATTTACCAAGCTGGAGCTGTTGCGGGAGAAGATGCCGAACACTATGTTTCAGACCCTTTGTCGGGGTGTGAACCTCTTTGGTTATCGGCCATATCCACAGAATGTAATTCGTTTTACTGTGCGGGAATTTGCCAAGTATGTGGATGTCTGGCGCGTGTTTGACTTCCTCAACCACGTACCCAATATGCAGGCAGTGCTGGAAGAGGTTGCTCTTGCAGGTAAAATCAGTGAGCCGTGTTTGTGTTTTTCAACCGGTGATGAGCATACCAATGCATTTTATCTGAATAAAGTACAGGAAATACTGGATGTTACCGGGCCGGAGGCAGTGCTCTGTATCAAGAATCATGGTGGTCTTGGCACCCCAAGAAGGATCGGAGAGCTGGTGGATGCGATCAAACAGCGTTTTCCTGATCTGGTTCTGCATTATCACGGTCACAATACCGATGGCAATGATGTGGGACGAATTGCCGAGGCGGTGATTAAAGGTGTGACCATTATCGATGCGGCCGACGCAGCTTTTACCGGTTTTTACGGCCCGCCACCGGTACTGACAGTTATTCAGGTGTTGAAAGAGCATGGCTTTGATCCTGTAGGTATTGATGAAGAGGCGGTGATTGCCACCTCTGATATCATTCGTGACGAGCGTCAGCATTATCAGCAGTTTGAATCTCAGATCAAAGGTTTTCAGCCGACAGTGCAGATCCATAAACTGCCTGGTGGTGCCATGGGCTCAAGCCTCGAGCAGGCTGTGAAGGGTGGATTCCTGAAAGAGATGCCTGAGATACTGCATAAGGAGCTGCCCAGAGTTCAAAAAGATCTCGGCAATTTCTGGTCGGTTACTCCGGGTTCCCAGATTCTCTGGACCACTGCGGTATCCAACGTGCTTGGCGGAGAGCGTTACGGCAATCCATCCGGCGACCTGAAGAACCTGCTGCTCGGCAAGTATGGTCCGTTTCCTTTCTACCAGCCGGCGGAGTGGATTTACGAGAAGGTCCTTGGTGAAGATTGGAAAGAGCAGCTCGCCAGTGAAGGTGGTGTGGATACAATTGCCGACATCGATCTTGCCGAGGAGAAGGCGGCCCTGCATGAAAAAATTGGCAAAGAACCCACTGATCGGCAGCTGGTACTCTATCTGCAGCATCCCGTCGACGCGGTGGATTTTTTCAAGTTTGAAGAAGAGTACGGCATGGCCTATGTGCTGCCGCCATCTATCTTTTACCGTCAGGGTGGTTTTGAAGTTGGTGACACCCTTTACTTTACTGACCTGGTAGGTAAAGAGCACATCGTTGAGATTGGTCCATCCCCAACGGTGGATACCGGTGAGACTGCGGTCTATATGAACGTTGACCATCATCCTATGGTGTATACCTTCCAGCCTGAGCGAAACGGTAGCGAAGCTGCAGCCCGCATACAGCTCAGCAAAGAGGAGATCATGGATCTGGCCATGGCGGGTGATGTGCGCGCTGGATTTGCCGGCAACCTTGTTGAGGTTACTGTCGCTGAGGGTGATCAGGTGAAACGTGGAGACAAGGTCGCCATCATGGAGGCGATGAAGATGCAGACTCCTCTGGTCAGCGAAATCGACGGTATCGTTACCGTCATTACCGCCAAGAACGGGGCGGCATTGCAGCCTGGCGACAAGATCCTGAAGATCGATTTTGACGAGTAAGGTATGTAGATTTATAGATCTATCGATCTGATACGATTGTTCTGTTACCCATTGACCCCAAAAGGCCTGAAAGAATTGAATTTCTTTCAGGCCTTTTTTGGTACTTTCAGTATCCAGGTGTATTGTTTCCCTTAGCTTTGTACTAATAAAAATATACACTAACGCTCAGCTCTAAAGAGTGAGGAGTAACAACATAAAGCTGAAAGGTCTTCTCCAAAAGCCGGTTGAATAATGATTCCGGTGACTGGTACGATTGCCAATTGGTCACAGCTCACGTTTATCTGATCACCTTTTCAAGCTGAAGAATTGAGGTAATCAGGTTAAAAAATACAAAGAAGACAACGCCGAATATGAAAAAAGCTCCAATGTATACCCGTTATGCCCGAGAATATGAGCGTGCTATAGAGGATAATATCTATAATGCCCGTTTCGAGCGGCCATCCCTGCTGTCGATGTTACCCGATGTGGCTGGCAAATCAGTCCTTGATCTTGGCTGTGGTCCCGGAGTTTACGCAGAAATACTATTGCAGCGCGGAGCAGAGGTTACCGCGGTAGATGCTTCCAGCGAGATGGTGGCACGGGTGAAAGAAAAGTTTGGCTCAAGAATAAAAACGTACATCCAGGATGTGAGTGAGGGGTTGCCGCAGGAAGCCGACTTTAGCCATGATCTTGTCATTTGTCCTTTGGCTGTTCACTATATTAAGGAGCTGGCGCCTCTTTTTCAGGAAATATATCGGGTGCTGAAGCATGATGGAACCTTTCTCTTTTCAACCCACCACCCGATGATGGATTTTCAGTCATCTCCTTCGGGGAATTATTTCAGAAGGGAACTCGTTACCGAGACCTGGGATACTATCGGCAATCCGGTCGATGTTCAGTTTTACAGGCGTTCCTTAACCGAATTGTTCGGTTCGATTACAGAGGCTGGGCTATATATCTCGAATTTCAGCGAGGGTATACCAGACAAGATGATCGAAGAGGTTTCTCCTGCGGATTACCAGCGCTTGTCAAAACTACCAACGTTCATGTTCATTGAGTGCAAAAAGAACAATTGATATCTTTGGCGACCAGGCTCGGTTGTGGTTGCTATAGTAACAAGCTGTTCAGGCGTTGATTACGACGCTGTATGGCTTCAGGATAACAGAAAACGAGGCACAGCCGTTTTGCCTGAGACAGTGGTGGGGACTGTCTGAGCAATTCATCGACTGCAAAAAAATGTTATCGGCTGTTTAACATTTCGGTTATTCGAACCCGATATTCAACAATATCATTGCGAAGTGAGGAGAGGCTTGCCATCTTCTCGTCTACCTTGGAGATATGTTGATCGAGGATTTCGATAAGCTTAGGAGTGATGGTGTTGAAGTTTTGCGCGTTGATGTCGAATATATCACTTAATTCCTGAATTTCTTTTAGAGATATTCCTAATTGCTTGAGCTTGAGAATAAACTTAAGTCTCAGCACGTCATCCTGGTTGTAGGTCCTGGTGCCACCGCCCAACCGTTCACTCGAACCCATAAGTCCGATCTCTTCGTAATACCGTATTGTTCTGGTGGTGATATTCAGCCGTTTGGCTAACTCACCGATCTGTACAAACGGTTCATTTTTACTGGACATTTTTTTAACCTCATAAAACTACAAAATTACCCTTGGATAATCGGGCATTTTTCATAAGTGTGGCTGATACCTGGTGAAAGGTTCACCCCGTTCTGAAACAACCTTATCAGGAATAAATTTAGTTGAAGCAACTCTTGGGATTTACCTTTACGTAATTTTTCAGAACAAGTTAGCATAGGGGATGAAGTGGTGTCAAATAAAAATAGTTAATTAGATGGTTTTGTAAAGATTGTGTGTGTAAAGCGATGTCCGCTCGATGTGAAAAATTCTTGACCTTTACGTAAACAAGGGATATATAAGGGGGAATATTTCTGCATGATTTCACTTATTGCTCAGGTTATCAACTGGAGAGTGGTTTATGATCTTTGAACTAACGGAAGAACAGGCGCTTATTCGCAGCA
CP050699.1_gap62	2365825	2366819	994	TCCGCTCTCACCAGATAGTAAACGAGTGGGCTTTATATGCAGTAAAAGGGCGTGGGCGAGGACGCCTGTTTTTGAGGCACGAGTGTAAGTACAAAAGAGTTCAATGGAGAGAGCGATGGAATTTACCCGTGAGATTTATTGGAACGTGGGGCATGGCGCTGCAACCCTTGTCCCTATGTATCTTCTAGTAGTCGTTGCTGTAGGTGTTGTTGTATGGGCTTTTCGAAAAAAACTGGATGTGTACAGGCAGGGGCTGCCGCTGGAACGAACGGATCAGCTCGGTAGCCGGATAGGCGCAATGCTGAACAATGCCATCTTCCAGAAAAAAGTAACCCAGGTGAAGATTCCTGGTCTATTCCACGGCATATTCTTCTGGGGCTGGTTTCTGCTGCTTATAGGAACCACGCTTATCGTTATTCAGGCGGATTTCACAGACCTGCTTTTCGGTTATAAATTTCTGGTCGGCAATTTCTATAAAATCTTTTCAGTTACTCTGGATATCGCCGGACTCGCTTCAATTGTTTTTTTGAGCGCTCTCTTTGTCCGGCGGTATTTTTTTAGACCTGAAGGACTCGAGACCAAAAGAGACGATGCCATTATGCACGGGCTGATGACCATCATCCTGCTTACCGGCTTCGTAATTGAAGGTAGCCGCATGGCCGTCACCGAGCTAGGAACGCCGGTCGCGCTCTGGTCTCCCGTAGGTTATCTGCTGGCGCAGTCTGTAGCCTGGATGGGTGAAGACAGCCTGCGGCTTATCCATAAACTTACCTGGTGGTTTCATCTGCTGCTGGTGATGGGCTTTATTGCTCTTATTCCATTCACCAAGTTTCGTCATATACTTACTACCAGCGCGAATTACATTTTTGCAGACAGGGGCCCGAAAGGAAAGCTTCGTTCCCTCGATCTTGAGGACGAGGATGCTGAAACCTTTGGTGCAACTTCTGTAAAGGAGCTGACCTGGAAAGATATCTTCGATGCCGACGCCTGCACC
CP050699.1_gap63	2548957	2549487	530	TTCAAGTGCCCCGGGGCGACTATGGTAATCATAAAGTTCTTTTACGGTGCAGGGGAAGTCGGCACTGTAGTGAAATTCTTTCAGCGTACTCACTCTATCTCCTTTACTTGAGGTCGAAATTCATTTTTATCGTAACTATTCTGGATTACATGGATTTTTGATATATCAATAGTGGTAATCATTATTAAAAGTTTTGCCAGACAGGTTTTCACGAACCATTGAATATAAGTGCAGGTTACAGCAAGGTTTCGGATAGAGAAAGGTATGGGTAATTACCCATTGACAATCAGGTACATTAGAGCGATTATGCGACTGTTGTGTGTATATGAACATATCACTTTGTAGTAATGTCTTATTTTCGGCAATGCCCGAGATGGTGCTCATGTTGAGATTCGGGTAGGCCTGGAGAATATCAGCAGCAAGGAGATCCCATGCAAAACAGTAAGATAGTGGTAATCGGTGGTTCGGCGGCAGGTGCAAAAGCAGCGGCTAAGGCAAGACGTCTTGATCAACAGGCGGAGATAACAATT
CP050699.1_gap64	2551114	2555624	4510	CGTACAAGATAATCAGAAGGGGACTGTACAGTGACAATGATGGATGACGGAAAAGTTCTTGGCGGACATGATAACTGCATTATCTGCGGCAGGAACAATCCGTTTTCACTTGGTTTGAAGTTTCAGCAGGCAGGAGCCAATACCGTGGAGGCTACCTTCACGGGCGGACCCCATCTGCAGGGATATGAAGGGATTCTGCACGGAGGAGTAATCTCTGCCGTACTCGATTCCGCCATGGCGCATTGCCTGCTGGTACAGGATGTCAAGGCGGTTACGGGGGATCTGCGGGTGCGGTTTCTGCATGCCATTCCCTGTACCAGTCGAGTAAATATCCGTGCCTGGCTCACCTGTGCAGTCTCCAGCCTCTACGAACTGAAAGCGGAAGCCCGGGTTGATGGCAAACTTGTGGCCCGAGCCAAAGCCAAATTCATGAAAAAAGAAGGTGTCAAGTGAGTATCGCAAATGAGGTCAGTACCCTGACCGTTGTGGTCAATAATGTGGCAGCCGATGGTCTGACTGCCGAGCACGGTTATGCTTTGCACGTTGCAACCCCCCAGGGAAATATTTTGCTGGATACCGGCCAGAAGAGCCTGATGGATAATCTGCAGACTCTGCAAATTTCACCGGAGAAAATAGATAAACTTGTACTCAGTCACGGCCATTATGACCACAGCGGCGGCGTTGCCGATCTTTTAGCAGCCAACAGAGGTGCGGAAATCTACCTGCACTCCGCAGCATTTGAACCACGGTATGCGTGGGATGGCAAAAAGAGTGAATCTGTAAGGATGCCACTGCCGGATATGAACGCGGTAATGCATCACAAGGATGACAAAACCCACTGGTTAACCAGGCCAATGGAACTGCTGCCCGGCGTGGGAGTGACGGGGCCTATTCCCAGGAAGAATGAGTTTGAAGATACCGGTGGCGAGTTTTATCTCGACCCTGATGGCACTGATGTCGATTCAATAAAAGATGATATCGCTCTCTGGATCAGGACACCTGAAGGTCTGGTGGTCTGTATCGGCTGCTGCCATTCTGGATTGATCAATACCCTTGATCACATTGTTGCAGTCACGGGAGAGAAGCGTATACGCACCATCATCGGCGGTATGCACCTTCTGCACGCCACCAGCACGCGCCTTCGGAGGACTGTGGCCGAGTTGAAAAAATTTTCAATTGGCAGCATCATTGCCTGCCACTGCAGCGGTGAAACAGCAGTTGAATTTTTGCAGAACGAGCTTGAGGCGGAGGTTGTTACCGGTTATGCCGGTCTTACTTTTGCTGTTTAAGTGTGACAACTCCAGTCAGGTGAAAAATGGGGTTGGGCTTTTGGCCTAGCCCCATTTTTGCTTTGTGTGAGTGGATTTTCATGCCTCGCGAGTAGATTGCTCAATGTTGAGCCGTTTAATTCGAATTTCTCCCTAGCCCGAATTCCTTATTGAATACATTGCAGAAAGAGCTGAATTGCTTTTTCTGCCTGGCGTATCTGCAGAGCCTTTTGTTTTTTTGAAGTGAGCTTTTGCAGAAATGGCGGGATACTCAATCGTGATTTTGCTTTGTGGTTATATTTGTCACAATAATCAAGAAAGAAGCGCATCCATTTCTGTAATGCAAATTGTTCGTTTGGAGAAATACCACGCTGCTGTAAGAATCGCTTATAAGCATCACGCATTTCGTTTGATACATAAAGCACGATATCAACACTTTGAGTGGAGTGAAGGGAGAAGATCATGTTTTGAAGATTATACAGAATGACAACCCGGCACCTTGAAGGCGTGCTGTCAATAAAGTATATTTTTTAGAGTACTTAGGGGAACTGGTGTGGAGGCAAATAATGTGGTATTGGGGAATGTGAAGGGAGCCTTCACCCGGGCTAACTCCGAATTTTACGAGTTAACCAGTTCTACAGAATAACTTGTTATGAACTTAGAGCGAAGGTTAGGTGTTGCCTGAAACACCGTCGTCCGGGAACTCGATTCCCCCTGCCAGTCGTTTAGTGATAAACTGTCTTATTAGGCTTTTGGGAGCAGCACGTTGTATGTTGGTTACTCGTCTTTGAGTTGCGTAGCCTTCTGCTGTCGATTAACTCACCTGGTGGTTTCGCAGATTAAGGGCAATGGTTCTTTTGTCTGTCAGGTTCGGTGGGGGCAGCCAATGCAGTTGGTCGTTTGGAAAAGCGGCTACGACATCGAAAAAAGAACGGACGCAGACAGGCTAGCGCCCAAGTCAGGACCGTCGACCCAGATGCATTTCATATCAAACCGCACCAAGCGACCGGACTCCTCGGCATTTTGGGTATCAATCGGTTTTGGTGTTTACCGTAATCAATTTTGCACCGGCGCAAACGGGCGCATGTGCTTAGCGTTGGGCGATGAAAATTAATTCTTGATAATTATTGGATAATGAAAATCAACAAATTTAATCTGCATAGCAAAATAAGGTATCGATCATAGTTAACGAAAAGTCGGTAATTAAAATTGAACCATCCCAATGGTTCAGTATAATCATCATTCACCTTTCCATACCCATAATTCTATTGGTTTGCGGATGGGATTTCAGTTGGTGGCAAGCGTGGGTCTTTTTTGTGCTGATCGTTACGGCTGGCATAGGGGGACGCATATGGGCAGAATATAGACATCCGGGGATTCTGGCTGAACGGTCTCAGTGCTTTAAGGCTCAAGATGTAAAGTCCTGGGATAAAGTAATTGGCCCATTGATGGCGTGGAGCCTATCATTTCCGCTTGTCATAGTAGCAGGCCTCGATCACCATTTCGCATGGTCTCTTCTCTTCCCGATCTGGATGAATTTACTCGGCTTTGTTCTGGTAACATTTGGATATGCCTTCGCCGCATGGGCCTTGATTGAGAATCGCTTCTTTAGCAGTTTGGTGCGTATCCAGAAAGATCGAGAACATAAAGTGTGCAATAGCGGTCCTTATAGAATTGTACGGCATCCGGGCTACGCAGGGAATATTTTGGCACTTCCAGGTATTGTTCTCGCTCTCGGTTCAGTGTGGACATTGATTCCAGTGGTCATAGCCATAATAATTGCCGTGATAAGAACGGAATTAGAGGACAGAACACTGCAAGCAGAATTGAAAGGTTACAAAGAATATGTAAAACGGGTGCGATATAGATTGATTCCTGGAATATATTAAAATCTGATTACCACCAATCCTCAGCAAGCCTGAGTTGGCGCTCTGGAATCGGGACAGTTGGTGACGCATGATAAATAAGAGTTTGCAATAAACGTTGAAGATCAAAACGACGATTAAAGCGATAACAGAATTCAGTCAAGTATCGTTTTCCCTTCAGCATCTCGCCCACGCTTTCCACCAGAGTGCTTCGCCCCCCAATAGACATCATCGACTTGTACAAAATCTCCGAGGCGTTTTGAATCGTCAGAAAACTTCATAACCATCTGGATCTTAAGCTTAATACGCATGGCAGCTGTTTGCGAAATACCAAGAAAACAAACTGACACCTGATTGAAAGTGAATGTCGCTTCGTTTAGCCATATCAGAGCCCCTGTTGAGTTTCGTGGAGTATGACATGGCCGGGGGATCATATAGTGACCACCCATGAAAAAAATGTGTCAGGCTGAGCTTTAGTGGTAAGCAGATAATCTTTAATATTACAATAGTTGTGTTCGCGAGATCAATTATCTGTAAACGATAAAGTGACATTGTTAAAAACATGAAGTGAGCTCAATAAAAACACTCGATTGGGATGGAGATCCATCAATTCAAATCGATTTTGCCGCTCGACTCAAAAGGCAGCTTATGTGAGAAACCGCTCATTTTCACATTGACCGTGCCTGACAGCTTGTAATTCACATCTTCAAATTGGGCCTCTTTTTTAGAGGCCGATTTCACCATACTTATGGCTGAGCCCACCATGTCGATAACAGAGGCGTAAACTTCCACCGGCACCAGTGCCGTACCGTATGGGGGAATAGTCTGTTGGGCGCCTTGCAGGCCAGAGGCGAACTTGCGGCCGTCCAGTTCCATCTCGCAACTGAGCCCTTCTATATCCAGTGGCTTCTCGTTGGGGTTTTGTACCCTGAGTTGCACAAGAAAAACAGTTTCAAAGCTGCGAATTTCACTCACCTGAACGTCAGCGAGGGTAACCTCAGGCGACTCGAGTGAGGTGAGGGCGCAACCGGCTATAAAAAGAAAATAAGTGAACAGAAAAATGAAAGGTATGGCAGCCCGGGATATGTTTTTCATAATATTTTATCAGGTTGTATTTATGGAGAGTGATAGTGATTAACTGGTACTACCCTTCTTTTCTTATCTTATTCAGGTGTTATGATAAGATCGTTTACCCGTTTTGGGGCAATTCGCGTCAAAAAAAAAATTGATGGCTGGAAATCGTGCCAAGTATTGTGCTGAAATTTCAAGAATGACAAGGTCAGACTCTGCTATCGCCGTGACGGTTTATTTTCTCCTCCTGTCAAAGTAGGCCATTTCCTTTAAAATCTCACTCTCTTTCAGTATCGTCAGAAGGTT
CP050699.1_gap65	2576423	2579020	2597	TGGTGCTAATTTTGATAAAGAAGGGAACTTGGTAGGTGTGTCAGGACATGCGGGTTACTCTTGGCCCCCATCATTAGTTTACGGTTCTGTTTCATCTGAAGAAGAACCCTCTGCGAAGGAAGGGTGTGAATAGATATTATTGAGAAATTCCGAGATTACCCGACATTGGCCTAAAGAATACATGTCCCAAATTAAGCCAGATAGCTATTCCAAAAGCCCTACAATGCCGGGTAGTCGGAATTTATCTTAAAAATTGATAAAACAATATATAGGTTATGAGTTTGCAACCGAATAAAAAAAATAGTGGCTCAGGTTCGCCCAAACAAACATTTTTAATTGAAACCACATGTATCTTATCGGTGGCTATATTGTATTTTGTCATTGATAAATTTTTTTTGAGTAATATTGAGGATATTGATTTAAGAAAATGGGTTGGTGCTAGTGTCTTTTTCGCGACTTTGGGGCTTTTACATATTCTTGGGAGCAATGTTCTGAGTTATTTGTACGGGTTGCAGGCAAAGATTGGTCCTGCGATAATAGCCGAACCCAAAAGTCTTAAACTTATTGGATGGATAGTTTTTGTTTTTAGTCTGCTCTTGTTGTTACTTTTATTATCTTATGAGTAAATCTGATTACCCCTAAAGCTCAGCACGTAAAAAATCATTGGTGAGGTGAATTCAAATTGCAAGTGCACCACGCACCTCTTTCCAGAACACTTCATATGGAGTCTGGTAATTGAGACATTTACGTGGCCGATGATTTATTCTCTTTACGGCTTTTGCTATTTCAACTTCAGTAATGCTTCGGAAGTCAGATCCTTTAGGAAAATACTGCCGCAATAGCCCATTGGTGTTTTCATTAGCACCACGTTGCCAAGGTGCATGTGGCTTGGCAAAATACACATCGAGACAAGCATTTTTCTCCAGCAGCTTATACTGGGCAAACTCTGTCCCGTTATCAACAGTTAACGTCTTACGTGCTTTGCGGGGAATATGGCTCAATGCATTTGTGGTTTGCTTCGCTAACCTAGCTGCCTGTTTATCTTGTAATTTCGTTGCCACTAAGTACCGACTTTTACGCTCAACTAGCGTGACGATAAGCCCACTGCTTTTTTGCCCTTCCATTGTATCACCTTCCCAGTCGCCTAGGCGCTGACGGCTTTCTACGATTGGTGGCCTTTGGGTAATGCATTTCCGGTCAGAAAAGCGTCGGCCGGATCCATACCGTTTTTGCCTACGCCGTTTTTTTCGTCCTCTTCTCAGGTTACGGTGGAGTTGTCCACCTGAGTTGGCCTCCAGGTAGATCCAGCGATAGATAGACTCGTGACTGATACGCATCTGCTGATCGTCATGGTAATCAATGCGAATTCGTTGAGAAATTGCCTCAGAAGCAAATAGGGGACAGACCACGTTTTTATCCGTGATTTATCCACGGAATGTGTTAAAAATAACTTATGCCAAGAAGACCACGAATCATACTTCCCGGAACGCCTCTTCATATCATACAGCGTGGCAATAATCGACAAGCCTGCTTCTTCGCTGATGAAGATTATGTTATTTATCTCGATTGGCTGTATGAGTACGCTCGCCAGTCGGGTTGTGCCATTCACGCTTATGTGCTGATGAGCAATCATGTCCACCTTTTGCTGACGCTAAAGCGAAAAGAGAGTGCTGGCAATCTCATGAAGTTACTGGGACAGCGTTATGTGCAGTATATTAATCGAACGTATAAACGCAGTGGTACGCTATGGGAAGGGCGCTTCAGATCAAGCGTTATTCAACAAAATAACTATTTTCTTGTTTGCCAGCGCTATATTGAGATGAACCCAGTGCGTGCAGGAATGGTCAAAAATCCTGTTGAATACAGGTGGTCCAGTTATGGAGTAAATGGGCAGGGTGATTCGTCCAAATTGATAAAGCAGCACCAGATTTATAAAGAACTGGGGCAGGATGCTCAGGAACGTCAATTGGCTTACAGAGAGTTATTCCGTCATGAGTTGGAGCCTGGCGACATCGATAAAATTCGCAAAGCGACCAACGGGAACTTTGTCCTTGGCTCAAGTTGTTTTCAGGAGGAAATCGAAACGATGCTTGGTCGTCGCGTTACCCCTGGCCGGCCAGGCCGTCCTAGAAAACGGATTAGCAAATCCTAAAACGTGGTCTGTCTCGAATGGCGCTAGTTTAAGCCCCTTTTTTAGCTCTATCTTGCTGATAATACACATGTGATTTGGTATAATAGCAGATGGAAAAATCACATCTTGCAAAACCAACACTACCAGGTTTTTACTTACCAAGGCGAGGTCGTAGACCTCACTCCCCCCAAAAAGTTCTAGCTGATAAAATCAACTCAATTAAGCAAAAATCGTTGAAGCAAATTGGGGAGATTTTTAATGGGTATTTTCCTGCCCATCTCTTAAAGCAGGACGTTTCTGGGCCAATGAGTCGGAAGCGATTCTTTACTAAAGAAAACACATTCTGGGCTTTTTTCGGGCAAGTATTAGATGCTGATGGAGGATGTAAAGAGGTTGTCAGAAAACTTCAATCGTATGCGTCTGTAAATTCACTCCAAATCCCTTCATCGTCCTCTGCTTCATACTG
CP050699.1_gap66	2607686	2609817	2131	AAACTTGCGGCGTAGTTGAGTAATGCTGCCAAGGCGCTCAAGCTCAGAGACCTGTTTGAGAGCAGGAAGTTGACGGGGAGGACAGGGGAGGAGACCCGGCGCTCAATTATGATGAATAGGCCAGCTCCGATGACACCGCTTATCATCAGTAGAGTTGCCCAGTCCCCAACCCATTCTTTTCCTGTAATGCTCACTGTCAGGCATGAGATGACCAGAGCAAAGAGCAGGCTCCCTGTGAAATCAAATCTCTGGGTTCTATCTCCCCACCATTCACCGCGTAATACTGCTATACTCAGGCAGAGTCCAACGATACCGAAAGCTGCAGTAAACCAGAATAGGAATTGCCAGTTGAAATAATCGACCAGAAAGCCACCTAAAGCAGGCCCGGCTGACAATCCGGCATAAACGAAGGCTATAATTATTCCCATGCTTCTTCCCCTCTTTTCGGGAGGAATAACCGAGGAAAGAATGGCAAAAGAAGCTGTGGTAATTAGAGCGGTAGCCATTCCCTGGATAAATCTCAGGATGAGAAAGATTGTTATATCAGGGCTGAAGGTAATGATTATGGAGGTACAGCAAAAACCAATAATGCCGCTCAAAAATATTTTTTTCCGGCCATAAAGGTCGGAGAGTTGACCGGATGGCAGCAACAGACAGCCAAGGCCGAGAATATAGAGCATGGCTGCCAGGCTGAGTTGAAAAGTGGATGCCTGGTAATATTCACCGATAGCGGGCAGGGCGACGTTTACTCCAGCGGCCATGAAAGGGGTGATAAACTGGACGATACAAATAATAAGAAGAATCAGGTTATGATTTTTTTGCCGGGTGTCATTCATTACTGCGATCTCGGAAGGCTTTAAAAGGTAACTGTGTTATGGCAGGGTTGGGTAGAGTAGCGTGACAGATCTGCCGAAAGCGTTTAATGCATTGTGTCTATTGCGTTTTTTGGTAATAGTGAATTTGATTATGGAGTGCTTTGGCAAGAAGTTTGGTGAACTGCTGACATTCCTGTTGGCTCAAACCATCAAGGGAGCGCTGGTTACTCTCGCTCAGCATCTGCCAGAACTCAGCCTCTTTTGAAAGAGCGTGTTCAGTGGGGAAGACCTGTTTTTTTCTGCGATTAGCAGGATCTGTCTTTCGCACAATGAAGTCAGATTCTTCCAGCTTACTGAGTTGACGCGCTGTTGCCGCTTTATCAATATAGTGGATAGCTGAAATTTCGTCCTGGTTTATGCCCGGGCTCTTGAAAATGGAGGCCATAAAGGGGATTTGGCTCCCGGTTAAGCCCAAAGTCCGGGCCAGGGGTTCAATGTTGGTTCGGCTCAGTCGAAAGAGCATTGCGATGTAAAAGCCGAATGGTTGTTTGTCGATGTATTTCATAACCTTCCCAGGATTGTCTGGTCAACAGTTGACCTGTCAACGATAGTGCTATGGCCGTCAAAAAACAAGATTCTTTTTAAGAAAAGTACAGGTATCATCGATTCTGTGCGATCAGACAATGGGTTACCGGTTATAGTTGTTTTTCAGGCTCTCTGTAATCAGATGTGGAAATAGTTAGGACTTTGGCCGCAAAAAAGGTAGATTGCCGACGCCCTGCACATGCATGATAGTATGAGCGACACGTTGACCAGACCCTATCTTTCGAGAGTATGATGAAAAAGACCAGAACACGAACCCGGCCAGAGAAAAAGACAAAAAAATCCGACACTTTTACTGTTACCAGCCAAGGTCCGCTGCTTGAAAGCCTTGTTACCGCCTTTCCCGGTAAAAGTCGTAAACTCCTCAAAGCGGTTTTGCGTGATAGTCAGATAAAGGTAAATAACAGAACAGTTACCCAGTTCGACCATCCCTTAAAGCCAGGCCAGGTGGTAGAGGTGAGCTGGGACAAATCGTCTCCGCAGAAGCGTCCTCACGGACTCAACATAATCTTTGAGGATGATGATATTATCGTCGTCAACAAACCTGCGGGTTTGCTCACCGTCGCAACAGACAAGGAAAAGCGTAAAACCGCTTATTCTCTGCTCAGTGAATATGTGAAAACTGAAGATCCTGATAATAAAATTTTCATAGTCCACCGGATTGACAGGGAAACATCAGGCCTGCTGCTTTTTGCCAAGAACGAAAAAATAAA
CP050699.1_gap67	2619620	2622091	2471	GGGTCTGACCAACCAGGGCGGAACCTCAATGCTGATGGCCATGCTGCGACTGCCGTATCTCAGGCATCGTGAGCGACAGTTGAAACTCAAGGCGCTGGAAGCGCTGGATCGCTTCGAGCTCGGCGAAAAGGCGAGCTGGCCTGCTGAGGTGTTGGCCTATGGAGATAAAAAGCGGGTGGAATTGGCCCGGGCAATAGTCGGTAAACCCGATTTGTTACTTCTCGATGAACCGGTGGCTGGGCTGAACAGCCAGGAAACGGCCGCAGTGGGTGAACAGCTGAAAATGCTTCGACGCAAAGGCCACACCATCCTGCTGGTGGAGCACGATATGGAACTGGTGATGGATATCGCCGATCAGGTGGTGGTGCTGGACAGCGGTCGCTGCATTGCAATCGGTACCCCTGAAGAGGTGCGGAAAAATCCACTGGTGCTGGAAGCGTACCTGGGGAAAATGGAGGCCACTGCATAATGACGCCGATGTTGAAAATAGAAAATCTCACAGCTCACTATGGTGCAGCCCAGGCACTTTTCGGGGTTGATCTCGATGTTGCAGCGGGCGAGACCGTCTCGCTGGTTGGTGCCAATGGTGCCGGTAAGTCAACGCTGCTTAAATGTCTGCTCGGCCTGGAGAAGCCCACCGGTGGCCGGATACTGCTGGATGGTGAGGATATCACCAGAACCGGCCCTGCCAGGATGGTACGACTCGGTGTCAGCCTTTCTCCTGAAGGTCGCGAGGTCTTTGCCGAGCTTTCAGTGCTCGAGAACCTTCGGCTCGGAGCGGTTCCTCTAAAGCTCTCCCGCAGGGAAGAAGAGCGACGGCTGGCAGGGGTGTTTGATCGGTTTGCCAAGCTTTACGAGCGAAGGGAACAGAGCGCAGGCACACTGTCCGGCGGTGAGCAGCAGATGCTCGCCATGGGCCGAGCGTTGATGGCGAAACCGCGGTTGTTGTTGCTGGATGAGCCAAGCCTGGGATTGGCACCGCTTATCGTCGATGACATTTTCGCCATAATCCGCCAACTCGCACGTGCAGGTACCACCATTCTGCTGGTGGAGCAGAATGCAGCACGGGCACTGTCGTCTTCTGACAAGGCCTACCTGCTGGCCAACGGAAAAGTAGTTGAGCAGGGAGAAAGCGCCGCGCTGCTCAATGATCCCGCTCTACGCTCTGCATTCTTAGGAGCGGCAAGTGATGAAAAGCCTGCAGCCAGCCGTCTTGGGGCTGCGGGTCTGACTAATATACGTTTGGAGAAACCCGCAATGCATACCAGAAATTTTATGCCTGACTTTGCCGGCAGGGAGGAACTCGAGGCCCATCAGCTGAAAGGGTTGAAGTGGACCGTTTCCCACGCCTACGAGGGTTCGGCCCATTATCGAAAAGCATTTGAAGAGGCCGGGGTGACGCCGGCCGATATTGAAAGCCTTGCCGACCTGCAGAAACTCCCCTTTACCACGGCCGACGATCTGCGTGATGGCTACCCGTTTCCGCTCCGTTCGGTGCCGTTCGAGCAGCTGGTACGGGTTCATGCCAGTTCCGGCACCACCGGTAAACGCAAGGTGCTTTGTTATACGCAAAAAGATCTCGATGACTGGATCTACTTTTTTGCCCGCTGCTATCAGATGGCGGGCGTGACGCCTCTGGACAGGGTGCAGATTGCTGTTGGTTATGGTGTCTGGACCGCTGGTATGGGTTTTCAGTTGGGGGCAGAAAAAATAGGTGCTTTGGCAGTTCCAATCGGGCCTGGCAATATCGATATGCAGATTCAGTTTCTGCTCGATTTCCAGTCGACTGTATTTTGTTCGACGGCATCCATGGCTCTGCTCATGGCCGAAGAGATCCATAAACGGGGTATTGCCGACAAGATCGCGGTGAATAGGATTATTTACGGTTCAGAGCGCTCCAGCCGCTCCATGCGACAGAAGATCTCTGACCTTTTTGGGGGTGCAGAGCTGTTTGATATTACGGGGTTAACCGAGTTGTATGGGCCTGGTACCGGGATAGAGTGCTCCGATCACGACTGCATTCACTACTGGGGTGACTATTATCTGCTGGAAATTCTTGATCCGCAGACACTGCAACCAGTGGTTGACGGTGAATGGGGTGAGATGGTCATTACCACCCTCTGCAAGGAGGGATCACCTCTCATTCGCTATCGAACCAGAGATATCACCAGAAAGATACCGGGGGCATGTACCTGCGGTTCTGTCCTGCCACGTCATTCACGTATCAGGGGGCGGTCCGACGATACCATCAAGTTTCGAGGGGTGAATATTTACCCCTCCGGCATCGACACTATCCTGTCGGCGGTGCCCGGATTGGGTTCGGAGTACCAGATCCATCTGCGACGGGACGACTCGGGCCGTGATCACATGAATCTGGTGGTAGAGCGGGCTGAAGGGGTAGGGAATATACGTGTTCATGACCTCATTCAGGAAGTGGTCCATCAGGTTAAAAAGCAGTTGCTGGTTTCGGT
CP050699.1_gap68	2623285	2626844	3559	CGAAGAAGACCATAACGGACTGGGAGTGGACTCCATGGTCATGGTGCAGGTGAAAAATGGTCAGTTTGTAATGGCCAGATAACCTGCGATTCTCTTCGAGTTAAAAAAATGCCCCGGTCGCATATGCGGCTCGGGGCATTTTTTTTGTATGGCCCTGTTTAATGAGGTGCTTCTGCACTTTGCATGATTTCATCGTACGCACGTGCCAGCTCACGTTTCAGCTCATGGACCGGCCTACCGTAGCCTTCAATCTCAAGGTAACCTTTCTGCACAGTTTCCCCGCAGGTGAAAGAGACGCAGGATTGGATCTCGGCTTCCGTACATCTCCGTATCGAATCCTGACCAGAGAAAACGATCCAGTGGGCAAAGCCCTGTGGAATGAGATTTACAATGCTCTGCCAGGTAAGATCCCGGGGCAGAATGACCTGGGCGCGAAGGTAAATCTGGTCCTCCTCGACGCGTTCAGTAATAGTCATTTCACGGGGGAAGACCGGCTCAGGGAAATTGTTTTGAGGGGCTGCTGCTGCCAATACTTTACCCTCATCGGCAAAAAATGGTGCCAGCCTGAATGTCGGCGATGGAGCGGTAACGAGAGATACACCAACATAAACGAGTCCACTGACAGCCATGGCGACTATAACGCCATGTCCCATCAGGATTGGATGCACAGCCTCAAGTGCGGGTGGCGCTCCGGGCAGGGTGTTGAACAGATCATAGGCTACAAAAGCGCACTGACTTAAAAAGCCGGTGCACATGGAAGCCCCTGCTCCTGCTGCGGTTCCTCCTTTCCAGTACATACCTCCCATCAACGCGAAAAAATATGAGGCACTGGCTATGAAGGTGGCGATATGGATGGCGTCGATAATCGAGTCAATCAGAAAAGAGCCAATGGTGGCGCAGGCGATGATAAGGAGCACACTCAGCCTGTTGACCAGCATCATTTCACTCATCGATGCTGCGGGATGGAAGAGTCGTTGATATATATCACGGGCCACGCATGAGGCACCAGACGCAGCAAAAGTGTCGGCGCAGGACATGGCAGCAGCAGCAAGCGCTACAGCGCAGAGGGCCACGATAATATCTGAATAGTTCTGACTGACGATGAAATGCAAAAGAGCAGGCTCTGCCTGGGCCATTCCCATGGGAAAGCCGGCCGCGGCAATATCAGGATAGATGTTTCTCAGGCCCAGAGCTATGAAGGCACAGCCTCCGAAAACAAGAGTGACCAATAAAGAGCCGAAGAGCATGCCGTTGCGTGCTGACCGGGAGTCTCTTGCTGCCCATACTTTCTGCCAGGGGTCTTGTTCAGTTATCCAGCCGGGGATGATGGCAACGCTAAAGATGAGTACCATAGGCAACCCGATTGAGAGTGGGTTCCACCAGTCCGCACCTGTGGTTGTAACCATGGTTGATATCGCCTGGCTGCTGGTTTCAGCGCCATTGCCCATGACCAGGACCGAGAAAATCAGCACGAAGAATGACAGGCAGAGAAACTGCACAGTATCGGAGGCAATGACCGCAGACAGGCCACCCAGAGTAACATAGACCGCGACGGATAATCCTACTATCAATGCAGCCTGCAGGTTGGATATGCCATAAAAGATTTGCAGCACCATGGCAAAGCCCTTGATGTCGGCCACGGCAAAGAGGATCATTACCACGATGATGATCATAGCCACAGGAGTGCGGATAAATGAACCATAGCGGATTTCCAGCAGTTCGGGCTGGGTCATGGCTGGGATTGATCTGATCTTTTTGACCAGAAGAGCGATAATCAGGAGTGCGATAATATTTGGGGCCACAAATCCCCAGACAGAGCCCATGCCAAGAAGGATAAAAAAGCCGATAACCGCCAGCATGGCTCCGGCGGTCAGCCAGGATGCGGCTGCGGAAAAACCAATGGAGAACGTTCCGGCGCTCTTGCCGGCCAATAGAAAATCCCTCACGGTTTTTTGCCTCCGGTTAAAGTAGTAACCCGTGGCGATGAGGAAAAAAATGTAGGCTCCAAAAAGAACCAGAAATATCGAATAGCTGCTCATACTCCCTCCCGGCAACCGAGGGCGACGCTCAATACTGTTATCAGACGCCGCGATGCTGTTGCCAATCTGGTGCCGGAGGGAGATAGAAAAATCCCCGAACCGACAAGTGTCAGCCCGGGGATTTACCATCTCTCCGAGAACAATAGGCTTGGCTGGCAGATATTCTGACTCGTGGATCACCCTACTTACCGCACCTTCCCGTACCGTTTACCCGATTTCAACCTGAAATTACAGCACAGTGGTATATGCGGTGTTCGTCCTCACTCACAGCGGCGGGTCCGTTCCGGAATTACACCGGATTCCCTGCGGGAACTGACCAATGGTTGATCAGCTACCCGGATCATTTAAAGATCACCAGTAAGCATTTGTAGTGTTTGTTGCTAAGCCCTTGATTCTGATTATTATGTTTCCGGAACCCGGCCTATTTATCCTGCAGAAATAGTGTATAAAAAAAAAATAGTCAAGCCGGTTTGTTGCCTGATATGTTAAAGGATTAATTGAACTCTTCGGGGATTATAGTCATCTTTATTACGGGCGCTGCCGGGTTATGGGAAAATGGTATCGTCGATTTTTGGAAAAAAATAGTGTTTTCAGGGTTTTGATAGATTTTTTTCAGGAGATGCTGATAAGGAGAAAGGGACCATGTTTCTGTTGTTGACTGCTGGGGAGTAGTTTACATTCAACTCCAGTTTGTCGATAAAAGCTGCGATGACAGTCTGATGTGGCAATGGTTTCGTGTAGGTAGGCTTCTCTTTTATTTAAATGAGTAGAGCGTTATGATCTCTGTATATGGGCATAAGGTTTTGTCAGGATTGAGAAAAAAAGCAAATGTAAGTTTGGTGTGTTCCCTTTGGGTGCTGGTACTTTTTTTGCCGCATGAGGGGGCCGCTCAACTCTCAGCATCTTCTCTGGCGATAAAGAAACTCTTTATCGTCCACAGTTATGAAGCGGGGCACCTCTGCGGTCAGCCCCAGCATGACGGTGCAATAGCGGGCCTGGCCAGATCAGGCTGGATTGTGGATGAAAATCTGGTTGTGCGCACCTATTATATGGATACCAAGCGTACCAATAATAGGCCAGCTCTTATTCAGCAGCAGGCAATGCTGGCCATGCAGGAAATAGAGCAATATCAGCCTGATGTTGTTCTCACCCTTGACGACAACGCGTTTAAGACTATTGCTCTTTCACCTAGGATGAAAAACCGGATCTTTGTCTTCAGCGGGATGAACGCTCAGCCGGAAGAATATAACCTCCGACTTAACTTTATGGTTAGCCGCGAAAAGCCAGGTGGCAGGATTACCGGTGTGTATGAAAAGCTTTATTTCTTTGAAGCGGTGCGAGTGATGTCGATCATGCATGGATATAACAAAATTCTGGTGCTGGAGGACCTTTCGCCGACAGGTAAGGCTATTTCCCGGCAGGTTGATCTTGAGTTGTCCTTGCCTGGAGATCAGTCGGAGCGAAACGTTGTCGGCGAGGTGGCCAGGAAAAAAGTTCATTCCTGGGAAGAGTTTCAGGAA
CP050699.1_gap69	2646909	2651800	4891	AATGCAGAGTTGCGCCATTTGAGGCAAGGCGCAATTCTGCGAAATATAACCATTGCCGGTGGAAAGAGAGCGCATGAATATATTGGGATCATAGATGTAATTCATACGCACCCGATCGGCTAAAAATGCCGATGTTCCCTCTGCACTTACGGTGGTCGGGTCATTGGCAAGAATCGCAACCCGTTTTCCCGGCAGTTGATCTCTGAAGCGAAAAATCAGCTCGTCGATAAGAGTTGATTTCCCGGCTCCACCATCACCGGTAATGACTATTACTTTGGCGTTTGTGGGGGTGCTGATCTGGCGTCCGCCAGTATGTGCAGCACTCCTGCCGGAAAGATCGGCCAGGGAGATCGCAACCGGTAAAGGCGGGTTTGAAGGTGCATAGAATTCTTCGAGATTTCGGTCAATTGTCTGTACAATATCATCACTGACCTCAGTCAGTGATATTCCTTGTCTGTATATATTCGAGATACCCTCAGTTTTCAGGATGTGTGCTTCTTCTTCAGTGATTGTGGCGCCTCCCCCACCAAAGATACAGACCGGTCGGCAGCATCGCTTTTGGACTTCTATCGCGAGATGTTGGAAAAATTGCATATGACCGCCGTTATAAGAAGCAATTGCAATGCCGTGTACATCTTCCTGGACTGCCGCTGTGCAGATATCTTCGGCGGCCATGTTGAAACCAGTATAGATAATCTCGACTTCCCGCGGGTGTTGTAAAAGGGCGCGGTTAATGGCAAGGATCGAGGCGTCGTGACCATCGTAATGGGCAACAGCGGTGAGAATTCTGATCGGTGATTTAGGTTTTGGACACATGGCAATTCTCAATTATTTTCATTGCTTTTCTAATAGTTAGGGGAGTATTCTCTCTTGGTGTCGCTTTCTTTAAACTCGTTTCAGGAGGCGTTATGGCCGATAAATCATTTCAGGATTATTATCCGGAATCCCTGCAGCATTGTTACGGTTGCGGTCCCAAAAACCCCAACGGGTTGCAGATACGAAGCTTTTGGGAAGGGGAGGAATCAGTGGCACGATTTTCCCCCCGTGAGTACCATCTCGCTTTTCCAGGTTATGTCTATGGCGGTCTCATTGCCTCACTGGTTGACTGTCACTGTATAGGTACCGCAGCAGCCGCTGCATACCGGCAAGAGGGAAGGGAACCTGGCACCCTGCCTGCCTTTAGGTATGTGACCGGTTCACTGCAGGTAGACTACCTGGCCCCGACGCCTCTGGGAGGAGAGTTGATTATCAGGGCCAGGGTGGAAGAAATTCAAGGGAGAAAGACAATCGTCAGTGCCAAAGTTATAGCCGAAGGTCAGGTTACCGCCAAAGGCCGGGTCGTTGCAGTGCGTATGCCCGAACATCTTCAGCCTGATGATATGTAATATTTGTATTATCAGATAATAGACCAGCGTCTGGTGGCCATGATTTTCAAGAGCCTTTCCCTGGCGAACTCATCGGCTGCCATCCTCAGAGGAATAGAGCGCTCTTTTGAGCGCATCAGGATCTCTCTGGTATTTGACCTGAGGGTATGCTTGATCCTTTCCATGGCCTGTAACTCACCTGCACCCCGATATTCGGTGGCGGCGCAGATCACCCCGCCTGCGTTGACGATGAAATCAGGCAGGCAGAAGACACCTTTCTGGTGAAGATAGCGTTCGGCCTTTTCTGTACAGGGAATATTTGCCCCTTGCGCAACGATCCTGGTCTGCATGAGGCTGACGTTGTTGTCGTTGATCACATCCGGGCGTGCGGCGGGTATCCAGATATCGCAGGTTATTGCCAGCAACTCTTCGGGGTGTATAGATTCTGCCTGGGAATACTGCAGTACTCCTTTTCCCCTGTCTTTCAATGCACCAAGGGTTTTAATATCGATACCTTTAGGATTGGTTATCGCCCCTCCCGAATCGGAGACACCGACCATCACAGCACCTTTTTCTGCCAGAAACTGGGCAGCATGCCGCCCTACAGCGCCATATCCCTGAACCACAAATGTGGCGCCGTCAAGTTCCAGTCCGCAATGTTCGGCGGTGACATCAATCGCATGGAAAAGACCCCAGCCAGTGGCTCCAATCTGATCGAGCGGGATACCGCCCAACTCAGCCGGTTTACCGACAACACGGGGTTCTTCATCGTGGATCCAGGCCATGCACTCTTCGTTTGTACCCATGTCCGGTGCCAGCACGTATTCTTTGATATCACGGAGACTGTTTGCCAGAGCACGCATTATCACTTCTTTCTTTGTTTTGTCCATCTTGGGGTCGCCATAGATCACAACCTTGCCACCACCGTGAGGTAGACCTGCCGAAATGTTTTTCAGGGTCATGGCTCTTGCCAGTCGGAAGCATTCTTCGACGCTCACATCCTCAGCCATGCGGATACCACCGATGGATGGGCCCGCTGCCACATTGTCTACCACCAAAATCGCTTTCAACCCTGACTTGGGCTCATAGACATGGAGAATCTTGGCAGGTCCCAATTCATCTGCAAATCGAATAAGTTCATCCATATAATCACCTCCGACAGACTCCTGGCCAGGGATAAGGATTATGATCCCTGATTGCTCATGAAAAATATTGGTTACGTGCGCTTCTTGGGCAACATGTGGGTCGGGCTGCCCTGGAAGATCTCCGCTGCTTCGCCCTCTGTTTCGCTTAGTGTAGGGTGTGGGTGCAGGCTCAAGGCCAAATCTTCGGCCAGTGCGCCCATTTCGATGGCCAGCACTCCCTCTGAGATGAGCCCCTCGGTGTCACGCCCGGTGATGCCGACACCTAAAATTCTGCCATCCTCAGGGTTGGCCAGAATTTTGGTTACGCCGTCGGTGGTGCCCATGGTGTGGGCCCGACCCGAGTATTTCCAGGGGAATTTTTCCACTGAAACGGTTATGTTTTCAGCTTTGGCCTGTTCTTCGGTGAGACCGCACCAGGCTATCTGCGGGTCGGTGTAGACCACGGCCGGGATGGCGCGGACATCGAAAGAAGAGTTGATGCCGGCGATGACTTCTGCCGCGATACGACCCTCCCGCGTTGCGGTATGGGCCAGCATCATGCCGCCGGCTACATCGCCGACCGCGAAGATATTTTTCTCGGCAGTGCGTTGCTGATCATCAACCTGGATATAGCCACGATCATCCACCACTACCGCAGTGTGCTCCAGACCCAGGTCCTGTGAGACAGGTTTTCTGCCAATGGCAACCAGCACCCGGTCAAATTGCCGTGCCTCTTCACCTTCGGGAGTGACGAAGCGAACCGCTACATGGTCGTCATGTTCTGTAAGCTCTGTTATTCTGGTTTTGAGGTGAATTTCGCCGAACAGCCTGGTGAGTTGCTTGTGGAGAGGGGCCACCAGGTCAGCATCCACCCCGGGAAGCAGGCGATCCTGCAATTCGGCCAGGCTGACCTGACTGCCCAGAGCCGCGTAGACGGTACCCAGCTCCAGACCGACATAGCCGCCGCCAATGATGAACAACTCCTCCGGAATATCGTTGAGGGCAAGAGCTCCTGCTGAGCTCATTATCCTGCTGCCTGGGGTTGTGCCTGGAAAGTCGATGGGAACTGAGCCGGTGGCGATTATGCAGTGGTTAAAACTGATCCGGCTAACCTCAGCACCCTCTAATTTAATGGAATTGGCATTTTCAAAACGGGCGGTGCCGGTGACAAGCTGCACTCCGCGTTTGTCGCTGAGACCGATCAGACCGCTGACCATGTTTTCGATAACCTGATTCTTCCAGCCCCGCATGGCCGTAAGATCTATCTCCGGTTCAGCGAATCTGACTCCCATGGAGGCTGCGCGTCTGGCATCAAGAATGAGCTCTGCCAGAAATAAGAAGGTCTTGGAGGGAATGCAACCATGGTGCAGACACACTCCACCAGGTTCGGGCCTGGGATCGATCATCGCCACATCGAGGCCGAGGTCTGCTGCGCGAAAGGCTGCACCGTAGCCGCCAGGGCCATTGCCGATGATCGCCACATCTACCTTCATCTCCATATCGCCCATTACCATATGCGGCTCCTATATCATCGAAATGAGAAGTTCGTCGGGATCTTCCAGAGCTTTTATGATTACCTGCATAAAGCGTATGGCGTCGGCTCCGTCTGCCACACGATGGTCAAAGCAGAGCACAATGGGCATTTGCAGGCGCGGTACGATCTGCATTTTACCGCCCTCGGTGATTACCGCTGGTTGCATCCTGCTCTGGCCAAGGCCGAGAATTGCAATTTCCGGATAGTTGATGATTGCCGAGAAATGGCTGCCGCCTATGGCCCCTGCGTTGGTAATGGTGAAGGAGCCGCCGATTAACTCCTCCCGGCCCGACTTTCGTTCACGTGCCCTGTTGATCGCTTCGTGCAGCTCAACAGATAACTCCTTGATGCTCTTTCGGTCGACATCGCGTATCACCGGTACCATCAGACCATGCTCCGTATCCACCGCCACACCGATATGAAAATATTTTTTGATGATGATCTCCTGTTTAGGCAGATCAAGGCTGGCGTTGAAGTGGGGATAGGCTTTCAGGGCTGTTGCAACGGCTTTTAAAGCGAAAACGGTCATGGTCAATCTGCCGCCGTTGGCCCGGATTATATCTTTATGACGCTGTCGGAATTCTTCCAGGCGGGTAATGTCCACGATGTCCTGGCAATTGACATGGGGGATCTGTGACCAGGATGCGGACATGCGGATGGCGGTTGCGCGACGAATGGACCGGAACGGTTGGCGTTCAACCTCCCCGAATTGGCTGAAGTCCGGCAGTGGTTCAACGGGCAGAAATGAGGCGCAGTGCTCGGATGCTGTCTGGAGAACCATTTTATTCTGGTCCAAATTGACCGATCCACCGGATTGAGCAAAATTACGGACATCTTCTGCAGTGACAATACCATTGGGCCCGGTGGGG
CP050699.1_gap70	2673071	2674487	1416	TCTCACTGTCTTTTGCGTCTTCCAGGGTGATTGAGCAGGACCGTATGGCTTCACCATCTAAAAGCACGGTACAAACTCCACAGAGAGCTATCCCACAGGTATATTTCACGCTGGTGATACCAAGAGTGTCGCGGAACACCTATAGAAGCGGGGTTTTCGGGTCTGCTTCTACTTGCTGGAGCGTACCATTGACCTGTAACGAAATCATGATTTCTCCAAATTGTGTGAGCTTGAGTAGCTTAAAAGAGAATAGTGGCAGGTTGAAATGAAAGAGTAAGAGAGCGTAGTTCTCTAATCGTTATCGTATACCCGGCATCTCCATGTCAAATGAGTTTTGCAAGAAGTGGTTCCGCCTTTAGGACCACCACGTGCTGCTTTTAAGTTTGCAGCCCTTCGTTCCGGTGCTCTTCCCCCTCTCCTCACCGGGAGCGGATTCAGCCGGTTTCCCTTTGTCGAAAGTAGTATGGGCTCATCAGGTGTTGCATCTGATAAGCTTTTATGTGGCTTCACGCCGTTGAGCCTCTTTTCGCTGATAATGTAGCATTGAAGGTGGTTTTGAGCAGTTCACATAGGCCAAGGATGCTCAATAGGCGATTTCAATCTGTGTCACGTTAAAGACAGGTCAAGGCAGATTATGAAATTTTCCAGATGATATCGAATACTCTGCGATGTCTGGAAAGGGGTTTTGGATTCCTGGTGCGGAATTATCGGTGCCGCAAAGAGGATGCATGGCTGGAGAGCCTATAAACACAAAGGTAACACTGCATTTGAAAGTCTGTTGTTTCTTGTTGATCTTATACTTGTCTGCTACCATTGAGCTAAGCTCACCGCAAATGTACTCCTATAACTTTCAACTGATTTCCTGCACTGCCTGATCGCAGATATTGGCAGTGTTTCATACCGTTTCAGACCAGTCTTGCAGGAGGAAATAATGAACGAAGTCAAAAAGGAACGGCGGTCATTTCTGAAACATGCTCTGGCGGGAACCGTTGCTGCTACTGCTCTGGCCGCAACGGGTGGAAAGTCTAAAGCACAAAACTATCCGGGTGAAGGAGGTGCAGAAGGCCCCGGCAAGCATCCGGAAATACTTTACAGGGAGACTGAAGAGTTCAGGGAATATTACAAAAAACTCTATTCCTGATTGTTTACTTTAAAGTCCATTTGTTGACAGAAATTATCAGCCAGGGAGACATTGACAATGGTTAGAAAATTGACCAGGAAAGTCGCTCGGGCAGACAGCTCTTCCGTCAGCCCAGGCAGCCCAGGAAAACGTGTAACGCTGAACCCGAAACTGGCCAGACGCTCGTTTCTGAAATTGTCAGCTGCAACTGCGGCACTGAGTGGTGCCGCTCTCACCAGCAAGTTGATCCGGCCGGCCTCTGCCGAATCTGCCGCTAACTCCCCATACGAGGGCTC
CP050699.1_gap71	2872220	2872877	657	CCTCAACTTTGAGATCACAGCCATGATTACCGATCAGGATTTCAACAAGGAAGTCGAACAGATGTTTCTGGAGGATTTTGCCAACTCCAGACTGATGGAGCCAGATGAGGCGGCAGAGAAACCATTCTGGTTCAAGTTGTTGGTGCGGGTGGCACGCCTGACTTCGCCGATGCTGTAATCGGGAAGAGAGATCAATATGGCTCAGCTGGCAGAGCTTCCAATTACAGTCGCTTTACCAATACTTTCGAGTTTCGCCTGTAGTTGTAGAGTGCTTTGCGGCTGGCAGGCAGGGTCTCGACATCGGATTCGGTGAAGCCTTGCTCAATAAACCAGTGGGCAGTCTGGGTGGTGAGGGTGTATATCTCAGAGAGGTTGAGTCTTTGGGCCTGCTTTTCAATATGGTCGAGCAGGGTCTTGGCTCGACCTCCCTGCTGGTATTCTTTTAACACGGCAACGCAGGCCAATTCTCCTGCATCGGCATCGGGGAAAGGGTAGAGCGCTGCACAACCGATAATGAGGTTATCCTTTTTCAGGATAGTGAAATAGTCGATCTCATTTTCCAGTAATTCTCTGGAACGTTTTACCAGGACACCTTTTTTCTCGAGTGGGCTGATCAGGTTCAGAATGCCTGCCACATCTTCCAGTTTTGCCTGACGA
CP050699.1_gap72	2890311	2891256	945	GCACAGGGATGAATTTGAGCAGCAGTTCAAAACCCGACATGATTACCCGGTGGTTTTGAAAGTGAAGGGCGATTCCAGCCAACTTGAGGTTCTGCTTTCCCGTGAACAGTTGGCTGGTTTTACTTCCCTGAAAGAGTTGATCAAGGCAATAGAAGCGGTGGAGGCAGGGTAATTGCCGAAGCTGTGTTCCAATGAACGAAAGCAGCAACGGCAGATTTTTTATATTTTAGAACAGTAAAACCGGGCATCGCACGTTGTGCAGTACGTGGTTGGCGACTGAGCCAAATATCACATTGCGTATCTCTCCGCCCCCTTCATGACGCCCGACAACGACCAGATGGTAGCCATCATTATTGGCGATTTTAGAAATTGTCTGTCGCGGATCGCCGGTCTTCAGTATCAGCTCGCACGAATACCCCGCTTCCCCAAGTTGAGCCTCATAACGTTCAAGTAATTGCATACCGGCTTTACGGGCATTCTCCCGCACCATATCCAGCTGAAAATCCGGAATCATCCTGTAGGCGAGTTGCTCCTGATTAATGACGTAAAGCAGATGCAGTGTCTGCGGAAAGCGATTGCGTTGTTCAATTACCGCTTCAACTGTCTTTCTGGCTGTTGGGGAATCATCCAGGGGAATCAGAATCTTTGGTTCCATAGTTTTCCTCAGGGTCAGAAGTCGGTTGGTCCAACGGGTGTATTGCGTTCGATGCAATATGATTTCATACTGTTCTCGTATATTATCCGTATATCAGATTAGGCAGCAGTAATACAAGCCCGGGCCAGAAGGTGAGCAGCAGCAGGATCGCCATCTGAATCAGCAGAAACGGCATAACCGCTCTTGAGACAAAAAGCAGGTTGCGATCGACCGTGGCACCAGAGATATAGAGGCTGACGCCAAGTGGCGGGGTGCAGTAGCCAATACCCAGGTTGATGGTCATGATCAGC
CP050699.1_gap73	3058679	3062577	3898	ATTTCCGCTATCTTGTTTTGCTGATCCTGCGGTAAAGACTTTTTTATACCTGCTACATGTCCTGCACCGACTACTGCAACCAGTTTCTGACCAGCAGAAGCTTTAATTTTCTCGGCAAGATATATGTCACGCTCGTCAATCAGCACTCGCTTCAGATCAGGAAATGATTCTCCCATTTCAGACATGAGGGTGGAAAGCACATCTTTCTTCTTCATGTCTTCAAGCTGTTCTTTGCTGATCTCTTCTGAATCGAAAACACTGGCCAGAAGAGAAGTCAATAAATGGCCTTTACGAAACAATGAGGTTGATTTCCATGCTCTCCGTAAAGTGATTCGAACATCTCGATCGCAGAGACTAATAGGAATGTCATTTGCTTTGGCGCTGTCAGCACCTGCCAGAAGTTCGGCACCAGGTTTAACCCCTAATTGGTTCCCGAGTTTTTTCTGGTAGGACCCCATCAGCAGGCTGACCAGGAGAGTGGACAGCTGCTTGTTGCGAATGACCTGTTTAAGATCCAGAGCCTGCCAGTTCTCCTTGCGGGACATGGCATGGTAGCGCTGGTCATCAAGTTCCAGGCAGACACAGTCGGGCTGCTCCGAATTGATTACCTGTTCTACGAGATCTACAGATTCCTGTGAGATGTGGGCAGTGCCGATGAGGAGGATTTCCTTATCGGCAATCGTGATTCTATGAACATCTGGTCCATAGTCATAAGCGTCGGTTTCTGTTGTTGTCATGGAATAAATTTTCTCTTATACAGCCAATTAATCAGCATTCCTGCAGAAGTATCGAGATGGGGGAAACAACGGAACGTATTCCATGAAAACCTGAAACGTAGCTCCATCGACTCTGTCAAAAGATACATCCTGTCAGCGTAAATTCAAGCCAGCCTTTGCTTTCTTTCTCTCTCTTTGACAGGAATATTCTATCCCTTTCGGATAATAAGCCTACTACCAGGGTGGATGAGATTGGACTTGAGGTTGTTCAACTCCCGGATGCTATCCGCAGAGATGTTAAATCTGCGGGAGATGGTCCATAACGAATCACCATCCTGAACCTTGTACCAATTATAGTCGCTCGGGATGGAAACTTCATCCGGCAAGCCCTTTTTCTGTGCAGTAAGTGTGGGGATAGCACCTGATGATGATACGAGCGCAGATGTAGCCGGTTGATCGATAATCAACTTACTGGTTGAAGCGAGTATTCGCCTGGTTCCTGAGGTGCTTTTATTCGCATCCTCTATAAAGAGTGCGAGTTGCTGCCCGGCGCGGATTGAGTGGACACTTTTCAAGCCGTTCCAGGAGACAATCATGTTTTGCGGAACCTTGTACTTTTTAGCAATTTTGGAGATAGTCTCGCCACTTTGGATTTTATGCAGGATCAGATTATCATTATATGCAGCGAGATTGCTCAAATCACCGTCCGGCAGCAACTGGTATTTTACCATCGGATACGGAACGCGGAGATTGGTCCCCGGTTTGAGATTGGAGGACCTGAGATTATTCACTTTCAACAGCGCAGTGGTGTTCAGGTTATACTTTCTACAGATTGAGGCGATAGTTTCTCCCCGCTTGATAGTGTGCGTCTTGTAACCGGTGCTGACATAGGAGTGCAGATTGTCAAGATTCGACATGGCAAGCGATCTGCTTCCTGCCGGTATTTTTACACTGTAACCGACCTTGTTGGGAGGGGTCTTGCCGCGACGGAGTTCCTGATTGAGAGCCTTGATTTCCCTGACGTTGGTGCCGGAGATAATAGCTACAGCATCAAGGGGCATGCCTGGTTCGACCTGGATTTTATCGTATGTAAGAGGCTCTTCGTAGGCGATATTGGTAAAACCATATCTCTCGGGCTGTCTTGAGATCATGATTGCTGCTATCAGCTTGGGTACATAGCGCTTGGTTTCGAGGTGTAGATATTTATGCTGGGCAAGATCCCAGAAATTATCTACCTGATAGCGCTTCAGACCATTACGAATTTTTCCTGGCCCGGCATTATAGGCGGCAACAGCAAGATGCCAGTCACCGAACTCTTTGTAGAGATCGCCAAGATATGCGATTGCAGAGGCTGTGGATTCTTCCGGGTCTATGCGCTGGTCTATATATGAGTCAATTTTCAGGTTGTATTGTTTGCCGGTGGCCGCCATAAACTGCCAGAGACCAACCGCCCGGGAGCGGGAATAGGCGCGTTGGCTGTAGCCGCTCTCAATCATTGAGAGATATACAAGGTCTTTGGGTAGTCCGGCCTTTTCCAGCTCATGCTCAATGAAAGGGACATATTTACCAGAGCGAGCAAGCCAACTCTCAAAACTGCGGCGCTGGCTGGTCTGAAACAGGTTCAGGTACATCTCTACCTGTTTATTAGTTACCACGGGGAAATCGAAGAGTTGTTCTACTCCGGTGATGGTGGTATCTTCTCCCCATTCACCTGTTTCACTTAAAGCCCGTAATTCTTCATCAAGGTCCGCATCTGATTCGCTTGAAAGGTATTTGAGGTCGGGATCATTGATGTCGTTGTCAGCGGCTCCTTCGATATTTCCGTCTTTTGTTGCAAGATAATCGGATTTTTCATTGATCGCGCAGCCTGAGAGAAAAAGTGCTGACGAAATCATTGTAAGTAGGGGGGCAGTCGTAATATATTTTAGAAACATATGAGTTATCAGTGGCCTATATATTAAGTAAACGGGGCGTTGAACCATATAGGTTACCCGGAAAAGTTTATTGAGTTCTGCAATATAACTTTGTACATTCAGGTCTGTTTTGACGCAGAGCTATTGATATTTGGAGAGTATTTAAAACCTAAGTGGTAAAGAATTGCAAGGATAATGCTGTCCGCCGACACCCGGCTTTAAGCAGTTGCCTGTCACATACCGCATATCACCCTGTCACGGCAGAAAAAAACAACTATGTTAAAGAAGCTATTCTATTTTTTCCTGTTTGTCTGTTTTGCAGCTGTAGCAACGGCTTCAGGTGGACTGTACTATTATATCGTGCTGGAACCTGGTACCGAGATTGATGAGAATAATATCGGGTCAATTCTTGGTAAGGAAAGTCCTGTATTTTATAATGATAATCAGACAAAGCTCGGAGTGTTTTTTGACGAGGCTCACCGTCAATATGTTCGATATGGCGAGATTCCTGAAGATTTTGTCAATGCTTTGGTGGCGGCTGAGGATAACCGGTTCTTTGAGCATTTCGGCTTTGACGTTTTCGGAATTACCAGGGCGGTTATCAGAAATGTTCAGGCGGGTAGAATTGTCCAGGGCGGTAGTACCCTGACCCAGCAGACAGCAAAAAATCTATTTAAAAGAACCGAGAGATCATATAAGGCGAAATTAAAAGAGTTGCTCTTTGCGTTGCGGCTTGAATATCGCTATCCGAAGGAAAAAATATTCGAATTTTATGCCAACCAGTTCTATGTGAGTGGGAACGGTCATGGATTGGGGGTTGCCGCAAGATATTACTTTGACAAGAAGCCGAGTGAGCTGACTTTGGTTGAGTGTGCCTTTATTGCCGGCAGTGTCAAAAGACCCAATTATTATAATCCATTCATCAAGAAAACCAGAGAAAGTGCTGAGCTGGCAGAGCAGCGGGCCAGGGGACGTTTGAAATATGTGCTCGATAAAATGCTCGAGCTGGAAATGATCGGCCTAGGGAAATACCGGGAAGCACTTGCTTCCAATATTGGTTTTAATCAGGGGCAGGTGGGGTACTCTCTCGATTATGTGATGGAGATGGTTAAGGATGCTGTCACGACCCAGGAGATAACCGAGAGTCTGGAAAAACACGATATAGACAATGTGGCTACTTCCGGTATCCGGATTATCACCACCGTTGATAAGGATATCCAGGCAAAAACCCTCTACGCTCTTCGTCACGACCTCTCCCGTCTCGACACC
CP050699.1_gap74	3163897	3166404	2507	CCGCGACTCAGGTGGCAGGAGTCGTGGTAGGTAACTTTGTGGGGGAAATAGGCACCAAGGGTGGAAACTGCAAGTTCATCGATGAGGTATTGGCTGAACTCAAATGTCTTAGCACCAACAGCTTTTGCTTTTGCAAGCATTACAGGATTGTCTTTAAACAACTCGGAGTAATGGTGCCTGACCATATGTACACAAGACCCTGAAGGGCAGACAATAACTTCAGCAGATTCGAATAGTTCTATAAAACGCTCTGCCGCTGCGGCCGCTTCTTTGCGATACCCTGCGTTAAAAGCTGGCTGGCCACAGCAAGTCTGCTTTTCAGGGAAATCAACAGGAATCCTGAGTGTGTCAAATATGGAAACCATGGCATCACCAACATCGGGATACATCGAGTCCACAAGGCATTGGACAAATAACGAGACTACGGGCTTATCAGACATTTTAAGGGGTGCGGAAAAGGTGAATCTTAACCGGAGTGCTTTGGGCATTCCGGATCGGATTAGTGTCCCGATTTTCACATGAGATATTCGGGTTGAGACCCTGACGGGTAATTGCATTATTCTTTGGCAGGATCTTTGACTCTATTCCTTACGTTATCAGGGCAGGGTTTAGAATGTATCTCCTTTCAGATTCCATAATAGGAGGAAAACGTCAACACATTCCGTCGATTGGCTCATCTTGAATACGGAAGATGGTTTATGCAGATATACATCATCAGTTTCATATCCTCGGAGAGAATCAACTCAGATTGAGAGAAAAGACCGGAGAAATGTGACCAACAATGGTTTTAATATCATTAAGGTTATCTACTCTGCGGTATGATCCCAGACGGAGCAGTTCTTCACCTGAAAGAAGATCAAGCTGTTCGAGAACGGCAACCGCAATGGGGGGCAACATCGCCATATTGCCGCTCTCAACCTTTATGGCGATACCTAGGTTTTTATCTTTGACACCGACACAGTACACTCCTTCCGCGCCGATTTTCCCGACCAGTTTGCCATTGGTTTTACGGATGAGTTCGGTACAGAAACCGCCTGTTCCTGCGACCATTTCAGGTTGTTCATTCATGGCGCTGAAGATGCTGTCTGCCGCATTTTTGTATGGCAAAGGTAGCGAACTGCTGTTGGCAAGCCGGGCAAACCCGGTTGCCATATTGCTCAGTGGCAGGGCGTGGACCGGAGCACTGCAGCCATCAATACCTATCGCTATATCAGATGGATCTGTGTCGCACATCTCAGCTATGACCTGAAGGATTTCTTTCTGGACGGGATGATCGGCTGAAAGGTAGTTCTCCAGAGGATAATTCTGCAGCACACAGGTGGCGAGCATGCCGGCATGCTTACCTGAACAGTCACTGAATAGCGAGGTGAGTCTGACATTTTCTCTTGCAAGTTGTAACGCATATTGTGGATTGAGGGAGGTGACAACGCCGCCCAGAACATGTTGTTCGGTAAGACCGGCTTTGGCAAGAATTGATGTCACAGCCTTTAGATGGAATGGTTCGGCATAGTGTGAGGAGCAGATTACAGCAACTTCTGCAGGGCTGAGCTTATATTTCTCATGGGCACCCGAGAGAAAAACATTCATGGCCTGCAGAGGTTTGGCGGCTGAACGAAAATAGGTGCTTTTCTGAGGATTACCGACCGAGGCCAGCAGTGTACCGGAACTATCGGTAACCGCTATATCACCACGATGAATACACTCTACGATATCGCCGCGTTGTACTTCAACAAGCTGCTCTGACATTGGTCTCTCCTGAGAAATTAAGGTGGATGATGTTAATGAAGAACCGGAATCTGATTACCATAAAAGCTCAGCTTGAGGGAGTGAGGCGTTGCGAGCAGGGTGATAGTGGTAAACAGTATAAAGCCCCAAAAAACTTCTCTACAAATTGATGCATAATGATTCCAGGGTAAAGTCACGTGCTGATCGGACACACCTCGCGTCTATCTTCTCTTCTTTTCAGATTGAAGATCAGGGAGAGTCAAAAAACGGAATGAGGATGTTCCATCGCTGAGACGGCTGGGAGGATGTTAGCGGAAAGTCTGAACAAGGTAAAGAAGATATGAATACATTTCAGACGGAAAAAAGCCGGAGGCAATAACCCCTCCGGCTTAAATTATATGAACTCACAGATCGAGCAGTTGCTTACCTGTAAAGCTGCTCCCTTCAGTTTTTCTCCCAAACAGTCAGCTGACAAATGGTATGCTGGAATTTTCGTCTCGTTTCTCTGATCACCATCTCCACATCCCGTGCTGAGTCGATCATCTTGAAATGAGGAGCAAGTATATCGCCAAGGGCCTCAACGGTTGAGTATGGCTCTCCGTCCTTGCGATAACCGCCAACCCACTGATCCTTTTTGGTGAACTGTTTAAGCCAGGTGTATGGCGAGGTAATAATAAGCAGTCCCCCTGTTTCGAGTCGTTGATGGATGGTGGTGAGAAAACGTTTCGGGTTTACCATCCGGTCGATGAGGTTGCCGGCAAAGATAAGGTTGTAACCTGTAA
CP050699.1_gap75	3178976	3183113	4137	TGACTTGCTGGTTACCATTATGACTTTGATGTCCTTGGTAGCCTCATTGTTTTTGAGCTGCCTGCAGATTTCAAAACCGTTCTGTTTCGGGAGAATAACGTCCAGAAGGATAAGATCTGGTTTGTTTTCACTCGCGATTTCTATAGCTTTTTCGCCTTCATCGGTGCTGAGAACCTTGTAGCCGTTTGCGGTACAGAGGTTTTCTGCGATATGAAGGTCGGTAGGGCTGTCTTCAACAATCAGGATAACTTTGTCGCTCATTATTCGTGTTCCACTCTAAATCTAGGTGAATGGGAAATATTCCCACATTTCCGGTCTTTTCAAGACACGCTTTATTTACTCTATAACAGAAGCTGTGCTACAATGTGCAAGCTAATTTATGTATATTTATCAAATCTTTCCACTACAATCTACATTCTTTGGCAATCTTCATCATGCTCATTGGTGTATCAGTCCTGACTGACCAGCAGGCGATCATGAATTTTGGCAATATCCGGAATCAGAACCAGTTGGTTATCCGGCAGGGCGAATGCGCCGAGCAGATCCTGGCTGTTTTTGGGTAAGCCGGTGTCTGTTGCTTGTGACGCGTTGAAGTTCAACTTTCGGACTCGCAGTGGATTGGCGGTGCGAAGAATGACTCGCCGAGCTTTTCCATCAATACCTGGTGCTCGCGTCACCACGAATTTATATGGTTGTGATGAAGCTAACATCCCAAGGTGGAAATACTTTTCAAGACTTATAACCAGTAGGGCATCGTCCTGATATTGCGCTCTTTGCAAATGCGGATATTTGTCGTCAGCCGGGAGTAGAGCTATATCGTGGAGTATATATTCGATCTGACCCCGGCTGATTAACCAGTTGATGTCCCAACCTTCGATGGAGGGGACATTTGCCTTAATCAAGCCAATCTCTGGTTCTTTCTGCTGTGCTGTTATCATGGGTGCTCAACTGATTCAATTGTTAAACGTTTTCAGGCCCGGCTTGAGTCCATACTGCTGACGAGCTGGATGAAGTCTTCTTCCTGGAATGGTTTCACCATATAATGGTTTACTCCGAGTTCCTTTGCTTTGTTCTGATGTTTTTCCGAGGCCCTTGAGGTCAACATAACAACAGGGATGGCCTTATATCGCTCATCATTGCGGATAATTGCCATAAACTCAAAGCCATTCATTCGTGGCATTTCAATATCAAGAACGATTACGTCGGGAATAAGATTCTCCAGGGTTTCCAGGGCGTCAATACCGTCAACGGCCTGGAATGAGGACCACGATTGGCCTTTCACAAGGCGGGTAATGGTATAGCGGACACTGATCGAGTCATCGACAACAAGTACCTTGAGCGGTTCTCTGTTATCGATAATATCGTTTTTCTCAGGGCTTGACTGTGGCTGAAAATCCACCTTAACGGCAAGCTCGTGGAGATTAAGGATTGGGATGATAGTACCTTCACCTGTAAGTGTCACGCCATTGATGCCGGGGACATAACGTAAATGGGAACCAAGATCCTTAATGACGATCTCGCGTTGCTCTTCTATAGCCTCGATCTGTACCGCACTGAATTGGTATTGCGACGTTTCAACGATCAAGGTCAGAATATTCTCATTAACAATTTGCGTGGATGGAAGCTGAAGGCTATTGCTGAGATTAATAATAGGAATTACCTGATCGTTCCACTGAACTTTATCGCCTTCGATAATTTCAGCTGCGGCAAATTTTCGTACTTCGACGATATCATGAATAGGAACGGCGAACTTTCGCTGGCTCAGTTCGAATATAATAGCCCTGTTAACAGAAAGGGTTATGGGAATTCTGAGTTCGAAAGTAACTCCTTTACCGGGCGAGTTGTGTATCTGCACTGAACCGCGCAGGTCCTGAAGATTCTTCAGGACGACATCAAGACCAACACCGCGGCCGGAGGTTTCGCTGACATCATCACGGGTGGTGACACTGGGCTTGAACAGGTATGGCAGCAGTTCTGTTTCGCTAAGCCTGTCGTCGGCGCTGATTAACTGTTCTTCAATGAGCTTATCACGAAGACGTCCAGTGTTTATACCCTGGCCGTCATCACTGATTTTAAGTACGACGAAGCGACCACGCTGGCTGGCATGAAAGGTAATCTGACCGGAAGGTGACTTACCCTGTCGTGTCCTGATGTCAGAACTTTCTATGCCGTGGTCAATGCAGTTACGGAGAATATGAGAGAATGGATCGATAGTACGTGACCAGATAAAGCGATCCATGTAGACATCGTCACCGGTGATAGCGAGTCGGACATTTTTGCCAAGTCTGGTAGCAGTTTGCCGGACAGTTCTATGCAGCATTCTGGAAATCGATGACAGGGGAGTCATCCTGATTCGCATCAGTTTTTCCTGCATTACACTCATGGCCAGCTGTTGCTTTGCTACCTGACCCTGCAGGTTGGCGCCAAGCGCAGTCATTTCGGTGTAGATAGCATTAATATCAATGGAAATCTCATTCAAAGAACGGATGATGAGGTTCAGTTGTGAATAACGATCGAGTTCAATAGGATCAAATTCGGAGAGCTCTGTACTGCCTCCGGAAAAGTCTGTTTCCTGCGGGGTGGCGCCGGAACCGAAACCATAAAGGGATTGAGCTTCGAATCCCACTTCAAGTTCCTGGGATTTTCTGCGAAGGGTATCTTTTACTGTGTTAAGTTCGCTGAGCGATTGAGAGTATTTATCCAGAAGTTTCTCAACAGTTCCTCGTGTTACAACCAACTCGCCTTCTACATTGACCAACTCGTCAAGATCGGCAAGCTTAACCCGTATGTTACCACTGTCGCCTGGTATGGCTGTAGTCCCTGTTTGTTCAACGACAGCATCTTGAATGATTGCAGATTGGACGACAGGTTCCGGTTGTACTTCTTCTTTGCTCTCAGCTTCGACCGCAACTTCTGTCATTGATCTTTTGTGGAGGTGGCCGCGTACGCCATTGATCAGTTCATCGATATCTGTGGTGGTAGAGGCTTTTTCAAACAAAGAGATTGACTCTATAACATCAATTGCTTCTGAGACAATGACGAGATCCAGCGGGTCAATATGCGGCGCACTGTCATGGAGCCAGTCGAGAAGGTCCTCAAGACAATGGGAGCATGAAGCGAGTTGGTCGAAACCGGTCATTGCCGCAGCACCTTTCAAGGTGTGAACTGCCCGTCGAACCGAACCTAAAGACTCACGAATGGTAGCTGTAACAGGAGTCGTTTCAATAATCGAAGCAGCGAGCGAGTTCAATGCGGCAGCAATGGTTTGCAGATGTTCGTCGCACTCGCTTTGAAATATTGCCAGTAACTCGGGGTCAAGTTGCTGAGTAAAAGATGATGTGTCATCTGTTTCATTCTTGTTTGCGAAAAACCCGTCCTGGTCTATCGCTGCAGCGGGGGGTTCATCTTCAGCTGATGAGATATCAAGCAGTATGTCACTTTCATTGATCTCCAATAGAAATTCTGCGTCCGCTGGTTGTTCAAGTGTCCAGCTACCCTGTGAAACGACCGGCACATCAGTACGGGCCATAATCGCTTCGATCTTCGCATTTATAGCAGAAAGGTCAGGAATGTTCGTAGTGCCATCTGTTTTGGTCAAAATCGTGATAGCATCAGAGCCTTCAACTATGAGTGTTATATCGGCTGGTGAAATTGTTCCTGAGTCATCACGCAACCACTCAAGATAACATTCGAGGCTGGCAGCACATTTTGAGATGGAGTCAAAACCTGTCATTGCTGCGGCACCCTTCAGGGTATGCGCAGCTCTACTCAACAGGGCGAGTTGTTCGCGTATTGGCTCTGAAACAGGTAGCACATCATCAATGATTGTGTTGAGTTGATTCAGTATCTCCTCAAACACCTGGAGATGCTCATCACATTCAGACTTGAAAATCTCGAGCAGTTCATCCTCGATGGAAGAGGGCGAGGTTGTTTCTTCAGTGATCGTCGATTCAGGTATCTCGTTCGACACCTGCGGGATAGCGCCAGAATTGAAATCTGCAGAGGTAGGGTTCTGGGCTAAAGTATCACCGGGAGCTTCAAGTGGTACAGACCTGTCATGGTTTTCGCCGATAACATCCGTAACATCCTCCGGTAACTGAAAATCCGCAGATGGTTCAGCTGCAACAGAGCGCTGAA
CP050699.1_gap76	3192056	3194435	2379	GATCACTCAGTAGATACTGATCGATTATCTCATATTGAAAATGAAATTTGGCAAATCAGGAAAGATCTGTACCCCTAAGGTGAAAAACAGGGGCGAGCTGAGTCTTTCTTTTTCAATCTGCGGATCAGTCAAGTTCAGCTTCACAAAGTGAAGAGTTGGGGACAGGGGGGCAGGGTAAGAGCGTAACGCCAAAGAGATCTTCTCCAATAAAATAAAATAATTCAGCATATTAGACAAAACAGTTACCAATAAGCCAGGCCTGCACCTCACGTTTTTTTCCTCACATTTTCACGCCAAAAAATTAACGGGGGAATCAGATTTTTTCTTTGAATGTATGAGCTCTGGTCCCTGATAAGGAAACCCCACGCTTCTGTCTTGACGATGGCTGGAAAAGATGGGAAAACATCACATTTTCATGAAGTGATGAAAGAAATACTGGTTATATTTTTACTTTGTAATTAACCGCTCCGGCAAAGCTGGAGACGAAATTTGAATATTCACTGACGGTTGCCGTATATAGAATCTCATGAAACATATTGCTGAAAATCTCCTGGATTGGTTCAAGAACTGCTCCAGACCCCTTCCCTGGAGGAAAAGTTACAATCCGTATCATGTCTGGATTTCAGAGATAATGCTGCAGCAGACCCAAATGGAGCGTGGCGTGGGCTATTTCACCAGATGGATCGCTCGATTTCCCGATGTTGCCGCTGTGGCCAGGGCAGAAGAGCAGGAAATCATGAAACTCTGGGAAGGGCTCGGTTACTATGCCAGAGCCAGAAACCTGCATGCTACGGCAAAGATTGTTCATGCTGAATTTGGTGGGGATATTCCTTGTGACACGGAGACACTCCTCACGCTGCCAGGGATAGGACCATACACCGCAGCTGCAATAAGCAGTATCGCCGGGAACGTAGATATTCCGGTGGTGGATGCTAATGTACTGAGAGTTTTTGCCCGCCTTTTTGATATAGAAGGAAATATTAAAAGTGGAGCAGTAAAAAAGGATATTGAGCAAAAGGCCTGGGAACTTTTACCGAAAGGTAAGGCAAGACTATATAACCAGGCGCTGATGGATTTGGGCGGTTTGATTTGTCTGCCTCGTAACCCTCGATGCAACATCTGCCCGGTAGCTGAGTTGTGTCGTGCAAGGAGGCAGGGTACAGTTGATGAGCGTCCGGTCAAGGTGGCAGCTGAAAAAAAGATTCTCATAGAGATGGCAACAGGTGTTCTGAATAAAGACGGCAGATTATTTATTCAGCAACGTCTGGCTGATGATATTTGGGGAGGGCTCTGGGAGTTTCCCGGAGGCGGTGTAGAGCCTGGTGAGTCTCCGGATGAAGCGGTGGTGCGGGAGTACCGGGAAGAGACAGGCTTTAAGGTTACGGTTTGCTCAAAAATCACCACTTTGACCCACTTTTACACCAAGTACAAGGTTGTGCTGCACTGTTACGGCTGCCGAATGATTTCAGATACCCTGCAACCTTTACAGCTGACCGCAGCGCAACAGTATCGGTGGGTTTTTCCGGAAGAACTCAGTGATTTTGGTTTCCCGGCGGGGCATCGCAAGCTGCTGGAATATCTGAATGGTTCCTGTCCCGAGATTCTTGTTGATCCCTGCTCTGAAATCGTGAAAAACTAGCCTGAAGTTGTGATCTGCATGTGCTGGTTTTACCCTGAGAGAGGGCGTGGTATCCGGTCGGCTAAAAGGGAGTGATTGCCAAATCGCCCTGGTCGGGGTGGCAGATGAATCCGGGCCAGGCTCATTCGGCGATAGAACAGCAATACAACAAGCTAGGATTGTGAGACCAGATGTTACGAAGCCCAGTGAAGGACCACCGGGCAGTGGTCTGAGCCCAAAATCTCCGGCAGTATCTCAGCGTTTTGCACGCGTGTGGCACCAGCTGAATCGACACAGAAGTAGTCGATGCGCCAGCCTATGTTCTTTGCCCTGGCGTTAAAGCGGTAACTCCACCAGGTGTATTGCTCCGGATCCTGATTGAACATCCTGAAGGTGTCCAGGTAACCAGCTTCAATAAAGCTGTCCATCCAATCACGTTCGTCCTGGGTGAAGCCGGCGTTTTGGGTGTTGGAGGCAGGGTTCTTCAGGTCAATGGGCTTGTGTGCCACATTGAAGTCCCCGCAGAGTACGACATGCTTTTGCTTTTTCAGGTTGTCGGTAAAAGCGAGCAGGGCATGGTTAAAGGCTATCTTGAACTCCAGGCGCTTTAATCCTTCTCCAGCATTGGGGAAATAGATATTGGTGAGATAGTAGCTGTCAAACTCAAGGGTAAGAACCCGGCCTTCACGGTCGAACTCTTCAATCCCCAAGCCTTCAATAACCTTGAGAGGCTCTTGTCTGGTGTAGACTGCCACTCCGGA
CP050699.1_gap77	3215457	3217844	2387	GTGTAAGGGGTGTCCAATAATCGCACTTGAGGATATATTTGGCAAAAAAGGCAAGAAATCCTTGAAAAAGAAGGACAAAAAAAAGAAAGATAATTAGTGATACACCTGACATTACACTTCGTGTGTATCAAATGAACTGAAATATTAAAAAACCCGTAACCCCGAGCAGGAGGATTATTGCATGATTTCCCAGAATATGGCCGACGCCCTGAACGAACAGATTAACGCAGAACTTTTTTCCTCATATCTTTATCTTTCCATGGCCGCATGGTTTGCCAAAACCGGATTACCTGGCTTTGCCAACTGGATGCGGGGCCAGGCAAAGGAGGAAAACTTCCACGCTGAGAAGATGTTTGATTATCTACTGGAGCGGGGAGGTGAGATTGAGTTGAAGGTGATCGATAAGCCACAGACAAATTGGGAGTCTCCCCTCGATGCTTTTCAGGCGGTTGCCGACCATGAGGCCAAAGTCACTGGTCTGATAAACGATCTGATAAATACAGCTCTTGATGAGCGTGATCATGCATCCAATATCTTCCTGCAATGGTTTGTCTCTGAGCAGGTGGAAGAAGAGGCGAGTGTTGGTGAGGTCCTTGATCGTCTGAAACTGGTTGGTACTGATACCGCAGGTATGTTTGCCATGGATATGGAAATGGCTAAGAGAGTTTTTACCGAACCTGCAGGTATCTAGTGTAGATATCCGATTTCAATTAAACTCCTGTACAATCGAGTCGCCTTCTGTTGCCATGAAGTTGTGCCGGCACGAAGGCGGCTCTTTGGATACCCCACAGAACAAGGGCAGAAAATATGAAAATTGATTGGGCATACTTACGAAAAGGCTGAGTATCCTGCAAAAAAGCCGGGACGGTTTTTTCAGAAAGTGGTTTGGAGATTAACGAAGAAGTCAATGCCGCCAAAAGTACCATATCCGGTGACGATGTCTGGGGCCTGGTTGAAGGGGCTGAGAAAGTTGTGGTTACAAGTGGCAAGAAAATTCTGGAATATAACCCGAAAACTGATGACAAGGAGGAGATTGTTGCAAAGATATCAGGTAGAACAGGCAATTTGCGAGCACCTGCACTGAGAATCGGCAACTCTTATTATATCGGTTTCAATGAAGATCTCTATGATCAGATCGGCAAGATGTGACAGTAACGCTCTAAGGACCTTACCTAACATGCCAAAGCCCCTTCAGAATTTTTCCTGAAGGGGCTTTGGTGTTTCATAAAAAATTACGGTGAAAATCCAGTAATTCTATTCATCAGACATTGTCTGAGAGGAATTACAGGCGAAGTGTTGTGGTTACAGGATAAGATGAGGGTGGCCTGATTTGGAGGAGCCTAAAACCGCTGCAAGGAAGTGTAAGGGTGGAGCTACCCTGCAGCGACTGATAATAGTCTCAGGTTAACCGTCGTATTTCCAGAAAGAGTCTTTCTCTGCACCGCAAACCGGGCAGACCCAGTCTTCAGGGAGATCTTCCCATGCGGTATCTGGCTCTACGCCATTTTCGTAATCACCTTCTGCCGGATCGTACACATAACCACAAGGACATTCCCATTTTTGCATTGTGAGCCTCCATAGTATTTAACAATGATAATCGTTATCGTTTGATACTGATTATATCCTATTAATTTTCACTGTCAATAACAATCGACGTACAAAAATACATTTATTTTAAAGCAAATATCAAAAGACATAAGCAGGCTATAAACGACTTTCTTATTTCTTATATTTAAAAGAAATTCATGAGTACAGTGTCCGCAACTGAAAGGCTGTCCTTGAGACTCCGCCGGATGAGAGACGGGATAATGGCTGGAGAATCAGGAGTAGCGTCGAATGATTTCCTTGGAAGGAATAAGGGCAGTTGCGGTCGCGGAAACAATATTGCCGGCAACACCTGGACCATCCCCAGCGACGAACAATCCCTTGATGGAGGTCTCAAGGTTGTTGTCAGACTCTACCTGGGTAGCAAAAAATTTAATCTCCGGGGCATAGAGCAGGGTCTCATCATTGGCAACGCCGGGGATAACGTTGTTGAGTTGCTGCAGGCCATCCATCAGGTTGGTCAGGATTCGCTCGGGAAGAGCCATGGCGATATCGCCACAGGTTACGTTGGTTAAAGTCGGCTCAATATAGCTGTTACGCACTCTGTTCCAGGTTGACCGTCTGCCACGTTTGAGATCTCCATAACGTTGCAGTATTGGTTTGCCACCACCAATGAGAGTAGCCAGTTTACCTATCGATTCACCATAGGCCTGATTGTCCTCAACCGGGTCGGTCAGAACCACTTTCGACAGAAAAGCAAAATTAGCGTTTTCTGATTTCCTGTCCATATAGGCATGGCCGTTGACGCAGACAAAATTCTGATAATTTTCGAGAGCGACGAA
CP050699.1_gap78	3279261	3281629	2368	GCTGGCCATCAAGGGCAAGAATATGTACTGAAAAATTGTCGAAGAGAGCCCGCCATACATACAACCCTGATGTTGCGCAGATTGTGAGGATCATCAGGTAGAAATACATGGGATTACTTTTGATTGCTTTCATTCTATTTGCTCAGTGCAATTACCTGGAAAAGGTAGGGATGGATAAGGTGAGTGAGTGGAACTCCACAGAACCATGACAATACTTTAAGACACCAAAGCTGACAAGTTACAACCATGAGTATGATAAGATTATGATTTGCGTATATAACTTGAATAATCAGATGATTTCTGAGTTACAGTGAAAATTCGGAAATTTTCGGGTATTCTGTTTTGTTCGAAATTCAGAAAAAATTCTGTAAGTGTTCATAGATTGTCAAAAAAATTAGTGGTATGGTATATATGCAGTACGAGTGAAACATCAGGTTCTGGCCGAACTTTACGCTGAGAACAGCATGATCGGGAAAGCCCTTGCGCGGCGCCTGGAGCCTGGAAAACTAAAGTTAACGTAACGGATAGAGTGTAATCATTACCAATGGCGGACATAATACAAAAAGTTACAGACTGGTTTGATTCAACCAATCTGCACGAGCAGATTGCCGATGTCGATGTTGCAGGGTTATTTAGCAATCCATGGTTTTTAGTGCCATTCATAGCCCTGATTTGCTATCTCCTGTACAAAAAGAATTTTAAAGACATTTTACTTATCGGCATTCTCGTTGGCATGTGGTGGGTTTCAGGCACCGACTATATGGCGACCCTCGTAGTCGATAACGAATTACAGATGAGCAAAATTCTACCTGTAGTATTCGGTGGTGCAGTAACACTGGGACTGGTTATTTATATATTTTTCGGTAGATCTGACTGAGCAGGAAATTTATGCGCTTTCGAAATGGTATTTTCATTGTTACAGAGGAAAATCATTGTCCTCTTTATAATGTGAGCGAAGAATTCAAGATAAGTGAGGGAGTTCTCACTCTGCCGGTTGCAAAACCCACCTGTATGACTCTTACCAACGAACTTGTTCGCATTGCTTCTGAGGATGAGTCATATGAGCGCCTCCAGGGCGGCAGTAGAAAGAAGTCAAAATTCGATTGTGGTGGCTGCACCGGTTTAATTCGTTTTGAGTTCAAAAAAGAGAAGGGGTACGAGACGCTGCAGATGAAGTTGCTTGCAGCTTCAGAGAGAAAAGAAAAGATAAAGAATGTTGCCCGATTTGCCGGATTGCTGAGAACAATTGATATTTTCGAGCCACTACAGGATGATGATCTGCTCGATCTTGCCACGATGCTCAAACTGCAGGATTATCCATGGGGCTTTCCAATTGTCCAGAAGGGTGATCCCGGTATCAATCTATACATTGTTGCATCCGGCAAGGTTGAGGTTATGGATGAAGAAGGAGTGACCCTCGCTGAACTTACGCGTGGCGAAGTCTTCGGCGAGATGAGTCTGCTTTCCGGTGATCCCGTGACCACAACCATTGTTGCCGCCGAACCAACAAAGTTGGCGGTAATGAATCAGAAAGATTTCCGTCATATCCTTACTCGATTTCCCGCACTCCAGGTATTCTTCTATAAGCTGTTGGTCAACAGGATAACCGCTATCAACATGCAACGCGCCGAAGAACTTGCTTCGGGTATGGTTGGCCAGATTGCGGATATTCCCCTTGTGGAACTCTGCCAGATGATCAACTCCAACCAGAAAACCGGTGTTCTCAAGCTTGACACAGATAAACTGCGAGCGACCTTGAAGTTTAATGAGGGCGAACTGATACATGCCGATTATGCAAATCTGCAGGGGAGTGAGGCATTTTTTAAGATCCTGACTTTCAATGTGGGACGTTTCACATTTTCGCAGGGCCTGACCTTCAAAGAAAAAAAACAGGAGGTAATCGGTGGTTTCATGGGGCTTATCATGGAAGGAATGAAGCAGATCGATGACACCATGGGGTGATGAAATCGGGTTCGAAGCAGTTTGTTTTCAGGTCGTCGATTGGGAGCCTTGAAATATGAGCAGGCGTGATGTCAAAAGGCAGGTTCTAGCTATTCTCGCCCTGGAGAATGTCGAAGAGGTAAAACGAAAAATTTCCGATTTTTCCCCATCAGCGGTTATTAGTCCACTTTTTTCGGGTTTATGTTCTGTATCAGAGACAACCCGGCACAATGCTATCGTTGCCTTCGGGGTGGTTGTACCAACTCTGGCTGATGAGAATATGGAAGCAGCCAGAGTAGTGATGCGTCGTTTTTTGTGGACCCTTAATGATGAATCAGGCGGTATCGGCTGGGGGGCACCAGAGGCGATGGCTGAGATAATGGCATCTGATACAAGAATTGCAAAAGAGTATCTGCATATGCTGCTA
CP050699.1_gap79	3341033	3343436	2403	CCTGTTTACCGACCGTCGGCCGATGATCTTGCTGCGATAATTTTTACTACCGGTTCAACAGGTCCGCCCAAGGGCGTTCGTTATGAGCATTCTATTTTTGCAGCCCAGCTTGATAGGATTCGCAATTATTATGGCATTGATGAAAAGCACACAGATCAGCCAGCCTTTCCTCTTTTTGCCCTGTTTTCCACAGCTCTTGGCGCTTGTGCCGTGATCCCTGATATGGATCCTACCAAGCCGGCCCAGGTTGATCCTGAAAAATTCATATCTTCAATAAAAAAATATGGTGTGAGCTATTCATTTGGTTCACCTGCCATCTGGAACGTTGTGAGCCGCTATTGTATCGAAAACGGCATTCGGCTCGATTCCTTAAAGAAGGTGCTGATGGCAGGTGCTCCTGTGCCTGGGGAGTTGCTGGAGCGTGTTACCCGGATCTTGCCTGGTGATGCCAGGATTTTCACCCCTTATGGCGCAACAGAGAGTTTGCCTATCGTTTCCATGGAAGGGCGGGAGATCCTTGAGGAGACCTGGCCCCATAGCAGAGTAGGTAAGGGGACCTGTGTAGGAAGGCCGTTGCCGGGTATTGATATTCGGGTGATTATGATTGATGATTCTCCAATCGAGAACATTGACCGGGCAGAATTTTTGCCCGCCGGTGAAATTGGTGAAATTATCGTCAAGGGCGATGTGGTAACGCGGGCTTATGAGAACAATGAGAAAGAAACACAGCACGCCAAAGTAAAGGACGGGGATTCCTTCTGGCATCGTATGGGCGATACCGGGTACTTTGATGAATTGGGCAGATTATGGTTTTGCGGGCGAAAAGCGCATCGGGTCATCAGCGACGGAGTGACCTTCTTTACTATTCCCTGTGAAGCAATTGTCAATGAGCATAAAGATGTTTTTCGTTCTGCTCTGGTAGGTGCAAAATATTCTGGTGGCGAGAGAGTACAACCCGTACTGATTATTGAACCTCACAAAGATTTTTCCGGTTCAGAGGCTCAGCTACTGGCAGAGGTAAAAGAGTTAGCTGCTGCCAGTCATCTGACCAGCTCGATAACCGAATTTATGGTGCACAGAAAGTTTCCAGTGGATATACGGCACAATGCGAAAATCTTTCGTGAGCAACTTGCCCTTTGGGCTACCGAGAAATTACGGGCTGAAAGATGAAAAAAGTACTTGTGACCGGTGGCGGCGGTTTTGTAGGGAAAAATATAATACGAATGCTACTCGACCGTGGGGTAGAATGCACTGCGGTTGGCAGGAATGTTTATCCCGCAGTTGAAGAGTTGGGCGCGCGCAGTCTCGCTGTTGATATCCGGGACTCTGCAAAAGTAAATGAAGTAGTCCGGGATGTGGATACAGTATTTCATGTCGCCGCACTGGCAGGCATCTGGGGTGATTGGCAAGATTACTATTCCATAAATGTTCAGGGGACTGAGAATATCCTGGCGGCTTGCAGAAAAAACAATATCTCCAGACTGGTGTATACCTCAACCCCTTCCGTGGTATTTGATGCAGATGACATCGAAGGTGGCACAGAGAGTTTGCCCTACCCGGATAAATTTCTCTGTCACTATGCGCGAAGCAAGGTGATGGCAGAAAAACTGGTGCTGGCGGCCAACGATGATACTGCAGGTGGTTCAGGGTTTCGCACTTGTGCGATTCGGCCACATTTAATCTGGGGCCCGGGTGATCCGCATCTCATTCCGCGTTTATTGGAAAAAGGCAGAAGCAGGGAGTTGAAAATTGTCGGCGAAGGTAAAAATCTCGTTGATATCTCCTACGTGGAAAATGTCGCCCATGCCCATGTTCTTGCCGGATTCGATCTGGCGGCTGAGGGTGTTTCCGCCGGCAAACCTTATTTCATCGGTCAGCCGGAACCTGTAAATCTCTGGGATTGGATTAACCAGCTCTTTCTGAAGCTTGGTATAGCACCGGTAACAAAATCTGTACCGTTTCCTGTGGCCTATGGTGCAGGTGCTGTTCTTGAAGGGATGTATGGGGTGCTCGGCAAAAAACAGGAGCCAAGGATGACCAGGTTTCTGGCCTTGCAGCTTGCTAAATCGCATCATTTTTCACATGACGCCATAGAAAATGACCTTGGATACTCATCGGTTGTTTCAACTGAAGAAGGAATGGAAAAACTCATAACCTGGATTCAGCATAATGAGAAAACTCTTTTATAAATATATAGCCGCATTACTCGTTGCGATAATGATACAGGCTGCATGCCTGCAGTCTGCTTTTGCCCTGAGTGTCGGAGAGGAACGAAAGATTGGTGAGCAGTTGCTCTACCAGGTCCGGGCAGCTTTTCCGTTGGTGGATGATCCTGATCTGGTTATTTATCTGCGTTCTTTGGGCAAGGAAGTACTTGAGGTCGCTGGGCTGCAGTACTTTGAT
CP050699.1_gap80	3396560	3401050	4490	GTACGAACTATAAAGCCAGCTCCCTTGGGGCGGATCTGTTCAATCTTTCCCTTAAGGCGGTTTCGTATCTCCTCTTCCTCGATTTTGCGGGAAACCCCGATATGATCGGTAAGAGGGATATACACGAGGTTTCTACAAGGAAGCGTGATATGGCAGGTAAGGCGCGCACCTTTGGTACCAATTGGATCTTTGCTCACTTGCACCAGGATTTGCTGGCCTTCGGTAAGCAGATTTTCAATCTGGTAATTTTCTGGACGCCTGGACATACGTTCATTGAGTTCCTTCTCGGCTTCACACGGGTGCACAGGAGGGGACTCTTCTGAACCGTCTACATCAGGAATTGATTCCTCAACATGGATATCGTCAACATACAGAAAACCTGTTCGTTCAAGACCTATGTCGACAAATGCAGCCTGCATACCAGGTAACACACGAACTACTTTACCCTTGTAAATGTTGCCCATCAGGCCTTTCTCGGTTGGTCTCTGAAGGTGATACTCACTGAGTACACCATCTTCGACCAGCGCAAGACGCACCTCATAGCTTCTGGAGTTGATAAGTATTTCCGTAGTCATGATCGATTTTCTAGCAAAGTATAAGACTTTCCGTGTATGGAAAGGAGATTATTGATGAAACGTGGAGTATACAGTACTTATAGAGCAAAAAGCCACACTTTATAACAATATGATTTAATATGTCCATCAAGTAAATATGCTTTCACATCCGGTTTCCGTAATTATTCCCACATATAATCGTAATGACTTCTTAAGAGAAGCATTAAATTCAGTTTTTCGGCAATCAGCCAGATGTGCTGAAATTATTGTTGTTGACGATGGTTCAACGGATGGAACTGAAGAGTTTATTTCCGGCTTAAAGGCAGAATCACCGACTCCCATTCATTATCTGAAACAAAAAAATAAAGGCCCGGCTGCTGCCAGAAATTTCGGAATTTCCCTTTCCTCTCAAGAGTATATCACCTTTCTCGATTCAGATGACCACTGGAGAAAAAGAAAAATCCAATATCAGCTAGGGGCTATGCAAAAGCAGCCTGATTATTTAATCAGCCATACCAGGGAAAAGTGGTACAGAAAGGGAGAGCATCTTAATCAGAAGAAAAAGCATATACCGCGTCATGGTGATATCTTTTCCCATTGCCTTGAGCTTTGTGCCGTTGGCATGTCTACAGTAATGGTGAGAAGAGACCTGTTTGATGAAATAGGTCTGTTTGATGAATCACTTCCTTGTTGCGAAGATTATGATTTCTGGCTCAGGGCCAGTTGTAGGTATCCCTTTCTCCTTGTTGATGAGCCTCTCACGATAAAAGAGGGAGGGAGAGATGACCAGGTGTCACATCAATATCGCGTAGGCATGGACAAATTGCGTATTGAATCCCTTGAGAAACTCCTGAAGGCAAATGTACTTACACCTGAGCAGGCGACAATGACCAGAAAAGAGCTGGTGAAAAAGGCCACAATATATGGTAACGGCTGCATGCGGCATGACAGAGTGCAGGAAGGCCAAGAGTATCTGGCTCTTGCCCGATCAATGGAACCAAATATCGAACAGCCTGAAACAAGGCCATAAAATGAAAAAACAGTCCTGGTGGGATCCGTCCCGATATATACAACATATCCATGTTGACGAAAGTTGCGTCGATGACCCGTATGCGAGAGAAATTCTGGAAAGGGCTCAGTTGCCGTGGGATGTTATTGCCAAAGGAGACGATCCCGCGTAGTTTGAGCGTGCCTACCCGGATAATATGTCTGAAGGCAAGAAACATCTGTACCTTACCAGGCATAAAGGACAATTTTTCAAACCTTGTCCCGCCACCCGTGAGTATCGCTGCTGTGATTATCATGTGCTCAACACAGGCATGAACTGCCCCATAGACTGTGTGTATTGCATTCTGCAGGCATATCTTAACAATCCGTGGTTGTCGTTCTATGTAAATGTAGACGGCCTTCTGGCAGAGATAGACACGGTACTGCAAGACAATCCTGAAAAGGTGTACCGAATAGGAACAGGCGAATTCACCGACTCTCTGGCCATAGACAGGCTAACGGTTCTCAGCAGGCGACTGGTAACCCATATCGCAACGTATGAAAATGCCATGCTCGAACTCAAGACCAAATCTGCGGTTATTGAGAACCTTAAGGATCTGGATCACCAGGGCAGAACCGTTATTGCCTGGTCACTCAATAGTCGACCGGTCCTGCAGAAAGAGGAAATTCGCGCGGCGACTCTCGAAGAGCGTTTAGAAGCTGCACGGCAATGTGCCGAGTGGGGATATAAGCTCGCGTTCCATTTCGACCCAATCATTGAGCATGAGGGGTGGGAAGAGGGCTACGAAGAGACTATCAGGAAATTGTATGACTCCGTTCCGGCCGACAAAATCGTCTGGATTTCCATGGGAGCCCTGCGATATCTCCCCAAATTAAAGGAGATAGGTGTTGGCAGGTTCCCGGGGCCGCGGATGTAATTCCAGGAATTTGTTGAAGGGCTTGACGGAAAAGTTCGATATTTCAGAGATAACAGAGTCCGTCTTTATAAATCCATTTATGGAATGCTCAAAAAACGTGCAGCAGAGCGTACCTGTATTTACTTTTGCATGGAGAGCGATGAGATCTGGCGGGAGGTAATGGGTTTTGCGCCTGAAGAACAAGGTGGCGTGCCAGCCATGCTCGACCGGGCATTTTTTGATTCGCCACGATAATATTTCTACAGGAAAGCAACCGGCTAGCACGGTGTTTGAGTAGTGCATGTGAATGTTTTCACATTATACTTGGCGTTTTGCATTTCTATCGTATACTTTACGCTTTGCTATTATCACGCGGTTTGATATATTCCAGCGTAATTAAAAGGAGATAAGAATAATGATTAATAAGGCAATACTTGTAGGTAACTTAGGGGCCGATCCTGAGATTAGATATACCCAGAGCGGCACTTCGGTTGCGACGTTCAACGTTGCGACTACCGAGCGCTGGAAAGGACAGGACGGTCAGATGCAGGAGAGTACAGAATGGCATCGCATCGTCGCTTGGGCCCGTTTGGCTGAAATTTGTGGTGAATATCTCCACAAAGGTTCAAGAGTCTATGTCGAAGGTAAGATCCAGACCCGCAAATGGCAGGATCAAAACGGCAACGACAGATACACAACCGAGATCGTGGCCAGAGAGATGAAAATGTTGTCTCCACGTGGCGGTGAAGGTGGCGGGAACATGGGAGGCGGCGGCGGTGGTGGTTTCAGTGAGCCGATGCCAGAGCCACCTAGCTGGGGTTCTGTAGGCGGCACCGGAGAGGATGTGCCGTTTTAGTATCGAGCTTCTGCTTTATAATTACCAAATAAGAAACCCCAAATCCCGCATAAGCAATGCGGGATTTGGGGTTTTTTATTTGGAGCAAACGGGGTCGTCAATCTTTCATCGGAAGTAAAAAATTCTTCAGGGGGCATAGCCCTATTTGAAAAGCTACTGTTGTGAGCATAATCTTAGGAGAGAGTTGAATATATTTAACACTCTAATCAAAAGTAGCCAAATAAGAAGAAAACCGATTGCTCGGCGTTGTGAAATCTTTCAACCAGTCATGTGGTGTATTTCTATCATGTGATACCACTGGTCACGTGGGGTCAGTTCAATATGCTTTTACGCTTCTCATGGTTTTGAGTGCCAAAATTGTAAAACCGCAACACTAGCGTTCAGTTCCACCTCAAATTTCTCTAATACAGCCGATCACCTGCCGAAGTCGTCAGCCTGCCACCAGGTTGACTGAAGGCTGTGCGCCTAAGTCGTAGCTTGGCGGCAGGTTGAATTCTCCTACGCTTTACTGGTTCAAACAACCCGATAGATGGATAAGATGGATTGTTTGAACAACCAAAGTATGCCGTTACCCTACCAATAACTCGAAGAACCGAATGTGATCTATAGGCTGGGCCCAAGGGTTGTTGTGGGCAATAGTCTGGTATTGTTCTGTGGGAAGAATATCAGGTTTGCGTATTATACCCATATGCACTGCTGTCTCACAAATAATAACGTGATTACGGATAAATAAAGGCTCGGAGAGCTTCTTGTGTTATAGTGAATTTGCGAAAAACAATATAATAACAAGGAGATCCGAGCCATGGGTCATTCTAGCACAATCCTAAATCAGATTGCTTCATTTTTCCCAAGACATGATTTTGAGAAACTGGCAAGAAAGCATCATCATGGACAAAAGTTTCGCTCCTTCAACAGATGGAGCCAGTTTCTCGCCATGACTATAGCCCAACTCACTTCCAGAAAGAGCCTTCGTGACTTAGTCAGCAACCTGGCCGTTCAAAAGTCTCGTTTGTATCATTTGGGTATGAGGCCAACTAGTCGGGCCACCTTGGCTCGTGTCAATGAGCAACAGCCTTATGAGACTTTCAAAGCCATGTTCTTTCAGCTTTTGCATAAGTGCCAGGCGAATGCTCCGAAGCATAGGTTCAAGTTCAAGGGTAAAATTTATTTACTCGA
CP050699.1_gap81	3479787	3482569	2782	CGGAACAATGCTCAGCTATGCCATCGGTAATAAAAAGAGTAACGAACTTCCATTGTTCCGTAAGCAGTGGTCCACCTTTGAGGCTGGTGATATCTTTCTTGGTGATAAAGGTTTTTGTAGTTACTTCGATTTAGCCGAGCTGAAAAAACGCTGTGTTGATAGTGTGATAACACTTGCTCGTAGAAAACCAGTCGGTAGGAAAAACTGCATTAAAGAATTCGCTCCTGATGATCTACTGATTGAATGGAAAAAACCAGTATACAGGGAAATGGTGTCGTATTCGCGGAAAACCTGGGAGGACCTTCCCGACAAACTCGTTATGAGACAAATCAAAGTAAAGGTGACTCAATCAGGGTTTAGAACAAAAGAATTTCATATTGTTACCACGCTAATCGATCAAGATCAGTACCTGAAAGACGAAATTGCAGCGTTATACCTTAAGCGTTGGGATGTCGAACTTTTCTTTCGTGATATCAAGACAACGATGGGATTTGATATCCTCCGGTGCCAATCGCCTGAAATGATAAAGAAAGAAATTTTAATGTACTTCATAGCGTACAACTGCATCCGGCGCATAATGTTACAAGCGACACAGCTGGTAGACATTGATATCCGGTCTATCAGTTTCAAAGGAAGTCTACAGGCTATTAGAAGTTGGGAACCACGGTTGGGGTCCTCTAGGTTGAGCACAAATGAAAGACAAAACATGCTCTCAGATTTATCCTTTGTCGTGGCTCGTTGCAAAGTTTTCGACAGGCCTGGACGAAGCGATCCGCGGTGTCTTAAGCGAAGACCAAAACCTTATCAGTTACTCAACAAACCTAGGAGTGAAATGGTCGAAATACAGCATCGGAGCAGATATGAAAAAAAGGCTTAAACTAGCGCCATTCGGGACAGACCAGAATGGCGCTAGTTTAAGCGTGTTTTATAGGTGAAAAGCAACTGAATATATTGGCAAAAATTGGTATAATTTGCTATGCGAAACCAACACCAAATCATGCCAATGTTGCCCGGTTTTCACCTTCCCAAACGAGGTAGAAAACCTCATAGCCAACAACAAAAATTTGCTCGAAAAATCACTTCCCTCAGACAGAACTCTTTTAAACAGATAGGAGAGATTTTTGGGCAATTCATTCCCACGAAATTGCTCAAACAGGATCCTTCGGGAAAGATGAGCAGACGACGTTTGTTTACCAAGGAAAACACTTTTTGGTCCTTCTTAGGCCAAGTCCTTGATGCAGACGGTGGATGTAGAGAAGCTGTAAAAAAGTTGCAATCATATGCATCTAACCACGGCCTTCGGCTTCCATCATCATCTACCGCTTCATATTGCTGTGCACGTAAGAAATTAGATGAAAATCTGCTTGTTGAGGTGTTTCAACATACTGCTAAATGGTCCGGAGCACGACGTGCATCTCATTCATTAAATGATCGCCAGGTAATTGTTGTTGATGGGACAGGTGTTACAATGGCGGATACAGCAGAAAATCAAGAGCTTTGGCCACAGTCATCGAACCAGAAACCAGGATGCGGCTTCCCCTCAGCACGAATATGCGCATACTTTTCATTGCAAACCGGAACAATGCTCAGCTATGCCATCGGTAATAAAAAGAGTAACGAACTTCCATTGTTCCGTAAGCAGTGGTCCACCTTTGAGGCTGGTGATATCTTTCTTGGTGATAAAGGTTTTTGTAGTTACTTCGATTTAGCCGAGCTGAAAAAACGCTGTGTTGATAGTGTGATAACACTTGCTCGTAGAAAACCAGTCGGTAGGAAAAACTGCATTAAAGAATTCGCTCCTGATGATCTACTGATTGAATGGAAAAAACCAGTATACAGGGAAATGGTGTCGTATTCGCGGAAAACCTGGGAGGACCTTCCCGACAAACTCGTTATGAGACAAATCAAAGTAAAGGTGACTCAATCAGGGTTTAGAACAAAAGAATTTCATATTGTTACCACGCTAATCGATCAAGATCAGTACCTGAAAGACGAAATTGCAGCGTTATACCTTAAGCGTTGGGATGTCGAACTTTTCTTTCGTGATATCAAGACAACGATGGGATTTGATATCCTCCGGTGCCAATCGCCTGAAATGATAAAGAAAGAAATTTTAATGTACTTCATAGCGTACAACTGCATCCGGCGCATAATGTTACAAGCGACACAGCTGGTAGACATTGATATCCGGTCTATCAGTTTCAAAGGAAGTCTACAGGCTATTAGAAGTTGGGAACCACGGTTGGGGTCCTCTAGGTTGAGCACAAATGAAAGACAAAACATGCTCTCAGATTTATCCTTTGTCGTGGCTCGTTGCAAAGTTTTCGACAGGCCTGGACGAAGCGATCCGCGGTGTCTTAAGCGAAGACCAAAACCTTATCAGTTACTCAACAAACCTAGAAGTGAAATGGTCGAAATACAGCATCGGAGCAGATATGAAAAAAAGGCTTAAACTAGCGCCATTCGGGACAGACCACGATTTAAGTACTGCAGAAAATGACTGGCGCCTTATATACCATAAAAAGTTCCCTGGATGCTTTGGCAACTCACATCCATCCTGGAAACGGTCAAGTTATGCGATGTTTCATCTTCTTCTCTTTCAGCGCTGGATCTGCAAGCACCAACTTGTTAAAACTCCAATTATTCAGTTCGACTTCTATAACTTTTCCTCTTTGTTTTAGCGGACAGAGGAAAACAACGGTAAATCTGAGATATAACCCAATTGATTCAATTAATTATTTTAGGATAAAATGAAAAATATTGGGCGATACTTGCTGTCGCA
CP050699.1_gap82	3514754	3516081	1327	CCATTACCTTCACCAGCATCATCAATCTGGTTGAGCCTAGAGATAGCAACACGGAAAGGAGGGTAATAACCAATATTATTTCTGTAATATTTATCATTGAAACACCCCCATGGTGAGTATTGCTGCAAAGAAGACCAGGGCAAAGGATGTAAGAACAAACTTGGGAACAAGGTCCATTTTGAATCTTGCCATCATCGACTCAGTTACTCCAACAACAGCATAAACCACGGCCAGAAGGCCATAAAACATAAACCAGTTACCGATACCGTCCGCTGTGGAAAACGGATAAATCAGATGGGTAATAAAGGCAGAATAAAAGAAGAGTTTATAGAATGAGCCGAGCTCTATGAGGGCCAGATCAGGCCCGCTATGATCGAGGATCATAACCTCATGAATCATAGTCAACTCCAGATGCGTTGCCGGATCATCGACCGGAACCCTTGAGTTCTCGGTAAGCAGTACCATAAACATCGCAAAGACCACCAAAAATAACAGTGCTCCGGTATCACTCATAAAGGATATCGGGTTCTCCCCGATAAAATACTCAGCGAAGCTCAGTGATCCATTCATCCTGCAAAACAACAGCAGAACTGTAAATATCGTGATTTCGGCAAGCGTTGAAAAAAAGACTTCCCGCGCTGCTCCCATCCCCTCAAAAGGCGAGGCGGTGTCAAGAGCTGCAATAACGGTGAAGAATCGCCCTAATCCCATAAGGTAGAAAAGGACAATAACATCTCCGTGAAACGAAAAGAGCGGCGTAGCGCCAGCAAACGGAAAGAACAGCAGCACAATAAAGGCTGACGCAAAACCGACTACAGGCCCCAGCGTAAATACAAAACTTGTACTATTGCTGTATACAGATCCTTTTCGAAAAAGTTTGGCCACTGTGTAATATTTGATAAACAGCGGCGGCCCCTGTTTACCTGCAAAAAATGCCTTCACCTTCAAAATGATACCGGGGAAAAGCGGCGCTGCCAGTATCGCTATGGCAAGTGATATAAATGTTTCCATATGTTACCTCGAGTATGAAAATGCAATTCTTTCCGCAGCTAGAAAAACAGCAAAAGCGCAATGATAGTCACGACAATATAGCCAATATACAGCTGGATATATCCATGCTGTATCCAGCGGAATTTGCCTATAAGGTAGAGAAGAGGAGTGACTATCCTGTCGACAAGTGCCACTTCGGCAATATCATCTACCCGTGATTCATACGTTGTTCGACCCGGAAAAATCCGATTAATACCGGAATATCTGGTCCTGATCAGAACAAAGGGACGGAAAAAATCGACAATACTCATTGCATATGATGTACCGGTATACTGCA
CP050699.1_gap83	3552168	3553726	1558	GGCATTTCGGTTTAAGCATTCCCATATATGTATAAACAGCTTTTTCAGACAGATTTACGGCACAATTATAATTTTGATAACCATTTCGGGGATTGCACAGCAAAGCGTAAGGCAGGTCATCAAGAGTAACTTCCTTTTTCATTTTCTTTGCTGCATAGCAGTCTGTTCCGTAGGCTTTGGCCTCAAGCAACAGCTTTTTACCACGGAGCAGTTCTTCTATCACATGCCCTCCGCCATATCTGAACTCACCGGGATAAATTTTGTTGAGCGGATCATCCTCCGCTGGCTCTGTTGCTCCTATGTAACTGTCAACAGCAGCAAGTCCTGCATAGGCAGGTACTTTATTCAGCCAGACTTTAGAAGCTTTGATTGTCGGGGTCATTTGACCAAAGTTGAAGAACATTCCTGAGGAACACATTGGAGCAAAGGTGCCGGTGGTAACCACATCAATATCTCTGGCTGCCTGCTCTGGCCCGCGGTCACGGACAATACCCACCATTTCTTCAGCAGTGACGACAACAGCTTCACCAGCCTGTATTTTGGCGTTTATCTCCTCAAATGTCTTTTTGACTTTCTGAACACTCATCTACTCACTCCTATGCAATTGAACATGATTCCACAAAGAAATTTCGCTTATAACATCCAGCGCTTATCTCTGGTAGCTAAAAACAGCTGTTTTACGTGAAGAAACTTCGGTACCAGAGATGATACAAACTTGTGACCACCTCTTGAAGATTTGAAAATCTGCCTTTGATTTCAAGATAATAACTTTCCAGATTGGCAAAAGCATGGACAATAAGCTTTACCATGAGATGCATGAACTTGAAAAGGGAGAAATTCCGGAGAGTTTTCATTACACCTTGACATACATTAATGTTTTGCCTACTTTTAAGCTCTTCGGACAACCAACTGCATTCTCGAATGTTCGCATTTCCCTTCCGTTTGCATTAGCCACAGGACCTTATGACTACCGATAAAAAAGACGAAATTAATGGTGTGCGCACCCGCATCGATGAAATAGACAGCTCAATCCTCGATCTTCTCAAAGAGCGTTTGGGACTTGCCAAAGATATAGGAAAACTAAAAGATGATGGTAACAGAGCCAAGTGGGATCCTTATCGGGAACGGCAAATCTATGAAAAATTATTAGAGACCAACGCCCGAACCTTTCCCGAAGATGCTCTACGCTCTATTTTTCATGAAATTATAACTACCTGCAGGCTCTCTCAGAAAAAAGCTGTGGTTGCCTATCTTGGACCCGAGGCAACTTTTACCCACCTTGCCGGAGTGAAGTATTTTGGCCATTCGGCCAGTTACAGGGCCATGGAAACCATCGACGAAGTTTTCTCGGAGGTTGAAAAAGGCAGGACAACCTATGGAATAGTACCAGTCGAAAACTCCATAGAGGGTGCCGTTTTCTCAACCCTTGACTCTTTCATGAAATACAAGGTTCAGATTTGCGGTGAAATCGAGTTGCCAATCACCCATAATCTGGTTTGCAAGTCAGGAAACATTGAAGATATCCAGACAGTAGCCTCTCACTCCCAGGCACTTGCCC
CP050699.1_gap84	3575798	3578291	2493	CCATGAAAAAAAATAAAAACCTTGCTGAAGTGATACAGGTAGAACTCCGCCAGACAAACAAGACAGTAAAGGACTACCGCAACACAACCTTCACCCAATACACTGATATTATTGGTCACATCATCCGTGAAGGGCAGAAAGCAGGCATCTTCAATGATAAAATACAACCAGATCTTGCCAAAAGAGCATTTTTTGGTGCTCTGGATGAAATTTCAAGGATATGGAATATCTCACTTGAAACCCATTATACGGTAGATGAAACCGCTAGCCAGGTGCTTCACCTCTTTCTAAACGGTCTGTTACAGCCGGTTCGAGCTGAAAATATTTGATGTGAAATAGCCCTGCGTTCATCTGACAGTAAAAAACTCTGTCCTGTTTTTCAGGAAAAATCTGAAGACTGAATATCCATAACCTCAAATTCTCTACTCCCACCAGGGGTGTTCACCAAGACCTCGTCCCCAATCTCTTTACCAAGAATGGAACGGCCAAGTGGTGAGAGTACCGATATAGACCCTTTTTTCACATCTGACTCTTCAGGGCCAAGTAGCTGATAGGTAACTTCCTCGTCAGTATCGAGATCAAGCAGAGACACAACTGTACCGAAAACAGCTCTTGAAGTTGAAACTTTGGAGCAATCGATCACTTCCGCCCGGGAGAGTTTATCCTTGAGTTCCATTATACGGCCTTCGATGTGTCCCTGACGTTCTTTTGCTGCGTGATACTCAGCATTCTCCTTCAGATCTCCATGCTCCCTGGCAACCTCAATAGACTTTACAACCTCAAGTCTATCTACTTTTTCCAGCCTGCTCAGCTCATCTCTCAAACGCTGGTTACCAGCTTTTGACATTGGAATACGTTGTACCATCTTCTTTCTCCATAAAAAAAAATTCCTGCCAGAATCATTTTCTCCACTGGGCAGGAAACATTGATATTTCTTTAGAAATACTTAATTTTACCAGCGATACATCAAAGACATCGCCGCCGTTTTCTCATTGTAGTTGTCACTCCGTGAATAAAGCACCTCTCCTTTTAATAAGAAATGCTCATTCATTTCAAGAAAAATATCAAAGGCACCAGTATATCTCACATTTCCATCTGCTTCATAACCAATTGCAAAATCTAGTAAATAGAAACTTGGGGTGTTCTGAAAGGTATCAAAATCTTTTAACAGATGCCTGAAGGAGAACGACAGCTCATGTTGCCAATAGCTCCCGGGGCTCCAGTATGGTAAATCGTTGAAATTATCGACGTCGGACCCTGTATCAAAACTTCCATCTGCTGTATCGGTATCTGAAACAATAAAATTGGACTCACTACTTTTCAATAAATCGTAACTGTATTTCACACTAAGGGAAGTATAGTCACTGAAGAACGTATATGAAGACCAAAACTGCATTCCGTCCTGATCATTGCCCCCTTTGAACCACTTATGCTGGAACTCACTACCAATGCTTACTCCGGAAGCCCCATCGATTACCAGGCCTCCTATCAGAGAGCTACGGTAAATTCCCTGATTCAGCGCCTCTACAGTGTCATCAACAACATCTTTGCGAAATTGCAGATAACCCTTTAATACCGGGTCAAACTCATGGTCGAATTTGATGGCATAAATACCCATACTGTCTGGGTCAGATTCCAGCAGATGAAAACCACCTTCCAGCCGTAAAGAAGTATTTTTGCTCAATTCAAACCGGGCTTTTCCTCCAAACTCCCTACCATCGATTGAACTTCCACCAGATTCAGGTTGGTATTTCAATTCTCCGTATTCGAATTGAAACTCTTTTCTTAGTCCTGCCAGATATTTAAAATTCGCACCATAGTAATATTTCTCGATATCGACAGCTCCGTCTCTACCACTCCGCTCGCTGTACATTGCCTCACCGGAAAGAGTCGGCGCCCTTGCTAATCTGTTCCGCTCCATCAATTCCTGAAGCTCCGGCAAGGTTTCTCCGCGAGCCTGGAGATACGCATAAACTTCAGCCTCTTCGGTATAATTCCCCAGCCGTTCGTATACTTTGGCCAGATCCTTGAGGCCTTCTACTGATTGCTCTTCTTTCAGCCGGGCCCGGTTCTGCCGTTCAGCAATAACATAGTTTTTATCTTCGACAGCTTCCCTGATCTGATACTCGTTCTTAATTAACTTTTCCCAACGATAGCTATCATACAATTCGGCGACTATCTCTCCCAGGGGGGTCCCGGTAATTGATAAAAAACCATCTTCCGCTCTGAGTTTATTCAATTTATCAAGTTGCCCCGGGCCCTCATGGGTGAATAACGACCAGAACATAGCCTCGCCCCCCTCCTCCCAGTCTAGGTGGAGATCTTTTTCAGCAAGCCTTTGTTTGAACTGGCTACTCACGTTTGGAGTCAGCAGTTCTCTGTACGTAACCAAGGAGCTTTTCAGCTCACCCAGGGCCCAGAGAGTCCGGGCTAAAAGCAATTTTTGCTCTACAGGCAAAGTCTCAAAATCTTTTTCAGCCAATTCCCCCAGAA
CP050699.1_gap85	3580093	3581703	1610	TTTGACTCATCAGCGAGCAGTGAATAATAGTCCAGCGCCTTTTCGCGCTTGGCAAGTGCTTTACTCTTCCGGGCAAGATCGTGCAGTAAAGAAAAATCTTTGTTTTTACGCTGTCGAAGCTGTTCGTAGAGCACAAATGCCTCTTCCAGCTTCCCCCGACCCTCAAGCGCTTCTGCAAAGTCCTGTAGTAACCGGGCCCCTTCTTCTCCTTCAGGAGTGAGGGAATAAGCCTGGCCAAGATATTGTACAGCCTTCTTGTATTCACCAAGTTCCAGGGCAACCTTGCCCGCGAGCTTTATGTATTCAATATTATAAGGATTGTTTTCTATCAATCCTTCAACTAAAGGCGAAATCTTTTCATATTCGTCCAAGCGAAACAGAATTTTACAGTATTCCCACTTCGCCTCTTCAATTTGCGGCTTGAGCAAAACCAGCTCTTTATAATATGCAGCAGAGTCTTGATATTTCCCAAGTCGGGCAAGTTCCCGACCTCTATCCCAATGCTTTTTCCAGGTCGGAACATCAGGCGCATCTATGGGAATAATTTCGCGTTCAGGAGCTATTGCAGAGTGGAGATTGGCGGAAGGAAGTATCAGCAAAAAAGCGAGGATTGGCAAAAATACTATATGAAGCGGGAACGCATCCGGCTTTTTTGATACCATGATGTAGCCCTTTCAGGCGGGGAGGGTTGTAGAATTCATCCCGACAGGCCGTAACGACCTGCCGGGGACAATAGCATTGCTCTATTGATAGTATTTTTTTATGTTTTCTACAACATATGTCTGCATTTCGTCTGTCAGCTCCGGGTAAACCGGCAGGGCAAGGGTCTCTGCTGCAGCCTTTTCAGCTTCGGGCATAGACCAGTTATCAGCATCAGAGCCAAGACATTCCTGCTTGTGCATTGGCACCGGATAATAAATTTCGCAACCAATTTCATTTTTTAATAACCAGTCTCTCAGACCATCCCTGTCAGTGACTCTGATGATATACTGATTATAGATATGGCTTGCGGAATTTTCCTCACCAGCAACCCCCTTATAAACTGCAGCAGGAGGAACCACCTTACCGCTCTCAATCAGGCCGGATTCAGCAAAAAGGCGGTTGTATAACTCTCCATTTGCCTTTCTGCCTTTATGCCAGGAATCCAGATAGCGAAGCTTAACCCTCAGAGCAGCCGCCTGTATGGCATCGAGCCTAAAGTTGCCGCCTACCATGGAATGGTAATATTTAGGATGTGCTCCATGATTTCGAAGTAATTCAATTTTTTTCGCAAGCTCTTCATCCTGACAGGTGACCATGCCACCGTCCCCTATTCCACCAAGATTCTTGCTTGGAAAAAAAGAAAAACACCCAGCTACCCCCATTGATCCTGCCCTTTGCCATTTCACCTCGTTTCCGTCAACAAACGGATATTCAGCGCCAATGGCCTGAGCTGCGTCCTCAATGACCGGCAGCTTGTACTCGGCAGCAATTTTCAGAATTTCGGCCATATCCGCACACTGGCCATACAGATGAACCGGGATGATCGCCTTAATTTTCTTATCTTTATCAGCTTCTAATGCCTGGCGCATTTTCTGCGGGTCTATGTTGTAGCTGACAGGGTCTATATC
CP050699.1_gap86	3583957	3588024	4067	CTATCATTTCCGTCCGCATTATCAATGGTACCCTTAAAAGCGGGGACACCATCAAGTTCATGTCCACAAACACAGAGTATCGTGTAGAGGAAGTTGGCACATACCAGGTACAGCGCAACAAAGAAAAACAACTCTCTGCTGGTATGGTCGGCTATATTATCGCCGGAATCAAGAGCGTTCAGGATGCCAAACCTGGTGACACCATCACTCTCGCCGACAATCCTGCCAGTAAACCGCTGCCAGGATTCAAGGAAATTCAGCAGGTAGTTTTTTCCTCTATCTATCCTATTTCCACCGATGAGTATGAAGATCTTGCAGCAGCACTTGAAAAGCTGCAGCTCAATGATGCGGCTCTCACCTTTCAAAAGGACTCTTCTGCGGCCCTCGGTTTCGGCTTCAGGTGTGGTTTTCTGGGTCTGCTTCACCTTGAAGTAGTCCAGGAGCGTCTTGAACGCGAATTCGATGTTTCCCTCATCCTCACTGTCCCGTCCGTACGATACAGTTGCTATCTGAAAGATGGCTCCATGGTTGAGGTGGATAACCCCGCCTATTACCCGGACCCGGCCAATATCGACCGTACCGAGGAACCATACATTAAGGCGACTATCCTGATGCCCGAACGCTACATGGGCGCAGTGATGACACTTTGCATGGAGCGTAGAGGTGAAAACACCCAGTACCACTATCCTACACCCGGCAGGATAGAGTTCACCTGTGAGATCCCACTGGCTGAGGTCATCTATGATTTTTACGATCGATTGAAGTCCATTACCCAAGGTTACGGCTCTTTCGATTACGAAATCCTCGACTACCGCGCTTCTGACCTGGTTAAACTTGATATTCTGGTCAACGGGGAACGTGTTGATGCCCTCTCACAGCTGGTGCATCGCGATAACTCCAGAGCTCGCGGACTGCACGCCTGTGAAATGTTGAAAGAGGAGATTCCCCGCCAGATGTTCAAGATCGCTATCCAGGCAGCGATAGGCGGAACAGTTATTGCTAGAACAACCATCGCAGCTTTGAGGAAAGACGTTACCGCTAAATGTTACGGTGGTGATATCTCTCGAAAGAGAAAACTGCTGGAAAAACAGAAGGCGGGTAAAAAGCGAATGAAGACAGTTGGTAATGTCGATATTCCACAAAACGCATTCCTTGCCGTTTTGAAGTCTGACCAAAAATAGTCACCAACCATTCGCTTCACAACCAGTTTAGGCCACGTCCCATTTTTTTGGGGCGTGGCCTTCTTCATTTAAACCCATGTAAATTGCTCGGCTTAGTTTTTCCTGTTTACGACTCTTTTCGACTCAATTTTTTGCCCTGGTTTGAATGATAAGTCCGGCAACAATAAAAAACAATCCGACCAAGGTGGATATCATGATTTTTTCGCCAAGGATAAAGTAGATAAATATCAGAGAGAGAAATGGTGAAACAAAGATGAGATTAGCTATTCTGGCTGTATTTTCAGTTAATTTCATTGCTGTCAACCAGAGTAGAAATGCCACTCCCATCTCAAATACACCTATATAAACCGCCCCTGCCAATCCTCTCATGTCAGGTATGCTCATTCCTTGAGTAACCAATAAATACAACGCTATCATCGGCACTGCGCAAATGAAATTCATAAGCAGCCCAACGACAGGGTCACGTGAATCTCTGGTGTTACCGATCCAATAGAGGGCCCAGAAAATTGTCGAAAGCAACGCCAGGAAGATGCCAAATGGACTTTCCATGGAAAACGAGAACAGATTGCCATTAGTCGAGATTACCAATACCCCAAAATAGCTGATGGTGATTGCCAACAACTGCCCTCTGGAAAGCTTATGCCCCAGAAGCGGCACAGAGAGTATGGAAAGCGTGATAGCCCAGGTATAATTCAAAGGCTGGGCTTGTTGAGCCGGCAGCAGATCATACGCTTTGAATAACACAAGATAGTAAAGTAATGGGTTGAGCATCCCCAGTTTGGCTGACAGAAACCAATCCGACCACTTCATAGTCGCAAGCAAGGGCAACTTTTTCTGTATGATAAGTACCATTAGCAATACCAGGCATGAAACAATAGAACTGAAGAATACCAGCTCTGCCGGCTTGATATAGTTGAGCGATAGTTTACAGGCAGTGGCGATAGTGGACCATAATCCCACTGTTGCCAATGCATAACAATACGCCCTGCCTTGTCTGGTCATATTTTTCTTTCCTGGTTAAAAAACTCAGAGTCATTCTGTTTCCTGATTGTACTCACGCCCATTCCCCTCTGGTATTCCGTAATTCCCCATGAATGTTTGAATTTTTCATGCACCCGTAACTCAATTTTCGTGAGAAATTACTGCCGGAACAACAAACCTGCCACAAGGGGTAAATACGTCGCTCCTTGCGGCAGGTTTTATAGACCAGCTGAACCGATAGTATACTACTGTTTTGAAAACAATAAAGAAAACTCTATGGCCCCCATATTTACATTTCCAGGGACACTTCCTGTATTTTTCGCTTAGGCGAGAAGCCCCGCAGAGCTTTATGAGATTACAATTTTACCAGCCTTGAGTACCTGTCCCGGATCAGCGAGTGTCAACGCATCCCTGCCGTTGTATTTAACCTGCAGAACCATCACTCCAGGCTCATCAGGAATACGTACGCCTGTCTCAGTGGCCATGGCTTATGCCATCTCAACCCAGTGCTGTATACCATACGACAGTGAACCTGACGCGGCGCTTACTCATGCTCACGTAAATTGAAGAAATCGAGCAACTCGCCAACCCTGTTCCAGCAGTCACGCTCATCAAGACGGCAGTGAGGGGTATGACAGATGCCTTGGAACATGCCCTGGTCTTCTTTGAAAATGAAGGCCAACCACTCTATTTTGGCCACACTCATCTCACTGAAAAGAGGAATTGTCAGGGATGCAGGGCTGAGCGGCAAGCACCTCCATTTCCCATTTCCCAGGAGGTGTGCAGATTACACTATAAAAACAAAAGGAATCAGTCCATATAGGGGTACCTGTATTGTACCGGCGGTACAAAGGTCTCTTTTACAGTTCTGGGTGAAACCCATCGAAGAAGGTTGGTCATTGCCCCGGCCTTGTCATTGGTACCTGATGCCCTGCCTCCACCAAATGGCTGCTGACCAACCACAGCGCCTGTGGGCTTGTCGTTGATGTAAAAATTGCCGGCTGCATTCTCAAGTTTCTCAAGAGCAAAACTTGTCGCTAACCTGTCTCTTGAGAAAATTGCCCCGGTTAGGCCGTACATTGTAGAAGAATCGCAAATCTCAAGTGTTTTTTCAAATTCCTCATCCTGGTAGACAAAGACAGTTAAAACCGGGCCAAAGATCTCCTCCACCATTGTCTTGTATTGAGGGTCGCTTGCAATAATCACAGTAGGTTCAATAAAATAACCGACACTGTCGTCACAGCCACCGCCAATAAGAATCTCTCCACCAGTGCTTTCTCTGGCATAAGCAATATAGTCCCTGATGGTTTCAAAAGCATTTCTATCAATTACTGCGCTGAGAAAATTGCTTAAATCTGTAGTCGGTCCCATCTTGATCGATTCGATCTCCGTGAGTAACAGAGGTTTGACTTCACTCCACAAACTTGCAGGAATGTAGGCCCTACTCGCTGCGGAGCACTTTTGGCCCTGATATTCAAACGCACCTCGTACCATAGCGGTAACAAGTTCTGAGGCATCGGCAGAGGAGTGTGCAAAGATGAAATCCTTACCACCAGTCTCACCAACAATGCGAGGGTATGATTTGTAGTTGGCAATATTATTGCCGATGGTTTTCCACATTTTCTGAAATACTGCCGTTGAACCTGTGAAATGAACACCTGCCAGATTCGGGTCGTTGAGACAAATCTCCCCAACAGCTGAACCGCTGCCAGGCACGAAATTTATGACCCCCGGCGGCATTCCAGCCTCTTCCAGAATTTTCATGAACAGATACGGTGTATATACCAGTGAAGAGGCAGGTTTCCAGACAACGGTGTTCCCCATAATCGCTGGCGCTGTCGGCAGATTCGCGGCTATTGCTGTAAAGTTGAATGGGGTTACGGCAAAAACAAATCCTTCAAGAGG
CP050699.1_gap87	3643389	3644607	1218	CGGAAAGCGCGGCTTCCTTCGCCTGGTCGAGGCGTGAGTGGTACGGCATTATCAGATGCGCATTCTCACTAATCATGAGACGCTTCGGATTAACACCAAGGCCCTGCTCTTTCAACTGATCCATTTCTTTGAGAAGTACACCTGGATCGATGATGACACCATTTCCGATCATGCACATTTTATCTTCATAGAGGATTCCGGATGGAATAATATGAAAGATAAATTGCTTACCGTCTACAACTAGGGTGTGACCGGCATTGTTACCGCCTTGAAAGCGAACGATATAATCAGAATATTGCGTGAGCAAGTCGACGATTTTCCCCTTGCCTTCGTCACCCCATTGTGACCCGACAACTACGACACTGGACATCTATATTCTCCTGGTATTTATACTGCAGCACATGACTGGTTGGCAGAACAGGAAATGCCGGACAGGCAAAAACTCCAGGTCTGCATTAGACAAACCACGAAGTATAGCTAACTCAATCGACAAAGTCAATTACTGAGATTTAATTGCTACATATATCAGATAGCTGCTTTTTACGATGCAACTCCATCATATTGCACAATTAACGGTCAAACAAGAGCTGTGGAATCGTTTTCCCCGAACATTGACACCTGTCTGCAAATGCCGTAAAGTTGGTCCGGTTGTTAATCATAACCGTACAGGAATAAGCATGTTCAGGCAGGTCGTCAAACAGGGCCGGGAAGGTTCCAAAGTTTTCGGACAAATAACAGACTTACTGCTCTAGAATTTCGCAATAATCCGTTTTTCTGCTTCACCGCTGAAAAACCTTAATACAGTGAGGCTTCACCTATGTTTGGTATTGGCTTGCCGGAAATGATTCTCATTCTGGCTATTGCACTTATCGTTGTTGGCCCAGACAAACTCCCCGATTTAGCTCGGTCTGTTGCCAAGGGCATCATGGAGTTGAAAAAAACGGCCGATGGCTTGAAAGAACAACTCAACGAACAGGGCAACCCGCTCGACGACATAAAACCTGATCTGGAGGATGCTGCTAAAGAATTCAAAAGCCATATGCTCGATCATCCGGAAAAAGGTACATCAGATCTCTTTCCCGCCCAGGGGGTCAATCCAGATGTTGACCAAGCCAAACGAGCCTATGAAGAACTCACCAAGGCTGGTTTTGATCCTGCCGATGTCCCTATGGATAATCTCAAAGAGGGTGAAACCGTTGACCTCTCTGCTGATGACAT
CP050699.1_gap88	3645992	3648270	2278	GGCCGTTTGTGCCACCGCAGGTACCACTGCAAGCCACTCTTCCCGGCTTAACTGTAAAGAGTCGCTATCAACTTCAGCCGACTTTCCTCTGAGCCCGATTACCTGAATGAAAAACTTCTCGACTCCCAGCTCAAGCAACAACGGCACCATACGGTGCAGGTGGTCAATGTTCTTCTTACTCACCGTATAGATCAGGCTGACCTTGAAGCCCTTCGCCAACGCCTTTCTCAGATTACTGACACACGTATCATAAACGCCTTCACCACGTATCGGATCATTAACTTCAGCGTCCGGCCCGTCTAAACTGAAACTGAGATAGTTGAGTTCGTCAGGGCTGATTTTCTCAAGAAAATCATGAAAAAGATACCCATTTGAATCCACAGTTACGTCGTATCCCAACTCCCGGGCAAAACGTACCGCTTCCGGCAAATCCTTGTGCATCGTCGGCTCACCGCCAAGAAAAATGACATTGCCAACTCCCCGCCCATCACGGGAGGCTGTAGCGAGCTGCGTTTCGTCAGGCTGGAACAACTTCAACCATTGCCTGATGGTGGTAATCGAAAGCGTCTGGCTTCCATGCTGCTCCGGATTGATGTAACAGTGGCTGCACGAAAGATTGCATGCTGTAAGTATATGAAAGAATATATTTTTTTCGCCTGGACGAAAACCAACAGTCCTCAGGGCTTTTTGCGGGGTGGAACTCATGATGCGTCCTCAATACATATTCAAAAGTGAATCAAACAGAGACCAGCGGTTGCTCCAAAGTATACTTTGCAAGCAATGTATCTTTAAGATAGTCATTGTTGTTCGAACCAAAAAACTGCTGAAATAACCTCAGACTTTCAAATCTCATCACTTTGGGAACTATCGATATCTCTAATGATGAATAGAGTGGCGACAAAAGCTTTAACGGCAAATTGGTGCCACCACCCATTACATCTTCATAAGCATACACCACGGAGCGTACACCATTAACAATCATGGTTGAATAGCACATCAGACAAGGCTCCATCGTGGAATATACAGTAACCCCGGACAAATCAAGGCCAGGCTGGGATTGCTGGAGATTTCTTAAAGCGACGATCTCTGCATGATCGAGTTCGTTCATCTCAGCAGCACTGTTTCTCCTGCCCCCCGATGCAATAATTTTGCCCTCGGAAACGATTACACAACCCACCGGAAATTCGTTGTTCAATAGTGCCTGCCGTGCTTCTGCCAAAGCATGACTCATAAATTTTTCATGGCCGTCCATCTCTTTCTCCTTAAACAATTCGGCCATTAGCCAATTTGTTTTCACGATCTTCCCGGTGGTAACCGGGTAAGCGCTGACTCCGTGTACAACTATTGTTTGCATCCAAAACATCGATCCGACAACGTATTAAAGCAACTTCATCCGTTAAGCTGAGAAGCAGGCCAGACTCTATTCAGTTTCTCGCAAAAGGTCAAAAAGAAGATGGAGGGTTGCCAGCTTCACAAACCTCGTCCAAACCTTAACGCTGCCGATGAAATACTGAAACCTGTATTCTCCTCTATCCAATCGTGACAGGATGGCTTGAATGGGATGTACTGGAGACAAATGCCTTTCACTGAAAATTGCAATCCCGGCAACAATTGCATTATTCGCCTTGCATTCACGGCGGAGGCCGCGATTACCGTCTTCAAAGCCTGTATGGCCTCCGAATATGGCAAGGTGGCAGGGTATCTTAGCCCATTCTTTACTTTTAGAGTTGCAGAGCTCTGCGGTAAGGAGTGCTGGAGGAGAGTGACATTCCTGGCGGTATGCAAAAACGCCTCTGGATTCAATTTAAAGGCAGGAATAAGAAAAGCAAGAGCATGTTCCCTGTGACGAGCATTTACCACTACAGGTTGGTTCGTTAACTGTATAAAGTCTGCAAAGCTCGACAGCGAAATTCCCCTGCCCTCGCTCCCCTCTACCTGCAGGTGCCAGAATGGCAGATATTGCATTTCTCTACTGCTGGTTGGCATCACCTGGTGTTTCACTTTGACAAATCGCCCTTTTTCCTCAAGCCATGCCGCATTGCAATTCTCACAATGCAATACCAGGCTGTTCACCTCTCCCTGCAAATCATCGCCACAGCCCGGGCATATTGTCGACAAAAAACGTGGCTCCCAGTTTTTGTCAAAATCAAGCATCCGCTTCGTTTTGGGATTGGGGGAGGCGTTGCCAAGCTGATTGTGAGTGATTCCATCGAACATTCGACCTTTAGACTCATATACCGGCAGATATATCCTGCTGACAGTCTCACCAATGAATGCC
CP050699.1_gap89	3757128	3760297	3169	GGCGTTCATACCCTCATGGATTACCGCCGCTTCTGCCAGAATAATGGCTGCGGTAATCACGCCCTGGCCTCCGGAGCCTGAAAAGACAAGTCGTGTACGTTTCATTTGGACGCCCCCTTCATTGCAACTTCGATAATCTTGTCATACTCTTGGCAGTATTCCGGTCTCTCCTTCTGCACGAAAATACCACGTCCCAGCAATTCAGGGTTCTCCTCGAGAGTCTTTGAGCCGACCGGTGCGGTGATGTTCTTGTAGTTTTCCATCATCGCGGCGGCATCTCCACCCTTATTTTTACGGCCAAAATGGGTCGGACACTGGGAGAGAATCTCAACTACAGAAAAGCCCTTATGCTGAATCGCATTTTTGAGCAGTTCTGTGGATTCCTTGGCGTGATACACGGTTGAGCGCGCTACAAAGGTTGCTCCTGCGGCGGCTGCCAGATCAACCACATTGAAATCATTATCAATTGTAGTATATGGGGCGGTAGTTGCCTTAATGCCACAACCGGAGAGTGGAGAGAACTGACCTCCTGTCATACCGTAAATACGGTTATTCATGACTATGGCGGTCATATCGATGTTTCTTCTGGCGGCATGTATGAAGTGATTACCACCAATTGCCAGTGCATCGCCATCGCCCATGGGCACCAAAAGGGTGAGTTCAGGCTTGGAAAGTTTCACACCTGTGGCAAATGCCAGGGCTCGACCGTGGATTGTATGCAACGAGTGAAAGTCAACATATCCGGAAATTCTGGCTGAGCAGCCGATTCCGGATGTCATGACGATGTCGTTTTTGTCCAGTTCCAGCTGCTCCACTGCGCGGAGCAGAGAGTTCAGCACGATGCCGTGTCCGCATCCCGGACACCACATATGAGGGAAAAATCTTTGTCTGATATAATCTTGAACAGCCATTGTTAAATCCCCCTCCCCTGGATGACCCGAAGAAGTCTCTTGATGTCAGAAGGTGTGATGAGTTTGCCGTCGATACGGTTTGCCAGAAATACTTTTTCCGGATTGTCTACAGAAGCTTTTACCTGTGCCATTACCTGACCAAGGTTCATTTCAACAACAACAACGGACTTCGCCCTTGAACATTTTTCGCGAACCAGATCATGTGGAAATGGCCAGATTGACTGAAGCTCTAACACGCCGATCTTCTCACCTTTTTCGCGCCTGTTCTTGGCAAGATGAATAGCAGATCGTGCTGAAGATCCGTAAGAAACCAGAATGTATTCCGCATCATCGAGAAAGTACTCTTTATAGCGGGTAATCTTCTCGATATTTATATCGATCTTGTCCACCAGGTGTCGCAGGAGTTCATTGACTACCTGGGGACTGGCTGATGGAAAGCCCCACATATCGTGGTAGAGACCGGTTACATTGTAACGATGCTCGCCACCAAAATCAGACATCGGCAACCGCCCATCTTCACGAGGCAGATATGGTCGGTAATCAACACCTTTAGGCACGGAGGTACGAAGTCGCTCGACAAGTTCGATCTCACCAGCTGCCGGAATTTCCAGCTTTTCACGCATGTGGCCAATCGCTTCATCAAGCAGGAGAATTACCGGTGTACGGTAGGTTTCCGCCAGGTTGAAGGCATCGATTGTCATTTCAAACACATCCTGATGATTGGATGCAGTAAGAGCAATGATGGCATGATCACCATGGGTACCCCAGCGAGCCTGATTGATGTCACCCTGACTCACATGGGTTGGGTTACCGGTAGATGGGCCGCCACGCTGCACATTGGCGATAACGCAGGGAATCTCTGCCATGCAGGCGTAACCGATGGCTTCCTGCTTGAGAGAGAAACCCGGGCCGCTGGTCGCGGTCATTACTTTATGGCCAGTCAGTGAGGCACCGATAATAGCGCACATGGAAGCTATTTCATCTTCCATCTGAATAAACTTGCCACCCGCCTGAGGCAGTCTCTGGGATAGTACTTCAGCGATTTCTGTGGACGGAGTAATGGGGTACCCCGCGTAGAAGTCGACACCAGCGTACAACGCCCCTTCCACACAGGCTTCGTTACCCTGAACAAATTTGATCTTATTTTCCATTTTCCCCTTCCTGACTTGTCAGCACAGTAATTGCGAGATCCGGACATCGCAGTTCACATAGTTTGCACACAATGCAATCCTCAGGCCGAGCAACCGTCGCCTTCTCCTTTTTGTCAAGTTCAAGAACATTTTTGGGACAGAGCGCAATACAAATAGAGCACCCTTTGCACCAGTCCCGGTTGATTATGATTTCCTGAAGTTTTTGCCTCGCCATAACCTTTTTTTTAACGGATTTTTCCGTCCCTCGTTGGTGATGCATTTGGACTATTCATTATGAAGGGTTAAAGTGTTTATTTTATCCCTCCTGTTAGTACCATTTTGATGTATTTTGCACTTCATATGAAACGAAAAACCGAAACCCGGTTTCCTCCGCTTCCTGGCTTTTTAACACCGTGCATTTGCACACTAACAGCAAGACCCCCAAAGGAGTCCTCGAACTGCTGCAAAACAATGCATTGTATACATTTTCTGCACACCGGACAATTAGCTCTATGGAATGCCTATGTCAATAGTTTTTTATGCATCCTCTCAGAAAGATTTTTCTTTTGATATCAATGCCTCTTTTTCACCCGATAACTCTTGACGTTTCACCATTCCTACAGACGCTTTCAACCTGACATATTCCTCCATCTCCCTGCAAATATTCGTGCACTTTTTTTGTACACAATCTGTGTGTCTTTTTTTTGAAGGTATGCTATAGCTAAGAGAATTCGCCCATATTTACAACAAATTGGGGGGCGGCAAACTCTGTCATAAACAGCATCTATGACATTCAGACATAACCTTGGATATGAGCCTGGTTCTGTCTCTGAAGGATCTTTGGTCAACTCTTTTATTATCATTTGTACTCAGCAGGTGGAGAATGGGAGCAGTTCATAAAAATTCAGAGGAAGAAGTCTACGCAAAGATTAAAAACGCAATTCGTAAGCGTTATATCAAGCAAGGCAGTCAGCTCGTGGAGATCACACTGGCCCAGCAACTCGGCGTCAGCAGAACTCCAGTCAGAAGTGCCATCAAACGCCTGGAATCTGAAGGTGTAGTAAAATCGATTCCCAACCGGGGCGCTTTTGTGATCACCCCCACGAGCCAGGAAATAGAGGAAACGTA
CP050699.1_gap90	3763470	3767721	4251	CCGTGTTAAAATTAATCGAAGTAAACTGATGTATGGATGGATCTTTAACCTGGCTTGGGTATGCGAATTGATTTTCATGGAAATAGGTACAAAACCTCACCTGCGGATTCCAGCCCGGTAACCGTGAAAGCATTGCCCGCAATACAGCTACATCAACAAAGGTGGAGCAGAGAACCGTATCGAACCATCGCAGGTTCTCCGCCAGCCTCGCCACCTGTGATGCAAACCAGGGGGCAGAAACCCTCATGCGCATTTTCCACTTTCGGGCAGGGAGTGTGAAAAACACTGCCTGGCATTTCACGCTGCTGAGCAAGCCATCTAGAAATGCCTGGTGAGATCCGCCATAGTACGGTTCAATCACCAGTACACGTTTTTGCATTGTCATATTAAATTGGATTGCTCTCGCAACCTTCCTTTTTCTTAGCCGGTGGCGGAAGATATACGAATTATGTGTATGGCTTTTCGGATATATCATCTTATGATCATCTAGAAAAAGCGCTGCTGTGAGTCTTCCCGGCACAAAGGATTACCAGGGCCCAATGGTATCATAAAGAACCCGGCTCTTCACCCTGCTTTTCCATTGAACAGGCTGAGTTTCCAATGTAAGGTGGATCAATCCTCATACCTGTTCAGCAGGAAACTGAAAACCGCACCGGAGACACATGCATGTGGAAGTCTAAAGACGTTTATTATATATCAGGAAATACCGGAATTTTAGCTAAAGACTTGGGCACTGCCCTGCTCTGCCAGTTCCCCGAAACAAGTTTCAACGAAGAACTCATTCCTTTCATTCGTACCGAGTCTCAAGCCAGGAAAGCTCTCGATAAAATACTCAAGCAGTCGGCTGGCAGATACCCGATAGTTTTCTCAACCCTTTTCAGCAAAAATCTCAACAGGGTATTCGATGTCCCTGAGGTTGAGTTTATAAACATCTTTGATCACTTTCTCGGCCAATTAGAAGAATCCCTCGAAGCCAAAGCTATCCGGGAGGCCGGAACCGCCAGGGCCATGGATGATACAGCGATGAACAGGCGCGTTAACGCCATCCATTACTCAATTGCCCACGACGATGGTACCGGTACCAAAGATTATGATGATGCCGACCTGATCATTGTTGGCGTCTCCCGCTCAGGCAAAACACCGGTATCGGTTTTTCTAGCTACCCAAATGGGATTGAAGACAGCAAACTATCCACTGGTAGACGATAACCTGCAAACCTGCCGCCTTCCTCCTGAGATCATCCGCAACAAGAGTCGTGTTGTCGGCCTTTCAACCACTCCGGAAATGCTCCATGCATTCCGTGAAAAACGATACCAGGGAAGCACCTACGCCAAGGTTGCTACCTGCAACACCGAGTTGAAACAGTCTGACCAGATCTTCCTTAAGTACCACATACCAGTCGTTTTCTCGGATGGACGGTCCATCGAAGAGACCGCAACCCAGGTTGCCCAGGAGTTGCGCAATTTACAGGAAGTAAAGAAGTAGAGGTAATATAGACTACGATCACCTACAGCAAATTGCCCGTAGGTGATATACTACAGGTGCTGGATAAATTTCTTTCTTGATTCCGCTACCAGCCATGCACTCTAATGCACTCAGGAAGCACGGTGGAAAATTTCGTTCAAAAGATTTCGCAAATAATTATCGTAAATTCACCTGCGTTCTCATCACAACACATGAACACTCAAACCTTCAAGATCTATCCTTCATGACAATCAACTTTGCGCCCTGCTTCTGCTGCAGCGACCGCCCATTCAACCTCTGCTGTGAACCCATCCTGCAGGATCATGCCAAAGCCACAGTCCCAGAGGTTTTGATGCGATCGCGTTACACCGCGTATGTTCTGAAAAACGAAACCTACCTGCTGGCAACATGGGCGCCATCCACCAGACCTGGAGCCCTTCTCTTGGAGGAGAGTACAACCAAATGGCTTGGGTTGGAGATCATTGCCAGCACTGAGGTTGTGCCTGAGAGCGATACTGGGGAGGTGGAATTCAAAGCCAGGTTCATTGAAGGCGATCAGCTATACACTATGCACGAGAAGAGTCGTTTTATTCGACACTCCGGCCTCTGGTATTATCTTGATGGTACCTGCGAAATTGACAAACAAAAAGTCGCCCGCAATGGTCATTGCCCCTGCGGGTCGGGTAAAAAATTCAAGCGTTGTTGCCTGCAGATAACCTCGTAATCCTCAGGCAACCACTTTGTCTCATCTGCACCAGTGCACCAGCCAATTTACTGCATAAGCTCCAGCACCTTGTTGAGTAGCAAATCTGCAGTTCTGTCCTTTGAGGCAAAGGGCAATTTCTCCGAACTTTCATGTGTTATCAGGAGCAATTGATTGCTGTCCACCTCAAACCCCGTTGAATCTGAGTTGATATTATTCACCGCAATCATATCCAGGTTCTTGGCTTCGAGCTTTCTTTTCCCTTCTTCTTCCAGCCTGGTACTTTCTGCTGCGAATCCGATGAGAAGCTGTCCTTTTTTCTTTCGTTTGCCAAGCTCCAGGAGAATATCCGGGTTTCTCTCCAATTCCAGACTTTCCCCGATCTTTTCCTTTTTGACCTTTTCGCCGTAAACTGACTTTGCCCTGTAATCAGCCACTGCCGCTGATTTAATAACAATATCAGCAGCATCTGCATACTTCATGACCGCATCATGCATTTCCCGGGCAGTTTGCACATTAACCCGCTGAACACCTACAGGAGTTGACAGATTAGCCGGACCTGCCACCAATGTTACCTCAGCCCCACGCCGAAAGGCGGCTTTTGCCAGGGAAAATCCCATCTTTCCGGAGGAGCGGTTACTTAAAAACCGGGCAGGATCGATAGGCTCGCGAGTGGGCCCGGCCGTTACCAGAATTTTCTTGCCGGCAAGATCATGCACTGTCAACGCTCGCTGAAAGATTTCATCCACGTCTTCCCACTCTGGAAGACGCCCCTGCCCCTCTTCTTTACAGGCCATCATGCCAACACCAGGCTCAATCACTTGATATCCGTAACCGGCCAGTTTAGCGATATTTTCACGTGTTGCCGGATGCTCGAACATCCTGGTGTTCATAGCCGGGCAGATGTATATCGGCGCGCGGGTGGCGAGAACCGTGGTTGAGAGGAGGTCGCTGCTCATGCCGTGGGCCAGCCTGGCAATAGTCTCTGCACTGGCAGGAGCAATTATGACAAGATCAGCTTCCCGGCCAAGGTTGATATGGGCCATCCACTCATCGCTCTCATTATCAAACATTCCCGTATGTGTTTGAGTTCCGGAGAGACTGCTGAAAGTCAGGGGAGTGACAAACTTCTGGGCAGCACTGGTCATCACCACGCTCACCTGGGCCTCCGCCTTGGCTAAAGTACTGACCCAGCCAGCGACCTTGAACGCTGCAATACTTCCCGTAACTCCAACAACTATATTTTTGCCGGCATATGCCCTGCTCATATTCGCTCCGTGTTTACCCTCAAACTTGACAGATAGTTAAAAAAAGAAAAGCACGCCTTTTAACCAAAAGACATGCTCCTCTATGATCAGTAAACCTACACCCAAGCCTACTCCCGGGCAACTCCAAAAAATCTAAGAAGCATCAGGAACAGGTTGATAAAGTCAAGATAAAGTGCAAGGGCGCCCATGATAGCACCTTTACGAACCGCACTTTCTCCAGCCTCTAGAATACCCCCTTCACCCATTTTTTTGATCTTCTGCACATCATACGCTGTGAGGCCGACAAACACGATGACTCCGATCATGGAAATGGCCCAGTAAAGGCTGGAGCTCTGCAAAAAGATGTTCACTATGCTGGCAATGATGATTCCGAAAACACCCATCATCATGAATGATCCCATTCCGGTGAGGTCACGCTTGGTAACCAGCCCGTAAATTGCCATGGCCCCGAACATACCAGCGGTGATGAAAAAGGTTCCGGCAATGGAAGAACTGGTGTACATCAGGAAAATCATCGACAAAGTGACACCGTTTAAGGCGGAATATCCGACAAACAGCGCAGTGGCAGTCGAAGCCTTCAGCTTCTCAATTCTGGCTGAAAGATAGAAAACCAGGCCGAGTTCACCGATAATCAGCAGAAAGAAAAGAGGGCCGCGTACCAGAGTTGCCGCCAAACCACTATAGGCGGTGATATAGGCGACTATACCTGTCAGCCCGAGACCAACAGCCATCCAGTTAAAAACTTTGGCCAGAAAAATTGACGACGCCTCTGCCCGAGTCTGGGCAATGGCGGCCTGACTACCTTGTCCGTACATG
CP050699.1_gap91	3776214	3776848	634	CCTTCGCGATATAGAGCTGGTTGCTCTCTGTTTTCCCCTTCATGGGGCAGCATGAGCTGTTGAAGTGCCCGGCCTCTCCAAAACGGCATTCCCTTGCTGTAGTTGATGTACCGCTTAACAATCGATTTTCTACGTCGCTCAGCGGCATCCTTGAGCACCATAGCTTCTATGCCAAATTCTGTAGGCCGCAATCCATCCGAGATAGGATTATCACCGACATGAAGCCATCCGGTCCTGTCTAATTCAAATTTGTCTGCAATATATTGATAGGCTTTACCAGAGGCCTTGCCCAGAAAAGTATCGGCAGAGGATATCACCTCTTCAACAGAATCAAGAAACCCCGCTCTCCTGACAAGAGTTTTGAGATGCTCAGAAGGGAGATAAATATCCGAAACTACCAACACCCTTTTGCCCTCTGCAGCAAGCTCACGAAGCCAGTTCACTATCTCCATTCTCGGGATAATCATCTGCTGCTCCATACCTAACTCGAACCGGGTAACCCGCGCCAGCAGGTCATCTGTCTGGCTTTCACCAGTTACGCTTTGCAACAACTCAGACATAAACTTCGGATAACAGGCTTCCTGGTCATCAAAGCATTTGCCGGTTTCTTGCCGGTGCCTGCTTTCTATCATGT
CP050699.1_gap92	3779138	3780578	1440	TCAGCAATATTTCAGACTACCATCAGCTTAGGTGTATGGTTATTGGCCTACGTTGTCCTTTTTGGTATCCCCCAAGTGACGGTATTTTTACTACCCCTGGTACTAATGCCACTGGTCTTTCTCACATTAGGAATATGCTGGTGGCTGGCGGCCCTGGGAGTATATTTACGCGATGTATCACAAATCATAGGTATCATCACAACAGCAATGCTGTTTTTATCCCCGATTTTCTATTCAGCATCACGGTTGCCGGAAAACTATCAAAAGATTCTGAAACTGAACCCGCTGACCCTGATAATTGAACACACACGTGGCATCCTGCTTTGGGGGAGATTACCAGACTCAATCACTCTGATCATCCAATATATCCTGACCATTTCAATCTGCTACATGGGATTTGCCTGGTTCCAGAAAACTCGAAAAGGGTTCGCCGATGTCCTGTGAAGTCCCAATTCTGATCAAAGATCTGTCAAAATGCTATCAGATCTATGACAGACCTCATCATAGGCTATTGCAGATGATTCACCGCGGGCATCGTCAGTACTACCACGAATTCTGGGCATTAAAAAACTTATCGATGAACGTTGAGAGAGGAGAAACAGTTGGAATAATTGGTCGAAATGGTGCAGGTAAGTCAACGCTGTTGAAAATGATATGCGGTACTCTAAACCCAACTAAAGGTACTATTAAGACAAATGGTAGAATAGCAGCAATTCTCGAACTTGGTACGGGCTTTAATCCTGAATTCACAGGCAGGGAAAATGTCTACCTTAAAGCTTCGATCCTTGGGTTAAAAAACAAAGAGATTGATGATCGTTTCGGCTCCATCGCAGATTTCGCAGAGATAGGCGACTTTATCGATCAACCTGTACGCACCTACTCTAGCGGAATGCTGGTCCGCCTGGCATTTGCAGTCTCAGTAAACGTTGACCCAGAAATTCTCATTGTCGATGAGGCTCTCTCTGTAGGAGATGAACGTTTCCAGAGAAAATGCTTTTCGAGAATTGAGTCGATACGAAACAGCGGTGCAACCATTCTCTTCGTATCACACTCCGGCTCCACGGTAATCCAACTCTGCGACCGAGCCATTCTCCTGGAAGACGGTGCAAAGCTTGCTGAGGGCATGCCTAAAAAAATATACGGCTATTACCAAAAATTGCTGTATGCCCCTGATGACAAAAAAGACTTTGTTAAATTAAGCATAGTAGCCGATGAGCCATTACCAGCAGCTATAGAATCTGACCAGAAGGTGGCAGAAGTAAATACACAAGCCCCAGATCGACAACAACAAGATGCTGAAAACTTCAACCCGGATCTGGTCCCTACCAGTACTATCGAATATGAGTCTTGCGGTGCTGTGATTTACAACCCGCAAATACTCACTTTAAGTGGGAAGATCGTTAACAATCTTGTTCGTTCAAAACGTTATATTTACAACTA
CP050699.1_gap93	3812627	3816310	3683	CATCCCCATCTTTTTCCCACCAAAAAACGTGATTAAATATGCCACCAATTCAAAGGAGGCATGCCACGTCAACATAATCCATGGGCAAACCCGCAGAAGTAAAAGCTGCGTTCTGGCAAAAGTACATTTAGAGCTTCAACGGTAGCGCATTGAGTCAGGCGAAGTATTGCGGAAACCCCATTCCCTTGCCTTATACAACATTCTACTAGTGGGTAAGGAAGCTCAAGAAGGATGATGGGCAGCAGGAACAGGCACGTTTTACCCCTCCTTTGACCGTGCAGTCTGCCCAGTTGCGAAAACACAGCCAAACACCTGCCGGATTGACGATCCATGTAGGTCAAAATGAATTTCGAGCAGAAATTGCTGAAGATTTCTCAGTTGTTGCTCTCAAGAAAATTTTGTCGGTTATACAGCATTTATGATTTTCAAACCAGATGAGAGCTGAGTGTATACGGCCCTTGATGCAACTGACATGCGGAAATCGATCGACGGATTGTCTATTCTTGTGGAAGATCCTTTTGGCCTGGATCTGTTCCCAGAGAGTTTGTTCGCTTTCTGTAACAGGAGACGAGAGCTGGTGAAAATCCTTTACTGGAATGATAACGACTTTTTCATTTGGATGAAGGGGCTGGGGGAGGATATCTTTCGATGACCTAACTCCGAAGAGGAGGTTATGGAGGTGAGAACTCTCATTGAGTAACTCCAGGGTTCTCACCTCGCGGAGCTAGAGAAACTAAGAATCGGCATGAGGCGGAAATGCGTTTGCTTCAGCATCAGGTTCGCAACAAGCTTGAGCGGTAGGATTGGCTATGGCTTCCTTCAGATCCTTCATTGGCTTTCCTTCAACGGTTTATTTCTCATCGGGCAGATCCGGACAGTTTATTCAGACACCCTTGCCTTTGCCTAAACATTCCAGGCTTTCAGAGGTTATGAGCTGTTGCTCTGGCCTATGACCAGCTAAAAGATTCTGCGCCCAAGATCATTGCGAACGCAAGAGGGAATCTGGCCTTAAAATTACTCTCACATGCCAAAGCAAGCGGAGTCCAGATCCACCATAATCTAAACCTCGTCGAACTTCTCTCCAAACTCCCCAGCGGAGAAGAAATACCCCCTGACCTCTGTCAGGCTAATGCCGAAATTCTTGCCTTTGTCTATCAGGTGAGCGAAAGGTTAAAGGATAAATAAACAGCCCTGGCCATTGTTCTTAATTACAGCACGCTTGAGCTCTTTGAGCTATCGTCACCACGTCTCACCCTCCCCCTGGTAATTGCCTGTTTTCAAATGTGCTATAGCATTTCCTGTGATACTATCTGTATTACAAGAGTTGAAAACAGCTTCCATATACCTGTACCGAAAACAGTGCAGGATCTCTATTCCACCTTTCTTCCCGGAGGTTGATAATGGGCGAGACTACCAACAAACTTTTTTCTCCATTCTCACTGAATTCCTTCACCATCAGAAATAGAATCGGTGTTGCTCCCATGACCAGAATGTCTGGAGACAATCGCTCCATCCCTCGGCAAGATGTGCTGGATTTTCTCGTACGTCGTGCCGTAAACGGAGCCGGCATTGTCTACACCGAAGCAATTGTCACCGATTACGAAAGCGCTCAGGGCTACCCGGGCCAGGCACGGATCACCAATCGGGAGCAGATAGATGTCTGGAAAAGCGTAGCAGACAAGATACGGGATGCAGGAGCTATCTCGATAATGCAGATATTTCATTGCGGCCGAATAGCCTGGCCGGATGTCAATCCGGCTTGCAGGATCATAGCGCCGAGCGCCATTACCCCAAAGACAGAGAACCCGCTGACAAATGCGCCATACCCGCTCCCCGAAGAGATGAGCGAGTTTGAGATCGAGCACGTTATTCAGGGTTTTCAGGAGACGGCGAGAGGAGCTATGGCGGCTGGATTCGATGGCGTTGAGATACACGGTGCCCACGGTTATCTCATTAGCCAGTTCCTCTCGAATTATTCCAACAAACGCACTGATAAATATGGTGGCAGCCTGGAGAATCGCTTCAGGTTTGCCCATGAAATTATTCAATCAGTCAGAAAGGTCATACCCACCACTAAAATTCTCTCTTTCAGGTTATCTAACTGGGGCATAGTTGACATGGATGTGTCACTTTTTCAGAACAGTGGAGAATGGCTTGACCTTATCTCAATGCTATCGGAGCAATCTATTGATGCCCTCTCTATATCGACATATGATTTTAAGGAAAATGCATTTGAAACAAACGCCACCATGGCAGAACTCACAAAAAAAGCGTCCAATCTTCCCCTTTTGATCTGCGGCAAGGTGTTTGACCGAGCCACGGCTGAAACAGCACTGCAGCATGCTGATGTGGCGCTCTTTGCCAAGTCGATGCTGCTCAATCCAAACCTGGTTGAAGACCTTCGTTCGAATGCACAATTACCCTGTTACAGCTCGGAACAGGCAAACGTAGCCTACACTGAAGCAATCCTGCCATGATCCTGAAAAAATGCTATTTTTCCCTATGATATTGACAACTCATCGACATATCGAATAAATAGGCGAAATTTTTAATGACTCCAAAGAAAAGTGGTATCACGACAACAAATCATTCATGTTTTTTGGGATGTTAATGATATGTTTTAAGTAGAAAAGAGATATTTATTCCCGGCCCCGGCCGGAAAAAGATTTATTCTGGCTTGGATCATTGTTATTGGCCAGAACGTATCAGACACAGCAGTTTATAGCATCGAACGACCTGGAATCCCAGCGAAGAGGGTGCCATAATGACAACCGTCTCAAATCACTCTGTAACTCTCCTGTTCCTGGCAACTCTGCTCTTTATGTTTCTCATGGCAGGGGTTGTCGTCCTCTGGTATGCCGCCAGGATGAATCTGAATGAAGGGCTCTGTTTGATCCGCACCAGCCTCAATGTCCTGAACAATCAGGATGGAGGTGTCCCCAGTCGCTGTAGACGTGAATTCAAACGTGTCGATATCGATGGATTGAGAGCTGACATTTCCGACGGTCTTGCCTCGTATAGCGGTCTGGTAACCAATATCTCTGCCCACGGACTATGCCTGCAAGATATACCCGACAGGTTGTCAAGTTCACGTTCACTGCTTTCAGTGGTCGTCAGAGGTCAGGTCGAGAATTACAGGATAGTTGCCAGACCACGCTGGGTGGTGATTCAGGAAAATAAAGGAAAAACTCTTGGGGTTGAGATAGCAAGCTCCCCTACCAGCTGGAACGAATTCGTTTTTTCCCACTGATCTCTCCCCCAGGGATAGTGAAACAAAAAAAGGGTTACAGCCTTATTGACTGTAACCCTTTTATCGTACTGGCGGGGCCGACGAGACTCGAACTCGCGACCTCCGGCGTGACAGGCCGGCATTCTAACCAACTGAACTACGACCCCAGTAATGACGCTTGACGCTCTGTCAAATTTTTGGTGGGCGGAACAGGGCTTGAACCTGTGACCCTCGGCTTGTAAGGCCGATGCTCTCCCAACTGAGCTACCCGCCCCGCGTCAGCGTGAGAGACTATTTACCAACTTCCCCCTGACCAGTCAAGCAAATAAAAAACAAATGTTTAGCAATTGATAATAATATATGACACACCTGCTTTTATCAGGAAAAAGCTATGAACAAGGGCAACAAAAAAAGGGTTACAGTCTTATTGACTGTAACCCTTTTATCGTACTGG
CP050699.1_gap94	3825019	3829627	4608	GATAGGCAAAGGGTATCCTGTCTACAGCTCAGATTTCGCTTTCGGTCTGCGTATTCTGGAATCCACTCCGAAGGCCAGGCTCGATAAGATATTTTTAGACAAGGTGTATGTCACCACCCAGAATCGGGTGATTTCTCCTAAAACAAAAAACCAAAAGATCTACATAGATGCCATTCGGGATAATGACATTGTCTTCGGCATTGGCCCCGCCGGTACCGGGAAGACCTACCTGGCTGTAGCCATGGCTGCCTCAGCTCTCGTCACCGGCCAGGTACGCTCGATCATTCTCACCAGACCGGCAGTGGAAGCTGGTGAAAAGCTAGGATTTCTGCCTGGCGACCTGGCACAGAAAGTCAACCCGTATCTGCGTCCGCTTCATGACGCGCTCAACGATATGGTCGGTGCAGAAAAGTGCCAGGACCTCGTTGAGCGAGGTGTTATCGAGATAGCACCTCTGGCTTTCATGCGCGGCCGAACCCTAAGTAATGCTTTTATTATTCTAGATGAAGCCCAGAACACGACCCGTGAACAGATGAAAATGTTTCTTACCAGGGTAGGTTTTGATTCCTGCGCTGTTATTACCGGTGACATTACCCAGGTTGACCTGCCGGTCAAACAGCACTCTGGCCTGGTGGAAGCGAAAAAACTTCTCAAAAACATTGAAGGGATCAGGTTTTGCACTTTCTCTAAGGCCGACGTGGTCCGTCACCCGCTGGTGCAGAAAATAATTCAAGCCTACGAAACGGATGAAGATTGATTTATCTTTCCTTATTCCGGTAAGATTGAAGGGATGAGAACCGTACTTGAGGCTCTCTTCCCTTTTTAATTTCAGAATTCATCATATAATCCCGACATCCTATCATGCCCGTAGATATCTCTACCCAGTACACACTGCCATCGTTCCCTGTTAATATTGAGAAACTGAAACGCAGGACTCAATGGTTCATGAACCAATTGGAGGTCAACGGACATTCCGTTTCCATACTGCTCATAGACGATGAAGAAATGAGCAGATTCAACAATCAGTATCGTGGTAAAGAAGGACCTACCAACGTTCTCTCTTTTCCTTTATTCGAAGCCACCGAGGAATCTCCCTTCTCAGAATTGCCCATTGATGAGCTGGGAGATATCATTATCTCCCTCGACACTGCCCTTCGTGAAGCTCATGAACTAGACCAGCCTTTTCCTTTCCGCCTGAACTGGCTTATCGTTCACGGATTGCTTCACCTGCTGGGTATGGATCATGAACGAAGCGAGCAGGAAGCTCTTGAGATGTATGATAAAGAGCAGGAGTTACTTTCCCGATTTGAACACTACAGGAGAAATCAAATGACGCATCTTGCAATTAACGTCGATCACATTGCAACAATTCGCCAGGCACGGGGAACCACCGAACCAGACCCGGTAACAGCCGCCGCAATGTGTGAGCTCGCCGGCGCTGAAGGTATCGTTATCCACCTGCGCGAAGATCGTCGCCACATCCAGGATCGCGATGTACATATTCTTCGCAAAACCATTAAAACCAAGATGAACCTTGAAATGGGCGCCACTAAAGAGATGATCGGTATCGCCCTGGAAGTAATTCCTGATCTTGTCACTCTGGTACCGGAAAAACGTCAGGAACTGACTACCGAGGGTGGTCTTGATGTAATAGGTCAGAAAAAGAAAATTGCTAAAGCAATAGAGAAGCTTGGCCAGGCAGGAATACCCGTCTCTCTTTTCGTCGACCCCGACCTTGAACAGATCCGTACCAGTCATGAAATTGGTGCGACCTTCGTGGAGATACATACCGGCAGATATTGCGATGCCGAGACCGAAGCTGAACAGGAGCAGGAGTTCCAACTCATTGCAGATTCCGCCAATGAAGCCTACCAGTTAGGTTTGCGAGTCAATGCAGGTCACGGGCTGGATTACCGTAACACGGCAAGGATTGCCGAACTGGATACCATCGAGGAACTTTCCATCGGTCACTCGATTATTAGCCGCGCAGCCTATGTTGGCATTGATCAGGCCGTTCGGGAAATGCTTGCCATTATTCAGCAAGCCAAAAACTCATTGTAGGAACTATTTTCAAGTTATTGAATCGTAAGCTCAACGAGATGCTTCAGACACTCTTTCAGTTCAACTTATTGACAACAGCATCAGCGTCGGTCAATATTTGGTAAAACGTTACTAATAGCGCGATTGCGATTGACAAGCTTCCAAAAATTATGTTATTAGAAACGACCTTGCCTGGGTGGTGGAACTGGTAGACACCCGAGACTTAAAATCTCGTGGGCCTTGCGCCCGTGCGAGTTCGATTCTCGCCCTAGGCACCAGCAGTTGGTTCAAGGACTTCCATCAAAGTCCTAGTAAGCCCCTAAGTATCAATTACTTAGGGGCTTTTTTTCATTCTTTTTCGTCCACTACCTTCCATTCTTTTCCGTGTCATTCCGTCGAAAAAGGGGTATACAATAGGGTATACGTTTACCAGGCATTCAAACCAACCTCGAAAAATATACCCTTTTTGGAGCCAAGGAATGTCCAAGCTTACAGTTCTGCAAATAAAACACGCAAAGGGCCAATGTCGCCTGGCTGATGGCAAAGGGCTCTTTTTTGAAATCACCATTAGCGGAAGTAAGCGTTGGTTATACCGGTACAAAATACTGGGCAAAAACGGTAACTACATAATTGGTCATTATCCAGAGATAAGCCTTCAAGCGGCTCGTCAGGCACGGGATGAAGCTAAGAAGCTGGTCCAAGAAGGTGTCAACCCCGCCGCAGCACGAAGGGAGAAAAAACTTCAAAAAATCGCCCTTCAACATCAAGAAAAGCAAAGGCGTCTTGGCAAATTTGAAATCTTAGCACGTGAATGGATTGAAACTCAAAAAGGTCGGTGGAGTGAGAATCACTCCCTGGCGGTTTTATCTTCACTCAAAGCTAATGTTTTCCCCTACATTGGTGGTCAACCCATTGAAACCATCACCCCGCCGGAAGTATTAAAAATCATACGACGAATTGAGAGTCGAGGTTCTCTCGAGATCGCAAAAAAGGTCCTGCAAAGGATGAACTCCGTTTTCCGCTACGCTGTACAGACAGGGAAGGCGACTTACAACCCAGCAGCCGACATGAAGGGCGTTCTGAAGTCCAGAACCGTTACCCATACGCCTTCCCTCCTTGATCGCGAATTAGCACAACTTTTGCGAGACATTACCAACAACCAAAAGCTATTTGTTGCTACACGCCTTGCCCTGCATTTTACAGCGCTTACTGCTTGCCGCCCTGGTGAAGTCAGGCAAGCGAGATGGGAAGAGTTCAACTTGGATTTGAAGGAGTGGTACATCCCCGCTGAACGCATGAAAATGAAGCGTGAGCACATTGTCCCCTTATCAAAGCAGGCCCTCTCTGTGCTTGAGCGATCCGGGAAGCTTTTTGGAACCGATGGATTTGTTTTCCCAGCTCCCAGGCACCTTGAAAAGCCAATGTCGGACAACACCATGGGAAAAGCTTTGCGTGACATGGGGTATAAAGGTAGGGCAACCCCCCACGGATTTAGAGCTTCTTTTTCTACGATGGCATATGAAAGCGGCGAATTCCCTCCTGAAGTGATCGAAAAAGCATTAGCACACGAAGAAAAAAACAAAATCAAGAGAGCCTATAATCGAGCTGAATATTTAGAACAACGAAGGAGTCTTTTAGACTGGTGGGGGGAGAAACTTCAAACCCTAGAGAACACTTCTGAGATCATCGACTTTCACAGGGTAAGAAGGAGATAGAGATAATATTAGCGTAAAAAACAGATCAGAAACCAACTTGACCCCAGCTAGGGTAGTTTCCAAAAGACACTCCTCTAGCGCTCTGCCCAATTAATCTTTACAGGGATATTATCAGGAGGGAAGCAAAATGGACGAAGATTTAAAGTTTTTAACGAATCGCTTAAGTGGTCAGTTTGGCCTCGCATCAGCCTGGCTTTCAGAGTGCATAAAAAGTGAAGCGCGCAGTGAAGATTTTTTCCCTCCTAGCGACTGGTTTAACCATGACACCTGGACAGTAGAACAGGCCTTGCTGCTTTTAGCCGGCATAGACCCCAACGGAGCAGAAATTTCTTGGAATTTTTTCGAGACGACAGAACAGCTAAAAATTGAAAATGCCGACATACTGATATGCGCCCCTGAAGCAAAGTGGGGTGACTATTATGGTTCAGACCTATCTGAAGCGGAAGCTAAGGCGGAGAGATGTTTGGAAAAATTTTCTGAAGATGAACAACAGCAACTTGCTCAATTATTAGAAAATCAATCTGAGAATACCGCTTTTAATGGAAAATTTGACAGCTGCCTCCAGTATTACGACATGAGAAGCTGGTATTATCATGCAGAATTACGGTTAGATCGACTCTGCAATCTGTGGATGAGTCGTAAAAATTCACATGAAAATCCAGGCATTGAACTCGACGCAAAATACGAGCCTCACTACTATTTGTCATGGATCAAGTCTAAGGAAATAACCAAATTAGTCCCATGGTGGGATAAAGCTGTTAAAGACGGTTTCATCCCTAACCAAATGAAATCCTCACCTCCCCCAACAGGTCAAAATTACACACAAAGAAGTTGCCTCAACGTAATTGGCGCT
CP050699.1_gap95	3838990	3841520	2530	ACCTAATTTCCACCATGCTTTGTACTCTAAAGCCATTTATGCACCTAGTTTAAAAATTGTTTTCCATACCTATAGCATATCAGGGGTATCATATAGTGACCCCCCTAGCAATTTTTTATTATTTTATAGAGGAATAGTCGAGTAGGCTAACAGGTCATGCTGCTGGGAAAGCGTTATGCACAGTTTTTTGCCCTTTATGTTTGGCATGGCTTTAGAGTTTAAAGAACTACATCAGTTAAGAAATCGGAAATAAACGTAAAAGTAATAACATACACTGCACTTAACCTAACGACAACATTCTCTTTATGCATGGTGAAACAGGGGATAGACCATGGTCGATTCTATTTACGGGGTATTTTTCTATCTGAGAACTTCCTTTAAGCTGTTTGTAACACCAAGATTCCCGCAGGCAATCTCAAAGCCAAAATGAAATATCTATGTTAATGTTCTTCCTGTATCCAGAAAATTTGGCTCGCTCTCAAAACCTAACAACAAAAGTGCAACGAGAGATGAGAGCTTATCCATGTACACCTCTACCTTCTTCATGTGAGGGCAAAGTTTAGATTATTCCTGATAAGGCCAGTGAGGCTAACGAATTAGGCGGGTTGACCTTATTCCTATCTCTTCAACTAGACCTCATACAAGATAGCCGCATTTCATGGAGTAGCAGTGAAAGATCGTACAGTCCCATCAAGCTGTGTTGTGATGGGAAAACTAAAAATGCACGAAGTTCGACACAACAAAACCCACAAAAGGGTTCTATTGGTTTTGTGGGGACCCGTATCGTCGTCCTATAGGAGCGTCCAATTAGTATCAGAGAAAAATGTTTTGAGTTATGCCCTTGGCAGCGACCTCAACCATTTGAGGGAGATACTCATGAATTTCTGGATTTCTTTGATGAGTTATTACGAGGCCCAAGTCTAAATCCCGTCTGGGCGAATTAATGTATTCTGCTTTTCCGACTCCCCTCCAAATAACCGTACCAGTCTGAGAATCAACTAGCTCTCCCAAAACTATAAGATTGGTGCGCCAGACGTTGTTGGTATCGCTAACCCATCCTGTATATCCTGTATCTACACCTCTAATTTTTTCTCTAGAAAGATGTACTGACGGGATGAGTAGAAAATAACGGGCCCCGGTTTTTTTAGAAAATTCTCTTAAGGGAGGAACTGAAATGGCCTTTAAAGTGTCATAAGCAGATTTCCACTCTACATACTCATCCACAAGGTTGTTCTTAACTATTAAGGTCTTGAATTCCCCGGATTCTACAATACCTGTCGCTGGATTCAGGGTTTTCAAACTTTTAGCAAGTGCCGCTTCTATCGTTCCGGACAGTCCCGGCATTTCTGCCGTTTCTTTTACAGGCAGAATTGCAACTACCCCGTCAATCCCAGAATGGGCATCTACCATGGTGTATGATTTGTCCCGAAGCCCTTCGATAGATGCGCAAGAAGTGACAATGAAAGCTACCAGAACGAGCACAAAGTTTCTCATTCTAATTCTCCTATTTGATTCGAGTGAAAAGAAACAGTGATAAGTGATTTCGTTAGTTGCATGATAGGGCTAATAACAGTTAGCAGGAGTTTGACTGGAAGGCAAGGGGGAACGGCTTAATGTATTTAAAAAAACAGGAGATCTATGAGGAAGATTGATCCTGCTATAAAAGAGTGGACACTCAGATAAGCCAATATTAAAGAGATTGGCAGGAGGAAGATATGAGTGTTCAAAGAAGAAGATACGATCCAGATTTCAAACGCAAAGAAGTGGCCCCGGTTCGTTGGGCAGGATCGGGGCATGACTCAGAACCAGAGGCGATACTGATACACCTTTTAGGGAAAAACTATCTGCACAAGTACAGGGAGAAAGATTGTGGTGCTGGTTACCTGATCACCCAAGAAGAGAAACAGTTATGTTCAGCTACCATGCCCAATCTACTCCATCGATCAACTGTGCAGAGAGAGTTACAGGCATTGATCGAGCGAATTATTGAGGTGAATTCAAACGAGAGCTACTTTTACCAAATCGACTTAGTAGCCATCTTCGGGGATTACATCTCTGACACAGAAGACATCGCTCCTGTCGATGTCTTCATCAAGGGTAAGCTCAAGGACTCTATCTTGAAGAAGTATGGCCGTCCCGGAGACGCCGGACGTATCCTTGCCAAGAAACATAAGAGACAAATCATTTCCTCCAAGAATGCAGCTGCATCCCCTGAGCTTCACGCCATAAATACACTACAACGTCAATCACACTCGTTTCAGATCGTTAATTCTCTCCGAGAAATTGCATTCGGTGGACCTATTAGGGTTCGCATTTGTGACATCAATGAACCACCAGAGGAAGTAGATCTGGAAGAACCTATGTTCGTTGTAATCTATGACATTGATGACCCGAGCATCCATAGGGCTGGCATCCCTTACATCCCATTCCAGAACAAGGAAAACTAGTAGTAACTTCTCTCCTGAAGTCATCATTACAGGAACAACCCTGCTCTCGTTGGAACAAACCGGAACACCAGAACACGCACACA
CP050699.1_gap96	3842759	3846353	3594	TATCGTAGTGATAATCCCGTTCCCAACATAATATTTAATATGACAGCAGATATTGAAGAGCTAAAAAATGAAGTGCTGAGAGAAATTGGACGGAATGTCGTTCTGTACCAACAGTTTGAGGTAATGCTCAAGCTCTTGGTTACCCACGGTAAATTTTCAGGATATGTTTGTGATCTCCAAGGCATTCAGGACAAAAAGAAAGCTAAGGTGATGAAGCAGACACTAGGGCAAGTTGCTGGTCAGTTCTTAGACAACACACTCGGAGAATATCAAGAAAGTAACGAGGAACTTCCAGAGCTAAAAGAGAAAGGGATGCATATGTCCTTTTCGTTCCAAATTCAAACTGATGAAGACTTTTACGTAAAAACCAGGGAGAATATTGCCAAGCTCGTAAAAGAGAGAAATGACCTGATCCACCATTTTCCACTGAACTACAATCTGAATACACTTGATGGATTGAAGGAAGCAGAGCAATATCTGGATTCACAAAGAGAATCACTGCTACCAGAGTACGACAATGTTAAACGGTATCTCAAGACTCTTGATCAAGCCAGAAAACAATTTGCTGAATACATTTCTTCCGGGGGAATGAAGAGACAGTGGAAATTAGATGAGCTTCGACAAGAGTATGTAGTAAAATTGTTGGGTAGGATAATTGAGGTTGCCAAGAGGGATGATGGATGGACTCTGGTCGTTCATGCAGGTCAACTGCTCTACCAGAATTCACCTGATCAATTGAAAGAGGTTAAGAAGAAGTACAAATGCAGAACCCTCAACGATCTCATTTTGAAGACAGAGATTTTCGACCTTGAAGAAGAGTCAACTCCCAAAGGTGGCAAACGTACCATATACAGGCTCAAGGATGGGTGGAGATTGGAGACACATCCCATTGATGAGATTTCAAACTAATCTCCCCCCACACACACAATCTCAAAACTGTTAGCAAAGAAGGTTAGTCATGCACTTTACATCCTTGTAAGCCTTTACTGGTCAACGTGTTGCACTTATTACGTGACACCAGCTCCTCCCCCATCCCCGCATTGCTTTCCATCCACTGATCAGTCGAACATACTGGATACTTCAGAATCTTATTGATATTGAACCGTCACACTGGTTATCTATATCTGCATATGCTAATTATCTAAAGATAAATACTAAACATTCTCAACCGAGGTCTTAGCAGGTGATCCGTTCGTTCATAGATATTCTCATACCAACCTTACTCATTTCTTCACCTACCTTTGCCCTGGCACTTACCGGCAAAGTGGTCAGTGTTACCGACTGTGACACTATCACAATTATTGACCGCTCAAACAGGCAGCACAAAATTCGTCTGTACGGCATAGATTAACCAGAAAAAGGACAGACGTATGGCCAAGCCGCAAAGAAATATACATCGAAGTTGGTAGCAGGTGAAAAGGTAGAGGTCAAAGGTACTACAAAGACAGATACGGTAGGACTGTCGGTGCTGTGATTGTTAATGGGATGAACGTGAACGAGAGCCTCATAAGTTGCGGTTACGATTGGCAATACAGGAAGTACTGTAAAGCGTCATTTTGTGATGACTGGTTAGAACTTGATGAACAAGCCAAATCATTAAAAATCGGCCTTTGGCGCGATTCTAACCCTATCCCGCCATGGCAGTGGCGCAAGGAGGTTCTGTCTAATAGTTACAACAAGTAAACATCAACTGTAAGCGGGCAGCACGGCAATATCAAGAGTCATGTGTTCCACTCTGCCTCCTGCCGTTATTTTAACTGTAAGAACGGAACTCAGAGCTTTGACAGTCGGCAATCGGCGCTGCCTGCAGGGTATAGACCGTGTGGAATGTGTAAGCCATAATATTTTATAAATTTTACTCAAACGGGTGGTTTTAGTTGGCAGATTCAATAGAAGAACTAACTCGACGTGTCAAAGAGTTTTGTGAAACAAGAGATTGGGATCAATTCCATGGTCCTAAGGACCTTGCGATTGGAGTAATAACTGAAGCTTCTGAATTATTGGAACATTTTCGCTTTCTCTCTGAGGAGGATTCTCGTTCAATTTTACAGGACCCTACCCGTAAACTTGAAATTGAGGATGAAGTTGCCGATGTTTTATTCTTTTTACTTAGGTTTAGCCAGATGTATGATATTGACCTTACTAAAGCACTAATACGTAAGCTAAAGAAAATAGAGCAAAAATACCCGGTAGAAAAAGCTCGTGGGAAGAATTTAAAATATACAGATCTTTAGCATAGGGCCCTACTGTGATCGTCTACTCAGCAACAAAGTCTCAATTTAAAGATGATGTCATGACTAATGACATCGGCAACATCATTTTTGAAGCATTCAAAACAGCTACCAAGAAAAGTACCAGCAAATCAGAAGTAGACTCATGGCTTAACTCTCTCCAATACATGGATAGGATTCTCAATGACAATGATATTCCTGGTGATGCCGGTGTGTCGATAGAGTACCACCTCCCACAGACCTCAAAACGAATTGATTTCATCCTAACTGGTATAGACCCTCATGAGAGGGATTCTGTCATCCTCATCGAGTTAAAACAGTGGCAAAAAGCTGAGCTGACAGAAAGCGATGCTGTCATCAAAACACGATTTCGTCACGGAGTTAAAGAGACCTTACACCCTTCTTACCAAGCCTGGTCCTACAAAAGTCTACTGGAGCACTTCAACGCTACTGTTCAAGAAGAGCATATCCAGCTTTTTCCATGTGCATACCTGCACAATTACGAGAGCGATACCGTAATAACCAATCCTTTCTATGCTGATCACATAGCAAAGGCCCCGCTCTTCCTTAAAAGAGATGCTAAAAAGCTTCAGGCATTTATAAAATCCCATGTCAAATACGGTGACAAGAACAACATTATGTACCGTATCGATAATGGGAAAATAAAACCATCAAAGAACCTTGCTGATCAGTTATCCTCAATGCTGAAAGGCAATGAAGAGTTCGTTCTCATCGATGATCAAAAGCTTGTCTATGAGACATCAATTCAACTGGCCAAAACTGCGTCCTCCCGGAAAAAGCAGGTATTAATTGTTGAAGGTGGCCCTGGTACAGGAAAGTCAGTGGTTGCTATCAATCTTCTTGTCCGCCTAACCAATGAACAGCTTATTACCCGCTATGTTACTCGTAATTCTGCTCCACGATTGGTCTACGAGGCAAAGCTCACAGGTGCACTGAAAAAATCTCATATATCCAATATGTTTTCAAGCTCCGGCTCCTATCATTCTGTCAAAAATAATGTGTTTGACTGCCTCATCGTTGATGAAGCCCATAGACTCAATGAAAAATCAGGGCTGTATAGCAATCTCGGTGAACACCAAGTCAAAGAGATTATAAACGCCAGCAAGTTAAGTATCTTTTTTATTGATGAAGATCAAAAGGTAACGCTGAAAGATATCGGCAGTAAAGATGAAATAAGACGCTGGGCAAAGCATCACAATGCCTCTGTATCAAAGCTTAATCTAGAATCACAATTTCGCTGCAACGGTTCTGATGGATACCTAGCCTGGCTGGATAACACACTGCAAATCAGACCGACAGCTAACACTGTTCTCGATACCAATGATTTTGATTTCCGAATTAT
CP050699.1_gap97	3972541	3976868	4327	GTTTTTTCGCTGCCGCAACCGATAATCACACCTTTCGCACCACCGGTAAATCCTACGAACTGGTGGGGATCGATCTGACCGATCACTATTTTATAATCAGCCTCACCATAGACCGCGTTCACCTGTACAGGGGAACCACTGCTGGTGGTACCGAAATCTTTTATTGGGCTATTGACCGCATCATGGGAAATTCGTGCACAGCCTGGCGCCACCTCGGCTGGAACCAACCTGTCGAGATCATCCTGCTCCAGCGGCGGATGAAGCCCACCCCCGACAATGACGGTCACATTCTCCGGCTTCAGTGCAGGCGCATGTTCATACAGCCATTTCAAAACGATTGGCAGCACCTTCTTGACAGGCAAAGGTCTGGTTTCATCAGGCACTGCGATGGCAACCTTCTGCCCTTCTTTCAAATCAGGCAGCAGACTCGCATCTTTTTCTCCGGCATTTACCAGAGCCTCGATTAGCGCCTGCTCAACTGATGGCACCGCTGCAATCTTGTTTGGCTCCAACACTGTTACATCGGCTGAATCCGGAACTTCAACTTCAATAGTTCCTTCACCATATTTTAATTCAAACTTCATATTTCACCTCTTTAAATAACATACTGAGTGTTATGCAAAAGACGGGCCACAGCCTTTTTTTAAATACATTTTTGTCGATATTCAGCAGGAACTAGCTACATACCGATCGAAACGCTACTCCAGCCCATTGAAAAGTAGCAGTGATTGCTTACGAAATCATGCCCAATATCCGGCATCGCGACGAATATTGGGCTTGTTTTTTCGGCACTCTTTAGTATTATTGGGCACTCAACACATAATCGTTATCCTCTATTGGTGCCCAATGAAGTGGAATACAGATACCCGATATAAACTGTTGCTCGACATTAACAACGCCATTGCTACAGAGAAAAACAGTGAGAGTTTGTTCCAGGCCCTATCCAAGGAACTTCATAAACATTTTGAACATGACCGGCTGGCAATCATTCTCTATGATCAGGAGAATGGGTCGATCAACTACTTCGCCGCCGCAGACGGTGTACAACCCGGTGGAGTTGTTGCCAATAATTCCCGGCCACTGGCCAATGGCGCAATTGCTAAAATCGCCATCCGCTCAGGCCAGCCCGCAGTTTTCGACGATCTCAGTCAATACAAGGATCTTAGTTCGGTAGGTGACCTGATCAAGGCAGGCCTTACCTCAACCATGGTTTTCCCGATGATCGTCCGGGACAAAACCATCGGAACAATCAACTTCAGCTACCGACAAAAGCCAAATTATATCAGTGAGCTTACAGAACTCCTGAAATCGGTAACCCAACAGATAGCTATCGCCGTCGACAACATGCTGGCCTACAGTTCGCTTGAGCATAAAAATAAACACCTCAAAGAGAAAAACAAATACCTGCTCTCAAACACCCAGGATTATAAAGCTGACGGCTTTTTCTATGCATCCGATTGCATGAGAGAGGTAATAGAGCTCCTCGACAAAGTCGCCAGAACTGATGAAACAATCCTGCTCACCGGCGAGACCGGAACAGGAAAAGATTTTCTGGCCCGGCTCATTCACGAGCGCAGCCATCGCAGCAATCATCTTTTTGTAAAGACGAATTGCCCCGGTCTTACCTCATCGCTCTTTGAGAGTGAACTTTTCGGCCACTCCAAAGGTGCTTTTACAGGTGCTGACAATAACCGACTGGGCCGATTTGAACTGGCGAACAAGGGCACCATCTTCCTCGACGAGATTGGTGAATTGCCTATTGCCATGCAATCCAAACTGCTCCAGGTCCTGCAGGAAAAACAGTTCGAACGCGTGGGTGAAAGTTCTTCCACTCCGGTTGATGTTCGTATTATTGCAGCCACCAATGTCGATCTGCTCGAGAATGTGCAAAACGGTGAATTCCGGCAGGATCTCTACTATCGCCTGGAAACTGTCACCATCGAAGTACCTCCTCTCAGGAAACGGCCCGAGGATATTCCTCTCCTTATCACCAACATCAACGCCAGCGAATCTGAGCGTATGAACCGGCCGGCGCCGATATACACCGAACAGGTACTGGACACACTCTCCGGGTATACCTGGCCCGGTAATATCCGTGAACTCCGCAATCTGGTCCGGCGCCTGATCATTCTTCACCCTGGTGAGAGAATCGGCTCTGACGAAATTGAAAAAACCTTTTCACTGAAAGCTACAACCCAGGAAAAACCTGATAATTTCCAGACTCTTCAGCAGGCGGAACGTGATCACATCATCGATGCGCTCAGCTCCTGCAAAGGAATTATCGGTGGTAAAAAAGGCGCCGCCCATCTGCTCGGTATTCCCCGTTCTACCTTGCAGTATCGCATTAAAAAGCTTGGCATTAACCCTGCCGAAATCTAGCCATCATCGAGGTCTGGTCAATTGGCCCTGCCCAGGCCTCATCAACTTAATGTATCGGCAAACTACACCTGGGGTTTTCCGCCAGGGATATTTGCTGAAGTCGATAAAGCTTAACAGTTCAACTCACGGCTAACCGTTAAAGATCCAATCAATTTACCCTATACTTCAGCTGTCGATTCCATCATGGATATTGATGCCACGCACATCCTGCTTGAAAGTTTTGAAGTAAAAAAGGCTATGGCTTCAGAGTATCCAGTCATCCGAAATAGCTGTCAATTATGACTAATATGCTTAAAGTCTATTGCTGAGAAAATCGCCTACACCATTAACAACAGTATTTCGACACCCCACAGTAAGGATGGTACCATTCCGATGACAGACCACGATAAACTCACCGACCTGAAAGCATATTTTGAAAAGCTCGGCACCATAGCCGTGGCATTCTCCGGTGGTGTGGACAGCACCTTTGTAGCCTGCCTTGCCGAACGTGTACTTGGTGACAAGGCAATCGCAATTACAGTCGATTCCCCCTATATACCCCGCTGGGAGATTGACGAGGCCAAAGAACTTGCCGCTTCTATAGGTATTCGTCACGAACTGGTCACAGTAGAAATCCCCGAAGAAATAGCCAGCAATCCCTTCAACCGCTGTTACCTATGCAAAACAGCCCTGTTTACACTTATTCAGGAGAAAGCCAGAGATTTGGGGTTTACCAACGTGGCAGATGGCTCCAACTTCGATGACACCAAAGATTATCGGCCCGGCCTGAAAGCACTGTCTGAACTCCGGGTGAAAAGTCCGCTGATGGAAAACCAGTGGACCAAAGACGAGATACGCGCTGCCTCAAAAGAGCTGGGCCTCGCAACCCATGACAAACCTGCCTACGCCTGTCTGCTGACCAGAATTCCCTATGACACCCGGATCAGTCTCTCTGATCTGGTGAAAATTGAAAGGTCCGAAACCTACTTGATGTCACTTGGCTTCCGTGCAGTACGGGTTCGCTGCCATGGCGATCTGGCACGTATCGAAGTTAACCGCAACGACCGAAGCAAACTCTTTAACGAAGAGCTGCTTGATTCGATATCCGAACGACTCAAAAGTTATGGATTCAAATATGTCGCCATAGAAGCTGCCGGTTATTCAATGGGCAGTCTCAACAAGGCGATTCCCGCCCCATAAACCCATTGTTTTTTCACCAATAACATCCCGGGTAATCATTCTTTTCTTATTCATTTCCTGGATTGCAAGGATTGCAACATTCGGCTAGGATTCAACCTGTCTATATCTGCCCGAATATTTCATCAACATCATGAAACCTTCGGGTCAACCTGCTGCACATTCATTTGAAGTTGAACGAAGTCACCTTCCACTCTTTTCTTTTTCAGTAAAGGAGATGAATATGCGAGAGTTTACCCTGTATGATCTGTTCGTTCGTAATGCCAGAAACAATCACGACAGTACAGCGCTGATCTCAGAGATCGCCGGCCATGAAAACCTCAGTTTCGGCCAGCTCCTGAGCCGGTGCGATCGACTCGCAGCAAGCCTGCATAACCAGGGAATTAAAAGCGGTGATCGCATTGCTCTTTTGTCGATGAATCATCCAGGCTTTTATATCCTGGTTGGCGCCCTCGCCAAGATAGGCGCTATCCTCGTTCCATTGAACTGGCGGCTGGCTAATGATGAACTGTCCTATATCCTTGCTGACTGCAGGCCGATTCAATTTTTTGCAGATGACACCCAGCTGGGTAAGGCACGCGAATTGGCAGAACCTGCCAATATCCCGGTGGTAAAGATTGAACAGGCCCTGACGGCTTCAGATACAACTCCACTCCCCGCGATATCCCTTGAACCAGATCATCCCGCCTGCATCATCTACACCGCTGCCGTTGAGGGCAAGCCACGGGGAGCCACCCTGAGCCATAACAATCTGTTGAGTGCAAACCTGCAG
CP050699.1_gap98	4080870	4084904	4034	GGCAGATCAGAGATGTCATCACCAAGTCCACCAGCCTTCACAACTTCAGTGGCTGCCAGCAGGATACGACTGTTATCTACACAGGAACCGAGGTGCAGAACCGGTGGGATACCGACAGTCTCACAAACCTCAGCAAGACCAGGACCGCAGTGAACACCGGCAGCCTCAGGAGTAAGCAGCCCTTCCATACCAGCGGCAATTGCTGAACAACCTGTGGTCAGAACGATGACGTCGTTCTTGATCAGTTCCTTGATGATCTTGATATGCGCATCATTGTGCTTGGTACGGGCGTTGTTACAACCAACAACACCGGCGATACCGCGGATACGACCGTTAATGATGTTATCGTTCAAGGTGTAGTAATCGCCACGGAAAGTTCCACCAAGATGATACTGGATGGACTCAACACCAAATCCGGCGATCTGCTTGGTCTTATGACGCGGGATCATGATCTCGGCGCCACGTTCCTGGAAGTTATCGATGGCCATCTTGACGATGCGCTTGGCATCCTGCATGGCGTAATGTTCGTCAAACTCAATGTGGATGACGTTTTCCTGCTCCATCTTGGCGATCGGATGGGTGGTGATCAGCTTGGTATGGAAACACTTGGCAACGTTGGCCAGGTTCTGGAATACACACTGAACGTCAACAACCATCGCGTCACAGGCACCGGTGATAATTGCCAACTCCTGCTGGAGATAGGTTCCTGCAGGTGGCACGCCGTGGCGCTGAAGGATCTCGTTTGCGGTACAGCAGATACCACCGAGCTGGATACCCTTGGCACCTTTCTCTTTGGCGTAGTCGAGCATTTCCTGAGACTGGGAAGCGGCAACGATCATCTCGGAGAGCAGCGGCTCATGACCATGAACGATAATGTTGACGTGATCTTCCTTCATGATGCCCAGATTCGCTTCAGACTGCAGCGGGGAAGGAGTACCAAACATTACGTCCTGAAGGTCAGTACCGATCATGGAGCCACCCCAACCATCAGCCAGAGAGGCCCGTGCGCCCTGCTTCATCAGGTTTTTGTAGTCCTGATCAACGCCCATATGGGTGCGGTGCATGATCTCTACGATCTCGCGATCGATTGCGCGGGGTTTAACGCCCATTGCTTCCCACTTCTCCTGCAGCGGCTTGGGAGCGCGGTCAAGATAGAGAAGTTCTCCACCGTTCTTGCCCCATTCGGCGATAGCCGACTCGGCAACGGCCAGTGCAATCTCATCGATATCTCTATCGAGGGTCTCACCATCGGCCTCTACTGTGGTCTCTACACCGTAATATGGTGCAATGGCGCGCAGTTTGGCAGGATCTTTAATGGTGTAATCCTCGGTTTCCTTACGTGCTACGGACAAAAAGGTTTCGGCAACGCCACGACCATGGTCGGAGTGAGCTGCCGCACCACCTGCGATCATACGAATGAAGTTACGTGCTGCGATTGTGTTTGCGGTTGCACCACACAGTCCTTTACGGGTGTCTTCGCCTTGGATTCCATCTTTTGGTAAAGGCAGTCGACATGGTCCCATTGCACAGTTCTTACAGCAGATCCCCTGCATGCCGATGGCACAGGGTTTCATGGTAACTGCTCTGTCAAAAACTGTCTCTATCTGAAGTTGCTGCGCGCGACGGATCATCTCCTGGGTTGCCACGTCAATGGAAGCTTCCATCGGATCTGCTAGTTTGGGAGCTTTAGCGGGTGCTTTTGTTGCTTCTGCCATCAGAGGTTCCTCCTCAAGTATGTTCTTAGCTTGTTTCGCTTGCACTACCACATTTTCTCAACAATGCATGTCCCGTTTAACGCTTATGGAACCTGTTCAGCATGTCGAGAATTTTCTCCTGAACAGTCATCTGAACAGCATCCGGGGTTTTGGCGATCTCCCCTTCCGGTGCGGTTGGCCGTGCAGTAGCATGCTTGGCACGCTCTTTGGCACGTTCTGCGCGAATTGCTGCCTCTTCCGCCTCACGCTGCTCAACAGCCTCACGTGCAGCTGCAGCTTCAGCCTCTTGCTTGGCTTTGGCTTCTGCCTCTGCTTTGGCTTCCGCATCAGCTTTAGCTTTGGCTTCTGCCGCGGCTTTAGCTTCTGCATCTGCTTGAGCTTTGGCCTCTGCATCTGCTTTGGCTTTTGCTTCGGCCTCTGCCTTGGCTTTAGCATCTACCTCAGGAGCAACCTTTGGCTCTGCCGGCGCTTCCGGTTTGGTCTCTTTCAGCTCGGCTTTTACCTCAGGCTTGGCTGCCGGTGCCGCAGGAGCTTCTTTCTTAGCCGCAGGAGCAGCTTTCTTGGCCGGTGCCGCTTTTTTCTCTACCTCTATGGTCAGATCAGGCTCAGGAGCCAGTGCTGCAAAATCGACAGAAGCCTCGGCAAGCCGCTTAGCAATGCCTGCAGTTCCGTTTAAGGAGCCGCCATCACTCATGGCCTTGATAAACTCTTTGGTCATGCGGATGGCCTCAGGATGACGCATGATCAGGATATTTGATCCGGTCATCAGGTACGATACCGCCGCAACTGATTCCATGAGAATTCCGCGACGCTCCGGGTCACCCAGCAATGGAGCCTCTTCCACAGACAACTTAGCTTCCTTACACTTCCATACTTCATTTCCGAGATTGTTGATCATCGGGAACTGCAATTTCTCGTCGCCCTGGGTCATGGCGGCCAGGTTCAGGCGCTCCATGACAGAGTAGGTGTACTCAAGTCCATACCCCAGTCCACCGGTAGTCGGATCTACCAGTATCCTGTCCATGGGCATGCCGAGATTCTCGAGCAGAATGTTGACCTGCTTGGCAAGGTTTACATCAATCGGAGAAGAAGAAATAAGTGTATGGCCATAACCCATTGCCGCAGCACCGATTCCTTTGTAGTTCTTCTCTTCAACCGGTCCGAGAACGAGATTGCAACCCTCGCACTTCTCTGCAACAACTTTCAATACCTCCTCGTCTTTCTCAGGCGATGCACAGCCCCAGACGATAAGGGGAACATCAATAGCATCAAAAACATTCTTTACTGTCTCTGCAGCCGATTCCGGGCTGGCATCCTTATCGTTTGGATCGATGGATTTCAGTTGGAGAACGATTGCCTCTGCACCATACTCATCAACACATTTTTTGGCCCAGGCGGCAGGGTCTGCCATGACCCCCTCAAAAGGAGCTGTGACCGCTTCCGGCCAGTCCTCGGGTTCCATGTCCCAAATTTCCATCGCAATTAAGGGCTTGTTCGGCATCTCTCCCTCAAATGTGTAAAATGGGAAAGATGTCTCGCCACCAACAGTTATGGCAGAATCTCCCTTGCCTATGGAAATTTCCCTTATACCACCAGTATAGGATTCCTTCTTAATTTCAAATCCCACTTTTGCCTCCTTAATGGTGAGTGTTTGTTACCTGAAGGTTGCCGTTACCACCCAACCTCAACCTTCCCTTTTTATGACTCAAAATGTAGAGGTACATATAATGAGCAGCTAGTTTCTTTACATAAAACTTCTGTTCTCCTTTTTGACCTTATTGTGCAATTCCACCTGCCATATTAAATCGCAGCCATTTTTTTTATTGATTCCGAGACTCCATTCGAGATTTGAGTCGAGGAAACTTCTCGATCTCGGTGTGCGGTATGAACATAGCCGCAACATAGTTATTCATGTACGACGGGGTTTCAGACAGCTCGAAATTTGTCATTCTCCCGGTTACTTCCACTACATCCCTGCGAATAGCGTTGGTCAATGCGCTCATACGGGCTCCAAGCAAGGAGCCATTGCCTATATACGTTACTCTTTCAGGATCAATCTCCGGCAACAAACCGAGGGTCATTGCTTTTTCAAGATCTATATAACTGCCGAAGCCACCCGCCAGGATGATTTGTTCGATAGAGTCCATGGTCAGGCCAACTTCTTCGAGCAATGTCATGCAACCACTGTAAATAGCTCCCTTGGCGCGGATCAGATTCTCCAGATCAACCTCGGTGAGAACGATGTCGCGATCAATCTGAGTTTCTTCCTGCCAGGCTACAACATATTCCCAGATGTTCTCGCGACAGCGGATACGATCG
CP050699.1_gap99	4251358	4255149	3791	CTATGGGTTTGCAAAACAGATCCGGCTGCATAAAGCCACCGACTACGTCATCGAGCGTGATCATCAGGTGATGAAGAGTGACTGTAGCCGAAACATTGTCATACCTTTCCATAAACTCCACCGAATCCGCGGTGGTAATATGCTCCATAATGATATGCAGCTTCGGGAAGTTGACCGCCAGATCTCTATAGACTTCAATAAATTCCCTTTCCCGATCCATCACGAAGCCACTGGTTTCGCCATGCACCAGGAGCGGAATAGAGAGGTCCTGCATGTGCTGCAGGGTTTCCTCAATTTCTGAGAAATCTGTTACCCCCGCTTCGCTCTGGGTAGTGATGCCGGCCGGGTACAATTTCAGGCCGATCACCTGATCTTTCACCTTTTCAAGCTCAGCCAGCCTGTACGGTCTGAAAAACAGCGTCATATACGGTGTGAACAGCTCCTGCCCACATACTCTTTCAATATCCCTTCGATACTGAGAGAGTTTATGTTCAGAATCCACCGGGGAAATGAGATTTGGCATAACCACCGCACCAGCGAAATCCCTGGCTGTCAGCGGTGCCACACATTGCAGCATCTCACCTTCCCGCAGATGCAGATGCATATCCAGTGGAGAATCAAGAATTATACTCATACAGATGGCCTCTATTGAATGGGCTAAGCCCGTATTTCTTATGAGAAACCAGGGCTCATACCCGGAGCTCTGTCAGTGTTGCTCTATCAATTCTTCTTTATACCATCCGGCATATTTTATGTAACTGTCAGCAATCCGCTCAACTTCACCGGAGATCAGCTCTTGGCTGATATTTTTGACCTTTTTGGCAGGAACACCGGCATATATCGATCCGGATTCTACGTGGGTTCCCTTGGTTATTACCGCACCGGCTGCGATGATCGTGTTGCTCTCCACCACACAGTCATCCATGACGATAGCTCCCATGCCGATCAGTACATTGTCATGGATAGTACAACCGTGAACAATAGCGTTGTGCGCAATGGAAACATTATTGCCGATATTTGTCGGCGACTTCTGGTAGGTACCATGGATTACCGCGCCATCCTGTACGTTCACCTTATTCCCCATACGAATATAGTGAACATCACCTCGAACCACGGTGCTGAACCAGATAGAACAGTTATCGCCCATTATGACATCACCGATGATGGTTGCGTTCTCTGCTATAAAGCAATCCTTACCAAATTGAGGAGTGTGTCCATTTAGTTCTCGAATAATCATGATTTCGCCTTAAATGTGAATATATGCATAAAAAAACGGGTAGAATCCCTAAAGGTCTTCTACCCGTTTGCACTATTTGACCATATTTGTCAAATCAAGCAGCTATCCTGCCGGCGACTGATCATCATCAGCCCATACCTGCTTAAGTGGAACCGGCGGATTCCAAGGCTTAATACTTCGGTCACAATGTTCGTGGAAATTCAGGCTAACCAATTACAGCAAGAGTCGCGCCTTTCACCACACTGTCACCCACACTAAAATTAACCGCATTAATGCTGCCGTCACAAGGTGCAACCAGGGCATTTTCCATCTTCATCGCCTCGAGAATCATAATGGTATCACCCTTTTTCACCGCATCTCCAACCTTCTTCTCAAAGCGTACGACCATCCCGGGCATCGGCGCAGTAAGCAGTGTGCCGTTGACCTCCTGGACCGACTCACCGTTTTTAGGTGCTGCCGCTGCAGTCGGTTTCGGAGCAGCCGCTGCCGGCGCTGGTGCTGCGGCACGTACAGGAGCAGGACCGGATGCAGAAATTACCGGCGCGCCACCAACAGGATCAACATCCACCGTAAAGTACTCGTTGTCGATAAAGACATTGAAAGTCCTGGCAGCCTCTGATTTCTCCGGAGCATTTTCCGGTTTTTCAATTACTTTGCCTGCCTTGGCTTTCTTCACCAGCTCATCGCGCTCTTTCACTTGCTCCATGGTAATCGGCTTGACGCTGTCCGGCACCTCGGCCTTGCCATACTTCCATTCCAGAAACTTCTTTCCGGTAACGGGGAAGATTGCATAGAGAATCTGATCGTCGATATCCTTTGCCAAAGATCCAATTTCTGCTTTCGCCTTCTCAAGCTCTGGCTCAAGCACCTCTGCCGGACGGCTGGTGATTGGCTCCTCACCACGCGGATACCCCTTAAGCGCCTTCTTCTGTAACTCAGGATCAATTGGAACTGCGGTTTTTCCGTACAAACCGTAGCAAAGATCTTTTACCTGACCGGTGATCATCTTATACCGTTCTTCCGGGGTATCGTGCAGTACGTTATTTACAGTCTGCACACCAACGATCTGACTGGTCGGGGTAACCAGCGGAATCTGTCCAAGCTCTTTACGTACTCTCGGCAGCTCTTTGTACACCTCGTCGATCTTATCGAGCGCATCCATCTCCCGCAGCTGGTTCACCAGGTTAGAGAGCATACCTCCCGGAGTCTGATGCAGGAGAACGTTGATATCGATAATGGACATTTTTGAATCGTCCAGCAGATGCTTGTACTTGGGCATTACCTCTTTTTCGAGGATTTCATTAATTACAGCCAGTTTCTTGATATCAAAGCCGGTGTCACGGTTAGTACCCAGAAGTGTCATAACCAGTGGTTCCAACGCTGCGTGGGATGTACGGTAGGCATACGGGGTCATAACAGTATCGATAATATCAACACCCGCCTCAATTGCCTTGAGGTGCGTCATCGGCGACATACCGGAGGTAAAGTGGCTGTGCAGGTGAATCGGCGCCGTGACGTGTTTCTTCAGTTCCTTGATCAGGGCATAGGCATCATACGGGGACATCAGCCCTGCCATATCTTTCAGGCAGATAGAATCGGCACCCATCTCTTCCAGGTCGCGGGCCTTCTTCACATAATATTCGATATTGTACACTTCACCACCCAGACGGGGTGCGGTAAGAGTGTAGCAGATACAACCCTGGAAGTGCTTACCGCACTTTTTGATCTGCTTAACTACAGTCTCAAAGTTACGGTAGTCATTCAAGGCGTCGAAGGTACGGAACACGTCCATGCCGTTTTCCGCAGCCCTGTCGACAAAAGCATAGGCAAGGTCATCAGCATAATTCCGGTACCCCACCAGATTTTGCGCCCTAAGCAGCATGGAGAACGGGGTCTTCTTAATATACTTCTTCAAAGTACGCAGACGCTGCCATGGATCTTCATTCAGGAAACGATGCATGGTATCGAAAGTCGCCCCGCCCCAGGTCTCGATGGCCCAGAAGCCTACCTCGTCCATGAGTTCTGCGACCGGGATCATATCTTCAGTACGCCCTCTGGTTGCAAACAGGGACTGATGTCCGTCACGCAGGGAAAGATCCATGATTTTCACAGGATTCTTTGCCGCCGGACGGTCAGCATCGTAATTCATTGCGGTCATTCTTACCTTGTCGCTCATTGTGCTGTCTCCTCTACTCATCTCAGTAGCCCTACCGAACTACCGTGAAATTCTGCAACCCCGCGCTGCCCTTTCCCTGCTTCTTCGATTCACTCTACTTTTTAAGCAGGTCACCATCAGCCGAGGCCGGCAATTTTATCGAAAACGATCAAAAACCCGTAACTGGACCAGGCGGCGCATAGCCATCATTTCCTGCCTGCCGCTGAAACTCCATTGACTGATCCCGACCTCAGAGGACACGGATGGCACTGCCGAGGCCTGCTGCACAGCTGCCTCTTCCTCCTGCATGTAGGCGCTCACAGCAGCCAAAGCCGCTGCCATCTTTTTCTTCTTATCTGCCATCTGTTCACCCTTTTATTTCGTTCATCAAACAAACTC
CP050699.1_gap100	4349790	4350569	779	GCCATGGTCAAGGCAGCCGATGTACAACTGGTCGGCTATGAGAATGTTGCATCCGGTTACATCTCGGTTCTGGTTGAAGGTGATGTGGCAGCATGTCAAGCCGCAGTTGAGGCCGGGGTGAAAGCCGTTGAGGAGATGGGGACAGAAGTATACAGCTCCCTGGTCATCCCGACCCCGCATCCCGATTTGAAAAAGATCACCAATATCTACGATATCGAATCACTTTTACCGTAAACAGCTGCCACGTGACAGGTTGAAAGGGTGCAACACCATTGGTGCATTGGCTCTGAAAATAACAGGACAGATAAACGGGTGTCGTATGATTATTGACAATGATCTTCTCTCTATCCAGCATGCCAGGATCATCGCTGAAAATGGTTCTGAAGCTTATAAAAAACTGGCTTCTTTTTCCCAGGAAAAGCTGGATGATATAGTCGATCATGTTGCTGAGGCTGTGGCTCAGCATATTCCTGAACTCGCTGTTTTAGCCTGCGAAGAAACCGACAGCGGCAATTGGCAGGATAAGGCGGCAAAAAACCGGTTCGTCTGTGAACTGCTGCCCGCTCAGCTGAAAAAAATGCGGTGTGTGGGAATCATAGACGAGGATGCGGAGACCTGCACCATGGATGTCGGTGTACCGCTGGGGGTGATAGTGGCCCTTTGCCCTGTGACAAGTCCAGTTTCAACGACTATATCCAAGACCTTGCTCGCCATAAAATCTGGTAATGCTGTTCTCTTTTCCCCCCATCCTGGAGCCGCAAACTCAATGGGCAGGGTAT
CP050699.1_gap101	4366898	4371676	4778	GTTGCACCAAACTCACCTAGACTCCTGGCAAACATTAACGTGGTGCCGGCAAGAATTGCCCGGCCACAAAGGGGGATAGTGATAGTGAACAAGGTATCCCACCATTTGGCCCCAAGCGTTCTCGATGCCTGGATATATTGCTTATCGATAGCCTCAAGGCCTATTCGTATCGAGCGTACCAGTAGGGGAAAACCCACTACCGACGAAGCAATTACCGCGGCCTTCAAGGTGAAGATGATACGAATATCGAAATGGGCCAAAAATTGACCGATCCAACTATTCTTGCCAAAGAGCAGCAGCAGGAGATAGCCTGTCACCACCGGAGGCAACACCAGGGGCAGGTTTATTATCCCTTCCAGAATCGTTTTACCCCTGATATTGGTCATCGCCAGCAGATAGGCGACTGCGAAGCCAACGGGAAGCGTGATAACTGTAGCGCTCAAGGCCACTTTTAACGACAGCTTTATAGCCTGAAGGTCATCCGGAGTAAGAGCAATCATATTTCCTGGTTTGTTGTTTCTTTATAAACATTGATTTTACCTGCCCGACTCAAATCCATACTTAGTGAGAATTGCAACCGCATCATCCCCTATGATGAATTTGTAGAACTCTTTCGCCAACTCTTTTCCCTCGCCTGCCACTGTCACTCCAACCGGATACGCTACCCGGCTATACAAATCATCTGGAACGTGAAAGGCAATTTTTGCATTTCGGGTCAACAAGGCGTCTGTTTTATACACGAAAGCGCCATCCACCTCACCACGATCAGCATATAAGAGAGCCTGTCGTACATCTTTAGCCAAAATTAATTTTCTGTCATCTCGTAACTGGTTGTATATACCTGCGCTCTGCATTGCTTCCTCGGCATAACGCCCCGCCGGAACACTCTTGGGATCACCAATCGCGATTCTTTCCATGGAGAGTAAATCTTCCATTGATCCATTCTGCAGCTTGGTACCACTGATAAAAACCAGCTTGTTATAAGCAAAAATTTTATCGAAGCCTGGGGCTATAAGCTGATTCTCCACCAGATAGTCCATCCATTTGGGATTTGCTGATATATAGATATCTGCCGGGGCTCCCTGGGATATCTGTTTTGCCAGACTCCCGGAAGACGCGAAATTGGGCATCATTTCAACTTCAGGATGAATTTCGGAGAATGCAGTCATTACCTCTTTGATCGCATCGGTCATGCTTGCAGCTACAGAGAGATAGAGTGTTTTCGCCTGGCAGGTTGTAAAAGAAAGAAAGACAGCCAGAAAAATGAGCAGGGAAATCTTTTTCTTCACACGTAATTCTCCTCACGGTTTAAATTTCAAGACTATTCTTAGACAAGAAAAATCATGTTGTTGCTACAATAACATCAGATGCCTTTATAATTGCCGAACATGTCTTACCGACTGCCAGGCCAAGTCGCGTTACACTTGCTGAGGTGATAATCGAAGTAACAGTGCTGCCCCCCGACAGGTCGATGGTAATTTCCTCATTAATCGCTCCGGCAATAATCGAGGTAATTTTCCCGGTAAGGATATTCCTGGCTGAGATTGACTTCCTATCGATATCACAGCCAAGAAGCACATTAGGAGCCTTAACGATGACCAGAACTTCTCTCAGAGGCCCCAGCCCAAGACGATTCACGGACCTTTCGGTGATAACCGTGCTGACACGATCTCCCCCTTTCAAACGTATATCAACGACACTGTTCACTGCGCCCTGATTAATTTCAATAACCTCACCAAGCCAGACATTTCTGGCACTGAGTGTCATTTCCATCCTGCGCAGGGTTTTCAGGGTAGATAGTGCCTCGTTTGGATTGTCAGAATAAAACTGGGTAAATTGAGAATACTCGTTTTTCAACAGGCGTAGTCGCTTGAGGAGCCCCTTGCCTTCTTCAGTCAAGGAGGAACCTCCGCCCCCACTCCCTCCCGTTTTCTTTATATATAATTGAAACGGCAGGATGTTGTTCATCCGATCAAGCTTTTGCCAGGCGGATTTATACTGTAGACCCACCTGCTGTGCAGCCTTGTTGATAGACCCGGTTTCATCCAACGCCTCAAGTAGCAGGACAGTGGTGTTATTGGCTGTCCAGCCCATTATCTCAAATATGGAATCTTCGGTCTTCATAGTTGCTGGTCTGCTTTTATTCGTATTTTATAACATTATGTTGATTTGACATAACGCTAATCCTATAAGTTCCGAAAATTTGCAACAGTTGTGCCGGTTGCAGGCATGTACTTAAAAAAGACACTACTCTATGTTTATAAAAGCTCACATAGTGTCATGTTTTCAGGTTCTTAAACAAACCATACAGGTCTCAAACTTCAAATGAGCATCCACAACTACAAACGACGTCAACCCTTTCCCAACGAGACAAACCAATCCAACCGGACGACATAATTGTCGATCGTAACCATTTTTGTCTTAAACCAACGTGAAAAGTTATTGGGAGTGGTAGATTCGCGAAGAAATGGTGTGGTGAGAAAAGATACAATGCATCTTCCTGCAGCGTAAGGTGCAGCACAATCGTTCATCAAATAAAACAAAAGCCCCTGAGCAATAAATAGCGCTCAGGGGCTTACGGAATTGTTCTTCTCCAAAATCTGCAAATCAGGGGTTGATGCCCCTGACTATCGTGCTTGCGGAGTGGGAATCACCTCTGCAATGCACTTGGCAACGATTTTACAATATCCCGTTTCTCTTCATATCCTTAATAAAGAGCTTATCAGCCTCGCTGACATATTTTTTGCTCAAAACCGGATCAGTCAATCTTGACTCCGCTGACCATACTTTCTTCTTTGTGTTCACATCATAAAGACTGGCTTCAATGGTATATTGCACACGTGAATAATTGGCGTATGTTGCCCGGGGCGCGAATAGAGGCTGAAAACTTCCATTATCCATGAAGTCATAAGAGTTCCCCACTGCAATCTGAGAGCCGCTTTCTTCAGCCACTTCAACTGTTCTCAAGACAAGCACTGTTTTTGAATCAGTAAGCCTGACCGCATCGTAAACTGCGTCGTAATCCACTTTACCTCGCACTCCATCAATGCTGTAACTGGCAATAGCTGTAACATCTTCCTTAAAAAGATCTTCAACCACAGTCTCTTCCATAAGCTTTCGTATCGATTCATGGTGAGCAACACCAACTACCAGCACTTCCCGTGCCTGGTAATCACCTTCTGCAGACCATGATGATATAAGCCGCTTTGAAGTGCAGGACGCGGACAATAAAACAGTGAGAAGCAACAGAGTAATAGTACTGATTGGTATTGTTGTAATGCGCCGAAATACAGAAATCATGTCATATCCTTCTTCAAATTTTGTAACCCCTGAAAAACATCCGATCTATTCAAATGCCATGCTTAGATAACCTATTGCATACAAGAGCAAACCTAACGTCTCACTTGTCTTTTTGCAATTCCATTTTTGTTGCTCTTTCAATGGATTAGGCATGTTCCTGCCGGGAATTCCCCTCGCCTACGCGGCAGCTATCGCTGGAGACATTTGATACATTACCCTTTCTTGTTCTATACTAAACTTCAGATCACTATGTTTCATATAGGAGACTTATGAGAGCGCACGAATATCCGGTCGTAAATAACCGACTCCTCTTTCGCTGTCCGAATTGTGACGCCAGACGTTCTTTCGGTGTCCAGTCGCATGTTCGCCGACGATCTATTCGCTGTCATAAATGTGGTTCTGTTGCCCAGTGCAGCCTCAACAGGCGAAAAGGCCGTCGCGACTCCCAAGCGGGAAAATGCATCATGATCTCACCGAACGGGCAGGAATTCGACGTGGTCCTGCACGACATTTCTCCACATGGACTCGGGTTCGATATCCCGTTGAACGCTGCAAAATCAGTTTCTATCCTTCAACAGCTCAAGTTCAAGTGTTCCTGGAATCCGAGACTACTCAGCAAAAATCGTTACATAATCCGCAGTATCAATGGCCGCAGAATCGGAGCTGAGAAAATCACATAATTGATGTATTTCGTCACGCTAGCCAGGCAACATCAAACAAATGTATTATTATTACAGGAGAACCAGCACCCTGCTGAGAGGTTTTCCGACATGACAATATCAAACTCATTTCATGATATGGCTCCTGAAAAAACGACCTTCGCAGGGGCGCTCGCGATCATAGTTTCTCTATTTATCCTTTTCAGTAACTCACATCCATGCCTGGCGAACGACAAGGCCAGCCTCCCTCGCCAGGCCATCATACTCACTATTCAAGGTGCCATTGGCCCGGCCAGCAGTCAGTATGTACTCGACAACCTGGAATATGCTCAAACCAGCAACACCGAGCTTGTTGTACTGCAGATAGATACTCCCGGCGGCCTCGACCTGGCCATGCGGGACATGATCCAGGCAATCCTCAACTCTCATGTCCCGGTGGCAAGTTACGTATTTCCGGAAGGTGCGAGGGCTGCCAGTGCCGGCACGTACATTCTCTATGCCAGTCATATTGCAGCAATGGCCCCGGCCACCAACCTCGGGGCAGCAACGCCAATACAACTCGGCAAACCACCAACAGGACAGGATGACCAGGGCGAAGACAAGAAGAATGACCAAAAGGATTCCCAGCCCGGAACCGCCCTTGAACGCAAAATGGTCAATGATGCCGCGGCATATATTCGATCGTTGGCGAAAAGACACGGTAGAAACAGTGAGTGGGCTGAAAAAGCTGTGCGAGAGGCAGTGAGTCTCAGCGCAGATGAAGCGCTTGAACTGCAAGTGGTGGATATAGTGGCAACCGACCTGCAAGATCTGCTGAAA
CP050699.1_gap102	4375821	4380199	4378	ATAGTTCTCACAGATAACCTCGGTCATATCCATTATTTCACTGCCAACCTGCATTTTGTGCGGTTTATCACGACTGGTGCCGAGAATCGTACCACCCTGGGTGAGGATTGACGCGAGGACATCCCAGTCCAGACGCATGGTTCTGTTTTCCATTAAGCCGCGAAAACCGTCACGAAACCCTACAATGCGAATTTTTCCGGTTCGTAATGCTGATTTGCCAATGGCTCGAATAGCCGCGTTCAGGCCAGGACTGTCTCCACCTGCGGTCAAGATGCCAATGTGCTTACTCATTCCGCCTCTCAGGTTAATTTCTAATTATTTTATTTAATTATGGTAACGACACGTTAACATAAACTGAGCTTTGCCAGATCTAATTGCTCATTATAGACATATTGAGAGAAGATCAACAAGTCGCAAACATCAGGCTTACACAACTCTAACAATTCCTTCTGTTATCACAAGTAAGCCTGGCTCCTGTTTCCTACTTAACTCCCCCGGTGTTTCCACAACCACAGCCGCAACTCTGATGGGAAGTGGCATTGTCGTCCTTTCCCTCATTGCCGCCTGCTGCCGGGAATTGTGCAACAAAATGCGTACCTGACTCTTTTTTTGAAAAAACTTTCCTGCCCCATGTATAAAGAGGCTTTATGGAAATCGCCAGCAGGATAAAAACCGCAGCAAGTTTAATCGGCACAGGGATAATCTCCGCCGCTTCACCTATCACCGCCTGGGGAGATATCCCCGCCCTGAGATATATCTGATCCACGATGAGTCCGAAAACAACCGCTGAACCTGCCAGAACCCCAAGATATCTTAAGGTACTTTTTTTACCCAATATCTTAAACAATACCGACATTGAAGTGACGTTAGTTGCCGGCCCTACAAGTAAAAAGACCAGTGCCGCTCCGGGACTCACTCCCTTCAGGATCAAGGCTGCCGCCACCGGGGTAGATGCTGTTGCACAGATATACAAGGGAATGCCGATCACCAACATAATCAGCATGGAGCCAAGCCCGCCACCGAGGAAGTTTACCATGAGCGCGTCCGGTATCATTACCGTAATAACCGCCGCTATAGCCAAACCGACATAGAACCAAAGCGCGATGTCTCCCCATACATCGGTCACCGCATATCGAATTCCTGCACTGAGCTTATTGAGAAACGGTACCCGGTCAGCTGCTGCAACGTGTTCCTTATGCTCCGCTGCCACAGTTGCTCCGGCTGCTTTGGCCATCGGAGGAGCCACAGGTTTGGGAGATGGTTGCTGATTGTCCCAGTTGAGAAAATTCTCAAGGAAACCTGCCACTATTGCGCTAACACTTGCAGCAATCGGCCTCACCACTGTCATAATCGGATCAAGTAGCGCATAGGTCACGGCGATGGAATCAACACCTGATTCCGGTGTTGAGATAAGGAAGGCTGTCGTCGCACCCTTGTTCGCTCCCTGCTTCTGTAACGATGCTGCCGCCGGCAGCACACCACACGATCAGAGCGGCAGGGGAACACCAAAGAGCGCAGCCTTGACAACTGACCCATAGCGACCTCTGCCGAGGTGATGGGCGATCATCTCCGGATTGAGAAAAACCTTTAGAACTCCTGCGATAAGAATACCGAACAGGATGTAAACCGATGAATCAAGCAGGATATGCCAAACTTCCATGGCGATATCCAACGGCAACGACACTATTTTTTCTGATATAGACATAATTTCTTGTTGGTAAAAGCTTCTATCTTTAGACGATTCGAACCAGTCTCAGTCAATGGCAGGAAATCAGTCTACTTCTCTCTCAAATGCTCTAAAGCGTATTCGATCAGCATCATGATATGACCGTCAATCAGGCTGTAGTACAGGGTTGTGCCCTCCCTTCTGTTGGCGACCAGTTTCATGGTACGCAGCAGACGCAGTTGATGGCTTACCGCCGACTCGGAAATTTCAAGCAGAGCCGCCAGGTCGCAGACGCACATTTCCTGGCCGGATAGCGCATATAAAATCCGCAGCCTGCTCGGATCGGCAAAAGCTTTGAAGAGTTGGCTGAGTCCTTCAATTTCGATCGATGCCAGGGCTGCATCACGAGCTGCTTTCACTTTATCCTGGTGTATCACCCTGGCCCCGCAAAGATCCTCCACCATACTATCCCCTCATTGTCATTTGTTTTTTAACTTCTTCCGGCCTGAATCACTCAACTCGGCCATGAGTCTATATGAGTATCTGCTCATATATTACCGACCAGTAGAAGAATGTCAACAAAGCATGTGCAATTTCAAATCAGATTGAGCATAATGCAGCCCAAAGAGCTTTCCGATTTCATTACATGTCCTATTCTTATCCCATGAATACTATAAAGAGCACAGCCCCCGGCACCCTGTATATCGTAGCTACTCCAATAGGTAATCTTGACGACATCACCTTGCGGGCACTCAAAATTTTGCAAGAGGTTGACCGTATTGCAGCCGAAGACACCCGGCACACCAAAAAGTTATTGAACCACTTTGCTATCAACACTCCTCTGATCAGCTATTATCGCGAGAAAGAGCAGCAAAGAGGCGCTCAGATCATCGAATTTCTGAAAGCCGGAGAGAATATCGCCCTGGTGAGCGATGCCGGCACGCCCGCAATTTCCGATCCTGGTGCGGTCCTTGTAGGTCTAGCCCACGATGAACGTATCCGGGTCTGTCCGATTCCTGGTGCCTCTGCCTTGACTGCAGCGGTCTCCTGCTCGGGCTTTGCTGAAGGCTCTTTTCTCTTTCTAGGCTTTGCCCCCTCCAAAAAAGGGCAGAGAAAAAAGCTCTTCGCCTCGCTCGTACACCAGGAACATCCTGTTGTCTTTTATGAAGCTCCCCGCCGTGTACAATCATTTCTGGAAGACGCTGTCGAGACCCTGGGCAACCGGACTGCACTATGGGCTCGTGAAATCACCAAGACCTTTGAAGAATTTCACCGTAACACCCTGACCGAGTTGCTGGAACTGTGTAAAAGCAGTGAGCCACGCGGCGAATTCGTAATAATTATCGGCCCCGGGAGAAAAGAGAAGGCTGAAGGGGAAAACCTTGAAGAGCTACTCGTCTGGTATCGCGACCACTCCGAACTTTCCTTAAAAGATGCCAGCCGCAAACTCGCCAAGGATCTTGGACTCTCCCGCTCCCAAATTTACCAGCAGGCACTGGAAATCTGGAACCAGAAGGATTGACATTACGTATCTCAACCACCTGATTACCATCATGAACAGAATACGAAGCTGTGTTACTCCGGAAGGAAAGTTCATCTACGGCATTCATAAACCTGAATATTCAGTTACCAATCTCAGGCAGGAAACATGCCCGCAGTCGCTTGGCTCTCTTGATGGAGTCAAGCAGATTTTCAACGAGCGCAACCTGCCTGAAAATGATGTCACTGTAAATAAGGCGGACTGGATTTTCGAAATTCCCAACCCCCTTCCTTTCAAGGGCGCGACCTTCATCGACAAAGAGTGGGCAGATGCCAGCGCCAATAACTACCAGCGTATTCGTATCGCCACTGCTCCCCAGGTTTCGCTGTCACAGGTTCTCGATGCAAACGGCTACGGGGCCGAACTTTTCGATACACTCCCTGAGCCGATGCTGCTCTCGCTCGCCACCTGCTCTACTGACCCTGCCGATCTTGTGCGACTCGCAGAACTGAGTTGTAACTTTGAATTAGATGAGCAGGGACAACCCAACGGACTTTGCTACCGCACCATGGACGATGGGTCCATCCGCCCGGATATTTCAAAACACGTGCTGTTCGAAGCGGTCGCCAACAATCCACACCTGCCGGACAACTATAAGGTAGTGATGGTCATCAGGCCCGGAGCGCAGGGTAGCAGCGAAATTGTCGGTGAAGTGCCGGCAGATGGCACCACCCATATTTATGAGTATCTGCGACGTAATTCCTACATTGGCGGTGGCCACTACGCTGCCAATATGGCTGAAGATGCGATACGATATTCGATAGCCGAACTCTCTGAGGACGATGTGCATGGCCTTCGCCATCTCTATTATCAGCGAACATATGTACGGCTGGCAGAAGAGCTGAATATCCCCTTGGCACGTGAAAAGAGAAAACTCAACGACCTTGAGCTCGAGGAGTTACGGCTGGCAATCTCGAAATCTGTCAAAAATACACCCCTGGATGTCAATGCCACCCTCTGGGGCTGGAATTTCGGCTTTGATTATGCTCCTTCCAGGTACCGACTGCACGCCTCACATCAACAGGTACACCAACAATATGCGATGCTCCCGGCCCGCGTGGAAGGCTACAGCGGGAACCTCCAATACCCTGAATTTACCATGCCAGCCTACGGTTGCGGCGACCTGGTTGCCGAGGTTATGCAACGTTATCGTGCTGTCTATGATCGGGATT
CP050699.1_gap103	4515915	4518548	2633	TTGTTGGCGGCTAGCAAGCGGGCACTGGTCTCAGGAAAACCTCCACCTATATAGAGACCATCCAGCTCGGGCAGCGCTTCATCTTCCAGGGCATTAATAGGTACCAGCTCTGCGCCACCCTGCTCCAGAGCCTCGAGATTTTCTGAATAATAAAACTGAAATGCCGCATCCTGCAGAATACCAATACGCACATCTCTGGCGACCGGCCCGGCAGCAACTTCAACCGGCAGGTATTTCTGTGCGAGATCAGCGTCCAAAGGTTTCATGATCTCTTCAACCCGTGCCAGGTCAATATTTTCTGAGACCGTTTCAATGAGAAAAGAGAGCGCGTCGGTTGAATCTGTGTACTCCTGATGGGGTATCATGCCAAGATGACGCATCGGAAAAATATCACGCTTCATACGGGGAATCACCCCTAGAACCGGTACTCCGGTATAGCGCTCAACCGCCTCCGTCACCAGACGTTTCTGGCGCTCGGTGGCAATATGGTTCAGCACCACACCCTGAATGTTTATGCGTTTGTCCAGCTCCATACAGCCCAGTACCATTGCTGCTACCGTCCTGGTGGTTTTGGTGCAGTTCACCACCAGAATAACGGGCAGATCAAGTGAAATGGCAAGCTCTGCCGTGGAAAACCCGCCCTCGGCATTGACGCCGTCATAGAGCCCCCGGTTGCCCTCGAGCAGGGCGATATCTGCTCCTGCTGCATGGGTGTAAAACGATTGTTTCAACTTCTGCTCATCGACCAGATACGGATCGAGGTTGTAACATTTACCGCCTGAGGCCAACTGCAGCCAACCAGCGTCGATATAATCCGGCCCTTTTTTAAATGGCACAACCTGTTGGCCCCGGGCGGCAAAGGCTGCGGTGAGACCAACCGATACCACACTCTTGCCCGAACCTCCGGCAAGCCCTGCAACCACTATCCCTATAGTCTGCATAATTTCCGTTTTACTCTTTTCTTTTTTTGAAGCCTGTTAAAGTTTAAACCGTAAAATTCTATGATATGCTCAGCAAAGCCTGATGGAGAATTGTTTTTCTGCCACAAGTCAGGTACGCGAGCAATATTTTTTATCTCGATAGCGCCGGGTTAGCCCCAAAGCCTTTCTGCTCTGCTCCGGCCCTCAGTGAACCTTCTTACCGTGTAGAGCCCACATCTCTTCATAGAGTGCATTGAGCCTCTGCTCCAGCTCCAGCCGGTAGGTCTCCACCGCGTCTCCTTTCACCCCCGGCGGTACCCCAAACGGCTCACCGTAAACAAGATCTACTGTCGAAAATGGTTTGGGAAAGGCGGTCCGATCCCAGGAGCGAATGGTACCATAACGGGAAGCTGCCCAGGCCATGGGTACAATAGGGGTTCCACTCATCGAAGCGATCAGGATCGCTCCGGGCTGAGCCACCCGCTCCGGGCCTTGTGAGCCATCCGTGACCAGCGCGGTATTCTCCCCGTTCCTCGCCGCTTTGACCAGATCTTTTAAAGCCTGCACACCCTTCTTATTGCGAGAGCCACGCACGGTTTTAAAACCGAAATGTTCCAGCATCCTGGAAATATATTCACCATCGGCACTGGAACTCACCATAATCACAGCATTATCTTTGCGGCAATGATAAAACATCCCCAGCAGGGAGTAGTGCCAGAAAGAGCCGATAACCGCTTTGCCGCTGCCTATCGTATTGTTGCGATTTTCAGCTCCATGAACCCGTATTTTACAGGTGGCATAGACAAGCCGCACTGCCACGCCGATAAGCACAGGTAGCACATATATCGCCAGTTTTTTCAAATACTTTTTCATCCCAACTCAATTTCCAGTTTGCGCAGAGTTTTTATTTTGTCGCGCAGTGCCGCAGCCTCTTCAAAGGCCAGCTCCTTGGCGGCTTGTTGCATCTCTTTTTCAAGCTTTTTGATTTCTCTCTCAAGCTCACCCACCGAGCTGAAATTCGGCAACTCTTCGGCAGCCTCCAGCAGGGCCTGCTGGCGCTCGTCCATCTTGTATCCGGAATTATGCAGATGCTGTTGCATGGTATCCTTGACCTTTGAAAAAATGGTCTGGGGTACCACACCATGTTCTATATTATGCTCATGCTGCAGGGCTCGGCGACGCTCCGTCTCAGCAATGGTATACTCCATGGAACCGGTAATTTCATCTGCATACATTATTACCCTGCCGTTTACGTTTCGCGCAGCGCGGCCGCAGGTCTGGATAAGTGACCGTTCCGATCGCAGGAAGCCTTCCTTATCCGCATCGAGTATAGCCACCAGCGATACTTCCGGAATGTCGAGTCCCTCGCGCAGCAGGTTGATACCAACCAGAACGTTGAACTCATCATTTCGCAGATCCCGGATCAGTTCGATCCTCTCCAGGGTCTTGATGTCAGAGTGCAGATAACGAACCCGGATACCCAACTTGTGATAATAGTCGGTGAGGTCTTCCGCCATACGCTTGGTCAGGGTAGTGACCAGCACCGCCTCATCACGCTCTGAACGGACACGGATCTCCTCCAGCAGGTCATCCACCTGGCTGGTCGCCGGGCGCACCTCAATCACAGGATCAAGCAAACCGGTGGGCCTGATCACCTGCTCGACAATGCGCCCCTCGGATTTATCGACTTCCCAGTCACCTGGGGTGGCCGAA
CP050699.1_gap104	4521259	4523589	2330	ATCGCACCTGCAAATCACTTCCAGCGCCATTTATCGTCCCAAGCATCTCAGGCGCGGCATACTTTTTCACAAATCCACCGATATCATTACCAAAGTCTACCCCAAACCACTTGAATATTTTTGACACATAGAGGGTGTTGCCGGCAACATAATTTGCTTTGGGGTCATTGAGAAACGATACCGTATTTCTTTGCAACTGTTTTTCCACCTCAGCTCCGGTATACGCCTCAGAGATGAGTGGTGGACAGCTTTTGGCCGCGCAGTTTATGGCGAAATGGATTCTTGGCTCGTTAAAGCGTGGCCGCAGTATTTCATGCTCAACATCATCGAGGCTCATTTTCAGTCCTCCGATATGAACAAAAGAAATTGACCAGGGTGAAGAGAAAAGACCGCCGATATCTTTTATCGAGTCAACAGGTCTTCCAGAGATAAAATTACGCAGGATGAGTTTTACAGTATAGGCATTGTAGGCATTTATATAGTACGCCAACTGATCGTTACGACTCAACACACCGGGATTCGTTGCATCAAGTCGGGACAGATATACATCAAGTTTCTTCTCATCCTCCTTAAATGCCGTATAGTTCACCTCCCCCTGGTGGACATGCTTTTTGAGCAACTGATCCCAATCAGTATGTAGATCCACTGCTTGAACACTGAGAGGTACAAGAAGTAACAGCAACAGGCAAATCGCTTTTGGCATGGCTCCCTCCATTCTTTGCATAGCATGCGCTATGTTGCTCAACCGCTCACAAATATGTGGTCTGTATCAGACCGGTTACTCTTCTTTCTTCGGCTGGCTGGCCCCAATTACCCGGGGCCGGACAAACTGCATGATTTTTTTAACGGTTAGTGGAAACAACCCCAAAATGACGAACGAAGCGATGAGACTGGGGGAAAGAATCCCCGATAACGAGTCAATTTTAGCTAACTCCTTGCCTGCATTGACATAGACAATGGTGCCGGGCAGCATCCCAAGCTGGGAGACCCAGAAAAACGTGATCAACCGCATAGTCGTCAAGCCCATGACGAGGTTGATGACAAAGAACGGGAACACCGGAATCAGACGCATGGTGAAGAGATAAAAGCCACCCTCACGGTCAATGCCTTCGTTGATCGTCTGCAATTTCCCGCCAAACCTCTGCTGCACCCAGTCCCGCAGCAGAGTGCGCGCCACCAGGCAGGCCAGGGCGGCTCCGATGGTAGAGGCAAAAGACACCACAACAGTTCCCAGCACCAGGCCGAAAAAGCCGCCACCGGCAAGCGTCATAACCGCCGCTCCCGGAAGCGACAGAGCAGTAACCAGTATATAGATGGCCATATAGGCTGCGATCACCGCCAACTGGTGCTGTTCATAGAGAAGCTGAAATTTTTCCTGGGAGCTCTTGAGATATTCCAGGCTGAGGTATTGCCCAAGGTCGTAATAAAAGAAGACAGTTACCACACAAATAACTATTGCCCCCAGAATGCTCTTTTTCACTAAATTTTTCTTCATAGGGTGACCCGCATCCTCATCTGCAGTCATACAAATCAACTGCGGTCTTGTTCAGAGTTTCATCCAGACTCGCTCACATTCTCCTCGCACCACAGGCCCAGCCCGCATTTTTTTCAGCTCAGGCAGCCTTCGCTTCAGTTATCACCGGAAGTAAATGATAGTAGCCTATTGTAACAGCAAAAAAATGAAGACGATACGCGGACTGTGCCCCTCCCGCCTCTTACTTCGTGAAGTTTTGTTTTAGAGCCGATCATTCATCTATATCTTCCCAATAAATGCAGTCTTTGGGACAATTCTTGATAGCCTCCCAGACGATTTCGGCAGGATATGTTTCCACATCAACAACTTCCATTCTGCCGGTTATTTCATTATAACGAAAAATCTCCGGGGCAACCTCTATGCAGCCACGACAGTCACTGCAGCGCCCGGTATCAATGACCAATATGCGTTTCATTCCTTACCTGTTTCATGCCATACATAATTTTTTAATTCTCAGCCAACCTATGGGCTTGCCCGATTTTTCAATACAATCAAAGCTCACAATCCCCTTGACACTTCCAATAATTATTACTACTTAATCATCTATGTCAACTCTGGCTCCCTCGCACCATCTCTTCTTGTAATCGCCTCATATCTCAAATAAGATCTAAGGATAATGCAGAGATATGACCGAGCCGCAATTGCATGGCAGCTCTTGCCTGTTTCATATTGCAACCGTCGTAGAAGGTGGAGGTTGGCTTTAACTCTTATATCGTATTTCTGCAAATGGAGTGATAATGAACCCGACAGAATTAGCCAAAGGTATTTACTGGGTAGGTGCGGTAGACTGGGATGT
CP050699.1_gap105	4592324	4597002	4678	AAAGCGGTATAGACCAGCTCGCCGGCATACGGGTGCCGCTGGTGAACCGGCAGACGGCAGATACGTTCATACACCTCGACCAGATGGTTCATGTCAGAGATATCAAGCTCAGGGTTCACGCCCTGGGTAAACATATTGAGAGCGAGGGTAATGAGGTCGACATTACCGGTTCGCTCACCATTGCCGAACAGGGTGCCCTCTACCCTGTCGCCGCCCGCCATAAGGGCAAGCTCGGTTGCAGCAACCGCACAGCCACGATCGTTGTGGGCGTGGAGGCTGATGATGGCTGATTCACGGTTCTTCATATTGGTGCAAAACCACTCGATCTGGTCTGCATAAATATTCGGGGCCGAAAGCTCGACGGTTGCAGGCAGATTGATGATAAGTCTGTTATTCGGGGTCGGCTCCAGCTCAGCCATCACCGCCTCGCAGATCTCAAGGGCAAAATCCATCTCGGTGCCGGTGAAACTCTCAGGCGAATATTCGTAGCGGAACCTTGTCTCCGGGTACTTCTGTTCTTCTTCTTTAAGCAGCTTCACACCCTCGATGGCGATGTCGATGATCTCCTGACGGCCCATATTGAAGACCGTGCGTCGCTGCAGGGTTGAAGTGGAGTTGTAGATATGAACGATAACTTCCTTGGCACCCTTGATCGACTCGAACGTTCTTTTGATGAGATGCTCCCGCGCCTGGGTGAGTACCTGGATCACCACACCATCCGGGATCAGGTCGTCTTCAATCAGCTTGCGGGTGAACTCGAACTCGACCTCGGAAGCGGATGGGAAGCCTACTTCGATCTCTTTAAAACCAATCTCACAAAGCAGCTTGAACATTTCCAGCTTCTTCTGCAGACTCATGGGCTGGATAAGGGCCTGATTGCCGTCGCGAAGATCGACACTGCACCAGGTTGGTGCCTTGGTAATCGCATTGTTCGGCCAGGTGCGCCCAGGCAGATCAATCTTTGGAAATGGGCGATATTTGCTCACTGCTTCGGGGTTCATTGATTTTCTCCTAAAACGACAAGTTGGATGTTGGACGTTGGGTGTTGGACGTAACTGCAACGACAACTGCTCACGCCCCACTGGCTTTTTACAAAAAAAAAAGGCCACGGTTTTGCAACCGCGGCCTTTAAGGGATATATGTGTAGAATCTGCCTACAACTCCCCCACGCTGGCCGCGGTGCTTGCCAGTAGACTAAGTAGTAGGGAAAGAAGCAGGATTCTCATAATCTATTATGCCTTCGAAGAATTCTTTTATTCAAAAAATAGTGATTAGTATGAAATTATATTATAGGATTCAAACTAAACGCTAAATCTTATGGATGTCAAGCGGCTTTTTCAGTTAAGACTCGATTCCCGTCCCAGGGGATGAGGACAATACAGCAGGCTTTTCATGTCTCGACAGTATGTTAAAAGGCATATGCCGGAAAGAGGCTCATCACTGTTTGATGGTCCAACTCATCGTAATTCCTGCAACAGTCTTGATGGTTGACATCTGTCGTATGGGCATATATATTTCGCATTCTCAACCTAATTCCACTGCTTTTTCAGCATCCTCTGCCCATGATATTGCATGAAAAAAGCAGCCAATCAGCCTATTATTAAATAAATAACAATACATTGGGGGACATTCCACCGTCCATCCCAAAGGGTATTATTTATAACAAGCTACTCAAAAAAACCAGATTACAATCTTCGAGAAATATCCAGGCTAACTATCGCCCTAGAAATCTATACAAGAGGAAGAATTTAATGGGAAAAATCACCGGCGCCCAAGCTATTATCAAGTGCCTCCAGGAGGAGGGAGTTAAAACACTATTCGGTTATCCCGGCGGCGCTGTCATCGACCTGTACGATGCGCTGATGGATTCCGACATAGATAACGTACTGGTACGACATGAGCAGGGAGCTGTTCATGCAGCCGACGCCTTCAGCCGGGTAACCGGTGAAGTCGGAGTGGCACTGCTCACTTCCGGCCCCGGTGCGACTAACGGTGTGACTGGTATCGCCACCGCCTATATGGACTCCATCCCCATGGTTGTCCTTACCGGGCAGGTACCCCGCCACCTGATTGGCAACGATGCTTTTCAGGAAGTTGATATCGTCGGAATTACCAGACCTTGCACCAAGCACAACTACCTGGTATCCAACAAAGAAGATATCGTTCCGGTATTGCGTGAAGCGTTTTACATTGCCCGCACCGGTCGGCCCGGCCCGGTATTGGTCGATCTTCCCAAGGATCTTGTGGCCAGCCTGGTTAGCTATCCTGAGAAGAAGCCGATCCGCATGCAGAATTATCAACCCACCTATGAGCCGCATATCGGCCAGATTACCAAAGCCTGCAAGCTGATCATGAAAGCGCGCAAGCCGGTGCTCTATGTGGGTGGCGGAGTGATTCTCTCAGATGCCAGCCATGAGTTGACCAAGCTTGCAACCCGACTGAACATCCCGGTCACCATGACCCTGATGGGCCTGGGAGGTTTCCCCGGCACCCATGAGCTGTCGCTCGGTATGCTTGGCATGCACGGTTCTTACACTGCTAATATGGCGGTTGCCCAGTCTGACCTGCTGATCGCGGTAGGTGCCCGTTTTGACGACCGTGTTACAGGTAAGCTCGAGGAATTTGCATCGAACGCCAAAATCGTTCACATAGATATCGACCCGACTTCGATCAGTAAAAATGTCAGCGTCGATGTTCCCATCGTTGCCGATTGCAAATACGCCCTGCAGGCGATGAACAAGTATTTTGACGCTGAAACCAACTTCGACATCAAGGAAGAAGCTGCCCGGCACCAGCCGTGGTTTGATACCATTAAGGAATGGCGGCAAGAGCATCCGATGCGGTTCCACGACGATGATATCATCATCAAGCCGCAATACGTGATCCAGAAGCTTGAGGAGTTGACCGGCGGCGATGCAATTATCACCACCGAGGTTGGCCAGAACCAGATGTGGGCGGCCCAATATTACCGTTTTGATAAACCCCGCCATTTCGTCACCTCCGGTGGCCTCGGCACCATGGGTTTCGGTTTACCTGCGGCGATTGGTGCGCAGATGGCGTTTCCGAACAAGACGGTTATCGATGTGGCCGGTGACGGCTCTATCCAGATGAACATTCAGGAACTTGCCACAGCCAAGCAGCAGGGGTTGCCGGTAAAGGTGGCCATTCTCAATAACAATTATCTCGGCATGGTTCGTCAATGGCAGGAGCTCTTCTACAATAAGCGCTATGCCTCGACTGTTATGGAGGTCGCACCCGACTTCGTTGAACTCGCCAAGGCGTTTGGCGCAGTCGGCCTGAGGGCTACCAAGAAGAGCGAGGTCGAAGGGGTAATCAAGGAGGCACTGGCCACCGATAATATCGTTGTCATGGACTTCAATATTAATCGGGAGGAGGGAGTTTATCCGATGGTGCCGGCGGGGAAGGCGAATACCGAAATGCTTCTGGTGTAGGGCACTGCCAATATGCACCCATCTTTTGCCGATCACTTCTTGTCCGCATAGATACGACTATAGCGGACAGAAGTGCTTGCTAAAATATCGGCGCATCTTGACAGTACTGGCGGATTGATTGGTAAATGCAAAAACCAGCACAACTTCGTCATACAGATTTTGAGAGATTTGAGAGATAAATTTCGTGTTTAGTTGGCGCGAATGATACAGGATAACTATATGAAAAGTCATACAATATCGGTTCTGCTGCAGAATAAGCCGGGTGTATTGTCGCGGGTGACTGGTCTGTTCAGCGGTCGTGGCTATAATATTGAAAGTCTTTGTGTGGCAGAGACCCTTGAGCCCGGAATTTCTTGCCTTACCCTGGTTTCCAGGGGTGATGATTCCATTATTGAGCAGATCACCAAACAGCTGCATAAGCTTATTGATGTCATCAAGGTGACTGACATCAGTGAAAAAGAATATGTAGAACGTGAGATGGTGCTCATTCGCGTCAAGGCGGAATCAACAACACGTGCTGAAGTTCTGCGTGTTATTGATATTTTTCGCGGCAAGGTGGTGGATGTCAGCGCCAAGAGTTACGCGGTGGAGGTAACAGGCCCTGCTTCAAAAATACAGGCTGTTATCGATATATTGCGCCCAATCGGTATCAAAGAAATTATTCGTACCGGTACCATTGCCATGGCCAGGGCAGACAAAAAGAAATAAGTAATTTTGTTCTTTCTTGCTATTTGCCAAAACTACCGCTTAGTAAGCCTGACGCAGTGTGTTATATATCGTGATTCGCAATGAGTCTCACTTTGGGATTGTCAGGAGTGAGTAACGAGGAGTGAGACGTTTACATTCATCTGGAAGTAAACGTCTCGCAAATGCGATGTGTTAGCGATAGTCTTCATAGAACACATTATTCAGGCATTTCCCCTCTCGCTTCACTCCTCACGCAACCAGCTGAGTTTACAAGTAATCAGACTTTACACATATTCGAGGAATATCCATGTTAAAACCTAAAGTCCCCGTTGCCCTTGAGGGTTATCCCTTTATCGGCTTTATGGCTTTTGTCACCATTGTGCTTGCTTTGCTCGGGTACACCCTGCTGGCGTTGGTCGGCCTGCTGCTCACAGCTTTTGTGCTCAGCTTTTTTAGAGATCCGGAACGGTTCGTGCCCGAAGATGAGGATGCACTTATCTCACCTGCAGACGGGAAGATTATCGTTGCCAGAAAGGTTC
CP050699.1_gap106	4598863	4602304	3441	ACCTACCACCTCACACGCCTTTCCCTGCAGTTGCAGTTCCGTCCAACGTCCAACGTCCCACGTCCAACCTGCCGTTATGTCCAACATCCAACGCCTTCCCTGCAGTTCGCAGTTCTGCAGTTCCACCAATAATCCGATTACTTTGCCTTTTACCAATCCATCCTTTATACTCTCGGTAATTTCAACTGGTCGGGCACCGACCGTAATATTACTCACCGCTAAATACCTAAGAGATGAAATATGAGCCAACCTGAGCAGGAGATGAGTTCCAAGTTTTATCCGCTGCCGTGTATGTTCACCATAGCCAGCCTGTTCTGTGGTTTTTATTCCATCCTCAGCGCCGTAAAAGGCGAATACACCGTGGCTGCCGTAGCCATCATCGTTGCTGCGGTCTTCGACGGGATCGATGGCCGTGTAGCCAGGATGACAGGAACAACCAGTACCTTCGGCAAGGAACTGGACTCACTCTGTGATGCTGTCTCTTTTGGTGTTGCCCCCGGCCTGCTTGCCTACTTCTGGGCGCTTCAGCCATATGGCAGGTACGGTTGGCTGGCCGCTTTTTTATACGTTGCCACCACCACTCTTCGCCTCGCCAGGTTTAACTCCCAACCCGGCACATCGAAGAACTTTATCGGCCTGCCCTGTCCTGCCGCTGCCGGTGCAATCTCTTCTTCTGTACTTTTCTGCAATTTCCTCGGTATTCCCGGAGCAGTAACCCATATTTCCCTGCTCATTTTAGTGTACTCTCTCTCGTACCTGATGGTCTCAAACCACATGTATCTGAGCTTCAAGCAACCACCCCAGATGAGCAAGAGGCGAAATTTTCAGTTGCTGGTATTTTGTCTTCTTGTCTTTATTCTTATTGCTGCCGAACCTCAGGTTATGCTATTTGTGCTCGCGGCGCTTTATATACCCTCCGGTCCGATTTATGGTATATATCGTCAGTCCAAACGGTTGGCGGTGCAGGGTACCGACGGGAAAGCGGACCATAAGCAAGCCCCGTAAAATCGAAAAATACCAAGAAGGGAGTCAGGGGAAAGAAGTATAACCGCGAGTCCATCAACATACCTTGAGTCTGATGTTCTTTAGCCCGTGTTCCTTACTCACATCGCCATTTTAACTTAGAAAAGAATCTTCTTTTCATTAAGCTGAAACACCAGGCTTTTACTCTTATATATACCTGACAGAAGACATTGAGAATTATCAGCGGATGGGCCAAAGGGCGCAAACTTGTCGCCCCGCCCGGCCAGACACAAAATATCAGGCCGACTTCAGATCGGGCCAGAGAATCTCTTTTTAATATCCTGAGAGGTAAAGTTGACACCTTCGATGGACTTCGGGTACTCGACCTTTTTGCAGGTACAGGCGCACTCGGCCTCGAAGCTCTCAGCAGGGGAGCGACTGAAGTTATTCTTGTCGAACAGAACAAGCAGGCCCTTGATATAATCCATCGCAATATAGCTGCCTGCAGACCGGAACAGCACGACTGCAAAGTAGCTGCTATCCGCTATGATCTTCGCAAAGGGATTCCGCCGCAGGTCACAGAGTTCGGCAAAAGCCAGCCATTCAACCTTATTTTCCTTGACCCACCCTATTCCAAAGGGTTATCACTTAAAGTTCTGGAATATCTGGGTAATGGTGAGATTCTATCCGGGTCATGCCTGGTAGTTGCCGAAGAGCGTTCTTCTGAATCATTGCCCGAATGTTGTGGTGTACTGAACCTGACTGATCAAAGAATCTATGGTGAAACTGGATTCTGGCTCTACTCTCCGCGTCACCTAACCGAAACTGAGGTTCGTTCATGAGCACTCCTGTACCTACACGCCCCACAATTGCCATTTATCCCGGCACATTCGACCCCATTACTTTTGGCCATATCGATATCATTAAAAGAGGGCTCAACCTCTTTGACAAGGTCATAGTCACCATCGCACTCAACCCTTCCAAGAGCCCCTTATTTACCCTCGAAGAACGGATGGAGATGATACGTGAATCATTTTCCGATGAAGGCGATCGTATCGAGGTTGACTCTGCTTCAGGACTTCTTGTTGAATACGCTGCAAACCGCAAAGCCACTGCTATCATTCGCGGTCTCCGTGCTGTTTCCGATTTTGACTACGAGTTCCAGCTCGCACTGATGAACAGGAAGCTCGAGCGCGAAGTCGACTCCATCTTCCTGATGCCTGGATTGCGCTGGATTTTTATCAGTTCCTCAATTATTCGAGATGCAGCCCGCCACGGCGGCAATGTGGATAGCATGGTGCCACCTCATGTTTCCCGGATGTTGAAGGAAAAATTTGCTTAATCACAGATTAACCCGGATAGAGTAATTAGCTGAATAGCAGTATGGTCGATCAGTCAGGTTCAAAAACAGAATTGCGAAAAAAGAAATTGCAGACACGCAGGACAGTTCTTGCTACAGGACTGCTTGCCCTGCTCTACCCATTGCTGAAATTTATCGGATATGAAGTCCCCAGGCGACCGAAGCTGGTGGAAATCCACAGCAGTAAACCAACCAACGGCGTGCTGAGTCATAACGATTTCATCCTTTTTGACCAGAAAGATGGTTGCTGGGCGGTATCACGAAAATGCACTCATCTCGGGTGTAAGATTAATTATCACGAAAAAGACGGCGTACTTGAGTGCCCCTGCCACCAGTCACGTTTTTCACCAGGTGGTACTGTTCTTCACGGCCCGGCCAAGGAGCACTTAACCGTCTATTCCGTGGAAAAACGTGATACCGCACCCTATTACGTGGTGACCACCTGATGGACTCCTCCATGCCTCCTCAAACGGCTGCGGCGCAAATGATGTGGTTAAATTTCAAGTCCCTCAAATGGGGGGCCTGGTGCCTTGTCAGCCTCTATTTGTCTCTTCTCTCAGGAGTTGTAGTCGGTCTGCAATATGATGTGGCCGATCCCTATTATTCTGTAAGCTCTATAGACCTGCTCATACCCTTTGGTGAGTTTTTTCGTTCACTCCATTTTTATTCAAGCCAGGCATTCTTCCTACTTGGCTGCGTTCACCTTATTGCCGTTTATGGAGAGGCACAAAAATATTCATTCCGCGACTGGGTCCTGCTCATTTTCTCGATGACTGTCGGCCTCTTCCTGCTGTTTACCGGCTACGTGCTACGCGCTGACAGTACCGGTTTCTCAGCGGGCATGATCGCCGAGGCAATCCTGAAAACCATCCCTTTCATGGGTGATACCCTGAACTCCCTGCTCTTCGATATTTCGAATCGGGGAATGCAGAGAGTCTACGTTCACCATATGATAAGCCTTGATATACTCTGGCTGATACTTGCCTGGGACCATCTGCGGCGCTACAGGGTACAAGTGGCAGATCATACAGTGGCTATCTGCCTTATCGCAGTATTCTGCTTTTTCACGGCCGCACCCATAGAACCTGAAAAGCTTGGCGTAACCTACATCTCCGGTC
CP050699.1_gap107	4643969	4645423	1454	AAGTGAGGCAGACCGGCAAACTTTTATCCTTTTTCTCGGGGACATCCCTGGGTGACGAAGGCGAAAAGATTGCCTGCCAGCACCTGAAAAAGAGTGGCTACTCAATTATTCTTCGTAATTTTCGCTGCCGATCCGGAGAGGTGGATATAATCGCCCGCCACAAGGGAGTACTGGTTTTTATAGAGGTAAAAACCCGTAGATCCGAATCATTCGGCTCCCCTGCCGCAGCCGTCACTCCACGTAAACAACGGCAGATAGCCAAAGCAGCACTTGAGTACCTGGCCCGTGAAAATCTGTTTGATACAGAAGCCCGCTTCGATGTTGTGTCAATCCTGGTTTCTGCCACTGGCGAACCACAGATTGAGATCATCACGAGCGCCTTCGAGCTCGGCTGAAAATTGATGAGCCATCTGATAATCAGACTATTTTTCACACAACTGATACTTTGACTAATTCCTTTTAGACGTTACACTGAAATTATGACGATGATTGGTATAACCATGGGGTGCCCGGCCGGAATCGGCCCCGAAATCCTGTTGCGTTATTTTACAGAACATAAAGTACCTGCAGGCATCAGACCTGTAGTACTTGGCGATAAGGCAATTCTCAATAAATGTGCAGCTGACCTTGGACTGAATGTAAAGATAGTCTCCTGGCAACCCGGGGATCAACCTGCCACCAATGGTATCCCCGTATTCAACCTCTCGGATATACCGGAGGAAGAGCATAGCTGGGGAAACCCGACGCTGACCACTGCCCGGGCGATGGCGGGTTATATTGAAAAGGCTGTTGAACTCACCTTGAGCGGAGTGCTTGACGGCATCACCACCTGCCCGATCTCCAAGAGTGCTCTGCATGCGGCCGGGTTCAAGTATCCCGGTCACACCGAGATGCTCGTCGATATGACCGGCGCCGATGAATACACCATGATGATGGCCGGCAAAACCTTAAAGGTTACCCTGGCCACCATCCACTGTTCTCTTGCATCTGTACCGGAATTGTTATCCGAAGAAGGAATTTACAGGCTCATCCACATCACCCATAGAGGGCTTGGGATCGACTTCGGACTGAATAGACCTCGAATCGCAGTAGCCGGGCTGAATCCGCACAGCAGTGAAGAAGGTCTGTTTGGAAATGAGGAAGAGAGAGTAATCATTCCCGCAATAGAGAGAGCTCGTAGAGACGGCATCGATGTCGATGGCCCTTTTCCTCCTGATACTGTCTTTTTCAAGGCGGCCTCGGGTCAGTTTGACGGAGTCGTCTGCATGTATCACGATCAGGGTTTGATTCCATTCAAACTTCTGCATTTTGAAGACGGAGTCAACGTGACGCTTGGACTGCCCATTGTTCGCACCTCGGTCGACCATGGCACCGCCTACGACATTGCCGGCAAGGGAGTTGCGGCAGCAACCAGCCTCGCTGCAGCGATACAAATGGCAGGAGACATCAGTAAT
CP050699.1_gap108	4671980	4672521	541	GACGGGGGCATTCTGTTCCTTGACGAGATCGGCGATATGAGTATGAAAACCCAGGCTAAGATTCTGCGCATCCTCCAGGAACAGAAGTTTGAGCGGGTTGGCGGCAATAAAACCATCCAGGTCCATGTCCGGGTGCTCGCTGCAACCAACAAAAATCTTGAAGAAGAAATTGAGAACGGCAATTTCCGTGCAGACCTCTTTTGGCGCCTTAACGTTGTTCCGATCAATATGCCCAAATTACGCGACCGGCTTGAAGACATCCCTGAACTGGTCCAGACGCTCATGGATGGTATCGTCGGCAAAGGGCTCAATCGAAAGATATTTACCGAAGATGCCTACCAGGCAATGATGGAACACAGCTGGCCCGGGAATGTCCGGGAACTGCGAAATTTTGTGGAAAGACTCGCTATTATGTGCCCGGACGAGACCATTGATGGCGAAATGATCCGCCTTTTCCTCAACCCGGCAGGTAGCGGTGTAATGGCCAGCTCCGGTTCCTCCATTGCCCACCTGCTTGCACCGGATTTTAAAGAGGCGAAGC
CP050699.1_gap109	4675497	4676504	1007	GCTTCCTTGGTGTTCAGTACCTGGGAATCACGGGAACCGTCACGATAAACGGTCAATCCTTTGCATCCCAGCTGATAGCCGGTGATATACGAGAGCTTTACCTCATCGCGACTCGCGCTGTTTGGCAGGTTGATTGTCTTGGAGATTGAACTGTCCACTCCGTTTTGCTGGAGAACACCCTGCATGCCGATATGATCCTCCGGACCAATATCCTGGGCAGTGCGAAAAATTTCCTGCCACCTTGCAGGAATCTCCTCATGGCCAATAACAGTCCCGGAATCAGCGACTTTGCTCATCAACTCTTCAGAATAAAAGCCCTCCTCCCTGGCTATTTTCTCAAAGAGTTTGTTGACCATCATTAAACGATCACCGTCCATGACATGCTTGATCATGACGATGGAGAAATAGGGCTCACAGCCGGAAGCGCAATCTGCGATCATTGAGACTGTGCCTGTGGGCTGAATAGAAGTCAGTGCAGCATTCCTTCTTGGCGCATAATCATTAAATTTAGAGTCATAAGCAGGAAATGCTCCCTTGGTTTCGGCAAGTTTCTCGGATTGAGCTGCTGCAGCCTCACGAATGAAGCTCATCACCTCACCTGAAACCTTGCGGCCTTCTTCGCTCGCATAGGGAATCTGCAACTGAATCAGCATGTCGTGGAGTCCCATAATTCCCATGCCGATTTTGCGCGTCTTCAGGGTCATTTCTTCGATTTCGGGAATCGGAAAACGGTTACAGTCGATCACGTTATCCAAAAATACCGTCGCACTCGCGACAATGGTTCTCAGGCGGTCATAATCAATAGCGCCGTTGACCACAAAGTTCGCCAGATTAATCGAACCGAGGTTACAACTCTCATATGGTAACAGCCATTGCTCCCCACACGGGTTCGTTGCTTCGAACTCGCCCAGTTGCGGAGTCATGTTGGCCTTATTCGCGGTATCAATAAAGAGAACGCCGGGTTCACCATTATGCCAGGCAAGATCAATTATCTTTTCAAAGACTCC
CP050699.1_gap110	4678980	4680571	1591	GATGAAACTTTACTCCCGTATAATTGGTCAAGGTGAACCCGTCATTATTTTGCACGGACTTTTCGGCATGTCTGACAACTGGCTGAGCATCGCCAAAGGCCTTGCCAACTCAGGATATTGTGTCCATGTTCCTGATCTTAGAAATCACGGTCGTTCACCACACAAGGCCAGCCATCGATATACCGACATGTGTGAGGATATTCTCGAATACATAGCCCAACATAACCTGGAAAGATTCTCCCTTATCGGGCACTCCATGGGCGGTAAACTCGCGATGATTTTCGGCCTGCTCAACCCGGAACTTCTCGAAAAACTCATCATTGTAGATATCGCCCCGTCGCGTTACGATCTCAATACCAGCGGATTCCACGACAATCTTATTTCAACCTTGCTGGGGATAGATCTTCATCTCCATACAAGCCGGGCAACAGTCAGGCAACAACTGTGTGAAACTTTGGGCGACGAGTCCCTGGCACAATTCCTGGTCAAAAACCTCACCCGACAAGGTAACTCTGATAAAAGACTTGCCTGGAAACCCAACCTGCCCGTGCTGCAATCCGCACTTAATCACCTGATGACCGGCCTCGAAGACCTGGAACTTTACGCACCCTGCACTGTGCCCACCCTGTTTGTCAAAGGTGGCGAATCAAACTATTATCTGCCTGAGCATGAACAGGACCGCATTCACTTTTTCCCAAACTCTTCATTGGTCGAAGTGGAAAAAGCCGGCCACTGGCTGCACAGTGAACAACCCGACATTTTCATGAACTACGTCACCTCTTTCTTAGCAAGCTCAACTCTTTTACCCAATACAAACGCATCCCCCTGACTCCTGACACCTCACCTCTAGCCCCTGACTTCTCACGGTCTTTTTCCCCGTACTACCCGCAGTTTCAGTTGCCTTTGCAGCAGCAGTTACATCCCACGTCCAACTTGCAGTTTCTCTGGCTGTAGCAGTTACATCCAACCTGCAGTTACTTTTGCAGTAGCAGTTCCGTCCAACGTCCAACATCCCACGTCCAACCTACAGTTACAGTTTCTTTTTAAGAAAAAATATCAAATTTGACCCAGGTCAAAGAGAGATTCCGCCGTTCTGCTATAACTAGCACCATAAATGATTCACAAGGCACCGGTATCAACCGGTCTGCTACCAGTTTTCGCCAGCGACCATTGCAGCTGTTCAACTACAACACACAACTGGTCAATGTTCGACGACTCTCATCACAACGAAAAAGGAGCCATCATGGCAATGTTCTGTTTTCAATGTCAGGAAGCCGCTAAGGGTACAGGTTGCACAGTTAAAGGAGTATGCGGTAAGCAGGAGTCCACGGCAAACCTGCAGGATCTTCTTATTTTTGACCTCAAGGGAATTGCTGTTCTAGCGAAAAACCTGAAAGAAGCCGGGGTTGTAATAGATTCAAATGTTGGTCTTTTCCTTGCCCAGGGACTTTTCACTACCATTACCAACGCTAACTTCGATGACACAAGCCTTGAAAACTGGATTGGCCGCTCCCAGACCATTAAAAGGCAACTGAAGCGTCAACTGGACGGCCTGCAATCAACCAGCGCTCAACAGTCAATCTGGTCCAGA
CP050699.1_gap111	4729071	4729785	714	GAAACTTGGAATACATTGTTATTCTTTACACACCCACCCCGAAGCTGATCATTTTTTCCCCAATAGTTCCTCATCAGGTGCCAGGTATCTGCAGGAAAAACTTGTAGCATTCTTTGCCAATAACGGATGATTCATAGTTATGACCGAAGCTGAAATAGTAGAAATATACAGAGAACTTTATCCTGCCATTCCTGCAACATCTCTGGACAAATTTAAAAAGAGTGCAGCGGTCCGCGCAACCATTTCACGAAAACTATCCCTCCCCGCTCCGATATTTACAGACGCTGAGATTTGCCGCCCTGCCCCACCATTTTTTCTTGATCTTGAAATTACAACCTCATGTCAGTTGAGCTGTCGCTATTGTGCAAGAACCTTTATGAAGGTTCCCTCAAAGCACATGTCCTTTCAGCTATTCAGGGAGATTCTTGCTGCCAACCCAAGTGTTGCTGCCGTAAATCTGGTCGGCCTTGGCGAACCTCTGCTTCATCCGGAACTCGAAAGGATTCTCAACGAACTCAAAAAGCGGAAGATACGTACATCACTTGTCACAAACGCCATGGCGCTTAACGCGACAAAAGCCAGGATGCTTATTGAGGGTGGGCTGAGTTCGATCACTTTCAGTCTCGACAGCACAGACCGTGAACGTTTTGAATGGTATAGAGAAGGAGCCGATCTTGATATTATCCTGGATAATATCAGAGAATTTATGGCGCT
CP050699.1_gap112	4737036	4740235	3199	TTGTTATATCGACAGATTATTGGCTGACGTTTAGCTGGTTGAGCACAAAGCTGATAACTATCTTCAAAATCAATGTATAATCAACCTGTCCAGCGAATTCCTCTTACCTTTACTACCTCGCTGGGTCTTTTAGCTGAAACTGTGGTATAGCTTTCAACTGATTAGCACAATATTAATAACAGGTACGCATTCCCCGAAATGACACTTAAAGATAAAATTGGCCAGCTTCTGATCGCGGGCTTTAAAGGTGACAGGGTTTCAGTCTCGAGCCCGGTAATACAGGCAATTGAGAAACATAATCTGGGCGGAGTCATCCTGTTCGACCGGCTTCTTGCAGAAAAGTCATCTCAAAACAACATTATCTCTTTCAAACAAACCAAAGCCCTTATCGGGGATTTGCAAAGTGCGGCGGGTAACACGCTGATCGTTTCTGTTGACCAGGAAGGTGGGCTGGTTAATCGCTTCAAAAAAGAGCGCGGCTTTCCCCAGACCCCTCAAGCGGCTCAACTTGGCGAGCATGAGGACACGGGTGCAACCACGGCTGCAGCTCAGCAAACCGCTGGCATGCTGGCGGAGATGGGCTTCACCCTGAACCTGGCCCCGGTTGCGGATCTGAACCTTTACCGGGACAACCCCATCATCGGCAAATATGGGAGGGCTTTTTCCGACAATTGTGAAAAAGTCGCACTCCATGCCGAATGCTGGATAAGAGAGCACCATCAAAACGGCCTGCAATGCTGCCTGAAACACTTCCCCGGCCACGGTAGTGCCAGAAACGACTCCCATCTTGGCCTTGTGGATATCAGCAGCTACTGGCGGCATGATGAACTGCTTCCTTTCCGAAAGCTGATAGAAAGCGGCCTGGTCGACTCGATCATGACCGGTCATCTTTTCAATGAGCGGCTCGATCCCAAATACCCCGCAACCCTCTCAGGGGCGACGGTTAATGGCCTGTTGCGCGGTGAGCTTGGTTTTACAGGACCGGTACTTTCTGACGATATGCAGATGCAGGCCATCACCGACCACTATGGCCTTGAGGAATGCGTGATCCGCGCCTTAAACAGCGGCGTCGACCTGCTTGTCTTCGGCAACAATATGGTATATGATCCTGACATTACAGAGCATGTTATTACAATTATTCTCAAGGCCCTCCACAACGGAAGTCTTGAAGAAGCGCAGCTTGAAGCAGCCTGGCAACGGGTTCAACGTTTACGACAATTGCCTTTAAACAACATTTAGGAACAACGAGATATGAGCGCACAGCAACCTCACCAGACCCACTCAATTCTTTTCGGCTATCTGACCTGGATTTTCGGTTTTCTTGGAATGCACCGTTTTTACTACGGCAAACCCATTTCAGGAACAATCTACTTCTTCACTCTCGGGCTCTTTTTTATCGGCTGGATTATCGACCTGTTTCTGATACCGGGTATGGACCGTGATGCGGACATCCGTTTTATCGATGGGGAACTGGACTATAACCTGGCCTGGCTGCTTCTGACTTTTCTCGGGGTTTTCGGTATACACCGCATGTATATGGGCAAATGGCTGAGCGGCATTCTCTACCTGTGCACCTTTGGCGTGTTCGGGTTAGGTATTATCTACGATCTCTGGACCCTGAACGACCAGATCAGCCTGATAAACGGCAAAAGCTCCAGAGCATAATCCCCCAAAAAAAACAAAAAGGGTGCACGGCATGAAACACCGCGCACCCTTTTCAAATTCTGACAGTGATCTTTCCTGCCCAGGCTCTTATCTACAAAAACTTCCCGTCAGTGCAGACAGTGATGGATTATCTTGGATAGCTCCCTTAAAGACACCGGTTTCATACAGTATTTATCAATGCCTGCCTGTTGAACGTCTTCCCGGGAGAGTTGATCTGAATAGCCGGTGAAGAGCACCACCGGCAATTCGGAACGAACCTCTTTCATCGCTCTGCAAAGCTCCACCCCTGTCAGCTCAGGCATGGTGAGATCTGTCAGCAGCAAATCAAACTTTTCCGGAGTTCCTGAAAACAGTTTCAACGCCTCAAAGGGTGAAGTACAGCCCGTTACCGTATAGCCAATGCTGGTCAGCAGTTCCCCTGTAACCTGTACCACCTGGGCTTCATCATCCACCAGCAGGATATTTCCCTGCCCCTTTACAAGGTCGACGGTGTTTACCACCTGATCGATCCCGATGCGCTTGCTGGAAACAGGCAAATAAATCTCAAACGTCGTTCCCATGCCTACTTTACTTTGCACCTCTATACGACCACCCATACGGCTGATTATGCCATGCACCAGGGCCAGGCCCATACCGGTGCCGCGACTCTTCTCCTTGGTAGTGAAGTATGGTTCGAAAATACGATCGAGCGTCTCAGCCGGGATCCCGCAACCAGTATCAGCCACAGTCAGTTTCAGCCACCCCTTGCCACTGCTGTCAACCCTGTCACGTTCAAGCTTGACGGAAAGGGTGCCGTGATTGCCTGCCATAGCGTGGGCACTATTAGTACAAAGGTTCATCAAAATCTGGTGAATCTGTACCGGGTCAACAGAGACAATCCCGCACTGTTCCTCAATATCCTCTACAATGGCGATGGTGGACGGAATAGTGACCCGCATCAACTTAAGAGCTTCTTTCACTATCGGCTGAATATACAGAAGACTCTCTTTCTGCTCGCTGGCGCGGGAGAAAGTGAGGATCTGCTCTACCAGGCTTTTTGCTCTTTTCGCTGCCCTGAGGATACCATCGAGATACTCGAGTACCACCTCATCGGCATTGGCGTTTCGCATAAACTTAAGCCGGATGATCTCCGAATAGCCCATAATTGGCGTAAGTATATTATTGAAGTCATGGGCGATTCCACCTGCGAGGGTACCGATGGCCTCCATTTTCTGGGTATGCCTCAACTGCTTTTCAAGTCGCATCTTTTCTGTGACATCGCGGCCAATGACCACCACAGATACGATGAGGCCATGGTTGTCACGTACCGGCGTCCCTGTAAGTTCATAGACCCGCTCTTCACCGCTACAGGTCTGCAACTCGAACTGCTGGATGGTAGTCTGCGTTTTACCGGATAGAAGGCTCTTGGGAACAGCACAGGACTTGCAAGGCTGACATCGGCGGCAAAACAGCTCATGACACGTCTTGCCAATGGGGTCTTCGGACAATTCCCTGACTTTCTCATTTGCCCATATGAGTTTTTCATCAGTAGCGA
CP050699.1_gap113	4743926	4745125	1199	ACTCATATCCGAACCAACCGGCAACGTAATAGCCTTTATCCAACCACTGTTGCACCTGCTGCAAAAAGGCTTCACCACAGTCAGATATATCACATCGCAACCTGGTTACCGGTTCTACGAAAATGTAACTTTTTGTATTGTCCTCACCAGGTTTTGCAGTGTCAAAGTAAGCGAATTGTTCAACTTGTGCTAAATGGCACAAAAGCTTGTTAAGAAGGGTATTTGAAGTGGTTTGCATAAAGCTCCTTAGAAACCTCGTTTCCTACTTGGTCCCACCATCATACCTATCTCCTGAAATTAAAGAGAAAAAGAGTACATGGCAGAAACCACGATGCGCAAATCTCAGCCTTTAGACCAATTCCTTTATTGCGTGGCTAAAGCAAATACCATATATTAATTGCCCAGTTTATTAAAGCCCGACATGATAAATTTCATGCGACTTTCAAACCCAGTTTGAGGTATTATGGAGCTCAGGAAGCAAGAGTAAATGAGCTATTCATTTCTCGTTATGCACCCTGCGCATCACGGTCGGATTAAGTTCGTTGTAGGTGGAGTAGTTGCGCTATAATCAACTTGCTGTTGACGCCTGTTTGTTTTTGACAATCCGGCGCGTCTACCGCAAGGGATGAGGGACGGAATTTCAACACGATATTCTCAAGTAAGCCGATCATTGCCATTCATCAGTTCTCGCTGCAGGCATTCAACCGGTACTACCCCCAGGCGCACAGGAAACCAGGTAGGTTTCACCGGAAATGAGCCGGACCTTCACAGGATAGCACATTTTTTGATTTTATTGTGGCGCATTAGTCACAGGTTTGTTTCTGCCATTTTTGTGTATCAGGCAGAACGCACTCAAACTCGAGACATCTTAAAGGAGAACAGCAAATGTCGCGTAAAATGGTAACTATTGATGGCAACCAGGCATGTACCCATGTCGCATATGCCACGAGTGAGATTATCACCATTTACCCAATCACACCGTCCTCACCGATGGCAGCCGATTCTGACGCCAAGGCAGCTCACGGCCAGGAAAACATCTGGGGCACGGTGCCTGTTGTAACTCAGATGCAGTCCGAGGCGGGTGTTGCCGGTGCAGTACACGGATCCCTCACCACCGGCGCACTGTGTACCACCTTCACCGCATCACAGGGTCTTCTTCTGATGATCCCGAACATGTACAAAATTGCCGGTGAGCTTAC
CP050699.1_gap114	4750159	4750931	772	ATACCAGCTCCGACGGGCATGTACACACTAAGCTGTGCAATCATGCCACCGGTGAGATGGAAGAGTACGTTCTCTCCGCCATAGATCGCGGTCTGAGAGAAATGTATTTTTTGGAACATCTTGAAGCAGGTGTGAATTACGCCCCCAGAACCTGGCTCACCGAAGCTGATTTTGCCTACTATTGCGAGGAGGGGGAGCGACTTCGCCGGAAATATGCAGACCGCATATCTGTGAATATCGGTATCGAACTTGGTTACAACTCCAGCCACAGCAAGGAGCTTCTAACAGGCGCGCGGGCCAAACCGTGGGATAGAATTGGCTTATCCTGCCATTTTCTGCAGATTCCCGGCTCTAATAAGCATATCAACCTGCTCAGTCGCAAACAGGAGAACATCGATCGCGCCAGGGAGTATGGTCTTGGGACTCTGCTCAGCCTCTATTACGACACCTTATTAGAAGCAGTGGAAAATATTCCGGCGGATGTACTTTGCCATCTCGACGCGCCTTTGCGCTATAGTGGTCCTATTCAACTAACCGACTATCACCTTGAGCAGATTGACCGGTTACTTACCGCCGTCAAAGCCAAAGGCATGGCCATGGAGATCAATACTTCGGGTATCCCGATCCGTAAAGAACCTTTCCCTGCCAAGCCCCTGGTAAAAATGGCTCTTGATCATGGGATTCAACTTGTGGCCGGCTCCGATTCACACAAACCGGAGGATATAGGCCGACATTTTGACGAACTCGAAATTTATATCGCCGAAGTGAAGGC
CP050699.1_gap115	4772583	4773560	977	TGCTGCTATTTCGGCAAAATTCCTTCGTACTATGGTCAGCCTGTCTCCATATTCGGCGAGACGGACCCGACTTCGCTTGATTGCATTCTCATCCCACTCAAAACCGATTACCCTTCCCGTGGGAGAAGATGCGTCGAGAATCAACCGGGTATGCCCGCCAAGCCCCAGGGTACCGTCCATATAGGTCCCCTCAGGTCCTGGCTGCAGATAACCGAGCACCTCATTAGGCAGAACCGATACATGTATCTGTTCAATATCCTGTTTTGACTCGACCATCAGAAAATCCCCATTTCAGCAAATTGTTCATCAAACTCAGCAAAATTCTCACTTGTTGCCTGGTTTTCTTCCTCCCAGGTCTCTTTATCCCATATCTCAACGTGATTGAGCATTCCTACCAGAACGACCTCACGCTGCAGGCTCGCTTCGCCACGAAGATGCGGTGGCACCAGCACTCTTCCCTGTTTGTCCAATCCGCACTCTGCTACACTACCAACAACATATCTCATGATGCGGGCGAGGCCTTTTTGCTTTCGGCCTTCAGTCATAAGTGTATTTTCAAAGGCTTCCCATTCAGGAACTGGGAACGCACGCAGATGTGTCTTGCCCCAGGGTGCTATCATCAGCACGTCTGAGTCATACTGCTGGAGCACTTCACGAAAGCGGCTGGGGATGTTCAATCTTCCCTTGCCGTCCAGCGTGTGCTCCGATCTGCTGCGAAATCGATTCTTAATTTTTCTCTCCCAAAACCTCTTTGCTCCACTTTACACCCTTCGCACCCACTTTACACCACCTTGATTCATTTATAACAGCAAGGCAAACCATGTCAAGGAAAAATATCCGCAAGATCAGGCACCTAAGAAACCACACCTATACCATGATGTCACACAACATGTTGTGGGCCCATACTTCTCAGCCCATATATGGCGTATCAAGGCACGATTCCCATCAATTATAAATAGTTTACTTGCGCCTCAGAG
CP050699.1_gap116	4797218	4799131	1913	CTCAGTTTTAATGGAGACCAAGTTCATCAATTCACCTTATGCTTAAGCCAACACTGCTGAATTACATCTAATATAATACTATTCCTTAGGGATCTTCTATTTGGGTGTTCAACTCTTATCGCCAGAATATCCGGAAAAAGTTCCAATTTAACTTCAGCAATCAAATTACTTGATTCCCTCACCATAGCTCCGTCTTCAAGATATAATTTAGGAATAAACTCAGAAGAATTCCCAAAATGATGTTTTATATAACCATCTCTTTTCCCAGTTGTAAATATTATCAAATCTGGCGACAATATCTCCACCTCTTCCCTTATGACATTGAAGTAAGCCCTTTCCAATCTCCTTATATCCTCCTCAGGCTTTCCTCTCCCAAGATTACCTATTTTAGAAATATTGTTCCAGATAAACTCAGGACGCTTCCCATCCAATATCAAATTCCTTTCAAAATATGCAAAATTTTTCCCATTCCAAAATGCTCTTTTGGATCTTTTTTTTCCATTTGGCGATATCTTACGCAGGTAGTCGTGATAACCAGACATTAGCTTGTCGATATCATGTTGAGTTTCATTGAAGCAGCCGTACCACCCGTCAGTTTCTTGGCCAAAAATTATCACCTTCACTTCAGAGTTTATATATTCTTCATTAACTTTTACAAGCAAGGGACTACAAGCTTCACTTTTTATACTTTTCACTTCTTTAGCAACGATAGGATAATTTTTTTGATAAAGCTCCCTCAACTGTTCATTCATCTATTCCCCCCCGTATAGGATAATGTTAAATAATTCAACTATAAATTCAATATTTCGAATAGAAAACATCGGCACGTGCCGCATATATCATTTATTCGTCTCTACATTTAATACAGAATTCGAAAGTCAAATATCTTTAGCTTACTTCAAACTTTTCCTTTTTATTCGACTGATATTGAACCTTTTCCCTTACATCCCGTCTTACCATAGTTACTACACCCCCAAAATAACCCGTAACGACCTTTCCGCTCAACAAGAATACCGTCTTTGCATGAGGAGACTGGACAAGCTTTAGCCGTATGACCACACTGAGGCCCAGTGCACCTGTAAACCTGCCCATCTTTGAGCATTGGATATCGCTTACACGCAGGGCACTTCATAGGTGTACAATCGCACAGGGGGTAGTTGCTGCAGCCGAAGAAGAACTGTCCGTCGGGAAGGGTACGTCTTTCAATTGATCCTGTTTTGCACTGAGGACATGAGCCAAAATCAGGCAGAGTTTGTTCTGCTCCAGCCGTTCTCAGCGCATTAAAGTTATACTCTGGCTCTTCATCGGAGATTATCTCGATAATGAAATCAGAAGGATTGGTTGTATCATACAAAACGTAACTGTGATGCTTCGATCTCGTCAGGGCCACATAGAAAAGTCTGCGTTCTTCTGAGTGCGGTAACGGTTCTACTGGAGGAAGAACCAAGTTAAGAAGAGGATCATCAGTTATCTTCGATGGGAATCCATACTTCCCATCATTTACATCCAAGACTATAACAAAATCCGCCTCTTTCCCCTTACTTCCATGTACAGTGTCGAACCTGAACTCAAAATCCGGGTACCGATCTTTTAGTGAGGGGAAGCACTCAGGGATTGCAAAGGCGTAACGGCCCAGGAGCATAACTACCGCCTTACCAGGGTGCCTCTTCTGAATATCCGTTACACACTCAAGAACCGCTGCATCTACATCCTGGTAATACTCCACCAGAGTTACAGCGCTGCCATCAACCTCTCTGAAAGAACGAACTTCCTTTTTTAGCTGGGCAGGATTCTGGGTTACGAAAGTTGTGGCGAACTCATTAATCTTGTCATTGAACCTGAAAGTCATATCCAAGGGTAATGTCTTCGTATACCCAAAGTGTGAGGCGAACTGGCCCGTGTAATTCACATCT
CP050699.1_gap117	4814632	4818351	3719	GTTGCGATTTGAGAAGAGATCCGTTTGAGCCGTTCAGCTACCTCCTCAGTTAGCGCCATAGGGTTGATTTCCCAATCGTAAGAGGCGAAAAATAACCAGGGCCATCCAACAACTGCGTCGATATGGATATGCGGTTTATAATTGAGTTCGTGGCGTTTAACAAAGTCATCGCGTACTTCGACCAATTGCCCAATAGGATCCACATCGAGATCAATTGTGCTACCGCCCGTTAGAATTATTGTAGCTACGCGTTGTCCTGCTTTGTGCACCCGTTCAAGCTCAATATCAAGAGTCTCGGGTTCCAGATAACCACAAGGACCAACAGGAACACGAATGCAGCGTTTGCGGCCTATACCTGAGAGCTCTGTGTCAACAATGTGGCATGGATGTCCCTTGGTTGTCGAGAGTACTACAAGATCCGACGGCACTCCGTTATCTTGGGCTTCGGGTGCTGCTTTGCGAACACCTGCACGAATGCCATAGAGGTTAGTTCCCTTGCCGCCGAATACGAATGCACCACCAGCTCTTTCTACATCCCAACCAGCAAGGGTTGCAAGAGTCCTAATGACATCAAGTTCAGCTTGAGCAGCATTCCCAGAAGCAATGTCCCATGCTAAGTTGGGATTGTACAGTGAACTTAACGCCTGTGCCGCGACTACAGTTAGTAGTGGCGGAGGGGTTACATTAAGCATAACTCTAGGGGAATGCCACCTAACAGCACCTCCAAAATAAGATGCGGTCCGTTCAATCACCGCTTCTTTGCTCGAAATCTGCTCTTGTAAAAGGTTTTCCCCTTCGTATTGTGGTCGTCCCCCTTTTAGTGTGGCTCTATCCGCATCTATTGTCGGTTGTATAGTCCGATGAATCCTTTGCATTTGCTCAACAAGAGAATCGATTTCGTCTGAATTTTCATTCAGAAACAAAGAGGAAAGTTCTGGATAATTTGGCGAAGGTGGTCTGTTTTGATTCAAGCGTGGCTCCTGTTAGGTGATCGAATTTTTATTTATATTTTTGAAAATATAACTGAGTCTATCGAGGGCTTCGTTTACTGAAGTTGTGCAAAAAGCTAATTTAGTCCAATAATTCTTGTGCGACAGTAAGGATTCGATGAGGTTTATAGCCTGGTACAGTCCTTTGGCTTTAAAAAAATCACTTCTATACTCTTCGGGTAGACCGTACCCATCAAGGATAGCTGATTGTAGACACTCCGTTTGGCTTGAAGAAAAACCAATGTAACAGGCGATGTTCTCTAAAACTAACTCTTGGTGTCTTAATCCTGGCCTAATGTTTTCGAAATCTAAGACTGCTCTTACTGTTGTTGATGACGTGACAATGTTCTTATCTTGGTAATCTCCGTGTAATATTCCATAATCCAACCCTTCCATGTCAGAGTTCTCGATTATGGTCCTAGCCTCACGCAATGTCCTGGCCAGAGCTGTTTCTCGAGGTATTTCAAAGAGAGTTTCATTAACTAGTGCCAATAATCTATCACTTAGGGCCTCAGCTGTTTCCGCTGACAATTTGCTTGGTTTTCGTAAGGTATTTAAACCTTTGTGTATCTTCTTCAACTCTCTCCCAAGTTCATAGACGAGTTGCTTTGACGCAACGCCCTTCAAGTAAGCTGAATGTCGTAAGTCTTTACCACCAACCAGTGAAGTCAAAAGCCAAGGCACACTAGATTCACAGCCAGCAGCTAAAACAAGGGGGACAGCTGCGCCATGCGAAGATGCCAAATTAAAGCCAGACATTTCAATGTCTCGCCTGTCCATAACCTCTCCCAGGATGTAGAGCTTCAGAATGTGGTCTTCGCCAAGCCTATACACCAAATTTAAGGTGCCAGCTGTAATTAGCGTACAAGTGCGAGAGTCAATAGAGCGAGCATACAAAACGCTATTTAGCACTTTATTTGCTCTTTCAATTTCAACTCTTTTCATCACCGTCAAATAGTCCTCAACTTGCTGAAAGATAGCAAGAAAACGCCGTAAACTAACATTGCAACCCCCGTTAATTCGATATAACCAATAACTATAGCTGTAGCAAGATGAATAGCAGCAACTCTGCAGTACCAGATGTAACTGAACTCTGCTCGCCACTGCTTGTGATAATTGTTTAGTTTCAGCAATATCAATGCCAAAACTAAGAACGTCGCCACAATATCCAAGCCGTAAGAAATCCCGATACTGATAATATAAAGTGCTGTGGATAGCACTAGCAGCAGATTGGCATGATTTACAGCCACAGTTGATCCTATCCGAACTGCGTATGTGCGTATGTTACTAAGTTTGTCCTGTTTCTCATCTTTGGTTGTATGTCCAATCTCAGCCGAGAGGCCATACAATGCCACTGAGAACCAAGTTAACCATGGTATAAACCCAGAATCAATGACAAGGAGCAGTGGGTAACCAGCGACCAAAAGAAAGGAAGCAACAGCAGGACCCAATATACTCTCTTTGAATCTGAAGCCACCTACGGACTGATTATAGAGAAACCACATCGTAGAATAGACAATATGAAAAGGCAAGAATGTGAGGTCCACAATCACAATTACCACAACAGACAGCATAGACAGACATAAAGTCCAAAGCCAAGCAAATACAGGAGCAATATGACCAGCTGTCAATGGATTCTTTTCAGAGACATCACTATAACGATCGCAGAGATTATTATGGATATAACCAGCTATGCTTATCAAAACGTAGGCAACCAGCAGTTGGAGGTTTCTTGATCCAAACTGTTGGCTGGCTATAAGGATCAGTGAAGCAAATAGTAGTTGGTAAAGGTAAACACGGGCACCGTTATGCAGCCTCATTAGATGTAGCCAGTTATTGTCCCTTAACATGTTCATGATTGTAGGCGTTCATCGAGAAAAGGGCAGGTTGGATCCATCACAAGTGGGTTGCCATACCTCTCGTATGACATAAGTCGACACCCTCCTTTGCAGACAGATAAGAAGTCGCAGTTCGCGCAAAGCTCTGGTGTTTTCTCGAAAATATCTAACACAGGTTGGTGGCCTATGGCTGTTGCTAAGGGAGTCTTTAATAGGTTACCCATGTCGAAATAGGGTAATGAGGATGCGTTGCAGCAACCCGTATAATGACCTTTCGGATTGACAACCCCTCTTCCCGGATCTTTTAGCTGTTGACATTTCTTTTCTTCAAGAAACATATTCGGGTGTTGACCAAATTGCTCGCTAATGTCATCGTAACGTCCTTGGTGCATAAGGAAAACCTTTTGGGTTTGAAGAAGATTGAATAATACCAGGGTATTTGTTGGTGTTGAGCGCTGCATTGTCAACGCTTTTTCCAGTAATGCGACGAATTTTTCGTGAAAGATCTTGATACCATTAGTCTTGGCCCTGCTGATCTCACGAACAGGGGTAAAACGAATTAGATTGATACCCAACCTTTCTACAAATTCTATCGCTGGAATGACGTCTTCGAGGGTCTGTTCCATGATTACGAAGTTGATATGAACTGGTATGCGATTGATAGCCAAACCAAGATTTTTTTCTATTTTAGAAAAACTGGCACCTCGCCGTACATTTTCAAACACTTTAGGGGTAACACCATCCAGGGATAGCCAGGCGGTCACACCATAGTGCTCCAACATTGAGATTTTACGATCACTCAAAGCAGTTCCATTAGTAGTCACGACCAACTTGTTGTTTTCTACTGCCTCGAATAACGCACTTGGTGTATCAAACCCCTTAGTTAGTTGCT
CP050699.1_gap118	5018120	5020391	2271	TTACTCGTAGATGTGATATGCGAAGCCAAGCAATACCATGGGTATTTTGGCACAGGTATTATTCTCGAAATGAAGGTAAAGTTGTAACTGGACCATATAAAGATCGTAAAAGATTCATGCGCTCTCTGTGTGAAAAGGCAGGTGTTAAATACTTTCGGTTTCACCCTCTACGGCATGCAGGTGCTAGCCTGATGGAAAACATCAATATACCCGTCACTCATATCCAAGAAATTCTTGGACATGAAAACAGGAAAACAGGAAAACTACAGAAACATATATCCATGCTATCAACAAGGCCAAGCATGAAGTTATAAGACAATTTGAGGCGGCCAGAATAGATATCAGCCAATAAAATGTTAATCAACTAAAGATACTCCAGTCGTTTTTTTAAAAAATCAATACATCAATCACATATCCCCGCATCCAAAATCAATGCCAGTGAGAAAGAAGCTATGATAACGAGAATTAATCTAAGAAATTTCAAAGCCTTTGAAAGATCATCACTACGATTAAAACCAATTACAATTTTACTGGGGCCTAATAATTCCGGAAAATCATCAGTTCTTGCATCGTTGAGAATGTTGTCGCAAACACTGGAAAGTTATGACACTAACGTACCATTGCTCTTAAATGGTAACATGGGTGATTTTGGTACCTACAAGGATGTAGTATTCAACAATAATACTAGAAGGCATTTTGAAATAACACTATCGCTTAAGTCTTCTGGAGGTAGAGCTGCTACAGGAGTACGAAGATTTGCACGTAAAGGTGATCGAATCAGGGTTAACTTAAAGTACAAATACAGATCGTCAATTAGAGAAGTTATACTTAAAGAAATTAAATTTTTTAGAAATGGAATAGAAATATTTCATTCTCACTATTCTGATGATTCAGAAAAGCATATTATTCAAAAAATAAAGAAGACTGAAATCCCAATTAACATCAGATCTTTTTTATCAAATAATTTAAGATTATTTCATTTTTTGCCTCGAGCTTTGTTTGTTCCAACGCCAACAGAAGATGACAATTCTCTTCGAGCATCTATCATTAGAGATACCAGATCCACATTGCGCAACCTCCCATACTATCTTGATGAAGTAAATCACATACTAACTGGAATGGAATATATTGGTGCAATGAGAGTCCCTCCTTCCAGATCTTATATGTTTTCTGGAGAAAGGAATAGGCGTGTTGGATCTAATGGCGAAAACGCACCAAATATCCTTATGATGGATGCACTCCGAAAGGGTTCAAAAAGTAGAGACATTAAAAATCAAGTAGTCGAATGGTTAAATAGGGCTGGCATTGCTTCTGACATTAAAATCGTCAATATTTCAGACAGATATTATGAATTACATATCCAAAACCCTGTCACACGAGAATACCAAAACTTTTCGGATGTCGGCTACGGCAACAGCCAAATTATCCCGATCCTGGTCGCAGGCTTCAATTTAGACCCCAACTCAGTCCTAATGGTAGAAGAGCCAGAAATACATCTACACCCTAAAGCACAAGCTGAACTTGGCAATTTCTTCCTCTCATTATATTCACAAAATATTCAGTCTATTATCGAAACACACAGTGAACACTTAATCGTAAGAATTCAACAACATATAGCAGAAGGGCTTATATCTCCAGAGGATATAGCAATACACTATGTATATCCTAAAAATAATGCGAAATTTATTAAAACTATTCCGATAGATGAAAATGGCATTTTCACTGAAGAGTGGCCAGAGGGTTTTTTTCCTATTAGACTGGAGGAAGCTAAAAAACTAGCTAAAATCAGACATTTCAGACAAACCACAAACTAACTTGGTCCCCCAAATGCCGCGAATTACAATTGATGCTAACATTTTCAAGAACTATTACGAAGAGGCAGTACTCGAAGGCCCTTGCTGTCTCACTAAATCAAGCAAACCAATTTTTGAAGATACCTCATTAAGGCACATACTAATACTTGATGATGGCGGGATAATTGAACATGAATGGAAGGAACCTATCTGTTCAGAGTGGTTTGATGCTTGGATTATAGAGAGGATGACTAATGGGCACATTGAACTTGTGCCAACCAACAACCACCCAGATCTGTCCAAATCACTGTATAATCTTGGATTCCCAAAAGGAGAGCGCGATATTTGGTATATAAGAGTAGCCAAAACGTGCGCAGAAAGAACAGGGAGTGGTTACGTAATTACTGAAGATATAGATTTTTTTGCACCAAAACAAAAGAAGACTGCTAAAGCAGAAGGTCGTATAAAATTAATGCGA
CP050699.1_gap119	5042198	5046289	4091	AGTTCAACGTCAATGGCCCCAAGGAAATTCTTGAGTTTCACCTCTTCAACTTCACGATCGCCGCGTACCAGTACTGCCACCGGGGTACCATCAGCAATATAGACCATTGTTTTTACGAGCTGATCGGGGGTAATATCCATGAACTCACAGACCGCGTTCACCTTGCGCTTACCTGGAGTCTCAACTTTTTCAAGATCAAGCAGCGGCTCATCGTTTTTCGCTTCGGCCGGCTTAACCTCAGCCTTTTCCATATTTGCCGCATACTCGCACGACTTACAGACCACGATGGTATCCTCGCCAGTATCGGCCAGTACCATAAATTCATGGGAGAAACTGCCGCCAATGGCACCTGAGTCCGCCTGCACTGCACGGAATTCGAGACCGCAACGGGTAAAAATACGTTTATACGCCTCGTACATTTTACCGTACGCGACCTCTGCGCCAGCGTCATCGACATCGAAGGAGTACGCGTCCTTCATGATAAACTCACGACCGCGCATCAGGCCGAAACGGGGACGTATCTCATCGCGGAACTTGGTCTGGATCTGGTAGAGATTAATCGGCAGATCCCGGTAGGAATGAAGGTCCCGGCGAATAATATCTGTGATAACCTCTTCATGGGTAGGTCCGAGGCAGGACTCACGCTCGTGACGGTCATGAAAACGCAGCAATTCCGGTCCATACTTCTCATATCGTCCGGTTTCACGCCAAAGATCCGCAGGCTGTACCATCGGCATCATCAGTTCCTGGGCGCCGGCCCGGTTCATCTCTTCCCTCACAATCGCCTCAACCCTGCGAATTGCCGCCAGACCATAGGGCAGATAGGTATAAACTCCAGAGGTGAGTTTTCGCATAAAACCCGCTCGCAGCATGAGTCTGTGACTAATGACTTCAGCCTCGGCAGGTGTCTCCTTGAGTGTAGGCAAAAGTGATTGAGAGTAACGCATAGATGTTCCGTAAGTAAAATTATCTTAGTTGAACCGCCCCGGCTGGAGCGGCATCCCCCGCTGTCGCGGGTTGGGAATTTGTAATACGAAGAGAATTTAGCAGATTTTCAGGATTTTCGCCCTTCCTCTTCCATTTTTTTCAATTCAGCGAGAAATGTTTCCAACAGAACATCTTCTGAAACCTTTTTGAATATCGCACCTTTTTTAAAGATGATACCGACTCCGTTACCGCCGGTTACACCAATATCAGCCTCTTTGGCCTCACCTGGCCCATTGACCACACAACCCATGACCGCAACTTTAATTTGAGTTTCCATGGTCTGAACATAACGTTCCACTTCTTCAGCCAATTCAAAAAGATTGATCTGGGTTCTTCCACAGGTTGGGCAGGAAATCAACTCAGGGCCGCGCTCCCGGATCTTGAGCGAACGAAGCAGCTCAAAACCTACCCTGATCTCTTCTTCCGGATCTCTGGTAAGTGAAATTCTGAACGTATCGCCAATCCCCTGACTGAGAAGAATGCCGAGGGCCACACTTGATTTCACTGTACCTGCGATCAGGCCACCAGCTTCGGTAACCCCAAGATGCAGAGGATAATCGGTGAGCTTTGAGAGCTGCTGATAACCGCTGACAGTGGTCATCACGTCAGAGGACTTGATGGAAATCTTCATCTCCTCATAGCCGTGTTTTTCCACCAGACGCACATTTCTCATAGCGCTCTCAATCAGAGATGATGGATTCTCAGGGGTGGGATAACCGTGCTTTTCCAAGAGGTCTTTTTCTATGGACCCGCTGTTTACGCCAACTCTTATCGGTACCTTATGCATCCTGGCGGCGGCCACCACCGCGGCGAGCTTCTCCTCACCACCGAGGTTGCCGGGATTGATGCGTATACCCTGGGCACCGTTTTCCATGGCACTGATGGCCAGCCGGTGATCGAAATGAATGTCGGCAATCAGTGGAATCTGGATACCATCTCTGATGGTACGGAGCGCCTCTGCCGCCTCCTGATCGAGTACCGCACAGCGGATAATCTCGCACCCTGCCTGCTCGAGCCTTTTAATCTGCTCGATGGTCGCTTTGGTATCACGAGTGTCCGTATTGGTCATGGACTGTACGGAAATCGGGCTACTGCCGCCAATCTGCAGATCGCCGAGTTGGATGGTTCGTGTCTGACGTCGGATAATCATGGAAAAAACACTGCGGTTAAAAATTGGATTGCCTGAGTACTTCGACTATGAACATACAACCGGACGGTTACCACAAAATCTAAAAATCCCGATCCGGACTAACTCTAATCTCCTGCAGGTAAAAGACTATTTAGTGCCTTTTTTTTTCATCTGCAGATTCAATTCAGCATCGGAGGCACGGACATACATGGGAATGGCGGAACCGATTTCAAGAACTTGCCCCTGTTCTGCCAATTCGCCAGCGATCAGCCCCAGACTTGATGCGGATGGCGACCAGAGTTGGGACGGTGCAATGCTGATAGTTTCGCCCAGTTTCTCCAGCCAAAAATCCCTGTACACTGCCAGACCGTCACCAACCATCAGGGTCGGTTCGTTTATTACTTCTGCAAGCGTTTCAGGTGAATAGGCCGCAATCTCCGTCACAGCCTCTGGCGTTGTATTATCCTTCATTCGGTAAAAGCGAGCGTAGACTTCTTTTTTCCTCGCATCGAGTACAGCGCAAATCTGGCGCGGGTCATGGCAATTCGCAGCAAGAATATCGAGGGTGGATACACCGTAAAGCGGTTTATCCGCTGCGGCGGCCAAACCCTTTACAGTGGCCATGCCGATACGCAGGCCTGTAAAACTGCCCGGCCCCAGACCAACAGCATAACCACTGATATCATTTTTGCTGCAACCGGACTCACTCAGCAACCGGTCAATGGCACCAAGTAATCTCCTTGAATGGGTAACATTACTCGACAGGCTCACACTTCCGAGAACCCTGCCATTTGCCCTTGTGCCCAAAGTGAGCGCCACAGTCGAACATGAAGTGGCGGTATCAACTGCGAGGATACAGCCATCGCTTTCCACTACCTGTTTCATTGGGTCAAAATCCGCACGATGTCGTTATAAAAGACGAAGATCATCAAGGTACCAAGCAGTGCCAACCCGATTTGCTGGGCAATGATCTGCGCCCGCTCTCCAAGTGGCTTTCTGCGGATCGCTTCAATGGTTAGAAACATCAGGTGCCCGCCATCAAGCACTGGAATAGGCAACAGGTTGAGGATACCGAGATTGACACTCAACAACCCCATGAAGTAGAGAAGGTTAACCCAGCCGGCTTCCATCTGCTGGCCAGCTATCTGGGCAATCAGGATCGGCCCCCCCAGCTCCGAGGCAGGCACAACCTGTTGAAAGATCTTAACGATACTGGTTACAGTAAGGTCAACATAGCCCCAGGTTTGTTTGCAGGCATCGGTGAAAGCCCCGATCGGCCCTTTATGAACATAATTAAACTCGGCATAGGGCATAATACCTATGATGAAGCGAGGCTCCAGCTCTTCGCCGAACATGTTTTCAACACTTTCATATTTAGGCTGAATTTCGAGCTTCTTCTGGGCGTCTTCACGCAGCACAATCACATCAATTGGCTCACCGCGACTCCCCTGTACACCATGGAGTATATCGTCCCAACTGTCTGTCGGTTCGCCATTGATTGAAATGATAACATCGTTTTCAACCATTCCAGCCATAGCTGCCGGTGAACCCGGTGCGACATTACCGATTTTGGTAGTATCAATCCGCTCAGGTGTACCTGAGAAGAGAAAGAGCAGGAAAAACATCACTACGGGGAAAACGAAGTTGAACGCTGGTCCGGCAAATATTATACCGAAACGCTGACCGACGCTCTTGTGGGCAAACGATATCTCCCGTTCTTCTTTGGGTACATCCTGTTCATCCGGATTTTCTCCGTACATTTTTACAAAACCGCCAAGGGGGATGGCCGAGACGACATATTCGGTGTCGCCCACGGTCTTGCCGAAGAGTTTCGGCCCAAAGCCAAGGGAGAACTTCAGCACCCTGACCCCGAAGAGCTTGGCGAACAGAAAGTGGCCCAGCTCATGGACAAAAATGAGCAGGCCAAGGACGAGTATAAAGGAAAAGGCAGTTGTCATAACTTCACAATGGTTGG
CP050699.1_gap120	5048036	5050693	2657	TGTAAAGAAAGATAAAGAACGTGGCGGCAAACAGCCCGAACTGAATTCCAGCAGTATCGGCAAAGTACCAGCCACCCAGATAGGGCAGCAATAACGTGGCGATTGAGAGCACCCTGGTGGAGATAGACGGTGGACTTTCCAACGCCATATCCAGATACTCATTAATGCCGATAGCGGTGACTATCAGCATCACCAGTTGAAAATAGAGAGGCGTTCCGGCAAGTAGTAGAACAACCCAGGCAATTGCCAATAAAATTCCGGGAAAAGTACGACTCATAATCACTCGGCTGAAACTTGGGCACTGGTTTTACCGTAACGGCGCTCTCTCATCTGAAAATCGCTGATCGCCTGCAGAAACTGCTCCCGGCGAAAATCAGGCCACATGATATCCGTAAAAAATATCTCTGAATAGGTAAGCTGCCAAGGCAGAAAATTGGAAAGGCGCGCCTCACCACCGGTTCTGATCATGAGATCGGGGTCTGGTAGTCCGGTGGTGTAGAGGTTATCATTGATTAGCTCAGGGGTGATCGCAGCTGGTTCGAGATCACCTTTTACACAGCGCTCTGCAAGTATCCGTGCTGCCCGGGCCAGTTCATCCCTGCCGCCATAGCTGAGTGCCAGATTCAGCACCAGCTTATCATTTTGCCTGGTAGCCTCAATCACCTTGCTCAGTGCTTTTGCGGCACCTTCCGGCAGACGATCGAGGTCACCGATGCAGCGCAGCTGTATCCCGTTTTTCAATAACCTGGAAAGTTCAGCTGAAAGATATGTTTTCAGAATAGTCATCAGGCCGTTTACTTCCTGCTCAGGCCTGTTCCAATTCTCTGTGGAAAATGCGTATAAAGTAATTGCTTCAATGCCGATTTCACGGGACGTCTCAACAATCGCCCGCACTGAATCCACACCTGCTTTATGACCAAACAGTCTGGGCTTACCCTGTTGCTGCGCCCACCTGCCGTTGCCATCCATAATAAGTGCAATATGGCGCGGCAGACGTTTGGTGTCTATCGCCGGGTCAATGACCATGGTTCTCCCTGAAAAACATGATTTGTAGGTAGAACGAAACCGAAAAAGAGAGTCTACCATTATTTCTCATGGGGGTGGTTCACTAGAGATCTCCGCAATCATTGGAGAGTGCGTACCTAATCCTCATGAGAAATAATGGTTATACCTCCAGAACCTCTTTCTCTTTGGCAGCGCTTATCTCGTCAATCTGCTTAATATAGCTGTCGGTCTCACTCTGAGCATCATCCTGCAGCTTGAACAAATCATCTTCAGAGATTTCCTTATCCTTCTTCTGCTTTTTGAGGATGTCGATGGCATCTCGGCGAGAGTTGCGAACGGCCACACGGAACTCCTCAGCAATTTTCTTGACCTGCTTTACCAGACCTTTACGACGCTCCTCGGTCAACTGAGGAATATTCAAGCGTATAACTTTGCCGTCGCTTATAGGAGTAAGGCCAATATCTGACTTTAAAATGGCCTTTTCAATGGCAGGAACCATTTGGACATCCCAGGGTTGAATGGCAATCATCCGACTCTCAGGGATCGTCAGTGTTCCAACCTGGTTAACTGGCATTGCGCTGCCATAGGCATCAACCATAATTCCATCCAGGAGAGAAATTGAAGCGCGGCCTGTACGAATTTTCGACAGTTCGTTTTTGAACGTCTCAACGCTCTTCTCCATTTTCTCAGCCATATCCAGTATCACATCACTCATGCTTTTACCTCTGCTCTCTGATGAATTATTTTCAATGGTCTTATCAGGACGTTATCAGGGTACCAACGGTTTTTCCGCTTACAGCCTGGCGGATATTACCTGAAACACTCATATCAAGTACCATGATCGGTTTATTGTCTTCTTTGGCCAGAGCAATGCCAGCCGCATCCATAACCCGAAGTCCTTTTTGCAGAACCGTATCGTATGTCAATTCATCATACTTGACAGCATCAGGATAAACAACAGGATCCTTATCATATACGCCATCTACCTTGGTGGCTTTAATCACCAGATCGGCATCAATCTCAAGTGCACGCAACACACCTGCAGAGTCGGTTGTAAAGTATGGATTACCGGTACCAGCGGCAAAGATTACAACCCTTCCTTTCTCAAGATGACGGGTAGCACGTCTTCTAATATATGGCTCACAAACCGACTGCATCGGAATTGCCGACATAACTCTGGTGATAACACCCTTTCTCTCAAGGGCATCCTGCATCGCCAGGCTGTTCATAACAGTGGCAAGCATGCCCATGTTATCGGCCGTCGCACGGTCCATGCCCCTGCTTGCGCCTGCAACACCACGAAAAATATTCCCTGCTCCGATAACGATACCCGGCTCTATACCCAGCCTTACGATTTCTTTTACTTCTTCTGCGACAAATTCCAACACATCCGTGTTAATTCCGTAAGAATCGTCGCCCATCAAGGCTTCGCCGCTCAATTTCAGAAGGATTCGCTTATACTTAATTGACTGCATCCCGCATTCCTCTCTGTTTGTTGTTTTCGTTATACTGACAGGTGCTCAAAACAAATCCGGCCGGCTGTCTTGTGACGGCCGGCCGGTTAACAGGGGAACCTTACTCGGCACCTACCTGGAATCGGGCGAATTTCTTAATCGAAATATTTTCGCCCATGGTCGCAACCACCTCATTCA
CP050699.1_gap121	5056051	5058001	1950	AGCCATATCTTTTACCTGTTCGTTTAATCGATCGTTTATTTACGGCGTGCCGCTGCTCCACGACGCGGGCCCTTACGGGTTCGCGCGTTGGTCTTAGTTCTCTGCCCACGTAATGGAAGACCCATACGGTGACGACGACCACGGTAACAGCCAAGATCCGTAAGACGTTTGATGTCCATGGACACCTCGCGCCTGCGATCACCCTCTACTACATAATCAGCTTCAATAACCTGACGAAGTCTATTGACATCCTCAGCGTTAACGTCATCGCTGTTCATGGTGTATGGAAGATCTACAGCATCGAGAATCTTCCTGGCCGAGGTGAGCCCGATACCGTGAATATAAGTTAATGCTATGTCTAAATGCTTGTTTTTTGGGAGGTCAACTCCAGCTAATCGTGCCAAAACCTATCTCCTTAGAGGAAGTGAATATTTAGCGTAAAAAGTTTGATTATCCCTGGCGCTGCTTATGCTTTTTCACCTTACAGGAGACACGCACAACACCGTTACGCTTAAACACTTTACAGTCACTGCATATTTTTTTTACCGATGCACGCACTTTCATAATAATCAAACTCTCATTTTCTCTTTTTGGCGTTTTTTGCCCTAAATGTAACTCTGCCCCTTGTCAAGTCGTATGGGGAGAGTTCTACTGTTACTCTATCACCAGGCAAAATTTTGATAAAATGCATTCGCATTTTTCCTGATATATGGGCTAGAACTTTATGTCCGTTATCGAGCTCCACGCGGAACATAGCGTTCGGCAGTGGCTCGATAATAGTACCTTCAACTTCAATAGCTTCTTCTTTTGCCATGGAGGCTCCTGAAAAAAGTAGATTTCAACTCAAAAGCGAGGAATATAATACATCTCGGGAAAAATGAGAAGTATTATTTGTTCTTCAAACGAAATTTTCACGAGAACTCAATATTAAAGGACCATTGTCGGTCACAGCAACTGAGTGCTCAAAATGTGCTGAAGGCTTCTTGTCAGCTGTAATTACTGTCCAACCGTCACGCAACACCTTTACTTTGTAAGTCCCAAGGTTCACCATCGGCTCGATGGCAAGTACCATACCAGAGATGAGTTTAGGTGAGCGCTCGCCTTGGAAAAAGTTAGGTATTTCCGGCCCTTCATGTAATGCAGTGCCAATTCCATGCCCAACAAACTGACGAACTATGGAAAAGCCCTCTTTTTCAACATAACCTTGAACAGCTTTTGAAATATCGCTAATGCGATTTCCAGGAACAACCTGTTCTATGGCTCTGTCGAGAGACTCCTTCGTCACATCCAAAAGCCGCTGCTTTGCAGAATCTATTTTTCCAATAGGGATGGTAACTGCGGAATCACCATAGTACCCTTTAAACTTTACTCCGAAATCGACAGAAAGAATGTCGCCCTTTCTGAGCTTGCGTTTTCTGGACGGAATGCCGTGAACAACCTCCTCGTTTACAGAAACACACAAACTTCCGGGAAAACCACGGTAGCCCTTGAAAGCCGGGACTGCATTTCTCTTGTGACAGAGAGCCTCAGCCATCTGATCAAGCTCCAGGGTGGTCATTCCCGGTTCAGCTGTTTTTAAAAGCATGCAGAGAGTCTCAGCGACAATCTGATTTGCTTCCTGCATAATTTTTATTTCATCGGGGCTCTTAACCACGATTGATTTTCCGCAACTCGGATCAGCGCAACTCACGTATTACTTCCTACCCCGAATTTTACCCTGCTTCATGAAACCTTCGTAGTTTCGCATGTGCAGATGAGATTCAACCTGCGAAATGGTATCAATACAGACACCAACTACGATAAGCAGAGCTGTTCCCCCAAAGTAGAACGGAATGTTAAATTTGGAGATCATAATCGTAGGCAGTACACATACGGCACTGAGATATATTGCTCCCACCACGGTAAGCCTTGTTAGAACCTTGTCAATAAACTCGGCTGTTTTCTTGCCTG
CP050699.1_gap122	5085682	5090020	4338	GAATGTAACACTCTGCCTCAAAATTGGTGTGAGGGGTAATAGAACCTGGCTTGGCAAGAACCTGGCCACGCTCAATTTCTTCACGCTTAACACCACGAAGGAGAGCACCGATGTTGTCACCCGCCTGTCCCTCATCAAGGAGCTTACGGAACATCTCTACACCAGTACAGGTGGTCTTCTGGGTCTCTTTGATACCGACGATCTCAACTTCCTCACCAACCTTGATGATACCACGCTCTACACGACCGGTAGCAACGGTACCACGTCCGGAGATAGAGAATACATCTTCGATCGGCATCAAGAAAGGCATATCAACATCACGCTCTGGTTCTGGCACGTAGCTATCTACTGCGTCCATGAGCTCCCAGATGCAAGCTGCCTTCTCTTCATCTTCCGGATTCTCAAGTGCGAGAAGGGCAGAACCCTGAACAAACGGAATATCATCACCAGGAAACTCATACTTGTCGAGCAGCTCACGGAGCTCCATCTCAACGAGTTCGATAAGTTCCTCATCGTCAACCATGTCACACTTGTTCAGGAAGACAACGATAGCCGGAACACCTACCTGGCGAGCGAGCAGAATATGCTCACGGGTCTGAGGCATAGCACCATCGGTTGCGGCAACAACCAGGATCGCGCCGTCCATCTGAGCCGCACCGGTAATCATGTTCTTGATGTAATCAGCATGGCCAGGACAATCAACGTGAGCGTAGTGACGTTTATCAGTCTCATACTCTACGTGAGCGGTCGCGATGGTAATTCCACGCTCTTTCTCTTCTGGCGCTTTATCGATCTCACTGAAGTCAGTAAAAGATGCCTGACCTTTAGTAGACAAAACGCGGGTAATAGCTGCAGTCAGTGTGGTTTTACCATGATCGATGTGACCAACAGTACCGACATTGACATGCGGTTTAGTCCTTTCAAATTTTTGCTTTGACATATCTCTTGTCTCCTCAGGCCGTTGAAAGTTTTCTTATTCAATAGTATTCAAATAAAACTGGAGCCCACGACCGGATTTGAACCGGTGACCTCATCCTTACCAAGGATGCGCTCTACCAACTGAGCTACGTGGGCACCTAAAACTACTTCTGTATAGACAGCATGGAGCGGGAAACGAGACTCGAACTCGCAACCCTCAGCTTGGAAGGCTGATGCTCTACCAATTGAGCTATTCCCGCTCTATCTTAAAGTCTTCTACCATGCTGAAAGGATGGTGGAGGGGGGAGGATTCGAACCTCCGAAGGCTGAGCCGACAGATTTACAGTCTGTTCCCTTTGGCCACTCGGGAACCCCTCCTCGCTATTGAGCGCCTGAATAAAAGACAGGCACCTATTTATACCCTTCACAGCACTTTGTAAAGTACTTTTTATTTTTTTTTGGAGCTGGCGATGGGACTTGAACCCGCAACCTGCTGATTACAAATCAGCTGCTCTGCCAATTGAGCTACGCCAGCTTACAAAGCACGGGAATATACACTTTCGGTATTGTTAATTCAACCTCTTTTTTCCATTTCTTTGTCTTTTTTTATACAAAAGTTCCTGCCCTACACTCAGCCAGCATGTGAGAAAAGCGATTTTACAGCAACTTGCAAAACCCATATAGAGTCAAAGGCAATTATCGCTTTATGAGCTTTTTTTTTCAAGTGCTGAGACTGTGAATCCCGGCACCCTGTAAACATGCCACTGTTGAAGTACCGGACAACGGTACAACTTCACAAGCAATGGTAAGACCCTATTGCGATCCAGTCCAGTCCTGAGTTGCATTCTATTAATTTTTTTTATGCGCTTTCCAAACGCAAACCGCTCCACCTTCACCGCTAAACGCAAGAAGGCCGATCCCTGTCACAGGAATCGGCCTTCTTCTTATGCCATTAGCCATTAGCGCTAATCTTACAGCTCATTAACGTTTTTTGCATAGCTACTTTCGCGATACTTCTCAAAACACATCGCTGTGGTTCTGTAGGCGATATGTGCGAATTTGGTGTATGGCAAATACAGGAACAGCATCATTACCGATACGAGATGCAGATAATACACGATATAGCCAAGGGTAGGGAGACCAGCGAGACGAATAAGCTCAGCTCCAAGACCGGTTATACCTACTGCCATGATTTCCCAGATCAGGAACCAGTCATAGAAGGTATTGCTTGCCTCACCTTTTTTCTCCATTTCCTTGCGGTTGTTCCATAAAACCCAAATACCGTAGAGAAGAGCAACGGCAGAAACATTAGCAAGAATTTTGAACGGATCAATCAGGGAGAGTGGTCCGTGGAGGTGTGGCCAGATAAGCCCCAGCACATCGTTCTTGAACAAGGACCAACAGGTAACTATAAACAGTCCGATGAAGGCCAGCACAAGAGGCAAATGACCTTTTACACGGTCTGTGTTCACTGTGCACTCACGAAACCGGCTGTGCTTCATGGTTTCCACAAGCGATGGCCAAAGGAAATCCTGAAAAAATCCTACTACAGATGGCCTGAAGTTGGAGCTAATTCCAGCGTTGCTGCTCATCGCCTTCCACATCTTGGTGATTCCCATAAACAATGAGAACACAGCTAAGCCCAGCGAAGGCACCATAAAGAATACGATAAAAGCAATATTCTTTGCGTACCACCTGAAGTCCCAGTGACCAAAGAACTCCTGATATCCTTTCTTGGCAAACTCTTCAGTGCTTGGAATATGCATCGCACCAGAAAGAAACCAGAAAATAAGGATGATAACTGCAGGAATACCAATCAACATCGGCAGATTCTTTGCACTTGTGCAAAGCTTAGCCAGACCGGCTGGCCAACCGTAGAAGGTATAGGCAAAGGAACGAATTGCACCAAGTACCTCACCTGGCTTGGCACCACGTGGACAGTTAGCGGTACAATCACCACATTGGTGACAGAGAAACACATCGGGATCAGCAACGAGATTTTCTTTCATACCCCATTGGGACCAAATCATTTCCTTTCTTGGAAATGGTTTCTCATCACTGGAAAGAGGACAAGCAACAGAACATGTTGCACACTGATAACACTTTTTTAAAGTGTCACCTCCAGCCTCTTTCAGAGATCGTATAAATTGTAAATCCGGTTGAACATTCATTTTTCCCCTCCTGTTATATTATCAAAAACTACAAATCATGATCTCATGAAATTACTAAACTCAAACTCCGAGTATTCCTCAAACCGCGGAGAGCAAGCCCCCCGCGGAACGGTTCATGATATACAACAGGTTAGAAGCCTTTGAATGGGTTCGGACCCATTTCAACGATCTCTTCGACAAAATCGTTAATGATCTGCGGAATCTTGTCGTAATCAGTAATTGCAACCTGCTCAGCAGCACATCTCTCAGACTCAAGGCCGAGACTGGAGAGAGTGTCACCGATATTTTCCATACGCTTGGAAGCAATCTCGGAACCTTTAACAAAGTGACACTGATAATCGTCGCCATAAGTACAACCAAGCAGCATAGCACCGTCCATACCAGCAGACAGAGCATCACGGATCCAGGCCATATTCACAGAACCAAGACAGCGTACAGGAATGAATCGTACCATATGATTGAGACCATTACGCTTCATACCAGACATATCGAGTGCCGGGTAAGCGTCGTTTTCGCAAACAAAAACGACAATACGCAGTCTATCATCATCGTCCTCAGGTACTTCAATGGCCTTAACCATCGAACCAATCAGATCAATGTTGTAATCCTTAAATCCGATAATACGTTCCGGACATGCACCCATACAGGTACCACATCTACGACAACGGGTCGGGTTAGGCAGCGGAGTACCTTTTTCATCATCATCGAGAGCACCGAACGGACACTCCTCGGTACAACGCTTACACTGGGTACAACGCTGCATGAAAAATTCCGGGTAGGTTGCATCACCGGAACGAGGATGAACAGATACGCCGCGATCAGTTGACTCGAGGCACTGAACAGCTTTGAGTGCAGCACCGGTTGCATCATCAAGCGCTTCATCCATGGTCTCAGCCTTACGAACGCCACCACAGGCGTAAATACCTGTTCTTCGGGTCTCGTATGGGAAACAGATGAAATGAGAGTCAGCATAACCGTCGAACAGGTCGAGATCGTTAAAGGCTGGTCCCTGGCGATAAGCAAGATTAATGGTGTTCTCATGCAGGGTGGTTGGCTCCATACCTGCCGCAAGAACAACCATATCCACTTCAAGATCAAGGTTTTCGCCAAGCAGGGTATCTTCAACAGCCACAGTAACCTTGCCGCCGGCCTCGCCGACCTGCATCACGTTACCTTTGGTCATGAAAATACCATCGTTTAGCTGAGCAGCCTTGTAAAACAGTTCCATGGAACCTGGAGTACGCATATG
CP050699.1_gap123	5103675	5108079	4404	CGCCAAAGGTGGGGTTGCGACCGATATTGATTATGCCACCATAACATTTTCCGTCACAAATAACTTGTGAAACATATACCCCCAGCCTAGGCACCAGGTCCTCTTTGGCAAAACGAAGGTTGGCAGTGGGAAAGCCGATCTGCTTGCCGCCACGTTGTTTTCCGTATTGTACTTCACCGCGGATCTGGTAACTTCGACCGAGAAGCCTTCGGGCCTCGCCCATGTTACCTTCTGCAAGCAAAGTTCTTATACGGGTTGAGCTGACAAGCATATCACCTACATACTGAGCCTCGACTACGGTCACCGAAAATCCTTTCTCTTCCCCTTGCTTTTTGAGAAAGGGGATATTTCCTGACCGGTTTTTCCCAAAGGCATAATCGTACCCCACCACCAACTCTTTCATGCCAAGTCCACCGAGCAGAACTTCGTCGACGAAGTATTCGGCCGTTGTCTTGGCAAACTCCTTGGTAAATGGGACGACCAGCATCACGTCGATACCGGCCATCTCAACGAGCTCTATTTTCTGCTCGCAATTGGAAATCAGCTTAATTCCCCCAGGCCGAAGAACCTGCAGCGGATGAGGGTCGAATGTTATGGCAACACTTTTCCCGTTCAGCCTGTTGGCCCTGGCCGCAACTTCGGCAAATAACTGCTGATGCCCAAGGTGAACACCATCAAAATTCCCAATGGTGACACAGGCGTTAACCAGCGGTCCGTCGATATCCTCAATCTTCCTTACTATTCTCATTTCTTAAAAACTAATTTGATATTTTTTTAACTTTTGTGAAAAATAAAGTGTTGACAAAAAACTCACGATCAAGCATTATCACGGCCGTTGTCGCAAGCCGAAGTGGCGGAATTGGTAGACGCGCTAGGTTCAGGGTCTAGTGGGGGCATCCCCGTGGAAGTTCGAGTCTTCTCTTCGGCACCAAATGAATAAAGGGTTACAGTCTTCATGACTGTAACCCTTTTTTTATTTGATAGTGAAATCATCATCGAATCTCCTTCCTTAATGTAGACAGTGCTGGCCTGGCGGATTTGCATCCTAAACCAAGTGCATAACTTTATATTCTTTTGTCTTGCCCTGCGTATCCCGGCATACTCTCCATGTCCGATAATCCGTACAATCTGCTTTTCGGGCCACAGATACAGAATGCCCAGAAAAGCAGGATGCCGTATATCATGAAATCGCCTTTCACGCAATCATGTTAGAACATCCGGAGGATGAGCAGCCAGCCGGAAATGCATACCCTTTCTCCAGCAGCCCAACACAAGCAAGCCCGGCAGGGATCTGATGATGACACTGACACTATGTACATAAGTTATAAAAAAACTACTCATTTTCAAAAAATCCCGATACTATAGCCGATCTCAACTGCCAGAGGATCTGTAATCAAAATAATTTTGCCAGGAATTTCGAGCCGACTTGATTTCTACATGGTGGTACCACCACCTCCTTCCACTCCAATATTTTCATAATCAAGCACGATTCTTCTTGATATATAAAGAAAATTTAATAAATATTTCACTTTCACTTTCACTACCCTGCATCATTCTCTTGAAGGGAAAATGAAAACCCTGACAACCCCGCAAGGGTGGCTATATCAATAAAAGTTATAGGTTATTTCAGCAAATCTGAACGTTTGCTGCCCTTTCCTTTGCTCCTTTCACTGTTTCACTTTCCGACATACACCTGAAACTTTAACAACTTAGAACGAAACCCAACCTCGATCGCCTCCGAAGTCAGACCTTGACTGCACTCTGAAAAGACCCTAATATGAGGCTTCGCACATTAATCATCTGCCTGATTTTTAAGGCGGATGGAGCAAATATTTCATTTTTCTAATCGAGGAATTCAAGAATGCTTGAACTCAAAAAAGGTGTAGATATCCTGGAAGCAGTCGGAGGAATTGCTACCATAGAGGATGCAAAAGCCGTTCTTTCCGAGCGACTTGACGAAACCAACCAGCAAAAGTTATCCGTTGTAAAAAATCAGGATGCTCTCATCAAGATCGCCAACGCTATTGTAATGTGCGGCCCTGAGAAAGTTTTCATCAATACCGGCAACGATGATGACCAGCAGTGGATTCGTGAGTATTCCCTGCAAAAAGGTGAAGAAGCCAAGCTTGCCAAGCCAGGCCACACCATTCACTTTGACCTGCCTCAGGACCAGGCCCGACTGGTGAATCAGACCTATTACATCATCAACGAAGGCGAACAGATGAGTTCGCTGGCAAAATCGCTCTTACGTGACGAGGCTCTGGACTACGTAAAAGAATTCATGCCCGGCGTTATGGCCAATAAGGTCATGATGATTGGCTTTTACGCACGCGGTCCTGTCGGAGCTGAAGCTGCCATCCCAGCCATAGAAATCTCCTCTTCATCCTATGTTATGCATTCTGCCGAGCTCCTCTATCGTAACTGCTACGAGGCTTTTGACAAGGAAACTGAACGAGCCGGACTTTTTTACACCAACGTGCACGCCGAAGGTAATAATACCCCGGAAGATGTACCCAATGCCCGGATTCTTATGGACAGAAGCTGGCAAACCACGTTTTCTACCTTCTGTACTTATGCAGGTAATACCCTGCTGCTTAAAAAAGGTAATCACCGGTTTTCTGTCGATTACGCGACCTATTACAAACTTGGCGAGCAAATCTCCGAGCACATGTTTATCACAGGCCTGACCGGTCCCAACGGCAGAAAAACCTTCTTCGCCGGTGCTGCCCCTTCCGGATGCGGCAAGACAACCACAGCCATGGTCGGTACAGACTTTGTCGGGGATGATCTGGCCCAGATGTGGATCGCAAAGGATGGTTCTTTACGGGCAATTAACCCTGAAAAGGGTATTTTTGGCATAGTCGAGGATGTTAACCGGGAAGGTGACCCGTACTTGATGGATTGCCTGCGTGGTGACGGCACCGAAGTAATCTGGTCCAACGTACTGATAGATGATAAAGGTGTACCGCACTGGGTCGGTAACGGTGAGCCTGTACCAGAGAGAGGCATAAACTTTCAGGGTGAGTGGTACAATGGCAAACTCAACTCAGACGGCAAGCCAGTTCCCATGTCACACAAAAATTCACGCTGCACCCTGCTTGCATCCGCCATCGCCAATCATGCCACCGAGATCTCCGAATCCCCTGAGGGAGTGCCGGTAAAAATTATTACGTATTCCGGTCGTGATGCCGATACCATGCCACCCGTCTGGGTTGCCAAGTCAATGAACGAGGGTGTTGTGATAGGCGCTTCCATCGTATCAAAGGCCACGGCTACCGAGGTGGGCGCCTCCGGTGTACGCAGACAACCCTGGGCGAACGCACCTTTTATCCCCGGTGCTCTTGCCGATTACATGAAAGCTCAGTTTATCTTTTTCAATTCACCCGAGTTTTCCGATTCTGACAGACCAATCATGGCCGGACTCAACTATTTCCTCACCCATGAGAACAGAGGTGGTTCAGGGACCGGGTTGCTTGGTGAAAAACGGGATGTGCGCGCCTGGCTCGGCTGGCTTGAACTCTATGCACACGGAGATGTAGAGGCCATCGAAACCCCGATCGGCTTGATTCCGAAATATGAAGACCTGAAGAAACTCTTCAATGGAATTGACAAGGAATATCCTAAAGCTCTCTACAACATGCAGTTTGCCCTCTATGTGGATAATATAGTCGGAAGGATTGATCTTCAAACCGACGCCTACCAGAAAGAGACTGGCATCCCTGTCGAGCTTTTTGAGGTTTACCAAAGGCAGAGAAATGCGCTTATTGATCTCAAGGCCAAGTACGGAAGTGTTGTCAGTGCTGATGACCTGATCCTGAGTCAGCCTTAGGCGGAAACAGCTTTTTCACCGCTCTGAAAACGAGTTACATACCAGAAAATTCAGGTCGAGGGTCCCCACCCTCGGCCTTTTTTGTTTTTTGGGAAAAAATACGTCTTGCTTACAAACAGTTACCTTGCCAACTCAGCCAACCGGACCTATTGTAGAGGCTGATAAGTTATGAGAGAAAAAACGCCTGACAACACAAACCACGCAACCTCATCTACATAACCTCGCTACACGCACATCAGGATGCTCCCCGTAATTTCCAGGATTGAACGTGACTGAAAACCAGCACCCTACCCAGACAGTTACCCAGACCAATAACCAACAACAGGCAAACCTCTTTTCACTGGTGCTCTCTGCAGCACGAATCAATCACACTGTGCAAAAGATTGATTCCGCCAACTGGGAGATACACGTCAACCATCAGGATTACCCCAAGGCCGATTACGAATTGGGTGTCTTTATCGAGGAAAATCGAAACTGGCCGCCAAGCCAACCGGCTCAGGATCAATTTGCCCCAATATTTCAGGCACACACCCTGCTCCTGATTGGCATAATGGTTCTCTTTTTTTCTGTTACCG
CP050699.1_gap124	5111347	5112960	1613	ATTCATGCCATGACCGAAAAACTGAAGGATGTCAGCGGGTACTTCATCCTGATTGAATTCTCCGAGGATTTGTGCCTGCCCTTCAGATACCACAGCATTATACACATGGTTGGCAGTAGTCAACGCCAACAGGATGACTCCCTGAATAGTGTCCAGTCGCTGAATTTTTACCACAGCCTCTTCCCGGGTTTCCGGCAACACCCTGTAAAACTCAAGCAAAACCTCCAGCGCTTCAGAGTTATTTTTGTATTTCTCGACCAATTTTTTCGCTGAATCTCTCTCGGAATCGGTTACCCCGTACTCGATAAATATATCTAGTTCTCCGATCAACTTCTGCTGGGACTTCTCGGGCAACATCATTTTCCTGACTCCTGTATTATCAATTCTCAATGTAAAAGTATTATTTTCAGGCCACACTGCCTGGCTAAACCTCAGTCACTTTTTTTGCAAACCGCTATAAATTACACACCCGTCATTTACCAGGCACTAAAAATTGTCGCAAACAGTAGCTTGAAATACATTCAGGAGTGGTGCTCACCCATCAAAACAGTACCCCAGCTCATGAGCTGACAGGTGGCTACCTGCAAGAGCTCAACTTTGATTGTTGCGTAACCTTCGTACAGCCTCATGCGAACCGCTATGCCCCGCCTGACGGGCAACCACATCGAAATAAAAAGAAAAATTGCGTTGTTCTCTATTTTCGGCTATATTACTGACGAATCGATGGAAATACGGTCCCAACATGGTCATCTGTTCACCCCGCTATCAGCACCATGCCAGCCCGCCAGGACCGCTCCTTTCGGCAGCAAATTTCATGCACCCAGACATTTTCATTCTACTGTAATCGTACCGTCTGTGCATCAATCAGCAGTAACTTTCCCTAACGCTTGCCGAATAAATTACTGAAGTGTGTGTTACCATTTCTGGTCACCGTTTCAACAGCTACGAGGTATACCTATGTCCCAGGAATTTGCGCAGCTTTGTATTGATGGTCAAACCTATACTCTTCCGATCGTTGAAGGTACTGCTGGTCAAAAAGCTATTGATATCAGAACGCTACTTAAAGATAGCGGCTACATCACTCTCGACAGCGGCTACATGAATACCGGCTCCTGCACCAGTTCCATTACCTATCTCGACGGCGGAAAAGGAATTCTCAACTACCGCGGTTACGCCATTGAAGATCTCGCAGAAAACTGCCAGTTCATCGAAGTAGCCTACCTTATCCTCAATGGGGAACTGCCGAACTTTGAGCAACTCGAACAGTTCAAAAGGGATATGCGTCGGTTTGCCCTGATTCATGAGGACATGATCCATTTCTTCGATCACTTCCCGCCTAACGCCTCACCAATGTCCATCCTTTCCACCATGGTTGGTTCGCTGCACAATTTCTACCCGGAAATGGATGTCGAAGAAGATCCTTATGGCGGAATTATTGTAACCACTGCACGACTAGTGTCAAAAATCAGAACAATCGCAGCCTTTTCCTATAAAAAGAATATAGGCCATCCATTGGTCTACCCCAATGCAAAATTGAACTATGTGCAGAACTTCCTGCACATGATGTTCGATCGTCCAAATATGCCCTACGTCATCAAACCTGAAGTGGCTTC
CP050699.1_gap125	5116269	5120008	3739	CGTGGGTCATCATGCCCTTACTGTTGGAGAGAGGTTTAACCCCATGGTACGCTCGGTAAATATAGGCGCTGCCATCTATTAAGTAGACATCTTCTTTCACGAAATGAACTCCTTTGGCGACTGTGTTTATATGAAAATGTTTGACCTATCTATACCGCATCACCGATTTCTACGCATGTTTTAATCTCTGCCATTACTGCGAAAGAACATTACCCATTCATTCCCTGGCACAGAAAAACGCTCAATAAAAAAGGCCGCAGACAAAAAACGTCCGCGGCCTGAAATGTTAATATGAGACTCTACTATTACCTTGCGGGCCTTACCCATGAGGCTTGCGGCCCCTTGTCTCCTCTTGTTTCACCAAAATAGACGCTGTCTCCTTCGGTAAGCTGCTCCATATCAATATTTTTCAGCGCATTTTCATGAAAATAGATATCTCTGTTATCAAAAGAGGTTATAAAACCATATGACTCAAAAGGGGATAGTTTACGAATAACTCCTATCTTATCTGTTTCATCGTTGGTGTGTGCCTTAACGTTTTTCCTCTTCTTGCGAAGACATTCCTTTAACTGTAAAGCCAGGATATCAAAGGCCTCTGTCAGCAGCGGTCGAACGGTTTCTCCTTTTCTGGCAACAACTACTGTGTCATTCGGAATAGTCGCGATAATCTTGATCTCAAACCCTCCTTCCTTATGATGAGCAGTTCCTTCGATGGAGACGCGCAGGTGAAGAACCAGACCGGCGTAATGACGCACCAACTTGTTCTTCTCCTCTTCGATCTTAGTCTGCCATCCTTTGCGTAACTCAACATTCCGGGCTTCGATCTTAAGTTCCATAGAGTTCCTCCGTTGAATACTTCGATAGTGGTGCACTTTCTCCACCATCCACTGCATGCGACGTAGCGCATTCCCTGATGATTTCAGAACAGAGCGCCTTACCGGCCAGAGATAACCTTCAGCCACTCTCGTTCATCACCTTTACTTACAGTATATTTCGCAGAGGCTCAGAATCAAGCTTAGGGAAGTTGTTTAGGCACAAGAAAATTATGATCCAAACGAATTCGATATCGAATATTGGCAAAGTATGGCGGATTGACAGGGAATACAGTAGAATGTATTCGCCTTTCCGATCACCACCCCTTTAACTATTCGTGATTAAATGAATAATCATCCAGTAGGTATTGTTCTGCTCAATATGGGCGGCCCGGACACTCTTGAAGATGTCCCTCAGTTTCTCTACAATCTCTTTTCCGACAGAGACATAATTAAACTAGGGCCTTCTTTTTTGCAGAAGCCACTCGCCCGTTTGATTTCCAGACGAAGAGCTGCCAAAAGTCAGTCCATCTATAAAAAAATAGGTGGTGGCTCTCCGCTAAGAAAAATAAGTGAGCAACAGGCTGCCCGGCTGGAAAGAGAATTATCCGCAGACGGGAAGTTCATCGTTCGTGTTGCTATGCGGTACTGGGCGCCGAGCTGTGAGGAGGCCCTCACCGAGTTAGCGGACAAGGGTGTTGCAAAAATTATCGCCCTGCCTCTCTACCCGCACTACACCAAGGCAACCTCCGGATCTTCCATTAACGACCTGATCGCTACCCATAAAAGGTGTATGCCTCAAATCCCGCTGGAGATTGTCCGTTCGTGGCCGGAAGAACCTGGGTATCTCGATGTTCTGGCCCAACGAATCTCTGCTACCGCAGAGGAATTCAAGGGAGAGCCATTCGAGTTGGTTTATAGCGCGCACAGCCTGCCGGTGTCGTTTATCAAAGAAGGTGATCCCTACGTTGATGAGCTCGCTAAAACCATCACCGGTATCGAGGAGCGGTTGCAGCTCAAGGGAACACTGTGTTACCAGTCGAGAAGTGGCCCCGTCGAGTGGCTCTCGCCTGAAACATCTGAGACCATAGACAGGCTGGCAGCCAACGGGTGTACAAACATTCTGATGGTGCCGATAAGTTTCGTTTCAGATCACGTTGAAACGCTTTATGAGATTGATATGCTTTTTAAAGATCACGCCGCAGAGCTTGGAGTTCGCCTTATTTCAACTCCCTCGCTCAATTCTGACCCAGCTTTCATCTCGTCCCTGCGCTCCATCATTCTTAGACAACTCAAAAACAACTAACCTGCTGTGTAGAAAAAAATGGGGATGAGCTGCCAGCATACAGCTCATCCCCATTCAGTTATTGTCTTGAGTCAGACAGGTCCAGGTAAAATATCCCCACCGTTCCAACAACAGATCCGCAGCTGATGACTAGGTCACCCCGGGAGGATTATGGGTCTGAAATCTTCTCATCCGCACATTCATCAAAATTCCCAACGCCGCGACAGTGGTCAACAAAGAGGACCCGCCATAGGAAACCAGTGGCAAAGGAATACCAACAACCGGTAAAAATCCGAGTATCATCAAGAGATTTATTACCGCCTGCCAGAAGATCAACATAACAATTCCATACGCAAGCAATACACCAAACCTGTCGCGGGCATTCATCGCCACATACAGTCCCCAGAGCAGCATAAAAAAATAACAACCGAGAAAGAAAAGACAACCAACAAAGCCCCACTCCTCTCCCCAGACCGAGAAAGCAAAGTCGGTGTGCCGCTCCGGCAAGAAGTGCAGGTGTCCCTGGGTACCTTCCATATATCCTTTACCGAATTTTCCACCACTGCCTACAGCAATCTTGGATTGAAAAATCTGATACCCACTGCCCATCATATCCTGCTCGGGATTGAGAAAGGTTTGAATGCGCTGCTTCTGATAAGGTCGCAGTAATTTTTCCCAGGCGAAAACCACCACCACCAAAGCGGAGGTCCCTAAAGTTGCGATGGTGGAAAATTTCACTTTTACAAAGAGCGTCATCGACACAAAGATGATGCCAAGCATCAGCGCCGTACCGAGATCCGGCTGCAGCAAGATCAGCAAAAAGGGAAAGCCTGTCAGCAAGATGGGCATGAGCAGTTGCTTGAGGTTATAACCGTCGATGACCTCTTTTCTGGAATAATAGCTGGCCAAGGAAATGACAAGCATCAGCTTGGCAGGTTCTGAGGGCTGAAGATTAAAAAAACCAAGGTCAATCCAACGCTGTGCACCACCTGCCTTACTGCCGACAAAGTACGATAGGAGTAAAAGCATGATAACAAGGAAATAGAACGGATAATTCCAGATATGCAGATCGTTATAGTCAAAACTCAGAATGACCAGACAACAGGCCGCACCCATCAGGAAAAAATACGCCTGCCTCAGATAGGGTGGTGTCCCATATGGTTTGGGTGGGTAGGAAGCACTGTAAAGATTAAACAGTGCCATACCACAAACAAGTAGAATAAGCAGCAGCAGTACGAAATCAAAATTTTCAAAATGCCGCCGGTCAACACGAATCATATATATATCCTCTCTCCTGGCTGAAACTCCTTTTTGACCGGTTTCAATCAGGCTTGATTTTCCTTTTCTTCATTCGCTTGTAATTCATTAAGATAATCCTCGAAATACTTCTCAAGGACTACCTTGGCGATAGGTGCTGCAGTCGAGGACCCGCCAAGCCCATGCTCGACAATGACAGTCAACGCAATCTCAGGGTCATCCGCCGGCGCATAACAGGTGAAAAGTGCATGGTCCCGATAATTATAAGGAATGTCATCGTCTTTCAATCCACGGTACTTTGCCACACGAACGACCTGGGATGTACCAGTCTTACCGGCTATTGTCAGGCCATCGATCGCAATTTTACGAGCAGTGCCTTTTTTCC
CP050699.1_gap126	5284409	5285656	1247	ATCAACCGTGCCAAGCTTGATGAACTGTCCGGACTTACTGGTAGCTACGATGCAGAGCTGGACGGTGACTTCCCTGAACACACCTACCCCACCGCCGCCGCACTGCAGCTCAAGGTGGGAGCCCAAGTGATGTTCGTGCGTAACGACAGTTCACACGAGAAACGCTTTTTCAACGGCAAGATTGGTAAAATTACCAGGATGTCCAGCGATGAGATTGAAGTGAGCTGCCCGGATGAACTTGAAACCATTGAGGTTGAGCGCGCGACCTGGGAAAATATTGAATACAGCATCGACCCGGCAACTTCCGAGATCAATCAAAAGACCATCGGCACCTTCGCCCAGTTTCCATTAAAGCTGGCCTGGGCTATTACTATTCACAAGAGCCAGGGTCTTACCTTCGACAAGGCCATCATCGATGCCCAGTCATCTTTTGCCCATGGTCAGGTGTATGTGGCCTTAAGTCGCTGCCGGACCTTTGAAGGCATGGTTCTCAGCGCTCCCCTTACCAACTCTTCCATTCGTACCGACCATACCGTTCAACGTTTTGTCCGTGACGCAGCCGATAATTCGCCTTCCGGCGATAAGCTGGAAGTCTCTAAAATCCGTTATCAGCAGCAGCTCCTGATGGAATGTTTCGATTTCCGGAAACTGCAGAGTAACCTGGCAAGACTCGCTGCCAACCTTCGCCGCAATGAATCCGTTATCCAGGTTTATAACGGTGCTGATATGACGGAAATCGAACGACGCCTCAATGAGGAAATCACCAGCGTCGGTGAAAACTTCCGCCGACAACTCCTTGGGCTTTTTTCTGACATCAGTCAACCGGTTGAGGACAATGTTATTCGCGAACGACTGGCAAAGTCCTCTGGCTATTTTCAAGGCAAATTTTCAGAAATCCTGACCAGCCTTGCCGAAAATCTCTCTATTGAAACAGACAACAAGGAAGTGCGAAAACGGGTGAACAACTCCCTGCAATGGTTTCAGGAAGAGTACGCGGTAAAATTAGCCGCGATTCGGGCCATGACTGCTTTTTCACCGGCGACATATCTACGCGCTCTCTCTGTCGCTGAAATTGAAGCGACCAAGCCGAAGAAAAAAGAGACAGCCCCCACCTACAGCGAAGCTGATGTGGGTCATCCCGATTTTTTTGAGCAGTTGAAAGAATGGCGACGCAAAAAGGCGGGTGAAAAACATCTGCAACTTTTCCAGGTCATGCACCAGAAGACCCTGGTACAGATTGCCGTCCA
CP050699.1_gap127	5308661	5313454	4793	GGGGCTGTGAGAGCATGGCCACCAGCAATTCTATCCGGGTTGCCTGTTCTTCAGCTATCAAGGTCCTGGTACAGAGCATCAGATATCCGGTGAGTGCCTGCACTTCCCTGCACTCAAAGACCGGTTCGTGCCCTTCCAACCGATATGGAATGCCAGCCTCCAGCAGTGAGAGCTCAACCGGCACACTCATGCCATACAGCCTTACCAGCACAACCGCTTCACGCAGGCTTCTCCCCTTCCCCTGCCACAGCCCCAAAAGATCCGCCAGCCCCTGACGCTCCTGCTGATTATACAAACCCAGGCGAGTATCATGGTTGCTGGTATGAGACACACAGAATTTACGGTCACGCTTGAGGTTATGGCCGATCAGATGATTGGCAGCCAATGAGAGGTTGTGGCCAAATCTGAACGTATAGGAGAGTGTATAACGGCGTGGAGCCGGGAAATCGTACTGAAACCTGCTGGTAATATATTCCGGTCTGGCGCCACGCCATTCATAGATACATTGATCCACGTCACCAACCGCCATCACCCTTGCCCGGCTACCGCCAATAAACTTCAATAACTGCTGCTGTACCTCGTTGATATCCTGATACTCATCGACAATGATGTGGTCGACACGGTTGGCAACCCACTCTGCTAGTTGTGGATTTTCTTTCAGCGCCATTACCGGTTCGTGGAGCAAATCGTCAAAAAAGCGAATGTTCTGCTTTAAGCGGCCCTCTTCAAAAAAGTCGTATGCCTGCAGGAAATATTGGTATTTTTTGCTTAAGCCCTGTTGTTCATAGCACTCACCAGGCGAAACTATATCCGCCTTGACCAGCTCGATAAACCTCAAAAATTCTTCAAGATCATCCTTAGAGGCCCAGGCATGATTGCCTTTTTCCTCTTTGTAGGCGTGATTGAGAGCCTGTTTGGCCAGTTTTTCTTTTAAGCCGTCATCACTCACCAGCCTTCGCCTGGGCAATGTTCCTTTTCTGGTAAAACTCTCCACCAACCGCAAGCCAAGTGAATGAAAGGTGCGGATCTCAGGCATACCATAGCCTGTGCTCGCCAGAACCCCGGCAAGTTTTCTCACAAAACCGTCCCGGGCCGAACGGTTGAACATGAGTACCATCAGCTCTTTTGGCATGCAACCGCGCTCAAGCAGAACCCGGATATGCTCCACCATGGTGGTGGTTTTTCCCGACCCGGCAACGGCACTGACCAGCGCATGCCCTTGGCTATGCTGGATGATCTGTTGCTGCTCTTCAGTGAGTTGCATGTAATTTCTCAGGAAGTTACGGGATGTCAGGGCAAAAAAAAGGGCCACCCGATAGAGTGACCCTTTCAATGCCATGGTTGGCAGGGTTGTTTGTTACTTTTTGGAAGGTAACGCGTCGGTAATGGAGCCGTCAACAATTTCCGCCGCGAAGGCGAAAGTTTCTGAGAGCGTCGGGTGGGCATGGACGGTCTTGCTGATATCCTCGGCATCAGCCCCCATCTCAAGGGCAAGCACCGCTTCGTGAATCAATTCACCCGCATTCTGCCCGCAGATTGCCGCGCCGATGATACGACCTGTTTCCTTGGAAAAGAGTGCCTTGGTAACACCGGTAGCCGCCCCGGATGCCAGAGCCCTGCCGGATGCACCCCAGGGAAATTTGCCTTTCTGATAGTCGATTTTTTGGGCCTTGGCCTCTTTCTCGGTGAGTCCCATCCAGGCAACCTCCGGGTGGGTGTAGGCCACGCTGGGGATGGTCATCGGATCAAATTCCGCCTTATGCCCGGCAATAACCTCCGCCGCCACCTTGCCTTCGTGGGTCGCCTTGTGGGCAAGCATTGGCTCACCAACCACGTCGCCAATGGCAAAGATGTTTTCAACTGCAGTGCGCTGCTGGTTATCAACACCGACAAAACCACGCTCATTCAGTGCAAGAGCGATATTTTCACGTTCAAAGTTTTCTGTATTCGGTCTTCTGCCAACCGCGACCAGCACGGCGTCATACTCGCCGCTTTCCGGGGCCTTGGCACCCTCGAACCTGGCCTGGATGCCGCTCTCGGCTGCGGTAACCTCAACCACCTTGGTCTTGGTGAAAATCTGGTATTTCTTTTTCAGTTTCTGAAACAGCGGCTGCACCATATCCTTGTCTGCGGGGGGGATGATATGATCAAGCATTTCAACAATGGTAATCTCGGAGCCCAGTGCGCTGTAAATCTGCGCCATCTCCATACCGATGATACCGCCACCGATGATCAGAAAACGTTTGGGGACAAACTTAAGAGCTAAAGCATCGCTTGAATCCCAGATGCGCTCATCTTCCGGCAAGCCCGGTATCATGAACGGATGAGATCCGGTGGCGATGATGCAATTGCTAAATGAGATCTCCTTGGCACCTTCCTCACCTGTGACCTGCAAGGTCGTCGTATCTTTAAAACCGCCTTTACCCACAATACGCGTAATCTTTCTGGCCTGACAGAGCTTGTCCAGCCCGCCAGTCAGCTGGTTGATCACCTGCTGCTTATGGTCGCGGAAAGCAACCAGATCAATCTTCGGCGCACCAAAAGAGATTCCATATTCTGCAGCCTGTTCCGCCTCTTCCAGAACCGCCGCTCCATGGAGCAGCGTTTTGGAGGGGATACAGCCGACATTCAAGCATACCCCACCTAATCTGTTCGCCTGCTCTACAAGGCAGACAGCCAACCCCAGGTCAGCAGCACGAAAGGCTGCGGTATACCCTCCGGGCCCGCCCCCCAGAACAACAAGGTCAAACTGCATATCAGCAGACATAATTTCTCCCTAAAAGATATTATCGATTCAACAATGTTAATGAAATAGACATTTAACGGGCAGCATTATAACGTAATTCGTATTTTTCGAACATATTTTTGTCGGCTTGCACTGTCAAACCCTTCCCGACTGACCATTTAATCTTTCACAACAGAGCTCTTCGCAAATCTTGCATTATGCCGGAAAGATGACGACAGAACCGAGCCGCCTCAGCCCCGTCAATTACCCGGTGATCATATGAGAGAGAAAATGGCAATAGAGTCCGCGGAATGAACTCCTCCAGATCTCTGTTCCAGACCGGCTGCACCGAACTGCGGGACAGACCCAGAATCGCCACCTGTGGACTATTGACTATTGGGGTGAAACCGGTCCCGCCGATACCGCCCAGGCTGGAGATGGTAAATGAGGCGCCCTGCAAATCATCGATCGCCAGCTTACCCTCCCGGGCAGCACCGCTGAGCCTACCCAGCTCCGTTGCAATTTCGGCCAGCCCCTTCTCATCCGCATTTTTCACCACAGGTACCACCAGCCCATTCGGAGTGTCTACGGCGATACCAATATTATAAAATTTCTTGATTATCAGTGTATCGCCTGCCGGCACCAGAGAACTGTTGAAGGAGGGATAGCATTTCAGCGCCGCAGTTACCGCCCGGATGATAAAAATCAGCGGACTATAGCGTATGCCATCCTCACCCGCTTCATCGTTGAGCTGCTTGCGGAACTTTTCAAGCTCTGTCACATCCGCTTCATCGAAGTGAGTCACATGGGGGATAGCCTGCCAGCTCCGCTGCAGATGCGGCCCCGATATCTTCTTGATACGACTCAGCTTGAGTTCCTCGGTTACCCCATAGACCGAAAAATCTTCCAGCGGTTGCTGAGCCGGTGAAATCGCTGCCGGGCCAGACTGCATGACTCTTTTCACCAGTTGCTGGACATCCTCTCGGGTAATCCTCCCTTTGGGGCCAGTGCCGACCGCCAGCGTCAGATCGACACCCAGCTCACGGGCATAGGTTCTCACCGAGGGGGTGGCGTGATACGAAGTGGTCCCGGCGGATGCAATCGGGGCCCCGGCGGACTCTTCGGCAGCGGGCTCTGCTGGCTGCTCTTTCGCCGGCGGTTCTGGTTCTGCCTCTGGTTCTGCTCCGGGTTCTTCGAGTTTACCTTCAGGCTCTTCAACTGCAGGTTGTTCCTCTTGTTCTGAATCTGCGGTTTTCACATCTTCTGCCGCCAGTTCGATTTCAGCGATCAGATCACCGCTTTGTACCGTATCATCCTCGCTGACATGTACCGCAGTGATAACGCCACCCATGGGAGATGGAATATCCATCACCGCTTTTTCACTTTCCAGGGCAATGAGCGGACTCTCCTTCTCAACCTCGTCTCCGGCTTTTATATACACCTCGACCACAGTAATTTCCTGCACATCACCGAAATCAGGAACCACAATTTTCTCAACAGCCATCATCGTCTCCTGTGACGTCTCTACAACTGTTTGAAATTCTATAATTCTAACTCTATTTATCTTTTCATGGGGTGTTCTGCATCCGGGTTGACGGGATACTTGTCGATAGCCTCTTTAACGGTTGCCAGGCTGATGCTGTCCTGGTCGGCAAGCCCCTTTAATGCGGCAACTACGATATGGTATCTGTCTACTTTAAAAAAATCCCGAAGCACGGCCCTCTTGTCACTGCGGCCAAAGCCATCAGCCCCCAGTACAGTGAGCGGGTTGGGGATGAGCCTGCGAAGCTGTTCTCCATACGCCTGCACATAATCGGTACTGATAACCACAGGGCCCCCATAGCCCTGGAGCTGCTCTTCCACGTAGGACATTTTTTTCGGTTGCTCCGGGTGATTCCTGTTCCAGTCCTCCACCTCCATCCCCTCCCGGTGGAGTTGATTTACCCCAAGAATAGACCAGACATCAGCCTCAACCTGAAAATCATCTTTCAACAAACGTGCGGCGGCAATGACCTCCCGTAATATTGAGCCACTGCCCATCAACTGCACCCGCAACTCACTGTCATCC
CP050699.1_gap128	5455008	5457775	2767	CGGAAGCGGAACGGGTGGATATTCCGCAGGATGAACCATTGCGTCGTGAGTGCATCCACTTTCTGGAATGTATTGCCACCGACAAACAGCCGATTACTGATGGGTACGAAGGGCTTCGGGTATTACGTATTCTGAACGCAAGTCAACGCTCACTGGATGAGCATGGGCAAAAGGTACGTATAGACGGCACGCTGGTGGTAAGAGAACGCAGAGCCTCCGACCGGCTACGAAACCTTTCCTCCATGCACACCACAACTGGCGATATCCAGGTCCATGAAACAGCTATCATCGATGAGGGGGTCGAGATAAGCAACGGAACAAAAGTATGGCATTTTTCCCATATACTATCTGGATCAGAAGTTGGCGAACAGTGCAATATCGGACAAAATGTGGTGATCGGCCCTGATGTCAAAATAGGAAAAGAATGCAAAATTCAGAACAACGTATCCGTCTACAAAGGAGTCACTCTCGAAGACGGTGTATTTTGTGGACCTTCCATGGTCTTTACCAACATTACCAATCCTCGGGCCGAACTCTCCAAAATGGATCAGGTAAAACCCACATTGATCAAGCAGGGGGCGACCATAGGCGCCAATGCTACCGTCGTCTGCGGTAACGTCGTTGGTCGCTACAGTTTTGTCGGGGCAGGTGCGGTGGTCACTCGTAAAGTCCCTGATCACGCTCTGGTTGTCGGCAATCCTGCCAAGGTAATCGGGTGGGTGTGCAAATGCGGCGAAAGACTTGCTGAAGATTTCGCATGCAGTTTCTGTAACAAAAAATACGATCAAACGTCAGAAGGGTTACAACTCACGGCGCCTGATCATCTTGTCGTTAATTAGTGCCCCAAAAAAAGATATTTTTCTTCTCAATCGAGGCGTGTGAAAAATTTCGCCAATGGCATTCAGCTGATATTCCAAGGCTAGATTTTCGCACAATGATGAAGTAGGAAGAGATGCCGATTCTGGTTGGGACTCACCTACTCTTTTGATTCGATGTGAAATTCGGGGGGGTCTCACGATAACCCACCGCATAGAACAATCAGACCACGGATAAAAAGGTGGAATATATGAAACGTGTATTGATAACCGGTGTTGCCGGAATGATCGGTTCACATCTGCTGGATGCTCTTTTAGAGAAAAACACATATAGCGTTATCGGTGTTGACAATTTTTCCTATGGGAAAAAAGCCAATATCAGACACCACCTCCAAAACCCTCGTTTTACGTTTTATCGAGTAGACATAAGCGACTTCGAGACACTCAAGATTCTTACTCGCGACGTTGACACAATTGTTCATCTGGCTGCGGTGAAAAAAATAGGTGAGGCTGACTCCAGCATGGATACGTTGAGGGTCAATGAACACGGCACGAGAAATATCTTGGAGGTCGCCCGGATGTGGGGATGCAAGGTGTTTTTTGCATCGACGTCGGATGTATACGGTATGTCCCCGGACCTCCCATTTCGCGAAGACGGTGATTTGCTGCTTGGCCCTAGCATGATCAAACGCTGGAGTTACGCTGTTTCAAAACTTTACAGTGAGCAAATGGCTTTCGCATATTACAAGGATTACGGGGTACCCATAGTGGTCATTCGTTATTTTGGCGGATTCAGTCCGCGGTCCAGTTTCTCCTGGTCCGGAGGCCACATCCCGATTTTTGTCGACGCGGTTTTAAAAGATCGGGAAGTTCCCATTCATGGTGATGGCTCACAATCGAGGTCTATGGCATATGTCGACGACCTGATCAGTGGTTCGCTGCAGGCAATGGAAAATGAAAAAGCGGTTGGAGAGATAATCAACCTGGGAAATGATGAAGAGTTGAGTGTGCTGGAATCTGCCAGGCTCATTCATGAGATAGCGGAGACGGGTCTTGAACTGAAGCTCAAGTTTATTCCCATGGAGGAGGTTTTCGGTAAAAAATATAAGGATATTTTGCGCCGGCGACCTGATCTCACCAAAGCCAAGCGATTACTGGATTACGAGCCCAGGATAACTATGCGGGAAGCAATCAGGAAAACCATCGATGTCAGGCGCAGAGACCTGGAGACAACTGCCGCGTATGTCGCCTGACGTGAGCCCCTGCACCCGTCACATGATGTGGGACAGGCTGCCGCGCTTACCTTTCGAAGTACCGAAGATACTAAAACGAATGGACTGGATCTGCTTTATAGCCGATAACCAATGGCCATCCAGCAACAATGAATACTTAACGCATTGGAAAAGAGCATGAAGGTTGCGGTAATTGGTGGTGGAATGATGGGATTGGCAAGTGCCTTCTACTTGTCGCAACGGGGTTATAAGGTAACCCTTTTCGAAAAAGAACAGGAGATTGGCGGGCTCTCGAAAGCCGAGGAGTTGATTCCCGGTTTTAGCTGGGATCGTTTTTATCATGTTATCCTGTCAACAGATTCGGAGTTGCTGGGGTTTATCGATGAAATCGGTTTATCCCTCGACGTCCGTTTCACTGAAACGAAAACAGGTTTTTTTACCAACGGTCGGTTGCATTCGATGAGCACCACCCTTGAGTTCCTCCGATTCAAGCCCCTCTCCCTTTGGGAAAAGCTTCGATTGGGCGCCGGGATTTTCTATGCTTCGAAGATCCGCAATTCATCCAGGCTGGAGAAGCTGTATGCAAAAAACTGGCTGATCACGGTATTCGGGCGACGTATCTACGAGAAAATATGGGATCCGCTGCTGAGATCAAAGTTCGGTGCGGCCAAAGACCACGCCTCCGGCAGCTTTATCTGGTCATGTATTACCCGTTACTAC
CP050699.1_gap129	5460876	5463611	2735	TGAAAGAATCAGCACTGTCACAATCCAGAGAAGAATATCAGATGAGAGTTCGGGTATCACTCCGCTCATTATGGGCTCTGTACGATATGCGCCCCCTTCTCTTCGGAAAAGCCGGTCTGGTCTTCGCCTGGCAGCTCTGGTCGCATAAGCTACTTCGATATCTAGTTTTTTTGTTTTTACTGGGAGCGCTTGTTACTAACAGCCTGCTTTTGACTGATGCATTCATCTACAAAGTAGTTTTCGTTACGCAAACAGCATGCTATGCAGGGGGCTTTTTCTCACTTCTGTTCGAAAAAACCAGGATGCAGCTTAACCGTTTACATTTTCTTCATTATTTTATTCTTTTGAATACTGCAGCAGCCCATGCTGCAATAAAATTCATATTAGGAAAAAAACAGGTTATGTGGACGCCTCGAAAAGGTTGAAATGAGTTAGGATTATTGACAAGGCTAATCCAGTTTGATAGTTAAATAAAGGATTGTTGCTTAACAAACTTTCTATAAACTCATTAGAATCGCCTGATTCTACCTGTAACAAGTCATTACGGACGTGATATTTTGCGTTCATATAATAGCAGGGATAATAGAGATGGGAAGAAGAGAGTGGAAAGAAGCACAGATACGAATCGCTTTTCTTATTGATTCAATTACCTGTGATACCGCAGGTACACAAAAACAATTGCTCGAGACAATCCGTCGCTTGGATCGCGAGCGCTTCGCCCCGTATCTTATCTGTCTTTCGAACTCTGAATGGCTCACACAGAACAGCCCCCCCTGTCCCTGTATAATTTTGGGGTATCAGGGCTTCTTAAAATGGAGCTTCCCTAGCGTCATAAAAAAGCTTACCCAAGTGATAAGGGAGAGACGGCTTCAAATCATTCAGACATTTTTTGAAGATTCGATTTTCGTTGGTTTTTTAGGTAAATTATTTACCGGGAATTCCTTGGTGTTACTATCAAGCCGGCGTGATATCGGGCTTGGAAACGAAAACAGCCCCTGGTATCATTCTCTTTTCACAATAGCATTACCATATGTTAATCGATCTTTCGCAGGAATAATCGCCAATAGCGAGCAAGTTCGGCTTTACGTCGCAGAACGAGAAAAAACCGTACCTGATAAGATAAAAGTCATTCCCAACGGGATCTCTGTTCCTGACAAATCCGATCATTCTCCACCTATCTTCTCGACGAATAGCAATGTCATCTGGATAGGAATGGTCGCCAGTTTAACACCGGTAAAACGTCATGATGTACTGATAAGGGCTGTCGCTGAACTGCAGTGTTTGGGTACCCAACAGGAATTCAGAGTTCTGTTGATTGGAGAGGGGCCTGAGCTTGAACACTTGAGTAACTTGGTAAAACATTATGATCTCAAGAATCAAATTTATTTTACCGGGTCGGTTAAAACAGTCCCAGCATATCTCCACAATCTTGATATAGGCGTTCTTTGTTCAGATCGTGAAGGGCTGTCAAATGCCATCCTCGAGTATATGGCCTGTGGCTTACCAATCGTCGCCACTACTGTCGGAGGCAATATCGAACTGGTCAATCATGAAAATGGTATTTGCTGTCCGGCCGGAGATTATCGAGCCATTGGACAGGCACTGCATAGATTGATTGAAAATCCAGATCTGCGACATAGACTTGGCGCCGAATCTTTAAAGAAAATTGAAAGGTCTTTTTCCTGGATTAAGACTATTGCTGAAACTGAAAAGTATTACCGATCATTAGTGAGAATAGAAATATGATTTTTCCATTGTTGAGACGACATTTCTTCGAACCACTTTACATAATGAAATCGGGGAGTGCTAAACTTTCGTATTGGCGAAGATTAGAAGAATCTCAATTCTACTCCAGAAACCAGCTTGAGGAGATTCAGTGGAGCCGCTTGCAAAAATTGTGGCGATTTCTATGGCGTGAGAATGGATTTTATCAAAAACAATTCCAAAATGCCGGCTTGAAAGAAAATGATCTTAAAGGACCTGAAGATATTAGACGATTACCAATTTTGACCAAGAAAGAGATCCTTCGTCAAGGACATGCCATGCTCTCAACCGGTTACCAGCCGAATAGACTGCTCAACTTTAAGACTGGAGGGTCCACCGGGAAAGCTCTGGAAATACTTATAACAGAAGAGTGCAGTGAATTAAGAAATGCTTGTGCCAGACGTCATGATCGCTGGACAGGATGGGAACCCGGAGAGCAGATAGGTGCAGTGTGGGGTAATCCTAAATTGCCCAAGACATTACGTGCCAAACTACTTAATGCCTGCGTCCAGCCTTATATTTACCTGGATACAATGGCAGTGACAGATGAATCGGTTCAAGAATTTGCGAAAACATGGGATAATAACAAGCCAACTCTGTTGTTTGGTCATGCTCATTCACTCTACATAGTAGCTAAGTATATTGAGAGACTAAAAATCGACACTATACGGCCAGTTGGAATCCTTTCAACCTCAATGATGTTGCTTCCCCATGAGCGAACGATGATTGAAAGAGTTTTCAACTGTAGCGTAACTGACAGATATGGTTGCGAGGAAGTGAGCCTTATCGCGTGCGAATGTGAAAAACATAATGGTATGCACATGAACATCGAGCACCTGGTCATCGAGTTTATACGAGAGGATGGATCGCATGCAGGTCCAGGAGAACCAGGTCGAATTGTAGTCACTGATTTGATGAATAGGGCTATGCCTTTTGTCCGCTACGAGGTGGAAGATGTTGGTGTGTTCTTT
CP050699.1_gap130	5505786	5509146	3360	TCTTTTTGCTCTGTGCCATGACATACATTAACAGTATGGATGAGCGAAATGTCTTTCAGGCTCTCCGTTCCTGGCTGGTCGGCAAAGGCTTTTCCTTCAGGGTGGTCTTCTGGGTGACCGGCTTGCTCTCTTTTTTCATCTCTCCCATTGCAGACAACCTGACTACAGCTTTGCTTATGGGCGCTGTTGCCATGGCCGTTGGTGGCAGTGATAAGAAGTTCGTCACCCTGGCGTGTATCAATATCGTCATCGCCGCAAATGCAGGCGGTGCCTTTTCACCCTTTGGTGATATCACCACCCTTATGGTATGGCAGAAAGGCAAAGTTCAGTTCGCTGAATTCTTTGCTATTTTTATTCCATCGGTCGTCAACTGGATTGTTCCTGCAATTTTCATGAACTTTGCAGTCGCCAACAAGCAACCCAAAGCATCTGGTGACACTAAAACCATGAAACTCGGTGCCAAGAGGATTATTGTATTGTTTCTTCTTACCATCGCTACAGCGGTTTCTTTCCACAACTTCCTGCATCTACCACCCGCAACAGGCATGATGCTCGGACTTGGTTACCTCGGTTTCTTCTCGTACTACCTTAAAAAGAAAGAACATCGTAATTATGATGTCGATGATAACCCGTTAGCGCATCAAACGTACAAGACCCAGCCGCATCCTTTTGATCTTTTCAGAAAGATCGCCCGTGCAGAATGGGATACCCTCCTTTTCTTCTACGGTGTAATTCTCTGCGTAGGCGGTCTTTCACAGTTTGGTTACCTTGCTATGGTGTCCAATTTCCTGTATCACGATCTTGGTGCCACCACAGCCAATGTTATGGTTGGTATATTGTCAGCCATTGTCGATAACATTCCGGTAATGTTTGCAGTACTGACCATGGATCCAACAATGTCTCACGGCCAGTGGCTTCTTGTCACCCTCACCGCCGGAGTAGGCGGCAGCCTGCTGTCAATTGGCTCCGCTGCAGGTGTTGCACTCATGGGAAGCGCTCGCGGAATTTACACTTTTGGCGCTCATTTAAAATGGACTCCTGTAATTGCTCTTGGGTATGCAGCTTCAATCGCTGCTCACCTGCTGATCAATGCCGGACATATGTAGATTTTTATTTAAACTTTTTTTCTGGCAGTACAAATGACTCCTCTCAAGTTGCAACCATTACCAGCCTCCTGGGAGGAGTGCATTCAGCGTGGATGGGACAGCATTGATATTCTCCTTGTTACCGGAGACGCATACATTGACCATCCGTCTTTTGGTGTAGCCCTTATTGGCCGTTTTCTTGAACATTACGGTTATAGAGTGGCCATCCTGTCCCAGCCTCGATACGACTCTCCCAGTGACTTCCAACGCTTCCCTGCTCCTAACTTATATTGCGGAATTACTGCAGGTAATCTTGATTCCATAGTTGCCAACTACACAGGTAACGGTAAAGTTCGAGAGACCGATGCCTATTCACCCGGTGGAAATGGATGGCGCTCCAAGGAGAAAAACAAGAACAACAGGTATCGCCCGGATCGAGCATCGCTGATTTATGCCAATCTGGCTCGATCCTGCTATAAAGATACGCCAATCGTTCTCGGTGGGCTTGAGGCCTCCCTTCGCAGGTTTGTTCATTATGATTACAAACAAAACAGGATAAGAAGCTCTTTTCTGACAGACGCCAAGGCTGACCTGGTCGTTTATGGGATGGGGGAACATGCAGTTCTTGATATAGCTCGAAAATGCCAATCGGGAAAACCGCTGCAGGGAATTTACGGTAGCTGTGAGAGGCTCACTGAAAACGAGCTTAACAGGCGCTTTGCAGGTTGGTCCGCACCAGACTCCAATGACTTTCTGGTGTTACCTTCTTTAACTGAGATTCAGGGAGACAAGAAATTATTTCTGGATGCTGAGCTTGCTCTGGATAAACACTCCCGGGCCGGATCAGATCAAATAGTACTGCAAAAGCAACAGACCCATTGGGTTGTCCAGCACCCTGGCGCGAAAAGCCTCACAGTTAGAGAACTTGATTCGTTGTATGAGCTTCCATACACGAGATTGCCACATCCGCAATCACCTGATGTTCCCGCTTATCGGATGATCAAAGATTCAGTCACCATCGTCCGTGGTTGCTCTGGTAACTGCTCGTTTTGTGCCATAACCAGGCATCAGGGTGCTACCATCCAGAACAGGTCGGTTGAATCGATTACCAGGGAATGCAAAACTCTGGCCGCCTCACCTTCTTTCAGCGGCACCATCAGCGATCTGGGAGGTCCTACCGCAAACCTGTACGGGACTTCCTGTGCAATTGGTGGATGTAAGAAAAAGGACTGCCTCTACCCGCAAATATGCAAGCATCTGGTGATTGACGAAGAACGTTTTTTATCTCTTCTTGCGAAGGTCGCCTCCATAGACAATGTCAGGCACGTTTTCATTTCTTCAGGCTTGAGAATGGAGCTTTTATTGCGTACACCTTCACTGCTGCGAGAACTCATCCTGCACCATATCCCCGGTACGATGAAAATCGCACCGGAGCACAGCAGCAAAGAAGTGTTAAAGCTGATGCATAAAGAGCCCCATGCTCTCCTGACCAAATTCATCAATCACAGTAGGGCATTGGCAAAATCCTTAGGCAAGAACCTTAAGGTTGTTCCCTATGTGATCAGCTCTCACCCTGGCTGCCGGGATCAGCACGCTACGCAGTTGGCAAATGATATGGGCAAGCTCGGTCTGCCGCTAAAACAGTTTCAGGATTTCACCCCAACTCCTGGCACATTATCGACGGCCATGTATGTAACCGGCCTGAGCAGAATTGACAAAAAACCAATTTATGTAGCCAAAAATTCGAGCGAGCGTATGAAACAACGCAAGCTCCTTGAAGGGAAAAACAGCAACCCGCGAGTCAGGCATAATGACATCCGCGCAACTGCCACCCGAAAGAAAGTGCGCAGGCGTTGAAAATAGCACCTCACCCCGGGTTGGGCGCCGAGATTCCATCTTTTTTAGGGAAATTGGTCGCTCTAACAGTCGCTAGTTTTTCTTCGCCTTATAGTAATCACCATACTGAGCGTACCGTTCAAATACTTTCTTTTTGATATATCCTTCTTCCTGCCCGTTAAATACCACACCAATCACTTTTTCTTCACCTATTGAATGAATCATGGCTTTAATCTTCTGCCGGTCAGATTTGCCATAACGCACCACAATGACAACTCCATCCACTTTCCTGGTCAGCACATTGGATTCGGAAGCGACTAAAAAGGGTGCGCTGTCAAAAATAATAAACCGATCCGGATACCTGTCAGACAATTCATCGATCAGTCTGCCCATTCTCTCTGAAGATAAGAGTTCCGCAGGGTTTGCTGGTGGATGTCCA
CP050699.1_gap131	5631302	5633709	2407	CACCTGGGTGATGACTGGTCTATCACCATCATCGATCGTGATAACAATCACGATTATCAGCCAGGCTACCTCTTCGTACCGTTCGACATCAATAAACCAAAGGATATCAGGCGAACCAAGAAAGAGTTCATGAATCCCGGAATTGACTTTGTTATCTCCGAGATTACCAACGTGGACTGGAATGCGCAGGAAATCACCACTGCCACCGAAGGTAAGTTCTCCTATGATATCCTGATCATGTCCACCGGCTGTGATATCAAACCTGAAGAAGTTGAAGGCCTGAAAGAAGGCTGGGGTAATGATATTCACGGTTTCTACCGTTACGATGATTCCATCGCCCTGAACAAAGCTCTCAAGCAGTTCAAAGGCGGTAAGCTCGTTGTGAATATAGCAGAGATGCCTATCAAGTGTCCTGTTGCTCCTCTTGAGTTTGTATTCCTCGCTGACTGGTGGTTCCACACCCAGGGCATCCGTGAAAAAGTCGAAATCGAGTTTGTCACTCCGCTTTCCGGCGCTTTCACCAAGCCTGTTGCCACCAGAATTCTCACCGAGGCGTGTGAGCAGAAAAACATTAACATCACCCCGAACTTCGCTCTCGGTTCAGTAGATCCTGAGAAGAAGATTATCGAGGCGTGGGACGGAACCCAGGTCAACTACGACATGCTGGTCTCCATTCCGCCCAACTTCGGTGCTGATGCAATGATCGACTCAGATGTCGCCGACCCGATGGGATATATTCCTGTCGACAAGCACACCCTGCAGCCTGCCGGATATGACAATGTCTGGGTACTTGGTGACGGAACTGATGTTCCTACCTCCAAGGCTGGTGCGGTAGCGCACTTCCAGGGTGATATTCTCGAAGAGAATATTATGGCGTACATCGAAGGCGGTGAACAACATGCCCGGTCCGACGGGCATGCGGTCTGATTCATTGAATCAGGCTTCGGGAAAGCCTACATCATCGATTTCAACTACGACACTCAGCCATTCACCGGAAACTATCCGCTGCCAGCGGTAGGTCCACTCGGTCTTTTGAAAGACACTGAGATGAACCACATTTCCAAGCTGATGTTCAAATGGGTTTACTTCAACATGCTGCTCAAGGGCACCTGGCTCGGACCGCCAGCTCTTGACATGAGAGGCAAATGCGTTGAGTAACCCGCGTTGATTGGTGCTATACACCAGACGTGAGGAAGCGGCGGAATCAGAAATGATTCCGCCGCTTTTTTTGTTTTAGGATACAACTCATCAGCTGCTCTGGATAAGAGCAGCCAGTCGCTTCAGGGAAACCCGGAATTGCCAAAGCTTCAGACAATACGACAATTTGGGCAGATGGTATACTGAAAACGGGGATCATCTTTCTTTTCAGTATATTCCTCCATTGTGTGCCAGGAATCATCAAAATCCCTGATTTTGTTGCATATTGTGCAAGCTGGCAGGTTCGACTGAAGCATTTCGACATGATCCAGCACTGTTCGCAACTCGTTGTTTGAGATAACGAGTTCCTCCTGGATCGACACCAACCGTTCCGCGACCCGTACCCTGGCTCGCAATTCGTGCTCGTCAAAAGGCTTGGTAATATAATCGTCAGCTCCGGCATCAAATCCCTGAAGGATATCATTCTGGGCATCACGAGCAGTAAGAATGATCACGTACACCGGAGTGTCACGCTCAAGCATCTTTACCTTCTCACAGAGTTCCACGCCGTTTATGCCAGGCATCTCCCAGTCAAGAATCGCAATCTGGGGGCCATCCGGTTTTTTCAGTATCTCCCAGGCTTCGGTACCCTCTTCAACACCATCGACCTTGTAGCCCCAGCGTTCGAGAACTACCTGCACGGTAAGTCTAGTCGTATACTCATCCTCAGCAATCAGTAACTTCAAGGATATATCCTCCGTTTGCGATGTTTCATCAGGGTGCTGCCAATTATTGAGTAACACCTGCCAAACACACAAGATTATGCTCCATCCGCACCAGCTGCATGTTAGCTGATACAACACTCAAATACAGTTTATCCACCCGCTATTATCCTGAACAGATTGTGTTTTGTCCACCTTTTGTGCATAAAAAAACGTATTTTCGCGAATATTGCTCTACCAATACCTCGCTATGATCTCCTGAGAAAATACTTTTCCTTCGTTTTTCAACTGAGTATAGTACCAGCAATTTTGAACTTTTCACTTACACCAGTAGCTGCCCTGCCACATTATAATTGCTGCTTATCAGGCCTTTTTTGCTCCAGCCGGCCTTCATCTTCGACAAATGCAACTTGCCAGCCCAACTATGCAGACACTCAAAAATTTCAGCATTGGATTCCTTATTGGCCTCGCCAATCTTATACCTGGAGTATCCGGTGGCACTTTTGCGCTGATCCTTGGCGTCTATGAAAGGCTGATCCACTTTCTTA
CP050699.1_gap132	5652642	5653142	500	TGCCAAAGGAAGAACTCGTCGCCAAAGCTCTTGCCGACGTCAAGGAGATCCTGAAAATTGATCAAGAACCTGTTTACACGACCGTTCTCCAGTCAGATGGTGGCATCCCCCAGCTTGAAGAAGGGTATCCTGAATTGCTGGAATGGCGTGATGAGGTAGTACGCAGTAACCATGGCCTGCATATTTGCGGCTTTGGCTGGGAGGGCATCGGTTTAAACGATATGATGAAAGCTGGCACCAAAGTGGCCAAGGCTATAATAGATGCCACCGACAGCACGACCTCCGATGCCGAAGTAAAGAAAATCTACTTCTAGCCCCTATTTCTCATAATCAGGGTCAATTTTTGCAATTACACCTGAACTGAAGAGAAATCCTGATTATCCTGAAACCCCTCCACGGGCAATCAAACAAAAAGGCCCTGGTCATATTCTGACCAGGGCCTTTTTTCAATTGTATAACTCTGCTGAGGGTTGGCGATAATTAGATGTCAAAACCTGATA
