gap_id	start	end	length	sequence
CP054184.1_gap1	142930	145608	2678	GCGGGATTAGTTTCAGATCGCCGAACGCCAGCGTCCCCTTCTCGATCCGTCCGTCCGGCATGGCAATTTCATAGTCCGCGCAACGGTCACCGTCCTTGCCCTTGCCGATCGGCGCGATGCAGGTGCCGAGATAGACCATGCAATCCCGTATGAAGACGTCGGTCGCCGCCTGCTCGTTGATGGTGGAGAGCACGCCCAAGTGGGGCATCATGAAGATGCTGTCCACCGAGAGGGTCGTGACGCCGAGCGGCTCGTAGGCGTCCACCATCATCAGCATGGATTGCACGCGGCGCGGCGCATGCGAGAGGATGCCGCCGCTGCCCACGATCAGGTCCAGCTTCAGGAGATCGATCAAGGTCTTGCCGGAGGTCTGCTGCTCGAACACGTCGGAGATCGTCCGTTCTTGCTGCACGCCCTTGAGGCCCGCCGCGAGCGACTTGTGGTGAATGAGGGCGAGCCGCAGGGCTTCCCGGGCGATGGCATGTTCGATCTGGAGTTCGTCGAGTGTTTGCGGAATCGTCGTGGGCCGCACCATCTTGTTCTTGATACGGTTGCGCAGACTCTGCTCGTCGATGGTGAACGGCACCCAGCGCATGATGTTGTCGAGTCCTGCCTCGGCCAACACGTTCGAAATGCTGTAGGACATGCCGAGGTTCGCGCTCACGGTGCGGTTGAAGGTGCCGCCGAAGACCGAAAACACGTCGGTGGTGGCGCCGCCGATGTCTACGCCGATCAAATTGATGCCCTCGCGCTTGGCGATGGTCTCCATGATGACGCCGACGGCGGCCGGCGTCGGCATGATGGGCGCGCCGGCCATCTCGATGAGCTTTTTGTACCCCGGTGCCTGCTGCATGACATGTTCGAGAAAGAGGTCGTGAATCTTGTTGCGCGCGGGCGCGAGGTTTTCCCGTTCGAGGACGGGCCTGAGGTTGTCGGCCAACTCCAGCGCCGTCTTCTCGCCGAGAATCTTCTGGATCTGCGGCTGTGCATCCTTGTTGCCCGCATAGACCAGCGGCAGTCGGTAGGTGCTGCCGAAGCGCGGGCGCGGTTCCGCCGCCGCGATGTATTCCGCCATTTCCACGACATGTGTCACGGCGCCCCCGTCGGTGCCGCCGGACATCAGGATCATGTCCGGGCGCATGCTGCGGATCCGCTCGATCTTTTCGTAAGGCATCCGCCCGTCGTTGGAGGCCAGCACGTCGATCACGATGGCGCCTGCGCCGAGGGCCGCCCGTTGGGCGCTTTCCCCGGTCATGTTCTGCACCACGCCGGTCACCATCATCTGCAAGCCGCCGCCAGCGCTGCTCGTCGAGACGTAGATATCCACGCCCCGCTTCGGATCGCCCTGCCCCGCCTGGTTGGGCGTGATGATGTGATCGCCGTCGAGGATCGTGCGCCCGGAGAGTTCTTCGATCTCCGCGATGGCATTCAACACCCCGCGGGTGACATCTTCATAAGGCGCCTCGACGGTGGTGGGCGCTTCGCCGCGATAGGTCTGGCGATATTCGTCGCCGATGCGTTCGATCAGGATGGCTTTGGTGGTAGTGCTGCCGCAGTCGGTAGCGACGATGACGTGCAAGGGCCGATCGCTGGCTGGCTGTGGAGACGCCTGCGGAGCGGTCATCGAGACGAGGCTCCTTGGGAAGGAGCAGCCTTGGCTTCAATCAAGGCGATCAGACGGATGAGGGTGTCTCGGCGTTCGAGGAGCCGCGCGATTTGAGCCAAGTCCGTGCCGTTCACGGCACATTCAATGATGGGCGCGAGAAAGAGCAAGGCCTGGCTCCCAAGGAAGCTCATCGGTCCCATTGATTCCAGAAACAGGACTGCAGGGCCGGCCATGTGCCGTGCAACGACGGCCTCCGCCACTCGGTCGAGCAAGGCCAGGTCGTCAGCCGTCAGGTCGTCGCCGGCGGGCCGGACGGCAAACGCATGCCGGAGGCCTGCGCGAAGATCTTGGATGCGACGGGATGAACGCGCGGTGGAGAACAGAGCCATAAGTGCTTGTCAGAACACAGTAAACGGTAATTTTTCGCATTATAGGAAGGGGCAAGGGGAGAGTCAATCAAAGGGTCTGCGCAGCCTTACGGCTTCTTGGTCTCGCCGGACTGCGGTGGGCAATTCATGCCGGCAAAGGGGTTCAACGGATTGACGCGCGGCGAGCAATGTTGCGCTTCCGGCGCGGCTTGTGCTTGGGGTTCGGTCTGAGGCGGAGGGGTGAAGTTGGACTCGCCCGGCATCGATGGTCGTGGCGCCGTCAGTTGCGCCGCCGGCGGCACTGCGTCCGGTGGAAGTTGCGGGGGTGGAAACGAGGAGGCCTCTCTCGGCGGCGTGAACCCACCGGGGAGCGACGGGGTCGCCGTGTTGATCACCACACAGTTTTGCTTGCCCTTCGGCTGGTCCGTAAGCAGTGTCGATCCGTTGGGCCCTTCGCAGCGGTAGATCTTGGCATCGGCGGGGAGTGAAGTGAGCAGCGTGACGGCAAAAACGACCGCGCTGCTTGCCCGGACGATCGTGGGTGAAATAGAACGTTGCCGACCGGCGAATGGATTCCTGCGCATAGGCCTGTCCAATTGTGGGACATAGGCACTATAGGCTTGGAACGCCGATCCGTCAATGAGTAGGAAGTTTTAGCCTGGTCGCCCGAACCACTTTTTGATGAGACCCAGTAAGCCCACCTC
CP054184.1_gap2	306427	307201	774	CGGTGTTCTCCTGCCGCAAACGATAGAGTTCCAGCAGTCTGGCGACGGTCAGGTTCACCAAATCCAGTTGGAAAGGTTTGGTCAGGAAATCCGCCGCGCCGGACTTCATCGCCCGTACGGCCAACTCGATATTGCCGTGGCCGGTCATTACGATGCCGAGCAAGCGACTGTCGATTTCGAGGGCGCGCTCCAGAAGGGCAATGCCGTCGGTGCCGGGCAGTTGCACGTCGACCATCAACACCGCGACCGGATGGACGTGCAGGTGGGCCAAGGCCTCTTCGGCAGATCCGGCGGTGATGACCACCTGTCCCGCCGCACGGAGCAATTCACTCAGCAGTTCGCAGATGGGCGGCTCATCATCGACCACCAGGATCGCGCGCGGCGCCAATTCCTTGTCGGGTGCGGCGGCTGGCGTCCTGGGTGAGGCCTGACGCGCGGCAGCGGCTCCCATTTAGACCAATGCCTCGCCTGACCCGCCGCCGACGACGATGCGGCCTTCTTCTTCCAGTTTGCGGCAGACCTTCAGGATGTTCTGTTGCGCCTTCTCGACATCCGACACCTTGACGGGTCCGCGTGTGTCCATGTCTTCCTTGAGCATTTCCGCCGCCCGACTCGACATGTTCTTGAGGAACTTCTCCTTCACCTCCGGCGTGGCGCCACGGAGGGCGATGGGAAGGTCTTCCTTGCTGATCTCCTTCATCAACTCCTGCATCGAGCGGGAATCCAAATCGATCAGGTCGTCGAAGACGAACATGAGGGCCCGGATGCTATCCG
CP054184.1_gap3	320151	323799	3648	GGAGCCACGGCGATGACTTTCTCGAAGTAGTGGGCGGCCGCTTCGCGACTTTCATACAGGGCGGCCAACGCGCGCGTGAAGAATACATGATCGCACGTATTCTTACTAGCACATTTCCCTGCCAGGACAGTTTCTTTTCTCTGGAAGGCCGCCAGCATCTTGCTGTCGCCGGCCTCCATCGTCAAATAGGGAGCCCGTATGGCAGGTGGGGGCAACGTGCCACAGGCCGCAACCAGCAGCCCGATCATCGCTCCCCAAACCGCTCGAACGGACCTCATGCCGCGAGCGCCCCGACGTTGGTCAGACACAAGATAAACCGCACAGTCGTTCCCTTTCCGACGACGCTTTCCACCCAGATACGCCCGCCGTGTGCCTCGACCACCTTTTTCGCCAACGCCAGCCCCAGACCGCTTCCCACCGCCGCATTCCGTGCCGTCGTCCGCCCCTGGTAAAAACGTTCGAAGATACGGGGGAGATCCTCGGGCGGAATGCCGGGTCCTCGGTCCGTCACCGACACGAACAGCAAGCCCTCATCAGGATCCGGCTCGATGCGCAGCAGGACCCCTTCACCTTCGGGGCTGAACTTCAATGCATTCGATAACAGATTGTCCAGCACTTGCTCGACCCGTGCGCTGTCGGCCTTGGCCCAGTACCGCTCAATAGGCGCCTCCACCGACAGTCGCACCTGTTTGGCATCTGCAAGCAGCCGAAGCTTGTTGATCGAGATCTCTGCCACGCGCCGGAGATCGGTGGGCCCGAACCGGTAGTCCATCATCCCCGCTTCCATCTTCGACAGGTCCAAGATAGTGGAGATCAGCGACATCAGCCGCCTGCCGCTGTCCGACATGATCCGGAGGGTCGTCCGTTGATCCTCCGTCAACGGACCGGGAATTTCATCGAGCAACAGGTGCGTCCCTTCTTGAATGGAGGCCATCGGCGTGCGGAGTTCGTGCGACACGTGCGCCAGGAATTCCCTCTTGATATCGTCGAGCTGCTGCAGCTTCGCCCCCATCGACTTGACCGTATCGCCCAGTTCTCGTAGCTCACGGGGGGCGCGGCCGTCCAAGGAAGCTCGGAAGTTGCCCTGCCCCATCTCCTGAATCACGCCCTGCAGCCGCCGTAACGGACGCAGTATATTGTAACTGGCGACCGCCGCCAAGCCGAGTCCGAACAGAAGGGCAAGGAGGATGAGGTGGCGCGTCACCGTTTCCGCCTGCAGCAGGCTTTCCCGCGACTCATCCACCCCCACTGCAATCCGCGCTTCGTGCAACCCGATATACTCCCGTAGCGCGGCGTCCATTTCAGCGGCCAGAGCGTTGCGCCGACCTTCAGACACGACGAGCGTATCCGTCGAGGGATTCCCGGTTCTCGCCCGTTCAGTCTGAAAGAGCGTGAGATGAGACTGTTGGATTCGATCGATCTCTTTCAACAGCCGCGCCTCTGCTTCCGTGGCATCCCCGGTCCGCAGCTCCTGCAGAATCGCCTGGAACGTCCTGCGCTCCTCCTCGAAATGCTCCAGAAACGTCGTCGCCTGCACTGCTAAGTACTTCTTCTCGCTTTGGACTTGATCGTAGAAGGAAGCGAGGAGACGTTTAGCGGCGTCGATCTCCGGATGATGGTGAGATCCGACCTCCGTATTCAGCCCTGCAAGTGTTCGAATCTGAAACAGGGCGTAGAGATTGACGGCCGTCATCACCCCGATGATCACGAGGTAGGTCAGGACCAGCCGCCAGAAGATCGAGAGGCGCATGGTGTTACGTCCTTGGGCAGTGTAGGTCCAGGCATACACCACCTGAGGTCTCCCCTCAACAAGTTCTCCGTTTTGCGCGACGAGCTGAATCGGGCCATGGGGCCCTACCGAGAGGGTTATGGGGAGGGGTCTCGAAATTTGGACTGGTAGAGGCGCTGTCGCCGCGACGTGGCGGTGAGGGCCACGAACAGATGCCCCCGGAAAAGGAGCATGGCAACCGTGAGGGGTGGCGTGAGCAGCAATGCCATCGTCCCCGTGAGTTCGGACGAAATGCCCAAGTCGGTCAGCCACGCCGTCAAGATCGTGAACGGAACCAGCAACAGCTGCAGGAAGTCGAGCCCGGCTCCCCGCCCCAGGCGGCTCGAAAGCTTAAAGAAGAGCGAGAGTCCCAACGGAGCCAGGATCAGCGCCATGGGCAGAAACCATTCGATCCAGTTCTCGATCACAAAATCATAACTGCGTCTGATCACGTCCAGGGCCGAGTCATGCCGAGTCAGGTAGATCACCTCCGGCGCGGGATTCAGCAGGATAAACACCAACAGGAGACAGGCGGCGACCAAAAACTGGCTGTCCGGGTTGGCGCGGAGGCTCGTATCCAAGAGCATGGTGGGAATCCACAGCACAAACCCCACTCCAATCACGTCCCAGAAATACTGGCCCATGCTCTCGAACACATCCTGCACGGTGATCCCTCGGAGCCCCTTGATGGCCTGCTCGATCAAGGCGAGCGTCGTGCCGATCAAGAGCGCATTCACCACGCCCATCAGCAGGCCTCCGACCATACCCATGGGTCGGGCCACCATCCCGGCCCCCCACATCAGAAGCGTGAACGCGACGACGGCAAGGATGACGACCCAGCCGCGGACCATAGAGCGGCCGGTCGCCTGTAAGGCATCACGGTACAGATGCAATGTGGACAAGAGCAGCGTCGACACCGGGAAGCTCGAATGATCACACGACGATTTTGCAAGATGGCAACCGGGTGCCAACCCGCTCGGTGGCGGACAATAATCCGTCTGAGCCAAAGAGGTCAAGTCGCCCAGCCCCTCTCTCTACCCCCGCCCTTGACTTGGCCTGCCCTATGATTATGATCTTTCGATAGAAACTCTTACTGAGGAGTCACCCTTATGGATATGAACCGCATGACCGTCAAGCTTCAGGAGGCCTTGCAGAGCGCGTCCGCCGTGGCTATGCGCCGCGGCCATCAGGGAATTGATGTCGAACACTTGCTCTTGGCCCTGCTGGAGCAAGAACGAGGGATTGCGGGCTCGCTGTTCGAGCAAGCCGGGCTCTCCCCTGCTGCCGTGCGCCAGGCAGCAGAGCAGGCCTTGACCAAAGTGCCGCAAGTCCAAGGGCCCGGGGCCGCACCCGGCCAGATCCACTTGACCTCCCGCCTCGGCAACGTGCTCACCAAGGCCGAGGACCAGATGAAGGAATTGCACGATGAATTCCTGAGCATCGAACACATTATTTTGTCCATGGTGGAGGAAGGCGGCGTCTTTCGCCGTCTCAATCTCACACGCGACCGGCTGTTGAGCGCCTTGCAACAGGTCCGAGGAAGCCAACGGGTCACCAGCCAGGACCCGGAAGGCACCTACCAGGCACTGGAAAAGTACGGCCGCGACCTCACACGACTCGCCGGGCAGGGCAAACTCGACCCTGTCATCGGACGGGATGACGAAATCCGCCGCACCATCCAAATCCTGTCCCGCCGCACCAAGAATAATCCGGTGTTGATCGGCGAACCAGGAGTCGGGAAGACCGCCATCGTCGAGGGGTTGGCCCAGCGCATCGTGAAGGGCGACGTGCCGGAAGGTCTCAAACAAAAGCGTGTCGTCGTGCTCGACATGGGGGCCCTGGTGGCAGGCGCCAAATTTCGCGGGGAATTCGAAGAACGG
CP054184.1_gap4	345822	347728	1906	CAGATCGATAGGCGCGCCACCAGGTCGGTTGATGCGATCGCCGACAGGCCGCGGCGAACTCACAGTAGCTGCAGTAGGCGTCCGGCAGAATATGGAACCGACCCTCGCGGATACCAGTCAGGATGACGCGCAGGGTTCCCGTCAATGCCTGCCCTGCCGCTCCCTTCCAGGCCGAAGTGGGGAAAGACACCCGCTCCACCGGTGGGCTGCCCTCGGGGAGCAGATAGAGAAAGTCCACTTGCTCCGGTTTGGAACCGGATGGCTCCTCCGTCGAGGACGCAGCGCCCATCAGGCTGTAGAGGGCCGGTTGCAGGCGAGCGGCTCGCAGGCTGGCTTGCAGCAAGTTGCGATCCTTGGCCTCCACGCGGTTGTTCGCGCGGTACTTATAATCGATCACGCGCAGAGCACCGGATTCGGGGTGGCGGTCCACCCGGTCCCAACGGCCCTTCACCAGGGTGGGCTCGACACCCTCATTGATTGGAAGGGTCCCCTTCGCCTCCACTTCGCAATCGATTGGCTGGAATCCTGATTCACGCGCGGCTTCGTGATCCGCCTCCAACGTCGCCAACACCACTCTGGTCACCTGCTCCTGAGCGAGCTGCCAGATCAACGCATAGCCTGTACCGTGAGTCGATGCGTAGGTTTGGAAGGCCTGCCCCACCGACCGTTCGACGACCTCTGCAATCCGCTGTTGGGCCAAGTCGCCGATTGGCTGTCCTTCGCCGATGAATGCCTGGTAACAGAGCCGCAAGGCGTCGTGACAGAGCTGCCCGAGGGCCGCCGGTTCGAGTTCTCCGGAGGAGCCGGCCTGCCGGGATTCCACGCCGAGCACGCGAGACGCAAAATATTGAAACGGGCAACGGGCATAGGTTTCCAACGCGGTGGGTGAAAAGCCGGCCCGGCTACCCTTGGCCCAGAGTTGAACGGGATCGTCCAGCATCCCATCGTGCCCATGAAGCCCAGTCTGGTACCGTTCGAGAATGCCTTGCGCCGCCAATCCGCGACTGAACAGCGCAGCCTCCCTCCCCGTCGCCTCCAGCAGCGACGACGCATCCTGCCCGCGCAATAGCGCATTCACCGTCAACTCCTCTTGGGTCAGCAGCGCGGGTGTGAACAGCGCCTGCCCTCCCCGTTTCGACCATCGGCGCGGCAGCGCCAGGTCGACCGTGAGCCCCACGCCATGGGGTTGGAGGCCAGCCGTTTCGAGATAGGAGGACGGCGTCAGCGGACGACCCGTGGCATCCGCTCGCTGATAGGACAGATAGAGCCGCTCCTGCGCGGAGTCGCGGAGCAGTTCGAAGAGCAGCGCCTCTTCGCCGTACCCCTGCAGCTTCTGATCGATCTTGTAGCCCAGCGTCTCGTTCAGCACCTGGCGGTGATGATCCCGCAGAAACCCGTCCTCATGGATGTAGCGTGGAAAGAGTTCCTCGTTGAGCCCAATGACGAAGAGGGCGCGAAACCCCACGCCGCGTGCCGCCATCGCATCCAATATCTGGACACCGGATTCAGCCGCGTCAGCCTGCGCAGAGGTCGTCCGATCGAGCATCTGTGCCAACACCTCGACCCATTCGCGCCAGCTGACCGTCACCCCCAATCGATCCAGCGACCGGAGTTGCGCGATGAGGCGTGAGAGGGCTTCGCCGACATCGGCCTGGTCGATGTCTTCAGACAAGACGGCATCGGGCGAAACGTTGTCGGGCAGCAGGAGATGCTTCATCGCCAAGGCGAGATAGGCGTCCGTTACCTCGCCGTACCCCCCCTCAGCGGGAAGTTGTTTCACGTCATCGATCAACGCAGCCACATGGGTCCACAGGAGCTGGAGTTGCGGCCGGTCGATCGCCAAGGAACCGAGTTCGTCGCGATCGCCCTCGTCGCCTTCGCCTCGCCCATACCTCACCACCCCTCC
CP054184.1_gap5	362419	363096	677	ATAGAATATGATCCGAACCTCCTGCCTGGCCCCCTCGTGGTTCAACGGGCGGGCTACGAGGGCGGCGGCGATCTTCTGGTGCAGATCCACCGGCATCACCACATGGCCCATCGAGAGCAACCAGGTCAACACCCGGCCGATATCCTGTCCGTACTCGCGCGCACTCCGCTCCTTGGCCGCCCGCAGGAAGCCGACTTCGCGCACGCTTTCTTCGATCTGGAAGCCGAGGTCCTGGAGTGCGGCGGCCGACGCAGACAGCAGTTCTTGTTGGTTCGAGGTCTCGAAAAAGCGTGTCTGCATCGCTCGATGGGCGCTGCTTTCCGGCGCCAGTTGAAACAGCTCCGCCGGTTGCGTGTGCGGCACGCAGCCGGCAATGGACAGGGCGAAGGCGAACGATGCCGCCGCCACGAGACCGACAGCGACACGACGACCGAATGCAGAGGGGAGGCTAGAACTGAGTGGCATTGTAGGCAAAGTCGCGGACCTTCTTTTCCTCGTCGTATTTGATGATGATCGTCAGGGTCCGTTGGCGCTGGGAGCTGGACCGATCGCTCGAATTCGTGCCGAGAATGATCAGGCCGGCGTAGGACGAGCTGGCCGTGTCCACTCGATCGGTCGACACCTTGTCATAGATCCACACCTCCCGACGCTTGTCATCGGTCGTCACGATATTCGGC
CP054184.1_gap6	389631	393277	3646	TCTCTTCCAGCCTGGCCTCTTTTTTCGCAGAGGCGCGCAATCGCGAGGTGATCGATCGTCTGATCGAGCGAGGCCTCACGATCGCCCCTCCGTCCGCAGCAGCGGCAGCCCCATCGGCTTCGTTCGCAGGGAAGACCTTCGTGTTCACGGGGGGCCTGACAGGCTACAGCCGTGATGAGGCCAAACAGGTAGTGGAGGCGCGCGGCGGGCAGGTCTCGTCAAGCGTCAGCAAGAAGACGGCCTACGTCGTAGTCGGGACGGATCCCGGATCCAAGCTCGATCAGGCCCACAAGCTGGGGGTCGCCATTCTCACGGAGGCGGAGTTTACCGATCTCCTGACCCGTGGGTGACATGCACCGGCTCGTCGGCGACGGCGTCATGCGCGGCGGGGTGTTTGTCTTCCTTGAAGATGTTCACGCTCTTGATCACGCGCGGATCGGCCTCGTGAATCACGAGGCGGCAGTTCGCGATGTGCACTTCCTCTCCCACCTTCGGAATCCTGCCCAGTTCATGCTGGATGAGACCGCTGATGGTCACCGCGTCGTCACCGAGGTCGACCTTGAGGAAATCGTTGACCTTCCGGACTTCGGTCCGCCCGTGAACTAGGATTTGATTTTTCCCGATGCGCTTGATCAGCTCTTCCGTGATGTCGGTTTCGTCGACAATCTCGCCGACCACTTCTTCCAAGAGGTCTTCGAGCGTCACGAGGCCCATGACCCCGCCGAATTCGTTCACCACGATCGCCATATGGCGCTTGTCCAATTGGAACTGCTTCATGAGGTCGTCGGCCGATTTCGTGTGCGGCACGAAGAGCGCCGGGATGGCGATGTCGCGCAGCTTCATCTCGGTATGCCCCTGGGCCAATGCCGTCAACGCCTTGGTCTTGTAGAGAATGCCGATGATGTTGTCCAAGGTGCCTTCGTACAGCGGAATGCGCGAATACTTCGACTTGAACAGGAGTTCCTTCGCTTCTCGGAGGGGCTGGCTGCAGTCCAGCGAGAACATGTAGATACGCGGCGTCATGCAGTCTTCCGCCGTGATGTCCTTGAGCTGGAAGACGTTCTTGATCATTTTCACTTCCTGCGCCTCGATCACGCCGCTCTTGCCGCTTTCCTCCAGCATGATCTTGAGTTCTTCCTCGGTCACGAAGGGGACGTTGAGCCCCTTGCCTCCGGTCAGCTTATAAATCAGCGGCACGACAAAAAACATGATCGGCTTGAGCAGTTGTTGCGCCGCATAGGCGGGATAGGCCATGTTCAGGACGACCGGCACCGAATACTTCGCGGCTAAGGTCTTGGGCACGAGGTCCGCAAAGACCAACAGGACAAAGGTGAGGATACCGACCAGGACGGCAAAGGCTTCACCCAACACCCCTTCCAACCCCTGACCGCCGAATCGATTGAGGGCGATGATCGTGGCCAGCGAGGCGGTCGCGGTATCGACCAACCGATCAGCCACCAAGATGGTGAGGAGCAACCGCTGGGGATCGGTGCGGAGGTGCAAGGCCATCTCGGCCCGCTTGCTGCCGGTATCGGCCAAGGTCCGGAGCTTGGTGTCGTTGACGGAGTAAAACCCCACCTCGACGACGGAAATCACTGCCGACAAAAGCACGAGAAACGTCAAAACAATAATGTCCATAAGACCTATCGATAATTAGGGTGTGGAATGAGGGTGCGGTCGTGGCAGGTGGAACCCCTCGCCGGACCATACTGGCTGGTCCAAACGGCAGGGCTTGCCGGAGGTCGTGAGAAGATGACCTGATACGGTCCTCTCGGGCCACTATCATCCATCGGGTACTACAATTAGCATAGGCCGAAAGACGCATCAAGCGTTCCCGGGAAACTTCTGAGGCTGTCCTCCAGAGACTCAGTCCGTCTCTTCATCGCGGATGACGAAGGCCTCGCTGTCCAGCGCTGCCTTCAGCCTGGCTGATGCTCGTTCTGCGGCGGCCTCCGTTTGGAACCGACCGGCATAGACCCGATACCGGCGCCCCACCGGCAAGTCGACGGCGACCATCTTCGAGCCGGGATAGGCATCCTGTAAGCGTTGCAGCAACACCCTCGCGTTGGTTGGGTCGGCGAAGGCTCCCACTTGGACCCGCAACACGCCAGGCAGGCCATTGTTCCCCTGATAGTCCACGACCCGCAGTTCCACCTCATCGGTGCCACGCCCCACCATTCCCATGGCCTGGGCACCAGCCAGAGAAAGGTCCAGAATCCGCCCCCTCACGAACGGCCCACGATCGTTGATCCGCACCGTGACGTGCCGCCCATTCGTCAGGGAACGCACGAGTGCCACTGATCCCAGCGGCAAAGTCCGATGGGCGGCGGTGAATTGATGCATATCGTAGACTTCTCCATTCGCCGTGCGGTTGCCGTGAAAACCGGGACCATACCATGAGGCACTCCCCCGCTCGACGAACCCCACGGGGTATCCAGGCGGGTACGACGGCCGGGAGGGACTCCAGCTGGAGCAGCCGCTGAACCAGACTGAGAGGAGCAAGAAAACAAGGGGAAGAAGAAGGCGTCTTGGAACTGTCCTCTTCTCCCCCATGACGAGGTTGGTCAAAATTCGTCGAGAGACTGGGTGCGGAGCACGCCGAGCGCTTTGGTGGTGTTCGAGACGGTGAGCACGACGATCGCCCGTTTGCCTTCCCGCGAGGGAGTGCAATACCCGCATTTCACGTTGATGCGGGCCCTGGTCAATGAATCGGCCACCTGTTTGAGGGCACCGGGTTTGTTTTCCAGACTGAGGATCAACGCCGTCTCCTCCCGGAATTTGATCTTGGCCTTCCGGAGCGCAACACGCGCCGTATCCACATCGGCCACGATCAACCGCAGTTTGCCCGGACCGGTGACTTCCGGCGCGGAAAAAGCCTTGATGTTGACCCCTGCTGCGCCAAGGACGGCCGCGACCTCAGCCAGCACACCAGGTTTGCTCTGTCCACTCACCACGAACTGCGTCGTTGTCGGCATCGGCACCTCTCCCTCTGCTGAGCCTCTCGCTCAGCCACTGTCGTTGCCATCGGTACCCGGAAAGCCATAATGCACGTAATCCTCCCATACTTGCCTGAGCGGATCAACCCAAAGATCGCTCCTGACGCCGCACTTACAGCTTCGTCCACCGGTCTGCCAACTTTTTCATGAGCTGCGGCATGGTCGTGTACTCCATCTCGTCCAACGGCAGGCGATGCGGCTCGAACGGGCCATGCAGCCGCAGCACATCCGCGATGCGGTTCGCATCCCGGCGCGCCTCGTCGTAGGAGGGGTCGTCGAACATATCACGAGGACCGATCAGCCGCCCATCCGCAAGCTGGAATCCCGCGCAGGCCACACGGGGCGGACCGTCGAACCTGGTCGGCGTCGCTTGCCTGAGCGACACCGGCATCAAGGGGCCATAGTGCGAGCCGCGCATCCAGCCTTCGATGATCCAAGGATACCGGAACGGTTCCATCACCTCCCCGACCGCCGGAAAATTCTGCTGGGCCCGCACGATCATCACGGGATCGTCCTTGCCGACATACTTGCCCGCGATCAACGAGAGTTTTTCCGTGGACGACACGGCCGCGATCTCCCTGCCCGCGCGGGCGAATACCTGCTTGACGGTATACCGCCCCGGCGAGCCGATAAACATCAGCATGTCGTAC
CP054184.1_gap7	400187	400791	604	CATTGTTGCGAAGCAGCCAGAGAAAGGCGGCTTCTTCGGCGTGTTGCTGAACAATGCTGTCGATGAGCTGTTTCATAAAGCAACGCCAGCAGAAGCCAATCTTCCATCGACGTACATTCCATGCTTCAGACAAAATTGGAAAGCAGCACTTAACCCCTATCATCCCCTTATTCTTTGTCCTCTAATAAGCACATTTATGCTATGTGTCAGTCGCTTCTGCCAGTGGTTCTAAAGTAACATCTATAAATCGACCTTCTTGAATTCGTTTTGCGACCCTCTCGCTCACGATAACATCCCCTCGCGATTCCGCAAGCCGAAACATGAGCAGATCGAGGGCTTTCGCAGGATCTATGGTCAAGCTTTCAAAAAACTGCACATCCGCCAGTGGTCTGCTTATTGAAGTGGACATATTGGCTACCGCGACCAAGCCTATGACATTGACGACGAGGTAATTATCAATTCTTCGGTCCCTCCGAGTGTCGGATACAACGGCAGGAAATGTCTGAAGGTTGTCCACCCCTGCAGCTCGCAGTGTTTCAACTAGACGTGCACTCATGAGCTCTGCGCCGGGGTAATAATCACTAAGCTCCAATTGATCACTTTC
CP054184.1_gap8	406759	408028	1269	AGTTTCCAGATTCCCGGCACCACCTCGGCCCGGTAGAGGCTCCATTTCCCCTCTTTGCCCGTCTGCTCGAAGGAGCTGACCAGTCCGTGGAGGAGCCTGATGCCCATGCTCCCTCGCGCCGTCAGCAGGGCCGGCTGGCCGATGACTTGATCGAAATCAATCTTTGGGTCGGACGAGGCAAGGTCCAGGCTGAAGCGAAATACTTGAGACAGGCCCTCGCTCCCCTCGAAGCGAATGACTCGGAGCTTGTCGCCTGAGTAGGCGCCGACTTTGAAAAGATGGGGCGCGTCGGTGTGTGTGTCCATGAGAGGCATGGTCCTTATCCTTGCACCAAGGCCACGGCCTGGCGCTCCGAGAATGCGAGGTTGAAATCGCCGTCCGCCGCCAAGGTCAGGCTGAGCCGCTCAGGCAGGCGGCCTTCTCCCAGACGCGAGAGGATTTCCGTCGAGACACGCGGGAGCAACGACCCCTGCATGATATGGTCGATGTTGCGCGCCCCGGTTTCGACCTCGTTGCAACGCCGCACGATCTGTTCGACCACGGCCGACTCGTAGTCGAAGGCAATCCGATGGCTCTCCATGAGCCGCTGGGCCAGGCGGGCCAGCTTCAACTCCACGATCATTTTCATCGCCGCTGCATCGATCGGGTAGAACGGCACGATGGTCATCCGGGCCAGCAGCGCCGGCTTAAAGTGACGGCTCAACAGCGGCCTGATGGCGGCGGTCACCTCGTCCGGCGAGGGCCGCGTCCCGCGCGCGCACAGTTGGAAGATCATGTCCGAGGCCAGGTTACTGGTCATGAAGATCACCGTGTTCTTGAAATCGATGACCCGGCCTTCGCCGTCGGCCAACATGCCCTTGTCGAAGACCTGATAGAAAATGTTCATGACTTCAGGGTCGGCCTTTTCCACCTCGTCGAGCAGCACGACCGAATAGGGCCGCTGCCGGACCGCCTCGGTCAAGGCGCCGCCTTCGCCGTATCCCACATACCCGGGCGGTGAACCGATGAGTCGCGAGACCGTGTGCTTCTCCTGAAACTCCGACATGTTCAGCGTGACGACGAATCGCTCGCCGCCGAACAGCGCCTCCGCCACGGCCAACCCCGTCTCCGTCTTTCCCACACCGCTGGGGCCCACGAACAGAAACACGCCGATCGGAGTGGCCGGATTCCCGATGCCGGCCTTGGAAGCCCTGATTCCTCTCGCGATGGCCTCGATCGCATGGTCTTGGCCCTTGATTCTCGTCTTGAGCCGCTCATCCAACTGCAGAA
CP054184.1_gap9	420465	422137	1672	CCGTCGCCCGCTTTTCTTCCCGATAGGTGCTGATCGTTTGATAGAGACCATACGCGACCAGGACGGCCACGCCCGCGAAGGCCCGCGTCTCAAACCGCTCCAGGCCGATCAGCGCCCCGAAGGTCAACACCAGCACAACCAGCAACAGACTGCACCAGAATGCCGCCTGACGCGGATGACGCTGCACGTACAACCTGGCCTGGCCGAGTCCGGTCTTCGCAGACTCCCGAAACCGCAACGTGATGTCGCTAATGTGTGTCATCGGCTCAACGTGACGACTTTCTCGCCCAACTCTTTGAGTTGTGCAGCGACTGCATCGGCATGGCGGTTGATGTTCAGCATGAGTATCAGAAACAGGCCCAGCGCAAACAGGGTTCCCGCGGCCACCGCAATCCAAGGGGTGGTGATCGCGTGACGCGCCGGCGCGGGGATGCCGGTCACTGTTTCGCCGAGCGATAAGGGCGGCGCTTCTCCACGTTTCGCTTGGATGTCGCGCCCCATTTCTTGCACCAAGGCCTTGAGCTGATCTTTGCCTTGCAGCTTGTATTTGCCTTCGAATCCCAACGCCAAACAGAGGTAGTACAACTCCAACAGGTCCGCATTCAGAGGACGAGCACTCCAGATCTCATCCAATTGGTCAAAAAACCCCTGCCCTGCCGTGTCGATGCCGAAGAGTTCGCTCTGCAAGCTCAACTCCGGCCATTGGTGTTTTTGGGGCCAGTTCGAGATCATGATCATTTCATCCAGGTAGGCGGCTACGGCATACCCCGCCGCCTTCATGGTTTCTTTTGGCAGGCTAAGCTCATTCCCCGCCTGATTGACCTGATAGAAGAGGTCCAGTAATTGAGACCGCAGTGTCCTCGGCTCTCCGCAGTCGGCGGCAACCCGCAAGGATGTCCCCAACACGAGGAGATCATTAAAGAGGGTGATCAGATTCGTCTTCCGTTCCGTCACCGGGGTAGGCATGGACGACACCTATCTGGTCCAGATGAGTTCCAACTTGGCCTCTTTCAAAGCCGGAGGCACATACACGGCGAGCGCCCGCGCTCGACAGATGGCTGCCCAGCGCGGCCCTTGCTCCTCCAACCTGAAATACCTGTACCCTGCCTTGACCGCCATGGTCGGTGGAGGAGCCGCCACATGTGTGACCCCCAACCCTTCGACAGCGCCGGACACGATGCTCTCCACCTCATCCGGCGCCGCGATGCGAATCTGCTTCACGAACTTGGGAAGCTGCTCATCCGTGACTCCTCCCGCAACCACGAGATAGAGATGGCCGGATTGGAGCAGGAGTTCGTCTGCCACGGCCCCTTCCCAAATAAATTCTGTGCGCTGCGTAAGTGGGATCGACTCCGTGCGCGTCTCTTCTTCTTTCAATGCCTGTCTGATTCTCGCGTCCATCTCGCGAAACACGGAGTACAGGTTGAAATGGTCGTATGGGGGGACCTCCATCGGATCGAGCATCGGGTAGACCGTGCTCAATTCGCCCAGCAGTCTGGCCAAGACCAGGTACAATCCTTCGGGGTGAGCATGACCTGTCTGAATGTAATGAGCCACAACAGGAAGATGGGCATTGAGGATATGCAGACGCGAGCACCGAGCCTGATCCATGCCTCCCGGGCTCGCCGCAAGTTGTTGGGCCACCAACGCCTTGCGTTTGGCGGACAGCAGT
CP054184.1_gap10	424147	425510	1363	AGAATTCTTTGGACAGTCGTGTTACCTTGTCGCGACAGCCACCCAAGCCCACGCCTGGGGAGAAGAAGGGCATCGGGAAATTGCGGACGGCGCACGGCCACCTCCAAGCGTCGACCGCTAACGCCATCGCCAAGATTACGGGGACGGGGGAAAACCTACCACCGGGAACTCTCGCACGTCTGTCCGTCTGGTCAGATCGTATGTGCACATTGGCCCACGCGGAGATCCGCATTTTTTTGCATTCGCTGCCCCTCTGCTTCGGCTTGTTACGGAACGAAATCACCATCGCGGAACCTCGCGCTAGATCCAATCAGCAGACAGACTTTCCGTTGTCCAGGCCAGCCGACTATCCAGGCACGGAATAAAATTGATTTACTAAGGCTGACTGTTAACAATACAGTAAGCCAATCTCATGGCCGCCCTTCAAGAGCTATTGTCGGGCCTAGGTGGCTTTGACGATCAAAAGTAAGGAACCCCTCCAATGAAAGCCGTGTTAAAGAAGTGGGGTAACAGCGTTGCATTGAGATTACCGGCACCTGTTCTCAAGGAGGCAGGTCTCAGAGAAAATCAGATTGTCGAGATCGTGGTCGCAAATGAAAGAATCATCATTTCTCGTCCTGCTCGACAACTGAAATACACGCTATCAGAGCTTCTTGCCCGTATGACTAACAAAAACAAACACGCCACGGAAGAATTTAGACCGATGGGAAATGAAATTCTGTGAAACCGTTTATGGCACGTCGTCGACAATGGAGCGATGATGATCTCCCCAACCAGTAGCGCTGAATTCCCAGGAGATCGAGCCTCTCGGGTGGCGAGTCTTCGAGCGAGAGCCGAGGATGTTTTTGGAGACCCGGAAACAGCCTGGAAGTGGCTGAACCGGCCCAACCGCGCGTTGGCCCAGAAGACTCCCCTAGAGATGATCGATACGGATACCGGTTTCCAGTCGGTGCTTACCATCCTCGGACGACTTGAGCACGGGGTCTATAGCTGACCTACCCCCCTGAACGGGCTTAGATCCTAAGTTAGGGGCACCTCCTGCCTTGGCGACATCCTCGGGCATTCTACGCTCCAATTCTCAGTTGGATGGGGAAACGAGCAGTCTCTCAAACCTTCGAGGTGCGAGAGTCTGATTAAGTGGCTAGAAAAGGCGGGGGGAGTCTGACGACACTCCCTTTACCCCCAAGAGGCGCCCGCGTGGCAGGCGGCGGAGCCTTCGTCATCAGCGGCTCTGCCCATCGATCATACTTTTTATAATCACAAAAATGAACATCTCAGCGCGCTAAAGTAAAGCCCCGACGTCTTTCTAATTGGTTCGCAACAGGCTAATATCCCTCCATCCAATCGGAGTTTGAAGCGTTTA
CP054184.1_gap11	465886	468220	2334	CGGTCTTGGCCAACGAGAAAGATGCTGGGCAGCGAGAAGGGAAAGTGAAGATCGACGATGATGTCCAGTTCAAACGATTGGCCGTTGACCTCAGTCGAGATCCGCCATCCCCTAGATGGCGAACTAGACCGACCCAGTTCTGAGGAAGATAGCTCTCGGCCGGGAGGTGTGTGATTCTGAATATACGCAGCAAGTGCGGCTACGGCCTTTCGGTGCCAGGCCGCAAGCGGCCAATCAGGCATATCTCTCCCCGCCTTCTCTCTTAACGGGAAATTGAGGCTGGTTGCCCGACGTCGTCAGAATCGTGGGCCCTTGCGTCTTTCCTTCGTCATCTAGGAATTTGTTAAAGAAGTTGGTATTGAATACCTTGCCCCACGCCTGAAGCGCTGCTTTCTTCGTGCAATCCCGATCGTGAAGAATTGCCAACCACTCCAAGGCCTGCTTCAGCTGGGTCCTTAGCTCAACCATACTTGCGTCTTCGGCAGTTTTTGTCAAAGCCTCATCGACCACTGGATGCCGAACCGTCAGATCCCATTCCAATCGGGCATGGATGCCACGGATGGTTTCATAGAAACTGACATCCTCTCGTCCTGCCAGCGCATGATATTTTTCGCTGGCCAAGACTGAAAGGATAAAACCGCTGGGCATATTCCATGATTCACGGCTCTTCGCAAAGGCTTTCAGGAGTCGAACTTGGCGACGCAGCTGCTGTTTTTTCCCCTCTTCATCGGGACTATGCGTCTGCACTTGGGCGTCGAACCACTCGGTGACGGCCTTGGGATTAGATTGGCGCCATTCAACGCTTGCGAGTTCAAGATAGGTAGCTCCAAGAATCGAGATCATCTGCCGGTACACCGGAATGTCGACATTGTGCCCTTCCTCGTAGTACACCCGCACGCAGTTAGTCCGTACTTCGGGTTCCTTCTTGAACCGTGAGTCCTGCACCGCCTGGCAGACGACCTGGCGTACTTGCAAGGGGGTCCATTGCCCACCTTGAGAACCGTGCAAATCGTCTGCACTGAAGATGACACCATCGTCAATGTCATAGTCACTTTTGGGCTGCTGGATAATGGTCTCCATATCGTAGGAACCCTGAATCAGAAAACTAGTCGGTGTCAGACCATGCGAAGCTTTGAGACCGTTCGAGACGCGCTCTCTATTCGTGTTTCGATGATCACGCAGTTTTTCCTGTACGGCTTCTGACAGACGGACTTTCTCATCGTGGAATGTGAGTAACTCGTGCGAACAATCAGGCATATGTGTTCCTCCATGACGAAATCTCGATGTAGGCAGCAAGTAGGCTAGACATCCAAGGCCCGCTCCTATCAAACGGGAATCATTTCGACGGTAAAATGGCTGGCATGTCATGAAACAGGCCGTTCAAACACTCTCCCTGGCGATCTCCCACTCTCTGTGTCAGCCGGTACGCGAGGTCGGCATCTGTCTTACCCAGTTCGCTTAACACATCGAGAGCCTCTTCCGTGGCCTTGTCCAAAGCGAGATGGGCCACCTGGGACGGGGACGGAGGGGACTGCGGAAGACGGATGACGGTACAGGGCCGAGTGAGGTGTTTGGCAAGAAATTCCGCCATGAACTGGTACCCGGAAGACTGTGCGTCAAGAGCGACTGACAGGGCTCGTGATCCAAACTGCCATTCCACAATCCCCCAGGAGGTAGCATTTTTCTTGATTGGCTCTCCCTCGGGAGGTGCACAGGTGCCGACCGATAAAATCTCCACCGGTTGTCCTGGGGCTGCCGTCTCGAGTGCTTCTATCAAGCCAACGAGCACTGGGTTGTTGGCCCATAGACCACCATCAACAAAAGTACGGGCATGGGCAGGATCGTCCGGATCAGGAATCTTGGCGATCGGCAAAAACATGGGAGCGGCGCTCGTAGCCAGACATAGATCAACCAGCCGATATTTGTCATCTCTCCGCTTGTTCGCCAGATGAGGCGTCTTAAAGACCCAGCTTTTCTGATTCCCCATATTGACCGTGGGAATACAAAGCGCAACCTTCCGCAACTTGAAAACTTGCTCAAGCGTGAGATCGCCAAAAAACTCCCACAACGCCTGTTTCAACGTCTCTACGTCGCATGAGGCCTTCGAGGCATTCCTCCACCCCCACCTGACGAGGCTCGCAAACGTTGACGGCATTGGATCGATAAAGATCTTCGGTCCAAACTGTCGATAAAGGGTGATCAGCTGCTCCATTGGAACTCCCTTGGCAAGCCCACATGCCAGGATTCCCCCCGTACTGGTTCCAGTGATCAGATCAAATCCTTTGCCGATATCCAAGGACGCGACATCGCGTGAGCGCCCGAACCGAGCCGCCA
CP054184.1_gap12	475636	476700	1064	TGGAACCGACGGAGCTGGCCGTCGGCGGAGCCTTGGCAATCCTGATCGGCGCGGCAGTTCTGTACGTCATCATCAAGGTCCTGAGAAGTCGGATCGTGAAATTGATCGGCATGGGAGCGCTGCTGCTCACGGCGGCCTTCATCGGTTGGCTGGTGGTGGATCAGCAAGTGCGGGGGGAACGTGAACGGATTGCGCAGATCTGGAGTCGCACGTTCGACAACAATGAGATCAAGGATTTCGAGTCCTGTGTCGCAAATCGCTCCCCGCGGATCGCAGGCACGCAGTACCGCGTGGAATTGGTAACGGAGTGCGGCGAGGTCGCCAAGGCGATCAAACAGGGTTTGGAGGCCCGCTGATCATCGCACTGGGGCGTCCGTCCTCAGGTACACAAACCAATACACGAGCGCCACCAGCAGGGTCCCGCCGATGATGTTGCCGAGCGTGACGAGCCCAAGATTCACAAGCGCGCCCGCAACCGACAGGGATGCCGCGCTCCCGGCGGCCAGGACGAGGCCCAACGGCAGGAAAAACATGTTGGCGACCGAATGTTCGAAACCGCAGGCCACAAAGGCGCTGATCGGCAGGACGATGGCCAAAATCTTGTCCGCCACGCTCCGCGCCCCCATGCAGAGCCAGACAGCCAGACAGACCAGCACATTGCAGAGAATGCCGCGCGCCACCGCCTGAACGGGATCGAGCGCGATCTTGCTGCGCGCAATCTTCACCAAGGTCTCGCCCACCGCCCCGTCGCCCAACGTCTGCACCCCGGCCGACCAGACAAGTGCCGCAGTGCCGACAGCCCCCAGCAAGTTCCCCAGATAGACCCAACACCAATTCCGAACCACCTGATGGGTCTGAACGCAGCCGGCGGCCCAGGCCATGGCAATGAGGTTGTTGCCGGTGAAGAGTTCCGCCCCGCCCACGACCACCAGCACCAGGCCGAGGCTGAAGGTCAGGCCCCCGGCCAACCGCAGCAGCCCGAAGGGCGGAGCCGCCGCCCCCGGTCCCGTCGTCACGGTCACGGTATAGAACAGCGCGCCCAGCGAAATAAAGGCACCGGCTAG
CP054184.1_gap13	479645	480798	1153	AGGGCGCAGAGACTGGCAACCTTCATGGTCTCGCCCAGGTCGTGCAACAACGCAAGGTCGTCCAGGCTGCCGCCGCCGCTCTGGATACGTTCGAGGATTTCGCGGCCGCGGACCGACCCGATTCGGCAGGGCGTGCATTTGCCGCAGGACTCGTAGGCGGTGAAGGCCATGAAGTGCCGGGCCAGGTCCACCATATCGGTCTCATGGTCGTAGACGACGATGCCGCCATGGCCCAGCACGGCGCCGGCTTGGGCGAAGGCATCGTAACAGATCGGCAGATCCAACTTGGACGAGGGAAACAGACTTCCCAGCGGTCCGCCGACCTGCACCGCCTTGAACCGCGCCCCGGGCGCCATCCCGCCGCCGAACTGATCCAGCACCTGCCGCAGGCTCATGCCGAAGGGTACCTCCACCAGACCCGGTTGCTTCACCCGCCCGCCCAATTGCAACACCATGGTGCCGCTCGACCGCCCCGTGCCCAATGAGGCATACCAGGATCCTCCCCTCGCCAGGATCGAGGGGAGGATGGCGAACGTGAGCACATTGCTCACGATAGTGGGACGGCCATAGAGCCCGGCTTGAGCGGGATAGGGCGGCCTGGCCCGCACCACGCCTCGTTTGCCTTCGAGCGATTCCAGCAGGGCGGTCTCCTCGCCGCAGACGTAAGACCCTGCCCCCTCGACGACCTCGATGGGAAAGGGCTCCCCGTCCAGCTCCAGCAGCTCCGCTTCGTCCGCCTTGAGGATGGCGGCGCGGAGGGTCGCCGCGGCGGCGGGATATTCTTGGCGGCAATAGACATAACCGCGGCTCGCGCCGATCGCACGGGCGCAAATCAGCATGCCTTCCAACAGCCGGAAGGGATTCCCCTCCAAGATCATTCGATCACAGTAGGTGCCGGCATCTCCCTCGTCGGCATTCGCCACCACGTACTTTTCATCCGCTTCAGCTTGCCGTGCGACCAGCCACTTATTCCACACCGGAAAGGCGGCGCCGCCGCGGCCACGCAACCGGGACTGTTTGAGTTCCTCGATGATGGCGTCCGGCCCCATGTGCAGGGCCTGTTGCAGCCCCTGAAGCCCGCCGCGCGCCTGGTATTCATCCAATGCCAAGGGCTCCGTCTCGCCGAATTCGGCAAAAGCGATGCGGGTCTGGC
CP054184.1_gap14	481907	483006	1099	GGTCACCCGCCCCACTGCCTGATCCGCCGCTCCTTTTTCGGTGAGCACCCATCGACGCAGTTTCTTCGGCATCGGCGCACCGGGCGGAAGCGTCGGCGGCTCCTCCTGCCATCCGTCCAACAACCCCATCCCGCTGCTCAGGCAAGTGAATTCGTGGTGCTCGTACAGCGCAACCACATAAAAACAGGGCGTCCCTCCGGCAGTCCTGTAGCGAATCTCGCTGACCGCCTCCACGAGCGCCCCCAACCGCATCCGCGCGAACGTCCGCAGCAGCACATACCCAAAACGTTTGGCGAATTCCGGCCAGTCGCCGAGTTCGAAGGCGCCGCCCACCACCTCCATTTCCCGGCGTTCGTCGCAGGCGCTCTCGTACAGCGCCTTCGCATCCTGCGGCGACAGGATAAGCAACGGCCCCGCCACCACCGCCAAGGGGCTCTCAGGATCACCGGGCTCGCGGATCAGGCGGGTGAAGAGAGATGACCCTGCCTCCGGATCTGGCCCCAGGCGCCCCACCTCGACCTCGTAGATCCGGCCGTTTCCGAGCGAGCGTAACCCGCGGCGAGCCGCGCCGGGAGAAAGGGGCAAGACCTCCATCAGATCCATATAGGAATGTTTGAGCGGATCCAACCAGGCCCGTTGTTCCTCAGGAATATGTTCCGTGATGACGTCGCGCAGCTGCTCGATCAAGGTCAGCTGGCCGTCCTCCGGATAGAAATCGGCGTAGAGGAAGAGATCGGCCAATTCGACTTCTTCGGGCAACGGCGAAAGCGGCGACTGCGCGCCCATTTCCACATAGACCTGCAGCGCCCGCCGAAGCGCGATCTGACGCTGCAAGGCGAACTCGGGCGCCATGGACAATCGGTCCAACCGATTCAAGAGCTGATCCAGCTCCTTCGACACCTCCACCGACCGTCCGATCGTCCGCTCACTCCCGAGCTTCATGGATTTCCTCCATGACGATCGCCTCGGCGTCCAGCCAGTCCTGCAGGGCATACCCCTCTCGGAATCCGCGCTCCCTCCACAATTCGTAAGCTTTCTGCGAAATCCGCTCCCACATCCCGTCCGGCAACTCGATCGAGGCGGGGCCGGTCGCCAACTG
CP054184.1_gap15	495884	498860	2976	ACCCCTGACAATCAGAGTCGACAGATTGATGTATTGGCGATCGGCCTTTTCGGCTTGGCCGTGGGAGCCTTGACGCTGGGCGTCGCACAGCTCGGCTGGATTTCACACAAGAACATGGTGGGGGCTCTGGTCATCGCCCTTATCTTCGGCGGGGTGGTGCAACTCCTGGCCGGTATTACCGACATCCGCTACAACGAGCAATTGGGCGGTACGGCGTTGACGATGTATGGGTTCCTCTGGGTCACCCTCTGCACCGTCAAGCTGGTGAGCGCCAGTACGACCTTTCAATTCGACGCAGTACTGTACGCACCGATCAACCTGGTCTACGCCGTCTTCTCCGGCGTCATGATTTTCCTGACGGCCTACCGGAACTTGACCTTAAGCGCCCTCCACGTCGTCATCACCTTGACGTTTCTGACCACGACCTTTGCGCGACTGGACTTCATCAGTGAACTCCTCCCGGGGTGGGGCCATATCGTCGTCGGCTTGATGGCCTTTTACCATGCAGTCGGCAGCCTCACCCAGGCCTTCATCGGCAAGGCCATCCTACCGCTCGGCCCCCCGCTGCTGCACCACACGCCGAAGCCCCTGCACTCCATCGCCAAGGTCGTATAACCGCATCACCAGTCGGCGCCGATTCGGTCCACGATCACCTGTTGAACCGTAGCCTGCGGCCCCAGGCAAGCGAGGTAGAGAGCCGTTTCTGCGATATCGAAGGGATCGATCTTTTCGCTTCGCGCCCGTTCTGAAGCCGGAGCGTCCACCAGTTCATCGGCCACCCCGGCGGGGCAAATCGCGCTGACCTTGATACCGAACGCCCGCCCCTCGTCAGCCAAGGACTTGGTCAAGGCCATCACGGCATGTTTCGAGGCGCTGTAGGTCCCGGTGCCGGTCCACGCCTGGACGCCGGCCACACTCGACATGTTGAGGATCAGACCGCCTCCCTGCTGCTTCATCTGCACGAAGGCGGCGCGGCAGCAGAAAAAGGTCCCGCGTACGTTGGTCTTCATCACGTCGTCGAAAGCCTCGGTGCTGGTTTCGGCCAGTCGACGGCCGCCGAAGATGCCAGCGTTGTTCACCAAGATGTCCAGCCGCTGATACCGCCGCACGGTCTCGCTGAAGAGATGCCCGACCTGCCCCTCATCCGCAATATCAGTTTGAATTGCCAGGGCGATTCCCCCCGCCTCCTGAATCTGCGTCACGGTTTCTTGGCACCTCGTTAGCCGCCGAGCCGCCACCACCACCGTCGCTCCCTCTTCAGCGAACCGGAGCGCAATGGCCTTGCCGATGCCGCTGCTGCTCCCGGTCACCACAGCAACCTTCCCGTTCAATCGTCCCATGCGAGCCTCCTGTCTGGTCGTTATACCTTGCATGGAAACCGACTTCCATCGGCTCAGGTCGAGGAAGAAGGCTTGGCGAGTCGCACGGTAAACCAGAATCGGCTGCCTCGATCGTCGCTCTCCACCCCGATGTCTCCCTGCATCAATGTGACGAGCCGTTTGCAGATTGCCAGGCCCAATCCGGTTCCTCCATAATAGTTCCTGCTGCTCGACCCATCCACCTGACTGAAGGGCTGAAAGAGTTTCTGACGACCGAGCGGACCGATGCCGATTCCCGTATCCGTCACCTCTCCGCGCAGGAGCACGGCATGTTCCGTCTCGTGCACGACGGCCAGATACAGGCCGACCTGCCCCTCGGCGGTGAATTTCACCGCATTGTTCAACAGATTTTCCAGCACCTGCCGCAGTCGATCCGGATCCCCTCGGAGGAGCGGCGGCACTGAGGAATCGACCTGCCACAGCAACTTCAACCTCTTAGGCCCCAGCCCCTCGGCCAGTTGATCCAACACGCCTTCCGCCAGCGACCGGACATCGACATCGCGCGATTCCAACACCACGCGCCCGGCTTCGATCGTGGAATAGTCGAGGATGTCTTCGATGAGCGCCAGCAGATGTCGCCCGCAGGAACGGGCCGTACCGACAAAGTCCCGCTGCTCGTCCGTGAGGCTGGTTTCGAGCAGCAGCTCCGTCATCCCGAGTACGCCGTTCAACGGGGTCCTGATCTCGTGACTCATCGTCGCGAGAAACTCCGTTTTGATCCGGGCCGCCTCCATCGCCTGGTCGCGCGCCACGGCCAACGCCTGCTCGGCGCGTTTTCGTTCGGTGATGTCCGTGGCGATGCCGCCGATGGCATAGGGCACCCGATCGGGAGTCAGGAGCGGGAACTTGAGCACGATGCTGGTGCGTACACCGTCCGGATGCGCAACGACCTCTTCGAACCGCAGCGGACGTTTCACGTCCAACACCAGGCGATCATTGACTTGGAAAGCCGCCGCCTGCGCGGGAGCAAACAGTTCGGCATCGGTGCGGCCGATGACATGGTCCTTCGTGAGGTGAAAGGTCTGCTCGAACTGGCGATTGACGTCGAGATACCGTCCTGCCGGATCCTTGAGAAAAATCAGCGCGGGGCTATGGTCGAGAATCGCTCGTAGATGGGCTTCGCGTTCCGCCAACCGCATCTCCGTTTCCTTGCGGGCCGTCACATCCGCCACGGTCCCCAGCATGCGAAGCGGCCGGCCGGCATCGTCCCGCAACACATCGCCCCGGCAAGCCACCCACCGGAGGGTTCCGTCCGGCCAGAGGATCCGGTGCTCGATGCGATAGTCATCCTGGCCTTGGATGGAGCGGTTGATGGCCGCCAACAGCCGATCCAAGTCCTGAGGATGCACTAACTGCAGGTAGGCCTCATACGTGCCGGCAAAGGTTTCAGGAGTCACACCGAAGATGGTATGGACGTTGCCGGCCCACTGCACCTCATTGGTCTGGATATTCCAATCCCAGATACCGAGTTGCGCGGCGTCCAGCGCTAACCGGAGGCGCTCCTCGCTGGCCTGCAACGCCGCCTCGATACGCCGGCGTTCCGTGACATCGATCGCGACTCCGCCGACGTACTGATTCCCCTCATCATCCACAAAAG
CP054184.1_gap16	509923	511747	1824	ACAAGAAGAGTTCGTCTGGTTGATCACCTCGGCCAACGTGTCGGAGTTTTACAAGGCCATCACCCAGACGGGCCGCATGGAGGCCGACGGCGATCGCTTCAAGTTGATCGTCCCACAGAGTAAGTCGACCCCCTTGACCGTTCGCTTTCAGGCTCAGGACAAGCTGGAATTGACCGACGGCAGCGGCGCGTCGTCCACCTGGGGGCGAAGCGAAATGCAGCTCACCCGCTGCTGACCCTCCACGGCACTCCCTCAAAAACCGTTTCCGCCATCCTCTTCAGGGCCTTGCCTTGACTGCCCATCGAGACAACCGATAGATCGGACCAACAGGAGTTAATCCTCCGCTTCTCATCTCCACACGACCCGCGCCCTCCCATCAACGACGACGTGATCTACGCTGTGGCGGTCGTTAATCGTGCAAGAACGCGCGCAGGGATTCGGTCGGCACTAATCCCACCAGGATCGACTGATCCTGCCGCTCAAGCAGCGGCACGCCGGCATGATCCGTTTCCGTCCATTGTTCCTGCCAGGTCCACAAGAGGGAATCGACCGACAGTGCTGCAGGTCCCACCACCTCGGTCGGCGCCAGCTCAGAACGTCGCGCCGCTTCCCGTAAGACCTCTTCGTCAGACAGATCCTTCCCCTCCAACCAGAACGACCGATACAACGCTCGTGCGAAGACGAGGCCGCGGGAACGATCTTGCTGAACTGCCCGCGCGGCTGCGGCAATCGCTCGCTTCGTGTTCGGCTTCCCCGACGGAACCCGAATCGGCACCTCCGGCGCCAATCGGCGGATCAGTTCGACTTCCTGCCTCAATTCAGCGGCAAGGGGTCCGCCCCAGGTCGCCATCGGAAGCGAAAGATGCGGCGCATGTTGCACCCCCTGCCACAGCACCCGGTCCAGAAGCCCGAGCCCATGGAGTCGTTCATGGAGGGCGTAACAGAAGGGACAGTTGAAGTCGCTGTAGAGTCGAACCTCGTTCATCGCGCGATCCGGTGCTACGGGACGATGGCGATGATCCGCACCGGCGCGCCGGTTCCGCCGGCGATCTTCATGGGCAAGGCCACGACCGTCGCTCCGACGGGCGGAAGTTCATCAAGGCGGGCCACGTTTTCCAACCCGTACACCCCAGCGGCACTCAGAATTCGGTGGACCACAAAATCTTGCGAGGGCCCATGGTCCATGCTGGGGGTATCGATGCCCACACCGCTGACCCGCTTGGCCACCAGCCACTCCGCCGCCTCTTGCGAGATCCCAGGGAAATGCAACGTCGTAAGGTGATCCGGCGTCGCGCTCCCGAAATACCTCGTCCGGTCCTTCCAATAGGTTCCCCAGCCGGTGAGCATCAGGACGATGGCGCCATTCGGCAAGGGGCCATGATGAGCCTCCCAACGTTGAAGGTCTGCTGTCGAGACTCGATAATCCCGGTCGAGTGCGGTGGCCTCACGGACGTCGATCACGGCGGCAAGCCCCATGAGTTGTTCCACGGGTATGCGGTCGATCTCCACCTGCCCTTGTGCAAAATGGATCGGCGCATCCATGTGGGTGCCCGCATGTTCCGACAATGCCACCTGTCCGGTCGCGTACCAGGCCTCCGTCTCGGTTCCGCCCTTGGTCATGCCGCTGCGATGGAACGGTGGATTGGTCGGCCAGACCTGTGTCGTCTCATCGAATGCGTAGGTCAAATCCACCAGGCGTTGGCCTGCGCTCGCCTCGCACCATGCTCCGAGCCCGGGAAGACAGAACAGAAAGACACCTGCGGCCAGAACGGCCTGCCGAACTGCGGAGTTCACGGGATCATCGGTCATGCTGCGCTCCTTCAT
CP054184.1_gap17	668605	672105	3500	TCAACCACCAACTGCCAGGCTCGCTCAAAGGCGTCGAGCCGCAGGTCGCCCGACAGCCGGTAGACATACTGGTAGAAATAGGGGTCCGCCGCCGCGTCGGCGAGGCGGTGATAGAGCAGTCCCTGTTGCAGCGGGGACAGATAGTACATGGCTTCGATCTGTGGTTTATCGCGCATGGCTCCGTTCCATGGTCTCAAGAATGTTGTCGAGGGCGTCCTGATCGATCTGCACGTCCGGAAAATCCGACGGCGTGTATCCCCCGGCGTCCGGCGCACAACAGTGAACAATCAGGTCGCACAACCGCTGCCGATAGGAAGCCCCGAGCCTCTCGATCGTCGCTCGCTTGAACCGCGCACCGCTGTAGGTCCAGGTCATGCTCAACCGTCCATCCGTCACGTCCGCAGTGATGGTGAGTTCATAGGGCATCCGATTCGAGGCACCGTGCTCCCGCCCGGTCGGTTCCGGCGCTAGTCCGAACAGGGCCTGCTCGGCCCCGCCTCGGTCGAGTTGGCCCAGATAGTTGAAGCAGACCTGCGCCGTGGTCTGACCTCGAAGGCGCTCGGTTTCGGGTGACCGGCCCAGGTACCGCAAGAGGCCGTACCCCACCCCGCCGGACGGGACGGCGCGCAGTTGCTCCTTGATGCCTTTGACGATGTCGCCGGTCGATCCCTTCGGCAGCCGGAGGAGCAGCGGAAAGATGCTGGTGAACCAGCCGACCGTCCGTGACAGATCGGTTCCTGGAACGATCGACTCGCGGCCATGGCCTTCGAGGTCCAGCAGCAAACGATCCTCGCCCGTCCACCAATGGAACGTGTGGACCAAGGCGGCCAACAAGAGATCGTTCACCTGGGTCTTGTAGGCGGCCGGCGCCTGCCGCAACAGGGCTTCCGTTTCCTCCTGGCTGAACGAGAGGTGGCAAGTCTCCGCCGAAGCCTCACTCCGTTCTCCCCGCGGATCATCAAGCGGCAACGAGAGGTCCCTCGGCTGGTCCTGTTCGCTCCAGAATGCCGCCTCACTGGACAGGGCCCCGGACTCCGCCAGGGTCTGTGCCGCTTCGGTCCACTGTTTGATCGACGTGGTTTTGGGCGTAAAGATCGGTTGGCTTCCCTCCTCGGCCAGATAGGCCCGCTCAAGGTCCTCTAGGAGAATGCGCCAAGACACCCCGTCGACGACGAGATGGTGCGCCATCAACAGGAACCTGCTTGGCCGCGTCGGCCCTAGATCGAACAACAGCGCGCGGAACAGCGGCCCCTGTTCCAGATGCAGGCTCTGCTGGTACCGTTCGGACTCGTCGGCGATAGCGTTTGCTGCTGCTTCGTCGGAGACTTCGCTCAGGTCGACGGAAGTCAGGAGATCTTCGGATGAAACCATGGCCTCGATCCGCGCCGTCGGGCCGTTCGAGAGGTCGAAGCGCATGCGCAGGCCATCGTGCCGCTCCAGCAGCAGGCCAAGCGCCCGCGCCAACCTGGCCCGATCCGGCTGTTCAGAAATCGTCACCATGAGCGATTGGTTCCAATGATGGGGCTCGGACAATCGCTGCTCGAACCACCAGCGTTGAGCCGGCGTCATCGGCAAGGGTCCCGAGACGAGCCCCTGCTCGGCCTGGATCACCGGCGCCGTAGCCGACTCCCGATTGGCCACCGCCGCGAGCGCCTCGATCGTTTGTTGCTGAAACAGCTGCCGAGGCGTCAACGACAGGCCGATCTCCTTGGCCTGGGCAATCACCTGGAGGCCGAGAATCGAATCCCCGCCGAGTTCGAAGAAGTTGTCGTGGCGGCCGACCTGGGCAAGCCCGAGCACCTGGCTCCAGATGGCGGCCAGCTGCTGTTCGGTCACCGTGGCCGGCGCCTCATAGGCGGTCGGGCGCGGCGCCTCGACATCCGGTGCGGGCAAGGCCTGGCGGTCCACCTTCCCGTTCGGACTCAACGGCAGCTGCGCCAGCCGGACGACCACCGCCGGCACCAGATACTCCGGCAGCGTCTGCGCCAGCCCCGCCTTGAGCGCCGCGGGCTCGAACGGCTGCGCCGGGTCCGTCGTCACGTAGCCCACGAGCCGGGCGCCCCCCGGGCCGTCCCGCCGCGCCACCACCACGGCCTCCCGAATCCCCGGCTGCTGCCGTAGCGCCGCCTCCACTTCCCCCACCTCGATGCGCACGCCCCGGATCTTCACCTGATGGTCCAGCCGTCCCAGATACTCGATGGTCCCGTCCGACCGGTACCGCACGAGATCGCCTGTCCGGTAGAGCCGTTGGCCCGGCTGCGCACTGAAGGGGTCCGGCACGAACCGCGCCGCCGTCAGGGCCGGCCGCCGATGGTACCCGCGCCCCACCCCGATCCCGCCGATATAACATTCCCCCGGCACCCCGATCGGCACCGGCTCCCCCTGCGGGTCCCGCACATAGATCTGGAGATTGGCGATGGGCCGCCCGATCGGCACGGTGGCCGCCGGCGGGGTCGGACAGGTCCAGGCCGTCACGTCGATGGCGGCTTCGGTAGGCCCGTAGAGGTTGTGCAGAGCCACCCCCGGCAACTGCTGCTGCACCCGCGGCGGGACCGTCGCCGGCAGGGCTTCGCCGCTACAGACGATCTGCCGGAGACTCCGGCAGGTCTCCACCCCAGGCTGGTCCAGGAAGGCCTGCAACATGGGCGGCACGAAGTGCAGCGTGGTCACACCCTGCGCCACGATATGCTGGATCAACTGAGCCGGGTCCTTGTGGGCGCCGGGTTCGGCCATGACCAGCTCGGCCCCGACGAGCAACGGCCAGAAGAATTCCCACACGGACACGTCGAAGCTGATCGGCGTCTTCTGCAGCACCCGGTCGGCGGCGGTCAGCCCATAGGCCTCTTGCATCCACTGAAGCCGGTTGCGGAGGCCCGCATGCGTATTGCCCGCCCCTTTCGGCTGCCCGGTGGAGCCGGAGGTGTAGAGCACGTAGGCCAGTTGCGCGTCGGCCAGCCGCCCCGGCGGCGGCGTGGCCGGATAGGTGGCCAGGGTGGCCCGGTCCCGATCCAGGCAGAGGGTCGGGCCGGCATGCGCCAACCGCGCCGCCTGCGCCCCGTCGGTCACGAGCAGCGCCGCCTGGCTGTCGTCCAGCATGTAGCGGAGGCGCGCGACGGGATAGGAGGGATCGAGCGGCACGAAGGCCGCGCCCGCATACCACGTCCCCAGCAGGGCCACCACCAGGTCCACCGACCGCTCCAGGGCCACGGCCACCAGCGCCTCCGGCCCGATGCCCCGCCCGCGGAGCGCCTGGGCCACTTGATAGGCCTGCTCGAGCAACGCCGCATAGGTCACCGTCGTCGCCCCCGCCCGCACCGCGATAGCTGCCGGCGTCCGCGCCGCCTGCGCCGCAAGCTGCACCGGCACCGCCGCATCCGGATAGACCCGCCCCGTCCGGTTCCACACCCCCACCACCTGCTGCCGCTCTGCCCCGGTCAAGAGCGGAAATGCCGCAAGCGTCCGCTGCGGCTCCGCCACGATCCCTGCGAGCAGGGTGAGGA
CP054184.1_gap18	673866	676243	2377	CGATGACCGCCGCTTCACAGACCTCGTCTTGATCGGTCAGGTAGGATTCGATTTCACCGAGTTCGATCCTGAATCCGCGCAGCTTGACCTGATGGTCCATGCGTCCCACATATTCGATCGTCCCGTCGGGCCGATAGCGGGCCAGGTCGCCGGTGCGATAGAGCCTTGCTCCCGGCTCGTTCGCGAACGGATCCGGCACGAATGCTTCCGCGGTTCGTGCACGATCCTCAACGTATCCGCGACCGACACCGATGCCGCCGACGCAGAGTTCGCCCGAGATCCCCACCGGCACCGGCGCAAAAAACCGATTGAGGATACAGAGCCGCAGGTGCTGAATCGCCTTCCCGATCGGGACCCGGACGGAATCCTCCGACGGCGCTGCCAGGATGGGATGGACGGCGACGTCGTCGGCACATTCGGCCGGGCCGTAGGCGTTCATCAGGGGAATGCCTGGATAGCGCTCGAACCAACGGCGGCAGAGGGCCGGAGGCAAGGCTTCACCAGTCGGCAGCACCCATCGCAGGTGTTGAAGATGGTTCACGGGGCCTGAGCGGTCGCCTGCATCCAGCAGGGCCTGCAAGACGGCGGGCACTGCTTCATAGATGGTCACCCCGGCCTCGTCCAGGTGCGCGCGCAAACGGGCCGGCTCCCGCACCAGCTCATCGGGAACGATGTGGGTCCGCGCTCCGCAGAGTAAAGCGGTCAGGAATTGCCAGACGGAAATGTCGAAACATTGCGATGCGGTCTGCGCGACCACATCCGCCGGCGCGATCGACAGGGAAGCCACCTTGCTGTCGAGGTTGTTGAGCATGCCGCCCAGCGTGACCATCGCCCCCTTCGGCACGCCGGTCGATCCGGACGTGTAGATGACATAGGCCAACTGATCCATCCGCGAGGGTCTGGGACGATCCTCGTCGCTCCCTTGCTCCGACAACAGCTCGTCCAGCGTCACCACCAACGGACGGAACGCTGCCGGCATCCCCGACAGGGCCAGCTCCAAAAGGCCACTCAGACGCCGCGAGACGACGACGACGCGCACGCGGCTCAGCTCCAGCAGCCGCGCGATGCGCGCGACCGGATGGTGCGGATCGAGCGGCAGATAGGCAGCGCCGGCTTTGAAGCAACCCACGATCATGGTGAGCAGGTCGACGCCGCGTTCATCCAGTAAGGCTACGATCGAGTCCGGGCCGATGCCTGCCGCCCTCAGCCGATCGGCCAGGCGATTGGCCCCTCGATTCAACTCTTCATAACTCAGTGCGCGCGCACCACAGGTCACCGCCACGGCCTGCGGGGTCCTGCGCACCTGCGCTTCGAAACGGGCCGCAAAACTACGATCGTCCTGCGGGACATCCGTCTGGCCCGTCCCCTGAGCCAACAGCAAGGCGCGTTCCTCTTCACCCAGCATCGGCAGGTCGCCGATGCGCGCGTCCGGCTGCAGGATGAGGTGCTCCAAGACACGCTTGAGATGCCCGATCATCCGTTCCACCGTCTCCGAGTCGAACAGCCGGCGGTCGTACGAAAGTTTGAGTCCCAGCTCCTTGCCCGGCCAGCCCATGACGGTCATGGGATAATTCGTGTGGACGCGATATTGCTCTTCCTCGGCGCGGAACATGATCCGCCCCTCGCAAAGCGCGGGATCGACCGGGGCATTCTCGAATACGAACAGGCTGTGAAAGAGGGCTTCTCCGCGCGGGACTTCGCTGCAGCGTTGAATCTGAATGAGCGGCGTGTATTCGTACTCGCGAAGCCTGATGTTCTCCGCCAGCAGATCCTTGAGCCAAGCCAGCACCGGCCGATCCGGCGACACCAACAGGCGCAACGGCAGGGTGTTGATGAACAGCCCCAGCACCGATTCGACGCCCACGAGCTGCGTCGGTCGGCCCGCCACTGTCACGCCGAACAGCACGTCCTGCTCGCCGCTGTAGTGCGCGAGCAGGATCGCCCAAGCCCCCTGCACGAAGGTGTTCGGGGTCACACGATGTTGCTGGGCCAGAGCCGTGAGTCGAGTCGTGAGATCCGCACTCAGGTGTACGCAATGATCCGCCGCGTCATCGTTTTGATCGGCCAGACCTTCCGGAGGACGATCGTAGGCGAGCGGCGTGGGCGTGGAAAACCCCTGCAGATACTCGCGCCAAAACCGGTTGGCTGCGTCCAGATCCTGCTTCTGAAGCCAGGCGATGTAGTCCCGATAGGGGCGGGGCTTGTCCGCCCGGCAGACGAGGCCCTGGGCACAGGCCTCGTAATGGGCCAAGAAATCCATCAGGAGCGGCGAGATGCACCATTCGTCGAGCAGGATGTGGTGGAAACTATGCACGAACTGATAGGTGCGCTCGGTCAGACGGATGAGTCGCAGACGCATGAGCGGCGCCTTGGAGAA
CP054184.1_gap19	681152	684130	2978	GTGCCACCACATCGTTCGGCCCCAATCCCAAGGAGTCACACTTGCTCCAGAGGTGGTTCATCAACCCCCGCTGTGTGACCATGGCGCCCTTGGGAATTCCTGTCGAACCCGACGTATAGATGACGTAGGCCAGCTGGTCCGGCGAGCAGGCGCGGAGCCGACGGCGCGGAGTCTTCCCCTCTCTCTCCATGTCCTGGATCGTGAGGAGCCGCGTCTCACCGGTCGCAAGACGGGGAGAGGCCTCGGCGACCAGGGCGCGGTAGGTCTCGCTCGTCACGACGACGGAGGCAGCACTCGAGTGGATCAGATCGCCCCAACGGGCGGGAGGATGTGACGGATCCAACGGCAGGTAGGTCCCGCCGGCCTTCAATAGGCCCACGATGCCGGTGAGTAGATCCAGACCACGGTCGAGCAACAGGGCGACGATCCTGTCAGGGCCGATGCCGGCAGCCGTCAGCGCGTGGGCGACTCGGTTCGCCGATTCGTTCAATGCTTCGTAGGTCCTGGTCTGTCCCCCACATTGCACGGCGACAGCGTTCGGAGTCCGTGCGACCTGCGCCTCGAAAGCCGCAGCAAAGTCAAACCACCTGTCCGTAACGGGGACAGCAGGCCCGACCAGTAGGGCCTGCTGCTGCTCTTCGATCGACAGCAGCGGCAACTCGCTCAGTCTGCGGCCCGGCGTCTCAGCGATGCCGGCCACAAGGGTCTGGAAATGCCCGGCCATACGGGCAATGGTCGCGGCGTCGAACAGATCGGTGTTGTACTCAAAGGCCCCTTCCAGCCCCGTCTCCGTCTCGGCCATGTCCAGCGAGAGATCGAACTTCGCTGCCGCCGCATCGACTTCGGTGATGTCGACCTGCAACCCGGGCAACCGGACGGCCTCGGCCAGCGTCGTCTGCAGCGCAAACAGCACTTGAAACAGCGGTGAGTGGCTGAGGACCCGCGCCGGCTTGAGCGCATCAACGAGTTCCTCGAACGGCAGCTCCTGATGCTCCTGCGCCCCGATCACGACTTCACGTACCCGCTCGAGCAGGCCAAGGAAGGTCGGGTCCTGCGAGAGGTCCGTACGCAGCACGAGGGTATTCGCAAAAAAGCCGATGAGATCTTCCGTCTCGCGTTTCGTCCGGCAAGCGATGGGGGTACCGACACAGACATCCTCGACCCCCGTATACCGCATGAGCCAGGTCTGGAAGGCGGCCAACAGGGTCATGAAGAGGGTCACGTTGTGCCGCCGGCTGAGCTCGCGCAACCCATCGGCCACGGCCCGCGGCAAGGTGAAGGCGTACCGGCTGCCCGACGAGGTTTGGACCGCCCCGCGCGGGTGGTCTGCGGGCAGTTCGACCACCGGCAGGTCTCCGGCCAGTTGCCGCTTCCAATAGGTCAGGTGCCGATCGAGGACTTCGCCCTGCAGCCACCCCCGTTGCCACTCCGCATAGTCGGCATATTGGATGGGAAGCGCCGGCAACGCTGCGCCGATCCCCTCCACCGCCTCGACGTACAACTGGCCGAATTCCCGCGCCAGGATTTGCGCCGACCAACCGTCGCATACGATATGGTGCAGCGTGACCACCAACAGATGGTCGTCCTCCGCGATGTCGAGCAGCCGCAGGCGCAGCAGCGGCCCCCGACGAAGATCGAACGGGCGTCGAGCCTCCTGACGCGCCGCCGCCGCGATGGCAACGGGATCGGACGAAACCACGCCGTCCTCCAGCGTGACGCGGCCCTCGGCTGCAATGATTTGAACCGGCTCCCCGTTGTCGGAGGTGAACGTGGTCCGCAGCACCTCGTGCCGCTCGACGATGCGGTTGAAACAGTCCAGCAGGACCCGGCGATCCACCAGCCCCTTCATCCGCACGGCGATGGCCGTGTTGTACGACGCACTCTCCGGTTCCAACTGCGAGAGGAACCAGAGCCGCCGTTGGCCGAAACTCATGGGAAACAGATATTGCTCCGGATCTTGCGTCTGCTCGTGGGGCATCAGCATGGATCGTCGGCTCCCCGTGGCTCCGCCATGGCCACCAAGATCTGCCGCCGTCCCTTGAAGGGCGTACGCCCGTGCGCGGCGAGCATGTTGTCGAGCATCATCACATCTCCCTGCTGCCAGGGGAATTGCACCGCCAGGATGCGATACACGCCGCGAATCTCCTCCAACAGTTCGGATTCGATCGGACTTCCGTCGCCGTAACAGGCATTGCGAGGCAAGTCCTCTTCCGCCACGACGGCCAACAGGGCCTCCCGCACCGCGGGCTCCAGATTCGAGACATGAAATAGATGGGCTTGGTTGAACCACACGCTTTCGCCGGTGCGAGGATGGACCGCGACCGCCTGCGCCACCTGCCTGGTACGCAGTTCGCCGTCTTTCTTCCACTCGTAGAGAATGCCGTTGTTGCGACAGAAACGCTCCACCACCGTCGGATCGTGGCTGTTGAATACCTTTTGCCAAGGCACATCCAATCCGTTGCCGTAATTGCGGACGTACATGATTCCTTTCTCGATAAGGCGTTCGCGAATCCTGACCGGGATCCGGCGATAGACCTCCCGGCTGTCCGCGATCGGCGTGTAGCCCCCTTCCTCGGGCACCTGGCTGCAGTAGAACCAGATTTTCATCGGCCACTCGCGCGTGTAGGCCTGCTCGTTGTGCAGCGGAATCGATTGATGCGGCGGATATTCGGTCGAGGTGTAGACCTGCTGATGTACCTGCGATCGCGGGGTCGAACCGAATTCGTAAGACACGAGGGAGGACGTGAAGGCGCCGATGAACGACTCGAAATCGGTAACGCTGCGGATCGGCAGGCCGCGAAACAGCAGGCCTCCGCAGGACGGCAGGAGGGTCTCCGCATGCCGACGAGCCCCGTCGAGGTAGTCCTCCAATCGCCTCTCCTCGAGAGGAGTCACCAACAACGGCAGATTGCCGTCCGACATCCAGGCCCCGACCGCCAAGCCCCCCTGTCCGTTCGCGTGGCCGTTCACGCCGACCT
CP054184.1_gap20	752329	754315	1986	GAAACAAGGACTGCTCCTAACCATGGGAACCGGATCCACACTGAGCCTGGTGCAGGCCAAACTCGCGGCGGCCCGCTCCGTCACCGTGCTCACCGGAGCCGGTATCTCCGCCGACAGCGGGGTGCCCACCTTTCGCGGGCCGGACGGGCTATGGCGCAACTTCCGCGCGGAGGACTTGGCTACCCCCGAAGCCTTCGTCCGAGATCCGAAGCTGGTATGGGAATGGTACAACTGGCGGCGCGAACTCATCGCCACCAAGCGTCCTAATGCCGCACACGACGTCGTCGCGCAGATGGAGCGTCGGATCGAACGGTTCTGGCTTATCACTCAAAACGTCGATGGGCTCCATCGGGACGCCGGTTCGCGACAACTTTCGGAGATTCACGGAAACATCTGGAAGGTGCGTTGCACCACCTGTCGACAGGTGTCTGACAATCGCGAGGTGCCGATCCCCATTCTCCCTTCCTGTGGAAGGTGCGCAGGCCTCTTGCGGCCCCATATCGTCTGGTTCGGCGAGGGCTTGGCGGAAGAAGATCTGCAGGCCAGCGACGCCGCGCTGCGCAATTGCGACATCTGCCTGATCATCGGCACATCCGGCCTCGTCTATCCCGCTGCAGGGTTCGCCGCAGTAGCCAAACGAGCCGGCGCGTTCGTGGTGGAAGTGAACCTCGATCCGCCTCAGCGGTCCGGCGTCGTCGACGCGACCCTCCAAGGCCGCGCCAAGGACATCGTCCCTCTCCTATTTCAGGCCTGACAGCAAAGGCACCAACTCGGTGAGGTTCGTGATGATCGGCCCGCTGGAGGGGCTTGGAGGTGTGCCCCGTGCCAATAGGACGCCGGTGAGCCCAACGGCTTGCGCCCCCTTCACGTCATCCCGTTCGCTGTCACCGACGTGCAAGGCTTCCTCCGGATCGACGACATGTTTCTCGAGCGCTTGCTGAAAGATGCGGGCGGAGGGCTTGGCGGCATGGGCCAGGCTGGAAATGGTGATGGTGTCGAAATAGTCGGCAATGCCCAGGCCCCGTAACAGGCTGAACAGTCGTGAGTCGAAGTTCGAAATGATGCCTAATTCGTACCCCTGCTCCTTCAGGAACTTGAGCACGTCTTCCGTTTCCGGATAGAGGCGCCACGCGTCAGGCTGCTCGAACGCGGCGAACACCTCTTCGAAAAACTCGTCGAACTTATCGAACATCCCGACGCGATAAAACACGTTGTGGACGATATCGAACCACCAGAGGCGCTCGGACTGTTTGATGGCCGCAGGCTCCATCGCTGCGAAGACCGGCGGCGGAGCCTCGCGGAAGGCTCGGCCGAACGCCGCCTTGATCGCCGACAGCGATTCCGGCGTTTTTCGGAACCCGTGGCGCTCGGCATACTGCAGATAGATTTCAGCCACCGACCCCTGCACATGAAAGAGCGTCTCGGCAGCGTCGAAAAACACGACGTGAATGCGACTGTCGGACATCGTGGACTTCCCTTCACCTCGCCGCAGACCAGCGCGACGGCTCGGATTGTAGGCAAGCGTGATCGGGCAAGTCAAAGCCCGACTCGTTTTGGCTTTCCTTTGACAGGTCCCACCCCCTTTGTTAGCTTCGACGGAGGATCAGGAACTGGGAGATCAGCATGGCTTCCACCATTTTCGTGGTCGATAGCAGTCCCGCCGTGCGGCGCATGGTGGAACAACTTTCACCCCCCGACGACTACCATCTCATGGCGTTCGAGGATGGCCCCACCGCGCTGGAGGCGGCCCGCAAACTGAGCCCACACCTGATCGTCGCCGACTACCACCTCGACAACATCACCTTTTCGGGATTCTGCAAAGAGATCGGCAAGGCCGACAATCTGGCCGAGACGCTCATCGTCTCGATCATGGACGCCTCCGCCCGCGTCGATGAAAGCAAACTGCGGTCGCTGGGCGTGAAGGCGATTCTCAAAAAACCCTTTCAAGGCCCCCAGCTCCTCGACACCGTCAAGACCGTCTTGGGC
CP054184.1_gap21	755455	760333	4878	AACGTCACCGGGTCCCTGCACGTCGGCCACGCCCTGAACAATACGCTGCAAGACATCCTGATCCGCTGGCGGCGCATGCAGGGCTGCAAGGCGCTCTGGATGCCCGGCACAGACCATGCCGGAATCGCCACTCAAAACGTGGTCGAGCGGCAACTCCAAGCGGAAGGCACGTCGCGGGAGACACTCGGGCGAGGGGAATTCCTGAAGCGCGTGTGGCAGTGGAAGGAAAAGTCCGGCGGCACCATCATCGGCCAGCTCAAGAAGCTCGGCGCCTCCTGCGACTGGCCGCGCGAGCGGTTCACCATGGACCCGGGCCTATCCGAAGCGGTGCGCGAAGTGTTCGTGCGCCTACACCAAGACGGCCTGCTCTATCGCGGCGAACGACTCATCAACTGGTGTCCTCGCTGCCTCACCGCCCTCTCGGACATCGAAGTCGAACATGAAGAGATCACCGGCAAGCTCTACACGATTCGGTATCCGCTGTCAGACGATCCGTCGCAGTGCCTCCTCGTGGCTACCACACGCCCGGAAACCTTGTTCGGCGACACGGCGGTGGCGGTGCATCCCGAAGATGAGCGCTTTCGGCACCTGATCGGCAAGCAGGTCAGGCTCCCCTTGACTGCGCGAACGATCCCCATCGTCGGCGACAGCATTCTCGTGGACCGCGAGTTCGGAACCGGCGCCGTCAAAATCACCCCCGCACATGACTTCAAGGACTTCGAGGCCGGGGAACGCAATGGCCTAAAACGGATCAAGATTCTGGACCTGCACGCGCACATCACGCCCGAAGATCAATTCCGCCTCGCAACGAAAGCCGACCCCGAGGTGGCGGCAGCCTTGGGTGGATTGCCCGTCCTGAAGGCCAGACCCAAGGTCGAACAACTATTGACCGATCAAAGTTTTCTCGAAAAGGTCGAGTCCCACAAGATGGCGCTCGGCAAATGTTATCGCTGCAAGACGGTGGTGGAGCCATTCTTGTCGGACCAGTGGTTCGTCAAGATCAAACCCTTGGCGGAACCGGCGATCCACGCGGTCGAAGAGGGACGCGTCCGAATCATCCCCGAGGCTTGGAAGAACAACTATCTCGGCTGGATGCGAGACATTAAGGACTGGTGCGTCTCGCGGCAGATTTGGTGGGGCCATCAAATTCCAGCCTGGTATTGCGAAGCCTGCTACGGCGCTCCCTTCCTGCGGCGCAGTTCTGACGGCGCGCCGCTCATTCCGTCGGATGCCGCGGCGATCGTGGCGAAGACGCAGCCGGATGCCTGTCCGAAGGGCCACCGCAACGCCCTCGTCCAAGACCCCGATGTGTTGGATACCTGGTTCTCCTCTGCGCTCTGGCCCTTCTCCACCCTGGGATGGCCGAACCAGACGCCGGAGTTGAAGACCTTCTATCCGACCTCCACCCTCGTGACCGGACTCGACATTCTGTTCTTCTGGGTCGCGCGCATGATCATGATGGGCCTAAAGTTCATGGGCGAGGTGCCCTTCCGCGATGTCTATATCCACGCCTTGGTGCGCGATGCGGAAGGCCAAAAGATGAGCAAGTCCAAGGGCAACGTCATCGATCCGTTGCATGTGATGGAACAGTTCGGCACCGATGCGCTGCGGTTCACCTTGGCCTCCATGGCCTCGCCAGGCCGCGACGTCAAGCTAGCCGAGGAACGCATCGAAGGGTACCGCAATTTCACCAACAAGATTTGGAACGCCGCGCGTTTCATCCTCATGCACCTGAACGGCGAACGTGTCGAGGTCCCGCCCGCGCAACGCTCCTTCGCCGACCGCTGGATCTTGAGCCGTCTGAACGCCACCATCCAGGCCGTCAACCAGGAACTGGAACAGTACCGGTTCGACCGTGCCTCCAGCGCGGTCTACCAGTTCATCTGGCATGAGTACTGCGACAAGTACGTGGAGATGGTCAAACCGGATCTCAAAGAAGGCTCATCGGAACAGGGCGCCCGTACCAGACACACATTGGCCGAAACCTTCGAAACCGTGATGCGGTTGCTGCATCCCTTCATGCCGTTTATTTCGGAGGAGATTTGGCAAACCCTGCCGCATGAAGGAACCAGCATTGTCCGCAAACCCTATCCGACGCCTCAAGCTGAGTGGAATGACCAGGAAGCGGAACAGGAGTTTTCGTTGTTGGAGGAATGCCGCGAGTTGATGAACCAAGAACGGGCTATCCTCGGCTATCAAGCGGGAAAACGACTCCACTTCAAGGTTCACGGGAAGACAGAAGAAATTGGGTCAGCTCTTGAGAAGCATAAAGAGCTGATTGAGTACATGGAGAATGTTGATGACCTCTGGGTGGCAAAAACCTTTGACGTGGCTAACCCGGGCGGCCTTCTGATCTTAACGGGCAGCTCAATCCAGGTGCGAACGTCGATGGAGGGGGCGGATCTTCAGAAGGCCAGAGAGAACGTCCTCAAACAGATCACCACACTTCAAAAGGAAGTCGACCGCACCCAAAAGAAACTCGGCAACCCCGAGTTCGTTGCCAAGGCGCCACCGGATGTGTTGACCGAACACCGCGAGCGTCTCGAACGGGAATCTCAGATGATTCAGTTGCTGGAGCAGGCAGGGGGACAGATAGAAATTTATGTCCGTGAGCGAAGCCGTACTTAGTCCTCCTAATATTCAAGCCATCCACAAAGCGGTTCAACTCGCCCTCGACGAAGACCTGGCCTGCGGCGACGTCACCACCAACGCCCTATTCCCCCGCGCGCTCGCGGCGCGAGCCACCATCATCGCGCATCAGGTCATGACGGTCGCCGGAATCGCCGTCGCGCGGGAAGTCTTCCTCACGGTCGATCCTTCATTACGCATCACCGAGCCCCTCGCGGATGGCACCAGGGTCAAGGCAGAAACCGCGATCATGGAGGTGGACGGAGATGTCCGCTCACTGTTGATGGCGGAGCGAGTGGCCGTGAATTTTCTGCAGCGGCTCTCTGGCATCGCCACGCTCACCGCGCAGTTTTGCTCGGCCGTAGGGACCTCTGCCGCCAGAATCCTCGATACACGCAAGACCACGCCGGGCCTCAGGGCGCTCGAAAAGTGGGCGGTGGCGCTGGGGGGGGGAAAGAATCATCGATTCTCGCTGGGCGACGGGATTTTGATCAAGGACAACCACCTGGCAGCCTTACGCTCCCAAGGTGTCGACGTCGCAGGCGCCTGCCGTCTAGCCAGGGCTGGCGCACCCCATGGTCTGCGCATCGAAGTCGAAGCGAAGACGCTCGAAGAGGTGAAGGAGGCCCTCGCGGGAAAAGCCGACATCATTCTTCTCGACAATATGTCACCCGCCCTCGTGCGCCAGGCCGTAGACTTGATCAAGGGGCGGACTCTCGTGGAGGTGTCCGGCGGCATCACGCTCGATACGGTTGAAGCGATGGCCAAGGCCGGTGCCGACTTCATCTCCGTCGGGGCCCTGACACATTCCGCCCCTGCCGCCAACCTCAGCCTGGACCTCTCCGCTCGTCGAGGCCGCCGTGGCCGCCGACGCTGACAACTCTTCTGTGACGCAACGAATCGACCTCGACCGGCTCCAGAAGCTCTTGCGAACCCGGGCCTTCGGCAGGACGGTGCAGTACCGCTCATCCACGGCTTCGACGAATGCCGACGCCCTCGCCTCGCTACAGAACCTGACGGCTCAAGCCGTGCCTCACGGCATGGTCTTCTTGGCCGAACAGCAGACGGCTGGCCGAGGGCGGCGTGGCCGGACCTGGCATTCGCCTGCTGAAGGCAATATTTACTTCTCCGTGATCGCCGTCCCCCGCGCCGAGACTATGCGCGTCGGGCCCTGGCTCTCTTGGGTTCCGCTCTGCGCAGCCCTCGCGACCGCGGACAGCCTGACGGCCGTCACCGGGCGCGCGGTGGACGTGAAATGGCCAAACGATCTTCTGATCGGCACCAAGAAACTCGGCGGCATCCTCTGTGAACAGACCACGCTGCCCGACCGGACGCTGGCGATCGTCATCGGCATCGGCCTCAACGTCAACGCCGATGTCGGCCGGTTCCCGTCCGACCTGCAAACAACCGCCATCTCGCTTGCGGCGGAACTCGGTCGGCCGCTGGATCCTGTCTCCCTCCTGGCCGAGCTATTCCTGTATCTGGAGCAGCGTTTGGAGCGTTTGTTTCAGGAGGGACCGGCGGGGATGGTCGGCGAATTCACGCGACGCTGTTCCACTATCGGCAAGGTCGTTCGCGTCAATCTGGAGGCACAGGGCGTCGTGGAAGGCCTGGCCGAATCCATCGGTCCAGACGGCTGCCTCTGCCTCCGGATCTCTTCAGGAAATTCCCCCGACAATCCGCCGCTCCTGGAAGTCAGAAGCGCGGAAGTCGTGCACCTGCGAGGGTGAAATCCTGCGCCGGTTAGGCTATCGTAGAGACACCATGCTTCTGACCATCGATATCGGCAACACCAATGTCGTCTGGGGCTTGTTCGACGGGAGCGAGCTGAAGGGCCATTGGCGTTTGGCCACCGACTCGCGCCGCACCGAGAATGAATACGGCATGCTCCTGCTCGACCTGCTCCGCCACACAGGCCTCGCCCCGGAGCAGATCACCGGATCGATTCTTTCCAGCGTCGTCCCCGCGCTGACCTCGACCTTCGATGCCGTGGTCCAGACTTACTTTCACCTGACGCCGATCATCGTGGGCCCGGAGATCGATTCTGGCCTCACCCTCCGGTATGCCAATCCGAAGGAAATCGGCAGCGACCGGATCGTCAATGCCGCCGCCGCCCATGCGCGGTACCGCACCGACTTGATCATTGTCGATTTCGGCACGGCCACGACATTTTGCGCCGTGACCAAGGCCGGCGAATATCTCGGCGGCGTGATCGCCCCCGGCCTCGGCATTTCCGCCGACGCCCTCTTC
CP054184.1_gap22	764838	768229	3391	TGCCTCTCGTCGCACGCCATGGGGTGGTCCGCCCACAGCCTGATCGTATCGCGGCGCAACGAGCCCGCTGGCAACGGATCGCCGTCGAAGCCGCACAACAGTCGGAACAGTGGCAACCGCCGCAGGTAACCGATCCAGTGGAGTGGCGTACCTACCTGGCCGCTCTCCCCGCACCCTGTTCCTTGATTTTGACGGAACGCCGCGAAGCGATGGCACTCCACCGCATGAGGTTGCCCGAGGATCCGATGCAGAGTCTCGCGCTCATCATCGGCCCTGAAGGGGGGTGGAGCGAAGAGGAAGTCTCGCTGGCTGTGGGAGCCGGCTGCCAGGCCGTCGGCCTGGGACCGATGATCCTACGGGCCGAAACGGCAGCCTTGGCCGCCGTGAGTATCGTGCAGAGTCGATTAGGACGATTGGGTTAGGCGGCGGGTCAGCGGCGCGCTTGGGTAATGGAGATGATCGTGCCGCCCTCGCCGGCTGCCCAGCCTGACGCAGCCTGTGGAAAACTGAGCGCCATCAGCGAACGTTTTACCGGACTTGCCTCCTCCGTCCAGTTGTACCCGGCATCGCTCGTACGGAGAATCTGGCCCCGTTCACCGACAATCCATCCTTGCTGCGCATCGGTAAACCGCACCCGAATCAAGTCGGTCAATTTGTGGCAGGTCCGCCCACAAGGCAAGGTCCGGTCGATCCAGTGAAGCCCGCCATCCGTGGTCTGGAAGAGCGCGCCGGCGTTGCCGACCGCCCACCCATTGGCCTCGTCCGCAAAGGCGATGTCGAAAAAGGTCGCGGAGCTCTGGGTCTGCTGAGTCGACCAGGTGCGGCCCCCGTCGGAGGTCGTTAAGATCGTCCCAAGGGCACCGACAATCGTGCCCTGTTGTTCGCTCGTCACGGCGATGGCGTGCAGCGCGGCGTTCGTCCCGCTTGCCTGATCCGTCCAGGTGGCGCCGCCGTCGGCGGTCTGCAGAATCGTGCCGTTCCCGCCCACCAGCCAGCCCTTAGTCGGAGTCGCAAAGGCAATCCCATACAGGGGCGCCTGGGAGGAGACGATCTTTGGGGTCCAGGTTTCGCCCCCATCTTGACTCATCCGGACGGTGCCGTTGGCGCCCACCACCCACCCGTGACGCGCGTCCTGAAAATAGACGGCGGTCAACAGGGCCGTAGTGCCGCTGGCGACCTTTTTCCATTTCTTGCCGCCGTCGGTGGTCTTGAGAATCGTCCCACCCGAACCGACCGCCCATCCGAGCTGCGCATCACGAAAGAACATCCCCAGCAGCGTGGCTTCCGACCCGCTCTTCTGCATGGTCACGGATACCTGGGCTTCAGCAGGAACCACCCACAAGTGGGCGGCCAACAGGATCGACAGACAACAAGCACTCAGTACACTACGCAAGGTCGGGCGCCTCATTGTTGATGGTGAGTGTGGTCGGGACTCGGATTGCGCCAATAACTCGCATCAGGCAATCCCTTGGGCTCGATCGTGAAGGGTCCGGCTTCCAACGTAAGCCATTTCTTCGTAGTGCAACATGTGCCGTCGGGATTCACGTCCCAAGACCCACGGCGAACCACCAGCGGTCCCGACGTAAGATCTGGATTGAATATTCCCGGCTTGCCTGCGCCGAACGGATGGCGCCGAGGAATGCGAACCTTGATCTCCGTGTCCGTCCAGGAGAGCACGACCGCGCCCACCCCGTTGAACAGCACTTCCGTTCGGGAGACATTCTCGCCCAGTTCGGCCGCGTCCCTCGCGTATACACTATCGGTGATGCCCACCTTGCTCGGCTCGGCGGTTTTAAGGAATGCTCCGAACCCGCTGCCTGTGATGGTGACCGTTTCATCCAACCCACCGGTCGTGGGGCTGTAAGAGTCGATCTTGGGAGTAATCAAGGTGAATGACCCGATTTCGGTTTCCAAAACCCGGCTGTCGGCGCAGCAGGTCCCGTCCGGCTTCGGAGTGTTGGCGGCGCGTTTGACGACGACCGGACCACTCTTGGCGCTGTAAGGGACCCATACATCGATCCGGTCATTGCCCCAGCGATAGACGATGGCCTGCACCCCGCCGATCTCCACGGTATTCTCGCTCTTGGCAAAATCGATGTAGTTGAAAGGGGTAGAACCGGCTTCCGAGTAAAACCCGAAGTTTTCTCCCGTGATCTTCAGCAGAGTCCCGATCGGCGCTTGAGCCGGCGTCACGCCCTTGCCGCGCGGAATCTGTACCTCATAGGTCCCGACCTTTCGCTCCTGGCCATTGCGTTTGATGATGACCGGGCCGGTTTGGGCATCCAACGGCACATGTACGACGATGGTCGTATCGCTCCATTGAGAAACCGTCGCAAGGTGGCCACCGAAGAGCACGCCGTCTTCCGGGTTCCTCGTCGCGCCGAAACCCTTGCCGAACAACACGACTTTAGTACCGACTGGTCCGCTCATGGGATCCACCCGCACCGAGGCCAACACTCGAACGGGCATGGCATTGCTCACGACATGCGTGACCGCCGCGCAACAGGAACCATCCGCCAGCGGGTCGGACGATGCCATACGCACCATCACGTCCCCAGTCTGCACGTTGCCCGGCAATTCCACCTCGATCTTGTCGTCCCGCCATTTCCGCACGCGGACCGTCACATCGCCGACGACCACGCTATTGACGCCGAAAATCGTATTGGGGTCGCGCGGCCCCGGCGTGTTGCCGAAATGCTCCCCGTTGATCTCCAGCACGGTGCCCGGCTCCGCTTCGGCCGGTGACACGGACAGAATCTTGGGTTGTAAGCGGGTGAAGCTTCCAGCCTTCAACCGTTTTTTGCCGATGAAAACCTCGACCGGCCCATTCACGGCTTGCGACGGAACCCGCACCTCGATCAGATCGGGCTCCCAGCGCTGGATGAGCGCCGAGCCCCCCTGAAATTTGACTTGGTTGACAGTCGTGGACTTGAAAAGACCGAAGCCCTTTCCTGTGATAGACAACACCGCGCCGGGGACGGCGGCGTTGGGCTGAAGGCTCGGCGCTTCCGCCCGTACCTCAGGAGAAACGGCTAGGCTGGCCACCGCAAAGATGCTGGCGACAAGTTGCGTCATGGATTTCATGGGATGGTGTTTCCTCCCGATACCCTGCAAGCGGTCCGATCGGAATTCCGAACGGGCCGAGATGAGTTCATGATGGATGAACGCCCTGCGCGTGGTAGAGACCCCACGCAACTGAGCAAAAAGGCCGGACTCACGGACTATAACAAGCTGTTTTTTTTGCTGTCAAGGCGAGTGCAGCACGGCAGGACCATCCGATGACACGTCGACTATGAGGCCTTCACCTGAACCAGCAATTCCAACTCGATCGCGGCGTTGAGGGGGAGTTCTGCCGCGCCGAGTGCCACCCTGGCATGGCGCCCCGCTTCGC
CP054184.1_gap23	773415	776517	3102	CCCTTCACGCGGGCAGCGACCTCACTGAGCGTGGGTCGCTCCGTTTCCGTTTCAAACCCGCCAGTCTTCCTGGCACGGGTGCGCTGCTCTTCGATGGCCGCCTCGAAGCCCGTCTCGTCCAGCTTGATCTCCTGTTCACGGCAGGCTTCGACGATGAGGTCCATCGGAAACCCATAGGTGTCATAGAGCTTGAAGATGTCGGTACCGGCCAGCGTATCCTGCCCGGACGACCGCACTTTGGTCAGCATCTCGGTCAGAATCGGCAGGCCTTGGTCAAGCGTCGCGATGAAACGTTCTTCTTCCCCTCGCGTGGCCTCCTTCACCGTCTCGGCCGCAGCAGTCAGTTCATGGTAGGCCACGCCCATATGGGAAACGACCGCCGCAGTCAGGTCGTGGAGGAATGGCTCCGTAATGCCGAGCAGGCGCCCGTGGCGAGCGGCCCGCCTAAGAATCCGACGCAATACGTAGCCACGGCCTTCATTCGACGGCAACACGCCATCAGCCATGAGAAAGGTGATGGCCCTGAGATGGTCCGCGATCACCCGCATGGACCGATCCACCTGTTCTTTCGTGCCATATTGCAACCCGGCCCTTTGGCCGATGGCCGCCAACAGTGGAGCGAACAGATCACTGTCGTAGTTGCTCAGTTTGCCTTGAGCCACCGCCGCCAGCCGCTCCAACCCCATTCCGGTGTCGATGCTCGGTTTGGGTAACGGATTCAGCGTGCCGCCGCTGTCGCGGTTGAACTGCATGAAGACAAGATTCCAAATCTCGATGACTCGATCACCCTCGCCGTTCGGGGTGTCGTCGCCCGGCACCGCCGCGCCTTGGTCGAAATGCAGTTCCGAACAGGGTCCGCAGGGTCCTGTGTCCGCCATCTGCCAGAAATTATCCTTTTCACCACAACGGACGATCCGGCTCGGCGCAACGCCGATCTTTTTCCACAGCCGATCGGCTTCGTCGTCTTCGCGGAAAATCGTGACCCACATCCGGTCCTTCGCCAGCCCCACGACCGACGTGAGAAACTCCCAACCGAAGCGAATCGCCTCTTCCTTGAAGTAGTCACCGAAGGAAAAGTTGCCGAGCATTTCAAAGAACGTATGGTGCCGTCTGGTGTAGCCGACATTCTCGAGGTCGTTATGTTTGCCGCCGGCCCGCAGACACTTCTGCACCGACACGGCACGACGGTAGGCGCGGGTCTCCTCACCGAGAAACACCCGTTTGAACTGATTCATTCCGGCATTCGTGAACAGCAAGGTGGGATCGGCCTGCGGAATCAAGGGAGCGCTGGGCACCGCCCGATGTCCCTGCTGCTCGAAGTAGTGAATGAAGGCCCGCCGAAGATCGTTCGCGCTCTGGCTCATAACTCGTCCAACCCCGCCTCTAGATCGACTTGCGTGACTTGCTGAATGGTCTCATCATCGAACCCGCGTTGCCGCAACAACCGCACCCACTGCAACGGCCCGGTCCGGCTCGTTCGTCCTTCGAGCACCTGGCAGGCCAACTCCTGCTCGGAGATCGAGCGATAGGCCTTTTTCAAGGCCCGTTCCACGACCGGTTCCTCGAACCCGCGCTGCAGTAATTCGGCCTTCAGCCGCTCACGGCCCATCGGCCGGCGGGCCAGCCTGGTTTCGGCCCATCGAACGGCATAGGCCTGATCGTTCACATAGCCCAACCGCTCCAACTCGCGCACGACGGCGGCAGCCTTTGGTCGTGTGGCGCCCTTGTCCCGGAGATAACGCTCCACCTGCGCCACGGTTCGATCGGTTCGGGCCAGATACCGCACCGCGAGATTGAGGTAATCAGGAACCGCCACCGCCCCCACCTACGTGGCGACCCGGGCGCCGTGCCCCCGCTTCTCGCCCCGCTCCTCCTTCGCCTCTTTGGCGTCGGCCTTTTTCTCCGTTCCCGAGCCAGGCAAACCGGCTTGTTCCCTGATCTTCCCTTCAATTTCTTTGGCGATACTCGGGTTGGCCTTGAGAAAGTCGCGGACGGCTTCGCGGCCTTGCCCCAGCCGCTCACCCTTGTAGGAGTACCACGCGCCGGCTTTCTCCACCACGCGCTTTTCCACGCCCATATCGACCAGTTCACCGGCCTTGGAGATCCCTTCCGCAAACATGATGTCGAATTCCGCCTGCTTGAACGGCGGCGCCATCTTGTTCTTGACCACCTTCACCCGGACGCGGCTGCCGGTCACATCCTGTCCGTCCTTGATCGATTCGATGCGCCGGATATCCAACCGCACGGAGGAGTAAAACTTGAGCGCATTACCGCCCGTCGTCGTTTCAGGATTGCCGAACATGACACCGATCTTCATCCGAATCTGGTTGATGAAGATGAGGGTGGTTTGGGATTTCGAGATGGCCGCGGTCAACTTGCGGAGCGCCTGGGACATGAGCCTCGCCTGGAGTCCCATGTGGGCATCTCCCATCTCGCCTTCGATCTCCGCCCGCGGCACCAGGGCCGCCACGGAGTCGACCACGATGATGTCGATGGCGCCGCTCCGCACCAGGGTCTCGGCGATTTCGAGCGCCTGCTCGCCCGTGTCCGGCTGCGAGACCAGCAAATCGTCCGTCTGCACGCCGAGTTTCTTCGCATACGAAAGATCCAACGCATGTTCGGCATCGATGAACGCCGCCACCCCGCCCGCCTTCTGCGCCTCAGCAATCGCATGCAGGGTCAGGGTCGTCTTACCGGACGATTCCGGACCGAAGATTTCGACCACGCGGCCACGCGGCAAGCCTCCGACACCCAAGGCGATGTCCAACCCCAGCGACCCGCTGGAAATCGCCGGGACATCTGCGGGACGGTCCTCCGCCCCCAGCTTCATGACCGCACCCTTCCCATATTGTTTTTCGATCTGCGCCAGGGCTAGGTCCAACGCGCGCTTCTTCTCGTCTTTTTCAGCCATTGATGACTCCTTCTCGCAGCATCCGTGTGACGCGCCTTTTGTCCGAAGCGCCTGGGGAGACAACGCACCAGCCGATGCTGAGTTGACCGACTGGAGGCGGACCAGACTCAGACCAGGAGCCGGTGGAACGGAGGATTATACCGGACTCCTCATGGGGAAACCTAGCCCGGACGGTTCGAGCAACGACGTCT
CP054184.1_gap24	803165	805070	1905	GGAAGGTCGTGACGGACCGTCGCGGGCGGCTGGCCGGCATGATGGTGTTCGCCAGACGAGACAGCGGTCAATTCCCCTTGATGGACGAATTGACGGCGACCCATCCGTTTTACATCAGCGCGGATCTGAACCTGCCCCAATGGGAACCGGCCCAGTGCCCGCTCTGCACGGCACAAGAACCCCTATGGCAGTGGAGCAGGTTGCCCGAATTATGACGGAGACCCTGTACGAGGAGGATGTTATGGACCAGGCCGTCGTCGCGAAGGAGATCAAGCGAAGCGACCTCCTGACCATGTATCACTACCTTCGGTTGACGCGGGCGCTTGAGGAACGGATCACGGCCCTGTACCGCCAAGGCCGCATCGTGGGCGGTGTCTATACGAGCCACGGCATGGAGGCCATTGCCGTCGGATACGCCACGGCGCTGCGGCCGGAAGACGTCATCGCGCCGTTTCACCGCGACATGGGAGCCTTCTTGATCCGCGGCTTCTCCCCCGGCGAAATCATCGCGCAATACCTCGGCAAACGGACCGGGCCGACCAAGGGCAAGGACGGCAACGTGCACATGGGCGATCTGAAACGAGGCATGATCGGCTTCGTGAGTCACCTGGCCGACAACCTGCCGGTCGCCGCCGGCGCGGCCCTCGCGTTCAAGATTCGCGGCGAGCCGCGGGTGGCCTTCGCGGGGACGGGGGACGGGGGCACCAGCCGCGGAGATTTCCATGAGGCCCTAAACTTCGCCGCCGTGCGCCGGCTTCCCGTCGTGTTCTTCTGCACCAACAACCAATATGCCTACTCCACGCCCCTGCGGTATCAGATGGCGATCGCCGATGTGGTCGAGCGCGCCAAGGCCTACGCCATACCGGGTGAAATCGTCGACGGTAACGATGTCGTCGCCGTACACCTGGCCTGCCGACGGGCCGTGGCCAAGGCCCGGGCGGGTGAGGGGCCGACGTTTCTCGAATTCAAGACCATGCGGATGCACGGCCATTCTGAGCATGACGCGGCAAAGTACGTCCCAAGAGAACTGTTGGATGCCTGGAAGGTGAAGGACCCGATCGTTCGGGCCGAACAACTGCTGATCCAACTGGGTTATGCCGATGCGGCCTACTTTCAGGAGGTCGGGGAACGGGTGAAAAAGGATGTCGACGCAGGGACGGACTTCGCCGAACGGAGCCCCCTGCCGGAGGGGCACGAAACACTGGAAGGCGTCTTCGCCACAGAGAACGAGGTGTTGCCATGACGACTGCGAGCGCCACGGGGGAGATCACCTACGTCGAGGCCATTTCCCAGGCCTTGGACGAAGAGATGAGCCGAGACGAGCGGGTCTTCCTGATGGGCGAAGACATCGGCCACTATGGCGGCGCCTTCAAGGTGACGGAGGGCTTCCTCGACAAATACGGTGAATGGAGGGTGTTGGACACGCCACTCTCGGAATCCGGCTTTGTGGGCGCCGCGATCGGCGCGGCCATGATGGGGTTGCGGCCGGTCGTCGAGATGCAGTTCGCCGACTTCATCTCCTGCGCGTTCGATCAAATCACCGAAGTGGCGGCCAAGAACCATTACCGGTGGGGCGCGGCGGTACCGCTCGTTATCCGGGCGCCCTTCGGCGGAGGCGTCCACGGCGGGCCTTTCCACTCAGAATGCCCTGAAGGCTGGTTCTTCCATTCGCCCGGGCTGAAGATCGTCGCCCCCTCTACACCCTATGACGCCAAGGGCCTGCTCAAGGCCGCTATTCGCGATCCCAATCCAGTGCTGTACTTCGAACACAAGTTTCTGTACCGGCGGATCAAGGCGATCCTGCCACAGGAAGATTTCATCGTGCCGCTCGGCAAGGCCGAGGTCAAACGCCCCGGGAGCGACCTCTCGCTCATCACCTATGGCGCCATGGTCCATCTGGCCTTG
CP054184.1_gap25	858272	862054	3782	CCACGACCTGTCGGCCCAGTTCGAACGATGGCCCAGTCAGGATGAGGTCGGCACGTTGGCCTCGTCCCTCTCCTCTATGGTCACCAGCCTGCGGGAACAGACGGCGGACATCGCCCGCAAGACCAAGGAGCTCGAGGCCTTCACCTATTCGGTCGCCCATGACCTCAAGGGCCCCTTGCGGGAGATCGAGGGATTTTCGTCGTTGCTCGAAAAACAGTTTGCCGAGGGCGAAGACGCGCAGACCCGCCATCACATCGACATCATTCGCCGTTCGGCATTACGGCTCACCCACATGATCGACGCGCTCCTGAAATATTCCCGCATGGAGCAGCAGGACCTGCCACGGCAGCGTTTCAACGTACTAGAGATGATTACCACGCTCCTCGGCGACCGGTTCAGCGCGAGCCAGGGGCCGAAACCCAAGGTCCTGGTCGAACTGCCGTACGCAGATCTCTACGGCGAGCCGGTCAGCATCCGGCAGGCCATCGTCAACCTGCTCGACAACGCCACCAAGTTCTCGCGTCGCAGCCCCGCCCCCACCATCACCATCGGAGGCACCCAGACCGGACACGAGCGCGTCCTCTTCGTCCGCGACAACGGCATCGGGTTCGACCCCTCCCAGGGAGAGAAAATCTTCGGCCTGTTCGAGCGGCTGCACGCGCCGCAGGACTACGAAGGCACCGGCGTGGGGCTGGCCATCGTCAAACTCGTCATGGACAAACACCATGGCCGCGTCTGGGCCGAATCGACCGAGGGGGTGGGCAGCACCTTCTACCTGGCATTCCCTGAACGGGCGGACTTCGCCCGGCCTTCCCGCCCGGTGGTGCCTTCGGAAGGCGGTCGCTAACCATGCCGTCGCTGCGCACCCTCATCATCGACGACGAGGAATTCGTCAGGCTCGTGGTGAGCCAAGCGCTGCGCGAAGAGGGGTGCGAGGTGCAGACAGCCGCGAGCGGCCAACAGGGCCTTGACCGCCTGAAGACCGAGTCCTACGAATGCGTGATCACCGACCTCCGCATGCCCGGCCTCGACGGGCGGGCGGTGTTGCGCTGGGTCAAGGAACACCAGCCCGACGTGGATGTGATCGTACTGACCGGCCATGGCGACGTGAAGGATGCCGTCGCGGCCATCAAGGACGGCGCCTGGGACTTTCTCATCAAGGACATTCCCTTCGACGGCGCGTCGGTGAAGGCGGCGTTGGCCAAATTGCGCACCCTGCGCATCCTCCGTCAGGAGAGTTTGGCGGCCCGGCACGGCGGATATCGGCAGGATGCGCTGGTCGAGGGTGTGAGTCCGGCTTGGCGCGCGCTGCGGAACCACATCGACCACGTCGCCCCCTCCCTGGCGCCGGTGCTCATCCAAGGGGAAACCGGGGTCGGAAAAGAAGTCGTCGCGCGGCTATTGCATGCGCGGAGCGGACGAGCGGCCGGTCCTTGCATCGCCGTCAACAGCGGCGCGGTGAGTCGTGAGCTGCTCGAAAGCGAGTTGTTCGGTTACGAGAAGGGGGCCTTCACCGGCGCCACGAACGCGAAGCCCGGCCTCATCGCCGCCGCCGACGGCGGGTCCCTGTTTCTGGATGAGGTGGGCGAGATGCCCGGCCCCATGCAGGTGAGCCTCTTGCGGTTCCTCGACCGGAACGAATATCGTCCAGTCGGCAGCACGCGCACCCTGCGAGCCGATGTCCGGATCATCTGCGCGACCAACCGGGACTTGCAGGAACTCGTGTTGCAGGGAAAGTTTCGCGATGATCTCCTCTATCGGATCAACACCGTCACCCTCCGTGTTCCGCCGCTACGCGAACGGACGGAAGACATCCCGGCGCTGACAACCCACATCTTGCAGAATCTGCGCATCCCTGGCATCACCACCCGCACGCTCACCCCCGAGGCGCTCACATGCCTTTCCGCCTACCGGTGGCCCGGCAACGTACGCGAGCTACGCAACATGATCGAACGGCTGGTCCTGATGGGTTCGAGTCGCGGCCCCATCGCGCGCGAGGAGGTGGAGCAGGTGTTGCCTCGATTGTCCGCCGTGGCCCTAGAAGCTGACGCCACGCAGCGTTCACTCGATGAGGTCGAGCGCCTGCACATCGAGCGAGTGCTCGCGGCCTGCCACGGCAACAAGACCAAAACGTCCCAGATCCTCCGCATCGACTACAAGACCTTACTGGCCAAACTCAAGAAATACGAGCTCGGCACCTGAGCTGATCGAGAGGCGAACTGCGCCGGGTCACCATGCCAGCTGGATGGCTCACCCCCCTGCCCTATCGCTTCTGTTTGGCACGGGCAAGCGCGAGCGCTAGGGCGCCGACCGGTTGAGGAGTACGGGAGGCCTGGGTGTGATGGTCGGGAGACGACCGGCGCTCACGTATCGCAGGCACAGCGTCCGGCCTCTCATCCAGCCGCATGGTGAGCGAGATGCGCTGGCGCTTCTGATCCACGTCCAGCACCTTCACCTTCACGATCTGGCCCGGCTTCACCACTTCGTGCGGATCCTTCACGAACCGGTTCGCCAGCGCCGACACATGGACCAACCCGTCCTGATGGACCCCGATGTCCACGAAGGCTCCGAACGCAGCGACGTTGGTCACGACCCCCTCCAGCACCATGCCGGGCTGGAGGTCGGCCAGCGACTCAATGCCTTCGCGGAACGTGGCGGTCTTGAATTCTGGGCGCGGGTCACGACCCGGTTTCTCCAACTCCGTCAGGATATCGCGCACCGTGGGCAACCCGAAGGTCTCATCGGTGAATTCGGCGGGAGCCACCCCCTTCAAGGTCTCCGGCCGTCCCATGACCTCCTTGATGCCCTTGCCGAGGCGCGCCAGAATCCGCTCCACCACCGGATAAGCTTCGGGATGCACGGCGGAATGGTCCAACGGATTGTCGCCGTCGCTGATCCGTAGAAAGCCGGCGGCTTGCTCGAAAGTCTTGTCGCCCAACCTGGGCACCTTCAAGACCGCACGGCGGTTCGGAAAGGGCCCGTGGCTGTCCCGGTAATCGACGATGTTCTGGGCCAATGTCCGATTCAGGCCGGACACGCGCGCCAGGAGCGGCGCGGATGCCCGATTCAGATCGACCCCGACCGCGTTCACGCAATCTTCCACCGTGGCGTCGAGCGACCGGGCGAGCGCGCGCTGGTTCACGTCATGCTGATATTGACCGACCCCGATCGACTTGGGCTCGATCTTCACCAACTCCGCCAAGGGGTCCTGCAACCGCCTGGCGATCGAGACGGCACCGCGCAGACTGACATCCAGCGCGGGAAACTCGGCCGCGGCCAAGGCCGACGCCGAATAGACCGACGCCCCCGCTTCGCTCACCACGAGCTTGGCTAACTTCCGATCCGGTTTGCGTTCTGCCACCAGTTGCACCACCTCGGCGGCAAACTTATCCGTTTCTCGACTCGCCGTGCCGTTCCCGACGGCAATCAACTCGACTCCGTGCCGCAGCGCGAGATCCACCACCGTCGCGAGAGCGTTCCGCCACTCATTCTGCGGCTGATGGGGATAGATCGTCGCCGTTTCCAGCAGCTTCCCCGTGGCATCCACCACGGCCACCTTGCAGCCGGTGCGCAACCCAGGATCGAGGCCGAGGACGGCCTTCGGTCCGGCTGGCGCCGCCAGTAACAACTCATGCAGATTCCGCCCGAAGATCTTAATTGCTTCGGCTTCCGCCGCTTCCCGCACCTGCAACAGCAGTTCGGTGCTGAGGTGCAAATGGATCTTCACCCTCCAGGCCCAGTGACAAACATCCGCCAGCCACTTGTCGGCCCGCCGTCCACGT
CP054184.1_gap26	928195	931965	3770	ATTCGGATACTTGATCCGCTTCTCGATGTCCTTGATCGTGATCAGCCCCTTCAGCTCGAACTGCTTGTTCACGACCGGCAACTTTTCAATCCGGTGTTCGTGCAAAATTTCCCGGGCCTTTTCCAGGCTGGTGCCCTCCGGCGCCGTGATGAGTTTGTCGCGGCGCATGACCTGAGACACCTTCATGTCCATCCTGGTTTCGAATCGCAAATCGCGATTGGTCAAGATGCCCACCAACTTGCTGCCCTTGGTGACGGGAATACCGGAAATCCGATACCGAGCCATCAACTCGTGGGCATCACGAATGGTCTGATCCGGCGAAATCGTGATGGGATCGAGGATCATCCCGCTTTCGGATTTTTTGACCTTGTCGATTTCGGCCGCCTGGTCGGCAGGAGAGAGCACACGATGGACGATGCCGATGCCGCCCTCCTGGGCCATGGCGATCGCCAATCGAGCTTCGGTCACAGTGTCCATAGCCGCGCTGACGATGGGAATGTTCAGGACGATGTTCCGAGATACGCGCGTCCTCGTGTCGACCTCGCTCGGAAGCACATGCGACTTGGCCGGCACGAGCACGACATCGTCATACGTCAAGCCGACCCGGACCTCCTTTTCCAACATCGCTCCCTACCCCCTCCCGGGCTTCCTGCCCGCTGCCTGCTAGACCTTCGTGGATTTCTCGACCTGTCCCAGTTCCGCGACCGCTTCCGCCTCTTCCTGGAGCCGCTCGCTCCCCTCTTCGGCGGGCATGAACTGCTGCACCCTGGTGTTGCCGCTGTCGACGGCAAAGACGCTGCCCCTTGCATCCACCGCAATCCCGTAAGGGAAATTGAACTGCCCCTGCGCGGCGCCGAACCCTCCCCACTGCGCGATGAAGTTGCCCTCGCGATCGAACTTTTCGATGCGATGGTTGCCGGTATCGGTCACATACACGTCTCCCTGGCCATCGACCGCAATGCCCCACGGTGACCGCAACTGGCCAGCCTCTTGGGCCTGCGGGCTGCTCGCATGCCCAGCTTCCGAGCTGCCTCCCCACTTGGTCAGCAACTGCGGCAAGACGTTTGTGCTCGTATCGAATTTCTGAATGCGATGGTTGCCCATATCGACGACATAGACCGTACCATCGCTCTGATCGACGGCCACGCCGCGCGGGAAGTAGAATTGGCCGTCACCATTGCCGAAGCTCCCCCAGGCCATGATGAATTCGCCCTGCATATCGAACTTTTGCACCCGGAAATTGGCGCTATCGACGACATAGACGTACCCGCGCACCCGGTCGATCGCGATCCCCCACGGCGCGTTGAACTGTCCCTCTCCGTTGCCGCGCGAACCGAACTTCATGAGATAGCCGCCCAACTTGCCGTCGAACTTCTGAACCCGGTGGTTGTTCGTGTCCACCACGTAGACGTCGCCTTTGGCGTCGCAGGCGATGCCGGTCGGGTTATGGAAGTTGGAGTTGGCCGACCCGAAGCTCCCCCAGAGGATAATGAAATTCCCGTTGGGATCGAACTTCTGAATGCGGTTGTTGCCGTTGTCGACGACGAAGATGGACCCCTGCTGATCGATCGCCAACCCGTAGATCGGCGCCATGAATTCGCCGCCGTGCAGGAGGGATGCGCCGCGTCCCGGTTTACCCCACTTCGACACGCAGAGGTAGCCCGACGTATTGACCAGAATGGAAGCGCTGGCCGGCGTAGAAATATTGTTGCCGGCATCCTTGAACCACACGATGACGGTCTTCTGGCCGTCGCCCGGCGAGAGGATGAAGGGAATGGTCGCCCCGAACTTAATCGCGGGTTCGACCTCGACCCACCCCGGTGTCCCGGCCATCGGCGTCATGGGATTTTCGGAAATGTAGTACGCTGCGACTCCGGTATCGAGGTCGGTGGCGGAAATCGTGACTACGACTTCCGGCGAGTTCGTCATGAAGGCGCCGTGATTGACGACCGCATAGGGATTTTGCGGCGCCGTGATGTCGATCAAGACCGGCGTCGCCGACACCTCTTCGGAGAGGGCACTTTCCGTCTCATCCTCATACACCGCAGTCAAAACGTAGTGATAAGCTTGGTCGTTGGTGAGGCCGGTGTGGTTGTAGGGACTAGCGACCCCTTCGATTTTCGTGCCTCCTTCCTTGGTCACATTCGGCGACGTGTGGAAGTACAGGTTGTATGACACCGCCCCCGGCACGTCCATCCAGCTCAGGAAGGTTTCCGTGTCCCCTGCCTTCACCGCCAAGTTGCGCGGAGCCGGATGGTCACCGGCCGCCTGAGCTCGCTCATGCTCGGCCTTGCCCCGATTCAGCTCTTCTTCGGTCGGGATGTACTTAATGACGCGATGGTTGCCGCTATCGACGACATACACCGCGCCCTCTTTGTCGACCGCGACCCCAGACGGAAAGTTCAGTTGGCCCTCGGTTTTGCCGCGATTACCCCAGGCGCACAGGAAGGTACCATTGCCGTCGAACTTTTGGATACGATGGTTGCCCTGATCCACGACATACACATTCCCGACGGCGTCGCACGTCACACCCCAGGGGGCCTTGAATTGGCCCGGTCCGCTGCCCTCTCGCCCCCACTTGGTTAGGAAGCTTCCACGCGTATCGAACTTCTGGATCCGGTTGTTGCCTTCATCGGCCACGAAGATGTTGCCCACGAAGTCCACCGCCACGCCGCGCGGAAAGAAGAATGCGCCGTCGAAACTCCCGTCCCGCCCCCACTTCAACAGCGGCGTGCCGTCGCCCTTAAACTTTTGAATGCGGGCGTTGTTGGTATCGGTCACGTAGATGTTGCCGTCCTGGTCGGTCGTGACGCCCCACGGCGCGTCGAACTTGTTCATGTCGGCGCCGCGCCAGGCGAATCCGAATTTGCCCCAGGTCTTCATGGGATTCCCGTCGCCGTCCACCCGTTGCACGCGATTGTTACCGGTATCTGCGACATAGACATGCCCGTCGGCATTCGTGGTAAGGCCTCGCGGATAGTAATAGCTGCCTTCCGCACTGCTGGCTTCTCCGCCCCAGCGGCCCAGGAACTTCCCGTCCTTATCGAATTTCTGAATCGAATGGTTGTCCGTATCGGCGACATACATGTTGCCGTCCTTGTCCAGCGCGATCCCGGTGGGGGAACTGAACTCACCCTCCTCTACCCCTTCCTGGCCGATGATCTTCGCGATGAGATAGGGCGACGGAATCGCCATCACTTCTTGCGATTCGGGACTTTCACCCTTCTGCGTGACCACCGTGACGACATAGTGATAGCAGGTCCCGTTCGCCAGATCGTCGTGTATGAACGGCGACTGCGCGCCTTCGATGCAGGTTCCCTTCTCCTTGGTTACACCGATGACGGTCTTGAAATCGTCGACGCTGGCGATCGGTCGGGTGAGCTCGGAAAACTTGATCTGCACACCCTTCGTAGTCATGAAATAGAGGTTGTAATACATCGCGTCCGGCACCGGGTCCCACGTGATCATGACCCGACCGTTGCCCGGCGTTGCGGCCACTCCGGTCGGCGCGGGGGGCAGGTCTTCCTCTTCGGCGACCGAGTCCCCGGCACCCCATTCGCTCTGACTTCCATCCACCGTGAGATGATGCCGGTCAAACCGAAACATTTCGTCGAGCAGCCAAGCCTTGATCATGGTGTTCCTCGTGATACGGGATTGGTGGAGATTTGCGGATGTTTCAACAACTTAGAATGGGGGAGTCTAACAAAGCGAAAAGAAGAGAGTCAAGGTGAGGTCAACTCGATTTGTCGTCGGTCTTGGCCCCCCTCTTC
CP054184.1_gap27	935536	938632	3096	AATTCTCACGGAGACTTTACTCCACAAGGTCGTTTGTTAGACTTGCCCCATGCGAGCCGGAAACCGAGCAACCTGGAACGGTCGAGGCCTTCGCCATGCCGGCGCCCTTGCGCTCTGCATCACCCTGCTCCAAGCGGGACCGCCAAGTGCCGCAATGGACACCGTCGTCGAACTTCCCATCCTCGCCGCAATCCAGTCGAACAATCAGGGCGTGTTCGAAGTGTTGCTCTTACGATGGGATCACTCGCCGACCCCCTCGCCCATCGTGCTTCAATGGCAAGGCGGCAACATCCAGCTGGGTCAGGCCAACTTCAGCTCCATGGTCCAGGCATTCCGTTATGCGCTCGAGCAGAGCGAGGCGGTCGAGCTAACGGGAACAGTCACGGCCACCGGTATCACCTACATTCCCATCAACAGTGACGGGCCAAGCGCCGGCGCCGTCATGACTATCGGGTTTGCGGCGCTGCTGAAGGGAGATCAGCTCTTGCGCGGCATCGCCCTGACCGGCACAGTCACCGGGGACGGCGATATCGGTCCGGTCGGCGGCATTCCCGACAAGGTACGCGCCGCCGCCAGGGAAGGATACCGTACCATTTTGATTCCAAGCGGCCAACGATATGGTCCACATTGGAACCTCGACCGACTGGCCATGGATCTCAATGTCGAGATCGAGGAGGTCGGGACGATCGCTGAGGCCTACCACCTGATGACCGGCGAATCCCTCCGCTAGCCACCCGCATTCGATCGAAAGCCCGGTCAGCCCTCGCCGTTCAACCCCTCGACGAGTGCTCGGTACTCGTCCTCCGCCAGCCGATGCATGCCGAGACTGAGCCGCCGCGTCAACTCAGCCTGTTCTTGAATGCCCAAGGTGTTTTGCAGCAGCTGATGCGCGCGTAGCGCGTGCCTCGGCCAACGTCGCACCGGCGTCACCCGCACAAACCCAAAGCGGGCTTCGGTCCTGAACTCATCCTTCAGTAAGTCGTCCAGCGCGTGAAAGGGCTGAACCGGCGACACGATCGCGAACTCAGCGCAAATCCCCTCCTTCAGCACGTACACCAACCCTCGGGAATCCAGCGTGATGAACTTTTGCAGGTTGTCCCGTATCAGAGCCGTACAGAGCCCCCAAATCCCGGCGCCAAGCTGTAACTCCGCACTTTCTTGGGAGCTTCGTTCGCGCAGAGCGCCGGCGATAAAGAGAAAATGGCTCATGAGATCTAGGAAGAAGGGAATTCAGCGGTAGGGGGAGGTGGCGCGGTCAGACTGCCCACAGCAGTACATCGGCAGGAATTGACGTGTCAGCCCACGAAGGCGCAAACCGCCGCTGATGTCGCACGGCATCTCCCTCACGATCCGGAGACTCTGCCGCCCCACTCTCTCAGTTGTTTCGAAACTCGTCGGTATCGTCGAGCAGATCCTCAGACTTTTCCAGATAATCGACGTCGTCATCTTCGCTGTCGAGATCGAGTTCTTCATCGAGTTCGTCCTCGATTTCCTCTTCCATCTCGTCTGACATCTCATCCAGGTCCTCGGCCAACTCGTCTTCCTCATCCAATTCCACCGCGCGCGGCTCCACCTCGACCTTGGGCGGCTTGGAAACTTCGGCCAAAGCAGGTTTCGCCGACTTCTGTTCTGGAGCGGCGGCGACCGGTGCAGCGGCGGCCTTCTCCTTCACCTTCGCTGCGGGCTTCGGCTGCATTGACGACTTGGCAGGCTTCGCCGCCGGTTTCGGCTTGGACGCACGTGTGGGTTTGGCGGTTGCCCGTTTCTTGGCTGCGGGCTTGGCAATCTTCTTTGCGGGCTTCTTCGCCGCAACCTTCTTGGCCTTGGCTGGTTTACGAGCCGAGGATTTCTTGGTCGCCGCGGCCTTCTTGGGTTTCGCAGCCTTTTTCACGGCTTTGGGGACCCGCGCTGCCTTAGCAGGAGCGCTCTTTTTTTTCACGCGTGTCTTCGCCATTCCACGTCCTCCTCATCAGGTCTTCAACTTGGCACGTCGGTGGTAAAGCGGCCTCCATCTAGCATGAACCGGCGGGTCGATGCAACCGTATGGGGCCGCACCCGATCACAGCGGGAAGGAGTCGTCCGCGAATCCTTCCGCCCGCCCCCTGTCTCTATGTATAATGAATCCATTATTCACACATGTGGTGAAGGCTCCATGACTCGTTATGCGCTCTCGTTTCTCATTGCGACAGGCGCCTTGGCCGCCTGGCCGACTCACGCGACTCCACCCACCGCCCAGGTGAGCATGGATAGCGGATCTCCTTACTATGTGCCTGCTTCCGTGACGGTCACCGCCGGGGCGGCCATTCGGTTCGACAATCCGACTCCCACTCATCACACCGTGACCCACGACGGGTGCTTCGAGGAGGGAGGCCGATGCGCCTTCGATTCGGGCGCAGTGGAACCGGACGGGAGCTTTACTATTCCCAACCTGCCGCCGGGCCGGTACCCTTACCAATGTCGCATCCACCCGATCATGCGCGGTATCATCATCGTGACCGACTCCCCTATGTTGCCCTCGCAAACCTAACACCGCCCGGTCCGAGGTTCTTGCAGGTCGCGGCTGCCGTCGTGTAGGCTGCGGCTTCCATCATGGATCGCCGAGATCGATGAAAGCCGCCGCAGCCGTCCAAGAACCTCTCAGCTTGAGTGGTGATGTCCTTCGCCTGCTCGCTTGGCGCATTCCCGATCTGGTCGCCTACCAACATGGGTACGACGAATGGTGGCTGGCCCCTCTCGACGACGATGTTCCGTTGGTGCGCCTCAATCGGACCGGCATCGAGATGCTGACCTCCATGAACGGTCACATTACGGTCGGTGCGCTCCTTGAAAAGTACGGCAGCCGCGTCTGCGGTCCGGACGGCCAGCCTGGCTCCTGGCACTTGGCGCGATGGTCCACCCCGAACTATTCGCTCTGTTATTTCGGCACCGAGCCGCCCGGCGGCCATCGCCACAAAGCCAAGTGGGATCTCCTCCTGCAGCAGATTCGCGAAGGCTGGTCGGGACAACAAAACTTCGAAGGGGAAGAACATCTCGAGGATTTTCATATCCACGAGTTGAAGGAAAGCGACCTGGAAGACGGCCACTTCGACCTGATCG
CP054184.1_gap28	968474	970319	1845	TCGAACGGGAAGGCTTCGCGCCTGACAGCAAACTGCTGGCCGACCGCTTGAACGTGCGCGAACGCGACGTCATCGAGATGGATCAGCGCCTGGGCAATTGGGAACTGTCGCTCGACCAGCCCATCGGCCCGGAGCAGGACGGCACCTTGATGGATGTCCTGCCGGCCCATGAACAGCCCGCCGACGAACAACTGGCCGACACGCAACTCAAGGCCCTGTTCCGGCGGAAACTGGCGGAGTTCATCACCACCCTCGACGAGCGGGAAGAAGATATTCTCCGCAACCGCATCCTGTCGGAAACGCCGCTCACACTCGAAGACATGGGCGCGAAGTACGGCATTACCAAGGAGCGCACGAGACAGCTGGAGGCGCGGATCATTAAACGGTTGCGCGACTTCATCAAGAAGGACGTGAAGGACTTTGACCGCCTTCGCATGTAGGGCAAGCTGTCGCTTCCTGGCTTTTGTTCTGAGCCTTCTTGCCCTCACGACCGCCGCTCACGCCGCTTCTCCCATCACGCGGGAAAATGCCAGGCCCGGCACGGCCGAATGGGTCCTGACCGACCCTGCCGACCACGAGGTCGAGGGCTACGCATCGGCCACCAGCATCCAACGGGGCGATATCCTCCGTCTCTTCGTCAGCAGCACGGACCCCAGGGTCTGGCTCACCATCTACCGTATGGGCTGGTATGGGGGGACCGGTGCGCGGCTGGTCCAAGGCGGCATCGTGATCCCCGGTGCAAGGCAACCGGTGCCCTCGCCCGATCCGGTCACCGGACTCATTGAATGCGACTGGCAGGAGTCCTACCGCCTGTCCACCAGCAGCAAGGACCAGCTGGAATGGCTGAGCGGCGTCTATCTCATCAAGTTGACCGCTCAGCCCAGCGGCAAGCAGAGCTACATCATCTTCGTCGTGCGTGAGGACAATCGAACATCCGACTTTCTGTTCCAATCCAGCGTCACCACCTTCCAGGCCTACAACAACTGGGGCGGGAAATCGACCTACCCCTCCAACAGTGTCGGCGAACGTTGGGCCAGAAAGGTCTCCTTCAACCGGCCCTATGCCATGAGCCAGCATCCCCGCGGCGTCAGCGGCACGGGCGCCGGAGAATTCTTGACCGCTCTCTCCATCCACCCCACCCGCACGATTTCCCCCGCTGGCTGGGAATACAACATGGTTCGCTGGCTGGAGCGTGAGGGCTACGACGTGACTTACAGCACGAATCTCGACACCCATCGCCAGCCGGATTTCTGGAAGGGCCACAAGGCCTGGCTCTCGGTGGGCCACGACGAATACTGGTCGCTGGAGATGCGGCGACACGTGGAGGACGCCCGCGACCATGGGGTGGGGCTCGGCTTTTTCTCGGCCAACACCTGCTACTGGCAAATCAGGCTGGAACCCAGTGTCCTCACCGGCGAACCGGACCGTACGATGGTGAGTTACAAGGAGGTCGCGCCGACGGAGGATCCTTTCGCCCTGGATGCCGACCCGACGAACGACCACCTCATCACCGTCCAATGGCGCGACCCTCCGGTCAATCGTCCGGAACAGGCGCTGGTGGGTGTCATGTTCGAAACGGTGCCGGTGGAGGGCGACATCCTCATCACCCTGCCTTCTCACGCGCTGTTTCGCGGCATAGACCTATCGCCGGACCGTCGCCTACATGGCCTGCTGGGCTACGAGATCGACCGAGCCTTTCCGAACGGCCCGCCAGGACTGACCATCCTGGCCCATTCCCCCTATCACAAGGACGGGCAGGAGGTGTTTGGCGACATGACGCTGTATCACACGGCTGGGGGTACGCCGGTCTTCGCCGCCGGAACCATCCAATGGAGCTGGGGACTC
CP054184.1_gap29	1025751	1029887	4136	CGATGCCCCGCTCGCACCGTCCCGTCACCACCGTGCCCCGCCCGCTGATCGTGAACACGTCTTCGATCGGCATCAAAAACGGCTTGTCGATGGCCCGCGTCGGCGTCGGAATGTAGGTGTCGATGGCCTCCAGCAACTTCAGGATCGACGGCACCCCCAGCGGCCCCTGATCCCCCTCCATCGCCTTCAACGCCGAGCCCTGAATGATGGGAATCTTCTCCCCCGGGAATTCATACTTCGTCAGCAGCTCCCGCACTTCCAATTCCACCAGGTCCAGCAACTCCTTGTCGTCAACCTTGTCCGCCTTGTTCAAGAACACCACAATGTACGGCACCCCTACCTGCCGAGCCAGCAGGATATGCTCCCGCGTCTGCGGCATCGGACCATCTGCGGCACTCACCACCAAAATCGCCCCGTCCATCTGCGCGGCGCCCGTAATCATGTTCTTCACATAGTCCGCGTGCCCCGGGCAGTCGACGTGCGCGTAGTGCCGGTTGTCCGTCTCGTACTCCACGTGGCTGATCGCAATCGTCATGATCTTCGTCGCGTCGCGCCGCCCCTGGCTCTCGCTCGCCTTCGCCACTTCGTCGTAGCTCACGAACTTCGCCATCCCCCGCTCCGAGCAGATCTTGGTCAGCGCACTCGTCAGCGTCGTCTTCCCATGGTCCACATGCCCAATCGTCCCAATGTTCACGTGGGGCTTCCGTCGCTCAAATTTCGCCTTCGCCATCCCCGATCCTCCCCTGATTCACACAACCTACGCCTTATTCACCACGATGCTTAGCCGTGATCGCGTCCGCAATCTGCCTTGGCACCTGATCATATCGATCAAATTCCATACTGTAGGTAGCCCGTCCCTGTGTTCGTGAACGCAAGTCCGTGGCATATCCAAACATTTCCATCAACGGCACAGTGGCATCGATGGCCTGCGCCCCGGCCCGCACCTTCATCCCCTGAACCTTCCCACGCCGACCATTAAGATTGCCGATGACATCCCCCATAAACTCTTGAGGAACGAGCACTTCGACCTTCATGATCGGCTCAAGCAGGACAGGATCCGCCTTTTTGCAAGCATCGGCAAAACCCATGGACGCTGCTATCTTGAACGCCATTTCATTGGAGTCCACATCATGATAGGAACCATCGATGACCGTCACCCGAACATCACGCAGCGGGAAGCCAGCGACTACCCCAGTCTCCATCCGCTCCTTCACGCCTTTTTCAATAGCAGGGATATACTCCTTAGGGATGGCGCCGCCAACGACCTTATTGACAAACTCCAACCCCTTACCAGATTCCGAAGGCTCGACCGTCAAAACAACGTGACCATACTGCCCTCGACCGCCCGTCTGCTTGATGTACTTCGACTCGGCTTCTGCCTTGCGACGAATAGTCTCCCTAAAGGCGACCTCCGGCTTCCCAACGTTGGCCTCAACCTTAAACTCCCGCAATAGGCGATCAACGATGATCTCAAGATGGAGCTCGCCCATGCCGGCGATAATGGTCTCGGCCGTTTCCTCATCTGTACGTACACGGAAAGACGGATCTTCCTGCGCCAGCTTCTGCAAGGCGAAGCCCATTTTTTCCTGATCCTGCTTCGTCTTCGGCTCGATCGCCATCGCAATGACTGGCTCAGGAAACTTCATCACTTCCAAAAGAACGGACTGCTTCTCATCGGCCAGCGTGTCACCAGTGGTAGCACTCTTCAACCCCACGGCGGCCGCAATATCACCCGCGTACACAATCTCAATTTCTTCTCGCTTATTCGCGTGCATCTTAAGAAGGCGGCCGATTCGATCCTTCGTCCCCTTCGTGACATTCAAAACCGCGGTCCCGGTCTTCAAGGTCCCGGAATAAACCCGGAAGAACGTCAGCTGACCCGCGAAGGGGTCCGTCATGATCTTAAATGCCAACGCTGAGAAGGGCTCAGAATCAGACGGCTCGCGCTTCACTTCCTTCCCACTATTGGGATCGACCCCAACGACGGCGGGAATATCCACCGGCGAAGGCAAATAATCGACCACTGCATCCAACAACTGCTGCACGCCCTTATTCTTAAAGGCCGAGCCACAGAGAACCGGCGTCACCCTCATGGCAATCGTGGCAGCCCGAATGGCGCGACGAACCTCTTCCTCGGTCAAAGACTGACCATTCAGATACTTCTCCATCACCTGATCGTCGTACTCGGCCACGGCCTCCAACATCTTTTCGCGATATTCATTGGCCTTATCGACAAGGTCAGCAGGAATTTCATCCACCTTGTACTTCGCACCCAATGTTTCGTCGTCGTAGAAAAATCCCTTCATCCTAACCAAATCAACAGATCCACGAAACTCGGCCTCTCGACCAATTGGGATCTGGATAGGCACAGGATTGGCTCCCAAACGGTCGATAATGGACTGGACGCTGGCATAAAAATCGGCACCAATCCGATCCATCTTATTCATGAAGGCAATACGTGGAACCTGATACTTATCAGCTTGCCGCCAAACCGTCTCCGACTGGGGCTCAACACCCTGCACCGAATCGAAAGCGGCAACCGCGCCATCAAGAACCCTGAGCGAACGCTCGACCTCGATGGTGAAATCGACGTGACCAGGCGTATCAATGATATTGATACGGTGATCGCGCCAAAAGCAGGTTGTCGCCGCGGCCGTGATCGTAATCCCTCGCTCGCGCTCCTGCTCCATCCAGTCCATGGTGGCTGCGCCCTCATGAACTTCACCCAACTTGTGCGTCATTCCCGTATAAAAGAGAATGCGCTCGGTGGTCGTCGTCTTTCCGGCATCGATGTGGGCCATAATGCCGATATTTCGAGTCCGCTCTAATGGTGTCTGCCTAGCCACAAATCCCCCAGAAAAACAAATGCGCCACCATCGAAGCCGCAAACCATCAGCCACGACGAACCACTACCGTCGCAGCCCGGCCCGACAGCAGCACGAAACCAAATTACCAACGATAATGAGCGAAGGCCTTATTCGCCTCGGCCATCCGGTGCACATCCTCCCGCTTCTTCACGGAAGCACCGGTATTATTGGAAGCGTCCAACAACTCTGCCGCCAACCGCTCCTGCATGCTCTTCCCGCCGCGCGATCGGGAAAAATCAGTGATCCACCGAAGCGCAAGCGAGACACGGCGAGACGGACGAATCTCAACCGGAACCTGATATGAGGCCCCGCCAACTCGGCGAGACTTCACCTCCACGACCGGCTTCACATTGTCGATGGCCGAACGGAAGATCTTCATCGGATCCCCACCGTTCGTCTTCTGCTGGATCAGATCAAAGGCACCATAACAGACGCGCTCCGCCGTACTTTTCTTGCCGCCAGCCATAAGCACATTCAAGAATTTCCCGACAAGCTTATCGCGATACTTTGAATCCGGCTGCGCTTCCCGGTGACCAAAAAATTGTCCGCGTGGCATCGTTATCCTATAGCGTAATGACTGTTGAGGTTCCGCAAGAACACAACCAAGTAACCAACCCTATTTCGGACGCTTCGCCCCATACTTGGACCGAGCCTGCTTTCGATCCGCCACACCGACCGCATCGAGAGAGCCTCGCACGATGTGATAACGCACACCAGGCAAGTCCTTGACCCTCCCCCCGCGCACCAGGACGATCGAATGCTCCTGAAGGTTGTGGCCAACACCAGGAATATACGTGGTGACCTCCATCCCATTGGTTAAGCGAACACGAGCGACCTTTCGAAGGGCCGAATTGGGCTTCTTTGGGGTGGTGGTATACACACGTAAGCACACACCACGTTTTTGAGGGCAGCGCTTCAGTGCCGGACTTTTCGTCTTGGACTTCATGAGCGTCCGGCCTTTACGGACAAGCTGATTAATCGTTGGCATTCACAGTACTCTTTCTTGAAAAAGCAACGAATTATTAAGATTTGTTCCTGAGCGAAGCCGTCGGATTATAGGGATGTATGCCATCCCTGTCAAGACCGTTCTTCGCCTCATTCGACTTTTTCGCGTTCGATTTCTCCTGCCACAGCGGTCTGTTGGGCAACGGCAACCGATTGAGCCTGCCCTCCCGTTACCTCAGCTTCAGCCTTGGCACTGGCCACGAACGTTTCTCGATATTCGTCAAATCCGCTTCCGGCAGGGATAAGTCGACCGACGATGACATT
CP054184.1_gap30	1038600	1042639	4039	GGCCTTGACCAACTTGCCCTCCAACACTCCAACCGTGACCTTGATTTTCTCCGAGCGCTTTTCGGCCTGGATGAAATCCTGCAGGATTTTGGCCGGACTGACGGGGTCATCATATCCGATGATCAGTCCTATCGGTCCCTTGAAGTGGTCCTTTGCATCGGCAAGGATCGTCCCCCCCGACGCCCGGACGGCCAACGTATTCTTGACCACGCAATACTCGGCCTTCGCACCGCGCAACTGACGACGCAATTCCGTCATCTGGTTTACGGGCAGGCCGGCGCACTCCGTCAAAATCGCCAAGCGGGCGCGACCGAACTTTTCCGCCAACTCCGCGATCGCTGTTGCCTTTTCTTCTTTCTTCATACTTTCCCCCTACTGAGAACGGCCCGTTCTCACCCACCCAACTTCGACAAGGCCACGGGATCCAACTTCACGCCGGGCCCCATAGTGCTCGACATCGTCACGCTTTTCAGATAACGCCCCTTGCAGGACGATGGCTTGGCCCTGATGACGGACTCCAAGACGGCCTGGGCATTGTCACAGAGCTTTTGAGCTTCGAACGATACCTTGCCGACGGCAACCTGCACGATCCCGGCCTTCTCGACCTTGAACTCCACTCGTCCCTTGCGGATCTCGTTGACCGCCTTGCCCACCTCAAACGTCACCGTCCCCGTCTTCGGATTCGGCATAAGCCCCCGGGGCCCAAGCACCTTGCCCAACTTACCGACCGAGGCCATGAGATCGGGAGTCGCGATGGCACAATCGAACTCCATCCATCCCCCCTTGATCTTCTCCATCAAGTCGTCACCCCCGACGAAATCGGCGCCGGCTTGCTTGGCTTCCTGCTCTTTTTCGCCCTTGGCGAAGACCAGAACGCGCAATTGCTTACCGGTTCCATGGGGTAAGGCCGTGGTCCCACGCACCATTTGGTCCGAACGCTTCGGATCAATGCCCAACCGAATGGCTAGATCCACGGATTCATCGTATTTCGCGTAGGCTGCCTGCTTGACGACCTCGACGGCCTCCTGCAGTCCATACAGCCTGGGCTCAACCTTCGCTTGAGCCGCGGTCATCTTCTTTCCCATACTGCTACTCCTTCACATCCGACGGATGTTGACTCTACCGAGACTCACTGGACGGCAATGCCCATGCTGCGCGCGGTTCCCTGAATGATCTTGATCGCTCCTTCGAGATCGGCCGCATTGAGGTCAGACATCTTCTTCTGCGCGATCTCACGAATCTGAGCTTGACTGACTTTCCCGACCTTATCCTTGTGTGGGATTCCAGACCCCTTAATGATTCCCGCGGCCTTCTTGAGGAGATCCGACGCCGGCGGCGTCTTCATGATGAAGGTGAAGCTCCGGTCTTTGTACACGGTGATAATGACCGGAATGATGCTGTCGCCCTCTTTCTGCGTTTTCGCGTTGAATTGCTTGCAGAACTCCATGATGTTCACGCCATGTTGTCCCAGCGAAGGGCCGACCGGCGGCGCAGGATTGGCTTTCCCTGCCGGGATTTGCAACTTGATCTGTGCGGACACTTCCTTAGCCATGAATTACTCCCTGAAGACTGCGGACTGAGCACGAGGACTGAGAGCGGCTCTCAGTCCACCCTCTCGAATCCAGTGATCTCAAATACGTTCGACCTGCAAGAAGCCAAGTTCGACCGGCGTCGAGCGGCCAAAGATGCTGACGAATACCTTGACACGGCTGTGGTCGGCATCTACCTCATCGACCGCGCCGTTGAACCCCAAGAACGGCCCGTCTACGATCCTCACGTTGTCACCCTTGATGAACCGGACCTGTTCGCGCGGTCCCGCTGCTCCGGCATCCACCTGCTTCAACAACGACTCGATTTCTTCCTGCGACAACGGTGTCGGCTGTGCGCCTCCGCCCACGAACCCTGTCACCTTGGGCGTTTCCTTGATCAGTTGGAGCGTCTCGTCGGCGAGTGGGGACTCCAATTCGACCAGGACATAGCCCGGAAAAAACTTTCGCCGCGACGTACGACGCTTCCCATCCTTGATTTCGATGACGTCTTCCGTGGGAACCAACACCTGCCCCAATTGCTCGGTCAGGCCCATCTGGTTCGCACGCTCCATGAGGCTGGCCTTCACGCGCCCTTCAAACCCTGCATAGGTATGGATGACGTACCAGTTCTTATTGCTCATCGTCTCCTCTCAGCTGAACATCCAGCACCGTATCGTCCGGGTCATGCCGAACTTGTCCAGCCGCACCGCGCACTTAAATCACCTTGCGCATCAGCCAGCCGAGGACGGAGTCCATCAGCGATAGATACAAGGACATAAGGACACAAAACACGATCACCACCGTCGTGGCGCCGATTGTTTCCGCCCTCGTCGGGAACGAAACCTTCTTCAGTTCGCCGCGCACACCGTCAAAAAATTCTCGAATCGAAGCGCTCAGTCGCTGAAACACGATATCTCTCCTTCACACACTCGCACTGGCCGCCAAAGCCCTCTCGCCCAATCGATCGCGGGACGGCTTGGCAGGGGCACTAGGATTTGAACCTAGACTCTCGGTTTTGGAGACCGATGTGCTGCCATTGACACCATGCCCCTCCGCATCGATCCGGGCACGCCGGACCCGACGCACCGGCACCTCACAAGGCGAAGCGCTACTTCACCTCTTTGTGGGCACTGTGCTTCCGACAAAACTTACAGAACTTGTTCCGCTCCAGCCGGTCCGGATCGTTCTTCTTGTTCTTGCGGGTCGTATAGTTCCGCTGCTTACAGACCGTGCAGGCCAAATCGATGATATCTCGCATGTCCCATTCAGCAAGGCGCGATCCGCTCGACGCCTCGCGCCTCCTACTACGCTAAGATTTCCGTGACGACGCCGGAGCCGACGGTCTTGCCGCCTTCGCGGACCGCAAACCGCAACCCCTGATCCATCGCGATCGGACTGATCAACTCCCCCGTCACCGTCACATTATCCCCCGGCATCACCATCTCCACCCCCGGATTCAACGTCACCACCCCCGTCACGTCCGTCGTCCGGAAATAGAACTGCGGCCGGTACCCGTTGAAAAACGGCGTATGCCGCCCCCCCTCTTCCTTCGTCAAGACATAGATCTCCGCCTTGAACTTCGTGTGCGGCGTGATGCTCTTCGGCTTCGCCAACACCATGCCCCGCTCCACATCCTCTTTCTTCGTCCCCCGGAGCAGCACCCCGATGTTGTCGCCCGCCTGCCCCTCATCCAGCACCTTGCGGAACATTTCCACGCCCGTCACCACCGTGGTCTGCGTCGGCCGCAACCCCACAATCTCGATTTCGTCGCCCACCTTCACGATGCCCCGCTCGCACCGTCCCGTCACCACCGTGCCCCGCCCGCTGATCGTGAACACGTCTTCGATCGGCATCAAAAACGGCTTGTCGATGGCCCGCGTCGGCGTCGGAATGTAGGTGTCGATGGCCTCCAGCAACTTCAGGATCGACGGCACCCCCAGCGGCCCCTGATCCCCCTCCATCGCCTTCAACGCCGAGCCCTGAATGATGGGAATCTTCTCCCCCGGGAATTCATACTTCGTCAGCAGCTCCCGCACTTCCAATTCCACCAGGTCCAGCAACTCCTTGTCGTCAACCTTGTCCGCCTTGTTCAAGAACACCACAATGTACGGCACCCCTACCTGCCGAGCCAGCAGGATATGCTCCCGCGTCTGCGGCATCGGACCATCTGCGGCACTCACCACCAAAATCGCCCCGTCCATCTGCGCGGCGCCCGTAATCATGTTCTTCACATAGTCCGCGTGCCCCGGGCAGTCGACGTGCGCGTAGTGCCGGTTGTCCGTCTCGTACTCCACGTGGCTGATCGCAATCGTCATGATCTTCGTCGCGTCGCGCCGCCCCTGGCTCTCGCTCGCCTTCGCCACTTCGTCGTAGCTCACGAACTTCGCCATCCCCCGCTCCGAGCAGATCTTGGTCAGCGCACTCGTCAGCGTCGTCTTCCCATGGTCCACATGCCCAATCGTCCCAATGTTCACGTGGGGCTTCCGTCGCTCAAATTTCGCCTTCGCCAT
CP054184.1_gap31	1046682	1049410	2728	TCTCCGTCATTAAACGCGCGGCGCCGGAACAGGCGCTGAAGCTGAAGCGTCAGGAAGAGTGGGGGATCTACCTCGAATTCCTCCGCGTGATGTTCAACCTGGTCGATCGCGTGTCTGCCCTCCATGTTCCCCTCAAGGAACAGCCCCAGTTCATGGACCAGTTGACCGATGCCGTCATCGACCAGCTCAAGAAAGTCCTTGAGCCGGCCTTTGGCGCCGGGGAGGACCAGACGGAAATCGTCCTCACCATCGGCATGGCTGTCTCCGAAAGCCGCCAAACCTACGAACGCTACAGATTTCTGGTGACCGAAGATAGCGCCGGGCGAAACGATCTGTACCGGGATTTCAGCGAACGAATTGCCCGCGCGCTTGGGGTGCCCGGCAACCCCCAAGTCACCGCCGCCGCCACGCTCTGCATCAGCGCGGTCATCCCGGCCCTCTGCGGGATTTTCGAAGGCCAGGCTCCTCCTGGGACGGCGGAAGCCGCGGCTCAGACGGCAGCACCCCGTGGCGCCACAGGTACCGATATCAAGCTGGTGAGTGTCATGTCGAGCATCAAGGGCGAAGAAGTCGAAACGCGCTGGGGGCTCCACCCGCGCTTCCGTCAGGACTTGACCCAGGAGGAGGCGAAACAACTCACGGCGACCATGAACCGCGTCGCCAAAATCCTCGGTGAACGATACGCCACTGTCGCCTTTTCAGACCAGTGGGCCTCCTGGCACAAAGCCGGGCACGCCTGACGCAGCATTCGGAAAGAACGACCCGACGGTCCTCTTCCGCAGCCACTGACCACACTCCACGGAGGCGACGTGCAAGCACCCGATCAGCAACCCCAACCAGGGCCGGACAACGTACCGCAGAATCTGCATCGTTTGGGCGAGCTGGCCCATAATCTCTGGTGGAGTTGGAACGCCGCCGCCAGGCAATTGTTCGAGTCCATCGATCCGACCTTGTGGTTTCTCACCCATCACAACCCGGTGCAGTTATTGTCCGGCGTCAAGCCCGAACGACTGATGGCCCTGGCCAGTGATCCGCACTTCGTCCGCCAATACTCAGCCGTCCTGCGTACCTTCGACGAGTACATGAGCGACAAAAAAACCTGGGCGGCGACGGAATTTCCGGCACTCCAGAGCGCTCCCATCGCGTATTTTTCGGCCGAGTTTGGACTGCACATTTCGATCCCGATCTACAGCGGAGGACTTGGGATCCTCGCCGGAGACCATTGCAAAGAGGCCAGCGACCTCGGCATTCCCCTCATCGGCATCGGATTCATGTATCCGCAAGGCTACTTCAAGCAACGCATCACGCCGGAAGGTTGGCAGGAAGCGACCTATGCGCCGTTCAACCGCCATGATTCGCCCATCCATCAGGCGCTGACGCCGATCGGGATTCCCTGCTCGCTCAAGGTTGAGATCGGCCACCGTCAGGTGACGGTGCTCGTCTGGCAAGTCCGCGCCGGTCGCATGTCGCTGTACTTGATCGATACCGACGTGCCGGAGAATACGCCCGAAGATCGCGCACTCTCCGCGCGGCTCTATGGCGGCGACCAGGAAACGCGTCTCTGCCAAGAGTTTCTGTTGGGCATCGGTGGAGTGCGGGTGCTGCGAGCGATGGGGAAAAATCCTGCCGTCTGGCACTGCAATGAAGGACACTCCGCCTTCCTGACAGTCGAACGGATCCGAGAACTGGTCACGGCAGGCCACAGTCACGCAGAAGCCAGCGACCTGGTCAGACAGAGCACCGTGTTCACGACCCATACGCCGGTTCCCGCCGGCCACGATATCTTCCCGTTTCACCTCATGGATCGTTACTTCTCCAATTATTGGGGCCAACTCGGGTTATCGCGGGAGGAGTTCTTGCGACTCGGAGAAACTCCGGAAAGCAAAGGCCACGGGTTCAACATGACGGCCCTGGCCATGCGGTTATCGGCTCACCTCAATGGAGTCAGCCGGGAACATGGACGAGTGTCCAGGAAGATGTGGCAGCACCTGTGGCCCGGTTTAGCCGAAGACCTGATCCCGATCCGCAGCCTGACCAACGGAATCCATGCCCCGACGTGGATTTCTCCGGAAGCCAACTCCTTATATGCGAAATACCTTAGCCCCAACTGGGCCGAGCGAATTGACGATCATGCGATTTGGCAGCGGATCTCCGACGTGCCGGACGCCGACCTCTGGGAAGTCAGACAGACGACCCGGCGAAAGCTCATGCGGTTCATCCGCGAACGGGCGAGGGACGGCTGGATCCGAGGACACCTCCAGCCCATGCAGGCCATCGCGCGCGGCACGCTGCTGGATCCGGAGGCCCTCACGATCGGATTCGCCAGACGATTCGCCACCTATAAACGGGCGACACTGTTGTTCCGCGACCTCGAACGGCTGAAGCAATTACTGCACAATCGGTGGCGACCGGTCCAAATTGTGTTCGCAGGAAAGGCGCATCCGGCCGACGAGCCGGGTCGATACTTCATCCATGAAGTGCTCAGCTTCTGTAACGACCATAAGCTGGGCGGCCACATCGCTTTCCTCGAAGACTATGACATGCATATGGCGAAATACCTCGTGCAGGGCGTCGATGTGTGGCTCAACACGCCGAGGGCGCCGCTCGAAGCCAGCGGCACCAGTGGTCAGAAGGCTGCCCTCAACGGTGTGATCAATCTCAGCGTCTTGGATGGCTGGTGGCAGGAAGGCTATAACGGCGCCAATGGCTGGGGCATTCAGCCGTTGCC
CP054184.1_gap32	1053829	1055988	2159	TGCTGTCGAATCATAAAAACTCCTTACCTCCTAATAGGCCACAGACCTGAACGTTACAGATTGAATGTGATTTAATGGCGATGCAGCACGATCGAACGAACAACCAAGCCGTCGCGCGTCTTGCTGTACTTCAAGGTCACGTCATCCCCCGGGCGAAGGCGATCGAGCCCGATGCGCTTTTTCCCCAGCAGAATGGTCGAACCTTGCTTGAGTACTGCGCCGACCACGATCTCTTCGGATGAGCCGCTGACGCTACGCACCATGATGACGGGGGGATCTTCGGACGGGCTCACGGAAGCTACGGTACCTCTGATCTCGTGGATCTGACTTCCTGCCGCATAGACCGAGCTCAGCAAGCTTCCCAATCCGGCCACAAGCACACAGAGGATCGCGCCGATCACCAACAGGCCCAGCAGATTTGTCCGTGACTGACTCATGCGCACCAGGTACCGATGCCATCCGAACGTGCCCGACTCGCACCACACCCAGAGAAAAGTCGCGAAACTTTAGCAGTTACGCATCACAGTGTAAAGCCAAACAGTCGAGACCCTGCCCATCGAAACAGGCCGCGTCCGTCTCTTGACTGCATACCAGGCTGCCGGTAATATCCGATTCGGTTTGCCACACCACGTGCCGAATCAACGAACAGCAGGACTCAGCCGCAGGCAGCCGTCCACCTCGACTGCATGATCGACGTTCGCAATATCACGAAGCGGTACGGGCACCTCACCGCCATCGACCGCGTGACGTTTCGGGTCGACAAGGGCGAAGTCTTGGCCTTTCTCGGCCCGAACGGCGCCGGCAAGACCACGACCATGCGGATTCTCACCTGCTTCATGCCCGCCACCGAAGGCACGGCAGAGGTTGCGGGGTTCAATTGCGCCGACCAGCCCGACGAAGTCAAGAAGCGAATCGGCTATCTACCCGAAACCCCGCCGGTCTATCAGGAACTCACGGTCTCGGAATACCTCTCGTTCGTCGGAAAGTTGCGCGGGCTGAGCGGAGAGAAACTGACGCAGGGCATGGATCGCGTGATTGAACGCCTGTCCCTGGGATCGGTTCGAGGACGACTCATTGCGAATCTCTCTCGTGGGTATCGCCAGCGTGTCGGCCTCGCCCAAGCTTTGATTCACGATCCGCCGGTCTTAATCCTCGACGAGCCCACGGTGGGCCTGGATCCGAAGCAAATCATCGAAATCAGAGAATTGATCAAGAGTTTAGCCGGCTCGCACTCCGTCATCTTGAGTACCCACATCCTGCCGGAAGCCACCGCAGTCTGCCAGCGCGTCGTGATCATCCACGGAGGCCGGATCGTCGCAGAGGACACGCCGGAGCAGTTGTCGGCACGCCTGCGCCGTTCCGAAAAGATCAGCGTCACCCTCAAAACCCCTCCGGCAAACGTCCTGGAGCGGCTCCGAGAGGTGGAGGGGGTAGAACACGTGTTGACGACCACGGACAACGGCACCTTTCTCATCGAATGCGCGTTGGGCAAGGACATTCGAGAAGAAATCGCACGATTCGCAGTTGGACAGCAATGGGGCCTACTGGAGATGAAACTGGTCTCAATGACCTTGGAGGACGTGTTCCTACGACTGACCCAACATGAAGAGGGGCTGCCCCAGCCGGGTGGGGTCGGCGACAAGGAGTCGCACTGAGACCATGACACCGGTTGAAGTCATCATAGCGAAGGAGTTGCGCTCCTACTTTGTCTCCCCCGTCGTATATGTCGTAGGCGGGGTCTTTCTGCTGACTTTCGGGTTTTTGGCCTACCTGTATATCGTATTCACCGGGGCCCAGGCCATCCAGTTGATGCAGATGCAAGGGGGAACGGCTCAGATCAATCTGAACGACCTGGTCTTCCGCAACCTTTTTGCCAGCATGCGCTTCGTGTTGTTGCTGATCCTTCCGATCCTGACCATGCGTCTGCTCGCCGAAGAACGGAAACTCCGCACCTTTGAATTTCTGATGACCGCCCCGGTGCGAACCATAGAAATCGTCGTGGGGAAGTTCACGAGCGTCTACCTGGTCTTTCTCGGGATGCTGCTGGTCACAACCCTGGTGCCCCTGACGCTGGCCCTCTTCAGCGACTTCGACTGGTATCCCGTCTTGACCGGATACCTGGGCCTGGCCCTGTTGGGGAGCCTATTCCTTTCGGTCGG
CP054184.1_gap33	1169296	1170486	1190	CGGTTCCCGGCCAAGTTCATGCACCAGCTGTTCGACCTTGGTCAAGTACCGATTCAGCCGCTCCACCACATGCACCGGCAGCCGAACCAACTTCCCCTGATTGATGATGGCTCGTTCGATATATTGCCGGATCCACCAAGACGCATAGGTGCTGAAGCGGAACCCCCGTTTGTAATTGAATTTCTCCACGGCCTTGATCAGGCCCAAATTGCCCTCTTCGACGATGTCGGCGAACGGAAAGCCCCGGTTCATGTACCGCTTCCCGATGCTGATCACGAGCCGCAGGTTGGCCTCGATCATCTCTTGACGAGCCACCTCGTCTCCGGCCATAACGCGCTTGCCTAACGATTGTTCCTGCTTAAAATTGAGCAACGTCGAGCGGCGCACCTCGCGCAAGTAACTCTTGATGGTGTCGAGACCTTCGGACCGTTCCGACTCCTCCGTCCGCGCTTCGGCTTCGGATCCCTCGGACTCAGGACTTGCGGCCGCCGACGCCTCCTCTTCATCCTCGTCGCGCACGACGCGCAGCCGACGCGCCGGAGTTGAAGGAGCCATCTCACCGTCTTGCCGAACTGTTGCCCGTCGCGCCATAGTGCTCCCTACTACCAAATCGCAAAGTCGATATAACGTCCGGTGGCCTGACTCCACTCCACCTGTACCTGGACGACTCGCGCGCCCACCGGCCCCTTTTTGAGGTCCGTGATCAAGTCTTCGAGCAAAGTCTTCTTGCCTTCCACGACTAACGCCACCTGGCCGCTGTCTAAATTTTCAACCCCGCCGGTCAGGCCACGAGAGATCGCCATGCGACGCGTAAACGCACGGTACCCTACGCCCTGCACATGACCGCTGACCAGGATTTTTGCGCGTACCTGTTCGGCCGGCTCGACCATAATCTTCCGTCCCTCCGCCTGGCAAGTGGATACGGAGACCGAGGTCTGCGCACCACACGGGATATTCTCATAGCTATCGGAGAGCGTCACGCGATTTACACCTTCAGGCGGCTCATTCGCCGCTGATATGCCATATCGGCAGGTGCAGAAAAAAAGATGAGCAGGAACAACCTTGGAAGGAGCCGACAAAACCGTCGGATATGGAGTGGTCGGGGCGAGAGGATTTGAACCTCCGACCCCTGCGTCCCGAACGCAGTGCGCTACCGGGCTGCGCTACGCCCCGACCGAGTGGAACCGAAA
CP054184.1_gap34	1361800	1365508	3708	AGCGCGTTTGGGATAGCGAGCTGCGACGCTACATTACCGACGACGACTTTAAGTATGAAGAATTCATGACGGAAGACGAAGCGGTCAAGCGCATTCTTCCCAAGTCCCAACGCATCCGCAAAGAAACTATCCGGTTGCCGCAAGACAAGAAAAGCCTCATCGAACAACGCATCGGGTGGAAGTTTCCGGAGGAATCCTTTGATCTCTACATCGGGGAGACCGGAGACAGGGTGGACGGCTATGCCATGGTGCACAACACGATCGGCAAGTACAAGCCGATGACCTACATGGTCGGGGTCGACCCTTTGGGTTCGTGCACCGATGTCGAGCTACTGATCTTCCGCGATGCCAAGGGGAGTGAAGTCGGCAAGAAACGCTTCAATTCGCAGTATGAGGGAAAGGCCGTGACGGATCCTATCCGGATCAACAAAGACATCATCAACATCAGCGGCGCCACGATGTCGGTCCGGTCGATGAATGCCGGAGTGAAGCGTGTTCTGGTATTGGTCGATGAGTTTTATCTGAAACCGGCAGGACTCGGAAGCGAGACGGTCACGGCGCGCAAAGAAGGGAAAGGCTTTTTCGGTTCTTGGTTCGGGAATTAAGGCGAACACGGCATAGGCATGAGAAACTTCAATGCCCGATTTCGCCTCCGCGATTCGGATCGCCACATCAGGCTTCTCTACACGCAGTTCCTGTTTTTGATGCTGGTGGGGTTTCTCTTTTCATTTTTCTGGGCGCATAGCATGACCGGCCTCAGCCCTCAAGGCATTGCCGACCACTACCGCGGATCCGATGCCACATTTGGCGAGCCGATGTCCTTCCGGGAATTGGCGGAAGTGACACATTTTCATCTTTTCACGATGCCGGTCGTGTTCATGATCCTTGTCCACGTTCTCTACCTGACCAGTGCCAGCCACGCCACGCAAGTATGGCTGACTTGGCTGTCGTTCGGCGGAGTCGCATTAGATCTCCTGTCGCCCTGGCTCATCAGCTACGTCTCCCCGGTCTTTGTTCTCACGATGCTCGCCGGCGACACCCTGATGATGCTGAGTTTTCTTGCCATGATGGCGATCCCCCTCTACGAAATGTGGATCTTGAAACAGCCCCTCATGGCCGGCAAACGCAAAGAGGATTCGTAAGCCAGGTTGCATGTTCCAGCCTCCAGCACAGGCCCGTCCGTTCAAAAAGAGAACGGACGGGCCTGTGCCGAGAGGTGTTTCCCACAATCACAGCGTCAGCCGTTGATTTGCTCCGACAAGTAGGCAGGCGCCCCCACTTGCTTGATCGTGCGCAGCTGCGTTTCAAACCAATCGATATGCTCTTCGGTATCGATCACCATATGCTCAAGCAAGTGACGCGTCGTAAAGTCACCCACCTTCGTACAGTGTGTAATCGCCTCTCGCAACAATTCGGCGTCTTCCATTTCAAACCGCAGATCCGCCTCCAACAATTCAGCCACAGTCTTTCCGGCCGCAATCGCCTCCACAGTATCAACTTTAGGCGTCCCTTCCAGATAGAGTATATGGTCGATCAGGCCTGAAGAGTGCCCCACCTCTTCTTGTGCGAGATGCTGAAAATGTTCGTGGAGCCGGTGATACCCCCAGTTCTTGCACAATGCCGCATGGAGCAAATACTGATGTACCGCCGTGAGTTCCGCAATGAGCACCTTCTCCAGGTACCCCAGCACACCCTGTTTGGCTTTCATGGTCTCTCCGTCCCTCAGATGAAATGATCAGCGGGTTATTAGCTTTCCTTTTTGATTTGCTCAGCCAAGTAGTTCTCCAGCCCCACCTGCTTGATGGTTTCCATCTGGGTTTCAATCCAGTCGATATGCTGATCCACGTCCTTGACCATATCTTCCAGCATATGGCGAGTCGTAAAGTCCCCCACCTTAGTGCAATGCACCACGCCGTCGCTCAAGAGCGAGAGCATCTCCTGTTCGGCCTTCAGATCCGCCTTGAGCTGTTCCGGTACCGTCTCGCCGACATGCACGGTATTCATGCGTTGTAGGTTCGGCACGCCTTCGAGATAGAGGATGTGTTCGACCAATTCCTCGGCATCCTTCATCTCGTCAAAGGAGCGCTGTCTGACGTGATGATGTAACCGGTCATACCCCCAATTCGCACACATCTTCGCATGGACGAAATATTGATTAATGGCGGTAAGATCCGCCGTCAGAATTTTGTTCAAAATCTCGATGACACCCTGCTTGGCCTTCATGACCCCCTCCTTTCGAATAGCATGTACTCACCACTGTATGTGTATGAGGATTGCTCCGCTCTTGTCAAGCCATAAAATACGTATATTTGACTACCATTCTCAAATTCGCTGAGAACGGATCTCATTGTCGCCTCTGCAATAGGCGCACGGGCCGGAGTGGTGCATCGGGCATCAGAGGATCAGGCGGCTGAACGGGCCGACAGAACAGCGGGACGAAGAAAGAAACCGAGACCAACGGCATCACCCGGCTTCGCGATACCCACAGTCTTCATTGCGGCACTGCACGCTACGCCCGGCTTGCTTGCTGATTTTTTCTATAAGGAATGGCGCCTGACAAGCGGGACAAGGTTTGTTGATCGGCCGATCCCACAGAGCATATTCACACTGAGGATACCGGCTGCAAGAATAGAAATTTCGCCCCTTCTTCGTACGCTTCTGGACGAGATCTCCGTCGCATCCCGGCTGAGGACATTTGACCCCCAACGCGATGGGCTTTGTCGTTTTACACTCCGGATAGGCGGAACACGCGAGAAACTTGCCGAACCGCCCCGTTTTCACCACCATGGGGCTGGAGCATTTTTCACATTTCTCGTCTGTTGTTTCTTCCAGCTTCGGAACAATCTTGATCGTTCCGTCGGCAAGCCGTTCAAAATTCTGAGTATTCTTACAGGGCGGGTCGTCCTTGTAGCCCGGGCAGGCCAGGAATTTTCCGTTTCGGCCCCACTTGATCTCCAACATGCGACCGCACTTTTCACAAGGAATATTGGTCGGCGGCTCTACCGCATCTTTGGGACCGGGAATGTTTTGGGCCAATTCCATATCTTTAGTGAAGGGGGCATAAAACTCCCGCACCGCCGCAACCCACGGCTTGGTTCCTTCCTCCACCTCATCCAACTGCTCTTCCATGTGGGAAGTGAATTCCGTATCCAGCAGATCCGGAAAACCCTTCAGCAAGAAATCATTGACGGTCCGTCCGGTTTCGGTGGGCAGGAATCGGCCCTCCACCTTCTCGACGTACTTTCTATCCTGGATGGTGGAAATGATCGAGGCATAAGTCGATGGCCGCCCGATCCCTTTCTCTTCCAACTCTCGGACGAGCAATGCTTCGTTATATCGCGGGGGCGGCTGGGTGAAGTGCTGCTTTGACATCAACCCGGCCACGGTCTGCCCTTCCTGCATCACCAACCGCACCCCCTCCCCCTCGTTGAGTACCGGGAGACGTCGTTCGGAATCATCCTCGGTCTCTTGATCACTCTTAGGCTTTTGCGAGGGGGCTTCTTTGTCGGTACCCTCCAGGTAGACAGCCGTGTGCCCGGCGAACTTGACGACCGTCCCGGTGGCACGAAACACATATCGTTCAGCGGTATTGAGCGGCGTCGAATCTACCCGCGTCACATCGAGAATCGCCGGCACCATCTGAGAGGCGATGAACCGATTCCAAATAAGTTTGTACAGCTGGTATTGATCGTGATCCAGAAATTGCCT
CP054184.1_gap35	1371966	1375878	3912	TACCCGGCGATCGAAGGCCTTTTCGACGCCGTATTGCCCAACGATGCTTCCTTGGTGCAGATCCGAGAAGTCCGGCTTCTCAAGCTGATCCGCAGACACTTCTCCGACGTACCCCAGCACATGCGAAGCCACCGCCCCTCCGGGGTAATTCCGCTGGGACTCGACCTGGATCATGACACCGGGTAAATCCAGACGGTGAGATTCGATCAACGTCGCCTCCCTCAGCGTCAATCGATCCTTGATCTTACGAGGTTGCAGCTTCCCCCCCTTGCCGGTCGACAGCTTTTTCTGAATCAGCTCCGAGTCTAAATTCAGGAGGGAGGCTAACTGAGCCACCAACCCTGGACGGTCTTTGACGTCCTCCAACGTGACGTATAACGCAAAGCTCGGCACGTTGTTGGCCAACAGCACGCCGTTACGGTCGAAAATTAATCCGCGGGCCGGTTCCAATACCACCGATCGGGTTCGGTTGTTTTCTGAGAGGTCTCGATAATAGGGCCCCTCGCGGATCTGCAGATGCCAGAGACGGAGGGCGAGCAGGGCCATGACCAGCAACAGCCCCACGCGGAGGATGACCAGCCGACGTTGAAGGTCTAGGAGATCGGAATCGTTGAATCCTATCGATGCCATATCCTCAGTTCACGCCCCGGTAGGCGGTGTTCCGTGATCAGAGCGCTCCATCCGTGACCATGCGATCATCCGACCACTGCTGCCGGAACAGGAGATACAAAAGAACACCGATTCCCGCATCGAACGCGGCCTGCAGCACGATCGTCGACCGCACTCCGATCCAGAGTTCCTCCGGGCTGGAAGGTGCTAGGGAAGAGAGAAACACAGCGCTGGAGAGACAGGAGAGCACCGCCAATCCCACGGCCAAGACCGCAGGAGTCAAATGGGCCATGTGACGCCCGGCCAGACCGGCGAGAAAACCTGCGCCCCCCTTCGTCACGACGTTGACCCAAAGGTCCCCAGCCGAAAACATGTCTTGCGAATAGCCCAAGAGCAACCCGAGCAGCAGCCCGTCAAGCTCTCCACCGAGAAAGCCGACGAGGCAGGCCGCCACCAACCCGAGATCGGGGCGGACGCCGAAGAAGCTCACGTAATGCAGCAGCGTTGCCTGGATCGGCGCAATGACCACCACGAGCCCCGCATACAAGAAAAGCTTCACGACTTTTTGCGGTCTCCTTGAATCTCCTGCAGAAGTTTTTGCGCAGCCTCGGCATTCTCATAAGGTGCGGTAATGATGAGCACCTCTTCCACTTTTGACAGGTCAACCTCGGGCTCCAATTCGGCTGTTTGGAACAGATCTCCTTCCGACTTTTCCACCTGCATCAGCGTCCCAACCATCAACCCTCGTGGAAACACGCCGGTCAGCCCCGACGTCACCACGTGATCACCGGCCTGGACTCTCGACAAGAGCGGAATGTACTTCAGCCGCGCGCGTCCATGGCTGGTCCCTTCGACGATGCCTTCATCGCGTGTCCGCTGCACCAGCCCGGCGACGGCATTGTTGGGATCGGTGACAAGGAGAACGACCGATGACCTCGCGTTGGTCTTGACGATCCGTCCCACGACTCCGGCTGGGGTCACCACCCCCATCTCCGGGCGTATCCCGTCACTCTCTCCCTTGTCGAGAATCATCCCTCGGTACCAGTTGGTCGCATCCCGCCCAATCACTCGGGCGGCTACCGTCTGCGAGGACAATTGCTGTTTGAAGGCCAGTAACGTCTCATACCGTTGGGTAGCCGATAGAGATTCCCGCAATTGAGTGTTCTGCCCCTTGAGTAATTCGACCTCCCGGCGAAGTTGCCGATTTTCCTCACGCATGCCCTGGAGGGCGACATACCCATCCCAGGTTTCGGACAGGCCGTGATCGACGGAAGAGAAAATGGACAAAGGGAAAGTCAATACCTGGCCGAGCGGCCCACCCACGTATTGCAGCACTCGTTGACTTTGGCTAGGAAGGAGAAGCAGCGTCGCGAGCAAGACGGCGAACAAAACGATGGCAAGACGTCTGGTGCCGTATGTTGAGCGTGATAGTGCCATCCCCACTCAGGGTGGAACTCATCGAGCCGTGCTGCACTGCGACATGACCGACACCTTGCGAAGGAGGTCCAACTCGTCCAGAATCTTTCCGACCCCCAACACGACCGACGTCAACGGGTCGTCGACCGTAATGATCGGAAGATTCGTTTCCTCACGGAACCGAGTATCCATCCCTTTCAACAAAGACCCGCCGCCTGTCAGCACAATTCCGCGATCGATGATGTCTCCAGCCAATTCAGGGGGCGTATTTTCCAACGCCACCTTGATGGCATTCACGATCGTTCCGATAGGTTCCTGCAGCGCTTCCCTGACCTCAGCATCGTCCACCACCAAGGTGCGAGGAATGCCAGAGATCAGATCGCGCCCTTTGATCATCATCGTCTTCCGCTCCTCGAAGGGATAGGCCGATCCGATCTCGAACTTGATTCGCTCAGCCATATGTTCGCCGATGAGGAGGTTATATTTCTTCTTGATGTAGTTCATGATGGCATCGTCCATGCGATCACCGGCCACCTTGACCGATTCGCTGTATACGATGCCGCCGAGCGAGATGACGGCAATATCCGTCGTGCCGCCGCCGATATCCACCACCATGTTCCCGGACGGTTCCGTGATCGGTAGACCGGCACCGATGGCAGCCGCCACCGGCTCCTCAATAAGGTAGACCTCCCGCGCACCGGCCAGTTCAGCCGAATCACGCACCGCACGCTGTTCGACTTGCGTAATACGCGAGGGGACCCCGATGATGATCCGGGGTCGCACGAACGCCGTCCGATTGTGCGCCTTCTGAATGAAGTGACTCAGCATGGCCTCCGCCTTCTCGAAATCGGCAATAACGCCTTCCTTCATCGGGCGTACGGCCACAATGTTGCCGGGTGTCCGGCCGAGCATCCGTTTCGCGTCTGTGCCGACCGCCATGACGCGCTCGGTTTTTTTCTCGACAGCCACGACAGAGGGCTCGTTCAGCACGATCCCTTTTCCATGGACATACACGAGGGTTGTCGCCGTCCCCAAGTCGATCGCCAGATCGTTGGAGAACCACCCGAACATGTCGCTCATGAAGCTCACTAGGACTCTCCCTTCAGGCGTTGTACGCAGGTATCCACGTCCCGCATCCCTCAGTCCCAAACTTCCAATTGCCCGCTTTCGAGCACCTGGGTTTTCGCGATCTCGTCGCCCAGTCGCAGTCCCCGCTCGTTGCCGATCACCAGAAGCGCCTCAAGTGTGAGAACCGCTCCCCATCCGATCCAGCCGATATAAGGAATCTCCAGTACCAATTGGGCAAGTCCACAAGGTAGGTTGCGGATGATCGACTCTCGAAATCCGGCCGGATCGCGTGTGCGTGGCACGATGGTCTGCAGCCCGATCAGCCGCTTGCCGACGCTCCGGCCGCCTCCGAATCCATCGGCTAACAACAGATACGCAAGACCAGCAAGAACACCAATGGGCGGGACCAATCGACTCGCCGCAGCGACAATCAAAAAGTCTATTCCCTTGGCAATGACTCGGTTCAGCACCTGGGCCTTCGGATAGATGCCCAGTTCCATCGGGCTGCGCCTGGCTTCCTCCGCCGCCAATGGAGTCTCCCCAATTGATCGTCACTATAACAAATCTGTCCGGCGCGCACAAACAAAGTCGTAATCTGTTCGGCCTTGTCCGCAACAAACGTTCGCCCCTTGCCTTTGTCGTCATCGCCTGAGTAGAATCCGCGAAACCGGGCCGACAAGAGGCAAGATCCAGATGATTAAACTGCTCCGTGAGGCTGCTCACGACTATCCGTGGTTCCTTAAATCCATCATGGGCGTGCTCGCGCTTGCCTTCATCATCACCATGGGGTGGTGGGGATTCGGAGAGCAGGGGGGCAAC
CP054184.1_gap36	1563500	1568231	4731	CCGCCATGTCGACAGGCAACCACAAGAAAATACTGATCGTGGAAGACGAGAAGGACATTCTCCAACTCGTGAAACTCTACCTCGAAAAAGAAGGTTATCGGACGGTCTCGGCGATGACGGGAACCGAAGGCCTCCGCCAAGTCAAGGCCGAGCACCCCGACCTCATCATCCTTGATCTCATGCTGCCCGAAATGGACGGGCTGGAGGTCTGCAAGCGCATCCGCCTGAATCAGGACACCGCTCTCCTGCCCATTCTCATGCTGACCGCCAAGGCCGAAGAGTCCGACACGGTGATCGGTTTGGAACTCGGCGCAGACGATTACGTCACGAAACCCTTCAGCCCCAAAGCGCTGGTAGCCCGGGTGAAGGCGTTGCTCCGCAGGCTCGAATGGAACGCAGCCCATCCCCACACGCACTATCAATACGGCCCCCTGACCGTCGACCTCTCGCGCCATGAAGTTCGCCTGAACGGGCAAGAAGTCACCCTCACGGCCAAGGAGTTCGGGCTGTTGGAGCATCTGCTGCGCAATCTCGGGCGCGTGCTCACGCGCGACGTGCTGCTCAACGCGGTGTGGGGGTATGACTATTACGGCACCACCCGCACGGTCGATGTTCACGTGCGTCGGCTGAAGCAGAAGATCCCGCTTCTGAACGACGCCATCGTGTCGATCAAGTCTCTCGGATACAAGCTTCGCGAATCCGACATGCCTGCATGAACCTCGGCATCCGCTGGAAAGTCACTCTCGGCACCCTGGCCGCCGTCCTTGCCGGCTTGCTCCTTGCCGGTTGGCTGGTCGTTCGTTCGATCGAACAGACGGAGATGAGTCGGATCGCGGACATGCTTGAGGTCCGCGGCGCGCTCGCCGCTATGTCCCTCCGACCGCTGTTCACCTTCCCTGGCCAGGCTGTCCCCTCGTCCCTGCTCCACAACACCGTGATGGAACTGAGCCGACAGGCGAGGGTCCGGATCACCATCATTCGGCAGGACGGCACCGTTTTGGCCGATAGTGCGGTCTCTCCTGAGGGTCTCGCGGACATCGATAACCATCTGTCTCGTCCGGAAGTGTCGATGGCGTTGGCAGCCGGCCTCGGGACGGACATTCGAGCCAGCCAGACGACGGGCGAACGGACTTATTATGTGGCGCTGCTACTGGTGCCGCCGGCCGCCAAACAGGCCGGCACGCCGGTTGTCCGACTCGGATTGCCGCTCACCTCGATAGATGAACGGGTCCGGTACGTTCAAGGCAACTTGGCCGCCGCATTCGGGGCGGCCTTTCTCGTCGCCATGGCGCTGAGCCTGTGGGTCTCGCGCAACCTGACGAAACCACTGTCGGATATGGCCGCCGCCGCCCGCCGGCTGGCCGGCGGCACGCTCGGCGGCAGGCTGGCCGTCTCATCGACGGACGAGGTCGGCCTCCTGGCGGAGACCCTCAATCAGATGACCGAACAGCTGGAGTTGAAGATCAAGGAAGTGTCCGACGATCGTGCGCAACTCCTGGCGATGTTGATCGCCATGGTGGAAGGCGTAATGGTCTTGGACTATCGCGGGACGGTCGTACAGGTCAATCCGGCACTCGAACGAATGTTCTCCCTGGGGCTGACGGAATCACGCGGGCGCCACTATGCCGACCTCATCCGACACGAAGGCCTGAATGCCCTCGTGTCGTCCGTGCTTCAGACCCGCACGGGCCAAGGCGGTGAAATCACCCTGTCGCCGAGCGGCCGCTGTCTGCGCGTGGAGGCCTCGATCGCCGGCGGGAGTCAGGAACACGAGGCCTGCGCAGTCTTCGTCTTCCACGACATCACGGAGCTGCGGCGGCTGGAAAAGATCCGCAAGGACTTCGTGGCCAACGTGTCGCACGAACTCCGCACCCCGCTGACTTCGATCAAGGGTTACGTGGAGGCGCTGTTGGACGGCGGGAAAGACGACCCGGAGACGGCCACGGGCTTTCTGGAAATCATCATGCGGCAGAGCAATCGGCTCAACCTCATTCTGGACGACCTCCTCCAGCTCTCCCAGATCGAATCCGGTCAGGTGTTGTTCCGGCACGAACCGGTGGAACTGCGCGCACTGTTGGAACGGACCCTGGCCGTGATTAAACCCCTAGCCGACAAAAAGCGGCACAGGCTCGAGCTATCGCTGCCCAAGGACCCGGTCCTCGTCCTGGGCGATGAGGAGCGGCTGGTACAGGTGTTCATCAACCTGCTGGAAAATGCGGTCAAGTACACGCCCGACGACGGCCGCATTGCCATCACGCTCCATTCGGCGCCTCAAGGCACCGTCACAGCGGAGCACTCGATGGTCGAGGTCGTGGTAGCGGACTCAGGGATCGGCATTCCGGAGGGAGACCGCCCTCGCGTGTTCGAACGGTTCTACCGTGTGGACAAGGCCCGTTCGCGTGAGCTGGGGGGCACCGGCCTGGGGCTTGCCATCGTGAAACACATTGTAGAGGCGCATCACGGACAGGTGTGGGTGGAGGGAAACGATCCCAGAGGCAGCCGATTCGTCGTGCGGCTTCCGTTGTCGCGCGAATTGTTTACGCCGCCTTCGACAAGATCAGGTAGCACACCACCGCGAGCAGGGCAGCACCCGGCAGCGTGAACAGCCAGGCGGAGAGAATCCGCCGCGTCACGCCCCAACGGACCGCCGACAGTCGTTTGACCGCCCCGACGCCCATCACCGTAGAGGTAATGGTGTGCGTGGTACTGACCGGAAGGCCGAAATGCGCGGTCGCCAGCAACACGATCGCCGCGCCGGTCTCGGCGGCAAACCCATGGACCGGCTCCAGCTTCACGATGCGCATGCCCAAGGTTCGCACGATGCGCCAGCCCCCGACCGCCGTCCCAAGCCCCATCGCCACGGCGCAGGATCCGATCACCCAGGTGGGGACCTCCGCCGTCTGCAACACGCCGGACGACACCAACGCCAAGGTGATGATGCCCATGGCTTTCTGCGCGTCATTGGCGCCATGGCTGAAGGCCATGAAGCTGGCGGAGATCAACTGCATCCGTGAAAACAATCGCAGGGCGATCGCCCGCGGCACGCGAAAAAAAATCCAGCTCAGGATGACCATCAGGACGAGGCCGATCGCGAAGCCGAAGAACGGAGACAACACCATGGCTTCCAGCACGGCCCGCAGTCCGGAAAACTTCACGGCCGCCGTCCCGCCGTGCGCCAAGGCCGCACCGACCAAACCGCCGATCAGGGCATGCGAAGAGCTGGTGGGAAGCCCCAGCATCAACGTCATGAAATTCCATACGATCGCACCGGCCAACGCCGAGGCCACCACCACCTGAGTGACCGACTGGGGATCGACGATACCCGTGCCGACCATTTTGGCCACCGCCGTCGACATGAACGCTCCGGCGACGTTGAGTACTCCCGCCACGAGTACGGCCGTCGTCGGACTCACCACGCGGGTGGAAACCACCGTCGCAATGGCATTGGCGCTGTCATGCCAGCCGTTCGAAAAGTCGAAGAGTAGGGCCAGTACGACGACGATCAACAACAGCCCGCTCAATTCAGCCATGGATGCCGATTCCTACCGTTGAGATGATTCGAAAGTGCGGTCGTTCGACCGGCCGGAGGCGCTCAGGTATGTTTGAGGGCGATCCGCTCCAGAATGTTGGCCACGTCTTCGCAGCGATCGGTCCCCGCTTCGAAATTCTCGTAGATCTCTTTCCACTTGATCACCGCGATGGGATCGGTTTCCTTTTCAAACAGGGCGGAAATGGCATCACGCGAAATTCGATCGGCTTCATTTTCAAGGCTGTTCACCCGCACGCTGCATTCCGTGACGGTGGGGTGCGATTTCCCCAGCAGATCGACCGTCGCCCCCACTTCCACTGCCGCTTGATACAACACATTGGCTAGCTTGATCGCCGCTTCGGTCGGCGCCGTCACCTTGTAGAGCACGAATCGGTCGGCAATGGCTTCGACGACGTCCAAGATGTCATCGAGCGCGCTGGCTAGGTCGTGGATGTCTTCACGATCGATGGGCGTAATGAAGGTTTGATTCAATTTCCGCGCAATCTCATGGGTGATGCCGTCACCGATGTGTTCGACTTCTTTGATGCGCTCGGCCTTCTCAACCGGATTGCGGAAATCCTCCGTCATATCCTTCAGCAAACGACTGCCCTCGATCATATTGTGCGCCGCGTTCTTGAAGAGATCGAAAAAGGCTTCTTCACGAGGAATGAGACCGAACATAACGTCCTTTCTACTCGAACACGGTCACCATCGAACCACACCGGTCGCCCACGTAAGTCCCCCGCCGAACGCCCCCATGAGGAGGACATCCCCGGCACCGAGGCGCCCTGCGCGCACGGCATCGTCCAAGGCGATGGGTAACGAAGCCGACGAGGTATTGCCGTAGCGATCGATGACCGAATGGACCGCCGACGCCGACAACGCGAGCCGCCGTTGAAGATGCTCCAAGATCCTGGCGTTGGCCTGGTGGGCCACGACGAGTTTCAGGTCTGCGACTGTCAGCCCGAATTCCTTCAATAACTCCGTGATGGCGTGCGTCAGACGACGCACCGCCGAACGGAACACCGCACTCCCTTTCATGCGCAACTGATGATCGCCGGCCTGAAGCCGATCGGTTGACAGGGGCATACGCGAGCCTCCGGCCTGGATCTTGATGAGGTCGTGGCCCGCACCGTCCGCGTAGAGACGCAGCCCCAGGATTCCGGAAGCGTCCGGCCGGGAGTCGTCGTTTCGCCGGAGGA
CP054184.1_gap37	1570760	1573232	2472	CACCATGTAGGCAATCGGCTGCGATGATTCGAGCAGCAGCGGCTCTTGCCCACAGTAGACAAACTGCACGCCGGTGACGGTCTGTTCGATCACCGAGCGGAAGCCCGGATCCAGGACCCGCTCGATCCGCGCCGACAGCCCGCCGCCGCAGACCTTGTAGCGCGGGTGCCGCTCCCTGTCGATCCCCAGCACGGTCAATCCACCTCGACTCAGCACCGCTGCGGCGGCGGCCCCGGCAGGCCCCATTCCCACGATCACCACATCGTATGTCTTGTCCATATCCCTGATCCCATGATCCGCCCATCACAATTGGGTTAGGCGCCGATTGTAATCGAGTCACGGCACGTTCGCACGCGTCTGTGTAGCGGACGTACCGCGGGAGGAATGAATCGAGGCGAGGCTACTGACCGAGATACCAGCCGATACCGTACCGCTCCAGGAAACTCGTCACCATCGTGAGTGAATTGGCATAAATCATCACGCCCACCACGATCAGCAAGACACCGCTGACGGTCGAGACTCCCCAGAGATACGCGCGCACTTCCTTGAAATAACCGAGGAACCGATCGACCCCCAGGGCCGTGAGGAACAGCGGGAGGGCCAGTCCTAACGAATAGCAGGTCAATAGAATAACCCCACTCAGCAAGGATTCGGTGGTGCTGGCGTAGAGCAGGATGGTGCCGAGCACCGGTCCCACGCACGGCGTCCACCCGGCCGCAAAGGCGACCCCAATCAAAAACGACCCGAGAAGGCCGGCGGGACGGTTCCGAAACTGGTAGCGATGCTCCATCTTCAGGAAGTTCAAATTCAATACGCCCAACAGATAGAGGCCGAAGACGATAACGACGATGCCTCCGAAGCGTCGCAGGTGCTCCTGATAGGTCATCAGGGCCTGCCCCAGCAAACTGGCGGATGCGCCGAACGCCACGAACACAGCTGAAAACCCTGCAATAAAGAGCAGAGAGTTCACCACGATGGCCTTCCGGAACTTGCTGCGTTCCGACACATCGGTCAGCTGTTCGATCGAGAGGCCCGTGATATAGGAAATGTAGGACGGCACGAGCGGCAGCACACAGGGAGAGACGAAGGACAGCAGGCCGGCGGAAAAGGCCGCAACCAGCGAGATCGATTGCACCGATTCGGTCATGCCTAGGACCCTTGTAACAGTGATTCGACGAGACGCCGGCCTTCCGGCGTATTCCAATCTCGCGCGCCTGGAATGCGGTTGCGGATAATACCCTTGCGATCGATAAGAAACGTCATCGGTAAAGTACGTGCTCCATACCGCAGGCCGATGCGGAAGTCGGCGTCATGCAGTACGGGGAAGGTGAACCCGACCTCCTGCTGAAAGGGTCGCGTGACCGCTGCCCCTTGAGCATCGGTCGACACCGCGAGGATCTCGAAATCTTTCCTGCTGAATGACCGGTACAGACGCTCCATCGCCGGCATCTCGATCTTACAGGGCCCGCACCAAGTGGCCCAAAAGTTTAACAGCACGACCTTTCCGCGAAATTGGTCCAGCGTGACATTGAACCCTTGCGAGTCTTTCAGGAGGAAGTTCGGAGCTTCTTCGTTCAGCTGAGGAATGCGGTCGGCAACGAGCAACGGCGCGGCCTCAGGGCTGCGGATATCGTCGGCTTCGACGCCCAAGGGCCCGGCACCCGCCCACCCAAGACACAAGACCGGGATTAAGAACCAACGGTTCATCGTGCCCTCTAGAGCGCGGAACCATCCTGCGAAGGAGTCAACCGGGCAGCTTTCTCGCCCGGCTTCAAGAGCTGCGTCAAGACCTTGAGATTGTCCAAGCGCGTCCAATCCCGGGGCCCGATCACCTTTTCGCGGAGGATACCTTGTTGATCGATGATGTAGGTTTCCGGGACGCCCATCAATTTATACCGTTTATCCGTCTGCCCCCACGAATCCACGAGCACGGGAAAGGTGAGGCTCAACCCCTTCACAAACGGCGGGATATCTTTCTTGGTGGTCACCCGATCGATGCTGACGGCCAGGATCACCAATCCATCCTTCTCGAAGTTCTTGTAGAGCACCTCCATGGAAGGCATCTCCTCACGGCACGGCTTGCACCACGTCGCCCAAAAATTCAAGAACACAACCTTACCGCGGTAATCAGAGAGCCGTTGATGCTTGTCGTTCAAATCAGGCAACTCGAAATCCGGCGCCTCTTTTCCCACGACCAGCGGTTCGTACTTCGAACTTTGGAGCCACACCACCAGGAACATCACACCGAGGATGGCGGCAGCAGCGAGCACGACGATCGTGCGGGACGGACCGGTCCGGGAGGGCGAAACGACGGATTGCTGGGTGGATTGATCGGCCATGGGTTATGCGTAGGCGTGTAAGCCGGACAGCAAGAAGTTCACGCCCCAGAAGCAAAAAATGACCATCAGAAATCCAAAGATGGCATACACCGCAGCCTTATGCCCTTCCCACCCTCGTGTCATGCGGGCATGG
CP054184.1_gap38	1590050	1591828	1778	TCTCGTCGAGCGCACGGAGCAGGTCCTTTTGGGATCCCATTTCGGCACGGATCAAGTGATCACAGTGGATCGTGCTCGGCACCGCCGCCTTTTTCTTGTTGGCTTGCATGAATTGCAGCACGGCCATCTGGGCGGTGGCATCCTGCATGGCCACGCGATCCGGGCGGAGAGCCAACATGGCCTTGCCTCGCTCCCAGTTTTGACTGTCAAAGTTGTCCGCGTGCGAAACAAGAATCTTCTCGGCGAGCGTCAGACCCCGACCGAACTTCTTTCTCGCCTTGGCGAACACGTCGGGCATTTTGGCATAGAGGTTCTTTGCAAGATCCATCGACATGGTTTATCTCCGTCTTGGAATAAATGCCTCGCCGCCGCTCGCAACCCGTAGGAAGAATACGTCATCACAACCGGCAGGCGACGCGTCAGAGTCCTCGTTACTTCAGCGGCGGCACTTCGCGACGCTTGGGCGCCGCATAATTGACCAAATAATCGAACAGCCGAATCAAACGGCTCTCCTGGCGTTTCTGGTCGACCCAATGTCCGATCAACCCGATAGTGCGCGAGAGGATAAAGAACCCGTTCAGGCTGTCCACCGGGAATCCGATATCCACGAGCACCGCAGCCATCGTCCCATCGACGTTCAGAATCAGGTTATCCTTCTTGGCTGCCGTGACCTTCTCGACCTCCAACGCGAAGTCGAGGCACGGGGTCTTGATGTTCAGGCTCTTCACGTACCCGACCAGCTCTTTCACACGCTTGTCCGGATTACGCAGGCTCTTCACACGATGGCCGATACCCGGCACCGGGCCGTGATTTTTCTTCATGTAGGCCAGGAATTCATCCACCGACATCTTATTATCGACGGCATACTTGAAGAACCGCCCGGCATCCGTCACCGCTCCCCCGAAGCGCGGGCCGATCATGATCAACCCGGCGGCCACAGCCTGAGAAAGCCCGATTCCCGCACAGGCCGCAAGAATCGTGGCATAGGCGCCGCTGACGCAAGGGCCATGGTCGGCCGATAGCATCATGATGCGCTTGATGATCTCAGCCTCCTGTTTGGAAATCAGACGCTTGTCCCACAACAAGCCGATCACGTGGGGGATTTCATAACCTTTATTGATCAATTCTGAGGCAGGATACCCGTCGTAACAGGGTTCATCACCCCTGTCATCGCTGATCGTGGTGCGGATCAACGGCGCAACCATCACCTCGTCTGCCTTCATCGCCTCTTCTACCGTCTTCGGCAACTTGGGCAAGGAAGCCGGCTCCACCGGCGCCTTCACCTGACCGGACTTGAGCAACTCTTCGTAGGTCTCCTTGATCGCCGGACCCAGCGCGCCGAAGGTGGCCGGCACAATGGCACCGGCTTTTTTCAGCGCATCCGACTTCGAACGCGCCGAGCCTTCACCCTTCATGCCTTCCTTCGCGCCCGCATGGCCGAACTTCATCCCCTTGGGCAGGCTTTCTTGACAGAAGCCGGACACGACGCCGATCAACTTGACCCGTCGCTTCTTGGCGCCGTACCACTCTGCCGCGCGCTCCTCCAGATCGCCGCCCATTTCACCGACGATCACAACCGCCTTCGTCTGCAGGTCGTTTTCAAACATTTCGAGATAGCTGACATAGTCGGTCCCGGGGTATGCATCACCGCCGATACCGATGGCCGTGGTAATACCGTCGGCGAACTGCGAACAGATCCAAATGATTTCATTTGAGAGACCGCCGGACTTGGTAATGACGCCGAAGGACCCCTCTCGATAGAGTTTCGAGAGTACCAA
CP054184.1_gap39	1611509	1612616	1107	TCCCTACCAGGATTCGAACGCCGCCGAAGTCAACGGGCTGGAAAGCCCGACCGCGTCCTCCGGCGAGCGAACCAAACGCACCTTGGCGGACTATGGGTTTGTCGAGCCGCTGAAAGCCGACAAAGAGGGACCACCGCGCAAATGAGCCAGTGCCTCTATTGTCATCAGCATAAAGGGAAACGTGCGTGCCCGGCGCTCAGCGGGTTGATTTGTAGCCCCTGTTGCGGCGAACACCGTCTGACCCGAATCTCCTGTCCTCCTGATTGCACCTATCTGGACAGCGGCAGCGAATACCAGCAAAAACGTCTCGGCGAACAGTTCGCCCCGGTCCGGCGCGAACTCTATCGTCAGCTCACGGTCGCCGGCGGCGAGAAAGCCGCCGCGCTCTTCAACCTGATCGAAGTGGTCACCTTCGGGTATTTCCATGACCGGCGTGACGGACAGGATGCCGAAGTCATCGCGGCCATCCAGGCGTTGCGACGTACCTTGAGCCCGTTGCACGTCCCCTCTGCGCCCATGCCGGTCTTTGCCGAGCGGCTCAAGAAGGAATACGACACCTTCGCCAAGCAACAGCCCCAGCAGATCGCCGATTCCGGCACCGCTCCAGACATGTTGGACCGCGCCTTGGCCATCATCACGGAGTTTTCCGGTCAGGACTTCCAGTCCCGGCGGTTCTTGCATGGCTTGATCGGCTATGTGAAGACCTTCCATCCGGAAATCGCCGAACATCTGGCCAAGCAGCAGGAAGGCGGGAGGATTGTCCTGCCAGGACAACTGCCCCCCATGCCACAAGAGCCGTCCCACATCCACGGCCCCGGCTGCCAACACCATCACCACTAATCCGCTCCCTCACGCCCAACGTCCTTCAGTCCCTCTCCCATTCTACCGATACAGCGTTGGAGGGCTTCGTGGCCCATCCTGTTCTATCTGACGCCATCGGACCAGCTCAATCGAAAGACATGTCAGGCTGACGCGTGATCGCCCCGCATGCTCGGCGCCGACGGATGCGATGCACCGCGACGGGCCCTCTCTTGACCGCGCAGCGATGTGACGGTTCGACACCATCACAGGAGGCCTCATGAAACTTGTTACCGCCTGTCTCTCGTC
CP054184.1_gap40	1632685	1635754	3069	TGGACCCAGCCTGCGACCGGATGATCTTCACCAATTCCTCAGGCTTGACCGAGAGCAGGAGACACTCTCCTTGCCCATACAGCACCGCGGGAACCCTGCCGGCTCGTCGCAGCTGACGCGCGGGTCCCTTGCCTCCACCTTGTCTGCTCTCAACCGTCAAATCGAATTTCATCGTACTCCTCCTCGACCCGTCGCTCGACGCGAACGGCCTACACGAATAACGAACTCACCGATTCATCTTCATGAATGCGCCTGATGGCTTCCCCTAGGAGAGGCGCCACCGACAGCACCTTGATCTTCGGACACTTCTGCTCTTTCCCACGCAACGGAATGGAATCGGTGATCAACACTTCCACAAGGCAGGATTGTTGGAGGCGCTCCAACGCCGGCCCCGACAGCACCCCATGCGTACATCCCGCCCAGACCTCGCGCGCCCCCTTTTCAAAACAGGCCTGCGCGCCCTGCACGATGGTCCCCGCCGTATCGATCATGTCGTCCAGCAGGAGGGCGCTCTTGCCTTGTACATCCCCGATAATGTTCATCACCTGCGCTTGATTCGGCCCTTCCCGACGTTTGTCGATGATGGCCAGATTGGCCTGCAACCGTTTGGCAAACGCCCTGGCTCGCTCCACTCCCCCGGCATCCGGTGAGACCACGACCAGATCACTGATCCGGCGTTTTGTGATGTAATCCATCAAGACGGGCAAGGCATAGAGGTTATCCACGGGAATATTGAAGAAACCTTGGATCTGGCTGGCATGGAGGTCCATGGTCAGCACTCGGTCCGCGCCGGCGGTCGTAATGATGTCCGCCACCAACTTGGCCGAGATCGGCACGCGCGGTTGATCCTTGCGATCCTGCCGGGCATAGCCGAAATACGGAATCACCGCCGTGATGCGGTTAGCCGAAGAGCGTTTCAACGCATCGATCATGATCAGCATTTCCATGATCGAGTCGTTGACCGGTGAGCAGCAGGACTGAACGACAAACACATCGGCTCCGCGCACGTTCTCTTCGACGCGGATGCGGATCTCGCCGTCGCTGAACGAGGAAACGGTCGCCGCCCCCATAGGCCGTCCGAGATAACTGCAGATAGCCTGCGCAAGCGCAGGATTGGCGCTGCCCGAGAAGAGCTTGAGTTCCCTGTTCATTCCACCCCTTCGATCCGGTACGTGGCAACGCCGAATATTGTAACGATTCGAGTCGAGTTCGTATAAAGCGGTGGGCACGGACGGGACGTTCGATCCCGCTGACCTCTTGGACTGTCAGGACATGAGGACGCCTACCGAAGCACAGCACATTAGCGAAAACGTCTGGAAGTTGTCAACCGCGCGGCAGCGGACGTCTCGTCAGACCACCACCGCAGCACCGCCCCCCTCCACCACCGTTAACCGTGCGCATGATCAGGCCGGCGAAAGAACCGGCGCACCCGCGGTTGGGACCGCAACGGCTTTCATTTGCCCTTCCTCTACGAACAAGGCCGCAGCCCTCTCCGCCACAGTCTGCTCGCGGAAGACGCCGAACATGGTCGCGCCGCTTCCAGACAGGAGCGCCACCTCGGCGCCGGCATCGAGCAGTCGGCGTTTGATGTCGGCCAATACCGGGTGGCGAGCAAAGACCGGCGTTTCAAAATCGTTTTCTGCAGCTTGCGTAACCTCGCTCCAGTCCATCTCCGATTGAACGTCCAGATGCCGATGGGCCCCTGACAGCGGGCGCACGGCGGCGCGGGTCGACACCAGTTGTTGGTAGGCCCACTTGGTCTCGACCGGAAAGCCTGGGTTGACCAAGGTGATCCAGCGTCGGCCGAGCAGCCGCACGGGGCGCACATGCTCGCCCCGCCCGGTCACGCAGGCGGTCGGCGCCACGAAAAAGAATGGAACATCGCTGCCCAGCCGTTGGCCGATCGCGGCCATCTGCTCGCCCGACCAACTAAGCCCCAGCAGCTTGGCCAGTCCCAAGATCGTGGCGGCGGCATCACTGCTACCGCCTCCCAGCCCCGCGCCGAGGGGTATCCGTTTCGTCAGCGTGATCGACACCTCCGCCGACTGCCCGGCCCGTTCCAATACCAATTGCGCCGCCCGATACACCAGATTGCTCTGGTCGGATGCCAGTTGGGCATGATCACAGCGCAGGTCGATTCGGACTGGTCGGTCAGGCGTAACGGTGAGACGCAATTCATCCTCAAGCCCGACCGTCTGCATCAACGACCAAATGTCGTGGAATCCGTCGGAGCGACGCTCCAGTACCCGAAGGATCAAATTGACTTTGGCGGGGGTCAGAACACGTAAACTGGTACCGTTCACTCGCGGCTATCTGGGGCGGCGCTAATCCCGGCCTCCTTTGATCTCGTATTTCTCGAGGCGGTATCGGAATGAGCGGGTATTCAAGCGCAGGAGTCGCGCAGCCCGCTTCTTCACCCACTGGCTGCGTTCGAGTGCTTTCAAGAGCAAGTCTTTCTCGATCGAATCAATGAGCCGCTCCAGGTCCAAACCATCCTCCGGCAAATCCGAAGGCAGGACTTGCTGGGTACTGACCGATTTATGGAGCCAGCCTCGAATATCCGCTTCCGTCACCGACGATCCCGTCGTGAAGGCCACGACGCGTTCGATCACGTTCTCCAATTCACGAACGTTGCCTCGCCATTCATGCGCCAACAGCACGCGCATGGCCTCCTGGTTCATCGTCGGCACTGGTTTACCACTTTCCTTGGCAAATTTCTCCAAGAAATGTTGGGTCAGGAGAGGGATGTCGCTGGTGCGCATGCGCAGCGGGGGGAGCTTAATGGGAATGACATCCAATCGGTAATAGAGGTCTTCCCGAAAGGACCCTTCGGCCACGGCCTTCTCCAAATCCCGGTTGGTCGCCGCGATGATCCGCACGTCAACCTTCATATCCTGCGTGCCTCCGACGCGCCGGAATTCGCGCTCCTGAATCACGCGCAGCAACTTCACTTGGATCGGAAGCGTCGTATCGCCGATTTCATCGAGGAAGATGGTGCCGCCGTTGGCGACCTCGAAGAGCCCGGCTTTGTTGGAAATGGCTCCGGTGAACGACCCCTTCATGTGGCCG
CP054184.1_gap41	1638437	1642643	4206	CCCCGACGGCGATCATGTGCGTGACCATTTTGGGAAACACATTGCCTTTGGCCAGCGGTTCGGAAATGGTTTTTCCACCGCTGATGCTGACCCGGGCGTTCATAAGCGCTTCCTCGATCACTTTGTTGCCGGAGGTCTTGGCGCAAATACTCAGGCCTTCCAGCAACGGCACGCCACTCGTAATCAGCGTGCCGAGAGTACGCGTAAATTTGGCCACGGACGCCTTCCTGATCAAATCCCCGACAATGGGGAACTTCAACAACAGCCGATCGATGACGACGCGGCCATTGGTCGTGCCGTAATACCGTTTGACGGCATACATGGTGGCGAACAACGCCCCGGCCATCATGTACCAGTAACTCTGAAAGAAATTGCTGATATCGATGACCAGCTGCGTCGGGCCCGGCAATCCGATTTTCCCGCCCGACATTTCCGAGAACATCTTGGCGAAAATCGGGATCACCCACACCATCAACACGCTGATGACGATGATGGCGACGCCGACAATGGCGCTCGGATACACCATAGCGGACTTGATCTGCCCTTTGAGCTTCATCGCTTTCTCGATGTGCTTGGCCAAACGGGTCAGAATCGTATCCAGCAGACCACCGACTTCACCGGCGTGAATCATATTGACGTACAGATCATCAAACACTTTGGGGTGTTTCTTCAGGGCATCGGAGAAGGTCGACCCCGCTTCCACGCTGTTCTTTACATCCGCTACCGTTTCTCGCAGGACCTTGTTCTCCGACTGAGTGGAGAGGATATCGAGGCATTGGATGAGCGGAAGCCCTGCGTTAATCATGGTGCCGAACTGGCGGGTGAACACCACAAGGTCTTTATCGGTGAGGCCGCTCCCGATGCTGAGGTTCAGTTTCCCGCCCTTCCCGGATTTTTCTTCCAGGCTGGTGACTACGACCTGTTGTTTACGCAGCTGATCGACCGCTTCGTCTCTCGTCTTGGCGGTCAGCTCGCCTTTTTTGACCGCACCCTGGCGGTTTCGTCCAACGTAGGCAAATGTAGCCATGGCCTTGGTTCCACTCCTGTGACGGCGGGCCGCAACACACACGACGGATGCGGGAAACTACGTTTGAAGTCTATAAGACCCCCCACAACCTGTCAAACAAATGCGGCGAAGCGGAGGCGAGCGTCGAGCAGTCTGAGACGCGTCAGCCGCTCAATTCTGACTGGAGCTGATGCGGAGATAGCCGCGCGAGAGGTAATGCAGGCCGGAGAGTAGGGTCACTCCGCCCATGAGATAGAGAAGCGGATCCAAGGATGCCAAGTCATACTTGCGTGAAGCGAAGAACACGACGGCAACCAGGGTCGTCAGTTGCACCAGCGTCGTGCCTTTCCCAAGTACCGTCGGTGAGATGTCCACCTGTGTATTGGTGAAATGGGCGACCGCCGCGCCCAACATCAGCATCAAGTCACGACTGGCCACCAAGATCGTCACCCAGAGCGGCACCAAGTGCATCACAGACAGGGTAATGAAGCCGGTTGTGAGCATGAGTTTGTCGGCCAAGGGATCCAGCACCTCACCGAGTTTGGTGCGTTGATTGGCCACGCGCGCGATCGTCCCGTCCAGGGCGTCGGTCAGGCCGGCGATAAAGAGAGTGGCGAGGGCATAGTCGAATTGTTCATAGTTGAGGAGCCCCACGTACACCGGGATCAGGAGGATGCGGAGGATGGTCAAACTGTTGGGGACATTCATGTTCATCAGAATCGATGGCGCCGGAGGTCCTCGCCGCTCACGCCCGTCGCTGAGGCAAGAAGCGCGCATCATAGAAAGCACCGCCCCCCTTGTCAACGACGGTTGCACTCCGGTAGACAGCTCCCTATAATCTGCCTCCTTGATAGGGTACCAACAGGACTTGACCGACGGAGGATCGTATGAGTGCGCTGCCCCTCCTTTTTAGAAAAGAGGGTTTGGTTGAACGCCATCAAATCGAAGGCATCGATCCGAGCGATCGCTACTTCAATCGGGCGATCCAGGTAAGCCGGGTGTCTTCCGGTTATACAGGGAAGGTGATGTACGAGGCCTTGGTCGTCGAGGGAACCGTGCATCCCACCATCGGCGCTGCGGTGAAATCAGTCGTTGAGAAACTGCAAGGCCTGGGATTCGTCCGGATGCGCACGCGCCCGAACTTCAAGGGCGCCCGCTATCTGGCCGAAAAAGAGACCTGGACCGACTACCCCGACCAGTCTTCCTAACGCCCCACGCATTCCTGATAAACCAAATCGTGAATCTTCGGGCGAAATGCGCGGATGCTTTCGTTTCGCCTCGTCGGGTGCACACGGTTCGAAAGCAGGACCACTTCCAGTTCCTGGATGGGATCGATCCAAATCGACGTGCCGGTATATCCGAGATGGCCGAACGAGTCGGAAGAAAAGAGGGCTCCGGCCGAGGACGACCCCGATGGGGTGTCCCAGCCCAATGCCCAACTGGAACCGAGAGTGACCTGCTGCCGCTGGGTGAAGACTCGTACCCACTTCGGATCCAACCAGGTCCCATGACCGCGGTAACCATCCATCCAAGCCTGCACAATCGCCAAGACTGACCGAGCAGTTCCGAATAGTCCCGCATGCCCTGCGACACCGCCCAACGCAAAGGCATTTTCATCGTGCACTTCCCCGCAGAGGGTGCGCCCGCGCCAGGCGTCCACCTCGGTTGCGGCGATCCTCCGCGGCGGCCCTGACGATGGCTTGTCGAGCACAGCGCTCCCTCGAGGCAGATAACTCAACGCTTCGGCATGGAACGGTTCAAAGATCTGTTCCTGACACCAACGGTCTAGCGGTTGCCTCGTCACCCGCTCCACCGCCAACCCCAACAGGATGAACCCGAGGTCGCTATACAAGCTGCGTGTCGTCGGCTCGTAGATAAGCTCTTCAGCCCCGATGTACCCGAGCACAGCTTGCCGTGCCGCAGCGGTTCCGATGAGCCCAGGGTGCGTGCTTTCTGCCTCTGCGATCCGTTCGAAATAGGGGCGCCAGCCGGGAAGACCCGAACTATGTGTGAGCAACTGGCGGATCGTCGCCGAACCGCAAGGGCGGCCGACGAGTTCAGGAAGAATCTTCTGAATAGGGTCCCCGAGCGCAACCTCTCCCCGCTGCACAAGGAGCAGCAACGCCGTCGTCGTGGCAAGCACCTTGGTGAGCGACGCCAGGTCATACCAGGTCTCCGTCGTCACCGGCTCGCCGAGCGGTTGCACGAATAACCGGCCTACCGCCGCTTCATAGACTAATCGGCCGCGCAGCCGAACCGCCAAGACCGCACCAGGGAAGGTGCCGTCATCGACGGCTCCTTGTAGGGCCGCGTGAATCACATCGGAATGTGTCATGAGGAGTGGTCGACGTGGTACTGGTGCCCTGTGACCGGTCACCACGGCGAAAGGACAGACGCGCGAGGACAGCGACGAGAAACAGTCAACGGGTGGAACTGGACTCGCCGGCCAATTTCCCCTCGATCGCCGTCGAGTCCGGTTGATACGCCTCGCTCTCTTCCACCTCCAGCATCCGCTCGAAGGAACGCAAGGTCGCGCGGAAACGTTCCACCAGCATCAGCCGTTGCTTCTGCAGATCGGCCAAGCCCCGCTGCATGTCGGACAAACTCACGCGCGCCTGCCGAACAATCTCACTGGCCTTCAGCTCCGCTTCCTTCACGATCAACTCGGACTCTCGTTGCGCAGAACGCTTCACCTCTTCCGCCAACGATTGCGCCGACACCAGCGTACTCGACAGCGTGGCTTCGGTGCGCCGCAAGTCCGCGACCTGCTGTTCGGTGGCGGTCACCTTGTCCCGCAGCATACTGTTCTCGCGATTCAAATTTTCCACCGTCAAGGCCAGTTCTTCCAGAAACCGATTGACCTCATCACGGTCATAGCCGCGGAACTTGACCTGAAAGGACATCTGCTGAATATCGATGGGGGTGATTTTCATGCGACACCTCTTCCCCGAGGGTTAATGCATGCGCACGGCGATATCCCGTAGGGATTGAACCACGGCATACTGCAGAAAGACAAGGATCAGAATCGCGATCATCGGCGACAGGTCGATCCCCATCCGCCACCCCAACAGCCGGCGAATCGGAGACAAGACCGGCTCGGTCGCGCGTTCCAGAAACTGGACGATCGGATTCCAGGGGTCCGGGTTCACCCAGGAAATCAAGGCGCGTGCGATGATGACCCACATATAGAGCCACAGCAC
CP054184.1_gap42	1652327	1654008	1681	GGCTGCCTCCGAAGATCAAGAGGCGCTTGGCAGCAGCAGTCTCCATCGTGCGGTGGTCCGGCTCATCCCTCTGCAGAAAATCCCGACGTACCGGCGTCCCGACCACTCGGGCCCTCCGGCGATCGAAAAATTGGAGGGTCGATTCGAAGGCCAGGAAAATCCGCTGCACCAGCGGCGCCACCGCCTTATTGGCCACGCCGGGATAGGCATTCGGTTCAAGAATGACCCCCGGAATTTTGCGTAAAAAGGCCGCCAGCAGCATCGCCGGACTCGTATAGCCGCCGACGCCGAACACGAGGTCGGCCCGCTGGGCCTTCAAGATCCCCAGCGATTGCCACAGACTCACCGGCACGGCCGCCAAGGCCTTGAGAATCTCCACGGGACTTTTCCCCATCAACGGCTTCGCGGCGATACAGTGCAACGGAAACCCTTCGTGCGCCAACACCTTACCCTCGATCCCACGTGTCGTGCCGACAAAGAGAATCTTGGTCGCGGGGTCGCGCTGGAGAAACTCCCTCGCCACGGCAATCGCCGGGTACAAATGCCCCCCCGTCCCTCCAGCGGCAATCACGATCGTCATACCGAGAGACCTCCGCGTTTGCGCGGGCTGCTTCCTGCGCTCCCGTCGCGCCCGCCATGCCGGTCCCGCGAAATGCTCAAGAGGATCCCGACCCCGACCAGATTGACGACCAAGGACGAACCGCCGTAGCTGACGAAGGGTAGCGTCAATCCCTTGGTCGGCAACAAACCCGTCGCGACACCGGCGTTGACCAGCGCTTGCAGGCCGATCAGCATCGTAATCCCCATCGCCAGGTACCGCCCGAAGGGTTGGCGCGCTCGACTGGCGATCTGAAACCCCTTGATGACGAAGAGACCGAAGAGCAACACGATCGTGACACTGCCGACCAGCCCCAACTCCTCCCCGATCAGCGCCAACACGAAGTCCGTATGCGCTTCCGGCAGAAAAAACAGCTTTTGTTTTCCTTCACCCAGTCCCACGCCGAACGGGCCGCCGCTGCCGAAGGCCAGAAAGGATTGCTGAATTTGGTATCCGGATCCGGTCGGGTCCCTGACCCCGCGCAGAAAGTCCATCACGCGCTGCCGCCGGTAACTGGACCCCAAAATCAAGGCCGCCACGGCCGGCACGGCACAGAGCGAGAGCAGGAGCAGATGCTTGATCCTCGCTCCAGCCAGGAAGAGCAGTGTGACCGCCACCAGGCCCATGACCACGACCGTGCCCAAATCCGGTTCCAGGAGGATCAGGCCGCTCAGCAGGGCAAGGACGATCAACGGCGGCAGGAGCCCGCGCGAAAAGTGTTCGAGTCGCTCTTGCTTCTTGCTCACATAGGCCGCGACATAGATGACGGCGATCAATTTGGTCAACTCGGCCGGCTGGACATTGAGCGTGCCCACATGCAACCACCGCCTGGCGCCCTTGCCCACCAACCCCAATGACGGTACCAATACCAACCCCAGCAGTACCGTGGCCAGACACAGGAGCGGAATCGCCGTCTTGCGCCAGAGAGTGTAGTCGATCTTCGAAACCAGGTGCATGATCAGCAGGCCTGCCCCGAGCCACACCACCTGCCACTTGAGGTAATACCACGAGTAGCCGAATTTTTTGGTCGCGACGACCGCACTCGCACTGAACACCATCACGAGTCCGATCAAGGCCAGGCTC
CP054184.1_gap43	1684132	1686172	2040	GGTCGTGACCGACCGCGGACTTTCTTGATCGGCAGTCACCTGTACGCCCACGCGGCCGATGACGCGGCCGTCTTCGGTTTCTACATCGATCCGCCACTCTCCCGGATCGAGCCCCTGTTTGAAGGTGTAGGCTCGATACCCTCCCTCTCGCCCCCCGACAATCTTCAAGGCGATGCGATCGGCGGACACGAAGGGCCGGCCGGACTCCGGCCGGAAGTACCAATGGTGGTAGACCGTCGTTCGGAGCGCGACCGGGGCAAAGACGGCGGTGAAACAATACAACGGTTCGTCCGCCGCGATGGTCGAGGCGGAGTGTTTCCAAGGTTCGTACCATTGTCGCTCGAACGACAGTTCGAAGTGGTCCCCGGCTCGTTTGACTTCGTGGTACATCCCGCCGAACTTCAGCGACAGCGGTACCGGCGGGATCCAGTTGAGAATGTAGAACCCCACCAGCAAGGCAATGACCGCCATGGCCGGCGCCGTCGTCAAGGTCGCTTCACGCCGGGTTCGGTCCTCGTTGCCGCGGTAGATCAGTTCCACGACCCGCAAAGTCACCAGCACACTCAGCACCGCGCCCGCCAGAAACATCGCCTGGTTCATCCAACCGGTCATGACCGGCAGAAAGAAGGTGAAGAAGGCGAAACAGACCAAGGCATAGAGCCCCACCAGGAGCTGTAGATTGGAGAGACGATCGCGCAAGAACTCATTGCCGACCAGCAGCCCCACCAACAGCACGAAGAACACGGCCGAGCCGGTCCAGGTCGCACTTTTCCAATAGAAGATCGTATAGGCGCTGAAGAGGCTCCCGAATAGAAACTGGATGGCCATCGGCGCATAGGGTCCGGCCTGCAGGGCCCACCGAATGGCCTTGGGGGTTTCCGGCGGCAAGTCCTCCGGCGCCATCCGGCTCGTCCCCAGGCGGCCGGTCAGGACGATCAGAAAACCCAGGAGCAGCAAATAGAGCAGGAGCAGCAGATTGCCTTGCAGGCGATCAATCCGGCTGAGGGTGAGGGTGTCATAGGTCACCCCCGAGAGGAAAAAGAGCGGCGGCAAGTAGGGTTTGCCCAAGACCGCCTGCACCCGTTGCATCGACACCATGGAGGCTAGAGTTCAAGATCGCCTCGTGATTGTCAAACGAAGAGTCGATTACACGAAGGGAGGTAACGGGGCGTACTTCACCGACATGCCGATCACGCGCTCCAGCCAGGGGGCCATGGCCTCCTCCTTGAGCGGCGCGCGATTCAACCGGGCTTCGATCTGAAACCCGCCGACAGTCCCGACCAGGCCGATGATGGCCGAGGCCTCTTCCGCTTCCGGCAGCAGCTCCTGCGTCTGAAACTCGCAGAGGGTGCTGTACAGCCGCCCTTGCGGCTCGATGATACGCAGCACCTCCGGCAGTTCGCTCAAACGGCAATGGACGGAGCAGCGGTAGACCGAGCGCGCCCCGGTCTGGACGGCGGCGAATTGTTCCAATGCAGATTCGGAAAATCCCGTCAGATAGGCCCGCACCGACGCGGCTTGCGGGACAAAGGTGGCGGCCAGTCGGCTTGCCGGCACCAGAAACTCAAAGGCATCCGAGGAATTGTATTCGAACTGACAGGGGCCGAAGGCATCCGGCCAGGAACAGAAAAAAGGCGTAACAGGGTCCGCCGGCGTCAACACCAGCCCGCCCTTCTCCACGGAGGTTTCGACCGGCAAGTCCAGAGTCGTGATGGCGTCGAGGAAGATGGCCCGCCGCTCATCGACCCAGTCGTTGCGTCTGGCCTCTTCCCGCGTTTCTCCCGGCGTCACCACGTCGAGGGTCTGGAGCCGGACGCGGATGAACGCGTGGCTGTGCCGGAAGCCAAGCCACAGCATATTGACGGGGTGATGAAACCGGAGGGGGCCTCTGGTTCGCCAGGGATGGCTGATGGAGCAGTAGGTGCCGACGCTCTGATGTTGTTGATAGACCGTATGGTACCCGCCTGCCAGGAGGAAAAAATCTCCCTGCCACCCCTCGCGTGCATGGATCAGCGTGACGTCTTCAGTCGCCCACTGATC
CP054184.1_gap44	1806612	1809958	3346	TGTTTTTCATGGTCTGTACCGGCCGCGGCGAAGAGTTGACCGACATCACCCCCCAGCAATATGAAGAGGTCTTGGGCTATCTGGTGGACTGCCAGGACCGCTACAAGGACATGTTGGTGCGGGCCCGTTGCGCCCCGCATTTCAAACGGCTGGCCTATGAAAAGGACCCCAATTCGCCCATCACCAAGGCCACCGGTTACATGGGGGGTGGCTGCTTGGCCGGCACGAATTACGCGCGGGTCACGCCGAACGGTGAACTCACCCCTTGTCCCTATATGCCGCTCTCGGCCGGCAACGTACGCGAGACGAGCTTTGTGGACCTATGGGAGCGGTCGGATATTTTCAACTCGTTCCGCTACCCTCAATTGAAGGGGAAGTGCGGCGATTGCGAGTATACCGATATTTGCGGCGGCTGCCGGGCCAGGCCTTACGTAGACCACGGTGATTGGCTCGACGAAGACCAGTGGTGCCTTTACACGCCGAAGGGTGGCGACAAGATCCAAGTGGCCTTCAATACGCCCGAAGAGGTGGAGGTGGCGTGGGATGAAGCGTCACAACTTCGCCTGAGCCGCATCCCCTATTTTCTCCGTGCCATGGTCAAGAAGGGCGTGGAGCGCCACGCCCGAGAGAACGGCGTCGAACTGATCACTGTGGGCTTGATGGAGGAACTCCGAAAGAAGCGGTTCGGTAACGATGCCCCGGTCTTCAACTTCGACATGAAAGGCAAGGACTAGGGCCTGATCTTCGACAATGGATTCCGTACAAAGCATCTTCCTCGATCTGAATCAGCTCATTCCGATCGTCAACCATTGGTTTCATCTCCTGTCGGCCGTCATCTGGATCGGCGGGCTGGCCTTCCTCGTCATGGCCGTGACACCGGGACTGCGGGACGGCGGCGTTCCCAAAGAATACATCCGCCCCATCACGGAAGCGTTCTACCGGCATTACAAACGGGTGGCCGGTATTCTCCTCGTGGTACTGCTCTTCACAGGCGGCGTCAATGTGCATTATGTAAACCAAATTCTCACGTCTCAGACCGGTCAGGGATTACAACATCACTCTAAGTACCTGTGGATCTTCTGCATCAAGCTCGTCTTGGTATTGGGCCTCCTCACCCTCTTCCTGTACAGCGTCATCTTCAAGTCGGACGCGGAGGAGGAAGAAGAGGGGGACCTTCACGAATCGATTCCCTTTCAACGGGCCGCGTTATGGATGGGCTTTTTCATCATCCTCTGCGCCGCCGCCATGAAGCATCTGCATCAGTAGTCTTTCAACCTCTGCCAATGGCCTTGTATCTGTTCAGATACCAGGTCGTTGCAGTCGACGCTGCGACATCCTCGGCCTCCCCATCCCCTTCAGAGTCCAAACACCCTAAAAAAATCATGGCATTCGCGTCCTGATCCAGGTACCCTTCCTCGCGCGAATTTGGCACATGTGTTGCTCTGTTCGGCATGACTAGTCATCATCCTGCGCCGCAATCCCAAGGAGGGGATACGCCATGCCGTTCCACCACACTCGCCTGCTGATCGTTTCCGGATTGTTGATGGCCCTGTCCACGATCCCTTGCCGGGCCATGGAGCCGGCTGCTTCACAAGCCCCACCGCTTCGCATAGTGGGAAAGCTCGACCAGGATCACCCACGCTGGTATCACGCGTCAGCCGGAACCCAACTCATGCCCTATGACTGGTTCGTGGCCCTCTTGGATAGCACGTCGAAAGAGTTCGAAAAGGCAGGCATCCTCGTCGACTCCATCCATCCGGACCGCCTGCCGGTCGGCATGTCCGAGCCACAGGCCGGAGCCCCATCGTCATCCCCCACCGGAATGAATTGCGCGTTCTGCCATACGACCGAATTCACATACGGGAACAAGGTATTTCGCATCGAAGGAGGTCCTTCGCTGCAATATAATCAACGATTCCTCGGCGTCCTCATTAAAGCGCTCCGGGGCCTCGTTCTGCCGGATCTCCCCACTCTCCTAAAGAGCATTCAAGCCGAACGGCCTCTTGAACCCTTCAAGACCTTCGCAACCAAGGTGCTGGAGCGTCGGCAAGAGGGTTCGAGCATTTCCAGCCTCAGCAAATTGGCCGGTGACGTGGACGCCTATAGCCGGTCCCTCGTCACCCGAGGCGCAATGGATAGCTCGCCCGAATGGTGGGGGCCCGGTCGGTTCGATGCACTGGGGCGCGGTGGCAATACGGTCTTTGGTCCGCTCAATCCGGACAACCTCAGACCCGCCAACGCGCCCGTGAGCATTCCACCGCTGTGGGGCGTCTGGGCCTATGACTGGGTGCAGTGGTCGGGATCGATCCAGCACCCCTTGGCCAGAAATGTGGCGCAGGTCATCGGCGTGGGCGCCAACCTGTTTGCCTGGACGAAAAAACCGCCGCTCGGTCCCATGGATGACGATCAAAAGTTCCGCTCATCCGTGGATTTCAAGGCACTGGAGGAATTGGAAGGCCTCGCAGGACGGCTGCAACCGCCGCGCTGGCCGGAGGAGTTCCCCGCCATCGACCGCAGCCTCGCCGCTCGAGGCAGGGACCTCTACCACGGCAACAAGGCCAAAGGGATTCCGAATCTCTGCGCCCACTGCCATGTCGCTCGGCATCTCGAAAACAGAGGCGAGTACGGGCCCGGCCTGCAGGTCACCATGATCCCTCAGAAGGAAGTGGGGACCGACCCACTCTATCTGGAAAGCTTTTCGCGCCGCACGGTCGACACGGGCCCGTTAGGGCGCGGAAGACTGTCCGCCAAGGATGCCTCACAATACGTTACCACCGAGCTCCTGGCTCGGAGTTCTGCCGCGCAGACAGAAGACGCTGCCAAGCCGAACGAATGGCGGGATTGGCCACAATACATCGCACGACCCCACCTGGCGGTTTGGGCCACCGCGCCGTTTTTGCACAATGGATCCGTTCCCAACCTCTATGAGCTGTTGTCGCCGGTGAGCGAGCGGCACCGCTGCTTCGCCCTCAGCCCCAGGATGGAGTTCGACCCCAAGCACGTCGGCTATTCCATCACAGAGTGCAACGCTGAATTACCCCAGGACCGGGTCTGGTTCAAATTCGACACCGCGTGGCCCGGCAACGGAAACAGAGGCCATGAATTCGCCGATCTCCCGGGGTGCGGAGGCCCGGCCGAAAACGGCCTGCTTGGCTGTGGAATTCCGCCTGCTGATCGACTCGCCATTATCGAATATTTGAAGACCTGCGATCTCGATCGACGGGTAATCCCCGGCGCACCGGCCTGTCATGATTTGGGCGAGGTGACACCGTAGCCGGCTCTCGCAAGGCGGTCGACCGGACGGGCCAGGCCCGCCCGGTCGACCCGGAGGGTGACCTATTCCTGC
CP054184.1_gap45	1873398	1876054	2656	CGCGTCTCATCCGCCGGGATCGTCGGACGCTCATGGATGGCAATCTCAAATTTGCGGTGGAATTCCTCCACCATCGCTTGGGGATCGATCATCCCAATGTCCTGAGGTCGTCCACGGAAAGCGAAAGGCTCACCCTGGGTGCGACATCCGAGGTCTCCAGCATCCCGATCTCTTTGTCCGATGAGATGCCCAACTCTTTGAACTTTCTCGCCGCAGGCAAGACCCTGGATTCCAGCGATCCCACCGCCTTGTTGTAGGCCCCCACGCTCTTGCTCAACGCATGACCGATGTCGTTGAGGTGGCCGACCAACAACGCCATCCGTTCATAAAGCTCCTTCCCGAGACGGCCGGCCCGTTCCGCATGCTGCGTCAATTGCTCCTGCTTCCAACCATAGGCCACCGCGCGCAACAGCGCCATCAGCGTGGCGGGAGTCGCAACGACCACCCCCTGAGCGAATCCATCTTCGATCAAGGTGGAGTCCTGCTCCAAGGCCGCGCCGAGAAACTGCTCACCCGGCAGGAAGAGCACGACGAACTCCGGCGCCTGCGCAAACTGATTCCAATAAGCCTTGAGGCTCAATGCCTCCATCCTCGCCCGTACCTGATCGGCGTGTCGACGCAAGTGTGCCTGGCGCTGTCGATCGTCCTGGGCTTCATAGGCATCGAGATAGGCCGACAACACCGTTTTGGCATCCACGACTACCTGGCGTCCGCCCGGCAGATACACGACCATGTCGGGTCGCAGAAGACCTTCCATGGTGCCGACCGTATCCTGCTCGATGAAATCGCAATGCACCACCATCCCGGCCAGCTCCGCCACGCGACGCAAGGTCATCTCACCCCACCGTCCTCGGACCGACGGAGCCCGGAGCGCCTTCACCAAGTTCCCGGTTTCCTGCTGCAGCCGCTGATGGGATTCGGCCATGAACTTCAACTGCTGGTCCAGACCGCCGTACTCCCGCTGCCTCATCTGCTCGGCCTGCCGCAACTGCTCTTCGTATCGGCGGAGCGACTCCTCCAATGGCCTTACCAATTCACCGATCGCCTGCTGGCGTTGCGACAACTCTCCCTTAGCCTCAGCCTGGAGCGCCGCAAACGACGTTCGTGCCAAATTCAGGAAGGCTTCGTTGTTCTGCTTGAGGGCCTGGCCGGACAGGGCTTCGAAGGATGCCTGCAATTCCTGCCGCGCTTGCGCCAGCAGCGATTGCTGCTCCTCGAGATTGCGGACCAGCGCCTCCATTCTCGTGTCGGTCTTGGCTCGCGCCAACTGCGACTCCGCCACTTCCTGCCGGAGTTGCTCGACCTGCCGTTGATGTTCGTCCGACTGTTGTTGCCACAGGACGGCCGACGCTTCGGCGCGTTGTGCATGTTCCCCGCTCTCGATCAGCTGGGCATGAAACCTGGCGTGGAGGCGAGACGACACCCACCAACCGGCCAGCAACAGGCCCACCATCAGCCCGAGGACGAGACCGATTCCAAATGTCGCGGAGGTAAAGTCGATCATGGCAGTTTCCCTACAGGCTTCACCAGGAAGCCGGCATCCCGATCACCTATTGTAGGGAAATCCCGTAGAGACTACGAAAAACAGATCTAAAGGTCAAGCGGCCGATCGCCGAACGATCCCTTCCGTACAGTCAATTTTCACCTGTTCGTTTTCGGACAACCGCTGCGTGACATGGGGCACATTGACCAGAACTGGCAGGCCATACTCACGAGCCATGATGGCTCCGTGCGACAAGGTACCGCCCATCTCGGCGACCAATCCGGCCGCCACGCTGAAGAGCGGCGCCAACCCGGGATCGATGACCGGAACGACGAGGATATCACCCTGCCGCACCCGTCCCCAATCGGTCGGCGATCGCACAATTCGAACAGGCCCCTCGGCCTGGCCGGCACTGATGGCGACGCCGCGCAGCTGCCTCCCCTCGCCCTGGCTACCTCCAGCTTCTTCCCCCTCAATCGGCTCCTGCCAATCTCGAATCGTATCCGGCACCTGAACCAACCCGTAGCGGGAGTGCTCCTCACGACGCGCACGGGCCAAGTCCTTCCAATTTCTCTGCTCACCCGCACACAACGCCTCAAACTCCTCCAGCGCGAGGTAAAAGAGATCTTCCCGCAGAGCCAGGAGGCCCTGTTCGACCAGATGGTCTCCGAACCGTAGCAAGAGATGCCGGACAGCGGTCGAGTAATACATCAAATGGTGCCGGTTCGCTTCCCGAAGCGCGGAGAACCGATTGAGCCGCCGATACCACCACTGAAACCACCACCAACGCAGCGGCCAGTGCCCCACTCGTCGTTTGATTTCCTCCAGAGCCTCCTCACGGCGAGCCGCCTGGCGCCGCAACACCTCGTCGGCAGAATCGGTTGCGTCACCCCGCACCTGCGCCCGCACGACTGCCAGAACGCTGGCCGGCTGCTCCGCAATGCGCGGCGACATGATGTCCGATTCGCCGACCGCTCGATGGCCATAGTCCTCCAGATACCGGTCGAAGACCGTGAGAAACTGCGAATGAGACAGGGCATCGCGATATTCGCCGGCATCCCACTGTGGCGACAGAAACCATTCTCGAACCTGCCGTTCGGTACGCGCGAGGTCGGCGAGCTCGGCTACGCGAAGGATGTGTTGGGCGCTGACCACGACGCCCTGGCCTTGCAT
CP054184.1_gap46	1893539	1897888	4349	GAAGGTCCTCTCGCACCGCTATCTCTGACGGATCGGCTGAGACGTCAAAGCAGCTCCGCCCTGCATCAAGCGCATTCACTCAGGAGCGCTTGGTATCTGTCCAGCGGCACTAGGTCGGGCAACAACACGAGCAATTTCGACCGATCCGCTGGTTGGATCAGGCCCTCGTCTTCGAGAAGATCGGAAATGGCCTCCGAAGCGGCAATCGCCCCACCTTCACAATCGCCCACCGGCGCATAGAGGGTTCGGCGTTCTTCCATCTCGGCCAAGTAAGTCTCCCAGGGCACTGCGCCCAAGCCGAATGCGCTCTCCCAGTCGGTCCTGATCAGTTCGAGAACCCGTTGCCACAGCACCTCGCGGTACTGTTTGGGAATGTGGGCATTCACGGCCGCCGAAACCCAGTACAGGGCGAAGGACAGCACCTCACGCGTGATCTGAATGGCTTGATCCTCGCTGCCCTCGATGCCATAGTCACTGAGCATCTCGGTGGTGATCCGTCGTGGGATCAGCTTGTACAGCGCCGCTGCAACCTCAGCCGGGGTCATTGATGATTGAGCCATCCTGTTCCTCCTGCGAAGGACCTAAGATACTCAAAGCCCGCCGGCCCTGACAACTGTGGGCGGGCGAGGCCTTCGAGATCCTTCCCTCCTTGTCCCATGCCATCGCCTATGGTACAGTCCGCCGCCTGCGCGGACTCCGGACCATGACAGCTCGACTCTTCATTCGCCCACTTTTCATCACCCTCACTTGGCTCTGCCTCTGGTGGCCGGTCGCGGTCGACGCCGCCCCTACCCAGTCGGTTGACGGGGGTTCGAACCGTTGGGGCTTTGCGACCGATGTGGGGCTCTGGAGCGGCACGACCAACGACACGACCTTCGCACTCGGATTCGGACTCGACTATTACATGGACCGAAATTTTTCCTTCGGCGGCATGGCCCTCTTCACACCGGTGGGAGACCTGACGCAAATCGGCGTCGCCGGTGTGGCGAAGTACCACCTTCGCCTCGACCACGGGATGAACATCGTCCCATTCGCCGGGATAGGTCTCTTGCACGCGGATCTGAACCGTGGGAGCGGTCCCTCGAAGGTGGATCGAAACGACACCAGCCACTTCATTCCGCTGGGACTGTCGCTGGAGTACCAGGTGGGCCCGAACATCGCCTTTTCCACGACCCTCATGGTGAACCTGCACCACATCACGCTCTCGTCCCCGGTCTCCGACGACAACAGCAGCGTCGCTCTGCTCTTCGGTATTCGTTGGGGGCCGTAACTCAGCGATTGCTCAAGCGGCTTGAGCCGGACGCCAGCGCAAGCCGACTTGCAGCAATTCCTGGATCAAATCCATGTAAGGGAGGTTGGCTTTTTCCGCTGAATCGGCGAAGTCTTCGCCGCAGGCGATGTGAGGGTTGGGGTTGGCTTCGAGCACATAGACCTTGCCGTCGCAGTCCATCCGCATGTCGATCCGCGCATACCCGCTCAGGCCAAGTGCACGATAGACCCGCTTGGCGAGATGCTGGATCTCTTCCACGCGTTCGATCGGGAGCTGTCGGGCCTCGCAAGAGCGGATCCCATACTTCTCCTGATACTTACGGCTCCATTTTACCCGCTGCGTCGCAATGCGCCTGGCTTCGTCCGGCATCTTGTCCATCACCAATTCCCAAATGGGAAAGACCTGCAGGTGGGCATTGCCCATGACGCCGACATACAATTCCCGACCTTCGATGTAGCGTTCGACCAACGCGCCCGTACCGACGTGAGCATGAATGAAGGCGACGCGCTCGCGCAGCTTATCGTCGTCCTCCACGATCGAAGCCTGAGAGATTCCCAGCGACGCCTCCTCCGTCACCGACTTCACGATCAACGGAAAGGTCAAGGACTTCGGCCGCCGCACCATCCGATGCCGCGGCACCACCATAAATTCGGGATACGGAATCCGATGGTAAGACATGACCTGCTTTGCCAAGGCTTTGTCTCTGGCCAACATGAGACCTCGCGGATTGCAGCCGGTGTACGGGATGTGCATCAACTCCAGATAAGACACGACGTTCTGATCGTAGACCGCGACGCCGTCGAATTCCTCCAATAGATTGAAAGCAATGTGCGGCCTCCACCCCTCGACCGCCGCGCGGATGACCTCGAGATCACTCTTCACACCCAACGCCCGCACGTCGTGCCCAAGCGTATGGAGCGCGGACAGCACATCGTACTCCGTCTTCCAGTCCGCATTGTCCGGAACTGGGCCGGTCAACCGCTCCGGCGGCACCAAGTCCTGATGCATCAACACGAGAATACGCAGTCGCCTCATAAGGCGACCTTATGCCGGCCATGATGCAGATAGTTCATCGTCTGCACCGTGAGGAGAATCGCGAAGTCGAGTTTGGTCTGTTCTTTCTGGAGCGTCAGATGCAACTTCAGCGCGCGTGACCGTTCGATCATGCCGGAGAGAACTTGATCGATGATATATTGATACTCGCCCGTCCAGCCGGCCACCTTGCGGCACAGTTCCTTCCGAGCGCGACGCAGGAATCCGGCCGCCACAGGATTCCCCCCATAGGCCGGAGCATCGGAGAATAACTTCCGCAGATCGCTGTCATACGATGCCGTCTGGCCGAACCCATAATGCGCACGCTTCTCGTCATAATGGTCTCGGAGCGTCTTATAGAGCCGAGGGAGCGGATCGACCTGCTGTCGCTCCGTCACCAGGGGCTTTTCACCCACCAGCTCCCCCATCAATCGATCCATAAATTCGAGCTTCCTCATCGCCGGCCATCCGCGATAGCGCTCGCGCCAATCGGAGTCCGGATCCAGCCATACGGCGAAGGTTTCGGCGAAATCCTCATCGGGGTGACTTTGGGCGTACCACACCTCTAGATGACGGACAAAACTTCGGCTGTAGGGGCGCGGGGTGTAGTACTCGGGATAGGGGTCCGACGAACGGCCGAACAGGCGTTGACGTCGACGGCGGCGACGCAATAGGTAGGCGTTCTCGATGGCATGGCCGGTCTCATGCCGCAGAATCCGCATGCACCACTCTTTCGTGCCGCCCTCCACCTCCAACACCTGATTCGCTTCCAGTCGTGTCAGTCGGGGGTGCGCCAGATAAAACGGAACGGCGATCCCCGGCACACCATCCGGGCTGAACCATTCGTCCGAGAGCCAGACATGGGGGCGGAAGCAAAGGCCTCGCAAATTCAGCTCGCGGTACAGCTGTGCGATCGGCGCCTCATAGAAACTGCCGTCCAGGTCGAGACGTAGATCACAGAAGCGCAGGTCAAGCAGCTGTTCGTCGCTCCATAAACTCCAGGCCGGGCGGACGTTTTTCCGCCGCCGCGCTTTCCTCATATGCTCATGTCGTCTAGGCTGCCGCATCATCTATTCGCCAAAAAGTCTCGTCAGGCGTCGATTTGCTCTTCTCCCACTATAGCATCCTGTGGAAAACCCGCCGGTCCGATCACTCCCCCATCCCATTCCACCTATTCCTTGGGCTACAATGCCGACCATGTCGCAACACACCCTTGGTCCCATCACCACCGATCGAACATCCCCCGACTCCGCCGCCGAGCGCGAAAAACTCGAAACGCGCCTCTGCCGATTGGTCGGACAGGCCATCGCCGATTACCGCATGATTGAAGAGGGCGACAAGATCATGGTGTGTCTTTCTGGGGGCAAGGACAGTTATGGCCTCCTGGAGATCCTGCTGTCGTTGCGCAGTCGAGCGCCGATCCATTTCGACCTCATCGCAGTGAACCTCGATCAGAAACAACCGGGCTTCCCCGCCCATGTGCTCCCGGAATACCTGGCGCGTCGCAGCGTCCCCTTTCACATCGAAGAGCGCGACACCTACTCCGTCGTCAAACGTCTCATCCCCGAAGGGCAAACGACCTGTTCGCTCTGCTCACGCCTGCGTCGAGGACATTTGTATCGGCTGGCCGCCGAGTTGGGGGCTACCAAACTCGCGCTGGGACACCATCGCGACGACATCCTCGAAACATTGCTGCTCAATCTCTTGTTTACGGGGAAGATGAAGGCCATGCCGCCCAAGTTGCGATCCAAAGACGGACGCCACTTGGTGATCCGGCCCTTAGCCTATGTGAAGGAAGTCGACTTGGCCCGCTATGCTGCGCTCATGGAGTTTCCCATCATTCCCTGCGACCTCTGCGGCTCGCAGGAAGATCTGAAGCGCAAGCAGGTCAAGGCGCTGCTCCAAGACTGGAACGAACGGTATCCTGGCTCAAACGACAGTATGTTCGCCGCCCTATCCAATATAGCCCCTTCATTGTTGTTGGATCGACGGCTGTTCGATTTCGCCGGCCTTCGGAGCGAGAGAGACCAAACCATGGTCGAGGAGT
CP054184.1_gap47	1899834	1901236	1402	GCTGGAACAACGTGGCATCGCCGGCCATGACATCGTGGAGCAGCGTCTCATAGCCGGTCTGGGGAGCGTTCCCGAAATAGTCGGCATACTGGAAATCCATGTCGACGGTCCCGATTTGAACGGCGGGACCCGGGACCTTGGCGTCGAAGCGCAAGGAAATCCCCTCATCCGGCTGAATGCGGATCACCAGGACGTTGGGCGCCAGCCGGTCGACCTTGGTCTTACGAAACAACATGAACGGCGCGCACTTGAACTGCACGACGATCTCCGTCAGACGACGCGTCATCCGCTTGCCCGTCCGCAGATAAAACGGCACGCCGGCCCAGCGCCAATTGTCGATGAATAGTTTCATCGCCACGAAGGTTTCGGTCATCGAGGTCGGCGACACGTGCGGCTCCTCCCGATAGCCCACCACCGACCTCTCGCCCACGGTACCGGGTCCGTATTGGCCGAACACGACAAACCGCAATACATCGAGTGAACTCATGGGCATCACGCCGCGCAGCACCTTGGCCTTCTCGTCCCGCACGGCATCGGCTGCGAAAGAGTTCGGCGGCTCCATCGCCAGAAAACACAGGAGCTGGAGCAGATGATTCGACACCATGTCCCGCAACGCCCCGGCCTGTTCGTAGTAACGCCCTCGATGTTCAATCCCCAAACTTTCGGCCACCGTAATTTGGACATGGTCGATATACCGTCGATTCCACACCGGCTCGAAAATCCCGTTGGCAAAACGGAAGACCAGAATGTTCTGGACGGTCTCTTTGCCGAGATAGTGGTCGATGCGATAGATCTGGCGTTCCTGCAACACCCGTTGCAGGTCGTGATTCAACTCACGGGCCGACTGCAGATCATGGCCGAAGGGTTTCTCGATCACCACACGGCGCCAAGTTCCGTTGCGTTCGACCGTGAGGCCGTATTCTCCCAGGTGCGTGACGATTCGACAGAACAAGGCAGGAATGGTCGCCAAATAGAACACGTAGTTGCCGCGGGTGTCGTGCGCGGTATCGACTTCCTGCAACCGCTCGTTCAGTCGACGGTACACGGCCCCCTCCTGAAAATCGCCCGCCACGTAATGGAGTCGCTTCAGCAGGGCACGCCACACCGTGCGGTCAACGGGGTGGGGCATGTAGTCATCGATAACCCGGTCGAGCTTGTCTCGCAATTCGTCCGCCGTCATTTCCGGACGATCCAGACCCACCACGGCAAACCCTTCAGGGAGAAACTGACCGGCCATGAGGTTATAAAGGGCCGGGATCAACTTGCGCTTCGCGAGGTCCCCGTCGATCCCGAAGATGACCATGACGCAGGGCGTGGGTGCAGGGGGCTGGTCTGCAGTCGTTTGAGCTGCCATCCCGAACTCCTTTCGTCGGACTGGGTCATCCTGCCTGATCGCTTATGG
CP054184.1_gap48	1926736	1930061	3325	GGCTTCGTACGGTAATTTCTCGGAGGATAATTGAAGGTGCCGTCCCCCTTTCCAAAGATAATGGAGAGATCGGTAGACTGGAGGTTAACGATGGCGACATCCGGAATCTTGTCCCCGTCAAAATCGCGGGCCATCCCGAAATTAGGACTAGCATCGGCACCGGCGTCTCTTCCCGGTTGAAAGGTGCCGTCCCCATTCCCCAATAGCGTCGTAAAACTATCTCCCTCTCCGTTGATCACGAGCAAATCGAGTTTGCCATCGCTGTTGAAGTCGGCAAAGCTCACCCCAAGAGGGCGCCTCCCGGTCTTATAGTCCTTGGGATCCCGGAAGGTGCCGTCCCCATTACCCATCCATACCGACACGGCACTCAGCATCGGTCCGCCATTCGTCACGATCAGATCCGGCTTTCCGTCTCCGTTGAAATCCTTGATTCCGATGGAGGTCGGTGTGTCGCCGTGCTCGTATTGCATACTGGGGCGAAAGTTGCCGGTCGCGTTGCCGAGGAATATTTTGATCTTGTCGTTGCGCAACGCGACCGCTAAATCCGGATGGCCGTCTCCATTCAAATCTTCACTAGCCACAGAAACCGGCGCGCGGTGCACGGGATACTGCGGCCCCTCCTCGAACTTGCCGTTGTCGCGACCGAACAGTATCGAGATTTGATCGCTCCCCGAACAGGCCAACACAATATCGAGCCGGTCATCGTGGTTGAAATCATTCAGCGCCAAGGCCCGCGGCTCTTGGCACACCCTGACCTGCATTTGGTCTCGAAAGGTGCCATCGCCGTTGCCATAGAGGATTGAAATCGTGTTGCTGGATATATTGGTCGTAATGAGATCCGTCATCTGGTCGCGGTTGAAGTCCGCCGTCGTGACGGTCGTTGGGTTTTTCCCGACAGGATAACTGGCGAAATAATAGAAGGGATCAGGGGGAACGTACGGATCAGACTTTGAGCAGGCCGCCACAGCAACCCAACCGCCCATAACCAGGAGCCAGACGGCCATTCTCACGGCTGCGCTGCCGCTCCGGAACACGCGTATCATCTCGATTTCGACGAACAAGGCATGCAATTCCGGCCAAGTCCATGCTTCGCCGCTCCGCGTTCTGAGGATGGATTGTGGCGAGTATACAGAGGCCGTCGCCGCTTCGCAATCAAGCGACCGACCTTCCCCGACTCCAAACTCAGCGGCTCGTTCCCCTCCCAAACGGTCCGTGGTGGCCTAGGCCTTTCGCCCCTTTGAAAAAACGCGAGACCTTAGGCTAGAATGCGACCCCAAGTGTGGAGGAGGTACTTATGAGCAAGATGGTTCAGATCCCGATCACCATGTACGGGATCGCGGAAGTCCTAAAGTGGTGTCTCGACCGGAATAATGGACGGATCGGTGGGGTCGACACCGATGGATTCAAAAAGATGCAGGCCCTGTTGGCGGAAAAGCCGACGACGAACGATTATCTGGCACTGGATCAGTTCTGGAAAAAGCAGGTGGTCTTGGAGCTGACTGAGGAAGAAGTAGCCACGATCGATCGTTGTCTCTACGACATCCCGAACTTTGACAACGTGCCGCTGCCACAAATCCGGCACAAGTTCTGGCCCGGCGCCCTCGCCTCGCACTAAACTGCTTCGGGCAACCCGCAACCCAAAGAGATCTCCTTCGGTGGGTTGCCCGCTTTTCTCTACCTCAATCCGATCTCAAGCAGGAATCTGCTAGAGCGTCTCTTCCCCCTTGAGAAACTTCCGGAACCGCCCCATCAGTTCAGCCCCCAATGTGCCCCCCTCAGGTTTTTTTGTATTGGGATCGCTGAAGTGCGAACGGATTTCCTGCAGCCGCTTCTCCGCCTGAGCATTTCCTTGAAGCCGCTTGGTTTTCTCCATCGCGGTGTCGAAGGCATCGAAGGTGAGGTCCTTGTACCCGAATGATCGAATGCGCTTCACCGCCTTCATCATCGCCTGATTGCGGAAGGTGGTCAGGTGTTCGGAATCCACCTCCGCCAAACCCAATTTTCGGGCCCGCCGCTCCGCCGCCTTGCGAATACCGCTGCGCACAAAATCCGGAGAGGTCTGCAGCCGTTTCCAAGCCTCATCGCTCCACGGAATGCGTTCCTGCGGCGCGGCCCACAGCTGCTGAACCGTCACTTCGTCGATTCGCGACAAACCCTGTTCTCGCGCCGCTTCCTCGGTGTCGCACTTGATCATATCGCCGACAAATTCCATCGCGATCGGCGGAGAGGCTTTGATCTTCTCTTGCAAGAGGGCCAAGGCCCCTTCGGTCCATTCCAACGAGGGGAGTTGGCGCTCGCGCACCTCGCCCATGGCCTCCACGCGATCAAAGAGGTCTACATTCACTTCCATGTGGCCGCCTTCGCGCGCGATCTCTTCGGCAATCTGCCGGATCATCCCCCGCATGAACTCCGGCACGGCTTCCAGCCGTTCCTTGGCCGCAGCGGTCCATGGCAACTGCCCCTTGGCCATCTGGTCGGCGGCCGCGGCCATTCCGCTCTCGCCGCCCATGTTGCCCATCATTTGGCCCTTGAACTGCTCCAGAATTTCCTCGGTGATCTCACCGTAACCCAACTCCCGGGCTTTCTTTTCCGCCAAACGGCGCACCATACCCCGCAAAAAAATGGGTGCGCGCTCCATCCGTTTGAGCGCGCCGTCGCTCCACCGAACGTCTGGAACCATCGTCTCTGGTGATTCTGCCACGGTGTCACCCCTGTTACTTATTGAGTAATTCCTTCAATTCCTTGCCTGCCTTGAAGAACGGCACACGCTTCGCCGGGACCGCCACAGTAGCACCGGTCTTCGGATTGCGGCCTTCTTTCATTCGCCTGGCCCGCAGGCGGAAACTGCCGAACCCCCTGATTTCAGTTTTGTTCCCGTTACGCAACGAATCGCGAATGCAGTCGAAGATCGTATTGACGACGATTTCGGCCTGCCGCTTCGTCAACGTCGTGACCTGTTCAGACACCCGTTCGATAATCTGCGCTTTCGTCATAGTCCCTCTCCTCATGGGTGGAGGTATGCCGCTCAGAATGCCATCAGATATTTCAGATCCACGCCGGTCCCCCACTCAACCTTGGGAAACACCGAGGACAAACGTGACTCCAAGAGATCTCGAACCGAGAACCGCTTCCGCGGCTCCACCACCTTAGGCTCGCCTTCGATCCCGGCGATATCGGCCGCAATGTGGATGGCGTCCTCCAGATCGCCCAATTCATCCACGAGCCTGGCTTCCTTGGCCTGCCGCCCGGTGAAGATCCGGCCGTCGGCCAGCGGCTCCACTTCGGAGAGTTCCAAGGACCGGCCGTCGGCCACGGCTTGGATGAA
CP054184.1_gap49	1947001	1950314	3313	GACTTTCCTGAGGTTTCTTCTGGTCCTGCTGTGTCATGTGTTCATCACTCGCTTCCGGAATCTGAGGTCGTCGCCAGGGCCATCGGCCCGCTCGGTTGGCTCACATGTAACCCTTCTTCCGCAGCATCTCCATACCGCGGCCCGCATCCTGCGCCCGTCCGGCTCGCTCCGCAATGTTGGTTCCGCGGAGTTCCTCGATGATCTCGTCGACGGTCTTGGCGGTGGACTTGATGGGCGTCGTGCAGGGCGCGCAGCCCAAACTGCGGTAGCGCGTGCCGTCGCCCTTGTCGAGATACAGATCCATGAACGGAATGTTCTCGTGCTTGATGTATTCCCAGATGTTGATTTCGGTCCAATCCAGCAGCGGATGGATACGAATGTGCGTACCCGGCGGAAAGGTCGTTTTGAACTGGTCCCATAACTCGGGCGGCTGATCGCGAAAATCCCAATCGCCGTGCTTGTCACGCGGAGAAAAATACCGCTCCTTCGCCCTCGTGCTGTCCTCATCCGCGCGGACCCCGAGGATGATGCCGGTGTAGCCCTTTTCTTCGACCAGGTTTTTCATGGCCGTGGTCTTGAGGGCCGTGCAACAGACATCCCGCCCAAGCGTATGGTTCATGCCCGCGGCGAGGGCCGCCTTGTTTTGACCGACCACCAGATTGAGGCGCCACTCGCGGGCGATGCGGTCCCGATATTCGATCATGGCCGGAATCTTGTAGCTCGTATCCACGTGTAGGAGAGGAAAGGGGACGTGGCCGAAGAAGGCCTTTCTGGCCAGCCACAACAACACCGTTGAATCCTTGCCCATCGACCACAGCATGGCGAGGTGGTCGAAATGCTTATAGGCTTCGCGAAGAATGTAGACGCTCTGATCTTCGAGCTGACGTAAATGTTTCATGGTTCCACGTTTCCAGTTAGGCTTAGGCCGACAGGCCGATTTTCGACGCAGCCCCGGCTTCCGCCGACGGGGTCGCGGCCAGCTCCGCCAGTTTGGCAGCGGCTTGTCCCGATTCCAAAGCGCGGCGCGCCGCCGTGAGACTTCCCGCAATCGACGGACCCTTGCCTGAGACATAGAGCAGCATGGCCGCATTGAGCAACACCCAATCGCGCTGACCGCCCTCCACCTTGTTGGCCAGCAAACGCGCAATGAACTCCGCTTCTCGCTCCCGCTGTTCCGGCGGAAATCCCGCCATCTCTCGGAAGGTCGCCATCGTCAGGCCCGCTTCCTTCGGATGGAAGGTGTAGGGGGTAATCCGCTCGTCTCTCAATTCCAAGAGCCTGGTCACGTTGCCGATCGACAGCTCCGGGTCCCCCTCGACGCCGCGTATGACCAGAGCACGGGGACAGCTCAGCATCCGCAACGCTTCGACCGTCTTTTCAAAATAGGGAGGATGCGAGAGGCCGATGACCTGCGCCTGGGCACGAGCCGGATTCAGCAGGCGCGCCACGGGGTGAAAGACATTCCGCACGCCCAGTTCCTGCCGCATCTCCAAGAATCGGAAGACCGGCGGATGGTAGAGCGCCAAGTCCAGATAGGCGAACCCCTTCCGCTCAAGTTCGGCTCCGACCGCCTTGGCCGTCAGATCCACGGGAATCCCGAGCGGCTTCAGCACCGATGACACCCCGCGCCGATCCGGCGGACCGTCGACGCCGTGCAGCAACACTACCGCGCCGGCCGCCACCGCAATAATGGCCGCCGGTACGAGCGCATGGAAAGTCTCGCGCTTGCCCGCGTAGGTCGGAACGTCCAGCACACCCAGCCCTGAGCGCACCGGCACCGGAGGCACATATTGCCGCGCTGCCGCTGTGAAGGCGGCCAGCTCCGTCACGGATTCGCTCTTGAAGCGCATGGCCACGAGAAAGGCTCCGACCTGCGCAGGGGTCGCCGTCCCTTCGATCATCAGACGCATGGCCTGCTTGGCCTCCTCCCAGGTGAGATCCTTGGATGTTTTCTGCCCCTTGGCGACTTTTGCGAGGAGATGCTGCATGGGTGGTGAAGACTTTCTCTGGTTGCAGGGTGACGACTCAGTTACTTATGGAGCCCGCACTCGGTCTTGCCGAAATTTTTCCACCGGCCGGAGCGCGGATCGTCTCCCGGTAGGACGGGCGCCGTACAATGCGTACAGCCGATGCTCGGATAGTTGCGGTCGTGCAACGTGTTATAGGGCACTTCGTGCAGTCGGATGTACATCCACACCTGGTCGCTGGTCCACGCAGCCAGCGGGTTGATCTTGACCAATCCGAATTTCTTATCCCACTCGATCATGCCGGCATTGGCCCGCGTGGGAGCTTGGTCCCGCCTGATGCCGGTGATCCAGGCGGCGTAGTTCCCGAGCACGCGCGTCAGGGGCTCGATCTTCCTCAGCTGACAACAGTGATCCGGGTTGCCGGCCCAGAGCGCGGCGCCATGCTGGGCTGCCTGTTGGTCCGGGGTCAACAACGACGTCATTCGAATGACTTGCGTCGGCTGCAAGCCATACCGGTCGATGATGCGGTCGCGCACCTCAAGCGTCTCCGGGAACAGGAAGTCGGTATCGAGGTAAAACAGCGGAGCTTGGGGATCGATACGGTGCACCATGTCGACCAACGCCACATCCTCCGCGCCGAAGCTGCAGGCCAACACGATTCGTCCGGCATAGGCCTTGAGCGCATACTCCAGAACCTCCCACGGTTGCTTTCCTTCAAAGGAATCGCTCAGCGATTTCAGGTCCGCATCCGATGGGCCCACAGCAGTCTGTCCGGGCTCTGCCACGATCGTTATCCCTCCGCCTTCTCGACGAGAATCTTGAAGTGTCGGGCGTCCGCCTCCAGCGGCCCCTCCTCCAGGATCTTGTGGCCGTCGTTTCGCAAACTCATCGGCACATTGCGGATGGGCTCTCCGGCGTCCAGCCACACTTCAAGCCGTTCGCCGTCCTCCATCATTTCGAGTTTCAATTTGGTCTTCACATAATTCATCGGGCAGGCCACGCCGCGCAGATCATAGACCGGCGCCTTGGGGGCCTCTGGCACAGCCTCAGGTGCGGCAGCCTTCGGCGTCGCGGGCGGGAGGGCCTCCTCCTTGACCTGCGTCAGCTTGAGATCCTTGCCCATTTGCTCCGTTGCGGCCCGGCAGACCTCGAGGAATCGCTTCGCGAAACTCATCCGTTCCGTCGCCTCGCCGACCGTCGCGTCCTTGGAGCCGAGATCGCCGACTTGCTGTCCGAGGTTCATGTAGGTCGCCGGCACGATGCCCTTGCTCGCGAGGCGCAGATCGAACTCCTGGAATGTCTCAGCATCTGTCGCCGGATCGAGGCCTTCCGTCACCAAGAGGGCC
CP054184.1_gap50	2142036	2145474	3438	AAGCAGATCCTCCATCGAAAATCCAGCGGGAGCTGTCCTCCCTTGACCGATTCATCACCGATCACACATGGGCTACTGGCGAATCGTGGTCGATCGCAGGCTGATGCGCAGCGACTGCACGAGGCTTCGGGATACGACCATAGGCGTTGCGTATCGAATCAAGGAGGACCTGATGAGTACGACACCCGACGACCAACCGGGCGTCTGAAATCGTCACGGGCTTATAGGGCAGGAGGTACCGTCCCTTCAGGACCGCAATTCGGGCAAGGGATTGCTCCAGCCGCTCCTGCGTGATCCGACCGTCCTCCACTGCCCGTTCCACGGCCTGGATGGCCGTAACGACTCGTTCTTGATCTTTACAAATCAACAACACATCGCAGCCTGCCACAAACGCCCGCACGGCTGCCTCACCGATGCCATCGTGATCGATGATGGCGTGCATCTCCAAATCGTCGGTACACACCACCCCCCCGTAACGAAATTCTTCTCGCAGCAAGCCTTGGATCACGGTCGAGGACAAGGTAGCCGGGGATTCCGGGTCGAGTGACCGATACAAGACATGGGCGGTCATGAGGCTGGCCACCCCTTGTCGAATCGCTTGCAGAAACGGAGGAAACTCGATCTCTCGCAGCCGGTGGAGTCCTGCATCCACGACCGGGAGTTCCTTATGTGAATCCACGGCGGTGTCTCCATGGCCGGGAAAATGCTTGCCGCAGGCAATCACCCTGTTGTCTTGCAACCCGCCGATGGTGGCCAGCCCCATTTCTCCCACCACGCTAGGCCGCGAACCGAACGCCCGATCGCCAATCACCGGATTGTCAGGGTTGGAGTTCACGTCGAGTACCGGCGCCATGTTCATATTGATGCCCACCGCACGCAGTTCTTTGGCAATGGTGGCCGCCGCCGAATAGGCCAGCTCAGAAGAATTACAGCACCCTAGCTGCTCGGAGGGTGGGAAAATCGTAAACTCCGCCGGCAGGCGAGACACCCGCCCACCTTCCTGATCAATTGCGATCAGCAGGGGTGAGGCAGGCGAGAGTTTCTGCAAACCGTTGGTCAGATCGACGATCTGCCCGACCGACTCAAGATTCCGCTTGAACAGAATGACCCCGCCAGGGCGAACGGCTTTGAGAAAGGATGCCAGCTCCGTAGACAGGCTGGTCCCGATAAACCCCACCATGAACAGCTGACCGATCCGTTCGCGCAATGTCATGACATCCCTCTCCGGCACCGCTGAGCAACTGCTCGACCAGCGGCACTCCCGCTCAGGCAACGCATGTTCATCTGATCACGAGGCCGGCAGGGTGCGATTGATCAAGAACTGAATCAGCAAGCGGGTCCCGATCCCCGTGGGTCCCTTCGGGATATAGGCTCGCTCACGCTCGCTCCAGTCGGTGCTGGCGATATCCAGATGGATCCAGGGATAGTCGCCGACAAATTTGCTCAGGAACAGGGCCGCCGTAATCATGCCTCCCCCCCGGCCACCAATGTTCCGCATGTCCGCCACGTCACTGCGCAGCTGCTCGAAATAGTCTTCCCACAAGGGCATCTCCCACACCCGCTCACCGGCGTAAAGACCGGCTTGGCGAATATCGTCCTTGACCTGATCGTGCGTCCCGAACATCCCGATGGCAAATTGACCCAAGGCCACCACGCACGCTCCTGTGAGTGTGGCGATATCGATCAACACCGCCGGCTTGTACCGGGTGGCGTACGCCAGCGCATCGGAGAGAATCAAGCGACCCTCGGCGTCGGTATTCTGCACCTCCACTGTCTTCCCCGACAGTGTCGTGACAATGTCGCCCGGTTTCATGGCGCGGCCGCCCGGCATGTTTTCCGCTACCGGCAAGATACTGACAAGATGGACCGGCAGCTTCAGTCGCGCGGCGGCCCGCATCGTCGCCATGACTTCGGCGCCTCCGGTCATGTCGGCCTTCATGTGCTCCATGTTTTCGGCCGGCTTGAGCGAAATCCCGCCCGTATCGAAAGTAATCGTTTTGCCCACCAAGACTACGGGCTGCTCGCCCCGTTTGGCCTTCGGATTCTTATATTCGAGAATGATGAACTTCGGCGGTTCATGGCTGCCTCGCGCCACGCCGAGCAGGGCTCCCATGCCCAACCGTTCCATATCGCGTTGTTCCAGCACCTTCAGCGTCACACCTGGTTCTTTTGCCACCACCTTCGCCTCATGGACGATTCGGGTGGGCGTCATGACGTTGGAAGGATGGTTGCAGAGGTCGCGCACCAACACAGTGGCTTCCGCTGCGGCGACTCCGCGCCGAACCCCCTCGGTGACCATCGCCAGCCGAGCCTGCTGCGCGGTGTAGATCGTTACGCGTTCGACGGCGACCGACTTGGGCCCGTTATCGCTGCGATATTCCGTAAACTGATAGTTGCCGAGAATGGCTCCCTCCACCATGGCTTGCGCCACCTGAAGGGGAGAGCAATGGTTCGGCAGCACCTCGGGCATGGCGACCGCAAAGGCGCGCACTTTGGCTTGTCGCACACGTTTCACTGCGGCCCCCAAGGCTTGGCGGAACGAGTCGAGCCGCAGATCTTTTTCCTTTCCGAGGCCGACCAGTACGACACGAGTCGCTTTGGCTCTGCCCTGCCCATGAACGAGCAGGGTTTCGCCCAACTTACCGTCGAACTCCGCACTTCGAACCAATGTGGAGAGATGCCCCTCTAACTGCCGATCGACTCCGGCAGCCTCCGGCGCGAGCGCGCGCGCTCCCTCGCACTGAAGCAGGACGAGCGCCTCGAGTGTTTCCTGTTCCACGTGCCCGGTCCGACCATCAACCTTGATCGTCTTCATCAATCCTCCGCATGACGTGCATCTTAAGACTTCCCTCTCGGCCCGATCTCTCGCGCAAGCGATGGACCATCGACCTCGCCTGGTTATACCCCACGCATGTCCGGTGCCCAAATGTATTTGTGCATTTGCAGTTGGAACCGCACCCGCAGCCGATCCCCCAACACCCATTCCGCCAGGCTGCGAGGTTCGAGTTCGCCGAACACCGGACTGAACAAGACGGGACAGGTGGCGGATAGATCCCGCTGACGCACCATCTCACGCGCCCATTCGTAGTCGGCTCGATCCCTGATCACGAACTTCACCTCATCTTGAGACGAGAGCCTGTCGAGGTTAGGCCAATGCATTCGGTCACTCATTCCGCTGCCTGGGCACTTGACGTCGAGGATCACGCGGACCCGCCGATCGACTACGGCCGTGTTGATCGCCCCGCTGGTTTCCAGCAGCACCTCGAATCTCTCATCGCAGAGTCGGGCCAGCAGTAGAGGCGCATCAGCCTGACTGAGCGGCTCCCCCCCGGTGAGTTCAACGAGGTCACACCCGAAGGTCCGAGTCTGAGCCACAATGTCCTCAATGCTCATCTCACGGCCTCCATAAAAGGCATAGGCCGTATCGCACCAGGTGCA
CP054184.1_gap51	2210433	2214710	4277	CTGTTGGAACAATTATTCCGTTTGCGATGGGTCACGCTCGTGGCGTTGGACCCGCAGGACAACCGCTTTTATCACTACGACCCTTCCGGCGAATGGAGAGGAGGAGACACGAACGATGCTCGGGTTCACACTGCATCCCATGAAGGAAATTAAGATCGTCGTGCAGGGCGATCAACTGAAGTTTGTCACGGAGGTGCTGGATCGGGTGGGAGCCACCGGCTACACGATCATCAACAACGTGTCCGGAAAGGGCCACCACGGATTCCATGAAGGCCACCTGCTGTTCAATGACACCAGCAGCCAGGTGATCGTCTTCACGGTCGTCCCGGAAGACAAGGTGGAACCGATCCTGGCCGCACTGGGACCGCTCTTCAGCAAGCACTCCGGCGCCATGTTCGTGAGCGATGTGGCCGTCAGTCGGCGGGAACACTTCCTCGCCAAGTAACGGCAAGGGTGTGGCCGGCGCCGGATACCGGAAGCCTGCGGGATTGATTGCGCCTTGGACCACTACCGGCACTGCCTTGTCCGGCCACGAGGCCTCGGCTCGGCCCGAATCCGGACCTCATCTCCATGTCTTCACCCAAACGTCCACGCCATAGCGCCTCGCCCCCCGTCCTGCAGGAAGCGGCCGCGGCAGAGGTCTTGGCCTGGGTCAGCACCTGCATTGAGGACGGCCTCTGTCTTATCTCCCAGGGTATCCTGATCTTTGAGAGCCACCGCTTCACGGACCTCCTCAGAGCCGTCAGCGTTCCCGAGGCCGCCCACGGAGAAGTGGTAGCCCCAGACCACCGACCCCTTCGAGGCCGGCTGTTTGCGGAGGCTCGCGCCTGGAACCAGGAACCCCTTGGAGCACAAGGCTCCAGGGAGTATCGGTTCACGGATACGCAGGGCCGTCCATTGCAGTATGAATGCCGCTACACGCTCGTGCCCTATCACGGCGAGACCGGCGTCTTGCTGGCATTGCGGGACGTCACCGGACAAGCCCTGCCGGTCCAGGAGGAGTCGCAGGCGGTGCGGTTTCAATCGGTGCTCGCCCGCATCGGCGCGCTGGCGGTGAGTGATGCCCCGGCGCAGGAGCTGATGAACCAGGCCGTCCGATTGACCGCGGAGGCGCTCCGCGTTGAACTGTGCAAATTGCTCATCCCGCGCGAGCCCGATGACCACTTGGCCGTCATGGCCGGGGTCGGCCTCAAGGAGGAGCTGATCGGGAAACTCACCATCGAAGGCGGGACCCATTCGCAGGCTGGTTACGCCATCGGCAAGCGCCTCCCGGTCGTCGTGCGCGACCTGCGCAAAGAAACCCGCTTCACTCCCTCGAAACTCCTGACAGAACATGGAGCTATCGCGGGGATGTGCGTGCCGATGCTGATTGAAGACCGGGTGTACGGCGTCATGACCGCCCACACGCGACAGGTCCGGGACTTCTCCGACTCGGAATTGGAGTTTCTCTGCTCCGTCGCGAACACGGTCGCGACCGTACTGGAGCGGCGGCGGCGCGCGGATACGCAGATGGACCTCTATCACCGGCTATTCATGTCTGCACGAGACGGCATTATGCTGACCGACACCGAAGGGCGGATCCTCGAATGGAACCCGGCCCTGGAGCGCATGACGGGGTGGACGCGCGAGGAGACGCTGGGGCAACGACCGGCCATCCTCAAATCCGGCAAACATGCGCCGGACTTCTACAATCGCCTCTGGCAGGCTATCCGCTCCGGCCGTCCATTCGTCGACCGGTTCATCAATCGCCGCAAAGATGGATCGGAGTTTCTCGTCTGGGAAAGCGTCAGCCCCGTGAACGATCGTGACGGCACCACCCAGTATTACATGGCCATCCTGACGGACCTGAGCGAGCGCGAACAGATGCTGGAGGCGCTCCGACATACCGAGCAGGTGAAACTGGTCGGACAACTGGCGGGTGGGATCCTCCACGAGATCCGCAATCCCTTGATCGGATTGGGCAGCCTGGCCACGCACCTCGCCGCTCAGGACACGCTGCCCCAGTCTGCGCGAGACCGATGCAGACTGATCGCGAGAGAAGCGGCGCGGATCGACGAACTCCTGGAGTCCCACCTAGGACAATTACGGCCTCGCCCTTTTGATATGCGCCCTTGCGACCTCACCTCTTTGCTAGACGATGCGTTGACCCTCTTGAGACCGAATCTGGTCAAACACGGGATCGTCGTACAGAAGATCGTCGCGCCCGACCTGCCGACCGTGGAGCTATCGCTTGCCCACATCCATCAGGTCTGTCTCAACATCATGCTGAACGCCATCGACGCCATGCCGAACGGCGGACAACTCATGGTCGGGGTGCGGCTCGACAACAGGCAACGCCCCGGCCTGCTGCTGTCCTTTGCGGATTCCGGCAAGGGCATCCCACCGGACGACCTGAAGCGCATTTACGAGCCCTTTTTCACGAGCGGCAAGGCCAAGGGGGTCGGCCTCGGCCTGACCATTACGCAGGACATCGTCGAGCGGCATGGGGGCCAGTTGGCCATCAACAGTCCGCCCAGCGGCGGCGCGGTGGTCGACATTTGGCTTCCGTTGCATCACGAGGCCTAACATGGCATGGCAATTACTGTTGGTCGAAGATGAAGAATCGGTCCGCGAGGCCTTCGTCCTGCGCTTAAGCGACCACGGCTACGTCGTCAAAACAGCCGCCTCAGGTGAGGAAGCCTTGGCCATCCTGCACTCCTTCGAGCCCGATATTCTCGTGCTGGATCTCGTGATGCCCAACCTCTCCGGCCTCGACGTGTTGGCACGTGCCAAACAATCGTATCCTTCGCTTCCAGCCCTGGTCCTGACCGCGAGAGGAACCGTCAAGGATGCGGTGGAGGCCATGCGGCTCGGCGCGTTCGACTTCGTCGCCAAGACGATCGACATGGAAGACCTGCTCCACGCGCTCCGACGGGTGACGACGTACCTGACGTTACAGCGACAGGTTCGCTTGCAGAGCGGCCGAGACGCAGCCCGCTATGCGATGGATCGTGTCATCGCCCACAGCCCTGTGACCCAGGCGTTCCTCGCCCAAATACGCGAATTGGCCAAGAACGATCGTGTCACCGTCCTGCTCCAAGGCGAAACCGGAACGGGCAAGCAGTACATGGGGCGCGTGATCCATTTCAACAGCCCGCGAACGGACAAGCCTTGTCTGGAGGTCGACTGCCCTTCCATTCCTCGCGACCTCTTCGAAAGCGAGTTATTCGGGCACGAGAAGGGATCGTTCACCGGAGCCGCCGGTCGCAAATGCGGCCTGATTGAGATGGCCGATGGGGGCACGGTGCTGTTCGACGAGATCGCCGATTTACCGCTCCCGCTGCAAGCCAAATTGCTGCGCGTGCTCGAAGAGCGGACGCTCCGCCGGGTCGGTGGCTCGACGTCGATTCCCGTCGACGTCCGATTCATGGCGGCGACGAACCGGGATCTCAAAGCCGCCGTGGCGCAGGGAGACTTTCGGGAAGACCTCTATTTTCGGCTGAACGTGGTGACGGTCACCGTTCCGCCGCTACGGAGTCGAGGCGACGATATCATTCCGTTGGCAGAACAGTTCTTGTTGCGGTCGGCGGTGGAGCTGAATAAACCGGTGCGCGCCCTTGGACCAAGCGCGCAGTCGTTGCTTCGCCGCTATCCCTTTCCCGGAAACGTCCGGGAATTGAGCAACGTGATCGAACGGGCCGTCCTCTTCAGTTCGGACACAACCTTGGAGGCCACCCATTTCCCGCCCGACATTCAAGACCACCCGGTCTCGACCGGCAAACACCAGGACACACCGTCGTCGGTCACGGGACGGGCGGATTCGGAGACCGTGCGGATCGACTTTCGGGTCGGCGAACAGACACTCACCGATCTGGAGGACCGCATCATCACCGAAGTGTTAAAGCGTTGTGAGGGCAACAAGACCCTCGCCGCAAAGCATTTGGGCATTACCCGGTGGAAGCTGGATCGGCGCCGAAAAACCTAAGCCGCTTGGGGGGTATGGCACGACAACCTTGCGCCTCATCTGCCGATTAACCAATTGAAAAACAATTATTTTTTAGACCACTGCCATCCCCACAAAAGATACAATTGTGTTTTTTTAGCAACATGCGCCTAAAAGGAAATGTTTCCACAACTCATTAATTTTTAATACATTTTATCCATATTCATAAATGGCACAAGCATTGCTAAACTCTGGATCCGCAATATTGAGGAGGCCCCAGTGCGGTTTCAGCAAACCATCGGATCGTCTATTTCTTGTTCAGGTGTTGGTCTTCATTCCGGGCAGCCGGTCACGA
CP054184.1_gap52	2215779	2218318	2539	CATGCCCTGTTCGCCCACTGCTACTCACACTGCGGCCGTCAGCTCCTGAGCCATGACGGCAAAGGTATTCGGCCCGACCTTTTGGAACCGCTTATCCCGTTTCAATGATGTCGCCACCGAGGTCAGCGGTGTTTTGCCCTTGATCTGCAACCCGCCCTCGAGCAGACGTTGCAGCAACTCTTTAGCATGCATGGGGCGGCTCGCCTCCCGCAGAATCTGATAGGCAGCTTCGGGCACACTTTTGCCGACGTACTTGCTCTTGCCCAGCAAAATCTCGCGGGATTGGTCCGTCACATCCGTGACAGGAAGAGGACGGATTCCCTTCTCGTCCGTGATGATCTGACTCGACAAACTCGCCAACTTCGCCTTGTCGGCCTCCACTCGATACAAAGTTTCGGCCAGCTCCAGATATTTCTTGATGGTCGCAATTTCGTCGTCGAGCCGTCGCCGCTTCTTCTCGAGCTCCTGATAGCGGTTGCGGTAGGCACTGATCCGCTGTTCGAGGCCGACCAAAATGTCTGTTAATTCTTCCACAAGCAATCCTTAAAGAAGCATACTTGCTTATTAGCAAATCTTTTAAATTGTGTCAAGCTAGCTGTAATTATAATTTGATCGCATACTCCGCATACTGAACAAGAGTGCAATCAATGCCTTTTCAAGCCTTGTCATACAAGAACAAGCTATTGTAACATCTTTTATTATCAATATGTTACAATGCTACTCCGAATAAACGAGATCGATGGAACTAGCTTCCCCACGTGCACCAAGGAGACTGTCACGGAGATGCAGACCACAGAGAGGATGCTTCCCCCGGATTATCCGGACCTGATGGCCACTGCGGTTCAGGCGGCCCAACGGGCAGGGGAGACCCTGCGCGACTATGCGAAGTCCGGCTTCCGCATCCATTACAAAGCCGCCATCAACCTCGTCACCGATGCCGATCGCCAGGCCGAGGAATGCATCGTTCAGACCATTCGCCACACCTATCCCTCCCACCGCATTCTTGCGGAAGAGCGCGGCCAGGACGGGACCGCACCTTCGCCCTATCAGTGGATTGTCGACCCGTTGGACGGCACCACCAACTTTGCCCACGGCTTCCCCTTCTATTCCGTGTCGATCGGGTTGGAATACCGAGGCCAGTGCGTGTTGGGCGTCGTGCTGGACCCTGTGCGCGGCGAACTCTTTACAGCCGGGGTCGGGCAGGGAGCCTTCCTCGACGCAGAACCCCTGTCTGTCTCCGCCATCGATACACTCGACAAGTCCCTCCTGGTCACGGGTTTCGCCTACAACATTCGCGAAACGGCGAACAATAACCTCGATCACTTTTCACATATGTCGCTCCGGGCGCAGGCGATACGGCGTACCGGTTCCGCGGCACTCGACCTCTGTTATGTCGCGGCAGGACGATTCGAGGGGTACTGGGAAGTGACTCTGAGCCCATGGGATATGGCCGCGGGCATCGTCATTGTGCGGGAAGCAGGAGGGAGAGTCTCCGGGTTTGCTCATGAACCCTTTTCACTGTACGGCCGAGAACTCGTCGCTACCAACGGCCGTATCCACGAGCAACTCCTGGCGGCACTGCGCCGGCAAGACGCTCGTTAACTGAAGCGCCCGCCCGGTCATGGGCGGTGCAACCGCGCCATATACAGCGTCACGACCGATGGAGTATCATGCCCCATCCACAGCGCTCTCCAAGGAGTACAGCGACATGGCCAGTCAAGCGCCTCCACCGAAACCCGGCGCCGCTCCGCCGCCTAAAACGCAAGATGTGTGGGACGTTGAGTTGCTCCATGTGCTCGTGTCGCGCAAGGGGCAGTCGGTGAATGCCGAATGGGCGATCCATCCGCAGATCAAGGCGGATCTCAACGCCGACGAGTGGAAGGAACTCGGGGATTTGATGCGAAAGGTCACGACGATCGTCGGAAATCGATTTTCTCAAGTGCTGAGCAAGGCCGAACCACCTCCCCCGGGCAACGCCTGACAGCCACCGCACTCAGCGTCGACAGCCGGTCTCCGCGCAAGGCTTCCCTTGCACGCACCATCTACTGACCCTGCGAGGTAATCCATGGAGCATTATTACCACTCGAAAGATCTCGGCAAATTCTCGGAGATGGGCAAGGGCAACCCGGCGCTCTGGGACAAATTCATGGCGTACTACAATGCCGTGTTTGCGGAAGGTGCGCTCACCGAGCGCGAAAAGGCCTTGATCGCCCTAGGCGTCGCCCATGCCGTGCAGTGTCCTTACTGTATCGATGCCTACACCCAGACTTGCCTGGAGAAGGGATCCAATACCGAGGAGATGACCGAGGCCGTCCATGTGGCCTGCGCCATCCGAGGCGGCGCCTCACTGGTGCATGGTGTGCAAATGCGGAACGTCGCCGAGAAACTCTCGATGTAAGGCGTTGCCGGCCACGTTACCAGTGGGGATGCTCAGGAATCGCGAGGGCGAAATATTTCCCCCGCTCCTCGTAGAGGATGCGCTTGGCGGTCAAGTGCGCCAATGACTCCACCAGGGCGCTGTCCGACAGGGCATCGCCGT
CP054184.1_gap53	2232982	2234208	1226	AGGGCTTGAGCGCAGTCTGGCGGTACTCCTTGATGCCCAGTGCCATAAGTTCTTTTGGGTAGCTGCCACGTTCGGGGAACTGAGCCAGCCCCTCCACGACCACCATCAACCGGTCAAGCACGTCGTTGGCGTTGGCCACGCAGTCGAATTCAGCGATGTAATCGCAGATGGACTCCAGGTCCTGCTCCGCGCCCTGGGTGAGCAGAACCTCGTAGCGCTTCGGTCTGCTGACCATCAGGCCGTGGTCCGCTTTGCGCGCAGACGCGCCACCACGCCGGCCATAGGCTTGACCCGGCCTGCCTCCACGTCCTGGCTGCCAAGGGCCAAAATCTTGAGCAGCGCCAACGTCTCCTGGGTTTCCTCAAAAGACGTGACATCCTGCAGCACGGCCTTGGCTTCGCCGTTTTGGGTGATGACCAGGGGTTCGCGCTGCTCGGCCAGATGCGTCAGCACTTCTGCAGCGTTGGCCTTGAGGTAGCTGATCGGTTTGACCTGCGAAGAATAGCGCATGGCGTTGTTCCTGTGACCCAATATGGACTAAATATAGTCTTTATCCAGTCTGATCGCAACAGCGCTCGATCCATGCTCGATGCGGGCACGATCATCCTCGGTTTCGTAAAGCGGACATTCACCGGACTGCGGCTTTTGGAGTTCAGTCCTATCAAAGCCATCTCTTGATGGTTGGCAGGCAAGTTCGGGGTTCGTCTAATCTGCAGGGGATTGGGGCTTGAAACACGCACCCAGGCTGCCGCAGGACGGCAGCAACAGCCTCTTGTCGCGCAAACAAAACGGCAGTACCCACAGACGCAGTGCGGCAGATTTTGGGAACTCGAATACGGGCAACGCCTGGGCGAAGGCATCCGTTTTGGGATAGATCAGCACCACGTCACCTTGGCCATCGAGATAGTTCTGGCCGTAGGCATACAGCTGATAGAAGTCGCCCTGATCCAGCTCGTACTTGCCTGAACGGTTGGCATTGAGGCTGTCGATCAATTTCCACTTGGTGTCCAACACCAGACGGTTGTCGCCCGAATCCTGAACGAGTACATCGGGTTTGAGCAAGAACCAGTTCTGGCCTTGATGTCTGACCAGCGAGAACTGTCGTGCCTGCGCGCGCAGCGTGCAACCTGACCGTAGTTGCCGGGCCAGATGCTTGGCGACGAAGGCCTCGAACACGGTCTCCATTGGGAACAGCAGAGACGGTGCACGATGATCGCCGCTGCCGG
CP054184.1_gap54	2315423	2317538	2115	TGCCGTTCCATGAACGAGGCGATGGCCGGATAATTCCCATCGATCCCCAATTCCACGCGGCAGGCTTGTGCGACCAGCTCGCGCACGTACCAGAGGCGCACGGCTAGGAATTTGACCAAGCCGACAGGATAGGCCTGTTGCCAGGCGTAGCCGGTTTCCTCCGCCCGCCACTTGATGAATCCGGCCCAGCCGGGCAGGGCGGCGAGCTGCAACGCGAGGTAATCCTGTCGGAGCTCCATCGGGATGCCCAAGGCTTCCAGGCACTCGATCACGGTGTCTTCGGGATGCTCCGACAGGGCGGCGATTTTTCGCCCCGCGTCCGCGATGCCGCAGGTCATCCACTCCTTGGATGCGAGCGCCTTCCAGGCGGCATAAAACCCCTGCTCCCGGCCGGGCATCGCCCACGTGGCATGGCCCTCGTCCAGGAAGGCCTCGCACCACTTGATGAGTTCGCCATTGATCTGTTGGCCGATCTGGGTCCCCAGCGTGCGGTCGCACCAACTGGAGAGCGTGAGTTCCTTGCCCAAGGCGGCCAGCTCCTCGCGCACCATGTCGGCCATGCGGTCTTGGAAGGACGAGGTCGGTAGGGTCGCCAGGTGCTCGGCCAGGCCCTCGATCTGTTCCTCGTGCGGTTCGCGCTCCATGAGGCGGTCGAGCGGTTCCTCCACCGGCGCGGAAAGGCCGTGAGTCAGGCAGGCACGCAGGACCTCGCGATGGGCGATCACGCAAGGGCCGAGCGTGACCTGTTCGTCACGCGCCAGGGGAGCCAGCGCGCCCTCGATGTGGCGGACGAGGATGCGCCCGCTCTTCACATACTGCCGATAGACGTCTCCGGACAGGTACCCCTTGCCGCCCAGGAATCGCTCGCCACGGCGCACCGTTTCCGCGAAGGGCAGGTATTCCAGGCTGTGCAAGGGGTTATGGTGCACGAACGTCCGCATGGGCCAGTACTGCGCGATCACCTCGCTGGCGAGGCGGATCATGCCGCGCAGCTCCATGCGGCGAGCTTCGAGGTCGGCAGGATGGAGGCCGGCGGTTATGGAGTCCATCCGCTTCCCTCCATTGCGACCGAAAGCGGCACGACAGCCTCGCTCGATTCGAACCAGCGGGCAGGCGCCGTGCCGAGCACCAAAAGGAATAGGAGCACCAGCAACAACGACGCCCACTCCGTCCCGCGTAGATCCTCGTAGCGCAGGCCAGGCTTGGTTCGACCGAACACCAACTGTTGCGGGAGGTCGATGGCGTACCAGGAGGCGCTGAGCCAGGCGATCACAATGAGAGCCAGCGACGCCGAGGGCGTGAAGGAGGGATTCAACAACAGGCCCAGGAATCCGGCGTAGACGCCGAACGGCGGCATGCCCAGTGCCGCGAGCGCCAGCAACATCAGCACCGTGCTGAAACGAGGCATGGGGTAGGCCATGCCGCCGAGGGACCGCAGGTCCATATCTCCATAACGGGCGCGGATGCTGTACCAGGCCGACACCAGCCCGCTCGTGGCGAGGCCCACGGCGCCGACAAACACCAGGGCTTGAACCGGGGCGGCCCCGGTCTCTCCCACGTACCACCAGAGCATGCAGAAGAAGGCGACGGCGCCATAGGCGAAGCGCGGCAACGGTCGGCTTTGAATTAGCGCGCGGAGCGAACCGTAGGCGGCTCCCGCCAGGGCCAGAATCGACAGGGTGCGCAAGATCGTCGGCGACAGGCTCGGCAGCAGCAGATACAACTCGTGGAAGCCGAGCACGGGCAGGAGGAATGCCAAGAAGGCGGGCAGATTGCCCGGCAACCCGGTGAGCACCGCGATGTACCCTCCGTGCAGAGGCAAGAGCGGGAACAACGTCGCACAGGCGATCAATGCGGCCACCGTGGAGGCGGGCTCCGGAAGGAATAGGCTCGCCAGGGTCGTGACCACACCGAGTCCATAGGAAGCGAGACCTCTCCAGGCGGTCAGGCCGCCTTCCTGGTGCTGCGCAATCAACGCGCAGAGCAATCCGAACAGCAGCAACAGGAACAGGTGATGCGTCGAGTCCAGCGCGGTGAGCGTGCCGAGGCCCAATCCCAAGAAGAGCAGGGTCATGGCCCAAGGCCGCTGATGGCTCGGATGCAGGGGTTGGCCCA
CP054184.1_gap55	2321619	2322186	567	TGAGCTGCTCGTCCTAATGCTCTCTTCCCGTCCGCTCCTCTCTTGACCGACCCGCCTCACGGTATCCAATTGGATACGGCGTTGTATCTGAGCCGATACAACCAGTCAGCCTGCTATCTCTCAACCGACAGGCGGAACGTTCCGATTCTCCTGCGGTTTATACGCTACGTAGTTGGCACAGGAGATGCTGACTGTACCTAGTGGCCTGTAACAGGTAATTGTGTACCGATACGCCGAGACGGATCACAGTATTTCCACTTCACGATCTTGGGGGCCTTATTATAGTGACGGATGTAGTGCATCAGTTTCTTATCGAGGTCTTTGACCGACGTGAAGACGCCCCGCGCGATGACATCGCGCTCGATCTTGGCGAACCAGAGCTCGACCTGGTTCAGCCACGACGAGTACGTCGGCGTGAAATGCAGGTGCGCCGTCGAATGGGTCTGCAGAAACTCGGTGACCCGCGTGGTCTTGTGCGCCGAGAGGTTGTCCGCAATCACATGGATCTCCACGCCCTTGGGTTGATTGGCCACGAGGTCTGTCAGGAACGCGATGAATTGCTCGGAG
CP054184.1_gap56	2324200	2325235	1035	TTACGGGATTTCAAGATCGGGCAGTACAGCTACCTGAGCGGCTTGGATGGAGAGGCGTCGGACGATCAAGCTAAGCGCACCAAGTCCAAAGAGGACAATAAGGAGAAGGATAAAGACAAGGCGGAGGGCAAGGGACGGCTCCGGGACATCGACTCCTACGAGCGGCCGGAAGGCCCGTCCCAGCTTGATTATGTGCGACGGTTGGTGGCGCGTATCGAGGCTGAGTCCAAAGATCCGGCTGCGGGTCAACCTGGTGGAAAGGAAGTGGGAAAGGTGAGGGCCATCGGGATCCTGGGGCGAGACCCCTACGATGCGCTTCTGATTCTCCAAGCATTGCGGGAGCAGTTCCCGAACGCCCTGTTCTTTGCGACCGATCTGGATGCACGGTATTTCCATGAGGACGAGCAGAAATGGACGCGCAACCTCATCATAGCCTCCCAATTCGGTTTGCAGCTGGAACCCTCGCTGCAACAGAGCATCCCGCCGTTTCGCAGCTCGCTCCAAACCTCTGCGTTCTTTGCAGTAATGCGCGCGATTGATCGCGTCGGATGTCAGTCATCGGAAAAAGGGCGCCAATTTTTCATCTCAAGTCATGGTGTCGAACATGCGTATGCGACGGAGATCCCGCCCCGCCTTTTCGAAATCGGGCGCCATGGCGCGGTTGATCTGAGTGCGGATATTCCACGCAATGGGGACAAGAGCATCCATCTCACGAGGGTCGATCTTGCCGATGATCAGAGGTCTCTCAACCTCCCGCCGAGAATCGGATCACTCTGGATCGTCGGGCTACTCCTAGGCTTCCTGGTCCTGTGGGGCTATGGGCGGCTTTGGAATTGGTTGACGGCATGGAACGAACCGGATTCGACCAAACAGCCCTTCTTGTGGATCCTGCGTCGTGTCTGGGTCTTCATTCCCGTCATCCTGGCCCTGTGGTTTTGGTGCCAGATTGCCCATTTTTCCTATGCCGAAGAAGAACCGTTTTCCTGGTCCGACGGCGTGAGCATCTGGCCCACGGAAGGCCTGCGACTATTCGCC
CP054184.1_gap57	2334603	2337103	2500	GGGACCTCATCCTCGCACGACCGCAGTTTCGTCGAAGATATGCTGCGCGCCGTGGGCAAGGGGACGACGCTCACGCTATTCACCGATGAGTTCCGTTGCCCGGTTGCAGCGGGCCCCTTGGCGCGGGCCCTGTGGGAATTCGCTGCGCAGTCGACTCCGGGTCTGTACCATCTGGGCGGCAGCGAGCGGCTGTCGCGCTGGGAAATCGGAGAGCTGCTCTCATGGATCTATCCCGCGCTTCGCGCCCACATTCAGCCGGGCTCCGTGGCCGACTATCAGGGACCGCCTCGCCCGCCGGACCTCTCGATGTCGAGCGCGAAGCTGCAGGCCCTACTGTCGTTCCCTCTGCCGGGTTTTCGCCGGTGGATTCAAGCGGGCCGAGGCAGCAAGGAAGACCCCTGGGACGACCAATCCGCCGGATGAGGCCTGAGATAGCCTTCCGTCACTTCGAGAGCGAGCGAACATACGCCAAGACGTTGTGGATGTCCTGCTCCGAGAGGATCCCTTTCCACGAAGGCATGTTCGGTTTGCCCTCGTGAATCGTGGCCAGCAGGGCGGAGTCGGGTTTTTTGGTGGTCGAGGGAGCGGTCAGGTTGGCCGGATCAGCGCCCAGCAGCTTGTACCCGTCACCCTGCCCCTGCGGGCCATGGCAACCGGCGCAATGCCGACTGAAGAGGAGTTTGCCCCTCGCGGCATTGTGGGCTTCGGACGGAGCCTTGTCCTCGGCATGGGATGGGAAGGGCATCACCCACGCTGTGAATACCGCTACGATCGCCAGTCCGCTCAACGCACCTTTTATCATCTCACCGTACCTCCCGGGTTTCCGTTGTGCTCTCTTCCTTTCGACCTCCCATCTTAACCACCCGCCGGTCACTGTTCCACGAAATGTTTCGACCATCTGCTTGCGGTAGAATCCGACGACCGATCACGGAGGACCCCGATGGATCCGCTGACCCTGCTCCTCCAGGCCTGGATGGCTTCAGCAGCGCTCATGGCTCTGCTGTGGCTGGTGGAGCGACGTCGTCGCAACGCAGCCGTGGCCGACGTCGGCTGGTGTTACGGACTGGCCGTGGCCGTCTGGTGGTATGCGGTCAACGTATCCGGTGAACCGGCCAGACGGCTCTTGGTGGCGCTGATGGTCTGTCTCTATGCGGTGCGCTTGGGCACACACGTGCTGCTCGACCGAGTCTGGGGAAAATCGGAAGACGGTCGTTATCGACGGTTGCGGGAACAGTGGGGTGGCCAGGCCACGGTACGGCTGTTCTGGTACTTCCAATTACAGGCGGCGGCCCTCGCGCTGCTCTCCCTGCCGCCCTTGATCGTGATGCAGAACCCGCATCCGCCGTTCCACCTGTGGGACTTGGTGGGTGTGCTGCTGTGGGCGGTGGCGCTGGTCGGAGAAACGATGGCCGATTGGCAGTTGGCCTCCTTTCGAAACCAGCCGTGGAACAGGGGCCGGGTGTGCCGTGTCGGCCTCTGGCGCTATTCCCGTCACCCGAATTATTTCTTCGAGTGGGTGCAGTGGTGGAGTTATGTGGTGATGGGCTGGGCCATTCCGACGGGGGGCTGGGGCTTGACCGTGATCGGTCCCCTCGTGATGGGGGCGGCGCTCTGGAAGGTCACGGGTATTCCCTGGACGGAAACGCAGGCCATGACCACACGCGGTGAGGAGTATGCGCTGTATCGCCGTACGACGAATGCGTTCTTTCCCTGGTTCCCCCGCCGGCCCGGGTGACAGGGGGTCAGGGTTTCTCGGCCAGTTGCGCGAGGCGCGTCTTGGCGGTCTGCGCGGCGGGGCTCGCGGGGTATCGGCTCAGGATCTCTTTGTAGATCTCGACGGCGTGGGCCTCGTTATGTTGCCGTTCCTCGAATTGCGCGGTCTCCAAGAGTTCCGCTGCTTGGTCGGAACTGCAGGCTGTTCCTGCGAGGAGGAAGACGGACAGGATGCCGAAGGCCGATCTAGTCATGGTCATAGGACAGCTCCTTGGTTCGATTCGTCGCGGATGCCGTACCGCGGGGCGGTAATGGATTCGCTGCGGCAACGTGGGCAGCGGCTGGGGCGGGTCAGTTTCGTGCGATCACGAAAGGTAAAGCCGCAGTCCTGGCACGTTGAAGGTTCGAGAATGAAAGTGCGCGTGCGGTCGCGGGCGAGTGTTTTGACCACATGCGACAGGTGGTCTTCCACCTGCCGTTCCGGCATCCCCAGCAGTTGTGCCAGTTGATGCGACGAGAGCAGCGTGCCGGTGAGCAACTCGATGAGGCGGCGGCGTGGCGTTTGCGCGGGCGGTAACATCCGCTCACCATCATAAGCAAACGAGGCCGTGATGAAAAGGCAGAACAGGCCGCCGGGATCTTGTTATACTACCGCAGAGATTTCCGGTACTTTTCTTGTGACGAAAGAGGCGCAATGAGCGGATCATCGTGGGACGAGTTGGCCGAACTGGCATTGACTCGTGTGCGCGCCGCCGGGGTCGAGTATGCCGATATCCGGTTGCTCGAC
CP054184.1_gap58	2342261	2345228	2967	GTCCTGCTCCTGGCGGGGCGTCCGGCCGACGCGGAAGCGGTCTATCGGGAAGACCTGCGGCTCAATCCCAACAACGGCTGGGCCCTCCAGGGACTCGTCCAAAGTTTGCGGGCCCAGAACAAGGCTGGTGAAGCGGAAGAGGAAGAGCGCCGCTTTCAAGCCGCGTGGGCCAAGGCGGATGTGACCTTGCTGAGCTCCCGATTCTAGCCATGCGGCGCGGAGGAGCGGATCGAACAAGAAACGGGAGAACGTCGGGATGGAATATGTGTTTCAGACGGTTGAGGAACGGCGTGAGTTGGAACGGTTGCACCTGATCGAACGGATGTTCGATCCCGGCACCCAGCGCCGGATGCTGGCGACCGGTCTCACGACGGGATGGCATTGCCTGGAGGTCGGGGCAGGCGCCGGGTCCATCGTCCGGTGGTTGCAGCAGCGGGTAGGGCCTTCGGGGCGAGTGGTGGCGGTGGACACGAACCCGCGGTTTTTGCGGGGCGGCGTCGATTCGGCCGTGGAGATTGTATCGGGGGACATCTGTGAGGTCGATCTCCAACCGGCCGCGTTCGACCTCGTGCATGCCCGTTATGTGCTGATCCACGTCGCGGACTACCAAAAGGCCTTCGAACGGATGTTGCGCTGCGTCAAGCCCGGAGGGTGGGTCATGGTCGAGGAGCCGGATTTTCAGGCCGCCCGGGCGGTGACGGGGTCCGACGAGGCTCGGGGCAGCTTCGCGCGGGTGAGCGCCGCCATCGAACAGATGTTTCTCACGCTCGGTATGGACCATGCGCTGGGAGCCAAGCTGCCGGTCCTATTTCAGCGGCATGATCTGAGCCAGCTGACGGTGGAGCATGAGGGGCACCTGTCGTCAGGCGGCCAACCGGTCGCCCAGGTCATGAAGTTGTCGGCCGAACAATTGCGGGACAAGTACCTGGCGACGGGACGGGTCACGGGAGAGGACATCGACCGGTATTGCCGCTGTGCGGACGATCCGGAGGTCTGGTCCATCTATTACGCGACCGTGGCGGTTACCGGGTGGTGGCAGCCGCAATGCGGCGGAATGTCGTGAGGAAGCGGCCATGCGCTATGTGGTAGGGGTGATGGGGCCGGCCAAGGCCAGGAAAAAGGATATCGAGAACGCCCGCGTTCTCGGTGAATTGATTGCGCGGCGGGAGTGGGTGGTGCTCACTGGCGGCCGCGACGTGGGGGTCATGGATGCAGCTTGCCAGGGGGCCAAGCGAGTGCCAGGCAGCCTGACGATCGGCGTGTTGCCGTCGGCGCGGGAGCGCGTCTCCAAGTACGTCGATTTAGCCATCATTACGGACATGGGCAACGCGCGGAATAATGTGAACGTCATGTCGAGCCACGTGGTGGTGGCCTGCGGACTGATGGGCGCCGGCACCGTGTCGGAAGTGGCGCTGGCCCTCAAGGCGGGCAAACCGGTGATTGTGGTCGGCGCCACGCCGGTGGAAGAGAAGTTCTTCAAGAAGTTGGGACGGCGGTTGATTGCCGCCGTGGAGACTCCGGAAGAGGCGATCACCCTCATGATGAGACAGTTCGAGCAACAGCAGCCCGATCTCGTGCAGGGGGCGCGGGCTTGGGGCGGCGTGTAGATCCGGCGATTTCGCGGTAGGATGATTCTACGCGTGGAGGATGGCGTGATGGACAACCTACAACGAACCGTCAGGAATCTACTGCTGGTCCTGGCGCTCTTAGTGACCGGAGGATTGCTCGTCCAGGGACAGGCAGCCGAGCCGTCCGGCCTTGCCAAGGCCTATTTCGCCGGGGGCTGCTTCTGGTGCATGGAGGAAGTGTTTGAAAATGTGGCCGGCGTCACAGCTGTGACCAGTGGGTTCATGGGAGGGAAGGTCGAACGCCCCACCTACGAGGAGGTGTCGACAGGCGGCACCGGCCATGCCGAATCGGTCGAGGTGCTCTACGATCCGGCCAAAGTCAGCTACGCCACGCTCCTGGGCGCCTTCTGGCGCAACGTGGACCCCGTGACCCCGAATGCCCAGTTCTGCGACCGGGGCAACCAGTATCGCGCGGCCATTTTTTACCTCACCGATGAGCAGCAACGGTTGGCGGAGGATTCCAAGCGTGTGTTGGAGGACTCGCACCGTTTCACGAAACCGATCGTGACGGAGATCGTGAAAGCGACCCAGTTTTATCCGGCTGAAGAGCATCATCAGGATTTTTATAAAAAGAACCCGATCCGATACAAATTCTACAAATACAACTGCGGACGAGCCGATCGGTTGGAGGAGCTGTGGGGTGCACCATAGAATGAGAGAATCCTCCGGCTGAATGGTGAGCGCTTCCAGTCAGGCTCGTCCGCCCGTTCGTTTCCCCCATTTTCTTGTCGAATCCTCCCTGCCGTGAAATAGTGGCTTGGTGTCGTCTTCCCTGTCGTGCGCCGCTGTTCTCATCGGCCCAACCGGAGGTTCAGACCATGAGGCGTTTCTGCGCCCTTCGTGCTCACTGGCTCCTCGCCCTCTCCGCCCTCTCTTTCACTGCCGGTTGTTCGCAGGCTCCATCGATGCAGGGGCGTTCCCAGGAGGATCTCGGACGAGGCATCTTGTCCGGAACGTTGGGGATATATCGCCATTCGGTCGAGCCTGCCCCCGCTCCGCAGGTGTCCAGAGTGTTAGTGGGGCAGGTCCAGGTCCTCGAAGGAGGCGCGTACCTGGTGCGCGATCAACGAGGATACGAACATCGCATTCCTCACGACGAAAACACCCGGATTGATCGTCCGGCCCATGTGGGCGACCGTATCCAGGGCTGGCTCGACCGGCAGGGCCGAGCCATCCTCATCAAAACGGTCAACGAGCCGGAACGGTAACTCAAACCGCAGCTCGCTGTCTCCACCCCTCATGGCACACCCCGACTGGAACGTCCGCTGGACTCCGCTGGCCCGTGCACTCTGTCCGATCCTGGTGGTGGGGAGCCTGCTCCTCGTCATGTCGCCTGAGC
CP054184.1_gap59	2363232	2367085	3853	ACGGTTGCGGCTTCCTCAAAAGGGGTGACCGCTATCGATCTATCGCCGACTGTACCTCGCAAGGAGGTATTCGCCGCGGCATGTGGCGAGGACGCAGCCGTGACGAAGCTGCTGGGTGATGCACGGGCACAACTTCTCGCGTACTTTGCGGGTACGATGCGGGAATTTTCATTGCCCTTGGACTTGTCAGGGGGGACGTCGTTTCAGCGGAAAGTGTGGACCGCCATCCAGCGGATCCCCTACGGACGTGTTCGATCCTATCAATGGGTGGCACTTCGAGTAGGAGGAAAACAATATGCCAGGGCGGTGGGGATGGCGCTCGGCGCGAATCCCGTACCAGTGGTCGTGCCCTGTCACCGGATCATTGCCCACGACGGCTCGCTGGGCGGTTTCTCCTGCGGCCTGACGTTGAAGCGGCGGTTGCTGGCATTGGAAGGCACGCTTGCGCAGCTCCGGAGGGTACGATAGGCGGGACGGATCGACGATGAGAGCGGTCATCCAGCGGGTGTCGCAGGCCTCCGTGGAGGTGGAAGGACAGGTCGTCGGTAGGATCGCGGCCGGATTGGTCGTCCTGCTGGGGGTGGCCCAGGGCGACGCCGAACCGGACCTCCTATATGTCGTCGACAAAATCCGAACGCTCCGCATCTTCGCAGATGGCACGGGCAAAATGAATCGCGCAGTGATGGATGTTGGGGGCGCTCTGCTGGTGATCTCACAATTTACCTTGCTGAGCGAGACGGCGAAGGGACGCCGACCGGGGTTTGACCGTGCCGCCCCGCCGGATGACGCGCGGAGGTGGTATGAACAAGCGATCAGCCGCTGGAAAGCCGCTGGTCTGCCGGTCGAAACCGGGGTGTTCGGCGCGCATATGCAGGTCACATTGACCAACGATGGACCGGTGACCTTCATCCTGGGCAGTCGACGGGAGCCATAACGATGTCGGACAAGCGGCTCAAGTTTCGAGCGACGGTGCCGACAAAGAAACGCGGGCGCAGGGTTCGAGCGACGCAACCTCTTCTGTTATACTGGCGTCAAAGGGCAGGGATTGCCCGGGAGGTCGTGATGGGAAGTCCTGTTTCGCGCAGCCATCCACTCCGTCAACTGTTCGGGGCGCTGACCGAAAAGAGCTTCACCGAACATCTCGGGTGGCCGGATCTCAATGTCACCGAGTACGTGTCCAATCTCCTCGTCGAATTCACCCACACCGATCAACTCTACCAAATCCGTAACCGACAGGGCCGTGCGGCAGACTCCGTCGTCGACATGCTGTTTGAATCGGAGGTGCTCCTGGAGGCCCAGTCCTTCGATCGCGAACGTGAGGTCCATCGCCACATCGGCGACTATACGTTGTTCATGACCGGGTTGTTCCCCGAATACCTGCGCCGCTTGAAAACTGCCGGCCTGGTCTACCACAAAGATTTTCTGGTGGATTACGTCAAGACGGGCAAGCGTTCCTATGGACTGGTGGCGGAGTATGGGGGGTATGATCCTGAGCAGGATTCCCCGCTCTTTCGAAAGCTCTCGGAAAATTTTGAACTGTGCGTGACCGGCCTGGGGTTCGTCCGTAGCGATTTGGATCGTATGCAAGATCCCGCCTACCGTCACATGAAGACGCTGCTGCTCAATTGAGACAATCCCGCCCGATTCTCCTGGTCCATGGTGGTGCGGGTCGACGCGCCATGACGCTCACCCAAGCCGCTTGCATCGAGTCGGCCTTGATTGAGGGGCGACAGTTGCTCGTGGCCGGGGCTCCGGCGTTGTCGGTCGTGGAGGCGGTGATTCGCAGGTTCGAAGCGTCCGGACTCTTCAATGCCGGATTGGGCTCCAATCAGCAGCTCGACGGGGTACAGCGGATGGATGCTTCCATCATGGAGGGCGATCGGCTGCGCGCCGGAGCCGTGGCTTCCGTCGAGGCCCTCGTCCATCCCATTACGGCGGCTCGACTGGTGATGGAGAAAACCTCTCACGTCTTCCTGGTGGGGCCGCCGGCCACGCGGTTTGCTCGATATTGCGGCCTGGAGCGAGCGCCAGGGAAGAAGGCCGGAAGGCAGGCGAGACAGGGAGCCTCACCTTCGAGTCGGGCGCCGGGTCGCCTGCTCCGTCTGCATCAAGCGCTGTCTCGGGCTGGGCGTATCCAAGCCCGCAGTCTGGGCAAGGAAACGGTCGGCGCCGTCGCGCTCGACCTGAATGGCACCGTTGCCGCCGGTGCCTCGACTGGCGGCGTGGATGTCATGTTGCCGGGCCGGGTCGGCGATACCCCGTTGATCGGCTGCGGCGTCTACGCGGATAACGAGGGTGGGGCCGTTTCAATGACGGGGTTGGGCGAAAGCATCATGCGCGTCGCAGTGGCCAAAGAGATCGTCGATCTTCTGGAGCAGGGAGCCGGGCCCCTGTTCGCGGCGAACCGTGTGTTGAAAAAGGTGGTGCAGCGGGTACGGGGCGCCGCAGGCGTCCTCGTGCTCTGTCCGGACGGTCGGTTCGCGATCAGGCACAGCACGCCGCATATGGCCGCCGGGTTTGTCGGCGGAGACGGCCGGCCCACGGTTCGTGACCGGTTTGCCTAGGCGCGCGAGAGGCTGATACAGTGAGGCGAGGTATCAGCCCATGGCAGCTCTTTTTCATCTGGCGTTTCCGGTGCATGATCTGACCGCGGCGAAGCGGTTTTACGTCGACGGCTTGGGCTGCGTGCTGGGTCGGGAATCGTCCACGGCCGTCACGTTCGGGCTCGCCGGCCATCAACTGGTGGCGCATCTCGCCCCCCTCCCGAAGACGCCGCAGCAAGGGATCTATCCGCGACATTTTGGACTCGTGCTCACCGAGGAGGAGGAGTGGCAGGCAATGGTCGATCGTGCCAGGAGCCTGGGGCTCTCGTTTTACCAGCAACCGAGGACACGATTCGCGGGAACGGCGGTCGAACATCGCACCTTCTTTCTGGAAGATCCCTCTCATAACCTGCTCGAGTTCAAACATTACCGCTTTGCATCGGCCATCTTCGGCGAACGAGCCATCGCCGCGGTCGGAGACGCCGACTCCCACTAGGGACGTCCGACGCGTGGTCCGCGTCCAAGGCGTTCAGTCCTGGGTCAGAGACAGCTCTTCTGATTCTGCGCTGCGGCGCCCGTTGGAAATGGCGTGGGGGCGTCTTCCGCTTCTCCGTTCCAACCAGCGGATGATGTGATGCTGCCGTCGATTCAAGTAGGCGGTATGACGAATGGGATCGTACCGGCGAGGTGAGGGAAGAATCGCCGCCAGCAGGGCGGCTTCCTCGACGGTGAGCTCCTTGGCTGGTTTGCCGAAATGGTGCCGGGCCGCTGCTTCAGCTCCGAATACGCCTTGTCCCCACTCGGCGACGTTCAGGTAGAGCTCCAGGATGCGTTCTTTGGTCAAACGGTGCTCCAGCGCGCGTGTGATCAAGGCTTCACGAGCCTTCCGGAGCAGCGACCGTTCCGAGGACAGATAGAGGTTCTTGGCTAGTTGCTGGGTGATGGTGCTGCCGCCGCGTTTAAACTCGCCCACTTCCAGGTTGTAGAGGGCCGCATCTTTGATGCCCTCCCAGTCGAACCCTTCATGGGCGAAGAACGACGCATCCTCCGCCGCGACCACGGCCCGTTGAAGCGAGGGAGCGATGCGTGATAGCGGCATCCACATATACTGAATGCGCAGGGAACGGCCCTGTTCCTTGGCCTGCGCTCGTCGGGCCTCCATGAGCGCCGTTTCGGTGGGATGGCGTTGGGCGAGCGCAGCCACGTCCGGCAGCGTCGCCAGCCAATAAGCCCCCACCGCTCCCGCCGGGAGAGCGACGAGCACCGTGAACCAGAGGAGCACGCGTCCGAACCGACTGCCTGTTGACTTG
CP054184.1_gap60	2474440	2475884	1444	CGGCTCCAATCGCAAAAAGATCTTGGTATACATCAGAGGACTTGGATGAACGGCCAGGAACTTCATGGTCTCAGGATCTCCTCCCATGCGTTTTCTGCATGGCCTTTGTGTGTATTGTAAGGGCGGCCTCTCGCTCCTGTGATTAGGCTAGTCCCTAGAGCAAGCCGCATACCACGACTCCCGCCGGACTGAATGGGCCTCCGTTCAACTCCAAACGACGCACGAATTCTGCCTACAGGGCGTCGAGGAGCTTCGAGAAGAGAAGGCTTGCGGGACCTGTCGGCAGACATCGACCCGCGATTGGTCGCGGTTTTTCACACGGCATCGTGATGTTCAACGACGGGAGGGGAGTAGGGCGCAATGATCGAATCGAATGAAGCAAGCGGAGGAAGCAGCGTCGTTGGTCGCGAGAGTCCCAGTTTCTTCATGCGACTGCGTAAGGTGCTGGGATTAATCCCTAATCGAGTGGCGGCTCCCAGCGGACCGTAGATGCGCCATCCCGCCTGTTCCAGCGTGTGAAGAATGTGGCAGCGTTCCGACTCATACAAGGTGACGGCCCGTTCCACGGTCGGCCCCTGCGGTGGCGGTGTACGCATGATGCGTTCATCGATTTCCACGAGACGCGTCGGCGCGAGGATCGCAGCCCGTTCGATGACATTTTGGAGCTCGCGGATGTTGCCCGGCCAGTCGTACTCCGTGAGCCGCGCCAAAGCCGTGTCATCGAGCAGCAGGTCGTCGCGCTTCAATTTGGTACGGCACAGGCGGAGAAAGTGTCGGGCGAGGAGAGGGATGTCTTCTCTGCGCTCGCGCAAGGGGGGCAGGACAATCGGAAAGACCTTCAGCCGATAATATAGATCGGCCCGAAATCGTTTCTGCGATACGGCTTCAGCCAAATCGACGTTGGTGGCGGCGATGAGGCGCACGTCAACGGGGATCGCGCGCGTTCCGCCTACCCGGTCGACCTGGTGATCCTCCAGGACGCGCAGGAGTTTGGCCTGGACGGTCAAGGGCATCTCCCCGATCTCATCGAGAAACAGGGTTCCTTCGTGGGCGAGCTCGAACCGGCCTTGATGCCGCTGAATCGCGCCCGTGAACGCGCCTCGCTCATGCCCGAACAGCTCGCTTTCCACCAAGCCGCTGGGTAGGGCCGCGCAATTCAACCGTACGAATGGCCTGTTCTTGCGCGGACTGCTTTCGTGGATGGCGCGGGCGACCAGTTCTTTTCCGGTTCCCGTTTCACCGGCGATCAGGACCGTCGAAGCTGTCGACGCGACGGCATGGATTTGTTCCATCACCGTCCGCAATGACGCGCTTTGGCCGATGAGCGACGCAAAGCGACGCTCCTGTTTCACCTCCTCCTTCAGGGAGGCCTGGTGTTTGGTTAAGCGATGACTCAGTTGCGTCAATTGCTCATAGGCCTGGATCGTATCGATGGCCAGGGCCA
CP054184.1_gap61	2477395	2481862	4467	GAGACGGGATCTACTCCCACGATGGCAGCCGAGATCCGCCGTCCGTCATAGAGCGTGGCCATGACGCCTCGAGCCTCTTCCACGACGTGGGCATTGGTCACGACCGTGCCGTCTTCATCCACGACGAAGCCGGCCCCCACCCCTGTGGTCGGCGAGCTTGAGAAGGGATGGGCCGGGCCATGCGTGACGGAAAGAAACACGGTGGCGGGAGCCAGTTGCTGATAGAGAGTAATGGTGCGATCTTCGTCCGGAATGGGTTCTCCCGACGCAGACAAGGCACAGGTCAAGACGCTCACGACGCCCATTATGCCGAGGAGGCACCGGAGCGCCGCTCCTGAGACAATGGTATCGCCGTACATCCTCGTCATCGAACGATGTTCCAGACCATATTCGGAAGTCGTCAACAGGTCGTCATCCCTAACCCGGGCCGTGCGCGGCGGCGGTCTACTCCGCGCTCTGTCCTCCAGAGGACCCGGTTCGACCGGGCAACCGCCGAGCGCGTCGGATGAGGCGGTCTTCGAGGTTGCCGCAGTTGAGGCAGCGTGTGATCGGTAGCCACCGATGAATCGATCCCTCGCCAGGACAAAACAAGAATTCGGTGACCATCAATCCTTGACATCGGCTACACGACATGCACGTCCTTCCCTGTTCAATCCGGCACGATGCCCGTTCATTGTTTCCGATCCATCACATCCTGTTCCGCTCTCGTCAGGCCCTCACGACTCGGTTTCGCCTCGTCACCGCTGTTCGGAGCGATCAAAATAGGAACGCGCACATCCTCCGGCAGTAACACCATCTTTGCCGTCGGGCTGTCATAGAGCTTGTAGCGCAGGTAGCTGGGGGTGAGGGTGGAGGTGATCGTTTCCTGCGCCTTGGCTTGTCCCAACGCCCGGATCTTCATGCCTTCCGCTTCGCCTTCCGATCTGATGCGCACGGCGTCTCCTTCGCCGCGTGCCCGTCGCCGCGCGATTTCGGCGTCTTTTTCGGCGATCACGAGTTCGAATTCCTTTTGTTCTTTTTCCTGCTCCTTGGCCTGCTTCCGTTCGACGGCTTCCAATACGATCTTGGCGAGTTCGATATCGGCCAAGGCGACGCTGTGGACTTCCAGATGGCGCCCCTTCAACTTGTCCACCACCACGGCCTGGACCTTGCTGGCGATCTCGGCGCTCCGCTCAGGAACCGAGACCATGGGGTAGTTCGACACCACGCTGCGCACGGCGGCCAGCAGTTCCGGTCTCACGACACGCGGATAGAAGTCCGGTCCGATCTCTTGCGCCAGAAAGTAAATCTCATCCACGATCGGCCGCATGATGATTGCCGCCTTCAGCCTGACCAGCAGATCGTCGGAACTGAGGGCATCGACCATCTCGGTATAGCTTTGCAGGCGAACGTCGTAGATGAAAATGTCGTTCCACGGAGCGCGCCAATAAAATCCTGACTTCAAGGTCTCCGTCGTCAGACCTTCCGTCAGCGGGTACCACCGGAGCCCGCGTTGTCCGGGATGGACGGTGTTCCCGCAGCCTGGGAGGCTGCAGAGGGAGGCCAGGGCGGCTCCAACCAGGATGGCTCGTCGCATGGCTCCTCCTTGCGAAACCCGAGGTGCCGGCTCAGGGAAAAAAGAATCCGTGGCCTTGCGCCGCCTGCCGATGGGTTTCAGCGGTTCGCTCGCGGTCCTGCGCCGCGGCTTCATAGGACTCCACTAACAACTGCGTACCGGTCACCCAGTCAGAATCCTTTCCGAACAGATGCTCGTAGACTGCAGCGCGATGGGTCAGCTCACGGGCTTTTTGGCGGAACCGTTCTGCTTCCTGCCCTAAGAAACCGGCGATCTTCTGCTGATCCTGAGCCAGGTCATACGCGGTCAGTTCGAGTTCAGTGCCTGTCGTCCGGCAACCGACGAGAAGGAGGCATTGTCCCGCCACCATCAACAGTGAGACCTCAACCGCCTTCCAAAATCGCATGGTCGCGGCCCTCCAATGATGAGGATCGAGGCGTGAAGGCGGTGCGTCGCAAGATCTCGTAATCTCGTTTCAGCGCCAGCAGTTCGATCCGACCCTGCAGGTGGAGTCGAGAAAGGGCGATGAAGAGCGTTCGCCACGTGCAAGCCGGCAGGTGTTCCGCCAACGCGAGAAAGGTCATTCGAGAATGCCGTTCCAGCAGGAGTAGAATTTGCCGATCGATCCCATCGTCGCATGCCAAGGCCGGTTGTGAATGCGTGGCGGACATCGTTGGTCACCCCGTTCAGATCGAACGCGATAGCCTGATCAACATAGGTGCATTCTCTACGGTTGCACGCTGCAATATATGATCCCGACAAATGTCTCGAAAAAGCTTGGTGCCCGTTGTGTCCGTTCTCTCCAGCGAACCGCGAAGAGGCATTACGCACTGTCTGCATTGTGCGGATCCGCTCGCAATGGTCTTCCTCTCTGCTCGTCCTGGTTGCGGCTGGGTGCGGATTCGCGTAGGATTCGCGCAGCTCCCCTGCGGCTTGAACGTGTAGGAGTGGACGTTGCCATGTTGAGCAGTCGCTTTCACCTTCGCGCCTTCCGCCGCTTTCCCGTTCATTGTTCCGTCTACTATTCCTCTGATGAGTTCCAGGGGACCGGCACGGCTTGGAATTTGTCGCTCAGCGGCTGGCGCGTCGACGGAAGCCACCCGGTGCCACCCGGCGCCGTCGTAACGCTCTGTGTGTTTCTCCCCGATCACAATCCGACGGTGTTCATCGATCAGGCCGTCGTTCGATGGTCGCGTGGACAGGAGTTCGGCGTCGAAGTGACGTCGATGAAACCGGTGGAGCAAGCGCACCTTCGGACCTTCCTTTCCGCACTCATGTAACCGCCTTCTGCTCCCAGAAACGGGATATTCTTTGCCCTTTCTTCGCAAGTGCGTACACTGGGCATCGTTCGATGAATGCCGCCGGTTGATCTTACTACTGGAGCCCGCCATGGCCGAGTCACACAAGCCCCGTTCGCATGCCCGTGTGCCGGTCAGCTGTTTCTTGTACTATCTCGGTGAAGGGCTGGTCGGTACCGGGAAGGTCTGCGATCTCTCTGTGAAGGGATGGCGGATCGAAGGCGACAAACCTGTCTCGGTCGGCATGAAGCTGACCTTGCGCGTCTTCCTTCCCGATCAGCCGAAAGCGATCGACATCGAGGGCGTGACGGTGCAGTGGGTACAGGGCCATGTGTTTGGTCTTGAAACCGTCACCATGAATGCCGTGGCCGAGGCGCGGATCCAGCAATTCATCCTGTCGATGCTCGAATCGTCGGGCTCCTCCCGCGTCGCCTGACCCTCTCCGGCCGGATTTTCGACCGCTTCCTCCCTGCGAAACAGCCGCAAATCCCCCGCTTTCGAGGACTATCGAGTCATTTCGCGTTTTTCATATTCTGCCGGGGCTCGTGGCTGGAGGGTTTCATGGACCAACAGAGCCGTCCCCGATTTATCGTCGAATGCACCGGGTCTCGTGCGGAGAACGGTCTCCTGGTCTGGAACGGTCGGATGCTCGACCTCTCCATTCCAGGGTGGTCGCCGAATGGCCTCAAGGGACTTCAGGCCGGCGATCTGCTTCAATTGCATCTGCATATTCCGGGGGAATCCAAGCCCCTGTCCGTGCGGCTCGCCACGATCCGTTGGGCCCATGAGTCCCGAGTGGGCGTCGACCCGATTTTGATGGACGCCGACGACCAGCTTCGATTGAATGCCTTCACCGATGCGCAGGGCATGTGCTCTCCCTCCACTCAGGACCGAAGCGAACAGATCATTATCTTCGACGGCGGGTAACCGTCCCGCATCCCATCACCCGCCGGTCGGCTGCACGTTGCTTGACATCCCCACGCCAGATAGTGTCTCTTACCCTTAAGGACCTTATTACAATCCGGCCTTTCGCCACTTCGGTTCGTTCACGTCATACAACGGGTCATGCGGGCGAAGGCGTAAGAAAGTGGACGCATGACACCTGGCTCTGACCTGCCCGATGATGCTCACACCACTCCGCTGACGCCTGAAACCGAGGCGCAGGTCGAGCAATTCGACCGTACCGACATCCTAGTCGGGATTCCCAGCTTCAACAACGTCGAAACCATCGGCCACGTGGTCCGCGCGGTCAGCGCCGGGTTGGCGAAATACTTTCCCCAGGCTCGAGCGGTGTTGGTCAACTCCGACGGCGGGTCGACGGACGGAACGCAGCAGGTCGTGGCCCAAGCGGTCGTGGATCTCAAGACCCTCTTCATCGGGGATCAACAGAGCTCGCTCCATAAAATCATCACGCCGTACCATGGTATTCCCGGCAAGGGGAGCGCCTTTCGCACGATTTTCGAGATTGCGCGCCGCTTGAAGGCGAAGGCCTGTGCCGTGGTGGATTCGGATTTGCGAAGCATCACACCCGAGTGGATCGAACTATTGGTGAGCCCGGTGTTCGAACAGGGGTTCGATTATGTGGCCCCCTATTACCTGCGGCACAAGTATGAC
CP054184.1_gap62	2509801	2513486	3685	GACAGCGAAGCCCCCGGGATTCTCAGAAATAAATGGCTTGAACGCCGCCACATGATGCACCAAACCGCTCGGTGGAGGCGGGACCGTTCTGCCCAACTCCATACGGCCTGGATGAACGGAACCGGGATGGTGGTGTGGGAAGTTGTCTTTGGTTCTTGGGTTGGGTGGTCGGCAAGGGATCGATCGATCTTGCGCAGAATGTTGCCGATTCAGCGGAGGTTTGCTGCGCTCTTTTCCGGAGAGGGTTGGACTCCGCTCGTTCAGACGGAGGCTGGCAATATCTATGCCACGCTGTGGGAGAGGCAGGATCTCCGCCTGTGGACCCTGGTGAATCGGGGAGACCAGTCAGTGTCAGGTCTGCTCCTAAAGGTTCCGGCAGTGATCGGATCAAAATATTTTGACCTATTCACTGGCCAAGAGGTGGTTCCTGACATTCAGGACGGAACTGCTCTCCTGCAGGGGGCTCTCGCGCCGCGAGGGATTGGTGGCTTCGTGGCAGGAACGAGCACCTCGCTCGGCCCTGATTTCTCACAGTTTCTGGCGACACAACGAGAACTCTATCTCCGTGAGGCAAGTTCGGTTGAGTTTCCGACGCGTCCCGTCCTGGCCCTTGGGCAGCCGACGGTCGCTATTCTCACGAGCCAGGACCGCCTTCCCGAAATGGCCAGGATTCCATCTGCACGCTTCACCATGCGCGTCCAACTGAGGACCAGAGAATGCGGTTTCTATGAGAATGAAATGGACCACGGCGAACTGTATGGGAACTTTCACAAACCGCGGTGGTTCGAACGAGCGGTCACGTTACCGGCCTATGCGATCGATGTGGCGCCGGTGACGAATGCACAGTATGCCGAGTTCCTTCGCGTGGCGCGTTACCGGCCTCGACATACAGAGAACTTCCTGAAGCATTGGGTCGACGGAAAACCACCAGGAGGGAAGGAGGATCACCCGGTGGTCTATGTCAGTCTGGATGATGCACGAGCCTATGCTCAATGGGCCGGCAAGGCGATCCCGACTGAGGAGCAGTGGCAGTATGCAGCCCAGGGACCGGCGGCCTTGAAGTATCCCTGGGGGGAAGTGATGGAGCCTGGGCGGTGCAACGGCGGGGAAACCGGTACCACCACAAGTGTCACGGCCTTTCCCAACGGGCGCTCTCCATTCGGGTGTTATGACATGTGCGGCAACGTATGGGAATGGACAGAGAGCGAACGCACCGATGGACGAACTCGTTTCTGCATGGTTCGCGGCGGGTCACACTACACCGCTCAGGGTTCTCATTGGTACATGGACGGAGGCCCTCGACCAACCGATTTTTCCGCGAAGTTTCTGCTCCTGTGGCCCGGTTTGGACCGCTGCGCGACGATCGGGTTTCGATGCGCCGTTCTGCTGGAATAATCTCGCGCATGACTTCCTGATCCCTCCTAGTGCGATGAACGCAATGCAATGTGAAGGGCTGGAAGTCAAGCGGCGGAGGTGGGAACGTGACCACTCACAAACTTGTCGAGTCGGTTTCTTTTCTCTTGATGTCCCTGCCCATAATTGCGTTTGCCTGTCTCTGGTACGTCACAACTTTCTCTGAGAAAGAGGATTGGCGGGTTGGGTTTCTTCAAGCGGCCATTCTGTGGGGCAGCGCCACGCTTCTAATCACGGAACTGCTCTCAGTATTTGCGGCTATCCGTCCCGCGACACTCGCGTTAACGTGGACCCTCGTCATCACCTACTCGCTGCATATCATCCGACGGCACATCCTCGAAGGGGGAGAGAGTCCTGTACTTGTCACAAGGAGACTCTTCGCGTTGCCGGCTGGAAATGGCTGGTGGATTGTCCCGCTCGTCCCAGCCGCCGCGATCGCGATTGCGACAGCGGTGATCGCTTTGATTGCCCCTCCCAACAACTGGGACTCCATGACCTATCACATGAGCCGAGTGGAACATTGGCGAGCCAATGGAAGTGTGATGCACTATTCGACAAACGTCGTGTGGCAACTCTACCTCAACCCCTGGGCAGAATTTGCGATCTTGCAGTTTCAAACGCTTGGGTTCGGCTCAGACCGTTTGGCTAATCTTGTGCAGTGGTTCGCCTTTGTGGGGGCGCTGGTGGGTGTCTCCCTCCTCGTCAGGATTTTGGGTGGTGCCCTGCTTGCTCAGAGCCTGGCGGCCTTGGTGGTTGCTTCCACGCCCATGGTTATCTTGCAATCCACTTCGACTCAAAACGATGTGGTCTGCCGGCTCTTTGTAGTAGCAGCGGTCTATTTCGCCTTTGAGCGGCTCACTATGTCGAGTAAGAAGGCCGAGTGGTACCTGCCGTTGTCGGTGGCGCTTGCGTTCGCGACCAAGGGTACGGCCTAGGGAAGGTCTGATTTATTCTCTTTGCATGATGTGCTAAGGGTAGCGCAGCACTGAACTGGAGGCGTGCCCCATGCAGCAACAGACGTTTGCCGAAGTCTCGTTTGAACAGTATCGCAAGCCCACCCGCCGGGAGCAGTTTCTCAACGAGATGAACCAGGTTGTTCCATGGGCGGAATTGGTAGCGGCGATCGAGCCGGTCTACCCCAAGGCCGAGGGCCCAGGGCGTCCGCCCGTGGGTGTCGAACGCATGTTGCGCCTCCATTGTCTGCAACAGTGGTTTAACCTGTCGGACCCGGCGGTGGAGGAAGCGCTGTACGACTCACACGCCATGCGGCAGTTCGTGGGGATTGATCTGGGCCGCGAGCCCGTACCGGATGAAACCACCATCTGTAAGTTTCGGCATCTGCTGGAAGCCCACCACTTGGGCGCACAGCTCTTTGCGCGGATCGGCGCGTATCTGGCTGCCCACGGGCTGAAGGTCAGCCGGGGCACGATCGTGGATGCCACGATCATCAATGCGCCCAGTTCGACGAAGAATCGCCAGAAAGAGCGAGATCCGGAGATGCATCAGACCAAGAAGGGGAACCAGTGGTATTTCGGCATGAAGGCGCATATTGGAGTGGACAGCCGGACGAAGCTGGTTCACTCAGTGGCGGCCACGGCGGCGAATGTCCATGACAGCCAGGTGTTGCCGGAGTTGCTGCATGGACAGGAGACACGAGTATGGGGCGATGCCGCCTATAGCGGGCAACGCGACATGATTCAGCACCATGCTCCCCATGCCAAGAGCTTCGTCCAGACGAAAGCCCATCGCCATCGGCCCTTGAGCGAGACGGAGCGGGCCCGCAATCGGACGAAGTCGAAGGTTCGTGCCAAAGTCGAGCATGTGTTCTTGGTGATCAAGCGGATCTTCGGGTGGGCCAAAGTGCGGTACCGGGGGCTCGCGAAGAATGCGCACTGGTTGTCTATCAGTTGCGGCTTGGCGAATCTGTATGTAGCACGCCGGCACTTGCTGGCGGCAGCCTAGCGGACGGGGGTGCGAACGGGGCGCGGGCCGCCTGACGGCGGAGGAATCCGAGAAAGGCGCTCTCGGACCAGCGGGTTCCCAGCTGATGGCCCGTCTTGATCCACCGAGAAACAGATTGCTTCGTGGAAACGCGAATTAATCAGACGTTCCCTATCTCATTCTCTTGCCTTTCGTCGGTTATGCCCTGATCGCTGTGATGAAGCAAGAAGGCTTCAGGGCAGGCTTCCGATCGATCAGTATCATGGTGCTCGCGATCCTCTTGATGAATGTCGGACATTGGAGCCGAAGCGTTTGGTTGTGGCATCATCCC
CP054184.1_gap63	2531739	2534375	2636	CTCGTATAGGACGGGTCTTCGGCCAACGTGTGATAGAGGGGGGGCGGCGCGAGGATGACGGGGAAGTGACGCACCGTTTCCTGCCCCTCATTGTCCGGGAACTCACGGAGGGCCAGGCGTCCGCCTGAGAGAAGCCGGATTTGGTTGGCCACCGAGTGGCGCAGGCCGACGGTAGCGATGCGCTCAGGAGGCGGATTGAGCGCGAGTAGTCGTTGGGTGAGTTCGGCGGCAGGCGAAGTAATGACGACCGGTTTGAGAAATTGCTCCAAGGTGCCGAACGCCACCATGATGGCCAGCCCGAGGGCGATCAGCTGCGGCAAGGCTGAGCGGCGGAACGCCGCCCAGTCAAGCAACAGCAGCACCCCGCTCAGGCAGAATCCGCCGATCGCAAAGCGTTGGTCGATGCGCCAGCCCACGAGCGCGAGTACCACGCCGACTCCCGTGGCCGCCCTGAAGACCCATTGGAGGATGTGCTGGATCACCCTCGCAGGTCGGCCTTGCATCGTCTGTTGCAGCAGGCCCGCAAGCAGAACGGCTAGGAGAGGAAAGGTGGGCAACAGATATCGAGGACGCATGAGATTCCCGAAGGAAAAGACGGCCACGTTCACGAGCAGCCAGCCGAGCACGAACCAGAACCAGCGGCCTTGCTGGCGCACAGAGGCCCGCAGCAGGTCCCGCTGCACCACCGCGAGAATACCCAGCATCACGAACCAGGGCGCGAAGAAGCGGAAGGGCGTCAGCAGGTACAAGGCGATATTGCTGAGGAAGAGCCGATGGGCCCCCTCCAAGCGCTGGCCGACTTGATCCTCGAACAGGGTCGTGGCGACCTCGGGGCCGCGTAGCAGCAGGCTGCCGGCCAGCCAGGAGAGTCCCACGACCAGTCCCGCCATCAACCAGCCAACGTGAAACAGTCGCGGCGGCCGATCCGTCTCTGAAGGAAGGAGCCGAGTGAAGAGCAGCGGCCAGGCAATCACGGCGAACGGCAGCAGGCCTTTCGTCGCGATGCCGAGTCCGGCTCCGACATAGAACAGGGCGTACCAGCGGGGATCGTCCCGCCGGTTGAAGAGCAGTTCCGTCGCCCCCCACAGGCTGAGTGTGATGAACAGACATTGCAAAATATCCGGGGTCGCCTTGGTGGCGGACTCCATGAATAGAATGTTGGAACCAAGGAGGGCCGCTGCCAACAGGCCGATCCGTGGATCCTGCGTCACGGAGCGCGCCAGGCGATAGGTCACCCACAGCGTGGCGCAGGCAGCCAGCAGGAAGGGAAGTCGCGAGGAGACTAGGCCAATGCCCAGGGTTGCATAACTCGTGGCGAGCACCCAGTAGGTCAGGATCGGTTTCCGAAAACGAAGGGAGCCATCGGCATATCGTGGCGTGACATAGTCGCCGCTCTGCACCATCTGGATGGCAGCGTTGGTATACCACCCTTCATCGAGGTGATAGCGAGAGACGAGGGGCAAGGAGCCTAGCAGCGAGAGCAGGAAGACCAGGATGATGACGGCAACGGAGGGGGGAGGCCCTCCGCGCGCGGCGGCCGCCATGGATGAACTCGCGGGCGCGTCGGGTGGTAAGGAGGGCACGACAGCAACAGGCGTTATGTGTAGCAGCGGGTGACGATCTCGCCGAAGTTGAAGAGAAGTGCGTTCGCCCGGGTGTAGGCCGCATGACCGTAGTAGTGGTCGCGAACGTTTGCGGAGCCCGTGCAGTCCTTGTAATCCACGAGCAGGCACCGGCCTTCGCTGGGGAAGCGCACGGCGCGCCTGGCGCATTCCACCCAGCGCTCGAAGCCGTCGTAGGGCTCCATCAATTCCCACACGGCCTTGTTCGCCGCCTTTGCGCTGTCAGGTGGGAGCGCGTCGCTGCCGGCCACGGCCAGTTCCTGCACGTAATCGCCGCCCCAGGCGATCGGCATCTCGACGGTAATCTGAGGGAGATCCATTTTGGAGAGCCAGGTCTTGCCGTCGGTGCGGAGATTGCGATGGTTCACGATGTGGAGCAAGGTGCCGATGCCGGAGGGATCCCACCCGTACCGGACCGGCGTGCCGAGGGTCACGATATCAAGGGCGACGCCGTTGAGCAGCGTCCCCTGCGCGAGCGGTTGGTCGATGCGCCGGATCGCCTGGGCGTCAGAGCCCTCACCCGCATAAGCCAAGAGCACCTCGAATAGGGTCTTTCGGCCAGTGATTGGAGAAGGGCACAGCAGGTTAGAGGCCAGCGCGAGGACCAGCCCGGCTTGGCCGTGCGCCTGCACCAGGACGCGGTCGCCCGGTCCCAATTGCTGCTCGGCCACCACGGCATGGAGACGATCCAGCAGGCGGCAGGCAGCCAGCGCGCGTCCAAGATGGTGGTGTTCGCAGGACCAGAGACTCCGCAGGCAGGTGATCGGCTTTGCCGGCTCCTGGTTCAGGGCTTTGCGGCACAGCTCGATGGTGGCGGCGGTGAAATTGCCGGCATCGCCGATCTGGGTATCGAGGATTTTTCGGGTGGCTTCGTCGTCAGGGAGCGGCGGTATGAGCCCGCCGGGTAACGGCGTGATGCCATTGGATCCTTCGCGCATGAAGGAGAGCAAGGAATCCAATCCGGAGATTCCACGGGAATACCCTCGCTTGAGACCACCCGCTTCGTCGAGGCGT
CP054184.1_gap64	2624419	2629119	4700	CCGCAGGGCCTGTCCTCGTCTTTATTTACCCGCGATCTGAGAAGGAGCGAGGTGTTTCTGTCCGCCGCCGGCAGCGACTGTGGCATTGCTAATATCAACCTCGGCACGTCTGGGGCGGAGATCGGGGGGGCGTTTGGCGGCGAAAAAACGACAGGTGGGGGCCGCGAGGCCGGGTCCGATGCCTGGAAGGCCTATATGCGGCGGCAGACCAACACCATCAATTGGGGAACGGAATTGCCGCTGGCACAGGGCATCACGTTCGGGCGAACCGAAGGAGGGTATGATGGGGCAAGAGGCTGAACTAGAGGCCGTGCTGACTCGTATGACCGCCGACTTTCTCTCCCGAAACTACGCAGGCCGACTGGTGCAGGAATCTCTGGATGCGGTCGGAGTTGGCTTCGTGCCGGTGATCGATCATGTCACGATTCGCACGATGGATATCGATCTGCGCGCCCAGGAATTCGTATCTCTCGGCTACGCCTACGATGAGACTCTGCAGTATGACGACTGGTATGCCAAGGTGTATCGGCGGGCCGGATTCCCTGCCCTCTTCGTCGATCAGGCCTATCCGGATGAGCGTGGGAAGACCAGTATTATTCCCCGTTGGGTGCAGAAGTTCGGCGACCAGCTGTTCCACCACGTGGCGATTCGGGTGGAAGACATCGAGCAGGCGGTCGATCGCTTGAAAGCGCAGGGGATCGTCTTTGCCGGCGAAATCGTCGGGGCTCGAGGTGGGACCTTACGGCAGATCTTTACGGCGCCAGAAATGGTGGAAGGTCATCCGTTCTCCGTGCTGGAATTGGCCGAGCGTCATCAGGGCTATCAGGGGTTCCTTCCACCGCAAGCCGACAGCCTCATGCGATCGACTGTGCACGGCCATTGACCCGCTGGCGGTGGTCTGTCCACGCACGAGAGTCTCGACCTCGACCGTCATCCTGAGTAGAATGCCGCAGGTGCCAATTCTGCGACAATTGGCTGATCCAGGGATTGCAAGAGGAGGTGACAATTATGGTGCGACCCCGCTGCGCTCCGCGTACGGTCATGATGGGGGTGGTGTTGTGTATCGTCGGAGCTGGAACTGCTGTGGGCCAGGCCTCACCCTCCGCCCATGCTCCGCATCGGACGGTGACCCTCGACGGCATTACCGTCCCGGATATTGGGCCTCTCCCGTCGTCGGTTCCCATGCCTGGGACCAATTTAGGCTATGCTGCCAAGGTCGAATTGGGCAAGCAGCTCTATTTTGACGGACGCTTATCCAAGAACAATGCGATTTCCTGCGCGTTCTGCCACAACCCCGGAACAGGATTTGCCGATGCGCGCCAGACGTCGATCGGTGTGGGAGGCGGGATCGGCGGACGTCAGTCGCCGACGGTCTTCAATACGGCGTTCAATCCCTTTCAGTTTTGGGATGGCCGTGCGCGGTCGCTCGAAGAGCAGGCGATTGGGCCCATTCACAACCCGATTGAAATGGCGGAGACCCATGAACATGTCGTGGCCAAGCTGGGCAAGATTAAAGGATACCAGCAGCAGTTTCGTGTCGTGTTCGGCACCGATGTGAATTTGCAGGGCATCGCCGAGGCCCTTGCGGCCTATGAGCGCACGGTATTGTCGACCAATTCCGCGTTCGACAAGTATGTAGGTGGAGATCACCGCGCCATGAGCGACGCGGCGGTGCGGGGGATGGCGCTCTTCAAGGGCAAGGCTCGCTGCATTCTCTGTCATAACGGGCCAAACTTTACCGACAATCAGTTCCACAACCTCGGTGTCCCGCAGGTCGGGCCGTTGAAAGAAGATCTAGGCCGTTTCCTCGTAACCAAGGCAGAAAAGGATAAGGGCGCATTCAAGACGCCGACTCTGCGCAGCATTGCCGAAACTGCTCCGTACATGCACGATGGTGTGTACAAGACGTTGGAGGAGGTGGTGGAGTTTTTGGACCAAGGTGGCGAGGCCAACCCCAATTTGAGCCCGATGATAAGACCATTGGGGCTGACCGCGGAGGAAAAGGCCGACTTAATTGCATTTCTGCAGGCATTGACAGGAGAGCCCCTCAAAGTAGTCATGCCCAAATTGCCCCAGTGAGGCTTGCGCAGGTGCGGTGGTCGACCATTGGGGCTCGAGAAAAAACTTAGAGGAGAGGAAGTTTTGCGAATCGTTTCTCTGAAACGGGACTCTAAGCTAGAGGTGCGTGAGGAGCAGTCGGTTGCAGAGACCGGCTTCGGTAACCAACCAAACCATAGAGGAGGCCACCTGTGATGAAAAAAGGACTACTGGCTGTTTTGGCGGCAGCCACAATCGGATGCGCGGGAGTTGCTCCCCAAAAGGCCGTGAGCGGAGAACCGCAGTCTCCGGTTCAAGGTTTTGATATCCATGTGCAGGCCCCCCATCTCATGCCCAACGGGGAGCCGGGGGGCCCCTTCCATCACTACTGTAAGGGCATCTCAGACCAAATTCTGCAGTGTCTATTGTTCGATTCGCCGGATCCCAAAGCTAAATTGGTAGCGATCGAGTATTTCGTCTCGAAAGACCTCACCAGGAAATTGCCTCCGATTCAATGGCACCGGCACTTCCATGACCACAAGGTTGAAATTGCGACCGGTCGGGTGCAGGTGCTGGACCTTCCGCCGGACCAGGCAGCAAAGGTGGCGGAAGTGGCGGCGGGGACCGACGGCGTCATTTACCACCTCTGGCAGGCTGGGCAAGAGTTCCCCGATGGAACAGTCTCGTTCCCGCAGTCCCTGGGGCATAAATTCCCCGGGCACTCTGAGAAGTAAAGCCGTCTTGGGCCGGGCCTCATCCTGCTGGGATGGGGCCTGGCCTCAACCGACGTGGCAAGAAGAGACATGGCCGGGTGCGGGGAACGCTATGGTGCCAGAACGATGGAAGAGGCTGGTTTTCTGTTTTTTCATTCTTGGCGTTGGGGCGTGTCCAGCATTGGCAGCCGATCAAGCGGTCTTGAGGCCTCGCGTCCCGGCCGACAAAATCGACGAAGCGAAAGCCTGGGCGAATCCCGTCCCAGCGACAGCTGACAACATCGAAAAGGGGAAAGCGCTCTTTCAAGGAAAGGCGTTTTGTGCGACCTGCCATGGCAGGGACGGGAAGGGGCTGGCCGACATCGAAGGGCTGCGCGGGAAATTGCCGAGAAATTTTACCGACAAAGTATGGCAAACTGCGAGAAGCGATGGAGAACTATTCTGGATCCTGAAGAATGGAAGTCCAGGAACCGATATGGCCTCCTTCGTTCCGCTCGTGCTGACGGAAGAAGAGGCGTGGCAGGTGCTCTTGTATGTGCGCTCGTTCGGCCGTTGATGCGATCTGTATAGGTCGTGCCTCCGGAGTACTCCCCTGCGGCCCTCCTAGAATACTCAGTTCCAGTGTCACCTTCCCTGGAGCGACTTGAGAAATGTCGCCAGGCGAGACTGCTCCTGCTGGGGGAACCGCAGAAATTCTACGCCCATGCGATCGCCGTCAACCCAACGCACCGCCGCCAGCTCGACAATCAGGGAGCGATGGTGGTCAGGCAACAAGATTCTGAGGGGCATATAACTGCCCTGCAGGACCGCGCGGTCACACTCGAGTAGGCAACCGGCTTGCGAGAGGTTCCGCACGGTCCCTTCCGCAATGAAGAGTGTTCCGCTGAATAGAGCTGGGCATGTGATATTCAGCCGGTGATGCAGCCGGTCAAACGACAGTGTCGCTGTCGCATGGTCTGGCTTCTGATGTGCTGGAGCGGGTGGTGCGGCTTTGGGATGCATGGTGGGAGGATAGTGGTCGGACGGTTGAAACGGTATCCTGCATTGGAGGGGCGGCGTGCTGTGGTGACAGCGCTCGCTCGTTCGGCAATCACTCCTGCCACCACACCAACCGAATTAACCAAACTCCTGCCACATAGGTGCCAATGAGGACAATCATCACCAGCATGGTAGTACCCTCCCTTTTGACTTGGTGATCATGCGGCTGCTTAGCCCTATACCGGGAGAGGCAAGCAGCTAACATGCCAGCCATAAAATGGCTGATTTCGGTCAAAAAAGATGTGCCTAAGGGGATTGGGATTGGCCTGAGCGACTGCGAGGGCATAATGACTGTGTCTACTGTATCTGATGTGATACGGGTTGAATCGTTACGGATAAACGAAAAAATTGCGTCAAGGTCGGTTCAGGTGTGGGAGGCCGGTCTCGGCAGGGAGACGTGTGACGGCTTGGCACGTGCTTCAGCGGAAGGTAATTCGTGCCAAAGCAGCCGCAATCATCAAAAGGGACAGGATGAGGCTTACTGCTACAGATAAATTCTGTGGCAGTATGCGCTGGCCATGCTTCTTCGGAGTCATATCAGTCCCCATGACGTCCTCCGGTCATGATGCGTGAGACGGTAGGGGATGATTTTGCAGTCGCTGGTCCATCGCTAAGGCCAGTGCTGTGATCGCGTAATTGCATTGATGGCAGGACAGGAATCCGCCGGTCGGGACTAAGCTCTGTTGGTTACAGCGTGGACAATCGTAGATCTTCATCGAGGCTCTCCCTCTAGTGACAGGTGTGCGGATGGATTGCGGGGAATGGATCGATCTGCCGCTCATGCTGCGATTGCTTGTACTGAGCGAAGAGATGAGCGACGGCTTCCGCGAACGCGGTAAATTCAGCCGGCTCAAAATGGAATGTGACCGAATCGTAGCTGAAGTGTAATTTGCCGCAGCTGCACAAGGCGAG
CP054184.1_gap65	2653300	2656173	2873	AACTTATCGACTGGCAGATAGGTGACCTTGATCCCTCGCTTGGCTTCCAAGGCCTTGGCGGTATCGAGCACCGCACGATGCTCCGTGGCTGAAGTGATGATGTGGTCACCCTTCTCGTGGTACATCTCGACCACGCCCTTCAAGGCTAGGTTGTCGGATTCGGTTGCGCCGCTGGTAAAGACGATTTCCTTGGCATCCGCGTGAATCAGCTTGGCAATCTGCTTCCGGGCGTTCTCCACCGCCTCCTCAGCCTCCCAACCGAACGCATGGTTCCGACTGGCGGCGTTGCCGAATTTTTCTGTGAAATAGGGAAGCATAACTTCCAGCACGCGCGGATCCATCGGGGTGGTGGAATGATTGTCCAAATAAATCGGGAACTTCATCGCTCGACTCCTTCTTGTGTCGTCGTGACAGATTGGATGGTGATGAGCGGCGTGCCTCCCATCATGTCCTGCAGTGTCATACTGTTCAGCATCTGATAAATACTGCTTTGAATCTTGAGCAGCGGTGTTCGGATATTGCAGTGTTCCCGCTGCATGCAAACGTCACCGTCCCGTTCGTGCGAACAATCCATAATTCCAAGAGGGCCTTCGAGGCTTTCCAAGACCTGGGCGATGGTGATCTCTCGCGGGCTTTTGCCGAGAAGGTACCCGCCTTTGGGTCCGTTGTGGCTTTCGATCAAGCCGCTCTTCGAGAGGGTCTGGAGGACCTTGGCTAACAATTCGACTGGTATGTGGTATTCCTCGGCGATCTCTTTGGTGTTGACCACGCGTGCGCGCGCCACATCTCCATATTGGTTGGAAGCAATGTGTTGCAGTGCCATCAACCCGTAGTCCGCCTTTTTCGATAATTTCAGCATGGGACTATTGCCGATCCATAAAGTCGGAGACTATAATGATCTCCGATCAAAAGAGTCGCCTAAAAGCTATCATGCGATCTTTTGGGCTGTCAAGAGAGCTGGGACCACGTTTACGAGAAAGGGGCGAAGCACCATGGGCGGGACCAATCCCTATATCCAAAAAGCTGAGGTGGAGTTACCGACGAAGGCGTACCGTGTGACCTTCATCTTCCCCGACAAGAGCGAGCGAGAGGTGATCGTACAGCCCGACAGGATTCCCTATGGTCACACGGGGCTGCCCGGCAGCATCCTCGATATCGCGATGGGAAATGGAGTCGAGTTGGAACATGTCTGCGGCGGCGTCTGTGCCTGCTCCACGTGCCATGTCATGGTGAAAAAGGGACTGGAGACCTGCAACGAAGGAACGGACGATGAGTTCGATCAGTTGGATGAAGCGCCCGTCACTACATTACAGTCTCGGCTGGGATGTCAGTGTGTCCCGAACGGCTCGGCTGATGTGGTGGTAGAAATTCCGGCGGTCAATAAGAACCTGGTGAAGGAGGGACATTGATCCTCGCGTGCTGAAGCCTCGTCGTCCCACGGTTAGTCGTAGGTTTCGAGTTTTACTTCCTTTCGGTCGTACCCCAGCTCCATCAAGAGTGCCCGTAGGGGGCGGGCAAAGGCCTTGATCCCTGCAATCAAGGGGGTCACCCTGTGTCCGTTCCCCGCAGTCTGTTTGACTGCGTCCGCGGTCGCAGGTGCTGCTGGGTCCTCGGTCACAAAGCTGAGGTAGTGGAAGTCGGACTGTGCCGCCGCTAGGGCCAGAAACTCTTCATGATAGAGCTGCTCTGCGCCACTGGGGGCTTGCGCAATCAACGTGGTTGAAGGCAAGGTCCCTTGCGCCGCCATCGATCGGATCATGCAGCGAAGCGGCACCAACCCCGAGTAGCGTCCTACCAACAGCAGCGCAGTGGACGGGGAATCAGGAAGCAAGAAGTGCCCGTAGGGGCCGGAGAACGACAGTTGGTCGCCTGGCTTGAGTGAGCCCAGATACCCTGATCCCTTTCCTCCCGGGACATGGTCAAAGACCAGCGTCAGGTGACCGGTAGAGGAAGGCGGTTCCGCCAGCGAATAGGCGCGATTGAGTGGGGGATGGTCTCCAACCGGCAACTGCAGGGAGATCCACTGACCGGGCTTGAACGACATCGGGCCCTCGACGGGGCGAAGCACGAGTTCCGTCGTGTGGGGCGTCAAGGGGATCAGAGAAATGATGTCGGCGACTCTGGTTGGTTCGGCCATGCTCTGTACATAACAAAAACCGTTTCAGAATGAAACTGCCGCGTTCTGTACATCCCCTCGGTCCCATGTTATAGATGCCCCGCTGTTTTCCGTTCCTCCACGCTCCATCAACCGCACGGTGACGCGATGAGTCAGGTCAGGGTCCGGTTTGCACCCAGTCCGACGGGATATCTCCATATCGGTGGGGTGCGGACGGCATTATTCAATTGGCTGTTCGCACGGCAGCAGAACGGCGTGTTCGTGCTTCGGATCGAAGATACGGACCAAAGTCGATCGACGGATGAATCCATTCAAGCCATTCTCGATGGGATGCGATGGGTCGCACTGGATTGGGATGAGGGCCCGTTCAGACAAACCGAGCGCATGGACCTCTATCGCGCCCATGCCATGCGGCTCTTCGACGAAGGGCGAGCCTACTGGTGCGTGTGCACCGCGGAGGAACTCGAGGCGCGCCGGAAGGAGGCGGAGGCCGCGGGGCGATCGCCCAAGTACGACGGGCGCTGTCGAGGGCGCGGTCTGAGCAAACCTGCCGGAGAGGCGGCGTTGCGATTCAAGGCCCCACAAGAGGGCCAGACCGTCATCGACGACCTAATCAAGGGCCGGGTGGTGTTCGACAACCAGATTTTGGACGATGTCATCATCCTGCGCTCCAACGGCTATCCGACCTATAACTTCTCGGTGGTAGTGGACGACGGCCTGATGGGGATTACCCATGTCGTGCGTGGGGACGATCACT
CP054184.1_gap66	2787525	2788563	1038	CGCACGGCGGGATCGGTGTTGACCACGCCGAAGCAGTTGGGCCCCACCATGCGCAGACCCAGTTGCCGCACCTTCTGCAGGAGTTCATCCTGCAGGCGTCGCCCCTCCTCACCCACCTCGGCGAATCCGGCCGTGATGACGACCAGTGCCCTGGCGCCGGCTGCCGCACAATCGTCCACCGTGGACAGCACCGCATTGATCGGCACGGCGATCACGGCCAGGTCGATCGGCTCGGGGAGGCCTCGGAGCGACGGGTAGGCCGGTAGACCGGCAATCGAGGCGGCATGGGGGTTGACGGCATAGGCACGGCCACGAAATCCGTTGACGTGGAGGGCCTCCGCCAACCGGTAGCCGATGCTGCCGGGGCGGCGCGAGGCGCCGACGATGGCCACACGCTGCGGACGAAAGAGGGGTTGCAGCGAGGCCGTCGTAGCCAGCCGCTCGCGCCATTCGGATTGCCGCACCGTCTGGTCGGTCGGGGCCAGCGAAAGCTCGACCTCCATGGCCCCCCCTTCGCAACGTTCCTCCATGGCAAAGCCTGAAGTGGCAAACACCTCCCGCATCGCGAGGTTGTCGGCATGGGTGATGGCCCAGAGCCTCGTGAACCCGTGGCGGATCGCCAAGAGCGCCAGGCGTTCCAGCAGAATCGTGCCGAGGCCGTGCCCATGCAGGCGGTCGTCGACGGCCAAGGCTACTTCGGCCTGGCGCGGGTCGCGCGCATGGTAGGAGCCGGAGGCGATGATGTGCAGGTCGCCTTCTTGGCGGCGGAGGGCCACGACGGTCAGGCTGCGTTGCGGATCGGTGTTGTCGCAGAGCGCGCGAACCACCTCCGCCGGCGGGGTCGTTTCCGAAAAGAACCGATACCGTCTCGCCGCCGGTGACAGGCGCTCCACGAACCGCTGCAATTCTTCGGCGTCGCTCGGTTGGGCCAGGCGGAGGAGCGCGACCGTGCCATCGCTCAAAATTACATGGCCCGACTCCTGGCGTTCGTCTCCGGAGGGGGGCAGATGGTGCGGGCGAATACGTTGCATCGAATCA
CP054184.1_gap67	2803056	2804806	1750	AGGCGGTCGAGAAATCGCAGCGGACCGATGGCCATGGGATTTGATCGGGCGTCGTGGGCGGTGAATTGATGAGCCTGGCAGGGGCCTACGCCAAAAACCGAGGCGTTCTGCGACAGGGGCGGTAGGGCTGTTGGGGAAGAAGGCGACGATCGGGCGAGTGGCACCGGTGCTCGAACCAGGCCTCTCTTGCCATCCGCTACGTCACTCGGGTGAGCCGGCAGGCCTGCTGATTGCTAGGTAACGGGGGTGCCGATAACGGAGGAGGGCGATCGGGCCCATGCGGATCCATAATGCTGACGTCGCGGCCCTGCTTGAGGAGATCGCCGCCTTGCTGGAAATCGAAGGCGCCAACCCCTTCCGGGTCAGGGCCTATCGGTTTGCCGCCAGGACCCTTCGCGACCTCACCCATGACGTGGCGGAGATGGTGGCCAAGGGCGAGGACCTCACGGCCTTGCCCGGGATCGGCGAAGACCTGGCGGGCAAGATCAAGGACATCGTGGCGACCGGCACGACCGCCGTGCTGGAACAAGAGCGCAAGAAGGTGCCGGCCACGTTGACGGAGTTGCTGCATATTCCCGGCCTGGGGCCCAAGCGCGTGCAGACCCTGTCTCAGGCCCTGAAGGTCCGTACCCTGGCGGACCTAGAGCAGGCGGCGCGAGAAGGGCGGATCCAAGCCCTGCCCGGTTTCGGTGCGATCACGCAGCGGCGCATTCGGGAAGCGTTGACTGCGCGCACGGGCGAGGAGCGGCGCATGCGCTTGGCCGATGCTGTCCCCTATGCGGAAGCCTTGGTGGAGTACTTGCGGCAGGTGCCCGGAGTAGAGCGAGCGGCAGCGGCAGGCAGTTATCGGCGAGGAAAAGACACGATCGGCGATCTGGATCTTCTGGTGACCGCCCGCCTCGGCCGACAGGTGATCGATCGCTTCGTGGCCTATCCCGGGGTCGACAGCGTGTCGGCGAAGGGGGACACCAAGGCCAGTGTGCGGTTGCGAAACCGGCTGCAAGTGGATCTGCGCGTCGTGCCGCAGGAGAGTTACGGCGCGGCCCTGCTCTATTTCACCGGTAACAAGGACCACAATGTGGCCCTACGGCAATTGGCCCAGCAGCGCGAACTCAAGATCAACGAATACGGTGTCTTTCGCGGCGACTCACGCGTGGCGGGGGAGACGGAGGAGTCGGTCTATCAGGCGGTGGGCTTGCCTTGGATTCCGCCGGAACTGCGGGAGGGGCGCGGGGAGATCGAGGCGGCGAGGGCGAACCGGCTGCCGCAGCTCCTGCAGCAGGATGACCTGAAGGGCGACCTCCATGCCCATACGAACGCGACCGACGGCCGGAACAGCTTGGTGGAGATGGTCGAGGCGGCCAAACGCCGAGGGTGGCAGTACGTGGCGATCACGGATCATTCCCGTCGCCTCGCGATGGCCAAGGGATTCGATCCCAAGCGGCTGCTCAAGCAGGTGGATGAGATCGATCGCCTGAACGCGACCCTCTCCGGCATCACGGTGTTGAAGGGCATCGAGGTCGACATTCTGGAGGATGGGTCACTCGATCTGCCGGACGGGGTGCTGGGACGGCTGGATGTGGTCGTCGGCGCGGTCCATAGTCACTTCAACCTGTCTTCGGCAAAACAGACGGACCGGATCTTGCGGGCCATGGACCGCCCCTACTTCACGATCCTCGCGCATCCCACCGGCCGGCTCATCGGGCAGCGTCAGCCTTATGAGGTAGACATGGCGCGCCTCATCCGGCAG
CP054184.1_gap68	2808708	2813666	4958	GCCCATTTTCCGTCCGCATTGCGCGGGATAAGATGACGAATACGGGCGCTCTGCTGTTCGGATTGGTCGGTGCGGGCGTCGAAGCAGGTTACAAGGCATCTAAAGATGCCTCATATGAGGAGGAGCTGACGCCCTTTGTGCAGGGGTTTGATGTGATCAAAGATAGTTCTATGGCATTTCAGGAGAACTTCTTATCTACAAAGCTGTTCTCGATGTCCGAGATCGTTCGGACCAGGGATGAATTGAAAGAACGAGGTTTTGATGCGCTGTTCACAGAAACGATTGAGGAATGGGGGCTGCGTCTATGTTTGGGGGTGGAAAATGTACAAGTGGCATTTGACATCCACGCAAAGCTCGTTCTGCTGTCGGACAATGTGACGGTATGGGAACGTGACGAACTATTTACACATGGTCCGTGTCGTCCGTTAGCTGATTTTAGGAACGATCGAGAGTTGCTCGGAGTGGAACTCAAGCGCGCCACTAAGGTTCTTGCAGGACGGATCGCGAATGAAATCGCTTTTCCATGAATGACGGAAGGAGGGTTCCTATGAACAATCTGTGGCGTCTCTGCGCGATCCTTGTCATGGCCCTTTTCACTGCTCTTTCAGGATGCGCTTTTCCAAGCGGACATGTGCGTCCCCTTTATACTCCCGAACCGGGAACGAGAAGTCCTATGAGTACCGTTCCCTCGAGCATGATTTCCGTTGAGGTCGAGGATGAGCGAGACTTGTATGTCGTAAATTGGCTCGGGGACCAAAAGAATAACTTTGGGTCCGTATTAAGAAAGGTCTTGTCGGACAACGACCCGCCGACGATTGTTCGGGAAGCGCTGACAGCCGAGTTATTGAACAATGGCCATAAGATTGTGGACACCGAAGGCGGTAATTCGGACGCAATAGTCAGAGTGACGCTGAAGAGATACTGGAGTGACATGGCGATTCATGCCTTCGACGTTGAGATGAAGGGAAGTCTTGAAGCGGATATTGTCGTACTGGTCGGCTCTGATAAGAGGCAATTGGTTTCGAAGCCGATTAATGGATCGTATCGAGAGAGTCGGCAGTTTGCCGGTGATTCAGCTTTTGAGAGCGTGTTGAATGGGGCATTGCACGAATTTGTGCGAGCCTTTTCCCGCGATCCCGAGATTGTCGATGCCCTGAGATCAGCCGCTTCTAGGAAAGAAGGCGTAATAGGCACGGGCAGAAAACATACAGCGGCCCATCAGTTCAGTCGTGGGTGTTGCAGGCGATATCTCGTATTTTCAGCGCAAGTCGGATGGTGCCAAGTTCGATATAGTACCCATCTCTGGCCTTCTGATGTTGCGAATCTCCCTGCGCAGGAGCGACGAATTTCCCCAGGCAAGATATAGCCCTAGTCGGAATCGGCCCAAGCGAGCGATGTGGTGCTGTCTGAGTCTTGTGATCTTGGTTGATTGCGTCGAGGAGACGGCCGTATTTCGGGATTGAAACCGTACCATCCCCCGTCCCTCAGGACAGATTGTTCCACAGTGACAGAGTTACAACCATCACTACGCTGGCAGGCTTTTTCGCTTCCTGAACCAGAAGGAAGCCTCAGCGAGGTGACCTATGAAGTGAAGATTTGGGCCGCAGCCCATGATGCGCCTGGTCAGCTGGTCTATGCCCGTGAAGGGCTGCCTGAGCCATCTCACAACGTGCAGGAGTCGCTGCCTCCATCGATGACGCTCTTTTGGTCGGTGCGTGCGCGATTTCTCTTGAACGGGTTGCCGCGAGTGATAGAGGCGAAAAAACAAAAAAGCAGAGCGGAGGCAGGTCCAGAGAGCTCGACATCAACAGTGGAGATCTTGGAGAGGTTTCAGGCTTCCCGCTTCGCACCTGCGGGCCTGCTCACCACCTCTGCGTTTGACCTCGGTATCCTTCAGTGTTCCTCTCACCGAAGCCTCCGCTCATTTATTAAATAACGCTGTTTCGGGAGAAATCAATGGGGGCTCGCGCCCCAGTGGCCTGCGTCGTTGCTGTGGCAATTTAGGACAGAAGTCAAATGGAAATTCAGCGGTCGCAGCGGTTTGTGCGTGGCATGTCCTATGCTGTATCAGAAACGGAGGATGTATGCTGCCGTGCCGGTTGAGGGCGAGTCGCGGGGGAGTGACGATGCGATGGTTGGTGGCGCTGGATGAATCGGAGTTTTCCGAGCGGATCATAGGGTGGATGCGAGCGTTCCCACATTCCAAGCAGACGGCCGTCACGGTGGTGCATGTGCTTGCCCCATTGGATGTGCCTGAGACCATCGGCCTCACCGGGCAGCAGCTGCTGCTGCAACAACAGGGAGCGATGGTGGAGGCTTTGCTGCAGCGTGTGCGCCGACTCCTGGAAGAGTCTTTTGCGGACGTCGAGGTCATTTTGCGGGAGGGTGTTCCGAGCCGGGAGATTCTGCAAGTCATACAGGAACGTCGGCCGGACTTGGTCGTCTCCGGCATGCAGGGGCTCTACCGATCGCCGGGTTTCACGATAGGTGGGGTCGCTCAACGGCTCCTCTCCTATGCCCCCTGCAGCTTGATGCTGGTGCCCGGCAAGGCGCAGCCGGGCGATGGGTTGCGAATCATGTTGGCCACGGACGGCTCGGAAGATGCGCGGCGCGCCGCCCGCGTGGTGGCGGAATTGCCGGGTGTACGTGAGACGATGATCGTGAGCGTCGTCCGTCCGCTCGGCGCGGAGAAGGCGGTCCTCGAACGGTTTCAGCCCGAGGAGAGCCGCAAGATGGAAGCGGCGTTTCTGCGTCGGCGGCGAGCCGAGGCGCGTAAAGCCCTGGCCGAATGCGAATGCCTGCTGCGGCAGGCAGCGATGGTGGTGCGCGCCAGAGTGATCGCCGGGCATCCGGCCGAGGCCATCGTCCGTGCCGCTCGGCGTGATGCGGTGGATCTGTTGGTGGTCGGCTCACGCGGCCTGACCGGGATGAAGGCGACTGCGCTCGGGAGCGTGTCCCAGACGGTAGCGCAGTTGGCGCCCTGTCCAGTCCTGATCGTGAAGCCGTAGCAGAGGGGACGTGCGCAACTCCCATGGAGCGGCAGATTCTCCACAGAGGTCGTGATCATGGTGCAGATCACGGAGATGGTGGCGCGCATCGCCGACGGTGCCATGCTGGTGGATGAGACCGGTATGGTGAGGATGTGGAACAGGGCCGCCGAGCGGTTGCTGGGGTTTCGTGCCGACGAAGTGGTGGGGCGTCCTTGCCGAGACGTTTTATGCGGCCGAACGCTAGGCGGGAGCGAATTGTGTTCACCGGCATGCGAAATCGGGAAACGCCTTGCCGCAGGGACCGGCGTGCGAAACTACGATATGCAAACCCGTGCGAAGTCCGGTCGGGTCGTGTGGGTCAATATCAGCTCCATCCCCGTGCCGACCCGGAAGGCCGGTCGATTCATGAGGCTGCATCTGTTTCGCGACATCAGCCGGCAGATGAAAGTGTTGCAGTTGGCGGAAGATCTCCACGGTATGCTCTCGGCCACGGGCCATGCGGGTTCGATGCCGGCGCCGGCGCGACCGACGCCGCAGGCCTCCGCAAACCTGCCGGTCGGTCGAGGCACGTCGCCGTTGACGAAACGGGAGCAGGATGTGCTGCGGTTGATGGCGGCCGGGAGCACGACAAAAGAGATTGCGGATGCGCTGTTTATCAGCATGGTGACCGTCCGAAACCACATCCAACACATTTTTGAGAAGCTGGGCGCTCACACCCGTTTACAAGCCCTTGCCCTTGCATTCCCCCCCGGTCCGTCCCCCGCCTAGCGATAAGGGAGAGCCAACGCGCGCGGCCTGAGCGAGACGCGTGGCGTGCCTGTCGCATGATGCAACTGATTTAGCGTCAAAATGATGCAAACGTCTCATTGTCCCGGCGGTCATGCCTGCCTATGCTGTTCCTATGACGACCATTCCACAATCGCCCGGATCGGTCGACGATCCGATGAGAACGAGAAACGGAGTGAGCGATGTGGAACAGGTGTATATGGGATTTCGGGCGAGAGCGCGGACCGATTGTTCGACTATTGCTACACCGTGACGCCGGCGAAGTATCACAATGTCCCCCGCCACTAGGATGGGCGAGGGATCAGACATTCGCGCATCGAACAAAGGAGGGCAATCATGAGAATCAGAGGACACACAGTACGATTACTTGCGGTGTCCGTGTCGTTCGCGGCCATGACGGGGTGGTCAGCGATGGGCGCGGACCGCGCGCTGGGTCAGGCGCCGGGCATGGGGGCTCCGCCGTCAAAGGTGGAGATCACCATCAAGGATCGGCAACACGGATATGAAACCGTGGGGCTCACGATGCCGTCGCATGACACGACGGTCGTGGTGCGTAATCAGGATACTGTCACGCACGGGTTTGCCTCGAAACTGTTCAAGGACATTTCTGTGCGGATGGAAGGCGGGATCGAGGTTGCGGGAAGGAATTTCAAATCCTATCACGTCGATCCGGGAAAGACGATGACCCTGCACTTCTCCACGGCTCCGTCGAAGTTCGATCCTGCGACCGGCATTGCCGAGAGCATGCGGCACGCGCTCTGGTGTGACATTCATCCCGAGGTGAAGGGGGAGTTGTATGTCATCGAAACCAGGGGCGAAATCGGCGGCGGCTGAACGTCACGTTCGCCTGCAATCGAGAGGTTTCACCCATGAGACGCATGGGGTCAGCCCTGCTGATGAACGGCGTGGCGACCGCAGCCCTGGTCGGAACCCTGAGCCTGGGGAGTTCGGCCGGGGCTGCGGAACTTCATTTTGCAGTCCAAGAGGTGGGGGAAAAGCGGGCCCTCTGGGTGCCGGAGGAGGTGGTGCTGCACCGCAGCACGGAACTGGTGGACGGTCTGGTGTTCGTATTGGAAAACCCGACGGATCGAACCCATGCCTTTGCGGCCTACGGCCTGTTCGAGGAAGTGACGACCGCCGGCGGGGCCGTTGCCAGGAAGCCGTTGCGCGTCAATGTGACAT
CP054184.1_gap69	2869616	2872107	2491	CTTGTGGGCCGCATGGTAGGCCCAGTTCACCCCCGCGCCGAACACGACGAGCAAGGCCGCGACGACTCCGAGCCGGATCGTCAAGGGCAGGGTCCGCAACGCGGCTCGCAAGAACGTCCCCCAGCCCCGCCGCGATTTCGAACGGCGGCCCCGCCGGTGGCGACCCTGCGATTCGCTGGACGAAAAATCCGACGCCATGGGGGTACTATAACGCAAAGCTCGCCTCTTGTTTAGCACTAACCTCGTCCGTATCCTACTGAGTCCTTCCTTGTTGGTCTGATTTCTGGCCCTCACGAAATACGTGTATTTGCCTGAGTGTTTCGTTCGACAGTAGTAGCCGGTAGACGTAGGATCCCGCCAACCGACTCTTGTGGCAGCGCGCATGGCTGTCGTCAATGGAAACCTGTACTGGTCCTTGATCATGAATCCTGATCGTGCAGGAGGGAGCAATGTATTGGAATAGGTTTGCAGACATCGAAGTCCTCCCGGATGGTGATAAGGACTACCTGAGCGTAATCCAACATCTCAATGTTCAGTACAGGCTCGGACTGGCGGAGGAGCTTGCGCAACCCTCAGGCCAGTCAAAGGACGAGCAGTCAAAGAAACCCGTTCGCCACATAAAGAAGAAGCCGTTAGGATTTTACAAGAACGCTAGTGAGCCCCCACTCCTGTTTGAGGTCGACCTAGATCTCGGCGCGATCGACGAACGGTATGGTGACAAGTCCCTGACGAACTACGAATGGACGCGGGTGTATCTGGTCAGGGTGTGTGCTGACAAGGCCGACAAAAAGCCCGAACAGTCTACGGACGAGTATGAGTGGTATTTGCTCGACGGAGAGAGCGGTGTTCTGCATGCGTTGAACGCAAAATTCGGCGGGATCAATATTAATGACTCTTCATACGCAAGTGAGTATCTCGATTTCTTCTGTTCGTTCTTGAGCGCGAAAGAGGGGGTCTTTGCACTCATCCAGCAAGAAGCGGATCTGAACCAGCTCGAAGATCAGGGGGAACGATTCGAGGCTGAACTTGACGAACGTCGTCGATACGCAGTGTTTGATGAAAAGAAAAAATACATCAACAAGATGTCATGGGGCAAGGTAGAGGAGAAGCTTAAACAGAAGCTCGAGGAACTGAAGGAACGGAATGGGCAACAGCGTGATTCTTCTGGCCAAGGTGCTAGCGCTGGGCCTGGGGATTCTGCTGCAACGGATTCTCGCACTGAGAACAAGAAGGTGCTGTATGGGTTGGTCTTGTACGGCAAGGAGGTTCGGGAATCCAGTTTTGAACTGACTGAATCCGGGATGGTCACTATGAGGGGGGATCAGGAGTGCCTGCGTGATCTGCCAGTTAGACGTCACACGACATGGCGCCACAAGAGATCCGGTCTCATTCGGTTTACCAAGAGCGCTTCCAGGAAGCGCATCCCTGCTGCTGAGTTTAAAAACTTGGTAGTGAGGGCAGTGGGAGTTGCGAGTTTTTATTTTGTGTTGATAGAGGAGAATGTGAAATTTGATCCGACCGATAAAGTGAGTGCACTTGAATGCCTGGATGTGCACTTTTTGGGTGAGGTGACTTTCGACCACTGCGATGTGACGGCGGTGTTTCGATTTGAGGATTGCAAGTTCCTCGGCGGTTTTCATGCTCCCGGCACAACCTTCAATTCCCAAGTCTCCTTCAAGAAGTCTGAAATCTTTTTTCTTTCTGAGACGTGGCTGGCCCAGTTATCTATGAAGAGGAAGAGGGGGGAGGGAGACTATCCGGTAGCGCTGACTTTGGACTATGCCAAGGTTAAGGGAAGCCTTAGTTTGGAATGGCTCACTTCCCATGGATCGGTGAGTGGCCGACATCTCACTGTCAAATCGGATGCCAGTTTTTCCGGGCTGCAGGTCCTACCGCTTGTGGGTAGAAGCAGCGAAGCTTGGACGGATAAGTCCAAGCCCGAGCCTAAGCCATACAAGGCTGCCCGTGGAAACGGCCCGGTGTTGTTGGATCTTCAGCGCAGTTCGTTCGCTGGATCCCTCAATCTAGGGATCTCCGTGGAAAAGGACGTGGGGCTGAAGCAAGGAACGCTGTTGCGGCGAACCCGCGTGACCGTGTGCGGTGATTGCCGGTTCGATACCATGTCGATCGGTAAGTCCCTCATCATTGAAGGGCTGGCAGTTGTGAGGCCGAGAACTGAGGAGGTTGACCTTAAGGACTTTCGATTTGGGGATTGTGACAGGACTCTTTCCATGTCCAATGTGACGGTCAATGGAAACATTCAATCCTGGGAGTACGATTCTTGGGACCTCTCCGGTCAAACGATCCCGCCTCCGCTCGTCGTCGATGGAACCATTGATCTGAGGTGGTCCAAGATAGGCGGTTATGTCGATCTCAGGATGTCGCAGGTGAGAAAAGATCTCGATTGCATCGGCATGCGCGCTGCCTGGCTTACGTTGGAGCCTTTCCGACCCGATGACGTTGCATCGAACGATGACCAGCGCCGGAAGGC
CP054184.1_gap70	3000992	3003061	2069	CCGAAGCCCCCTGGCCGATAATCTGTCCATTGCGTTGGGTACGTCCGCCGTGTCCCTCCTCGAAATCACCTCGGCCTACGGCGCGCTGGCGCATGACGGCCTGTATGTGGCGCCGACGGCGCTGCGGGCGGTATTCACGGCTGACGGGAATAGCACGTGGCGCCATACGCCCGAGCGGCGGCAGGCGGTCTCGCCACAGGCGGCGTATGTGATGACCTCTTTGCTGCAAGGGGTGATGGAACGCGGCACGGCGGCCAGGGCGAAGGGACTGGGTCTACGTGGGCCGGTGGCCGGCAAGACGGGGACGACCGACGGGTACCGCGATGCCTGGTTTGTCGGCTACACCCCCGAGGTCGTGGCCGGGTTATGGGTGGGATTCGACGAAGAGGGGGCTCTGCACCTGACGGGTGCGCAGGCGGCTCTGCCGATCTGGGTGGATTTCATGCGGCGGGTCCAACCGGCCGGGCCGCAGAGTTTCTCTCAGCCGTCGGCAGTGGTGGCACGAGAGATCGATCCGTCGACCGGGCAATTGGCGACCTCGCGTTGCCCGCAGCGGACGGCGGAACTGTTCATCGACGGCACGGAGCCATCGGCCTATTGCGAAGTGCACGGCAGTGGATTCTGGGAGCGACTCAAACGCAGTTTTGGTTTTTCCTAGGTGCGAGAAATGAGCTGGTGTAGGCTCGGTCCATGTTCGGATGGTCGCCTGGTTCACCCACCACTGCACGTGACAAGGAGTTTGTGATGAAGAAGCCCGGCTTTGTGGAACACGACAATATCACCCTTCTGGCCAAAGGGGTCCTGCTCAGAGGCGAGATTCGCGTCGAGGGCACCGTGCGGATCGACGGGCGTCTCGAAGGCGATCTGCACACGGCCGGCACCGTCGTCGTCGGGGAGGACGGCGTCGTCCAAGGTACCATCACGGCCGGCACACTCATCAGCAGTGGAAAAATCAAGGCGAACGTGCGGGCGATGGAGCGAGTGCAATTACTCAAGACCGGCGTGTTGGTCGGCGAAGTCCATACGCCGGCTTTTGCGATGGAAGACGGGGCGAAGTTTCAGGGACTGTCCGATATGGGCGTCGCTCTCTCCGGTGAGGAAGGGCACAAGTTGCCCGACAATGTCCGAGAGTTGGCCATGCAGCGGCCCAAGACGGTTGCCGCCATGGCGGAGAATGCCTGACAGGTCAAGCAATCCCAGCCTTCTGCAACAAGCCTCAGCGGTTCCCCCTCAATCCAACGGGATCGTGATCGTCATCCCGCCGATCACGTCGTTCAGCGCGAAGTCACGCTTGGGACTGAGCGGGTGGTGGTTGTGGCATTTCACGCAAGCGATGGAACTCGCGCGATCGGCATAGACCGCCTGAAAGTATTGCTTACGGCCGCTGGTGACGATGCCGGTATAGGCGCGGTCGGGTGTCTTGGCGAAACTCTCCAACGCTTGACGCTCCAGATCCGTGGCCGGGGCATTGCGCTGATAAATCGGCCACAGGCTGATAAGGCGATAGCGGATGCCTCGCCCCGATTCCGCCACGAGTTTGCCTGAGTGTTGGAGGAACTGCGCGGGAAGCGGCAGCGCATTCTCGTGTTCCCAATGCTCCGCGGCCGAAACGATACCTTTCGCCTGCATGCGGTTTACAACCTTGTCGGTATAGATGGTGCGGTCGGCGTCCAGCACAGCGTGTACATAATCCGCGACCCTTTCCGGGGCGATGCCCGGCGGGGGAGGAGGATCCTTGGCGGCCAGCGAATAGGTCGACGCGCAAGCCAGGCCCAGTCCAAGCCAGAATGAGCCTCTCCGGATGATGGTCAGGATGGGACGCATGGTTCCTCCTTCCGCACCCCCGTCTTGTCCGCCGGGAGCGTGATGACGCAGGTGGTGCCCTGCCCCTCCGTGCTCTCCAGTTTGATTTCGCCGCCGAACTTTTTGATCAGCCGTTGGGCGACGGTCAGCCCCAAGCCGGAGCCTTCTCCTTGCCCCTTGGTGGTGAAGAATGGGTCGAACACTTTCCCCAAGTGTTGCTTGAGAATGCCCGGCCCGTTGTCGCGGATCTTGACGGTGATGAGCCC
CP054184.1_gap71	3007151	3011013	3862	GCGCGGGAGTGATGACATAATCGCCTCCGAGCGAGGGCCCCAGGATTTTTCCCGCGATGGCTTTGTCGCCTCCGGTGAAGACGAAGCCCAGTCCCCCCGCGACGGTGCCGAGGACGGCGGCCGCCAACTTGAGGCCTCCGTAGGGGAGGGTCAAAAAATAGCTGCCCAGGCCTTGAAGGGCCTCGGTGCCGGCTCCGGCGGCGGCGGGGCGGACTGATAGGGTCGTATGGGATCCGAGCAACAGGGCGAGGACGATCACGGTGGTCCGAGTGAACCGCATAACGAAACTCCTTTCAGCTTCATGGACCTGTGGCAGCAGCATCGGCGCCTAGTCTACCCGGCGCTCGCCCCAATTTCCATGTGTTGCGGGTGGTCGGTTTCCGGCCCGATTGCCTTCGGCTTCGCGGATACGTTATTCTGCGCAGCATGATCAGCGCCGAATCCGTCACGGCACATATTCAGGCCGTCTTTCCTGACGCCGAGGTGACCGTTGTCGATAAGACCGGGACCCAAGACCATCTGATCGTGCGGATCACGTCGGATGGGTTTATCGGGAAGAATCTGTTGGATCGGCACCGCCTGGTGTATCAGGCCTTGACCGCTCCGATGAAGGACGGCCGCATTCATGCCTTGGAGATTACGGCACAGACCAAGGATGAAGCCAAATAGGAGGGACAGATGGCTGATCCGATTGAAGAAGAAATCCAGCGCGAGATCAACGCGAATAAGATCTTGATCTACGGCAAGGGCACCAAGACCATGCCCATGTGCGGGTTCACCAGGGAGACCATGCATTTCTTCGAGAAGTATGGGTATCCCTACGAGGTCATCGACGTGTTGTCCCAGCCGGCGAAGCGTGAGGCCCTGACGAGGATGACCAACTGGCCGACCTTGCCCAAGGTGTTCATCGACGGCCAATTTTACGGGGACACCGACATCCTTGATCCGATGGAGGCCAAGGGCGAGGTCGTGCCCCTGCTGAAAAAGGCCTTCGGCGCCTAACCATCCGCCGTCCGGCACGTGCAACTATGACGGGACGATCAGTTCTCGGTTAGTGCTTGTTCGGTCCTCCTCTTGCCGATAGAATCCCCGCTGCGCGTATGGGTGAGGACGTCCGAGGCAGACAGCCGCTTTGTGTCGATCTTGATGGGACTCTCATCAAGACCGATCTCCTGTGGGAGTCTCTCTTGCTGTTGCTCAAGCAACAGCCCCTTCTGCTGTTTCAATTCCCATTTTGGCTCCTCAAGGGCAAAGCCCATTTCAAGCATGAGATCGCCCGTCGGGTGGCAGTCGATGTCACGTCCTTGCCCTACCATGATGAGTTGGTCGCATTCCTCGACGAAGAGCGCCGTGCCGGCCGTGAACTGGTTTTGGCGACGGCCAGCCACGTACTCTATGCGCAGGCGGTGGCTGCGCATTTGGGTCTCTTCGAGGATCGTGTCTATGGAAGCGATGCGTCGACCAATCTCAAGGGGGCGCGCAAAGTTGCGTTGCTGGTCAAACGCTACGGGGTCCGGCAGTTCGCCTATGCGGGGAACTCCACGGCCGATCTACCGGTCTGGGCGGAGGCGGGGGAGGCCATCGTCGTCAATGCGCCGCCCGGCTTGGTGAGCCGAGCCCGGGCCCTCACGACGGTCAGTCGTGTGTTCGAGTCGCCCGCCAGACGGCTCAAGGTTATTGCCAAGGCCTTGCGTGTGCATCAATGGGCGAAGAATGCCCTCGTGTTCGTGCCGGTGATTGCGAGCCATCAATTCACGAACGGGCGTGCCCTCCTGGAGGCCAGTCTCGCATTCTTGGCGTTCAGCCTCTCCGCCTCCGCCGTGTACATCGTGAATGATTGTCTCGATCTGTCGTCTGACCGCATCCACCCGAAGAAGAAGCATCGTCCCTTTGCCTCGGGGAATCTCTCCATCCCGTTCGGCTTGGTGCTGGCGGCCGCCTGTCTCATCGGTGGGTTCCTGCTCGCGCTGGCCCTCCCGACGGCCTTTCTAGTCGTGCTGGCCGGTTATTTCGCGTTGACGACGGCCTATTCGTTCTACTTGAAGCAGTTCGTGTTGTTGGATGTCATCGTCCTCGCCCAACTCTATACCGTGCGGATCTATGGGGGCGGGGCGGCGACCGACGTGGTTCCTTCCCATTGGTTGTTGACGTTTTCGTTGTTCCTGTTTCTGAGTCTGGCGCTGGTGAAACGCTTTACCGAATTGCGGCTGATGAGCACGATGGATGAAAGTGCGTTGCATGGCCGGGGCTACTGGGTCTCGGATCAAGAGCACATTTCCAGTATCGGCACGGCGAGCGGTTTGCTGGCGGTCTTGGTGCTGGCGCTGTATATCAGCAGCAAAGACGTGTTGCTGCTCTATTCACACCCCGAAGTGTTGTGGTTGGTCTGTCCGGTCATGTTGTACTGGATCACCCGAATTTGGATGTTAGCCTACCGGAACCAGATGGATGACGATCCGGTCGTTTTCGCGGTGCGTGATCCGAAAAGTTATGCGATGGCCGCCATTCTGGGCGCGATTCTGTTTCTCGCCAAATAGCCCGCTTAGATTCCCCAGCCTCCGCTCAATTGCAGGTTCGCACCATTCACGTAGCGCGCGTCCTCGCTCAGGAGGTACCGGACGGCGCCGACGGCGTCCGAGACGCTGCCGACATAACCCGCAGGGATTCGCTTGACCATTCCGGCCAATTCCTCGGGCGGGGCGCTGCCCGAATCGATGAAGCCCGGAGAGACGGCGTTCACGGTGATGCCGTGTGGCGCGAGGAGTTTGGCCAATGTTCTGGTGAGGATGAGGACGCCCGCCTTCGCGATGTAATGTCCGGTTACGTCCGGCTGAGCCACCATTTGGTCGGCATTGGCCATGCTGAAGCTGACGATCCGCCCCCACTTCCGCGCTTTCATCCCCGGCACCACGGCCTGCGCCAGGTAAAAGATGGGATGGAGATTGCCGTCGAACATTTCGCGCCAGCCTTCCACGGTTTCGTCGAACAGATTGATCCGATGGTAGGGCCCGGCTCCGTTGATCAGGACGTCGATTCGGCCCCACTGTTGTTCGACTTGCGCGACCAACTGTCGGACGGCTTGCGGATTCGAGACGTCGCATTGCACGGCCAGCGCCTGGCCGCCTTGCGTCACAATGGCAGCGCGGGTCTCTTCCGCCGCTGCCGCGCTGGTGCGATAACAGATGGCCACCGACCAATGCCGGGATGCGAGATCCAGCGCGATGGCCCGTCCGATTCCCTTGGCTCCTCCCGTGATGAGGGCGACGTGGTGCGACATGGTGTCTCCTAGCCTTGACGAGTGCGAAGGCGTTTGGCGAGCAATTCCAAGGTCCCTGCCGTCCGTTGGGAAAAGACTCGCTCCTGTTTCGACCGTTGTTTATCCGCCGTGCAGTCGTCGATGAGGGCGCGGAGGTCCTCGACCGTATCGATGTCCCGCCAGGTCGGAAGTACCGCCGTGCTCAATCCAGCCTGCTGGGTCTTCTGTTCGGTCAGGGCCAGCACCCCATCGGTCGACCAGGGGATGTCGGCAAAGAGTGAGGGCTGAGGTTTGGTCAGGCCGATCAGGTAATAGCCGCCGTCCATGGCGGGCCCGAGCACCACGTCGTGGCGCGTGAGCCATTCCAAGGCATCTCGATAGTGGGTCAATGGCAGAGACGGGACGTCGGTTCCCACCAGACAGACTCGCCGGTAGCCTTGCCCGAAGAGCGTCTCGAAGGTGTGATGCATGCGGGTGCCCAGGTCGTCTCCCACTTGGTCGAGGAGGCTGACTCCATGGCGGGCCTCCATGATCTTGAAGAAGACGTGCGTCAAGGAGGGGGAACAGGCGAGGTAGCGGTCGACCAGCAGTTTGAATGTGCCCACC
CP054184.1_gap72	3013859	3014654	795	GGAGTTGGTGCATGAGCCGTTTCATGACCTCGGGATCGTCGTTGACCCCTTTCAGTAACACAGTCTGCGCGCCCAGGGGAACACCGGCGTCCGCCAGCATTCCGCAGGCACGTTTCACTTCCGGCGTGAGTTCATCGGGATGGTTGAAGTGCAGGTTCATATAGAGGGGGTGATACTTCTTCACGATGTCGCAGAGCTTGGGGGTAATCCGCTCGGGGAGACTGCCTGGGACCCGGCTCCCGATTCGAATGAGTTCCAAATGGGGAATGGTCCGGAGCGCCTTGAGGATGCGTTCGAGCAGGTGGTCGGGCAGCAGTAGCGGATCGCCTCCCGACAGGATGACATCGCGTACTTCCTGGTGCGCGCGCAGGTAGGCGATCGCCCGGTCCAACTCACCTTTTTTGAGAAACCCCGGCTTCCCGACCAGCCGCTTTCGGGTACAGAAGCGGCAATAGATCGGACATTGATTGGTGACCATGAGCAGCACCCGGTCCGGGTAACGGTGCACCAGGTGGGGCACCGGGCTCATCAGGTCCTCTTCGAGCGGATCGTCTTCGGCATCGGCATCCGCCATTTCGGCAGGGTCCGGGACGACCTGTTTCCAGATCGCATCACCCTTTTCCTTGATCGTGGACAGTACGGTCGGTGTGATCCGCATAGGGTAGTCCCCCACGATGCCCTCGATCTCTTTCGGATCGACGCCGAGCTGATCGGCCAGGTCTTTCGGCTTGACGACACTCTGAGCCAGGATGCGTCTCCAGTCCTCCACGGGTCTATCCTTTCGCTGATGCCGGT
CP054184.1_gap73	3082131	3084444	2313	AAGAATACCGCGTACGTCATCGTATTTGATCTGTTGCGAACTATCGCCCTCGATCCGTCCGATTAATGCGCCACTTTCAGCGGTATCCATGCGAGGGAGACGATCAAAGAGGGCAAGGCAGAGCGCATCCAGCAAAGTCGTCTTTCCGGCCCCGGTAGGCCCAGTAATCACGAAGATACCAGAGCTGCGAATCGGCTCTGTCTCGAAGTCGACTTCAAATGGATCGGAGAGGCTGGCGAGGTTTGCGCCTCGGATCGCAAGGATTCTCATGTTGCGCCTGTCTGATCGTCCTCTGGTGATAAGATGGCAGTCAGCACTTCCTCAAAGGCACTCGTAAGCTCCGCTGCCGGCTCAACTCCGTATTCCTCGACATGTCGACGAGCAAACACATGGGCCGGCTCTAGCGCGTCTAGCTCTGTATCTCCTTCCACGGCGTCAGCCAATGTGCCTCCTTGTCCCTCAGTCTGTCGAACGATACGCGTGAGTCGGACTGGCTTCCCCTCCAATGCGGCTTCAATTCGTGGACGGAGCTCTGGCTCAGCTCCATCAAGCCGAACCGCGACCTCGAGAAATGGCCGGCGATCCAGGCCGGGATCGTCGACCTCGATGTGGCGCAATTCATCCTCGACTTGGTCTAGGGGCGCTGCGCCGACTTGTGGAACGCGAAGGAAGGCGACGGGTCTCGGCGTCCGCACCAAATCTATTGTGATGCCAGCGGTCGCATCAAGGTCGATCACTACAACACTGTGCTGATAATCTTTCTCGGCGACTGACATGGGGAAAGGCGATCCGGCATAGCGGATGACAGTTTGGCCTGAGACAAGCTGTGGTTTGTGGAGATGGCCTAAAGCTACATAGGAGACACTTGATGGGAAAAGATCAGAGGAAACCGCCTCCTCGCCTCCTATGACGATTCGTCGTTCACTCAGTTCCGATACTGCTCCGCCGCTCATATGTAAGTGGCCCGTAACGATCAATGGGAGGCCTACACACATAGCGTGCCCAGCCTCAATAACTTGCTGGTAGAGAGCGTGAAGGGGGTGTTCACCACTGGCTACTGCGGGAAGATCTCCAGGGCGTAGGTAAGGGACCGCAGCACACACCGCGCGAGGAGTTCCGGTCACATCCCGAAGTGCAATCAGTGTCTGGGCTGCAATCGGTTGACCATTATGCCGCGGCATTCCCCCGATGAAATGGACTCGGCTCGTATCGAGAAGATGTTTCGGCAGCTCAAGTCGTGCGGCCGAGTCATGATTACCGCCGATGAGCACTATTTGGAGATGCGGACTTTCCGTTATGGCTCTCCTTAAGAACTGATAGAGGCGTTGCTGAGCGGGGATAGGTGGATTAACCGTGTCGTAAATGTCGCCCGTGAGGATGAGTGCGTCAGCGTTTTGTTCGACCAGTTGGTTGGCTAGCCAGTCGAGAAATGAGTCATGTTCGACCCCACGAGCGAATCCATGGAGTTCCTGGCCAAGATGCCAATCAGAAGTATGAATGACCCGCATATTGGTTCTTCTCGATGGCCATGCTCCCGGAAGCACTTTTTACTGAACAGTGACGGCTGGATTCAAAATCTCATTACACAGGCGTTCGAGGCTTGGCGAGCTTTTGCCTGATTCCCACGCTTGGGCAAGACAAAACCCGATATGCAGTGTATTTTTCCGAAGTCCACCAGCATGGCCGTACTGCTTGTCAGCTTTTGCTTGAAAGGCACTCCAGTCAGCTGCACCAATTTCTGCTCTAATAAGAGCGCCGATATTTGATCGCCACATGACAAACCCAGGGCCCCACAAGCTGGTTGTGGGTAATGGGTTTTCGTTTGCCTTGCCTAGAAGCGCAAGCAGGGCTTTGTTATCTTTCTCATGTTTCGCCCTTTTACCTGGGTCCTGCTCATCGGCATCTGAATCAAAGACAACGAAAGTTGGAATGCCGATATGCTTGGCAATCACCAAGGGGCGTAACATCTCGCTCTTGCCATTCACGGGGACAATATGACAACCGCTGCGGCGGTACTGGTCCCATTTATTGAGGAGATGAAGATAGGAACTCAGATAAGCAACATCTTCAAGACCTTCGACCAATACGAGACGGGAGGTAAAAAACATCTCATTGAGTGAAGGCTGTAATGCTTGGTGAATTTTTGCCAGAACACCCTGAGGTTTGCTGGGCGCTTCTCCCGTGGCGAGGCGTAAGCTCCCCGTAAATGCAGACACTCAGTAAGGAGAACTTTCTGGCTTCTGACGTTGACCCCATTCCGAGACAGCTCTTAAGGAGAGCAGACGACTTTTTCGGTGTCCTGTTCTTCCTGAC
CP054184.1_gap74	3119293	3123524	4231	CTGGCCGAGTCGCTGCTCGAATCGGAACTCTTCGGCCATGAACGGGGCGCCTTCACCGGCGCGCTGGCGTCGCGCAAGGGCCTGTTGGAAAAGGCGCATGGAGGCACCTGTTTCTTGGACGAGGTGGCGGACCTGTCGCTGCCTCTGCAAGGCAAACTGTTGCGCGTCTTGCAGGAGAAGGAGATTCGCAAGGTCGGCAGCACCGTGCCCACGCAACTCGACGTGCGCATCGTCGCCGCATCCAGAAAGCCGCTCGACTCGCTGGTGTCGGCGGGCAAGTTCCGCGAAGACCTGTTCTATCGCATAAATGTCGTCACGATCGAGATTCCGCCCTTGCGCGAGCGGACGGAAGACATTCCGTTGCTGGCGCAGAAATTCGTCCGCCTGTACGGCACGTCCAGGACGCCGCCCGTGACGGACATTTCGCCCGAGGCGATGACGCGGCTCACGGACTATCGTTGGCCGGGCAACGTGCGCGAATTGGAGCATGCCATCGAGCGCGCGGTGGCCTTAAGCCCTGAGGGAGTGATTCGCCCTGAGGACCTGCCTGCGACCGTCACGACCGGCTCCCCGCCGTTGCCTGTGCCGGAGGAATCCAAGGGATGGGTCACACTCGACGATCTGGAGCATGACCACATCCTTCGCGTGCTCGACGCCCATGCTCACGATCTGAATGTCTCCGCCTCGATTCTCGGGATCCACCGCAAAACCCTCCTTCGCAAGCTGCGCCGCTACGGCTTGGCCGCCGAATACGGAGCCGAGTAAACGACCCCGCATCGGCTGCCTGCCGGCATCCCTGGTTACTGCTTGGACGGCGGAACTGCCACATCGATCACCTTGTTGTCATGATCCACCAGGAGGATGACTGCATCGCCCTTTTGCAGGCCGGCGATTTTCGCGTGGACCAACTCACGGACTTCGTAGGGCCGCTCGGAGCCGCTGCCGGTGCGGATCGTGATGCGATTCCCCTGTAATGGGGCGACGACCTTTCCGTCCACCCGTTCATGGGCGCCCTTGATGGGGGACTTGCGCCCCGGCTCCTGATCGGCCTGCTTCGCCGCCTGCAGGTTGGTAAAGGTTGCATCGGCGATCTGGTTCGTTTCATCGATCAGGAACACGGCGGCTACGCCGACGGGAATGGCTGCGACCTTGCTCCGCGCTTGGGAACGGATGGGATAGGCCTGTTCCTTCTCTTGGGATTTGATCACGACGGAGTCCTGTCCGATGGGCAGGTTCTGTGCGATCTCTCCCCGAATGATGGTATGGCTGCTGGAGGTACCGTCCAACGGATGAAAGTCCACGAGAAGGTTCTCGGCGTTGAGTACGATGATCAGGTCCTCGCCTTCCTTGATGTCCTGGAATCCCTTCTCCTGCGCTTGTTTCAACGGCAGGAAGCGTGGTTGGACTTCTCCGATGTTGACCTTGATCTGTTCGGACGTGACGGCCTCAACCTTCCCGAGGACTGAGCGGTTGCCCTCCAGCAATTGCTTCGCCTCCTTCTTCAACTGCGCGGCCTCTTCCTTCTGCCCATGGGCAAGAGTCTCCGCCGCTAGAGCCGGTTGTGCGAGTGTCAGCCCCATCCATGAGGCGGCAGCCACCGTCGCTGCGCACAGCATTCGTTCAGCCCTCTTTGTCTTCGTCATCTTCATCTGGTTCCGCATGGCTCCTCCTTCTCTGGGTTGAGTCGTTGTTCTACGTGGTGAGAGAAGAGAGCAAGAGCCGGGCCTTGCGCGTGAGACTCCGCATCGCGTGACGGAACAGCGCGACTGTCGTGGGCTTTCCATCTGGAGGGAGGACAGGTCGGGCTATGGCCTGTCCGGTTGCCGCAGGGACAACCTGTCCTGCATCGGACAAGTCTTCCGTCGAATCGCGCGATGATACGGAGCGTGATGGCGAGCGCCTCGCGAACCTACGACTTGTCTGGATGCGTCCAGCGAGGCTTGGCGAAGCATCATGAGGTTGCGCCGCCTTCTCGGCACCGCTCTTGCTGAGTGTGTTCGCAGGTAATGATGGAATTGAATGGGGTCATGCCACAGCCTGCGCGTCCGATCGATCCTGCTGCGCCTCCCGGCTGGACCTACAATCCGTCCGGTTGGAGCGAGCGCCTCTGGTTGATTGCCGTCGCCATCGTCGGCTTCGGGCTCTCGTTCTATCTGGCCCTCTATCAGCTCGGCCAGATCGATGGGGTATGGGAGCCGTTCTTCGATCGAGGCAGTGAACAGGTCTTGCATTCCGACCTGTCGCGGCTGCTGCCGGTTCCGGATGCCGCGCTCGGCGCGCTGGCTTATCTGGTGGATGCCGTCGCGGGCGCGGTCGGCGGCACGAGACGCTGGAGAACGATGCCCTGGATCGTGGTGCTGTTCGGCGTGGCCGTCGGTCCGTTGGGGCTCGTGAGCGTGTTGCTGGTGATCGCGCAGGCGGTGTGGCTCCAGGCCTGGTGCACGCTCTGTCTGCTGTCGGCGCTCATCTCGGTGGTGATGGTCGGTCCGGCCATGGATGAAGTGTTGGCGAGCCTGCAGTTTTTGAAACGGACGTGCGACCGGCGGATGTCGCTGTGGCAGGCCTTCTGGCAGGGAGATCGGGCGCGGAGCGAGGAGGCGGCACCATGTGGCCCCATGTGGCGACGAGTGTGATCGGCGTCTGGTTAGTGGCTTCGCCGGATCTGCTGCAATACGCGGGCGCCGCGCGGATGAACAACCAGGTCGTCGGGGCCTGGATGGCGACCTTCGGCCTGATTGCGGCTTCGGAATCCGTGCGACCCATCCGCTGGATCAACGTCGTCTTGGGAACCTGGCTGCTCGTCGCCCCGTTCCTCTTGGCGTATCCCGACGAGCGGGCCTGCGGGAGTCTGGCGGCGGGTATTGCCGCGATTGCGCTGTCGTTGATCCGCGGCGCTCCGTCCGAACGGTTCGGCGGGGGGTGGACTGCGCTCTGGAAGGAGGTTTCGCAATGATGACCATGACGGGCAAGAGCCCGATTCGTGAACCGGAACCCACGGCGCCACCGCAAGGCGATCCGCCGGTCGATCGGCCGCAGCGCAGGGAGCCGCCCTATGACGAGCCGCCACGAAAGGCGCCGCCGTCCAAGGACGGCCCGAAAGAACGGAGGGTCACAGCATGATCACCTTACTCGTGGCAGTCGTGTTGATGGGGATGATTCTGACCGGGTTGTATGCCTTCGGGCTGTTCAACACGCCCTACACGGGCGCGTTCCGATTCGGATTTTACATGCTCGTGTTGATGGGGTTGGTAGTGGTGCTGCTGGCATTGGGAGGTCATCCCATGGAGGGCTACGACCCGACGCCGCTGTTGCCCCCTCCACCTGGCCCATAGGCGGGTTTTTGAGGTCATCAAAAAAAGAGGAGGAGGGAAGCGTGAACCAGTCAGCTGATCGTCGTCCGCCGATCGTGGTGATTACCGGAGCCTCGGCCGGCGTGGGCCGGGCGGCCGTGCGGGAGTTCGCCCGACGAGGCGCCTGGATCGGGCTCCTCGCCAGGGGCCGCGACGGCTTGGAAGGTGCGAAGAAGGAAGTCGAGGCCGCAGGGGGACGCGCGCTGGTCTTGCCGACCGATGTGGCCGATGCCGAGCAGGTGGAGGCGGCGGCCGCAGCGGTGGAGGGACGGTTCGGGCCGATCGATGTCTGGGTGAACAATGCGATGGTGTCGGTTCTGTCGCCCGCCCTCGAGATGACGGCGAAGGAATTTCAGCGCGTCACGAACGTGACCTATCTGGGGTATGTCTATGGCACGTTGGCCGCCCTTCGCCGGATGGTGCCCCGCGATGAGGGCGTGATCGTTGAGGTAGGGTCGGCCTTGGCCTACCGATCTATCCCATTGCAGTCAGCCTATTGCGGGGCGAAACATGCCGTGCAGGGGTTCGTCGAATCGCTCCGCTCCGAACTCATTCACGACGGGAGTCGCGTCCACATTACGACCGTCCAGTTGCCGGCGGTGAACACCCCGCAGTTCAGCTGGATCAAGTCGCGCATGCCCTATCATCCGCAACCGGTTCCGCCCATCTATCAACCGGAGGTGATTGCGCGGGCGATCCTTTGGGCTGCGTGCCATCGCCGGCGTGAAGTCTGCGTGGGACTGCCGACGGTCAAGGCCATCGTGGGCGACAAGTTTATTCCCGGTCTCTTGGACCATTACCTAGCCTGGAATGGATACGATGCCCAGCAGACGGCGGAGCCGATCAAGTCTGATCGGCCGAACAATCTGTTCGAGCCCTTG
CP054184.1_gap75	3132342	3134728	2386	CAGGCGGCGATCAATGCCGCCAGGGCCGATCTGCCGTCGAATCTGCCGACGAGCCCCAGTTATCGCAAGGTGAATCCGTCCGACGGTCCCATCCTGATCCTGGCCTTGACCTCCGAACTTGTCACCCGCGGCCAAATGTATGATGCCGCGTCGAGCATCCTGCAGCAGAAGTTGTCGCAGGTGGAGGGCGTGGGGCAGGTGGCGGTGGGCGGCGGTTCGCTTCCGGCCATCCGCGTGGACCTCAACCCGACCGCCTTGAACAAGTACGGCATCGGCCTGGGGGAGGTGCGCCAGGCGCTCGCCGCGACGAACGTGAATCGGCCGAAGGGGCAGCTCACGCGCGACGACCGGACGTGGGAGATCCGCACCAACGATCAACTCCACAAGGTCGAGGACTACCTGCCGCTGATCGTGGCCTATCGCGACGGACGGGCCGTCCAGCTGTCCGACGTAGCGACGGTCGAGCATTCCGTCGAAGACCTGCGGACCATGGGAGTCGCCAACGGCACGCCCGCGGTGCTGGTCATCATCTACCGGCAGGCGGGCGCCAACATCATCGAAACCGTCGATCGGTTGCGGGCGAGATTGCCGCAGTTGGAAGCGTCGCTGCCCGGCAGCATCTCCCTTTCGGTCGTCATGGACCGGACGCCGGTGATCCGCGCGTCCCTCCACGATGTGGAACGGACGCTGCTCATTTCCGTCGGCCTGGTGATTCTGGTGGTGTTTCTGTTCCTGCGGAACGTTCGCGCCACCCTGATCCCGAGCGTGGCGGTGCCCGTGTCGCTCATCGGGACGTTCGGCGTGATGTACCTCTGCGGCTACAGCCTCGATAACCTGTCGCTGATGGCGCTCACGATCGCGACCGGGTTCGTGGTGGACGATGCGATCGTGGTGCTGGAGAACATCACGCGATATCGCGAACAGGCGGTGCCGCCGATGGAGGCGGCCTTGCGCGGCGCCAGGGACATCGCCTTCACGGTGGTGTCGATGACCCTCTCGCTGGTGGCGGTGTTCATTCCGATTTTTCTCATGGGCGGCATGCTCGGGCGGCTGTTCCGGGAATTCGCCGTGACCCTGTCGGTGGCGATCCTGGTATCGCTGGTGGTGTCGCTGACGACGATTCCCATGCTCTGTGCGCGGGTGTTGCCGGCGGAAGGCACCGGTCACCAGGGCTGGTGGGCTCGTGCCGGCGAGCGGCTGTTCGAGGCGATGCGGCGGGGGTATGCCGCGAGCCTGCGCTGGGTGTTGCGGCATCCGCGCACCATGTTGGCCGTGACGCTGGCCACCATGGCGCTCACCGTGTACCTGTACATCCTGGTGCCCAAGGGATTCTTCCCGCAGCAGGACACCGGCCGGCTCTTCGGGAACATCCAGGCCGCGCAGGATATTTCCTTTCAGGCCATGCGGGACAAGCTGGCCGAGGTGGTCGACATCATCAAGAGCGATCCCGCCGTAGCCACCGTGACCGGGTTTACCGGCGGCGGCGGCCATGCCGGGACCACCAACACCGGCCGGATGTTCATCGCCCTGAAACCGCTGGAAGAACGCGGGATGAGTTCCGACCAGGTCATCGCGCGGCTGCGACCGAAACTCGCCAAGGTGCCGGGCGCACCGACGTACCTGCAGCCCATTCAGGACCTTCGCATCGGCGGGCGCGCCAGCAGCGCGCAATATCAATACACGTTGCAGAGCGTGGATCTGGCTGAACTCAACACCTGGTCGCCGATCGTGGAGGCCAAGTTGCGGACCCTGCCCGAACTGGTCGATGTGAACAGCGACCAGCAGGACCGTGGCCAACAATCCCTGGTGGTGTTCGATCGCGCCACGGCGTCGCGGCTTGGGCTGAGTCCGCAGCTCATCGACGACACCCTCTACGATGCGTTCGGGCAGCGCCAGGTCTCGATCATGTATACGCCGCTGAACCAGTACCACGTGGTGATGGAGGTGGCGCCGCAATACTGGCAGAATCCGGCGGCGTTGCACGACATCTACGTGCGCGCGCCGAACGGGGGGCAGGTGCCCTTGAGCGCCGTCACGCGCTATGAACCGACGAACACGATCCTTTCGGTCAACCACCAGGGACAGTTTCCAGCGGTAACCCTGTCCTTCAACATGGCGCCGGGGGTGTCGCTGGGGGTGGCGGTGCAGGCCATCGACCGGGCCATGCACGAGATCAATCTTCCCGCCGCCGTGCGCGGAACCTTCCAAGGCACCGCCAAGGCGTTTCAGTCGTCGGTCGACAATCAGCCGTGGCTGATCTTGGCCGCATTGGTCACGGTCTACATCGTGCTGGGCATTTTGTACGAGAGTTACGTCCATCCGATCACCATTCTCTCGACCCTGCCGTCCGCCGGCGTCGGCGCCTTGTTGGCCCTGCTCCTCTTCA
CP054184.1_gap76	3157260	3158628	1368	GGTTCATCGAACTCATGCATGGTGAGCTGGTTCCGATAACGCGCGGGAATCGAATGCAGTTGGTTCGTGAAGACTTGGACACCGGATTCGTCGATGTAGGTGTAAATGGTCGCGGAGGCGGAGGGCGGCGTGAGGGGGGCGGCGGAGAGCCAGAAGAGGAGTGCTGCCGGTGTGACGGACCTGCGGGAGAGCAGCATGGGAACCCCCGGCTTGTAATGATTTCAGGATAACACAGGGAGGGATGGGGATTCTGCAAGGTGGGAGCTGGATAAGTTGGCCCCTTTTTCTCTCGCTCGTGTCACTTGCTACGACTTCCCAGGAACGTGACGACATGACCTCGTAAGGCTGCTGCGAAGCGGTGAAAGGTTAGGTCTTCGGCTGGCTGTGTGAGTTTGGTTTTTCTTGAGTTGGTCGCCATCAAAAGCAGGAGGCAGAATAGAGCCGCTCTAATATTAAGCGGCGGCAGAGCAGTTCGTAACGTTTGCTATATGACACTCCTCGATACCGGCGAATTGCCGTTGGTACCTTGGTATACGTCTCGCCTCGGAATTCAGGATCCACCTGAAAGTACGGTTCCTTGTTGACGACGGGTGTTTTCACATTGTCGCGATCTTCCAACAAAAATAGATAACCTAGAAAGGAGGAGGGGCTTGCCCAAAGCGACCTTCTCGGAATGCCGTCCAGATGTCTTTTGCGCTGCCAACGGCTTCCTCTGCCCGATTGTTTACATTGTTGCCGATCGATTTCCCGGCTTGGGATTTGAACTCCATGGCCAAAACTAATGCGCCGTTTGAAACGACAATGAGATCCCATTTCTTTGTGGCTCTGAAATACCCCGGCAGCTCGAGCGCAGTTCTTGTGCGGACATCGACTTTTTTCAGCCCGGCATCGCATAAGATGTCTGAAACTAAAACCTCCAAGGCACCCATCTGGGTACCACCTGTGACTTCCCCCCGTGTACCGGCGTCGATTTTTCCCGATTTAACCTGTTTTTCTTTATTGTGCCTCCGAGCATCCCAGTAGCTTTGGACAGCGGCTTGTAATTTCTTATCAATGTCCAAGCGCGGCCTCCATCTTGAGCGGGCTGATCCCATAGATCTCGCAAGCCATCAGGGTCGCTCGCTCTCTATCTCGATGACAAAAGGCCTCTCTTAATTCATCGACCTGGGCCTTTGACAAGGTCTTTGGATCAGGGACTCGAATTCGGCGCAGATACTGCGCCTGGAAGCGCAAGTAGCCGCCTCGCATGCGGACTCCGTATGATTCGACAAAAAACTGGACGACCTTTGATAACAGTAGGCCTCCAAGGACCTCCAAGTCCCACTCCTCCGACTCGATGAAGTACAAATTGTGGTGAGGGTATGTTTC
CP054184.1_gap77	3210676	3214632	3956	GCAATTGGAGAATGAGCGTCAGCAACTTGCCATAGCCCGCTCGGAAGTGGAACGGCTCAAGATCAATATTTTGCACGGACTGGGTTTTGCCTTCGATGTTCGACTGGTCCTCACTGATTCCCTCAAATTGGAAGTGCCGGAGCCTCCCAACGAGGAGGCGGCGGTGGTGACAGCGATGAATCAGCGTATGGAAGTCAAGGCCCAGCAGCAGCGGATAAGGACGGCATCGCTCACGTTGAATTCCACTGAAACTGAACGGGTGCCGTCGCTGGCGGCACAGGGAGACTACGGCCTGATCGGAAACCGAATGCACAACACGCTCGACACCTACAACATCGGGCTCTTCTTGACGGTGCCCCTCTTCGATGGAGCGCGGGAAGGGCGCATCAGCGAATCGCGGAGTCAGGTGAATCAGGAGACCATTCGTATGCGGGTGGTGAGTAACCAGGTCGTCTTGGACGTTCGGGAGGCGCTGGTTACGCTGGCTTCCGCGAAAGAGCAATTGGCCATTTCTCAGGTCGGTCTTCAAGCCGCGCTCAAAGAGCTGGCACTTGCAAAAGAGCGATTCACGGTGTTGACGGCAGGCAGTAACTTCGAGGTGACGAACGCGTTGTACAGCCTCTCACGTGCACGGGACAATACGGTTGACGCCATGTTTCGTCTCAATGGAGCCCGTGTCAATCTCGCCAGGGCATTAGGCGAACTCGAAAAACTCAACTGAACCGCCTCCATCCCACCTGACTTTTGGGGACCGCCCACCCTCCGGGGAATGGTCAGAATACCTGCTGCGCCATAGGATCGTGCCTGTCACCATACATCAAGAAGCAGGAGGTGCAGCATGGCCGAGGGAAATCACTCTAAGCCGCAGGGGGGAAAGGCGAAATCAGTGGGAGTGCTGCTGAAGCCGGCAGGGCAAGGTGAACAGCCTAAGCTTGTAAACTACTCATACGTCAGCTTGGCTCAGGGTGTGGCGTATATCGATTTCGGTTTTCTAGAGCCCGCCAGCCTCAATGCGGTCATGCAACGTATGCAACGAGACGAAGGGTTGCCAAAGCACCTTGAGGGAACCAGAGCCGCCCGAGTTGCGCTCCCTCTGGATGCCATGGTTCGGCTGTACCAACAAATTCAACAACTCCTCGTCGGTCTCCAGCCCAGCAAGTCGAAACCCTCCTGATTGCCGCTTCAGCGCACCATGGCTGCCTCCACGTTCAGCGCAACAGGTCGGGCCGGTCAGGATGAATCCACAGACACGGGATTGTTCTGTCTCCGACTGCTTGGCCGGTACCACGATCTGGCGCTCGACGTTGGGCAACTCCGCCACCAATTCGGGCAGTCGGATCGTACCCTCACAATCCACGAGTTGGTACGGGCAGCCAAACATGTCGGGCTGAAAGCCGGTGTGATCGCAACAACATGGGAAGATCTGGCCGCCCTGCCGCTGCCGGCAATCGCCGGGCGGCAGGATGGCCGGTATGTGGTGCTTGCCAAAGTGTCCGAGGACACGGTCCTTATCCAGGACCCGCTGGAACCCAAAGCCAGGGTAGAGCGCAAGCAAGAGTATCTTGCGAGCTGGAATGGCACCCTGTTGCTGTGTCGGAAACGCGCAGATGCGGAGAGCATGGGGCGCGCGTTCGACCTCACGTGGTTTGTGCCGGTTCTGGTCAAGTACCGGTGGCTTTTCGGCGAAGTCTTGGCGGCTTCATTCGTGTTGCAGTTGTTTGCGCTGCTCACTCCACTGTTTACCCAAATCGTCATCGATAAGGTGTTGGTGCACAAAGGCTTCACCACGCTCCATGTTTTGGCTGTCGGCATGCTGGCGCTGGCTCTTTTCGACGCTTTGCTGGGCGGCCTACGAACGTATCTCTTTGCCCACACCACCAACCGTATCGATGTGGGACTGGGGACGCAGCTGTTTCGACACCTGCTGGCGTTGCCGCTGGCGTACTTTGAAGCTCGCCGGGTCGGTGATACGGTCGCCAGAGTCCGTGAACTGGAACAGATTCGTCAGTTTCTCACCAGCAGTTCGGTGACGGTCGTCCTCGACCTGTTCTTCATCGTGGTCTTTCTCGGCGTCATGTGGCTCTACAGCCCCACGTTGACCATGATCGTGATCGCGTCCTTACCGCTGTATGTGCTGTTGGCGGTCTTCATTACGCCGGCGATCCGCGCCCGCTTAAACGACAAATTCTCCCGCGCCGCGGAAAATCAGGCGTTTTTGGTTGAAACCGTCAGCAGGATCCATACGGTAAAAGCTCTTGCCGGTGAGCCGCCGCTTCAGCGTCGGTGGGAAGAACAATTGGCCGGATATGTGAACGCCAGTTTCCGCGCCACGACTCTCGCAACGGTCGCTGGGCAAGTGGCCTCCTTCATTCAAAAGGGCACCACGGTCGCTTTGGTCTGGATAGGCGCTTACCAGGTGATCGACGGTGTCCTGAGCATCGGTGAGTTGATTGCATTCAATATGCTGGCGGGGCAGGTCAGCGGACCTCTGCTTCGAGTCGTCAATCTGTGGCAGGAGTTTCAGCAAGTCGGGGTGTCAGTTCAACGTCTGGGCGACGTCCTGAATGTCCGTCCCGAGCCTACCTACAACCCCACGCGTACGACCCTCCCGGTAGTGGCAGGACGAATTGATTTCGAAGAGGTGACGTTTCGGTATCGCCCGGATGGGCCGCCTGCCCTTCGGCAAGTTTCGATGTCCCTGCCTCCTGGGGGAGTGATCGGGATCGTTGGGCGATCCGGGTCCGGAAAGAGCACGGTTGCCAGACTCCTTCAGCGCTTGCATGTCCCGGAGCGTGGGAGAGTCTTGGTTGATGGCGTGGATGTAGCACAGATGGATCCTGCGTGGTTGCGCAGGCAAATCGGCGTGGTGCTGCAAGACAGTCTTCTCTTCAACCAGTCGGTGCGAAGCAACATCGCTCTGACGGATCCTGGCCTGTCTATGGACCGCGTCATCCGTGCGGCAAAACTCGCCGGTGCACACGAATTCATTCTCGGCCTGCCGGAGGGGTACGACACCATCGTGGGGGAACATGGTTGTGCGTTGTCTGGAGGACAGCGTCAACGGATTGCTATTGCTCGCGCATTGGTCGCGAATCCGAGAATTCTGATCTTTGATGAGGCGACCAGCGCATTGGACTATGAATCGGAAGCCATCATTCGACAGAACATGGCGCTCATCTCTAAGGGACGTACCGTCATTCTCATCGCCCACCGCTTGAGCACCGTCCGATGCGCTCAGAGAATTTACGCGTTTGAGAAGGGACAGATTGTCGAGCAAGGGACGCACGACGAGTTGCTCCAATCCAACGGGCTTTACGCGAGATTCCATCGGCACCAAGAGGGCCGCTCCGCCGCGGCATGAAATATCTTGTTGAGAGTGGGCCCCCTGCATGGACTACAGTCACAAGCCATCACCAGGAGGGATCCCATGCGATTGATCACGACGAAGGAACTGAGAACGCTGAGCATCGCCACACGACATCATCACCTCATCAACAGTCGGCTGGCGATCTTGCGCTATGCCGACGAATATGGGTTCAAAGGTGCCGCCCGGCGGTTCGGCTTGGATCGCAAGACGGTGAGAACGTGGCACCGTCGTTGGGTGGCCAGCGGGCCCGCGGGGTTAGTCCCGCGTCATCCGCGCACACGGCGCCGACGGATCTCCGAGGAGGCGGTGCGGCTGATCGAGCACGCCCGCCGCGAGCTGCATTTTGGCGCGATGCGGACCCGGTTCTGGCTGGACCGGGTGCATCACATCCGTGTCGCGGCCGCGACAATCCGCCGAGTCTGCCGGGACCTCGGCTATCCGCCCATCCGGCGTACCGGCCCGCGACGCCCTCGCCAGCCGCTGCTCTTCAGTAAAGACCACCCGGGTGACTGTGTGCAGGTTGATGTCAAGGAAGTGAAAGTTGCGGGGAAGAAATGTTTTCAGTATACGGCCCTGGATGACTGTACAC
CP054184.1_gap78	3217277	3221884	4607	GGAAGTTGGGGAGGGGACTGATACCGTCTGGAGCTCCGTAGACTATGTCCTGACCGACAATCTTGAAATCCTCCATCTCATTACGGCTGGAGTTGAGGTGGAGACTACTGGCACGGGGAATAGGTTGGACAACCTCTTAATCGGCAGCATGAGTGCTAATGTACTCGTCGGACTGGATGGGAATGACACCCTTATGGGAGGCTGGGAGGCTTCGACGACTGAACCTTTTTCGGACGCGTCGGCGGATGATCGTGTTGTCGATACCCTGGTTGGAGGTGCAGGAGACGATACTTATGTGATTCTCGGGTCGTCTTCTCGCGAAGGACAGCCGGACAGAATCGTGGAGGCTGCGCATGAGGGCACTGACACCGTACTCAGTTTCGTGAGTTATACGCTAGGCGGCTACGTCGAGAACTTGGAACTACAAGGGGGGCAGGCACTCGACGGAATCGGAAATGCTTTGGACAACACCTTGGCCGGGAATGCTGAGCGCAACAGACTCAGTGGGGGTGCAGGAAATGATGCTCTCGCTGGGGGGAGGGGAAGCGACACGTATCGGTTTGATAGAGGGGATGGGATCGATACGATTTGGGACGAGGCCTACTCTGGGGAGGAAGACCGAATTCTATTCGGTGACGGGATCATTCCGAGCGATCTCACGATTTTCCGCACTCAGGACAGAGTCACGATTCAGGTCGGCAGTGCAGGAGATGTGATTCACTTGATGACGTTCGATCGGTTTCCTGAGCGGACGGATTCGGGCGTCAAAACCCTGGAATTTTCCGACGGGACCCAAGTCGACCTGGCCTCTCTGCTCGCTCCGACCGGATCAGAGGGGGACGATCAGTTATCATTTGGTGATGGGGACGATGTGATCGCCACATTCGGTGGGAATGATGTTGTCGTGGCCTGGGGCGGGGATGATCTCATTACCGGCGGAGCTGGCGATGATGTACTGAGCGGTGGGCCGGGCCATGATACCTATGTATTTAATTTGGGCGATGGGGTCGATACGATTACCGATCAGGCCTTGCCGGGAGAGGGGAATACGCTCTCGTTTGGTCCTGGCATCAGACCATCCGATCTTTCGCTGGGCCTGGGGTCCTTGCTCATTCGGGTCGGCACCGCAGGTGACGCCGTTCATCTGACTACCTTCGACCCCAATAATGCTCATGGCTCACACGATGTGGAAACATTCACCTTCGCAGACGGAACCGTCATGTCCTACGCACAATTGCTGGATCGAGGGTTCGACTTGCCGGGAACGAGCGAGACCGATCGTCTCGCTGGTACGGATGTGATCGATCGACTCTATGGATTGGATGGGCACGATGTTCTCAGTGCCGGTGCCGGTGATGATTTGATGGATGGCGGTGCCGGAGACGACTGGATGGTGGGTGGTATGGGGGCGGATCTTTTGATCGGAGGACAGGGGAGCGACGTGCTCGTTGGACAAGATGGGGATGATACCTTCCAGTTCTCAGAGGATGGAACCTGGGGAGCTGGATTCGTGGCGAGAAATGAAGGCAGTCCTGGATACAGCGGAAGCAGGCAGACGGTGAGCCTCGCTGGTAAGTCACGGTCGTTCGATGTGTTTCAGGGTGATGCAGACACAGATCGATTGATTGGGACTGGCGAAAGTGACGTTGTGGCCTTGGATGATTACTATAGCCCATTCTTAGCAGCCCCCAATGCTCGCCTCATGGACGTTGAAGTGATAGACGGCAGGGATGGAGATGATGTCATAGACCTTACTAGCCAGCGCTATCGCTACGGAAATACCATACTGCTCGGCGGTCTGGGAAACGATGTCTTGTGGGCTAATGGCGGCGACGATCGCCTCGATGGGGGGGACGGCCATGACAATCTTTACGGCGGTGTGGGGAACGATGGTCTGGTCGGTGGCGACGGAAATGATGTTTTGGATGGAGCGCTGGGCACGGATCGAATGGTTGGAGGGAAGGGAAACGATTTGTTCCTGGTTGATAGCCTCGAAGATCAGGTGATTGAACTGTCCGGTGAGGGGATTGATACGGTTCGCAGCAGCGTGGACATTGCAGTGAGTGACAATGTCGAGCATCTCACGCTCTTGGGCACCGCTCCGATTCGTGGGGCAGGCAACGAACAGGACAACACCTTGACCGGTAATGTGGCTCCCAATGTGCTTGCAGGTAGGGGAGGCAACGATACGTACATCGTGGGAATCGGCGATACAGTCGTGGAACGTATCGAGGAGGGCCACGATACCGTTCAAAGTGCGGTCACATGGGTGTTGTCCGAGCATGTGGAAAATCTGACCCTGACGGGGCCAGGTTCGGTTAGCGGTACTGGTAACGAATTGGGCAATGTATTGATTGGTAATGCCGGGAGTAACGTACTGATCGGTTTAGCCGGACAGGATACCTTGGAAGGAAAGCGCGGGAACGACGTCCTCAATGGAGGATTGGACAACGATCTGTATCTGTTCGGCAGAGGGGATGGGAAAGATACGATTCGTGAGGGGGGTGGGGATGAAGACGCCTTGCGTTTTGACGAAGACGTCAATCCGCTCGATCTCATCCTGAGCAGACAGGCGAATGACTTGCGAATCATGATCTTGGGTTCGACGGATCGCGTCACTGTCAAAGAGTGGTACTCGAATCCCGCGGTGGCTCAGGTAGAGGTCATTCAGGCGGGGAATGGCCAAGTGTTGGTTCATACCCAAGTGGAGCAACTGATCCAAGCGATGGCAGGATTCGCTCAGCAGACTGGTCTGAGTTGGGAGCAGGCCATCGCTCAGCGACCTGATGAGGTGCACCAGATGCTGGCTGCAAGTTGGCAATAGGAAATGACGATCCCCTGCCTCACGGTGATGTCTATAGCCATCACATGGCGCCTGGGAACCATGCAGCATGAAATGATCTCCCGTCCGCCTCAGCGGTCGGATGCGTCACCCTTTGTTCCTTCGATCCCTCGGCCAGCCTACGAGCAAGTCGACCGCTACCGAAGAGGTACAGCCTCCGTGGAATGGTCGCTTCTTCTTTAAATGCTACATTCGGAAGCATCGAATACAAATGGTTAGGAGTCGTTCAGTAAGTGAAACCCACTTCACGGTAGGAGGCAGCTAATGGGGAAGTATACGGTGTTCTATCTAGGCCTGCTGGTACTTGGGGTGAACAGTATGGGGGGATGTACAACCATTCCTTCTCACCCTTCAACTGCCCTGCCAAGCAGCGCTTTTTTCATTGTCGATGGGGCAGAATTGAAACCCCTTCAAGCCATCGCTCATGCGCAGGAGGCGCGCATGAAGAACTGCCACAAGGGTTTAGCATGTGAAGACGCGTATTATGTTCGGGGATTGGTGGCACTGTTCGAGAACCGCGCGGATGCGATTACAATCTTTCAAGAGTTGCGCACTGTGATGCCTAATAGTCGGTATGATGCCTCAGCGATCGGCTGGCTTAACTTGCTCCAAGATAAGGCTCCCGTTTCTTCTTACAATAAGGCGTTGCTGGGACAGTTGAGGCAAGAAATCATCCAGAATTTGCTCGAACGATCAGAACCAATGTTGGGGGCGACCAAGGAACAAGGGCGTCACGTCGCGGAACTCACGCGGTAGTTCGTGTCATCTCCCGCCGCCGAACATGGACGGCGGGACGGTTCCTTGTGCCTCTTTTCTCTCACCTGCAAACGCACAGTATCCTCTTCCAATTAAGCCTTGTCGCGAGGTGCGCATATGACGCACCGTCTCTTGCGTTCGGTTGAGTTTGACGAACTGTGCCGTTACACTTCAGCCGGGGACCGCTTCTTGGCGGAAAATGCCTGGGGAACGCGAGGAGGAAGCCATGCGCGCACTTATTCTAGGTCTTCTTGTACCCACATTCATCATCATGGGAAGTCAGTTGGTAAATAGCGGTGAATCTAAGAGTGGATCCGATCCTGGGACGAACGTTTCGCAAGAATCTGCAGCAAAGGATGGCGCACCAATGGTCCTGATCCAAGCTGGCCCCTTCATAATGGGGAGCAATGATGGATTACCCACAGAGCGACCGGAACATTCGGTCATCCTGGATTCGTATTTCATTGACCGGTACGAGGTCACTCTTCGGCTGTATTCGGTTTTCCTACAAGAGACGTCACGCGAGGCTCCATCGACGTGGAATGACGAGGCTGTTGAGGCGGTGAGCGATCGGCCTGCTGTTGGGATGGCTTGGGGAGATGCGTCCGCATATTGCGTATGGGCCGGCAAGAGGCTGCCGACCGAGGCTGAATGGGAAAAAGCAGCCCGAGGGACTGATGGGCGGCGGTACCCATGGGGTCATATGCAACCGTTTGTGGATATCGCCAATTATAACCGAGGAGTGTGGGTAAGTGAGGCCATAACGCTCGTTCCTGTGACAGGGGGGGTAGAAGGAATGAGTGTTCGCCATGGACTCAAGGACGGCGGCCGAAGCCCCTACGGGCTACATCATATGGCTGGGAACGCTGCTGAGTGGGTGGCAGATTGGTATGATCGTGAGTATTATTCCAAGAGTCCAGAACGGAATCCTGTTGGGCCTTCTGCCGGTGAAAAAAAGGTGTTGCGAGGCGGCTCGTGGGCAGACCTTCCTGTGGCTTTGAGGGTTTCT
CP054184.1_gap79	3356177	3358284	2107	GCCGCGTTGTAGCCATAGGCCGTATCCTCGTGGAATGCATCGCGGATTTTATGCACCGGGGCGTGCGAGACAACAATGCTTTGAATCTTGTCGTTGACTGTGGGATAAAAATCCGGCCAGGGTTCACCGATGGGGAGACGGCGAAGAGACGCCGGACCATGCTGCTGAGCCGATAGCTTCGAAAGATGTTGAAACAGACGCCGACTCGTTAGGGCAATCACGACGGCATCGACTGCATGGTGTCGATGGTCGTTTCGATTCTTCTCTATTGCTCCGTCTCCCGCCAATATGCGATTGAGCCCCCAAGTATGTCTGAGCCAGGCTGTCGCTTCGCCTTTGGACACCTCGACGGTCACGCCGAGAGTGGCCAGATAATCTTTGACTTCCCGGCAGATGTAGCGCGTGTCATTGAGCTGTCGAGTGATGAAGCCCTCTGTGTCGATTTCCTTCTGTTCAAATCGCCTCCGCTTCGACCAGGGAAAACAGGGCAAAGCACGAATTCGCTGGAGGATATCCGCGTACTTTTCAGGGCTGGAAGAATATGCCTCATATGGCGACCTATTATGTTTGATCGTCCGGTTTTCGCGAGCCAGACAGAGCGTTTTGTTCATATAGGAATCGTCGAGCGTCCGACTGTAGGGCAGGATGTGCTCAATATCCACATCCTGAGAGAACAACATCGCTTCGCCAATCGGCTGCCCTGTATAGAGACAAACACCGCCAGCTTCTTTCCATAGCCGGTATTTCACCTTGTCGTCACGTGATGGCTGCTGAATGCCTCTGGCACGCAGCGCTTCCTCTGCCTGCTTGTTCAGACTTTCGTTTTGCTTAGCCTGTTTTGCGAGGGCTATCTTCTGGGCCTTGCTCAGTTTCATGTCTCGAGCCATCTCAACCCGTATGACCGACGGTTTCCCATATTGCCTGATGACGGTATTGACCACTTTCCTCGCCTCATACAGGGCCTTTTGTACAACGGGATTTCGGAGTTGCGGTGGATTGCCAAGCTTGGCAGCTCCGGTGCCACCCCCGCTGCCAGTATGGACGTAGCCTGCCGCAGCACAGGCCTTGTCGTAGGTCAGTCCTTGCTCCAAATGCGGAAGAACCTTTCTGATGGCTTTTAGGGAGAGTCGAAAGTAGCCGTCCTCCAATTCTATTTGGGCCAGGTTCTCGGCCAACTCTTTCTCGAGACCCCACCAAGTGTGCAGCCGATTCAACAAGCCGGCCTCATTTTCAATGGTCAGCAAATCGCACACCAATAGATCGCGCTGCTCTTTAGAGAGTTCATTCCATTTCTCGCCAAGAACCTTCCTCAACGCATAGGATGTTTGGTCTCCGAGCAGCTCTTCCTTTTTCCCTTCTTCCAGATTGAACAGCTCGCCCTCATGAAGCCCGAGTGTTCTTCTCGCTTTCTTCCAACTCACGGTTTTTTGCTGTTCCAAGAGACGCAGTAACTTGTCTCGTTCTCCTGAAGACAGGTGTCGATACTCGCGAGTTGTTGGCGATTTGATCTGAAGGTGATTCAGATCCTGCAAGAGTCGGAACCTCTGAGCGTCAGGCCAGGCACGGGACGCTCGAAATCGCCGCGGCTCGAACGTGCACCGGCCTACCGATCCACTTTTTACTTTCAACGGGCGCTGATGAAAAATGATGTTGTGGACGACGACCTTGAAATCCCTCGTCAAGATCGTTGGATGAAATCGGCTTTGCGACTCCCAGAGCAGTTCGAATTCTTGCCGGTACATTTCTCTTCCGGTATGCCGCTCGCGTTTCTTCTGCTGACCTGCGAGGAATTCGCCCAGTGTGCGACATCCCGCATTCTGAATTGCTTGCTGAAGCTGGGAGATGGCCTGTTTGATCTCTCCCTCTTCTTTTGGTTTGGATTTGCGGTTGCTCTCAAATCCTCTTCGATGGCAGAGATGAATGAGGACCCGGCCAAATTCATAAGGAATCAGAGGCTGGTCTAGCCCTTTCCGCCTGAGTTCGTAGGGGTTGCCTAATGCGTTGTAGTGTGATTCCGCACTCGTTCTGTCGAGCCAATCTGGCGGGAGGAGGCCGTTGCTGAGCAGCAGTCTGAGTAGCTTTTCCCGGCGGCGACGACGGCGGGAGA
CP054184.1_gap80	3387042	3389086	2044	AGACGGGTGAGGAAGGTTCGATCGCCGCGGCACAGAACAACTACACCGTCTACAATGACGCTCTCGCATTTCAATTCCCGATCAAATGGCAGGAGATTCCAGCACCATTCAAGCCTCGCTACTTGTTCGGCGATGCAAAGTTTAATGCCGATATCTTGAAGTGGGAAGCGGATGGCTCGCTGCGTTCCTTTAAGGGGACTGGGTGGGATCAGGACTTTGAAGAGCGTGATGACTTCGAAGAAAAAGTCAAGTTGATGAAAGCAGAGTGGAAGAATGGCCGTTGGAGCGTAATGATCTCCCGCCCGCTGAAGGGTGATAAGGATGATTATGATGAATACACTCGCTTCGACGTCGGCAAGTACATTCCGATGGTCTTCTTCGCGTGGGATGGCCATAACGGAGACGCCGGACGGAAGATGGCGGTATCTGCGTTCTATTATACGATTCTTGAGCCACCGATCCCGCAGGAAGTCTACATCTACCCGGCAATTATCGCTGTGGGTGTAGTGATTCTTGAAGGTTGGATGCTCACTCGGCGTGCAAACAAGAAGAAGGGTAAGACTCTGTAATTGCTAGCCCACAGACTCAGTGGTCTGACGAGGGGGTGAGGAAACTCACCCCCTCGTGTTTTTTGCTCAGGAATAAGCTCAATGATCTCGATCAAATTTTGATCGTGTTCCGGTGAAAATTCGCGGGGGCGGGTTGGGCGTGACCAAGAAGGAAGTCATCGAGAATGTATCGGGCGTTCTGGTTGCCGGCGGGAAAAGTCGTCGGATGGGGAGCGACAAACGCTTCCTTGAGCTGGCAGGCAAGAGAGTGTTTGACCGCACACTAGCTCTCTTGGAGGTTCTCTTTAGCGAAAACTTCATTGTCCTGGCGGAGCCAGTTCCTGGTTTACAGTGTGGGACCGCGAGAATTGTCTACGACCGTGTGCCGAATGCCGGTAGCTTAGGCGGCCTGTATACCGGCTTGCTGACTGCAACACATGAACGGAGTTTTGCAGTTGCCTGTGATATGCCTTTTCTCGACCCAGAGGTTATCCGGTTTATGGCCTCGTTTGACCCATCGGCTGATGTCGTGGTGGCAGAAGTGAAGGGACAACTACAACCCCTGCACGCAATGTACTCACGCCGGTGCACCCCGTTTCTTCGTGGTATGGCCGACCAACAAGATCTCAAGATTCAGCATCTGTTTCGTGACCCAAGCCTACGGGTGTCTGTGGTCCGCTCCGAAGATCTGGAGGGAGTAGGAAGTGGCGTCGCTTCTTTCCAAAACATCAATACACCAGAAGATTTGGCGCGGATTACGAGGGTATCCCGTCTGCATCATGGTGGATGAGAACGATGCAGTTTCTTGCGCCAAGGCTGTATTGATCATTCACCCAGGCGCTCTGGGCGATGTACTTTTGAGCCGTTCCGCCATTCGAACGATCCACCTCAAGTTTCCGCAACATGAACTTATTTTCTTGGCCGACAGGTCGGTCGGGTCGCTCCTGTTGGAGTGCGGAGAAATCAACCGATTCGTTCCCATTGATTCATCGTGCCTCACGGAGCTGTGTGCAGGAGAGGAGCACATCCATCCTCTATTCCGGTCTTGGTTGAGTCGTTGTGAATACGTGGTTGGGTGGCTGCGCGATCCCGACGGCGCTGTGGCTGCAACGGTTCAAAGTCTCGGCATCCATAACGTGATGGTCATGTCGCCGTTCTCGCCGGGCCTTCGAGCGCGCCACCAGGCGGAGCGTTATTTAGAGACCATTGACGGTTTGGGCTGCGCTGCGTCCTCCTTTCAGCCGCTCATGCTTCCTCAGAGACTGAGTGCGGAAGGACCTCGCTACCTTGAGCACGTTGCTCGAAATGATTCGAGACCACTCGCGATCATTCATCCCGGGAGCGGCAGCGCACACAAATGTATGGAACCATGGCGGTTGGCAAAGCTTGTCGAATGGATGCGCGGCCAGGGCTTGTTGCCCATGCTATTAGAAGGTCCGTCAGACCTAGGCTCTGTGACGCAACTTCGATCGCTGTTGCAAAGGCCGGTGGCAGTC
CP054184.1_gap81	3516423	3519105	2682	TCTGCGATGGCTTTGTTGGAAAGTCCTTGGCCGATGAGCACGATAACTTCATGCTCCCGTTCCGTCAACACATCGGGGCATGAGAGCGTGCCTGCTGAGGCGTCGGCGGGCTGCGCTGCTGCGGTCGATGTAGGGTGCGCGCCGGTTATGAGGAAGTTGCTTGCCGGTAGGGGTGGGGGGCAGCTGCAGAGGTATTCAATGGTGGCAAGGAGCACCACGGCTGGCTGAACGTTCAAGACGATGGCATCCGCTCCGGAAGACAAGGCTTCCAATGTGCGGTACTTGTGCTCAATCCCGCTCAATAACACGAGTTTTGTCTTCGGCACGGTGGTCTTGACCTTTCGAATCAGGTCGGGAAGGCTGCTGTCCGGTTCAGTCTCGATCACCAAGGCGTGCGGGGGCTTGTGTGTCAAGCTGAGTTCAGCATCAGCCGTGCCGGCCGCTTCCCAGAGCAGCTGGAGGCGAGGCTGGGAATTGATGACAGTTTGAAGCCCCAGGCGAACCAGATGGTTCTTGCTGATGATGGCTGCGGTAATCGAGCGACCCTTCTCCTCTTGTCCGCTCATGTGACAATCCTTTCGATGACGACGTCCTATCGCGGTGTTCTCCGCTCAGCCGACCGGCCCTGCGGAGGCTGACGGTCAGACCATCCGCTCGCAACGAATTCCCCACGTGGTCCTCAGCACCTCCTCCAGCGGGCGTCCCAAGCACGCATGATCCGAGGATTTCTGGCTTGGTGCGACGGAACGGTCGCTGCTAGACAGGTTACCGGTCGGTTGAAGGAGGCTCAACACCGGCGCATCGGGGCAGAGGGCTTTGAGCGCGCGTAATGTGTCGGAGTCAGGAACTCGGTCCGTGGCATCGTCGGACCCGGCCCGTACCAGGATGGCGCCTGGTTGCAGTTCTCCGAGGTCCTCCATCATGGATTCCAGGCTCCTGGTTAACACGGCTTGATACCCGCTGGTCGCGAGGCAATCGGCTAGCTCAAGCCCGAAGTGCCAGTCGGGGTCGACAATCATGATGCGGATTCTGGCGGTTCGATGGCGGTGGTTCATGTGCGGCCTCCTCCTCTGGGCGTTGACCGGTCCCGCGCACTCATCGGCGACGTACCGGGTTCCTCCGCTAAGCCTCACCGGATTCCCGTTCCAACGAGCGGGGCGGAGATCGGTGGGTTGTGAATCCAGCATGACTGGCGAGTTAGGAGTACCGAGTTGGCAGGGAAAGTACCATCACCATCGACGCAGTTTCTCGGTCGATGATTGTCGAGATGGGTTGTCATCGTCCGTGCTACGTAGCGCAGGAGGGCGGACTGGGGAGGAATGCAGGAACGGCAGAGGTCAGTTGATCAGCCGGTTAACTAGCCGGTTTTCGATCGCGTAGTGCGTGAGTTCGGTATTGTTCTTCAGCTGCATCTTTTCGAGAATCCGGGCTCGGTAGGTGTTGACAGTGCTGATGCTCACGCACAAATCATCGGCGATGTCTTTGAGACTTTTCCCCACGGCAATGAGACACATCACCTGATACTCGCGGTCCGACAACTGTTCGTGCAGGGGCTTTTCAAGATCGTGCTCGAGATTGAGTGCCAGCAGCTCCGCAACCGACGCGCTGACGTACCTGCCGCCCGCGATGATCTTGCGGATGGCTTGAACCAGTTCCGTGGGTGCGCTGTCTTTGGATAGGTATCCTGCGGCGCCGCTCCTCAAGGTGCGCAAGGCCAGTTGATCTTCCGGATAGGCGCTCAGCACCAAGACGGGGAGCTTGGGGTAAAGCTGTTTCAGCTCCTTGAGCGCCTCCAGACCTCCCTTGCCGGGCATTCCCACGTCCAGAACCACGACGCTCCACTGCCGTTTGCGAAGGTGCTCCATCATCTCCTCGGCGTTCTGCGCCTCGGCAAGGACCGAGCAGTGGAAGTGTTCCGACAGGATCTGCTTCACCCCGTGACGGACGACGGCGTGGTCATCGACGATGAGGATTTTCATGATCGAAACCCCTTCGCGTCATAGCGGCTGATGGAAAGCCTCTCAGACGGCGTTAATCGTTGGATGCGCCTTCTAGTGGAATGCGGAGCGTGACGGTCGTACCCTCTTCGGGGTTCCGCTCGATTTTAGCTTCCCCTCCCAGTAAGAGAGCACGTTCGCGCATGCCTACCAGACCCAGCGAATGAGAGGCGGAGATCTCCTCGTCCGTGATGCCTCGCCCGTTATCGTGGACCTGGAGTAACAAGTTCCCCGTGTGTTCCTGCATGGTAATCGCGGCTTCGGAGGCCCCGGCGTGCCGGGCGATATTCGTCAAGACCTCTTGAAAGATCCGAAAGACACCGGTTGAACGATCGACCGGAAGGGTAATCGTCCGGAGGTAAATGTTCAGGATGCACCGAATGCCGGTCCGGTTCTGGAATTCACGTGCCTGCCACTCGATGGCCGGAATAAGGCCGAGCTGATCCAGGACCACCGGTCTCAGCTCGGTGGCGATCTTCCGTACGGATTGCATGGTCTGGTCGACATGGCCGATGATCGAGGTGGCCCGTTCATGGAGGTCCGATCGTACATCGGCGAGTTGGTCGCGCAGGAAGGCCAGTTCGAGTTTCACACCGGTGAGGGCTTGTCCTAGCTCGTCGTGCACCTCGCGCGCGATTCTCGTCCGTTCCTCCTCGCGGACGGATTCCAGGCGTCCGGTCAGGTT
CP054184.1_gap82	3533179	3537259	4080	CGAGAATCGGGGCGGAGAAGACCGGTAGGGGATCAGGTTGCGTCCGTGATCCACGCAGAGAGAGTGGCCAATACCTGATCAGGAGCGGTTTTGATGGTCTCGCCGGTCTGGCGACGTTTCAATTCGACCTGACCCTGGGCCAACCCCTTATCGCCGATCACCAAGTGGTAGGGCGCTCCGATGAGATCCGCGTCGTTGAACTTCACGCCGGCTCGCTCTTCGCGATCATCCCACAGGACTTCAATGCCGGCCTGCTGGAGGGATTGATACAGCTGCCCGGCGAGCTGTGTCACCGGTTCCGATTGGCTGAGCGGAAGCAAGGTGACATGGAAGGGAGCGATGGGGAGCGGCCATTTGATTCCCTTGGCATCGTGGTTCTGTTCGACGGCTGCAGCTGCGACCCGGCTCACGCCGATTCCATAACAACCCATGACGGCGAACTGTTCTTGGCCTTGCGCATCTAGGAACGTCGCCTTCATGGCTTGGCTGTATTTGGTTCCCAACATGAAGACATGTCCGACCTCGATGCCCTTGGCGGTTTTCAAAATCCCGTCTTTTCGCGGAGAAGCGTCTCCGGCCTGTGCATTGCGGAGGTCTGCGAATTGTGCGACCGTGAAGTCCCGATCCCAATTGGCGTCGAAGAAGTGGGTATCGGCTTGATTCGCTCCCACGACGAAGTTGGCCATGGACTGAACCGTCCAGTCAGCCAAGATTCTGATCTGCTTCAGCCCGACGGGGCCGACGAAGCCGGCCGGCGCTCCGGTCAGGCTTGGAACGCGTTCCGGCTTGACGAGTTCCACATCGGTGACGCCCAGGAGACGTTTGAGCTTGATCTCGTTGACTTCATGATCGCCGCGGACAAGCACGGCCACGGCCTCAATCCCCGTGTCGTACAGCAGAGTCTTCACCATCTGCTGGGGGGTGATCTTCAAAAAGGCAGTGACATCCTCAACCGTCCGGCGGTTCGGTGTCTTCACGGCGGTCAGCGGGCGGCGCGTCTCTTCGTTGGAGGCTTCCGGCGGCAGGACTTCTGCCCGCTCCACGTTGGCCGCATAGGTGCCTTGTTCACTGTAGACGATGGTCTCTTCGCCCGTCTCGGCCAGCACCATGAATTCGTGCGACGAGGTGCCGCCGATCAAGCCCGTGTCGGCCTCTACGGGACGGAAGGTGAGGCCGCAACGTGTGAAGATGCGGTTATAGGCCTCATACATTTTCTGGTAACTCAGTTTGGCCGCCGCTTCGTCCCGGTCGAAACTGTAGGCATCTTTCATGATGAATTCGCGTCCGCGCATCAGGCCGAAGCGGGGGCGGATCTCATCCCGGAACTTGGTCTGGATCTGATAAAAATTGAGCGGCATCTGGCGGTAGGACCGAACCTCGCGCCGGAACAAATCGGTGATCACTTCCTCATGCGTCGGTCCCAGGCAGAAATCCCGTTCGTGGCGATCTTTGAAGCGGAGGAGTTCTTTGCCGTAGAAGTCCCAGCGTCCCGTTTCGCGCCAAAGTTCGGCGGGGGAAGCCACCGGCATCAGCACTTCTTGGGCGCCGGCACGATTCATTTCTTCGCGGACGATGCACTCGATTTTTCGGAGCACGCGCAGGCCCAGCGGCAGATAGGTGTAAATGCCGGCGGCAACTTTCCGGATCATGCCGGCTCGCAGCATGAAGCGATGGCTGACGGTTTCAGCCTCGCCTGGATCTTCACGGAGTGTTGGGATAAGGGTTTCGGAGACGCGCATAGGTCAGGGAGCGATCAAGCGTTCGATGTCATTCCAGAAGGCAAAGATCATGATGCCGACAAGGAGCACCAGCCCCACCTGCTGCGCCAGCTCCCTCTGCCGGTCCTCCAACGGTTTCCGGCGGACCGCCTCGATAAAGAAGAAGAGCAAGTGCCCGCCGTCCAGAATCGGGATCGGCAAGAGGTTGAGGACGCCGAGGTTGATGCTGAGCATCGCCATGAGAAACACCAAACTTGAGGTGCCCTGTTCGGCCGCGTCACCGGCGGTCTTCGCGATTGTGAGCGGTCCACCGACGTTCTTCCGGGAGATTTCGCCCGTGATGATCTTGTAAATGCCCACGACGGTCAGTTCGGTCCAACTCCAGGTTGCTTGGGCCCCGAGCAGCGGAGCCTGGAGCGGATTGTTCGTCTGCAGGACGGTCTGGTTCTGGGCCGAGATCCCGATCTTGCCGACTTCGACGGCCTTCCCATCGACAGTGGTTTTTTCGGCCATCGGCGTCACCGTCAGGGTCTCTGACGCGCCCTTTCGGAGGATATCGAACTGCAGCGCACGGTTAGGGTTTTCTCGCACAAACCCGGTCATCTGAGACCAGGTGTGAATGTCATGGCCCTCGATGCGTACAATGCGGTCTCCGGCTGCCAGGCCAGCGCTCTGGGCACGCGATCCGGGAATGACGGCCGTGATGACTGGAGCCCGCTCTTCGACGCCTAATTGGTACACGACGACCGGTTTCCCGTTTTCCTCCAGAGTGGTTTTGCTGGGCGTGACCAGCGTGGTCTTGATTTGGCCGCCACGCGTGAAATCGAGAGTGAGTTGCCTGCCGTTACTTTGGGCGACGGCCTTCAGCAGTTCGGCGCTGGTGGAAATTTCCTTCTCGTTCACCCGGATGACGCGATCGCCCGGTTTCAAACCGGCTTGGTCGGCAGGGGACCCCGGCAGTACCGCTTCGATCTCCGGCACGATATCCTTGAAGCTTGGGATCGGCAGGGTGTACCCCAGTCCGATGTAAGTCGTATAGATCAAGTAGGCCAGAATGAAGTTGAAAATCGGCCCGGCGGCAACGATGAGAGTTTTGCCCCATAACGACTGGTGAGCGAAAGCCCGTTTCTTCTCTTCGGGCGTGACGGTTTCGTGTTCATCCTCCCCGAAGAGTTTGACATAGCCGCCCAATGGCACCACCGAGAGCAGGTATTCCGTTTCCCCGATCTGGCGCCCGAAAATCTTCGGTCCGAATCCCAGCGAAAACTTGAGTACCTTGACGCCGACCCAACGGGCGGCCAAGAAGTGCCCCATCTCATGAAAGGCAACGAGTACGCCCAAGACGACCAAGAACGGCAAGGCCCAATGGGTCAAGAGCGAGACGAAATCAGGCGACCACGCAAAGGCTGTTCCCACAACCACTCCTTGGGTTCAGAGTATTACCGTGTCAACGCGTGTACCAGGGACTCGGCTTTGTCACGCGCCCATCGGTCGGCTTCCAACGCGGCCTCCAAGCCGTCGATTGGACGGGGCGCATGTGCTTCCATTGTACTCCGAATGATATCAGGAATATCGAGAAATCGAATTCCATCCTGGAGAAATGCGTCCACGGCCACTTCGTTGGCGGCATTCATGGTCGCGGGCATGGTGCCTCCAATCCGCAACGCCTCATACCCAAGCGACAGACAGGGAAACCGATCGTGGTCGGGTTTGAAAAAGGTCAGCTTGCCGATCTCGGTTAGGTCCAGCGACGGAAGTTCCAACGGCATTCGCTCCGGGTAACGCATGGCATAGGAAATGGGTGTCCGCATGTCCGGAAGACCCAACTGCGCAATCACCGATCGGTCGCGATACTCCACCAACGAATGGATGATGCTTTCGCGATGGACCAAGACTTCGATATGGATTTCCGGGATGTCGAACAGCCAGCGTGCCTCGATGACCTCCAACCCTTTGTTCATCAGGGTGGCGGAGTCGATGGTAATCTTCGCCCCCATCTTCCAATTCGGGTGTTGGAGCGCGCGTTCGGGACCGACCTGTTGCAATTGCTCGCGTGAACAGTCCCAGAGCGGTCCTCCCGAGGCTGTCAGGATGATGCGCTTGACGTCCTCCCGCCGATGACCTTCAAGAGATTGGAAGATGGCGCTATGTTCGCTGTCGACCGGGAAGATGCGGACGTGGTGTTTCTGAGCCTCTGCCTGCATCAAGGCTCCGGCCATGACCATCGGCTCCTTGTTGGCGAGGGCGATCTGTTTACCCGCCCGAATGGCCGCCAAGGTGGGAACGAGCCCGGCACCTCCTACGATAGCCGAGACGACCAGTTCGGCCTCAGTTGCCTGGGCGACCTCCGCCACACCGCCGT
CP054184.1_gap83	3546417	3548486	2069	CCGGCCGGTCCGTGAGGAGGCGGAGTTCGGTTTTGGTCCGCTCTATGGTAAAGCCGCAGGGCATGAGTACGAGCACATCGGGAGATGAGGCCTGCAGTCTGTCCCAACCGATGCGTTGCGATGGCGTGCCGGCGGTGGCCAGCACGTCGAGGCCGCCGGCGGCTTCCACCATATCCGGCACCCAGTGACCGGCGGCATATAATGGGTCTAACCATTCCAGGCAAGCGACCTTCGGCCGGGTTCTGTCCGGTGGAATGGCGGCACGGACTGCTTCAAGTCGTCGACGCAGGACCGTGGCCAGTTGAATGCCGCCCCCTTCCTCGTGCAGTGCCCGGCCGATCGTGACCACGTCTTGCACAATGTCCGCAAGCCTGGAGGGATGGAGCGTGAGGACGCCAGGGGGCGGGACGAGAGCGCTGGTCACACGGCTCAGTTGTGATGGGGTTACGGCGCAGACGTCGCACAGATTCTGGGTGATGATCAGATCAGGCCGTGCGGCAAGCAGTTGCTGCTCGTTCAATTCATACAGCGTCCCAGTGCTGGATACGTGGGCGCGAACCTGCTCGTCGATGTGGGCGCTCGACAACGAATGGCTGTCGATGCGAGGCCGAACGATCACGGGAATGGTTCCCAGGCTCGGTGGATAGTCGCACTCATGACTGATGCCGACGAGATTCTGCTGGAGGCCCAGCGCCGCGACCACTTCGGTCGCTCCCGGTACGAGTGAGCAAATTTTCATCCACGTCCTTGAAGCGGGCCCCAGAGACGCGACTGAAGTTCCGAGAGCCTCGTGTCTGCGAGTGAATGGGTGATGGCATCGGCCTCACCGAGATCCTGGACGGTGTGGGTGTTGGCGACCGCCAAGACCTTCATGCCTGCGGCGCGTGCCGCCCGGATTCCGGGAAGGGAATCTTCGATGGCCAGGCAGTCCTCCGGCGTGAGTGCCGGAGACGCGGTTCGGCGATTCAGGCCTTCCATGGCATGCAGGAACGGATCCGGGGCGGGTTTGCCCCTGACAACATCCTCGGCGCTGGTGATGTGGTGAAAGGCCTTTCGAAAACCGGCTTCCTCCAAAATCAATTCGATTTCATGGCGAAGGGCACCGGAGGCAATTGCCAATGGATAGTGGTCGGCCGTCTCGCGGATCAGCTCGCGGACTCCCGGGAAGATCGTCAGGTGGTTCTGCACGGCCTTCAGATAGGCCTGCGCCTTCCGGTCCATCAGGTCGGCCAATAGGGCGGACGTCACGTCACGGTCGTTGGCGCGCAGAGCGGCCAGGAAACAGCCTCGGTCGTCGAATCCGAGATAGTCGGCATAATACTCGGTCTCGGTCAGGGTGATGCCGATATCGGCCAAGACCTGACGGAGAGCGGAAAAGTGCAGCGGTTCAGTGTCGGCAATGACGCCGTCGAAATCAAAGATGATCGCTCGTAGCTCGCTCATGCATCCTGTTCTTGCCGGTGGTGCGACGTGGATAGATGCCCGCAGGTCAGGGAAGGGGCGCCGCATTATAACAAGGGAATGCGGGGGAAAAAAAGCCGACGGCCCGCTCCGGTGGGGAACGGGCCGTCGGATGGAGGGAGATGGACTCGATCGTCAGCGTTTCGGTTTTAAACTGCGCTCAGGCAACCATCCCTTTCGTCCATCCTGAGTCCGTACGGCATAGATCCAGCCCTTTTTGTGATATTCGCCGTCCAGCACCGTCACGGTGGTGTTGGGCTGAACGGTGACACTTGTCTTGCTGCCGATCGAATCATAGAACAGCGGGATCAAAGCCTTCGGGCGTGAGGTGTCCGCCGCTACCAGTACCCGTTGTCCTTCCGAGAACCGCGGGCCGGCGATATGCGTGATCGGGGCGGTAGGTTTGACCACCGGCTTGGAGGACGCAGGGGCGACGGGAGTGGTGGTAGCAGCCGGAGGAGGCGCAACGGGTGTGAGTGTCGGCGGTGCTGCTGAGGACGGCAGCGCGGGTGCCGGAGGCGTGACGGCCTGAGGAGGCGTCGGTGTGTCGACCCCGGACGAAGGGGCAGATGCAGCCGCTTGAGTCTGTGCGGCCGGTGCTGGTGCCG
CP054184.1_gap84	3571463	3574863	3400	ACCTGCCGCGGTTCGTGCGGCAACTGTCCGAAAATCGCCGTATCACCGAAATTGCGTTGACCAGCAACGGCGTGCTCATGGCCGACCAGGCCGCCGATCTCTCCTTTGCTGGCTTGACGCGTGTGACCATCAGTTTGGATACCCTGCGCGCCGACCGGTTTCGCGCCTTGACCAAGCGCGATCTCCATCATCATGTGTTCGACGGCATCAAGGCCGTGGTCCACGCCGGGTTCCCCTCATTGAAATTCGATACGGTCGTCATCAAGGGCTACAACGACGACGAACTCGTCGACCTGATCGAATACGGCAAGACAGTCGGTGGAGAAGTCCGGTTTATCGAATACATGGATGTCGGTGGGGCGACGGACTGGTCGATGAGCCAGGTATGCTCCCGTGCGGAGATGCTGGACCTGTTGGGGCGTCATTATGGCGGGGTGACGCCGGTGTTCGAGCACAGCGTCGCGCCGGCGGAGCGGTTCATGTTGCCCGATGGGACGGTCTTCGGGATCATTCCCTCCACGACCACCCCGTTCTGCCGCTCCTGCGATCGCAGCCGGCTGACGGCGGACGGCATGTGGTACCTCTGCCTCTATGCGAAGGACGGACTCGATCTGCGCGCGCCGCTACGGGAAGGCCGTTCGCGCGACGAACTGAAGGCGATGATCACGGCGGCCTGGCAGGGACGCACGGATCGCGGCGCCGAGGAGCGGAAGGCGCTGGAACCGTTGGGCCTGCGGGAGCAGCGTCTCATCGAAATCGATCGTCTGCGCGAGGATCCCCACCTCGAAATGCATGCGCGGGGGGGATGACCCCGCCATGTTCGACTCTCAGACCCTGACCATGCTTGGGCTCGGTTTCGTGCTGGGGCTGCGCCATGCCCTGGACGCCGACCATCTGGCCGCCCTGTCGACGGTCCTTGCCGAGCGTCCGTCGGTGCACGCGTCGACTTCCGTCGGGTTCTTCTGGGGCCTTGGCCATACGCTTATGCTTCTCTGTGTCGGTACGGTGCTTTTGGCGCTGAACCTGACCATTCCGAACTCGCTCGCCACAGCCTTCGAGTTTGCCGTGGGGATCATGTTGGTGGCGCTCGGGCTTTCACTGGGTCGCCGGATCTACCGGGAACAGTGGCACCTGCATCAGCATGAGCACGATGGCCGCGCGCACGTGCACCTCCATAGCCATCACCTGCAGCACGACCATGCCCATCGCCATTGGTTTCACGGTTCGATGCGTCCATTGTTGATCGGCATGGCCCACGGTCTCGCCGGTTCCGCGGCGCTCATGTTGATGCTGTTGTCCACGGTGACGGGACTGGGGCAGGGCATCGGGTATATCGCCGTGTTCGGAGCTGGGTCGATTCTCGGCATGGTGGTGATGGGTGCGGTCTTGAGTCTGCCGGTCGTCTGTTCTCTGGCGGTCGGGCCACATGCCTACCGAATCGTGCAGGGTGTGGCCTGCCTGGCGAGCATCGGGCTGGGAGTGGTGATGATGGTGCGGATCGGCTGGGGCGGCGGGTGGACCTAGATCTGGAGCGCCGGCATCGGTCGTTTCACCTGCAGGGCGTGACTGCGATCGGTTCGTGGGGCTGCCGTCAAATCTGTGTGCGCTGTTCGAAGTTGTGTGCTATCCTGCCGCGCAGTGCAGCCGCCGAACGAACCAGCATGTGGGGAAACGCGTAGGCCGGATGGCATTCACATAAGGCCCGAGCGATGAAGGTTCGGGTCTTGGGATGTCACGGCTCGGCGCAGCTGGTGGAAGGGGAGTGCGGCCCCGTGCCCTGTGGGACCTGCGGCTTCCTGGTGAACGACAGTGTGGTGGTGGATGCCGGGACGATCGGGTCGCGGTTGTATCTCGACGAACAGCGGCGCATCCGGGTCGTCCTGCTGACACACCTGCATTTCGACCACCTTCGTGAGTTGCCCACGCTGGCGGATAATTTGGTCGGTGAGACGGATGCCCCGGTCATCATCGCCTCCATTCCCGAGGTGCTTGAGGGGTTACGGAAACATGTATTCAACGGCGCGGTGTATCCCGACTTTTTTCGTCTCCCCGCGCCGGACCGACCGGTGTTGACCATGCATGCCCTTCAGCCTGGCCGGGAGGATCGGTTGGCGGACTTGGGTGTGACGCCGATTCGCGTGAACCATGTCGTGCCGACTGTGGGCTTTCTCCTCCGTGATGGTCATCGGACGCTGTTGTACAGCGGAGATACCTATGTCACCGACGAATTGTGGCGGGTGGCCAAGGTGGAGGCGGGCCTCGCGGCGGCTTTTATTGAAACATCGTTCCCTAACGAGTTGGATGACCTGGCCAGGGCGGCCAAACATTTGACCCCGCAGTTGTTGGCCGGGGAGTTGGCCAAATTGGACCGGCCGCAGGTGCCGGTCTACGCCTACCACTTGAAACCGCGGTTTCGCGAGCGTATCGGCCAGGAACTCAAGGATCTGGGCATCGAGGGGTTGTCCGTGCTGGAAGAGGGCCAGACCCTCCTACTATAGGTGAGCAGCGATGGCGTGGTTTAAAAAAGGAAAGACCCAAGAGCCGGAGCCTCCGAAGCGATCCAAGGCGACGGAGGGGATGTGGTTGAAGTGCAACCACTGCCGGGAGATCGTGTACCGGAAGGAAGTGGATCGCAATAACAAGGTCTGTCCGAAGTGCGAATACCACTTCCCGATCTCGGTCCTCGAGCGGATCAATCTGCTGGTCGATCTGGGCACGTTCAAGGAGTGGGACGCCGAACTGGAGCCGCAAGATCCCTTGTCCTTCCAGGATACGCGTTCCTACAAGGACCGCATCAAGTCCCAGCAGGAGAAGACCGGCCGCAAAGACGCCATGGTCATTGGCCAGGGGGCTATCAACGGGCGCAAGGTGGCGCTCTGCGTCTTTGACTTCGGGTTTATGGGTGGCAGCATGGGGTCGGTGGTGGGTGAGAAAATTTGCCGCGCCGTCGATCGCGCGCTCGACGCGCGGCTGCCCCTCATTCTCGTGACGGCGTCGGGTGGGGCCCGCATGCAGGAAGGTATCCTCTCGCTCATGCAGATGGCCAAGACCTCCGCGGCGGTGGCCAAGTTGGGCGAGGCCAAACTGCCGTTCATCTCGATCCTGGCCGATCCGACATTCGGGGGCGTGACGGCCAGCATTGCGATGCTGGGCGACGTGATCATCGCGGAGCCGAAGGCCCTGATCGGCTTTGCCGGTCCACGAGTCATCGAGCAAACGATCAAACAACAACTACCCGACCAGTTTCAGCGTGCGGAATTTCTGCTCGACCATGGGATGATCGACATGATCGTCGAGCGCAAGCAGTTGAAAGAGGCAGTCAGCACGCTGGTCGGCCACTTCTAGCCGCCGGCGGGTCCGCGAGCAGCCCGCCGGCGTCAACCACACGGCACAGATTCCA
CP054184.1_gap85	3692040	3694842	2802	TGCGGAGGCCTGATGCGGGTCTTGGCCGTCATCCCGGCGCGAGGCGGGTCGAAATCGATCCCGCTGAAAAACATTCGGCCGCTCCAGGGCCTGCCCCTGTTGGCCTATACGATCAAGGCCGCCAAGGCCTGTTCCAGGCTCGACCGGTGCGTGGTGTCGACCGACCATCCGGAGATCGCGACGGTGGCCAAGGACTATGGCGCCGAGGTTATCGAGCGGCCGGCCGATTTGGCGACCGATCAGGCGCCGACTGAGTGGGCGCTGCTGCAGGTCGTGGAGGTCTTGGGGCGCGAGGGCTATCGGCCCGACTATGTGGTGACCCTGGAGCCGACCTCGCCGCTACGTACGGCTGGGCTGATCGATCGCTGCATCGACACCGCGATCGCGCATCCGGAGGTCGATTGCGTGATGACGGTCACCGAGACCAGGAAATGTTACGGACGCCTGGAAAACGGGCGGTTCGAATACCTGTTTCCCAACCAGCCCCGGCGTAGACAGGAACGCCGGCCCTTGTACGAAGAGAGCAGTACGGTGTATGTGACGAAGACCGAGGTGCTGGAGCGAGACCGGTCGGTCCTGGGGCGCACGCGTCAGGGGCTCGTGGTGGATGATCCTCGCGAGGCGATCGACATCAACGAACCATTGGATTTCATCGTGGCGGAGGCGGTGCTGGCCCAACGCCTTCTGGAGGAGCAACATGGCTGAGATCGCATCGATTCCCATCGGGCCCTATCGCATCGGACCGGAGCATCCGCCCCTGGTCATCGCCGAAGCGGCGGTCAACCATCAGGGCGACTTCGAGACGGCCAAGCGTATGGTCTACATCGCCCACGCGATGGGGGCACATATCATCAAGTTCCAGATCCACGTGCTAGACAACGAGATGCTGCGGGAGACACCGCAATCGGCCAACTTTGCCGAGCCGTTGTACGTGACGTTGGACAAGACGAACCTCACCGTCGACCAACATCGGGAGCTGAAGCGGCTCTGTGAATCGTTAGGCATTCTGTACCTGTGCACGCCCTTCAGCCGAGTGGGAGCCGATATCCTGGAAGATTTGGGGGTAGCGGCCTACAAGACCGGATCGGGAGAATTGACCAACCTGCCGCTCATCGAACATATCGGGCGGAAGGGCAAACCGATGATCGTGTCGACCGGCATGTGCACCATCGACGAGGTGGGCGAAACAGTCGCGTTGCTGCGGCAACTGAAGACGCCCTTCGCGCTGACCCATTGCGTCTCCGCCTATCCGACGCCCTATGACCGAGTGAATCTGGGCATGATTGCCCGGTATCGTGACCTGTTCCACGTGCCGGTCGGCCTGTCCGACCATTCGCGGGGCATCTATACGGGCATCGGCGCCGCCGCACTGGGGGCCTGCGTGATCGAAAAACATTTCACGCTCGACCGCCAGCAGCCGGGCCCGGACCATCCGGTGTCCATCGAGCCGGACGAACTCAGCGACCTGGTGAAAGGTGTGGATGCGGTGTTTCGCGCGCGCGGCGCGGAGCGGGAGATCTTCCCGGAGGAGCGCGAGATCGTGGCCTGGGCGCGCGAGAGCGTCGTGTCGGAGGTGCCCATCGCGCGCGGCAGCGTCATCACGAAGGACATGGTGTGGGTCAAGCGTCCGAGCCCCGGTCCCGGGGCGGTGGCGGCCAAAGATTTGGGGAAGGTCATCGGCAAGGTCGCGCAAGTCGATATTCCGAAGGACAGCCAGATCCGATGGGAGCAGCTGAACGCATGAAGCGCAAGATCGCGGTCGTGTCCGAAGCCAGGGCCACCTACGGCTACATCAAGCGCGTGATGCATCTGGTCGAAGCGTCCGATCGGCTGGAGTTGCAGCTCATCGTCACCGGCATGCACCTCTTGAAGGAGTACGGGGCCTCGATCAACGAAATCCTGCGGGATGGGTTCGTGCCGGCGGCCTGGGTGGATATGTACCTGGGCGGGGATACGCCGACGGCCTGGGCCAAGTCGCTCGGTGTGGAGATGCAGGGGTTGGCGCAGGTCTATGACATGCTGAAGCCCGATCTCCTGCTCGTGGCCGGCGATCGAGCGGAAATCCTCGCGGCCACCGTGACGGCGGCCTATATGAACATTCCCGTCGCCCACATCCAGTCCGGCGACCTGTCCGGCCACATCGACGGGTCGGCCCGGCACGCCATTACGAAGCTTGCGCATGTCCACCTGCCAGCCTGCGAAGATTCCGCCGAGCGGGTGCGGAAAATGGGCGAAGAAGTCTGGCGCATCTTCAACGTGGGGGCGCCGCAGCTGGACGATGTGGTGCAGGGCAAGAAGTTGTCGCGCGCGGAGTTGGCCAGGATCTTCGGGGTGGACTTCGACCAGCCGGTCCTGTTGGTGATTCAGCATGCGGTGTTGGCGGAAGTGCACCTGGCGAGGAAGCAGATGGAAGAAACCTTGGCCGCCGTGAAAGACAGCGGGCACCAGGCGCTGGTGATCTATCCTAACGTAGATGCGGCGGGGCAGGAGATCATCGCGGTCATCCGCCAATATGAACAGGTGCCCACGATCAAGACCTTCAAGAACCTGGAGCGCGAGGTATTTCTCAGCCTCCTGTCCGCCGTGTCGGTCTTGATCGGCAACTCCAGCGTCGGCATTCTGGAAGCGCCGTCGTTCAAATTGCCGGCCTTGGACATCGGCAGCCGCCAGACCGGCCGCATGCGGGCCTGCAATGTCATTACCGTGCCGGAGTTCGATCGCCGCCTGATCGGTCAGGCCATCGAGCGGGCGCTCTACGACGAGGGGTTCCGGGCCGCTGTACAGACCTGCGAGAATCCCTAC
CP054184.1_gap86	3698749	3703655	4906	GTATTCCAGTTCATGCAACAGGACGTCAAGGTTGGAATGACGGGGAGCGGCGGTGATGAGCTGTTCGGCGACTACGGGCGGTATATTGCCTTGGAACGACGCCTGGGAGAGGGACGGGACACATCCTGCCCTTCCTGGATGGAGCGTGGCTGGCCGCTGGTGGCGTCGTTCGTGGATCGACTTCCGCATGGGCTCGGCGGTCTCCGGCGCAAGGATCGCTGGCGCCACTATCCGCTGGTGCGCCGTGACCCGTTCGGCTGGGACTACGTGCAGGCGTTTTATTATTGTTCTGAACCTATGAAGAGCCGTGATGTGCTCTTGCCGGCGGAGGACGGACGGCCGATCGCCGATACCGTAGAGTGTCTGCGGACTTACTACCAAGAGTCCGGCAGCGCGGAGCCGCGAGACGCCTTGACGTACGTCGCCCTGCGTACGCAACTGCCCGAAGAATTCCTGTTCATGACCGATCGGTTTTCCATGGCCCACTCGTTGGAGGCGCGGGTTCCCTTTCTCGATCACCTGTTCGTGGAATCCGTCCTGCGGATTCCGGCGCACATCCGCACGAAACCGGAGGATCCGAAGTATCTACTGCGGCAGGCCCTGCGCGATTTGTTGCCCGATGACCTGGTGCATGCGCCGAAGCGTGGGTTCGTGATTCCGACGGCGCAATGGCTGCGTGGGCCGCTTCGTCCGCTTGCCGAGCGGATGTTGAATCCGGCGCGACTGGCCGAGCAGGGGCTGTTCCGTCCGGAGTTCCACGCGCGATTCGTCCGTCCCCATGTCGAGGGACAAGCGGACTATCACCCGCAAGTCTGGACCGCCCTCATGTTTCAGCTGTGGCACAGCCTCTATGTCGAACAGCAGCTAACGGAGGCTCCCAGCATGACCTGGCAGGATCTCTGCGCCTAGGGCTTGCGTGGATCTCGGACGATGAATATTCTGCATCTCAGCACGGAATATAATCAGGGCGGCTCCGGTCGAGCGGCCTATCGCATCCACGCGAGCCTTCGGCGGCGGGGGCACACGTCCCATATGTTGGTGTCCGGCCTGGTGCACGGTGCTCCCGAAGCAGGACCGATCTGGGGGACCATGCCTTGGCGGGCGGCGGATTGGCTGGCCCGGCGGGCGACCGATGCCTTGAGCCTGCAATACCTGTTTTTACCTTCCTCCTGGCGGCTGCTGCGGCATCCCTGGTTCCGGGAGGCGGACTTGGTGCAGCTGTACAATACCCACGGCGGGTACCTGAGCCATGCGGTGTTCGGTGTGGCGAGTCGCAAGAAGCCGTTCGTGTGGCGCCTTTCCGACATGTGGCCCTTCACCGGCCATTGCTGTTATGCCTATGACTGCGATCGTTGGAAGACCGGTTGCGGCGCTTGCCCGCTGTTGCAGGATGAGCCGGCCTTGCGAACGGACCGCACGGCGTTGTTGTGGCGGATCAAGCAGCGCATCTACGCCGACGCGAAGGTCACGCTGGTGGCGCCGTCGCGGTGGATCGCGGGCTTGGCCCGCCACAGTCCTCTCGTGGGCCATTGGCCGTTGGAGGTGATTCCCAACGGTCTGGACCTGTCGGTGTTTCGGCCGATCCGCCGGACCGCCGCCCGTGAGGTGTTGGGGCTGCCGCAGGATGAGTCGGTGGTCCTGTTCAGCTCCGTGGAGACCCAGGCTCACCGCAAAGGCGGCACCTTCGTAGCTGAGGCTGTGAAGCGGCTCAAGGGCCGGACGCGCCGCCCCTTTCGCCTCCTGGTCGTCGGGCAACGGGCGCGGGATTGGGAGCAGGCCATGCCTGTCCCGGTGACGGCGATCGACTTGGTGAAGGACGATCATCTCTTGGCCCTGCTCTATTCGGCGGCGGATGTCTTCGTGCATCCGGCTTTGGCGGATAACCTGCCTAACGGGGTGCTGGAGAGCCTTGCCTGTGGGACGCCGGTGGTTGCGTTTGAGGTGGGCGGGGTGGGCGAGGCCGTGCGCCCGATGGAGACCGGGTATCTCGCGCGCCACAAGGATGCGGATGACCTGGCGGAAGGAATGCGATCGCTGTTGGACGACGACGATCTCCGACACCGCCTCAGCCGGCGATGCCGGGAAATTGCGGAAACCGAATACGACATGGAGCTGCAGACAACGCGGTTCGAACAACTCTATCAAGCGGTGGCCTGTGGTCGGTAGGTCACCCGAACCGTTTCCTGAAACGCCCTACGGGATCGTCAAGCGGCTCCGGACTATCGAAGCTTGGACGGACCGGGTCGTGGCGCGCCTGAGGCAGACCTCGCTCTCCATCTTGGATTACGGCTGCGGCACCGGCGACCATGTGACCCATCCGCTGGCCTGTCGATCGCACCGGGTGCTGGGGGTGGATTGCCATGAGGCGTCCATCCGGCAGGCAAGCCGCACCTATCCATTGCCCAATCTGTCTTTCCGTCGGGCGGACATCGGGGACCTGGTTCGAGAAGCGATGACGTTCGACCTGATCGTCTGCTCAGAGGTCTTGGAACACCTGCATGACCCGCGGGAGTTTCTGCAAGCGGTCCGGCGTCTGCTCCGTCCCGGCGGCGGGCTCATCATTACCACGCCCAACGGGTACGGATCGTTCGAATGGTTGATGAGCCTCCAGAAGGGCTTGAATCGCATCGGGCTGCACGGACTCCTGCGTCGGGCTGCCAGCCCGCTGTTGGGTGCGAAGACCAACGGCCAGGCGCGACCGGATTCCACAGGAAGCGTCACTGCGGATCCGTCCATCGGGTATTTGAACATGGATTCCACGCACGTGCAGTTTTTTCGACTTGGTCGCTTGGAAACGATCTTTGCCGAGAGCGGATTTCGGATTCTGGATCGGCGGGCCCGCACGCTGTGCTGCGGTCCTTACGTGGATCTGCTCTTTCGCGCGCTGCCGTTCGAGCAGGCGCTGTACCGAATGAACAATCGCCTGGCTGATCTGCTGCCTTTCGCGTGGGCGGCTGATTGGATGTTTTTCCTGGAAGCCGGTGTCGAATGAGCGAGGAATTCCCGCGGGTGCTGGTCGTCACGGCCAATAACTTCAACCTCATTACCGGCGGAGGGATTACCCTCACCAATCTGTTCCGTGGTTGGCCGTCAGACCATCTGGCGAACGTGCATGAGGATGCCCTGCCCGAGGACCGGACTGTCTGCCAGAGATGTTATCGGCTGACCCACGAGGAGATTCGCTGGGTCGGGCCGTTCTCGCTCGTGCAGGGGTGGTACGGGCAAAAAAAACAACAGGGCCTCGCGATGGGGGCTACGGAGGGGGCTTCGTCTGCCGGAGGCTGGCTCAGCGTAGTGAAGCGGCTGTTGGGTGATGGGGCGCCGAAACGGGCCCAGCTGACGCCGCAGCTCATCGAATGGGTGGAGCGGTTTCAGCCGACGGTGCTCTATGGGTTTCTCGGTTCGCTGGAGCAAATCACCCTCCTACGGTCCCTGGCCGCTCGTTTCCATGTGCCGACCGTCGTGCACATGATGGACGACTGGCCGGCGGTCCTGCATCGCCGAGGCCTCCTGGGGCCGATCGTCGGTCCGATGGTTCGGCGTGAACTCGCCGGGGCGTTGCGGGAAGCGCGCGTCCGCCTGGCCATCTGCGAGGAGATGTGCGAGGAGTATCGCCGCCGGTACGGATACGAGTTCACCGCCTTTCAGAACGCCCTCGACCCGGCTCAGTGGCTGCCGCATGCGCGCACCGACTGGGGCGCCGGCAGGCCGTTCGTGGTCCGCTATGTCGGTTCGATCCTGCCGGACGGCCAGAAGGACAGCTTGAAGGACATCGCCCAGGCGGTAGTTGGGCTCTGGAAGTCCGGACGGAGAGTCCAGTTGCGGGTCCATGCGCCGAAGGCCGATGCGGACTATTTGCGCGCGCTGGCGGCGCCGTCGGAGGCCCTGCTGATCGAGGGCCCGCCTGACCCGGCCCTCGTGCCGCGTATGTTGGCCGAGGCCGATCTGTTGCTGTTGCCGTACAACTTCGACGAGCGGAGCGCTCGCTACATCCGGTTTTCGCTGCCGACGAAGGCGCCGGCCTACATGATGTCCGCCACACCGGTTTTAGTGTATGCTCCCGCCGACGTCGCGACCGCGCGTTATGCGGATCGAGAGGGCTGGGGGTATGTGCTGTCGTCCCAGGGGGAAGAAGCAGTACAGGCGGCGTTGACGCTCCTGATGGAGGATGTCGCGCTTCGTGAGCGGTTGGGGCGCAGGGCCCAGACGGTCGCGCTGGTTCGGCATGATGCAGCCCAGGTGCGTCACGCCTTTTGGGAAAGTCTGCGGGCCGCCGCTCGGTCCTCATAGACGAATCGGGAGATGGGAGAGGAGCTGCGAGCAGTCGTCGGCATGGCGACGACGAGCACCAGGGAGAGGAGATCCGCGGGCATGCACAAGGGGCAGGGGGTTTCGGCGGAGACCTCACCGAACGAAGACGTGCGGCAATATTGGGATCAGGAAGCCTGCGGCACCTACGAGTCCGTCGTGGGCGACCTGCCGGAGCTGAGTCCTGAATGGTTTGCGCGCGTGGAGCAGCACCGCTACGCTATGGAACCCTTTATCCATACGATTGCCGATTTCCCGGCCCATCGCGGCAAGCAGCTGTTGGAGGTCGGGGTCGGAGCCGGGACCGACCATCTGCAATGGGCCCGTGCGGGAGCCGTCTGCCACGGAGTGGATTTGACCCAACGGGCGATCGAGACGACGCGCGCGCACTTGGCCTTGCACGGGTTGCGTTCCGATCTTCGCCGCATGGACGCCGAAACGTTGCCGTTTCCCGACGGCTCGTTCGACGTGGTCTATTCCTGGGGCGTCATTCACCATTCGGCGCATCCCGAGCGGATCGTGCGTGAAATCAGACGGGTGCTCAAGCCGAACGGCCTCTTCATCGGCATGCTCTACGCCCGGCGCTCCTTGGTGGTCT
CP054184.1_gap87	3723920	3726805	2885	TGGATCACATCAATCTTCCAGACCCCATCAGCGACCGATTCCTCGCCTTGGAGCAGGAACTGATCGAATTGCGCAAGAAGCTCGACGAGCGCGCGTCCCAGGACCCTCGCTAGCCGGCGAGGCACATGTTCATAAATTTCTTCCGTTCATCCCCAGCCAGCTGTTTCGCCTTGGCCTCCTTGTTACAGACCTTCATTTTTTCTTGCGGCGCAGCGGCCGCCTTGGCGGGTTTGGCGGAGAGGCAGGCTTTCATAAACGCCCTCCGTTCGTCTCGCTTGCCCTCTCCATATAACCCCTGGGCATCCGCTTCGGCATTGCAGGCTTTCATTTTGTTCTGTAGGGCGCCGGCGTACCCGGCAGGCGGAGTGATCAGCCAGAGGCTGGCGACGGCCGAGGCCAACAGAATCGCGAGGTGATTCATCGACGACTCCTTTCGACGAAGAACAGGTTCGAGGAGTGAGCACTAGACCAAATGCTGCCGAGTCGGGACCATGAGCGCCTTGCTTGCCTGGCCATTCACGGTTCCATAGTCGACTCTGACGAGATACAGTCCATGAGCGGGGGCGGTCCGTCCCGCCGCCGCCCGCGTGCGTGCGGCAAGCACACGGCTCATGTCCGCCGCCGGACGTTTACCGCGGCCCACCTCCACGAGCGTGCCGACCATGCTGCGCACCATCTGCTTCAAAAACCGATCGGCGTAAAATGACAACACGATGAGGTCGTCGCGACGGGCGATATCCGCTTGTTGGAGGTGGCATTCGGGGTTCTCGTTGTCGGTGGGGGCCGTCTGGAAGGCGGAGAAATCGTGCGTTCCCCTGAGAAGGGCGGCAGCCTCCTGCATGGCGACCACATCCAGCGGTTTATATATGAGCCATACCCGTTCCCGCAACAAGGCGGCCCGTTCCGATCGGTTGAGCACATGGTACTCATACAGTTTACCGGTCGCCGAATAACGTGCGTGAAATGCATCCGGCACGGGCTCGACGGAGAGCACACTGATGTCGGGCGGCAGGTGGGCATTCAAGGCGCGCAACCATTCCCTCGGGGATAAATTCCGGTCGGTCCGGAAGCTGGCGACTTGACCAAGCGCATGGACCCCGGCATCTGTTCGTCCGGCCGCAACGAGCGACGGGCGCTCCGTCGTGATCGCAGCCAGCGCCTGCTCCATCGTGCCCTGCACGGTGACGGTGTTCAGCTGTCGCTGCCAGCCTGCATAGGCGGTCCCGTCGTATTCGATGACGACTTTGAAGGTAGTCATGGCTTACCTGGGAACTCTAACCGAACGAGAAGGGGGCTGTCACCTGAGAGGATTGGTGTGGAGGTAGGTCTTCACACCGTCGAAAATGGCTTCCGCGATATGCGTCAGGAACGGCTGGGAGCGCATCTGGTCTTCTTCGGTGGGATTCGACATGAAGGCGATTTCGGCCAGAATGCTGGGCATCGTAGTGAAGCGCAGCACATAGAAGGGTGCCGTCTTTACGCCATGGTCGATGGTGCTGTAGCGGCTGTTGAGGTTCGAGACCATGGCCTGTTTGGCGGTCCAGGCCAGCTCTTGAGAGTGCTCGATTTTCTTGGTGGTCAGGAGGTCGGCGACGATATATTGCCAGCCGACGCCGGTATTGTTGAGCGGGGTTCCATTTTCGCGTGCCGCCACTTCGAGCGCTCGCTGGTCCTTGGCTTCTCCGAAGTGGTAGATCTCCAGGCCCCGGATGCCCTTGTGGGGGTGAGAATTGACGTGAATCGAGAGAAACAAGTCCGCGTTTTTCTCGTTGGCGAACTTGGCGCGATCTTCCAATTCGATGAAGGTGTCTCGATCACGCGTCATGAGTACGCGCGTATTCGGAAGCGAGCCGATCAGATCCTTCAACATCAGCCCGACCTTGAGGGTCACGTCCTTTTCCGTGGTGCCGTGGCGTCCGATCGTGCCGGGGTCCTTGCCGCCATGTCCCGGATCGATGACGATCGTGCGGATGGGAGGGGCGGGTTTGGGACTCGCCGGGCGCGCGGGCTCCGTGACGGTGGGACTGGGGATGACCGGCGGCGTCGGCAATGCGGCGGCAGGTGCAGGAGCCGGCGGAACGGTGGTGGAGACCTCACCGACTTGGCGAGCGCCCTCCTTGGCCATGCGCGACACGTCGATGACCAGCCGGTCCGGATTGGCCAAGGCGAAGGCCTTATACTGCGTCATCTGGCTGCGCGGTAAGGTGATCGTGACCGTCCGTGGCTTGCTCTGGGTGATCTGATAGGGGTGAGGCACTGTTCCACCCGAGACGCGTCGGCGGGAATCCTTCCCGAGAACGGCATTCTGCACTTCGATGACCACGCGGTCGGGGTTGTGCAGATGGTGCTCCGAGAACGACGCCTTGCGGTTGAGATCGAGCACGAGTCTGGTACCGTCGGCGGTGGACCAACTGCGGAGGTCTCGCACCATCGTCGGGTATCGCGCACCGGCAGCAGACTCTTGTTTCACCGCCAGGAACCTCGGGGCGATCGTCTCTGCCACCGGCGTCGGCGACCAAGACGGAGCAACAGGATGTTCCGCCCGTGCGTCGACGAAGACACTACAGAGCAGGACGCTCAACAGGAGGAGAAGGATGGAACGGAACGGACGGGGGGCACGACTCACAGGCCGGAACTCCTCTCACCGAGGGTGGTGCATAAGGCCTTTTCTCAGATGTTTGTGGTAATGTCAACCAAAGCCCTCAAACGACGTGATTCTAAATGGCGACGCATCTGCTTGTCGATGGATATAACCTTCTGGGGAGCGCTGGCATGGGCGGCCCGCCGGCAGCCGGCCGTCTCGAAGCGGCGCGGGACGCATTGTTACGGAGCCTGACCGGGTATCGTCATCGGAAGGGGCATGCCATCACGATCGTGTTCGACGG
CP054184.1_gap88	3728782	3732321	3539	TCGTTGTGCTGATGGTCCCCCTCACGCGTCTTGTGCAGGGGAAGACCGGGCAGCTGCCTGCTTGCGCCTCCTGTGGGGCAGGAGCTCAAGGGGTTGGGTTGTTCTTCGCCCGGAAGAACAGCGCTCGGTCTTTTCCTGCAGAAGGCGTGCATGGTGTGCGCGCTCTGTTGAGGGTTTTCATTCACTGGAGGTGAGTATGGCTACCGACCTGATGGCGCCCGTTCCTGTGACGGTTCTGACGGGATTTCTTGGGGCAGGAAAGACGACCTTGCTGAATCGAATCTTGACGACCGAGCACGGCAAGCGTGTGGCGGTCATCGTGAATGAGTTCGGCGAAGTGGGGATCGACAATCAACTTGTCATCGGCGCCGACGAAGAAATCTTTGAGATGAACAACGGCTGCATCTACTGCACGGTACGGGGCGATTTGATCCGCATCATCGGCAATCTCCTCAAGCGAAAAGACCGGTTCGACTACATGGTCATCGAGACGACAGGGTTGGCCGATCCTGCGCCGGTGGCCCAGACCTTCTTTGTGGACGATGAGATGAAACGGCGGTTGTCGCTCGACGGGATCATCACCGTCGTCGACTCGAAACATATTTGGGAACACCTCGACAAGAGTCCAGAAGCCAAAGAGCAGATCGCCTTTGCCGATGTGATTCTGCTCAACAAGATCGATCTGGTGCCGTCGGCCGAGGTCGACCGGCTCGAGGCTCGAATCAAGGCGATCAACGTCATGGCAAAGATTCATCGGACGAGGGATGCGCAGGTGGAGATCAACCGGTTGTTGAACATCGGCGCGTTCGATCTGAGCCGGAAGCTGGAGATCGATCCGAATTTTCTGGGCGAAGAAGCTCATGAACATGATCCGAGCGTCTTCTCTGTGGCGCTGGTCGAAGAGGGAATGATCGATGAGAGGAAGGTCAACGACTGGTTCCGCGAGGTGCTCTCCACGATGGGAACGAAGCTCTACCGGATGAAGGGCATTCTGAACGTCGAAGGACGCGACCAGCGGTTCGTGTTTCAGGGGGTCCACATGTTGTTCGACGGCAAGGCGGACCGAGCCTGGAAGAAGGGGGAAGCCCGCAGCAACCAACTGGTGTTTATCGGGAAAGACCTCGACCGCGCGGCGTTGACGAAAGGATTTCGGTCATGCCTCGTCTAGCCAAGTCGAAGGCGATCATCACGTTGGGCTCGGTGGGGTATGTCACGCTCGGCGATTACATCAATCGCGTGGCCTTCTCTGCGGATGGCACCGGGTTGGCGGCTTGTTCCGCATCGGGACAAGTCTCGATCTGGCAGGTACCTACGGTGCAACCGCTCGGCGATCTCAGAGGCCATGACCGGTCGGCTCTCACGCTCGCCTGGCATCCGAGCCGGAGCGGGTTGGCAACAGGTGGGCAGGATGGCGTCGTCCGGCTCTGGGGCCTCGATGCAAGCGCGGAGAGAGCCGTGCTTCCCGTGGGAGAGCAGGGTTCGTGGGGCGAACATCTGGCCTGGTCTCCGGACGGGCGCTTTCTGGCGGCATCGGCAGGGAAGAGCCTCCGGATCTGGAGTGTGGATGCGGCGAGTAGCCCGCAGCTGGTTGCGGATGTACCGGCGCACAAAACGACTGTGTCGGCGCTGTCCTGGATGCCGAATGGGGGCGGTGTCATTTCCTCCTGCTATGGTGGTGCATGGCTCTGGACGGTGGGAACGCAAAAACCGGTGCGGCCGTTCCCGTACGACGGCGCGTTACTGTCCATCGCGGTCAATCCGTCCGGGGAGTATCTGGCTTCGGGAAATCTCGACGGCTCAGTGCATTTGTTTCGCACGGACAGCGAACAGAATTGGCACATGTCCGGCTATCCGATGAAGGTCACCTCGGTCAGGTTTGACCATAACGGGCTTAATCTGTTCACAGCCTCCGGTCCTGCGCTCGTCTCCTGGAACATGAAAAAATTCGAAGGCACCGGCGGGCGCCTGTTCAAAGGACACCTGGGGTGGATTCAGGAGATCGCCTGTCATCCCAACCTGTCGCTCGTCGCGACGGTTGGTGAAGACGGCCTCTTATGTATCTGGGAGCCGCAGACCACCAAGCCGATTCTCAGCCAGGAAGTGAACAAGTCGGGCGGACTGTCTACGGTCGCCTGGAGTCCTCACGGCACATGGCTGGCGACCGGCACGAATGACGGCGTGGTGTCGCTGTTTGCCGTGGAAAGTATCGGAGGGCGGTCATGAACCTATTCGGCGGGCGTCGCACCATCGCTCCGGATCGGGCGGAGCGCATCAAGGCCTGGGCTCGCAGGCTGTGGGTACTGTCAGACGAGACCACTGTGATGGTGACGGAATTAGAGTGCCGTGAGCCGGGATGCCCGCCGATCGAAACCGTCATCGCGGTGCTCGAAGGGCCGGGACGGACGACACAATACAAAATCCACAAAGCGGCCGACGAGGTGTCTCAAGCGGATGTCGAGGCGTTGGCGGCTGGAGAGGAGTCGCATCATGCCCACTAAGGCCACGCGAGCCAGAGCCTCAGCTTCTCCGGTCTATGTGATCGCCGGTTTTCTCGGTAGCGGGAAAACCACATTGCTGAAACGGGTGCTGGCTCATGAGTTGGAGCGTGGCGTGAAACCGGGCGTGCTGATGAACGAGTTCGGTGAAGTCGATGTGGACGGCGCCGTCCTGCATGAACATCCCCGATCCAACGAGATCGAGCTAGAGTCGCTGCTGAGCGGCTGTATCTGCTGCGACCTGTCGGGGGCATTCGCCGAGAAGGTCGGCCATCTCTTGAAAAAAACGCAGGGCGCTCCGCTGTTCGTCGAGACAGCCGGCTTGGCGGACACGGGCCAGGTGGTGGCCGGCGTCGAGCGGGCCTTGGCCGAGCATTCGCATACGGCCAGGTTGGCCTCGGTGATCGTGATGGTCGATGCGCCGAGATTCCTGAAGCTCGGCGCGTACTGGCCTGCAGCGAACGATCACCTGAAACGAGCCGATATGGTGGTCCTGAATAAGCTCGATCAGATCGACGACCGGCAGGTCGCGCTCGTGGAGGGACGGATCAGAGCGGCCAATCCCGCAGCGCGCATTGTCAGGGCGGTCCATGCGGATGTCCCGATCAATCGACTGTTAGAGGGACCGGCAGAGAGGCGCAGGGCGAAGATTGTCACCGGTCCGTTCAAGGATTCTACCGCGGGGTACCGGAGCGGCAGCTTCAAAATCCTGCGGCCGTTCGAGCCGGATCGGCTGGAGCGCTGGTTGAGGCGATATCAACGCTCCGTGGTGCGGCTGAAGGGATACGCCAGAGTTCAGGGGGGTCAAGGGATGCAAGAGGTGCAGTGGATAATGGGCGCGTTGTCCATTGTGCCGTACCAGGGTGTGAAGCAGTCGCAAGCGAAGATTGTGGTGATCGGCCGGCGGGTGGCCTGGCAACGGTTTCTGGAAGGGCTTGAACAGTGTCTCGTGCAGCCGGAGCGGGGCACCACTGGTCGGCGTCGGGCTGGGAAGAAGATGTCGCGATGAGAGGGGAGTGATCATGATGACAACGACAGGCACAG
CP054184.1_gap89	3859746	3861825	2079	ACGCTGACGTAACAGTCTGCAAGCAAGAGTTAGGCATGGCCGAGCAGGATCAGGTGGTTGGTGTGGTGGGGAATCTGTATCCGGTAAAAGGGCATCAATACTTGATCGATGCGATCCCAACGGTCTTGCAGGCCTGCCCGAGCACCTCGTTTGTGTTTGCGGGAAGAGGGCAGCTTGAGTCTGCACTGAAGGAGCGTGTGCGTCGACTGGGTTTGGAACCACGAGTTCATTTTCTCGGCCTTCGCCAAGATATCCCAAGAATTCTTGCCATGCTGAATGTCTTTGTGTTGCCCTCGTTATCAGAGGGGCTCTCGATGGCTATTCTCGAGGCTATGAGTGCAGGGAAACCTGTGGTCGCTACGGATGTAGGCGGTAACCCTGAATTAGTGCAGGATGGAGAGACAGGATTTCTTGTTCCGCCGCATAATAGTCAGGCACTGGCGTCTAAACTAATTACAGTCCTCACAGACAATACCTTGGCTGCTCAGTTCTCTGCGAGAGGTAAGCTCCGGGCAGATGGAGCGTTTAGCCTCGCCACGATGGTACAGAGGTACGAGGCGCTCTACGAGACATGCCTGTACCATTAAAAGTCTGTCATGTGGCAATGGGAGATCTGTGGGCTGGGGCAGAAGCCCAGCTTGTTTCTTTTCTAAAGGAGGCCATTCGTGTTGACGGAATCGAGTGGTCTGTGGTGCTTTTCAATGAAGGGCGGCTGGCAGATGAGCTGCGAAAGCTTTCCATACCTCCCATCGTAATATCAGAAACAAAACATAATGTGTTAAGCATCGCAGGGCGACTTGCACGAGCGTTCCGTACAATCCGTCCGGACATTGTGCATACTCACAAGTACAAGGATTCAATTTTGGCGTCGCTTGTGGCACGGGGTTTGGGGGTCCCAGCCGTCGTCAGAGTCGTTCACGGTCTGCCGGAACCTTTCCATGGACTAAAAAATGTAAAGATGGCCGGCTACGTGCTAGCCGATCGATGTGTAACCAGCTTGTGCACCCAAAAAGTTATTGCCGTCTCACGTGACATCTACGCAAATCTGGTTCAATCGCATGGGCCAGATAAGGTCGCGCAAATCCATAATGGGGTCGATCTTGAAACGGTACGAGTAACGATTCCCAGGGCGCACATGCTGCAAAGGTGGCACTGCAATGATCAAACTATGGTAATTGGAGCAGTTGGTCGCCTTGTCCCGGTGAAGGGGCACGGTGTCCTGCTGGAAGCATTTAAGTTACTCCGTGGTTTCCTTCCGAATGCAAAATTATTCTTGGTTGGAGATGGTCTTCTGCTCGGTCAGCTTCAGGCTGAGGCCCGGCGCCTGGAAGTGGAACATGCAGTAATCTTTACTGGCCATCAGGAGCAAGTCGCGAACTTCATCAACATGATGGACGTTTTTGTCTTGCCTTCGCTCCACGAAGGTATTCCAATGGTTTTATTGGAAGCGTTGGCACTCGGCCGTCCGGTCATTGCAAGTCGAGTTGGGGGTATCCCAGAAGTTATCACGCATCGTGAGAATGGTTTATTGGTCGAGCCAGGCGATCCATGGAGCTTGGCTGATGCGGTTTCCGAATTGCATCGAGACCAAACCCTTGCCGGTAGGATCGGCAGAACCGGGCGTAGTACTGTAGAGTCTGAATTTACGGCAAACCGCATGGTTTCGAAAACGCTCAGCTTGTACCAAAGCCTTCTTGGAAAAGGAAGAATTCCTACAATTTACTAGTTGAATCTCATGACTAACATTTTGGGAATTATATGTTCACTAGTTCTGCTCCTTATTACCGCTATTTCCTGCTACCAGCTTGTGCATGCTGCTCTGGCCATTTTCGTCAGCAAAGCGAGATCAGGTTCATCCAGAACACGTACCACTCGGTTCTTAATTCTTATCCCGGCGCACAATGAAGAAGACGGTTTGCCGTACACGTTGAAAAGCCTTGCCGAGTTGCACTATCCAAAGCATCTCGCTCAGACCGTTGTGATTGCTGATAGATGTGCAGATGCAACTGCAAGTGTTGCTCGGGAGGGTGGAGCGCTCTGTTTGGAAAGGTCAGAGGGGCAAGGTGGGAAAGGCTCGGC
CP054184.1_gap90	3867202	3868630	1428	AGCTGAGAAAGGGGGTTGATCGGACGGGTGAAGTGTCCTCGCAGGATCTCAAAGCCAGCCGCGTTCGATACACATCGGAGCCCAGTGATCTGAAGGCTGCAGACTTTATCATTGTCGCAGTCCCGACCCCGATTAATGAGGCCCTTCAGCCTGATCTGACCGCCCTGAAGAAGGCCTCCGAGCTGATTGGAGCGAACCTTGCCTCCGGTGCCATTGTCGTATACGAGTCGACGGTCTACCCCGGTGCGACGGAAGAGGATTGCCTGCCGATTCTTGAAAAGGCATCCGGCCTCAAGAGCGGCATCGACTTCAAAATCGGATACTCCCCGGAGCGTATTAATCCCGGTGATAAGGAACACACTCTCGAGCGCATCATTAAAGTGGTGTCGGCGCAGGACGAAGAGTCTTTGGAAATCGTCGCCCAAACCTATGCACTCGTGGTGAAGGCCGGGATCCATCGGGCATCCAGCATCAAGGTGGCGGAAGCGGCGAAGGTTATTGAAAATACACAGCGGGATCTCAACATCGCCCTGATGAACGAGTTGGCCCTCATTTTCCATCGTCTGGGCATCGACACCAAGTCGGTACTTGAGGCGGCTGGTACCAAGTGGAACTTCCTGAAGTTCAATCCCGGGCTGGTAGGAGGCCATTGTATCGGCGTCGACCCCTATTATTTGACTGCCAAGGCGGAGTCGGTGGGGTATCATCCACAGGTTATTTTGGCCGGTCGGCGCATCAATAATAGTATGGGGAAATATGTCGCCGAACAGACCATGAAACTCTTAAGCCAGGTGGAACGCCCGGTGAGTGATCTGAAAGTCGCCGTGCTCGGGTTAACTTTCAAAGAAAACGTCCCGGATTTGCGTAACAGCCGCGTTCCAGACATCGTGAACGAGTTGAAGGAATATGGCATTCAGGTCATGGTTCACGATCCGCTGGCGGAGCCGGAAGAAGCCGTTGGGGAATATGGCCTGCGATTGTCTTTGTGGGATCAACTCAAACAATTGGACGGCATCATTTTGGCTGTGGCGCATCGCGAATACCTGCAGATGGGGGTGCAGGAGTTGCTCCGGCCGCTACGCAAGCAGCGCAACAATGTGGTGGTCGATGTGAAGAGTGTCTTGACTCCCGATGCCTTGCCGGGATCAGTGAAGTATTGGAGGTTGTAACCGTCTGCCGGTGGAACCCGAAGGAGTCTCCAACATCTTTCTCTCCCGACTGTCTGCTGAAGTCTCGTCGATCCGCCCGTTCCTCCAGGTGTCAGTGGCCTGATCCGGCGTCCTAGGGGTTTCCTTGGGAGCCGGATCGAGAAGCCCTTGCATTAAGGCCCAACCTCGTTTCTACCGAAAGAGGTTCGAGAAAGGGCTCCTTCGCGTGTTGTGCCATGCGAGAAACCAATTGTTGCATCTAATTGAGTTTGATATATGA
CP054184.1_gap91	3901415	3904651	3236	CCGCCTTGGGGTTTTGGGCGACGATGAGGACTGTCGCGCGCTCGTGTATAATGCCGCCGCAATGAATACCGAGTTGCTTGAAACCATGCAGCGCGCCATCACTGCCGTGGGCACCATCGGGCTGATCGGTTTCTGTCTCTATGTCTTACGAACCAACAGAGGAGCGTAGCCATTGTTCAGCGGCATCGTTGAAGAGATGGGGGCAGTCACCGCCCTGAACAAGGGATTGGCCGGCACCAGGCTGACCATCATGGCCTCGACCGTCATGAGTGATTTAGCCATCGGTGCCAGTGTCAGTGTGAACGGCACTTGCCTGACCGTCGTTGCGCGGAGCGACCATGACTTCTCCGTCGATGTGTCGCCGGAAACGCTTCGGGTCACCACGCTCGGCACCCTCACCTCGGGGGCTCCGGTGAATCTGGAGCGGGCGATGAAATTGAACGAGCGAATCGGCGGGCATCTGGTGTCGGGCCATGTCGATGCGATTGGCGTGCTCCGCAGCCGGCAGCAGGACGGCAACGCGCTGGTGCTGGAGTTCGAGGCGCCGAACGAGATCCTGCGCTATTGCGTGGCGAAGGGATCGATCACCGTGGACGGCATCAGTCTCACGGTCAACGATGTGACCGAACGATCCTTCGCCGTGGCCATCATTCCACACACGGCGAAGGTGACTACACTCGGGCTGAAGCAGGTCGGGGATCAGGTGAATCTGGAGGCGGATGTGATCGGCAAGTACGTCGAACGGTTGCTGCAGGAACGCGGCGTCCTCCCGCCCAAGCCGGCTCCGGTCATCGATACCGACTATCTGAAGAAGCGCGGCCTCATCTAGTCTTCGATAGTCGAAATATCTCCCACGTCCTCTCCCAACTCCTTGGCCTTCAGCACGCGGCGCATGATCTTGCCTGAGCGTGTTTTCGGCAACGACGGCACGATGTCGATTTCTTGCGGGACGGCAATCTTCCCAAGTTCCTTCAGGACGTGGTCCTTCAGCGACTGCACCAGTTCCTTGGAGTCCTGATACCCCTGCTTCAAGATGACGAAGGCCTTGATGGCTTCCCCGGCCGTACGATGCGGTTTGCCGATCACCGCCGCTTCGGCGACCGCCTCGTGGCTGACGAGCGCGCTCTCGACCTCCGCGGTGCCGATGCGGTTGCCCGCTACCTTGATCACGTCGTCGGCGCGGCCCATGAACCACATGTAGCCGTCGTGGTCCTTGCGGCACACATCGCCTGCCGTGTAGCAGTTCGGAATGGTGTTCCAGTAGACCTTGTAGCGATCAGGGTCCTTGTAGATGGTCCGCATCATGGAGGGCCAAGGGCGCTTGATGACGGCAAAGCCGCCGACGTTACCAGGGAGGCTGCGGCCTTCCTTATCGACTACGTCGGCCTCGATGCCCAGGAAGGGTCTTGTGGCGGAGCCTGGTTTGAGCGGCACCCCAGGCAGGGGACTGACGAGAATCGCGCCCGTTTCGGTCTGCCACCAGGTGTCCATGATGGGCTTGTCGCTGCCGGTGACACGGTAGAACCATTCCCAGGCTTCCGGGTTGATCGGCTCGCCGACGCTGCCTAGAATGCGCAAGGTCGACAGGTCGTATTTCTTCGGCCACTCTTCGCCATACTTCATGAGCAGGCGGATGGCGGTCGGGGTGGTGTAGAAGATCGAGACGCCGTAACGTTCGATCAAATCCCACCAGCGGCCGGGGTGGGGGTAATCGGGTTTACCCTCGGCCATAAGGATGGTCGCACCGTTCAGGAGGGGCCCGTAGACAATATAGCTGTGCCCCGTTACCCAGCCGGGATCGGCGACGCAAAAATAGACATCTTCTTCCTTCAGGTCGAAGACATACTTGGTGGTGATGTAGGTGCCGACCATGTAGCCGCCGTGGACATGGACGACTCCCTTCGGTTTGCCGGTGGTGCCTGACGTGTACAAGATATACAGCGGGGCTTCTGCGTCCAGCGCCACGGCCTCGCAGACGGCCTTCTGGCCACTAAGCCATTCGTTCCAATCAATCTCCTTCGGCGAGGTGAGTGGCGCGGCATTGGCCTCCCGGCGTACCACCACGACCTTCTCCACCGAAGGACAGGAGCGGACCGCCTCGTCGACGACGGCTTTGAGGTTAATGGTCTTGGCGCGATCGTAGCCGACGTCGGCGGTGATGACGACACGCGCCTCGGCATCCTGAATTCGGCTGGAGAGGGCCGGGGCGCTGAAACCGGAATAGACCACACTGTGAATCACGCCGAGCCTCGCGCAGGCCAGCATCGCGACCATCTGCTCGGGGATCTTCGGCAGGTAGATCGTGACCCGGTCGCCCTGCTTCAAACCCAAGTCTTTCAGCGCATTGGCACAGCGGTTCACTTGCCGAAACAGTTCCCCATAGGTGAAGATCCGCTCCTCACCCTGTTCACCGACCCAGATGACAGCCACCTTATTCCGGCGCCAAGTGTTGACGTGTCGATCCAGGCAGTTGTACGCGATGTTGCAGGTCGCGCCGACGAACCATTTCGCCCAGGGATAATTCCAGTCCAAAACCTTGGTCCAGGGGGAAAACCAGTCCAATTCCTTGGCCACGCCGCCCCAGAAGCTTTCCGGATCGGCGATCGAGGCCTTATAGGCCCGGTCATAGTCTTGGATATAGGCCGCCGCTTTGGTCTTCGCCGTCGGTTCAATGATGCGGCCGTCTTTCAGTAGCGTATCGATTTTGTCGTCCATCGATCCCATTCCTCCAGATCCAGGGCGTCACCCTGCGCCATACGATCGAGAACGGCATTATGCGGATGGGACCCAGGAACTGCAACCCTCGCCGCAGCTGTACAGCTCGGACGCTCACAGAGGCCCCCGGGTTTCTTGACAGTCGAACGGAGGCAAGGGTAGGCTGAGGTCGTCGGAGCCCACTGGAATTCACACCCCATGCGCACTCACCCATCAAGTCGGTCCGTCGGCGTCTTCGCGCTGGCGGTTCTGTGGCTGACCCTTGTGGTGGTCGGCGCTCCTCCTCCACTATCGGCCCAGGTGGGCAAACCCGAGGGTTTGTACTACAAGTCCTGGGGGGTGGTGGTCGGTATCGAAAATTATCTGGTCGCGCCGAAAGCGCCCGGGGCGGTGGATGGCGCTCGGGTGATGGCGGCGGCTTTGCGCGAGCTTGGATTCGATGAAGTGGTCGAACTGTACGATAAGGATGCCGCCTCCAGGCGGGTGCTGCAGGTGCTTAACGACTATCTTCCGCGTAAGGT
CP054184.1_gap92	3912686	3913482	796	ACCATCGTGCTGAGTGTCGAACCGCAGGTGTTGGACAGCGTGTTGGAGGAACTCCGCCTGGTCATTGCCGCGAATCCATTGCTCCTCTCCGTCGCCGCGGGGTATCCCCTATCGCGGATCACACAACACGCGGGTACGGTTTCACGAGTGGTGCGCGCCATGCCTAATACTCCGTCCATGATCGGGGAGGGAGTGACGGCGTTGACCTTTGCGGCAGACTTGTCGCCGGAGGATCGGGCCCGTGCGTCGCGGATCTTTGAAGCCGTCGGAAGCGTCGTCGTGGTAGAGGAACGGCTGATGGATGCGGTGACGGGATTGAGCGGCAGCGGACCGGCATACGTCTATGCGATGATCGAGGCCTTGGCCGACGGTGGCGTGCAGGTCGGCCTCCCACGCGCGACCGCGCAGACACTGGCGGCCCATACCCTCGCGGGAGCCGCGCGTATGGTCCTCGATTCCGGTGAACATCCCGCTGTGCTCAAGGATCGCGTCGCGTCTCCCGGCGGGACGACGATCGCCGGACTTCGGTCGCTGGAAGAGGGGCGGTTACGCGCGACGCTGATGTCGGCCGTCGAGGCGGCCGTCCGGCGGTCACATGAGTTGGGACAGTCTGCATCGCAGGACCTCTAACAAGGAGTGCGTTTCGTGCAATATTGGGTCAAAGTCGTGTTCGTCGATAATCAGGAGCTGGTCGTGAAAGATGCGATTCGCCACACGATTTCCGAAGACATGGAAGTTCTTGAAGTGGACTCGGCAAAAGAAGTCGTGATCATTCCCATGAAGCAGATTAAGTACA
CP054184.1_gap93	3915768	3919429	3661	GAGCCGCTGGAAGGAGTTCCGGCGGGAGCCAGTCGCCGGCGAATGGACCAGGAAGCAGAAACGGGGCTATCACCGGGTGCGGTCGCTGCTCTGGTTCTGGGAGTGCCATCAGTTCCAAGTGCTTTGGGTCACGCTGTCCACGGCAGAAGGCGGGGATGCGGAGAAGCTGACGTATCACCATAAGCAGCTGCGCCAGCGGATCGAACGCCAGCTGGGGTTTCAAGGATTGGAGTACTACCAGGTTCGAACGGAAGAAGGGCATGGCGTGCTCCATATCTTCTGGGCCTGGCGGGTGCCGGATGGGGAACGCCCTCGCCGGTTCTGGATTTCGCAGGAATGGCTGTCGTCGCAATGGCAGGCCCTCCATGGGGCTCCGGTCGTCTGGATCAAGGCCTATCAGCCCAGCCATCGGTCTCGGAATCGTCTCAGCCGCTACGTCATTAGCCAGTACGTCCAGGATCAATGCGGGTACGTGAATATGTGCTGGTCCTGGAAACGATCTCTTGGATTTCCCATCAGCCGACTGTGGGAAGAGATGCGGCACCAATGGTCCACCAGGAATGCCTATCGCCGGATCAGGGGCGAAATCGAAATCCCTCGAATCGTGTTCATTAAGACCTGGGAGGATCTGCTCTCGGGGCATCCGATTTGGTTTAGTGGCACCATTCTGCAATTGGTGCTTGGGAAGGGACTGGTCTATCAAGAGGTGTGAGGATGATCTGGCATCGATGCAGCCTGAAGCAGCCAAGCCTGTTCGGTCCAGCCTGTTGCGGACGGGAAGCGACCACCTATGATCGTGCGCGAAAAGCGTGGCTCTGTCATGAGCATACGAAGGAACGGCTCTGCGAGTTATGTCAATTTGAGCAAGCGTGGGTACGGCTTTTTAATAGGGAGCATGACGTCACATGCGAAATCTGGCTCTGTATCGACTGTGCGGGACTGACGGGGCGACGGTGAAACACTCTAATCAATTTCTCCCTGTCACCCGTCCCGTATCCTTCACGGGTGAGAGGGAACGATGCGCCGTCTTATGCGAGGCGGCGATGCCTCAGCTTGGCCGCCGTTCTCGTCTATTGATGGTTACAGCAGCGGGAAGAGGGAAGGGATACTGAAACCATGCGGAGAATTAAACGCAATGATTCCGCCCACCGAGGCCGCCCGGCCGTTCCGGACCACTGGACCGGACGGCCGGGGGGATCGGGGGCGCAGCCCCCGCTTCACTTGATCTAGATGGTCAAAGTAGGACTGCAAGGTTGGTGAACAATGCTTTGAGTGTCAGGTTTTTGCCTCACTTGCAACTACGAAAAGTCATGTTATCGTCGACCTAAGCCCATGGTGTTAGCGGAGGTTGGCATATCCTCCTAGAAAGGAGACACACGATGTTAAAAGAGTTGGAGTTTCGATGGAAGCAACGGCGGTTGTCTCGGCAATATCACCGACTCATGGAGAGAGAATTGAATGCTAGACGGCGAGAAGAGATATGGTGGGAATATTCTGACGAATACAATGAACTTCTCACGGAGCGCAAACTTTACCAGGACAGCATGCTACTCAGTACGGCAGTCCGAATGAGACTGCCTGTTCCGGTCATATGTGATAGCGCCGGAGCCTTAACCCGTGCCTGGAGGAGGGACTATGCAGGTCGTTTGCTGATGACGGAGAAGGCCTTTTGTGAGTTGCGACAAGAAATTCGAAGGAAACGGCGGTTATATCGTTTTGACTTTTTCCAATGGGTGAACTTTTTGAAGTTCCTGGTTGTAACTGCTGCATTGATCGTAGAGCCACCTGTTTCGTATGGTCTAACTGTCGATGAATGGCTGAAGACTCAAGACAAAGCGGAAACTGACAAAATTGAAATTTCTGTACGGTATGATAAGGACAAATGTCGAGTTAACGTTGAAATGAAGGGAAACGCTATTCAATATCTTGAAGTTTTGGAAAAGGCGGAGAGAAAAACGCTGCTGGTATCCATTCACAATAGAAGCAAACATACTTCAGCAAAAGTTAAGTGGTCACTAGCGGTGCGTCGCAAAGGACATAGCGATGATTTAACTGACTACCATGAACTTCCGCCTAATCAGCAGTTGGAATTCAAGCGGAGTAATGCATTCGCGAATGATAAAATCCTGCTGCCAGGTGAATCTGATGAACAATGCTACGATCTGCCACACATGTCAGGCGGCTATTCACCAGCAGATCTCGTTTACTCAGTGAAATCAAAAAGTGTCGATTTTATCAAATAGCACCGCTATTTTGTCTTGATTGCCAGCTGGCGCAAACTCCCTCGTCTAGTGTCCCCATCGAACAGCCACAGACTGGCAGTGTTAGATTTTAGGAGATGCTGATGAGCCACAACGACTGTAAAACTTATCGGGAGGTTCTTCAGCGCTACAACGAGTTGATGCGGGATTATGAGATGTTTTTGTCACAATTAGAGGAGGCAGATTTGGAGAACTACTGGCTCCCGGCGATAATCCCGCACAGAAGCATGCTCTATATTGAGCGGCGTTGTGAGTTTGCATCTGACGGCGAGGTTTTACGCTTTCTCAGTGTTCCTGGCCAGCGAGATATTGGTTTAAAGGAACTCCGAGATTTTACGAGAGAAGCCAAATCCCTCATGATCATTGATCCGTACATTTTCTCAGTAGAAAAGGAACAGGCGGAGCGTTTCGCTAAGGACCTTATGGAATCGGCTCGAGTTGGCGGACAATGGCTAGAACAGATTCATTTTGTCCATGATCCTCGTCATACAAGGAGTGGTGTTAAGGGGTGCATTGAACAGCGCTTGAAGAAGAAGCGTATCCGTATGACAGATAAACCCACGACCGAAATACACGACCGAGTTTGGATCGCAGATCGCCAGCGTGCCATAGTTGTTGGGACATCGCTGAACGGCATCGGCAAAAGGGCAGCGTTCCTACTCCCACTGCCTGACTGCGACTTAATGGCATTATTAGAGTTTTTGGATCAAAGGGCCTTGTCACGCGCGCCAAGATGACCGAATGATCGGCCTGGTCCGCCGGCGCGCCAAGTGAGGAATCAGGATTCTTGATCACAACTTAAACCTATGGAACGGGCTCGCATTTTTTTAAGCGGTTCACCGAGCCCCAGTCACGACCTAGTGCACTCTAATCTCACGGTTCGTAAAGGATAAAGTGCGTGGACCATCCCGTAATTCTAGAGATTGTCCTGATGTTCTAAGTAGTTTCTTGGTCACGGTTTTGGTCACGGTTCCAGGTCGAATTTGGTCATAAATGGTCGCAACCGAGTCGGAACGGTGATGGCCACTTTCTCTTTATATTTCATGGACTAGCGCGATAAATCGCAGTTAGTCGCAATTTGGGACTTTCGAATAAGTACATCGCCTGCGATGCCACGGTATTCGCGAGCAGGAAGTCCAACACCTGAGCAGAGTGATTGTGCGCCTCGTCGTCAGGGGCGGTCCTCGACGGGATTCCATTCATGGTCACGCTCGATCGCCTCGATCAGGCGCTCGAAGATGTCGGGTACTGCGCCGGTGACTCGGCTCCAATTCGAGATCATCGGCACGCCCAGCGGATCTTCCAGAAAGGTCTCCGTTGCGATCTTCATACCCTTGAGAAAGACCTCGACAGCCATGCGTTCCTCGTGGCGGTCGAACTGCAGGCTGTTGATGGCGGCA
CP054184.1_gap94	3985398	3988360	2962	CGCAACGAGGCAGAGCAACTGCAGCAAATGGTTCTGAATCATGTCCCTGAGGGCGCCCGCTTCTTCGTAGTAGCTCGCTCTAGTGCCGACACCTTCCGCCTCGCTGACGGTGATTTGTACATGGTCGATGTACTTATGGTTCCAGATCGGTTCGAAGATGCTGTTGGCGAACCGAACCACCATGAGGTTTTGGACGGTCTCCTTTCCCAGGTAGTGGTCGATCCGGAAAATTTGCGATTCGTCGAAGACCTTCCCGGTCACCTCGTTGATCTCCTGCGCGGAGGCCAAATCGCGGCCGACCGGCTTCTCGACGATGATGCGGGCATAGGGGGTGGCGTTCGTCGCCGACCGCTGCGCCAAGCCGGCCTGCGCCAACCCTTCACAGACCGATGCGAAGGAACTGGGCGGGATGCTCAGGTAAAAGATCCGGTTACCGGGCAACTGCAGGGTGCGTTCGATTTGCTCGGCTCTAGAACGGAGCGCGCGGTAGGTTTGAGCGTCCTCGTTTTCGCCGGGAATGTAGAACAGGTGCCGCTCGAACTCCTGCCATGTTTCCGGGGCCAAGGCTTGCCGAGAATGTTTCACCACACCTTCGCGCGCCAGGTCGCGGAACTCGTCGTCCGTCATCGTCTTCCGGCCCAGCCCGATGACCGCATACTGCTTCGGCAGGAGCCCGTCGAGCAGGAGATTGTACAGGGCGGGGATGAGGCGGCGCCGCGCCAAGTCTCCCGATCCACCGAAAATGATGAGCGTGCAGCCTTCAACGGGCGGAGCGGACTCGGGCAACGGCTTGATCTCGATCGGGCTTGTGGGTGACGGCATTGTGTAGGGTTCCTGGGGTTGAAGGGTTCAACGCTTCACGCTGTGGCCGCCGAAGGCATTGCGCAGGGCCGCCAGCATTTTTTCCGCGAACGACTCTTCCTGACGGGAACGAAATCGGGTGAACAGGGCACTAGTCAGCGTCGGCACCGGTACGTCGCGGTCGATCGCTTCCTGAATCATCCAGCGCCCTTCCCCAGAGTCCTGGACATAACCTTTCAGGTTGTCGAGTTTCGGATCCTGTTTCAAGGCGCCGGCCGCCAGCTCCAACAACCAGGAGCGCACGACGCTGCCGTGCATCCACACGTCGGCGATCTTGCTCAAGTCCAAGCGGTAGTCGCTTCTGGCCATCAATTCGAAGCCTTCCGCATAGCCCTGCATCATGCTGTACTCGATGCCGTTGTGGACCATTTTGACGTAATGGCCCGCGCCGTGTGATCCCATGTGCGCCCAACCCTGTTCGGGCGCGAGGGTCTCGAAGATCGGTGTCAGGCGTCGAACCGGTGCTTCCTCTCCTCCGATCATGAGGCAGTAGCCGACCGTCAGGCCCCAAATGCCTCCGCTGGTGCCGACGTCGACATAGTGGACGCCCTTCGGCGTTAACGCGGCCGCGCGTCTAGGGTCGTCGTGAAACCTGGTGTTGCCGCCGTCGATGATGGTATCGCCCGCTTGCAGCAACTCGCCGGTGGCCTGAACGGTTTCCTCGGTCGGGGCTCCGGATGGAACCATGATCCAGATGGCGCGGGGTGGAGTTAGTTTGGAGACGAGGTCGCGGAGCGAGGTGGCGCCGATGCAACCGACTTTCTCTGCCTGCGTGACCAGGTCGGCCGCGCGGTCATAGACCACCACACGATGCCGTCCCTGCTGTAAACGCGTCACCATGTTCATGCCCATCTTGCCGAGCCCGACAAATCCGAGTTCCATAGGTCATCCTTTCTGATGAACGCCGGTTCGTGACGTCCGGTGCTGTGCGAGGGTGCGAGAACGACGGACAGTCTCGCCGAGTCTGTCGCCGATCGTACCATGCCCGGAGCGGAACGCAACCGCGTGTCCGGTCGGTGGGCATCTGAGTGGACGCGTCAGTCCACTCGCGGCGGCAAAGGAATATCGTGAAACAAGGTGTCCGCCAGCCGCCGGCCGTATTGGAGACGGTCGTGGAGGGTCGGCGCGCTGAGGAACAGACCGGCCAGTTCGCCGAATGCCGCATCACGCGACGAGACGAAGCGCAGGGTGTCGACCGGCGCTGTCAGCCAGAATCCGCGGATGCGAAAGAATGCGACCAGGCAATCCTCAAAGAACAGTTGCAACAGGTACTGGGCCGTGGTCGGTTTGTCGCGCAAGTCTTCGACCTTGCCCAGCCAGTGGAGGCATTCGGTCTTGAGCCGAATCCGCTCATGGAGGCCGGCTGGGGGAGGGCCTTGTCGAAACCGCTGCGCGGCCTGTTCGATCAAGTTCGCTGCGATGTCGTCATGGTCGTAGAGGATTCGCCCCTTGCGCAGGAGCGGCGCCAAGCGTGGGGAATGTTCGAGGTCCTCGATGACGGCCTGGTGTTCGCCGTAGCGGATGTCGACGAGCCGGTCGGCAATGCGGATCAGTTCCTGCCCCTCCATCGACCCCTTCACCAGCACGATGAGGTCGATGTCGCTATGGGGCGTCACGGCCCGTCTCGCGCCGGACCCGACGAGGATGATTCCGACGAGGTCCCCGCCGCGTTTGGCGCGGACATAGCGGAGCGCGATCGCCAATGCATCTTCGTAACTGGGTGGGTGGGGAGCCGGGGGGGCCTGCGGTCGTTCAGGCAGGTCGAGGAGTTCGGCGCGCAATTCCTCCGCGGAGGGTGCGCCCGGCGAGGGCTGAGGCGGGATGGTGGTCTGTTCTGGTTCCATGGTCGGATCGTCTGGTCTTGTATGTGTCAGGGCTGTTGTACATGTCGAATCTGCTGTTCGAGGGTGGCGAGCCAATCGTCGAACGGTTGTTCGGCGTCCACGATGATCTCCAGCTTTCCGTTCGGTAACTTGCGGACCAGGCCGGGTTGTTCCGGAGAGAGTGGAATCTCCACCCACTCGCGATCGAGTCCCAAACGGTCCGTCAGGTCGAGGATGCGGGTGATTTGTTGGAACGAAACGGCGTGAAGCGTCATGCC
CP054184.1_gap95	3994564	3997213	2649	CCCCTGGAGGTCTATGCGCAGCTGCGCCATCATTCACCCGTTGCACTTGGAACTTGAAACCGCCGTGTCTTTTTCTAGAATAAGCCTTTCAAAGTCTTCCCAAGAATTCGCCTTTTCCTCCGTCACTATTCCTCCCTCGCTGGGTTCTTGACGGCAACATACTCTGCTGGCCTTTGTCCGTCAATAAAGACGGATTGAGGCAAGTATCCTTGATCCCTGAGAGGGGTAAGTTGATCTACTCTTCTGAAAGCCTCGGAGCTTGATGCTCCAGTGATTTCGTCCGTTTTTAGGGAAAGATTTCAGGCCGACGCGCTTTGACTCACAAAAAAATCGCATGGTATAGTCCGGCGCGCCGCGATAAGTCCAAGTGACCATGACCCCCATTTATCCCCATCCAGCCCAAGCAGGTACCGCCCATGGTTGAAGTTCCGGTTAAGCTCTACCTCGATAAAATTTTGAAAACGGCTCGTGAAGCGACCCGTCCTACAGCCCTCTTGTCCGGCCCGGTTCGAGACAAGCTTCTGAGGGGCATGGCGACGGCGCTGGCCGAGGCGGAAGAATCCATCCTGGCTGCGAATGAAAAGGATGTGGAAGCGATCGGGAAAACGATGACCGGCTACGACAACCGTGAACGCGTGCGTGAGGCGGTGGCACGGGTGCGGATGACGGCGGACGACGTGAAGACGCTGGTGGACCGTTTACATCGCATCGCGGACCTGCCGGATCCCTTGGGGGAAGTCCGGGGGCGGCATGAAGAACCGAACGGTCTGCAGGTCGGTCGCGTGCGCGTGCCGATCGGGGTGATCGGCGTGATTTCGGAAATGCCGCCGCTGGCAACGATCGAAAGCGTGGCGCTCTGCCTCAAGTCGGGCAACGTCTGCCTGTTTCGTGGGTCACCCGACTGGACTCAGACGCAGCAGGTGATCGGAGCCTGCCTGAATCGAGCGGCTGCCGAGGCGGGGCTTCCGGCCGGAGCCCTGACGATCATCGATCGGCCTGAAAAGGACGTGGCGCTGGAATTGATCCGGTCGGGCAAGGCGTTGGATGGGATTATTCCGCGCGGCGGCCCGGGGCTGCGCAAGGTCGTGCAGGAGCAGGCCCGCATGCCGATCCTGTCCAATGACGGCGGCATTACCCACGTCTACATCGACGATGACGTCGACATCCCGCAGGCGCAAAATATCGTGGTGAACGCCAAGGTGCAACAACCGTCCGCCGCAAACGCGTTGGACACGTTGCTGGTGCATCAGGGGATTGCAAGGCCGCTGCTCTCGGCGTTGATCCTCAGGCTGCTCGACGAGTTCAAGATCGACGTGCATGGCTGCCCGAAGACGGTGGCGCTGATGGGTCAGATGCTCATGACCGGCCACAAGGCGGTCAAACCGGCGCAACCGGACGATTGGAACAAACAGTTCCAGGGCCCGACCATGGCCGTGAAGATGGTCCCCAGTCTCGACGAGGCCTTGACCCATATCGCCCAGCATGGGCCGAGCCACACGGCCGTCATCGTGACGAAGGCCTATGAGTCGGCGATGCGGTTCGCGCGTGAAGTCGATGCGGGCACCGTATTGGTCAATGTCTCGACCAGGTTGAACGCGGGCGACAGTTTGGGCTTCGGTGCCGACATCGGCTTGAGTGCGGCGCGGCACCATGCGAGGGGTCCCATCGGCCTTGAGCAGCTCACCTGCGAAAAGTACGTCGTCTTCGGCAGCGGTCAGTTGCGGCAGCCGCATCCCGTCCCGTTGGCCTATGAAGATGCGATCATGTTGAAGCGGCCGTAGGTTCTGCCTCGGAAAGAGGGTTCTGTGGCCGGCGTTACCTACGAGGAGAGTCAAGCCTCGCTGCGGGAACACCTCGCCTGGTGGGGGCTTCGACATGTGGAATCCGACGAAGCCTACTTCGCGTGGCAGCGGCAAGTCTTCACGCCGCAAGAACTGTCGTCCTTCCACCAACACATCGACGTCAAGCGACGCCACAGCGGTGACCCTGCAGCCGAGATCGCTTTCTACGACTTGACCGCCCAGCCTCGCTCGGTTCCGGTGCTCTACAGTCAGCGTTACGAGTACTACCTCCAGGTCGGGGCGCGAATCGCGCGCCATCTCCGCAGTGCGACGACGTTGCTCGATGTCGGCTGCGGCATCGGCATTCTGACCACCTTCTACGCGAAGCAATACCCCGATTGCTCGGTACTGGGCATCGATCGGTCGCCCGCCTCGATCACCCTCGCGCAGCAACGTGCGGAGGAACTGGGGTTGACCAATGTACGGTTCGAATGTGTCGATCTGGATCGGCAGGATCTTGAGGGCCGCTTCGATTGCCTGGTGGCGACCCATGTATTGCTGCAGGCCGAACAGGAAAGGGGACTGTCGAGCCGCGACTGGCGGACCTTCGAACGGACAATCGATCCGGCAGTTCAGCAGGCCTTCGAGGTGCGCACCGGGTTGGGTGTGAAACTCGACCGGCTCCGAGCCGCTTGCTCGCCGCAGGGGCGTGTGGTCCTGTTCGAGAAGGCCAGACAGTTGGCGCGTCGCGTGCCGCTTCAGCGGGCATTGGCGACGCGCGGCTGGCACCTGCTTGCGCCGACGGAGTCGGTGCGGTATCGATTGATCGAGGAAGTGACCGACGATGGGCCGCTCTACGTGCTTGGTC
CP054184.1_gap96	4058432	4062604	4172	ACGGCCGTGATGGTGCTGGACGGCACGAGGGTGTAGTTGCGTCCTTGCGTAAAGCCGGTGGCGTATTGCACGAATAATTGACCGGCTCCGGCTGCCGTAGCTCTTTGCCCACATTCCGCGATGGGCGTGATTGTCCCGTTCACCTGCTTGGCATACTCCACGCCGAACGGCACCGATGCCTGCGACGAGAGCCGGTTTTCGGCAATGGTGGCGGCATGGTCTCCGGGCCAGAGGCGATATTTCAAGAACCCCGTGCCTCCTCCCAAGGAAACCCACTCGCGGCCGTCAGGTCGAGAGGCCGAACCCGGTTGGTGCAGGCCTGCGTAGAGGCCGGCAAGGGGAGCCAGGGGGATCGGAATCTGAATGCCCACATGCGAGACAGCAGGTGGCGCATGATGGGGCGTATCGGGCGAAGCCGCCGTCGCGCCGGCGACGCAGCCCATTCCAAGAAACGCTATGCCGCACCATGAGGAGATCGTAGGTTTCATCGCATGAAGCATTTGCTCCTTATGGCTGCTCTTGGGCGTGGCTCAATCGCCCGTTCTCGGACTCTGTTCCCGGTTGTCGCCAGGATCTGATCGATACCGACGCATGACGCGAGGACCGATGGCGCAGAGCACTTCATAGGAAATGGTCTCCTGCCATGCGGCGAGGTCTGTCGCCGTGATCCGTTGCTCGCCTTGTGTTCCGATCAGGACGGCTTCCTGTCCGATTTCCACGCCGGGAATGTCGGTGACGTCGACCATGGTCATATCCATGCAGATTCGACCGACTACGGGCACGCGTCGGCCGTTGATTAGTACCGAGGCCTTGTTCGAGAGGAGCCGATTGTATCCGTCGGCATATCCCACCGGCAGGACGGCGATGCGCGTGCGACGTGACGCGATAAAGGTGCGATTGTAACTGACGCTGTCGCCGACCTGTAGGGTGCGAAGGTGGGCGATAGTCGCTCTCCAGGTGAGGATGGGGTGTAATTCGGGAGCCGAGCCCGCATCGGCAATGGTGTGGTAGCCGTAGAGCATGATGCCCGGTCGCACGAGTGAATAATGGGCCTTGGGAAACCGGATGATCGCGGCGCTGTTGGCGGCGTGGATCAGCGGACAGGGAGTTCCGGACTGGTGCAGGATCGTCAATGCCGCTTGAAAGCGTGCGAGCTGGGCTTCGGTTTCCGTGGCGTCATAATTGTCGGCATCGGCCAAGTGCGTCATGAGGCCTCCGAGGCGGAGCGGACTCTGGAACTCCGTCGCGGCGACCAGCGTGGCCAGTTCTTCGGGGGCGATTCCCAAGCGGCCCATGCCCGTGTCCACTTTAACATGCACCGTGTAGCCTGAGTCGGAGAATCCGACGGCGGCTGCAAAGCTTCGGATCAGGTCCGCGCGGTAGAGCACCGGGGTGAGCTGATGAGCGATGAGGTCGGGGAACTGCGCGGCGACGGTCGGCCCCATGACCAGGATGGAATCCAAGATGCCGGCCTCACGGAGGCTGATGCCTTCGTCGATCGTGGCCACGCCGAACCGTCGCACGCCCAGGTGGTGTAGCGCGCGCGTGATCTCAAGGGCGCCGTGGCCGTAGGCATCAGCCTTGACGACGGCTAACACCTCGCTCCTAGGGGCACGCTGTCGCACTTGGGCCAGGTTGTGGGCGAGGGCCCCCAGATCAATGGTGACGGAGGTTGGGAGAGTAGGTGTGGGGTTCTGCACGCGGGTGGTCGCGGCGGTGAAAGGAGGCTAGACTTCGAGGATTTCGCTTTCCTTCTTCTTCATGACTTCGTCGATTTTTTGGACGAACTGGTCGGTCAGCTTTTGGATCTCGGTCTCCGACTTGCGCAATTCATCCTCGGTGAGCTTCGCGTCTTTCTGCAGCTTCTTGAGTTCTTCGTTTCCGTCTCGACGGAAGCCGCGGATCTGCACCTTCATTTCTTCCGCGTGTTTCTTGGCAACCTTGATGAGGTCTTTCCGACGCTCTTCGGTCAGGGGCGGCAAAGGGATGCGGATCAACTTGCCGTCATTGGACGGGGTCAACCCGAGGTCCGACGTCTGGATGGCTTTTTCCACTTCACGGATCAGGTTCTGCTCCCACGGTTGGATCGTGATGAGGCGCGCCTCCGGCGTGGCGATATTGGCCACCTGTTTCAAAGGCGTCAAGGTGCCGTAGTAGTCGACCTTGATTCCGTCGAGCAGCGCGACCGACGCGCGTCCGGTTCGCAGTCCGGCCAAGTCGCGCTTCAGGTGCTCAAGCGCGTGCTCCATTTTTTCCGTCACCTTTTGCTTGACCGCCTGTGCCGTCGACATCGCCCTCTCCTTAGCGGCTTCCTACCGTCACCAGCGTACCGATCGGATCCCCTTGAACGACCTTCTTGAAGTTACCCTTCTCCTTGAGATTGAACACGATCAGCGGGAGCCGGTTGTCCATGCAGAGGCTGATCGCCGTCGAGTCCATCACCTTCAGATTCTGGTTGAGAATCGAAAGAAAGGGGATCTCGTTGTACTTCTTGGCCTGTGGGTTCTGAACCGGGTCGCTGTCGTAGATGCCATCGACCTTAGTGCCCTTCATGATGACTTGCGCTCCGATTTCCATGGCGCGGAGCGACGCAGCCGTGTCGGTCGAGAAATAGGGGTTTCCGGTTCCGCCGGCGAAAATCACCACGCGCTTCTTCTCAAGATGGCGGATGGCACGGCGCCGGATGTATCCCTCCGCCAGTTGCCGCATTTCGATCGCCGACTGGACACGGGTGCTGACCCCTTTGCTCTCGAGGGCATTCTGCAGTGCCAGGGCGTTCAACACGGTCGCCAACATGCCCATGTAGTCGGCGGAGGCCCGCTCCATCCCTCGCGCGCTCGCGGCCAAACCGCGGAAAATATTTCCGCCGCCGATGACGACGGCCACTTCCACGTCCATGGCCACGACATCGGCGATCTCTTCCGCCAGGCCTTCGAGGATCGAAGGTTGGATGCCATAGCCCTGCTCACCGGCCAACATTTCCCCGCTGACTTTCAGCAGAATGCGGCGGTATCGGGCAGCAGTCATGCTTGGCCTAGTTGGAAGCGCGTAAACCGGCGGATGTTCATGTTCTCACCGATCTTGGCGATTTGCTGCGCCAGGAGGTCCTTGATCGTAATGGCCGGATCCTTGATGAACGCTTGCTCGAGTAGGCAGTTCTCTTGGTAAAACTTCTCCAGCTTTCCTTCGACGATCTTCGGCCATGCCGCCGGCGGTTTACCCAGTTCCTTCGCTTGGCCTTCGTAGATGCTGCGTTCCTTGTCGACCACGGCTGCGGGGATTTCTTCCCGTCGGACGTAGGAGGGGCTCGAGGCCGCCACTTGCAAGGCCAGGTCGTTCACAAAGGCCTTGAAGCCTTCGTTCCGGGCCACGAAATCGGTTTCGCAATTGACCTCGATGAGGACGCCGATCTTGCCTCCGGCATGGATATAGGCATGGATCAAACCCTGGTTGGTTTCCCGACCGGCTTTCTTTTGCGCAGCGGCCAAACCCTTCTGTCGCAGGTAGTCGATCGCCTTTTCGATGCTGTTTCCGTTTTCCGACAATGCTTTCTGACAATCCAGAATGCCGGCGCCGGTCTTCTCACGCAATTCTTTCACGAGCTCACTTAAACTTGCCATGGACTCCTCAATTGAATCGAATAGAACATGCTGCCCTGGGGCGCTTAGGATGCCGCCGAGACGCCGGCTAGGTTCCCGGCCGGTTTACCTCCAGGGGTTTGAGCCTGAGCCGCTGCAAACTCGGTCTCTTCCTGTTGCGTTCGGAGGTGCGCCCCCTCCAGGCAGGCGTCCGCTATCTTGGAAATGATCAGCTTGATGGAACGGATCGCATCGTCGTTGCCGGGAATCGGGAACTGGATGTGATCGGGGTCGCAATTCGAGTCCACAATGGCGATGACCGGAATCTCGAGGCGGCTGGCCTCGAGGACGGCAATGTGCTCGATCCTGGTATCCAGTACGAACACGGCACCGGGGAGGGCGCGCATGTTCCGAATGCCGGACAGGTTCTTCTGGAGCTTCACGACTTCCTTCTGCATCTGCCCCAGTTCTTTTTTCGTATGCCCCTGGTGAGACGGATCGGCGAGGGTCGCCTCCATCTTTTTCATTTTGTCGATGCTGCGGCGGATGGTCTGGAAATTGGTGAGCATGCCGCCCAACCAGCGCTGATTGATG
CP054184.1_gap97	4072456	4076356	3900	GCCGCACGTCTGCCGGAGCCGGCACCATTGATTCCGAAGGCCTCCAAAGAACAGGGCCGGCGCGTCAGTTGACGCAACCGGTTGTGAGGAGCAGATGAATACCAGTATACAAATCGATCGGCATCAGGCTGCCGCTCCATCCAAGAGCGGCGGTCACCAATGAATCGCACCACGCTTGTGCTTGGTACCAGAGGGAGCAAGCTTGCGCTACAGCAGAGTCAGTGGGTCCAGGCACGCTTGCAAGAATTGGCACCGGACGTCACTATCTCTCTGAAGCAGATTCACACCTCAGGAGACAAGATTCTCGATGTCCCATTGGCCAAGATCGGCGGCAAGGGGCTCTTCGTCAAGGAAATCGAAGACGCTCTCTTGAACAAGGAGATCGACCTGGCCGTCCACAGCATGAAGGATGTGCCCACGTCGCTCCCGGAAGGATTGGCCATCCTGTGCGTCCCGCCGCGAGAAGATCCACGTGATGCCCTCATCTCACGAGACGGGCGATCTCTCGACCAGTTGCCGTCAGGGGCCCGCATCGGCACCAGCAGTTTGCGTCGGCAGGCTCTGTTGCTCCACCGTCGTCCTGATTTCGTCATCGACATGTTGCGCGGCAATCTGGACACCCGCTTGAGAAAATTGCGCGAAGGACAGTTCGATGCCATCATCCTGGCTGCTGCGGGTTTGCGGCGGCTCGGATGGGAACAGGAAATTACGGAATACCTGGCAACCGACCTCAGCCTTCCTGCTATCGCACAGGGTGCGCTCGGTATTGAGGCCCGTCAGGACGACCGGTTTGTGGCTGAATTGTTGGCCCGCTTCGAACATCGTCCGACACGTATCACCGTGACCGCGGAACGCGCGCTGCTCCACCGCCTTGAGGGGGGGTGCCAGGTACCCATCGCGGCCCATGCCCTGTTAGAGGACGAGCGGGTGACATTGGACGGTTTGGTAGCCAGCGTGGATGGCCGCCGAATGGTTCGTCATCAGATCCAGGGTGATGCGTCAGAGGCTCGGCAGCTGGGCACTCAGCTGGCAGAGCGACTACTGGCCGACGGCGGCGAGGAAATTTTGAATGCCATCTATGGACGGGCGTGAGTGAGATGACGCTGCGTAGAGGCACGGTTTACTTGGTCGGGGCCGGTCCCGGCGATCCCAAGCTGCTGACGTTGCGCGGCAAGGAATGCCTTGAGGCAGCGGATGTCGTTTTGTACGATTACCTCGCCAATGAGGCCTTGCTGGACCACGTGCTCCCCCACGCGGAACGAATTTACGTCGGGCGGCGGGGGCGAGGGCACTATCGTGATCAAGGGGACATCAATCGGCTCTTGGTCGACCGTGCGGCTGAAGGGAAGATCGTGGTGCGGCTGAAGGGTGGCGACCCCTTCGTGTTCGGACGGGGCGGAGAGGAAGCGGAAGCTGTGGCGGCGGCAGGTCTTCCGTTCGAGGTGGTGCCTGGCGTGACGGCGGCAATCGCCGCACCGGCCTACGCCGGCATTCCCGTCACCCATCGCACCCTAGCTTCTACGGTGACCTTCGTCACCGGCCATGAAGATCCGACGAAGGACCGGAGCGGCGTGGAGTGGAGGCGACTGGCCACTGCGCATGGCACGTTGGTCTTTCTGATGGGGATGACCAACCTACCCAAGATTGTGGATTGCTTGCGCGCAGAGGGGAAGGAGGAGACGACCCCTGTTGCCGTGATTCGCTGGGGCACGAGGGCAGCGCAACGGACTGTGGTCGGTACCTTGAGCGACATTGTGGTGAAGGCGGCTGCGGCCCAGATGGAGCCGCCGACGGTGATCGTGGTGGGGGAGGTCGTCCGCCTGCGTGATCAACTAAATTGGTTTGAACGCCGGCCTCTGTTCGGTATGCGGGTTCTCGTCACCAGACCGAAGGCACAGGCATCGGAGTTTGCCGACCTCATTGCCGCATACGGGGGAGAGCCGGTGATGTGTCCGACCATTGAGATCGCGCCGCCCGAGGACTGGTCCCTCGTGGATCGTGCGTTGGATCGGTTGTCGAGCTACCGGTGGCTGATCTTCACCAGCGTCAACGGCGTGGCGCCGTTCATGGCCCGGTTGGCGCAGAAGGGGAAAGATGTCCGGGCCTTGGCTGGTCTGACGATCTGTTGTATCGGGCCTCGGACGGCCGAGGCGTTGACGCCCTATGGGCTGCGTGCCGACGTCATTCCCGAACAGTTCCAAGCGGAGGGGGTTCTGGATGCGCTGGCCGACCGGCCGATGGAGGGAGCGCGGGTCCTGATTCCACGCGCATTGGTGGCGCGGGAAATCCTGCCAGACCAATTGCGCGCGCGAGGAGCCGAGGTGGACGTGGTACCGGCCTATCGGACCATCCGGCCGACCGTGGCGGTGGATCGGCTGAAAGAACAACTCCGTGGCGGCGTGATCGACGTGCTGTCGTTCACCAGTTCCTCAACGGTGCGAAACTTTGTGGAATTGTTCGCATCTCCACAGGAGCTGCAGGAGGCGGTCGGAGGGACTACCGTGGCTTGTATCGGTCCCATCACTGCGGGAACTGCTCGCGAGGCGGGATTTGTCGTCCAGGTGGTGGCGGCAGAGAATACGGTCCCTGCCTTGGCGGAAGCCATGGTTCAACATGCGGAGGGACGGCACCGTGCAGCCGCTGCGGCGAGTCAATAACCAAGAGGCCAGGCAATCGAAGCTGTTCATTATCATGAGGAGGACATTACATGGTCCCAGTTAAATCGTTCATGGTTCCCAAGGAAAAGTTCATCACCGTCGAACGAGATATGGATGTGCGCACAGCCGGGCGATTGATGCGTGATCGCAACATCGGGAGCCTATTCGTCACGAACGGGAAGGACGTGATCGGCATCATCACCGATACGGACATGGTTCGGCGTGTCGTTGCGACCGGAGCCGACATGACGAAGACGACGGTCGAACAAATCATGTCGGCGCCGCTCGTGACGATCGAAGAGCACAAGACCCTCTTGGATGCGAACGATCTCATGGCGCAGACCCACCTTCGCCATCTAGGCGTGACGAGGGACGGTCAACTGGTCGGGATGATTTCCGTGCGTGATCTGGTAGTGTTTCTCACCAACCTTCCGAGGAAGTGAGCGGGGAATGGCCTTTCCGATTCAGCGCATGCGTCGCCTGCGGGAAACCGACGCCTTACGGCGCATGGTCCGCGAAACCGGGTTGACACCCAACGACTTCATCTACCCCGCATTTGTCACAGAGGGAGAGGGGAGACGGGAGCCGATCGCGTCGATGCCGGGCCAAGCGCGGCTGTCGGTCGACCTGTTGGTGAAGGAGGCATCGGAGGTCAAGGCGCTGGGAATTCCGGCGATGATTTTGTTCGGCATTCCCGGACGGAAGGATGAGCGCGGCAGTTCAGGGTATGACCCCGACGGCATCGTACAACGAGCCCTCCGAACACTCAAGGCGCAGGTGCCCGGCTTGGTCCTGATTACCGATGTCTGTATCGACGAGTACACCAGCCATGGCCACTGCGGTATCGTCCGAGACGGGAAGATTCTCAATGACGAGACGTTGGACTGTCTGAGGGCGATGGCCAAGACCCATGTCGAGGCAGGTGCGGACATGGTGGCACCGTCGGATATGATGGACGGCCGGGTCGCCGCCATTCGCGATGAACTCGACCGAGCGGGCTTCGTCGATGTGCCCATCATGGCCTATGCGGCAAAGTTTGCGTCGTGTTTTTATGCCCCCTTTCGTGATGCCGCCCATTCCTGTCCGCAGTTCGGAGACCGGCAGTCGTACCAGATGGATCCCGCCAACACACGCGAAGCCTTGCGGGAGATCGAACTGGATATCGAGGAGGGGGCCGACATCATTATGGTCAAGCCGGCCATGCCCTACCTCGACATCATCAGCGCGGCGCGCGGACGGACCC
CP054184.1_gap98	4078161	4082112	3951	GACCGCCCTATCCCCCGCCGTGGTTCCATTGTTGGCGCGACAAGCCGACCTGGTCCGGGAAGATGATCGATTCTTGGATGCGCTCGCCGCCGGTCGACTGAAGCGGTTGGTTCACTCTCGAGACCGAACGACGATCCTGGTTGATCGGTACGGCCTGACCGCCCAGCCGACGGCCTTGCAGCGGCGAATGCTCCGGCAGGCTGTGGAGGCTCTGGTATCCCCTCCGCGAGTGATGCGTGGAGAGGAGCTGTTATCCATCTTGGACACTGTGGCCTCGGCACGGTCTGGCAAGGTATGGAGGGTGGGCGCGGTGACAGTGCGCTGTGAACAACGACTCATTCGTCTTTCGGTGGAGCCGTCGCCTGAAATCTCAACTTCTCCACCTCTATCCGTCACCATCCCTTCGCTGCCTTGGAGGGCATTGTGGCCCCCTACCGGGGAGTCGGTGTCCCTCCACGTGCTGGAGGAGAAAGAGGCGAACAGCATCCTCGACGGGAAATCGCCCGCGCTCGCGCTGTTTGATGCGGACCGCTTGTCGCTGCCTCTGATGCTGCGTACATGGCAGCCGGGCGATTGGTTTTGTCCTGTTGGGATGGAGGGGCGGCGAAAGAAATTGCAAGATTACTTCGTAGATGCGAAACTGGGCCCCTCTGTGCGTCAACGTATCCCTTTGTTGGTGTCCGGTGACGAGATTCTTTGGGTCGTCGGGCGACGGGTTGATGCCCGATTTGCTGCGACGCGGTCAACCCGCCGATCCCTCGTCGCGCACGTGGCGCCGCCAACAAGCCGGAAAGGAGCCAGGTAGGAATGGAACGCATTTTTGGCCGTCCGATCGTCACACAAGAGCAGATGCGGACGCGCATTCGGGAACTCGGCAGACAGATTGCCTCCGACTATACGGGGAAAGATCTGGTGTTGGTCGGGGTGCTGAAGGGGGCCTATGCGTTCTATGCCGATTTGGCAAGAGCGATCCGTATTCCGATGCGGGTGGAATTCATCGTGGTGACGAGTTACGGATCCGGAAAGAAAACCTCGGGCAAGGTCAAACTGGTGTCGGACCTCACCGAACCGATCGCGGGCAAGGACGTGTTGCTTGTGGAGGATATCGTCGATTCGGGTCTCACCATCAGTTACTTGCTAAAGACCCTGTCCAAACGCAAGCCGCGATCGCTGAAAGTCTGCACCCTCTTGAGCAAGCCGGAGCGCCGGACCGTCGAAGTGGATTTGGAGTACGTCGGCTTCAAGATCCCAAACAAGTTCGTGGTCGGCTATGGACTCGACTACCGACAGAAATATCGCAATCTGCCGTATCTCGCGGCCCTGGATCAGGACGAGGAGTTGGAGCAGGAGTCGGCATGAGAGGTTGTTCCACTTGCGAGACCTATGGTAACATCCTGCAGGATCATTTCTTTTCGCAGTCTGCCTACAATCCTCAAAGGAGAGGTGGATGAATTCACGGGTAAAGAATCTTTTATTCTGGGTCGTCGTCGGCCTGTTCATGATTTTGTTATTCAATCTGTTCAGTGTGCCGACCCATGCACCGGAAGATGAAGTGATATTCAGTGATTTCATGGCCAAGCTCGATAAGGGCGAGGTCATGAAGGTGACCATCAAGGCCAACCACATCAGCGCAATTTTAAAGGACCAAAGCCGTATCAGAACCTATACGGCTGAGTATCCGGAATTGGTCAAGCAACTGCGCGAAAAAGACGTGCAGATCGAGGCCCGTCCGCCTGACGAAAGTCCGTGGTACATCACGTTTTTGGTCACGTGGGGTCCCTTCATTCTCTTCCTCGGTCTCTGGTTCTTCTTGATGCGGCAGATGCAGATCGGCGGCAACAAGGCTCTTTCCTTTGGAAAGAGTCGAGCCAGAATGTTGACCGAAGAGCGGAAGAAGGTGACCTTCTCCGATGTGGCTGGGATTGAGGAAGCTAAGGAAGAGGTGCTCGAGATTATTGAATTCCTCAAGGACCCTCGCAAGTTCCAAAAGCTTGGTGGGCGTATTCCGAAGGGAGTGCTCATCGTCGGTCCTCCCGGGACCGGCAAGACCTTGCTGGCTAAAGCGATTGCGGGAGAGGCCGGAGTGCCGTTCTTCAGCATCAGCGGCTCCGACTTCGTCGAAATGTTCGTCGGCGTGGGGGCGTCGCGCGTGCGCGATCTCTTTGAGCAAGGGAAGAAGCATGCGCCATGCATTATCTTCATCGATGAAATCGATGCAGTCGGACGTTTGCGCGGTGCGGGGCTCGGTGGAGGGCATGATGAGCGCGAGCAGACTTTGAACCAGCTGTTGGTTGAAATGGATGGGTTCGATACGACGGAAGGAGTCATCCTGATTGCGGCGACGAACCGCCCGGATGTGTTGGACCCGGCCTTGTTGCGCCCTGGTCGCTTCGATCGCCAGGTGGTCGTCAACCGACCCGACTTGCGCGGGCGCTCGGAGATCCTGAAGGTCCACACGAAGAAGGTGCCCTTGGCGACCAATGTTGAATTGGAGAAGATTGCTCGAGGGACCCCAGGGTTCTCCGGTGCCGACCTGGAGAATTTGGTCAATGAGGCCGCACTCTGGGCTGCACGGCAGAACAAGAAGGAAGTTGAGCTGATTGATTTCGAAATGGCCAAGGATAAGGTCCTGATGGGTGCCGAACGCAAGAGTATGATGCTCAGCGACGAGGAGAAACGCACGACGGCCTATCACGAAGCCGGCCATGCGCTTATGGCCAAACTGCTTCCCGGTACGGACCCGGTTCATAAGGTCACGATCATTCCGCGAGGGCGGGCGTTAGGCGTCACTATGCAGCTCCCGACGGACGATCGGCACAGTTACTCGAAAGACTTCTTGTATAACAACTTGGCGATCCTCATGGGAGGTCGGGTAGCTGAAGAGCTAATCTTCAGCAGCGTGACCACCGGGGCTGGAAATGATCTGGAACGAGCGACCGAACTGGCTCGCAAAATGGTGTGCGAATGGGGCATGAGCGAGAAGCTGGGGCCGCTCACCTTCGGTAGAAAGGAAGAAGAAATCTTCCTCGGCCGAGAGATTGCGACGAAGCGGGATTTCAGTGAGCAAGTGGCTCTGGAAATCGATCATGAGATCAAGCGCCTGGTCACGGAAAACTACGAGCGGGCTAAACGACTGCTCACGGAAAATATGACCAGCTTGAAGGCGCTTGCGGAGGCCTTGCTGGAAAAGGAAGTGCTCGACGCGTTAGAGATCGATCAGATCATCGTTCAGGGTTCTTCGTCACAGACCGTCCCTGCCTAAATTCCGCAGGGCCTGCTTTACAGGATGCTCGGTATGGCTCCTGTGAAGCAGGCCTGAGATAGATTCCCTGCTCGCTGCCGGGAAAATGTTTTGAAGGTATTCGATTCCCGGCGCCGCTTTCCCACCGTCGGGTCGTGTGTCCCTCAGGAGACTTCTTCGGCTCCGTGGTTTCGTCGGAGCTGCCGCAGATGCGGTTTGGCAATGTCGGCCGACCTTCCTATCTTGACAGCGGGGGCCCATCTGTTTCGGTTCGATAGCGGACCGCTTGTGATGGGCATTCTTAATGTCACACCGGATTCCTTTTCCGATGGCGGGTCGTACATGACGGTTGATCGCGCTGTGGAGCACGCCAAGCAGATGGAAGCCGAGGGTGCGGATGTGATCGATCTCGGCGCGGAGTCTTCCAGACCTGGCGCCCTGGGTATTTCTGAGGAAGAAGAGATTCGACGTTTACTCCCAGTGTTGGAGGCGGTGCGTCGCGCGGTCGCCCTTCCTCTCTCAGTCGACACCGCAAAGGCGGGCGTTGCGCGGTTGGCGGTTCAAGCCGGCGCTAGTCTCATCAACGATATTACGGCCCTACGTGGAGATCCCAAGATGGCCGGGGTGGTTGCTCAAACCGGCGTCGGCGTGGTGCTCATGCATATGCAGGGGACCCCTCAGACCATGCAACAGGCTCCGCAGTATACGAA
CP054184.1_gap99	4115979	4120127	4148	CGGACGATTGCCACCTGACGCCGACGGCGAACGAGACAGTGGCGCGGTACATCGGGCATCGCATCGCGCCGCTCATTACCGCCTCGATCGAGCGAAAGGAAAAGGGGAGCCGAGCCTCGTGATGGTTGATCGGTGGGATAAATGGGTGCTGGACTTGACCCTCATCCTCCTGGCTGCGCCGATTGCCTTGCCGCTTCTGGCAGCACTTGCGCTGGCGACATGGGCTATTCAGGGCTCGCCCGTGTTGTTCCGCCAGCAGAGGCCAGGCCTCCACGGAAAACCCTTCACTATCTATAAGTTCCGCACCATGCGTCAGCTCCCTCCCGGGGTCGCAGCCGACGCGAAATCGGACGGGCAGCGGCTGACAAGGTTCGGGAAGCTGCTCCGGAGCACGAGTCTCGATGAACTGCCAGAATTGATCAACGTCCTCAAGGGCGACATGAGCCTCGTCGGTCCGCGGCCCCTGCTCATGCAATACCTCGACCGTTATACCCCGGAGCAACAACATCGGCATGATGTCTTACCGGGGATCACAGGGTGGGCCCAAATCAACGGCCGGAACGCACTCACCTGGGAACAGAAGTTCGACCTCGATCTCTGGTATGTCGCGCATCATTCGTTCTGGGTCGACGTGAAGATCCTGGCTCTGACGTTGTGGAAAGTCATCCGTCGCGAGGGGATCCAGCACCCCGGTCAAGTGATCATGGAAGAGTTCAAAGGCTATCGCAATTGACGGCCGTCTCCCGCTAATCGCTCACAACCCGACAGGCGCCCGAAAGCCCGCAGCGACCGTATGGATGGGCGTCGCCATGCCAGGGGATCCGCACTGCGGCGTGCGCCGCTGACTGCTTGATCCATCGCAGTTCTGTGTACACCGGTTCCGTCGTCGGCCACCCGATATTTTTGGCAAAGGAAGGTCCCTATGAAAACTCACTCGTTCGGCGATGCGGTTGAAGTATTCGCGACCAGCCCCCAGTCTGCGGAAAGCACTACGGATGCGTATGTGAAGGAAGTCATCGACGTGGCGCAATGGAGCGAGCAGGAAGGATGCACGGGCACGCTCGTCTATACCGACAATCGGCTGGCTGATCCCTGGCTGGTCGCGCAGATCATTCTGCAGAACACGAAGACCCTCTGTCCGCTCGTGGCAGTGCAACCTCTCTACATGCATCCCTATGCGGTGGCCAAGATGGTCAGCACCCTGGCCTTCCTGCATGGGCGACGGGTGTATCTGAACATGGTCGCCGGTGGGTTCGCGTACGATCTCAAGACGCTCAAGGACGCGACACCTCATGATAAGCGGTATGATCGATTGCGTGAGTACACGCACGTCATCAAGGCCCTGCTCTCCGGAGGCACGGTCACGTTCCAGGGCGAGTATTATGCGGTGGACAATCTCCGCCTGACCCCTGCCTTGCCGCCGGAGCTGTTTCCTGGAATTTTCCTGTCGGGTTCATCCGAAGCGGGGCTCGATTGCTGCCGCGCCTTGGGTGCCACCGCCATCAAATATCCGAAGGCGCCGAACGAAGAGATGAATGCGCTCGACGGGCTTGAGAAGGCCGGGATCAGAATCGGTGTCATCGCGCGACCCGAAGAAGACGTGGCCTGGAACGTGGCCTACAAACGGTTTCCGGAAGACCGAAAAGGGCAGTTAGCCCACCAATTGACGATGAAGGTATCGGATTCCACCTGGCACAAGCAGTTGTCCGAGTTGGCGGAGAGCAAGACGGTCGACCGCAATCCCTACTGGCTGGTGCCCTTCCAGAACTACAAGACCTTCTGTCCCTATCTCGTGGGCGGCTATGAGACCGTGGCACGGGAGATCGCTCGGTATATCGGCGCGGGGTACCGGAGTTTCATCCTGGATATTCCGCCCGACAAGGAGGAACTGCGGCACACAGGTATTGCGTTTCAACAGGCCTGGACTCTCGCTGAAAAGGGGTGACCATATGGAGATACAGCAACCGATAGGCGGCCCCCTGAGGGGGTTTCTGGAATCCACGCGGAGAGTCGGATCGAGGCCGGCCCTCTTCGTCGACGGCAAGGTGCACTCCTACGAGGACCTGGGCCGCTTGGCCGGAAACATCGCGACGACGATTCGCAAGACCTCTCCCCCTTCCATGCCGCTCGTGGCGTTGCTGGCTCACCGGAGTCTCACAGCCTATGCGGGGGTGTTGGGGATCCTGGGTGCGGGCAAGGGCTACGTGCCGCTCAATCCCAAGCTGCCGACCGAACGGCTCTTGCGGATCTTGACGTTGGCCGGCCCCGATACCCTCGTTGTCGGCAAGGAGGTGAAAAAACATCTGGAACTGCTGCTCCCGAAGCTACCCCAACGGACCAGCATCATCTGTCCGGACTTGGAGGACCTCGAGAGCGTGAGCCTGGCGCATCCTCAACACCAGTTCGTGGTCGGAAGCGCCATGGCGGAGGGGAGCCTTACCGACGGGTCGTCACGGGAGGGAAACGACCCGATTGCGTACCTGCTGTTTACGTCGGGAAGCACCGGTGATCCTAAGGGGGTACCGGTTCGGCAGAGCAACCTGGCGGCCTACGTCGGGTACATTGCCGATCGGTATGGAGTCACGGAGGAAGATCGCTTCTCGCAGATGTTCGAGATGAGCTTTGATTTGAGCGTCCATGACATGTTTGTCTGTTGGGAACGGGGCGCCTGCCTCTATGCCATGCCGGACCATACCGTCATGGCGCCATCCAAGTTCATTCGAGACCATGGGATCACGATGTGGTTTTCCGTCCCGTCGGTGATCGGGGTCATGGATAAACTCGGGATGCTGAAGCCTGGGGCGTTCCCGACGTTGCGCGGAAGCCTGTTTTGCGGAGAGCCGTTGTTGAGCCGGCACGCACAGGCCTGGCAGGAGGCGGCGCCGAATTCCTTCGTTGAAAATCTCTATGGGCCGACGGAGGCGACCATCGCCATCACGCACTATCGCTGGACTCCCGCCACGTCGCCGGCTCTAAGCAAAGCGGGGATTACGCCCATCGGCCAGGCCTTTCTCGGCCAGGCCACCTGTGTGGTCGATGCCGAGCTCCGGTCGGTGGCGGCAGGGGAGAACGGCGAGCTCTGTCTCTCCGGATCCCAGGTTACACAAGGATATTGGAACAATCCCGAACAGACCAGGAAGCAGTTCGTAACCCTGCCCGACAGGGGCGATCAAGTCTGGTATCGAACGGGTGATCTGGTCATGGAAGATCAGGACGGCTGTCTCCAATATCTCGGCCGTATCGATCACCAAGTAAAAATTCGTGGCCACCGGGTTGAGTTGCCGGAAGTTGAGTTTACCCTTCGCGAAGCGTCGGGGTCGCAACAGGTGGCCGCGCTGGCTTGGCCGGTGAAGGAAGGACTGGCCGAGGGAATCGTGGCATTCGTCGCCGGCGGAGCCGAGGGCGAGGCCGGAGCCATTCTGCAACATTGTCGGCGGGTCTTGCCCGATTACATGGTGCCGAGTCAGATCAGGTTTCTGGAGCACTTACCGTTGAACGTGCATGGAAAGACGGATCGATTGAAGTTGCGTGAACTATTGAAGGAGGAACCACGATGAGGACAGCGCAGGAAGAAGCATTGGCGAAACATCTCACTGAATGGGTGAAGCAGGGACGGGGAACGGTCGGAGCGGATCTGCCGGAATTTTCCGAGGACACCGACTTGATTGCGGCCGGGATTTTGGACTCCCGGGGATTCATAGAAATGATGCTTGAAGTCGAGCAACAGACGGGCAATCGGATCGATTTGAACGATGTCGACCCGAGCGAATTCACCACGATCAGGGGCCTGTGCCGTTGCGCCGTGTCGCAAGGTTCACCCTGCTGAAAGGAACGGTACCATGAATAAAATCGTCGAAACATACTCGCGCTTGGCGGATGAATACCGTCGGGACGAGGCGTCACAATCCTGTTGGTTTCTGGCTGCGGAAAAGGCGTTGGCTGCGATCGAACTCAAGGATCGCTACCGGACGGTCGCCGATATCGGCTGCGGGACCGGCCGGGCCCTCTGCGAGTTGGCGTCTCGTGGAGGAGACGACCGCCGGTTTATCGGCGTGGAGCCGGCCGACAACATGCGAGCGTTGGCCGCCGAATTGGCGCGCGGGCAAGCCAACATCCGCCTGTTTAACGGGTCATTCGAGCAGATCCCG
CP054184.1_gap100	4121557	4125595	4038	CGGCGCTTCGTTTTTAGCCCCCCTGATCATTCGTCCCCTGCCGGAGTCGCTGAATGCCTCTCCCGGCTGGTGCGATTGCGTCTCGCCCTACGGGTATTCCACGCCGCTGGTGGCTCCGACACAGGAGCAATTGCCGGCCTTTATCGAGGCCTTCTCCGCGCTGGCAAAGGAACGCAGCATAGTGTCGGCATTCTTCCGCCTCCATCCCTTCTCAGAGCTTAACAAGGGAGACCTGTGCCGATTCGGGCAGTTGGTGCACCATGGACCGACCATCTATCTCGACCTGTCCCTCACGCAGGATGAGTTCTGGAAGCAGGTGCGAAGGAATCACAAACAGAATTACCAGCGGTTGGTCCAGGATGGTTTTGACGTGTCGGTCGACGACTGGGCGCGCTTGGGAGAATTCGCGGCACTCTACCGTGACACCATGCTGCGGGTGGGGGCGGTGACCTGTCTGTATTCGGAGCAATATTTCACCGACCTGAAGACCATTCTCGGTCCTGCCATTCATCTCTGTTGTGTTCGGTCCCAGACAGGATCGGTGGTGGCGGGCGGCATTTTCGTCGAGATGGGTGGCTTGGTGCATTATCACCTGTCGGCGACGGCGACGGAGTACCTGCGCCTGGGACCCAATAAGCTCATTATCCCTTTCATGCGTGCCTGGTCGCAGGAACGATTGAACCGCGTCTTGCATCTGGGCGGTGGAGTCGGCGGCGCGTACGATTCGTTGTTCCACTTCAAGGCGGGATTTTCCGATGCTCGGGCGGATTTCTACTCTTACCGCCTGATCGTGGATCAATCCAAGTATGAAAGTCTGTCCCGCGTGGCGGCGACACAAGCCGGGGGAGACCTCTCGATCCCGGCCAACTTTTTCCCTGCCTATCGGCGGGCCGTCCCCCATGCACCCCATTTGCCGCCGGTCCCGGCGGCCACAGCGGTCACGCAGGAGCCAGAGGTAGAAGCCTGACTCCGGCTGCCCTCGTTTCTAATCTCCAGTAACGGACCTCTGAGTTTCGAATTCCATCACCCGCGAGAGAGTGGTGCATCGATGGTTCGGGCTGCCCCTCCCGTCATCAGGCCGGCGTTGCCGGACGACAGTGCCGCCATGGCCGCGGTCGTTCGCGCGGCTTCGAGCCCGCTCATGCGGGAGACGACGATTCTCGGAGGTACGGGGCTCGATCATTTTCTTCGCGATCAGATGACATCCGAGTCGGCGAACCGATTTCTGGTGGCCGAGGTCGGAGGGCATATTGTCGGGATGTCGGCCTGGCGGTACGAGGGGGAAGACTTGTTCCTCAACCACTTGTTCGTGCACCCGTCGACACAGGGCCGTCGGGTAGGTACGTCGTTATGGGCGCGGGGGATGGCTGTCATGGAACAGGCCGGAATCCGCGGTCTCTCAGTGGATGTGTACGAGGACAATATCCGCGCCGCGACCTGGTATCGATCGCTCGGCCTGGAGCCGGTCGCAAGACGTCTGCTGATGGCCCTGCCCGTTGCAGCAGGGACGGATGGCCGGTCCGTGTGGACGTCGACCTACCTGGGGGAGGCGGACGAAGTCTATGCCCGTTACGGATTTTCCCAGTTCACGCTGACGACGGAACGCGGCGCTTACGCGATCGGGCGGTTGGGCTCGAGCTATTTTCGCAGCCCGGCGGCGCTGTTGGACGACGAGGCGGCCCACGTTGCGTTGCGCCGGTTGGACCCCCATCGTCGCGTGCTCTGTATCGATGGGCCGGAATGGTGGGAGGCGGCGTCCGAACGGGGGGCCGTGCTCCTGGGGCGGACGGTCCGACTCCAGGCGCCCATCGAGCAGGTGGTCGCCCGTTTGGATCGGGTGTTGTCGGCGTCGGGTTCTGAGTCGGTCAGGCAGTCTTCAGCCGATGGGGAGTACGTATGAATGTCACCGCAAAGAAACACACGCTTCGCATGTTCACGAACGGCGTCTACATCCTTACCTCCCGTAACGACGAAGAGATCGGGGCCGCGACGGTCACCTGGGTTTCGCAAGCCTCGTTTACCCCGCCGCTGCTGACCGTGGCGGTCCGGCCGACCAACAGTGTCTTTCGATGTCTGGCCAAAAGTGCCGTCGCGGTGCTTCACGTCTTGGGGCATCACCAGACGGACCTGGCCAAAAAGTTCTTCACGCCGACTGCGGTTCAGGACGGCACGATCAATGGGGAACCGTTTTGCGACGGCGCCACGCGGGCTCCGATCCTGAGTAATGCGCCGGCCTACTTGGAATGTACCGTGCGCCAGATCGTCGACCAGGGAAGCGATCATGCGGTGGTCATCTTGGAAGTCGTCGACGCCGTCTGTCGCGAACGCGTGAAGCCCCTCACCATGGCCGATACGCCCTGGGAATACGGCGGCTGAACGATACGGACGCCCCTCGACTTGTCACTACGGCTCTCTGCTTCACCTACATTACGGAGGACATCGTGATCACCATGCCGATCATCAGACCCACGCTCCCTTCCTTGGAAGACATTCTCATCATGATGCACAACGGGTGGGAAACGGGAATCGTGACCGTCGGTCCGGTTGTGCGCAGTTTGGAAGAACAGGCGTGCCGCGTGACCGGCGCGCGTCATGCGATCGCGCTGTCGTCCTGTACGGCGGGCCTTATGCTGGTGCCGCAGGCGCTCGGACTCAAGCCCGGTACCGAGGTCATCGTGCCGTCTTTCACCTTTGCGGCTACCGCCCAGGCGCTGCTCTGGAATCGGCTGGTGCCGGTGTTCTGTGACTGCCTGCCCGGGACCTGCACCATCGACCCTGAGGATGTGGAACGGAACATTACGCCGCAGACCGGCGCGATTTGCGGTGTCTCGGTCTATGGGCTGCCGCCCGATGTCGATGCGTTGTTGGAGATCGGGCGACGAAAGGGAATTCCCGTGTATTTCGACAGCGCCCAGGGGTTGGGGGCCACGTATAAGGGGCAGCCGCTCGGGCAATTCGGGGTGTGCGAGGTCTTTTCGCTCAGCCCCACGAAAGTGGTGACCGCGATCGAGGCCGGTTTGTTGACCACGAATGACTCGGCGCTCGCCGAGCGGGTCCGCTCCATGCGCGATTACGGCAAAGACCTGGTGAAGGGAGAAGAGATGGTCCATCTGGGTCTGTCGGCCAGAATGAGCGAACTCCATGCGGCCATCGGGCTGCTGGGTCTCCAGCGGGTGCAGGACCTGGTGAAGGCGAGAACCGAACGGATTGCACTGTACCGTGATCGCTTGGGCCGGTTGCCCGGCTGTCAGGTGCAGGAATACCCCTATGATCGCACCACCAGCGGCAATTACTTCGTCCTCTTCATCGGGGAACAAGCCAAACGCAGTCGCGATCAGGTCTACGACGACCTCAAGCAGGCCGGGATCCAGACGAAGCGATACTTTTACCCGCCGGTCCACGCGCAGGCCATTTTCCAGCAGTATCCGATGAGGCTGAGTGCCAATCTGACGCACACAGCGAAGGCGAGCCGAGAGGGATTGGCCCTGCCGCTGTACTCGCACATGACCGATCAGGAAATCGAATCGGTCTGTGCCGCGGTGAAGCAGCTGTTGGCCTGAATCGGGAGGGGCGGCGAGCGGTTCTGGTATGGCTGTGGCGTCCACTCACTCGGCTGGAGGATGGGGCCTGCTTGGATACGTGACTGCAGCCCTTGTCTCGGCCGGGTTGCTGGCATGGCTCGGGCTGTCGTGGCTCGTAGCCCAGACGGAAGGCGTGTCCCCGGACGATCTCGGCAAGGTCGACATGGTCGTCGCTCTGGCTGGAAGTCCCGATCGAGCCCTGTATGCCAAGGCCCTCGTCACGCAGGGAGTGGCGCCGGACAGCATGACCACGCTCGTTGATCCCTACTGCTTGCGCCTGCGTGGCGTCCGGACGGTCTGCAGAACCTCGGTGCGCAACACGATCGATGAAGCCGTCATCTTGCGGCGCATCTTTGCCCGCGAGCGGGTGAGCAGGGTGATTGTGGTGACCTCGCGTTACCACCTCGCCAGGGCGAGCGCGGTGTTTGCCACCGTGTTCGCGGGCGCGGGGACGACG
CP054184.1_gap101	4141722	4144123	2401	GCGGCGGCGTCCGCCGATGCAGCATGTCGTCATCACCGGCAGAGGGGCGCCGGCTGAATTGATCGCCGCGGCAGATCTGGTGACTGAGATGAAGCAGGTGAAACACCCGTTCCGTGACGGTATCACGGCGCAGGCGGGAGTGGAGTTTTGAAGGGGCCGGTGCGCAAGACCTGCGAGCGTTGCCGGCAGCCCTTCGAGTGCGGCGGGTATCAATGTTGGTGCGGCACGGTCGGGATCACCGAACGGCAGATGGACTGGATTGCCGCTCGTTATGAAGATTGCCTTTGTCCCGCGTGCCTGCAGTTGGTGGCGGACGGGGTGCTCGGACCGGTGGATATAAGCCGCAGTGCGTAGACGCGACAGGAACCGCGAAGGTGACAGGAGATCGAAGGATGCGAATTACCAAAGTCTATACGAGAACCGGCGACGCGGGGCAGACCAGGCTGGCGGGGGGACAGCAGGTGTGGAAAGACTCCCTGCGGGTCGAGGCCTATGGAACGGTGGATGAGTTGAATGCCTCCGTGGGATTGGCGCGAGCGATGAATGTCGAGGTCGGGAAGGACTCTGTTGCCGCAGCGCAGCTCGAAGCGGATCTACGGTGGGTGCAGAACAAGCTTTTCGATGTGGGGAGCCTTCTGGCGACGGCACCGGGACAGACCTTTCCCAACATGCCGACAGTGACGGATCGGGACGTCGAACGCCTTGAACGGATCATCGACCGCTGTCAGGAGGAACTGGAACCGCTGAAGGAATTCATCCTGCCCGGCGGGGGCAAGGTCTCGGCGACGCTCCACCAAGCCAGGACCATTTGCCGGCGGGCTGAACGGATGTGCATTCGTCTCTCGCGCGAGGAATCGATGTCGGCCGAACTCAATAAGTTTCTCAATCGCCTGAGCGATGCATTGTTCGTATGGGCGCGCTGGGTGGCGAAGACGCAGGGAGAGCCGGAATTCCTCTGGCAGCGCGACTCGAAGGCGACAGAGGAATGACGCCATGAAGCGGTCGCAGCGGCGACGGTCGCGTCTCATCCTTGTGCTCGGAGGGGCCTCTTCGGGAAAGAGTCAGATCGCATTAGAGCAGGCCGGCCTCGGCGGACCGAAGGCCTTTGTGGCGACGGGAGAGGCCTTGGATGATGAAATGGCGGAACGGATTGCTCGGCATCGCGCCACCCGCTCTGCGGAATGGGCGACCGCTGAGGTGCCCCGGGATCTGGCCGGGTGGTTCCGTTCGCACGGGAGCCGTTACCGCACGATCGTTGTGGATTGTCTCACGCTGTGGTTGAGCAACCTGTGCGGCCGCCGCACCGGGTCGATGGACCCCAGCCCTCAGGTCGAGGATCTGCTGCAGGCCATCCGCACCACGCCGGCCAGGGTTCTGTTGGTGAGCAATGAACTGGGGTTTGGGCTGGTGCCGGCGACGTACCGAGCCCGCGCCTTTCGCGACTTGGCTGGACGGGTCAACCAACAGATTGCTGCGGCGGCAGACGAAGTCTACGTCGTAATTGCCGGTCAGTCGTTGAGACTCAAGTGAAGGGACAGGGAACATGACATTGGACGAAGCGATCACGCAGATCGAGCCCCCAGACCACCACATAGCCGCACAGGTCCAGGTGCGCCTGGATCGGTTGACGAAACCCCGTGGCAGCCTCGGACGGCTCGAAGAGGTGGCCGTTCGGTATGCCACCATAATCGGCGAGGTGCTGCCGAAGGTGCCGCGTGGGGCCGTCTTCACCTTCGCGGCAGACCATGGTGTGGCGATCGAAGGTGTCAGCGCCTACCCGCGCGAGGTGACACAACAAATGGTCTTGAATTTTCTCCGTGGAGGCGCCGGGGTCAACGTCTTGGCCCGCCATACGGGTGTCGAAGTGCGGGTGGTGGATATCGGGGTAGCGGCGGAGTTCAGGACAATACCGCAGCTCATCCAGCAGAAGGTGATGCCGGGGACCAGGAATTTCCTCGTGGAGCAGGCCATGAGCCGCGAACAAGCCCGGCGTGCGCTGGAAGTCGGTACGATGCTGGCGCTCGACGCGGCGCGTGACGGCATCGGCCTGATCGGGACCGGAGAGATGGGCATCGGCAACACCACCGCCAGTGCGGCAATCACCACGCTGTTGACGGGACGGCCGGTCGCCGAGGTGACGGGGCGGGGGACAGGGATCGATGACACGACCCATCAGCACAAGGTGTCCGTCATTCGACGGGCCCTCGATCGGCACCGTCCGGACCCGACCGATGCCCTCGATGTACTGGCCAAGGTCGGGGGATTGGAAATCGCCGGGCTGGCCGGGCTCATGCTCGGTGCGGCGGCACGGCGGATACCGGTGGTCCTGGATGGATTCATCGCCGGAGCCGCCGCCTTGATTGCGGTCGCTCTCCAGCCCCATTGTCGGGAATACCTGATT
CP054184.1_gap102	4155562	4156062	500	CAAGTCGTGACAGGCCGTTCGGTAATGCAGTTGGGTGAAGAAGCTATCGATGTGTGTCCACTGGACAAATTGCTTCGCCGCGAAGCGGGTATCGCCGACCATGGAAAATCGGTGGTCATTGTGCGGACCTCCACCGGGCCGCTGGGCTGCGCAGTGGACGAATTGCTTGGGCGTCAAGAGATCGTCATTAAATCGCTGGGGAGGTTGAAGTTATTTGAACGAGCGGTGTTTGGGGGCGCTGCGATAGATCCGGAGGGACGGGTGGTGTTAGTGCTCGATGTCAATCGTCTAACGGCGCAACCTTCCTGTGAGTCACCGACGGGTGAATCCGATGACACAAGGCTCTCAGCAACAACGCTTATGGATGTCGGGATGCCGTCTGTGCAGTCGACACCTGGGTTCCCTCTGCTCCTCATCGATGACTCGCTTAGCATCAGGAAGTTTGTCGGTCGGATGCTGGAATCCGCCGGGTACGCCGTCGATACGGCGAGTGATGGGGA
