gap_id	start	end	length	sequence
CP058732.1_gap1	15164	20150	4986	GGTGCCGATGTTTGCTGTGTTGCTTGAGGTGCTTGTGAAGCGGGCGAAGTTTGGGTATCTTGGTTACCGCTCGATGGTGTTAAGTATTTGGATTTGTTTTCATCAAGCCAGGCGGACGTTTGTGCGGAAACCTCTTCGCCAAAGGTTTCGCTCAGCCACCCTAATAGATCCACTAAAAATTGTTCAAATGTTGCCTCGTTCATTTGTAGTTCCTCATATGTTTGTTGTAAATTTTTATTCCATAAGTCAATTAGTTGTTGGCGTGTGAGATTCTCGATGGGTATATCAACAAACTGCGAATACGCCCACTTGAAAGGCGTTAGATTGATTTTGTGATTGCGAGCTGAACGAAGGAGACGCGAAACAATAATTCGTGCCTCTTCCTCAGTATAATAACGACGCGCTGATGGACGTGACCAGGTTGCAAGAGAAGCCAAGACATATTGTTTGGTAAGTGGGAATTTGTAGTGTACAGGATCGGCAAAGTCCTCATCTGTTAAATTCTGGTATATTTGTGGCTTTGTAAACCTCAATTCGCTCTTGATTTTTATACCATATTTTTCAGATCGTCGACTTTGTTCGTTTTTGTCTGCTTCTTCAAATTCGAACTCAAACGAACCTAAATTTTCATCAAACTGTGGATCTGCCAATCCTTTTACGGCAGGTGGTACACCACCTAAAAAACCAATATGTTTAAGCATCAAGTTTTCATATAAAGCAATGGACCGCTTTCGATACAATCCTTTTTTAACCCACTCTACAAATTCCTTCGCAAGGTCTTTTAGCTTTGCATATAAAACATTTCCCCGACGCTCTAACTTCTCAACCCAGCCATAGGCTGGTGAGTCCGTCACCGGGTGCCCAATCACAACCGGTGCTTCGTGTCGAGTTTCTTCTGGTTGGTTGTTGTAGATTTCACAAATCTTATCCAAATCTTCTGCTGTCCATTGGCGGGTATTTCCCGAGGAGTCTGTGTGTATACCGGTTTTGAATACTTCAATCCACATTCTATAAATTCCAATTTTTCTCGTTGCAAACTTAAAACAGTGTTTCGCCCAGATGGTAACAACAATGTTACTCCTCATTGGTGTGCCTAATGTGTTGGCACATTGTTGTTACTATCGGACTACTTTTTTTGGTTGTTTTGCTTTGGATTTTTAAAAAACTTGAGAAAAAATGGAAAAAATCAAAGAATTAACGAAAAAAATCCAAAGAATTCCAGCAACAATAATTAATGCTCTTCCAGAAACTGAACGAAAAATTTTTGCTAATTACAAATTTATTCCGATTGACTTGCTCGTTCCTGCCGATTGGAACTATAAGGCTGATGATGAGTTTATGTCACAGCAACTTTTAAACAATATCAAACGCAATGGTCAAATCGTTACTTGCCAAGTACGAAAGCTTACTAGTGGTTTCTATGAGGTTGTCGATGGAAATCATAGACTAATCGCCCTTAAAAAACTTGGTTACGAATATGTTATAGTCTACGACCACGGGGAAATCTCACTGAGCCAGGCCCAGAGACTTGCAATTGAAACGAATGAAACTAAATTCAATGCTGATCCAACTAAATTGGCAAATCTATTCAAAGACCTTTCTTTAGATTTTCCTGATTTTGATTTGTTCGAAACCCTTCCTTTTACTCCTGAACAATTTAACGATATACTTAATTCATCTGAAGTTACAAGCATTGAAGATTACGAAGACTTCGAAGACCAACCAGAAATTGAAGAACCAATTGAACCGAAAACAAAAAGAGGCGATTTATATGAACTCAACGGACATCGACTGCTTTGTGGAGATTCTACGTTAGCAGAAGATGTTGCGAAACTTATGGACGGAAAAAAGGCTCATTTGCTTTTTACTGACCCCCCTTACAATATTAATTATACAGAACTAAACAAAGAGCGAAAATTCGGCAAAGGAAAGGATTGGATTGAAGCTAATTGCACGGGATGGAAAGATTTTATGAGCAACGAAGAATACCCAATATTTTTAGAAAAGTCTCTTGCAAATGCAAAGAATAATTTGATTGAATATGCTCATTATTATGTCTGGCACGCCACGACTAACTTGCCTTCATTGATTCAAGCTTTTGAAAAAAACCAAATCCCTTACGATCCAATCCCTATAATCTGGGTAAAGCAAGTTGCCCCAATTTCTTGGGTAAATTATTGGCGTATATATGAACCTTGCTTGTTTGGCGGTAAAGGAGCTATCAATGGTCAAGGTAAAGGTGCTCGCTGGTTCGGCGGAAACCACGACGTTAATGTTTGGAATGTTGATCGGGACCATAATGTTTTTTACATACATCCTACCCAAAAACCGTTGGCTCTCGCTCTTCGCGCAATGAAAAATAGTTCCAAAGAAAAAGAGATAGTTTTAGATTTGTTCCTGGGGTCAGGTTCTACTCTTATCGCTGCTGATTATTTGAATCGAATTTGTTATGGAATAGAATATGAACCTAAATTCTGTGATATGATTGTGCTTCGCTTCATAAAATATTGCGAAGATAAGAATAAAGAATATACCATTAAACTCAATGGTAAAATTATAACCAAAGATTACTTTGACTATCCAAAAGATACAATAAAAATAAAGGACTAATTTATGATGGAAGGAATTCAAGAACCTTGGGAAAGACTACCAAAAGAACCTCTCAAAGCCTTTAAGGCGTTCCAAGCATACCGTGATATGGGCTATCGGCGTGATAAGTTTGTAATTGCGGAACGACTTGGTATTCCATATCAAAACATCAAGAGAATTTCAACAAAATGGAAATGGGAAGCACGCATTGACGCCTGGGAGAAACATCTTGACAAAGTTCGAACCGAGGCAATAAAAAAGGAAGTAGAAGAGATGACTCGTCGCCATATTCAGCAGGCTCTGATTTTTCAACGTGCCTTGGTACTGCCAGCAGAAGCCCTACTTAATCGTATCCGACCGGATAAGGATCCTGGCGGGCAAAATCGCAACTTCGAAATGTTGTCATTCGATAAGCTCTTTGACCTCGTCGTTGATGCAGCTCAAACTTTTGGTAAAGCAGTTGACATAGAGCGCAAAGCCCGCGGTGAACCAAACGAAATATCTAAAGTCAATATGAATACTACTGAAACGGTTCGCGTGATTCTACCTAAAATTCAATTACCAAAAGAAAATACTAACGATAATGATAACGATAACGAAAATGAAATGAAAGATGACGTTTGATTTTAGCAATCTGGATTTGTTCAATCCTATATATTTACCTCTATTGGAAGATAAAAACCGCTACAAAATTCTGTACGGCGGAAGAGATAGTGGTAAGTCCGACTTCGTTGCTCAGTATTTTATTATTTCTGCTATCAGAGAGAAATTTTTTCGAGGCTTGCTTATTCGTAAATTTTATGATAGCATAAGAGCAAGCCAGTTCCAAACACTGATTGATTATATTAGACTTTGGGAACTTGGTGATTATTTTCATATTACGCATAACCCAATAACTATAACTTGCGTTCTAAATAACAATATGATTTTAGCCCGAGGACTCGATAAACCTGACAACACAAAATCAATCAAAGACCCGACCTGTGCTTGGTATGAAGAGGCTGACCAAATCTCCGAAAGTGCATTCATAGATACAACTCTGTCTTTGCGCTCATCAAAAACGGATAAAATCTTCGAGTTCATCACTTTTAATCCACGTAGAGAACAATGTTGGATTAACTCTTTTTTCTTTCCACCTAAAAACACTTATGAACGGGAAGATGGAAATTTCCATTGGGTCAAATCTCCAAGAAATAACGTAACCATTCTGCACACCACCTACAAAGACAACAGATTTTGCCCTCCCGAACGAGCAGAAACCCTTGAAACTTTAAAGAAACATGACATAAACCTGTATAGAGTTAACACACTTGGACTTTGGGGTGGCATCTCGAAAGGTCTAATTTATCCTTCCTGGACGCCCACCGACTCATTCCCTTACGGCAGAGGAGACGAGGTTTTTGGTTTAGATTATGGAATGAACAATCCAACCGCTTTTGTTCATACCTCTTTTTATGAAGGGAAGTTATATATTGACGAGTGTTTTTATGTTACTAATCATACTCATCGTCAAATCGTTAATCTTTTGGTTTCAGACTTTAAAAACATTATTGGGAAAAAGCCTATAGTTGTTGACTCGGAAGAACCAGCTTTAATAAAAGAACTTAGACTGGCAGGATTCGCTGTTATACCGGCTTTTAAAGGTCCAAACTCTGTATATCACGGAATTATGCTTGCAAAACAATTCGATTTTTATATTACAAAACGCTCTTTGAATATCATAAAAGAAATTCAATCTTATAAATGGAAAGAAGATAAAGATGGAAACTTAATTGATGACCCGGTAAAAGTTGATGACCACGCAATGGATGCTATTCGATATGTTATCCAAACTTACGGAGCTAAACATTGGCGGCGACCATCGACCGCTGATTTGATTTATAAACTAAAAAAGAAAGAAGATAAATTTATAGGTTTTTAATATGAACTACTCATTATTTAAAACTATCGCAACAGGAAAAACAAAGCTCCTGAAAAAATTTTTTTCAGAACTTCCTAATCCAAACTTGACAATCGCAAGCATTGGCGAGCGCCAAGTGACATTGGAAAATATTGCCACTGACCCGCATGTTTCGGCTTGCATTCAAAGTAGAAAAAGTGGCGTGCTGTCACAAACTTGGGAAATACAACCTGCTTCCAATGTTGCCCCGGAAATAAACGAAATCGTGAACAGTAGCTTCCAAGAATTGGATTTGTTTCGTGTTATCTCTGAGCTTTTGAATGCACCCTTATTCGGTTTCGTTGTGTCGGAAATCACATGGAAACCAAGCATATACCAAAATCGAAATTTGATTGTTCCATCTTCAATTAAAAGCAAACCGAATAAATGGTTTGTCTTTGACCAAAACAACATACCTCGCTACCGTAACCCTGAAACTCGTCAAGATGAAATTCTTT
CP058732.1_gap2	24981	29399	4418	TCTAATCCTTGTTCGCCTCTTAGTGGCGGGCTCACTAATTCAAAACTATTGGTGCCCTGGATTGAACTGTCTGATACTATCTTCCAGTAATCTCGGTCGATATGATTGTAACTTTCAGCATTTACATTAATTCCTGCTTCTCTTAGTTTTGCTAAAACTATGTCTACTGGTACCCCGTAAGCTTCAATTTCAACTCCGAAGGTTCTCTTCCAGGCTCCCAGTTGATCGTTTGAGTTTTGGTTCAAATTCCTGGGGTTCCTTCTTGTCCCGTAGATACTTACATAGACATTGTGTGCGAATCCGTAATTCACGTTGAGCAACTTTGCTACTTGTTTCCTTGTTAATCCCAGTTCAAAAAGTTGCTTCATTTTGTTTGTCTTGCTTGTGTTTTGGTTTAAAATTTGTTCAATCATCTTAACTCCTTTATTTTCAATTGTTTAACTTAATTCGATAGCAACTTAATATGAAAAAATTTAACTTGCAAGTCTTTTTGCAACTTTTTTTGAAAATATTTCAATTATTTTCAATGGGTTACGAAAAAAAAGTTTGGCACAAGGGTTGACTAGTGAAAAATTTTTTGGAAGGGAATTAGTATGGCACAGATATTGAATTGGAAGGATTTTTTTTTGAAGGTGATGATTCTGGAATAGAAGTTGATTACGGTTACTTCAAAAAACCTATGATTTATTTTTTAAAAGTTTTGCCTTTAACATTTCTTCAAATTCATATTTTAATCTGGCGTTGTAAAATGGCAAGCTTAAAATTTTATATTCAGGAGTTTCCCACTCAATCATTGCTACTTGTTCCAATGTTTGGATTAATTCTTGTTTCCAGGGTTCGTTTTTAATATAAATATCATCCTTAGGTTCTATAAATATTTGTTTAATTTCAATTTTTTGATTGTTCTTTTTTCTTAAAAACAAAACAAAATCTGGATAAAAAGCTTGACCATCTTCGAAATTATAAATTGCCCAAAATTGTTCATTGCGAATTAAGATGATGTCGTCATATTCTGCTTGTAATCTTTGATAGTAATCATTATCAAATTGTTTCAAAAAATCCAATTCAAGTCCGGTTCCCCAAAATTCATTTTGCGCATACCATTTTTTTTCTCCAATTCTCATCTTTTCGCTCGCAGAATTTATTTTGCTACTGTAAAAATCAAACGTTATTATTTTATCTCGTAATTTTTTCTTTATTTCTTCAGCATAAAACTTTTTTGATCCCCTAAACTGCTTGTTCCCCTTTATCATTCCCTGTGAAATCTTATTTAGAACAGTAATTAAAGCACCAAGTAAAGCTGGAAAGATTTTAACATCTTTCCTTCGAATCATTTCGATATCGGTCTCTTTTCCTACAAATTCTATTTCAATACCTCCTAACCAATTATCATTTTGATAAAAATCTTTAATGGTTCTCAACCCTGGAATAAAACGTTTTAAATTATCAAAATAGTAGAACTTGTTTTTATCTAATGCAAAGCGAACAATGTTTTCAGGTAAATCTTTTATTTTTAAGGTGGCACGATACGAAGGAACGTCTTGCTTTAAATCAAGTTCATTACTTAATATTGCCTCTTCATGGGTAAAATAAGTAGACAACGGGTAAACATGGCGACATGGCACTGAAAAATCTTCGAGGGATTTAAATTCAGTTTTATCTACTTTGGTTAATTCGTTTAAAAAAATGAACCCTTCTTTCCAAAAATAAGTGTTTTTAAATTCTTCTTTGACCTTAATTTCTACTTCTCTTCGTTGCTTTTCCATTGCACCAATGTCCACAAGTGCCTTCTTAATCTCCGAAACATACTGGGGTTGATATGAACAATGATAATGCAATTGTTCCAAAATACGCAAGGGATTGCTAATATCCTTGTCAAATTTTCTTTTGTACTTATCCTGCTCCGAGTTTAAAGCAAATGGCCAATACCGCATTCCCCGGCCGATTAATTGGGCTTCAGCGATAGTAGTCTTTCCAGGTTTGTTATTCCTGGAATCTCTTGTCTCATAAAGTCGAACAATATCAAAAAGATTTAGTACGTCCCAGCCTTCGTTTAACATATCTACAGCAAAAATAGCCCTAATTTCATTATTGGGATCTTCCAATGAATTAACTAGAATTTGTTTTTCTTCGCTATCTTGTTTTGAATTAACCGCTAAACATTTTTCCGGCGCAAAATCATTTTTAAGTTCTTCAACTAAATTTTCCAAAGGAATATCGTTTTCCTTAAAATATTGAAACGCTTCTGCGATAGACTGGAAAACGCTTTGGCTGATTTTGACTAAGTCGTAAACAGTTAAGTTATCTATAAGTTTTCTAAAGTCCAGTTCGTTTCGTTTGCTTTCTTCTATTGTTTTAGATTTGAATAAGATAACTGGCTTTAAGGGAAGCCCATTCTTCTCAGCTATCTTCCTTCTGTACTGACTTAAAACAACCGCCTGCAACGCCCGTTCCATTGGATTGCGTATATCGGATTCAACAACTTCAATTTCCTTGGAATAACCTTCTTCTCTAAATCTAACCAAATCATATTTAAAGATGATTTTATTTTCGTACTTTTCCTTGATGGCTGGATGATTTAAGTCTATCGTTGCTGTGTATTCTAATAAAATATTTTTGCTTTCCCCATTTTTGTTTCTTTTCGGCAAAATTTTTTCTTGGATCGTCTTTTCCCACGCCCTTAATTCCTCTTTTTCTTCTTCCGATAACCCCTTGATTTGTTTTAGTTCCAAAATATCTGTATCCCAGATTAATTGTTGGCCTTTTTTGTCTTTGAGTTTTGTATAGGCTTGATAATGATGAGCTTCGTCAGCAATCAAAACTACTTCTTTCCCTTCAAAATCTTCCTCTGTTAGTGCGTTTTCTTTCGGCTTATTTATTCTTTCGTGCAATGCATTTATTGTAGTAAACATTATGTTGATATCATCCTCAACCACATCGGACAAATTTTTAATTTCTCGTATTTTAACCTCTTTTCCATTAAAAATAACTTTTTCAGAAAACAAATATTTTGTTGATAAAGGATTTAAAAAGTTGTCCCGAGTTTTTTCTAATATATTGTTTCGATGGACAAAATAAATAAAAATCCGATAACCCAATTTATAAAGCGCAAGAATATTGGCGGCAATAATTAAAGTCTTTCCGCTCCCTGTTGCCATATTAAAAAGAAGATGGACCGGATATTGTTTCTTTTGGTAACCGTTAAAATAAAAATCAAATCTTCCCAACGCCTCTTTCTGATATTCACGCAATTCGAATCTTGGGTTGAGGTTTTGAATAATCTCTTCGCTAACTCGAGATGTAAAAAAATTCTCTCCGAATGATTCCTTCAAATCATCAAATTTTTGGTATAGCATGGCTAAATTTGAATACAATGCTGAAAAAATATCATAGCTAAATTTAATATCATTCGAGCATTTTTCTCTGTTGCATATTCTTTTTTGGGATGCGAATCTCCAGTATGCTTTCTTTCTTGCGCAAATATCTCTTTAATGTTTTTGAAAATTAAACTAGTAAAAGTATCATTTGGAATAAGATTTTTCTTCTGTGCTTCTAATATTAATTCTGCAAGGGTACCTTTCCCAGTTTTTCCATATAAAATTATCTGGAGAAACGCCTCGATAGAAGAAATTGTGTGAGTAATGCAAGAACTATGACCATCAGGGGTTTTTTGTTGATAATCTCTAAATGCATCCTTCAAGTCACGATTAACCGGCGACCATTTTTCGTCAGAGAGAAACTTCAAAACTGGTTCATAAATCTCTTTTGTGATTTTTTCGTCTTGTCTAGGAATAAATCCTTGTCTGGTGAGCACAACATTAACACCAAATTGTTCAAAAACATCATTAAGCCTTTGGGCAAAGTCATCAAATTCTTTCCAATTTTTTAATCTATTTTGATATTCCTCTTCTGTCTCGTCCTTCCCTTTTTGAATATCTCTACTTGCTCTTTCGGAAATTAAAGCCTTGCAATATAAAGAAAGCAATTCCATAACAACATTTTCCGATTGCATTATAAAAATGTCATAAAAATCACGGCAAGCTGTATCGATGTTTGGATGTTCTAAAAAATTTTTGGCATAACTTTTAGCTTTATATCTCTCGTTCAGAGTCGTGAGTGCAGATATAACTCGCTGCAATTTTTTATTTTGTTCCCAACTTTTGCCCAAAAACTCAAAGGATGCTACTTGAAATCCGAAATCATCTTTTTCATCCTTTTTTACAAAAAAATAATTTTTTAAATGTATCCAAATTTTATGTTTTTCCTCTTTGGTCAATGCATCCCAACTTCGCCAACCAAGATTTGGTTTTAATTCCTCTATTGCAATTGGATTCAATTCACTCCAAAGTTTAAAGTTGCATTCATCTTCCATAAAATTCCCTATTTAATTTTTTATCCTCTTCCGATACCTGATAAGT
CP058732.1_gap3	38005	40594	2589	TTTTAAGTAACCATATATCAGATTTAAAAAGCCTTCATTCATAATTTCCCCCTTTTTTCCCTAGCGAAGTAGGTATCAAGATGAATGTTTAGGTCTTGTTTAGCGTCGCCATCGAGGTGATAAGACCCCATCGACCGCTGGAGCACCAAACTTTTCGAATTCCGGGTCGAACATAGTAGTGAAGCGAGCATTTTCCCAGCTCAGGACTTTGGCATATCGGTCGTAAAACCAAAGATATGGAAGTTCTCTGGAAACAATATATGCCCAAATATCCAACCAACTCCAGTTACCAACGGGATAATATTCTTTTATCGCCGTGAGGCTGAATTCGGTTTTGATACGTTGTTTTCGTTTCGTAGATTCTGCTGAACGCAAGCCTACAAAAACACCATCATAACCTTTTTCTTGCATATGTTTCGCAAGGTCCGAAAGAACAATTCCCATTACACCAATTGTTCGCTCCGGTGGAAGTCGGAAGATTGGATGGGCATATATTTCGAAATTCCAATTCATTTCTTTTGCTATTTTTCGAATCTCTTTGTGAATTGGTCTAGGAATGAGATATTTTCCATAATCGATATGCAATACCAAAATACCTGGTTTGATTAGGTTTGCCATATGAGAAACTACCAAACTATCTTTTCCACCGGAAAATGTGCTGTAAACATTTCGTTCAGTGAGAGCATTTCGGATAATTTCTGTGGCTTGTTGTACTTTCGCTTGAAATTCATCACTTTTGCTCCATTCTAAAAATGTTTCACGCCATCTATTTTCCATTGTCGAGCCTCATTAATTCAAGGGTTTCTGGGAGAAGTTCAACATCTGCCAAAGGTGGAACGCATCGCTCTTCGAAATCCGAACTCCAATATGGAGAACGCCAGGTGAGAACAAAACTGTCAGAATATTTTTTGCAAAATCGCACCGGGATTGGTCTTTGGGCTTTTCCGTTCCAGACTATACTTCTGTCTTCGTCAATGGGATTAATTTCATATTTCAGAACTCGACCCCAACCAATTCGAGTATTATCGCCCAAAGAGACAACCTCATCGAGCATTTGACGCAACCCTTCGATATCGCCTACAATGTAAAAGCGAATTTTTGAGGCTGGAACATAGATATGGTGCATTACATAGGCTTTGAAATGTCCGGAGCCCTGATAAAGTTTTTTAAGTTTACCGAGCCAAGCAATTTCGGCTTTTTTGTACATTTTTTCGCTTTTCATTATGGATGGTTCGAAGAAGGATATAGAGCATTGGGGAATCAATCCAGCAGAACGATACGGTAGATATGGGATTTCCACATCTTTCATCAGACGTCCAATAGGAAATTTCGATGGAAGCAGGAAATAATCATATCCCAAAAGTTTCCGAAGAGCAAGATGTGAAATTAATCCATCCAGATGAATCCAGGGATGCGAAAGAGCGATTGGAGATGCCATAGTGAAAACAATTTCAAGGGGCTGGAAATGCCATTTGCGAGGCAAATCCATAGCCCCAAGTAGTATTTTGTCTAAAAAATACTGACTTTCTGTCATAGCATATCCGAAAGTCTGTTCAACAAATTGAGGATTTTGTCTTTATTGTCCCTAATATGTGCCAGATATAAATTTCCAGATGGAGGTTCTGGAGTATATTCAAAAAGAACCTCGCCATTTCCAGTACCAGAAAGTCCACCCACCCAAGGATTGAAGCGGAAAAGTTCAATTAATCGTCCAAAAACAGAGGCTTCAATTTCATTTGCGTATTCAGTGACAAACCAGTGATAGAATTTAGTTCCGGGAATAAAACATTCAAAATCAACTTTCATTTGAACTGCTTGTTCATCTTCTTGTCTATTTGCCCGCAGGTCATCTCTCCGAGTTTGGAACGATTCGTCACAGAAAGAACGAACATATCTATTTGTTCGTTCATCGTTTTGTAGAAAGTTTGGAAGGAAAACAGCATATTCTTTGCAAACCGGGAAGGCATGTCCCACTTTGAGTTTCCCCTGAATAATTTGATTCCCGATTGAACCGCCAAGAAGAGAGAGATGGGGAAAAGTATCCCGGATTTCACGTCGCAAAGAAAGGTCTATACCAGCATTATTTGATTCCGCTGCTTCTAGTGCTCCTCCGGAGAAGAATATGTGATATACTTTTGGGTTCAAATCTTCTGGGGTAAGCCCAAGAATTTCAAAATATTCATTCATAAGCATTCGACGAAGTTTTCCTCTGATTGCGTTCCCGTTTATATATGGCATTTGAACTTCGCCAATTCCATCGACATACATAAAAATAGTTCGCAAGACGGGAGTACTGCCAGTTTTTTCATTTCCACCGTGATGAATGGTGGTTTTTGCAAGCATCCATCCATCATATTTCTGAATCATTTTCAATCTCCGAATTGTTGAACAAATTGATTTCATTTTCATTTTCATTTTCAATTTTTTCTACTGTGTTTTTCGTGTCTTCTTTCATTTTTGCTTTCTTTGCTTTTGCACGTATTATTGCCTTCACACAAAAAGGAATATGTTCCTTGGAAAGCGTGTTGAGTACCCAATATTGATATGGTCTGAGGATTTCAAGTTTTTCTAATGCTTCTTCGGGAATAG
CP058732.1_gap4	42154	43883	1729	TCATCTTTGATTAAATCCTTTTTGGGATCGAACGGCTTGAGTTCATACAAAACATTAAACCATTTGTCAACAATCTTCTTAAGGTGAGCAATCTTTTCCTCACCATCCTTCCCGTTAAATTTCAAATCAGAAAACTTGTATTTCCACCTAAGATATGCACCGTTCCATCTGACAAATATGTTTAAGTTGCTCTCCTTCTTCTTCATGATTAACCGGATGTGATTGTTGCCAGCGGTCAATTCGTTGGGGGGAACAGACAACAATTGATTCAAAAGCTTAAACGCTAGCCAACTATACTTGCCAAATTCAAGGCAGTAGACGTAACCGTCCTCAATGTAAATGTCAATCTTTTTCTGTGGTTTTCCTTTGAACTCATACTCATGAGTATTGATTCCAAGGAAAGTTCCTTCAAATCCCGGGTAGGTTTGCCCATCAACGATAAACCCACCGTCGTCCTTGTCAATATTTACAAACTGGATTTGCTCCTTAGCCAGTTTATCTTTTGATATAGCACCCATTGTAACCTCCTTATTTAATGACTAAAGTTGATTTTTGGAAAATTCGAAGTCCAGGAATTGAACGCACGCCCGCTTGAATCGCTTGTCGAACTTTGGTTTCGTTCAGTTCCAGATATTCAAGCGGAATTTTTGAAAAGTCCTCTACTTCAAATGTCCAAATCATACGCAGAGAAGAAGATTTTTCTGAAAGCGCAGCTGCCTTTTGTTCAATCTCGGCTAATTGTTGTATTTTTGTAATTTGATCTGCGTCGTTCTGAGTTTGCGCACGGCGTAGTTCTTCTTCTTGGCGACGCCTCTCTTCTTCGATGCGGCGAAGTTCTTCGAGGCGTCGTCTCTCTTTTTCCTCTTCATATTTTTGAATCTGTGATCGCAGAGATTTGACCGCGTTGTTCAGCTCGTTGGTTAGAGATTTTGCGAAGTCGTCGATTTGCTTCTTGCGATCCAGAAGCGGCTTAGTAACCTCTTTCCTTTTCTCCTCGATGAAAGTCTCGATTTGCTTCGCTTCCTTAACAAGCTTTTTCCCACGCTCGAGTGTTTCGTCATTATGCACGACAAAATTCTTGCAAGCATTAGCTAGCGCGTCGATTTGCTGTTTTGCAGTTGCAATGACTTCCAGCCCGTTGGGTTGGACTTTTTGCATTGTTTCCATTATGCCTCCTCCTTAAGTTGTTGAAAAAATGAGTCAAGTTCAGATAAAACATCAGATGCTACCTCTACGGCAGTCATCTCTTCGTTAGAAACATCAGAGATTTGTATATCTTTCTTAACTGTTCCATTTTCTGGAACCTCGTTCTCTTGAACAATTGAATTTTGTGGAGAGAACTTATTTCTAATAAGATCGGCATAATCAACAAATTTCACGCGATCTGAATTGTCTGAGTTGAGTTTCAAAACCCCATCAAAAACTTTGAAAGTGTGATTTTTGATAGAGTCATCAACTTGATAAATTGCGAGATAATTAAGAATCCTAAACGCCTCTTTGCTCTGTGTCTGGTCCTTTAATGAATATTTCGAATCACTTTCACTTGTCCATTCTTTCGGAGCCCAATTGAACAATTTGATAGGTGTTTGAGTAAGCTCGGGAAAATTCTCTTCGACAAGTAAGCGATAAAAATGAAGTTGAGCCTCATGGCTACGGTAAAACCCGTGCCTGCCCGTTTTCCAGTCGATGATAGCCAGAACCCTTTGAGTTTGCGAGTCCCTTTTCAATT
CP058732.1_gap5	70506	71371	865	TCTACCTTCGGGAGAACGATAGACGCCCTCGGCTCCTAAATGGTATTTAACATCGCCACTCCCCCAAAAAGAATTTGGGTCGACATCTCCTTCGAACTCCTTCAAGATATCTTCGACGGGTTTGCCAACTTCGTTAGCAATCAAATTCAGTCGCCCTCGATGTGCCATCCCAACAACAATACCCAAAAGCCCCACATTAGCCGAAAGTTGGAAAATCTTATCAATCAAGACGATAGCCGATTCGCTACCTTCGAGTGAAAATCGTTTGTGTCCTATGTATTTTGTATGCAAGAAATTTTCGAATTCTTCTGCTTCGATTAATTTTCGAAGGAAACGAACCTTCTCTTCATTGGTAAACTCTGGAAATCCTTGAAGTTCGAGCCGCCTTTTGACCCAATCTTTTTTCTCTGGGTCTTGTATATGCATAAATTCATAGCCTATGCTTCCACAATAAGTATCTCGTAGTCTTTCGATTATCTCCCGAAGCGGAAGATTATTTCTTTCCCAAAGGTCTTCGGCGTGGAATATCCTATCTAAATCCCAGATGGTAAAACCATAGTATGCTGGGTCCAATTCTGGATAGTAGAACGAAGCATAGCCCAGTGGATTTGTGGAGGCAAGCAAATGCCCACGCACTCGATATGCATTTATCATCAACTCGACGTGTGCACTCTTTTCGATTATTTCATCTTCGTCGACACGCCCAAATTTATTCACTGGCGTTGTGTCTATCTCCCACCGCACAGGTTCGAACGGTATTCGCAAAGTTGCAAAAATAGAATCATAAAATTGCTCGCCACCAAGAAGTAAATCCTGGATATAGGAAAGAAATTCGGCGGATTCAGCACCCTGGATGATTCTGTGG
CP058732.1_gap6	73466	76715	3249	AGCAGTCGACCCGCTCGACTCTACTTCCAGAATTATGGACCCACTAATCATCGGAGAAGAACATTACAACGTCGCAATGGAAGTCCGACGCGTTTTGCAAACATATAAAGATTTGCAGGACATAATCAACATTCTTGGTATGGACGAACTTAGCGACGAAGATAAATTAACAGTTTACCGAGCGAGGAAAATCCAGAAATTCTTCTCGCAACCATTCTTCGTTGCCGAGCAGTTCACAGGTTACGAAGGTCGTTATGTTAAAATCACCGATACTATCGCTGGGTTCAAGGCAATCCTCGAAGGCGAATGCGACCATATTCCCGAGCCATTGTTCGCCTATGCTGGAACAATCGACGAAGTCTTCGACCGTGCAAAGAAGCAAGGTGTTTAATATTACCTAAAGGGAGATTATGGAAAAATTATTGAGCGTGGAAATAGTTACCCCACAAAGACCCATTTTCAATGGAAATGCGCAAATGGTGCGTGTTCCAGGTGCATTATCTCCTTTTCAGATACTTTATAACCACGCCCCGATTGTTTCATCTTTGGAACCTGGTATTGTATCGATAAATACTAATAACGAAACAGTACATTTTGCGGTCAGCAAAGGCTTTGTAACAGTTCAAGAAAATAAAGTTTCGATTTTTGTCGAGAAAGCCTTTTCGAAGGAAGAAATAAACAGAGAACTGCTCGAAACTAACTTGAAAAGTTTGAAAAGCAGTTTGAAAGTTGCTAAAACAGATAAAGAAAAATCAGACATAGAATTCCAAATTGCAGAAATCAAAGCACAGTTAGCAGTTTTAGAACAATAATCAAACCAATACAATGATTATCGAACCCTATAAAAATCAAATAGAGGATTTAAAGAAACGCTCCGAAGAACTTCGGAGGTATCTTTGACATCACTTCAAAAGAAGAACAAATAGCCCAACTTGAAAAGCAAACAACCGAACCAAACTTTTGGGACAACACATCGGAAGCCCAAAAGATTATGCAAACTATTTCCGATTTGAAATCTATTGTTAATGAATGGAAGGAACTCCACAACGAAATTCTTTCCACCGAAGAACTTCTAAATTTAATTGAAGAAAGCGAGGACGAGTCTTTGCTTTCCGAAATTATCGCTGAATTGAATAAATTGGAGAAACAAGTTGGCGAACTCGAACTCCAAAAGTTACTTTCTGGAAAGGATGACCACAGAGACGCTCTTCTAACAATTCATCCAGGTGCTGGCGGGACAGAAGCACAAGATTGGGCGGAAATGCTTTTGCGAATGTATATTCGTTGGGCTGAACGTCACGGCTACGAGGTTTCGCTGGTCGACAGACAAGAAGGAGACGGTGCTGGTATCAAATCTGCAACGATTGAAATCAAAGGGAAGTATGCCTACGGTTACCTAAAATCAGAAAACGGAGTCCACAGATTAGTTCGAATCTCTCCATTCGATGCAAATGCTCGCCGACATACATCCTTCGCCTCCGTCTTCGTCTACCCAGTGGTCGACGAGGATGTGCCAATCGAAATCAACCCCGAAGATATCGAAATGGAAACTTTTCGCTCTGGCGGAAAAGGCGGACAAAATGTCAATAAAGTTGAAACCGCCGTACGACTTCGACATATTCCAACTGGAATTGTGGTCTCTTGCCAACAAGAGCGTTCTCAATTCCAGAACCGTGAGCGAGCAATGAAAATGTTAAAGGCAAGATTGTACCAACTTAAACTTGAAGAAGAAGAAAAACAACGAGCCGAAATCGAAAGCAAAAAGAAAAAGATTGAATGGGGAAGCCAGATTCGTTCCTACATTTTCCAACCGTACACACTCGTCAACGACCACCGGACTGAAACCAAAAAGGGAGACATACAAGCCGTAATGGACGGCGACATCGACGAATTTATCAAAGCATATCTTCTTTGGTATCAACAAAATGATAATTAAAAAGGAAACGATAGTTCCAACCAAAATCCAAAACCTTTCGAAACTTTTCGGTCGGGATTGAATTTAAAACTCGCTCCCCAAAACAAGAAATCGCTCACAAAGGTTGGAATCCTCGAAAAGCCAAACCCATACTCAACAAAGGGCTTTGTTGTTGGTTTATAAATTTGATTTTCGCCGTAAGTTGAAAAATAGCCCAAAGAGAAAAGCAAAGAAAACTCCAATCCCCTTCCTTTGTAAGTTGGCAATCCAATAGCTCTCCAGAACAAATCAGAAAAGTTGTGTTGAAGATGAAATGTATAGTATCTTCTCCCACCATACAAGCCAGTGTTTGCAGTTTGGAAACTTCCAAAGCCCCAAGCATTTGGCATTCTGAACAAATATTGCAAAGGTGTCTCTTTCGTCTCGATACCGTATTCAAAGAGAAGATTCAAGTACATTGGCTTGTAACCAGTGTAGAAAGTCGGTATTTGCAATCCAATTTGTGGATTGATTACCCCAAAAGGATTTCCATTCACTTTTTTCCCAAAGAGAAAATTCAAATCAATTTTGTATGAAAAACCACTTTTGCCAATTTCGAAACCAAAAAGTTCCAAACTTGAACCAATGCTAAATTTAAAATCCAAAACATCGAAATCGCCTTCGGTGATTTGAGGATTTTCACGCCAGACTGCTTTGGAGAACAAACTTCTGTCTGTCTTCTTCAAAAGCGAACTTTGTTTTGAATGCTCGTAAGAAAGAGAAAATTTAGAATAGGGTTCCACTTGATTATTTTTTGACGAAAATTCAATTTTGAAACCTTGTTTTTGGAAGTAGTCGTAATAATCCCAATGAAACAGATAAGCAAAAATACTGCTCAAGGTTGTCGACATCTTCCGTTCGAACGATGTAATTGCTGGTTTCGTAAACAACGAAAATGTTAAACTCGAAGAATTATTTTTAGGCTCGAACGAAACGCTTGCATTGTAAAATAATTTCTTCTGGCCGAAAGAATAAATTGGGGAAGCAGTAAGTTTGAAACCAGAATATTTAAAATATGGAGACAATGATAATGAATATCCAACCACCCGATTATAACCAACGAGTTCTCCAATATCAGAATACAAACCCCAATCAAATTTCTTGTTCTGATTAAATGGTCTCAAAAGTGTTGTATCGATTTTCTTTGCAAGGGAATCGACCTTCTCGTAAATTTGTTTTTCCTTTTCGCTTGTTTCAATCAAAGCATTATTCTGCCAAAATTCCAGCGAGGTGGAATCTGCTTTTGGACTCACCACAACCACTGCTTGCTCGCCTTTCGCCAAGATACTATCGGG
CP058732.1_gap7	79012	81551	2539	TTTTCCGAGCCTTTGAATTTCAAATTTGAATAGACCGAAAGAAACAAAAAATTTCTGGTTTCAGAATCGTACAACTTCCAAGTCAGCGAATTTTCCGAAACCTCTGGATTAATCTCTAAAAATTTAGTTATCTCTTCTGGATTAAAATTATTCATTTTAGCAACAAAAATTAAGTTTTTGCAAACGATATAAGATTTCTAAACACATCAAAAGTCTTTGAACAAGGGGTTTCCCCCTTGTTCAAAAGCAAAACAAAACAAACGAAACCGAAAAAATGAAAACAGCATTTAGATTAATCCATCGACTCTATCATTTCGGCAATAATGATGTTTAAGCCATTGACAACTTTTGTCTTGCCAATTATGCCAACGAAATTGTTGTCGGCAAATTTGGCAAGTTTCTTTCCAGCAAACGAACCATCCTCGTTGAAGACGAAATACACTTTGGCTTTTTTCCCTTCACCAACAAGGAACACAATCGGTTTGCCTTCGTCGGCTTCTTTCATTGCTTCCTCTTTCTTGACAATGCCTTTGCCGTCGAGTACGAACTTGGAAAGGCTAATTACTTTCCCTTTCAAAGGCTTGCCCGATTTTGGTTTTGTAGCAGTCGATTGCTTCACATCCGCCTTGGTTGTTTCTTTTTGTTCGACTTTAGTTTCCTTGGCTTTGGGAGCGATTTTTGCTTTGCCCGCCTCCTGGGCATAACTCCCTGTTAGCCCGAAAATCACTAAAAGAGCCACTAACGATACAAAAAACTTTTTCATACCCTCCTCCTCATTAATTTATTGGTTTTGCATATGGAACACCAGTCTTCTTTTGGTAGGAAATTTCACATTCGATGTAACGATTGTCGGGCGTACCTTGCAACAAGCCGTTTGGTCCAGGTTTAATTAAAACTTTGGCGTAATTCCAATCGGTGGCTCCAGGTGCTTTCGTACGAACGATAATTACAATACCATTCTTATAGTCTGGGTCTGCAAGGTCAATATAATAATTTGTTGAAAAGTTTCGAGCGTTCAAAGCTTGACTATCGAAAACATTGTCAAGAGTATTTGTTAAGAAAATATCCTCGCTAATTTCTGTGATATAACTTGGGGAAGTTGGAAAATTATACAAATTGTTGCTTGCAATATAATTTGCAGTATATAAACTTGCCTCGCCTTTGGTATAGACACCAAGGTTCCAAAATTCACCGCTGGCAACTTTCAATGTGCGTGGTTTACCGCTGTTTGGGTCGTACAATTGCAAACCACTACCAAATTGGGATGCAGTTTCGTAAACTCTAATAGCCTCGTCGTTAATGTTCTTGGTAAATCTGTAAGCGGGAGACCATTGGATTTTTGCACTTCCAACGCTTTCCTTGTCGTCAACATTTCTTGCACGAAGTTCAAAAGTGTATACTGTTCCGTCGCTTAAACCAGTTACATCAATTGTATTCGTTCCTTTGGGTATGATGCGTGGTGCAAAGGCACCAGGGGAAATGTAAAGAACATAATCCTTGAAATAGGTTTTGCTCTCGTCGGGAGAAAGTTTCCAACGCAATCGAACGGTTGTCTCGTTAAGCGAAGTTGCTTTCATACTATCTGGACCAGCAACAGTGGGATTTGGCTCCGTAGTAGTTGAATTCTCTTCGCAAGCGGAGAAAACCCAAAAGGCTAACAAAAAACTTGCAAGCCAGAAAATTGATTTGAATTTCATAGAAACACCAAGTTAGTGAAACATAAAAAAAATAAACGACAACAAAAGTTTTTTATTTCAAATTCGACAAGCAAGGGCAAGTTGATAACCGAGTGATTCGGTGATTGATTTCCTATCGAATTTTTGCAAAAATTCTTCGCTGGGCGCTGGCAGAGAATCGCTTTTCCATAAGTCGTAGAAAGTATTCAAAGCACGCAAAATTCCATCAACGTCACGTGGTCCGACTCCTATGGCTGCTTCTGATTCTAGAGCCAAACTTTTCATATAACCGTCAGGAGCACAAATCAAAATTGGCTTCCGTGCAGCGAAGTATTCATACAATTTGCCAGGTGAACGAACATTGTCCTCATACATCAACCAAAGCAAATTCGACAATTTCAACAAACGGACAACTTCGTTATGTGGTTGATAACCAAACAATTTCACATTGCCTTCAAGATTGTACTTTCTTATGTACCGCAAGTGGGATTTTCGCATTATACCAATAAACCAGGCTTCCTTTGTAACGCCATCGTTTCTAGTTTCGACAAACTTGGCAAATGCTTTCAAAAAATATTTCGGATTTCTATTGTCTTGGAAAAGACCAGAATGGGTAACCACGAACTTCTTTGGGTCTGGTTTTACATCTTTAAACTGTTCGAAATCTTTGCTGTCGAAACCGTGTGGCAAGATAACTACTTCGTCGCTTTTAAGAAAAGGATAGTGAGTGAGAAGAACATCCTTTGTACCACGGAAAGTAACAACAATACGGCTCGCTTCTTTTAAAATGTTTTCTTCAAGTTTACGCACGTAAAGTTTATGAAAATACGTAGGATAAAAATGAAATGGGTTGTCAATCCAAA
CP058732.1_gap8	92595	94167	1572	GAAAAGTAAGTTCGGTATTTTTTGATATCGGAAACATCTTTGCTGTCGCCGTCGGTAATTCTACCAGGTACCATCCAGGAACGACCATTATTAGGATTATAAGTAACTTCGACATATTTTTTCAAAGCATTTGTGTCGGGTCTTCGTTTCACAGCACCAACCCAAAGTCCACCACCAAAAATATATTGATTGTTGGAACCACGAGGCCAGTATCCACCACCACGGTTCTGGGCAACGTTAAGGCCAAAAATACCATAGTTGGTAGTATAGAATTGGATGTTGCTAACAGTGTTCTGTTGCAAATCGAAAAGCTGATTATACGTCCTTTGCGGTTCGTCCCCGCCTTTCTTATCCTTGTCGTAATCCTTCGGAAGAGCAAGAATAATAGCAGGAAAGACCATCAATGCAATTAGTAAGATAAATCTTCCAGTTCTTTTCATTTATTCACCCTTTTTTAATATACATTTCATAGTTAGAATCTAAACATAATACCTGCGTATACAGTTCTCGGTGCAAGGAAATTGCCGCGGAATCGACGAACATCTTCAAGGTACTTTGTAAACGCCATAAACTTTTCGGTTCGGGTAACAATTCCATTACGATCGAAATCGGAGTTAATATTATAAAATCTATCACCATAGATTGTGTATTGGTCGGTCGAGAAAGACTCTGCGCGAGCATAGTCGGCTTCGCGATAGAAAGGCACGGCGCTAAAGTCTGTCTCTGGTCGATAGAAATTCACACCATCGTCGATTGGGTCGCCTGTACGAGCAAAGACACCAGCGACGCTTGTCAGATTGAACAGGTTATTAACATCAACAAAGAATTCTAAGCGAGCATTTCCGGCTTGCTCTCCGAACCAATCCCGCAGCAAGAAACCTTTTTGCAAACGCATATTGACATTCCAGATGGAAGGCTGTCGTTCAGCATTAAATTCCCCAATAGCATTCCCCGCACGGTCCAATCTTGTGTATGGAGTACCAGTTTGGAAAAATCCAGTCAGGTTTATTACTACATTTTCTAAAGGATAAATACCAGCAATCGATGGACCCTGCTTGTAGCCCCAAATAAAATCGATAATGGCATTTATTCGATGTGTTCTATCCGCAGAGAACGGAAACTCTGCTAATGGAAACGCTTGTTTACCGGTGTATGGGTCGACTGCAACAAGATAGTTCGAACCGGGCGAAGAACCAGTCGTTGTTGCATAAGACAGGTTATAATTTAAGTTCAGTTGAATGTGGTTTGTTGGTCGTTTTCGAAGCGTAAATTCAAGCCCACGAGCACTACCGTATTCGGAAACAGTGTACATATAGTATGGAGTTGGAACCGCAGCAACGTAAACAAGCCCAACTTGATTGTAATTGTCTTTGTAATAAGCAGCTATGTCGAGGGCAAAGTCGTCCGTTAATTGGTTATTATAAGTAACTTGATACATATTTGATTTTTGTGGTTTCATATTTGGATTACCAAGTATCGAGTTGCCTCGCAATTGGTCAACTGCAAAAGCATCATACAAATATTGCATTGGTGGCATTTGGAACAAAACACCATAGGAAATAGATATATTGG
CP058732.1_gap9	106116	107803	1687	TGGAAATTCTTTTGGCAATTTGAACTCGTAGATGATTCTTTCCGATTCAGTACCAATATCCCCCGCACGCCCAAGTATTTGAACAACTTCTGCGATTGGGCTTTTGTTCGGGTCGTTCCATTCCACAAGGCGAGCAAGCACACGGTCGCCGTGCGTGGCTTTTTTCAACTTTCGCTCGGGGACAACGAAATCGATGTAATATTTTTCGTCCGAGGGAACAAGGAAATATAAACCAGCGTCGTACTCAATTGTTCCGATTATCTTATGTTCAGCACGTGCAACAATTTCAATTACTTCGCCATATTGCCTATCGTTGTTCTTGACCCCAAGAAGTTTCACAAGCACTTTGTCGCCGTCAAAAGCAGTAAACAAATTTTTACGCTTAATCGTAATTGGCTTTTTAAATTCTTGTGAAAAAACTATTCCTTTTCCGTGCTCAATTCGCAACAGTCCAGTAATCAAAGTATCGTGAAGATACTCTTGAAGATGATATCTTCGACGTGCAGATTTCACAAGGATTTTCGCTTGCGTAAGATTTTCAATTGCTATCAAGAAATTCTTGTAATCTTTGGTCTTGGGTAAAATATTTATTCGCCGACTTATTTCTTGCAAACGCATCGGACGACCACTATCTCTTAAAATCGAGATAATCTTTTGCTCAATCTTCGATACTTCCATACCGTTATCAATAAAGTGTTACAGTATTTTTTCGAGAGAAAGATATTTCCAAAGCCTTATCAACATTTTCCATTAATTTAGAGAAGTTTGTATCCTTGGAAAATTGTGCAATTCCACAAGATATTGTAAAGAAAACATTTTCGTTGTTAATTTTCAAATTGGTTTGAGCAACCGACTTTCGCACCATTTCCATAAGCAACTTGGCATCCTTTCCAGTTCTTCCAACGAAAACAACACCAATTGTCTTATCTTCCAAAACACTTACGAAATCGTATTCTTTGGTCAATTTTTTTAAATTTTCCAATACCACTGTTTTGCTTTTAATTTCAAATTCTTGAAGCAGATTGGAATCAATCAAATAATTATCAATTGCGATTTTACACACAGAAAACGGGATACCAAAATCATAAGCACGTGTCCATTCTTCCGCAACTTTTTTAACAAATTCGTTTCTCTCCGTCTCCGCTTCTTGTTCAGAAGAGCCACGGTTTATTAAATTGAAATAATCATTTTCGTAAAACAATCCAAGAGTAAAAGCAATGTTTTCGAGCAATTTTAAAGTATGGTTAACTACCGGGGTAACATCATCTGTCCAGCCAAAAATTGCGCCGTAAACACCGTAATTTGTCTTGATTGGGACAGCAACGAAAATTCCTTTCTTTATTTTTGCTTCTAAATAGTGTACTCGCTTTTTTTGTTCGTCGAACTCCACATTCAATGTTCTCTTTTCGAGCAAAGCCTTCCCCAGCAAAGTTCTTTTCAAATCGACACGTTTATTCTTTAAATCCAAATCCAAATTGTTCTTCGAGCGAATATGAAGCACTCGGTAGAATTTGGAATCGAAATCATAGAGACACAGACCAACAGTTGTAAAATCAAAAAGATTAAGTATTGTTTGAACTATGTTCTTCAACGATTCTTTATATTTCACCAAACTGGAAAAGTAGCCTTTTTTCATTTCTTCAACCAACCCCAAAACTCGGGATTCTAAAAGCAATTCGTACTTTTC
CP058732.1_gap10	213984	214787	803	TACGACGGATTTTTACTTTTTTTCTCTTATGCATTCCAGGACTATCCAATCGAAAGAATTATCCTTGCCTTGACGATTATTAACCCAATCGACCTTGCACGAATTAACATACTTCTTCGGTTTGAAGCAGCAGCAATGCTTGGAATTACGGGGGCTGTCTTCCAGGATTTTATTTCCGCCTCGTTAGGTAAGGTTATAACTTTTGCTGTGCATCTTATTTGGATTTTTATACCATTTTCGATTGGATACTTCCGATTTAAAAAGAAAGATTTTTAAGTTATGCAATCGATTTGGCACTTTTGGCTTTGCTTCGAACAACAAGGATGAAAAACGTTACAAAGAAAAGAATTATAGAGGAATAATTAAGATGCAATGAAATTGTTTTTATTGTTGGAAGAAGATAGGATAGAACACGGAGCATAATCGAAATGTGTAGAAGCAAAAACGGTATGTATAAGATTTTTGAAAAAATGAATTTGAATTTTCCTACATTTGGGAAAATTATCGGTGCGTGGGCAAACACCATTGAAAACACGAATCCAAGAGTTATAGAATGAATTCCTTCTCCCCAAAATGTGGAGGGGGAAATCAAGAAAAGCAGATTGCCAAAGGCTAACCAGAAGTATCCAGAAAGCATAGCAACAGCAGAATATTTCGCTGGTTCCCGTGTTTTAATTGTCTTGCGAGCAAGGTCGTTGGAAATGAACCAGAAGGTCAAAAGAAAAACGACCGCACCAAGAATCCTCAATGCTATGAATGCATCATAAATCGAAAAGAAAACCAAGCCGACAACAATAATTTCG
CP058732.1_gap11	228121	231734	3613	TTCGAACTACAAGAAAATACGGTCTTGGTTGGATGTTCATAAGTCAAACTTTATCAAGTTTACACAAAGAGATTATTGGTCAATTGAGAATTTTCTTCTTTGGTTTTGGTCTGGCTTTGGGAACAGAATTACAGGCACTAAAAGAAATTGTTGGTGGAGACCTTAATTCACTAAAATTGTATCAATCTTTCCGTGATCCTCATAGTTCTTTCGATGCCTCATCTCGTCAATACTCTTTTATGACAATAGGACCAATTTCCCCTCTCTCTTTCGCTGGTACCCCGCTCTTTTTAACTGCATTCAATACACCTGATGATTTTTTAAAGGCGAATAATACTTAAAAATGCATAAAAAGATAATTAATTAACCTTCTTTCTTTAAATAGCGGGTTTCTGGTTTGCTTCAAAGTCTTTCATCTCAAATTTGCACCGGTTCGCTCTAAATACTATAAAAAACCTTAAACGATTATATACATACCTTTTTGTAAATATTATTAAGAAAAACTTTGCATTGGTCAAATAGTTATGCTCCTTCGGGCAAAAAATAAAATCATTACAAGCCCCTATCTTAAATGTGAGAAACAATCTTTAAAAAACAAATGATTGTTTCCTATTATACGTAATTATTAAATTATAAAAACAAAAATGAAAAATGAACTGGTTAAAAAATCTTGATGAAGCAAAAGAAGAATCATTAAAAACTCGCAAACCTATTCTTCTTCAATTTGAAATGGAGGGTTGCGGTGGATGCAAAAAACTTGAAGCAACAACTAATAAAGATCAAAAAGTAATCGACGAAATGAATGAGTGGTTTGTTTTGCTTAAACTTGATTTGATTAAAGATAGAGAAGTTAGAAAAATGTTTGGGGCTTACTGGACTCCAGCTTTTTATTTCCTCGATCAAAATGGAAATTCTTACTATCACTTTAATGGTTATTTGCCAGCCGACGAGTTCAGAGCAATGATGAGATTATTTATTGCGGAAATTATTACGCCTCGTTGTAGTAAAAGCTTATATTAAGTTCTTAAAATCTTAAATACTATCAAATTTTTTAATAATTTGGAAAAAACAATTTTTTTTATTTTGATAGACAATAATTTTTTAATAGGATACAAAATAGATATGAATAATATCACAATTGCAGTTGCAACTGATAATGGAATAACGATCAGTAAACACTTTGGCAGAGCCAAATTCTACGAAGTGCTCTATGTTGAAAATGGTGAAGTTGTTAAAAGAGAGCGTCGCGAAAAACCTAATCATCATAATTTTTCACACCACGAGCAACATCATCATTCGCATCATCAGTCCAATCAACAACATGGATTTGATGAACATTCTCGTTCAAAACATTTTCAAATGGCTGAAACCATTAAAGATTGTCAAATTTTACTTGCTGGCGGGATGGGAACCGGAGCATATCAAAATATGCTGCAATTAAATATTAAACCTATTGTTACTGATATTAAAAATATTGATGATGCTGTTCAGGCAGTCATCAATGGTTCAATAAAAAATCACATAGAAAAATTACATTAATAAAAAGGAGGCAAAACAATGTTTACAGTACCAGACTGGGCATTTGAATTTCACGGGCATCGTTGCCCTTTTATGCCAATTGGTTTTAGAATGGGAACCTTGGCAATGGAAATATTAGGTGTGGGAAAATCTCTCAACCACGAAATGCACGTTTTTTCAGAAATGGGAGTTGGTCACCCTCAAGGTTGTATGCAGGATGGAATAATGTCTGCTACCGGGGCTACATTTGGAAAAGGAATGATAGAAAAATTAAACTATGGAAAAGTTGCTGCAATCTTTTGGTATCCAGGGAAAAAAGACGCTGTAAGAATTGTTCTTAAAAATGAATTTCAGGACAAGCTTGCACCACACGAATTCTTTAAATATCGCAAGCAGGGAATTGAACCAACAGAAATTCCAGAAGATATTAGAAATGATATTATCAATATTGTTCTCAATGCTACAAACGAAGAACTTTTCACAGTAACAATTTTGAAAGATTTTAAATACACACCTGTTAAAGGTTCATTCAACAAAGCTAAATGCGAGGAATGCGGTGAGTATGTTTTTGAAAGATACTTGCGTCTAAAAGACGGGAAGAAAGTTTGTATTCCGTGTTCAGAAAGGAAAGAAGAAGAAACAATTATTCACTTACCGATTTTTAAATAATGTAACTATACAATCCCCGCGAAAGCGGGGAACAATTTTATAGAATATGTACGAAAATGCTAAAAAATAAATTATGTTATATGCAATTGTAGCAATAATAATATTTGCAGCTTCTTTCCTATTTGCAATGTTGGGACTGGGTGGTGGAATGATTTATGTCCCAGTCCTCAAATGGGCTGGCTTTTCGGTTAAAGAAGTTGCGATACCATTAGGACTTTTATTAAACGGATTGAATACATTACTGGCTTTAATACCGTACGCACGTAAAAAATTAGTCGATTGGAAGGGCGGATTGGCAATGGCTCTGGCAGCCCTTATTTTTGCACCAACTGGAGCTTATACCGCAAAGTATGTTCCAGTAAATACATTATTAATACTTTTTGCAATTGCAGTTTTAGGCGCTGCAGTTAGAATGGTGTTTTTCGCAAAGAATCCCGAACCGGAAGAAATGATGGATATAAAGAAACGTTCGATTATTGGTGCTGGAGTTGGTGCTTTTGCGGGATTTATCGGTGGACTGCTTGGCATTGGCGGCGGGTTTATCATTGCTCCAATTTTAATGTGGATGGGTTATAAAACAAAAGAAGCCGCAGCAACTACAGCATTTGTCGTTACTTTCTCTTCTTTCTCTGGCTATCTCGGACATATGGCTGAAGGTCATTTCAATTGGACTTTAACTATTGTAGTGGTGATTGCAGTTATAATTGGTTCTCAGCTCGGCGGTGGTTTTATGAGCGGAAAAGCAAAACCTAAATGGGTTAAAAGTTTGTATGCCGCAGTACTTTTTGCTATTGCAATTAAACTCTTTTTAGAAGCGTTACAAAAATGAAAATCACATTACATTATAACCCGCGGTTGCTTTTTGATGTAAATATTTGAATCTGCCATTTCCACTTAAAATTTGTTTCGAACTGTGGTCTGCAATTTCTTTTTTCAGAAGACAACTTGAATCAATCTAAATTCACATTAAGATGAGGAAATTTTTGGATTAAGGGATCATTGCCTTCCAATGAAGGAAACTGGAATTATATATTCCATTTTTTTATCAATAGGATAAATTTTATTTCCTTTTCTAATTATACTCGTTGACAATAAACCAACAATTTTCAACTATTGACAATCAAATTGCCTCGACGTTGAATTTGAAAAACCAAAAACCTGATTTTCTATGTTTACAAGATAAAAACCTTTAATTAGTGTTTTTGTCAACTCTATCGAAACAATGTTACGAAATATTTGCCTATTTCTAAAATTTACAGTTGATTAATTTCAATAAAAATTAACACTTATATGAAATTTTTTCATTAGTTTTGAATTTTTAAATTTGATGTTTTATGTCGAAGATTAAAGTCGAAGAACAAATAGGTGGCGTTGTTGTCTATTTGAAAGGGGAATTCATCGGTGGCGAGGAAACCGATGAACTTCG
CP058732.1_gap12	235215	236009	794	GAAGCCATCTACAATCTTATGAAACCTTGCGTCGACCATTACGATTCGACTGGTACCCTTGTTAAAGTTACTTTCCGAAAGACTACTGCCTGGGACGCAATGGCTAAACTCCTTGCTCGCGAAACGGATGCAATCATAATTGCCCGCGACTACACTCGCTACGAAGATTCTCTTATGAAGGCTTTCGGTGTTTTCCCCCACACTCGTCTTGTTCTTGCATACGACGCTCTTGTTTTTTACGTAAGCAAAGATTCCCCGCTTGATACTCTTACCGATGAACAAATTCGTAATTATTTAACCAACAAGAATTTCTCCTTGAAAAAATTCTATAAACAATTGGAAACCGAGCCAACAATTGTTGTCAACAGTGCCTTGTCTTCTGAACTGGTGAACTTAAACCAACTTGTTCTAAAAGGGAAAAACATTGCCCGACCGTTAAAAATTTTCCAATCTCACGACAGCGTCAAAGCCTATGTCAAATCCAATCCGAATACTATCGGCGTTGGCTATCTTTCACATCTCTTCCGTGAACCCGACTTGCGTGCATTGCCAATTAGTTTCATAGATTCTACTGGAAAATATATTTTCCCACACAATGTTAACCAGCCAAACATTTTGCGGGAATTGTATCCTTACATTGTTAAGCATTACATCTATGTTTTGGACAAACTAAATGACAATTCAATGACTTTCGCAAGATACCTATACAACCCTGGCTATGCACAAAAATTCTTTTTCGAAAATGGAATTATTCCAGCGAATGCAGAATTTCGGTTAATTGAGGATGAATGATA
CP058732.1_gap13	238110	241730	3620	CCGAACTTCTCGACAAAGAAAAATACGCCGAGCAGGCTATTAACTACTCCTATCTGAAAGGATGTACCTGGGCTGTGCTTACCAATTTCCGAGAAGTTAGAATTTACAACGCTGATTGGAAAACCAGTTCGACTTCGCTTTCACTTTTTAAATCGCTCCACTATAAGGAATTCCAATATCGTTTCGACGATTTGTGGCTCCTTTCCAGGGAAAGTTTCCAAAACGGCACTATCGACAAAATTGCAGAAGATTGGGGAAAAAAAGCCAAAAAAGTCCCAATCGACAAACAATTGCTCGAAGATTTCACCCGTTTCCGTGAACTCCTTTCGAAGAACATCACTAGGTTGAACCAGAATCTTAACGAAGACGAACTCGACGAGTCCGTACAAAGAATTCTCGACCGACTGATTTTCATCAGAAATTGCGAGGATAGGGAATTAGAAGAAAAAAAGTTGCTTCCTATTGTTAGGCAAACCGACCTTAAAAAACCTGGTCAACTAATTAAAAACTTGCGTAATGTTTTCTCTTTCTACGACCAACAGTACAACAGCAAGATTTTCGCCAAACACCTTTGCGATAGTTTGAATATCGACAACGAGGTTCTTGCAGAAATAATCGAAGGACTCCACACCACTGCCGATAAGTCCATCTCCTATGATTTCTCTGTTATCGAATCCGATGTTCTTGGCAACATCTACGAACAGTACCTTGGGCATATCTTGAAGAAAACCGCAAAAAGGGCAAAACTTTCCAAAAGCCACGCACACAGAAAGGAACAAGGAATTTACTACACTCCAACTTACATCGTCGACTACATCGTTCGAAACACTTTGGGCGAACTGCTTAAGGGCAAGAAGCCCGAGGAGGTGGACAGAATTCGGGTCCTTGACCCAGCCTGTGGTTCGGGTTCTTTCCTTACAAAGGCTTTCGATTATTTCAATGAATACTATTTGAAACACGACCGAGGCTATGCCCAATCGGAATTGGATTTCGCTTCGGGCTTGCCTTTTTCCAGAAAAGTGAAGATATTGACCAACAACATTTTTGGCGTGGATTTGGACAAGCAGGCAGTCGAAATTGCACAACTGAACTTGCTTTTGAAGGTTGCCGAGCGTGGTCATCATTTGCCATTGTTGCAGAACAACATAAAGTGTGGGAATTCGTTGGTAGACGACCCAGCAGTTGCAGGAGACAAAGCCTTCAAATGGGAAGAAGAATTCAAAGAAATTATGGAAGAAGGCGGATTTGACATTGTCATCGGCAACCCGCCGTATGTTAGGCAAGAAAGACTGAAGGAAATCAAGCCAGCACTCCAAAAAACTTTCGAAGTATTTAATTCTACATCAGATATCTACACTTATTTTTATGAACTTTCCTGGAAAGTTCTGCGACCCAATGGCGTTTGTGGGTTTATTACAAGCAACAAATTTTTGCGTGCAAAATATGGCGAAAAATTAAGGGAATTTTTAAAAGAAAAGACTACTATTTTGCAAATTATCGACCTTGGCGGGGCAAGAGTCTTTGAAGATGCTACTGTTGACACTTGCATTGTAATCTTTAAGAAAAAGAAGCCCGAACAAAATCATAAAGTCAAATTTTTAGTTGCAAAGGATTTCACCCCGCCTTTCGACACTTTCGTTTCTGAACACCTAAATGAAATTGAACAAAGGAAATTAGGTGTTAACGCCTGGACGCTGGCAGATAACAACATTTTAAATCTGAAAGAAAAGATAGAAAAAGTGGGAACACCATTGAAAGATTGGGATGTGAAAATTTATTATGGAATTAAAACAGGTTATAACGAAGCATTTATAATTGATACAGAAACAAGGAACAGAATTCTTGACAATTGCAAAACAGAAGAAGAGCGGAAAAGAACGGAGGAAATCATAAAGCCAATTTTAAGGGGAAGGGACATCAAAAGGTATTACTACAAGTGGGCTGGGCTGTGGTTAATTAAAATTGAATCAGGCTGGACGAACGAAAAGCGTGGAAAAGAAAAGCCAGAAGAATTTTTTAAAAAGATGTTTCCAAGTGTTTACCAACACTTGATATCATATGCAAATAAAACGAATGAAGGCAGAAGAAAAGGGCTTTTAAATCGAGATGACCAAGGGGATTACTGGTGGGAATTGAGAGATTGCGACTACTATCCCGAATTTGAAAAGGAAAAAATTGTGTGGCAAGAAATGACTAATGAGGGTTCTTTTGCTTGGGATACAAATAAAATATACGTTAATCAAACTTGTTATATAATGACCAATGCAAATAAATATATTCTTGCTTTATTAAATTCCAAAATAGTGCATTTTTATTTTAGCCAAATTTCATATGCATTAGGGATAGGTGCTTTTAGATGGATTAAACAGTTCGTTGAACGCCTTCCCATTCCCAAAATTCCCGAATCCGAACAACAGCCGTTCATCTCCCTCGTCGACAAGATGCTTGAGTTGAACCAGAGGCTGAACCAACTTGGCGACAAGATAACAGACGAAAGAGGTAGAATCGAGGAGGAAATCCGAAAGACGGACGCAAGGATTGACGAACTCGTCTACCAAATCTACAACATCACCCCCGAGGAACGAAAAATCATCGAGGAAAGTCTGGAATAGCCTTATGAAGGGAAAACTGACAATTTTTTGTAAAATTTGTAATTTAAGAGATAAAGAGAAAATTGTAGAAGGAGAAAGTAATGGCAAAAAACACACTTAAAGTTGATGTAAACCCAGAAATAATAAAATGGGCAAGGGAAACCGCTGGATGGACTATTGAAGAATGTTCAAAAAAACTTAAAACATCACAAGAAGTTTATAAAGAAATTGAATCTGGCAAAAAATCGCCTTCTTTGAGGCAACTTAAAATTCTTGCCCAATCTTTTAAACGACCATTGTCTGTCTTTTTCCTTCCAAAACCACCAGTGGAGCCATCGATTGCTTCCCAATTTAGAATTTTACCAAAAAGCGAAAAGGAAATCTCAAAAGAGTTGCGTCTTGCAATAAGAAAAGCACGCTATTATCAGTCCATTGCAAACGAATTAATGCTTGATTTAAATATTGACCAAACACCCAAGATTGTAAAAGTTACGCCTTATGATAGCCCACAGGAAGTTGCTTTAAAAGAGCGTAAGGAATCGGGCATATCTATCCAGGACCAAATTAGATTCAAAAATGCATACGAGGCATTTGATAAATGGAGAAACTTCGTTGAATCGAAAAATATTCTTGTGTTTCAATTCAAATTTTCTTTGAAAGACGCAAGAGGCTTTTGTTTGGTAGATAAATTACCCTATGTGATAGTCGTAAACTCGGAGGATAACATTCTTGCCAGAATATTTACATTATTTCACGAATACGCCCATTTGCTTTTGGGAATTTCTGAAATCTACATTGAAGAACTTGTTCCCGACACAGAAATTGAAAGATGGTGCAATAGTTTTGCTTCCGAATTTTTAGTTCCCGAAGAGGAAATAAAAAAAATTCCCGAATTTCAACTTTTTCTTCAAACAAAAGAACTTACCCAGGAGAGAATGGAAATTCTTTCTGGAAAATTAAAAATAAGCAAAAAGGCATTAATTACTAAACTAAAAACTTTAAATTTAATAAGCCCAGAAGAATACAAGG
CP058732.1_gap14	243458	244890	1432	TCATCGACCGAAATATCATATTGAAATCGATTGACGAGACGATAGCATTTTGCCAGGAATTGGCAAATTCATACCATTCCTCGGAAATTCTTCGCTCGGGCTACTTTGTCGGAATCGCTGGTTTCCCAAATTCTGGGAAATCCACTCTCTTCAATGCCTTGCTTAAACGGAAGCGAGCAATTGTTAGCGAAATACCAGGGACGACCCGAGACTATCTTGAAGAGACGATATACATCGATGGTTTCTCCGTTCGATTGATTGATACTGCGGGCTTGCGAGCCACAGAAGACATAATCGAAATCGAAGGAATAAGAATGGTCGAATCGCTTTTAGCCCAATCCAATTTGATTTTAGTAATTAATGATTTAACCCAAGGGCAAACCCATTCCGACGCACTGTTCTTTGAATTAAGAGAAAGATATAAAGCCTCCCGTTCGATACTAATTCAAAACAAAATCGACCTTGTCGAGTCGCAACCGCAACAAAGAGATTTCGAAATATTCATTTCGGCGAAGAACAACCAAGGATTGGACAAAATACAGGAACTAATCCGAGAGGAACTTCGCAAAGAGACCCAACACATCAAAGACGTATTGATTAACCAAAGGCATCATTTGTTGTTGAAGCGGGCTGGGGAGGAACTGCGAAAGGCAAGGGAATCGCTTTTAGAAGGACTTGGCAACGAACTCGTTGCCGACGATTTGAGGAAGGCAGTGAAAACCCTTGGGGAAATAGTCGGCGATACATTCAGCCAGGATGTACTAAATAATATCTTTTCTAAATTCTGTATTGGCAAATAATATTGTTCCACGTGGAACATTCTGTTAAGTTATTTATCTATGAGCAAATTCGATTTAACAGTTGCTTATAGAATCTATCCAGGAATTCCCGAATATGTCCCCGTTTTTCAAACGGACAAATTGAAACTAACAGAATTCGGGCTAAAATCTTTTTTGAACGCAATCGGTGGTCTTAAAGTAAAATTCTACGCCATTTTGGACACTTGCCCAGTTGAGTACAAAGAAACAGTTTTAAGAAATTTCCCAGATGCAGTTATTATCGAAGGAACGAAATTGGGAAATTTTGGTTCTTTCGAAAAGCAAATCGAAATACTTTTGAACCAAACCGAAAGCCAGGCGATATATTTCGCCGAAGACGACTATTTCTATTTGCCAGATTCGCTGGAAATGGCTATGAATTTCTTCGAAAAACATAATCCCGATTTCCTCACCCTCTACTACACCCCAGAATATATGAGTTTTGAAATCCACAACATATTCAAACCAGAGGGAATAAATTTCGAGAACCGTTTTTGGCAAAGGGTTGGCTCGACAACTCTTACATTTTTGACCACAAAACAAACTTTGCAAGCAACGAAAAATGTTTTTATGTCATTCACCAAGCGAAACTACGATGCCTCGCTGTGGTTTTC
CP058732.1_gap15	247282	251526	4244	AACAAAAGAATTACCCAGAAGCAATAAACAGTTTCAACTTCTTAATAGATGCCTATCCCAACAGCCTACTTATCCCACGTGCAAAATACGCAATTGCGGACGCTCTCTACAATATGAACAAATTTGAAGAAGCGGCTCAAAAATACAAAGAAATAATCGACAACTATCCTTCGAGTCCGCTCGTTTCCGATGCACTACGTAGCCTTCAATATTGCTACATAGCATTGGGCAAAGAGCAAGAGGCAATGCAAATCGCAGAGGAATATATAAGCCAAAACCCCGAGTCGCCTTTCGCAGCAGATTTTACTTTGAAAAAGGGGGAAATGTTCTACACTGGTAAGAATTTTAAAAATGCAATAGCCGAATACCAGAACTTTATTCAAAAGTTCCCCGAAAGCGAGCGAAAGCCCGAAGCATTGTTTTGGATGGCAAAGAGTTACGAAAATCTTGGAGAAAACGAAAACGCAATCGCAATTTTCAAAGAGATTGAACAGAAGTATCCAGAAAGCGAGTTTGCCCCGCAATCTTTGCTTGAACTTGGTTTGATTTACAAATCGCTGGCTAATATTCAAACTGCGGATTCAATCTTCACAAAATTGCAAGAGAAGTATCCCGACAATCCAGAGTCTGCACAAGCGGGCTTCGAGCAAGCCAGCATTAAATTCACACTTGGGGACACAACCACCGCAATTAGCATTTGGAAAAAAATTGCCGAGAAGTTCGAAGGCAACGAATTCGGCGACCAAAGCCTTTACAAAATCGCAATGTATTATCGCCTCTCGAGTAGATTTGACGAAGCAATACAGAATTTCAGCCGTATTGTAAATTCATCCTCCGACCCAAATCTTTCGGCAGAGGCACAATATCGAATTGGCGAAATCTATTATAGACGTGGAGAATTACAAAAGGCTATCGAAGAGTTCAACAAACTTCGGGATAAATTTCCTAACATAGAAGATTGGTACACACTTGCCCTTCTCAATCTTGGCGACTGTTACGAGCAGACTGGTAACTACGAAGAAGCGATAAATTGCTATCGGGCAATTATCGCTTCCCGTGAAGTTGATGATTATTCCAAAACTGCAAAGCGTCGTCTTCAACTTTTAGAACAAAAATTGAACAAATAACGAGGAACTATGTATCGATACATTGGTTTTATAGTTGCTTTTATGCTTGGTTTGAGACTATTTGCTCAAACTCCATCACAACCATTGGAATTACCAAACTTTATCATTGAAGGAAAAGAGCAAATCGATGTTCAAGTTGGCACCAAACAAATCCCGTCCTATTCTACACTACTCGAACGAAATGCTATCGATTCGCTCATAATTGTTGGCAAGCCACGAAATTATATTGTGTTTCCCACTAAATTCCCGAATACAATAATTTCCAAGTCGTTTCCAGATGGTTATTTAATTGGTAATGTTGGTAGTTTTTTAACCTTAAACGCAAACGCTGGCTATAGAACCAACATAAAAGGATACGACGTTTTCTCCTTTGGTGCAATCAATGCCAGCAAGGGGCACGTCGAAAACGCAGATTATTTGAAACTGCAACTTGGCTTGCAAACCGATTACATTGCACCAGAAAAATTTTACATTTTCGGTGGAAGCAAAACCACTACAAATGTCGACTTCGATTTCAAATCGTACAAACTGTATGCATTAACCGACCCACCTTCGAGAAATCTACTTTCCTTCAACGCAAAAATTGTCTCAATTGGGGATTTCGAGGGCTACGCTTTCGAAACTGGAGCCAAACTTGGAACTGCAAACCAATCTGGTGCTGGAAACGGTATTGGGGAAAACTGTCTCGGTGGATTCCTCAAAGTTGTAAATAAATCCTATTCAAATAATATCGGGGGGAAAATTTCGCTCGACTTCCGTTCCTTCGAAAACAATTCCACAAACTTCTTCGAATTCGTTGGCTTTGCAAAATTTGATTTAAACGATACCAAAATCGAACCCAGTCTTGGATTTCAATTAGCACGCTCGAGCACTGGCGAAACAAGACCAATGATTCTGGTTTCTGCCACTGCTACAAAACAAATCCACCAGAACATTTCTCTTTGGGCAAGTATTTCGAATAAATTGAATAATATTGGTTTCATAGACTTTATCAAACAAAATCCTTACCTTTCCGATTCGCTTATTATTGATTTCGCCAACGAAATTAGTTTTCAAGGTAAGGCAAAATACCAACCAAACAAAGATTTGGCATTCACTTTTAACGCCCAATACTCGATTTTCAAACGACGTCCTACGTTCAGCGTAATTAAATACGGGTATTTCAACATCCAGTATCCAGATGCAAACATATTCACAGCATCAATCGAGGGATACTTTACAAATCCAATTATCGGTACTATTTCTGGCTTGTTTGCTATAAACTCCACCTCTATTTTAAGCAACAAAGGGGAAGTTCCCAATATTCCATCTTTCAAACTGCGTGCGGATTATTCAAAAAAATTGTTTAAAAATATTCTCTTCGGAGCATTTTTCGAGTTTGTTGGTCGTAGATATGCAGACATCGAAAATCGGTTTTCATTAGATTCATTTAACAATCTTGGGTTCAAGGCAGACTATATTTTCAATTCCTCAATGATTTTTACAATTAATGTCGAAAATTTATTAAATTCGAATATTGTTAATTGGTATGGTTATAAAGAGTGGGGTTTTAACTTTAAAGTTGGCTTAACATATAAATTTTAATATGGCTTTAAAAATCGACAAGGGATTGTATGACGAAAAAGTTTACGGCGGGTTCGAGCCAACCGACCCCGACGACGAAACTTTTTTGCTCGACCGTTTGGGTAAATATCCCGATGTTCTCCCTTATGAGGTTATAACCACTGAACTACCAGAAAATTTGGATACATTTGAAACTGATTTAGAACAACCTTCCGTTTCACAAGAACTTGGAGCCGAAAGCAAAGAAATTTCAGATATTGAAACTCCCCTAACTCAACAAACAGATTTTGTCGAACCACTCGAACAATATAAAGACGAAGAAGAACCACGACAAGCAATCCCTTATGAAAAATCTGGTATAGAAAAAGAAGAGCGAGTACCTATACCCTATGAAAAATCTGGTATTGAAAAAGAAGAGCGAGAAGCAATCCCCTACGAAAAAGCGGGGCTTTTGGAAGACGAACAACCTATCCCATTTGAACGAACTCGAATAGGGAAAGAACCTAAAACAATCGAACCCGAAAGCAAAGAAAATATTCAATCGATTTGGGATATATTCGAAGAGCCAACGACAACGGAACAAACTTCTCCCGAAGTTACTACACAACCAGAATCTTTTCCGCAACCTTTGGAAACTACGGAAGAACAAGTCTCTACTGATGCTGCCGACATCCAAGCCGAAGCCACAGAACCAAGTACGCAGAAAGTAGAAACTGTTTTAATCACATCCGATAGTATTGTCGACACTCCAATTGAAATCAAAGTTCCCCCGATTAGCCAGGAAGAACTTTCCAATATTTTCGACGACGACTTCCGACAATCTATTCTTGCCGAAATAAAGGAAAACGAAAAGCGACGCCAAGCCAAACAAAAAGAGAAAGAAGTTGTCATTTCAACAAGCGAAAAAGAAGAGTTGCAACAAGAATTGAACCAGGCGGAAGCAGTTCCCGCAGAAGAACCCCCAGAAACGGAAATCGACATTACCTCAATCGACGTTTTGAAACCATCCGAAGTCGTTGCCCAGCAAATAATTGAATCTGGTGAATTAGACAAAAAAACAAAGAAAAAGGAAAAGAAGAAAAAGAAAAAAGAAAAGAAATCGAAAGAAGTTGCCGTAACCGAAACAATAGAGCAAACAACTTCCGTCGTAGATTTTGAAAAAGAAGAGTCAACAGCCGAGGAAGAGTTAGAAGAAGCCAGACCCGAGGAAGGAAAGCCAGAGGAAGAAAAGAAACGGCGAAAAGTTCCAGTCCTCTGGTTTGCAATTGCAGGCGGTTTAGTGCTTATCGCTTTCATTATTGGTGGATTCCTTTACTATCAAAATTACATTAGCAAACAACCATCGAAACCAGCAGAGAAAAAGCCAATTGCCTCCAAAGAACAAACGAAACCAAAAACGGAAACTAAAACAGAAGAGCATCTTGCCAGGAAAGAAGAAACCCAACCAAAGATTGAGGCTACTGAACCCAAAGAAGAACCCAAAACCGCAGAGAAACCAGTCGCAGAGAAATCTCCCGCCACCGTTGCTCCCAAACAAGAGAAGCCCAAGACCGA
CP058732.1_gap16	265320	268963	3643	AAGTTGCTTCCGTAAATTTTATCATAAGATAGATAATAAAACAAATTGGGGTCAGTTGGATTCTCCCAAATAACGGGGTTTATTCTATGGTAGTTTGAAGGAACAATAGTGTTATCAAGTTTTGAAGTTCTGTAAGTGTCAGATAATGAATCAATTGTAATTATTTCCCCACCAGAAGTTGCAAAGAAGGATTCAACAAATGTTTGTATCTTAAGAGGTGAACACAACAACCAAGGCTCCCAAAGATAGTAAAGAATTGAATAGTCATAGACAAAACGATCATCTGATATTGGAAAATAGGATATAATTTGAGGGTGATAAATACCAAAATAAGGGCAACCAAATATTGTTTTTCTCTTTATAATTTTCTGAAAAAAATGCTTAATGGAATATCTACTTTGTGTTATCAGGTCTTTTAATGGCAAATAGAAGTATTTTTGAAGACTATCTTGTCCTGCAAATACAAGATCTGGTTTAGATTGATTGACTGAATCATAGGTGTAATGAGCAAAATATGAAAGTAAACTACCAGCGAAAATTGGATTGTACAATCTCTTCCAGCAGAAGAGCCCTTCTGAACCGGATAAAATTAAAACAAGAATTAAAAAAAACAGGAAATAAAATTTATTTTTCATTTTACAACCTTTAATAAATGAACATATCTTAAAATAAAAATGAACAAAATTTTATTTGTTGTTTTCATATTACCTCCAAAATTAATTAAAAAACTTTTTTGGCGAATTCCCCACTTTCAGAACACCAGGCAAAAATTAATTTAAAAGAAACTTTTTCTTATCGGTGGTCCACGACAACTTGAACAATAGTGATACGGAATGCGAGCCAAATCTATCGAATTGTAGCAAAGTTTCGTCCTCCCCTATGTAAGTCATTGTAATCCAATTTGTTATAACAGCGTAGGGTTCGAGTTCAAAAAGCGGACTTCCTACCATCGGTAAGCGGTTCAGAACATCTTTTTTCCCAAATTAAAACATTTCGTTTTCAATGTGTCAAATAACAAAATAAGAAAAAAAATAGAAATATGTGAGAGGGGAAAACTTCCCCTCTTTGATTCGAAACTGAGTTAATGCCACAAAAAGGATAATTTTCAAATTATATGAAATATCAGATTCTTTTTAATTTTACGTATTTTCGTGGCTCAATGATTCTGTTTAAAAATAATGAATGAGCAGTTTCAAAAGTACTTACAATGTTGCTAGTTACAAACAATTTTAGCCAAAAAATTTCCAACAATTACTGCAATAGCCGATATCACTATTGAAAAAATACTGATCTTTTTCGAGACCTTTTTGTTTTTGGATTAACTTTCCATTCTTTCTATAAGTTCGGGTAGAAAACTGGACAAGTTGAGAAAAATAATGTTAAACAAATAAGAATTATCAAAATCATCTGGAGTAAAACCAATGTACAATTCATAGACATCTACCACATTTAGATAATACACTAACCCCATTTTTCTAACCATTTACCGGTTTGTTCCAATAATTTAAAACCCCTGCTCGCCGTAAAATAAACCATAAGCTACCAGCAGATGCACCAATAATAGCCTGACCCAGCAACTTCCATCCATTTCTTTCACCTCCGAGATACGAACTCGCCGCACCATAAATTCCACCAATACAACATCAAAATACGATGCATAATGTTAATAAAAATTAGTTACTTTTGCATTGTAAACACCAATATATTTACAATTTTAGATTTAATTCGAATTGTATCAACCTAACTCAATACATATTTTTCATTCCTCTTGTTCAATTAATCCCAAACTTTTTACATATTAACTGTGCTAAAAATGCTCCAACAAGAACACCTAAAATTGGTACAGTAAAACGAATAATATTAAACTTCTTTAAAATTTGCTTATCGTTTGGGTTAGACTTCAATTCTTTCCATAACTTCGGATACAATAATGATGAAACTTTATAAAGTATTATTGTCGATGAAATCATTAAAACAGCCTCAAGCAAAAGAAACACCAAAAATGAACACTTCATATGCAAACTCCTTTATAGAGAAATACACTATACCTAACGTTGGAACCATTTCCCAATTTTTCCAAGAAATTCTACCCCCTTTGCGCTTGGCAAGAAGGCACAAGCACTTGTTACTGCTCCTCCAATAACTGCTTCTCCGAGCAACTTCCATCCATTCCTTTCACCACCTATATAACTAATTGCTGCTGTTCCAATTCCTCCGAGCAAATCTACCGCCGCATAAGCCGCTATTTGAGCTGCTAAGATTTTATTTCCAACTCCCTTCCTTTTATAAACAATTCCTACCGAATAATAATTTCTCCAATAATCAATTGAACCTTTTGCAATGCTTACCCCAATTCGAATAACATTTTTGATATAACTCGAATACCCACTAGTCGTAACCACATTTAATAAGGAGTCTATTCGAGTTTGATAATCCTCCTTTCCGCATAGAATAAGTAATGTCTTGGTAAGATTAACAAGTGTATCATTTTGACAATACATTTGCAAAAAAGCCTCAAGGCCTACTTCAAAATTTTCTGTGGTGTCGGTTAACAAATCAATAAAATTAACCACAAAATTATATCCACCACCAGTGTCAATTTCTACCTCTTGGAACTCCATAAATCCACTGATTACTTGATAGCTTTTAAGAAATAGATTTTGGTATATCCATTATTTGTCACTGATTAATGAATCAAGTATACTGACGGGTATTGTGGATTGCAATTGGATAAGAGAATCAAGAATAAGATTATGATAATAACCTGCAAGGTTCAAAATAGTTGTATCGTCGTAATTAATTACCGTATTTGATTTTGACAAAATCGGATCAATTATTTTATTATTTTGACAAGATACAATAATTCCCCAGAATAACCAAGATATAATTATGATTGTTTTATATGAAGAAATTTTTTTCATAACAACACCTTATAGTTATTAAACAAAATTAATTAGGAAATAATTTAAAATTTTTAGACGAAGTTTTAACAATTGTGTATTTTCGATGATGTCCTTTGATTGTCCCTCGATCCAACGTACCAGCAAAAACTTTTCCCTTAGGCGTTCCACGGCAGAGGGAACAATGGTGGAACGAAATGCGAACAGAATCTATCGAATCGTAGCAATGTTCTGTACCCCCCGTGTAAGTCATTGCAACCAAAGGAGTTACAAAAAGACAGGCTTGATGTTCAAAATACACACTTCCCCATTGCGTTAAAGGAATTCGAGCAGATATGTTCCTAAACCAAATCATTTCGATTTGCCAAGTATCAAATTACAAAAATAACCAAAAAAAATTAAAAATGCAAGAGGATAGTATTTTTACCGTATTTCGCATTCATAGATGTCAACATCAGTCCATCCTAAGGGATTAACTGAAGAGCAAATTGTGAAACATAAAGTTGGGCAAGTGCATTTACAATTAGAACCCTTCAAATTTTGTATATCTTTAAGCTCAAAAGATAACCAAACAAAAATAGAAGCGGCTCCCCGACATCTGAGGAGCCGCGTGGGCTTGTGGTCAGCGATACCGCTGCGTCTTACCGCGTCACGACCAGTTTCTTAGCCGCAACGCCGGCAGAGCTGCGCAGAACGAGCATGTACGCACCGCTCGGAAGCTGGCTGACATCAACGGGCACGGC
CP058732.1_gap17	378754	382492	3738	AATTCAATCTTGAAAATGGAGAAAGATAGGGAGCATAAAGAGGCAACCATAATAGCAGCAACAAGTTGCCAACTTATGTAAATATGGAAAATTTCATTTACACGGGTAAGGTCGTGAAGTAGTTTTCTGTTCTTCTTTTCCAAAATTGTTTTAATATACAATTTAAATTTTTCAAAGTCTTTTAAGAAGTAAAAAGAGAAAATAGGAATTAAAATTGCATTGACAACTTGACGGGCAAGTGTAGACATTCCCATAAGAAAATTGCCCAGCGAACCAAGTATTTTGCTAAACAGGTATTTCAGCTCGGGAAAAAGTTCATTTTCAATTAAGTTTTTCAAATATTCATTCTTAATTCCAATGGATTCGAGAATTTTCGAGGCTTTTTGTGTATCTAAATAACTTGTAACAACGGTAACAACTGTCGTGATTTTTTGGGAGATTTCATTGAACTGATTTAAAATCTGCGGAGAAATCAAGATAAAGACAACCGAAACAAAGCCTACTAGTAGAAGTATAATCAAAAGCGAACTTAACCAACGAGGTATTTTCTTTTTTTCGAGTGCAGACACTAACGGTGCTAACAAATATGCGATTATGAAAGAAATTATGAAGGGTGCAATCGAAGAGCCAATAATTGTGAATATCCAGAGGACGAAGAAAGATACGAAAAGAAGTAACATTCGACGAACGAAATAGGACTCCTTGCGAAATGGAGTTATAACAAACAGACCAATCAGAAATATCACAAGTGGGTTGAACAATTGTTGGGTAAAATATAAAAAGGCAATGAAGGCGATAATTCCTACGACTATTGCAGAGTTGAACGAAATGATGCGAATTTTGGGGTCTTGTTCCTTCATTATAATGCTCTTATCTTCTTAATTGTAGTCTCCCTAAAATCTGCAATAGATTTTTCGGACAGCATTGCAATAATATTTTGTCGAGTTTCTGCCCATTTGCTATGAATAGGACAAGGATTTTCTTCGCTACAATTTGGAAAACCAAGTATACATTCTTCGAAAGCCTTCATTCCATCAATACTGCGGATTATGTCAATAATTTTAATATCTTTTGGATTAACTTTGAGGGAGAAACCGCCAGTTTTGCCTTTTTTCGAGGAAACAATACCGCTATTTGCAAGTTTTTGCAATATTTTGGCAACAAATTCTTTGGGGACTTTCAACTCTTTGGAAATTTCATTAGCATTTCGTAAATATCCTTTCGGTTGCACAGACAAGTAAAGCACTGCTTTAATTCCCAATTCCGCTTGCTTTGAAAAAAGTATTCTCATCTTATATCCATCCTTCGTTATTCTACAAATTGTAATAATGGAGAAACGGTTCCAAATATGTCAATTTTTCAATTTCTTCTAAATTGTCCAATGAACAAACATATATTGGAACCTCTGGAAATTCACCACGAACATTTTCAATTCCTTCTGTTGTTGCAAATACTGTAACCAATTTTATTTCCGAGACATTTTCAATTTGCAATCTCGATATTGCTTGTTTTGCTGTTTCGCCAGTTTTCAATAATGCATCACAAATTAAAACATTCGTTTTTGCTAATTCATCTGGTAAAATGCATAAATTCTCCTCAACAACATCATTGTCGGTAGAGTATCCCAGGTATCCAAGAGAAGAATCTGGAAGAATATTTGCAAACGATTGACTTAATCGAATGCCATAAGGGAAAATAGAAACGATTGAATATTTTGCGGAAAATTTATAGCCAAGAAAATTGCCATCTTCGTCGAATTTCTCTTCCAATGGAAAATCTTTTGTAACAAGAGTTGCAACGATATCGGAAATTTTTTTCCAGCCATAGCGAAAATGGGAATGGGTTGGATTGTTTTTTACAATCGTTAAAAAATGTTCCAACAAAGAATGTTCTAAAATATAAATCATATAGTAAAAATTAAATTCTTACAAAATTAACAAAAAGATAAATCGATTTGAAATTAAAATGCGTTTTCGATATGGTCAATTAATGGGGGATTGTACCGCAAATCTATAAAGATAGCATCGAAACGGCAACTTTTGTTTTGGATTTTTTTTGTATAAATATATCCTTCCGCTGTCTTTCTTAACTTCTTTTGCTTTACTGGGGTTATCCAAAAACGGGAATCACCAAAGTTGTCGGTTGTTTGCAGTTTTACTTCAACAAAGACAAGGCAATCGTCTTTCTCTGCAACGATGTCCAATTCCCCAAGTTTTCCAAAATGGAAGTTTCTTTTGAGTATTTTATATCCTTTGTTTAGAAGGTAATCGCAAGCAATTTCTTCGCCTCGCTTTCCTATGTCAGTTGGCTTCTCCATTTTTATCTTTTGCTTCTCTTGCCTTCTTCTCGCTTGCAAGTATTTGTTCGATACGTTCGATTCTTTCGAATGTATCGTCGACGAAGAAACGCAATTCGGGTGTCAAACGCAATCTGACTTTTGAGCCAACGATTTGTCGAAATGTGGATTTCTCTTGCTCGACCAAGTTGATAAATGTTTGTGGAGAAATTTTGCCACCATAAACACTGATGTAAATATAGGCATATTGCAAATCGGGCGACATTCTTACGTTTGTTATCGTTGCCAATCCAGCATTATTTTGTCGAGCAAATTCTGAAATTGGCTCTGAAAGCACTTTTTGAATTTCGCTTGCTACTCGTTCGCTACGAACACTCATTTCCAAAAGACCCAAATATATAACTAATTGTTTAAAGTTCTCTTTATCTCAAGAGTTTTGAATGCTTCTATTATATCTCCTTCTTGAATATCATTGAATTTTTCAATCATAATACCGCATTCATAACCTTGGTCGACTTCGCGGACGTCGTCTTTACCGCGTTTCAACGAAGAAATTGTTCCAGTGTGTATTACCAATCCATCGCGAATTACTCTCACGTTATCATTTCGATTGATTTTTCCGCTTTTAACATAACAACCAGCCACAGTTCCAACTTTGCTGATTTTAAAGGTCTTTCGTACTTCCAATGTCCCAGTAACTACTTCTTTTATATCTGGCGACAACAAACCTTCGACAGCAAGTTTGACATCATTCAAACAGTCATAAATAATTTCGTAACGGCGAATCTCGACAGAATGCTTTTCGGCAAGTTTTCTTGCCCCGCCAGTTGTAGAAACCTGAAAAGCAATAATTACTGCATTCGAAGCAGCAGCAAGCGTCACGTCGGATTCATTTACATTTCCAACGCCTCGATGAAGAATGTTAACTTTAACTTCTTCATTTGATAATTTACTCAAGGCATCGGTCAGTGCTTCGAGCGAACCCATAACGTCAGTTTTCAAGATTAAGTTCAATTCTTTGATTTGACCAAGTTGAATTTGTTTGGATAAGTCGTCGAGTGTAATAACTTTTTCACGGCGAAGATTTTGCTCTCGACGCACTTGTTGTCGCTTTGAAGCAATTTCTTTTGCAACTTGTTCCGATTCAACAACGTAAAGGATATCGCCAGCCTCGGGAAGGTCGTCAAAGCCGACAATTCTTACGGGTGTCGATGGTCCAGCCTTTTCAAGTCTTTTTTCCCTTTCATCAAACATTGCACGAACGCGCCCATAAGTTAATCCAACGACAAAGATATCGCCAATCTTCAAAGTTCCTTTTTGAATAATTGCGGTTGCAATCGGTCCTTTCCCTCGGTCTAAATGTGATTCAACGATTGTAGCCTTGGCTGGACGGTTTGGATTGGCTCGTAAATTAAGCAATTCTGCTTCGAGAAGAATTTTTT
CP058732.1_gap18	477165	481947	4782	GGGCTTTCTGGGTTATCCCAACCATAAAAAGTAATTTTAATATTAGATGGATCAGCCCCGGTAACCCCGCATTTGTAACAATAAACAATTTTGATTCTACAATCGCCGATGTATGGTTGAATGATTGTTGCTTCATCCCAGCCAAGTGGACAATCTGCCCTGGCTTTGTTCCCTGCTACAAAGCCAAGTATTATTGTTGCAACCAAAAGAAAAATATATTTTTTCATTTTAATTTCTCCTTATTGATTTAACAAAAATATTTGTTTAAAAGAATTTTTACAATAACAAATTTCAAAGAACGAGATTTGGAATTATGTACAGTATAAGTCCTTGGTTTTTTCCCCTTCTGGTGGTCCACGGCATTGGGAACATCTCTGCCATAGGAATATATATTCAGACCATTTCCTCCGAGTTGAGGTGCTCTCTCTCTCTCTCTGAATGGAATAAGCATAGGTATCGACCGTATCTTCTGGATATTCTCGGCTAATATGTCGTCTACAATCAACATAATATTCTCGACTTTAATTGCTCGCAAGTTATAAATATTTTTTGAAATATGCAAATGAAAATAAAATTCTTTGAAAAATCCTACTCCACAACGACGGGGACGGATTCGCTTCCGCCAGCCCAACGCAAAAGGATGAAGTAGACGCCAGCGGGCACTCCACTGCATTCCCATTCCAGTTCGCCGTAGCCTTTGTCCCGAAGTGTTACCCGTATCCGCTCCTTGCCTTCAACCTTGCGTCCCATAGAGTCGTACACCCCGTCGATTGCTTCGCCGACATCGAAACTGCCGTCCCAGGCAATGTGTGCTTTGACAGGTACGCCCGCTGGCTGTGGATATGGCTCCGACGCCCAGAACTTCGTCGTGTAGTACCTCTTCTCGACTTCGTTTTCAACAGTTGTCGGCGCTTCCTTTTTCAATGTTATCTTGTAGTAGTTGAAAGGACGGAGCGAATCGCTAAGCCCAGCGATTGCAACATTGCCCTTGAAGATGACGCTTTCGAAATTTGGCTTGCCATAGTCCCACTTGCCTTCCCGCCACTGTGTTAAATCGCTTCTATCGGTATTTTCCAAAAACAGCCCCTTCCCAACAATGTAAAATCTGTCGGAGATGACCATAAGTAATGGATTTTGAGCATCGTCGGTTTCCGGTTGCCAGAGAAGTTGTAAAGTATCGCGTGTTCTGTCGTAAAGATAAACTTTGTCGGGTTCCTTGAAAGTTATGAACACAGAATCTGGGTTGTGGTCGTAGATTTGGTTAATGTAAGAATTAACGTTCAAACGATGCAGAGTTTTAAAAATGAAAACTGAATCGAATTTTTGGTATTTTTTAATTTCAAAATGGAAGTCTCTATAATTTAGTGGATTATTTACATAGGAAAAGGCGATAAACTCATAGAGGTTTTGAGGTAAAATATACAAGGCTGCAGAAAGTGTATCAACCAATTTTTCATTATAATTGTTAAAAGAAGTATCAAGATAACAAACCCAAGTTCGGTAACCTATGTTCCACCATTGTGAAATTGTATCGCTTTTTGTAAAAAAATAAAAGTTATTAAATTTTGAAACATTTGAGGTAAATTGTTCGACCGAAAAGCCATTAAATTGATAACTGAGGAGTTTAAAATTTTCTAAAATTTTAGAATCAAAGGAATCCCAAGCATCATCGGAGATTGTGAGTATTTGCGGGTCCCACCGTTGATGTCCTTTTGCGAATCCTTTACCATTTCTATCAATGTAAAACAGTGAAAAAGTACTATATGGGATATCCTTTGCCGATTTGTAACCTTCCCTGAAATTTTTTGCCGGAATAAATGACAATCCACCGTCAGAAGTTTTATAAATTTCAGTAATTTCGTCATTACCCCAGTGATTAATAAAGAAGTAAATTGAATCGTTTATTATTAATCTTGGTTTTCCTCTCAAATATGAGATTAATTCCCAATCGTTTCCGAAATTTCTTGTGATTACTAAAGTTCTATTTTCTTTTGGGAATATTAAGAGTGAATCAAATAAAAGGTATGGCCACATACTAAACATTTTAAAACTTACGTTGTTTACAATTCCGTATTTTTTATTGTAAAAATCATAATAGTGAGTATAGTAGGTATCAATGAAACTATTTCCAACTTGGACAAATGTGTCAGGGTTGGAAATATACTTTTTAATCCCAAAAATGTTGTATTTCTTGTTTGAAAGGTCGTTACTTTTTAAAAATAACATGTATAGACTGTCGTTGTGGAAAAAATAGGTAAAGGGATTTCCAAATTCATACCACTTTGGACTGGAGGGGTTGGTTTCTGTATTCATAAAAAGAGTGTCTTGGAAGAAATATTGGTAATGTGCAAAAGTACTGTCGATAAAGTAAAGATTACCATTGATTTGAAGAATTGGTTGTCCCTTAAAATAATGTAAATTTGTAATACCATAAAAATTTGGTGGGTAAAAACCATATTTTTTACGATTTTGAATAATTTTATCCCGAAGGTCGATTACTTTGTAGGAAGATAGGTTCTTATCAACGAGCAAAAATCCTTTATCGGCTAAATTTTCGCATTCAACTATTAATTTTTCATATACAAAAAAGAAATTGTTCATATCAAATTCACTGAATGAATAAGGTAGTCCAGGGTCAATATATTGGTTTTCTGACACATATAAAATTTCATCTTTAATTTCGTTGGTCTTTTTTAAGCCTTTATCAAAAAGTTGTAAAGTCGTTTTAGTTCTTATATAGATACCAAAATCTGTGACAAGGATATTTGTTAACATATCGCCACTATCAAGTGGAATTATATTCTCTTCCCATGTGTTTCCACAATCCGAGGATATAATTATAGTATTTGCGGAAGTAATTCCCCATAAAGTATCGTTAAAATTCACAATTTTATATATTTCATCAAATTCGCCTATGCTTTTTTGTTCCCAACTGATGCCTCGATTTGTTGAAATAAAATATTGCCCCATATTTCCATAACAAATAATAATATTCCCACAAGCGGTTGCACCATTAAAATTAAAGGAAAGAGGTGTTAAATTAAAAGTTTCAGAGTTTGAACTTGTAGGGGACAAAAGGTATAAAAGAAAAACTGCGAATAAAATGGAAATAATTCGGGCCGTGGATTGGCAAGAGCCAATCCACAAACCAGATAAGATTTGGAAAAGAATTATTCGTTTTTGCCGAAACATTTCATCTCCAATTTTTTTAAAAATATGCAAAAAAATTAGGGATATTGTGGGCAAGTTGGCTTTGCAAGATTTCTAACACATTCCAATCGCCAATTTATGTTTGGGTCATATTGGTACTCCGGTGGGGTCCCAGGGGCATTACCATAAGGGAAATACTCACAAGTACCGTTTCCACTTGGATACCTTTCCACTAATCGACGTTGTGTAGTAGGTGGGGTTGTGGAGTAATCGCGGCACCACTCATATTTTTCGGTACAGCGTTTGTCGCAAGACCCAGGGTGAGCACGCACTGTAACTCGACCAGTTGCCCCATTCCATTGTACCTCTGCACAAACAGGTACAGTATAGTAAACCTCGAAGGGTGGTGGTGTATTGCAAGGCCAACTACCACAGAGTTTATCAATATTGTCCAGTGCCCATTGATGAACAAAATCCCAGGCTGCATCTTCACATTGTGGACAATATGATATTTCGGCCACATATAAGGTAATGGAAGGTCGTGTAACACCACATTCATAACAGAATACAGCAGTCAAACTATCGCAACAACCAGGAATACTAAATGTTAATTCGTAGCACGATCCCGGCAATGGAGAAACACATACTTCACAACCAACTTGTCCGCTGGCTTTGTTCCCTGCTACTAAGCCAAGAATTATTGTTGCAACCAAAAGAAAAATATATTTTTTCATTTTAATTTCTCCTTATTGTTAAACAAAAATAATTGTTTTAAGGTTTTTTTACAAATTGTCAAAGAGCGGAATTGGATTTAAGTCGAACGCATATCAACTTCTTTCTTCCCCTTCTGGTGGTCCACGGCATTGGGAACATCTCTGCCATAGGAATATATATTCAGACCATTTCCTCCGAGTTGAGGTGCTCTCTCTCTCTCTCTGAATGGAATAAGCATAGGTATCGACCGTATCTTCTGGATATTCTCGGCTAATATGTCGTCTACAATCAACATAATAAACCCGACTTTAATTGATTTCAAATTATAAATAATTTTTGAAATATGCAAATGAAAAAATTTTGCGTTGGGGGTGTAAAAGAATTTTCATTTACAACAAATCTTGGTTTTTTCTATTTTTGAAAATTAGATTTAATTAGAAATGGTTTGAATATGGAAAAAGTTGCGGGCGGTGGGAAAAAGGTTTATCTTATTGATGGAATGTCGTTGGTATTTCGGGCTTACCACGCAATGAGCCGTTCGGGATTGAGATCCGCAGTTACGAACGAACCAACCTATGCAGTTTTTGCCTTTGCGAATATCCTTGTAAGTTTGATTGAAAAGGAGAAACCGGAATATATTGCTGTTGTGTTTGATAGTTGCGAGCCGACTTTCCGCCACGAAATTTACAAAGAATACAAGGCGAACCGCGAGGCATTCCCCGAAGATTTGGTGCCCCAACTGCAAAGAATAAAGGAATTGCTGGACGCTTTCAACATCAAGCGAATTGAAATCTCGGGCCTGGAAGCAGACGACATAATCGGAACTCTTGCAAAGAGACTTTCGAAAGAAGGGTACCAAGTTGTATGCGTTACAAACGATAAAGATTATTATCAACTTGTCGATGAGAAAGTAATTCT
CP058732.1_gap19	487500	491396	3896	TCTTGTCGAAGGATTGACCGTATCGTCAATTTTTTTCGACTCGATGTATTGAAGTACTTTTTTTGCAAGTTGTTTACCAAGTTCGACGCCCCACTGGTCGAACGAATTGATGTTCCAAATAATTCCTTCGACAAAAACTCGATGCTCGTAGAAAGCGAGCAAAGAACCAAGAGTTTTAGGCGAAAGTCTTCGATAGAAAATCGTTGTGGAAGGTCGGTTACCTGGGAAAACCTTGTGGGGAAGAAGTTCAATTTTGTCAAGCGGGTCGAGGTTGGTACTGTCAAGTTCAATTTCTGCTTCCTCTTTAGATTTGCCTTGCATTAATGCTTCTGATTGAGCAATCAAGTTTGAGATAAGCACATTGTGGTGATTATCCAACGAATGAAAAGGCTCGACTGGGGCAAGAAAATCGATTGGAACGATTTGAGTGCCTTGATGTAGCAATTGAAAGAAGGAATGTTGGCAATCGGTTCCGACTTTTCCCCAAATGATTGGGCTTGTTGGATAGTTGACTACGTTTCCCTCTTTGTCGATTCTCTTTCCGTTACTTTCCATTATCAATTGTTGTAAGTAATCGGGAAGTAGGCGTAAATTTAAATCGTATGGAATAATTGCTTGCGAATTGAAATTCCAAAAGTTATTGTACCAAACCGAAAGCAAGCCCATAAGCACTGGAATGTTTTGATGCAAAGGCGTGTTTCGAAAATGTTTGTCGACAAGGAAGGCTCCTTCGAGCAAACTTTCGAAATTCTCGAAACCAATGTAAAGAGCGATAACCAAACCGATTGCACTCCAAAGAGAAAATCGCCCGCCGACCCAATTCCAGAAGTGGAACATATTTTCTGGTGGTATTCCAAATTTCCGACAGGCTTCCTCGTTGGTCGAAATCGCAACAAAATGCTTTGAAATATCTTTTTCGCTGGCGTTTGTGTTTCGAAGAAACCACTCCTTTGCAGTGTTAGCGTTAATCAAAGTTTCTTGGGTGGTGAAACTTTTAGACGCAATGATGAATAGAGTTCTGAATGGATTCAAATTGTTTAAAACTTTTTGAATATCCCGACCATCGACATTGGAAACAAAGTGGACATTGATGTTTGGTTTGCGGTATGGCTCCAAAGCGTCGCAAACAAGACGAGGACCGAGGTCGGAACCGCCAATTCCAATGTGAACAATGTCGGTAATCCTATCGCCACGGAAACCACGCCAAAAACCGTTGTGAATCATTTCTGTGAAATTTCGCATCTTCAAAAGGACCGAGTTGACTTTTGGCATAACATCCCAGCCATCGACCTTTATGGTTCGGTTCTCAATATTACGCAGAGCAATATGCAATACTGCACGATGTTCCGTGAAGTTGAGTTTTTCTCCGTTGAACATTTGCTCGATTTTTTCTGGCAACTTTTGTTCTTCCGCAAGTTCAATTAATAAATTCAATGTTTGCCGATTAATTAAGTTTTTTGAAAAATCGAACAAAAAGTCGTTGAATTCAAAAGTGAAATCATCGATTCTTTTGGGGTCCAATTCAAAAAGTTTAGAAATTCGAACATTATCCAAACTTTTCTTGTGCTCCTTCAACTTTGCATAAGCAAGCGTTTCTGTCAATTTTGCCATAGCCACAAAAAAACAATAAACCACAAAAATAATTGTTTCTAAACTATGAAAAAAATTGCAAATTTGAAAAGATGGCAATATTGAAAATTGGAGACAAAATTCAAATAAAAGATGCAGTTGTGCTTGCTCCGATGGAAGATGTTACGGAGAAGCCATTTCGAATGATATGCAAAGAATTTGGTGCCGACGTTGTTTATTCTGAATTCATTTCGAGCGAAGCACTTTACCGAAGAGTAGAAAAGTCGCTTCGGAAAATCGATTTCGATGAAAGCGAGCGACCTATAGGTATTCAAATTTTCGGTGCGAACGATGAACCAATGGTCGAAAGTGCAAGAATTGTTGAAAGTTTTAATCCAGATATAATTGATATAAATTATGGTTGCTGGGTCAAAAACGTTGTAAAAAACAACGCTGGCGCTGCGATGTTGAAGCAACCAGACAGAATGGTTGAACTAACACGCCTTGTCGTACAAAGCGTAAAGTTGCCAGTTACGGTAAAAACTCGTCTGGGTTGGGACCGAAAGAGCATTGTAATTTGCGATGTTGCTCGTAGGCTCGAAGACGTTGGTATATCTGCTCTGACGATACATTGCAGAACACGGGAAGATGCACACAAGGGTGAAGCCGACTGGTCTTGGGTTGCCAAGGTTAAGCAAATTGTGTCGATTCCAGTGATTTTGAACGGAGACGTCAAATCTGCCCAGGATGTGAAGAGAGCCTTCGACGAAACTGGTTGTGACGCTGTTATGATAGGTCGAGCAGCAATTGGCAACCCGTTTATTTTCCACGAAGCAAAGCATTTTCTTCAAACTGGCAAAATACCCGAACCGCCAAATGTTCGCCAACGAATCGATGTTTGTCTTCGCCATTTGAAAATGAATATCGAGTACAAAGGGGAAAGATTGGGACTTGTGGAGTTCAGAAAGTTTTATAGTGGATATTTAAAAAATTTGCCAAACGCAAGCAAAGTTCGTTCGAAAGTAGTCGTTTCGGAATCCTACAACGAAATCGAAGAAATATTAATGAATTATTGCAAACAACTTGAAGAAGGTGCAGTTTCGGAAATCAAGCAAGAATTTGAAATAGAAGAACCAACTACTTTTTAAATTTTAATTTATTTTTGTTTATTTTGAAAAATATTTTTAATTTTGAAACTCTTTTAAAAATAGAAATTTAGAATTTTTATACAATTGGTGGAAGTATGAGTATAAGGAAGATTTACGAAACAACTTTTATAGTGAATGCTGCACTGGAAGACCCAGACATCGAGGCTATTATTACGAAGGTTACGAATTACATAAGCAACCTGGGTGCTGACATTTTGCAGATAAACAAATGGGGACGACGACGCCTTGCTTACCCAATCAACAAAAAGTACAATGGCTTTTATGTTCACGTGATTTATGATGCTTCACCTTCGATTATTCCATTAATTGAACGCTATCTTGTTCTGGACGATACCATTTTAAGACATCTCACACTTGCCCTTCCAAAGAAACTGCGTGAATATCGATTGCGTGCAATTGCAGAAGGTAAGGCAACAGAACTGGCACCTCAATCTTCGACACAAACAAGCGTTGAAAAGCCCGCAGAAACCGTTTCGAGTGAGGAAACCACTGAAATGGCTTCTTCAGAGGTGGTTAGCGAACAGCCCGCAGAGGCTGATGCTACAACTGGTCAAGAGGTAAAAACAGAAGAAGCAGTTTAGCGGATTTTTTTTGATTTATTTGGAGAAGAAAGATGAAAGTAATATTAAGAAAAGATTTAGCAAATTTGGGCAGAATGGGCGATGTTGTTAATGTTAAGGATGGTTACGCCCGAAACTATTTGATTCCCCGTGGCTATGCATATTTTGCAAGCGAAGGGGCAATCCGAGCCATCGAAATTGAAAAGAAAAGGCATTTGAAAAAGTTAGAGCAAGAGCGTGCGAAAGCCGAAGCATTTGCCCAGGAACTTTCCCAAATCCAATTGACAATACCAATGAAAGTTGGCGAAGAAGGCAAACTTTATGGTTCCGTGACCCCGCTTATTATTTCTGAATATTTGCTTAACGAGCATAAGATTGAAATTGATAAGAAGCAAATACTGCTCGAGGAACCAATCAAATCACTTGGCGTTTTCGATGTCAAAATCAAATTGTTCCAGGATGTGTTCGCTACAATTAAAGTCTGGGTTATTAACGAAGAAGAAGCATAAACTTTTAGTTTTTTGACATTATTGGGCTGTCCATTTTTGGGTACAGCCTTTTTTATTTTTGTAATATGAACACAAAGCAAAAAGTTGTA
CP058732.1_gap20	577558	578612	1054	AGGAATTGAAACTTGGTAGTATGCTGCGTTCTCAAGGGTTTGTTTACAGATTAGAGCCTACCTATAAGGAATTGAAACTAAACTTTTGGGTGAAATCTTACGAAGTTTTTTCGAGATTAGAGCCTACCTATAAGGAATTGAAACTGAGTATAAATACACTGGAATGTTAGATTTTGCTCGGATTAGAGCCTACCTATAAGGAATTGAAACTACCTATTTTCATTATTGGACACCTGAAACATACCAGATTAGAGCCTACCTATAAGGAATTGAAACCATTCTTCTGAATGCCCAAACCTTCCATAGCACCAGGATTAGAGCCTACCTATAAGGAATTGAAACATCGCATCGGGCGATGTTGATTATACTTCGAGTTGGGATTAGAGCCTACCTATAAGGAATTGAAACCCCATCCGCCTTCAATTGTTTTGAAATGATATTTTTGATTAGAGCCTACCTATAAGGAATTGAAACGCGTGATTCTAATGCAAAGCCAAGCATCACAATAGGATTAGAGCCTACCTATAAGGAATTGAAACGCATAGTTGTAGTATGCATTGAATCCAATTCCAATAGATTAGAGCCTACCTATAAGGAATTGAAACTCTGAATAATGCCACGAGAAACGGCGAAAAGCCAATGATTAGAGCCTACCTATAAGGAATTGAAACCGATAATCGACCCCGCCTGGGGCTCGCACAAGCAGTGATTAGAGCCTACCTATAAGGAATTGAAACACAATATCTGAAAACCTTTGCCCGGTGAAGCACCCAGATTAGAGCCTACCTATAAGGAATTGAAACTCAGGGGAAACTCAAAGTGGGACATGCCTTCCCGGGATTAGAGCCTACCTATAAGGAATTGAAACATGAGAAAGAAGCCCCACGATTATTTTTGGATGAAAGATTAGAGCCTACCTATAAGGAATTGAAACTGCTTCATCAAATTCCAAAGAAATTTGTACAGTAGCGATTAGAGCCTACCTATAAGGAATTGAAACCAGCACATCCCATTCTCGGGTCAGGGGATACAGCACAGATTAGAGCCTACCTAT
CP058732.1_gap21	589215	592801	3586	TTTTATCGGTCTTAAGATTAGAGCCTACCTATAAGGAATTGAAACCCGTAAAAAGCCGAAAAAGTCGTAATTCGCTTGTAAGATTAGAGCCTACCTATAAGGAATTGAAACCCGAAGAAGGATAGGTTTAGATTATTCAGAATCACTGATTAGAGCCTACCTATAAGGAATTGAAACAAGGAAATAGTAAAAATTGACATTGATTTAGACAAGGATTAGAGCCTACCTATAAGGAATTGAAACTTGAAATAAAATCTACTGGTAGGAATATTGAAGCAGGATTAGAGCCTACCTATAAGGAATTGAAACAAAGTAAAGAAAGCCGTTGCAACAGCATTGACTACGATTAGAGCCTACCTATAAGGAATTGAAACGGAGTAATTGATGGGCGAGCAGAGCGAAGAAAAGTGGATTAGAGCCTACCTATAAGGAATTGAAACATAATAAAACGGTAACCTTTTTCAAATGCTTCATTAGATTAGAGCCTACCTATAAGGAATTGAAACTTGCTAAATCATTTGTGCTCGTATCTTTGTTTTTCGATTAGAGCCTACCTATAAGGAATTGAAACCCGTCCCCTCTTTAAATTTCAAAAGATTATTTACAGATTAGAGCCTACCTATAAGGAATTGAAACTTTTGTTGTGTAATCTCATTCCTAATCGTTGCTTTACGATTAGAGCCTACCTATAAGGAATTGAAACCCTTCATTAGTTCTGAAATAAACTTTTCTCTAAACGGATTAGAGCCTACCTATAAGGAATTGAAACTCATAAAGGAATGTATACGGGTCAAATGGGGTTACAGGATTAGAGCCTACCTATAAGGAATTGAAACCACCCCTGGTGGAAAGATTTTTGGGAAACTTATCCCGATTAGAGCCTACCTATAAGGAATTGAAACCCGGGTCAATGTCTGTTATGCCACCGCGGATTTTAAGATTAGAGCCTACCTATAAGGAATTGAAACCTTCGAAAAATCTTGTAACGAGGCGAGTAAATTCAAGATTAGAGCCTACCTATAAGGAATTGAAACAAACGTAAAGCATTGGAAACATCAGATTCGATAGCCGATTAGAGCCTACCTATAAGGAATTGAAACGAATCTCAACAGAAGAAGCAAAGAAAATTCCGCTGGGATTAGAGCCTACCTATAAGGAATTGAAACACATAATCTACAAGGTTTTTGGCAAACCAGAACCCGATTAGAGCCTACCTATAAGGAATTGAAACTGAGAATGATGGTAATGGGGAGAAACTATGAATATCGATTAGAGCCTACCTATAAGGAATTGAAACTGGAAATCCGTCGCATTTGCTGGGATTATCATCAAGAGATTAGAGCCTACCTATAAGGAATTGAAACTAGCGGTTTCGTCTTTGATAAGCATTGCATCAATACGATTAGAGCCTACCTATAAGGAATTGAAACACATTGATGTTGAAAATATTTTCTGGATATGAATAGGATTAGAGCCTACCTATAAGGAATTGAAACCAAGTGTTGTGTTGTTAGCGTTGTCTCTTTTGATTGGATTAGAGCCTACCTATAAGGAATTGAAACATTGAATTGCCAACTACAATCAGAGGGATATTTTCGATTAGAGCCTACCTATAAGGAATTGAAACAAAACCAGGGCAACAGAAATTACGACCGAGGCAATCGATTAGAGCCTACCTATAAGGAATTGAAACCAGTTGTGAAAAGATATAGATTGAAATTTGGAGCCAGATTAGAGCCTACCTATAAGGAATTGAAACCAGCACTCTGTCAAGAATGATTTTTTTGTTTTCAATGATTAGAGCCTACCTATAAGGAATTGAAACAGATTCTTTGCGACTAATCTAGAAAACAACGAAATTGGATTAGAGCCTACCTATAAGGAATTGAAACACGGAAAACAAAATCCTTTGGAATACTCTGATTTTGGATTAGAGCCTACCTATAAGGAATTGAAACTGATGGATACAATCTCGGTCTTATCAACGATATTAGGATTAGAGCCTACCTATAAGGAATTGAAACCTTTTTTTTTAAGTTTGATTTTTAAGCTGTTAATTAGATTAGAGCCTACCTATAAGGAATTGAAACATGGAAAAGTGATAAAAGAGATGGACTATCCAATTTGATTAGAGCCTACCTATAAGGAATTGAAACTTTTAACGCGGAAGAAAATTCTCAATCGTTCTAAAATGATTAGAGCCTACCTATAAGGAATTGAAACTGTTAAAACAACAAAAGGAGGATTGAAATGGCAATATGATTAGAGCCTACCTATAAGGAATTGAAACTTCTGGCTTTTCGACCAGAAAGTAATGAAAGAAATAGGATTAGAGCCTACCTATAAGGAATTGAAACATAAAATATATTGAAGAGCCAAAGTTCAAATTTAAAGATTAGAGCCTACCTATAAGGAATTGAAACTATCCTCTTTTGTTCGTAGAGTTTTTCGGTTTCAATGATTAGAGCCTACCTATAAGGAATTGAAACCTCGTATTCACTGATTGAAACATCGTTTTGCACCAAGATTAGAGCCTACCTATAAGGAATTGAAACCAGACAATGATGTGCAGAACCTTAAAGCCGAGCAAGGATTAGAGCCTACCTATAAGGAATTGAAACCCGATAGAAGAGAAAGATGAGAGGCGTCGAGTAATGAGATTAGAGCCTACCTATAAGGAATTGAAACTGAAGAGCGTCGAAAGATGATGGAAAAGCAATTAGAGATTAGAGCCTACCTATAAGGAATTGAAACTTGGAGCGAGGTTTATGTTCCAAACAAATGGAATAGATTAGAGCCTACCTATAAGGAATTGAAACATTTAAATGGAATTAGAATAGAAGGGGCGGAGTTAGGATTAGAGCCTACCTATAAGGAATTGAAACTTGTTTTAACTGGGGAGAAGTTAGGTCGACTTGTACGATTAGAGCCTACCTATAAGGAATTGAAACATGGATATTAAGTATGCACCCGATACAATTAAAATAGATTAGAGCCTACCTATAAGGAATTGAAACTTTTGTTCAAAGAAAAGATAAATGTTTCAGATGTAAGATTAGAGCCTACCTATAAGGAATTGAAACATGGATATTAAGTATGCACCCGATACAATTAAAATAGATTAGAGCCTACCTATAAGGAATTGAAACGTTTTAGACCCGTTTTGTGGGAGTGGTTCGACACTTGATTAGAGCCTACCTATAAGGAATTGAAACAAGTATTGTATAAACTAATTCAGAAACACTATGAGTGATTAGAGCCTACCTATAAGGAATTGAAACCTGGGATTGTAACTGGTAATGCCGAAGCAACAAAAGGATTAGAGCCTACCTATAAGGAATTGAAACGAGCAAAAAATGGAAAATCAAGCAATTCTTTTTGAGATTAGAGCCTACCTATAAGGAATTGAAACTCAGAGTTTGATTTAAGATTTCTTTTAGATTATTACGATTAGAGCCTACCTATAAGGAATTGAAACATTCTATGTCCTGTTCCTCGGCTATTTTAATCTTAAAGATTAGAGCCTACCTATAAGGAATTGAAACAAGACCAAACAACTGCTTCGCAAAATGGAATCTATGGATTA
CP058732.1_gap22	593929	596242	2313	AAGGAATTGAAACAAGTAACAACAGAATGCAAGTTTTCATTGCCTTGTGATTAGAGCCTACCTATAAGGAATTGAAACTAAAAAAAAAATTAAAAATGCAAGAGTTTTTCGAGAGATTAGAGCCTACCTATAAGGAATTGAAACTCTGGTTTCGAACGGTAATGGAAGTAATTCGAAGGGATTAGAGCCTACCTATAAGGAATTGAAACATTGATTGAAATCATCATAAGTTACTTCTGTCGCTTCGATTAGAGCCTACCTATAAGGAATTGAAACTTCAAAGGCATAAGATAAAGATTTTAAAAGGTTCAAGATTAGAGCCTACCTATAAGGAATTGAAACGTTATATACGACGGCAATTCTTCCCGATTCAGGAAAGATTAGAGCCTACCTATAAGGAATTGAAACATCGATAAGTTTCAAGTTACTCAAAGACTTGATTTTGATTAGAGCCTACCTATAAGGAATTGAAACACTTCTTTGCGAGGCTTTTCACTCAAAAGGTTCTTGGATTAGAGCCTACCTATAAGGAATTGAAACAAGAAGAGGATTGGCGGGCATTAGTTGAGATAATGAGATTAGAGCCTACCTATAAGGAATTGAAACCAATTGCTATACCTAAAATCAAATCAGTTGCTCTCAGATTAGAGCCTACCTATAAGGAATTGAAACCCATAATTTGCCCCTTTCAACAATCAATCCATTCAGATTAGAGCCTACCTATAAGGAATTGAAACTTCGAAATTCATTTTTTTGACTATTGAAATATAAACGATTAGAGCCTACCTATAAGGAATTGAAACATCTTCTCTACCATCCTATTCTCATATATTTCCGCATAAGATTAGAGCCTACCTATAAGGAATTGAAACCTGGGAGTTTAAGGGTTATGAAACAGAACAGCCATAGATTAGAGCCTACCTATAAGGAATTGAAACTCTTAATTCTCAAACCAAATGTGAATTTCGCTGGGAGATTAGAGCCTACCTATAAGGAATTGAAACAAACCCAACTCATCGCAAATCACCATCCACCTCGCCAGATTAGAGCCTACCTATAAGGAATTGAAACTAAATCATTAATAATCAAGAGGTTAAAAATGAAGAAAGATTAGAGCCTACCTATAAGGAATTGAAACTTTGTCAGAAAGAGCAGGGCGAATTACTTCGAACCAGGATTAGAGCCTACCTATAAGGAATTGAAACCCCCGCCAGAAGCATATATTTCGTGACCGTGTGCAATGATTAGAGCCTACCTATAAGGAATTGAAACATCAAAATATTTGCAGTTTGATGTATAAGGGTTTCAGATTAGAGCCTACCTATAAGGAATTGAAACATATTTTTCTTTTCTTTTCTTTCTTTCTTTAATAAGATTAGAGCCTACCTATAAGGAATTGAAACGAAGTAAAAAGTTACGATTTGCCTCGTATTGCAGAGAAAGATTAGAGCCTACCTATAAGGAATTGAAACATTCTTGTTTTTATTTTTGAACGAAACAAAGTAATAAGATTAGAGCCTACCTATAAGGAATTGAAACTTGCATAACTATGAAACTTTTTTAAAATCATTTAAAGATTAGAGCCTACCTATAAGGAATTGAAACGCGATGGAATACAACAGAATTATAAACGAACTAAATGGATTAGAGCCTACCTATAAGGAATTGAAACTTATTTTTGCAATTGAATGAAAATTGAGGTGCAAAAGATTAGAGCCTACCTATAAGGAATTGAAACTCTGTTAAAGCCCGCCGTGTATAATCAAAAAATTTGATTAGAGCCTACCTATAAGGAATTGAAACAAAGCAAAAGGCTCTATTTTACTGCTGTTGACGATTTGATTAGAGCCTACCTATAAGGAATTGAAACGAGTTTACGAGTGAAATGCAGGCGAGATTAGAGGCGGATTAGAGCCTACCTATAAGGAATTGAAACTTCAGGAACCGTAATTTGCGAAAGCGGAGCAAGAAGATTAGAGCCTACCTATAAGGAATTGAAACAAAAATCTGACGTAACTTCTGCAAAATGAACAAAATTGATTAGAGCCTACCTATAAGGAATTGAAACACAGAAAAGTTTCGAATTCTTTTCGAAGTTTATCGAGATTAGAGCCTACCTATAAGGAATTGAAACACCGTAAAAAGTTTCAAAAACTTATCGATTTGCTCGGATTAGAGCCTACCTATAAGGAATTGAAACTCCAAACTTACGGCGCTAAACATTGGCGGCGCCCATGATTAGAGCCTACCTATAAGGAATTGAAACTGTAAACTAAATTTTCGAAGGGGGAAAAATGAGCGAGAGATTAGAGC
CP058732.1_gap23	598932	602130	3198	CGCATAAACGCCAGGATTAGAGCCTACCTATAAGGAATTGAAACAAATCAAGAGAACTTAAGGGTTTGCCGACCGAAAGCGATTAGAGCCTACCTATAAGGAATTGAAACAAATATTATCTGGTGTTAACCCACCTGCCACAATGCGATTAGAGCCTACCTATAAGGAATTGAAACAGGCTAAACCGAAATCTCTTTCGCAAAGACATTATTTGATTAGAGCCTACCTATAAGGAATTGAAACGTGCAACAAAAGGCGGAGCCCCCGACATTGTTTGCGATTAGAGCCTACCTATAAGGAATTGAAACTTAATATTGAAAACAGAAAGTATATCTATGTTTCAGATTAGAGCCTACCTATAAGGAATTGAAACGATGATGATGAACCGTTTTGATGTGGCTAATATTCGGATTAGAGCCTACCTATAAGGAATTGAAACAAATATCTTGTATCATCGCCCGCTCTGTTGTCAACCGGATTAGAGCCTACCTATAAGGAATTGAAACAGGTGATGAATTCGTAACGTTTTTCCAATAGTTCCCAGATTAGAGCCTACCTATAAGGAATTGAAACAGGTGATGAATTCGTAACGTTTTTCCAATAGTTCCCAGATTAGAGCCTACCTATAAGGAATTGAAACGCAAATCTGATTTGGATGTGAAATTTTTCAATGAAAGATTAGAGCCTACCTATAAGGAATTGAAACTTTTTGTGATTTTTTCTGCTTTTATAAATATGCCTTGATTAGAGCCTACCTATAAGGAATTGAAACAAATATCTCCGTTCATTTTTTTACCCTCCTTTTATTTGATTAGAGCCTACCTATAAGGAATTGAAACTACATTTTAAAATAGAATTTACTTTTATAACTGTTAGATTAGAGCCTACCTATAAGGAATTGAAACTAAATCGACGACTCTAATCGCTCTTGCTTCTCTTTTGATTAGAGCCTACCTATAAGGAATTGAAACCTGTCAAACAATTTGAACACACTCGGAATATTTTGGGATTAGAGCCTACCTATAAGGAATTGAAACTTTACCAACGAGTGGAGTAGCAGTAGGACAAAAGTTGATTAGAGCCTACCTATAAGGAATTGAAACCTATTCCACCATACAAATAAATACCAGGGTCAATTGGATTAGAGCCTACCTATAAGGAATTGAAACCTTTCATAAATTCTTAAAAAGTTTTTGCCAATTATTGGATTAGAGCCTACCTATAAGGAATTGAAACACTTCTCAAATTCTAAATCAAATGGCGGGTCAGTTAATGATTAGAGCCTACCTATAAGGAATTGAAACATTCCGAACTAATCTTTTCTCTAAACGCCATATAATGGATTAGAGCCTACCTATAAGGAATTGAAACGCAGAAATGTTCTCCCCAGCAATTGCCGTAAAACTCTGATTAGAGCCTACCTATAAGGAATTGAAACTAATTTAAGGTCGCAAAATACCCAATTCCAACGCCGTGATTAGAGCCTACCTATAAGGAATTGAAACTATCTTTTGTAAATTTTTTAATCATCTTATCCTCTCCAGATTAGAGCCTACCTATAAGGAATTGAAACTTGATAAAAATGAAAGAGCGTTGCTTTTTATCCCATGATTAGAGCCTACCTATAAGGAATTGAAACTTTACCAACGAGTGGAGTAGCAGTAGGACAAAAGTTGATTAGAGCCTACCTATAAGGAATTGAAACAAAAATTAAGAGGTGCATAATGGCAACGCTATATTCTGATTAGAGCCTACCTATAAGGAATTGAAACGAAAAATTCCAATACAGCACTGGCACCCGCTTGCTAGATTAGAGCCTACCTATAAGGAATTGAAACATTGGTATTCTTCATTTGCTTGTGTGCAAGGTTCGGGATTAGAGCCTACCTATAAGGAATTGAAACTTGATAAAAATGAAAGAGCGTTGCTTTTTATCCCATGATTAGAGCCTACCTATAAGGAATTGAAACTTTACCAACGAGTGGAGTAGCAGTAGGACAAAAGTTGATTAGAGCCTACCTATAAGGAATTGAAACAATTAATGAGGCTCGACAATGGAAAATAGATGGCGTGATTAGAGCCTACCTATAAGGAATTGAAACGAAGGATGGAAAATGCAAATAAAAATTACATAGTTAGATTAGAGCCTACCTATAAGGAATTGAAACTTTGCTCCTCTCGACGCTCAAACTCATATTTCTGAATGGATTAGAGCCTACCTATAAGGAATTGAAACAAATCCCATATCTACCGTATCGTTCTGCTGGATTAATGATTAGAGCCTACCTATAAGGAATTGAAACATTTGTGAAAATTGCAATGGGAAAGGTTGGGTGTTAGATTAGAGCCTACCTATAAGGAATTGAAACAAATCATTTAAACGCTTGTAAAATCGAGGTTTTAGTGATTAGAGCCTACCTATAAGGAATTGAAACCTTTGAAGGTGTTAGTATATTTTTGCAACGTTTAGAGATTAGAGCCTACCTATAAGGAATTGAAATCCCAAAATGTTAGGAAAGTGTTAGGTGCAAAAATTCGATTAGAGCCTACCTATAAGGAATTGAAATCCACCACACCCGTGCTCAAATCTTTTGTAATAAAGTGATTAGAGCCTACCTATAAGGAATTGAAATTTCACAGTCTGGAAATAAGCCTTCTTTTGTTCTTTATGATTAGAGCCTACCTATAAGGAATTGAAATATGATTGCGATTTCCACATTTTAATACTCTTTTGGGATTAGAGCCTACCTATAAGGAATTGAAATCACCAAAACTCGCTACACCTTGCAATAGAGGCATAAGATTAGAGCCTACCTATAAGGAATTGAAATACAAGATAAACCTCTAATTCGAACCCCTCTTTGAAGATTAGAGCCTACCTATAAGGAATTGAAATTTGGACACCCGAAACATATACCCAACTCGATACAAGGATTAGAGCCTACCTATAAGGAATTGAAATTTATTTCCTGTAATTTTTGCAGTAAAAATTCCTGTATGGATTGGAGCCTACCTATAAGGAATTGAAATTTTTTCTCAACAATTTGGTGGATTGCAACCAACAGAGATTAGAGCCTACCTATAAGGAATTGAAATCCTTTTAGAAATGAATGAACTGAACGCCGTTGCAAGGATTAGAGCCTACCTATAAGGAATTGAAATCCAGTTAACCTCAATTTGTCTCTTGGACTTTTGGAT
CP058732.1_gap24	604037	604854	817	TGCTTCAAGAAATGCTGGATTAGAGCCTACCTATAAGGAATTGAAACATTCTTCTTCTGGCAACACAAGACGGAACATCTCATTGGATTAGAGCCTACCTATAAGGAATTGAAACAGGAAAAATGAAAATAATTATCACCGACTGGACTGAGATTAGAGCCTACCTATAAGGAATTGAAATCCCCAAGGCACCCGTCCATAGATGATAGCAAGAAAGATTAGAGCCTACCTATAAGGAATTGAAATACAATCCTTGCGAATAGTGTCTATCAATTTATCGCGATTAGAGCCTACCTATAAGGAATTGAAATACTGGGGAAAGATTAGAAAGGCTTGTGCATGCAAAGAGATTAGAGCCTACCTATAAGGAATTGAAATTCTTTTCACCCTCGCAAAACATATATAGTCAAATCCAGATTAGAGCCTACCTATAAGGAATTGAAATTCGCTCTTTGGCTCGGCTTCCATCTATTAGTCCCACGATTAGAGCCTACCTATAAGGAATTGAAATTTTAGTCGACGTTTCGGTGAATACAACGTTTCATACGATTAGAGCCTACCTATAAGGAATTGAAATACTCTTCTAAAACCCTGCAACCATCCTTGTTTTTGTGATTAGAGCCTACCTATAAGGAATTGAAATTCTTTTCACCCTCGCAAAACATATATAGTCAAATCCGATTAGAGCCTACCTATAAGGAATTGAAATGATTTTGAAACTGCTTTCGGATAGCGATTAGCGAAGAGATTAGAGCCTACCTATAAGGAATTGAAATATTGGATTTCAGACGCTTTCGATAAAATCGTACAAACGATT
CP058732.1_gap25	621570	623587	2017	GAAACGGAAACCACCAAGCGAATTCCCTACGCTTTTATGCTGGTTCTCGACCACAGTGGTTCAATGGGAGACGACCGTGCATACGAAATTCAAGAATCAGCACACAATTTCATCCAAAACAAACACCCCGAGGACTTAATTGGTGTCATTAAATACGACCATCGAGTAGCGGTGGAAGTCCCGCTGACCAGTTCAAAGGAATATGCTTCTTCGCAATTAGTTGTCAATGGTTTAGGTTATTATGGAGGATGGACTGCTATTTCCGACGCAATAGTTGCTGGAATTAACGAATTGAACAAAGTGAGCCCTTCATACCAAAAAGTCATCATCGTTTTTACCGACGGCTGGGACAATTCCTCCCACTATTATCCTTACGATGTAATAAATTACGCTATCCAAAACAATGTCTCAATCTGTGGAATAGATTTTGGATATAACATTAACGAAGGATTTATGGAGTATTACGCAAGAAAAACTGGTGGCATTTACAAGCACATTTACTCTAAATATGAATTTAATTTAGTCTTCAACGATATTGCGAAAAGATACGAAAAATACTATTACGCCGACATAGAATTGCCAATCTATGGTCAACAATTCTTTGTTGTGAAGTATTGTACAGACTACGCTGTGCTCGAAGATACAATATTAATTGAAACTGATGTGGACACGGGAAAAGTTTATACTCTAAAAGTCTATTTCGACTTCGATAAGTACAATCTAAAACCCGAGTCTTATACTGCTATCAAAAGCATAGCCAGAATGATGAAGAAGTTCCCAACAATGGTAATTGAAATTTCGGGACATACAGATTCAATCAACCGTTCCAACGACCCGAATTACAACAAAAATTTATCGCAAAAAAGAGCAGACGAGGTAAAAAAAGCCATTGTAAAAGAAGGTATCGACCCATCGAGAATAATTGCAATTGGGTATGGCGAAACCCGTCCTATCGCAGACAACTCGACGGAGGAAGGTCGAGCGAAGAACCGCCGTACAGAATTCCGAATTATCAAATGGCAAAGATAGGCAAACAGAATAATATTCCCAAGATAGGTCTTTTCGAGTAACAAAAAGCATTTATTTTTGTTAATTTGCTTTTTAGAGTAATTTTTTTCCCAGAGGTGGGTTTCAGAAAAGAAATCATATATTTTATACTCTTTTTCTTTGCGTCGTTAACCTATGCAAAAGATATTGTTATCTCTCGCAATTTTGTACTTTTCACTTCACAGAACCTTAATGGCTATCTGAAACCAATTTTCACTTCCTTAAACCAAAGTTTGAATAACGCTCTTTTTGGCACAAGCAACTTGGATGGCAAGTTTAAAGTATCACTTAACTTGGCATTTTCATCATTGCTTATCCCCGAAGAGCAAAAATGGTTCGACGCCGAAGTACCCGAAGGCTTTTTCGACACAAGTGCTACACTTACATCCCAAATCCGAAATGGCGAAATTGTTTCGTTTCTGGTAAAGCCAAATAAACAGCCAACAATTTACGGTGGTAGTTCTGTACCTATTTTTGCAGCACCACAAAACCATAAATATCCCGATTCGGTTTACAAAACAATTGCCTACCCCGAAGGTCTACACTTGAATTTAATGATTGGCTTGCCAGTTCTTCAACTTATTTTTGAAACACCCTTGAAAAATGAAATACGATTCCGTTTTTTTACAATGCCAATCCAAGGAGAAAGTTTCGTATACTTAACAATCGGTTTTAATCAAAGAATTGACCATCTCTTCGAAATCTTTGGATTTGACAAAAGAAAAAACATTTCTATTCATACAGCATTCCACAGAATGTACAGAGGAACAAGTTTTTCATTGACGAGTTATGCAATTGGTATTAATGTTTCAAACCAATTCAATGAACACTTAATTGGCTATCTTGGAGTTCAACACGAAAATTTGGATGGATACTTCAAAGCAATTAAGGATACAACTGGTTTAAACAATGACATCGTCAACAGCCCATTTCTTGAACTGCGGGAGGCTCGTCCTGTTGCAATTTCTTT
CP058732.1_gap26	684741	687126	2385	TACCTCTTGTTTTTTTCCCAATACTTAATATTTCCAACGCCAATCAAGTATCGATAAATTACTTCAATTCCACAATTTTCCTCTTTCTCGGCGGGTTTATAATTTCAATTGCAATTGAAAAAACGGGTTTGCACCGTAAAATTGCCTTAAATCTTTTGAAACTACTTGGTCAAACCAAAGATGGCATTTTCCTTGCTTTTGCTCTTTCCTCCTGGTTCTTGTCAATGTTTATTTCAAACACCGCTACTGCATTAATTATGCTCCCAATCGCAATCTCTATAACTAACAACCTTGCCAGTGAGTTACCAGAGGTATTTAAAAATAGATTTTCAAAAGCAATACTTTTCGGAATTGCTTACTCTTGCTCAATTGGCGGTATAGCCACTTTAATTGGAACCCCACCCAATTTGATATTTCACAAAATTTATTCCATAAATTTCCCAAACCTACCCGAAATTACTTTTTCCAAATGGCTTTCAATTGCCTTACCACTTTCCTTTATTCTTTTGCTTTTTGAATATCTTTTACTTCGAGTTATATTTTTTTGGAATTTACCGAATAAAATTGTTAACTCCAATGTTTTAAAGAACGAAATTAGCAATCGGCTTAAACTTACAACAAGCCAAGCAATTACATTAGTTGTTTTTGTTGCAACTTGTTTGCTTTGGATTTTCCGAACCACAATCGATTTGGGTTTTCTTGTTATTCCAGGATGGGCTGATTTACTGGGACTATCGAAATTTGTGGATGATTCAACAGTTTCAATTTTTTCAGCACTTTTGCTTTTCATTTTACCCAATGATTTTCAATCGAAAGCAAGAATTTTGCAAATCGATGATTTGAAAAAAGTTCCGTGGGATATTATTTTACTCTTTGGCGGTGGTTTTGCTATTGCCAACGGTTTCGAAATTACTGGGCTTTCCGATTATCTTGCTCAAGCATTGGTCGGATATACCCATTTGTCTGGGTTTTTAATCATTCTGCTCGTTTGCATCATTATTGTAGCAACAACTGAATTTTCTTCGAACACAGCGGTTGCCTCGACTTTCCTTCCGATTGTTGCTTCGATTTCCCAAGTGCTTGGAATTCCACCAATCAAAATTATGATACCCGCTACAATTTCCTCCTCGCTTGCCTTTATGCTTCCGATATCAACCCCACCAAATGCAATTGTTTTTAGCACTGGAAAATTGAAAATTTCGGAAATGGCAGTAGTCGGGATTACACTCAATATCATTGGAATATTAGTTGTGGCAATTTACTTCCATTTTCTTTTTTAGTTCTTTGAAGTGGATAAATATTTAATTCTCTTCTGTTAAGAAGAAGTATCAAAGTTGCAATTAAATCGACCAACTACATTCTTAATTTAGATATAAATTCTTCGATTTCTGGAATCCCACCTTGAAAGATAAGATATGCATTGGTTGGTTCTCTTTCGGTAATTTCACCAGCAATCGGTGTTAACATAATTTCTTTGACTTGCTCTGGGTTTGTGGTCTGCCCAAGCGTCCAGCAAAGTTTCATATATGCAGTTTCTGGAAGCATATTTTCTGCAGGCACAACTCCGAGCGACATAATTTCCCGACCAGTTTCGTAAACATACATTTGAACATAGCCCCAAAGCGTTTGAACTGTCATAAGAATGAAAATGCCCTTCTCGTGGGCTTTTTTTAAAGCGGGATACAACTGGTTATTGACGTGTCCCAAACCACTACCAGCGATAACTATTCCTTTATAACCATTATCTATTAATGCCTCGATGACGTCGGGCTTCATATTTGGATAATGATAAATCAATGCGACCTTTTCTTCGAATGTAATTTTTGCGTTAAAGGCTCTATCTTTGCGTCTTCGATTGTAATCTTTTCGTAACGGGGTGATTTTCTCCTTGCTTACAAGAGCAAGCGGAATATCCCCAATTGTTCGGAAAGTCGAACGATGGGAAGAATGCATTTTCCTAACTCTTGTGCCTCTATGCAACAAACCATAGGAATCGGAAACGGGACCAACAGCACAGACCGTAACCTCGGCAATGTCCGATTCGGAAGCGGTTTTGACGCTATAAATTAAATTTAAAGGAGCATCCGAGGCGGGTCGGTCGCTCGAACGTTGCGAACCAACCATAACAATGGGTATTGGCGGGTTTTGAATCATAAATGAAAGCAAGGAAGAAGTGAAATGCATTGTATCGGTACCGTGGGCAATAACAATTCCATGATAACCAGCCTCGATATCTCTTGCTACTGCGTTGGCAATTCCAATCCATTCCTTCGGACCAATATCCTCGCTCAACACGCTGTAAAGTTTTTCAGTGTGAAGATTACAAAAGTTGGTAATTTCTGGAATAAATTCGTAAAGTTCTTCTGGTTCAAAGGCTGGCACGAC
CP058732.1_gap27	831170	835763	4593	TTATATGCAAGGTAACATCGGCAAAGTCAATAGATTTTGATTTGAGATTTTGAATAACATCATCGGTGAAATGGAATCCAGCCGTAGGAGCAGCAACCGAGCCTGGTTGCCGTCCGTAAATTGTCTGATATCGAGTTCTATCTAACTCTTCGGCTTCTCGTTTGATGTATGGTGGAAGCGGTGTTTTTGCAATTCTATCGAGCACTTCTTCGAAAGTTAATTTTGAACTGCTATTGTTTGAAATTTCTTTCCAATCCAAAGATACTGTGTAACAATCTTGATTTTTGGAAAGTACATCAACGTAAAGTACCAAATTTTCCTTTGAGAATTGTTTTGAAAGGCGAACGTTCGGCTTTATTTTCCTTCCCTTGATTAGCGCTTCAAAAACATTTGCTTGTTGTTTTTTGTTTGAAAGTAGGAGAACTTCGACGGTGCCTCCATTTGGCTTTTCGACGAATATTCGGGCTGGAATTACTTTTGTAACATTTCTTAAAAGCAAACTGCCTTCGGGTATAAAGTTTGGTAGTTCGTAGAATTTGTGATGGGAAATTGTTCGATTTTTATGGTAAACAAGAAGATTGCTTTCATCACGCTTTTCCAAGGGATATTGCGCAATTTTTTCCTCTGGAAGATTGTAATCAAATTGGTTTAACGAGAACTCGACCATCAACTTATGTCTTTCCTTCTTTAATTAATCATTAAAATATAACGAACAAGCAATGAAAAAAATGGATTAATTTTGTAGTTTTATGTCATTACAATATTTAGATTAATGGACAAAGATTTACTTTCGTTTGTTATTCCAGTTTACAACGAAGAAGAAAGGATAGTTGCTACTTTGGAAAAGGTCTGGAACTATTTCACTGCCAACAATTATAATTTTGAAATAGTAGTTGTAGACGATGGCTCGACCGACAAGACATTGGAAAAGTTAAATCATTACAGCGATAAAATTAAAATAATCAGTTACAATCCCAATCGGGGCAAAGGCGCAGCGGTAAGAACTGGAATGCTGAAAGCAAAAGGCAAATTTCGGGTATTTTCGGACGCTGACCTTTCGACCCCAATTTACGAAATAGAAAAACTGCTCGATAAGTTGACATCTGGTGCGGATGTGTGCATTGGAAGCCGTGCGCTCGACCCCTCGCTTATAAAGGAGCACCAACCCTTCTACCGTGAATTTATGGGAAAGACTTTCAATAAATTCGTTCAACTTATTGTCTTTCGTGGTATTGAAGATACCCAATGTGGTTTCAAAGGATTTACGGACAAAGCCGCCGAAATGGTCTTTTCAAAATCCAAAATCGATGGTTTCAGTTTTGATGTTGAAATTCTCTATCTTGCCAAAAAGGCTGGATTAAAAATTGAACAAGTTCCAGTCGAGTGGTACAATGACAAAAGAACAAAGGTTAACCCATTGAGAGATTCAATAAATATGTTTATTGAATTATTTAAAATCAAAAAACTTCATTCCAATACTGAATTTGAATAGGATGGGAATAAATTTTATTGCTATAAAGCACAGATTTCAAGAAACTTGGGAACGCAATCTATTATTTCTGGCTCTGTCGCAATTCATTGCAATGATGGGAATGAATGCTTGCGTTCCTTTCCTCCCACTGTATATAAGGGAACTTGGAGTAGTTGGCGAATCGGCACAAAGGTTTTGGAGCGGTTTGGTGTTCGCTGGACCATACTTCTTGTCTATTATATTTGTACCAATTTGGGGCAATCTTGGCGACAGATATGGCAAGAAATTAATGATTATCCGAGCGATTTTCGGCTTGGCTCTTGCAATGTTTCTTATGGGATTTGCAAAAAATGTTTGGCAATTGTTTCTTCTTCGAGTTTTCCAGGGCGCATCAAGTGGATTTATTGCCGCAAATCTTGGCTTTGCCGTTGCAAACACACCAGAAGATAAAAAAGGCTCTGCTGTTGGTTTCCTACAAAGTTCACAATCGGCTGGGGCATTGACTGGACCATTGCTGGGCGGTTTCATTTCCGATATTTTTGGCTTTCGGGAAGTTTTCTTTGTTGTTGCCGCCTTGTGTTTAGTGAGTGCAATTCTTATAATTTTTTTTGTAAAAGAAATAAACAAAACAAAGGAAAACCAAGAAGAATGCATTATCGATATCCTAAAATTAGTTGTCAGAAGGAAGGATTACCGCAATGCCCTAATTATGATTGTGATTGGTCAAGTTGGAATTTTTCTCACTTTTCCAATTATCCCCTACTATCTTGAACAATTGAATGTACCAAAAGAGATAATAAGTTCTGCTACTGGTATAGCAATAGGCATTACAAGCGCCTTTAATATTATATTCGCTCCGATTTGGGGTCGTTGGGCAGACAAAACGCCAATTACTCGACTTTTGAAGAGAAGTGTAATCATATTAAGCATTGGAATGTTTCTCCATTCTATTGCCTTCAATTATCTATTAATTTACCCGATACGAATAGTACTCGGCATCTCGATTGCGGGGCTTGTCCCCTTGTTGTATTCTTACCTTGGTAAAATTGCCGAGCCAGTAAGAATAGGAAGTATTATGGGCTTTGCCTCTTCGGCTACTCTTTTTGGTTCACTGCTTGCATATCTTGGCTCGGCTTTTGTTGCCCCATTAATAGAATTGGAATGGCTATTTGTGATTTCAAGCGGGATTTTACTTTCGATATTGTTCTTTATTAAGTCAAATTCGAAAGATTCCGAGAAATAATTTTAGAAACGACGTCAACCAAGCGAATTACTTTCGGGTAATTCATCCTTTTTGGACCAAGCAAGCCAATGTATCCAACAGAACTTGTTACCCAATAGGGCGAAGCAATAATTGAAAAATCGAACAGCAATTCGTTGTCCGTTTCGCTACCAATAAGAATCTTTATTGAAGAATTATCATCGTTGTAAAATTTTTGGAGAACATTCAAGATTAAATTCGAGTTTTCAAGCAAGGTAATCATTCTTTGGATGTAGTCGGGTTGTTGAAATTCTGGATATTGCAAAAGATTCTTTGCCCCAGAAATAAGCGTTCGCTCTTGTTCCAAAATATTATTGTAAATTTTATCGAAAAAGTTCACAAATAATTGAATCACTGGCGATTCTCTCAACTCTGGTGTTTCAATTAAATCGTAAAAGTTTTCGTAAACAAAACGCAAAGGTTTGCCAGCAATTTTTTCATTGACATAACGAACAACAGAATCAATCTCATCTTCAACTATGTCAAAATCTGCTTCAATGGTTAATGTTTCGACAAAATTTGAGTTTAAAGCAAGAACAAACAACAATCGGTTTGAAGATAGAGGCAAAATTTCAAGTTTTTGAATTGTGATGTTTTGTATCTCGGGAATAACAATAATGCTTAAATATTTTGAAAGAAATCCCAAAACTTTAGAAGCAGTCCTCAAAAGTTCTTCAACATTGCTTGTATCAATTTTCTTCAACTCTTCTTCGATTTTTTGAATTTCTCGCTCGGTAGGTTTGACTTTTGGTAAAATTGAATCAATGTAAAATCGATAACCTTTGTCGGTTGGGATTCTACCAGAAGAAACGTGGGTCTGTTGCAAAAAATCTTGCTCCTCGAGTTCACACATAATATTGCGAATTGATGCTGGACTTAAATTCAATTTGTTTTCCAAATATTTAGCAACGAGCCGAGAGCCAACTGGCTGTGCTGTCGAAATGTGCAATTGCACAATCGTTCGAAGCACGAGTTGTTCCCGCTCGTGCAAAGTAACCGTCGACTCTTTCGATTTTATCCTATATAAATTTGGTTTCATCGCAAAAAAATAATATATTAATCCTTTAAAAAAGACAAAAAATAGCAAAAAATATTTTGTTTTAATGGGATTGGAGAAAATGAAAAGAATTGCAATTATGCTTGCTGGGGGAAGCGGTGAAAGGTTTTGGCCAGTAAGTCGTGTAACAAGACCAAAGCAATTGCTTCCGCTTAATTCTGAAAAAACATTGATAGAGGAAGCAGTCGAAAGAGTTGCAAATTTTATCGATACCGAAGACATATTTGTATTTACAAATCATATAACTCTTGAAAATATAAGAAAAGTTTTGTCCAATCTACCAAAGGAAAATATTATTTCCGAACCAATGAAAAGAAATACAGCACCCGCTCTTGCCTATGCTACAAGTTATATACTTGCGAAATATGAAAAAAATTTTAGTCCAAGCGAAATCGTTTGCGGTGTTTTCACTTCCGACCAAAAAATTGAACCTTTGAGCCAATTTAAAAAAACAGTAGAGATTGCTTTCGATTATGTGTCGAAGAACCCAAAAATTGCAACTATTGGCATTGTTCCAACTCGGCCAGATACTGCTTTTGGATACATTGAAATCGATAATCAACAAAGCACTGGAAATGAATTTGTTTACAAAGTTAAAGCATTCAAAGAGAAACCCGATGTTGAAACAGCAAAGAGATATGTTGAATCTGGAAATTATTTCTGGAACAGTGGGATGTTCTTCTGGCGTGTGGACACATTTCTAACTGAATCCGAAAAATATATGCCAGAGATTTTTTCTAAAATCGACCCAATAAAGAAAATATTCATAGAAATTGATTGTAGCAATATTGAATCGAAAACAAA
CP058732.1_gap28	841479	842852	1373	TTTGAAGTTCATTCCCGCAACCAAACCATCATTCATTCTCTTGGCTATCTTCCTCGAATTCACAATGTTGTCGATGCTTTCGATTACCCTAATTTATACAGAAGAAGAAGAAAGAATGGACAGAATGCTGAAGAAGATGGAAGATGCAAACAAAAGCCAATTGGAAGCATTGCGAAGCCAGCAATATGATATACATCAATTAACATCAGTTCTGGTTGGACAATCCGCCGAGATTATTAAGTCCCGTGTTGAAAAGGCAATTTCCGAATACTTAACAAGTGACGACCACGTGAAACGAATGATTGCAGAAGAAATCAGCCAGAAGATATTAATTGGTTTGAAAGAATCTTTCTTAAACCAAGAAGAAAAGTAAGAAAATAATCAAATTTAGATTGAAAACCAGGTGTCCCAATTTTGGGGCACCTTATTTTTTAAATCATTCAGTAAACAAACCGACTATATTCTCTGGTTGAATATTGGCTTGTGCATTTAATGCTTCCTCTTTAAATTTTGGTTTTCTCAACTCTTCAAGTTCTTTCAACGCTTCCTCAAAAGTTTTAATTTCTTTAAATCGAGATTGACTTAGTGGATGATTATTCTCCACTTGGTTTTTATTCTCCAAGTATTTTAGTGCAATTTCGACAACACTTCGCTGCCAATCAGTCAACTCGAGTATGTCTTTAGATTTTTGTTTCTCTTCGACACTTGGTACATCTTGCCTTTTAATCTGCTTCAATCCAAGATTTTCAATTTTATCGAATGAATTTTTAATTGATTTAACTTCCATCTTCCCCCTCTTGTTTTTTAAAAATATTATTTGTATTTTGCTTTTGGTAATTGAATTTTTTTTAAAAAAGGGTAAAAGTGCAAAATTTATACCAAAATAAACTTTTCTGGATTGTAAAAAATCAAATGGAGGTCCTATGAAGTATTTCTTACCTATCTTGTTAATATTTCTGCTTCTTTCTTGTTCAACATCCGAGGACCAATTATCAACTGAAGAAGAAGTCAAAGAAAAGGAGCGAATTGTCGAGGTATTAAAAGCCTACAACAAAGCCTATGAAAAGAAGAATTTCAGCGAAATGGTCCGCTATCTTGCGAACGACTTGACATTTTTCGGAAGCGATAGTGGCGAAACTGTGAAATCCCTTTCCGAATTCAAAATTGCCATCGAGAAACAATGGCAAGAAGTTGATTCAATGAAGTACGGCGATATGGTCGATGTCTACATTCTGATGGATTCGAAAGGGAAGATTGCCTCGGCAATCTATGGTGTTCCGCTTCAAATGTGGTCAAACGGGAAAAGTGTAAACTTGTTCTTGCGTGTAGCACGAACACTTAAAAAGGAAGGTGGAAACTGGGTAATTGCAAGT
CP058732.1_gap29	879362	883791	4429	GAATTTCGTTAAGGTTTTCGAAAAGTTCCCTGAATCGTTTCTCATTCTTTTCCAATTCCTTTTCAATTTGATATTTATCTGTTACGTCAACGATAATTCCATCAATAAGAACCTCCCCAGTCTCTTGATTAAATAAAGAACGTCCATAATCATTTACGAAAATTCGTCTTCCATCCTTGGTAATCAATTCTGTCTCAACTTTAACCAGATTTTGCTTCTCTTGAGAGTGTTGTTGAAGCACTTCATTTCTCTTTTCCCTTGTCTTGTAAAATTCTATTGCAGAGACACGTTTCAATTCTTCAACATCTTTGCAACCAAGGATTCTTGCCAAGGTTCGATTCGCAATTATAAAATTCCCATCAAGAGTAGTACGATAAACGCCAACGGGAAGATTGTCAATGAAGTTCCAATAGTTCTCCTCGCTCTTTTTTAATTCTTTCTCGAAAACCTTTCTTTTTTCAATTTCCTCGGCAAGTTTTTTGTTTGCTTCCTGCAAATCCACAATAGTCTTTGCCAATTCTTCCGTTTTTTCTTTAACTTTATTATCCAACTGTAAGTTTAATTCATTCAACTGGTCGATTAAATTTTGTAATTCTGTGATATCGGTAACCAAACCTGCTATTAAATAATCACCATCCACTAAATCTATTTTGAAGAGCCTTTGAATGAAATGATAGGTCTTGTTCCCTTTTATAAATTTGCCTTTAAAAACCTTAGGAAATTTAGAAATGTCGCCATTAGTCAGAATCTCAATAATTTTATTTTTTAAATAATTTTTTCTTTCCTCTGGTAACCTTTTTACTGTTGGGATTTTAAAGAAACCCTCCAAAATTGTTGTTTCCAAAATTTCTTTTTTATCAATATCAAAAAAATTTAAAAATGCATTGTTACAACTCACGATATATCCATCTTTGTTAACAAAAACAACGGCAGTGTCCATAACATCGAGTAATGCTTGATACATAGCCTCGGTTCGACTTTTGGGCGTAGATTTATTAATAAAAATTAAAAGCCCCGGTTCATCTAAGAAAGTGGCATCCTTGCAAAAAATTTCAACTGTACCCTCAACTGCATTAAGTTCGTTTGTTCTAAAATAAGTTTCGCCTGTTTCCAAGAACTTTTTGTCATTTTCAATTTCGTTTCGAAGCGGCAAATAATCAAAAAGATTAGGATTTGTAGAACTGGAAATATTTAAAATTTCTTTTGCCCCATTATTTGCAAATAGTATCTCTCCTTGGTAGTTGGCAAAAATAATTCCAATAGAAGACAAATCAGAAATGCTATCAAAAATTGACTTTTGTTTTATACAGGAATTTAACTCTTCCTTAATAACTTTCGAAGAAAAATAATGAAAAGAAAATGTAAATAGTAGTATTATTGTCAAAAGGAAAGGAGTTGAAAATAGAAAAGAATAATTCAAAGGCGTTTGCTTTAATATTTGGTCGAACAAAGATACAAGTGACAACAATAAAGAGAAAATCAAAAGTATTGAAAAAAGCGACGAGTTGTAATTAAACTTTTTCATACCAACAATGAATTGATTGAAATAGAAAATTAAGAAATTTTTGTGAAAGGCAAATAGTTTATTGAAAATTCTTATTATTTTTGTATTTTTAAATGTTTTTATGAACAAATTTAAGGGGATAATTGAAAAGTTCAAACTTTACGCCTTCCAAACCACCCATCCGCGGGAAACAATCGGAACCTAAGTACAAAGTAAATAACGAAATTCGGGTCGAACAAGTTCGATTAATCGACGAGCAGGGGAAGATGATTGGTATTTACCCAACACGCGAAGCCTTGAAAATTGCCAGCGAAAGAGACTTGGATTTGGTGCTTATTGCCCCACAAGCCGACCCGCCAGTTGCTCGAATCATCGACTATGGTAAATTTATTTTTGAGCAGCAAAAGAAAGAAAAAGCCGAACGCAAAAAACAAGCCCAACAACAACTTAAAGAAATTCGCTTTAAATGGAGAACAGATACCCACGACTTCAACTTCAAAGTCCGACATGCGCGGGAATTCCTTCTCGAAGGCAACAAAGTTAAAGCCTCGGTCTTCTTTCGTGGACGCGAAATTATGCATCAAGAGGTTGGAGAAGAACTCCTTAATAGGTTTATCCAAGAATTAAGCGACATTAGCAAAATAGACCAATCACTTAAATCCGAAGGAAAAAGAATTTCTGTAATTTTAGCACCAGATAAAGCAAAAATCCAGCAATACGAGAAGCAAAAGAAACAGGAGAACCAATCATAAGGTTCTCCTCGAAAATCTACAAGATAAATTTTAATCTAATTTCCAACAAAATCTTTGTCGGAAATTCTTCGTTTAGAGTTTATACGAAGATATTGCTTTAACATATTGGACTCTTTCGTATTCGGTTGGGTTAGGTGTCTTTTCTTGCGACATAACACCTATCATCTGCTGGACGCTTTCGTATTCGTGTTCTTCCATCCATTCAATTAGTTCCTTTTCAAGTTGCAATAGGTAGAAAACACCATTTTTCAACAAAGCAGAACAAAGCATAGTAACATTTGCCCCGACAAGAAGCATTTTTACAACATCGTCGGAAGTATGTATTCCACTGGTTGCAGCAAAATCCATATTTATTTTATGCTTAAGAATTGCAATCCAACGCATTGGCAAACGGTTTGCGTGCGAAGTACTTAAATGAATTGACGGTCTTACCTCAAGATTATCCAAATCAACATCGGGTTGGTAAAACCGATTGAAAAGGACAAGAGCATTAGCACCAGTTGCCTCTATTTTTTTTGCAAAATTTGCAAAGTTCGAAAAGAATGGACTCAGCTTCACTGCTACTGGAATTTTTACCGCCGACCTCACGCTCTTGATTATTTCAAGATAAGTATTTTCAACTGTTTCTCCACTTTGATTCAAATCAGTTGGAATAAAGTAAATGTTCAACTCAAGAGCGTCTGCACCAGCCTCTTCAATCCTTCTTGCAAATTTAGTCCAACCACCAATTGTAGCACCGTTCAAACTACCTATAACTGGGATTGAAAGATTTTCCTTCGCCTTGCGAATCAATTCCAAATAATTATCTGTAACGAACCTATATTGGTCAAATTCGGGGAAATATGTTAGAGATTCGGCATAAGAATAGGTCCCTTGGGTTGTATAAAAATGCAAATCGTGTTGTTCAGCACGTAGTTGCTCTTCGAAAATTGAAGGAAGAACTACAGCAGCAGCGCCAGCATCCTCCAATTTCTTCAAGTTTTTTAAATCCTCAGTCAATGGCGAAGCAGAAGCAACCAACGGTGATTTTAATGTCATTCCAAGATATTTTGTTGTAATATCCATATATTCCTCATAAATTTTTGAAATGCTTATCCAAAAAAGTGGGCTGCCGTCCAAACGACAGCCCTTTTTGTAAAAGATAATATTTATCTAAAAATCTGTTCATTGGTTACCATTCGAACTAAATTTCATTTCAGCAAGATATTTATACTTTTCGTAACGTTTCTTAACATATTCTTGGGCTTCTTCTTGTAAATACTTTGCCAGTTGTGGTTTGCTTTGTGCAAGCATTCGAAAACGAATTTCAGTGTTCATATATTGACTAATCGGCAAACTAGGTTCTTTTGAATCAAGAATCAATGGATTCTTACCCTCTTTTGCAAGTTCTGGATTGTAGCGATATAGTATCCATTGTCCTGTATCAACAGCGAGTTTGTGTTGCTTCAATGGCTGGCTCATATCAATTCCGTGGGCAATGCAATGTGAATAGGCTATAATTATGGACGGACCCTCGTAAGCCTCTGCTTCAAGGAAGGCTTTCAATGTATGCTCATCTTTTGCTCCGAAAGCCACAGTTGCAACGTAAACATTACCGTAGCTCATTGCCATCCAGCCCAAATCTTTCTTGAATGCGGGTTTACCATTGGCGGCAAATTTGGCAACTGCTCCAAGAGGAGTGGCTTTCGAGGCTTGACCACCAGTGTTTGAATAAACTTCTGTATCAAGCACCAAAAGATTGACGTCTCTGCCCATTGCAATTACGTGGTCGAGCCCACCATAACCAATGTCGTATGCCCAACCATCACCACCAATAATCCAGACACTCTTCTTAACAAAATAATCGGCAATTGTAATTAATTTTTTAGCCTCTGGGGTATCGATTTCTTTTAACTTCTCAACAAGAATCTTAACACGTTGGCGTTGTTCGTAGATGTCGGATTCAGTCTTTTGCTTTGCATTGATTATTTCGTCAACAAGTTGTTCTCCGACATAGGAAGCAAGGCTTTTTAGCAAGTTGGTTGCAATTTCCTTTTGAATATCAATAGCAAGCCGAAAACCAAATCCAAATTCTGCATTATCTTCGAAAAGCGAATTCGACCAGGCGGGTCCTCTTCCATTTTCGTCCTTTGTCCAAGGCGTAGTCGGCAAATTTCCACCATAAATTGAAGAG
CP058732.1_gap30	955856	960713	4857	TTTTCGAAAATATCTTGAATCCGAAGGTTGGTATGATAATCTTGGAATAAATAAAGTTGGAACCATAGCCTATTTAAGCCCCGAGTATGGAATTAACGAAAGTTTCCCTAATTACTCTGGCGGTTTGGGTGTCCTTTCTGGCGACCATTTGAAAACAGCAAGCGACCTTGCCCTTCCGCTTGTCGGAATTGGATTACTCTACCAGCAAGGATATTTCAGACAGAAATTAACACAAAGTGGTTGGCAAAATGAACTCTACATTCCAAATGATTTTTATTCGCTACCATTGTTTATCCAAAGAGACAAAAACGGCGACCCATTGATTATCGATTTAGACTTTCCCGAGGGCAAGGTATATGCACAAGTATGGAGAATGGAAATTGGAAGGGTTCACCTTTTCTTGCTCGACACCAATATTGAAAAGAATACAAATCCAGTTTATCGGGATATAACAGACCAACTGTATGGTGGTACACGCGAAACACGCATTCAACAAGAAATTATTCTTGGAATTGGTGGAATTCGTGCATTGAAAGCAATCGGAATCGAGCCAGAAGTTTTGCACCTTAACGAAGGACACGCTGCCTTTGCTCTGTTCGAAAGAATCCGTCTGCTGATGAAAAAATTCCATATAGATTTTCGCTCTGCAAAGCAAATCGTTATCGGTTCATCAGTTTTCACGACACACACCCCCGTTCCCGCTGGCAATGAAGTCTTCGACCAAGATTTGGTGAAAAAATATTTTACCGAGTATGTCAAAGAACTTGGCATATCGATTGAAGAATTTCTTTCGCTCGGACAAATCAATCCATACAATACAACCGAAGGATTTTCAATGACTGTACTTGGCTTGAAACTTTCTTCCTATCGAAATGGAGTTAGTAAATTGCACGGCAAAGTTGCTCGTAGGATGTGGCACAGTTTGTGGAAAGATATACCAGAAGACGAAGTCCCAATCACTCACATTACAAATGGTATTCATACAATGACTTGGGTAGCGCGTGAATTTGCTGAACTTTACGATAGATATATGACACCGAGATGGAGAATCGAACCAGACAACCAGGAACTTTGGGATAAAATTGAAATGATTTCATCGGACGAACTCTGGCGCGAGAAACAGCGTCGGCGTGTTCGTCTTGTCCTTTTTGCACGAAATTATCTAAAGCAGAGGCAAAAAGGATTCCTTTCCCCCGAACAACTCAACAAAATCAATGAATATCTTAACCCAGATGCACTAACTATTGGCTTTGCAAGGCGATTTGCTCCATACAAACGCGCCACTTTGCTATTCCGTGATATGGATAGGTTGAAAGCAATACTAACCAATCCAGAAAGACCAGTGCAAATCATAATTGCTGGAAAAGCCCACCCACAGGATACCCAGGGGAAAGAAATGATACAAACAATCATACACAAAGTTCGTGCCTATGGGTTAGAACGTTATGTCGTGTTTCTCGAAGACTACGATATGGTCATAGCTCGACTTATGATAAAAGGTTGCGACGTTTGGTTGAACACGCCAATTCGCCCGCTCGAAGCCAGCGGTACAAGCGGAATGAAAGCCGCTTTGAACGGGACTGTAAATTTAAGTGTGCTCGACGGTTGGTGGGACGAAGCATTCGATGGTTCTAATGGTTTCGCTATCGGACACGGCGAGGAATATTCCAATTGGGAAGAGCAAGAAATCATCGAATCGAACTCACTTTACGACATACTCGAACAAGAAATTGTTCCTTTGTTCTACGAACGCTCGAAAATTAGCCGAATTCCAGAAAAATGGGTTGAATTTATGCGAAATTCAATCAAAACTGTGGCTGGCCAATTCTCTTGTTCACGTATGGTAAAAGAATACACTATGCGTTTCTATGTCCCAGCACTTCAAAATTACTACAAACTTACTGAAAACAATGCTCAAATAGCAAAAGAACTTAAAGATTGGAAAGACCACATCCGCCGAGAATGGCAGGGAGTTCAAATCCTTGATGTTTCTTTCAAAGATGAAGGTGAATTCTACGTCGGTAAACCAGTCAAAGTCTTTGCAAAAGTGAAACTTGGAAATCTTCGACCCGAAGATGTCGTTGTCCACGTCTACTATGGCTCGCTTGACCCCCACGGAGAGTTATATAATACTGCTTGGGAAACACTAAATTTAACAGCAGTTAACGGCGAGGAATACATTTACGAAGGCTCCTATTTTTGCTCTGGCACTGGTCAACAAGGTTTCACAATACGAGTTATGCCAAACCATCCATTGCTTGTCAATCCACAAGACTTATTCTGTCTTTGGGCAAATGGTAAATCCTAGGAGGTTTTTATGAAATTAACTAAACTTTTACTTTTTGTTCTTGCTATTTTGAGTCTCCAAAGTGGAATTTCCTTGGCACAAAACTGGGAATGGGCTGTCGGTGGCAAAGGGTACGACAGTTTCGACTATTCCAACGCTATCGCTGTTGACAATTCTGGCAATGTCTATATTGCTGGCTATTTCCAAAGCCCTTCTCTAACGTTCGGGACGAAAAAAATTGACAACCTTGGCAAAGAAGACATTTTCGTCGCAAAGTTCGACCCGCAAGGTAATTGCATTTGGAACTTGGGCTTTGGTGGAAGCGAAAACGACCGTGCAAATTGTATGACCATCGTAGGCAATTTCCTTGTCCTTGCTGGATATTTCGAAAGCAATCCCGCAAGTTTTGGTAATTTCAAAGCCTCTCCAATTGGTGGTTCTGATGTATTTATTGCTGTTATAAATACCAGCGATGGCAATGTTTTACAATTGAAAACATTCGGCGGCGAAGGATACGACGACCCAAATTACATTTACTTCGACCCGAGCGGCAATCTTTACATTGCTGGCGAATTTTCTGGCGATTACTTGGTTTTTGGCTCAGACACAGTCAAAAATTATAACTACGGGACAATTTACAAAGGTATGGGCGACGGCTTCCTTGTTAAATATTCTTCTAATGGAACACCACTTTGGGGTAAATCTTACGGCGGTGTTGCAAATGATAGAATAAACGCTTGCGTTGTTGACGACGAGGGAATGCTTTACATTTACGGAACATACAACAGCAACAAGATTGCCTTCACAGACACTATGTTCAACAAAGGCTACTCCGACATATTCCTTGCAAAATACGACGAAAAGAACAATAAATACATCTGGCAGATGGAATTGAGCGGTACCGACAAAGAATATCCTGCTTCGATAATTTTCGGACGAGACAAATATATTTATATCACTGGAGAATTCCAAAGCGACGAACTTCATTTCAAAGGAAATACTTTCACCAATCAAGGTAGTTACGACTTTTTCATCATCAAACTTGATAAGGATGGAAATATAGTCAAAGCACGTTCTTTTGGAAGTTACGCAGATGAATATGCAAAAAGAATTATTCAAAATTCCGACGGTTCGCTCTTTATTGGTGGTTACTTTGCCAGTTCGACACTAAATCTAGATAATATTACTTTAACGAACTCTGGAACAGATGCATACGCCGATATATTTGTTGCAAAATTTGATACCGACTTGAACCCAATCTGGGCACAAACTGCTGGCGGAAAAGGCGAAGACCAAAGTTTCGCTATCGCTGTCTTTGGAAATGACTTGGTTTACCAAACAGGAAACTTCTCCTCGAAAGAAATAGTTTTCAACAAAACCAAAATTTTCAACTATGGATATTCAAATGTTTTCCTGGCAAAGTTAAATCCAGATTTGCCATTAAATGTCGAAAACAATCAAGAACGGGATTTAATCGTCTTCCCGAATCCTACAACTGATTTTGTCAGGATTATATCTATGCAAAATCTTGCAAACGAAAAAGGAAAGATTTACAACACACTTGGAAAACTAATTGAGGAAGTAAATCTTGCCAATAACCAAATAGACTTAAGTCTTCTACCCTCGGGTTTTTACATTTTAAAAATCAAAGATAAAGTTTATAAATTACAAAAAATTTAGAATAGATTAATTAAATTTTTTGAACAATCCAAAATCTATGATTGAGTCTCTAAGGTTTTCTTTTTGGTGGAAGGGGAATGTACGTTGTTATTTATCAATCTGTATCCAAATGAGTTTTTGTGCAAACTTAAATCACTCTGCGAATCGCTTTCTTATTCATTTAACATAAATCCTATAATCAAGCCCATTTCATATTAGGAATTGTTCGGTCCTTTTCTTTTTTTGATTTAAATGAGTTCAACTTTAAAAACTTACTTTAATAATCCCTCAACCATAATTTTAAATTTTTTAAAATATAATTTATTTACAAAAATAATTCTAAATAATTCTTTAATAGTTTGTAGTATAATTTTTGTCAGAATTATTCAAAATGTATAATTTTTTTAATTTTTTTAAAATCTTTAATTTTGATATTTGAAATATATATAAAATTTTGTTCAAAAATTGGGAGCTAGTGAAATAGCAACTTACAATCAACCAACGCCACCTGTTCCAATTGAAAACACTGCAGGTGAATGGCATAATTACTTTCTTTGGAGTTACGTAAACGAGATTAAAAATCAAGGAATTATACCTTGGTCCAGCGATTTTGCTAAATATAATATCGAAATACTTCACAATAATTCGCTCATCACTCAAGAAGAAAAAAACAACCTTGATACTTTAGTCGACAAAGTCTTCGCCAGTTATAATTCATATGATGAAGCCAAGCAAGAAATTCAAGGCTTTGCAAATTACATTCTTGCTCAGAATCCAGGAAAAGTTACAGAAGCCATTTGTAATCTACGTATTAGTTCAGTTCAAATTTGGTATGAAAACAATGCCCCAAGTGCCAACCCCACCCAATTAGGTATTTCAATACCTACATATCGAGGTGACTTAGAAGGTGC
CP058732.1_gap31	1151938	1153960	2022	GAAAGTCGTGAACGAGAAATTTCTATAATTTCAAGGACATTGAAGCAAATTGCAAAGGAATTAGATATCCCAATAATTGCTCTTTCCCAGTTGAATCGAGTTGTTGAAACTCGAAAAGACCGAAGGCCACAGCTATCCGACTTACGTGAATCTGGAAGTATCGAGCAAGACGCCGATGTTGTTTTGTTTATTTATCGTCCTGAAATCTACGGTATTAAAACTTGGGAAGGTAGTCAAGAATCGACAGAAGGAACTGCTGAAATTATCATTGGCAAGCAAAGGAATGGTCCGACTGGCTCCTTCCGAGTTGTCTACTTAAAAGACACATTGAGATTTGATAACGGAGATTTCCGCTATGTGGACGAGGATGTAATTGCTCCTTCTCCGTCCATTGAAGAGGATTATTTCGAGGATTTAGATGTTGAAGAAGATGTGGATTTCGACGATACCGATGATAGTTTCTAATTAGAAGGGTAGTTTCGTTAGGTCTACATTTCCACCCGAAATTATTATTCCGACTTTACTGCCCAAAAAAATTTCTGGATACTCTAATACGCCAGCTAATGGAACCGCACCAGAAGGTTCAACCACAATCTTCATTCTTTCGAAGAGCAACTTCATTGCTTGAATAATTGATTCCTCCGAAACAGTGATAATTCTTTCGACATTTTGTTTTATTATTCCAAAAGTTCTCTCTGAAAGCGATGTTAAAAGCCCATCGGCAATTGTCTTTGGTTCCTGCGAGGGGTAAATTTTGTTATCTCTTATCGAACGAAATGCATCATCGGCACCTTTTGGTTCCACTCCAATTACTTTTGTAAAATTCGACAATGATTTTACCAAAATCGATGTGCCACTTAGTAGCCCACCACCACCGACTGGCGTTAGTATGAAATCTAAATTGGGTTGGTCTTCGAGTAGTTCTTTAGCACAAGTTCCTTGTCCAGCAATCACATAAAAGTTATCGTATGGGTGGATAAAAGTCGAATTTGTTTTTTGGAGGAAGGCACGCAATGTTTCTTCCCTGGACTTTTGATTTGGCTCGCAAAAAATAATTTCAGCCCCGTAGCCCTTTACGGCTTCCACTTTTGGCTTTGGGGATGTTTTAGGCATAATGATAGTTGCTTTCGCTCCAACTATTCCCCCCGCATAAGCAATTGCTTGAGCGTGGTTTCCAGATGAATGAGTGGCTATTCCATATTTCAATTGCTCTTTCGATAATGAAAGAACAGCATTTAATGCTCCTCTGGCTTTGAATGCCCCAACTTTTTGAAAATTTTCACACTTGAAGAAAAGTTTACAACCCCCAATCTCATCAATAGTTTTGCAAGTAAGGATTGGAGTTCTATGTATAAATGGTTCTATTAATCTGTGTGCTTCAACAATATCATTGAATGTAGGAATGTTAGGTTCATTCTTCTGGTTCCATTCCATAGTTTTTCCATTCTTCTTTTGAAGGACCGTAAATGCCTGGGACTTTCAATCCAGATTGTCTCATTAGAACAGTGATTTGGGCTCTATGGTGTATTTCGTGTTTAAGAAAACCATAGAGAACTTGCTTCTTCGTCCACTTCTCTCCATAAATTTCGACCTCATCTTCAAGTTGATTGTCTGAAATTACATTTGGAATATGGTTTAACACTTTTTCAGTTTGCTCCTGATAAGCTCGGACGATTTCTTGAACATTTTCAAACCTCTGGTCTTTTTGGTGGTGCATTTCTTCGAGCCCGAATGTTTTTAGCATATCCACCAGAGACCAGATGATATGGCGGCAAATGGTTTCAATATTTCGTCCTTCTGAATAAACTTTGGCTGAAAGAGAAGAATCCGTTAAAGAGTTGAAAATTTGTAAAGTTTTTTGTGATTCTTCCTTAAAATCAGAGATAAAATCTTGTACTTTGCAATACATAATTACTCTAAATTTTATAAAATTGCAATTTAATATTTAAAAACATTACTGATGTTCTCTTTTGTAAAAGGAAAAGTAATCAAGAAAGCCACTTCCTTTATTGAAATTGAAGT
CP058732.1_gap32	1231903	1232767	864	AAATTTCATTTCAAACAATTATAAAGTCGATGGATTTATCACCTATTTAAATGATAATAATGGTAATTTGTTCTACGTCCGAAATTCGCTGTTTGGTGTTATTGAAAATGGAACGTTAGTTCGAGTTTGGGGAGTGTTCCAAAACGTAACCGATTTAGTGAATTTGCAAAGACAATACCAAGAAACAGCAACTAAATACGAAAATTTAGTTGAGAATGTCAATAGCATTATATTACATATTGACCTGAATGGAAATATAATATATATAAACAATTTCGGCTTGAAATTCTTTGGCTATAGTAAAGAAGAGTTAATAGGCAAAAATGTTATTGGAACAATAGTTCCAGAAATCGAAAGTGTAACTGGAAGAAACTTAATTGAACAAGTCAAAAACATAATTGCCGAACCTCTAAAATACGAGTATAATATTAACGAAAACATACGAAAGGATGGAACTCGTGTTTGGATTTCTTGGAAAAATACGCCAATATATGATTCAAATGGAAATTGTGTAGAGATTTTGGCTGTTGGTATTGACATTACTGAGCAAAGAAAAAAAGAGTTGGAATTACAGAGAATCTGGAATTTAATTTACTCAATGTTTGATGCCTTGCCAGATGCAATTTCGTTCAAAGACCCCGAAGGACGTTGGATTTATGCAAACCAAAGTATGATGGAAATCTTCAACTTGGTCGGAAAAGAAGTGATTGGAAAGACTGATTATGAGTTAATACAGTATGACGAATTTTTCCGAGAAGCACTCGAAGGATGTGCGAAATCCGACCAAATGGCTTGGGAGGCAAAGGTGCCTTTGCGCTTGGAAGAAAAAATTAAAACAAAAGACGGCAAAGAGAGAATTTTTGA
CP058732.1_gap33	1244726	1248727	4001	TAACTCCCCCGATTGCATCTATCAAATTTATCTTTACGATGAGAACAACAAAAAGTACCTCGCCTACAACAAGCAATTTTTTGAAATAAAAGGTGCTAAAGGCGTATTATTTAAAGAAGTAATTGAAAAGACAAATTATAAAGTAAAGTCAATCCAAATTTTTTTCAAGACAAATACTTTAAACGATTTTCTTCAAGTTGATGCTGTCGGGATATCCTCCGAGGATGAACGTTCCTACACTGTGAAAATAAATGAAATTAGTATACCACCAATTGAAATGAGTAAACCAATAAATCTTGGTCCCAATGTAAATTCCCAGTATATTGAACTTTTGCCAATTGTTACACCCGATGGGAAAAGACTTTATTTCACTCGCGAGGGCCATCCTGGGAACTTTGGGCCACAAAAGAAACAAGACATTTGGTATTCAGACATTGACTCGCTTGGAAATTGTTCCCCTGCGACGATTTTGCCCAAACCTATCAACAATGAACATCATAACTTTGCTTTTGGAACTACGCCCGATGGTCTTTCGCTAATTGTTGGAAATGTGTACAATCCCGATGGTTCAATGCGAAAAGGAGTTTCAATTGCTCGGTTTAACGGTTACGATTGGGATTTTCCCCAGGAAATCGTTGTTAGAGATTTAGAAAATTTTAATGAAAAAACTGCATATTTCCTTGCCTTGAATGGAAGAATACTTATATTATCACTCGAAGCACGTGATTCATACGGAGGATTAGATTTATATGTAAGTTTTAGGCTTGACGACGGAACATTCTCAAAGCCAATGAATTTGGGTCCCGATGTAAACACAGCGGACGATGATACTTCCCCATTCCTTGCTTACGATGATGAAACTCTTTATTTTTCCTCTGCGGGATACCCAGGCTATGGTAGTTTGGATATTTTTATGACCAGGCGTTTGGATTCCACTTGGCGGAAATGGAGTAAACCAGTTAATCTTGGAAAAATTGTAAACACCGATTCCTGGGATGCATATTTTACCATTCCTGCTTCTGGAGATTATGCCTATTTCGTATCGACGAAAAATTCTTATGGCAGAGAGGATATCTTTAAAATATTCCTTCCTAAAGCATTGAGACCAAAACCCGTAGTGATTGTCTCTGGAAAAGTGCTCAACAAAAAAACGAATCAACCTTTGTACGCAAAAATTCAATACGAAACGCTTTCAGATGGAAAAGTAATTGGAATCGCTGAATCGAACCCAGTTACAGGAGAGTATAAAATTGTGCTTCCTGGTGGCTCACATTACGGTTTTCTTGCCCAGGCAGATAGTTTCCTTTCAGTTAATGAGAATATTGATATTCGTTTGGATTTGCGTTACCAGGAAATTCGAAGGGATTTATACCTTGTACCAATCGAAGTTGGCGAAAGTATTCGATTGAACAACATATTTTTCGATTACAAAGATTACCAATTGCGTGAAGAATCTTTTCCAGAATTAAAAAGATTAGTTAAGTTGATGAAAGAAAGACCTGAACTTATAGTTGAAATTTCTGGTCACACGGATAGCATTGGTTCTGATGCATATAACCTAAATCTCTCCCGTCTAAGGGCTAAATCTGTTGCAGATTACTTGATTTCAAATGGGATAGACCCAAATCGGTTACAAATTCGTGGCTATGGTTCAAAATTTCCAGTAGAATCTAATGAAACAGAGGAAGGAAGGCAAATGAACCGACGAGTTGAATTTAAGATTTTAAAAAAATAATTTTATTATTTTTGTGATTTTAAAAAAGTTAGGAAATGAAAACAAAATGAAGGGCTCTAAAACATTTACAGATGAGGATTTAAAAAGATTATCTTCAATCTTCAAGATATTATCCGAAGTTTCTCGATTGAAAATCTTACGATGTCTGATGGAAGGGGAAAAATGTGTTACAGAAATTATAAACGCCACTGGTTTGATGCAAGCAAACGTTTCGAAGCAAATTAAGATAATGCAGGAAGCAGGAATTTTACAGTGTCGTCCGGCGGGTTTGCAACGTTTTTATCGAATTGTCGACCCATCGATTGTCGAAATTTGTCAAACTGTTTGTAAATCCAGAAATTGAAATCTCTTTTAGATTTGTTGTCTTTCCCATTTCGTTTCTTCTTTGTCCTTTTAGTAACTCTCATTGATTCCACTCTTGGTATTCTTGGAATGTTCCTTCTCGGAACTCGCTATTTTAAATTGGGTCATTATCGGGCTTGGGCAAAAAGACTTTTGTTTTTTTCTGGAGTTAAAGTTGAATCAAATGGTATCGAAAACATTGGTTTAGATAAATCCTACGTTTTTGTAGCAAACCATTCAAGTTACTTCGATATTCCTTCTGTCTTTGTTGCAATTCCAAACAATTTAAGGATAATGTACAAAAAGGAATTAGAAAGTATTCCCATCTTTGGATTGTATTTAAAAAAGTCAGATTTTATTGCTATCGAGCGAGAGGAGGCTGTCTCGGCAAGAACAAGTTTAAGTCAAGCATTGGATTTGATTCAGAAAGATGTTTCGATATTGATTTTTCCAGAAGGTACCCGTTCGCACGACGGAAAATTGCAAGAATTTAAAAGAGGTGCTATGTATCTGGCAATAAGAAGTGGGAAACCAATCGTGCCCGTGACCATCGTGGGAGCAAATAATATATTGCCAAAAGGAAAATTCTTTTTCAAAACTGGAAAAGTAAAGGTAATCATTGGTAAACCATTGGAGGTAGTTATTAATCCAAGCAAATCTGAAATTAACAAACTTATTGATGAAATTCGCTCTATTATTTCTTCAAACCTTTCGCAAGCCAGTTAGGGCAACTAATACAACTTGAATAAATGTTTGCGTGTAAATTTTAAAAGTTCTATCGAAATTAAATTTTGATTCCGAAGTTCAAACCGAGAAAGAACCCCCCAAAATCTTTAATTGGTTTGTCTTTTATGCTTTCTAACCCCGAACCACCAAATGGAATCCAATATTGCCTTCCCGAGACCCCAAAATAGGATTTATCTGCTATGGGAATGTTAACTCCTAACCCAACAAAAATACCAAAGCGAATATACATTCTTGCGTAACCAAGAGATGTGAAAAACTCCTTATCGTAGGGAGTTGATACGATGAATGTTGGTCCTAATCCAATGTTTGCATAGGGAGTGAAGTTTGTTCCAAGAACTTCTGTTAAGAATGATTGAGATAAACCAAAAGTAAGGGGAAACATATACAGTCGGTTTACTTTACCAGGAATAAAAAGTTCACCAGTATAAGGGTCGTAAAATTCAAACTCGTCTGTATTCCTTACCCCAGATAGATAAAGATTTATAAACAAATTAGTGTTTTTCCAGAAGTAGACTTCATAAAATGCACCAAAGCCAAAACCACTGTTTGAAAGGATAATGTTTAAACCCCAAAACTTTGGCTTTGTCAAAGTTTTGATTTGATTGGAAAGTAAAGGTCTTGGGCTTTGAAAAACAATAGTTGTATCGAACTGAATTGGAAGTGAAGCACTAAGAGTCTCGTCGTTTGAATAAGAAATATTAGTCAAAAAAATTGTATAAAATAAAACCAGAAGGTAAAAGTTTTTTTTCATCATTTTTGTCCAAGTTATCAAAAAATAAAACGTAAAGATAATGAAAAATTGTATATGAGGCAAAAGTTTAGTAATTTCGTATGCTATAAAGTTTTGATTTTTGAAAATTTGATGGGAATTGAAGATTTTTTAGTTAGAATAGGTGAATTTATTCCCTTCGATGCTGGATTTGAAGATGATAAGTTAGGAATACAAATATATACAGAACCCAAAGAAATTAAACAAGTTCTTATTGCGTATGAAGTTACTTCCGAAGTTATTGATGAAGCCAAAAATTATAACGCCGACACAATTGTTTGTTTCCATCCACTAATTTACCATCCAGTTGATAGAATAACATACGATACTCGTGTGGGTTTGCTAATTTCTAAACTTATTCAAAATGGCCTTGGGTTAATAGTTTGCCACACCAATTTCGATGCCTTC
CP058732.1_gap34	1408057	1412859	4802	ATGCTTTGTATAAACAAGAAAAATATAATGAATCGAAGCAAAAGTACCTTGAAATTTTAAATTCAAGCAAGAATAACATCGAAAAAGCAAATGCATATTACAATCTGGGGAATGCCCTATTAAAAGAAAAAAAGTACAGCGAAAGTTTAGAAATGTACAAAAATGCTTTGAAACTTAATCCAAAAGATTTCGATGCAAAGTATAATTATGAATATGCTCGTAGGATGTTGCTATTACAACAGCAACAACAGCAACAGAAGCAACAACAGCAGAATAATAACAAGAAAGAACAGAATCAACAGAACCAGGCTCGGAACAATCAACAACAAAAACAACAAGAACAAGAGCAGAAACAAAATCAACAACCGAACCAAAATAAACTTTCCCAGCAAAATGTTCAAAATATCTTGAATGCTTTGCGAAACGAGGAGAGAAAAACGCAAAAGGAAATCAAAGCAAAACTTCTTCCCCGCATTGAAAAGAAAATTGAAAAGAATTGGTAGTTTATGAAAAAAAATGATAATGTCATTGTTCTCACACTTGGCTGCTCCAAAAATGTTGTCGATAGCGAGAAATTAATTGGAATGCTTTCGGCAAACGGATTTACTCTTACCGAAGACATCCGCAAAGCCAAAACTTGCATAATCAACACCTGTGGGTTTATCAAACCAGCGGTTGAAGAAAATCTTCAAGTTGTGCTTGATGTTGTTAACCGAAAAATTCAAGGAGAGTTAGAGCGGGTAATTGTCTCTGGGTGTATGGTCGAGCGATTCAAAGAAAGTTTAATCAATGAGTTTCCCGAAGTAGATTTGTTTGTCGGCGTGGAAAGTGCCGAACAAATTGTTCGATTCCTTAAGCCCGATGATGATTTTAGGATAAATTTAATAGGGGGACGCCAATTGCTTACCCCAAATCATTATGCATATTTAAAGATAAGCGAAGGTTGTAATAGAGAATGCTCTTTCTGTGCGATACCAAAAATTCGTGGGCTTTTGCGTTCGAAACCCATAGAAGAATTGTTAGACGAGACAAAAAAGTTATCAGAAAAAGGTGTCAAAGAACTGATAATTATTTCGCAAGATACAAGTTCTTATGGAGTCGATTTGTATGGGAAACCAATGCTAATTCCTCTACTCGAGGAACTCACCAAAGTCGAAGGAATAGAATGGATACGCTTGATGTATCTATATCCAGCGGGGTTACCCGAAGGATTAATTGAATTTGTTCAAAACGAGCCCAAAATGTGCAAATACTTCGATATTCCTTTGCAACATATTTCAGATAGAATATTAAAGTCAATGCGAAGAGGAACAACCAAGAAAAGAACTATCGAATTGATAGAGAAAATTCGCACAAAAATTCCGAATGCAGTAATTCGGACTACTTTGATTGTTGGATATCCAGGTGAAACAGAACAAGAATTCAAAGAATTAATGCAATTTATTTCGGATTACGAACTCGATAGGGTAGGTGTGTTTACATATTTCCGAGAGGATGGCACTTATGCTTTTCCGCTTGGGGATACTGTTCCAGAAGATATTAAAAACTTGCGAAGAGAGGAAATTTTGAAATTGCAAAGCCAAATTTCTTTAAGAAAAAACAATGCATTAGTTGGGAAAAAACTCAAAGTATTGATTGATGAGAAGAAAAATGGTGTTTTTGCTGGTAGGACTGAATTTGATGCTCCCGAGGTTGACAATCTTGTGTATGTTAGAGCCCAAAAGCATAAAGTTCGAGTTGGAGATTTTGTTGAAGCCATTATTGCTCGGGCAAAACACTACGATTTGTACGGTGAAGTATGTTAGGAATTGTTCTTGACTCATATCAGATAAATAAAAAAAAGGATGCCGAAGGTGGCATCCTTTTTAATTAATCTAAAACTTTTTTAACCAATATCTTGTGCAACAAAGGGCAAAAGGGCGAGGTGTCTTGCGTACTTCACTGCTTTTGCAATTCTTCTTTGTTGTTTTGGAGTAACGCCAGTAAGTCGGCGTGGAAGAATTTTCCCCTGGTCGTTAATAAATTTTTCCAAGAACTTGTAGTCGAGATAATCAAAAACTTCTACATCTTTATAAGGATTAATTTTCTTTTTAGTGGTTTTTTTGTTCTTTTGTTGTTGTTGACTTAAAACTTGATGAATTGCCGTCATTTCTTCCTCCTTTGTTCTTGAATCGCTTTACTCTTTTCTAATCGTTTTTGGAATCTATCGACTCGACCAGCAGTGTCGACAAGAACTTGCTTGCCAGTAAAGAATGGGTGGGATTTCGAGTCGATTTCAAGGACAAGCCGTTCTCCTTTGTAGCAAGAACGAGTTTTGAAAGTTGTACCGTCGGTCATCACAACTTCAATTGTTCTGTAATATGGATGAATTCCTTTTTTCATATTTCATTCCTACAATTATTTACTAATGTCAACATTAGCGAGTTCGTTCAAATCGTTTACACGAACAAATTTGTAAAAGAAACGAAGATTGCCACTTTCAGTACGATAGCCTTTAATGACCTTAACATTGTAACCTGTTTCGGTCTTGGTTTTCTTTTTAACTTTGTCTGCGAATGTTGTTTGTTTAGCCATTTTTATATCAAATATTTTAAAGAATACAAAATTAATAAAAAATTTTCAATAAATAAAAATCAAATTTGTTTTTTTAATAAATCATCTATTCTTAATTTTACAATTTATTTTTTTGAAATTATTTTTACTGTTTTTAAGACGGATTGAAATATGATTTCATTAATATTTTTGGTACCATTGTTTCCTTTGGTTGGTTTTTTAATTTTAGGAATTTTCGGAAAGTATTTAAATAAGGAAAGCATCATTGGTTTTATCGGAAATTTGACAGTGTTTCTCTCTTTTTTGTTAACCGTATTAATATTTTTTGAGTGGATTGCAAAAAATTACGAAGAACCCCACATTGTTACTTTATTCCCTTGGATATCCACTGGTGAATTTAATGTCAATTGGGCATACCAAGTAGACCAATTGTCGATTACTTTTGCTCTAATTGTTACTGGCGTTGGTTTTTTGATACATCTCTATTCGATTGGCTATATGCATAACGATAGAAGTTTCTATCGCTTTTTTGCTTATATGAATTTGTTCATTTTTATGATGCTTAATCTTGTGCTTTCAAGCAATTTCCTTTTGACTTTTCTTGGCTGGGAAGGTGTCGGGTTATGCTCCTATCTTTTAATTGGATTTTGGTACGATAGAAAATTTGAAGGAGTTCGCATTGAATGGACTGGACACGCTGCAAACAAAGCCTTTATCGTCAATCGAATAGGTGATTTTGGCTTTTTGATTGCAATGTTCCTTCTTTTTGTAAATTTTCAAACCTTGGAATACTCGAGTTTGAATACTGCATTAGCAAATTCTATAAGTGTTTTCTACAACACTGGTTTGATTACTGCAATTACAATGTTGCTTTTCTTGGGATGCACTGGTAAATCTGCACAAATTCCGCTTGCTGTTTGGTTGCCCGATGCTATGGCGGGTCCAACACCTGTAAGTGCTCTAATCCACGCTGCAACAATGGTTACTTCGGGAATTTTCCTTGTGGCGAGAAATGCAACTATGTTTGCTCTTGCTCCATCAACATTGATTGTAATTGCAGTAATTGGAACATTGACTGCATTTTTTGCAGCCACTATCGGCGTTGTTCAAAACGACATCAAAAAGGTACTTGCTTATTCAACTGTTAGCCAACTTGGTTTTATGTTCGCAGCCCTCGGTGTTGGAGCCTTTGTTGCTGGTGTCTTCCACGTTATGACACACGCATTTTTCAAAGGATTGCTGTTTCTTGGGGCTGGTTCAGTTATTCACGGGATGCACGAAGAGCAGAATATCAAGAAGATGGGCGGTCTTCGCAATTATATGCCGAAAACCTATCTTACATTTTTTATTGCAACTTTGGCAATTGCTGGCATTCCTTTCTTCAGTGGATTTTTCTCGAAGGATGAAATTCTTTGGAAAGTTTTTTCAAGCGGAAATATTTTCCTTTGGATTGTTTTAATTGTTTCTGCATTTTTCACTGCTTTCTATATGTTTAGACTTTTGAACCTTGTTTTCTTTGGTAGCGAGAGATTTGATAAACATCACATCCACCCACATGAATCACCAAAAATAATGACCATCCCTTTGCAAATTCTTGCATTTCTTTCGGCTTTCGGTGGTTTCCTTGGAATACCTTATGCATTGGGGGCTTGGTTGGGAGAACATCCCAATCTGATGGACAAATGGCTGGAGCCTATATTCGCAAATGCAAATAAAATTTTATTATTACATTCTGCCTCTGGATTTACAATCGGAGAGCATATCCACATCGAAGAGTATTTGTTGATGGTTCTTTCTATTGTTGTTGCTCTTGCTGGTATATTTCTTGCAAATAAGTTCTATTCCGATGAAGAATGGTCAATCCCCAGAAAACTTGCTTCGAATTTCAAATCGTTGTACAGAACATTGTACCATAAATATTACGTTGATGAATTTTACTTCTTCGCAATTGTCGACCCGTTAATTGGTATTTCAAATAAATTCTTGTGGAAATTGTTCGATGCCAAGTTCATCGATGGAATTGTAAATGGTTCTGCCGTTGTAACTGTTAAAATTAGCGAGTACTTGCGTAAGATTCAAACTGGTATGGTTCAGAATTATGCTCTGGTGATGTTTGGCGGTATAATTATCATTTTTATATGGTTGTTGCTTTCTTTTTGAAATTTGTTGAACTAAATGAAACTGATATGGAATTACTTTTGACTTTGTTTTTACCTTTAATTGGTGCGTTACTACTTCTTTTTGTTAAT
CP058732.1_gap35	1418213	1421324	3111	TGCATCAGCACAGCACAAACCGTTGAGTCCACACCTCCGCTAAGTGCAAGAATAACTTCTTCGTTCCCTACTTTGTTTTTAATTGTTTCGACTTGAGTTTCAATAAATGATTTTGCATTCCAATTTTCTTCACATCGACAGATTTTTCTAACAAAATTTTCAAGAATTTTTTTTCCAAATTCGGTATGGTGGACTTCTGGGTGAAATTGTAATCCATAGATTTCTTTTTCTTTATTATAGATTGCAGAAATTGAATTCTCTGTTGTTCCAAGAATTTCGAAACCTTTTGGAATTTCCTCAACTCTGTCGCTATGGCTCATCCAAACAGTGGACTCTTCTGGGATTTCATCGAAAAGAGGAACACGTTTGAAAATCTTAAACTTTGCCCGACCATACTCTCGCTTTGCTGCTTTGTCGACTTTTCCACCAAAATAATTGGTTATTAATTGAAGTCCATAGCAAATTCCAAGAATAGGAATATTTAGTTCGAAAATATTCTTGTCTGGATGAGGTGAATTATCATCGTAAACGCTGGATGGTCCGCCCGAAAGAACAATACCCTTTGGAGAGAGTTTTTTAATTTCATCGATTGATATGTTAAATGGGTGGATTTCTGCAAAAACTCCACACTCTCTTATTTTACGAGCAATAAGTTGGGTGTATTGCGAACCAAAATCTAAAACTAATATTTTTTCGTTCATAATAATAAAAAAAAACAAAATTACTATTTAACTTAAAACCCAACAAAGTAAATTTAATTGTAATTTTAGTCAACTAATCAAATTTTAATTTTTTAAAATTTCAAAAAAATTATTTCGGATACAATAATTTTTTTATATTTGATTTTCAATATAAATCATTTCTGGAGGTTCTATGAAAAAGTTCTTATATAATTTCCTTTTCGTTTTTGGCTTTGCTTTTTTGATTTTATCTTGCCAAAAGCAAAGCATAATCGATTCACCGAGCGAATCCAATTCGAACGACCATTACATTGTGTTACTTAAATCGACAAAAGGAGATTTTACACTTTCAATTAACGAAGCGGAAAACTTTGTTAAATCATTTATCGTGGCGAATAACATTTCCAAGGATAAGATTACTTACATTTACAAAAAGGCGGTCATCGGCTTTGCTGGCTATTTGACATCGGAGGAAGTGAATCGATTATCTTCCTTACCCGAAGTGAAAGTGATTGAAAAAGACCAACTTGTAACTTTGCCTCCTACCGAAGTAATTGAAGAGCCAGAAAAAAGCGAAAAACCTCTTGCGCAAACAACTCCTTGGGGAATTTCTGCTGTGGGTGGATATGTTGACTGTTCAAATATTACACGTATTGCGTGGATTGTCGATACTGGAATCGACCTTGACCATCCAGATTTGAATGTTAACACTTCCTTGTCGAGGACTTTCGTTCGAAGTGGAAGAGATTCCCGCAATGCCGACGATAACAATGGTCACGGAACGCATTGTGCTGGGATTATTGCTGCAAAAAATAATTCCATAGGAGTTGTAGGGGTTGCTGCTGGGGCGAGAGTAGTTGCTGTCAAAGTTCTTTCAAGCAACGGGTCTGGTTATGTTTCGGATATCGTTGCTGGCTTGGACTATGTTGCTCAATATGGCAACACAAATGATGTTGTAAATCTGAGCCTTGGCGGAAGCCCTTCGACGACATTAGACAATGCAGTTGTTGGGTGTGCGAACGCTGGTTTGATTGTAGTTATTGCTGCTGGAAATTCTTCTGCTGATGCTGGAAACTATTCACCCGCAAGGGTTAACGGTACAAACATTTATACAGTTTCTGCTCATAACAGCAGTGATGTTTTTGCTTCTTTCTCCAATTATGGGAATCCACCAATTGATTATTGTGCCCCAGGGGTAAGTATTTATTCAACTTATAAGAGCGGAAGATACGCTACTATGAGCGGTACCTCGATGGCAGCACCCCACGTGGCTGGAATTTTACTTGCAAATAATGGTAGCATTTATTCTCGCGGTTATGTATCAAATGATCCAGATGGTAACCCAGATCCACTTGCATCAAGAACGCAATAAATTCTTATATTTGTCTTTTAAATTATTTTAAGGTTGTTTATGATTAGATTTTTTTCATTCGGCTTGTTTCTATCGTTTTTGTTGCTCTTTTTTGGTTGCATTAGACAGGACAATAATCCTAATCCCACCGACCCAACAACTAATGCTCCAAAGCATTATATTGTGCTTCTCAAGGAAACCACAAAAGATGTGGAAACCCTAAGCGAAAAGGGAAGAGAAGATTACGTTATCCAATTCCTAGCAAATTATAATGTCAAGAGAAATTCCGTAACGTATGTCTATTCTTCGGTAGTACTTGGATTTGCAGGTTATTTAAGCGAACAGCAAATAAAGCAATTAAAGAATGCACCCGAGGTTCTCTTGGTTGAAGAAGATAAACAAATCGGCATTGAACCACTGGATTTAAAACTTCCCGATAAACAGGAAAAACCACTCGCCGGAACTCAGACAATACCTTGGGGAATTTCCGCAGTTGGTGGATATGTTTTGTCCAACAATAACAGCAGAATCGGTTGGGTAGTTGATACCGGTATCGATTTGTATCATCCAGACCTCAATGTTGATGTAAATCTTTCCAAGACATTTGTTAGGACTGGGATTGATTCAACAACACCTAATGATTTTCACGGGCACGGTACACACGTTGCTGGAATTATCGCTGCGAAGGACAATGACTTTGGTGTTGTTGGTGTAGCCGCTGGAAACAAAGTCGCTGCAGTAAAAGTACTTTCGAGCAGTGGTTGGGGCTGGGATTCCGATATTATTGCTGGGCTTGATTACATCGGCAAACGGGGGAAACCTGGTGACGTTGTCAATATGAGCTTAGGAGGGGAAGTGTCTCCGGCTTTGGACCAAGCAGTGGTTGCATTAGGAGCAAAAAATTTCCTCGTGGTTTTGGCGGCTGGAAATTCTAGAATAGATGCAAATAATTTCTCCCCTGCAAGAGCAAATGGAAGAAATGTATTTACTGTTTCAGCCCACGACGTAAATAACAATTTTGCTTCGTTTTCCAATTTTGGAAATCCACCAATTGATTACTGTGCTCCGGGCGTAAACATT
CP058732.1_gap36	1497479	1501487	4008	TAAGGAACTTGGTGAAGTTCCATTTGATGTCTTTTGTTCCCATTAGACCAGGTTTAGCCTCTTTGAGGAAATTGTACAGAGGATGTGCATTGGGACCGTTGACATCAATCTTGTCGAAAAGTTTAAATGTAACATTGTATTTGGTGGAGCAGAAATTCTTGATTTCTTCATTTGAACCAGGTTCCTGGTTTCCAAATTGATTACAAGGAAATGCCAAGATTTCGAAACCTTTGCTCTTGTACTTTTTGTAGAGTTTCTCCAAACCTTCATATTGTGGTGTAAAACCACATTTGCTTGCGACATTAACAATTAAAAGGACTTTTCCTTTAAAATCATTAAGTTTCACTGGTTTTTTGTCGATGTCGAGAAGCGTGAGATTTAAGTTATATATATTCATATCTTTTGCCAGAAGAAAGTTAAACAAACTAATTGTCAAAAAGCCTAATAGAAAAATTTTGAAAGTTCTCAATTTCATTTTAGCCTCCGTTAAAAAAATATTAGACGATTGATGATTAAGATATTTTAAAAAAAAGGGGAGATATTTCTCCCCTTTATAGCATTATACAGCATTAAACAAGAAATTAAATCAATCGAGAAAATGAACGAAAAGACCATCCTTCAACTTTGGCTCGAACCAGGTGGATTTCGGTGGCATAATTTTCCCAGCGTCAGCAATTTGCATAAGTTCATCGATTGATGTGGGATACATAGCGAAAGCCACAGCCCAATCGCCAGAATTCACTCGTTTTTCGAGTTCTTCAAGACCGCGTATACCACCAATAAAGTCTATTCTTTTCGAAGTGCGCGGGTCGTCTATTCCCAAGATTGGTGCAAGGATGTGATTTTGCAAAATGGAAATGTCGAGTCGTTCAACAGGGTCATCGTTTTTAAAGTATTCAGGTTTAATGGTTAATTTATACCATTTTCCATCGAGATACATACCAATTTCGCCTTTTTTTGTAGGTTTGAATCTACTGTTTTGTTCTTCAATATCAACGATTTTAGAGATTTTGTTGATAAATTCTTCCTTTGTGTTTCCATTCAAATCTTTTACAACGCGATTGTAATCCATAATCATAAGATGGCTTGCTGGGAAAAGCACAGCAAGGAAGTAGTTGTATTCTTCGTCGCCACGATGATTAGGATTGGCTTGCTGTCGTTCTCTACCAACTATTGCAGCAGCAGCCGAACGATGGTGACCATCGGCAACATAAAAACAATCCATTCTCTCAAAAATATTTTGGATTTTGTCTATCGTTTCTTTATCTTTAATAACCCAAACTCGTTGACGAACGTTATCCTCTGAAATAAAATCATAGATTGGCTGGGTTTCAATAATTTTGGCAACGATAGAATCGATTTCGGGATTATCGCGATAGGTTAGGAAAATTGGTCCAGTATGAGCATTGGTAACACGAACGTGATTGCAACGGTCTTCTTCTTTATCTTTGCGTGTTTTTTCGTGTTTCTTGATTTTGTCGTTCCAGTAATCATCGACCGAAGCACAACCAACCAAGCCAATTTGGGTTCGGTTGCCCATTGTTTGTGCCCAAAGATAAAAATATGGTTCTGGATCTTGCTCTAAAATTCCATCAGATATGAACTTCATTAAGTTTTCGCGTCCTTTTTCATATACTCTTGGGTCGTACAAATCTATTGATGGGTCAAGATCGATTTCTGGTTTACCGACGTGGAGAAAAGACAATGGATTATCTTTCGCTTCGATGCGTGCCTCTTCCGATGAGAGCACATCATAGGGTTTTGCAGCAACTTTCGCTGCAAACTCTGGCTTCGGACGATACGCTTTGAAAGGCTTGAAAACTGGCATTGTTCCACCTTTAATATTTTGATAATGCTTCAACAACTTTCTGGGCAATTTCGATTCCAACTCTTTCCTGTGCCTCGATAGTTGAGGCTCCGATGTGTGGAGTAACCGATACTCTTGGGTGATTAATTAGTTCCATTTGCGCTTCTGTGGGTGGTTCATTTTCAAATACATCGATACCAGCGGCAAGAACGGTTCCGTTATTTAGAGCCTCGAGTAAATCTTTTTCGGAAACGACACCACCACGAGCACAGTTTATGATCACAACGCCCTTCTTCATCTTTTCAAATTCTGGTTTCGCGATTGCTGGCGGTTCTCCTTTGATTTTGGGTAAATGCAAAGATATAATATCTGAACGGGAAAGAAGTTCATCTTTGCTAACAAGTTCAACATTTAAATCTGTTGAAGTAACATAGGGGTCGTATGCCAAAACTTTCATTTGCAAACCAATAGCACGTTTTGCTACTTCTTTGCCAATGTTTCCAAGTCCAATTATGCCAAGAGTTTTTCCTGTAAGTTCAAAACCTTTGGAATATTCCTTTTTGGGCCATTTGCCTTGTCGCATTTCGATATTGCTTAAATTCAAAAAGCGAGCAACAGCAAACATATGGGCAATTGCAAGTTCTGCAACAGAAATTGCGGAGGCACCAGGAGTATTCAAAATTTCAATCCCTTTCGATTTCGCATATTCAACATCGATGTTGTCCAGACCAACACCACCACGAGCGATGACTTTTAAATTCTTGCCAGCGTCGATGACATCTTTAGTAACTTTTGTTGCAGAACGAACGATTATTGCATCATATTCTCCGATTTGTGCAATTAATTCTTCTGGGTTTAATTTTTGGATTGTTAAAGTGTGACCAGCATTACGGAGAATTTCTTCTCCTTTTTTGTCGATTCCATCAGTGATAATTATTTTCATTTTTCCTCCAAATAAAGTAAGAAAATACAAAATTAACAACAAACGATGAAAAGACTAATAGAAAATTGTAAAGAGTATTCTAATGTTGCGACCAGGTTCAGGAAAAATTGATTTAATTCTTGATAGATGGTTATAGTATGTTTTATTAAAAATGTTGTCAATATTCAAATTTATTACTGCAAGGAGATTGTAAATCGAAAAAGGATATCGAAAATTCATCGAAAAGATTGTATAGCCTGGTGTTGGTTCTTCGAATTCACCGACTTTGTCTTGTTTGAAGGCGAATGTGTTTATTAGTTGAACTTCCAGTTGTTTGATTTTGTAATTGATTTCCAATGAGCCTTTGGCTGGTGGAATCAAAGGTAGATTGCTATTAGTTGTTATGTTTATGCCACGTGAAAAATTAAAGTGAAATGCCGACGAAAGATTTTCGGTAACTTCAAAATTAGTATTAAACGAAAAGCCCAAATGTCTGGCTTTGGTGTTGGTGATTTGGTATATTGGAAGAAGTTGTGATACACTTATTTTTCCAGTATTGACTGGATAGAGGAAATTTGTGAACTCGTACCAATAGTAAGAAGAATAGATTTCAATTTTATCTGTCTTGTAGGAGTATGAAAGTTCACCAAAAAATGCTTCTTCTTTTTTCAAATTACTACTTCCAATTTCAAATGAATATGCTGCAAGATGAGGTCCATTTGAATAAAGTTCTGTAACAGTTGGAAATCTTTCGTTTCTTCCTATGTTCAATCCAAGATACGAGTTTTTTCTAAAGTTGTGCATAACAAGAATAGAAAAGGAGAAGTTATTAAAAATTCTGCTTGAGGGCGCATTTTTTCGGAAATTTTCGTCCTTGTTCGGAACGTAATTCTTATGGTCGAAGCGGAAAGAATAATCTATAAAGTGGTTACCAATTTTAATGTTTTGAAAAAATGAGACAGAAAACAATGTTGAAGAAACAGAGGGAGTAAAGACATAACCACCAAAATCATTGAAAGTTTTTTCAAATGTAAATCCTAATGTATTTTCATTGAATATTCCAATTGGAAGAAAGTTAAAATTCAAATTCCCATAGTAATTTTTTAAAAGGAATTCTGCCCCGATTGCATTACTTTTTTCGTATTCGATATGATGGTAATAGCCCCTTGAAAAATTAAAATTAATAACATCAAGAAATGTGTGCAAGTGATAGAGAGACTTGAAATTTAAGGTTGTTTTTTCTAAATCGATATCAACACCTTTGGGATGGGCTCCAACA
CP058732.1_gap37	1514641	1515198	557	ATCAAATATTAAAATCCAAAGAAAATCAAGAACTTAATTCTGATGAATTTATTTCAAAAGTCACCAAACTTTTTGAAAATTTCAAATTTGAATTTCATAAAGAGCTGAAACTTGGTAATTTTAAGGAAATAATCGAAAATATAAGAGCCGATTCTACATCTATTATGCTTGCTTTACAGGTTCAGGATATTACCTCTCAACAAATCGCAGCTGTGAACCATCTTTTAAATACTGTCCAAAATAAGTTGAGTACGCTCATTCAAAAATTTGAATCTTCAGATGTCCATAAGGTTGTCTCCGAAGCAGCTGAGACTGTAAATGTTTCAAAATTGCATCGCGAGGTTGCTTTCGATCCGGACGCTGTAGAAACGCTAGTTGGAAATACAACCAAGCAGGATGAAATTGATAAAATTTTTGAGCAAGGGCTTCTTATTGAACACAACGATACTGTGGATAGCGGACCAAAGGAAGTTAGTTCAAGCAGCACAAATGTTGTTGATGAAAGTGAGACAATATCTCAAAGCGATATCGACGCATTGTTTGCTCAAAGTGATACT
CP058732.1_gap38	1636923	1640550	3627	CAAATTCATCTTTTGTTTCAATGTTTTCTTTGCTTTCTGAACGGCAAGAATTGAATGAGAATGCGAATAATACAATTAAAATCAATACTGCTCTGTTAAACATACCAAAACTCCAATTAATTTATACAAAAACAACTTGACGAAGTCAAATTCAATTTATTTGCCAGCATCAACAACCAATTTTTTTTGCTTTTTGTATTTGAAGACTGCAATGATGAAACCAGCCACGGTAAAGATAACTCCCAACCAAACCAAAATGATGAATGGTTTAATTGTAATATCAGCAACAAGCATTTCCTGTCCAAAGGAAAGTTCAACAGTTGATTGTTCCAAATTTTCTGCTGGTTCAAATTTTGTAAATCCAATTGAAAAATCCTTTGTTGGAACAAGTTTCCAAACTGGACTGAAAGAACTCGATTTCATATTAAGAATTGCGTACACAGTGTCTGGATAACTTTTTCCATCAATTATATAATTTAAAATCAAACCAAACATAAAATGGCTTTGGTTTGCGCCCATATGCATCGAACTCATATCATATCCAAGGAAAATAATTGTATCATTATCGGACCAAGGTGCTTTTAAACTTTGCCCTTTCTTCAAAGATATAGGTGGGAAGGATTCGTTGAACATAAACGACTTTGGAGCAACATACACATCTTTGGTTATATAAGTTTTTATATCTGGTTCGTAATAAGGTTGTTCGAAGTTGTTAAAATCGCTCCAATAAACAATTGGTTTGACTATCGAATTATTATTTCCGTCTGTCATCCGAATGTGAAACTTATATTTTTCCCTATCGGTTTTCTCGATTTCAACTCGTTCCTTTTTAATTAATTGTATCTCGTAACCAAAAGCATTGGCTTTCTGTCCCTCGACCAAATGGATTGTTTGAGTTTTTTCAAGTCCCCCAGACAGCATTGCACCGATGATTAAAAAAGAAATTCCAAGATGGGAAAGAAAGGCACCAAAGCGGAGATTACCTGTTGAAATTTTGTTATAAATTTTTTCAACATTTATGATTAAAGAAAATATTGAGGAAAAAATCAAAAATGCAAAAAGTAAATTTTGTTTAGCAAGGATAAAAAATATAATAGCCAGAATCAGAGAAGGAATAATAGAATAATAAAGTTTTTTAAGTAATTGAGAAGTCGAAGTGTCTTTCCAATAATAAAGTAAAGAAATCGCATTAATAATAAGAATTAATATCGCAATAGGAGCCATCCATTGATTGTAAAATGACGGTTCGAGGGCAACTTTTTTTGCACCAATAAAACCTTGGATGATGGGTAAACTTGTTCCAACAAGAACAACCACAGTACCAATGATAAGTACAATTGTTCCAAGAATTACGAAAAATTGTCGGGAGTTGGCCTTGATTTTTTCTTCTGGCGTAGGAACTTCTTTAGTTCTAATCAAGAATAAGATTAATGGAAATACTGCAAATATTACAAGAAAAACCAAAAGTAAAGCATTTACAATTTTACCAGGGTCTACGAAGGAGTGCACAGAAGTTTCGCTTAATACTCCACTTCGGGTTAGATAAGTTGCGTAAAGAACCCCAAGAAAACTCAACCAAGCCAAAACAAAATTTGTTCTGATAAAACCGCCTTTAACTTTTTGTAAAAGGAGTGTATGTGCTAACGCAGTAACCAATAACCAAGGGACCAAGGAAGAGTTTTCTACTGGGTCCCAGCCCCAAAAACCACCCCAACCGAGAGTTTCGTAAGCCCAGAAGCCTCCAAGCATTATACCAAAACCCAAAACGCCAGCACCGAGCAAAGACCAAAATGCCATCGGTGTGTGGAATCGTTCATATTCTCTTTTCCAAAAACTTGCAAGAGCCAGAACGAACGGAACTGTTAACAAACTATAACCCAAGAAAAGAATTGGAGGGTGGATAGCAATCCAATAATTTTGAAGAATTGGATTTAATCCTCTACCATCCTGGGGAACAAAATCTTTGGGTATATTTCCATCGGGAAATGATTCCCACAAATCCGCAAACGGACTTTTGAAGATTAAGATAATAGTGATAAAAAGAATAGCCAGCGAGAAAAAGGATAGTGGCAGATAACCTAAATTGTTTTTCTTGGAATAGAAGTAAAAGGCAAAACTAATCAACGACATCCACAAAGCCCAAAGAAGGAAAGAACCTTCTTGACCTGCATAAAATGATGAAACCAACAAAAAGAAAGGCAATTGCCGTGAGGAGTAACTCCAAACATAAGTAATTGTAAAATTATGCGAAAGTATATTGAACAAAAGAAAAACGGAAGAGAAAACGATTCCTAAAATTCCAGCGAAAAAGGAGATTTTTGCGAGTTTGAGAAATTTATCATTTTTTGTATTTTCTCCGAAAAGGAAGAAAAGAAACGATAAAAGCCAACCAATTGCAGAAATAATAATGAGAATTTTCCCTAACATTTTGTCACCTTACTTTATTTAATTGTTCAATTTCTCCTTCATATTTTGAAGGACATTTTGTAATAATTTCGCTTGCAAGGAAGAATGTATCTTGAAGTGTTCCTTTCACAACAAACTCTGGGGCAATAGTGAAATTATTGGGTTGTGGACCATTGAAGCGAACTAACATCACTTTCCCTTTTTTATCCTTCATATAAAATTCGAACAGGTTGGAAGAGGGATTATATTGAAATGGTAAGTTCTTTTCCAAAGTGCCAACCACTTGAACTTTTTTGTTTAATTCCTTTGCAGTTTGAAAATCTGTGTACTCTATTGAACTTTTGTTAAAAGACAAAAGCAAAAAAGTTAGAAAAATCAAAGCAAGAACACCAATTGCTATATATTTTTTCATTTTTCATTCACCTTGTTGTTCAACATTTTTTGAAATTTTGATTCAATTTTTGACAATTTTCTTTCAGTATTTAATAAATACCAAAACAAACCAATCCAAATGATAATTACAATTATCAAAACAATGTAAAGTTGGTTATTTGATAAAAATTCAAACATTTTCTTGCCTCAGTATTAATTTGTGAATTTGATTTATTCGGATTTTTAAGCTAAGAAGCCAAAAGAACAACATAGTAAAAGAAAGGAAACCGAAGGAAAACCCAAATGTTTGAAGCAAATTTAATGTTCCTTCTTGGGTGCTTAGAATTGGACCAGCATTTCCGCTATTTGCCGAGCCTGGGTGGTTTCCCGCCAGAAGTCTTGGCATTACAAATACCAAGAAGGGCACGGTTACAAATGCTACAATAGAGTAGACCGAACTCAATCTGGCTTTCATTTCAGCGTTGTCAATACTTTGTCGAAGGACAAAATATGCAAAATAAATTAGAAGCAGGACAAAAATCGAGGTTTGTCGGGGGTCCCAATTCCAGAAAGAACCCCAATTGAACTTTGCCCAAATCATTCCAGTTACTGTGGCAAGAATGGCAAAAATGGTTCCCAAAAGGGCAGAGGCAGAGGATATATCATCATCTTCAAATTTATGGTACCGAAGGTATTTAATGGAAAAGAACATTGAAATTAAGTAGGCAACAACGGCAACCCAAGCACAGGGAACGTGAAAATTCATTATTCTAATCTGTTCGCCAAGTTGAGGAACATAGGGCAAAACCAATAGAGGATTTACTGCGATAGTTTTAAGGTATTCAAAAT
CP058732.1_gap39	1790955	1793911	2956	ATGCTTTTTTTATCTCTTCTTGTGTCGCAGTTCTTTTAACACCCAAAATTTTATAATAATCTTTCATAATCTTTTGATTTTTTTTTCATTCATATTTACACAAAAAGAATTTTTTTTAAATAAGTAGTTATACTGATATAGTAGCAACAATATCAATTTCTGTATCTGGGGGTAGTTCAGTATAACTTATAACGCTTATCATTGGAAATTGCGTCCGAACCATTCGATAAAAGTATGGTCTAATTTGGGCGGAACAAATAACCAAAGGCAAATAACCCATCAAAGTAATATCGTCGATTGCTTTTGAAAGAGATTCTTGAATTTTCTTAATTGTTTCGACTGAAAGTCCAAGGGTTTGCATCGAAGTCGCCTGGACATTAGTTTGAAGTACGTTGGATATCATTTGCTCGATTTCTGGGCTTAAAGCAATGCAATGAATTACGCCATTTTGGTCTTGGTACAATCTTTTAATTGTTTCTGAAAGATTGTGCCGTACATATTCAGTAAGAACTTCAACATTCTTTGTAACTTTATAATACTCAAGTAGCGATTCGAGTATTATTGGCAAATCTTTGATTGGTATACCTTCTTTGAGTAAGTTCTGCAAGACCTTCTGAATTACAGACAACGGTAAGTTCTCTGGTGTTATTTCTTCAACTAATGCCGGGTAATCCGATTGAAGATTATCAATTAATTTTTTGACTTCCTGGCGAGTTAGCAACTTGTCGGCGTTTCGTTTTAAAAGTTCTGTTAAATGAGTAATTAAAACTGTCGAGGCTTCTACAACGGAATAACCCATAAGTTCGGCGTTTTCCCGTTCAGCATAGGAAATCCAAACTGCTGGTAAACCGAAGACTGGTTCCGTTACGTGAATACCAGAAATTTCACCCATTGCAGTTCCGGGGTTCATTGCAAGCAACATACCTGGTTGTAACGTGTTTCTGCCAACTTCGTTACCCCTTATTTTGATCACATACTCCTCGGGTTCCAGATTGAGATTGTCCCGAACTCTAACTGGTGGCAATATAATTCCCAATTCCAATGCAAGTTGTTTTCTTACATTCATTATCCTTCGAAATACATCACCACCCTGTGTCTCATCTACCAAAGGTATAAGATTGTATCCAAGTTCAAGTTCAACGGGGTCTACTTTTAGTAAATCTTCGATTGGCTGCTCTTCAACTTTCTGCGGCACTTCTGCTTGAACAAGCTCTTGTCTTAATTTCTCTTCCTCTTCTTTTTTTACCTGTCGGTATCTTAAATATGCAAGAGCGCCCGTCAAACTACTAAGTATTAAAAATGGAATTGTTGGAAAACCCGGAATAAAAGCCATAATAAACATAGCAAAAGATGCAAGGGAAATCGCAGTAGGTTTGCCCCCAATTTGCCTACCTAATTCAATATCCAACTTTTCAGCCGAGGAAGAGCGAGTTACAACAAATCCTGCTGCGACCGAAATCAAAAGTGAAGGTATTTGCGAAACAAGTCCATCCCCTATTGTCAATATTGTATAAGTAGACAAAGCATCTGTTAATGTCATACCACGTTGAGCAACTCCAATGGCAAACCCACCAATGATGTTTATTCCAGTAATAATTAACCCAGCAATTGCATCACCACGAATAAACTTAGCAGCACCATCCATTGCTCCGTAAAAATCCGCTTCTTTAGTTAAATTTTGCCGTCTAATTCGCGCTTCTTGTTCATCAATATAACCTGCATTGAGGTCGGCATCAATACTCATTTGTTTTCCTGGCAGTGCGTCTAATGTAAATCTAGCTGCAACCTCGGCAATTCGCGACGAACCTTTTATGATTACAATGAAATTGATTACCATTAAAATAATGAAGATGATTAATCCAACAATGTAATTCCCTCTAATTACAAAGGTACCGAAAGATTGGATTATCTCGCCAGCATAAGCATCTGTTAAAATCAACCTCGTAGTTGCAACATTCAAGCCCAATCTGAACAAAGTAGTAACCAAAAGAATAGTTGGAAAAGCAGAAAATTCCAACGGATTTTTCAGATACAACGAAACTAAAAGAATTAAAACAGCAAGGGATAGATTTGTTGCTATCAACAAATCCATTAAAATTGGAGAAAGGGGAATTATCAGTAGGCTGATAATTACTAAAATTCCCAGAGCTAACAGAATATCCTTGTTGTTCAAAATGTGGACTAGCCCACGTCCGACAATGTTATCCCCAACTGTTCTTCTTATGAAATCTTCTGCTTTGCTCATTTATTACTTCTCAAGTTATTCTGAGATTCGTTTACATAATACACATAAGCCAAAACTTGGGCAACGGCTTTAAAAAGGAACTCGGGGATTTCCTCCTCGACTTCAACAGAATAATACAATGCTTGGGCAAGCGGTGGCTCTTCAACAATTGGTATTCCATTTTCTTCTGCAATTTCGCGAATTTTCAGAGCAAGGAAATCCACTCCCTTTGCAACTACGACAGGTGCGTTCATTTTGTATGGTTTATATTCAAGTGCAACAGCAAAATGTGTAGGGTTTGTCACAACAACATCTGCCCTTTTTTCAAGATTCTTCATAATGATTTTTCTTAATCTTTGCCGCATCAACCCACGAATTCTTGCCTTGACCATCGGATCGCCTTCGGATTGCCTTGCTTCCTCCTTAACTTCTTCCTTGGTCATCTTTAAATCCTCTTTATAACGACGTTTCTGGTAAAACATATCCGCAATAGCAATAAGAACATAAATAGCACCAACCTTTGTTATCAATTCAAACGTGACTTTGAACATTATTTCGGGTATTTCCCAAATAGGTTTTTCAATCAAACTCAAGTCCCACGTTAAATGTTTTTCCAGAATTGAATAAACTACCCATCCAAGAATAATTAGTTTTGCAAGGCTTTTTACAAGTTCGAAATATGCTCGCCCAGAAAAGAACATTCTTTTCAAACCACCAAGAGGATTGAAAATT
CP058732.1_gap40	1833781	1835985	2204	GCTCGTGGGATTGTAACCCGAAATCTTCTCAACGGTAAAATTGAATCTTTCGTTGGAGATGCCGTGGTTTTGGCTACTGGTGGTTATTCAAATGTATTTTTCCTCTCCACAAATGCCCAGGCCTGCAACGTAACTGCCACATACCGCGCCTACAAGCGTGGGGCTTTCTTTGCAAATCCTTGTTTTACTCAAATACATCCAACTTGTATACCACAAAGTGGGGAACACCAATCCAAACTCACTCTTATGAGCGAATCCTTGCGAAACGATGGAAGAGTTTGGGTGCCTAAGAATCCAGGAGATAAGCGAAAACCAACTGATATACCCGAAGACGAACGTGATTATTATCTTGAAAGAATGTATCCAAGTTATGGTAATCTTGCACCACGCGACATTGCCTCGCGAGCTGCGAAGCGTGTCTGCGACGAAGGTCGCGGGGTTGGACCAACTGGAAACGCAGTTTATCTGGACTTTTCTGACGCAATTAAACGGCTTGGCAAAAAAGTTATCGAAGAACGCTATGGCAATCTCTTTGAAATGTACGAAAGAATAACTGGGGATAATCCCTACGAAACCCCAATGATGATTTACCCCGCTCCCCACTATACAATGGGTGGTCTTTGGGTGGATTACAATTTAATGAGCAATTTGCCTGGATTGCACGTTATTGGAGAGGCAAACTTTTCAGACCACGGGGCAAATCGCTTGGGTGCAAGTGCATTAATGCAAGGACTTGCCGACGGGTACTTCATACTTCCATATACCATTGGTCATTACTTTGCTACCACAAAATTGGAAAAAGTTACCACTGACCATCCAGAGTTTAAGAAATGTGAAGAAGAAGTCAAGGAACGAATCAAAAAACTGATGTCGATAAATGGGAAAAAGACGCCTACTCAATTTCACAGGGAACTTGGCAAAATTATGTGGGATAATGTTGGAATGGCTCGTACAGAAGAAAGTTTGAAAAAGGCGCTCGAATTAGTACCAAAACTACGCGAGGAGTTTTGGAGCAATCTAACAATGGTTGGCGAGGAAGGAGATTTAAACATTGTTCTAGAAAAGGCTTTGCGAGTTGCCGATTTTCTTGAATTCGCTGAATTGATGATCTGGGATGCACTCGAAAGAGATGAATCTTGCGGTGGTCATTTCCGCGAGGAACACCAGTATCCCGACGGCGAAGCCAAACGAGACGATGAACGCTTCTGCCACGTAGCGGCTTGGGAATACACTGGTGTTGGCAACAAACCAATTCGCCACATAGAACCATTAACATTCGAGTATGTGCCACTAACTGTAAGGAGTTATAAATAATGAAACTCACATTGCATATTTGGAGGCAAAAAAATTCAAGCGAGAAAGGACATTTCGAAACTTACCAACTCGATAATGTAATTGAGGATATGTCCTTTCTCGAAATGCTTGATGTTCTAAATGAAAAATTGGTTCTCGAAGGCAAAGAACCAATCGCATTTGACCACGACTGTCGAGAAGGAATTTGTGGTGCTTGCTCCTTGACTATAAACGGAATTCCACACGGACCCGAAAAAGCAACCACAACTTGCCAATTGCATATGCGAAAATTCAAAGACGGCGATGAAATATGGATTGAACCCTTCCGTGCCAAAGCGTTCCCAGTGATAAAAGATTTAATTGTCGACCGTTCCGCTTTCGATAGAATTATCCAGGCGGGAGGCTTTATTAGCGTTAATACTGGGCAAGCGCCCGAAGCCAACTCGATACTGGTTCCCAAGCAAAATGCAGAAAAGGCTATGGACGCAGCACAATGTATTGGTTGTGGTGCTTGTGTAGCGGCTTGTCCCAATGGCTCGGCTATGCTTTTCGTTTCTGCAAAAGTTGCACATTTTGCTTATTTGCCACAAGGACAACCCGAAAGAAAATTGCGAGTCCTCAAAATGGTCGAGCAGATGCAAAAAGAGGGCTTTGGAAATTGCAGTAATATGTATGAATGCGAGGCCGCTTGTCCGAAGGAAATTTCCGTCCGTAACATTGCGCTTATGTTCAGAGACTATTTGAAAGCCTCTTGCTCCGAAGAAAAATTAGAACTTGTCGAAAACGAATAAAATATTGTCGCTTATAAAGTACCCTTGGGAAACCAAGGGTACTTTTTTTATGTGAACACTAAATCTTATTTTTGCTTTTATGGAAGTAACAAAAAAAGTAGAAAACTTCTTAAAATTCTT
CP058732.1_gap41	1837628	1840705	3077	TACATCACTTGTTCCAAAAGCAGCCAAAGCCATTGGAATAGAATTCCCTGAACTTTGTCAAAGAATAATTGATATAGCAATTAAATAGATATTGTAACCAAATGAACACAAAACTAAATAGAAAACATATGCAAAGGCATTGTTTCACAATTTTGTTTTAATTTGCATTTTTTGACGCTCAATTTTGGAGTAAATCTATGAGTATTTTAATTAACAAACGGACAAAAGCCATAGTTCAAGGCATAACTGGTTCGGAAGGTACTTTCCACACCGCTCAAATGCTCGATTACGGAACAAAAATAGTCGGTGGTGTTACCCCAGGAAAAGGCGGAATGTTGTACAAAGGTAACGACAATTATCCATTTCCAAAAGAAGTACCGATATTTAACTCGGTACGAGAAGCGGTGGAGGCAGTTAAACCAGATGCAACAGTTATCTTTGTTCCACCCCCCCTTGCTGCGGACGCTATACTTGAAGCAATCGAGGCTGAAATTCGATTGATTGTGACAATCACAGAAGGGATACCAGTTCGGGATATGGTGAAGGTTTATTCTGCTTTGAAATCCTCAAAGTCCCGAATGATCGGTCCAAATTGTCCAGGAATAATTACCCCTGGAGAATGTAAATTAGGAATTATTCCCGGTTTCATTCACAATCCTGGTACAGTAGGCGTTGTTTCACGTAGTGGAACCCTTACTTACGAGGCAGTAAAGCAAATAACTGATGTCGGTCTCGGACAAAGCACCTGCATTGGTATTGGTGGGGATCCAATAATTGGAACTACGTTTGTGGACGTAATTGAACTTTTCAACAAAGATCCTAAAACAGAAATTATTATGATGATTGGAGAAATCGGTGGTACCGCCGAAGAAGAAGCCGCAGAATACATTAGAAAATATGTCCACAAACCAGTTGTCGCTTTCATTGCGGGTCGAACTGCACCACCGGGACGACGAATGGGACACGCTGGTGCAATTATTTCTGGTGGTAAAGGAACCGCAAGAGAAAAAATCGAAACCCTGCAATCTTGTGGTGTCACTGTTGTTGAATCCCCCGCTGATATAGGAAAAACCATTCTAGAAGTTTATAACAAAAAGGTTAAAAAAAAGTAAAAAATAACAAGAGGGAAAAATGAAACAAAAAACATTAGCAATCATAAAACCTGATGCTGTTGAAAAAAGTGCCATTGGAGAAATCATTCGTCGTATCGAGGAAGCAGGATTTAAAATTCTTGCAATGAAATACACTCGACTAACGAAAAGCCAAGCAATGGCTTTCTACGAAGTCCACAAAGAAAAACCTTTTTATAATGACCTTGTTAAGTATATGACGAGTGGACCAATCGTTCCAATTGCCCTCGAAAAAGAAAATGCTGTCGAGGATTTCCGCAAACTAATTGGTAGTACAGACCCAACAAAAGCAGAAGAGGGAACAATCCGAAAACTGTTCGGCACAAACATTGAAAGAAATGCAATCCACGGCTCTGATTCTGCCGAAAACGGCGAAAGAGAAGTTCTCTTCTTTTTCTCGAAAAGCGAATTGGTTACAACCAGTGAAACTTTTTAACTTTCTTATGTGTTATATAATATTTGAAAGACAGAATTTCCAAAAGTGTTTGAAAAATTCAGTAAAGTTTCGGAAAGAATTATAAATAGTAACCCATTCTGGGATTACAAAATTGACGAATACACATTACCCAATGGAAAGGTAGAGCTGTATTATTATGCTCACACACCTGGCTCTACAATGATAATCCCATTGTGGAAGGGTAAGTTTGTTCTCACTGTCCAATACCGATACTTAAATCAGAAATATAGTATTGAATTTCCTGGCGGTGGCGTAAAACCAGACCTTTCTTTGGTAGAGAATGCAAAAGCAGAACTTTTGCAAGAAACTGGCTTCCTTTCCAAAAAAATTGAACAAATTGGTATTTTCAACCCCTGTAACGGTTTAACAGACGAAATTTGCACAGTTTTTTTTGCAACAGAGTTAATTAAACAAACCCAAGACCTTGATGAGTCGGAAGAAATAGATATTCTTTTGCTTTCCGAACAAGAAATTTTAAAAAAAATTAAAAGTGGGGAAATATGGGATGGAATGACACTTGCAAGTTGGTGTTTATTCAAATCATTACATTTGTAGTCGTAACAGTAAATATTTTTAGCCAAGAGAAAGGAGCAGCGCCAGAAACCAAGTTGCCGCCAGCGTATATGCTGAAAGCAAATTTCAAATTACAAGTATACTATAACTATGTTCTTTCGGATACAACAATATTTAAAAGAGTGTACGCAGATAGTTCACAAAGGGAATTTAAACGAATTGTGAATTACTACTTTACTATTATGCAGCCAGACGCCCCTAAGGATGGTTTTTCGAAAGTTGAAGTTTCTATCGATTCAATTAATTATAAATTTTTTGATGGAAACAAAGTCTACGAATTCTCAGACATAGAAACTGCAAATCTATCAGTGTTTAAATTTGATGATTTCCAAACATACAGTGTCCCAATGAGTATGCAGTATGACATTATTTACTCTCCCTATGGCGAAGTTGCAAAAATCGAAGGCGAACGGCTTGAAGAGAAAAGAAACTACGTTGAACAACTTAAAACATCGATACCGGACTCAATCTGGTACTACAACTGGAAAGATGGATTAAGCGACGCAAGATTAAAGCAAATTGGAGATGTCATTAAGATTCGTTATCCAATCAATCCAGTCTATCGAGACTCTATTTGGTACTCCCCTATTGAATTGCAAATTGATGGTTTAAATATTGTCGATACAGTTGAATTGAAAGCCACTGGATTTATGAATAATAAATATTCAATAGTTGGCAGATTTGTAAAGCCAAATCCAATATGGAAAAACACAAAGTTCTATGACATTAAATCATTGTCTTTGCCTTATAAAATTATTAATTCCAAAGGGAATATTAAACAAACACTCTCGGCAACTGGCGTTGTCCACGAGTTTGAAATAAATCTAAACTTGACTTTAGAGGTTGGTAATCCCTTTGTTTTTACAGAAAACATTGAGAAAAACCTACACTGGGAAATGGTTAAAAGTTTTCGTTTT
CP058732.1_gap42	1961710	1965764	4054	AGAGCCAGCAAAAATCACATAGGGCGCAAGATTGAACAACAATCTATTAGCACCCGCTGGAACAATATCTTCCTTTTGTATTAATTTAATAACTTCTGCAAGCGGCTGAAGAATCCCATAGGGTCCAGTTCGCATTGGTCCAAGTCGCTCTTGAATCCAAGCAGAAATTTTCAACTCGCCAAGGATTGCAATCAAAGCATAGATTATAAGAAATACCAATGGAAGCAATACACTTATCAATGCACTTAATATGTTTTGACCTAAAAGTTTTTCGAATACATTAAATGTTTCCATAAACGAAAAATATTAATTCTACCTATCCACTTCACCAAGAACTATATCTATACTACCGAGAATTACAATTAAATCTGCAAATAAATACCCACGCGAAATTTCTGGCAAAACGCTTAAGTTCACAAAGCTTGGGGCTCTTCCTTTGACGCGATAGGGCTTATCTTTTCCATCGCTGATTACGTAAAAGCCAAGTTCTCCTTTTGGATTTTCACATCTGAAATAAACTTCACCCTTTGGTGGTCGCACTTTCTTTGGAATTGCGGACTGAACATCGCCACTATCGGGCATTTGGGCAATTGCTTGTTCGATAATCCTGCAACTTTGCTCCATTTCACGCATTCGAACAATATTTCGGTCCCAGCAATCCCCAACTGTACCAACTTCCCCTTTACCCACGGGTATTTCGAAATCAAATCGGTCGTAAATTGAGTATGGTTCTGCTTTTCTCAAATCGAAAGGAACCCCAGAACCACGCAAAACTGGACCACTACATCCATAATTTATAGCAACATCCGCTGGTAAAACACCAACGTTTGCAGTTCTGTCGATAAAGATTTTGTTGTAAATAAGAAGTTCTTCAATCTCTTTATTGGTTTTTCTAACTTGTTTCACAATGTTAAGAACATCTTCTTTGAAGGTAGGATAAACATCGTTGGCAAGACCGCCAACCCAGAAATAATTGAAAAGCAATCTTCCACCAGTGGCTTTTTCAAATATCCAAAGGATATATTCCCTGTCGCGGAATAGATACAAAAATGGAGTAAAAGCGCCAGCATCCAAACCAAACGTTGCCACGGCAATCTGATGGTTCGCTATCCTATTCAATTCAGCCATAATTACACGTATGTATTCAACTTTCTCGGGGACTTTAATTCCCATCAACTTTTCCACAGCCATTACATAGGGCAACTCGTTATTCATCGAAGAAATGTAATCCATTCGGTCCACGTATGGAATAACCTGCTGGTAATTCATATTTTCAGCGATTTTCTCGAAACATCGATGAAGATATCCTATGTGGGGTATAACATTGGTAACAACTTCACCATCGAGTTCGACTTCGAGCCTCAAAACACCGTGGGTTGATGGATGTTGGGGTCCAACATTTAAACGCATCCTATCAGATTCAATTCTACTAAAATCAATATCGACGAATTTTGTTGTAGTCATCTATTTCACCTCAATATGGTACTCTAATACCGTGATAGGTTTCTGGTTCTTTATAATCTTTTCTCAATGGATGGCCTTCCCAATCGTAAGGAAGAAGAATTCTTATCAAATTGTGGTGTCCCTCGAAGACAATCCCAAACAAGTCGTAGGCTTCTCTTTCGTGCCAATCAGCCGAACGCCAAACTCTTTCAATGCTGGGAACTTTTGGATTATCTTTTGGTACTGTTACTTTCAAAACAACTTTGTGCTTTTTATTTAATGAATAAAGATGATAGACAACTTGCAGTGTTTCGGGGTAATCTACACCACTTAAACACATCAAATAATCGAAATCAAATTCTGGGTTGTCTCGCAATTCAAGACAAATGTCGAACAATTTATCGGGAACAACATTAATAAAAGGGTCGGATGGTGGTTCATTTACTAGGTCAATAATTGCGTCACCAAACTTTTCTTTCAAGACACCAAAAATTTCTTGGATTTCCATTTCAGCCCTCAAATTTTGTTCTTCAACAATGCTTCCTCTTCGGCAATGCGTTGTCTCTTACGGAATATTGCTTGCTGGTCGATTAGACTTTGCAATTTCATCATACCTTCTTCCATTGCTTCTGGTCGAGGTGGACAACCAGGGACATAAACGTGAACTGGGATAATTCTATCGACACCTTTAAGCACGTGGTACCCATATTGCCAGTAAGGTCCCCCGCTATTGGCACACGAGCCAACAGATATGCAATATTTTGGTTCAGCCATTTGCTCCCAAAGAACTTTGATTCGTTCAGCCATTTTCAGAGTTACGGTACCAGTTATCATAATGAAGTCGGCTTGTCGAGGTGTAGCTCGTGGAATGATACCAAAACGCATAAAATCGAAATGCGAAGCATTCATCGACATAAATTCAATAGCACAGCAGGCAAGCCCAAAATGCAAATACCAATCGGACTTGCTACGGCCCCAGTTGAGAACGTCTTCGAGGGTGCCTAATATTATTCCCCCAGTTTCAAAAGGATTGTCTAATCTATCTAAAAGACCCATATAGACCTCCTATTGTTTTTTATAAATAATATAGTTTAAGTTTGGAACAATTGGTTTTGCTCGCTCCCAATCAAGGTCGCCTTTAGCCCAAACATAAGCGAAACCAAAAACCAAAATCACAACGAAGACAAACATTTCCAGAAAAACAAAGAAGCCATAGCCAAATGATTTAAAGTAGTTTATCACAACTGCCCAGGGTAGAAGAAAAACAATTTCCACGTCAAAAAGTAAAAATACCAAAGCAACAACGTAAAATCGAACATTGAAGCGTATCCAAGGATAGCCAATAGGTTGCTCGCCACATTCATAAGTTGATAGTTTTATTGGATTCGGCTTGTTTGGTCTTATGATTGCAGCAGCAAGCAAACCAATAGCTACAAACAAAAATCCTACTATAAAGAACAAAAGTACTATTCCAAATTCAGTTACCATATCTCATCTTAAAAATAAATTTCAAAATTAAGAAAAAATACAAAAGAAAAGAATTACTGAATAGTAATGTAGATTTTAAGGAATAAAATGCTTAACCAACTATAAATCAATGACATAAAAAACTACTATGATTTGCTTATTATTGAGGGGACTTATTATTACTTTGATTAACCTATTACAAGATTGAAATTTATTTAAAATTAAAACAAATCGAATACAAAACTAAATTTGGTCGGAAACTATTTAACTAACTCCGCTTTTTGTTTTGAAAGAATTTCATTTCTTAACTGTGCTAATATTGAAATTAAATTCACGACACGCATTGAAAGCCCATAAAGACCTTCGACAAGAGAAATGTAAACAATACCACGACGAGCATTCGCACCAGGACGTTTCAATGCCTTCATATAAGTTTTGTGTATTCTTTTAATCTCTTTTGAAAATTCAATTTCGACATTTTTCACATCTTGGTCGACCGAAAGGTTTTGGTTGTCCGCAATTTTAAGTATCTTCTCGAATAATTGATTGAAAAGTTTCGATACTACTTTTAAATCGGACAATTGATTATCGGTGAAAGCTTTTTGAGAGTTATCAACATAATCGAAGCACCTTTGGCTGATATTAAGTAGATTACTTGAAATGTGGCTTAGGTCTGCCATCGCAGAAGCATAAATATGGGACCCCTCGAAAACACTGTCGTCGAAACCACGAATACTTTTGACAAAGTCAGAAAGAACAACTTCTACTTTATCTTGAAGTTCCCTTGCCAATTTCGTTGCCTTTTTCAATTCTTTCAATTTAAACTTTGAAATTCCATTAACACATAAGTTCGAAATTTCTCTAACATTAATCAAAAATTCATACACATCTTTCAAAAATATGTTGAAACTTTCTTGGACGCTTGCACGCTGAATTATTAATTTTTCTTCCTGTTCCTTTCTTTCTTTTTCTCTTTTTCTATGAATAATCGTAGTTCTGGCAAGCGAGAATACAACCAGACCAACCCAAATTACTACACCCACTATTCCCAAATAGTACACAGTAATTGCAATCAATCCAGCAACTAAACCACAAATTACTGCTGTCAAGAGCCAGCCACCAATAACGGTAAGAATTCCAGAAA
CP058732.1_gap43	1985774	1990610	4836	CGGAAGCAGAAAACAACAAAGCCAAGAAACCCCAAAAAATCGACACGTGTAGAATTCCAGCAAACGGCTCACGCAAAATTTTGCTCTGGAACAATGCGATTTTCAAAGCATTTTTGAGTCTCAACGCAAAACGATCCGTTCTTGTTTCTTTCCTCGCCAGTTTAAGAATTCTTGAAAATCTATATAGGTTGAAAATAAGGAAACCAAAAGCAATTACAGTAAAAATTGCAAAGATTATTACTTTTACCATAAAAACCCCAAAAAAAATAGTAAAATAACAAAGGGAAAATTAATATTGATGCTAATTTTAAACTATTTGGTGGGTCTGTAAATGAATTGTTGTTAATTCTTAATTAAAATTTGGGAAGGATTGACACCAACTGTAACCTTTCGTTTAAACGTTGCGTTCTTGTCATTCCAATCAAATATAATTACCTCGCCTTCAACAGTGTAGTTCTTTGCATTTCCAACCAGTATGTATTTGTTTTTAGTATCTACGCATATTGAGTACCAAATTTCGCTTCGTTTTGGGTTTACAATTAGTTCTTCCAATTCATTATTATCTACATTTAAACTCCAAACTCTTTCCCCGGAAAGAAAAAACAATTTTCCAGTTTTGTTCTCTATTTGTAAACTTCTTGGAAATGGAAATTTCCATTCCTTGACCCTTTGTAAAGTCAATAAATCGAACAAAACAATTCCGCCAACTGAATCCTTCAAGGAAGGTAAATGGTTGTACGATACAAATAACCTATGTCTATTTCCATCAATTGCAATTTCAATTGGGTTTGGTGCGACAAACAAATTTGCAACCTCTTTCCCAGCATTTACGTCAACTATAGAAAGAGTTCCAGCCTTGGGTTCGCTGGCTCTATAATCACCATATCCAGAATTTGCAACGTATAACTGACCATTGAAATACTCCACAAATTCGGGTGCTGGTCCAACAAGTATCGTTTTTTCGATTTTTTTACTTGAAATATTTAAAATGTAGACACAATCTTTGTATAAATCTGTAATTACAACAATTGAATCATTAATTATTGCCAGGTGTCTCGGTGCAGAATTTCCTTCAAATGCAAAGTATCCCAATAACTTACCATCTCGAACATCGAAATATTCAAGGGCTTTCGATGTAGTAGCAACAACGAAGAAAGTATCTCCTTTCAATGCAATGTCGTTGCCAATATCTCCAATTTTAAAATTTTTATTGACAATGGAAGTAAAATCATTCTGAACATCAAATGTAATCAAATTCAACTTGCTCACTGTTGAATTGTTATAACCCCAAAGACCCTCGCAAAGAATAAGTGCAAAGTTGGAATTTGTTGTGTCTGGAATAGAAATATCGTTACTGTTTGTGTTCTCCCTGCAAGAAAAGATAGCCAAAATCAAAAACAGAAAATATATTTTTAAGTTTGTATTCATTTTGATACTTTTAAAAAAGAAAAATTATGAAAAGAAAAATTAATGTAGGCATTACAATTGGTGATATCAACGGAATTGGTCTTGAAATCTTTGCCAAGTTCATCAATTCCCAGTACTTTGAAAAAATCGAAAGTAAAGTTAAATTTACACTCTTTGGAAATGAAAATGCTGTCTTTGAATATTTTAAATCCCTTGAAAATTCAGGTCAACTTGAAAAAAGATTAGAAAATGCTTTGCAGAGTGGAAGTTTACATTTGGTTAACATAAATGTAAAACCAAAAATTGAATTTGGTAAAATTCAAGAATTATCTGGTAAACTTGCAATCGAATCGATTTCAACTTCTCTGGATGCTTTTTTACAAAAGAAAATCGATTGTCTTGTTACCCTGCCTATTAGCAAAAAAGCCATACAAATGACAAAACCCAATTTCATCGGACACACTGAATATATTGCAGATTACTTAAATGCAAAAGACCCCTTGATGACTTTTGTATACCAAAACTTTAGACTATGCTTATTAACCACACACATCCCAATAAGCAAAGTCTCTGGAGAAATCACATCAGAAACGATTATCAAAAAGGCAAAAATCTTTGCAAAGAGTTTGATGAACGATTTCAATGTTGTACATCCCAAAATTGCAATTCTTGGTCTAAATCCTCATAGTGGTGAAAACGGAGCAATTGGAAAAGAAGAAATAGAAATTTTCCATCCTTCAATTGCAAAGTTGAGAGATGAAATTCAAATCGCAGGACCATTTCCTTCGGATGGCTTTTTTGCTTTCGGAACACATAAAAATTTCGATGGTACAATTGCTTGCTATCACGACCAGGGTCTTATCGCTTTCAAAATTCTCTCCAAAGGGGAGGGAGTGAACTTTACAGCAAACTTACCCTTGGTAAGAACATCCCCAGACCACGGGACTGGTTTCGATATTGCTGGGAAAAACATTGCCAGTTTCAAGAGTTTAAAGAACGCAATTATGCTTGCGGTAAAAATTACAAAAGCAAGACCAAAGATGACTAAATAATTAACATTGCGTCGCCATAAACTAGGAAACGATAATCATTTTTCAAAGCGTGTTTTACAGCCTTCAAATAATTATCTTTACCCGCAAATGCCATCCCAAGATAAGTGGATGGAGAATTGTACTCGTGGAAATTAGTTATCAAAGCATTAATTATTTTAAAATCGTATGGTGGACAGATAAATTTATCGGTCCAATCTTTGTTGGGTTTCACTGTACCCGAAATCAAAACAGAAGACTCAAGAGCACGTGCCACGCTTGAACCAACTGCAACAACTTTTTTCTTCATACGGAGAGACTTATTTATTGTTTCAGCAGCATCATAAGGTATCATAAAATACTCGGTGTACATTCGGTGCTTTGTCAAATCTTCAACTTCAATTTTTTCATAAGCACCAAGACCAAGAGTTATAACAATTTTAACAATTTTCACACCTTTTTTCTTGAGGGTTTCGACCAAGTTTTTAGTAAAATGTAAACCCGCAGAAGGCGGGGCAATCGAAGTATTGTAATTTGGGTTTGCAAAAATGGTTTGATAATTCACTTTATCTAATGGTGTATATTCTCTTTTGATGTAATTGGGAAGTGGCATTTCCCCAATTCTGTCCAGAATTTTATAAATATCTCCTTCGTAACTCAAACGAAGCGTTCTTCCCCGAGAAGTTGTATTATCCATCACTTCTGCATAGAAATTGTTCTCATTGAAAAAAATCTTGTTTCCAATACGAACTTTTCTGGCTGGTTCAACAAGAGCATCCCAAAGTCTTTCTTCGGCACGCAGTTCCCTTAACAGTAGAACTTCGATTTTGGCATTTGTTTTCTCTTTTCGACCATACAATCGAGCGGGGAAAACCATTGTTTCATTTACTACAAGGCAATCTCCTTTGTCCAAATAGTCAACAATGTCGGAGAATACTCTATCTTCCAACTCCCCAGTTTCACGCTTAACAACAAGAAGCCGTGAGGAATCTCGGGGGTCGGCTGGAAATTTCGCTATTTGGCTCTTTGGTATCGTAAAATTAAATTCAGACAACCTCATATCTTCCCTTCATTTTCAAAAACTTATACTACATTTTAGAAATATATTGATTAATAACGAAAAAAATAAAATATATTTTTATTTATTAACTTTTCCCAATCAATTCTGTAAACTTTTGTAATATCTCGTTCATATTTTTCACTAATTCAGTTGGTTCTTCAAGTTCTCCTTCAAGTACAAGAGTTTCGTAATATAGTTGCTCGATGATTTTTTCAACTATATTATCACTTTCACTATTGTCAATTAATTTGGCAAGATTTTTAATAATTGGATGTGCAGTGTTTACTTCCAGTATCTTCTTCGACTTTTGGTAATTTTTATCAAGTATTTTAAATATCTTTTCAGATTGTGGGTCGTGTCCGAAATATGGTGCAACAAGAGTAACAGGCGAGTCGACCAAACGGTTCGACACTTGAACATTCAACACTCTATCCCCAAGAACAGATTTCATACGTTCGAACAACTTGTTTGCAGTTTCTGGGTCTAATCTTTCGTTCCCGTCAGTTTCCTTTTGTATTTCAACATCAACTTTGTCGATGGATTTCAAAGGTTTTCCGTCATATTCTCTTATCAGTGGAACAATTAAAGAGTCAATTGGGTCGGTCATTACCAACACTTCGTAATTGTTTTTCAAAAAGTATTCAAGATTTGGGTTTCGGCTCAACGAACTTCTTGAATCTGTAATCACATAGTAAATTGACTTTTGATTTTCCTTCATTCGGGAAACATAATCCTTTAACGATGTATATTCATTTTCTGGTAAAGTCGTACTTTGGTAGCGAAGGAGATTGATAATCCTATCACGGTTTGCGCTGTCGATTGTTATTCCACCTTTAAATATTTGACCAAAGTTTTGTGTAAATTTAGCGTACTTCTCTTTTTCGTTTTCCGCAAGTTCTTCTAAATGAGAAAGAATTTTGTTGGTTAGAATTTGCTTTATTTTCGTTATCAATGGACTATTTTGAATAGTTTCTCGAGAAATGTTTAAAGGCAAGTCATCAGTGTCGAGCACTCCACGAATGAACCGAAGGTATTCGGGAAGAATTTCTGGGTTATCGTCCTGAATGAAAACCTTGTGTGAATACAAACTAATTGTCTTGTCGAAGAAATCACGCCAGTAATATGATGGAGGGCTATCGGGAATGAACAAAAGAGCGTTGAAATTAACATTGCCTTCGACTGAAAAATGCAAATAACTTAACGGTGGGTTATCGTCACCAGTTAAATATTTGTAAAAGTTCTCGATATCTTCTCTGGAGACTTCGTCTTTCTTTTTCCTCCAAATTGCATCGATTGTATTTACTTTTTCGTTGTTAACATAGATTGGAAAGTCGACAAAAT
CP058732.1_gap44	2000042	2004593	4551	TTGGAATAGACGTACCCAATGCAAATATTATGGTTATCGAAAGTGCGGAAAGATTTGGTCTTTCCCAATTGCACCAATTACGTGGTCGTGTTGGTCGGGGCACAGCAAAGTCTTATTGCTTTCTCGTAACAAGCAGTAAGTTCAATTTAGATAGACAGAGCACGCTTTTCGACAATTCGGAAGGGAAACTTGCACTTGCCAGGCTAAAGGCTATGGAACAAACAACCGACGGGTTTAAAATCGCTGAAATCGACTTGCGTCTGCGTGGTCCAGGAGACATCCTCGGAATCCAGCAATCTGGATTGCCACCATTCAAATATATAAACCTTGCTACCGATGGAGAAATAATTGCAAAATCCAGGGAATATGCTTATAAAATCAAAGAAATCGACCCAGCCTACAAATCCCATCCAAAACTAAAACAAATCCTTCAAAAAGTAATTAACGAGAAAAAATATTTTGGAATAGGATAAGAAGAGGCTATCTCTTTGAGATAGCCTCACAAATTTTTAATTACAACAAATTCTTTTATTTCTTCAATACTATTTTTTCGAAAATGTTTTTACCGTCAATATTCAAAACAAGGTAGTAAACGCCATTGTTAAATTCTGACAAATCTATTGGCAATTCATAGAAAGCATCTTTCAAATTCGCTTCATTGAAACCATAGACTTCGTTACCAATTACATCGTAAATTTTTGCCGAGAATATCTTGCCTTCTGTCTTGAAAATTACACGCACCACTCCACTCGTTGGATTTGGGAGAATTTGTATGGATGGGTAAGTTTCGTAATTATTTTCCACTGAGGTTGGACTATAAACTGCGTTGATTGGATCATATTCAGCCCAGGGAAGATCCCATCGTTCAATTAAGTTTTGACCAAATGCTCCGCAGTAAGGAACCTTGTCGAAAAATGGATCGTCAAAGTTTACTGATCCATAATTTTCAAACTTAGCAGAGGTTAGATAGGGAGCAGTCTGCTTTGGTTGTGGGTTAATTAATCCGTTTTCGCCAAATGGATCTATTAACTCTGCTTTGTAAGGAGAGGATAAATCAACATTGTTGTTGAATTCTGGTTTCAACATCCAATCTGATGGAATAGATGGGGTTGTACCATCAACATAGAACAAAGCAGATTTAATACCATATATATTGTTATTTCTGATAATTATGGAATCATTTGCAGCAGCCTTTTGAGAGCCAGAAGATAATATTTCAAATCCTTTGGGCCAGCCCATAATTACAGAATTCACTATGGACAAACGTGCATTGCGACGAATTTGTACCACAGTACTATAACGAGAATTGAACTTATTCGCACCAGTTCCCGTAGTCCAACTTGTATCTTTAATTGGACCTATTGCTGTTACATTAGAAAAACGTGCAGATGTAAGGGGATTATTGTAAGAGCCAGCTGCATCATTATCAAATTCGAAAAGGTGGCTACCAGAAACGTCTGCAATTTCTGGTGCTCGAATGGAAAGAGCAAATTGTACTCTTCCACTAAATCCATTATCGCCATCAAATTCATCATCCAAGCCTTTGTAAGCAATAATATACTTTGCGTCTACCGTTCCGCCAAACCATTCGAACGAATCGTCATTGGCATAGGAAACCATTACGTGGTCGATTTTGGTTCCTCTACCCACAGCACCAAGAGTTAAACCATTCAACTCTTGATTTGGAGCCGCAGCAATTCCTCCAAATTCAATTCTGACATAACTTAACACCCCGCTATTGTCGTTGTCGTCTGGGTTATTTCTACCACCGAACCAACCTCGCACCCTATTAGCATCAGCAATACCACCCTCGAGTGCTGCTTCGCCGCCGGGATGGTTTGTAGAGGCTAAACCACAAAGTAATATACCACCCCAATCGCCTTGTCTTCTCTGGCCTGGAGGGGCGGAACTAGTAAAAATAATAGGCTTTTCTGGCGTCCCTTGTGCCAGTATTTTGCCCCCACGATTTACACAAATGGCTGAATTTTGTCCAACAGTGTCGCCAATGATAACAGTCCCAGGTTCAATTTCCAAAACACCTAAGGAATCGACAAAAACATACCCATCAAGTGCATAAATTTTATTTGCTGAAAGTTTAACTCTTGTGGCAATTGGCGTTCTCAAAACTGAGTCCGGTTTTAGAGGTTCCGGTTGTTCAATTTCAAAAGGTGCATCATTTATATCGGTTACGCTCTCGTTAAGAGAACCATCGGGGTTCAATAAAACCATACGGATATACCCGGTTGTAGTACGAACAGCGGGAACACGCCAGCCACCAGAGACCCTTCCTCGCGTTTGACCACTATCGAGTACATTAGCCAAATTCGAGATTGTTGTCCAAGGCCCAGTCGGCGAAGTTCCAAATTGAAATGCAAAACGTGAACGATAGGTTCCAGTTGTATCCCATCTTATATCGACCGAACTTCCAGCACGAAACTTTTCGCCACCATTTGGATAAGTTAGTTTGATGCTCGTAGGTTGACTGTAAACCGAAACGAAAGTAAACAGAATTGCAAATAGGAACATTGAGGTTTTGGTAATATTAATCATAAGAGTACTAAAAATGTTAAACATACAAAGGGGTATTCAGGTTCTAGAAAATACTATAAGAAATTGAAAATGATATAGTTGTTCCAAATTTATTAATTGACCAGGTCCTTCCGTTTTGCTGGTATACAGTTTCTGCATTCAATATGTTCTTCAAACTCAATCTTAGGTCAAGAGAACCAATTTTTTGACCAATTAACAGATCGAGGTAATTTTGCGGCAATTCATATATGTGTGGGTCCTTAGCTTCGAAAACACCAACTTGCGAGACACGAACAATTCTCTTGCCAAAAGTGTAGTAGGTTAAAGAAAGCAGAGTTCCAGATTTTTGATTGTTGTAAAACAAACCAAAATTGAGTGTGTATGGAGATTGTCCCCACATTGGTCGGCGGTCTTCTGTTCCTTTGCCACCTTGGTTAACTTCAATAACCGAACTAATTAAAGAGGCGTTGCCGACAAAACTCAAATCGTCCAAAGCCTGCAAGATGAAACCAAGATTTTTTCTTAATTCGAATTCAAGACCCAGATTTTTTGCAAGTCCATTAGCATTGGCAAATGTTCGGGTTAATTCACTTTGTTGGGGATAGATAGTCTCTTCAATTGCATTTTCAAATGCTTTGTAGAAAAATCCTATCGAATAAAGTTCATTGTGCGAAGGAAAATATTCAAATCTTAAATCCACATTTGTAATATTTGCTCTTTTAAGGTTTGGATTTCCTTGTATTAGTGTCAATTCAGAATAATCGTAAAAGGCAAATGGAGCAAATTCACGGAACGATGGTCTTGCAAGAGTACGAGATAGATTTAACCTGATGTTTGCATTCTTTGTCGGCATAATAAGCAAATTGAAAGCAGGTAGATAATCAATTGTCGGATAATCAACATTTATTGGTGAATCATTTATGTCGTGACTATTCAACAATATTTGATCTCTTTCAACTCTTAACCCAGTAATCAAACGTAATGGAATATTCAGCAAATTAAATCTGTAATCAATCATAAAGTAGCCAGCAAACAACTTTTCACTCGCATTGTATGAATCGCTAAGTTTTGAATCTTCACCGATTCTCAAACCATCTTCAAAAGAAAAGTTTTCCGGAGCAAGTATTTTATCTATATTGTCATAGGAGGAAAGTAATTCATAAACATCCTCGCGGAGATAAGGAGACATTGTGATTGTTATCGAACGAGCATTAAAAGATCTTTGCTTTCTTTCAAAAAGCCCACCAAATTTAACTTTCAAGTTTCCAAACTCTCTTGACAAATTTAGATTGGCAACAACATTTTCTTCTGTTGTATAGGAATAGAATCTACCAGCACGTGTGCCATCACCTTGTTGATTTGCAAGAAGTTCCAATATAAATGGAGTATTGGGATCGTATTCCAAATCTGCCAGTTGTCGAGAAAAACGAAACCTTCGATAGTCTGGTTCGTCTCGATTTAATTTCGAAAAACCAACACTCCACTCTGCTTTTAAACTTACTGGCATTATTACATTGTTACCTTGGACTGTAGTATTGAATAATGTTTTTTGCGTGTAATGCATTGAAATATTTTTAAATTCCAGGAATTGATAACCCAAATCTTTTCCATCAATTTGCAGGACCTCGTCTTCTGCATTATTTACAATTGAAGTTTTTATGGAAAAAATTTGATTATCTGGTGTTTTAATCGATAGATTCAACAACCCTGCTGAATTTGTATTGACATTTGACCGACTTCCAGTGGTTTTGTATAATGTATCAAAATTTGAAAGGTAATTTATTCTTCTGATAGAATTGACAACATTATCTACCGAGTACAACCCGTTGGCAGTCAACCCGATGAAATAATCACCAATCTCGAAGGTATTCGAGTATTGCATATTGAAATTCTTATTATCCAATGGGGTTATAGTTCGAGATTTAAGTTTCAAGGTTTTGTTATTTAAGGAGCGGGCAATTGATTCATACTTTTGCAAAGCACCAGTTGTATCGAATGGGTTATTGGCAAGGTTCAACAAAT
CP058732.1_gap45	2017704	2022420	4716	CGAAGCCGCTTTCAAAGCGATGAAAGAAGGGAAAAACCAATATGCTCCCACCCAAGGAATTTATTCTTTACGAAAAATTATCTCCGAAGTTTACTCAAAACACTATAATATGAACTTCGACATCGAAACGGAAATCACAATCACTGCTGGGGCAACCGAAGCACTTTTCTGCACATTTCTGGCTCTAATTGAAGAAGGCGATGAAGTAATCCTTTTCGAACCGTTCTACGATGCCTATCTTTCGGACGTCTACCTTGCTGGTGGTATTCCAAAGTTCGTCACTTTGCACAAACCCGACTTTCAATTCGACTTCAAAGAGTTGGAAAAATTAATTTCTGAAAGAACAAAAGCAATAGTGGTAAACAATCCCAACAATCCTTCGGGAAAAGTTTACACTTTAGAAGAATTGCAACAAATTTTTGAACTGGCTGAAAAATATAATCTATTCATTATTAGCGACGAAGTGTATGAATTTCTGACTTACGACAATATCAAACACTATTCAATATTAGAAATCGACAAGGAAAGAAAGCGAAGCATTATGATTTCCTCAACTGGTAAAACTTTTAGTATGACAGGATGGAAAATCGGCTGGGCAATTGCAAATCCACAAATTACTGATGCAATTCGAAAAGTTCACCAGTGGACAACTTTTGCAGTTAACACTCCTGGGCAACACGCAATGGCATATGCCTTTTCCAAATTAGATGAATATCTTCCATATTTTCGCAAAGAGTATCAAGAAAGAAGAGATTTAATTTATTCCGAACTTCAAAATACGCTTTTCAAACCGCATAAGCCCTATGGAAGTTACTTCCTGCTCGTTGATATTCCAACAGATGTAGAAATGGATGACATTGAAGTATCAAAAGAACTTACGATAAATAACAAAATCGCCACAATTCCCGCTTCTCCTTTCTATTCAAAATCCCAGGAAGGAAAATCTATGTTAAGAATTTGCTTTGCTAAAACATTGGAAACAATAAAGAAAGGAATCGAAAATCTAAAATCATTTAAATCGGAGAAAAAATGAAGAAAATACTTATAACAGGAGCGTCGAGAGGGATTGGTCGCTCTTTGTGCAAGACTATTGCCAAAAGCGAGAAATGCAAATTTGCTTTGATAGCCCGCAACGAAGACTTATTAAAGCAAGTTAAAGCAGAAGTGGAATCTCTCGGCTCGTTTGCAGAAATCTATCCCTGTGATATTTCAAACAAAGAACAGTTCCAAACAACGATACACCAAGCAAGCGTTTATTTAAACGGAGTCGACATCGCAATTCTCAATGCTGGAATTTCCCACAATAAATGGATTACGCAAGAAAACTACTCAACTACTTTCGAAGAAATTTACCGCACAAATGTTTTCAGCATAGCCTATGCTCTTGAGGTTTTGCCGGAAATTATGAACAAATCCAATGGAAAAATTGTCATAGTTAGTTCGCTTGCCGACGTTAGAGGGTTCCCTTCCAGCAGTGCATACTGTTCAAGCAAATCAGCAGTAACAAAACTTGCAGAATCTGCTCGTGTGGAATTGAAAGCCAAAGGAATTCAAGTTATTACAGTTAAACCGGGTTTTGTAAAAACTGATATGACAGCCAAAAACAAGTTTCCTATGCCATTTTTGATGGACGTAGAAAGTGCAAGCGAAATAATTTGGAATGGAATTAAGAACAATAAACGGATAATTGCTTTCCCTTTGCCTATGGTACTATTGACCAAGTTTCTTGGGCTTGTCCCTAATTTTATTTTCGATTTCCTTGCAAGTAAATATAAGGAGCAATAACTAAACGATTATAAAATCAAGTTTTTCTTCTACCTGGAACTTGCTTGAAGTTTTGGATTTTTTCAAGTACTAAAATTAAAATTCCAATTAGAGGGAAAAGCAGAAACAGCCATCCTAACCACGGAAGACCACGAAAAACAAATGTAACAATCCAAAAAAAGGAGGAAGAAATTATAATTATCCATCCAGAAATCTTGGGCTTAAAAAAATAAGTTGCAAAGCCAACCATTATTCCAAGAAAACCCAGAATTTGCAGACCAAGAGATAAATCCCAATTACTGTAATCGTATAGGTCATCTGTCCATAAAACAAGAATCATAAGGACAATAAACAACAATAGAGCAAGACGCAGTGCGTACAAAAGAACTTTTCGAATAAATTGGTTCAAATCACTTTTCTTCGGTGGCTTACTTCTTCCGGCTGTATTTGCCATAGAATTGTCCTTCAGCAAGTATATGACCCTTCATTGCTTTAATAAGTTCATCTTTTGTTGCCCCGGGTTTCAAATCCAACATTTTGTCCAAAGCGTAAATCTTGAAGAAATAGCGATGGACGCCGCTTGGTGGACAAGGACCACCGTAGCCAATTTTGCCCCAACTATTTTTGCCTTGAAGAGAGCCATCTGGCAACTTTTCCACTGGCTTGATATTCTCTGGTAAACCATTCGAAGTTGCGGGGATATTGTAAATAACCCAATGCACCCAAGTTCCCATTGGAGCATCTGGGTCGTCGTTGATAATAGCAATCGACTTTGTCCCAGAAGGCAAATTCTTCCAACTCAAAGGCGGAGAGATGTTTTCCCCATCGCAAGTATACTTCTGTGGAATTATTCCACCATTCTCGAACGCAGAGCTTGAAATTTGAATTTCCATTGGTTTCCCCCCGAAAAAGAACAACAATATCAAAAGAAATGAAAAACTTTTCATATCTAAACCAATAAACAACACTAAATTAAATAAAAATAATTTATTTTGTTAATGGTATTGCAGTACCAAAAAGTTTTTTAAATCGAGAATGTCACGAGAGAAAATTACTTATATTCCCGAAGGAACTCTAACCTATCTTGCAGTTTATGAATTGGAACGAGCAATTTGTCCTTTCCTAAAATTCCATCCTCACGATTTGTGAAGACCAACTCATAGTCCTTACTCATTACTATTGCCTCTTCGGGACAAACTTCCTCGCAAAAGCCACAAAATATACATCGAAGCATATTTATTTCAAACTTTTCGGGATAACGTTCTTTTTCACGTTCTGTTTCTGCTGCTTGCACTTCGATAGCAAGAGCGGGGCAAACACGCGAACATAATCCACAAGCAACACATCGCTCCCCATCTTCGTCGAGCACTAAAACCGGACGCCCGCGATAGGAACCAGTTGGTTCCCAGCGTTCCTCGGGATACTGGCGAGTGAATTTGGGTTTAAACATCTGCCGAAGAGTAATTCCCAAGCCTTTTGCAATTTCTGGAAGATAGAGTTTCTCCCAGAAAGTCAATCTTTGATGTTCTGTGTTTTCTATTCTATTCATATTTTTGCTCGAATTATTTCAAAATATAAATAACGATAGATGTAACAATTAAATTTATAAGAGCCAAAGGAAGCAACACTTTCCAGCCTAAATACATTAATTGGTCGTATCGAAAACGTGGCACAGACCAACGCACCCAAATGAAGAAAAATACCATCAAAAGTGTTTTAAAAATTAGTATACAAAATTGAATTAAAGATAACCAAAAAGAACCTGGTTCCAAGCCAATCCATTCGGGGGGAATAGGTAAATTCCAACCACCAAAGAAAAGCAGCACAATTATCAGTGACGAGGTGAACATATTTGCATACTCAGCAAGGAAAAACATTCCAAATTTCATCCCAGAATATTCTGTATTATATCCGCCAACAAGTTCGGGCTCGGCTTCTGGCAAATCGAATGGAGCGCGATTTGTTTCAGCAAATGCAGAAACAAGAAAAACAATAAAACCAAGCGGTTGGTAGAATATGTTCCAGTTCCATAAGGCTTGCTTTTGGACAATTTCTTGCAGTGAAAGAGTTTGAGCCACAAGAAGAACACCAACAATAGACAATCCCATCGACAATTCATAGGAAATCATCTGGGCAGAGGAACGCAAACCTCCAAGAAGTGAATATTTATTGTTCGAAGACCAACCCGCAAAAGTAATTCCATACACTCCAACAGAGGTCAAAGCAAGAATAAACAAAATTCCAATGTTAACATCAGGAGTAGTTATCGAAAAATAAATTAGTTTGTCGCCATATTTAAATGGATCGGCAAAGGGAATCACTGCATAAACTGAAAAAGCAACCCCAAGAGAAATAACGGGAGCAATACGGTGGAAAAATTTGTCGGCAGCGTAAGGAGTAATGTCTTCCTTTAAAAACAATTTTATTACGTCAGCAAATGGTTGAAGAATACCAAAGGGTCCTACTCTGTTTGGTCCAATTCGATTTTGAATAAACGCAGAGATTTTCCGTTCGAGGTAAACTCCAAATGCCGCCGCAATAAGCAATATCAGAGTTAAAATTATTAATGCTTTAATTAGAAATTCGATTATTAGAAATGACCATTCGACCATAATTACCCTCTGTTAATCTGGTTTCATATAATGAGATTCATAAACTGGAACCACTGGGTCTGGGTTCTTGCTTTTGCCAACAACAACACCAAAGTGTGTATCCAAAAGTTGATAAGTCATACCTTTGAATTCATTTAAGTGTTGAGCAATTTCGTTGAAAACATCTTCCGATTTTCGATAATTCCACCCCGCGCCAAGTTTGTTTGCAATCATTTGAATTATTTCCCAACTCTGCCGAACGTCTCGGTACTCAAATTGCGACCATCTATCGTTGAATGCTCCAAACTTATCCAACCGACTCATCTTCATTCCCATAAAACGCAAATTGTTGCGTGTTACC
CP058732.1_gap46	2177721	2181644	3923	GATGAATGCGTCCATCTTGCATCAAGCGTTCGAGAGCAATCTTTGCTACTTCGCGTCGGAACGGATCGAAGCCAGAAATTACCACTGCCTCGGGCGTGTCGTCGATGATTAAATCAACACCAGTTGCAGATTCAAACGAACGAATATTCCTTCCCTCTCGGCCGATTATTCTTCCTTTCATTTCGTCCGATTCGAGGGAAACTACTGAAACAGTACTTTCAATGCTATGATCCGAAGCAGTTCGCTGTATTGCCTCTAAAATGATTTTCTTTGCTTCGCGTTGAGCATTTTGCTTGGCTTCGTCTCGAATTTGCTTGATATATTGTGCAGCCTCGGCTTTGGCGTCGTTAATCATATTTTCCATCAGAATCTTTTTGGCTTCTTCGCTCGTCAAACCGCTTATTTCTTCCAACTTTTTCAACTGCTGATTTCGTAAGTCTTCAATTTCCGCAAGTTTCTGCTTTATGAAGGCTTCCTTTTGCTTAAGTTCCTGTTCTGTTAATTCGAGTTGCTTTTCTTTTTTCGAAATAATTTCATTTTTTGCCTCGATGGCTTCTTCGCGTGTCTTTAGCAACTTCTCCTGGGCTTGGATTTTTGTTTTTCTTTGTTGATATTCGTTCTCGAATTCTTGTTTACGTTTATGCCACTCTTCCTTGACTTCAAGCAATTTCTCTTTTTTTAGATTGTTTGCTTCTTTTTCTGCTTCTTTTAAAATGTTCGAGGCTTTTTCTTCTGCCTCGCGAATTTTGCTCGACAAGGTCTTTTGAGTTATGTAATAAGCAACTCCAAACCCAAGCAAAAGCCCAACCAGTGCTCCTACAACAATAATGATTTCGTTCATCTTCCAATCCTAATTAATTACCAACATCAATAACAATGACAATTAATAAAACGATAAAATAGAAAAATTTGTATTAAAATAAAAAACCGCATTATCGCCTTGCCCAAACACATACCTGAGTCGGAAAGAACCCAATCCGACACAGTGGGTATCAGCCTGACTATATTTTGCGTCCACTGGACACCCGCAAGGATGTCACCACCCGAGGGGTGGTCGAGGCCTGCAATTTATAGCCAGAGCCTGATTCCCTTTTTTTCTCACTAACGGTTCTTTCGCTCATAAGGGGGCAAGGCTCTAATGCGGCTTCTAAATTATCAAAGAACTTAACTTATATTATCTATCAAATACAATGTAATTTTCTTGATTTCATCAATCAAATACTCTTGTTCAATCTTGCTCTTCATCTCGCAATGTTTCAACTTTTCCGCAATATTCACGGCCGCAAGTGTGTATATTGTTTGCATCGACTCCGAGCGATACTTCTCCATTATGCTTTGCAATTGCGAATCCACTTCTTCGACTGCTCGTCGAATTATCTCCTCGTTTTCTCCTTTAAATGTATATTCGCTTCCTAATATCTTTGCTTTAATTTTTCCCATTCCCTATTTTGTAAAAAAGCAAAATAAGGAATTTTTATGAATTTATATAATTCATTTTAAATTTTTAGAAATTTGAAACTGGTAAATGTATTTAAGTGGATTTATTACCAAGTAGAAAGAGCAACGCGCTTCCAACCAGCAGAGGTTTTAATGTAAAGATAATCATCGTCCCAAGCCACATCGCCCACTTCACCATTTGTATCATCTGTACCAGTTGGTGTGTAACTTGTACGCAGTCTCAGTTGATTATATCCATAAACACCTTGAAGGTCCAATGTTGAAGTTGGAGTTGCAACATTCGATCCTATAGCTGTTTTACCATTTTTTAGCATAACTAAAGAATTGCTCCGTGACACATAAGAAGACCCATTCCCAACAACTAACAACCTATCGTCGCTCTGATAAGTTTCAAAATCTCCCTCGTAACCATCATTAGAATTGTAAAGACCAAGAACAATTTCCGAATATGAGACAGTTTCCAGAAAACTTCCAACAGCCATTGAATTGTTACCTCTGGTGTAATTTCTTTCTCCACCTAAAATTCCAGATAGATCTCCTTCATAATACCCAGCATCGTATAAACCAGCAATATTAAATTTTCCTCCACCGATGAAACAATAATTTGCCCATACAGTATTTCCTTTACCAGCCATAATCCCAGAACTACTGGCATTATTTATTTGGTTCCAGTACCCTGCACCAATTATAGAGCTCAATGAATACTCAATATAATTTTCACCAGGTGGATCTTCATCAGGATCAGTTACTCCACCACCAACTATAACTGAACTATAAGAATTAACTATACTATTGCTCTCGCTTCCACCAACAATATTAACATAACCGTTTTCCTCGTCTGTAACATAGTAGAAACTCATTGCATGCGTGTTGTTCACTTTCAAAACAAGTGGTTGGTCATTGGTTGTGCCAAGAAAATTTCCTTCGCTAATGCTATTCCCATTGAGCAACCAGGAGTTCCCTCCCCCGCCAATGATATCCCAAACATAAATCCATTGCTGGGTTCCATTCTCGTCTAATGTCAAAACTTTTCCATATGGGCTTTGTTCTTGTGAAAAAACATTTCCAGCAAGAAACAATAAAATGAATAATGCTAACAGTAGAGTTGATTTTTTAAACATAAAAAGCCTTTAATATAAAATAAAAAAAGACAACTTACACAATTCTTTTCACAATTCCAAACTTTTTTTTAAAAAAATTCTAAATTTTACTAAATTTAAAGAGGAAATAAAAATTGACTGCTACTTTGTCTTTAATTCAAACACGGGGGAATACAAACTTTCGCCAAATTCTCCTTTGGCTTTCAATCGAATGTAATATTTTGCATTGCGTTCCAAGTCGCTAATCTCGTAACTTTCTAAATCCCCAATGTCCAGGTCCTTGTATGGTTCGACGATTTGCTTGAACTCCTTGTCGCGTGCCAAATCGAGTATATATGTAATTGCTCCTTTGGACTTCTTCCACTTTATTTGATACACCCCTTCTTCCAGCGGGGTTGCATTCAATATAATTGGGGCTGGTATTCTCGTCGCCTTCACTCTTGGGTTGTTCGATTCGCTCGCAATATTGTAATGTCGATACTTGCCATTGCCGTTGTATTCAAAAACTCCAACTGCATACTTTGTTCCAGGCTCCAAGCCTGTAACCTTCACTTTTGGACGCAAGTCCTTCCCGTCGTAGACCACAGAAGTAGTTCCTTTGATTAAATCCCCTTTTCCGAAAGCATTCGAGGCTTTGTATTCTTTGCCGTTCTCGGGTTTGTCAAACTTTTCACCTTTAGCAACGACAAGGATTCGGCCCTCACCGCTACCATTCACCCAACTAACAACAAAGGAAGTATCTGTAACATCATCAAAGGCAATTTGATATGCTTGCAATTCCGGCTTTTTAGCGATTGTGTTAAATTGAAATGATTTGTAATATATTAGACTATCCCCTTGTTTCTTAAATATGTGTATCCAATAGTCATTTCTCGAAGCCAACTCCACAAAAAATATTTTTCCCTTTTTCGCTGAAAGCCCGCTTGCAACAAGTTTTCCCACTTTCGGGTAGTTTTTCAAAATAGGATAAATTGCCGTATCTTTCAATGCGAAGTTACCAGTCCAAGGCAAAGTTTTCTCGCAAGATTCAAGTGTCGATATGAAAATGGCGTAATTTGCAGAATCCGCTTCGTATTTAATTTCAGCAGTTGTTTCGGCAATTTCCTCAATCGTAAGTTGTAGCCCAATCTTACTTTGTGAACGCAAATCTTTCGACTTTTTCCCCTTGCTTTGTGCAAAAGCATTTAATTCGAAACTTAAAACCAAAATTGAAATCAGCAGGTATATTGTTATTCGCCTTACCATTTTTTTTGAATGTTTTATAAAAAAAATGCAATTTAGCAAAAAACAAATAAAAAGAGGCTCTCCGACGATTTGCAGAGAGCCCCTTTTTCTAATCACTGCCTTTTACGGCATAAAGATAAA
CP058732.1_gap47	2196448	2201100	4652	CAAAATCGGCAATTGCTCCATCTTGCAAAGGGCGAATTATTTGTATATCTCTTGGAGTTCGTCCAAGCATTTCCTTTGCTTTCTTTCCAACAGCAATGATATTTTTCGAAATTCGATTAAATGCAACTATCGACGGTTCGTTCAAAACTATTTTGTTTTCGCCAGCAAGATAAATCAACGTGTTGGCGGTTCCAAGGTCTATTGCTAAGTCTGCGCTAAGGAAACCAATCATTTTATTCTCAATGTGAAAAATAAATTACAAAATTAGTAGAATTTTTTTGAATACAATTTTTTATTTTTGAATTGAATTTTAGGAGAGAAAATGAAGAAAATTGTCTATCTTTTGATTTTTTTGAATATTTATTATCTCTTGTCCCAAGAACAAGGCTTAATACAGCAAGCCTACGAAAGTTTTCAGAAAAAAGACTATCAGAAGGCAATAGAATTGTACTCGGAAGTTCTTCAAAAGCATAACACCTATGCTCCTGCCTTCTACGGTCGGGGACTTGCCTACGCCAAACTTGACCAATATAATTCTGCAATCAAAGATTTTGAAAATGCAATTCGATATGACAAAACACTTTCCGAGGCATACTACGCAAAGTCAATTTGCGAAATCAAACTTGGATTGAACGAACAAGCAATGAATTCTATTAACTCCGCAATTGAAATCACAAAAACCAAACCCGAGTATTATTACACACGTGGGTTAATATATTACTATCAAAAAAACTGGGAACGCTCGATTTCCGATTTTAGCAAGGCTATTGATATCGACCCCAATTTCGGTCTTGCATACTACGCCCGAGGTTCCGCTTATTACTTTTTAAAACAGAAAAACAACGCCATTCAAGACTACGAAAGATACATTAAAATAAGCGGAAATAAACACAACCTTGCTAACGAGGCTCAAAGATTGATAAATGTATTACAACAACCCGAGGATTAATATGAATTACTTCAAGTCTTTTTTTTTCTCTGCTTTTTCTTGATAATTTCTTCTTTTCGAACTTTTAGTCAATCATTTCTCGAAAATCTCCAAATTGGTGGCAGTTTCCAATCCGATTCTTATCTTTATTTAAAAGACTCTACGATTGAATCTGCAGAAGCACCAGAAAAGATTCTTTCAAATAATTATCTTTTCTTGACAATTTCTACAAACAATATCAATCTGGATTTGCGTTACGAAAGTTACCAAAATCCAATTCTTGGGTTCGACCCAAGATATCAAGGCTCTGGTATTGCCTATCGTTCGCTATCATACAAAGGCGACTTAATTGGGATAACGGTTGGAAACTTTTACGAGCAATTTGGTAGCGGAATGATTTTCAGAGCATACGAAGAACGGAATTTGGGTATTGACAACTCAATCGATGGAGCCAAAATTGAAGTTACGCCAACAGAGGGACTTACATTCAAGGGTTTAATTGGCAAACAGCGGTATTTCTGGTCGACAAGCAAAGCAATTGTTCGAGGTGCAGACGCAGAGTTTACTTTGTCAAATTTATTCCCCAAAATTTTTGAAAATATTCCTATTACAATTGGCGGAAGTTTAGTAAGTCGCTACCAGCCAGATTTGGATTCGAAGTACAAACTCCCAGCAAATGTTCTGGCTTATTCAACAAGATTTGAAATTTACTTGAATTGGTTTTCTGCAAATTTTGAATTTGCCCACAAAGTGAACGACCCAACCTATCGAAACAAATTCACATACAATGATGGCAATGGTATAAATCTTAACTTATCCGCATTCACCGAAGGGTTTTCGATTCTTATAAATGCCCACAGATACGACAATATCGAATTCCGCACGGATAGAGAAGCCAAAGGGCTTGAATTGTTCTTAAACTATTTGCCATCTGCAACTAAACAACACCAATATTCTTTGCCTGCATTTTATTCCCCATCGACTCAAGGAAACGGCGAGGTTGGATTTCAAACCGAAATTAATTACACAATCCCAAAATCCAACAAAATTTTCGGCGGTGAATTCGAAACAAATTTAAACGCTGGTTTCTCATTAATTAAATCTATCGACACAACAAGGACCGACGAATTTCATTACAATAGCAAATTCTGGGGAATTGGGAAAGACTTATTCTATCAAGATTTCTTCCTGGAAATTCGTCGTCGGCTCTCGCACTCATTTGAATTAAAACTTGCTTACATTGACCAAATTTACAACAAAGATGTTATGGAAAACGAAGGTTCCCCGTTATTTGGAAAAGTTAAAAACAAAACAATTGTCGGAGAATTCATTTATTCATTCGACAAAAGAAACACGCTCCGTTGCGAAATCCAACATATGTGGTCTAAAAATGATAGTACAGTTACCAGCGAAGATAAGAAAAACGGCAATTGGTTCGCTTTTTTGTTGGAGCATTCAATCGCACCACATTGGTATATTTCTCTGCTCGACCATTGGAACTACGGCAACGAAAATGAAAAATTCAGAGTGCATTATTTAAAACTGCTTCTAACCTATATTCATAATACGACAAGAATTTCTGCTGGATTTGGAAGGGATGCTGGTGGCATTGTCTGTATCGGAGGTGTTTGTCGGGCAGTTCCAATATCATATGGCTTTAGTCTTTCGGTTACAACTTCATTTTAGGGAGGGTATATGAAACACATAATCAAATTAGCAACTTTGCTGTTAATTATCGGATTCATTGGTTGTGATAAGATTGAACCACCATATCTTGAAAACCCAAGTAATGTCGACACAAATAAATATGAACAAAAAATATTGCTCGAAGAATATACTGGGTTTAGATGTGGTAATTGCCCAGAAGCAACTGAAATTGCTCACTCATTAAAGGAAAAGTATCCGAACAATGTTATACTTTTGTCCGTACACGCTGGTGGCTATGCAAAACCAACGTCAGCCCATCCCTATGATTTTAGAACCCCAATCGGAGATGAATTGGACAATTTTTTTGGTTGTAGTATGGCTGGCAACCCCAATGGAATGGTCAACAGAGTTGGCTTTCCAACCAAATCTCACATCCTTCGAGAAGGGCAATGGGAATCGGCAATTTTGAATCTGATACCCAAAAAGCCAAAAATGAACATTTCACTCAACGTGTCATATAATGCAACTACTCGCAAAATCACTGCTAATGTTGAAATTCATCTTCTGGAACCAAGTTCGCCCAACTACCATTTGTGCGTTTATCTTGCCGAGGATAGTGTGGTTCAATATCAACGAGACGATAGACTTTCACCGCCAGATGTTGAAAATTACGTACATAACAATGTTTTACGAGGAGGATTAACTTCAACCTGGGGCGAGCCAATTTCTGAAAGTATTTTGCAAGCAGGAAGCAAAGTTTATAAATCATTTGAATATGTTATTCCAACAAATAAAGATTGGCGTCCAGAGAAGTTGAAGATAATTGCATTCGTCCACGACAAGGATAATACTTTCGAAATTCTACAAGTCGAAGAAAAGCCCCTTTTTCCATAATGAGCAAGACCGATACAAATTTTATTAGTTTTTCGCTTCTTGTCCTTTTATTTATTGTACTCATTTTCAATATTGAACTTGGCGAAGTTCAACCTTGGGACGAAGGGCTTTACGCTTATCGAGCAAGAGCGATTCTTGAATCAAACCAATGGTGGGACCAATCAAGCGTTTCTCTTGGCGGGTTATATTCATCGACATACCCACCACTGGTACCCTGGATGATTGCTTTGAATTTACAAATTTTTGGTGAAAATCTTTTTGCAATACGAATATTCTCCGTTCTTTGTTCTACTTTTGCAATTTTCTTATTTGTGTTTTTCCTTTCCAAGCAATTCGACTATCTAATTACTTTCCTTGTAGGATTAAATTTATTACTTTCCAGCCATTGGCTATTTTACTCTCGGCAAGGAATGACCGATATTCCTTTGCTTTTTTTCATCCTTTCAAACATAATTGTAACTGTAAAATTTCTTGAAGAACAATATAAAACAAAACAACTTGTTTTGGGTTTGCTTATTTCATTTACATTTTTTTTAGGATTAATGACCAAAATCGTACTATCTTTTATTCCTTTGCTCACACTTATTTTTGTCTACCGTTACTTTCCAAAAAAAATATTTTTAAAGACCTTGATTTTTTACGCATTGGGGCTTCTTTTGGCTATGCCTTGGTATTTTTTTATGAGTATGAAATATGGAACAACATTTATTTCGTCGCTGTTTCCACCCCATTTGTTCAGTATTGTAGAGGAAAATCGTAAATCTTTAGGATTTTTTTATTACATCAATCAAATTTTAATCTCCAACCCATTTTTGGTGCTTTCTTTTTTCAGTATTTTTATTCGGTTTAAATCGAAAAAGTTTCTGAATTTATTCTTTTCTGGCAACATTGTTTCCGACATATTCTTCTTTTGGTTTCTTTCTGGTTTATTAATTTTTTCGCTTGCTCCAACTAAACTACCTCATTACACACTCTATTTACTGCCCCCCGCATTCTTTTTAATTTGTGAACTTATTTCACTACATTACAACAATTTAAAACTAAAAGAAAAGACTTTCCTTATAATTGCAGTTTTATTCAATCTTTTTTGGTTTTTCACACCATCATTTCGTCAATCAATCAAAGAAATGAACTTTGAAACTCCAATAATATCTATTGCATTGCTTTTGGTTGCAATTTCTAT
CP058732.1_gap48	2271257	2274937	3680	CTTCATCAATGATTATAGTTTCACACTTTGGTAGATAATCCTTCATCTTTTGGTATCCATATTCAAAGGTGTCCAAATTAAAAGACCATCGGGGAAAAGTGTTTTTCGATTTCAATCTGCAAAGTTCCATTTGTTGTTCGTTTGGATAAAATATTGCATCGTAGCCAATTTTCTCCGATACATTGAAAACTGCAACAGAAACAACACCGCAGAAAGGCAGTTCCAAATTTTTCACTTGCGAGACGATTTCTTGCATTTTAGTGGTTTTCCCCGAGCCTTCGCTTCCTACTATCAAATGCAATTCACTCACTGCTTTTGCTTTTCTTCTTTACAAGCCCTTCTTTCACATATTTTTTGTAAAGGCTATCGAGTACGCCGTTGACAAATATTCCGCTTTTATCTGTTGAGTACTGCTTTGCAGTTTCGATTGCTTCGTTGATTGTAACCTCGGGGTCGATTTCTGGGAAGTGGAGTAATTCAGCAATAGCCATTTCGAGAATGATACGGTCGACGATGGTTAATCGCTCGAATTCCCAATTAGCAATAGATTTTTTTATTTCCTCAACAGCAAATGGTCGAGTTTGCTGTGTTTTTTCTATCAATTCTTTTGCAAATTGTACATCCTCTTCGTCCCAAGAAATTGGAATATCCGCTTCCAATTCCATAATCTCTTCACGTGTGAGAAGTCTTTTAGTTTCGGGTTCGTCAGGGTCGAATTTAAATTCACGAAAGAAGATATGATTGAAAAGATTTTCAACTGGTTCCTGGCTAACTTCGTTTGCAAAGAGAACTTCGAGGACTTTGCCTCGGACCATACTGCGTGTGCCTTCAATTTTCTTTGTTTTGCTCAAGTAGAAAGCCTCCTGTTGGTTTTCGGTCGTCTTCTTTATTCGAGATTTCCCGCTTTTCGCCATTTTTCAATGTCCGAAAAAATTCATTATTTTGTGTTTGAACAAAAGTAATCATTTAAAAGTATGAAAAACAAAAAACTAAATTACTACAATATTGAGAAACAATCAAATGTTGTTAGGATTGAATTCCTTGAAGCCTTTACTGTTGTTAATCTTCCATATTTCGATAAAATAAAGCCGTTCGAGAAAACATTCAAGGGAGTTGAAAGAATTGAACTGGACTTTGGTCGAGTGGAAAATTTCGACTCGTCGTTAATTCTCTTCCTAAATGAACTAAAATTCTGGACGAAAGAAAAAGGTATTACGCTTGAAGTGAAAGGGCTTTCGGAGCAAATGCAATCCTTTTGGGGAAAATTCGCAGACTTTCCAGTCATCAAAGCAAAAGAAATCCAACACGAAAATCCATTTATTCAATACTTTTCCTCTATTGGAGAAAAATTTCGTTTTCTCCTCTCCGACTACGCTGAATTTTTCGACTTTTTTGGTGAATTGATTACTAAAACTTTGCTTTCTATTTTCCAAATAAAAAAAATACGCTGGGAAGACTTTCCAGTCCTTTTCTTGAAAAACGGTGTCAATGCCTTGCCCATCGTTTCTTTAATACTTCTATTAATTGGAATAATCTCTGGCTACCAAGGAGCAATTCAATTGAAACAGTTCGGTGCAGACATTTACATTGCCGATTTGATAGGCGTTTCAATTGTTAGAGAACTTGGACCTTTGATGACAGCAATACTTGTTGCGGGACGTTCGGGTTCCGCTTTTGCTGCTGAACTTGGCACAATGAAAGTCTCCGAAGAAATCGATGCACTTCGTTCGATGGGTTTCGAGCCGTTCAAATTCCTAATTCTACCAAGAGTTTTTGCGGTAACACTTTCGATTCCGCTTCTGACCATTTTCGGAAATGTTGCTGGAATACTTGGTGGCTTGATTTCTGGATTATCAATTTTAGACATCACCACTGCTGGATATTTTACTGAATTGCAAATAGCAGTGGATTTGGGAGATTTATCATCTGGACTATTGAAAAGCATAATTTTTGGTTACCTTGTCGCTGGAATTGGTTGTTTTCGTGGCTTGCAAGTTAAAGGCGGAGCCGAGGGCGTCGGAACGGCAACAACAATTTCTGTCGTAAGTGGTATTTTTGCAATAATAATCGCAGATACAATATTCACATTTATTTTCGATGCAATCGGTTTGTAATTCAAAAAATTCAGCCTTTTGGAGGAACCCAACCCTTACGATTCCAGCGAATTAATTCAATATTAATGCTTCCAATGTAGACATTCATTTTGGCTTTAATTGGGATACTTGCCTCGTCGTCGCTAAACCAACCTTCGAAATATCCAGTTAATCCATAAATTCCAGTCCAATCGGCTTTGCCAGTAAAGTGTACTGTCCGAACTGGATAGCCAATGCTTGGTATTTCAATATTTTGGCGACCACCGTAAAAATTTATGTATGTATAGACTGTATCTTTATCCATTAAAGTTGGGATTTTTATGTTTTTGCCCGACTTTGTGAATTGCCGAGCAAGGAAAAAAATCGATAAACCATCATTCCATTTTTTAGTTGTTTTAATTTCCTTGTAAAAATACCTTTGGTTTTTCTTGTACTTCTCTACTTTTATTTTTTGTTCTTTGTAGTCAAAAATTATTTGGTCGAACAACCAATAATCTTTTTCTTTCATACTCGAATTGAATTTATACGAGTATGTAATTGATGGGTCGAACCAACTCGTAAATACAGCGTGTAAATCGACAAAAGGAATTCCAGAGTAGGAATCAATGTATGCTTTTCCTTTGTGGACTAATTTTCCATCGAGCGTTTCATTTTCTTCGGTAACAATTCGAATCGTTCCAAGTTTTATTCCTAAAAACGAAACTTCGTATAGCAAATCTTCCGATGGGAAAATCATTTTGGAAGTATTGGCAAATGATTCAATCGTAAAAAGCAAAACAAAAAAAATAAGAGATAAAAGTTTTCTCATCGAAAGCCCAGATTAAATTCAAATTCTATTTAACGGAAAAAATGAAAATTATTGCAATGAGTTAGTCTATTACTCTTCCAAATCAAGATGGACAAGTTTTGCTTTGACACTTTTCAACAAATTCAATTTTCGAGCGAGTTCCTCGTGCTTTTCTTTGTCTCCAACCATTTCGCATATAATCAAGCCTTCTTCGGAACAATTGTCGAGCACTCCGTCGTGAATTCCCAACCGAGTTTTTATCAAACAACCCCAACCAGTTAATAACTTTTGAACATTAACCGCTGCTTCGTTTCTTTTACCAACAAGGATAATCAAAATTGTCTTGCCCATTAGTCCTCCACAAAAATTTATAACAAATCATCCGAAAGTTCTAAAACAACGGGGCAATGGTCGGAACCGAACTCTTGTGGCAACATATAACAATTTTTCACAAAGGGCACCATCTCTTTCGAAACAAAGTGATAATCGACTCGCCAGCCAACGTTGTTCTCTCGGGCTCGCCCACGCTGGCTCCACCAAGAGTAATGCCCACCTTCCTTTGTAAACAACCTAAATGCGTCCACGAAACCCATTTCAACTAATTCATCCAATTTCTCCCGTTCAATGGGAAGGAAGCCAGAAACATTTTGATTTTCTTTTGGTCGGGCAAGGTCGATTTCAGTGTGTGCTGTGTTGTAGTCGCCAGAAATAACGATATTTGGATATTTCTTTTTTAATTTTTTAATATACTTGTAAACCTCGTCGTAAAAATTCATTTTGAAGTCCAAACGCTCGTGGTC
CP058732.1_gap49	2296381	2297704	1323	ATAGTATTGATGGAAAAAAATTTCGGCTCGAAGCCCGAAAAACTATTAGTCTACATTTCCCCACTTGCTTCGGTTGAAAATTACGAAGTTGGGGAGGAAGTTGCCAGCCTTTTTCCTTATTCCATTGTAGCGAATGGACAAGGAAAATACTATTTTGATAACAGAAAAGAAATATTTCGGCAATTGATAGGAATTGGTGTTAAACAAGAAAACATCGAATATTCTGAACTGTGCACAATTTCAAATTTGAATCTCCATTCTTACAGAAGAGACAAAGAAAAGTCTGGACGAATGGCAGCCTTTATTGGGTTAAGAAGTGACTATTAATTCTTTGAGGCAAAAATGCTAAGGAAATTAACCAATTCTTCTCGCCAGGGAGGAATTTCAATGCCAAGTAGTTCGGATATTTTTTCGTTACTCATCGCAGAGAATTTTGGTCTTCGTGCAGGAAGTTGAAACTCTTCGCTCTTTGCTGGAACGACATTAACACGCAAACCAAGTTGCTTTTTTAATTCCAGTGCCCATTCGTATCGAGAGGCGAATCCAGAATTTGTCAAATGGTATACTCCAGCCAAGCCTTCTTCCAAGGCTTTCATCGTTACATTTACAACAGTTTTGGTGGACGTCGGAATAGAAACTTCGTCAATAGAAACACGAACAGTGTCGCTTTCCTCGCTCCAAATTAAAAACTTTGTAATAAAGTTCTGGGTACCAAAACCATAGAGCCAACTTACACGCAAAATCAGAAACAATTCCAATTCTTCGCTAATTGCTTGCTCACCAAAATATTTAGTCCATCCATAAAAATTTATTGGATTGGGTTTGTCTTCTTCGACATACAGAGTAGGCTTTTCTCCATCGAAAATATAATCGGAACTAAAATGCACCAGAAAGGAATTATGCTTTCTGCAAACATAAGCAAGGTTTCTTGGACCAATAGTGTTCACTCGCAAAGCGTTCCATCGGTCAAATTCAGCCCTATCAACATAATTGTATGCCGAACAATTGATTACTATCTCTGGTTTGACCGTAGAAATTATTTTTTCCACGTCATCTAATTTTCCAACATCAAGGGTGGGCAAATCAGTTTCATAGAACTGGATACTTTTGAGATGAAAAAAATTTTTAAATTCAGTACCAAGTTGTCCCAAACTGCCAATCAAAAGATATTTCATAACCTTCTACCGTAATTAATTTCAATCCATCTTAGGTATTCACCACTTCGAACTTTATTTAGCCATTCTAAATGTGATAAATACCAGGAAACTGTCAAATCGAGCCCCGTCTCAAAGTCGACCGATTGACTCCACCCTAACTCGTTTT
CP058732.1_gap50	2329617	2332134	2517	CGCTGAATAATAAAGCCCGACAATACGGCTTTCGAAAAAGTATTGCAGAAACAACACATCCAGTTGTCGAGGAATGCTTTGAAATAGAGAATAACTCATCATTGGCAACCCAAAAGAGAAATACTCGCGCAGTTTCAAATTTCCCCGAAAGCCGAATCGAATGTTTTTCCGTAAAATCAATATTGCTACAAGCGAACTTATAATTGTGCCAGAGAAATAGATTTCCATTTGGGTTTCAAATCTAAACACTGGCTTTTGAAAGTAGAACACTACCGTCAAAATGCTCATTGGAATAAAAAATGCTGAATTCACAAGGAAAAGTTTGAACATATTCGAATGCTTGAAAGCAAATTTCAAGCAGAAAACTCTTGGAAGGGTTAAAATCGAAAGGAAGGGCAAATAGAATGCAACTTTCTTCAATCCTTGTTCTTTGAAGAAATATACCCAAAAATCAGAAAAAACTGAAAAAACAAAAGTAAAAAGAAAAACGAAAGCAAAAGATAACAAGAAAGCAAGCGTATTCGCTCTACGCTCGGTCTCTTCTTTAAATCCAAATTGAATAATCGCTTGGTAGAACAAAGAATCGGTAATAATGAAAATCCAAGTGTGAATTCCAATTAAAATTCCATAAAGACCAAGTTCAGAAGGTTCTAATCGACGAATTTGCAGTAGGACAACAAATCCATAAAGGACATAAAGCCCTTTATCGAGAGCACTCCAAACAACTTTGTCGATATTTTCGCTTAACTTCAAGAATTTGCAAAAAAACAAAATTACGAAGGGAATTCTAATTTACTGGCAAATGTATGATAAACTTCGTTCCCTTTCCTTCCTCGCTTTCAACTTGGATGTTCCCGTCGTGGAGGAGGATTATGTGTTTGACAATAGACAATCCAAGCCCCGTCCCACCATACTTTCGTGAGCGAGATTTATCGACCGTGTAGAATCGTTCGAAAATTCTTTCTTGGTGTTCTTTTGGAATGCCAATTCCTTCGTCGCTAATAATTATCTTGACTGTCTCGTCATCAACTTTCCGTAGTTCAATTCTAATCGTTCCCTTTTCAGAATATTTTATGGCATTATCAATGAGATTAATGAAAACTTGCTCTAAACGAAATGCGTCGGCATTAATATTCGGGAAATCGTCTTCGCAAATTACTTCGATTTTAAGATTTTTCTCCTCCAATTTGTGCTTAAATGTGGGAACGACTTGATGAACAAGTTCGCACAAATTCACTTCTGTAACAAATAAACGAGCATTTGCGTCTTCGAGCGAGACCAAATTCAATAGGTCATCAACAATATAAATAATTCTTTCGGTGTTCTTCTTGATTGTTTCAATGTACTTAAACTGTTCGCAAGGAATTTCCTCTTCGAGTGTTTCGATATATCCTTTTATTGCAGTAAGCGGAGTTCTCAATTCGTGGGAAACATTTGCAACAAGGTCTCTTTTGATATTTTCAACTTTTTTAATCATTGAAATGTCGTAAAGAATATGCAAAATCTGGGTTGTATCTTCCAAAGTTCGTACCGAAGACAAAAATATTTTGTCTCCAATTTGAACTTCGATTGTGGAATCCTTCCGACCGTTTATGATTTCATTTAATTGATTTAGGATATTTTCATTTTCAATATTATCGAAACTCTCACCATTTTTCAAAACCAAAGACTTATAGTATCTGTTACAAAAAATAATATCTTTGTTCTTTGTAATGATTGCAACCGCTTGTTCGAGTGCATTTATCAGATTATTCATAAAATTTCTTTGTTGAATAACTTGTTGAAGATTTTTACGAATTTCAGCAACCATTTCATTGAAATTGTGTTTAAGGAAAGATATTTCCGAATCTCCTCGCTCGTCCAGTTGAATGCTAAAATCTCCTTCTGCAACTTTCTTGGAGGCATCGACCAATTCAAGTATCGGTTTGGTCAATCTTTTTGAAAGGAATAGTGAAATTAACATTACAGAGCCAAACAAGGCAAGAAAAGTAAAAATTACTTTCTCCTGGACATTTGCGAAAAATGCATTAAGATTTTTCATAGGAACGCTGGTTCGAAGGAAGACGTAGGTGTCATTATTCAAATTCATCTTTTTTGCAAAATATATGTAATCGGCTTTCATAGTTTTGCTATATCTGGTGGAAAAGCCTTCTCCATTTTTTAAAGCAAGTTGGATTTCAGTCCGATAAAGATGATTGTCGAGTTTCGCTTCGTTCTTTCTGGTTTCAATCAACACCAAGCCATTTGAATCAATTATTGTAAATCGGACATCTATCAAACTATCTATTTGAAATAAAATTTTTTTTAAATTTTTAATTTCAGAAGTATCAAGTGGAGTTAAATTCTTTTCAATGACTTTCGTGAAACGAGATAGTTCTTGGATTTGAAAATCAATAAAAAACTTCTTGAAAGTTGCAAGAGTTTGGTACAAAAGAACAATTGAGAAAATTGAAATAACCGCTATGATGGATGCAAAAACTATCGTAGAGTATCGTTTCATCAATCTTCTGTTATTTT
CP058732.1_gap51	2333754	2336863	3109	GCAGCAAATAACCACAATAGAAGAAGCATTAACCACCAATACTTCCGATTGTCAATTATGCTCATAAATATAAAACTTGCAAAAATAATTATCGCACTTCGTAACAAAACACCCCAAACGATTGAACCAGTTGTAATAACTGGTACAACCTTACCATCTTCTTGATGTTCCAAGCCTATTCGGAACATCAAAATGTCCAGTATTTTATTCAATATTTCCATTTTATTCCCAGTAACATATGCAAAACTAATAGAAGTTTACGAAAATTTCTTAATTTTGAATTTTATTTATTTGGCAAGGCTTATGAAAGTCAACCGATTTCTATTGTCTTGGGTTATAATTGTAGGAATATTTTTCATTTGTTCCAGTTCTTATTCACAGAAAAAAGCAAAAAATTCAAAACCAATTAAGAACGTTGAAGAAACAGTTATTGCAACAGTTGGTTCCGAAAATATTACTTTCGCCGACCTTGAAAAAGCATATTCAAAAAATCTTGCCAAAAAGAATTCACCTCTTTATTCACTTCCCAAAGATAGTTTGATGGATTTTCTGAACCTTTACGTCCGATATCGACTAAAAGTAAACGATGCTTTGGCACGTGGTTTGGATAAAGATTCTGCAACGAGAGAAGAAATACGCAACAATCGTCGCTTGCTTGCCGAAACTTATTTCTTCGAAAAAGAATTGGTCAATCCCAATGTTGAAAAAATGCTCCGCTACAGAGATTGGGAAGCACAGATTTCATATATCTTTGTTCAATTTCCCGCCGACAATCCAGACACGCTCCCTACATATAAACGAGCGATGAAATTAATAGATATGCTAAAAAACGGGGCAGATTTCGCCAAACTTGCAAAAGATTCTTCCAACGACCGTGAATCCGCCGAACGTGGTGGACTTGTCTTGAACTATTTCACTGGTGGGAAGGTTCAAAGGCAAATCGAAGACGCAGTTTTTTCCTTAAAACCTGGTGAGTTCTATCCTTACCCAATTAAGACTAAATTTGGATATTTCATCGTTAAATTAAACAAACTTCAACCAAGGGTAAAAGTTAAGGGTCGCCACATCCTTATTGCAATTACTCCCGATAGAGATTCTACTTCTGCATTCAAAAAGGCGGACAGTTTATACAACCTCCTCAAGGCGGGCGTCGATTTCAGCATTCTTGCCGAGGAGAATTCGGACGACCCGCAATCTTCAATGCGTGGTGGAGATTTCGGTGGTTGGTATTCCCGTTCAGGCGGACTTGAACCTTCGGGGAAGTTTTTCACTTCTTCTTTCGAGGATGCACTTTTTAATTTGAAAGACGGGGAAATTTCACAACCCGTTCGCACAGAATATGGATTCCATATAATTCGCAGAGATTCAACAAGCAAATTTAACAAAGACGAGGACCGAGAGGACTTGAAGCGAACCTATAAAAGACTTTATTTTGAAACAGACAAAAAAGAACTAATCGAAAAATTGCAAAAAAATTATGGATTTTTTGTCAACGAAGGTATTTTAAGCAAACTTTTATCTTCTGTCGATACAACCAAAACAGTTTTGGACACTGCTTGGTTCAAAAGTATCCCAACAGATATAAAAAATGAAGTACTCTTTGGTATTCTCAACAAGTTGTACACCGTTGGAGAATTTGTCAATATTCTCAAAAGTAAAAGTGAATTTAGAACTACGGCACTAACTCGGGCTGGCTTGCTAAATGCAATTGATAGAGTTGTTCGTCCAGTCGTTTTAGATAAAGCCACTGAAAACCTCGAAAGCCAAATTCCCGAATTTGCCTCAATTGTTAAAGAATTTAGTGATGGAATTTTGCTTTTCAAGGTTGAAGCACTTGAAGTTTGGGATAAGTTGAAATTCGACACGACATTTGCACGCCAATATTGGGAAAAGAACAAATCGAAATATAAGACCTATCCAGTTTACGATGTCCACGAAATTTATGTTATGAACGATTCACTCGCAAGGGTTATATACGAAAAATTAACCAAAGAAGGAGCAAATTTCGAGGATTTGGCAGGTCAATACACACAAAGAGCAAACTTCCGAGAAAAGAAAGGATATTGGGGAAAAATCTCCACCAAGGACAATAACCTTGCACGAAAACTTCACGAAATGAATGCCCAAGAAGGAAGTATTATTGGTCCAATAAAATACGACGATGGTTTTTCCATAGTCAGAGTAAATAAATACGAACCCGAACGAGAGAAAACATTCGAGGAGGCAATTCCAGATTTTGCCACCGATGTACAAGAAATTTTGCAAAAGCAACTGCTGGAAAATTGGCTCGCACAAGCCAAAAAGAGAATTCCAGTTAAAATCTACGAACAAAAACTTATGTCTGTTGTTAGTACCTTGAAAAAACAAAACAAATAACTTTTATAATGAAGAAACCACTTTTATTGCTCTTTTTTGTCTTTTTCATTGTCACCAACGCATTTCCTCAAAACGTTGGTGAACCTTTAGACAAGATTGTCGCTATTGTTGGCGACGAAATGATATTGCTTTCTGACGTAACTGCACAACTTCAAGTTCTTGCTCAACAAGACCCACGCATTGACCCAAACAACCCAACGACACAAAGACAAATACTCGACCAGTTGATAAACGAGAAATTGGTTCTAATTAAAGCCAAGGAGGATTCGATTACAGTAACAGACGAAGAAATCGACCAACAATGGGATTTCCGATTGAAGGCTCTCATCCAACATTACGGTTCAGAGAAAAGAATCGAAGACATCTATGGGATGTCTATCCCAAGACTTAAATCCGAATACCGAGACGAAATCCGAAAATTTCTTCTCACCGAGAAAATGAAAGAAAAAAAGTTTGGCAATATCAAAGTGAGCGAACGAGAGGTTAATGAATTCTACGAACTATATAAGGATTCGCTTCCAACATTACCCGAGCAAGTGGAACTTTACCACATTGTGAAGAACCTCGTTGCACCAGAAGAGATTCGTCGGCAAAAGTTTGAACTTGCAAAGAAAGTTCGTGATTCCATCATTCAAACTGGGGATTTTGTTCGATTTGTAAAGTTGTATAGCGACGACATATCATCAGTAAACTCGGGCGGGGAACTTGGTTGGGTTCCACGAGGGAGATTTTT
CP058732.1_gap52	2499535	2504006	4471	ACCTCTCCGCATTGGTTGTAGACTTTAACTTTGTAGGTTCCAGCATCTTCGGGTTGAGCAGATGTTATTTCAAGAACTTGTTGAGTGAAATTAATTTCTTGGTCATCCTTGTACCATTGATAGCTTAAATTGTCACCAGTTGCACCAATAGTTAAAACAATCGGTTGACCAGAACTTACTATATATGTTGCTGGCAAATCGCTTGTAATCTTGGGGAGACTGTAAACAACAAGATTTGCCTGATTTGAAGTCGCTTCGGCAAAACCTGGAATTGTAACTACAACATCGTAGGTCCCAGCATCATTTGGTGCAAGATTAGAAATTGTCAAGGTTTCGGTATTTGTACCACTATATTTCGCATTATCATTAATTGGTGAACCGTTGAAACGCCATTGATAAACCAAATTGTAACCCGGAACCGTCGAAGAAGCATTTACTGTAATCTGAACAGTTTCGCCTTCGCAGGCTTCAACATCACCAATTGGCTGAATTACAACATTGGGCTTTTCAATAATTGATATTGGCAACGAAGTGTCGGCACCACACAATCCTTTAACTACCACGTAGTAATTATTAGCAAAGTCAATCGGCTTAATATCTCGTATGGTCAAAATAGAAGAGTTTGCCCCAGCAATTCGGTCGTTGTCTTGCAATGGGGTATTGCCTCGATACCATTGAATGAATGGTTCACCATATTGCATTTCTTCTGGCGTGATATGCATATCGATTTGGAATGTAACTACTTCACCTTGATGGACATAGACTGCATCGGGTTGTCGAGTAATTTTTGTTGGTCGTATTGCATATAACAAGGCATTTTCACTTCGCACTGGTTCTGCTTCTCCATTTCCAGAAACAACACAATGGTAAACGCCAGCCATTTCGTGTGTCAAAGTTGGCAACATTAGTATGGGTTCGGTTGCGCCCTCGATAGGCTCACCATTTAAATACCATTGGAAGTACAATTCACCGCCAAAGTCAATTTCGGCTGTGATTGAGAAGTAATAACCATCTTGTCCAACGCAACCAATAACTTCTTTTGGTTGCTGGGTAATACGAATTTCTGGATTCAAGGTGTTCACCCCCATATAGTATGCTTTGTAGCGACGGTTTCCATCGATGTCCGTATTCTCAACTTCATCTTGCCAATTTGTTCCAAGCAACTCTGGAATTGGTCCTTTGAAGTAAAGTCTGGGGTCAATTTTTGCAATCCGTGGATTATCATCGCTTAAGAATACTGGAACAACAGATTGGGAATTCAAATCCTTTCCTGTTGCGTTTCTCCAGGCTTGCAAAGTAGCACCAAGATTCGAAAGCGTTGCACCACTTGTATAAATATCGTTTTCGTCCATTACTAAATCTGCTGGGATAGAACCAGATACTTGAATTGCATAACCAGTGCCCTTGTTAAAGAAGATATTTCGTTTGAAATTATTTTGGTTCTTCAATTGACTAAACAATGCTACTGGTCCTGTTGTATTGGAGAAGAAAGTGTTGTAAAACATCATTGTCTTCGACAAGTTATTCAATTGCAAAGCACTGGCGTTCAAAGTGGTTATCAAATTGTTCCCAATTAGCGATGGCGTGTTAATAAGATACAATCCGTATTTATTATTCCCATTCAATTTAACATAGTTCTTGTAAATTTTCACGCTTTGACTTCCACTTGCATAAATTCCATGAGTATTAGTTCCAATTATTAAATTGTTAACAAGAAAGTTTCCAGCCTGGTAATTATTGAACTCAAATCCAGAATTATTGAAAACAATTCCAGCCTTGTCGTAGGAACCACTTGCAGAAATTGTAATTTGATTGTTAGAAATACTGAATGCGTTAACTCCACTGATGAAAATACCATTAGCGTTTGTTGGCATTACAACATTGTCCTCAATGTTCGAACCTTCAAATCCAGTCATCGTATGAATTACTACGATACCACCAGAATTATCGTTGATTGAAGTTGTCGAAGAAGGACCTACTCCGTTAATTCGGTTACCTTTTATTAATGAACCATTTTGCACGAAAATACCATTAAGCAAGTTTCTACCAGAGACAACATTTTCAATAATACTGCAACCACGCACATCTTCGACGTGAATTGCTTGCCAATTTTGACCAAAGAAGAAATTCTCTCTGATATTAAATGTGGTGGACTGTTGCCCCGATGGAGATTTATGCCAAATACCAACTGAACCATAGCGGAAATTCGTATTGATAATATTAAGATTGGATACAACATTGTTATCTGAATAAATCAAAGCAAAATCGGTGGTTTTTGGCGGGTTTTCACAACCAATTAGTTCACAATTGTCCAGGGTTATGTTTGTATTGTTACCTCGAAGCGTTAACACCCGACCAAAAACGCAACTATTATTTCTTAAAGTTACATTACGGAAAGTAATATTGTTATAACGATTTAGGTCTATAACAAAATTCCCATCTGGCGATGTTGGAGTCGCTTGAATAATCACATCCTCTTTTCTACCAGATTGAGATTGAATGGTAATCGGATATTGCCTACTTCCAACAGGGTTAAGTGTAAAGTTAGCCTCGTAGGTTCCAGGCCTTACCAAAAGGGTCACTGGACCAGCAATTCCCCAGTAACTGATAAAACTTGTAAATTCAATGAGGTCGGCAAAGTCGGGCTCGCGTCCGCCAACGGTGTAGGTTCCACCAGCAAGCGCTTTGTAAACCTGCGTGGATAATGTGTCGTTTGTTGGTACTTCATCCGGTAGTCCATTAGGATAAGACGTCCAAGCAGTTATTGGAACCGGAATGTTTGCAGTACCAAAATCAAAGGAACCAACTTCCACATCAATAGAATCTTGTGATGCAAGATTTCCCGTCCAATAGTAAGGACTTTGCGTTTGACCGTAAACAGACCAATTTATGAATACCGATGTCAGTGGTTTAGGCGCGAAATTATAAATTCTAAACTTTACTGGATTGATACCAGGGCTCAAAGGAAGCATTGGGTCGGCACTAATAACGCCAGCATCATTAAGAATGCAGGGTATTTTCTTTGTATAACTGTCATTTGTCGGGTCTCCGTCGGGCTGTTGATTTGCTCCTGGGTCAGTTCCTTGCGGATTGCTTGTCCAAGCACGAATCTCAAATGGATTCCACGGGGCTTGTGGTGTAAACTTAAAATTAGGATGAATTTCAACAGTTGTTGTTGAATTAGTATCAAGGTAACCAGTCCACTGATATGGGGTTTGTACCACACCATCGACTGACCAATTGATTGTAACGCTTGTTAATGGGAAATATTTACCAAAATTTTTCAGTACCACTCTTACTGGTTGTCTTTCGTAGGAATTAAATTTGGGCGTCGGGCTGGTTATGTCTGTAATACCAGCATCATTTCGTTTCATTCCGATAACTATAGTATAATCTTCCCATTCCATATAGTAATACGAATAGCAAGCACCATAATACAATAAAGTCTGGGCATAATAATGGTGCCCTGTGTAGGCAACTCGCATTCTTGTTTCGCCCAATCTTGCAGTCGTCGGTATGTAAATTGTGCTCGTATATGTTTTTGTCCAGTTTCTTCGGCAAGATTCCCATTTGTATGCAACGAGTTCATCTGAATTGTTGAATTGTCCATCCTGGTTCCAATCAATCCAAATCACATACCCAGTACAGTTCCAAATGGAATATCCATCAACTGTGAAAGAATAGGATTGACCTGGAAGACAAGGATTTGATTGAAGTATAATCGCTGTAACCCGTTGAGTTATAACTGCTTCGGTTATCAATACCATTAAAAACAAAGCGAGTCATATATCCATATTGTGGATAATACCCAGTAACGCTACAGTATTGTCCAAATATGTCCGAAATTGAGAAAACAAGCAATGTAAAAGCAAAAAGAAGAAACAAAGTAAAGCGAGGTTTCATTTTGCCCTCCTCAAATTATTGGTAATAATCATTTTATTAAAACTCATATATTCATTTTTTGTTACAAAATACAATTAAAATTTAATAAAAAAATTATTGAAATTTGTAATTTTTAAATAAAAACTCTTGTAATTCTTTATACTACAAAAAAAATCAAAAAATTATTTAACTACCACAAAAGATTTAAATACTCTTTTTCCGCTTGAAGTTCGAATTGAAAGATTGTAGAAACCAGAGGAAAGACCGCCCAAATCAATTTCGACGAGATTGTTTCCGCCATCGCTTTCGAACCAACCAAAGCGAACTGATTGCCCAAGAATATTAAATATTTCCACAGAAACCAATTCTTTTGCTTGCAAATCAATGAATTGAATTCTCATACTCGTTTCAGTTTGTTCAAAATGGATTTCTCTTTCTGTTTCTGTTTCAACACCAAGTACTGTTGTTCTAAATTTAAAAGTATCGGAGGGAATTTTTGTCGTGTCGTTGTAGTAAACAATAACTCGCCAGAAATATGTTCGATTGTTCTCAATTCCTGAAGAAACTGAATAGGTTGTATCGCTCGTAT
CP058732.1_gap53	2660150	2660650	500	TTTTCTGGATGTCTCTTTTTTGAACATCAATAAAAAAATTATCATCCCCCAGAAGATATGAGAAAGCGCAGATATTGTTGAAAACAAAACCGCAAGATAGCATCCATTCTGAATATTCTCTTACAAAGTCCCAGACGCTATTTTTATACGTTTCTTCAAATGCTTTTGCTATTCCATCAATAGTAATGTACTCATTAGAATTAACTGTTCTGACTAATTGAATGATGATGTTAGGATCTAATATTTGGTTGCCTTTATCCCCAGATTTATCAAATTTTTGTTCGTACATTAAAAATATAGGAAATTCGGAAGTAAAAGCAATTTGAGTGATTTGCCCTCTTGATACTTTCGAAACTATTGTATTTCCTATTTCTTTAAGATACTTAAACAAAAAACTAATTGGTCGCAATCTAAACTTGTGTCCTGAACTGGAGTGTTGGACTAATTCTTGTCCATCAACATAGTATTCAACTATGTTTGAAGATTCAACATATGTATCT
