gap_id	start	end	length	sequence
CP060226.1_gap1	103063	106350	3287	AGAGTTTTCATTTATCAATCTCCAAGACGAAGATGCGGATCATGTACTCAGAGTATTTAAAAAGAAAAACACCCAGAAACCACTCGTAACCGAAGCAAAACAAAAATCTAGCGGAGGAGGAGAAAGAAGAAACTTTTCTGGAAACAGGGGATGATGAAGAGGATTTTCTGGAGGTAGAGGAGGATTTAACAGAGATAGGGGAGAATCAAGAGGAGGAGGATACAGAGGAAGAAGATAAATAAAAAATACCAGGAGGGAATTTTCCCTCCTGGTATTTTTTTATGTTGAAACTCTTAGTCTCTTTGTTGTTCTTGGGCAAAGTCAACTTTGATAGCTCTTCCATCAAGTTCAACTCCGTCCATAGCTTCTTTTGCTTTTGCTGCATCTTCAACAGTTGCAAATTCTACGAAACCAAAACCTCTTGATCTTCCAGTTTCTCTATCAGTGATGATTTTAGCGTGAGTAACTTCTCCGTGCTCTTTAAATGCATCTTTAAGATCTTGCCAAGAAAGATTCCAAGAAATCCCACCTACAAACAATTTATTTGTTGCTTCCATATGAAATGGTAAAAAAATATAAAGTACGAGTATACAGTATTTGTTTTGCCATTTAGCACACTGAAGCCACAAGTTCCAGAGTTCACAAAATGAAACACACGAAATAATATATCTCAAGTATAGAAGTATAGATTTTCCCGGAAGAATGCAAGTTTTTCTTTGAGATTTTTTGAGAAATTTTCGTTTTTTACTATACTGACAACAATAATTATTATCAGATACCATATGTTTTGATGATTTCTAGCCTCACTGTTTTGATCACTGGCAACGATGTTTTACAAAAAAGCTTTGGTAGCAAATACTTCAGGGATCAAACCTCTTGCCTTTGAGATGATCGGGGAGATTATGCTTGTTATCTTTTGTGGTATGTTATTGCTATTGCCATGGTTTAGCTTTGAGATAAATGGACCGATATATCATCTATTTTTTCTCACTTTCTTGGCAAAACTCTTGTCTGTGCTAGCTAATCCTTTGTATTTCAAGGCGTACACGCATGAAAAAATCTCTGTTTTGATGCCCTTTACTTCATTTGATAAAATCTTTGGTGCTGTCATAGGATATCTGTTTTTATCTGGAAATAGTATTTGGTCTGTCGTTTGTGCACTTGGTTCAGTAGTACTGATTATAGTATTCAATGTAAACGCACAATGAATAAAGGTTTCAAAATACTGTATCATGCTCGCAATAGCTGGAGTTTTCTCAGCGGTAGCTATGGCGTTGGCTTGATTTGTACTTCAGGAATTGAGCTCTTTTGAATTTACTTTTCTGATGTTTGGGTTCGGTTTTCTGATTATGTTTGCATATACTCTAATGACGAAACAAGTATTTGAACTTCCATCTCAATTAAACCGAGGAGTAGTAGGATATCGTTTTTGAGATAAGGTATTTCATCTCTCGACAACAATTTTGACGTTTTTCCTTGTTGCGACACTTGGTCTTGTAAATACGCTCTTACTGTCATTTATACGACTCGTAACAGACTTATGATTTTCTTTTGCTGTTTTTAGAGATATACCAAGATGAAAAGACATACTTCTTTCGGTACTCGTGTTGGGATTGATATTTATTGGAATGATTTTAGGAGCAGATTAATCTCTGAGAGAGTTTTTATCTTGTTCTTCTTTGAGAGTATTTATCTGACGCAGGAGTCCTACGAGACTATTGGTAATAGAGTGAATCATCTTTTTTTCGGTATCATTGAAGTCTCCATGTTCTTTTCCGATAATCAGGTATCCGAGTTTGATATCGCCAAGATTTAGAGGAAATACCTCGTTATATGAAACCACCTCTCTGCCACTTTCTTGTACAAGTTTTAGAATATCTGTACTTTCATCGAGAGAGAGAACGATATCTTGTAGAATATTTTCTTTTCTTGTATCATACTTTATCATAGCCATATTTGGTACTACAGGATTTACCTCGATGTAGAGGATGTAGCTATTTCCCAGTATCTTTTGGAATGTATGAAGGATTTCGAAAGTCGATTTATAATTAATCGTAGATAGTTCTGAAATGGTCTTGTTTATTTCATACGAGGCAGTAATAAGTGCATTTGATTTTAATAGGCGTTTATTTGAAAGTTCAATGATGTAGGTGAGGAGTGAAAGAGCCTCTTTAGGGTATTGTAGAGTAAAGGCCTCGAAATTGTTTTGTGCATCGATAGTAAGGAGTGTGGTGTCGGTATTTGCGCTCACACGTACTTGTTTTGGATCAGTATTATTGAGAGAAGCTTCTCCGATAATCTCTCCTTGTTCTATTGTAGCGAGGAGTTTTGTATCTACTCTTTCAGTGGTTGTATATTTTTCTATATGTAGTTCTCCTTCTTTGACAATATAGATACCAGTATCTTGTGTTCACTCGTCAAATAAGATATCCCCAGCAGAAAGTGTGAGAGTTGTAAAAAATCCAGATTGTTCAAGTATTTCTAAATCCAACATATGTGTAGTTGCTATATATAAAGAGTTATTTTTTATTCTCAGATCATCATTTCTACGTTGTCCTTATCGCGAACAAAGCTCATCAGGGTTTCTTTGGAAATCAATTGTTTCTTATAGAGGGCTACTAGGTATTTATCCATGAGAATCATCCCAGACTGTTGTCCTACCTCAAGGACAGAATAGAGCTGGTGAGTCTTTGCAGTGATGATGAGGTTTCTCACGGCATCATTGGCAATAAGGATTTCTCTGGCTGCAACTCTTCCTCCATCTGTACGTGGTACAAGGCGCTGTGAAATAACTCCAACCAACCCCATAGCGAGCTGCATACGAATTTGTTTCTGTTGTGCAGACGGGAAGATATCAACAATTCTATCGATGGTTTGTACGCTGTCGTTGGTATGAAGGGTAGAGAGTACAAGATGCCCTGTTTCCGCCAAAGTGAGCGCTGCTTTAATAGTTTCTGGATCACGCATTTCACCGAGCATAATGACATCTGGATCTTCTCTCAGAGCAGAGCGAATGGCCGCAGAAAATCCTTTGGTATGACTTCCAACTTCACGCTGATTCACAAGGGAACTTTCACTTTTATAGGAAAATTCGATAGGATCTTCGATAGTCAGGATATGTTTTTTCTGATTTTCGTTGATATAGTTAATCATAGCTGCAAGGTTGGTAGATTTACCACTCCCTGTTGGACCAGTTACAAGGATTAACCCTTTTGATTTATTACACATGGCCTTGATTTGTTCTCCAAGCCCAAGTTCTTCCATCGTTGGAATCGTCTTTGGTATCA
CP060226.1_gap2	114522	117065	2543	CAGTTCCATCTTTGTCTTTATAGGTAAGCTCAAATCTCTCAGGAACAGCAAAGTCGAGCTGGTTTGTTGCAAGGGTAAACTCTCTTCCAATAGCTGACCAGATTTGCACATCTATCTTTGGTCCATAAAAGGCAGCTTCATCTTCGGCTTCCATATAAGCAACTCCTGTTTTATCGAGAGCACTACGTACTTGCTCTTCTGTTTTTATCCAAAGGGCTTCATTGTCTACATATTTTTTTCCAAGTCATTCTTTTGAGTGTTTTGAAAGGCGCATTTGGTATTTTTTGATACCAAAGAGTTCAAAATAGTATTTATACATTTCGATAACATTGATAAACTCACTTTCGAATTGTTCTTCTGTACAGTAGATGTGCGCATCGTTCATACAAAGTGAGCGTACACGCATGAGCCCAAAGAGTGCACCACTATCTTCATAACGATAACAGTGTCCATACTCAGCAAATCTTACCGGGAGATCACGATATGATTTTGGAGTCGCCGCATAAATCTTATGATGATGTGGACAGTTCATCGCTTTTAGATAAAATTTTTCATTATCGAGTTCCATTGGAGGGAACATACTATCAGCATAGTATGGGAGGTGTCCAGAACGGAGGTAGAGTTTATCTTTTGCGATATGTGGACTTCTGACACGACTATAGCCATAGGCTTCTTCTTGTTCTTTTGCGAGCTTTTCTATCTCTTCTACCATCACCGATCAAGCAGGAAGCCATAGGGGAAGACCAGCTCCTACTTCATCATCAAAAGCAAAGAGTTCAAGTTTTTTCCCAAGTACTCTATGATCACGTTTTTTTGCTTCCTCAAGCATATGAAGGTAATCTTTGAGGTCTCATTGGGTATCAAAAGCATAGGCATAAATACGAGTAAGTTGAGGATTCTTTTCATCTCCAAGCCAATAGGCTCCAGCAATACGAGACAGTTTAAAACTATTTGCGTCTAGGTGAGAGGTTTGCGCTACATGAGGCCCACGACACATATCACAAAATGTCTCCTGTCCTTGCTGACTCATATTTTTATAGAAACTGAGCTGAGTTTCTCCATTTGCCTTGAGTTTATTTGCAAGTTCTACTTTGTAGCTTTCATGTTCATTTTCTAGTTTTTGAATTGCTTCCTCGATAGGGAGGTTGAATTGTTCAAATTTTTGATTTTGAGCGATAATCTTACGCATTTGTTTTTCGATTTGTTTGAGATCATCGTCTCAAATTTGAGTGTCTCCAAAATCAAAATCATAATAAAATCCATCATCGGTATCTGGTCAAATGGCGATTTTTACATCTGGTCCGTAGAGTTGTCTAACTGCCTGCGCCATTATATGAGCAAAGGAGTGTCTTTTTTTAGCAAGCTCTTGTATATTGGCTGCCTGTTTTTCTTGAATACTTTCCATAATAGATTGGGTAAATAGGTAAAATACTGAGCGAAGATATATAAAAAACTCTACGTATTTGAGAAGGTAGAGTTTTTCAGGTTTTTATTTTTCACAACAAAAATCACTACTTCTCATGCGTTCGTAGAGTGGTGATAGTGGTTACAAGTTGTGCTAGCATGTTCTGCTTATTAGAAAATACTGTTCCAATAATAGTAACTTTTATGAAAAGTCAAAATGATTTATTGTATTTGTTGGTGTAATGTGCTACAATAGAGGTGATATTTTGTATTTGTAATTTTGTATTTATTATGATTATCGGAAAGATACTGAAAGAGGCGATAGACCGTCGTGCTTCTGATGTAATTATCTCAAGCGGAAATTATCCAACACTGAAGATAGACGGGAAAATTGTGTTTTGTACGGACTATGGAATTCTTGAAAAAGCTCAAGTAGAGGCTGATATAGTATCTATTTTATCAGAAAAACAACGAAATTGGTTTCTCGAAAGAAAAGAACTTGATTTCTGAATTGATTTACAGGGACATAGTCGTTTTAGGGTCAATGCCTTTGTACAACGTAACGGCTTTGGCGCAGTGTTTCGTCCGATACAATCACATATCCCAGACTTTGAAAGTCTCTGAATACCAAAACAAGTGCTTAATTTTATGACAAGAAAAAGTGGTCTCATCCTCGTAACTGGATGAGTAGGAAGTGGGAAGTCTACCACCCTTGCATCGATGCTAGAGTATGTAAATACCCATACACAAAAGCATATTATCACCGTTGAAGATCCGATCGAGTTTATCTTTGAGGCAAACAAATCCCTCATAGAACAGCGTGAGGTTGGGGGACATACGCATAACTATGAAAATGGTTTAAAGTACGCATTGAGACAAGCACCAGATATCATCATGGTAGGGGAAATGCGTGATCTTGAGACTTTTAGACTGGCTCTTCGTGCTGCTGAAACAGGGAATCTTGTACTCTCTACGCTACATACCTCTGGGGCAGCAAGAACCGTTGCTCGTGTCATCGATATGTTTCCGAGTGATGAGAAAGAACAAATAAAAGCACAACTGAGTGAATCACTCATTGGAGTTGTGTGGCAGGATCTCGTAGAACGCACTGAATGAGAGGGAAGAGTTCCTGCATGTGA
CP060226.1_gap3	128971	131437	2466	ACTCAATCTATCTTATTAAAAAATTATCCCAGTCACTTTCACTAATAAATAAATTTGGTTTTTCAGGATTTGCTTGAATATTTTCTAAAAGAATAATCCCTTTTCTTGCAATATTATAAGCTCAATTTGCATCTCCATTAAATTCTTTTTTTTGAAATCAGGATTCAGAATGATAGTGACAAGCAGGACAAGAAACTATATCTTTATTATTTTTTGAATCAGAATTTCTAATTTGATTTATAAGTTTAAAACTAAACATTAAAGAATTTAAAAATTTAGAATCTAAATCTTTTTCTTCTAACTGTTTATTTATATCAGAATTTAAATCAAAATCTTTAAAAAGTTCTAATAAATTTTTATGTATATCAACCTCAAAGTTTTGTTCTTTTTTTCTATCATACTTGATTCTTTTCACATTTGAGAAAATAGTAAATTCTTTTCTAGAGCTTCATTTCTTTTTATCATCTCAGTAAAAATATGTAAAAGAAAATTTTTCAGAGTCAAAATTTATTTTGATATCTTTTAAAAAGTTCAAAATACTTTGTTTTGTTAAATTAGTAGGAAATTTTAAAGTTTTTCTCCATCCACAAACAGGACAAGTTGTTGAAGTATAAGCTGGATTTGTATAAAATATTATTCCAGATTGTTTATAGTTTCAAATATCAGCATAATCATTAACTTTTCATACTAATTGAATTCAATGCAAATATCATCAAATCTCTTCATCTTTTTTATCTTTAAATGTAAGATAATTTAATTTTTTAGCTAAAGCAAGTTCAAGTTTTTGATACACTTGTTTCTCTATCTTTTGTCTTCATCTTTTAAATCAAGAATTCAAATCTTCAAAAACTATTATAGCATTGTGTTTCACAATTAAATCAGCAAGTTTATTAACAACTCCTGAAATATATCAATTTTTTAATTCTTTTATATTTTCTATTTCTCACCAAGAAAGTCTTCAATCAACTCTTGATTTTTGTTTTTTTTCTAATAATTCTAAATAATCTACTCAATTTATTTTATTTAAAGTATCAGTTTCTATTATTTTTCAATTTTTATCAATAATAGAATAATAAGCCAAGTGTTTTTCTCATCTGTCAATTCAAATAATTTTTATATCTTTATTTTTATTGATATAATTTTCGTTTATAAATGAATTAAATTTATACATATCTCAAGCATTTGCATTGAGAGTAATTGAAATATGAAATAAAATTTTATCTTCTGAATATCTTCTATTTTCTAAAACTTCCTTTTTTTCTCCTGTTTCTTTATTTATATAAAATATCTTTTTTCAATTTTTATTTTCTCTTTGTTTTAACTTTTCTGTTTTATCCCTAAAAAATATTTCAGCTCATCAGCTTAGCTTTATTTTTAAATTTTCTAGATTTTTCTCATCAAAAAGAAGTTTAAAGTATCTTGTATGAATATTCTCTTTACTTCACTCTTTTTTTGCTTCTGAGAAATCTTTATTATAAATTTGAAATAAATAAAAATTTCAGTTTTCTACTTGGTTATGAATAAAATCAGAAGAAATTTTTATAAAGTCTAAATTATACATTTTTCTTTCTATATCATCATAAAAGCTACCCAAATCATCATAATTTTTATGTTGAATTTCTTTTAAATCATAAATTTCTCAATATAAAAATATAACTGCATTTTGATAATATTTTATAAGCTTTTTTAACTTAATAATATCAAATTTTTCTCACTTTTCTTTTGATTTTTGAAAATTATCAAACTCCCTTTTAATTTCTGATATTTCTTCATTGTATCAAAAATTATTTTTATATTTTTCGATATATTTTTCTAAATCTTTTCGGTTTAACCTTTCAAGTTTTTTTGCTAAAGGGAACGTTAATCTCGGGAGTTGTCTATAAACATTATTTAATTGTTTATATTCCATTTTCTCATAAAAGTTTTCTTCATTTTGATATCTATAATCAGAAAAGATAGAGTGAAATCCCTTTTTTAAAATTCATAAAAAATACTTATTATCTTTTTTCAAAATAATTCAAAATCTTTCTTTTTCTTTATCTTTATCCCAACCAGTTAAAAATTGAGAGTTATCAAAATTTAGTTTAAATTTATCAGTTTTTATATCTTTTTTTGATAAATAATTTCTCACTAAGTTGTAATTTTTCCAAATCTCAAAATTTATAAAATTATTATCATATCCATTATAAAAATTTCAATCTTTTTCATATTCTTCTAATTTCTTCTTATTCTTTACAATATTAAAATATTTTATAATACTATAAAAGCTCATGACTGAATCCATAAAGTTTTTAATATCTTTGATGTGTTTCTCTTCTTTTTTAAAATTCTCTAAATTAATATTTTCAAAATTCCATACATTTTTATTTATCTCAGAGATATTATTTTTAAGCTCATATTTAAAAATACTTACAAAGTTTTCATAATTATTTTTATCTTTAAAAGAAATATTTTCTTTATAGTATT
CP060226.1_gap4	132937	137174	4237	AGTTAAGAAAAAAAGTAGTTATGAGGGTTGTTTTCATCCCTATTTTTTGTCCTTCTACTTTTTCTTTTTTGAGTCCTACGGCTTCAATCCAGTAGGCTCCCATAACTTTGGGACTATAGTAGATCATCGAGATAACAAAACTTGAAATACTGGCAATGAGTGCTCCAAGGATATTGATACTTTCCATATACTGTTGGTGTTAAAAAATATTTCTTCAAATTATACGAGAAATCTCCAATATACAAAGCTAATTTTTTTGAGTCTTTGGAGGATTTGTGTTATAATTTCATAAATTATATGTAAGATTTCTTTGTATATGGCTGGAACTCAGGAAGAAGTATTTATCTCGGTTGGCGAAGGACTCGATGATACTCGTAAAAAGAACCTCCACATTACGGTGGGGCTTCTCAACTTTACGTGGATGTTGTTTCACTTTACGGTGATATTTTTCTTCACATTTCGTTTGGAATCTTTGGCTTTGGTTGGTGCCTTTTTAGGACTTGGGAACTTTTTCGCCTTTTTGCTTGATGTACCTTTAGGAGTGCTACAAAGTTATATCAAATCCAAGACATTTTATATTCTTGGGGCAATCTCTCAAGGAGTAGCACTTTTGATATTTATCAACTTTATCTATGAATTTAATGGTGATATCGTAGACTCTGTAGCTGGTGGAAATGGAGTACTAGATACCCTATTAAGTCTCTTTTTAAAGGATTTTTTAAACATTGTATTACTTCTGGTAGCTTCCCTATGTTATGGTTTTACTAAGGAAATAAATGAGATTACGACGATTTCATATGTTCTCAATAAAGCAAATCCTTCTCAGTATCGTGAGATTATTTCAAGAAATAATTTGTTTACTGGTATTGGGGCATTTCTTGGGCTTATGACTTCAGGACTTATCTTGTCATTTACTCCTGAATTGATCATATTTTCTATGCTGTTTGTCATTGGGAGTATCATCTATGTTATGTTTAAGCTTTTTGATAACGCAAGCTATACGGTAACAAAAAAAGATCTGGATAAGTTTAAAGTCTACTTCCAAAAAGATGGACTTGGAAAAGTAAAAGATTCCCTTGTGGAGACGATTTCAAATATCGATATCAAGGCTCGTGTTGGAGATGCGAAATATATCTTTATGCGCCCCGTTGTAAAAACAGAGAAGAAAATTCAGCTTTCTGAGCTTATTGTACAGACAAAAGATAGTTTTTTAAGTATTCGTAGTACTCTAAAATATGCACTTTCAAATTATTTGCTCGTGTATTGGGCGCTTATTATGGTGCTGACGTTTGGTTTTTGGGATACTTTTGCTTCCACCTTTCTCATAGATTTTCTAGATGAAGTAGCTAAGGGCTATAGTTACCTGCTTCTTTGAGTGATTGCAATCCCTGCCTTTTGACTTCAAGATGTATTTGGAAAACTTGCAGACAAGTTTGGTACCTATACGATGGCAAATATTGGACTGGTTATCTCTGGTGTTTCGTTGTTTCTTATGGCGATATTTTGATGAGGACATAACTTTCTTATCGTGATGGGTTTGGCGCTCCTCAATAGTACGGGATATGCTATCTGTATGAGTTTATCTGTTGCTACCTTTTTAGAGTCATATAACCGTGCATATGCAGACAATCTTAAACTTGATGAAGTGGATGCAAATGTCTCTGCTGCGCCGATAAAAATCCTGCAAAATCTTGCAAATGTTATTGGACTAACTCTTGGTGGATTTATCCTTGGAATCTTTGGTTATATTGGTTTTTTCTTCCTATTTGGTGGTATGATTATCGGGATTGCTGTTTGGTCACTTAAAAATAAATCAAAGATTATGTCAGCTCCCGCGGTAGCAAAAAGTGAGTTTGAGGACTAGTAAAATGCAGTATCATTATTGTCATTCTCAACTTGCGTTTCCCGAGAACTCGTTGAATTCAGAATCTTTTTTATATATCCTTTTTTGTATTTTTTCTTAGAATGGTACTATGATAGAGAGATATATTCCTGAATAGCTTCCTTAAACTTTTCTCACTTTTCTTCATAGTTTTTCCAGAGAGAATAACTTGGGCTCGCACATGATAGGAGGCAGATGCTTCCTTTTTTTGTATGTGTAAAAGCAAAGTCTACCGCTTCTTGCATAGAGGAGGTTTCGAGGATAGACCATCTCTGATTCCTCTCCTTGTTCAGGAGGGAAAGGATTTTTGCCCCACTTTCAGGAAAAAGGACGATATTGTGGATGTGATTGGTTATAAGTACCTGTATAAGTTCTGTAAAATCATAGCCCCTATCTGTTCCTCAGAGAAAGATAGTATCCACACGAGAACCATAGGTTTTTAGTGCTTCTATTGTGCTTTCTGGTGTCGTCGAGATAGCATCATCGATAAAGGTAATCTCATCATAGGTTCCGATGTTTTGGAGGCGATGTGGAAGAGGCTGAAAAGTACTTACTGCTGCACGAAATACCTCTTCGGGGATACCGATAATTTCAGCTATTTTTGCAACAATTTGGATGTTGTGCTGATTGTGTTCTCCTGGCAAGAGGCTCTCATAGTGGGCATCACTCTGAACATCTGGTCAGAAAATAGTATGAGTACTTTGTTTGAGGATGTTTTTCTTGGCTTTAGTATACTGTTCAAAACTATTTCCGTGCCAATTGAGATGATCTGGATAGATATTTATCAGTACCCCGATATAGCAGGGTGGTTCAAAATTTTCGAGCATATAGCTTGAGAGTTCATACACAACGAAATCATAGTTACTGCATCATTCCGTACCTGATACGGAATCATAATTTGTATTTCTATCTTTTCATGATTCTGAATCCAGTTCAGAATGACAGCTTAGTATATCAACTTCATCAAGAACTGGGGTTCAGATATTTCCTACAAGCTTACTCGTGTATCCTGCTTTTTGTATGACTTCATGGGTGAGAGAGGTCGTGGTACTCTTCCCTTTTGTCCCGGTGATACCGATAACTTTTCCCAAGTAGTTTGCAAAAAATATCTCTGTTTGAGAAGTAAGTTTTTCTCTATAGAGTGCTATCTTTTCATGATAGGGAGAGATGCCCGGAGTTTTGATGATGATGTCATAGGCTCCTAAATTATCAAGGTAGTTTTCTCAGCCGATTATTTGTAATGCAGAGAAATACTGTCATCCCGTACTTGATACGGGATCATTATTTAAGTTTCTACATTTTCACGATTGTGAAATAGATATATTTTTTAGAGATGATCCTGCCTTCGCAGGAATGACGGAAGCTCAGATTATTTTTATTTTTGGATGTATACTAGCGTTTGTCATTCCGATCTCGAGCTCTTGGGAAGGAATCTCTTTGTTTTGGTATAAGGGATCTTTCGACTCATTTCATTCACTCAAAATGACATTGTTTTCTTTCAGGGTAGTATGTACCTCTTCTGTGAGATTTGGATTACTATCTAAGATAGCGATATCTGTGACTCAAAGTCACAACAAAAAACGAAGTGTACTCTTCCCTTCTCTTCCAAAACCAAGAATTGCAATGGACTTTCCTGTTAATTCTTGTAGTTTCATAACTCATGTTTAGGGAGTCCAAATATCCTCTGCCAGAGAGTCTTTTTTGAGGATTTGTAAATATCCACATAGATGTGTTGGGCGGGGTATTGTATAAGCTCTTTTGTTTCTACGATATAAGCAGAAAGAGCTTTTCCATAACAACATCCACTATCCAGTCCGATAGTTTTCTTGCGTATACGGATACCATCAATAGCCCAGTGACCATAAAATATCTTTTTCTTTCCAGTATAGGAGTTATACCAAGGAGTATTGTTCCATTCTCGGATACGAGTGATCTCGTCGACGGAGTGTTCGGATAATTTCTTATCTGGTATCACTCCTGCATGAAGGACGATAAAGTCATCTGTTTCACGGTAGAGTGGAAGCTTCTTTAGGTAGGAGATGTATTTTTCTTTCCCTTCTGTTATGATTTTATTCTGTAGTTTCTGAAAATCCTTGTGTTCAGTATCTTTTTCTCCATCAAGCCAGCGAAGGAAATTGACTTCATGGTTTCCAAGTACGGGGAGAAATTGCTGGCGATGTTTGTAGATATACTTGAGAACTTCAAATGATTTTGGTCATTTATTGATCATATCTCCCACAAGATAGACTGTATCTTCTTTTTGTAGATCTATCTTTTTCAGTAGGGCTTCAAATTCATCAAAACATCCCTGGATATCGCCAATGATAATAGTTCTTGCTTTGCTTTTTACTTGTT
CP060226.1_gap5	230720	233339	2619	TTTGATTTCTTTTGAGGTCATTTTCCTTTTTTTGTTTGTTGGAAATTTCCAACTACTACCCCATCGCTTCTACGAGTTTGAGATTTAAAAACAAATTTCGACATTAATTTGACTTTAACAGGATAATTTAATATACTATAGGTACAAAGTCCTTCGGGATCCTCCCCATACTTAATTGTATGGGAGATACAGAAACTAGGATAAGAAATCTCTTATCCTTTTTTTTATCTCACTAAATTCCTTTTTAGGTATTATCCCTAATTTTTCAATAAATCTTTTATGATCTATAGTCTTTACTTGGGAAAGAGTAACATATGATGGTTTAGCAAATATCTCTGAAGGTAATTCGTAATAAAAAAATCACTTCTTTCATTTTGTTGTCATTGACACGCATAAAAACATACTCCCTATTCGCTTCAGAACTAATACTGGTCTTTTAAAATCCCTTCCCTTTCATAATGACTCATATCAAATATTTTTTCATATATGGACATACCACACCTCTCGCTCCTTAACATAAAAATTTTTTTGTTCTCTTCTATCTACTTGTTTTTTTAGAGTATTCCACTTATCAAATATATCTTCTTCCCTTGAAGAAGATATTATTATTTCCGAAATCTTTAGAGCCCTCACGTGTTCTTTCACATCATGAACACGCAGTATGTTTGCTCCATTTTGGAGTGCAAAAAGATGAAGCGCAACGGTTTCCGTCAAAGTGTCATCTGGAGTAGTATCAAGGAGTCTCCAAATCATCGATTTACGAGATAATCCGGCAAGTACTGGGTAGCCAAGTTCAGTAAGTCTGCCTATATTACGAAGTAGCCCATAGTTATGCTCTATTGTTTTTCCAAAGCCAAAACCAGGATCCACGACGATATCTGTAACTCCTGCAGCTTGAATCACTGCAATCTTTTTTTCTAAAAAATTATAGACTTCAGATACCACATCATCATAATGAGGATTTTGTTGCATCGTCTCAGGAGTCCCCTGTATATGCATCAAAATATATCCAACTCCCGTTCCCGAAATCAGCGGTAATATCTTTTCATCCGTAAGCCCACTGATATCGTTGGTATATCGTAGATTTTTATATTTGAGTATTTCTTTCACCACCTCGCTACGACAGGTGTCGACAGAAAATGGCATATGATAGGTATCCAGTACATCAAGCACTGGAAGTATTCTCCCCAGTTCCTCCTCTACCGTCGGAAGTGTCGTCCCTGGTTTTGAAGAAAATCCTCCCACATCGATGATATCTACTCCTTCAGCTATCATCTTTTCAATCTGCTGTTTCGCATCTTCTACACGCAAATACCTCCCGCCATCGTAAAACGAATCGGGAGTAATATTGAGAATTCACATGATTTGAGGAGTATGCTTTTTCAAGGTAATATTTTGTAAGTCTATTCATTATTTTTCCCTTAGTAGTAAGGGAAAGATACCACGGAGTGGGAGAAAGGGATTATTTAGAAATCATCCTTTTGTTTAACAAAAGATATGTTGTCGTCCCGTACTTATTACGAGATCATAATACATTAATTCCTTATTCAGAGCACTCTACTTCAAACTGATCCAACGTCTGATAATAGAGTTCAGAACCTTTTTTAAATCCTGATTCAAATTGACCGCGATCACACCTCGAAGCAACGAGTTTCCCAAAAGCAATATGCTTCTCCTCTGTTTCTCCCATATGTTCATCAAAATACTTTGTCTCAGGCTTCGTAAAACCATAGTGAGCAATAAGTCCTGCCTGTTTTGATTCGGATACTGCTGGTTGCTGAACCTCAAATGCATGAATCGCTCCCGCAAGTTCCGATGGAGTCATCTGTTTTAGTACCGATAAAAGAATCGCTAATTTTGGATACTTTACTACTGGTGTCAGTTTACTCGTCCATGCCTGCCATAAATCAATATGTTCTCTCTCTTCTTGTACTACAGATACTCCTTCTTTTTCTAAATCCAGCTCCGTAAATACTTTTTGCCAAAGATCTGGTAATAGTGCTACAAAATCAAGATAGGCACGACCATAATGAGCCAATTCTGTTTCACTTACTTCTCCTCTTGTCCAAGCCTGATAAAACGGATGATCGAGTAATTTTAGTGGCAAATCTTGATAATTCATATTTTCCTCAAGTTTTAAAAAATAATGCTCTCCTAAATATAGCGGAAGCAACAGAAAAGTAAATCCTAAATCTTTCTTTTTATGCTTTTTTCTGAAATATGTTGCATCCAATACTCAATAGTGTTTCATGCAAGCAATATATCTGGAGCAATCTCTCTCAGGGGCACTAGCACAAAATCTCGCTCGCACATACGAGGATGTGGAAGTTCTAGTGTTTCTGTTTTCAGAGAAACATCACCATAGATGAGTATATCGATATCGATACTTCTCGGACCGAAACGAATTGTTTTTTCTCTCCCAAGTTCATCTTCCAATTGCTTACAAATACGAAGTAGCTCTTCTGGTTTAAAATCTGTTTCTACTTCTACCACCTGATTCAGAAAGTCATCTTGATCTGTGACATACATAGCTCCTGTTTCATACACGGAAGATGCTCAAGTTATGTGGACACGGTGAGCTTCCAAGGTACTAATTGCATCTTTGAGATGCTCTGCTCG
CP060226.1_gap6	265587	269758	4171	CTGAAAACATTTTCTGAAACATATACGCATCTGAACGATTATTTTTCTCTTGAAGAAGTAATAAATATCAAGAAAAGATAAGAAAATCTACATGATAATATCCACTATTATTTAATTCCTCAAACTTCTTGATATCATCTAATAAGATCAAAAATAGGTCATTTAGATTTTGATCTTTTTTATATAAACGCTGTAAAGTCGCCGTTGCCTCTTTTGGGGAATTTTCATCCCATAACTTTTGAAAGAAGGCAACCAATTCTTTTATCTTTTCAATATTATGTTCTCTCTTTAACATCCAATCAACTATCCAGTGAATATGTTTTGGTTGTCTCCAATGTCCTGTTCCATTATCATCTTTATATTTTACTCTGATATCATACTCCGAAATTTTTCCTGGAATGATTCAAATTGTAATTCCATTTGAAAGCTGCAAGATATCAAGAGCCTCTAGTAAGTCTTTTCCCATTTTTGATTATTTTATATCTAAAAAATCCATAACATATCTTTGAAGACGAATAATCGTCTCTTCGGAATATTCAAGCGCTAGCTGCGCTTCCTCCATAACAGTATCATCTGTAAATTCTTTTTGAAAAGCACAGGACGAATATCCATCATCTTTTTTATCAGTTGCGTAAGTCAAAAGTTGATGCGCCATAATATCATCCTTAAAGTCCTCTATATTTTGCGAACAGATTTGAAATGTCAGAGGGTTGATAGTCACTTCTACTACAAGAAAAACTCGAGATACTTCATCTCAAAGAACTCTTGACTGAACTATTAAGTCTACTTCTGAGTATGGGTAATCTTCTCCCCATAACATATCTCTTTGTTTTTTCGTGATTTTTTTCATACCTATTTGATTACAGTACCTAAAATTCCCCTTTTCAACATCTCAATATTATAAATATTTCCATCCATTTTATCATATGCTTCTTCTAGTGGTTTTAGTGCCGTATTCCATCCTAAACCATCAGTAATCCAGAAAAATGGAATATCCTGCTTTTTCATAAAATGATACAGTCAAATAAACTCTCCTGCAACGGCTTTTAATTTACTCCCCCCTCCACCATAGTAGTTCACTTCAAGTAGCGAAACCGTGTGATTTTTGGAGTCATAGATCGCAAAATCAAATCTCCTACTTGATTTATCTGATTGTACGTCTACACCCCACTCAGACTTTATAAAACTTGCGGTTGCTTGTTCTTTGTATTCAAACCATGGGTTCTTTTGACACAATTCTTGTACAAATCCTTCCACGAGATCTTCCATCAAATCTCCAGTTCTATTTTTTCTCGCATTTGAGTCGAGTCAGGTCTCTATCCCAAAAACATAATCATCTAAATTTGAAACTTTTTTTGACACAAACAGTTCTTGTAACCCTGATTTTGCAAAAAATCAAAGCATATCTGTATCATTGAAACTCTCTTCGGGATGAAAAAGATGCTGTATCTCTTGTATCTCAAATGTATCTGTATCAAGTATTTGTTTATCAAAATCTCTCACCGCAATAAGTATCGGTAACACGTTTCTTGTTTCTGGATATCATCTCACCAGATCCAAAAATTTGTTTTCAATATCTTGTTCTCCTAGAAGGGCACTGAGTATATGTAACTGCACCTTGATTTTAAATGTGTTGTCCGAGATTTTATGGAAGTCTGAAAAATAATCCCAAGAGAATATTGAGGGGGTGAAAGTGGATGTTAGTTGTTTAAAGGTATTCATAAAAGAATTATTTACTTACATCAGGAAACTTAGTTAATGTACTATATCTAAAGTCTAATAGTTCATCCATACTATTATAGTAAGATGTACTTAAATCAATTAGTCAATTTTCAAGAATTAAAATATATTCTTCTATCTTATTGATATCAAAGTTTATTTTCCCATTATTTCTAAAATAATACTCTGACGAATGACCTAAACTATTTCTAAACTTATTAATTTCATTTAATTTTTCTTTAAAAAGGCTTATGTTTCATTTAAAATCATGTTCAATAAATTTCTCAATTCTTCATATTCATATTATATTTCATATTAATTGTCATATCATAGAAGAAAAGCCCCTATATGTTCCATCATGATTTTCCATAATAACCCTTTCAACCTTCAATAACTCATGTTTTATATAAGTCTCAAAACCAGTTTCTTTTAATAGGAGATCAAAGTATTTTTTATAGTATAAAGATATTATACTTTCCAATAAAAATTCATTTACAGAATTAATTCCGATGATTACAAAATTTTTCTTAGTAATAAGAAAAGTAGTATCCATAGAATCGATTACTTGTATCTCATTATTCCAATTTCGTATAAATTGAAAATTTTGTTTTATTATTTTCTGAATTTCCTGTAAATAAAGATCCATAATTAACTATTTTTTAAAGATTCAAAAAAAAGTATTGAAGTAGTAACTCTATCTTCTACATATGTAGGATCGGAAGATCATGGTTTACTTACATGTGTTTCAATAAATCCAGCGTCGCTTTTAAAATCTAATATTTTCTCTTTCAAGACAGTACTATCAATATGACTTCAGTATCTATATAAATTTAATAGCCCTACAAATAGGGTATCTATGTATTTTATATTAAATGAATTAGATCTTGGTTTTCAGGTTTGTGAGTTTGTAACATTTTGGTGTTTAAATAAAGATTCATCTATAAATAAACTATTTAAATCTTGTAATAAAATATTTAAAATATTTATCCTATCATCAACATATTGTTGAGTAAACTTATCAGATATACTAGCATACTTATCTAAAAACTTGTTCAAAGGTTTAAAGTACTCAAATCTTTTTCAATTATTATCAATAATTCTTCAGATAGTATCTCCTTCCATTTCTTTTCAATATGTATCTAATAATGAGAAAGCTCTTAAAAGCATTTCTCATAATAAAGATGGATTACTTTTAAACTTTTGAGTTCAAGTAGGTATTAACTTTCTCCAATTATCACTAAAAGATATATCTTTTATTTTCTTCATAAAATCTTTATGATATAAACTATGTCTTATCTCTTGAGAGGTTAGTTTTACTCATCAAGTATTCAACCTATAAAAAATTTCTTTTGATAGCATTTCTAAGTCATCCTCCTTACCTACAAACAAAGTATATGTTGGTTTTATTTGAGCAATAATTAAAGACTCTCATTCAAATTTCCTCTGTATATCCTTGTCTAGATCAGAAAAAGTAATTTTTATATTTTTATCATTAATATCTCAAGTAAAAATAGATTTACTTACCTTTAATTGTAAGTCATCAACGTTATGAAAGTCTCAAAAAGTCGTATCTGGTAAAACGTCTTGTAAACGATCCTTATCTAACATAAATCTAATTAAAGATGTTAATCTCTGCTGTCAATCGATTACTAACTGTTTTCAATCTTTCTTAGTAAGCAAAAATAACTGTGGTATTGGTAGTCAATTCCATACTGAATCAATGAGTTTTTCTGCCTTCTCATCATCCCATACATATGATCTCTGAAAATTAGGCTGTAATTCAATATCTCACCTAATGATATATTGAATTATAGAAAAAATAACAGTATTATTTACAGTAACCTGAATCTTATCTCTATCAACAGGATAAATGGAATGATCTTCCACTTCTAATCAAAGTTCTTCATCACTCATTTTATCCTCAATATAATCACTCATAAGAAAACATTAAAAAATAAACTAATAATTCATCACCACAATTTCCTCAACTTCCCCCCTTGCATCCGCCTTACTATTTACATTTCTTCTTGCTTTTACAATCTCAAACCTATACCCTTCAAATATCTCTCGAATAAAAGGAGTGTTGTGATTAGAAAGCATTACCTTAACTCACTTTTTATCAAGTTCGACAAAGACATCCCTCAACTTTTGTTGCATGTCTCTTCAAAATCAGCTTTCATTGTAACTTGTGAAGTTGGCACTGGTAGAGAGAACATCATACGGAGGATCAAAGTATACAAAATCACCAGTTTGAGCCTTGAACAATACGTTTTCAAAGCTCTGGAGTTTGATTTCTGCTTTTGTTTTTTTGAGAAGTTTCGAGACATTGAGGAGATTTTCTTTTTGCACAAAATCAGGGTTTTTATAACTCCCAAATGGCACATTAAACTGACCCTTACTATTCACTCGATATAACCCATTAAAACAGGTGCGATTCAAGTACACAAACCTC
CP060226.1_gap7	285448	289595	4147	GCTTTGTTCTTCCTTCAGTTTTTGTATTTGTGTTTGTAGAGATTGAAGAACAAAGCTCTTTCATTCTTCAAGTGTTCTGGTCTCATTTCCCTGTTTATCTGTACAAAATTTATCATAAATATGAGCATCAGATGTGGCAATAAATGTATGAATTCTCGTTTTTTGACTACTTTTTGTCGCTGCAATAGAGTTATGAGTATCGTGATCCACAGCTCTTCATAACACGGATATCCTTGGTGGATTTAGATCATCAGCAAAGAAGTCAACCAATTCCTTCACATTGTTAAAATCAGTATCTCCAGCAGGAAATCATACCTCTATAGTATCAATACCAAGTTCCCTCAACATCAAATATACAAACTTTTTCTCCGTTCCATTAAAACTTGTTAATGGTGCTTGATCTCACTCCCTCAAAGTCACATCAGTAATAGATATGGTCGTCATATCCTGCATTGTACATCCTGGACCAAATATTCAAGACAGCATATTAATAAGGTCTGCTTTATCCAAGCTGCCAATAAAGTCTTCCCACCTTTCAGTAAGAGAGTTACCGAATTCACCACCATTAGTCATATTGTCCGTTATGTTCATATTTTAAAAACTTAACAAATAAAAAAGCTCTCTTCATCTATTTTCCTGAAGAGAGCTTGTAAGAGTAAAAATTATATTACGCAACAAAAACCATCCTCAGGGATTCTTTGAGGAGGAGAAGGAGAGTGGTAATAGTTATTGCAAATCTCATATACTTGTATCAATTACGTAAGTAAACATATACATATTTATTTTCTGAAAAAAGTCAACAAAAAAAGAGGACAAACATACGTTGTTCATCCCTCTCCTGAAGATACTATCGTACTCTAAAACCACTAAAACTCGTATAATCATTTCCATAGCCAATTCGTCCATTTCATCCAGACCATTTTTGAATCTTAGGCTGACAAGTTTGTCAGGCTTCTAAATATAAATTTGCAGAAGTATGCGCCATAAAATAGGTAATCCCACTATACACCCAACCTGGAGAATATGCCTCTATATATCGAGAAGCCGATCAACAATATACAGAAGCAACAAGAGGATCTGAAGTAGTATCTCACTGTTGCATAAGGCCAACAGATAAACTGAGATGGTATACTCAAGTCGCAGGAGCTGTAAAAGTATAGGTAGTATGATCGTATACGTTATCTGGGTCCAATTTTTCTATAGAAAAAGGAATCGTATACCACTGGTTTGTCCCATTATTTTTTCCAAACACATCAATATCATAGCTAGCTTGGCTTGGAGTCACGGCCTCAAATACAGCAGTATTACCAACAACCGTAGCATCTGCATTTTGAAAACTCGATGCCTCAACTACTCCACTCACTTCCAATGATTGAGAAGGATTTGATGTTCATATCCCCACATTACTTCCACTACTATATACATTCTCAATTTTACTAACAAGTTCATTCCGCTTACTATAATCAAGAGTATCCCCATCACTTGCCAACAATCAAGACCATGCTTGAATCACCGAATAAGATAACAACAATGTAAGACAAATAGAAAAAATAACCTTTATTTTCATATGCACATATAATTAATTAAGTTACTAATTATTACATCAGTTAGTACCTATAGTATAGTTTACCAACACAAGAAAGTCAACAACAAAAAAGATGAACCTACGTTCATCTCTTTTTATTTTAGTCTTCTTTGAGGATATGGCCTGCTTCCTCGATAATAATCTTCCAGAGTGCCTCTACCACGTCCTTGGACACCCCCTTGTCTTCTGCTTCTTCAAATACATTTTCCATCACTTCATCGGCTCTTTCTGGTTCATAGATCACGAGCTTATTTTCTTTTTTTATCTTGGCAATCTGCTTAATTAGTTCAAAACGACGAGAGAGGAGATAAATAATCTCATCATCTATCGTATCAACCTGTAAACGAAGATGCTTTAATAATTCTATCATGTCGTAGGGGTTATGAACTAGACTACTCCTTTACATATTATTATTACAATTTATTACATTGCTTCATCACTCATCTTTTTCACCTTCTTTTCTTCTATTTTTTGCTTAATTTCTACTTCTTTTTTTACGGTTGAAGTAGCAGTTTGAAAAATCCATCCTCTTTTAGAGTCAGCATTATAGTCATAGTATTTTTCTTCGATGATTCCATACTCATAGGCAGTCATCATATAATCTTCTTGCCAATTTTCTGTTTCTTGAGTTTTTTCTACTCCTTTTGCTTTTAATATCAACTTCATGGCTTCTGTTTTTGTGATATTATCATCAGGTCTAAAAGTAGCATTTCCTGCGATAAGTCCAGCATTGAGCGCTGCTTCTATATACTTACATCCCCAGTCAGCAGGTACATCTGAAAATTTTCCTTCACAGGTATCTTTTACCTCTGATCCATGAAGCTTCATCACGATTTTCATCGTTTCTTTTCTCGTAATCGTATCACCAAGACGATATAAATCTGTATTTGCTGATTGATCGGCAATAATCCCTTCACTTGCAAGGAAATTCGCAGAATCTACTTCACTCATAGTTTCAAATGTCATGGCAAAAGTTGATGCTATTGTTAGAGAACATACCACCATACTAGCAAGAATCTTTTTCATAATTGTGTGATTACAAATTAAGCACTCGAAAAATTGCGAGTGCCTAGAGTATAAACGAAGGATAAAAAAAACCAAATTTATTGTTCGTCTTAGATGGACATATCTTCAAGTCTTTGAATCCTGTCCTTGAGTGATGGGTGGCTTGAAAACAATTCTTTCCAGGTTCATTTTTCCCTTCTTGTACTGATTTTAAAGGCTGCCATTTTCGAGTCATCACCGAGAGTTATATCTTGCATCCTTTTGAGAGCCTTCAGTGCATCAATCATCTTCTTTTTCCCAACAAACTCAGCACTTCCTGCGTCAGCCCTATACTCCCTATGACGACTAAACCACATCGCTACCATAGATGCCAAGATACCAAAAACAATCTCTAAAACAATAGAGGCGACATAATACACCCAACTTGGGCCATTGTTTTCACCTTTACTCAGATAATTATCAAGAATATTTGCCACCACACGAGCGAGGAAAATAACAAAGGTATTGAGTACTCCTTGAAGCAGAGTCATCGTCACCATATCTCCATTGAGGATATGTGCCATCTCATGTCCGATCACTCCTTCTATCTCATCTTTTGACATACCATCGAGAAGTCATGTAGATACCGCCACGAGTGAACTATTTTTTGAGGCTCCCGTTGCAAATGCATTTGGCTCAGATGATTCATAGATCCCCACTTCCGGCATCATAATTCTGTGTCTTTCTGAGATATCTTCTACTACCTGATACACAAGTCGTTCTTTTCCACCCATCATGGCGATTTCTTCTTTTGAATACACTTTTACCCCGTAGGCTCTTTTTGCCATCCATTTTGAAAGAAACAAGCTCACAAAACTTCCCGTAAACCCAACTACCAAAGCAAAGATAAAAATTGCCGTATAATCAAATCCATATCCTGTTATATTGATTCCAAAAACATTTTCCAACACAGCGATAACGATATTAATCAGGATAATTACCGCCAAATTCATCACCAAAAAGAGAAAAATTCTTTTAAACATATTTCAAAATTACGTAAATTTTTAAAGCAACAAACATTGTATTCTTGAAAATGCTTTTGTCAATGAGAATTATTCTCATTAATTACAATTAAGAAGTCCTGAAAAGTTGTATTTTAAAAGAAAAAATAGTATAATTAACGTGAATATGGAAAATAATAACCTTCCTAAATTGTTTTAGGAACTTACAACTGTATCATCTTATCTTCCTATACTTCTTTTACTGTCTCTGTATGCTTATCGATACCCTTAAACACTACGGTTTTTCTGAAAAAGAAGCAAAAGTCTATCTTGCGAACCTAGAACTTGGAAATTCTATTGCGAGTTCTATTGCAAGAAAAGCAGGAGAAAACAGAGTCACTACCTATTCTCTTCTCAAAGAACTCATGAAACGAGGAATCGTACACGAGATCAATAAAGACGGAGTAAAGTATTTTTCTGCTATATCACCGAAAGATCTTATCAAACAAGAAGAACAAAAAATAGAAAGACTGAAATGAGTGCTTCCTGAACTTTTAGCCATATCCAATAAGTATAA
CP060226.1_gap8	297535	300512	2977	GACTCTCCCAGAGTTCCTAGACTCAAGAATTGCGTCAGAAGAAGAGTACAATAAAATAATCTACTAATTATAATCCACCCTAGCCCTCCTTTACTACTAAAGGAGGGAATAAAAAAAGAATAACAGTGCTTCCTTTAGTAGTAAAGGAAGCTGTCCCGAGTATTCGGGAAGATAGATGACTTATAATTATTAACCCTTTCTGTCCTTCGGACATCTTTCCCTTACGTTTAAGGGTAAGAAATAATATATAAAATATACTATGGAAACCACTATCGAAACGAAATCCTGCAAACACTGCTCTCAGAACTTTGATATCACTGATAAAGATATGGAGTTTTATGAAAAGATAAGCCCAAGTTTTTGATGAAAAAAATACCCTCTTCCCTCCCCATCTCTCTGTCCTGACTGTCGTAATCAACGCAGACTTTCTTGGAGAAATGAAGGGAAACTCTATAAACGAATCTGCGATGCTACGGGGAAAGAAATCGTTTCTATGTATGCTCCAAATACCGATCTTATCGTCTATGATAAGGAGTATTGGAACAGTGATGCCTGCGATGTTACGAAGTATGCTCTTGAAATCGATACAGAAAAGAGCTTTTTTGAACAGTATGAGAAATTATTACACACAACTCCGCTTCCAAGCCTCACCGTAACCTATGAATCAGAAAACTCTGAATACGCCATTTACTCAGGGAAAATGAAGGAGTGTTATATGCTCTTTGCCTCTTGGTGATGTGAAAGAACCATGTACTCTGCCAGGATGATTAGCACAAAGGTGGTATTTGATTCCACCGATGGAACCAACCTAGAAAAGTGCTATCAAATCGTTAACTGTGAGAACTGTTTTTGAAGTATGTATCTTGTCAGTTCTAATAATTGTCAGAACTGTTTATTTTCCTATGACCTTGAAAATTGTCAGGATTGTATCGGGTGTTATAACCTGGTAGGAAAACAATACTATATCAATAACAAGTCTCATACAAAAGAAGAATATCATGCAGCCCTCAATCAAATCAAGCAATCATACTTCAAAATAGGATGGGGGTTTATCGACAGCATCCTGCCTCTTGCGATTCACAAAAATCTGATGATGGTAAACTGTGAAGACTGTATCGGAGATAATTTAAAAAACTGTAAAAGTTGTCACTACTGTTTCCACTTTGAAGAGTCGGAAAACTGTAAATACGCAGAAAATGGGGGTATGGGGTGCTACAATGCCTACGATGGAAGAGGAATTGGTGAAAATCTACAGTTTGGATATGAGATCCTTGATACGGGGATAAACGCTGTTACCAACGCATTTCTTATCAGCTGCTATACCTGTAATACTACCTTTTATAGCATCAATTGTCATAATTCTTCAAACCTCTTTGGATGTCTTGGGCTTAAAAATAAAGAGTATTGTATCCTCAACAAACAATATACCAAAGAGGAGTACGAAACACTCGTTCCACAACTCATACAAACCATGCAATCTCTTGGAGAATGGGGAGAATTTTTCCCAAGTAATGCTAGTCTCTTTGGGTATAATGAAACCGCAGCCCAGGAATATTATCCACTAACAAAAGAAGAAACTGTCTTGCCTGTCATCTTGAGCAACTGAAAGGAGTCGAAAGATCCCTTAAATATTGGTAAAGGGATTCCTCCATTACAGTCGGAATGACAGCTATTAAAATGAGAAAGATTCAATTGGTCTCCCTACGAATCTCCAACACCTAAAGTAGAAAAGATTATCCCCGCAGACAAGCTTCCAGAAAATATCGATGATATCCCTGACGATATCCTCAATTGGGCGATAGAGTGCAAAGAAACAAAACGACCATTTCGTATCATCAAACCAGAACTCGAGTTTTATAGAAAAAACCAAATCCCTGTACCAAAATACCACCCAGAAGTACGCCATTTACAACGCGTACAGGTAAATCATCCAAAACATATATATACAAGTAACTGTGATAAATGTAGAAAGGAGATGTATACTATATTTGATAGTGATACAAAAAACGTATACTGTGAAAGTTGTTACAATGAGGTTATGTACTAATAACTTATCCTTATGGAAAACATTATCAAAACCAAAACCTGCAAACATTGTCTGAAAGACTTTGAGGTCAATAGTACAGATATAGCGCTCTTGAAGAAACTTACGCAGACATTTGGAGGAAAAAATTATGAATTCCCTGTTTGAAATCTCTGTCATCATTGTAAAGAGCAAAGGAAAATGAGTTTCCGTAATGAACGTATTCTCTACCATCGCACTTGTGACCTGACTGGGAAACCAATCATCTCCACCTATAGTCCAGATAAACAATTTCCAGTATATGGTGCAGAAAGCTGGTGGAGTGATGACTGGGACCCGATGAAATATGGTCAAAGTTTTGATATAAATCAAAGCTTCTTCAAGCAATTTGAATCACTCTATACTCAAGTACCAAAAATTGCTATATTTCAAAAAAACTCTGAAAACTCTCCCTACTCTCACTTTGAAGCGGATCAAAAAAACTGTTATATGACCGTTGGAGGACACCGGAGTGAAGACTGCCGATACATGACCTATGGAATCAAATCAAAAGATACCCAAGATGTATTTTGGGCATTTGAGTGTGAAAACTGCTACGAAATCATCAATTCCTATACATTACAAAATTGTCAGTATCTTGAATACTCAGAAAACTGCCGAGACTGTAGATTTGGATACTATTTAAAAGGATGTCAGAACTGTATCGGGTGTGCTCATCTCACAAACAAACAATACTGTATTTTTAATAAGCAATACTCAAAAGAAGAATACCAAGAACAGCTAAAAACTCTTGGATTAGAAAATAGAAAGAGCATACAATACATCAAAAAAGAATTCGAAATACTAAAGTGAAAACTTCCTCATAAATTTGCAAATCTCATCAATGTCGAAAACGTAACGGGAACAGATATATTTAATTCAAAAAATGTCGAAAATGGTTTCCTCCTTGATGAT
CP060226.1_gap9	317313	318207	894	TTTACTAGTGTTCCAACAGGATTTTCTGGAAGTACTGGCAATTTTCTATGGGTGTGATCTTTGTTGGAATAGAAAAAAGTATCTGGATCCTTTGGAAAAGGCTTCTCTAAATAAGAGATCATTTCCCCGTCCCCATTCCTAAAAGTTAAAATTTTATTGGAAGATATTTCAATTTTTGGTGCATAAAAACGTCCTCCTCTATTAAATACCATTGGAATGCCATATTTATCTGTAAATTCTTTGAATTTTTGAAAGGAAGTATTCGCATAAAATGATCTTCCTAAATTTTTGCCAGTTGGAATGGTATAAAATGCCGCTGAGAACTTTGGATCTCGCACAATTGTTTCCATAGTTGCATGATTACCTCTTAAACATGCTCTTACAGTATCGTTTATGTTTCTTTGTAATAACAAAGGATCAGTATCTTGTATTTCATCGCCATTACGAAGAGCTTCTAAAGTTTCTTCTGTCACTATTTCATATTTATCATCCGTAAAAGTTATAGGTTTGCCAGATTTTAGACGTGTTCTTTGGTAACCCCCTCCCCACATACTTTTTCCGACTCTTTGCTGCGTCTCAGAAATATATTTGCTATTTGCATCACATGTAGAAGATTCTTTAATCTCTCCTCCGCAAACTATAAGACCAACCTGACTCCAAATTTGAGAGTCTTTAAAATCTCCCAATTTCACAAGTGAAGTTGAAAATTCTGCATGAGGAATTCTTTGTAAATTGCTAGGGTTAAGAGATTGTAACATTCTTTTATCCCAAGGTTGATCGTGTGTTGCCATATTTGCAACATGTCCTTCAACACCAATATTTCTATCCATAGTAGCATGAATACATATGACATCTTTCGGAAGCTGTTCTATTTTTGCATTGTTTTTTACCCAA
CP060226.1_gap10	480638	482367	1729	AAAACAACACCTATACAAAAAATACTCCTTGAATATTCAAGGAGTATTTTTTGTTATTTTTTCTTCGTGTTATCCCATGCTAGGAGAAACAAACTTCGAAGCGTGTCTGCCATGTACTTGTTCTTCATCTTCATCCCCGAAGGCTTCTTGCCTTTCGTCGTAAAGAGGGCAATCATATCTCCCATGATATTGATCTCACAATTTGCAGGATAATCTTCGTTGGGAACCAATTTTGTCGTACGAAGCTCTTTTGCATCACGACTCGCATACGCCTTCGCTGCTTCGGTATCTGGTTGGATACTTTTTACCGAAATCTTATTATCCACACGCTTTTGTGTGTAGTTTGACCAATCCTCTGGATGAATCTTTGAGTGATACTCATTGAGTCCAAAACAAAGCTGCTCTTTTCCCTTTTCCTGAATCGTCTCTTCGATCAGTGTCGTAACTGCATCAATGCCCTCATAATAGGTAATCTTCCCCGCAAGATCAAACTGTTCTTGCACCTGATTTTCTTTGAGCTTTTCCAAGTCCAACTGTATCTTCATCGAGTTTTTCTTGAGTTTTTTCAACTCTTGCTCCTTTCTTTCACACAGTAGTGTGATATCTTCTGGTTCTACTCCTTTGAAGTAGGTCAGTTTATTTTTATTGTAATCCACGAGCAAGCCTCTGTCTACCATCGATTGCAACATCGTATAAATACTCGAACGCTTGATATCAACCTTTTTTGCAATCGTACTAGCAACTTGTGGTCCATGTGAAAGTAGGTACATATAGATACTTACTTCCTTTTCATTGAACCCAAGAGAATCAAAAAATGTTTGTAGCATAGTAATCCGTTAAGAAAATAATTGTAAGATTTTTCGCTTTAATTGTATTATAGTTTGATACACTTTTTTATCAATTCCATCATTCCCATCAAATAATTTATGCTCATGTGCCAAAATTCCTCCGCTCGCAATAAAAAACATTCATATTGATTCCCGAACAGATCATCATGAATCATATTGTACCATATAATTCAGTCATCACGAAATTGTAGATAATAAAAACATCATCACAAGAGATTTCCACCAATTCGGCATATTTTTCGGTAAGCATTGTTTTCAAGTATCATAGAGAAATATCACTACTAAAGCAATCAAATATGTTTGTACTCATTGCTTACTACCTGCATATAGTATTTCCTTAATTTCTCTTGAATTCAATATTCTCTCAACCGCAACAATAGATGCTAATGCTAGTCCAGCATATGCTGCTTTCTTTTGTGTGTCTGTATCGAAAATATGTTGAAATAATTTATTCATATGTTATACCCCTCGTAATCCTTCGCCGATAAAAAGTCCTCCATTTTTTTTGATGATATCCAAACATATCGCTGAAAGATCTGGTGCCACGGGTTTTGCAAGCTCCTTCAAACGATTAAATGCCATGATATACTTGTATCCTCCGATATCGTACAATGTCTTCGTATCTATGACGGTTTTATACTTTTTCAAAGTTCGAGTAATCAGCGCAACATCGACAGATTCATAGGCTCCATGGAGTACAAGTGCCTCCAGTATCGCTAATTCGAGATTTGCCACTTTGAGTTCTATGGTATCCATTTGTTTCAGCTGTACGTAGGGAGAAAGTCGCACGTATAGATTTACCTTTTTCTTGTCCCCGATATTTCCAGAAATCGTTTTAAATACAATCGTATAATTCCCAACACAGACCTTTTTGTTGAGGC
CP060226.1_gap11	486917	488979	2062	ACTCATACATATCCACGAAGAGATATCTTTTTAATAAAGTAAAACACGAGCGTACAAAAGGTAGAGACAGAGAAAACAAAACTAATAATGAGTGAAAAATAACTAAACCATACCCTCACAGAAAATGGATCTAAGTATGCTAAAATCAATATAAAAGTCACCGTACTTACGATACAGATGCAAAAGATAATCAATAATAAGAGTTGTTTTCTCAAGAGTATAGGGTTATAAAGTATCTCGTAAACGAATCTTTTCTATCGATAGACAGTGTCAAGTCACATCATCAAACAGAGCACATACCCCATTTACCACATATCTCGGATCTAAGCTTTGCTCTATCTTTCCCTTAGTGATACCAGACAAGAATCTGTCTTGGACACTTGCATACGTAGCACCGATAACAGAGTACAAAGGTCCATTCATCCCCACATCAGCGATAACCCCAGTTCCTCCATCGAGAATCAGCTCATCATTTGTTTGAATATGCGTATGAGTTCCAAAAACCAACCCTATCCTCCCATCAACATGAAATGCTAGACCATAATGCTCTGCAGATGCCTCGGCATGAAAATCAAGTATTGCTACATCATAGCTACTTCTCTCAATACTCCCGAGTAGTTCATCGATATACAAAAATGGGTTTCTTACATTATATCGCATAAACACCTGTCCAATCATATGAATTACCAGTAAACGCTTATCCCCTTTTTGTACGATTTTATACCCTACTCCCGGAACCTTTGTATGACTTTCATAAAAATTCGCAGGACGTAAAAGTGATGTTTCTGTATCATCCAAATACTCCCCAATACTTTTCAAGTTATCAAAGACATGGTCTCCCCCGGTCAATACATCTACTCCCACTTCTTTCATCGCTTGCACATGTTGTAATACGGGACCTCTCCCCGAGGTGATATTTTCACAATTCGCCACAATAAAATCAGGAGCATACTTTTCCTGTAGCCCTGGTAATTCTTTTATCAGAGCTTTTCTCCCAATTCTGCCATAGATATCTCAAAAAATTAAAATCTTCATGAAAACAATATACAAAACAATAAATTATACCTCTTTTTTCTTTTTCGATGCTGGAGCTTTTACATGAGAAATCACGTGAGTATAGTACGAGGCTACAAGCATCTCAAGTACTCCATACCACAGCATAAAATACAAAATCTGAAATACTATCTCAAAAAAGTTATCACGATTATAGCGGGAAATCATCGACTCGTTATCGAGGTACCCGTAGTCCAAAGCTAAGCTTTCATAATAATTTGGTTCTGTAGAGCTCGCAAGTATCTGCTGATCTTGTTCACTACTATTAACATATACGTAGTACTGCTCCAATTCTTGCTTCTTCAGCTGGAAATTTTCGCCCACCATCCCAAGAGGGAGGGTAATCGCAAGATACCCTATAAGCACCAAGATAAGACCCGAAAGCACTTTCCAAGAAGAAGTGTGCCTCCAAGATTTTGCGATGTAATGTCTCGCTCCTGCATGTTTTTTAGGGGCATCAATATAGTAAAAATATGAAAACAAAATACGATACGATAGGTATAAAAATACTCAGAAGCAGAGTATAGCAACACCTCAAGAAAGGATACTAAACAAGTTAAAGCTCTCTGCAGATAAAAATTCTGAAAGTGAAAAAGATCCAGAAAAGATAAAAAATAGTACCGAAATAATTATCCCTCCTAACACCACAGGAATAAGTAGAATAAGAAGTGACCAAAGAAATACCTGGACATACATAACTATCTGCTCTTTTTTAAACCAATGCATTCAAAGAATAGGAAGCTTCTCTCAAGCAATATATGAGAGATTGATTCGTGCAAATGAAAAGTTGGTGTACGAATATCCTACAATAAATGCAAACATCACAAAAAACACCAAAATCCCTATGAGTATAAAAACAAACGGGTGGGAAAATAGCTGAGAAACCGTATCATACAACATGGGACTAGAGAGAAATATCGACTGTAAAATCCCCGTCCAGTCAATCGGAGACAAAAGCCCCACGATAATCAAAACAATAAAAAATGGGAGAGAAAAAACCACTCCTAAA
CP060226.1_gap12	504870	507129	2259	GGAATATCCTCCCCCTTCAAAATTTGTATTCCTTCGGGGATATTGATTTCTCTATGTTTCGTCCTCCACTTAATAGGAATGTGTTCTTCCCCTCAGAGATCGAGCTTGGCATCACACACAAAATCATCACTCTCGAGTGTTACCCTACCTTTTGCCCTTGAATCTATTACTTCCTCTCTTCCATCTGCATGTACTAAGGTATGAATTTTAAAGTGGTTATACGCCATCGTATCATTATAAGGAAACACGGAAGTCGTAAACTTCATTGATTTTCCCCACTGCCCTCTTTGCTTGAGTGTTGCAATAATTTGAGCCTTCTTTTCAAAATACTCCTCCTTTTCGTACTGTTTATTGAGGATACAGTATTTCTTAGATTTTAGCCCGACACAAAACATGCACTCCTCACAGGACTCGATATCATAACCGTAATAAATATGACTGGAGTTTTGTACCACTCAAAAACTAAAATACACATCTGAAACATATCCTCCAAAACTACAACTTCCAATCACATCATGACAAAAAGTCCCCGTTTCAATAGAGTTCAAGATATTTTTCATCACGTCATCCTGAGTATCTCCTACTTGTAACGCATTGACACCATTTTCCATGGCGGTCATCGTATAACAATTGACACAATTTTTTGAGTTATACACATTTTCCCCCACTACTTTTTCACATCTCGATCCATTGAGTCCTTGAGCTACAAAGTATGTACGGATAAAGCTCTCGAACTGCTTTTTTACCTCGGCGTATCCAGCATGAGTCGAAATCTTCTTACGGACATCCGCTGCTATCACCTCGTACTCTTCTTTGGTGTACTGCTTGTTAAATACCTTATAGCTCGCATTTACCTGATTACAGCAAAACATGCAGTTATGACAATTTGCCATATCGTAACAATAGAGTAAATCACTAGATTGTCCTACATGATACCCATAAAAAACATTGGTTGATTCTTCGATATTATGTGATGCATAGATATTTTGAGCATTCAGTACGATATGCGAATTAAATATTCTCTTACTCCCTCAAACAACAAGCAAAGAATTATATATTTCTTCACAGTTATTAAATACACAAAAACTCATATATAGATCCTTTGACCAACCAACATGACTGGCATATTCAGCATTATAGAGCTCTGGATAGAGAAGTCTTGAGGGCTTCGGGAACTCTTCATAGAGAGCATCAAACTGAGCAAAGATATCTTCTCAGATTTCCTGTGCATACTGCAATCCAACATCATCAAGTATCTGCTTTTTATACTCCTTGGCTTCCATAATCTTTCCTGGATAGCCGGAATATATCGTGGAGATAACAGTATTTCCATGAAAGGAATCTTTGATATAGTACAGGTGACTATCATTGATATAGGCATACAGTAAACGAAAATTACACTTCGGACAATGATCGGGATAACAAAAACCCTGACGGTCATACAGTTCTTTTTCTAAACTCGTCAGGATAAATTGATCATCGCAATACTTGCAGTGATGTGTTGAGATAATAGAGATATCGGTTCCCCGGGTGAGATAGTCAAATACGTGGGACATAGAGAAGTGTTGGAGAATAAAAACAATACTTTACAATCTAATGATTTTCTTGCAGGAAGCAAGTAAAAAGCTCTATAGCTCAGGTATAGTATATCCTGCCATTTCACTTATTGCAGCTCTATTAACCATAACCTCTAATTTTCAGTCTATATATCCAAAAGATACCCTAGCATCCGTTATAGGATTATTGATAAAAAACATTATCATACGTTTTTCAAGATCTTCTAACGTACATAAAAGCAAGGCCGTACAATCAGCATACGTATACCACTCTCCTCCTTCAACTAACTTTTGTACAAATTCTTCCCTATATTCTGGAGGATAATATTGTCATATAAAAGTACCATTTGGTAAGCAAAAAGTCTTTTGATACTTTTTACTACTTGACGCATTAACAATTCGCTTTATTAACGATACGGGATATTTTCATCTTTCTTCTGCATGTTTTGTTTTCACAACACAATTTACCCTCTCCCATCATCGAGACTCTAATGCTTCTTTTGATTCCACCATAACATTGGTCTTATCCCTATCTGATACATATGCTGGTCCATCATTAAAATCATACTGCCTGCTTATCATTTCTTTCACCTCTTCTACCACAGCATCATTTAAAAATACAAAAGCTGCATTATCATAAAATCAGAATCGTATCGCATATCCTGCCTGCCAACCTTTAATGAATATATATACAATAACCTCA
CP060226.1_gap13	509499	513497	3998	AATTCAAAAATACGAGAACGTACTCAATAATGACTGCACGCAAAAAAAGGCGTACTAATCGTAGCAATATCTAGGTTTGGGGGTATAATATTTATACCATGTGTATCTTCTATCTTTTGCAGTCTAGCTGAAAGCCCCTCAGAGTAGCGAGTCATAACTCAAATATAATAAATAACTCATTGAACCTCTTAGAAAGAAGAGTTTACTTTTTATATTATTATTGTCAAAAGATATTAATCTTCTCCTCAATCGCGTTTATCATCACCACTAAGTCAGAACCACACTAATACACCGTTTTCTCGTAACATGTCCGGTTACCAAGGATGAGATGAAATTTGTATCTAGTATACTTCAGAATTGTAGCACTCTTCACAGTATACTATCTCTGGTCTCTCTGGGGCATAGGTCGTTTGGATTTGTTTGTGGCACTTATCACAGGTTCTCTCATAGAGTTTTCTCGGGTTTCTGAGTTGCATCCTATCGAGGTGTCTCTGATCGGGGTGTCTTCTTGGGATAGGAAGATGGTGTTTACGGTAGAAGCCGAGTTCTTGTTGGATAATTCGAAATGGTTTCTTGGTAACTTCACACTCTATTGCCCAATTCAGGATATCATCAGGGATGTCTTCGATGTTTGAAGGAAGTTTATCTGCAGGGATAACCTTGTCTACTTTAGGTGGTGGGGATTCGTAGGTGGACCAGTTGAATCCCCCTCCTAACCTCCCCCTAGTAAGGGGAGGAACTTCTTCTCCCCCTCCTTGATAGGGAGGGGTTAGGGGAGGGCTTATCGGATAATACTCCATTGCTACCGTTTCATTATAGCCGAAAGGACTCATACTGCTTGGGAAGAATTCTCCCCATTCTCCAGTTTTCATCATATGTTCGATAATCTTTGGTACGAGAGTTTCGTATTCTTCTTTGGTATATTGTTTATTGAGGATGCAATACTCATCATTATTTTTAAGTCCAATACAACCAAAACAATTTCTAGAATTATTTAAACAATTATCCGAATATAACATGTTATATCCTCACCAAACGACATTGGAAAAGAGGATATTTTTTGCAGCTCCAGAACAATGCACCTCATACATCTGTGAAGCATTCTCTCCCCACACATCATAATCATAACTTGTATCGGCTGTATACTCCATCATCATTTCTGTACAGTATTTCATATCTCGAGCATTGATACAATCAAAACAGTGGGATACATTTTCAGAGTTTTCGATTTTATCACTCTGTTCCACCTTTTCTGAGTGTATAATCTGGAGTTGTTTTGATGGTACTTGCAGTTTTAATTTCAAAAAACGTTCATACATCTCTCTTCTGTATCCGATATCTTGCTCTAACTTTTTTTGTATTTCTGAAAAAGCAGCTTTTTCTACTTCTTCATTGAGTATATAATATGACCCATTTTTTACTCCCTTACATCCGATACAATGACTACATCCCTCCAAGTCTTCTCCCCATAAAATATCTGAACAATTCATACAGTTCAGTATATGCATACACCCGTAACAATGTCGAGAATCAATGGCATCATAACAATTTTCAGAGGACATCACTTTATCACAATCAACACAGTTTTTACAGTCTGACATCGTCACACAGTAATAGCAGTCCTCTACATATCCACACGAACAGACAAAGTAAGAATTTTTATTGTGGTACGAATGATTCCCATAATCAGCATTTTCACCAAATCCATTCAAGATCGTAATACGAGGAACGACGCGTTGTAAATCAGCAAATTGTTCAAAAAAGGTCTTCGAAAAATCAAAATCTCTTCCATAGTCACATGGATTATAGGCATCACTCCACCAATCATCCTGATTATAGGTAATAAAGGCCTTATCGGGAGAATAAATACTAACAACACTTTTGCCCGTTAAACTACAATCTCTCCTATATAGTTTCGTTTCATTTCTCCATGAGAGTCGGCGTTGCTGCCTACAAGAGGGACACAAAGTTGGCGTTGGTATGAGGTATTTTACTTTTCCGTTTCATAGATCTTTTATATGGGTGTTGTCATCGCGAACAGAGTGAGGCGATCTCTCATCATCAGATTGCTTCGTTTCACTCGCAATGACAGAAGAATGAAATACTGGACTTACTTTTTCATAAAACTCCAAGTCTTTATCGGTGATATCAAAGCTTACTGAGCAGTGTTTACAAGTTTTTGTCTCAACTATTTTTTCCATAAAAAAGCATTATCAATTAATTCCTATCCTTATACTGTTCCATACAAATACTCTCAGAATATTTCGTGCATCCCTTCTTCTCAACGATTGCACGACATGAGAGTACCTGATCATACTCCAATACTAAATTCAATATATCCTCAACCAAACGTTCGATCAAATTATAATCCTGAGTTCGTACATGATTCACGATTTTCTTCTCTATCTCAGAGTAATTCAGTGTATCCCCAATATAATCAGTCGTTGCTGCAATCCCTGGATTAAAGTCAATTTCTAGTTGTACTGTAAACAGCCTGAGTTTCTTTTCATAATCATGAACTCCGAGAATTGTTTCAATCTGTAAATTTTTAAATATCATTTTCATGGATGTATGGGTGATGAAGTATGTTTTGTAACGAAGAAAATATTTCTGAATCCATAAGAGTCTGTACTTCCAACATATTTTTAGATGCTAGAGCTCTACGAATACGTGTAGAAGACACGGGCAATCACTGTATATGTGATGTATATCGATTCATCTCTCTATACTCGAAAGAATGAAATCAAGTATTTCACAAGTATCACTGTATCACTTGAATCGCTGAGTCATGCTCTATATCTCAACCATAAAATACCAGGTGATCCTCCTCTCAAATTCACAAGCGCAAGATACCAGTTATCAGATTTTGAAACCACACCTCATCAGATGAATCATCTGCTAATCACATAATATGTACCCTTCAAGCATCAAATTCCTCTGCATATTTGGAAAGAAGCATTTTTTTCCTTTCATCAAAAGAAAAAGGATTATTTTCATCATGGATATTTGAGGATCCTAAAAATATCACCGTCATATCTTGCTGTCATAACGATTGGTCAATGAGGTATGTATGCCCAAGATGTGGGGGCTGCATCCTCCCGACAATAACTCCTATATGTTTCATATAACTATGATACTCAAAAATTAAGTCTCATCCTCTCCACCCAGTGGATCTCGGGAAGGGGGAGTCAGTGCTTCATAAGAAAGTCATACTCCATCTGTACGATACGGTAATAATTCCCCTTTTCATCTTGGATAATTTTTTTCATAATTGCTGGATTGATGCACCACTTCCCTTCTGCGTCGTAGCCTTGGTAGTTTGATAGAAACTCCCCCTGCTCTCCCGAGGACTCGGGATCTCCTTCCCCCTCAATTGAGGGGGACTGAGGAGGAGTTGTATACACCACTTCCGCCCCTTCTGGGATATCTACCTTTATCTCTTCATCTCTCCACATATATCCTTTTTTTTGTACTTCTTCTTTTGAAAAACATCAAAATAAGTACGCAAAGGTATCGTTAAAATAGAGGGGATTCATACTCCCAGGAAAATACTCTCAGAGTGCATTTTCTCCCTCTCCTCGAAGGAGAGGGTTGGGGTGAGGTTCTTGTTCCATCTGAGAAAATATTTTATCTACCGTCTCATACCATTCTTCCTTATCATACTGTTTATTGAAAATACAGTACGATTTATTTTGCAAGCCCACACATCCAAGACAAAAAGAACAGTGTTCTACACCATACGAGTAAAAAATATGGCTCGAGTAGCCAATATTATAGCCAATATAAATATTATCAGGATTTCATCAAAAATTAGTAACCCCATAACAGTCATTGGTCCCCTTTCCTCAAAATATCAAATCATAACAATTTTCTCAAGTATCTTCTGAACCTGAAAACATCAGATTTCTTCAATTTACCATATTAAACACCCCATATCCATTTTCTATATGAGAAGAATCCAAGATACAATTCCCAGAACATTGAGAAGAGTTATAGTT
CP060226.1_gap14	518246	523175	4929	ATGGAGGTATTTTAAAATAGCCCAAGCCAAGCTCATCCCATCATAGGTTGATGTCCCTCTCCCGACTTCATCGATAATCACAAAACTATTTTTTGTCGCATTATGGAGGATATTTGCCACTTCTTGCATCTCAACCATAAAGGTAGACTGACCAAGATAGAGATTATCAGAGGCACCAACACGAGAAAAGATTTTGTCTGTAACCGGAATAATTGCTTCTCTCGCAGGCACAAAGCTTCCAAGATGTGCCAAGAGTACAATAAGGGCATTTTGACGAAGAAAAGTTGATTTTCCTCCCATATTTGGCCCCGTAATAATATGAATATATTTCTTTGAATCCAAATGAACATCATTACTAATAAACTCTTTCTCCATGGATTCAATCACAGGATGTCTTCATCACTCTACCGAAAGAGCATACCCCTTCCCTACTTTTGGTCGTACATAATTACGAGCATATGCCACATGTGCCAAAGCCGTATGATAATCCAGAGAAGCTATCATAGTACTCGCATCCTTTATCAACTGAAAGGTATCGAGAATCTGCTCTCGTATTTCTAAAAATAAATCGTATTCTTTTTGCGCAAGTTTTTGTTCTCCTTCAATTACACGGCGTTCAAAATCTTTTAATTCTTGGGTCACAAATCTAGAAGCATTTACGAGTGTTTGCTTATGTACAAAGGTATCTGGTACCTTATGCAACTGACTTTTCGGTATTTCTATAAAGTACCCTGATACTCACGTATACTTAATCTTGAGATTTGAAATACCACTTCCTTGAACCAACTCAGATTGATACTCTGCTAACCACTGCTTGCCATTGTAAATAACATCTCTATATGCATCTACTTCTTCATTGTATCCATCTGCTATAATCCCTCACGAAGTAATCGTATTTTCAGGATCAGTAGCAATAGCACGATCAATTAACTGAATAATTTCTGATACAGAGGACATAAAAAAATCTCATAAATTAATCTCCATGATTATACGGGTTCTGTCGAATTTGCAATTCCGAAATTTATAATTATCTTTCTGCAATCACACTATATCTCCTAACTCAAGTACTTGCTATGATTCTTGTCTGAAAAAAAGATAGTATCATCGATGTCCTCAGACGTATCGAGCAAGAAGAGGGAGAACAAATCATTTTGAAATTCCCCTTTGGTCATCCTATTCTTCACAACTACCTGTCTCTTAAAATTATTCATCATAAATCAAGCCCCAAACAGGTACTTATTATCACAAGCGATATCCGCTCAAGAAATATCGGAAAACCCATTGGAATTGAGTATTCTATTATCCAAGATGAATGATTTTTTAAAACGAAAGAAAAAACGAATTTATTACATCATAATTATACATTTTTTGAATATTTAAAGTTTGAGATAAAAAAGAACTTTCAAGATTTCCGTAAAATTATTTCCAAGAAAATACAAACCATCCCCCTTTCTCATATCGGACAAAAGAAAAAAAGTCCTCCACTGATGATTCTCTTTATCAGCGGACTCGTACTTATGACATTTCTTTTTAGTTATATTTTTTATTTTGCCGTAAATAAAACCTATATCTATATCACTCCCGAGGAATTTGTAGATTCAAAGGCAAAAAACATCACCTTTACAGAAGATGAGATTGACGGAACAACACTCAAAAACACAGAGAAACTGATAAAAATTGAAAAAAATATCTATCTCGAAGAAAACTATTGAACCACAGGAATAAAAGAATGAAGTGAAAAAAGAGCCACAGGAAATGCTCGTCTTATCAACAAACTTCCAGAAAAAATACAATTACTTCCAAAAACACGCCTACTTCGCGAAGATGGTGTACTCTATGAAACACTAGATTGGACAAATATCCCTGCAGCGACATCTGACACCCCAGGAGAAGTAGTGGTAAAAATCCAAGCAAAAAGCTATGATTCAAAATGACAATTTACAGGTTCTCGATGAAATACACTTTCTGGTATCTATCTTGAAATCCCAGGATTAAAAAGTAACAAAGAAATGATTTTTGCTACAACGGAAAGCGATATACGTGGAGGAAATGATAATTTTGAGAAAATAGTAAACACTGATGATTTAAAAAATGCAGAGGCTTTTATCACCGAAAAACTAAAGGCAAAAGCAAGAAGTGAGGTCCAAGATCAAATCAAACAAGAAAACGAAAAAAATAATGCCACCTACGATATTCTCAATATTGATAATATTTATCAATATAGTGACATCAGTATACATTTCCCCGAAGACCCAAAAATCTGACAAGAACAAGAAGATTTTCTCGTAACTGGAAGCCTAAAAATCAGCACTTATATCTATAATACCGACTCTGTTATCAACACCTTGCGACAAGCAATAGACCAAAATATCCTTACTCAAACCGAAAAAGTAGTCGCTATTCATAAACACTCCCTTCGTGCTGCCAACATCCTCTATCAATCCAGTAACCCATTTGAAGTCAAAGCCACCATGGAGATAGAGTACCTAGTTACTCATAACTTTATTCAAAAAGATAATGGGTATATAGACAAACTTAAAGGCTTAATCACTGGAATTCCTATTGAAGAGGCGGAAAAGATTCTCATAAATGACCCAAAAATCAGCAGAGTAAAAATTAGCTCACGCCCATTTTTTATAAAAAATGTCTCCTCTATAGAAGAAAACATTACCTTTGAACCGATGCAATAATATTTTCAGATTCCGAATCTAAACAAACATAACACTGTTTCTGAAGAAGTCTCTTTGAAAACATATCATAAAACCACGCTCGTACTTCTGGTGACTCTCTATAAAATCCATCATTTCATTTCTGCAAAGTATATAATATATCCAAATATGGTTGGCGCTTTAGAAGCGTTTGATAATCTTTTGCGGTATACATGAGCCCTCCTATAAAAATTGAAAATACTTTCTGCATATCAATACGATCGAGTACATATGCTATAAAATCTGTGTATAGAGTCTTATAATCAGGAACTTCTAGCAATGGTAAAAATCTCAGGCCTACCTTCCATCATTTCTGAAGCAAGGCATTCACTGCTTCGAGTCGATCGTCCAGTGAGGATGTCTTCGACTCATATTGATTAATAATTTCTTGCGGATTTAATGAAAATGCTATTTCTGTATTTTTCGGAATATCAAACTGCAACAAATCCTGTATATTTGAACTTTTTGTACGTACCTCCATATATACGTTTTCTAATTTCTCAATACAAGGAATAAAGTATTCTAAAAATCTGGTCATACCATTGGTTGCAAGATTATCAGAATAGTCAGAACTGTATAACCAAATATCCCCCTCATACCCATTTTTTCTCAAAGAATCTACTTTCCTTAATATTTGTTCTTGTATATCATAATAATTTACAAAGAAAATAGGAATATCTGAAGGAAAGGCTCATTTCAAATAACAATATTTACAATCAAAAACACAGTTCATTGAATTCTTTAAGAAAAACCCCCTACCAGCATATCCATACAATGCTGGAGCCTCAAGTAAGGCGGTATTTACCGCAGCGATAATCATAACTTTTTCGAGAATCTTTCATCCTGTTTTCTTATCAAAGAGATTCTTATAATTATCTATTTCAATAACATCTCCTCAAGAAAACATATCTATTATACTCCTTGTTTCTTCTAAATTTCTTACTCGCTTCTCTACATAAATAATCATATTCCTATAAACAAAGGTAAACGCTACTTTGTTATATTGAATTCGATACAATCGTCAATTCATAATAGTTGAATTTACAACAAAAAAATATACAATTTAGGCTAAAAATAAAGCTTACCTTATTATACGATTATTTCTTTATGAACTGAACTAAAAAATCCTGAATCACCCTCATAGAACTTATTATCGTTATCACGATTCTTGCCATCCTTGGAACTCTCTCCTACATCTATGTCATTGGTTCCTATGCAAATTCTCGTGACGCCCTTAGGCTCAATAATATTTCAAATGTTAAAAAGGTCTTCTCTATAGAGCGTGTAAAAAGATGAAGCTATCCAGAACCAGATAATGCTAAAGATATTTATCTCGATGGAAAACTTATCTTAAAACAAGGAGTTATCAGCGATGATCTCCGTGAGCGTCTGGAAATAGGAAACACTCTCAAAGATCCAAAGTACGAAACAGATATGTCATATAGCGTCAGTGCAACACAAGAAAGTTACGAAATCGGTACCGTGCTTGAAAACAATGGTGCAGGAACTCCAAGTGGGTTCATCATACCACAAACCTATGCCGCTGAATATAAATCGAGCTACCTTAATGGAAACTATAATGGAAAATACTATCGTACCTTTAGTGGAGGAACTACTCTTATCTATGCTCTTCCAAGTCTCACTATGAACGACACGGGGACTGGAGATGTATCACTCTACGTAAATCAGGCAACTGATAAGTTCTCCATCAATGGTTATGGAACGATTCCAGAAAGTTTTAGTGGAATTACGACAGAGCAGACAAAGATTAATTATATTCCTCGTCTTCTCTTTAGTGGAAACAAGTGTGGAGTAGAAACAGATCAAGAAATCGTAAACTTTATTGCTCTTACTCGTGATGCCTACAACAAAGAACCATTTACATATCTCCGTTCCTATGCTGATGTTTTTGATGATTATGAGTATCTAAAAGATAATCTCATCGATTTCGAAAAATTAAAAGTTCTTGGAGTTAAAATAAACGAAAGTCTCCAGTGTAATATTAATAATTTTAAAACTACTGACATATTCCCTACCGCTTGTGGAACTGAAAATGGTATCTTCGATCTTATGGAAGATGGATTTGATATAGCAAATAGTTGTATCTACACCCAATCATGAGATGGACAAAATATAGTCAGGGCGTGAGCAGGAAATTTGGGAACCAATGGTCTCAGTATAGAACCAAGTACAAGTGGTACAAAAACTATGAAGTTTAAAT
CP060226.1_gap15	528748	532080	3332	AGCGTATTCGAGTGATTTTTCATCCTACGACGCACGAGTGCATTGATACGAGCGAAGAGTTCTTGATACTCAAATGGCTTCACGAGATAATCATCTGCACCACTTTCAAGTCCTGTCACGATATCATCACTGGTACTTCGAGACGTCAGCATAATAATAGAAACATCCTTTCCCTTTTCACGAAGTGCTCGACACACTTCAAGTCCATCCATCTCTGGTAGTTGTATATCTAAAATCACCACATCATAGTACTTTGTAGCGGCCTTATACAAACCATCTCTTCCATCAAGCGCGACATCCACAGAGATATCCTTCATCGCAAAATATCTCACCAGATTTCTTGCCAAGATTTCATGATCTTCAACTACCAAGATTCGCATATATGAAAGATTAGAGACTGAAATATACAAAAAGTATAGTGATTCTGAGTAAGAAGCAAGTAAGAAGGGAGAGTTCTAAAAAGAACTCTCCCTTCTTACAAATGGCCGATCATATATAACTTACCTATGTTTTCCTTTATGTCCTCTCTCTCCGAACTCTCTATCTCCTCTTCCCTGCTTAATCGTATCAAGCTTCGCTTGTTCTTCTTCACTAAGAGTTTCTCAGTTCTTTTGTTTTTCCAATAGTACTTGCATCTCTGCATGTACTGCTTCTCTCTCAGCATGAAGTGCTTGCATTTCTTCTAAGCTCGTTTTCTCTTCATCTGTGAGTTCCTCTCCATTTACCAGCTTCTTAACAAGCGATGCATTCTCTCTTTCACACTTTCTCTCATTACTCGTACTATTCATTTGTGTGGCAATTTCTTGACGAACTAGTTCTTGTGCATCAGTCAGTGCATCTCCAGCAATAAGTGCGTCTATTACAGCAGTATGTGCAGCTCTTTGAGCTTCCATCTCACTACGTTTTGTTTCAAAAAATGCCGTTCTCTCCTCTGCTGACATTGCCGCTACTTGCGTCCTTTCCTCATCAGTCAGATACATTCCCTGTCATCTCTTGGTTTTCCACATATCACCACCTCCTTTCCCGTCACGGTGAGGCATATTTGCTTCAAAATTTTCTAACTCCGCTGTTTCTTCAGCAGTCAAGGTATCTCCATTTTTCTTTTTAAGCATCAGTGTATGTATTTCTTCCATTTGAGCTTTTTCTTCTTCTGTGAGGTCAGCACGTTCAAATTTCGCATGAGGAAAAGATGAACCTGTACCTGAAGTATTCGCACTTGAAAGAGCTCCAAAACTAGTCGCAGCAATTCCTGTAATAAGTACTGCCGATAAAATTTTATTTCTAGTATCCATAATCTCTATCTTATCAAATTAAAGTATAATCCCTTATCTTGTATAGATTTCTCCTTCGTGTTTTTTGCAATATCTGAAGTGAATACAATATACAAGAGTTTTAGTAATTCTCGAGGATTACACGGGTACTATAACAAATGAAGGTAAGAGGTAGTTAAGAAAGATTTAAAATACTTATATACTCAGAGTTGTATTTCTCCTTCCTATAACTATAGTACAAGAAATATTTCTCTTTCTTCTCTCTTATGAATCCAAAATTCAAAGGACAATACGCTGATGAAACCCTCCTTCTTAAAAAACATGAAAATATTATTAGCTTTTCCCTGGCAAAGATATATATCGTCATCATCTATCTTGTACTAGCCACTGCAATCTATGCAGTCTCCAGGTACATCTTTGAGATGACATCTCTCGGAATTATAGGAGCAGTTATCATCCTCTTATGATGACTCTTTTATCTGAGATACCAGTATACCAATACTTGGATGGTTATCACGGATAAGCGTGTACTCAAACTCGTAAAAAGTTCTCTTTTTGTTGATCATCGCCGAGAATTGAAACTCGTTGATATCAAAGCTACTCTTGTCAGAAGAAATATCTGTAATATCCTCTTTGGCTATGGAACTATTGAGGTACAAGGAACAGATATGGACTCCCATGTATATTTCCGTGGAGTCAGGCACCATGAAGATATCGTAAATTATCTCTCAAAAATCATCGATATTGCAAAAAATCACCCCGAGAGATTATCTGAGGTGAAGGTGTATAAAGATAGGATTGATGGGAGGTATTAGAAGTAAAATATTATCACATTCTAGACAGAAATATTTCACCTCATTTCGGTTACATTTATCATCTCACTAAATTGAAGCCACCTAGGACGTATATCTGGCGATCTTAATATTCACCTTTTAAGAATAAGAGCTCAAACTTCAGAAAGGGGGAGCATCCCTCAATTTATTTCTATAGATTTAGGAGTATATGCATATCTCCTGCTCCTTTTTAGTTTTTTTCAGAGAAATCAATTTTCCTTATTTCCCTCTAATGTATCAATAACTTCTCAGTCGCTTCTATCAACCCTATCAATTTGAATACTTCTAGGGAAAAATTGTGTATTATCACCTATATTTTTTCTACATTGATCAAATAATACTCTATTAGTTTGTATAAACGGATCATGAAAAACATCCCTTGGACACATTTCAGTCCCAGGATCTGGAACAGTCTCATTAGTTATAAAGGTTATTTCTCTTCAATCTAATCATAAGCCTTTATAAGTTTCTGGACTTGTTATATTTCAAAAACGAATATCTCATGCTCTTAATCTTCTAAGTACCTCTTTTGAAAAATGTATAGAAGCCTCAGAAATATCGAATCAAATATTTGTTATTCTTCTAAATCAATTTCTCCTAGCTTGGATATCCTGTGCTAAGGTGGTTACTCAGCTTCATGCGCCTAAATCAATTCATACATATGATCATTCAAAATTATCTGGGTTTATTATCCTAGAAACTATGTCCAATACGACTTCTACTGTACTAGGAATATCCATAACCATCCTCAACGGATATTGATTCCTCTCATAAAAATATCACATAACACGTTCTTCCCCTTCAAGGTCTTCTGGTACTCATCATAATAAGATATTTCTTCTTAACTGAGTAGCTTCAACCTCATTTGCAATTTGAAAGAATCTTATAATTTGAGTTAGTTTAATTGGAGATCAAATAAAATACGCATCCCAAAAGCAGAAAATATATTTTAATACCATATTTATTACAACATTGATATCTATACTATTATTCACATCAGATAAGTAATTTATATCATCTAACAAAGAGGTCTTTTCATTAAATATCCCCCCATCAACTATTTCAAATGTAGGTAAACTATTCAAATTTATTTTTTATAGTATGTAAATTTAAGGATATTTTAAAAACACCACTATTTTTGTCAAATATACTTTTTATAGTCTAATATAATCTAATTTTTACTTCAGATACAAAAAAAGAACTCCAATACACCAACAATAAGAGAATA
CP060226.1_gap16	607782	612381	4599	GCTTCTATGTCTATCCTATCGAATCCGCCTATATCCAGAAATACTTAAGAAAAAGACTAACACAGTTAAACTCAGAACGCAGTATCAACGCCGACAAGTGACTCGTAAATGACCCAGCGCTAGAGGCACAAATCCAAGATGTAGAAGAACTGAGACAAAAACTTACTCGTGGTGAAGAAAAATACTTTCACCTTGGACTCTATATCACGATTTATGCCGAAGATGAAGACAAACTCAATAAAATAGGAAAAGATATCGAAACCATTCTCTCCGGAAGAAACGTCCTCCAAAAACAAAGTTTCTTGCGTGCGGAACAAGGATTTATCTCAACATGACCATTTGCAAGAGATGAGCTCGGGGTATACCGCAATATGTCAACGGGATGACTATCTACGACATTTCCCTTTTCATCTTCAACTCTGAGTCACGATAATGGAATCCTCTATGGAATCAACACCCACAATAATTCTCTCATACTCTTTGATAGATTTCGCAGTGAAAATGCCAATATGTGTGTCTTTGCCAAATCATGAGGTTGAAAATCATTTGCCGTAAAACTTGAAATACTTCGCTCTCTGATGATGGGAACAGATGTTATTGTCATCGATCCTGAAAACGAATACCGCCCTCTCGTAGATACTGTGGGAGGAAGTTATCTTGATGTCAGTCTCAACTCTGGGCAGCGTATCAATCCATTTGACCTCCCGCTTGGGCTCAAAGATCAAGAGGAAAAACCTGGAGACCTTCTCAGGAGTGCGGTTATCAACCTCTTGGGGCTCATGAACCTCATGCTCGGGAAAATGACTGCAGAAGAAGAAGCCATTATGGAACGTGGAATTATGACATCCTATAGCCTCAAAGGAATTACCCTCGAAGATGATACGGCTGATGGAAAAGAAGTCCCAATTATGAAAGACCTCCAGGATGTCCTAGAAACGATGGATGGAGCAAAATCACTCGTTACTCGTCTAGAAAAGTATACAAACGGGATATTTTCATGAATTTTTAGTCAACCAACAAATATTGATCTCAAAGAAGGATTGCAAGTATTTTCTGTGAGAGACCTCGATGAAATCCTCCGTCCTACCGCAATGTATGTCATCCTGAATCATATCTGGAACAAAGTAAGAAGTAGCAATCAGCGCAGGATGCTCGTAGTTGATGAAGCGTGGAATATTATGCAGCACGATGATTCAGCAAAGTTTCTTTTCGGTCTGGTAAAAAGAGCCAGAAAGTATAATCTCGGGATCACCACTATCACTCAGGATGTAGAGGACTTTGTGGGAAGTACCTACGGAAAGCCTATTATTACCAACTCATCGATCCAGTTACTCCTCAAACAGTCTCCAGCATCCATCGATGTACTCCAAAATATTTTCAAGCTCACGGATCAAGAGAAATATATCCTCCTCAATGCCTCGGTATGACAGGGACTATTTTTTGCTGGTTCTGAACATGTGGGGATTCAGGTTGTGGCAAGTTTTTATGAAGAACAAGTGATTACTACGAATCCAAATGCAAAGAAATAAAAAATTTGAAAAATAATTTTGACACGAGGAAGTTTTTTTATAAGATGTTTCCGCTATCAAAAGATAGTCGGTGCGGGTGTAGCTCAATTGGCTAGAGCATCTGCCTTCCAAGCAGAGGGTTGTGGGTTCGAGTCCCATCACCCGCTCCATAATAAAAAGTTAAAAAGTAAAAGTTAGAAGTTAGAAGTTTTATGGATGTAATAATCTTTTTGAACTTATAATTTCTAACTTTTAACTTATAATTTCTATGGGCGTATAGCTCAGTTGGTTAGAGCGCACGACTGATAATCGTGAGGTCGGAAGTTCAAATCTTCCTATGCCCACCATTGAAATTTTTTAATAAAATTTCTAGTTAAAAGATAAAAGTAGAAAGTAAAAACACATCTTACTTTCATGGAATACCTTCATACTTTCACCCTTTTCCCTTTCAACTAGAAAAATCTACGATTTTTCGGGAACTGGCGCAATTGGCTAGCGCACACGGTTTGGGACCGTGGGGTTGTGAGTTCGAGTCTCACGTTCCCGACCATTACATTTTACACAACAAAAGAACCTCTATTTCTAGCGGTTCTTTTGAGTTTGGAATATCTGATAGTATCGTAGACGGTTCGAAATGAAAAAATCATAAAAAATTTTGTATTTAGTAAAAAGAATAATATAATTTATCTACTGTCACCCAGGGCTGAGTCCTTGGGTCCTTTTTTTTAAATAAAATGTTATGAAAAAAATCTGAATCTATATTGATTGAAGAAATTTCGAACTATGAAGTATGGAATTACTATGAGTACAAAATTTTGATAATTTAGACGAACTAAGTTCTATATTTGACATAAATAATTTTATAAAAAACATTTCTAATTGAAAAGAAGTAGTATATAAAAATTTCTATAGATGAATACCAAAACCATATTTATTTGAAAAAGAATTATGTAGAAAAGTCTGAACTTTTATAAATTCATTATCTAAAAAATGATTTAAAATTTACAAATGACATTTTACAAGACAAAAAGCTGAAAAATGAGTAGATGTAAGATTAGCATTAGATATAGTTCGTGACTCCAGAGATAAAAAAATTGATATAGTATTTCTCTTTTCAAATGATACTGATTTATTAGAAGCAATAAAAGATGCTCAAAGCCATTGAGTAAAAGTTTTCCATTGCATTTTCAAAGTAAAGTCAAAATTATACTCACCTAATAGAGCTCTTAGTGTAAACTCAGATCAAAAATTAATTTTAAATAGACAATTATTAGAAAGTAAAATCTAGATCTTTACATATCCTCCGAACTCTTCAATCTCAGTTCTAGTCTTCTGCACTAAAGCCAACCAAAATGTTACACAACTCCTTTTTTCATCATTGGAAAGAGGAGTTTTTAAATGACTACTTGATCCAATGTCTTTTGATATTGTTCCAGCATAAACTTATAATATTTCTTTTTATTTCAAGATTTACATGAATCTATAGCATTAAAATATGACTGTTTATTATCTGTAAATACAATCATTGGCAACATACCATTTTGGATGAGAATCTTGTTCATAAGAAGCCTCCCAGTCCTACCATTTCCATTTTCAAATGGGTGTATCTGCTCATACTTTAGATGAAAATCAAAAGCTAATTGCAGAGAAAATATATTTGCCTTATTAGCTCTATACCATTTAATGAGATTATTTATTTCATCACTTACTTTGTCAGGACTTGTAGTCATATTATTATTTACGGTATTTAGCGCTTTTTTAAATCACCTTGGGTATCTTTCTCCATTTTCTTGTAGTAAATCCTTTGTGAGGATATGATAGAGCTTTTTTATATTTGCTTCATTAAAAACAAACGCATGAGTTAAAAAGTTCCATGATTTTACTGAATTATGCACTTCTTGTACTTCATTTTTTACTTTATATTTGTACTTCTTATTTTCTATAATCTTCTTTACTTCCTCTTTTGGTATCTTACTTCATTCTATATTATTTGAATTAAATATAAACGCTTCTGGAAAACCAAACTGTAACCACTTTTCAACTTCAACTCTTTTTTGAACTAATGGATCATCAATGAGATATCTTACACCAAATACTTCAAAATAATTATACATTTTCTTTGAGGCTTCAATGATACTCTGTAACAAAGATTCATTGTAAGCATTTTCTAAAAAGTCTCTATAAGACTTCGAACCATAAATAATATCAAGCTCTTTATGAGAGAGATCTTCCAAAAGTTTTTCAGTAATAGTATCCCCTTCTATTTTCACTAACAATTTCTTTGTATGCACTTTCTTCGCTAGATATATTCAAGAATCTTTTTTCTCGATAAACATAAAAAGTAATCTTATTTTTAGGTACCTATATACTACTACTTTTGAGAATGAAAGTCAAATATTATTTCATATTTATATCTTTTAAATACCTTAAAATAAAGAAAATTACAAGGAGAATAAAAGTTATAGTGTCAAGCCCCCCATTCTTAGTACAACTGGAATCAAACAATTTAGAGAGAATTTTTCTCTCTTTTTTGATACTCTTTTGGGCTCATTTTTAACGAAGTATGAATACGATGATTATTGTAATAATATATCTGTAAATGTATAGCTTCGATAGCCTGTTCAATACAATCAAATCTATTGAGATTTCATAACTCGAACTTGAACTTCCCATAAAATGATTCTTGTGGTCCATTTTCCCAAGGAGAAGACTTTCTGCTCATAGAAGCAGAGATATTGTATCGCTTGAGTGTATCAAAGTATTCATAACTTCTGTATTCACTTCACTGATCAGAATGGAGAAACTGAGGAATAGTTTTACTTCGCTTCATAGCATTCGCTAGTGCTCGTAGAATGAGTTCTTTCCCATGATGAAACCCAAGTGTGTACCCAACTATTTCTTTTGAGTATTCATCAAGTACAGTAGCAAGATAGAACTCTTTTTCCTTGTAATACAGATGAGTAAAATCTGAACTCCATACTTGATGAGAGTGTTGTATTTCTAGGGATTTCTTTTTGTTTTCTACTCCCATATGTGGGAGGTTTCTATCTCAAGGTTTTCTGAACTGTCTTTTTCTTGTGTAAGCATAGAG
CP060226.1_gap17	620810	624924	4114	TCAGCAAGTAATAGTGGAGTTTGACCGATAAATGCACGAGCAACCGCTACTCTCTGCTGTTCCCCTCCACTCAATTCATACGGATATGAGTGGAGTTTTCACCCCAGCCCAACCCTCTCAAGTATCTCATCTATCTGATACCTCGGTTTGATAGCATTAATTCTGAGTGGGAGTTCGACATTTTCCTCCACGGTTAGATTCGGGATGAGATGAAACTGCTGAAATATGAAGCTGATATTCCCTCCCCTAAATCCTGTCAGTTCATCACTCGTTTTTTCACTGTACTTCATGTCTCCGAGAGTAATCTCTCCTGAATCAAAGGGGGTTAAACCTGCAATGAGGTTCAATAGGGTGGTTTTACCAGTACCACTTCTCCCAATGATACAGATAAATTTACCGCTCTCGATATCAAAGTTGAGATCGCGAAATATCTGAGAATTTGTGTCTCACTGCACATACGTTTTTTTAACGTGTTGTATTGATAGCATAGTGTATTCAAGATAAATATAAATGGAATTCCCTACTCTGTTACTAATAATTCATACCCTGTCTTAAAGTTTGTGTTATGATCTGTATTAAAAAATGGTAAACCAATCAATCTATAATTTGGACTTTCCGCTTTTATAACCTTTTTAAATCCATATTTTTCAGTAATTTCTTCCAAAAACTTTTCTTTCCATCCTTCTTTTCCAGTTTTAAAAGCCCCATCCTCTCCAATAAATTTATTTCCTTTTGGCTCAATAAAGATTTGATAATAAAGCTCTGTTTCAGCGACTCAAATTTTCTTTTTATTTTTTGTTTTCAAAAAAAGAATAAAGTCAGGTTGAAAACCTCTTCCTTGTTCAAAATCAAAGATTTTATAGACTTCTTCGTTTCTCAAAAGATAAATTTCTTTGTATTTACTTTCAAGATTTCCGATTGTTTCTTTGATAAATTCAATCAGTTCTTTTTCTTCACTTGTTCCATGAAACGAATCCAAAACATACCAATTTTCCGTTTCTAATTCTTTGGCAATTCTTTGAGAATCTGCGTCTATTCCAATCATCTTTGTTTTTGGCTCGGAAAAGAATTTTTTAAAATCTCCTGCAATAAATGTACTTCCAATTTTTGGAGCAATTTTATCTTTTAATTCAGCAAAAATATTGTGTAAAAACTTCATCACTAAACCTAACTTATCGCTAGTATCAATATCATCATACTTTGTATTTTTACTGACAATTATTTTTACATCAAAATCAGCAAGTTTGTCTGTTTGTAATTCTTCAATGCTCTCAATTTCCAGTTCCTCTTTTAGTTTTTCAAATTGAAACAATGAATTTTCTTGCTTGGCTTTGATATTGATAGCTTTTTGAACGATATGTTTTTCAATATCCTTAAATTTTATTGCAATAGTTTGCAGTCCTTTTTCTTGTAAATTTAATCTTTGCAAGTCTTCTTGTTTCTCAAAATCAATTTCTTGTTCAGTAAATTCTAAGCCCTTGATTTTATACGGCACAAAAAAATCTTTTTTTATGTCATTCAAAGTCTTCTTTTTTCTGTTTGGATTATCAATCTGCTTATTGTACCAAATTTTTGTTTCTTGATAGAATTTACTGTCCCTAAAATCCTTTTTGAGTGCAAAAGTTTTGATAATTTTATCATCTCTGATATATCCGTCTTTTCTCAACTCTTCTTTGAGATGTGAAATATATCTTGATTCTTCGTCATAAGTGTAATAATACAATTCTTCAATGACTCTTAATTCGTGCTTCAAATCCTCATCAAATTTTCTTTTATTTTTGATTTTGTCACCCCAAGCAAAAGGATAATATCTGACACCCCTTCCAATAAGCTGTTTTTCTTTTGTCGTTGCTTCTGGAATTTTTTTTGTGCTTCCTCCTGTGTTTTGTCCTTGATACAGCCTAACAATATCAAACAGATTTAAAACATCCCAACCTTCAGTCAATCTATCAACAGTAAAAATGGCTCTTATATAATTGTTTTTGTCTTCTAAACTATTTAATAATTTTTCTGTTTCTTCATCAGTTTTCTCTTTTTTAGTCGTATTAGTTTTTGAGTTCGTGATAATCGTGTTTTTCTCTTGATAACTTTGTTTGATCCAGTTTGTTATTTCTCCAAAATTGATATTTTCTTTTTTGATAAATTCTAAAAGTGTTTCTGTTCTTGATTTTCCCATTTCAAATAGTGTTGGATGTTTAGCCTCGTAAATTTTATTTGCTATATTTTTAAGAAAATCAAAATCACTGCTTGAAATATTGTCTATCCAATTCAAAAACTCTTCATAATCTATTTTTGATTCATCGATGGTTTTACTTCTAAAAAGAATTACTGGTTTAAAATTAGAAATACCATTTTTTAATGCGATTTTATGCCTGTACCATTGAAATAAAAGAGCTTGTAAAACCCTCTCTTTTTTATCCAAAGTAGAAGAAATAAGATTAATTTCTTTAGTATATCCTGCTTGTAAAAATTCTTTGAGACCAAATTTATAAATAATTTTGTCTTCATATTTTTCGGCAATAGCTTCTGTTGCTGGAATGGTAGCTGTAAATTCTAAAAGCACATTTTTATTGTCTTCTTTTTTTCCGTTTTTATTCAAAATAAGCTCTATAACTGTATGCTCCCAACCTTTTTTTTCAATTTCTGCTTCACTTGTCTGTCCAGTAATTTCTGTTGGTACGAGTTCTTGCTGTGCTAATCCTTTTTTGTTGGTATCAGTATTCAGGTGATGAGCTTCATCAGCAAGCATAACGATATTCTTGCTATGCAAATCGTCCAAAGTGGTCTGATTTTCTCTTTGTAAATGAATATCGTTATAGAGTTTTTGAATAGAGGTAAATTTAATTTCTATTCCTTGTGGATTATTACTAAAAGTATCTACTTTTTTGATGGTAATGGTTTTATCATCAATCACGATTTTTTCTTTGAAAAGGTATTTGGTATGTGTATTGTCTATAAAATTATTCTCTGTCTTATCTACGATATTATTTTGATTTACAAAGAAAAGAAAATGCCTGTATCCTTGCTCATAGTAATACAAAATAGTACTTGCCATCAAAAGAGTTTTCCCTGTTCCTGTTGCCATATTAAACATCAGGTGAGTAGGTTCGTTTGGATTTTCTCTTTCTTTGATCGCTTGAAAGGTAAGAAAATTTTCAAAAGCATTTTTTTGCCAATCAAAAAATCCATACTTCAAATTGTTTGAAATATATTGTGGGATTTCTGGAAAAGGAAGTCTTAATCTATAAGCCTTTTCGCCGATTGTTTCGTAAAGATTTTTAATATCTGCCATAATTATTTCTCACTGTTATAAAATTGTGAAGTTAAGTTCTGATCTTCTTTATCAATCCCAAACTTCTTATCCGCCATTTCGGTTTTGTTCACATACATTTGATTGTTATCAAGCATAGCAACAAACATTTTCTTTTGTTCGTCCAAACTTAAATTTTTAAATTCTTCTTCAAAAATAACTTTTTCTCTAAACTCTTTGATGCGGAGATTGTAGTTCAAAAAATATTTTTCAACCATTTCATCAAAAAACTTAATAAGTTCTTCTAAACTCTCACAAGCAAGTATTTTTTCTTTGGCGGTTTCATTCCATTTGGCTAGTTCAAAGTATATGAAAGAATCGTCAATATTTTCTTTTTCCATTACTTTTTGAACCCTTGGACAAGTAACAGTATTGATATAATCCATCTGTTCAATCATGATGAATTTTCTATTTCCTCCATCTTCTTTGTTTAGTTCTAGAACTGCATGAGCTGTTGTTCCAGAACCTGCATGAAAATCTAAAATAATATCATCTTTATTTGGAGATAGAGTTAATAATAATTTTATAAATTGAATATTCTTAGGATTGGAAAAGTCTAATCCAAAATCATTTAAATCCTTACTTGCTGTTTCTGTTTTCAAATCAATATTATTTAATTTATCGTTAGTTAATAGTGATTTTATTCTAATATACTGGTTAAAGTCTTTTTCATAAATAGTTTTTTCTTTGAATATCAGAGCATTATTTTCAAATAATTTTTCAAATTCTGAAGAAGTATAAGTGTTTTCTATAAAGTTATTATCTTTAATTGAAACATATCTTACGAATCCTTTTGTAATTAAT
CP060226.1_gap18	627434	631490	4056	TCTACGCAAGAACGTCACATACCCTCCACTTCCAATCAGTGCTCCAAGATCATGCGCGATACTACGGATATAGGTTCCAGGACCCACAACGGCGCGTAAATCTGCTCGAGGATACTCATAGTCTAACAGCTCGATAGCATCGATCTGTATAGTTCTTGCCTTGAGATCAAACTCCTCTCCCTGACGCACCCTATCAAGTGCTCGTTTCCCATCGACTTTGAGTGCGGAGTATTTTGGTGGCATTTGTTCTATCTCTCCGGTAAACTCCTTACGAAGATAGCGAAGTATATCCCCTCTACTAATATTTTCTTTAAAATATGACCGGTCTGCTGATGATATCGGTTGTACCTCTGTCCCTAAATCATAAGATGCTGATTCCCCATCAAGCATAACCGTAAACTCATAGACCTTACTCCCTTTCTCAATATATGGGATAAGCTTAGTATACTCTCAAACTGCTACTAAGAGCAAGCCCGTAGCGAGAGGATCGAGAGTCCCTGTATGACCGATACGAGAAGTACCGAGTTTCTTTCTCAGTTGACGTATCACATCAAAACTCGTGATTCCAAGCGGCTTATCTATGAGATAAAATGCGTACATGGGAAAAAGATATGAATACTACAGAGCATAATCATAGGTACTTGGAGAATGTGTCCAAGTAGGATGTGTATCCAGTGCCTGACCATCGACTACTAAATTTGGATGCTCAAAACGGAATGTCCCGAATTCAACACGAAACGGATTAAATCGAATACCATTTAACCAGTTAAAATACCCCAAATCAAGCCAAACATGACCAACGATATCACTTTTTTGGATAAAATTGTCTCTTCCAGAAGCAGAACAGGTATAGGAGAAACAATTACGAGAATCCGTCGAATGGTTTCTATTGTCCCCCATAACAAAATAGTGTCCTTCTGGGACCGTATATATTGCTTCTCATTGTTTCACATAGGTTTTCAGGGCATTTTCTTCATTGAGATACCTTTCGTGTAACTCGACATAATCTCCCACATCCTTATCAAAGATATAGACTCTCCCTCATGAAATCTTTACCGACTCCCCTGGAAGACCAATAATTCTCTTGATAAAGTACTCTTTATCTTTACTCACATGCGGACGAAATACAACGACATCTCCTCTCTCTACCTTTCCTGTTTTCACAAGTGGAATATCTAAATACGAAAAACGATCTACAATAATAAACTGATAGTTATAGTACGAACTATACATCGACTGACCACTAATCTGAAATGGCATCACCAAAAAACTACGAATAAACATCACCACAAGGATGATAATCGCCATATCTTTCACAAAATCGAGAAGCTCCGATAAAAAATCTCGTTTGATCTTTTTTTCTGCTTTTTCCTTATCTTTCGGCATGCAATAAAAAAACAATATAAGTTTGGTCGGTATTATACGATTTATAGCGTAAAAGCAAAAGAAGTTCAAGAGACAAATACAAAAACACTCCGTTTCGTAGATATCTACGAAACGGAGTGTTTGATAGGATAATAATTACTTATCATCTCCTCCATCTGGTTTTAACCAATCTGGAACTTTCATCCCATCATCCCAAAGCTCTTCTTTTGTTCCTGTATCACTTTGCTTATCATTTTTCTTTGCAGCTCCTTCGTCTGGCTTCTTATCTATTACAGTATCATCCTTTTTTTCTTCAGAAGGCTTTGGTGTATCATCACTGGTTTTCTTTGCACCTCATCTTCTTCTACGTCTTGTTTTTTTCTTTGGAGCTTCTTCTGAAACCCCATCTGTAGAAGATGTCATTGTTGCATTAGATTCCCCTTCTACATCTTCATTTACTATTTCTGTAGCCCCTTCTGTATCAACAGATCCTGGAGCATCTTTCTTAGTTTCTTCTTGTGGTTCAGGATCAAAACTTCCTTTTAGCCAATCCGGAACATCATCATGAGAGGAAGACGTGGTTTCCTTTACCTCTTCTTTCTTTGCTTCTGGAGTTACTACTTCCTGAGCCTCTACATCTTTTACCACTGCTTCTGGTTTTTCCTCTCCTTTAGACATAGCCGCACCCTGTAACCAAGCAGGTACTTCCTCTTTTTTCTCTGGTTCTTCTGATACTCGATCATCTTTTTCAGCCGCTTCTTTCTTATCCTCTGTTTTTAATGGTTCAGGATCAAAACTTCCCTTCAGCCAATCTGGTACATCGTCATGAGAGGAAGACCTACTTTCCTTTACTGCTTCTTTCTTTGCTTCTGGAGTTACTACTTCCTGAGCCTCTACATCTTTTACCACTGCTTCTGGTTTTTCCTCTCCTTTAGACATAGCTGCACCCTGTAACCAAGATGGGATTTTCTCATCAGATGGTGTCGGTATATTTTTTTGAGAATTATCATCCTTCACTCTCTCTATTTTTTCAGAAGCCATGTTTGTTTGTGTGGATTCTGACGTTTTTTTATCAATATCAAAACCTCCCTTGAGCCAATCTGGCACATCATTATTTGTATCTTTCTTTACTTCCTTTGGTGCTTCCTGTTGCTTCTCTCTTGGCACTACAACAGCCTCATCTTTTGGTTCTGATTTTGGTGTAGCTTTTGCAGTACTTGTCGTAACGCTATTTTTTAACCAATCTGGTACAGAACTGTCCTCTATACGGGTCACGGCATCCAAATCTTCATCTGAAATATCCTGCTTATTTTCAGGTACCTCTTCTATTGTCTTTTCTTCATTTTTAGTTTCAAAAAACATGGATTTATCTTCTTTTGGAAGTGTTGCTTCGGGGATAGAGGTTTCTTCATCTGTATTCATCCCTCAAAGGACATCTTCCGTATTTCCTGTCTCACTGGCAATAAAATCTGTCAGACTTTCCCCATCTTTTCCTTTTACTTTATAGTATATCCAGTAAAGAGCAAGGATTCATCCAAATACTCAGATAAGTACAAGAAGCCAAAAACCAATTGTTTGCAATACACCACCACTACTTGATTCTTCACCTGTAGTATCTGTTTCTTGAACCACCTCTTCTTTTTCATCGTCAGGAATATTATCTACCCCAGCATATACCAATAGTTTAAGTACCGCCTTGAAATCAATTTTTTGTTTATCTGTCATCGAAGTATCATCCTTGATAACATCGAGAAGCTCAGTACCAAGGAGACGTCTATCATCCACACTAGTGGAAGCATAAATCGTATCGAGTACCGAAATCATATATGTCTTACAGTCTGCATATTCTCCATCAAAGTCACAAGCAATATCTGCCGGAACAAGCGCCTTCAAAGCATTATACGCAATATTTTTATCACTTTGATCTGCTTGCCCCTCAACTAAGAGTGATTCAAGAAGTTCGATAAAGTCTTCTGCATTTGATACTCCGGTAGAATCAACATATCCTTCAAATTCTATAATCACACGAGTCTTTTGTGTTTCATCAAACCATTCATCTTGCAATTGAGACAGATACATCATAGCTTTGAGTTTGTGTTCACTTGGGAGTGCCGTTACCATATTTTTGAGTGTTTCAATCTTTGCCCTTTCGCTATCAGTAACTCCATTGAAACGAATCGTCGACATATCAATCGTAGCTTCTTCGATATAGTTTTTTACAATCGTAATATCAAATGAATCAATCACGGTATCCTCCCCATCTATCAACATCAGACGAATTACTTGTTCACGCATATCATTGAGAACAATACGTTGTGGTGAACCATCGCTGAGGCTCTTTTTTCCAGTATTATCGATATCATCATCTTTTCCTCCATTGAGGTCACTATCAATCGCTACATCATAATCAATCGCATATTTTACGTCTGTTTCTACGGAATCACCCAAGTATACATACACAGGAGTATTTGCATCTTCAAGAGTAATCACCCCCTCTCCTTCATAATCAGGCAGAGTAAATGCGGTAATCCCCGTTTTATTTACACGAAGTTTATTTTTTACATTTCTGAGTACCTTTTTCTCGATGTCTTTTACTTTGGTTCCTTCACTGATACGAAGTGTCACTGTATGAGTCCCCTCGGCATCTTCATAGGTATGAGTAAAACTCTCTGCATCTTTTACTTCCGTTCC
CP060226.1_gap19	636999	639212	2213	GGATATCTTTGCGATTACCATCGAAGTTTCGTAGAGTACTCTGCGATCTTTCGTATCGGGATGATACCAAACAACCGTACTGCCTTTTTCCGCAACATCAATCCCAAATAATCTTTTTCTATCTTCATCCTCGGGAGATACCACTCCGATATATCCATCATCTACGTACACGAAATCCTCCAACACCGAGATAAACACAAACTCCTCTGTCGATAGACGATAGCTAAATACTCCTACATCCGTAACAAATAGTAGAGTATCAGCATCTCTCCCAGGCTTTATATACTGTATATGTGGGACCAATTCACATGGTTGATAGTGTCGATATTTGAGATTATATAGGTACTTCTCTTCTCAAATCTGGAGATATATCAGATCACCTCGTCCGATAATCTCGTCCATACGTACTCATAATCCGGTACTATATGGAAACATTGCAAGGAGCAAATCTCCCAAATAGAGAGATACTTCTGTATCATAGATATCAAGAAATACCGGTTCTCCATCTTGAGTAAATATGGTCGCATCGTGCTGTTTCTGAAGCTTGAGTCGTTCTATCTTTTCCTTTGTGGATAGCACCTCCGTATCGAGTGAAACAATTTCCACTTTTTTTTGAAGTTCTACGGTGCGTTCGAACATTGTCCTGGCTTCTATATCTATCGTTTCTGCATACGGGGTATATCCACTTGCCGTTATTTGCATATTATAAGTCACAGGGGGGAGATCAAAAAGCTCACAACGCTCATCTATACAGTCATGCTCAATCGTCCTCGCCAAAGATGGGGCAAATAACGCTACCCTATACGTACGAGTATTGCTCGTAATTACAAGTGTCCCTGTATAGTGCACAAAAAAATAGAGATACAACAGTACTCAAAAAGCTACAACCCCTATGAGAACAACCAGCGCCAACACACGATTACTCATCACCTCTATTTCTAAGAAATATATACTCGCAGTGTATAATTTCATCCTTCTTTGTAAAGAGATTCATTTGGTTTTTACAAAATCTTCCATATACTGCGGTCAAATCATTTGTTTCATCTCGTATCACATTCCACATACTCTGCTCTTTAGAAGTCTTCAATTCCTCAGAAAGGGATGAGAGTACGAAGGATACATCGATTAATATTTTTTACTTTACTAATTTTATACCCGTGATTATTAACGGAAAACAGATCGCTGAAAAAGTATATGTACAATTGAGAAATCAAATCTCAAAACTATCTCCAAAGCCTTGTCTTGGGGCTATCCTTGTTGGATATGATCAATCAAGCATGCGCTATATCCGCCAAAAACAAAAGTGGGCGGAAGACCTCGGAATCACGTTTGAACTCAAACAACTTCCAGAAAATATCGGAGAAACGAAATTGTTGGAACTCATACAGGCATGGAATTCAGAAAGCCATATCGATGGATATATCATCCAACTTCCACTTCCAAAAGACATCGATGCTCAAAACATTATCAACGCTATTAGTCCAGAAAAAGATGTCGATGGATTTCACCCAGAAAACCAAGGAAAGATGCTCATCGGAGATCCTTCTGGGTTTGTGCCCTGTACTCCTGCTGGTATTATGAAGATATTTGAATCCCTAGAAGTAAACCTCGAAGGGAAAAATATCGTCATCATCGGAAAGAGTAATATCGTCGGAAAACCAATTATGGGACTTCTGGTCAATGCCGGAGCTACGGTAACCAGCTGTAACTCAAAAACTCCAAGCATCCGCGCGTATACCAGCAATGCTGATATCATCATCAGTGCTGCAGGGAAGCCAGGACTCTTGAAACTTGATATGATCAAAATTGATTCGATTATCATCGATGTCGGATTTACCGTCGTAGACGACCGTATCTATGGAGATGCCGATTTCGATAATATCAATATTGCCGGACCAAAAATCACTCCTGTTCCAGGGGGTGTGGGTGCTCTCACAGTTGCTATGCTGATGGAAAATACACTGAAAGCCTATAAAAAGAATAGGAAATAAAATGAAAGACTGGAAACTTCTCATCTCTTCCCTGCTTATTGTTCTTGCATTTTTCATTGGGTATTATTTTGCCGCAACAAAGTATGAGATAGAGATACAGAAACTACAAAACGAACGTTTTTCTGTAGAAATTGAGACTTCAAAAGATGAAATCAGCATTACAAAATCAAGTGAGAAGATTGATGTGATGGTTGATGGGGAGAGAAAGTAGGAGAATATCAT
CP060226.1_gap20	674498	676720	2222	GGCTTACTTTTTCATAAAACTCCATATCTTTATCCGTGATATCAAAGCTTATCGAGCAATGTTTACAGGTTTTGGTTTCTACTATTTTTTCCATGAGAAACAACTATATTTTAATTTTCTTATCGAGCTCTTTGTCAAAGGTGACAATTTCAAAATCTTTAGATAAGTACAGTAAGCTTTGATCCACAAAAGAAAGTTTTATAAAGTCATTACCTCTAAAAAAATCTAGGTATTGGGTAAATACCACTTCTGAAGAATATATAATTCTTACATTCATAGCATTTTGAATAAAGTCTAAAAAAGCATTCGCAATATCTTTTCAGGCTTTCTGTGTTAATATTGTACTCACCTCAAGTATAATATAATCTGTTACACACAAATCTCCCCGCATCAATTCTGAAAGAACTTCCCTTGCTCGTGTATTATTTACATCCTCTCTATTAAAAAATGATATCCATACATTTGAATCTACAATTTTCATGTATCCCTTATCAATAAATATACATATCTACTTTACTTCCTAAATCCTTATCTCCCGATGTAAACTGCATTTTTTCTAAATCATACATAGTATAACTTTTATTTCTTTTTGTTCGTATGGAACTTATCTTAAAGGCTGGCTTAGAGTTCTTCAGTACTAATATATCCCCTTCAGAATCTACCATATCTGGTATGTTCTTTAGATTTTTATGTAAATCCTTAATTCCAATAGTCATTGTCATACGAAAAAAAATTAAAAGCTATTTTAAATAAGTTTAACTTTTGTTTAACTTTTTGCAAATAAAAAATCAAAGAATGCGTTAACTGAGCTCTTTGATAGCATACGGGATAATCGCTGTAGCATCGGCCATACCCTCAGGAAGAGACTGAAGCACACGATCCACCTCTTTTGGAAGATATCCCATACCAACAAGGGTTGTTTTAATACGCTCTCTCGTATCTGGCGGGAGTGAGGTCTGTGTTGGAGAAACCTTAGAAGTACTAAGGGCAAGAGAAACTCCCTCAAAGTGCTTATCTTTTAACTCTAACAAAATCTTTTCTGCCATTTTCTTTCCAATTCCCTTTACCTGTTCTATCGTTACTTTATCCTGAAAATGAATCGCTTCCAACAAACGCTCTACTCCCATAGATAGGAGTTGCATCGCTACTTTTCCTCCGACTCCTGAGATCTTAATAAGCTCTAGAAATACGAGTTTCTCTGCACGAGATACAAATCAAAATAATGCCTGAGAGGACTCCGTGATATGATGGTATATGTACATCTCGACATCATCAGTATCAAGAAGCTGCCCATAGGTTTTTTCATGAATATGCACATCATACCCTACTCCACCAGCAGTAAGTATCGTCATCATCTGAGAAGAAATAGAGAAGATTGTACCGCGTATATATGATATCAAAGCTCAAAACATCAAAATATAAATATACAATAAATTGTATAAGTTCTCCCTATTTTTGCAAAACTCTTTTTGAATTCATCCTATTTTTTCATATAATCGTTCCGCATTCATTTCTCTTTTTTAGGAGAAATATTTTACCTATATAATTGAAAAATCTGTGTTAGAAAACCTGATAAAACGAATCTTTGGAGACCCAAGTGAGAAAAAAGTACAGTATTACACGCAAAGTATCGAACAAATACACGAAAAAGAAAAAAAATACGAAACCTTCACAAAATCACAAATACAGGCCAGGACAAAAGCTCTCCAAGAAAAATTTGTAGGACTCGACTTTAAAAATGAAGAAGATTCAAAAAAAATAAAAAGCCTCCTCCAAGAAATCCAGTACGATGCCTTTGCTCTGGTAAAAACCGCCTGTAAACAACTGAGCGGACAGACGTTTACGCTTCCGAGCGGAAAAGAACTGGCATGGAATATGATTCCCTACGATGTACAACTCATAGGAGGACTCGCTATCCATGATGGATCAATAGCAGAGATGAAAACTGGGGAAGGAAAAACCCTCGTGGCAACCCTTCCAGCCTACCTAAATGCCCTCACAGGAAATACTGTACATATCGTGACAGTAAATGACTACCTCGCAAAAAGAGATTCCGAAGAAATGGGAATCCTCTATAACTATCTCGGGCTCAGTGTTGGGATTATCACCCACGACCAACCAAAATCTACAAAAAAAGAAAATTATGCCTGCGATATCGTCTACGCAACAAATAATGAGTTAGGATTTGATTATCTCCGTGACAACATGGTGGTAAAAAAAGA
CP060226.1_gap21	678632	680820	2188	TTTGCTCAGCCTCAAAGTCCACAAACTCCACCGAAAACAAATCAGAAACAACGCATCCGTGTATAATAAGGCCATTATCTTTCCTGTCTCAATCTTTTAAATCTTCTCCTCATTTTTTTAGCCTTCTCAGAATCCAATAATAAGTTAAATTGTAATGGGAATGATCTCCAACCATACTTTTTACAATCAACAATTACTGGTTTAAATTTGTCTTCTGATATTCTCTGAACTAATATATTTTTTCATGTTCATGTAAATATATCAAGTAGCCAGATCTTCTGTTGTATTAGTGATTCAAGCAACTCTTCCATACATGCCCAGAAATATATATTATCTACTGTTCAAAATTGCTTTAACGTCTTAGAATAAGCACCGTCAAAATCCTTAGGTCTTAAAGAAACAAGCCCATCAGGTGTTAAGCTATATGAGTCAGCAAAATAGGATTTCAAACCATCAGGAAGATTATCCCAAACCTTAAATTCAGTTTGATTCATATCTCATAACATATGTGATACTAAGGACTTTATAGTTAATACTAATGGCTTTAAAGACTTTATACAAAAGTCAGTTCCATCTATAGCATAACACGTCCTACATCTTCATTCACCTATAAGTTCTCATAATTTCATTAAAATATAGTATGTATGTAATGTAAATAGTAACTTATATATTATAAAACATAATATGGTATTTGCAATACTTTTACTCTTCTACTAATAAGAAATTTTTATATTTACTAGTCTTTTTTATTTGTCAAAGCGTATTTGTAGGTATTTTGGAGAGAGTATGGTAATATACTCACAAGTATTTTTCTAACTATCTGTCTATGTTTGATCCCTCAAAACTTCAGCTAACTCCGGAGGAAAATAATGATCCTTTGGGGAATGGAGAAAACTCAAACACTCACGAAGAAGTAACAACAGAAACAATAACTCAAACTAAAACAACGCCAACAGAACAAACACCTGAAAACATACCGCAGGATACTCCCCCTATCGAAGATAACATTGTAGTGCCTTCAGAGACTGCAGCTTCTACTCCACCAGCAGAGACGCTTTCTCCAGAAACTGCAAATGATACCGCGAGCCCTCTTGCCACTCCTGAATCAGCAACCATGACTACTACAACGCCTCCCGTTACGGATATCAATATCCAGACTATGGATGACATCATCCGTATTCTCGTAAATAAATCCTATGACTTTGTTACAATCGAACCACAAGAACACGAAGTAGTTCTCCACTTTAAAAAAGATAAAGAAGAAAAAGAAAGTCGTAGTATTCGCTTCCCTGAGTACTCAAACATCCTCATCAAAGTGAAAACAATTACCGGGATGAATCTCGATACGACAAATAAAGAACAGGAAGCAAGTGGAAAAACAGAGCAAAATGGTATCCACTATGAACTGGTATCAAAAGTCGTACCCAGTAATTTTTGAGAAAAGATATTTATCAAAGTAAAACCCGTAGAAAAAGAAGTCGCAGGAACTCAAAAGAAAAAGACATCTCTCAGTAGTATCTTTAGTTTTCTTGGAGCACTCCTCACTATCAGTCTGATACTTGGTGGAGGATTTATATCATTTGTGGTACTAAACGCCAAAACTGTAGAAGATGTACAGTTTTTCTACTCTCTCGGAATCAACCTCAATGATATCAATACTTTTATCTCAAAGGTAATCACCATTATCTTTTCGCTCCTCTTATTAATAGAGACGATACTTCTGGTTATTGTCCTATTTAAACTGTTACTCACCAAAAAAGACAACAAGCCAAGAAGAGTGCGTTATTTCATCATATCTGCTGTATTATTGTTTGTTACCTTCTGAAGTGCTGCCGCATGGATGACCATCGATCAAAAAGTAAAGAGCCTCCCAAACTGGCAAGAGCTTGCGTATGGAGATGTCCAGATCTTTGATAATGCCAAACTGGCAAGTGAAAAATTTGATAGAATTAGTTCCCTTATGCCAGAAACCACTGGTCTTATCGGACCTATTACTTTGAAGTTTGATCTGGCACTTTTTGCAAAAAATGAAACTCAAAAGGGCTTCAAAATTGAGCGTTATATCTGGGATTTTGGTGATGGAAAAACAGAGACTACACTGGAACCAACGATCATAAAAGATTTCACTAAAAAATGAAACTATGAAATCAGTCTCATCATCGAAGAAGTGGATCTCAATGGACAGTTA
CP060226.1_gap22	720765	724565	3800	AGGTTTCAGACCAATCTTTTCCATCATCTGATCTTCACTCGCAAAACTCATCTTTGTGTCAGAGAAAATAGCACGAATAATATTGGTATCAAGCTGCTTATCATCTGGAAGTACGACCATATAAAAATTTGTTGATTTCTTATTTCGGAGAAGCAAACTTTTTACTCTCTTTCCAGGGATATCCACTCCTTTAGCGTCGTGGCAGGTAAATACTACCTCATGCTCATAGTTGGTATAAGGTATTTCTAAAGAATCCAGAATATCAAAGACTTTTTGACGCATGTAATATCTAGGATAATAACTTAACTAATTCTTCTTTTGCTTTTTCACTAGAAATTCATTGTTCTGATTTCAATCACTCTAATAAACGAAAAGCAATAGTATGAATGTAATCGTCTGCAATACTCCCGCCTAAATGTGCTTTAACAGCAGACTTATCCCATGATGAAAGTCTATTTACTGCACCAGATACACTATATGTTAACATATTTACACAATTACTTCTACTTCATTACCCCAAAGTGCTTCAGGGACTTGTCTTTTTCTCATTTCCACAATACTTCCATCTGTTCTCACCAGCAATTCTCCTGCTTCAGGAAAAGAGTTATAATGTTTCATACTCATCGCCGCATTATAGGCACCCGTCCCTTCAAACACTATCGGATCTCCGATAGAGGCTTTTGAAAGGGTTACTTCTTCTATAGTTTCATGATCATATAACTTTGCTGTCAAAATATCACCACTTTCGCAACAGTGTCCAACGACAACATACTCTTCAGTTTCCTTGGAATCATTTACCACAATAATTGGTTGTTGTACTCCATACATCGTCACTCTTGGCATCTCGGTCATCCCCGTATTCGTACGGATAAATTTATACCCTTCTGGTCCTGTATCGACGATATCTGCAATTTTTGCAACCACGCTACAGGTATTGATTACGAGGTATTTTCCTGGTTCTACTTCTAAGTGTATTTTCCTCCCTGTTTTTTTATAAAAGTCTTCAAATTTCTCTTTTACTGCTTCACCAATTGACTGAAGATCAGCAGATTCTTCGTATGGCATAATCGCCATCTTAAATCCACCACCCATATCAAGGGTATCGACATCATCAAAGTATTCCACCAATTCAAGTCCGATATTTGCCGAGTTTACCCAACTTTTCGGAGTATTTTCTGAGCCGATATGAATATGTACTTTAGAGATGATGAGATCATGCTGGTTTGCGATTCTTTTTATTTCGGGAAGATATTCATGCCAGATACCAAATGCTGAAATCCAACCGCCAGTATTTACTTTTTTAAAAGCAGCAGACCCCACTCCTGGATTAATACGAACCCCTACCTGTATCCCAGGGAATTCTTTTCCTATCGTTTCAAGTTGATGTAAACTCGTAGCGACAAAAAACACACCTTTTTCAATCAGGTCTTTATAGTTCATCGGCAACTCCTGACCAGAGATTTGAATATTATGAGGATCTACTCCTGCAGCAATAGCACGATATACCTCATATTCACTAGATGCATCTATCTTAATACCCTTATTATTAAAAATCTTTAAGATATTTCCATTACTATTCGCCTTCATCGCATAACGAACGGTGCAACCATAGGCACTGGGGAAAGCTAAAAATGCATCTGCATATTCCTCAAGTTTATTCTCACTGTATACATATACTGGGGTCGTATAATCAGCACATACCTGATCTACCTGAGCTCGAGTCAAGAAGTTAAATGGTCCCATGATGATAATTGATGAATTACAAAGTATAAATATACTAAAGTAGTATATAAAATTATAGCAAAATGTCTATTTTTTCAGTGCTTTCTCCTCCTGCGTCCCCGATTGCATATCTTTCAAGATATATACTCCCTTTTCAAGTTCTGCCCCTCACAAAATCACCACATAACGAATTCATTTTTTATCGGCGTATTTTAGGGCCTTATCAATCTTTTTAGGAGACAATCAAACAAGTACGTTTTTTCAAATACTACGAAGTTCTTTTGCAAGCGCCTGAACTTGTGAGAAAGAACATGCTGAAAGTAAGGGAATATATGTCTTCTCTTCTTGTATATTTAGTATATTTTCGAGTAAACCATGTCACTCCAAAAATAACTTCATCGTCTCATCTCCTGGTGCAAAACCAATAGCCGGAACTTCTTCTTTTACTCCAAAGATACTCGCAAGACCATTATATCTTCCTCCTCAAAAAAGTGCTCTTGGATTTTCAGGATTCATATCAAATACCTCGAAAATCATCCCATCATAATAATCAAATCCTCGTATAAGACTACTACTATACTGTATCACTTCATTACCAAACGCCTTCTCAAGACTCATATATACCTCTTCAAATTCTGCAAATACCTGAGTTCAAGCCAAAGCAGGAAAGTGAATCCTCAAATCTGCAATACTGGTTGATTCCATAAATCTCAGTATCTTTTGGATATCTCTGACTCACTGTTCTTGTAACTGTGATTGAAATACGTCTCTCGGTAATTTTTCATACTTATCTAGGAGTCTCATAATCTGTTTCGATTGTTCCATATCTTGAATGCCAAGCTCATGTTCAAAAAACATATTAATAATCTCTCTATGATTGAGTCGCAATATATAACTTCATTTTGGTGGATTGAATGCTTCCATCAAATCAAGTGATAACGATATAACTTCAATATCTGCCGTCAGTGCTGTCTCTCAAAAAATATCAGCATTAAGTTGCCAAAATTCTCTATTTCTTCATTTTTGCGGCTTTTCATTACGATAAAAGTTCGCAATAGAAAACCACTTTATAGGTTTATCTGTCTCTTTCCAGATACGACTCACCATACGAGTAACAGTCGGTGTCATCTCTGGGCGTATTGCAAGTCCATCGAGATTTCCTTCTCTGTTCGTAATTTGAGTCAGCTCACTTCCTCCTACATCATCTCCAGATTTCGCTTTCCAGATATCGACAGATTCTACCAAAGGTCAAAGGTATTCTTCAAATCCATAGCGTATACACACCTTTCTCCAGGTATCAAAGATATACTTTCTCACTTTAAATTCATCGGGAAACCAATCTGCAGTTCCTTTTGGTGGAGTGTTTACTAAATTCATGTATTATGTTTAATAAATAAAGGGTTTTTACTATAAGGTTGTACCCTCAAGTTTTGATATCCATTTTCTAGAAACTCATTATCGACTTGATCAATAATGTCAGAAAATACTTTTTCCTTTTTATCATCTTCCATTTCTTCAAGTTCCTGTTCAGTATATCGAGAAAATAATTCATTTTTTGCGATAATTTCGACTATTTCTTGACTAAAATAGTCTTCATGAGAATCCTCTAATAACGAGAAAAATTCACTACTTATACCAAGGGAAAGATCATACGCTTTTGATCATTTAAAATAATGAAGATAATCCTTGATGTTATTTCTTACTGCTTGTTCGATAATGTATTCTTGTAGCTCGTGAGCTTTTTTATCAAGTTCATTTGGTAATTTATGACCATTTATTACCATCTCTCAAAGGTATGCAAGCCTCATCAGCTCAAGAAATTGTTCCTTTGTAAATTGTAGATTTATTTTTTTCATAATATAAAAAATGAGCTATTATTCTAATTCCTCCTCCGAGATAGTAAAATACTCTGGTTTTCCCGTTGCCAATTCTAAACCTATATAGAGTTCAGGATCTCCACTCCAACCAAGATGTTCATATTTCTTTCTCAGATTTTGAAATGCATCTTTTGCATCCTTTCACTGGACAACGTCTAAGAAATGAGCATCCTCTAGGTTTTGCTCTACTTCCATATATTT
CP060226.1_gap23	813361	814418	1057	CGAAGTTACGACCGCTGTTTTGCCGAGTTCCTTAAGCATAGTTATCTCGTTCACCTTAGTGTTCTCCACTAACCTACGAGTGTTCGTTTACGGTACGGTTACATATAATTTGGCTCATAGAGGCTTTTCTCGATACCAGAATACAGTAGGAGCAGTATCAAACTTAGCAAGCTAAGATTTTCAACTTAACTTAGTTCATCCTTAAAGAATTGCGGATTTGCCTACAATTCAAGATTTACGTTCGTAATACAAGTCATTAAGTATCTCCTATATCCCGATATGTCCCCCCTTAGAAAATTATATGTAGTTCAGGAATATTAACCTGATATCCATCAGCTATCCCCTTTCGGGTGCACCTTAGGACCGACTAACCCTACGACGACTGCCGTTGCGTAGGAAACCTTAGGTTTTCGGTGTGAAGAGTTTTCATCTTCATTACGTTACTCATACCAACATTTTCACTTCTGATACCTCCAGATGGGGTCACCCCTCTCCTTCAGCGGCATACAGAACGCTCCGCTACCAATTGTAAACAATTCTACATCTTCGGTTAATAACTTAGCCCCGTTGAATTTTCGGCGCAAGGTCGCTTGACCAGTGAGCTATTACGCACTCTTTCAAGGAATGGCTGCTTCTAAGCCAACCTCCTGGTTGTCTCAGCAACCTCACATCCTTTTCCACTGAGTTATTAATTAGGGACCTTAGATAGTAGTCTGGGCTGTTTCCCTTTTGACAATGGCACTTATCTGTCACTGTCTGACTCCCAGTATAAATTATATGGTATTCGAAGTTTATCAGGGTTTGCTAAGACTCGCGTCCCGCTAGCCCTATCAGAGCCCTACCCCCATATAACAATAAACTGAGGCTAGCCCTAAAGCTATTTCGCGGAGAACCAGCTATCTCTAGGTTCGATTAGCTTTTCACTCCTTCCCACAAGTCATCCAATGGACTTGCAGCTCCAAATGGTTCGGCCCTCCATAAAGTTTTACCTCTACTTCAGCCTGCTCATGGGAAGCTCACCTAGTTTCGGGTCTAGTATATATGACTAATTCGCCCT
CP060226.1_gap24	930247	934611	4364	ATAAAAATATATACTATCGTTAGAGAGTCCGTATGTTCGTTAGGGCGGAGGTGCTAGATGGCGGACAAGAACACTTTATTTTTTAAGATTATTCGTTCATGATACTGGAAACGGTGCATGCAGCTGTAACAGCTTCCCCAGGAATTATCGGGGAAACTTTAGAATTTTGAGAATTTGTGTTACTTGCTATTTCACTTTTTGTATTGTTTGCAGGAGTCTTTTCGATTGTATTCATCTTGTGGGGAGGATTGCTTTTAATCCTTTCTGGAGGGAAAGATGACAAGATTAAACCAGCGATTAATACTATCCGTTATGCGGTAATTGGTATCGTGGTAACGGTACTTACGATCTTTCTATTTCCGATACTCGGAAATCTTCTGGGGCTTGATGTTGAGAAATATGCACAACCAAAAAGAATCTTTGAAAAAATTGAAGAGATTGGAAATAAGATTTTTGGGACAAATACTACGAGTATCCCGAGTCAAAGCGTGGATAGTATCGATAACTTCCCCTCTGATTTTTCAGAACTATAGAAAAACCTTCCTGCGAGCAGGAAGGTTTTTTATCGGATATCTTTTTTAAACAAGAAGTATACCCAGCGTTCATAGTTTGTCATGGATTCAGTAACACTATTTTTCTCAACTCCCGTTTGAGGGACTTCTTCTTCCGTGAGGATATGGTTGTTTACGTATCTATTGTATGTTGACTCAGATGTGAGATACAATACCTCTTCCCCTCTATTTTTTAGTCCTTGTTGTTCTTTGAGCACCTTGTTTCTATATGCCTTTGTACTTTTATAAGTAATAGTATCCTGGGCCCTATCAATGGTTGTTTTTATATCATGATTGAGGGCGACAATACGTTCGATATTCGTATTAATCGTATACTCTCTATATTTGTACTGTATGATGTTAAACAGGACATAGAGCATAATAATTATGAGGATGAGAAGGATGTATTCTTTTTTCATACAGGTTTGTAAAAACACTCTTTTTTTATACAATAATTTGAAAGTACTATATCTTACTTATTTGCAAGCCAGTATAATGAAAAAAATAAAAAATAAATTTATTCTTCTCGTTATTATTTGAATCGTATTGCTTCTCGGACTCCAGATATATTGGTCATATGAAGACTCACAGATAGATAGAAACTCTTACCTCGTAGTTATGGAAGGGACGGCAAAGATAGATACCATGACGGTAAGTCCTGGAACCAGATATAAGCTTGAAAATGATATGACCGTAACGACCCTAGGAGATGAAAGCTTGGCAGTAGTAGAGTGGGGAGATGGAAGTGTGACGCGTCTATGAGGGGAAACATCAGTCCACATTAGGACAACGAATATCGCAAAAAATCTTTCTCGTATTCAGATATCGTTTACTTTATTTAGTGGGAAGACCTGGTCAAATGTAACGAGCTTTATCGGTGATGACTCCTACTTTCATGAGTCATTCCAGGATAATGAGGCTTCTGTTCGAGGGACAGTATTTAATGTAAATCTGGATGATGGGTACCTCTATGTTGTGGACCATGATATTTCTCTTGTTACTTCTGAAGGCAAGGAGATCTTTATCTCAGAAAATGCACCATTTTCTTTGCAAGCATTTTCTTTTATCCAGTTAACAGAATTTTTAAAAACATATACGGATAGTGCTTGGTTTAGTGAAAACAAAGATTTTGATACACAATTATTGCAGGCTCTGCAGGATAATTTGCTTGCATCTTTGTCCTCTTCAACACTTTCAAAGAGCATGAGTACTTGGTTTGGTGATAGCGACCAAATAGTATCGCTCATACAAAAATGAGCGTCGATGGATGAAGTCCAATCCCTCTTGGCAGCACTGGATCAAGATGAGAAGCAAGTAAGCTATGATGCTCTTTTGGAGATCTTTCAGCAGTATAACACGGTAGGTTCAGAAAATACACAGCTATTTGCTCGTAAAGTTGCGTATAGAGATGCACTCTTGCTTCTCAGTGATACGGAAACAGAGAGACAGTCGTTGCTTCGCAATACACTGTATGATGTGCAGGATGTCATCGATGCAAAACAGTACGAACAGTTGACACAGTTGTTTTGAACACTTTCTCAGTATACTGATGAGCTTTCAAGTATGGACGCGAGCTATTTTCGTGATTTAGCTCTTCAAAATTTACCATCGGGGCTACAAAATCTGCTGGATTCTTTTGGGGGCTTGAAGGACGTGGTAACAGAAAAGGTAGGAAAGATAGAGCTTGATATCAATCTCAACGAAGTAGGACAAGATCTGGGAAATCTCCGCTGAACGATGCAGGAGGCAGTAAATGAAAAGTTAGACTCGGTATATCAAAAGTTTCTACAATAATATGAAGCTATTTAAAACTCCTATTTCTACCCCCCTTCTTACCATTATTGTTGCGGCAGTGGTGTTTTTATTGGTACAATTTTTTGGGTTATTTCTCCAGACGGCCAATAAAAATATTCAAAATTATTACAAAGTAAAATCGGGAGTAGCGAGCGATGAAATCATAGTTGTAGAAATAGATGAAGACACACTCTCTCGTTTGGGGAGATTTCCTTTTTCCCGTGATAAATATGCTCCGGTGATTACTCACCTTCATGATGCCGGTGCGGCGGTTATAGGGTTCGATATTATCTTTGCAGATACTTCGGATGCAGAGGCAGACACTGCCTTTTCTGAGGCGATTAGGTCAGCAGGAAATGTCGTTCTTGGAGTGTTTCTGTCTCCTTCTGGAGCGATAGAAAAACCGCTCGATATATTTGCAGATTATGCTCTCGGGCTCGGGTACTTTCACCCGATTGTGAATCCTAGGAACAATACCGTCTATTCTCTTTCTCCGGCAAAAGAGTTTCGTTCAGGAGAACGCTATGATCACTTTTCCATGGTGCTCTTAAAGGCATACTATTCGTATATCTATGGACAAGACTATCTTTCGTATGCTTCTCAAGATGAAGCGAGCTACTCTGTAACCCCAAATATCAAAGTACCTCTTTCTATGCCAGGCAGAAACGAGATGCTTATACACTTCATCGATGCTGCATGATTTTCTCGTGTTTCTTTTTATGATGTCTATGAGGAGAGAAACTTTGATGTGCTCAAAGAAAAGGTCGACTTCAAAGACAAGATCGTGATGATTGGAGCGACAGCGAAAGGGATTAAAGATGTCTTTACCACGCCTAACGGGATAGATTATGGGGTATATGTCCATGCAAATGCCGTAAACACGGTACTTGAGAAGACATTTTTTAACTATTTTAATATTCCCCTCGAAAAGATTCTTATCTTTTTACTCATTGTATTATCCGTATATTTTAATCTCAGTCGTTCCAGTTATATCCTGATTCTGAGTAACATTGCTATTGCCGTGATCTTTCTCATCATTTTTCCTCTGCTCATTGCCACCTTTACGATTTCTCTCTTAAACTACCCTGCCGAGATTATTTTGGGACTGATCTTTTCTCTAGCGATTTCAAATATCGCAAAATATATGCTTGAGAATCGTAGTAAAATCAAACTAAACACCGCCCTGTCTGAATATGTCTCCAAGGATATTGCCGAAGAGATTTTATCGGGAGAGGGAAATGTAAATCTCAATGGGGAAAAGAAAAAAATAGGAATTTTCTTTTCTGACATCGCAGGGTTTACGACGATTTCTGAAAAGTTTAGTCCAGAGCAGCTGGTTGAGTTTTTGCGTGAGTATCTTGGGGAGATGTCAAACATCATCATGGATCAACGAGGATTTATTAACAAGTATGAAGGAGATGCGATTATGGGTCTTTGGGGAGTATTTGGACACGAGACGACTTCGAGTTTTGATTGTTGTATGGCGGCACTGAAACAGCAGGAGAGATTACGAGAACTCAATAGTCTATGGAAAGAAAAGTATAAAGAAGAGCTTCGTGTGCGTATGGGGATGCATGTTGGGGAAGCAATTATTGGAAATATCGGGGCAAAGGGAAGAAAGATGGAGTTTACGGCACTGGGAGATAGTGTGAATCTCGGATCTCGTCTCGAAGGGGTAAATAAGTTTTATGGAACCTATCTGTGTGTCAGCGAGTCTATCTATGAAGAGGTAAAAGAGCAATTTGAGTTCAGATACCTGGATAAAATTCGTGTAAAAGGGAAAGAGATCCCGGTAAATATTTATGAGCTTCTCAGTGTGAAAGATGGGCTTGATGTCCGCAAGGCCGATATCATGGAGAAATTTGCTACCGCACTTGAGTTTTACTTCTTGCGTAAGTTTGAAGACGCCCGTACTATTCTTGAGCCACTTGTAGTTCTTGGGGATGCCCCAAGTAGGGTATTTCTCGAAAGGTGTAAGATGTATGCTGCCCAATCTCCCACAGATGATTGGGATGGTGT
CP060226.1_gap25	970104	974562	4458	GTAATCCGTCCAGCCGCTGGATATACACTCACCGCAAGTATGACACAAGAGTATATCCCTGATGCAATACAGAATGCAACGTATAAAAGATATGAACTCCAAGTAACTCCTGTGGCATTGCAAGCGGGTGCTCAGAGCACACCAAACAAGACTCAGGAAACTATGATTGAAGATACGGAAAAGTTTAAGGATCTACGTAAGCAAATGGAAGGGTTAAGGTCTGCTTTTACAGCAAAGACTCGTTATAATATTCAAGAAAAGTGAGGGTTACTTGATCCGAGTTCAACTCAAGAAGAAAAGTGGAGAGATCTTGTAGAGCTAGCAAAAAAATGAGAAAAATATAAAAACAGAGCTGATTGGAAAGATTATGATGGGGTAGGGCTTTTGGGAGCAACGAACCTATCAAGTATTGTTAATTCTACAAATAATCCAATTGAACAGGCATTTATCCTTTCAAAGGTTATTCAGTACTTAAAAACAGCAAAAGATTTTGGAAATGGAAGGATGGAAACATGGAATGATAATGTTGAGAGTTATATTGCCAAAGATAAAAAAAGAAGAAATAAATTTGATACCCTCTTTGGATTTAGTCTCACAGACGAAGCAAATGCATACTATAAAGAACTCGAAAAAGGAAAAGGAAAGATTGGAACACATTCTGAAATTGGACTTGGGTTTGATGCAGCGGCGAGTGTAAAAAGTACTGATACGGCAACTACTTCTTTTGGGACGGGGGTAGATGTATTTAAGGGTGATCTCGATATGCTCGCAGTAGATGAAAAACCAGTACTTATTGAGATTAAGGACCAAGAAAAAATTACAAAACTGACAAAAATGGTTTGAGCTCAGTGAATAGTACCAGAAGGATTAAAGTTTTTCTTTTACAAAGATCCATATGGATTTGATGATAGGATTCTGGTAAAAAGAGAAATAACTACTGTAACTCTAGCCGAGGTTCCACAAACAGGAGGTATCTCTGGACGTTGAGGAAGTCGAGCGCAAGAAGTTGCACAGGGAAATTACTCTGCGGGATTGGTTCCAGTATGGAGCTATGACTTAGATAAACCAGAACCTCAGCCTACACCAACTTCTACTACCACGCCAGCGAATAATCCTGGGGATAGCACTCCACAAGTTTGAAATTCAGGGAGTACGGATGTAGTTAATGGAAATGGACTATAATATTGACATATTGAAATTAATATTTAAAATATGAGTAAATATACTATTTTGGCTTTAATTTTCATCTTCTTAGTAGTCTCTTATATCTTTTTTATCAGAGGTTCGTCGGATGAAATGAAACCAGGAACAGATTTATACTTTAAGGACCAAAGCATATGAGATACTCCTCCTGCTTGAGAAAACTGATTATAGTGGGTATTGTACTATTGAGTCTCAATACCATAGCAGATGCCGCTACCGTTCAAGTATCGTGCGGAAGTGCATTTTCAAATATCAGTAATAAATCTTGTAATACATGTTTTAATAAAACGGTCTATGATAGAAGCAGTTTATGACTTTCATCTACTTTTTTTGATTCTTGGGACCAATTTAATAATTACAATAACCCATTTATCCTCGGTACTTCGTCTTCAAGTACGATTTTTCAGTTAAATTCTTCGTATATCGTGCATCATGGGGTGTCTGGTTTAGACGACTCAAAGCTGGTTTCAAACTACGCTCCAGCCTCAAGATCTAGAATAGGAGTATTTAACAATAAAAACTTTCAAGTTGTTTGACATCCAGTATCAAGAAATACTCTAGCAAGTCGCTTAATGTATAATGTTTATTATTATGACGAGCAGACCTCAGGGTTTCCTGTTACACAAAATCATACATTTTATAACTTTGCTGAAACTACCGATGCAAATGGAAATGTAAATATGGTACCAACAAAGTTTACACTTTGAGTCAGTACAAAGTATGTGAATCATCCAGCTGGGAAAAGAGAACACAATGAGTGTGTAAATTTCTATGTCTCTTTCTGTTGAGATGGTGTAGCTGATACCAGTGATGGAGAAACCTGTGATGATGGAAATACTACGAGTGGAGATGGATGTAGTGCCACATGTCAGGCAGAAGTATCTACCTGTAATGGGCTTACAGCAAGCCAAACAAGTGCAACGGTACCATTTTCATCGACAGTCACTTGTAGTGGGACACACGTTAGCAATTATACGATTAGTTGTGGGAATGGACAAGTATTTACAGGAAATGGTAATGGTGTCGGAACACAAAGCTTTACTCATACTTGTAACTATACGACAGCAGGAAGTTACACTGCCGTGTGTACCATAAATAATACGATTACCAATAATAGCTGTCAGTCCTCTATTACGGCATCATCAAGTTCAAGTAGTTCTTCTAGCTCATCATCTTCGAGTAGTTCATCTTCATCGAGCAGTTCGTCTTCTTCCAGTTCATCAAGTTCAAGCTCTTCTTCGAATGGATGAGGATCGTCTTCAAGTTCTGGTTGAGGATCAAATATCTGTGGAGATCATGTAGTGCAACGTCCAAATAGTAATGGGGTTATGGAAGAGTGTGATTTTGGACCAAATTATAGTACTTGGCCAAGTTGGTGTTCATTACCAACCGCAACCAATCCATGTAGTATTGGAGACCTCACAATTCCAGGGGGAGGAACTCCAGAGATTACGATTCCAAGTGGTGGGAACATCAGTTTTTATCCTGGAGGAAGTACGATTATCGGTCACTTGATGAATCCACTAGCAGGGATTACGCCATATATAGAAAACACTTCTAGTGAAAATTTTTATTTCCCCTATAGGCTCTGTGTGTACAAATGAAGTTCTCCAGTCTTAACCGGAAGTAACAAGGTATGTTCGAATAGTGTCGTTGGAAATATTGGCCCAGGAGATAAGATATACATGACAACACCTACAAATTTCCTTGGAAATAAAAATGCGATTCCTGAGACAGCTGACTATGTCGATACGGATATAAAAACTACCCTTGAATGATACCAATGAGCGTATTTTGCTCGTGAAAGAAGGGTTCGTGTGACGAAGCCATCGATTGTGACGATTGGTGGAGGGACAAGTTTCGTCAATAACAATGGTACCGCTTCAAATGTGAATACTGTAGGACAATGAATTCTCTCTACTGCGAATCAAAACAAAAACTTTGTTGGTCCGGGTGTTTCTACTGGAGGACTTTCAAGTTATAGTGAGCAGATCGATGATAGTGCTACGGTGAGTGAAATTTCAACAGATATCGATACCCATACTGATACTTTAAACACGGTAAATATACCATTTACAGCAAGTGTTGGGGTAAGTTCTTTGGCAAATATTACAGAAAATTATAACGGTATTGAAAATGTATTTATTCTGAAAGGGCAAAGTGCAAATATCAGTTCAATTCCAAGTTCTATCACTGGCCCAAGGACCTATATCATCGAAGATGGAGATCTTGTTATCTCTGGAAACCTTGTCTATGATGGAAATATTGCATTTATCATCAAGGGTGGAAATGTCAGAATAGATAATAGTGTTACTCAGATTGATGCAGTACTCGTCGTTATGGAGAAATCGAGTGTCTGAGGAAAAGTGATGTCAAACAATACCACTACCACCAATAATGTCCTTACGATTAATGGTGCTGTGTATGGAAATATGACAGAGCTTCTCGAAAAACGTACGTATATTAAAGACAATGCGAACGGACAGATTGATGTTGGAACGATTGTCAGTTTTGGTTCTTCGTTTTTCAGAAAGCCGGCACCACTGTTAGGGGAGTTTATCGGAGAGTATCTCTCTTCGAGAAAATATGCAGATTAAAAAACACTCCGTCAAATTTGACGGAGTGTTTTTTAAGAGTTTTCATTACCAAATACCAGGAATAAATTTATAGCGAACGTGTGCTTTATATTGTCTGTATTCAGGATCTTTTGAAAGGTGTCGTTCTTCAGTAATAGCGCGAAGATAGTAAATACCACTCCAAGCAAGAAGGGAGAAGAGAACAATACAAAAGTGTTTCCATTGTTCTGTCTGTATATTGCCAATAAGAAGAGGGAGTCCTCCAATCCACCAAGCAAGATTTTTTGTGATATATGCGGGGTGTCTCACGATACTATAGGCTCCACTCGTTATAATCCCACGATTTGTGAGATTGCTTGCTTTCCATCCGAGAGAAATCGAAGCAGAGGCATAGATACCCATAAGGAGTAGAATCATACCGTTGAGCACGATGTGAAGAGAAGGATCTGAAAACATAGGGAAATCTCTAGAGTACCAACCAATAAGACTCGTTGTGTAGGTGTTAAATGGCGGATAACAAGCGAGAACCACCGCCCACCCAAGAATCGTTGGTTCTACACTTTTGATGGTATTTTTCAGCCTTGGAGATTCGATGAGATACCCAAGGGTGAAAAAAAATACGTCAAATGAAAGGATCAGCGTAAAACACACCCAAAACAAGTGTTTGTTGAAGAAAAGT
CP060226.1_gap26	1013316	1015461	2145	TCGTGCTGCCACCTCTGGTACGACTCCTCCTGTTTTTTCATGTATCTTTACCTGACTTTTGGTGTGCATACTTCTGAGTATCGCATCTTCAAAAAGAGCAATACTCGTATCATCACAACTCGTTTCAAAGGCAAGGATATACATGTTGGGAAAAGAGAAAGATAGGTAAATAGGGAAAATAGTGTTAAGGACGCTCTGAAAAACTACTTCGTAGATACAAAAATCAAGATTTTTTAGATAAAATTTGTAAAACAATTTTGAGTTTAGCTTTTGCTAAGCGATAAATTTTTGAACAAATTTTAGCAAAAAAGGTTATTTTTTAACAGATGCTAGTTTTTCAGATCGTCCTTAGCAGTATATAGAAAAGGAGGGGAAATAAAAAACGTATTTTTTTTAAAATACGTTTTTTATTTTTTGAATGCTATTATAGGTATACCTTTGTATTCATCTTTCTATAGTGGCTTCTAACGATTGCTGATTCTCTGATTTTCTTCTTTTTTACTGTTCTGGTTGCATATCTTTCTGATTTAATCTTTGAAGCAATTCTAGATTGGAAAAATAACTTCTTGTAACGTAAAATCAGTTTTTCATTTGATTCCCCTTCATTTCTGATAGCATATATCATGATTCTATCTCCCTAAGAAATTAATAATAAAAGTGGAGGGATTATAACGAGAATTTTTATTTGTCAAAAATAAATTCATTGTTAGTATTCGTAGCGTTAGTGTATAACCTTTTACCATGAAACAAGAACGCTTGATAAAAATGCAGGCATTGATGCAAGAACGTATCGGAAAATATATCTTTGAGGAATTAGAACAGGCGGGCTCTACTTTTGGTATTGTTACCGTAACAGAAGTAAAACTGAGTTCAGATATCTCATATGTTGATGTCCATGTTAGCTGTTTTAAAAATGCAGATATCCTCACGAAAACGTTGGCAGGGTATGCGCAAATAATTCAAAAAAGACTTTTTAAGGATCTTGGACTTATTAAGGTCCCAAGAGTGAGATTTCACTATGATGATTCTGGTGATACGGGGCAGAAGCTGGAAGAAATAATCAATACCTTAGATAGTAATTAGTTTCTACTTTGAGAAGGAAGTCACATACCATCATTGCAAAAGTACGAATATGGAAGGATAAAGGCCACTCTTTTTTTAGGTGAATTTTTAAAGAGAAGCTACAAAAAAAGAACTATCATCGTAATAGAATACGCCTTCAGCTCCCGCTATTTCAGAGTCGTGTTTCAAAAAAGACATTGGTGTTGGTTTCTGGAGTAGGGATACTCTTATGCGGGATAAGTATTATCTTTCTTTTGTTTTGACCTGTATTTCTCGTGTCAAAGATTGAGGTGATACGTAAAGACAACATCAGTAACATCGATATCGTGTATCGTGCGGTTGATGGACTACGTTCAGAGTCGTTGCTGTGGCTTGATAAGTCAAAGATTTCCGAGTCAATTACCAAGTATCAGGGCAATATTACTGATATAGAGATTTCAAAGGTATTGCCAGACACTCTCAAGATCGTGGTTGGGTCTGCAAGAGGTCTTTTTCTGACCGCATATAAAGGGACGTCGTATTTAGTGACTTCAAACGGAGTATTTGTTCCCTATGAACTAGAGGAAGGAGTTCCATTTTTAGAAGTACATACGGATGCAGAGTATGATCTTTCTATTGTTGCATATAAGCAAATCTTGCACCCGGAGTATGTGCAGGCAGCAAATTATCTGATTCAAAAGCTACAAGACAATCTCCTTACTATTTCTATCGAAAGACTTGATTACTATGTGGAGGAGCGAGAGCTTCATGTGAGTCTGAAAGATGGTCCAATCTTACTTTTTGATGTCTTTGGAAGCCTCGATGATCAGATAAAAAAACTCCTTATTTATGATAAGGAGCAGACTCCAATTATGAGAGCTGGGCTTGTATATATGGATTTACGAGTTCCTGGGAAGATATTTTCATGCACTACGGAACAAGAGTATCAGTGTTACGCAAACCTGAAGAGAATTTATACGAAAGATTAGGGAAGCGTCCTTTATGATATACATATGGCTGGTATAGAGTGATGATTCTATCCGAAGTATTCGCGACAGAATAATGAAATGGGGATTTAAAATTTCTTTGTAATACCAACAATCA
CP060226.1_gap27	1208542	1211217	2675	TGCGATGATGATCGCTCCGAAAAGTGTGAGAGCTTTTGAACCTACGGCTGGTCCCATGTTGTTGGCTACATCATTTGCTCCGATGTTCATAGCCATATAGATACCAAAGATAGTAGCAAGAAGGAGAAAAATACTAGAGTTTCCACCTTGAAAAAAATATACCCACGAGATAGCGAGTAAGATAACTATTGCTAGTAGTGGGTAGCGAAAGCTATTTCTTGAGAAAATTTTATCCATATGTATTGGTTAAATAGATAATACGATATCTATTGTAGCATATGTTTTTATAGGATGCAAAAAAGCTCCTCAAAGTTTTTTATCATTACAAAATAAGGGCAATCATTGCCCCTATTTTTCTCCATGATTATTGCCTCAGTTTATGCAAAAGTTGGGTAATGAGAGCTAACAGAAAGCCAAATATTGCAGCAGGTCCGACGTCTTCATTGCTGAATATTGCCGTTAGTAACGCCAGTAAACCAGCAGTTGCAAAACTGTAATACAAAATTCTATTCATGGATTTCTCCTTTTTTCTGTTGTTTGGACCTATGTTATGTTATCGTTGTACTCTCAGCATAGTAACCCTATCATTATCTTACGTAATCCTCTGGCTCTTGGAACAAACTTGATATTCTTTGGTTCTTGTCGTACTCACCTAATCATATCTTTTAACTCTCTGCGTGTGTAAAATTTTAATTCTCATTGGAGTCATCATGTTGGAAGTTTGTCTATCCATTGAAAGAGATCACTTATACCTGTTATTTGTACCATTTCCTCTTCTATATTTTTTACTGTTTTATGAAGACAGATAATCATTTCTAATACCTGCATATGTTGGTGTGCTTCTAAGTCTCAACGAATGATATGTGCTACGATTTGCTGAGCCTCCTTTCTTGTGATATATGTTTCTCCAAGTGGAATGGGGTAATTCCAAGATTCTACGAGATCGATAAGCGCTTGAGGGATATATTGTCATTTCTCACATACTAATGGGATATCATGGTTAGCTAGATACAGAAGAGATGCTTGAAGACTATTCCAATTATTGGTGATATCATGCTGAATCATAGCTCATGTAAAGAGATCTTTTACTCCTGTTATGACATCTCATATACATTGTTGAGATTGAAATGGTCTTCAGATAGGTAAATGGCTTTGGGGAGTTGTAGTATGAGTTTGCATAGTTGTGTAAAATTATGATATAAAATATAGAAGTCTTATCGAGTAGAACCTATCTGTCGTTGAAGTTTGAGATAGTGTAGTTTTAAAGTATAGAAGTTAAGAGATTGTATATGAGACCTTTGTTTTTTCGTATAAGTATCTATTGTCTGTAAGATTTGATGTACGTCATAGTTATTGAGTGGTACATGTAATCCTCTACTTGTTGATCTTTCTTTTATGGATGCAATTTCATGTATACATGCTTGGTATAGGTTCTGATCATGGAGAATATCTTCTTGAGAAGGTTCTGAATTAACTTCTTGAGGGATAATCTCTTCTACTCTATCTTGTACTTGTGTTTTGGTGGTATCTAGTAATAAATATTTTGCTCGTAAGAGTGCGACTTCTGGACTTTGTATTGCAAACATTTCCCAAGATTCTTTTGGTAGATTTGATCTATTCTCAAGTTGTGTTTCATACGCTACTTTGATTTCTTCTGGAGTAGCTCACTCTTGTAATCAGAGTAAAGTATAGGCATCATTGATGGTTCATGTATGGAGAGATGAATTCATAATCTATATATTAAAGTGTAAAACTATTCCTTAAAGATGGATGCTTCAGAGAGTGATGATTCTCTCTATTGCGAGTCTATCTCATGTCCCTGTATTCATGATAGCATCTACCATTCTTTGAATAGCCTTTCTTCGTGCTTCTATCTTATTTTGTCTTTCGCGTTCTTCATCTTCTTGAACATACCATCCGATATGCGTATATAAAAGGTGTTTAATAAGGGTATTTGTGAGGTGCGGTGCTATCATTCTTATTTCTTCTTTCATCTGGTCTTCTCAGAGTTTTTCATGTTCCCATATATATTCTAGACGAGAGATCGACTTTGCTACTTCAGGCGAAATCTCTCATATGCCTTTTGTTAAGAGGTTAAAAATTCTTATGGATGATTCTAGGTTACCGTCTATTTCAATCATTCCATCGAGTACATCACTATCAATAATTTTTTCAAGAATCTCGGGGTTTCATCCAACTAATTTTACAATATTAGATATACATCTCTCCATATTTCATCATTCATGAATTGCTTTCTTTACTGCTGTATGCATAAACTCGACAGCGAGTTTTTTGTTTGTAAGATATACTCCGTAGTCTCAGATGATATCACTAACATCTCAGAATCTGCGGGACATATCTATGCTTTCTAATACTGGGTATATTATTCCATCTATATCGCCTTCTCATCATGCATACATATCATTAATAACATCTTCAAGAGTATCGGGAGATATATCACTAGTATCTTCACCATATGCAAGCTGTAGATATGATCTTAAGGTATCTCAAGTGACGGGGGATATTTGTGCATATGTTCGTATCATGCTAGCAAGAGCATCTAGTTCATCTTGTGCATATCAATCATCCGATGAGAGGCGGATTTTTTGTATTCTCTCGTGATGTATCGCCCCATTCTCTCAAATTGACTGTATATTTTTGAGTATATCTTGATG
CP060226.1_gap28	1217632	1221112	3480	ATCATCATGAGAAGATGAGCAGATACTTGCGAAGGAAGCTCCAAGTATGCAAAAATTTCTGAAAAAAGATTCAAAGGCCCATTATATAAAAGTGAAAGAATACCTGGATGTCCTTGGGGTAGAGTATGTAGAGGACCATACACTCATTCCAGAATATGAATATCGTACTCATACGGTATGGCAATTTAGAGCAATAGATGATGGAGAAGTTATTTCTTGGGGAGGGAGGTATAATAAGCTGGCAAATAGGATGGGAATACAAAAAGAAATCCCTGCTGTTGGATTTAGTTCTAAGGTGGATACTCTTATCAAGATGCTTCGAGATAAAGATATCCAGATTCGTAATAAAGATAAAATCGATTTATACTTTGTACAGCTCGGAGATGAAGCAAAAAAAGTGGTACTTCCTCTTAGTATTGCAGCTCGTGAAGCGGGAATAAATACGACCGTTTCTCTTGGGACTCCTTCGATGAAAGAACAGATGCTCAAAGCACAAAGATCAGGAGCTAATTTTGTGGTCATGGTGGGGATTATGGAGGCAAGAAATGGAGTGTTTCAAGTACGTGATCAGATTTCTTGAACCCAAGCAGAGGTAAAAAAAGAAGTACTGATTGAGTATATTATTGATAAAATTGGAAAAGATACCTTGGATTTTTATTGTCCAGCAAGGGATTTAGTTCAGAAATAAGTAGTTACGTATCATTTTATATATTTGGCAAGAATACTCAGTGGAAAAGATTTTTCTTTTCCACTGTTTTTTCTATTATAGAGCTAATATTATTGTATCTTTCTTCTTATGCATCGTCTTTTTCTTTTTCTTCTTTTTTCTTCTTTTTTCTTTTCCTCAGTTACGTTTTCAGAATGAATCACTTCTCCTGCTTTTCCAACATACTGTTATACTCAAGAATCAGTAATTTCTGCAGATTCTATGGAGATATGAACGAGTTATAAGCTCCGTATTCCCTCATCAGATGTTGTTGTATTGCAGGGAAATATTCGTCTTCCATATCAGTATCTTTCTACTTCAAAAGATACAGTAGAGGTAGAGAGTATTATATCAGAAGGAGTTCCTCTTGATAGTACGTCTTTGGGGGATGATAATGAGCGTACAGGAGTACAAGTTGAAGTTACTGGCGAAAGAGTAATAGATGTTCAATTTGGGAAGCTAGTTTCAGGGGTAATGGTTGATTTTAAAGATATTACTCGTTACTATACAGATAGTTGGTATATATTGAAAGATGGTAGCTATGTTCTGGTTGATAAAAATCAATTACATACTTTCACTTTCTCGGAGCTACAAATTCGTCTTGAGCCACGTACTTCTTGGGGAGAGGTTCCAGTAGAGGTAGTATATATTTGAACCCTATATTTTTATCATCCCGTTACGACGATTGTTACACAGAAAGTTACAGAAGAAAGTGTATATGTGTATAGAGATAATCGTTGTAAAAATGTTTCTATTCCTTCTGTGAATCATCAGACCTTTTCTATCGATGCTACAACACAAGAACTTTCTATTCAGTTTCAAGAAAATACAGCATATGATCCTGAAATCTCTCTTGATTCTGATGCAGATGGAGTAAATGATAGAAGTGATAATTGTAAAGAAATAGCAAATCCGAATCAAAAAGATACCAATGCTGATGGTAAGGGGGATGTTTGTAGTGATGATGATGCAGATGGATTTATAGGGGAGCAGGATAATTGTCCATATGTATATAATCCCGATCAAAAAGATATCAATCGTAATGGAATCGGGGATGTTTGTGAATTTGATTCCGATAAGGACGGAGTATTTGATGCTATAGATAACTGTAGGCAAACACCAAATAGTGATCAACGAGATACTGATAAGGACGGAATTGGAAATGCTTGTGATAATTGTGAAAGTTATAATCCAACACAGCGTGATAGTAACGCAAATGGAATTGGAGATACCTGTGAGGAACAAGCACTGTATCTTGAGCAAAATGATAGCGATCATGATGGAATTATTGATTGGCAAGATAACTGTAGTATGATTGCTAACTCTGATCAAGGAGATGGTGATGCTGATGGGGTTGGAGATGTGTGTGATAATTGTTCTTCTATTCAAAATCCAGGGCAAGAAGATATAGATGGAAATACTATTGGAGATATGTGTGAAGACAGTGATCATGATGGAGTGTTAGGGTATCTGGACAATTGTATGGTATTTGCAAATGCTGATCAAAAGGATACGGATAATGATGGGGTAGGGGATATGTGTGAAGATGATGATAGAGATGGAAAAGTATTTTCTGAAGACAACTGCCCCTATGACTATAACCGAGACCAAAGAGATACTGATAGCGACGGGATCGGAGATGTCTGCGATGAAGAGGATAATCGCTTTATCGAATCAAATAAAATATTTTTTATCACACTTATTGTTATCGTCGTTCTCCTTTTTGGAGGAGTAATCTTTTATATGATTCGTAAACTTGGTACTTCTAATCCTTAACACTTTTTCTCATGACAGCGCTTCTTAATCGTTTTGCTTGGGGGATTTCAGTATCTATAGCTCTCTTTGCATCATATTTTGTTGATAGAAATGCTCTCTTTGATGATGATGGTTTGATTGCTTTCATCGTTGTGCTATTGCTTCTTAAGTTTCTTGTATTTTCTAAAAAATGGATACACAGAAGATTGGAATACTTTGTTGATACCATAAAGGAAGAACTTGAGGGGCAGAAGAAACAGGTGAAAAAGGAAAAAATATCTCAGAATGTTGTAACTTCTGAAATGGAAGAAGAAAGTAGAGAGATTCTAGGGGAAGGGGATATTCTCCCATGAGAAACCGTAAAAGAAACAAAGGATGAAAAGTCTTCAGTCTCTATGTCTGAAGAAGTTGGAAAGTTAGAAAAGAAAACCAAGGTGTCTTGGTCTCCATTTCACTATATCGGGGAGTTTTTTAAAGAAAATCTCTTGGCAAAAGTTGGGGGGATTCTTATCTTTCTTGCTGTCATCTTTTGATTAAACCTTGTCTATAGTTATGTTGGACCCGTAGGAAAGATGCTTATTGGATTTTTCCTAGGGTTTGGGATGTACCTTTCATGAGTGATACTCGTAAAAAAGAAACTCCAGGGCGAGGGAATGATACTCTTAGGACTTGGGATTGTGATTAACTATGGTGTCATCCTTGCGGGAAGATATCTCATTTGAGATGATTCTGGAAATCTGATGTTATCCGAGCTTCTATGTTTTACATTTCTTGTTTTAAATACGGTATTTGCAATTGTGACCAGTTTGGTATATCACTCGAAGTCACTCCTTGTATTTGCTCTCATATTTGCGTACGTAAATCCACTTCTTATTTGAGGTTCAAGCGATACTCCCTATACACTCGTAGCCTATACGCTTCTGGTTTCCTTTGCTTCTTTTTATCTTGCAAAAAGACAGTCGTTTTCTCTTCTCTTATATCTTACATATATCTTTGCTTCGATTTTGTTTCTCATTACT
CP060226.1_gap29	1227194	1230171	2977	ATCAGGAGCCATTAAAATATATGGATTCGAATTGGAGAAGAGGAATTGGTTTTTGGTCTTTGGAGAGTATGACTACTCTATAGGGGCAAAAAACCAATAAAAAACGTAAGAGCAGAATCAAATTAGGGGATTTTACTTTTAAGTTTTTACTTAAAAAGATTGCTTTAGGTCTTGCAGATTGAAACAATCTTCGTTTTAGTTATTAATTATATAGGTATGATTGCGGTTATTGAACTTGGTGGAAATCAGTTTACGGTACAAAAAGGAGATGTGATTGATGTAAAAAAACAAGATGCAGAAGCAGGGAAAACAATTACAGTAGAAGCGATGCTTCTTTCTGATGCTGACGGGAAAGATGTAAAAATCGGAACTCCTACAGTAGAAGGTTCAAAAGTAGAGTGTAAAGTAATTGAACAATTCAAAGCAGATAAGGTAAGAGTATTTAAGATGAAATCAAAAAAGAGATTTATGAGAAATAAAGGATTTAGAGCAAGTATGACAAAACTTGAAATTATGTCAATTGCATAATTTTTGGAAACGCCTTATGTTTTAGTATAATACTATAGCATAAGGTGTTTTTTAATTACTTTGTAATTTCATCAGTTGAAATCAGCAGTAAACATTAGTGCAAGGATTAAACGACATTCTCGAATACTCAAAGAAAATTTAACCAATCGTCCACTTCTTCAACGTCGCTCGAATTATAGTTATCGTGTGGTTGTGTTTTTTGTTGTCTTTATGATGCCGATATATCCGGTGTTTGCATCTCTATTGCATGATAATACGGTTCAGGACTTTTATCGTGGGGATATTGATGAGTCATCGATTATTGGTTCGTATATTTCTGATGAAGAGTATGAGGATGGGACAACGGGAATTATAGAAGCCAGCGATTCATATCTGCAGGTAACCACCTTTTTAAATGATGAGCGTGATACGACAGGGTTTAATGAAGTGATAGAATACGAAGTAGAGCCATGAGACTCTATTTCTACCATTGCATATAGATTTAAGGTTTCAAATAATTCTATTTATTGGGCAAACGATTTTTCAAAAAATGTCGTGATTCATCCGGGACAAAAGATAAAAATCCCACCAGTTTCTGGTCTCATACATCAGGTGAAGAAGTGAGAAACTATTTCCGCTATCGCAAAAAAGTATGAAATCGACGAAGAAAAGATTATCGAGCAAAATCTATTAACTGCTGAGTGAAATCTTGAAGCTGGTACCGTACTCGTGATTCCTGGAGCAGTCAAGAAGTATGTAGCTCCTCCAGTACCAAAAGTTACACCCAAGACTACTTATGCGCAAAATACTTCTAAGACCAATACTTCAAATCAGAGTGATACAGGCTATAGTTTTGCTAGATATGCTAGTTCTCAGTATGTAAATCAACAGGGGGTATATAAATTGGTGAAACGTACACCACAACATACCTTTTATTGGGGAAATTGTACTTGGTATGTGGCACAGTATAAAGATGTTAACTGGTGAGGAAATGCAAAAGATTGGTTAGCAAATGCTCGTGCAAAAGGACATGCCACAGGATCTAATCCAGGAGTAGGGGCTATTGTTGTGTTTCATGGTAGAGGATACAATCCTCGTTATGGACATGTGGGTATCGTGATGGATGTAAAATCTGATCATATCATTGTATCAGATATGAACTACCGTCGTCTTAATGAGGTGACATATCGTAAAGTTCCAAAAAATGACAGGGCTATTCTCGGGTATATCTATGTCAATTAGTAACCTCGCTAAAGCCCCCTCTCCTTGAAGGAGAGGGGGCTTTTTAGCTTTCAGGGATCTCTGAAAAGGCCATTAATCTTCGTGCCTTATAAAGGGGATTAGCTTACAGTAATGATTCTGAATCAAGTTCAGAATGACAAAAATAACTTTTTCAGAGCTTCCTTAAGGTAAAGCCTTGATTTAGAATAATTTTATAATCCATCCTGACCTTCCTTTCCTACGAAAGGAAGGAAAGTACGATACTTGTAATTTACTACTTGAAATTTCCTTCCTAATAACTCATCGCATTGCTAATCTTGTAGACTACTTGGTTGATAGGATTGAGGGTTGCTTGGAGCGAATCGCGAAATACGATAAAGTCTCCACGAACCATCTCAAGAAGGATATGTGTGAGATAATGATTTTCATACTCTGCATATGCTTGAAATGCAAGAGAAAAAACACGATATGTATGTTCTACTTCTTCGTTTATAATTCCACTAATGTACTTTTGTTTTTCAATGACTGTCGTTATAGGATAACGGATGTTTCGTTGTGCTTCTGTGGTCACACTGTTTGCATCTATTCCAAAAATAAACTCAACACTATCACTATAATTTGATAGATAATTGAGGTAGTATTGGTAGCGGCACATCTCAAAGGTAGCTTCATCGAGGATGTCTTTTTTGAGGAAGACTCCAGTAGGTTTCTTCGTGCTACAGCTCAGTGTCTGACTAGTTATCTGTAGACGACTTAGTTGTGTTTGTACTTGATTACCAAGTCTATCCTTTAATTCTCCGGTTTTATCGATTTTAAATAGGGTATTTTTCATGTATTCGAGAGAGTTCTTCTGTGCTTGTATGACGGCACACTTGTAGATATTTCCTATGTTTTCTCTATAGGTTTCTTTGGCGGTATCTATATAGCTGATACCGATATTCTCGTCAGTATTTCCTTGGGGAATCTCGAAAGCCTCATAGTCTTTTGCTTGTGTGTAGATGCGGGTGTTTTCTGGTTTAAATTCTGCCTTACATACTTCTTTTACCTGACATTCGTAGAGTGGAAAACCACTCTTTCCAGTACAGTTATCGATGCTTGCAAATACCGCTCCTCTGCTGATAGAGAAGATGAGGAGAATACTTGAGAAAATGTAGAGTTGTTTTTTCATATGGTTTTACCAAAGATACTGAGCAGTATATTGTTCCTGAGTGTATAAACTTTCGAGAAAAAATCTAGACTTTTGTGGAGT
CP060226.1_gap30	1240155	1241554	1399	TGGAGATTAGAAATCTAAGAAAACAATCTATCTATTTTTATTTTTTTAACTTTTTATCACCCATGGACACTATTTTTACTCACACTCTTTTTTACTCTTTTTGCATGGCAGCACTTCTTGGTGCGCTTGTTGGGATGGAAAAGGAGATTCCTAGAAAATCACTGGTTTGAAGTACGAGAGGGGTATTTGGCGGTATGAGGGGGTATGCACTTATCTCTCTGCTTGGAGCAGTATGTCTCTGGCTTGATGAGATTCTCGGAATTAGGAATTTTATTTTCACTATTTCTGGATTTTTGATTGTTGCTATATTTGTCGCAATCTCATATATCCATGGAGTATTTCAAAAATGAGCAATGAGCTTTGCTTCTGAGTATGGAGCTTTGATTACCTACTTTATCGGAGTATTTGTGATGCTTGGAAGTATGGAATTTGCAATTATCTTTGCAGTATTATTGACCTTACTCCTTTCTCTAAAAGACTATATCTCATCATTTAAAACCAAAGTGAGTCGAGATGAGCTGATTGATACATTGAAATTTGCAGTTATCGCATTTGTTATTTTACCGTTATTACCAGATGATCGTTACTCTTTTGCGATGATTGCGAGCACCTTTGGGGGTACAGAAATCTCTGTTTGGGATAATGCTATCTGGCAATTACAGTTTTTAAATCCTCATGGGATTTGGTTTTTTGTAGTGGCGATGTCCGCTATTGGATATATCGGATATATTTTCACCAAGATTCTTGGGAAAAAATCAGGAGTTATTATCTCGAGTGTCCTTGGTGGACTCGTATCATCAACTGCAGTGACGGCAGCCATGGCGGAAAAGAGTAGAAGGTATACATTAAATAATTCTTTATATGTTTTGGGGACACTTATTGCTTCGTGTATTATGTTTTTGCGTGTTATATTTATCATCATATTGTTTAATGTGGCATTGCTTACCGATATCGCGGTTCCTTCTCTTATGATGTTTGGTGTGCTTGTGGGAGTGGCGATATATTTTTATCTCAAATCAAAATGAGAAAAGTCTGTAAGTGAAGAAGTTGATGTCGAAAATAAGGTGGAAAGTCCGTTTCAGATTTCTCCAGCACTCAAATTTGCAGGTTTTATTATCCTTATAAAATTTATCGCAGGAATAGGAATTGTGTATAAAGATGTATGGTGAGAGGGGCTCTTTTACTATGCTTTGGGGATTATTTCTGGTCTTGCTGACGTCGATGCTATCACTCAGACTATGGCGGTAGAAGCAGGGGTTGGAAATGTGATGAGTACCGTAGCAGTATACACTGTCCTTATTGCAGTTATGTCCAATAATTTTGTAAAAGGAACGATGGCATGGAAGTTTGGAGATAGGGGATATGGGAAAAAGGTAATGACATGATTTATGCTGACGAT
CP060226.1_gap31	1267663	1270475	2812	GAGAGTCTTGGATGTGATTTTCCTGGTTAGGTCATTGTGGTCAGGTGGATATTGCCATGGGGAAAATAATTATAAATTATGGAGTTTATTATGTATGATTCTGAAACAAGTCCAGAATGACAGCGTTGTATTTACTTTTTAAATTTGTTATTTTTTCGAATCTAATCGTTCAAGTTCTTGTTCTGCGATAGTTGCAAACTCGGTATCGACTGCTTCTTGTACGACCTTTCTAAAATAGATACGTGCCTTCACTGTTTGTCCACGAAGCATCTCAAGCTGTCCTAGATTTAGATTAATCATAGGATTCTTTGAGTTTAAGTCAAATCCTTTTTGGAGTTGTTTTGTGGCTTCTTCATAGCTTTCTTCTTCTTTCAGAATCCATCATTTGAAACCATAAAAGTCAGCAATAGTATCGTAGTGGTTGAGTCAGAGTACTGTCCACTCTTTTGCTACTTCTAGATCCCCATACATAATTTGGTAGTAGATGGCAAGGATGAGATCATCGGAATCAGGAACTTCTGTTTCATGCAATAGTTTCTCAAAGTATACGAGTACTTTTTCCATATCTCCCAAGATATAGTAGTTGTAAATCAGGCGACGATAGAGTTCTTGTTTTTCTGAGTACCCGATTTCTAGAGCTTTTACTAGATAAATATTTGAAAGCACATATTCTTTAAGTTTTAGATTGATAACCCCAAGCATATAATTGGTGTCAGCGTTTTCTTGGTCTATTTTATTAAATTCCATGAGGATCTTTTTTGCATTTTCATAGTCTCACATTTCAAAATAACTTTGTGCGATAATCTTGAGGATTGGTTGATAGTTTGGCTTTTCTTCAAGGAGTTCTTGTCCGAGTAGGATAGCGGTACGGTATGACTGATTTTCATAGAGTGCTCCGATAATGAGCGCATTTTTGTAGTAGACTTCATCGATTTGGAAATTTCTATAGGCTTCGATTGCTTGATTGATTCGCTGAAGTTTTTCATTTTCTCCCGTATACTCTTGGGTATCAAAGTATGCCGAGAGTTCAAGTTTAGCAGTATGAAAGTCTGAAAGAGCCTCAAGAAGAAACGTGTAGTATCTGGTGTCTTCTCCTTCTGGATAGATGAGACCAATTTTTTCCAGGAGTATGTTTCTGTCTTCTTCGCTTGCTAGGGGAAGAGTATAAAAAAGTGTGAGAAGATAGTTTTCATTTCCTTGTATATCCTCACCATCTATTTTTTCATAGTATTCTTTGGCTCTCTCATAGTTTTTCATAAGGAAATAGGTATCTCAAATCTTGTTCAAGATCACAGGGTCATTTTTGTTTTTATTATAGGCTTCAAGATATTTTTTGAGAGCATGGACATATTCGTCATTTTTTAGGTGGATATCTCCAGAAACAATCAACCCCTTTACCGCAAAACGCTTTCTCAGGGTTTCTATCTTTTTGCGAACCGCTTCTTCACTCAGTTCTTTTTCAGTTTTTGGGGTTTCTTGTACTTCTTCTACCGTTGTTGTTCCAGTATGAATGAGTACTTTTTCTTTTTTTGTTTCCTTTGTTTTGTTTACTTGTGTATTGATAACTACGGCTGTTGCGATGATCGAGAGGATGATAAAAAACACAATAAAAAGACGTTGCATACAAGGAGTCGATAAAATAGTAATTTTGATTGATTTTAAAAAGATTCACGGTAATGTAAAGGTAAAATATATGAAGTATCTCTCTGGTATCCCTGCGCTGTGTCCCGTTTTGGCGGAGGAGGCGGTCCCCGAGTCCTCGGGACGGAATGACAGGTCTTTCGTATCTCTAACTCTAATTCTATCGATGTTTAAGAAAATTGCTTCCAATACAATAGCACAAATTCTTTCAAAAGCGGGGACAGCGATGATCTCTATTTTTTTACTGAGTGTTCTGACGAAGTATCTCCCCGTAGAGTACTTCTGAATGTATTCAAAGATATATAATTATCTTGGGATTTTTGCATTTCTTGCAGACTTGTGACTCTATGCGATTGTTGTAAGAGAGATATCTCATAAAACTGACAACACTCAAAAAATCATCCGAAACGTACTTTCACTTCGACTCATCTTGGGGATTATGATTGTATTTCTTGCTCTGTGAATAGCATACTTTTTACCAGGATACAATAGTAAGATCGAGATGATAGGGATTACGATCGTCGGTATCTTTACAGTTTTTTCTCTGCTAAATTCTGCACTTCTTTCTCTTATGCAAGCAAAAATGCAGATGGAGTTTTCTTCTCTCTCTACTATTTCTGGGAAACTTGTAAATCTGATCGGTATTTTAGTGATTGTTTTTGTGTGTTTACAGTCTGGAAGTATCGATAGTTTTTGATTTCCTTTGACGATGATTTTCTTTGCGGGGCTTGCAGGGATTATAGTAAATACGGCGATGAATTATCGGTATGCGAGACGAATTGTCCCTCTCGGATTAGAGTTTGATTTCTCATATATGTGGTCAATTGTTCGCCATGCTCTCCCATATGGTGTAGCTCTATTTTTGTCGGTGGTATACTTTAAAGTAGATGTCATTTTACTCTCTCTGATGGAGTCTCAAGAACTGGCAGATAGAAGTATAGCACTGTATTCACTCCCGATGAAAATTATAGAAGTTCTTATGGTGATTGGAGGCTTTTACCTGAACTCTTTGCTTCCATCCATGACGAGTTTGTACGAAGAAAAACGCACCCAAGAACTAGAAAATATTTTAGTGACTTCTTTTAAGGTACTTCTTTCTTTTGGGATCTTGTTTTTTGTCGTTGGAGTACTGCTTCGTGAAGAAGTGATTCGTATCATTGCGACTCCAGAA
CP060226.1_gap32	1272938	1274700	1762	AAGATAAAATTGAGTTCATGGTGTATTTGTTTTTCCAGAGGGAGTATCTCGTGGAGTGTTGGATTATATCCAGAAAATGAAAATGCGTGTTTACGGAGTCTGAGGATTTCTTCGAAAATAGACTCATGTTTTGTGAGGTATGAAGTAGTACACTCGTACAGTGCTGGGATCGTATCAGCACGTCTCTGAAATAGGGCTACTATTTTTTCTTCGAGTTTTTCTACCTTGTTTTCCAAGAGGAGGAGAAAGAGATAGTAGAGACTAACCAATCAGATACATCCGAATATAAGGTATTGCCACATATGCATACAACTCTAAAAAATTAAGTATCGAGAATAGTGTAGCATATTTTTTCTAGAAAATAAAAAATATGTATTATTTACTGGTTGGGATGATATGAGAGGGATACGAAGTTTATAGAAGTATGTACATCTCGATTTTGAGAAAGATATTTCAGGAAACTTTGTAGATATTATTATACTACGAAAGATTGGCTCTATTTTGGAAAATATCTATAGATTTCCTTTCTGTGGAGAAATCTTTGCAGTACTACGGTGTTTCACGTTATACTAAATCATAGTCGGTAGTCTCAAATCCTGATTCTATAGTAATTTTTAAAACCGTGCAGTTTTTTTATTCCCGCTATTGAGTTAATTTCTGGAGAACATTTTATATCATTAATCTTCGTGAAAATACGCTTTAATAAAGACTTATCAATACCTGATAAGTCTTTATCGAATAGTTCTATAAACTCTACTTTCATAGGTACTTCTTTTCTAGTATATTGATATCAAAAGTAGGGCTTCAGGTATGAGTATGCATTATTTTTCATAGCTTATAATCTTCGACCGCCTCGATAAAGTCCTCGATAGTATCAAAGTTAAATGTCTGTAGTTGTAAATCTTCTTTTTCTATGGTAATGGTGGTCATAGATCTTGAGTAAAAAATAATTTCTTCAAATTATATGTTTTTTGAGAAAAGTGTAAACTTTTAGTTATATAAGTCTTTTTTCGTCCACAAAAGTTATACAAAAATGCCCGCTTAAGCGGTCGTTTTTGTTTTTCTGTCAAAAACTTTTTTTTCTTGGCTTCTGGGAGAGGATTCACAGAGCTACAATAAATTGACAATACCAGGGGGAAAGGATATAATACAAAGTGATTTATTTTGTCAGCATATGGTTATGGCAGAGATTGGAGTTGATACATTTCTTGGTGCTTCTTCAGAACAGCAATGACAATGTCCTTCTGATAAAGTGTGAGTTTTGACGGGGCGAGTTTGTGCAATGACGGGTATGACTTTAGATGTTCTGAGGCAGACTGTTTCAGTGCTTCCCCAAACATTAATGGTACCTTTTTTATCTGCAATCATAGCAATTTCTTCTCCTGCTCAGGCTGCTGACTGATTTCAGCATGCCTCATATCAAACTACTCCTGATACACTTGTGGCAAGCTGATGAAGATTACCACCAGATGTTTTACAATGAGGACCATCTGTTATTCATGCGTATTTACGTAGCATTCGATGATTTCAGTACTCTCCAGAGAGCTTTGATATTGCAGATGCTCCTCTTCCATTAAAAGGGGTAGTTCCTGCGGGGATGGAAGACTTAAAAGTAAAATTATCAGAGATTCATATTCCCAACGGAGAGATAACTGTTGATACATTACAACAAGCGGTATTGTGAGTTTTACAAGAAAGAGCTGACGATCCTGAATATAGTAGTAGATGGTCAGGTGAAGTGCAAGATTTAGTTGATCACTAT
CP060226.1_gap33	1275779	1279772	3993	TGATTTCCAGAAGATACAGATATGATAGAAGAGTTTATTATTCAGATGGAACCAAAGTTACAGGTAGAGAGGGGTGATTTAGAAAGTTCTGATAGTGATATTCGTCAGGATTTTCTTACTTTAAAATTTAATGAAATATTTAGGAAACCTCAGTATGCTGATATTATTAAAGATGCTGAGAGTAGAATACCGGATAGTACTATTTTATGAGATAGGAATTTAGCAATATTATCTGCTTGTTATAATGAGTTATTAGCAAGAGCAAAACAAGAGTCACCCGCAGATTTTATTCAGGTATATGAATACCTTTCTGCAATACAACAAGCAACAAATGATAGGCAACTTTTTCCTGACTTATCCAAATATACATGAGTATATAATGGTATTAAGAAGCTTCTTACTAATCCAGAATCTGCTGTAAATTCTGAGATTATTTTGAGGTCTGAAAAAGCTTTAGTATGATACGATGGTTGAACAGATTTAAAAGTAGAGGGGAAAACATTAAGTTTCCAAGATCAAATGGTCGATCTCTCCGAGATCCCACCGAAAAGATATATTGTTTCACCAGAAACGGGCTATAAACTCGAGAGTGGTACTGTAGACTATCGTCCAGATAGAGAATCTCAGAAACATAAAAAAGGGTTAGAAAAAGAGTATGCTCAAAACAATGAAGCACTGACTAAAATCGAAGGACAACAACAGGGATTACAAGCAAGGAAAGAGGGGGTTGAACAAGCAGATCTTACGACAGATACAGTAAACGATCAATTATATAGACTGTATATTAACGATAATCAGATAAAGGGTCTTATAGAGAGGGTAGATACTGCAAGAGAAAGTGGGCAAGATACCCAGGAACTAGAATCACAATTACGAGCAGCATTAATCCATAAAATAGATGGCGAGATTACGAGCCTACTACAACAACAACAAGAGTTACAACAGAGAAATACGGAGATTGAGGAACAGATAGCAGTAATCGATAGCAAAGAGGCACAAAGACTACAGGCATATCAAGAACAACTCCGTCTAAAAGATATTCAAGCAAGAAAGACGAGAGACTTCCTCTCTTCCATCGGTTTCGACCTCATCCCACAATCTACTACCGACCAGGTAATTGCAACACTCAACTCCAATACAGGACTCAGGGCACAACTTGGTATCACTGGAGAGATTAATCTGGCTGAGTGAAGACTCGGGATAAATAAAGATGGTGGAGACATCGAAATCAATGCAGCGGAAAAAACAGTATTTGCAAAACTGGTAAATAGGATGATTAGCGGAAGCGAGGATAGACCGATTAATGTACTTGCTATTCAAAGTGGTTCTGGAGTCCCAGTACAAAATAGAACTGCCTTTAAGGCGGAGCTCGGAGAAATCGTAAATACCAATGGATACGGAGTAGCGATGGAGAATCTGAGAAACTCTCTCTGACAAGATGTCGTAAAAAATAGCTATGGGGAAGAGTGGACGACAGGATCTGGAGGAAAAGTTGTGAGTGATGGTAGTGGTAAGGGATATGATGTTATGTGAGGTGGAGGAAATTAGGGTTGATTTTTTGAGGATATTGATATAATTTTATTGTTAATTTGCTAATTTCTGGCTATGTCTACCTATCATGTGCTTGTAGAAAAAGAATGATCCTTGTATGTTGCTCATAACCTTGAATTGGGGGTAGTTTCTCAGGGACAGACATATGAAGAATCTTTAGTTAACCTCAAAGAAGCCACATCTTTATATCTTGAAGATGAAAGCGATAATATAGATAGGACATATAATTATTGAGAGTATGCCCTTACCAGTATCGCAGTGTAGAGATGGTAAAGTCAAATTATTCATATATTTCTGGAAAAGACGTAATTCGAGAGTTAGGAAAACAGTATGGATGTGATATCGTATTTCAAAAATGAAGTCATATCAAGGTAGTGGTTGGAGGAAAGAAAACAGTTATCCCAAACCATAAGCAACTTGCATACGGAACTTTTTCTGCTATTCTGAAACAGTTAGGGATTGATGAAGAGAGATTTTTGGATGAAATTTCAAAGTAACTACCAAAAAAACTTGAGAAAATTAATTTTCTCAAGTTTTTTATTGACAAAAATTATAAATTAATTATAAGGAATTAGTTATTTAATCTTTTTTTAATTGGTTAATCAAATTTGTATGAGAAATGTAGTTCAAAACTGAGGACTAGACCAATGAGGAGTAATAGAACTTTTTGGAGGTAAGCTTTGAGAAATTGATACAGAGCTGGGGAATATAGAATCAGTACTAGATTTATGAGGATTTGATGTTACTCGTATGGAATTAAGACTTGCTTCTGTGTTAGCAAGGATTGAAGGTATGGGATTTGCTTCAGATACTGAATTATCCGTTACCTACGCTTGAGCAGTACAAGAGTTACTAAATTCACGACTTAGAGAATACGAGAGATTATTTTCACTTTTTAATGCACGAAGAGATAGTGTAGCCTTGGATGATTGATGACAAGTACTGGTTGACGCTATGATGCAACCTCCTCTTTGAAGTGTCAATTCATCGATATTATCTGATGCTCAAAGATTATTAGCACTATTACAGTCAGATAGGACCAATCCGTATGCAAAGCTAGAGGCTTCTGTACTTATGCATACCTTAGTTACACAGTTTCATCAGTTACAATCATATATCGATGCAACACTCTTAGGATTGAACTTTGATTATGGAGACCTAATGAATCAACTACATAAAGCAAATGTTTGAAAATCAGGATATGATATAAGAGCAGTAAATGCGTTATATGATGCTATTGCCCACAAGAGACAAGCGGGGATACAGAAATTAGCTCCTGCACTCAGAGATAAAGCTCAGCAATTATATCGTGAAATTGACGAGTTAATTACTGCATTTGATATGTTAGATTGACCAGAAAAGGTTAGACAGAAAGGAGTTTGAATAATAAAAAGAATTTTAATCAAAGTAGGTGGACTTGCATCAGTAGTAATATGATTCTTTAATTCATCAGCTGTACTAGCTGATGATATTGGTGGGGAAGTTCAGACAAGTTTAGATGCTATTATGGCAGGTGTTGATGGGCAGGACTTTTTTCCAAACTATGCGGATGATAGATTAGAAGCTCCACTACCTCCTGAAGTAAATTTGGAATGAGCAGCAGAGACACAATTATGACCAGTTACGTGGCTTAAATGGGCAGAAGAAAATCCAGATGCTGCGGCTAAGATTTTAGCCGATTGACCAGCGATACCGACAAGCGATTATCATAAATGGAAAGCAAGAAAAGAAGCAATGCGTACAATGGAAGCAAATGGTATGCAAATACCTGGAGAATCACAATCTGTATGATTGAAGCTTCCTTTTGATTTACAGGTATATGGTACTGGATGAGAGTGAAGTAATGGAGTTGAATCATACACATGATGATGAGTAACACTGAGAACCGATAGATTTGTAGGTAAAGCAGAATTATGAGATGGGTACACGCATGCTTCTGCTGTATGAACTCTTCCAGTTTGAGATAATGGAGCTTATATAAAAGGAGGAGTTGCTCATCTAAAAAGAAATGTAACTTTGTGAGGAGAAACAAAATGAGTAAAGCAGACAACACTATGATGAGCTGTTGGTATGTGAGATGATGTTCATAATATTGAATTTGGAGTAATTGCCTCAGATGTTGCGCGTACTACATTTCCTGGATATGTTGTTGATCCAGGTGATGCTATAACCACATATGTTGAAGCAATTCTTAGATATAATCCAGATATGTGACAGTTTGATGTAGCACTTTCTGCTGAAAATACATCTTTAGGAGATAATGATTATGGAAATGCTAGATTTACAACGACATATTATCCTACAACAAATCAAGGTATAACTTTTTGAGTTGATACTATGGAACCATCACAAGATTGGAATGCTCAAGTATGATTCAATGCATCATTTGATAGTATGAGAGATTTATTTTCTTGAGAGGCTAAGTGGTCACCGTATTTTGAA
CP060226.1_gap34	1319701	1322775	3074	CTACAAATTCTTCTTTGGTTATATCACTTAAATAGATAATTGATTCTTTCCAAAAATCTCAGTCTTTTCATTTTTCTAGGATATCTTTATACTTTTCTTTTCAGATAGCGGATATTATTGCTCGTTCCTTTTTCTTGGTGGCATCATTTAGTAGTCATTTACTGTTGAGTATATTAGCACTCTCAACTTTTTCTTTCCAAGTTTCTTTATCTCCTTTATCTAGGAAATCCGAAAAAGCGGGTTTACTAATAAGTTGTACTCAGAGAGCCACTCTCTCTCAGAACAATTCTTTCAGAGTATTATAACTTATATCCGTGTCTTCGATGATGTCATGCAGGAGAGAAATAAGCACTTCATCAAAATCTTTTGTCATTCCTTTTCTGAGGGAGATGAGGGTTACTTCACGTAAGTGTTCAAAGTAGCGCTCTCCACTTTCACGCGTCACTCATTGAAACTTGAGTTTTGCAAGAGAGTAGGCGAGGTTGAGTTTGATCATCATTCTTTTTGCCTGTCTTTCATTGAGATCTCCAGATGCAATTTGTGGTTGAAAAATCTGTTCGTATACTTCATTCCAGAGCTTCTCAGTTTTTCTTTCGTATGAATAATATCAGGGTGCCCAGTGTGGACAATCGGAATCAAGTATCTCATCAATGCTGGGAGCTACAAGCTTAACTCGGGGGGTGTGAAAGAGTTCTCCTTGATATGGTGTCTGTATGTTACTTGTAAGAGCTAGAATCTCACTTCCATATATTTCTCGTATAGCCTCAGCACTTAATCAGCTTTTCTCTTGTAAATATCATAAGAGTTCTCAGCATATATTTTGTACTTCTCCTTGAATAGTGGATATATTTTCTCAATCATAAAGTCGAGATATTACTTTATCAGAAAAATAATGAAAGTTGTCGACTCATTTTCTATATTCTTCTAAGGACTCTTCTTGATTATCAAAGACTACTTTTGATAAGTCATATATTACAGTAAGTTTTTGTAGTTCTTGCTTAAGTTCGTTTTCTTCTGCTTGAGATAAAGTTCTTGTGTTATGTGTGATTCTAAAAGTAATTACTTTTCTATAGTCATTCCAAAAGTCCTCTATTCAACGCTTGAGCGTGATATTTTTATAAGCATATGAATTAGTTGTATTCCCCAGTTCAGGATGAAACATTCAATCAGCATGTCTAGTTCTAGTGTTCAACTCGGAGTGGTTATAGCGTAATCTAGGAGCTATACTATACAAAAAATAGACAATATATCAAATATATTTACAATTTATATTTACTCCGGAAATCTTTTCTGAAATCTTCAAATCTTTGTTCGAGAATCGCAGTTCTTGCTTGCCCGCAAATATGGATGAGGAAGTAGAGGTTATGATAGGAGAGAAGCTGCATCCCGAGGATTTCGTTTTCTTGGATCAGGTGACGTAAGTATCCCTTTGAGTAGGTCCTGCAGACCTTGCATTCACACTCACTATCGAGAGGTTCATCTGAGAGTTTCCACTGTTCATTTTTGATCTTGATATTTCCTCTGGTTGAAAAAGCAACTCCATGGCGTCCGAGACGAGTCGGGAGGACGCAATCAAACATATCCATGCCACGAGCAATTCCTTCGACTAAGTCTTCAGGAGTTCCCACTCCCATGAGATAGTGAGGTTTTTCTTTTGGAAGAGTCTCTTTCATCACGTCGAGGATACGGTACATATCTTCTTTGGATTCTCCGACGGAAAGCCCTCCTACAGCAACTCCAGGAGTATCGAGATTGCCAATAAACTGAGCAGACTCGCGACGGAGGTTTTCATAGGTGACTCCCTGTACAATAGGGAAAAGTGCTTGTGGATAGAGTCCTGCATTCTTTCTCTTCGTCTCATTTTCCTTCCAACTAGTGACACATCTTTCTGCCCAACGATGCGTACGCTCCATCGCCGCCTTTGCATAGGTTTCATCTGAGTGTCCTGGGGCACATTCGTCAAATGCCATGATGATATCCGCTCCAAGATTACTTTGGATGTCCATAATATTTTCTGCCGTAAAATAGTGCTTACTTCCGTCGGTATGACTACGAAAGTGAACTCCGTCTTCCGTGATTTTTACGAGACTCTCTTTGTTTTTATAGCCGCTTCCCGAAGTTTGTCCGAGCGAAAATACCTGAAATCCTCCGCTATCTGTAAGTATCGGTCTCTCATAGCTCTGAAACTTGTGTGCTCATCAAAACGATTGTACCACTTTGTCCCCAGGACGGAGGTAGAGATGATAGGTGTTGTTGAGGATTATTTGTGCTCCCATTTCATCTAAATCATCTTTTGAGATTCCCTTTACACTTGCTTTTGTTCCTACTGGCATAAAAATAGGTGTTTCAAAACTCCCATGGGCGGTAGTAAAATTTCCGGCTCTTGCGTATCCATCCGTGCTTTCTATTGTGTACTCAAACAAAACCTTCATAATTAATAAATAACAATGAACAATGTATAATGATAAACTTAATTTTCACAAATCTGGCGTACGAAAAGGAAAAAAAATCTTCCAAAAAGGAAGATGAGAGAAGGGTTTTTTATTCTTTTATCCTGAGGGTTGTAGGTAGAAGAATCTATATTTCTTACAGTAATAATTCTGTCCCGAGTACTCGGGACAGAATTACAAGAGTGATATTTTTGGGGTTAAAAGTCGAGATTATAGCTTGCGCTTTTTTCTTCTTCTTGGAGCATGGATTTCAGACGTGCTTTATTGAGAGCTTTTCTTTCTTCACGTTCACTTCTTTGTGTTTGTGTGAAAAAGTGATGATCATATAAGAGGTCAAGTCCTGCATGGTGCCAATCTGGGAACTTTATTTTAATTTTTTTGATAACTTCGATTTCTTTTTTCAGCTTATCGGCCTTGTCAAAAAAATCCTCTCTCCCGAGATTATCCAAATCGGCATCTTTGATAATTTCTTCGAGTTTATTCGCAGGAGTTTTGTAGGCTGGATCTGTTGCAAGTATGAGTGACTCAATCAAGTGTATCTTGTCTTCAGGATAGAGAATGGTTTTCAGGTAGTTCGTAGCAATCTTTGCACCTACGGGTTCATTGGTATCATACTGGATGACA
CP060226.1_gap35	1336439	1341113	4674	ATCAAGCTTCTCAGATTTTGATTCGAGAAGGTGACTCAGTCTGTTTCTGAGAACTTTGAGATTATCTTTGTCTCCTTTCTCTGCAAGTTCTTTATGAAGCTCTTTGAGAGATTTTGTGAAATTTTTTATAGTTTTTGCGTTGAGCTTAATAATATTGTTAAAAATCTCATAAAATATTGATGGCATAGGACAACAGGAAGTAAAGAATTAATATGACCATATAATTACATCATATTATTTTTCTCAGGTCAATAAAAATAGCGAGTTTTTATTTAATAAAAAAGTCAAGAATATAAAAAATGGCTTTTTGTAGCCATTAAAAAGTATAAAAAATTATATTGTACTACTTCATAAATTTTGTGTGTATTTCTTTGAGTTTCGGATTAGTGACATGGGTATAGACCTGCGTTGTGTTGATACTGGCATGTCCGAGCATCTCCTGGATACTACGGAGATCAGCTCCAGCGTTGAGGAGAGAGGTCGCAAATGAGTGTCGAAGTGTGTGGGCACTGACATCTTTCAAAATCCCGGCTTTCAAGGCGTAGTGTTTCACCATATTGGTGATAAAGAACCTAGAGAGGCGAACCTGTTCATCTTCGAGAGCATCGATATTGTCAATACTGATGTTATGACGGATAAAGAGGGGAGAAAGATGATCGTTGCGTTTTGCAAGATACAACTTTATGAGTTCTGCGGAAGTCTCGGTCAGATAGACGACTCTGATTTTCCTTCCCTTACCACGGACGGCAAACTCTTTTCGTTCGAGATCTATGTCGGTTTTGTTGAGTTTGGTCAGCTCCGAGATTCTGAGTCCTGTCGAGTATATGGTCTGCATAATCGTGATATCACGGAGACCAATGATGCTCTCTTTGTCAGGGATATCAAAGATGCGCTGGAGTTCGTCATCGGTCAGAAACTCTACCTGTCTTGGTTCGGCTTTGATGAGGTCGATAGCGGTAGGGGAGAGAGATTTTATCCCTTGTTTTTCTAAGTACTTGAGGAAACTACGAATCGTAATCATATACGCATTGGCGGTTTTAATGCTGATGTTTTTATTGAGTTTATACAGGTAGCTACGAAATCCTTCTGATAGTGGGAGATCAATACTCGATACCTCAAAGCTAAAACTATCTCTTCCTTTGTCTTCTAGGTATTCGGCAAACTTACGGAGGTGACGATCATACTGTTCGACCGTATTTTGCGATTTATTTTTGATGACTTCCAGCCAATTGAGGAAGGCATCGTGAGCTTCGGGGAGTTGCATAGATATATTATGTGAAGTATTTCGGAGATTGTATTTACTTTGGGTGGAGAATCAATAGTATTTGATTGAGAATGAATGGTGGTTTTGAAGAAAGGTCGGGAGAACGAGTTTTCTTTAGAAATTAATGAGGGGGAATAAGCTGTTTTCTCCGCTATCGCTCCGAAAATAATTTCAAATTTACGGGGTAATAGATACAATACAAACAATTTAATTCTTCAAAAACTATTATGACTAAAAGAGATAATTCAATAGTTCTCTTTCACGAAAAGCAGGTTCGTCGTTATTGGGACGAGGGAAATGAACTTTGGTATTTTTCAGTTGTCGATGTCATTGAAATTCTTACTGATTCGAGTATTCCAAGAAGATATTGGAGTGACTTAAAAGGAAAGCTAAAAAAAGAAGGAAGTGAAGTGTACGAAAAAATCGTACATTTCAAATTGACTGCTCCAGATGGGAAAAAAAGGGATACTGATTGTTTTTCTAGTGAGGATTTACTTCGTGTGATTCAATCAATTCCTTCTCCCAAAGCAGAACCCTTTAAACTCTGGCTCGCCAAAGTAGGTTATGAAAGAATTGAAGAAACCGAAGACCCTGAATTAGCAATGGAAAGAGTTATGCAGACCTACCTCAAAAAAGGTTATTCCAAAAATTGGATAAATCAAAGGCTCAAAAGTATTGAAATCAGGAAAGAACTCACTGATGAATGGAAAGAAAGAGGAATGAAAGAAGGTTTAGAATATGCAATTTTGACAGATGAAATTACCAAAGCTTGGGCTGGAAAATCAGTAAAGCAATACAAACACTTTAAAGGTTTGAAAAAGCAAAATTTGAGAGACAATATGAGCAATCTTGAACTTGTTTTAAATATGCTTGCCGAGGCTTCAACGACCGAGATTTCTAAAAAGCAAAAGCCAAAAGGAATGCAGCAAAATAAGGTTGTTGCTCAAAAGGGGTGAAGAGTAGCCAAGCAAGCAAGAAAAGAACTTGAAGAACAAACGGGTGAAAGTATTGTTTCTTCCCAAAATGCAAAGCATTTGCAGAATAAGGAGAAGAAGGAATTGAAATAATTTTAGCGGAATTTTCGCAAAATCAGATATACTAAAACACTATCACATAATTCTCTTTCTCAAAATGGCACAAATATACGAAACAGAAAATTTTATTGTTGAATCTCATGAACATCCATTTGTCAGCCGTACCGACGGAGGACACATTCGTATTTGTATCAAAGATTCGTCGATTCCCGATCGTACTCAGCTCACTCCAAAGGCAGCGATTGAACTTATGAGATTGACGATGATTGTAGGGGAGGCTATGGAAAAGGGCTTAAATCAGCGTGGAATTAAGGTAGTGAAAATCAACTATCAAGACATGGGAAATTGGGCATTTAAAACTGGAGATACGCCATTTTTACATGTACATGTATTTGGTCGTACGTTTGACGCAAAATACCAAATCTTTCCAGAATCTGTCTATCTCCCTGCTCGTGAATCAGGGTTCTATGATACATTTGAACCTTTAAATGCTGAAGATATTATAGAAATTCAAAAGCAAATCGAGATAGTTTCCGCTCAAAAAAAGTACCAATTACAGCAATGGGAAAAATAATATACAGGGGAAGGAGCGGTAATACAGATATTGGCGTATAAGTAGGGTAACCGAGCATTTTTCCCGTGGGAGAAAAAACAAAATTTACTAAGAATTTTAACTCTTAACTGGGAAGGTCCCATAAAAAATATATGACAACATATATAGCACTTCTCAGAGGGATAAATGTTTGATGAAATAAAAAGGTGGAAATGAAAAGATTGAAAAATCTTTTTGAATCTTTGGAGTATACGGGTGTTTCTACGTATTTAAATACTGGAAATATTTTTTTTGATTCAGATACAAGTCAAGAAGTACTACAAGAAGAAATCTCAAAACACTTCGCAAATGAATTTTGATTTCATATCCCACTTCTTGTGAAAAATAAATCTGAAGTATCTCGTATCGCCAATGCGATACCTAAGAATTGGAAAAATGACTCCGAACAAAAAACAGATATAGCCTACTTATTTCCAGAGATTGATTTTGAGACGATTATAGATGAACTCCCAATAAAAAAGGAGTTTATCAACATCATATATGTTCCTGGGGCTATAATCTGGAATGTAAAAAGGGAAGACTATAATAAGAGCGCTATAAATAAGATCGTTGCGTCGAAATTGTATCATTTTATGACCGTGAGAAACGTAAATACTGCGAGATATCTCGCAGTATTTACGTAAATTTGCCTTTTTCTCTCGAATTATGCTATCATATATGAGGTATCATAATATATCAGTATGATTACAAGAAAACAGTTACAGGAAAAAATACAACAGACCTATGTAATCTCTTCAGAAAAGAAAGAGTATTATTTGAGACGATCTGAAAACTATACTCCTGAAGCTATTCAAAAAATTTATGAGATTATTGTTAGCTCTGAGAAAGAAGCAATAACTCAGTTTGAAGCCCATGAGTCTCAGAAATACATAGGAAATATGAACCAAGTTCATGATACCATTACAAAAATGGAAGAATTTGATAAAACAGAAGAGGGAAGTATTGATGAGCAGTTAGAATCAACCTTACAAAATTTATAATATCAGATAAATACATCGTATGACACCTAATGAATGACCTCAAATACCCATTCCTGAACAAGTAGACAGTTGACCTAAACTTTCTGAAAAGCAAGTTAGTAATTTTAAGGAGTTTTGTGAGTCTCAGTGAATTTGTCAGGCTACGGAAGGAAAAATTGACTCGTATGAAGCAGCTATGCGTTGAGTTGATGGGACCCAAGATAAAAAAGGAATATTTTCCATTGCAGATATTGATAGTATGGCTCCTGTTGTTGGAGCACTAGCTCAAGGTTGAGAAAGAAGAGAACAGGTATTATTTCACTCTCCAAACCTTGCAAGTATTTCTCACTCAGATCTTCAAATATTAGATGTATTATTACAACAAGCTCGAATTGCTAAGGAAAGAGATAGACAGATTATTTGACAGGTAATTGCTGGGGTAGTAGCCGTACAGGCCCTTCCTTTCGCTGTCAAAGCCATGCTTCCAACTGATGATGGACCATCAGATATGTTATGAACAGCTGCTGTAGGTATATGGACTGCTGCAAATGTTTATAGATCTATCGATGAAGCAAATATGAGACAAGGAAATGCTAAAAGTCGTATTTAGTTATACAATAATCTCTGCTTCTCCTTCGGTAACCAAAATCGTATGCTCGTACTGACATCCGAGGCTCCCATCCTTGATATAGATTTCCCAATCTCCTTCATCCACGATTTCACCACTCGTTTCTCAGAGAATTGGTTCGATAGCGAGCGTCATCCCAACCTCGAGTTTTGGTCCAGTTCCTGGTTTTCCATAGT
CP060226.1_gap36	1345994	1350690	4696	TTTGAGCTGTAGGCAAATTTTTTGAGGTGTTCATTTGACCCGAGAACAACAGATTCTATCGTTTTTGTCGCTCCACCACCAAGGAGAGTATGATTGTACATTATAAACTCTACAGTGATACAGAAAAAACCATTGCAAGGCCAACGGCTGTTGTCATTGATAGCGGTAAAACCACCGCTGAGATCCTGAAGACGGAGACGATTATTTATGAGGCTTCCACTCAGATGAGAGAGACTTCCTCCGAGATTACCAAGTGATCAGAGAGATGAGGAAGGAGAATTACTCGCGGCGTCAGCGAGGAGAGCATCACGTACTTCAGGATTTAGTCCACTTTGATCATTATCCGTACTACAGACATATTGATTTCCTCAGATACCTTCAAGAGGAAGAGGAGTAGATGAAGATCAAGCCGTGGTATTTGCCCCTTGTGTACTTGCAGTATTACGAGCATTGATGAGGCTGGAGAGATCTGGAGTTTTTGGACGGAGAGTATTGTTTCCTCCGGTGTTTCAGAAAAAATCATTGTCCATGGGAGTTTCACCAAAATAATCGAGTTCTTCCGTAAAAATAACGGCATCGATATCCTGGAGATCTTTGATGAGATCAAACGAAGAATTGTCGGTGTTTCCATCGGCATAGAGACCGATACGAGAAATCTTGTACATCTCGTCGCTTTTTTGTTCGGCTTTTTGCTTGGTGAGATTGTGAATAGAAACAAGTGTTCCCATGATGTCGGTTACGGTAGTGATAGATACATCTCCGTTAGTTTCTTTGCAGGCATCGATGATTAAGTTTGTGAGAGTTTCGGTGTCTTGTCCTATGACGATAGTTTCAAGCTCAGTAATTCATAGATTTGGAGATATACATGGCTCGTGACCATTTACTCCCAAGATATAATTGACGGTTGTTGCTACCGTTGAACCTTCGATAATTCCATTTTTGAGCTCGTACTCATAGTTTTTTCTATCGAGTTCGATAATCCCTTCATCGATGGATTCGTAGAGATCGAGACCGAGATCTTCTCCGACAAAGGCCATTGCTTCATACTGTCCTCCACTCAAGACGAGGAAGACGATACAAAAAAACAGTGATTTTATGCGTGATTGAGACATAAAAGAGCCAAAAATTTTTTGAAAAAATAGAGAAGAAATCATGAGGATTTCTCGTCTACATAGTATCCTAAACTTTGTCCTAAGGCAAGCCTAAAATACAAATATATTTGACGCTTATTTATTTTATCGTAAGAGCATTTTTTTCAACCGCTAACTCAATCGCTCCTTTGATAGATCCAGCGATGATTTTTTCAGCAATCTTATCTTCTATTTGATCAGTAAGATAGCGACGAACTTCTCTGGCTCCATAGAGAGGGTTGTAGACCTGTTTCGTGATATAGGTGAGTACAGAGCTTGAAGAATTGAGTTCTATCCCTTTTGATCTGAGTCTTGTACTGAGTTCTTCCAACTGAAGTTGTACGATTTTACGAATTTTTGTTTTATCCAAAGGATTAAACACGACGATTTTATCGATACGGTTGATAAATTCAGGAGAGAAGTAGTCACTGAGGTGTTCGATGATGTGACCTTTTGTTTTTTCAAAGTCCTCCATCGCTGAGGCTTCTTTTTTTTCTGAGACATCAAAACCAATTTGGTTGGCCTTTTGTGTAAACTCCTCTTGTCCGATATTACTCGTCATGATGATGATAGTATTACGGAAGTTAATCTTTCTTCCCTTGTTATCCGTCACTTCACCATCTTCAAGTATCTGGAGGAGGATATTATACACTTCGAAATCTCCTTTTTCTATCTCATCGAAGAGGATGATACTATAGGGTTTTTTTCTGACTTTTTCAGTAAGGAGTCCTCCTTCATCGTATCCGACGTATCCCGCACTTGCTCCGATAAGTTTGTTGGCACTAGTTTTATCTGAGTACTCGCTCATATCGATTTTAATAAGAGCATCCTTGTCATCGTAAAATTGTTCTGCGAGGACTTTTACGAGTTCTGTTTTTCCGACTCCTGTTGGTCCGAGAAACAAGAAACTTCCGAGAGGACGACGTTCGTTTCCGATACCAGCTTTGCTTCTCATAATTGATTTCACAATTCCCTCGATCGCTTCGTCTTGACCGATGATGTGGGTTTTTAGAGCTTTGGGAAGTTTTTTCAGACGTTCGAGTTCGTTTCTGCTGAGGTTTTTTACGGGAATCCCTGTGGAGATACTGAGAACGTGTTGGATGTCCTCTGCCTGTACATTGAGACGCTTTGCTTTAGGGATGCTAAATTTCTTTTTGATATCGCTGATTTGTGCTTCTATTTTTGCTTGTTCTTCTTTAAATTTTGACGCCTTTTTATACTGTTGGGAGATTACGGCAGATTCGATATTTTTTTGAATACTGGCAATCTTCTCACGGAGTTTTTTGATTTCTTTTTCGTTGAAATCATAGCTCATACTTTTGAGACTACAGGCTTCATCGATGAGGTCAATTGCTTTATCTGGGAGGTATCTATCCGTGATATAGCGGATACTTAGATTTACGGCTTCATCTACGGCTTCTTCAGAGATGTTGAGGTTATGATATTCTTCAAACATCGATTTGAGACCATGGATAATCTCACTGGCTATTTCTTTGTTTGGTTCACGAGCTTCTATCTTTTGGAATCTTCTTTCGAGAGCACTGTCTTTTTCGATATATTTTTGATACTCGTTTTGTGTAGTAGCTCCGATAACTCTGATCTTTCCACGCCCCATTGCTGGTTTCAGGATATTGGAAGCATCGAGAGTTCCTTCTCCACTTCCAGCACCGATAATCGTATGAATCTCATCGATAAAGAGGATGATTTCGTTTTCCACTTTTGAAGCCTCTTCAATCACTTGCTTGATACGAGACTCAAACTCACCTCTATACTTTGTTCCGGCAACCAGACTCGACATATCGAGCGAGAGGATACGTTTTTCCCTCATGGTAAATGGCACAGTTCCTGCGACGATACGCTGAGCAAGTCCTTCGACGATGGCGGTTTTTCCGACACCTGGTTCTCCGACAAGAGCAGGATTGTTTTTGGTTTTTCTGTTGAGGATAGCGATAAGGCGCTCGATTTCTGTTTCACGTCCGATTACTTTTTCGAGTTTTCCTTCACGAGCTTCCTGTGTTAAATCTGTAGAAAAGAAGTCGAGAGCAGGAGTAGTAGATTCTTGTTTTTTTCCTTTTTCTGGTTCTTTATTGTTATCAAATGGAGTTTCTGCCATATTTCCAAATCCACCGACGAGACTCCCGGTGATAGCTCCAAGAAGTTCATCGAGCCCATCATTTTCTCCGATAATTCCTTCATCTTGCAGGAGTTTCTTTTGTCCATTATCTCCATCGACTACTCACATCTTCACGAGTTCTACGAGATTGGTTTCTACGTCGCTTGGATTGATTCCGACGAAATCGAGGATATTTGGAAGCCAAGTATCGTTTCTGATACATGAGATAAGGAGGTCTTCGAGTGTAGCTCTTGGTTTTGAAAAGCCTGCAGCGATTTTGACACTGGCGAGGATCACGTCTTTGAGTTTTTTATTCATCCCTCCATAGACTCCCTTACGTTTTTGAATCACGGTATTAAAGTGCCCCTTGTCGATGATATCGATGACGAGCTTTTCATTGACTCCGTACAGAGAAAAGAGTTCCTTTATCGCTCCGTCGGCATGGCGGAGGATTTCTAAAAATACATCTTCGATTGTGAGGTCCTTGAGTCCCATATTTTTAGCTCTGTTTTCTGCATTTACGAGAGCTTTTTTGTAACCATCGGAAAAGTTATTAAACATCGGTATTTTTGTTTTTAAAAAGTAAGTTGCCTGTCAGTGTAGAAAGTTTGTAGGGCTTGTAAAGAGTGACTCAAAAAAATATGTTAAAAAATATTTGAGTTTCCTCTTCGAGAGAATATACTGAGTATATCATAAAAGTTCAGGTTCGCCTTGTACTTTCAATTTACTTTTCTAACTTCTACACTATGAATAAACTTTTTACGCTCGTAGCTGGATATGTAGCTGGAAGTCTTGTAACTTCTCTCTTTACAAAAAAGAAGGGGAGTGATGTGCAGCGTGATATTGAAAATGCAAAAAAAGAATGAAGAGAACCACTCAGTGTATTGCTTGCTAATTTTTTAAGGATTCATAAAGAAGTAGCAGAAGAAGTAAAAAAACAGACACTTACCGAAGAAAATAAAAAGAAAATTCAAAAGAAAAAGAATGATCTGGAGAAACTCGTGAAGGCCTACAAAAAAGAGGGGGAAGCAATGATTACTGCTCTCAAATGAAAAGGGAAGACGTATAGTACCGAACTTAAGCAGAAACTTGAGGATCTCTATGAGGAACACAGAGAAAAAATCGGAGCCATCAAAGATGAAGCTCCAGAGAAAATCGCTCAGATCAAAGATGTACTTCTTGCTTCATATGAAGAGCTAAAGGGAAAGATGAGGAAATAACTTTTGACAGTTCGTGATTTTTTCCTATACTCTCGGTTGACAAGTGTCGCAAAAAACTGTATGTGGCACTTTTTTATTTGGTTACTTTTTTTGTATGCAATTTTTAAAGGATGCCCTGAGAGAACTCAAGCATGTAGTATGGCCGACGAGAGCCGAAGCAAAGAGATACTTTGGGGTTGTGTTGGTAGTGCTTATTTTGTTTGGATTGTATCTATTTATCGTAAATAACGTAT
CP060226.1_gap37	1354870	1355370	500	GCTGGCGAGGTTTGAGACCTTCCCCGTAGCCTTTTCAAGAAATATTTCTTTTTTTTCATTTACTGCAGCGATACCAGCACTATCGTATCCACGATATTCGAGGGTTCTGAGTCCTTCTACGAGGAGGGGAATAGCATTTTTCTTTCCGTTATAGGCAAATATTCAACACATAGTGTATAGGGTAAAAGGTAAGTGTGCGTCATTGCGATCCCGAGACTTCGGGAGAAGCAATCTTAGATTACTTCGTTAACACTCGTAATGACCGGAGGTTTCATCCTCTTATGAATGTGATGAAAATATATATTTTAACCTTTCAAAAGTCAAAGTTTTTAACGCGGGGCTGTTATCTAAATCATCCTGACTGAAACTACGAGTATCCGCTATATAGACGATAATACTGTCGGTTGCAAATGCGTGAAAGATATCTCGTATACTAGGGGCTTGTCCATATTCACGAGAAAATGTATAGAGAGGGATATGATGCACTCAAAGTTGTGCTC
