gap_id	start	end	length	sequence
CP064977.1_gap1	7564	9455	1891	TTCCTACACGTTCGCTCGTGGCAATTCCGGAAGGAGTTTCTTTTGCTGAGGCATCAGCACTACTGAAATCGGCACACATTATTTCGTCGACGACACTTTTGCGTTTGAGCGCGGGAATTATTGGAGGTGCAGAGAACATTCGTGCAGGTGAGTATCTGTTTGAAAAACCGATTGGCGTTCTTACTGTTGCATATCGTCTCATACATGGAGAATATCATCTTGAACAAGTTAAGGTGGTGCTTCCTGAAGGTAGTACAAATGCCATGATGGCAGATAGTATTTCAAAAAAACTTCCCTCATTTGATACAGACACTTTTCTGTCTCAAGCACACGACAGGGAAGGATACCTATTTCCTGACACGTATTTCTTTTTTGTGAACGCCCGACCAGATGATGTTATTGCAACACTCTCAAAAAAATCAGACAGTGTTCTTGCAGAATACGCTGACGCGATCGCTTCATCCACTCGAAGTAGGGAAGAAATTGTAACGATGGCGTCTATCATTGAGGAGGAGGCTCGTGGGGCAGAAGACCAGCGTGTTGTATCAGGTATTTTGTGGAAGCGCTTTGATGTTGATATGGCATTGCAGGTTGATGCGACATTTGCGTACACTCTTGGAAAAACATCAAGTGAATTAACTCACGACGATCTTCAAACTGATTCTCCGTATAACACCTATACACGAACGGGGCTTCCACCGACACCTATTAGTAATCCAGGTAGAGGTGCACTTGAGGCGGCACTTTTTCCAACAAAAACACCATACTGGTACTACCTCACGGGTACCGATGGCGTAACACATTTTGCTAAAACATTTGAGGAACATAAGAAAAATAAAGAACTATATTTACAGTAGTATTGTGTCCATGCTATAACACGACGGCCGGAGAGCGTATAGATGAACGTCGGTACGCTTCGGGGTCCAGTGCATCCCAGAAAGGAGATGTGTATGGGAAAAACGACCAAATTGAATATTGCCCTTGATGTTGAGCGTACTTCGTTTGGTGATGTGGGGTGGTTTGACGAAGAGTCGTACGTTGAGATTGTCCGTGTGCTTCATAGGTTTTACACGGAGATACGAAGTTTCGCACCACTTGAAGGGATCGATGTGACGTTTGAACCACCGTCGTCGCGGGATTGCTTCCACGGGTACGTTGCGGTAATTGTACGGGTGCAGGTGAATACTGTTCTTGGAACGTCGCGTGTATTCACCGATATGAGGTATCGTGGAATACTCGTGGCTGATAAGGAGAGAAGCGCCAAGTATCCAAAACCCGATTCACAGACCACGGAGGAGTTTTTCAAAAAGCTCGTCGAGAGCTTCAAGAGGTGTCTCCGAGAGGATTTTGAGTCGAATGCGCGGGCTCTTCGTTTCAGTATCGAGATGATTGAGGAGAGAATGGATCAGCTTTCGAGGGTGTAGTTGTAGCCACCAGATGTTCTTTTGCCCACTCCTCGGAGTGGCTTTTTTTTGGTATACTGTCTCTATCTATGATAATTACATACAATACACTCGAGTCGTTTAAGGTGCAGTTTGGAGATACTGTTCTCGCATTTAATCCTGTGTCGAAAAAGTCAAAGCATACCGCAACGTCATTTGGTGCGGATATTGTTCTTGTGTCAGTGAATCATCCAGACATGAACGGTACCGAGACGGTTGCGCGCGGAGAAGCAAATCCTCTTGTTATTACTGGCCCCGGAGAATATGAGCTCGATGGTATTGTCGTACGTGGATACTCATCACAGAGTATGTATGACGGAAAAAAACGACTCAATACAGTGTACCTCGTGACGCTCGAAGACATGAAGATGTGTTTTTGTGGGGCGTTGTCTGAAACACAACTTCCAACGGAGCTCTATGAGGTGTTGGATGATGTCGATATTCTCTTT
CP064977.1_gap2	123564	128393	4829	CCGGGGACGGCGTCGACAAGAGGACGTTCAGCTCCATGAGCTTCACGTCCCGTCCGGTAATCTGCTTCGCCTGGGCGAGATATCGGTCGATTCCCTGCCTCGCCTGTGATTCGGTGATGATGCCGGCGCTGGCGTTCTCATCGAGGACGCGTACCCCGTACGCGAGCTCTCTGAGCTCGGCCGGCGGCTCGTCGCCCCAGATTGGAGTGACGAATGCAACAAGGGCGAGAATGATGGAAAGCAAAAGTCTGTCTCTCATGATGGTCTTCCTTTCTTCTGTTGTTTTTTTGAAGAACGACGAATCCAGCCACAATAGCTGGATTTCTGTGAATATTTTTACACCATTTTATACATTATGTCAACTATCTTCTTTTTAAAAGTGCTGGTATACCAAGGCATCTATTGTGTCTATCAAAACGCACATATAAAAAAGCTAAAAAGTGAATTTGATGTGCAAATCAGCTATAAAATAATCTCACGCATTTTTTGCATCGAGATATGAACGCGCCTGACTCTCCCACATCTGTGCATAGTAGCCGTTTGCAGCTACAAGCTTTGCGTGCGGGCCAATCTCAACAAGCTCACCCTGACGGAAGACGGCGATGCGGTCTGCCCCACGTACGGTATTGAATCGATGCGAAACGAGAAAGAGCGTACTACCTTCGACAGCTGTTTCAATCTGACTGAAGAATTTTTCTTCCGCGATGGCGTCCACTGACGCAGTTGGTTCGTCGAGAATGATGACGAGACCGTTGCGGTAGAGGGTACGTGCGATTGCGAGGCGTTGTTGTTGTCCGTGTGACAACTCAACACCGTGTTCATACTCGACTCCAATTTGGGCGTCATACTTTTCTGGGAATTCTTCGATGAATGAGTGTGCTCCAGCGAGTTCTGATACAATCCGAGCTCGTTCGGGTGAAATTTTTGCATCAGAACGCCCCATTGCAATCGCTTCAGTCACAGAAAAATTGTGAATGAAGTACTCTTGGAGAAGAATTGAAAGGTATGAACCCCACTCGTGAAGACCGATCTTTGTGAGTGGCACGTCATTGATGAGAATTACTCCTTCCGTCGGGTCGTAGATACGAGCCAACAACTTCAGGAGTGTTGTCTTCCCTGCACCATTTTCACCAACGAGCGCCATACGTTCGCCTGGTTCAATGGTGAGGTTAACGTGTCTGAGCACCCACACGTCACTGTCCTGGTATCGGAACGATACGTCTCGAAATTCAATACGAGGAGGAGTCGTGAGTGAAAGGTGTGTTGGATGTGGAGCCTCAATAATCACGGGTTTTGTATCAAGTACGGTGAAGATGTCGTGTGCGTAGAGTGTTTGTTCGTACTGTTGTGCGATATTGCCAAAGAGGCTTGTAATCATACCGGCAAACTGTCCGAGAACACTCGTCATGAAGACAATGTCACCAATACCTGCGTTTCCTCCAGCAACCATTTTGACAACGAGAAAGAATGCGTAGCCGATACCACAGGCACCAACGAGTGCCGCAAGGACACTTGTCCACAGACGTGTTCGGTCAACTCCAATTTGTTCGCGTTTGAACGCCTCAATAATTGATTTTGCGCGCTCGATGAGATGCTCGGCACCTTGAAGGAGCTTTGTTTGAATGACAGGCTTTCTTCCTTGAAGATGATTGCGAATACTCCCGTATAACTTCTGTCGTGGACTATTCTCAGACCAAATGAACCACTGCTTGTTACCATAGCGCATCTGAACATATAGTGTTGGCATGAGACCAACAAGCACGACGACGAAGATGATCGGGTAGCGAACAGCGAGTCCGGCTGAAACAAGAATACCGATGAGCAGTGATACGTTGCCGAATTGTTGGTCAGCAACATTGACGATCGGATAGTTTCCTCGGTCGAATGCTCGCGTTATCAGATTTTGAAACTCAGCATTCTCGTAGTGGGCGATGTCAATCTCGGCACGCTTACGCATGATTTTGAGATCGATACCTTGCTGTGCCTCCACGAACCATCTCTTGTCGAAGTAGGTCAGGAATGCACCTGCAAGACGTGACAACGCCCATGAGCTCGCGTACAACATGACCAAGAACACAGGAATGACAAGTCCACGGGAAATTGAACCCGCAACTGCATCAATGATAGAACCTGTGATTTTTGCCTGTGCCAGTGGCAATACGTTGGTGATGGTTGTCAGTACAAGAATGAGTACTGCGTACCCGGGCTTGAAGCCCCACGCAAACTTACAGGAACGGATGACCGTTCCCATGAGATTTCGTGCTGTCTGCATGATTTTGTTCTCCTCCTTGGTTTGTGTCATATATACATTCTCGGACAGAAGATACTATCATACTGACTGTTGGAGTTTGTGATAGTTTGTGTACGAAATTGCGAGGACACCTAGCGCAATGAGTGGAAAAAGTACTGGCGCACCAAATCCATCAACGGCAATAATACTGAGTCCTGCGAATATAAAATCAAAACCAAACCCTGCGTATGCCCACTCTTTTACACGAGCTGGTACTTTTGGAATCATGAGTGCGAGAGAACCGAGAACTTTGAAGACGGTCAAAAGTGTTATGAAATAAATCGGATAGCCGAGGTGTGTGATGCCGTCAATCGACATTTGCGATTGAGATGTTAATGCTGGCATAACTCCTTCAAAAAGGAAGATTATTGTCGTTGAAATCCAAAATGCTACTTTTGCTTTTTTCATTAGTTATATATGTTATTCGCTTACAATAATCTTAAAACCTCCGTACGCCATCTTTTTCATATCAAATGGCATGTCGTTCTTCTTTTCTGGGTGTTTCTTCTGGTATTCTTCCATGCCCTTCATCACCTCTTTATTAATTCTGTTGCGGTCCGCCTTAGACTTGAAGACAATCCAAGAAAAAAACCACCTACACCTTCCCGGTCTCATCACGAACATCAATAAAAATAAGCTTTCCATGGTCGCGTCGTACGGAAACCCAACCTGCAATCGTAATACTACTGTCAATATGTTTTTCGAGGTCTTGTATGTAAATACGGTTTTTCATATGTGTTCAAGTATATAGGTTTTGTGCCCATTTCCAAAGAGGATAAAGTAACCTAAAAAATGTAAAACCGCCGGACCTTTCTCAAGGCCGGCGGTCGAAACCATAACGGTTTCGCAGTACTGTGGTTAGCTGTGGCGACTAAAAACTGCAATCTGCAAGTAAACCGAAATCTACGACCTTGCGTCTCGAACGAGCTGCGACACGATGGCGTCTGGAACATCCCCGAACGAATCGTAGAACATTCCCGTCGCGGGTGCTGATGAGAGGGTCGATTGGCGCCAGAAGATGATCTCGTCGACCATGATATCCGAGGACTTGAGATCCCGCGGAATCACTGGAACAGCGAGAACAATCTCCTTCACACCGAAACGACGTCGCAGCATGAGTGAAGCGGCCAGAGCCGTCCTGCCGCTGACGATCCCATCGTCACAGAGCAGAACCTTCTCCCCGACCTCAAACGACTCGCCGTTGTAGAGATGCTGACGCTGATGTGCTTTCTCCAGGAGCTGGTTTGCCCCGGGTATCTTGAGTGTCGAGACGTTTTGAATGTACATCAGCCGCAAGGGCTGCAGGTTCTCCATCTCAACCAACACACCCTCACCGAACGGAGTCACGATCAATTGGAAGGATTTTCCGTCTCCCATATCGTCGACGACGAGTGCGTTGAGAGAGATACCTGCGTCGGTAGCGATGCGCGCCGCGATAGGTACTCCTCCTCGTGCCAGACCAACGGCGACGAAACTCGAAACGTTCGGAAGGTCCTGCAGGACTTCAGCGCTCAGCTTTGCTGCGGCGTCCGTCCGATCTACAAAAAACATCTCTCTCCCCCCTTTTTTCTAAAAGGAAAGGAGGGGCTCGTCACCGAGCCCCTCCGGAGTTGTCCTCTGCCGACCGGTGTCGCTAGCAGGAGGAGATGTGGTCGCTGGCCGCGGTCTTCTTGATGCGATCGAGGTCCAGGCCGATGTAGGTGGCGAGCCGCTGGGCGCCGTCGGCGATCACGTGGTTGGCGATCGAGACGGCGAGCAGCTGCACGCCGGGACGGGCGTGGACGGGGATCGGTTGGCCTGCCAACTGCGCCCGAACGATCAGAGCCGAGTGACCGAGGGCCTGCTCGGCGGCCGCGTGCTTGTCGAGCCCGTTGGCCTGGAAGTCCCACTCCATCCCGCACTTGTGGATCGGATAGCGCGGATCGATGTTCTTGGTAGCCGGGACTTCCGGCTTGTGCCCCGCGTTGGACTTCGTCATGGTGAGTCTCTCCCTGTGACAAGGACCGTCGAGATTGACGTCCGTTTGGAATGCTAGCATGTCTAATATATTCTGTCAAGTACTCCGGAACGATGTAACAAAGAGCAAAAATTTAGCATTGTTAGTCCCGATTTCAATAGACTAAATAGAAACGGCGCCGCGATGACTTCGTCTTGGCTGAGTCGGTTGACTTGGTCAGGCCCAGCGGAGACGTTTTCTTCAGAGAAGGTGGAACCATAAAAAATAAAATTATTCCTGCAACGTACCTAAAAAGCCACAAAAGAAAACCCCAACCCAACGCATCTTTATAAAGATGTGTATACATAGAGTGTGTACCTTATATTAATATGCTGCGTGCATTGATGAATAAACTTCTGCTGTTTTTTCAGTATCTTGTTTACTTTCTAAAAATACATGTGCGTCTGGGCTGTATCTTGCTGCGAGGTCAAGTACGAGTTGATATTTTGTATTCAACGTCTCTCCGTAGTGTGATGGTGCATACAAATGAATAACTCGAATCCGTGTTCCAAATATTTTAAACCAGGAAGTAAGTTCAGCTTC
CP064977.1_gap3	232629	233919	1290	ACACACAACGAGCCTCAAGCGTGAGAATTCCGACAACAATTTTTTTAAAAAATGATTTCATCCCGTTACTATTAGTGATTTAGCGTTGTTGTCTATCAGGTGGAACCTCATAATAGTTAATAAGAAAATCAACAGTATCCATGAACGGCAACGTAAACGTCTGTGAGGCAAAGCTAGTCCCATGTGGTTCCTCAGCAAAGAAAAACACGAGAAACCTCGGCTGGTACGCAGGAAAGTATCCAAAGAACGAGTGAAGGTACCGGTCATCATAGTAACCACTTGCACCCTTTTTAGCAATTTGTGCCGTTCCTGTCTTTGCCGCTATTGCGTAGGTATCTTTTTTAACTGTTCCGTTCAACAAATATTCATCAACCACTTGCACTAACATTCGCGTGATTGTTTCACTTGTTTCTGGACGTATCACTTGTTTCCCCTCGGGGTATGCAATCGATTTTGAAAAACCAAGGTCGTAGGTAATTTCTTGAGCGACATGTGGAAAAATAAGTTTGCCTCCATTCGCGAGAGTGGAAAGTGCGCGCACCATTGCAATTGGCGTCACTGCAATTCCCTGTCCAAATGCCGCAGTAATGTGTTCCAAGTCACGAGATGTTTCAAGTGATCGCAAGTTTCCGGCAACTTCTCCCGGAAGATCAATACCTGTCTCTTTTTCCAAACCAAATTCCTTCATGTATTCAGTAAAACGTTCATTCCCTAAACGTGAAACGACAAACGCCATTCCTGTGTTGAGTGAATTTCCCAACACCTTTACCATATTCGTATTTGGTCCTCGTCCTTTGAGGTCATAGTTCCATACCGTCGCACCATTTGCCTTCACAAACCCATTATCGGTGTACGTCGTATTTGGTGTCACAACTCCAGCATCCAAACCTGCGGCCATAGTAAGCGGTTTCATAATAGAACCCATCTCAAATGTTCCTTCAACCATTGGATTACCAAACACCATCGGATCTTGTATGCCAGAAAAATCATTTGGATTAAATGTCGGCAATGTTGCCATTGCATAAATCGCTCCCGTCATCGGGTCAATAATGATACCTCCTACTGTTTTGGGAGTAAGCTCTTTGTTTACTTTTGCAAGAACATCTTCAAGAAATCCTTGCACCGTTGGTTCAATCGTAGTCACTACATCGCCCTCACCTTCATCACTTTGTGTACGAGCAACTTCTTTTACTGTTGAAAAGATTTCGACAAAGATATTTTTGTATAATTTTTTATCATTCCTCTGTAACACGCGCTCATAAAAACGTTCAAGGCCATACTGTCCACCAA
CP064977.1_gap4	236512	238536	2024	GCCAATGAAACCCGTCGAAACGAGCATCAAAGGAATGTCCTTGCGGACGAACCCGTACACCAACCAAGCAACGACTGCGGCCAGGTAGATCATTTGCAGTTCAACTGCAACCGCCCCTCGAGATCGGTTCTTCCTTATTGTCCACGCCTGGACAAACGATGCCAAGATCCCAAGAGTCGAGAAGACCACGAAGAGTGTCGGCGCGAGAATTCCCGACACCATGGTCGCAAGCCCCAACAGGTAGATACACCCAAGAGCGATGTGCTCCCTCTCGACCCTTCCATACTTGACGAACCCAATCGACACAGGAAGCGAGAAGGCCACACGAAGCCACCCTTGGAACATCATCGGCACACTGCTCTGCTTCGTTCCGTAAATCAAAAATGCAGTGAACATTGCGAGGAATGTGATAACCCACGTCCCCGAGACTGACTTTGCCGACTTACCGCCCCAGATGAGGCGGTTTTGCTTCCAGAGCCCCCAAGATCCGAGGATCCCAAAGACTACCGCAAGCAACCCAGCAATCTCACCTAGAGTCATTACCCTAGTTCCATTTCTGGTCGCTTTAGACGACCTGTTTTACTGAAGAGTTATTCCCCTTCAGATTCTGGTATAAGTATAGCAGATATTAAGTATTTGTCAATACCTCTACTGTTCGTTACGCGGACGCATGAGTGGAAAAATTTGGCCTTCGCGAACATTCAAATTCATAAGAAAACTAAAGAGTCGTTCAGAGACTCCAAAACCAAATGTTGGTGGCATGCCGTACTCCATTGCTTCAACATATTCCATGTCTGCCATCTGTGCTTCTTCATCACCTTTATCACGCAATGACTGTTGATGAAGAAATCGTTCTCGTTGATCCACAGGGTCATTGAGTTCACTAAATCCCTTCCCCATTTCAGAACCAGCAAGAATAACTTGGAATCGCTCAACTGTTGCATTGTCATTTCGTGAGCGTTTCGCAAGAGGTTCAAGGTATACAGGAACACCAATAAGAAATGCCGGTCCACTTATTGTTTTACGAATATTTTTCCAAAGTCCATCAACGGCGCGCTCTTTGGATTCAGGAACAGGCATGTGTGGGTTTGTTTTTTTGTAGAGCGCGATAGCATCTGCTTCAGAAACAGTTCGTGGATCAATACCATATTCTTTTTGGATAACGTCGCAGAAGTGAATGCGCGGCCACTCACTATTCAAATCAATGTTAAATTCTCCAATCGTAAACTGCGTGGTACCAAATGTTTTTTCTGCTACTGTTCGATACAGTTCCTGTACCATACGCATCCCTGTTTCGTAATCAGCGTATGCTTCGTAACTTTCAAGTTGTGTATAGTCTTGCAAGTGCTCCGCAGACATTCCCTCATTGCGAAAAATACGTCCAATCTCAAATGTTTTCGGAATACCAGCAACCATCAACTTTTTTTGCCACAACTCTCCACATGAGATACGTAGAAATACATCGATATCCAACGCGTTGTGATGTGTCACAAAAGGACGAGCTTCTGCCCCTCCGGTGACTGTCTCAAGAACAGGTGTCTCTACCTCTGTGTATCCGTGCTCGAGGTAAAATGAACGCATTGCATTCCAAAAAATCGAGCGTTTTTCAACAACCTGCCGTGCAGTTTCATTTGTCAGAATATCTAAATACCGACGACGGAGTCGCTCTTCTGAATCAGTAATACCAACCCACTTCTCAGGAAGTGATCGGAGTGATTTTGAAAGCATTGCCCACGAGGACACGAGCACGCTTGGCTCGCCTCGTTTTGTTTTTGTTGGAACACCAGAGAGATCAACAAAGTCACCAACATCAACGGTATCTACAAAAAGTGTAAACGCATCACCAAGTCCTTCGTGTTTAAAATATCCCTGGATCTTTCCTGTGCCGTCAAAAATATCTGCGAACATCATTTCTCCATGTTCACGAACTGCCATCACACGCCCCGCAACAGTAACTGAAACTCCATCTGCTTTTGCATCAAAATCATTTAGAACATCACCAATAGTTGTGGTGCGTCCTGAGA
CP064977.1_gap5	267853	271608	3755	CCATCCTCACCACACACATGCTCAAAACACTTCGTCGTGCAGATGCTGTTGAAATAGCTGCTGGGAAAATAGTTGAGTGGAAAAAACCAAGAAAAAAATAGGCACCTCTTATACGTACCGTTTTTCGCGAGTAATGACAATTGCTGAGGTAAGTGATGCAATGAAGAAAAGCATTCCATAAAAACAAGGTGTTGCGAGTGGATGTGCCCCTGGGGTACAACTTACAGACGGTGTCCCTGCAGGAATGAGTGCGTAATACTCAGCGACCTCAAGTGAGAACACTGATGCTGCAAAAAGCACGCAAAAAATAAGGAAGTTTTTTAAATATTTTTGGTGCGTACCATTGAGTGTCTGTAGTACACGTAGCGACCATACAAAAGCGACGAAAAATGCAACCGCCCCATACAAACAAGCCGTACCAAGAGGATTTGGAATAGTGCAATCACGAAAACGAAACACCGTTCCATACACATCATAAAAATCAATGAACTGCGTCACGACGTTCGACCACGCAAACACGGTCCCACCCAACAATGCAAATGATTGTGCCCACAACCACACCTTGTTTTCTTTTTGAATGTAGTTTGTTTCCATACATGCTTATTATCGAATACCTGTATCAATTGAAAAATCAAATGAAACTATTTTTCCTGCACTCACAGTTATTTTTTTAGGAACATCACCACTACCGCCAACAGCTTGATGTGGAATATCTATAACATATGACCCGGCTGGTGCATTAAATTGGTACGTACCCGATGACGTAAAATGTCTTCGTCCAATTTCTGTCGTTCCATTATTTGCATACAGAATAACTTCACGAGATGTGTATGCTTCCGCAGGAACCGTACACGATACTCCTAGTCGTTCAACTGGACATATTGGACCAACCGTCACTTTTCCTGAAATTGCACCTTCGTCAGAACACAACGCAAACTCACAGTAAGGCGCCGTACGACCAACACCGCTACCGTCAGAACATAGTTTTGCATCCATCGTACACGCAACAGGATCAACTGGAGAAATATCTGGATTGGGACATGCGTCAAATACGCATGATGGTCCATGTCTTCCAACTGTAGAGCCATCCGCACACACTTTCATCTCTTTTGTGCACCCAATACTTTGCGGTGTTCCAGTCGCACTTGTGTCGTTTGCTGGACACGGCGCAAATTCACATCGAGGCCCTACGCGTCCAACAGAAGAACCATCTGAGCACATCTTTGCTTCTTCAGTGCACGCAACAAGTGCCACTTGTTTAACTGTCGTGTATGCATACCACCCCGCAATAAGAGCAACTGTAAGAATACCGAGAGGGATTGCTTGTTTAAACATAGATTTTTTTAGTAAGTGATTATGTGTAATTTTTTACTTCGAGGCAATCGCTTGAGTTCCGCTTCACGCGCACGACCTTCTGCGAGTGTTTTGTACTCTTCCACATACCGCAACACGACAGGTCTGCGAATTTTTGTGTACCGCGCACCACTTTTTAACACGTTGTGCTCTCGAACTCTTTTTTCAATATTGTTGGTACATCCAACATACAATGTTGTGTCTGCACACTCGAGAATGTACACGAAATACGTCATCACCCTCTAGATAGACACTGTGAGGATTTCAAGAAGTTTCTTCAAAGACACGACTGCTCCCGCAACAACCGAATCTCCTCCTCCGTAATAGATATATATGTTGTCTCTTCGAACAACTGCTCCACATGGAAATACGACGTGGGATACTTGTCCATTCACTTCATACCATTCACGTGGCTGTAAAATTGGTGCCGCGGTACGCGATATTATTTCTGTTGGATTTTTGAGATCAAGAAGAACTGCCCCCACACGATATGTCGAGGTTTCCGAAACGCCGTGGTACAACAACAACCATCCCGCTTTTGTTTTTATAGGTGGCGATGCAATGCCGACCTTTACCCCATCCCACATTCCTGGACGTGGCGCCAAAATTTGCACTCGATTTGGTAACCGTTCACCAATAACTGAAAGTGACTCAATAAAATCCGCAGATATCATGTTATCCATTCGATGAAATACAAGATATTTGTCATCAACTTTTTCTGGAAAAAGACATGCGTCTTTATCATCCACATTATCCAATGTAATAATTTGTGGAGATGACCACGTCCATCGGTGTGCCAAAAAATCTGATTCTTGAATGTGGGTAATAGCAACAGCTGGTGGCTGTATCCCATTATACGCGGTGTAACACATATACAACGTCTTTCCTATTTGTGTTATGCGAGGATCTTCACATCCAGAATTTCCACCAGGAACACCTTTGCGTTCAAAAGATTCTCGTGGCACGTACACAGGATCTACAAGTCGTTCATCGATTGTTTCTCCATCTGCGCTCGATGCATACCCAACCACCGACGTATTATCATCACCCATGGCACGATACAGAATATGTGTTTTTCCTTTCAGTTGAATAGCGGCTGGATTAAATGTTGCCTTTTTCTCCCACGCATTTTGTGTTGGTGTAATAATAGGATTCGAATCAAAACGAACAACTAATCGATCGGTCGCACCACGTTCAAGACTATCGAGGAGATGTTTTAGTTTTACTGTTGCCAAACAGCACGTCGTATCGGTCGCGCCATAATAAATATGGAGCAGTCCTTTTTTTACACACGCTCCAGACGGAAACACAATATTCATCACTTGCCCATATTTTTCGTACGTTTCTTCTGGCGTAATCAGTGGACCCTGTGTGTGTCCAATAACTTTTCGCGGATCTTGTAAATCCAAAAGTGCCGCCTCAATCCCAAATACCATCTTATCTTCACCGTAATGTTGAATATGAGAATAGATAAGCAGCCAACCCTTTGACGTTTTAATGGGCGGAGCACCAATCTCCGTGTGATCCCCACTCCTATGTGTCAATTCAATTCGTCGTGACTCGATATCTTCATTCCACTTTTCCCAATACTCAGGAGTCCACAATTCTTCGATGCTGTTACAGGTTGCAATAACTGTTTTTGCTGGAGGACTATCAGTGTGTGCAGAAAAAATAACTGCGTACTTTCCATTTATTTTTTCTGGAAACAGTGCCATCGCCTTTGCATTAAACGGCGTAACGAGATGTTTGTGTTCAATTGTTTTAAGATCTTTTGACGTCGCAACAGCAACACGAATACCTTCTGCTGAAAAAGGATATGTACTCAGTGCTGTATAAAAAATGTAATACGTATTTCCAATTTTTGTTACTCGAGGATCTTCACACCCAAATTTTTCCCAATCATACTCTGGCGTAATAAGTTGTTCTCGAGAAGAAAAATGTATTCCATCATGTCCCCGCGCAACACCGACAGTTGAAATATGTAAATGCTGACCTTCATAAAAAATCTTTTCAGACATAGCACGATACAATGCAACAGACGTCCCACGATATTCGGTCGGACACCAATTAAACGTCGCAAAAGCCTCCCACGGATTGTGCTTAATGGGATTAATGATTGGATTGTGTGGTGAACGTTTAACAGTAAACATGAGAATCTATCGTGAGGATTTATTTTTTCTTCGTGTAAGTTTTGACTTCTCTCCCGTCATGAGTTTTGCAAGAAATTTTTTTACATCAGCAACAGCAACACAGCATACCGTATCCGCACCTCCATAGTATACAAACAGAAGTCCATCTTTGATAACCGCCCCGCTCGCATAAATAACCCCTGCTTTAAATCCTTCATTTTCATACCACTCATCAGGCTCAAGAATCGGCTGAGACGAGCGATACAAGACTTT
CP064977.1_gap6	396898	397942	1044	TGGTCGTCCAGAATTGTTTGACCATGCAGATCCAGTGTTCAAAGTGCATGATGTACGAACCTCGAAGCATAATCAGGAAGAGCTTCACGCCCTCTAGTGTTGCCTCACGCATAAACGAGGCGACTGTTGCTGTTTCTCTTGAGTCCTTGCCGGCCGTCGTTGTGTATTCGTCTACACCTACGGCGATTCGCATTGCTTCTTTGATGTGATTCGGCTCGATAAATGCAGAGGAGTTCACGTCGCCAAACTTCAGCTCTTTGACTGAGTTCGGATCATTCGTCCATAGGATTCCAAGCGGTCTTACAGTGATGCTTGATTGCTTGTATCCGGGGAGAGCTACTGGTGCCGCCGCAATCATGCTGTGTATTTTCATCGTGATTGCATCCACTCTCTGGTTGGTCACAGAATTCAGGAGTTCTTGCAAATGGTCTACGAGCTTCGGGATACCGAGCCAGTAAAATGAGAATGGTCGGGGGAAGAAGCCAGTTCGTGAGTAGGGCTTTTGCTGGTGGTCGTATGGGTTATCACCGTCCTTGATCTCTATCGGTGTGCCGTCCATCGGCAGGAACACGCAGATATGGTCGTCAGTCCATCGCTCTACGACTTCGAAGAGCTTATCGTCTGTCGTTGGCATTTGGACCGGGTTGTTTGGGTTGCCTTGGATCGGAGAGGACGCTTTGGTTGTCTCTCGGAGATTCTTTCGTAGTTCTAGGAGGACTTCTTTTCTCACGTAGGCATAGTCGGTAGTGTCACCGCCGGACTTTGTTACGTCACCATTTCGGTCTACAAATTGCGACCACGTATTCTTTGGCACGTCCGGGTACTGTGTTTTCATTTCATCCAATGTCAGCACGTATCGGTGGAATACGGGGAACGGATCGGCAATCTTTTTCATCCTTGGGTGAGGATAGAAGTTGTAAATGTCTACAGGGTCAAAGTCTGGACGGAATGTGATCTTTGATGTTTCGGTCTTGAACACGAGACGCTTTATCTTTTCGACTATGCTTATCTCTTTCTTTCTCTTTTTCTTGGTTTCTTTCTTGA
CP064977.1_gap7	435617	440556	4939	AAGACCTGGAAGGCGGTACCAGAAAATCATAAAAAGTGCGACGATAAGAAAACCCCAGAGACCAGCTTGCACGCCCGCACTCATAAGCTCTTTTCCAAGAGACGCACCAACAGAATCGGCACCAACAAGCGTAATGGGAACAGGGAGAGCACCGAAATTAAGATTACGTGCCATTTCTTTTGCCTCATCAGCAGAAAGACCGGTAATAATTGCCTTTCCATCAGTAATTGTTGCTTGAATTGTTGGATCTCCTTTCATTTCTCCATCAAGGAAAATGGCGAGACGTTCACCAAGGTGCTTTGAGGTAATGTCGGCGAAAAGTTTTGTTCCCTCGTCGTTAAACGTAAGTGCAACAATTGGCTCTTGCACAATAGTTTGACGACTTTGATTAAATTGCAACTGAGCATTTTTAAGAAAACGTCCCGTGAGGCCCGTTGCAACATAGCCGGTCATAGTTGTTGTTGCGCTCGTTGTACCAACTTGCCCTTGAAATTCTTTTGCGAGACGAAACTCAAGCATTGGTGTCTTTCCGAGCTGCTTAATTGCGGCGTCAATATCAGTCACACCTGGAAGCTCCACAATAAGACGCTGTTCTTTTCCTGTTGCGATACGCGCTTCTTCAACTTGTACTACTGGCTCTGAAACACCGAAAACATTCACGCGGCGCTCAATCACATCACGCAGGGAATTCATCGCATTTCCAACATCGGCACTTGGTACACCAGAGACGTCGGCACTGTATGTGAGAAGTGTTCCTCCGGCGAGATCAAGACCTGCCTTAAATGCATACTTAGAACCAGGAGCTTGTGTGGAGTATACAAAAAATCCCAAACCAACGCCTGCGAGTAAAATAAGGACTGCAATAATTCGTGTTTTCATTCTATTGAGAGAGCAAAGATGCGAGGCATGTTTGCTTGTAGTATTTAATAAATAGTTTGTTACCCCTGTCTCGACATAACCCTAAAAATAACCATTCACGGTCATCTCATACAGGGTACCCAGACACATTGGTATATCACAAAAACACCCAAAACAAAAGGGCGTTCGCGCATCGCGCGAACACCCCAACTACACAGCGAAGAGATCTACTCACCACCGGGTCGAATGAGCCAATGGCACATGAGGAAACCTTCTCCTGCCACTCAAATTTTCTGAATGAGCTCCCTCACCATCCCAGAGAGTTCATTCACCCCTGTCGAAGAAAGCGGGGGGTGTGAGCGAGGTCTTCTGTGGTTTCCCTCGTCAAACAACGTCCACCGCCACACGGAGGATTGTCTCACGATCCTCCGCGTCAACCTCCAACGGCAACCTGATCACCCAAGCCGCCAGCTTCGTGTCGCCTAGACTCATTTTGCCTCCTTTCGTTGTCCTAAGGTTTTAACCAGATTCTGTGAATATATTATAAAAACACAATACCTCATTCCGATATCTCTGGTGACTGATACTTAACACATAGCAATAAATTATGAAAAAGCATTGCAATAGCAATTGGGCCAACTCCTCCTGGAACAGGGGTCATCACTGAAGCTTTTTGTGCACATTCTGGATCTGCATCCCCCACCACCTTGCCCCCCGCCTCGCTCGTGCCCGCGTCGAGAATAACCACGCCATCTTTAATCATGTTGGGCTTGAGCACGTGTGGCGCGCCGGCACCCAAAACAAGGATATCTGCGTTGTGTGTGTACGCTTCGAGCGTGTCACCGCGTTCGACCACGGCGACACGCGCACCCCAATGAGACAGCCATGTTGCCATGGGACCACCCACAAGCAACCCGCGTCCAACAACAACCGCGTTTTTCTCCGCAACGTCAACTCCTGCATGCTCCAAGATTTCTTTGCACGCGCCAACCACAGGTGGAAGGAGTGACATATCGCCGTTTTCAAAACGGGTTCGTGCCTCCGCGCCAAGTCCATCGACATCGTGCGACGCCGGAATCGTGTCTTGTATCTTTTTGAAATCAATGTGCGCCGGCAAGGGCAACTGTACGATGATGCCGTTGCTCACAGCAACAGCCTCGCGCACGTGTGCAACCAACGCATCGGTTGTCGTTGATTCAGGAAGCTCGAGCACCCGCACATCAACACCAACCGATTCACCGGTTCGTTTTTTGATCTTGATGAACTGTTGCGTTGCGGCATCAGACGAGAGCACAAACACGCTCAAAAGCGGCCTCTCAACAAGCGTTGAGACCTTGTGTGCAAGCGATTCGGTTATCTCACGCGCAATAGCGCGTCCATCAATGAGCATATGCATATTCTACCATTCATCACACATATAAAAATGAAACCCCCGTGCAGTGAGCACGGGGGGGCAAAGCTAGACATCAGGCAGCGCGAGTGTGAGAGAACACGAGACGCCCGGCGTCCCAAGCGAGGCCGTGGTCGACCTTGCCGGCGCCGACGACCCAGCCGCCGCTGCCGGCGTGCCAGAGGACGTTCACGAGCCGCAAGACGCCCTTGGCGTCCCGAACCCGGAACAGGTTCGCCCTGCCGTCGACGTGGAGCTTGCCACGCCGACCCTGACCCTGACGCTTCATCAGCGCCCAGATCTGGCCGCACGTGGCCTCCTCGACACCTTCGCCGAGCGCGGTGTTGATGTCCGCGCAGTAGGCGGTGCGGGTGAGCTCGTTGCGCCGGAGCGCGAGCGGAGGCTGCGCCTCCTCGACGAGACCGCCGAAGCAGCTCGTGAAGAAGCCGTCGATGTACCCCACCTTCACGCCGTCCGTCTTGCCCACCTTGAAGTGAGCGGAGACGTCGAAGCTCGGGATGGCGGCGATCTTCACCGTGTCGAGGTAGCGGAAGAGCGGCGGAACGGCCGGCTTCTCAATCTCGACGATGCGATGCGTGCCGTCGAGCACGCACTCGACATTCTGCAGCTTGCCGTCGACGTAACCCTGCACGATCCGACCGACAACAACAGGATCGAGAGACCCCTCCCTGACCCGTCGGAACCAGTCGTGTTGCTGTCGGGCAAACTTGCCCAATGCCGTGTCGTCTGCGACGTGAGTCATGACGACTCTCCTTTCATGCCCGCAGGTCTCCATTGACCGCGGTTGTGAAAGCTCGTATTTAAGCCCTCAAAACCACGGCCAATTGATTGGTTTAGAAAGAACACACGCACCAGTAGTACGCGTAAAAGTGGGGGTTGTCAATGTTGGTGAGATTTTTATAAAAATGAAACCCCCGTGCAGTGAGCATGGGGGCAAAGCGAGACATCAGACAGCGCGAAAATCAGCGGCAACGGAGCTGTCCCAGCTAGGGTTGATCCATTGCCCCATCGAGCAAACAAGATTCGCTTCTTGGTGCCAATATCCGTAGCGAACATACAGAAAGTTGGCAATATGCGAACGGTGGAAGGTATCACCGAGGAAGAACACCCGGATTGCATTTCCATTGGTATCCTTCTTCCACGACTCCGGCCAGAGCTCGGAACGCTTGATCAAGTAGTCAAGCACCTTGGCACCGACATTACCACCCGACTCATCAACCACCTTTCGGTGGTGACCCCCGTCGGCATCGATGGTAAGAAGGCTAAGCGGCTTACCATCAAGATACAACATGTCGCCCTGACGCTTGAGTTTGACAACGCCCGACTTCGGCGGGCTCATCCGCTCGAGTCCGAGGTCGTCAGACGGAAGCATACAGGGAACCGAGAAATCGATGGTGTGCTCCAGAGGATTGATCTCGTGCGTGCCGCGAAGAACCCCGATGTGAAGATCAAAGTCCGCCGGCCTGGACTTCACCATCTGAAAAAAGTCCAGAAGGTCTTGAACCGACCGCTTCCCATCCAAGACAAGCGGCCAGATTCCGAAAACCCAAAGCTTCCACAACCTCTCAGCCAGAATTTGGACGGTATTGGCGCCCATATTTTCTCCTTGCCCAGTATCAGTGGGCACAAGGGCCGCGAATCTCCATTGACCGCGGTTGTGAAAGCTCGTATTTAAGCCCTCAAAACCACGGCCAATTGATTGGTTTAGAAAGAACACACGCACCAGTAGTACGCGTAAAAGTGGGGATTGTCAATGTTGTGTGAATATAAGAAAACCCCGCCACGTCTTGCAAGACGGGCGGGGCCCAGTTCTTTGGAGTTGCCCCTTAGTTCGAGCGCGCGACATGAGGACGAAGATGCCCCTCATTCGTTTGTAGTCTATCAACAGTCGTCACTGTTGACCGCTCAAATCAGAGTTTCGGTGGGGGATTATCGCAAACGATCTCACCCCCAGGCTCCTAACGAGGCCAGAACCCGCGGCAGTAAGGGAGATGTGTGCTCAACACACATCAATTGTCTTACACCAAAACGCGGAATACCCCGAGCCCATTAACGCATGAACTAGGCGGAGTTAGTTTACCGCTCTCATAGCGGGAGTGTGAATTTGTGTCATAGCGCCCCCCACTCTGGCGCTTAAGGCTTCTTCATAGCCTTCCTTTCTGTTTTTTGTTGACATTGCGCCATACCCCCGAATGGAGCTGGCACTCATTTTCTGAAGAGTATTATACACACCTCAAATTATTTGTCAAGTATTTTATGATTATGTAGAGAACCATACCAAAAAACAGCCCTGTTAGGCCATTTTATGTTTTTACCTTTTTATTTCCCACATACCGGCGTTTACATACTAGCTAACTAGCTAATGAAGCTAAAAAGCTTCATTAAATTCCCGCCCGTGACAAAATCGTCTTCACCGTCTTGAGTGCAATTTTGAGGTCCAGTGTAATGTTTCTGTTTTTGATGTAATACAAATCGTAGGACAACTTCACCCGCGTCTCCCCCACGTCTGTTCCATGATGTGGATGGTTCTCGTGGTAGATCTGTGCCCACCCTGAGAGCCCTGGCTTGATAAGATGGCGCACATTATAGAATGGTACTTCTTGTTCATAAAGCTTTACCATCGCAGGAAATTCTGGACGCGGACCAATAAGAGAAATATCCCCACGCAAC
CP064977.1_gap8	447064	449467	2403	AAGAAATCAGCGCGCTATGAATCGATTTTCAGATTACCTAACAGGAGATGTCGACGAATTAGTACATCTCGGCTCCACACATTACTGTGCGTCCACCTAATGCCTATCAACGTGATCATCTCTCACGGGTCTTAATGATTTCTAATCTTGAAGTTGGCTTCCCTCTTAGATGCTTTCAGAGGTTATCCATTCCCGACATAGCTACGCAGCGGTGCACCTGGCGGTACAGCTGCCACACCAGAGGTCAGTTCATTCCGGTCCTCTCGTACTAGGAACGAATCTTCTCAAAAATCAGCGCCTGCAGCAGATAGGAGACCAACCTGTCTCACGCATGTTTCCAACGATTGCTCGTTGCATTGGACTATACCTTATACCTCGCTTTGCGAGTAAACCCAAAGTTCAAATTTCAAAGCTCAAAATTTTGGATTTTGTGCTTTGTGCTTTGGATTTTCTTCTGCATCGCAGAAGGCATGTTGACATGTAGTCTCTACGGGTAATTGTGAATTCTATTGAGGGGCCGACGCAGGGTCAGCCCGGAACTTTCTGATCGAGTCAGATGATCCAGCTCGTCAGCATGTAGCTGGCGAAAAAGACCAAGACGCTGAGCGCGATCTTGATGTCGCGATCGACGTTCCTCATTTCTTCCTTGGTAGGGTGAACGAAGAAGTCTCGACGACTGCACGCAGGAAGAAATCCCGGCATGAAAGAACCTCCTTTCTGGACAGAAATGTCCTCAATAGAACTCACAATCATTCCCTCGGAATTACCCATAAAGGGTTTTCCCGATATAAGTCAACTTACTTCATACACATTACTATGTATGACCGCCGTGATATGATTGGTTCCTTTTAGTTTTCATCTTAAAAGACGAAAAGATTTTTTGGGCAACCGATTTCATTTTAAAATCGGAAGTTTTATTAGACAACATTACTTCGAAGGGATTCAGACTGTTTTGAAACCAATCACAAAATCCAAAGTTCAAAATCCAAAAAAATTCTAAGGTTTAAATCTTAAAAAACTTTTTTGAGCTTTGTGCTTTGAGCTTTTGATTTCAGTTCCAGAACGGTCTGAACCCAGCTCGCGTACCTTTTTAAATGGCGAACAGCCATACCCTTGGGACCTTCTCCAGCCCCGGGATAAGGTGAGCCGACATCGAGGTGCCGAACACCACCGTCGCTATGGACGCTCGGGTGGTACCAGCCTGTTATCCCCAGAGTAGCTTTTATCCGTTGAGCTCCCCCCGCATCTAAAGCGAAAGGTCGGATCACTATGCTCTACTTTCGTACCTGCTCGACATGTCCGTCTTGCAGTTAAGCCCTCTTTTGCCATTACACTATCGGCACGGTTTCCATTCGCGCCTAGAGGACCTTTATAGACCCCTCCGTTACTTTTTAGGAGGGATTCGCCCCAAACAAACTACCTGCCAGATACTGTTCCCTACCGTTTTTGCCGTCAGGGTTAGAACGTACAATTCAAAAGAGTGGTATTTCATATTTCGAGTCCAGCAGAGCCAAAACCCTGCCTTCAACCTCTCCCACCTATGCTACGCATTTAACTCGTACGCCCAATATCAAGCTGTAGTAAAGCTTCTGGGGTCTTTTCGTCTAGCTGCAGGTAGAGGGCATCTTCACCCCCATTGTATTTTCACCGAGCGAGTCCTCGAGACAGTTCCCCAGTCGTTACACCATTCGTGCGCGTCAGAACTTACCTGACAAGGAATTGCGCTACCTTAGGACCGTTATAGTTACGGCCGACATTCACCAGGGCTTATACAGTTCAGCATATACCTTGCGGCACACACCCCCCGTACTTGACCTTCTGGCATTGGTCAGGTGTCACCCCCTATACATCCTCTTGCGAGTTCGCAGGGAGCTGTGTTTTTGATAAACAGTCGCCAGGGAGACTTTCGCTGCGGCCCACGTACTGCTACGTGGGCAGACCTTATTGCTAACTTACGGTCGCTTTTTTGCCGAGTTCCTTGAGGACCTCTCACTCGTTCGCCTTACTCTACTCGAGCTGAACACCGGAGTCGGTTTGCGGTACGGTCTGTGTGTATTTATTCTTAGAAGATTTTCTTGGAAGCGCGCTCTATACCATTCCCCAACCCGAAAGTTGAGTTCTCGAAAACACTCGGGATAGTGCCTGCCGGATTTACCTAACAAGCGCCCTCGTGTCCCCGACACAAATCCAATAATGTGCGATATATACAGCACTCCGTCTCTCCATCGAAATACACCCAGGTCATGGAATATTAACCATGTGTCCATCATGTTCGGATTTCTCCATCCACTTAGGCCCGACTAACCCTTCGCTGATTACCATCGCGAAGGAAACCTTGTTCTTTCGGCGTGCGGGTATTTCACCCGCATTGCGGTTACTTGTACCAACATTCGCTCTTCGGAA
CP064977.1_gap9	644902	645491	589	GACCCTAGACGTGTATTTTTTTGACCCTAAGAGAAAAGACCTACAACCAGACAAGCGTGGTCAACTAAAGCAGTGTTTGCGGGTTAGAAGTAAGGATGGAAAAGCATCCGTTGCATATAAGGTAGACCATTTTGATACGAAAGGGGTGTGGCTCTATTCAGATGAATATGAGACAGCGGTTGAGAATTTTTTGAAGACAGAAGAGATTTTTAAGAAGTTGGGATTGAAAGAATTGGTGCGGATAGAAAACACCAAGTCAACATTTGTAAATGATATCTATGAAGTTGTTCTTGAAGATGTTAAGGGTTTAGGTCTTTTTATGGAGGTTGAAAGGCACAATGTTGGCGCTCGGGAAAATATTGTAAAGGTGAAAAAAGAGATTGTGGATTGGATACAAAAAATGGGTATACGTGTGAGTGCTGAGCTTACGATGGGTAAACCAGAATTAATGTTACGAAAGAAAAAGGAGAAGTAGGGCACAGGCTCCACCCTCCTCGTCAAATTCCCTGGGGTGTAGGAGATAAAATTTTGATAAAGTCGAAAGTTGCTAAACCTTGACAACAGTTTTTGTAGTGATATAGTAAATTTA
CP064977.1_gap10	756483	758462	1979	TTGCCACACTCCCAACCGCAGTCTGGTCAAGTGCAACACGATCACTCACCACCTTCGGAACACTCGCAGCTGATGTGTGGACGAACGGTACACGCACCCTCACGTCAGGAGTCCTCACCGCAGGTGACGTCTGGTCATACGCAACACGTCGTCTCTCTGATGGCACACTCGATGCCGGAGCACTCGCTACCGTCTCTGATGTGGGTACCGCATCCACCTCACTCGCCGCAGCAATTAGCGCAGGCACTGCAAGTACCGCCGGCACCATCTCGACCGCTTCCTCATCACTCGGCAGTGCCGTGGCTGCAGGAACCGCAGGTGTGAACGCACACACAGACAGTCAACTTGCCTCAACAATCACCACCATCAACGCACACACGGATGCAACTGTCCTCACCGCAACCACCTCACTCCTTGCCACACTCCCAACCGCAGTCTGGTCAAGTGCAACACGATCACTCACCACCTTCGGAACACTCGCAGCTGATGTGTGGACGAACGGTACACGCACCCTCACGTCAGGAGTCCTCACCGCAGGTGACGTCTGGTCATACGCAACACGTCGTCTCTCTGATGGCACACTCGATGCCGGAGCACTCGCTACCGTCTCTGATGTGGGTACCGCATCCACCTCACTCGCCGCAGCAATTAGCGCAGGCACTGCAAGTACCGCCGGCACCATCTCGACCGCTTCCTCATCACTCGGCAGTGCCGTGGCTGCAGGAACCGCAGGTGTGAACGCACACACAGACAGTCAACTTGCCTCAACAATCACCACCATCAACGCACACACGGATGCAACTGTCCTCACCGCAACCACCTCACTCCTTGCCACACTCCCAACCGCAGTCTGGTCAAGTGCAACACGATCACTCACCACCTTCGGAACACTCGCAGCTGATGTGTGGACGAACGGTACACGCACCCTCACGTCAGGAGTCCTCACCGCAGGTGACGTCTGGTCATACGCAACACGTCGTCTCTCTGATGGCACACTCGATGCCGGAGCACTCGCTACCGTCTCTGATGTGGGTACCGCATCCACCTCACTCGCCGCAGCAATTAGCGCAGGCACTGCAAGTACCGCCGGCACCATCTCGACCGCTTCCTCATCACTCGGCAGTGCCGTGGCTGCAGGAACCGCAGGTGTGAACGCACACACAGACAGTCAACTTGCCTCAACAATCACCACCATCAACGCACACACGGATGCAACTGTCCTCACCGCAACCACCTCACTCCTTGCCACACTCCCAACAGCAGTCTGGTCAAGTGCAACACGATCACTCACCACCTTCGGAACACTCGCAGCTGATGTGTGGACGAACGGTACACGCACCCTCACGTCAGGAGTCCTCACCGCAGGTGACGTCTGGTCATACGCAACACGTCGTCTCTCTGATGGCACACTCGATGCCGGAGCACTCGCTACCGTCTCTGATGTGGGTACCGCATCCACCTCACTCGCCGCAGCAATTAGCGCAGGCACTGCAAGTACCGCCGGCACCATCTCGACCGCTTCCTCATCACTCGGCAGTGCCGTGGCTGCAGGAACCGCAGGTGTGAACGCACACACAGACAGTCAACTTGCCTCAACAATCACCACCATCAACGCACACACGGATGCAACTGTCCTCACCGCAACCACCTCACTCCTTGCCACACTCCCAACCGCAGTCTGGTCAAGTGCAACACGATCACTCACCACCTTCGGAACACTCGCAGCTGATGTGTGGACGAACGGTACACGCACCCTCACGTCAGGAGTCCTCACCGCAGGTGACGTCTGGTCATACGCAACACGTCGTCTCTCTGATGGCACACTCGATGCCGGAGCACTCGCTACCGTCTCTGATGTGGGTACCGCATCCACCTCACTCGCCGCAGCAATTAGCGCAGGCACTGCAAGTACCGCCGGCACCATCTCGACCGCTTCCTCATCACTCGGCAGTGCCGTGGCTGCAGGAACCGCAGGTGTG
CP064977.1_gap11	767741	772153	4412	CCGGATTCACACTTCTTGATTTGATGACATTCTTAACGACAGGAGAAGATGAAACGCGTGCGTGGACAATAAAGCGTGGAAGTACGGCACCCCAAGCAGGTGCAGCAATTCACACGGACTTTTTACAGAAATTTATTCGGGCTGAAGTTGTGTTCTGGAAAGATTTAATTGACTCAGGTTCGTACGCTGCGGCTCGTGAAAAAGGGTTAGTGCGTACGGAAGGGAAGGAATACATTGTAAAAGACGGAGACGTTATTGAATTTAAGATATAGCACTACCATCTTCTAGAGAAAACCGCTCAAAACATATGGTTTAGGAGCGATAAAAAATAAATACTTACAAGTAAGAACCCCATTAAAAGTGGGGTTTTTTGCTGCCACAAACTCGTCTAAAAAGGTCGAAATTTTATCAGCCAAATATTGCGACTATGAAACCTACTCAAACATTCATAGAGGCATCGCTTAAGGATACTTTTCACTCTAGCTTCCACGGATATCTCCATATCTCCTATCAGGAGCTTGTGGATAAGTTGGGGATACCACATGACCGCACTCAGGATGGCGAATGGAAGTGTCTAGATGAAAAAGTGCGTGCCGAATGGGCTTTCACATCGACTAACTCGAAACGCCCGTGCGTGCTGACCATCTACGATTACAAAGAATATCGTCGACCGATCCACGAAGTGAATCAGTGGCATGTTGGTCTCAAAGGAGATGCCCATCTTGTAGATATCTTGTTCAAAGAAAAAGGACTCTATCCAGATGCGTTTGAGATTCAGAAGAAATATAGGTAATCAAACAGGTCGAGATTTTATTAACCAGTCAAATTGATTATGAAGACACAAACTGAGTTCGTGAAAGCCAAGCCGAAAGATCTAAACGGATCCGGTGGGAGGGGAACCATGACTGCCTCATATGACACTCTGGTCCAAGCATTCGGAGAACCACATAATCGCGCCAAAGAAGGTCCCTGGCATTCCCGTGACGGAAAAGTCAGGGCTGAATGGGCATTCAAGGCTGTCGGTACCGAAAAGCCTCTGGTCCTGACCATATACGACTACAAAAGCAAAAAGACGGTGGAAGAAGTAACGGATTGGAGCATTGGACTTAATGGGGACATTCAAATAGCAGCATCCTTCCTTGCCGCTCGGCTCGGACAGTACTGCTTCAAGACTCACAGGATAGTCCTTGTTGAGAAGCGACTAAGCTCCGGCAGCACGATCTTGATGAGTGCCGAAAGATCAATCTAATCATTGTCCCCAAAGGGATCGGTCCGTGTACAGGACCTGATGCTAGCAATGAAAAACAAACTCAAAAGCACTCGAGCGGTTACCTACAGACGATATGGCATACCAGCCTTAATCCTTGAAGGTAAATGGCTCACAAAAAAATATCGATTGTCCATAGGCGACATTATCGATATCGATTATCAACCTAATGAGATTCGATTGCGGAAGAATACTTCCCTAAGTCTAAAAAACCAAAAAAGACGAAAAGAGAAAAGGGAAATTCAGCAGCAAAGAATCCAAGAATCACTACATGACACCATCACAGGAAAAAATGAAAACGCTCTCGAGAGAGGCGGTGAAGTTGGTGAAGGATAGAGCACCGGCAATAGTTGAAGAAAGAATTCTTGCGCAAGCATTCGATGAGGTGGCCGAGTATACCGGCGAACTCATGGGAAAACTGACCAATCTTGATGCAGAAAATGAAAAAGGCATCACGATGGCGCACGGAATCATCTATGACGGTTTGCTCACAGAAATGATGAGTCAGATCAATAAAACGATGCTGACTGAAGCAGACAAAAGAATTACTAAATTATTCAAAAAATAAAAGACCCCCCGAAGGGAGCCTCTTACCGTAGATACATCGTATCAAGACCCCTTCGTCGAGTCAAGCAAAAATTATGCAAACACAAGAACGAAGCGTGTCCCCGACCGTTGAAGAATCATTCTTCACAAAGATCGGGAATACGAAACCTTACTTCAAGGCGGCATTTGAAGGAGAGCCGGGAACCGGCAAAAGTTGGACTGCCGCATTAGTAGCGATTGGTCTTCACAAGAAGATCAACAGCAAGAAGCCGATTGTGCTTATCGATACCGAGAAAGCGTCGAAATTCTTGGTCCCGCTGTTCAAAGAACACGGAATCGAAGCGATGGTGCGCGAAACGCATTCACTCGCTGACTTAGTCAAAGCAATGAAGCTCTGCTCGGATGGGTATGCCGACATCATGGTGATCGACAGCATTACTCACATCTGGATGGACTTCCAAGAGGCATACAAGCGAAAGCTGAATCGACAAGTGTTCCAGATTCAAGACTGGATGTCGATCAAAAGCGAGTGGAATAAATACTTCTCAATCCCACTCGTGCAATCGCCCCTGCACATTCTTGCAACCGGCCGCGTGTCGGATCGCATGGAGCAGGAAGTGGATGAGGATGGCCGAAAAGAGTTCACCAAGACTGGAGTGAAGATGCAAGCGGAAAAGAACGCTGCATACGAATTCGATGTCTTGGTCCTAATGGAACGCCATGAGCTCATCCAACGCAAGAAGCGTGAAGTCTGGCGACAGTCTGTGGTCCTCAAAGGCCGAGGCAATCTCCTCGATGGTGCGGTGTTCAAAAATCCGACCTACGAAGATTTTGCTCCTGCGGTTGAAGCGATCATTAAAGACCCGATAGCTGCGAGGTTCAGCCACGCCGAGCAGGATGCGGGAGAACTGATCAAAACCGAACAGGACAAGCGCCAGTGGATTCAGGAGAAGAAGCGATGGTTGGAAGAAATCGAGGGTTATCTCGTATCGATCTGGCCAAGTTCAAGTGCCGCGGAAAAGAAGAATAAAACCGATGCACTCGAGTACGCTTTCAACACTCGCAGCTGGTCCGCTATCGAGATGATGACGCCGGAGGTTCTAGAGGATGGCTATGCGCGAGTCAGGGAATTTGCCCAGCAAAAAATTGCTGAAGCAAAAGGAGAACTTGCTCCGGAGCTAACTCCAGGAGAGAAGTTTGACAAAGACCTGCGAGATTCAAAGGAATGCAATCCCAAAAAATCCGCAGCCGAGAAGTCTAAGAAAAGTGACAAGTAAAAACAGTTAGCTTGGCCACTGACTCAGCCCTGATCAAGTGGCATGAGGGCTGAGATCGGGGGCTAAGCCCCGATTGGCCGAGCAAGGGTCGAAAGCTAAAACAATTGGAGAGAGAACATCGATTCGTGTCGGTGTTTCTCTCTTCATCAAACAATGGATGAAAACAAACACAACTTAATACCGAACAGTTCGCAGATTCCAAATGTAATTTTGGATTTTGTTCTTCCCAGGATTTCGGAAGCTGAGGCCAGGTGCTTGCTCTACATTTGCCGACGAACTTTTGGATTTCATAAAGAAGAAGACAATATCAGTTTCTCCCAGTTCGAAAACGGAATCAAGACTAGCCAAAACAGGCGGCTTGATTTTGGCACCGGCCTGTCTCGCCCTTCGGTCAATGCCGCTATTCAAAATCTCATTAGGGTTGGGGTGATATTCGTGGAACAGCGGTCCAAAGGGAACCGCTACAAACTCAACCTTGATATAGATGTGGATAAAGTGGTTAACGAACTTAACCGGTTAAGAGAGTTAACCAAAAGTGGTAAAGCCTCTTTACCAAAACTGGTTAAAAGTTTTAACACACAAAAGATAGGGAAAAAAGAGAAATCTAGTTTTAGGGAAAATTTATATTTTCCTGGGGATAACTTCAAAGACAAGATGAGGGAAATCACAAGGAAGATGAATATTAATAGAACCAACAATTAAACAATGAAAAAAATCCAATTCACCATAAAGGGAAATCAGGAAGACTGTGAAGGCAACCCACTTCCGTACATCCGTGTCGTGGGACGGGCGCTATGGCTTCCGAACGCAAAGAAATACCATGCCTGGAAAGGTTACGTTCGAAAATCTTTCTATGCCGGATATCCGGAGTTCGTGATGTGCGACGGTCAAAGGATCCTGCTTGATGAGCAGCCACTCACGACCAAACCTTCGGAAATCGCTCGCATGGATATAAAAGTTTTCTGGATGAACGGCGTTCACGGAGATCCAGACAACATATTCAAAGGAATCGCTGATGCTCTTTTCAAGAACGATAAATTTCTCGACGGCAGTTTTGAATCGCGCCATGCGCCAGATGGCAAAGGTCGAGTTGAAGTGACTATTACTGTCGGAAAGGAATAAACATTTAATATTTTCAGAATTTAAAAATGAATACACAAAAAATCAAAGAAAAGTTTATTGAGGAGCTTGAAGATCAGATCTGGAGAAAGGAGCTCAATATCGCTTTTGATCTCAGTAAGATACCGGAAATCGAAAAATTGCGAGATGACAAATTCAAAGAGCTTGATGGTCTCAACGCTGACTACAACCTTATCGATCCC
CP064977.1_gap12	810876	811376	500	TAACAAATATCCTCGGTCACTCCTGCATAGAAAGCTCAATGGTATACACGATGATGTATGGAAAACAAGCCGAACAAAGGTACCGAAAATTTAGGGGAAACTAGGCCCTTTCAGAAATAGTAAGCACTTGGTATAATTACCTCGTGAAGAACAAAGCGGCACAAGAACTCGGCAAAAAGGGCGGTCAAAAGACCAAGAAAAAGTATGGTAAAAAACACTACCAGACTATTGGTCGTTTGGCTGCAAAAGTAAGGTGGGGAAAAGGCAAGCCTAAGGAGCTTGCTATGTAACAACCGCTTGGTATAATCCTTATTGAAGCAACTTGAAAATTTTACAAAAGGCTTGCTCGCCTACTAAGGCCGTAAAAAGGGGATTTGTGGGCTTAGTAGACGAGCAAATGGGGAATTACCCAAGTATTTAGGGCTATTTTGGAAAAGTAGCCCACTGCAATAGAAGATGGTGGTGTGATAGAGTTTAAGATTTAGTTGGTGTGGGTGGAA
