gap_id	start	end	length	sequence
CP065009.1_gap1	60836	63668	2832	GTAGCCGCCGCCCATTAGCCTGAATCGCAAGCGAAGCGAAGCGATTTAGGCTAACTCAAAAATATGCGAATAAAATATTTTTGTCAAAATAATATTTGCAGGATATGCGAATTTTATATATATTTCACATCGTTTTTTAAAAGGTGGAAAATCTATTACAAAAATTTTCACGAGAACTCTCTATTCGAAAATATAGTTCTCATACAAAGAAGATATACACCTCTCTTTTGGAACAATATTTTGAGGTAAAAAAACAAAACTTTGAAAAATTTGATGAAGAGCATATCAAAGACTATCTCTTCTATTTAGAACAAAAAGGATATTCTGCGTCTTTTTTGAATCAAAACTTGCAAGCGATACTTTTTTTCTATCGAGAAATCTGTCATCTTTCTCAGCAAATCCATCTTCGTTTTGCGAAAAAACCACAAAAACTTCCCATCGTGCTTTCTCATAATGAAATTCAAAAATGTATTGCCTCTCTCCCCAATGCGAAACATCGTCTCCTTCTTTCTCTCGCCTATGCTTCGGGACTCAGAATAAGTGAGATAAGGGACTTGAGGGTGCAAGATATTGATTTTGAAAATATACTTTTGCACATCAAAGGAGCAAAAGGTCAAAAGGATCGTATTACTCCCTTTTCTGAAAAACTCGTTTCTCATCTTCGAAACAAAATTGCAGGGAAAGAGAGAAGTGAATTGATATTTGAAAGTAGTAAGGGTGGGAAGCTGACAAGTCGAACACTCCAGAAGGTCTTTCAGAATGCCCTTCAAAATACGGGTATTAAAAAACCAGCGACGTTTCATTCACTTCGTCATAGTTTTGCTACGCACCTTCTCGAAAACGGAACAGATATTCGCTATGTGCAAGAGCTTCTTGGTCATGCAAATATCAGAACAACACAGCGATACACACAGGTGACAAATCTGAAATTAAAGAATATCAAAAGTCCATTCTGATTATATGGTGTTGTTTCGTATCGCCACTTGTGCCGCCGCGAGTCGTGCGGTTGGTACTCGAAAAGGTGAGCACGAAACCGCGTTAAATCCTTCTGTATGGAAAAAGATAATCGAATCGGGGTCGCCGCCGTGTTCTCCGCATACCGAAATTTTTAAAAAAGGCTTTTCTGTTCGTCCGCGTTCTACTCCTATTTTCACGAGTTCTTGCACGCCCCGGTCTATGGTTTCAAACGGGTCTTTTTCTAAAATTCCTTTTTCTGCATATTTCGGAACATATTGCCCCACGTCGTCTCGAGAGAATCCAAAAGTCATTTGTGTGAGGTCGTTGGTGCCAAACGAGAAAAAATCTGCCTCTTTCGCAATACTTTTTGCTTGGGCGCAAGCGCGTGGAAGTTCGATCATGGTTCCAATTTTGTAGTCGACACGCACTCCTTCTTCTTCAAAAATGTTTTCGGCAACAGCTTCAATTTCCCTGCGACAGTGACTGAGTTCACTCGACATTCCTACAAGCGGAACCATAATTTCGGGGTGGACAGAAACACCACGTTTTTGGGCAGAAATGGCAGCGCCAAGAATAGCGCGAACTTGCATCCGAAGAATTTCTGGTGTGGTAATCAGGAGTCGACATCCACGGTGTCCGAGCATAGGGTTTACCTCTTCGAGTGCTTTGATGCGGTCTTTTGCCTCTTCAAACGAAAGTAAAAATTGCCCTGCAAGTGCTTCGATATCTTTATCTTTTTCTGGAAGAAATTCATGAAGTGGAGGATCTAAAAGCCGAATAGTGACAGGGAGCCCATCCATGGCAGTAAAAATATCTTCGAAATCTTGTCGTTGAAAGGGAAGTAGATGACTGAGCGCATCTTCTCGTTCCTCGTCGGTATGCGCCAAGATCATTTGTCGAATGTGAAAAATGCGTTCATCGGTAAAGAACATGTGCTCTGTTCGGCAGAGTCCAATGCCTTCTGCGCCCAGTTCTCGGGCACGTTTGGCATCTTCTGGGGTATCGGCATTGGCGCGAATAGATAGTGTTCGAAATTCATCCGCCCATGAGAGAAGGGTTTCTAAATATTCCGAGAGCTTTGCAGGAATGGTGGGAACCGCTCCTTCATATACTTTTCCGCTTCCACCATCAATGGTAATTATATCTCCCTCTTGAATAATGCGATGTCCGGCAGTCATTTTTTTTGCCTTGGCGTTGACGATCATTTCTGTAGCGCCAGCAACGCACGGTTTTCCCATTCCTCGGGCAACGACTGCTGCGTGGCTCGCTTTTCCTCCACAGGCAGTAAGAATGCCTTCTGCCTTATTCATTCCATGAATGTCTTCGGGAGAGGTTTCGCGGCGAATGAGAATCACTTTTTCTCCATTTTCTGCCATTCGTACCGCATCATCCGCAGTAAAAACTGCTTTTCCACTGGCGGCGCCTGGGCTTGCAGAAATACCACGGGTGAGCTCTGTTGTTTCTGCATTTGGGTCAATTTGCGGATGGAGCAGGGTTTCAATTGTTCGAACATCTCCTCGAGAAACCGCTTCTTCTTTGGAAATGAGTCCTTCTTGCTTCATTTCTACGGCAATGCGAACTCCTGCCTCTGCTGTTCTTTTTCCGGTTCGTGTTTGAAGGAGCCAGAGTTTTTTCTCTTCAATGGTAAACTCCACGTCTTGCATGTCACGATTCTCTTGCTCGAGTTTTTCGAGAAGATCTGTGAGCTGATTAAAGGTTTCGGGGAGAATAGCTTTGAGGTTGTGAATTTCAAGTGGCGTTCGGATGCCGGCGACGACATCTTCTCCTTGGGCGTTTATGAGAAAATCACCAAATATTTTTCGTTCTCCTGTTGATGGGTTCCGCGTAAAACAGACTCCTGTTCCACTTGTCTTT
CP065009.1_gap2	66346	70486	4140	TTCGTGCATTCCTCCACTCTGCTGAATATCTTGCACACAGATGCGAATTATTTTTTCAGCAATTTTCTCTGCCTCATCCCAGTATCCGTAGTTTCCGAGGGAAATAATATAAAAATAGGTGGCGATTGGCCATATTGGTCCTTGCCAATTGGAGTGTGGCTTTATGATATTTGCATTATTGTAGAATGGATCATCTTTGCTGAGACTCCGTATGCCGTGGGGCGAAAGCATTTTTTCCTCGTTCAAAAGATAATGTTTAAAAAAAGTATCTGCCTGCTCTTGGCTTGCTATGCCTGCCCAAAATGGATGAATTGATGAATAGGAAACAACAGGAATAAAGCGTTCGTTTTGAAGATTGATGTTGAAAAATCCTTCATCACTTTGGCTCCAAAGGTGTTGGAGAATGGCGTTATTCAGTATTTCCGACTTCTTTTTCCACAGCAGAGCATCTCCTTCTTTTTTAAGGGCGATTGCTATTTGTCTCATTGCCCTATATTCCAAGAGGGAGAAAACATTGAAATCAACAGCGAGAACAGATTTTTCGGGATAATGGAGAAGGGCAGGATTATTATCTGCCCCCGATTCCATGCTGTCTGTCCAGCATCCTAAGTGAAATTTTTCGATAAAATATCCGTTATATTCTCGATAGAGAACTATTTTTTTGAGTTTTTCGTAAAGATGTTGAGTAATCCAAGAAAAATCATTCAAAAAATTACTTGCATGAAAACAGCCCTGTGCAAGTACTGGTTTTATTTGTTTGAGACGAGGATCTAGTCCATTTGGAGTGATACAGCCAGAAACAAAACCTTGATTTTCTGCATTTTCGAGGTAGTTGAGTGCCCAATTTTTTAGAAAAATAGCTTCGGAGGGAATTTCAGCGGCGAGTGCCATTCCCATGAAAAATGCATCCCAGTCCCACTGCTCTTCGTAGGGACCGCCGGGAACGAGATAATCATGCCTCAGAATACCTTTTCCTTTTCGTTTTACGAGAGATTTGAAGGGCGCCATGTATTTTTGAATGTCTTCTTGAAGCGTATTTTGTGGCATCTGTTCTCACAAAAGAAAAATAAAATCTGATCTTTGTTATTCGTGAGGAAATATATCAAATCTTTAGAACTTTTTCTTTCCGCAGGACATCTATGCTGGGAATGAGTCGGCTTGGTTCGATAATCATCTTTTCATTCTTCAGTGCTTTTGGACCAGGATTTGTATCTGGGTCGTGAATAGCATATATGGGCTCTTCTCCAGCCCTCTTTATTATATCTTCGTTTATTCGTGTTATATCACCTATTCCCATTTCGGAAAGAAGTTTTTTCTGTTGAGCAATAATGTACACTGTCCGACAGATATCAGTATACATACCACCTCCTTCTTTTATATTCGTGTTCTTTCCGTCAATTCGTGGTTCTACTGCTTCAATTTGGTAGCGTTGAAGATTTCTCTCGACTTGCCCCATGCCAAGTACCATTTCGATGGAATATCCAGTCGCCATAACCAATTGATTAATATATTTGCTTTTTATGCCATATTCACCAGTGAGAAGCCATCGATCATATTGAAGACCTTGGGTATATCGCTTCGAGTTCTCACCCATAATGGAGAGAGTGTTGAGAAAGGTGAGAATAGGCTGATTATTCCTTCCATTTTTTGCCATCTTAACGGCATCAAGATCGGGTCTTTGTTTTTGCGCCCACGCCATATAGCGAATGGGGTCGTACTCTTGTCCGATATTTGTGATATCGCTATCAATTTGCGCTACAAATAATTCCGGATGTTTTTCTTTTTGCAATTGAATATAGGCAGCAAGCATAGTGAGTCCTTTTCCGCGAATTTGATCGAGAGATTCCGCCTGTAAAATATCGAGAAAACGAGGGACATCGAGACAGGAATTTAGAACATCTTCTTGAAGAAGTGGGAAAATATCGAATGATTTCATAATTTCATTTCCGTGGTCATTCTCATCGTCTTCGGTAACGCTTATGGCAGTGATATTTTCTGCTGGCACCTTGAGGTTCTCAATAAGATACTCGGCGGTGCGCCCGATGGTTTCTCCCTGTTTGTATACAGGGAGGACTATTCTGTATAATTGCAAAATATTGTTGATTTTTTCGCGTGTTTCGTTAACGACGTTGTGAATACTCTCACCATCTGTGTTCAAGAGAGGAGTTCTTTCTTGTTCTTCTTGCATATTTTCCCTAGAAACAAATGCATGTTCAATTTTGTTTCTATTTAAAGTTAAAGTATTTAGACGGGAAACAATTTCGACTCTCATGTTTTTTAAAAAATGAAAAATCGAATATATATTTCGCATTCTTTTTCGTGAAGTCAATAAAAAATATGATAAGGTAATACTTTTTTATAATTCTCTGTTTTAAAAGAACTCGTGCAGATACATACTGTTCGGAAAAAAGTAGTGTAGCTTTTATTGTGTTCGGGGTATGGAATAATAGAAATACTTCCTTGGGAAACGGATACTGATTCAGAGAAGAACAAGGGGAATGGGTACTCCGAAGAAGGCTCCCATGCATGGAAGGAGACCTTCTCTGATCTCATCAGTCGCGGGCTGAACCAGATTAACCTTGTGATCTCCGATGAACTCAAGGGGATTACTGAAACCACAGAGGAATATTACCACGGAGGAAAACACTAATTGTGTCTGATCCACCGGAAACGGAATCTGATTAGCCGACAAAAAGAAAGAGTTCTCCGATGACTTCAGCCATGTCTTTTCCGTTGACGATCCGGAAAACAGTATCGAAAGGATCGAAGAAAGGCTCATATTCTTTACGGAGAAATGGAAGCCGCACATCTCAATATCGATTCCTGTCTTGAGACCGGAAAGCTCAAAAACTATGCCGCCTTTCTCCATTTCCCCGAAGAAATACGAAGGATGGTCTACACTACCAATTGGATCGAGAGGCTTAATACTCATAGCAGAAAGATCACCCAACGAGTCCCTGTATTTCCGACACTGGACTCACTGCTCAACCTCGTTTTTATGGTGACCCAGCACTTTGAAGACGGACCGTACAAACGGCACATTCCTGCTTTTTATAAACACCTCAAACCTTCCCATTCTGACCTCGGACATAATCTTCTGGACATTACCGAAAAAAAGATATGAATAAGAAACCATAAGTCAGAAACCGTCCTTACAGGATTTACGAGCGTTGGATATTTTTTGGCAATGAGATATCCAATAACGAGCATGGTGAGATTAGCAAGAATTCTATTTCTCTAGTGTTCCTTCTACGGAGTATTGCCCCAGTATTTTTCCATTTTCTGTTTTTTCCCGAAACCCTTTTTTCCAGTCTTCGCTTATTCCTCCTTCAAAATCCACAAAAAAAGCATATTCCGAAAAATTATTTCCCACCGGTCTCGACTCAATACGAAGGAGATTTTTTCCTGCATCCGAAAATACCTTGAGTGCAGAAAGAAGAGCGCTGGGTTTGTTCTTGAGTTCAAAAAAGACGGACGTTATTCCTTCATTTTTTTCTATCACATCTTCTAGGCATCGTTTTCGAATAAGTCCAAATCGAGTTGTGTTTCCTGAAATATCGGCAATATTTTTTGCAAGAAGAGAGAAATACGCAGATTCTGCGGCAAGACGACTACAGAGTGCAGCTGAATTTTTTGTTTTTTCAGCGTGGATTACCGATTCTGCTGTGCTAGCAACGGTAACAATATCCGCGTTTGGGTATTGCTGATGAAGAAAGGTTCCGCATTGTGCAATAGCTTCGGGGTGTCCGAATATTTTTTCTACCTTTTTTGTTGAAAGGGGCGCAGCAAGAATGTGGTGAATAGGAAATTCAAATACGCGCTCAATCCAGAAATCATTTTCTGCAACACCGTTCCATACCTGTCGAACACTTCCTGAAATGCTATTTTCGAGGGGGAGAAAAGCAAAATCAATTTCGTCTTTTTTTAGGGCAGAGAGAACAGAAGAAAAGTTAGGAAAAAGTGCTCGAGGTTCTTGCGCAAAAAACATTTGTCCTGCGAGATCTGACCAAGTGTACTTTGGTCCCAAGAGACCAATCTTCCCCTTGGTGCTTTCCTCATTGGTATCTTTTGATACATGTTCTTCTGATGACAGAAGGGCAATAATTCGATCACTCTCTTCTTGCGCCTTTTTGCAAAAAT
CP065009.1_gap3	77292	82279	4987	TTTTTAAAATTCGAACAGGCATTTTATGAGGAAGAAACAGGGGATGATTCCGGAGCTTTTTTCTCCAATTTTTTAACGTCTTTTTTTAATCTTGGCTCGGGGGCAGGTTTTAGGAGGTCAAGGGATTGCCCCTCAGCAAGGCGAACAACAGCCTTCTTCTTTTCTTTGCGCTTTACTTGGGGACCGAATTTTCCTCGCACCCGTATTTTTTTTGGCATCTTTATGATTTTCACTTCTCGCACCTTAGCTCCAAAAAAAATCTCAACTGCCTGAGCAATCTCCTTCTTATTTGCATCTGAATGTACAGAAAGAACATGCTGATTCTTTTCTTCCGAAAGACGAATTGCCTTTTCTGTAACGACAGGACCGAGAAGAACGTGACTTAAATTCATTGGTTTCCAAAAATATTTTCAGCAACTTGAAGTGCTTCTTGAAGAAAAATAACCTGTTTCGCATCCACAATGTCTTTAATGTTCAGGTATTGTGCAAAAAGCACTTTCACGTTTGGTATATTACGTGCAGATTTTTCGAGAATCTCATCTCGTCCCGAAGTGACAACGAGAGTTTTTCCTGAACACTTCATGTGTGAAAGGAGCTCTGCAAAGTGTTTTGTTTTTGGAATCTCGACCTGAAAAGTCTCTATCGCAAAAACCTCTTTTCCACTTACTTTTGCAGAAATGGCTGAAAGAAGAGCCTTTCGACGCATTTTTTTTGGCATTTGTTTCACAAAGTTCTGATCACCTGTTGGACCGAAAAGAACAGCTCCTCCTCGCCACTGTGGGGATCGTCGTGATCCCTGTCGTGCTCGACCAGTTCCTTTCTGACGCCACGGTTTTGCTCCACCTCCTCGTACAAAAGAACGAGTCTTTGTACAAGCGAGTGCAAAACGAGCATTTGCCTCCTGACGAATGAGTGCCTCATGCATAAGTGCAAAATTTGGCGTCTCAATAAGGAGTCCCTTTGGAAAAGGAATTTGCTCCTTTTTCTCGCCGGTAGATGAGTAGAGATCTATTTTCATGACTGCTTTTTAATGAGAATAAGGCTATTTTTTGAGCCTGGAACAGGTCCTTTGATGGCGATAAGACTCCGCTCAGTATCCACTCTTACGATAGATCGGTTGCGAAGCGTAATTTTATCACTTCCCATTCTTCCTGGCATTTTGAGTCCAGGTTTTGTACGACCTGGCATAGCACAAGCTCCTGTTGATCCATGACGTGGATACTTGGTTCCATGGGTAAGACGAATCACACTAAAGTTGTGTCGCTTTACATTTCCCTGAAACCCCTTTCCTTTTGAGGTGGCGACTACAGTCACCTTTTCGCTCTTTTCGAAAATTCCAACAGAAAGCTCATCTCCCTTTTTTACCTCATGCTTTCCAGAGATTTGTCGTAAGGTGCGGAATTTTTTTGCCTTTGAAGATTCGGGAAGTTTTTGGGCTCCTAGTACAATTGCGTCTGCCCCATCCTTTCCTTTCTCTTTTACTTGCCACACAGTATTTGGCTCACACTGTATGTAAGTAATAGGAATCATACGACCATCCTCTTCGAACACTTGGGACATGCCAATTTTTTTTCCAATAATTGCGGGCACGTTTTTTTGAAAAACAAAATGCTTTCAGCGCTTCCAAAAGCGAATGGTGTTTTGTTTTCGTGCGACAACAAAACCCAATGGGAAGATGAAAATGCCGGAACATTCTCGATTATCTTATGGGGAAATGTCAACTCTTTTTTGAAAGAATTTGGGAAGGGGGCGAACGAGAACAGAATTTTCTCGCACTGCCACCACAAGAGCAATGAGTTCTTTTTTTGCATTGCAGAGAGGCATTCCAGAGGTTGCCCATGGGTATTTTCCGGAGATTTCTCTTAGTCCTGAAAAGATTTTGGTTTCACCGGTAATGGGGTCTTTTGAACCGGATGAAACTATATCTTCACTTTCTTTTTTTGACGAAAATTTTTGTTCACACGGACTAAAATCTACTTCTGAGGAAGCGAGATCAGAAGAGATGATGAGAGGCACTCCACATTTTTCTGTTTTGAGAAGTGCAAGATCTTCTTGTGGAAATTGTTCAAGAACGTCATATCCGGGGAGAATACTGCCAGAGGACAGAAGGTGATTTACCGTGAGAACAGTGTAGCGATCGATATATACTCCGGTTCCTTCGATTTTTTTCTTTGGAAAATCCCTTTCTTTTTCAGAAGGAATATACGCGGAAATGGACACCAAAGAAGGTAAACAAGGTGTCTCTGCTTGATTTTTCGCAGGAGAAATACATCCCAATAAGAGAAAGGGGAATACAAAAAAAACTCCGGCAAAATATCCAGAGTTTTGAAAAAAATTCGAAGAAGACATAATTCTCTTTTTTTAGAAAACAACAGAAACGTATGTTTTTCGATATGTTCGACCATCGTATCGTTTTTTTCTCTTTTCGTAATATTCTACTTTTCCATCTGAACTCGCAAAAAGTGTGAAATCTTTTCCGACACGCACGTTTTCTCCTGCTTCATACTTTGATCCTCGTTGTCGCAAAAGGATGCTTCCGGCAGAAACTGATTGTCCGCCATAAACCTTAACGCCAAGACGTTTTGCGTTTGAGTCTCGTCCATTTCTACTGGAGCCACCAGCTTTTTTGTGTGCCATACGACAAATGAAAAAAGTGTGTCAACTGTAAGTGAGGAAACTCTTTCTGTCAATTATTTATCAGTCGAGGCGGATGAAATTTCTTCTGTCGACCCCGATTTTGTATCTATACTATGGTTTATGAGAACGCTCTCAAGAAAAGTGGCATTTCCGGTTTTTTGAAAGTAGATAAAATTGCGAAGATCATCACAACGGAAGTGTACCCGACCATTCCAAATAAGTTCTTGTATTTTGCTGACGAGATGTTCATTTTCTTTATCTTTTGGCTTTCCATCTTCTTTTGTCGTTAGTTTTCTGAGTGATGGTTCGAGGCTTTTCTCTAGATTTTCGCGTCGATATTTAAAAAAGTGGAGAGGTTGCGATCGTTCCATTTTAGAAACTATGATGAGGGCCTTATCGATGAGCGCGGGATCTTCTGTAAAAATTTCTTCCGTTTTTTCTTCTCCACGAGGAAAAACTTCGTTGTTGAGTTTTAGATGAAAAAGAAGGTTGTACGCCTCTTTTTCTATTTTTGTATCTGTGTGATTTTTGGTGAATCTTCCGACGGCTTCTGCAAGCTCGTGATTTTCACTCAGAAGTATTGTCCACTCCTCGGGTACGGGAATTTTTTTGCTTTCTGGTAGTTTTTTTTGGACGGTATGCGCTGGTTCTTGCGATTGCCCTGTTGATTGTGGTGCTTGTACAAGATTTCCTGATGTGGTGGCAGGAGCCCTCTTTTTGATTCTTCCGCTGTATCTTGTAGAAGAAATTCCTGTGAACCAATTCCGAGAAATTTGGCAGTTTTCATATTCTTCTTTTTCGGTGCCTGATGGAGTTTCTTTTTTTTGGATTCCGTTAAGACCCGATGATTTTTTCCTTCCATTTTTTTCATCGTGCGGATGTTCGTCTAAAAGATATTGCACTTCAGGATTATTCCCATTTGGCGGACCTATTCCGAGGATAAGAATTTTATTGTCTCCATTGCGAAAGGCAATTGTTCCACCATTTTTCAAAACTTCTTTGGCGGCATTTTCATCAAATTTCATCTCTGCATATCCACTATCTCCTTTTTCTTTATTTTTGGTGTTTCGTTGTTCGAGAAATTTTTTTATGAGAGGGATTTGCTGTTCTGGTGGAATATTGCGCACGCGCGGATCCTCAATAGCTACTCGAAACAGTGAATTTTCCTGCTTTTGTTGCTGTTGATGTTCTACTTCTTGTTGGCGAACAATGGGGGTATCGAGTCGTTTTGATAACGCATTTCCCATTTCATCTTGGATATTTGTTTCTCCGTAGAGCGCTTTGTGAATTTCAAATTGTGCATCATAAGTATCTCCTCCTTCGTTTATATTGGCGATATGCTCTGATGATTGCGTCGATGAAAGGGGTGTTGCTCTCTGAACTTCTTGTTTTCGAAAATAGTAATCTCGTCCTTTTTCTTGATTTTGTCGAAGAGAAAGCGTTGTTTTTTCTTGCGCCAATTTTAGATTTTCCCAAGCTTCCGAAAGATGATTGGTCGGAAGATTTTCAAGTGTTGCTTGATCACTGTAATCTATTGTTGTTTTTGGTTGTTCTTTTTCCGGAGACGGAGAAAGCTCAGTTGCGACTGATCCCAAATTTTTGTCATTCCACTGAAAAATATTTCGTTTTTCTTCAAAGAACCTCCTCTTGTGTGCCAGTGATCTCCAGTAAAGAGGATTCATTTGATTTGAGTTTCTGTTGTATTATGAGAGCACATTTTGCATTTGGTTTTCTATTTCTGCTTGCTCGCATTTTCGCTCTGCCGTTTCGAGTTTTTCCATTTCTTCGAGCACTTTTTTGCGGATCTCTTGTTCTTTTTTTTTCGAAATTTTGAGCGATTCCGAAAGCGAAAGAATCTGCTCAATAAGCTCTTCACGGCTCATCTGTTGTGCTGTTTGGTCTGACATTTTTGTTTTATAAAATCCTGCTATGGTACTCTTTTTTGATACAAAATTCAATGTTGATCTTTTAAGATTTCCTCTTTTAAAAGCAGAAGTGCAAAAAGAGTAGCTTGTGTTTGTACTTCAATCCGATTTCCAGAGAATGTTTGTTGAACTGTTTTTTCTCCATAAATACTAGAAATGCCAACAAAAACAAAAGGAGTCTCTTTTTGAGATTCTTCCGCTATTCCAGTTGTGGAAATACAAATGTCCGCTTTACACTTTTCTCTCCAGCACTTTGCCATTTCTGCGGCACATTCTGTGGAGTAAATACCGAACTTTTGTATAGTTTTTTTGGAAACACCGAGAGTATCAATTTTTGCGCGTTCATCATAAAAAATGCCACCGGCAAAAAAAATATTGCTTGCGCCAGAAATTCCTGTGATTTCCGCGGCAATTCTTCCGCCAGT
CP065009.1_gap4	118210	121619	3409	CACTTATTGAAATTGGGATAAAGTCAGAACGAGCAAAGGAATTTTATTTAAATATCAAAGAGGATTTTCAAAAGGGACCATTTTGGAACTCTGGCGTTATTTTTACCAATCAAAGAGTAGAAAATGGATCAAAAGACATTTCTTCTTTTGCAGATGCAAAAATCCCAAAAGACTTTGAATATACTCTGCGGACAGAAGGAATGAATGAAGAAGAAGTTTTTTCCAATAAATTGGAAATGAAAAAGGATATAGCAACACAAATAAAATCTTTTGATCTCTTGGATTTTGAAGAAAATCTTTTACGAAGTATTTTGGGAAAATACAGTTTTTTTTCTTATAAAAATCTCAAGAGCCGATATTTGGGAAACATAGGCTCTTTGAACGAATTTCTTTTTTCTGAAAAGTATTTGGGCGGTGTACGAATAAAAATCACGGGGAGAAGTGAAAAATTGTTAAATTTAACCATCCGAGAAAAGAAAAAAGCATTGCATCATGTTCTTCAAAAAATAGAATCTCATCTCAAAACAAATACACCAGAATATATTGGAACCAATCTTTTTCGAGCCAAACAAGTAAAAGATGTTTTTAAAGACAAAGTTTTGAGACTGGACGCCGAAAGTGAGCGAGCGCAATTTATGGAAAATTTTGATTTTCATGCTTGCGACTGGTACGCACAAACAGAGCTTCATGGAACAAGTGAAGAAGAGGCACTTTTACTCTTTATCCAGAGTTTTATTGATGAACTCAAAAAAAAATACGAAGGGGTGTATTTGGTCCGAAATGAGCGATTTTTCACTCTTTATACTTTTTCAGAAGGAAGAGCCTTTGAGCCTGATTTTATTCTTTTTTTAGAAGATAAAAGCCAAGAAAAAAAAGTTCAAGCGTATCAAATTTTCATTGAACCAAAAGGAAAGCATTTGATAAAAGAAGATCAGTGGAAAGAAGACTTTTTGAAAGAAATTGAAGAAAACTATGAGGTGGACTATAAAACTGAAACAAAAGATTTTAAACTAATAGGATTGCCATTTTTTAATAAAGAACAAGAAAAACATACTCATGAATTTGAAAATACTATAAGAGAACAGCTTTCTTTGTTTTAAGATAATGACTACAGCAAATTATGACAATGCAAAATCAAAGGCACTTGATCTTCTCAGGCTCTATGATATTCAAGAACCGATTGTTCCTGTTTTTGATATTGCGAAACAAGAAGGACTCAAAATTTCTTTTTTTACTCCAGAATCAGCAGAACTCAAAGAAATTTCGGGTATACTTCAAGAAGACACCAAAACAATATTTATCAATTCCAGTGACTCTCCTCAAAGACAAGTTTTTACCGTTGCTCATGAGCTGGGGCATTGGACAATGAAACACAAAAGAAAAGATGAAGTTCTCTATCGAATGAGTAGTATTATTACAAAAGACCCCCAAGAACAAGAAGCAAATTGCTTTGCCAGTCATCTCTTGGTCCCAAAGGAATTTTTAGAAAAAAAGATAAATGAATTTAGCCTTAATATAAATGATACTGCTATTCTGGCAAAGCTCTTTGGAGTCTCCGAAGAAATGATTCAATACCGTATAAAATCATTTTCCTATGAGTAAAGATAATTTCAAAAAAATATTGGAGAAGGTGATGGAATCAATTTCTCTTTCTGATGAGAAAAATATTACCTTGGGTTTGAATGATGAAAGAAAAAAAGTTGAGAAAGAAAAAACAATTATCGAAAGTTTAGAAAAAGAAAAACAAAAAAAAGAACAGGAAATAAGACACCAAGAAAGAAAGGATGTTCTCGATATGAGAAAAATATGGTCAATTTGGCTTTTACGCCTTATTTGGCTTATTGCTCTTTTTGATATGGGCATTGTTCTTGGGTATGGTTTCCAATATCTTACTTTTGACAATGAAAGTTTTGTAGCAATTATTATAGGGGAAAATCTCTTAAAAATTGCAGGATTGGCTTTTATAGTCGTCAAATTCTTATTTAATGGGAAAAGTACAAAGTAAGAATCTCAAATGATTTCGGTTAAAAAATGACTAACTTTCAAATAGAATTGGCAGAACCAGAAAAGCTCTTTCTTGTGTATTACTCTCTTTTTTATCACAAAAGAAAAGAATGGAATGAAAATCTCAAAGGAAAGTATATTTATTTTGATGGAATCGTGAGAGGATGTATTGCAAGTGATGAAATCAAAAAATATTTGGAAGAGTTATATGAAGAAGAAATTTTGACTTCCTTTTATGTTTGGGATTACAAAATAGAAAAGAAGGAAGATGTTGATAAACTTTTTTTTATAGGTAAAAAAAAGCCAAAAGGGCTTTTAGAAGACATAGGCTTTCTCAAAATATTTCCTGATATAGGTGGATATGGCGATTTTAAGCATTATGATTTATATGCGGAAATAAATGAAGAAAAAGCAGAACAATATATTTCTGAATATCTTGAGAAGTGGAAAAAAAATGATCTTTATTTCACGGAATTCAATATTTTACGAAAAGAAAAGCAAATTGAGATGGTCGTCCAAGATATTTTTTCCATTATCAAAAATCATTCTCATACAAACTTCCTGATTCATTCAACGAGGATGAGCATAGGGGATGAAATGGATTTTGTTGCGACTGTTCTTTTTTTGCAAAGCGTAGGAGATATTCATATTTCTGGATTCTTTTCCAAAGGTACTAGGTATTACTCTTCTGAAAAAGAAACAATTCATTTCCGCATTACCCTTACCGAAAAATTCTTTGAAGACTTTACCTACAGCCAAAAATCAGGACTTGTCCATTTTGATTTTAAAGAACTGACCACAAAGGAAAAATACGAAAAAATATTCTTTGACGCTCCCTACAGGATCTGGATAAACAAAACAGAATACCGAATGAACAAAGGAAAGTTTCCGTATGAACTTATGAATGCCTCCTTTGATGATATGGCAATAAAAAGCGTTCCAATAGACGAATTAAAAACATTAATGAAACTGGAAGAAAAAGGCATCCAAAAAGGAATTGATAACTTCAGAATAACTCTGAGAGATAAATTTTCTTTCCCTGCAAATGAGCTCTTTTTCTCGGTACAAGATGGAGAAATAACCCTAAATCCAAAAATATTCAAAAAAAGGGAAAAAAAGGAAGAAATAGAAAAGAAATAGGAATATTCTTAGGATTGCTCCTTTGTCAGAATAGGAGCATGAAAAAGCAAGCAGAAACCTCAATCAGAGAAACGGCATTCAGCACCTTTGAATTCTCCTGTCATTACCCCGAAGAAAACCCCATAGGAGCAGAAAAAGACATTGCTCATGTTCTCTCTCATGTAGGCGTTTTTGATACTTTGAAAAAAAATCAATCTTGATACCAAAATTCATTTGGGATACAGTACCCCCGATGAAAGCATTTCCAAGTGAAAACAGCGGAAAA
CP065009.1_gap5	140724	143686	2962	CTTCGCCATTATTGAAAAAAGAGAGGAAAAATGTTCGATTTCATCAGGGCATCATGGTAACTCCTTTGATATTGAAAGGCAAGCACTTTTCTATCGGAACGCGCTACCATAAAAACCGTATCGGGGAAAGTAATAGTGTCATTGAGGTAGAAATTCGCTTTTCCTACCGTATTTTGTGGTTCGGAGAGGGAAACTTTTGCATTTAAGTTCTTTGGAAGAGCACCATCAATCTTTGCTCGAACGAGAGAGAAGAGGCGTCCTGCGCTCATAGATTCAGTTGGAATAACGCGACTCACCTGACCTATTTTTTCTCCATTCCACAAAAATGGAAAGGTAACAACAAGAAAACCGTCTCGTTCTGGCTGAACCGAAGCATGCTGAAAGAGGGCAGAATGACGATTCCCCATCTCAAGAGAAGCACCCTTTGATTCAAGCTGAGCAACGGAGAAATATTGCTTTGGATCCACTCCTTTAACAACAGGCGTTTCACCATCCTTATTTTCCTCAGAAACGGCATATTGACTTTCTTCTTGCGGAAGAAGAGCCACCTCCGCTCGATCAAGAGTTTCTGGGCGAACCACAATTTCGAGGGAAACAACGGCGAGTGCTACCCCTAAAACACCGGAAGCAACGAGGAGAGTCCGCATGAAAAAAGTGTTATTTCTTTTGAATCTGAGAAAAAGAGAGCTCCATGGGGGTTTCGCGTTCAAAGAGTGTAACAAGGACGCGAAGCTTTCCTTTTTCGGGATATACCTCGCTGACAACACCCTCATGAGTGGCGAATGGTCCATCGATAATTTTCACGATATCGCCTTTTCCAAAGTCTGCTTTGTACTTTGGTTCATTAACTCCCATTCGTTTTCGTACAAGTCCAAATTCCTCAGGAGTAACGGGAACTGGAATATTTCCCGATCCAACAAAACCGGTGACGTTTGGTGTATTCCGCACAACATACCAACTCTCATCTGTAACAACCATGCTGACGAGCACGTATCCTGGGAAAATACATTTTTTGCGTTGGACAGGTTTTCCTTTTCGCAAAATAACTTCGGTTTCTTTTGGAACAACAATTTCAAAGATTTTTCCTTGCATATTCATCGACTCAATTCTCTGCTCTAGCGCATTTTTTACGGAATCTTCATATCCAGAGTAGGTATGAATTACATACCAATTCCGTCCTGCTTTGGAATCTTGACGACCAGCAGATTCTTCTGTTGCTGTTTTGATAATGGTATCTTCTGACATACGTACTAAAGAGAGAGAATAACTTTGCTGAGAACCAAGTCCACAAGACCAATGATGATGGCGCTTGATCCAACAAAGATAGCGGCAACAATGCTAATGCGCATGGCATGATTTTTGGTAGGCCACTGAACCTGTCGAAGCTCATGAATAGCCTCCTGAAGGTATTTTTTAACGGAATTCACGAAAAAATAAGACAGGAAAGAAAAAGTATCACTTTTCGATTTTGAAGTATTTTTTTCAAATCTGCAAGAAAGTATTATACAAAAAGCTCGGAAATCTGTACGGCATTGAGTGCCGCACCTTTTAAGAGTTGATCTCCGCAGAGAAAAAAGTCGATTCCGTTTTCCCCAAAAATAAGACTCTGTCGAATGCGCCCTACTTCTACATTTTCCTTTTGAGAAGCGGTGAGTGGCATAGGATAGAGAAATTCTTCTGGTGCATCTCGCACCTCTACTCCGGGCGACATCTTGAGAATTTCCCTTGCCATTTCTGGGGAAATCGGTTTTTCTGTTTCAATGGTTACCGATTCCGCATGCGCCCGAAAAGTAGGAATGCGAACTGCGGTACATGAAATTGGAAGATTTGGCGCTCCGAAAATTTTTCTCGTTTCCCAAGTCACTTTCATTTCTTCTCGGGTGTAGCCATTTTCTTGAAATGAATCGATATGAGGAATGAGGTTAAAAGGGATTGGATGAACAAATTCTTTATTCAAAACAGGTTCTCCATTTAAGAAGTGTTGTGTTTCGGTGCGGAGTTCTTCCATGGCAGGCGCTCCGGCTCCGCTTGTTGCTTGATAAGTAGAAACAATGACTTTTTTACAAGTGAATTCTCTGTGGAGCGGATAGAGGGCAACATTTAAAATGAGTGTACTACAGTTTGGATTTGCAATAAGTTTGTGCCCTTGTGCCGCTTTGGGATTTACTTCTGGACAAATGAGCGGTACATCGTTTTCTAAGCGAAAAGCAGAGGAGTTATCAATAACAATTGGTTTTCCCTTCGCGATTTCTCTTGCATATTCTTTGGCAAAACTGCCAGAAACTGCCATAAGCACAAAATCTAAATTCTTTGTTTTTTCCACGGAAAATTCTTCAACAGTTTTTTCTCCAAATGGAGTTTGAAACACCTTTCCGGCGCTTCTTGCACTTGCAAACAGATGAAGCTCCGAAAGTGGAAAATTGCGCTTGTGGAGAACGGAAATCATCTCTTGTCCTACAGCACCGGTGCATCCCACAATTCCCACAGAAGACGACATACTTGAATTGGAAAAAAGCGGAAAGGAGAATACAGAAAACATTTGAGAAAGGGAACTCCTGTGAAAGTAAAATGAGAACATGGTTTGGGTTTGCGACTTACCATGTTCACAATAATTTCAATTTCAGCATGTCGTGAAAGTTGCTTTGAAATTACTTGCAATGACTCTTTTTTTGGATGGGATTTTGCACAGAGTCCAATGCAATTCAATTCCAGCAAAAAAAATATATATTAAACAATAAAAATTGTTGACAGAAAGAAATTAGTAATGATAAAAAATGCACTATTTTTGAGCAATTCGTTCTTTTACATCATTGTTGTTCTGGTGAGTATTCTTCTGTATTTCATTGCTAAAGATTGCAAGAAATCTATTTTTGATAGCGTTTCTTGTTCTTCGGTATATTGAATGCAGATATCCTGCTCGCCAGAAAGGTGGGCTTCTGAAAAAAAGAGGAATTTTGTTATG
CP065009.1_gap6	195377	197767	2390	ACGCGTGCGATCTTTTTTTCTCTTATCAAATTGGTGCAAGGAGGCGTTTTTCCAGAGTGAGAGCACGGTTCGAGCGTCACAAAAAGTGTTGCATCAGAAACAGGATGACCATTTTTTTCTGCATTTTGTATGGCGTTTACCTCTGCATGAGGTCCACCGTAGTATTCGTGAAACCCTTCTCCTATTTTTTCTCCATTTTTCGTAATTACTGCACCAACGAGCGGATTTGGTGAAACAGAGCCATTTCCTTTTTTTGCATGCACAAGTGCGTGGTTCATCCACTTTTTATCTTCCTGATGGGAAATAATGTTTTTCAAAATTATATTTTAACAGAAAAAAGCTTTGAGTTTTTCTGGAAAAAACTTTATAATGCTCAGATTATTCCTGAAAAACAATATTTGAAAAATACAAAATATCAGGAAATCAACACAAAATTTTTCTCTACACATGAAGAAAAAAGCTCTTCTTCTCCTTTCTTTAGGAGCGCTCACTGCCCTTTTCTCTCTTCCCTTTTTGCTTTCGGAAACGAGAGAAGATTTGGGTGCGTCCCTTTTTCTCCGAGAAGGGGTAACACATGAAGCCTTTCCAAATGGACTTCTGGAACCTTCTTTTAATAATTATACTGACGGCATTCCTGATCCGGAGAGCTCCGATGAGCGAAGCTTTTTTCGTATTCGAAATCTCTCTGCAGAGAAGCGAGCAAAAGAAGAGGCTCCTTCTCCCGAATCATCAGACGAACAAAAATCTGAAGAGAAACCCCAGTATCCTTATAAAAATGAAACCAAAGTTGAACAAGGAGATCTGCTTTTAGTTGCTTCTCTTGTTCACAACAACGGAAATCCAAGTCTTCCAAAGACTGATGCCCTTGGAACAAAACTCCGAATGGATGGATTTCAAAAAGAAGGGGATTTTTTCGAAACCGATTCCGCGAAAGAAATAATCCTTCAGGAGTTTCTGACTGCAGAAAATACAGCTCCTTCTGAAATTTCTGATACAGTTACTATTTCTTCCTCTACTAATGATGATTTTCGTCTTCGCTCTCTCGGAAAAATAACGCTTGCCCCTCTCTCGGGAAATACCGAGGACTATACTTCTCTCGATCCGGAACTCTTTTTTGGAGAGGGGGACTTTTTACAAAATCCAGGAGAAGAGAAGGGGGTAGTACAGGGAGGAGAAAAAAACTCTCTTTATGTTTTTGCATACTTTCAAGTAAAGAACGCAAATGGAGGCTCTGGCTATCAAACAAATGCCGCTGGAACATCAGTAATGACAGTGGTAAGCGATACAAGTAATATCATTACAGAAACAGGGGCGAGTGCGGTTTATCCTTGGGTTACGAGTACTTGGGCAAATATTCCAGGGGTGAAGTGGATTGCAAAAACATACTTGGTAGATGATCCCATTAATGAAACCTCTTTTGGCATGAGAAAGAATTTTGTTATTCCGGGAGATGTCGTTTCTGCCAATTTAGAAATTTCGTGTGATAACTCCTGTACTGTTCAAATTAACAGAGAATCATTCTTTTTTCCATACTCTACTTTTGATAAGGAGATAAATGGTACTACATATGGTGGAAGTGTGGCTATCACAAAGAGTATCAATACTGCTTTGCAGAAGGGGGAAAATACGTTTTCTGCAACAGTTGTAAATCTTGCGCAAGCAACGGGGACTGTGAATTCAAATCCAACGGGAATTATTTACAAACTTACCATTGAGTATGGTTCTCCTGGAGTTTGTGGCTCCGCCAATGGAGGAAATTTTCCTGTTACCCCTACAGAAAATCTCTGTTCAGCAGGAACACTCTCTTGGTTAGATCAGAGCGCTACTGATGGAACATATAATTGGAAATGTGCTGGATCAAGCACGGCTGTTTCTTGTGAAGCAAAAAAACCAACCATGCCACCGCCACCTCCTCCCAAAACCTGTTCTTCTGGAAACAGAGAACTGAAAACTATCGACTTTACTGGAACTGCACTCAGCCAATGGAAACATGAAATAAGCTATTGTGACTGTGATCTCAGTGATGTTCAAATTTCTACTGCTCGTCTTGCTGGAATTAATGGGCATATGCCGGTGGCGGTAGTTGTAAAGCACAACATTAATTTCAATTCCATTGCCGAAGGACAATGTGATCGAAAAGAAGCCTTCAGTGGAACATTTGCAACCGGAGGCGCATACACTACTTACCTCAATTATTGTAAAGTTGGAGGAAAACTCCAAATCAAACACGATGTTCCTCAATCTGCTGACCCAACCTCACAACAAATACACGGAACTTTGGACATGACGTGTAGCGCCAGCTCTAATTCTTGCACCATTACATCTACAAACATTGGCAATGGAAAGTATCGATTAGATTATTCTATTAGCTGGGGATCATGGTACAGCAG
CP065009.1_gap7	306439	310531	4092	TCCGGATGAAAAAGATCTCGAGAGTCATCCTTTTGTTCTTATTTTTCAAGAAGAAATTATTGGAACCCTTCGCCTCGATGAGCTTGATGGTGAAACAATTGCTCTCCGTGTATTTGCTATTTCCGAAAAATATCAAAATCAAAGATTTGGAAGACAAACATTAGATCTTGTGGAGCAATTTGCAAGGGAGAAAGGGTGTTATAGGATTGTTCTTAATGCAAATTGTAATGCCATCTCTTTTTATGAGAGATGTGGATATAAAAAAGGATTTTGGGAAGGCGATAGTACTTCTGGGGCAATCCCAATGGGAAAAAATATTTCTTTAAAAAAAGGATTTCCTGCCGATTTTATTGCCGAAGGTCTCGATCAAACTCGCGGATGGTTTTATACACTTCATGTTCTTGCGAATGCGCTTTACGATTCTCCTGCGTTTCGAAATGTGATTGTGAACGGTATTATTTTGGCGGAAGATGGGCAGAAGATGAGTAAATCGAAAAAGAATTATCCTGATCCTCAGATTATTTTTGATAAATTTGGAGCAGACGCCATGCGGTTTTATCTTCTCAGTTCTCCTGCGGTTCGTGCCGAAGATCTTCGCTTTTCTGAAAATGGGGTAGAAGAAGTAGTGCGAAAGGTTCTTTTGCCACTCTGGAACGCCTATTCCTTTTTTGTGACCTACGCAAATATCGATTCTTGGACACCAGATGAAACCTTCAAAAAAAGTGATCACCTGCTCGATAAATGGGTGCTCTCGGAGCTTTCTGCCTTTATTCGTGATGTGCAAAATGCTTTTGACGCGTATGAGCTCGATAGTGCCTGCCGAAAAATTCCAGAGTTTCTCGAAAAACTGACAAATTTTTACATTCGCCGAAGTCGTCGTCGATTCTGGAAATCAGAAACCGATGACGATAAAAATGCTGCATTTCAAACGCTGTTTACCGTTCTTACGGAAACAGTAAAAGTTATTGCGCCCGCTATGCCATTTATATCGGAAGCAATTTGGCAAAATCTTCGACAGAAAAATAACGTATCTTCGGTGCATCATTCGGATTTTCCAAATGCCGATGCATTTCCAGAAGATCGGGAGCTCGTGGAATCTCTCTCTGCAGTGCGTACTATTGTTTCACTGGCGTTGGCACTTCGTGCGCGCGAGAAGCAAAGAGTTCGTCAACCGCTTGCGCTTCTTAAAGTGGCGCTTCCGTCACGGTTCTCATCTGATATTCTTACGAAATACGAAGATATTCTTCTTGAAGAAGTGAATGTAAAAAAAGTGGAAGCAGTGCAAAACCCAGAGGAAATAGCGGAAAAATTTGCCAAACCCGATGCGCGAAAAATTGGTCCGAAATACGGAAAGGAGGTTCAGGAAATTATCCGTGAAGCAAAAAGCGGAAACTTTATCGAGCATGAAGATGGTTCGTGCACGGTTGCTGAAAAATGGGAACTTACTGCGGAAGAAATTGAGATTGGCTTTTTGGGAAAAGAGGGGCTTTCTGCTCTTTCCGAAGCAGGAATTGTGGTGGCACTCGATACTATTGTTACACCAGATCTTTTACTGGAGGGGCACGCACGCGAACTCATTCGTAATATTCAAGAGCTTCGTAAAGAAGCGGAGTATGATATTTCCGACCGTATTTTACTCGGCATCTCTGGCGCAGATGATATTCTTGCTCTTTTTGGCGAAATGATCGCTACGGAAACATTAGCGACGGAAATTTTGAAAGAAATTCCCTCTGCTGATATTGAAAAAACGATTTCGCTTGAAGGGAAAGATATCCATCTTTCATTATTATGGAAGTAGGGATATTTCGTGATCTGCCATATAGGATGAACATAAAAAACCCCTTCTAAATAGGAGGGGTTTTCGAAAACTTATTACAAATTAAGTTCTTAAATATTGGTGAAATAATCCATAACGAATCCAATAAGACCCGCAGCGAGTACTCCAACAAGCACTCCAATAATTGCTCCAAGCATGGCTTTTCGTGCTTTTCGAATTTTTTCATCATCTCCGGCAGCAGTGGCATACATAATACCACCCCAGATGAGAACGGCAGTAGAAACAGCTACAACAAGCCATCCGAGAAAGCTGATAATTTTTTCGACAAGCCCCATAACATCAAAGGAGTTCGCGCTATCATCAATACCATCACAGTTTTCGTCAATTCCATTGCTTGGAATTTCTGCTGCATTTGGATGGAACGCAGATCCTGAAAATGACCGACCACTATATTTGTTGGTATCAATAATTTCGCTAATTTCTGGGACTGTCAGCTGATGATCATCCCCAAGGGTGTCACATCCACGACCTTCACGAAGTGTTGGGCAGTCACAAATAGCGGGTTCGTACCCTTTTACACCAAAGAAATTATTTCCATCACAACGGTTTTCTACTTCGTGCCCTGCTCCTAACACTGTAAAAGTACTATCTGAAAAGTATCCGTCATGATCGCTATCGGTGAGTGAACACGTTGCCGCATGTGCAGGAATTATTCCAACTCCTACCACAAAAAAAGGGAGGAGAAGAGATATGATATATTTTTTCATGATTCTTTGGGAGAAGAAAACCAAGTTCTATTGTATCACAAGCCTCTTCCTCTGCGCAAATTTTCTCTTCTTCATGAGTGATGTTTTAAATGAATTTTAAAAAATTGATTGGAAAAGCCTGAGAAATATGAAAAGATGCTCTGGCATGGAAAAAACGATACGCGCCGCTGCCGTGGCGAAGCACATTGGCATTACTTCTCAGGATCTCCGAAAAATGCTTTCGGAAGTAAATTTTGGTGTAAAACCAAACGATCGCGAATTTCCCGAATCGCTTGCATCTGGTATTGTGCGTTTTGCGGCACGTCGTCTTAACAGAGAGATTCCGCCACTTCCTGTTCATTATGATGAGGAAGATGACGAAGAGGAGGAGGAAGAGAGAGAAGATGACGAAGAGGAGGAGCAAGAAGATTTGTTAGAGCCCAAAAAAGAGACAGCATTTGATCGACTGAATCGTCTTGCAAAAACTCCATCTCAACGAGAAGAGAAGAAGATTGATCAAGAAGTAAAACCTCCTTCAGAAGAGGTTGCTGTTCCTGCGAAAGAGCAATCAGCAAAAGTAACACCCGCTATTTTTCGAAAAATAGAGGTTTCCCCAGAAGAGGCGGCGGCGGCGAAAAAACGCCACGAGGAAGAAGTACAAAAGTCTAAAGAAGACCGAGAGCAAGAAGCACTCGAGAAAAAAGCCATGGAGCGCCGAAAAAAGCGTGGTCATGTGCTTGTCAAAAAAGAAGGAGAAGTAGAAATTCCTGCTACTATTTCTATAAAAGAGTTTTCCGAAAAAGTGGGAGTTCCCGCAGGAGAAATAATCTCTGTCCTCCTCAAAAATGGAGTTATGGTGACCATGACACAGACACTCGACTTTGATACCTATGCGATTATTGCGCCAGAAATTGATGTTCAGATTCGCAGGGCAGAAGAAACAGGAAGCGCTGAAGCGCTGAAGGGTCGAAATCTTTTGGAACTGTTGGCAGATGAAAAAGAAAATCTTGTTCCTCGTCCTCCAGTTATTGTTGTTATGGGGCATGTTGATCATGGAAAAACAAAGATTCTTGATGCCATTCGTCAAACAAAAGTAGCAGAAGGAGAAGCTGGTGGAATTACACAGCATATTGGTGCTTATCAAATTGAAAAAAAAGGTCATCTACTTACCTTTCTCGATACCCCCGGACATGAGGCATTTACTGCAATGCGTGCTCGTGGTGCAAAAACAGCGGATATCGCAATTCTCGTGGTTGCCGCAGATGAAGGTGTAAAACCACAAACTATTGAGGCAATTCACCATGCGCAGGAGGCGGGACTTCCCATTATTGTTGCCGTTAACAAAATTGACAAACCCGATGCAAATATTGAGAAGGTAAAAGGGGAGCTTGCGGTACACAGTCTTACTTCAGAAGATTGGGGTGGAGATACAGTGTTTGTTCCCGTTTCCGCTCTTCAAAATCAAGGAATTAGTGATCTTCTTGATATGGTTATTTTGCGATCTGAGTTTTTGGAGCTTACGGCAAACCCAAAACGCCTTGCTATAGGAACAATCATCGAATCAAATCT
CP065009.1_gap8	312358	313409	1051	CAGCGCAAGAAAAATTGACGATTGTGGGAGATCAAACAAAAGAAACACTCGGAAAGGGGAAGGAGGCCGCAAAAAAACTTGAAGTAAATGCTCTAAAAATTCGTGATGATGTTCAGCAAAAGGTAGGAGAATTTCAAAAAGCTGTTCGTGAAGTTCAAGAAGCGCAGGATGCAATTTCCACACTTCTTGGCTCAAATCAATCTTCCTCAGATGTTCCTTTTGATCTTTGTACTGTTGATGAAGATTGTATTCTTGTTTCCTATGAGGGGTGCTGTTCTTCAGTAATTTCGATAAATCGAAGTTTTGTTTCTAAATATAACGCCCATCCAGAATGGAGTGGAAAAAACAATACTCCTTCTTGTGTACAAGAGAGGTGTTTAGGAATGTTTGACGAAAATTCTCTTCCGGTGTGTCAGTCAGATGGAGATGGCAAGAAAAGGTGTGGTCTTATGCCCCCTCCATAACACTTGATTTTTGTTTTATCCCAAAAGAGCTTAGGAGTTTTACTGTCATGGAAAATCCAGTGAGAGCAAAAAGAATTTGCATTGCTCCAAAGAACATCAACACCAAGTAAAATGCCGGATGAAAAACGATCCCCAAAAAGATAAAAATAAAATTAGTCGCTCCACTTATTAAAAAAAGGAATCGTTCGATGTACCACTTATCGAGTGGCCAGTCGAATCCCTCTATGGGTTCAGTTGCTTTTTTTTCAACATCAGCAATAATTTCTGTTATTTTCTTCATTGTATTTTTGGAAAGACATTCTGTACTATATCATTTTTTTAGTGATTTTTAAATGCCAACAGTTGACATTTATTTTTTAAGGTATTAAAAGGGAATTCATATCAATTTTCTATGAAAAGAAATGGGAGTTCTCTCAGAAATCTTCTTCTATTTTCACTTCTTCTTTTTCTCTTGAGCTTCTTTTTGAGAGGAGTGTCATTGGGAGAGGAGGGTAATTTTCAAAAGAGTGCTAAAAATGGTGTTTTCGATTCCGTGCTCTTTTTTCATCAATTTCAACAGCAAATTCCTCTTTTTTCTGCTCTCTCTG
CP065009.1_gap9	324873	328107	3234	AGGCCTGCAAGAACAAAGCCGATAGAAACTGAAGCAGAGTACATTTGTATTTCTTCTTCTCCTTCTTCTGCTGTGCTATTGTTTTGAAGACCCCAAACATAGTACATAAAAAGGAGAAAAAGGCTTAAAAGGGCAATTCCATCACTCCGAGAAATTTCATTAAATCCGCGCCCCTCAAGAAGCGTATCGTTTCCAAAAAGAAAAATGAGTGCTACTCCGAGAAAAGCAAACGGAATTTCTTTCCACACTGTATTGCTCTTCACGGCAAGCGGGTACACAAGTCCTGCACACCCAAGAATAAGAAGAATGTTTGCAATGTTGCTTCCCAGTATGTTTCCAATTGCGATGTCAGTATTCCCTTTTACGGCGGCAAAAATATTCACAATAAGCTCTGGCGCAGAAGTGCCAAACGCGACGACGGTAAGTCCGACAACAAAAGGTGAAATGCCAAAAACCCTCGCAAGAGATGAAGAACCACGAACAAGAAATTCTCCTCCGACAATGAGAATGACAAGCCCTATAAAAAGAAAGAGGAAGGGGAGAAAAATATCCATTATGTTGAAAAAATCCCACCCATTCTTCTCTGTTTTTGGAGTGGCGTAAAGCATATTCCTCTGAAAAATATCCTCTTCTTCTGTTGGAAATTGGATTGTCGCAAGAAGTGAGACAATCCAATTTGCTCCTAAAAACCGTTTGCTTTCTATTTTGCTTCTGGAGTTTCTTCTTGTATGTTTGTCTTTTCGAGGAGCAATGCTGGTGAAGTCTCTCCAAAAAAGAACCATTTCCACTGATCTCGTTTCGGACGTCGAAGAAGAATTTCTCGCTCGAGAATATTTTTATTTGGTGCTGTTTCAAGATTATCTTCTGCCAGAGGAGGTTCTATATACATTACTTTTTCTCTTGGTTGCATGAGCCCTTCGTGCTCCTTCGCCCATTTGTCACGATATTGCGGAGAGCGAAGATATACGAGTTGCTGTTCCAAGTTTTTATTTTCCTCTTCAAGCATCTCAATATTATGCTGAAAATCGCCTATCTCTCGTTCGAGTGTTGTGTGTTTAAGGAGGGAATTTCCCCAAGAAAATGCGAGGAGAAGTGAGATAAAAAGGCTTCCAATGATAGTCACACTTGTTCCGAGGGATGTTTCGTTAAGGTGATTTTTCCGCATATTGCTCTCAAAAAAACAGCTTTTGGAGATTATTTTTTCTTTCTTACATGTTTTTTTTCTGAGAAAAGGCGTAAAGAGCGAATTTTATGTCCATCCATTTTTTCAATAACAGCATATATTTGTGGAGTAAGATGAATCGTTTCTCCGCGTTTTGGAAATCGTCCGATATTCTCGAGAATTGCCTTTGCAATGCGATCTGCTTCTTCTCCGGGAACTTCTAATCCTGTTGCTTCTTGAATATCTTCTAAATAGGCATTTCCTGAAACAAGAAAACTTCCATCGGGAAGTTGTCGAATTTCTTCTTCTTTTTTGTCGGTTTCGTCTTCTATTTCTCCAAATACTTCTTCCAGAAGATCTTCGAGTGTCACGAGCCCCGCGGTTCCTCCGTGTTCGTCAATGACAATTGCCATGTGTGTTCTTCTCCACTTCATCTCTTTCATCACGTCTTCGAGGAGCATGCTGACAGGAACAGTGAGTGGCGGATTTTTAGGAAGGTCACAAATTTCTGTGTGTGTTGGAAAGCTCTGTTCGTATTTCAAAATGTTTTTCAGAGTTATAATACTTGTAATGCGATCGATTGTTTCCGAAAAAACCGGAATACGACTATGAGTTTTTTCAAGAAAAAACCGAATTGCTTCTTCAAGCGTTGTATCATCTGAAAGAGCATCCATGTTTGGACGAGGTGTCATTACCTCTTCGGCAGTGGTTTCTCCAAATTCTAATACATTTTCAATGCGCTCTCGTTCATCTGCCTCAAGCGCGCCTTCTCGTTCTCCAATTTCCGCAAGTGCAAGGAGCTCTTCATCGGAAAAAATTTTTTCAGGGCTTTTGTTTTTACTGAGAGAATGAATGAGTTTTTCGAGTGGCCATATAAGTGGCAAGAAAATTTGTGAAAGCCAGTAGATGATGGGAGCAGTGAGGAGCGCAATGGGATCGGCGTGTTTTTGGGCAAATGATTTTGGAAGAACTTCACCAAAAAGAAGGAGGATAAGTGTTAAAATTCCGGTCATAAGACCAATAACAGTATTTCCAAAGAGTTGTGTAAAAAGAACAGTAGAGAGAACGGGAATAAGAATATTGACGAGGTTGTTTCCAATAAGAATGGTAATAAGAAGCCTATCTGGATGATTTTTAAGAAATTCAAGTGCATGCGCTCCTCGTTTTTTTTGCACCACAAAAGAACGTGCTCTTGCTTTTGAAACAGAGACGAGCGAGACCTCTGATCCAGAAAAGAATCCAGAAAAGAGGAGAAGGACAAAGAGAACAAGGAAAGAGAATAACGAAGGGTCTTCCGGATCCATAGTGGAGTTTTATCTGAGAAAATCCGTCCTATTATTCTTTCTTTTTTTTCGTTCGGCAAGTAGATTTTTTTCGAAAATTCTTTATGATAGCGAAAGAGGTATATGAATGCTGTTTTTTCTCCACAGTCGGCAACTATTCTTCGCACAGAGGAGCTCAATAAGAGTACGCGACTCTTTGTGCTCGATATTTCTTTTGGCGCAAAGCCAGGACAGTTTGTAAATATTTGGATTCCAAACCTTGATGAAAAGCCGTTTTCTGTAGCAAGTGATGATGGCAAAACGATGAGTATTGTTGTTTCTGCGGTTGGACCTTTCTCAACTGCTTTTTTCGAAAAAAATTCAGGAGAAAAAGTGGGCATTCGTGGTCCTTTTGGAAATACATTTTCCGTTCAAAAGAACAAAAAAATTGTTCTTGTCGGAGGTGGCTTTGGAACTGCACCTCTCCATTTTTTAGGAACAAAATCACAAGCAGAAGAATGTAAAATTACTGCTATTATTGGTGCTCGTACAAAAGACCTTCTTCTTTTTACTGATTGGTGCGAGAAGTCTGGTTTTCGCACACTTTGCACGACAAATGATGGTTCTGCCGGAACAGAAGGATTGGTAACCAATGTTTTGGAAAAGCTTCTTGAGACGGAAAAAATTGATCTTGTTCAGTCGTGTGGACCAGAAAAGATGATGGAGGCAGTGGCAAAACTCTGCCAGTCAAAAGGTGTTCCTTCGGAGCTTTCCCTCGAACGCTACATGAAATGCGGATTTGGACTCTGC
CP065009.1_gap10	334587	338700	4113	AAAACAGGCAATGCAAGTATTTGTCGAAAAAAGATTGAAAGAATTAGAAAAAGAAGTTCAAGAAAAACAAAACACATTATCACTTGTTGGGAATAGGGCCGAAAGTCAATTTATTAACCCTGAAACGGAGATTAAAAGAAGTTGGATAGTTGATGGTTTTAAAGTCAATGATCCAGAAATTTATTCTATTTTATTGGATAATTTTAGGAAATTTTATAAACATTGGAATAAACCAAATCTAAGATCAATAATAGGATATTCCGTTATTTATGCTCTAGGTGAATACTTTGGAAATCATTTTGGGACACAAAACACAGACACAAGAAATCGTGAATTTTACTCAGACCACACTACTGCCGATTCTGAAACCATAAATCTATCAGAATTAAAAGGAAAAAATTTAGCAGTTTGTGCTGAAAAAGCTACGGTAGCACATAATTATTTGAAATTTTTAGGAATAGATTCACATGTTGTTTTTTCAAATAGTTGTAAATTAGGAGATTCTACAGATGGTCATGCCTATCTTATATTTCCAACAAAAAATGGTAGATTTATATTTGATCCAACCAATCCAATTTTAGTAGAAGACAATGAAGGTAAGATGAATTCTATTAATCCAGCTTTATATAAAATATCGGAAGAAGATTATAATCATTTATTAAACAGAGATAATCATCAAGTCGTAGTTCAACACATAGATCAGAAATTAGATAATGGAAAATACACTCCTCAAGAACCTCAAAATAGAACATATGGATAATAGATGTTTTGGGCTACGAGCATTCACTCCTTTGGTGCCCCTCTGTCCTTCGCCCAAAACGAAAATTTTTCACTCGAACAAATGATAAAAGAGACTTAGAAATACACTAAAGCTACATTGCATTATCGCTTCGTTCGGGTCGCCTAACACAGTATATCTGGCTCGCTCGTGCCCTCGCTCGACCCATATTTTCCAAAAACTGATAGACTTTTACAGGAGTTTCGTAGTCGAGAGATTGATGAGGCCGTTCATTATTGTAGAAATAAAAGTGTTCCTTGAGACACTGTTGTGTGTCCAGTGGAGATTCATATTGTTTGAGATAAATATCTTCATATTTTACTGATATCCAGAGTCTTCAGTAAAGATATTATCGAGACATCTTCCTTTTCCGTCTATAGAGATCTGGATATTTTTCTTCTCAAGTTTTTCCGTAAATTCTGGACTAGTGAATTGAAATCCTTGATCTGTATTAAAAATCTCTGGTGTGTTTATTCGAAGAGGTTCTTCAAGAACTTCTATTTCATAAGACGAATATCTTCTGTATTGATGATCGGGGTGTAGTACACTGATCCTTGCGTAATACCAAGGAATTCACACTATCTTTTGATGCTTAAATTCTTTTGATGATTTTCAAGGAGCAGTTTCTTTTTATGAGGAGGAAGGGAATCCAACTTTTTTTGAGCCAGTCCACTTCTGCTTTGGACTGACCTACTTGTTTATAGAGTTCTTCTATGACTTCATCCTTTTCTTTCTTTCTCAGAGAAGAGTTCGGAAGCTTTCTTTAGGAATTCTGCTTTCTATTTTGATATCTGTATGAGGTGGAATTCATATTTTGTTGCCAATTCTGACATGGTGCTTACTTTTGAGAGTGCTTCGATTATTATTTGAGCCTTAAATTTTGCGCTGAATTGCCCTCGTTTTTTTGGTTAGAGAAAAGTTTGGTTTCTAACCTTAACATGGTATTCAATTTCTGGGGACCATTATAATCTCTCGGCTACGATAATAGTACAGTCCTTCCGCTTTGCGAAGGATGCTGTATCACTGAGAAACAGTTTGCTTCTTTGTCATCCTCATTTGTCATCCTGAACTTGATTCAGAATTTCAAGAGATTCCGTGTCAAGCACGGAATGACATCTCACAAGGAGATTGCGAATTACGTCTGCAATGAAAAAGGAGAAAAGCTAAGAGTCCATAATGATAAGTTCCTCCCCCTTCCATCCCCCCAAAGGAGGCTGTGACGATATACATTTTCGGGAAAAATGATTGCATAAACAAGGAAATGTTGGGGATGGAAAGGTTATGAGAAAATTGTAGGAAAACACATTACAGAGAAAGTAATCTCATCCAATTCTAAAGTCCCGGATAGCCTTTCTCCCACCATTTCGATTCGAGTGCCTTGTTCTTGTAATAATCTACCACTTCGCGTTTGACTCCGAGTTTCTCTAAGGCATCTGCTTGTACCTGAATGCATTCTTGTTCCATTTGCGCCTCACTCATATCTGGTACTCTCCCCTCGTGAAACTGTTTTCCGTGGCACGCTTCGTGTGCTAAAAATCCAGCGTGCATGAGTACGTCTTGTTTAGATCCATCCTTGAGAATGGTAACTTTTACTTCTCCATTATCGCCAAACTCTGTATAGCCGGAATAAAACGTATCGAGCTGAATTTCTACAAATAAATATCGAACAGTGTCTATGTTGTTTGTGACGAGCTCAAAATATTCCGGTGCTTCTCGACGAAGGTACACAAGGGCTTCTCTTGTTTGTTTTATGGTGCTTGATCCTCCCTTGACATGAATGCCAAACGGAGTGGAGTACCATGACCACCCTCCAACAACAAGGAGGAAAATGCCGAGTATTTTTGCAATATTTGAGAGCCCCATTTCGTTTTTGTATCATATTTATTATAAAATATTATTAATTTATTTGCAATTTTCGAAAATTGTGATTCAATGGTTTTTATGAAGGATAAAAACTATTTTGTATCGGTTGTCGTTCCGCTTTTTGAAGAGGCGGAAAATGTGCAGGAACTTCATAAAAAAATTGTGGTTGCCCTTACGAAATGGGGAAAACCGTTCGAAATTATTTTTGTAGATGATGGCTCTTTCGATGCGACATCTAAAATTTGCCGAGAGCTTTCTCCACTCACACTTATCCGTTTTCGGAAAAATGCGGGGCAGACTGCCGCGTTTGATGCTGGTATTCACTCTGCGAAAGGAGAGTATATTGTCACTATGGATGGAGATCTCCAAAACGATCCAGAGGATATTCCGCGGCTTTTTCATCATCTCGAAAAAAATTCTCTCGATGTGGTTTCTGGTTGGCGTGTGTACCGGAAAGATCCATTTTTGAAACGATTTTTTTCTCGTGGGGCGCATTTTCTTCGTCACATTCTTCTGCGAGACGGTATTCATGATTCTGGATGTTCACTTAAAATCTACAAGCGAGAGTGCTTTGAAGGATTACGCCTCTATGGAGAAATACACCGGTTTATTCCGGCGCTTCTGAAAATGCGCGGATTTCGTATTGGAGAACTTCCTGTGTCGCATTATCCACGTAAGAATGGGCAAACGAAATATAATTGGAAACGAGCATTTAAAGGGCTTCTTGACATGTTTGTCGTGTGGTTTTGGCAGAAATATTTTCGACGTCCACTTCATTTTTTGGGAGGAGTTGGACTCCTCCTCTGGTTTTTTGGCTTTCTTTGTCTACTCTTTATTCTCTTCCTCAAGATTTCGCAAGGAAACGATCTTTCTGACAATGCCCTCACGACACTCGCCCTTTTTTGTTTCTTTTTTGGACTTCAATTTCTTTTTCTTGGAGTGCTCTTTGATGCGATCATAAAAATTTATTATTCCCGTTCAGAAGAAACTCCCTATTTTATTGCTGAGAGACGGGAAAATGAAAAAGAAGAAGACGTGAATCATTAGTAACCCCTTCTTCTCCCGAAAACGGTGAAATGCGCTCTGTATTTGCTTCTAAGAATCCTGCCGACTCCAGAGGAATTCGCTCTAAGGCAAAACTATCGAGAAGAACGTATCCCGACTGACTTCGAAGAATTTTTTCAAATTCTTTTTGAGAAGTGATGTGTGGACGATTCATATATTGGGCACGTTCAACATCTTCCCAGTTTTTTGCTTTGCGATTCCAATCGAAGAGCAAAACAATATCTGTCTCAAGTCCATAGAAATAGGAAATTTCTGGATAAGGAGTAATAAAAATCTCGTTCGGTTTTTTTCTTTCCGTGAGAAAATGAAACGCAGTTCGAAAATCAGGTTGTGGAGTATAAAAACGGTATCCGGCACGTGGCATGTCTGCCTCAAGCGCGTAGGGAGCATTTGGAGCAAGAATCCAT
CP065009.1_gap11	342075	343529	1454	AAGAATCGCCTGGGATTTTTTGTGTTGAAGCAGGAGTACCAAATGTTCTTTTTTACGCTTATGCAAAAGAGCGACACCGCGATTTTTCCCCATTTTTTACCATTCCCGGAACCATTGGTGGTGCCATTGCTGGAAATGCAGGAGTGCCTCAAGGGGAAATAAAAGACGTTCTTCTTTCTGCGGAGGTATTTCACATTTCCCAAAAGAAATGGGAAGAAGTGTCCACTTCCTTCTTTCGTTTTTCGTATCGTCATTCCTGTTTTCATGAAGATCCTGCTCTTTGTAAAGAAATCCTTATTTGGTCAGCTCGGGTTTCGCTTCCGGAAAAATTGCCAAATGAAATAGAACAGACAGCACATGCTTTTCTTCAGAAGCGAAAAGAAACTCAACCATGGGGAATGACTGGTGGTAGTTTTTTTCGAAATCCTTCAGAAGGAGCTGCCGGTTTTTTCTTGGAACAATCGGGAATGAAGGGGCAGCAAGTTGGAGATGCATTTTTTTCTGAAAAACACGCTAATTTTCTTATGAATGCGGGAAGAGCAACACAACGAGATATTATTGATCTCGCCAAAATGGGAATATCTGCGGTTTGGAAAAGCTTTTCTATATTGCTCTCTCCTGAGGTTCGTATTCTCGATGAATTTGGAAACGAAGTTCCTCTTTCGCTAGAACATTTATAGAAAGTAGGATCGGAATTTTGTTTGATTCAAATAAAGAGCCCATTTTTTGGTTGCCTGTTTTTTTCGAGAGAAGGAAAAAGAAACGCTATCTCCATTGCGAACCGAACTCGCGAGTTCTTCCAGCCGACCATTGAGCCGTACTTCCTTTATAAAAGCGGATCTTTTTTTGTAGAGAAGACATGCCACATCAAGAAGTGTGGCAGGAGCATCAATCGTATGCGGAGTATTTTCTTTGTCGAAAATAATAATATGCCTTTCTCGAATAGCAGATTTGAGTAATTGTTCAAAGTGTTCTGGTGATTTTACCTCTGCTCGAAGATGGAGAAGTCCTCGTTCAAGGTTTCCCAGCATCTTCCCTTTTGTGAGCGCGTATTTTGCATTTTTATAGCGAGCATGAGAAGCGAGACCAAATTCATCTTGAGAATGCATACGATGTGTTCGAATTTGCACTTCAATGCGTTGTGGGTTTTCTCCTGGAAATGGAGAAACGAGAGTGTGAAGCGATTGGTATCCATTTTCCTTTGGAGCGGCAATGTAGTCTCGAAACCCCTCAAATGAAGGCGGAAAAAGTCGGTGCACAATACCGAGAATGTGGTAACAGTCCTTTTCATTTTCTGTGATGATACGAATAGCAATTCGATCTGGAATTTCACGAAAGGATTGGTGGTGAAGGAGGAGTTTTTTATAGGTGGAATAGATTCCTTTCATTCTCTTGTGAATCTGGGCGGGAATGTTTTCTCTTTGCATCTTTTCTCGGAGAATTGTTTCTGTTTT
CP065009.1_gap12	512008	514834	2826	CCACGCCTCGTGGTGTTGCTGAACGTTTTTTAGAACAGGCAACAGAAATTCATTCTGGCTTTCATCCACTTGGAAAATTAGGAAATGCTCTTACTGGTCGTGTCTGGAAAGCTTCTTCCAAAGCACGAGAAACAGAAATTGCCCTTCTCAATGCTACTGGAGACAGAACCGGACTTGTTGAAAGTGCACTTGCCACTTTCGAGAGAAATATTGGTTATTTTGGAGGAACAGCAGAAAAACAGATTCGTCAAATTGATACGGCAATACGAATTTTACAGGACTCATTGGGTTCGTTAGACAGAAAAATAAACAGTGTTGATCAAAAAATAGCGAAAATACGAGCGCATCGATTTAATATATCGAAATGGCGAGTCGATAAAAGAGCATACAGAACAGTAAAAACCGGCATTGAAACCGTGACCAGTGCTGGGAGATATGCTTTTGGAAATATAGAAGATCATGATTTTGAGGGGAAGGCAAATCGAGATGCTAAAACAACCTTAGAATCATTGCTCACAAAATATCGGCAAAAAAAATCTGAAATAGATACCCAAAGAAGCGAAAGCGCACAAAGAGATCAAGAAAAAGTACAAGATCTTTCTGAACTTTTTGGGAAAAATCCTGAAGAGGTAAAAATGATGTTAGGCTCTTTTTTCCAGTATAGAGATGGTACACCACGAGAACAATCAAATGAAATGTTAGGAACAATTCTTGTTTCGCCCGCATTTCCGTCTCAATTCAGAAACGCACGTGATTTCCTTTCTTCATTTGTAAATATTTTTTCTTCTGAAGAAAAAATATATATTTCAGGACTTTTCTCGAAGCAATCTCCAGAAAAAGCTATAGAATCCATTCTCAGTAAGAGTGATATTACTCAAAAACTTGATTCTGGACAAAAAAATATGCTTCAGCTTTTCCTTCTTATCGAAAAATGTTCAAAAGGAAATAAAGTGTATAAAGACTGGATTTTTGAGCTTATGAATGGCATGGGAAGTGCTCTTCGCTCTGAAGCGATTGAACAAGCGAGAAAAGAGAAAAATGCTTTTTTGAAAGAAAAAGAAACGGAACAAAAAGCATTGCAGAAAAAAATTAATGATTATTTTCAAAAAGGAAATTTTGGGGAACCAATTCAAGAGGGGAATCTTTGTGATATTTCTCTTCGTAGCGTTGGTGATCTCAAAAGTTGTTCAATAGAGAAGCTTGAAACATATCCTGATCATTCGGCGAAAATGATTTCTCTTGTGAAGAAAAAAGAATCAGAGAATCTTGTACGAGTTGTTCTTGATCTTGAAAAATCGGAAATAGTTCTTTCTTATTGGACAGATGATCAGGGGAAACATCGAGTTCCAGAAGGAACTGAAGGAGCAGAAAAAAGAATGACGAAAAGACCTCTGACTGATTTTCAGTCCATTTCTCACATTTGGTAATAGTATGAGCGAACTTGAAGAACTTATCGGTATTCTCTCTGAAATAGAGTGGATTGATGAAAATAAAAGGAAAGAAATCATTTCTATTCTTCAGGGAGGTCATCCATTTGAGGATGATTTTTTAGAGGAACTTGATGATATTCTGGCAAAAGAAGAAGAAGTTCAAGAAGAGACTCTTCGAGTACTTCAGCAGGAAAAGAAGGAAAAGGGTACAGAAATTTTTGAGGCGAAAAGAGAAGGGAAACAACAGTATTTTCAAGTGGTTCAACAAATGGAAAAGCAATGTCAGACTGCTTTTGATGAGTATAAAGAAGAAGAAAAAAAGGAATCTGCCGTTGTAGATGCAGAAATTGAAGCAGAAGAAAAAGAACAGGATAGTTTAGAGGCAGATGCTATCCGTGCGAACCTTCTCTCTCAACAGAAGAAGAACTAGATCAAAAAGAAGATGCTTCCCCCAAAGGAAAGCACAAGAATCGTTATAAAAAATATGTGTCGGAAGAGAAATCGAGAACCAAAAAGGAAAACAATTCCCGTTTTGACGAGTGTGTTTACTGCAACAGCGAGAAGTAATGTTTGCGCGGCAATTTCTACCGGAACTTCTTTTGTTCCAGCAAGGTTCGACATAGCGAGGGTAATGGCATCCACATCCGTGAGCCCTGCAATGGCTCCTGTGGCGAGTAGTCCGGCATCGGCAAAGAGAATGGATATTTTTTCGGAAAGCAGGAGAACAAGAAGAAAAAAGAGCCCAAAAGAGAGCGCAGATTTCATTTGGAATGGTTGACGCACTTCTACTGGAGCGTTTTGAGAAACATCAACTCGCTTTCTTCGAAAAAAGAAAAAAACAACAACTCCCAAAAGAAAGAGTCCCATACTGGCAAGTGGAGGGGCGACATGGAGAAGAAGGGCACTTTTTTCTTGTGCGACAATGGAAATTTCAAAAATTACTCGAAAGAACATAAGCGAAGATGCGAGCAAAATCGGGAGCAGAAACATATTCACCTCCTTTTTTCCTTTCGATTCTTGTGCCACGCCTACCGTGACGGCAGTAGAAGAAATAAAACCACCAACAATTCCAGAAAGCAGAAGACTGCTATCATTCCGAAAAAATTTCGAAAGAAAATATCCAATAAAACGAATAGCAACGACCAGCACAACCATCAGCCATACGGTTTGTGGTCGCCAATCGAAAAATCCAAAGGGGTCTGTCCAATGTGCGGGAAGGAGTGGAAGTACAACTGCCGAAATAATGAGAAACTTTAGAATAAGAAGTATTTCTTCGGTTTTCATGTTTTTCGCAAGCCGATGCAAACCAGTTTTCATAGTGAGGAGTCCTGTGAAAAGAATGCTCACTGAAATAGCGAGAAGGGTTTGTTCCATTGCGACAAGAATGCCAACACAA
CP065009.1_gap13	695928	697770	1842	TTTTTATCGGTGCGGTAAAGCGCAATTGCCACCAAGTGATTCACAAAAAACCAACTGTCTCCTCTGTGGTAACTTCGGTTATTTTCTCCGGTATAATGGGCATGAAAGAGTGGATGATTTTTTTCAATGGTCGAAAGTCCCCCCCAAGAAAGCCAGAGCTTTTCGAGCGCCGCATCAAAGCAACTTTTCCATTCAGATTTTGAGAGAATTTCTGGCGCAATATATGCCGCTAAAAAAAGATTTGGACGAAGAAGGTTCCCACTCGCCTCATCTCGCAAAAATTGCCCATTCCAAAATGCCTGTCGAATGCGCTCCCGAAAAGATGTTTGCTTTAAAAACCCCTTTGCCCCTGTTGTGAGGGGAGAATTTGGTGCGAGTTCATGAAGAAAGGCATACATGCTCAACATAAGCGCCTGAATTTCAATACAATACCCTTCCCGCGTGTCACTCTGAAAACCAGTGTCCATCCATGTTTCAAGTGGACCGTTATAAAAAAGTCCATCATGAAGAAGCTTTTTTTCGAGTCGCTGAAGAGAGGTCTGAAGGGCATTTTTCACCATCTCCTGTTCAGAAGAGAGCAGAAACCCTTCGCGAAAAAGCTCTCGAAGACGGAAGAATATCCATCCAACACCATCTGCAGAACTAAGATCGGAAGCAGGATACCGATTGGGAATGCGCCCAGTGCTATCCATACGCGAAAGCGCGCCAAGAAGAATCCGCTTTGCCGTTTCTCGTTTTCCTGCAAGACAAAGTCCTTTTGCACTTATTGCCTCATCTCGAGTCCAAAACTGAAAAAACCACGGATGTCCCGCAAAAAGCCCCTTTCGTCCATCTCGCTCAGAGAGAAGTCCGCGCAGTGCAATAGCAGATGAATGTGTCGCTTTCTGAAGATTTGATGAATCGTTAGAAACTTCCCAAATATTTTCGCTCTCAATGTTTTCTTCTCCCCACTTCTTTCTTCCCTCCAAAGAGAGAGAAATACGCCGAACTGGACCAAGACGACACCGCAGGACATAAAATTCACCTTCTCCTCCCTCACGCTCAGCATCAAATGAATACTCTCGGCGTACCCATTCAAGCGACCAAAGTCTTTGCTTTTGATCTGTTTTTATAAAGAGAGAAGAATCAGGGAGAAACTGTAAATTTTGAAAACGAATACGCACACCATCTTCCTCTTCTTGAAAATCATAATCTCGGTGGAGTCCGTTTGCGTTATATGCTTCTCGAAAATCGAGAAAAAGATCGGTGTTTCCTTGGGTATCGCGTTCGTAGAGCAAGGTTTCCCCCTGAAGAACAAAGGATTCTCGAACGCCATTTGGAAAACGACGAAAAGCAGAGTACTCAGATTCAACGGTAAGGACTGGTTTTCCAGAATGACCTTCTGGACAAATATCTTCTAATATACGAAAAAAACTATTCCCAGCAGGAAGAAAAAGTCCATGATACCGACTTTCAGCACGCTGTCCAATGGTGCAGAACCCTCCAGTATCACTAAAAACAATGAGGAACGGATTCATGTTTTATGAGGGGTTATTCAAATTTTCGTTTGGGAGAATAACTCGTGTAGAGGAGTGATTTTCGTTTTTCCTCGGGAATGGTCTTGAGGTATTCGAAATACTCCTGAACAATAGGATTTTCATGCGCGTTCCGCATTGTCATTTTTCGGTCGATGCCGTAGATTCCGGCAATGCGTTTTTTGATAATGCGGTCAGAAGAAGGATTTGGCTGTCCTCCACCGCCAATACATCCACCAGGACACGCCATAAATTCGAGATAATCGAACAGACTCGGATTTTCCTTAATTGCCTTGAGAACTTTTCGAATATTTTTTGGCATCGCCAC
CP065009.1_gap14	707972	710187	2215	CGCAAGGAGACTCTGGACTGACGGGACGAAAAATTATTGTCGATACCTACGGAGGAAGTTGTCCACATGGAGGAGGAGCTTTTTCGGGAAAAGATTCGACAAAAGTCGACCGAACAGGGGCGTATGCCGCACGACATATTGCAAAAAATATTGTGGCGGCAAATCTTGCAAAAAAATGCCAAGTGCAACTCGCATACGCTATTGGAGTTTCTCGTCCGGTTTCAGTTTTTATTGAGACATTTGGAACAGGGACTCTTTCCGACCGAACTCTTGAAGATGCCGTACAGCAGATTTGGGATCTTCGTCCATCGGCAATGATTTCTCACTTTGATCTTCGGAAACCGATTTTTCAACAAACCGCTGTCGGCGGACACTTTGGAAGAAATGAGTTCTCTTGGGAAAATACTGAAAAAGTCTCAGATCTTCTTCAGTCTGTTTAATGCATCCCAATGAATATGGGTCGAAAATATTGGCCAGTTTGGGTACTCGTTGTTGCCATGTTTTTTGCTTGGCTCTCATGGGGAATGGTCTTTAATAATATTTCTCCCATTGCCTCACCTCAAGTTGGCGTTCCTCTTTTCTATCTCACAGCTTTCCTTTCGGAAAGCCTGACATTTTGCGCTTTTTCCGCACTACTCCGTATTGCCTTTTTGCCAAATACTACTGTGGCAGGACATGTTTCTGGAGCCATTCGTCAGGGGCTTATTTTTGGACTTGCGCTCGTAGGAATCATGCTCTTTCAGCAATTTCGCATTCTTACTTGGTGGATTGGAACAATGATTTTTTTGATGGGACTCTTTGTAGAGGCTTTTTTTTGGGGACGATCGGATATTCCAAAATAATCTTTAAAACCCTATCTCCAAGCGATTTTTAAAAGATGTACATTTTCCTGTCGAATAATTTTTGACTCATGTTTCCCTCGTAACTCCTCCGAATTCCTTTGACAAACAAAATCTTGACCACTTCCCTCTTTTTTGCGAGAATCCGCAAGCGTTTTTGAAAATGAGATGCCGGGGTGGCGGAACTGGCAGACGCGCGGGACTCAAAATCCCGTTCCCCTTGGGGAGTGAGGGTTCGATCCCCTCCTCCGGCACCAAAAAGCCACGTCAGAGTTTTTTCTTCTTTTTCTTGTCGATCATGTCACACCCCATTCTTAAAACAGATGTTTATACTCCAGGAACGGCACAAGTAATACGAAGTTCAGGGAAAGTTCCTTCTGTTGTATATGGTCACAAATTAGAAACAAAGAATATAACTGTTGATAAGCAAGAATTTCGACGTGTTTACCGAAAAGCAGGAAAAGCAACACTTGTCGATCTCGAAGTTTCTGGAAAAACAATTCCGGTTCTTATTCACGTTGTTGATACTCACCCTATTTCAGGTGACCCGATTCATATTGATTTCCATGCGGTTCGAATGAATGAAGAAGTACATGCTGTTGTTCCCGTAAAATTTTCTGGTATTTCGGATGCAGTAAAACTTATGGGAGGAGTCCTCACTATTCAACACGAACAAATTCATATTAAATGTCTTCCAAAGCACCTTATCTCTTCTGTAGAGACCTCACTTGAAAAGCTCAAAACCTTTCACGATACCATTACTGTTGCCGATATTCCTTTCCCCAAAGAAGTAACTCTCATTGATCCTCCAGAAACAGTTATTGCAAGTGTAAATGCGCCTCGTGTGAACTCTGCAGATGAAGAGACAGAGACATCATCAGAAGGAGGAGAAACTGGAGAGAAGGTGGAGAAGAAAGCCTAGTTCTCATATCCCATATATGCATCTTCGTGCATTCCTTCTCGTTTTTGTGCCAATCGCCTTTGTGCTTGTAGTAACAGGAGTACTTGGATATTGGTGGGAACAGCATGAAAAAGAAGCTTCTCACAAAACAATACTTCTTTCGGATTTTATTGGAAAAACAACACCCAAGAATCTTATATCTCCCCCTCCGCTTCGTGATGTTGGAGAACCACCTGCTTTTGAAAAATCTCTTCTCACAGGGCTTCCTCGCATTTCGGGAGAGGTAGAGAAAATTGTTGGCGTTATGATTGATGAAGCTCCTGGTGCGCGAGCTCATCACACCGGAATAGAAAAAGCACGCATGGTTTTTGAAGCGCCTGCCGAGGGCGGAATTCCTCGTCTTTTGACACTTTTTTCTTCTGAGGATTTTCCAGAGAAAATTGGACCAGTTCGGAGCGCACGACACTATTTTGTG
CP065009.1_gap15	715954	719022	3068	TTGTCCGAGGGGGAGAAAGTCCCCCGTCCCTCCGGTTTGTTTGTAGATGTCGCCACCATCTGTAGTTGCATAGACATTTCCGCTGGAGTCGGCGGTTATGCCCCACCACGTTCTCGATGTTTGTCCGAGCGACACAAAATTGGTTGACGCTGCCGAACCTATTCCCGCATTTCCCGCCAAAAGAGAGAGCGCGTTCCCCGCCAAGTCCGCCACCTGACTCTCCACCCCTATCTCTTGATCTTGCGTATTTCCAAAAGCAAGCGCGTAGGTAGGGGTGGCAGTGCCGATACCGACATTGCCGGCAACCGAGAGTCCGTCAGAACCGCGGAGATAGAATTGATTGGAAAAGTATTCCACCGCTCCCGCTTCTGGAGTCGTGAGGAGTGTTCCGCTCGTAAACTTGAGTGGTGCTGTACTCGCCGTAGCTGTTCCCGCTTTCAGGTGAAGCACAGCGGTCGGACTTGTTGTTCCGATTCCGACATTTCCACCATTAGTAATAGCAATTCCCTCATTGTCTCCGTCATTTGAAAGCCAGTTCTCATTGAGTTTTATATTTTGGGTAGCCGTATGGTTTCCAAGGTTATCAGTGCCTTCGGCACTCGTTGATCCTCCAGGACCAACAGAAGCATAGGCCGTTCCAAAAAATGCTCCGTCGAGATTGTATTCGCTAACAGCAGAACCTGGTACATCTAGGACAAGCATTTTTGTTCCGTCGGCATTAAAAGCGAAGGGTCCCATTGGTTGTTCTCCAGTGATAGAATCTGAAGCCTGTGAAAGAGTAGAAACATCAAACCCTGTTGAAAGATTGTATACTCCTATGAAGCCTGATGATAGAAATAGCTTACCTCCATCCGGACTGAAAACTATATTAGCATAATAATCATATAAATTTAGGGGGGCACCTATAGAATCATACGAAGCAGTAGAAACATCAAACCCTGTTGAAAGATGGTATTCAACAATAGATCCCTGAAGTGTATAAGGATTCGCTAAGGCCATTACAAACATTTTTGTTCCGTCAGTATTAAATGCCAGACCAATAAATCCAAGAGCAAAAAAATTAACATTAGAATATGGGTCAAAGTTTGAGTCGTACGAAGCAGTAGAAACATCAAACCCTGTTGAAAGATGGTATTCAGCAATAATGCCTATATTATTATCATTTCCTAATACAAACATTTTTGTTCCGTCAGTATTAAAAGCTATATTCGTAGCATTCTGTGATTGCGCACTTATATCAAAGCTTGAGTCGTACGAAGCAGTAGAAACATCAAACCCTGTTGAAAGATGGTATTCAAAAATAATGCTTGTATTATTATTATCTAATACAAACATTTTTGTTCCGTCAGTATTAAAAGCTATATCCGAAGCACCCTGTGATTGCGAACTTATATCAAAGCTTGAGTCGTACGAAGCAGTAGAAACATCATAGGCATAATCTTCTGCTACTACTGAGAGGTTTGAAGAAGGTTGTAATACTCGGTACTCTTTGGCTCCATGAGGAACAATTGCTTTTAAAACGCCATCGACCATAACACGAAGTCTTCCTGTTGTTAGATTGGTGGCATCTACAAGAATAGGGGTAATAGTACTTCCAGAAAAAGGAGCGTTCCATGTTTCTGTAGTAGTGAACTGGTGAGAAAGTGCGCTTCCATCTGCACATTCCCAAGCGGCATTGGTATCGTTCCATTTTGCCGTTTGTCCATCTGCACAAGAGAGCTGAGAAAGGGTGTCTGAGAGTTCACTGGTGGTATAACAGTTATCTCCGTTTTCATCACAATATTTTGTTGCTCCTATATTTCCTTCTGTGTCGAGTTTGAGCTGTCCTCCTGTTCCAGAGTCTGGACTTGTTGTTCCGATTCCAATATTTCCATCATCGGTAATGGTGAGTCGGTCATCTGTATTCCAAAATCGTAAATCTGCTGTGGTTTCATCTTGATATATTCCCCAGTGGTTTTCTGCTCCACTTTGTATATCTATTTCTGAGTTGGTTCCCGTATCGGTTTTAATATGGAGTTTCGCATTTGGACTTGCTGTTCCAATCCCAAGACGATCTTCTGTGTCATCCCAAAAGAAGTTACTGTTGTCTTCTGCTACAGCAGAGTTAGAGGTAAAGAGAACAGAGCCTGCGGTAAAAGAATTGGGAGTATCAGAGAGTGCGATAAAACTGGTAGAACCAACCGTTGTTGGATCTATCCAAGTAAATCCTCCTGTGGCGTTGTCAAAGGTGAGAAGATAGTTATCGTTTGCACTATTTGTTACTTTGAGATTTGCTTCATCAATAATATCATCGGCAATAACGTTACTCGTAATGCTTCCCGTAATATCTCCGTTAAGATCGGGAAGTCCCACGGTAGAACTCATCTCTACCCAGTTTGTTCCGTTACAGACATAAATAAGACTGTCTCCTTTATTGTAAGTCGCAAAGCTCTCATTTGTGCTGTTACAAAGCAGTCCTCCCAAGTCATCATCTGGGGTTCCGCCATCCGGTCCATCGGCATCATCAACTGGTGCTTTCCATGTGAGTCCGTTGATGAGGTTGTCGACGTAGGTTTTGGTAGCGGCATCACTTCCAGATGAAGGAGAAGCAAGGTTTGTGATGGCGTTTCCTCCAGCATCGGTACTTGTTCCGAGAATCTCACTGAGGGTTTGATCGTCGGTGTTATCGAGGTAGCTGCTCAAATCCACAGAATTTCCGTCTTCAATGGAAAGAGTGTTTCCAGTGAGATCGAGGGTTTGATCGTCGGTTCCTGTCGGAAGAGTCTCCCAAGTTGGTGCAGATCCATCTCCACCAGAAGTAAGTACTTGTCCACTTGTTCCGGGAACACTATTGATATTCAGTTCTCCGGTAAAGTTTATGTTTCCATTGACATCGAGTTTCTCTGTTGGTGAGGTGGTGCCGATTCCGACGTTGCCATTCCCGAGGATTGTCATTTTGGTTTGCAGGGGTTGAAGTGTATTTCCCGAGGAGAGGGTGGTGCCGGTTTTGAAAGAGATAGTACTTGCTCCTGTTCCTTTTCCTGCTCCAGAAGTGAGGACGAGTTCTCCGCCGGAGAGGTTTGGAGTAC
CP065009.1_gap16	743033	745749	2716	GCAGAGAAATAATCAAGTGGCATATTTTGCTGCCCATTTTTCTCTAAAAACTCTCGAAGTATCAGTGCAAAAATCTGAACAAGTTCTGGAACTGGTGATGCATCTGGAAGTATTGCCGTGCGCAGTATTCGCCTTGGTTCTTTTCGCGCAATGCCGGCAATGGCATTTGTCCAAAAATCAATTTCTTTTTTCTCTTTTGGAGAGAAGATATGTTCTTTTTCTGAAGAGGGCGCAGAAAGAGCATGCATCTCTTCGGCATTTAATTTTTGCCCAATAGCTTCCGCCGCAGGAGGAAAAATGAGCGCTAAAATGGAAAGAATAAGATCACTCGGAATATTCCGCGCGGAAAGTCGTGCAATAAGAAGGAAGAAAGGAGTTCGTCCTTTCTGATGAAGAAACTGAGTAATAATATGTGCCAGAGAGGTGTCGTGTGCTCTTTTTTGGGATTCTTCTTTTCGAATCTGAGCAATGGCGGCTTGTGTCTGATGATAGCGTTCAGAAAACTGTTCCATCGACTCCCCCGATTGTTCGGGAGCCGACTGTGCGCCAAGTGACTCAAAACCAAAACCCTCTTCTGCCATACTCATTACAAATCTCGCCTATTATGCCATAGAAGACAAAAGAAGGGCAATTTTCAAACACTCTGAAAAGGAGAGTATTATATCTTCATGTTGTCGGGAAGAACACATCCCGTTTGTTTCGCAAGATCAGAAAGAGGCTGTGTTCCGCTCAAAACAGCACCATTCTTGAATTTCCATGTTGGGTATCCGGTAATCCCTTCTTTTTGACAAGTACTTCGATTGGCATCGCAATCAATATAGGGAACGTTTCCAAGCGCATCTCCAAACATCGCTTTCTGTTTTTTACAGTGAGGACACCACTCTGTTCCGTAGAATACTGCACCAGAATCTGTAAGACATGTTGCAAATTCGGCAAGTGGTCCAGTTCCATTTTTGTGGGAAGCAAGAGTATCGGTAGCAGATGAAGTTTCGGGAGCCTCTACTGAAGGCACACAAGCAGAAAGAAGAAAACCAAGACAGAGAAGAGAAAGAACGTGTCGCATAATCTAAAAAAAACTGTTCTTATTGTTTGGAGAATAGAAATAAAATGCAAGAAAAAAAGAAAAATAGGGAAAAATTTCTTGCATTTTATTCCGAAAAAAAGTAAGATAACCTGAAATGGTTGACCCTCAAAACGGAATAGGCGGCGCATCTGGACTACAGACACCTCTGGGAGGAGCTATTGTGCCAAAAGAAGTTCAAGATAAGTTCCCCGATCTTGTTCCACAAATTTTGGCGAGTCCATCCATGGATAATGAAGAAAAAAAATATTGGTTCTCAGTTCTTCCTATTATGACAGAAGATCAAATAAAAGAGCTTCGCGATATTCTCAAAACTGAACAGAATCGAATTTCTGCGCTACAAGAAGATGTGAAAACTATCGACATAGAAGAGGTGGAAAAAAATAGACGACAAAACCAAGAAGAACGAAAAAGTACAGAACAAGAAGAACACAGAAACGACGAAAAAAAAGCAGAAGATCTCCTTAGGTCCCTGAATGATATTGACTAAAAAATATCTCGTACTATTTTTTCTGAGAAGCACTCACGGAAAATACTATTTTTCCTTTTTCTCCTGCTGGTTCATTATTGATCCATATTTCAACAGCATACTGACCTGGCTTTGAAAAAGAGAGATTTTGAAATTCGTGAATAATGCCAACATTTCCGGTTTTCTGACACGAAATCTTCCCCGATATTTTTGCCAACTCTTCATTATTCTTTTCATGAACAACCCGAACAAGAAGGGGGTATTCTCCTTTTTCGAGAGTAACGTTCATCACAAGAGAAATCTTTGGGTGACACGCAGGAAAAACAGCGGAAGAAATATTCTCAAAAATACCAATAATATTTAGCTTTCCTTCTTGAGAAAGAAAAGCGAGATCACAAAGATGCACAAAATTTATAATTGCCTTGCTCACAGAAAAAGAGAGAAAAATATTTTCTCAATTTTTATTTTAATGACGAAGGCCAAGTTTTTGAATAAGCTCTTCGTACAAGTCTTTTGAACGATCTTTTAAATATTTCAGAAGCTTTCGTCGTTTCCCAACGGAACTCATAAGCCCACGACGCCCATGATCATCTTTTGGGTGAGTGCGCAAATGGTCGGTAAGGTGATTAATTTTTTCGGTAAGAAGTGCAACTTGTACCGAAATAGAACCAGTATCTTTTTGATGGCGAGAGTGTGCTGAAATAACTTCTTTTTTTTCTATCCGCCCCGAAGGGGCTTTTACTTCCTCCACTTTCTCTTTTTTTCGAGAGGTCTTTTTCTCTTTGGGAGAATCCTTTTTTAAAGAAGTTTTTATCTCCTTTGTTGTTGATGGAACAGCTGATTCTTGCTCATCAGTTTTTTGATTTTCGTCAGTCATAAAAAGGGGGTAATATCGAAAGCCTCAGTCAAAATATTTCTAAAGAAACCGAAGCAACGTGTTCCCATTGTTTCAAAAAACTCCTTCGAAACGCAAGAAAATAAATTTTTATTTCCGAAAGAATACTGTTTTTTATGTCTCCCCCTTGTGAGCTTTTGGATTTTCTGTTGCGAAAAAAAAGAGAAAAAGAGTACAAGAAAAGCGCTTTCCTTTTCTAAAACTTTCTTATGATTTCTGACCATATTTTTCGCGCGTACGACATTCGAGGAATTGTTGGAGAAGATTTTGA
CP065009.1_gap17	757018	760421	3403	AAGGTCGAAATCTCCCCATCCCGAGAAGGCTTTTTCTCGTTCTGCAATTCGCAAAAGATCTGCTTTTGCTTTATTTTCTCGCTCCTCCAGAGTGACACATTTTTGAATAAGCTCAGAAAAATCGCGACTCCCACATTCAAGGGTTACCTGCTCATTAGACTCTACTTTTTCTCCCAAAAATTTCTCTCGAAATCGCGTTGGTTTTTTTGCAAAAGGAGTAAGGTAACGAATAACAAAACGAAGATTCGCTAATTTCGATTCAATTCCAGAAAACACTTCTTCTGGATACGAAAGGGAGGACTTTTCGAAATCTATAGGAAGGGATACATCAAAAATCCCATGCTCCTGAAGACGCGCTAACACAGGAGGGAGGCTCTTTTTATGAACAACAAGTGCCGCTCTTTGCATACGAACGACTGCCATGTTTATTTTTTGAGAAAAAGATGGAGAAAACTTTTAACAAGCTTGGAAGCAGCCTCTGAATGGCGAGATTCAAAAGCAGAGCGCATTTTTGAAAGCATTTCGCCATTTTCAATAGATTTCTTTCGGAAGTTTTCTTGCGCTTTTGTTTTCTCCTCTTGAAGTTTTTGTGAAATCTCCTCCTTTGTCTTCTTGCGAGATTCTTCTCGGATACCATCCGCCTTCTCCTTCTCTTTTTCTATTCTCGCATCAGCCTTCATTTTTTCCTCCCGAAGAAGACTTTCGGCTTGTTCTTCTGTGTCAAGAATCTGCTGAACTGGGTGGGTGGTACTCACAGAGAATAGGAAAAAAAGCCAAGCCATTTTGCTCATAAATACCTTTGGAGTCAACGATTTTTTTGCAAAAAAATGAAGAGGGAAATACTTTTTTGTGAATCGAGAATATTTTTTTGCTTTTTTCATGAAAAAAATTAAATGTACGACCAAAAATATTATCAAATTTGCCCTTCTTTCGAAAAAATGAATAATACCCTGTGACATTTTTAGGTTTTTTCCCATTTTCTTTTCATGATACGGCAACGCCTTGCTCAACGGGCATCTGAATGTTTTCCGGCGTTTCTTTCGTGGGGGACACTCCTCTTTCCTGCCTTTTTTCTTCCTATTTTTCCGAATATTGTTTTTGGATTCCTCCTACTCTACGTTTTTCTTTGGTTTTTAAGAGCGGTTGAATATTCTTTTTTTCTTCTCTATTCCTACCGAAAATACAAAAAAAATCTCACGAAAAACTGGAAGAAAGAGCTTGAAGACACATCATATTCTTCTGCAGATTTGTCTCCCAAGGAAGTACTTCACCTTATTATTATTCCCACCTACAAAGAGTCTCTTCAGGTTCTTCGAGATACGATCAACGCCATTAGAAAATCTTCTTTTCCCATGGAACAAATATACATTTGTATTGCGACTGAAGAGCGAGATGTCATAAATGGGAGAAAAAATGCAGAAATTCTTTCGAGAGAATATGAAACTGTTTTTGGGCGTTTCTTTTGGATAGAGCATCCCGATGGACTCCCCAATGAAATCAGAGGAAAAGGAGCAAACATCTCCTTTGCGGGAAAAAGATTGGCAGAAAAGCTAACTACAGAAGGAGTCGACTTTTCTCGCGTACTCGTAACAACACTCGATGCCGACAACCGCATTCATTCTCATCTGCTTTCTGCCCTTACAAAAATCTATTGCAAAACACCAGAACGACATAAAAGAGCTTTTCAGCCGATTCCTCTCTTTTTTAATAATATCTGGGATGTTCCTGCAATGAATAGGGTGGTAGCACTTTCCTCGGGATATTGGCATCTCATTGAAGCAGGGCGTCCAGACCGACTTCGAAACTTTTCAAGCCACAGTCAGCCTCTTTCAGCACTGGCAGAAATGAATTTTTGGGATACAACCACCATTGTTGAGGACGGAAGACAATATTGGAGAAGCTATTTTCATTTCCATGGATCATACGAAGTGATTCCCATTTTTCTTCCTATCTATCAAGATGCGGTACTCAGTCAAAATTATTTCCGATCACTTATAGGGCAATTTCAGCAACTCAAACGTTGGTCATGGGGATGTTCGGATATTGCGTATTGTTTTGGGGAAATTCGAAAGGAATGGAGATATCTTCCAAAAATAAAAACACTTCTTCAGTATTTCCGACTCATAGAGGGGCACTATATGTGGGCAACAGCGGCGCTCTTTTTAGCGATTGTTATTCCCGCTGTTAAACTCTTTGCACCAGAAGTTTCCGAAACCGTATTTGGAACACACGTTGCTCTTTTTCTCTCAGTCGTTTTTCGACTTGCACTCTCTGGTATTTTTGTCTCCATGATTCTCACTTTTCTCATGACACCATCTCCTCCAAAAAAAATACGGACATTCGATCTCATTTGGCAATGGGCGCTCATCCCCTTTACTACTATTTTCTTTGGAAGTCTTCCGGCGCTTGTTACACAAACTCAAATCGCACTCGGGAAACGTATGGAATTTAATGTGACGGAAAAAGTTCGACAAAAAGAGCCAAAAACACTTGCACGTGGCAAGCATTCGTGATAGATTTTCTTCACCTTTTTCTTGAAAAGACTCTCATGACGAATAAAGCAGGCGCAAAAAAACACGGCATGCACCGAATAGAACGCTTACGAACAAGCAAAATCGCACGACTCAAGAAAAATAAAGAGGGTCTTCGCGCAGGACAGGCTGCTCGTCAAAAGGCAATTGCAGAGGCACTCGCAGCAGGAAACGAATAAGAAAAATACTTCCTCGATATTGTAAATACATACACACTATTTTCCCTTTTTTCGCATTTCTTCGAGCATTTCCCGAACGAAATCTTTTCCTCCAAGCCCAAATGCAAGACCTCCCGCTAAGGCAATCATGGAAACAAGAGCAGTAAAGAGTGTTTGAACAAGCTCCGGCGCAATGCCCACCTGAAAAAGTGCTGCCAAAATACCAAAAGCAAAAATAATATTCTGGACAAATGCGGCAACAATATTTCGAGCATTTTTATCTCCAACATGGAGAAAGTTTTTTGTGAGTGAGCTTGCAGTATTTCCCATCTGCACCGCAAAAATCACAATAAGCATAGCAATAACAATGTTGGGGGCGAGCAAAATGATTTTGTTCAAAAATTCCTCAACCTCGTAGAATCCCATCATTTTTGCGGATTGTCGTAAGAAAAGGGTAATAATGACACCTTTCAAAAAAACCCCCACCAAACGAGATGGATTAGACTTTATATTTGCCTTTTGAAGGAGAACATCAAATTCTAGTCGTCTCCAAAGACGAGAGAGGCGTGCTTTTTCGCCAAACTTTATAAAGAGCCACTCAGTAAACATGCCAAGAAATACCCCCACGAGAAGCACTCCAAGAGAAGCAAATAGCATTGGGAGAATATCGAGAACACTTCCTATAACTTGTTCTGTGGAAGATTGAATAGACCT
CP065009.1_gap18	761832	766008	4176	ACTTAGGACCGACTTTTCATCTTCCTCCTTCGGAAAAAGATATTGCAAGAGCGCAAAAAGAAGTTGATCCATTGATGTCTGCTTTTTTTCGATCAACCGCCGAAAGCAAAGGTATCGAAAAGATGGTGGTTTGCCTCCCCTTCTGGAAAACAAAAGAGGGAAAATTGGCGTTCCCAGAAAAAGCCCTTGCCGTGGCAGAGAAATTTTGGAAAAATGGTTTGGCACTTTCAGAGAAATCTTCTGAAAAATTGTTGCTCTATCGTCGCCAAAATCAGCACGTTGGTCGTTGCATTTTGGTTCTCAAAAAACGATAAGTATTGTTTTAAAAACATCACCGACACCGCCAATCCTTTGTTCCTCGATAGCTCAGCGGTAGAGCAAACGGCTGTTAACCGTTAGGTCACTGGTTCGAATCCAGTTCGGGGAGCCATTCTTGATTTCTGCCCATTTCAATGAAGATGTTGAAAGGTTTTTTGGCTTGATAAAGTAATTTCTTGCCCTCTAAACGCAAGTTCGAAAGTAGAAAACTCATAAGCTTTTTTTCTCTGGTTTGGAACTTTTGAAAATTTCTCCTGCATTCTGAGCAAGTTCCAGAACCGACAAACTCGTTTTTAAAAAAGCATTGTCCGCCTTGCTTATAGTCATCATTTCTTCCTGCAATTCTCGTTCTTCTTCAGAAAAGCGTTCCACAAAATTGTCATACTGGTCGGATGTAATTCCTCTATGATACCACCTCTTGAGCTTTGAAAATTCTTCATCAAGATCACAATAAGAAAGAAATTTTCCTATTCTTCTTTCAAGTCCCGAAGCGTTGCAAATACTGTATGTTAAATTCCAACATTGCCGACAAGCGAAAACATACTTTCCGGCAAGATACAGTTTTCCTACTCTTCTTTCACATCTTGGACAGTGTATCCAATACCGAACCCCACCATAACGACAAGAGGAAGTACTGAGGCGTATTTTGTAATCCTGTTTTGCTTTTGGATTATTGGGATCATTTACAAAACTATACTGAAGACGAAGTTCTTTTTCCGATAAAGAAAAAGAATATCCCACACTTGTTTTGTTTCGATCATCCCCCCAAGTAAAAGAACCACTCCGAAAACTTTCTTTCTCATTGAAAAATCCCCATTGCTTCATTCTCACAATGGAAATGCTTTGAAGCCCTTCTGCCGTTTTTTTTCCTCCATATCGTGACATATTTCAAACCGAAATCATTTGAGATTCTCGGATTCTTCCGATGATGTTTTATAAGAAGTACAATACTCTTAATTTTTTTTGAAAAATAGGGAAAAACTGTGATAAGATGGAGAATATTAAGAGGGAAAATAGTTTTTCAATTCGATTGTTTGACATTTTTAAAATTGAAGAGCAGGATCCGCGCCTCATTTTTTTCTCGTGAATCGAAAAATACCACACTATCTTCGCATATTGCCATGAAAGAAAATAACGATCAAAGAGAAAAGGAGGCTCAAGAAAGTATGCTTCACATAGCAGATGATAATCCTGAAATTAATTATGATCGTCTCAAAGAATCCGCTCAATATATTCTCAAAAAAAGAACCTCACTTCCGTTTGAGGAATATAGGAAAATAACAGAATTATTTTATAATTCTATGGACATGGAAGAAAGAGGGTCATCCCATTTTCTCTCAGATGTAAATGTTTTGATTAAATACCTTGAGATTTCCCTTAATATTATTGATACCCATTTAACCCCCGCCCTTCATACAAATGCCATTACTGTTATTGGAGCAGGTGAAGGTCGTATGATTCCTCTTATTATTGAAATGGGGAAAAAAACAAAACAAAAAATAAAAAAAATTATCATTAATGATCTTTTAGAGAGTCATATTGAAACCATAAAAGGAAAACTATCCGATACTTATGGGACTGATAAATCATCAAATATTGATGGAATTGAGATAGAATATCGCGAGGGAGATTTTGGGAAAATTAATATTCCGTTTTCTGATATTGCAATCGCAACATGGTTTGTTACTTCAGAAATTCTTGATCCGAGCTCCGTTTCTGCTCTTCAAGAACATAGAAGCCATTTTTTTAAAAAAATTAGAACCACTATCGGAGAACATGGATTTTTCTTCGAAGAAATTCCAGATATTCTTCAGTCTGGATTTTATTATCTTTCTCGATCAAAATCAGCTCATATACTAACAGAAATGGGATTTTTGCCAGAAGAAAGTGAAAATTTTAGCCTTACTAATATTCCAAAAGAAAACAATGGATTCCCCTACCATATAAGATATATGCCAAAAAATGGAGGACATGGACGCGAAATGACAAATGCAGGATTTTATTCTTTAGCTTCTGAATCACTTATTTTTCCTCGAGAATCAGTACAAATCTATCCAGCTGATATTATAAAAATTTTTGAAGAATACAAAAATATTGAAGAGGTCAAGCGATACATAAGCACTCTTTTGATTAATAATTCCAAAAATGAGGAAGGAGATGACAGAAGAATAAAAAGAATTACGATGTGGAGTGCTGATCCCTATTAATTTTATTCCAGCAAAAAGAAAAAATCTGCTTGAAATCATTCGCTTCTATGGTATTTCTTCGGAGTATTCCCTGAGGAGGAGATAAAGCGTAAGACATAACCAAATCTCCCGTAATATTGATTGTTCCTTGAATGTCAAAATCCTTTATAATAGAAACTTTCGTAAATGGATTATCTTTGTTTTCTTTTTTATATTCTCGACCCGCTGGTGTGTCGGGAATAATAACGCGAGCTAAAACTTTCGCTTCAATTCTTCTCTTGAGATAGCTTTCTAAAAAATCTTTCCCAATATTAGAAGTATTTTTGTCAGGAATATTTTCAAATGCAAAAATATCTTGTTTTTCTTCAATTGCCTCTAAAAGAATCTCTTCATACACATTCCGAATTCCTTCTACTCCCTCATATTTCACAAAACCAATCTTTTCTGGTCGATAGAGTTTCGGTACAACAATATCTCTCACATTTTCCAGCATCTCAAAACTCTTCTTCACCCTCTTCTCCAAATCCGTAATCGGCATTGCCTGAAATATTTGAGTCCCCGCAATCACCCTCCCCGGAAGGATTAAATCCCTCTGCAATAGCTCTTGAATTCCCATTTCTACTTCTGTTTCATCTCTCTTTACAAAATTCATCAATTCCGTACGAGAAAGATCTCCATGCGTCAAAAATTCAATATAGAGTTCAGCACTGGTCTCTCCAATATGAAGAAGATCAGCCACCTCCTTGATGGTCATATTTGCCGTTTTGGTCATTTTTCTTGAGAAAGAGAAAGGCGCTTTTCAATAGCAAAAACTTCTTGTTCTAATCGCTGAAGAATTTTCTGCATTGGAGCGTTAAATTTTTCCAAGGCATTCTTCTTGATACTCATTCGAAAAAGTGGAAGGAGTAAATCTTTGGTTTCGTGAATATACTCTCGTTGTTTTTCTGGTTTAAATCCATCAATCGTCTGAAGATTATGAAGACGATCTGCCATTTTAATGAGCGTTGATTCAGGGTAGTGTTTCCAAATCACTTCCATATCATCTAAATTTCCTTTCATTTTGCAGTGAGAAGTTTTCCATCTTTCCCATTTTGAAAGAAATTCAACAATAGAAGTCACTTCTGCTCCAAACTTAAACTTGATATATGCTTTGGAAAGGGAAGTGTCTTCCAAAACATCATGAAGAAGAGCCGCGTCCAGAGTGTCTTGATCATCCACACCTGCTTCCATCAAAATATCCCGAACCGCATAAAAATGGCTTGTGTAGGGCGCTCCATTTTTTCTTTTTTTGTCTTTGAAGAGGTGTTCGATTAAGGCGGGAATGTTCATTGATTCCTTAAAACAAGCCATAATATAAGCAAAAATAATGGGAAAAGTCTAATTTTTGATTATGATTTCATTTTGAAATTCTTTTAAAATTTAAAAATCACACATACCGAACGCAAAAATAATCAAAAAAATTGACTGTATTTCCGAGTACTCGATTAATACACCTCAAAGGCTTATAACATTTGGTTCTAAATAGGAACGGAATGGTGAGCCATTCTTTACACTTCGATGCTCTAGCGAGTACATCGAATGGTTTTTTGTAGTCGTAGACTAACTTTCCGTGTTCCAAGCGAGGGTTCCAAAGTAAGAAACTCATAAGCTCTCGTTTCTCCTCTGGTTTGGA
CP065009.1_gap19	770712	775105	4393	CTGAATTTCATCTTCAATGCAGTGTGATTTTCCTAAAAGAGGAACAGCGTGAGGAACAAAAACGTCTGCCAAAATATTCTTACTGTGAAACATCTCCTTGAGTACGGCGGCATTGAGAACGGTTGCACCCATTCCAATACGATCGGACTTAGCAGGAGAAAATCCGAATGCTTTCGAATCTCGTCCGCGCCAAATGTTCCCTCCGCCCACTACCACCGCTATTTCGGCTCCAGCTACCTTTTTTGCAAGAACAATCTCTTCTACAAGAAGAGAGACCTTATCAGAGGAAAACCCTGTTTCTCCAAGCATTTCTCCAGAAATTTTCAAAAGGTAACGTGTCATGAACATATAAAAAACTAAACGTAATTTTATGCGTTTTTTGAAAAAAACAACAACACGAAATTCTTCCATTCACCATTTAAAAAAAGGGAGAAAGCTCAAAGGAATGGAATTTTCCTTCTTCAAAATCACTCCCGCCAAAAAAACTGCCATTTCGGAATCATGGCGAAAATATTAAAAATGAATATCGCTTTTTTTTCGAAAACATGGTACAACGGAAACCGTTTTACTTTTTCTCTCTCTTTTCTCCTTATGAGAATTCTTTCATTTAAAAAACCCATCTTGTTTGTGGGAGTCTGTATGCTTCTCGCCGGTTGTAGCCTTTTTGGTGGTGGTGAAGAAGATAAAGGCATGGATACCAAAAACATTACCACAAAAGACCCGAAAGAACGTTTTGAACAATTAAGCGCTGCAAACAGAAATGCCTTTGCAGATATGCTCCTCGAAACAATGGGAAATATGGCGCATTACCAAAAATCAAAAGCAGATTTTTCAGTATCTGGAAAAGTTCTTCTCGAAATGATGAACGGAAATCTTAATTTTTCAGTTAAGAGCAGTTCAAAAACAGATCGATCTTCTGAAAACATTCAGATGGATGCCAGTCTCGATGCGAGTGCAAAAATGGAATCTCCCATTGCTTCCGGAGAAGGAAAGGTATCCCTCGCACTCCTTGCAAAGGACGGAAATTACTTCGCTTCTCTCAAGGATTTCTCACTCAATGCACCAGAAGTGCCATCTGATCAAGTAATGGCGTCTATTACACCTCTTATCGGAACATGGTATGGAGGAACTGCCGCAGAAATTGATGAGCTTCTTGGCGGAAATACGAGCATAGAAACTCTCTTTCGTTCAGCAAAGAGTCCTGGAGAAATTCAACAAGAAGTTGTAGAAATTATTCGAAATACCCCTCTTTTTGCCTTCTCCGAAAAATCCGATTCCGGAAAAGAAGGGCTTGAATCCTACAAAGTCACCGTTGACACCAATGCTTTTCAGGAAATGGTTGGTAAGATCTTGGAAGTCGCAGAATTTCCAGAGCAGAATATTGAAGCAACCAAAGAGGATATGCGCTCCAATATGGCGGGAGTTAATATCTCTGGAATTGTTGGTTTTTCTTCCAGTGATCCACTTGCACTCTCGTTTGAGGGAAGTATTACAAATACCGAATCTCCCGAAAAAAATGGAGACATTAGTGTCTTTCTTTCTGAGAACGAAAAGAGTTTTCGTATAAAATCGATGCAAGGAGTTATCGATTTTGTTGCAAAAAAAGAAGGAAATACAAAAACATTTGCACTTACTGAAGGAGAAGAAGGGAAAAAACTTCTCTCTGGAAATATGTCAGAAAAGACATTTGAAATGTCTTTCTACAATACAAGTGATGCCGAAGAAAAAGAAGTTGCCCACATCTCTCTTGAGAAAAATGAAGAAAAATGGAGCGGAACAATGACCAACAACGAGCAACCAGATATTGTTTTTCTTATTCACGAACTTTCATTTGACGCAAAAACTCTTATACTCCACGTCGAGCTCAAGAAAGGAGAAGTCTCACTTGCAGACATAGAAATGTCTTACCTAATCGAAGAAATCAAAAATATTGATATTACTCCTCCACAAGAATTCGAACCATTTTCTGTGCTCACGCAAAAGGTTCTTCCACTTCTCTTTGGTGCATCACCAACCCCAGTACTCGAAGAAGGAGTTCCTTCTGATTCTCTTCCGTCGAACATAAACGATGATCTCCCAGAAGGAATGAGTGAAGAAGAGCTCAACGCGATGATTGAGCAGGCAATGATTGAGCAGGCAAATGGAGGGATACCTTCTGAAGAAGATACCTCACCTGATGCGCCATCAACTCCAACGCCCGAAGAAGGAGTAAGTGCGGGAACACCTCCTACTCCACAGGAATAATCTAAAAAATATGGAAAAAGCCTATGAGGGGTGAAGGAAATATTCACCCCTCATAGAAAGAAGTAGATTGACAAAAAAAGTGTTCCTCCGGCAGAATGTCTCGGCAGTTTTCTTTTCTCTCTTTTTTAGCTATCGTGCTTGTTATTCGAATGCAGCGTACCGGTCGTAAAAATGCACCTTTTTACCACATTGTGGTTGCCGAAAAATCTAAACCAGTACAGGGAAAGTTTCTTGAACGACTTGGATACTACAACCCACTTGTTCAACCAAAAGACATTTCCCTTCAAAAGGAACGTGTTGAATACTGGATTTCAGTAGGAGCTCAGCCAAGCCAAACAGTAGCACGCCTTTGTACAAAAAACGGTATCTCTCAAGCAGAAAAATTTATAAAAGCACGAGCTCAAAAGCCTTCTAAGGCAGAGGAAGAAGCCGCCAAGAAAAAGGCGGAGGCAGAGGAGGCACAAAAGAAAGCTACAGAGGAAGAAGCGCAAAAAAAGGCAGAAGAGGAGAAAACTCAGGCTGAAGCAATTTCCTCAGAAACCTCAGAAGCTTCGAAAGAGACACCAGAAAAAGCAGAGACGGAATCGGAATAAGGACACGTTCTTTTCTCTATTTTCTTCTCCCATCATTCATGCCAGAACGTACTATCTCACCGGAAGAGCAATTTCTTCTTTTTGTTGTTCGGGCAATGGTAGAGCATCCCGAAGATGTTTCCATTACGAGGACCATTGATGAACTTGGCACTCTCCTCTCTCTTCATGTAAACCCCACTGATGCCGGAAAAATTATTGGCAAAGGAGGTCAGACCATAAAAGCACTTCGGATTCTTTTGCGTGTTGTTGGAGCGAAAGACAATGGAAGTCGAATTAACCTTCGACTTGAAGATTCCTCTTCTCCTTTCGAATGAACGACGGATTATTAAGCCCCAACCAAAGTGGATATAATCTTATTGACATTATTAACTTAGCGGTCGCACTCGGAATTCTCGTTGCGGGGTTTCTTTCTATTTTTTATATTTTCGTCGGAGGAATCTCCTTTATTCTTTCTGGTGGAGATGAGTCAAAAATTAAACAAGCTGTTCACACCATCCGCTACGCAATTGTCGGACTCGTGGTGACTATTTTTGCCGTGACTATTATTGCTATTGTTGGAAGTCTTTTTGGGTTTAATCTTACTCAATATATTCAATGGGATCGCATGACAGAACTCATTGGAGATATCACAAGTCGTGTTATGAGCGGAGGAAGCACCTCGGTTAATGATTTCCCCCAACTACCAGAACCACCAGCACCATTAGCAAACTAATTTGATGCCCATATTCTCGGAAGATCCACCTCTTCACCTCTTATTCTCGGGAACCCTTGCCGAAGCAGTAAACGTAGGAGTTGCTCTTTCTATTCTTGTTGGTGGCTTGCTTTCGGTATTTTTCGTCTTTTACGGAGGTATTCAATTTATTACCTCTGGCGGAGATGAAGAGAAATCGAAAAAAGCCATTTCGAGTATTCGGACTGCTATTATTGGACTTCTTGTTATTATTTTTTCTGTCACCTTTGTTTCGGTACTCAGTGCTCTTTTTCAATTTAATCTCCTCCCCTTTCTCGAATGGGAGAGTGTTTTACACTCAGTACAAAACATTGGAGAAAAATGGAAAGATATCGCCAACCAAGACCAACTCTCTCCAGACACACTAGAACCACTGTAAAAACTTTCGAAATCGCACAAAACGAAATGTTTTTCCAAAGCGTTCCGCTTCTGTTTTGCGAGGAAGGGAAAAAAGGTATCTTGCACGATGATTTTTTTGGGGATGTGCCTTTTTCCTCTTTAAGAGATGGAGAGCCTTCAGAAGGGCTTCTGCGGCAAAATCGGCTGTTTTTTTTGTAAAACACTGAAGAGAAAGAGCTTTTCCCCGAAGAGAGAAATGCTTTTGAAGAATAATGCCTCCTGCATCAATATGCTCATTCATGTAGTGCACCGTCACCCCCCCTTCTTGCTCTCCATGATAGAGAATCCAAAAGTTTGTCCAACTTCCCGGAAATTTTGGGAGAAGCGCAGGATGAACATTAATCGCCCCCTCCCGAGGAATGCTGAGCATATCCGATCGAACAATCTGAAGGAGATAGCATGAAACGAGAATATCTGGAGCAAGATC
CP065009.1_gap20	794956	795863	907	GATATCGTAAGGCGAGGGTGAGATGCTTGAAAAATGAGGATCATCCATAAAATGAACAGCGATAAGAGATCGAACTTCGTTCCATTCTGGAAAAAGTTCTCCCAAAAGAACAACTGCTTCTGTTTTGGTAACAAGGCGATTCATATCAAGGGATTCCTGTTTTTCTGCAGAAAGCTGTTCTTGCATCCTAAGAGCATGAAGAGCTGGAGAAACCCATTTTTGAGAAGAAATCGAAAGATCTTTTTGCGCTGGAATTGAAACCGTTGAAAATCTCTCCGAAAGCCCACTTAGTGTACTTAAAAGATCATCGGAAGAACGCTCTGGGTGCTGAAACTTTTCGCGTGCATACATTCCTGTCATAAAAGCGGCCGCTTGAGATGTTCCGGTTTTTGCACCGTATTTTCCATCGGGGAGCGTGCTCAACAGTTTTGCAGGAGCACTTGCATCTACCCAAGTACCATAGGTGGAGGACTCTCGCCTCCCTCCTTGGAGGTTGGCAGAAGAAACCGCATAAACTTCTGAATATGCGGCTGGATAAAATTTATGTTCATCTCCAGAATTTCCTGCGGCAGAAACAATAACACCACCAGTTTGAACAAAATTTGTGATCGACTTATGAAGGAGTGACGATGGTTCGGCAAAACCAAAGCTCATGTTTATCACGTCTACCTTTTGTTCCTGAGCATACGCTAACGCACGCAACACACCCGATAATCGCAATCCGTGTTTTTTATCCGCAATTTTGAGGGGCATAATCTTTGTTCCAACCGAACTCACCCCTCTCATAGAAGACATGGGAGTTTCGTGCGCCACGATAATACCAGAAATATGAGTACCATGCCCAATATCATCGGAGACATCTGAATTCTTTGAGAGAAAATTCCATCCAGAAATATCATCTATAAGC
CP065009.1_gap21	801370	805583	4213	ATTCCTCAGAGTGTAAGTGTTACTTCTGGAAGTTCCGTTGGACAAACCGCTTGGCTTTCGTTTGACCGTGACGGTACCCCCGTAACCTGTCGTTACAATGGAACTGAGTCTGGAACAACGTTTGAATTTGAAAAGTGCTTTGAAAACCTCTTTAGCACAACTTCTATTGAAATTCCGGCAATAACTGTCTTCGCAAGTGATGGAGAAGAGACACCAACAAGCGATGTTGCCGGTGGTCAATTCACCACTACAGTTATCTCATTCGCAGTCAGTAATGCAGGAGCAGGTGTAGAAGGAGCAATATCTCTTGAAAACGTTGGGGAATGTCCTATCTTAGAAACAAATACTGGTGGAGGTACTTCAACGACCGGTGATGACGATGATAGCACCGGAGGAGGAACGACTGGTGATGACGATGATAGCACCGGAGGAGGAACGACTACCGTTTCCTCAGCATCAACGGGCGGATCATCTGGCGGAGGGCAAGCTTTTTGTAGCAATCCTCCGGTCATTTCAAACGTCTTCCCAATAAAAAATGGAGTCTATCACAACCTCAGTGAAGTATCTTTCGAGGTTACGAAAGATGCAAACCAGTCGAAAATTGTTATAAAAATAGATGGAGAAGAAATTCCCGTTACCGTTACCGATAACGGCGATACATTCCTCGTTACCGCAGATGTTTCCGAGCTCAATTTAGCGGGAGATGTTCTCATCAATCTCTACGCTCCAGCGCCCCATCCTCTCTGCTGGAAAAATGCTGTTTATCTCGTAACTGTTGATCCAAATGCCACTGAAACTGATGACGGAAAAGTATTTAACGAATCCGATTTTGAGAGTGGCGCAAACGGAGAACTTTTCTCAGAAGACAGTGTCCAGAAACTCCAAGACCTTGGTATTGTGAATGATGGAGACTACAACGAAGACGATGCGCTTACTCGAGCTGAAGCCGCAAAAATTATTTTCGGCGCTCTGGGACTTTCTACTGAAGGAGTAGAAGTTACCGAACAGCTCTTCCCCGATGTTCTTATGAATCATTGGATTTCTCCCTACCTTCAAATTTTGAAAGGAAAAGGAATCGTCAATGGATATGGTGATGGGCTTTTTCGACCAGACAACAATTTGAGCCGAGTAGAAGCCTACAAATTGCTCTACAAAGCAACAGGAAAAGATGTTAATGAAATTACCGAAGATGCTTCCTGCTCAGACCTTGAGGCATCTGCATGGTACCTTCCTTACATTCGAACTGCTTTCTTTGATGGAATTCTCATCACAGAATCAGACGGACTTGTGTGCAAACCTCATGCGCTTATTACTCGCGGAGAATTTGCCAATCTTGTAGTTCAGTTCTTTGATCTCTAAAGCAAAGAAACCATATTACAGTAAAAAAAGAGGTGCCAAATGGCACCTCTTTTTTTGAAGAACACCTGAAGAACTGATCATCTTTTCTTTGCAAACAGCTGATCTCTCGATTTTCTAGAAAAAAGGAGAAAAAAATGGTATCTTAGAGAGATAATAGCCCCAGAAAATGATTGATCCAGAAAAAAAAGAAAATGAAAGCCTTTTCCAAAAAATGATGGAAGAAGAGGTGAACAATGTAAAAAATAAAACACACACAGAAGAGGCAACAAAAAAACTGAAGAAGTCACAGAAATTAAAAAAAGGAGAAAAACGAAGAGTTTCACCAATTGCCCTTTTTATTGGAGTTTTTCTTCTCTTTCTTATTCTCATCGCGCTCCTCATTTTTCTCATTTCCTATCGAGGAAGCGACAATCCTGTTCTTCAATTCTTTGGGCAAGACGAATACTCCGTTCGTGAGTTTCTCAAGCAAGTAGTCAATGCATCATTTGGATTTCTCTCTGTTATTCTCCTTCTTACCATCTCTATTTCACTCTTTTTCGGACTTTCTCAGCCAAAAGAAAATGCTGGCAAAAAACGAGCATCTTTTCTTTTTTCGCTCTCCTCCTTTGGGCTTCAGATTATTACCATTATTGCATGGATTGGCATGTTTGAATATGTGAGCGCCATCTCTGTTCCTCCGCCACCAGAACAAGAAGAAATTGCCATGAAACTCCCCAACGGAGAAGTGCTTTACCCTCCCATTGCTCCCGAAAAAACGGAATTCCTCGTTGCACCAGTTAATATTGATTTTTCTGCAAAAAATATTGTCGCGGCTTTCGAAAGACAAGGAAGTGCTATTCGGAGTATTGAATGGGATCCCACTGGAGAGGGAAAATTCATTTCTGAAGGTCTCACCCCATCATTTCGTATCACAAAAACAGGAATACGAACTGTTTCTTTGCGAATCCTTTTTGAAGATGGCAACGAACTCGAAAAAAATATTTCCTTCACTATTCCACAAGGAACATTCCAGGCAAATCCAAGCACAGGAGGAATACCACTTGAAGTGGAATTTGATGCGAGCACTATTTCTGAAGACATTCCCGATGTGGAATATTTTGAATGGGATTTTGATGACAAAACCAGTATTCAGGAAACACGGGGACCGAAGGTACTCCACACATTTGAACGCATTGGAAACTATGAAATCGTTCTTCATATTTTTGATCGCTATAACAGAGTCTATACATTTTCCAAAACCATAACGACCACCAAAAAACCAGACAACATAGTACAAGCCCATATCGAAACCATTCCTCAACTTCCCGAAAGAGGCTCAACCATTACCACTGGAACGGAAATTGAATTTTCTGGGGAAAAATCCGAAAGCATTGAAGGGAGTATCACAAAATACGAATGGTCTTTTTCTGACACCTCAAAAACACAATCACGAGCAAGTATAAAGAGAAAGTTTTCTTCAGAAGGTTTTATAGAAGTCACACTTACAACGCAAGATTCCGCAGGAAACATCGGAAAAAGCACCATTGGATTTACTGTTGTTCCAGAGCCAAGTAGACCCGTTCCCATCATTACAACCCTTCCAAAAGCAGAAAATAGTGTTATTCGAGGTAGAGTTCCACTCCTCGTTTCATTTGATGCGAAAGAAACACTCGATACCGATGGAGACGTCGTGAGCTATGAATGGGATTTTGACGGAGATAAGAAGACCGATATTATCGGAGAAAATGGAGAATATACATACCGTATTCCAGGAAAATATGTCGCCACTCTTACCGTTCAGGATAAAGAGGGATATGTAGAGCAAGCAGAACAGCAAATTGAAGTTGATGCCCAAGAAATGCAAGCCGCTATTCTCACCACACCCGATCCACCAAATACGGAAGTTCCCTGTGAATTTCAATTTGATGGATCTCCCTCGTTTTGTGGAAACGAAACATGCCGTATTGATGCCTATAATTGGGATTTTGGAGATGGCAACAAAAATCAGTTTACTTCAGCAAAAACAGCGCATGTTTACCGAAAAATTGGTGCTTTTCCAGTTGTACTCACCATTTTTAGTGGAGAAAAAACAGCTTCTGCTAACAAAACTGTCTATTGTCGCGAAAGAGGACTTCGTGCCTGCTTTAATGCTACACAACTCAGCGGAAAAACACCTCTTTCTGTTCGCTTTGATCCAACATGTTCAGAAGGAGGCGTTATCACCAATTGGCAATGGGATTTTGGAGATGGCACCACAAGTGACGAACGCATTCCATCGGAACACGTTTTCCAAAAACCCGGACAATATTCGGTAACGCTCAGTGTAACAGATGAAAACCAGAATATCGATCGGCAAACCGCAACAATTTATGCGGAATAGAAGGTGTTTGCAGAAAACCCAAAAAACATGATGAAATGAGCTCAACTCTTTCTTAAATGTAATGAAAAAAAACATGAAGAGATTCTTCATCTCGTTTCTTGCTATTCTCGCTCTCATCTCTGTTATTGCTTCTAGTTTTATTGGTTTCTTCTAAAACCCAAATTGTGAACACACTCCCCATATTCTCCCTTCCGGCTTCCGACGGAAACACTTACACAGAACAAGATTTTCAAAGTGGACTTTTTATTCTCTATGCCTATCCGCGAGACATGACATCGGGATGCACGCTCGAAGCACAACAATTCCAAAAACTTCTCCCAGAATTCACCAAAAAAGACGTTAAGATATTTGGAATTTCTGGAGATTCTCTCAGAAAGCATGCTTCATTTTGCAAAAAGGAATCGCTTTCTTTTTCCTTGTTGGCAGATGAAGAGCGCAAACTCCTCTCCGATTTGGGAACGCTAAAAGAGAAAAGTATGTATGGAAAAACCTACA
CP065009.1_gap22	866772	869604	2832	ATGGTGGAATTACAACAAAGAAACGCGCCATACCAATTTCTTTTTACCGGTCAACACCAAGAAACTATTGAGGACATCATTCAAAACTTTGGCATAAAAATGCCAGACAAAAATATTGGAGGAGATGAAGAAATCATAGGAGTTTTTCAGATGTTATTGTGGCTTATTCGCGTTTACAAAAATACCATTCGCAAAAAAGAAGAATTTTTTGGAAAGACCTCGCCAAAAGATATTCTTGTTGTGCACGGAGATACTATTTCCACTCTCTTGGGAGCTTATATTGGGAAAAAAATTGGACTTCGAGTGGCACATGTGGAATCTGGACTTCGTTCGTTTCGCCTTTTTCATCCATTTCCCGAAGAAATAGTACGACTTCTCACCTTTCGTCTTTCGAATATTTTCTTTTGCCCAGGACAATGGGCATTGCAGAATCTGAAAAAATACAGAGGAAAGAGAAAAAACACCGGACACAATACCCTACTCGATGCCGTGCGCCTCGTAAAAAATCCTACAAAATCTGAAGACATTATTCCGAACACAAAATTTATTCTTTGCTCTATTCATCGATTTGAAAATATTTTTCATCGAAAACGTTTTCAGAGAATTCTTGAACACATTATTCTTCTTGCCCACACTTTTCCGGTTCTTTTCGTCCTTCATCCCACCACAAAAAATCAACTCCACAAATATCCAGATTTACTTGAAATGCTCATACAAGAAAAGAATATCTCTCTGCGACCTCGATATGATTTCTTCACATTTATCAGCCTTCTCAAAAAATGTGAATTCCTTGTTACTGACGGAGGAAGTAATCAAGAAGAGTGTTTCTATCTCGGAAAACCATGCCTTTTGATGCGAAAAAAAACAGAACGCCAAGAGGGACTCTCGGAAAATGCCATTCTTTCAGAATACGAGCAAAAAAAAATAGAATACTTTCTTAGGAATTATTCTTCTTTTGTACGAAATCCTATTCCCGAAACAATTTCCCCTTCTCAAAAGATTGTTGATTTTCTCTTAAAATAGATAAGAATGATTTCTTCACTCGCCATCATTACCGTCAATTGGAATAGCGCCAAATTTACCAAGGCATTTTGTGAAAATTTAGATCGCCTTTCCTTCTCCCCCTTTTGTATTGTGGTCAATAACGACCCAAAAGAATCTGTAGCAATGCAAAAACTCTCAAAAGAAAAGCGGGTGATTCTTGAGACGGGAGAAAACAAAGGCTATTCCGGAGGAATAAATGAAGGACTTCGATACGCTATGAAAAAAACGGATGCTGAGTTTTTTCTCATCATCAATAACGATGTTTCATTTGAGGAAGATTTTTTTGATATTCTGCTCCATGGAATGCAAGCACAGGAAATTCGAAGTCCCATTATATTTTATATGAATACAAATATTATTCAAAACACAGGCGGGAATATTTCCCTTTTTTTGGGAGGAACACGAAACTGCAATAAAAACGTCCCACTCGAAAAGATAAAGGAGGGATCGCCAGATTTCTTGAGCGGCTGTTGTCTTCTCCTTTCTCGAAAAACGATAGAAGAAGTTGGATATTTCGATGAAGACTATCACTCTTACTACGAAGATGTCGATTTTTCTGTTCGGGCAAAACGAAAAGGATACAAACTCAACACTCTTACAGGAGCAAAACTCTGGCACTACCACTCGGCTTCCACAGAAAATGTTCCCGAATACAAAATTCGCATGATTGCTCGAAACAGCATTCTCTTTGCTCGAAAACAACTTTCTTTTCCAAGGAATGGACTATTTATTTTTTGTTCCATTCTTCGGGGCGCGTTGCAACACATTCCCAAAAAAAAACGAGTTCCGTTTTGGCAAGGAGTCTCCGAAGGATTCTCATTTCGTTTTTCCAAATAGGAGATGTTTGATACTTTTCAGCGCTACTTATTTCCGGTGCAATATATTAAAACAAGAATCATGCGCCCTCCCCTCCCCGTACCTATTCTTGAGGTGGGACCAAATGGTCCTGGTCTTTTTCGCTGTTTCCAAAATTCTGACATCTCCCTCACAACACTCGATATTACAGATGCTCATGCAGGGGAAAAAAAAGAATATCCTGAAATTAACTTTATCACTTATGATGGAGAAAAAATGCCGTTTCCCAGTGACGCATTTGAAATAGTGCTTTGTATTGATGTTCTTGAACACATTCCACCAGAAAAACGGAATCATTTTTTGGGCGAACTTTTTCGAGTATCTCGTAAAACAATTTTCCTTTCGTTTCCAGTCTCCACCTCACGTGCCCCCGAAAAGGTGCTCCAGAAAATCTTCTTTAATCGCTTTTCCTTTTTACGGGAGCACGAAAATTTTGGACTTCCTGAACTTTCAGAAATACATTCCCTCGTAGAAAAAAATACCGATTGGAAAAGAGTAAAAACTGAAGGAACAATAAACCGATGGCTGTGGATTCCCGTAAAACTCTTTTCTTCTCTTCTTCATCAAATACTCAAAAAGAAGAAACAGGGAATTCGACGAACATTTTCATTGCATCAAAAAAGCCTCGGAAAATTGCTACGATTCGGCACATGCTACTCTTATACTCTTCTTCTCGAAAAAAAATGAAAAATGGTATCTCCGCATATCTCGTGGCATATCATGAAGAAAAAGTCATAGAGCGATGTCTCAAGAGTCTTGTCGGAGCAGTTGATGAGATTATTGTTATTCACGATGGTCCCTGCCGAGATAACACCATAAAAATTGCCCAAAAATATACGAAAAACGTATACGAAGGAGAGCGACGAGGAATGACCGAACTCCATCGCATTGATGCCCTTCAGAAATGCTATTTTCCTTGGGTGCTTCAAATGG
CP065009.1_gap23	875596	877139	1543	TCGACACTATGGATGTTATTAAGCCAGATGTTTCCACAGTTTGTGTTGGAATCTCCGCAAGTGGCGGTGCACTCACGCTCGTTTGTGGAACCAAGGGAAAGCGTTTTGCTCTTCCTCATTCGGAAGTTATGATTCATCAACCGCTTGGAGGCGCAGAAGGTCAAGCAACAGATATCGCCATTGCTGCAAGTCACATTATTAAAACAAAGGACCTTCTAAATGAAATGATTGCTGAGCGCACTGGTCAAAAATTAGACAAGGTTAAAAATGATACAGAGCGTGACTATTTTATGAATGCAGAAGAGGCAAAAAAATACGGTATTGTCGATGAAGTTATCGGAAAATAATACCGTTTGATTTTTTATCATGCCACTTCTTGAATCTTCCCAAATAAATATGGGAGAGTGAAAGTCGGTGTGAGATATTCTTTTTTTCCTCTTTTTCTTTGGGATCATGAAATCATTCACAATTGCCTTTCTCTCCTTCTTTTTGCTGAATCCAATTGCTATTGGATTTTCCGATACCGAGCAACCCTCTGTTATTCGACTATTAGAAGCAAATATTTTTCCAGATGAGGAATATTTTCATCCTAATGAATCTTGTAAAAGATCAGATTTTGTCGTTTGGGCACTCAAAAATATTGGAGAAGATGTTTCGGGGGGACATTTTTTAGAACCTTTTGCTGATGTTGCTCCTTCACAAAACTTTTCTCCTTTTGTAGGAAAAGCTTGGCAAATGGGGATTGTTGAGACGAAGAAACTCTTTTGGCCATCTCGTGGAATTCAAAAAATTGATGCGCTCTCCATGGCACTCCAACTAGAAGGAATAAATATTCCTCGCGGTGGATTTTCGCTCGAATACAAAGACCTTCCCAAAGAGAGTTTTCAACAAGGAGTTATTGCCAAAGCACTTGAAATGGGCATTACACGAGACGAAACAAAAACAACGTTTGGCACAAAAAAACAATTAAGTCGATTGGAATGCGCACAAATTCTTGATGCTGTTCGTCTTTCTCGAAGCTCAGAACACCCTCTTCATATTCAAATCAAAACGAAAAAAAGTGAATCAGATATTCCTCATGGTGATGTGCTCTCTGAAGTTTTGCAGGCACTCACTACACAATATCTTCGCGCAGAAACCTTGAACGAAGACGGACTCATGGAAAGTGCCATTCGTGAGATGGTGAACACTGTCGGAGATCCCTACACGGTATACTACAATGAAGAAGAGGTGCGACAATTTCTTACGAGTGTTGGAGAAAGTAATGAATTTGGTATTGGTGCACAGGTCGATCTCAATAAAGAAAATCAACTTGAAATCATAAAGCCTCTCCGCAATAGCCCCGCAGAAAAAGCAGGTCTTCAACCAGGAGATATTGTTTTACGAGTAAACGATGTCGATGTTACCGGAATGCTCCTCGAAGAATCTGTAAAGCTCATTAAGGGAGAAGACGGAACGGATGTTTTTCTCACTATTCTTCGAGGAAAGCGAGAAAAAAAAATAACAGTAACTCGTGGAACAATTACACCAGAATCCATTTTTG
CP065009.1_gap24	882261	884517	2256	ATAACCAAAATCAGGATGACTGACTCTCTCTTTTCTCACACCGCAAAAATATCTGCGCCACTTGCAGAGCGTCTTCGCCCCATATCGCTTACCGATATATTTGGGCAAGATCACTTGCGAGAACCTTTTCAGAAACTCATTGCTTCTGAGGGGATGATTTCTTTTGTCCTCTGGGGTCCACCCGGAACAGGAAAAACAACCATCGCTCGTATTTTTGCAGATCAGAAAGATGCTCATTTCGAACCATTTTCTGCCGTTTCTGAAGGAGTCAAACGTATACGAGAAATTGCAGAAGAATCAAAAAACAGACGAGAACTTTTGGGGAAAAAAACCATTCTCTTTGTTGATGAAATCCATGCACTCAAAAAAAGCCAACAAGATGTCCTACTCCCCCATTTAGAATCGGGAATTTTCTATCTCATTGGTGCCACGACAGAAAATCCAAGTTTTTCTCTGAATAGTGCCCTCCTTTCGCGCATTCGTGTATTCCTTCTTCGAACGCTTTCAGAAGATGCTCTTCGAAATATTCTCCAACACGCGAAAGATACCTCTGGAAGAGAAGTTGAAAAAGCGGCAGAAAACTTTCTCATCGCTTTTGCCAATGGAGATGCACGAACTCTTCTAAATCTCCTAGAAGCTTCTTTTTTACAGGAAAATGGAATGATAAAAGAGAAACATCTTCGTAAAATTGCCACAGAAAAAACAATTCGATACGACGCATCAGGAGATGAGCATTATTGGAGTGTATCCGCATTTATCAAATCGATGCGAGCCAGTGACGAAAATGCCACTGTCTATTACCTCGCGAGGATGCTTTCTGGCGGAGAAGATCCGCGATTTATTGCAAGAAGAATGATTATTTTTGCGAGCGAAGATATTGGATTAGCAGATCCAAAAGGGCTCCTTCTCGCCACCACCGCTATGAACGCAACAGAAAAAATAGGAATGCCAGAGGTACGCATTGTTCTCTCACATGTCGCAACATATTTGGCTCGTGCCCCAAAAAATAATGATACCTACTGTGCCATTAATGCGGCAATGGAGGAAGTTGCAAAGAGTGGAAATCTTCCTGTTCCTTTGCATCTCAGAAATGCCTCGACAAATTTCTTAAAAACTATTGGTTTTGGGAAAAATTATGAATATCCGCATAATGGAAAGAAGAACACAAAAAATCTCCCAAGCGTTCTTGTAAACACAAACTTCTTTCAAAAAGAAAGTGAAATTGAAAGCCGTTCATAAAAAACATTTGACAGAAGAGAAGTGAGTTTCGTAGAATTCTCTAGCTATTTTTTTTGGGGATTGTCGAAACAGAGTGATGTGATTGAAGCGGAAGGGGTTATAGAAGAATGCCTTCCTAATGCTATGTTTCGGGTTCGTCTTACTGAAGGGCCTTTCCCAAAAGATCATCAGATTTTCGCTCACGCTGGAGGAAGACTAAAAAAATACTCCATTCGCGTTATTGTGGGAGATGAGGTGACTGTTGAAATCTCTCCTTACGATCTTACCAAGGGACGAATTGTGTTCCGAAAATCAACCTCTTCCTATCGAAAGAAATCATGAAAGTTCGCGCCTCTGTCAAAAAAATATGTCAAAATTGCAAAATCATTCTTCGTGATAGGGTGGTTCGTGTCATTTGTAAGGACCCAAAGCATAAACAGCGACAAGGCTAACTCATAATTTCTTTTTTCCGAGGTCAAGTGCCAACAAGAATTTCTGGAATAACGCTTCCCAACAAAAGAGCTGTTATTGCCCTAACGTATGTTTATGGAGTAGGAAAAACAACAGCAGAAAAAGTGCTTCAGAAAGTAGGAATTGATATGAACAAGCGCGCCGATAGTCTTACGGAAGAAGAAGCAACTCTTATTCGTAAGGAACTCGAAAGTATTCCTCACGAAGGAGATCTCCGCCGAAAACTTCAGAATGATGTTAAACGGCTTCAGGAGATTAGTTGCTATCGTGCCTATCGTCACCGACGAGGACTTCCATGTCGCGGACAGCGGACTCGTTACAACGCTCGTACGAGAAGAGGAAGAAAAGTGACCATTGCGAATAAGAAAAAATAATTTTTCCCTGATTCATGCCTCCAAAAAATTCTTTAAAGAAAGGTCAAAAGAAACGCGTTCGCAGAACAGTTCTTTCTGGCGTTGTTTCTATTCTTGCAGGGTTTAATAATACCATTATCACTATTGCGGATGAGGAAGGACAGACCATTTCGTGGTCAAGTGCGGGATCATCTGGATTTAAAGGATCTCGGAA
CP065009.1_gap25	949134	952763	3629	AAGGGAAAAAGTTCCGGTCTTCTGCGGAAGAATCGTGGTATGTAATTGGAATTCTGAATTCATTTTCCCATTCACAACTGTCATTCGACTACTTTGTGAAGTTCCCTGCTGTATAAACTCTGGTGGAATTGGTACATTTACAGAAGCGATAGAAGCATCTCCGGTTCCTCGCAATATAAGACTCACAGAAAAGGATTCATTCACAATAATATTTTCCGTTTGTAAAACAAGTTCTGCTGTAAATGACCCTTCGCTTCTTCCCGAAGATATCGGCAGAAGAAAAAGGAGAAGGAAAGCGCTGACAGAAAGAAGAATGCGCGAAAACATATTTCGTATCGCGAAAGAGCATACCGTTTTTCATGGATATTTTCAATATCCGTTTATCTCACCAACTCTCTCGATTAATGTGCTCAGGGGAAACTCCTTTTTCCATCAAAATTTGTTGCATTTCCTTTACCATAGTATATCCCCCACAAAGTGAGACTTCTGCATTTTCAAAAAAACTTGCGTCTAGTGTGGATGCAATAGTTGTTACACGTCCCTCTCTATAGTTTTCTGGCGGAAGCTTTGGCTGACTCACACAAAAAGTGATATGACACCTTTTTGGGCTTTTGGATTCCCAATGAGAAAACTCTTCTTGAAAACAGAGATATTCCTCATTTCGAACTCCAAAGAAAAGAAAGATCTCTGGCGCATTTGACTCAGAAGAAAAGAAATGAAGCATACTCCGAAATGGGGCAATTCCTGTTCCAGTAGCAAAAAAGATTTGCCGTTTCTGAGGAAAACGAATGCCAAATTTCCCAAGAGGTCCAAGAAAATCAACCACTTTTCCAGGAAGAGAGTCCCACAGAAATGTACTCGCTTTTCCATTAGGAACGTGTTTCACTACCAATTCAAAAAATGGAAGCTCTTGTGGAGCAGATGCAAGAGAATAGGCACGACGAGCGCCATCATCTGGTAAACAGAGAAGAAGAAATTGTCCAGGAGAAAAAGAGGAGGGAGAAGTCTCAGAAGAAATACAAAATCGAAAAGACCTCGTTTCGTGTGCAACGTCTTCAAATTGCACAAGTTTGGCAGAAAAAGAGGGATTAGGAATCTTACTCATGACGAATGGAAAGAAAGAGAATTCTTTTGACGAAGAGAAGTATCGAGCAGCAGGGATATTATCAAGTATCCAATAATAATACCCCCAAGAAGGAGAATTTTTCCAAAGGTTTCAAGCTGAAGGCTCGCCCATCCCAAAAAAACAGATGGCAGAAAAAAGAACAAAAGAATCATGCGATCAGAAAAACCCGCTTTTCGAAGGCGATCATGTAAATGCAATTCATCCCCTCCTTGAAGGGGATTTTTTTTCGAGAGAAGACGCCGAAGAATCACAAACAACGCATCAAAAAATGGAATTGCCAAAACAAGAAGAATGGTCGCCATTTTTCCTCCAGAAAAAACAGAAAGCGTGGCAATAATAAATCCGTAAGACATAGCGCCCGTATCTCCGAGAAGCATTTTTGGAGGAGGAATATTGAAGAGGAAAAATCCAAATGCAGAGGCAGCAAATACAAAGGAAAGGAGTGCAATTTCTGTTTGAGAAACAAGTGGGGTAAGACTGAGCCACCCCAAAAAACTACCCGCAGAGGCAGCAGAAGCAGAAGAAAGCCCCGGAACACCATCAAGCCAATTGAGGATATTGGCAAAGCCAACAATCCAAAGCATCGTTATAATCTCTGGAAGCCAGAAAAAAGCATCTCTCAGAAAGAGTGTCTCTCCAAATGGATTCCCCAAATACTCAATAGAAACTCCAGAAAAAACAACCATTCCTGCGGCACAAAAATGAATCAGGAGTCGAAATGCCGAAGGAAGATGTCGTCGATCATCCCAAAAACTTACAAGGGCAATACAGGAAACAGCTCCACAGAAAAAAAGGAGGGAGACATTGAGTTTTGGAAAAAAAAGAAGAATAGAAACAAGAAAAGCACATATCGGAGCAACTCCTCCGGGATAAGGAATAGGAGAGCGCTTATACCCATATTTTTCTGGACGATCGAGAAGTCCTATTCTCGGAAAAAAATGAAGTGTTGCAAAACACAACAAGAGACTCAAACAAAAAGAGAAGGAAATAAGAAAAAGTGGAGAAAACCAGAAAGACATTTTTCAAGGGAGCAAAGAGGTGCACCCATTTTCTCACAGAGAAAAGAAAAAGAGAATACAAGAAAAAAAAGACTATTCCTATTCGGAATAGTCTTTAAGAAGTCTTTAAAAGGAGGAGGGATTAGTTTTCTTCGCTAACAGCAGGAAGAACCACTTCGAAGAGAACAGAATACCCTTCTACCATCCCTTTTCCTCGAGCAAGGCATATTGGAGAAAGGAGTGCTTGTGGAGCAGAATCCCCTTCCATAAAGTATCCGCATTCAAATCCTGTGAGCTCTGCTTCAGAAACAGGAACAGTGTCACCTCTTGCAACATCATAGAATTTACGACGATCTTCAGTAGCAATAGCACCAGGATATTGCAGTTCTACGTTACCAAGTTGAAAAATCCCCTCTTGTAAAAAACTTGTCACCGCTTCGACATTTTTCGTAGGAAGAGTGGTCTGCTCAGTAATATTGGGGAAGTTTGAGTAAAGAGCCGTGATCATTTGGTCATTCACATGAACATCAGCAACACCTATTTTTCCTGGAGTAAAAGTAGAGGAATCTTCTTCAGACTCGTTTCCAAGAGACAAAACCGGAAGAGAAAGGTTTGGGCGGAATCGATACCAAACATCTCCTTGCTCTTTCTCAAATGTCTCCACTGAATAAGGGAATTGCAACAATCCCAAATGAGAAAGTGTATCACCTACTTCCTGTCCAGAACTAACGGGGCTCCCCGAAAGATGAAGATTTGGAGCTGAAACAAAAAGGTGATAGACATCGTATGTCAAAAAGAATTCTCCAGTTTTCACATTCACCACATTATACACCTGCTCATTCATACGGAGGATATGTCCAATAAGACCAAGATTATCCCGAAGCTCTTTGACAACATCATATAGAGTTTTATCGAGTGGACGTGCGAGAAGGTACACAGGAAGCGTTTCGGGAAGATTGGTAATAGAAGAAAAATCATCTGTTTTCCACGAAATTTGATACGTTTTTTCTTTTTTGGGCTGTGGTTCTGATCGAGAAATAGAAGTATCTTCGAGTTCTTTCTTCTGAGGTTCAGTAAAAAACTTGTATTCATTCTGTAAGCCAGCTCCAAATACAGCTTCTTGTACATCTTGAGCTGTTGGAGGAGGTGGTGGAGCAGGCTCGTTTTCAGGAGGTATTTTTTCTATATCATCTTCAATATCCTTACTCGTATCGTCATCATCTCCACGATCATAAGCAGGGGGCGAAAGAAGAGTGTCATTTTTATTTTCTTGGGGTTCTTGTGGTTTAGATGCCAAAAAAGCAAGAATTGCCAATATGACAACCAACAAAATACCTCCAACAATGAGAACCGGCTTTTTCATGGGAGAGAAGAAAAGGATATATCCTTATTCTACAGAGGACAACCAAGAAAATCAAATCCCTTATAGATACATATCTGTATTCCAAGCCCACCACAAAACCCCTTTCACGAAGAGACAAACTTTATCTCAGGAAGCCCTGATG
CP065009.1_gap26	1082991	1085190	2199	GCAAGGAGCTCATCAAGATTATCGAGAACAAGATTTTGCTCAGCATCAAGTTCGAAATACTCAATGCGTAATTTTTTTCGTTCTGCAAGCTGAAACCAAGGAACAAGATTCGCGTGGTGTTCCGCACGAGTGAGCACAATGCGATCACCTTCTGAGAAAAAATTTTCAGCGTCGCCGAAGCTTCTTGCCACAAGATTAACGGCTTCAGTAGCATTTTTTGTAAAGATAATTTCACGAGAAGAATCGGCACCTAAAAAATCTGCAACTTTCTTTCGCGATTGTTCATAGTGTTGGGTAGCACGCTCTCCTAAAAAATGTGCACCACGATGAACATTAGAGTAATCATTCCGCAAGAACCGTGGTATTCCAGAAATTACCTTTTCTGGCTTTTGGCTACTCGCCGCAGTGTCGAGATAGACAAGTCCTTTGATGGCAAGAATAGGAAATTCATTACGAATCGATGACGGAATAGGCATGGTGATGCAAAAAGTGATGGACATTTTCCCTCACACATTTTTGAATGCCAGCATCGGGAATATGGGAAAGTGGCATTTCTAAAAGACCATCAAGAAGAAGATATTCGGCATCTTTTTGAGAAATCCCTCGTGAAGCACAATAGAAAAGATCTTCTTCCGATAAACGAATAGTAGAACTTCTGTGGGCGGCGCGAACATGATTATTTTGGACGGAGAGCATAGGAACAGACTCACTTCGGGCATGTGCGGAGAGAAGAAGATTTTTCTGATCGAGAAGACACTCTCCCTGCTCAGCACCCTGCTCAACAATAGGAATGCCTTGTATGCGCGAAAAAGCAGATCCTGAGAGAACAGAGGTTGTGGCAATATTTCCTCGACACCTCTTCGCGCTTAAAACGCTTTGAAGAAAAACATCCGATTTTGCCTGTTGTGTACCAATCTCTGAATATGAGAGATACGATTCAGAATCACTCCCCTTATGGTGCACCGAAAAATCTCCAAAAAATTCACTTTGCGAGAGATGAAAAAAGAGGAGGGAAAAATGAGCATTTTCACCAAGAGAAGCAGAAAAACGGAGTCGCTGACGCGCGCTCGGTGCATCAAGAAAGGAAAACACGATAATGCTCTTTGTATTTTCCTGAAGATCAAAATGAAGTGAAATATCGGATGAAGCAAGAGATTCTGAACGAAAAAAAAGGAGTCTCTTGGCAGAGGGGGGGAGAGAAAACGAAAGCGTAGACGCAGCTGATTTCGGAAACTGAAAAAAAACAGAATGCGCCGCCGACTCTTCACCCGAAAGGAGAAAAGATGTTTCTTGTTTCTCTGAGAGGGGCTTCATTCCCTCGACACGAGGAAGAGAAACAGGAAAAGAATCTTCTTCCCATAAAGAAATCGGTGGGCGAAATAGAGAGGTGTTCATCGAAAATATTGTCCCACTATTTTTTTGAGAATCGCAAGCAAAAGCAAAGCCAAATAAACACCAAAAAGGTGTGAGAAATATAGGGGTACATCGATTCTCAACTCCTTGCAAAAATACTTGAGATGAAATTCAAATTTAAACCATGAGGAGACTACGAAACCCTCTGCCGGCGTAATAAGACTCTGCACCGCTATGATAGACAAAAACATTGCCATAGCGATAATCGGCAAAAATGGCGCCACTGAGTTTTCTTATTTCAGAAGGAGTTTTGAGCCAACTTGATGTTTTTGTATCGAAATTTCCAAGCTTTTGAAGCTCTCGATATCGCTCTTCCGTTAACAGCTCAACACCCATGGCAACTGCCATACCAACTGCACTATTTGCTGGCTTATGCTCTTTTCTCGATGCTAGCGCTTCATGGTCGTAACAAAAACTTCTTCGCTCTTTGGGGCTTTCCAATGAACAATCACAAAAAACATATTCGTCTGTCTTCTTCTGGTAATCAACAACATCTGGTTCGCCACCAGTTCTTTCCATTTCATGTAGTGACCACAGCTTTTCAGGGCAAGCCTTTAATTTCGTTTGCACATTTATCCATGCAAGATTCTTGTGACGATTCATGTTCTTATCAAAACGGTATTTTAACGTTTTAAAAAGTTCTTCACATTGTTCTGATGACATTTTCTTTGACATACGTTTCTTCAAAAAATAAATCACTCGCCCTTATTGTAGCATGTGGATAGTTTCGCCCTAAACTGATTTTCTGATTTTTTAATCAATTTTGAGAGTTGATGCGAGATGCAC
CP065009.1_gap27	1086610	1089742	3132	TACTGTTTGACCTTTCTTGATGTAATCAGTCACTTTCCCATCTATATAAACATCATCAATCATTGGTTGAACAGCAACATTTCCGACAATTGCCGTTTCATAACCATTTGAAATGGTCATTTGACCAGAATATGGCATTCCAATTGTTGTAAATCTAAATATGACACGGCTGTCAGACCAGATTTCTATGTTTTTATTAGAAATACAGACCCCTCCCCAACAAATTTGAGAATACTCATTGAGAGCACCAAAACCACTGCCATGTATTGCGAATGGTGCACCATAACTCACGCTTTCAGTTGATACACTGTCAACATTCATAGCCAAGGCAGTTTTATCACCAAAAAGTGCAAGCGATATTGCAAAAAGGACAAATGATATTTTTTTCATGAAAAAATAAAAATTAAAAAAGGGAGCAACCATACCGTGCGACCCAATCATTGACATCTTCTTACGAAAAAGCAACCTCCGTTCGTCCGAGTCTTTTGGACTCGGATACAAAAAGTCTACAATACAGTTATGATTTCTTATTCCACTCTCTTTGCCGACCCCTTTGCTCCTGCCATGGAATTATATAGAGGCATAGGATCTCAAGAGAGGTCAGATGCTACATCTTTTGATAATAGAAGTGATTGGTGGGATTTCTTTTTTGATTGAATGTATGTCTAAATTTATTGTTATTCTATCCTTTCCTCTACTATTTTTCTTGGGTAATTGTTCAATTAATACTTGTGGAAATTACATAATGTCAGAAAAAAAATATGAAAATTTGCAAAAAATTGCGACTGCTTATACTAGGGATTGTGGAGCTACTACCGCATTTTCCCCACAAATAAAAATTACTGATATAAATACAGGAAATGATAATATAATTTTTATATTGAAAAAGTCACCTTCTCAAGATTTTAATGTCATTTGGAAAGAAGATACTGTTGAAATATATTTTGATTTTTCTTTGTCGCAATCTGATATTCTTAAAAAAGATGAAAGTATTTTAAAAATAAAAATTTTTTCTGAAGGTAATGAGGTGTATTTCTCCAAACCGGACGGGGTGTGGTGAAATCCCCTCCGTTCGCAACGTTTCCACGTTTGTAAAAACCGATAACTCCTTCTTCTCTTTTCTCTGTTTCCCTCCCGCTGGAGTCTCTCCTTAGAGGACTCCGGCGTTAATCGTCATTCACATTAATCCTAACTTTCGCTATTATCTCGATAAACATTCATCCATCACTTGCTCACTAAATTCACACATCATCAAACCACAAAACAATCCAGAAAATCATATTCAGGAAAGTATTCCGCATACCAATCCAAAAGACGAACCTACACCTTCGACAAAACTGGCAACATCACCCAAGTAACAGATACCTCAGCAACCGATGCCGCCAAGACTGCAAATTACACGTATGATGATCTCGACCGTCTCACTTCTGCCACCATCACCAATACCGCTAATAATGATGATTACACTCGAACCTACGCCTACGATTCCATCGGAAATATCACCAATAAGTCTGATGTCGGTGCATATACCTATTTACAAAATAATTATGCCAGCCCTCATGCCGTAACCCAGGCGGGAACCCAAAACTTCACCTACGACAACAACGGAAACCTGCAAACAGACGGAAACTGGACCCACAGTTGGGACTACAAAGACAGACTTATCAGCTCCTCCACATCCGGCACAACCGTCAGCTATGAATACGATGAAGCCAAAACCCGAGTTACAAAGACCAACGAATCTACCGGAAAGATCACTACCTACATCAATGACCTCTTTGATATTGAAGACGGCGAAGATATGATGATGTCGATTACACGAGTAAAATAAACTACGCTCTGTATTTTATGGAACACTTTGGAGAACTTATTGATTTTGAGCGAAATTTTGAAGGATCACGAGCACTCTTTTCTCTCATTTTTGATAGCCCACCGACATTTGCAGAAATACAAAATGGAACACCAAAACTTTCCCTTGCTTTTGAGATTTGTAAGGAAAGCAAAGGAGACAAAAGACAGTTGGTAGCCCGTAGGAGAATCGAACTCCTGTTACCAGGATGAAAACCTGGCGTCCTAACCACTAGACGAACGGGCCACAGAATTAAGAGAGCGGAAAAAATTCTTCCACACTCCTCCCCATTTCGTCAAGAACTGTTCTTGAAAAATTTATTTAAAGAAGCCATGATGAGAATTGTGAAAGAATATTCTGCCCCTTCGGATACCCCAGAACAAAAACTCGAACGCATTGCGGAGCTCCTTGAGAGAATTGAAAAACATCTTGCGCCGCCTCCACTTTGGAAGCGCATTCTCTTTTTTGTTTTTCCTCATATTCTCACATTCATCATTCTTTTTCTTATTCTCTTGGTGACATGGAAAATGTGGAGTGCCCTTGAATTTGTCTCAGAAAATATCTCTGCAATACAAATTTTTTTGGGGAATATAAAAGAAGGTCTAGAAGGAAAAATAAATTCGCTTCAGTTTTGGAATTAGCGCCTAAAAATATAAATCTCGCTCTCCGTTATGAATGCGCTCCAAACGATCGATAGTCGCCTTTTTCCGCATAGGATTGTCGATTTTTTCAAGATATTTTTGAAGAATACCCACTCCTTTTTCTTTCACTTCTTCAGAGGCATAATCTTCTAAATATTCCTGAAAAGTGAGCAGAGCATTTGGACGGCAAAGATTGTGAATTTCGCCGGGTTTCGCAATGTGCATAAAATCTTCGCCTGTTCGTCCTTCTCGGTAACAAGCAGTGCAAAAACTCGGGAGGAGTCCTTGGTCGAGAATACTCATAACCACTTCATCGAGCGATCGATGATCGGCAGTTTGAAATTGGGAAGCGAACTTTTTTTCCAGCAATTTTTTTTGCCCCTTTCTGCGGTATCCTCCTGGATCGGTTTGAGAACCAGCACTTGTTTGCGAAATACCAAGCTGAAAAGCTCTTTCTCGAATTTCTGGACGTTCACGAGTGGAAATAATCATTCCTGTATAGGGCACGGCAATGCGAAGAATAGCAATAATCTTAAGAAGATCTTCTTCAGAAACCGCATATTCACTCGAAAAATCCACGCTTTCTGCCGGTTGAAACCGCGGTACAGAAAGTGTGTGTGGTCCCACACCATGAGTGCGTTC
CP065009.1_gap28	1188496	1193254	4758	ATCCTGCAAAATTCTCCACTCTTTGTTGCCAAAGAAATCATTGATACTCTTCAAACATCCTTTGCTGAGCAACCTGAAGTGGTTCAAGAAACACTTCGTACAAGACAGCTTTGGGAAGCAAAAACACTCGCAGATAGTGGAAATATTGTGCTTGCTGAAGCAATTCTTGAAGAAACTTCGGACACCAATATCGGTATTGGCATTTCATCTCCCGAAGTAGCAACAGAAATTCTCGATCAGCGACAAGAACAAATGGTTGCCGTTGGGGCCATGGAAAAGACGGATATTTCTAGGAATATCCTTGAGGAAACAGAAGACACTCTTGTGGAAAAAACGACAAAGCTTGTTCGTCCTCACTTTCCCTCTGGAGATCAGATTTCAGAAGCAGAACAGGCACGAGATATTGTTCTCCGTATGAAGAAATATTCCAACGAACGTGGACAAGAAAATACGCTTCGCGCCCATTTGCGATATATTGAAGACAAACCAGAAAATATTGGGCTATTGCAAGAACTTCGCACAAGGGTTCCCGAAAACCTTCAAAATGAAGTTGATGAAAAGATCGTCTCTGTACTCGGTGGTCAGCAGGCACCATAACCTACAACCAAGGTGTTTCGTTTTCGAGAAAAAATTCTTCTCCTACTTCCCGACGAAGTTCGGCGAGAGGAATGCGGTCATCTTCTGTAGGATTTTCTCCAAATCGAAATACATAAATTGCCTCAATTGCCCAGCGGATATTTGTGGGATGTTCTCGTGCTACACGAGTTTTTCCAAGGAGTTTTTCAAAATAATGTTCATCATCTAATGCTTCAAGTGCTTTTTTGAGGCTTGGATATTGCTCTTCTGCACGAGAAAATCCACAAAAAAGAGAGTGATGGTACACTTCGGGAATCCCTTTTTCGTGTACAAATTGTCCTTCTAGTTTTTCGCAGAGAAATGCAAACTCCTGTCGATCTTTTTCTGAATGAAACATTTTTTGTGAGTGATATGTTTTTATCCAAGAATTGTAACACAATGTTCGTTGCAAACAAACGGATTTTTTGAAAAAATGAGAATGATTATAAAATACATATGTTGTCATCTGTATCAAAAGAAAGAGAAGGAGGTGAACACGGAATTTTTTCGGGTTTGAATCGCGCAACATTCGATACAGCAAACGATTCGGAATACATGAAAAAGTTTTCCCGTGGACTTTCAGAAGAGCTCGTCCGCCAGATTTCACGCGAAAAAAATGAGCCAGAATGGATGCTTTCATATCGACTGAAGGGGCTCACTGCCTTTCTCGACATGTCATTTCCACAATGGGGGCCAAATCTCTCCGCACTTGATTTTGCGGATATTTGTTTTTATGCCCGTGCGGCAGAAGGAAAAAACGCAAAAAACTGGGAGGAGGTGCCAGAATCAATTAAGCAAACCTTCGAACGTCTTGGTATTCCCGAAGCAGAACGAAAAATGCTTGCCGGTGCCGGAGCACAATATGAAAGTGATACGGTTTACCACTCGCTCAAGGAACACTGGGAACAAAAAGGAGTTATTTTTTTAGATATGGATGAGGCGGTGCAAAAATATCCCGACTTAGTAAAAAAGCACTTTATGCATTGTGTTCCTATTCGTGACCACAAGTTCGCGGCACTCCATGCAGCAGTATGGAGCGGAGGAACGTTTCTCTGTATTCCCGATGACACAGATGTGGATGAGCCACTTCAAGCCTATTTTCGTATGAATGCCCCTGGAATGGGACAATTTGAGCACACCCTTATTATCATTGGAATAAATGCCCACGGACATTATATTGAAGGATGTTCTGCACCAAAATATGGCACGAGTGCGCTTCATGCTGGATGTGTAGAAGTGTTTGTGGGAGAAGGTGCTTCATTTCGCTACTCCTCAGTCGAAAACTGGTCGCGCGACACGTACAATCTCAATACAAAACGTGCCATTGTCGAAAAAAACGCACGCATGGAATGGGTCGGAGGAAATATGGGGTCGGGCGTTACTATGCTTTATCCATGTTCCATTTTAAAAGGCGAGGGCGCCACGGCAGATCATCTTGGTATTGCCTTTGCGAATGCCGGACAAAATCAAGATACCGGCGCAAAAGTCTTCCATTTGGCTGATAACACAAACAGTACCATTATTTCCAAAAGTATTAGTAAGGCAGGAGGCATTTCCACCTATCGGGGTATGGTGCGGATAAAAAATGGCGCAAAAGACTGTCGTGTTCACACCGAGTGTGACGCATTACTTCTTGATGATACGTCACAGAGTAACACCATTCCCGATATTGATGTTGGCGACAACACGGCATTTGTGTCCCATGAAGCAAGTGTTGGAAGGCTTTCTCCAGACGATATTTTTTATCTTCGCTCTCGCGGACTTTCGGAAGAACAGGCTCGTTCGGTGCTTGTGAACGGATTTTTAGAGCCCATCACGCGAGAGCTTCCACTTGAATACGCCGTGGAAATGAACCGACTTATTGAGCTCGAAATGGAAGGATCGATAGGTTAAATAAACTCATAAAACCCTTTTGCAATCGGAGGCGCTCTTCTATTCCTCCTGAGCAGAAGGAATCTGAACGCATTCTGCCCCCCACTTTACCCCAAGCAAAATGGCATCGGAAAAATTTTTTCCCTGAGAAAGCCCTCTTGTAAGCCCCGCGCGAAAAGCATCTCCGGCGCCGGTAGTTTCGACCACATTTTTCACGAGCTCTGCTCGAAATCGAGTTTCTTTTTTCTTTTCTATTAACAGAGCACCCTCTGCTCCAAATGTCTCAATAGTAGTTATTTTCTCGGGAATTCCGAGTGAATGGAATAGGCGGAACTCAACATTATTTCCCACGAGAATATCCGATTTTTCTGCGCAAAATACAAAATCCTCCTGAGAAAAAAGTGGCGTTACTTGTCCGGGATCAAAAAGAACAGTCGCCACGCTATTATACCTTCGAAATTCTTCAATGTGTTTTCGCAACGAAAGAGGCGTTCCAGCAGAAAAGACGGCGAATCGAAATGAGGCAATTTCTTCTGGCGTCAAAAAATCAATAAGATTCTGAGATGCATTTTGCTCATACGCATTTGGTTGCCAAATAATGAGCTGCTGGTGAAGCGGATCAGAAACCTGATAGGCATGAGCAGTAAACGCTCCTTCATAGCCAACGATACGAATATCGAGTGATTCAAGTCTTTTTCGGTATCCTTTTTCGGAAAAATCCTTGCCAAATGCAGAAAATATGGTGGATGAAAAACCACTCTTCCCTAACCACCAGGCAATATTTCCAGAACATCCTCCGTAATGTTCTTGTTTTTCTGAGGCAACATACGTGGCATTAAAGCTTCGGATCTCTCCATTTTCAAAAGGAATAGATTTTCGAAAGTCGTGTGGAATGGAAAAAAGAACATCAAATGCGAGCGAGCCAACGAGAAGTATTTCGTTCTTCATGCAATGAAAAGTACCATAAATGAGGAAAAAATCCATGGTCATACGACTTCTGAATATGTGCATTGCGATTCCCACAATTGACAGTTCTTCGTATAAAACATCACAATACTTTTTGATGCTCCCCCTTCTCCCATGAACAGAAAGAAATGGCTTTTCGGATTCTTCTCCCTCTTTTGTGTTGGGCTTTTTGCACCAACTGCTTTCGCATTTTCCGAAGATTATCATTCACCATTTTTTTTCGAAACATCTGGTGGTGATCGATACGGAGTAGGAGAATCTCCTGTTGCTCCATCTGAAACAAAAGGCGATCTCGTTATTGCTGGACACACGGTGGTGATTTCAAAAGATGTACAAGAAGATCTTGCCGCTTTTGGGCAGAACATCACCGTATCGGGAAACATATGGGGCGATGCTCGTATCGTCGGACAAGTTATTACTGTTTCTGGCACTATAGGTGGACACCTCGCTGTTGCCGGACAAATGATTACTGTTGACGAAGGAGGGGGCTCTGGGAAGATCGTAGGAGATCTTCTTGCCACTGGTCAGCAGTTATCCATTTATACTCCTGTAGAGGGAAATGTTACTATCTCCGCCGAAAAGGTATTTATTGCAAGTCCCATTGGAGGGGATGCTCACATTGTGGCGCAAAAGGTGGAATTTGGGGAACAGGGGAGAATTGCCGGAACGCTCACTCTCACTGCTCCAAAAAATACTATTCCAGAAGGAAAAGCGGGGAACACCATATTTCATGAGCGAACTTTTCATGGAAAACACGACCCAAAAAATATACTTTCCGAAATGTTCTCTGGTGTTCATCTTTCCATTCTGATTACGAGCCTCCTTGTTGGACTTCTTCTTTGCTGGAAAATGCCACTCTTTAGTGTGTCGTATGGAGCCATTGGAAAGGAAAAACCGTTTATCTCTTTGGGAATTGGATTTCTTGTTCTTTTTCTTACTCCGATTGCAAGCCTCTTCTTTCTTCCTCTTTTTCCAATATTTTTGCTTGTCTTCTTTTCTTACTGTGCTTTTCTTGTTTTTTCCTATATTACAAGCGGATTTTTGCTCGGCGCCGCGCTTGTTCCTCTAAAGAAAAATCCTTCTTTCGGAAAACTGTTTGGATCATTTGCCGCCGGAGTGGGAACCATTTTTGTTCTTGGTTCACTTCCATATTTTGGTTCATTTTTTACGTTTCTCGTCTTCTGTGCAGCGATGGGGAGCCTTGTACAAGTAAAAAAAGATATTCTTTCGGCACTTCGGAAAGCAAAAAAGATTTAGCATCTCCGTGCAATATTCTGTCTTTGTGATTAAGAAAGATGCTTTTCC
CP065009.1_gap29	1354431	1357469	3038	ATTTGTCGAACATGCTGACGAATGGATTCTTCCATTGCGCACAAACAAAAAAGGAGAGTTTTCCAGAAAAGAAACGAGAAAACTTCGTAAGAGTATCAAACAGGTAGTGCAAGAAACAAGTGTTTGGGTATGTCAACTTAGGCTTTCGTTTTCTTTTTTTCTGCCTTTTGACGGCGCGCAAGCTCTGCAAGTACCATTCTTTCAATATCAATATCTCCACGAGTTGTTTCAAAATTGCGAAACCCCTTCTGGTGGGCTTTGGCGAGAAATCGGAGTTTTTCGGTTTCAGAGTTAAATTGCTGAGTCTCTCCTCGAACACGAGCTTCTTGTGGATGATTTTTCGTAGAATCTGCAAACACCATGCCGAGTTCGTTTGCATCTTCTCGAACAAGAATTTTGAAAATCTTCGTAATATGTTCTTCTGTTGCCGATGAAGAAGGAGTATAGTGCATAGCGTTACTATATTAGCACTCGCTATTTTAGAGTGCCAATTTTGCAGAGTCAAGATTTTTTGGCACAGTAGAGAAAATTTTTCCTAAAAATGATTGTCGATAGCGTTCTCGTCGAAAAACTCGCTCATCTTGCACGAATTAAATTGAGCCAAGAGGAGGTTGCGAAATTTGCAACACAGCTCAGTGATATTTTTTCTTTTTTTGAGAAGCTCCAAGAAGTTGATACAAATGAAATAGAACCGATGGCACAAGTAACAGGACTGACAAATGCGTTTCGAGACGACATTCCCGAAGCGAGCGGTCTTGAAAAAGAACTCCTCTCTTGTTCACCACTTGAAATTTCTCGACATCAAATTTCTGCTCCAAAAACATTTTCATAATCCCCCCTCTCTTTCTCAGTATTTCTTATTCATGAAAAAAATACTCTTTCTTCTTTTTCTTCTTGCTGTTCTGGGGGGATACCAATTTCTTTTTTTGGAGGAATCTTCTCCTGGGCAAGCAAATATCTCCGTTCATGCTAATGTCACTGTTCCCTCGAAAGAACCCTGTCTTTTATATCGAGCAGGAGCAGAAAAAACACTTCTCGAAAACGAGACCATTGCTGCCCTCTTTTACAGCGAAAAAGCAGATTCTTGTCTTATGGAAAAGCGAACAGAACAAGAAGGCTACCTTACGCTCACGCTCATCAACCTTATTTCCAACGAGGAAATTGCTCGATTTTCTTCTGGTATTCAACCGGGAGATCTTTCTTATCGTGACTATCGTGCTCTTCTTGATGAATACCAATCTTCTTCTCCTGTTTCTCCAACAAAATGACCATTTCTAAACTCATAAGCGACCTAAGAAATCGGCGAAAAACTGCCACAGAAATCACAGAGTCCTATTTGCAAAAAATAGAAACTTCTCCGCTTAACGCTTATATTAGCGTGAACAAAGAAGAGGCACTTCAAAAAGCAAAAGAGCTGGACAAATCGGGAGATTTTTCTCATCCGCTTGCGGGAATTCCCGTGGGGATAAAAGACAGTATTTGCACTAAGGGGGTGCGGACTACCGCCGGATCAAAAGTCCTTGAGTATTTTGTGCCACCCTATTCGGCAACTTGTTGGGAAAAACTAGAGGAAGCAGGAGCAATCTTGCTCGGAAAAACAAATTGCGATGAGTTTACCATGGGATCTTCCACAGAAGGATCAGCATTTGGTCCGACAAAAAATCCGCATGATCATACAAGAGTTCCCGGAGGAAGCTCGGGAGGATCGGCGGCGGCAGTTGCCGGAGACGAATGTGTGTTTTCTCTGGGAACCGATACCGGAGGCTCCATTCGTCAGCCCGCAAATTTTTGTGGATGTGTGGGGCTCAAAGTAACGTACGGAAGAGTTTCGCGCTCGGGAGTTATTTCATACGCAAGTAGTTTTGATACCATTGGTCCTCTTACAAAAACAGTAGAAGACGCGGCGTATGTTCTTGAAATTATTGCTGGAAAAGACAAAAAAGACAGTACTACTCCTAACATATCAGTTCCGAAATACACCGAAATGCTCAAACATGATATTTCTGGAAAAATCATCGGACTTCCAAAGGAGTTTCTTGAGGTAAATGGAATAGGAGAAAATGTTCGAAAAGAAACGGAAAAAGCCGCAAAAATTCTTGAACAACGAGGTGCAAAAATTCGAGAGATCTCTCTTCCGCTTACAGAATATGCTATTCCGACCTACTACTTGCTCGTCAAAGCAGAAGCAAGCACCAATTTGGCAAAATACGATGGTGTTCGATTTGGATCCTCTTCTGGTTCAGAAGATCTTACAGATCTCTATCAAAAAACCAGAGGAACATTTTTTGGTGATGAACCAAAACGTGCCATTATGATGGGTACCTTTACGCTCTCATCAGGATATGTTGATGCCTACTACAAAAAAGCGGCGGCAGTTCGACGAAAAATAGCAGAAGAGTATGCCCGCGTGCTCGAAGAAGTGGATGCGCTTATTGCTCCGGTTTCTCCATTTCCTCCATTTTCTCTTGGAGAAAAAATAGATGACCCACTCCAAATGTATCTTGCGGATATTTTTACCGTAACGGCAAATCTTGCCGGAATTCCCTCTCTTGCCGTTCCTACCGGAAAACAGAATGGGCTTCCCACAGGAGTACAAATTTTGGGGAAACAATTTGATGAAGCAGGAATTCTCCAGCTTGGGTGGCATTTGGAATCTGCTTGCAAAGAGGAGAAGTGAAAGTAAGATGCTGATCGCTTGTGAACATCTCGAAAAAACAGTATCCTACCAAGGATTCTCATTCTAAATAGCACAATGAGTTCTCTTTCTGAAAAGACCCTCCTCGAAATTCGTAATAGCAGAGACATTGGTTTTTTTGACGTGTGTTCCATTGATAACATTCAAGCAAAAGAAGAATTACAGCTTATTTTTGAGCTTGCTCGTGCATTTCGAAATACGGGAACAGAAAAGCTTTCGCTTTGTAGAGGACATTCGCTTATCAATGCTTTTTTTGAGCACTCTACTCGTACCATGTCGAGTTTTGACCTTGCAGCAAAACATCTCGGTATGGATACACATAATGTCGGCTCCACGAGTTCGG
CP065009.1_gap30	1364382	1368150	3768	ACAACTATTTTCTTTTTGGGGACAGAGACATCTTCCCATTTTTCAAGAGTGATTTCTGGGAAAGAGGTGATGATTGCCGTAAAACGAAAAGGGTTGAGCGATTCCACCGAAACTTCTGGCAAAATAAGAGGAGTGATCTTTTCCTCTATCATTGCCTTTGTGAGAAGATCGGGAATTGCTCTTTCTGCCATTTCTGAAAGGATCATTGCTTCTCCGTAGTGTTCCACAAGAATTTTTTCAGGAATATGTCCTTTTCGAAACCCCGGAATATTTGCTTTCGCAGAAAGGGCGGCAAGAGAGCCTTGACGATATTTTCCCAAAACATCGTTTTCAATTTCGACGGTAAGTTGCACCTGAGACTTTGGCAACTTCTTTTTTTCTCTTTTCATGGGGTCAACAAAAATATGCCAAGAGATTGTGTCACAAAAAGTCCTTGGGGAGCAAATGGGCTACTGAAACCGAACTGAGATTCGACCCGAAATACGAGGGGAAGCATTTTTTCGGAAAGCTTTTAGATAGAAACGCCATTCTCCGCATTTTTCTGGAGAAAAGGTGGCTGTAAAAATGCCAGTTGCTGTTAATTCCGAAAAATTTGCGATTCTCTTTTTCTCACCATTTCCCTCTCCCCAGAGCTCCAAATGATCGAAGTCGTTTCGAAGTTCTGTGTCTGTTCCGGCTTCTAGGCGAATACTTTCTCCACAGGAAACAATGCTTCCATTCTGAGGGGTTCGTATTTTAAATGTTTCCGAGGTTTCGGTTTTGCGAATGCGAAAAGGAGCGGATGATTCCATTTGATTCCCAGAATAATCGGTTGCTACTACGAGAAGTACGTATTCTGCATCCGTATTGGGACTTTCCCACTCCCACTCAAATGGGGCAAAAAGGTCAGCACCAATTCGCTCGTTATTCACAAAGAATTCTACTTTTTGTACTGCGCCAAAGATATCTACTGCGTCTGCCGAAAAGAGGAGCGATGTTCCTCCCGAAAAGCTTTCGTTTGGATGTGGGACGGTAATAGAAACATCCGGAGGAGAAGTGTCTTTTTTTGGCGAAACAGTAATTTCGGCACTTCCAGAATAGAGGAGTGTGTCTTGCACTTCAACGCGCAACCGAATTTTATCTGAGGCACTTCTAGCTATAGGAATAACATATTGTTCTTCAGGAGCATCAAATGATTTCAAAAGTCGGTCATCCACAAAAAATCGAACCGAATGAAATCCGTTTGGAATATTCGCATCTATAGAAATTGCCATGCGAGGAGCAGAGACATTGCCCCCCTCGGTTGGATTGACAAAAGAAACACGAGGCGCATTTTCACGTGTTTTTTGTGTATGAACATCATCCTGTTCTGTGGGAATGGTCGCCGAAATATCTTCTCCAATACCAAGCTCTGTCAAAAATGTTTCCCTGTTTTTTGTTAGCCACTCTTGTACAGGATTCTCCCATTCAGGTCGATCGGGATAGTAGGAATGAAGATTGGGAACTGCGCGCTTCTCAATGGCGTCTTTTGGTGTAAACGTGCTGGGAAGTTTTCCACTGATAGAGTCGACTTCTACAAAAGAGAGTGAAGTATCTTCTGTCGATGGAATATTCGCCGTGGCAAATGTTTCTTGAATTAAAAGTGACTTAGGAAAACCTTCAGACGGAAGGAGTCCTGAAAGTTTGGAGACGAGAACAGAGGTAATGCCCTGAGGAAGTGGAGGACGATTTGAGGGGATACCCTGAAATGCTTCTGTCATGAAAGAGTACCAAATAGGGGCGGCAATTTCAAACCCACTTGCACGACTACCAAGCACTTCTCCTGTACTATTTCCTGTCCATACCGCTGTGATGAGATCTGGGGTTCCGCCAATAGTCCAACAATCCGCTGGAAAGGCAACATCTTTTACTTTTTTGTCGGCAGTGCCTGTTTTCACAATATTCCATCTTCCTGGAAGTTGGAGTCGACTATTCCATCCTGGTCCTCGAGCATTGGGATCAGAGAGCATGTCCGCCACAAGATATGATACAGCAGGATTAAGTACGGGCTCTTCTTCTTGTGGAACTTCGTGTTTTGCAGAAAAGAGAATGTTTCCAGATCGATCTTCCACGCGCAAAATTCCCACCGGTTCCCGCAGATATCCGCCATTCACAAAAGCGGAATAAGCAACCGCCATATCGAGTGGTCGTGCCTCTGCTCCTCCAAGTGCAATGGCGGCACCATAAAAATCTGGTTCCTGATCAAAATGAATGCCAAGATTCGTTGCCATTTCATAGACCTTTTCGGGACCGGCGATGATAGTTGCTTTTATCGCAGGAATATTAAGAGAATTTCCGAGAGCTTTTCGGACAGAAACAGGACCTCGAAATGTTCCATCAAAGTTTTTTGGCTTCCATCCATTTCCAAAATCTGTTTCTACATCAAAAAGAATACTTGCTGGAGAAAGCTTTCCGGCAAGAAACGCCGCCGCATAATCGATTGGTTTAAAACTACTTCCTGGTAAACGTTTTTTGAGAATAACATTTACATTCCCGTCAATTTCTTTGTCCCAATAATCGGCAGAGCCAACGAGTGCTCGTATTTCCCCTGTTTGAGGATCCATGGCAACAAGTGCCGCATTTTTCGCTTTGTATTGTTCTGTGTTTTTTTGACGGCTTTTTTGAATCGCTTCTTCTGCTTTTTCTTGCATTCCAACATCAAGTGTTGTGATTACTCGTAATCCACCACGTTGAATGAGGTCTGGCCCATATTTTTCTTCAAGCTGTTGGCGGATCCACATAACAAAATGAGGAGCAGTAATTGCCTCACGATATTCGGAAAAAGTTATGATTTTGAGCTCTTCTTGTGCTTGTTCGTATTTAGCATCAGAGAGGTAGCCAAGAGAGTGCATTCGCTTTATCACCCAATCGGATCTCCCCTCAAAATATGCTGTCTTCCCATTTGCCAGAGGAATCTCCCTTCCAACAAGTCCTGCCCTCCATGAATCGGCAGAAAATGCATTCACATCGTCAAAGGTTTCGAGATTATTTTTCTGAATGATTTCGGGGTCGAGGAGAACATGAGAAAAAGCTTGTTCTCCATATGGAGAAAGTCGAGTTGGCTCTTTTGGGAGTGATGCTAATATTGCCGCTTGTGCTGGAGAAAGCTCGGAGGCAGAAATGGAAAAATATGCCTGACTTGCAGTTTCGACTCCATGAAAAGCCGAGCCAAAAGAGATGCCGTTTAGATAGAGTCCAAGAATCTCCTCTTTGCTGTACTGGTGTTCTATTTTGTAGGCGAGCACAATTTCACGCAATTTTCGTACAATCGTTCGCTCGGGGGTTAAGAAGAAATTTTTGATAACTTGCTGTGTAATTGTACTTCCTCCTCGCTGAGGACACATACCACCAAGATTTCCAAAAATTTCATGACAAAACGCCATGGAAATTCCCCCAAAATCAAATCCATCATGAGTAAAAAACGCATCGTCTTCTGCAGAGAGAATAGCGTTTATCATGTTCTGGTTAATATTCTGTATGGGAAGAATGCGACGATTTTGATCTCCGTGGATTGCGTAGAGCTGAACTTTCCCTTCTCTATCGTAGATAACGGTTGATTCGGAAAAAAGAAGTGCTTCTGGATTTGAAACATCGGGGAGATCCTTTAAGACTACAAAAAGGAGAACGGAAAGCCCAATGAGCCCGAGGGAAAAAAAGAGGAGAAAAAGTGAGGAGACAATTTTCCAAAAAGAACGAGGAGGTTTTTGTTTTTTCTGGTGAGCGAGCGACGCAAAAGAAAATTTTTGAATC
CP065009.1_gap31	1543104	1547895	4791	TTTCGAGGAAATTGGAAAAATAATCGAGAAATAGAGTTCCAAACATCATTTATAGTGCCAGCAGGAGAAAAACGACAAATTACTATTTTTGGAGATATTTCGCGAGAAACGTCGGATAATATTTCCATTGGACTAGCACTCGAATCTAACACAAGTATTGTCGCTCTCGGAGAAACGGGAGCATCAGTTCCGGTGCGTATACCGCTTGAGACAACCGCATCAAAAACCATTGGGCAAGAAAAAGAAGAAGTTCTTCACCTGAAAATAATAGATTCTCCAAACGCTCTTCTCTCTGGAACGCAAGACAATATTCTCGCAACTTTTTCTGCAGAAGTTTCTGGAGACACTCCACTCGAAGTTCGAAAAATTGTAAGCAATATTTCGGGCATTTCTGGAGAAGCACTCACGAATGTTCGTCTTGTTTCCTCGACGGGAGATATTCTTTCTCGGGGAATTGTGGCTGGGAACACTCTTATTTTTTCTGATGCCTTTCCCGTTCTTTCAGGAGAGCCTCTTTCTCTCTTTTTGCGAGCAGATGTCAGCGCTTCTGAGAAAACTTCTTTCCATGTCAGCATTGAAGAGGCTTCTGCTCTTTCTGTTATAGATCTCGTTTCAAGAGAAGGGGTGAGTGTTACGGGAGCCTTTCCTCTGGAAACGAATACTTTTGATCTTCAGCTTTTTCCTGAAAAGAGTGCGGTTATTGTGAGCTCTGTTTTTGTTCCGGGAAAAGAAGTGTCGCGCGGAGAAAAAGACGTGACATGGGGAAAAATTCGTCTTCTCGCCACGCAAAATAATGAGCAGGTAACACGTTTGGCATTTCTCATTCCAAAAGGAGCGGAAGATACTCTCGAAAATATTCGTTTTGTAAATGGAGGAATGTCATATCGGGGAGATTTGGAAACGGGACTTGTGATTTTTGAGGAGAATATTCGTCTCGAAAAAGATCAGGAATCAGAATGGTCGCTCGTTGGCGATGTTCGTGCAGGGGCGGCATTGGGGTCTTCTTTTTGGTATACCATAACGAACGCCGCTCAGATTCGCACTTCAGCAAATGCAGAGAGCATTCCTGTTCTTGGAGGATTTCCTCTTATGGGAAATCAATTTAAAGTTGGCGAAAATGAACCCCTCTTTTGTACCATGACCTATCAGCCCGTATGTGGACGAACCTATTCTTCACTTCCTTGTCCTTCCTCAGAAGGATGCACGCCAATAAACATAACCTTCTCTAATTCTTGCGAACTCAATAATGCAAAAGCGACCTTTTTGTATTCTGGTTCTTGCGATTCTCCAGAATCTGTTGGCGAAAAACCGGTTTTTCCTTTACCTGTCACATCCGATTTTCCTGATGTTTCAGAAACAAATACTTTTCGTGATGCAATTGTCTCCCTAAAAGAGAACAAGATTGTCCAGGGATTTTCTGATGGAACATTTCGTCCAGAAGATTCTATTGGACGCGCCGCGTTTTTAAAAATTGTTATGGGTGCCATTGCCGATGCCAATGATTTTTCTTCGTGTGCAACGGAAGAGGCGAAAGATGGTGTTGTTTTTTTCTCGGACGTTCCTGAAAACGAGTGGTTTGCGCCGTATGTATGCGAAGCCGTTCGACGAGGAATTGTTAATGGATACCCCGACGGCACTTTTCGTCCGGGAAATGATGTTTCGTTTGCAGAAGCGGCAAAAATAGCAGGAATTGCTTTTGGTGCGGAATTTTCGGGAGATGTTCCGTGGTACGAACCATTTGTTCGATTTTTGTCGGAGCGAAGAGCTATTCCGATTGGTGTTTCTCAGCTTTCACATGTTTTGACTCGTGGCGAAATGGCAGAAATTATCTGGCGATTACGAGACAGGGTGACAAATAAAGAGTCGTATTCGGCAGAAGAGGTGCTGTCGAACAACTGATTTTCCATATACTTCATGAGGAGTTCCTTGCCATGCGAACCAAAAATAAGGAAAATAGGAACAACTTTTTTTTCCATGGAAGACTGTATATTTTGTAAAATTTCAGAAGGATCAATTCCTGCAAAAAAAGTGTACGAAGATGAATTTGTGCTTGCCTTTCATGATATTCATCCGAAAGCAAAAACACATATTCTTGTTGTTCCAAAAGCACACACCCCTTCCCTTTCGGAGGCAAAAGAAAAAGATGAAGCAATTCTTGGAAAACTTCTTCTTACTGTTCAAAAGGTGGCAAAAGACCAGGGACTTTCTGGATACAAAGTTCTTATGAATGTAAACCGTGAAGGCGGACAAGTGGTGTTTCATCTTCACCTTCACTTGTTGGGAGGAGGAAAAATAGACCTCGAACATTGCTAATACCACACTCAAAAAAAATGTAATGAGAATTATTTTTCTTTATCTTCCTTTTTCGATTGATTTCTCAGCGACTTGCAGTTCTTCAAGATCTTCTTGAGACAAAAAAACTTTCGGGTATTCTTCTCTCTGATCCATTTTCAGTACAGTTTTTTTGTGGTTTTCAAAGCTCAAATGCGCTTTTATTTATTCTCTCTCAAAATATTTTTCTTTTTACTGATGCACGATATTTAGTAGGAGCGAGAGAGCAATTTCGAAAAAGCAACATAGAAGTGCGAGACATTTCGAAAAATGATGAATGGAAATCATTTTTTAAAGAGCAGAATATAGTCATACTCGGGACAGAATACTCCAAGGTAACGGTTGCCAAGTTTTCGGCATGGAAAAAATACTTTGGAGCTCGATTTCGAAATGTTGATCAGGAAATTGCTCTCGTGCGATCACAAAAATCTAAAGAAGAAATACGCAATGCAGAGCAGGCGGCAAATATTGCTGATAGCGCCTTAGAAAGTGTTATTCTTGAACTTCGCACGGGAATTTCTGAGAAAGAATTTGCATGGAAGCTTGAGCAGGCGTGTCGTGAAAAAGGAGCAGAAAAACTCTCTTTTGAGAGCATTGTTGCTTTTGGTGAAAACTCCGCTATTCCGCATCATCATCCGACCGAACGGCGACTCAAAGAAAATGAAGCTATTCTTCTTGATTGGGGAGTGGTAAAAAACGGAATGTGCAGTGATTGTAGTCGATCATTTTTTTGGGGAACACCAGTTGAAAAATGGCTTTCAGATTATAAAAAAGTACTCACCGCACAACAGGCGGGAATAAACAGCATTGCTCGGGGAATGTCAATAAAGAACACACAAAAACGAGCAGAAGAAATTCTCGAAGAAAACATTCCGCATTCTTTTGGACATGGAGTAGGGCTTGAGGTGCATGAGTATCCCACACTTTCTTTGCGTTCTCGAAAGAAGTTTTTGGAAAACATGCTCGTTACCGCAGAACCCGGAATATATCGCGCTGGAGAATATGGAATTCGGATTGAAGATCTCTTGGTGGTGGAAAAAAATCGCGTCCGATTGCTTACTCATTTTTCAAAAGATTTGGAGTTTGTTCTCCTTTCACAGCAATTTTTGAAGAGTAGTATTTCTTCACAAAAAATGAGACAATAAGGAAACAAAATAAAATATATGAAGTATCACAATGTTCCCATCGGCAATCTCTTTGAAGAGTTTTCTTCTTCTCCTCAGGGGTTATCTTCAGAAGAAGCTTTGTTTCGAATTCAGAAATACGGAAAAAATATACTCCCCCAAAAGCGGAAGAATTTTCTCCTTATTTTTCTTCTTCAGTTTAAGAGTCCGCTCATTTTTATCCTTATTGGTGCTGCTTTTCTTTCGGTTCTGATTCCTTATTTTGAGCAAGGACACCTCTCTGGAAAAGATTGGATTGATCCCATTGCCATTGTTGCGATTCTTATTCTTAATGCGTGTTTCGGATTTTTTCAGGAAATAAAAGCAGAAAATACGCTTGCCGCTCTCAAAAAAATGCAATCAGAAGATGCCGTTGTCGTGCGAAAGGGGGGAGAGGCAAAAATTTCTTCCGAAGATCTTGTTCCAGGAGACATACTTGTTCTTGCTGAAGGTGATAAAATTCCTGCCGATGCACGACTTATTGAGTCGATAGAGCTTCAGGTTATTGAGTCAGCACTGACGGGGGAGTCGATACCGACAGAAAAGAAAGCAGAATGGAAAGGCGAAGGAAATATTTCCGAGCAAAAGAATATGGTTTTTTCTGGAACTCAAATTGCCTCTGGAAGAGCAAAAGCACTCGTTGTAGCAACAGGAGTTGCTTCGGAACTTGGAAAAATTGCATTTCTTGTTTCGGAGACAGAAAGTCCACAAACACCACTTGAAATCCGTCTCGATCGACTCGGAAAACGAATTGGCATTGCCATTGTTGTCATTTGTATTCTTGTTTTTGTGGTGTCATTTTTTCGAGGGGTGCCCATTACCGAAGGATTTTTGACCGCTGTCGCACTTGCAGTTTCAGCAATTCCAGAAGGTCTTCCTGCGGTTATGACTATATCACTTGCGGTGGGAGTGGCAGTCATGGCGAAAAAACATGCACTCGTTCGAGAGCTTCGCGCTGTGGAGACATTGGGAAGTGTTACTGTTATTGCTTCCGATAAAACGGGAACCATTACACAGAATAAAATGAAAGTGGTATCGGTCTATTCTGGGCGAAAATACTATACTGAGAAGAGTATTGCGCTCTTTGCAAACTCCGAAATGGGGAAACGAATGCTTGATGCTGGTGCTTCTTGTAATGATGCAAAACTTCCAGATATTGGAGATCCCACAGAGATTTCGCTTCTTGATATTGCGAATACTTACAGTATACAAAAGAGAAATCAGCGAATTTCTGAACGACCCTTTTCTTCCGAAAAAAAATGGATGAGTACGACGCATCGCATTGCGGGGATGGAGG
CP065009.1_gap32	1553901	1554753	852	TTCCATGCTTCTTTTTCATTTCGACATGCGACAGATCGCGGATATTTTACTCCAATTTTGTCAAGCGCCGCATTAAAGGCTTCGCGGTCTTCTGTGGTTTCAATCACCGAAACGGGTGTTCCGAGCACTTTGACGTTATGTTTTTCCAAAATACCTCGTTTCTCGAGTTCAATTCCGGTATTGAGTGCGGTTTGTCCTCCCCAAGCGAGAAGGATGGCATCTGGTTTTTCTTTTTCAATAACGCCCGTCACAAAATCTGCATCAACCGGAACAAAATAAACCTTATCTGCCACTCCGCGAGATGTTTGGTTGGTGGCGATGTTGGGGTTTACTAAAATAACTTCTGCCCCCGCTTCTTTGCATGCTTTAATTGCTTGTGAACCGGAATAATCAAATTCTCCTGCTTGTCCAATTTTGAGGGCACCAGAACCAAGAAGGAGTATTTTTTGCGGTCGATTCATGGGGTAAAAAGCAGAGAGAAAGATGTTCTTAGGTGATTTTCCGCAAAATATGGAGAAATGGCAAGGGATGGAAAAGAAGAAAAGCCACCTCTCGGGAAAATATTTTCATATTCTGTTTTTTTATGTTATAATATAAAAAAAATTCAAGACTATTCATGAAACATAGAAAAGTCTTTTGAAGTTTATATTCTCTAAAAATAGAACCTATTTTTCTTTGATCCTTATGAGGCGACAAGAACAATCTGAGATGATTAATCATCAAGAAAAAAATGACTGTGTTTCTCCTCAAAATCTTAACCCTATTGGTGGTATTATCGCGAAAAACCCCCCTGAGTATCTTGAGAAAATTGTAGGTCCAGGTCCAATAATAGCTCAAAAAACAAATGAAGCG
CP065009.1_gap33	1560078	1560578	500	CTTCTGCCATTGCTTTGAAATCATCAATTTGTCCTGAGGGGAGATTTCGTATTTTGTACTTTCGGTACTCTGATTTTGCTGGTTTTCCATCCAAAAAAACAACGCGTGAACCAACTGCGTGGGTTCCAGAAAGGTGCGAAATGTCGTAACACTCTATGCGCTCTGGTGGGGTGGGGAGGTGCAGCGCATTCTGAAGACGAATAAGCGTTTCATCTTTTTCAAAAGCGGCGCGACTTAACGTAGCATTGCGACTTGCATTTTCGTGTGCGAGCTCCAGAATCTCTTTTTTATTTCCTCGTTGTGGAACACGGAACGACGCTTTTTTTCCAGATGCTTCTTCTGTATATGATTCTAAAAGGGCGCAATCTGATTCTGAAAGACAGTCTGGAACAAGAAAAAGTTCTGGAATATCTGAAGAGAGAAGAATGTGGTCGCGAAGAAAGGCAAAAAGTGTTTCTGAATTATTCTCTCCGTTTCGGAGTGAGAAATTGTCTGACCGA
