gap_id	start	end	length	sequence
CP064973.1_gap1	11705	13745	2040	ATGTGGCGAATATACTGTTATAACTTTTTCATTTTTATCAGTTACTTCGTAAGTAACCCCTGGAGTTGTTATAACAAGATCTAGATTGAATTCTCTGCGCAATCTTTCGGTAATTATCTCCAAATGCAACATACCCAAGAAGCCAGCTCTAAATCCCCGTCCCAATGTTCCAGAAGTTTCTTCTTCAAAAGAAAAAGCGGAATCAGACAAACGTAGTCTACCAAGTGCAGTTTTTAAAGCAGGAAAATCATCCTGACTTTCTGGATATATAGATGCCCAGACTACTGGTCTTGGTTGCATATAACCCGGCAACGCATTTCCAGAATTTTTAAAAGTAGTAATAGTATCTCCCACCGAAGCAATACCTGGCTTTTTAATACCAGTTACAATATAGCCAATTTCACCTGGAACCAATTTTGGTTTTGGAGTTTCTTCTGGAGAAAAAGTTCCGACTTCCAGCGATATAAATTTTTCGTTTGCAACTCTGAAAATTAGTTCATCATGTCTAGCTATCTCACCATCAAAAACTCGAACATACACTATAACTCCTTCGTGGTTTGAATATTTAAAATCGAAGACCAATGAACTTGGGACATTACTCTTGGATTCGTTTGGAGAAGGGATTCTTTCTATGATTTGATCCAGTAATTCCTTTACACCTTCACCTGTTCTACCAGACACACCTAAAACAGTATCTGGATCAATTTCTAAAAGGAGAGCTAGTTCTAGTTTTACCTCGTCTACTCTAGCAAGTGGAGAATCTATTTTTGAGACAACAGGAATAATCTTCAATCCAGATTCTCTAGCCATCGCGAGAGTGGTCAAAGTTTGAGCCTGAACACCTTGTGTAGCATCCACCAAGAGTATAGACCCCTCTACCGCTTTTAGAGCTCTTGAGACCTCATATGAGAAGTCTATGTGCCCAGGAGTATCAATTAGATTCAAAATATATTTCTCGCCACCACTAGTAAAATCCATGCGAACAGGCTGCATTTTGATTGTTATACCCCTCTCTCTTTCGAGCTCCATAGAATCCAAGACTTGATCTTTCATTTTGCGAGCCTCGATTGTGCCTGTAATTTCAAGCATTCTATCGGCAAGAGTGGACTTGCCGTGATCGATATGGGCTATGATACTGAAGTTTCGGATGTTCTTTATAGACATGCGTGTATATTAACAGAAAATTCGTTAAGAAAAAGCTTTTTATTATAAATCGGATTGTTCTGGGGCAATAATTGGAGCCTTCCAAAACTTTGCTGAAACAGAGTTTGTAAGAGCTCGGAGCTCCTGACTTTTAAGTAAATAGAGCACCAAGACCCCCGCTGCAATACCAATTACCCCAGACACTAGCCCTTGGAGCAAGATACCCCAAAATGTTTCCATTGAAAAAATAGTATCGAAGATATCTAGACACTTGTACGCAACAAAACCCATAAAAAATGCTCCGGCGAAACTCTGTAAAAATACACGTGAAATTTTAATCGTAGCCTTTTTGCAAAAATCCTTCCTGAACAGATGCCAGAGTAAAGTGAAGTTTAGAATTGTTCCCAAAGAATAAGCCAGTGGTAACATCAATACCTGTGTCTTGTCTAAGCCTTCTACTCGCATAAGATTTTCCACAAAATATCTAAATGCTACGTGTGAATTAAAAATATTTATAAGCACATGAGCAATAATAATAGTAAAAAGGGCTGAAAAAATATTTATCAATAGGGGCTTCTTGGTATTCCCCGCTGCGTAATATCCTCTAACAAATAAATGCACCAAACTCTGTGCCACGAGTGATATAGAAAACAAAGCTAGGGCTGCAGCAGTAATACGTGTATCTGTCCAAGAAAAAGATCCCGTTCCAAGTATTACACGTACTATTTGAGCACGTAGAACTATGAACAAAAATACGATTGGCAAAGACCAGAAAATAATCTTCTTTGAAGCTTCTAGTATATGGTCAACAAAAAGAGTTTGTTCGTTTGTCGTAAAGAATCTTACGAGGGTTGGAAAAGACGCAACTGAATAGCTTATACCGATAATCCCTATTGG
CP064973.1_gap2	15319	17561	2242	AAAGACTTTTCAGCTTTATTGAAAGTATCTACGTTTTGAGTCCTGCGAAAACCTTGGTCAGTATATGCCACAGCTACAAATTTTTTAGTATATATATAACCCATAGATAAAGTGGCTATAAACAAGACAGATATGGTCAGTATTGAGAAAAAGCTTTTTCTAGGATCTTTAAGAAAAGATATTTTATATTGACCGATAAGTTTACGCTCTTCTAGAGTGTTTATAAAAATACCTATCATTACAAAAGTTAAGAATATAATAGTTATGTTCGGTACAGAAATCCATAAAAAAATCAAAAAGTATGCAGCTAGTATAAATGAACTCAATAAAAAGAAATTTGCCATTGGCTCTACGGAGAATGAAAAAACTTTTTTTATACCAAAGTAGAAAAAATACACCAAGAAAAATAGTAAGGATAAAAATACAAGCGGACCTGATGTAACTAAAAATGTTGGAATAAAACCAAATCCTTGAGAAAAGTTTGTATCCCAAAATGTTGTCTGCAACACTTTTACAGGACGAAACTGCGCCCAAGCATTTTCAAAACGATTGGCCCCAAAACCAAAAACTGGATCTTGAGCCAAAACCTGTTTAGCCACCTCAAAAGTAGTACTAACAGAGGGCCTGAATTCTACATTGTAAACGCCCAAATTGTTGGAAAAAATCTGACCAACTAAAGGATTTGCTAACACAAACACAAGAGATACCATAACCACACTAAATGAAATAGCAGGGAAAAATCTTTTTTCTAAAATATTATTGGTATCTTGTGTGGCATTTCCATTTCTAATAACTGTCATTGCGTATATGAAAATTATCAAAGAAAACAGACCGACCAATACCCAAGCGCTTATAGAGTTTATAAGCATTAAGAAAAATAAACAGGCTCCAATTAAAACCAGTGTAAATATTTTTTGAACCTTACCAATTTTGAGCAATTCAACCATAGCAACAGCAAGTAATATAATTGCTCCTAAAAATACAGAGAAATCACTCCATTTGCCGATAAGATTTATTGTCTTAGATGAAAAAATACCTATACCTAAAGTATTTGGTCCAACAATAATTAAAACTAGCTGCCATAATATAGAGATTATTGATACTCCCAATATTAAAAAATATACTGATGATTTTCTACTTGGACCACCGATAAGCACACTACCTAAAAATAGAGTGAGGAACATCAACAAAATACTACTAGTAGTACCTATATCAAAACCCGTTCCTATAAAAGAGACGTTCGGTGCAACAGAAAAAAGAGAAGACAATACAGTAAAAAATAGTGTGCCTAGAAATGCAAAAATCAGAGGGGTTTTTGGTAAAGAAATATTCCCGTCTAACAATTTAGCAAGCAACCAAAAAGTAAAGGAAGTGCATATACCTATAGATATTAGATAACTTTTTGATATATCAAAAGCTATAGTTGTAAACGGTATAAAAAAAATCGGTACAAGCGCAATGGTTATCAAATATGCGTAATATGAAATTTTTGCAAATAATTTTGCTTTACTTGTTTCTACTGAGCGGATGCTTGTATTTATAGTATCCATGCGGTTAATTATAGTACAAATCTAGCAAAAAGACCCAGGTGTAATATGGGGATTTATATAACAAAGTTTATTATCCTACCTGGTACATATATCACGCGTTTTATATCTTTGTCTGAAATCCAATTTTTAACTTTTTCATTGTCTTTTGCCATAGACACAGCTTCATCTTCAGATATGCCGCTTGGCATAGTTATTTCTGCACGAACTTTTCCATTTACCTGAATTATTATCAGATTTTCATTGTCTACTATTTTTGAATCATCCCATTTTGGCCAATCGGTAAGGTGGATAGAAGAACTCTCCCCCATTTCGTTCCACAACTCTTCAGCTATGTGTGGAGCAAAAGGTGCAAGAAGTTTCAATAAAATTTTATAATCATCTTTTGATATTGAATCTTTCTTGTCCAAATCATTTATTAATATCATCATTTGAGATATTGCAGTATTGAATTTGAATTCTTCTATATCTTCTGTAATTTTCTTTATAACTTTATGTAGAAGTGTTCCTATATCATTTGCATTGTCTGAAATTTTTTCTTTTAATTTCCATACACGCTCAATAAATCTTCGCACCCCTACAACCCCATTTGGATCCCATGGATAATTTGTAGTAATACCATAGGGACCCATGAATGCTAGGTAAAGTCTAACAGTGTCTGCACCAAGACGCTCCACTATTTCGTCTGGATTTAT
CP064973.1_gap3	81541	85663	4122	TTTATGTGGCAATGCTACGTTTATCTCGATTCCCCTCTCAAACAAAAGCTCAGAGCTAGAATCTTCACCTACAACCTCTTCCTTGTATTCATCTTCAGATTCACGAACACCTTTGTGTTCGACCATTATACGCAAGAAAGCAGTTCCTCCGCCGAACATTAATGCAAAAAACTTTTGAAATTGTTCATTTATCTTCTCAATTCCGGAATTAAACTCTTCATCCAAAGTATCACGTAAATCACGTATTAGAGTCTTTAATTCTAAAATACTACTTTCTAGGTCAGCCAATTCTTTTGCTAAAAATTGATCCCTAGAAACTGTTTCTTCATATTCTTTCAAAATATCTCCACCAGCTCCACCGCCAACGTCTTCTATTTTTATCTTTAGTCTCTCTATTCTCCTTCGTACATCTTCTTGGTCTATCCTACTAACCTCTCTACCGATAGATGGATCATAAGCACTAGCTCCAAAACCAATCAAAACCTCAGCTTCTTTTAATTCATCTTGAAAAGAAACCTCCTGACTCTTTAGTGTTTCTTCTTGTACCAAAAGTATATCTCGAGCTCCTATCAATTCAGTTTCTTTTTGTTTTAATTCATAGCGTTCTTTTTCACCTTCCCTATCTTCTCTTTCTTTGTTTCTAAGTATATTACGCGCTTCTTCTAAGATAGATTCTTTTTTAGATCTCTCTTCGGATAAATTCTTCTCTAAGACAGACAGTTCATCATAAGAAATTTCCAAAATTTTTATCTCCTCAATCAAATCATTGTTTTTTGTATTTGTATTTTCACCAGAAGAAACAAAAGACTGGAGTCGATTTTTTAAAGACAGCAAAGCTTCGACAATCTCTTCTCTGGATTGTCTTTGTATAGCTTCATCAATAGAACTAGAAACCTCATCGAGCATTTTTCTAACCTCAGATTGTGATATCAACAAATCTTCTGTGTTCTCTTTTGTTTGTGATAAAGATTTCTTTGCTTCAAGTAGTCCCTCTAGTCGAGCAATCTTTCTAATTATTTCATCTCTCTCTGTATTTATATCAAGTAAAGCTTTCTGTGCTTCTCTTACAGCAATCTCATCATCGTTTGTTTTCTTACTATCTGGAGTACTAAGTAGCCCGAGAGAATGTGTAATCTTATCTAGCTCAGCAGCTATTGTAGATTTTTTTATTTGAACCCTGCTTCTTTCTCTGTCTAGGTAAAAAGCTTCATTTGCAAAATACTCTGCATATAAACCAGAAAGTTCTACGCGCATTTCTTTTGCTTTTTCAATTTTTTCAACTTGTTTCTTAAGAAAATGTAAGTGCGGACCTATCTCGCGACGCAATGTTGCTATCTCCTTCATATTAAGAGAAGTTCTTTCTAATTTTCTTTCACTTTCTCTTATGCGGTATTGATATATTTTTAAACCAAGAGCATCTTCAATCATTGCCCTTCTGTCTTTTGAAGAAGAGTTAAGTATTCGATCAGCCTCACCTTGTGAGATCATGTGGTGACCCGAGCTACCTATGTGCACACTAGAGAGCAATTCAACTATATCTTTCAGTCTTACATCTGTACCATTTATCTTGTATACATTCTGCCCATCAGAATATACTTCACGAGATATAGAGACTTCATCAAAAAGCAGCTCTGGCGCACCTTCTTTGTTTGCAAAAGAAAATATTTTTTTAGTATTATCAAAAACAATCTCTACAGAAGCACGATTTGGGGCAGAGAGACCTTTCGATCCCTTGAAAATCAAATCTGTGCCAGATTTTCCGCGCATTGATTTTATAGATTGTTCACCTAAAACGAAGCGAAGAGATTCAACTACGTTTGACTTACCTGATCCGTTTGGTCCAACTATGGCTGTAACTGGCGCCGAAAACTCAAGAACTGTTTTCTTGGCAAAAGATTTAAATCCAGTTAATTCAATACGTTTAAGATACATTTTTTAAAATCAATTTTTTAAAATATTTTAATCAAGCCAATTCTTAACTTTCAATGCTTCAGTTGCTGCTTTTTGTTCTGCTTCTTGTTTAGACTTACCTTTACCTTGGGCTATCAAATCTGCTCCAAAAAATATACCAGTAGTAAAATGCTTGTCGTGATCTGGGCCTGCTTCTGATAATACCTTATAAGAAGGCGTAACTCCTACAAATTCTTGGGCTTTTTCTTGGACAAGACTCTTAGGATCTCTCCAGGATTTATTTTTTACAATCTCATCAGTCAAAGGAAATAGTGTCTTAGAGACAAATAATTCAGATTTTTCGTATCCTTGGTCTAAGTATACCGCACCTAAAAAAGCCTCATATGTGTTTGCCAATATGTATTGTCTAGCCTTACCGATATCTTTTGCTTCACCTTTAGATAACAATAGAAATTCTCCCATACCTATCGAAGTAGCAACCTCAGCAATTGTCACAGCATTCACCAAAGCCGCCCTAAAAGCTGTTAGCTCCCCTTCGTTGTGTTGTGAAAACTTTTTATACAAATAATCTGTAATGATAAGCTCGAGTACTGCGTCGCCTAAAAACTCCAACCTTTCATTGTGAGAAAAACTTAGATTTGGATTTTCATTTAGATATGAGCGATGGACAAAAGCCTGCATTAGCAAATTTTTATCTTTGAAAGTCATTCCGACTTTCTTTTCAAAAAGAGAGAAGTCAACCATATATTTATTGAAGTATGAATTATGAATCAAGCGTTTTTGGCTTCATTCCTAATTCTTAACTCATAGTTTTTAAACTAAAATTTATTTTGTAATTTTTTCAATAGACTTAGCAAGTAGAGGCAGGATATCATCATATGTTTTGATATCTCCTATCTGACTTAAACTAAACCATTTTGCATCATCAAGTCCACCACTTGAAGTCAGCGCAAGCTCCTGATACGGTGCTTCAACCAAGAAGTAATGAACTTCTTTTCTGATCTTTCCTTTCTCAGGATGCGAAGCAATATACTCATTTTGCCCTAGCTTTTCTTTGACTACTATAGGCAATCCTACCTCGTCTTTAATTTCTCGAACAACAGCAACAGCCTCGTCTTCACCGTCCTCTACACCACCCTTAGATAGAGTCCAGTAACCAAAAACATCATGTACAAGTGCAAAATATACTGCACCTTCGTGGCGAGCATATATAACAGCACCTGCCTTTTTTTCAGTAGGTAATTTTGTTATATCAACAGGTGTGTCATCTTTTTTCTTTTTAGAAGTTTGATCCTTTCCCGGTTCTCCTATTTCTTTGTATACAGCACCTAAAACTCCGTTTACAAATTTACTAGATGTTTCACCTCCAAAAGCTTTCGCAAGTTCAATTGCTTCATTGATTGCTACTTTAGGCGGGACTTCTTCTCTGTTACCAAATAAGAGCTCAGCTAAACCAAGTCTTAGAATATTTCTATCCACAACTGATATTTTATCAATAGGCCAATCTGGAGCAGCTTTAGTAATTATTTCATCTATTATTGAACGCTTCTTTAGCACAAGTTCAGCTAGATTTTCAATAAAAGTAAAATCATCTAAGCCTGGACCAAATTCGCTTTCATTGCGCTTCAATATAGGGACGATTATGTCGTCTTGTTTACCGTTGAAATCCCACTCAAAGAGTGATTGGAGAACTATTGATCTTGAAAGGTGCCTGTTTGCCATTTTGTTGTTTACAACTTTTTTTAATTTTTATATGAACGAAAGAACACAGTAAATCAAATTACTATGCTTTCTTTGTTTTTGCCATTTTCTCGGCTTTCTTTATGGATTTTTTGTTAACCTCTAGTACCTTTCTACCTCTGTACATACCAGTTGTGGTGCATACATGGTGACGAAGGTGAGGAACTCCAGTTTCTGTATCAACAGAGAAAATGCGCGCTTTTAAAGCGTGATGTGAACGTCTGTTGGCGGTATGTGACCGCGTATGTCTCATTCGGACTACCATGTGGACGAGTATAGCATAGGGGTATATAAATTACAAGACTTTTTTCAAAAATGTCTTCCTGTGTATGTCTGTAATACCATATCTATATATAGCCTCATAGTGAGCTTTTGTCCCATACCCTTTATGCATATAAAAATTGTATTTTGGGTATATTTTTGAAACCCTATCCATATATCTATCACGTGTGACCTTGGCACATATGGAAG
CP064973.1_gap4	118702	119864	1162	TGGTCTTTTTAATATTCAATGCGTACAAGAATAATCTAGTTATAGATATAGCAGAAACAAGAGATATGATAACACCAAGACCAAAAGTAAGTGCGAAACCTTGGATAACTGATGTTCCAAATATGAAAAGTATTAAAGCTGTAATAATACTTGAAGTATTAGAATCACGGATAGATAGCCATGCTCGTTCAAATCCTGTGTGAATTGCATCCGAAATACTTCTATCGTGTTTTCTAATTTCTTCTTTTATGCGTTCAAATATAAGAACATTGGCATCTACAGCAATACCTATAGATATGATAAATCCAGCAATACCGGCAGCAGTAAGCGTAATCGGAATAATCTTGAATAATGCGAGCATCATAACTATATACATAACCAAAGCTATAACAGCAATAAGTCCTGGAAGTCTGTACCAGAAAATAAGAAAAGCAGATATCAATAAAAATCCAATCAGTCCTGCAGAAACACCAGCTTCTACAGCACTAGCTCCTAGTGTTGCCCCAACTGTCTGAGTAGATATAAGTTCAATAGGTACAGGCAGTGCTCCTGAATTTAGACGGCCAACTAGCTGCTTTGCTTCTTGAGGTGTAAATAGACCTGTTATTTGAGCCTGACCACCCGATATAACAGATCTAACTACTGGAGTCGATATAGGTGAACCGTCCAAATATATAGCAACTGTTTTTCCTATGTTCTCTCGTGTGATGTCTTCAAACATCTTTGCACCTTGTTCATCAAACTGCAGGGAGACTATAGGTTCACGTGTTGAGGGATCAAATTCGAGAGTTGCTCTTTTTAGATATCTTCCTGTTAGCTCAGTGCTTATATAATTTAAATTATTTAGATTTATACTATCTAGGTTTATATTTCCATCAACTACATTACTAGCATCCAATTGAATTGGCGCGTTCGGATCTGGATTTTCTATTTTAAATTCAAGAAGTGGAGTCTGCCCTATCATCTCTACAGCCTCATCAATGTCTGTAACCCCAGGTAAATCTATAGACAATCTTTCTTCTTGATTGTTTGCAAAACTTCCCTCTTGTACCTGAACAACTGGCTCTGCAACACCAAACAAATTGACTCTGCGCTCTATAACATCACGCAGTGCATTCATAGAATCGTCCACCTCAGAAGGAGTTATGGCACTAGTATCAGC
CP064973.1_gap5	121762	122554	792	TCCTCCAGAAAACTATCCCGTATAAAATGAAAAGTAATAAAACTCCTATGAATCCCCATTCTTCGGTATAAGCAGAAAATATAAAGTCTGTCTCATATTCTGGTAAAAATTGTAGTCTAGACTGAGTGCCGTATCCTACCCCTTTGCCCAATATCTCCCCTGAACCAACTGCTATGGTCGACTGGTAAGCATTGTATCCAGTACCCTGTATATCAGCCAAAGGATGGATGAAGTTCATGATTCGAGCTTTTTGATAGGGCTGAAAAACAAATAACCACAGAATAGTAAATATCACAGCTCCGGCACCAACTACAAACATCAAATGTTTTTTTGACATCCCAGATACCAAGACCATCCCAAACCATGTCAAAAATATAATAATTGCACTACCAAAGTCTGGCTGTAAAAAACTAATATAAATGGAACAAAAGCATATAACCCAGAAATAACTATATGCCTCCAGTGAGCAATCTCCACATGTCTTCGAGAAAAATATTTTGCAAGCATCAAAACCACAACAAGCTTCATCATGTCTGAGGGCTGGAGAGATATTCCTCCAAAATCAAACCAACTCTGCGCCCCTTTCGATACTGTTCCAACAACAAACAAAGCTAAGAGTAAGCCACAAAAAAACAAGAAAAGATACACCAATACATCTGTGCGTTTCAATATTCTCACATCGATAGAAGAGACAACAAAGAAAACAATAAAGGATATAAGTATCCACAATAACTGCCTATCAAACAGAACTGCTTGCCCTGTAAAAGAATGCATCGTGATCAACCCTGCAAA
CP064973.1_gap6	158483	161211	2728	GTTTGGCACTAACGCACTCCATAGGAACTGCACTCTTTTTTATATCTGTTTTAGGTATTATCGATATTGTAGTTTTATCAAACACCTTACCGGGTGGATACATAGGACGGATAATCGCATGGCCTTTTGTCGCACTATTTGATACATATGCAAGTATTTTATTTTTAGGAGCACTACTAATAATCTCAATATTTATATTATTTGATACTCGACCAAACATGGGCACACTTCCTGTTCGGGTTAGAAATTTCTTGTTTGGTAAAAAAGACAACGAAGAAGAAATGGAAACTGAGGCATATGTAGCCAAACCAGAAGACACCACAAATCCTGAGCCAGAAAAAATAGAAGAAATAAAAAAATCTGAACCAGAAACAAAAAAGAAAGATGGCAAAGATTCTGTGGCAGACGAAGAATTCGTTTTAGCTAAATCAAAAAATAAAGCTAGTACTTACACTCCCCCACCTCTATCACTTCTAGAACCAGACAAAGGCAAGCCAAATGTTGGAGACATAAAAGCAAACGCAAATATAATTCAGCGCACTTTAGCAAACTTTGGAATTATAGTAGAGATGGATGAGATAACTATCGGACCTACTGTTACAAGATACGCACTGAAGCCTGCCCAAGGTGTGAAGCTTTCTCGTATCGCAGCACTGCAAAATGACCTAGCTCTCGCACTTGCCGCCCATCCTATACGTATGGAGTTGCCTATTCCTGGAAAGTCACTCGTGGGAATAGAGATCCCGAACAAAACAAAATCAACTGTCGGTCTCGGTGCACTTCTTGCAGATCCGAACTTTATAAATTCTCCAAAACCTTTGATATTTGCACTTGGAAGAAATGTTGCGGGTAAGCCTACTCATATAAATATAGCCAAAGCTCCTCATGCCCTTATTGCGGGTACAACTGGATCTGGTAAATCTGTCACCATACACGCACTTATTACTTCACTTCTATATAGAAACGGACCTGAGGACCTAAAATTCATAATGGTGGATCCAAAACGCGTAGAACTAACTCTATACAACAAGATCCCCCACCTTCTTACGCCTGTTATTACTGACGCCAAGAAATGTATATTGGCGCTTAAGTGGGCAGCAAAAGAAATGGAAAGACGTTATGACATACTACAGAGTCATTCTGTTCGAGATATTGAGTCATACCATGACAATATATATGCCAAAAAACCAAAAGATAGTGAAGAGATTATGGACCGTATGCCTTATATAGTTATCATAATCGACGAGTTGGCTGATATTATGCAAGCTTATCCTCGTGAACTAGAGAGTGCTATCGTTCGCCTAGCACAAATGTCTCGCGCTGTCGGAATACATCTTATACTCTCTACTCAGAGACCTGAGGTAAACGTGATCACAGGACTTATCAAGGCAAACGTACCTACTCGTATAGCTCTACGTGTTCCTACTCAAGTAGACTCTCGAACAATTCTAGATACAAGCGGAGCTGAAAAACTTCTAGGAGCTGGAGATATGCTCTTCTCTGGAGGAGAAGGTCAACCAGAACGTCTACAATCTGCATTTATATCAGAAGACGAGGTCAAAAAGTTGTAAAATATCTATCAGAAGCATTTAGAAACGAAGTTCCAGGTGACGATATAGCTTTTTCGGGTCCCCTAACAAGCGAACCTAGTATATTTAGCGCGACTCTAGACAACGATACTAGCGAGGATGATGATTTATATGAAGAAGCTAGGCAAATAGTTATAGAAACACAGAAAGCTTCAACTTCATTCCTTCAGAGAAAACTTGGTATAGGCTACGCAAGAGCAGCTAGACTAATAGATATCCTAGAAGAAAGAGGTGTAGTCGGTCCTGGTAATGGAGCAAAACCTAGAGAGGTCCTGGAAAAAACTGCTGAAGCAGAGCAATCTGGATTTACTGGATAAAATATGACCTTCAAACAAAAAGCTGGTATGGGTGCAGGCATTGTATTCGGAATAATAGTTTTTTTATATGCAATTTTTAGACTTCATGACCTAATATTCGGAATAAATATAAAAGTTGAAGGCATAGAGAATGGTATGGTTGTCACAGATCCAAATATACAAATAGATGGTAATGCAAAAAGGGCTAGTTTTGTCACCCTAAATGGAAATGAAGTATTTATATCAAAAGAAGGAGATTTTAGTGAACCAATAGTACTTTTACCAGGAGAGAATGTGGTATCATTGTATGTGAAAGATAAATTCGGTAAAGACACAACCGAGATATATAAAGTAGTCTATTTAGTAAGTAATCAATAAATTTATGGCATTCAAAAAAACAGCCCCAAAAGAAAAGAAGCAAGTAGGAATGGAGATTGAAGATACAATTCGTTCCATTCAAACAAAATTCGGAGAAGGTGCAATTATGAAACTTGGTGACACACCAAAAGTAGACATAAATACTATTTCTACTGGATCGCTCGGGCTTGATATGGCTCTTGGAGTTGGTGGTGTCCCCCGCGGACGTATAATAGAAATATTTGGACCAGAATCATCTGGAAAAACAACTCTTGCGCTTCACATAGTTGCCGAAGCACAAAAGACTGGAGGTGTTTGTGCATACATAGACGCAGAACATGCAATGGATCCAGTTTATGCAAAAAATCTTGGTGTTAAAACAAATGAACTTCTAATTTCTCAACCAGACACAGGAGAGCAAGGTCTTGAAATATGTGAATCACTTGTACGATCTGGAAAAATCGACGTAGTAGTAATAGACTCAGT
CP064973.1_gap7	165966	168572	2606	TCAGTAGAATCTTGTTTTGCACCATTTGCATCTTTCCAAGATCTATTTGTTGCTAGACTAAAACTTGCAACTTTCACACCTGACGGAAGAGATTTTAGCTCAGGGTCTCTTGTTAGATTCCCAATGAGCATAGCTTTATTGAGATACATAATTATTTTTATACTTACTTAATAATTCGACGTAAACCTAATTTTCTATATTGTATAACAATTTACAAAACTTATCGTCTTTTATTCAGCAGCAACCATCTTCTCAATTTCTGCATCTACCTCCTCTTTGTTTATAGGAAGTTTTACTTCGTCTTCAGTAGAACGAGTCTTCTTTGCAGAATCTTTACCGAAAGGCTTCTTTGATATAAGAGTATTCTCGCGAATAGTCTTTATAGCCAAGAATCTTATTATCTCTTCGTTCATAGCAAGAAGCTTAGAGATTTCTTCGATCTTACTTGGATCAAGTTCAAATTTTACCCATCCAAAATAAGCCTTCAAAAACTTCTCTTTCTTGTTTGCGATTGTACGATCCATTCTGTATGCAAGATCGATTAGACGAGGATGATCTTCAGATATGAATACTCCCCCTCTTTCAGTTATCAAATCTTTGATTGCAGTAACTTTCGCTCCCAATTGCTCCTCAGCTATATGAGGCACAAAAAGATAAGATATTTCGTATACAGTTAATTTTTTTATTTCGTTTTCCATAATAAAAGCGCCGAAAGGCGCCCGAATTTAATTTCGTAAAAATCCCGCTTCGGACCAAGGAGCCACAGAGTCAGATCTGTGACTAACGGGATGTGCCCATACTAACAGGGCATAGTCTAAAAATCAAGCTTGAAAAACCTTTTAGAGTTTTCAATCAAAACATTCCGCACCTCCTCCTCATCTAGGCCTTTTATACGAGCAATTGCTTTATAAACCTCCTCTACCATCCATGGTTCGCAAGTTTTGCCTCTATAAGGCACTGGGGCTGCGTATGGGGCGTCTGTTTCGGCCATTATAGACTCTAGTGGCAAGAATCGGATCACCTCGTCATAGTCGCCCGAGAAAGTAACCGGCCCATCAAAACTCATAGTATGTCCGCCTTCGAGCGCTCTTTTAGCTACATCTACATTGCCCACAAAAAAGTGAAAATTGGCACGTACTCCTACTCCACCAAGAATATTCAAAACTTCTTCATATGCATCCATACTCCCCTTACTTGGACGAGAATGTATCATAAGCGGCTTACCGACTTTTTCTGCAAGTTCGATATGTTTTAAGAAAATTTCTTTTTGACGAACTTTTGATTCTTCACTCTCGTTTCGGAAATAATCCAAACCTGTCTCACCTATCGCAACAACTTTAGGATTTTTAGCGAGCTCTTCTAGCTCATCACTCCAAGACTCTTCATGATTTGGATGTATCCCAACTGTCGCATATAAAAAATCATTTTGTTCAGCAAGACGAATAGCTTCACGAGTTGTCGCAAGCTCTGTTCCAACTGTTATGGTCGCAACACCTTTTTCCTTCATCCGCTCTATCACTTCACTTTGGGTTTCCAAAAGTGGCGAAAGATTTAAGTGTGAATGTATATCTATATATCGTATTTGCATCCCTCTACTATCTCATAAAATTGAGCAAAAAGAAAAAGCCTGATTAATTTATCAGACTTTAAAAAATCACTGAGTGATTAATTCTTTTTTTCCTCTATATAGAAAAGAAAGAATTAATCCAAATACTATAGCTATTAAGCTAAAAATCCAAAAATCAAACCCTGTATATATGTTGTACATAAAAATATATGTTATGCATATAATTGGATAGAAATAAAATCTAATTCGATTTTTAGTAAAATTTTCATTAAATCTTTTATTAACTGCATATATATAGAATATAGTGCAAAGAATTAACAGAATCCAAACAATCAAATTTGAAGCTCCAAACGGCATAATACTATCCGTATTCACAGCTAAAAAAATTATTGTCAGTAATCCGATTATAAAACTTATAAAAATCATTCGTAAAGAGTGAGCTCTATATCCATACTTACTAATTAATAGAAAAAACATCGCAGAAAAAAAAGTTATCCCCAACAAAAAAATAAGATTCTCGAAAGCAAATTTATTTTTTATTTCTACAACTTCTTTTCCGATTACCCTTCCTTCCTTTTTATCCAAAAGTAAATTTAACTCGGTATTTACATATTTTCCAAAAAAACCATAGTCAGAAAAAGTTCGGGTTTCTGAAATTTTTTTATATGATATATACCCGTTTGTATAAATATTCCCCATTTGAAAATTATTTAAGTTCCATTTTGAATCAGATAGGACAAATGACTCTACTGGATACTCAAACGAGCGATTAATCGTACAATTATTGATGGAGTCACACGTCTTCTGGTCGAGTTGTATGTTATGGATATACCATATCTCATCCCTAACCCTTTTTATCTCTACTCCGAGCTCTTTTTTATCGAGAACCACTTCGGACATTGCAGAAAAATAAGCCAATATTGCTACAGCAAAGAACATAATTTTTTTCATAATAATCAATTTTATTTTACAAGATATTACAATATATAAATATTTTTGTCAAAAAGAAAAACCGGAACGATCCGGTTTTATACCTATA
CP064973.1_gap8	184456	187851	3395	AACATGGTACCCTCGCATAGTTTTGTATCGAGGTATAGCATCTTTGAAACAGCGAGGTTCGAGATGGTGCAGTCCTGGCATACCGTTTGCAGTCGGAGGTCCGTCGAAGAATACGAACTCCCCTTCTGGAGAATCCTTTGCAAGGGTTTTACTGAAAATATCTTTCTCCTGCCACAATTTCAAAACTGCTTCTTCTCTTAAAGCTGATTCGGATTTATTTGGTTTTTGGTTTTCTTCTGACATATTGACAAATTATATTATAGATGGTAATTTTAAAAAAAATATTGTATGAAACATATTATAAATTTCATCTTTGGCACAATTGGCGGCATAATAATTACACTGCTTATTGTAGGAGTAACAGCTTTATTTGATGATCAAATGAAAAAAGTTCCTTGGGAAGCAGTCCTCTTTGAAGGAATAATAATGGGTATACTTTTTGCCATATCAAGATACTTTAGTGATAAAGATGACAAAAAGAATGATCCACATGTATTCTAAACAAAAAACTCGTCCTAAAATTACGACAAAAGTCATAATTCAAGGACGAGTTTCTTTTTTTATCCAAGAAATCGTGGTACCACCTCGGTTCCCCTTTCGGGCTTATTACAGCTTTTACGGGCTTGCCCGCTGGGGTCTACTTAATTTCTTCCCAGAGCATTGGAGTTGATATCTCCTAATCGCGCTTATACACTTATACTATATAAAATGAGAAAAAATGCAATAAAACAAAACCCCGGAATTCCGGGGTTTTAAATTTCAATTCAATTTGGGGTAAAGCGAACGCCAAGCTATTTCTGCAGATTTATCAGTAATCAATAAATTGTCATTGTTGTCGAAATACAATTCATGCCACAGATCAAACGCATACTCATCATCATCTGAAGCAAGGAATAAATCAAATAAATGCTTTGCTCCTGGTACGCCAACTGGTTTTTTTAAAAGTTCATATTTTGATTTAAAAAATCTTTTTAAATCTTCAGCAGATAGAAACTGAGCTGAAGTTCTTTTAAATTCTTTCTCGAGCTCATCGATTTCAGTCTGTGTGTATAATTTTTCCATAATTCTACGATTTCCGAAACTATATATCCTGGCGCACATTAAGTCAACAGTGTTACAATAGCTACATGGATCTCTTGTCTTTTTCTCAAAATATACTTGGATATATAACTAATCCTGAAAATATAATTTTTGTTTTTTGGGTGATTGTACTTATAGTTATATTTATATCTCTAATTATGATACTTCATTGGAAACAATATGCTGAAAATATATTAGGCGGTATTGTTTTGTTTACTGTCTACGGAATCGGAGTATTTATATTAATCAGTAATATTTATCAAAAATTACAAACATTTATCGGTGTATGAAATTAAATCCTGGAGAAAAGAAAATAGCAGTATTTCGCAAACATTGGTTTTATCTCGGACTAGAGGCTCTGATGTTTGCACTAATCGCAATACTTCCCTACCTGATGGTATATTTTGGTGGGATATACTTCGATATTTCTATCCCCGAGCGGTTTGTGCCTCTGTATGAACTCTTTTATAGTCTGTGGCTGGTGTTTGTATGGGTTGGATTCTTTGTTTCGATCACAAACTATCTACTTGATATATGGATACTCACATCTGAGCGACTCATAGATGTGGAACAGTTTGGACTTTTTTCTCGTAGAATATCTACTCTGCAGATTGATAAAATACAGGATGTGACCGTAGCTGTATCTGGAATAATTGAGGAGATTATCAGTAGTGGAAATGTTTCTGTACAAACTGCTGGTGAAACTCATGAGTTCCATATACCACACGCTCAGAATCCTGAAAAAATGAAGGAGAGAATACTGACTGTAGTTCGAGTAAAAGCCAACGAAATAAAAACTGTTAGAATAGAAAATTAGAAAAACCACCCATTAAAAAGGTGGTTTTATTTTTTAAAACAGAAAAAGTTCGTACGAGCACATAGAGTTGTAACTATGCGTATCGACAACCTTCTGTTGGTCTTCGAACCCGTAGATTATTCTGTAGCCATATGTAACAGGTGTACTGTTAGATGTTATAAGCATGATTGATTTTATCTTGTGGTCGTTTGTGGCGACAAGATTGTATCGGCGTACCTCATGCAGCATATCATTCCAATAAATATGTTTCTGCGGATTGTCTGTGGTCATGGTAAGTCCATCTGGATGACGAGGATTTTCGGTGTAAAATATCTCGTCTAGAGTGGCCATCACAATCTCTTTTTTTATTTTCGCATCTCTTGCAAAGATGGATTTTTTGAAAAAAATAAGTGTGACTATTCCAAAACCAATAGTTGCAATTATAGGCAACAACAACTGCTGTATATTTTCCGCAAGTGTAAAATTATTTAGGGATATACATGTTAAAACCAGGGCTACTAACCCAATGAAAAGGTTATTCCTTTCATTTTTTGTGAGAGGGTTTTTTTCCTCAATCCGAGCTTTTTCGATTTGATTCATTTTTTGTTTTTTTTGGTGAACTTTATCAGTGTTATATTAACACATAATATGATTTTAGTCCAATATTAAAACCGTCTCACAAATGTGGGACGGTTTTTAGGTCTAATATTCTGTTTCTAGGGGTTCTAGCTTTTCATCTATAATACCCCCTTCGATAAGCTCCTCCTTGTAACGCTCCCAGAAGGAACGAAGGAAAGTAACTCTCTTTTGGGCAAGTCTTTTGCCTTCGTTTGTACTCATTGTTTTAGCTACAACAAAAAGTCTTTTCTTAAACAATTCTATGCTTGCACCAACTTTTTCGGTTACTTCACCTGCACACAGAGGATCAAGCGGATTATAAAACGGCCTGTTCATCTCTCCACCAGAACTAAAAGTACGCATAATAGCAAGAGCTCCAACACTTTCAAGCTTGTCTGCGTCTTGTAAAATTGCGGATTCCCAGGTAGATGGTTCAATGCCGTTTGAAAAAGAGCATTCTTGTATGCAATCTTTGACTCTTTTTATTTTTATCTCTGGGTATCCAGGGACACTTTTTAGTAAGACTTCCGCCAAGTCCGCGCTCTTACTAGGTGCAAGATTGTTCCTTGGGTCATCCTTACGGAAAATTACCGAGTCGTGAAAAATAAGTGCGGGGATCAAAATATCATAATCAGTTACTTGTATTGTCTCGCTCTTTGCTATTCGCATTCCGAGGTTAAATACACGCCGCATATGCTCAAGATCATGAGATTTGTCATGTTCGCCTATGTGAGGCATAAGCAATCTAAAACAATCAATCATCAATTTGTTTTTGTCCATTTAAATAACTTTTTTAGAACAATAACAGATTGTGCCGAATTAGTCTACATTTTTTCTGGAGCTTTTATGCCTAAGATATATAAACCGTTCTTTTGAATTGTCGCAAAGGCACTTGTTATCA
CP064973.1_gap9	282219	284380	2161	AATATTGTGGCGTGTAATCTTATTTTTCATCCTGTCTTTTTTTGGAGCTTGGATACTAGTTGCCTTGTATGGTTTTTTATTTGAAAGAGGGGAGTACGATCTTTCCGTTGAAACATTTAGTCTACTTTCTCCAGATGCATCAAATTATACAAGTGGGGACCCTGAGACAGACATGATTGTAAACTATTATGCAGGTAAACAAGATATAAGCAGAGAGTGGAAGATCATGCAATTCTATCAAGACACTTTATTTAGACTTGAATTGTCTATCTACGGAACAGGAAAGGTAAGAGATAGTATCAAAAATGTAATAAAAAAAATCGAGTCTATGTCGTACGAGGAATTTGATATTGATTTGATAAAGAGAGGTATTGATATAGAAGAAAGATTTCATTTTGCGCCTGATAGCCTAAACAGTACGGCAACATATCAAACAATATGGAAAATATATTTATCGCTTGGTGCGCCCAAGTTAAAATATTGTCCGAACTCGAAGTCTTTTCCAATGCAGTACGCAGATGCTTTCTATGACCCAATAAATAATAGAATATTTTTGTCCAAACTCTTAGAAAGGAATGGAGATTCTTTGAAGGTCAATAGATATTATTGCTATACGTGGAACCCTGACCTTTTCTTGGAGGAGCTTGGGCACGCAAAGCAGTTCAAAGACAAGCCTGCGAGCTCACTGTCAAAATACTTATCTGGAATGGCAAACTCTAGGTTTGTATCTTTCTGGTCTTTTGTTTCTTTTGAGAAAAACAAAGATTGGAGCAGTGCATATAGTTTGGAATATATCAGAAGAGGTTCATTTGAACGAGAAGCTCATTTGGAATTGGGAGGGTTGTATAAACAGATGTTTTATTCTGTTGTATTTTCTACTCCATATGAAGATATTTTTTATTAGAAAAATCCACCAATTTATTGGTGGATTTTATTTTTGTTTGGAGTATAGTCTAGATATGGAAAATATTTTAAATACTGAAAGTCAAAGTTCTCACGAAAGCTCTATTCCAAATACTGCTCCTGACACTAGTGGGCAAAGATATGATGGGGGAGAGCGCGAAAGTCATCGCGACCATACTCCGTCGAGTGCACCAAGTACTCCAGAACAAAAATAAATACAAAAGAAAAAACCCGGGGATAGGACCGGGTTTTTTCTTATATATACATATACATTTAAATTTTCTAGACCTGCCTGCGCAGGCAGGGAAAATCTATTATTTAACTGCGTCCTTGAACGCTTTTGCTGCACGAAACTTTGGAACTTTTGTAGCAGCAACTTTTACTTGCTCACCTGTCTTTGGGTTGCGAGCCATACGAGCTGCACGATCTTTTACAGAAAAGATTCCTAGACCTGCGATTGAAACTTCACCTCCTTTTTTCAAAGTACCGATGATTGCGTCAATCAATCCGTCTACGATTTCTTCAGCCTGCACTTTTGTGCCGCCAACTTTTCCATGAACCCATTCAACCAATGCTTGTTTATTCATATATAGTTTTAGTGGTAACTAAGTGGTAATAAACGACCCGCCTCAAGATCCCCGCCATGAGGGAATCATTATGCGCTTGTAAATAGTATAGCTCCCACTCAAATTTACGCAAGCAGGTAAAGGGATTTTGGGGTTTTAGCTACTTTGCCTGCTCCCAAGCAATTTTATACAAAGATTTTAGAAGCGAAGCTATCTTACTGTTTTTGATAGTTATTGAATGCAGTCCACTATCCCAAACAGTAAAACAAGCAGTATCTCCAAATATAGATGCTTGAACTTCTGGGTTATATATTTCCCTTGGAAGAGAGCGAACTTCTCGTCCTTTGCCGATTGCGTCCAATTTTTCACTGTCTGTCATAGGAGAATCTGGCATCAAAATCATGGATTTTATACCTTTTTTCATACGTAATTTACGGTAATCAGCCAATCTGTCACGAGCAACAGTAAATTTCTCCGGATCTCCACCTAGTCGTAACACTTCGCTATGTTTTCCTTCTAGAGAAGAATAAAAAGTTTTCACAAATCCGTCTTCTCCATGAAGTTCTTCGACCACTATAGGTTCTTCGCCTTTTTCTGTAGCAAAAATAGCATTTAGTTCTGGAAGTGTTTGTTCTAAGATACTTTTTCTTTCATTTAGAATATTTTGATCAAACTCAACAAGAGATCTAATC
CP064973.1_gap10	290367	291991	1624	TCTCGGTCTGCATCGGCTTCAACTTTAGCAAGTTTCTGACCAGTATGCTTTGACAGAAGTTCGTTCAACATTTTCTTCATACGTAATAGTTCACGAGTTCGGATCTCAACATCACTTGCTTGACCCTCAGCTCCACCGAGCACTTGGTGAATCATCATGCGAGAGTTTGGTAGAGCAAAGCGCTTGCCTTTTGCGCCACCTGCAAGCAAGACTGCCCCCATAGATGCCGCCATACCGACACATATAGTAGTAACATCAGGCTTTATGAACTGCATTGTGTCGTATATTGCCATACCTGCTGTAACAGAACCTCCTGGGGAGTTGATGTATAGCTGAATATCTTTCTTTGGATCTTCGTGTGCAAGGAAAATAAGCTGAGCAATAACAAGGTTTGCAGTATAGTCGTTCACCTCGTCGTTTAGGAATATAATACGCTCTTTTAAAAGACGAGAATATATGTCATATGCTCGTTCGCCAAATTGGGATTTTTCTAAGACTGTTGGGATTAACATATTGAGTAGGTGTCAGGTTATAGGTATTAGGAAATAGTAATAAATACACTGAAATTCCTATAAGACAAGGTCATTATAGCAGAAAACAGGGGTGTTCGGGAGGGCTTGACAAATGGGGTGTATGTGTGCTATACTACATGAGTAAAAGTTCTTAAACTAAACTAAAAAACCAAAGATATGAAGATAGCAATTATCACTTTTTCTTTCATTTTTTCAATTTTCTTTTTAACTTCTTGCGGCTATGATGGTCAAAAGACTAGAGCGGCCGATATGCAAAACCAGCCAGCAGGTGCTGATGCGGACAATGCTACATTTTCGGGAACCGCTAATGGTATAGCATTCGATGAGATGACTTTACCGTTCGTTTTGTGTGGAGGTTCTGAAACCAGTTATGCCCGTATGGCTGACAAACATGAAGCAACGAAGTATAACAACTTTGTAGACGCTTATGGTAGTCAGGTTTGGGTAAAGGTGCGAATCATCCATCCGATTTGGTGGAATGGTCGCGAGATTCGGTTTGAGATCGTTGACTACGGCCTTACAAAAAAAACCGAATCGGCCTGTGATTGCCAGGAAAAGGAAGAGGTAACTCCTCCTACTCCTCCGGTGATTAAAGAACCAACTCCGGTAAAAGAAAAACCGGCAGTAGTAAAAGAAGAGCCCACACCTGTGGTTAAAGAAATCAAAAAGGAGATTGCGGCCAAAGATCTCCAGCCTTGTTTTAAGGCTAAAGATTACGAAGTGATCACGATTATCAAAGAGAGAGGGAAAGTGGTTTCAGAAACCACAACTAATCTCGGAGATGTTGTGGATGCTGGTGGTCCATCTTTACCAGACAATGAGGTGGACGCCGGTGAAAATTAATTTGGTTAGAGCTTTTTGCCAGCTCGGCCCGCGAATTTATTTCGCGGGTTTTTTTATTGTCCACAACTTCTTTAATGTATTTGATAACTCAGAGTTTTGTTTCTAGAAAAATATTTTTCATCCTCACCCTTTAAAAGTAGTGGATAAAAGAAAGGTTTTCCAGAAACCAAACTTTACACAACCACGAACGTGATACAGGTTTTGTATAAAAGAAAAAATCCCCGGAGGGGGATTTTTTCTTTCGGATG
CP064973.1_gap11	295750	296858	1108	GTTGTTAAAACTAACCAGTTGTCCATATGAGTTAAAAATGCTCACTTCATCAAATATATTTTCAATATTATCAATCTCTATAGTTACGATGTCCTTTGCTGGGTTAGGATAGATGTTTATGTTTTTTTCAATCTCAAATATTGAGATATTTGTAGTGTCTTCAGTAGTGTCTACTGGAGTTTCTACTTTATAAACAAACATCCAAGATCCAATAGCCGCATATAAGTCATCTCCTATAAAACCAATATCTTTACCTGCGCCAGTTCCGGCTATGCTTGTTCCGTCTACTGATTTCCATTCCAAAGTATTTGGATCGTAGGTTACGATAGGGTTTACTTCTACTCCGTTTACTTCATCTAAGTCTCCGTAAAAATAAACTAGACCATCATGGGATTTTATTCCCACAGGCTCTCCATTCATATTGCCTATGACGTTGAATACTACACCATCGGTTGATTCATAGAACTCTTTGTCTCCTCCGTCAAAATTCCAGAGGGCAATATATAGCTTATCTTCGGATCTCGCAATTGCGTATACTATGAAATTAGTCGGTAAATTTGTGCTTTCGGCACTCTCGCAGCCGCAAGATTCATCCCATATAAAGAGATTTTTGTAATCTTGCGGTAATGAAAAATATCCTATGTAATATTTACCTGCAAAATAAACCATGTCAGTAGGTGTTCCGTTTACTGAGAAACCCGGTAATGGTGATACGTTTTCACCATCGTACACAAATGCACCAGGATAAGGGCTTGTGAAATCACCTAAAACTACTAGATTTCCATCGCTTAGTGTATCTAATACTGTTACACCACCGTCGATATTTATCCCAGAACTTTCCCAAGGGTCATTTATGTTATCTTTTTTTGCGAGTTTCCACATCGGATCATCCGATACTCCACCTGCATAACTAATTCCATGAGAAACAGCGAAGTCTTTTATACCTCCGCTCTCATCTTCAGGGAATCCACTTTGAGGATTAATGAATTCATCGTTTTCCATTATTGCAAATTTTGCAAAAGGGAAACCAGCGCTTTCATTGAACGATCCTCCAATCATTATTTGTCCAGTAGATTCATTGGTCTCGATTACGTTTATGTAACCGGGA
CP064973.1_gap12	379011	381473	2462	GTATGACATTCCTAGTTCGCGAGTTGCAGCATTTATGTCTACTTGCCAACTTGCTCTACGATCTGCCTTCTTGTCTTTTCTGTGTGCAAAAGCATGTGTTCCTGCGTGTGCAATAGCTTCTTTTGCTTGAGCTTCTTTAGTACTTCTTCCAAAACGATAACCTTTTGTTTTAGAAAGTACATTTTTGCGACGCTTGTTTTTTATGACTCCTCTTTTTACTCTTGACATATTACATATTTGGAAGCATCTGGCTTCTTATCTTATTTTTCATAATAAACTCTTTCATCTTTCGGCCTGCAAGTTGTTCTGTACGACTTTGTTTTGCATTGAAGTGGTTGAATCCTGGTTTTCTACCCAAGAGCTTTCCGCTTTTTGTCTTTTTCAAACGCTTTGCGTATGATTTGTTTGTTTTTATCATAGTCTTCTTAAATATTTTTGCTTGTAATAATTAAATGATTGCTTTTTTAGTATCACGTTCTAGTGTTACTGTTATACCCTTTGGACCTCGTTTGTATGATTCGCTGACTTTATAATCTTCGGTTATGAGATGTAGTACTCGGTCCAATCTTTCTCGCAAGAATGCATCAGCCATGAATTTTGCTCTACCAGCAAGGAATAATTCAACTTTTATGCGATGGCCTTCTTTTAACCAATTTGAAGCTTGTTTAGCTTTTAGTTCGAGATCATGCTCGCCTGTAGCTATTTTAACTTGTATTGATTTTGTTTCTGTAGGTTTCGCTCCTGCTTTTGCCTTCTTCTGTTTCTTGTTTTGTTCATACTGATACTTCCCGAAGTCCATTATCTTTGCAACTGGGGGATTGGCGTTTGGAGATATTTCAATCAAATCCATGCCTCGCTCTATTGCCATATCTAGGGCTTCTTTGAATGAAAGTACACCCAAATTGCCATTTTCACTATCTATGACTCTTAGTTCTTTAGCTCGTATTTGGTTGTTTATGCGTTCTCGCAAGCGTTCAGTATTGTTAAGAAATAGGTAATTTAGTTCGAATACCTTGGTCCATATAATAGCCTTTTATAAGGATAAAGTCAATAAACAGCTTGGCCTTTTGTTGTGCTAATCTATTTAATATATGGGGCCGATACTTTTCTATAAAAACCTAGGCGAAACACCTCTTGAGGCTATAGAGCGTTTTCGCCTTATAAACCCACTCTACAAGAATGTGCCTATGACATATGCTGGCAGATTGGACCCTGCGGCCACAGGTCTCTTAGTGCTCCTGGGGGGTGATTTATGCAAAGAAAAGGATCTGTACACTAGTCTGCCAAAGACATATGAAGTTTCGATGCTTTTTGGTTTCAATACTGATTCATACGATCTTTTGGGTATTCCTAATATTTCTAAAAATAGTAATAAAATATCAGAAGAAGATATAAAAAATGAATTGCAGAAAATTTTTACAAACACACCAATCACTTTGAATCAGAAATACCCGATATTCTCTTCTAAGACAATAAAAGGTAAGTCCCTTATATCACTTGCTAGAGCTGGTATTGAAATTACAAGACCAAGACACAAAGTTGAGTTATATAGCGGATATTTGAAGTCTATAAAGAAAGCATCTAGTATAGAGATAGAGAATAGAGTTTCAGAAATATGCGGTTTGGTAAAAGGAGATTTTAGACAAGAAGAAACACTAAGGTCTTGGAGAAATGTTTTAAAAAATTGGGGACATTTTACAATTGCTACATTTGAAATAAAAGTTGGTTCTGGTTTCTATGTCAGAACATTTGTAGATGATATTGGTAAAAAGTTAAAAACTGGAGCAGTTGTGTATTCGCTGAATCGAATAACAGTTGGGGATTATGAAATAGAAAATGCTCTCTAGAACCTAGAGAGCATTTGTTTAATTTTTGCGTGCCAAATTTGCATTTGAATATTCTTCTTCACCTGTAACTTCACGAATTACGTAAGGTTCAACGAACGACGGTATGATTATTTTCTGATTTTTTTCGGTCAGTTCGAGTTCCAGCAAAGAATCTTTTGGGAATCTTTTTAAACTCTGATCGAAGAAGTCGTGTTCCAAATACTGATCATCCCATATATAACAGGCTCTATCTTTTACGACTGGCCAGCATTTTGGATCTTGTCTTATAAGTAGAGTATTGTATTCGTTTTGCTCTAAAATCCTTTCTATTTCTTCTTTGGCGCTTTTACTATTCAAGATCGGTATCTTTATAGTGTTGTAAAAAGCAAAGAATCCACCTTGACCTTTTCTACGCACTCTTTCGCTTATGCCTCTCTCTGTTAGTAAATAGTGCTGTATGATGTTTACTTTTTGATAGTGGACAGGTATGTTAGACATTTTAAATTTTCTATCAATCAAAAATTTGCGTTCATCTTCGATTGGTACAGGTATTCCTAGAAAATTAAAAACTAACTTAACAACTTCGTTTACTTTTCCTTTGAAGGTTTTGTTTTTGTTGTTCACTATTCGTAAATG
CP064973.1_gap13	406862	411638	4776	TGTTAAAGAAAATTTATTAAATTTTATCTCCAAATTTATATTTTGTCATTTAGAAGTAGTCATTTTTTGTGGATATTTATCCACAACTAGGGGATTTACATAGTAAAAACCCTTTTATGCTATACTTTAGGTATTATAAATAGGTCGCGTCGCAATCGATTAATGAAAGCGGCAAATTTTAAAAAGTTTTATTTTATATGTCACAAAAAAACAAAGGTTTCACACTTATAGAACTCTTGGTTGTTATCGCAATCATCGGTATTCTAGCTTCAGTAGTTTTGGCTTCACTTAACACAGCACGTACAAAAGGTGCAGATGCTGCAGTAAAAGCTAACTTGTCCAATGCTCGTGCACAAGCAGAACTTTTCTATGATGCAAATAGCAATAGTTATGATTCAGTTTGTACAACTGACCTTGCTACTGTAAAAGGTATTGGAGATTCTGTATTAGCAGCTGCTAAAGCTCATACAGGGGCTACAGCTTCTATAGGGGTAGATACAACTGTGTTTAATTACACATCTCAAATCGTTGCTTGTCATGATGACGCAACAGGATGGGCTGCAATTGTAAGTTTGAAAAACCCAACAACTGCAAGTAGTGGATTCTGTGTTGACTCAACTGGTGCTGCTAAAGAAGCGACAACTCTAGCTTCAACTATTGTAACTTGTTAAGTTGAGTCTATTGAAGTTTTAAAAAACACTCCACAATGGAGTGTTTTTTTGTGAAAGATACTCACAGTGCATAGGTGATTCCTGCTATTATATAAGATTGCTTATGATACAATTAATATATTGTTAATAATTTTTTTACCATGAAAAAAGACAAATACACAAAAGGTTTTACACTCTTGGAATTACTTATTGTGATTGTAATTATCGGCCTACTTTCTGCCATAATTATGGGTGCCTTGAATAGTGCTAGAGCAAATAGTCGTGATTCTAAAGATATCACCGAACTTAAATCAGTAGTAAATGCACTAAATCTATATTTTAGTACAAACGGATATTATCCTGCTGTAGCAACATCTCTAGTTCCAACATATATTCCAGTTATGCCTTCAAATATATACTACACCGGCTTGAGTGGTTCAGCTGGACAGTGCGCCTCTTATCATGTAGGTGTTTCTTTGGAAAAAAACAATGTAGTCCTTAATACAGACCGAGATCTACTTTCTACGACTGCAGGTCTTGTGGGGACAGGCTATACAAACCTTTGTGGTAATACAAATGGATTGAACGCTAGCTCTATCAGAGGTGATGATGCGCAGTCTTGTAAAGGTACAGTAGTAGAGCCTGCTGGTGGAAAATGTTTTGATCTTGTACCGTAAAAAATAAATGTATACCTTCTTACCAATATTTATAATATTTATTTTAGGACTCTTTATCGGGAGCTTTCTTAATGTTGTTATATACAGATATCAGACCGGCTGGGGACTTGGCGGCAGATCTATGTGTTTGTCATGCGGCAAGACACTTCATTGGTATGAGCTTTTTCCAATTTTCAGTTATATATTTTTGCGTGGTAAGTGTTCAGTTTGTAAATCAAAAATTTCTATTCAGTATCCACTTGTTGAAATATCAACAGCTTTTATCTTTGTCTTTTTAGCCAATAAATTTCTATCTTCTGAAGTGGTATCTTTTGTAACTGTCGCTCCGCTCATATACTCTATGTTTATGGCATCGCTTCTTATAGTGATAGCTGTGTACGATATTCGACACAAGATTATTCCCAACGCACTTGTATATACTTTTATCCTATTTGCTTTTCTAGGAATGTTTACAAATGTATATGGGATTGTTGCTCCAGCTCCGATAGATGCATTTGCTGGAATACTCTTACCTTTACCTTTTTATCTACTTTGGCTTTTGTCAAAAGGTAGACTCATGGGGTTTGGTGACCTGAAGCTTATGATGGGAATGGGATTCTTTTTAGGTTTATCAAATGGAGTAGCGGCACTCATGATATCTTTTTGGGTTGGTGCAGTTGTATCAATACTCCTTCTTCTAGCAAAACACTCTCGATATACTATGAAGAGTGAAGTTCCTTTTGGTCCGTTTTTAGTATTCGGTACATTGTTTGTTTATGTTTTTGAAACATCTTTCCAAACGCTTTCTATTTTTTTGAGTAATTTATTTTTCTAAATGAAGGTAAATAAAAACAATTATAAATACACAAGAGGGATGACATTCATAGAGCTTATAGTGGTTTTGTCTATAGTCGGGATTATATCTAGTGTCACACTCTTGAATTTCTCTGATTTCTCTACCAGGGCATCACTCCAAAATCTTTCTCAAGATATTGCTCTTCATATTAAAAAAGCTCAGACCAATGCAATATCTGGAAGATTGACTGGAGGTTTAGATACAGGCCAGCCGCCTGCTTATGGAATTTATTTCAACATGGATACGCCAGAGTCTTTTATTTACTTTAGAGATTTGGGTTCTCCTAGAAATTTCTTGTTTGATGGTAACTGTGATAATCCTGGTGAGCTCGGGGTTGAGTGTTTATCTACAACAACAATCCAGTCAAATGACGCAATATCTGATATTTGTACACACGATGGGTCTTGTGGTTACGAGGATTTATCAGTTACATACGTTAGACCTTTTCCAGAGCCAAAAATTTATGGAACAAAATTTGATACTTTATACGAATTACCATCAGGTGCAAAAATAGAAATAATTTCTCCAAAAGGAATAAATATGAATATTTCTATATGGCCAACAGGGCAGATCAGTGTTTCTGACGGTGCTGTTGATGCATGTGGTGGAGGAGGAGTAGCTTGTTAATTTATATGAAATACAAAAATCATAAAAATAAAAATTCTGGATTTACGATTATTGAGATTGTTATAGCAGTAGGTCTTTTTACTGTTGTGATGATTATTGGTATTGGAGCAGTTTTAAAAGTAAATCAAATTCATAAAAAAACAACTGATACTAGACAGGCAATAGACAGCATGCACTTTGTTCTAGAAGATATGTCTAGAAATATTAGACTAGGAAGTTTTTATAATTGTAGAGCATCTATCGGAGGTTTAGGGGAAACAGAAGATTGTCCGTTTGAGGAAGGTATAACCCCATACCAATCTATGGCTTTTGAGAGAGTAAATGGCAACCCTGCTGATGATGGTGACCAGGTTGTGTATAGAATTGTAGAGGTATCTGGTACTGGAATATATAAGCTGGTAAAGGGCACTGGTATTGCTTGTGCTACTTCTCCTACAGGTAGTGGATGTCTTGATTTGACCCCGTATTCTGTACACATAGATCCAAACAAATCCGGTTTCAATATTGAAAACGCAGAAAATCCAAACCCATTGCTCGGTGATGGAACACAACCAAGAGTTATTATCCGATTAGCTGGAGATATAGTTTATCAAGATATAGTGACTCCTTTTTCAGTCCAGACAACTATATCTCAAAGACAAATTGATTTCTAAAATATATGCATAAAATTTTTTCAAAAATAAACAAAGAAAAAAATAGCAACCAAGGTTTTACTATTGTAGAGACTCTTGTAGCTTTGGCTATATTTTCTTCATCAATTGTTTTTTTGATAGTTGTTTCAAGTGGTGGTGTATCAAATACCACACTAGCGAAGTCTAGGCTTACAGCCTCATACTTGGCCCAAGAGGGAGTAGAGATTGTTCGCAATCTCAGAGATACTTCAGTTATAGCTGATCCTTCAGGTGAGGGATGGTCTACTTTCATATCAAGTACTAGTTCTTGTACAGGAACTCAAGGTTGTAATATAGATCCATCAAGTCTAGATATTTGTGCATGTACTGGCTCCACTTGTAATATTCCATACTCAGAAGCTTCAGGATATTTCGGATATGACCAGAGTCATGCTTGCGACCTGCCTAGTGGTTCAATTGCTTCGCCTTTTACTAGAACAATATTTATTTTGCAAATTCCAGAAACTACAGCAAACGATGTTTTGGTTACTAGTAAAGTTACTTGGTATCAAGGTGTTTCAGAACAGACAATTACTTATCAAAATATATTGATGGATTGGCAGCCTCATATAAGTGCAATATAAAATATGAAAATATTTATTAAACAAATAAAAAAAGCAGACAAAAATCAGGGTGGTTTCGTCGTACTTTTTACAGTTTTGATATCAGTGATTGTTTTAGTTTTAGCAACTGGAATATTTAATATAGCTTTAAAAGAAACTGAACTTACCATATCTGCAAAAGAATCTAACTTAGCATTTTATGCAGCAGACGCTGGTAGTGAGTGTGCACTTTACTATGACCTTAAAGAAAACGCTTTCAATCCAATTTCTCCAATAACACCAGAGTGTAGAGACGGCGTCGTGTCTAATTTTGAGACTATCTCTCCAACATTATTTACATTTGAATTCGACCTATCTCCTCGTAGCTGTGCGACAATTGAAGTCAATAAAAATTTTGACATAGATGGTGCTAGTTTCACACGTATAATATCTCAAGGGTATAACATAGATTGCGCACAATTGGATTCATTTGATACAAATCGTATAGTCGAGAGACTCTTGGAAGTAAAATATCCAAATCCAGTAGCTGCGGTTCCAGACGGTGGTTTTGTCGAAGCCGGCGAAGCACCAGCCCCAGAGGGCGGAGTAGTTGATGATGGGGCGGGCGCAGGGGTACTCTAGATTCGAATATTTTTTGGATAATACATATATCACGAGGTATACTCATAAGTACAGGACACGCTCCTGTACTTTTCCATTATGGATAAAAATGAAGCTGAAAAAAGAATAAAAGCCCTCAGGAGAGAGATTGTT
CP064973.1_gap14	438226	442533	4307	ACGCTTTGGGAACGGCCTGCGGGATATCAGCTAGTTGGTAGTGTAATGGACTACCAAGGCTATGACGTCTAGGGGAGCTGAGAGGCTGACCCCCACCGATGGGACTGAGACACGGCCCATACTCCTACGGGAGGCTGCAGTCGAGAATCTTCCACAATGGACGAAAGTCTGATGGAGCGACGCCGCGTGATTGATGAAGTCCCTCTGGGACGTAAAGATCTTTTATGAGGGAAAAAGTTTATTGATTGTACCTCATGAATAAGGGGCTCCTAATCTCGTGCCAGCAGGAGCGGTAATACAGAGAGCCCCAAGCGTTATCCGGAATTATTGGGCGTAAAGGGTGTGTAGGTGGTTGTATTAGTCTTTCGTTAAAACTCCCGGCTTAACTGGGAATCTGCGAAGGAAACGGTACGACTAGAGAATACGAGGGGTGCATGGAACTCAAGGTGTAGGGGTGAAATCCGTTGATATCTTGGGGAACACCAAAAGCGAAGGCAATGCACTGGCGTACTTCTGACACTCAAGCACGAAAGCGTGGGTAGCGAATGGGATTAGATACCCCAGTAGTCCACGCCCTAAACGATCTTTTCTCGCTATTCGGAGTATCGACCCTCTGAGTGGCTAAGCTAACGCGTTAAGAAAAGCGCCTGGGAAGTACGGCCGCAAGGCTAAAACTCAAAGGAATAGACGGGGACTCGCACAAGCAGTGGATTATGTGGTTTAATTCGATGGTAAACGAAGAACCTCACCAGGGTTTGACACCTACGTGAAAGCTCTAAGAAACTAGAGCCCTCGCAAGACTAGTAGGCAGGTGTTGCATGGCCGTCGTCAGTTCGTGGTTTGAATTGTTCCCTTAAGTGGGGTAACGAACGCAACCCTCGTCGTGTGTTATATTTGTCACACGAGACCGCCCAGAACTTTGTTCATGAAAATATTTCGTGCATAAAGTTCTGGGAGGAAGGAGAGGATGACGCCAGGTCAGCATGACCCTTTGATATCCTGGGCTACACACATAATACAATGACGGCTACAACGCGTCGCGACGGGGTAACCCTGAGCCAATCGTTATAAAAGCCGCCTCAGTTCGGATAGAGGTCTGCAACTCGACCTCTTGAAGTTGGAATTGCTAGTAATCGCAGGTCAGACATACTGCGGTGAATACGTTCTCGAGTCTTGTACTCACCGCCCGTCAAGTCAAGGGAGCTGGTGGTACCCGAAATCTCTCCATTGGAGGGCCTAAGGTAAAATCAGTGACAGGGACTAAGTCGTAACAAGGCACGGCTAGCGGAAGCTGGTCGTGGAATAATTCAATTTGAAACCCCTTCATATTTATATGAAGTTAAGGTGTCGGTATTGTATGCCTCAATTGAGCATACAATGGTCAGTTAAGCGCGGACCTAAAAGCAGCTTTGACAGGAGGGAAAGCCACCCCAATAGAACGAAACAAAAGAGTATAGAAACTATTAGATTTTACATATAAAAACGCCCACATCGGGTTGTTTTTTGTTTTTAGAAAGAAGCTTAAACGGATTGACTTTTTGTATATTTGTGATATTATAAGGAAAACGTACCAAAATGGAAAAAAACTTATATTTATTTGCTTTTACTGCATTTATTGCCTTTATGGTTTCGTGTGATAAATACGAGATTCCGGAGCCAATTGAGTCGATTCCTTACCAGGGAGAGACAGGTGATACTGTCGATATTCCGGGTGGAGAGGATACTATTCCACCAACTGGAGAAGAAGACATTTTAGCTCCGTTTAAGGCGGACGCAGATGTATTTTTTGTGGATTTCCAAATGGCATTCATTGCCGATCCAACTGCTGATTCGCTTTTACGAATCCCGATGCTGGATTCGATATATGATCGTTGGGCAATCTACAATGCAGGATTTATTGACGGATATTTTGCTTCGATTGTTGGAGCAGAGGTCCCAGCTGACTCACTAATCCCGACATTCTTGCCGGATGAAGTGTGGGATACGTTGGTTACAATTTACCCAGCTTTGTTTAGTGGATTTTTGTCAGACATCCAGATTGATTTACTCGATCCGGGTGAGGCCGAGGAAATCTTTAATGAAAGGTGCAACGTAATCATCGATATCGTCATGAATAGACGATGTGATGAGTGGGTTGATAAATACTTTGGCCGTTATGCCAATCCTCGTAAAATCCATTGATAAATAAGGCCAAAAAAGTTTTTTAAAGCCCCGCACCCGCGGGGCTTTTACTATTTTTTAGGTATAAAATTTTAATATCAACCAACACTATACACTTGGTCATGGTACGGCCAAACAAAACAAGAGTGATTATTTTTATCTTTGAAAAAATATTTTTACGACACTAAATAAGTCTTTGTTATAAGGCTCGTGCGACACACATCTTTACAAGAAAATTTTTTTGTTTTACGGATATAAAAAGTGAGTTATCCACTACGACAAGAAAAAAAAATTTAGGTACAATGAATACCACAAGTTAGAACTTTTTATTAATTTATTTTTTATTGCGCATGACAAAAAAAATCACCCTCAGTAAACAAGATCTTGCAAAGATCAAAGAAATTCGTAACCGCGAATTTAACATAATAGCTTTTGATCTAAGTAAGATTATTGAAGCTATCAATAAAGCTTTTGCTTCAACTGGCGAGGGAGAACATGCCGATGCTGAATATGTTGGCAAGAAGGTTTTCAAAGAACTATTGGCTATCAAAACAGAAGCTAAAGACAAAAACTTTACTCCTACAGTAGAGCTTATACAGGATTTGGTAGAAACTGAGCTTATTCGTGAGAAATATGTGCATACAGCAAAGGCTTATATTCTATATAGAAACAAGCGCGCAGAACTTCGTCGTGAGGTTGGTCCAGTTCCAGAGAAGGTTAAAAAGATGGCCGAAGAGAGTAAGAAGTATTTCAGAAATCCTCTTGCTGAGCTCGTGTACTACAGAACATACGCACGTTGGATAGATGCAGAAGGTCGTCGTGAGACTTGGATTGAGACTATCGATCGTTATATGGATTTCATGCGTGAAAACATAGGCAACAAGCTAAAAGAATCAGAGTATGCTGAAGTTCGTGAGGCAATTCTAAAACAAGAAGCGATGCCTTCAATGCGCCTTATTCAATTCGCAGGCGCTCCAGCTCGCAAGACAAACGTTTGTGCATACAACTGTTCATTTATCGCACCATCTACATTTCAAGATTTCGGAGAGATTGTATATATATCAATGTGTGGAACTGGAGTAGGTTACACAGTTGAATCAAAAAATATTCAAGCACTTCCACAGATTAAACTTCAAGATGGGAAAAAACTTCCTACTTTTATAGTACCTGACTCAAAAGAAGGTTGGGCTGATGCTCTCGTGCATGGTATGAAGACTTGGTTCGGTGGAAATGATGTTGAATTTGATTTTTCACTTCTTAGACCAGCCGGTGCTCGTCTAAAAACTATGGGTGGAAAATCTTCAGGTCCACAACCTCTAGTTGAGCTTCTCCAGTTTACTCGTGAGCGTATCTTGCGCCGACAAGGAAGACATCTACGAAACATCGATGCGCACGATATTATCTGTAAAATAGGTGAGTGTGTTGTTGCTGGAGGAGTACGTAGAAGTGCTTTGATATCACTTTCAGATTTGGATGATGAAGAAATACGCGATTCAAAGAAAGGTCAGTTCTATCTCACAGAAGGTCAGAGATCACTAGCAAACAACTCAGCTGTATATGAAAACAAGCCTTCAGCTATAGAGTTTATGGATGAATGGGTAGCTTTGATGAAATCAGGATCTGGAGAGAGAGGAATCTTCAATCGTGGATCACTTCATGCAACTCTACCAGAACGTCGTATAAAACTTTGGCAGAAAGAGTACAAGGGTTACTTCTCACCAGATGGACGCGTAGTCGGACCGATCGGAACAAATCCTTGTGGAGAGATTATTCTCCAATCAAAACAGTTCTGTAACTTATCAGAAGTAGTAGCGCGCGCAGATGATACAGAAGAAACTCTAATGAGAAAAGTGCGTATAGCTGCAATACTTGGAACATACCAATCAACACTTACAAAATTTGGATACCTCTCAAAAGAGTGGCAAGATAATTGTAGAAAAGAATGCTTGCTTGGAGTTTCTATAACAGGTCAATGGGATTGCGGGCTTGCTCGAGATGGCAAGATGCTTGAAAAACTCAAGAAAGAATCTATTCGCATTAACAAGATCTTTGCAAAGCGTTTTGGAGTAAATGAATCTACATGTATTACTTGTGTTAAACCTTCTGGAACCGTTTCTCAGACTGTAGACTGTTCAAGTGGTATGCAT
CP064973.1_gap15	526563	531496	4933	GAAGAAAAAGATACTTTAGAAATAGAGTCTATATCGAATTCAGAAAGCATAAAAGAAGAGGGTGTGGAAGATATTACGACAAAGGAAAAAATTGATTAAAAATGAAATTTTTATATCTTAAAACAAAAATAAATAAAATTTCAAATTTTTTTAATTTTAAAAAAGTTCTAACCATTTTTTTAATTGTGGCATTTTTATTTAGTGGTTTTACAGACATGGTTCTGATGCGTGTTTTAGACAAAAGATCAGAAGAGCCTGTTGTAAAAAATGCAGAAGCGGCCACCTATCAATTTTTCCCAACTGACGTAGTAGTCGAGACAGGCACTGAGCAAAATGTCACATCTGCGACTATTGCTGCAACCGAAGGAACAAACTTAGGTTCTCATCAAGGAATGATGACAAACGATGGTTTCCATTGGCAAGTTGCTGGTGCAGGTGCATCTGGTATCTCTATGGTTGTTACCATAGGTGGAGTCGGGCTAAACGGTGCAAACAAACTCGATATCGGTACAGAGATAGATATGGATGCTACAGCGTACAGTATGCTTTTTCAGATATGCGACTTTACTTCAACAACCAACGTAGACAACGCAGCCGATGCAAACTGTACTGGAGGCGGGTGGCGTACAATAAACACTCAGAATGCATCAAACGCCGATGTAGCATATACGGATACTGCAAACGATCAGTTGCGATGGCAACTTTACAATGGTGTTTTTTCCAACGGAACATCTGATGCCGGTACACCTATCGATACACCACTTACGTACTTCGTGAATGGAAGTAATGAAATGAAATTTCGGTACTACTCTACAACAAGCTCTACTTCTGTTGTATCTATAGACTATCTAACTGCATTTGCATATATAGACTCTGTGTACTATGCAGCAGACTATGTAGATCAGGTTTCTGGTGGAGGTACGGAGACAGGGGTGTATGTAAACTCTGTTCCGATAGTTAACAACGCTACCGCATGGACTTCTGCAAGTACAAACGACAACAACCGTGTAGGAGTATCTGCAACTTCGCAGGTCGTAGACTTCTATTTGTCATATCAAAATATCAAACAGTATACGGGGATGAATACCATACTCGTCGGTTCTTCGGTGAACTGTACTGGTGCAACAACTATCCGACAGTATTTGTACAACTTTACTGATAGCGCATGGGATCAGATAGGTTCGGATGTTTCGTGTACGACATCGGACGTAGATAGATATTTTGCGCACAACTCGGCAGTTGATGGAGGATTTGTATTCAATGACTACATATCAGCAGGTGAGATGCGCGTTCGATGGGCGTCGACTGCGTCTGTGACAAACGGTATTTTTGTTGACTGGCAATATGTAATGCTCGGTTCTGTAAATACAGATTCATCTCTGTGTGAGATATCTTTTGGTACAGGTACTGCAACAAACTGCACAAACACTCGAACTCTCAATACTCTTGCTGCAGCATCTACTTTTGATATCGCAGGTGAAGACGAAGCTGCTGCTATGGGAACAGGAGAAGCAAATTCATTTTATCCAAACGATACCGATCAGGATACTACTGTTGAAGAGGGTGTATCTGCAAATATATCTGTACCGGTAACAGTTCCTGCCAATGCACAAGTGGTTGGTATAAACTGGTCTAGTCGTACGACTTCGCGCAGCACTGGAACTACGAGAGTTACAAATAGTTTGAGGGATTACTCAGGACTAACTTCTACTACTGGTGGATGGACGGATGTCGGAGCTGCAGTAAACGCAACAACACAGACTTATCAAGACAATGTTATAACAGCAGCTGTTTTATCATATGGGCAACAAATAAATCCAGAGGACTATGTCGACACAGTGAACGGTCGTATGAATATGCGTCTACGTACGTCTACGTCAGGAGCGACAACGGACAACTCTACAACAGCATGGGATTTTGCAATGATGTCTATTCAATGGATAGAGGATTCTAGTAATCCTACAGTTACGTACCAGTTTACACCTACCGGACAAACTCTGGTTACAGGTACAGATACAACAGCAAATAATACTATTGCCGCGGGAGCAAACGGCGCAAATACTGGCTCATGGAAAGGTACACTTGCTGATGACAATCGTCACTGGGAGCTTACTGGAACAGCGAGTGGTATAGATGTAGAGCTTTTCATGAACGGGGTAAAGCTCAATGGGGCAAACACTATAATAGTACAGTCTGAAATAGACGTAGATGCTACAGCTCCGACATTGCTTGTACAGATATGTGATTGGGTTTCAACTACAAGCGTAGACCATGCTGCAGATTCAAATTGTACAGGAGGAGGGTGGAGGACACTCAACTCTCGTGATGCGGTAATAACACCAACTACAGCAACTGCATATACATGGAACGTCTATGACGGTAAGTGGTCCAACGGATCCAATACTCCAGTTTCTACTCCACTTACGAACTTTGTTACAACCGACTCAAACAAGCGCGTTTTGGTCAGGTACTATTCAACAACAAACGCTACAACAGCCGGTAACTTCGCGATAGATTATTTGCGTATATATCCTGTGATTAATCCTGTCTATGAACCAGGTGACGCAACAGCACTTACAAACTCTTTTACTGGAGATTACACAAATGCAAATACAGTCACACAAGGAGGTGCAGACAATACGGACCTTCAGTGTCTCGGTACAACCGGTGGGCCAGACTGTTATTTGTCATTTTTCAATGTCAAAACGTATCCGAGTATGAATACAATTCTTGCTCGTTCAGAGTTCGCGTGTACAGCAACAACAGAAGCTCCTGAAATAAAAATGGCACTAAGGAATTTTACAACTGGTGCATGGGACGACATAACGACAGAAATACCAAACTGTTCAACAACGGACACAGTACGTATCGGTGCCAAAAACAATATTACGGTCAGTGACTATGTTTCAAATGGTGAAGTGCGCTTGCGATATTATAGATCATCTGGAGCTGGTACTGGAGCAATCCAGATAGACTATTCATATATAATGCTTGGAACTACGAATTCGGATTCTGCTGGGGCCTATTGTTTCATATCATTTGGGACAAACTCAGCAAATGATTGTACTGCAACTCGTACAATAGATATGAATGGTTCTACAAACAACGGTACGACATGGCAGATACTTGCAGAAGATGAGTCGACAAACAGAGGAGCAGGAGAGGCGAATGACTTCTATTCCTTTGATGTAGATATGAACGCGACAGCTTCTCAGGAGGGGTCGGCCTCGCATACCAAATTTAGCTTGAGTGGAGAGCCAGCGTACGGCGCTATAACAGGTATTTTCTTTTCATCTCAACATATGGCTGGTACAGCTGGTACTGTCGCCTTAAATATCGCAGACTATTCTGGATATAACACAGCAGCAGTTGCTGCGGGAGGGTTCATTGCTCTCGGAGCGACTGCAACAACGGCACTTGTATATACAGACAACATAACCGTAGGTACAGCTATATCTGGAGGTGCAGCTGGTTATATGACAAACCCCGATGACTTGGTAAATACCTCAGGTGATGAAGGTTGGTTTAGGTTGCGTACATCGACAGACGGTAGTTCGGCGTCAAACGCAGTTCGGCAATGGGATTTTGCAATGATGTCTTTGCAGTGGGTGGAGACCGAAGATAGGACTATATCATTTGATATATCAGATACCACTATAGGATTTGGTCCACTTACAACATCGAATGCTCGCTATGCAACAGGGGATGCAGCTGGTAGCGATACTGAGGCTACAGCCCATACTCTCACAGCGTCTTCAAGTGCAGCTGGTGGATATACAATAACAGTAGAAGGTCCTACACTAACTAGTGCTGGCGGCACAATAGATGCAATTGGTAGTACGAATACCGCTTCGAGCGCAGGAACAGAACAGTTTGGAATCAAGGCTACAGTAGCAGGTATTTCATATTATGATGCCGTAGATGATACATATAGTGGTTCTGGTTATGGATACGACGGCACTTCTGGTGCGTCAACATTTGCAACACAGTCACAAGGAGATGGATTTACTTCAACTTATTCAGTTGGTTATATTGCCAACATGTCCACAGGAACAGAAACAGGTGCGTATTCTACAGATCTAAACTACATAATGACAGGGAACTTCTAATTTGTTTTTTTGCAAAATATTATTTTGGTATGCTATAATTAAAGTAACTTTAGAGAACATACTTATATGATAAAAAAAATCACAAGTTCAATAATGATACTTTCTGTCATCACTGCAAACTTTGTGGGATTTAGTGATACAGCTTTTGCTGCAAGTGTAACAACTTTCTCTGATACACTTTCTACACTCACAGCCTCAACTGCGGCGAACCACGAAATACTTTTTATAACTCCAACTGGTGTAGAGGCCAACAATGACACGATGATTTTTACTTTTACAGGCTTTGATGGTACATCACTAGACGCAATTGCATTTGGAGATGTAGATCTAGCAGAAAGTACAAATGCCAGCTGTTCAAACCCAGGTACATGGAACGAGAAAACACTTGCTGCCACAGACGCAGCTTCTACATATGGTGTAGCCACAAACTCCACAACACTTCTTTTTGATCCACCAACAACATCTGGATATATTACAGCTGGTAATTGTATAAGAATCAAAATCGGAACAAATGCTTCTACTGGTGTTGCTGGTACAAACCAGATTACAAACGGAGGAGCTGCAACTGCACACTCAATTGCTATATCAGGAAACTTCGCTGACACAGGAACAGCATCTATAGATATTATTGCTGATGATTCTGTTAGCTTAAGTGCAACAGTTGATTCAGCTATATCTTTTACTGTAGATGATACAACTATAGGTTTTGGAACCTTGGATGCCGCCGCCGCTAGGTGGGCAACAGGTGATGCAACAGGAACATCTTCTTTGCCAGGAGATACATCAGGTGCACATCAAATGACACTTTCTACAAACGCAGCCTC
CP064973.1_gap16	556715	560352	3637	GGTTTTACTAGGCAGGATAACAACACCTTTGTTTGGTAAATACAACTTACTCAATACTCTATCTGTTATAACAGCTGCGCTCCATGAAGGCATAGATTTTGAAAATATCTCGCATTCGTTGAAACTTTTTAATGGGATGAAAAGACGGCAGGAAATAATAGGAATTGTAAACGGAATTACAGTTATAGATGATTTTGCACATCATCCGACTGCTGTACGAGAGACACTCTCTGGGATAAGAGAAAGATTTTTAGGCAGAAGAATCGTGGTTTTCTTTGAACCTCGTTCAGTCACTAGTAGAAGGAAAATATTTGAAGCTGATTACGCTAGTTCATTTGGAAATGCTGACATGATATTTTTATCTACACCTGCTCTCCGCAGCGTAGATGATCCAAAAGATTTTATTGATCCAAATATTGTAGCAGGATTGATAAGAGAAAAAGGTAAACAGGTTTATGCATTGAATAATGCCGGTGAAGTTTTAGAGAAAGCACTTCCTTTATTGAAGTCAGATGATGTTGTTGTAATTATGAGCAATAGTTCATTTGATGGAATACACAAAAAACTCCTAGAAAAATTAAAAGACCTCAATTGAGGTCTTTGTTTTTATTTTGTCACAAGCCATGCACGTGACCAGATTCGGCACACGCCATAGTAATTGTTTTCTACCATAAAGCCGAAGGAGAGCTCTTCTCGCATAAAGTCGCCGTCTCCGCCAAATTTCCCATCAAGTTTTGGGCTATCAGAAAAGCTTGTCCCCCAATTTCCTCGTTCACTTTCGATAAATGTATAGAGTAGGTCACCTATAGATAATTCTTGTTCAGGGAATGATTCGTATTCTTGTTCATCAATTACATGGAACATAAACTGAAGTGCAAATTTTGGGACAACTCGCATTTGAAGCAGGAATCCATCGGATTGGGGATCTCTGGATTCTTCAATGAAGACCGAATAATCTTTATCGTTTGAATTAACTTCAGTTATACGCAAGAGTGCACCGAAGTCTTCTTCGGTGATTTCGTTACCAAAATAAACATATCCGCCCGTAGCCTCTTGTGGAGGTGCGGATTTAAATGGATTGGGTACATTTTTGTTTTGATATCCATACACTCCATTTCCTGAAGGTAATAATTTAGATAAATCTCCTGGCTGTGTTTTTACACGTGCATTGGGCCATATTAGTGGAGAAATTTTTACTTTTCCTCCAAGGTCAAAAATTAGTCTTGTTCCTTTATCTTTTTCCATAATAACAATTTTCTACATTATACATATTTTATTAAATTTGTCAAAAATATAATTAGAAATTTTTAAGTATGCTATACTATCGGGACTGATGGGATTTTTTTCTAAAAAATTGGGTATAGATTTAGGAACCGCGAACACGCTCGTGTTTGTACCAGGCAAGGGGATCGTCTTGAACGAACCTTCTGTTGTGGCTGTTTCAGAGATAGACAACAAAATTTTGGCTGTGGGCAATGATGCCAAAGACATGATAGGACGAACTCCAGATAGTATTATCGCGTACCGTCCAATGAAAGATGGAGTGATAGCAGACTATAGAGTTACGGAAGCGATGCTTCGATACTTTATAAGCAAGGCTCTTGGGAAGTGGAACTTCATAAAACCAGAAGTTATGATCTCAGTTCCAGCAGGTGTGACATCAACAGAGCGTCGTGCGGTCGTAGAAGCTGCAATCAAGGCTGGAGCAAAAAGTGCATATGTTGTGAAGGAGCCGATACTTGCTGCAATTGGTGCAGGTATTCCGATTCACGAATCTCGTGGATACATGATTGTTGATATTGGTGGAGGTACTACAGACGTTGCTGTGATATCACTTGGAGGTATAGTGTCATGTACTTCGGTTAAATGCGCTGGAAATAAAATCGATGCCGCAATCGCTGATTATATAAAGAAAAAGTTTTCACTTGCTATTGGAGACAAGACCGCAGAAGAAGTAAAAATAAATATAGGTGCAGCGGTTATGCTTGAAGAAGAATTCACTATGACAATAAAAGGTAGAGACTTTATCCAAGGCCTTCCTCGTACTGCTCAAGTTTCAACAAATGAAATTGTAAAAGCTATAGATGCAGAATTGAAGCAAATGGTTCGCGCAATCAAAGATGTATTACAAGAAACTCCACCTGAACTTGCAGCAGATATTATCGATCAGGGTATTATCATGACAGGAGGATCTTCCATGCTCAGGTCTCTGCCCGATCTCGTATATAGAAAGACTGGAGTAAAGGCACGGTTAGCCGATGACGCTCTATATTGTGTAGTAAAGGGAACAGGTGTAGCGCTAAACCATCTAGATACATACAAGAAAGCAATTATTTCAAAAAGATAAAATGCTCAAAGTATTTTTTGAAAATATCACCCTCGATAAACTAGACTCCACTCTTATTGTAGAAGGAGACAAGGATCAGGTTCTAGATATAATAAAAAATTTCTTAGATAAGTCTGGTATAAGCTGTATAGGCAATCCAGATGTTTCGATAGAAGATTTCTCAACTTTTACTGTTGAAGATGCAGAAGATTTGTTTGCTCGTTCAAATCTACTATCCTATTCAGGTAAAAAATCTTTCAATATATTTTATTGCGCATCCATGACATCTGAGGCAATGAATAAAATTTTGAAACTTTTCGAAGATCCTAAAAAAGACAAACATTTTATATTAGTAGTTCCTAGAAAGATAGATATATTGCCGACTCTTTTATCTAGAGCGACAGTGCTCACACTCTCAGGAGAAAAAATTGATAAAAATGCAGAAGAATTTTTAAGCATGAGTATTTCTGATAGATTGGAATTTATAGTTTCTTTTCTGGATAAATTTGAAGATGAAGAGGATACTGGAATCAAGAGAGATAGCGTAGTCAGAGTACTAGATTCAATAGAAATTATTTTAAATAAATCTGGAGGTGTCGCAGACAATATAAATTCTTTAAAATTGATATCCAAGTACAAGAATTATCTTAGACTTAGGGGTTCAAATCCAAAAATGCTACTTGAACATCTTGCTCTAGTTTTACCTAAAATACCCGCTTAGAATTAATAAAAAATATGTTACAATAGTCCCATGTATTCAATAGACACATTTTCACAAAACGCAAAAAAAGCCGGCGAATGGCTCTTAAAAGAATATTCACAAATTCACACTGGACGAGCTAGTCCAACTGTTTTAGATGGGGTTAGTGCAGAAGCCTATGGAGTTTTTCAGCCTTTAAAAAATATTTCATCTATAACTATCGAAGATCCGAAAACTCTACGTGTTGTACCTTGGGACAAGACTTTAGTTAAGGTTATAGAAAAAGCCTTACAGTCTGCAGATATAGGTTTGTCTGTTGCGACAGATGATTCTGGTATTCGAGTTATATTTCCTGCACTTACAACCGAGAACAGAACAAAGTTAGTAAAAATTCTAAAAGAAAAACTAGAAGATGCTCGTATAACAATACGCAAAGAGCGTGAAGAGGCTATTAGTCAGATGGAAGCTGACAATCTACCAGAAGATCAAGAGTTTCGAATGAAGGAAGACTTACAAAAGAAAGTTGGTGAAGCAAACGCAAATCTAGAAGCTATATTCAATAAAAAAGAAGCGGAAGTAATGAACTAATATCGTATGTCTATAATAATCTT
CP064973.1_gap17	568292	572619	4327	GAATTTGCAAAAGCTCACGGCGCAGATTTTATAGCCACTGGTCACTACGCACAAAACAAATCAGAAGACGGGGTGCACAAGCTTTTAGTTGGAAAAGATGAATCCAAAGATCAGAGCTATTTCTTGTATAGACTAAATCAGAGTGATTTATCACATACTCTTTTACCTATAGGGCATATGGAAAAAAGTGAAGTTAGAAATATTGCTATGCGCGCAGGACTTTTTACAGGCAACAAAAAAGATTCTCAAGGAGTTTGTTTTTTAGGACCCTTGGATATGAAGGATTTTCTCGGGCACTATATTAAAAGTGAAAAGGGAATAGTTCTGGACGAACAAGGTGTAGAAATCGGTGAACATGAGGGGGCACTTTTCTTTGCACTTGGAGAGAGACATGGTTTTACTATTACAAAAAAAACCAATCAAGATACTAGATACTATGTTGTATCAAAAGATATTACGAAGAATACTATAACAGTTAGCCATGAACCAAAGCCTCTAGACAACACAAAGGATATAAAAATTATAAATACAAATTGGATTAGCGGTGTGCCTGAGGGTGGTAAAAAATTATACGCACAAATCCGTTATCATGGAGAATTGCACCCTGCTGTTTTGTCGAAAATAGAAAATAATAATGCAGTTATTTTGTTTGAAGATGACAAGCCCTTGGTTTCAAGTGGGCAGTCTATAGTTATGTACGAGAATGGTGTCTGCTTAGGGGGAGGTATTGTTGCATAATTCTGTAAATATTGTATAGTAAAGACAAAATCTTTAAGCTATGAACATAGACAACGCCCTGCTCTTGCAGATTCTTGTAACAAGATGGTTACTACTTTTTCTTGCGGTATTTATCGTCGGAGAACCGGTAAAATGGATTTTTCCAAAACTGTACGCATGGTACAGTGACTATTGGTACCGTACAAAATATAAATTTATATCTATTGAGCTCCGGAGTTATCTGTGGTTCAGGGGGTATTGGGTTGTTTTTTACCTGATGGTTGCGGCATACCACTGCTATATGTACTACAGTTATTTCGGTAGTGCACTCATAGCATTTAGTACAGGTATGCTTGTAAGTGCCGGGATAGTAGGACTCATAAGATACTATGGCAGAAAAAGAAATGTTTACGCACAGAGTACATATTCTGTGGTTACAATCGCAGTTGCGCTCTTGCTCATACATTTTCTTGAGCCTTGGTTACTAACACAACTTTTGCCTTATGTATAAATTATTTAACCCTTCCACAGCGGAAGGGTTTTGTTTTATTTTGTATCGAGTATAATTAGGCTTACATATGGAACAAATATTTACAGCAGAAAATATATTTTTTATTGAAAGACTTGGCTTTGCGATGCTCTTGGGTATGGCGATAGGTGCGGAGCGCATAATAGCTCACAAAACTGCCGGCATGCGAACGTACTCACTTGTTGCTATGGGTTCTGCATTATTTGTAATTATCTCTGAGATGATAATAGACATGCACCCAGGGCTCGACAACAACCCTGCACAGATTCCATCGCTTGTTATCAGTGGTGTCGGATTCTTGGGAACAGGTCTTATGATTTGGAAAGATTCAAAGCTTTTTGGTCTTACTACGGCCACAAGTATATGGGTTGCAGCAGGTATTGGTATTGCGTGTGGATTCGGATTCTTCGAACTTGCAGTCCTTGCAACCATACTCACACTTTTTATATTCGTAGTTTTGTGGTTTTTGGAAAACAGACTACGCCATTCATCTTTGGTGCAGCACAGTGATCCCGAAGATTTTAATATCTAGATTTATAAGAATAAAAAAAACCGTCTCGTGACGGCTTTTTTTATTTGCAAAAATACGCTATATTCAAAAGATGCAATCAAAAGACATAAGGAATAAATTTCTAGCTTTTTTTGAAAAAAGGGGACACTCTATTGTGCCTTCGTCTCCACTCGTACCCCAGAACGATCCTTCTGTGCTTTTCAATACAGCTGGTATGCAGCCGTTTGTGCCGTATCTAATGGGAGAGAAACATCCACTAGGCTCTCGTATTGCAGATATTCAGAAGTGCGTTAGAACCGGAGACCTGGAAGATATTGGAGACAACAGACACTTTTCTTTTTTTGAAATGATGGGGAATTGGTCACTCGGAGACTACTTTAAAGATGATGCAATAAAATGGAGTTATGAATTTTTAACTTCAAAAGAAGAAGGTCTAGGTCTCGATCCAAATTTGCTCTATGTAACTATTTTCGAAGGTGATGAAAATGCTCCACTTGATGAAGAGTCTAAAAAAATCTGGATGAGTCTTGGTATACCTGAGAATCGTATCTATGCTTTACCTGCAGAAGACAACTGGTGGAGTCCTGGAGACAATGGCCCTTGTGGTCCATGTAGTGAAATGTTCTACGACATGACAAGTGGGTCTGTAGGAGATTTGAACAAAGATTCATTTATCCAAGCAGTAAAAGACGAGCGAGTTATAGAAATCTGGAATGATGTTTTCATGGAATATGAAAAGAAAGAAGGAAAAGTAATTGGTAAACTTGCTCAGAAAAATGTAGATACAGGCGCTGGGCTAGAGCGCATGACAGCGGTGATGCAAGGAAAAAATACTGCATATGATACTGATATTTTTGAAAATATTATGGTTCATGCAAAAACTCTTTCGCCAGAAATTTCTTCACAGAGGGTTATTGCTGATCATATGAGAACTGCTGTATTTATGATTGCCGATGGAGTAATACCTTCAAATACAAAGCAAGGTTATGTTCTGAGAAGACTTATTCGCAGAGCAGTTTTGAAATCTGCTAACAAAGAAATCGATAGTGTAAAAATTTCTACCATTGTAGATTCTGTAGTAAATTTTTATGAAGAATTTTATCCAGAAATAAAACAAAAAACAGAAGTCATAAAGACAGAGATTGAAAAAGAAGTTTCAAAGTTTAAAGAAACACTACAATCAGGACTCAAGGAATTTGAAAAAGGAACAGATCCTTTTGTCTTGTTTACAACATATGGTTTTCCTATTGAAGTAACTCTTGAGCTTGCAAAAGAAAAGGGAGTTGAGATTGATATTGTAGATTTCAATCAAAAAATGTCCGAACACCAGAAGCTCTCGCAGACTTCTTCTGCTGGTATGTTCAAAGGTGGTCTTGCAAATCACAACGAGCAAACTATTAAGCTCCATACTGCTCACCATTTACTACTTTCTGCACTTCAGGAAGTGTTAGGTAAAGAAGTAAAACAACGAGGTTCAAATATAACAGAGGAACGTCTTCGTATGGACTTTGCATTCGATAGAAAAATGACTGATGAAGAAAAAGTAAAAGTTGAAGAAATTGTGAACGAGTATATTTCTCGCGGATTGAACGTTCTTCGTTGCGAGATGCCACTTACAGAGGCTGAAAAGCTTGGAGCCGAGATGGAATTTGGTGCTAAGTATCCAGATATCGTATCTCTTTACTTTATCGAAGATGAAAACGGCAATGCAATATCAAAAGAATTTTGCGGTGGACCTCACGTAACAAATACAAAAGAGCTCGGAGTATTCAAAATCCAAAAAGAAGAAGCTTCTTCTGCAGGTATTCGACGCATAAAAGCAGTTTTAAATTAAATTATGATTCTTCAAATTTTTCACGTTCGAAAAACTATACGCGATATCAAAGAGGCTAGTGCAAATCCAAGTGGCTTCGCTGCTTCACAAGGCAAAGAGCTTTTTATTGGCGCAGTTCTACCGCTACTTTTGCCAGTGGTTATTTTGACTGCTGTGCTGGCTGTTTTTTCCTTTAGTTCGCTCTTAGGAGGTCCATACTTGCTTGCTAAAATACTTTTCTGGATTGTAATCTTTCCGGCCATTACATCTATCTTGGTAATTAAAAAATTATATTCGATTCTTTTTGCAAAAAAATCTGAATCAGTAAAACCCGAAGGGAAAGTAGCAGCTACTTATGACAGCGCTGGGAAGAGGTTGGATTAAACTTGCTTAAAACATAAAAGTATTGTATAGTTTGGGAAACCAAAACGTACATATATATGATCTCATTAAAAATTGAAGACATACCAGACTTTAACCCAAAATTTGCCGTTGCCGGCACTTTTCTTTTTGTAAGAGAGAAGATTCTCCTGTTACAGAGAGCAGCTCATAAACCGCAAGGTGAAACATGGGGAGTTCCGGCAGGTAAGATAAATCACCTTGAAGATCGTCAGGCAGGCGCAAGACGTGAACTTCTTGAAGAGACCGGTATAAGCTTATGGCCACATCTATTCGAACATAAGCACACTTTCTATGTAAGAAATGAAAAGAAACAATATGATTTCATTTATGAAGTTTTTATTGTTAGGATGTGCAC
CP064973.1_gap18	591636	596439	4803	GTTGTCACGCAGGCTCCAGCACAAAGTACAGAAACTATCAGTGATCCTGTACCAACAGAGTATGTGTATAGCTATGAAGATGGACATGATCAAGATGAGGATTATGGCGGAGATGACGAAGAAGACGAAGGCGATGATGATTAAAAATCTTCATTTGCTATAATATTCGCATGAATAAACAAACACAAAACATTATTGCGATTTTAGGTATTATTGTTTTTGGATTTTTAGCTTTTACATACACAGAAGACAGATCTGATGTTGGAGGTCGTGTTATGGCGCCAGTGGATTTGGTTTTGGGAGTTGGTGACAGTGGTGAGGCACTAGGACTTAGTGTTACTTTCAATGCACTTGTAAATGATTATCGTTGCCCAGTAGATGTACAGTGTATCGAAGGCGGGGCAGTAAATACAAACATAACCCTAAAAGACAGCGAAGGAGAAGTTACTGCAAACTATTCATCTGACGGAGTTCCTTATTCTTTCAACGGTTATGAAATTTCAATAGTCGGAGTATCTCCTGATATTTATTCAGAAAAGTTTATCGATCCAACTAGTTATGTAGTTACATTCAATATAAAAAGTGCTGCAACTGGTGCTGTAGACAATCCAGATTACAGTGGAGCAGCTGGCGGGACTGTTCCTGCAGGCGAGAATCCTTGTAGTGCAGTAGGTGGAACATGGGACGAAATGAACAGTGAGTGTCTCGAAGTAGACGCAAACATGTGTCAGGAAATTGGTGGAATGTTCAATGAGTGTGCAAGTGCTTGTCGAAACAACCCAGCGGCCGAAGTATGTACTATGCAGTGTGTACAGGTCTGCGAATTCAAATAATCTTTATGGAATTCATATCTACATTTATAACCCTCGCGGGGTTTGTCATCGGACTTGGAGCTGTGACTGTTATTGACTTGCATGGATTTCTTGGACGTAAATCTCCGTACTGGACAGAAGCAACTATTCGTACCCACAAAGTTACCAAGCCACTTATTTGGATCGGTATACTTCTCGTAGCAATCGGAACTTTCATATCTGGTGTAAACGAACTTATTTCATCTCTAGATTTTGCTTTTAGACTTGGAATTATATTTCTCATGATTTTAAATGGAAGCTTCTTGTCTTTTGTAATTTCTCCGGAGCTTTTGAAGAGAGAAAAAGATGGGAGAGCTAGTGAGATACTACCAAGTACAATGCAGAACAAAATTGTTGTTAGTTTTTTTGTATCTTTTATTCTCTGGTGGGGACTGTTGGCGTATGTTGTAAATAGCCTAATAAAATAAAATGCCCCAGAAACCAGCTGTTAAAAAAACTAAAAAAGTTACTGCAAAGCGTCTCGATGAAACTCTGTGGGAATATTGCAAAGAAGAAGCGATCACAAAGATGGGGAAGTTTTCTGCTCGTGCGATGCAATATGCTGTCTCCTTGTATAAGAAAAGAGGTGGACGATATGAAGGTAAGAAGTCGAAGGATAATTCTCTGGTGAAATGGACAAAAGAAGATTGGGGGTATGTTGCAGAACCCAAAAGGTCTAGATATCTACCCAAAAAGGCACGAGAGCATATGACTGTCGGAGAGAAGATTGCGACCGATAGAGCCAAGAATGCAGGAACAAAGGCTGGTTCGCAGTGGGTGAAGCAACCAAAAAAGATTGCCAAGAAAACTGCGAAGTATAGAATAAAATAATTCGTTTTAAAAAAGGTTTTGTTATAATAAAAGTATTAGAAAATTAATAAAAATTTCACATGTCTAAATCAAAAAAACTTTTGGCATTTGCAGCGTTCATATCTTTTGCGTTTGCTATCTACTTGTGGTTCATGGCGGATAGAGAATCTGCATTGTTTGTCGGACTCTGGGTTCCATCTATCCTATCTTTGTCCAACTTTTTCCGAAACTAAATGTCTGAGCTTGTGATATTTGTAGTCGGATTCATAGTGTCGGCAGTTGTCCTATCTGCCTTAGTTTACGAATACAAGAAATCCTAATTAATAAAATAAAAAGCCCTCCTATCCTGGAGGGCTTTTGTTTAATTTATATTTTCAATAATTATCTTGTGATTATCAAAGAAAATTGTATTTTTCTCGTACCACAACACACTTGGACAAGGTGATTTATTTACTTTTGATCTATATCCTGCGATCAGGTCTCTGCTTGTAACAACCTGATATCCATTTTCTATTGCGCTTTTTGCGGTTTCGTAAACACAAAAGCCTGCATTTACTCCCATGATTAGAATATTTTTAGTCTTGTGCGCTACGAGAATCTTATTCAATTCCGTCTTATAAAAAGCGTCATCGTATTTTTTATTTAGACAATACACACGAGCTTCTGGATTACCCTTCACAGCTTCCTGTATTTTTGGGGCTGTATTTCCATACCCTATGTATTCAAATATAACTATAGGAACTTTATTTGATATACAAAACTTTAAAACGGATACTTGAGGGGGGATTAGCTTGAGTTTGTTTGGTTTTTTGAATAGAAAATCTTTTTGCATATCTATCAACACAACACATATGTTGGCTAGATTAATTTTTTTACCCATTGGTACTTATTTCTAGGAACTCTATTACAGCTTTTATACGTTGTCAAATATATATTTTTTGGTGATTATTTAGTTGACTTATATGCTTTTATGTGATATAATACTAGGCATAAGTTCACTAAAACTAAATAAAAACGAATATGAATATAATTGTCGTGTTTGGCGGAGCTGACTTCGAAGAAGCAGCTGCAAGGTTGATTGCAAAAAAACATGGACTCGTACTTGCCACCGCGACGGTGGATGGAGTTCCTTGTCATGCAGGCAACGCATACAAAGCAAACGGCTTTGTAGTAGACGAAGGCAAGGAGAGCAACGAAGACATAGTTATAGTTTTCGAATGCTCAGAAAAGGTTGCAGGAAATCGCGAGATCATAATGGTCTGTGACCATCACAACCCTGGCGATCCCGGCTTCGGGTTTCCTCCGGAAAATTTCTGGAGAGGTAGTTCTATCGGCCAATTGTGCAAATATCTTAACGAAGAACCTACAGAGGAACTTCTTATGGTAGCTGCCTCTGATCACTGTTTTCCTGCTGCATATGCAGGAAAATGTCCGGGGATTAATCCGGAGGAGTTTGCGAAATTTCGAATCTCGCAGAAAGTTGCATTTTATGCAACAGATGTTCGTAATGCGCATAAATCAACTCCGTCGGAGCTGGAAGAAATTATCCAGATGACAATGCAGAAAATTTCTAAGGCTCCTATTATCGAACCTGGACTGGTTGATATGCGAGGACAGGGCTTCGTTGAAGAACTGCCTGAGTCGGCAGTGAGATTGGGACTGGCCTACATCTCGGAGATACAAGACCGTGATAGGAATCAGGTTCCTACAGGTAACATGAAAATTGTTATCGGCGGATGTACTGATCCTGAGATGGTCGTTTCCTTCATGGAATGGGCAAATGCTCTTCCTAACAAGGTCGGTAACGCATACGGAGATCCTATCCGTGGCTTTGCCGGAATTGTTGTGAAGCCTTAAATTTTTTCAAAACCCTCCGATTGCGGAGGGTTTTTAATATGCTTGTGTAGACAAATTATCTCCCAAAGAAAAAAGGCTGTTCCGTAGAACAGCCTTCTAAAACTCCTATTTATAAGTCTCCGGATGGTGCCGGCAGATTTCTGCGAAATCTTCTCCAATTCCGCATACTTGGGACACCCGATACGTATCCCGCAACCTCAAGCAAGTGAGGACTTGCTTGATTTAGACTATTTCTCCGTTCGCTCGCCACTACTGGGAGATAAAGAGCTTTTTGTAAAGATAACACATAAATCTGGATAGTCAAACAACCCTACCGCCTCGTATCCTCGAGGCGGTTTCTCCACCCAAAATACCATTGTTTTGAGAGGGGATTTGTGGGATGATAAATAAATATAATGGATAAATACATACAAAGCATATCTAAAAAATACTTAGATACTCAAACAAGTGAAATGGGATATCGTACGGATTTTGAAAATTTTCTCGAAACTATTTTTTCAAAAGAGCAAAAATACCATATTCATCATGATGCAAAAGCTGTGGGTGGAAATAAGCCTGATTTCGTTGTACTTAAAAACCAAATACCAGTTTTGTATATTGAAAATAAAGATATTGGTATTGATTTAGATAAAATAGAGAAGTCTAATCAGATGGATAGATATTTTGGATATGATAACCTTATTTTGACTGACCAAATAGAATTTAGATTTTATCGAAACGGAGAAAAATATGATGAATCAATTAAAATCGCAACATACGATAAATCAAATAGAACGATTAATCCTATCCCAGAAAATTTTACACTTCTAGAAAAAACTATTATAGATTTCACTCTTTCTCACAAAGAACCAATTAAACGAGGGAAGCGTCTTGCTCAAATTATGGGTGGAAAAGCTCAACGCATTCGTGACAATGTTTGTGACATGCTTACTTCTAATAATGAAAAATATGCAGAACTTTTAAATATAAAAAAAGTAGTTACTGAAAATCTTGTTTCGAATTTAAAAGATGAAGACTTTGCTGATATGTACGCGCAAACCCTTGTATATGGACTTTTTGCGGCTCGGTATAATGATAAGACAAATGATACTTTTTCTCGTGCTGAAGCTCGAGATTTGGTTCCAAAAACAAACCCATTCCTACATTCTTTTTTTGATCACATCGCAGGAGCGTCTTTTCCTGATAGATTGCGGTTTATTGTAGACGAACTTTGCGAAGTTTTTTCTCATGCAGATATTCAAAAAATTCTTCATGATTTTTATGGAAAAGAAAAAGATAATAAAGA
CP064973.1_gap19	601233	603992	2759	ATAGACATATTGCTCGTGCTCGGAACGCTCGTATGGGCGATGGTTGCTATATTTCCGCACGCTCGCTGGATCACTTACATCCAGATCCCATATCTACTATGGGTTACTTTTGCAACAGTACTCCAGCTCACTATTACTTTTATAAACAGATAAATATTACTCGAGTATTTTGAATAAAATAAAATAACCCTTTCGGGTTATTGGTTATTGAAATAGTTCTCTGATCAAATTAAAGAAACCTTTTTTCTTTTGTTCTGATCCTGATTTCTTTTCCTTTGGTTTGAATTTACGCTCTTTAATAATCGAGTCGTGTACAAACTCTATTTCTTCGTCTGACAAGTATCCGTATCTCAGTGCGAGTCCTGGAAAAAGATTGCTATGATTTCTCCTTGCTCTTACAAAGTTGGCCGAGAAGCCAAGTGCCATAGCCGTGACATCCACAGCTTTCTCTATGTGTTTTATATCTTTGTAATTGTGATAGTACAAATATATATGAGAGAGCTCGTGGCTTATAGTAGTTACGAATACATCAAAGTCTAAAGTTATGGTATTGGATATCTCTATGATAAACACGTGATCAAGGAGCTTATTTTTTCCTTCAATAAATATTAAAGGTACGAGTACATGCGCCGGCTTGTTCAGGTCTTTTTTAGAGACAACCTTTATCTTGTGGGGGATTTGCATAACATTTTTGATCTCCTGTATTGCCCACGCATACTCCCTCTGTTTAAAGAAAATTTCGGCAGTTTTGAGACTTACGGGTTTCTTGGTTACGTTTTGTAAAGTATAAAGGTACTTCATGATTTCGTTCATGGAAAGAATATTTTTACTATTGTACAATAAATTATAAATATAGTCAATTATTAATAATAAACGGTAAGTTTCCTTGAGCCATATTATTTATGGGTGTAAAATATAGTTATATGAAAAACATTTTTACAAAAGTATTCTCTATTACTACTCTTCGTTTGTTGATGGGTTTTATTTTTCTTTGGGCTTTTTTAGACAAGACTTTCGGCCTAGGTTTTGCTACGACCGCTGACAAAGCTTGGATTTTAGGAGGAAGTCCGACAAGCGGATTCCTAACACATGCAGTTGTTGGTCCTTTCGCTACATTTTTCAATAGCCTAGCGGGAATTGCGCTAGTAGACTGGTTGTTCATGTTGGGACTTCTTTTTGTTGGAGTAACCCTTATCTTAAATAGATATGTTAAATGGGGAGCGCTTGCTGGTATAATGATGCTAATACTTATGTACTTAGCACTACTTTTCCCCGAGAACAATCCTTTTGTCGATGATCACATCGTATATGCTGTACTACTCGGGTATATTGCAATTCATTCAAGAAAATAGAAGTTCAACAAAAAACACATAAATAAAATTATGCGTTTTTTGTTGATTAGTTTTAAAATAAGGATATAGTGTTTTTATGAAAAAGAATTTTACAATCAAAACAAAAGTTTGGCGCTGGCCGGGTGACGGAGGGTGGCACTTTGTTACTTTGGATAAAAAACTATCTCAAGATATACGTAAAGTTTTTACAAAAGGATTCGTTAAAATCCGCGCAGAGATTGGCGACAGTGCTTGGGATACTTCGCTTTTTCCTCACAAAGAATCTGGATATTTACTTTGCATAAATAAGAAAATCCGCTCCAAGGAGGGGATTTTCGAAGGAGACGATGTGAATATAAAAGTAAAAATACTCTAAGCTTTTTTTAGAAATTCTGTTTTTAGAACAATACCTTTCATGCCGTCTACACTACACTCTATTTCGTTTGGTTCATCAGTTAGGCGAATACTTTTAACTTTTGTGCCTTTCTTTATGACAATCGAACTACCTTTTAATTTTAAGTCTTTGATCAAGATTACAGAATCTCCGTGTGCGAGAGTGTTTCCGTTGCTGTCTTTTGTCTCAACCAAATCTTCTATTTCATCTTCTTCTGTGTTGTTTGTGTTGTTCATAACAATGATTGTATACCGGATTTTGTAAAAATGGTAGAATGCGATATCTATGCAAGAACACCCAAACAATCCATTGCAAGGCAAGACGCTTGAGTTCATACTCACGTTTTTAGTTGAGCAATATGGCTGGGAAGAGCTCGGCAGCCAGATCAATATCAATTGTTTTATAAATGACCCAAGTATCAAGTCTAGTCTTACTTTTTTACGCAGAACTCCTTGGGCCAGAAAAAAGGTTGAGGATTTGTATATTTACACCGCGAAGAAAATGAACATAAAGTAAATCTGATTATGCCTACTATTTTGGACTCAAGAGAGAAAAAGTTTTTTGCTATTAGAAAAACACGCAATGGAAAAGGTGTTTTTACACGTATTGGTTTCGGAGAAGGAAAAAGATTGTTCGAAGTAAAAGGTAGATTTGTGACCTGCGATGAAGATGATGATATGGATGAAACAGAAAGGTCAAATGCATACCGATTCGACAGAGACCTTTTTATTAGCCCAAAAGACAGATTGGCTGATATGGTCAATCACTCGTGTACGCCAAACGCCAAAGTTGTTAAAGATAACGACAAGCTCTATGTATATTCAATCAGTGAGATATTAAAATGGAGTGAGGTTTTTATTGACTATTCGACGATCATAGCCAAGGATGATATTTGGACGATGAAATGTAACTGTGGAAGTGATAAATGCAGAAAGATTGTAAAGAATTTTGCAAAATTATCCAAAAAAACCCAAGATATATACAAGAAAAACAAAATTGTTCCGGATTTCATTTTAAAAATAAGAGGGTAGTAT
CP064973.1_gap20	606613	607266	653	GTATTTACATAAGAGTGATGCAGGACAACATGTTTCTTCTTCCATAGTGGACTTGAAGCACCTAGTAACTCAAGAGATCGGACCATGATTTCATTGACCCATCTCTTTTTTGAATATGCTCCATGTGATGCGTCGTGCATGATGTTGAATCCAACTCCTGCAAATACGAGTCCCAGTAGTGCACAAAGGAAAAGAGCAGCACCAGTACTATCAGGTGTATAGAAAACTATACATACATAGAGAACTGGTATTAGGATCAAGAAAAAAATAGTTTTAATACGCAGATTCCAATTCCCGTATTTTGAAATATTGTTTTTCTCAAAATAAGCATTGATTTCGCGAAGCAAATCATTTTTGAATGAATTGTCGGTGTTGTTGTATTTTATATTCATATTCGGTTGTTTTAGAACGTTTAGAATTAAGTATACATTCTAAATTAATATCAACAAATTATTTCAAAAATGTAATAATACTAAGTATGAAAACTAGTGAAAAGATTAAATCTTTACGCCTACCAATTGGGGGGTATGTTGTAATAGGAAGTGCTTTAATGGAGGAGCTTGGGATTAGAAAGGCTGTTGATATTGATATTTCAGTGACAGAAGAACTATTTAATTCACTTAGGTCTAGTAACGCATGGAGGGAGGAAACCA
CP064973.1_gap21	704643	705143	500	ATTTTCAAAAAGACCTCCGTTTACATATGGAAATTCCAAGAAATGTGATGCAAATTTTGATCGATCAGAATCCTTAGTATTTAAAATATTAAAAAGTGTAGAAAAGTAAGTGTCCATCTCGTCTCCATTTTCGTGGGTGTGAGAGTTCACAGAATTAGTAAACAATCCTGTTTCAGGAAAGATGCCAGTGTCTTCAGCAAAGAAACAGAACAGAAGTCTTGAAAGAAAGATGTTTAGATCATGACTATTATTTTTATAGTACTCAGGATCATCACTAACAATAGCCTGATACAACTTATCCATTTTGTAGGCTGCACGGATATCAGCAGGGTTTTCACTTACATGCTGTGATTTCTCCATTCCGCACCAAGGCAAAAAGAAAGCGTAATGCTTGCCTAGATCTTTAATTTCAATATCGAGTGTTTCTTTTGTTTTTGTATCAATAGCCAAAAACGTTACGAAATCCGTAACGATAATAAATCGAGGGTTAAACTTGTATG
