gap_id	start	end	length	sequence
CP064986.1_gap1	2290	6240	3950	ATCACTTCCGTCCCCGATCGATCATCGATCAGGATGCCTTCCTTGCCCGCGTCATCGATCCGATTTCCCTGGATGGTCGATGCCGTGGGGCTGGACCAGCGCAGATTGTTGGTCACCGCATCATGAATGAAGTTGTCGCTGATTTCGAACCCATACGACCCATCCCCTTCGACGTTGATCCCGAAGTTCAAAATCTGACAATCCTGGATGCGCGAGCCTCGGATGCATCCCGCGAACTTCACTCCGACGGACCCCGCCATTTTGCCTCCGACCACCGCCAGATGTTCGACTGCCACATTCGAAAATTCGGTTTGGGCCACCTCGGCACCGCTTGGCGAAAGCGGCGGAGCGCCCATGATCAACGCAGGACCGCCAGCCCCATCCCATTTGATGATCGACGCGCTTTTCGAAGCGCCGAACAGCCGCACCCCTTCCCGGACGACGATCGAGCGACGGATGGGATAGGTTCCCGCGGGAACGAAAACCGAGCCGGAGACCATCGACACCTTGTTCGGGATCACAACCGAGGTTCGCTTGGCCGCATACGAGATGGCACGTTCGAAGGCCGCGTCGTAGGTCGATTCCCCGGAATAGAAATCCGCCACGTTGACGTTTTTTGACAAAACCTTCGGATCCGGGAACCGCTTCGCGTTCGCGGAATCGGCCACGGGAGCGGGGGCCTTTTCCGCCATCTCCGCTCGAACCGGACCGCAAGCGAACATCGACCACAGGACCAGGAAGCACGCGGAGGGTTTCATTGGATGGAAAGGATACGATTTTCAGGGGCCGGATCGACGGACATGGATCACATCGCCGATTGCAGACGCAGACGGAGAGTCAAGGCATTCCCTTCCCAAGAGGCCATCGTGTGCAAAGCCACCCATCCGATCTTCTTCCATGCTTCCATTTCGGGGATCCATTCCGGTGTGTCGACACCCGCGAGAAAACTCTTGCCGCGACGGCTTCTCGCTCCGACCGTGTCCGTTACCGAAGAGCCTTCGTCGCCGCCCTTCCAGAACGCCCGTCCGCCGAGACTGACCCCCTGGCGTAGCCCTCGCCATTCCCCCTGGGCCCGGATCGACTGGCTGTTGGGTCCATCCTGGTTGCCGATGGGGCGCCCCATGTGGAGAGCTTGGGCGGAACCCGGCTGGAAGTGGGTGTATATCCATGGCTCGACGCGCGTCCATTCCAACGAGGCCGCCGTCCAGGTGTTCTTTCCAGCAGAAGGCGCCGACCAAACCACGCCGAGGTTGCTCGCCCAACGATTGCCCCAGTAGCGATCCGAAAACAGGCTCGTCGGCTCCTGCATGTCGTCGATCAAAAATTCCGCGTGGAACAGACATTGCCAGCGCCGCCAAGCCAGATCGAACGCGATGCTCCCGTTGTTCTCCCTCTCCACGGTGCCGCCTTTCTCGATGAACAGCGGCACGAAGGGCACGAGGCTCGCGATCGATTCCTGATTGTGGAGGATCAGGATCTCTGAGATTCCCACGGAAAAATCCGCGACAGGCCTCCACTCGTAGCGGTGGGCGTAGAGCGATCGCGTATCGTGCGTCAGGCGGTACTGGCCCTCGCCGTCGATCGAAAGCGATCCCCACATGGACTCGATGCTGACCGATCCGAACTGCCCCTGCCAATACATGTGTGGAAACGCAATCCCTTTCCCGTTCAAGGCGAGGTTTCCCCGTACACCAGGCCCCCAATGCGGCGCATCCTTCCGGAACCCCAGAGCGCCGATGGGTGAGCTCCATTCCACCGCACTTCGGTAGCGCGCCCAGGAAGTGAACGTCGCATTGGAAAGGTCCCCCTCCTCGCTGCGATCGATGGCCTCCCCATCCCAGGAAGCGACCTGGAGATCCGTATGGTCTTCCACGAAAATCCGGGCGTCTGTGGAAAACCACAGACTTCCCAACCGACCGCTTGCGCGAACGCCGCCTTCGGAAGCGACCACTCGGTCCGTATCTCCCGCAAGCCTTGCTTCCAGTGCCGCCACTGGTTCGATCCATAACGGAATTTGTCCAGACCCCAGATTCCAACCGGAAGGCGCCCGCGTCGAGTCCTCGCGCACCAATCCGAACGCAAGAGGACTGCCTCCTCCCGCTTGGGCGGCTCGAAGCCCCAGGACGCTTTGCGCTCCGGGATTCAGGAGGGTACGATGGCGCTCCAGCTCGACCGGGGTCGGCAACGACCAAGCACGCCCGATGAGCGCGCCGACGAGCACCAGCGGAAGGGAAATTCTCGAGATCAGGCCGCTGCCGCCCGATTGTCCCGCTGGTGATCGAATTCGGGAACGATCCGGGTCAGATCCTCCAGTGGATCGCAGGATGCGAGAAGCGTATCGATGCTTTTTCGCAGAGAATCGATCGGCATCTTCGTGGGACGAGTGACCATGATCGATTTGTATTCGGTCTTCAGATCCGCGTCGCTGATCAGGAGTTCCTCGTACAGCTTCTCTCCAGGGCGCAATCCCGTGAACACCACATTGAGATCCGGCCTTCCCGACAAGTTCAGCATCCTCTGCGCGAGATCCGCGATCCGGACCGGCTCCCCCATGTCGAGGATGAACACTTCCCCACCGTGGCCGATAGCTCCCGCCTGCAGCACGAGCGAACAGGCTTCCGGGATCAGCATGAAGTAGCGGGTGATGTCGGGATGGGTCACCGGCAGATCCCGCCCCTCTTCGATGAGCTTCTTGAACTTGGGGATCACGGATCCGGAGGAGCCCAATACGTTTCCGAACCGAACCGCCACGATGTCCGTGCCTTGTCCGTTGGAGTTCTGGGCGTACAGTTCGCACACGCGCTTGGTCGCTCCCATCACGTTCGTGGGGCGCACGGCCTTGTCCGTGGAGATCAATACGAACTTTTTCGCCTTGAACTTCACGGCCAGGTCGATGGTGTTGCGCGTACCGGCGACGTTGTTGCGGATCCCCGTCATCGGATTCTGCTCGACCAGAGGCACATGCTTGTAGGCGGCGGCATGGATGACAATTTCCGGCTTGTAGGTTTCGAACACCCGCTCGAGCGATGCCTTGTCGGTGACCGAAACCATCAGCGGGACCGCGTTGGGAAGCTCCTCGGCGATCTGGTAGAGGTTGAATTCGGAGTGGTCCAACAGCAACAATTCGCGTACCCCGAACGCCTCGCACTGGCGGGCGATTTCCGAGCCGATCGAGCCCCCTGCGCCGGTGATCAGCACCGAACGCCCCTTGAGGAAGGCGGAGATCTTGGCCTTGTCGAGATCCTTGGGCTTGCGGGCCAGAAGATCCTCCACGGTCACGTTCTTCAGCTGGTTGATGAAGGATCGATCCCACAACGCATTGTCCGCGGCAGGCAGGATCTTGCAATCCTTGAAGTAGGACCGCAACCGCTTCCAACGTCGATCGATCCGCTCCGGCGAGGCATCTTCCATCGCGAACACCAGGGTATCCAGGTTCTGCGTGCGTCGGATCTTGATGATGGTCTGCTTGAGCGAATAGATGGGGATCCCGTCGATCACCATCTTGTGCTCGTGGCTGGAATCATCGATGAAGCAAAGGACGCTGTAGCCGCTTTGCTGCATCTCCTGCGCGAGGCGTGCTCCCCGATTGCTCGAACCATAGATGACGACGGTTTTGTGATGGCGAATCCCGTAGCGATAGAAATATCGGTACCCGAAGATGGCTGCGTTGTAGAGGTACTGGAAGACCAGCCACTCGACCACAGCGAACGAGACGGACACCCATCCCAACCACCGGACGACAGGCAGATAGATCGCCATGGAAACCAAACCGAGACCAAGCTCCAAGATCCCCGTACGGGAGGAAGCTCGCGTCCAGGACAACCGGAATTCGCCGAAAAACACCATCGAGGCGGCGATCCGAACACCAACGATCACCACCAAAGCCTGCCAGGGAGGGTCCTGCAGGTGCCCCAGCAATTTGCAAGCGAAGAGAAAGGACACCGTTCCGA
CP064986.1_gap2	7726	9065	1339	ACATCTCCACGTACCTTGGCACCTCCGGCCTCGGACCCACCAGGGACATGTCCCCGAAAAGGACGTTGAGCAGCTGTGGCAACTCGTCCAACTTCAAAGCCCGCAGGACATGCCCGATCCGGGTGACCCTCGGATCCCGTGCACCGATCGTGATCTGGGGGCCTTTGGCTTCCGCTTGGACAACCATCGTGCGGAACTTGAAGATCCGGAAGGTTTTCCCGTTCTTTCCAACACGAACCTGGCGGAAAAAGACCGGTCCCGGCGAGCCTAACTTGACCAGAAGCGAGATCGCGACCAGGACCGGCAACAGAAACAGCAACCCCGCTGCCGAAGCGAAAAAATCCAGCAATCGCTTCATGATCCGAGCATCTCCGCGTGGACTTCTTTGAAAGCATCCACAACCCGTCGCAAATCACCCTGAGACATTCGCGTGTACAACGGTAGTGACAGGGCTCTTCGGAACGCCGAGGTTGCCAGCGGAAAGGAGTCGGGAGTGAATCCGTAGCGGTCCCGCCAGTATGGATGGAGGTGGAGGGGGATGAAATGCACCGAACACCCGATGCCCATGGCTTGCATCTTCTCGAAGAAGATGTCCCGCCACTGCTCGCGCATCTGGACAATGAACAGGTGCCAGGCATGGCGATCCGAAGGGATCTCCACATGGGGAAGCTCCACCCCGTCTAGACCGGCCAACTCCCGGAAGTAGAATCCGGCCATTTCATTTCGCTGCTTCGAGAAGGACTCGCACTTGGCCAACTGATGGATACCCATGGCGGCGCAGATATCGGGCATGTTGTACTTGTATCCAGGCGCAACGATCTCGTAGTACCAGGCGGCTTTCGGGGAATTGTACCGATCCCAAGCATCGCGGTTGAATCCATGCAGCCGCATCACCTTGATCCGCTTGGCGAAGGTCTCATCGTCGGTCACGACCATTCCACCTTCCGCCGTCGCCAGGGTCTTGGTGGCGTAGAAGCTGAACACGGTGATGTCGCCGATGCTTCCCACCATCCTTCCTTCCGAAGTGGTGGGAAGCGCATGGGCCGCATCCTCGACGACCTTCAATCCAAACCTGCGTGCCAGATCCATGATCTTGGCCATGGGGCAGGCCTGACCAGCCATGTGCACCGGCATAATGGCCTTGACCTTGCCGCCGTGTTCTGTAACGGCCCGCTTCACGGTCTCCTCAAGTTTGTCCATATCCAGGTTCAACGTCCTGGGGTCGATGTCCGAATAGATCGGATCCGCATCGAAATACCGGATCACCTCGGATGTCGCCGTGAATGTGTATGGAGTGGTGATCACCTTGTCTCCTCGCTCGAGCCCAATCGCGTCCAGC
CP064986.1_gap3	143946	148225	4279	GAAATGCCTGGCGGTTTTTTTGATCGGCATATGATTAAAACGACTTTTACTCAGAATGCTTGCGGGATTGACTATAGCTGGGTCTATTCGCTTCATCCGACGAACTGGTCAATAATCCGCGGAAAACACGCAGATTGGAGTGTAGACTTCGTGCCATTTTCGCTTCCAAACTCAGCGGATTGGACGTTCGATGGCAACACACTATGCTCCGCAACATCCTTCCACATGATCTATGCTCCGTTCGACTCGACTCGCCCCTACGTCCGCTGGACGGATACGCTCGGAGCCAAGCCCAATGACAGGCCAGAACCTTTCTTGCGCTCTTGGAAAAACCCCAACTTGCCTCTGGGAAATTTCTCGATGTCTCTCGAAACATCGGATTCATGTCAAATTCTGCCAAGATCCATCCACCCAAAGGTGGAACTTGAGTTCATCGATCGCCTGAAGGAGACCACCGTCGGCTCGGTTTCCGCAGAGGTCGGCGAATCACCCGCTACAAGCACTTCGATACAACTCAATCCGACGAATTGGAATCTGTACGCTCGGACCAAATTCACCTGGAAAACGGATTCTCTCGTGCCTCGACCACCAAGGCCAATCGGCTCCGACACGGGATCCCATCCTGGCTGGATCCGCACTGTCGCCAAGTGGAACTTCACGGTGGGCGATTTGCAGGATTCCGTGATGGCTGTCGGATGGCTTCCCGATCCGGAATTCACATCGATCGCCCCGAAGTCCCCGCGCAAGAGCATCGGATCGAAGGCCCGCGTGGATGCCTTGGGACGGCCAGCGGTGCTGCGCCATCAGGCATCGGATGTGCGGCTGATCAAGCCCTGAAGCGAGCCCATCAAACCACCTCGCGCACCTCGATGGCCTTGCCGCGAAAGTCCCGCGCTTCGCCGACACGCGCGCCCTTGAGGACCTGCCCCAGGGGACCGGCCAGCGACATGCACCGGACTGCCTGACCATCCACCTCCAGCTGCAGAGGAAACGGGCACACCAAAAACCACCCCTCGGGCAGCCTGGCCAAAGCCCCGAACGAGATCGACTCGCGCTTGACGGACAGATCCTGACGATCCAGCCAATCCAATGCGGATCTTGCCTCGTCTTGCAGACGCGATTGCATGGAGCGGGCCTGCGAAAGCATCTCGCGGGCGGTCTCGTATTTGTCGCCGGCGCTGCTCTTGGTTTCCCCTTCGTAGGCCTGGGCGATGGAGGCCAGCTCCCGCTCCGCGGAAGCGGCGTTGGATTCCAGCACCCGCCGCAGAGCGGCGAACACCTCGAGCTTCCAGCTTTTGTCAGAATCTTCCGCCACGAGCCCCGCCTCCGCCCCACCACAGGGGCATGCCACAAGGTAGACCCCTCAGGGCCGGTCGCCGAAATCCTCGCGCACGCATTTTTCCATGGCTTGGGCGGAAAGGAGCACACCCGGGACTCCCGCCCCGGGATGGGTCCCCGCCCCCACGAAATAGAGGTTGGACACGTCTTCGCTCCGATTGTGGGGCCGCAACACACCAGTCTGCAACAGACCCGGAGAGATCCCGAAGGCGTTGCCGTCCAGGCTGTTGAGATTGTGCTGGAAATGGTCGGGCGTCACGATCTTGCACACCTCGAGATTCTCGCGCAATCCTTCCAGCCCCCACGCCTCCAGGAATTCCAGGATCTTCGCGGCGTAGCGATCCTTTTCCTTCTCCCAGTCGATGCCGCTCTTGTTGTTGGCCACGGGCGAGAGCACGTAGATGCTCTCGCAGCCCTCCGGAGCTAGCGAAGGATCCGTGCGGGTGGGCGAATGCAGATAGAGACTGAAATCGTCGGGAAGAATCTTGCGCTCGAAGATGTCGCGCACCAGCTCCCGGTAGCGCTCGGACAAGATCAAAGTGTGGTGATGGAGCTTGTCGTAGCGACGCTTCACGCCCAGGTACAGCAAAAAGCAGCTCATGCTCTGGTCCAGCTTTTCGATGCGCCGATCCGTCCAATGGGCACGCGAAGCGACAGGGACCAGATCGCGGTAGGTGTGTCCCACGTCGGCATTGCTCACCACCAGATCGGCAGGATGCTCCACACCTTGCGCCACCACGGCCTCGGCGCGACCATCCTCCACCACGATCCGCTCCACCTCCGACCCCAACAAAATCTGTCCACCCTTTTCCTGGAACAGGGAGGCCAGCGATTCCACCAGGGAATGCATGCCTCCGGGGGTGAACCACACGCCTTCCACTTTTTCCAGGGAAGAGATCATCCGGTAGATGGAAGGCGAGCGGAACGGATCGCCGCCGATGAACAGAGGATGGAAGCTGAACAGGAAGCGATGACGGAAATCGCGGAAGTACCGCGAGACGTGGAAGTGCAGAGGCAAAAACGCCTTGAGCCTCAGCGCCTTGGGCACGAAGCGCAGCATCTTCCCCCAGGTATCCAGCGGAGCGCCGCCCAAGGCATCGGACATCACCGTCTGACGGACGGGATCGGCATCGGCCTGGAACCGGTCGTAGGCGTCCGCGTCGCGCACGTCGAAGCGTCGCATCTGGGCCTTCATCGCCTCGGCATCCCCGCTGTAATCGATCCAGGTGCCATCGTGGAAATGCACCCGGTAGTACGGATCCAAGGCCACCAGCGGCAGGCGCTGGGCAAGAGTCGTCCCCGCGCTTTTGTACAAGGCGTCGATCACGGTCGGGGCGGTGATCAAGCTGGGGCCGGCGTCGAACACGTACCCCTTTTCGCGGATGCGACCCGCACGCCCGCCCAGCTGGGTGTTCTTCTCCAGGATGGTGGTGGCGAATCCCATGGATTGCAATCGGATGGCCGCCGCCAATCCGCCAAACCCGCCACCGATCACCACCGCACGCTTTTGAGTGCTCACAGGACTCTTCCTTTCCAGGCCACCGGCCAGAATGGATTCAATGCCGAACGCAATCCGATTCCCACCAGAAACGGCGCTCCGATGGGGAACCACGCCAAATTCCGCAGCCCGGTGCGCATCCCGGGAGAAGCCGAAGCCACGAGAATCGCCAACAACACGATCGGTGCGACCGACAACACACCCGAGCCGACCGCGAAGATCGCCACGGGAAGCACATAAAACCACATCGCGAAGGCCATGGCCGCCACCCACCCACCAGCTCCGCCCCCGCCGAGATCCGCGAAGTTTTTGACAAATCCCGTCCACACCTGGGCGGTGGTGCGGTACATGCGCACGGACAAGACATCTTCCGCCAGGGCCGCCACCACCTTCACTCCGGCGCGTTTGGCCTTGCGGGCCAGCGCGAGATCCTCCGACACGAGGTTGGCCACGGCACGATGCCCCCCGATGGTCCGGTAGGCGTCGCGGGTGTACATCATCCACTGCCCCACCGCCGCCGCCAGGGAGGGCTCGGGACGATCTGCTGCCAGGCGCAGCGGCAGAAAGGCGCGCAGCGGCAGGTCCACCACCAGCGAGACCACCGAACCCACCAAGGGATGTATCGATTCCTGTCTGCCGAATCCGCTGACCAAGCCCGCACGCTCCTTCTCCAGAAGCGCCACCGTGGCCACCAGCGCCTGCGGGGCCACGACGACATCCGCATCGCAGAACAACACCAGATCCCCGTCGGCCTGTTCCCAAAGCTGTTGGCAGGCCCAGTTCTTGCCACGCCACCCCGGGGGCAACGGCAGCCCCTGCACCACGCGAAGCCGGGGAAATTCCCGGGCGCGTTCGCGCAGGTACGCAAGACTTCCGTCCACCGAGCCATCGTCCAGCACGAGCATTTCCCAGTCGGGATGCTCCACCCGCCTCCACGCGTCCAACAGGGAAGGGAGGTTCTCCATCTCGTCGCGCACCGGAACCAGCACGCTCACGGACCGGACAGGATCCGTCAAGTGGACACCCGATCGGATCCGAGGCGCCCGAAGACGATTGGCCAGCAGGACCCCCACAGCGGCGACGAGGGTCGCGACTTGCGCACCACCCAGCAACTCCAGCGGCGTCATCGCAGGATCTCCCCCGGCCATTTCACGGAGGCGTGTTCGGCCAGATCCACCAGCTCACGGTCCAATGCGTCCAGATGGGTCTCGAGGGCCGCTTCCAGCTCGCGAAGAGACCAGGACCCACCGAGTTTGCATTCCAGAGGAGCACCTGCCCAGACGAAGGCGTGGGGGCGGCGCGTGTTCAACGGTTCGATCCGAAGCGCGACCGGGACCACCTGCACCTCGCCCAGCACCGGAAGGATCCGTTCGATCCCGGATCGGAATCCCAGCGGCCTCGAGTTTGCCGGGCGGATGCTGCCTTGTGGAAAGTACGAGACGG
CP064986.1_gap4	162694	164032	1338	CCACCTGCACCAATGCCTCGCGGATCCCTTGGGGATCTTCCACGCAAACCCGCCCTGCCACCACCAGTTCCCGATCCAACCAGGTGTGGTTCAGCAAGCCCCCGTAGGTTTCCACCGACAATCGGCGGCAACCGCAGGAGATCAGCTCGGCATGGGGGCGGACGCGCAGACAGGGACTGTCGGTGTGGGCCAGACCCAGCGCCAAACGCCCGGGCCCATCCTTCGGGGCGATCCAGGCGACCACCGCCCCGCCTTCCACCAGGAAGCCCTTGGCCACCTCGCGAGAAAAACGATCGGTTCGGGAGACCTGCTGGAACCCGCATCGCTCCAGGCGTGCGGCGAGTTCGCGCGCGGCGTGCCAGGGAGAAGGGGACGATGCGAGAAAGGCGAGGAAGTCGTCGGCCAGCGACTCAAGCATCGTCGGTCACGCGGGCGGAATCCACATGCGAATACGATTCCAGGTCTTCGTTCTGCGGAATGGAAGGCAAACGCTCCAAGGCCCGCCAGGAATTGTCTCCAGTGAGGTACCGGTAGGATTGCGAGTCCAGGTCCACCGTCTTCAGGGCGCCCACGATCTGTCGGATCAATGCGTCGTAGGACACGTAGGTGAGCTTGCGCTCCTTGCGAAAGCCCAGGAGGTGTTTTTCGTTGCGCTCGATGATGACCAGGTCGCACGGCGGGAACACGGTGCCCACGCCGTCCTTCCAGGAAAAGGCCGTGAGCACGCGCCCCAGGGTGCGGCTGTGCAGGAAATGGACTTCCGGCACCACGATGGCGGGATCTTCGGTCCGCAGTTTGGCCAGAAGATCGTCGCGACGGCGAGAGTATTCCCACCAGCGCAGGTTCGCCTCGCGCGAGACCGCGTGGGGCTTGCGACCCTGCGCGATGGCGTCTTCGCGCACGTGCCGGTTGCCCAGCTCCCACAGGCGCTCCACGTGTTCGGGCTCCGGATCCATGGACAGGAGTTGTCCCGTGTCCGCGTCGCGGGCGAGCATGCCGAACTCGCGGATCATCCCCGCCAGGTAGTTGGCGGCTTCCCGTGCGAAGTAGGACGGCCGCAGATGGTTGATGGTGGCTTCCAAACCGCAAGGCGCCCAGATTTCCTGTTCCAACGGGTCCACATGCCGGTACGAGATCGAGAAATAGACGTTGGTGAGGGGATTGCGGTACCACCAGACGCGGTGGCCTTCCTGCTCGATGGGAACTTGGAACGGGGAAATTTCCGAAACCCAGGCCTCGAAAGATTCGAGGTCCGGGCGCACGCCGCCGACGGTCAGAAATTCCAGCACGAGACTCATGCTTCGGAAAATGCTTCCGAATCCCCCGAATGTCACCAGC
CP064986.1_gap5	173926	178909	4983	TGGACTGGCTCCGTTCGCGATCGCCCTTTTACCGCGGCTTGATCACTCTTCTCTCCTCTGATACACCAGGACTCCTCGTCGAAAAACATCCCTCCCTGTGCGGTGCTCCATCGATCTTCAAAGGCAATTTGGACAGAACACCTCGTCAAGGTGCGCCAACCTGACCGCCCATTCCTCTCCGTAGGCGCAGAGGTGCTCACAAAAACGAGTGTGATCACACTCTGTTGCCGTCCAGAACAGTCGCCCATGAAGACTCTTGGAAAAGGCAAGGCAGACAGGATTTGACAAGCACTCGCAACTTCAACTGTCAACGGAGAAAAAAAAATTCCAGAATGGCGTGCACTCACAAGAGATCAGGGACTTCTCCAGATTCGACCCCACGCGCCCCATCCGATAACCTTTTCGGGTATTCTTTATCCCATCGCTCAGCGATTCATAATTGACCGCAAATCACGGAGACTATCACTCCAATGGGGGAACTCGTGCCAAAAAAGATGCCGCTTTTTTCGAATCATTTGCCGTTATTGCTCGCCTTGGCTGCGACAAATACGATTCACGCCCAAACAAAAGGGTATGTACAAAATCCAAATGTAGATTACAAGCTTTTCCCAGGAACCAGCACGGTAGTCTATGCCGACCATGATGGCTGCACTGGTGCACCACACAACCCGAATCTCAAATGGAACATCTGGACGGACAATGTCCGCACTACTGAATCCGTCGATGGGCAGCGTTGGAGCGGGGATCGCATCGCGATTGAGCCAAATCGAGCAGTCAAAATTGACTCCAAGGGTGAAACGTTCGTGTTCGTTGGCGACACGAAAAATGAACTTGCCGCTTGCGATCCAGAGGTATACCTCTGGAACGGAACCTACTACATGCAATATACTGGCGCATCCGATTCTGGAGGCACGATTGTTTATATCGCCAGATCGTCATCGTTGAATGGCCCCTGGGAAAAATATTCCACCGATGGAACTTGGAAGGTCAATTCCGAATCACCCAAGCCCATCCTCCGAGGATCCTATCCCGCAGACCGGATGCTTCGCTATTATGGCTATGCAGGCGCAAATTGCTATAATGGCAACGTCGGGGGTTATTATGGCTTGGGACAAACCTCTGTAGTTGTTCGAAATGGAAACATCAATGTTTGGTATTCCGATGACCGCAGTTATCCAGCTCCTTCACTAGGAACGCTCAAATTTCTAACAAGCACATCTCCAACATCATTGAATGATGCCGCAGCCAAGCTACCAACATTCACCCGGGCGAACGGAACCAGATTCGACCAAACGTACAATCTCCTAAAAAGTCCACTTGATACCCTAGGCTACTTCAATGGAGAGCCTGTAGCCTTGATGGCTTGGACTTTCCAATCCATGGTCGTTCGCTGGTCGTCACAAAACAACAAATACTACCTGCACCTTCTTGCCAATCAAGGAGAGAGTCCCACTTGGCTGGTGCGCTGGGAAAGCACTGACGGATTCACTTGGACGAATCTCAAGTTCATCGCCAAGGTCAATGCGACCGCCCACAATGTTGGCATCACAGGAGATGCGAGTGGAATCATCAATGGCGATATCGCGGAAGTGTATTACTCGAATACAATGAAAACCACAGATCGTGACTGGAACATCTATTCACTGAAGTATTCCCTTACCACCGGCAAGCTAACCCAATCACCGACACTTGCGTTGAATGTTCCCCAATTCCGCGGAAGCAATCGCGTAGATTACCCTGGATCTTATGGATACGCCCCCTCGATCATCAAGCAGAACGGCAAGTACAGCATGTTCTACTGTGCTGATCCAGGAATCAATTCCGCAACCCCCAAACCTTAATCACTTGCCCCCAACAGGAGCGCAGGAATCATTGTGCCTTGCCTGCGCCTGTTTTTTCACCACAAAACCATTGAGGAAATCATGAAATCGATCATCGCTGCCGCTTTGCTTTTCACTGCCACATCTTTCGCCGCTGAAACTTGCCCTTCGGGAGGCACCCTGGAATCCGCAACCATCCTGAACTCGACCGCCTCTCTCAACACAACCATTGGCGATAATGGCACGACCTATGGACGAGTTATTGTTTATTCCAGCATCGGAGGGTGGATGTATTTTGATTTGGATAGCCGTCTTTCCGAGCAAATGTATGCGACCCTAGTGAAAGCAACAGAGCTGAAGCTCTCGACGACCGTCAATCGTTGTTCCACCCCCGACAACAATGTTGGTGGCGCGAAGAAAATCTATCGAGTCTCCATCGCACGCTAACGCTTGTGCAATCGATTGGATAAGGGCATCACCGATCGATCCAGGCTACCAGAAGAATGAGGGGAGGGAGATTCTCTCCCCTCTTCCCCGTTCTATGCCTCCGAAAAGGAAGTAACATGAAATTCAGCAGAAGACTTCGCACCATCACCACATTCATCGCAATTGCCGCAGGATTCTCTCAATCCGCGAAAATTCTCCTCTTAGGCGACTCCATCACCAAAGGCGGCCCCACCCCTCAGGGCGTTATCTTCAAACCATGGAGGGCTTGGCTAAAGGAAATTGCCGACCAAAACCTTGCCGGCTTTGAATTCGTCGGATTGAAAGACGGATGGATAGACCCGTCGCAGCACTGGTCACACTCAAATACTGGAACATGCTCCACCCCACGCGCCTATCTCTATCCTGCCCATGGCGCGGAATGTGGTCAAACGAGCGAATTTGTGAACTTGTGGCTTGAAGCCTCTTTGCCGGAGCTGCGCCAAACGCCCCCAGATGTTGTCGTGATCGCTTCGGGGACGAACAACCTCGGCGTCCTTAAGCAGACTCCCGATCAGGCAATTTCAGAGACGCGCAAACTCGCCCTGACCATCCTGCAAAATTTCCCAAAAACCAACCTCCTCGTTGCCCAATTGCTACCAAGAACTGACAACTATTCCGATCTCGTCCCTGAGTACAACAGGCGACTCCCTGCGTTGATCTTCGAACTCCAAGCCAAGGGGGCGAGAGTCTCGATCTTGGATTGGAACCAATCGATTGATCCCACAACCGATCTGATCGACGGACTCCATCCGACCGACCTCGGCGCGAACAAGCTTGCGAAAAAGGCCTACGCACTGATCGAGCCCAGCGTCTCCACCGGCGAGCGATGCCCCAATCAAGCGGGTCTCGAAACCGTGTACATCTCTGGAGGCTCCGGAGCCCTCACCGTGGGGCTCCGAAACACCCCTGATGGAGGTCTACGCTACTCATTCCTTTCCACGCTCAGTCCTGAATGGATGTACTTCGATGTCGGCAACTCGGTTCTCACGCGACAGCTTGCTGAAACCCTGACCACCGCCACCCAAACCAAGATGGACTTTGCGGTGTCGCGCTGCTCGACGGCAGATCCGATTATCGGTGCGAAAAAAGTCTATCGCATGACTCTAGCCAAATAGCCCGCAATCAGAGCCCTCACCCCAACCGATCCAACGTCTTGGCGATCGTCAGCAGCGAACATGCCTCGGCGGCAGTCACCACGCTCAGGCTGGCCTTCCGGAAGTCCTTGGTGTTGCGGGTCACCAGGTGGGTGCAGCGGGCGGTCAGCGCCGAGGCGTACTGGATCCCGTCTTCGTAGTCCTTGAACCCGTTTTCCATGGCATCCAGCAGAATTTTCTTGGAGGTGGGGACCACTTCCAGAAAGCTCAGGAGCGAGGCGATGGAGGGAAGGGGGTCTTTGCGCTTGTTCAGGTCGTGGAGGATGTAATAGAGGTTCGAAACCGTGATCCCCGACACGAACCCCTGAGCCTTGCCCGCTTCGATCACGGCCAGCAACGACTCCGCCGCTTCGGCATGTGGGGCGCGATCCAGCAGAAGATCCAACAAAATATTGGTGTTGAGAAAAACCTTCACCGCAGGTGCTTCGCCTTCAGTGCCGCCACCAGAGCACGGGAATCATCCGCGATCTCGCCCCGAAACGCACCCCGAAACGCACCCCGCAAGCTCTTCGCACGGCCTTGCGAGGGTGGTGACGGCTCGGCAAGTGTCTGGAAGAAAAGGTCTGTCAGGTGGGAGACAGTGGTTTCCATCCGCGTGGCGGCCAGCCTTGCCGCGCGATAATGTTCACGATCGACACTCAACGTGATCCGGGACGAAGCCACAGCGCACCTCCGATTGTACGTACAATATACGCTGAACTTGTATGCACAAGCAATGGCGCTTCGGATTCGCTGGTGTCACCCCGTTTCAGGGAACGGTCATGGGAGGCGCTGCAACAAAAGAAGACCGGACGACCGGTGCGATCTTCGTGCAAGCGCGTTGCATTCAGTTCTGCCACATCCTCATTGGAGATGCCGCTCCTCCAACTGAAAAACGGGACCGGAATCCGGCCCCGTTTTGAAATGTCGGTCCAATTCGCGACCGGATCGAGGATATCGGCTCCGAAGCCGAAGATCAGTCGTCTGAACCTACGACCGTGGCGGCGATCTGGGGCACCAGCTCCATCCGGGCAAAGGCGAATTTCGCAAGCTTTTCGGATCCTGCGGAGTGCGGATGCAGGCCGTCGTGCAGGTCTGCAACCGTCACCGCACGCGTCCAATCGATCACTTCCACAGGAATGCCTGACTTCCGCATTCCCTCGCTCCAGCCAAACAACTTCGCATTGTACTCGTCGATCTTGGGCTGGTAGGTGATCCACTGTGGATTGATGATCTTGATCTTGGCTTCATCGACCGGAAGCAACGTTGTCACATAAATCTTGGCGTTGGGAAGAGTGTTTTTCACCTCCTTGACCAACAGCTCCATTTGAGCAAGCGTTTCCGTGGCAGAACGTTGCTTCTGCGCCTCGTTCAAGTTTCCAAGGTCGTTGGTCCCGGAAGCAATGACGACCACATCAGCTCCTCCTGCATTCACCAAGTTGGGTTTCTTGGTCTTGAACCAGGAGAGCAGGCCATCGGTCGCGATCCCGCACTGCGCCCCGTGTGGCCCTGGAAAGGTTGACTTGGCAACGGATGACGTCATC
CP064986.1_gap6	268502	270195	1693	CGGGAGAGGGCATGCTTGGAGGCTCGCTCGATGGAATCCTCGTAGGATTCGCCATCTCGACGGGTCAGGGCGTCCACGGCCTCCACCACGGCGGCAGAGAACCCCTGCTCGCGCAGATCCTTGCAGGTGACGGCGGAATCTTCCACCACATCGTGCAAAGCGGCGACCGTGGCCGCTTCGACATCATCCCGGCAAGCGGCGACCACCTGGAGAACATGGAGTAGATAAGGCCGGCCCGCGCGATCGGCGGTGCCCGCGTGAACCTGCACAGCCAAGCGCAAGGCCCGGTCCAAGGGGTGCTCGGGGGAATCCATCCGTAGACGCTTGGTGTCGGATTGCATGGGCGGCAAATTTATCTCCTTCCCATCGATTACGATTGCTCTTGACATCTTTCTTTGGATCAGGTACCTTATTCCTATCATACCTGTATGCGGGATATGAATTGGAGGTCATCATGGCAGTGTTCGAAGACAACAGCCTTTCCATCGGCAAAACCCCTCTGGTCCGCTTGAACCGGATCGTGCCTGCGGGAAGCCGCGTGTACGCCAAGATCGAGGGCCGCAACCCGGCCTACTCCGTCAAGTGCCGCATCGGTGCCGCTCTGATCTGGGACGCGGAGCAGCGCGGCGTGCTCAAGCGCGGCATGGAAATCGTGGAACCGACCTCCGGCAACACGGGCATCGCCTTGGCCTTCGTGGCCGCTTCGCGCGGCTACCCCATCACCATCGTGATGCCGGAGACCATGTCCATCGAACGCCGCAAGATCCTGAAGGCGCTGGGCGCGCGGATCGTGCTCACGGAAGGCCCCAAGGGCATGAAGGGCGCCATTCTCAAGGCGGAAGAAATCGCTGCCAGCGATCGCAACCGGTATTTCCTCCCCCAGCAGTTCGAGAACGCCGCCAATCCGGAAATCCACGTGAAGACCACCGGCCCGGAAATCTGGGAAGACTTGGACGGCGGCATGGACGTGCTGGTGTCCGGCGTGGGAACCGGCGGAACCATCTCCGGAATTTCCAAGTACTTCAAGCAGGTGCGCGGCAAACAGATTTTGTCCGTCGCCGTGGAGCCCGCGGAAAGCCCCGTGATCACCCAGTTCCGCGCCGGAGCGGAAATCAAACCGGGCCCGCACAAGATCCAAGGCATCGGAGCCGGGTTCATTCCCAAGACTCTGGACACGTCGATCATCGACCGCGTGGAATTGGTGACCTCCGCCGAAGCCATCGAATTCAGCCGACGCTTGACGGCCGAAGAAGGCATCCTCTCCGGCATTTCCAGCGGCGCGGCGGCGTTGGCGGCATCGCGCTTGGCCTCCGACCCTGCCTTCGCCGGCAAGACCATCGTGGTGATCCTCCCGGACTCCGGCGAACGCTATCTCAGTGGCGCCCTGTTCGAAGGAGCCTTCGAGGGAATCGACACCGCCGGAGCCGGCGCGATCCTGTAATCGCCCTCAAGATCCAAACGCCCGGTTGTCCTCATCGGACAATCGGGCGTTTTTGTTTGTACGAACCCTTTCCTCTTTACGGATACTTCGCCTTGGGCAGCTCGAAGTGCGGGCCGTCGGTGAATGCGCGTTTTCCCTGTTGGATGCAAGCCTGCGTATAGGCGGCCACCAGATGCTCGGTGGAATCGGTGGAATTGGTGAAGTCCACGTCCCATGCCCCGCCCCAGCGGATGGGGATCTGGAGTTCACGAG
CP064986.1_gap7	349468	351973	2505	GGGACGCGATCGATATCGCCAATACCCGTTGGCCGTTCCATGAACCGCGCCCCCCGGACCCCCGTGCCAGACCTGCTTGATTGCCGGATTCTGTCTGATTGCCGATTTCCGGCATCGCTTCGCTGGCCGGGAGGGGCTGGCAGGGTGGCGGGCGTCTGGCGGGCGGGCGGAATGGACTGGGGTGGGTAAGACCTTCCGACGCGTGCGAATGCAGGCGGCGGTTGGAAAGCGAGGACTTCAGTCCGAAGCCCAATGGCCAGGGATGCATGACGTATTCAAAGGATTGCCGCCGTTGCCTGCGGGCCGGCGTAGGGGCAATCCTCGGATTGCCCTGAAACCGGAAACGGACGGAATGCAACGGCAGCGGCGCAGGCTGTCTGTAAATCGATAACTACGGCTATTGGGGCTTGCGGGGTTGGATGGACAGATTTTGGAAGACGGTGTCCTGGTAGGGGCGGGGGCCGATCTGCGCGAAGTGGCGGCGGGCGGCGGCGAGAGGGTCGGGTTGGCGCAGAAAGCAAGAATCGAGGAGGTTTAGGGAGTTTTCGCGCCCCCCCAATGAACTCGTTTCCGATGCCAGATCGAGCGAGCGAGTGATCCATGCAGCGGCCGAATCGTATCGGGCTGAAGCGAAGTGATGTTTCCCGATCAGCAGGATGGCTATGGAGAACCACCGAGAAGTGGGGGGCCGAGCTGCGAGTTCTCGCAGGTACACGAGCCCGGAATCAGCTTCTCCACGAAGGTCGTGGAGGAACGCCATTCGATAGAGGATGATGTCTCGACGCGCCCCATCGGGCAACGAATCCAGGTAGGCTCGGTGGGCCGCGAGGCCCTCGACATGCCGGACCTTCAGATTCGGATCTGGCTCCTTGGGAGGGGGGCCACAACTGTCGTCATCCACCCAGTTCTGGCGAGCTTCCGTTGCTGCTGCGAGTGCTCTGATTTCACCCTGATACGTCATTTCGGCGAAATGGAAGAGGGCGTCTTCATACTGGCGAGGATCTGGCTCGGACCCTCGAGGACTCGACTTGATCAACATGGAACGGTAAAGGAATCGTGATTCCTCGCGGTGACCGAATTGAGGATCGTTGCAGTCGGAACAGAGCGAATCGATCCGTCGCGAGAGCGCATGAAACTTCTCCTCTTCTCTACGGATCTGTCTTCGCAGCGAATCCAGCTCACGCTTGCATCGCGTATTCGCTTGGCGCCCGCATTCCCGCTTTCGTCGTATTCCGATCTCGTTGATCCCCTTGATGACCTCGTTGATCCGTTCCTTTGAACGGAGCGCTTTCCGAACCACAAGATCATCTCTTAAAACCCTCTCCCCCCTCACCATCAGGTAAATGGAATCCGGGTTGTGCGAGCGGAAGTGGAGGAGCACTTTGTGCGTGCGTTGTGCTTCCGAGTCGAGGGCGACACGCTGCCAGGCGGATTCCTCGAAGGAGGCGGAAACCTTGGCGTGGATCGGGAGGTTGGGCAAGGTCAGCGGGGTCTCGCCTACGTCCTTGCAATCGACGCGAATCTGGGCTTGGATCGGTTTGTTTGTGCGGTCGTCCACGGCTTCGATGGTCAAGCGAAGGGAATGGGCGGTGTCGATGCGCGGGGCGGTTGCACCGAGGGTCCACCCTAGAATGATGGCGATGGAAAATCCGATGGACACACGAACCTCGCGGGTCGGAGATGTTTGACCTCTTCAAGAGCATTCTACATGTGCATTCCGGCTTTGCGCCGTGGTTTTTCTTCGGCTGCGCCGGGCTTTCTTCCGGCTTTGCGCCGGGGGCTTCATTCGGCTGCGCCGCGCTCTCCCGGGGCGGCCCGGGAGGCCGTTTCTCGGGTGCATCGGCACCCGAACCCCGACCCAGGGGACGAGCGCGCGTCCCTGGGAACCCGCGCGCCGGGGGGCGCTAACTGGAACGGCCATGCCAGACCAGCCAGGTGCGCCGGGTGGGATGATCGTCGGTGGACGTGGCGAGATCATCAGGGACGCGATCGATATCGCCAATACCCATTGGCCGTTCCATGAACCGCGCCCCCCGGACCCCCGTGCCAGCCCTGCTTGATTGCCAGATTATGTCTGATACGGGCTATTGTTGGCCCCGACAGCTGTCGGGGCTTACAGGTGGCTTGGGGCTGTTTATCCCATGCCGCTGCCGGACTGGATGAAGCTGAGGGGCGCATTTTCCTCGCTTTTTGGAAAGGAGGTCAGCGCAGCCCCTGTTCGAGGGACGACTTCGCATGGATTGGCCGAAAGAACGTGTCGACTTCGCGCCAGCTGGTGATGCACCGGCTGACGCGCAAGGCGCGATCCCAATCCATACTCCTCCAGCTCTCGCGACTCAGCGCGTGGTACCCGCAGGTGCGCAACAAGCTGTCCGGAGGAAATACGACCCTGCGAAGCAACCATCCCTCGCTCGACAACTCTTCCGTGCGGAATTCATCACCCATGTACCAGCTAAACCGATCGCCAACCGTCGTGAGCGTGATGAGCGTTTCCGAAACGGAGAA
CP064986.1_gap8	460429	463092	2663	GAATCCATTCGCCGCACAGGCTAGGGTCTTCCCGGGTACGGATCCGGTCGACACCCGCGTGGTTTCTCGAAGCTCTATCGGTTCACATCCTTTCGCGTTACGGCCTATGATCTCCCTGTCTTACGCTTCACCCTGCCGTCACCGGCGCGATCGGGCGCAAAGACTCGGTTGTGGACAGGGTGCCAACCCGCCCGCGTCGGATTTCCACCGACTGGATATTCGCGCCTTGGCCTGGCGCACCCGTGACCCCGGCCCAAGGGGCACTGGCGCCCCTTGGGGATCCGCCACCGGGGGCCGCGCCCTGGAACGGCCAATGCCGCTGGGGCCAGGGCTGCGGCGGGGATGACTGGCTGATCAATAGGCAGGATCATCAGGGACGCGATCGGCATCCCGGATCCGTTTGACCGTTCCACTAAGCTTGCCCCCGGACCCCCGCCAATTTCTGTCGCATTTCGATTTTGTTTCCGCATTTTTTTCTTTCTGCGAAACACTGCGGGATTATTGTGGGGACTTGTCTTTTATACAACGGGCGATGGTGCGGAAACTCCGGGAGATGCCATTGCTCCGTTGAATTGTCTACCGCTTCCATGGGACAATGGCAACCATGACCTTGTGGAGACCAAAGTCGCCGGGGGGTGCGTGGGCGTTTTGGAAAAACGTTCCGCATTCGGACCGTTCAGACGAAAGGCTGCCTGTGCCGGCCTTTCACGGAATCCTTTCGCGACTGGGGTTCACGCTGATCGAGATGTTGATCGTGCTGGCCATTGTCGGGATCCTCACGACCATGACCGCCATGGGATGGACCAAGGTCATGAATCGCATTTCGGGCAAAGGAGCCGCCTATCAGGTTCGCGACGCGCTCACTTCCGCCCGCATGGACGCCTTGACCCGCAAGCGCCACTCCGGGGTTCGATTGGATCCATCCGGATTGCGGTTTCAGCTGTTCGTGGATTCCTCCGGCACGGGCGCCAACGGGCGCTACGATTCCGGTGAAACCATCCTCCATCCCTGGGAAACGCTTCCTTCCCAGCCGAGTTTCGCATCGATCAGTTCCTCCGTCTCCCCCGACCCGACTCCGCGCTCCTGCAAACAGGCGGCCGCTCCCGCGATATCCTCTTCCCAATCCGGGGTGTATTCCATCGTGTTTCGCCCCGACGGACGCTCCTGGGCCGGCTTCCAGGCCAAGCTCGTCCCCAAGGGGTCCACCGACACCGTCCGCATCGGGGTCCTGCCCTCGACCGGCCTCATCACTTTGGAGCATTGAACATGGCCCGCTCCACACAATCCAAGCGCCGTGGCCTGAGCCTGATGGAAGTGCTGATCGCTCTGGTTCTGCTGGGAATCATCTCCTTGATCTTTCTGCGGACTTCCACCACCTCCATTCGCAACACGGGAAAAGCGATGGACTGGCAGCTGGAAACGGTCGTGATCGAAAAGACCGTGGAAAACCTGCGCCGCTGCCAATCCGCCGCCCACCTGCGCAGCATCGACAGCCAAGCCTACGATCGAACCGGCGACGTGTCGGTTTCTGTCCACGTGCTGGGCGCACCCCCGCCATCCGGCACCTGCCCGGGATTTCCCTGCGACAGCTTGGCGCAGATCACCGTGACCGCCAAGCGCGACGCGTACCCGGATTCCCTTTCCATCACCACCTTCCTGTTCACGAAAAAGCCATGAAACGGGCATTCACACTGCTGGAAGTGCTCGTTTCCATCGTGCTTTTGGGCATCGTGGCTTCGATGGCCATGTACGTGTTCCGGTCCCAGCACCAGAACTTGCAATCGGAGGCGGACCACTCCGAAGTCGGCATGATGGCCATGGGAACATTGGACGAGATCAGCCGCGCCATCCGCATGACCGGCGGAGGCATGCCCTTGGGGGTGGGCGGCATCCGCACCTGGAGCACCACCACTCCCGCCGTCACCTTCGTGGTGAACCGCTCCCGATGGACCGACACGGCCTCCGGCTACTCCTATGTTCCGGGAAGCCGCCGGCTGCGCCTGGCCATCGACAGCGCCTCCAAGTTTTCCGATGCGGGATACGCCTACCTGAGCCTGACGACCCCGAGCATCCCGGGATCCACCGGGGTTCCGTCGATTTCTGTCAACTATCGACTCCCCATCGTGGATCGCGTCGCCGGCGGCAACGCCTGCACCACCGACTCCCTGGTCCTGGACGCGGGCATGCTGGTGGACCCCCCCAACAACTGGACCAACGTGGCGAACATCCAGGTGGCCCCCAACAGCCTGGTTTACAACATCGACTCCGTTTCCTTCCTGAAGTCCAACGACACCCTCTACACGTGGGCCAATCGATCCCCTCGAACCGTGTACGCCTTGGGAGTCGACACGTTCCTTGTGCAGTACCACCATCCCAACGCGGGGTGGGCGAATGGGCTCTCCTCCATCTTGCCCAGCAACGCGGTGGACATGGTTCGAGTGCGCGTGGTCATCCGCAACCGTCGACACAGCCAATGGCTGGAGGACAAGAACCCCGGCTCGCGAGGCTATCGATTCTTCCGACTCGAAACCGAGGTCAGTCTGCGCAACGACAGCTTGGTCAATCAATGAGGTGCCGCGTGGAGCCCGATTCGCCTTCCCACTCGAACGTCCGCAGGGGCATGGCGATGGGGATCGTGATCCTGATCGGGATCGCCGTCCTCG
CP064986.1_gap9	496503	497852	1349	GTGTCCATCGAAGGAGCGTCGGCGCACGACTGGGTCCTGCCCGTCTCCAAGCGCCTGTACAAAGGATTGCCGTTGGTGATGGACGCCAAGTACCTGCAAGGCGGAACGCGCACCGTCAAGATCCAGGGCACGCGTCGGGGCGCAGCCTGGAAAATGGAGCGCGACATTTCACTCGCCCAGGAATCCTCGCTGGCCTGGGCCGTCCCCAAGGTGTGGGCACGCGCGGCGATCGGCTGGCTGGACAACGACCAAGGCACGCGCGATACCTGGAAGGATTCGATCATCGCGCTTTCGTCCGCCTACCAGGTGCTCTCCAAGTACACGGCCTTCCTCGCCACGGAGGGAACGCCTGTGGAGCCCGGACAATCTCTGTCCACTCCGATCCCGATCTCCTCCCTCCTGCGCGAGCGCCAGAACGTCCAGACCAGGAGCCCCTCCATGAAGCTCGACATCCGCCAAGGTTCCGGCAAAACCCTGTTCTCCTGGGGAAGCCGGGAGCAGGCGAAATCGCTGCGAATCCTGGATCTGGAAGGGCGCCTGGTTGCCGAGTTCCAATTCCAAGGGGCTCTCGGGCATGTCGAGTGGGACGGCGCCGATCGCTCGGGACGACGCCTGCGCATGGGCACCTACGTCGCGGAACTGGTCACCTCGAGCAGGACCATCCGCCAAATGTTCGCCTTGACCCACTGAGGATTCACCACGCCATGCCGAGCACCGCGTTGTCGATCAGGCGCGTGGTGCCGTAGCGTCCCCATATGACGCTTTATTGCTGACCTTTAGCCCGGAAGTCTCTCGGCTCCATCATTGAAATTCCAACATTTCGTAGCGGATTTTCAATGATGCAGAGACGACCGTCAAACGCTACGCCCACCTGCTTCAAGACGCTCTGATGGTGCGATTGCTCGCAGCCCTGGCACATCAAGATGGGGGCTTCGAGGGAAGATTTCGCTCTGGAGCAACGAGGAAGAGCGTGTGATTGAAATGCATCAACGTCATGAACGTTGATATATTAAACGTTATGAACGTTGATGATGTAAACCGCTGCCTTTCGGAAGGCCGGATTGATGTTCTCGGAGTCTTTCCACGTCTGGACGCCCTCGGTGGACGAAAGCTGGTGTTTCGGACGGAATTCGGATTGGACGAACTCCCCGATCAGCCTGGCTTGATCCTGGTCCGTGGTGCCCGCCAGTACGGAAAATCAACCTGGTTGGAAGGCCAGTTGCGAAAAACCATCGAAACCCACGGTGCGGGATCTGGTTTTTTTCTGGATGGCGACCACTGCCGCGATGCCGATGATTTGTCCCGCCGCATTTCCGATGTCGCATCCATGTTCCGGAAGGATGCTTCGG
CP064986.1_gap10	551619	556020	4401	GCTGGTGGCCGACGAACCCACCACCGCCCTGGACGTGACCATCCAGGCGCAGATCCTGGAACTCCTGGCGAACCTTAGACGAGAATTGTCCATGTCGATGCTGTTCATCACCCACGACCTGGGCGTGGTGGAACGGGTGGCGGACCGTCTCGCGGTGCTCTACGCGGGCCGGCTGGCGGAAGAAGGCCCCGTGGAGGATGTGCTCGCGCATCCGCGCCACCCGTACACGGAAGGCCTGCTCGGCTCCGTGCCCGGATTCCGCCCGCGCACGGGCCGGCTGCGCTCCATTCCAGGACAAGTTCCGTCCGCCACCGACTGGCCCGCAGGATGCCGGTTCCACCCGCGCTGCGATCGCGTCCAGCCGATCTGCCGCACCGACGAACCCGGACTTTCCGGAAACCGGCGCGTGGCGTGCCACTTCCCCGGCGAGGATGCGCGATGAGCCTGCTTTCGGTGCGGAACCTGCACGTGTCGTTTCCTGTCCGCGGAGGCTTCTTCGGTCGCGTGCAAGGCCGCGTGCGCGCGGTGGACGGCATCTCCCTGGACCTGGCCGCGGGCGAGACTCTCGCGCTGGTGGGGGAATCCGGCTGCGGAAAGTCCACCACGGCTCGCGCGATCCTGCGCCTGTTGGATCCGGATGAAGGCGAAATCAAGATCGAGGGCCAGGACCTGCGAGCCATGGGTTCCCAAACCCTGCGCCGGTTCCGACGCAAGGCGCAGATCGTCTTCCAGGACCCTTCCGCCGCGCTCAACCCGCGGCGCACCGCCTTCCAGGCCGTGGCGGAAGGCCTGCGCACCCACGACCTCGCCCCGCGCTCGGCCCTTCGCGAGCGGGTGCTGGAGTTGTTCCACCTGGTGGGCCTCTCCGAAGAACACCTCGATCGCCACCCCCACGAATTTTCCGGGGGCCAGCGCCAGCGGATCGGCATCGCCCGCGCCTTGGCGGTGGAACCCGCCCTGTTGGTGCTGGACGAGCCCGTCTCCGCCCTGGATGTTTCCGTCCAGGCCCAGGTGATCAACCTTCTGGAAGACATCCAGGAACGCACCTCGGTGGGCTACCTGTTCGTGGCCCACGACATGGGCGTGGTGCGCCACATCGCCGACCGGATCGCCGTGATGTACCTGGGGCGGATCGTGGAGACGGGTCCGACCGAAGAGATCTGCACCGCCCCCCGCCACCCCTACACGCGCATGCTCATCGCCTCGGTTCCCGCCTTGGGCGGAGACACCTCGCGACTGCAGGAGTCGCGCGGCGAGCTGCCCTCGCCCCTGAATCCTCCCTCCGGATGCGCCTTCCATCCGCGCTGCCCGTTGGCCCGGCCCGAGTGTTCCCTCGTGCGCCCGGATCTGGTGCTGGTGGACGGAAACCGTCAATCCGCCTGTCCCGTGACAGCTCCCTGAGCCGTCTCCTTCCCGGACAATTTCCGCCCCAGGACCACCGATCATGATGCTTCGGCCCCCACTCCCCCACCATTCCCCCCGAACAGGACTCCTCGCGGCGATCCTGCTGCTGTCCCTGGCTGCCTGTCGCGGGAGGAACGACGCCGATGCCACTCCCGGCGCCGCGGATTCCGCCCTCCGACCGGCTCCCGTGGACACGGTTTCCGCCGTTTCCGCCACGACAGCCTACGAACCGGGTGACCATTCCGGGATCGAGGAATGCACCGAGCCGCGCTGGAGCGGAACCGACTCCGTCCTGGCCACCCTCCACTGGAGCAACCCAGGGCGATCCCCCGACCTTGGCGAAATCCTGCGGCGGAGCGAAGAACTCGTTTCCGCGAAGATGAGGATTTCACAGCGCACCGGCTGCCGGCCACACTCGACGCTGTCGCTGGCGATCCCCTTCGAGGATTCCCTGGTCGCTTCGATTCGGTCCTACGGCTCGCTCCTGGCCGCCCCCTCCCCATCCACCTCGACCTGGCCCTCTCAGACGGATTCCGCTCCCTACGTCGACTCCAGCATGGTCGCGGGCCTGCCCAAGGTGGCCCCCTCGAAGACCATCGGAGGCAGAGCCCACTTCTTCCTGGGCGGGTTTCCGCTCCTTTCCAAGGAGCTCTCCGAGCAGGGGGCCGCCCTCACGGACCTGGACGGAAAGCCCGAGTTCCGCTACTCCACGACGCTCAACGCCGCCGCGAACCGGCTTGCGGTGGCGATGCGGGCGATTCCCGGCACGCGATTGGACGTCCGCCACGGCCCCTCGCTGGACACCTACGAATCAGGCTCGTTCGGCGTCGGTCAAATCGGCTCGCTGGACCACGTGGCGACCACGATGGTGCGCGCCTGGTTCCTCACCCGGTCCGGACCGGTTCCTGCCCGAGTCGTTTCCGTGCGGCACAAACTGTTCCAACAGGATCTATGCGTCTCGCATCTTCCACGCGCGGTGTTCGCCTCGGCGTCGGCACCCGGCGACGACATCCTCGGGATCTACATCCCACAGGACGGCAAAGCCCCGGCGCGCTGCCAGGTCGCCCGCTCTGGAAAACTGACCACCATCGATCTGGACGGGGACGGAATCCCGGAATATGCCGCCGTCGTCGAGCCGTTCGAGGCAATCGCAGGAGATATGCTCGACCGCGCGGCATGGTTCGTCAACGAGGGAGGCACCTGGAAGCCCATCGATGCGGGCAGCCACGAGGACTGCACCTGATCCCGTCCCAAAAAGGCCTCGCCCTGGACTGGGCTCCGTCGCTGGTTTTCCTGGCCGTGCTGGCGGTTCCGCTCGCGCTCTCCAACCGCCCCGTGCTGGTCGTCTCCGGCGAGGACTCCCTGGGCACCTGGCTGTCCGGGGCCATGCTGGTCGCCTGCTGTGCATTTTCTCTGCACTTGTGGAAAATGCGTGGCGCCCGGCCTTGGAGCCCGCTCGCTTTGTTCTTTGGCCTGCTCGCATTGGATGAACGGTTCATGTTCCACGAATCCATGAAGGAACGGATCCAAGTCGGCTTTGGGGACATGTCGCCGCCAAATATTGTCTCCGAATTCCCGGTGATCGGCGGTGCTTTGCTGGGCATCGCCGTTTGCTGCGCGCTTTGGCGGAAGCTTCCCTCCAAGGGACGCGCCCTTCTCGTGTCGGGGGCGGTGCTGGGCGCCGCCTCGGTGGCCATGGATGTGCTGCACCAGGGAGCCCTGCCGGAGGATGCGTGCAAACTCCTGGCCGAACTGTGCGTTCTCCAGGCGCTGTGGGCAGAAACCGGAGCCCTCAGGGCTTGAACTTCTTGCCCTGCTTCAGGACAAGAATCGTCACACGCCGGTTTTCCGGAGCGTACGGGTCTTCCGGTTGGGCCAACTCGGTGTCGCCGTAGCCCACCACCGCGTTCACACGCTCGATCTCCACTCCACCGTTGTTCAGACGCGTCCGCACCGCGTTGGCTCGGTCGGTGGACAATTGCCAGTTGGTGTAACCCTCCCCGGAATAGCCGTGCTTGTCCGTGTGGCCCGCGACCACGACCTTGTTGGGGATCCCCGAAAGCGTGTTCGCCAACTGCCGCAAAGGGGCTTCCATGCGCTGGTTGATTTCGGCCGACCCGATGTGGAACGTCCCCAATCCCTCCGCATCGGAAATCTCGATCTCCAGCCCCTGGTCCGTCTGCTTGGTCTTGAACTGCTTTCCCAACTGCGAAAGGAGACTGTCGTTGGCCAGAAGGGAATCCAAAGCCGCCAACTTCTCCTTCTCCTTCGCCTCCGCGTCCTTTTCCGCGTCGCGGGTGGATTTCCCGTCGTTTTCGCCCTCCCTGGTCTGGGCGCGGGTGTTGCCCCCCATGTCCATGGGCGAAGCCGATCCGGCGCGGAACAAGGTGGGATTGCGGAAGTATTGCGCCACGGCTTCCTTCTGCGAAGCCGACGTGCTGGAAATGATCCACAAGACCAGGAACAGCGCGAACATCGAGGTCATGAAGTCGGCGAACGCGACCTTCCATGCACCACCGTGGTGCGGGTGGTCGTGCTTTTTCTTCTTGCGCGGAGGCGGCTGGTCGGAGCCCTTTTCGGACATGTCAGCCCTTCTTCGCGGCGGCGTTCAGCGCGTTGAGGTCCGGACGGAAATTGTGAAACAGAGACTTTCGCGCCACTTCGATGGCCACCATGGGCGCCAAGCCTTGCGAAAAGGCGCGAAAGCCGCTGGCCAAGCAGGAGAGGTACATCTCGTCTTCCACGTTGACCGTTTCCAACTTCTGCGACATCGGGCTGATGAACCCGTAGGCGGAAAGCACGCCCAGCATGGTACCCACCAGGGCGGCACCGATGTGGTGGCCCAGCTCGGCCGGAGAGCCGTCCAGGTGACCCATGGTGATGATGATCCCCAACACCGCCGCCACGATGCCCAACCCGGGAAAGGCGTCCGCCATCCGGGAAAGGACTTGGGGCTGCATCTTGATTTCCTTTTCGTGGGTTTCCAGATCCGTTTCC
CP064986.1_gap11	565753	570238	4485	AGCTCTCGCCGACATCCGGTTGCGACAGATCCGAAAGATCCACCGGAAGCCCGGGCACCCGTGCTTCCAATCGCGAAACCAGTTCGCCCTCCAGATCGCGCGCCGCCCATCCGAATCGCTCCAGGGCCTGGTTGGACCAGTGCACCATCCGGCCCGACGACTCCAGGATGAAGTACGGAGGCATTTGCCCTTCGTCGGAGCGCCCCACGCCGGCAAGCATTCCCCAAAGTTCCGGTGCGAGTTTGGAGGCAGGAATGCCGTTGCGATCGATCACCGCCTGGAGGTCTTCCGGACGAACCTTGCGGCGCCCGAGTCCCACCCGTACAAACGGCAAAACACCGGATTCCATCCAGTTGATCACCGTCTGGGAAGTGACTCCCAGCAGTCGCGATGCTTGGCCCGTGGTCAGCACGGACCAAACATAGCGACCTTCCAGATAAAGATTGAGTTATTTGCGGATCCAGCCCACTCGATCCACCTTGTTGATCCACTTGCCGAAGGTGTCGCCTTCGTGCTTGCGGATCAGCGTGCGGACGGTATAGACACCGGATACCACGGGCTTGCCGGTTTGCGACAGACCATCCCAGGCGATCCACGCTTCCCATTGGCCGGCCGGATCGGACGGAATCCGTCCATCCTCGAAAGCCTTGACGATGGGATCCAGGGACACGTTCGCCACGTGCACGCCCAGGTTGTCGTAGATCAGCACCTGGCCACCGTATCCGAAGTTCGCGAGGATCTTCGGCCCGATCCGCACGCGGTTGGGATCCACCGGCAAACCATCCAGATCATGCCAGATTTCGGCACCCGGTTCGCGCACCAGGATGCGCACCGGCGGATTGCCGTCCGACACCGGGACCGCTGTCGGCTGGGCGAGGCGCCCGGGCAGGAAGTCCATGGAAAACCGCGGCGGACGCGTTCCGAACTCCACCTTCACGCGCCGTCCGGTCTCCAGCGCCGGATTGCCCAGGGCGTCCGTGGCGCCAGGCCAGACCTGCAACGAATCGCCGCGCATCATGCGGGTGGACAACGTCGAGACGGGATCCAGAAGGACCATCAGGACCTTGCCATCAGGGGTCTGCTGGACCGTGACCCCGGCGACCGGATCCCAAGTGCCGTTGGCCCGGCGCAACCGCACGAAGTTCACGCCCGTTGGCAGCACCGTCTCGGAGAAGTTCACCCAGAGCGTGTCCAGTTTTTCACCGAAAGCGGCATAACGCAGTCGTGCCGACATCGCCACCGGGCCCACGCCATCGGCGAGGGCGAAGGGCAGGGAGTCGACCGTGCCATCGTCGTAGCGGTTCACTTGCAAGCCCGTTCCCGGCCCGACGGTGGAGGGCCCAGGCCAGGCCACCGAAAGTGTCAACGTGCCGCCGCTCCACACACCTGCGGAGCTGTCGACAGGATGCGACAGGATGCGACCCGACGCGTCGGGCCAGGCCAAGGAGAAATCGTGGAGCTGCGAAGGCCGCGACGCCCAGGTCAAAACGACCTGATCCACGTTGCCGTCACCATCGGAGTCGATGGCCTTGGCGGTGGTCGGCGTGCGATCCCCCACCTTCACAGGCACCCAAGGAGCGTTCGGTGCTGCCGGATTGCTCGACCGATCCACCCACGCCCCGAAAGCCGCACCGGCCAATCGAAGCGAATCGCCAGCGATGACAGATCCTGACGGAATGGCCAATGTCCAGCGCAACGGGTCCGCGTTGGGATGCCGGGAAGTGGCGGCAGGAAGGACCACCCCGCTTTTCAGCAGCAGATCGCGCACGGCACCGGCACCTTCCGTGGCGGGTTCCGACAGGCGCAACACCAGGGTGTCTCCCAGTGTTCCCACACGCAGGATCGCCGAGCGCAAGGCCGGCCCCACCGAATCCTGCGCGACGATGCTGTCGAGCCGACCGGACGCACCGCTGCCTTTCAGGAACTGGACCATGCCGACGCCGCCCGACCGGATGCCCGTGCCCGCAGGCGAGGGCAACACCAGGGTCCCCACCAGCACGGAGCTGTCCGTGGGCAGACGCTGGACGTTCGCCAGGGGCACCGTGCGGGGAAGGTTGTCCCACAGCACCACGAACGAATCCGGCATGTCCTGGTCGCGGACCGCCCGTGCGAAGCGCACGCTGATCGATGTGGCCGATCCGATCCCCGAAGGATCCGTGATGGCCGCCGAAATCATGGGGTCGGGCTTGGCGCGCACCACCAAGGGGACCGCCGCAGCGCAAGTCGCCAGGGCGTTTCCTGCCAGATCGCGGACAAGTCCGGCCGAAGCGACCCCCATCATGGAGCCTGCCGGGAACGCGCTACCCGCCAACACCCATTGCACCAAGGTTCCGGACAATTTTTGCACAGACACCACGGAAGTCGGCGCGGTGGCACCCGCCACGGAAAACGGCCAACCGGAGGGTTGGGCTACGGGCTCGGAAAACTCCACGCGCACCGTGTCGGTGCCGGCGCCGAACCGTTCCATCACCGCGGCGGAAAGAACCTGCGGCTGGACCCGATCCTGCACGAAGAAGGAATCCAGGACGATCTGGTCGCGACCACCGGTGGTCACATGCAAGGCCAGCACGCCAGATCCCATCGCCGATCCATCCAGACCCGCCGGCACGGGAAGAAGAACGTTCCTTCCGGAAGCGACGATCGAAGCGGCGGGGATCGACAAGGGTTTACCGGAAAGTGTCAACGTCGCCGATTGCACGACGGCGCCGGCGTCGAGGGCCATGGACAGGCGCACCGCCACGGAATCCGCGATGCCGTCGCAGGAAGCGTCCGTGGTCCAGGCGCTGTCCACCAGAGGCCAAGGCGGGGTGGCGACGAACCGGACCACCAGGGCGGCATCGGTCACCACGGCCCCCGCGACCGTCGCGGAGGCGGTCAGGGCGGCGGTATCGGCCAGCGCATCGGAGAACCAGACGGTCCCGACGCCATGGACCAAAGCGATGGAGGTGGCGGGCAACGCACCCGAGACGCCCGACCAGAACTGGACCGAAGGAGCGCTGGAAGCGAGATGGACCACCGCCGAAGTGTCCAGCAGGGTTCCCGCCGAATCCACCAAGGTGACGGAGGCGGATTTGCGCTGTCCCCCGCTCCACGCGTCGATCGGGCCCGCGGGGGTCCAGACCAGGGCCAAGCGGCGCGGGGGCTTGTCTGTGAAGCGCACCCACACCGATCCGCTGGTGACGGAAGAGCCCGCGATCGCGGCCGAAGCGTTCACCCGCCCGGAATCCACCACCGGGCTGGATACCCACACCTGCGCCTTGCCCCCGACCAAGACCACGGAGCTCGCCGGAGCGCCTCCGGTGGCGGTGGTCCAGAACTGGAGCCCCGGATTGGCGCTGGAAAGGGTGACAAGAGCTGTCGTATCCAACGTGTCGTTGGTCGCGCCGAGGAGCGCCACCGTGGCCAGCGCGCGGGAAGAGGTCCAGGCCTCCACAGGACCCGCCGGATTCCAAGCCAGGTGCAGCGGACGCGGCGGAACCTTCATGGTGTCCACGTTCACCAGGTAACGCTGCCAGGCGCACCCGCACAGCGGCGTTTCGCGATCGGCCCAGAACGCCCATTCGTGGATGTTCAGACCCTGCGGGTCCGGGAAGGTCTGCGCGAAGCGCACGGAATCCACGCGATTGGAAATCAAGGTGGTGGGCACGAAGGCGGCGCTGTCGCGCTGCACCTGCATCAGGGCCACGTCGGGCTTGCCCCAGGTGCGCCCCTGGAAATGGACCATCAGCGAATCCTGACGCACCGAAGTGGCCGGGCTGGGCAGGGGCTTCTCGAACCGGAAGTCGACGATTTTCGGCTGCTTGGGGAGATCGCCGTCGGGCGTGTACCCGAAGATGTGCACCCCGTTGTAGTAGCCGCCGATGTAGGGATTGTCCACGTAGATGGGCGTGGGCACCCCGTTCCACATCTGGACGTCGTCGGGTCCCGGCCAGAGGTGCTTGAGGTCGATCCCCGGAAACGCCACGGGGGCGGCGCGTGGCGCGACGGACCAGGCGTTCGCGAAGACGGAAAACGGCACCGGCGCCCAGTTGTTGTCGTCCATCTTCAGATCGAACCGCAGGCGTCCCGCCACGGGGAGCGTGTCGGCGATGTGGATGGGCAGATACCAGGAATTCGCCACGCCCGGCACGGCCACGGCCGCAGCCACCGTGATGTCGGGGCTCTTCGGGATGACGGTTCCTGTCACCCCGAAGATGGCCTTGTCCGTGACGTGGACCGCGATCTTCGCGGCGGTGGCCGCGTCGGCGGTGAAGTAGAACCGAAGGTCCAAGCCGTAGTAGGGCTTGTTCTCGTTGTTGGCCACCTGCAGGTAGAAGTGGGCTCCGGCACCGCTGGCGTTCTTGCTGGTGGCGGCCATCTGCACGGTGTAGCTCGCGAAATCCTGGGTGGTGGAAAAGCGGTAGTGCAGACCCAGGCTGTCGGATTTCGCCGGCGTGGAGAACACGTCGTAGCGGTAGGTGGTTCCCGGTTGGAGCCCCTTGAGGG
CP064986.1_gap12	626164	628902	2738	TGGGCGGAGAGACATTCGCGGCCAATTCCTCGAAGACCGCCCGTCCTTCGTGGACTTCCAGCAGGGACCGGACCACGGAGGTCCACCAGTCGCGATAGAACAGGAGTTCGCGCGATTCCAGGGACTTGCGCGCCACATCCTGCATCCGTCTGGCTCGCTCCAGAACCTCGGCGCGCCCCTTGGCGCCCCGCTCGCGGGCGTAGGCCACCAAGAGCTGGAAGTATTCCGCCTCGCGGCTGGACAGACCAAGGAACTCCACGACCCGCGACTGGCACCGCACCGGCAGATGGCTCTTCCCGTGGACGATCTTGTAGAAATTGCTGCCGTCCAGCCCCAACTGTTCTCCCAGTCTCCGGTAGGAGAGTTCGGGATCGCCTTCCCGACGCTCCAGATAGGAGTCGTTGAGGTACTTGCGGTAATCCAGGTATTCGAAGACCGGCCTCATGAAGACTTCCATTGTACCGTCCCGCGCCACACCAGGCTTGCCGCCAAATTCCTGGGGGCAAATCGGAAATGCGCCATCAGCGGTCGGATCGGAAAGATCCATTCAAAGTCGGCGGAAGGCGCCCGCCTATTCCCCTCAGCGCGTGGTGGATTTCACCACAACGGCGACTCGCCCCATCCCACCTGCACCGGCACGCCGTTGACAAAGGACACGACATCGTTCTCGTCGATGCTGCCTGCCGTCACGAACTCCCAAAGGGTGCCGTCCGCTTTCAGGTACCGGCTCATCATGCCTCCAGCGGCGATTTGCACCACCCCGCTGGCGATCTGGCGAAGCGCCATGTCGGTGTAGATCGAATTGGACACCAGCGGCTTGATCACGTCGCGATTGGAAATCCACAGCGTGCCGTCCTTTTTCAGCATCAGCACGAAGGTCCCGCCGGCGGCGATCGCCGCCACATCAGTCAGAATCTGACTTGGCGCGAGAGCCTTCGGCGCGTCGTCGAGGAAGTTGTCGCCGTAAGTATAGCCGGTCACCCACACCGATCCATCCGTCTTCAAGAACGCACTGAAGACATCCCCCAGGGCGATCGCCTTCACGCCTCGCATCAGGAAGGTGGGCTTGCCTTGCTTGAGCGTGGTTCCGTCCCCCAGCTGCCCGCGGGAATTGGAGCCGGCGGTGAACACGCTGCCATCGGCGAGCAGAAACAAGCTGGAATAGACGCCCGCCGCGATCGCCGAGACTCCCGTCAGGGACACTTGCCCCGGCGTCTTCCGGTCGTTTTTCGTTCCGTCTCCCAGTTCGCCTGCGGAATTGTATCCCGTCGCCCAGGCGGTGCCGTCGGATTTCAGGAACAAGCTGTGACGGAATCCGGCAGAGACGGCCACGGCTCCCTCCATCACCTTCACCGGAGCGGACCTCGTTTCCAGGGTGCCGTCGCCCAGCTCGCCATCGAAGTTCCGGCCTGCGGCCCAGACAGTGCCATCCCCCTTGAGATAGAGGCTTCGCATCGAAACCGCCGAAACCGCACGCACCCCGCCGATGGTCTTCACCGGCGCACGCCGATCGGATGTGGTTCCGTCGCCGAGCTCCCCTTCGGAATTTCTCCCCGAGGCCCAAACGGAACTGTCCGTCTTGACCACCAGGGCGTGCATGTCGCACACGGAGAAGGTCAGGATGGACCCCGCCGCGGAACCGATCTGGCCGTTGCTTCCCGGCGTCACGGGACCCACGCCGACCTTGGTGGAATCCCCGGCGCCGGGACCGGTCGCTGCGCCAGAATTTGTCTCCTGGCAGGAAGAGAGGGCGATCAGCCCGATCCCGACCATCAGGCGGAGACTGTTCGAAAAACACGATGTGGATCCGGGGAATTTCGACAACAGCATGGATGGACAGCCTCTCACCATTGGTGAAGATGTGGCCTCCGACGATGTGGATCGCCGGAGCGAATGGGAAAGGTAGCGCCATCGCATCGCCTAGCCGCAATCGCTGCGATGCGGATTGCGCATCCGACCCATGCGAGCGGGAAACCTGGCCCAGGTCCTACCTTTGCCCACACCATGACCAGCCTCCGATCGCGATGGGCTTCCCTCTCGCCCGACCTCCGGAACTTCCTCCTGGCGCTGGCCACCTTCGGGTTCGGCATGTCGCTGTTCGACGCCATCTTCAACAACTTCCTGGATGCACGGTTCCATCTGAGCGGATTCCAACGCACCCTTCTGGAAGTGCCGCGCGAGGTGCCGGGGCTCTCCGTGGTGTTCGTGTCCGCCCTCCTGGCATTCCTTCCCTCCCGTCGATTGGTGGTTCTGGCAAGCCTCCTGAGCGGACTCGGGCTGGTGCTGCTGGGCACCTTGTCCAGCTCCTTTTACTGGATGATGCCGTGGCTGTTCCTGTACAGCATGGGACAACATCTGTTCATGCCCATCAGCCAAGCCATCGGGATGGAACTGGCCAAAGAGGGCAAGTCGGGCAAACGACTGGGCCAGATGAGCGCTCTGCGCAACGCCACCGCCATCGCGGGATCCGCGCTTGTGTTCGTGGGATTCCAGTTCTTCCACATGAGCTTTCTCACCACCCTGCTCCTCGCCGCCGCGAGCCTGCTGGTGGCCGGCTGGTTTTTCTGGCGGATGACTCCCGACAAGCCCCAGCCACAGAAGGCCCATCTGCGCCTGCACAAGGAATACCGGCTCTACTACCTGCTGGCGATCCTATTCGGGACGCGCAAGCAATTGTTCCTCACTTTCGCGCCTTGGGTTCTGGTGACCATCTTCGAGCAACCCACTTCGATGATCGC
CP064986.1_gap13	636253	637938	1685	CCATCCCTTCCAGATTCTGGAGGATGGGTTTGTCGTATTCGTCGATCAACACGACGGGCCGGGGGCCGCGCATGGATAGCTCGTGCAGCAGTTCCGCAAACCGCAGGTCGGGACTTGAACCGCGCAGCTCCACCCCCAGACGACGCGCCTCGTTGTCCACTTCGAACAACTGGCGTTCGCGCATATCGCCTCGCCTCTGAAACTTTCCGCTCCCGAAGCTGATCCGCACCACGGGATGACGCTTGGTCCAATCCCAGCGGTCGTGGATCCAAAGCCCCCGGAACAACGCTTCGTTGCCTTCGTACAACTCCTTGAGCACGCTCACCAGAAGCGACTTCCCGAACCGGCGCGGCCGCGATAGAAAGACGGCGGTGTTCCCGCTCACCAGTTGGTGGACCAACTGGGTCTTGTCCACATAGGCGAATCCCCGTTCGCGCAGCTGTGCGAAGTCCTGGATCCCGACAGGTAGAGGGGCGAGGCTGGCCATGACCGGGGAATGTAAGAATCGGGAGATCTGGCCCCAGCGCCTCAGGGGGCCATGCAGGAGCCTGCCAGCACCAGGAATGCCACCGTACCGGCAACGGGCGAGTTCACCTTCAGCGCACCTTCACATACCAGTAGAGGGCCACGTTCTTGGGCCGGGTTTCGGTGGTGGTGCGGGGTGTGCCGTTTGGGCCATCAGCAATAGGCTCACGAATGTTTTTCGTTCCACTAAAAACCTCCGCACCATCCTGACCAACATTTGCGCCGTAATTCAAGCCTGAGAAACTGTATCCACTTCCTGGCAAATCGGAAGTCATTCGTGCGCCTTGTGATTGATGCCAATGCCCCTGAAACGCATCCCCCTGGAAGTCCCCCGCCGTCCGCAGCGAGTCGCGCTTGACATAATCCGTCGCGGTTCCGGCGATGTTGATCTTGGACTCCATCCCCCGCAGGAACACCCCGCGCAGATCCGGAACCGTCACGCCGTTCACCACGCCCTGACCGGCCGCATACAACCACACTGAATTGGATCCAGGCATGTACCCATCGCCTGCCGGAGCGGTCAGGAGTCCGATTACGGAAACCAGGGGAACCGATTGCAGGCTGCCTGCCAGAGCTGCCGAATCGCGGGAGGCCTTCGTTTGCAAGGACTGGATGGCCGCTTGCAGGCTGGCGACTTGCGCCGCTTGCGACTTGGCCAGGGAAAGCGAATCCTGGCTTGCCTTCGCCTCCACCGCCTGCACCTGCGCGCTCAGCTGGGCCAATTGGCCACTCAGCCGCTCGACATTATTTGCCAAGGCCGTGTCCAGGGTCGCGAAATTCGCGTTCACCTCGGCGGCCTTGATCAGATCCCCCGCCTTGAAGGTGACCGGCACTCCCGCCACGGCCCATCCCGACAGCACCAAAGCCACACCCACACAGGCCTTTTTCTCCAAGCCCATCCCGCTTTCCCCCTCTTGATCCGCTCTCGCCAAGCGGACGAAAAGGACTTCCAGGTATCTTTTCCGTCTGTCCTCATATGAGGACAGACAAACGAAAAAGTTTGGACTTCCTTTTTTGACACGCCGCCAATTCCAACGTCGCCGTTTCCAACCCTGAAATCGGATCGCTGTGAGCAAACCCAAGTCCATCCAGGCCCTGGTGGTGGAAGACCACCCGCTGGTGCGCCAAGGCGTGATCAAGCTCCTCTTGGAGGAATGGCC
CP064986.1_gap14	640923	642686	1763	GAAGAACAGCTCCTTGGATTCCACCCATTCGCCCCCCGGCTGCGGGGTCGTTTGTCTCTGGATGGCCTGTGCGACCAAAGGGACTGCCGCGGAGGCGTTCAGCGCCAGGGCTGCCGGGCTTGGATCGCCGATCGGTTCAGCACCCCGGAGCAGTTCCAGCCAGAAAAGGAGAAGGAGGCCCATTGCTTGAAAAGGGTAAATCCACGGGAGTCGATCCAGGGGTGGACGGGACTATCTTGAGTTCCCCTCACTCTTCCCTCTCCCCTCCGAGCCCCCCATGCTCCAGATCCTCCCAGCCCTTCTGCTTCTCGGCGCCGCCGACCCCGCCTGGAAGACCCGTCCCTTGTCGGAATTTGTCTTACAGGACAAATCGACCCTCCGCGCCGTGGACTCCACCTTCCTTTCCCTCAGTCCGGATCGCCGCAAACGCAAGCAACCCTTGAGCGATGTCCCCGCCTCCCGCGTGGGGAAAGGCTCAGGGAATCTTTGGCTGGTGGGATCGGCGTTCGATTCGGGAGGCCTCACCTACCTGGCTCTCAAACAGAAGGATGGCTGGGCGCTGCGAGGCGTGTACCAAGCTCGCCCCCACCACATCCTTTCCGACAAGATGAGCTTCCGCCTCGCCTGGGACACCACCCTGCCGGACGGACGGCGAGTCCAATTTTCCACCAAGCCCTACGATGGCAAATTCCTGCCCCCTCCGGAGGTATTCAAGGAAATCGGCGCCAAATCCGCCAAAGCCTGCACCCCGCAGGATCCGGTTTGCGCCTCTTTGTCAAATTCCGTCCTGCTGGACGGAACCGCGCTGGAAAGCCGTGCCTGCGCCCTGGAAGGTCGTTTCCCAGGGATCAACTGCCACGTCGCCACCTCGGCCGAAGAACGCCGCACCTACGTATGGAAGCCGATGCTTTACCTCTATCCCCCGGACACCCTGGACGTGACCGTGACCATGGGTCGGCCCGAGCGGGTCTCCGTCAGTTATCCAGCCCTTGTAAACGACTCCTGGACGGTGCGGGCCCATCCTGGCGGCGACCTCGTATCCAAGCTCTCCGGCAAGCGCTACTACGGTCTTTTTTGGGAAGGCTACTCTTGGGATGCGCCGGTCTCCGATACCGGTTTTTGTCTCTCCCGCGAGGAATTCGGGGAAAGGATGGATTCCATCCTGGAGCTCAAGGGCCTGAACTTCCGCGAGCGCGAAGAGTTCATCACCTTCTGGATCGCCCGGATCGCGCAACCCTTCGTGGTGGTGCGCTTCCCGGAACAAGCCTTTTCCCAGGCGTTCCCCGTCCACATCCTCCCCCCGCCGGAACTGTTCCTGCGGGTGTTCGCCACCTTCGAGCAGCGCGCCACGCCCATGATCTTGGTTGCACCGCACCTGGAAGGCGTCCGGCGCCCCGCCTGGACGGCCGTGGAATGGGGCGGCCAGGAAATCCACAGCCGCTAAGGTCGGGCCGGGGCATTCTGTGGAGGAACCATTCTTCTCCCTGCCACAAGGAGAAATGCAAGGAAAGCTCTCCCTGGATCAGGGAGAACTTGATAGCCCAGCTATTCACCCCAGCGATTTTCTACCCATTGATGACCGCCTCCCGGCGCAATGGTGAGACCAAATTCAAGGAGCCCGTTTCATGAAAGACGTCATCCTCCACGCTTTCAATTGGAAGTTCAAGGACATCGGCGACATGGCCCAGCGCATCGCCGATGCCGGCTACGGCGCCGTGCTATTCCCGCCACCCTTGTACTCGGATGAGAACGGACCCGAGTGG
CP064986.1_gap15	651247	653021	1774	CTCGCGCTCCACCTCGTCTTTCAGCTCGGCCAGCGGAAACACGGTGGCGTTGCGGCACACGAAGCCGTATTCGGCCTGGGCGCCCGGATGGCTGTGCATCAGGGCCTGCCACATCGAGAACTTGTAGAGGTCCGTCTCCAAAAGACTGCGGACGATGGGGGTGTTCACGAGAGCGCTCCGGTGTTGTGCGTGGAGGGAGAATGATTCAATCAAATCAGTTGTGCGGCCTGCTCCAAGGGGAGGATGCGGACGCCTTTGTCCGCCATGGCCTGGAAGAAGGCCGCCTGCGCGCCTTCGAAACCCGTGACAGGGCTGATCGCATCCGCGAGAAGGACGATCTTTTCCGGATCGAGCCCGGCTTCCACCAGGTGTTCCACCGTGGCGCGCACGCAGTGGCTACCGGCTTCACCGGCCACGTAGACAATTTTTGCCTTCTCCAGGTTCCGCACCAATTCCCAGTTCCAGCCCGTGGCGGGATCTGTGTCCAATGGGATTTCGGCGCGGATGGCGCTGTAGTGCTCGGTCCAGGGGTTTTCGCCCTTGAGCACCGTGGTCACGCCCAAACCTTTCCTGTCTGCCCAAGCGTCCAGTGCCTGTTGGAGCCGGGTATGGATGGCCTGGCCCCAGGTGCCGATCTGGCAATGGACCGGCCAGACCATGTGGGTGAAGCGCCCCGCCTTTTCCAGATCTTGCAGGTACTTCAGGGCGCGATCCCGGTCCTGGGGCTTGGCGGTCAGAATCCGTCCCTCCGCCACATCGGCGGCGAGCACCAGCGTGAACGGCCCCACCGCTGCACCATCCGGCTTGCGCCAGAAGCCGGGGTGGGCGATGTCCAGACGGTGGTGGTGGTCCATGGTCACCGTGACGCGATCGATCTTTTCGGCCTGCGCATCCAGCCACGCCGCCAGGCGCAGCATGTCCTGGTGGGCGCCCGTCACGGCCAAGGCCGGGGCGAGTCTGCCAGCGCCAACCGGATCCAGCGGACACCAGTCGGCGGGCAGGTCGCAGAAGTCATTTTGGGGGTCGATCACAAGTAGATGGGCGCGATCCATGGGGCGTCTCCTGTGTGGTTGGTTGATAAACAGAAGATACAAACGTTTGTTGCGTTTCGCAACTATCTATTTCTCATGACAAGCCCAGCTTCTTGAAGAGGTATCTTCTGCTTCGATGCCCACTGAATCAAAGCACCACCCCCCCCGCGAACTGCCGGATCCCGTGATCTGCACGGTGGACGTGGTGCTCCTGACGCTGGTGGAAAACGTCCTCCAGGTGGTGCTGGCTCGCCGCGCCCAGGAGCCGTTCCGAGGCCTTGCCGCCCTGCCGGGGGGGTACATCCACCCCGCCACCGACCGAGACGCCCGCGACGCGGCCGAGCGCGTGCTGCGCGAGAAGACCGGCCTGCAAAGCCCCTACCTGGAACAACTGGGAGTGTTTTCCGGGCCGGGTCGGGATCCGCGCGGGTGGTCGGTTTCTGTAGCCTGGTACGCCCTGGTGCCCTGGGAATCGCTCGAGTCCCGCTGGACGGACCATTTGGAGGTCATGCCGGCCGCCGAAGTGCGCGGCTTGCCGTTCGACCACGAACGGATCGTGCAGGAAGCCCTTGAGCGGGTGCGCTCCAAGAGCTCCTACTCCAGCCTGCCCGTGCACCTGTGCCGCGAACCGTTCACTCTCCCGCAATTGCAAGCCGTCTATGAGGCCACGCTGGGCGAGACCATCAACAAGGTGAGCTTCCGGCGCAAGATGGAGGAGCTGGGTTTCGTGGAGCCCATCCCGG
CP064986.1_gap16	704732	709112	4380	TGCCTGAACAGATCCCGCCTGCCGAGCACATCAAGGAAGTCGAAAAGCGCCTGAAAGTCGCATCACCCAAGGTGGAGTTGGACACCAAGGACGCAGCTGGATTGCTCGGGGCAAGCGAAGCCGATGACTGATCCGCATCGAACCGACCACAGGAACACAACCGCCCCCACCACCATCTTCTTCCCCGGCCTTGGCGCGGATTCCACCTTGGCCAAATACCACTCGGTTCCCGGCAAGAGTCTGTGGATCGAATGGCCGCCCGTGATTCCGGACAACTGGGACGACTTCGCCGATCTCCTGGCCAGACAAATTCCGTCAACTGAACCGCTTCGGTTCGTGGGAGTCTCCTTCGGCGGATTGGCTGCGTTGAAGACCGCACAGCGGCTGCCGCCCGAGGGAGGGGTGTTTCTGGTGGGGTCGCTCACCGGCCGCGCGGAAATCCGATGGCCGCTGCGCGCGCTGTTGCCTCTGGTCCGCTGGGTTCCTACGCCATTGTTCGATCTACAACACCTTCCACAATGGTTGGTCCGACATTTCTTCGGGATCCGGGAATCTTCCCATATGAAAGATTTTTCCGCCATGGCCAGTCGGCTGCCCCCGCGATCGGTCAAGGCGTTGTGCACACTGGTGGCTCAATGGCAGCCCGTCTGCGCACCCATCGCTGGCCGGATCCACGGAAAACACGACCGAATCATCCATCCGGCGCCCCTCGAAGTGACAATGGTCGATGGTGGTCATCTCCTTTCCATGACAAACGCCGCTGAAGTCAACCGTTGGTTGAACTTTCCGTTGGAGTCGGGGCATTGATCCTCTTGCTTGGTATTTGCATCTTGGGGACAGAATTCCTCTTTGCCTTCTCCTGAAGAGGCGGGGCCATCCGACGAGGCTTGAGTGGCAGCATGTGTTGAAAGTTTGGCAGCGACCCCTTGCTTTCCCGTCTTACTCGATGGGATCATGTGACGTGGCAACCGACCCTCAAGATCTTCGTCAATCCGTTTTCGGCAGGGGCACAAGCTTCGATGTCGCGTTGTTGTTGGTCGTCACCCTCCTGATCGCCCTGTTCACCCTCAGGTTCAATCATCGGGAAGTGGACCTCACTCCACATCTGACCGGATACGCCTTCACCGACGCGGAAGTGAGTGGCGAGTCCGTATCGGAAGCCATCAAAACCGACTCGAGTTGGCGGTTCAAGTATCAGTTGCGTTTCGGTTTCGCCTACCCCTTCGCCGGCATCGCCCTGGTGCTCGATTCCACTGCACCGAAGACTTTGCGGAACTTCGAGAATTTCGACCAGCTCCATGTTCGGATCCTCCACCATCGAGTGGACTCTTCGCTGTTCCGTGTCTGGATCAGCTCCAATCGCTCCACCCAAAGCAGGAAGCTCGTCGCTCCGGGGGAGATCCAGTACAAACCTCAGGCAGGCTGGAGCGACCTTTCGATCGACTGGAAGATGCTTCGCCTGACCAGTTGGTGGATCGCCCAAAACAAGACCCCCATTTCGGAACAAGCAGTGCGTCTGGATGACGTGGTCTCCATCAATGTGGTGACCCCCGATGTCAATTTCGGTTCGGATACCGGAACCATCGAGGTCGGGAAGGTGTGGCTGGAAGGCCCCATCATCAAGCCTGCGATCCTTCTTTGGGGTGTCCAGGTCATTTGGATCTTGTGGGGGTTGACCTTCCTGTTCCAAGGATGGTTCGCCTGGCGTCGCCGCGCCAAGCAGGCCGAAAGCGTGGTTCCGCGGGTGAAGACGGAATTTCTGGCCACCATGAGCCACGAGATCCGCACTCCCCTCAATGGCATGATCGTCCCCGCCCAGCTTTTGCTGGATTCCAACCTCGGTCCGGAAGACAGGATCCATGTCCAGACGATCCTGGAGTCGGGGGACCATCTGGCCGCCATCCTGCAGGATGCGCTGGACTATTTCAAGATCGAAGGCGACAAGCTCGAATTGGAGAACGCGCCGTTTTCCGTCCGCTCCACGGTCGAAGCGGTCGCGCGCGCCTTCGAGTCGAAAGCGACGGAAAAAGGCATCGCGATCAAGGTCAAGCAGGATCCGAACGTCCCCAAGGCCATCGACGGGGACGCACCCAGGCTGCGTCAGATTCTGGTCAATCTTCTCTCCAATGCGGTCAAGTTCACCGAAAAGGGAGAGATCTGGCTGGAGGTCACGTGCATCCCGGATCCATCAAGGCTGCCCGGCCAGGACCGGATCCTTTTTTCGATCAAGGACACCGGCATCGGAATGGATCCGACGGAATCCAAACGCTTGTTCGAGAAGTTCACGCAGCTGGATTCCAGCCTCGGACGAAGGTACGGAGGCACCGGTCTCGGTCTGGCCATCGCCCAAGGTCTGGCCAACAAGATGGGCGGCACGATCTCGGTGACCAGCGCCGCGGGAGTGGGCTCCACCTTTTCCTTTTCCATCCCGTTCCAACCCGCGACCCTGGATGCGGACCCCGCCACCGACAGCATCAATACATTCCAAACAGAATCTGTCAGGGTTCTGGTGGTCGACGACAATCGCGTGAACCTGCGCGTCGCCAAGGCCTCTCTGGTGAAGATGGGGTGCCAGGTGCAGGAGGCGTCGGGTGGGCTGGAAGCGCTTTCCATCCTGGAGAGCCAGGCCTTCCACCTGATCCTGATGGATTGCCACATGCCGGAGATGGATGGTTTCGAAGCCAGCCTGGCTATCCGGTCGTGGCGCGACGACACCTCTGCCTCGCGCAGAAGGGCCGCTTCCACGCCGATCGTGGCCCTCACCGCCGACGTGCTTCCGGATATTCGGATGAGGTGCCTGGCCGCCAAGATGGACGGAGTCATCCCCAAGCCGTTTCGGCAGGAACAACTGGCGAGGGACGTCGCGAGATGGGCCGGGGCCCTCCATGAAGAGGAATCGTCGCCACCGATGGTCACCGCCTAGCGGATCGGCAACCCGCTCCCGGACCATCCACTTCCCGTTTGCCTTCTCTCTAGAACGCCTGCAACCCGTACGGGATCGTCAGGCCGCGCGATGTGACGAACGACCCGTGCGAGAGGTCCTTCGCATGGTGCGCTACGCCCAGCGTATCCTTGAGGGCCTCGTCGCAGGCGAAGAGGGTGGATTGTTCTGTGGTGCTGGAGATCACCCCGCGCTGGTAGTACTTGAAGGCCCCTGAAGCGGCGTCAACTCTGTACGAACCATCGAACTGCCCAAGTCCCAGCGAATCGTTGTACAAACGCACCGAGGAGTGGTGGAAGATGTGGCTCATGCCATCCGCCTCGCTCTTGTAGGTGGTCCCATCGTGGCTGAAGGTCAGGGTGCCGTCGTCCATGGAATTCTGCAACGCCCGCAACGTGGTGGGCACCAGGGAGATCCGAAAGCGCAGCGAATCCGATGTCTGCGTCGTGTAGATCAGCGAATCCCCCGCCACGCGCGCCTTCCGGCGCGGACGCGTGATCTGCGCCTGCGTGGCCAAGGTCAGGGAAAGCCGAGTGGGATCGATGGAAAAGCTCGGGGTGCGACCACTGAAACTCACCGACCCCAGAATCAAATCGAACAATCCCCCGCGATCCCAGGTCACGCCTTTGGTGAGACTCACGCCGATGTTCTTCACATACGAGGACGTGTTGGCGACGTTCTCGCGGATCGTGTCGCCCGCCGCATACGGCCCGAACGCCTGCGCCGCCACGAAGGCGAATTGGGTTTCCACGCGGCTCGGGTCGGCGCCGTAGCTGTACACGCCGTTGGAAAAGTTCCGCTGCAACCTGGACAACCGATCCACATCCAACGAAGAAACCACCATGGCCGCAAGGATTTCCTTGACCACGTCGCGCCCACTGCGGGCGCCTTCGTCCATGCCCGCCACGACCACCAGATTCCCTCCCAGCAGTCCCACCCATTCACCGAGCGTCAGATTGTGTCCGCACAGGGTGAACGGCGTGGCGCGCACGAAGGATTTGGATCCCGTCGCGACCACCATCCCTTCGCGATCGCGCAAGGTGGCGTCGAAGCGCCAGGGGCCGTCGGGCAGGCGGACCAGTTCCCAGTGGTCGGATACCTTCCTCAGCCTGACAGAATCCGGCGACCACGGGTGGGCACCCACACGCAGGTCTGCCTGGACGGCCACGCCTTCAAGAGCGCTGGAATCCAACCGGATGCGAACCGTGTCGGAAGATTCGTCCACCAACAAACGTGCCTGGGGCGTGGGCTCCGCAGGCGGTGCGGCGGTGGAGCCTCCACTGTCACAGCCAACAAGCGCAAAGGGGATGGAGATCAAGGCGAACGTGCAAACGCTGGATCGGATCATTGGGAAATCTCCGGAGTTTCACAAACAGTAGCACAATGGAGTCGGCGGGTTCACGCTTTCCTCCGATGGCTTTGCGATCCGCTTCCAAGTA
CP064986.1_gap17	720179	722367	2188	GCAATCAGAGAATCCTGGATCCAGGCTTTGGCGATGAGGTCGTTGTCCTTAGCGGTCCACCCCACTTCCACCGAGGTGGTATCGAACAATACGCTTAGATCCCTGGTGTCGGTCCAGCGGGTGAATGTCGGCTTTTCCGCATCTGCCGCGCGCGCCACCGCAACGAATCCTGAGATCGATACGCCCCGCTTGTTCTTGGCCTCCAAGGTGATAGTCTGGCCTTTGCCGTCCGGCGGCAGATCCACCTTTCGCTCCCACACCGAATCATTGACTCGCGTCGCCAACACGCCATTGATCAGCACGCTGGAGCTATCAATCCCGGAAATGTCGGTCAGAACGCATTGGGCCAAGTAGCTGGCCTCTGCAAACGGGATGATCGTCCCAGAGGACTTGTCTGGTTTCACCCAGCGGTACTGGGGGGGCAACTGGCCGGGAATTGGGTCGCGCGACACCAGCAATACAGAATCCGTCACGTTATGAGCACGATCCCAGGACTTCACATGAATTCTTGTCAACTCCCCAGGGCCGCTCAAGCCAATGTTCGCTTTCCAGATGCCGCCGACCGTGTCCGGCTTCTTGCCGTCGATGCGCACGGAATCCAGTCCGGACGGATCTGCCGAGGAAACAATGACTTCCAGCGTTTTCACATCGTAGGCCTCCCGGTGCCCCTGGCTGGGAGAGACCCACTTCACCACAGGGCCGGCGCTGTCGGCTTTGCGACCGAGCGAGACATATTCTGTCGCCATCAGCGACACCGAACTGTAGGCGCGAACTCCAAAGCTGGAGACCTTGCCATTGGCGGGCAAGGTCAGTTCGCCCACCCAGGTATCGTTTTGTGGCTTGGCCAGCACTCCATCAATCGTCACAGAGTCAATCTTTCCAAAATCTGTTTCCGCCTTCCATACCACGCGCACCACAGAATCCTCAAAGGCGATCAAGGTGCCGTTGGCCGGACCCACAAGCTTCAGACGCGGCGCCGTGGGAATGGGTTTCTGGTTGCGCCGGATCAGGATCGTTTTGACCGTGGTATTATTCGCGCCATCCCAAGCCTCGATCTTCACCTCGCGGCCCACAGAATCGACGGGCACCACGATTTTCAGTGACCAATTTTCGCCACTGCCTTGATCAGCCTCCACGCCGCCGATCTTCACGGACTTCACTCCACTGGGATCTCTCACCTTTACCTTCACTACCAGATCGGGGTCCGCATAGTCGCGCACCACGGGCGCCAAAGGGTCTACGACGGTAAGATCCGGCCCGACATGATCCAGCGCCGCCGCCACATTGAAGGCGGTGACGTAGAATTGTTCATTTCCCAGATTGTCTGCCACATGCACCCGCAGCGTGTATGTGCCCAGCGCAGCATTGGCGCGCGGCACAAAGGTGGGTTGGCCCGCAAAATCAAGCATTTCTGGATTGACCTTGAGGTCGGGAGCATCCGCCAGCACGAACCGATCTGAGCGGACACCAGAATCATTTGCGATGACATACTCCACACTCTTGATGCCCTTTTTTCCGCGGATCTTGCCCAGCAGCCCCACCGGAGGCTCGCCGAGATGCAGCGTATCCATGCGCAGCGCGGCTTCCAGCTGGAATGGATTCAGGCTTGAAGAATCCAACACGAGGGCCGACACAAGTCGACGGGCACCGGTGTAATCCAACGACAAGCTCCACTGCTTGACCACCTCGCCCAGCGTAAGACCAGACTTGGCCGCCAATATCAGAATCTGACGATTCACCTTGGCTGTATCCAGTCCCTGTGGAGCAAGCCGTTTGTACGCGGCAGCACTTGGGTGGCCACGGAACACCCATTCCGCCACCGCCTGCTGGAACGCCGCGCATTTTCCTGCGGCGGTGGTGTCTTTCAAGGAGCTGGGAGTGGCCTTGCGGAGGCTATCGAAGGTCCGCAGCAAGCTCACGGCCAGCGAATCGGCACCCGAGCGCACTGTGCGTACGCCAGAAAGCTCCATGTAATCCACCGGCTTAACGATGGCAGTCCCCAGGTGCAGCCCCATCCTGTAATTGTGGATGGCCATGGAGTCTTTGTCGCCCAATTGGTTGAGAAACGGAATGAGCCGCACCATCAGCCCCGTGCCCTCTACGGAAAACGACTCCGTTCCAGAATCCAATGGCGACTTGTACCAGAGACTGTCCGGGATGGAGGCGCTATCCGCCACCCGAAAGTGCA
CP064986.1_gap18	739490	742783	3293	GGACTCCCTCGGCATCATCGAATCCTTCAATGGAAGCGGATGGGATACCCTCGGTGTCCGCTCGGAAAAGAGTTCCGATACGAGAATATTATGTGACAATAAATGGGGATGCTTGATCGGCGGCTCCACCGAAGCAATGACCTCTCGCGACGGATTGGCGTGGTCCCGGATTCCGATCCCATACGGTTTTTCCCCGTTCGGCTTCACCGATTCCGGGCGTGTGATCCTTGATCCGTATTCTGGCTACATGTCGAACAGCCCCGGCTACAAACTCAAGCTGGTGGATACAACGTGGGTTCGGACGAATGAAGCCACGCGCCGATCTTCCATGGAGATCAGCGACAGCTTGCTGACATGGACCGATTCCACACTCCATGTCGGTCCAGCAAGACTTTTCCTGGCCGATCTTCCGGGCAGGATCTCCTATGCACTTTGGACTCCGATCGGGAACGTTGGCGGCAGCGGACTTGACCCCCAGGAAGCCACGCTCGTTCTCGTCGACGAAAACAACCACTTCTGGTACCGCAAAGGCGACCGATCGACGTCCACCAAACCGACTCTCGAGCGAACGCCGAACCTCAAGATCGTCGGCTCCGAACTGCGCATCCACCTGGACGCCCCTTCACGTCTGCGCGTCGAATCGATCGATCTTCGCGGGCGCACCGAAACACTGCTCGCGGAAGCATCCCGGCCTGCCGGAGAGCTGCGCATCCCGTTGACGCCATCGACAAGATCCGTCCAACTGATCCGCGCCGTGGTCGACGGCAAATCGACGACACTCGCCATCGCCCCAAGTCTGATGCGGCGCTAGGTGTTTCCTCTCTGCGCGGGTTCGCGCCCGAAAGCCATGGAGCAAACGGATCCGAAAGCCGGAAGGCATCCTGTCAGCTTGCCTCCCGCCATTTCATTGCCCCACGACGACCGCCCTCCCGCTCCACTCCTGGCCTTGTTGGCGCAATCGCACGCCCACAACGCCTCGGCTGGTCCGGGCTGCCCCTAAATCCAGGTCGATGGTGGAGCCCGGAGACTCCATGCGTTTTGCAAGCAGAATCTGTCCGCGCGGATCGAACACCGTCACATCCAGCGGCCCGGTGGATGTGGATGCGATTCGCAGGACGCCACCTTGGAGCATCGTCGCGGACGGAGCAAGGCTCGGTGGCGCCGGGGAGATCGCCGAAATCCCCACAGGCACCACGATCGTGGTGAGGGTCTGGCCGGGCGAGGAGAAGGTGATCTTCTTCGCGTCGATGACCACATCCGCTTGGCGCTTGAGGCTGGCAGGCAAGGAAAATCGGTGCATCCGGGCCGTCGCGGGTAATGCAGCAAATTTTGACAAATCGATCGTGACGCTCGCAGCGGCGGCATCGGGATTGCAGAACACCACCACCAGATCGCCTGCGGGTGTCAGGGCAGCCACCGAATTGGTGTCCGAGCTTTCGATGATCCTGGATCCCGGTCGAATGAATCGGCTGAAGGCGGCGTGCATGTAAAAGCGCGGCGCGTAGGTGAAGGTCTGCTTGGCATGATCCAGCTTGATCGTGATCCAATCGCCCACCGGATCTCCCACCTGCCAATCCAGCCAGGCGTTGGGTTTCATTTTCCGCAGATCCTGGAGGATCACGTTGGACATCCACATGGTGATGTCGGTGGCATCCGTCCCCTTGTTGAGCGGGCCTGTCTCCGACTGCCAAAGGAGCTTCCTTCGGGCCTTCGCGAGGGAATCCAACCTCGATCGCGCCGTCCAACCGGAATAGGTGTGGGCGTTGATCTGCGACATGTAGGAGAACGCGCTGTCGTCGTAGCCCTTGAGCTGGGTCACCGCTTGTTCCAGGGAGGTTTCGTCGCCCGCGCTGACTTGGGTTTGGGGGGAAAGCCCCTTGGACACGAGTTGCCTACCCAGCTCCTTGACCATCTTCGCCTGGTTCGATTTGAAGCCGCAACCCTCCTGCCCCCCTTCGGGCTTCCACCAGCCCGCCGAAGGCTCGTTGAACGGCTCGATGGTCCGGAAGGTGATCTTGTGGACATCCTTGTAGTGCTTGGCGACATCCGCGAGGTATTCCGCGAAGGCGCCGAACTTGTCCGCTTTGAGGTTGTCGGCGCCGTTTGTGTTGCCCGACACGCAACCGCTGATCGTCATCCACCACGGAGGCGAATTGGAAAATGCCTCGAAAATCGGATCCTTCCCGCGGGCGGCGATCCCCAGGAGGATGTTGCGCTGGTAGGGATCCGCCGTCCAATCGTAGGCACCCGTTTCCGTCCTCTTGAACCCCGGCACGGCGCGACCTTCGGCCAGATGCGTGTGATCGGAACGGTCGCCCCCGCCGATGTTGTAGCGAAAGCAGTTGTAGCCAAGTCCGGTGTCGGGATCCACGATCGCGTCGATCAGTCGATTGCGGTTGGCTTCGCTCCACTTGCCCGCCAGCACCGCCCACCAGCAGAGACTGGTTCCCCAGCCTTCGAATTGCTGGTGCTTGATGGACGGATCCACCGCCACCGTGGCCGCGTGCGCGGAAAAGCCGCCGACACATGCCGCTCCGGCGAAGATGGCAAGAGTCTTCGCCAACGTTCGATGCTGCATGGGTGATCCTCGGCCTCGGAGGTCGCACGAACCAAACGGACCAGGAGGAAGATAACGGACTCGGGCCGGCGGGAAAGGCGATTCCCGCGAATTCCGTTGAACCGCGGCCAACGCCCCTCGGCCGGGAAGAAAGAGGCCGTTTTCTGTCAGGCAGGCGGTGGCAAGGCGAGGAAGAAGGTGGTGCCTTCCTCCGGCGAGGAGCGGAATCCCACTTTGCCTTTCAGGTAGTTTTCGCCCAGGATCTTCATGGAATGGGTGCCCAGGCCTCTGCCCGATTTGGCCTTGGTGCTGAAGGAGCGATGGAACACCTGCAGCGCCACGTCGGCAGGCATGACACCGGGGTTCCAGACCGAGAACACCGGACTTCCGTCCAGCGAACGGAAGGACAAGCGGATGCTCTTTCCCACGGGGATCGCCTCGAGCGCGTTCAAGCCCATGTTCAACAGGACCCGGACCAAAAGCGCAGGATCCACCAGAATCGAAGCGGCTTCGACGAAACCGAGCTCCACCTCGCGGCTGCGGGAGGCCGGATGCGACCGCAGGATGCCGGCCAAGGATTCCAGCAGCTCGCCGACCTCCATTTCCTTGGTGAACACTTCCAGGTCCCCCGCCTCGGCGCGCAGAAGCAGCCGCTGGTCGTTGACGAATTCCGATAAGCGCTTGGTGATCGAAAGGATCTTCCCCGCGGCGACGGATTCGTCCACGCCCTTGTTCA
CP064986.1_gap19	781712	785596	3884	GAATGGAGACTGTTCTGCCGTGCAAGATCCAACGTGCCGCTACGCACGGCCTGGAACTGGTCCCGCCATGCACCGGAGGCCATCTCCCGCAGGCGGATCATGCGCTCGCGCCGGGCATTTTCCCGGCCCAACTGCACAATGGCGAAATAGCCGGCCGCCAAGGTGGCAGCCATCACCAACAACGCGGACCAAACCGCCACTCTGCGAATCCGAGCTGGATCGGCCTTCAGAATATTCATCCTTGGCGCGCAAACCTAGGAACGCGAGCCCGACTTGCGATCGTCTTCCTTCACGCGGGAAGGTATCTTGAGCGCATGACGCAGAAGCCCTCCATCGTCCTGTTGTCCGGCGGACTGGACTCTGCCACGGTTCTCGCCTGCGCCTTGCGCGAGGGGGGGGCTTGCCATACGCTCGCCTTCCGCTATGGCCAACGCCACAGCTTGGAACTGGAAGCGGCAGCAGACCTTTCTCGGAACATGGGGGCGACCTCCCATCGCATGGTCGACATCGATCTTTCCAGCCTCGGCGGATCATCCTTGACCGGCCATGGCGAAGTGCCCAAAGGCCGGTCGGAGCTGGAAATCGGCGGCGGCGTTCCCACCACCTACGTCCCGGCCCGCAACACCGTCTTCCTGTCTTTTGCCTTGGCCTGGGCGGAGGTGCTGGATGCATCGCGCATCTACATCGGGGTCAACGCGGTGGACTATTCCGGCTACCCGGACTGCCGACCCGAGTTCATCGAAGCCTTCGAGCGATTGGCGAATCTCGCCACCCGCATCGGCACGGAAGGCGAAGGCCTGAAGGTGGTCGCTCCGCTTCAGCGCTTGTCCAAATCGGAGATCATTCGGCTCGGCACCAGCCTTGGCGTGGACTACTCCCGTACGCGGTCGTGCTACGACCCCGCCCCGGATGGCCGGCCCTGCTTGCGCTGCGATTCGTGCCAGCTGCGCTTGGCCGGCTTCGCGGGCGCCGGACTCACGGATCCCCTGCTGACTCGGTTCGGCTTGGCTTGAGCTACCGCGTCCAGGAGATCTTCGCGACGCTGCAGGGCGAAGGCGCGCAATCCGGCCGCGCGGCCGTGTTTCTGCGCTTCGCCGGCTGCAACTTGTGGAACGGCGACATCGCCACCCGGGATAGCGCGGCGTGCCGATTTTGCGATACCGACTTCGTATCGCTTTCCGGACCGAACGCGGGCGTCTATCCGGACGCCGCATCGCTTGCCGAAACCGCTCGATCGCTCTGGAACGGCACCGGCGGCGAGCCGCTGGTGGTGTGCACCGGAGGCGAGCCCACACTGCAGCTCGATGCCCGCCTGGTGGATGCCTTGCACCGCGTCGGATTCACGATCGCCATCGAAACGAACGGGACCCAAGGCGTCGCCAAAGGCGTGGATTGGATCACCGTCAGCCCCAAGGCAGGGGCGCGCTGGATCCAGAAATCCGGCCATGAATTGAAAGTGGTCTGGCCGCAACCTTTCGATCTGATCGAACTGGAAGCGCTGGACTTCACGCACCGCTTCTTGCAGCCCATGGATGACCCGGATCCGGTCAAAGCAGCGACCCACCGGTCCGCCACGTTGGCGGCGTGCCTTGCCCGCCCCGCCTGGCGTCTGTCGTTCCAGATGCACAAAGCGCTCGGCATCGCCTGAGCGACACCGAGCGCCGGACAGTTTTCGTCAGCGCCTGGGCGCTTTCGAAAACGATTCTACTTGATCCGTTCGCCGATCAGTCGGACCATCAACGCGTTCAGGTACTCCACCCTGTAGTCGCCCACGGACGCCACCAAGTGGGTACCGCCGATGCCGCTGTCGTCGGTCACGAACACATAGGTGCCGCCGGTGGCGATGGCCATGTAGCGCAGGAGGAACTCGGTGTCCTTGTCGACTCCGCTGCATGCGATGGGAATGATCCGCACGCCCTTGGCGCTGGCCGCACGGACCAATTCGTGGAGCTTGGAAACGATGGACTGTTCGTAATGCGGGGGTGCATCCAACACGATGAACAGAATGCGCGCTTTGGCCGAGCTCGACCACTTCAGGCTGCTGAGCGACACATCCAACGCGGTGTGCACGGCTTCGGGGTAATCGCCTCCACCACCAGCCGAATGCGCCGCCACGAAACTGGCCGTGGTGGAATTTGAGGAAGTGAAATCCGAGACATCCGTCACGTAGGCGTCCCCTCGGTCACGATAGAAGACCGCACCCGTGTTGATCACGGCGTTGCCGTTCTTGATGCGCGCCTGGTCGATCACATCCTTGAGTTCTTCCTTCAGGTAGTCGAGTTCGTCATCCATCGAGCCCGTGGCGTCCACCATGAAGCCCACATCGATCGCGCTGGGGATGCCGCTGCCCGTCTCGATGGCCAGATTGTTGGTCCCGCCTTGGCCATTGACCTTGATGCTCTCGAAGATCTGGGTTCCGATCCGCGCACGCAGGCCGGTGGTCGAGGACTGCCCGTCACCTACCACGGTCGGCCACAATTCGGCATTGCCCTTGTTGTCGGTGCGGGCGGTCCAGAGCACCCGGCCGTCGGAGTTCAGCAGTTCCACCTGTGCATCCACCTGGGCCGTCCCCTGCTGGGTGACATGCACGGAGATCCGATTGTTGAGGTTGTACGACCAATACGTGGCGTACTGCGAAAAATCGGCGTTGGTATTGAGGGTGGTCCAAAAGCCCCAGTTGGCCAGATCGTTCCACTCGCCGGCCGTGATTTGGCCTGCCACCTTGGTCGGCGCGGTGCTGGTCTGGGTCCCTGTGGTGCCGCAGCCGCAGTCGGTGGTGGTGGTGGTGGAACCCTCCGTCGAGCCAGCCACCTTCGTGGGGGTGTTCGCCACGGTTTTATAGTCCGACTTGCCGGTCTTTCCGATGATGGACTCGTCGCCGAGGGTCACCTTCGTGCTATCGCTACCCAGGCCCCCTCCCATGGTGGAGACTTCGCAGCCAGCCAGCAACAAGCTTGCAGCGACCAGGATTCCAATCTTCTTCATGTGCGTTCCTTTGGGAATTGGTGGGGTTGGGGAGTGCAAATGCAGCGACGATCAGGAGTCCCACGGTCCGATCCAAACCGCGTGCAACAAGCATCGCACCGGAAGGTGCGCTTTGCCATGAAGATCGGTTTGTTCGAATGAGGTCATCGCGGTCGTCTTTGGGGCTCGGCTGGACTGAACCAAGGGGGCCGAGGAGAAGCTGACCAGAAGGTAGTGTCTTTTTTTCCCGTCAGCCAGTGCGATTTCTTCCAGACTCGCCTGCGATCAAACCCTCGAAATCGTCCAGCCGCCTTTTGATGGGCATCGTACCCTGATCCAATGCCCCAACTTTCGCGCCTCCTTGCCTCCTGCACGTTCGCGCACGCCAGCATGCTGGCGGCGATCACCCTTTGCCTCGGCGCCTGTGCACGGCCCTCCATTTCCCCCCAGGAACGGGCCCGCCCCGAAGCCTTGGAGCGCACCGTGCGCTACCTGGCCGACACCCTGCACGGGCGCGCCTTCGACCAACCGGAAAACCTGAGGCGCGCGTTCGAATTCATCCACGCGAGATTCGATGAATCCAGGATCCCCTGCGATTCCCAGGTGTTTTCCACCCACGGAAGCACGTATCGGAACCTGGTTTGCAAGGTGCCTGGCAGATCCGACTCCCTGCTGATCCTGGGCGCGCACTACGACACATATCTGGACCTTCCCGGCGCCGACGACAACGCTTCCGGAGTGGCAGGCCTCCTGGAGACCGCCCGCCTGGTCGCGAACGGCCCGCCGCCGCCTTATACGACATTTTTTGTCGCCTTCACATTGGAGGAGCCGCCCTTCTTCCGCTCGCAGGACATGGGCAGCCACCATTTCGCCAAGATGGTCCACGACTCCGCCTGGCCCGTGGTGGGAATGGCCAGCAT
CP064986.1_gap20	953346	957090	3744	CCGCCCCCGCATTGGTGGTATGCCCCACCTCACTGACCTCCAACTGGGCAGACGAATTCGCGCGCTTCGCACCAGGCTTGCAGGTGCTGGTGCTGCATGGCTCCGATCGCCATGAACGCCGCGACCAAGCCGACCAAGCCCAGGTGGTGATCACCACCTATTCGCTTCTGGCCCGCGACGAGGAATGGCTCATAAGCCACCCCTGGCACATGGTCGTGTTCGATGAAGCCCAGACCCTCAAGAACGCCCGGACACAGGCCCGCACCGTGGCCCGCGCCATCCAATCCACCCACAAGCTCGCCCTCACGGGAACCCCGATGGAAAACCATCTGGGCGAACTTTGGAGCTTGTTCGATCTGGTTGTTCCAGGGCTTTTGGGCACCGAGCGCCACTTCGGGGCTTCGGTTCGCAATCGCATCGAAAAACTGGGCGACATGGACCTGAGCGCGCGCCTGCGCAGCGTCGTGTCGCCGTTTTTGCTGCGGCGCACCAAGGATGCCGTGGCCTCCGAACTCCCAGAGAAGACGGAAATCGTCATCCATGTGGATCTGGAAGGCAAGCAACGCGACCTCTACGAGACGGTGCGCGCCGTGCAGGACAAACGGCTGCGAAACCTGCTTGCCGCCCAGAGCCTGGAAACCTCCTCCATCCAGATCCTGGAGGCGCTGCTGCGCCTGCGTCAGACCTGCTGCGACCCACGCCTCCTTCCCGCCGAGGTCGCCAAGGGATGCCGCGTCTCGGCCAAGATCGATTGGCTGGCTCGATCCTTGCCGGAGATGGTGGAGGAAGGTCGGCGCATCCTGGTGTTCAGCCAGTTCACGGGATTTCTGGACCTCGCGCAGGAGTTGCTGTCAGAATCTGCCATCTTGTTTCTGAGGCTGGACGGATCCACCGCCGACCGAGGCGCCGTCGTGCGCGATTTCCAATCCGGGAAAGCCCCCGTCTTCCTGCTCTCCCTGAAGGCGGGCGGCACCGGCTTGAACCTCGCGGCGGCCGATAGCGTGATTTTCCTGGACCCCTGGTGGAACCCGGCGGTGGAAGCGCAGGCGATGGATCGGGCCCACCGCATCGGCCAAACAAAATCCGTCTTCGTCTACCGCCTGGTGGCCCGCGGCACGGTGGAAGAAAAGATCCTCTCGCTCCAAACCCGCAAGGCCGAACTCGCCGCTTCCATCCTGGAAGGCGGAGGCGCCGCCTCACTTCGTTTCACCCCCGAAGACCTCGCCGAGCTGATGCGTCCGTTGGGGTGAGCCCTCCTTCGGTACGAGACATGCCCGGGGGCAGGATGTCTACCGAAAAGGAAACGCCGCGCCAACACTCACGAGGAACCCGTGGCCGTATCCCGCCTCCAGAATCGTGGCGACACGACTGCTCCATGCTTCGTTCCATCCCACAAACCCCGTCGGATGCGCATCGGATTCCACCCGCATCGATTGCCCCTCGTGTTCCAGATCCGTTCGACCGAGATTCATCCGAATGCCCACGTGAACGCTCCGCGTTGGGTTCAGCGCCCGCTCGAGATGGACGGCCCCCTGCAGCTCGGACAGGATCCAGCCGCTGGATCCCTCCAGGCGAGCTTCGGAGCGAGATCCCGACATCGAGGCTCCTGTGGACCAGTCGGAATCCCAGAGGCGATGGCTCCACGAGGCTCCAGCTCCCGCGATCCATCCGCCAAGTCCAGCCCCGATGCCCTCCAGGTCGGTGCGCACCGGAACTCCCGCCGTTCCCGAAACCCCAAAACCGAGCGCCACCGGCCAGGAGAGACGCAGCACGACTCCCTGCTGGGAAAACGAACGCGCCGATCCAAAGACGGTCTCGTGGCTTTGGGCGTGCACACCAGACACGGCGATCCGAGGCTGCTCGGAGCCTGCCACTTGCACCACGCAACAGGCTCCACCCGCATGCGCCGCCGAGCCCATCAAGACGACCCAATAGCCAAAAGAAGGGGCGCTCCGACGCAACGACCGAAAATTCCAATCCATGGGACCCAACATACAAGACCATGGCGGCGGGGGCTTCAGGCTGGAAAGCCACTTCGCCATTTCGAGGGCCGCGGCGGACTTGGGTCGTTTCATGGGATTCTCCGCTTTCCATCCATCCTGGACGGCTTTTGTCACTGGATTTCAGGGATCCTGGTTCAGAAGATCGATATAGGCCGTATAGGCGAACACGCGGTTTCGCTTTTGGCCGGTGAGTTCGCGGACCAGCCCGAGCATTTGGAGCGCCTCCATCACCTTGCCGGCCGTGGCGGGCGTGATTGCGGCCATCTTCACGAGCGAGGCGATGTTCGAGATGGGTCGGGCGGCCAACGCATCCAGCACCTTGGCCGCCGACCCCGCGATGCGCCCCAAGGGGGCCAGGCGTTCCTTGTCGGAGCGATGGAGTTCAGACAGTTTTTGAGCCGTTCCCACCGCCTGGGTCGCGGTCTGGGAGACCGCATCCGCGAAGAATCCGATCCACCTCTCCCAATCGCCCGTGGTACGCACGTCCTGGAGAAGTTCGTAGTAGGTGCGCCGGTGCCGCTTGAGGAACACCGACACGTACAGCAACGGCTCGCGCAGGACTCCCGCCTCGGCGAGGATCAATCCGATCAGCAAGCGGCCCAGTCGCCCGTTCCCGTCCAGGAAGGGATGAATGGTCTCGAACTGCACATGGGCCAGCGCGGCCTTCAGAAGCGGCGCCGTCGGGCCGTCCGCGTCGTTCAGGAATCGCTCCATCGCGGCAAACGCCTCCGGAACCAGTGCGGCCGGAGGTGGCACGAACACGGCCTCGTCGGGGCGGTGTCCTCCCAGCCAAACCTGGCTCTGACGGAATTCGCCGGGTTGGCGATTTTCCCCTCTGCCCGATGTCATCAGGGCGGCGTGCATCTGACAGATCAGGCGACGGCTCAGGGGCATGCCCTCGCGCAACCTTTGCATCCCCAGCTCCAGGGCCTTCACGTAGCACGAAACTTCCTGCACATCGTCGATGGGCACGCCGGGGACGGACTCCATCTCGTAGAGCATCAAGTCAGAAAGTGACGACTGCGTCCCTTCGATTCGCGAGGACATCACCGCTTCCACGCGCACATAGCTGTACAGAAACAATCGCGCATCGGGAAGAAGAGTGCTCACCGCATCCAGCCGACCCAGCGCCAGGTTCGCTTCCTCCAAGCGCGCTTGCAGCCCCGAGTCGATCAAAAGGCCCGGAGACGGCGGAAGTGGATGGGGCACAAAGGCCTGGCAGGCAACGCCGCCAGCGATCGTTGGCACTGTGCGTCCTGTGCTGCCTCGCTTCATCCGTCTGGCTCTCTCCTTGTCTGGCGGGAAAGTAAAATATGGATGCCCACTATTTTAACTTAGGCACTTATTTAACTTACTGGAGGGGGGGGTCTGTCTGGACATCCTGCGCAAGTACATCATTGGCTTCAACAGAAGTCCCTCGAAACCCTGGCGCAGGAAGAGCTGGCGAGCCCGGTAGCGAATCCATGAGCTGCTTGCGCTTCGTTTCGTCGAACCGTGACTCCGGAGGGTTGCTAGATAAGCCATCGAGGTTACTAGATAAGCCCGGGGGTTGGTAGATAAGCCGACCGAGCTTGCTAGATAAGCCAGGGGGTTGGTAGATAACTCGCCCGAAACAGCTGGCGTCTCGCCTTGTGGATCGACAGGCTTCTGGAGCAGGCTTTCCGTGGGGACGTAATAGGTCGCCGAACCACGGCCTTTCTGGGCCAAATGTCCCGTTCCTTCCTCTCGGATTCCGGTTTTG
CP064986.1_gap21	1003213	1006858	3645	CCAAGGGGACAGGCTCCTTCTGCAGCAGGCCGTCGGGAATTTCGTCGGCAACGCCATCGACTTCTCTCCGGAAGGCGCCTCCATCGAGGTCGTGGCAGTGGAGGGCGACGCCCTTCGCATCGAAGTGACCGATCAAGGACCCGGTATCCCATCGTGGGCGTTGGAAAAGATCTGGGACCGGTTCTTTTCCACCCCGCGGCCCGAAAGCGGACGCAAGTCCACCGGGCTGGGGCTTCCTTTCGTGCGCGAGGTCGCCCGTCTGCACGGCGGCTCGGCAAGCCTCGCAAATCGCCCCGAAGGCGGCTGCATCGCCCGTTTGGAGCTTCCTGCGCGAATTCTTCGCTGAATCTTCACGGAGCCTTCGCGGGATCCTCAAAGCGATTCGGGATCTTTGGTGAGTCGGGGGAACGGCCATGTGGCCAACCCTCCCCATCATCCCAAGGAAAACACCATGTCAGACCTCTTCCAACGCCTCGGAGGCTTCCTTCGCCTCGGGTTCCTCGCCGTATTGCTCCTCCTTCTGCTCATTCCCGTCCAGATGGTCCGAAGTCTTGTGTCCGAGCGCCAATCCCGCGCCAACCAAGCCAATCAGGAAGTCGCCTCCAAATGGGGGCAGGAACAGTTCGTGGGCGCTTTCCGGTTGGATATCCCCATCGAGCGCCGCACCGCGGATGAAAAGGGAAAAATCACCCTGGAACGCCGGGTGGTCCATTCCTGGCCGGATTCTCTGGGCGTGGAGACCGAGCTGGTTCCCACCAAGAAGCACCGGGGCATGTACGAGTTTCCCGTATGGAAGGCCGAACAGAAATTCAGCGGACACTGGTCCGTGCCGGATTTTGACAAACTTGGCTACGCCGGCTGGACGGTCCAGTGGACCGAGGCTCGCGTACAAGCATCGGTCGGACTGCCCCAGAACCTGGAAGGGCTTTCCATGCAACTGGCCGGACACCCTGCCTCACTGAGCGCCCAACTCGATCCGATCCAACAAATCATCGTCCCCACCCAGCCGAGCACCACTGAAAACCAAACCTGGCTGCCATCCTCACCCGGCCAGACCCTGCCTCTGCAAGCCACCCTGCCAAACGACGCCTCCCACTCGGCGGGCGGACGCATCGAATTCGCCATCAACGCCCTCGTGCGCGGCAACGACGCCTACCAGGTTTTCCCCCTCGCCCGATCCACCAAGGTCCAGCTCCGATCCACATGGAAGGATCCGCGTTTCTGGGGCGCATTCCTTCCCTCCGACACCCAATACGGAACGGATGGCTTCACCTCCCGATGGGACATCTCCAGCATCAACCTGAGCTCCCCGATGGTCTTCACCACCGAATCGGAGCGCAACAAGAACCTGGAAGTGCCGGTCGCCGCCGTCCACATCCGCGAGCAGATCGACGCCTACGATTCCACCGACCGGGCCGTGAAATACGCGATCCTGTTCATCGGACTCATGTTCGCCGCCTTCTTCCTGTTCGAGACCAGTCTGGCCTCGCCCATGCATCCCATCCAGTACGCCATGGTGGGTCTGGAGTGCGTGATGTTCTACCTGCTTACGCTCTCGTTTTCCGAACACTTCGGGTTCGACCTCTCCTACTTGGCTGCCTCCATCCTGACCACGGGCGCCATCGTCTTCTACATGCGATCGGTACTGGATTCCTGGATACGTTCGCTGGCGTTGGGAACAGGAATGGCGCTGTTGCACGGGTTCGTGTGGACCTTGCTGAAAGCCGAAGACCTGAGCCTCCTGATGGGAAGCTCCGGATTGTTCGCGATCCTGGCCGTACTGCTGTGGTTCACCCGCCGCCTGCGCTGGACCACTCCGATCCCCACGCCGGAAACTGCCAACGAAATCTGAGCCCAACCAGATCGATTCCCCCCGCGCCGACCGCCCCTTTCCTCGGGGGGCGGTTTTTTCGTCGCCCCAAGGCAACCCTACAGCAGGACGTACCCGATCAGGAAGTTCGAGATCAGGACGCAAACGGATGACGCCTGCACCGATTTTTCGATGGCCCGCCCCACGCCTTCGGCACCGTTTCGCGCCTTGGTTCCGGAATAGCAGCCGAACGTGGTGATGATGAACCCGAACACCAAGGCCTTCACCAAAGCCACGTAGATTTCCCAGTCCGAGTAGAAGAATCGCACGCCCTTCCAAAACAAGGAAGGCTCCATTCCCTTGAAGACCACCGCCACGGAGAGTGCTCCCATCAATCCGATGAAGGCGGATAACACGCACAAAACGGGCAGCATCACCAGCCCCGCGATGATGCGCGGCGCCACCAGAAATTGGTGGCGGTCCAGTCCCAGGACATCCATGGCGTCCAGCTGCTCGGTCACCGACATGGATCCGAGTTCGGAGGTCATTCCAGCGCCTGTGCGCCCCGCGACCACCAGCGCCGTGAGCACCGGTCCCATCTCCAGCATGATGGACTTTCCAACCGCCGTTCCCAAAAAAGTGAGAGGAACGAAGTCGGAGAAAAGGTATGCCGCCTGCCAGGCGGTGACCGCCCCGGTGAAGACAGAAGTCGTCCCGACCAGCGGAATGGAGCTGATTCCGATGGCGTACATCTGTTCCACCGTGAAGTGGTAGTGCCGGTAGAATTTCCAACCCACCGAAGTGGTGCGCCCCAGGAAATCCAAGTAGTTGAGGACCGATTCGATCCCGTCCATCACCCAGTTGCCCACCCAAATGATGAGCCGGTCCACCCCGAGGAAAAGCCAGCTCATGGGCTGCATCAGAGCGAATAGCTGCTTGAACATTGTGCTTCAAGGTAGCATCCGCCATCCAGGGGATGCCGCTACAACCTCGCTCGGCCGAGCGACAATCCCGTACCTAACGGGCCTTTCGGGAATTGCCTTGCGCCACCGGCAGAATCGATGCGATCTCCAAGGCCTTGCGCAGAAGGCTGGAAACCACCACCGCAGGAAGTTCGGAACGGCCATGCCATTGCCATCCGCTGGGTAAGGTCCCGCCTGACCACGCACCTTTGGCCACCTCCCAAACCACCTGATGATGGGTGATGGAATGGCGAACCAATCCCAGGCATGGCTCATCGGCGACAAGGGCGGGCGAGTCGCCTTCCGCCGGCAAGATCCACAGGCCCGTCAAAAGCTCCGACTCTTGGGCCCTTCGCAAGAGAATGCCGCCAGATCGCTCCACGACAACGACCTTGCGCCGGATGGGGACGACTTCCTTCCTCGCTTTCGCGGGCGGAAAGGCCTCGGGAGTTCCCATGGCGCAAGCCCGGCAACCCTCCGCCAACGGGCATTCGCCACACGAAGGGTTGCGTGGCTTGCAAACCAACGCACCCAACTCCATGCTCGCTTCGTTCATTTCCCCCGCCTCGGCCCCTTGGATCCAGTCGATGGCCATTTCCCGAAGCCTTTTGGCCCCTGGACCGGATCTCGGGTCCAGCGCCAGCGCATGGAAACGAGACAACACTCGCTGCACATTCCCATCCACCATGGGCACCTGGAGACCCATGCTCAGGGAGCCGATGGCCGCCGCCGTATAAGGCCCCAATCCAGGAAGCGCCAAAAGCCCTTCGAATGTGGCTGGCCAGCCATCGCGTGCGATGGACTGGGCGGCTTTGTGGAGATTGCGAGCACGGCTGTAGTAGCCCAGACCAGCCCAGGCAGCGAGAACCTCCT
CP064986.1_gap22	1019453	1023348	3895	GCAATTCAAGCTTGGCGGGAACCCACAGGTCGTCGCTGTCCAGAAAGGCGATATACCTTCCCGAAGCGCTGCGAACTCCTTCATTGCGAGCAAGCGCAGCGCCTTGATTGGTCGCCAGCAACAGCGATCGGATCCGTACGTCGGATGCAACAAACTCCGCAATCAGTTCCCTGGAGGCATCAGACGAACAATCGTCCACCAAAAGCAATTCCCACTCGCGCCAAGTTTGAGCCTTCACAGATTCCACCGACTCTCTCAGAGTCCGAGCGGAGTTGAAGACCGGCATTACGATGGAAATAAGTGGAGTTTCCATCATCCAGTGGTCCTAGGCGTAAGATTTTCGCCGCAACGCTGGAACACGGATGGCCTCCAAACAGCGTCCCCTGGCGAAGGGCACCTGCAACACCCCAGAAAACCGGGGCATGATCGCGTTTGGATGCTCATGCAGTTGTACAATAGTAGGCATTTCCTCCGGCCGCTTTCGCTTTGACGTCGGGAATTTCCACGGCCTCTAGCGCTACCCTCGCCGCTGGACGGGACCGAAGGCTCTCTCGTAGCGCGACAAGTTGTCCTGGAGTGTCTGGATCAAGGACACCATGTGCGATGGCGTGGTGATGATCCTGGCTCCGACCTTGGCCTTTGGCACCCCTGGAAGGAGGCGGGCAAAATCCAGAACAAACTCGTGGGGGCTGTGGCTGACCAGCACAAAGTTCGAGTAGATCCCTTCGGCTTCCTTTTCGGAAAGCTCGATATTGATGGCATTGTCCCCTTCGGGATTCACTGGAGCGACCATAGGGGACTAAACCTAGATCCTGGCTCTCCTTCCGACACCCTCCAAGCTCGGTGGCCACCGATTCGTTCGGTTGGCTCCTACCCGGCTGGGCATGAAAAAGGCACACACCACAATGCCATTTCAGCTGCTTGCAGCCCGTGTACCAGCTAATTTTACCCCTTCATGTCTTATCCATCCGATCGCAACCGCAATCGCCTTCCCCTGGGCTCCTCGATCAGTGCGATCGGTTTGTTCGCGCTCCTGGTCGCCTCCTGCCAGCGCACCACGGACGTGGTCGAGCCATCGCCCGATGATCCCTTCGCCCACTACGCCCACTTTCGCCTCCAGGACCGCGCGAGTCTTCCCGACAGCATCTGGTACCACAGCCAGCAAGACTCGGGCACCACGCCCCTTTCATTTGACACCTCCAAAGAAACCATCCAGGTTTCGCTCTTCCCGATTTTGCACGCCTTGGGCAGGGACTCCCTTCAGGTCCAAACTTGGCGCCTGGGAGTGCGCACGGGCACCTGTTCTCTGAAGGAGGTGACGTATGGCGAGCTGTCCGCCTCTCGTGTGATCCGAACCGGACCGGACTCCCTGGCTGGCCGGTTGCTTGGGCTGTACGATTCCCTCAGAGTGGCTCACGCGGCAAGCTCTTCACGGGACACGTCGTCGATGGCTCAACGGGAAATCTTCCGGCAGACCATCGCCGAGCTTGTGCTGCAGGGGCACCCCGCCACGACGACTTTCCGCAAGTTCCCACCAGTGGGCTTGGACACCGCGGACATCACCCGTCGCACCCTGGCGTTGGTGTTGAAATCGAACCTCTCTCTTGGCCAGATCGTGAAGCAATGGACGCTGGGCATGGACTACCAGACCGCGCGAGCCGCCCTGACTTCGCAGGGACTGGATTCCTTGCCTCTCAATCCCTTTCGGATAGCCCAACCTCTCCGACTGGATACGCTCCGACTGGAGGAGCCTGCCGTGGGCCTGTTCGGCAAGATCTCCGCACGCCTGGGAATCCAGTCGTTGTCATTTTCCGTCACAAACGATTCCGGCAACCGTACCGATCGCTTCCTGCTGGCGGATGCCCCTTCGGCAACCAATCAGTCGAGTCTTGATCTTGCCGGACACCCGACCTTCGCGCCCCGCGCCAACACGGCTCTCGGCCGATACACATTGCGATTGGTGGCCACCGACTCGCTGGGAAACAAGGCGGAGATCGCGACTTCGTTCTGGGTGAAAGGGGCGCTCGACCACGCGGGACCCATCATGGACGAGATCAGCCCCGCTTCCACCTTGATGCGTCCGTTCGCGGATTCGTTCCTGGTGGTCCGGGTGAAGGCAACCGATCCCTCCGGCGTTCGCTCCGTGAAGGTCGGGTCGATCGATGCCGATCGAGGATCCGACGGAGTTTGGTCGGCAAGGATCGTGGTTCCCATCTCCGCCAGCAGCCAGAAGGTGGACATCGTGGCCACCGACTCGGCAGGCAACGATCGAACCTCACAGATCCTGATCCGCCGCGACACACCCCCCGTTCCCACCGTACCTCGATTGCACCTGGTCAAGCCCGCCAACAAAAGCCTCGTTCCGTTCGATTCCGTCTCGGTGGTGGTGAGCTGGAGCGCAGCCACTGATTTTGGGAAAATCGAATCGGTTCTGATCGGCGAAATCGCGGCCAAGAACACACACGATTCGACTTGGGAGTTGCGGGTGGATCTACCGCCCAATGGAAAACTCGCCGACATCGGCGTGCGTGCCCAGAGCAGTGTCGGCCTCATCTCCAACAACTTCGTCTCGATCGGCCGGAAAGCCGACAGCGCCGGCCCCATCATCCGCTGGATTTCTCCCGCACAAGGACATCGGGTCGGCTATGACGTGACGACTCTGGAAGTGACAGCGACGGCATCCGATCTTTCCGGCATCGATTCCGTCCGCATCGAAGGCAAGGTGCCGGATACCACCAAGGGGAACTGGAGGTCCACCGTCTCGCTGGCTGGTCCGGGGGAAATTTCCCGAATCCATGTGATGGCGTGGGATCACGCCGGCAACAAGTCAGATTCCGTCTTGCTGGTGTCACGCGACCCGATCCCGAAACATCTCGGACCTTCGTATCGATGGATCAATCCTCCGGAGAAATCGGGCACGGTGGTTCCCTTCGACAGCACGGGCATCTGGATCCGCACCGTGCTCACCGACATTTCCGGCATCGACGCTGCGTCCGTGAACATCGACGGCGTTCTTGCCACCCGGATCGACGACTCCACCTGGGCACGGCGCGTGGACCTCGCTCCCACCGGCGTGGAGGCCCCAGTGACCTTGGAGGCCAAGAACAGCCGCGGGATTCCGATCTCCGACTTCGTGCGGATCACCCGCCTCCGCGACTCCATCCATCCCACATGCGGACGCCTGGCCAATCCCGTGGGCAGTGTGGTGCCGTTCGACACCACCTCGGTGGAGATCGGCTGGACAGCTTCCGACAATGACCGCATTGCGAAAGCCTGGATCCAGAATGGGCAAGTCGGTGCCTCCGCGAAGGGCTACATGTCGCGAGTGCCGCTGGTGGTGGGCACGCAATGGGTGGCCTTTCGCGCCGAAGACCCAGCTGGAAACCAGGTTTTGGACAGCATCCTGCTGGAACGACGTCCGGACACCATCGCTCCGAAAATCCAACGTCGAGCGGGCACGCAGAACACCATCGTGACCTTCGACACGACCTCCATCGAGGTCGGCTGGACAGCTTCTGACAACGATCGCATCACCGACGGTTGGATCCAGGGCCTGACGGCAACTCCCTCCGCCTCAGGATTCATCGCACGAGTCCCGCTGACGGTGGGCACACAGTGGGTTCGCTTCCGCACCCAAGATGCCACCGGAAATTTCACCACCGACAGCGTCCAAGTCCAACGCTGGACCGACACCACCTCGCCTCGCGCCCAGGCGCTTGCGACCAACCGAGCGCGCGTGGTCCCCTACGACACATCCTCCGTCCTGGCGGGCTGGACCGCCACGGACAACGACCGGATCGACAAGGTGTGGATCCACGACGTGCTGGTTTCGGCAACCTCCGAGGGATATGTCCGTTCGGTTCCTCTGGCTCAGGGAGTGCAGTGGATCCGCTTC
CP064986.1_gap23	1132868	1135090	2222	CGGTCTTCCAGCGACGCTCCCGCGTTGGCCGGGTTCACCGCCACCAGGGTCCTCACCTTGGCCACCTGCAAGGCCCCGAGGGAATCCGTGGTCAGAACCATCAGTTTTCTGGGTGCCGAAGGATCTTCCTGGCCGAGCCGGGAGACCATCACGACAAAATCCGTGGTTGCGTTGCCGTCAAGATCGGCCGAGGCGGAGTCCAGAAACCCCCACCCCTTGGGAAGGATGGAGGCCAGGCGTGCGGGCGAAGGCTGGATCTCGGCGCCGGACGCGGCGGTCCAAGCGACGAGCAGGAACAAAAACGCGAATCTTGGACAGAAATTGGACACTCATGGCTCCTCGGAAAGATTCTCCAGACAGAAGTCGACAGGAACGTCCATGGTGTTCTTGCCGGGTACCGTGATGGAAATATCCTTCAGCGGTTCCTTGTTGTAAGGGTTTCCCGTGGCAGGCGCCCAGCAGGTGGTGTTGAAGTCCTCCCACGGAACGAATCCCGACGTGCCCGAGATGGAGGCGCACCAGCGTCCTGCGGCGGTTCCCGATTGGTCCTGCAGCTGGATCCGCAGCTCGGATCTTCCAGGATTGGACACGGCAAACCGGATCCCGCTTCCGGTGGGCGTGTACGACACGATCGGGGGCTCCAGCGCTCCCGCAGGGGGCAACGCTTCCTGGTTCAGGTTGATCCCCACCATCAACACGCCTCCGTAGGCGGGATCCTTGCCTACCGTGCCACTGACGCACAAGCGCGTATCGCTGGCCTTGAGGGTGGAAAAATCGGCCGGCGCCACGGTGGATCCCGCGCCTAGCCCTAGGCTCCAGGCGTAACCCTTCCACAAGCCGCTGGTCACGTACCCACCAGCGGCCAACTTCATGCCGGTGACGATGGGCTTGACGACCGTGTCGCGGGGCACGACGGAATCCGACTTCGGGACCGGAATAGGCGCCGGGGAGGGGCCTGCGGGATTTGTCTCGGCATCCGAGCAGGAAAGAACGGAAATGGCCAGGGCGCAAAGGATGGAAGCATTTGAGGAATGCATGGCGAAGCCTCCGGTTTCGAGTGGTTTGATGGACGGCGCTGAGGTCGAAGGCCTCGATGCCCGTCATAGGATTTGGTTTCTGTTCGAACGAGTTTGGTTCTCTGTTTTTTGCGGTCACGATTTCACGGGGAACCCATCCGGCTTCCACACGACCTGTTTGGATGGGGCCGGTTGGACGCGCCCGTCCGAAGCCGCCCAACCGACGGGTGGATATCCTCGGACGGCGTTGGGCCGTTCGCTCGGACCTTCCGGGAATCTGGGCGCTACGATAAGTTTTGGTAATTCGCCAATCCTTGTTGTAAAGTGGGCGAGCGAAATTCCATCTTTTCACCCGTACTCGTTTCGGTGACATCCATCCGACGGAGCAATCCATGGCTCATCCCGCGCAACACCCACCCCTCCGCCGATCGGCCCTGGGGAGAATGCGCTTGGGATGGCTGGCCCTGGTGGGCGCGTTGGGTTCCGTCCATGGAGGGAACCCCAAAACCGCCGTCGCGATCCTGACCGGGTCTTCGTCCGGATCCAGTGGTCTCGCCCTGCACGGGACCCTCTACGACTACAAGCTTCGCAACTTGCGCGGGCAGGACACCTCCCTCTACTTTCCCTTTTCCCACAAAACCAGCACGGGCCCGGTTCCTGGGCTTTTGGCCCACCGGCTGGATCAGAAGGGCCGACCGGTCTGGACAGGCAAGGCCATCTGCGATCTCCAAATGGATTCGACCCGTCCGTGCGAAAGCCCGCTCAATGCGCCCGATCGCTGGTTCCGCGCACGTCCGGAGAAGAATGCGCAGTTCTCCTTCGCTTTGAACATGCAGGAGTTCGACGGGGACTCCCTGGGTTTCGTGGACGATTTCTTCTTCCCTTTGGACACCTTCCGCACCCTTCCCGTCTCCGCCAACAGCAACCCTTTCTTCGACCAGCAACTGGGTCTGGACCTGGAAAGCCACAATTTCGGATTCTGCCTGGAACTCCACGGCAAGGTCCAGTCAAAAACTGGCGGCAAATTTTCCGTGACGGGCGACGACGACACCTGGGTGTTCGTGGACAGCCAACTGGTGGTGGACATGGGAGGCACGCACCCCGCCCAAACGCAGAGCATCCCGCTGGAGCCGCGCTCGGGCGGGATCGGCACCTTCGTTTCCCTCGACATCTTCCACTGCGACCGGCAGTCGAACGAATCCGTGT
CP064986.1_gap24	1137375	1138049	674	GCGGTCCTTCGCCCTGGATCGCCTGCCCCTTCCGCTTCCTCCGGTGATGTCGATCGATCTGTTCCATTGCGAGCGGCACGTGAACGAATCCATCCTCTCCATCTCGGCGAATTTCCCCATCCACCCGGTGGGGACCCTGAAGGCGCCGTCCCGGATCTCCTCCCTGCGACCGACTCCCGCTTTGCAAACGAGCCTTTCCATGCATCCTGGCAGGAATGCCCTGTCCATCCAAGCCGCCCCCGGACGCGCCTGGAGCCTGGAGCTGCGCGGCTTGGACGGCAGGCTGCACCAGTCGATCACCGGCACCGGCCCCACCATGATCCCGTGGACAAATTCCGGCATTTCGGTCGCGCTGCTGCGAAGCGGTTCGGAAACCGTCCGGGGAAGGTTCGTCTCTGCGAGGTAGCGCTACGGAGACTCGGCGAGATCCTCCAGACAGAAATCGACAGAAACGTCCTGGACGTCCTTGCCGGGAACCACGATGCCGATGTTCGTCAACGCCTGGTGGCCGTAGGTCGTGCCGGTGGCGGGGGCCCAGCACTTGGTGTTGAATTCGGACCAGGGAATGGTGCCGGAGGTCCGTCCCGCGAGACTCGCGCACCAACGGCCCGTCGCCAGACCCGATCGATCCTGGATCTGGATCCGCAAATCGGATCCAGCCGGATTGGAAACCT
CP064986.1_gap25	1142184	1144108	1924	ACCGCGTGGGAGCCATCGGGATCACCCTGAGCATCGCCGCCCATGCAAGGATCCTGGACAACGAATTTCGCGACTGCATAGACGGCAAAGGCGCGACCGAGGGCGGCGGGGCCATCCAGTTGTTCCGGTACAACCGCGACATCGAAATCGCCGGGAACCGGGCCTTGCGCACCGCGGGTTTCCTGAAACTGTGGGGACTTCATGGGGATCTCGATTCGATGGCGGGCATCTATGTGCACCACAACATCGCCATGGAAACCCAACATTTCGCCTGGTCCGACGCACAGACCCCACAAGACGACCCCGCCGAATGGGCGGTCGCCTTCCGCGATGTCTTTTTCGACCACAACACCATGATCCAGGACCACCGCTGGGGACAATTCGCCATTGGAGTCGGCACGCCCTTGTCCGATTCCACCCGCATGCGCGTGCGCGACAACCTGTTCACCGGCGACAGCCTGATGGAATTCCTCCACGAAGGGCCGTTCTCCCGAGGCACGAACCTGTTCTGGTCGTCCGCGGCCGGATCCAACTACCCGTCGCCGAAGTTCGCGACGGATCTTGTCGTAGACCCGTTGCTGATCCCCGACACCGCCACCATTTCCTATTCGCTGGGGGCGAGCAGTCCGGCCAAGCGCGCAGGCGCATCGTATACGTACCCGGGAAGTACCGTGGCCAGGTGGACGCCACCTTCCGCCAGTGCGCACCCGGATCTGGGCGCATTGGACGCTCCCGTGTCGACACTTGCCGCCTCCCTGCCCAAGCGTTCGGTTCTGAAGGCTCGGCACACCACCAATGGCCTTGTGGTCGAGGGAATCCCCGCCAACCAGGCGGCTCCACGCTTTCTGGCATCGACCACGGATGGCCGGATCTTGTCGATCACTTCGGCGGAATCCACCCAAGGCGCCTGGCGTCTTGAGTTTGCCGCCGTGCCCACCGGCGCCCCCGTTTTCCTGCGCATCCAATCCAGCTCCAGGGAAGAGTCCCTGGTGCTGGTCAACGCCCGGTAGGAGTCACACGTACAGGTCCATGGCGCCTGATCGCGCCGCTTCCACGCCTTGGCGCGTCCGATCGCGCACACGCGCTGTGCCGATGGCCTGGATTTCCGTGTCGATCGCCGCCTCGCCCAGAAGGCGGGTCTGCGCGCTGGCCGCCTGGGTGAGGTATTCCTGGAAGCTGGTCAGCGCGTTGGGCAGGCAGAAGTGTTGGATCGCGCCCGGCTTGGCCAGGTCCATGAAATCGTGGCCGGTGCGCCCCTTGCGGTAGCATCCGGTACAGAACGACGGAATGTGTCCAAGCCCGACCAGGTCCGCCACCACCTCGTCCAGGGTGCGATGGTCGCCCAGCGAGAATTGTTCGGCGCCTTGGCGCGAAGCGTAACCGCCCGGATTGGTGCGCGACCCGGCGCTGATCTGCGAAACGCCGATGTCCAGACCTTGCCGGCGCACCTGAGCGGTCTCGCGGGTGGACAGGATGATCCCCGCGTACGGCAGCGCCAGGCGCAGCACCGCGATGATCCTCAGGAAGTCGGAATCTGTCACTTCCACCGGAGGATGGGAGGAAAGCTCCGAACCCGAAGCGGGTTCCAGGCGCGGAACGGAGACCGTGTGCGGTCCGAAGCCGAATCGTTCTTCCAAATGGAATGCGTGCTGGAGCATCGCCAACACCTCGAAGCGCCATTCGTGCAAGCCGAACAAAACGCCCAGTCCCACATCCTCCAAGCCCCCTTCGATGGCCCGATCCATCGCCGATAGGTGGTAACCGTAGTTGGATTTGGGGCCTTGCGGATGCATGATCGCGTAGGTGTCCGGATGGTAGGTCTCCTGGAACAACTGGTAGGTCCCGATCCCGGAGGCCTTCAGCTCGCGATAGGCATCCACCTCCATGGCCGCCACGTTCACGTTGATGCGGCGAATCTCGCCAG
CP064986.1_gap26	1208374	1210743	2369	TTCCCAACTGGCAACAGAATCAATCCCAATGTCCGAAAGATCATAATTCTCGAGGCGATCCTACCGACTAAAGGCGCGCAAATACGCTTCGGCCAAAGATCGGGTGAATTCCGGCGCAAGGGTCTTTCGCAGGTGCCACTTGTCCGGGAAGTCGTCCGGCTTGGTCTGGTAGGTGGGGACCACCACCGGGGGCAAACCCCAACGGCGCAGGGTGTTTTCGAACACCACGCGGTCGGCCTGGCGCAGGCTTGTGGCCAGGGGAGCGGCTTGGGTGGGGGAGTACGGAATCCGCACGAACACCGGCAGAGCGCCGGCATCTTTGACCAACCGCACGATGTCGGCCACCACGGTGGAGTCCCAATCGCCGTAGGGTTTTTGGTCCTTCAGGTCGGCGCGCGCCATGCTGTCGGCCATGAACATGGCCAATTCCACACCTTTCTTGTCCGCTCTGATCCCGCCGTCGGTCGACAAATCCGCGTTCGAAACCGCCTTGACTGCAGGCGTACCCCAGATCGCGGTCTGGATTCCCAGGCCGAAGGTGTCGATTTTCGTCCGCACCACATGGCGCAAGCGCGCCATCTGGTCGAAGGCAGGAAACCACAGGTCCGATGCAATGGCGAATTTCGCCTCCGCAGGAGTCGCGGAATTCCAAACCCGCAGGAAATCGGAAGGTTCCAGGTAGGGGACCAGGAGGTCCCGGCGGTCTTCCACGATCCAGTTGCCCGTCCACCGTTCCGGAAGGCCTATGCCTTCGCCCGCTTCGATCAGGACGGCGGTGCCCCGCAAAGCCGTTGGATTGGCCTTCAGCAAAGCTCTGAGGCCATGCCAATGTTCCATGGGCGTGCACCATCCCATGCCCAGATTCACCGCGGAGGTCCGCACCCCAAAACGCTCGGCGATCACCTGCTCCCAGGTATCCGTATGGATGGCCGCCCGGGTGCGGGAGGTCCCCACGAAGAGAAAATTGGGGTGGTAGCCCTGGTTCACGGCTTCGATCAACGGCCCATACCAGATGTCCTGGGTTTTGTTCTCGGGTCGCACGGAAGCGTTGAGCACCGCGATGATCCCGAGGAAGGCGGCGGGAAAGCCGATTCCCATCAGGAGCTTTTGCCACAAGGGCCTGGGGTTAGAACTGGAAGTAGAGGAATTGTTCATGGCCGAATTTGCCCAGGAGAACGATGGAAAGAAGAAGAGTCAAGAAGGCGATCCAACGGACCCCCACTGGCTTGGTAGCAAGCTTGGCGGTCGCGCCTTGGCGGTGTCGCCACTGCAACAGTTCCAGGATCGCCACCATCAGGAGGGCGAAGCGAAGGTCCGCGTCGGCCAACGCCTGGCCCAAACTCTCGAACCCACCCGGCGCCACGAAGGACTTCACGGCGATCCAGGCTTGGGCAAGATCGGGAGCCCGGAAGAAGATCCAAGCGAAGTCCACCAACAGGAAGGTCCCGACCACGGCGAAAACTCCGCCGGCCTTGGATCCAGTCCAGCGCTCCCAGCCTGCGCGGCCTTTCAACTTGGGCTCCACCAGCCGTTGCACCACCACGAACAATCCGTGCAAGGCTCCCCAGATCACGAACGTCCAAGCCGCTCCGTGCCACAGGCCCGACAAGACAAACGCGACGCCCAGCCCCAGGACCATGCGCGCGATCCCGCGTCGATTGCCTCCGATGGGGATGTACACGTAATCGCGAAACCAGCCAGAAAGCGAAACGTGCCAGCGTCGCCAAAATTCGCCCGGCGATCGGCTCTTGTAGGGGTGGTCGAAGTTCAAGCAAAGATCGTAGCCCATGATCCGCGCCGCGCCACGGGCAATGTCCGTGTAGCCGGAAAAGTCGCCGTAGATCTGGAAGGCGAACAAGAAGCTCGCAAAGGCCAGCTTCCAGCCTGCGTTGGCGACCGGATCCGCCCAAGCGCTGTCCACCACCACCGCCAAGCGATCCGCCACCACGAGCTTCTTGAAAAAGCCCCACGCCATCAGCTCCAAGCCGGACACGAATCCCGCCCAGGTGATCTGGACCGGCTTGATCAACTGGTCCAGCAAACCTTGCGGGCGTTCGATGGGGCCCGCCACCATCTGGGGCCAGAACAGCACGTACAGGGCGTAGCGGGGGAGGTTCCGCTCGGCCTGGCGCCTCCCGAAATACACCTCCAGGGTGTAGGCCATGGATTGGAAGGTGTGGAAGGAAAGACCGATGGGCAGCACCCAGGGGAAGGTCCAGGCGATCTGCCCCAGGCCGAATTCCCGGGCCAGGGCATCCACATTGGCCAGAGCGAAATTGGTGTACTTGAACGACCCCAGGATGGCGAGGTTGGCCACGATGGAGACCCAGAGCGCCCGCTTCCGCTTCGCCCCCTGGGCCCCCTGGATC
CP064986.1_gap27	1217831	1219064	1233	GGTCGGGAACCGGCTTGGAATCTTCCTCCGGGGTCGCACGTCCGGCACTCACCTGGCTCAAGGACTACATCCCCAAGAACCTGAACGTGCCCTGTCCGACCTCCGGCCTCGAGGCAAACGAGGTCGTCCCGTCGCCCGGATCCACCTCGGGCCTGATCGTGCGCCAAGTCGGCGGACACTTGGTCACGGGCGTGGAACGCAATGGACAATTTCTGGCTCTCGGGGCGACGGGCAGGAACTGAATTCTCTTCGGGCCACTCCTGCTCCCGGCCACCAGGGAAGGACGGCCCCGTTGGAGGAACCCGGATCACCCAACCCGAAAAAACGAAACGAACGACGAGTCGCTCCCAACGGGGCGGCTCTTTTCTTTTGTGCAGGGATTTCCTGAAGCGGTTTGGAAAAAACTACAAAGCGCTTCAGATCAACTTTCAAGCCCCTCGCGACACCCCGCCCTAGCTTCGATTCATCAGAGCATCAGCCACAGGAGGCCTCTGTTGAACTCACCCACCCGTGCATCTTGCCGCATTTCCACCTTGGTTGCCGTCGGGATTCTTGCCCAGGGAGCTTCGGCCCAGTTGGCCAAGGGTCAATGCAAGTTCCTGGGTAACATCATCACCAACGGTGTTCCCTCCGATTACAACACCTACTGGAACCAGTCCTCGCCGGAAAATTCGGGCAAGTGGTCTTCCATCCAGTCCAGCGTGAAGAGCACCACCTACAACTGGAATGGATTCCAGACCGTCTACAATTGGGGCAAGACCACAGGCAACCCCGTCAAGTTCCACGTCCTGGTTTGGGGCGGTCAGCAACCGAGCGACGCCGGTAGCGCCACCATCGACGACATCAAGAGGTGGTTCAAGGCCGTCCACGACAAGTATCCTGACCTCCAGCAGATCGACGTGGTCAACGAAGCGTTCCCCGGCGGATCGTGGGGAGGAAGAGCCCATGCGCCGGCTCCCTATCGAGGAGCGCTGAAAGCCGCTGCGGCGAGTTACGGGATCCCTTCCGGCGAATTCGATTGGATCTTCGTGGCCTTCAAGATGGCCCGTGAGCTCTGGCCCGATTCCTCCAAGACCAAGTTGATCTACAACGATTACAACACCGTCGAGTACGATGCGGAAGCCAAATGGCAGGAGGCTCTAGCCAAGGCCGCCAAGGAGCAGAAGATCCCCATCGACGCCATCGGATACCAGGCCCATGATGCCTGGATGGTGTCCACGGCCACCGTGAAGA
CP064986.1_gap28	1236624	1237360	736	ACCAATCAGTCAGTTTATGTCAAGCGTTTTTCGGCGGGGACCTTTTGTGGATCAATCCATCCATTGCATCCGGCCGATCGTGAACCCGCCATCCCCGCCCATCGCGCGCACCACGTACACGCCACGAGGGACAGCCCCAGGCGCCACCGTCACGGAGCTTGATGCGGAGCTGGTTTCGAGGAGGGACGCGAAGACAACCCGCCCAGCAAGATCGACGATTTGAAGCTCGACCTTTGGTCCTTCGAATCCTTCCGCCGCGATGGTCCGTCCGCGAATGGCCAACGTTGGACGTACGTTGGAGCGCGAACCCGAGGACACCTCGGACACCGCGCCAAGTTTCACACCGACCGACGAAGCCCCCAATCCCCCCATGGCGTTGGCGGCTCGGACCGTCATCACGGATCCGGTCGCGAGCTTGGAAACGTCGTAGCTGTTGGTCGTCACGTTGGCCACGTACTTGCCGTCGCGGAACACCGCCCAGCACAGCGCATTGGCGTCATCGTTCCAGAGCAGTTTTCCGCCCTCCTGTCGCACGATCGGAGCCTCGACCTGTTTGGTCGACGATTGAGGCTGCCAATTGTCGGATCCCCCCAGCACCGCGGCGAGCGTGTATTTGGCAGCTTGCGCATCCGTCAACACCGGGTTGAGCGTCACCGTGTTGGCGTCCTTGGTGTAGGAAGTTCTGCGCTTACTCAAATCGACCAAGGCTCCGGATCCGTTTTTGCTCTTGTATTCG
CP064986.1_gap29	1277192	1282073	4881	ACCGCCTTCGGGGTCAAGGTGGTGGATCCTTCCGGGTCGCTGCTGTCCCTGATGTCCAACGCCACCGGCAACTACGGGCGTATGCTGGGCGCCCAACAGCGAGCCAAGGAAAGCGCGGAAAAAGGCGGCGACGGCAAGGCCACCTACGAAGCGCGTACTTCGGTCAATTCCACCGGCAGCACGCAGACCCTGGAAGTGCTATGGGTGGGAAGCGGCGAGTTCACCAACCAGGACCTGAAAGGCAAGGAAGTGACAGATTCCGACGCCGACATCCTGGCCATCCAAGGATCGCTCCTAGGCCAGATAACCTCCTGGAACGGACTGGGGGGACTTCCGCTTTCCGTGGTGGCGCAGTTTCGCATGGTGATGGGCTACTACGACCTCATGGGCAAGGACCCTTCCGGCTACCAGACCGAAAAGAACAAGATGTGGATCACCATCCCCTTCGGTGCCGCTGTGGTCTACGACGCTCCCGCAGGGATTTCCGTGTGGGGTTCGGCTGGCTATGATCCCATCACGGGCGTGATCTCGATCTTCAGCACCAACGTCCACCAGGCCTGGGAACTGGGTGCTGGCGCCACCTGGCAGCCCTTGGGATGGCTTGCCGTGGACGCCGCCTGGGAACACCGGATTTCCAACGTGGACAACAACGACGTGTGGAAGTTCACGACCGACGGCATCCAAGCCCAGGCGCGCATCGACTTCGACGGGTTCTGATCCGTTGCGTCGTGCGCCTTGCCAGATTATGTCTGGCACCCCATAGGCACCCCCGCAACGAAAAAGCCCTCCCGCCGCATCGCGACGAGAGGGCTTTCGGATCCGACGCCCGCTCCTAAGGGGGCTGTTAGAATAGAAGGAGCGTCGGATTCTCCAGCAGGTTCTTGGCGGCCTGCAGGTAGCGCGCGCCATCGGAGCCGTCCACCACGCGGTGGTCTCCGGAAAGCGTTAGGGTCATGACCTGGCCTGCCACGATTTGTCCATCGGGCGAGACCACGGGCTTTTTGAGGATCGCGCCCACGGCCATGATCACGGCCTGGGGGGGATTCACGATCGCCTGGAAGTGGCTCACGCCGAACATTCCCAGGTTGGACACGGTGAGCGTGCCTCCCGTGAATTCTTCCGGCTTGAGTCCCTTGTCCTTGGCGCGCTTGCCCAGTTCCTTGGCTTCCATGGCCATCTGCTTGAGCGGCTTGAGGTCCGCGTCGCGGATGGTGGGCGTGATGAGCCCCGAAGGCAGGCTCACCGCAAAGGACAGATGCACCGCGGCGTGACGGATGATGGCATCGCCGTCCCACGAGGCATTGACCTCCGGCACTTCCTTGGCGGCCAAGGCCGCGGCCTTGAGCACCAGGTCGTTGACCGTGATCTTCAGAGTCGAGCCTTGCGCGGCCAATCCCACGTTCAGCTTCTCGCGGAACTCCATCATCGGCGAAGCGTCGATCTCGATGGTGCTGTAGAAGTGGGGGATGGTGCTCTTGCTCTCGGCCAGACGACGCGCGATGGTCTTGCGCATGTTGGACAGCGGCAGTCGTTCGGAGGCGGCGCGAGGAGCGGCGGTGGCCACTTGCGCGAGTCCACCTTCCACCGGCGCGAGCTTGGCCCGGCCGTTCTTGCCTTCCAGAGCCGCTTGAACGTCTTCGGCCGTGATGCGTCCGCCGGGGCCCGTGCCCTTGACGTCGTACAGCGAGATGCCCTTTTGGGCCGCGATCTTGCGAGCCAGCGGCGATGCGCGCAGACGGCCTTCCAGCTCGCCCTTGTTTGCTGCCTCGTCCATGGCCTGGGTTTCGATCACCGCGCCACGGGCGGCGTTCTTGAATTCGGCCGCCACCACGGGCTGGACAGGAGTTGTCGGGGCGGAAGGCTCCGACGGAGGAGCCACCGGAGCGCGTTTTTCATCCGCCGCCTTGGTGGCCGATTCCGCCTTGACCTTGGACGACTGCAACGAGGTGTCCGTTGCCGCCTGGGCCAGCAAGCCGGAGATGTCTTCGCCGGCCTTGCCCACGATGCAGATGGGTCCGCCCACCGGCACCACACCGCCCGCCGCGACGGTCTGCTTCAAGAGCACGCCGTCTTCGAAACATTCCACGTCCTGCGTGGCTTTGTCGGTTTCGATCTCGGCGATGAGGTCGCCGTTCTTAAGAACGTCCCCTTCGTTTTTCAGCCACTTGGTGAGCGTCCCCTCCACCATGGAGTCGGACATTCTGGGCATAAGGATCGCGTTGGCCATTACGACACCACCTGCTTGACGGCCTCGATGATCCGGGCCACGTTGGGGATGCACTCGTCTTCCAAAGCCGACGAGAAAGGCATGGGGGCTTCCACCGAAGTCACGCGCAGAATCGGCGCGTCCAGGTGGTCAAAACACGCCCGTTGGACTTCGGCGGCCACCTGGGCGGAAACGCCGCAGAAGGGCTTGGTCTCGTCGACGCACACCAGGTTGTGGGTCTTGCGCACGGAGGCGAACACCGTGGGCCAGTCCAGCGGCTTGATGGAGCGCAGATCGATGATCTCGGCGCGGATGCCCATCTTGTGCAGTTCCTGGGCCGCTTCCAGCACCGTCCAGCAGCTGCGTCCATGGGTCACGATGGTGACATCGGTCCCTTCCTGCAGGATGTTGGCCTTGCCGATGGGGGTCAGATAGTCGCCGTCGGGCACTTCCGACTCGCGTCCATACAGCGCTTCGTTCTCGATGACAAGAATTGGATTGTCGTCGCGGATGGCGCTCTTCAGGAGGCCCTTTGCATCGGCGGCGAACGCCGGCACCACGACCTTCAAGCCGGGGAAGGTCGCGTAGATGTTTTCCGGGGCGTGGCTGTGGGTGGCTCCGATCTGATGGCCGCCGCCGGAGTTCCCGCGGAAGACCATCGGGATCTTGATCTGGCCGCCGCTCATGTAGCGGATCTGCGCGGCGTTGTTCACGATCTGATCGAAAGCCACGAACGAAAACGAAAACGTCATGAATTCCACGATGGGTCGCAGCCCGTACATCGCCGCCCCGATCGCGAGCCCGGAAAACCCGGCCTCCGAGATGGGCGAATCGATCACGCGGTCCGGACCGAATTTGTCCAGCAACCCCTTGGAGCACTTGTAGGCTCCGTTGTACTGCGCGACTTCCTCTCCGATGAGGAACACGCGGGAATCGCGCGCCATCTCTTCGGACATGGCATCGCGTACGGCATCCCTATAGGCGATCTTGGCCATTTCGATTCTCCTTACGCGTAGATGTCGGTGTAGATCTCGGACTGGGCGGGGTACGGCGAGGCGAGGGCCCACTCGTGGGACTCCTGCACCTCTTTTCGCACCTCGTCCTCCAGCTTGTCCAGATCCTTCTCGGAAACGGTTCCTTCCGACAGAATCCGTCCACGCAGGATCTCCACCGGATCGTGCTTGCGGTATTCCTCCACCTCGTCCTTGGAGCGGTAGTACTGCGGATCGCTCATGGAGTGGCCGCGGTAGCGGTAGGTCATGAGCTCCAAGATGGCCGGCATGTTCTCCTTGCGGGCCCGCTCGGCCAGCGTCCAGGAAACCTGGCGCACCAAGTCGAAGTCCTGCGCCTCGGCACGGACGCCCATCATGTCGTAGCCCAGGGCGCGCTTGTAGAGCTCCACCGGCGCGGAGTGGCGCTCCACTGCCGTTCCCATGGAGTACATGTTGTTTTCGATCACGTAGATCACCGGGATCTTCATGAGTTGGGCCAAGTTCAGCGATTCATGGAAAGCGCCTTGGTTCACGGCGCCGTCTCCCATGTAGCAGAAGCAGACCTTCTTCTCACCGAGGTACTTGGTGGCGAACGCCAATCCCAGTCCCAGCGCGGTCTGGCCGCCCACGATGCCGTGGCCGCCGTACATCTGCTTGTCCACGTTGAAGTAATGCATGGAGCCGCCCTTGCCCTTGACCACGCCCGTGGCGCGTCCGTAGAGCTCGGCGAAGGCCGGCCCAGGCCGGATCCCGCGCATCAAGCCGTGCGCGTGGTCGCGGTAGGCGGTGATCACGGGGTCGGCATCCGTGATGGCGGCGAAGGTGCCCGCCGCCACGGCTTCCTGGCCGTTGTACAGGTGGCAGAAGCCCCCGATCAGGCCGGTCTGGTAGCTCTGGTAGGAGCGTTCCTCGAACTTGCGGGTGAGGAACATCAGCCGGTACCAGCGCAGGCGATCCTCCCGCGAAAGTTCCGGCGCCTTGCCGTAATCGGGCAGGGGCTGGGTAGTGGCCAGGACTCCAGCTCCGGTAGGAAGAGGTTTTTGAGTCATTGCGTCAGCTCTCCAAGATTGAGACTTGGTGTCAATATACCAACGTATCCGAGGCTCGGCCACTTTCCATGGCAATTTCCTAGGAAAGCGGGTTCTGCCTCCCCGGAAGGAGGCTGCGCGATGCCTCAACATACCAGACTGGAGTGCTACAAGGGTAGTTCTATTTGGCCGGCCAGGAACCTGGCTGCTGGAATGGCCTGGATCTTGGGGCCCATGGTGGACTGCATAGCTTGCAAACCAGAAGTGATGTGGATGATTTGCGAGGTTGTTCGGCCAGATCTTGCAAGCGTGGGCGAACGATGGGCCCATTGGCCTATCGATCCTTCAATGAGAAGAGGGGATCTCCTGGCGGGCGGGAAACTCCCAGAGGTCGGTCCGGCGGCCTTGGGCGTCGTAGCGGGATGAAAGGAACCGATCATGGTCCTGGTAGTCCAACGAGAAGCCGTTTTCGGTCCGTCTCACACTTGCTTGGGCATTGTGGGCCAAGGTCGACGCGGCCGTCACGTGGCGACCGGTGCCTTTGTACTGGATCTTGCGGCCCGCACCATCCACCGAGGCGAGGGGAAGTCCATCGGCTCCGATGGTCCACTCGCGACCACCCGCCTTGCGCGAACGGACGTTTTTGAGCCAATCG
CP064986.1_gap30	1289379	1293582	4203	GATGGAGGCTTCCGGCCGTACGGTGACCCGAGACGAGCTGTTGCGCGAGGTCTGGGGCTATTCCGATGGCATCCAGACCCGCACCATCGACAACTTCGTGGTGGCCCTTCGCAAGAAGATCGAAGACGACCCCAAACATCCGCTCCATATCCAGACCGTTCCCGGCGAAGGATACCGGTTCCATGACTGAATTCCGATGGGGCATCCTGGGCGCCGGCCACATCGCAGGGAAATGGGCGAGCGATTTGGCCCATGTTCCCGGCGCCAAATTGCAGGCCGTATGGGCACGCGATCCAGCCAAGACTCGGGTGTTCCAAGCGGAACATGGGGCCACCCGAGCCGCCGCGGACCTCGCCGACCTTTTGGGGCGTGGGGATCTGGATGCGGTCTACGTGGCCAGCCCGCATGGGCTCCACCATGATCATGTGATGGTCTGCCTGGAGGCAGGCATTCCCGTTCTTTGCGAAAAAGCCTTCACGCTGACCGCCCTCGAGGCCAGGGAGCTGATCGATCGCGCCAAGGCCCGCCGCGTATTTTTGATGGAAGCTCTTTGGACCGGCTTCCTTCCTGGGTTTCGCTCCGCGCTGGCGTTGGCCAAGTCAGGCAAGATGGGCGCCCTTCTTTCGGTGGAGGCGGACTTCGGGTTTTCCGCTCCGTTCGCACCGGATCGTCGCTTGTGGGACCCCGCCATGGGTGGCGGCTCGCTTCTGGACATCGGATTGTATCCGCTGTTTTTCGCGCTTTCCTTTTTGGGAAAGGTGGAGCGCTTCGAAAGCCGCTTGGAGATTGCCCAGAACGGTGTCGACCATTCGTTCCAAGGCGCGTTTTGGCATGCGGACGGCGGACGTTCTTCCTGCCAGTCCACCTTCCAATTGCAGACCCCATGCGAGGCTCGAATCCGCTTGGAAGCTGGGGAAATCTTCTTTCCCAGAATGTTCCACACCCCGGTGGATGTCCAGGTCCTGCGGGAAGGCAAACTGGAAATCCTGAGCGGAACCGCCTCAGGGAACGGATACCAATTCGAGACGGTTCACGTCCAGGAATGCGTGCGCGCAGGGTTGTTGGAAAGTCCGATCCGACCGCTTTCGGATACCCTCGAACTCATGGAGCTTCTCGACTCCATCCGCGAAGCCCCTTAGGTGGACTTGACGGAAATCCCATCCAACAAAAGCGAGACCACCTCGCGATAGGCCTTTTCCGGCGTGGTGTTCAGCCGCTCCAATGTCACCGGATTGAGGGTCGCCTGCACGATGGCCAAGTAGACTTCCGACAAGAACGAGGGATCGATCTCCTTGCGGAACACACCAGCGGAAACGCCTTCCTCGGCCAGCACGCGGAAACATTTGTGGACAAGCCCGGTGCGGAATCGATCCAAAACCACATACGTCTCGGGATCGGTCTTGTGGAGGTCCTCCACGAATCCCGCTCCGAAGCGTCCGTACTGGCTGGCGGTGAATTCCACGACTGTGACCCACTTTTCCCGGAAAGGTCCGCTGTGGCGGAAGACTGCCTCTTCCATGCCGCTTTCCACCTCCTTCTGCCAGGTCGCCAGAATGGATTTCAGCAGGTCCCGCTTGCTGGGAAAAACCTGGTAGAGGGTTTTTTTGCTCATCCCCAACGAGGAGGCGATTGCATCCATCGTGGTCTTGGAATACCCATCCCGCAGAATGATTTCGGTCGATTTGGTGACGATTTTCTCACGAATGCGCACGCGATCCAAGGCGGGCTCCTTCCTCTGACGTGAAAAGAGCGTACGATGCGCACACTTGGAAATTCAACCAAAATCCCGCGCTAGACCGTATGGGGACCTCACCAACCGCCTCGCTCAGCCGATCGGAAAGGCCTCCAGCTCTCGCAGAATTTCTCCAACCACATGTCCGTGGTCGTCGTGGGAGTTGTCGATGGTGATTTGGGCCCATCGCTGATAGAGCGGCTCGCGCTCCAGCAAAAGCTCCTCGACACTTTGTCCAGCACGACGCACAACCCCGCGGGAATCGAGGTTTCGCAATCTCCGCTCCAAGGATCGGAGCTGGCATTGGAGGTAGACCACCACCGCATTTTGGCTGAGGTGTTCCATGGCAGGCTCCGAATACACCACGGACCCTCCCGTGGCCACGATCCGGCCAAGCGGTACATACCCGAGAATGACGCGCTCTTCCACGGCCAAAAAGCCAGGAATGCCGTCGGTATCGAGGATTTCCTGGAGCGCTCGACCCGTCTCCATCTGGATGACCAGGTCGGTGTCCACGAAATCCCTGCGCAGCTGTTTGGCCAACAAGACCCCAACCGTGCTTTTTCCGGAACCTGGCATGCCGATGAGAACAATGGACTTCATCATAAGGTTGAAGAAAACGATAGAACCTCTTCAACGTATCTTGGGCGGATGCGTCATCCCTTGACTCTTCTTTTGGCACTCCAATCCCTCGCCTCGGCCAATTTGGGCGATTGGAAACTCTGGACCACCATCAAAACCGCTCACAATGCCGTTGTGCGCGACCAATCCGTCTTGATCGCCACTGGAGGCGGGGTGGTGGAGTGGTCCGCCTCGCGCACCAAGCAGAAGCTCTACACAACATTGGACGGCCTTCCGGAGATCAACACCGTCTCGGTGATCGCCGATGGAACCGGCTCGATCTGGGCGGTGGGCTCCACCGGAAGGCTCGCCCGATTGGGGCCAGGGGCCTCCATCTGGGAAGCCACTGGTTCCTATGCCGCCTCCTCCTGGACCTTCAATACCGCAGCCACCACCTATTGGAAGGGATTTTTGATTCTTGGTGGTGACCAGGGTTTGTCCCTGTTTTCGACCTCCGCCAAAGTGGCGATGGACAACATTTCCAGCATCCAAGGCAAGACCGTCAAGTTTTCTTCCGCACTCGTGGTCAACGACACTTTGTGGGTTGGCACAGACAAAGGAACGGCCTACTGTGCACCCGATCAAGGCGGCTGGGAAAAGGCGGGCACTCCTGGACACTATTTGACGGATCCTGCACGTTGGCATTGGGTCAACGATATTGCGGATCAAATCATTCTTCGATCAGTCGAAACGGCTGTTTTTGTCAATTCCGGAGGAATTTGGGCAGACGGCATCCGAAACTTCGCAACGGATGGGCAACGATTTGTCTGGAAGGGCGGACAAGTCTTTATTTCAGGCGCCAGCCATGCCGTCGAGGCTCCTGGAGGAGGCTTTATTGTTTCTTCTTCGTCGGTTGGACCTGCGTATGTGAAACCGGATGGCTCCTGGAAGCCCCTGGAAGTGGAGGGCGCGTTTCCTTTCCATCCATTGCCGGTTTCCGTCGCGATCGATGCCAATGGAGGGCTGTATGCTCTAGGCCAATCCATTCTGAATCTCAGCGTTTTGGCTAGACGTCCTCCCGGAACCTACAACTGGAATCTTGACACAATCCAGTTCAAGGCTCCCGATTCCACGGGAACACAGGTCACGATTTTTCCTTGGTGGGATCCTGGCGAAACAAAGCGCAGAACTCGGTTGGGACTAGACGTGGAACAGAACGGTCGCATCGCGATCGCTGCTTGGGCGTCTTCCCTGGGTACGACCGGCATCTACCTCTCCAGCCAGGCAAACAATTGGACTCGGATCCACTACAAAATCGACACCTGCCTCCAGGAGCTGACTCCAGGCGGGGCTTCCATCGGGAGCGCACTCCAAGCGATTCGGGCCCGTGAGGACGGGCTGTGGAGTTCGGAATTGATTCCATCGGAGGCAAGCAGCAATTTGCCGGTACGGATCCATCACCTCCCGAAAGGCTCGAATGGACCCTTGTCCTGTCTGGACCTTCCGTTCGTGACTTCCGAATTCCAGACCTTCGACATCCTCCCCAGCAGCAAGGATCTCTGGCTGGCCACCAGCGAAGGCCTCAAACGGGTGGCCAATTTCCAGCAGGCCTTCGCGGGCTCAAAAATCGCGCCCCTCACCAGTCCCGTTGGGGCCACCGCGAACACATTCGTTCGTTTGGAGCGATATCCATTGGGAGGCAAGGACTGGATCATCGGAGCGGGCGAAGCCTCGCTTGGATTGGTCGACCCCTCCATTGACACCTTCTACGCGGTGACCAACGGAGCAGATCAATCCTATCGAGCGTTGGCAGTGGATTCAAAAAACCAGATCTGGGCAGCCGGTAATTCCGGAATCGACATCTTCCAGGTTTCCCTCCAACAGGACACCAACGGAACGGTGGCCCCAGC
CP064986.1_gap31	1353119	1356349	3230	CGCTGAATATGATAAAAACAGCTGCAGGAATGATTTTTCCTCTGATTACTTTTCCATATACTTCCCGAATTTTGGGGCCTGAAGGGGTTGGTAAAGTAAATTTTGCAAATTCGTTTTTGGCATATTTCATTCTTCTGGCATCCATCGGCATCCCAGTATATGGGATCCGTGCAGTTGCCAAAGTTCGCGAGAATATTGATGAATTAGCATTGTTGGTAAAAGAGCTTATAGTGCTACACCTAATTGCAAGCGGCGTTGCCTTCTTGGCGTTTTTAGGGGTGATTCTGGTTTCAGATACGGTCAGCGCAGAGGCATGGTTGTTCTTCGTAGTTAGTTTCTCTATCCCCTTGTCGATGTTTACGCTGGATTGGTTTTATCAAGGAATGGAAGATTATGCATACATAACGAAAAGGAGTATCGGGTTTTCTGTTTTGGCTATTGGTGCAATGTTTATGCTCGTTAAAAAGCCGCAGGACTATGTGCTTTATGCGGGCATTACGGTTGTAGCATCGCTTGGATCATCGGTGTTGAATTTTTGGAACGCGAGGAAAGTGGTTTTCCGTAAGAGCATTCGATCTCTGAATTTGAAGCAACACATTAGGCCATTGGGCTCTGTGTTCGCTTTGAATTTTATCATAAGCATTTACATTAATCTTGATACAGTAATGCTGGGTTTTCTTTCTAAAACGGATAGTGTTGGATATTACAGTAGTGCGATGAAACTAACAAAAATGTTACTGTCATTGGTGTCATCATTCAGTGCGGTTCTTTTGCCAAGATTATCATATTATGCAGCAAATGATCAATTAGAGAAGTTTGATGAGATGTTGAGGAAGTCTTTAGGGGTGATTCTGTTGATGTGTATTCCAGCTTCAGCAGGACTTATGCTGGTGGGGAGGGAGATAATCCTGGTCCTAGCTGGGGACTTGTACTTGGAGGCCGTTTCGTGTGTCATCATTACGGCTCCAATCATTTTGATAATTGGATTGAACGGAGTGTTCGGTTATCAGATTCTTTATAGTCTCGGACGAGAAAAGGCTTTTCTCTTCTCTGTTGCCGTTGGAGCGATTTTGAATGTGGCCATTAACTTTGCTCTAATTCCTAGGTTTAATCATATTGGAGCTTCTATTGGAGCTCTTGTTGCAGAGGCGGCGATTCTTTTCATTCAAATATTTTTGGTGCGAACCCGACATCATGTAAAATGGCCTTGGGTCAGTCTATTAAAATATGTTGGGGCAACAGCAGTGATGGCGCTTGCGTTGATTGTTTTTAAAAGCAACACAGAATATCTATTGGTAGGGATGAAACTGAGCGCATGTGTTTTGATCGGCGCGTCAGTATATTTTGGCTTGCTGTACTTCATGCATGATGAGTTTGTTGTCGACTCGATCAGAAAACTACAAGGGTGGGTAAAGCGTGAAAAAGTATGACTTCCTGGTGGTCGGTGCAGGGCTTTTTGGAGCCGTTTTCGCGTACGAGATGACTCGGCGTGGGAAGAAATGTCTTGTCGTCGAGAAGCGAAGCCACATAGGAGGAAACTGTTACACCGAGGAAACAGAAGGAATTAACGTCCATAAGTATGGTGCGCATATTTTCCATACTTCGGACAAGGAGATTTGGGAGTATGTAAATGGCTTGGTTGAGTTTAATAAGTATTCCCATAGCGTGATCGCACGCTGGAAAAATCTTTGCTATAATCTGCCGTTTAATATGAATACATTTTATCATCTCTGGGGCACAATCACACCAGACGACGCCGCTAAAGTTATCGATGAACAAAAGCTCGTGCTGAAGGGGAAAACACCAACAAATTTGGCGGAGCAAGCGATTTCTCTTGTTGGCACGGACATTTATGAAAGATTAATTAAGGGTTACACAGAAAAGCAATGGGGAAGGAAGGCAGAAGATCTTCCGGCCTTTATTATTAAAAGAATTCCGGTGCGATTCAATTTCGACAACAATTATTTCAACGATCCGTATCAAGGAATACCCGTTGGCGGCTATACGAAGATATTCGAAAAGCTCTTGGAAGGGATAGAAGTAAGGCTGGGCGTTGATTATTTTGAGCTGAGGAATGAGCTTGATTCTTTGGCTGATGCAACATTGTTTACAGGCCCCATAGATGCCTTTTATGGATATTCTCATGGGCATCTGGAATATCGTTCCGTTCGCTTTGAGACAGAAGTACTGAATCAAGCGAATTTTCAGGGCATCTCTGTGGTAAATTACACTGATGCGGAAATTCCGTATACTAGAATTATTGAACACAAGCATTTTGAATTTGGGACCCAGCCAAAAACGGTCATTTCAAAAGAGTTTTCAACTGAATGGGCCCCAGGTGATGAACCGTATTATCCAGTGAATGATGCCAAAAACACTGAGCGATTTGGGAAGTATCAAGCATTAGCCGATAGCGAGACTCGATATATCTTTGGTGGAAGGTTGGCGGAATATAAATACTACGACATGCATCATATCGTTCGATCGGCTCTGACGCTAGTGGAAAAAGTCTCGAATAAGCCGTGAGAATTGAATTTCAAGAGGTGTTTGGAGGCAATCCATGAATAGAGTATGTGCGGTTGTAGTAACATACAACAGAAAAGATTTGTTGGAACGCTGCATTAATGCGGTTCGATCTCAGACCGCAAGTGTTGGTGGAATTCTAGTTGTAAATAATGGAAGCACCGATGGAACGGGTGATTGGTTGGATAGCCAAAAAGATATCAGGACCATTCACCAGGGCAACGTCGGAGGATCTGGCGGTTTTAATCGAGGTGCCATTGAGGCTGTAAAATTGGGGTACGACGCGGTTTGGATGATGGATGACGATGGTTATCCTGATTCAAGCGCGCTTGAAGAATTATTGAAATTTTCAAATTTGGGCTCGTGTGTACTAAATAGCGTGGTTGTTGACAAAGAATCCATGAAGCTCTCTTTTCCGCTTTGGAACTTAGGAGAGAGGCTGAATCATTACGAGGATGTTTCAGTTTTACACCAAGATTGCATCTTAGGAGTTATAAACCCATTCAATGGAACATTGATACCCTCAAAGATCATTGAGTTGATTGGACCTCCGTATGGCGATATGTTTATTTGGGGCGATGAGGTTGAGTATTTTTTCAGGATGCGCAAATTTAGTGTCCCAGTAGTTACTGTTACGAAGAGCTTATTGTTTCACCCCCTAGCAAAAGAAGTGGAAGGTGAGGATTGGACAGATGGGATCTCATGGC
CP064986.1_gap32	1363500	1367259	3759	TAGAGGCTCTAATTGTCCTTTGCCAGTATCGCTCGCATTTTTAAACTCACTAAAAAGCAACTTTTGAATGACTGTTCTTGACGTCAGTAATCCTTGATACAGCTCTACGTCGCTAGACTTCCCTATCTTTTTTCCGAAGATTGCCGCTGCAGCACCCATTTGATCGGGATTAGTTGATTCGACTGGAATAAGTAATGCGCTCGATTCGAAGATCGGTTTTGCAATGAAGACAGCGTAGACCAGAGATATCGCTGTAAAAACAAAAGCCGTAGCAAGAACTATAGCGCGGCGTTTCAAAAGAATTGACGCTATTTTTGTAAGATCAATCTCTTGAGGTTCTTCTGATTTTGCTTGTGAAGTCATTTTGCTAAACTCCACGATTTATTCGTGGTGATAAGTGCGTGATTTGGAGTAGGATCAAAATGATTCCGCACCGTTCAGCTTGCTAAAAAGCTTGGTCTGCATTTCGATCTCCAAGGAAAAGCTCTCTCGGAAAGCTTCACCCGAAAATCTCATGGCATTTTCTCTGCATTCGTAGGCAAAGATTTTGTGCAAATTGGATTCTAATGTGTGCAAACCTTTTGTTAGGGATTCTACGGACTGCTCGTTGAAAAAATGACCGGTAGGGTGGCTATTGTTGAGTCCTCGAATGGTTTCAAGAGCCCCGCCTTTGCCGAATGCCAATACCGGAGTTCCGCATGCTTGAGCCTCAACGGGGGCAATTCCAAAATCTTCTTCCGCTGCAAAGATAAATGCCTTGGCTCTTTGCAAGTGATTGATGAGTACTTTTTGAGGCTGGAATCCCAAAAGTTTGATATTCGGAGTGGCAATTTTTCGTATTGCATTCATGCCAGGGCCGTCACCAATTACTACCAGCCTTTTTGAAGGCATCTTTGCGAAAGCCTCTACAATAAGGTCCATTTTTTTGTAAGGCACCATGCGCGAAGCAGTTACATAATAGTCAGACCTTTCGCCTTCATTCAATTTGAACGCCTCAGTATTGACGGGCGGATAAATTACAGAGGCACTGCGTCCGTAGCAGCGCTTTATTCGTTGTCCGACAAACCTCGAATTGGCGATAAAGGTATCCACACGTGGAGCAGAGGATACATCCCACATTCTCAGGTAGTGTAGAATTGCTCTGGCAATGAGTCCTTTAAATCCCTTTGATATTCCTGATTCTCGAAGATACTGCTCTTGAAGATCCCAGGCATATCTCATAGGAGAATGGCAGTAGCAGATATGCTGCTGTCCTGGTCTGGAAAGGATTCCTTTTGCAACAGAATAAGAAGAAGAAATGATTAAATCATAGCTGCTAAAGTCAAAAGACTCGATTGCTAAGGGGAAAAAAGGCAGCCAAGCACGGTGGTGCTTCTTTGCACCTGGAAAGCCTTGCAACAGAGAAGTGGTAACGGAATGCCCTTGTAGAAAGCCTCTTTCTTGGTCTGGCAAGAAGTCAAAGAGCGAAAAAAGGTCCGCATTGGGGTGCAGTTTAAGAATCTGCTCAAGAACACGTTCAGCACCGGCGTATGTGTACAACCAGTCATGCACGATCGCCACTCGGCGTTGAGGAAATTGCAAAGGTGGTACGCCTCTGACTGGGTTGGGATTGGCGAAGACGGTAAGGTCAGCACTGGTGGTCATCGCAAAATACTAACAAGAAGGTTTGGGGGGAGTCCCCCCGGATTTTCGGGACATATCAAAATTCTACAAAACGCTTTTTGAGTCTACGGACTTGGACTTGCATCCATGGGAGGGTGGTGACTCGGATGTCACCGCATTCATTTCCAAACAAGACATGCGCGCCTCCCTGAAATTTTGGGTCCTGATCTCTTTTTTCACACGATGAAGAATGACGGCGACTTTCCGTTGGTCCGAAAATTCGAGGAGATCAATTTTTGTCCCGGCCCTTGGCGGGTAGGGCCGGATCATGCCACATTGTGTGTCATGGCTTCCAGTTTCTTCGCACTGTTCGACGACATCGCCAGCCTTCTGGACGACGTGGCCGTGCTCTCCAAGGTCGCAGCGCGACAGACCACGGGTGTGATCGGCGACGACCTCGCCCTCAACGCCAAGCAGGTGGCGGGCGTGCGGGCGGAGCGGGAGCTGCCGGTGGTTTGGGCGGTGGCCAAGGGTTCGCTTCTAAACAAGGCGATTCTGGTGCCGGTGGCGCTGTTGTTGAGCGCGTTCTTGCCTTGGTTGGTGCATCCGCTGTTGATGATCGGTGGCGCCTATTTGTGCTTCGAGGGCGTGGAAAAGCTCCTCCACGCCAAGGCCTCCAAGCTCGGCCCCGAAGAAATCCTCGCCCAGGCCAAGGCGATGGAAGCGGTGGATCCGGTCCAGCTGGAGAAGGAAAAGATCAAAGGCGCGATCAAGACGGATTTTGTCTTATCTGCGGAAATCCTGGTGATCGCGTTGGGATCGGTCGCCAACGTGGCGATGACCACGCGCGTCTTGGTGATGTGCGTGATCGCGCTGTTGATGACAGTCGGCGTGTACGGCGTGGTGGCCTTGATCGTGAAGCTCGACGACATGGGTCTGTACCTGGTGGAGCATGCCAAAAATCGTCCCGTGAGGCTGCTCGGGAACGGATTGGTCCTGGGCACTCCGTGGCTCATGAAATTCTTGTCGGTGGCCGGAACCATCGCCATGTTCCTGGTGGGTGGCGGGATCCTGGTCCACAACATCGGGCCGCTGCACCATCTGTCCGTCTGGATCGCGGGCCTGGGGGGACTGCTCGGGTCCGTCGTCGTGGGGATTTTCGACGGTTTGACCGGAGTGCTCTGCGGCGCGCTGGTGGTCGGTGTGCTGGCGCTGGTGGCCAAGCTCAGAGGAAAAAAAGCGAACTAAGAGACTCTGCTCACCGCTTCTTGCGGTGGCCTCCGCGCTTTTTCTTTTTCCAGGGGCGGTGCCAGGGGCGATCCGCCAGGGCGTCCTGGTCGGCTTCGGTGAAGGCGACTCCCTCGGCATCGGAAATGGACGTGGCGGGAACGGGGGGGCGCCCTAATTCGTCGGCATGGCGCGACCAGTAGTGCAAGAGGGTGGCGGCGGTCCAGGAAGCGTTCAAAACGTGTTTTCCTGCATTTACAGTCATCACGGCGATGGCGATGCCGGAATCCGGCTCGCCTTCCATGCGTGCAAAACCCGCGAACCATTCGTAGTGGCCTTCCGGATCGGTTCCATCCAACGATCCCGTCTTCCCGCCGATCTCGAAGCCTTCGCGTGATTCCAGCGGCCAGGCCTTGGAGAAGCCTCCTCGGGCCGTGCCGGAATCCACCGTGAGCAAAAACAGGGACGTTAGGCCGCTGTACAGTGGAGATTCCGGAATCTCGCAAGCCAGGCAGGTGGAATCGATCACGGGAGCTTCCCAAGCGGGTGGGCGCAGCACGCCATCGTGCCCGAACTTGCGGACGATCATCGCCGCGTGCACGGGGGAAATGAAGGTGGTGCGGATGAACCCGCTGGAAAGCTCGGCCAAATTGAAGGTGTCGGATGGCTTTGCCATCACTCCGGCGGGTACACCGTTGCCCAGCCCCTTGGGCCGGTTGAACCCGAGGGAGTCCGCCCAGCGGAGGATGCTCTGCTCGCCGAGTTTGCTGGCGCCAAGCTGTCCGAAAATGGGATTGATCGAGAAGGCGAACGCCTTCGCGAGGGTCACTTCCGTTCCGGTTTCCGGGGTCCGGACCTGGTTTTTGAACAGCGTGTGTGGTCGTCCGCGGAAAACCAGACCTTGCTCCGGTGGGATCCCGGCTTCCAGTG
CP064986.1_gap33	1377644	1379063	1419	CGATCCGGCAAGCCTCCCGGATCCGCGGGATCCGGACCGGTTGGGACTTGATCACGGGAGAGGGGTGTTCCTGGTCCAGCGCATCGCGCAAGAACTCCTGTTCGATGATGGTGGTTGCACCATCACCGTGAAGGTGGAGCCTCAACTCCAGGCGGACACGTGAGGCCTTCCGTCCGTGGCGCCGTTGCGGTGGCTGGAACCGTTCTTGGCCTTTGGGCGTTGGTCAGCCTCTGGCACGCAGGCTTCCGCTCGGCGCCAACGCCTTCCAAGGCCCGCTACGCCTTCGTCATGGATGGACAAGGGCCCAGTGGTGTGCGTGTACCCCATGCCTTGGTGATGCTGCGCGCTGGGGTGGTGGATAGCGTGGTGGTTTCCGGATCCCCGGTGGGAAGCGATGTGCACTACTCGACGGTGTGGGTGCGCGAACTCGAACTTTCCGCTTCCGAACGTGGACGGATCCTGGAATTGCGTTCCAGGTCGAGATCCACCCAGGACGAGGCGCGACTGGCGGATTCCGTGTTTGCCGCCCTCGGGGCCGATTCCGTGATCGTGGTGACTTCGGATTACCATGCTTGGCGCACCGCATCGACGTATCGAACCGTCGCGCGAGGCAAGACGGTCTTCAGCTTCGAGGCGGCAGCGGATCCCTTCTGGGCGATGGGTTGGTTCGACCGCGGCGGCGCGAAGATGCGGGCGGAGGAATGGGCCAAACGGATCACCTGGACTTTGGTGGAATGCTGGCTCGTTGGCGCGCAACCTCTGCCAGTCAATCGCCTGGTCCGCGGCGAGGAAGTCGGGACATTTCAACCACCGAAATGGAAATAGACAGGGTCTGGTGGGGACGATGCCGTTCGCTCCTCGAAGATTGTTATCATCCATGGCAAGATGATCACCGGGGTTGAAATCGGGTCCTACCGGATCCTGGGCGATGTTCAAGCACAGCTGAAGCCGCTGACCTTGATCGTGGGTCCCAATGGTTGCGGAAAGTCCACCTTCCTTGCTGCGTTGGAAGTGGCTGCGACTGTTCCCGCCGAGTTCGATGATAAAATGACATTTCATGTCGATTTTGATGGTTTAGACCTTCCGGGTAGTTACGAGTGGATCGCCGGACGAGGATGGTTGTTCCACGGCTCGTTTGATGATTCAGGAATTGATTTCAAGAATTTCCACGCTCGTGAACAGATGCCAAAAACCGTCTTGCGCCTCCAATTCTCCATGGAAGCCCTGAGAAGCAAGTCTCAAGGAACGGATGGATGCAGCAAGTTCCAGCATCAAGGCACGAACCTTTCCCGGATCATCGCCGAGTACAAGCTCGGCGATACCGCGAAACTGAATCTCATTTGCGAGCGACTTCGCGAAGTGGTTCCTGCGATCAAGGAAATCAAAGTCCGCCTGGATCAAGGCTGGTTCCATCTGGCC
CP064986.1_gap34	1397577	1399759	2182	GCGAAGGCGCCAGGGGCCCAAGTGGTGGTGCGCTTGCGATTGCGTGACGGACACGGGCGTCCCATTGGCGGGCGCTTCTCGCTTTCCGTCGCGGACGATGCCATCTGGCAGATTCCTTCCGGGTGGGACCGGGAGAGCGTTTTGCCGGATCGGGACGTGGGGGACCACATTGGGAGTCTGGGAAGCCTTTCCGTCTCGGATGGCCGATGGCTTTCCAATCGCGAACTTTGGTTCCTGGAAGTGCTGAACCGTCGCATCCCAGCGCCCTCCGGCGGGAGCGTTCGACCCGGCATCCCTCCCTCCGGTAAATCCATGAAGCCCATCCATCCAAGGCAAGAATCGCGGGCGGTGCGGAGCTTTGCCTCACGCCGGGATGGGAGAGGGTTCTTTTCGGATCGGATGAAGGAACCTGCCCCAGGATCGAAACCCATGTTTCGCGGCATGGCTCGCGAGTTCTCCTACTGGTCGGATTCTGTCAAAGTTGGATCCGACGGAACGGGCGAAGCGACGTTTGTGCTCCCGAAGGAGGCGGCAACCTGGAGAATCGTGGTTCGTGGAATGGACGACTCCGCCATTTACCACGAGAAAACAGCGACGCTCGATACTCGCCAGCAGGTCTGGGCCGAAATCGATGCGCCGATGTTCCTGGTGGAAACGGACACCGCATGGATCGGAGGAATCCTTCGAAACCCGGACGCCGCGCCGAGGAACACCACGATTTCGTTCGAGGCTGGATTCGCGAGCGGTGAAAAATCGGATGCCGTCGAGAAAGCGGTGGAAGTCGGTCCCGGATCCACCGTGCAGGTCGGGTGGCCGGTGATCGCCGCCGGGAGCGATTCGTTGCTCGCGGTCCTTCGCACCTCGACCAACGGGAATTCCGAAACATCCCGAGTCGCGATTCCAGTGGCTCGTCGTTCTGTGGAACATGTCGCCTTCGTCCATGGCCGCCTTGATTCCGTCCAGCCGAATCTGGCGGTCGACCTCGGCCTGCCTCCCAGCTCCCGAGCCATTGGTGGCACTTGGCAGGTGAAGGCGGCGGGTGGAATCCTTCCGAGCCTGGAGGATCCGCTGAAATATCTGAGGGAATTCCCGCTCGCAGGCCTGGAGCAGATAATGTCGCGCTTGGTGCCTCGCCTGCAATATGCCAGTGGAATCCAAAAGGCCGGGATCCAGGCGGATTCCATGGAACGGGGTCTGGAGCCATCGGACTCCGAAACCATAGAGAAGATCAGAATGATGAAAGGCTCGCATCAGGATTGGGGCTGGTGGGAAGGTGCGAATCCCCAGCCCGACATGACGCTCCTGGTTCTGGATGGCCTGCAGAAGGCGCGGGCGGAAATTGCCTTGCAGTCGACAACAGAATCCAAGAGCCTGCTGGAAACGCTGGATCGAATGCTGAAGGAGGTACGCTATCCTTTGATGAACATTCTCCGGGAAAAGAAGAATCCTTACGCGTTGCGTCTGCAGGCCCTGAAGGTGGTTGCGGATTCCGGCATGGGAGAGGATCCGGACCGCTTGCGCAAGGAATTGGCGGAAATCTGGGAAAGGCGTGATTCGCTGGGGGTGGTCGCCTTGGCCTTCGCCCTGGAAGCAAGCCATCGGATCGGATTCGCCGACCTGGAAAAGGACGCGCTGGACCGCATCCGCAAGAAGACAAGAAATGGCATATCCAGGTACGGATCGGGAACGCAGCGCTTCTGGCCGATGGATTCCGGATGGAGTTGGGCCGGGGATTCGGTGGAGTCTTCGGCGTTGGTGCTCGGCGCGCTGGCGCGGACCGGAAACGACTCCTCCCTTTCCAAACCGGTCATCGCCTGGCTCCAGGAACAGAAACAGAACGGACATTGGGGATCCACCCGGGCCACGGCAAGGGTGCTGGATGCCATTTTCGCGAGCTTGGCCTCCCACCCGGAGGCGCCGTCGCGCGGCACTCTGAAAGTCCATGCGGGCAAACGCCTCGTGGCCAGCCTGGTGATCGACGGGGCCAGGCCGGACCTTGCGATGGCGACGTGCCACTTGACGGATGCGCAAGCGAAGAGTGGTCTGCGGTTGGAATTCCAGGGAGTGGGCGCCATCCAATGGACCCTCGCCAAGTCCTGGCAGGACACGTCCCAGGTGCGGCAGGCTGAGGCAGGTGATCTTTCGGTCCGCCGCTTGTACAGGAAGGTGGGTCTGGAGTCGG
CP064986.1_gap35	1483752	1488597	4845	CCTTCGGCTCCGAAGGAGTTCCAGGCCCGGCCGATGGCCAAGGCCGCAGGAAGGTGTTCGGAATCCAGCTTCCAGCGGGCGATCCCCAGCCACTTCAGGGCGCGGAAGTATCCGGCCAGGGTGTCGGAAGACTCATAGTGCCCGCGAGGTTTCAGCAAGGTCCAGTCGACCAACCTGTCCTGCAGGATGGCGCTTGCGGACCCCTCGGCGCTGGTGCCTTGGCGGTAGTCGCCGAGCGCGGCGTCCTTGATGGAGGGATCCAGGAAGGCCAAAGGTGCCTCCGAGCGATCCAGGAACGCCTGGGCCAGGGCGATGCCGGCTTCGGCGCGATTCTTCCCCTCCTGCATCGAGGGCGGCACGGGTTGGGCCAGGCGGTCGCGCAGATCGGCCAGCGAAAGGCGCAGGGCCGGGATGAGCTTTTCCCGCTCCACCGATTTGACCAGGTACTTGAAGTGCATGTGCAGAAGCTGCAGGTACAGATCGGGTGTCACCAGCGACGGAACATTGTCGTACTGGTTTTTGTCGTAGACGTGCCACAGCTGCCGGTGGGTGCCGGGAACGATGGCGAAGCCCACGGAATCCAGTCGTGCCAAAAACGGGGGCGGAAGGGTGTCGAACATCATCGCGTTGGCCAGGTGGGTCGCTCGCCCTTGACGGATTCCGTCCATATCGTGCCATGAATCCTTGCGGAGCTCCTCCTCGCGGATCAACAGCCTGTCGTGCCAGCGCTTTTCCCAGGGGGCGAGCTTGGGCTCGAAATCTTCCGGAATCCAGATGGGCTGGTACCAGGCAAAACGCTGGAAAAAGCCGCGCAGGACCATGTCGGTAAACAGCTTGCCGTGGCGGGCCAGAACGAACGCGCGCAGGTACCGCACCTGCTCCAGCGAAAACTTGGACAAATCCAATGTGGTGTCCATGCGAGGCGGGGGGACATCCGTGGGGAATTCGAAGCGGAATTCCTCGTCCTGGTGGTACGGAGCCAGATAGGAAGGAAGCGTGTCGGCTTCGCCCGCGAACAGCGAAAGGAAGGCGTTGGAACTGGTGATGCCGGTGAAGCCCGTGGATTCGGTGGAGACGATGCGGATGGATCCGATGATCTTCCACAGCCCTCCTGCGGCCGCGCCGAGAAGTCCTAGCACCAGGAGCACCACCACCGCAGGGTGGATGCGGCGCCGTGGCGCGGGGTCGGTCGATGTCATGGAGCATCCTTTCGGGAATTGGAAGGCAGGGGAGGGCGGCTTTGTGCACCCTCGGTCAAAACGGAATCTGTCTGGAAGCCGAATTTGCGCCATCGCCAGCGAGCGAGGGTCCAGCGGTCGCCGACGCGTTCGCGGGCGACGATCCGGCCCCGTCCATCGAGGATGAACGTGTCCAGGCTTCCGGCCAGGCGCGTGCCCAGCCAGCGCGGATGCAAGCGGCCGTCGGTCACGCGCCACACCTGCAAGCGGCGGCGCGAGGCGGAATCGAAGCGGTTTCGCTTGACCGCGCCGAGGATCAGTTCCTCGCAGCCGTCGCCATCCACGTCGCCGTGCTGCACGGTCCACACCGGCCAGGGGAACACGCGTCGTTCCTTGGCGATGCGCGTGACGATTTCCACCGCGGTCTTTGTGCGGTCGGGCGAGGGCTGCACCCTCACGCTCCAGTCCGGCGAGCAACCGGAAAGAAAGGTCAGCAGATAGGGAGTCCAGGGCATTGGACGGGAAAGGTAAGGTTCTCTCATGTCGGCAGGTGGGCATCCGCCCAGTTTGGTGGGACTGGACCGATCGCTTTCGCGTCTTTCGCACTCGGACTGAAGTCCTCGCAGAGTTCCGCCACCTTTGGTGGCAGGCTGCCTGTGGGATTGCTTTTTCGCCGCAGGCGGGGACTTTGCGAGGGATTTATCCCGAGCGTAGGCCAGGGTGATTGGGTTTGGAGCTTTGGTTCGTGCGGCCTTCGCACTCGGACTGAAGTCCTCGCAGAGTTCCGCCACCTTTGGTGGCATGTTGCATGCGGGATTGCTTTTTCGCCGCAGGCGGGGACTTTGCGAGGGATTTATCCCGAGCGTAGGCCAGGGTGATTGGGTTTGGAGCTTTGGTTCGTGCGGCCTTCGCACTCGGACTGAAGTCCTCGCAGAGTTCCGCCACCTTTGGTGGCATGTTGCATGCGGATTTGCTTTTTCGCCGCAGGCGGGGACTTTGCGAGGGATTTATCCCGAGCGTAATCAGTGCAGGGTCGACCGGTTCAGATCCCCAGTTCCGATAGTTCTTCCGAGAAGCCCGCCGAAAGGATGGGAAAGCGCGTGCCGGCGCGTGGATCCAGATCGTGGCGGTCGAGGTGGAAGCTGGGCGCGTAGCGTTCTCGCTTCCATTGGTTTCGGGTCCAGAGCCGGAAGAAGCGTCCCACCCAGGTCTTCAAACGCGGGTCGTCCGCCCAAGGCGTGTTGCTGGAGAGTTCCTTGAGGCATTGGCGCGGTGATTTGCGATCGCGGATGGCCAGCATCTCCAGACGCGACAGAAGCGGGTAGGGCATCAGGTCGGCTTCGTCGGTTTGTTCGGCCTTGCCGTCTTCGCGAGGGCGCAATTCCGCCGTGGGGGCTTGGGCCGTGATCACGTGCAGAAAGGGCATCGCGGGAACGCCAAAGGCTGTGCCTGCCTGCACGGCGGCCAACCAACCCAGCAGAAAATGCTTGTCGATCCCGGCCAGCGGCGAGAGCGAACCCGCGGTATCGCCGTCCATGGTGGCGTAACCCACGGCCATTTCCGAACGGTTGGACGTGGTGATCAAAAGGCGATCCAAGGCGTTGGCGAGCATCCACACCGAGGGCGCCCGCACGCGGGCCTGGATGTTCTGCAAGGCGATGTCGTCCTTGGACCACGACAATTTCCGCTCCAATGCCTCTTCGGCGATGTGGCGGTAGGTTTCCACCAGCGAGTCCACGTCCCAGGCCCGGAAGACCGCGCCCGTGCCTTCGGCCACGGCCTCGGCGGCCGATCGCGTCACGGTGCCGGAGTTGCGGGTGGCCTGGTAGGCGCAAAGGAGCATTTCGCCGGTCAGGCGCTTGGCGGAAAGCGTCCCGTGGGGGAGGTCGATGCGCGGCAGTGCTTGACGGAAACCGTCTTCGCCGAGTTCTTCCAGCGCCCAGTGGAAGGCCAGATGCGAAAGGACCGCGCAGGCCGCGCTGTCGGCGCCGCCGGAAAGGGACAGGATGAATCCCTTGGCGCCGGCCTTGCGCAGGTAGTCCCACATGGCAAGCGCCGTGGCGCGGGCGAATTCCGTGTGCGGGTCAAAGGTGCCGCGTTCGATCGCGGCGGGGAGATCCGCCTTGGCGGGTGCGATGGGAAGATCCACCAGCTGCACGCGCGGGGCGTTGGCGGGGACGGGATGCCCCGACACGGCTCGATGCGTGCGGATCTCTTCCAGATCCACATCCGCGGCGGAAACCACCACGGAACGGAAGGTGAGTCGTTCGCCTTCGGTCAGAATCCGTCCACACGAGGCGATCCGGCACGAGGCGTCGTAGATGGCGCGGCCGGCTTCGTTGCCGGAGAGGTTGGCCCACACGAAGGCCGTGCCCAGCGAACGCGATCCGTCGGCGACCAGCCGTCCGCGCAAGATGTCCTTGCCCAGGGCGAAGTGGGATGCCGACGGACACAGGATGACATCGCAGTCGGCGGCGGCCAGCTCCAGGCCGGGCCGTCCGGCCGCCCAGGCGTCTTCGCAGATTTCGAATCCGATCCGCACTCCCTGCCACTCGAAGACCTGGTCGCCGATGGGGCATCCCAGTTCCGGATGGGTTTCCAGCGCGCCGGGAGTCCAGGGCGTGAACCAGCGGGGTTCGTAGTGGATGCCTTCGCGGGCCAGATGGCGCTTGGCCGCCAGACCCAGCACCTTGCCGCCTCCCAACAGGGCGCAGGCGTTGTGCACGCGGCCCCGCACGCGCACCGGCAGGCCTGCCGTGACCAGCATTCCTTCGGGAATCTCAGCGGCGAAGACCTTGAGGGAAGCCAGCGATCGTTCCGCCACCCAGGCGGACAAGAACATGTCTTCGCAGCCGTAGCCGGAAATCCACAGCTCAGGCAAGCACAGCAGCTGCACACCCAGGTCGCGGGCTTGGCGCACGGCCTCGCGGGCGAGCTTGAGGTTTCCGGAAAAATCCAGCGGGGTGGTGGCCAGCGCGGCGGCTCCGAGGCGAAGGATCATCTTAGGGCTGCTCCAGCGAATGGGCGTGGAAGAGGGCGCCGAGGACGTCGGCCAGGTCGATGTCGGACAGGCGTTCCAACGGGCTTCTCAGCGACAAGCGCGACAAGTGGCCGCCGTCCCACAGATGGGCCACCAGCAGAAAATCGTCGGATCTTGTCTCGCCAAAACTGCGCAAGACGGTGACTCCGCCCGGGGTTTCCTCCAGGCGCGTCTGCTGGGAATTGAGGGAATGTTCTTCGCACCAGGCTTCGTGGGACTCCACCATCTGCTCGGAGGTGAGGTCGCGGGTTTCCATCAGATCCAGGATCTCCAACGCACCGCCGCCTTCGCCGACCCACTTGCCGCTGCCGAGAGCGGTCCAGTGGTGGGCCAGTTCGAGCCCGAACCAGCCGCGCGGCGAAATCATTCGGTGGTCTCGCCGCGTGCGCGCCGGTCCAGGAAGTCCTGCAACAGCACCTTGGCGGCGGCTTTGTCCACCAGACCCTTGGGGTCCTTGCCGGGGCGCCAGCCAGCAGCCTTCAAATCCTGCTCGGCGGCGAAGCTGGAGAACCGTTCGTCCTCGAAGTGGAGAGGAATTTTGGTGCGCGCGGCCAGAGTCTCGGAGAACTCCCGAACGGCCTTGGCCGACTGGGACTCCTCCCCCGTGTCCGATCGCAGGGGGAGCCC
CP064986.1_gap36	1506707	1509697	2990	TGCAAGATGCCGGAGCCCGCGTTCCACAAGGAAGCGCGCGTCCAGTGTGCTCTACCCAGCGCATCTCCCTGCCAGGCCGCGATCCAAACATTGGGCAGGATCAGGATGGGCAAGAGCGGAATCCACCATCCCCCCGCGAAGGGGAGCGCGATCAGCTCCAGGCGCCAGGATAGGGCCACAGCCGCAGAGCCTGCAAAGACCAAAAGGCTTCCCAGAAGGATCCCGGAGGAACGCCAGGCGGCGCGAGCTCGCGACGAGGTGCGGGCGGCGGCCCCTTGCTGGAAGCCCGATTGGAGCGCTTGCACGCCCAGCGCGGAGGCGAGCGCGACAAGATTTTGGACTTGTCCCATGGTGGCCACCCCCGTGGCCCCCAACTTGTGGGCGATCCACCGGCCTGCCAAAAACAAGGCGGCCAGGCGCGCCATCGATCCGGCCATCTGCACCATCGCCGCCGAGCGAAAACGGAGCATGAATCAGGATTCGCTTGCGGGGAAAGGATCCACCGAAGGGTCGGATTCCCATTCGTCCAGCACCACGGGCCTGCCGCCAAAACCCTCTTTGAAAAACAGCAGCGGTTCGTTCAGGACCATGCCGCCCTCTTCGCAGGAGTGCCCGAAGTGCAGCCACCGAAAGCCCTTGGCGGCGTGGCGCAACATCCAGTCCACCAGCAGATCCGGGGCGCCCAGGTTCCGGCCTTCGTCGGAAGAATGGAGGTACTGGAGGTGGAACACGGGTTGTCCCAGATAGGCCAGGCACCCGGCCACGATCCGGTCCTCGCTGAAGACGCCGTAGAGACGGATATTGTCTGGCAACCGGTCGCGAAGGAGTCGGATCTCTTCCAGGGTGTGGACCGGCCGCAGGCCGTACTTGGACCCCAGGCGCCCTTCCACGAGGGGCCAGAAACCGTCCAAGTCGTCGGTTTGGCGGCAGACGAACCCGGCGGATTCGGCCGATGCCACCTTGCGACGGCGCAGACGCTGGTACTCGCGCGGCGCCTCCACCTCGATGACGGTAGACAAATTCCGACTTTTCAGGGTCGCGCCTTGGCGAAACAGCAGGTACGGGAGCTCTTCGGAGGGCTCGCGATGGTAGATCCACGGGATGGGGCGCCAGGTGGCGCTACGGATTCCCCGCTGGCACAACGCCTTGTTGAGCGAGCGGAAACTATCGATCACCTGCGGGGATTGCAGTTCCGCGGAAAGGATCAAACCTCCGTAGCTGAGACCCTTGTGGGAGGCCCAACCCTCTTCGCCCACCAGGTGCCCCGGGATGGCGGCCACCCAGCGGCCCTTGGCGCGCGCCATGTACGAGGCGTCGCGGAAGCGATCGGCGTGGTAGTCCATGTAGCCGCGCAGGAACTGGAAGTGTCCTAGCCGCGCGTCCCGCACCAATCGATCCCAAGCCTCGTTCAGGGAAGGTTCGTAGGGAACCAGCTCCATCACCGCTGGTTCCAGACGGTGCGTTCCTTGCGGAATTGGGAGATCTCGCGGATGTAGTCGGATTCGGCGAAATGGCGCGAGGCGAGCACCAGACAGACCGCGCCGCTGGAAAAGTTCTCCAGTTCGCGCCAGGTCATGGGGGGCACGTACAATCCGTGCCAGGACCGGTTGAGGAAAAACTTTGCGCGCGTGTCGCCGTCGTCCAGGATCACATCGAAGCTTCCGGAAAGCGCGATGATCAACTGGTGCAGTTCGCGATGGGCGTGGCCACCCCGCACGGCGCCGCCGGGCACGTCGTAGAGGTAGTAGACCCTTTCGATGGGAAAGGGGACGTGTTCGTTCGATTCCACGAAGGAAAGGTTTCCGCGCGGGTCGTGGACGATGGGAAGGTCGATCAGGCGCACCCTGGGATCCATGGAAGGGAAAGATGCTATCCAGAAGAGCCGGAAGGAATTCGGATTTTCGCGCTCGCGTCGATTCGCTGCGGGAATCCCGGTCAGATTCGCTTCCAGCGCCTCCAAAGGCCGCCAGGGATCAAAAGCTTGAGGATTCCCTTGCGCGCCTGGTCTTCCCGAGGCGAAACCGAAAGAAGCCGCCGAAGCGCCTCGCGCTTGTTGGTCGTGCTCCAGCTGGAGAACATCGCGGCTCTCCAGCGGCGCAGGGCACGTCGGTACAACGGGTGGTCGCTGTGCAGGTCCAGGATGCGGAAGGTCTCGCGCTCCATGAAATCCAGTCGCCCGTGCAGGTTGGAGCCGTGCTGGCGGTAGTAGGCGATTTCCTGGTCCAGGAAGGCGATCTTCCCACCTGCGCGGGTCAGGTGAAGCCACAGCCACAGGTCTTCGATCGGGAAGGCGGGGTCGAAAGGCCCCACTCTTTCCAACGCGGCGCGACGGATCAGCGACGACGCCCCCGGGACCGCGCTTTGTCCCAGAAAGAGGGCTTCGAATCCGTAACCGGCGGGTGACGGAGCCAGAAACTGCTGGCTGGGGCCGGACAGGGGTTGGCTGTCGGCGCCCACGCACACGGTGGATCCGATGCACACGTCCACGTCCGGATGGGCCTCCAGGAATTCCACCTGGAGGCGGGTCTTGTCTGGATGCCAGAAATCGTCCGTCGCTTGCAGGGCGAGGTATTTGCCCTTTGATCCCGCCACCATCCGGTTGAGCGTGGGGATCAGCCCCTGGTTTTTCTGGCGGTCGTAGCGGAACCCGGCGCGCAGGCTCCATTCCAGCAGCACCTCGTGCGAGCCGTCGGTGGACCCGTCGTCGACCACCCACACTTCCTTTTCCTGCCAGGTCTGGGAAAGGGCGGTGCCCACGCTCCGGTCCAGGAAGGGCTTGTGGTTGTAGCTCTGCAACAGGAGGGACACCAGAGGTTGTTGGCTCATGGCTTGTTCCTCAGGCGCGCCGCCACGTTTCGCAGCATGGTCAAACGGAACAACAGTCGGCGAGGGTAGGAGTAGCGGCTGCGCCCTGGCTGGAAGCTCGCGTTGGCGCCGTGAATGACGTGATGGATGAGAGGAGTGTCCAGGCGGCATGTGCCGCCGCGCCG
CP064986.1_gap37	1518658	1523365	4707	TGGAACCTGCAAGCCACAGCGTGCCATCGTCTTCGCGGGACATCGCTTCCATCGTGATCTCGGGGGGAACGTCGCGCCAGAGAACCTTGGGCGCCGCCGGACGGAACAATCCGTGGATGACCGCGACCGAACAGATGCCGGACGGGGAAAAATGCAGGAGGGAATTGGAGAATCCCGCGCCCACCGTGATCCATCGGGAACCATCGGGCTCCTGGATCATCGAGTTGACCTGGTTCCAATGGGACTCGTGGAATCCTTGAACGGTCAGTTCCCTTTCCAGAGGAATCAGCGTGTCGGAATCGATTCGCCATCGCCAAAGCTGTTTGTTGCTTTCCCCTTGTCCTTCGTCGTGCAGGATCAAAGACCCACCTGCCAACCGAGGTGGCGATCCAGAAAGGGGCAGGAGATCTTTCGATCGGCCTATGTGCATCCAACCTTGGCTCGAGAGCTGGAATGCCTCCCGGGAATAGACGGCGAGGATTCCCTGGTCGGAAAGTCCCAGCGAGGCGAGTGCTGTATCCGAGGGAAGCGCAAGCTTCGTCCGCGTCGGGCCAGCGATCCTCCACAAGACGACGCGATGGTCCTTCCAGCCTGTGTACCAGACGGTATCCCCCATGGACACGAACGAGTGGATGGTGTCAATTTCCGGCACCACCACGCGGTGCAGACGGTGGGTGGCCAACGAGTAGAAGTAGGGCTGCACGTGGAACAGGTGCGTTTCGTTCGATTCCTCGCCGGGGAACGTGCATGGGCCACGCGCCCCGATGAGGATTCCATCGCGGAACTTGGCGAGGCTGCGGGTGGGGAGGCCTTCGGTGCGCCGGCGAGGCAGGCGTACGAAGGGCGGTTTCATGCGCTCGTAGCGGACCCCCATCATGCGTCGACCGATCAGGGTGTCCGACTTGCGTTGGGCCTCTTCCTGGTCCTTCCACATCCGATCGAACACGGCCTTGGTGCGTCTGCAATCCTCCGCATAGGCCTTGAGATCGAACGCCAAATGGTGGCGGTGATGCCAGAAGGCTTGCAGGATGGCGCTGCTCATCGCATCGGGGTCGTGGATGCCGGCCGTATCCAATCGGCGGGACAGCAGTCCCCCCTTCCACAGCTCCCATTCGTTGCGGATGGCCATGCCCAGCCCCATGTGGTAGCGAGCCATTCCTCCGGGAGCGGTCATCCGATCGATGGAATCGAGAACTTCTTGCGGAAGCATCCGTTCCAACGCGGAGTCGGCTTGCGCCATGCTGGTGGGAATCGCCGTTGTCGATCCGCCATCCGCTGCGTTGGCAATGGAGGCCAGAACGATCAGGCCGCCGACAAGCAAGAAGCTTCGGCCGGCCATGGGTGGCTTACAGCCCGAGGCTGATCTGGTCGCGGTGCGCCTTGTTGAGTTCTTCATCCGGGTAGGCGCCGGAGAAGCAGCCCGTGCAGAAGTTGCCTTCCAGTTCCCGGGCGGCCGACACCATGCCATCGATGGACAGGTAACCCAGCGATTCCACGCCCAGGTACTTGCGCATGTCCTCCACGGTCATGTTGGAAGCCAACAGCTCCGCTTCCGTGGGGAAGTCCATGCCATAGAAGCATGGATGGCGCACCGGGGGCGAGCTGATGCGCACGTGGATTTCCACGGCGCCGGCCTCGCGGACCATCTTGCAGAGGCTGCGCAAGGTGGTGCCGCGCACGATGGAGTCGTCCACCAGCACCACGCGACGTCCTTTCAGAACGCCTGCGATGGGGTTGAATTTGAGTTTGACCTTGCTCTCGCGCCCGGCCTGGGTGGGATCGATGAATGTCCGTCCCACGTAGTGGTTGCGCAGAAGTCCGATCTCGAAGCGGATCCCGGAGCGTTGCGCGAAACCCAGCGCCGCGGTGTTGGAGCTGTCCGGAACGGCGATCACCACGTCGGCGTCGGCGGGGGCCTCGTGGGCCAGCTGCTTGCCCAGGCGACGACGGATCTTGTCGCAGGAGTGTCCGAAGATCAAACTGTCGGGGCGGCTGAAGTAGACGTATTCGAAGATGCAGTGGGCGGGCTTGCCGGATTCGGCGATGCGCAGGCTGCGCGGGCCCTTTTCGTCGATCACCAACAGTTCGCCGGGTTCGATGTCGCGAACGTAGGTGGCGCCTAGAAGGTCGAATGCGCAGGATTCGGAGGCGACCACCCACGACTTGTCCAGGCGTCCCAGGCACAGGGGACGGATGCCCAGCGGATCGCGCCCCACGTATAGACGGTCGCGAGCCAACAGCACCACGCAGTAGCTGCCCTTGACTTGGGCGAGCGAATGGCGGACGGCTTCATCCAGATCGTCGCCGGGGTGGCGGGCGATCAGATGCAGGATGGTTTCGGTGTCGGAAGTGGACTGGAAGATGTGTCCCAGCTCTTCCATTTGGCGACGCAACTGCCCTGCGTTGATCAGGTTGCCATTGTGGGCGATGGCCAGAGGGCCTCGCTTGTGGCGGATCAGAAACGGTTGGGCGTTCAGAAGGAGGGATCCGCCTGCGGTGCTGTAGCGCACGTGCCCGATCGCCGCCGAGCCTGGCAGTTCCGGAGAGGAGGCCAACTGTTCGGTCAGGCGGCTGACCAAGCCCATCGCACGCACATGGCGCACTTCCAGGCCGTCGGAGACGGCGACCCCGGAGGATTCTTGGCCGCGGTGCTGCATGGCGTGCAGTCCCATCGCAGTTGCGTGGACGGCCCGCGGCAGGCCCCAGATCCCGATGACACCGCATTCTTCGTGGAGTTCGTCGACCATGGAGGCGGTCAAGGTAGCAACCTCCCCGACTGAAACACCGCGGAAACTGAGAAACCGCTTCCGGGAGAGGTCCGATCAGCGGGTTTGGAGAGCCTGCGGGGTGGTTGGAGGTGATGGCGGGAGCGCGTAATGGAACGGCTTGGCTCCAGGTACGCCCTCCGTGATCCAAACTTCGGACCCGAATCGTTCCACCCGGTCCCAAACGCCGGCTTGGGCATCATGGAAGAGCGTCCACCGGTCGGTGCGCGCAAACAGGGAATCATCGCGCTGTTTTCGCACCAATACGCGCAGATAGGCGCTTTGGAAGGCGATGGCGGCCAGGGAATCTTTCCAGGCGGTGCGCCAAGCCAGCGCCAAATTTCCATCCCGATCGCGCATCACCCGGAAGGAATCGCCGATCCAGCCGGAAGCGACCATGTCGGGGTTCGGTTCCTTCGGCAGTTCGTCCAGGATGATTTTTGCCTTGATCTCGGAGTCTGGAATCCAGTTGGAGGACTCGCGCCAAACAGAGAGCAGAATATCCAGGTAGTGCTCGCCCACTTTTCCCTCCCGCAGGAGCCACCATCCTTTGGTGGTGGGAAACAACGGTGTGGGGTCCGGTTCCACAGCTCGGCGGCAGGAATCCTCAGGGCGGAGAAAACAACTGGAGGAAGGAGGCTGGGCGAACCATTCGTCCACCGCCTTCCAGCCACCCCTGGAGCGGCGCAGGGCCAAAGCCCGAGCACCTTGTTCGTAGGTGTGGTACGTGGGCAGGGTCACGAACTCGGGATCCAATCCTTGCGCCAAGCGCAGCGTGTCGCGAAAAGCTTCCAGCGACAAATGGGGAAGGTGTTCGAGGATTTTCTCGGGACTGGCGGTAGGGTGGGCGTAGAGGGATTCCACGAGCCGCGCCTCGCCCTCCAGGAGGTACTGCAACGAGAGACGCTGGTCCAATCCGCGCTGGGAGCGATACAGCTTGCGCAGATCCCAGCGTTGGTCTTGCAGGGCGTGGGCGAGTTCGTGGGCGATGGTCAGGTCAAGCTGGCTGGAGTCGAGCATTTCATCGACCACCCAGAGGACCCCGCGGGAATAGAATGCCTCGATGGAGGCCTGATCCACGGAATCCGCCACGCCATCCAGGGCACCCAGGCTGTCGATGAATCCGATGGTCCAGATCATCCGGTCCCAGGCGCTGTCGGCAGGGTCGGCTTCGTCCATGCTGGCCGAATCGTAGACCCGCAACAGGTCCGAACGCCGGATCACCCTGCCTTCCACGCGATGGTGGAACCGCTCGCCGCGGATGGACTCCACGCGCCGGGAAATGGAATCGATCCGATCCGACAAGAGGACACGATTGGCTCGAGATGGTTGGCAAGCCGCCAAGCAAGCCGCCAAGCAGAGCAGAAAGATGTGCGCTGGCCGAATCATCGACGGTCAAACCTAATTCCCGCGCCTGAGCGGGAAACGGACCGACTCCGCACCGATTGCCCACCGGGCCGATTGGCAATGCTACAATCCGAGGACCGTGTCTCACGACTCCTCCATGCCCAGCCTGCTGGCCGTTCTCGCCATCGCCCTCCTGACGGCGGGAGCGTTGTTTCTTGGCATGGCTCTGGGCTCTTGGCGCCAGAGGAAAGGCCTGGGCAAGGCGGCCCAGGTGAGGGAAAATCGGGAACTGGAAGAGGCGAAAGCGGAGCTGGCGCAGCTGCGAGCGGAATGCGCACAGCACGAGGTCAGAGCCAGGAAGCTTCTGGAAAATCGTCGTCGAAACGACGACATTTTCCGGCATCTGCGACAAGGCGTGGTGGTCCTCGATCAGGAGTTGGCGGTGGAGTGGAGCAATCCCGCCGCGCGGCGCCTGACCCATCGCACCAGTGTGCAGATCCTCGGCGCGGCCTTCGACGCCATCGAGTGGCGATCCAACGAGGGTCCCAAATCTTTCGATCGGGCCCATCCGAGCCCTTGGCGCCAATGCTTGGAA
CP064986.1_gap38	1696133	1697211	1078	CCAAGGAATTCTCCTCTGTCAATTTCTGGTCAGAAAGAGCCGAGGACGCCATCGACGCGGCCCAGCGACGCCGCGACGGAACGCCGTATGCGTTCCTCGCGGGGCCATCCTGGGTGCAACGGGATCGGCGGAAGACGGTTCCCGTCTTCGCCTGCCAGGGGGGAACCTCGGCGGATTACCGTCGGGGAAGTCTGGGATCCGACGGGACGATCCTTCTGGTGGATCTCGGTCGGCATCGATTGTTCGCCACGTCGGTGGATCACAAGGAGTATTCCTTCGAGTCCGCTCCCGAGCCACCCGATGATACGTCGGATTCTGACTCATCGGGATTCGGTGCCTGCTGTACGCCATTGGATCTGGAGAGTCTGTTCCCGGGTCTTTTGCAAAGCGGAGGCTTGTACCGGGTGCTGGCGATCTATCCGGGTGGTTTGGTGGACGGTTTCGAGTTGGAGGTGGGCAAGTCCCATGGGGAGCACAAGAAGTCTTCCAAGCAGGCATCCACCTTGGCCGTGCGGGAAAACCCGATTCCCACCGATGCTTGGAGCCCGGATGAATCTCCAGTTTCCGCTGCGAGCGGGTTTGCGTTGGCCTTGGACTCGATCCCTGGCAAGCAAACCTTGCGGCTTTCGGTGCCGTCGGGGCCAGCAGAGGGCGAGCGAAAGGTTCATTTGGCTGGGTTGGTCCGAGGTGGGAGCCTGGTGGTGTGGACCTTGAGTCTCCCCGCAACGAACGGGCACTCGCGGTTTCGGCTGGACATGTCCCGGCTCTTCCCGTCCTTGGCTACCACTGGTGGCTGGGTGGTGGGGATCTCGCAAGGAAGCCTCACGACGATCCTGCCTGTGGCAGTGGCGGGAACAAAATGATTTCCGGGTCGGCATGAACGGCCCAGTCGGAATGCAGGTCAAATCCGAGGATTTTTGGGGGAATCCAGGCAAGATCGAGGACGTCGGTCGAGCCTGTTTCGATTCCCGCAAGCCTTGCCGACTCCTGCTCGCTCCCGAATGGGTGGATCGCGAGGATCGCAAGACGATTCCTGTCTGGATGGTCCAGTGCGGGAGCCTTCGCGAATTCCATCGCG
CP064986.1_gap39	1723295	1727465	4170	CGGCCCATCCTGCCGGGAGGGCTCGGAAGCCGTAGAAATCGGTTCCATTGCTCAAGTCGGCCTTCCAACCAGCGGTTGCCTTGTACTTGTAGCCTTCGATGCTGAAATTCTGGATGATGTCCAGATCGTCCCATTCCGTATCACTGGGCAGATGCCAACCAGCAGGGCAAATGCCTCTGACGCCCGTGGGAGAAGTGCTGCTGGCGTAACCTGCCATGGCATTTGACCAAGTGTAAAGCCTCCCGTATTTGGCACAGGAGTCGATGCTGTTTCCTACGCAATATCCGGAATCGACTCCGGCGAGTTTGTAATCCAGGTTCTGCGCCATCCAGAACTTGGTGTCGATTCCGACAGTCCGGTAGACATGCCCATCGCGCGCATCCACCATTGTTCCGTAGGTGATTCCTGTCTTCCAGGGGATTCCAAAGGTTGGTGGCGCCGCGGGGCGATGGACGATGATCTGGTAGACCAGGCTGTCGAAGTCATCGGAGCGAACCACCACTCTGATCTGGGTGTTGGTGCCGTTGGCCCCCAGCGGGACCGCGAGATTTTCGGTGTTGGTTCCCTGGATGTACACGTTGGTGGTGAACGGGTCCAGCGCCTTGGCCGCGACGCCGATGGTCGTGAACGTCCAAGGAACGGTGTCTCTGTACACGAGAGTTCCGGGAGCGAAGGCGGGGGCGAGCATTCGGCCCCGTCCATCGCTCACCACAAGCGAACTCAAGATGGTGTCCAATGGAGTTCCCAGCGCTCCTTGCACGCATCGGACCGAGTGACCGAGGTAAGGCTGCGAGGAGGTAAACGGCTGGTAGAAGCTGGACAACTCGATGCCGAGGACGCTGGAGTCCTGGGAGCCGGCTGTCGAGGTCCACCAGTAAGAGGTCAATCCCGAGTTCCCGAAGCCGCCTTCGAGGTCGAGCCCACCGGGTAGCGCACGGAACCCGTAGGCATCCGAACCGTTGCCGGTCGACCTCCAGCCCCAGACGGATTTCAAGGTGTTGCGCACCTTCGGTTCCGATCCAATGAAGCTTGCCAGTTGGTTCCATTCCGCGAAGCTCGCCAAATGCCAGCCCGTGGGGCAGATGCCAGTGGCGGGGCGCGGGAGGGCGGGACTGGCGAATTGGCCGGCCATGGCCTCGTACCAGCTGTAGAGCCGACCGTATTTGGAGCAGGAATCGGGCTTGTTCACGTAGCATCTGCCGGAGTCCGGTCCGGCGGGCTTGTAGTTCAGGTTCTGGGCCATCCAGTTCTGCGATCCGATCTGGACGGTGCGGTAGGTCTTGTTGTCCCGCGTGTCCTTCAGCGATCCGTACTTGATGGTCGCATTCCACGGGATCGCGCCCAGGACGGCGTTGGATGCGAGCCAGGCGGTATCCACCAGGGCGTCTCCTGCCGGCACGGGAATCTGGACGGATTCGAATCCGGAGCGGGAGATCGAGAGAGTGTCGTCGATGGCGGCCGCCAATCGGGCGGAGGAGGCGGGACCCGCGAAGGGAAGTCCCCGTCCCAGTCCGGGGAGCAGGGTCCAGCTGGATGCATGGCCATCATGGACCAGACGCACGACCACAAGACCTCGCTGGAGGCCCAGGCTGCTGGCCGACCAGCGCCAGAGGCCCGGACCGGCTTCGCCGTCGAAGGGGCGCGACAAAATCCGTCCAGATGGATCGAGGATTTCCAACCGAAGTGGTTCGCGTCTTTCCAGCATGAGCACGAGGTTCCTGCCTGCGGGATCCCAGCCGAGCGATGGTTGCCGCTCCATCGACACCGAAACGCCTCCGATCACGTAGGCCCCATTGGCGTCCGTGGTGGCCTGAAGGCCTGAATTCGAGCGCACCGAAACTCCCGCCATGGGGGCGCGTGTCTCGCCGTTGAACACGTACCCCGTCCATTGGGCGGCCCCAACGAAGCTCCCGAATGCCATCAAAAATACGGCCGTGACATGGCTTGGAAGGGCGTTTCTCATGAATGATTCCAATCGAAAGTGTCCGCATGGACCGAACGGGTAAACGTTGACTTTCGTGAAGGGTACGATCCTCCTCGGCAAATCCTTCTCCCCAAATCTCGCTTCGGAGATTTAGCGCTTTCCGGCGCTTTCCGGGCCCAAGGCTTCGCAGCGATCGGCGATTCCAGGGGGAGTGCAGAAGCAGTGGCAAACACTTCGAGGCTAAGCTACAGTGGCAAAGTGCGTGCTCGCCAGAAATTGGATCGATCCACGCGACATAAATTGACATGCAACAAAGGGTGATTTCATGAACATCTCGAGTAGGAGCGCGCTGATTGTGTTCTGTGGTCTGGTGTCGCTGGCCGGCGTTCTGGCCGGCTGCAATTCGTCCGTGAATCCGGCGACGGAAACGGGAGGGGTGTCTTCGCGTGAGCTTGGGGCCATCGACGAATCCCTGGCGGGGCAAGCGCTTCTTGTGGAGACGCCCATGGATGATTCGGCGCTTCGCGAGGACGCCCAGGTTTCCCCGAGCTTCCTTGTGGCGGGAGTCATATACACATACAAGTACGATCCATTCACGGGAAATTTGAAGGTCTTCGTGATTGGCCAAAATGTGATCAAGCCAAAATATGTCTTACGATATTCGCTCTCGGTGCCTCGGGTGGCCACCAAGGTCCTGCTGAATTGGGTGCCAAGCAACATCGTGCCCAATTCCAGCGCGTTTTCGGCGGTCATTCCGTTTTCCGGCCAGGAATACATCTACTTCGACCCGTTGTTTACGGGATTGTCGGACAACTACTACACGGGGACGAGGGAATTGAATGCCCGTTTCGATCCAGCTGGCTCCTTCATTTTCCGCAACCGAAATTCCATGATGTTCGATCCGGGCGAGCCGAACAACTACGGAGAGCTGCGGGTCTTCACCGAGTACAATACGGATGACAACTGCTACATCGCCTACAGGGCGGGGAGCAAGTGGATTGCCATTCCTCGAACAAAGAACAACGACCCCGACAGGACCATTTCAACACGCTGGATGCTGTACAACCCGACACGGTTCAAGATTTCCTGTCCCTTCACGGGAGGGGATAATTTCATCTACATGGGCCGGAAATTCGAAGCCAACTGGATCGTGACACGAGTGGCACGCAACTATAACGGATACAACATCCTGGAGGTCTCCCACAAGTAGGCTCAGGGGGCGAATTTGCAGAGCCCGAAATTGTACTCCGAGCATTCCTTGGCGATGCGGAGGAAGTCTTCGTCGCTAAGGTTCTTGATCGTTGGGTCCACCGTCCGCAAATCCTGCCAGAACCTCAACAAGACTTGGTTTCCCGAGTCGACCTGGACCTTTTCGATCCTGAAGTACTGGGTGATCAAGCCGTTCTTCCCGGTGCAATTTCCGTCCGTCAGGTCGAAGTATTTCCCGCAGAACTCCAGGAAGCAGTGGGTTCGCGGGATTTCCTGCAATCCGTGCTTCTTGACCACTTCCGAGACGCCGGTGACGATGGTGTCGTTCAGCGGATAAACCCCCTCGAAACGAAACACGGGAAGGCCGTTTTCACGTGCCAGCTCCGCCAGGAGATTGTGCTTGGAAATGCAGGTTCCGTGGCCTTCCCGCAAAAGCGCCAATGCATCGTGATCGTCTGCGTTCTTCCAGTACGGCTTGCTCTGGATGAACAACGCGGCCGTCCTCAGGTCTGTGATCCCCAACTCCAGAAACGCTCGCGAGACCAGCGATGTGCTGGTGATCCCAAAGGCGGGGAAGTCCGAGGCTGGTAAAAAATGGATGGTGATCATTTCAAGTCCTGTACAGGAATCCAAAGACAGACAAACCTAGGGGGCCGCCATTTCGCCGGCCCACACCGGCGATTGCTGCCCAGTTTCGAACCAGTCTCGTGCTTGCAATGCCTGAGGAGGGAAGGCAAAAATGATCGGCGCCGCCCCGCTATCGCACCAGATCGAACGCCTGCTGGGCGACTCCGCCGGCCACCTGCATCCGGATCAGAAAATGTCCGGAGGCGAGTCCGGTGGTGGCAAATCGCATGGAGTGGCGCCCTTCCGGCATGTGGCTCGAAAACACCGTGCGGACGGTGCGGCCTTTCAGGTCGCAGATCCCGATCTGCACGGGAGCCGAATCGTAGAGCGTGTACGAGAGGGTGGCGTTGCTGCCGGAAGGGTCGTGCAGGAGAGGGTCCATCACGAAATCGACCCGGCCGGGAGTGCGG
CP064986.1_gap40	1729545	1733719	4174	CAGGGGAGCGATCACGTTCTGTTCCACGTCCGGGTCGATCACGTAGTAGACGAAAAACCGGTAGAGCTTGCGGCAGACGTGGAGGGCGGTCTGGGGTTGTGTCAGGATCATCGTGATCAGGTCGTCGACCTCCAACGCGCCTTCGGCGCCGGGCCGTCCTTTCACGACCACGTTTCCGTAGGCTCTGGAAAACACCTTGTCCGAAGCATCGTGCTGGGTTGGACGGAATTCGGCATCCGGTTTGTCCCGCAGGTCGCGCCAACCCGTGAGCACCCTGGCGGCGGCCTTCACGTCGTCTTCGGTGTAGTGTGTGTAGTCGCCCGGGGCGATCTCGGGGCCTTTTCCGATGGTGAAAAGCTCTTGCAGCTCGCGTCCGTAGTTCTCGTTGGGGCTGGACTTGGTGTTCGTGTTGCCGTTGAGGTAGCGCAGCATGGCGGGATCCAAGGTCACCTCGCGCACCATCTTCTTGAAGTCGCCCAGGCAGTTGGCGCGAAGCCTGGCCAGATGGCGGTAGAGATGGTGGGGCTCGTCGGCCACGCGCCATTCGGTGGCGAAGTGGTTTTGCCAGAACAGCGTCATCTTCTCGCGGATGGACAGATTCTGGTGCAGCAGCAGCCCCATCCACCAGGCTTGCAGGTTGCGCGACCGTTCGTAGGCGCGCTCCCCGATGTAGGGTTGGTCCACCCAGGTGGAGCCGACCGGGAGGGTGGTCTCCGTGGCGGAAGTCACCACCGGGGGATCGGGCTGTGCGGAGGGAACATCCAGCAAGGCATCGACCGTCCCGGCCATGCCCAGCGCGACGGCGCGGTCCAGCTCGGCCTTGCCGTGCCCGAACAGCGTGCGCCGCAGCAGGTGGGAGGCTTCGGCTTTCGTCCAGGCGCCTTGGAAGGGCTCCAGGCCGGCGCCTACCGCTTGGCGGCGGGGCAAGATGGCGTTGGCGCTGGCGACGAAGGCGGCGTCCCGCGCGAGTTTGGGGGCAGGGCGGGTTCCCGCCGGCGTGCCCGCTCCGAACAGCGTCGCCATAAACTGTCGTCGATCCATCGCCAAATCCTTCCGGGAGCATCCATGCGGGGGAGTCCGGCCCGAAGACGCACTCCCCATGGACCGATTATAGCGATTCGCGAAGCGGGGGTGTGGGAGTGGGGTTCGAGGGATGCCTTTGCTACCAAAGAATCCGTAAAGGACTTGTTAATCCATCATCCATCGGGCCGTGGGCGAGTGCGCGACCTGTGCGGGGGGTATGCTCTCAGAGTCGCGTGATTGAAATGTCGTCCATCCACAGCGTTTGCGCGTTGGCGGAGGAATTCGCGGTCTGGCCGAATTCGACCCAATCGTAGTGGGTGATGTCCGGCTCAGTGGGGAATGTCATTCCGTTCGCCTCCACCACCAGCAGTCCGTCCTGCCAGATTTTGACGCTTCCTTGATCGTCCCGGGCAAGGACCAGATCCACCTGGATGGAAACCCATTGCCCCTTGGGGACGGCCACTTTGGACGCACTGGTTGGTTTGACGTTGGGGCCGGATCCATAGGCGCCACCGGCATTCTTCGATTCCAAGATCAGTTCCTGCGAACCGGAGATCGCCAGGCGTCTGCCGGGGTAACCGCTGAGTTCCATGGATTCGAGGTCCATCAAAAACAGGTTTTCCGCCGAGCCATGGTCCTCCAGGTACAGCCGAAATTTCACCACCACCTGGTCGCCAGGCTTGAAATCCACTCCCTGCTTGGCGATCGAGGCCTTGGATACGCTGGAGCCGGTGGGTGGCGCCTCGAATTTCATCGCTTTGGCCCCAAGTCCCGCCAAGGAAGGATCCAGGCTGATCCGGTTGGATCCCGAGACAACCGACAAGCCGGAGGGAGCCGAGGATTGGGTGCCATCGGGCTGAACGCATTGGACATTCGTCCAGCCGCTCAAATCCGTGGGAAACAAGTCCATGAAGGTGGAGGCTCTCTCGAAGTCGGAGTGGAATCGCCACGGTGGAGCTTCTCCTGGGGCCTGGGGGGATTCGGTGTCGGAGCAAGCGCCCACCAAAACAAGCAAACCGATCAGGAAAATTCTCATCGAAGGGTCATTTTGAAACAGGTTGCGGCCATGAGGTTGGGGAGGGTTGGTCCAGTCATGGCAAAGCGGCATTGATCCACTCGATCTCCTCTTCCAGTTCCCGCAGGAATTTGGCCTTGATCGATTGGTTCTCGCCGCGGAGATAAAACGAGCAGAGCCGCCACAGAGCCACGTTGCTGTAATGCAAAAGCGACACGAAGCGCAGCCGGTCCTGATCTAAGGAACGGCCGTAGGACTGGAGCAAGGCCTCTTTGGCAGATGGCGCCATCGAAAACGACTTGAAGGCCGAGCAGAGGTCCCATTCGGGAAAGTCGAGTCTCGCCAGCTCCCAGTCGATGATCCGGCATCGATCCTCCTGGAAGATCGCGTTGAGGGGAATGATGTCGGTGTGTACCAAGGTCTTGTCGCGATCTGACAGATTCTGTTGCATGTCGGATCCCATCGCGTGGATCCGATCCAGGCATCGGTTCATTGCCTGGACTTGTCCCGAAGGGGCCGCGTCCTTGGCCTTGGCGTATTGGCTGAGCAGCCGGTCCTGGAAGTAGGTGCTCCAGGACGGACTTTCCAGTGAGCTTTTGAGCTTGGCCAGGTCCGTGCCATGGATGCATCGGAGCGCTGTTCCCAGCCGGGCGGCATCGAGATCGTCCAGCTCGAACCTGTGTTCCCCGGCGATGTGCTCGAGGATCAGGCGGTTGTCTTCGCCGATCGCTTCAGACAGATTATGCCAAAGGACGGACGGGCCGATCTCTCCCTCGAGGTTGGCCAGAACCGCACTCTCGAACTGGAGTCGATCCGTGCCGTTGGGGCGCGTCTGTTTCAGGACCGCCTTGCGACGCTCGAACTCCAGCAGGACGATGTCGTTGTTGGCCCCGGAGGCCAGCGGGCTCGATCGCAAGAGGGGCCCCAAGCCGAGGTGCTCGGGGAGGGTGGGGTGGTTCATTTCGAGAGACCTAGAATCGGCATGTTCGATCGTCCATTGGTCCGGCTAGGCAAGTGTCAGACAGAACTTGTGGTGGGTGTCCTGGAAGCCGTTGGCGAGGTAGAAGCGCTGCGCTTGGACTCGCTTGCGGTTGGTGCACACTTCCAGTTGGAAGATGCCATCGGCCTCGCAGGCTTCGCGGATCAGATGGAGAACCTGTTGCCCGACCTTTCGGGAGCGGAAAGCTTCGGCGACGACCAGCTCCTGGATTTCGGCGATCCGTCCGCAATGGTGCAGCAGGGATTGGGTATGCACGCTGACGAACCCGCAATCCACGCCATCCAGGCTCGCGATGGAATAGGTGACCATAGGGTTTGACAGATTCTGCTGGAAAAACTCCCGGAATTTCTCCCGATCGAAGGTCTGATCTTCCAGATCGCAGACCAGTCGATGCACGAAATCCAGGTCGGATTCCGTCGCGGGTCGCAGCGTCGCCTGGAGTTCCATCGGCATTTCTACGACTTCCGGTATTCCAGTCTCATGACCTTGTTCTTGATGCCGTACTTGGAGTCGGCGTAGACCACGGTGATGAGTTCGTCCTCGTCGGCGCCGATGGTGTCGCGATCGCGGATGCAATCGCCGTTGATGATGACGTAGTTGGCCAGGTTCTGGAGGCGCTCCCGCAGATCATTCGGCTTTTCCGGGCTCTTGGATGTTTCGAATTCCATGTGCCCCAGCGCGGCCAATCCCATGGTGAACCCTGCGCTCCATTTGTCGTCGAGGCGGCCCACCCGGAAGTCCACCCAGATATCCATCGGAGGCCCGTAGGGCAGGACCTCCAAGGCGAATTCCTGGAACAACTTCTTGGGAACCACCAAGGTGGCGTTGCTCCAGTACACGCCCAACGCGAGATCGGATGTCTCCAGCACGGCCCAGACAATCTTTGTCAGCAAGGCGGATGCCTCCAGGGGATCCAGCTCGCCGATGGTGGAAACGATCGTGTGGGACTTGTGATCCTTCAGCTCTTCGGCGGAGTCCGGCCAGAGAATGCTGGTGGAGCACGGGCCCTCCAGGTCCGACCACGGATAGGGGGCGGGCATGTTCGCCACCGCCACCAGGATCTTGCCCACATGGAAGGTGAGTACGGAATCCTTGGCGCTGTGGTAGACGATGTTCGTCACATCCGGAAAGCGGGA
CP064986.1_gap41	1804454	1808402	3948	TCCAGCTCCCAACCCTTTGGACGACAGGGTTGTCGGGAGGCGCATCCGGCGAAAGGCCGGCCGCGGCGAAGGCGCGGCAATCGTAGATGCGACATGTGCGAGGGCGCGAGCCGTAGATCGTGCATCCCGTTTCGGACAGGAGGGGGCAGCGTCCCTCGGTGTCGTAGCCGAGCAGTCGCGTGCCTTTCGGCGCGCCGGGTGCGGGAAAGGTCAGGGTTTTGGGGATCGCACGAAGGGCGGCTTTTTCGTCGGGATGGATGTGGATGAAGTTGGAGGATCGGCAGCATCCCGTGCAATCGCCGCAGGGGGTGTGGGTGTCGGAATCGGTGGCCAGCGAATGGAGCATGCGCCGAAGCCAAGAGGTGAACACGCCAGCATCTGTCATCGCGGTGGAGTGGTCCGTCATGCGCCAAAGGTAGGGAACGGGGAGACGATCGGAGGGTTAGCTTTCGTCCTGTCTTCGCCGAAGCGGGCCATTTCATCCGCTTGACCGAGGAAGCCCAACGCTTTCTGAATGGTGGGCTTTGAACGATCCGCGTTGAATTCCTATCGTCCGCACTATTCCGCAATGACGCGGACGATGATCCAATGAATGGAATAAGAGATGAGTTATGTGATGGTCGACGTGGAAGCGGATGGTCCGATTCCCGGCAAGTATTCGATGATCTGCTTCGGAGCGGTGATCGTGGAGCCCGGGCTGGAACGCACGTTCTATGCCGAGTTGCGCCCGATATGGGAGGATTGGATTCCCGATGCCCTGCAGGTTTCCGGATTCTCCAGGGAGCAGGCCCTCGCGTTTCCCGCGCCTGAGCAGGCGATGGCGGACTTCGATGCGTGGCTGCGCCAAACCTGCCGGGGAAAGCCGATGTTCGTCTCCGACAACAACGGATTCGATTGGCAGTTCATCAACTGGTACTTCCACTGGTTTCTGGGGAAGAATCCGTTCGGATTCTCCTCCACCAACCTGGGGAGCCTCTACAAAGGGCGCGTTGGAGACGTGACAAAAAACTTCAAGCACCTGCGGCGCACGGCCCACACCCACCACCCGGTGGACGACGCGAAGGGGAACGCCGAAGCGATGCTGACCTTGCGCGAGCAGGGGTTGAAGTTTCCGTTGTAGGGATCAGGCATGCCCGATCCCTACAGGGGCTCCCGTACCCTGGACGGTCGTTCGTCGGTGCGTGTGCAGGCCGTGCGCACCAGGGAAAGATCGCCGGAAAGCCAGAGTGTTTTTTTGGCCCGCGAGGCAGCGGTGTACACGATCTGTCGCGTGAGCACGGGCGCGTCGCGGTCGGGAAACACACACAGGACATGATCGAACTCCGAACCCTGGGACTTGTGGGTCGTGATGGCCCAGGCGCTCTCCAAGCCGGAGAGTCGATCGACAGGAATCGTCAGGTAGCCGTTTTCGCGCGGGAAGAGTGCCATTGGGCGCCCTTCCTGCTCCAGGATCAGCCCCAGGTCGCCGTTCCACAGGTCCAGTTCGGGGTGGTTGCGGCCCAGGATCACCTGCTGGAGAGGTATCCATGGCGCGCTCCACGCGATCCCCAGCCGGTGGCGCAACCACGCGTCGCAGGCGCGATTGACCGCGATGGCGCCGAACGGGCCCTCGTGGACCATGCACAGGAAGCGACTTCGCGGGATGGCGGCGAACAAGTCGGGGGGTGAGGCTCCTTGGGCCAGGTCGCGCAAGCCGTCCAGGTGCGATCCCACCCACAGTTCCATCCACTCGTCCAGTCGGCCCGGGAGCTCTTGCGGAGGAATCCGGAACACCGATCCGGAGGGCACGTCGGTCCACAACGAAGGTTCGCCAAGGGCGAGCGGGATGGAGTCAGGCGAGGGAGGACTGCCCTGGTTGGCGAGCTGACAGAACTTGGCGATCTCGCCGGCGTTTCGATGGCTGTGGGTGAGGGGGCGACGGAAACGCGAAAGATCGGGGTTGGCCAGCAGATCCGCCAGGACGGCTCCGGGGTCCACCGAAGACAATTGATCCGGATCACCCACGACCACCAGCCGGGCATCGGGGCGCAGTGCGTTGGCCAGGGCCGCGAACAAGGGAAGATCCACCATGGAGGCTTCGTCCAGCACCACCACGCGATGGGGGAGAGGATTGTCTCGATGGTGCCGGGGACGTTTGCCCGCGCGGACCCCAATCAAGGTATGCAAGGTGTTGGAGGGAATGCGCGAAAGCTCCAGGGCGACTGGATCGGTTTGGGCCAGCGGAAGGAGACTTGAGCGCAGGCTTTCCTGGAGGCGCGCCTTCGCGCGACCGGTGGGGGCGCACAAGGCGACGGATTCCGATGTGATGCCGGAGTCCGCCCAGGCCATCGCCAACAGAGCGCGTGCCACGACGGTGGTCTTTCCCGTGCCGGGCCCGCCGGTCACCAGGCACAGAGGGTGTTTCAGAACGCCTTCCACCGCATCGCGTTGCCTGTCGTGGAGCCGCATTCCGGGCAAGTGGTCCAGGCGTTCCAGGATCGAGGATTCTACGACGGAATCCGACGCGTCCCTGAATCGCAGGAGGGCCAGGCGCAGATCGTCTTCCGCAGCGGCATGGCGCGCGAAGGCCAGGGAAAGTGAGCCAGACTCGACTCGAATGATCGGCGCGGGATCGGTTTGGGCCGGGCCGAACTGGGGGAGGCCGGTGTGCGGATCCGATCGCAAACGGTCGAAGGCGGTCGTGACCAAGGCGAGGATCGCCGCCGTGTGGAGCGGAAGCTCCTCCCGATGCTTGGCGAACGCGGGATCCGGATCCGATCCGCCGCCTTGTCGCAGGGCGGATTCCAGGTCCTGGACCAGATCCACCCTGGTCGCGCGTGGATGTCCCCGGCGCAATCGCGCGGCCAAAAGTAGAAAGATCAGACGGAATCCGTCCTCCACGTTTCCGCACAGCATTCGTTCGCGGCGAAGTTCCGCTGTGTCCAGCCGTTGGCTCAGGGCGAGCTGGAGCGCGGCCCTGGAAAGGGGCGTGGGCGTCGCCTGGGCATGGCCCGGTCCGTGGTGGGCATCCTTGAATTCTTCGAAGGTCATGACGAACGCCTCGATTCCATCCAGGTGCGCACACGACGATCCAGATCCGCCGAATCGGTGTGGGCACCACAGGTCCAGATGCCGTGATCGGCCGTGGCGGGATCGGCGAAGGCGCGCAGATACACCACCACCCCGCCACCCCAGGATTCATGGGGTTTCAAGGCGCGCGCGACGGATTGCCCATAGAGTTTGCCTTGGAGGTCGTAGCCGTGCGAACGCACCGATGCGTCCAAGGCCTCGGCGTTCCAAAGCGTCATGCTGGTGGTTTTCCAGTCCAGGACATACCACTTGGATTCGTGGCGGAAGAGCAGGTCGATGTATCCCACCATCCAGCCGCGCACGGTTTCGGTTGGCTTGGCGGGGCCTCCGTCGGCGCCCACGGGCCAATGGAATTCCACCTCGGGCAATCGGTCCGAGGCAGCCAGGTCGCAAAGCCGCACGGACGATCCGCCGGGGAGATCCAGAGGCTTCAGAAGCACGGAGCGCAACAGATTGACAATTTTCGGCGCGAGCGCCGCATCCATGCCGTGCGCGGAAAGGGTGTGGGCGACTTCGCGTTCCCGGGTCGGCAGGGTGGTGTCGTCGTGCACCCAGGCCAGATCCGCTGCGGGAGACATCCATCCTTCGAGGATCTCGTGCAGGCAATCGCCCGTGCGGGCGCCTCGAGGGAGCCATTCGTCCGCTGGAGGTGTGGCGGGCGGCAAGGGAATCTCCGCGTCCGGTTCCTCGGAGCGTTCCAGGCGTTCCCCGAGTCCGTGGACTTCGGGGGAAAGCACATGGGTGTCGGACGTCACCTGGGTGAAGGATGTCTGCGAACGAGCGCGTGTGGGCATGCGCAGTTGGGACAGATCCTGCCAGCCATGCACATGGCTGGCCTCCTCTTCCATCCTCTGTGGCGAGGGTGGTGCCGCGAGGGGC
CP064986.1_gap42	1900654	1904241	3587	AGGTTATCGCTGACAAAATTTGGCATGAAGTGGTTGGCGTAGAAATCGCGATTGTGGAGGCGGACAATTCTGGTCCCGGCTTTCTTTGAGCCCTTTCGATGGTTCTGTACTGACTGCTGCTGTGTCTTGGTGGATTGGCCGTAGTCGCTGGATCTAGACGGAATCGATCCAGTGGATGAATCTGTCGTCAGCAAGCGAGGTTCTGTCGATCCGATGGGCGCCGCTGGAGTGACTGCGTCTGAGTTGAGGGCCGAAGTTTCGGTAGGGTCGATATTCTGCGGGGTGATTCCCTGCGGATTTCCAGTGGATCCTGTATCGATCTTGGTGTCCGGATTGTTTGTAGGAATCAGGTGTGAGGGATTATTCTGACTGCTGGAGAGGTGAGAAGAATCAGATTTGAGGTGGCAATCGTTGCCGCTGTAAAAAAAGCTGTACTTGAATCGCTCAATATATCCGGCGCGGATCGTGGAATCCGGTGATTCGGGATGGTGATGGATAAAAATATCGATATTGAATGGCTCCAGATGAATGGATTCCTCAAATTCCGTCTGCTTAACACGGAGTAAAAACTGGATCAGAGGAGATAACGATTTTTTGCGTGGGGTATTCCTTTGTAATCCTTTGGCCAAAGCTTGATCGATGCTAGTGCAGACTGAATCTTTGCGCGTGCTTTTGAATGCCTCAAACATATCTATTCCTAAGCCATACGAAACCCAAGGCGCAAGAATAAACCGTGCAGTGTCGATCTTGTCCTGTCCCAAAAGAATTTTAGCCATAAGCTGGGCGGCTTCACGGGGGTATCCAGTTTCCGGTGGAGTTGGGTCCCATAATTCTTTTGTCAGCTTGCATCGTGAGAAAGCATCTTCCAGGGTGTTGCGTGCCTTGTCTAATTTCCCGGTTTGATAGTAGGATGCGGCGAGAGTCATAATGCCGGCATGGTAACAGCCCCAGCCGCGATTTGGCTGGTAATTAATGCGCTCGCCTATGGATTGAACGCTGTCGCTGAACGCAAGCCTGCTGTAAGCCTGGAAAAGGAATGTCTGTGATTCTATGCTCTTGTTTCGATTGTTGCCTCGAGTTGATTCTCGAATGATTGACTTTGCTTCTCTTTCAGTGAGGTTGAACTCCGGGCCATCAGTAAGCATGGGATTCACTGAGATTTTCTTTGGTGGCTCCTTTTTTGGCAGGAGTATTGCCAAGCTTAGCAACAATGTTTGAATCATGGATTTTTACTCAAAGTCCGTCTAATGACATCGCAAGGTGATCATTGGAACATTCCCGGAAATGGAGGGGGGTAAGGCTCCATATCGCAGTCGTTATGACGATAGAAATAACTGTCCTTGAATTTCGAGATCGAGTTCTTCAGATTTTGGCGGGAAGGTGGATCAGGGTGTGTGTAAATGGGAATATTGAGATTGTACGGCTCGAAATAGATAGAGTATTCATAGGGCGACCCGTTTGAGTTCAATAGGAACTGAATCAATGGGGAGGAAGACTGCGGCCGAGGCAATCTCAATTGAGGGCCTTTTGCGAGGGCTGCATTGAGTTCGCGGCACAATTTTTTCCTGGGGAAGGTTGAGAAAAGATCGTAGGCTACATCGGACAACTCATCGGAGAGCCATGGGGCTACAAGCATCCGTGCGGTATCGCTCTTTCCCTGCTGTTCTAGGATGCGAGCTACCAGGTTGGAAATTTCTACTTGCTGCGAATAGGGCAGTGCATCTGCTTTAGGATCGGAACTACAAAGGTTGAAGGCTGTCTCGATGGTTGATCTGGCTTTCCCAATTTTGCCAGTGGCGTATTGAGAAATGGCAACGGGGATGGCCGCAAAATAGGTGCATTGCCCAGAGTCTGACCTGCGCTGAATGTATCGTTCTCCAAACGATTGGATGCTGTCGTGCATTTCAAGTTTGCAGTAGGCTAGAAATGGCTCAAAAGGGTACCAGAGAGGCTTCTGGTTCTTTTCTGGAGTCTGCAATGATTTGATGACCTTTCTGGCTTTTTCCTCGGTGGTGCTGATCTCAAAGCGAAGTTGTAGGTTTTGATCTAATTTTGGCTTGTGCGAGTTATTTTTTAATGGTGCCTTGTTGATTCCGAGAAGTACAAGAATGATTGGGGAGATCAATTTGTGTCCTGGGTTTTAGTAATGTCTTCCCATTCTGCCCGGAGATAGGCAATTCCATCAGTCTGAATGATAGAAAGCATCCTTTTTTGGAGAATGTCTTCGATTTTCAGCGACTTGAGTAAGGTCTCGTATTGTCTAGTATGCTTTCCAGGGCGTAGATCATTGATCTTGTCATCACTCTTTTCGTTGGGTTGCAAAAAACGATCCGGCTTTTTGTCATGGAAGTAATCAAGCCAGTCTTCTGTCGAAATTTTAGAAATGGGGAGCCACTCAAACTTTTCGTCACTTCGAAATTTTGACTGGAATTCGTGGTACCGGGATCCTCGTTGCGGCACACCTCGAGGATAGTCGTCAAAAACATTTGAACGTCGTCGAGCAGCTAAGTGATTGAGCAAATTGTTGTAGCGGATCTCTGCAATACGGTCTTGGCACTCTGCTTCGGTTGCGTATTTGGTGTTCGTAGCCTCGAATATTTTAATGGCCATGAATTCCCAAAAGTCATAGTACGATCGAAAATGATCCATTTCGTGAGCGAGAACCCAGTATTTGCGATCTTTCTCGCTGAGTTTTCCTCGTCCCACGATGATGTCCTGCTGCTCGCCCCAGCCATCTTTCCATCGAGGAAAAGTGAAATTGATGAGTTGCACGTTAGCTGCCGCGTCGAAGGTGACATTCGTGATGCGGTAATACTTTGGTTTTTCGTCTTTTGCAGGGAAGCATGTAGCTTTTGCTGAGAACTTGGAAGGAATAGGGGATCCGTTTTCAATAAAAACACAGCCCCAGCAATTGGACGTGATTAAGTCGTCTATTTTGGTGTTGAACTTGATGTTATAGTCTGAAACACCTTCCGGGTCTGGTTCGTTATACGTTCGGCTAGGAAATGCAGGCATCACCTCGTCCCAATTTTCCAGTGAGGGTATTGTGTAAATAGAATTCAATAGGAATTTCCGCTGCTTGTCGAGGCAGTCAGCGTTTTCAACGGCCTCCAAGGGGTTGGCTGGTATTGGTCCAGCGAAGCCTAATCCTCCGCCGCCTTTGTCATACTGCGCTGCCATTGGTCTGAAGCCCATGATTTTGCTCTCCTGATCTATCGGGGTTGGATAATGCGAGCAAGAGTGTGGAGGATGGCATTCCAAGTCTTGGGGCCGCATTTCCCATCGACTTGAAGGTAGTTGGACGCCACCTCGTTGTGACTGTATTGGAATTTCGAGATCGCCATCCGCGTCTTCGGTCCCTCCACTCCGTCCACCTTGCCGGGGTCGCAGTACCAACCCTTGCTTGCGAAGTATTTGAGGAAGGTCTGGACGTCGCGGGTGGTGGCGTCCTTGGTGAATTCCTTCCAGGCCCCTTCGTCGCCGTGCAAGATGCACTCGGCCACGGCTAGGCGCTTGGCGTTCAGCTCGCGATTGTCCTCGCCGATTTCCGGGTGCAGCTCCAAAGGGCAGGAGCCGTTCTTCTTGTG
CP064986.1_gap43	1935126	1939419	4293	GGCCTGGCGCGCCGCCGTTCCCCTGGCGGCCCTGGCCAGCATCCTTTCCTGTCAAAACACCACGATTGTGGAAGAGGAGGCTTCCGCCACGGCAGGCGACCATTATGTGCATTTCCGAGTGGCGGATAGCTCCACCATCCCGGACAGCCTGTGGTACAAGTCTCCGATGGATTCTGGCGGGCACTCCTTCATGGTCGAAGGCGCCGACCTTACGGTCAGGTTCTGGCCCTTCCTCAATCAGTTGGGCGACAAGGACACCCTCGCCATCCACACCTATCGGCTGGGATTGCATCTGGGAATCACGATCACCAAGTCTGCCGGCTACATGGACCTGCTCGGTGTGCGTACGGTGCGCTCTGGCGCCGATTCGCTGGTGGTGGGTTTGCTGCACAGCTACGACAGCCTTCGCAAGGCCGTCCCGGAGTCATTCAAAGACACCTCGGCTTCTGGCAAAAAGGCTGCGTTCCAGCAGGTCGTGGCGGAGCTGGTCTTCCGTGGACATCCCGGCACGGCTGCCTACGCGCGCTTGGCGCCGGTCGGGTTGGATACCGCCAAAGTGAATCGTCAGATTCTGACGTTGGCGGCCCAATCCGGTCTGACGTTGGGCGAGGTGGTGCGTCGCTGGAACTTCGCGATGGACTACTCCACGGCTCGCAAGGCGTTGGCGGCCCTGAGCGAGGATACGTCCAGCCTCAATCCATTCCGGCTGGAAGCCGCCTTGCGCCTGGACACTCTCCGTTTGGGTGAGTCTCCGGTAGGGTTGGTGGGCAAGGTGTCCGGCAAGAAGGGCATTGCCACCGTGAAGTTCTCCATCGAAAACGATTCGGGCGACCGGACCGATCGATTTGTCCTGGCCGATGCACCAGACCCAAAAAACCACCCAGGAATGCTGGATTTGGCGAGCCATCCCACCTTCCAGCCGCGACAAGGCACCGCTCTGGGCAAGTACACCTTGCGTGTGGAGGTGCGGGACAGCCTTTCCAATGCCCAGAACTACTCCACCAACTTCGTGGTGGCCCCTGCGTTGGATCACAGCGGGCCCGCTCTGACGGTACTGGCTCCCACGGGTTCTGTGGTGCGCGACTTCAATGATTCGATGCTCACCGTGAAGGTGGAAGCCAAGGATGCTTCCGGCGTGCAATGGGTGAAGATTGGCGGCAACGAGGCGAAGAAGGACTCTGTCGGAAATTGGTGGTTTGATCTGGTTGTGCCCGTCAGTGCGACCAGCCAAAACATCGCGATCCAAGCCAAGGACGCGGCGGGAAACACGAGCGACGCCCAGATCCAGATCCGTCGCAACGAGGCCCCCAAGCCCACAGCGCCCCGGTTGACTCTGATCGCGCCTGCCAACAACACGATGGTCTCGTTTGATTCCACCGGCGTGTGGGTGGAGTGGAAGGCCCAAACGGATTTTGGCAAGATCGAAGGAGTGACCATCGACGGCAAGGCCGCCAAGCAGGAGGGCGGCGTGTGGCGACTGTGGGTGGAGTTGCCGCCCGACGGCAAGCTGGTGAACCTGCCAGTGCGGGCTCAAAGCTCGGTTCCGTTGAGCGTGACGGAATTTGTTGCGGTGGGCCGCCGGGTGGACAGCGCGGGTCCTGCGGTGCGATGGGATTCTCCCAGCCAAGGGCATCGCGTGGCCTACGACATCAAGACGTTGGACGTGCGCGTTTCCGTGGCGGATCCGTCGGGACTGGACTCCGTACGCATCGATGGCAAGAAGCCGGATACGGCTGGTGGATTCTGGAAGACCACGGTGGATCTGGGTAATCCCGGCGAACTCACGCGCATCCACGTCAAAGCATGGGATCATTTGAAGAACGAGACGGATTCTGTCTTGCTGGTGTCGCGCGACCCGATTCCCGGCCAGTTGCCTCCCCGGTACCGCTGGGTGAATCCGGACAAATCCTCCGGGACGATCATCCCGTTTGCCGAGACCAGCTATTTGGTCCAGTGTGTTCTCACGGACATTTCCGGCGTGGAAAGTTCCAGCGTGCTGATCAATGGCGTGTTGGCGACACCGGTCAATGATTCCCTGTGGGAGCGCAGGGTGGATCTGCCGCCGGACGGCAAAGCCCAGACCATCACCTTGGAGGCCAAGAACAAGCGGGGCGTCTCGATCTCCGGATTCGTTTCGGTGGCCCGTGCGGCGGATGCGGAAAAGCCGACCTTCACCCGTTGGACCGCTACCAAGGATCTGAGCGTGTTGTTTGATACCACCTCGGTGGAAGTGGGGTGGACCGCCAAGGACAACGACCGCATCGCGAAAGCCTGGATCCAGGACTCCCTGGTGACTGCGGATGCCACGGGCTACCACCTGCGGGTGGGGCTGGCCGTGGCCACGCAGTGGATCAAGTTCCGGGCGATGGACCCGGCAGGCAACGAGGTGCGCGACAGCGTGAGCGTCGAGCGCCGGACAGATACCGTCAAGGCTGTGGCCTTGTCCGATACCAACGGCAAGCTGCGCTCGGGCGCCTTCTGGGTGAAGCTCAGCTGCGCTACGCCGGGGGCCACCATCCGCTACACCTTGGATGGTTCGGAGCCCAAGGCGACCTCCGCGATCTTCGCCGACAGCATCAAGATCGACACGACCATCACGCTGAAGGCGCGGGGATTCGCGGCGGGGCGTGTGGATGGGCCGGTGGTGGTACAGGGGTATCAGATGGCGGTGCCAATGAAGCTTTTTTCTGGTATGTATCACACGTTGGTGATCATGAGCGATTCGAGTCTTTGGGGATACGGGCTGAATAATTGCAATGCGATTGGCGGATCCTCTGGTTGCGTTTCCTCGCCAATGGCTCAGGCAGTGCCTCGAAAATTGGCAGAAGGAGTTGTTGAAGCTGGAACCTCGAACACCCAGTCATATTGGGTGAAAACAGACGGGACTCTTTGGGCAATCGGAACGAATACTTTAGGAAGCCTCGGCGTTGGAGTATTAGGGCCAATTCTGGATCCGACCATCGTAACCCGCGGGGTTGCAAAGGTTCGGTCTTTCGAACGCTCAGTTACAAGCGTCAGCTTACTGGTTTTAAAAACAGACGGCAGTCTTTGGGGGGCTGGATCGAATAGCTCTGGTCAGATTGGGCTGGGCGCACTTGGCTCAACGAGCCAGCTGGTCAAAATTGCCGATAGTGTCAGTGACATGGGAGGGGGAGCTTCCTTCGGTTATTTTACAAAATGGAATGGCACTTTTTGGATGATGGGGGTCTTTGATTCCATCGGTCTGAATTCGAAAAATCCAGTAAAGATTCTGGACTCCATTTCACTAATTCCAAGCGGATCGTTTAAGTCACTAATTGTCAGGCACATGAGCGGTAAATATTTGGGCTGTGGAGAGAATGCATACGGACAGTTGGGCTTGGGATCGACTGACCCTGTTCGTGGATGGAAGGAAATTCAACCATTGTTCGGCAAGGAAGTGTCCTCCATAAAAATGACAAGCTCTCACTCCATCTTCCTGACAAAAAACGGGGACGCATTCGGCGTCGGCTCCAATGAGGATGGCGAGATCATGGGCAACATTTCCGAGAACAGATATCTATCCCTGACTCTTGCTCAGAAAGAGGTGATTGCTATTGGTGCTGGTGAGTATTACTCGTCGTTCTTGCGGAAAGATGGAACTCTTCTGAGTGTAGGAGCAAACAAGAATGGTCAATTGGGTGGAGGGGTGGTTTCTCGTGATCCGCAGGTCGTTCAGGTAAGGTTTTAAATTTGGCCAGCGTGAATCAAGTTCGGAGCAGATTGATTCACGCCCAAGTGGATGTGCGCGGAATGGCGCACTTCTATTACAGCTGCTTCGATATCTTACTCTATTTGGCAGGGGAGATGATTGTCTGTGCCCCTGCTCTTTTCGTTAGGAGTCTGCCCAGGATCGCAAAATCAATTCTTTCCTCAATCTTGGGGTTCTGCTTGAGCAGCGATTCCCGAATGATCCTGGCCTTTTGAAAGTCATCTGAAATGATGAGGTAGGCGTAGATGTCGCGGATGTTTTCCAGGGTGAGACTGCTCGGCAGGCCACCCAGTGCGCGATAGAAATGGAGCGCTCCGGAATCGTGTTTGAGCTGATTAGTGTAGGACCACCAGCGGAACAAGGAGGCTTCCGCTGAGGAGTCTCTCGTGGAATCCAAGCTGCGCTGAAATGCCTCAGAGGCAACTTTGATCTGCGGGATGGCCCAAGTCCACGCAGGCACCTCGGTTCGGAACTTTAGAAAGATCTCGGCCTTTTCCTCTCGATTCACAGAGTCTCGCTTGGAAAGAAGCAGGTCTAGCTCCTTGAATTTCGGCTCGAGATCG
CP064986.1_gap44	2001929	2006245	4316	GGTTGATGTGTTGGGGGTGGGAGATCAGCCTTCGGCGCTTTTGCACCACCCAGCGGTAGTAGTCCTGACCATGGCGAGGGAAATTGCCGGAGACCAGCTCCAGCACCGTGGGAAAGGGGATGGTTTCGGTGACGACGGTTTCCGAGTTCCAGAGGCAGGCGGATGCCAAGCTGGAGACGAGGAGGGAAAAAGTAAGGACGGAGCGGAGGGTGCGCATGGGTGGGAAGGTAGGAATGGGAGGCGAAGGGGCGACGTGCCCGTTGTGTAGCTTTCCGATCGGCCAGTCTCCCGTTTCTCTCTTGGAAAGCCCCCGATCATGCCCAGAGACATCAAGACCATCCCCACCTCGGCGCTGAAGTTCGAAGCCAAGATCTACCTGGGCGCGGGTGTGGCCGCGTTCGCCCTGTCGACCTTGGCCTTCCTCGCCAGGGGAGTTTTGTCGGAAGCTCTTGCTCTGGGAATTTTCTTCCTGGGGAACATGCTGGGTTTGCTCTTTATCGCCATCGGGGTGGCGTTTTTTGTCGCCGCATGGTTTCGCCCCAAGGACTGGGTTCCCGAGTGGACCCTGAAGGGCGAGGATCCAACGACCCAAGTTCAAAAATGGGCGAGGACCTTGGAAGCCGACCACCCGGGTTGGGTGGCCTCCCAGGCCCGTTGGGATCCCTTTCCCGCACCTTCGCCCGAATCGCTTTGGAAGGAAGGGTGGAAAGGATTCCGGGAGCGATTCCTCGCGCGGATGGAGCCTTTGGTCTGGATGCACAAGCTGCGCGTGGGGTTGGTCCACCGCGACGGCCGGAAGGTGGACCTGACGATGATCACGGGGAGATCGCGGGATCAGGATGTTCCTGTGGTGGGAGGGGTCCTGATGGAGGCTTTCGTCCCGAAGTCGATTTCCGGGACCGTCAAATTCTCCTGGAACCAGGGGTGGGAGCTTTCCGATGAGTCTGATCTCCAGTGGCTTTCGGTGCACCGCGAGGCACTTGGCGGCATCCTGGATCGCCTGTTGAACCACCGGTACGAGAACGTGGCGATTCCGGAGGCCCTCCTGGTTCTTCTGCCCCGCGATGCGGGATTCGATGTGCTGGTGCACACCCTTCCGCGCGAAACGAACGGGGGCTTTGGGAGGTCGCTGGGCACGAGGGAGTTTTTGAACCTGGTGGAACGCCTGGAAGTGGCGGTTCCTTGAGCTTAGGCAATCCCCTCGAGTGGGGGGGCGCATTCTCGTTGTGCGGTGGCCGTGGTGATCTCCGATCGGCTGGCGGGAGGTCCTGGCGAGGTGCGTCCGGAGCCGGTATGCAGGAAGTGGCTCCACGAGTGTTTCCGTGAATCCGGTCCCTCGCCACGGAGCGATGCTGGCTGGCTCCTTAAGGTTCTTTCGGAGGTGCATGCAGGAATTCAGGCGGAGTTGTGCAGACATCCAATCCCGCGATCTTCCCTTCGATTTCATGGATCCGAACCTGTTGTCCGTTCTGGACGGTGCCTCCAACGGAGTGGGTCTTCGAGTAGCCCTTGGCCATGGGGCCGGCTTTGTATCGATAGGAGTGGACCGTTCCCCGGTCGCGAACGCTCCAGGATTCGACCATCCTTGCGTTTGAACTATCGGGAACGAAATCGAACACGGTCCCTTCGACCAGGCTGTATTTCTGCTGCAAATGCTTCTTGGGAAACGCATGGCTGTTGTCCAAGTTGATCGCCGCGGAGGCGAGGAACAGGCTCCATCCGAAAATGCCCAATGCATAGAGCACCCACCTGACCGGGACAAGGTCGCCGGTCCGATGGGCGAAGAAGGCTCCGCCTGTCAGCAGCAAGGCGATCGGAAGGAGGACGAGAGAAATCGACCAGCCATCGTAGGTAGCGGAGGAGACATCATAGATGTTCTGGTAGATGCCGATCGTGCACATGGATTGAAAGAAACAATCTCACGTGGGTGAAATCTTCCAGCGCGCTTCGGGCAAGCGCGCTGGCGGCATCCTGGAACGGGCGGTTCCTTGAGACTAGGACATCCCCGCGGCGCGAAATCCATTTCTACGGGAGGTGGGGGTCAGAAATCGTCGTGTCCGCGCCTGGTCACGGTCTTCTTCACCAGGAAGTTCTCTCAAATCCGTGGGCTTCTTGCTCCCGGGCTGGGAGATCCGGGGAGGAATGTTTTCACCGACCACCGGAGGTATTCCTGGCCATGGCGCGGAAAGTTGCCGGAGATCAGCTCCAGGTCGGTGGGGAAAGGGATTTCCTCGGTGACGATGGTCTCCGAATACCACATGCAGGAGAGGGCCAGGCTGGAGGCGAAATGAGTGGTGGCGGCGATGGTGCGGAGGCTGGGCATGGGGGGACAATCTAGGATCGGGTCCGGGAACCGCCCCTGATCCTAAATTGCAGTCCTGGCGACCAAGCCCCGGCCTCCCGCGTACAGTTCCATCCACCGACGAAGGATCAATGTCCATGTCTGTTTCTTCGCTATCGAAAATGGCCGCACTGTGCATTGTCCTTGGCCTCACGGCATGCGAACAAAAAGCAGGTGAGCAAAAAACCAGGGTCGACGTGATCGAGTGGGGGGAAGCGAAAAAGGTGCGGTTCCCGGTCATCCAGACCGGCGACGCGAAGACCAGCGACAAGATCAACCAGGACCTCAAGGTTCGGTTCTTCGGCGACGAGTCGGCGAACCTGACGACGGATTCCGCTCTGAAGCGTTGGGTGAGCGAATTGTCCGGTGAGGTCGATTTCGAGGTGACCTACCTGGAGAAGGGGGTTGCTTCCTTCCAGCTCAGTGGGTCGTCCTTTGGACTCTATTCGGATTGGACCAAGTATTTCACATACAGCACGAGCACGGGGGAATACCTGGGGATCGGGCAGATCGTGGATACGGTGGGGGCGTTCCGCGCACGTGTCCTGGCGGACCGGAAGAGTCTTTACGAGAAGGGAAGGATGGCGTTCCTGCAAGAGTTGGGCGAGAGCGAATCAGACGTTTCTCAATGGGAGAAGAACGAGTACGATGCCTGTGCGGAAAGCGAGAGCATGAATTCCTTCGCGCTCTATCCAGACTCGCTGGTGATCCTGGATCCTTGCCAGTTTCCGCGCGCGATCCAGGCGGTGCAGCCCGATTTTCCGCTGACCTACCGGCTTGCGGAGATCCGGCAGCACCTGCGCCTCTCCTCGCTGCGCTGAGGCGCCCTTCCCCCTCTCAAGTCTGACCCAACCGGTCCCGCCATTTCAGGAACGCCTCCGCCAAGCGGCTGGAGGTGTCGCGGAAGGTGCCTTGGGGGCCCAGCGGGTATTCCAGGTCCACCTTCTCGCCCGCCCGGAGGCTGTCCAGGAACTGTCCCACCGATCGGTGGAATTCCTGGTGCAGATCGTACACCATCCGGTATTCCGGATCGCTGGCCATGCCATCGGCTCCCGCATCCAGCCATTTGCCGAAGGCGCAGGCGTGGCAATCGGCAGCGGCCTCGCGGTCGAAGGTGGCCAGTTTGCCTTGGGCTGCGTCGCTCAGCCGGATCTTCCAGAGGGCGTGGGCCAGGGTCGCCTGGTCCAATTGCCGGATCGCCTGTTCGTTCATCGAAGTCCCTTCGCCAACGATTCGGTCCGGGTCGTCTGGGGAAGAGGCCAAGGAGCCGGAGCCACGGCCCATGCGTTTGCCGCCGTGGTCTTCCCGTGGATCAGGTGGTGGCAGCGTGCAGGTTGGTCCATGAACCCCGATTTTCCATCCTCCCGCGCAGGGCCGTCAAGGAGTCCTTGTCGCCGGGTTACCTAGATTCCCCGTCACCTATGCCCGCAAAGACCAAGTCCGTCTTGTTCACCCAGTGCCTGCAAAACGATTTCGTCGCCCCGCTGGGCCCGTGGGACGCCATGCCCTGCGTGTTGCACATCGGAAGCTCCGAGGCTTCGCGCCTGGTGGGCGCGGACCCCGACGATGGCCCGGTGGCCCGGTTTCTTGCCTGGGCGCACGCCGCGCCGCGCGAGAGCCTGGAGATCGTGCACGTGCGCGACCTCCACAGCAAGGCCGATCCCGAACAGGCCGAACACTTGGCACATTTCGGGCCGCATTGCCTGGAAGGGAGCGCGGGGGCGGAATTTGTCTTCCCGCTCCCCGCCGATGCCAGCCGATACCAAACGGTCTCTTCAACTACCCTCAACGACTTTTTGCGCACCGACATGGAGTCCGTGCTCGCGCGCATCCTCCCCGGAGCCACGCGGGTGGGCATCGTGGGTGCCTGGACGGACGCGAAGGTCTCGTTTCTGGCCTACGAACTGCGCACGCGCCATCCCCAGTTGGAGATCGCCGTCTGTTCGGCTCTGGCGGCCAGTTCCAGCCGCGAACG
CP064986.1_gap45	2007268	2009614	2346	GGCGCAGGAGGCGGGAATCCCCGAATCCATGGTGCGGACCTGGGAAACCCTGACTGTTTTGCGATCGGCCATGGCCAAGCCCTTGGGCGTGTTCCGCGACCCGTGGCAGCAGCGCATCGCCGCCTTGCGCTACGCGGTGCATACGCTTTCCTTCGACGAGCCCGACACTCTTCAAAAGCAAGGAGCGTTGCTCCACGCGGGGTTGTTGGCCGAACACTGCCGCGAGCATCTGGAGCAGGATCGGCGCTTGCGGGTGGATTGGGTTCCGCTCCAGGGTGCCACGGGCCGGATGGGACTCACCCTCCTGCCGGGGCGACGCGATCGTGGGCGGGATTTGTCGGAAGACGTGGATCGCTTGCGCGAGTTGGGCGCCAAGCTGGTGGTGAGTCTGGTCACGCAGGAGGAACTGGTGGAGTTCGGGGTGGAGGAGCTGTCCCAGGAGCTTGCGCGACGCGGGATCGAGTGGATCCATTCGCCCATTCTGGACCAGCGCGCCTGCGGGTTGGAACAGGCCGACGATCTTTCGCGGCGCATCACGGAAGCCTGCTTCCAAGGCCGGGACGTGGTGATCCATTGTCTGGGTGGCATCGGCCGGTCCGGCATGATCGCCGCTTGCGTGGAGGTGTTGGCGGGCATGGATGCCCACGAGGCGATCGCGATCGTGCGCCAGCACCGCTCGCCCCGGGCCCTGGAGACGCGAGCCCAGTCGGAGCTGGTCCACGAGTTCGCCCGCCTGTAGGGATCGGGCAAAGCGACGGAGGGCGCCGCCTGGGGCCGGCCCCTACTGGCCTACGGCCACCAAACGCCAGGTCCGCTGGTCGCGCACCAGGTGGATTCCTTCCGGCAACGGGCGGGATAGAGGCACGGATCTTCCGGTAGACAATTCCCGTCCAACGGTGGAGCGCGGCGGGATCTGCTCCGGGCGCGATCGGCGCGCGGTTCCGGAGGAGATCCATTCGGAAAGCGCTTGGATCGCGGGGGCGGTGGGGGAGGTGCCACCCGGGAGAAAGCGCACCGCCAGGGTGGTGCGGGTGGTCTCCAGCGGAAGTCGCACGATCACCTTGGTGAATCCCGTGTTGGGGTTCTCCGCGTAGGCGCCGGCGTCTTTCTGGGCCTGGGTGCGCGCATCCGGTGGGTGGCAGGTCACGGTATCGAACACGGCTGTGGCCGGGGTCACGATCTCCAGTCGCATGGTCCTGCCCTTGCGCGTCAGGGTCAGGGATTTTCCCGACAAAGTCACCGCGGCTTCCGTGACCAGGTTCGAGACCACCTCCGTCGGTGCGGTGGATTCGATCTCGTCTTGCACCAGAAATTGTCCCGGCCACAAACGTACGCCGCGATGGACCCGGGAGACCGCGCGCGGATCGGTGGCCAGGGGGGCGTAGGCGGCGGTGAGGTCGGCCACCGACCAGGAGTCCAAGGTGTCGGCATGGAAGCCCATCAAGGGCGACTTGGCGCGGATGGCCTGGTTGGCGAAGGCCAGCGGGGTTTGGCTGCGGGAGCTGATGGCCAAAGTGTTGTGGCCTTCCGTGCGGGTGCGGAGCATCCGCCAATGGGCGCCGTCCTGGACGTCGCGCTCCTGGAAGTAATTGGGAACTCCGTAGTTGTCGGCGCCCAGATCCGAGGCCCACCGCACTCCGCCCTGCTCCAGCACAAAGGTTCCCAGGTCCAGGTGGGCGTGGGAGGCCGCGTTGTCTCCGCCCTTGAAGCCCACGTACCAGGCGCCGGAATCTGTCCATGAGCTGCGGAACACCGCCACGTCCAGGTTCCGGTAGCGCACCGCCCGCGCCAGCGCATGGGTGTCGGGGAGAGCGGCCAGGGTGGGGTCGTACCACAACAGCGCGAAGATGTTGGGGGTGCCGGGATTGATCCGCTCGGTGCGGGCGTAGAAGGGTCTTTGGAACGTCTTGGCAAACCAGAACAGGTTGCCCACGAAGTTGTTGGTGGCGCCTTGGTCCGCGTAGTTGAAGCGCAGGTTGGTGGGGCCCACCATGTGCAGTCGGTAGTCGGCGGTTTGCGCGAAGCCGGGGGATTCCAGCAGCCCGTGGGTGTTCCCCAACGCCGATTGGAGCCCGGCCAGGAGGTACACCGCGTAGTTGGTGCCGTATTCCCAATACCCCAGGCCTTCCGGATAGCCTCCGTCGGGGGAATAACTCGCGTTCATGGAGACGCGGATGCTGGTCAGCGCCGAATCCAGGAGGCGCCGCGACAGATCGGCCGAATCCTCGGCGATGGCCAGGGCCCCCAGGGCCAGGCCGCCGTTGCAGACCTGGTTCCAGTTGTTGGTGTTGGTGGTCCACCAGAAATTGGCTTTGCGGCGGTAGGCCTCCATTCCGGGATTCAGCC
CP064986.1_gap46	2012037	2013219	1182	AAAACACGCGACAACCTGCGAGAGAAATAGAATGCCGGAAGTCAAATTCGTCGCGAGATGGGAGACGATCGCTTCCGAATCCTGTCGGTAAACCGGCCCGATGGGGTCCAACGTCCCGGCGTTGTGCACGGCCACAAGTTCCTCCACCGAGGTGGGGTCGATCGCTTGAAGAGCGGCCTCGATGGCGCGGGACGCGGCCAATGGATCCGCCAGGTCCGCTTGGACGGAAAATGGATGCGGGGCGGAGCGGGAGAATTCGACGACCTGGAATCCTCGCTCCTGCCATTGCCGGCAAAGCGAGGCGCCAAGCCCCTTGGATCCGCCGGTGATCAGCGCCAGTTTCACGGGTTCGCGACCAACGGCGTGGCCCACGCCACGGCGTTCCATGGGCTTACCGCGTTGGTGGCATCCAGAAGCGTTCGGATGGATTCCAGGCATTCGTCGGCCATGTCCTCGTCGCCGTTCCAAAAGCGCAAGCCCAGCAGGTAGTTGTCGGCGAAGGCGTGCCACGAACCGAAGGCTTCTTGCGCGCGGGGAGCGATCGCGCGGATGCGACGCCACGATTCCGACGGTGTGAGCAATCCGGCCCCGGCGGCCCAGCGCAGGAGCGCGACGGCTCGGCCCAGGTCCCAAGCCAGCAGGTGCGGCACGGTGTCCATGGCGGTGGAGATCAGCTCCAATTGCCGTCGCAGATCCGCGCAGGCTTCGGAGTCGAGTTCGTCCCCGGAGGCGGCGGCAATGGCCTCGAACGCCGCGTCGCGATCTCCGCCCACGGATTCCAGCGCATTGTGGAGGCTTTCGAACCGCTCGCCATGGCCTTCGGTTTCCAGCCACTGCACGGTGTCCTTCAGGTCCTTGATCGAGGAAACTCCCCAGGAGCCTGACAAAACCTGTTCACATTCCACGCGAAGCCAGGGTTTGCGTGGGGTGTCGCCTTCCAGCCAAGAGTGCGACGACCCATTCAGTTCGAACAGGATCGCGGAAAGGGACAGGGCGAAGCGGTCGGACGGGGAAAGATCGGGCGCGACGTCGGAAGACCATTCATCTTCCTCCTCTGTGTCAGAATCCGTCGCCGTCGTGCCGAGCATGGCCGCCATCGCGGCTTGCTGCTGCGCGAGTTGATCCTGGAGGGCCGGGTTCTGGAGCATGGCGTTGCGCATGGCCATTCCCTGGGCCATCATC
CP064986.1_gap47	2149596	2152921	3325	AAGCCATCCGCTGGCGGTGGAGACAGGGCGCAGCATCGCCTTCGCGATCGCGACGATCGACGGAATCCGTCAAGACCCGGTGAGGATCCCTCCGTCCTGGAGGTGAGCCTCACCCGAGACTCCGCAAGAATCTGTCATCGCCGCCGGATCACTGCTCCGCGAGCTCCTTGAGCTTCTGGAGCGCCTTGGGCCACATGTCCTCGAACATCTCCTTGAAATCTTCGGAGGTATCGAGTTCGATCGATACTTCCGTGGCGCCATGGATGTCCTTGAATGCGTAATTCTCCTGCGCGCCTTTCCATTCCTTGACCGCCTCGCTGGTCGTGTCTTCCTGGCCGTCCAGGACCATGCCGAGATGTTCGATCGAGAGGTATTCGTGGAGGCGGTTTTCCTTGATGCGGCTGACCATGCCTCCCACCTTGCCCGTATCCGGATCAGGCCCCAGGAACAGGATTTTGCTTCCTTGGCTCCAATCGCCCACGTAGTGAGAGCCCGCACTGAACGCCTCGGTCCAAACCCGATAGGTGGAGTCGCCCAACATGGTGTTCCAGACCTTCGCCTTCGGAGCCTGGATCGTGATGGTAAAGTGCAATCTGGTCACCGGGACTCTCCTTTTCTCGAGATCAACCTCGAAGGCAGAATACTTTCCCACGTACGCCAAATCCACACTCCGCCCCTTCTTCCTGATTCCGTACTAGGCGGTCTATCATTTCCTACGATTGACCCGAAGGGGATCATGTCGATCCGGACACAAACACGGCAGGCTGGTTCGGCTACGACAAACCAGGTGGGAAGTAGGCGAGCCATGAATTTCAACAAGCGGCCCCCCGAACGGAGCGTGTCGAGCTTCGCGGACTCTTTTCGTTTCTATGTCGATATCCTCGGCGTTCTGCATGTAAGGAAAAGCATGACCTGGATCCGAACTTCGAACCTTCTCCTGGTGGCCATTCTGCTGGCCAGCCCCTTTCTTACTTCCATGAGCATGGTGCCCGCGCGCCGTGAGGTCCAGAGCCTCACGGTAGACGATACCGCACAGGATCTGTACAGGATCGTGTTGCGGGATGTACCCAACCTAGCCGTTTGCAGGGACTCGAGAGTCTTTCAGCATTCCCTGGAGATCTCTGGCGAGCGCATCACCCAGACCGATTCGTGTCGTTTCGTCGGCTGGGGATACATGGACTTTGGCGAACGAGGTTGGCACCTCACGCGCCTGGATGACGATCGCCTCCACATCGTCCATCCAGCCACCGCACGTGCAGAGACCCTCCGCAAAGCCGACATCGAGTACATCGAATTTCATCCCTCCAAGCGGGCCCTTCGTGAAATGGAGCTCATGGTCCTGGCCCCGATCCTCCTTACGGCCATCCTCGTCGGAGGAGTCGTCGCCCTGACCAGATAGGTTTCCCCCGGCGAAAGAATCAATGCCAGAAATTGGCAATCAAACCCCCGCGCAGCGAAGCGGCCGCGGGCAAAACCGCCCAAGCAACCTGTAAGCCCCGACAGCTGTCGGGGCCAACAAAATCCCGTATTAGACGAAACCTGGCATTCCAGCCGAACCAAGGGGGACCGGGGGGCTCGAAAAATGGAACGGCCAATGAATCCGGCGATATCGATCGCGTCCCTGATGCCATCACGAAATGTGTCGCCCGTCATTCCTGCCGTTGACCCGGTGAATCGGCATGGCCGTTCCAACGAGAGCCCCCCGGCGCGCGGGATCCAAGGGGACGCGCGTTCGTCCCCTTGGTCGGGGTTCGGGTGCCGACGCACCCGAGAAACGGCCTCCGGGCCGCCCCGGGAAAAGCTCGACGCAGTCGAGTTCCGCGTAGCGGAACGGCCCAGGCCCGCGCCTGGCCAGCTCGGCGGGAGCCGAAAAACGGCCTCCGGGCCGCCCCGGAAAAAGCTCGACGCAGTCGAGTTCCGCGTAGCGGAACGGCCCAGGCCCGCGCCTGGCCACCTCGGCGGGAGCCGAAAAACGGCCCCCGGGCCGCCCCGGGAAAAGCCCGACGCAGTCGAATCCCGCACAGCGGAACTGCTCGAAGGATTTGTTCCTTTCCCTTCCATGAAGCTCCTCGCTCTTGTCTTCGCCATGATCGTCTCCCTGGCTTTGGCGATCCCGAACGTGCTCTTGCATTCGCAAACCACTTCGTTTCAAGCCGTCTCGCCAGAGCGTGACCAGTTGGTACTAGCCCAACTGGCCTTTGTCCGCGAGGCCATCGAGCACGGTGCCGCCCGGCAGATGCAGGCCCTTTATCCGGAAGGATTCTTCTTCCTCCACACGCTTTACGGGGTCGCGTGGGCGGAACTGGCCTTGCCGTCCCAGGATTCCAGCCTGCGCCACCAGGCTCTGCGGGAAGCAACGAGATCGTTGGACTCCATCGAATCCTCCAAGGGAACCCGGGTCTTCCATACCGACATCCAACCGACCTACGGCATCGCCTACCTGGGCTGGACCAATTATTTGCGGGGGAGGGTTTTGCAGCTCCAGGGGGTTGGTCAACGGGACTCGGCGTTGTTCGCTCGCTACCGTCGCGACCTGGACGAGCTCGCCGCCCTGTACGACACCTGCGCCTCGCCATTCCAGCAGTCGTATCGAGGCATGGCTTGGTCGGGGGACAATGTGGTTCCGATCTTCGCGTTGCGATTGCACGACCAAGTCATGGATACCGCGAGGTACGCCAAGACCATCGCGCGTTGGGTCGGTCTCGCCAAAGCGGAAGCCGACCATCTGGGGATGATGGATTTCGAGTTTTCCTATCCATCCGGGGCCACGGTCAAGGCGCCACGGGGGTCCGGGCAAACCCTGATGTTGCGCTTTCTCGGGGAGGTGGATCCCGGCTTCGCCAAGGCCCAATACGACAGACTCCGTCAAGAGTTCTACACCACGCGTTTCGGATTGCACTTGGTCAGGGAGTTTCCCGCAAGCGATCCCGGAGAAGCCGACTACGACTCCGGTCCGGTCATCTGGGACATCGGTTCCTCCGCGACGATCGTCTCCCTGGGAACAGCACGGGCCTTTGGGGATACCGCCTTCGCCGAGGCCCTGGAGCGGAGCATCAACTTCTACGGCGTGCCCTACAATTCACGGGGCAAGCGGGTCTACGCATTGGGTTTGATGCCCGTCGCCGACGCCTTCCTCGCCTGGTCGAGAGTCGCCCTCCCGAACCCCAAGCTCGTCGAGTCGCGACCGGAAATTGTCCACTCCTTCGATTCCGGATGGATCCACCTTCTATCGCTTCTTTTGGCCGCTGCCGCTTGGATGCCTTGGTTTGTCCTCGGAGCCCGCCGCCAAGGCGATCGACTCCTCCCGACCCGACCGGCAAGCGAA
CP064986.1_gap48	2155416	2158168	2752	GGGCAAGGCCGTGGTATCGACATTCTCCCAGACCCCGTTGACCGCGACGTTCAAGATCAGGAAGGCCGGTTGGTCGAAGGGCCAGTCGGCGGATCCCGTATGGGGATTGATGTAACGGAAGTACTCGTTGCCATCCACCGAGATGGCGATGGTGTCGGGTTTCCAGTCGAGGGTGTAGACATGGAAGCTGTCCGTGACATGATCCACCACGGCGTAGTTGTTGAGGCTTGTTCCACCGTAGCGGTTCTTTGTGTGGACCGATCCATGGATCACCCAAGGCTCGCCGCCATAGCTTTCCAGGATGTCGATTTCACCGCAGGCGGGCCATTGCCCGTAGGGGCTTCCTGCCGGAGGAACCACCCAGAACGCCGGCCACATTCCGGCCCCCTTCGGCAACTTCATCCGCGCCTCGAATTTTCCGTAGGTCCAATGCTGCCGATCGTAGGTGTTGATTCGCGCGGAGCTCAAGGGATTGGAGCTGTTTTCGCCGCGCCAATCCGTGTAGGTGGTGTCTTCGCGGCGCACCGTGATCTTCAGCGCACCGCTGTCGACCCAGGTGTTCCTGGAGTTCTCCTTCTTGTAGAACTGCAACTCGCTGTTGCCCCATCCCCATCCGCCGACGTCGTAGTACCACTTCGCCGCATTCGGAAGTCCGGTGTAATCGAACTCGTCGCTCCAAACGAGATCGTATTTCGGTGCGGCAAACGCCGAAGCGGCCAGAAACGAGAGGATCCAAAGTGATCGCATGTTGGTAGACTCCTTGTGCTCCATAGTACAGCAATACAAAGCCATCCGCCTTCGCAAAGGGGCGTTGCACGAAACGCCCCAACGCGATGACCACCAACCGTGCCCCCACCGGCCAGCGAAGCGATGCCAAAAATCGGCTATCAGATGCTGCCCACCAAACCGGCAGACCAAATGAAGCTGGCCGAACTGGCATTCCAGCCGAGCCATGGGGGACCGGGGGGCTCGAAAAATGGAACGGCCAACGGATCCGGCGATATCGATCGCGTCCCTGATGCTTTTGTCCGATGCCTCGACCTTCATCCAGCCCACAGTCCTGTTTTAGGCGAGCTAAGCGATGCCAGGATTTGGCAATCAGGTGCCGTTCGCCGAGCTGGGGGGTTCCAAGGGGGTGAGGCTATTCGAAGGAGCGGCATCCGCTCCGGAGAGTCCGAAACCCCTTGGCGCGCGGGATTCCAAAGGGCCGCCGCGCAGCGGTCCTTTGGCCCGAGGAGGTACAGGAGGAGCGGGAAGCGTCCTCCTGTAAACCGGCACAGGGCGGAGCCCTGTAATCGCCGTGCAGGGCGCAGCCCTGCAAATCAAAAAGCCTAGCGCAGCGTCAGTTGGCCAAACACCTCACACTCGTGCTCCGGTACTTGTTGTTCCACGATCCCGTGCTGAGGTCGGTGTTCCCGTTGTAGACATAGGGGCCATAGACCGCTCCCTTGTCCTTTTCCGTGGCCGACCAGAAGTAGTTGGCCGTTCCCTGGGCGTAGTAGCCGGTGAAGGAGACGTAGCCTCCTGCCGGAAGGCTGTTGAACCCGAATTCGTCGGTGCCCACCGCGCCGGTCCAGCCCGTCTTGGCCATCAGCTTGGTGCCGGAATTGGTCGTGGTGGGGTCGACGGTGGTTTCGAGAATCTTCCATTCGGCGATGGAGGGCAGGTGCCAGCCGGTCGGACAGATTCCGGTCACGCCCGAGTCGCGGCCGCCCCAGACCGTGGAATCGAAGCCTTTGGCGATGGCCATCGCTTCGGGCCAGGTGTAGAGCCTGCCGTACTTGTCGCATCCCGCCTGGGTGCCACCGGGGCACAGTCCCAGCTTGCCCTCGTCGGAGAAGGCCAGGGATTGGGCCATCCAGGTTTGGGTGCCGATCTTGACGACCTTGTAGCGTTGCCCGTCGCGGGAGTCGGTGAAGGAATTCTCCATCGCGACCTTCACCGTGTCGACCTTCGACGGATTGCCGTCTTCGTCGGTGGCGCGCACGTAGAGAAGGAAGTCTCCTGTGGCCGTCGATGGCATCTTCAAGGTGGTGTCCTTGCCTCCGGGGATGAATGTGGTGCCGTTCACGCTCCATTCGATCATCACGATCCTGCCGCGATCGGCGGTGGTGGCGCGGAAGGTGATCAGTTCATCGGCCTTGCCCGTGGTGTCGCGCACCGAGACGACGGGGCGGTCGTTGGTCACGGCAACCACTCCGGACATGCTCGCGATCGCGCCGAGATTGTCGAAAACCTTCACTTGGACTTGGTAGATGCGCGTCGTGCCCACCTTGATGGTGTCGGCTCCCAGGAAGTTGTGGCTCAACTGGTGGGTGGTGCCGCCGAAGGTGCTGTCCTGGACCCCGTCGCCGAAATCCCACAGGACCTTCGCCACTCCATCCGGATCCGACAGATTCAAGGAGAAGGTGACGATGTCGCCGGGGGTGATCGTGGTATCGCGCAGTCCCGAGATGATGGTGGGAGAGTTCGCGATGGTCACCGACTTCGAGAAGGTGGTGACGTTGCTGTCGATGTCGGTGAGCTTGGCCTTGACGGTGTAGGTCCCCGGTTTGAGCCACTTGGCCTTCTGCTGGGTGCCGCCTGCGCGGAATCCGTTGCCGTCGTCCAGGTCCCACTCGGTGTGCGCGATCTTCTCGTCGGCTTTGGTGAGGTTGGCCGAGTACTCGATCTCGGTGTTCACCAGTCCCGTGGAGGGGCCCGCGATGTCGCCGGCGGGAAGGGCGTTGCCGACGCTGAACTTGGGAATGAA
CP064986.1_gap49	2217253	2217845	592	GACATCGCTTCCAGGGTCCGGGAAGGAGTGTCCAGGGGCAATTGGGGCATCGGCCACAACCGCGGGATCACGGCGAAGAAGCCCGCTCCGAAAAGGAGCGCGGCCACCATGAGCGCGAGGTCGGACTTCTTCATATCGGTTATTCTACCCTCCTGGGCCTCGATAGGCACACCCTGCCGTGCAGGTTTCCCGGACGGTCACCTCGAAAAGCTGGGGAAGGGTGTGGGACAGCCGCTCCCAGATCCAGACGGAAAGCCGTTCGCTGGTGGGGTTTTCCAGGCCGGGAATCTCGTTGAGGTACCGGTGGTCCAATAGCGCATCCAATGGTTTCCAGGCCGTTTTCAGGTCGGCGAAATCCATCACCCAGCCGGTGGTGGCCCCGGCGTGCCCCCGCAGGGTGATCCGTACCAGAAAGGAATGGCCGTGCAAGCGGCCGCACTTGTGGCCTTCGGGCACATTCGGCAGGAGGTGGGCCGCTTCGAAGGTGAATTCCTTCCAGATCTCCAACTGACCCTCGCTCATCGGCAATGCTCCCCTTCTCTCAAAAACGGACATGGATCCCGCAAATGGAGCTAAGCACCGGCTCTCCGTC
CP064986.1_gap50	2224526	2225872	1346	TTGTTTGTTCTCCATGGTGGTGGTGGGAGGTGTGGGCTGGTGGATCTCCCGCTCCTTGGTGGGTCCGGTCGGAGCCGTGATCGATGGCGTGCGCCGCATCGCCCAGGGCGAGTTGGGAGGGACGATCGAGGTCCATTCCCAAGACGAGATCGGGCGCATCGCCCAAGCGTTGGGGGATGCGAAGGAATCGCTTCGCGACACGCTCGGGGAGGTCGCATCCAGCTGTCGCACGCTGGACGAGGGAGCTGGTGAAATCCATCGCGTGGCGATTTTGGTTGGAGACACCACGACGAGCCTTTCCGCGCGCATGGGAGAGCTCAGCGAAACGGCCTGTTTGATGGTCGCGGATTCGAAAAAGGTTGCCGAAGGCGGTCGACGCATGTCGGAGGCTGTCAGTGGAGTCAGCGATGCCGTCGAGGGAATGGGCAATGCCATCGGTAGCGTCGCCCAATCCTGTCAGGGGCAGCTGAATCGGGCGGAGGCGGCGCAGTCGCGGGCCTCGTTGGCTCGCGAGAGCCTGTCGCGGCTGGAGCAGATCGTGCGGCAATCGAACGAAGCGACAGGTCTGATTCGCGATATCCAGGACCAGACCAAGATGCTGGCGTTGAACGCCACCATCGAGGCCAGCCGGGCCGGCGAATTGGGAAAAGGTTTCGCGGTGGTGGCCCAGGAGGTGAAGACCTTGGCGGGCCAAACCGGATCCGCGGTCGATCAGATCGAAAGCCACCTGGTCAAGATGCTGGATCAAAGCGTTGTGACCGCCCGCGAGATCCAGGGCATGTGCGAGGATCTGTTGGGTCTGCACGAGTTGGCGGGTGAGATCTCCCAATCGGTGCAGTCGCAAAGTGGCGAGGTCAACCAGATGGTGCGTCGCCTTCACGAGGCGGGCGGGCTTTCCAAGGGAATCGCGCGCAACGTGGAGCGAATGGCCGAGCAGGTGGACTCCATCTCCAAACGCATCAACGAAACCGATCGCGACACCCAAGTGGCCGCGGCGACCTCGATGGAGCTCGAGGAATTTTCCCACCGGATGGAAAAGACCGCCGGCACCCTGAAGGAATCGATCGCCAAGTACCGTTTCTAGGAAAACCTGCCAGGTCGCCGCTGGGACCTACCTTTCCGGGTTCCTATGAGCCAGAAGATCCAACCCCCAAAAGGGACACGCGATTTCTATCCCGCCGACATGGCGGTGCAAAACCACATTTTTTCCGCCTGGCGCCGTGTTTGTGCGCGGTTTGGCTTCCAGGAATACGAAGGCCCCAGCTTCGAACATTTGGAGCTGTACACGGGCAAATCCGGTGACGAGATCGTGGGGCAGCTGTACAACTTCCAGGACAAGGGAGGTC
CP064986.1_gap51	2244446	2245776	1330	TTCGCTTCCAACGGGATCGGGCTTCCGAGTTTCGGCGCGCATTCCGTCGGAGCGAAAGCGGTCTGGTATTCCGACTTGAGCAGCACCTACGGGGAGTATGCCACGGGAGTGAACTTCTACACGCTTTGGAATTCTGTCCCGCAAGCCAATGCGACTCATGGTTTCTCCTGGATCGCCGGTGAAACTCCCGTGATGACCCTCAACGGAGAGGGGAATCTTGATGTCACCGGGGATCTGCGCTCGCATGGATCACTCCATGTGGATGGCGAATTGGCCGTGGACAACAAAGTGGTCATTTCCGGGGGGACCTTGACCTTCGACGCACCCAGCAACTACCTCGATTTCGGGCAAAACGGCACAGCTCCCCCTCAAGTTGATGCGCGGAGCGCGGGAACCAAGGCTGTCTGGTTCAGTCAACAGAACCGACGTCCCGGCGAGGTCGATTATGCGACCGGGATCGACAACGTCACGCTTTGGAATTCCATCCCTCTCAACACTTCGACCTATGCGTTCAAATGGTTCGGAGGTATCGAGGAGGTCATGAAATTGGATGGCGCCGGCAATCTCACGGTCACTGGCGCCATCAATGGCAAGGTGGTCACACGGGGCATCCCCGCCAGCAACGTCGCGGACTATGTGTTCAAGCCCGGCTACAAGCTGGCATCGCTTTCCGAAGTGGAGGCCTTCACCCAGGCCAATGGCCACCTCCCGGAAGTGCCCAGCGCACAGGACGTGGAAAAGAATGGACTGGATTTGGCGCAGATGAATCTGGTGCTTTTGAAGAAGGTGGAGGAGCTGACCCTGCACGCGATTTCCCAGCAGAAGCTGCTCGAGGCGCAACGTTCGGAATTGGTGGCCCAGAAGGATCGTCTCGACCGCTTGGAAGCTCGCTAAGACGATCGACATCAAGGAGTTATCTTGTGGGCCGATATCGCCGATTCTCCACAAGAGGTTATTCCATGCGTCGATCCATCGCCGTATCCATCCTGATTCCTGCCTTCGCGTTCTCCGCCGATCTCATCCAGTTCGAGTCGGGGAAAGCTGCCTTGGCGCGCGATGTGAACGAAAATTTCCTGCGTCTGGACACCGCGATCAAGAATCGTGCGATCAAATCCACTTTGGAGGCGACGGAAGCTTCGTTGCAGGCGACCGATGCAGCCCTCAAGGGAGTGCAGGCGACGATCGGCCAGATCCAGACGGGAAAGGCCAACCAGACGGATGTCGAAAAGGCGCTTGCCGGGAAAGCCAACCAGACCGATGTCGAAAAGGTCGCCGGTGCCAAGGCGGACACGTCGGCTCTGGCGGAGCTGGCCCGCAAGCAAAAGGCCGA
CP064986.1_gap52	2318664	2319398	734	CGGGATGGAGTCCAGCTCGCCCAGAAGGGACCTGGTGTTTTCGATGGACAGGTGCTTGCGGCGACCCGCGTACAGCGCGAGCATGGCGCTCACCGCCACCTGTCCGATGAACGCCTTGGTGCTGGCCACGCCGATTTCCGGGCCCACGCGCAGATACACGCCCGCGTCGGTGGCCCGTGCGATGGAGCTGCCCACCACGTTGACGATGCCCAGGGTCAGAGCGCCGCGTTGCTTGGCCTCCTCGAGGGCGGCCAGGGTGTCGGCGGTCTCGCCGGACTGGGAGATCGCCACCAGCACCGTGTGGTCTTCCACGATGGGGTTGCGGTAGCGGAACTCGGAGCCGTACTGCACTTCGCACGGAATGCGGGCGAGTTCCTCCATCATGTATTCGGCCACCAGGGCCGCGTGCCAGGCGGTTCCCTGACCGGTGAACACGATGCGTCGCGCGTGGGTCAGTTTCCGTCCGATCTGCTGGAGTCCGCCCAGGAAGATTTCGCCGCGTTCCATGTCGACACGGCCCGACAGCGTGTTGCGCAATGCATTGGGTTGCTCGAAGATCTCCTTGAGCATGAAGTGGGGGAATTCGCCGAGCTCGATTTCCTCGAGCTTCATCTCCAGCTCCATGAGCTTGGGAGTCACGGGGATGTTGTGCAGGTTGGAGGTGCGGTACCCGTCCCGGGTCAGGCGGCAGACCGTGAAGTCTTCCAGCACGAAGGCCTGTTGCGTGTGGGCCA
CP064986.1_gap53	2461608	2464364	2756	ATCGAACATGCAAGTCTCTGGGACATATTCCGTTTCCAGTACGAGTTTTTCGTTCACGATTCCCGACGAAGAGGGATCCACCGACACCCAAATCTTCAAGAAGGCGACCTCGATCTTCCCTTGGTGAGCCTTTGGCGTCGAGCCGTTTTTTTGATAGGGCACCCGCTACCGCAGGTGCTTTTCTTATGGAAAAACTCGATCCGCGGGCATGGTTGGATAAAGTTTCATTCCAGCGGACCTCTGCATCCTCCGATCGTCCCTGAAAGGCTTCCCCCGGTGCTCCGATCGATGATCCGTCCGTTGTTTCTGCGGGTCACAGCCTTCGCGTTTTTTCCGGCTGCGGCGCGATCGGAAGGATGGAGCAAGTAAACGCAAACGGCGGCGACGACGATTGACCTTCCTTCGTGGGAATTAACTTGGTTCCTCCCATCCTGACCCAATTCCTCCTTCCAAAGGACATTCGATGATCCGACCGATTCTGAGAGCGATTCTCGCCATCGTGGCAGCTTTCGGGCTGTTCGCGGGCTGCGATTCCAACACATCCTCCTCGGGCGGTGGCGGAACTTCCAGCGCCCTCGAAGGTGTATGGGTGAGCACGAACGGCACCTCCACCGAGACGGTGACCTTGTTGCCAGGCGGCGTCGCCAGTCTGGATTCCATCGCGGTGGTGGGCGGAGCCATCCGAGGCACGCGCTACGAGGGAACCTGGACAGGAACCGGCAACACCGGCACCATCACATGGACTTCCGTTTCCACCAGCACGGACGGTGTCGTCTGGACAGGGAAAAAGGCCATGTCGGATGGATCCTACCCGATCGAAGTGAAGGGATCGGTCGGCGTGGCGACCGTCCACGGAGTCAAGCGGGAATACACAAAGGGCACGGCCGCGCCGATCCCGGTCGCCGATGTGGTGACCCCGACGATTTCCCTCCCCACCGGATCGTACGCTTCCAGCCAGACCGTGTCGATCACCACCGCCACCATCGGCGGAACGATCCGCTACACCACCGATGGCACGACCCCCACCGCTTCATCCACCCTCTACAGTTCTTCGATCTCGGTGAGCTCCACCAAGACCATCAAGGCCATCACCGTGCTGGGCACCAAGACCAGCTCCGTCGCGTCGGTGACCATCACGATCGACGCCGGACCCAAGCCGGGCACCAAGGACGCCGCCCTCGTCGGGTCGTGGATGCAGTATGATGCCAGCGCGAAGCTCTACCGGACCTTGGACTTTTTCGAAGATGGAACCGTGATCCGCTCCAAACAGTCGGATTTGACTTCGACGCCGGGTTGGGAGGATTTCACCGGAACCTGGTCGACGTCCGCAGGAGCCATCACCATGACCTGGGTGGGTGCGAGAAAAAGCTCCGATGCCGTTTCATGGACGGACATCGCCGTGCCGGCTCCAACCCGAGGGACGTACACCGTTTCCGCGGGGAAGCTGAGTCTGACCTCCGACGGATCGACAATCAGCTACAACAGCATCCCTCGGGACGAGGAGCCGGACCCGGTGGACGTCCTTGCGCCGGTGATCTCCCCGGCGGGCGGGACCTTCACTTCGGCGAAAGCGGTGACAATTTCTGCCGAAACGGGCGCTTCGATCTATTACACCACGGACGGCTCGACTCCCTCCACGTCCTCCACCCGCTACTCGGGCTCCATCAACGTGGCGTCCTCCAAGACGATCAAGGCCATCGCCGTGCTGGATGGCGTGTCGAGCGCGATGGTCAGCGCCTCGTTCACGATCAACACCGGCACCGTCACGAATCCGAGCATCGTGGGCACTTGGCGGATCGACGACCCGACCAGCTCGGGCGGGATCATCTACGATGCTTCCGGGAATCTCACCCTCATCTCCAAGGAAGTCACCGATGAAGGGGACGAGACCTTCACGAAGGTGGAGGGCACCTACACCACGTCGGGAAGTTCCTTGGTGATGACCTTCCTGCGTGGATACCAGAGCGCGGACGGCTCGAACTGGGGTGCCGCGATTCCGATCGGCGAATCGTTGGATCCGGTCGAGGGGACCTTCTCGGTTTCCGGGAGCTCACTGAGCATCGTCACGACCGACAGCAGCGGGTCGAAGTCCACCGAGACCTTCACCAAGGCGAGCTCCATCTTCTGATCGCTGTTTCCAAGGCTTCCGATTCGAGGCACCCGGGTTCCGGGTGCCTTTTTTGTGGGGGTGCCGCGCCTCCATGGAGGGAGCGCCCTGAACCTCGACCATGCCTTTGCTCGCGATTAGCTATGATCCACGTGTCACCGATCCATTCCTCCACACAAGGACGATTCCTCCCCATGCTGAAACCGATCTTTGGAACGATGCTCGCCGTTGCGGCAGCTTTCGCACTGCTGTCCGGTTGCGACAAGGCCACCTCTCCTTCCACCAGTGGCGGCGGAACCGACCTTCCCATCCGCATCGATTCCACTTCCGCTGCGGGCATCTGGAGCCGCACTGTCGGAAGCGCGTTGGAAACCGTGACCTTGGGCGCCGATGGCAAGGCGACCATGGACTCCCTGACGGTCACCGGATCGGTCTCCAGGGGAGCCCGTTACACCGGGACATGGTCGGGGACGGCTTCGAGTTTTTCCGTGACGTGGTCGGGCTACGCCACCACCGATGATGGCTCCACCTGGTCGGCCCTGCAGACGTTGCCATCCATGACACCCTATCCGTTCACGGTCAGCGGGAGCACCGCGTCGGTGGTGGTCGGCGGCGCGACACGTACCTACACCAAGGGTGCGGGCACGAT
CP064986.1_gap54	2478104	2479023	919	TGGAAATCCTCGGGGAGTGGATCGGATGACACATCGTGTCTTCCTCTGCAAGGCGGGCGTCGTCTCGCCGATCGGCACCGGTTGGGACGAATTTTGTCAAGGCGTGATGGAGGGCCGACCCGGCAGCGCGGAATTGACCGTGTTCGACGGGTCGCTGCTGCCTGTCCATCTTGCCGCGGAGGTTCGCGTGGGCGGGGTGGTGGTTTCCAGCGCGCCCGAGCAGGACAGGAAATCGATCTTTCTTTCGATGGCCGCCGACGAGCTTTTGGCCTCGCACAAGGGTTGGGGCGGGGTGCCCCCGGCCAAGCGCTGGGCGCTGGTGGGCGGAGGGATCGAGCACTTCGATCTGGGCGGATACACGAGCGACCCGGCTCCGGATTGGCGGCGCTACCAGCGGCATCTGCGGAAAACTCTGGACGAGATCTGTCTCAAGCATGGCGTGGGCGGCGTGCGCAGCGTGAACGTGTCCGCCTGCGTGGGCGCCACGCAGGCGATGGGCGTGGCGTTCCGCCATGTGCGTTCCGATCCCGGACTGGCCATCCTGACGGGCGGGACGGATTCCATGCTCTCGCCTCTGCATTACATGGGATTCCACCACCTGGGGGCCCTTTCGGAGTGGGCCGGGGATCCCGCCTTGGCCTGCAGGCCCTTCGACGCCGATCGCTGCGGGATCGTGCTGGGGGAAGGAGCGGGCCTCACCGTGGTCCAATCCGAGCTCACGGCCGATCCTTCCGAGATCCTCGCCGAGATCGTCGGGTACGGGACATCCCTGGACGCCCACATGGTGACCGATCCGGATCCGGAAGGTACCCAGCTGGCGCGTTGCGCGCTGGACGCCATCGAGGACGCCGGAATTCGTCCAGACGATGTCGATTGCGTCCACCTGCACGGTACGGGCACGCCCAAGAACGAGCCTGCC
CP064986.1_gap55	2513929	2517822	3893	AAACCGTCAAGGTCGGTTGTGCCTTGGGGAACTCCACCGGGACGCTGCATTGCGACGATCTGTCGGTGGAATTTCTGCCCTGAGCATCGCGCGCCGCGACCAGGCGGCGACTTCGGGTGGGTCAGTAGGTGGCGGCGCTTCCACGTTGGCTCATCGGAAGAATGAACCAGTCGCCTGACTCCAGAAATTGACTTTCGGAGGGGAGGAGATTGAATTGCGAGCATTCGCCGATCGGCGTGCAGACCTGGATCCGGCAGGAATTCCGCTGGATTTTGAGAAGGGAAAGTTCAGGGTCGTCCCTGTCCAGGAAATTCTGCGGCGGAAGATCGGGCATGAAGGCCCTGGCCTCGTCATTGTAGCAGAAATCGTGTGACGGGCCGAAGGGGCCGCCGATGGCTGTTCCGAACCTCAGGTGGGATTCGATGCGCTTGATGAAAAATTTCGCATCGGTGTTGTAGGTCAATGTGTCTGAGTACTGCTTCGGGCCGACCACGATCTTGGCGACAGTGTCGATTTTGTGGTTGGCCAGTCTGCAATACCAGAGCGTATCGACGATGCTGTCCTTCTCGTTGAAAAACACGAAACGTTTCGAATATGGTGAGCTCGGCTGGGAAGGCTGGGTCGATGTATCGATCGGATCCCAGGATGGCTTCGTGGAGCTCGTGGTGGATTGGCAGCTCTGCAACACGATGAACGCGGTCATCGCGAAGAAAATGACGGGTTTCGTTTTCATGCCTAAGTCCGTTCAAAAATTGTCTGTCCCCCGGCGGGGGCGTATGGACATACGCCCATTCCCTCAATAGAATCGACCCACCGCCACCCATGCGTCCCTACGGGTAGGCGTTTCCCTAGTGCGCGATCACGCCCTTGTCCTTGATCGATTTGTGGAGGCGTTCCACCTGCAGGCAGAAAGCCTCCACGCGGGTGTCCACGATCTGGGGGAACGGGTTGCCGTCGGACTCGATGGACAGGAAGGGCAGCTGGAGGACTTCGTCGGGGAAGGAGTGCTTCTTGCCCATCGCCTTGTCCAGGCGCTTTTTCGTGATCGACGACGTGTCCGAAGCGATCACCGATTCGATGATGCGCGTGGGCATGCAGGCGAAGGGCCCGATCGAGACCAGGCCGTGCGCATGCGTGGGGAGTTCCTTCCAGAAGGATCCCACCACCAAGAGCGCCTCGCCCGTGAACCGAACGTCGAAATACTTCTTGGCGTATTCCACGATGCCGGGGATGTCCAAAAGCTCGTACTCGTAGAAGCCCGAGCGCGAGAGCGCCCGCTTGATCTTCTTCTCGTAGCCGCGCTGCAGGAACATCTTGATCTTGTGCGTGGCGCGCTTTTTCATGCCGAACTTGTTTTCCCAGATGTCCTGATCGACATTCCAGTCCGAGTACGCGAGGTATTCGTAGACGTGGGCGCGCTTGGCCAGGATGCCCCGTTTGGCGAAACGCTCGGACAGATCCTGGCAGGAGAACTCGTCGCGGCGCACGTACATCTCGCCGGTGAGCGACACCTTCGGGACGTCCTTGATGTCCTTCTTGCGGGGGATGCGGTGCAATTCCCGCGCGACGTCGGCCACCAGCTCGAAGAGCTTCTCGCCGCGCTTTTCGCGGAAGCAGCGCAGGATGCGGTCCCACTGGTGGTCGAACACCTTCTGCGCGGCCACCGGGTCCACGGCCAAGACGTCGATGGCCATGCGCACGTCTTCCATCACGTCCGACAGGATGATCGACTTCAGCGCGTTGAGCACGTCCGAGGTGGCCAAGCCACCGTAGCCGTTGGTGTTGGACAAGGACAGGAACGCCACGTTCTTGATCTTGTGCTTGGCCACGAGCTTTCGCAGGTACACGTTGTACTGCGTGAGACGGCAGCCGCCGGCGGAGGTGGGCATGAAGAACACAAGGTGTTCACCGGCCTCGGCGCGGTCGCGCAGGTACCGCAGAAGGCTTCCGCACACCAGCTGCAACGGAAGGCATTCCTTGCAGGAGCTGTGGCCGCGGCCCAGTCGCAGCACGTCCACGTCCGGCATGGCCAGAGGCGTGGCGCGGAATCCGATCCCGTTGAAGATCGCCGCGATCCCGGTGGTTCCCAAGGTTCCCATGGAAGGGAAGATCATGTGGACCTTCGGGTCTTCCTTCATGCAGGTTTCCACGCCCTCGGAGCTGACGAACCAGCCACGCCCGTCGTGGATGCGGATTTCGGCCGGCACGAACGGGATTTCCGGTTCGGAGGGCTTCCAGACCTGACGGAACTTGTCGACAATGTCCAGGAAGGCCTCGATGCGGGTGTTCACGCCCGCGTCGGCCGAGTGGCTGTCCAGTTCCAGGGTCAGGGACGGTTTCTCGCCCTGGTAGTCGCGGAAGTAGCCCACCAAAAACGCGTCCGGTCCGCAGGAGAAATTGGTCACCCACGTGCCGAACAGCTGCGGGTGGCGGGCCACCACCTGGGCGGCGCGCAACAGATTCTGTCCGATCGCCCAATTGATGTCCGGATCCACCGGCTCGTCCGCCCAGGCCAGGGCGTCCCAGGGGATCACGTCCACGCCGCGGGAGGCGAACTTGGCCGGAATGCCCAGGTTCCCTTCCTTGGCGAAGGCGTTGTAGGGGCGCCCGAACAGCACCACGGCCATGCGCTTGGGGTCGGCTTCCAATCGTTCCAGGATGCGTTGGCCTTCGCGGCGCATCTCGCGCACGAAGGAGTCCTGGGCGGATGCTCCCGCACGGGCGGCGTCGCGGCCCTGCGAACGGCTGCGTCCCATCTGGACGGCCAAGGCCTCGAAGATGGGGATCTGGGTGTCGTACCCCTTGGAGAAGTCGATCTCCGGTTCCAGCACCTTGCTCTTGGCCAGATCCTGTCGGAAGGTCTGCTGGAGCCAGTAGGATTCGCTCATCACCAACAAGCAGGTGGATTGCCAGGCGCGGTCGCCGTTGCCGCCGGGAACCGGCAGCGAGAAGACCTTGGGCAAAAACACCCAGTCGATCTCCTTGTGCAGCAGGTTGGCCAGCGTGCCGTGGGCGATCTCGGCGGGATAGCAGAACTCGGTGTGCTTGCGGCGCAGGCCTTCTTCGTCCACACCGTCGGAGAGCACGATCTCGCAGCCCAGTTCACCGAAGAACGCCGACCAGAACGGATGGAGCTGGTTGGTGAGAAACGATCGCGGGATGCCCACCTTCGGGCGGTCCTTGTGCGAGCTGTTGGCCGGTTGCGGGGCGAAAACCAATTCCTGTCTGCGCTCCACGAAGTCGTGGAGGGTGCGGTCGGTCTTGCCGCTGCGGGCCACGTCGTAGTACTTGTAGCAGGCGCCGCCGAAGGGATGGCGCTTGCCGTTGATGGACAGCATCGCGATCTCGCAACCGCGGTCGCACTTTTCCGCGCCGCCTCGGCAGATGAACGGATTGAGCCTCTCCACTTCGCGCGCGGCCAGCTCGGAAAGCGAGTAGGAGCCCTTCTCCAGCGCTCCGCGCTCCATGCGCTCCTTGGCTTCCAAGGCCACGCCGAACGCGCCCATCAGGCCTGGACTGGGAGGAACGATGATCTCCTTGCCCAACAGCGTGGCCATGGCCAGAGGCACGGCCTTGTTGTAGCAGACGCCGCCCTGCATGAACACCTTGCGTCCCACGGTCCGCTGGCCCTTGACGCGGTTCACGTAGTTCTGGCAGATCGAGTAGACCAAGCCCGCCGCGATCTCTTCGCGGGTGAGTCCTTCTTGGACGGCGGTCTTGATGTCGGATCCGATGAAGGCCGAACATTGGTCGGAGAAGTTGGGCGAACGCGTGGCGGAAAGCGCGGCAGCTCCGATGTCTTCGGTGGGGATGCGCAACGATTCGCGCGCGGCTTCCTCCAGGAACGACCCCGTGCCCGCGCTGCAAGCCTCGTTCATGGCGTAATCGGAGGG
CP064986.1_gap56	2575649	2578547	2898	GCGATTTGGACCGCAAGCCATTCCTTGCCGCGTCCCAGGCCTTGCAGCATGATCCCGCTCAGGTCGCCGCGAAGATTCAGGTAGGTGGTCAGGGCGAAGACCACCAAAGGAAGGTAGCCCTCGGCATATTGGGGATGGAGAGACCGCAGGATGGGTTTGCCACCGAGGACCACGACCAACGAAGCCAGACTCAGCAATTTGCCGATCATCCATGCCGAACGGTTGAGCCGATCCAGCAGCCAGGGTGTCAATTTCCGTGCACCTTCCCGGGAAAACTCCGAAAGCAAAAGGCCGTCGAAGCTCTGTCGGATGGATTGGAGGCTCTTTCCCACCATGACCACCAGGTTGTACACCTCGATCGCCCGCACGTCCGAGAGCGCTCCCAGGAGCATCAGATCGAGGCGCGCCGTCAGGCCGGTGAAGAGATCCGACCCCATGAGGACGAGCGAAAACCTGGCGAGTCCTCCGGCAGGAAGGTGAGGCTGCAGATCCCGGAGGGTGAGGCGGTGCATGAACTGGAAGGTGACTGCTGCCAGGACGAAGTTGGAAAGCGTTCCGGCGAACAGCCAAAAAGGCAGGCCAGGGCCGCCGAGCTTCCGAGACACGAGTGCCCCGCCAAAGACCACCAGCGGGATCACGAGGTTCTTCCCCACGATTCTGGCGAGCATGTCTCCGCGGTTGAGATTTGCCTGGTAGAGGATGTCGGCGATCGCAAGGCAAGGAATCGATCCCGCGATCAGCCACAGATCAACGGATTCGAGCTGGATGCCCTGGATCGCTCCGGTGGCCAGGTGCGAGAAAACGATCAGGACGGCGGATCCGACCGCGGAGGCGAGCAGAACCGCCCAAAGCGAGGCCACCAGATCCTTCTTGTAGCCTTCCGAGGTGGTTTGTCCGTACCACCAGACAAGGCCTCGATCCATTCCCAGCATGGCAAGCCGATACAGAAGGTAGGCGAGGGATTCCGCAAGCTTGAAGGTTCCCCACTGGCCGCCGGCGTAGAGGCTGGCGCAAGCAAGTACCAAGAGGGGTTCCACCGGACGAAGGAGGTTGTCCATCAGGACCATGCGCACACCCCAGAATCTCTTCGTCTCCAGTTGTGCTGTCATTCACCCTCAACTTACGACTATTCGACTAAAAAAGCAAATAAGTCGAAATTAGGGCGGTCACGAAAGGATTGGAGGTCGCGTGCATCGCAGGCTATGGGGCGAGTCCGCGCTCCAGGATCCGGATCGCAACGTTGAAGGACTGCTCGACGGATTCGGTCGCCTCTCCCAGGATATACTCCTGTTCGATCCCCCGCAGCGCCATCACCGTGAAGTTCGCCATCGCATCGATTTCCTCCGGAGCCAGCGGGCGAAGCGAGCCATCCCTCACGCCTTCACGGAGGATTTCGGCCATCAGAGGAATGTCCGAGCGCATCAAGCGACGTGATTGGTCAAGAATCAACGCGTAGTTGCCGTGGGATCCTCTCTGTACTTCTTGACGCAGATGGGTGATCATGGGCAGGCGTCGTTTGATCTCCTGGTGGTATTGCATGAGGTAGGCGGAGATCTTCGCCTTGCCGGTGGATTCCTTTTCCACTGCCGATTGAATTGCCGAGCGGATCGCTTCAATTTCCCGTCGCACCGCCGAAGCGAGGATCGCTTCCTTGTCCGGGAAGTAGTAATACAGAAAACTTTTTTTCTTTCCCAAGCTGCGGGCGATATCGTCCAACGTGATCTTGGAAAACCCCAGCCTTTCCACCAAAGAAAGGGTGGCGGAAAGGATGTCGCAACGCGTGCGATCCTCCCTTGCGGGACCTTTCGGGAGGCTTCTGGTGGTGGGAAAGGTGCTCACTGCGTTTTGGATGCGACAAAGTAAGCTTTTCTGCGCCGGCTGCAGCCGCTGGGGCGCATCCATCGACGTTTGCTGAAGAGGGGGAATCCTCGTGCCTCGTTTCGGAGCTGGGAAGTGTTTCCAGCAGGCAAACGGCGTATCTTTCCCGCTTCGCGAACCTGGATCCCTCCGGTTCGGCTCCGAAAGGGTTGGGTGCATGTCAGAGCGTCGCAACGGGCTTCTCGCCGCCACGATCGTCGGCGGAATCGCCTTGGACCAGGCTTCCAAAATCTTGGCGGAGCGTTGGTTGCTCCCCACGGATCTGCACACCTATCTGGGGGGGATCTTCCGCATCCAGATGGTCCGCAATCGCGGCGCGTTCCTGAGTCTGGGCGCCACGTTGCCGGAACACCTGCGTCAAACGCTTCTGATCTGGGGTGTGGGCTTGTTCCTGGTGGGCCTCACCGTGTGGATTTTCCGATCCAAGTCGGCGACCCCGACCTCGCGTTGGTGCATGGCCGCCGTGGCTTCCGGGGGGCTGGCCAATCTCATTGACAGAATCCGGTTCGACGGTGGCGTGCTGGATTTCTTGAATGTGGGAATCGGCGGATTGCGGACGGGGATCTTCAACATCGCCGACATGTACATCACCTTCGCGGTGATCTGGCTGTTGGTGGATTCGTTCCGGACGAAAAAGCCTCAGCACAGCTAGGCTCGGGACTCCAGCGGGCCGTTCGCCGATTCAGGGTTGCCCCTGGGCCCATCGGTCGATCATTCCCAGGAGTTCTTCTCGCCGGAACGGCTTGGTCAGGAGGTCGTTCATCCCGGCCTCCATGCACATGGTCCGCACGCCTTCCGCGGCATCGGCCGTCAAGGCGACGATCGGGGTGCGGGAAGAAAAACGCTTGCGAGGATCGGGGGAGTCGTACCACGAGCGGACGCGGCGCACCACCGCGCATCCGTCCATCCGGGGCATGTGCAGATCCATCAGGACCAGCCGGAATGCTTCCGTCTCCAACAGATGCAAGGCTTCCACTCCGTTTTCCGCGACGCTGGGCACGCAGCCGATCTTTTCCAACA
CP064986.1_gap57	2590533	2594756	4223	GATCTGGGAAGCGGCTTGGAAGGCGCGATAGGACGAGTCGGTTCCGCACATGGCGATGGCGGCGCGATTGCCCAGGGCGGAAAGGTCCTGGGTCTCGATCTGGACCATCTGGGCCAGACCCGTGCTGGAGGGCTCGCGCATGCTCATGTGGGCCGATCCCAGCCGATGCGCAGGATCGATTGGATTTCTTCATCGACCGTGGCGGCCAGGCCCATCCCGTGCTCGTCCAGGCTTTCCCCGGCCAGCAAGCTCCAAAGGATGTCCGACAGACCTGTGGCCAGCACGCGCTCGATGGTGGTCCACATCGGGTGAGCGGGGTAGTTGGTCGCGGCTTCCAGGGCCTTTCGCATGCGGGCGAGTTCTGGATTTTCGCCATGGCGGTTCCAAAACCCGGCCACGTGGGCGGGGAGGTCGCCCGAATTTTGGCACCAGATGTCCATGAAGGATGTGCTGCACATGTGACGGACCAGTTTCCAGGCCAGTTCCGATTTTTTCGAGCGGGAGGGCACGGCCAGCACCGATCCACCGCCACGGGTGGCGGGTCCGGCGGGGCCGGCGGGAATGGGCAGGAACGTGACGGGCCAGCGGGATTCCACGGAGGCCGTTGGATCCACGAGGTTTCGCACGATCATCCACGGATTCCCGATCAAAAAGGCGAATCGACCTTCCTGATAGAAATCCATCGAAAGCCGGTAGGGTTGGATCGCTCCGGAATCCTCGTCGGTTCGGTTGACGCGCAACAATTCACCCAAGCACTCCAATCCAGCGCGGGAGCTGGGGTGCGAGAGCAATCGGGGGGAGTTGCTGGCCAGCAATGCACCGAGATTCCAGCCTCCCGTCATGAGCCAAGGAGCCAGATTGTGGAGGGTGACGGGTTCCGGCCGACACGTGATCCCCAAAGGCAAGGGACGGCGAGGATCGATTTCCTGTTTGTTGGCGTTTTCGCCCAATTTCCGGCAAAACGACAAGAAACCATCCCACTGGTCGATGTCCGACTCACTGACCTGCCCATCCAGGATGTCCGCCCGCGCGATCAGGCCGGAGCATTCCACTACCCAAGGGACCCCCAGGCGGCGATTGCCCACGGTCACGCATTCGTCGATCCACGGAGCCACCACCTGGCGGGTCTCCATGCCGTCCGGTACCTGCGACAGGTGCCCCAGGTGCGCCAGGGTGCCCATCCAGCTGGACCCCACCTGCACGACATCCGGCGGATCGCCGCGCTTGAAGGCGCGCATCAGTTCCGCCCAAGCGTTGCTCCAGGGGAGGACGCGCAATTCCAGCGAAACCGCAGGATGCGATTTCCGGAACGAGGCCACTGCCCGCGAGAACAGCTTACCGGTCCTGGATCCTACTTGCGTGGGCATGATCCAGACCTTGAGCGAATCTTTTGTCATCTGGTATGTTCCCAATCATCCCATTTTCTGGCGTTCTGGCAAGGTACCAGGTTCCGAAGGTCGCGAATTTCCAGTGAGGTTGCTTCCTCCTGGATGCGGCCACCGGGATCCATCGGCACGATGTCCCAATCTTGTCAGCGATTGGCCTCTCCACCCCCAAGTCGCGCGGGTTTAGGTACATTCGTCCATTCGACCCTTGTTTTTGGAGACTTCATGCTGATCGACGCGATCTTCACAAAACTCTTTGGGACCCCCCACGAGAGGTACAACAACAAGTTGACCCCCCAGGTGGAGGCGATCCTCGGTTTTGAAGCTGCCCTTTCCGGATTGCACGATCGGGACCTCTCGCAAAAGACCGCCGAGTTCCGTCAACGATTGGCCACGGGGAAGGAAAAACTCGACGATCTTCTGCCGGAAGCCTTCGCGGTCATGCGCGAGGCGGCAGACCGCCGACTGGGAATCCTGAATCTGTTGGATCCCAAACACGGGTTCGACTTGGATCTGCTTTCTTCCGATGATCGCACGGCGGTTCTCGAGGCTCGCGAAAAGCTGGAAGCCGGCGAAGATGTGGTCGGGATCCACTTCGCCGCCAGCTTGTACGCCAAGGTGCGCGAGCTGTACCCGGAGTCGTTGCCTCCTTTCCGCATGCGCATCTTCGATGTGCAGATGCGCGGCGGCATGATCCTCCACGCCGGCAAGATCGCCGAAATGAAGACCGGCGAAGGCAAGACCTTGGTGGCGACCACCGCCGTGTACCTCAACGCCTTGGAATCCAAGGGTGTGCACGTGGTCACGGTCAACGACTACCTGGCCAAGCGCGACTCCGAATGGATGGGACGCGTCTACCGATTCCTGGGATTGACCGTGGGCCTGATCGTCCACGAAAAATCCGAGCCCGAGCGCCGTGTGAGCTACGGCTCCGACATCACCTACGGCACCAACAACGAGTTCGGATTCGACTACCTGCGCGACAACATGGCGCGCGAACCGGACGAATGCGTGCAGCGCAACTTGAACTTCGCGATCGTCGACGAAGTCGACTCCATCCTGATCGACGAAGCGCGTACGCCGTTGATCATTTCCGGACCAGCGGAAGAGTCGACCGACAAATACGCGACGGCCGACCAGATCATCCCCAAGCTGAAGAAGGATGTCCACTTCACGGTGGAAGAAAAGCACAAGAACGCGCTCCTGACGGATCGTGGCGTGCAAGCCTGCGAAAAGATCCTCGGGCTGGAGAACCTCTACTCCGATCAGAATACCGACTGGGTCCACCACATCCAACAGGCGCTGCGGGCCCATGCCATCTACAAGCGCGACGTGGACTATGTGGTCAAGGACGGCGAAGTCGTCATCGTGGACGAATTCACGGGCCGTACCATGGAAGGACGTCGTTGGTCGGATGGTCTGCACCAGGCCGTGGAAGCCAAGGAGCGCGTGAAGATCGCCCGCGAGAACCAGACGCTGGCGACCATCACGTTCCAGAACTACTTCCGCATGTACAAGAAGCTCGGTGGCATGACCGGTACGGCCGACACCGAAGCCCAGGAATTCCACGAGATCTACAAGCTGGGCGTGGTCGCGGTTCCCACCAACCGCCCGATGATCCGCAAGGATCGCAACGACTGGGTCTTCCGCACCGACGACGAGAAGTACAACGCCATCCACGAGGACGTGAAGGAGCGCAACGCTCTGGGCCAGCCCGTGCTGGTGGGTACGGTCTCCATCGAAAAATCGGAGAAGCTCTCCGCCATCCTGTCGCGCCACGGCGTGGGCCACGATGTGCTCAACGCCAAGCAGCACCAGCGCGAAGCGGGCATCGTCGCGGATGCCGGTTGCCTGGGGCGCGTGACGATCGCCACCAACATGGCCGGTCGCGGTACGGACATTATGCTGCAGGACACCACTTGGAAAGAACTGCTGGCTCACTGGACCGAACGCAAACTGGTTCCCAAGTCCTTGAGCAAGGAAGACTCCGCCCAGGACCAGGAAATCCTCGCCCACTGGGCCGAACGCACCTTGGATGAAAAGGCCCGGGCCAAGTTCGCTGGGACTCCTCAGGAAAAGCTCGAATACCTGAACAAGGTGCGCGCCGAACAGGAAAATCCTCCGTACCCGGCTCCCTGGGAATTGCGCGGGATGGAAAAAATCTCCGTGCGGCTTCTTGGCGGCCTGCACATCGTGGGCACCGAACGCCACGAAAGCCGCCGTGTGGACAACCAGTTGCGTGGACGTTCCGGTCGCCAAGGCGATCCGGGCTCCAGCCGATTCTTCCTGTCTCTGGACGACGATCTCATGCGGATCTTCGGCGGAGACAACATCCGTGCGATGATGGATCGCTTGGGCGCAAAGGAAGGCGAGGTCATCACCCACGCGTTGCTGGACCGATCCATCGCCAGTGCGCAAAAGCGGGTGGAAGCGCAGAACTTCGAGATCCGCAAGCATTTGCTGGAATACGACGACGTCATGAATTCGCAGCGTACCGTGGTGTACAAGCTGCGTCGGCGCATTCTGGATGGCGAGGACGTGCGCGACGAGATCGAGCAGCGCATCGAAGACGCGGTGGACATCAAGCTCTCCGAAATGCTCCTGGAGAAGATCCCGGCGGACGATCCCATCTGGGCGCAACACGAACTGGAGCTGGAGCGGCACTTCACCGTGAAGTTCGCTCTGGCCGAGAAGATGACCATGGGGGCCTCGAAGGAGTCTCTCGTGGAAGAAGTCATCGCCTTGGCCATCGAAGCGTACAAGGCCAAGGAAGAGGAAATCGGCGAGCTCATGCGCGCCGTGGAGCGCGACCTTCTGCTCAACCGCATCGATCACCTC
CP064986.1_gap58	2655633	2657700	2067	CCAGGAAGGTCTCGGAAAGCTCCTTTCCCCCCAGAAGGTCGGAGAAGTAGTTGCGCGAATTGGGAAGCCCCAGTAGCCGCGAAACCTCGGCCTTGGTGAACTTCCCCCGGCGAAGCTTCTCGGAGGCGTACCAATCCCCCAGAAAGGCGCGGAAGTCGTTGTAGTCGTAGATGGTTTTTTGTTCCACATCCATTAATCTATCGAGTCATTATCGATTTTTGAATGGCATGGAAGTGCATTTCCCATAGATCATTTTGCACACGTGGCGCTATCGGTCGGGGACAATGGGTTCCGGCCCCAACGCAGGAAGGGCCGGAACTTGCGTCCCGGCCCTTCCCATCTCGTATTTTCGCGTCGCGGGGGTCGAGCGCCGATGCGCGTCCCGCGGTGCACGGGCCCTCTCTTGGAGGTCCCTGTTTTGTCAGAATCCGTCCGCTCGGTTGGAGGTCCCGCCGGAGCCGCATGTCGGTTCGATTGTGCGGATAGTGTCCACGTCTCCATGCGACCCTGGATGGGCCGCTTCCTATACGTTACGGGGAGATCCGGACGAAAGCAATAGGCGGGGAGGAATTTTGTTCGAAAAGCGGAAAAAGACAAAAATTGACTTTTGTTGATGCGAACGAAAAAGGCCGGAGTTTCCACCCCGGCCCAATCGTCTTCTCTGGTTCGATCCTCCCGGGAAAGCCGGCGCGCAAGCGCCTCCCGCGGAGCATGGACCCCCGTGCGAGGGGCCCTTTAGTCAGATTCCGTCCACACGGTGGAAGTCCCGTCGGACCATTTCATGTTGGCTGTCTGAGTGATCTTTCGTGTTCTCCAGGCGATGCCCTGTGCGGGCCGCTTCTCATAGTTTACTGCCGGAACTTTTCGAAAGCAATAGCTGGCCGGAGAATATCTTCGGGAGCCTCCCCGGGCAGGTCCGGAGGGAAGAATTTCCCCGCCCTCCGGGCGCGTTCCGGAGGGCGGGATGGTGCGGAGTCTCGAGGAGTGAGCCCGCGTATTTCCAGGATAACTCGGAGCATTGAAACCGGTTGTGCCTTTTTCGTAGAACACTTTCGCCGGCAGGAAACCAGCGGTCGGATTTGGGCATCGCGGGAATGTGGTGGTATTGTTGGGCCCATGCGGATCTTCGGGAGTGTGGACAGTTTCGTGGAATCATCGGGAACCCTGCGGCTGGGGAGGTTGGTGGCCAATGCCACCTTTCTCGAGGCTCTTTTGCGCCATGGCGACTTTGATCGCTACGAGATTTTCTGCGCGACCGAAAACGAGCGTTCCAGGTTGCGCGGCCATGTCCAGTCGCTTGGCGATGGGGCGGCTCTTCTGTCGCGCATGGACCTGCGCTTGCAACTCGAGCTCCCCAAGCGGATGCGGGAAGCGCCCTGGGAAGCCATGCACTTCGGAGGGTGGAGCCGCTATCTTCCCTCTCTGGCCTGGTTGCGGGCGACCCTTTCTCCTCGGACCTTTCCGCTGACGGGATGGATCCACAGCATCGATGGCCCATCACAGGCGGGGAATCTCCGCAGGCTTCTGGCCTCTCCACTGTGCGGCGCCGACGCGGTGTTTTGCACCAGCACTGCCGGGCGGGACGCCTTCGCGCGACAACTGGAGCGAGTGGGTCGTCGGGAATCCCTTGCTTGGTCCGGGCGGCTGGAGCATGTTCCGCTGGGGGTGCACGACACCTACTTCTCGCCGCCGTCCCGTGCCCAGGCGCGCTCGCGGCTGGGGATCGCGACCTCCGCGAAACTCGCCTTGTGGATCGGGCGGATTTCGGCCACCAGCAAGGCCGATCTCAATCCCCTTCTGCTGCAGTGGCGGGCCTTGTCGGCGGCCGACGGGAATCGTCTCTTGATCCTTGCCGGAGGTTCTACCGACAGCGAATTGGCCGCGCTTTCCGGAGCGATTCTCGAGCTCGGGTTGTCCCGCTCGGTGCGGCTGATGCCCGATGTCGACGATGCACAGAAATTGGATCTGCTCGGTGCGGCCGACGTTTTCGTATCGCCCGTGGACAACCTCCAGGAAACCTTCGGGATTTCCGTGGTGGAGGCCATGGCGGCAGGGCTGCCGGTGGTG
CP064986.1_gap59	2785283	2786411	1128	GCGGCGCCATCATACATGGCACAGATGCCCTTCATCTGCGTGGGCTGGATTTCCAGCTCTGCCAAGATCTTCTTGAGCTTGGCGGGCGATAGGCCAACGGCTTCGGCGAGCTTTCCGGAACTGAGCAGTTCTTCTGGCATGGATGGGTCCTCCTGAAGAGATGGAATGTACACCGTGCGTGCCGGATCGACCCACTCCGGGGCCGAGATGATCTAGTTTTCCGGAGAGCAGGCCTCCTCCTTTATCCCCGATGGATCCGAGCTATGATCTCCTCGATCGTCCTCTCGATGTTTCTCTTCTTCGTGTCGGCTTCGTCCCCCTTTTTTGGCGAAGAACCGACCTATCAGGTGGTGTTGCCCGAACAGGATCTCACCGGGTTTGTCAGGCCCTTCGATTCGATCGCACTCACCTTCCTGCGGAATGAGGAAAATACTCCACTCCAGGACCAAGCCTACGGCAACGGGGAAGTCTTGGACGGTGTATTGGCGTTGGACGGAAAGGTGGCTAGGCGAGAGTTGTTTTGGGTTCGGCATTCGCGCGATTCCATGGCAATTTTGCGCGATTCCTTGGAGAGGCAGATTCAAGGAGAGTTGGGTATTCAGGGTGGTTTGGAGGAGGATACTCTTTGGGACCCCGGCTACGAGGAGTGGAAGTGTCGGCGACGATGGACCTGGCATTGCGATCGCGGAACCATGGTGCTGGAAACCGGCTGGTGGTGGCGGGATACGACAGGAAATGGCAAGCTGTTCGCGAGGATGGACTCCTTGGTGCGGACGGATCCTCAGGACACATTGCTCGCGAGGGTGTCCGAACGCATTTTCTCTGCCTTGGGGGAGCCCGACGACTTCCATTCGGTGACACTTTCCATTTGGAATCGACTACCCTCCAATGCGTTCGGCGATGCCCTTTCCAGGTGCCTTCAAACCCGGAAATGCAGAGGTTCTTTCGGCATACAGGACAGCGTGGGCTTCGATTTCCTGCGGATCCGCCTGGATGGCTTTCCCGGGCATTGGTTGCCGAGGATTTCGGACACAGCCTCCCGCAGGATCGTCGTTGATGAAGATTACCCAGACTGGAAGGTGCGGGGGAAAATCGAAGCCGGGATTCTGGACAGTGTCGCGGAATTCG
CP064986.1_gap60	2804629	2807094	2465	CAGGTCAAGCAGGGAGGGGCGCCGTTTCTTTCCGTGTCCGGGCGTGCGGCGGTTCTGGAGCGCATGCGCCTGCTCTGCCAAGGCGCCGAGGATCGTTTGTATCTGGCCTTGGATGCCATCGACCTCGAGGAGATTCGCGATGACCTCGCGGAGGCAATGGGTCGAGCGATCCGCGTGACCGTGCTGTGCAACCGGTCGTGGGAACTGGACGGTGCCGTGGTGCACGTGCGGCGGAAAGCCCGGGGGCCGGTGCGGATCATCGCGGATGGTCGCAAGGTGCTCACGGGCGAGCTGGACCAGGCGCGCGGCGAATGCGTGTTTTCCGAAAACCCCCACTTGGTGAACCTCATCAAGGATTCCCTCACCCACGAAATCCAGATCGTGCAAGCGCGAGCCACGGAAAGAAACTGACATGAATGCCCCCGCCGACCATCTGACATGGCTTCCCTCCGAGCTCGTACGGGAGCTGGTCCAGGAACACGGATCGCCTTTGTATGTCTACCACGAGCCCACCTTGCGTACGCGGTGCCGCGAGGTCGCGGGAATGTTGCCGGGGCGCGACTTCCATCCGTCGGTGTCCATCAAGACCAACGGAAACCCCTCCCTCCTGGCCATCGCGCGCCAAGAGGGTTTGGGCGGCGACGCCATGAGCCCCGGCGAGATTCTCCTGCTGGAACGTGCCGGATTCTGTCCGGAAGAGATCTTCTTCATTCCCAACAACGTGTCGCGCGAAGAGCTCGAGTTCGCCCGCGACCGGGGCATCCTCACCAGTCTGGATTCGGTGGATCAAGTCCGCCTGGCCGCGGATGTGTTTGCCGGTGGCCAGGTGGCGCTGCGGATCAATCCGTTGGTGGGCGACGGCCACCACGGCAAGGTGGTCACGGCCGGCGCGAGGGTGAAGTTCGGGATCCTGCCATCGGAGGTGCCGCAGGCGTTGGAAATCCTCTCGTCGCGCGGGGTGGAGGTGGTCGGGCTGAACCAGCACATCGGATCCGGATTCCTGACGCCCGAACGCTATCTGCAGGCGGCCAAGGCGTTGTTGGAGGTTTGTCGCACGGTTCCCTCGGTGCGGTTTGCGGATTTCGGCGGCGGGTTCGGGATCGGCTACCGCGGGGAACCTCGACTGGATTTGTCGGTGGTCGGCTCCGGGTTGTCCGTGCTCTTGGATGCCTGGGAGCGCGAAACCGGGCGCTGCCTCCGGGCGCAGGTGGAGCCAGGGCGCTACGTGTTCGCCGAGTGCGGGGCGGTACTGGGAACGGTGCACGCGGTCAAGGAACGCGAAGGAATCCAAATCGCCGGTTGCGACATCGGCTTCAACGTGCTGCAACGCCCCGTGCTGTATGATTCCTATCACGGCATCGATCTGTGTCCTCGCGAAAAGCGCGAGGGGCCGAGGGTGGATGTCGAGTGGGTGGGGAACATCTGCGAATCCGGCGACATCCTCGGCCGTGACAGAAAGTGCCTGCTCCCGGAGCTGGGCGATCATTTGGTGGTACGGGATGCCGGGGCCTACGGCTGGGCGATGTCCTCCAGCTACAACGCCCGGCCTCGCGCGGCAGAGGTCCTTTTGGGGAAAGATGGTTCGGTGCGCAGGATCCGCCGCCGGGAGACCTGGGAAGACCTGCTGGCAGCCTTGCCCTGAGACAATGCTCGGGCGAGGCGGGCTCGAGGTTTGCCGGGATTGCGGGAAGGTGGGACGGAATGTGGAGATTCCCGGTGGGATTTTGCACCTTCTTGCCACTATGTCGATCTTCTCTCGAGCCGCGCTGTTGTCCGGTCTTTTGGGTTTGTTCCTGCTTTCGGCTTGCAAGAAAAAAGCCGAAGAGCCGAAGGGCCCGCCGGGCAAGGACCGCGTGGCCAAATTCGCCGCCACCTTGGTGGTTTCCGCACCGTTTGGCGATTCCACCGCGGGGCTGGCGGAAGTCAAGGCGCGCGATCGCATTGATTTGCGCACCGAGGCCGCCGGACGCATCCGCGAAATCGGGTTCCGCGAGGGAGCCCAGGTGCGTGCGGGACAGGTCATCGTTCGCTTGGAAGACGCCGAAGCAAGGGCCTCGCGCGATCGCGCCGCCGCGAAGCTGCGGCTGTCCGTCGCGACCCTCAAGAGGGTGCGGGAGCAGGTCAATGCCCAATCGGCGAGTTTGCAACAGCTGGAAACCTCGCTGGCGGATTCGGCCGTTTGCCAGGCCGATCTCGCCTTGGCGGAAGCGTCCTTGGCCAAGATGGAAGTGCGTGCCCCCTTCGGTGGAACGGTGGGCATGCGCGAAGTCAGCATGGGCCAGTGGGTCCCCAATGGACAATTGTTGACTGCGCTGGTGGGCTCCGGTGATGTTCGCCTGGAATGGGCGCTGCCGGAAGGCTTGGCGTTTCGGCTCGCACCGGGCCAGACGCTTTCGTGGCGGGATCCGGGTTCCGCGCGCGGCGGACGGGCCCAGGTGGAGGCGCTGGCCCCCGAGCTCGACGAA
CP064986.1_gap61	2820289	2822734	2445	TCCATCGCGTGCTCAAGGACTTCGCGGTGGTGCTCGCCCCGTACATGCCCTTTTTGGCGGAAGAAATCTGGCAGATTTTGGTGGCCGAGGTGGATCCTTCCGCGCCACGTTCCGTGCACCACGCCGACATGCCGCGTCCGGACGAGACGCTGAAGGACGCGCAAGGCATCCGTCGTACGCATCTGGCTCGGGCCATCGTGGAGCTGGGACGCTCTCTGCGATCGTCCAACGACCTCAAGGTGCGCCAGAGCCTGGCTACGCTCACCGTGGTGCCGCGTTCGGACGAGGCCGCAGCGGACGTTTTGGCCATGAAGGACGTGATCCTGGAAGAGCTCAACGTCAAGGAGCTTGTCATCGAGCGGGACGAGTCCCACTTGGTGAGCCTTTCGGCCCGGCCCAATTTCAAGACCCTGGGGAAAAAACTCGGCCCCGCTCTCAAGGCGGTGGGCGAAGCGCTCAAGTCGCTTTCCCAGGAGCAGCTGCGGGATGCGTCGGAAGGCAAGACGATTTCCGTCTGTGGTCACGAATTGTCGGGAGAGGACCTCCTGATCGATCGCGCCACCAAGGGGGATCTCGTGGTGCTGGCCGCCGCCGAAGCCACGGTGGCCTTGGATCCGAAGATCACGCCCGAGCTTCGTCGCGAGTGCATCGCCCGCGAGCTGCAGGCCCGCATCCAGGCTCGCCGCAAGGAGATGGACCTGGCCGTGGCCGACCGCATCCGCGTGGTGGTGAAATCCGCATCCGACGAAATCAGCCTGGTGATCGCCGAGTTCGGCGCGCTCTTGGCCGAGGAAGTCCAGGCGGATTCCCTCTCGCATGCCAAGACGCAAGGCGACGAGGCCAAGATCGAAGGCGTGGACGTGGCCATCGAGGTGGAAAAGGCCTGAGCGGTTCTGCGATGAGCCCGGCGTGGAGACAGGTCCTGGCCCAGCTTCTGGTGGTGCCGCTGTGGTTTGCTCTCCATAGTGCGATCGGGTTCTCCGCCGGGATCCTGCTCTTTGCGGCGTTGATCTACCTGCCGATGGTCCTGCTTCTTCGGATCGGCTGGCGTTGCCTGTCGGTCCGGAACATCGTGGCGGGATGGCTCCTTGCGGCCTTCGCGTGGATTGTGCTCATCACCTTCCTCGCCTCAGCCCGTATTGGCGCTTGGATGGAAAATGACATGTTCTCGTTGTTTGTGATCACCCTGGTGGTTTCGCTGGGTTGCCAGCTGATGCCCCCGAAGCCCGCCCCCCAGACGTGATCCTCATCAGGCGGCGCATTTCCTGCGCTTGCGTAGAATCGCTGCGTTACAGCGGCGAGCGGTGGTTCTTCGCCATGGCCCGCTCGTAGAGGTGTTCGGTGGCGAATAGGATCTTCACGGCGTTGAAGCCTTCTTCCAGGGGGAACAGGAAGTAGGTGTTGTCCAGGGTGGACAAGGTCACGCACTGGCCCTTTTTGCGGTAGTTGGTCTCGGTGTGGATGGATGTCATGGAGATCGACGGAAATTGGAGAGTCTGTTCCTCCGATTCGCCGTACTCGACGAAGGTCAGCGAAAACCCGCTGCGATCGTGCACAAGGGTTCCCTCGCCGAGATCGATGAAATTCACCGCGTTGGGCAGGGATTCGATGCGCACCCGCATGCGCAAGGCGTACGCGCCGGATTCGATTTCCTCCACCACGCGCGAACGCTGCCACTCGTACCAGTCGGGGATGTGCGTGAAGTCGAGCGCGGATCCCGGGATCTCCGATGGCGTCTTGGCTCTTTCCAGTTGGCCAAATTCCGTCATCGTCCAGCCGGAGCCGCAATCCTGACAGAAGATTTCCGCTCCGGTGGAGGTCATTCGAAACGGCGTGGCGCAGCAGGGGCATTGATACAGGACCAGTTCCAGTCCTTCCGCGCGCTTTTCGTAGGTGATCGACATGCGATTCTTCGCTTGCCAGGCGTATTCGTCGTAGGTCAGGGCTTCCTGGATCTTCTGCTGGATGGCCGTCGCTGGCAAGGCGGAAACCTCTTCCTTGGTCAGTAGAAGGGAGAGGGTCGTTTCCAGCCGCGCTTGCTTGCGGATCGCGAGGTTCCAGATGGGCGACTGCAGGTAGTTGCCCTTCATGTCGATCACCACGACCGGGACATCCAGCATCTTGACCAGCTTGGCCATGGAATCGGGAAGTTTGGAACTGGTCCCGACATTGGCGTAGCGGGCTTCCGGATACAACACCAGGATCCCTTTTCGCGCGATCACCCGCTTGATGTTCTTCACCAAGGCCAGGTCATTGACGAACTTGCGGGTCCCCAGGCACCCGATGTGCCGGTAGGCCCACTCGCCATAGGCCTCGAATCCCTCCAGCTCCGAGACATAATTTGCCCGTCGTGGAAAAAGCGCCAACGGCGTCACGCAGAAATCCATGAAGGACAAATGCGTGCCCAGCACCAGGTACGGGGGCTTCAGACCTTTCATGCCGACT
CP064986.1_gap62	2859164	2863397	4233	AAAGCGGTATTCTTTAGGAATGGAAATCCTTACGCCGTGGGCCCCATTCCGAACGTCCCTGGTCACCTTGCGGGTCGCCTTGGTTTGCCTGGTTGGGATGGCCTCCGGTCGAGCCTTCTACTTCGATTCCGACTCCGGACGGGACGCGAATGCGGGCACTTCGCGCAGCCAGGCTTTGCGCAGTCTGGCGATCACCCGTAGCACCAAATTCAAGGCGGGAGATTCGCTTCTGTTCAAGCGCGGTGGATACTGGACCAAGGATTCGCTGTTCCTGAGCAGCCAGGGAACCGCCATCGCGCCGATCGTTGTTTCCGCCTACGGAAATCCGAGTCTTCGTCGGCCCCACCTGCACAACACCGGTTATTTGGTGGTGTTGAACAAGGCCAGCCATATCGTGATCGAAGACCTTGAACTTTCCGGAGCTAGAGGCGGCTGCCTGGAAATGTGGGATTCCACCGTCTCGCATGTGGTGGTGCGCCGCATCGAGGCCCACGACTGCGGTGGTGGGGTGTACGCCACCGGCACGGACATTTCGATTCTCGACAACCAGATCCACGACGGTCACATGGTGGTGAACACGAAAAACACCATGGACGACGATTACGGGGCCACAGGTGTGGGACTCAGCAAATTGGATGGATGTCTCGTGCGTGGCAACCGCATGTGGAATCTGGTCGCCCCGTCGTACGATTACGGCGTGGATGGGGGGGCCATCGAGTTTTGGAAGACTGTTCGCCACTGCGACATCTATGGAAACTTCGCGCTCAACGCCGACGGGTTTTCCGAGTTCGGAGGGCAGCCAGGCGATTCCGTGATCGCCGTTTCCGTACACCACAACGTTTCGCTGGAAACCGGTCCGCTTGCCTGCTTCCACATGAGCGACCCGACCCTCCCCTTCGGGATCACCTACGATTCCGTGCGCTTCGACAACAATCTGTCCGTCGATCGGTTCGCGAACTCCTGGGGCTTCCACATCATCGCCGACGGAGGAAAGTTGGATCGGCCGAATCGGATCCAGATCCGCAACAACATATTCGTGACAGATTCCGCCAACTCCTACCACTACCAGCAGAACGATTCGAAGGCTCCCACCTGGATCCATGTCTCCAACCTCCTCTGGAACCGGTTCAACGACCCGTTCGCCGCCGGCAGTGGAAGAGTTCGGGGAAGTGGCGAACTCTTCGGCCACCCGCGCTTCCATGGTCTGCTCTGGGACAGTACGGCGGTGATCGATACGGTTCTTTCCGACTACCGACTCCTTCCGGAAAGCCCTGCGTACGGCACAGGACTTGATCTTGGCTACGCCAACGATTATTTCGGGCACCCTGCTTCGGTGTCGGGAATTGTTGATCGAGGCCCGTTCGCCCGTGGCACATTCACGGGTCTGGTGCCGGAACGGAAGGCGCGATCGCGTCAAACCGACCTGCGCCTGCGCGCGGGACAGGTGGAAATCCAGTTGCACGACCTCCCGACGGGAACGCAGGTGGAGCTGGTCGCTCGGGAGGTGTCGGGAAAGACCGTCCGCAAGCTGGGCATGTGGAAGGCGGACGCCGGATTCTTCGAGCGGAAGGTGGATTTGCCTCGGAAAGCGGGACTCCTCGTGCTGGATCTTTCGATGAACGGAAATCGTCGGTCTGTGGAGATGGTTCCGTCTTGGAAGGTCGGCTGGTGATCCGGGTTGCCAAGTTCAAACGGGCGATCGGGGTGGCACTGACGGTCTGCGCCTTGGGCAGGGCCGATGGCTGGTACGCCGACGCCTCGCGTCCGGACGACAAGGGCGACGGCCGCACACCGGCCACCGCCTGGAAAACCTTCCATCCCTTCGTTGGGAAGGTCGTGGGTGCAGGCGACACACTCCACCTCAAGCGGGGGAGCCGCTGGGACAACACGTTCCTGGTGTTCTACCACGGCGGGACCGCGGCCAAGCCATTTGTGGCCACCGCCTACGGCGACGAGTCGCTGCCGTTGCCTTCCATTTCCGACACATCCTCCAAACAGGCGTGGGTGATTGGGCTGGCATCCAGTCACCTGGTGGTGGAAAAGATCGCGGTCCACGGTCCCAACGGCAGTTGCGCGACCACGGTGTCGGATTCTGTCACAGACGTGGTGATCCAGGACATGGAGGTCTCGGATTGCCAATCCGGCATCGCGTTGGCACAGGTGGACGGTGCGATCATCCAGCGGAATCGGGTCTGGAACATCCACTTCCCTTCCAATCTCAATGGTGGTGGCGGTGGCGCGATCGCCATCACCCTGGACGGGTGCAGGAACATCAAGGTGCTGGACAACCTTATCCGAGATGCCATCGACGGAAATCCCGACCACGAAGACGGCGGAGCCGTGGAGCTGTTCCGGAGGAACTCGAACATCGAGATCGCCGGGAACCGCGCCCGCAACACCGCGGGATTCCTGGAAATCGGGGGCTTGGTTCAGGATCACGACACGGCTCGCAATGTGGTGATCCATCACAACGTGGCCCAGGAGGTGCAGAATTTCTTGTGGTGCAGCGTGGCCACGGCCAAGGACACGAGCAGCCAATGGGGCATGGCGTATTCGGAAGTGTATGTGGACAACAACACCCAGATCCAGGATGGCCGGCGAGCGGGACTGACGGTGGGGGTCAGTCTCCACCTGGAGGATTCCACCCAGATCCGCGTGCGCAACAACCTCTTCGTGGGCGACAGCCAAGCGGGCTTTCTGTTCTTCGGGCCGTTCGAGCGCAAGAACAATCTGTTCTGGTCCATGAACTTCCCATCCAAGTACGAGAAGCCCTACGCCCCCGGCGAGAAAAGCTTGGATCCACTGATCCATGCCGACACCACCAACCTCACGTACACCCTCGACATGGCTAGCCCGGCCCGAGACGCAGGCGCGGCGTTGGTCTACCCACCCAGCCTGGGCAGCCTGCGGCTACCGACCATTCCCGACGGCAAGCCCGATATCGGGGCGTTGGAGATGAGCTCCACGAGCCTTGTGCCCACCGCGCAGAGGTTCCAAGGCGCTTTGCGAGGCGCAGGGAATCGAGTCGAGTGGAACGGCTGGGCGAATGCGCCGGGAACGTTGAGCGCGAGGTTGATGGATGCGCAAGGCCGCGTGGTGATTTCCGAGCGGAGGAGCCATGCGGCGGGGACGGTGGTGCGCGGTTGGGATCTGCCGAAGGGGCGGGGCGTGATGGTCCTGGCGGTGGAGATGGACGGGATTCGTCAAGCGATCGTTGTGGCGCCGGGACGCTGATTTTTCGGCTGTGCCGGGCCTTCTATCAACTGCGCTGGGCGTATTCCAGGCGCGGGCCTGGTAACCGTTTCACGGCTTCCGCCGTGTGGGACCGGGCGCGGGCCCGGTGCCGTTCCTGGGTGCGTCGGCACCCAGACCCCGACCCAGGGCATTCGCATGACCTCCCATCCGGCGAACACGCCGGATGGGAGCCCTGGCAAGGGGCCGCACAGGGTTCCCATCCGCATCGCATCGATGTGGATGGGAGGGTAATGCAACGCAGCGCGCCGGGGGGCTCTAGCTGGAACGGCCAAACCGGCTCGCCAGGGATGTGGGTGGAATGAAGGTTGAGGCAGCGGTGCTATGGTATCAGGGACGCGATCGACATCCTCATGACACTGGCCGTTCCATTTTTCGAGCCCCCCGGTCCCCCTTGGTTGGGTTGGGTTGCCGATTCTTCTGCGGCATTCGATTGCCAGTTTCCGGCATTGCTTCGCTCGCCGGTCGGTAGGTGGGTTGGCTGGGGTGGGGATGTGATGGGAACGTAGGGGCGATTCATGAATCGCCCTCCGCAATGGCGAATGGCTTTGTTCGGTGGTTGTAGCGCTACGGAAAGGTCGCGTCAGAGGCCGGGGATCAGGCGGAAGATTTCGGAGGCGATCAGGGTGTTGGTGCGCTTCAGGCGCACTCTGGCGAAGGTGGGGCCGGTGGCGGCTGGTGGGGTGATTCGGTGGGTGCCTGTGGATTGCGCCGGGATTTCTTCGTGGGACAGATTCCGACCCGCAGCGTCGCGGAGGTCGAACTCCGCGCGCAGGTCGCCAACACCTGCAGGAACGCTCCAGGTTGCGATCCACGATCTACCCGAAGAACGCATGGCCAGGCGGGCTCGTGTGGCCGCGTGCGATCGCAGGGCCGTGATGGGTGAAGTGGCGTCGCCGAGGGCGACTTCGTACCAGAGGGTGGTGCCGGGGAGGGACACGATGATGCTGTCGCCAGAACGGACCAGGGGCAGGGCCGCCA
CP064986.1_gap63	3047768	3050713	2945	GGGATGAAACCGTCGATCCGCTTGCCGACGAAGGGAATGCCGAAGAACGCCGAAAGCCCGCCGCCGAGCACCCACACCGCGACTCCGGCGGCGAACATGTTGGCTCCCACCACCAGGCACAAGAAGGCGTGGACGCAAGACAGGAGCGTGGCCGCGAAGGCTCCGGCGACCAGGCCCAGCCAGGGGTTTCCCGTGACCGCGGTGACCGCGAAGCCGGCGCAGGCTCCGGACAACATTTGTCCTTCCACTCCCAGGTTGGCGATTCCGGCGCGTTCGGTCACCGTTTCGCCCAGGAGCACGTACAGAAGCGGCGTGGCCGCGCGCAGTCCGGACAGGAAGATGGCAAGGACGATTTCCAGGATTTCCATGGGACTCAGTTCCTTCCTTTGGACAGCAGTCCACCCGACACCAGGACGCTGCAGAACAGGATCGCCTGCAGGACGGTGGCGGTGGCCTCGGGGAGCTGCGCGAACAATTGCAGCGCGTCGGAAGCGGACATCAACGCTCCCATCGCCAAGGCCAGCGGGATGATCCGCAACATGTGCTGGCCTGCCATCCAGGCCACCAAAAATCCGGTGAGCCCGAAGTTCAAGGCGATTCCCGATTGGAGCCGGCCGTGGATCATGGTGGTCTCGAGGATCCCGGCCAGGCCGGCGATGGCTCCGCCGATGGCCATGACCAGCGCCACGTTGGCCGCCCAGGGAAGTCCGGTTCCCTCTCCCAGCACGCGGTTGCTCTTGAGGATGCGAAGCGAGAGACCCCAGCGCGACTTGGAGAGCACCACGTGGAGGGCGACGGCGATCGCGACCGCCAGCAAAAGGCCCGCGTGCAGCCGCGTTCCGTCCACCAGGAGGGGAAGCTTGATCGCGTCGGGAAAGGGCGCGGTCGCGGGCCATCCCAGGTTGGCGGGATCGCGCCAGGATCCGTAGACCACCCAGTCCACCAGGAGCGATGCGATGTAGTTCAGCAGCAAGGTCGAGAGGGTTTCGTTGACTTCCAGCCGCGCCTTCAGGAAGCCCGGAATCAGGGCCCAGAAGGCGCCACCCGCGCAGGCCAGCGCGAAGACCGGCAGGAACAGAAAAACGCTCCATCCTGCAGGAGCCGACAGGACGATCGCGGTCCCGCACCAGGCTCCCAGGTAGAACTGCCCGCTGGCTCCCACGGTCAGAAGTCCCAGCCGGGCGGGCAGCGCGGTGGCCAGGGCGCACAGGAGGATGGGGGTGGTCTTCACGAGCGTCTCGGTGAATCCGTACCGGGATCCGAAAGCTCCGGTCAGGATCTGTCCCAACAGGACGAAAGGGGACTTCCCGAGCACGGCGAAGAACACCGAGCTGGCAAGGAGGAACAGCGCCGCGGCCGTGGTCGCGGACAAGGCTCCTTCGAACCATCCATGCCTGGCGGCCAGGGCCAGGCGGCGTTGCTGGATCGCGGCGAGATTCATGACAGGTCTCCCATCATCCATCGTCCCAGACGATTTCTGTCTGCAGTGGAGGCGTCCACGATTCCGAGGATCTTCCCGTGAAACAGCACGCCGATGCGGTGGGCGAAGCGCATCAGGTCGTCCAGCTCCTCCGAGATCCACACCACCGAGGCTCCATCGGCGGCATGGGCGAACAGCTTGGCGTAGACGGCCTGGGTGGCGGAAAGGTCCAATCCCATGGTGGGGTAGCAGACCACCACCAGTTTGCGGGGCCCCGACAGTTCGCGGGCCGCCACGAGCTTTTGGAGGTTCCCTCCGGAAAGTTCCTTGGCCTTGCGCTTGGGATCCCGGGGGCGCACGTCGTATTCCTCCAACAGGGGCATGGCCTCCTGGGGGCGCGGGGCCTTGGCGCCCATCCAGAAGGGAAGCCCGGGAATCCGCTTGAGGGCCAGGTTCACTCCCAGGTCGAGGTCGGGCGCCACGCCGTTCACCGAAGGACGTTCCGGGATGTAGCCCACCTGGGCGGGAATCGGCGTACCGCCCGTCCCCCGGTGCACGGCTTGGCCGTCGAGGAGAATTTCGCCACCGGACACTTCCCGGGTGCCGGCCAGGCAGGCCGCCAGCAGATCTTGTCCGTTGCCCGACACCCCGGCGATGCCGAGGATCTCCCCGGGGGCGACCTGGAACGACACCCCTTGGATCCCGCCGAACATGTCGGGAGCCGAGAGGTTGCGGACCTCGAGCATCGGGATGTGCCGTTCGGGAGGCGAAACCGGCGAGGCGGGATGGATGGCCGCCCCGCCCACCATCAGCATCGACAATTCCTGTGCAGAAAGTCCTTGCGCAGCGCGGGTTTCCACCAGTTTTCCCTGGCGCATCACCGCCACGCGGTCGGCGCAGGAGACCACGTCGTCGAACTTGTGGGTGATCAGGATCACCGAACGCCCCTCGGAGGCCATGGCCCGCACCCGCTGGTGCAGGGCTCTGGTCTCCACGGGGGTGAGCACGGAGGTCGGTTCGTCGAGGATCACGAGTTTGGCGTCCAGGTTCAGCACCTTGGCCAGCTCCACCAGCTGCATCTGACCCACCGGGATGTCGGCCACCAGCGAGGCGGGATCCAGTTGGGGAGCCAGCAGACGAAGGTTCGAAAGCAGTGCCTCCTTGGAAGCGGCGGCCAGTCGCCACGGGGTTCCCGGCAGCGCCAGTTGCAGGTTTTCCATCACCGTCAGGGCGGGGATCAGGCTGAACTGCTGGAAGACCATCCCGATCCCGACGGCCATCGCGTCCCGAGGATCGGAAAAGGAAACCTTCCTGCCGTCGATCTCGATGGAGCCCTCATCCGGCGCGAGCAGACCGTAGAGGATCTTCATGAGGGTGCTCTTGCCGGCGCCGTTCTCGCCCAGGAGGGCCACGACCTCGCCGTGGCCCACCTCCAGGTCGACCGCGTCGTTGGCGACAAGCGGGCCGAACCTCCTGGTGATCGATTGCATGCGCACGTGCATGGGAATCCTCCGGTGGCGTGGTA
CP064986.1_gap64	3073959	3078299	4340	GGGAATTCGCGCACCCAGATCTCGCCCTTCCAGAAGTGGCGGATGGTTTCGCGCAGGTCCAGTCCGTCCAGCAGGCTGGATTCGAAGGGCAAGGATCTGGCCTGCGAGGAGGGTGAGGACGACCTGGCCCGATCGCGCAATTCCTGGTTGAAGTGCTCGATGGCGAGATCTTCAGGCAGATGGGAACAAAGCGAGGCGGGTTTCCACTCCCGGATCCAGCGCATGGCTTCTTCCGGCGGTGGATCCTTGCGCAGTTGCACCGTGGTCCAGTGGCCCGGAACCGGCGAAAGCCGATGCGTCCACGGCATCACGGGTCCGTCGTCCAGGCGCGAATTGGCAGGGCCGAGCTTCAGCGCCGGTCCTTCCGGCAGATGGCCGTGGTGGCGCGCCGCTTCCAGGACGGCGGCGGCGAACGAATCGCCCGAGCAGCCACGGGCGGCTTGCACCAGATCCCACATCGAGGGCTGGTGGTGTCCGGACAAGCGGGCCAGGCGGTGCGCGAAGCGATCGGCGGAGCGAAGTTCATGGACCGGCAGGAACCGTGCGCGACGGCGATCCAGATGCCGGCGACGTGCGGCGGAAAGCACGCGCATGGTCCAGGCGCGATGGGGAGGCATTTCCGCGAAGGGGTCGCGGCGGATCCGTTCGGCCTCCTGCGCCACGAACGGCCATTCCCCGATGCAGAAGGCCAGGTGGCGAGGATCGACAGGAACTGTCTCAAGATCGGTGATCTGCGGGTATCCTTCCGCGGGGATCGAACGCGGCGGGGAGGCCAGTTCCCGCAGAAGGTGGGGCACCAGGGCCATGCGGCAGACGAACAGGGTTTTGCCGGACACCCGGCGCAGGCGCGCGGCGATCCGGGCGGAGCGGTCGGACAAATCCTGGTCGGTGTGTCGATCGAGGAAAGGCAGACTGATCCCGAGGTAGTCGGCGGCGCCGATCGATTCGGCGGCGGCAGGATCCGGCAGGGTCGGGTCGTCGCGTTCGTCGGTGGGGGAGGCGTCGTCCACGAACACCAGAGGGATCCGCTCCTGCAAGGCTGCGCGAGCCACGAGCGTGGCCGCGCCGCACGGATCGGCGGGAAGCACCCAGCGGCGGCCATCCTGCAGCCAGGTCGCGGCCCAGATCTCCGGCAGCCGGACCACCGCTTCCAGGAACTCCTCGCGGACCTGGTCGGGCAGATCGATGGCGATGGCGTCCCATCTTTGGTCGAGGGCGGCACGGCGTGCCGCTTCGGCGAACGGGAGCGATCCGTGGACCACAGGCACCAGGAAAAGTCCCGGACACAAGGAGCCCAGATCCAGGAGATCGCCCGAGGCGTGGGTTTCCAGATCGAAGTCCATCAGCCGCGCAGGTCGTCTTCGTCGGGATCGAAGAAGTATTCGTCGGAATCCGTCCGTGTGGGACCGGGGCGTCGCCGGTGCAGGGAACGCAGATCCAGCGCGTCCGCACCGAGAACCCGCCGGACGGCCTCGGGGAAGGATTCGGTGGGGCTGCCGCCGCCGGAAGCGGAAAGCCTCGTGGAGAGCCGCACGAGGTTGATCCCGTCGCGGACGGAAAACGGCAAATCGAGTCCGTGGGCTTCCTGGAGGTAGGCCACGCACATGGCGCGCAGTTCTTCCGGCGCGCGCGGGGCGTGGTGGGCCAGGATGCGGTCTTCTTCCGCCTGGGCGGGAAAACCGATCTCGATGCGCGGTTGCAGGCGCGAGATCACGTAGTCGGGAAGATCGAAGGTGGAGCCGTCCTCGTTCATGGTCACGCAGATCCGAAATCCCGGATGCGCCTGGATGCGAACGCCCGCGGTGACCGAATCCACGCAACGGCGGTGGTCCAACAGCGCGGCCAGCGAGGCCCAGGCCTTCTCGCTCATGCGGTTGCCTTCGTCCAGGACGCACACGCCGCCTTCCACCACGGCAGAAAGCAAGGGCGAAGCGCGATAGAGGATCTTTCCGGCATCGCCCAGAACGGGCGTGATCACCAGATCTTCCGGACGGGTGTCGGAGGTGCATTGCTGGACCCAGCAGGGCTGGTTACGCACCCTGGCGCCGGCCATGGCCAAGGTGGTCTTGCCCACGCCGGGAACGCCCGTGATGCGAGGTGACAACGGCGGGTCGGTGTCGTCCAGGCCGTCCATCCAGCAGGCCAGGAGTTGGCGCAGGGGCTCGGTCTGCCCGATCCATTCCGGCAGCTTGGGTTCCGAAGGAAGGAGTTCGACCGAGACGCCGTCGAGGAGGATGGTCTTCATCGACCGTAAGGTAGCATGACCAGGGACTTTGATCCTTGGTCTGCGGCGATCAGGCTCCGGCGCGGACCACCGACAGGATCCGTTCCACCTGCTCTTCGAAGGTCAGATGGGAGGTGTCCACCAGGATGGCGTCGTTGGCGCGGCGCAGGGGGCCCATCGCGCGGGTGGAATCCTGGCGATCTCGCTCCACCAGGTTGGCCAGAACCTCGTCGTAGTCGGCGTGGACGCCCATCGCTTCCAGTTCCGCAAGCCGACGCCGGGCCCGCACACGGGGGTCGCAGTCCACATAGAACTTGAAGCGCGCGTGGGGAAACACCACCGTGCCCACATCCCGGCCATCCAGGGCGCAGGAGCGGCCCAGCGCGTATTGGCGTTGGCGCTCCACCAGCACCTCGCGAACCTGGGGGTGCGCGCAATCGGCGGAAACCCGGCCGGAAATTTCCGGGGTGCGGATCGCCTTGGAGACATCCACACCATCCAGGAACACCTGTCCCAGCTGCGGGTACAAGAGATCCAGCTCGCTGGCCAACCTTCCCAGGCCGTCCGCATCGTCTGACGCCACGCCGCGCTGGGAGGCTTTGAGCGAAAGAGCGCGGTACATCGCTCCGGTATCCAGATAATCGATGGCCAAGCGGCGCGCGATCTCCTTGGCGGTGGAGGATTTTCCGGTTCCCGACGGGCCGTCGATGGCCACAACGAAGCATTTCTGAGGCATAGTCGGCCAAAATACATCGGTGTTCGTTCCAGCGGGAAATGGGGAGGCCTCGCCAGGTTCTAGCTTTGGCCGTTGTGAAGACGGATCCTTTCGGCAGGCCCAGACGGACATGGCGCACGCACCAGCGAGAGCTGTATGTGCTGGTCAAGTCGCACGTCACCGCCTGGATCGAGTTGGGGGACACCGGAGCCTTTTCGCAGGCTGCCGCCATCAGCTACTACACGATCTTGTCGATCTTTCCCTTCCTGTTGTTTTTGGTGGTGGTCTCCACTCGCTTGCTGGAGGACCCGGAACTTTCCGTGAGCGCTATCCGTCTGCTGGGGTCCTACATGCCCAACGGCCGGCAATTCATGATCGACACCCTGCCCGTGCTCCAGAAGATCTCCGGCACGCTCGGGGTGGTTTCCGTGGCCGGTCTGGCGTGGTCCTCCATGGGATTGTTCGCGGCCTTGCGCACGGGTCTGGACCAGGTGGCCGGCGAGCGCACGCCGCCATCTTCGCTCTTGCAGCGCTGGGCGAGTTTCATCGCCGTGCTGGCCAGCTCGCTGGGGCTCCTGGTGTGCCTGGCCTTGGCCACCATGCTGTCCTTCCTCGCTCGATTGTCTGTACAATTTCTGTCTGTCGGGATCGATCAACTGGGTCGAAGTTCCAACGAACTCTCGTCGCTTCTGTTGCGCCCGGCGGGTCTGGCCTTGCAAGCCGGGACGCTGGCGCTTTCGCAGCTGATCACGTGGGTGGGGATCCTCGCCTTGTTGAACAACCTTCCGCGCACGCGGCCGGGGGTGCACAACTGCATGGTTCCCGCGCTTTGGGTGACCTTGGCCTTGGACCAGCTCAAGGGATGGTTCATCCTGTTCGTGGGCTCCAACGACGACTTCACCGTGGTGCACGGTCCGTTGTCCGCCGCCATCGCCTTCATGCTGTGGGCCTATTTGTCCGCCTTGGTTTTCCTGTACGGCGGCGCGTGGACCACCCATCTTCGCAAGGCGCGCATGCGCGAGGCGCGGATCCGGCCGGTGCCGGAAAGGCCCTAGGAACCTTCGATCGGATCTCCGCCCAGACGGATGCGCACGATCTCGTGGGGACAGTTCCATCGGAGGGGCAGGGTGTCGCCCAGACCGCGGCTGACCACCAGCCAGGTGGATCCCAGTCGTTTTTTGTCCGAGAGGTTGCGGTAGAGCCAGCTTCCCGGAAACAAAGCGCCCGCGCGGTTTTTCCACCACACCACCTGGCCGCCGTGCAGGTGTCCCGCCAGCGCCAACGGGGTGCCGTCCACTCCCTGCGCGGGCAGATCTTCGGGGTCGTGGTGCAGAATGACGCGGACCGTGCCGGGCTCTGGCGGCGCCTGGGTGGCGGAAAGGTCCGTAAATTCGAACCGGG
CP064986.1_gap65	3149483	3153511	4028	GCGGGCCACCGGGACCTTTGGTTGTTCTTTGCGGCCTCGGCGCTGCGATCGCTGGGCACCGCCGTCCAGACCCCGGCCGTGGCGGCGTTCCTGCCGCAATTCGTCCCTGCCGACCAGCTGACCCGGGTCAACGGGATCCACCAATCCATCCAGGCAGCCACCATGTTGCTGTCGCCAGTGGCGGCTGCCTTCCTGCTCACGGCCTTCCCCTTGCAGACCATCTTCTACATCGATGTCGCCACCGCCGCGTTGGCCATCACTGTGCTGGGATTGGCGGTGCGGGTACCGGCCCATTCGCGGGCCCTGGCCCCGACCGGGACCAGTTATTTCCACGACCTGCGGGAAGGCGTCCGGTACGTGCGAAGCCACAGCTACGTGCTGCGGTTCTTCGCCTACTGCACCATCTTCTTCGTCATGGCCGCACCGGCCGCGTTCCTGACGCCGCTGCAGGTGGCCCGCAGCTTCGGGCCCGAAGTCTGGAGGCTCAGCGCGATCGAGGTGGCGTTCATCCTGGGCATGACGATCGGCGGGCTCGGCATCGCCGCGTGGGGTGGGTTCCAGAATCGCGTCTGGACCATGGTGCTGGCGACCGCCTTGTTCGGGGTCACCACCGTGGGCATGGGTCTGGTGCCGTGGTTCTGGGCCTATCTGGTCGTCATGGGGTTCTGCGGATTGGGCATCGCCCTGTTCAACACGCCCTCCACCGTCATGCTGCAGGAACAGGTGGAACCCGAATTCCTGGGCCGCGTCTTCGGGGTGATGGGCATGCTGGGCAGTTCCATGATGCCCATGGGCATGCTGTTGTTCGGGCCGTTGGCCGACGTCGTGCGGATCGAGTGGCTCCTGGTCGCCACCGGTGTGGTGCTGGGCCTGGAAGCCGTCGCGATGGGCCTGGACCGGACCTTGGTGGCCCACGGCGTGCCAAGACCCAAGGAGACGGATTCCGTCAATCCCGACGCGCCGGAACCGACCCCGAACGCATCGTAGGGGCGATTCACGAATCGCCCCTGCAAGGCGCAACAGCGAAAAAAAACGCCCCGGTCCTGCGAAGGACCGAGGCGTCTAGTTCAAATTCCGTTAACGCTGGGAAATGTCCGATGTTCTGATCGTGGGAGCGTGATCGAGCGACCGCTGCGCGTTCACGATTCGGCGGGGCACCTGAACAGGTGCGAGCGGGAGTAGGGGCGATCCATTGTCGTAGGGGCGATTCACGAATCGCCCCTGCAAGGCGCAACAGCGAAGACAAAAACGCCCCGGTCCTGCGAAGGACCGAGGCGTTGGGACGGAATCCGTCAGGATTCGATCAGGCACCGCCTCGGCAGCCCGGCTCTTGAGGATGCGGTCGAAGTCGTCGCAATGAAGCATCTGGCGGCACAGCGCAAAGGCGGCGGCCCGTTCCACGGCGGCGTGGTTTCCAAAGCTCTCCGCACGGCGAAGAAGACCAAGGCAAGGACGCACCGCTTGCACCGGGTGAGGCAAGGAGTCGATGCGCGCTTGCACAAGAGCCTGCATGTTGGGACCAATGTGCTTGGCACGCCATGCAAGCCTTCCCAAGTCCTGATCCAGCACCTTGCGATGTGCTTCCGGCATGTGGCTTGCCTGAATCGTGTGCCCGAAACGATGGCGGGCGCGGATGTGAACAGCCACTCGTTCCCGGTCCAGATAGATCTCCACCGCAGCGGCTGTAAGCCGCACATCCACAGGCTTTCCGGCCAATCCATGCGGTACGCTGTACCAGTGCCTCTCCACCTCCACGCAGTAGTCCGGACCGGCCTTGCGACGCATCCACTCCTGATATTCCCAAGCCTCCTGCGGCAGCGGGCGGGCAGCAGGGCGGTCGATCTCCTCGAACAGTTCACGCCGACATTTTTTGTCATATCCCTGCATCGGAGATGCGTTGATTCGATCCACTTCGATACGCACGGCAGCATTGAGAGTGGACAGATCATGGAAGATCTGATCGCGCAGTACCGCCACGATGCGCTGCTGCATCAGCCGCACGGCATTTTCCACTTTACCCTTGTCCCGAGGTGAATGTGGACGCGCCGGAATCGCCACCGCGCCGTAGTGTGCGCACACTTCCACATAGGTGCGATTGAGGATCGGATCGTAGCGGTGCGCCTTGGTGACGGCGCTCTTGAGGCAGTCGGGAGTCACCACCCAAGGAGCGCATCCGAAGTACTCGAAGGCATGTACATGTCCCATGCTCCAGTCCACCACCTTCTGGCTGGCGTGAGCTTGAGCGAAGACTAGGCCGCTGGCTGCCCACACCATCACGAAAAGCTCCTGGAAGATCACCTCGCCAGTGAGGAGATCCACAATGCTCAGCCGATCTCCACTGTAATCCACCATCACTCTCTCACCAGGCTTGTGATCCTGTCGCATGACAAGATCCGTCACGCCGCGATGATCCCTGATCCGCGCCCCGAACTGGGTGCGTCCCAAGCCATCGGGATGAATCTTGCGGTACTCCTCCCACAGCAATTGGATCGTCACGCCGGGACGTTTGAGCTCCTTCAGAAGGTGCTCGATATCCGGCTCCCGGGCATGCGTCCGAGCCAAGGGCGCCGCGCCGAAAAGGTGGCCGGACAAGTCCTGGTCGGAGAGTGAAAGAGCCTGCTCCAAGGGCATGCCGCTGGCTTGGAAACGAACCACGAATTCTTGCAAAGTGGAACGGCCCACACCAAGGACGCTGGCAATCTTCCGCTGGCTCAGGCCTTCTTTGTACAACAGGCGCAAGGCCTCTCTAACATGTCTCATCGATGTCCTCGATCCCAAGTCTGCCCCCCGGAAATGAGGGGCAAGATGGTTATCGAGACGCCAGATCACGACCCTTCAGGCACTCTGAAGGAGCATCGAAATCAAGCCGTACCGATTCAGTGAAAAACACCGAGGCGGGGTGGCCGGATCGTGCCGACGGAGGGTGGCCGGATCGAACCGACGACGACCGGCCGGATCCAGCCGATTTTTGCAGACGGCCTCCGGCAGCCCTTTCAAGCCATCCATGCAGGCGATGTAGATGTCCTGTACGCCGCGATTTCGCAGCTCCGTCAACACGGAATGCCAGAACTTGGAGCCCTCGTTCTGGGCCATCCAAATGCCCAGGACCTCTTTGCGGCCTTGGAGATCGACAGCCAAGACCACGTGGGCCGAATGGTTTTCGACATGCTTGCCGTTGCGAACTTTGACCACGATGCCATCCAGCCAGACAATCGGATAGATCGCCTCCAAAGGCCGATTCTGCCAAGCTTTCACCTCGTCAAGGATCGCCTCGGTCACCCCGGATATCAAGCTGTGAGACACGTCCACGCCGTACAGATCCTGCATCGCCGACGCGATGTCACGAGTCGTCATCCCACGGGAGTAAAGGGCAAGGATCTTCTCATCCAGCCCATCCATGCGAACCTGTCGCTTGGGCACAAGAATCGGCTCGAAGCTCCCCTCACGGTCACGTGGCGTACTGATTTCCACCTCGCCAAAGGTCCCTTTGATCGTCTTGGTCGTCTTCCCGTTGCGCGTATTCTTACGACGCAAACCTGGAGACTTCTCGTGCGCAGCGTAGCCAAGATGGGCATCCATCTCAGCCTCCATGCCACGGTTGATCACCCGCTGAAGAAGGCGGCTGTAAAGGGCATCTACCTGCCCGGGGCTCTGGAGACCGGCTACAAGCTGGTCCAGTTGATCGTCGCTGATTTCACTCATCTTGTCTGCTCCTTACCAAAAGGTGCAGTTACACAGTTTAAATTACAGACTCGAATTAACTGACTCAGTTGTTGCTCATTCAAGCATTCAATGCCCAGAAAAACTTCAGCCATATTTATCAACACTGTTTGCAAGCAGGCCAAACAGCTCGTCCTATTACAGCTATTGGCCATGGCGCGGCGCAAGCGCAGACGATATTAATGGACTTCTTGAATTAGTCGCCAATGGTAGCACAGATACTGATATTCGCAGTGACGCCCTTGAATGCATCATTCAATCACAAAACACTACTGCATATAAGGATTTATATGAAATGGCAAAGAATG
CP064986.1_gap66	3257618	3260174	2556	GCCACCGGATGCCTCGGTGGTGCCCCACTCGGTGAACATGATCGCGATCTTGCTGGAGGCGTTGGCGACCTTGGTGCGGTAGGTGGCGCCGTGCGTGCACGAGTAGAAGTGGAAGGTGTAGGCGATGTTGTCGCCGGGGACCGGATTGGCCGAGGCCTGATCCACCGCCTTCGACCAGTCGGGAGACCCGACGATGATCACGTTGGAGCTGTACTTGCGGATCTCCGCCACCAAGTCGATGGCATACGAACGCACATCGCTCCAGCTGGCCTTGGCGGGTTCGTTCCAGATCTCGAACATCACGTGGGGCTGCTTGCCGTAGGTCTTGGCCATGTCGGCGAAGAAGGTCAGGGCCTTGTCCTTCTGCGGGGCGTCCTGTTCCACGTGCCAGTCGATGATCACGTACACGTCATTGGCGATCGCCGCATCCACGGCGGCCTTGATGGGGCCGGTGTTGCCGGTGTAGAGGCTTCCGGAACCGTTGCCCACGGCCATCGGGACACGTACGATGCTGGCTCCCCAGTCCTTGACGGTGGAGGACACAGCTCCGCTGTTGAAGAACTTTTCGCCGCCCCACAGCGGCCAATACAGACTCATGCCGGCCAATTGGATGGGGGTGCCGGCGGCGTTGGTGAGCTTGGCGTTGGCCACCTTCAGAGCGCCGTGGGTGGAAACGATTCCGGCCTGGGCCATGCACGACATCGCGAGGAGGGGTAGCAGAGATCTGCGAAGGCTGTGATACATGGAAGGCTCCTGGGCGTTGAAGGGACAACGGTTAAAACCGTATGGTTGGGTGGACAGGGAATATGTCGCGGGAGAGGACGGAAAGGTTGTGGATTGGAAGCCCTGATTCCCATGTCAACGGGCCTTTCCCTCCACATTCGGCTCAAAGTGGAGAGTGGGGTGTCCACAGGCGGGGCATGGGGTGGAGGCATGCTAAATTCCGCTGGAATGCCGCTTGCGGAAGGATTTGGAACGGAGGAATCAGGCGGTGATGGGAGGGAGGGAACGGCCTGGATGCGACGGGTTCCCATTTCCATCAGGCTTAGATCTGAAGTGGTTCAGATCAATGAACTGGATTCTGCAGGAAACACCTGTGGAATTGCCGCCCCCTGTTGTCCTCTTGTGGGTTCGTCAAACCGATCGGAGCTGGAGCTGTTGCCACGGAAGAGACCGTGGGGCGACGGGAAGGTTGCCTTCACTGGAAAAAGGGGCATTGCCAATCCTGGACGGGAAGGCATTTTCCACCCATGATTCTCCTCCTCCTGGCCAGCGCCCTTCCGCTGACCGATGCGACAAAAACTGTTGACGGGATTTTTTGCCAACGGCCTGATCCAGCTACGGGAAAGTCGGCCGTCATCGCGGTCGGTCCTGGCCATTTGGAGCTGGATTCTCCCGACAACCCGCGCAAACGGTCGATCGAACGAACCGATACTTGGCTGATTGTCCATGAAACACAGGTTCCGGCGACGGAACACGATCCCTTGCGCCAGTGGGTCCGTTTCTATCCGGTGGTGGGGCCTGCCATCGAACCGTTGTTTCCCGCCGAAAGGATCTCGCTGGTCCGCCACGGGGCCATGGTCGGCGCGCCGATCCGGCCTTGGAACCAAAAACAGCGTCTATGGGTTCGCGCCCCCAGTGATGACAGAAAATGGATATCGGTGGGATCTGCTCCCTTGGAATTGGGAGAGTATCACGAAGACGGCGATGGATTGTCCATGGGAGGCGATATCTCGGCGAGGGTGGCTGGAGACCGGTTGGAAGTGACCGTGACGTACGCGGGATCGTGGCAAAACGAGCAAGGGGGGGACGAATACGTCCATGAGGAGACCATCTACTCCTATCCGTTGGGTTGGCTGAAGGACGGAAGGATCGGGCATGGCTACGAGGCGCTGGAGGTCAAGATCCGCGCGGAGGATTAAGGTGAGGGGATTAGGTTGTCTGGAAGGTCCAGAGGAATTTGATTTCCCGGGGAGGGAAGACTTGCGCGGAAAGACACAGATCGATCGCTCGGGTGCGGAGGAAAAGGAGCCTGAGCTTGACCTGGACGACCTCGGGGATGTGACCAAACCCTGGCGTCTGCATTCAGCCAAAATCTGGTCCAACGTGGAGAGGGTGCGCGTGATCCTGCGAGGACCTCTGATCCTTGCATTGCTCGTCTGGTCCGGGACCCTGCTCTATCTTGGGTTCGAATGGCTCGAAAATGGCTATCGCGTTTTCCCCTGTCTCATGGCGCTTTCTTCGCTGACGGCGATGTTTCCCTACCTGGTCCCCACGAACCGGTTCGCGATCGTCGCGTCCCGGATGGTGATCGCCTTCCATTCCCTGGTGATCGCAGCTATCGGAATCCTCGTGGAGACGGTTGGCAAGACCATCATCAGCCGCGGAGGAAGCAACTCCTCCGACCTGGGGCCTTTCGCGATGCAGGGGATCTATCTCGCGGTTGGAATGGCGTTGTTGGGGTTTTCCGCCTCCACTCGCGGTGTGAAACAGAAAATGACTGAATCATAGGAGAGGAACGGATGCAGATCCTCGAGATACCACGCGCGTTGTCCC
CP064986.1_gap67	3287759	3288284	525	CACATCGAGTCCGAAGGATCGCGCGAACGTGGACTCATCAAGCACACCCCTTCCCAGCCTCACCCCAATCGAGCGAGCCCCCGCAGGGGGCAATGCGAGAAAAAGCGCCAGCGGAGAATCTGGGATTTCCTAGCCTTCCATTTCCCTCTACCATTTTCTGTCTTCCGCCACCTCAGCCCACCGAACCCCGGCGAGCGAGCCCCCGCAGGGGGCAATGCGAGGAAGAATCGCCAGCGGAGAATCGGTGCTTTCCCAGGCATTCCATTCCCCTCTGCCATTTTCTGTCTTCCGTTACCCCTGCCTCGCCCACCCCAGGCGAGCGAGCCCCCGGAAGGGGGCAATGCGAGGAAAAACCGTCAGCGGAGAATCTGTGCTTTCCCAGCCTCGCATTCGCCTCTACCATTTTCTGTCTTCCGTCACCCCTGCCTCGCCCACCCTAGGCGAGCGAGCCCCCGGAAGGGGGCAATGCGAGAAGAGAAATCCCAGGGAGCAAGTCTGACGACAGCAGGGAAGGATGCAGACGCA
CP064986.1_gap68	3290865	3292800	1935	AGATCATCTCACCCAGTTCGTTGAGCAGAGGCCGGGAGGTGGCGTGGCCGGAAACGGTCGGGTTGGAAATCACCATGGAGGTTCCCCTGTGGAATGGAGCGAAGGCGGTGGCGGCAGTGCTAGTGCGGTATTTCTGGAGAGCGGACACGGCCGCTCAAAACGATGGAGAAATAAATAGGAGCATTTGAAGCCTGCGTCAACGGATATTCCGTGCGTCGGTTATGTGGCTAAACTGGAATTATGAGTTTGGCAAGATCAGAAAAACAGCAATCTGTGGTATGTGAGCCTGGTGCGCCCCCTAGATCTTGGGGTTCCTCGCTGGACGTGGATCAACCGTTCATCCACATCGTATCCACACTATATCAACCTGATCGATCATCGGAATGGCGATTCGGTGATCCGTCTTTTGCGTTTGGAATCAATTTGGATTGCCATTTAAATCAATGTCAATTCAATCGTAATTTGAATGTCTGATGGGTTGCCGATGCCTTCCATCGCGTCCAACCCATTGAAAGATCAAGAGTTGGGTGGTTGAATGTCCGCAGGAGGATGCATTTTTACCCCCAAGCCTGATCCGTGGAGAACCAAGCCACGGATGGATTTTGAAGGGAAGTTGGACATGACCATCGGGATTGGCATCATCGGGACGGGAACGGTTGGTTCGGGGGTCATCGAGCTTCTGACCACCCGCGCGGACTCTCTCGCACGCGCTGCCGGGGTTGAGGTGAAGGTTGTCGCGATCTGCGCCAAGGAATCCTCGGAACTCGAGCCGTACGCGAAGGTGGGAATATCCACCACCACTCTGGCCACGGACCTGATCGACGATCCCGCCGTGCAGATCGTGGTGGAGCTGGCCGGTGGGTACGACCTGCCCAAGTCCTGGGTGGAGCGGTCCTTGAAGGCTGGAAAGGCCGTGGTGACCGCCAACAAGGCGATGATCGCCAAGCATGGCGGACATTTGTTCCCGTTTGCGGCAAAGCATGGGACGGAAATCCGCTTCGAAGCCGCCGTGGGTGGGGCAATCCCAATCATCCGTTCGTTGCGCGAGGCGTTTGTCGCCTCCGACGCCAAGAGCCTGGCTTGCATCATCAACGGCACGTCCAACTACATCCTCAGCCGGATGGCGGAAGTGGGAATGGATTTTTCGGCCGCATTGGCCGAAGCGCAGGCCCATGGCTATGCCGAGGCCGACCCGACCTTCGATGTCGAGGGAATCGACGCCGCCCACAAGGTCGCGATCCTCGCCTCGCTGTGTTCCGGCCAGAGGGTGGATTTCCAGAAGATGCATGTGGAAGGCATCACCAAGATTTCCGCCACGGACGTGGCCGGTGCGCGCGAAATGGGTTGCGCCATCAAATTGTTGGGACTGGTGGAAATCCACGAGGATGGAATCGACGCCAGAGTCCATCCTTGCCTGGTGCCCTACAAGCACCCCCTGGCCGGCGTCAATGGGGCGTTCAATGCCGTGTTCATCGACGGTTCCACGTCCGGACCCAGCCTGCTTTACGGCAAGGGGGCGGGGCGCCTCCCCACCGCCTCCGCGGTGGTGGCCGACATCGTGGACGCCGCTCGCCGCATCCACGACAAGACCGCTCCGGTGGATCTTTCCTGGATGGGTGAGGGCGATGCCGCCTTGCGGCCGCTCTCCAGAGCCGAGGGACGCTACTACCTGCGTTTCCAGGTCGCCGACAAGCCTGGTGTGCTGGGAAGGGTGGCGACCATCCTGGGAGAGAACAACGTGTCGGTGGCCTCGATGGTCCAGCACGAAGGCAAAGGCACCACTTCCATGGTGATCGATACCCACCACGCCCGCGAATCCGATGTGCAAGCGGCAGTGACAAAAATTGCTGCCATGCACGACATCGTGGAGCCGGCGATCGTCCTGCGCCACTACGATCGAGGTGTCGTCGAGTGACCTCGCTGAGGGCGGCGGAG
CP064986.1_gap69	3343991	3348612	4621	GGGTCGCGGCGTACCAGCCGGTGGCCAACGCCTCCGTATAGCCCTCCGCACCGGTGATCTGGCCCGCCAGGAACACCCTGGGGTGCTCGCGCAGCGAAAAGTCCTCGGAAAGAACGGATGGGCTCTGCACGAAGGAGTTGCGGTGCATCGAGCCCAACCGGATGAATTCGGCGTTGGCCAACGCGGGAATCATGGAAAAGAGGCGCTTTTGCTCCGGCCATTTCAGGCGGGTTTGGCATCCCACCAGGTTGTAGAGCGTCCCGGCGTCGTTTTCGGCGCGAAGTTGGAGGGCGGCCCAGGGGCGCCGGCCGGTCTTGGGGTCGTCCAATCCGATCGGACGCAGCGGGCCGTGGCGGAGCGTCTCGATGCCGCGGCGGGCCATCTCTTCGATGGGCAGGCACCCTTCGAAGAGTTCCTTGGGCTCGAAGGGTTTGGGCTCCACCCGGTCGGCCTCCACCAGCCCTGCGATGAAGGCTTCGTAGGTGGGGCGGTCCAAGGGGCAGTTGATGAAATCGGCACCGTCGCCTTTGTCCCAGCGATTGGCCTTCCAGCAGGAATCCCAGTTCAGGGAGTCCGAAGCCACGATGGGGGCGATCGCATCGAAAAACGACATGCGGGAGGAGCCAACAAGTGCTGCCAATTCGGCGTGGATCGCCTCGGAGGCCAATGGCCCTGCGGCCACGAGGGTCCAGCGATTCGGATCGATCTTGGTGGCTTCTTCGCGGCGGATCGTCACGTTGGGCAGGGCGGTCAGGGTCGATTCCACCAAGGCGGAAAACTTGTCGCGGTCGATGGCCAGCGATTCGCCGGCTGGCACGCGGGCTTGGAACGCCAACGGAAGCAGGCTGGACCCCAGGATCGCCAATTCTTCCTTGGCTAGGCCGTGCGCGGAGGCCAAGCCAAGGCCTTTGAAACTGTTGGAGCAGACCAGTTCCGCCAGATGCGAGGTGGAATGGGCGGGGGTGTTGACCGTCGGTCGCATTTCCCACAGTTCCACGATGTGGCCCGCGCGAGCGAGGGTCAGAGCGGCTTCGCAGCCAGCCAGGCCGCCGCCGATGATTTGGATGGGTTGGTTTTCCATGGTGAGGCGAACGATGTAGCAATCCATGGCCGTTGGGACCTATTATTCGCCTCTATGAGTTCACAGCGAGAATCACTGTTAGATCCTGTCGAAGCCTCCATCGAAGCCATCGCCGCCGGAAAGATGTGCGTGGTGGTCGACGACGAGGACCGCGAAAACGAAGGCGACCTGGTGATCGCGGCCGATGCCTGCACCCCCGATGCCATCAACTTCATGGCCACCCATGGACGGGGGCTCATCTGCTGCAGCCTCACGGAAGACCGTGTGAAGGCACTCCAGATCCCCATGATGACCCGGCACAACACGGCTCCCTTGCAAACGGCCTTCACGGTTTCCGTGGAAGCCCGCAAAGGGACTTCCACAGGGATTTCCGCCGCCGACCGATCACAAACGGTGCTGACCCTGGTGGATCCCGCCACCACCTGGGACGATCTTGTCGTGCCTGGCCATATGTTCCCCTTGGTTGCGCGCGATGGCGGCGTGCTGGTGCGCTCGGGCCAAACGGAGGCCTCAGTGGACCTCGCTCGCATCGCCGGCCGTGCACCGGCGGGAGTCATTTGCGAGATCATGGCCGACGACGGCTCCATGATGCGCCTAGCTGAGCTTCGCACCTATGCCGACCGTTTCGGCATGCCGATCTGCTCCACCGCGGATCTGATCGAGTACCGTCGCCGCACGGAAGTCCTGGTGAAGATGGAATCCGAGGAAACGGTGCACTGGGAAGGGCGCGACCTCAAGGTTTCCCGCTGGTGCGATTGTGTCCGCGGACATCGCCACGTGGCGGTGGTGGCCGGCCCGCTGACTCCGGACTCGGTGGTTCCGGTCCGCGTCCAGGCCGAATCCAAAGGCGGTTGGGGCCTCGGGTCGGCGGTCAGCGAACTCATGCAGATCCACGCCGCGTTGGATCGGGTGAGCCAGATGGGTGGAGTGTTCCTGCTGTTGCAGACCTTGCCTTCCCTGGGGGGGAGCGTGCCGGGACTGCCCCCGATCGGGGTGGAGACGGAATCCGGCACGGTGGTGCCCGACAACCAGACTTTCGGCATCGGGGCGCAGATTCTGTCGCAGCTGGGGGTGCGACGCCTGCGGCTTCTGACCAACCGTCCCCGCAAGATCACCGGATTGCATGGTTACGGCCTTTCCGTGGAAGGCTTCGAATCCTACACGGCCCAGGCCGTCGACGGGACCGGGGATTTCCTCGAGCGGTTCCAACAGCTTCTGAAATAAGGCGCTCTCGGCCCGGCCCACTCCACATCGCATTTCGCAAAGGCGTTCCTTGGTACCCATCGGCAGATACAGCACGCTCAAGGTGGTTTCGATCAGCGAATTCGGAGCTTTCCTCGACGGCGAGGAGCACGGAAAGATCCTGCTCCCGAACAACTCCACGCCTCGTGGAACCGAGATCGGCCACGCCATCGAAGTCTTCATCTACTTCGATTCGGACGAGCGCATCATCGCCACCACCTCGCATCCGCGCGGCGAGGTGGGGGATTTCGTGCTGCTCAAATGCAACGCCACCAACGAGGTGGGAAGCTTCATGGATTGGGGCCTGGCCAAGGACCTGTTCGTGCCGTTTCGCGAGCAGAAGGTGCGCCTGATCGAAGGCGAATACTACGTGGTGCGCATCTACGAGGACCCGATCACCGATCGCCTGGTGGGAAGCACCAAGCTACACCAGTTCTACGACAAGACCCCGGATGCCTTCGAGTACAACCAGGAAGTGAACCTCCTGATCCTTTACAAGATGGATCTGGGCTACGCGGCGCTCATCAACCAGCGCTACCAGGGAATCCTCTACCAAAACGAGGTGTTCCGTCCGTTGCGCAGAGGTGATCGCTGCAAGGGTTGGATCAAGAACATCCGCGACGACGGCAAGGTGGATCTGGCCTTGTCCCCGCAAGGCGTGAAGGCGATCGACACGGGGGCCGAGCAGATCCTCGCCTACCTGGCCTCGCACGGCGGGAGCATGAACATCACCGACGAAAGCTCTCCGGCCGACATCTACGCGGCGCTGGGCATGAGCAAGAAGCAGTTCAAGAAGGCCCTTGGCTCCCTGTTTCGGCAGGAAAAGATCTCGATGTCCTACGCCAAGGTCACTTTGCTGCCGCCCAAGCCGTGAACGCCCCTTCGTCTCGCATTCCGGTTCCTGGACAGGATCTGTCGGAAATCAAGTGGCGCCCGTTCTGCTACCGCTGCTGGCGCGCGAAGATCCTGTGTCTGTGCAACCATGTGCGTCCGGTGGAAAACCGCGTGGAAATCCTGTTTTTGCAGCACCCGAACGAACGGACGATGCCTTTCAACACCGCGCGTCTGGCGCATCTGAGCCTTCCCAACTCGCGACTGGTCCACGGATTGCGGTTCGACGAGACCAAGGTCGTGGGGGATCTCATGGCACGCAAGGAGCGCGTGGGCATCCTGTTTCCCTCCAACGAGGCCAAGCAGTTGAGCGAAGCTCCGCAGGACTTGGAAACCCTCGTGATCATCGATGGAACCTGGCGGGAAGCCCGCAAGATGATCTACCTCTCGCCGAGTTTGCTGGAATTTCCGCACTACGCTTTCGTGCCGGAAAAGCCCAGCAACTACCGCATCCGCAAGGAACCCAAGGACGAGTTCATCTCCACGATCGAGGCGACCGTCACGGCGTTGCGGGCCATCGACAAGGATCCTTCCAAGTACCAGGAGCTTCTGGAGCTGTTCGATCGCATGGTGGACCGCCAATTGGACTTCATGCGGATGAACAACCGGCCCGGCCGTCGCAAATGCCGCCGTGAAGACGCCTTCAACCTGGAGTTCCTGGAGGGGATCCTGTTCGGGTGTGCGCCTAGCGAACGCCTGGAGAGATTGCGGGAATTCACCGACGAGCAGTTGTTGGGAATGGGCAACATCGCGCGGGAACTGTTCGGGATCGACGACATCCGCGCCGATCGCGATTTGTCGATTTCCGTCTAAATCCCCAGCACCGTCCGGCTGACCAGGAAGAGGGACAAGACGGCCAGCGTTCCCACCGTGGTCCATCCGATCACGTTGGAGAACCGACCGTTCACGTGCTTGCCCATGATGTCCTTGTCGTTGACCAGAAGCATCATGCACACCAGGATCACAGGAAGCAGCAGGCCGTTGATCACCTGGGAGAACAACGAAATCCGGATCAGCGGGATGCCCGGGATCAAAACGATCAAGACGCCGATCACCAGGATCGAGGTGAACAGTCCGTAGAACTGCGGGGCTTGGCGGATGGTCTTGTCGATGCCCGCTTCGAACCCGAAGGCCTCGCAGATGTAGAACGAAGTGGTGACGGGAAGGATGGTGGCCGCGAACACGGATGCGACGAACAAGCCGCCCGCGAACACGAACGATGCGGCTTCGCCGGCCAACGGGGCCAGCGCCCGGGCGGCGTCCGATGCCTTTTCGATCTGGATGCCGTGCGCGTGGAGGGTGGAGGCGCAAGCCACCATGATGAAGAACGCGACCACGACGGTCAGGAGGCATCCCACCGCCACGTCGGCCAAGGTGAGTTTCCAGTTCTCCAGCTTCAGGCCCTTT
CP064986.1_gap70	3450820	3453663	2843	GGTGGCAGGGGCCGTGGTGGGAGGTGGCTTGACGGTGATCGCCAACGCTCCCAATCCGGCCGGCGCCAGCATTCTCAGAGATCGCTTTCCCGATGGGGTCATCGCACCGGGAAGCTTGTTGCTCTACGCTTTGGCTCCCACTTTGGTCGCCATGGTCGCGTTCGGGATTTGATCCGCCTTCGCGCCGGTACGCGAGGTGCGATTCAGATCTTTCGCGAAAGGGCGAGCCGGAAGTCGATTCCGGATTGCGCGGCGAAGTACCGCAAGCGATCGGAAGGGTCTCGCCAGGTGGCATTCGCGAGGTTCGCTCCGCTCATCGAAAGGTTCCAGAGGTTCCACGTTCCGGAGGCTTCCATCCCCAAAAGCCATGCCTGGACGGGAGCGGGGGCGTAGTCGCCAGGGACGGATTCTGTTGGCGGGATCCATTCCACTCGAGGGCCTACGCGGAAGGAACGCTCCGAATGGCGCAAGGGAATCCAATCCAAACCCGCCCGAAGCCGGCCCGAGGGAACGAATGCGATGGGTTGGTCGTCTCCATCCCTGGCCCGCAGGGCGGATCCCGAAACGAGCACTTCCAGCGCAGGTGCCAGGGTGATGGTCGCCGAGAGATCTCCTCCGGAGAGCCAAGCCGCGTCCGAGACGTAGGAAAAGCTCGGGAAGGCTCCGCGTACGGTCAGCCGCGGAGTCGGGTCGGGGCGCAGGAAGATGAAGTCCTCGATGCGGGTGATCCACAGCGAACCCTGGATCTGGACGGAATTCGACGCCTTCGACACCGAAATCTGGGCGGTCGCCGACTGCTCCGCTCCCAAGGTGGAATCTCCCCGCTCGATGGCGGCCACACCGTGGTGGAGACCGTCGGCGAAGAGTTCCACCGCTCCCGGCGAGCGCCAGCCGGTCGCAAGGGAAGATCGAATCGTCAAATCTTGTCCTGGGCTCCAGCGCCAACCCAGGCTGAGCGATGGAGCGATCCAGAGGTCGTTCCAATGGAGCACGCGTCCGCCCGTGCGACGCCAGATGTCCAGGGTCTGCACATCGGCACGAGCTCCCGCGTCGGTGCTCCAGGCATCCTGCTGGAAGGTCCACACGCTCCAGGCTCCCGCACCCTGCGAGCGGAAGTTGGGCACGAAGGCCCTGCCCAGGTATTCGTTTTCCTGGCGCATACCCTGGACTCCCGCCTTCCAGCCCCACATCCCGGTCCACTTGGGGTCGGCTTCCAGATCGAGGGTCGTCGTCTCCAGCGCGTAGTCAATTTCTGGCAGATCCAGCGCGGCCAGCCTGGAATCGATGGGCCGGTGCAGGTCCCATTCCCGGCGGCGATCGGTTTGCCATCCAGCCAAGGCGCTCCACTTCCAACCGCCCGCATCCGCCACCAACCGCAAGCGGCTCACGTCGTGGCGGACCTTCTGGTCGGGACGCCCCACGTCCCACTTCCAACTGGCGGTGTCGGGAGGGCTTCCCTTGGCCAGGGCCGTCTGCAGGTCGGAAAGGTTTCCGACATGGGAACTGGCCAGGATTCCCTGGTGCTGCCAAAAAACGCCATGCGAGGCCTGCGCGGTCAGGTAGGATCCTTTCCGTTCCAAAAGCGCGGACCAGGATCCTTCCCGCAAGGCCGTGTTGGGGAGGACACCATCGGCAGCGGAGCGGTCGCCGCTGGCTCTGTAGGCGATCGTTCCCGCCCATGCCCAGTCGGAGAGCGATGGGATCGGACTGGATAGATGGAGGGATGATCCTGCGTTGGGACCGTTCGAGCGGAGCGATCCGGTCCATTCTCCGGATAATTTCTGGTGATCTGTCTGTGGTGGTTCGATCACGATCACGCCTCCGATGGCTCCTCGGCCATGGCGGACCGAAGATCCGCCTTGGACCACGGTGACCCGCTGGGCACGCGAGGGATCGGATTCCACCGCGTGTTCGGCGCCCCAGGACTGGCCTTCCAGGCGGATTCCGTCTTCCACGACCACCAGGCGCTGCGAATGGAGGCCGTTGACCATGGGCTTCGCGACCGTGCCCGTCTTCAGGCTGCCGACTCCGGGCAGGCGATCCAGTGCTTCGGCCAACGATCCACCGCGGCTGGCCAGCAAGGCTGTTCCTGACAGCACCCGCTCCGATTGGCCAACGCTGGCGGCGGCTCGTTTGTGGCCGCGAACCGTCACCGTACCGGATGGGGCGCGAGTGGAATCCAACATCCGAGGCGGTTCGCCGGGTGATGGGGGCCTCGCGGAATCTGTCGAAACCCCGGCATGGAGACCGGCCAGGGAATCGGTGGCGGCCGGATCAGAGGGATCCGGAGATTCCGTGGCAAGGAAGGCCAGTGCGATCCAGGCGATCAAGGAGCGAGGATTTCCAAGGGAAAGGCCACATCCGCATCGGTTTCCCCATCGGTGATCTTCGAGGTCGCCGTCTTGATGCCTGGAAGGTGGCGCAGGTTGATGCGAAGGGTGTCGGTGCCCACTGAGACCGTGGTCAGGGTCGCCTTCAATCCGAGTGACAGGCCCTTGGAGTCCAGATCGACGATGGAAGCGGCGAGCTTCGATCCCGTGGTCCAGAAGATGCGGTGGTCGTCGGATTCGGAACCGCCGATCTCTTCGTTGAGATCGTGGATGTCAGAGGGATTGGACTGGTCCAGGAACCGGACGGTGGCATCGTAGACGGCGCCGATCTTGAGTCGGCCCAAGGCGGGCAGGATGGGAGCGGCACCACCGGATCCATCGGCATCGACGAACTTCAAGGTGAGGGTGTCGGAGGGAATCGCCCGATTGGCGAGCTTGAGCTGCACGGTGGTGATGGACTCGTGCTCGTGGTCCTCCACCGGACTTTCCACCGACGAATCATCGCAGGACCAG
CP064986.1_gap71	3455136	3456174	1038	CTCCCCTTTGTGGGAACCTCCCAGCGGCGAAATCGAGAGCCTGATCTTCGGGTTGCAGGCTGCCTCCGGCGCCGGGGTGCTGTGCTACGCGCTGGGATTTTGGCGCGGTCGACGGCGCCCGGAGGGCAAGAATGCATAGGATCGAACAGAGCGCCTGCCTCTCCCGCTTGCGGGAGCGCACCCTGGAAACCTGCGTGCTGTGCGCAGGATTGGCACTTTGTTCCCTGACGATTCCTTCACCGTCGGCGGGGATAACAGTGCTGCTGGCATCGCTTGTGGTGGCCGGGTGCGCCGAGGTCCCTCTCCGGGACTTTGCGCGCGTGCTGTGCGCCGCTTCCGGCTTCGCGGTGGTCTCCCTCTTGCCGCTTTCCGTCGCGGTGGAGACCGATCCCCTCGGACTGGCGTGGGATCCTGCGGGATTCCAAAGCGGGATCCTGGCGGGAACGCGTGCGATCGGAACGCTTTCCGCGACGTTGTTGCTGGCCTTCACCACGCCGTTTCCACGGATCCTCGTCATCCTGCGGTGGGTTCGTGCCCCTGCGATCCTGACGGATCTTCTCGCCTTGGTCCACAGGGAGATCTTCCTCCTCGACGAGACCTTCACCAGGCTCGCCAAGGCCCTCGCCTGCCGCGGCGGCGGCAACGGCACGGCGGCGCGGCTTCGTTCCCTCTCCGCGGGAGTGGCTGCCCTCTTCGTGCAAGCGTTGGAGCATTCCCGAAGGCTCGAGACGGGACTCGCCTCCCGAGGTGCCGAGAACGGCGAGGTGAAGTTCTGGGACGACGACATCGTCGTTCGCCCGGCAGCCTTGTTCCTGGCGTTCGCATCTCCCGTCGCATTGGCGGCGCTCATCGCCTGGGAAAGGTCGATCCTTGCATTCTGAACTCCTCTCCTTCCAAGCCGTGGGCTACGCCTACCCGGACGGACAGCGGCTGTCCGAGCGGTTCCCCGCGATGAGGCGCGAAGCGTTGCACGATCTGACGGTTTCCGTCAAGGAGGGTTCCGCGATCGCGCTTCTGGGCGGCAACGGCGCGGGAAAG
CP064986.1_gap72	3536433	3540205	3772	CGGCCGAGCGAGCGTTCCTGCTGCAGGACCAGCCATCGGTGCAGGAGATCACCAACTTCACTTGGCGCTACGAGTGCATCGCCTTGCTTTTGTGGAGTCTGGGAATGCTGGATCCACTCGTGGCGCCCAACCAGATTTGCGACGTTCCGGCCATCGCCAAAACCATCCTTTCCGCCGACCAGACCGCGTTTGTCCGGGACGCCAAATTCCGTCCAGTTTCCGAGATTTTGGATCAACTGGATATCCATTACCGTCTGCAATGGTTGTCCCACCAATCGAGGGTCGATGGCAAGGACCTCCCCAACGGCCTCTTGGCGGGAGTGATCACCGAGCGCCTCTACGCCCTCAATTGGCTCACCAGAACCCAGGACGTTCCCTGGGACGACATCGAGACTCCGGCCTGAAATCCCCCCGACCCCCCGCAAGAGGGGTTTCTCCATGATTTTCGAAGGAATTCCTAGTGGGCACCAACGACAAGGAATGCTCCTCAGAGTATCGAGAGATTCGGTCCGCAAGTTTCGCGATCCGCATGGCGACAGGAAGCCTGTTGCGGCTGATCCTCGTTCTTTCGCTCGCTTTGGGTACAGGCTGTTCGATCACGCCGATCAGACCAGCGAGCTCCTTGACTCCGCCGGCTGGCGATGGCTGGGAAACCGCAAGTCCCCAGAGCGCAGGATTCGATGAAAGCTCGCTGAAGAAACTCACCCAGGACATCCAAGCGGGGCGTTTCCCGAACACGCACGCCGTGCTGATCGAGTACGATGGGCGTCTTGTCTACGAGCAGTACTTCGGCGGGATGGACGAACGCTGGAACCAGCCCGTCGGATACAGAAACTTCGGCCGCGACAGTCTCCACGATCTGCGTTCCGTCTCCAAGACCGTGACCTCCCTCGTGCTGGGGATTGTGCTTGCTGGTGAAGCCGATTCCGCGCTGGAAAAGCCGCTCCCGTCGTTTTTCCCCAAACTCACAGCGTCCTCCGATGTCCAGGCGATCACGCTGCACCACGCGTTGACCATGACAGCCGGACTCGAGTGGAACGAAATGACGGCGCCCTACTCGGACGGTACGAACGACGAGGTCCGCCTCTATGGTGTGACGGATCCTGTCTCCATGGTGTTGAATCGCCCTGTGGTCACCGCTCCGGGTTCCGTGTGGTACTACAATGGCGGACTGAGCCAGGTTCTGGCAGGCATCGTGCAGGAAAAATCCGGCAAACCCTTGGACAAAGTCGCTGTCGAGGTGTTGTTCAAACCGCTTGGAATCAAGACGTTCGAGTGGATTGGAGGACCCATCTGGGATCCCGCCATGCCCGCTGCCGCCTCGGGTCTGCGGATGCGAGGAAGGGACCTGGCGAAGATCGGATCTGTCTGTCTGCACGATGGCAAATGGAAAGGTCGGCAGATCGTACCGAAGAAGTGGCTCGAACGATCGATGCAGCGGCACGTGGATCAGAATGGCGCTTGGAGCAACGGAGGGGTGTGGGGGTACGGATACCAGTTTTGGATGGGAAGATTCCCCCAAGGGTACGAGGTCGCCGCTGCCAAAGGAAACGGCGATCAAAACGTTTTCATTCTGCGAAAGGAAAAAATCGTCGTGACCATTTTCGCAGGGGCATACAACCGTTTCGTTGGGCCAGCCGAACGGATCCTCCACCGGATCATGGCGGCAAGAACACAGCCTGGCAATTTTTAACGCAGATTTTGATCCATGGCCAATTCATCTCCATCTCCCCTCACGGGTGCGTTCGTATCTCTATGTGTATTCCTGGGCAGTGGCGCCTTCGGAGGGTGGTTCGGGACGCAGATGGCTCCCGAATCCACGGTCGCCACCCTCGTTGGGTTACTCATGCTGCCCATCGCGTTCATGGTGGGGATGCAGGTTTGGTTGGGAGCGGCGATGATCGCCTGGTTGTTTGGATGGCTGTTCCCGAAGAAAACGCGCCCTCGATCGGCGCCTCCGGGGGAGGGCGCAGGTGCCACGCGGGAAACGCGCAGTGGAGCGCTCGTGTTCGCGGTGGTCTTCCCCCTGTTCACCATCCCGGCCGGCATGCTGACCGGCTGGTTGTCCAACGAACATTCCTTCCTCACCGTGTTGGCCCTCTACACGGGCTTGGGAATGGTGTTCGGGGCCATGGTGTGGCAATTGGCCAAGCACGGATACATAGAGATCTTGGAAGAAGCCTGAACCAACAACGCAACGCGAGAAACAGTGATTGGTTTCCCGCCGCGCAGCGAAGCGTCCGCGGGCAACTCCGTAGTAGACAGAATCCAGCAATCAAGTGCCGCTACCGAACCAGACAACCCCGCCACCGCCCTTGGCGCTTACAGCGCCCAACCGAAGCCCCAATTACCGCAGTTGTCGATACAGCCAGCCTACGCCGCCGCCATTGTTGCGTTCCATCCAATTCGGATTGATGGGCAATCCGAGGATTGCCCCTACGCCGTCCTTTCGGAAACGGCGGCGTTTCCTCGACCACTAACCTATAGCCCATTCGCCACCCCAACCGGCCAGCGAAGCGGGTTCGGGTGCGCCAGGCCAAGGCGCGAATATCCAGTCGGTGGAAATCCGACGCGGGCGGGTTGGCACCCTGTCCACAACCGAGTCTTTGCGCCCGATCGCGCCGGTGACGGCAGGGTGAAGCGTAAGACAGGGAGATCATAGGCCGTAACGCGAAAGGATGTGAACCGATAGAGCTTCGAGAAACCACGCGGGTGTCGACCGGATCCGTACCCGGGAAGACCCTAGCCTGTGCGGCGAATGGATTCAATCTGCCACGCCAGCCGCATGGAGACCCGCCGGAGTCCGAGAGGACGGCATGTGATCAAATGGATATTCGACGCAACCTGGGAGATCTCGCGTTTTCCGTGCCTGGTAAGGGTGGCGGTATCCGAGGAAAGGCCGGAAGGCCCGGTACATGGGAGACGAAGCGCGAGAAGTCGGAGCCGATCGTAGTACCGGGGAAGCGGGGTAATTCCCGTGGAGGGAAGGGTCGGCAGGAGTCAAGATGCAAGAGGAGATCATGAACCATACACAGAGATGGAGGCTACATGTCCACGAACCTTGAGCAGATCGCCGAGATGTCGAGACAAGATCCGCGCATGCGATTCACGTCGCTGGCGCACTACCTGACCCCGCAGATGTTGCGGAGTTCGTACGAGCAATTGAACCGCAAAGGAGCGCCCGGCGTCGACTGTGTGACGATGGAGGAGTTCGGACAGAATCTGGACGATAACATCGAAGCGCTGTGGCTGGAGCTGCGCAGCGGGAAGTATCGAGCGATGAGCGTGCGGCGCGCGTGGATTCCCAAGGATGGAGGCAAGCTCCGGCCGTTGGGGATTCCGAGCGTGCGCGACCGGGTGGTGCAGAAGGCGCTTCATACGATTCTGTCGACAGTGTTCGAGCCGTGTTTTCTCGACATGTCGTACGGGTATCGCCCGGGCCTTTCGGCCCACGATGCCCTGGATCGCTTGGGGAAGTTGGTGAATCGAAGCGGCACGTGCATTATCGTGGATGCGGACATTGAGGGTTTCTTCGATGCGGTCAACCACGAATGGCTTCGGAAATTTCTGGAAGATCGGATTTCCGATCGGACGATCCTGCGTCTTGTGGGAAAGTTTCTGAATGCCGGTGTGATGGACAATGGGGTCCATGTTGCGACGGAAGACGGAGTGCCGCAAGGCGGGCCGTTGTCGCCGCTTTTGGCCAACATCTATCTGCACTACGTGCTGGATCTATGGTTTGATCGTAGAGTCCGGAAGGCTTGTGAAGACG
CP064986.1_gap73	3694117	3695445	1328	CGGCTTTCGTGCTTTCCGGCGAAAGCTGGCACGAAGGGGTGTCGGGAATTGTCTCCCAACGCGTAGCGGAGCGTTGGAGCCGGCCCACGTTCGTCCTTGCGCCCGATCCCGGACAACCCAACGAATGGCGCGGTTCCGGCCGATCGGTACCCGGCATCGATCTGCACGTCGCGCTCTCGCGCTGTGCGGATCTGCTGGAAAAGTGGGGCGGACATGCGCAGGCGGCGGGCTTGTCCCTGCGTCGGGATTGCGCAGCCGAGTTTCGCGAGCGCTTCGTGGAATCGGTTCAGCAAAGCAGCGATCCCGCCAACGTGGCGGGGCCGGCGGGCGAATGCCAGGCGGATCTCCACGAGATGGACGCCACCCTGCTGGGGTGGCTGGAGAGGCTGGAGCCCTGGGGCGCGGCCAATCCCGCTCCGGTGTTCTGGACGGATTCCGTCAGCATCGTGGCGATGAGCCGGGTGGGGGATGGAAAGCACCTGCGGATCACCGTCAAGCAGGGCGGCCACCAGGTGGACGGCATCGCTTTCAATTTGGGACATCTGGCCGCCAAGCTCCAGATCGGCTCCACGATCCGGCTTGCCTACCAGGTGGAATGGAACGAGTTTAGAGGACGTCGCAGCGTGCAGCTGCGCATCAAGGAGATCCGATGACGACGACGCAATCCGCACTCTGGGCCGGACGATTCGACGCCGGCATGAGCGAGGCTCTGCGAGCCATTTCCTTCTCGCTGCACTTCGACCAGAAGCTGTTGGCCTACGATGTGCGCGGCTCCCAGGCGCACGCCCGGTCGTTGGGACGGCTGGGTGTCTTGTCGGAAGCGGAAGTGTTGTCCATCGTGGAAGGGTTGGAAGGCATTCTCGCCGACATCGTGGCGGGTGCCGACCTGTATCTGCCCTCCGACGAAGACGTCCACATGGCCGTGGAACGGATCCTGACCGACCGCATCGGGTCGGCGGGCCGCAAGCTCCACACCGGCCGTTCCCGAAACGACCAGGTCGCCACCGCTTTCCGGCTGTACGTGCGCGACCAGGCGCGCAAGGCCCACGCTGGCTTGGTTGCTTTGCAGGAAACCGTGCTGTCCATCGCCGTGGAGCACCGCGCGACGATCATGGCCGGCTACACCCACATGCAGCAGGCGCAGCCGGTCACCTTGGGCCACTACCTGTTGTCCCTGTTCTTCGCATTGGAGCGCGATCGTCGTCGTTTCTGCGAGGCCCGCGACCGTGCCGGCAAAAACCCGTTGGGTTCCGGCGCCTTGGCAGGCTCCGCCTTTCCGGTGGATCGCCACAAGGTGGCCTTGGAACTGGGCTTTTCCGGCGTGACGG
CP064986.1_gap74	3893101	3893690	589	ACGGACCTCCCCGGTTTCAGCGAACGGATCGAAGACGGCCGTGATGGATATCTTTTCCGCTCGGGTGACGAGGAGCATCTCACGCAGGTGATCGCCAATGCGATCGGATCGCATGCGGACACCTATCGGGGGGTGTTGGAGCGCTTGGAGATCCGGATCCAGCAGGAATGGGAGCCGACGGTCGTCGCCGAAGCCTATGAATCGATGTTCTGCACGGTCGGCGTAGCCGACCAGAGAGGTGGGAAGGTTTGAAGCTGCCAGGATGGTTGTCCGTCGCCCTCAAGGAGAGTCCTGTTGTACTGGGTTCGCGGCTTGTCGTTGAGTTGTTCGATGAATGGAGGCAGCTCACTTTCCAGCTCGGTGCCGCCAGGTGCACCCGTACCCGGGACAAATGGCAGGCGAAACTGACCGTTGAATTCCATGCGATCGAGAAAGGGCTCTCGCTGGGTGCTCCGCGGTTGGGGTTCGGGGAAAAAAGGATCCTCGAGCTGATTTCCGATTTGCGCACGTATCGGGACCGGTTCGACGATCCCGAATTTCTGGCGCACCCTTTGGCTACCATTCGCGGCTACCTCGCCTACAACGCGGA
CP064986.1_gap75	3895572	3897948	2376	TTTGGCCAATCTACCCGAGGGTCACCCTCCGGTGCTCCTGGTGACGGGGGACGAGGAACAGCGCCAGATCGATTATCCCGGAGTGAGGATTCACGCGATTCCCTATCGCGAAAGCCGAACGAGTCTTTTCAGCTGGGGCCGGACGGTTCGTCGGTTCCTGCGCGAGGAATTCGCCGCAGGCCGCATCAAGGTCGTCAATTTCCACTGGCCACCCCTTATCCAGGGCCTGTTCCTGCCTCCCGAGATCCCGACGGTCCTGACCGCGCACACCACCTACATCGGGATGTCCGGCAAGTATTACGATCAACGCTACTACGTCCCCGAATGGAGCGACCTTTCCGTGGCCGTCAAGCGTTGGATGGAACGTCGGATCCTCCGGCATACCGATTCCATCGTGGCGTTGACGGAGCAGGGGAGGGGCGAGGTTCTCACTTACGGTTTCCAGGGTCCGATCGAGGTGATTCCCAACGGAGCCGATACCGCGAAATTCCGTCCGGACACTTCCGTCGCCAAGGATTTCGACGTGCTGTTCTCCGGCAGGATCGAGACCCGAAAGGGCAGCCGCACGATTGCCAATTTCTGTCGCGGCCTCCTCGCTCGCAAGCCCGACGCGAGGATCGCGATCGTGGGCTACGGCGTGGACGACGCCCACGTGGCGCAGGCTGTCGCCGACATGGCTCCAAACGTCGTGATGACCGGAAAGGTTCCGTTTTCCGAGATGAAGGCCTATTACGAAAGGTCGAAAATCTACGTGTCGACTTCGTACTACGAAGGCCTCCCCGGCACGTGCCTCGAGGCGCTGAGCATGAAGCTTCCCGCGGTTGTCTGGGACTTCGATTTCTACCGTGGTCTGGTGGAGAACGGAAAGACGGGATTCAGGGTGCCACCCAACCATCACGAGGCGATGGTCGAGAAGGCGATGACGCTCCTGGCCGACGACGCGCTTCGCGAACGGCTCGGAGAGGCTTCCCGCCAACTGCTCCAGGATTCCTACTGCTGGAAGAACCTTGCTCCCCTCGTTCTCGACGTGATCGTGAAGGCCGCAGGGAAGAGCGCCGTGGCAGGGGCTGGAAGATGAAGGTTCTGGTCGTTTCTCCAGCTCCAACCCATCCGACCCGTGCCGGAAACCGCTCCTGCATCCTGTCGTACGTGGAATTGCTGCGAAGACAGGGCCACGAGGTGGAATTCCTCTATCTCCATCTCCCTTGGGCGCACCAGGACGAAGGGGTCGAGGAACTCCGTGATTTCTGGAAGGACCGACTGCACATCTTCCGGGAGAGCGTCCTCGATCGCCTGGTCCAGATCGTCCACCACCGATTCGCGTTCCGTCTCCTGGGGCGCTACACCCTGGACGCGTTGCTGCCTTTCGGATTTTCGAGGGCCGTTGGCAAGCTGGTTTCGCTGAGGAATATCGACGCGGTCATTGTCAATTATTGGCATCTTTCGGGAGCTTTCCGGTGCCTGCCTGCAGGTGTCAGGAAGGTTCTCTACACCCACGACCTCTTCCGGGATCGGATCGACCGGACCGGTTCGTCCTTTCTCTCCACGGATGGCCCGACGGAAGGGCGCGCCCTGGATCGCGCCGATGTCGTCTTGGCCATCCAGGAGCAGGAAGCCGCGGATTTCCGGGCGAGGACCTCGAGTCGAGTCCTGACGTCCTTCTCGCATTTTCCGCTGGATTCCAGGCCGTTCACCAACAGGAAGAACCTTCTCTACCTCGCGGGTCCCAACCCGAACAACATTCAGGGCATTCGTGAATTCGTCGGGCAAGTCCTGCCGGTCATTCTCTCCAGGGACCCCGCCATTCGCTTGCTGATCGGTGGCAGGATCTGTTCGGAACTTCCCGATCTCGCGGGGTTGCCCGGTGTCGAGCTCCAGGGGGACGTGGATCGGATGGGGGACTTCTACGCGCAGGGCGATCTCGCGATCAATCCCACGCGGACCGGCTCCGGACTCAAGATCAAGACGTTCGAGGCGATGGCCCACGGTCGCGCCATGATCTGCCATCCGCATTGCCTCGAAGGGATTTTCCGCCCAGAGCGCCACCCGATGGTCTCCGCGAGCACTCCGATGGAGTACGCGGATAGGATCTGCGAATTGTTCGCCGATCCATCCAGACTGGAGGCACTCTGCCTCAGCTCGCTGGAGTATGTCCGGGATCTCGATGCGGAGGTGGAGCGTTCGTTCTCGGTAGCCTTGGCCGCCAGAACCTAAATCTCCCTCCCGCGATGCGAATTCTCCAGATCAACAAATATTCGACGATCAACGGCGGCTCGGAAGTTGTCGCCGATCTCGTCGCCCGTGTCGGGGATCGGTTCGGCCACCAGGTCCTGACTGTCGGTTATCGGAAGCCCGGGCAGAGCGGGATTTTCAATG
CP064986.1_gap76	3967953	3969868	1915	ATTCAACTTCAGTCAAACATTGAACTTGATATTTTGATTGGGGGGCAAGCCTGCTTTTGTCTATGATTTTTTGGAAATCAGGGTTCAGGGCGGATGCGCTCGGGGCGGGTTCAAAAATTCCATCGTAGAAAGATTTCATTTCATCCTTGACTGCCACGACTTGCGACTGGATGAATGGATCCGTAAAAAGCCAAAGAAAAACTCGTCCATTGGTATTGGTTTGGTTGTAAATATTTTTCCAGGTGGAGCCTATCTCTATCAAATTTTCAAGCTGAATCTTTTGGATCCAAAAGGGAGGCTGCCGTCGAACCAAGCGGTAAAAAGGGTCGATGATCTGCTTTTCGTGCCATCTGTTGCTGTTGGAGAGATTGACTTCACTGTTTGAAAGAATTGTGCATTTCCATCGATTTAATATGTCGTGGTATTTTTTGAGGCCGCGGATTTTCTTGGTATTTGAGATCATTATTGCTCTTGATGATTTGGTGGCGTGACAAGAGGGATGTGTTCAATGCGGGGAATCTAGACATTTTTGCGGAATGCTGGCTTGGTGCGGTCTTTTCGACTTACGCCCACCGGATCGCTGGAGTTTGGAGCAACAAAGTGTCATTGGATGGGCCTGCGGGAATTTTGGAGATAGTGAGTGTTCCTAGTTGGGGCTAGCTGATGGGGATGGCTCACGGAATTTCAAAATCAGGTCGATGGTTCCTTGGAGAAATTGGAGAGCACCGATTGCCAAATTTGCGATCCAAAATTTCCGAGAGAGTTGAAACAAGTCTGGCTCAGGTCCGACGATTTCCAGCTGTCGGAAACAAGCGTACAGTTCCCCGGAATCTCCCGCGTCCGGCAGGAGAAGATTGGCGGCTAAAAATGTGAGGCCGCCAAGCCATAGCAAGGGAATCATTCGCCAAGGTGCGACCCAAAGCCAAAGTACGTAGAATATGTTGAAAGAAGCATAAATGAAATAATAGGGGATCAGAACGACAGCGAACATGAAACGATACCAGCCAAAATTAAACAGAAAGGAAAGGGCTGCAATGATGAGAACGGCAAACAAAAAAATACCGTTGATGGCGAGCATCCATTTGCGGGAGAAAAAGTTCCTTAGATCCATTCTTGCCTCCAATGATTTTGATGTAGCCCTCGGTGCGTCTCCAGCAAAATAATTGCTATGGAATCAAAGGCATGCATCGATTTCGTGGGAGGATTGTAAGTGTCGATTCTCCCCGCCTGCAAGTTCTTCATGGGACGGATCGGAATTTCAAGAAGTCATCATAAAAATCGACCGTGATCGATGATCCGGAGTTTTGCCTCCACAAATTATCGAAATCTGTCAGGAATTTTATGATCTCCAGGCAGGATGACTTGGGGTGGATTTGCAGATCAATCCTTCCGTTTGGGAGCTTTGGGTTTTTTACGACATCGATCAAAGCGATCATTTCCTCTGTGGAATAACGGGACCCCATCATGTACATTCGTTCTTTGATCTCGTTTTGGACCAAGAATTTTTCAAAGGCGGTATCTTTAAATGCCTGGTGGAATTTTGTTGTGTACGGCCAAAAATTGGTTCGTCTTACAATGATGCTGTCTGGATTGATAAAAATGCTCGCTCGCTGGTGGCTCGTGTCATACTTGTCATAAAAGAAAATGGTTTTTGTGGCTGAAATGGCAGGCTTAAGGAAACGGAACGTGTTGTTTTTGGTGCATTCCATCGAAATACGTTTGAAGCCGGAGTTCTGTGCGGTGAGGATCAATGGCTTCCAAACGGCGAATAATTGGCCTTCAGGAATTTTGATGTGAAGGGTGCGTGTTGAGTCGGTTGAAAGTGCTTGAAGTTTTGATTTTAACGGCAGTACCACAAATTGATTGTATTCGTGTCTCGGGAAATCCGGAAGTCCATCTTTCGGGTTGGTGATCA
CP064986.1_gap77	3971094	3973945	2851	AAGGCTTTTCTGAAAATGTTCAGCTGTTCTGGCGTCATGGCTGTGATCCTTATTTTTGCTTTGAAGCGCGATTCTTTTCGGCTGCGCCGGGCTTATTTCCGGGGCGGCCCGGGTGCCGTATTCACGGGGCTGCCGCGCCCCGTGACCCGCGGCCCAAGGGGCTCCGGCGCCCCTTGGGGATCCGCCGCCGGGGGGCTCTAGCTGGAACGGCCATGCCAATTCGGCCAGGTCAACGTAGGGACGCAACATTTTGCGTCCCAGCAAAGGGCATCAGGGACGCGATCGGTATCATCATGGGATTGGCCGTTCCATTTTTCGAGCCCCCCGGACCCCCTCAGTTCGGCCAGCGGCATTTGATTGCCGGTTTCTCGCCCGGCGCCGCTTCTCTGGCCGGGTGTCGATCACTTGGGTGAATCCTGTTCGGTAGACGATTCCATAGATTGTTTTGAGGGTCTCGCTGCCTTGCAGACAATAATCGTCAATTTCGTAGGTGCTGTTTTGTGTCCGGATCAAGAGGTTTGAACTCGGTGCATCCGTGGCCTCGCATTTGTATTTCATCGAGTGGCTCGTTACTTTCAGCTTTTTGACGGCGGCATACAGTTCTTTGAGTTCATTCTGGCTGAGGGAGTATTTCGAGCCTTTGCGTTTTGGGTCATAAAAGGTTTTATCGAAAGAATTGACGTTGGAAACAAAATCGACGTCGCCAGAGATGTTGGGGAAGTCATCCGATTCTACACCAAATGCGCTCAAGTGGCATTTGATGCTGAGGATCGAATCGCGGTCGCCTAGCGTTTCTTTGCCTTTTGTCTCCGAACGATTGCAGGACCATAGCGCGATCAGTAATGGGAGGAATTTGGCGAGGTTTTTCATGGGTTGTACGCCTTCACCTTGCCAGCTCCTTTGCCAAAATTCGTCGTTGGCCCGCCTCTGTAGGGGTGGCGATCGTGGTGTCGCGGGAAAATTCAAAATGGGCAACGCCATTCCAGTAGACCAGGATGCGGTGGCCTTTCCGGGGGAGGAGGATGGGCTCCTCACCATACTCCACGATCGAGTCCTGAAGGAGTTTGCCGTTTCGGAAAAGTCTCTGGTTGCTTGTTCCCACGACATACACGGCAGGACTGCGCGAGTACAGCTTCTGGTGCATGAGGATCGAGTCGTATGTCCTCTTGGTCATCGTATCCCTGCGAAAGAACCAAGCATATTCGCGGCTGGTATCCGAGGGACCACCGGATTGGGTGATCGACACTTTGACGTCGGCCTTGCCGGTATCGCACCGCACGAAGTCATATTCGATCGCGTTGTCATACTGCGCATGGTAGGGCGCCAGACCGTTCATCGTGTAGGCCTGCGCCTCCTTGCCGAAAAACGTCAAGAGGGTGCAGCACAGTAATGGCCAGACGTTCGGGCTGCGGACTGGCCGCTGGCATCGCTCTTGTGAAGGGAGCCCATCTTCCGTCTTCATGTGGCGTTGACCTGTAACAGCCTGGGGCGGTTTCGCATGCGGATGGATCACCTTGTCACGGCCGTGGTGCCGTGAGGAATGTGTGAGGCTGGTCGTGGAGTGGAAGGTAGACAGGATTGGGCGAGGACGTTTGATGGTTTCCACTGGTCGGGGTGGATTGGAGGGTGGCGCGTTTGGAGCGTGGTGGAGATCCGGCACCAGACCAGTTGAGGACGAGGGAGCCCGAAGGATTGGTGCGCCCGGGTGCATGGCGAGCGCAATGATGTGCTAAAACCCTGGGTTCTCGTTGAAGATGCTGATGCTGAAGGAGTCTATGAGGCAGGCGTTGCTTATTCTGAAGGATAATTTTATGTGTTTATCAGGTAAATGCAAGTTTGAAATATCATTGTCGTATTTGTCTGCTCGGATTTCGTATTTGATGCTGTTTTTGGTGTAAAACGACTCGAATTCATCCTGGTCGAATTTGGTGAATTGGTCTTTGCTGTACTTGATCCTGCTGTTGCTTTTGAAGATGTCGTCCGCATCAGAAAAGATCTGATAGATCTGGTGGTTTTGGAAATAGAATTCCATGTTGCCGTATTTCCATATTTCAGCCATTTCTTGGGGTGCCTCGGATGAATAGTTGTCCGGGGGTCCGAGAGATGCGAATATTTCACTTCTGGTGGTCCCCAGTTGGGATTCTCCAAATCTTCCCAATAATAGCACGTCATGAATGTCGATTTGTATTGGGTTCATGATCAGGCTATTCTGTCAGGTTGAATAGGGGAATGGAGCTTCTGATAAGTGGGTAGCTTTGTTTGGTAGCAGCATTTCATCGCTTGTTTTTGATCCAATTTACATTCCTAAAACCCAGACAATCCCGGAATCACTTTTTGCCATCTTGAGAAACTTGATGAGATCCTTGCCGGATGAAGCATCATAGTGTCCTTTGCGGAAGAGTCAAAATATAGAGTCTTTCGATGGTGATTGCCATTGGGACCGATGGCGACGAGGTTCGCCAAAAATTGTCCAGTCGCCTTTGCGTGCCGGGATCGGGGCTGGGGGGGGGATGATCACCATAGCGATGGATTTCCACCATTGGCCGCATAAATCAAATTTCCAGACTGGGCGTCGAAGATGGCATTGTTCCTGATGAATCTATCGAGGCTCGGATGCCATTCCACGCCTTCTAGGATATCCAGACGTTTTGCCTTGTTGAAGGCTTTTGTGAAGGTCCCGTCGACATCCAGAAAGCGAGGGACTTCCACGCGATCGCCGCGGAGCCGGAAGGGAATTTCCCCGATATTGTGGACAAACGTACGAAGTGTTGCGGTATCGCCTGAATCCATGAAGCGGGAGACTGTTCCATTCGATAAAATTTTAGCGTATTGGATGGATCCCCAGTCACGT
CP064986.1_gap78	3983252	3986179	2927	AAAGTATAGCCCATGGCGAGGAACAAAAGCACAAAGAGGGCGGTGCTCCGGATGGAGTGATTGAAGTACCATTTTTGCCACTCGTGGCAATGGCCACACTTCTTCGCTGAATCCGGAATTTCGTTCTGGCAGTACTTGCAATTTTTCATGGGTGGGCCTGGTGGTTATTTTTTGATGGGCGGTTTGCGCATGGTTTTTGAGCTATGCCCGAATGCATTATAAACATCGCGCTCAGTCTTTGCAGCTTCCTCGACATCGAATCCCTCTTTATGAATGGAATCTTTAAAGCATTTATGCAAATCGATCATGAAATTCGAAAGTTCTGGTGGTAAAAAGTTGTTCATGTACGTTTTCTTTGAGCGCTGATTCTGCGTTAGAATAAAGTAGCGCTGTGTGCCATCGAAAATATCATTTGAATAATATGCGGCGATGCCCTCTAAAGAATTTGTTTTGATTGATGCTGAAAGGAGAGCATTTGCGGTTGAATCAAGTGGCTTTTCGGCTTTGGTGTATGCTCCAGCCCACGTTTGCTTGCCGTCAATAATTGTGTCTCTTTTTTGGTAGACGATCTTTTCGATGGATCCAGGGGAATGAATGGAATAGATTTCCATGGCTTTTCCGAAGCTCGATGCCATGATGATCATCTCGAAAGGAGCATTGCTGATGAATTTAAAATTGCCTGTGTCGGGGGTGATATCGGTGGCGCAGTTTGCGGTGGATAAATCTGGGTTCGCTATTTTGACCGCAGCAATCTTGGAGTCGTGTCGCTGAAGTTCGATTTTGAGCGGTTCAAGTTTCCGTTTACACCGATCGCTCTTCAAGGAATCGAACATTGCTTTACACTTGTCGCTTCTGCGCTTTCCGATTCGTTGATCTGTTTGATTGAATCGAATTCAAGCGCGATGATCCTTCGTGCGGAATCAATGAACTTCCATTTTTTGGGCGCAATCATGATCGGCGATGCTTGCTCCAGCAAGGTTCGACACCGCAACGGCGAGGATGATTTGGATCCACATGCTAGTCAAAATACGTCTGAACCTGAAATGAGGACGATGTGAATTCGGCTGCGCCTGGCTTTTTCCGGGCGCGGGCCTGGAGGCCGTTTCTTTCGGCTGGCGCCGGTGCTTCTATCGGCTGCGCCGAGGCTTTTCCAGGCGCGGGCCTGGTTGCCGTTTCCTGGGTGCGTCGGCACCCAGACCCCGACCCAGGGCATTCGCATAACCTCCCATCCGGCGAACTCGCCGGATGGGAACCCTGCGCGTCCCCTGACAGGGTTCCCATTTGCATCGCATCGATGCAAATGGGAGGGCAATGCAACGCGGCGCGCCGGGGGGCTCTAGCTGGAACGGCCACGCCGGACCGCTGGGACGGCTGGGAAATGGAAGCCGAGGCATTGGTCGATGGCATCAGGGACGCGATCGATATCCTCATGACACTGGCCGTTCCATTATTCGAGCCCCCCGGTCCCCCTCGGCCAGTTTGAATGCCCGTGTGGTCGATAGCCCGAAACACCGAAACCCTCTCCCCTTTTTGGGGAGAGGGGGAGGGTGAGGGCACTACCCCTCCCTTCCCGCCAACCCCAGCCACCTCCGACAACCCAGGTTCGCCGACCCGGACCCGCTTCGCTGGCCGGGGATGGTGCGGAAGTTCTAGTGACAATTTCTGGCATCGCCTTGATGGGCTGGCTTTTCCTCTGGAGAACCAATGCCCTTGGCGGTCAGAAGATGTTGTTGTTGCTGGCTGTGACGATGGAGAGCGACGCCTTCCTTCCAGCGTCGAGCAGGCTAGGGCTCTAGCGGATGAGCCGTGATCGCGACGCCTTCCTCACTAGGGTCCGCGATAGGTGAACTTGACGTGGCCATCGTTCTTGTCGCCGGTCTCGAGGTGGACTTCCGTGAACTGGATGGCGTAGCCGAGGTGGGGACCCATTCGCTTCACCCTCGTGATCCAAACATCGGCTGCGCGCGCCGTGAAGCTGGTGACGGGTGTTCCGGAGAACGCATCCGCGATGGATTGGATCGTCGCGCGATCGAACGAAAAACCGGTTCCGGCACAGACAAAATCCGTCGCATTCCCAGCCTTGAGCGTCCCGTCGAAGCGCCCTTCACCGACCGTTGCGTCCGTCAGGTCCTTGGCCACGGTATCGCTGGAGGAGCTGATCGGCACGCGATCCAGCAAGGCGAAGGCGCTCGGATTGCCGGAGGAACGGCTGTGGATCACTCCATTGGAATGGATCGAGGCGATCGTGTTGGTTTCCGTGCTGACCCCAGAGACAACGAACGAGGTGCTCCGATTCACTCTCCCGAAGGCGTTCTCGATGGTGAGGACCAGATCGTAGCGACCTGGAGTGGCGCGGTCGCTTGCCGCGATTCCCCTCGCCCCCTTGGCGGAGGCCTCCCAGGAGGTGGCGGTGGCGGCGGGCTTGACCCAGATTCCGGCAAGGTCGCCATCTCCGCCGTTTTCCGTGTCCCGTCGGAGAAGTGATCATCCGGGTTCCCAAGCGATGGACGCGTCTCCTGCCTGGTGGTCCCCATTTGGATCGGGCCGAATTTCCCCGTCGATAGGAGGACCTCCAGGTCGATCCGGATTTGTTTCATGGCGCAGATGGGACCTGGATGGGGTCGCGGATGTCGATGAAGCTGCGGCCCAGCAGGCCGGTTTTTATCTGGTATACCATGGACTTCCCATTTAGGTCGGGATCGAAGTGGGTGCTTTGGATTCCTTTGGGGATCGATGCGTGGTATGTCTGACCCAGATCATCCTCGAACTCGTAGGTGAACGAGGTCGCGCCCTTGTATGCGTACGGTTCGGACACGCGGATCATGTGGAGAGTTGTCTCCGCTGTGGATTTGATCCAGAAAGTGTCGGCCATCGATCCCGCAAGCCTGCCTGGTAGGATGAGAACCAGCCATGCCCAGAGGAGGAAA
CP064986.1_gap79	3996400	3998849	2449	CTCTCCTCTTGCTTGGCCTCTTCTTGCGCGGATTCCGTGGCTTGAGCCTCCAGGGCCGCTGCATTTCGCTTGTCGCGGCTTTGCACGGATCCGCCGGGACCCGTGACCCCGGCCAAGGGCATTTGTAAACTCTCCCATCCGGCGAACATGCCGGATGGGAACCCTGCGCGTCCCCTTGCCAGGGTTACCATCCGCATCACCTCGATGTGGATGGGAGGGCGATGCAACGCGCCGCGCCGGGGGGCTCTAGCTGGAACGGCCACACTCGCTTGCCGGGGATGTGGGTGAAATGTCCGTCGAGGCATCGGGTTAGGGCATCAGGGACGCGATCGATAGCCTCATGGCACTGGCCGTTCCAATAACCGAGTCCCCCGGACCCCCTCAATTCTTTCGCGGCACCCGGATGCCAATTTCTGGCATCGCATCGCCGGCCAGGTGCGGGCTGGGCTGGAGGGGGACGTATCGCCGCCGGAAATGGAAGAACGGCGTAGGGACAATCCTTGGATTGTCCTGAATTTGGGGGCGACCACGGCGGCGTAGGCAGGTGTACCAACCGCTGCGGTCGATTGGTCACCGTAGGTGACAAGGGCGACAGCCTGGTGGAATGACAATTTACGGCATCGCTTTGCTCGCCGCGTTTGGGCTGGTGGGGGATTGGTTCAGGATTCCAGGGTGGCGAGGAGGAGGGATCCGGGGTACTGGGCGAGGGTGGGGAATGGGTGGCGGTGGTAGCAAGCCCTGTAGCTTGCGAGCCGGGCGCGGGTCAGGGCGTGGAATTTCGGGTTTTGGTGGAGAAATTCCGCATAGATCTCCCGATGCTTTGGCTGGATCCCCTCTTGCACGGCGTGGATGATCTCGAGGACGTATTCGCCGAGTAGTTGGACGACGAACGGTGCCGTCCAAAAATCGGCATCCTGGAGAAGCAGCTGCCGTACCATTTTCTCGCGCACGAAGCCGTTGTCGTGCCGGGTGAGCAAGCAGGTGAGGATGGTTTTCTGGCGATCCGTGAGGTGTTGCAAGGTCCCTACGCTGGGCTCCGCGAAGTAGATCCGAAAGGGGATGCGAACCACCTCTCCTCGCAGCGTGACGGGTCCGATGTCGCCCAGGCTTGGGCCAAGCCGGCTTGGAGGAAGGATCCGTGCAACGGCCTCGACATCGGTCGAGCACACCGCAGGAAAAGCCCCGATCCATCGATGGAGAAGGTCCGTACTCACGGAAGGGGAAGATAGGACGAAATTGGTGGTCGCCTTTGTGGAGACCGACGCACACGGCATGGAGGCGGGTAGGCGGGCAAGGCTAGCCTCAATTCAGGCCGGGTGGGGTTTCACACTTCCCTGGCACATACCGCCGAGTTGAGGAGCAGGCGGTTAGGAGATCAGGCCCGCTTCGCGCAAATCAGTCCTTGATGCATCGGATGCTATAGCCGTTTTCCTTGCTGGACACCATAGTTGCCGACAATGAAGGTCCGGTCAACAAAGTGAAATACGAGGCACTTGCAGGGCTGTTCTCCGAAGAGCTCCAAAAATTCGCAGCACTATTCACAAAAAAGTAGGAGTTGGAGCTTGTGCGTTCCCCGCCAGGCTGAGCAGAGAACCCAACGAAATCTGTTCCGTTTTTCCCCTCCAGCCAATTCGCAGTTGATTTGAGCTCTGTGCTGACTTCGTCCAAGTTCTTGAAGTTGGCCTCGAGTATGCGCCAATCAACGAAGCTTGGAATGTGCCAACCGCTCGGGCAAATTCCCTGATTCTTCTCTCTGACCTGTCTTCCACAGAGTTTCGATTCACAAGAATCATGAAGATTCATCGCCCCTTGCCAAGTGTACAGAAGGCCGTACTTTGCACCGCTGTCTGCGCTCCCTTTGTACCACCAGGAACTGTCGATCTTGTATCTCAAGTTCTCTGCCATCCACGTCTGCGTTCCGATCGTTACGGTTTTATAGACCACACCTGCGTATTTCATGGTGCCGAAGTAGGTGAACATCGCAGACCCGACAGGGCTTGCCGCCATACCGGTCTTCACGGCGATGGCGTTCAACGTCTGTGCCGAGCTCACGGTAACCGGAGATGTGTACTTGGTCGAGGAGGTCGACGGGGCCTTACCATCCGTCGTGTAGTAGATGGAAGCTCCTTCGGTTGCAGAGCTGATCGTCACCGACTGGGGTTCGGAGTACGCCCCTCCAGAAGGACTTAAAATCGGCGCGATGGCGGTATCAGGAGTTTGGATCGTAAAATTCGCCGTACCAACAGAGCTCGTCACCATATCCGATTTCAATGCGAGTGCTTTCAGCGTCATGCTTGCGCTCACCGTCACCGGGGTGGTGTATTTCGTTGCTGTGATCGATGGAGTGCTGCCGTCCACTGTGTAGTAGATCGTCGCGCCACTTGTGGCGGAGCTGATCGTCACCGTCTGGGCAGCAGAAAAGTTGCCTCCAGATGGGCTAAACACAGGC
CP064986.1_gap80	4022880	4023716	836	ACATGTCAATGTCTTCATTTTTAACTTCGATAGAAAAGTTGACGTTGGAGTTTGTGTTTTCTCTAACTGAAATCGTCGCTCGTATTCCCAATACAGATTTTGTAAGTGCTTTGTACACTTCGTTGATCTTTTCAAATTTTTTGTTCTGGCTATTTAATTCCGAGCGCAGTTCATTCGCATTGATTGCCCGTTGAATCTCAATGACATTCTTCCTTTCGACAAACTCCTCTTTGCTTTTCTTAAATACCGCGATAGTTAATACACTCAACTCTTTCTCTACTTCGATTAATCGGCTTTGTAGTCCTTCGTACTCCTCTTTATAGTCTCGCTTGGTGAGGATCTGATTATACTTGGATCGCAATTGCGATAGTCTTTGAAGTTCGGGAAGTAGTCTTTCGATTTCAAGTTGTAGCCTCGCTTGGATGCTTCCGAGCATCGACTTCCTAGATACGATTAGTTTTCGATTAAATTCAACCAGGTCAGCGAAATTTCTTTTGATATTTTCCGCAAACAATATACCGCACTCTGCATAGATTTTCTGAATCTCATCAATATCGAAACTGCTACTCTTTTGAAGAGCCAGTGACTCATTGACTTTTTGTAGATCGGACTCTCTTGAGGTTATTTTTATACGTGCCGATGAGATTCCAGAAGATAAGGCTGTGATTTTGGTTGAAAAGATGCTTTTCTCATATTGAAAAAAATCAAATTTGGCCAAACCAGCACGAATCTCTTCTGCCTCCAATTTTAACCTTTCAATAATCTCAGAGCGGTCAGAATCTTTTATGTCAGCACTTTCAATTGCTTTTATTACGGCATCCACAGCATTGTAATCG
CP064986.1_gap81	4026529	4027399	870	AGAAAGCCCCCTCACCGCGTGAGAACCCTTCGCCAGAAAATTATCGAGCCCCGTCACCCGTTGAGAACGCCACCGCACTCCGTGAGGAACCACCGTAAGAAAATGACCACGCCTGGTCGGATCGTGAGGAAAGCCCAGCAAGTTTTGAGGATGCTCCGTCGGAGAAATATCCCCCTCCGTGAGAACGTCTCGACGCCCCGTCGAAAAAAAGTTCTTGCGTTTTCTGTCAACGCCCCTATAGATTGAAAATGTCGGCCTTTTCCTCCCCGGACGGGGCATCGACGATTCCCCCAAAAATCCCCAACTCCCATCAGGAGTGTGCAATATGCGTACGACAGAAACCGGCCACGCCCGTAACGTGACCAACTTTGTTGAACTCGTTTCCACGTGCGAATCGTTTGGCAGCGCCTACCAGCCCGCGCGCCCCAGCCTCAAGATCGAGGGCCTGCGTGCTTTGCGCGACGAGAGCATCGCGGCGGTGGACGCCTACCAGGTCGCCAATGCCGCTTGGTGCGCGGCGGTGGTCGACCGAGCCAATGCCTTCGAAGAGTTTGGCCCCAAGATCACCCGGATCAACAACGCCATAAAGGCCTCCGAATCCAGTGAACGGCTGGACGACCGCATCGCGCTGGTGGTCCGCCGTCTGCGCGGCGCCCGCTCCAGCGCCGCTGTCGCGCCTCAAGCAGAAATCGCCGTGGAACCAACGGATCCCGCCGTTCCCGCCAAGAAGTCGAATTCCGTTTCCCACACGGCCTTCGCCGACCGTCTGATCGACCTGGGGCAGCTCCTCAAGTTCATCGCCGAGATCCCCGCATACGCCCCGAATGAAGCCGACATGTCGTTGGCCTCCCTGGAAGCGTGGCGCCAAGA
CP064986.1_gap82	4150774	4153794	3020	CCCCGCCGAGCTGGCGGGTGATCGAACGGGTGACCAGGAGCCCCATCCCGAAGGCGACGAGGATGGCGACCGCGATGGCGCCAGAAAGTGTCGTCGATGCCTTTTCCGAAGATTCCAGCGCCTGTCGGTTGGTGCTCGCGGCGGCGCTGTCGTTGATGGTGATCAACGTGTCGAGGAGGTTGGACATGGCGGTGGTGGCCAGGCGCATGCTGCCGTTGGAGGTGGCGGCGGCCGCTTCGAATTTTCCTTCGTTGGATTGGCTGGCGATGGAATCGCAGGTTTCCAGGTAGCGGGGGAGCGCGATGTCCACCTTGGACCCGATCCGGGTCTCTTCGGGGGTCGTGGCGATTTTGCGGTAATCGGCGAAGGCCGATTTCAGGATGTCCATGTGCTTGTCGGCGCGCTTGATGGCGTCGCGTCGTTCGATGGAATCCTTGAGCGCCGGGACTCGCGAAAACACTCGGCTGTGCGAGGCGGCCCGCAGCTGGACCTCGCCGAGCTTTCGGATGGACGTGAGGTTGTTCTTGTAGGTGGATTCGAGTTGTCCGTGCATCTTGCGGATTTCACCCAGGGCGTAGAGGCCCACGATCGCTGTCAGCACCGTGCAGGAAAAGAACGCGAAGAACAGTCGATGCGCCAGTTTGAGTTTTCCCAACGAGTTCATGGGGATTCCCCTGTTTGTGGTTTTTGATTCCTGTTTGGAAGTCTGGAGTTCCGGAAGGGCCTGGTGGCTTGGATCATGGGGAGGACTCGCGGTCCACCCACCTGGAGGCCAGTTCGGACATTTCGGTGATGGAAAGGCTTTGTTGGACGTCCAGGGCGATCACGAAGCGGTCGCCGAGGTTCAGAAGGGCCTCGACAAAATCTGCGCGGATCTTGGTTCCGAAGGCCGGGCGGGTTTCGATCTTGGACGGATCCACCGGGACCACTTCGTTCACCGCGTTCACGATCACGCCCAACGGGAAGGTTTCCTCGCCGGTGCCCACCTCCACGATCACGATGCAGGTCCGCCGTCCGATTTCCGTCATGCCGTTTCCGAATCTGGACTGGAGATCCACCACCGGGATGACGGCTCCGCGGAGGTTGGTCACGCCGCGCAGGAAGGAGGGCATCAGCGGGATCAGCGTGAGGGTGTGGAACTCCACGATCTCGCGGATCTTGCCGATGGCGATGGCGTAGGTGTCGCCGCCCAGCATGAAGGTCAGATATTGCTTGGCTTCCGCCTCGGGGGTCCGTTCCCGGCGGGCGGAGTTCATCATGGAGCGGGAGTTCGACTTGGTGGACATCGTCATGGGGTTCTCCTCGGGAAGCCTTCGAAGCTCCCTAAGTGGTTCTGGCGATCAGGTCGCATGGGAGAGTGCCTTGGTTTCGCTCGCGCTGGGCAGCGAGGCCGAGGTCGGGGCCCAACGCGTCGTTTCCACGCGTTCGATGCGTTGGACCAGCGCAGGCACGTCCAGGATGAGCGCGATTTCGCCGGTCCCCAGGATGGTGGATCCTCCCACACCGGGAACCTTGGAAAACAGCCTGGACAGCGGCTTGATGACGGCTTGAAATTCGCCGAGGAGTCCTTCCACCACCAATCCGAGGCGTTTGCCTCCGTACTCCACCACCACGATGTTTTCGCGTGCGGGAGCCTGGCCTGGAATGTGGAACAGTTCCCGCAGGCGCACCAAGGGGAGAGGTTCTCCTCGGAGGTTGGCGATCCCGCGACCCTGTTCCCGGATGGCCACTTCCCTGGGGAGGTCGGCGCATTCGATGACCAGATCCAGCGGCACCACGAACGATCGGTCTTCGACGGCCACCATGAAGCCATCGATGATGGCCAAGGTCAGCGGCATGCGCAATCGGATTTCCGTACCCACGCCTTCTTCGCTTTCGATCTCGATTTCGCCGCGGAGCGATTCGATGCTGCGCTTGACCACGTCCATTCCCACCCCGCGCCCGGACAGGTTGGTCACGGTTTGGGAGGTGCTGAATCCGGGCTCGAAAATCAGGTTCAAGATTTCCCGATCGGACAGATTGTGGTTGTGCGGCACGATTCCCCGTTCGATCGCGCGCTCCAGAACCCGTTGGCGATGGATGCCGGCTCCGTCGTCGGCGACCTCGATCACGATGCTTCCCGTGTCGTGGTAGGCGTTGAACCGGATCGTCCCTTGGGCGGGTTTCCCCGCGGCCAGCCGGGTGGATTCCAGTTCCATGCCGTGGTCCAGGGAATTGCGGACCATGTGGGTCAGGGGTTCGGCCAGGCGTTCGACCATGGATTTGTCCAGTTCGGTTTCCGCGCCCTGGATGTCCAGCTCCACCCGCTTTCCCAGCTCCATGGAAAGGTCGCGCACCAGACGCGGGAAGCGCTGGAACACCTCGCCGATGGGCACCATCCGCACGCCCAAGGCGGCATCGCGGATTTCTTCCACGAGCTTGGACACCATTCCCACGGCTTCCTCGACGGGTGCCGACTTCTCGCGATCAGCCGCGATCTTGGCGCCTGCGGCGGCGATGACGAGCTCACCCACCAGATCGATCAGATGATCGAGCTTCGCCACGTCCACCTTCACCGACCGGCTTTCCTGGATGGTTTTTTCGCGGGACACTTTCTGTTTTTGCAAGGCGGCGGCCACCACCACTGGCGGCACGAAATGTTCCTTGACGAGCATTTCTCCGAGGGGAGGTTTGCCGGTTGCCGTGTTCACTTGCATCCGCAGAACGCGTGCGAGTTCGGCTTCCGTCAGGGCTCCGCAGGAGAGCAGGATTTCTCCCAGGCGGTTGGGGCTTTCCGGCAGCGAGCGGATCAGTTCCAGATAGGTTTCGATCTTGCTGTGGGGCGGGAGGATGCGGATCGTGGATCCTTCCGCGACGAATTCGAAGACCCCTTCGATGTCCTTGCGGGTCGCTTCGGAGATGAATTGGATCTCGAAACCCAGATAGAGGTTTTCCGGATCCATCTTGGCTGGCGGTGGGAGAAGATCGTCGATGACGTCAATCTGCACGATCCGGCCCAGTGTGGCCATGTACCGGAAGAA
CP064986.1_gap83	4306446	4307410	964	AGCACGAGCGGTTTCATGCAGAGATTCTTCGGTATCCAACGAATTCTTACGATGGATGATCCGAAATCGAAATTCCACGAACCTGTCAGGTTTCGGTAAGTCTGCCGAGCCGGACACATCGCACGCTACGCGAATAGGGCGCGCCAAGTCCAGCGGTGCCGGATCTAAGAACCGGCAATTGGACAGTGAGAGCGTGACGGAGGCCGTGGACTGGGCTTCTTCCGGCCATGGGTCTTCCTCGCGGGTTTGAGCGAGGTACTGCGTGGTGTCGTAGACCTTTTTGGTCTGGTCCACTTTGCCGCGCTGGGTTTTGGCGATAATAGCATCCCAGTTGACCTCGCCGCCGGGCTTGGCCGTGGAGATGTCCATCAGCATCGGCTCTTTCTTGCCGTGCTGATGGTTGCGATCAAATGGCGGAGCCATGGGAATTCCTTGGGGGAGTTGGAATCGAGTGCCGGGAATCAGATCAAGGGGCGGGGATGCGAGCTTCGAGGGCGTTTATTCGTTCTTGTTGTGCGATGGCGTGGAGCGTCAGCTCCTCGACCTTCTGTAGAAGGACCTGATTCATTTGGACCAAATCCATGCCGGTCTTCTCGACGTCCTTTGCGCTGGGAACATTGGGAAGGTGACCGTTTTGAGAGATGAAAGCTTTGGTTTCAGAGAGGGGCTGGAGCTTATAGGTAGGGGAGAAGACAAAATCTGGGAACGATTTGGTTGGGGCAATTAGCGTGCCTGTAAGTTTGATGTTTCCTAAGACTTGAATGCCTTGATCAACTCCAGGATTCAGAGTAGAAGAATTTATGGTGAGGATATCTTCTCTCTCGTTCGTTGAATAGTTCGTAATCATAGAGAAGGCAAACATTCCATTTCTGTTGAATGAAAGTGAGTTGCCATAAATCCGGGATAACGAGTTATAGAAGTTCAAGCCGCCAGCAGTCATTTCAAGGTGGCCTATTGCAAAATC
CP064986.1_gap84	4342568	4344038	1470	CCACCACGCCCTTGCCACCATGACGGATCGCGTTGACCAGGAGATTGGTCAGAATCTGTCTCAGGCGAAGCGGGTCGGCGAGCATCGCCGGAAGATCGCTTCCCATGTGGTTGACGATGCGCGAGCCGTTTTTCAGCGCCTGCAATTCCAAGGATTGCGCCACCCCCTGGACCATTTCGCCGGGGTCGACCGTCTTGGGGTCCACGGACAGCGCACCGGCGCGGCCACGCGCGAAATCCAGGACATCTTCGATCAGGGCCAGAAGTTGTCTGCCGTTTCGCTCGGCGACATCCAGCAGATGGGCGGTTCGCTCCGGATCCTTGCCTTCGCGCAGCGTTTCCAACACTCCCAGGACGACCGCCAACGGCGTGCGCAACTCGTGGCTCATGGAGGCGAGGAAATCTTCGCGCGCCCGCAAGGCGCGCCCCAACTCCGCATTGGCTTCCTCGAGTTCGGCGGTCCGCTCCCGGACCCGGTCTTCCAGGTCGCGAGCCAGTTCGCGCAAGGCCGATTCCGCTTCGTGTCGACGCGTGATGTCGGTGCACATCGCGAAAAATCCCGTGGTGGCCCCGGATTCGGATCGAATGGGGCTGGCCGAAACGATGGCCCAGGCGATCTTTCCATCGGCGCGAGGAAGCCTGCCCTCGAACACCACGGAATGGCCTTCCAGGAGGGTCTGCAGGACTTCCAGGCGTTTCTCCGCGGCGGCGGGAAGGATTTCCAGGAAGGACCGGGATTCCAGATCGTGGCCGCTCGCCCCGATCAGTTCGGCCATGCGCTCGTTGGCGAAGGTGGTGCGTCCGGCGATGTCGGAGGTCCAGATGCCTTCCTGCGAGGTTTCCAGAATTTGTCTGAATCGGCTCTCGCTCTGCTGCAAGGCCTGGAGGGCTTCGCGGAACTCGGTGCGATCGGCAAGCGACGCCACCCGCAGGTCCGTTCCCAGGATGGCCTCCACGGTGACGTCCACCCAGTGCTCCCGGCCCGTGGTGTCGAATACCCGGCATTCGACGCGGCCCTGGTCCTTCGAAGGATCCTCCTGGCGCAAGCGGTGGCGCTCCTGGAGGACGCCGAGATCCTCCGGATGGACAAATTCCGTCCACTTGCGACGTCCCTCCACCGACGCCCTGGCGATTCCCACCATGCGTTCGGTGGCGCCGTTGACCATGTGGATCAGGTGGTCGCCGCCGTAGAGGATCAGCGCCGTTCCGGAGGCCTCGAAAACGGCCCTGTAGCGTCCTTCGGATTCGGCCAAGGTGCGCGCCGTGGCGCTCAGGTCGCGTTCGCGGTCCCGTCTTTGGCGATCCAGCCAATCGAGGTCCCGCTTGACCGAAACCCAGGCATCCACGACATCGTGGAATGGATGGGACAGCGCCAGAGGGTTGGCGGTTTCCTGATCGCTGTCCCAGGGCATTTCCGAAACGACATGCCGCAGCTCCTCCGCGTAACCGCGCAGCAGAAACGCCGGAATCG
CP064986.1_gap85	4355829	4359009	3180	CGGCGATCAGAGCCAGGGAATCATGCTTTTTCCCCACGCGCATGAGGTTGGTGGAAACGATCAGGTTGGCGGTCGCGGAAATGGCCATGATCAACATGCCCCATCCCGGCGCCTCCACACCGCCGCCCACGCGCAGCTTGTGAACCGCCTCGTAGATGATCCAGATGGCCGCGACAAAGATCAGCGCCCCTTCCACCGCACCGGACAGGTTCTCGTATTTGCCATGGCCGTAGGGGTGTTCTTTGTCGGCCGGCTGTCCGGAAGCGCGCACGGCAAACCAGGCGATGATCGCGGCCAACAGATCCACCGCGCTGTGGATGGCCTCGGAGATGACAGAAACCGACCCGATGGCGATTCCCGCCACCATCTTTCCCACCACCAGAATCGCGTTGGAGCCGACGGAAATGGCGGCGGCCGTGGACTTTTCTCGATTCTTCTCTTGGTTCACCTGCGAACACCCTTCCCCGAAAACGCCACAAATGGTAGTTTCCCGACGTGTTCAACCTGCCATCCGATCCGCCATCGCATCCTGGTGAACCCGGTCACCGAAAATGGATCTGCATGATCTGCGGATGGATCCTCGGCGAGGCTTTGGGAGATCCGACTTGTGGCATCGCTCCCCATACCCCGTTCGAGCAGTATCCATCGGACTGGAAGTGCCCCGAATGCCGTGTGGGAAAGGGCGAATTCGCGCCATTCCTCGACGGCTGAGAGCTTAATGGAGAATGCGTCGCGATCCGATGCGCAGACTGGTGGAATCCAAGGTTCCGCCGTTGGCCCCCGGAATTTGGTAGAGCACCCGCAGGCGTGAGGAATCCTTCGCCGTGTCGGCCCAACTCCACTCCACCGCCACGGCATTGGAATCGGCGAAGGTGCGCACCCAGGCGGTGATCAAGCCTTGGCGATCCACCTGTTCACCGCGCAGGGTCGCGTTCCAATCGATGCAACCGGACATGGACTCGATCGCCTCATCTGCGGTTCGCAGGGAATCGCGGTAGCGCGCGACGGAGGAATCCAGGCTATGGGCGGAGCGCTCCACACGCGCTCGCACGAGCGAATCCGCCTGGGCGGAATCGAGCTTGCCGGAAATCCGCAGCCACTGGACCTCCAACCGGTCGTCCTCGGCCGAACGTCCGACAGAATCCGTCATCGGATGGGGGGTGCAGGTGGCATCCGGGGTCTTGCAGGAAGCCAAGAGGCAGAGGGACGCGAGGGCGCAAAGAGGGGAAAGCGGCGATGGACGCATGCTAGAACACTCCTTATCGGACCCGGAACCTCTGGGCCTGGGTCTTTTCGAACAAACCGAACGCGAAGGCGAACCCGGCACCACTCGCCGGGCTCCATGTCAGATGGGTGCGAACGCGTTCCACGAAGGGAACGATCCCGTCCAGTCCCGCGAACAAGCCGTACTCGCCGGCCAGGGGGGATGCGCCCCATACGGTGGCGAAATCGACTCCGCCCGCCGCCTGGAGGCCACCATACAGATTTTGTCCGACCACTCGCACCGGCCTGACCGGGAGCAAGGTCCACCGGGCCTCGAGGGTGGCGAGATCCTCCGAGGGCGCCACCGCCCACGCCCCGGGCAAGCCACGGGCGGAGTTCACGCCTCCGACCACGAAGGTGCGCCATCCGCCGGTCTTTCCGACCTGGTGTTCCAGCAGATTGGAGGCCAGCAGGGAAAAGCGCCCAGCGACAGGAATCCACATCCGATTGTCGGAAAGGAATTGCCAGGCGTCCACGGGCCCGTGGAGGGGGCGCCCGGCCTTTTCCACAGACCACTCGGTGTACCATCCCCTCGAGGTGAGGGAACGGCGGTCGCGGGTGTCGCGCAGGATCCCGGCGCGAATCGAGGGAATCACGTCCATGCGATCCCTGGAGAGACAGATTCCGTCGCGATCGGATTCCACCTCGACCAGTCGCATCTCGCCCAAAAGCTGCCAAGCGCCGTCCGTGGGGCCCCACAACCGCGCGAACCCCTGGTGGGAAACCTCCTGGTAACCCCGGCCCTCGTCCATCCGTTCCGTGCGCCCCGCCATCGTTTCCCACCCCAGGGGAAGGGTGCCGATACGGGAGGCTTGGAAGCTCGCCTGGAATTCCAACGAGCTCCCGGCCAAGAACAACAGCTCCGCCGCGATCGCCCGGCCCAACAGGTTGGGCGCCTTGAAACCCGCACCCAGCGAAACTCCCTCTTCGTCCGAAATGCGTCCATTGGGCACCGGGAGGATCCAGGGCAGCTCGTTGACCGTGTAGACGAGGGTATCCCCACGCCATGCGCTTTCGATGGAGGCGAAGATCCCCAAGCGATCCATTCTGTCCAGATCGGACTGGACGCACTCTTGCGGACAGGGCTCACCGGCTTTGGCGGTCAAGTAGGGCACCACCACATGGGGCCGCGTGACCTGCAGCCCCACCAACTCCACCTCGCGGGGCACCCTGGAGCTGTCCGGTGCTTGGCCTCCCAGTAGAGCGCCAAGCCACAAAAGGAGCAATTCTCGCATTTCCCTATTGTTCCTGTATGCTGTATAGGATTATATTGTTCTCACGATGAAGGTGACCACCAAAACGATCTACGCCATGCAGATTCTGCTGGCCCTGGCCGAGCGAGCAAAATCGTCTCGATCCCCCATCCAATTGCGGGAGATTGCGGAAACCTACAACCTTCCTTTCAAATTCTTGGAACAGATCGCCATTGTTTTGAAGGGCGCCGGCTGGATCCACGGCCAGCGTGGCAAGGAAGGCGGATATGTTCTGGCCGTCCCTGCCGAGCAGATCACGCTTTCCGACCTTCTCCGCCAGTTGGAAGGAGATGCCCAAAAGCGCACGTCCTTTGGGAAGCCGGACGAGGAAGCGATCTACGCGCTGTTGGATCGATGTACCCTGGCGGTCGAGGAGATTCTCACCAAAACCAGCCTAGCGGACCTGTTGGCCGACACCACCAGTCGCCGCCCGGATTCCTTGGAATACCAGATCTGAGCCACTGAGGCACATCATGGACTTGACCGAACAGAGCCAAAAGCTCGAGGGCCTGCATCCTCGGGAAATCTTGAAGTGGACTTTCGAAAACCTCCAGAACGTGGTGTTAACCACCGCTTGGCAGCCAAGCGGGATCGTGATCCTGGATTTTCTGCATGATCTGGGTTTGCGTCCACCCGTGATCTTCGTGGATACGCTGTTCCAGTT
CP064986.1_gap86	4370266	4372231	1965	GCGTCGATCAAGGACCGCGCCACCTCCCGCGACGGCGAGTGCACGATCACGGTCTTGCCCATCGGCCTCACCGGCGATTCCGCTTCCAATCCCAGTTCGAGCTCGATCCGGAACACCGATCCCTTGCCCACGATGCTTCGCACCTGGATGTCGCCGTTCATCGCCTGGGCGAGGCGGCGGGAGATCGTCAATCCAAGCCCGGTTCCACCCGTGCGGGCGGTCCGGCCGCCGATCTGCATGAATGGATGGAAGAGTCGGGTCACGCCCTCCGCGGAAATCCCTGGACCGGTATCGGTAACCTCCAGGGAAAAGATCGCCCTCCCTGCCTTTCTGGTCCGACGGGAATGCACACGGACGCATACCGTGCCCCGCTCGGTGAACTTCGATGCGTTCCCGACAATGTTTGACAGAATTTGACGAATACGGCCTTCGTCGCCGTGGACCATCCGGGGAGTGCCGGGATCCCATCTCCACAGGAGATCGACTCCCCGCGCATGTCCCACCGCGGCGAACAAGCCCACCACCTTCTCCACCAGCTCGCGCAGATCGAACGGCGCCTCGCGCAGTTCAAGCCTTCCCGCTTCGATCTTGGCCATGTCCAGGATCTCGTCGAGAATGGACAAAAGCGCCGAGCCCGCGTCGTGGGCTGTCTCCACCATCTCGGTTTGGTCGTCGGAAAGCTCCGTCTGGCGCAGCAATTCCGTCATGCCCAAAATGGCGTTCATGGGGGTGCGGATCTCATGGCTCATGCTGGCCAGGAAATCCCCTTTGGCCCGGCTGGCCAGAGTGGCCTCCTGCAGGGCGGCTTCCAGTTCAAGGCCCATCTTGACCCGGTCGGTGATTTCCATGCACACGCCGGTCACACTGAACCCGTCCTGCATGTTCCCCCGCAGATCCACATCTTCGGTGAACCATTTCCAGTTGCCCTCCACGTCGCGGCACCGGAATTCCTGCCGGTAGTGGGAGATTCCCCGGCGCATGGCCTCCTCGGAACGCCGGTCGCAAACGATGATTTCCTCCGGATCCCGACTTCGATGCCAAGCCTGATGGAATCGCTCTCCAGGCAGGATTTCCAAGGGCAAAAGCTGTTTGGCGACCTCCTCGTTGACCAAGTGGAGGTCCCAGGCGAATCGATCTTGCGAAGCGCAGACCCTGGCATGCCAAAGGATGCATCCGGCCTGGCTCAGCACGGTGTGGAGGGCTTCCACCTCTTCCACCACCGCCGTGACCGGCGAGGCCACGATGACCTTCAACTCGGGATGCCCTGCCAAAACGCTGGAACACAGGCGCCACCGCGAGACTTCCGAAGTCGGCGAGAGGAAAGCCACTTCCGCGCATCCCGCGTGTTCGCAGGAGAGAAATTCCTCGAGGACCGCTCTGCGGTTGGGACAGGCGATTTCCAGGAGATTCCTTCCCTGGAGGGCCCCCATGTTCATCAAGTCCGTTGCCTGGTTGTGGAATTCCACGATGGATCCACGCACCACCAGGACCGGATCCGGCAGTCCCTGGAAAATGCTTTCCATCAATGATTGTGGATTGATGTCCATTCTGCGAACATTGTATCAGATCTATGGCCAAAGCTCCATAAATGGCCTAGATTTTTCTCCACCATGGAAGCGTCCATCACCCTCACTTCGGCGCTGAAATCCCAGAAATTGGATCGGCTCCTCCGGGCCCGACGAATTCTGATCGCCACCGATTTCGATGGGACACTTACATCCCTGGACCAGGATGGTCCGCTAGGCATCCACCCGCTTGCCTGCGAGGCTTTGCATCGGCTCTCGGGCAAGACTTCCGTGCAAATCGCGTTGGTTTCCGGTCGCCGCGGCCTGGACCTGGAAAGCCTGAGCTCGGATCTTCCCGCTTGCTGGAAAATTTCCGACCACGGCAGATGCTGTCGCGACCCTCAAGGCAAACTTCTGGGGGACTGGCCCAGCCATGCCGGAACCGGCCCTTTGGAAAAAG
CP064986.1_gap87	4533853	4535122	1269	ACGATCCAAGGCGTCGTGGGCCGATAAGCCTGGACGGTATCCGTAGGATACTTCCAGGAAGCACGGTTCGAACACCATCGACAGGATCGTATGCAACGCCTTCTGCACCACCCGATCGCGAACGCTCGGAATCCCAAGGGGACGGAGCTTGCCTCCATCTTTGGGTATCCAGGCACGGCGAACACTCATCGCTCGATACTTCCCGCTCCGTAGCTCCAGCCACAGCGCTTCGATGTTCTCGTCCAAATTTTGTCTAAACTCCTCCATCGTCACACCGTCGACGCCGGGTGCTCCTTTGCGGTTCAATTGCTCGTACGAGCTCCGCAACATCTGCGGGGTCAGGTAGTGCGCCAGCGACGTGAATCGCATGCGCGGATCTTGTCTCGACATCTCAGCGATCTGCTCAAGGTTCGTGGACATGTAGCCTCCATCTCTGTGTATGGTTCATGATCTCCTCTTGCATCTTGACTCCTGCCGACCCTTCCCTCCACGGGAATTACCCCGCTTCCCCGGTACTACGATCGGCTCCGACTTCTCGCGCTTCGTCTCCCATGTACCGGACCTTTCGGCCTTTCCTCGGATACCGCCACCCTTACCAGGCACGGAAAACGCGAGATCTCCCAGGTTGCGTCGAACATCCATTTGATCACATGCCGTCCTCTCGGACTCCGGCGGGTCTCCATGCGACTGGCGTGGCAGATTGAATCCATTCGTCGCACAGGCCAGGGTCTTCCCGGGGACTGATCCGGTCGACACCCGCGTGGTTTCTCGAAGCTCTATCGGTTCACATCCTTTCGCGTTACGGCCTATGATCTCCCTGTCTTACGCTTCACCCTGCCGTCACCGGCGCGATCGGGCGCAAAGACTCGGTTGTGGACAGGGTGCCAACCCGCCCGCGTCGGATTTCCACCGACTGGATATTCGCGCCTTGGCCTGGCGCACCCGTGACCCCGGCCAGAGGGACGGGCGCTGTCCCTCTGGACTCCCGCGCCGGGGGGCCGCGCCCTGGAACGGCCAATGCCACATGCGCCAGGGCTGTGGTTTAGGTGGAGGTCTGATCTCTTGGCGATGGCTTCAGGGTCGCGATCGATATCTCGGGTTCATTTGGCCCTTCCACTAAGCTTGCCCCCCGGTCCCCCCTGCCGGTTTTTGTCTGCTACGCTCTCTTCAACTTGATCCCAACCTCCCTCTAATGGCGCGTTCGACCGCGGTTCGAACGGTTGCTTTGGGTGCCGCCCCTAGAACGCCGGCCTTACGGGTTTTCGGCGG
CP064986.1_gap88	4538349	4541948	3599	AAAATTGCCACTTGATTCAATTTCTAAGTCTAGCTGGATTTATGCGTCAAAACATTTTTCCTCATCGCTCGGGAAGAAAATCTAATTCACGTCCAAACCATCGCTCAAGAGCTCGAACATACTAACCCGGTATCGTAAATTTGGCATCATGCAGCATACTTGACTTGGCTGTAAGAGAAAAATGATTGGACCAATTCTTTTTCCTTTTCCAGGTAATCCATGTAGCCTAATACCCTGCTCTCTAGGACCTCTGCGCTTGATGTCATCGGCTTGTTCGAAAGCCTAGATTTCATATCCCGGTTCAAATACTCATCTGGGTTCATTTCAGGCGAATAAGCCGGAAGAAATCTCAATTCAATGAGATGCTTATTCTCTAGGAGCCAAGGCTGCAGATCTTTTGCATGATGAACGCGCAGGTTATCGAGGATAAGAATAATTTTGCGCCCCTTGGCGTCCGCTATCATTTTCATCAAGAAATCCTTGAATCGCTCGACGTTAATTGCCTCGGAATACAATTTGAAACGTATCGCGCCTTGGTTGCTAACCGCCGATACCATGTGAATATGGACGCGCTTGCGCGGACCTGTAACAGAAGGAGTCTTGCCACGAGGTGAGTAGCCGCGAAGTTGGTTCGGAGAGTTCTGGACAGCAGTCTCGTCCCCCACCAAATCCCCGCGTCCTCCTGCATGGCTTGGGCTTGGATCTCCGGGTATTCCTTCTCAAGCCATGCCTTGACTTCGGGTGGCCGCTGGCCTGGTTTCTTGATGGTGGGGACTTGAACGGTGAAGCCCACTTTTTCAGATATTTGCCAACAGCTGTGATGACTAGAGAAATTCCATATCGAGAGTAGATCAATTCTTGAACGGCTTGACGGTTCCAAAGTGCAAACGGCATTTTCATCTGGTCTGGGGTGCTATCAGTAATTAGCTTACGAACCTCAGATTCACGCTCATCCGAAAGGAATTTGCCATCCCCTTTTTCCGGCCTTTGATCTTGGGCACCAAGCATTTATCGCCATTTTTTAGCCAGGCTGAATAACGGAGCCTTACAAGACTGGAGCCGAGGTCGTAAATTTGGCCAATTTCTTCATAAATTTCCATGCGAGATCGTTTAGGTTCAGTTACAATAGCTCGATGAACCATCCGGATCATCGCCTTGACTTTCAGAAAGCCTTCGGATTGCTCTTCTGTTTGATTGTTCATATCAGGAAATATAGCATTTAATGCGAATATATCAATACCTAGTTAGTACACGCCTCCCCTACGATATCCTTCACAGTCATTCTTGAAAACGTCAAACATTTTCTCCATCGTATCATATTGACGAAACCACCAAAAATTCTTAATGACGTCTTGAATCGCATCGACATAGGATTCTTTGAACAGAAAATTCAGCATGCCCACGCGACTTCGATACACACCTCGATTCCCTGCGACCTCTGAAAGCGAGACTGCAAAAAGAGCCTGCGGCAATTTTTGTCCATACTTTGCCATTTGCTGCATGTATTCATCATCCAGATTTGGAGCAACCATAAAGCGAACTTTCACGCCCCCACCGTACAACCCATGCAATTCGATAATTTTCATAGCATTGACTGAAGAGTAATTCTGGGTCAAACCCAAAAAAACCGCCCCATTCCCTTCCCTAAAATGAGACTCCCAAACCCCCTCCAATTGATTTTTAAGGGAGGCCGCCAATTTCGCTACATCATCCATTCATCCTCCTCATTCCCGAAACACTAGCATGGCTTCCACTCTGAGCTGCAATACCTGCATAAACAAATCAACTCAAGAATCCACAAGAGCAAAACAACTTTTCGAGAGATCGCATCAAAGCTTAAGGACTGTCAAGTGTGTGGATTCGCGATCAGAGCTTCCGCCTTCCATCAGACAATACGGCGCCGGGCGTAGAACCGGCAATCAATTGCCGATCGTAAGGATCGGGCTACAACTACGCAACAACAAAAACTGGCAACCCAACCAAACCAAGGGGGACCGGGGGGCTCGAAAAATGGAACGGCCAATGGATTCGGCGATATCGATCGCGTCCCTGACGCCCTTTGCTGGGACGCAAAATGTTGCGTCCCTACGTTGACCTGGCCGAATTGGGATGGCCGTTCCAACTAGAGCCCCCCGGCGCGCGGGTTCCAAGGGGACGCGCGCTCGTCCCCTTGGTCGCGGTCTGGGTGCCGACGCACCCAGGAAACGGCCCCCGGGCCGCCCCGGGGATAGCCCGGCGCAGCCGACCAAAGCTCCGGCGCCAGCCGGAAGAAACGGCACCCGGGCCGCCCCGGGGATATGCCCGGCGCAGCCGATAAAAAGGGTGACCACCCTACGGGTGAGGCGTCACCTGCAGAATACTTGTGGGGCTGGAATACCCAGCACCCGTTAGCGACTGGTCGATATCGATCAGGAAGTACCGGTACACTTGACCATTCACCACCGTCGCATCCGTGAAACTGCTCGCCATGCCGGAGACGGACCCGACCTTGGATGGCCAGACGTCGCTTCCGGAATAGCGATAGATCTCGTACCCCGTGCGACCGCCCGAGTAGAACCAAGTCCAGCGCAGTTCCACCTGGTTGTTGCCAGGAATTGCCGTGAATCCCGTTGGAGCGGAACGCAAGCCGCTGGACACTATACCCTGGGCTGTATTGGTGGGCTCGCTGGAAACCTGCCCAGAGATCTCGGAGCGAACCTGGTAGAAGTAGGTGGCACCGGCCGGTAGATTGAGGTCGGCGAACTCCACCGCTCCCACCGAATTGCCGATCTTGACAAAGGGCCCAGAGCTGGATTCGGAGCGATAGATGGCGTAGTCGACTCCGGCGGTCGATACCGGCAACCAATTCAGGTAGACCTTGTTGTTGCCTCCCAGCGCAACAAGAGCTGTCGGGGAAGCGATCGAAGCAACCACCTCGATGGAGAACTGCTTCACCACGTACTCACCAGAAGGATCGGTGACGCGAATGCGAACGTCGTGCCGCCCCACCTGCGCCGGACTGGGAGTTCACCAGATCAGAGAACGAGCTGGGTCGTACTGCATGCCCTGCGGCGCCATTTCCAGGACGGCATGGACCGGTTCTCCATCCGGATCCGAAACTTCCACGGTAGCCTCGTAGTTATTTCCCACCGTTGCGGAGGCTGGCGCAAGGACCGAAACCACCGGTGGAAGGTTGAAATTCATCACCTGCAAAGTCCACCGCTGTTCGACAGGCGGATTGATTCCGTCGTGGACCATCACGCACACCGGATAGGTTCCAGCCTGAAGGAAGCCCGGCGTCCAAACCAGGGAATGGGTGGCTGCGTCGAAGGTCATGCCCGGAGCCAGCTCCACCCAACCATACGTCAATGCATCGCCCTCCGGATCGGAGGCGAGGACCTGGTGCTGGAAAGGAACCCCTTCTTGGATCGCGGCGGGAGCCTCGGAGACAAAGACCGGCGGGAGGTTCGGAGAAACCGTGATGGTCCACTCGTGAACCACAGAATGGATCCCATCGGTGACCGTGACAGAAATTGGATACACACCGAAAGGAGGGACCTGCCAAGGAATCCAGTCGAATCGACGCGCAGCGTCATCGAACACCATGCCCGGAGCCAGAT
CP064986.1_gap89	4595823	4599811	3988	GACCCGGAGAGCCATGCCTTTTCGGACACCAGAGGGACACAGACCATGAAGACTTCGTATCACTCCGGCATCGTCGCATCGCTAATGATCGCCTTCCTCGCGGGTTGCGAAGTGGTGGAGACGCCCACGGAAGCCGCCAAGGAGGATACGGTTGCTTTGGCCAGGATCAAGGCGGACTCCATCCGCCGAGCGGACTCCCTGGTGAAGGTCAAGAGCGAACGCCGAAAGGATTCGTTGAACAAGGTCAAGGCCCACGAAGACTCCGTGGAGATGAAAAAGATCAAGGACAAGTCAAAATCTGACTCCATTTCCGACATCAAGGCTTGCAAGGAATCGAGCAAGAACGAAAACACCAAGGCCAAGAGCAGCGCCAGCGCCAGCAAGAAGGAAAACGATTGCTTGGATTCCCTCCGGCAGATCCGGGACAAACGCGAAAAGGAGGCGCTGGACGACTTGGCGATCTGCGACGGCCTCTACAAGAAGTCGCGCAACGCCTCCGAGAACAACATTCTGCACTGGAACACGGAGCATTGCACCGACTCCCTCCAGGATGCCCGTGAGAATCGCGCCGAAGACTCGGCTCGCCTGGTGCGCGAACAGCGCATCGCCGACTCCCTGCAGCGGGTGCGCGAGGCGTTTGTCGCCGACTCTCTGCGGATCGCCAAGCTGCGCGAAGACTCGCTCCGGAAGGTTCGGGAACAGGCGATACTCGACTCGCTGGCCAAATTGCAGCGGATCAAGGATTCCCTGACTCGTGCAGCCCAAACCCTGGACTCGCTGAAAAAAGTCGAGATGGAACGCCAACTGGCCGAGCGGAAAACAGCAGACTCCTTGACCGCTCTGCGCAACAAGCACGTGTACGATTCGCTGCTGACTCTGCGGCTCAAGCAAGACTCGCTCAAAGCGGCGGACCTGGCTCGTCTCAAGGCATTGCAAAAGACCGCCGATTCTCTCCAAGCCTTCCGCAACAAGCAGATCAGCGACTCCATCGCCATCGTCAAGCGCACGCAGGATTCGGTCAACTACGTCCTGAATCTGCGCATCTCCATCGAGCGCAAGACCGCCGATTCGCTCCTGCAAATCCGCAACAAGAAGGTTGCCGACTCCATCGCCATCGTCAAGCGCACCCAGGACTCCATCGCCTACGTCCTGAACCTGCGCATCTCCATCGAGCGCAAGACCGCCGATTCGATCCTGCAGATCCGCAACAAAAAGGTTGCCGACTCCATCGCCATCGTCAAGCGCACCCAGGACTCGATCGCTTTCATCCTGAACCTGCGCATCTCCATCGAGCGCAAGACCGCCGATTCGATCCTGCAAATCCGCAACAAGAAGGTGGCTGACTCCATCGCCATCGCCAAGCGCACCCAGGACTCGATCAACTATGTCCTGAACCTGCGCATCTCCATCGAACGCAAGACCGCCGACTCGCTCCTGCAAATCCGCACGAAGAAAATCGCCGACTCGATGGCCATCATCAAGCGCTACCAGGATTCCATCCAGGCCATCGAGCAGGCCCGGCTGACCATTCTGAAAAAGACCGCAGATTCCGTCAAGGCCATCGAACAGGCGAAGTTGGCCGCACTGAAAAAGACTGCCGATTCTCTCAAGGCCATCGAGCTGGCCAAGTTGGCCGCGCTCCAAAAAACCGCCGACTCGCTCAAGTACCTCGCCGACAAGAAGACAACAGACTCGCTGGCCGTGATCAAGCGCACCCAGGATTCGCTGCGGCAGATCGAACTGGCTCGCGTGGCCGCACAGAAGAAGACCGCGGACTCGTTGGCCGCCCTCCAGGCCAAGAAGACCTCCGACTCCCTAGCCTCGATCCGGCGCACCCAGGATTCGCTGCGGCAGGTCGAACTCGCCCGCTTGGCCGCCCAGAAGAAGACCACCGATTCGTTGGCCGCCCTGCGTGCCAAGAAGGTGGAAGACTCCCTCTTGGCCATCCAGCACGCCAAGGATGCCGAGTACATGGCCCGGTACCTCAAGACCCAAGACTCCCTGGCGCGCATCAAGCGCATCCAGGACTCGCTCGAGCAGGTTCGGCTCCAACGGATCGCCGACTCCATCGCCGCCGCCGAAGCGGCACACGCCAAGGCCTGCGCGGATGTGAACACCTTGATGAGCAAGTACGTCGCGGAAGGATCGCTTCTCATCAAGCGCTACAACGACACCACCAGCCTGATCCTGGTGGACCGCAAGAAGATGGGCACCACCATCTGCACGGAATACCGCTCGCTGTTCGATCGGTCCATCACGGACTCCATCCTGTTCATCCGCCGCTCCAACAACATGGTCAACGTGATGATCCTCAACGGCCAAACCTCCAGCAAGCCCACCGAGGATCTCTTCGCCACCCTCGGCTCCCACTCGACGGAAATCGTCGCCTTCCTCCGCAAGTACATCGCGACGGCGACCACCGCCGGGACCTACCGGTAGGATGTTTGATCGGCTGCGCCTCGGCGTTTTGCCAGGCGCGGGCCTGGTAGCCGTTTCTTCCGGCTGGCGCCGGGCTTTCTCGGCTCCGCCGTGGTTTCTTTTCGGCTGCGCCCGGCCTTCCCGGGGCGGCCCGGAGGCCGTTTCTTGGGTGCGTCGGCACCGGTGAGGTAGGACCCCACCCTTTCGGGCGGGGCCCCCTCGCAGAACCGGACGTGCCCAATTAAGGCATCCGGCTCCCAGGAGTCTCCGTCGTCGAGATCAGCTCAAGCGCGGCTCGGGTAGACTCGTAAACCATCGGGTATTCTTCACGCGCCACCAATAAAGGTGGTGCCGGTCGCTACGGCGGCGCAGAACGCTGATCCAAATGCGCTCGACGTGCCACTTCACCTGCTTCAGACTGGAGAGGCAATGCCGACGGCCGAAATACTGATACCACCCTCTTAGACGTACCGACAGCCGCTTCGACTGCCACCGCAATGAGGTGTCTCGCTCCTCCGTCAGAAACTCCTTCACCTTCAGCAGAAAGCGGTTGCGCCGTTTCCCGCTGGGCTTCACCTCGCACTTCAGCTTCCCCGTCTTGGGACGGCGTCGCATGTAATGCGTGAATCCCAGAAAGTCGAATGTCCGTGGCTTGTCCGACGGCCCTGGACCTTCCCCGTTGCGGGGAGATCTGGGGCCAAAGTCCACAAGCTTCGTCTTCGCTTCAGACAATTTCAGGCCGAAGTCCGAGAGTCGCTGGCTCAGCTCCACCAGAAAGCTCTCGGCATCGCCTCGATGGGCGAACCCGGCCACGAAATCGTCAGCGTAGCGCACCAGAAAGCACTCGTCTTCACAAGCCTTCCGGACTCTACGATCAAACCATAGATCCAGCACGTAGTGCAGATAGATGTTGGCCAACAGCGGAGACAATGGACCGCCTTGCGGCACTCCGTCTTCCGTCGCCACATGGACCCCGTTATCCATCACACCGGCATTCAGAAACTTCCCCACAAGGCGCAGGATCGTCCGATCGGTCACCCGATCTTCCAGAAATTTCCGAAGCCATTCGTGGTTGACCGCATCGAAGAAAGCTTCAATGTCCGCATCCACGATCATGCACGTGCCGCTTCGATTCACCAACTTCCCCAAACGATCCAAGGCGTCGTGGGCCGATAAGCCTGGACGGTATCCGTAGGATACTTCCAGGAAGCACGGTTCGAACACCATCGACAGGATCGTATGCAACGCCTTCTGCACCACCCGATCGCGAACGCTCGGAATCCCAAGGGGACGGAGCTTGCCTCCATCTTTGGGTATCCAGGCACGGCGAACACTCATCGCTCGATACTTCCCGCTCCGTAGCTCCAGCCACAGCGCTTCGATGTTCTCGTCCAAATTTTGTCTAAACTCCTCCATCGTCACACCGTCGACGCCGGGTGCTCCTTTGCGGTTCAATTGCTCGTACGAGCTCCGCAACATCTGCGGGGTCAGGTAGTGCGCCAGCGACGTGAATCGCATGCGCGGATCTTGTCTCGACATCTCAGCGATCTGCTCAAGGTTCGTGGACATG
CP064986.1_gap90	4609394	4610106	712	CCAACCTTGCGAGGACCCGATCCTGATCGACTGGCTGGAATCCACCGGCGAATTCGTGCAGGAATCGATCCGCATGCGCCTTTGGCTGGAAGGGGTCGGGGTATTTTGGAGCGCCGAAGAATTCCGTCAGGCCACGCGCGATCTGGCCCAGTGGTTCGAGGACAATGCCAGACAGGAATTGGCAGAGTGGACCCGCGGGGTGGACGCGTACCGCGCCCGTGCGCTCGCGGAACCAACCCCGCGCGAGGACCTGTTCCTGATCACCCGTCGGGAGCGGCTCTACCACTTGAACATGGTGGGAGCCGAGGCGATGAACCGTGGCTTCCGCCCCGGCTTCACCAAGCGTCCCAAGAAGGTGGTCCTGGTGCCCGGATGCATGCGTTCGCGCGACGATCGCGCCTGCATGGCCCTGCGACGCGGCACCGACATTTCCTGCGCCCACTGCGACCGCTCCTGCAACGTCTCGCGCCTGACGGAGCTTGGCGAACAAAACGACTTCAAGGTCTACGTGGTCCCCCACGCCTCCACCTTCACCGCCTGGCTCAAACGCTGGCAGGAAGACGGCCAGACCGCCCTGGTGGCCGCCGCCTGCCCACTGCACCTGGTGCCGGGAGGCTACGAAATGCGCGCCCTGGGCTTGCAGGCCCAATGCGTCTTCCTGCGCTACAGCGGCTGCAAACGCCACTGGGACCCAACCGGAACCCCAACAGAA
CP064986.1_gap91	4726551	4727615	1064	CTGGGAGATCCGCATCCTGCAGGATGTAGAACCGGGTCCCATCGTCGCCGTGCAGTACTCCCGCATTGAGTTCCGTTCCCAGTAGAGAGAGCTTCATGTTGATCATCTGCCCCGTTGTGTAATCGGTCATGTCCATCTCCAGATATTTGTTGGCCTCCCCGCCAGAGGCGTAGCGCACCCTTGGCAAGTCCGGAGATGTGCATGTGCAGGAATTGTCTTCAAGCCTAAATCGCGAGACAATCTCTGGCAAGTCGGAAAGCGGGAAAATGGTGGGAACGGTAGCCCTGGGGTGGCGGAGGTGGCTGGGTTCGGGCGTGGAGGCGAGGCGCCCTCACCCCCCGCCCCCCTCTCCCTCTCCCCCCAGGGAGAGGGGATCGGGGGTTCGGACGGGTGGGCTGGGTTGGCGACAGAAACTGGCGTTGGAGGAGAGGCGGGCTGTCTGAGGTGGCAGGCGTGGCCCCTACTGCGGAAATCCAAAGTCCCGGATCCCCAAGTCTGCCGGAGGAGAACAAGAAACACCGCATCCTTGCCCAACATCCCCGACCTCAACTAGATTCTCGCGATCCCCCCCACCCAGCCATTGATGAAGGATGCCCCTTGCCTAACTCCCGCAGTCCCCGCCATGCGATCCGCGCTTCGCACCCTCCCTTTTCCCCCGAACCGGATTATCCCCAATGAATATGGATTCCCGTTCCCACCGCTGGTTTTTTTGGCTGGTGTTGTTCCCCTGTCTGGGTATGTGGTCGTACCTCGGATTTCGCCTCTGGTCCCAGATCACCGCATCCACCTGGCGTCAATTCGCCCTACCGTATTTGCTGGCCCTATGGACAACCACGGTCCTGGTCCAGGCTGGCGTCTGGTTTCTGACGCGCCGGAAGTCCCGAAAATTGTCACGTCCCGATATCCTGGGCGTACTGGCCCTCTGGCTGGTTCAAGGCGCTGGCGTCCTATGCCTGGGAGGATCTGCGGCCAAGATGCTCATCCCCGCGAACATGGAGGACCGGAGCGACCTCCTCCTCGGCTTCTTTACCCTCTCCCAACCTGGTTTGCTCTGGTGCATGCAC
CP064986.1_gap92	4728760	4730040	1280	CAGCCTTGGCGAGATGGTGTTCGAATATCAACTGGATCTGCCGGAGGACGTCTTCGTAGATGGCTTCCGCTTGGAGGACGTCAAAAAGGAACGGAGTGGGATCCTGTCGGCTCCCCATGACCTCGCCGGGTATGAGCTTTTCGAGTACGCAAGCAGAAGTGCGCGGTGGAGATTGGAATACCAGCCCCGAACCCGGGGAATTCGGTTCACCATGGACCGTTTCTGGACGTTTGATTCGCAACGCGTGTCCATCCGGTTTCTGCACCAGGGGCGCAGCGTGGTGAGGTGGGAAGCGGATTCCGCGGTGCTGGAGGGGCGGCCAGTCATGCCCCGCGAATTCCCCTCGCTGGGCATAGTGGTTCCCGCCGATGGTGTGGATACCCTTCCCCAGGCCGCACCCCAGTACCACCTTGCCTTTGTCCTGGATGCCTCGGTCTCGTCTGGTGCGAACCGACAAATTTTGGCCGATCGCCTGGAACGCGCCCTGGGCTCACTCCCCTCCGGGGCGGGAAATGTGGAGATCTACGCCATGGGCTCCAACGGGAAACGATTGGACCCCGAGGATTGGAGGCGACAGTATCTGCAGGGAAGTTGGAATGGCTCCTTTGATTTGGCACGTGCGGCGAAGAAGATCCTGCTGGACCAGTGGAAATCAATTCCCAGGAAGTGGTCGGGATCGTGGCGGTCACCGATCGGGTCGACGCCAGGCCTCTCGCGGACGATCTATTCCAGTTCCGGGCAATTTCGCCAGCCTTCCCGGAACTCTGGGTTCTTGGGCAGGAAGAGAGGTGGGGATGCTGGTCGCTGGATTCGGAGTCCCATGATCTGCAATGGCGGAACCATCCACCCAAGCCAAACGTCGTTGGACAAATCCGCGATGCAAAGCAGAAGATCCACTATGTGGCCTTGGGCCGTGGAGCCCAATTGATTCCGTTCGTCCCGGATTCCGGGGCCAAGCCTGAACTGCCGGAAGACCCCTGGGGACGTGCCGCCGCGATGGCCTTGAGCCATCTGCAGGAGGATCTCATCGGCGTGCGGAACCAAGACCATCGGAAATTTCTTCTTGCCAAGGCCTTGGAGTCGGGAGTGATGGCGAGATCCCTCGAATACTGGGCTTTTTCGGAACCGCGTGACCAAGTGTTTCTCAAGGATCTCCTCAAGGCCTTGGGGTATGGCATCCAGCCAATTCCATCGAAATGACCCCGGTGCCGGAATTCCCCCCTTTCCAAGGAAACACGCACTGCCCTTGATCCGCAACTGATTCTGTCAAGCGAACCTAG
CP064986.1_gap93	4733553	4735810	2257	TGTAGATGAGTTTTGATCGCGCTTGGATCATTTTCCCCTCCCTGTCTTCTATTGACATTTTCTGTTCACTCATTCTAATTCTCGCGAAACAGACCCGCCACGTATACCGCGCACATCAAGAGACTCAATGTGATCGCGAGCCTGCGGCTGAACGTCGACCAACTCATTGTGTTTCCGCTTTTGGGGAAGGCACTGGCCAACAGGAAGTGGATGGTGGAAATTCCGATGGAAATCGCACCGCCAATCAGCATGCCGAAGAGGACCCCAGGCGGGCCAAGCTTGTAGGTCGCGGCGATCGAGAACGGCACCGAAAGAATCAGGCCGTTTCTGGCTCCGCTCAAGAGCAGCGAGTCTTCTATGTTCCGGGAGAATTGCATGGCTTACATCAACGCTCTTCTTGACGGATTTTGGTGACCGCTGAATCCTTGGACGGCTTGAGCCCTTGGGCAAGAAGCTGTTCGCGGAAAAGCAAGCCGGAAGGTAATTGCGGGATTTGAGACGAAATACCGGAAAGACGTGCGACGCTCTGGCCTCTACGTGTGAGCAGGATTTCCACACCTGCCACGGCCAAGTCGACCAGTTCCGGAAGGCGACGTCGTGCTTCGCTGAGTGTTGTGGATCTCATGGCTACCCCTTCAGTGTACAGCTTGCAGTGTACATCCAATGGGTACCCCTGATCGGCTTTGACGTCGATTGTGAACGGGAGCCTTTGGCTTGGCGGAGGTGGCTGGGTTCGGGAGTGGGGGCGAGGGCGGTGCGGAGCTCGCCCTCACCCTCCCCCTCTCCCCCCAGGGAGAGGGATTCGGGATTTCGGGCTTGCGGGCTGGGTGGGCGACAATTGCTGATGCGGGAGGAGAGGCGGGCTTGGGGTGGCGGATGTGGCTGGATGGAGGCGGAGAGGATGGGTTGGAGGAAGGACGTTTTGGGAATCGCCAGAATTTTCTCCCTAGTTTTCTCCCTAGGTTTCACCGAAGTTTTCACCGAATCTTTTGCCACGGTTGGATCTATCTAAGCGGCTTTCAGGCGCTCCGGACTTGCCTGGAATTAGGAAGCCTGATTGCGTCATTCGTCGGTGAAGAAGTCGTTGTCGATGCGTTTAATTTCGTAGCGGGAGACCAGCGAGACGCCGATGTCGTAGTCGATGAGGAGCTCGGCAAGGCGTTTGCCGTCGATCAGGACCACCTTGGTTTCGTTGCGGGGAGAGTAATCCCAGGCCTCGCGCGTGAAACGGGAGGTGGTGATGAAGATCCCCTTCTTGGCGCCCTGCCCGGCCAGGGCTCCCACGAACTTCTGGATTTCGGGGCGGCCCACCACATGGTCGGCATTCCATCGCTTGGCCTGGATGTAGATGATGTCCAAGCCGAGCTTGTCTTCCTTGATCACCCCATCGATGCCTTCGTCACCTGAGCGCTTGGTGACTTCTCCCGCTTCCTTCATGCTGCCGCCATAGCCCATCTTTACCAAGAGCTGGATCACCAGGCGCTCGAAGAATTCCGGGCTTTGGGCGTACACCATGTCCAGCATGTCCGCTTCCAATTTCTGGCGAATCCCCTGGTAGGCGGATTCCAGCACCTCTTCCGGCGTGCGCTCCACCGCTTGGCTAGCGGGAGTTTCGATGGCTGGGGAATCGTCGGAGGAATCGTTGCGCCGTGCGCGGAACTCCTGGAATTCCGGGAAGCGGGAGAGGTAATCGATCCCGATGGACGACACTCCCTCACGGAGGGTTTCTTGGCCACGGGGGGTGATGTGGTAGACGCCTCGGCGGGGAGCCAAGAGCAGACCCGCCTTTTTCATGTAGCTGAGCGCCCACATGCAGCGATTGGCCATGACGCGCCCGCTCCCACTGGGAAGCAACTGCTTGCGCTCGTCGGCGGTCAGTCCAAAGACATCGGACACTTTCTGGACAAGCTCCTTGGCTCCCACTTCCCCTCCCCCGGCAAGGGTCTGGAGGATGGGGAGCATGGTTTCCTGGAACGGCGGGATGGGCATTCGCGGAGCCTTGGAGGAGTGGGTCGGACTTTGAAGGAGTATAAGTATCCGGTAGGCAGGGAAAGGCAAGGTCATACGCCAATTCGGATGGATTGGAGAGCTTGAATAGCGGTGAGGACGACCTGATCCGTGAAAGCGCCGATCTCCTTTTTAGGAACCGACAAGACTTCCCTGTGGGTTGCCTTTGGATCCCATGCGCCCTGAATTATGCTCAATTGCGCAGTGAGAGGTGTCCCGCGTTTGGAGAGGTGGGTTGCTTTCGATTGGA
CP064986.1_gap94	4797073	4797945	872	TCGGCGCCACTGTCGGTGAGCCCAGGTTGCCAGCGGGGAAAGTTCATTCCTCCAAAACCATCGATGGTCTGGTAGGTCTTGGAAAGGTTGATCGCCGTCTGGGCGTGGGCACTCGGAATGACGGAAAATGCCAGGGCGAGAGCCCAATTGCGGAGGGAAAATGGGTACTTCATGAAACCGACCTCGATCGCCTGGGTCGCCTATCCAACCGGTTTAAGGCAAATCCCGGGCACTGGGTCCTAATGTGGTTCGCCCCGTGATGTCATTGGCGGGAACACATCGCCGAACCGTTGTAGGACAAACAACAACCGCAACAACAGCGCAATCTGGCGTCGTCGGCGGGGGGGGGAATTCGCCCCTTGCACGGACCCGGCTTGGGCTAAGGCACCCAACCCCATGCGTAGAGGTCGTCCAGCCAAAACTCCGTGTTGGCCGATTCCCGCAAGATCCATTCGATCTTTACCAGCGAACCGAGGATTTCCTGGCGCGTGGCGCCATATTCGGTCAACCGATCCGTGCGAACGGTCATGGGCCCCCAGGTCCAGGGCATTTGATAGACTCCAACCAGGGTTCCGCGCGTCCCGACCAGATTGATCTGGAAACGGCCATTGCCACGCATCTGGAAGGTCAGGGAATCCAAAGTGGAGGCATCGACGCCGGCTGGCGAAAGTTCGAGCGTCACGCCCCCCTGATCGGCGCTATCGGCGAGTTCGTTTTCCACCCGGACTTTCCAGGCTTTGCCACGTCCGTCGTCGCCGGCCATGCGAGTGACATCGAACCACTTGGGCTCCAGGCTCCCTGGCTCCACGCGGCTGGTGTCGCCCTCGGGCGCCTTGAAATTCCATGTGCCTTGCGCCACCCGTCCAACCAGC
CP064986.1_gap95	4801579	4805155	3576	TCCTTCGCCTGGAGCCAGACCACCCCATCCCACACCGGATCCGGAGAGATTTCGGTTCCTGCAAAGGATTCCACCGCCAACCATGCGGCCATGCCGGCGGTCACCACGAGCATCGGAGTGCACACGGATCCCCACCAGGATTCGCTCCGAAGCGAAATGGACAAAATCCGTGCGCAAAATCCGAGCACCGCCGGGGCGGATACGGCCATCGAACGGAATCGATCCGGAGGTCATTTCCGCGCGGGACTGCACGCCAGCTCCAAGGACATCGGAATCCTGATCGGGGGGTCGGTCCGCGCACGATCGGTCTCCCTGGGCATGGATGGCTGGATCCGACCCGGGACGTTCACCCAGGAGGTCCGGATCACCCCCACCCGACGAGCCCAATACAAGGAAGTCATCTACGGTTTCCACCCTTGGATCCAGTTGGAAATCGGTTCCCAAACCCGATTGGCCGTCGCCGCTTCGTTGGATGTCGGTGCGGGCATGTGGTATGGAACCAGCCAATCCCCGAAAACCGATGTCCAACCCGCCTTGGGTTTGAAGATCCTGTTCCCAGCCTTGGTCCAGATCGGCATCCGAAGGGCTTGGAACGACGGGTTGCTCGGTCACTGGAGAGGAGAGGTCGCATGCGAATTCTGAATCGGTCGACTCCGTGGCTCTGGCTGAGCGTGCTGGCATTGGCCGGTTGCGAAAAGGACGGGTGCGAAGACAAAATCTGCACCAACGAACCGGTACGTCCCGACGAGCTGCTTTCGGCCAATTTCCAGACATCCAATTCTTCCGCTTGGGACAGCGTCGTGGTGGAGATCCATTCCGGAGACCGCGTGGAAACCGGAGCCCTGCTCCACAAGGAAACGCTGAAAAGCGGAAAATCCCGATCCGGAATCTCGGTCGGACAAGGCTACTACAGCGCGAAAGCAACCTACATGAAGACCGGTGACACATTGGAGGTCTACGACGCCGATGACGCCTCCTGGGATTCCAGGACGGACGACTGCGATTGCGTCACGGGGTGGTCGCGCAATTCGGCCGTATTGGATTTGCAGGCCAACTGACGGTTTCCGGCTGCGCCGTTGATGCTTTTCAACTGCGTTGGGCTTTTTCCAGGCGCGGGCCTGGAAGCCGTTTTCACGGCTTCCGCCGTGAAGGACCGGGCGCGGGCCCGGTTGCCGTTCCTGGGTGCGTCGGCACCGGTGAGGTAGGACCCCACCCTTTCGGGCGGGGCCCCCTCGCAGAACCGGACGTGCCCAATTAAGGCATCCGGCTCCCAGGAGTCTCCGTCGTCGAGATCAGCTCAAGCGCGGCTCGGGTAGACTCGTAAACCATCGGGTATTCTTCACGCGCCACCAATAAAGGTGGTGCCGGTCGCTACGGCGGCGCAGAACGCTGATCCAAATGCGCTCGACGTGCCACTTCACCTGCTTCAGACTGGAGAGGCATGCCGACGGCCGAAATACTGATACCACCCTCTTAGACGTACCGACAGCCGCTTCGACTGCCACCGCAATGAGGTGTCTCGCTCCTCCGTCAGAAACTCCTTCACCTTCAGCAGAAAGCGGTTGCGCCGTTTCCCGCTGGGCTTCACCTCGCACTTCAGCTTCCCCGTCTTGGGACGGCGTCGCATGTAATGCGTGAATCCCAGAAAGTCGAATGTCCGTGGCTTGTCCGACGGCCCTGGACCTTCCCCGTTGCGGGGAGATCTGGGGCCAAAGTCCACAAGCTTCGTCTTCGCTTCAGACAATTTCAGGCCGAAGTCCGAGAGTCGCTGGCTCAGCTCCACCAGAAAGCTCTCCGGCATCGCCTCGATGGGCGAACCCGGCCACGAAATCGTCAGCGTAGCGCACCAGAAAGCACTCGTCTTCACAAGCCTTCCGGACTCTACGATCAAACCATAGATCCAGCACGTAGTGCAGATAGATGTTGGCCAACAGCGGAGACAATGGACCGCCTTGCGGCACTCCGTCTTCCGTCGCCACATGGACCCCGTTATCCATCACACCGGCATTCAGAAACTTCCCCACAAGGCGCAGGATCGTCCGATCGGTCACCCGATCTTCCAGAAATTTCGAAGCCATTCGTGGTTGACCGCATCGAAGAAACCTTCAATGTCCGCATCCACGATCATGCACGTGCCGCTTCGATTCACCAACTTCCCCAAACGATCCAAGGCGTCGTGGGCCGATAAGCCTGGACGGTATCCGTAGGATACTTCCAGGAAGCACGGTTCGAACACCATCGACAGGATCGTATGCAACGCCTTCTGCACCACCCGATCGCGAACGCTCGGAATCCCAAGGGGACGGAGCTTGCCTCCATCTTTGGGTATCCAGGCACGGCGAACACTCATCGCTCGATACTTCCCGCTCCGTAGCTCCAGCCACAGCGCTTCGATGTTCTCGTCCAAATTTTGTCTAAACTCCTCCATCGTCACACCGTCGACGCCGGGTGCTCCTTTGCGGTTCAATTGCTCGTACGAGCTCCGCAACATCTGCGGGGTCAGGTAGTGCGCCAGCGACGTGAATCGCATGCGCGGATCTTGTCTCGACATCTCAGCGATCTGCTCAAGGTTCGTGGACATGTAGCCTCCATCTCTGTGTATGGTTCATGATCTCCTCTTGCATCTTGACTCCTGCCGACCCTTCCCTCCACGGGAATTACCCCGCTTCCCCGGTACTACGATCGGCTCCGACTTCTCGCGCTTCGTCTCCCATGTACCGGACCTTTCGGCCTTTCCTCGGATACCGCCACCCTTACCAGGCACGGAAAACGCGAGATCTCCCAGGTTGCGTCGAACATCCATTTGATCACATGCCGTCCTCTCGGACTCCGGCGGGTCTCCATGCGGCTGGCGTGGCAGATTGAATCCATTCGCCGCACAGGCTAGGGTCTTCCCGGGTACGGATCCGGTCGACACCCGCGTGGTTTCTCGAAGCTCTATCGGTTCACATCCTTTCGCGTTACGGCCTATGATCTCCCTGTCTTACGCTTCACCCTGCCGTCACCGGCGCGATCGGGCGCAAAGACTCGGTTGTGGACAGGGTGCCAACCCGCCCGCGTCGGATTTCCACCGACTGGATATTCGCGCCTTAGCCTGGCGCACCAGACCCCGACCCAGGGGACGAACGCGCGTCCCCTGGGAACCCGCGCGCCGGGGGACTCGAACTGGAACGGCCACACCGGCTGGCCGGAACTTCGGGTGCAATGTCGGTCGAGGCATTGGTCTATGACATCAGGGACGCGATCGGCATTCTCATGACACTGGCCGTTCCAATACCCGACTCCCCCGGACCCCCGCCGGCTTGGTTGTTTGGGTGCCCGCCTGGTTTGATTGCCAGTTTCCGGCATCGCTTCGCTGGCCGGCTGAGTGGTCGATGCCCTGAACACCGAGCCCCTCTCCCCCGGTGGGGAGAGGGAGAGGGTGAGGGCATTACCCTTTCCTCCCCGCCAACCTCAGCCACCTCCGTCAACCCAGGTTCGCCGCCCCGAACCCGCTTCGCTGCGCGGCGGCGCAGGCTGGGGCGAAGGTTGGCGCCTACTTGGCACCTGGATGGCAGGCCAAGGTGGTATGCCGCT
CP064986.1_gap96	4806177	4809049	2872	AGCTTCCACAGCGTGGCGGGAATCTCGTGGATGCGCAGCGCCGCATAACCAGGGTTGCTCACCGACTCGTGTTCGCTGGCCAATTTGAAGGGATACAGGGCGGTCAGCAGGGCTTCGGAGGGCTTGCTTCCCGCCGTGAAGGTGAATTTCGCCTTGCCGTCATTTCCTGTCGTGACCGTGGCCTCTGAGACAGCCCCGTTGGTCACGGAAATCTGAACCGGACGGTTCGCCAGTGGCGAGGTCGCGATGGTCCCGTCGCAATCGTAGAGCCAGACCTCCACCTCGACGGACTCGCCTTCCTTCAGTTCGGTTTTCGCCGGATGGAGTTCGGCGGTCGGCCAAAGCGCGTATGGATCGCCGGTGGCGCGCTTGGTCTTTTCGAAGGCGCGGATTTTGTCAACGATCGGCCCCAGGGCGGAGGCGGCCACCTTGCCGACGGTCATGGGCTCGTCCGAGGCGCTGAACGCCTTGGTGGATTTCGCCACCGTTTCGCGGGTTTTGGAAACCTGCAACTGCGCTTCCAGCGTGTAGGCTCCATTGGCGCCATCGACGGACCCGGTGACCAGGTAATCCCCACCGGCCTTCCCGGCCGATGGCGGAAGATTGCTCCATTCATCGCCGAACTTGAGCGAATGCGACGCGGTGTCCCCGCCGGTCCAGAACGACCCATCCAATCGGGTGAAGCATTCCCGGGTGGGATCCTCGCTGGACAGATACCCTTTGACCCCCGCTGATGCCCAGAAGAGGTTCCTCCACTCCAGGATCTTGGCCACCAACTGGGGATCCGTGGAATCGGATGGTCTTGCGGGAATCACCCGGGCATCGAATTGGATCACCTGAGGCCGCATGCAGTTGTCGCAGGCAGCGAACGACTTCACCCCGCAGAGCAAGGCCAGAACCCACAGGAACATCATCGAACTCGATCTTGTATGCACGGGAAATCTCCAGTCGATACGAAGTTGCGGACCCTTGCGGCGAACGCTGAATCTAATTTCGCCGCTGCGATCTCTATCTTTTCAGGCACGATGTCCCCGTTCCTGATTTGCCTGTTCGGCCTCCATGCGTTCGATTCCGCTCCGAGCGTTTCCGCCCGACGTCCCACGCTGGCCGTGCTTTCCTTCAAGGGTCTCGCGGTCAGCTCGAGGGAGGCGGAAAAGCTTTCCGACACGCTTTCCAACAAGCTTGCCCAAACCAAGACCTTTCAGGTGATCGAGCGATCCAGACTGAAAGTTTCAGCTGGCCCCGGCCAAGGCCGGCTGGACCAATGCAACTTGGAAACGTGCGCCCTTTCGGTGGGAAACCAGACAGAAATCGACGTGATCGTCGTCGGTACCGTGGAAGAGGACACCATCGGGTTGCGCCTGTCCGTGCGAATGTTCGATGTAGGCGCCAAGAGGATGTTGCTTCAATCCACAGCGCGGTCGGGAGGAAATGATCCCGCGGGGCTATTCACCCAACTGGATTCGATGGCGAAGGATCTCGCAAGGGATCCATGGAGGCCGAGACCGGATTCCCCCATCGAACGGGCGAGCAAGCTGGAAAAGCTGAAAAACCTCAAGCAAGCGCGAGAATTCTCTCGGGACGCTGTGGTCATCTCCAGCTCACTCGCCTTGGCAACCCTTGGTATCGCGTTGGCGGTGGAATCGTACCATGTGTACGATTGCAGCATTTTCTCCGGCAGGGACCTGTTCGACTCCGATCCTAAATGCAGAGAAGCAAGCCCTCCCGCCCAAGCACTCCTGGCTGGAGGCGTGGGACTGGCATTGTTCGGGCTCTACCAGACGGTGAAATTCCACCGGCTAGGAGCGGATATCGGGACCATCCAAACGGAAATTGACTCGCATGTGAGTTTGATCCCCCTCGTCGCCCCTCGGGCAGGCCGCTTCGGGATCGTCGCGCGAGCCGAACTCTGAAGGGCAACACCTCGATTGCCACAGACTCGATCCGGCCGGTAGGCTTCGGCAGGAAGAGCCTGTGACCCGAGGATCACCCTTCGACCGATCAGGGCATGCTGATCGAGGCCACTTCTTGCTCAGCCCCTTGCTTCACCCGCACGATCGACAACCCACGTGGGGCGGCGGGCAGCGGAAGCTGGTTGAGTCCTGGCATGACCTGGAATGAGCCTGACCACAGCGTACGGCCATTGAGATCGGTCATCATCACGGAAGCCTTCCCGGCGGAGGTCGCCGTGTAGGTAGCGGCCAAGTCTCCCCCTCCGGTAGCGACCGTCAAGCGCCCCGAACGAGCGGCCGACTTGGACTCCACCCCCGACACACCCCAGCCCGATTTCATGGCGTCCATCAGGGACTGGTCGTACACCTTGGCATTGCCGCGGTCGATGATGGTGAAGTTCATGTCGCCGGTGTAGTAAGTGTCCCAGGCGAAGGGAATCACTCCATGAGCGCGTGCCGACTTGGCCACGTACTTGTAGTAGGCGACGCGCCCTTTCTTGTGGAGATCCAGGTTCGCGCCGGACAACGTGGTACGCAGACCGGCTCCCCATTCCCCGATGATCGCGGGAATCCCCTTGTCGACGAACTTGCGCTTCAGGACGAAGAACTGGGAATCGACGAAGGCCTCCTCGCCCCAGGTGGGGTTGTGGGCTGCATCGGCGGTGGAATGGTTGCCCTGACCCCAATAGAAGAACTGGTTGCCCCAGGATTCGTCCTTGGTCATGAGGGTGTATTGGTAGGGATAGAAGTGCGCCTCGAACATGAGACGGCCAGCCACCTTGTCGGTGGGATAGACGCTGTAGTTCGTGCGGATCAGCTCGATGTCCGTGCGTGGGCCCTGGAAGATCAGCGTGCGGGTGGCGTTGTTGCCGCCCGTGGCGCGCACGGCGTCGATCATGGTCTGGTGGTAGGAGTTCAAT
CP064986.1_gap97	4820083	4823425	3342	CGCTCCCGGTGGGCGAGACATAGTAGGTGGCTTGGGTTGCGGCAGCGGCGCCTGCAGGCAGGACCAGGCACCCCGCCAAAGCGAGGAGGAACCCAATCTTCGCGGTCATCATCATGCGCTTCATATGCACCCCATCGGTTCGACTCTCACCTGTTCGATGGAAGCTAGGAGCGCGATCGAGATGGCGTCGTGCGATGCGAGGCGTTTTGTTTGTAGAAAGTGCAAAAGTTCGACGCTTCGGCCCTTATGCAGACCTGATAGGTCACTTTCTGTCTATCAACCGCAAACCATTTGCCCATGCGGATTTTCCACCATCATAAAAACCCAAGGCGGCGAAGCGCGACCGCTCGGAAACCTCGTCATGTCAGAATATGACATATAGGGGAGCCCACGGAGGCACCTTCGATTTCGTCTTGGTGGTATTGCCATTTTGGCAATCGCGCCCAAGTTTGCGGACCGGGATCGGCGCCATGGCAGGCGACCGTCATCCGATGGTCCGGGATGTGTTGGAAATCTCCCTCCGACCACTCGAAATCTCGAACATTTAAATCACGAAATCATGATTATTGTTTCCCTTGTGCCGAAATATCACGATCTAGCCTCGCTCCTTGCCAAGCAATTGACCGCCTTTCCGGAAGGTCGGCTTCCGACGGTTCGCGAGCTCGCCGATGCGCACGCCACCAGCACGAAAACCATCGCGAAGGCGTTGGATCTGCTTCGTCGGGATGGGCTCATCGAGTCGCGCCCAGGATCCGGCCTGTGGCGGGCGGGCCGGGTTCCGGCATCCACATCCGCGAAGGCCAAGATCAACGCCTTCGATTTCGCCGACCGGCTTTGCGAGGAGATTCGCCAAGGGCTGCACCCTTGGAGCGCGAACCTACCCTCCATCAAGGAGTTCGCCACTCGTTGGAAGTGCCATCCCCAGACCGCCAGCAAAGCGCTGGATACCGCCGTTCGCACCGGACTCGTTGAACGGTATGGTCGCCGTCATCGCCCCGTGCGCCCGCGCACGCAACGCAAGGTCACCTCCCCCACTCTGTTGTGCATCGGCGCTGCCGATCCCGCAGGCCTGTTTCGAATGGATACCGACAGGGAGTCTGATTTCTGGAGGGATCTGGGGTCCCAAGCCGCCCATGCAGGGTTGTCGCTTGTGCGCAGACCGTGGAACGGGGAGCGAATCCTTTTGGATCCATCCAACGTGGGGGTCGTGGCATCCACTTGGCACTGCCAAGAACCAGTGGAGTTGCGGCAGGAATTGGAACGGTTGCGGCTGCCTGTTTGCCTTTGGATGGAGGAGTACACGCTTCAGGACACCGCGCCGCGAAAATCCCGGATCCAGTTTCATGAGCAGGGCTACCACAAGGACGTCGGGGCGCTCTCTGCCCGCCATTTGCTGGACCTGGGGCATTCGCGATTCGCCTACATCTCCCCCTGGCATACCAGTCGGTGGTCGAAAAATCGATTCCAAGGCATCGAAGAGGAAGTTCAGCGGCAAGGAGGGCGAGTGGACGCGTTCTGCTTGGAGGGAATCTCCGTATGGGATCGGCTGGCACCAGCCTATTGTGATCGGCGCATCGGCTCTTCCTTTCCCCATGCGCTTCTGGGGAGACTGGTCGAAGGATCGAGCACCCCCATCCGCGAAGCCACGATCCACGAGTTGGGGATGAACCGGACCCGCAAGGACATGATTCCTCTGCTGGAAAGGGCATTGGAAAGCGGGGCCACGGCTTGGATCGCGGCCAACGACGTCTGCGCTCTCCAGGCTTTGTCCTGGCTCCACGACAAGGGAGTGAAGGTTCCGTGTGATGTTTCCCTCGCAGGCTTCGACGACACGTCGGAAGCCCTTCGCGCCGACCTCACCAGCTACCGATTCGCCTCGGACTCCATGGCCCGCGCGATGATCCGCCAAATTTTGTCATCGTCGCGCAAGCCGTCCGTGATGCGCCACGAAGGCGTCGTCGTCGCTCGGGGATCCACCGCTATTCTTCGATGAATCTTAGACCCCCTGCCCCGCTGTTTTTGGCGCAGCGCCTCAGCGGTCGTTCAGGACCTGGACCGTTCCCTCGTGGGAGCGAAGCCAGTAGAGCCCCAAAGGCAGACCCGCGCGCGCGCGATCCCAACCGGCCTGCAGCGATGTCCCGAACGGGAATCGGGCCAGGAGCGCTCCATGGACATCGTAGACGGTGACGCTTTGGTTCGTGCTGGCCTGCTGGAGGCGGGAAGAAGGAGCCACGGACGAGAGCTGCTTGCGCAGGAGAGGCATCATGGTTTGGGCGTAGCGCTTGCCCAGGGTGCGATACGATGGCGCATCGAAGTGGACGTTCTGGCCGTCGGCGGTGGTGGTGGTGAGCCCCTGCGCCGACACGACCTTGGCGGTGGGAATGGTGTTGGGCAGGGCATCGATCAGAGTGTTGGCGCCCTTCGAACTCCCTGTGGGAGCGACCTCGCCCGCCAGGAGAGGCGTGTTCGCCGCCGTCAGCCCCAAATCGCTCAACATCTTTTCGTAGATCTTTTTCACCTGACTCGCCCACGTGTTGTCGCCGGTGTTGGACTCGCCCTGGTGGAGCAGGATGCCGCGAATGACTCCGCGTTCCTGGGCCTTCTTGGCGACCGTCACCAATCGTCCGTACGGATTGCCATCGTAGTTGGCCGCGTACTGTTGCATCCAACTGGCTTGGCTGGCGTAGTAGGCCTTGTACTTGTCCAGATCGAATCCTTCGATCTTGGTGCCGCCCACCGCCACCACCACCAATCCAACGGTGTCGGTGGAGGCGAGGCTGTCGGCCATGGTCCGGCCGAACCAGTCCACCACCGATATTTTGGTGTCGCAGCGGACGATCGGAGCGATCGCCGGGGTCCATGTTCCCTGCGTCAGGGAGCGACCGCTGCCGTTGCAGGTCACGGCGGCCAGCTCCAAAAAGCGCGGATTCACCACCTTGTCCTGCGCCTCCGGATTGTTGACCGCACCCTCCATGTTCGACTGGCCGAAGGCGACGAAGACATGGAATTTCGGATTCGGGGCGGCGAAAGCGCCTCCGGCGGCCAACAAAACCAAAGTGGAAAGGCTGCCCGAGAAAGATCGATTGATGCTCATGTGATCATCCATTCAGAGCGAAGGAATCGGCCGTGGCTGTATTCTATCCTCAATAGCCTCGGATGCGCCCCCACGCTGGCTGTTCGCAGGGAAAAGGGGGACATGTTGACACCGGGGCAAAGGTCGGATCGATCGTGCCACTTCGATGCGGGTTTCGCTGCGAAATGATTGCCGAATATTGTCAAATTTACAACGACACGAGACAACAATCCTGTCCCGCAATTCCATTGAAGAGTAACGGATCATCT
CP064986.1_gap98	4863644	4864428	784	CGGCTCGACCACCCGCCTGCGGGCGCCCGGCTGGCTCCTGCGCGGCCTTTTGGGAGATTTCGCGACCGAACTCCTTTTGTCCAGCCAGAGAGGCGACCCGAAGGTTTTGACGGAATCTGGCTTCACATGGAACTTCCCCCGCCTGGAGGAGGCGCTGGCAAAGATCCGATCAGAATTTGCGAAGTAGCGCGAGAAGCTCGCGGTCGGTCCGCTCGGGATTGTCGTACTGGGGACTGTTCTGGAACAGGCTCTCCCCGATGCTCACGATCCCGAAATCGAGGTTCTTGTAGTTCCAGTAGGTCCAGCCCACGTCGTGCTCGCGGAACAGGTCCAACACGTCTGTCATCCAGTTCAGGCGGCTTCGCGCGTCGGCTCCGCCCATGTAGACCCCGAACTCGTTGCAGGCCACGGGCACGGAATGCTTGCGGCGGAATTCGAAGACGCTCTCCAGATGCTCGTTCATCCGGTCCTTGTTCCACAAACCTCGGTCGGCGGGCAACCGACCCTTTTCACCCTCGGGAAGGTCGTAGGTCCCCGGATAGGTGCGAGGCACCTGGAACACGGGATCGTCCAGCCAAGGCGCCTTCTGGTGTGTGAAGAAGATGGGGTTGTAGAGATGGACGCTGTAGAGGATGTTGTCGTCGTCCACCGGGGTGAGGTGGGCGAATTCCGACGCGTTGTTCCAAAGATTGGACCCCACCACCAATGTGGCCTTGGGGGCCAGTGACCGGACGCTACGGACCAGGTCGTCCTTGACTTCGTTCCACACCGCGGCGCTGGGCGC
CP064986.1_gap99	4866704	4867606	902	CCGAAACAAGGGCAAACGTCTGCCATCGGGGACGGAAGCGAGGCCGTCTTGATGGCGCTCGATGCCCGAATGGGCGACGGTTTCGAGCAGCCGAGAAACGAAGGAGGGTGTCAATTCCACGGGCTCCATGGTACAATTCTCGTCGACACCACCACTGAAACACTTCAGGAAACGATCCAAGGAAAATTTCTCGATGCCTCACGCACAAGTCAGAACCAGCGATCCCAGAACCGAATCGTTCCCCGAGGGCTTTCTATGGGGCTCGGCCACCTCCAGCTTCCAGATCGAAGGCGCTTGGGACGAGGATGGCAAGGGAGAGTCGAATTGGGACCGTTTCTGTCACACACCGGAAAAAATCTTCGGCGGACACACGGGCGACGTCGCCTGCGACCACTACCACCTTTGGCGGAATGACCTCGATTTGATGGCCCGCCTGGGCATGAAATCCTACCGGTTTTCCGTTTCCTGGCCGCGGATCCAGCCCAAGGGCACTGGACCGACCCTCACCAAGGGCCTCGATTTCTACGAACGGATCGTGGATGGTTGCCTGGAGAGAGGGATCGAGCCCTGCTGCACCCTGTTCCACTGGGACCTGCCCCAGGCCCTGGAAGACAAGGGCGGATGGGTCAATCGCGACACGGCCAAGGCCATGGGCGATCTTGCCTACCACCTGGCCAACCGCTTTGGCGATCGCGTCAAGCGCTGGATGCCCATCAACGAAGGCCCGTGCATCGCCGACAACGCCTACGGACGCGGCGCGTTCGCGCCAGGCATCAAGGGTGGAGTCCAATTGGTCCGCCAGACACGCCACACCGTGTTGTTGGCCCACGCCTACGCATCCCAAGCACTGCGCCAAACACTGGGACGCGATCGGATCTCGGTGGGCTTCGTCCACAATCCCA
CP064986.1_gap100	5033387	5035787	2400	TTTTCGATGAGCTGCGACAGCATGATGGCGTTGCCCAATGCGTTTTCAGGACGCATGAGCAGATCCATGCTCACCACCGACATGTTGAACTCCGACATGCAGATCAGACGCGAACCTGGATCCTTCAGATGGCGCTTCATCATCTCGGAGAGGGTGTCCAGGTTTTCCTTCAGTCCCTGCATGGCCTTGAGGGCATCGCGCACCACCGGCTTCGTGTCGGTCCAGTAGGGGTAGGCATGGAAATCGAATCCATCCATGTACCGGACGCCATCCTTGGTCTCGGCTTCACCGACGATCCGCAAGACTTCTTCGGTCCAACTCGTGCCGTCCAGATGGCCCGATGCGGATGTGGAGAAGGTCATTCCCGCCTGGACCGGCCCCAGGATGACGATGGAGGGATCCACCGCGCGCATGGCACGGGCGTAGGCGAGGAACTTCACCGCATACTGGCGGGCGTCCACCGGACCGCCTTCTTCCCAGTTGCCGTCCATCTCGTTGCCCACCTGCCAGTACTTGATCCCGAGCTTCTGGTCGATGTTGGCGTACTTCACCCAGGCGGCGGCTTCTTCCGGAGTGCCCGTGCCGTAGTTCACGCACATCATACCTTCCGCCTTCGGGAAGGCCTTGATGTAGTCCATGAACATCGCGAAGGTCCATGGCGGAGTTCCGTTGGCCCATCCGGTGCCGCGATTGCTGCCGGGGTGCGCGCCCATCGCCCGGACCGGAGTCTGGGTCGCCTGCGAAGGCGCGTTCTTGGTGACCTTGGCGCCCTTGTTCCACACCGAGACCTCGGCGATCTGGACGCCTTCCGGCTTCACGCCCAGCGGTTTGATCACCAGGAATCTGGCCGCCTTGGCGGCGAAGGAAACCGTCGTGACATTTTCCGTCACGGCTATTCGCGCCAGCGGCTCGAGGACACCGTCGATCCCGCGATACCCGCTCCAATCGGTCTTGGCGATATAGCCCACCACCACGCTGTCGGCGCGCAAAGAGCCCCAGGCGATGCGGACGGAATCCACCGTGGAATCGGCACCGAAATCGAGCATCACCCAGGGTTGGTTCCCGCCCAGCGGATCGCTCCACCAGAACGTGGAATCCGCGCCATCGGTGATGCGCGAATGGAAGATCGCCCCGTAGTTGCTCTTGGTGGTGCCGCGGTAGCGCGTGTCGCTCATGAATCCAGGCAACACCTTGGCCGAATCCGCATGCCAGATCCCCACGGAGTCGTAGGCGCCGGCGCCGTTCCAGTGGTAGTTGTTCGAGGCGCTCCCGTTGGGGAACCGAAACAGCTTGTACTCCTGCTCCATGAGGCCGCGTTTGAGGCCCTCGTAGGTGGTGGCCGGATTCCAGATGGGAAGCACGGTGCCCGTCACATGCCCGATATTGAGTCCGGGGACATCCGCCGTCGCCGTCCCGGGAGTCACGGTCGTGACCGCCGCGCCGGCGATGCCGGCTAGGACCATGAGCCCAACCAAGGACCTGGAGCAATTCATCATCGTGGTACCTCTGCAAGAATGCTTTGGATCGGAAGATCACCCCCCGATCCGAACGCTATGTCGCTCGAACCTAAGCGCCGGTTCTCCCCGCGCAAGCGACTTTATCCTACGCAACCAGTGTGCCAACCCGGTATTCCAGCCAGATGTGCGAAAATCCGTGTAGAATTCTCTACACACTTTCGTCACCAGATTCATTCGTTGTTTACTGGCTTTAGGATGTATCATACCAGTTCGGATGGCCGATGACATTGACTTTTTTTCTACACAGAAAAGCATCCTGGATGCCGAGCATGTACGCGTGTTCGACTACCTCGATTATCGCACGTTCCTGCGCGACCTGTACGAGTCGCGCCGCGCGGTCGACCCGCGATTTTCCTGCCGCTACATCGCCCAGAAAGTAGGGTTCCGCTCGGCGAGCTACTTCACGCAGGTCCTCAACGGCAAGGCGGGAATGACCACCGACATGGCCTTGCGGTTCGCGGCGTTCCTGCGGCTGGACCCCAAGGAGTCCGACTACCTGGAACTGCTCGTGCTCCACCAGAGGTCAAAAACCGTCAAGGAGAGGCGTCGCTACCTCGAACGGCTTTCCTCATTCCGCGGGACCACGGCACAAGTCGTTCCGCAGGAAAACTTCAAGTTCTTCGAGAAATGGCACCACACGGCCATCCTGGAACTCCTGTACATCAAGCCCTTCGATGGCGACTACAAGGCGCTCGCCAAACGCCTGCGCCCCTCCATCCCCACCGCCAAGGCGCAGGAATCCATCGAACTTCTCCTGAAACTCGGCATGATCCGCAAGCAGGGGGGAGTGCTGGTGCGCACCGACACGCGCAACACCACCACGGGCGAAGCGGTGCAAGCCGTGCAGGTGGATCAATTCCACTCGTCCACCCTTCAATTGGCC
CP064986.1_gap101	5096350	5098985	2635	AACCGATCGCGAAGATCAGATCGCAGTGCATGACCGCCTTGTTGGCGTAGGCGGTGCCGTGCATGCCCACCATGCCCAGGTGCAACACGTGGTCTTCGCTGACCGCGCCCTTGCCCAGCAGAGTGGTCACCAGCGGAGCCTGCAGCTTTTCCGCCAGTTGCGTGATGGCCTTGCCCGCACCGGCGATCACGGCGCCTTGGCCCACCATCAGGACGGGACGGCGGGCACGCGACAAAAGCTCCGCCGCCTTGGCGAGGCTGGCTTGATCCGGCACACCGGGGATTTCGTAGCCAGGCAGATCGATGGTGTCCACGAACGGCGCGGTGCACGGCGCGGAGGTCACGTCCTTGGGAAGATCCAGCAACACCGGCCCAGGACGACCCGTGGTGGCGATGTGGAAGGTTTCTTTCATGATCCGCGGAAGGTCATTGGCGTTTTTGACCAGGTACGAGTGCTTCACCACCGGGTAGGTGATGCCGGTCACGTCGGCTTCCTGGAAGGCGTCCTTGCCCAACATGGGAGAAATGGTCTGACCGCACAGCACGATGATCGGAGACGAATCCATCTGGGCAGTGAGAATGCCGGTCACCGTATTGGTGGCACCGGGACCGGAAGTCACCAACACCACACCAGGCTTTCCGGTGGCACGGGCGTACCCATCGGCCATGTGGGTGGCGCCTTGTTCGTGGCGAACCAACACCAGCTTGATCTGAGGATGATCCACCAAAGCATCGAACAACGGGATGGCCGCGCCTCCGGGATACCCGAAGACGTACTCCACCCCTTCGCGGATGAGGCTTCTGATGATCACCTCTGCACCGTTGGGGATCTTCTTGTCCATTGTCTACGTTCCTTCCAGATCATCATCCCAGGCCATGACCGCCACGGCTCCATTGGCCCAGCGACACCCGGTCGTTTGCGAACTTCTCTGAATATCCTCTGATTTTCGCAAAAAAGCAAGACTTAACCAAACCAAATCCGCAAAAACAGCAACTTCTGGAGACAAAATGAGCACTGACGACAACGAGACCACCAAAAAGACAGGAAATTCATCCGGATTTTGGGAGTTCTTGGACAACGGCCCTAGAACTTCCTCCATTATTACCGCACTTTCCGCTCTTCTTCTGGTCTTCATTCTGCGAAGCGTGTTGATCCCCTTTATCATCGCCTGCATTTTGGCCGCTTTGACTTGGCCCTTTCGGAACAAAGTCTTGGCTTTGACCAGAAATAGACCGACTTTGACCTCCGGGATCTTGATCTTTGGCTTGATCTTGGTGGTTGCCACCCCACTTTCTCTCATTTCTTTCCTAGCGACCCTGCAAGCGAAGGAAATGATGACCAAGTTCAGCCCTCAAACGGTCATGCTTGAGCTCGGAGGCTTTGGAGAAAAGCTCAAACACTGGGAAATCACTCGACAATTGGGATTGTCGGAGGAAGAGCTTGCCCCAAAAATCCAAGAAACCCTATCAAGCCTGGGAGCCTGGGGAATGGACCAGGCACTCGGATTGGGAGGAACCTTCCTCCACGCCTTGGTCCTCACAGGAATCATGCTGATGAGCCTGTTTTACCTCTACCAGTCCGGCGATCAGTTCGTCGAGCGGCTCCAGTTGCACCTTCCACTCTCCAAGTCGGAAACCAATGCTTTGCTGGAGACGTTTCGCAAAACCTCTCGAGCCATCTTCAAAGGGAATTTCGTGATCGGCGGAATCCAGGGGCTCATGACTGGACTGCTGTTCTGGGGAGCCGGGCTTCCCTCCCCCGCTTTTTTTGGCGTGGCTGCCGCACTTTGCAGCCTGATCCCCGCCGTCGGGACCGGATTGATCTGGGCACCCGGAGCCATCGTGCTCTTGGTCACGGGTCACACCACAGCCGGCTTGGTGGTCATCGGAATCGGTGTCGGCGTCATTTCCATGATCGACAGCATCTTGCGACCCATTTTGGTGGGACGGGATGCGGGCATGCACGACCTGATGGTGTTTTTGACCACCTTGGGCGGGCTATCGTTCTTTGGGCCGGTGGGAATCCTGTTTGGGCCCTTGGTCGGCGCAGGCGTCATGGCCCTCCTACGCCTCAAAGAAGTATCCGTCAGCTCCGAGAGCTAACGGAGAGGATCTCGCGACTTTGTTCAAGTCGCGAGATCCATGTCCTTACTTGCCAGCAGGCTTCGCAGGGGCTGCGGCCGGAGGAGGCAGCATGCCAGCCGGCGGAGGAGCCATCTCAGGCTTGGGCTCTTCGAAGATGTCGTCCTTGTACGAGGCATCGATGAACTCGACCTTGTAGGTCTTGGCGAGCTTGCGATAGTACGCAGGCACCACGCGGCTAGCCACTTCCTGCTTGAGCATGCCCTCGATGGTCGGCTTCACCGAGTCCAGCGGAGGAGCCGATCCGGCCTTGCGGTCCTGGATCTGGATGATGTGCCAGCCGTACTGGGTACGGACGGGAGCGGAGATCTTGCCCGGCTCGAGGGTTTCCACCGCGGCGGCGAATTCAGGAACCATTTCCTTGGGGTTGAACCAACCCAGATCGCCACCGTTGGCCTTGGAGCCCGGATCATCCGATTCAGCCTTGGCGATGGCGCCGAATTGCTTGTCGTCGGTGGCGAGCTTCTTGGAGATGGCCAGGATGGCGGCGTGGG
CP064986.1_gap102	5126387	5128376	1989	AGCCGCTCCCATCGAAGCGGTGCTGTCGGGCCTGCTTTCCCTCTGGGCGTCGGTCGCCCTTCAGGCGGCCAATCCGAATTCCATCAGGAGCGCCTCCAATTCCTCGATGGGAATCGGCGTGGGAATCACCAGCATGCGGTTCTCGTCGATCTTGCGGGCCAGAGCGCGATACTGGTCGGCCTGCGAACATTCCGGGTTCCACTCGATGCAGGTCTTCTTGTTGATTTCGGCGCGCTGCACGTCGTTGTGGCGGGGCACGAAATGGATCATCTGGGTCCCCAGCTTCCTGGCCAACTCGATGATGAGTTCGTCCTCCCGGTCGGTGTTGCGGCTGTTGCAGATGAGCCCGCCCAACCGCACACCACCGGCCTCGGCGAATTTCACGATCCCCTTGCAGATGTTGTTGGCCGCGTACATGGCCATCATCTCGCCGGAGCACACGATGTAGATCTCCTGGGCCTTGCCTTCGCGGATGGGCATGGCGAACCCGCCGCACACCACGTCGCCGAGCACGTCGTAGAAGGTGTAGTCCAACTCCTGGGTGGGAGCGTAGGCACCCAGTTGTTCCAGCAGATTGATGCTCGTGATGATGCCCCGACCGGCGCATCCCACTCCGGGCTCGGGTCCACCCGACTCGGTGCACAGCGTCCCGAGGAACCCTGGCTTCAAGACATCCCCGAGTTCGACATCCTCCCCTTCCTCGCGAAGCGTGTCCAGCACGGTCTTCTGGGCCAGTCCGCCCAGCAGAAGTCGCGTGGAGTCCGCCTTGGGGTCGCACCCGACCACCATGACCTTCTTCCCCATTTCCGCCAATGCCGCCACGGTGTTCTGGGTGGTGGTGCTCTTGCCGATGCCACCTTTGCCGTAGACTGCGATCTTGCGCATGAGTTCTCCTTCCGCCCGAAGGACGGAATTTGACACCTGCGAAATCGCAGGATCCTTTTCGACATGGCTTACAGGGTCAATCGCCGTGCCATGTGCCCAGGAGGACCTGAATCCATGATGGATCTGACAATCTGACAATGGATTGTCGCTTGCAGGCCCGGATGTCGCTGCGAACTGCCAATCCATGGCGGATCGCTCCGGCTCCACGCAAAAAGGGCACCCTCCGAAGAAGGTGCCCCTAAGGTCGCCCATGGCTGTCACTCGATCGCCAGCCACGAAAAAAGCGTCACCGGAGGGAGGATGAAAGGTCGAGGGCGGGGAATATCCGGCCCGATGTCTCATGTCCATCCCCCTTAAATTCCTCCCTCCGGGACTTCTCGGCGGGTCAGGTCAACTCGTATTCCTTGCAGGTTTCGCCTTCCTGCATGGCGTCGAGGATGGCGTCGATCGCTTCCTCGTTGACCTTTCCGTACCACACGTTGTCGGGGTGCACGATCATGACCGGCCCCCGATCGCAAGCCTTGAGACAAGCCGTGCTGGAGACGGTGACCCCGTCCATCCCGCGATCGGCCAGTTCACCTTCCAGATATCCCAACAAATCGTTGGCGCCCTTCTTCTTGCAGGCCCCCTGCGCTTCGCCCGTGACACGGAAGCTCGCGCACACGAAGATCTGCTTTTCCGGCTTTTGCATAGGTCCCTCCGTTGAAACACGTCACCATTTTCAGAATCTTGGATAATCCTCCGGCATCGGACCTTTCGGTCCGATGCCGGAGGAGATGATGCCGCCTCTCTCGGGCGGATCGGGGCGAAAAAGGCGCCCCATTCGACATTCACGACATTTTCTGAATCAATCCGACTTTCTTCCCGACTGAGAATGGCGAGATGGGAGATGCAGTCGCCGCGACGAGCCCCTTCGACGGCGACCAAAGCGTTTCCTTCGAGCCTCCCACTCGCCATCGCGAGCGGGACCCCTGCGGTACGCCGCGATCACCATTGAGGGGTCGGAGCAAGAATGCGCTCCCAGATCGCCGTTCTCACATCTGCAACTCCATCTTGTGCTCTTCCACGTCCCGATCGATGCGATCCATCAGCAGGTTGAGGATC
CP064986.1_gap103	5132179	5135513	3334	TCTTCGCGAAGGGTGTCCAGCACGGTCTTCTGGGCCAGTCCGCCCAGCAGAAGACGCGTGGAGTCGGCCTTGGGGTCGCATCCGACCACCATGACCTTCTTGCCCATCTCCGCCAAAGCCGCCACCGTGTTCTGCGTGGTGGTGCTCTTGCCGATGCCGCCTTTTCCGTAGATTGCGATCTTGCGCATGTGTGCTCCTCCCCGCCCATCGGACGGATTCTGTCGCCCACGAACACCGTGGACCGTTCCATGTCCGACCACTACATCAATCATCGTGCCAGATCTTTTTATCCGGAATGCGGACGAATTCCGTCTTCAAAGATCCGCCATTCTGACAAACGACAGACCATATTGTCGGTTTTGTCCGTCATTGGACACTGCCAATCGGCATTTCGGGGGTTTTGCCCCCCGGACCGGTTTGCCACTGGATTGGCATTGGGATTGCGAATTGTTGCCATTTGTACAGTCAACCCAACCGAGGGCCACCACCGATGCCGTCCCTGACCTGCCTGATCCACGATCGATCGTCCGCGCGGCTCGCGAGCCCCGCATGACCTCCACAAGTCATGTCTCGAGCCGATGCAGCATCCCTCCCTGGGCTTTGGCTTCCCAAGACTACCAGGAAGACCCCTGGCCTTTGGAGATCGTGGGGACGCGCGAGGCGGAGTCGCGGCTCTTCAAATTGTTGGAACGGTTGGAAGAGCCCTCCGCGCGCGGGGCGACCTTCCACGAATACCTGATGGCCCGGTTCCATCTGGACCAACTGTCCGGAGGCGCCCCCTCCCCGGACACGGCCACCTTGCAGCACAGCTACCTGCGATTCCTGCGCGGATGGGGAGCCGACAGCAACGGCTACTCCGGAGCAGTACTGAAAACCTGGGCGGAAAGCCGGTTCGGGCTTCGCCCCACCTACCACGCCGGGATCCTCGCCTCCAACGAGGAGGCCCAGGCCAAGTACCTGCGCGACCGCATGCGCGGCGAAGCCGAGACCATGGGTCTGGGCATGCAACTGGATCTGCTCTATACATACTGCCAGTACGAGCTGGGGCGGCGCTTCCCCGGCGAACGCTGGCTCACACTGTATAGAGGAACGCACGACCCGGAAGAATACGCGGTGGATGTGCCCAAGGGGCACGTGGTGCTCAACAACCTCAGCTCGTTCACGTCCGACCGCGAAATCGCCTGGGAATTCGGATCCTCCGTATGGAAGGTGCGCATCCCCATCCCCAAAGTGGTGTTCTTCAGCGGCCTTCTGCCGCGCAGCATCCTGGAGGGAGAAAAGGAATACCTGGTGCTGGGCGGACGTTACAAGGTGGAGGCGCTCAAATGGTGATCGTGCGCCCACCTTCGCGTCCGGAACGCATCGCGGGAGGCCTGTGGGGACTCCTGGTGGGCGATGCCGTGGGCGTGCCCTACGAGTTCGCCCCGCGCCAGCGCATCCCGGCCTTGCCGAAAATTGACATGGATCCTCCGGTGGAATTCATGCGTTCCCACGTGGGCATCAAGCCTGGAACCTGGAGCGACGACGGGTCGCAGTCGCTGTGCCTGGCCGCGTCCCTCCTGGAGCGGCGCGGTCTGGACATCCACGATCTCATGGACCGCATGGCGCGGTGGTTCCGGGACGGATACCTCGCCGTGGACCGCGACGTGTTCGACGTGGGCCTCCAGACCCGCCAGGCGATCGGTCGTTTCTTGTCGGGGAAGACGGCGGACAAGAGCGCGGCCAGTGGCGAATGGAGCAACGGAAACGGGTCCTTGATGCGCTCCCTGCCCCTGGCGTTGTGGCATCGTGGCTCGCCCGAAGAACTGGTCCGCGACGCGTTCCTCCAATCCTCCATCACGCATGGCCACCTGCGCAGCGGGATCTGCTGCGCCCTGTATTGCCTTTGGGCGCGCTCCGTCCTGGAGGGGGGGCTCCACCCCTGGCACGCCGCCATCGAACGGTTCGAAACCCTTTATCCCGCCGGCACGCCGGAACGGACCGAATACGAGGCGAACATCCACCCGCGCAACCCCGACCCTCCCAAGGGAAGCGGGTATGTGGTGGATTCGCTTCTCTCCGCCGTCTGGGCCTGCCAGGCGGGCGGATACGAGGCGGTGATCAAAGCGGCGATCTCGCTGGGCCAGGACACCGACACCACCGCTTGCATCGCCGGTGGGATCGCCGGGGTCCGCGAGGGCCTGCACGCCATCCCGCACCGCTGGATGAAGCGCATGCGCGGCAAGGAGCTCGCCCTGCCCATCCTGGAGGCGTTTCTCGCCTACGACCAGGATCCATCGAGTGTTCCACGAAACCTTTCCAGAGGATAGAACCGTATGCCCATCCAACACGCCATCCATTTTTTGCGCGACCTCGAGGAACTGGAGCCATTGCGCCAGAAGCTCTACCTCTGCGAAGGCCGCGAGGCCTTGTTCGCGGCTTTGGAAAACGCCGGTTACAGTTTCACTGGCGGCGAGTTCGAAGAGGCGGTGGACCATCTCCACGTGGCTTGCCAATCCCACGAGCAGGCCGACACCCTGATGACCAGGGCCAATTGGTTTCGGATGGTCAGCGCCAACGCCTAAGCCAGCGGCTCAAAGTTTTTTCTGGAGAAACAGCGCGTGGCCCGTCGCGGGGTCCAGCTCGTAACCGGCGAATCCCGCACGCTGGTACACGGAAAGTGCGCGCTGGTTTCCGGAAAGGACCTCCAGCGTGACCTTGCAGCAGCCCCGTCGGCGCGCCTCCTCGAACAGTCGCTCCAGAAGGGCTCTCGCCACTCCCCTGCCCCGGAAGGTGGGTGCCACGGCGAAATCGTGCAGGTTCAGCAAAGGAGCACCAGCGAAGGTGGAGTAGCCTTCGAAAGACACCGCCACGCCGGCGGCTTGGCCGTCGATGCGCGCGATCAGGACCATGCAGGTGGGCCGGACCGCCAAGTCGCGTGGAAGCCTCTGCTTCACCTGCGGATCGAGCGCAACGCCACCGCCCATGGGGTCGCGGGCGTACCCGTCCAGCAGTTCGACAAGAGCTGTCGCGTCGCGTCGGTCGGAAAGGTTGGCGATGTGGATGTCCATGGACACAAACCTAAACGCCTGGAGACTCTCCGGGAGCCATCACCAAGTCAGACCGAACCCGAACGGATACAAAGGGTCGTAGGACGCATCCCCCACGTTGATGGGGATCTGGGCCATCGAGCGGGGCCAGGAGCAGGGCAGCTTGCCGGTGGGCGCGACGGTCCCGAACAACACGTCGGCGACGCCAGCGCCCTCGGAGCCGGGTAGCCAGGCCATCACGATGGCGTCGGCCAGCGAGGCGAGCTCGCCCAAGATTTGTGGCCGACCGGCGATCATCACCAACA
CP064986.1_gap104	5233341	5236627	3286	GATGATGCGCCGCGGCCACTGAACACCCAGCAAATTCTGTCTACCAAGGCATCCCCATTCACCGGGGATGCCTTTTCGTTTTTCAGTCCCTTCCTTGTAGAGACGGCCCGGCGGGGCGTCTCTACAAGGAAGGGACGCATTTTCCGTTCTTCAGGTCGGCGATGCGAGCTTGCGGATCGCCACCAGGGGCGCGTGGTCGGTGGTGCGATCCTTCACCACCAGGGTGGTGGCGGGAATCCCCGCGATGGAGGCGCGAAACAAAAGGTCGTGCCCCAGGCACAACCCCATTTCCAACACCAGGTCCACATTGGCCGCCTTGATCTGTTCGGCCTGCCCCAGCGGGTTGCACGAAACCTTGTGGATCTGGGAGACCGCGTTCACCTCGTCCTGCGCGAGGGCACCCGTGGTGCACGATACGGCTTCCACCCGCAATCCTTTGCTTCGCAGATGGCGCGAGACCGTGGCCGCATCCTTCTCCATGCCGTAGCAATACGCAAGACCCACCTTCTTCCACGATCGATCAAGCGCGAACTCGACGATCTCCTCGATGCGCGAGAGAGTCCCCGCCCGTCCACCATCCACCAAGCGGGATGCGGCTTGGACGGTTTCCTGGGTTCCCTCCTGCAGGTAATCCTCCTGAACCTGATCGCGCGAAAACGATTCGTTTCCGCAGGACTCGAGGCTACGACAGGATTTGGCTTTGCAAAGCGTGCACTCCATGCTTGATTCCCCCGTTGTTGATCGCGGGCTTGTCTCGCTACCGGATCTGCGCGACCACCAACGAAACCGCGACACCCAGCAGGAGTATTCCCAGGACTCGCTCCTGCACCCGCTCGGGCATCCGCTTGGAAACCCATCCACCGATTTCCATGCCCAACAGCACGGCGATCAGCGCTGGTGCGACCAGCGTCCATCGGAGATTGCCTGACGGAATTTGCACCGCCAGGCTGGAGGCGGCGTTCAAGGCCATGGCCCCCAGCGAGACCCCCACCGCCGCGGAGGCGGAAAGCCCTCCGCGCAGGATGAGCGCAGGCATAGCCAAAAATCCACCGCCAACCCCGAACAGTCCCATCAAGGCACCGGTCCCCGCGCCCGCCACCGCCAAACCGGTCGGATCCGGCTTCGGGGTGTTCTCGGTTTCTGTCGAGGCCCTGCGCGGCAGAAGCAATCGAGCGCCCGCGAACAACACCACCGCCAGGAAGCTCCAGTGCAGGATCGCACCGGGGATCTTGTGGGAAACCCAAGAGCCCAGGGCGGATAGCACCATTCCAGGCACCGCGAAGCGCCCCAGTACGGAAAGGTCCAACCGCTTGGTCTTCCAGGCATCCCAAGCACCGGAGAGCGCCGCGAATCCAACCACGGCGGTGGTGGCCGGAACGGCGAGTTCCATCGGGACCTTCAGAACCATCAAAAAAATCGGCAGGGCGAGCAAGGCGCCGCCCGCACCCAGCGAACCAAGCACGGTCCCGACCAGGACAAACAGCAGACTGGATTGCCACGTGTAAATGAAGTTTGGGCACATAGTGGTTTCAGACTCCTCCCAAGCCCAGGAAGTTACGCCTTTTCTCAGGGATCCGATGGATTTCCCGATTCCTGAAACATCAGGCGATCGAAGAAGAAACCCGGCTTGGAGCGGAACATGGTCGGAGGACCGGACGTGGTCGAAGCGGTGGTCAGGCTTCCCACTGGCGATCTCGTGAAGGCTTTCCGAGACCATTTGAACGCCGCCTATCGCAGGAATGCTCACCGCCGCAGTCGGAAGGGCACCACCAGCGGGGCATGGTCGGAGGACGCGATCGAATCGCGCACTTGCACCCAGGATGTGTCGACTTCCAAATAGGCGGGATGGAAGTAGACATGGTCCAGCGGGTGCCCGAACCGGGAAGTCCGGCGTGTGCTTTGATCACCGAAACCAAACCGGACCAATCCAATGGATCCCAGGACGGAATCGGACAGATTCTGCTTCCGATCGCTCCAGGTGTTGAAATCCCCCGCGACGATCAGAGGGCCGGTGTGCGCGCGCAAGCGAGCGCACAGATCCACCAATTGGCCGCGGAATCCGGAAAGATTCGGAGAAAAATTCAGGGCGTGCACGTTCGCCACGCAAAGGGTGTCCTTGGCGATCCGGTAGCGGGTCACCAAGGAGGCCTTGCGCGTGCGGGCGACCGGCTCGCCGGCTTTCGAAAGAAGCGGTGTCGCCTCCAAAGGCAGAGCACTGGAGGCGGTGAGGACGCCGTACTGGACACCCTTCCCCGCAAGGTTGGCGGAGAGATGCCAGATTCTGTCAGACAAGGCCGACTGGAGCGCGGAAGGATTGGAATCCACCCGCGCCTCCTGCAGGAGCACCAGATCGGCGCGGCTCGTGTCCACCAAAGCGCCGAGATCGGCAAGGAATCCAGGATGATTTTCCTTGTGGGTGTTCCAGCTGACCAGGGTGAACCTGGAAGGGATCGAATCGGGCAGTGGCCGCACCGGACCTTCGATCAAATGGGGGCTGCGGTGTATGGATCCCGCGCTGGCGACCAGCGGTGCCAGCGCAAGACTCGCGGCGAACACCCTAAAGAGAAAGGGTGACGTTCGCACGAAATTCCTGATTGACGATGCTCACGTCGGGGTATTCGTCGTAGTACCCGAACCGATCGTAGACGTGGTAGGAAACCCCGAAGCCAAGCGCCTTGTAGAGATCTTTCTGGATTTCGATGGAATGGATGTCGATCACCTCGTCACCCGACGCACCGGATTGGGTATGGATCCAGTAGCGGTCGGAGAAGGCCGTCAGCATGCCGAAACGCGGCTTGCGGATGGACAGGGCGGTCTTCCATCCACCGCCAAGGCCGAGGTTGTAATCGCGTTCCACGTTCAGGTAGTATTCGGTGCTGGCGGCTCCCAAGGCGATGAACACGGGCTGCACCCGCCCCCAAAGCCTCCACTTTTCGGCGAACTTCCACTCGGTCATCCACTCGAGCCCCATGCTGTTGGCAGAAAGCCGGTAGATGGAGCTGTTGAGGTAGTCGTAGTTCTGCGTGACTTCGAGGATGTGCCGGGTGCGGTCGGTCTCGAACAGGTCCGTTTTCCACAGCTGCCCGCGAAGGGAGATGTTCGCCACCGGATTGGTCAGAATGGAAAATCCCAGGTTGAGTGAAAAATGGTCGAAGGTTTTTTCCGCCTCGAAGGGATCGCCATGGACTAGACGGATGCTGGTGGAGGCCAACGGCACTTGCGCGACCGGCTCGTTTGCCGTGCCCTTGGCTCGCATCAGCCCCTTGCCGATGGCCCTGCTGGTGGA
CP064986.1_gap105	5250606	5252581	1975	CACTTCGCCGTCGATGTCGTCCAGCACCCGATCCACCAGCGTCTTGATGCCACGCCCGTTGTCCTTGCGCCAGGCGACCAATTTCTGTCCCAAGGCGTGCAGGGTCCAGGGACCTTTGGCCAACAGCTCGGCCACGATCATCGCCTGGGCGGTCTCGTCATCCCAAGGCCTGGAGGCTTCTTCCGGATCGATGAACCGGATCCGGCCGCCGCTTTTCTCGTAGATGACTTCGAAAGGGAACATGTCCTCGAAGGGCTGCCCCAAGGCGTTGCCGGATGCGAGACCAAGGAGACAGCCTTCGGCGCGGAGAGGATCGATGTTGGTGGGCATAGGGCGTCAAACCTAGCTAATGACGCCCTATGCCATCCCCGGAAACTACGGCGTCACCACCGCCTGCGAGGATGCGGTGGCGGCTTGGATGCTGCCATCGTACATCGCCGAGGCGAATGCGCCCGGACGCAGGAAGGTCCCGGAGTAGCTCGCCCGGGCCCCCACCTGGAAGGTCACGGATCTGCCTGCGCCCAACGCGAAGTAGTGGAACACGCGGTCATCGCGGAAATCCACACGCCGTGCCGCGTCCTTGGCCGGCCCTTGAGCCCCCTCCATGGCCTCGTTTCGCAACTCCCATCCGCCAGGGAACACCTGGATCAGCGCGAGGTTGTCCAGGTAGTCGCCGGTGGTGTTTTTCACGGTGGCCTTGATGACGAAATCAGCACCTCTCGGCAAGCTGGCGGGATTCACCGTGGCGCCATCGGCATCCACGTATTGCACGTCCAAGGTGAGTCCATTGGCCGGCGGAGGCGGGGTTCCGGGAGGATCGATGCCGATCCGGGTGAAGAGCGCCTCCAAAGCGCCCTTGCCGGAATTTTCCACCTCGATGGGCCCTTGGGCCTTGTCCGGCACATCGATGGAAATGCTGCCGCGAGCACCGGATACGGTTTTCCATTCGCCGCCCCCCGTACGCCAACGCGCCTGGAAGTTCCCGGCCCCACCGCGAGCGCTGACCCAGCGGGATAGAGCCCAGAGCATGGCTCCTGTTTCTTGCGTGGAAAGCCAACGGCTGGACCGGATCTGCTCGCGCAGCGAGGAGGCCATCGGTCCGGAGCGTTGGGTTTCGCCCATCCGCACCATGGCCTCCAGGATGAAGGCTTGGTCGCGCACATCCGACCACAACCAGGAAGACAGCGAACGCGACGACGACACCGACACCCCGGCCTTGGCGGCGATCTGCGTGGCCACATCCTTGCGCCCCGCCGACGCGTACGCACCCGCCAGAATCCAGCGCGGCAGGTCGGACATCGGTGCGGCCCGCAACACGTTCATCCGGCCCAGGTCCGGGCGATTGGCCTGCGCGAGGATGTCCAAGCGAACCACCTGCGCGAGCGTATCGCCACGATCGTGGGCATACACGCCCGGGCTCCAGCGGGAAACCGCCTCGCCCAGATGACGCAGGTACGCGTCCCACATGGCCTGAGGCACGGTGTGACCGGCGGCCTTGGAAGCCAGGAAGAACCGACCCGCCCAAATGGTCCCCCATTCGTACGGAGCGCCCTCGCCAGGCCACAGCGTGAAAGCGCCGGAGGGCAACTGGAAGCGCTGAAGCTTGTCGATGGCGATGTCCACGTTCTGGTTGGCCTGCTTGATCCGGGCGGGATCCGCCCAGGGCATCAGATCGCCCAGGAACACCTGGGGGAGCGCTGCGGAAATTGTCTGTTCCAGGCAGCCGTGCGGGTAGTGCACGAGCTCGTCCAGGCGCTGCTCCATGCCCACCAATCCCACGGACGAAAGCTCCAATCGCGCCTTGCGCGAACCGTCGGCGCCGTAGGACTCGAAGGGAACGGACCACACCTGGCCCGCCAACGGGGATCCCCACTGGACCAACGCGCGGGGCTCACCCGGCAGACGCACCTGCAACGGTTCGTCCACCTTGGCCGTGCCGTGGGCAGCTTCGGCGACGACGTGCACACCAACTTGC
CP064986.1_gap106	5314756	5319432	4676	AAACGCATCCTCGTCCAGGCTGCCGGTTCCAGTACCACTCCAGGTGGATTCCCTTTTCGAATGGGCACTCCCCCGTCAGCAGGTACAAAACGAACGGCTCATCGATTCCGCTCCTATCCGATCATCTCGGATGCGATCCGTGCCGCGTCTCCGTAGTGGCGGAGTCCTTCAAGAAACTTCCCATCGAGGTGTCGATGCTGGTCGCGAGGCCCGCCACCGACGTGGCACCGGCACGGGAGGCTTGCGCCACCTCGGCGCCTTCCTCCGATACCCGGGCCAATTCGCGGATGGCTCCGCGAATTTCCCGCGTGGCTCGCGAAGACTCACCCACGCTGCGCGCGATTTCGCGCGAAGTGGCGCTTTGCTCTTCCACGGCTGCGGCGATGCTGGTCTGCAACATTTCGATGCGTTCCACCACCTCGCGCACCTTGCCCATCGCCTCGATGGACCCGCCCACATCGCGCTGGATGGTTTCCACCATGCGTCCGATTTCTTCGGTGGCATTTCCGGTCTGTTTGGCCAGTTCCTTGACTTCCCCCGCCACCACCGAAAATCCCTTGCCAGCTTCTCCAGCCCGTGCCGCCTCGATCGTGGCGTTGAGTGCCAACAACTTGGTCTGGTCGGCGATGTCGTTGATCACATTCACCGCCCTGGTGATTTCCGCGCTCGAGGCACCCAGATCGATGATCCGTTGGTTGACCACCACGGTGGTGCGGCTGGCGTCCTTGGCGACCGCGGTCGCCTCGGTGACGTTGCGGGAAATCTCGCCCACGCTCGCGCTCATCTCTTCGGTGCTGGCCGCCACCATCGCGATCTGCCTGTCCAGATCTTCCACGGATCCTCCCGTGACGCCCGCCGCCCTGGCTGTCGACTTGCTGGCAGACAGAATTTGATCCGCGCCTTCCGAAAGTCCGGTCGAAGCTTCCTTGAGTTGGGTCACCTGGGCGGCGATCGACTCCTGCAATTGCTTGGTTTTCTTCTCGGTTTCGATCTTCTTGGTGACCAGCTCCCAGGTCAGCATGGGTCCGATGTATTTGCCCTTCTCGTCGCGAACCGCCACCACGCGCTGCTGCATCCAGTCGTGTCCCACCATGATGGTGGCTGTGTGGGGCAGGTTCGATGGATCCGCCAGAATGCGCCGAACGCGCCCCGGATCCTTGTGGAACATGTCGATGCACTTGCCCACGATGTCTTCGGCCTTGCAATTCATGGCGTACTCGATGCCCTTGAGGGTCTCGATCGATTGGCGGTTGGCGTAGGTCACATTGAGGTCAAGATCCGTCATCATGATGTTGACGGGAGCGAACGACGCGAGGCGTTCGTACACCACCGCCTTCTGCAGCTCGCGACGGGAATAGACGATCATCCATCCCACCAACGCCAAGAAGATCGCCAGGGCCACGATGGAAAGGTTCGTGCGCACGACCACGGTCTCCTCGACCGCTTTGCGCATCGCCGCGTCCCGACTCTCCAGCTTCTGGAGAAGCTGCTGGTTCAGCGAATCATGCAGGTCATGCGCCGGCGCGTACTCCTTGGCCAAAAATTCGATCATGGCGGCTTGGTTGCCGGACTCCATGATGGGAACGAACTTCGAATCCATCACCTTGAGGAATTTTTGCATGGGATCCACCGCCGCGTGCAGATCCGTCAGGACCGGATCCCCTGAGAACAGGGAATCGAAATGGCGGAGGGTGGAATCGAACTCCCGGCGATGATCCACGAACTCCTGCCAATTCGCCTTGCGAACCTGTGGATCCACCGAGATGGCCACTTGGTGCAAATGCATTCCCGCCTCCACCAAGAACATCTTCGGCGGGGCGACCTCCACTTCCAAGTGGGTCTCCTTGGCTATTTCCGCATCGAGGGGGCCGCCCACGCGCACGGTCTGCATACCACGGAACACCACAGCCCAAACCGCGATGGCGACCAGTGCGCTCGCTACCAAAAGGACAGTCACGCGATCACGTATGGACATAGCTCCTCCGCAGGTGTTCATCGACGGACTCAGCCTACCATCTCCGGAGTTTCCAGGGAAGGCGGATTTTTCCGGATTCAAGGATGCGCGAAATACCCGGTGGCCCTTAGACGGAGAATCTTCCCAACTTGCCATGAATGGAATCGGCCGCCACCTTCACCAGCTCCGCCTGGACTCTCACATTCGCTGTCGCACCGACGGATCGGGATGCCAGGTTGGCCGCGTTTTCCAGCCCTCTGCCCACTCCTTCGACTCCCTGCCTGCCCGACTGTGAAAGTCTGGATATTTCCTGCACTTTCTGCTCCTGCTCCATCACGGCCTGTTGGATTCCTTCCGCCGATTGGTTCACCTGCTCGATCGAGCCCCTCACGGCGCCGATGGATCCAGCCATCTCGCCTGCCGTTCCACGGATTCCTTCCACCATCCGCGTGATTTCTTCGGTGGCCTTGGCTGTCCTGGAGGCGAGGTCCTTGACTTCGCTCGCCACCACGCCGAATCCCTTCCCGGCCTCCCCCGCCCGCGCCGCCTCGATGGTGGCGTTCAGCGCAAGCAGACGTGTCTGATCGGCGACATTGGTGATGACCTCGACGATCTTACCCACCTCCTGGGTCGCCTCCTGGAGCCGAAGCGCGCTTTGCTCCGCGCTGGCGGTCTGGTTCATGGCCGCACGCGAAGCGCCAGCGGACACCTGCGATGCCTGGCTGATCTGGCTGATCCTTTCCACCAGTGCACGCGACCCTTCGCTGACCGACAGGATTCCTCCCTCGATCGAACGGAGCGACCCCTGCAATCCGATCAGCTCGTCGGACGTCCTCTTCGCAGAGTCTTCGATCGATCTTCCTTCGTCGCTGAGCGCCTTCGATGCTCCGGAAAAATCGTCGGCCGACTTTTTGACCGAAGCGATGGATCCCTGCAATTCCTTGCGCATGGATTCCAGCGCCAATCCCAACGCATCGCGATCGGAAGCCGGACGCACCGCCACGGACAACTCCCCTCTGGCGATGTTCGAGGCTTCCCGGCACCGTTCCTGGAAATACCCCACCAGGCCCAGGAAAGCGGCTTCCAAACGGCCCAACTCGTCTTCTCCCCCCGACTCCAATTCGATCCCCGTGTCGCCTTTGGACAGACGCTCCGCCGCCAGCGCGATGCGCCCCAGCGGGACGGTCTGCCTGCGAACCAACAGGAGTGCACCGGCCACCATCATCGCCAGTAGACACAAACTGACAACCATGAGCATCCGGGTCGCGCGGCGTGCTCCGGCGAGAACTTCCTCGGCAGGCGCTTCCACCAGGATCGCCCAAGGCTTGTCTCCTTTCACCACCGAAAGCCCCACCGCGAGGCGGATCGTGTCACCATCCTCGTGGATCCACTCCTGACCGTTCCCGATCGCCTTCAGGATCTCCACCGCATGGAGAGAATCGATCTCCGCGAACGATTTGGTGATCGCCTCCGGCTTTCCGGTCCGCGCCGCCACCAAGCCGGTGTTGCCTATCACGGTGAGCCGGCCCTTGCCGCCGAACTCCACGAACGAGTCCGCCTGCGCCTGCATCGGGGCCAGATTGATGTCGGCGGTGGTGATGCCCAAAAATTGTCCATTCCGCACCATCGCGGAGACCACCGTGGCCATGAGCACCGTCACGCCTCCCACCGGGTAGGCGTAGGGGTCGATCAGCATGTCCTTGCCGGTCTGCTTGGGCAGGAGGTAGTAGTCGCCAGCGACCGGCTTGTCGTAGTCGACCAAGGGTTCGCAGGTGATGCCTTTGGCGGAGCGCGACCAGTAGGGAATGAAGCGGCCCGTCGCATCGTGGCAGACCTTGCCTTTCCATTTCGCATCCTTGTGGTCCCACGCGTCCGGCTCCCAGCCCGTGCTCACCCCCACGAAATCCGGATTGGATTCGAGCATCGCCCGGATCAGGACCGAAGCGGAGTCTCGATGGTTGCGGCGTGCTTGCATTTCCATCATCTGGTGCGCCAGCACGGAGGTGGCACCATGCGCGTGAAGGAAATACTGCCCCTGTTGCTGGCCGCAACGGGTTGCCAACGAGCGCATCCGCTCCACGCCGCCTGCTCGCCCCTGGGCATCCAGAGCCCACCAGCCAAGACCAACAAGAACGGCGCCCATCAATAACAGCGCACAACCCAGTTGGAGAGTGACGAGTCCGCTGAGGGTACGGGGGCGCAAGCTCGAGAAGAAAGGCTGGATCGACATAGGGAGGACTCTTCCTGGGAGCGTGGAATTTCTGATTCCGTCGATCCTATCACCAAGTCGCCACCAAATCAACGAGAGCCGTCACTCCCTCAGCGCTTCCTTGTGGACTCCAATTCCACCGTGAACCAGAATTCCGAACCGGCACCTTCTTCGCTTTCCACCCCGATCTGGCCACCCATGAGCTCGACCAATTGCCGGGTGATCGCCAGTCCGAGTCCCGTTCCACCGAATTTTCGCGTGGTGGAGCTGTCCAGCTGGGTGAATTGCTGGAAGAGCCGACCAACCTGCTCCTTGGAAATTCCGATCCCGGTATCTTGCACGCCCACGCGCAAGGTCACGTGACGATCGTCGTGGGGAAGCTCCGCGAGATGGATCGAGACGCCGCCCTGCTGCGTGAACTTGATCGCGTTGCCCACCAGGTTCAACAGAATCTGTCGCATCCTGCCCGGATCGCCCATGTAGGTCCCAGCAACGCTGGAATCCACGAGGCGA
CP064986.1_gap107	5360171	5361483	1312	TTTTGCCCAGATGATCCAACCCGAGCCGTTTCCGCCAGATTTCCGGCTCGGATTCGACGCTCAACGCAAGGCCATCCACCAGCAACATCCAGACGGCATCCGGCGAGATCCCCACCGGCCGATGTTCGTCCCATGCCCGCACGAAAGCCTGGAGAAACCCGTTTCCCTCGATGTCGACCAATCTGTGCTCCCCGAACTCCCTGGAGACTATCCGGACATTCTCCTTTGTTTCCGCCCCGAAGCCATCCTTCAAGGGGTCCCGAGGCTGGGAACGCCCCTGGACGACAACGCTCCGGAATATGTCACCCGCGCTTTCAACCTGGTCGTAGCCCAACAGGCTGGTGTCGGCAACGACATCCGCAACGGTGAAAGTCATGCCTGCCGCGGAGGGCCGTATGCTGGTCAGCTCCGAGGAGGTATCCAGGAAAATCGCATCCTTGGTCACGACCATCGAGCGTGCGGGAAGAAAGCGAACCGCATTTTCCCAATACAGTTGCTTTCGACGAGGGCCGCTCATGGTATCGACGTATCGGCGGAGACCGTCCACTTCCGCGACGAACTGGCGAAAATCGCTTGTCGCGGGACTTGGGGCGGGTATCAGAGACAACTTGCCGTTTCGCCACACAGAAATCCACAGGATATCCGCATCAGCGATCCGGATCCAGCTGGAATCGGTAAGAATGCAGCGTTTCGCGTCCGCACAGGTCACGAAGAAATCGCGGATCCGGGTCCGGGACATCCGCCGGACACCATTGACGGAATCCGTCTCCAAGGGCATCGGGAAATCCAGCGTCAGGATGGCGTCGCCGAACACCCGCCTCCAGCCACTGTCGGGCCGGATCCTCGCCCGCACGCGGATCGAATCCTCACCGATCCAGGTGAACCAAGGCTCCAGCCTTCCGGACCCGAATCCATCGACGGAAAATGACATGGTGGTATCCCACAACGGGGGGTCGGAGACCCAACGCGACTTCCTGTGCTGTCCCGAAGGCGCCACTCCCCATGCGACGGAGCACTCAAGTGGCAGACTGTCATCGACCCATTCGCAGATGCTTTGAGATGGCTTCGACGAACCGTTTCCGTTCGACCAGTCCCCGATGCGGATCCCCGGCTGGACTTCAAATCGTTGGCTTTTCCATTTCCATCGAATGTTCTCCGACCTCCACCCGGAAAATTCGCGCCTCCACTTCGGATCGGAGCTTACCAGTCCTTCCCCTTGCTGATGCCAGCCACCTGGCAATTCGACGGATTCCACCTCTCCTGGAACAGAGCCGCGACTGTCCTTCCAAAGGCTCTGGAGGTTCGTCCCCGA
CP064986.1_gap108	5363211	5365880	2669	GGCGAAAAGATCCGCTCGGCCGCGGCTTGGCCATCAAAGCCTATCTGATGGCGAGCTTGAAAACCAAGGATTCGGTTTCCAGGAATGACTTCGTTCGTCTGGCCTGGCTGGTCCCGAAAAACAGCAAAGCTTTCTGGAACCACTGGGAGGACATCCTCAAGCCCCAGGCGCGAATCGAGAGTGCGAAGAAAGAGGGGGCCAGGAACGCTTCGGACTATTTCGGTCGGAAACTTCGCCAGCTGCAGGACAGCCCCTTCCAATTGGCCACGGATTCGCTGGACCTCGACTCGATCAAGTTGATCACCAGAATGATTCCCTTTCCAACTCACGACCCGCATAGATACGACCGGTGATGAGAAGGTGGCCTCTTCGCCAATCGTGTCGATGTCCCCGGAAACCCTAGGGATCGGCGAAGCGAGGCGCAGCTACGCGAAACGACCCCGATCTTCGCCGCAGACGACCTTACCTTTTCCCGGGTCCTTGGTCGCCCCTCTCTCCCCTATTTCGCGATTGCGAGAACTCATGCCTCGACTACGATCCATCGCCTTGGCCACCGCCCTCGGCACAACGTTTTCCTGCGCCTGCCTATGGGACAGCGAAACCATCTACGTGGAACGCATCGGTTTTCCCTCCGACATCCGGATGATCCTGGGGGCCTTCCTGGTGCGATCCGATTCGTTCCATCTCCATAGGAAGGCCCTTTCCCTGCAGAAGATCGCCGATTCGGCGAAGGCAACTCCCTTGGACTACGACAACCTCGCCGTTTCGCTGGACAAACTCCATCGCGACGATTCGGCCATCGTCGTCATGAAATCCAAACGCGTCCGCTACGGCCCCGCCTATGAAACCATGGCCAACATGGGAACCTTCCACTTCCACCTGGGAAATTTCGCGGAAGGACTTCCGTATATCGATTCGGCACTGAAAATCAATCCAGAAGCCCATTTCGGGCGGGAGCGCTACCAGAAGTGGCTGGTGGAATACATCCTGAGCCTGCCCAAGAAAGGCTCCCCCCTGTGCCCGGCAAAGTCGAAGAGGGATATCGGCAGGGGCAAGGGGGAACATGGCTACGCGGCGTTCGTCGCCAAACAGGAAGGAATGACGCGTCTCTCCGATTCGGCGCGGGAAAAGGCCATCCGCGGAGTGCTCGGGATGATGCGGTTCGGCAATGGGAACCATCCCATTCTCCTGGAATCCTACGGCGACCTGGCACTCGGCCGTAAGGACCCCTTCGGCCGCGGATTGGCCGTGAAAGCCTACCTGAAGGCCAGCGAAAATTCGTCCGACTCCAGCGCGAGAATCGGGTACGATCGTTTGGCGAGTCTGGTCCCCAAAAACTCCGCCTCGCTCGAAAAGCACTACGACGACCTCAGGAACTACCGGATACGTATGCAATGGAGGATCGCCGACATGAAGCGAGATCGCGGCTCCAACTTCGAGAACGACGCCAACAAGATCGAAGCATTCCTGAAAGGCCCCGAAGAAGAGGCCGATCCGTACGAAGGCCTGGAGACCGAGATCGATCTGGGAGAGTTCGATCCCGATCAGGATCCTCCCAAATGGAAATCTCGTCGCTGGAAGCAATACGGCAACCGCAGATGATTTTGGGGCGAACCGGGTCTGTTCGTGTGATTTGTTGACCGCCTGAACAACACAAAATCCATCTGAAGCGCTCCAAATCAGGCCACAGCCAACAAGCCCGACCCTATTCTCTAGGGGACCGAAGGTGGGGATTTCTCCCGCCGGACTCCAAAGGAGGACACCATGTTTCCACTGACCCCTCTCCCAAGACCTTCAGGCTCTGGCTCCACGATTCCTCGTCCCGCATCCACCGGAAGCCACTGAGGCGAAGCGGTCCTAAGCCCTCGGCATCGGGGACAACAACTCGCGCAGTTCTTGCGCGGACAGATGCAACGCCGACGGCGCGCCTTCCACCACCCCGCGCACCAGGTCGCGCTTTCGCTCTTGCAGCAGCGCCACGCGCTCTTCCACCGTCTGGGAGGCCAGGAGCCGATAGACGAACACCGGCCTCGATTGCCCGATGCGGTGCGCCCGATCCACCGCCTGGGCTTCCGCTGCGGGATTCCACCACGGATCCCACAAGATCACGGTATCCGCCGCCGTGAGATTCAGACCGCTCCCGCCCGCCTTCAGGCTCAGCAGGAACACGGGCACCAGACCCGATTGGAACCGATCGACCTCCGCGGCACGATCCACCGTGTCGCCGGTCAGGAAGGAATGAGAAATCCCCATTTCCTTGATGTCGGAGGAGATCAACCGGAGCATGGAGGCGAATTGCGAGAAGATCAGGACGCGGCGACCTTCCTCGATCATTTCCGGGAGCACCTCGGACAGCCAAGAGGTCTTGGCCGACTTCACTCCCAGCAGGTGTCCTTCCGGCAACAATCGCGGATCGCAACAGCACTGGCGAAGCCGCAGGAGCGCCTCCAGCACCACGGCGCCGGACTTCTCGATTCCCACGCGTTCCACTTCCTGGCGCACCTTGCGATCGGCGCCGGCGCGCAACGATTCGTAGAGATCGCGTTGGGGTTCCGGCAGCTCCAAGGTCTGGACAATTTCCGTCTTCTCGGGCAGATCCTTGGCCACCTCGAACTTCGTGCGCCGCAGCAAAAACGGCGCGATGCGCCTGCCCAGCTCCTTGGCCCGGT
CP064986.1_gap109	5369348	5371420	2072	AGGAGTCGTTGGTGTCTTCCCTCGATTCCCCTTCGGTAACCAAGTTGAATCCATCCTCCAATACCGAGCCGATGGACATCGCCTCCGCCGCCACCATGACCCCGGAGGCGGCCTTGCTGGTGTCGCTGGCGCGAACCGGCTGGACGCAGATGCTCCACAAGGTCCCTTTCACAAACGAGGCCCCCGACTTGGCTCCGGTGTCCCTGCGAGCAGACCAAGCCAATGCGGTGGAATCCATCCAGCGATCGAAAAACCCCGTTCGGACGGTCAAGGCCTGATCGAGTCGCTTCGCTCCCGTTAGATCGTACAGAACGACACGGCTCAGACCTGCACCTTTGATGTTCTTCGGTTGGAGATTTTCCTTCCAAAATTGACCTTGGTTCGGATCTCGGATCCAGCCATCCATCGACTCCCAGACGCCCCAATCCCGACAAACACGTGCTTGGGAGGCCATCTGTTGGGTGAAAAGCCTTGCCACGTGGTCCCGATCCCGCTCCGCGAACATCCGATCCAAGTCCCGAAAACGAGGCAGGGCGATCGATGCGATGTCGGCGGCAACCAGCGAAAGCAATCCGAGCGATGCTCCGATCACGGTCCACTGGATTCTGGTTCGCAAGGATTGCGGGCGCATCGCTGCCATGATCCCATTTGGAAACGCAAAAAAAAAGGTCCGGGCCACCAAAAGGTGGCACGGACCCTCGAGCTCAACGACCTAGGTCGCTGCTCAGTAGCGGCCGGCGGATCCCAGAACGGTGGCGTTCTTATCCATGATCATCTTGACGAGCTCTTCGCGAGCCGGTCCGAGATACTTGCGAGGATCGAACTCGCCGGGGTTCTTCGCGAAGGTCTCGCGGATCTTGGCGGTGAACACCAAGCGGCCATCGGAGTCCACATTGATCTTGCAGACGGCGGAGCCGGCGGCGCGGCGCAGCTGTTCGGCAGGGATGCCCACCGCGGCGTCGAGCCTGCCGCCGTACTGGTTGATCAGGTCCACGTACTCGGGGATCACGGAGGAGGCGCCGTGGAGAACGATCGCGAAGCCAGGGATGCGCTTTTCAATTTCTTCCAGGATGTCGAAGCGAAGCGCCGGGGGAACCAGCACGCCCTTTTCGTTCTTGGTGCACTGCTCGGGCTTGAACTTGAACGCGCCGTGCGAGGTGCCGATGGAGATGGCCAAGCTGTCCACTCCGGTCTTCTTCACGAAGTCTTCCACTTCGGAAGGCTGGGTGTAGACATGCTCGGCAGCGGAGACGTCGTCTTCGATACCAGCCAACACGCCGAGTTCACCTTCCACAGTGACATCGTACTTGTGGGCGTATTCCACGACCTTGGCCGTCAGCTCCACGTTGTGCTCGTAGGAGTGGTGCGAGCCGTCGATCATCACCGAGCTGAATCCGGAATCGATGCAGGACTTGCAGAGCTCGAAGGTGTCGCCGTGGTCCAGGTGGAGGGCGATGGGGATGTTGAAGCCGGCTTCGCGAGCCATGGCGACCGCGCCCTGGCCCAGATAGCGCAGGAGGGTGGAGTCGGCGTACTTGCGGGCGCCCGACGAAACCTGGAGGATCACGGGCGAGCCGGATTTGCCACAAGCATTCACGATCGCCTGGAGCTGTTCCATGTTGTTGAAGTTGTAAGCGGGGACGGCATACTTGCCTTCCATCGCCTTCTTGAACATCTCGCGGGTGTTGACCAGCCCGAGTTCCTTGTAGCTCACCATGATGCATTCCTCCTAATCGGCGTTGATTTAGCCGACAAACGGATCCAAAAATAAGAAGCATTTTTCCAAACGTCTTCGATCTTAGCCGGTTTATCCCATTGGAATCCCAGAAACACCTTGAGATCCGTGTGAATCCTTTTCAAACTTGCAGATATGCCCATCCGTCCGAAGTCTGACATCGGCATCCGTCGCACGGATTGGACTCCCGGTCAGAGCCGGAAGGTTTCCTACCGCACGGAGGAACACACCTCCGAGCTCGTGGCCGTGCTCTCGGCCGCCGAGGAGCTCGTGGGCGCCCCCGATGTGGATACCCTCCTGCGGCGCACGGTGGAAATCGCCCGCGACACGATCGGGC
CP064986.1_gap110	5377217	5379080	1863	CCGTGTCCGAGGTTTCCCCTTCGTGCCCGAGGTTGTCGGAATGGTTCCAGAAACCTCCATCCCTGTTTCCTTCCCCGTTGGCCTCGTTGTGCTTGTGGGCGTAGGTGGCGAGATCGCGCAGAGTGAACCCGTCGTGGCAGGCCACGTAGTTGATCGAAGCCGCAGGGCCACGCTGGGGATAGAGGTCCGGGCTCCCGGCGAGGCGGGTTCCGAACGCTCGCGGGGTCGCCTCCCCCTTCCAGAACAATCGCACATCGTCGCGGAATCGATCGTTCCACTCGGCCCAACCGCGAGGGTACTTCCCCAGGCCATAGCCTTCCATGGTGGCGTCCCAAGGTTCCGCGATCATCAATCGCCCGGACAGCTCCGGATCTGCGGCGACCTCGGAAAAGAACGGCGCCTCGGGATCGAAGCCCGATTCCATGCGGCCGTGGACGGAAGCCAGATCGAACCGGAATCCGTCGACACCCAGCCGCACCCAGTGGCGGAGGCTCTCCAGCACGAACGCGCGGACATGTTCGAGCCGGAAATCCAAGGTGTTCCCGCACCCCGTGTAGTCCTGGTGGTGCGACGGATTCGACGGATCTTGTCGGTACCACGAGCCCACCCCCCTGAGTCCGTGCACATGTCCATCGGGACCGGCTTCGCAGGAGTGGTTGTACACGACATCCAGGACCACCTCGATCCCCGCGGCGTGGAGAGTCCGCACCATCGCCCTGAATTCGTCCACCGCCCTTTCCGGTCGCGCGGCCAGGGAGGGTTGCGGCGCGAACCAGGAGAGGGTGCTGTATCCCCAGTAGTTCACCAGACCGCGTTCGACCAGGAAATGGTCGTCGAGGTGCGCATGGATCGGCAGGAGCTCCAAGGTGGTCACCCCGAGCGACACCAGGTGATCGACCACCTGCGGGGAGGCGAGACCGGCGTAGGTCCCGCGCAGATGCCCGGGAAGTCCAGGATGCAGACGCGTCAGCCCCTTGACATGCGCCTCGTAGATCACGCGCCTGTCCGCGTCGATGCGCGGCCTCGCCACGCCCTGCCAATCGAATCCCGGCTCCACCACCCTCGACATGGGCGGCATTCCACCGCTTGCCACGGGGCGTTCGATCTGCCAGCCGGCGGGATCCAACAACAACCGGGTCGGATCGAATCGGGCCAACGCGACCTCGCGGGAGCCATCGACAGACCATGCGTAGAGGCAACCGACGCCGGTTCCAGGCGCGAAGGCACGCCAAATTCCGTCACGACTTTGGGCGGCCGAAACGCGCGCGTAGGGCTCCCGATCCGCGGACGCCAGGAAGACGCAAAGCTCCACCCGCGACGCATCCGGCGCCAACAGACGGAATTCCACGCCATCTTCCTGGACCAATGGGCCGAGCCTCATGGCCACCCCCTCGAGAATCCGATCGGTGCGGGAGGCACCTCGGTTGCGGGGAGCGCACGGACCTTTGCGGCATGGTGCGCCACGGTCCAAGCGATCCGTTCATGGCCGACCGGACGCGGATGCACGCCGTCGTAGGTCCATTTGACCTCCCGGTTTTCGCGCATGGCCGCCAGGAATTCCTCGCCGACGGGAATGGATCCCCATCCTTCCGCAAGCGCAACGCCTCGGCAGGCATCCCGATAGGCGATCAACTCCCTGTTCCATTCGTGGTCCGGGTCCGGATCCAGGACGCACGGACTCAGAAGCCAGATCCGCCCGATCCCGGCCTTGGCGAGCACCTGCCCGATGCGCACCAGGTTCCGACGGAAATCGTCTTCGTCCACGGGATCGTGCCCCGCCCAAGGGACGAATCGCCTCCAAAGATCGTTGGCGCCCACCAGCACGGCGGCGCAATCGACCCGCAGGTCGGTCTCGGAAAGAGA
CP064986.1_gap111	5401769	5403459	1690	CCCTTTACGGATTTGAAAAGCAGTGCCTTTCCGCCACCCTCTTGGCGCATGACGCGATCGGCGATCTCGCAGATCTCCAAGTACGGATCCACGGTGCGCTCCACCACGGCCAACTCGCCGCGAGAATCGCAGTATTGCAAAAACGACTTCAGCGATCGAAAATGCGGTATCACCCACGAAAGATACCTTTGCGCCCCGGCGACGCCCAAAAGGGGCTTCAAATCGGAAAGCCCAGAACTGAACCCTTTCAGTGCCAATCACGACTCCTAACCGCATGCTCGACACATCCAACCACTCTTCCGGCGACGGATCGAAGACTCCATTGGCAGGAAAGCTCCCGCCTCTCGCGCGGGCCCTGGCGACCTTGCACGAGAACATTCTTGAACTTGTCCGCGCACCGAACGCCAATACCCGATTTCTGATCCTGTCCGGTGGCTTGTGGACCATGATGCTGGCCGCGACGGATCCGTACAAAACCCTCTTCTTCCAGCGGCTGGGGTTCGACAACAAGGCCATTGGAATGCTCGTGGCCATGGACATGGTCGTGCGGGCCGCGGGATTGGGTCTATCCGGGTTCTTCATGCGTCGCTTCGGGGCCAAGCGGATGCTCATCGGCGGCGACATCATTTCCTGGGTGGTGCCCTACCTGATTCTCGGTCTTGCCTCTCAACCCTGGCATATCGTGCTGGCGGTTCTTTGCACCTCGCTGAACGCCTTCGCCAGTACGCCATACAACTGTTTGATCGTGCAAGGCATGCCCCCCTCGCGCCGCACGAAAGCCTACGCGTTCATGCACCTGTGGAATATCGCGCCCACCGTGGTGGTGCCATGGATCGCGGGCCTGTTCGTGGCCAGCGGGGAATTCCTTCCCGCGGTTCGGATCCTGTTTCTACTCCAGGCCGCATCGATGTCGGTGGGAATCTACCTGCGCTGGCGAAAACTGGAGGATCTCGAGGCCATCCCTCCGGAACAACGTCAGGGATTCCGGGAGACTCTGAGGTGGTTGATCCGCTCGAAGCCTTTCCTGGCGGCCTGGATGGCCTTGTCCAGCCAGTGGGTGGTCGGCCAGGTTTGGAACAGCTTCCTGCCCATCTACCTGACCAAACACCTCGGCGAAGGGGTCAAGATGCCCGCGCTGATGAACGAAGCGACAGGAATCGGCATCCTCGTGGGGTCGCTGGTCGTCATCCCCCGCCTGTCCGAATCCCGGATGCGCCATCTCGCGCCCATCGGACTCGCCGTTCAGACGATTTTTGTCGTCCTCTTCGTGCTCCATCCATCCACCTGGGGACTTCTGGCGCTGGCGGGGATGGGAGGCATCTGCTCCAGCCTGTATCTGGGCGCCACCAGCGCGATCCTGGCCCATGCCTTGCCCGCGCATCTGCGCGACCACGGCTTTTCCATCTCCTACATCGGAGCGTTCCTGCTGAGCGCCGCGACCATGCCGTGGGTGGGGCGCATCCTCAACACCCAACTGGGAGCGTTCCCGTTCCTGGCTGGTGCCGGAATGCTGGCGTGGATGGGGACCCTCGCGATCTCAGACCGTCTACTGAAGAGGGCGGGAATCTAGAGAGATCGATCCGACCTCGTACGAAGAAGACGATCCCGTGTCCAACACGGACAGGGACGCCTCTCGAATCCGAACCGACGCGATGCTCAGGATTCCTTGGCTGGCTCCGGCACTGTCAGG
CP064986.1_gap112	5412921	5414972	2051	CTTGGCCAATTCGTCATCGGATTGCGCGGACAGGTCGGCTCCCGTGACCACCTGCGGATCCGCGCACAGGCCCAGCTCGGTGGCGATGACAGAGGCTGTCATGGGGTGGTCGCCGGTGATCATGATGGGCCGGATGCCCGCGCTCTGTGTGCGAGCCACGGCATCCCGGGCTTCCTTCCTCGGCGGATCGATCATGCCCACCACACCCAGGAACACCATGCCCGTTTCCAAGGCGGGATCGGCCCGACCGGCGACGTACGCGTCCTTGGGAACGCTGCGCCGCGCAACGGCCAATGTCCGCAGCGCCTTGCTCGCCAGGGCATCGTTGGCCTGCAGGATCTCGTTTCGGCGATCCTGTCCCAACGGCCGTTCGTCCTTGCCCACCAATTCGCTGTCGCAGCGTTCCAACAGGCTTTCAAGAGCCCCTTTGGCGAACACCCAAAGCCGATCGGCGTGATCTGGATCAGTGTTGATCGTGCTCATGGACTTTCGCTCGGAGGTGAACGGAATCTCTCCGCGTCGCACAAAGCGACTCTGGAGATCAGCCTCTTCCAGACCGATCTTGTGGGCGGCCACCACCAGGGCGCCTTCGGTCGGATCTCCCTGCACGATCCAAGTCCCGTCGCGTTCCTCCACCACCGCGTTGTTCGCTCGATCCGCCGCGATCAAGGCCCAATGGAGTTCGTCTCGCACCGGTCCATCCACCACCGCCGCACCGGCGATCGAGACATCCCCCACCGGAGCGTACCCGTTTCCTCCGAAATCCACTCGTCCGCTGGCCAGCACCAGGGCCCGCACGGTCATTTCGTTTTTCGTGAGCGTGCCGGTCTTGTCCGAGGCGATCACGTTGGCCGATCCCAAGGTCTCCACCGCCGCCAGGTGGCGTACGATGGCCTTGCGCTTGGCCATCCGCTGCACGCCCAGGGCCAGCACCGCTGTCACCATCGCAGGCAAACCTTCCGGCACCGCCGCCACCGCCAAGGCCACACCCAGCATGCACACCTGGAACAAAGTGGACCAGCCGCGGACACCTTCCACCGCCACGATGGTGCCGATCATGCCCACCGCGATCACCAACACCACGCCCCCCAGGACCCTGCCAATGCCCGCCAATTCCTTCTCCAGCGGAGTGGTTTCCTGTGGCGTGTTCGCCAACATCCCCGCGATGCGTCCCATTTCGGTGCGCATCCCGGTGGCCGTGACCACGGCCTCGCCGCGCCCGGAACTGGACGTGGTTCCGCGAAACACCATGTTTGTCCGATCCGCCAACCCGACATTCCCTTCAAGGGCGCCAACACCCTTGGAGACCGGTGCGCTCTCGCCGGTCAGCGCGGCCTCCGCCACATGGAGATCCGTCGATCCGATCACGCGCGCATCGGCGGCGATCGAGTCGCCCTCTTCGATCGAGAGCAGATCCCCGACCACGATGTCCGGGCTTTCCACCATGTGTCGATTTCCGTCACGGATCACGCGGGCTTGCGGTGTGGACAGCTCGCGCAAGGCATCCACAGCCGATTGCGAACGCCTTTGCTGCGTGAAGCCGATGAACGCGTTGATCAGCACCACCGCGAAGATCGCCATGGCGTCGTAGGGAAGAGCGGACTCCCGCTCCACCACCCAGATCACCAGGGATATCGATGCGGCAACCACCAACAGCATAACCAATACGCTCCGGAACTGCTCCAGAAAGGATTTCCATCCGGGGATCGAGGGCGCGCGATCCAGCTCGTTGGGTCCATCGCGTTCCAACCGCGCACGGGCGTCGCTCGCGGACAACCCCTGTTTCGCATCGCTTTTGAACGCGGCGACGCACGCTTCGGCGGAAAGCCGGAAAGCGGCGACCGCGTCGGCGTCGGCGGGCGTCATCGGGCGCTGAGGTATCCGGCGAAGTACAAGATCGCCAGGACAATCAGGACAAGCCCCACCGGCGACATGCCTTTCCAGCCATAGCGGGGATATCCCCAACCACCACTGCCCAGCGCCACCAGCATCAACACCAGGATCAAGATCATCACCAGCATAATTCCTCCATTTCTTCGGAGGCGGTGCGA
CP064986.1_gap113	5424115	5428117	4002	GCCAACGGTTCTCCGCGCTGGGATCTCAAGAACATCCGGAAGGAGCGCGTGCCGTTCACGGAAGGCAACGGCGACGCGTTTCGGCTGCGCTATTTCAAGGACCTGGACCGCATGCTGATCGCCGGGGGCACCACCCAGTTCCCGAGCTTCATCCAGGTCTACGAGAATTGGTCGGATTCCGTCAAGCGGACTTCCAGAAGGATCGAGATCCCGTTTCTGGACAGCGGCTCCGGGGTCGTCCCGCGTCTGGACGTGAACACCTACGACATGCTTTTGCCCGCAGGCATGGCGGCGGACACCGAATTCGCCTACATCGCCTATGGAGACCGGGGCCCCAATACCCTCTGCATCGACGTCGAAGGAACGCGCGGTGCCAAGGGATCGGTCATGAAATGTCGGGGCGAGATCCTGGTGTTCGAATTGGCCACAGGCCGGCGGATGGGATCGCTCGCTCCGGATTCAAGTGTGGGGTGGTACGCGGGAGCGACCGATCTCAACCACCCGATCAACGTGGCCGTGCGCGACAACGGAGAACGGATCGTGCTGGCCGAAGAAGACGGCAAAGGCAAGATCTTCGCCTACCGCTGGTGCCCGCCGGGTAAGGCTTGCGAGAAGCTGGGGACCAAGGCCCGGCATACCCTCACGCACCCTCGATGCATCCTGGAAGGAAACCGGCTTCGGATCGAGGGGCTGGCGCCGGGTGCCTCCACGCATCTGCGTCTGCGGGATCCTCGAGGTCGGGTCCTGTCGAGCACGGCGTCCGAAGGGCCGACCGCCACTCTTTCCCGTCCTGCCGGGCGTGGGGTTTTCGTGGTGGAATGGAGCTCGGATGGGATGGCAGGCAACCTGGTGACCGCGATGCCCTGAGCCCTCGAAACCACGATTCGCGAAGGGACGTGCTCTGTCCCTTTCAGAACACGATCTCGAAACCGATCTTTCCCAGACCGTTTTCGTTGTCGTGGGGATTTTGATCCAGCGGAATCCAACGGGCATAGCCGCCCACGATGTTGTTCTTGCCCAAGAGGTACATGTGGGTGGACAGGCTCCATTTCTGGTCGATCCGCCCGGTGCTGGCGCGCCAGAAGTGCGGCTCCACGTCCTGGAAGAATCCAAAAGGCCCCACGCTTCCCAACCGCAAGCGCGCCAATCCGAAAACTTCCTGGCGGAAGTCGTGGTTCTGCCCGATCCACACGGAACGGCCTCCATACAGAAATTGTCCAAAGTCCAAGCGCCCATCCAGGCGCAAGGACGGGAACGCTCCGGCCTTGCGGTAGCTGTCCACGAAGTGGTCGTGGTAGGCGCCCTTGGTGCCGGCGCCGATCTGGAAGCTGTTCCACCACACCGATCCATTGGCTTCCGGCCGGGACACGGTGTGGACGCACTCGTGCAGCAGGAGCCCCGAGATCTGCCACGAGTCGAATTCGTAGCGGTAGCCGGGCGTGAGCACGTAGCGGATGTGAGAGAGCTGGAAGGCGGTGGTATCCAGACGCGAGGCCACGGTGGTATTCCCGATCAGCCAGTTGGAGATGAAACCCTTCCATCGGAAGAAGTCCACCCACACCTTGAAATCCGAACGATAGCCGGGAGGGATGTCGGTGAAGCGGCGATCTCCGAACAGATCCCCCGCGAAGTCCACCGTCCCGCTGGTGGCGGCCAACACCTCGAAGTCGTCGGCGACCCAGTGCCAGGCACGCGCGGCGGGGCTTTGGAGAGCTGCCGCGGGTGGGAGGGTGTCGGAGGAGGTGGAAAGGATGGAAACGAGGAGAGTGACTGCAATCGACATATGAATTGCGAAAATAGTCTGAACAGTCAATGAGCTGAATCTACCTTCGCCGCCCATGCTCCTCTTCTCCCTGTCCGCTCTGCTTGCCACCTCCATGCCCGATTCCGCCGGGCATTGGCCCCAAGCGGCGTCCATCCAGGCGGTGGGCCTCACGTTCCATCCGGGAGGCGGCACCCAGCCCGTCCTGTATCCGCGCCGATTGGACGACGGCGGATGGTGGGTGGTGCAATTGGGAGCTGCGACCAGCTACGATGTGGAACCTTGGACATATTTTGGCATCCGCGCAAAAACGGCTTGGTACATGGACTGCGCCGACAAGCCCCAGATGTTCTTCCATCTGGGCGTGCGCGGCTGGATCCACAAGGGCGAGAATTGGAGTGTCCATGGCGGATTCGGCCCCACCCTGGTGATGCGCAAGGACTGGCAGAATCTGCCCGGCTACGCCCCCAATGGATTTTTTGGCGACGACACCTGGCGTGGCTGGCAGCATCGGTTTCTCTGGTACGGCGGCGAGTTCGACCTGATGCGTCGGCTGGATGACCGCACCCAGTTGGCCATCTCGATGGTACCAGGTTTTCCGTGGGCCATCACCACGATGATCGGCGTGCGCCGCAGCTGGTGAGGAATCCTACCGCCCCGCCTTGGCCGCAGCGGGTACGGATTTTGTCCGAGTTGCCGGACTCAGCGAAGGGCCAAGAGACGAACGAACCGCGATGGGCCCACTCGCACTTCGACCAAAGCCAGAGTAGAGACGTTAGCGGTGAACGAAACTTGATGGGAACTCGGTCCGATGGGCGCTTGCCAGGATTCGAATTCCTGCAGGACCTCGCCTCCAAGACCCAACAACCTTAGACGGCAGGTCTGCGAGACCTCCAGATTCGACTCCACCACCAAACCCTGGCCCGACCCGAGCACCCTCACAGCCGCATCTTGTGCATTCCCCCTGCGTCCGGCGAGAAAGCCAGATAAGCCTTCGCGAGATAACGGCCCCAGATCCACAGGCTCCCCCTGGGGATATCCCTTCCCGAAGTAATCGACCGCATATCCCAAATTCTGTCCTGCCTTGACGGACGGACTCGAGCCACTCGGCGCGTAATCTGCGGCGACCGTATCCCAGAGCGGACGACTGTTCCAGCCCGGATTGGCAAAGAGCGGATCGGCGAAGGTTTCGCCCGGACCGGCGACCCAACCATCCTTGAAGGGATTCAACTTGGGGCTCCAAATCAGATTGTCGCGATGCAGGAAGGCGGGCTCCTTGTTGGGAGCCGTCCAATCCAATGTCCAGAATTTGGCGGAATCCGATACGAAAATGTTGTTGCGCACCTGGATGCGATCGGGACGATCCAGGCGCGGGCCATCCGAGTAGAGATGGTAGCCCCAGGGCATCTGGTAGCGATCCACCGCAAGGTTGTGATCGAACCGTATTCTGTCAAACAGTACGCCCATCGCGGAACTGGGGCCACCCATGTGGAAGCACCCCACCGTCCCCGCATCCAGGATCAGGTTGTGGTGGATGGAAACATCCACCACGGAATCGCCCTTGATTCCGCCAAATTCCATGAAGCCATTCGTGTTGCGGCTGAAATTGGAATGGATGTCGCAGTTGCGCACGGTCCGCCAGAATTCGACCGCACCGCCATCGGTGCCGTAGTCGTAGGAGGGCGCAGTCAGGTTCTCCAGCCTGTTGGAGTACACCTGGCAGCCGTTGATCTGCCCCAGTCCGATCCCGGAAGCCCCGTAGTCGTCGTCCCCGGCGACCGTCCCTTTTTCGCCGGGCGTGTTCACGACCATCTTGCCGTCATGGAAATAGTTGCGGCGTATGACGATGTCCGTACCCGTCGCGTAGATTCCACCGCCACAATCCTGCGTTTCGAGATCCTGGACCACGATCCGCGTGTTGGTGGAATCCCACAGTTCCACGCAACCGCCCCGCGCCCCGCTGAGGCGCAGATTTTCCAGTATCAGATCGGAAGATCGCGTGAGCACGACCAGACGGCCGGGAGCTTTCAGATGCGGTACGGGTTCCCCCTGTTCTCCCCACGACGAAAAGACGATGGGCAGGGATGGGTTTCCTTTGGCCGTGATGAACAGCGAGTCGGAAGGCCAGACGGATCCGCGCTTGAAGAGGACGGAATCCCCCGGCGCCAACGAAAGCGATTTGAATTTTACCGAACTTTTCCAAGGGGAGGCCCGGGTTCCACTTCCTGCATCGGCGCCAT
CP064986.1_gap114	5429366	5432724	3358	CACATTTCCAGGGTGGACGACGACCTCTGGGCCCGTCTGTTCTCCGACCTCGCCAAGATCCCCCATGGCAAGCACACCTGGGGCCGCACCGCCTGGCCGGTGCTCAAGGTGCTCCCCGTCTACTTCTGGAGACGCCTCACCGGAAAAGCGTGAGGCGTCTCGCACAGGTCACCCGAACTCAAGGCATCACGAGGACACGGCTTTCGGAAAGAACGCCATCCACCGAGACGCGGACAATATTTGTTCCACGGTTGTTGGCGGGAACCACCAGCGAGTGCTTACCTGCGTCCAGGACTTGGTCGATTCCGCCGCGACGGGCTCCGGAAAGATCGTACCAGGAGAACTCCACATGGGCCGGCTTGGCCAGATCCAGCGCCACGCCGCGGGAGAGGTTGTGGATGCCCCAGGAACGGCGATCGCGAGGAGTCAGTCCCACTTGGATGGGTGCAGGCAAGGTGGTGCTCAACATCCCGGTATGGTGGGTGACGAACAATCGATTTCCGACCAGCAGCATGCCACTGATCCAATACGAGGTTGAAGCACGATCGAAGGGCAATTCGTAGGTCCCGGAATTCGTAGCTAAGAAGGCCCCCTTAGTGGTCAAGGCCATTGCACCCGATGGATGGGCTGCCACAAACGATCCATACGAACCAAAGCTACCGGCCAAGGTGTCCACGAGGAACGCATCTCCCTGCTTTCGAGCAAGTTTCTTCCCGTAGGATTCAGCGATCACCAATCGGCCATCCACTCCGTGAACCGTGCCGTTGAATGGAGCTTGGAGAATTGACCACACCGATCCCGATTTCGATGTCTCCAGCGTATTGCCAGAGCCCGATGCCCAATAGGCGCCCTGAGCCCAGGCGATCGGATTCCCCATTCCGTGCTCGATCAGGCTCCAACCAGCCTGCTTCCCTTTGCGCATCCAAATGCCTTCTCCTCCCCATGCTCTCGAAAACGCCAAGGTGTCTTCCACCGAGGTGAGACTTGTAATCATGGCGTAGCGACCTGATGTGCTGTCCCGATCGATTCCAGACGCTCCAACATCCTGCCAATAGATCCCGTTCCAGAGGCGGAGGCCAAAATACCCCGTGGCCGCCATCAAGCCTTGGGAAGTGGATTTCAGCTCGACCACATAGGTTCCTTCCAATCCACGATTGGCGGGTTCCCAGGTCTTTCCGCTGTCCTTGGAAACGGTGCATCCGCTCCAGCCACAAAGGAACAAAGCGTCCTGATGCCAAGCCAGAGCGATTCTCGGGACGTTGCATTTGCAGTCCGCCGGAGGGCTAACCACCACTTTGGCTCCCGAAGAACGTCGTGCGGTCCATTCCGCGCCGAACAACCACAGCTCGCCAGCAACGACATCCAAAGCGACCTGATCTCCCAAAATTGGCAGATCAAGTTTTACCAGTTGCCAAGAGGATTCCTTCGGCTTCCAGTACAAGAGATTCTTCCCACCGGTCGCCCAGATGGTGTCGTTTAGGGTAACGATCGAGCGGGTCATGGCTCCGAGGCCCATCGAATCCCGTGGCCAACCAGACAGTAAGGTGTCTTGTTGCCACGCATGTCCCTGGAACCGCATGCGGATCGGTGCCCCGTTGGAATTCGGAAGGAAAAATTCCGCTCCCGAGCCATCCACCACTCCACCATCCCGCATGGAGGGAACCTGGAATTTTTCGGAAATGACCTTCCAACTCTTCCCGCTGTCCGAAGAACCAAGGAGCTTTCGCTGCATCGAGGACATCGCCAGGAACCGTTTTCCAGACCCAGCAAGCACCAGAGGTTCGATCAGATCTGCGGTATGCTTTGAAAAGAGCGAAGAATCGACCGCATTCCAAGTCTTTCCTCCATCAGCAGACCGCATCAAGGCCTTCCTTGTTCGCAGCAGAAGAAGATTGCCCGCTTGCAGGATCGGAGAGATCCAGAAATAGGGTTCGGTGCCTTCCAGGACCGTCGATTCTCCGTCCTTGTCGCGCCGGACAAGCCGAGATTCTGTCACCGAATCGTTCGAGGCCAGCAGGAACAGAATTTCCTCCCCGTCGATCCAGAGGGATTTTAGACCGGTCACCTTGCCGGAATTTGTCGCCTGTTGTTTCCACGTCCGCCCGGTGTCGGTGCTAGCCCAGAATTTCCACTCGGTGACTCCGTCACCGTTGCCGATTGCATAGACGGTCCCGCGAAACGAGGCCGCGGTTATATCGAAACCACTGGGAGCGCGTTGCTCCCAGGTAACGGGCAGCACGGTGGGTGCAGCAGGCGCCAGCGCTGGTACAAGTGCAATGGCAAGAGCAAGGAAGGGTCGAGACAGATTCATGGGAGCTCCTGTCCGCGTAAGCGGGAATGGTCCCCGCCACGATAGCATTTCCCCCGGAGCCCTGGCAACGCCGGAAGCCCTTACCTCCGCGCCGACTCGAACTTCAGATCCGGCCATTTCTCCGGGCATCAGGCGGACCTTGAACCGGTCCTGCCCCACCCATTTGTGGAGACGCCTCACCTGAAAGCGTGAGGCGTCCGGGAACGGTCGCCCTACCTCAAGGCATCACAAGGACTCGGCTTTCGGAAAGAACACCATCCACCGAGACGCGGACAATTTTTGCCCCACGGTTGTTGGCGGGCACAACGAGCGCATGCTCGCCTGCCTCCATCGCTTGGTCGATGCCGCCGCGACGCGCTCCCGACAGATCGTACCAGGAAAACTCGACATGGGCGGGTTTGGCCAGATCCAGCGCCACCCCGCGAGAGAGGTTGTGGATGCCCCAGGAACGGCGATCGCGAGGCTGCAGCGCGACTTGGATTTGTGCGGGCAAGGTGGTGCTCAACATCCCGGCATCGTGGGTGACGAACAATCGATTTCCGACCAGTAGGAGCCCACTGATCCAATACGAGATTGAAGCATGCTCGAAGGGCAATTCATAGACCCCGGAGTTTGTGGCCAGATAAGCCCCTTTCGTGGTCAATGCCATTACACCCGATGGATGGGCGGTGACGAAGGATCCATACGAACCGAAACTCCCATCCATAGTGTCCACGCGGAACGCATTCCCCTGCCACCTGGCGATCTGGTTTCCATAGGATCGGGCGACCACCAATTGACCATCCACTCCGTGAACCGTACCGTTGAATGGAGCTTTGAGATTTGTCCAAGCCGATCCCGACTTCGAAGTTTCCAGCGTATCGCCGGATTTCAAAGTCCAGTAGGTTCCATTCGCCCATGCGATCTGACCATCCGATCCATGTTCGATCAAGCTCCAGCCAGCCTGTTTTCCCTTGCGCATCCAGATTCCATCACCCCAGGCCCAGGAGAACGCCAAGGTATCATCCACGGAAGTGAGGCTGGAAATCATGCTGTATCGACCTGTAG
CP064986.1_gap115	5434944	5437518	2574	CCAGGTAGGCGTCGCGGTCCAATCCAGGCATGGCACCGGTGACGAATTCCGCCAATTCGCGCAGCTTGCCCGCCTCGCGCTCGCCGCCCAACCGGTCCAGCTCGGCGCTGTCCAGGGCGAAGCGGTGGATGCCCCGTTCGGTGCGGTCTTCGTCGTCCTGCTTGCGTTCGGCGAAGGAATGGAAGGCTTGGTCGGCCAGCGAATACACGCCCCGGAAGCTCACGCCGGAGCCGCACGGCAAGGTGAGGGGCACGCACGGGAGCCCCAGTGACTGTTCGATCTCGTCGAAGAGTTCCAGGGGGTCGCGGATATCGCGGTCGCACTTGTTGATGAAGGTGATCACCGGGGTGCGGCGCATGCGGCACACTTCCATGAGCCGAAGCGTCTGGGGCTCCACGCCCTTAGCGCCGTCGATGAGCACCACCGCGCTGTCCACCGCGGCCAGGGCGCGGAAGGTGTCTTCGCAGAAGTCCTCGTGTCCCGGAGTGTCCACCAGGTTCATGTGGTGGCCGTCGTGCGGAAAGCTCATGACGGAACTTGTCACGGAAATCCCGCGCTGGCGTTCGATCTCCATCCAGTCGGACGTGGCCGCCTTGCGCCCGCGCTTGGCGCGGACCATGCCCGCTTCGCGGATGGCGCCGCCGTACCACAGGAGCTTTTCCGTGAGGGTGGTCTTGCCCGCGTCGGGGTGGGAGATGATGGCGAAGGTGCGCCGCTTCTGGACGATCTCGGAAAAACTCATGGTTCCAGGTTCCTCAGTTGGGTTCCGGGGTAGTAAGCTGACAAAATTTGTGCAGAAGTTTGGCCGGCCCAGGCCCTGCCCATGGCGCCGTTCTGGCTCATCCCCACGCCGTGTCCGTTGCCGGTGCCGATGGCGATGTACTTGCCGTTTTCTTCCCGAAGTTCGAATCTCGCGCTTCGCAGGATGGGGCGTCCCTTGGCTGTCCTGCGCAACGCCCAGCGGATGCGGTCGGAGGGAACCTCCACCGTGGCCGCCCCCCCTTCCACCACCAGCTTGCGCACACGCCCCGAGGAATCACGCCCTTCCAGGCGGAGGGCCCGGACCTCGCCCGGATCCACCTTGCGCCCCACGGCCTCGGACAGATCCGTGCGCACGGCCTTGCGCAAGGCATCCGCCTCCCAAGTTTCCGTCCATTCCGACGAGGTGGAGGCGCCGCTCCAGGCCCGGCCGTCGGGGGCCGTGTCCACCACTCCCCGCAGGTAGGGCTTGGCCTCCTTGTGGGGCCAGACTTGGACGATGTCGGCGGTGCGCCCGCCCGAAGTGGCGTGGTAGTAGGCGTCCACGGGAGCTCCCGCCGCGTCCACCAGAATCTGTCCGCGCGTGGAACGGACGGCGCGCGTGCAGAGGGAATCCTCCCCCAAGGCGCCTTCGTAGACCTGGTCGCGCACGTCGTCGCGCAGATCCCACGGCTTGCCCTGGTACTGTCCGATCGATCGGATCGTGTAGGTGCGGGCGACGATCGCCTGCGCACGGACGGCTTCGTACAGCTTCCAGCGCAGCTTGCGGCCGATCTCGCCGGGCACCACGCCCAACAGGTAGTCTTCCAGGCCCACGATGTTCATGGCCAGCAATCCGCCGTTCCACGGCTGGATCCGGATGCTACCGCGGTAGCAGCGTTTTTCCAGGCACGCCAAGGCCTCGCCGGACCACTCGATGGAGGGGACCAACGTGTCCACACCCGCGGAAACCAGACGCACCTGACCGGATTCCGGTCTGGCCGTGACAGGAACTGACCAAATCAGACCCGCCCCCGTTCGGGAACCGCGGAAGGAAATTTCCAACTGCGGCTTGCCTTCCATTAGCGCCACGCGAATGATGCGTGACGGCACAGCCGGAACCGACGCCGCTTGCAGCCTCTTGGCCTCCCCCTGTGGATCGAATCCAAGGAGGAGCCACACCAGACTACAAAGCCACGTCACTCCTTGGCGGCCTTGGCGAGCTTGCGGAGCTTTCCTTCCACCAGGGTCCGGCCAACCGGACTCAGATGATCGACAAACAGCACGCCTTCGAGATGGTCCATCTCGTGTTGGAGGCAGCGCGCTTCCAGGCCTTCGATGCCCTCGCGGCGATGCGCCACGCCGTGCATGTCCATCCAGGAGATGTTCACCATGGCGGGCCGCTTCACCTTGCCCCGCACTCCGGGCACCGAAAGGCAACCTTCGGAGTCCTCGCAAATGGCCCCGACGCGTTCCAACACCGGGTTCACGTAGACCACGGGATTGCGTGTCTGGGATTCGCCGTACTCGGTGTCCACGGCCAGCACGCGGATGGCGCGCCCCACCTGCACGGCGGCCAGGCCGACTCCATCCTCTTCGTACATGGTTTCCACCAGATCGGCGCACCACAGACGGAAATCGTCATCCATCTCGGCGACTTCCACCGGACGGGAGACTTTCCGCAGCAGGGGCTCGCCCCAGGTCAACACCCTCAACAGGGCCATTTCAGCCCTCCTGGACCTTCGATACGATGGCCTGGCGCTGGAATTCGAGCTTGGCGTCGCCCACGCGCAGGAAGATCTTGCCGTCTTCGGTCACGCGATCCACTTCGGCGAA
CP064986.1_gap116	5441441	5445072	3631	CGGTTCGGCAGATGGGAGCGCACCTCTCAGCCGCCGCCCATGAAGCGCACGATCTCCACCTGGTCGCCATCGGCCAGGGGCGTGCTCGACCAGAGGGCGCGGTCGAGGGCATGGAGATTGTGTTCCACCACGACCCACCCAGGCTCCAACCCCAACGAGGTCACGAGACCCAGGACATCCGTGGCGGATTCCACCGTGCGATCCTCGCCATTTACGTGCACGACCATCGGCTCATTCCCCTTCCCATCGCTCCGGGTCCCACTGGTAGCCGAGTCCGGTCACCGTATGCACGCATTTGGCATAGGAACCGAGCTTCTCGCGCAATCGTGTGATGGCCACATCCACCGAACGCGGCCCGGAAGTGCTTTCCATCCCCCAGACTTCCTCCAGCAGATGGAGCCGCTCCACAGCCCGCCCCTTGGCCACCACCAGCGCTTTCAGGACCTCGAATTCCTTGAAAGTTAACCCCAGAGCGGCTTCTCCCAGGCGCACGGTCCGTCGATCCAGGTCGATCACGAGGTCTCCGACCTTCACATGTTCGCCGGAGATGCTGCCCGTGGTGCGCCGCAGGATCGCCTGCACCCGGGCCACGAGCTCGCGTGGAGAGAACGGTTTGGCCACGTAGTCGTCGCCCCCCACCGTGAATCCATAGATGCGGTCGTGTTCTTCCGTCCGGGCGGTCAGGAACACCACCGGGACGGCCTTGTGGCGTTCCGACTCGCGCAGGCGCCGACAGATTTCGGTGCCCGGCAGATCCGGCAGCATCACGTCGAGGATGGCCAAGTCCAGCCGCTCGTCGGACATGATGGACAAGGCATCCGCTCCGGTCCGAGCGGGAAAGGCTTTGAATCCAGCCTTGCGCAGCGAATGAACCACCAGGTCCAGGATGTCCGCATCGTCTTCGAGGACAAGAATTCGTTCTGTAGGCATAAGCATCAATCTAGCGATCCACCTGCGCAACGGAACATCCACGCAATGGTCCGGAAACACGGACTGGTCGATCCACCAAGCGCTTCAAGAAAGCAACGCCAACGAAATGGTTTCGAAACACGCGACGTGTCTCTTTGTCCCCGTCACTTCCACAGATCCTCAATACGGAGAAACCATGGAATCGAATCTTATCGCACTCACTTTGATCCTGGCTGGAATCGCTTCCGCCCAGGCTTCCAACGACCTCAAAGAACAGGTCGACGCCACCGAAGGCAAGCTGACCAGCCTGGAAGAAAATTACCTCGAGACCAAGGCCACCGTGGCGGGCCTCGCCAAGCTGAAGATCAGCGGCTTGGCCCAGATCCAAGGCCAGTATTTCCTGGACACCGGCTTGGTTTCCAGCAGCCGCACCCAGCAACAGAGCTACTTCCGCGTCCGTCGCGGACGTCTCAAGGCCACCTACGACGCCGGCAACGGATCGTCGTTCGTGACCCAGTACAACATCAACGAGACCGGTCTTTCCGCCCAGGACATCTACTTCAAGTGGAATGAACCCTGGCTCAAGACCTTCTCTGTGCAAGCGGGCTTGCAGGACATCCCGTTTGGCTTTGAAATCGGATATTCCTCCAGCACCATGGAATGGCTCGAGCGCTCCCGCTTTGTCAGCAACGCCATGTTCGCGGGTGAAAAGGACGTCGGGTTCGTGCTCGGTGCGACTCCCAAGGTTCCCGGATTGGACGTTCTGGAAGCCAAGGTCGCCCTGATGAGCGGCTGGGGTCTGAACACCAACATGGCCGACCCGAAAGCTCTGATCGGACGTCTCGGCGCAGGCAAGAATTTCCTGGATGCCGGCGTGGGCGTGAAAATCGGTGCCTCCTACTACATGGAGTCCTACCTCAACCAGGTAGCACCAGTGGCCGCCGTAGCCGCAACCAAGTACAAGAACACCACCTTGGCCAGCACCCCGCTGGATTCCATCGCGGCAACCAAGGCCGTCACCTCCGACTACTACGTGGTGGATGGCTCCACCAACTTCAAGAAGACCGGTTTCCGCGACGAGCTCGACGCCAATCTGATCGGTGCCGATTTCCAGATGACCGCCGACCTTTCCATGATCCCGGGCCTCGCGGGCGCGAAGTTCTCCGGCGAAATGTACACCGGCACCGCTGTTGGCTTGGCCGGCAGCAACAAGCGGCCTGCCGCCATCACCGACGCTCTGTACCAGCGCGACTTGCTGGCCTGGTATGCCGCCTACGTGCAGAACATCGGAAAGTCCGTCCAGACCGTGGTCCGCTACGACGTCTACGACCCCAACACCAGTGTCTCCGGCGACGAGGTTGGCGCGTGGAAGCCCGACCCCAAGGATGCCAAGAAGAAGGTCTCGACCAACGGCACATCCAAGACCGATCTCCAGTACTCCACCCTCTACCTGGGGCTGAACGTGTTCCTCAACGGCAACACCAAGCTTTCCATCGGCTACGACATGGTTTCGAACGAAACCAGCAACTCGCTCAAGAGCACCGAAGCCATCTCCGACTTCTCCAAGGACGCCGAAGACGACTTCGTGACCGTCCGCGGCCAGTTCTCGTTCTGATCCCATCAGACAACTTCTGTCGAACATAGATTCAACAAAGGAAACCAAGATGAACCTTTCCAAATTCAAGTTCCTGGCCCCGATGGCCATCGCCGCCGCCCTGATGGGCGCGTCCAACACCGAGACCATCACGGTCAAGGGATCCGACACCATGGTCATCATGGCGCAGCGCTGGGCCGAGTCCTACATGGCCAAGCACCCCGGCACCTCCATCCAGGTGACCGGCGGCGGTTCGGGCACCGGCATCAGCGCCCTGATCAACGGCACCACCGACATCTGCAATTCCAGCCGTCCCATGAAGTCGGCCGAGCGCGCCAAGCTCCAGGAGCGCTACGCCACCCTGGGCATCGAGATCAAGTCGGCCAAGGACGGCCTGTCGGTCTATGTCAACGAAGCGAGTCCGGTGAAGGAAATCACCATGGACAACCTCCGCGACGTGTACCTGGGCAAGATCACCAACTGGAAGCAGCTGGGCGGACCTGATTCCAAGATCATCGTGTACGGTCGCGAGAACAACTCCGGCACCTACGCGTTCTTCAAGGACCACGTGCTCAGCGGCAAGGACTACGTCGCCTCCATGCAGTCGATGCCGGGAACCGCCGCGGTCGTCAACGCCGTGTCCAAGGATCCCAACGGCATCGGGTACGGCGGCATGGCCTACGCCAAGGGCATCCGCATCATCGGCGTGAAGAAGAACGCCAGCTCGGCCGCGGTCACCCCGAGCGCGGAGACCGTCGGAAACGGCTCCTACCCCCTCAGCCGCTACCTCTACATGTACACCTCCAAGCGTCCTTCGGGCGCGGTGAAGGAATACATCGACTGGATCCTCTCCCCCGAGGGCCAGGCGATCGCCACGCAGGTCGGGTACTTCCCGGCCCGCTGATGAACCTGATCTGGGCTCGTCCGTCGGTGAGCATCCGATGGATCGTCCTCGACCGGACCGGAGTCGGTGGGGCGAGCCCTTCTTTTCTTCGAGGGTCCACTCCCGGACCCGATCTCAAGAACCCAATCCCGCCCGGCAGGTCAGAATTTGACCGGTCGGGCTTTGGTGCGAAATGAAAAGACGCATTCGAATCGGCGAGTTTCTGATCGAAAAAGCCATCGCCA
CP064986.1_gap117	5545126	5548470	3344	AGGACAAAAGCAACCGGGACATGGGCCAATTGACGACGTTCACGCCCGTGAGATACCGCGATCCGATGACGAGATCCGCCTTCTCGGACATCTCCAGCATCTCGGGGACGTACTTCGGATCATGGCTGAAATCCGCATCCATCTCGAACACCCGCTCGTAATCGCGAGCCAATGCCCAGCGGAAGCCGGCCACGTAGGCGCTTCCCAGGCCCATCTTGCCCGCACGGCGCATCAGATGGATGCGGGAGGTCTCACGGGTCCTGGCCTCGACGATGTCACCGGTACCATCCGGGGAGCCGTCGTCGACAACCAGCACATGCACGCATTCCGAAAAGCCCATCAGGGTATCCAGAAGTTCCGTGATGTTGTCTTTCTCATTGTACGTGGGAACCACGATCAAGGTCTTGCGAGCGCTCAAAACAGCCTCCAGATATTGCCTTCGAAATCTACTTCCTTGCCGAAGTCGAGCTTGAGCATTAAACTTTGTCCCTCCAACGGTGGCTGTAGCTCAGTTGGTTAGAGCTCCTGATTGTGGTTCAGGAGGTCGTGGGTTCAAGTCCCATCAGCCACCCTCAAAGAAGGCCGCCCGATTCGGGTGGCCTTCTTTCGTTTCACCCCTCCGGGTTGGAGACCAGCTCCGCCTTGATCCGCGAGCGACGGATGATGCCGTAGGTGAAGCCCACCGCACTGTAAATGGCAATCAGGCTGAACAGAAATTCCGGGAACTTCATCATCAGCCCAAGGATGTAGCCGATCACCACGCAAACGATCTGCAGCAGGTTGAACGCTTTGGATTTGCGACTGACCAGTTTGGAGATGTAGAAGCCGGAAATCATCAGGCCTGCTTGGACAATTTGCGTTGCCACCAGAGCCGAAGCGAGGGTTCCGGAAAAGACGCCGCCAGTCCACTCGTAGGCGATCAGGAAGGTAAGCGCGGCAAATCCGCCGGAAAGCGTGGAGGGCATCCCCACGAAGTAGTCCTTCAGACCGGTCTGGGCCACGTTGTAGCGGGCCAAGCGCCAAGCGGCACACAGGACGTAGAAGGAAAGCGCCAAGATCTGGATGGGCACGTTCTGTTCCGCCCACTGGGGAGCGATCGCCCGCAGCCCATGGAAAAAGAGCATCGCCGGAGCCAGCCCGAAGGCGACAAGGTCCGCCAGGGAATCGAATTCCGCACCGAAGGCGCTCGATGCTTTCAGGCGTTTGGCGAAAAATCCATCCAGCTTGTCCAACAGAACCGAATAGACGATGAGCCAGCCAGCCCACTCCAAGGCGGTTTTTTCGCCCCAGAGGAACGACATTTTCTGGGTCCCCAGCGGAGAGAGGACCAACGAAAACGTCCCCATCAAAAAGTTGAGGCTGGTGAAGAAATTCGGAATCGCGTAGCGGATGCGGCTCATGCAGGAGGATGTAGCAATCCGCCGGGTCGACTCAAAGGTTAAGCTGGATCCCGAAACAGACCTGAGCATCCGATCCGATCGCAGGCTATATGATTACGCCGAGGGACCGATCTCCAGCCGGTAGCCCGCCCCTCGAACACTGGTCAAAAGCTGTGGATTGGTCTGGTCGAGTTCCAGCTTCTGGCGCAACCGCATCAGGAAGTTGTCCACCGTGCGGGTGCTGGGAAGGTTGTCGGGCGAATACCCCCAGACCCGTTCCAGCAGATCTTCGCGACGGACCACTTCACCAGGGTGACCGGCGAAATCACGAAGGATTTCGAATTCACGGGTGGAAAGATCGACCGGCTGGCCATCCGCCCAGCAACGGAATTGCTTGAAATCGATCCGGATTCGGCCTTGCCATTCGACGACCTCCACCACCGCAGGTGCGCGCATGGCCTTGCGGCGAAGCAAGTTGCGGATCCGGGCGATGAGCTCCGCCAAGGAAAACGGTTTGGTCACGTAATCGTCCGCGCCCAAGGTGAGTCCGGCCACCTTGGAGGCCTCATCGGAGCGCGCCGTCAGCATCAAGATGGGAAGTTCCGCACGTTGGGAGCGCAGCTCCCGACAGATGTCGAATCCAGACTTCCCCGGAAGCATCAAGTCCAATAGGACGATATCGGGAAGGAAAACAGGGAGGATCCGCATCGCCTCGAGCCCATCGCAGGCCTCTTCCACGGAGAACCCCTCCAGCTCGAGGGTGACCCGCAAGCCCGAGCGAATGGATGCGTCGTCTTCCACGACCAGGATTCTGGCTTCAGGCATCGGTTTCCTCCACCGCCACCAGGCGGATCTCAAATATGGTTCCGTTCCCCTCGCGACTTTCCAAAATCACCTCCCCTCCGTGAAATTCCACGTTGCGCTTGACAATGGCAAGCCCCAGGCCAGTGCCCGAAACGGTCCGGGTCAGTTCCCCTCCACCCCGGAAAAACCGTTCGAACACGCGGGGGTGATCCTCCTCGGGGATCCCTGGTCCGTCGTCGATCACCCGCAGAATGGCCCATTGGTCCTTGCGCCGCACCTCCAGATGGACCTTGCCGCCGGGTTTGCCGTACTTGAACGCGTTGTCCACCAGATTGTCGATGACCGGCCGCAACAGGGATTTGTCGCCCACCACCGTGACAGGCTCGGTCTCGATGCGCCATTCGATGTTCCTTCGATGCGACACCGCGTCGAAGGATGCGCCCGCCTCGCGGGCGAGCACGTCCAGACGCAGAGGTTCGCGCAACTTGGCCGAATGATCCGCCTCGTCGCGGGCGAAAGACAACAGCCCCTCGATCAGGCCCTGGAGTCGTCTGGCCTCGCGCAGAATGGTCGCTCCGAATTCACCGGAGCGCTCGGCCCCTCGGCCCCCCGCCAATAGCTCCGCGTACAGGGCGATGGAAGTCAGAGGGGTCTTCAACTCGTGGGAAATGTTGCCGATGAAATCGGTCTTCATGGTCAGCAGGTCGCGCTGCACACGGATGGATCGGCTCGCCGCGGCCGTGGCGCCGACCAGGACGATCAGGGACAGCCCGAGCAACGCGGAGACAAAAATCGTCCTAAAGCGGGTGGCGGATTCGTGCTGGCGAAGCGACCACACCGCCACCGACCAGGAGGGGAAGCCTCCCGGAACCGCCACCAGTTCGTCGGGAGCCGAAGCCGGAGGCTCGCCCTCCAAGCCCAGGATCTGTCCGGAGGCGTTCTTCATCCCCAGGAACAACTCCCGCTCCGGTCCAGAGGACTTCGAAGCCGGCACCAGCTCCACGTTGAGAAGCCTTTCCTGCAAGGCCCGCTCGGAAAACCGGCCCACCGCCACCACGCCGCGCGGCAGATCCGGGGGCGCCAGCACCAGCCAGGTCCGCCCCGCGACATCGACCAGGTGCGTGACCGGTTTTTTCGCGAGCGAGTCGAAGACCCCCGAGG
CP064986.1_gap118	5721246	5725952	4706	GAGGCTCGCTGATCGGCGCGATCAGCGGCACCGGCGGCGGAGGAGGAGGCCCTTCCTGACCGGGCTTGGAGCCCGCGCAGCCGGTGAAGGCCACCGAAAAGAGTGCAAGAAAGGCAGCTAGCGCCTTGCAGGAAGCGGAGAGGTTTTGGATCGTTGGCAGACGGGTACTCATGGCGGGACAAAGCTAACCACCCGGGAAGGGATCCATGCGACTGGGTAAAGTCCTGTTCCTCGGATCCATCGCGGTCCTGGTGGTGATGATCGTCCGCTCGGCTTGGAAACGTCCGGAGATCAAGAACTTCTTCGATCCCCAGCTGGTGCTGGATCCGTTGGATCTTCCTGCCAATCCCACCGCGGGCGAGGAGTGGGATTCGGCGATCGCACCCGCCCAGGCCGGAAATCCGGGATTGTCCGTCAGGCGCCTCGGTGCAGGAGCCCTCGCCCACCCCATGGATGCCGCTTGGCCTCAGGCCCAAGCGGTCTGCTGGGCCCGCTTGGGGCGGTTCGACAGTGCCCTGGCGGCGTTGGAACGGTGCCTGGCGATCGCACCCCTTTCTCCACAGGCGAGCATGTTGCGCCGCAACAGCCGTCTCCAACATGGCCTTGAACTTTCCACCACCGGCGAACCCTGGAAAGGCCGCCAGCTGGGTGAGGCCGTCCTGCAGGAATTTCCGGACGATTCCGACGCCCAGTTCCTGGTGGGTTACTCCCGGGCCATGGAAGGCGCCATTCCACTGGCCGAAGAAATCCTCGGCGAATACACCCAGCGCCATCCAGGATCGGTCCAGGCACGCGCCGTCCTCGCGCAGTGCGCGCTCAGACGCGGCGACGCGGCCAGGGCACGCATCCAGGTGGATTTGCTGGAAGGCTTGGATCCAGGATCCGTGCAGACCACCGCGCTTCTGGGACAATTATTGTCTCTGGAAAACCGCAAGCCAGGGGCATCCAACCGGAATCTCCGCGTCTTGTGCATCGAAACCTGCCCACCCTCTCTGGAATCGGAAGTCCTCGACGAGGGCGAACGCGCCTGGAACCTGTTGCGGATGTCCACGGGATCGTCCCCTTCCCTTCCGGTATCGATCCTGATCGGAGCCCACTCGGCGGCGCCGCACTGGGCGGCAGCCACCTTCGACGGCCAAGTGCATCTGCCATTGGAAGCGGCCCAGAATCCCGACACCCGCACGACGATCCTTCGCCATGAGCTGACCCACGCCTTTTTGATCAGCGCCTCCGGCGGCCGTGTACCGCTTTGGGTCAACGAGGGATTGGCGCAGTATTTCCAGGGCCAGCGCATCAACACCCTTCCCGGAAGCGCGACCTCGGGCTGGCTGGATTCCCTTCCCTATCGCCGCAGCTTCATGGACCTGGATGAGGACCAGGCGGAATTGGCGTACAAGTACTCACTAGCAGTGGCGCAGGAGCTCATGGAATTGCACAATTCCACGGCGCTGGAGGCCTATCTGCAGCGTTTGCGCGAAGGCCAGGAAGAACCGGAGGCCTTCCGGAAAAGCTTCGGAGACGACTATGCGCAGCTCTCGGAAAGAATCCGCCGACGCCTTTGAGTGTCCAGACGCGCCTCGATTCCTACCTTGTGATCGCCCCCTACCTTCAGAAGGAGCGATCGATGAGAGTCCTTTCCATGATCTCCGTGGCCTTGCTGGCCTCCGCGTGCATTGCCGAAAAGCCCGCACCCGTGGCGGCGCCCAAAGCACCGGCACCATCCCTGGCCGCACCCGTGGCTCCGGTCGGCCCCAGCTTGGCTGTCCCGGCACCGCCCGCCAAGGCGACCAAGATCGACTTCACCATCCCGTTGCAGCCGATCAAGCAAAAGGATCTGAGCTTCAGCATGCTCAAGAATCGCTGGTCGCTGTTGTTCTACTTCAGCCCCACTTGCGGCCATTGCATGCACACCTTCCCGGCCATCCGGGAAATCCGCACCAAGTACGAAAAGAAGGGCTTGGCCGTGGCCGCGATCGCCACCGGGACCGCGAGCCCGGAAGACATCGCCACCTTCGACTCGGAGCTCAAGCTCGACGTGATGGCCTTCCAGGATGTGACCAAGAAGTTCTCGCAGGAATACGGAACCGGCTCGGTGCCGCTCATCCTGCTGGTTTCGCCGGACGCCAGCTTCAAGATGTGGAACTCCTCGGATTCCGCGACCCAAGTGGAAATCAACAAGTCCATCCGGAGCGCACTCAAGTTGAAATGAGGAGGCCGTGACCAGCCCGGTCTGGACGGATCTGCTGGCTCGCCTCAGATCCAACCGGCCGGATCGGCTGGTGGAATGGCTCCACAAGATCCCCTTCCTGGAAGGGGTGCACCCCCGGCACCTGCGCCAGATCGCACGACTTCTCCACCGGCGCAACTTCGAGCCGGGGGAAGTCGTTTTCCGTCAAGGCGAGATCGGAAGCGGGATGTACATCATCCAGACCGGTCTCGTGCGCATCGTTTCCGAAGACCTCGTGCGCGGCGAGGTCCAGTTGGCCGTCCTGGAACCCGGCCATGTGTTCGGGGAGATGGCCCTGCTGGACCACGCGTCGCGCTCGGCCAGCGCCATCTGCCAGACAGAATCCGTCTTATACGGATTCTTCGAGGGCGACCTGGACCAGCTGGAACGCACCCGCCCCCAAGCCGCGGCGCGCCTTCTACGCAACCTTGGGCTTTCGTTGGCCATCCGTTTGCGCCACACCAACGAACGCCTCCACGAAGTGGAAGAGGGTTCCGCCCGGGCGAGCTATTGATGATCCCAACACCCGCACTAGAATCGAGCGCATCCCAGCCCGTCTGGCTTCGGTCCTTGGATTCCGTGACCTCGTCACCGCACCGAGCAAGGGTGCGCCTCCTCTGTCCCGAAACCAATTCCCATCGCCATCCAGGCGGGCTGCATCCCGCTCTAATGCGGGAGTTGGGATGATGGTCCGCCCCGCCCGCACCATTGTCCATCCTCGCGGAGACAAGATTCTCCTGACGGTCTGGATTCTCCTTGTGGTGGCCGTGGGGCTGTTCGCCGCCACCTCCGCGTGGCTTCTGCTGACACCGCTGATCGTAGGTTATCTGCTCTCCGTGCTGTTCGCTCCGGTATGCGAAGCGATGGACCGCCGAGGCATCCCCCGCACCATGGGCGTCGCGGGGATCCTGGTCGGTTTGGTTGGCCTGCTGGGAATCGCCCTTGCCTGGGCGACCCCGCTGGTGTTCGCCCAGATCCAGGAGTTCCGCGACCATTCCGAAGCCTATCTCCAACAGGCCTCCCTGCGACTTTCCGGTTTGTTGGAATTGCTGGAACGCCTCGTCCCCGCCAAGGAACTCGACAAGGCTCGTGCCTTCGCCGTACTGCGCCTGAAACAACAAGGAAGCCCGTTCGATTCGCTCCAGGACCTGCTGGATGTCCTGCCGCTTCTGGAGACCATCCTCCTGTCCTTGGTGGTGGCGTTTTTCCTGTTGGCCCGTGGCGCGGAGGTCCGCAAGTCCTTCCTGGCCATGATCCCCAACCGGTACTTTGAAATGACCTTGCGTCTTTTGCACCGTGTGCAACTCCAAACAGCCGCCTACCTGCGCGGCCAGGCCATGGATTCCATCGCCAACGGCATCCTGATCACGGGCACGCTCTCCATCCTGCAAGTCCCGTACGCCCTGTTTCTGGGAGCCTTCGCAGGAGTCGCCAACGCCATCCCGCTGCTGGGACCCATCGCCGGCGGAATTCCCGCCATCGCACTGGCCTTGGTCGGCGCCACGAGCACCCCGTGGTGGCTCATCGCCATCGCGCTCTTGGCCATCCACATGTTGGACAATTTCCTGATCTACCCGGCCACCGTGGGCGGCTCCTTGCACCTGCCCCCTTGGGTGGTGATCCTGGGAGTCGCGCTGGGCAGCCACCTGGGGGGCATCCTGGGCATGTTGCTGGCCGTTCCGCTGATCGGGCTGGCCCGAGGATTCATCCTCGAGCTCCACGACAACCTCAAGGGCTTCCGGATCCTCTGAAGGCTACTCGGCGGCGATGACCGTCGCCGGGCTCTTGACGAGAAAATCCGATTTGGTGGTCACCACATCCGGCTGGGTGGCAACCAGGTCGAGCTTCGTCCCAATCGGCAATTTGACCACCAGGCTATCGATGTTCTTGATCCCGATGGGCCGGATGATCAGGCGACTGTCCTCGATGCAGCGCACGCCGTTCGTGCCGGTCTTGGTGGCGGTCGAGGAGCTCGTTCCCGAAGCGGAAGCGGTGAGAAGCTCCGCGGAGGTGGCACTCGTCTCGCCGGGAGCCCAAAGCATGGATTGGTTCACGGTGGCAAGGAGAATGGGAGTTGTTCCGATCGTGATGGGGCCGCTGATTTGGACGCTGCCGATGTCCGAGGTGATGGCTCCGATGTCCACCGCGCTTTCCTTGGAATCACCGCCGGAAAAGGATGCGTAGACCTCGCTGGCCGGTTTCAGGATCGGGCTGGCCGCCTTGTTGGCCACCAGGAAATTGCCCCAAAGGTTGCGCCCTTGGGTCCCACCCCAGCCCGTGTCGATGCGCAACGCCAGGGCGGAATCCGTCGAGCCCTTGACCAGGGTGGCCGCGTACAACGCAGACCATTCCCTGGCCTGCGCCACATGCCAGCCAGCGGGACACAAACCTCGCACCACGCTGGTGGAGCTGGAACCGACTGCTTTCGCGTCGTAGGCCGCATCCAGTCCCAGCGCCTTCGACCAGGTGTACAAGCGGC
CP064986.1_gap119	5736656	5739398	2742	GTTGCGAAAACCTCACGCTCTATTGCGAGGTCCGCGGGGCCATCGACAATATCTATTCCTCGCTGGTCTCCCATTTGGCCGCGGCCAACCGATTCGGGAAAGCGCAGGTTTCGCGTGGGCGCGCATTCTTCGAGGTGGCAGATCCAGGCTGCTGCGGGATCCGTCGATCAGATCTAGGAGCAGGACGGACCCGCATCGATCTTCTCTTCGAGGCTCGCGTTCCAGAGGACGTACGAACGACATTCGAAGCTTTCGTGGTGAGTCATCTACAGCGCGAAGGGATCGAAGTTCGCGAGGTCCTGGAAACCCAATGCGCGAACCCGGAATGCCGCGCTGTCATCGGGGAGTCGCACATCGTTCCCTGTATCGAGAAGGGCAAGGATCAAGTGTTCTGCTCCGAATGCGGGACCGCAACACCGATTCCCCGCGGATTGGTTCGAAGGTCACAAGGATCTTCAGACCTGATGCGCGAGCTGCGAGAGGCCAGTGAGCGCCAGCTCCAGCAAGATGCCAGAATAGCGAAGCAAGAAGCACAACCAAAGGCCCGCGAAGCTCGTCCCATCCGGATCCTTCACCTAAGCGATCTCCACTTCTCGGCATGCATGGATCCAGTCGTCAGTTTCGAACCCTTGGCCCTGGATCTGCGGGACCTGGGAGTGATGGATTCGCAGGAAACGGCATCGTTGGATTACGTCGTCGTCACTGGAGATCTCACGAACAATGCCTCACGAGAAGAGTTTGAGGTCGCTGAAGCCTTCCTGAAACGGCTAGCCGAGCGATTCAAAATTCCGCCCACACGGTTCGCGATCATTCCAGGAAACCACGACCTCGACTGGAAAACCAAGGTGTACAACTTCCAGCCAAAGCGAAGAGTCAACGTTGGGTCGTTGAAAAAGGAGGATTACCTCGAGCAAGAGAACGGCATTCTCCTTCGCGACCACAAATCCTATCCGAAGAGATTTGACAATTTCCGAGAATTCTACGCCCGATTGACCCAGCGGCAGTATCCTGATGATTCAAAAAACGAATTCATTCCCCGCCTCTTCGAAGACCATGGCCTCCAGTTTTTGGAACTCAACTCCGCTTGGCAATGTGACGAACACTTCCAAGAGCGATCTTCCATCAACTTGTCCGCATTGAGTCAAGGAATCTGGAATGCAAACCAACAGATCGATGAATACCACCGTAAAAACCCGGGTCTTCGTGACCGCTCCTTCCTACGCGTCTGCCTCTGGCACCACCCGATCACGGGAAACGAGAAGATCCAAGACGACGCCTTTGTGGAACAGCTTCGCAAGGCAAATTTCCGGTTATGCCTTCATGGACATGTCCACAAAGAGGGAGCTGATCTGGTTTCGCCATTTCAGGGCAATTCCATGATTGTAATCGGTGCAGGGTCCTTCGGGGCACCGATGCTGCAACGTCCACAAAGCACCCCGCGGCTCTACCATCTTCTGGAAATCCAGCCCGACCACTCGAAGATGCGCATCAAGACCCGCCAATTGGCTCGTGAGGGTGGCTGCTGGAATCCATTTTTCCGACATGACCCGAACAACCCTCAAGGCGGCCTCCCCTACCTTGAGATCACCTTGCAGCAATAGAAAACCCAAGCCGTGGGCAAGCGCTACCGCCGTCAGGACGAGATCGGAACCCCTTCTGGGCCCCGCCAAAGCCGTCCGGCGGACTTCGGCCGGCTGCGCGACTCCCCGGCGGCGTCCAACCTCCTCTGCGTAAGCCTCCGGCTACGCTTCGTCGGCTGTCCTTGCCGGAAAGCCGCTCGCTCGTCCTCGGGTCTCGCCGTCCGACTTCGCCGTGGCCCTTCTGCGTCACGGTCGATTTCGACACCGTCGGCCAGGGCGAGCCCGAGAAGATCAACACCGTCACCATCCGCGAGCGCGACAAGATGACCCAGGACCGCATCGCGATCGACCAGGTGGAAAATTATCTGCGGGATCGGTTGAAGTAAGGAAGTCCCGCAGGGGTGGGATGAATTGAATCAGCCCCCGTCGACCGCAAAGGTTGGCGGGGCTTTTTCTTGGGCGTCGGAATCTGTCGGGCGCCGCACCCGCTGCAACGTAGGGACGCAAAATATTGCGTCCCTACGTTGCAGCGGGACCGGGCTGCCTGCCGGGCCACGGCTTCGCCTGGGTCCCGGCCCTTCGGGCGGCATCCCTGGCGCGGCGCGGCAGCCTCCTCTGGGAAGGACAAGCCAAGTGGACAGAATCTGGCTGGCGGGTTCCGTCCAAGCATCGGGGCTTGGCGGTGCTGCACGCGCGCACCCCTTCCGGAACGCGTTCGGAGAGGATTTTCCTGACGCGCTGATGAGCGGGCGAAGCGTCCCTAAGGCTTGACCACCACGAACGGGAATTCCGGACGGATCGTGTCTCCGGTCGAGTTCCAGATGGTAATCCGGAACCGATAATTGCCTGGTGGCGTCGAACCGTAGGCTTTGAACCCATAGTCCCCGTCGATCGACCAGCCTGGCGTTGGGTCGGAGACCCATGTGGAGCCAAACGAAGTATCCTCCGGCGATTTTCCATCACCCGATAGCAGATTGACTTTCGCGGAAAATCGCGTACCAGATCCGTAGAGTCGTCCCTCCACATAAGAATACCCGCTGGTCGCGGTCACCGTATCCCGATCGAGCTTCAATCCCACCCCGAAAATCGGGGGGAAATCCAGCTGGAAGGAAATGGTGTCGGTCAGCATGGAATCCGTCCTGGAATGGACGGAAATCACCAG
CP064986.1_gap120	5762696	5763282	586	GACACATTGGAATCGGCCATCGCCTTCGCCCTGCCGCGTTGGATCGGCACGCTGGACACCTTCGCGCGATCGTTCCGCGATTCCTTCGTGAACGTGGCCAGGACCGAAGTCAACTACCAGGTGCTGGCCCCGCGGCGCTTCGATACCCTGCGCTCGGGAAATTGCGACTCCCTTTGCCTGGAAGAACTCCGCTGCCGCACCGGCGCGAGCTTCCTGGTCCAATCGGAGGTGGAACAGCGCAAGGACGGATGGACGGTCCGCGCGCACATCCTGGAGTTGGGAACCTGGAGGGTCGTGGGGACCTTCGAAGCCCGCGACAACCAGCCACCTACTCTAAAACGCATCCGCGAAATCGCACCTTGGGCGGCCAAGCGCCTGTTCGGCAAGGATGCAACCGCCATGGCCCCGATCCAGCCCGAGAAAAAGCCCTGGGGCAAGATCTTCGCGCTGTTCATCCCGGCCGCCATCGGAACAGGCTCGATGATCATGCACTGGTAGGTGCTCGTGCTGTCGTAGACTGCACGAGGGGAGCTCGTTCGAATTTCTGCAGGGGTCAATCGTCCTCGAGCGAGGGTCTCCTGCGCGT
CP064986.1_gap121	5765032	5769699	4667	GGCGGCCTCGCGACCTTCCCGGTGCAAGGACGATGCATTCCCCCATTGGGATTGCGAGACTTCGCAAAAAGCCTCGATGGCCTCCCGACAAGGGGGGGTGGTGGCATTCCAATCGAGATACACGCGTTCCATGGTCTGTCGGCTCTGAGGTAGATAACGGTCGGTCGTCTGTGGAACCAGATCGGCCGCAAAGATTTCCGATCCGGTGCCATCGAGGTCCCCTTAGGTCGCTCGGGATGAATCCCTCGCAGAGTTCCCGCCTTCGGCGAATCACCTGAACAGCCTTGTTGGAGGCCCTGTGCCACCGCGAGGTGGCGGAACTCTGCGAGCACTTCAGTGCGAGTAGCGAAAGAGGATCCGATAAACCACGCTGGCACCACGTCGCATCCTTCTCGAGTCCGGGAATTAGGTTTACGCCTTCCATGAGCCTCCATCGCATCGAAGTCGCCGTCCGTCCCGACCTTCGGGATTCTCTCGCCTCCCGTCTTGTCCTGCAATTGTCGGAGGACGCCGGGATTCCCGTTGCCGCCTTGAAGACCTTGCGGGTCTACACCTTGGAAGGCGACTTTACCCCACAGGAACTCCAACGGGCGGGCAGCAAGCTGTTTTCCGATCCCATTTCCGAGATCTGGGCGCTTGACGCTCCGTTGGCCGAGCAGGTCCTGCCTGGGTTCGACCACCTGTTCGAAATCGGCTTCCGCCCCGGTGTCACGGACAACGTGGGACACACCGCCAGCGAAGGGCTTTCCGAGCTTCTCGATCGCGCCGCCGATGCCCAGAAAGTTTACGGAACCCTGCAGGTTCTGGTCCAGGGCATCACCGACTCCCAGGTGGATGCAGTGGCCAACTCCCTGCACAACACCCTGATCGAAGACTGCTTGCGGATTTCCCGCCCCCATTGGAATGAGGGTGTGCGCGTGGAATCGAAGTCGCGCTCCGTGCGCGGCAACCACTTGCCCCGCGTGGAAAGCGTCCCCTTGGTGGACAACGACGACGCCCTCCTGGCACTCTCCCGCGAACGCACCTTGGCGCTCACCCTGGAAGAGATGCGCGCGATCCGCGACCATTTCGAGCAGGAACACGTGCGCGCCTACCGCGCGGGCCTGGGCTTGCCGCCCGACCCCATGGACATCGAAGTGGAAGTGATCGCCCAGACCTGGAGCGAGCACTGCAAGCACAAGATCTTCAACGCACGCATCGTGTACGACGACAACGGCACCACCCGCGAGGTGGTGAGCCTGTTCAAGACCTGCGTGCGCGCCACCACCATGGAGCTCATGCCCAACCGGCCCGACCTCATCTCGGTGTTCACCGACAACGCGGGCGTGTTCCGGTTCGACGAAGACCACTTCGTCACCATCAAGGCGGAAACCCACAACAGTCCGTCCGCGCTGGACCCCTACGGCGGCGCCATGACAGGAATTGTCGGCGTCAACCGCGACATCCTGGGCACCGGCAAGGGATGCCGGCCCATCTTCAACACCGACGTATTCTGCTTCGCCCCTCCTGACTGGAACAAGCCGCTGCCTCCGCGCCTGATGCACCCCAAACGCCTGCTGCGCGGCGTGCACCGCGGCGTGAAGGACGGCGGCAACGAATCCGGCATCCCCACCGTCAACGGATCCATCGTGTTCCACGATCGATTCCTGGGCAAGCCTCTGGTGTTCTGCGGCACGGGCGGACTCATGCCCGCCACGCTCCCCAACCCCGACGGCGTGATGGAGAACTCCGCCGACAAGATTGTGAAAGCGGGCGATCGCATCGTGATGGTGGGCGGACGCATCGGCAAGGACGGCATCCACGGAGCCACCTTCAGCTCCGAAGCCCTGACGGAAGCCTCTCCCGTTTCCGCGGTGCAGATCGGCGACCCCATCACCCAGAAGAAGATGGTGGACTTCCTCCTGGAAGCCCGCGATCTGGGCCTGTACAGCTCCCTGACCGACAACGGCGCGGGCGGACTTTCCTCCTCCGTGGGCGAAATGGCCAAGGACTGCGGCGGCGCCTGCGTGGATCTGGAAAAGGCTCCACTCAAATACGCCGGACTGGACCCTTGGGAAATCTTCGTCTCCGAAGCCCAGGAGCGCATGACCGTGGCCGTGCCACCTTCCAAGCTGGAAGAATTCATGGCGCTCTCCAAGCTGCGCGGCGTGGAAAGCTCCGACATCGGCGCCTTCGACGATTCGGGCGTGCTCACGCTTCGCTTCCGTCGCAAGGTGATCGGCGCGCTGGACATGCACTTCTTGCACGAAGGCTTGCCGGAACTTGTCATCTCCGCACGCTGGAAAACACCTGTCCACGCCGAGCCCGCCACCTCCCAACTGGGACCCGATGCAGCCTCCGACCTCCTGTCGCTGCTCGCTTCCTGGAACATCTGCTCCAAGGAACCTTGGGTTCGCCAATACGACCACGAAGTGCAAGGTCGCTCCGTGGTCAAGCCCTTCTCCGGCGCCAAGGACGACGGCCCCACCGATGCGGCCGTGATCCAGCCCGTGGGAGGATCTTCCAAGGGCTTGGTCATTTCCAACGGCCTGGCGCCGCGCTACTCCGACATCGACGCCACCGCCATGACGGAAGCCTCCATCGACGAGGCCGTGCGCAACCTGGTGGCCTCCGGAGCGGATCCCTCCACCATCGTGGGATTGGACAATTTCTGCTGGCCCGACCCGGTCGAAAGCCCGTCCAATCCCGACGGCGCCTACAAGGCCGCCCAGTTGGTGCGCTCCAACGAAGCGCTGCGACGCGTGTGCGTGGCCTACGGGATCCCGTTGGTGTCGGGCAAGGACTCGATGAAAAACGACTACGGCACAGGCGCCGAGCGGATTTCCGTCCCGCCCACCCTGCTGGTCACGGCCCTGGCCACGATGCCGGACGTATCCAAAGCGGTCACCATCGACGCCAAGGAAGCGGGAGATCTGGTGTACGTGGTGGGAACCACCCGCGACGAATGCGGTGCGTCCGAGTGGCTCGCATTGCACGGATTCATCGGCAACGCCGTGCCCCGCCTCCACGACGTGGAACAGACCCTGGCCAGCTACCGTGCTCTCCACGTGGCCATGCAGATCGGACTGGTGCGCTCCGCGCACGACTGTTCCGATGGCGGCCTGGGCGTGGCCTTGGCCGAAACCGCCATGGCAGGCCGATTGGGAATGAAGATCGACCTGGCCCGTGTGCCGCGCGATGGCGTGGAGGATCCTCGCAAGATCCTGTGGAGCGAATCGCTGGGACGCATCGTGGTCACCGTCCGCAAGGGACAGACCAGTTCGTTCGAGAAACTGATGCGCCCCAACGCCTTCGAGCGCATCGGCGAAATCACCGCCGACGGCCGCCTGGAATTCACCAAGGGCGCGGATCCGGTATTGTCGGTTTCTGTCGAGGATTGCCTGGTGGCCTGGAAAAAACCGTTCCAGGCCTGACCGTTGGTCGTGCGCGATCGGTTGCCGTTTTCATGATTTGACGTTTGCGCGATCGGTTGACGTCGTAGAGACGCCCCGGCGGGGCGTCTCTACAATGGCAAAAAACCGTCGCGAACGGCAAAACCGTCGCAAATGGCAAAAACCGACGTATTGAAAACGGTCGCGCACCGCAATATTTGTTGCGGACGACAAAAACCGGCATTCGGCAACCCGATCGCGCCATCCCCCGAACCCACCCGTTCGCGCGCAACGCCCTGAATCACCCCAGCGGATGCGAGGCGAAGCCGATGCATCCAGGGCCGAAAGGCTGGCAGGGATGAGGTCGAGATCGGGGATGCGATCGAACCGACGGCGAGGGAAGGCGTCGCACCCAAGCCCTCCCGATCCATAGTGATGGATCAGGATCCCTGGGACGCCGACAGAAGAAAGGGGAAGAGCGCGCCCCGAGATCGGCCTCAGCCCAAGGTGAACCTAAACGTCGCGCCCTTCCCCGTTTCCCCCTCCGCCCACACCTTGCCGCCGTGGCGGGCCACGATCCTCTGCACGATCGCCAGCCCCACGCCGCTGCCGGAAAATTCCTCGGGGCCGTGCAATCTGCGGAACGGTCGGAAGAGGTTGTGGGCCTGGGTTGGATCGAACCCCGCCCCGTTGTCGCGCACGAACCATTCACGACCATGATCGCCCATCACGGTGCCGATTTCCACGCGAGCGGAGATCGTGTGGCTGGTGTATTTGATCGCGTTGCCGATCAGGTTTTCCCACAGCACCCGGACCAGCGATGGATCCGCCTCCACCATGCCGAGGTCCTGGATGTCCCATTGCACCGCATGTTCGAGGCTGCCCTGCGCGGCGATGACATCGGTCACCACGGCGTTCATGTCCACGGGGACCCGTCGAAAGGACACCATCGTGATCCGCGAGAGCCCCAACAGGCTGTCGATGATCTCGCCCATGCGAACACTCGCCGTACGGATCCGGTGGAGGTAATCGCGATGGTCCGCGCTCAAGGTCGGAAGGAGTTCTTCCTCCAGCGCGGCGGCAAATCCCGACACCCCGCGCAGGGGCGTGCGAAGGTCGTGGGACACCGAATAGGAGAATGCCTCCAGTTCGCGATTGGCCTGGACCAGCTCGACGGTTCGCTCCTGCACGCGCTGCTCCAGTTCGTCGCGCGAGCGCAGCAACAGCTCGCGGACCTGCACCCGGTCGGTGACGTCGCGGACCAAGGCGGCGATCCGACGGTTTCCGTCAAACAGA
CP064986.1_gap122	5771880	5775028	3148	CTCTCCGACTACCGGATCATCGCCTTCCCAGGCGGTTTTTCCTTCGGCGACCACATCGCCTCCGGCCGCGTGTTGGCGGTCAAGATCCAGGCCCATCTGGGTGAGGCTCTTCGCGAAGCCGTGGCGGGCGGAACCTTGGTGCTGGGCATCTGCAACGGGTTCCAGGTCATCACCAAGCTCGGACTGTTGCCGCTGTTGGCAGGCGCTCCCGCCGCGGGCCAGGAATTCCAGCAGGAAGCCACCCTCACCTTCAACGATTCCGGCAAATTCGAGGATCGTTGGTGCCCCATCGTGGCCAATCCATCCTCACCTTGCCTCTGGACCCGTGGACTGGATCGTTTCGAGCTGCCCGTGCGCCATGGCGAGGGCAAGTGGATCCACCGCGACGAACAGGTCCGTCAGGCCATCCTGACCCAACACCTGGACTGTCTGCGCTACGGCTCTTCCTCCTATCCCGGCAATCCCAACGGCGCCCAGGACGACATCGCCGGCGTCTGCGATCCGTCGGGCCGCATCTTCGGACTGATGCCGCACCCGGAAGTCTTTTTGCGCGGCACCCAGCACCCTCGCTGGACTCGTGGAGAGTTTTCCGCCCAGGCGGAAGGCGTCGGATTGGCCATTTTGCGCAACGGCGTCCAGGCGGCCGCGGCCGAAGGCTGACAAAGCCGCTCAGGAATGGCACAATGGCGTGCCATGCCGAAGCTCCAAGATCCGACCGTGCTTGTTGTCGACGACGACCCCTTGGGGCTCGAGGTCGCCTGCCAAGCCTTGCGCTACATGGAGCCTTCGTGGAACATCCTCGGCTTCGATCAACCCCATGATGCCTTGGATCTGGCCTGGGATCTGCGCAATTGCGTGGTGGTCACCGATTGGTGCATGCCGGATCTGGACGGCATCGAGCTGGCCAAGCGCCTGCGCCGACGCGAAGCGGACGACGGCCACGCCTACCACGTTCTGCTGGTGACGGCAAAAACCGGCATCGAGGACATGGAACAAGCCTTCGAGCACGGGAACGATTTTTTGGTCAAGCCCTACGACCCTCGGGAAATGCGCGCCCGGATCCGCGCGGGATTGCGCCAGCTGGGCAGGCAAAGACAGCTTCTGGACGACAACGCCGACCTCACCGTTCGAGCAGGCACGGACTCGCTCACCGGGATCGCCAACCGGCGCAGCGCCGAAGAGACCGCCGCGCGGGAATTCGACCGCTGGAAGCGTCGCCAACATCCGCTTTCCGCCATCTTGGTGGACATCGACCACTTCAAGGCCATCAACGACACGTACGGGCACGCCATCGGCGACGAAGCGCTGCGTGCAACCGCCCGCATCCTCTCGACAGGCCTTCGCCCCTACGACACTTTGGCCCGCTGGGGTGGGGAAGAATTTCTGCTCCTGTGCCCGCATTGCACCTTCACCGACGCGCTTGGCCTGGCCGAGCGTCTCCGACGCACCCTCTTTGCCCAAGCCGATCTCCATCTGCCCTCGGGGGCGCAGTTGACCGCCAGTTTCGGGGTCGCAACGGCCTCCGCAGCCGCATCGAACCTGGAGCAGCTCATGCTCTCAACGGATCGGGCGCTGTACTTGGCCAAGGAGCGCGGGCGCAATCTGGTCTGCGGCGCGGTGGATCAACCGGAAATCCAAACCTTCGTCGCTTCCGGAGTGCCCAGGGAAAGCCCCGGAAAGACCGCGCGAGGGGTGTAGATTTCCAGGCTATGGACGAGACCCAAGACCTGCGCGCAAGCCTCACGGAACTGGTCGAACAACTCGCCGCGAGCGATCGCCGCGAACTTCCTTCCCTGAGGGAGCTCGCCGCGAAGTTCGACGTATCCCCCAACACGATCAAGAAGGTCCTGCTGGAAATCGACGGACCCATCCGCGTGTTCGCGGTCCATGGCCGCGGATTCTTCGTGCGACTGGAAAGCGAGCCGGAACCCGGAGCCTCCTCCAGCCATGTATCGCCGGAGGATCTCGACGAGGTCGAGGAAATCGACGACTCGTCCAACGAGCCCATCGACGTGGACGAGCACTACAGCCCCGTCCCCGAGGAAGGCCGAGCGCTCAGGCGGGAATCGGCACCGCGACGCGACGCGGTGGTGGTGATTGGACAGATTCTGCGCGCCACCGACCCCACGGGTGCCCCCTCAAACCGGTTTCTGCAGTTCGTTCGCATCCGGGAGGAACTCCAGGCCAGAGGCTACCAGCTCTCCTGGGCCCCGCTGGGCTACGATGCCAAGGGTCGTTTGGACCCGGTGGAGGTGAAGTCGCTCCAATTGCAGCTGGCCGGACTGGGCGAGCGTTTGGCGGGCATCCTTCTGTTGGACTGCGGCTATGGCCGAAGCCAGCCGTTGTGGGAACTCACCACCGAAGCCACCGACCAACCCGTGGTCTGGTTCCAGACCTCTCCCATCGCCCCCGAAGACCTCCCCCGACTTCCTCGCAACGCGCACGTCCTGGAGCCGGACTGGTCCGGCCTCGGCGAAGCGCTGGGCGACCATCTGGTCCAGGAGCATCTCCCGCAGAAGGTGCTCCTCCTGCCATCTCCCGGCGAAAAGGGCCTGCCGCCGCAGCTGGTCAAACTGCGCAAGCACCTGCTCGAATGCTGGGGACCACGTTGGGTCGCCAGCCTGGATTGGTTCGATGTCTTCCCGAGCGGTCTCCCGCGCGACCCTGCCGACTCCAAACGAGGCAAGCTGCGACGCCTCCTGCTGGACACCGGCATCGCGCGCTTCGAGCTGGACCGCTACTTCCGCACCGCGTTGGGAATCGGCGCTTCGCTTTGGGTATGCGCGGATGATTTGTTGGCGCTGGCCGCCATCGACCACCTGGACTCCCGGCACGCCCCCAACGAACCTCGGCCCGGAGTCCTGGGTTTCGGGAACCATCCGTTCTCCCTGGCCCGCGGTCTGAGCACCGTGGACCCGGGCTGGCGGAACCTCGTGGACCAGGCCATCGCACTGTTCACCCGCTCTCCCTCGCCCAGCGAACCCTCTGCACCATTGATCATCGCCGCGCCTTCGGAATCCGTGTACGGCGGCAACATCCTGGCCCGTCGACAGGACTGGTTCTGAACCTAGCTCCCGCAATAGGACCGGGCGCATCGCATCCCAGCCCGCACAGCATCTTGGCTCGTACGGTCTCGTCTCCGCACCTA
