gap_id	start	end	length	sequence
CP060232.1_gap1	1591	2334	743	AAGCTGGTTTGTGCGCGGAGGTGCGCTAGCTGCTGGAATTGTAACTGGCGCAGCGACTCTTGGAATATCGACGCTCGTCATTGGCGGTGCGTCGTTCGCACTACAACTCGCAGCTCCGTTAATCGAATCAGCTCTTGGTGACATGATTGCTGGCGACGTCGTGAAAGATATATCCGGCTACGACAGTGGTAATGCAGTTTACGCCGGTAGCGCCGGCATGCTTGGTGACATAGCTGAAAATAGAGGCATGGCTCCAGTTACCACTCAAGGTGGCGCTGATTACCTAGCTGAAAACCGTCAAACCACTGCGCAATATGCGTCACTTAGCCGCTACATGGCGCGCACGACGCCATTTGACATCAGTAACCGATATTCATTCCTAGGCTCTATCGTTTCAACCCTGATACCAATTGCAGAACAGTCAAAATCTAGCGCCAGTATGGCGATGATGAATATTGCTGCGCTCATACCAAATTCGTTTGCTAGCATCTACCAACCAGCAGCCGGAGCACTGTCGAGTAATTATTTTGGTCAATGTAACGATATGACATATCAATCACTTGGCATAGATGCGGGGCCATTCTGCGAAGTTCGCCACTGGATGAGCAATAAAGAACTTGCTATAGATCCCGTTCAAAATGCCATCTGGATGGCAAATAGTGGCAACATCGACCCGTCGAGTGAAACAGGTGACGCAAAGGACAATGGCCAAGACTGGAACTACGTTAAATTCCTTGATCAAT
CP060232.1_gap2	3763	8538	4775	AATACATCAGCTACAGTTCAAACTTATTACCCGAAACAGGCGGAAGAACCGTCTTTGCATCTGATCAAACACCAGCCTATGCCGCAGCTGTAGTGAAGGCACACAGCGAAGATCGCTACACTGGCGGTATATCAGTTATTGGCGATGACTGTGGTGGCTTCGTCAGTATACTTATGTACGACAGTGGCTTCGACAAAGGCTACAACTCAGGTGACAGAGGAGGTCCAACAACAGCTCAAGAGGCATGGTTAAGACAGAACTGGCAGCAGATAAGTTCAACCGATGCGACTGATCGTCAGCCTGGTGACGTCGCGATTAATAACGATCATACTTACGTCTACGTCGGCAATATACCAGGTTTCGGCAGTCAAATCGCATCAGCATCGGTATCTGGACCTGTACGAGCACCAATGGCCGGTCAGGAGTCTGTTGCTGATTCGTCGTTCCGTTGGTATCGTAAAAAAGCAAACTTAACACCGGCTAATTTATAAATTATGTATTACGATTTCATTCATCAGCACAAACAGCAATTTAAAATAGCTGGTATCGCATTTATAGTGCTCGTAGTATGGTGGGGGATTGCAACATTCGTCGACCAAAATGGCAAGATTCCGGTTGTCGTATCGGTCGTACCTAGTGATGCGACTGTCACGTTTAACGGCAAAAGTGAAGGAAATGGCACACACTATTTACCAGCTGGGTCATATGAAGTGACTGTTCGTAAAGATGGGTTTAAAACTGAAACGGAACAGGTGATAGTTACTGGTAAAAAACAACAAAATGTCGTCGCTGCATCGCTTACCGCCGAGAGTACTGATGCGAAAAAGTGGGCAAAAGAACATTCTGATGATTATGCAAAAAATCAAGCATATGGCGCCATCGAAGCTAATAGTAACGGAAGTTATTTTACCGCTAAAAACCCAATCACAACCAAGCTGCCCTATAATGACCCGTACTTCACGATTGGCTATATCGTCAACAAAGACCAGTCTATTACTTTGACCGTAGTAACACCGTCACCACGTTACCGATTCTACGCCGTGCAACAAATCCGCGATCTCGGCTATGATCCGACTGATTTCAAAATTATGTTCAAGGATTTTCATAATCCGCTGGAGCAGAAATGAACGAACAAATAAAATTAACGCTAATTATTATCGTATCCGTGATTGTCGGTGTCGGCGCCTTTACTTACGGCGCACTAACAGCAAACCCCGATCAAAAACAGACCTCAGTAGTCGCATCTACACCTAAGCCAGCAAAGATCGATTTGACGAAACAGCTACAAACCGAGCGCTCAACAATAATTGGCGTACTAACAAGTGCATACCCGAAAATCAGCTCCGATTATACAATTGCCGACGGCAAGCTTTATAACAAAGGGGAGTGGTACGGCACCACGTTAACATACCACGGAAAAGACACCTTAAGTCGCGACACACTCCGCGTACTCATGCAAAAAAAGCAGGGTCTATGGATACTACGAACAACTCCGCCACGCCTACTACTTTCGACTGTTGAATTCCCAGATGTGCCAAAATCCATACTCACCGCAATCAACCAACCTGTTAGCTTGCCAGCTGGTAGCGAAAACTAGCGAAGACGAATAACCCTAGCATCGCCAACGACACTTGGTGGATTCGTACTCGTCATAATAATCTGATGATTCTGAAATTTCGTCGCTAAATGCGCTTGGCGCTTGTCGTCCAACTCGCTCAGTACGTCGTCGAGTAGTACAACCGGTGGTAGGCCAGTTACCTCCTGTAATATATCGACTTCTAGGAACTTTAGAGCCAGTATAATCGTACGAACCTCACCGCGCGACGCCGAACTAACGGCAGGCGTGTCATTGAAACGAAAAAGCACGTCATGCCTATGAGGACCCACCGACGTAAACCCAAGCAACTGATCACGTTCCATACAAGACTCTAATTCAGTAAGTAATTTCTGCTCAGTATTGTCGATAAGTGTATGCGAGTAATGCAACGTTGCTACATCACGCGTCTGCGCAATTGTCTTATACGTCGAACCGAGTCCGGCATTTAGTCGCTCAATCAATCGCACGCGCACGTCGATCATCTGAGCGCCATATTTCGCAAGGCTAACGTTCCACGCAAACAACGTGTCGCCGCTAGCACCACTTTTGAGAAGCTTATTGCGCTGAGCAAGTGATCGCTCATAACGACGAACGACTTTACTGTAATCGGGTATTAGCTGCGCTGCAAAACGATCGATAAATTGACGGCGCCTGGTTGGCGACCCGTGTAAAAGTCGTAGATCGTCCGGCTCAAACAATACCACTGGGTAACGAGACGCAGCCGGCAGGCGAATACTCGATTTATCATCAATAATAAACTGCTTTTTCTTAGGTGCTTCCGGTTGATACTTCACTGTCCGTGTCTGATCGTCAAACTGTATATCAATCCGCCACCACTCTGCATCACGACGCAACAGCTCTTGGTCGCTACCTTTAAACGAATGACCAGAGAGCGCCATAGTGACCGCTTCGATAAGTGTCGTCTTGCCACTGCCATTCGGTCCAGTTACAACCGTCACGGCATGCGAAAACGTACGCGAAAATTTTCGATGAGAGCGAAAGTTTTCAACGGTCAGCGACCTAATAATCACAGTCGAAAAATCCTAGCTCTTTAACGGCATAATAATATGCTGATAATCAGCCTCTTTTTCATCAGCAGCCGAAAGGACGCAAGGGGAAAGCTTGCCACTAAATCGGAAAACAACCTTGTTGGCATCTACGACACCAAGCGCCTCTGTAAGATAACGAGAATTAAGTGTCACTTGACCGTCAGCACTCACTTCGGCAGCTGTTTCGGATGTATTTTCACCAAGTTCACTAGCGACAGAGTGGAGTGATAATCGATCTTTTTCCTCATCTGCTGTTATCGTCACGCTTCCACCAGATTCGCGCGCAAACAGACCAGCAACTTTCGTAATTTGTGCAAAATCTGATCGAGCAACAGTAATGACCGACTCTGATGTTGCCGGTATCAACTGCCTATAATCAGGGAAGTTTCCATCTATCAATCGACTCGTAATCTCCGCGTCGTTAAGGCGAAACCTTACTTGCGACTCGTCAAAAAGTATCTCAACTTCGTTTACGTCATCACCTAGCATTCGCAATACTTCCTGAAGTGTACTTGTAGGTATAATGGCTGCCACGTCACTCTTTGTCTGTACTAATCGTTTTTCAGATAGGCGATACCCATCAGTTGCAGCCAAGTAAAGTGCGCCGTCATGAGAATGCCAATATACGCCAGTTAATACAGGGCGAGTTGCATCGCTACTAGTAGTTAGGATTGTCTGGCCAATGGCCTGCTTGAGCTCACTTGTATCGATCGCATAGCTTACAGCCGTCTTGTCGTTGATAGTTGGCAGTTCCGGAAAATCATCCGCAAGCGTGCCATTGATTGTTGAGTTATAGCCATCAGCAGTGATGTGAAGTTTATTGTCGGTCACCCGTAACGTGACTGTCGTTTTAGGCAGACTAGCAACGAATTCAGTAATTAAGCGAGCGGGGACGGTGATTGCACCTTTGTTTACAATTTTCGCACCAATATGTTGAGTTGTTGCGATTTCTAGGTTTGTTGCTGCAACCATTAATCTGTGCCCGTCAGTCCTTAAAAGAATATTTCCTAGTATAGGTAACTGTGTTTTTGAACTTGCTACGCGTGAAGCTGCACCGAGCGCACGGGTGAGATTTTCTTGTGTGACGGATAGTTCCATTGTTATTACCTTTCTAGTTTATATACTTCGTAGTGGTTATTATAGGCGCTGTGGAAAGTGCGGATAACAGCTTCATAAACGGGGGCGGAACGAGGCATATTGATTGTGGACAAAGACGTGAGGAAAGGTCGGATGAAATGGGTGAAAGTAAGGGCTTTTACACGTTCAAATGTTGTACTTGTAGGGCTTTGTCGGCCAACTGTGGACATGTGTCCGCTAACATTCACCAGCTTGTCCGCAAGCTTTTCGCAGGTTTTCCCCAGCCCAAAATGAGAAGTACTATACATACAGACGCTCCCTTATTTCGGCAACTTGCTCGCGAATCGTGAAATCAAGTTTGATTGATTTCTCTATCTTTTCAATTGAGTGGATGGCGGTGGTGTGGTCTTTGCGGCCGAGCTCTCGAGCAATTTTAGGAAAGCTGAGATGTAGTTCGCTGCGGAGTAGATACATGGCAATCTGGCGAGGCGTGACGATATGTTTGTCGCGTTGAGCGCTGCAGATTTCAGAAGGACTAAGCGAGAAGTATTTAGCTGTCTTGTCGATGATTTGTTTTGCTGAGACGTGCTGTGGTCGCGATCGACGGACGCTACCAAGTAATCCTTCGGCTGTTGAAATATCCGGCGTAACAGAACGCATCTCGGCGTAAGCAAGTAATTGATTGAGCGCTCCCTCTAGCTCACGAATATTCGTTTTGATGTTGTTTGCCAGATATTCGACCGTTTCACGATCAAGCTCAACTCCAGAGAGTGCTGCCTTGGCTTCAATAATGGCGCAGCGTGTTTCAAAATCAGGCATTTGTATGTCAATTGGCATGCCCATCTCGAAGCGGCTACGTAAACGCTCTGTGAGAGTCGGTATACTGCGTGGCGGTTTGTCGCTAGTGAGGATGATTTGCTTGTTGTTCTGATGAAGCGCGTTAAACGTGTGAAAGAATTCTTCCTGTGTTTTTTCTTTATTGGCTATAAATTGCATGTCGTCGACAATTAAAACGTCAACGTTTCGGTATTTGTCTGAAAAACCTTTCTTTT
CP060232.1_gap3	198832	203374	4542	TAATGGCATGAACCAAGCTGGGCCGATTACGCCTAGCGTGAAAGTGATATACGTGGCACCTCCAAATACAGGAGCCACAGAGGTACCGGTGTACCCAATCGTGGTTCCGGGCGTAACGCCAACGTCGCCTGAATCTTGTACGCAAAAAGCAACGTCTGATGCGTGTAACAAAACATATGTGGTGTCGTGCAACGACTACAGCTCAAACAAGGGCATTCCGGTATCAAAAGAAGTTCGCGCAGCAATCATTTGCCTGCAACGTCATGTGAGTACCGCAGGAGAAACGATAATCGGCATATTGGTGTGGGGCGGCAGCCCGCCATATGCCGTCACGATTAACTGGGGCGATGGTTCTGCGGACTTGGTAAAGAGTATAAGTAAGCCGGGGTATTTTACGGTCTCAAAAAAGTACACTGAAAAAGGCCAATACACCATTGAGGTGCAGTCTTTTGATAGTAATGGTAAGCAGGCATTTATGCAGGCGACAATTGATGTTTCCGGACCAGAAAAGCCAAAAGATTTTATTGGCTATGTAGGTAATAGCATGAATCTATCTTGGTTTGATTCGCCCGTTCCAACGTATTTTCTTGCTGTCGCAATCGTGATTGGATTTTGGGCTGGTGATTATTTTGAGCGGGCGATTCTTGCAACTCGCAAGGTACGCGGACGTCGTCGGCATGCGTAGCGAAATATACGTTTTGCTGCAAATATGAAGTAATACGAATAACGGAGTATACTAACACATAACGGGTGGCAGAAAGAGGAGCAATATGACTGAAAAATGGTCCGCGAATAACTATCATGAATTAAATGATATTGCGCTTGAATATGGAGAACGCACATGGGTGCGAGATGTCGAAGGTACGTGGTATCTCGATTGCTTGGCTGGTTATTCTGCCAATAACTTTGGTCATCGAAATCCCGCTCTTGTTGAAGCCGCTAAAAACCAGCTCAATAAGTTGACACTGACTGCGCGCGCATATAAGCAAGATCAGTTGGAGCCGTTTTGTCGGGAGCTTGGTGAACTAACTAGCAAAGAGGCGGTATTGCCAATGAATACCGGTGCCGAGGCAGTTGAGACTGCTATCAAACTTTCACGTAAGTGGGGGTATGAAGTAAAAGGAATTCCAAAAAACAAGGCGAATATCATCGTCATGCATGATAATTTTCATGGTCGCACAACTTCGATTGTTGGATTTTCTGACGATAACTCTGCAAGGGGCGGGTTTGGTCCATTTGCTCCCGGTTTTCGGCGTGTCGCGTATGGAGATTCTCGGGCTATTGAAAACGCTATAGATGAAAATACAGCTGCTATTTTGTTTGAACCTATTCAAGGAGAAGCGGGGGTTATTATCCCGCCAAATGGTTATTTACGAGAAATTCGTGACATATGTAATCGTGAAAACGTGTTGATGATGGCAGACGAAATTCAGTCTGGTTTTGGCCGTACAGGCGAGGATTTTGTATGCGAACATGAGGGCGTGGAACCGGATGTATATATATTGGGAAAGGCGCTCGGAGGAGGTATTGTACCTGTTTCGGCAGTATGCGCGAATCGCGATATCATGGATGTGATCAAGGCGGGTGAGCATGGCAGTACATTTGGCGGCAATCCTTTGGCTTGTGCTGTTGGTCGAGCAGCGATAGGGCTTCTTAATACTGGCCGATATCAAAAAAATGCTCGTGATCGTGGACGAGAAATGCAAGCAGGACTCGAAGAATTAATAGGTCATGGCGTGACCGAAGTACGCAGCAGGGGTTTGTGGTTTGGTGTCGACATTGACCCTGCGCTAATGACTGGTCGCAGGGCTTGCGAGCGATTATTGCAACGCAATGTTCTTGCCAAGGATACGCATGGATCCACGATTCGTTTTTCGCCACCACTCAATATCTTTCCGGAAGAGGTTGACTTTGCGGTACGGCAGCTGCGCGACACGTTGTACGCCGCAAGGAGGTAAATGATGGCAGGAGCAATTATTAACCGCACTGTTTTATTGTCCGACACCAAAAACTATAGGGGTGTTGTAGAGCTCAATGTCTATAGTGACAAGGATATTCAGCCCGATAATGAAGTGGCAAAGATCGAGCACGATTCTGTTGTGGAGGCACTCGGCATTATTGGCGCTCGGGTAGTACGGTGTGCGTCTGCGAAGAATTGGCAGGATAGTGTTTACACGGCCAATTGGGCTTTTTGTCGTCGCGACGTTGCCCTAATGGCAAGATTACCAAATGCTCGCAAAGGCGAAGTAAAACACGCCGAGCGTATATTACGAGGTTTGGGCAAGCAGATTATTCATCCACCACGTAGCATAGAGCGCTATAGCGGCCAGGGGGACACATTGGCATGTGGAAACGTTCTTTTCGTTGGTTCAGGGTATAGAACAGATTCAGGCATGGCTGATTATTTGCAACACCTTTGGCCAGATTATACTGTCGTGCCTGTTCAGACTATTCCGAAGCTCGATGAAAACGGCGGGGTAATGATCAACAAAGTATCTGGCTGGGAAGATAGTGAGTTTTACGACATTGACTTAGCTATGGCTATACTGAGACCACCTACAGAGAAAAACCACGGGCTTATAGCTGTATGTAACGAAGCATTTTCAAGCGAAAGTTTACAAAGAATTGAACTTGCCTGCGCCACTAATCGCATTAAAATGTTAGATGTTGATTACAATGAGGCTGTTAACGCATTCGCCTGCAACCTCATAAGCAATGGTGTTGATAAGGTAGTAATGAGCACGGGGGCGCCAACATTCGCACAAAAATTGCGAGAAAACAAATTCGAAGCTATCGAGCGGAATTTGAAAGAACTCAACAAAGCTGGCGGCGGCGGTCGCTGTATTGGATTGACACTAGATAACGACTAAGATTCTTTAGAGGATGCCAGCATAAATAGGCGAGCGAGGATAGACTTGAGCACTTCTTCTTTGCTTGCATCGCTATCTACTTCGATAACAAGACCACGCTTGCGGTACTCTTCTATGACTGGAATTGTTTTGTTATTAAATTCATCTATACGAGTTTTCAGTATATGCACGGCGTCTTCGGGGCGGTCGCCGCGGTCTCCTGCCTCTTGGGATACGGCTTGTCGTTCATAAACGGTAGCCTGCTTGAGGTGTAGGTACACGACGGCCTTTATGGGGTGACCTGATTCCTCGGCGGCTTTCATAATTTCTTGCTCTTCGCCGATCCACCTCCCGACAGAGCTTAAAATAAGCGGCTGACCGTTAAACTCTTCGCGACTAAAATAGGGCTCGAAAAGCGAAAGAAACACATCGGATGGCGGTAACCCGCCTGAGTCAAGAATTTCTCTTACTTCCGGACTAAGACTATCTTTGCTATCACGAAAAACCTTTCCTGAGCTTAATAGTGGTGCATCAAAGAGCTGAGCCAGTTCATGGCCATGGGTATCTTTGCCGGCAAAGGGAAGCCCAAAGATATTAATCGCGCCTGCGCCGAGCCATTTTTTTATTTTATCGAGATGATCGGTAGATATTGGTAGTTTTTCCATATGTATAGTATATAGAACCTTTTTCGACCACACAAACTACTGATTTTTTGGAGTAGACGGTTCGCTAGTTGTTTCTTGCACGGTTTCAAGTTGTCCTGTTTGTTGAAGTGTTGATTTGATTTCATTCGCTGATGATTTTAGCTCAGTGGCTGTGTCTCCAACGGTTTTTTTGACTTCGCTTGCGCTCGATGTGATATCTTTAACGACGCCATCTCCGATGTCGGTTAATTCGTTTTTGATTGATTTTATTTCGCCTACAAAATCAGTAAATTCATCAAAAAATCCCATATAACTTTACTATAGCATGTACGCAAAGTGTCATGGGTAGCGTACTTGAGTATAGTGCACAGCCATGATTGGCACTCTGGTTGCACGAGTGCTAAACATACGCTATAATTACAGCATGACAGAGCGTCAAATGCAGATACTTGCAGCGATCATAGAACAGTATGCCGAGGTGGCTTCACCGGTCGGCAGCGTGACGCTAGCTAAGCTTTTTGGTGTTTCCAGCGCGACTATTCGTTCCGAAATGGCAAAGCTAGAGGAATTCGGGTTTATCACACAGCCGCACACAAGTGCAGGTCGTATACCGACAGACAAAGGTTATCGATTTTACGTGAATACTATTAATGAAGCGCAGATTAATGAAGTGCCGCAGCTCGATCGCAGTGCGAGAGCGATTGAGGCGCGAGTGAATACGCACAGTGACCGTGCTGATCGCGCAATCCGCAGTGCCGTTGATAGTCTTGTTGAACTAACGCAAAATCTTGGACTTGCCACCATTGGTGACGAGCTTTATTTGAGTGGTATAGGCAATCTTTTTAGTCAGCCGGAATTTATGCAGGGCGACCATGTGCAGGCCGTCGCTCGCTTGCTCGACAATTTGGAACCATGGCTACGCGAGGCTGCGCCAAACGAGCCACTGAATGTATACATAGGAAGCGAAAACCCAATAGGAAAGACAAGCGGAGCTTCTCTAATTATCAGCCGTTTTCGTTCACCGTATAGCGACAATAGTTATATAGGTG
CP060232.1_gap4	254703	259621	4918	GCAAAAGGTTAATCGTTTGAGCGATGGGTGAGTCTTCGCTCACGTCTTCGTCTCTGACCGATTCTACTTTTGTCTGCTCCTCGACGCGCTGCGTGTCGATAACATCGGATAACTCCTGGTCAACGCTACCGCGATATTTCTCTAAAGCAGCCTCGATATTAGCGCGTGATGCTATGTAGGTCTTCGTATTTGCGCCTATTTGCTTTTCGATAAAGTCTACAGCTTGGACGTCGTCAGGGTCTTCCATGGCTAGGTGCATGAGACCGTTGCTGTCCACTTGGAACAAGACAGCGTTATATTGGCGAGCAATTCGTTCGGGGATTTTCTCTAATAGCTCAGGGGTGATTTCTTTGGGGTTTAGTTCTATGTAGGGTATGCCTGTGTACTCTGCAAACAACTTGGTGAGAGTTTTGTCGTCGACGACATTTTTTTCAATCGCCAATTGATACATTGGTTTATGTGTATTAGCGCTCTCTGTTTTGAGGGCTGCTATATCTGCGTCAGAGAAGCGTTTACTTTGTGTGAGAAGCTTCTCTAATGTCCCATCCGATATATGCATAATCATTTCCATTATAGGAAAGTTAATTTCAAATTGCTAGAGTCTTTTATAAGTAAGGTTTTGTGCCGGAACCGCTATGGGATATAATGAATAAAATGATAGAGGTATCGAGTGAAAAGCAAATGCAGATTTATGGCGAACGTCTTGGCCAGTTACTGGCGGGTGGCGAGGTTGTAGAACTAGTAGGTGACGTAGGAGCTGGTAAAACAACGTTTGTGCGGGGCGTAGCTCGCGGTATGTCTGTGGATGAAACAGTTCAAAGTCCGAGTTTTACGATTAGCCGTATTTACGAAGCATCCGATGGCCGTCGTCTTGTACACTACGATTTTTATCGACTCAGTGATCCCGGCATTATGGAAGATGAACTTGCCGAAACTGTTGGTACTGATAAAACTGCCGTTGTTATTGAATGGGCAAACTCGGTCGCCGATACTCTTCCCGAGGATAGATTAACTATCTCTATCACGGTAACCGGAGAAAATACTCGCCAGTTATCACTTTCTGGAAGTGGTGAGGTTGGCCAGCGATTGGCGGAGGCACTTGATGATCATTCTGCTTGATACTTCAACCGCGGTTTGTCGGCTGACGCTTGTAGAAAATGACGAGCGGAAAGAATTTGAATGGCAGGCGGATAGGCAACTTGCTAGGAGTCTACTGAAGTGGCTGAGTGACCAATTGGCAAGCCAAGGAAAGGCCTGGCGAGATATTACTGGAATTGGTGCATTTTTAGGCCCTGGTAGTTTTACGGGTCTTAGGATTGGACTAACGGTACTTAATACGCTCGCCGATAGTCTGTCTGTCCCCATTGTCGGGGCAACTGGCGATGCCTGGCAGGGCAAGGCACTGGAACGTTTAGTAAGTGATGAAAATGATCAGATCATCCTACCTTATTATGGTAGCGATGCAAAGATTACAACGCAACGTAAATAGCCTTGCTATTCATCATCGCTTGGCGCTACAATAAGTCAAGTTTGTAATAACGCAGACTCCGATAATTTACTGAATACATGGCGTTCGCCGACCGACTCAACGACTGATTTACCAGAACTCGACTCCGGCGAGACGGACGCAGGAAGGATACACATGATTGAAGCAATCATCGCCGCAGTGGTTGGTGCTCTTTGTGGTGTGAGCGGCACAGTCGTATACACCCGCAACCGAACGGAGGCGAGTAAAAATAAGGCCGAGCAAGCGCTTGCGAAGGCTCAGGAAAAGGCAAGTCAGATAGTACTTAAGGCTAAAGATGAAGCCATTGAACTAGAGAATGAACGTCGCAAAGAATTAAAGAAAACCGAAAATCGGTTAGCTGATCGCGAAACAACACTCGACAAGAAACTTGACGAACTTGACAAGCGGGCGGAAAAACTTCGAAGTCAAGAGAGCGAAGTTGAAAACCTCAAAGACGAGATTCGCGACATCAGAAAACGTCAACAAGAGAAGTTGGAAAAAATTGCCAAGTTGTCTAAGTCTGATGCTGCCGACAAGCTTATGCAGATGACTGAACATGACATCAAGAACGATCTGAGGGGGTTGATCTCTAAACTTCAGAAAGACGCAATGGATGACGCTGAGGAGCGTGCGCAGACCGTTATTTTGACCGCTATGGAGCGTATGAGCTCTGAAGTTACAGCTGAGCGTACGGTAACAGCTATTAAGCTGGTGGACGAAGAGATGAAGGGGCGAATCATTGGCAAGGAAGGCCGAAATATTCAGTCGCTGCAACGTGCGACAGGCGTAGATATTTTGGTTGACGATACGCCTGGTATGATCGTGCTTTCTAGCTTTGATCCAATTCGTCGTCAGGTTGCTCGCTTAAGTCTTGAGATGCTCATGAAAGATGGGCGTATTCACCCGGGCCGCATCGAAGAAGTCGTTGCTAAAGCTCAAAAGCAGATTGAAAAAGAAATTAAACAGGCTGGTGAGGACGCGGCGCGTGAAGTTGGCGTGACTGGTATTCCGCGTGAAATGCTGCAGTTGCTTGGCGAGCTAAAATTCCGCACATCGTACGGTCAAAACGTTCTTATGCATAGTACCGAAATGGCACATTTGGCCGGACTTATAGCTGAGGATATTGGTGCTGATGTCCGTACTGTTAAGATTGCTACTCTGTTGCACGATGTTGGCAAAGCAGTAACACATAAAGTTGAAGGCAAACACCATCACATCGGTGCTGAGATGGCTCGTAAATATGGCATGAAGGAAGAGATTGCTCATGCGATTGAAGCGCATCATGACGACGTTGAGGCTACGACACCTGAAGCGTTAGTCGTTCGTGTAGCAGATGCCTTGTCGGCTGCACGCCCGGGTGCGCGCAACATTAGTGCCGAGAACTTTGTCGAGCGTATGAAAGACCTAGAGAACATTGCAAATGGTTTCAAGGGAATCGACAAAGCATACGCCATAAGCGCAGGCCGTGAAGTTCGCGTTATCGTCAGGCCGGAGAATGTTGATGACCTTAGCGCCATCAAGCTCGCCCGAGACATCGCAACAAAGATTGAGTCGACCATGCAGTATCCAGGTACTATCAAGGTCAACGTTATTCGTGAAACTCGAGCAATAGAGTTTGCTAAATAAACGTAAAACAAAAAATAACCTCACATTTGTGAGGTTATTTTTTTGTCTCGAAAAAATTAATAGAAATAACTCACAGTAAGATGGTGTGGTTTAAGTGATGGGTCGCTTCGCATGTCCTGGCTAATTAGCCATAGTGATACGTCGATGTCAGCAATCGTCATGTCCGGTAATAGCTCGCTGAGATTCTTACATGCAGCGATGGTCGCGGCGCGGATCTCAACTTCTTCCGTTGAGCCGCTTGGGAGTAACTGCTTGCCTATGATTTTTTGACTAAGCGATTGCGAATATTGTAAAACGCCATAATGTTCGAGAATTTGAGGTAGGCGATAGTCGGCGAACACTGTCAATTTGTGAGTATTTTTTATAGCAAAATCAGGGTATTTTTGAGTAAGCTGCGACAAGTCGTTTGGTAAAATTTGAGCGCGTTTTAGTATCCAAATCCACTTACCCTCATACCATGCGCCATCGCGGTAGCTCGTCAGCGCGTGCGTTATCTCGCGAGCAATCGTAGGCGCATCAAAATCACATGCTTTTAAAAAAAGGTGCGCACTACCTTCATGTTTACGTAGCAAAAAATTAGCTGCATCGACGATATTGTTAACGCGCCATTCTAATAGAGGGATCTGAATATTGTCTTGTCCTCGGAATATGTTTGCGGCTTGCGACAGTGTCAGCTCTGACATAAATTGTGGATCATAAATAGGCACGCCATCGTCTAATGCTTTTGCAAATGCATTTCTCAGCCCATACCATCCACCGCTTGACTGGCTATTATGTTCGAACTTCCATTTGTCTTTATCATCTTGCGCCCAGAAGCAAAAGTTCGCGGCTGTTTCGAAATAGACAAGGTTAATGTCTTTGTCTAAATCATCAGTGCTGCCAAACGCATCCTCAACATTATCGAATCCTTTTAAAAAACGTTGTCGTACTGGTTCGGCAAGTGCTTTTAGCCCCGCGTCGTCAATCGTCACGTCGTGAGCATGTTCCACGACAAAGTTGGCCGAATCCCATACGTCTGAAGGGGTATTAAGTGTGTCTAGTTCCATGTGTTTAGTATAGCAGTAACCGCAGCGTATGGACTCGTGTGGCAAATTGACTTGGGTAGTAATATAGTATATAATTTTGGCTCATGGAAACGCCGAATCATGAGTAGGCGCTTCTCGTTCGTAAGGATAATAGTCTTGTGAGAAGTTACGACTACCGGAATACGCCTCCGCACGAGGTTGAGCCGAAGAAGTCAATTGACGCGGCGAACATTGAAGGTTCGGTGACGATTTTTACTTCGCGCGGTGTGGAGTTTACACTTCACCGTGTTTCTAGAAGTATGCCACCTCGTTTTTATCAGATGTTTTCCGACCGGACAGACATTCCGGTTATAAGTAGCGAGCTGAATTCAGCATATGGCGAGCCGTACGCAACTTTCATGATTTTAGGCAATGTATTGACTGAGCGAGCTGAGATGGTACTCATAACTGATGATGGTTATGAAGTGGAATATAGCGTGCGACGATTCAGCGTAAAAGAACCACCGGATTCACCTGAGCCATGGCGTAGAAACGGCAGGTGTGGATTTCAAAAAACTACGAGGAATCGGCATCTGGCTAATTCCATCCAATCCTAACCCATTGGGCCCTACAGCAATGTATGGGCCCTTTTAATTTCCGGAATCGAATGAGAGCAGGTAATCTAACGCTGTCAAAGCTAGAGCTTCATTTCTACGGAGTACTTTATTTGTTACTATCGCGTCGGCTAGGTCATGATGACGATTATTTGCTGCGACATCAG
CP060232.1_gap5	281298	281900	602	CCCGGGTGGCTATCATGGCGGTGGTTACTATCATGGCGGTTGGCAGACTGGCAACAATACCGTTGTGGTTTGGGTTAATCGTTGGTATCCGGGCTGGCAGGTCTACAGATGGCGCTGGGACGGTTACAACAACCGCTGGGTAGTCTGGATCAGGAACGGACCGGTATATAGGACTGTGTATGTCGGTAACAATTACGGTTGGCATAACTATCGTAGTGGGTATGTCTGGTAATTACTCTCTGCAGTAAAAAGAATAGAACCGGCACAAGACCGGTTCTATTTTTTTGGGGCGAATGATGGGGATCGAACCCACTACCTTCGGAACCACAACCCGACGCTCTAACCAAATGAGCTACATTCGCCGCATTAACGTGCATAGTCACCCGTAGGGTGAACGTAACAACTATACCACAAATAACAGAGATAATCTATATCTCGCGGATGGTTTCTATGTGCGCACCAAGACTGTTGAGCCGGTTGGCAAAATCCTCATATCCACGGTTGATCGAGTAAACGTCGCGTAATATAGAATCTCCAGGAGCCGCTAGCATGGCTAGCAATACAACGACAGACGGTCGTAATGCTGGAGGTGCCGTGACATC
CP060232.1_gap6	287710	288664	954	ACGGTTGATACTAATTTGACAATGCCGTCTGTAAAGCTTGTACCTGTGCAGCCATTTGGCGCAAAAGCCGTGACAGTTTGCACCAGTGAGCTACCCATATTAGCTATAGTACTTCCACTTTCGGCAGCATATCCGTAGTGACCAAATACAGCAGGGTCTGAAGTGTCGATAATATTTTCCCCCCTTTTCGAGCTTGCATTATTGGCAGTGAGGTCCATCTTGCCAGGGTTGCATAGTAAGTTCGATGGAGGAGATGGGAATTTTGCCAGGTTGGAAAAGGCTATATCGCTTGCGCGTGCTCGTCTGGCGACGTCGACGCGCTGAGACTCAAGCAGAAGATATGATTGAAAAACGCCAAGGAGAAAGATTGCCAACACAATAATGGTTATGATCATCTCGATAACCGTGAAACCTTCTGTGTTGGGTGTGGCAGGGAAAAAATGTCGTTTGTTCATATGTGTTCCTAGAATGATAGCGGGTAGTTAAACCCCGTCTCCGATGTTACGGTGCTGCCTATGTCGCTCGAATTCGTCACGTCGACAGGTGCAGGTACGTTCGTAGCGGTCGTGTTTCCGGTACCGAGCTGACCGACGGTATTTTCTCCCCAGCAACCTGTGGCATTATCTGCCACTACGCAAGTTACGTTACCTGCGCTGTCGATGTCAGTAATCGTTTTTCCGCTGAGCCAACCAATTGTGGTCGAGTCTTTTACGAATACAGGCACTGGACTAGACGGTGTTGTGCAGAGTTGATTACAGCCAATTCCCTGATAGGAACTATGTTTGCTGTGGCCGTCGCAATATGTGACTCCTCCGGTGAGGGCGCAAAACAAATCATCGTGCGCATTTCCTGAGGCGAGTGTATACGGATTTCCAAGACTTGTTCCTCCATAAAGCGGGCCAGCAGGAGGATTCGAAGTATAAGTTGTCGTTGTATCTGTCGACAATACACGGC
CP060232.1_gap7	290945	294630	3685	TGGTGCTATTCAGGCGGTTGTTAGCAAGCGGCAGATGAGTCAGTTGTTGCCTGACGATAAGCCAAAAACGTTGGCGCTCGCAAGCTTGCTCGGTGCTGCGTCGTCGTCTTGTTCATACGCTGCGGTCGCTCTGGCCCGTTCACTTGTCAAAAAAGGCGCCAATTTTACGGCGGCCATGGCTTTTGAAATCGCAAGTACGAATTTGGTTATCGAACTGGGTATAATTTTGGCAGTTTTATTAGGCTGGCAGTTTACCGCGGCCGAGTTCGTAGGTGGACCAATCATGATTATTATATTGGCGCTGTTGTTCCGTCGTTTTCTGACACCTAAATTGCTTGATGCGGCGACCAGGCAAGCGCAAAAAGGTCTTGCCGGTAAGATGGAGGGGCATGCTGGCATGGGTGACATGTCCGTCACTGGTAGTAAGTCTGTGATGCAAAAACTCTTATCAAGCCAAGGTCGGACCGCGACCAGCCACTACTTTGTAATGGATTGGGCCAGTGTATGGACAGACATTGTGCTTGGGTTATTGATCGCAGGCACTGTAGCCGCATGGGTGCCGATGTCATTTTTCCAGAGCTTTTTCATTACATCAGATCCAGTTTTGTCGTTCATCTGGGGGCCACTAGTGGGTCCACTGATAGCGGTTGTTTCGTTTGTTTGTAGTGTAGGCAACGTGCCACTTGCAGCTGTTTTATGGAATGGCGGCATTAGTTTCGGTGGCTTGGTTAGTTTTATTTTTGCCGACTTGATTGTCTATCCAATTTTACGAATATACAAAAAGTATTACGGTATGAAAATGGCAGCTTTTCTATTTGCGACATTTTACCTAGCTATGGTTGCAGCGGGATATTTGGTTGAAATTATATTCTGGCTATTGAACTTAACTCCGACGGTACGCGCTGCTATCGTGCCTGAATCAGGAATTACATTTAATTATACGACCGTTCTTAATATCTTTTTCCTTGTTATTGGCGCTGCACTTGTATGGCGATTTCTACGTACGGGTGGTCCGGCTATGCTTAAAATGATGGACGGTAAAACTTCCATGCAGCACAAACACGACATGTGATTGCAAATGAACGTCAGTTAAGATTGAAATAAAATGAGTAGCATTAAGAGAGGAAGAAAGATTCGAGCAGCTAAGACTTGAGTTTTTCTCTGTTATTCAGTATAATTTGTGTCTGTAGCAGACATGGGCCAGTAGCTCAGTTGGTTAGAGCACCTGCCTCTTAAGCAGGGTGTCGTGGGTTCAAGCCCCACCTGGCCCTCCAAGAAAATAGACCCCGCTGGGGTCTATTTTCTTGGAGAACCGGCGGGACTCGAAATCACGACTTTTTGCGAAGCAAAAATAGTCGTGGGGTCGCGCAGTGAACGAAGAGAAAGAAAGCACGAAGTATTTTTTTGCTATCATATAGCTTATGGATCCGATACAAAACATACCACAACCAGACAAAGACGAAAGGCCGCAGGCCGACCTAAGCGAAGGATTTTGGCAAAAATATCGCCCAGTTATCATCACTGCCGCACTTGTACTCGTGGCTATGATAGGGGGCGCATTAACGCTGTTTGTTTTGGGAAGTCAGCCGAGTGCTCGGAAAAACTCGTACACTTCTACTCCGCGGACGTCTATCAGCCCGACCAACACGACAAGTCCGTCTGTAGCCCCACAACAAACTGTCGCGGCTAGTGATAGCTGGAAATCATCTGTTAATTCCAAGGCATTACCATTAGGAGACGGTAAAGTTTCGTCTGTGCCGAAAGCTGGTTATGTAGATTCATGTATGACCAACTTTCGTGGTGGCGGCGCTCGTCATGCTGGGAGTTGGATCAATGATGCTGCCGGTACATGGAACTCCGATTCGAAAGTTGCCGTACAGGGTAGTATAGATTGGCCTTCTGCCCAATACTCTGTGGTGACGTCTGGCGCGAGTCGAATTATTACGACAGATGACCTACCGCAAAATGATCCAACTGGAACATTTCCTATTTCGTATAGCGACCCAGCGTATCAGTACGATACCAACCCGAATCGAATCCAGGGGCAGACAGTAACGCTCACTTTGCCACTTGCTCCAACCGCCGCTACTACGCCGTATTGCGTTGACTTGGGCTACATCGGCGTGATGAACAACGGCGTCTTGCTTTTCAATGCGCTTGACGATGCCGGTCGTGATGCCGTTGCTCATGAAACTCAGGACAAATGCGATGGTCATCCGGACGGCAAAGAGCGGTATCACTATCATGACGTTGCGTCTTGTGTGCGAAATCGCGCGACGGGTAGTTCAACATTAGTAGGCTATGCACTAGACGGCTACGGTATATACGTAGAGCGTGACAGCGAGGGTAATCTTCCGACGAATGCTGATCTCGACGTGTGTCATGGGCGTACAAGCGAGGTACTTTGGAATGGCAAAAAGACGTCTATATATCACTACGACGCAACACTTGAGTATCCATATACTATTGGCTGCTTTCATGGCAAGCCAGTTTCAATCCATCGCCCTTAGGCGAATCAATGCAACATCAACATAGAACTGGCCATTATTGCACGGGTTGAGTATTTGGTGCCGGCGTGGTCAGAGGCTGTTGTGTGTGCGAGCCGGACATATTATTTATAGTTCTTCCTGACAAAAACTGATAATCGCTGTCGACTGGTTGCGCATTGAAATCGCATGCGTGGTTGTCTCGATACTGTTTACTGATTGTCATGTTGTCTAGATTGAAGCCCGCGGCTTTATACTCGGCAGCTACTTTAGGTGACAGGAAATTCGTAAATGGCATTAAATAATCGTATTTCGGCAGGGGCAGGAACGGCATTCCAAATAGTCCGCCGATATCCTGTACTAGCACGCCGCTGTCTAGGCGATGAAAAGCTATGTCAAAATCAGCAGCCCCACGCACATGAGCATAGGCGAGTAGCTGTCCGGCGTTTACCTTATTGCCAATTTTGGTGCCAGGTAGCGGATCCGTGTGAAAGAAGTTTAGAGCGTAGTCGGGCTGTTTAGCAGATTGTACATAAATCTGGTAAGAAGGCTGTCTGTCGGCGCCACCTTCTTGAAACATAAAAGCAATTTTTCCATCGAATGGTGCATAGATTTTGATTACATGCAGCTTATCTTTTAGGCTATCATCAGGAATTACATACATTTTCATCGATCGTCCGCTTTCGATAATGCCCTGATCGTTTTTACCAGAAAAATCATGTCCACTGCAACTACGAAATTTACTGAAACCAATGATTTGACTGAGATCGACGGGATTTGCGGTGATGATTTTGGGTGGTTTTGGAAGAGCGGGTGAGTTTACGTAATATAGTTTTACAAACGATTCTGCAATTACGATGAGCAATAAAATGATAAGTACGAGAAGTGATTTTAAAATAAATTTTCGTTTGCGATGTCGCTGTTCGATTCGTTTAGCCATGTTGCAAGTAGTATACTATTTATGCTTTGAGAAGTACTAGTATGGTGGCCTTCGCAGGTAAATTATATACGGTATGACTTCTCTATTTGCCCGCTCCGTCTTACTAGATAAAATCTCTCTTTTGTATTAATCTGGCTGTAGAGTATAAACATAAACGAAAAGGCGTGTCTCATAACTAAAAAATTTCTACATTATACGGGTCGATCAGGCTTTAGTATTTTAGAGCTCATTATTGTGGTGACAGTTATAGGCGTACTCG
CP060232.1_gap8	299897	302552	2655	TGCGATTTTGTCGCGAATCGATTTTTCTAGGCGTCGCGGTTCGCGCTTTTCTTGAAAACGTATGCCACAAAGTGCCGTAGCTAGTAGTGATTTACCTGCGCCTGACTGCCCGTGGATGGCGACGAATTCACCTTGTCGGATGTTCAGAGTGATGTCGTCGAGCAAAGTTTCGCCCGCAGTTGTCGTTACTGATAGGTTTTTGGCATGTATGCCTAGTTTGTGAGTATTAGGGCTGTAGTCGGGATTTGTCATACGCCACTCCTCAGTTCTGCGGCACGGTCAATCTTGTCAATCATGCGATTTCTAAACACCGACGTTGCGGCAGTAGAAAGTGCAAGTGCGAAATAGCCGGCACCGACCGCCGAAACGTTGACCGCTTCAGCGATGCCAAACTGTGACGAGTTGTACACTTCTGCCAAAACGGCAGCGGCCGCGAGCGAAGGACCTGTTGCTACGAGAGTGTCTTTGTGAGCGGCGATGTTGTAGGATCGCTTGATTTGCTTTTTATCTACACCCTGACTTAGGAGCATGCCTATGTTTTTACGTCGCATCAAAATTTCAGACGTCTGCATGCCGGCGATTGCCGATGAGCCAAGTGCGAGACTGGATAGGATGAGAATCATTTGAGGCGGCTTTACGCTATGATCCCAGAAATCTTTATAACGTTGCTCAAAACCAGCAAATGAATCGGCTTTGTAGACGGGGCTAATCTGCTCACGAACTTGAGCTTGTAGCTCAGCTTGCTTGCCGTCTAGACCGAGGGCCAACGCGCCAGAAATAGGTAGGCCAGGGTATAGGCATTTTTCAACCTGTTCGAGCGAACTGATTACCCCGACGCGATCAAGTCCTGGCTTTTGGTTAACCGTGCCAACGACGGTTGCTGAACGGTCATTTATTAGTGCTTTGTTTCCAACTTTGACGCCAAGCTGATCACCAACGATGATCGACATGTCGTCGCAGTTTTCAATTGCTGGCATAGAGACGCCAAGACTTTTCTCTATGACTGCGTTCGGAACGGCGATAATTGGTGCGCTTGATGGATTGCTTTTTGCGTCAGGATTCTTAATGTCGCCAAGCGCAGCGATGAAAGGAACTGGAGTGCCACCGTCTTTTATGATGATGTCACTTACGGCTGCGTAATCGATAGTTGTCGTATTAAGAGGAAGAACTTCCGAACCCATTATTAATGGCGTGTTGTTCATGTCGGCGCCCATCATTTCGGCCATACCTTTAATAGGCTCATTTGCGCCTTCGCTGGCCGCAAAGCCCAGCCCAGAAGCGCCCACGACGAGGCCCATTACACCGGCAGTAAAGAGTCTTCGTCCGCGGCGACTTGTCTGATGAGTGATGTCGTGCATGGCTGCCAGTTGGCCGTCAGGATTGCGACGACGATTTAACCAAAGTGCACCACCGCCTACTAGACCGAGAGCGAGAACTGACGGACCATAATCACGTAGATCATCGGTCGCCGTAATAAGGGCTTCGGTGCCAGCTGAACTGACACTTGGAGTCGGCGTGAAACCGGTGTCATTAAAGAAATCATGCGCTTGATGCGTATTTGCGCCTGCTAATACTCCTCCAGCTATCGCTACTCCGGCCATGATTTTGGCCGTACGCGAAAAGCGGTGCTTTTCATTATTACGAGACTGCGTAGAATTTGCTTCAACTTTCGGAGCACGCTTCTCGGTAGATATTACTGCTTTTGACATAATTAATAAGCTCCTAATTAAAGTAAATTATAATACTATATACACAAAAAAGCAAGCACTTTAAATACATATAACTATTGATTTTGTAAGTAAAAGTTGTATAATAATTAAAGTAAGCCTTTGCTTGCAAAGCAGATTGGGCGGTTTGCCCATGTACTTTGAAAGGACTCCACCTATGGTACCGCATGTAGGTCTAGAAGCGTACCTCGTAGAGCGCTATATGGCGTTTTTGCGAATCGTTGGCAATGTCAGCGAAGCGATTACGACCGTTCAGATTCGAATGGATGAGCGACCACGTGCAGCGAAGTCACTGATGAAGCGAATCACAAGGAGGAACAAATGAGAAAGTGTGCAGGATTCATGTTCAATGGCGTGATGATCATCGGGTCGATTACGACACTTGTTGCCCGAGGCTTCGTCGAGCACCCTGTCGAAGAGTACAGGCATCAGCGTAAGCACGGCTTCCTGAACGCCAGCTTCTGGAAATCCTAACCACCTCGACGGCGGGGAAGTGTAAATTTATTTTGCACCTCCCCGCCACTTTTTTTAATGACCCGGAAGGGTCTTTTATATTGCAATTTTTTATTATTTATGTTAAAATAAATAAAAGTGATAAACAAATGATATTTGAAAGAGAATATAATAATAACTAGGTGAGATATGGCTGAAATTACGACGAATAACAGCGGAAACGAATACAGGACCTCTGAAGAGAGGGATGCTGTTAATGGGCGCCTAAAGGCAGAAGGTGGTGAATGGACGTCGATGCCGCCGGACTACACTACGTTTTCTCGTGATCTGATGTTTCGTAAGCTCGATGAAGTTCATAAAGTTGTCAACGAAGAGACCGATGCCGACAAGGCAGAGATTGACGAAGCCTACGAACAAAGCGCTCGCTTTTTAGATAAATCATTTGACATGTATCTCGGTGAAAAGGCGCTCGATC
CP060232.1_gap9	306914	307699	785	GCATACAACCAGGGATGTTGCCATCAAGTTTGTCATAGCCGAGCAGGGCGCCAGCACTAGTGAAGACGCTTTCTGAAATTGGTGTACCGTTGGCGCCGAAGTAGTTGTTTTCATACTTTAGCGAGTTTGGTACGTATGCCAAGTTGAAGTTCTGGCTATTGCTAAAAGTAGCGTCATCATAAACTTCGGTTGGCGTAGCGTTGCTTGAATCAATGAAACCATCGACTCGAATTGATTTGCCGGTGGTAGTTGGCAAGTTGAACTTTGCGGTTACGTTCTGGGCAACCAAGTTGAGGTTGCTTGCTGCGTTGTTGTGGACATACATACGAACTGTGTATGTTTTGCCCGGCTGAACTGTCATGTTGTCAGTCCAGGTGTTGGTAGTACCCGCTTCGCGGATACCAACGAAATCTCGCTCGTCACCGATATTTGGGTTGTCGGTGATAGAGTTGAACGTCACGTGGTCAGAAGGGTTCTGAATTGTGAACGTTGGGCGGCTTGGCCCCCATGCTAAAAGCACGGCAGGTACCAAAACGACACCAGCAACTGTTGCTACAAGAGCGACGAGTCGTGGTGAACGCTTAATGGCGTTAAAAACTGCTTTCATACATTCTCCTATCTAGCACCCACCTGCCAGAATTAATAATTAAAAAAATTGTAATGCTACGAAGCTAATTGTTAAGGCGCTACAGAGCTACCTTGATATCTATCAGTCGAAGCGAATTTCAAGCAGCTGCCATGATTTGTTGTATGTTTTTTCGTGACAAGGTGGATCTGAATGATCC
CP060232.1_gap10	396539	399790	3251	GGCGAAAGTTTGACGCACTTCAGTCGTTTTTATGTCGCGTAGATCAATCTGTTTGTTAGATCGCTTCATGAGACATTTTATAGAAATTTTATGAGATGACAACTTGTATTCCAGAGAGCGCCATGCGAAAAAAACAATGAATGATACGATGAAATTTAAAATTACTCCAAGCAAGATTATGTCTATGACATACGTTCCTATGTGAAGTCCTAATTGTAGACGTTCACCTCGTCTCGTTGGTCCTGTCAAAATTACGAATGCACTAAAAAACAATATGAAAATTCGGAACACTAAAAGGCGAGCAAATATATATCCGGCGCTTTGCTTGATCGTACGATCTTGTTCTGAGAGGTAGCTGGCATACATTTATGACTGTACACCCATAAAAAATTTTACGTCGTAATCTTTGCTACAAATATAAGATTATTACTTGCTAGTCTTAGCAATATGAAGCTTTCGGTTTGCTAGCATTCTCGTTTCTAGTTGTGTTTTGAATTGTTTGGGGTGAGTAATACCTTTTAGGCTTACTGGTTTTTCACCATGTTGTAATGTAACTTTTATGGTTGCGTAATTAAAGTAATTTCCTAAGATATTGCGGTTAATCTTGCAGCCCTCGATGTCTGCGAGATTAATGTATTTATCTCTTGATGCCGTAAACCCTCGCCTAATGATAAGGCTATGGATGGATATTCGATATTCAACTGATTGCCATGCTGCAAAAATTAACAAGAATAGTATGAAATTACTTGGTATGCAGACAAGTATTATTTTAATGTCTAACGTGCTTATGTGAAAACCCGGAATCGTAGGTATTGACGATGCTTCGTCGCCAATAAATGCTAAGAAAGAATAAAAAGTCATGAAAACAACTTCCGCTATAAGGAGTCGGGCAAACATGAATCCGGCGCTTTGATTAGCTATGTAATCGATATCGATTAGCGCATCAGTCCTCATATATATATTGTACATTGTTGGTGTTAATTAATCTGTGAGGGCGAGATTCGCAATTTACTTGCTCGTCGTGCTACAATCGGCGCACAAGGAGTATCTGTGGAGAGACCAACTGCGCCCGACAGCGACAAGATACCGAACGGCTGGAATGAACAGGCGGCGAATGACTATGACCTGTATAGGCCGCGGGATTACTCTGAATTTCACTACGATACCATTACTGCCGCCGACGTAAAATTTATCGTCAATGACGGGCTACAGCGAGTCAAAGACTATTACGAACGCGTCATCGAGACCGACGAGCTGACATGGAATACCGTAATGGCTCCGCTTGATGACGCCGCTGATCAGATGGCGCATGTACACGGAAGGGCTTTGATACTTGGTGAAGTGCACCCGGATCAAGAAGTCCGAGATGTCGTAGCGGAGCTCGAGACAGACTTTATGCTGGAGGCGTCTGCCGTATGGTATCGAAAAGATTTATTGTCAAAAATTAAGGCATATTCAAAGACTCGTGAAGCAAAGAAGTTAAAGGGCGAAAAGGCTAGGTGTCTAGAAGCGACACTCTATATGTATAGTCAGCTCGGTTTTAACCTGCCCCCGAAAAAGCAGGCTCGATTGAGGGAGATTGATGAAAAGTTGACCGTATATGCGGCTGAATTTGCGTTGAACTTAAAAAACGATAATACGGTCGTGATGTTGACTCAGGAAGAGCTGGCAGGTATGCCGGAGCGCTATATAAATGACCTGGAGCGAACTGATGACGGGGAATATGTGGTAACTATGAAGTATCCACATGTTGATCCTATTTTCATGCAGGCCGAAAATCGCGAAACGAGGCGAAAAATAAGTGAGGCATTTCATTCTGTTGGCGTGGAAGGAAATCGACAAATCTTAGAGGAATCGCTTTCACTGCGTCATGAATATGCGAAGATTTTAGGATATTCCTCGTGGATGCACTACAGTACGGATACTCATATGGTAGAAACGCCAGAGAAATTGATTGAGTTTTATAACGAACTATATGATCCGCTCATGGAGCGTGCCGCGCCAGAGTATGCAATCATGCAGGAGATGCTGGAAATTGACGGCCACGAGGGTCCGCTCATGATTTATGACCGTGATTATTACGTGGCGAGATTGCAAGAATACAAGTATAAGATTGACCACGGAAAAATAAACGAATATTTGCCAGTCGAAGCCTGCTTAGATGGGCTTCACGAGCTGTCGGGGGAACTGTTTGGCATAAAGATTAAGCAGGTTGATTTGCCGGTTTGGCACGAAGACGTAATGGCATATTCGGTTGAGGACGCCAAGACGGGTGAGCTCAAAGCTACATTTTATTTGGACTTGTTTTCAAGGCCGGGTAAGTACACGCACGCAGCGACTATACCACTGCAACATGGTCGTAGGCTTGCGGATGGTACTTACCAAAAGCCTAGTGCAGTTATAGTTGCGAACTATTCACGACCTTGCTTTACGTACGAAGATTTAATTACACAGGCACATGAGGATGGGCATTTGTGGCAAATGCTTTTGACCAAGGCTGAGCTTATGGACTTTTCTGGCTGTAGTGTTGAGCATGACATTTGCGAAGCGCCGTCGCAAATGATGGAGAACTTTATAAAGGAACCGGAAATACTGCGGCGCATTATGAAACATTATCAAACAGGTGAGCAGCTTGATGATGAATCTATAAAAGCTTTGGTGGAGTCGCAGCAGATTTATGATCTGTTTGAGTATTTGCGGCGGATGCATCTGGGTGACATAGACCTGACGCTGCATGGCGATTCGGAACAGTGGGATATCGCACAGGTTAATCACAATAGCTCATCGATTGCTATGTTTTTACAGCCAGAAGGTACTTTTTTACCAGGAAAGTTTGGACATATCATGGGCGGCTATGAGGGCGGTTACCATACGTATGCGTATTCGAAAGTAAAGGCCGATGATCACTATAGTGTGTTTGAGCAAAGCTCATCGGCTTATCGTGAAATCGGTATGAGGTACCGGCGAATATTTCAAGAGCGCGGTGGTACGATTTCGTCTGCCGAAAACGAGTTGGAATTTTTAGGTCGTGAGCCAAATCACGAAGCATTTCTGCGGCGTATGGGTATCGTAGCTACAAAAGCTACGCTACAAACGCCCGAACCAGGCTCTTAAGCTGCGTCGTCGTTTTTAGGATTGGCGTGTCGAGGTGATTGATTGAGATTGTCACGAATAAGTGTGTGAATCTTGCGGCAGGTGTTTTCTCGTTTCTCCGCTTCCGCCCTTGAGTGGGTCGGCTCTATGCCTTTGCA
CP060232.1_gap11	400880	402782	1902	CTCCAATTGCAACTCCAGTCGCAACACCAACTCCTACTCCAAGACCAACTCCTACTCCAAGACCAGCTGCTACTCCTATTGCGTTACCGATCCCCGTGCCAAGTACTTCAACAACCGCTCAGCAGAAATGCCCTAACAATACAAATACTTTCACAAAAGGTTTCAGCGTCGGATTCTGCACAGGCCTCTTCCTGACTGGCGTGGCAACGGCAACGACTCTAGCGGTCGGCGGTACCCTTGCAGTAGCTGCAACGTTAGTGGGTGGTCCTCTTGCAGGTGCCGCAGTGATTGGAGCTACTTTGGCTGTCGCAGCAGTTGGTGTCGTAGCGGGTGTGGCACAAAGTGTGGTTGCTGGTGTGGTTACCGGTACGATTGCCGTAGTAGTTGAAGCGACAGTCAATGTAGTGACATCGATATTCAAGGGCATCGGCCATCTGTTCGGCTTCTAAATACGTACCTACTACCACTTGATCTTACCTTCGAGTAATAAATAACACACGACGACTGTCGTGTGTTATTTTGTCGGGGAATTATGATTATTAACGGGCGTCTTTAAGAGCACTCGTGTACCACAGGAGACTTTCAAGTTGTGTTTCTAAGGCAGCTTGAGGGCCGTGGGGACGTTCTGCAATCTCTTTCTTTAGTTTGCCGGTATCATCAAGGGATTCAGACAGACGATCGCTAAAAAATAGTGCTTGCGGGATGGTAACCGCACCCACGCCTGGCAATATCATACGTAGTGTTGCGATGGCTTGCGCACCTCCGCTACTGCCGTGTCCGACTAGTGCGACAGGTTTATCATCAATCTCGTGCCCTATGACATCGATGGCATTTTTAAGAACCGCCGATGTCGCTCGATTGTATTCGGGCGTTACAATGACGTAGCTGTCAAACTCGGCAATTTTACTAAGCCATTTTGCGGTTTCGGTGTCTGGTTTTCGGTTTGGGTCATAGCGCGGACTTGTCGGTTCATTGAGAAACGGCATCGGGTAGTCGCGCAAATCAAGCAGCTCAGCATCCGCCATGTTGTCTAGGTTGCTTGCAACCCATTTTGCTAGTTTGTCTGTATGTCGACCTTGGCGCGTGCTGCCTATGATCACTGCAATTTTTAGGCTCATATATCCCTCCTTTGAGACGTGTTTCGTTACTTTCGAGTATAGACGTGTTGCTATACTTTGTAAAGCATATATATGAAATCATGTATGAAAAGCGGCAACTAGTCACTTGTTATAAGATGCTTGCGATGATAGCATAAGCGAATGGAATTCATTAAGAAACATGCTAAATTTATACCACTTGTAGGCGTAGTAATGGTGATAGGCATTATGTTCGTCACCCTGTATGTTACTGCTCAGCAGGTGTTGCGAACGAATGCAAATTGGCCGCAGATACAGATAGCCGAGGATGTTGCTGCGCAGCTAAATAATAATAATCTTACGCCTCAATCTCTCATTGGTAATTCAGTGGATATGTCTAAGAGCTTGGCATCTTTTACAAGTATCTATGATGTAACTGGACGTACTGTTACCGGCTCGGGGTACCTAGATGGGCAAGTAGCAGTGCCGCCAAAAGGAATTCTGACATCTGCTGAGGGCCAGCCATATAACGCCGTTACGTGGCAGCCAAAGTCTGGAGTGCGTATAGCTGCAGTTGTAGTAAAGGCAAAAAATTACTATGTACTCAGTGGCCGTTCTCTGGTGGAAGTAGAAAAAAATGAAGGTCAAATTCTTACTATCACACTCGTTGGCGGGCTATTGAGTTTAGTGATAGTTGGCGGAATTGTGTGGTTAAAACTGCGCATCGGTCTGTTGGACCATAGTTCACGCAAGTAGATGATTACATAACGGTGTGATTGATTAGTGTAGGCTAGTGTGGTTTAATCAAGCCCACTATGGGCTATAC
CP060232.1_gap12	519548	522015	2467	GAGGAAAGATAATAATGAATAATATGCCTGATGAGTTCACAGATTTTATTTCGCACCTTACCGATAACGCGCGAACAAGTCTGCAACATGCAGATGCAATCGCGAGAGGGTACGGTAGTGCATATATTGGCACAGAGCACCTTCTTCTTGGTGTTCTGGCGCAGGGGTCGTCGGTTGCGGCGAAGGTGCTTGCTGATTCCGGTGTAACGCTTGATAGAGCGGAAATGGCATTGAATCTTACGCCTCGTACACTTGTTGTTAGCACTGGCGCTAAAGGTTTAAGCGAGACGGCCAAGCTTACTCTCAAGATGAGTTGGGATATCGCACAGGAGTTCCATCAAGACTATTTGGGCACTGAGCACATCCTTTACAGCATACTTAGTCAAAAGAATGCTCGAGCGACCGTATTATTGCGTGACATGAATATCGATGTAACGACAGTTACAAACGAACTCGAGGAGTTCTTTGATCGCCAGGCGAACGACTTTCATCAGTCCACTGAAGAGGCTGCCGCACAGGCGACGAAAAAGCGTCGAAGTGGTGCGCTAGAGGCATTTGGTACCGACCTGACTGTAAAGGCTCGTGCTGGTGAATTAGATCCAGTTATTGGCCGCGACGAGCAGCAGGAGCGCTTAGTCACTATACTGAGCCGCCGGACAAAGAACAACCCGGTACTTATAGGTGAGCCTGGTGTAGGTAAGACCGCCGTTGTTGAGGGACTGGCGCAGAGAATCGCGCGAGAGGACGTACCCGACCATCTACTTGATCGACGGGTTGTTCAGCTTGATCTTGCAGCAATGATTGCTGGTACTAAATATCGTGGTGAGTTTGAAGAAAGACTAAAGAAGGTTGTAGACGAACTTCGCTCGCAAAAGAACGTCATCTTATTTATAGATGAGTTACACCTCATTACAGGTGCGGGTGCTGCGGAAGGCGCTCTGGATGCGGCAAATATGCTAAAGCCGGCATTGGCGCGCGGTGAACTGCACATGATTGGCGCAACGACGATGGACGAATTCCGTAAGCACATTGAAAAGGACAGCGCGCTCGAACGTCGCTTCCAGCCGATCGTCATCAAAGAGCCGTCACTCAAGGATACCAAAGCGATACTTAAGGGGTTGAAGTCGTACTACGAGAAGCACCACGGCGTCACTATTAGCGATGACATTATTGACGATGCGGTTTACATGGCTGATCGCTACGTAAGCGAGCGATATATGCCCGATAAGGCCATTGACGTTATAGACGAAGCCTCAGCATTAGTTCGCGTACGGCACAGTCGCAAGCCGAGTCGTATCCGAGATTTCACTCGACAACTTAAAAATTTGAATGAAAAAATGGACGAAGCTGTCACGGCCGAAGACTATGAACGAGCCGCACTATATAAGACTCGTATAGTTCAACTACAGGCTAAGCTGACAGAGACGAAGGAAAAGGATGAAATGAAGTCCCCAATCATATTGAAGGGTGACGACATTGCTCATGCTATAGCAACAATGACGGGCATACCAGTAAAGAGGTTAAAGAAGTCTGAGACTAAGCTACTTCGCAACCTTGAAAGGTATCTAGCAAAAAGCATCATCGGTCAGGAAGAAGCTGTTAATGCTGTGTCAAAGGCGATTCGTCGCTCGCGCAGTGGAGTAGCAAGCAGTAAACGACCAATAGGATCGTTTGTGTTCATGGGTCCGACAGGAGTTGGCAAAACAGAATTAGCGCGAGTATTGGCTCGTGAAGTATTTGGTAGCGATGACGCACTTATAAAAATCGACATGAGTGAATTCGGTGAAAAGCATAACACGAGCCGCTTAGTGGGAGCCCCTGCCGGCTACGTTGGCTATGAGGATGGTGGCAAGCTGACTGACAAGATTCGTCGACAGCCGTATAGTGTCGTACTGTTTGACGAAATTGAAAAGGCTCACCCTGATGTGTTCCATATGCTCTTGCAGCTACTTGAAGACGGCAAATTAACAGATGCCAAGGGTCGAGAGGTTGACTTCACGAATTCAATTATCATATTGACGAGCAACCTAGGCGCCGAAAAGATGATGAAAGAATCGTCACTTGGTTTCCATGCTACAACGAGTAGTGACAACAAAAAGCTAGATGAATTGCACGATGAAAATGCTCAGGCTGCGCTTGAGGCACTACAAAAACGAATGCGACCAGAGCTAATCAACCGATTCGATGCAATTGTAACGTTCCGCGCCCTGACGCCAAAAGAGGTTGGAAAGATTTTTGATAATCTGATCGACCAATTGCAGGAACGTCTGTCACGAAAGGGTATTAGGCTAGTTGTTAAGCCGACCGCAAAGCGTTATTTGATTCAAAAAGGGTTCGATGAAAAGTATGGAGCTCGCCCGCTTCGCCGCGCCATTCAAAATGAGTTGGAACATCAGCTCGCAGAGGGTATACTGGATGAGAAATATGAACGCGGCACGGTACTAGCAGCTACCGCGCGAGGGGGCAA
CP060232.1_gap13	524179	528847	4668	TAGCGCTGCGGCGGGCCGCAAGTTAGACGATAGCACCGTAGTGTTTGGTGAAGTAGGACTTGGAGGGGAAATACGCTCTGTCACAGCTGTAGACAGACGAATCGCCGAAGCAAAAAAGCTTGGCTTTACAGGAGCAATTGCTCCAGCCAGCGGAAAAAAGAATACATTTGTCACTGGTGCGAAAGATTTACGCCAAGCGTTGATCAATTACCTGCAGAAATAACCTTAGTAAAGGATAAAATTAATTATGAATAATGATATAGAACAACTAATGATTGTTGGTGCGCTTTTAGTATTGCTGTCTGAAGTGACATACCTCGTTGCAAAATTACCAAGGCAGGCGGGTGGTAAGAAACGTATGATGTTTGTCGATACGTCAGTTCTGATCGACGGCCGCATCGTACCCGTTATCGCCTCTGGGTTTGTTAGCGACACTATCGCCATACCACGCAGTGTTATCGGAGAATTACAGTTCTTGGCGGACAACGCAGATCCTGAAAAGCGATCACGCGCACGCCATGGACTCGATATAGTGCGTGAACTTCAACAAATTGAAGGTGTAGACGTACAGATATTTCAAGATGGCAGTAAAGCCGAGGAAGGTGTGGACGAGCGCTTATTGAACCTTGCCAAAAAACACGGCGGAACTGTATGTACGATTGACTACAATTTAAACAAAGTCGCTGCCGTAGAAGGCATCGTTGTCTGCAACATAAATGAATTGGCCAAGAATCTCAGGATGGCGTATTTGCCGGGCGAGAAAATGAGACTAGAACTTGTACAAAAGGGTCAAGACAGCCATCAGGGCGTCGGATACCTTCCTGACGGCACGATGGTGGTCGTTGAGCATGCTTCTGGGCAAATTGGTCAGATCGTTGAAGTAGAATTTATTCGTAGCCTTCAGACGGCTGCAGGTAAGATGATGTTTGCGAAAAAGGTTGAAACTGCTACGAAGAGTAGTACGCCATCTCAGCCAAAGCAACTTGCGAAACCGAAGCCGCAAAAGGCATCAGGTACGAAGCCGGCCGCGCAGCCTTCTCGACAGCGCAATGATCGCCGTCAGCAACGACGACCAAAGAATCACGAAGATAGCCTCATCGAACTTGTCGAAAAACAACAGTAAGCTTTACGGGATGACTGGGGTGTAAGGGCTACTCTTTGTATCTGAGTAGTACAAATCGTCTGTGACAGAAGCTGAAATTGTAAATGGATCAGTGCTGTCGGACGTATAAGAAGCTTCGTAGCTACCTGCGGCGCTAATGGTTTGCGAGTTAATTTTCTTCCCGTTTACAGATATCGTCAGTCCGTTTGGTTTGCCCTTACCGGCAGCAACAGTAACAGAGATTGTATATACGTTGCCCGAAGGAGAAACGTCAATTGCAGTGATAGACGGCTTAGCGTCGTCACATTTGTGGGCGTCATCGTTTTCGGAGGCGTCGAAGCCACTTGGAGACAAGTACACAACCTTTTTTGTGGTTGGGTCAATCGTTTTCAATACGTCTTGCTCAATCTTAGCTGCGGCTGGAGTACAGTCAGTTGCTAGCTTTTGAGAAACTTTGTCGAATGTCAATTTTGTGTAGCGTTGGGCGTTCTTTTGGTTATACCAAGACGGATAAAGTTCTTTGCCAATTTGCTGAATACCTTTAGGTTTGCTGTACCACTCTCCGGGCTTCCATTTGCCTTCTTTTGCGTATACTACCTCGTGGGCATATGCCATGACTTCATTGATAATCGCGCCCGGCAGGGATGAGTTGCCGTTTAAGAGCGGTTTAGGGTCGTTGTTTCCTAGCCAAACGCCCATTGTAAGTGCCGGGCTATAGCTCATCATCCAGATATCCTTTGACTTACCATCGACGTCAGAAGTTCCGGTCTTAGTTGCTGTTTTTACTTTGCCGTTGTCTACTACAATTCCGGGGAAGTTTGTGCCATACAGTCCGGCGCGGGCATGGTCGTCACTAAGCATATCGGCAACTATGTAAGCTACCTGAGGGTCAATGACTCGCTTTGATTGATCGTCGCTCCACTTTTTTAATACATCGCCATCACTGTTTTTTACCTCTAGGATTGTTGACCACGGCTTATATACGCCACCTCTTGCTAGTGTAGAGAATGCATTGACATGGTCAATTTGTTTAGTGCCACAGCCACCAATGGCAGCCGCTAATCCAACTTGTTTTTCGGCGCCTTGCGTACAATAGGGAGTATCGCCGGCGGCGTGAATCAAATCGAGGGTTTGTTTGACACCCGTCAGCTGCATAGCCTTGATTGCGGGTATATTTCGAGATAAGGCAAGACTGTTACGGATAGGGATATTACCTAGAAAGCGATTGTCGGCATCGTGCGGAGTATAGTTGACCGGAAATGTGGTGCGAGTGTCGGATAGAACGGTCCCGCTACCATATATATTTAGTAGGTCGTTATCGTGCTTTGCAAAGAGTGCTGAGTAGACGAGGGGTTTAATAGTCGAACCGGGTTGTATATACGAAGTTGCGGCATTCGTTTGGCCAAAGCCTGGATAATTGTAGTCACGGCTTCCCATCATAGCAATTATCTGTCCGGTCTTTGAATCTTCTACAGTGGCTGCACCGTTATTGAAACCAGCGTACGTCGGTAAGTTCACGCCGTATCGTGGACTGATTCCGTTAAACATTTCCTTAAAGCTATGCTCAAGCTTAGCTTGCACCTTCAAGTCCAAAGTTGTAGTGACAACCAGCCCTCCTTGACCTACTGTCGCCTTACCTAGTTCGGCCTCAAGCTCCGAGCGTACCATCTGTACGAAATGAGGAGCTTTAATATCGGCAAATTGAGAAGCTTGCGGCAATATGGTATCAAGAATCGGCTCTGCTTTTGCCTTTGCTGCTTGATCTTTAGTTATGTAACCTTGCGAGACCATTTCATCAAGGACTTTATGCTGACGTTCGATGAGAGGCTTTTGGCCGGCTGGGTTGTAAGGGTCGTATAAACCAGGTTCGTTCGGGATGGCTGCAAGTAGGGCTGATTGTGCGAGATTTAAGTTTTTCGCGTCTATGCCAAAGTATGTCTTTGCAGCAGATTCAACGCCATTTCGGCGTCCTCCATAGGGAGACTCGTTGAGGTAAAGATTAAGGATCTGATCCTTGTTGTACATACGCTCTACTTCAATTGATAGAATTATCTCTTTGATTTTACGCGGAACACCAGCGAGTCCTCGCTGCTGAGCTTCGCTCGCGAAGAATACCTGCTTAACGAGTTGCTGAGTTAACGTAGACCCACCCTGCGTACTACCACCCGTGTAGTTGTTGATCATAGCTCGCGTTATACCGGTGAAGCTGACTCCTCCGTGTTTGTAGAAGTCTTTGTCTTCGATCGCGACAGTAGCTTCTTTCATGAGCGTACTAATCTCGTTACCAGCGACAACAAGTTTATAGTTTCCGTCGCCTTTATCTTCCCAGAGTAACTTTCCGTTACGGTCGAGATACTTTGTGACGGTTGTATGGACTCGCTTAGAAAGTTCTTCGGGCCTTATGGAGTCTAGGTCTTTGCGAAAATATGCAAATAATCCGCCGACTAAAATAGCTACTAGCAGTACCCCAGTACCCATGATTTTGAGAATCATTTTGCCGCCCTTGCGGCTGAACCAGTAACCTGCAACTCGTTTTGGATGCATGCGTGCAAAGAATCGCTTTATAGGATGTTTCGGTAGGGTAGCTAAATACTCCGCTTTTTTGCGGTGAATAGCATCTTTTTTAGTCTTTCGTGCACGACTTAAATTAGCGTACACATTCAGCTTGCGGGTACCACGCTTTTTGGCCACCTTTAATCCCCATTTCTCATAAGCAGTATTACGTTCCATTATAACACCAATCACGAAACGCAATGCATAAATTTTTGCTACAATATAAACATGAATTTATCAGAAGAACTTGCTTGGCGCGGATTTATAAATCAGACGACCTATACGGATATTAAGGAACTTGATAGCGAATCGATTTCGTTTTACTGGGGGGTTGATCCTAGCGCGAGCAGTATGACGATTGGAAATCTTGCGGCGGCTATGCTCGTACGACATTTCGTTGATCATGGTCATAAGGCGTTTTTGCTCGTTGGCGGAGCTACTGGCATGATTGGCGATCCAGATGGTAAGAAGGACGAGAGAAATCTAAAAACTCTCGACGAGATTGCTTCTAACAAAGTTGCTATTTCTGTGCAATATGAGCGCATTTTTGCTGGTAAACCGTTTGAAATCGTCGACAACTACGACTGGTTCAAAGACATCAACTATCTGAACTTTTTGCGTGATGTTGGCAAGCATGTTCCTCTCAGTAGTATGTTGGGCCGAGATTTTGTCCAAGCTCGATTAGGCGAAAGCGGTAGTGGCATCAGCTACGCCGAGTTTAGCTATGGTCTTATTCAAGGTTATGATTTCTTGCATTTGTACCGTGAGAAGGGTGTGACGCTTCAGGTTTGCGGTGCCGATCAGTGGGGTAATTCAATTACAGGAGTAGACTTAATCAGGCGTATTGAAGGTGGCAACGCCAACGTACTCAGCTCACCGTTAATTGTAAATAAGACGACTGGTGTTAAATTTGGTAAGTCCGAGGATGGAGCCGTGTGGCTCGACCCTACGCTTACGAGTGTCTACAAGTTTTATCAGTTCTGGCTCAATGTTGACGATGAGGGAGCACTTGA
CP060232.1_gap14	537612	538272	660	TTATCCATCCGTTTTTTGTCATACGAATGCTTTCTTTGATGGCAGCATTGCCGCGCAGATTTTTCTTTTCATCATAAAACGCTACCCCGGCTAGACTATATCGAATAGACATAATGATGCCAGGTACGATAAAAAGGAGTGTCCACAGAAGTAGCTTGGTAAAGATAATAACTTGTAGCCATAGATACGGCCAAAGGTTCTCGAACGCATTACGAAAAGCTACCTGTAGGCTTACTTTGTGACCTCGGGCTAGTTGGGCCGACGTGTACGAAGCAACCCCATTAAAAAGAGCGGAGACCATGACCACGGCCAGCCCAATTATGGCGAAGCTTTCAATTGTGAATATCCATTCGTTAATTGACCAAGCGCGAATTGTAGAAGAAACAGCATCAAATGAATATTTAGTAGGATCCGGAGAGATACTATTTGTAAACAAGTTGAGTGTCGACAGGATGATAAAAAGTATGAAAATAGGCTGGGCTCTGTTAGCGAGCAAGCTAATACCGTTACTCGCTATAAAAAACGGGTTATTTTCGAACTGATTATGTGGTTTAGATTTATTTGCCATATATAGGTATGTTCATACATAAGTATAGCAACAAGCTTGAGCCTAGTATAGTGCGCGCGTATATCAGAAACACGGTGATTGCTAATTGCAGA
CP060232.1_gap15	570267	572871	2604	CGCACCGCTAATTGCACAATTGGGCGTAGCAGCCTGATCATGTTGCGTCTTGAGAGCAGTCTCAGCAGTCGCTTTTGTCTCGGCAGCTTTCCTTGCGGCAGCATCATCCGCCGCTTTTTTATCTGCAGCTGCCTTTTCAGCTATTTTTTTAGATTTTATATCTGCAATCGTTTTATCGAGCTTTGCGAGTTCGGTTTGAGATTTTATTTGCTGCTTGGTGATAAGTTCATTGCCGTAATAGGTAACACCGCTAAATGACCCGGCAAAAAGCAATACAGAAATTAAAATCGAGATATAGAAGATTCGTCTGCTTTTTAGTTTTATTTTGAGCACTAGCACTATTGTAACAAATGAAAAAGCCCGCAGGTGGGCCTACCGAGGTCTCAATCAGAGAAACCCCAGCAGGCCCTACCATGCGAGCTATGATATCGTGGATCCCACACACTCTTTTGCCGACTCTTCCAATAGGGCGAACATGTCGTCGCGAAGAGCGACATACGCGGGAAATCCATAGAAATTATTGCCTATAAACCAAGAACGGGCAAAACTAATGCCTTTTCTGGCTTGCACGTACGTGAGCCACCTGTCAGCAGCCAACATGCGCAATTTTTCGTCGGTTGTCGGTTCGCACTTTAGGTTAAGCCACTGGTCAACGATACAAATGTCGTCAATATTCCCAGACAAAAGCCATATCTGGTGATAACCGATGATGTCACCAAGCCGTCGGATTCGCTGATACCAAGCGGTCTCCGTGGGGTGAACCAGCTGCTTGCGGCAGAAGCCTATGCTGTCGCAAATTTCTTGCGAATCGCAGGCTATGTCCTCCGGGCAGATGAAATCATCCGGCTCTTGATCGTGGCGCTCGGCGCTGGTCGCAAAAGTATGCACGCAGCCCTTGTCTATACACCAGACCGGCGTAGGACAGTTCTCGTTACAAGCGCTGAATGGGTGAGTCATCAGACTGCTCCTAATATGCAATGGAGTGATCCATAATGTGCTTGTTTTGGCCGAATTTGGTCAAGACACGAAAAGTATTTTAGCATAAAAATTGTTAAGCAATGCTTAGAATATGCCCTCAATTATTAATACTCCAACAGATAAAAGACTCTTGACCCACCTCTATTTTTGTGCTATATTGAATCGGTAACTTATTACGTAATAAAAACTCGCTTCCGCGTGAATGAGCAAGTCTAAAGGGTAAAACCGACAGATACTACTCGCCACCGGAGGTTTTAAATGGGAGCAAAGCGCTATGAAAGCACTTCTCGGTACCAAAATTGGTATGACCCAAATCATCAGCAAAGATGGTGTTGCTACTCCAGTAACATTGATTCAAGCTGGCCCTGTGACTGTGACTCAGGTCAAGTCTGTCGAAACCGACGGCTACAACGCAGTTCAAGTGGCATATGGTGAGGGTAAGAACCTGAGCAAGGCCGTTGCTGGACACACCAAACCAGCTCAAGTGACCCCGAAGACAATTCGGGAATTTCGCGTTGAAGACCTACCCGAAGATCTGAAAGTCGGTGATGCTATCGATGTCAGCCAGTTTGCACTAGGCGACGTCGTAGACGCAACCGGAATCAGCAAGGGCAAAGGCTTCGCCGGAACGGTCAAGCGACACAACTTTAACACCAGTAAAAAAACGCACGGCGGCAACGGTAACGTGCGTAAACCTGGTTCGATCGGGTCTATGTACCCACAAAAGGTCTTTAAGGGCAAACGTATGGCTGGCCGCATGGGTCACGACCGCGTAACGGTCAAGAACCTAACCGTCGCCTACGTCGATCAGACTAATAACCTGATTGGGCTCAAGGGTGCCGTACCTGGCCCCAACAAAGGCTTGGTGATCATAGGAGGTAAGGCATAATGGCTGAAACTACTAAACCAGCAGCTGCTAAGGCTGCAACCCTGCCAAAAGAAGTATTCAACGTCGAGGTGACAAACCACGAGTTGCTAAAACTGGCTTACGATTCATACCTAGCAAACAACCGTACTGCAAGCGCTACAACGCTTACTCGCGGTCTAGTTAGCGGTGGTGGCAAGAAGCCGTGGAAGCAAAAAGGCACCGGCCGCGCTCGCTTCGGTTCGTCTCGTAACCCAATCTGGCGCCATGGTGGTGTCGTGTTTGGTCCTAGCGGCAACGAAAACTACTCAAAGAAATTGAGTAAAACAAGCAAGCGTGTTGCTCTTCGCCAAGCGTTGACTTTGTCTAACGAGGCTAAAAAAGTAACCGTACTAGACATCAAGACAACTGGCAAAACTGCTGAAGTTGCAAAGATTCTTGCTTCCCATAAGCTAAACCGTCGCGTATTGATCGTCGTAGAAGCAGCAGAGAAGTCACCGGAATTGATCCGTGCAACTTCAAACCTACAGGACGTCCGCCTCATTGGTGCGAAATACCTAAGTGTCTACGACATCCTAAATGCCGACCACGTAGTACTATCTACTAAATCCGTCCCAGTTATCAAAAACTGGTTGCTACAGGAGGGCGTGTAATATGAGTAACTCAACACAGTTCGTATACCCACGCGCTACCGAAAAGGCATATGCTGCAAGTCTAAATAACGTCTACGTATTTAACGTACCTACATCTGCCAACAAAAA
CP060232.1_gap16	576101	579471	3370	CACGCTTGACAGTGTTGACCAAAAGTCAAAGGGAAGCGTAGAGCTAAAGGAAGACGTCGCACCAGCTGACGTCGTGAAGGCGAAAAAGGCCGACAAGACAGAGGAGGACAAAGGATGATTCAACAGCAGTCCCGTCTCAAAGTAACCGACAACAGCGGTGCCAAGGAAATCTTGTGTATCCGTGTTCTCGGTGGTACTCGTCGCCGTTATGCACGCGTTGGTGACATTATTGTTGCTAGCGTTAAAGAAGCCAACCCGACTGGTCAGGTCAAAAAGAAGTCTGTCATTAAAGCTGTAGTCGTTCGTACACGAGATACTATTCAGCGCAAAGACGGCAGCACTATCTGTTTTGACGACAACGCAGCCGTTGTCATCGGCGACGACAAGTTGCCACGTGCAACTCGTGTATTCGGCCCTGTGCCACGCGAACTTCGCGACCTAGGCTACGCTAAAATCGTCAGCCTGGCACCGGAGGTACTCTAATATGGCACAACGAATCCAAAAAAACGACGTAGTCAAGATCATCAGCGGCGGCGATAAAGGCGTTACCGGCAAGGTAATCGCAGTTTTGCCACAGAAAAATGCCGTGCTTGTTGAAAATCTTGGCGTAAAGCATCGCAAAGTTAAGCCAACACAGCTACAGCCAACTGGTGGTCACAAGGATATTCATGTCCCAATTCCACTACACAAGGTTGCGCTTGTCGTTGACGAAAAGACCGGCAAGACCAGCCGTGTCGGATACAACAAGAACGCCGACGGCGCCAAGGTCCGCCTTGCTCGTCAGGTAAAGAATAAGGAGATCAAGTAATGGCAGATAAAACTACCGCTACTCCGGCTCCTCGCTTGAAAGCCTTGTACAACAATACGTACGTCAAGGAACTACAGGCCGAATTAAATCTAGCTAATGTACACCAAGTACCTAAACTAGAAAAAATCACGGTAAGCGTAGGAACGGGCAAGAACAAAGAAAATAAAGCGCATCTTGCAACAGTCAAGACTACTCTTACCAAAATCACTGGCCAGATGCCAGTTGAGCGCTTGGCAAAGAAGTCAATCGCGACCTTCAAGATTCGTGCCGGCATGGGCGCACCAGTCGGTGTTACTGTTACGCTACGCGGCGCTCGTATGTACGAGTTCCTTGACCGCCTTGTCAACGTATCGCTACCACGTGTCCGTGACTTTCACGGCGTTGGTACTAAGTTCGACAAAAGCGGTAACTACAACCTCGGCCTCACCGATCAGTCTATCTTTACAGAGCTGACTTTCGAAGAAACACAGCTTATACACGGCCTGCAAATTACTTTCGTCATTAAAAACGAAAGTGCTGCACATAGCCGCGCTCTGCTCGAGAAATTCGGTATGCCGTTTGAAAAAGAAGGAGGTCGACGTTAATGGCTAAGAAATCAATGATCGCACGCGACGAAAAACGTAAGAAGATGATTACAAAATTCGCCGAGAAGCGCGCCGAACTTAAAGAACTAGGCGACTTGGACGGTCTACAAAAGTTGCCTCGCAACAGTAGCCCGACTCGCTGGAAGAACCGTGACGTACTAAGTGGTCGTCCACGTGGCTACATGCGCCGATTCGGCCTCAGCCGCATCAACTTCCGCGAAAAAGCATCAAAGGGTGAAATTCCCGGTATAACAAAGAGTAGCTGGTAGAAGGAAAGGAGAAACGATATATGTCACTACAATCTACAGACCCAATCGCCGACCTTCTGACCCGCATTAGAAATGCAGCAATGGTTGGCAAAAGCGAAGTTCGCTTACCACACAGCAAAATCAAACAGGTTGTCGCAGAACAATTAGTAGCTAATAAGTACCTTGCAGACGTCAAGGTAGAAGCTAGTAAACCTCGCGACACATTGGTTGTTACAATCAACAAACCTGGAGAGAACTGCAACATCAACGAAATTACGCGCCTCAGCAAGCCTGGCCGCCGCGTATACGTTAAAGCAGACGAGATCCCTAAGGTTAAATCAGGCCGCGGCCTCGTGCTCGTAAGTACATCTAAAGGCGTTATCACTGGCCGCGAAGCTGTCAAACAGCGTCTTGGTGGTGAATTACTGCTGAAGGTATATTAATAAAGGAGAATAATCATGAGTCGAATCGGAAAACTACCAATTCAGATCCCATCAGGCGTGACAATCACGGTTGACTCAGATGTTATCACTGTCGTAGGAGGCAAAGGCACCCTGACAGTTCCACATCTGAGCGACGTGACGGTTAGTGTCGACGATGGCGTCGCAACTGTTACCCGCAAGGATGACGAACGCATCGCTAAAGCCCAGCATGGTTTGCAGCGTGCACTACTAAACAACGCAGTCGAAGGCGTAACAAAAGGTTTCGAAAAGAAGCTCGAAGTTAACGGTGTCGGTTTTCGCGTTGGCATGAGTGGCACTGCACTAGAAATGCACCTTGGCTTCAGCCACCCTGTTAAATACACACCTCCGCAAGGAGTAAACGTTACTAACGAAAAGATGACTATCATCGTTAGTGGCATCGACAAACAACAAGTTGGTCAGGTCGCTGCGGAAATCCGCGCGCTAAAGAAACCAGAGCCATACAAGGGCAAGGGTATCAAATATGCCGATGAGCAAATTTTGCGTAAGGCAGGAAAGACAGGTAAGTAATCATGAGTAATCTTGCAAAGAAACTACTGAACAAAAGCCTGCGCATGAAGCGTGTCCGCGCCAAAGTAAGCGGCACAGCTGAACGCCCACGCTTGACTGTCACGATCAGCAACAAGCACGTCAGTGCGCAGTTGATCGACGACGTAATCGGCAAAACTCTTGCTGCAAGCACGACTGTCGGCAGCAAGCAGACAGGCAGCCTGAAAGATCAGGCAGCGTTTGTCGGTACGGATATCGCCAAGAAGGCAAAAAAAGCAAAGATTGAAAAAGCAGTGTTCGATCGCAACGGCCGCCAGTACGCTGGTCGTCTAGCTGCGCTCGCAGATGCTGCACGTAACGAAGGATTGGAGATTTAGTATGGCTGAACAAGCAACAGCACAGACTACCCCACGCACTGGCTCCCCGCAACGCGGTGGCGGACAGCGTGGTGGCCGACGCGATGACCGTCGGGCACAGGTTCCACAAGAACCTAAAGAATTTGAAGAGATTGTCATCAACATCGACCGTGTCGCACGTGTCGTAAAAGGTGGTCGTCGATTCCGCTTCAAAGCACTCGTCGTCGTAGGAAACAACAAAGGCAAAGTTGGCGTTGGCGTATCTAAAGGCCAAGACGTTCAGACTGCCATTGCAAAAGCTACTGACGTCGCTAAAAAGAATTTGATTGTCGTACCTATTGCAAACGACACGATTCCTCACGATGTTGAGATGAAACTGTCAGGCGCACACGTGCTCATCAAG
CP060232.1_gap17	618356	622292	3936	TATGTACTGTGCAACAGACGATCCGGTGGCCATCGAAGACGGCATCGCAACAGTAAAGAAGATCCTAGCTGAGAACTTCGTCCGACCAGACGAAGCGCAAAAGGTGAAGAGTAAGATTCGTGAGCTCAAAAACTACACGGTTATCGATAAAATCACCGTCAAGCTCAATGAAAAGAAGGATCGCTACGAGGCGGAGTTTAGTAACCTTGGCATCAAAGATGCTTACATTGATGCTGAGATTGTCAAAAAGTTCGAGAAGCTCTTGGTCGGTGGCATCTGGTGTATAACGAAGATTTCCTATTTTCATGACGAAGAAGAGCGCAATAATCTACCGTTTGTTGTCAATGACATCAAGCCGATTCAGATGCCAAATATGGATCTAGAGGAAGTATTCAACGGCCGTCGTCAGTTTAGTAAAGACGAATGGATCGATGCGCTGATTCGTTCGATGGGCATGGAGCCATCACAGCTCGATACCCGCCAGAAATGGCACTTCCTAGAGCGTGCCGTGCCACTTGTTGAGAATAATTACAACTTGTGCGAGCTTGGCCCGCGCGGTACCGGTAAGTCACATATCTACAAAGAAATTTCACCGAACTCTATCTTGGTATCTGGTGGTCAAACGACTGTCGCTAATTTGTTCTACAATATGTCGAATAAAACCGTTGGCCTCGTTGGGCTGTGGGATGTAGTAGCTTTTGACGAAGTTGCCGGAATTACCTTCAAAGACAAAGACGGCATCCAGATCATGAAAGATTACATGGCGTCTGGATCGTTTGCACGCGGTAAGGAAGAAAAGAACGCAACCGCTTCGATGGTATTCGTTGGCAATATCAACCAATCAGTCGAGGTAATACTAAAGACATCTAACTTGTTCGAGCCGTTCCCCGAAGCTATGAACCGCGATACCGCGTTCTTTGATCGCATGCATTACTATCTGCCGGGCTGGGAGATTCCAAAGATGCGACCAGAGCTTATTACGAATAGCTATGGGTTCATTGTTGATTACTTGGCAGAGTTCTTCCGCGAGATGCGCAAGCGCACACACAGCGATGCTATCGACAAGTACTTTAGGCTGGGCAAGGAGCTAAATCAACGAGACGTGATTGCGGTAAAAAAGACCGTCTCAGGACTTGTAAAATTACTGTATCCGCACGGTGAATTTAGTAAGGACGAGATCGAGGAAGTTATTCGCTACGCTATCGAAGGTCGTCGTCGTGTCAAAGAGCAGCTGAAGCGAATCGGCGGCATGGAATTCTTTGACATTCACTTATCGTACATCGACAACGATAACGACGAGGAGCGAATCGTATCCGTACCCGAGATTAGCGGCGACAAGTTGATTTCTGACACAGCGCTCAAGGCTGGTCATGCATACTTTGTTGGTCGTGGTACATCCGGGCAGATCGGCACCTTCCGTATCGAAACCGAGACTCCTGGCGGTAACGGCAAGATGTCTATCACCGGAATTGGCACTGATAGGCTTACGAAAGAATCGATCAACACAGCTTTTCACTATTTCAAGGCTAACCGCAAAAGCATCAGCGCCAGTATGAACGTCGATAGTAACGACTTCTTGATTCATATCGAAGACCTGCAAGGGGTAGGCCCAAGTAGCGAAATTGCACTCGCAACGTTTGTATCCCTCGTATCATCTTCGCTTAAGAAGCAGGTCAAAGAAGGCATGGTCGTGCTCGGCAACCTTACGATCGGTGGCACAATCAGCAAAGTCGATGACTTAGCTGACACGCTCGAAGTTTGTTTCGACGCCGGTGCTCGCACGATACTGCTACCAATGTCATCTGCTGCGGACATCTCCACCGTACCCGCCGAAACTTTCTCAAAGTTCAACATCAGCTTCTACAATGACCCCGAGGATGCTGTGCGAAAGGCGCTAGAGATCGGATAGGTAGATATTATGCCAATCACGAGAATAAAATCCATCAAGCAGATAGGCCGATTCAAGAACTTTACCGGCGGCGGATCTGTACCACTAGCTAATCTTAATGACGGCAAAAATATAGCTGTTATTTATGGTGACAATACCTACGGCAAATCAACGCTTGCCGATATACTTCGCTCCACTAACCTTAGTAGCGACGTGGAAATTATTCGACGCAAAACAATCCCTAAAGATGACGGCTCAAACCAAAGCTTTGAGCTGTCATATCAGCATTCTGCTGCGAGTAGACAGGAAAGTGTCAAGTATGACCGAACGGCTTGGTCTAATAATGTCCTGGTGGGGAAAATATTAATTTTTGATCAGGAGTTTATCCATCAGAATATCTTTACAGGCATTCACCTCACACGAGACAATAAGGAGAATTTTACAGATTTTATACTAGGGGAAGAAGGAGTTAAAATCGGAGCAGAGATTGAGAGGCGGAACATTGCTTCAAAAAAATTCCCCGATGAGCTAAGACTAGTGAGGCCTGAATATGTCCGAGCCGAAGCTGATAATAAAAAGGTTGAGAGTTTTATTGGCCTTAATGTTACAGACAGTAGAAAAGCCTTAGAAGGTGAAATAGACACACAAAATAAGTTAATCAAGCGACTTAGCCGTGTCTCAGAGTTCACAAACCTGCAACCGCCAAAGTCGCAACCTGAAAGATATTCTACCACTTTCAACGGCTTAAAAGAGCTTATTGCAAAGGTTAAAGCCTCTTCGTACGACGACGTATCTAGAGACGCACTTGACCAGATCCATGAGCGCCTCCAGCAGACTGATAGCCACTGGCTTGAGCAAGGAACCAAACATCTCCTAGGCGATAAATGTCCATACTGCACGCAAGACATACTACCGGTGAAATCACTAATAGATGCATACAAAACTGTGTTCGATAAAAAATACGACGAGTACGTGAGTAGCACCAATAAAGACATTCTTACAATTAAATCCACATTGAGCACACTATCTGCAACACAGCACTCCAAGCGGCTTAGCTTGGAGATTGAAAAGGTCAAGAAATACGCGCCATTCATTGGCGAGATTAAGGACCTTATTGTAACACTGGATACGCAACTTGAATCACTACAGGCATCCGAGTCTAACATGCGTAATTATATAGCTGAGTCGCTAGAGCAATCTGTCGACACTTTCGTGACTTATAAGAAAGAAAACATACATAAGCAATGCGACTACCCTGTAGCTATAGACGGATTAAGCAATATAATAGGCATCGCCGATAATAATAATGATCAGCTACAAAAGACCATTAGTGCATGTGCATCGGTTATCGAAACAAAGCGCGAAGAAGTTAGCAGATGGACTCCGGATGTAGTCACGGAAAACCGCAAAAAAGCCACCGACGCCATTTCCTTATGTGAAGCGAAGATTAATCGACTAGATCAGGATGTACAATGCCGTACGTATGTCGCTAAACAGTTAGAGCAAAAAGAGTTTAAAGAATATACAGCTAAGCTTCAGGAAAAACTTGAAAGTGAACAGTCGCATTATCTAGAAACTCTGTTTACCTCTATAAACGGATGGTTTAGCAAATTAGGCAGCCAAGATTTTAAACTAGATAAAAACCAGTCTAGGCGCGGCAATAAAACAGTGTACGAGCTTCGTGTGTTATTTTGCGATGAATTAGTCGACAACGATGACTTAAGCAAGGTATTTAGTGAGTCAGATCGTAGAAACTTAGCTCTTGCAGTTTATCTGTCTCGAGCCGAGCTATTAACTAAAGAAGATACAATCCTAGTGCTTGATGATCCTGTAGTAAGCTTCGACGATAATCGCATACGCGCCACCTGTGCTGAATTATCGCGGTTAGCCAAAGATTTTGAGCAGATAATCATTCTAACCCACTATAAGACAGTAATCAGGAGACTCCTTAAGAGCCGTGTAGGTGCCGTCTATTTAAAAGTTGAGAAAGACGGTACGGGGTCAAGGTTGGGGGTATTGAATACGAAAGATCTTCACTTGTCGGATCA
CP060232.1_gap18	641087	645644	4557	CAACGTCTTTATCACGTTCGGCATCGAAAACGAAACCACCAAATGGTCCACGTACTTTTACGATGTCGCCTTTTTTTACTTTCGACAATGCTGTCGTAAAACGACCGCGCGTTCGCATACTAAACTGCAAAGTTTCTTGCTGAGTAGGTGAGCTGACGATAGAAAAGCAACGAGCTGGAGTCGGTCTAAAGTTATGCGAAAAACTTATTGCCGCGTACTGCCCAGGCTGAAATGTAAAAGGAAATTTATCCTTACTTTTTAAGGACAATAACAGAGTAGAAGCAGTGATCTGCTCCGCGTCCTCTACGACATACTTATGTATAAACACGACATAATCATTATAGCAGTCAATTTGTCATGACGTGTTGTATACATACTAAAAACTTCCATCAAAATTTTATAAATATGGCTCTGCTGAATAATATTTTTCAACCCAAGTTCGCATAACGCCAATTCGGTGCCCCACTGCAGGGTCTTTCGGATCATTTATGATGTCTTGCGCGCGCAGACTAAGTTCATCGGAAGTATAATTTACTCTTCGTCGATTGTCGGCATAGATTTTACGTCTGTAGGCGGTAATGGCCCTGTAGTCATCGCCGTCAAAAGTAACAAGATGAAAGCCAAGCGCACAACGACCCATTCTGTCTTCGAATGTCACATTCCTATGACCGCTATAGCCGTCTAGTCGGCCTTCGGCATCGGCATGAACGGGCCACTGTAGATCTAGTTGAATTCTTTCCCACATACTATTAAATTCACCGAGTCGTTCAGCTGCCTTCTCACGCATCTCAATCGCCATCTGTTCATAAGACAAATTACAATTACCATAGTCCAAAATAATTCCAGAATTATTGTGATCGGTCGTAGATATAATTTCGGTCGTACCGTAAGTCATAATATTCCCACAGTACCACTTGTGCCTGTAACGTCAAAATAGTTATGCTCTCGATAGGGCAAATTTACTGAAATAGCGACCATTTACATTCATACAATGCATGTAGCAAGGTGTTTCGTCGTATGGACAATTTTATAAGTATTATCATTAATCTTGCCCAACTACATGTAAGTTGTACGAGCTTTGCCTGATGTGGTAGACTGTCAGCAACGCCGGCGTAAATCACGCTGACAATCGCACCTTTGGAGGGAGGTGAGTAAGGTGAGCAGCATCTTTGCATGGTTCAGTGCGAACTGGCCTGTGATTTTGAGTGTACTTGGTGGCGCCGGTGGCATCGCCGGTTTCGTCAAATCATTTCATATCGTCCGTGAATACGAACTTGCAATCGTGACCAAACCTCGTGGCGGCAGCGTCATAAGAGACAAGGAAACGGGGCAAGTCAAGGAATATACGGGCGTCCTGATCCGATTAGCTGGACTATACCGCGTCATTGTCGTCAACATGAAAGACCATGTGGACCTTATCTTACTCGACGGTGTGATGCGCCCGACGGAAAGTGGTCATCGCGAAAAATGGCAGCTATCCGCGACAATCAAATGGCACATCGAAAAGGGCTACGTCTATCAGGCGTCCGAGTGGCATCTCACGGACATCGGCGAATACGCGAGGGGTAAGATTCAGGATGCGATTCTGAATTATCTAGAAAACACCCCAGCCGCCGTAGAGCTAAATTCTGCTGGAGTTTTTACGGCCAGCCGGACAAAGGCCGTCCAGGAAGAGTTACTCACTCACGGCGTCGTATGGACCGAGCTGATGGTCAACAAAAACGCGTTGGCTGACTCCGAGATCCAGGGTCAAGCCATCCGCGAAATCGGCAATCCGTTACGCCCAGACACCGCCTAACCACTCTCAAACCCGTCTTGTGCTTGCCTCACTGGCATGACAAGGCGGGTCTTTTCTTTTCACGCACGCTTCTATCTACGAGATTGGTTCAAATTCCTTTTCAGAGCCATCCGATACTGCGCCAACTTGGTCTATACCGGGAGCATCTACGTCTCTGTTTGTCTTGGTCGCAAGTGTAAAGCTAAACGTCGAACCATTGTTCAGGCGACTATCTACGTTAATCTTTGCATCAAGCTTGTCGATAAGTTTAGCGACCACATACAACCCAAGCCCCGTACCGGTAGTTTCGCGTGTCCTATAATCTTCGCTACGATAGAATTTTTCAAAAATATGTTCTATGTCCGACTTGCTCATACCGATTCCGGTGTCGGTAACAAAAAACCGGATTCGACTATCCGACTCCATCTTTGCACCAAAGGTAACTGACCCATCCTTGGTATACTTTATGGCGTTAGTAATGAAGTTTTGCAATATTTCTTCCAGATACAATCGACTTGTTTCGATAGACGGCAGGTTGGTCTCGGCGTCCAGATTAAGCTGTAGTGATTTCATGTGTGCTTCGTTTTCATACCTACCGTAAAGGTCATGCAGCATCGTGTTAACATTTACCGATTCAACGAAGTCTCCCACTCCGCGCTCGGCGCGTGACAATGTCGAAAGATCGTTGATCATGTTAGCCAAGTACACGACCTGTGCGTGCGCAGCCTCGGCGGCATCATGAATTTTAATTTCAGAAGCTTTACGTTCCTGCATAAGCATAAGATTACTCAAGCTGCCTTCGGCAATAGCAACCGGCGTGCGAAGCTCATGACTAGTAACACTTATAAACTCGTCTTTTTCTTCTTCTAGTGTTTTTTGTTTCGTAATGTCACGCAGTATCAAAACAACTCCGTACTCTTCTTCGTCATTAAAGGTTCCACGAATTCGAGACATCTGCACATTCAAATGCTTTATATCTTCACCTTTACCAGTAGACAGATCGTCTCGCGTACTTGACGTTTTAATCGTTCGCGCCAATTCCGTCACACCTACGGGATGACCGTTCATATCTGTAAGTTCCAAAATCTGATCGATATTACGCCCAATGAGAGATTCGTTAGTATCAAAAAACACCTGAGCGGCTGCATTTTGAGAGGTGACGCGACCGTAGCGATTAAGCGTCATAACTGCGTCGCTAATACTGTTTAGCAGTGTATTCAGGCGGTTCACCTGTAGCTGTTCTGAATGCTGTGACCTCTGTAAATCAACGGCCTTCTTGCGACTATGCGAAATGATATTAACAAATATATACGAAAGCAAAATCGTCATAAGAACGACCATAACGGAGTTACCAGAATACACAAGAACATTCGGCTCAAGGTCGTTAGCAAACAACAATGAATACGCCGCACCCGTAAGCACAAGAGACAAGCTACTCATAACAAACCCCGTCCAGCCAAAGTAAATAGACGCCCATAAAATCAAAATCGACCAAAGCACGGTATATGGACTAAAAATCTCAGAGAACCATAGCAGCAACACTGCCATAGTAAAGTGATACCAAACGATGGTAAGTAATTTAAAATGAGAAGATTTCGTACCCATGTATGTGAGTATGGGTGTCACGAGAAAGGCAGAAAGAAAAAAGAAGTTTCTTACAAGAGGGGTGTAGTGCTGAGGCACGCCATTACCAAATGCGAGTAAAAGCATTATAACCACCGCAATGATGATTAACATGCCCGTTAGCGAAAGGGCCAGCCTCTTTGAGAGTACGCGAGTATCATCAATCATTACATAAGCATCTTAATATAAAACATAAGTTTTATCTAGATGAGACCACTGTCAGGAGTATTTGCTATGTACTAACTTTTTTTTGTTAGAGTGTATTCTCTTTGCTATACTAGCAACAATATGAAGTCACTTCATCTGAGCAGACCATATTTGTTGTTGGCGATTGGCATACCGGGAGCAGGCAAAAGCGCCTTTTCTTCGAAGTTTGCAAAAACATTCAATACGCCGTTTATCGACTACGTCGAACTTGCCGGCATCGTCAAAGACGAGGCGACATTTCACAAAGTCGCTAACTATACGCTAAAGCAATTATTTCTGACAAAACAGACAATCGTCCTAGACGGACGAGGGGAAAAGGTAGCCGACAGGCGACAAATTATAGACATGGCGGTTAAGCACGGCTATATACCACTTTTCATCTGGGTCCAGACCGAGCCCGCGACAGCAGAACAGCGAGTCGCTCGTGGCAAAGGCGCAAAGATGACAGTCAAACAATTTGATGAAGGCATACTACAATTCCAGAACCCAGCAAAAGGCGAACCCGTACTTGTCATAAGTGGCAGACACACGTACGCCTCTCAGGCGCGCGCGGTTCTCAAACGACTAGCCGGGGATCGACCCGTCGAAGAAACTCCAAGAATCGCCACCCCTCCACCTCGACAGACGCCTGTACGCGGACGATTCATACGATAGGAATAACATGGCGACAATACATGACGAGGAATTCGGCGAGATCACTGTCCGCCGAAGTGTGCGCGCGCATTCTATTCGCATAAGCGTCGCTCCGGACGGCACGCTACGCGCATCCCTACCTCCGTATGCGCCACTATTTACGCTAAAACGGCTCGTCAAATCATCTCGCAGCAAGCTTCGCAAAATGTTAATACAACAGACGCCCACTTATAATTTGGCTAACGGCATGGAAGTTGGAAAAAGTCATAAACTCGTCGTAGGCAAGTCCATCCGCACAAGCGTACGGCGCACCGGCC
CP060232.1_gap19	656436	657773	1337	CGCGCAATCCCACTCGCAAATCACCTTGCAAACCTAATTAAAAATCCTTTTATACCTGAAAAGTTCGGCATCAATCAGCCAGGCATGCAATCGTATAAGAATCTTGAAGGCATGAAGCACGACCAAGCCGTAGAAGTATGGCTTGCAGGTCGTGACCGCGCCCTCACTACAACGCTCGAACTCATACTTGGCCGTGATGTTGCGGCTGACTTGCTCGACTACGATCCAACAAAGGAATTCGTGAATGGCACCACGCTGGAAGAAGAATTTCAAGAAATCAAGAATGTATTACCGAAAAGCACAGACGAAATTGATCTAAACGAAACGTCTCTACTCAATGTACACAAGCAGCTTGCCGGGCGAGGCCTAGAAGCTTACATGTGGCACACTGTCATCATTACTGCCACAGAATGGGACAACTTTTATGGTCTTCGTGTCCACCCAGACGCCCAGGGTGAAATAGCCACTTCAGCAAGGCTCACTCAGCAAGCAATCGAAGCATCAGAACCGCAACTTATCGGCCCAGGCGACTGGCATCTGCCATTAGTGGAAGATGATGAATTTACAAATTATCACGATGGCATCAAAGCATCCGCTGCGCGATGTGCAGCTGTCAGCTACAATCGCCACCAAAAAAAGGATTTCGCATCAGAGGCAAAACGATACCAGCAACTTCGTAACGGTGGCCACATGTCTCCGCTCGAACATCAGGCGACGCCATTTAATTGGGCGGACTGGGAGATTGTAAAGACGCAGCAACAAGTCATTGATTCCATGGTAGCCATCAGCGGCCTTCGCTCATACCGAAGCGCGCACATGGCAAAGCATTCCGAAAACGTCCAATTCCTGGGTAATTTCCGAGGCTGGATTCAACACCGCAAGCAAGTGCCGTACGAACAAGATTTTTCACAAATTACCAATAAGGATTAACGAATGCCAGAATACGATAAAATTGCCGGTTTTAACGTAGAATACATACCTACGGAAGGCGACACTGACTTTAACCACACTCCCGTTCGCGTCATGAACGACCGAGTCATTGGCTACGGCACATTTAGCGACGTTGAACTCAAGGTAGCACTAGGGCTGGGTCACATCGTCTGCGATCCTGAACCACGCAAAATCAACGGATCTAGTATAGACGTGACCCTCGGACACTACTTTTATCATGCAGGAACCGCTCGACAGCTCGGCGGCATCTTTAATCCGTTCGACAAAGACGACGTCGATCGTTACTTTGGCGAAGCCAAAAAAGCCTTGCCACTTGCTGAAGTGCGCAAGAAAATTGGCAAGGAAATTTTGCTACTCATCAAGGACGGTCGGCTCAGCCGCGAAGA
CP060232.1_gap20	785285	790184	4899	GTGACGGATAGTGGGCCGAATTATAGCCTAGTCCCATCCTTGTTTCAACTCACTGCATCTGGACAACCTCTGTTAATTTTGGTAAAGTAGGCTGGACGCAATCCGAATTATGCGGCCTTATATGAATCCTTCGGACCATATAAGACCTAGCATTCCTCGGAAGAGCGCAAAAATGAGCAAGCTAATTTTTGCCGCTCATCGCTCGAAATGCGGCCTTATCGTCTAACGGTTAGGACATCAGGTTCTCATCCTGGCAATCCGGGTTCGATTCCCGGTAAGGTCACCAAATCGGAACTAAAACGGAAACGGTCGCCCTGTCGGGCGGCTTTTTCGGTGGCGGCGCGGAGCGCCTGCCAGCGGTTTTTCAGGGGGGGGATAAGAAATTGGTCGTCATTTATGACGACTTCTTTTTGTCGCATTTGTAGGTTCGACCCGAAGATTTCGAGTAAGAGCGACTTTTTCGCTAGTAAGTCATCACTTTTTGCAATTTTACAGATAGAAACGGCAGTTTCTATCCATTGTTTCATCGGTTCGACCCACGTCGAAACGCCAAGTGCCGTTTGCTCGATTTGCTCCTGCAAAAGTTTCTTTTCGCCCAGTATTTCGGCTCGCTTGGCTTGGTATAGTTCGCGCTCCACGTCGCCGTCTAGGTAACTATCAAGCAGACGCTGCAACTTTTCGGACAGCTGCGCGATACTAGCTTGCAAGGCTTTAGTTACGGTCGCATATTGGGTCTGCTCTTTGGCTTCGTCCTCACGTATCAGGTCGCGCAGCTTGTCCGCCCACGCGGTGGGCATAGCGTAGCTCTGTAGTAATACAGACACTTGCTTGTCCAGCTCCTCGGCTCTGATGTGCGGCTCTCGGCAAGCTACTGTTTTGCTCTTGCGAGTACAGCGGTAGTAGGTATAGACATGTACATTACCGTTTTTCTGCCGCTTTATGCGTGTTTCTGCGGTAAACATCATACCGCACGAGCAATACACCGAGCCGCACAGTGGCTGGGGGTTGTTGGCTTTTCTGGTTGGTTTGCCGCGCTGGTGTAAGACAGCTTGCACCTTGTCGAATAGCCGTTTTGAGATAATACCCGTATGCTTGCCCTCATGGACTTCGCCAAGATACAGAAAATGTCCATAGTAAAACGGATTTGATAGCATACGCGTTACGCGAGTGCGCGAGTGGGGTTTGCCTCCTGTGGTCTTTTTGCCACGTATCATGCCTTGTTTTGTTTGTATGCCATTGGCATACAGAAAGTCGGCGATTTCGTCTAATCGTTTATCACCGCGAGCATACAGCTCGAACGCCCCCTGCACGATCGGCGCAGTCTTGCGGTCAATCTTTATGGTTTTTGTTCGCAGGTCGTTATAGTAACCGAGCGGTGCGCCTCGTGGGTAGCGTCCGTCGCGTACCATTTGCCGCAAGCCTCGTTTGGTATTGAGCGATAGGTTATCGACATACTGTTTAGAGGCGTTAAACTCATTGGCAAGCATATATTTGCCTTGTGGCGTGTTCTCGAACCAAAAGTGCGGAAACTTTAAGTCAATCAGCACATACTCATCGAGCATGTAAATAATCTTGCCGCTATCTATACTATTACGAGAAAGTCGGTCAGGCATCCACGCTAAAATCCCGTTAGCCTCGCCAGCCTCTATGCGTTCTAGCATTTTGTTAAACTTCGGACGCCCTGGCTTTTTCGCTGTTTGTTTTTCTATAACCGTCTCGATAATATGTACGTCCATACGATCAGCAAACTCTTTGAGTTCGGTAATCTGCGCCGCAATGGACAATACCTGTTTATCTTCTACGTCCGTACTCTTGCGGACATACAAAAAATATATAAGTTTTTGCGCGATAGGTAACATACAACCCTCCCAACTTAAAAGGCTACTCCGCTTGGAAAACAATTCAGCATACGCCAAATAGTTGCGAAGTAGCCGTTTAAGCCTACAAAAATAGCATATGCCTTGAATTGTTTTCCATTTATCAGTATACCACGCTACGGACGCGGAGCGTGTCGGCTATGCCGACTAACAAAAAGAACCATGCCGTAGGCATGGCAATTTCTTACCTCCCCCCAGAAAAACCGCTGGCAGGCGCTCCGCGCCGCCACCGAAAAAGCCGCCCGACAGGGCGACCGTTTCCGTTTTAGTTCCGATTTGGTGCGATTTTACGCCGAAGTCCGAACCGATTTCCGAGAAAATCCCTAAGCTCAGCCCCGACGCCTGCGGGCGCACGCGCCCGCTCGCCCCACCAGAAAAACCCTTTGCCTATTTTTTTATTTTTCCCCGCCGAATTTCTTTTTTGAAACTGAAAAGGGTGTTTTCTGGTGGTGGCGATTATCTGCATCTATTGCCTAGCAAAAATACGGTGTAAATAGTACAATCATGACAAGCATTTATGCTAGACCTAAACCAAACGCAAGTTTGGCATGGTCGTCAAATCAACAAAGAGAAACAGCTCGTCATGAGTACTTCTCTTTGTTGTCATTGCTGGAAACGGCAGTGGGTAGCTCTCGGGCTGCCGCTCGTGGCGGGCTTTTTGGTTCGCTACATCCATTCAACAAAGTATAGCAATAGGAGACCAGCGACATGACAGAAAATAGTAAAATGGAACAATCGGAGAGTCAGGGGCTTGCGATAGCATCGTTAGTTCTTGGTATTCTGGCAATTATTACTTGCCTAGTGCCGTATATCAGCATAGCTCTTGGAGTTATAGCGATTATTCTTGGTGTAATTTCTGTCAAAACGAAGGGTCGCAAGAAGGCAATTTCAGGAATTGTTACGGGAAGTGTCGGAGTGGTTTTAGCTATTATCGTGTCCGTCATGACTTTCGTAGCACTTCCAGCTCTACAAAAAAATCAACGTGACACAGCACGCAAAAATGATGTAAGCATAGCGTCTAGTGCGGTTGCTACATATTCGTCAAATAATCGTGGACAAATGCCAGATAGTGCTGTTGATTTAAGCCAATATATTACCGACCTAACTCTTATATCAGTTGAAAGCGAAGGCACGCCGACAACCGACACGGCTATTTACAAAAAAGGTGCGAACTGCGATGGAACAGCCTCAGGTCGTGCATATGCAATAACAGTGCTCCTAGAAAACGGCTCAGAGTACTGTCAGGGGTCATAGAATACGATGGAACGATTTTTCACCGGACTTATTACAACACTCAGCATACCTATTCTTCTGCTAAACGTTTTAGGCGGTATCATCGGGGGTATTTGGCTCATGGTTGCCGGTGAGTGGTCATTATTCATAGGCGGCTTACTCTACATGATGTTTGGTGCAATGATTATCGGTCTATTTCTTATGCCTAGCTTACTTTTTGCCGCACCAGCGGCAGCATTTGCTGAAAAGCGCAAATACGTGCTGTTTTTCATCTTTGGCTTGCTTGGGATTGCATACACCTATGGACTTATTGCGGTATCTACATACTACGTTGCGGATATTGCCTTGAGTTCTCAATCTGCGCCACTTTGGGCAAGTCTACTGTGGCTTTATGCGGTAGTTCTTGCGCCGTGGCAATATATGGCTTCAAAAGAACAAGATAACACCTCAACAGGTATGACAACATTCTTTCTTGCGCTTGGTGTTCTCGCATTGATGGTTTGCATTGGCATATTTGGCATGACACTTGGTCAGGCATTTCCTGTGCTTGTTGTAATCCTTGTAATATCTCTGGTTATGCAATTGCTTTTCACTTACGCGCTTACTCGTGCCGAGAAACAAGCGACTCGACACGAAGATGGAGATGTCATAGATATTGAACAGACAGACGACAATAAACGAACTTGGGGAGATTTAGAATAATGCAACTTCCACACTCAAAAACTCGTCAAACGTATATAGATCAAATTAAAGTCGTCGAGGCGAACCTCAAAGACGCGACATCTGGCGAGAAAGACAAGGCGTTACTTGCTCAAGTGCAAAAACGACTCGATTCTCTGGCTGAAAAATATCAATTTAGCGAAGAAATTGGCACAGCAAGATACAAGCTCTACGAATTGCAGGCGTTAGTTCATTATTTTAACGGTCATGACGATGACGCACTAGATTTTATCAATCAAGCCATAGATACGCGCGGCGAAACATATGCAAAAGCAGAAAAAATCAAACAGCGATTATCACTTGGCGACTCTCATGTTACAAAAACTGTAAATCCCGATAAAATTACGAAAGAACAGCGACGCGAACAAAAAATTGGGCTTGAAGGTTGGTTGGCGCTTTTTACCGTCGGCATTATCTTAGCCGTAGTTCTTCACTTAGTGGCTGTAGGTTTTGGATTTTATAATTTAGGCAACCTAGGTAATACAGCTGATGACTTTGCAGCCAGCTTACTTGGTCCTTACTATACTTTCTTAATGCTTGCTTCGTTTGCGATGGCTTCTCTATCTGCTTGGCTACTATACTTACTGTTTAAGTGGAAGCGATTAGCTCGCTGGGTCGGTATTATTCTACTCTCGCTATCAATACTGATATACTTCATCGATTATATGTGGTATGCAAATCTAATGTCCCAGATATCTGGACTTGACCCCCAAAGGGGTGACGCTAGCGTAGGTTGGGCTATTGTATGGATAATATATCTCTGCGTTTCAAAGCGAGTCAAAAGGACGCTCACGAAATGACGCAGCACAAAGAAAACTATTCATGGATTTATATCGGGCTTGCAATACTTATTGGCGGCACGATTCTGTATTTCCTCTTTTTCTCACCTAGTTCTGGCTACGTCAAAATCAAATATCGTGATGACAAAGTAAATATTTCAGCAAGTAACTTTGAACCTCTCAATAAATCAGACTCAACTGTTAAAGGTGCATGGTACGACGGTAACAATGAATATATGGTTATAAAGTTGAATGGCACATATTATCACTATTGCGGTATGCCAAGCAGC
CP060232.1_gap21	798667	799343	676	CTGGTAGTGGCACAAGCACAAATACGTTTTCGGAACCTTTCGGCGCGACAGTCGTGTCGCTCGCACTTGGTTTGCACACGTATACAGACGCCGGCCAAGGAAGTTTCTTGGTTTCAAATATACTGTCAAAATTGTCTTTCCAATCTTCAACGAAAAACAAGTTGTGGTGCTCCATTTGTGGCAGTTCACCTTTGACCCCCAAGTACATCAGCAAGGCGCTAGGCCCGGCCTCACGCTTGTCCCAATACGACGCAGGGTAGGAGCGGTCAGGCTTGTCGAGCAATTTTGTTTCCGTAAAATGCAAGTCCGCGTTTGATATGACAATATCCGCGCTCACGCGAGTTCCATCTTGTAGCGTCACGCCAGTCGTGCGCCCATGCTTGGTATCGATATGCTGTACCGGCGTCTTGTAGTGGTATTTCACGCCAAGTTCATGGCCCAGTTTCACCATGCTTTCAATGATCGTATACAATCCGCCTTTCGGGTAATACACGCCCTCGCGAAAATCGAGCGCACTCATGAGACTGTAAATTGCAGGTGCGGCAAACGGCGACGAACCAAGAAACACCATAGGGTATTCTAAAATCTGTCGTAGCCGCTGGTCGGTCACGTATCTACTCACGTATTTGTCTATCGACGTAAATGCCAGCTTGGTCATCAGATGGCCGCGCTTCAC
CP060232.1_gap22	801626	804728	3102	TAGAACGTTCAAAAAAGCCATATAAAGTCTGGTTTACAGAGTTAACGGTACTAGTCCGGTGCTGGGTTTGTGCCATTTCTATACATTATATAGTATTTTCTCAGTTCAATCTGTATGCTTTCTTAAATTTTTTGCATCGCTAGGGGAAATGTTGTTAAATGAACCTATGAAACGAGGTGAATTCAGTGACAAAGAACAGCTTGTCCTAGCCGGGCTCGACTTTGACCGTTACAGCGATCCTGTGGCTAAAAGTATCGGCGACTGGCACGAGGCATTCGATCGCTGGAACCATCAATTACATTTAGTACACTACGGGGAAGGAGGGCGTACGCAGGCCGAAGCCGACGTTAAACTAGCACACCTCCAAGATGGCTACACCCAGGCATTTGAGCATGCGGCTCGGCAGGTAGCGGCCGACAGCCCCATAGAAGAAAGTGCCGTCGACACTTTGCATAATCTCTTTCGCGCCGAAGAACAGCGCCGATTGACGCACGTGAGCCAGTGGTACACGACCGAAAAGCTACAGCCGTCATCGGACGAATATTTTCACGACATAGTCATGCCATTTGCCGACCCAGAAGGCAAAACAATCATACACAGCAACGACGAATTTGTGCTCAGCCAAGAAGCCGCCCTAGAACTTTATCGCGCTCGACTAGAAGACCATTCACGCGCCATACTGCTACAAAAATACCGCAACCTAGCCGAAAGCGGACGCAACATCCGCAGCGTAAATCGTAAATTTTACACGGCGCTCGGAGCCGTTGGTCTTGGCTCGTTTTGGGCTGCATTTCGCGCCTTTAGACCAAAGCGAAAATAGTTTAAAAGTCGTTTTCTAACTGTCGCATGCGCTCCACCAGCATACCGCGCACTTTATATAAGTCGTCCAGCGTCAGGTCATATATTCCGCTAGGTGCGCCGTCGTGCCTGCAATCAATTGCAGCATAGTATCGTCCGCGCGCATATAATTCTAACTCGTCCAGCTCGGCTTCGCTCAACATTTTTTCAGACATAATCCGAACTTCGGCCAATTTCATATCTAACTCATATTCCGGTATGTTCCCGTGCAATATGCGTACCAAATTACTCACTTGGCCTGGATGAATTTTGCGCAGCAATTCATCTTCATCGTCATCATCTTGCTCGACCGCAACGCTCACGCCGCCCCACATTTTGTTATCAATACCAAGCGCCACATTGTACGCCTTCGCCAGGCCGTCTTCGATATCCATCACGCTAGCAACCATAGCCATGCCGGCTTTACCTAGCTGCAGCACCGTAAATGAAACCCCGCGGCTGCTACCATTTTCAGACCTGTATTGTGACATAGCAAACCAGCCGTCGCACGCAGGCACATCACCAATCATAGCCAGTTCAATCATCATTTCTTCAGCCGTTTTCACTGATTTCAATTGTGGGTACAGCCGCTCCAGAGAATCCGAATACAATGCATGGATCTGGTTGTATGCAAACTGTCGATCGCTTTCATCTTGTGAGTCCGAAAACATCTGAAGCTGCTCCCAAGTTGCGCGCCAGATGTCCGATCTTTGGTCGTCTTCTTCGCCTTCGTCTATCAGCAAATCCTGCACAATCTCAATGACTTCAACGGCAAGTGACGCCCGTTCATTGTTTTGCGACGATTCCGGTTGCGAAGATTCGTGGTTTGTCATGGGTTTATATATACCACACATTTATGGCAACAAATACCGACAGGCGTTGTAATGTTTAAACAAAACTGTATAATTTGCGCATGGAATCGGAGCCAAAAACTCCCGACAACTTTACCGACTACGAGCAGTTCGCAGTAGAGATCTTTGACGGCGTAGACGAACTATTTGCACAGCGTAACATACCATCTATCTATGAAAAAATTTCCGACCGCCACTCCGTCGTCGAGCTTACAGTCGAGGAGCTAGAGCAAGTCGGCCCACTACTCGAAAGCTACGCGATAGACGCACCAAATTCAGTCAATATCACCATCAACGGCCACAATCCGTTTTACAAAGGCGCGCACGAACCAGGCTCACTCGTAATCACCACGAACCACTGGGACACTTTCGGCAATGATGTCAAAAGCAAGTACACAATTTGGATCGATCGCAACTACACCCAAGCAATCGAAGCCATCATTGACGTCAAAATTGGTAACCAGATATTCGCAAACAACGAGCGCATCGGCAGTATTGAGCAGCGCGCCTTGCGCGGACTCATCAACTATCTTAAACAAACAACGAAGTAGCAACACATGCAGTCAAACAACAAACTACGCGTCGGAATCTATCGAGACATCGAAACCCCGGAAACAAACATCGGGGGAGCGGTCGTAGCAATCGACAATCTACGCGAAAAATACAAAAATATTGAAATTGCCGAAACCAACAAATTCGTCAGGCTGACGCCATCAGGCGAAAAATCAGTCCCGACAAACACCGTCAATTGGCTTGAAACGCTCAACCACATAAACATCGTCATGACAGATAGGCGCATCGTCGACAAACCTGGCGACACGCCACCCGAAAATTTCGGCGTTATAGGCACGACGTTATATCGGCGCCTTCGTAGACCTTTCGTCATAGTAGACGCACGCTTCGCGTGGGACAGCGCCGACAGAGTCGTCACTCACGAAGTCGCACATGTACTTCGCATCAAAGACAGCGGTACATATTTCGACAAAGTAGATCACTGCAACCACCCCGCGTGCATCATGCAGCCCATTACCAGACCTCATCTTGTCGATTTTTGCGGCGAATGCAGCGAACAGCTCGACGAACGCTTTTATAAACTTTCCAAAAAAAGGATTCGCAACGCTAGTATGCTCGGTCGGGCGCTACAAAATCTGTCAGACAATTTAGTTCAAACAACTCGTCCCTTCCCATACCCAAACACCATCGAGTAGGGCACTCTAGGCCTCGACTATTTACAATTAACATATTTTATTGTAGTATAGCGCAAATGAATCAGTTCGACACGGATCCATCCATAAACATGGCGCCCACGACCGATACGGAGACTACCAAACCGGCGGATATTTCGTTTGAAGAATTGTATGCGAACTACTACACAAAGTTAACTCTGTTGGCAAAAAGTTTTAGAGTACGAGAC
CP060232.1_gap23	806999	810494	3495	TCATAGACACTTGCGGCATCATACTAGCCAGCGGCCAAAATTTGGGCGTGTTCGTCGAAGGCTCACACAACAAAGTCGACCCAGCAGTCGTACAAACTGTCCGCTCAGGCTTTGCTCGCACGGCGTTCAACGCGCTGAGTAGGGGAGTCAGCACCATGGTGACACCCGTCGGCATGTCGTTTGGTACCAGCCTCGAAAATCTCGACCCACGCCAAGCCGTCTTGGTCGTAGGCCGCTCCATACCTGTCACCACCGAGCACACCGAAGACTCACTTATTGCTAGCACAGCTACAGCACTGCAAACCGCAGTAGACCGCGCAAACGAAATCCGTAGCACCAGAACTAATTAATCACTGGCAGCTGGTATACACCATTCATTCAAGCACTGCCTAAAAGTTGCTTAGCTATACATTTCAATTAAAAAGGTCGGGGCCATGAGTTTGCGCATTGCAAACTCATGACTCCCGACTACATCTAGTGTGGAACTACTCGACGAGCAACGTAACACTCATCATCGCTTTTGGAGTCGCCTATGTGGCCCAACAAAAAACGATGCACCGAGATACAGAAGCGCCACAACAAATAGGTTGAGCAAGAACTGCACTGCGACGCTGTCAAGCAGTATGAACCGATTAACGGTAAAGCTCATCGAAAACCCATACGCTAGGCCAGACGCGTACCACTTCCAGTCTGTAGTATCCTCGAGTCTCAAAGTGACCCACAAAAGCACGAGGCTCAGGACACACAACATAACAGTAATAACCATTTTCCACCTCTTTTTCAGTACCAAGATGCTCGGACAAGCAACTCGGCTCATCTGACTAGACTATTATACAATAAGCACATAATATAGCAATGTACTGTCGCGCTCTTCGACACCTTGAAGCAGCCACACACCTCAAATTGAAAACGAAGTACAAAAAGGGTATAATAACCTCATAAAATTATGACCGAAGTAAATTTCCAAAAATGCAGCAAAGACCCAGAGACTTGTGACGTCATACACGACTTGATCGAACTCGACACATTTTACGAAATCGCCAGCGACATGGACGAGCACTACCAAGAACCACGCAAAATCGTCTGCGGTCTTTTCAACGCCTGCGTAAACGGCACATGCCCCGGCCAAGCGCCAGAACTCCTCGAACACTTCAACCGGGAAATCACTAACGAACTACGCGAACGCGAATAAACTCCGCAACCGTCTACGGCAGATCTTCGACAGATTCAAGGGTAGTCAAAAGCTCTTCAATCTCGTCAGCAGACATCTCGAGCAAGCCAAGTTCTTTGGCCGTTGCTTCCGAGCGGCGCTTGTCGTGGTAGCGGGTTTCTATGGCTTGCATAAACCGCTCAGTCTCGGCTTGGTCATAGTGCTCGGCCACAAAATTCCTGAGAGCATTCAGGCCTTCGGTCAAATCATTAGGGCTCATTGCGCCACTCAGCAGGGGCAGTACCATATCTCTTTTGCCAGCGCCTACTAGTTCCAAAGCTTCGTTTATCAGCTCATCGTCTCGCGACCTCGCGCTACTCATCGTTTCAAATCTGCCATCGTCATTCATATATACAGTACTTCCGCTCAGCACATATTCGTCGCGTACTGTCACTGAAACCGCCTGTAACGAACGCCCCTCTGCCAGTATCAACGTCGTAGCCAGAAGCATCATCTTGTTGCCGGTGACGGCATCGTGTAGCGGAAGCGCCGAGTGCACGCCGTCTTCGAGTCGTACAGACGTTGCGTCGGGGTATAGTCGTTTATAAAAAGCCGCCAAGCAATGCACGTGACTCTTGGCAGACATCCGCATCAATTCATTTTGCCCATCAGACTCATCGTTGGCGACTTCCGAGCGGTGCAATTCCACCACGTCTAAACTCTGCGTGCGTGCATGCGAAAGCAATACATCATTAACTCTCTCCACCAGCGCTATCACAGCATCTTGCTGCTTCTCGTATTCGCTACGTTCGCGGGCTCCAAATTCACTCATATGTCAATCTCAACACACCCACCTAAAAAATACAACTCGCCGCCATGCACAAGCACTTTAATTTCTGCTTAATTTATATTACTGTTATCACATGTCTAAAAGCCCCGAAAACCATTCCGAAAACGAATCAGAACTAACCATGTTGCGTTCCGACATCTCCGAACTCTTTCAGGCGCATGCCGACAAACTCGCTTTTCGACAGCCCAAAGACCTACGAGAACCAATCGAAGTAATCTTGGCAGGTACATACGACACGACCTACAACAACAATCCCATCAATCTCGAAGTACAAGTGCGCCAGCGCCTCGACGACAATGGCACAGACTATCTCATCATCATTGGCAAACAGGGCAGCTTCAAGTGGTGCCAGATCACCGACAACTTCGCGAGTGTCATATACGACAAAGGTGAAAAGCCCATCAATGCAGAAGACATCATGGTTATCCGAAAAGTCGCCTCTGCAGACAGCACCGACTGGTCGACCAAAGATTCACAGCGTTGGGCAGGCAAAGGCGACCTTTACCAAGTAGCTGAAACCCACGCACGCCGAACATAACCCACAAGGCTCACAGCATGAACACAGAACGACCACTACAACACACGCCCGACCAAAACCTCCAGACACTTCTTGGCCGATACAGCCTGGTAGGCGAGGGCGACGATTACTTCACTGAGTACATGCATAGTCCAGAATCGCCACGGCAGCTCGGCCAACGTATCGGCTACCTATACGGCGAGCTCACGTCAAAAGGCCTCGTACACGTATGGGCCGACCCGGAAAAGTCCGACTACGCCAACGCCGAAGTACTAATCATCGACCACAGCTTTGTGTCGACATACACGCACGTATACACACTTGCCAGGGACTCGAAGTTGATTATGTCGGAGTTATCATTGGGCCTGACTTTATCGTAAGAGACGGCGTGGTCGTAACCCACCCAGAACACCGTGCAACCACCGACAAGTCTATATGGGGTTGGAAAAAAATGATGAACGAAGACTCCGAAGGCACCTACGCAAAACTCGATGCAATCATAAAAAATACCTACCGGACGCTCATGACGCGCGGGCAAAAGGGCTGCTATGTATACTGCACAGATCCTGAGACTGCAGCGTATTTACGTTCGATGATACGAGTCAATCAGGAGAATAGCTTAGCTGATTTTTCTAGGTCGTGACGCGCACAAAGTAGACGTATGGGGCAGTATACACTACTGATGATATAATACGTGCATGAGAGCCTGGTGCCGCAATAGTGTTTCTGAATTCTTACTCGAAAATATCAATAGTGTCATAGGCGAGCTGGCAACATCTAGCGTTAATGATGGTTTTGACGTAGAACAACTGCAAAACGATTCATGGCGATATGAAATATCAAATCTCCAAGAAATCTTACCAGCGAATATCCCATGCCATATTTTTTTTGAGTTCAACATTCCTCGTATGGGCCGAAGGATTGACGCCGTATTACTTGGGCCGAATTTTCCGTACGTTTTTGTAATTGAATATAAAG
CP060232.1_gap24	878377	880575	2198	ACGACACATACGACAGTTAACACCTTTTCTTCATATCGACGACGCTGATCCCACCATGCGAGTAACTGCATCACTATAGGTATAAGCAAAAATAGATAACTATAAGTAAATAACTTCGTATTGTCCCATTCCCATACCTGGAAAGACACGAAGTGACACACGGTAAAAATACCCAGTGCACTTATAAACAACGGATGCGATAGCCATTTTTGTCGCCAAGCAGAGTAAACGCCAAGCGGCAGTAAAATGCCAAAATTCAATAACTCAAAACCGAGTAAGTTATGTCCAGCCGACATCCAGCCAAGCTGCCAATGCGGTAAGCTGCCGCTGCCACTATTTAAGAGTAGAAAGTACCAGTACGCCCCGATTCCTATCTCAGCGACAAGTGCATACCATAGAAATAGTCCATATTGCCGACGGTACCGTAGCAAATAAACTGCCGACACTATCACGACTACGATAAGTGAATGCGGATGTATTATGGTTAAAATACCAGCGAGAAGTCCGGCGCATACCGCTTGGTACACCGACGCCTTTTTAGCGACCATTCGCTCCAAAATCAATATGATCGAAAGTGCTATGGGCAAGCCAAACAAAAAATTACGTTGCGGTAGCATTTCTCCTACCACGAAATTGATGAAATAAATTCCATGTTCGGGCATATGCGTATACCATTCATGCGTCACGCCATACTCGCTCAGATAATACAAAAATCCTAAACCACCGCTCAGCAAAAACAAACTCAAGGCAACTACTGCACTTTTTACCCGTCCGGTAAAATGATACGCAAATCGGTAGAGTACATACAGCATTATTATCGTCATAAAAATACTTGGCACAATAAATGACGGCACCACCCCTACCCCTGTTCGCATAAGTAATCCTGAAAGCGCGTCCGGCAAAAACGGATACGTAAACTTGGCACCTGCAAATAATGGATGAGCCAGAAACCAATCATGAGGTGCCCGATAGGCAAAAACTGAGGCGTAGGATAAATGACTCGCCCAATCCGCCCATAGCAAAGAATGCCCGGAAACTATATCTCCCTTGGAATCATTGCGAAATACATTAACCCAAAGCCAAATAAAATAACCACCCCATAGCGCGAATACAGCGAATAAGCCACGTTGGTAGTTATTCAAGCTCCGTAATGCCATGCGGGATTTTTTTAGAACAGCTTTTTTAGACCACTTCATATTCTTAGAAAATTCTAACGCTTACGATGCTACTGAACAAGTCAAGACGGACGATCAAACAACCTTCTGTGGAGCCTTCAGGTGCATCTCGCGTGCTTTATTTGCCCATTCGTCGGCCATTTCATTACCTTCATCGCCTTCGTGTCCACGTACCCAGTTGAGCGTTGCATTCGAATGAATGTACAGCGGATAAACAGCCTGCACGATATCAAGATTTTTAATATCACCGCCCTTTTTGCGCCAGCCCTTCGCTTCCCAGCCGGCAGCCCATTTGGTTATGACATTTATCCAAAATTCACTGTCTGTATAGATCTCACAAGTCTCGCCACCCGCATCTTCAAGTGCCGCTTTAATTGCTAGGCCCTCCATGCGAATGTTAGTCGTCTCATGTAGGTCCTCGCCGCCTACAATATATGGTTTATTGTCGCGGATTACCGCAAACCCACCCGGACCCGGATTCGGACTAGCGCTACCATCTGTGTAATACACAATCATTCATTCCAGTATACCACTACTTATCGCCTTGCCAGTACAGCATAAAAGATTATAATACCCCTTATGCATAGCGTTACTGAGACAAAAATCACGCCAGACATGTTTTTCAATGAAGAGCCACCAGAGCGAATCATCGGAGTCGAAGATGAGTACGATATTCAGATAGCAGCACAACCGAGTGGTTCATCCGCTCAAGCGGGTGATTATATATCTCAACAGGCAATCAAAAATGCCGGACTTCGAGTTCTTGGTAACTACACGGAAAACGGCGCTAAACTTTACCAGGATATGGGTCATGCCGAATATTGTACGCCAGAATGCCTAGGCCCCTATCAAGCCGCCGCAGCAGACATAGCGGGGATGCATGTTATTGCGTCAGTCGTCGAAGCGTCGGGGCTAAAACACAACGGATTGTACCGAATTAGTGGTACATGGGACAATGCAGAGTATGGAACAACTAATGGTGTCCATGAAAACTTTATGGCTCCGGCGTCTATTTCTCATAAC
CP060232.1_gap25	881638	882657	1019	TCTGCGGTAGCAGCCCTGCCTAAATCTCTAGTTGTTGACTCGTCGTCGTCACTACGATTTTCACGACCCGATACTTGTCCACCTTTTTCACCTGCCATAGAGCCCCCTTTTGTTATAAGGCTATTTTACTCCTTAGTCAGGTTATTGCAATACAGCCACAAGCGTCATTAAAGTAACTTTTTAATACCGCCCAGAACCAAGCCCTCTATACCGCCAACCATTTCGATAGTATTGATCCAAAATTCTTTTTTTGTATACTCCAGTAATACCAGCCGCCCCAATTCGCACAACGTTACAACACGCACGTCATCGCGCCTTGTATCCGCCTCCAATGCGCCCTCGGGGTACACATTTTGGTCTTCGTATTCATGATTTTTTGCCACACTATCCCCCTTATTGAAAGTTCTCTATTTTCGACAAAACTTCAAGATTTTACTCATATGCCGTCATTATACCAAATCTACATCAGTTATTTCCGTTGCCCCGCGGTATACATAACGCTGGCGCATATATGGCAACACGTCGAATCGCAACACGCCAGAAAGCACCGACAGAAACGTCACCAAGTCACCCACCATACCCATATACGACCCAGACAAAAAGTTATACGGAAACCAAAATGCCGTCGGCATAAAAGATACAAAACGAATATGTTTCGGGTTCTTTTGCCACATCGCAGTCGATGCCAACATCATAGCAATAAATGGCAAAAGGCTCGTCCAGTCTCTCCAGGTAACTAATGTCATCATCGCATACACAAATATCGACAATTCAAATATCCATTCATAACCCCTGTACTTATCAAACACGTAACTCCGAACCGCACCCAAAAGCACCATACCAGCACCTGTATACGCTCCGATAAAGAAGTAATAGAGTGACCATGCCAAGCACGAAGCAACTTGAGTCTTTAAAATAAGACTTCTCTTGTTGAGCTGAAACGATGCAATTAACAGACCGATACCGATCAATCCGATAAGTTGCACAAATAACATGCTCTGTACCCCTGTAAATTTCAG
CP060232.1_gap26	911822	914080	2258	CTTATGTATCTCCTGAAATGGTCAAGGAAGCACTTAAAAAGTATCACGCAGAACGTAAACTTCAACGTGCTGAAATTGAAGCTAGCCTAGATGATCTAGAGAAAGCTGTTAGCGAAACCCCTGAACATGATGATATCGAAAGTGAAATCGATGAACTTGAAGTTGCAGTTAACGATACCGAGGAGACAGATACATCCCCAATCCCCTCACCGGAAACTCAAAGGGGATGGTTTAAGCGTAATAAAGAGCATGTTCGCAAACTAGCCGTTCAATCACGAGAGCGTACAACTCAACGAATGTCATTCAAAAAATCACTTCGTAACGTTAAAGAAAAAATGGTTAATGTCAGGTTAAAATCGATTAACCGTTTCGGCAATATCATCAGCAAATTTAACCGGAATCGTCAAAAAGAAACGTTCATGCATCAACAAATTGAACAATATAGTGACGGACAAATGAACCTCGTTTTTAGCGATAAAGGAGATCGAGTACCGATTGGACCAAGTAGCGCGCAAAAATACGGTCGCTATTTCGATCTAGACGACATGGCCATCATTACAACCGAATCAGGTAAGCAATACGGATTAGTTAAGGGGTACCTCATAGACAAGCTGTCAGGTGAAGCGCACGCACTACCCCCACAGTCCATCGATCTAACGATTGGCAAAAAAGCCAAACTACCAATTATTGGAAAGATCGGTGCCATTACATCATTACAATTACGCTATAAGGTTGATCAACCCGGTAGCAGCTTGGCAAATATACACAGCACCGACCCTAACCCCTTCACTAAATTTGAAGATATCGCAAATCAACAAGAAGCCGCTAACGTCTAAAGTAAACCGGAGACACAAATATGCAAAATCACATCACTACAGACGACATTCGCAACCTTGGAGTAACGCTTAACGACGAAGAGCTGGAAAAATTGGTCGCAGAACTGAACGACAAGGTAGATGGCATGATTGGCAACGAAATCATTACTTCCCTCACCCCTGAAGATGTCGATACGTTAGCTGAAATGCAAGAGAAAGCAACCGACGAAGAAATCGGTGAATGGATTAGTGAACACATACCTGACTACGAAGAAATCATAGAAGATAATCGCAATATTGTCTTAGGTGATTTTGTAGATACAAGTGATCTCATAGATAAAGACGAGTAATTTTACAAAACATCGCCACTACGCAACGCTTCGGCATGCAAAATAGCGATTTTTTGTGTGATTGAATTTTCACCGTCTAACTTTCGTCCATCAATCTCAGCAACACTAGCCACGAATGCTGATGTACCACAAACGAATACTTCATCTGCGATATAAAGCTCCGTTAAGTCGACGGTGCGTTCCTGAACTGATATACCTGCCGCTTCCGCCATTTCAATAATTGCTCGACGATTAATCCCCTCCAGCAAATCACTGCTTGTATCAGGAGTGATCAGTCTTCCATCGCGCACCATAAATATATTGGCCGCAGCGAGCTCGCAAACATGCCCGGATTGATCTAGGAATATACAATCGTCGTAACCAGCATCAAGCGCGTCCTGATGAGCTAATACCGAATTCACATAAGCGCCATTCACCTTGGCTCGTGAAGGTATACTATTGTCCGGTATGCGACGCCATTGGCTAGTCTTAAGCCGAACGCCACTCGATTTCATAATTGGCGTAGCCGTATAAATAAACATGCTCAACTGCGTAGAAACCCCTCGGGAACGAGTGCCAGGCAACAGACCATCTGCATGGACCGTAGCCCGCACAAACACTGGTTCGTCAGGACTATTAGCATCAAGCAACCCCTTCACCAACTCTTGAAATTTATCAAAAGACAAATTCTTCGGCCAATCCAAACCAATGATTTTTGCTGAAGACCGTAACCGATCATAATGCTGTTGCAAACGAAATGCACGAAACCTACCTTTTTCAGGCAAAACATAAAATACCGTGTATATGCTAAGGCCGTAAAGTACCGCCGCGCTAGCAACAGACAAGTGCGCCTGAGCAATCGGTACTATTTTTTGATTGAAGTACGCTTTGTCGTGAATCGTTGCCATGGTATTACTCCAGGGTTACATCCGAATAAACGGATTTCGTTGTTTCATCAATCTCGTGACGCAGCTGCGGGAATGGAACTCCTTCACGCGCACTAACGCCTTCAAATATCCAAAATACGCGCTCACTAAAGCCCCAGCCACACGCCGGTGGCATGCCATACTCAAGCATTTCGATGTAATCGATATCAAGCATCATCGCTTCCTCG
CP060232.1_gap27	949725	950251	526	ACTTCTCTTGGCCTTCAGGTAAACCATCGAGTTTTTTCTGAAGAGCTTGAACTAATTTAAACGCAACGCCCACGCCCGCAAGGTCTAAAAATGGATACAAACTGCCGCTATATTTTGAGCCTGGCTTCAGAACGTAGTCAATATATTCGTCTGGATAGTCAGCAAGAAGGCGTTTGGGATTTATGACAGCAATTGCCGGCGGTTGAACCGCCGCCACATTGTGATGATCCGTTACAATGACATCTACGCCCAGTTCTTGTGCACGAATAATTTCTTTCTCGCTAAGACTGCCGCAATCGACTGTAATAATAAGCTGAGCGCCACCTGCAGCTATCCGTTCAACGGCACCTACGGTTAGACCATATCCTTCCACGAAACGATTCGGTATAAACGCATCAACGTTTGTGAATCCAAATTTTTCTAATGCGTCTAGCAATAATGTAGTGGCCGTAAGACCGTCGATATCGTAATCTCCGTAAATTGTTACTCTCTGCTGGTGCTTTCGAGCCTCAACTAATCGGCCTAC
CP060232.1_gap28	1005918	1008264	2346	AGCTTTAGGAACTTTGTCATTAATTGACATGTGAGTGTAGTCGCCTCCGCTCTGAGGATCTTGGAACTTATCATTACCTACAGTCAAGTATTGACTTATGAAACTATTCACAGATCCGGCAGTGGGTACATCTCCACGGTGATTTGATTGATAGCTACTGACCTGCGAAAGAAATCGACTTAAATCGTCTTTACGCTGCGCATCTCGCTGACTCCTCTGTAACGAAGGAAGCGCAATGAATACCATAAGAAATATTAGACCCGCAATCGCAAGTACCAACACAACTTCAATGATGGTAAAACCACTTTTTGCTGCCCGTTTTGATTGTTCTTGTTGTTTGTTCATGAATCCCACCTTTCTATGAACGTTTGGAAATATTTATCCGTTAATCTGTTAATTCCGTTCCGATGGGAACGCTTATGCTTATGGTACACCAGTCCCCCGACATTGTCCATATCACACGTGCATGGTGTTTACTAGGCTGTAGATAGGCAAGAGAATTGCAGCCACCATACCACCCGCAACTACAGCAAGTACCACCATAAGAACCGGCTCGATAGCGGTAGAGATTGAACCAATTTCGTCATCAAGTTCATCCTCATAAATCTTCGCGGTCTTACCCATCATCTCATCAATACGACCCGACTTCTCACCGATGTTAATCATTTGAGATACAAGCTCTGGAACATGCCGCTCCGGTAAGAGTGACGATGACAAATCCTTGCCACCTTTAACCTTTTCAGCAGCATTATCGATTTCATCAGATATAACACTGTTGTTTACTGCTTCACTAGCTATAGCAAGCATGTCTAGCATGTTTACGCCCGTATCAAGAAGTGTCTGCCCTGTCCTGTTAAATCGTGCCATATAGAGACGCTGGAACAAACCTTTGATAATCGGAGTGTTGAGCTTAATCTCGTCAAGCATTCGTTGACCCCCTTCAGTACGAAAATACTGATAAACCATATAGGCAATAATCGCTACTACGAACACTACCAGCCACCAATATTGCGTAGAGAATTGCGAAAGCGCAACGATAATTTGCGTAATAAGAGGTAGTGACTGATGTAAATCGTGGTACAGCTTCTGAACCTGTGGCACGACTGTGAAAAGCATAAATACCATAACAGCGAGAATGACCACTAAAACAATAAGCGGATATGTCATTGCTCCGCGAATACGACCTACGATTACTGCATCTTTTTCCTGTTGCATCGCGATTCGCTGCAATGCTTCGTCTAACGTACCCGAGGCCTCACCTGCAGCCACCAATGAAAGAAATAACCTGTCAAAAACATCTGGATGCTTCGAGAAAGAATCGTGGAGAGTGTGTCCTCCCTCGACAGAAGCAATAACTTCCTGAATAACATTGCGCAGTCTTGAATTTGCGGTTTGATCAACTAACGTGCGCAAACTCTGAGACAGAGGGAGTCCTGCTGTAATAAGTGTCGAAAGCTGACGAGTAAATACAACTCGGTCCTTAGTCGTAATACGATTCGTAAATCGAGCAAAAAAACTTTCCTCGGCGTTTACTTCCTTAATATTAAGCGGAGTAAAACCCTGCGCAACAAGTAACTTTGCCGCTTCGTGCTCAGTCTCGGCCTGAACAATAGCCTTTACAACCTTATCTGTAGTGTTGTCTCTTGCTTCGTAGTTAAACTTTCTCATAGCAAATCTAGCCTCGCATCAATCTTTCAAATTCAGTCAAATCTACTGCAAAACTTCTTGCTTCGTCATATGTTATGACACCGCTTTGAACAAGACCTACTAGAGTACGGTCCATCGTCTGCATGCCCGCATCTGCGCCTGTCTGTATAACTGCGTCGAGCTGATGAGACTTACCCTCCCTGATAATGTTACGTACAGCAGGATTAGCAATCAAAATTTCAGCCGCTACGACCCTGCCCCCTCCAATCGCAGGAACAAGACGCTGTGAACAGATTGCCATAAGAATATTGGCAAGTTGAGCGCGAATTTGCGATTGTTGATGTGGTGGAAATACGTCTATCATACGATCTATCGATTGAGCAGCACTGTTCGTGTGAAGGGATGCCAAAACCAAATGGCCCGTTTCAGCAATTGTAATAGCAGCACTGATCGTTTCGAGATCTCGCATCTCACCAATCAATACAACATCTGGGTCCTGACGAAGACTTGAACGCAAAGCTGCCGAGAAACTATAAGTATCATAGTGAACTTCTCGCTGCACGACGACCGACTTTTTAGATGTATGTGTAAACTCAATCGGATCCTCGATAGTAATAATATGCTGGGATGTCTCAGTATTTAACTTGTCGATCAGAGATGCAAGCGTCGTTGACTTACCACTACCCGTAGGACCCGTTA
CP060232.1_gap29	1011941	1014961	3020	GACTAAATAAACCGTCATGAGTACCACAATACCTATAAACACAAGGCTTACAAAAACAGCACCCGTGATGACAAGACTTCTTACCCGTTTTGCGCGTATGAGTTCTTGTTTAACGTCTGGTACAAGATTAATTTCTGTCATGCGATGTTCCTTCTCTTAGCCAGTCCTACGGCCACAGAAAATTCCGAGGCAATCGCAGCAAAATTCTGATCATTCGAAGGTGCAGACACACCCTGCCATGGGTTAGCAACAGAACATTGAATGCCTATCTTGGTTGTCATATACTGATCTAGCTGCGGAATCACACCCGCAAAACCAGCTAATAGTACGTTGCTTACCACCACTGCAGGATACCTTGTTTGAAAAAACTTAATGGATTTTAGTAGCTCCGACACAAGACCTTCTAGCGTACCCTCTAGGGCTCGCACAACCTGCCCCTCTAACTTGTCAGGAGCTAGGCCGAATTTAAGTATAAATTGTCGAGCCTGGTCCTCTTGGATTCCTAGATTTTGAACAGCAGCATGGACTAACGTCTCTAGACCGCTTGGAATTGATCTGACTAACCGTGGCGCATCTCCGTAGACAATACCAACGTTAATGTTCTGTTCTGCTACTTCAACAATCACCTGAGCCTCATGGATACCGGGTGCAGCAAGGGCACGGATGGCAGCAAGTGGCTCTGGCTCTGCAGCAATAACATCAAACCCGAGGCTCTCGACAAGCTCGAGTCGCTCCTCAGCATAAGAAATTGGTGTGCTTGCAAGTAATACTTCCTGTTTTGTGGGGTCATGTAGCGATTGACCCAACACTGACCAGTCAACCTTTGCATCATCTAATGACATCGGTATGTATTGATCAAGTTGATACTTAATAGTACTTTTCAACTCAGCCTCAGATGTAGTTGGTATGTCGATTACCGTAACAAACGTCTTGCCGGCAGATAAGCCGATTGCAACGTTTTTTGTCTTGATACCACTCTGCCCCACCACTGTCATAATAATCTCGCCAAGTCGATGCTTTGCCTCTGCAGAGTCAGATGTCGCAGTCTTGACATCGATCGGTGCATAACCATAGTGACGTAACGACCATTTATCTGGACCTGCGGGCGTAAGTTGCACGGCCCTAACTGAATTAGTTCCTATATCGAGACCAAAGAAGTCGCCCACGCCTTTTATCATAGCCATAATGCCTCTATTATACACAAGCGCTTTCGCACATAAAAGCCCATTTTTATTAATCTAGTAATACGGGGGTAAATCCGTAGAATATGTTGTTTGTAATTTACCGACACTCTCACCGCCACCTTTGATCTGCGACCACAAACTAGTCGTACCTGGCAAGTTAATGATCTCCGCAGGATCACCCGCACCACTATCCGCACCATACGTACGCAACAGATATAAATGACGTGCCATAACCGGACCATTAATCAATAGCTTGATGTCGCAAACTTTGGTCGACAAATGAATATTGACATCATCTCCGCAAGTAGAAATGTTACCCCCTGCACCACTAGCAATTAGCCAGGCATCAATCTGTTTCACTGACTTATCGATGTAAATGTTATTCGCGATAATCACTAGCTGTGGAATCTCGCTAATATCCTTATAGGGGTCAACACCCTTGCCGTTATCATATTTGATGTTACCAGTAATCGACACATTCGCATTTGGCGCCCAGACGATAATCATCTTTCCTTTACCTATAGGATCTTTAGCTTCTACTTTTAACGAATTTGATTGCGTTACGTGCAGTCCATTTCCTAGGTCTGAAATATTTAACTTCCTACTAGAATCAATAATGGGTATCTGACTACCGGCTGTTAGTGCGGGGACTGCATCTGGGATTGTGCCGACACCAGTACTACTCGAGAAGTTACCGCAAGAACTCGTATCGTTAGCAAAGGTAAGAATATTAAGTCTATAATCGCAAGTGCCCGATGGCACCCCAGAAAATCCTCCCGCATACCCCGAAAGAGAGGCGACTCCTACGACTGGTCCGGGAGCGATTATGCCGTACTCAACCCAGCTGCCATACGTCTTTCTGCTTCCACCAACCATCTTTGTCGATGTACTTGCATATACCTTTGCAGAGGCACTTCCAGGCCCACCGGCGAAACCTCTCCCGACCCTAAGGTCGCCACCTTGAATCTGTACGAACGCATGCTCCGCCACAAATATACATGCCGACTGACTATAACGATCTGTTGGCGAATCATTTTGAGTTGGTTGGTGGATTTTTAGAAAATAACATATTTTTGTGCCAGGACCCCAAGAAGGATCAAGTGCAGGCCTAGATGCTGCGGTGTTAATAACGTTATATCCTGGATTGAATGTCCTATTATTAGAATCGAGATTGTCATTGCATGATTGAGTTAATACTTGCCTGGTCAGCTGCGCACAAGTTCCCCCGCTAAGTCTAGAAACATCTTGCCCAGGGCTCACGACAACTTGAGTAATTGACCATTCAGTTGATTGACTAGTAGTGTCGATAGATGTGTTGTTTACACTAAAGACTAATGGCTGAACGCTCGCGCCACTTCCCGGGAAAACAGCTTGACTAGCGGGAGTCACTGACGGTATCAAATTGTACACTTTAGGCGCTGGTGTCGGCGGCGGCGTCACAGGGGGTTTAATTTCATCACACGCATTACCAATATAACTACGGAGCTGCTCAGCTAGGTTGGAATAGTTAGAATCAATGTGAAAGGTGTGCGTCGAATTATTAGAGCTACCATTAATCACACTGTTAAGTGCACCCTGATCCGCATTACCGATAATACCTCCTAGTATCAATTTAGGGTTTCCGATATCCGGACCACCTGCTTTTAATTTCCTTACAGCATTTTGAGCCAACCTGACCGCGTTACCAACGCCAGATGGCTGGTTCGGCAGGCCGTCAGTCATAAAAACAATAATGTCTGTCTTTTTCATGATGCCTGCAATGGCAGGATTGAGATTTCCATGATCATAACCAAAACCTTGCTCATAGTCGGTACCACCATAGGAAACTATGGAATT
CP060232.1_gap30	1018398	1019734	1336	ATTCGCAATGAAAGACATAAAACAGCATAGTTCACTAACACCTAAACAAAGCGCATATATACAGGCATATGCCAGCCCTGACAGCGCCAGCTTTGGTAACTCGTACCAAAGCGCCCTGTTGGCGGGCTATAGTTTCCAAACTGCCCGCAACATGACACACCTCCGACCTGAGTGGTTATCGGAAAATATCGGACAGATGGCCGTCATTAAACCTCAAGAAATTATGCAGGAGCTAACAACGGTCATACATAACGAAAATGAACCAACAATTATCCGACTAAAGGCCATGGAGCTATCTATGAAGGCGTATAGTATGTTGCAGCAGCGCACCGCTACCGAACCAACAGCCGTTTCAATATCAATTGATTTATCGCAATCTTAGTTGCCGCACCAAGGAACACACTCTATGAACCGTGTTTTTTTGCGGCTCTTCGCTTCTTCACAGTCCTTTTGTGCATCGGGAATCTTTTTTGCACGTCCTTCTCTATAGCCTTAGCTTCCGCCTCGATATCAAAGTCGAAGGCGGCCATTACGCCGACGAATGCGTTATAAGTCTCACGTGCCTCCATGCTACTATTCTCAATACCATCTGAATCCAGGTAGCCAACCTCAATCGCATTAATAACGCTCCATAAAGACCCTATGCATTCATGCCAGGCAGTAACAGCAGCTTGCTTAGCCTCTATCGAATGCTGGTCAGAAGACAGTACGGTTTTTACATGTCGCCGACAAATCACGTTCAATTCATATTGCACCCGTTTTGAATTCAATATCTCACTATGTAACTTTTCGTCAAACAGATCGTCGTATGGCTTATTAATATCTTTTTGCAAGAGTTCCTGGACCCTTCTATACCTATCCTCGCCATACCTATCAAGCGACTCCTGTAATATCGACAGACGCCTCCCCGGACTGTTCGCGTACACGACCCAAGCGATAACGGCTACTATAACGATGACTATCCAAAACATACGTTCTATATTAACACCTTATTTATTCGTCATAGGTCGCAACAACAAGAAACACAAAGCCAGCCACAATATCAATAATCATCCATGCCTCCTTTGGAAATACAAAAAGAGCAATCGGATTGAATAGTAGAGCTATTAAGGGAAACATCGCCGCTCTTACATATCTACGCCGACTTAAGTACAGCCATATCGCACCCAATGACGCTGCGCATACAACCCACCGCAGAACAATAAAATACGCGTACGGGGCGGGTATTACGGATGATACAAACAATAATATTGCTACAGCACCAAGCAAAAATTCCTGCCAATGGTTTGTGATTCCGTAAAACAGATTCTCAAACTTTCGAAAAAAATTACCCTCG
CP060232.1_gap31	1022255	1026097	3842	TCACCACCGTATAAAAGGAGGTCCCGACGAACGCGACGGTTACTTCAGTATTAATGAGCAAGAGGCTGAAGTTGTCAGGCAAGTATTTAAATGGGTTGCCGACGGCGTATCTTTACGTGAAGTCATCCGGCGCCTACATGCACTAGGGATACCGCCCAAGAAACAAAAACGCACAACGTGGACCAAGGGACCAATTGCCCGAATGCTCACGAACACCACCTATATAGGCAAGCATTTTTACAATAAGAGCGAAGCTGTCGAAACAAAGAGTCCGAAAGACCCTAATAAACGATACCGTCGGATAAAAAAGAGCAGCCGCAAAGTACGGCCAAAGGAAGAATGGCTCGAGGTCAAGGTAGACCCTATCATTAGTAAGGAGCTGTTCGAGCGGGTCCAGCAACAGATGGTTGCCAACCTAAAATTCAGCCACAGGAACAATAAGAAAAATGAATACCTTCTTACTGGACTAATTAGTTGTTCATGTGGCAAACCCCGAACCGGCGACCCAACCGCAAAGGGTCACCTATACTATCGTTGTACTGATAGACTTTCACGATTTCCCCTACCTCGCGAATGCTTTGCTGGAGGCGTTAATGTCGTTGTACTGGATACGATGGTCTGGAGTCAAATTAAAGAACTCGTTAGCAACCCAAAGTTAGTCAGACGACAAGCCGAACGCTGGTTGGCAGATTCAACATCTTCAGCAGCCACACAACAAGCTCAGGAGACTCTAGAACAGCTCACACGGCTAGATGAGGAAGAGAAACGATACGTAAAGGCCTTTGGCATGAACTACTTGTCAGAACGGCTCTACAAGGAACAGATGGACGAACTGTACTCAAAGCGGGCAGCTCTACAGGCTAAAATGAACGATGCGAAGGAGCAAATGGCGCAGCAACCAATGCTAACAGTGGAGCAAATGGTTGATGGAGTTCAAGTATTATTAGAAAGCTTGGATTTTACAGATAAGAAAGCTATAATTAGACGATTAGTTACCAAAGTAAAAGCAACGCAAGAAGAGGCAATTATATGGGGTCAACTACCCATTTTCACGAAAGCAGAGGTTGGTTTTGAGCCTAAGTATCGGCATCGTCGGCCTTCCAAATGTCGGCAAATCAACACTCTTCAACGCCCTGACCGGGGGTGATATCTTGGCTGCGAATTATCCATTTGCAACTATCGAACCAAACACCGGAATCGTACCTGTTCCAGATGATCGCCTAGTGGTGCTCCAAAAGACATACTCAGCACAAAAAATCATCCCCGCCACCGTGACATTTGTCGACATAGCAGGATTAGTCGCTGGTGCATCCGCCGGAGAGGGACTAGGCAACGCATTTCTAGCAAACATCCGAGAATGTAGCGCTATTGTACATGTCGTGCGCGCTTTTGAAGGCGACGTAATCCATGTAGCCGATCGTGTCGACCCAAAGGCCGACATAGAAATCATAAATACTGAATTAATCCTGGCCGATCTTCAAACCATTGAAAAACACCTACCAAAGGTACTCAAGGAAAGCAAAGCAAATCCAGCTAAGCGCGAAGTTGCTTCGTATTTGGAAAGTTTGAAACGCCACCTTCAAGAAGGCACACCCTTGTCTGCCCTGCCCTCACTCGATGAAGAAAAATTAACCGGACTTAATTTACTTACTGCTAAACCTGTTATTTACGCCTTCAATGTAGACGAAAACACCCTGACAAATGACAGCAAAAAGGCAGAATTATCCAATCTTGTCGCACCTGCAAAAAGCGTATTTACATGCGCAAAGCTAGAGGAAGAAATTAAAGACCTAACGGCCGTAGAAGCCGCTGAATTATTGGTAAGCTACGGAGTGGAAGAAACCGGCTTACAGCAATTAATACACAGTGCGTACGAAACGCTCGGCTTACAAAGTTACCTGACTGCTGGCCCCAAAGAAATCCACGCCTGGACAATTCGACGTGGCGATACCGCTCCACAGGCGGCAGGAGTAATTCATACCGATTTCGAACGCGGCTTTATTGCTGCTCAAATTGTAGACTACGACGATCTCGTAGCTGCAGGCTCCGAGCAAGCGGCTAAAGCTGCCGGCAAAGTCCGAACGGAAGGCAAAACCTACATCATGCAACCTGGCGATGTTGTAGAGTTTAGATTTAACGTATAGATAATTTCACTAATTGAAACACCCCGGGTCATATGACCCGGGGTGTAATGTACTTACCCGCTATTTGAACCGGTGAGTAGAGCGGCCTATCGTCAGACGCTTGCACACCCCTGATGGGATGCATCACACGCCACGACAATCAGATTCTGAAAGGTGTCGTTACTACCTTCTACGTCACAAGTAATCAACTCCAACCGACCGGGTCGGTTGTCTGCCAGCGCATGCTGCTGTGGCAAATCGACCTTATTCACGAGGTATGTCGCCTCAATGACATACGTCAACTTCCCTTGCGGCATTTGCAGAATCACTTGCGACTTGCCGAAATCATCCCGACCAATCTTCGTCAGTGGATTGAAAACCATATCATGATCAGCTTTCGCATGACCACCTATGACAACCGTTCCTTGATGTGTACCGGGTAACGTTGAGATTTTGTCCGCAACGTATAACCCCGGCTCCTGACCAGGTACGACAGCCCCGTCCGATCTCACCTTTAATAAGGTTTGATCAACCGGAGTCGGCTCAATAAGCATACCCGTAGGCGTTTGTACGGCCAGTGTACTCGGTATACCAGGAGGTATATCGACCGGCGGAGGTGGTGGTGGGGACGCCGACGACGGCGGCAGCTTATGCGCTGCCGACGCCGCCGGCGAAGGGGGCGCCGAGCCGGTTCCCTGAACCGTCTCAGCTACTATCAAGCCTCCACCAACCACCGCGCACACGAGAACCGCGTTTACGATGGCGCGGCTTCTCATACTACCGGAACACGCTCAGTAGCCGCTGCCGGTTGACATACGCCAACCCAAGCAAACCGATAACCACAATGCCAATACCGAACCAGAGGATAACTGGTTGTCGAACAAACCAACTCTGGGATGCAGTATTTGTCACTGGATTATCACCCGTAATGAAGGGTGGCAATCCTTGAGTCGGCTGTTGGAACACGATATCTGGCGTGTAACTCGTCGGCACAAACACCTGTTGTGGCTGGCCTTCGATTACCTGCTGCTGATAATCACCATATAGATACGTGTTATTGGCATACACACACCCGCAACCCTGGGGCACGAAATAATCATTCGTGTACCATGGTGCATACCCACTGGAATAGATATACAACGGCTGCACGATAGGTGGCGGCGGAACATATCCGCAGTTGCCGCCAACGTTAAAGGCTCCGCCACCAGCAAAGCTAGCACCGAAACCAGGTACACCAACGTTTGCCGACCAACCCCAACTTCCACCGACACCTCCACACCACCCTGAAGGGAGGTTATAGGGAGTGCCGTAATTAGCTGGGAAACTGAGAACATCGTGTGTTACGAAGTTTGTCAGATAAATATTGGCAGGCGCATTGTTGATCACGGTATTGTTCACCTGAGTGACATTATTAACGATCACCACTTGGTTATTTTGACCGGGGCCAACAAATACATTCGGATTCGGGGGTGGCCGACGTCGATTACCGTGTTGCCACGGATTATAGACATCGTGATTCCCTAGAATCGGTGGTGGTGGACCATTCTGATTACATGGGCCGTTACCACCACACGGGCCACCAGGACCACACGGACCATTCGGACCACACGAGCCACCAGGCTGACCATTAGGCGGCCCACCTGGGTACCCATTGCTCACCGGCACTGGTGTCGGTTGTGCCTCTACCGCCGGTTTGTGTCCCCAATCCGGGAATGGATT
CP060232.1_gap32	1066812	1070386	3574	TTCATTGATTCGTCGAAAGCGTACACGCACTTCAGTTTTTTTGCTGTCTAGCGCCTTTCCTGTAGTGAGTAGCAGTGGTACGCCATGCCACGTCGGATCATCTGACTGAAGTTCAAGAGTCACAAAGGTCTCCACCATACTTTGTAAATTGCTCACCTCTGCACGATACCCCTCATACTGAGCACGGTAACTCTTGGCAGGATCAACTGGCGCAACCGCTTCTAGCGCCGTCAAGCGTCGTTCTGGGAGGTTATCCCAATCCAGATCGTCTGGCAAAGGTGATAGAACCAGCGCCAAAAGCTGCATTAGATGACCCTGTACAATATCTCGAAGAGCACCTGTTTGTTCATAAAACGTCGCTCGGCCTTCAATACCAATTGACTCTAGTGCAAGCACCTCTATATTCTCAATGTATTGATTGTTCCATAAATGAGCGAAAATAGCGTTTCGCGCCCGAAAGGCGACGATATTTTGCGCCATCTCTTTGGCCAAAAAATGATCTATGCGATATATCTGCGATTCATGAAAATACTTTGCAGTATGATCAATCATTTCTTGAGCACTAACTAGATCTTTACCAAATGGTTTTTCAAGTAATAACTTGTTCTTTTGTCCATTTAAACCTGCTTGGCCTAGATTCTCTATAATATTCGCAACCGAATTTGGTGGAACTGAAAGATAAAACAGCACCTGCTCATCATCATCTGCATCTATATATTCGCGCAGTTTTGAATAATCAGCAGCATTCTCCAAGTCCATCTGATACAACGATGTCGTACCAGCCAATTGCTCGTGGTGCTCACCGAGTATCTCAAATTGCTCTACATGTCGTCTCGAAACGCCAATAATACGCAAGTCTTCACATTTGCCTGCATCAATAACATTAGTAAGCGCAGGTAGTAATTTACGTTGCGCAAGGTCACCGGTAATACCAAAGATAACGAGTGTTGATTTCATATATTTCTCATTATACGTTGCTTGCTTAAATTACAGTGAAAACTTGATATTTCTCAGAATTGCAATTGCGACGATCCAAAAACCTAACAACCAAGCAATCGCGAGAGGCATATAGATTGGCGACAATACATATGTAACACCTAGCCACATAAATACAAGCGGTATATATACGACAACTCGGTCAAATGAACGCATGGTTGGAAATAGCCAACGAACAACAAGCCAATAAAGAACAGAGGCGAGAAAACCGAACGGTATATATACCTGCGCCACGGCCGCGCCAAACAGCACACCAACCAAGACAACCGCAACAAGAGTTGTAACACGATCATTGACGCTAAAATTGCGCTCCGATTCATATGCATGCAGCTGCGAAGTAAGATCTTTATAGTCAACATACTCTATTTTTGCAGATGCAATACCGTCTAGTACGCTACTGTGCGCAGCATTTCTCCTCCTTACAATAATTATCGGCATATGCTTAGCGTAGGCAATGCCAGCCTCAATCAGTCTATCTCCCGAAGGGCGATTCGAAACATCAACAAGAATCGCATTACATGCAGTGATTTCATCGTCTACCCTACCCCAGAGCGACTGCTCGTCGTCAAATGTTTGTTTGTAGTTCTCAACATCGCGCACAAAACTAAAGTCAACCAACTTTGCCTCTCGAACGGCTTTACAAAGTGCCTCGACTTCTCCCTTATTATCCGTCCCCTCGAATCGAGATGCTACGTATATTTTCATAACAATAGTATATAGGACTTTCATAACCTCTATAAGGTTCCTTTTTGTTAAACATACTTCGGACTTTCCTATGAATATACAGGATCTAACTAAACAGCGTCAGCCATATAAGAGCAAAGTTCAACACGATAATTAACAGCGTTATAGTGCCTAATATATAGGTAGTAATTAGATGATTGACGCCTTCCTTCATAATGCGCCTGCTTGCCGTCACGAGAACCAACGGTATGAGCGCGAATGGTATACCAAAACTCAGCACGACCTGAGAAATAATGAGTGCAAACGTCGGATCAACACCAATCGCCACGATGAAAATCGCAGGTACGATCGTAACGAGACGTCGCCAGTGTAACGCGACCTTTTTGTGCAGCATACCCTCCATAATCACCGCACCAGCATGGCCGCCCACTGCAGTCGAAGCAAAGCCCGATACTAACAAACTAAGACCGAACAGTGCGCCTACCAGACTCGATAAATCCGTATTCAACACCTTATAAATTCCATCTAAAGTGTCTGTACCCGGCAGGCCGCGTAGTGCACTGGCAGCTAAGAGCAGCATGGAAATATTCACTCCACCGGCAATCACCATGGCAACGCCTACGTCCGCTTTGGTCACGCGCAACAAATGCTTCAGTTCATCGCCCCATTTTTTACCATGGCGATCTCTACTCATGGCCGAGTGTAGATAAACTACATGCGGCATAACTGTTGCTCCAAGCATTGCCGTCGCCAAAAGCAACATATCTGTGCCATGTAATTGCGGCACCATTCCCGCCAACAACCCACTCGTATCTGGCGGCCGCATAACCAGTCCAACGACAAATCCTAATGGAATCACCATAAGCAATCCCACCACAACTCGTTCAAATATCCTTTGACCCTGCGTGCTATAAATACGCAGTAGTAACATACTTATAATTCCGGTGATAACCGCGCCTACAAGCAGCGGTAAGCCGAATAAAATATTGAGTGCAATTGCTCCACCAACTACTTCGGCAATGTCAGTAGAAATCGCCACCAACTCGGCCTGAAACCAGTACGCAATCCGACTTTTGCGCCCTAATTTTTCTGCAATGACCTCAGGCAAACTTTTACCCGTTACTAACCCGACTTTTGCACTTAGATATTGAACCATCATGGCCATTAGGTTGGCCACTATTAACACCCATAGTAAAGAGTAGCCGTACTTAGCACCAGCACTAAAATTAGCTGCAAAGTTACCCGGATCGACATAAGCAACCGCTGCCACGAACGCGGGTCCAAGCAATGCCAAGACTCGTCGAACTCGTAGTACCATCACTTACCCACTTTCGTTCTATTAGCGATTAACGCGCTAGTTTCGTCGGGATTTTAGTCTTTTTTCGCGCCGTTTACTTCGTATGAAGTGTTCGTAGCCTCAAAGAAATTAACTAGCTGCAAGGTGTCGTTTGCCGTTGCCATCCATTTAGCCGGATTACCGACGTTATAGTGTGCATCAAACCCAAGCTCTTCCAGTCGACGGTCAGCCAAATACTTAACGTATTGGTTGATGTAGTCGCTGTTCAAACCTAAGATGCCGTTTGGCAATAAGTCTTTGTTGTATTGTTCTTCCATTTCAACACCGTCCAAAATCATCTGTTTGATTTCATCGGCAAACTCTTCAGTCTGCAAGTCTTCGTTTTCCTCAAGCACCGTTAAAATCAGGTTAATGCCAAACTTTAGATGCAATGATTCGTCGCGAACAACCCAGTCAATGAGCGTACCAAAGTTACGTAGCAAATTACGCTGACGGAAGCTGAGCGCAACCATAAAGCCACTGTAGAACCAGATGCCCTCAAGGATGATGTTGTACGCAATCATGTTGCGGATGAAGTCTTTTTTACCTTCGGTTGTG
CP060232.1_gap33	1133846	1134346	500	ACTACCACGTGGTAATGTCATTTCTCCTGTTTGGCTTGATGATACGACACTGTTTTATGTCATCGGTAGCGACGTCTGGCGCTACGACACAACGAGTAAAAAGGCGAGTATTGTGACGTCAGTCGATAGTTCGGTTGGTTCATTCTCTTCAATAACACCCGATAACAGTGGAAATTACCTCTATATATCCGTATACCGTTCAGGTTTTACACAGCCGACCTTTGGACTCGATCGAATCAGTTTAAAGGGTAAACCTCTATTAAACACCACGACAGCAGGTCGCTTGAATATTATATTTCCTCATGTCGACAGTATATGTACCATCAACTTTATGAATTTCACTTCAATTAGCGTACTTATTAGCCAAACAGCTACCAATCAAAGTTGTTATGCGACAGCAAAAAATGCAATCACTGACTCTCGGATTCTCGATGCTTCAGTAATCTCAAAACTCAATTATCAACGTATTCAATAATAGATAGTATCATAAGTCCAATACT
