gap_id	start	end	length	sequence
CP060225.1_gap1	6315	7299	984	ATTGGGTCTATCAGATTGGTTTATACGGTGACTGCAGGCGAATATCATATTATAGATATCGATTATAGATGATCTATTTACAAAAATCTATAACTATATTGCTACCATTTTACACCACTTGCCACTATTGCTATGACCTTCAACCCCCGAGATCACTATCACGCCAAAGCTAAGCAACATGGCTTCAAAGCTCGCGCGGTTTACAAACTTGAAGAAATAGACAAAAAGTTCCATATTTTCAGCAAAAAAACTCAGACTGTCTTGGACTTGGGGTGTGCTCCGGGATCATGGATGCAGTATGCGAGAGAACAGATTGTGAAATATCAGACACACGCAAGTGATTTTGCTATCGTAGGGCTGGATATACTCCCGGTCGATCTTCGTCTCTCGGGCGTCCATATCTACCAAGACTCGATCACGAATCTTCCTAGGGTGGGGGAGATCCTCACCTCACATGATGTCACTCAGCTAGATGTGATCATGTCCGACGCGGCGCCCAATACGTCTGGTATCAAAGATTTGGATGCAGAGCGCTCGATCCAACTCATCATCGATACGCTTCCTATCTATGAAAAATACCTTCATCCAGACGGACGTGCCGTGATCAAGGTCTTCATGTGAGCAGGGTTTGATGATCTCGTCGCTACCTGCAAACAGATGCGATGAGGCCGCAATGTCAAAGTCTATAAGCCCGACGCCAGCCGCAGCGCTTCCAAGGAGGTGTATATTGTGAAAAGAGGATAGAGTAGTATGTTTCGCTTGTAGAGGGTGTTAGTGTTCTTTTGGTTATTGTGATGTGGTATGTTATGTATATGTGGCTCGTGCAGATGTTGTCATAGCGGTCAGTGACCAGATCAGAGCAGGCAGATTACGATAACGATAATATGATCGCAAAACAGCTATCAGACCCACACCTCGTACGATCCACATCCACGTCGAGGTGAGCGCGAACGAGTCTGGACTCATCCCTTGTAGGACATAGAG
CP060225.1_gap2	30626	34157	3531	CGGTGGGCATAAAAGTTTTAGTACTAGTATCGAGCCATCATCTAGTGCCATCTTTCCGAGCATCAGAAATATGATTGATAGCTCCAGTCTTTTTTCTCGTGGTATAGTCGAGGGTGCGGCGTGCTTTGGCAGAGATATTGTTCCATCAGGAGTTCAAGGCATGGACGACAGACTCTGGTGCACGTTTGATGAGATTGAGTCACGTCTGTGGGAGGAAACTCAGTACTTTGCCTACACCCTTAAACCATGGCTTATTTCGTGCTTCTTTTACTGACCCAAGAGCGGTGTGATCGATAGCACTATAGATGCCATTGGTTAGTGTCTTGCCTCCAGTGACCGTAGCTGTGACAGGGAGAGTTACTACTTCTGCTAATCCATGAGCTGTACCTTCAGCTATATGGAGAGCTCACTTTCCTAGATCCACACCATAATCGAGGGTCTGACTACCAAGTTTTTTGGTTTCTCATCGAGCGTCTTTAGCGCCACCAAAAGTTTCATTGACCATATTGTAGTCTCCGGAGTTTGATCGTTCTGCTCTTTTGAGTGTGATTCCAGTCATGATGGTGCAAGAAGATAAGAATAAGATTTATGTAGATTGTTCGCGCGATGGTCTACCATGGAGTGGCGTGACAGGAGCAGACTCTGTGAGCGGAGTGGCAAGCCTAAGTGTCTCTGCTATACTGTGGCCTGTATCTCACAATATTTCCCCTAGGCTTCTGTCATTGCTAGTATCACCACGCATAGCTATCGTGAGAGCATACCCCACTCCAAGCTTTTGATCTTTGTCTCATCGGATAAGTTTTTGTCCAGCCTCACTAATGATGGTTTCTTGTGCTATTTCTGGAACTACTGCTCCTGCCGGAGTGATCGTAATATTGTTCTCGTGGAGTGTGTATCTGTATCATCCATGTTCGGTATAGACTGGATTCTCAGGATTGAGTTGCTCTACTTCCGTCTGGAAGTATCATTTGTAGACCCCAGTAAGTGCGACCTGACCGATACGTCCTCTGATATGTTTGACTGTTCTATCTCTGAGCTTAAATTTATTGACACCGATATTGGTAGACCATTTGCTGATTTTTTTGAAACCATGATAACCTAAGATGCCTGTTGGTCACATGATGAGCCATTTGGTGATATTGCCTCATCGTTTGAGTCCTCTTTCTCGTTTGGTATCCTCTTCTTTAAAACCTGTCTTATAACCGAAAATATAATCAGTATTGTTCGTAATCCATGAAGTATATCTACCAAGATCAAATTTCCCTTTGTGATAGATGACGTTGCCATCTTTATCCTTGATAGTCCAGCCATCGGCAGGTGTGTAATTGTAGCCAAATCACTCATATTCGAAGGCAGTATCAACCGTAGGTTTGGGCAAGTCTTGGTGAAGATCGACTCAGACGTAATCATTGAAATCAGCAGGGAGTGGACGAGCCTGTTCGATATTGACGGTCAGATTTATGGTTTTTTCCACCTTTTCACCATTGAAGTCTGCTTCGACAGGAAGTTGGATATTTTCGAGTACACCTTTTTCGAGTGGGTGAGACTGACCATCGCTACCGACATATTCAACGTGAGTGATAGTGAGTATTTTCGAGCCATTGGATCTGGTGACAAGACTAGTTTTTACTCTTATTTCTTCATAGGTTACGCCATCCACAGTAGTATTGCGGATCACTGACCGATTATTGCCTGGGGTATGACTGGGTGGAGTCAGTGCAGCACCATTGTATGTATCGAGCACATCAAAATTAGTACCAGCCGGAAGCGATCTCTTTTTATAGAAATATTGGTCTATCCTATTTTCTTGACCTAGCCTGGTAGAGAGGGAGAATTCGGCCGGATCGCGGAGGATGTTTTCTTTCTTCTCATGCTCTTCTTTGGAAAGTGTTTTAGGCTGGAGCTGGAGAGATAGTTTTTTAGAAAGACGCTGGTCAGACAGACCTGTGCGTTTTGCGATAGCATTGATAGTGACATCTGCAGGTATGGGAGTATGATCTTCAGGGAGTGAGAGTGTTTTTCTCACTCATACAGCTGTTTCATATTCTCGCTTGTTGAAAGTGAATACGCCAGTGACTGGATCGAGTACACATCATGTTATATACACTTTATCATATCTGATACCTCAGACGACAAGTCATCATGGGATTTGTATCTCTCCTCCCGCGATAGGTGGTTTGATCTCAAAAGTATCGATACTATATCATGTAGGTAGTTCAGACTGATCCTTTTTGTAAAACATAGGTCGAGTTTCGACTGTCTGTGGAGTATCGGTATAGATATTCTTTTCCATTGCAGGATCACTATTGATATTCTCCTCGAATTCCTTCTGCCCAGGTTTCATTCCTGCAGGCAAGATAGTCATTCTCAATTTCTTTGTGGGTTTATGATCTTTACCATTAGCATCCTTAATGGTCGCCCCCATATCACAGTCTATGTCCAGATTAGACTCCAATACAAAAGGAACCATCACGCCAGACACATCCTCATGTTTGATGGTAGTGATTTTGAATTCACCAGTATTCACATCAAAACTTCCATCTACTTCTATATTTTCATTGATACCATTGATAGTTCTTCTGATTTTCAGTGGGAACCCTCCGCTTGGATTCTTTAGATCGAGTATAGGATCCACACCTCCATTGATAGCTTTTAGATCACTAATGCTTTTCTTGTAGAAATACTCCCATGTACTGATAGTCTCCGACCCACCTGCAGTGATAGTAGCAGAAAAGTCTCTCTGCGCCTCGATATTCTCCTCGAATTCTTTCTGCTCTTTGGTAATGCCGGCTGGATGGAGAGAGACTTTGATGGTGTTTTTGAACTTCAGCTGTTTACCATCTTTTTTGCCTGTCACGATGAGAGGGATATCAGGGATACTTGTCGATTGTGTCGGATTGATGGTATTTCCTGTACTATCAAGGATTTTGATATCATCAAACTCTAATACATCGCCATTAACTTTATAGCATCAAGGATCGATCGTAGCATTGTGATACGTGATACCATGTACCTCTACACTAAAAGGTGGGACAGAAATAGTATCATAGTCTATAGTGACCGAAGAGCTTTTTTTGAAATAATTATCAAGATTGATGTGATTCTTCTTCTCTTTGTCCGTAAGGGAGATGATGAGAGGGTTCTGGTAGTCGATACTATCGGCAATGGTCAGGATAGTATTGGTGGTGGCGAGTGCATTAGATATCGTGCTATTTATATATTGGGAATTCATAGTATATTGGAGACTGTTTTGATCTTTTTTATCTTTGTTTTCTTGCTCTTTATCTTTAGTTTTCTGGATATTATCCTTTATTCTTTGTATTTCTTGCTCTTTTATTTGTTTCTCATGTTTGGAATCTTTGATCTTTTGTTCTGTATCCACAATATCTTGCCTTTCGTCATCACTGAGACTTTTTTTGTCTTTTAGATTGAGTTTTTTGAGTTTTCCTTCAAGATCCTGTATATCTTTAGTAATTTTTTTGATTTCTCATTCTAAGAGTTTTTGCTTCTTTTCATCTTTAGTAGTATTAA
CP060225.1_gap3	36271	37529	1258	GCATATGATTGGCAAGAAATGGTAAGAGCAACGTGGAGAAGGGTTTTAATTCCTATTATTTTAACTGGAATTTTATTGGCCTATCACTACATGTGTGGTAGCCACTCAGTTCCCTACACAGGATTTACCCCTTGTTCCTAAAACAAGGTGTCGGTGGCTTCCTCCCACCGCTTGGCGTTAGCCAGAGGAAATCATGAGTTTGGTAATCTCGCCAAAATTACTAAAAAAGCACAGGTTATTGCCTGGTGCTTTTCTTTTTGTAGTGATTGTTAGTGAGCTTGTGAATCTGCTGTATTATTGTTAGCCTGTGAATCTGCTGTATTATTATTTGCCTGTGAATCTAGTGTGTTAGTATTAGCCTGTGAATCTCGTACTGTTTTCACATCATCCACCATCTCTCCTCCGAAGATATATGCTGGTAGTCCTACAAGCGCAGCCAGACCCTTGACGATATATCCTGCTAGACCGACGAGATTCGAGCCGAGTTTTTGGAAGTTGGCTATGAGCTCCATGATACTTTTGAAAAGAGGGGAGGATTGCTTCCATGATTCGATCTTTTTCTTGATCTCGCTGGAGAGGTCTTTACCTTTTCCATACAGATAGGCCATATATTCTCCTGCTATGAGGAGCTGGGTAGCGAGGCGTGTCGCAGACTCGAGCGATCCTGGGATGACCAGTGGAGAGAGACCTCCGAGGACTTGGTTATCCATCATATCGATTTGGATTCATTCTTTGATACCAGAATTTTTGCGGTTGATAGTAACTATATGTCCATGGGATTTGTCTGTGTCGATGTAGAACTGTTCGCTAGCAGGAAGACCATTATTGATTGTGACGAGGGTCTGATCGACCGTATTTCTGAGCTCTTTGATTTTCTCAGGATTGGATTCTCTATGCCAGATATTGCGCTCATTGAGCCAGCGAGCATAGGCTTCGCCTTGTCCAGGTTTTTGTAGCATAGGGTAGAGAGTGGTAACTGCGTCCTTGGACGTGACATCAGTATCGACATAGCTTTTGAGCGTTTTGAGATCGAAACCACTTCTCCAGACATCCTTGCCGTACTCCAAGAAGCTATCCTGTTGTGAGAATTGGAGTTTGTTATTTTGCCACTCCCAAGGAGAGACGTCAGCACCACCATATCTCATCACGCCCGTCGTGAAGTTGGTCAGTTGAGCAATATTCATTGCTTCTGCGATGCTCGTAGGCCTGAGAGGAAGGGTGCTCGATTCTCCATTAGCTTTTTTATCATAGGTGATGG
CP060225.1_gap4	51830	52702	872	TTCTTCTATTGTCCATCCTCATTGTGATTTGCTATATTTCCGTGTAGAGGAGACTGATGTAGCGAAGGGGCTCATGAGTGCACCATTGGTGTTGATATACTTCTGTTTTAGTCACTGCTCGAGGAGGACGCACTGTATCTGCTGACTGAGGTCGGCATCGCTTGTACACTGCTGACTGAGTGCGTAGATGGTCTGACGAAGTGCACCACTCTGGAGGAGACAAGGATAATCTTGCAGGCATGTTTCATCAGCCTCATCTGCTTGATTGAGAAGATAGAACTGTAGTTCGTTGATAGCTTTATTAAGTGTGCGGTTGTACTGTCCATCTATCACTGCATCATGTGACTGTGTATCGAGTGCCATCGCTCTATCGAACCAGAGTTGCGCACTGACGAGGTGTGATCACTGCTTACTTCTGAGGAGCGCGGGCATCATGGCTGTCACCGAAGGGGCTTGTTCGTGAAACGAAGCTACTTTATAATATGCGATAGCTTTTTCCAGATCACTGAGATAGTAGAAATAGTTGAAACCCAGTGTATGAGCCAACTCATATGACTGACACGGTTCACGGAGAGAAAGGTATTCTTCGCCCTTGTTTTCTATCACGTCCACGAATTTTTCATCACTGAGAGTAATAATCTGTGCAATTTTAGTGGCGTCGCAAGTCATACGTACTCCCTCTTCTCAGAGGTCGATGGTCTGTTGTCGAGTTTGTTTTTCTATGTCACTTGGTTGTTCTCCTGTGGGAGCTTGCTGCGGACCTACATACTGGACGAAGGTGTACGGATAGGCTCGCGCAGGGGAGAGTGCGGTGAGGTTATCTATCATCCCAAAAAGCCCTGGTACACTATCTCTCAGGACGAACTTTCCTA
CP060225.1_gap5	62603	67498	4895	AGGTAGGAGTCGGTGTCATGGAAACTACCAATCCATCATTCGCTCGAGCGATGGAAGACGAGTTACGTCAAGCGATGCAGCAGATCAAGCATGACGATGAAATAGATTACATCATCTTCTCTGTGGTAGATATTCTGCATGAGGTCAATACAACGATTGTATTGTCTGACGCGGAAGCTGATATCATCCAAAAAGCATTCGGTCAGACTACAGTGGGTGGCAAAGCTGATCTTGGAAGTCGTGTCTCTCGCAAAAAGCAAATTATACCAGCACTTCATGATGTATTAGCATAGATATATTTACTACTGGACTTCGTTTGGTACCTTCTTATTTCATACATTTACTTCTCTTATTCCTCTTCTGATGAAACAATTACCTCTCCTCACCACGCTAGCACTTGCTACATTAACACTTGCGGCATGTGGTACATCATCATCTAGCACAGGTACTGGTAGCGTAGATGCAGAGCCAGAAATTATTCCTGTTGTCACGACTGAAATCATGGGTGTCGGTACCGAGCCTTTTTGGGCATTTCAGTTTTCTGGAACTGATCTCACATGGAGTGAACCAGGAAACAGCGATATGGAAGAAACTGACTACATCCAATTCAATCAGACATTGAGTGGGGAGACTATGGTCTATACCAATGGTGATATTACTATCATGGCAGATTTCCTTCCCTGTAGTGATGGTATGAGTGATACTACCTATCCACTCACAGTCACTGTCCAAAAAGACGGCCAGACCCTCAATGGATGTGGTACGATGTAATTTACTTACTTTTCCTCAATAACGTGCAGAGTCGAAGCAGGCGAACGATCATAGCTCTGATGAGTTGGATGATGAGTCTGACTTCGATTTTTGCGATAGAAATTCCTGTACATGACGAACGAGTGACGGATGATGCTGATATGCTGACGACAGCAGAGGAGACCGAACTCGAATCTCAACTCCAACAACTCCAGGATGAGACAGGTGTCGAACTTGCAATCCTTACTATCCCTACCACTGATGGACAGGATATCGCACAGTTGGGTACTGAGATAGCCCAGTCACGAGGAATCGGAAAATCTGATATAGATAATGGTATCTTAATCCTGATTGCACTGAACGATAGGAAGTGGCGTATCAATACGGGCTATGGAGTTGAATGACTGCTTCCTGATGCGCTTGCATATCGTATCGCTACCGAACAGCGAGTCCCTGCTGCTCGTGCAGGTGATTACTTTGGTGGTTTGGAAGAGATGATATCGTCTATTTCTGGGCTTGTCCATCAGGATCCAGAGATGATAGCATATCGAGCAGATCAAGATATGATTTTGCCACAAGATACAGACAGTCTTACAAGTACATTGGCTACTATATGATTTTTTGGATCATTGCTCTTATGACTGATCCTGAGACCCACACTCACCGAAACCAAGAAAAAACTCATAGCGATTGCCAGTGGAACAGGAGGATGGACACTCCTGGCGCTGATACTGGTCTGATGAATTGGTATTACCGTTTTCTTGCCGACACTCATAGGGTGGATGATAGGTATGGTATGAGGAGGTAGGTCATGAGCTTGGACGAGAAGTGGGTCAGGTGGATTTGGCTGATTTGGAGGATGATATAGCTGATGATCATTTGGATGATGATTCGGATGATTTGGCTGATGATCATTTGGCGGTGGAGGAGCCAGTGGAGGACGATAATTTTTATTGTTATTAATACACATACACATGATCGCAGTCTACAACTATGAATTTATGGGGAGAGATGTCCCTGTCATTATCATCAAGGATGATGCAGAGATGGCTGACATTCCTACCGATATGAGAAAAAAGGATGGTATCATCATTCTTACTCGCGATGATCTCAAACAGGGTGCTGACGTTTTCGCTCTTACGTTCGTTCATATGAAAGAATATTGCACTCTTCTCAAAGGCAAAGATAGACTTGCAAACCTAGATATCAAAAAGAAACACGTCAGACACCATATTGAGACATTGGCTCGTCAGATGCTGATCGATACCAGAGAGTATGAATACACGAAGGCTACACGATCATCGGTAAGAGATCATTGTTTACTCGCTTTACATCGTATAGCGTCGGGTTATCGTTTCCTTTTTGGAGAGAAACATCCTCTGACCTATGATGAGGTCAATGACCTTACTTCCTTCAAAACCAAGCTTCTTGCAATTACAGAGTATATTGATACAAACAAATAACTCATTTTATCTTTCTTGATTGAAATAATGAAAAAAGCATGATGGATTATCTTAGCAGTAGTAGTGATTCTCGTGATCTCTCTCTACGGCTGGGTAAAAGGTACCTATAATAATCTCGTTACTATGGATGGCGAGGTGCAAGGTGCATGGGCACAGGTAGAGAATCAATATCAGCGTAGAGCAGATCTTGTTCCTAACCTCGTCCAAGTAGTAGAATGATATGCAGATCAAGAGTTTACCACACTGACTGCAGTCACCGAAGCAAGAGCCAAAGCAACTTCTACCACAGTAGATATTAGCAATGCAGAAGATATGGCAGCATTCCAAGAGGCACAAGGAGAACTAAGCTCAGCACTTTCTCGTCTGCTCGTGTCAGTCGAGGCATATCCTGACCTCAAGTCTGATGCACTCTTTGAAAATCTTCAAGTACAGCTCGAAGGTACAGAAAACCGCATCACTACCGAAAGAGGTAGATATAATGAGACTGCAAAAAACTATAACATCCTTATCCGTACCTTTCCTACCAATATACTAGCAGGTATCTTCGGTTTCGACGGAGCGCAACTTTTTGAGGCAGAGGATGGAGCAGAGGTGGCGCCTGATGTGGATTTTGATTTTTCTGATAGGGATACATCTTTGACAGATACAGTTTCTGATTCTACCAATACGCAGATAGATGATGCTATTGATGTTGCTGACGCTTTGGTTGTCACTGGTGGATAGTGTATATTCTTGGATTTTTCGTGTTATTTTGCTTCATGGGTTATTGTTATGTATTCTTTTGGGGATAGTGATGATTTTTGATGATTTGACTGGCAACAGTTGATTACTCTTTTTCTAGAGACTAATAGTCAGATCAATCTATCCTCCATTAGAGATGCTCATGGTGTGTATCACAAACATATTCTTGATAGCCTCGAGCTTATTAAGGTACTTCCTTTGGAGTCAGGCAAAACTCTTGCAGACGTCGGGACGGGGTGAGGTTTCCCACTCCTTCCACTAGCCATCATGTATCCTGAGGTACAGTGCACCGGTATCGATGCGAGAAAAAAGAAAACTATCGCCGTCCAGTCTATGGCTGATGATCTCTGACTATCCAATGTAAGCATGCTCTGGTCCAGAATCGAAGACGTCCGTCAGCAGTTCGACTACGTTACCTCTAGAGCTGTCTGATATGCAGATAAGATAATCCCTTGGTCGGTTTCATTGGTCAAAAAATGAGGGTACCTTATACTCTATAAACAACTTACTCCTGAGGAAGATGCTCTTATCTTCTCTCTTGCGGAGAGGTACAAGCTCGTTCTTGAACATCTTCATCACTATAGGTTAGAGGAAGATGATATACAAAGGGTGTTGTATATTTTTAAAAAATAATTGACTTTTAGATATTTATATATATATTTATATAATATTTCACTCATTATCATAATATTCTCAGATGCAGGAGTTCATACAGATTGACACTAATAATATACCACCACAGTTACATGGTGTCATACAAAATATAGAAAAAAGTTTTATAAATGATCGAGAAAAGTTTGAAGAATTATCTTATGAAGAATTGAAAATACTTAAAGAAAAGGCCCGACAAGAAACAGAAGATCTGCGAAATAATACTTTGCGCTTTTTTTATCCACAAACAAATATACAAAAAATTAGGAAAAAAGCGACCCTAAACTATGAAAATTGTCAGCACCTCTACAATACATGGATCAAACCATCATACAATCAGACCCGCCCATCATGAAATAATATTTTAGGGTGATTATTTATAGTTGTATATTACTGCGCATTACAACGTCATATTGCTATACAAGAGCTAGAAAACTCACAACGAAGAGGAGAACAAACTATCAATACACATAGACAATATGCAGAAGAAATTATGGATATTCTCCAACAAAAATCACAATATTTTGACTACTCACTTGATAAGAATAATTCACCCCAAGAGACGATTATCTACAAAACGATCCTCAGCGCATTGACATGATGAGACAAAACACAAACAGGGATATACGGGTGATTTATTGAAAAAATATTACAAAATGGTGTCATAGGACTCAGAATGAAAGATCTTTCATCAGAAGCAACCAAGTTATTTAAGCACCAAAAATATCTCAAAAACCTCATGCAGCACAGAACATCAAGTGATTCTATTGGGGTAAGGGTCGCATTTTATGAAGAAGATGTAGCACATACCAGTATCCAAGGACTCAAACATCTTATAGAACAACAGAAATCACATATTACTATCAATAAAGAAAACAATAGATGATTTGAGGGTGAGCGAAAAGTTGACAACCATCATTCGTCTGATAATATCAGCCCATCATACAATATAACACTCAACATACAACACAACAACAAGAAAGATCACAAAGGGTCACTCATAGAGTTTCAATTTGTTATGGCGCCACAAGTAATCTATACACAATATATACAAAATATGATCACCTATGGCATATTAGAAGCTAAGCATGATGATAAAAATAATACTCTTGTGCTTTCTATCACAAAAGGAAAACAGTATGATTTTTGGAAATATTGTCTCACCCATATCAATGATATAGAGCATAAGCCCTACAAAGATCAGATGGTACGAGAATTTATTTATGCCAATGTGCCGAATACAATCTTAGAAAAAAAATGAAATAATCATGCCTCAATACACGAATACAT
CP060225.1_gap6	140814	143813	2999	GTCGTCCATATTTTTTGTCATAGGTGAGCACGGATACTCTATATGTACCTGCGGGGAGATGGCTGATATCTGTTGTACGTGTGCCTACTCTGTTACTATTTGCATCTAAGATCAGCTTTATCTCATTATCATCGAGCATTCTGTCGTTGTATCTGATATCAAAAGATCCATTCGTAGGATTGGGATAGATAGTGGTATTGGCTGCAGATATTTCAGCGTGGATGCTCGTGGGTAATGGTTGTACTTCTATAGTTAGTGTCCCTGGTGTTGCAAACTGTTGTCCTTGTGTATCTTCTGCCTGGTAGAGGATAGTCGCTGAACCAGTGAAAGTACTAGCAGCAGTAAACACTATTTTGTTATTGACTATGCTAGCTGTACCTGCATTGCTTGGAGTGATAGATACCACCTCTGTCAGTGTCAGTGGACCTTCTGCGTCGAAATCATTGGCAAGCACATCTACTGTGACTGATTGTCATTGTATGACGGTGTCTGCATCTGGTGTAGAAGTGGGAGTAGTATTAGCACTTCCACTAATACTAAACCCACCACTCAATGGATTATTCACATCAGTGTCTGTACCTGTTCCATTCAGAGTAAATGTAGCTGCTGTTGGTGTAAATGTCACTTGTAATGTTGCGGGATTGGTGATTATATTACTTACTCCTGTACTAGTGGCAATATTCAGATCACTCAATGCTTCACTACTGGTCAATGTCACTGTCATAGGTGTACCAATGGTTCCCTGTAGTCCTGTGATACTATTAATGGTTGGTGGAGTATTTGCTACATTAGCACTTCCACTAATACTAAACCCACCACTCAATGGATTATTCACATCAGTGTCTGTACCTGTTCCATTCAGAGTAAATGTAGCTGCTGTTGGTGTAAATGTCACTTGTAATGTTGCGGGATTGGTGATTATATTACTTACTCCTGTACTAGTGGCAATATTCAGATCACTCAATGCTTCACTACTGGTCAATGTCACTGTCATAGGTGTACCAATGGTTCCCTGTAGTCCTGTGATACTATTAATGGTTGGTGGAGTATTTGCTACATTAGCACTTCCACTAATACTAAACCCACCACTCAATGGATTATTCACATCAGTGTCTGTACCTGTTCCATTCAGAGTAAATGTAGCTGCTGTTGGTGTAAATGTCACTTGTAATGTTGCGGGATTGGTGATTATATTACTTACTCCTGTACTAGTGGCAATATTCAGATCACTCAATGCTTCACTACTGGTCAATGTCACTGTCATAGGTGTACCAATGGTTCCCTGTAGTCCTGTGATACTATTAATGGTTGGTGGAGTATTTGCTACATTAGCACTTCCACTAATACTAAACCCACCACTCAATGGATTATTCACATCAGTGTCTGTACCTGTTCCATTCAGAGTAAATGTAGCTGCTGTTGGTGTAAATGTCACTTGTAATGTTGCGGGATTGGTGATTATATTACTTACTCCTGTACTAGTGGCAATATTCAGATCACTCAATGCTTCACTACTGGTCAATGTCACTGTCATAGGTGTACCAATGGTTCCCTGTAGTCCTGTGATACTATTAATGGTTGGTGGAGTATTTGCTACATTAGCACTTCCACTAATACTAAACCCACCACTCAATGGATTATTCACATCAGTGTCTGTACCTGTTCCATTCAGAGTAAATGTAGCTGCTGTTGGTGTAAATGTCACTTGTAATGTTGCGGGATTGGTGATTATATTACTTACTCCTGTACTAGTGGCAATATTCAGATCACTCAATGCTTCACTACTGGTCAATGTCACTGTCATAGGTGTACCAATGGTTCCCTGTAGTCCTGTGATACTATTAATGGTTGGTGGAGTATTTGCTACTACATCAGCTACCTTGGATTTTACGCGTAATGTTGGTGGTACTCCAATAAGGGTTGCATAGAGAGAGTCTGGACTTGTGTCAGTATTGAGCAAAGGAGACGAGCTTACGTGATCTCGTGTAATTACGTTTCCACTGAAACCTGGCTTGGGATATACATTTTCTACTGTAAATGCTGTATTGATATTTTGTAATTGTGCTGTGAGGTTGTTTTTTGACTCTTCTACACTGATTATACCATCATTGTTGGTATCTGCAGTCTGAGGTATAGTAAATATTGTGTCTGATTGTCGTGTAGGAGACAGAGTACCATCTATTATGTTTTCAAGACCGACTACATTACTTCCCATATTACTTGTATCGTCTGTATTCATAGTATTGTCAAATTCTATACCATTTCCTGGTCCTCCCATATCTGCAAATATTTGACTAATGCCTGATCCTGTTGTATTAGTAACATCAAAATTTCGTCCGACATGATCATTGCTCCAATCATTGCGAGAAAACATTTTTCGCCCTCCTATGCCTCGATTATCTATATTATCTCCAGGTATTCGACCCTGGATGCTGTGGTGATCGCTACTGGGATCATCAAGGCTAAAAGCCTGATCTATAATGATGACCATCCTTTCATTGCCAGGAAAACGGTAGAGCGTCATAGGAATATCATTGCCATTGACGGTTTTGGTTGTGTGGCCAATGATGATGGCGTTACTTATGTCTTCGGTGACATTATTGGTGAGAAGCGTTGTGTTATCAGCAAGGAAGACCTTCTGTTGCTGTGCTGATGATTGTTCTGCTGCTTGGAGCGCACGAGGTCAGAGTAGACCACTTCCTACGAGGAAGGTTCCTATTTTGAGCCATTGGCTAAGTTTGGACTTGGACATGGGTGCTATATCAAGTTAGATATGATAAAAACAGTATCCTTCTCGTGGCAGTATATCTATCCTCCTCGTGTATGTCAAGCGGAGAAGTAGTGTCTGTGATGATTTTTTGCTATACTATGTATATCACTTGGACGATATATCGTCAAGCACAAATAGATGATAAGTGCTTGTATCTAGGTCGTGAGTGTCGTAGATTGGGGTAGTAGTGGTGAGCTGTGTGGTTTTTAGTATTTTCAATCATTATCCA
CP060225.1_gap7	152712	154317	1605	ATGGTGATAGTTGTGTGTGTAGTGATGGATATAGAATGACGGGTGATGGCATTTGTGTTTTTGATGGATCAGCATATAAGTGTCATAGCGCGGCATGGATACCTACTATCAGTCCATGTTTGACATCGACATATAATCCAAATATTTCTTATGCAGAGGGTGATGTAGTGTGTTCTACCACTACTCCTAGTACTTTGAATTGTCTCTATAACCCACAGTAAATTTTATAGGAAATGCTACAGTATTATTAGTATATGTTAAATTTTATTTCCAAGTTTTGAGTCTAAAACCCCTAACTTCAGCTAGACAGAACAAATTATTTTTGTTCTACTAAACGAAGTGAATATGGAGCAAGCAACTAAAATCCCCAAGCGAAGTGATGTCTTCAGACTGGGGATTTGGAATCCTTAAGAACAAGAATACCTATTTTAGTTATTGACTCACGGTTTCTTTCCTCTATGATAACTGTATACTGTTTTATGCTAGTGTCGAGGAGATGATCATACGCGATATGTTAGATCGTTGAGAAACCACTAAAGATCTGTGATCGTGAACAGTGTCATCTTATGGTGTTGTGTCGGAGGACTTGAAAAATCGTCTGTGACATATTCTTGCTTCAGGAGGGTCGATGTGGGATGAGGAGTATGATGTCATGCTGTCCGGCATCTCTCACAAAGAAGTGAGGGATATTATGCAAGAGTTTTTCGACTGGTGTCATGGGTTGTGAGATGTACCTACTACACTGCTTGTCGATCATATACAAAAGGCACTCCACCTCTTAGACCAGAGCATAAATAAGGCTCGAACCATGGGAAACCACTCCTTATATTGAGCGATACAGCCGGCTATTCTTTCTTTGAAAGAGATGGTTTCGTGTTTGGTAGTGTCTGATGATCTTCCTGGGTTTGAGCTAACGGTGGGAAATGGTATCCTTGCTCTGATGAATGAGCACTATTGGGACTGATCGTGGGATATGCCTCATGATGCTCTGCTTGCACTTCGTGCATGGTATGATATGCGTTACGACCTATGAAACGATACTCTCATGCGTATAGTAGATAGACAGATTGCTCATCTTCATGAGCAGTTGGAACATATCGATACTTATGATAGTGTCTCGTATGATAGTACCCAAGAATCTATCAAACGTATGAAAATAGTAAAGGCATCTCTACCTTTGCTGTAATTGTGTGGATATTGTTATCAGATGTGATTCACTGAATAATCTATTGACATATTATAAATTTTTATTATTATGATACCATTTAATTAATAACATCTATCATCATGTCTGGATTGAATAATAATTGAAGTGATACAAGAGTCAATCAACCAAGACCTGAGTGTGCACCTCGTGTAATATCTGAAGATTCACAGAATCAGTTACGCCATCTGCTCGATTCGGAGGGATGTTTTCGAGATGATTCTTATGATGTGCAATTATCGGGTATCAGTAATGCGACTGTAGTATCCGCAGTAAGAAACTTTCGTGATTGGTGTGATGGGGTATGATCCGTGTCTGGCGTTGCTCTTTTGGATCGTGTGCATTTTTTGTTGGAAGCGTTGGATAAGAATGATCAGGAAACATCAAAATCGGAGCAATAT
CP060225.1_gap8	250380	253082	2702	ATAGATGAAGAAAATGAGTAGCAAGACAATGTTGAGACCGAGGGAAACGATTTCTAAGGTGCTAAACTGATTAGTAACCCAGTTGATAAATTCCATGAGAATGATAATAGGAGATAAACTTCGTCAAGTATAGAGAATAATAACTCATACTGCAATTTTATAGTCATGAAAGAAGCTTGACACTATTTTGTATTGTTTTGCCGTTTTCTTATTGAGTTGCAGTTGATTTGTGCTGGGGATGTCACTACAGTAGCGATACTTTATGTCTGATTGTGTCGTATTTATGCTATCTATCAACAATGTATCACTTCGTGTCGAAGAAAAAGATATCCTTCATAATGTTTCTCTCGATCGAAAAACAGGTAAAAATTATTGTATTCTCGGGAAAAATGGATCAGGAAAGTCTTCTCTCGCAGCTGCTATCATGGGTCATCCATCGTACGAGGTGATAGATGGAGACATCTTACTCGATGGGAAATCGATACGTGATATGGAACCACATGAGCGTGCCAAGTCTGGCATTTTCTTGGCTTTTCAGCAGATACCTGCTATCAAGGGAGTGAAACTGTTTGAATTCCTCCGTACGATTTATAATGCAAAACATGATGCAGACGAGCGTTTCATTGGGTTTAAGAAGATCGTTTTGCCGCTGATGGACGAACTAGGTATCGATGAAGAATTCCTCTGGAGGGATCTGAATGTGGGATTTTCTGGAGGTGAACGTCGCAAGGTGGAGATATTGCAACTTAAATTATTAGAGCCTCGCTATATCATCTTGGATGAGGTGGACAGTGGGCTGGATGTGGATGCGTTTCGTTCGGTAGCCACACTCCTCTCTTCGCTTGATAGTGCTGAAAATAGCATCATCATCATCACACACTACTTCACGATACTGGACTATATACCAGTCGATCATGTGATGGTCATGCAAGATGGAAAAGTAGTGAGAGAGTGAAGTTTGGAACTCGTTGAGGAGGTGAAAGAGGGTGGTTTTAATTGATAGTATTATAATCAATTATGTGATTGGACAGTTTAGATTTTGCATTTATGACAAAGGAAGAGATTAGAGATATGTATCAACCCTCCAAAGCTAATGATGAGTTGAAAGAAAAAGAAAAGTCTATTAGCGTAGTATTGGATGATGGTTTAGATATTGCCAAAAAAAATGGAAAAAAAGTAAAAAAACCGAGAACAAAAGATATGTGGGATTCTTTATAGTATTATAAAAAGAATAGTGTATTATGTCTGATATTTCTCTCCAACAAGTGCTCCAGACTCCCGATGCGATCGAGTACGAGGTGTTTTTGCAATGATTGACGGAGGACGTCGTGAGACAGATCTCTGCTGAGCAGAATGAGCCAGAATGGATGCTGGCACATAGACTGAAGTCACTCGATATCTTCCACTCGCTTCCGATGCCCAAGCGAGGTCCTGATCTATCAGGACTTGACCTAGAGAATATCGTCTATTATGCTCGTGCCAAAGCAGGACAAGAAGGCAAAATAGCGACTGACTGGAGTCAGGTTGATCCTGCTATCAAAGCGAAATTTGAAAGACTGGGTATCCCTGAGGCGGAGAGGAAATATTTGGCCGGTGTGGGTGGACAGTTTGATAGTCAGACTGTGTATCACAATATCAAAGAGAAACGAGCTGAGCAAGGTGTAATTTTTGAAGATATGGCTGACGCGCTCCAGTCTCATCCTGAACTGGTGCAAAAATATTTCATGAAACTCGTACCACCGACGGATCACAAATTCGCTGCGTTGCATGGTGCGGTGCGGTCAGGGGGGACTTTCATCTATGTGCCTGAGGGTGTGGAAGTGACAGATCCACTCCAAGCATATTTTCGTATGAATACCTATGCGGGTGGACAGTTTGAACATACATTAATCGTTATTGACGATAATGCGAGAGGTGACTATATCGAGGGATGTAGTGCGCCCAAGTTCGACACGTCGAGTCTCCATGCGGGTCTGGTAGAGATTTTTGTGGGCAAAAACTCGCATATGAGATACTCCTCTGTCGAGAATCGATCAACCAATACCTACAACCTCAATACCAAGCGTTCACTGATCGATGATGACAGTTATATGGAGTGGATCAATGGAAATTTGGGATCGTGTGTGACGATGCTCTATCCATGCTCTATCCTTAAAGGCAAAAGATCTAAGACAGAATCGATCGGTATTGCGGTCGCTGGTGCGGGACAAAATCAGGATACGGGGATGAAAGTCATCCATATTGGTGAGGACTCCTCCTCTACCATTGTCTCCAAATCAATCTCCAAAGATGGAGGTATATCGACTTATCGCGGTATCGTAGATATGAAAAAGACCGCCACAGGAGCGGTCAATAGTACCGAGTGTGATGCACTGCTGATGGACGACAGATCAGTATCCAATACTATCCCTGTGATCGAAACCAATCATGGGAGTCAGACTGTCGCTCACGAAGCGTCTGCGGGCAAGGTCGACGAGACCGAGCTCTTCTATCTCATGTCACGTGGACTGGATGAGGAGCACGCGATGGCCATGATTGTGAATGGTTTCATCTCGCCAATCGTGAAGCGTCTGCCACTGGAGTATGCGGGTGAGCTAAACAAACTTATAGAAATGGAAATGGAATGATCTGTAGGATAGAGATGCGACACGAAGTGGAGTCCCGCAAGGCGGGAGAGATGGAGGGAAGTGTGGGTTAAATAT
CP060225.1_gap9	362366	365608	3242	GTACATACAGGCTACCTTCATCATCTATCACAAGGGCAAATTTATCTACAATAAAATCACTCCTGTATCAGTAAATATAGTCCTTCTTATATCAAAAGATGTTATATCCTTGCTTTATATCTTCACATACATTCTCAAAAAAATCATCACCTGTCATGCCATTTTGTTGTTGTTTTATTATTTGTTCATATAAATTATCTAGTCTATTAAGAAGTGATTCTGGATATCCATCTTCCATGCGTATTTTATTAATATTTTTTATGATAGTGTTAACATCAATTTGATTTATATCACCTTCCCTCTCTTCAGAAAATCACAAAGCATTACTCATCTTTTCTAGCCATAATTATGATAAAGTTATTCTATCATCACTATTTACTTTTATAAGTCAATCTTTTTTCATACTTTTTATGATATTATTAAATTCTTCATGAAAATACTTTTCCCTCACCTCTTGGAGCGAGACCTGTTTATGCTCTACTAACTCTTTCATAATCGATCATCTCACTCGACGACGTGAGCCATGAAAAGTGGACTGAGGAGCAGATTTAATATCCGTCTTCTTGGCAGTAAGGACAAGAGCACCATAATCCATAAGTGCATTGTGCCAGGTCCTACTCTGACCTGGAGGGATACATGCGATGGCAATATCACGCAGATCGGAGTCGGAGATCTCTTTGGGGAGATCAAGGAGCGTGACAAGCACACGACGGATATTGATATCTAGGACGGGGACTTCGATATTTCGCGCGAAGGCCATTAGTGCATGGGCAGTATAGGGGCCAATGCCTGGGAGGCTCAGGAGTGATTTTTCATCCTGAGGGAAAGTGCCATCATACTGATCGATGATGATCTGAGCAGTCTGCTGGAGACGGAGGGCGCGGTTGTTATAGCCGAGTCCTGATCGGAGAGAAAGAAGCGTGTGTTTATCCAGTGTGGCGAGCGACTGCACATCAGGAGCAGTGTCAAGGAAGGCGTATCGCTTGGGGATGACACGTGCGACCTGAGTCTGCTGAGACATGACTTCCGAGACCAGTATCTCGTATGGATCAGTCGTCTCACGTCGGGGAAGTTCACGTCCGTGTTCGTCGTATCGGGACAGGATGAGGGTCTGGATCTGGCTTATTTTGGAAGGATCTATCATTGCGCAATACATGGTACAAAGAATACTCTTCTGTAACTTTCTGAAAAAGTATTGCAATGCAAACATGGTTTGGCTATAGATGCTGTCACTATCTGGGGGCCAGTAGCTCAGTTGGTAGAGCAGAAGACTCTTAATCTTTTGGTCGTGGGTTCGAGCCCCGCCTGGCCTAGATCGTAACAATAATATCAAACATAGCATCAGACCTCCATCCCTCGTTGGGTGGGGGTTTTGACTTTCTCCAAAAAATCTCTTGACATCGTCATTTACATTCTTATGATTTGTGGTACACTAAAATAAATAAGGTCTATGAAGATTGAAAAATTCCAACAAAGATTGCAAAAGTATGAGGGCAAGAAGGAAGTGCCAGCTGGATTCCTCTTAGAAACGAAAATGATTCTGGAGAAGGCTCAAAAGGCCATTAGGAGTTCAGAAGGAATTCAAAAACCCCTACAAACCCTTATTAGAAGGATTCGGCTCTTTCTTAGTAGGGTGGAGAAGGTGGTAGCAAGCCATGTGTCTCACCAATTAAAAAACTTTTGTACCGAACATCACATTAAAACGGTGTTAGTTATAGATGGTAACTACCGACCCAAATATGTTAGATACATGGGAAGGTAAAAAAGAAATCATATTGTATAAAGGAGGCAAACTATGGAGGCCTCTTTTTCTATTGACTCAATATTTTTTATATGTATATTATATATATTGTAATATATTTATTAGAGAAAATATTATGGCTAGTTTGTCTCTCTCTTATGATCAGAAAGAAGAAATCAGAACAAGATCAGAAAGATCAACACTACTGGATACTTTTATTGATCAAATTTATTCATTATTACATGAACAAAAAAAGTGAAACAAACTTAGCAATATTAGTAAGGAGATACTGAATACATCGATTATTGTCGACTTGCATATTGATCACTATCTCAAATATGGAAAGAAGAAGATGTCGCATCATCTCAATGTGTTGAGCGGGCTACCGCCATGACTTCATATAAAAAACTATGAAGCACTCATTCATTTTTGTCAAATACACTGATTCTTTCCGCTAATCAACAAGATATACTTATGAGAGGAGGAAATTACCAATAAAGATCTCATTAAAATCAATGATCTACAACAATTAAACGCACTCTTCATATATCTTGTCTGACAAAATCAATTCAGTATTCCTATATTTTCAGAAATATCTAAAATTTTCAATGATATAGATACGATTCTCACATCTGATTATGAACCAAATGACCTCATAGAAATCACCAATATCGTACAAGAACTTGCTAAAGTAAGACAATACCATGATTATACCTTTGGAGCTCGCTCACAAAGAAATAGTGTCTGATGAACACTGAGTGAAAAACTTGCTATAGAAGTTGCATCAAGACTGGAGAATGAAGTAAGAGAAAAACTTGGTATGCCAACTACCTATATGAAGCTTGCAAGTTATGCAGAAGATGTTAATGAAAAGACTGATCTTACATGGACAATATATGATGGCATAGAATACAGGAATATTCCTGTACAACTCACCATAGCTTGAAAAACATGAGCTCTACCAGATAAAATTAGGTCAGTGGAAAATTTTCTTATGAAAAATAAACATAATATTTCTTATCCATTTTACTTCTCTGTCATTCATGGTCCATTTAAGGAAAAAATAGCAAGTGGTCTCACTCAAATATACACTCAATGGAAAAAAGATAAATCCATGAGGGAAATGTGATCACCGTCGAATGGATTTCCTTATTTTATAGATATTATTGAGCCACAATATAGTGTATCTGCTAAAACTAATTATATTATGCTACATATCATCCAGCATATCATCCAAACCAATGATCTTGTGGGTGGCCTTTCTCGTATGCCAACATCCAACGCCATCAAAAATCTAGAAACTACCATCAAAAACGAAATACAAAAACTTATCGAAGAGAAATCAAAAATAAAAATTGATCTTGTAAAAATACAAAATATAAATATCGATCATATCAATGTAACAATCCTATCAACACAAGACGCCAACACACAGAATAAGGCAAAAATAATTTGTAAGGTTTCACTTTCATACTCATATAGAAAGACGCATCATGGTAAT
CP060225.1_gap10	375286	377639	2353	TCAGTAAACCAGAAGAACTGCCTGATAATCCCGATATTCAGAACAAAGAACTCAGAGAGCAAGTCCAATATCTGCTCAATCTCCCTGATGATGAATACAGTGACAAAAAACTTACCAGTAAACTCAGATCATATATCAAAACTGCCGATGATGAGTACAATAAAACCATCACAACCTACAAATCTCACCTCGCTCCATCATACTGGCAGCATGGTCCCAGAAGTTTCAATATCTCAGGACTGATAGGTAAGACGTACTATACTAACTCCTACCCATCCTATATGGATACACTCTGGACGAGAGATATCCTCGATTTCCATGGGAAGTGGGATCTCAGCTTCTATCTCTATCCGTCTGATGATAGCCAGATCCAGTCAATGCTCAAACGCCGCGCTACTCAGCTCAAAGCTGAGATCAATGAAGCGATCCGCAAGGGACAGACCATGGACACTGAACTCCAGCTCCAATACCAAGATGTCGATACCATCAGACAAAAACTCGCCACTCACGAAGAGAGGTATTTCGAGACGGGCATGTATCTCTCGCTCTACGATGATGATGAAGAAAAACTCAAAGAAAACGGCCGCAAACTCGAACAAAAAGTAAGCTGACTCGGTCTACGTATCAAGCCCTCTACGATGCGTATGGATGAGGGTTTTGAGTCTAATCTCCCACTAGCAATCGATAACTTGGGTATCACGAGAAGTACGATCACCAGTAGTATGGCAGGATCATTTCCGTTTATCAGTCAGGATATCATCCATGATACAGGGATACTTTATGGAGTCAATCTCCACACAGGAGGACTCGTTATCTTCGATAGATTTCGCAAAGGATTGCCCAATATGAACAGTGTCGTCCTAGCGACATCCGGTGCCGGTAAATCGTTTACGGTCAAGCTCGAAATCCTGAGATATCTCCTCATGGGTATCGACATCATCGTCATCGACCCAGAAAACGAATACAAATCACTCATCGATAAAGTTGGCGGGACCTATATCAATATAGCTACCAATTCACAGCAATATATCAATCCTTTTGATCTGCCACCAGCGATCGAGGACGTCGAATATGGAGAAGGAGATATTCTTCGTAGTCATATTATGAATATTTTGGGTCTGATGAAGATTTTGGTCGGAGAAATGTCTGCACAGGAGGAAGCGATCCTCGATAAAGCACTTCAAAATGTCTATGCACTCAAGGGTATCGATTTCTCCACGACTGACTACTCCGACAAACAACCACCGATGATGGAAGATCTCCTCCAGGTACTCCAAGGGATGGAGGGCGGTGAAGACCTCTCGCTCAAAATCAGCAAGTATGTGACAGGAACCTTTGGGAAGATTTTCAATAATGAGACCAATGTCGATCTCAACTCACAGCTCACTGTCTTCTCAATCAGAGATTTGGAAGATGCACTCAAAACACCTGCAATGTTCAATGTCTTGAACTATATCTGGACCAAGATCAGATCACACAAAAAACCTCGTCTCATCATCTGTGACGAAGCGTGGATCATGCTTCAGCATGACATCTCGGCAAACTTCCTCTTCGGTCTGACCAAGAGAGCGAGAAAATACGGTGCAGGTATTACGACTATCTCACAGGATATCGAAGATCTCGTCAGGAGTCCCTACGGTAAGCCAATCATATCGAACTCTGCGATGCAAATACTGCTGAAACAGTCAACATCCAGCATCAAGGCACTGAGTGAAATCGTTGGACTTTCGGAGGCAGAAAAACAACGTCTAGTAGCATCCAATATTGGAGAAGGTCTGATCTTCACCGGTGATCAGCATGTAGCGATCAAAATATTAGCATCACCAGAAGAAGAACAATTCATCACGACAGATGTGGGATCTACATAGTAGCATAATGGTAAAAAGTGGTAGCAAATAGTAGCAATAGTGAAAAGTCCTCTATAATCCTTCATCACCCTTTATTATCCTTTATCGACCTTTATATCATGCCAGCAAGATTATTGCGACAATATGCAGCAGTCTTCTTCTTTGCGCCACTCGTACAACTCCGCTTGGGTGGGCGTGATTTTGGGCTATCAGAAGGAGATCAAAATGCTATCAGACACAGTATACGTCGAGGCTACATTACGTTCGCTTTGGGTATATCGTTTCTGATCGTGAGTGGCGTGATGATGTTCGCACCATATGAGTGGCTGACACGGCTCTATCGAGGTCTCATGGGAACTACACTGCTCAGTCTCGTCATCGGTATCTGGCGTATCCATCATCCCAACGAGCAGTACATCAGTGGGCAAACTACCATCATCACCAATCATATGCTGACTGCATTTATCCCTGGGTACAATCGATATCTCTGGTACACTCAGCAGGAT
CP060225.1_gap11	422043	422598	555	GTCAGATTCTTTTGAGCATAGGGAGAAATAATAATAAAAAGAGATGTTGAGGAGTATAACAGCTACTGAGTAACTCTTAGACTGTGATCCTCGTGTGCTGTTATGTTATCGTTAGCCTGCAGGCAACGCCTCACACACGATACCATCATTGTCTCCATCGAGACCATACACATCGAGTTCGTTGAGGTCAGTAATGTTTGGGTTATTTTTGAGTATTTGATCCATGCATCCTTGATATTTTTCCTGTGCTTGGGCCTGAGTAGTAAAATCAATACAGTTAAGATCATCGGTCACACAGCTACCATAGAGTGTCACACCATCATTCGTGTGCTGGACTCTTGATGCCTGTATGTTACCACCCGTTTCGATCATCTTCCCCAAATCAATATCATAGTCCATGACCTGAATACCAATAGCTGCCAAGATAATAATCGCCAGACCGATAAGGAGGCCCTTCATCTTGCCGACGGTGAAGTATAATACTATGATAATCACCAATAGCAGTATCATAAACCATATACGAGTCGACTTACGTTGACGTGCGTCAGAGAGAAT
CP060225.1_gap12	430208	431417	1209	GATATAATACGGCATAAAAAACTCTGGACGAGTCATCGCTAGCACAAATTTGTGCTCCTCCTCTCCTCCGTGTCCAGATGCGTGGATATCCATATCTTTGTTCGTGATGACGTTGATTTCTCTCTCAGCGAAGTTGTTGAGCATGTCTTGCATTTGAGATTCATTGCCTGGGATCACACTCGCAGACAGCAAGACGGTGTCGCCCTTCGCGATTCTGACACCATTGAAGTCGTCTCTCGAAATACGTGTCAGAGCAGCAAATTCCTCACCCTGTGCACCAGTCGAAAGAACGAGTACCCTCTTATCTGGTACAGAGTTAATGTCATCTGTTTTCAAGTTACGAATCAGACCCTTCGGAGCGTTGATATACCCAAGTTGTTGGCAGATTTCAATATTGTTGATCATCGATCTTCCTGCTACGAACACGATTCTATCATGTCTCACAGCAGATTGGATGAGCTGGATCACACGACCCACATTCGATGCAAATGTCGCGACGAAAAGCCTTCCATCTGTATGTTTCACGGTACTATCGATAGTATCACCGATCGCAGCTTCTGATTTGGACCATCCGGGAGTCGTACATCCGAGTGAATCTGCTATCAGCAGCTTACATCCCTCCGCACCAAAACGTGCAAACTTTGCCAAATCTGCTGGCTTATCGATTGCAGGAGTATGGTCTATTTTGAAATCAGGAATATTGACGATCATACCCTTGGGTGTGTGGATAGCCATCGCCATCGTCTCAGGGATATTGTGGTTTACATTTGCGAACTCGATCGTAAAACATCCCAATTTGACAATATCAGTATCAGGATTGACGATAGTGTATTTGATCTTCGCAGCTTCTTTCTGGTCATCGAAGGTCTTTTTGATGATACCGAGTGCAAGTGGCGTCGTATAGATCATCGGAAAGCCAAGATCAGGGAGGATATCTCTGAGGGCTCCCACGTGATCCAAGTGACCATGGGTGACGATAATACCTCTGAGTTTCTTAATATTCTTTTTGATATATGATACATCAGGGATAATATAATCAGCTCCGAGTGTCTCTGTCGCTGCGAATTCCATACCTGCATCGATCAGGATAAGATCATCTCCGTATTCTAAAAAAAGACACTGACCCACCTGAGTCAGACCCATCAGCGATGCCATACGAAGTGGTTTTTCTCCTTTTTTGATCTGACCAATCGGTTCACTATGAGCCAA
CP060225.1_gap13	463800	464658	858	TATGATAGGATTTTCCCCTGCTCTCACTAGTCCTACAAAGAGTGGATGAGGTTTTTCTAGTCTTGAAAGGAATTCGGGATGGGCTTGAGTTGCTACTCGGTACGGATGATCATGAAGCTCAATATGCTCTACAAGTCATGTCTGCTGATCACGAGCTGCGATGATGAGATCAGAATCTTCTAACTGACTATAATAGTCGGGATTGACTTCAAAACGATGACGGTGACGCTCCGTAATAGTCCCATCCACAATCAGATCAAACTCATCGTAGAGGTGATAAATTTTCGTGTCTGGTAGAAGTTTTGCTGTATAGGAACCCAAACGCATCGTACCGCCCTTGGAGAGATCATCAGACTGTCATGGCATATAATCGATGATACAAGAAGTAGACTGAGGGTCGAACTCACGAGAGGTCACATCTGACTGACCCAATACATCTCTGACGAATTCTATCACTGCAAGTTGTAATCAGAGACAAATACCGAGAAAAGGTTTCTGCATCTCTCTTGCATCACGGATAGCAAGGAGTTTGCCATCAATCCCTCTCGCACCAAATCATCATGGTATGAGCAAAGCATCATATTCAGCCAAATCACCTGCATGGTACTCATCTGCTTCGATAGTATGGAGATCCACATGTATATTTTCATATGCTCATGCATGTTTGAGCGCTTCGACGACCGATAGGTACGAATCTTGCAACTCTGCATATTTCCCTACCATAGCAACAGAAACTGTTTGATCTGCATGGAGGATGTTTTTAGTTTTTTCTTGTCGGTTCGTGATATCTGGCTGTCTATAGGGTAATGCAAAATGGTCTTGTATGATTTTATCTACGCCTTGGTCCAAGAATATTTG
CP060225.1_gap14	477696	479142	1446	ATACGATCATAGCTGTCTGAGTGATGTTTTGGAATAGAGAGGTATATCTAGATTGAGAATATCAAGTTGATTGCCTGAGACTCTTACAATAGCATCACTGATATTGACTTTGCCTTCTTTGATAGCTTTGACTTCGTGTCATGCCAAAATGATACCGACCTCTATCGTGTCAGTGATGTCGTAGTCGTGGTAGGCTTGGCGATTTTTGGTGAGGATTTTCATCGTCGATCGTCCAACAATGGTGAAATAGTGGTCAAACAATAGGGAAAGTACATAATAATGCAACTGGACTTGCAAGATTAGTGACTAATGCGTAGTGTATGGCAAGTATCGTTTTATTCTTAATCTTCCTGTCATTATGTCCAAAAAGATGTTTACAAAGTCGGATATGGTATTTCTAGAGAATCTTATCAACACACCTTCTCCTACATGATTTGAGTACACAGGGCAAAAAGTATGGCTAGAGTATATTGCAGACTATGTGGATGATACCTATGTGGATACCTATGGTACAGGTGTCGCTGTGATCAATCCTGATGCAGACTATAAAGTTGTCATCGAAGCACATTGTGATGAGATCGGTCGATATGTGAACTATATCACTGACAATGGACTTATTCACGTCATACGCAATGGTGGGTCTGATCATCTGGTTGCTCCGTCTAAAAAAGTGAATATCTGGACCAAGCATGGTCCTGTAGAAGCCATATTCTGATGGCCAGCTATCCATACTCGCAGATCAAGAGATAGTAGTAAACCAGAAGAAACTCCCAAAGTAGAAAACATCACGCTCGACTGTGGTGCACTCTCTCGTGAAGAGGTAGAAAAGATGGGCATCCATGTCGGATGTGCTGTCACGTATCAAGATACATTCTCCGTACTCAATGATCGCTACTATATGGGGCGTGCATTGGACAACAGGATCGGATGATTTATGATAGCACAAGTAGCGAGACTTCTCCATGAGAATAAGGACATACTCAACTTCTGACTCTATATCGTCAATAGTGTCCAAGAAGAGATCTGACTCCGTGGTGCGGAGATGATAGCTCACAGTATCAAGCCTGATATCGCGATTGTGACTGATGTCTGTCATGACACCACCACACCTATGATCAAAAAGGAAATAGAATGACACACAGAATGAGGTAAATGACCTGTTCTAAGCTATGCACCAGCTGTTCACAACAAGCTTCGCGATCACCTCATCACTGTAGCAGAAAAAAACAAGATAGCCTTCCAACGTATGGCAGCAAGTACCCATACTGGCACGGATACCGATGCTTTTGCATACACCAGAGGTGGCATCGCATCGACACTTATTAGTCTACCACTACGCTATATGCATACGACGGTCGAGATGGTCCGTATCGATGATGTAGAAGATACTGTCAGGCTCATGTATGAGACAGTGAAAAGTCTGAAGGGCAATGAAGACTGGAAATA
CP060225.1_gap15	480780	485710	4930	CCTCGATGGCTTCGCGGAGTGTCATCGACTGATTGAGAGCGAAGATTTCTGTCCTATGACGGAAGACCGCATCCACGCTCGTCTCACGAAAGTCCATCAGATTGCGGACGATCATGCTTTCTATATCGGTAAAGAGTCACTGCTTCTCTCCTTCTTCGACGAATATTTCGACGTCGTCTTTGGTGACTCACGTGACTTCATGTTTGAAGAGTTTGTTGATGGATTTGACTACCCACTCAAGTAGTGCAACCACTGGTCGCAATACGTAGCTTAATCATCGCATCAGAGGCGCCATCCGCAGTGCAAACTGCATGGCAAATCTGGTTGCAAACACTTTGGGTATGATCTCACCAAAGAAGAGAATGAGAAACGTGATGGATGCTGATATAAGAAAGAATCAGGCTGCCCCCGTTAGTGCAAGTTGTGCAATAACACCATCACCAACTTGTCATGCATAGAGTGATAGAGTAACATTGACTAGATTATTTCCAATAAGTACCGTAATAAGTGTCCTTTCTGGGTTTTCTCTCAAAAACTCTATAATGCGAGCTGATTTGGAATCGGGATTCTGGCGAATATGACGTTTGATTCTATAAAGTGGGACGCCCATGATGGCGAGCTCCGATGCAGAAAATAATGCTGAGCCAGCCAAAAGCAAAATGAGCACTAATCGCGGATCCATATAGGAGATGATAGACTAAAGTGGCTTGTAGTATAGGTTTTTCATCTGTATTTGCAAGAGCTTCTATAATCACTATACTCTGTGTAACTCACATCATAACTGATGGATGCTGAGGTGAATCAAACAATACCAATAGAGAGAAGGATATTTTTTATATCGAAAAGAACACCCATAAGAATGAGTATAGACTCGAAGCAAGAACCGGTGACTGGCATTGACACCAATAAAAATTTAATACCAACAGATGTTTATGCAAACAATCTTGCACATACACTATCACATACTGTAGATATGGACACTGCCCATATCCATTATGTGCAGGAGAGTATGAGTAATGCAGATATCATAACATTCTGGAGAAAGAATAATATTGCTATTATTGAATCAGATGATCTGTCTGATCTATCATCTGCTATTAAGGAAAATCTTTTTAGATGACAAACAGAATTGGCTCCTCAGTTTTTTTCGATGGGTAATATAATAACAGAGAAATTGAATGATAGGGGAACTGCCATGGAGCCTGACTATCTACAAAATGATGGTGTAGCACTTATTGCAAACATGATGCAAAAACTCTGAATTAATGGAAGATGAAGAGATGAAGAGAAAGGATTCAAAGTCATAAATATCAATTCATGATCTTCGTATGTCAAAATACCCTATATATATCATGAAAACGACACATCATATGTATTGTTTATAAAATATAATCCATCAGCAAAGAGAACAGAAAAAGTAAGGATCTGATTATCAAATGATGCTGACTGGATGCAATCCATCTATGTAAAATCTCAATAGCTACACATCATTCCCATCATCTGCCTAGTCCTTGTTATTCTTACATGAGGACATTTTTTGTGTTGGAGAGAGTTTCCGATATGATTGTGATAGTTTTACTATGCATTCTTTTCATTATTTATGACTGAACTGTTGACGACCTATCTCACCACACATCCCTTGGCAGAGTTTGCGCTTATTCTCTTGGTAATGCTGATTGTAGGATATATTATGAAACTCCTCCGTCAACCGAGTATTGTGGGATATATTGTGGCAGGTATTCTGCTCTCACCACAGCTCCATGGTCTTGTCCAAGCACAGGAGAGTGTGGATCTCTTTGCGCATATTGGGATTGCACTCCTACTCTTCCTCGTGGGATTAGGGCTCAGTGCTCGTATCATCCGTGAAGTTGGCCGTATTGCGGTCGTGACAGGTATTGGGCAGGTGGTCTTTACGACGTTGGTAGGTATGGGTATTGCAATGTTGTTGGGCAATGATCGACTGACTGCGCTCATCCTCGGTGTCTGACTCGCTTTTTCGAGTACTATAGTCATCGTCAAACTCATCTCTGACCGCAAAGATACACACAAACTCTATGGCAAGATCTCGGTCTGATTTCTTATCATCCAAGATATGATAGCAATGCTGATACTGATATCTTTTGCACTGATATCTGCAATGCAGTCTTCAGGGGGTGATATTTCTATTATTCTCCAGAGACTAGGTACTATCGCACTTGCTATCGTGATTACTCGGCTGGTGACCAAATATTTCCTCCCAAAACTCGTCCAGACTTTTTCGTCGTCTGAAGAGTATTTGCTCTTATTCTCGGTAGGTCGAGCTCTGATCGTCGCAGCAGGGTTTCAGCTCGCAGGACTTTCAATGGAAGCAGGTGCGCTCATCGCTGGGATGGCACTCGCTGAGTCGTCAGAAAAATTCTTGATCGTTGCCAAGATCAAAACACTCAGAGACTTTTTCATTGCCCTCTTTTTCATCTATATGGGATCTAATCTCATTTTCGATAATATGGGCGGCATTCGGCTCCAAGTAATTGTCTTATCGCTCTTTGTTCTGATAGGAAATCCACTGATCGTCTTTTTGATGATGAAGCACTTTCACTACGATCGAAGGACATCATTCATGACAGGTCTGACAGTAGCACAGATTTCAGAGTTTTCGTTTATCGTGACGACGATGGGGCTTTCTCTATGAATTATTACCGATAATGCAATACTCACTACGATTACTTTCGTCGCACTGATTACGATGGCAGGATCATCATATCTGTTCTACTATGCAGATGATATTATGACTCGGATCGAACATCATCGACCGCAAGTCACCCGCAGCACCACACTTCCCAAGCATACTATGCACGAACACGATTCGTACGATATCATCATCGTGGGATATAGCAAGCATGGACAAAGATTATCACGTGCATTGAGTAGATATTTTACTATTCTCGTTCTCGAACATGATCCCTATATTGCCAATCATGCAGACGTTCCACCCAATGTCACCGTACTCCATGCAGATGTCACTGAAAATGAGATCCGAAAGGAAGTAGAACAATATCATGCACGTTTTGTTATTGTGACTTCATCCGAATTTGATGTCAATCTCTCCGTCCATCACTACAACAAAGACTTGGATAGATATACCATCGCCCGTGCACAAAGCGAAGAAGATGCGCTCAGACTCTATGACCAGGGTGTCGATATCGTTCATGTTATCCATGATCAGGCCGTCAACGATACCGTCGATATGATCTTGCGCCGTGATGACCTCCTCCTCAAAGATCGTAATATATCACATAGATCATATCTCACAGAATATGTACAGAAAGATATTTTCCAACTCTTTAATTCACCCACCACATAAATGCTACGAACTATCATTCTCCTTATTATTGGATTTGTCCTCCTGATCAAGGGTGCAGATTTTCTGGTCAATGGAGCATCAGCCATTGCTCGCAAATTTCATATCCCTGAGATGATTATAGGTCTGACTATTGTCGCTTTCGGTACATCGCTTCCTGAGCTTGTCGTCAACATCCAGGCAGCGTTTGCGGGATCAACTGATATAGCCATCAGTAACGTGCTAGGATCTAATATATCGAACATTCTCCTCATTATCGGTATCACAAGTATCATCGTACCACTCCCCATCCATCGCAACACCAGAACGGTAGATATTCCTTTTATGACATTGATTCTCATTGTATTTTCACTACTGGTGGCATCACCATTTGCAGGAGAAATGACAGGAGTACTCGATAGATCAGGTGCACTGATATTATTGCTTGTATTCGGCATCTTTATCTACTACCTGTTTTTCGATGCAGTAGTTGAGGAGGCTGATATAGAGACACACAGCTATACAATGTGGAAATCGCTTCTCTTCATCGTTTTGGGGCTGGTAGGGCTAACATTCGGTGGTGATATGATCGTCGATAGTGCCCAAAAGCTTGCCATCTCTCGAGGCATGTCCGAAAGACTCATAGGCCTGACTGTTGTCGCGCTGGGGACCTCTCTTCCCGAACTCGCTACGTCCGTGACCGCCGTACTCAAAGGCAAAACCGATCTCGCTATCGGAAATGTCGTCTGATCCAATATTTTCAATATCGGTATTGTGCTAGGTATCACCGGTATTATCCATCCATTACCATTTTCTATGGGAAGTGTGACGGATCTAGTTGCGGTGATCACTGCATCTATTCTTCTTTTCCTCTCGGTGGTGATCGGTCGTCGCGAACTCCTAGAGAGATATCAGGGTATCATTTTCGTGATACTCTATGTTGGGTATATGGGTTATATGATTTTGGCTGGGTAATGTGATATTAGATACGATGAAAACAAGGATGCAAAAATTATATGACTATTATCACACAGAACATCAGTGACCTCGTCCACGAAGTGTGAAGTATCCATTTTTTCGTCCACTGATTATCACTCTCCGCGAACAATACAAAAAACGATCAACAAGACTCTACAGAACCTATGCAAAATGATATAATGAGAAGAATTATCCTTATTGCGTCTATCGTCACCAATCAGTACTGAGGCGTAGATTAGGAGATAGCGATCCTCATCTACAGGAGCAAAAAATCATCAATCTCCAGAGAGCAGCATGTGATCTTAATAATATTATAATCCCTCATGGGACGTATTTTTCTCTTTCACAAGTGATTGGCAAACCCACCTACAAAAAATGATACGTCGATGGTATGCTCTTGTCGAATGGTAAAGTAGTAGAGTGAGTGGGGGGATGATTATGTCAGTTATCAAATGGATTATGTTGGCTTATGCTCCATGCAGATATGAAAATCATAGAAAGATATCATCACTCGAGAGATGTGTTTCCAGATTCATGAAGAGTATTACCCTTTGGTAGTGGAGCAACATTCGTCTATCAGCTTCGCGATCTCATATTTTACAATACAGGACAAGATCTTCAACTCAAAGTACG
CP060225.1_gap16	651901	654592	2691	ATGCTTCGAACCATCTTCATCTATGCTCTTATCACTGCTATCGCGACCGGCGTCGGTGCACTCCCCTTTGCGTTCAAAAAACACTTCTCTCCAACACAACAGGCTATTGCACAGGCAATCGCTGCCGCTCTCATGATCACAGCAAGTTTTGGTATGATATATGAGTGATTACATTTTACCGAACATGGTCTCAGTAGTATCACACTCTGACTCTCACGGTCAGCTCGAGGTGTTGTTGGTGGAATACTTTTGGGTTTAGTGTTTATTCTCTTTGCTGATAAGATTATTAGTAAGCGTGATGATCTTTCTCTTGGTCAACTCAGCACCGCTGATACCAAAAAAGTACTTTTGATAGTGGGTATCATGACACTTCATAGTTTTGCTGAAGGTGTGGCGATTGGCGTCTCGTTCGAACCTGCATTGAGTTTCGGTGTTTTTATCGCTCTAGCGATGGCTATTCACAATATTCCTGAATGATTAGCAATATCCAGTGTCATGACGTCCAAAGGTATTCCTCGGCGAAAAGCTGGTCTGTGGAGTATCTTCTCTTCATTGCCCCAACCGCTTATGGCAATTCCTGCGTTTCTTTTTGTAGAGCACTTTAGTGTGTTCTTGCCTGTCGGACTTGGTTTTGCAGCAGGAGCAATGTTGCGAATGTGTTTTTCTGAACTAATACCTGATGCCTTAGAAGGTGCTCCTGCCAGCACGATTGCAACGATTGCAACGATTGCAATTACACTGATGATTATGTTCCAGCAAATGCTCCAATAAATTTCTTTTCACCTCTTTATGCGTTCTTTTCGTATTACGATTGTTTGTTATTTAATCATTTGTTATATGGTTCGATTATGATCATAGATTTCATCTCTCTCCCTCGTGATCGTCGCGCAGCACTTATCCGCGATGTCATCCATCATAGCAAAGAAAAAAACTCCGACCTCAATGCCGTCGTGCGTCGAGAAGACGAATGGGTAGAACACCACATCCAAGAGCAATTGGATAAGCCTCTCGGAGGACTTCCCATCATCATCAAGGACAATATCCTGCTCGAAGGGACAATCAATGAAGCCTGCTCCAAGGTATTGGAATGATATGTCGCACCTTATACATCTACCATACTTCAAAAACTTATCGACCATGGGGCGCTGGTCATCGGAAAAGCGAATATGGATGAGTTTGCTATGGGAGCGAGTAATGAAACTAGTATCTACTGACCAGTAAACAATCCTCATAATATGAATAAAGTACCTGGTGGATCGTCAGGATGATCTGCAGCAGCAGTGGCATCGGGCATGGTACCTATAGCACTCGGTACTGACACAGGATGATCGGTAAGACAACCTGCTGCTTTGACATGAATTATCTGACGAAAACCAAGCTACGGACGCTATAGCAGATATGGTATCATTGCTATGGGATCATCATTTGATCAGGTAGGTATCTTTGCAACCAGTATAGAAGATATCCAGACACTTGATCTACTGATAGCAGGGATAGATGAGAAAGATGAGACGACAGTGAACAGTGGTGAAACAGTCGTGAAACAGTCGTGAAACAGTCGTGAAAAGCCAAAAATTGCCGTGCCGAGGGAATATTTTTCTGATGCTCTCGATTCAGAAATTGCAAAGATTATACACGAAAAAATACAAGTCTTACGTGATGCAGGATATCAGGTCGACGAAGTGAGTCTGCCTCTTTTGGATAAAGGTATCCCCACTTACTATACCCTCATCGGCGCAGAGGTGAGCACCAATATGGCGAGATATGATGGTATCCGCTATGGGCTCCAAGGTGACACATTTGGGTATGACAAGATTAGTGACTATATCACTTCTATGAGATCTGAATGACTCGGTTCTGAGGTCAAAAGAAGAATCCTGACCGGCGCCTATGTCCTGAGTAGTAGTCACTATGAGGGCTACTACGTCCGCGCACAGCAAGTCAGAAGACTCCTCCAACAGCAGGTGGAAGAAATTTTCCAACACTACGATCTCATCCTCGGTCCAACGAGTCCCGAAGTAGCGTGGGATATAGGAAGTAAATCAGATGATCCACTGCGTCTGTATCTCGCAGATCTCTATACGGTGATTGCGAATCTCGTGGGCTGTCCTGCGATATCTGTCCCTGTGGGAGAGGTAGATGGACTACCAGTGGGGATGCAGCTCATGGGTGCACAGTGATCGGATGAGATCATGCTCGAGATGGTCAAGGAGATGGGATAGGAATCGCACCCATTTGTTGTAAAAAGCATTCTTAATAAGAGCTCACTAATAGTTTTGTTTTTTCGTGAAGTATGATGTTTTTCTACGTTCATGATGGCTGACCATACACCTTATAGTGGCAAGAAGATATCTACTTCTTGATTTTTTATGTCTACGAATCTGATGCCATATGCTGTTAGCTGCAAATTTTCGTCGTCTTCTCTATATCCATCATGATAGAGATAATCACCTACAATGGGGAGACCCACACTACTGAGATGATAGCGTATCTGATGAGTACGCCCCGTGAGGATTTCGAGATGGATCATAGCACGTGGTACGTGGTGTGTGGTGTGTGGTTGTTCTTGTATTGATAATATTTTTGTAATACCTCTTTTGACGACGGGATAGGGTGTGTGAGGGATGACGTCTGCATCGATGATGTGAACCCCCTCCCACTTCGTGGGTACTCCCCCTTGTCAGGGTGCTA
CP060225.1_gap17	656721	660662	3941	ATGATAGAGATCCATAGAGGATAAGAAGCAATGTGAAAAGTTTCTGTGAAGGTAATGTTTTTGTTTTTTAATACAAGAAAAACCGCTACTTGCGGTTTCTTTTTTTCTCTTCTTCATATCCTTACTCTTATTGCTGAATTAGGTGGAAGTTCATCGGTATGGGTTTGGAACATCTTATAAAGTGGTTGTACGAGGATACTATTTCGCTTGTTATCTAATTTTTGATTATAAATTATATCCATAACATCTTTATATCTATAATTGTTTTCCCTATTTTTCTTCATTCTTCCAATAGTAGAGAGAATACAATACTCTAGATATCATAAAATTTTTTCTTGTGAGATTTGCTTTTCTTGTAGAAGTTTGATTATTTCTTGTTGTTTTATTTTGATTTCTTTGTGATGGATGTGTCCTTCATTATATTTTTGTTCTTCTGTAGTAATATGTAATTGTGGAGATGCTTCTCCTGCTTTTTGATGTATGTATGCGTGAATACTGATGATTGGTCTTCACATAAATCATTGATACGTATCCTAAAACACTTAGTCTTCTTCCTTCTCTAGTTCAACTATAGTCATTTCTGTATCGAGTTCTGGCCATTCGAGTTTCATACGTTTTTCAAATGCATCGACGACAGCCTCTGCGATGAGATATGACTTGTATCGATTTTTATCAGTAGGAATGACGATCCATGGTGCATGCTTGGTATCAGTAGCTTCAATCATGTCATCATAGATGTCGAGCATCTTGTCATATTTTTCTTTCTTGGACCAGTCATCGTCATTGTGTTTCCAATGTTTGGTAGGATCGGTAAGTCTTTCACGAAGTTTTTCGTCTTGTGCTTCTTTGCCGACATGGAGGAGGAATTTGAGGATGACGGTGTCGTTGTCTGTAAGTAGTTCTTCAAAATCATTGATATGTCTGTACATGGTTTCACGCTTCTCTTTATCCATATCGCCATTGAGAGTGGGAACGATAATGTCTTCATAATGTGAACGGTTGAAGATCTCTATCATGCCGCGCTGCGGTGTGTGCTCGTGAATTCTCCAGAGGAAATCATGTGCAGATTCTTCTTTGGAAGGGACTTTAAAACCTGTCACCTGACATCCCATGGGATTGATAGGGCCGAAGACGTGTTTGACTGCTCCGTCCTTGCCTGATGCATCCATGCCCTGGAAGACAATAAGCATACTATATCTGCCCTGAGCGTACATTTGGGTCTGATAGGTTTGCATTTTTCCCAAGAGTTCAAGGGTTTTGGCTTTGTAATCTTCTTTGTTGTCGTTTTCTTTTTTAGATGGACCAGTAGAGATGTTTTTGAGTTTTTCCATATACATTGACATATTTTATAAAAATGACTTGCTATCTATATAGAAGATAGATAGTATACATTGTAATTGCCGATGGCAAATTATGCAAAAAATAGCCTACCAAATAAGAAAGAGTAGCAAGTAGCAGGTAAAACAGAGGTAACCAATAGCTTATCGCTTTTAGCTTATCGCTTACAACTCCTATGATAGAAAAAGAAGTCAAAATATTGGATGTGCCGTATGCTTTGCTTTGTCAAAGACTGGAGATGGCCGACGCAGAAAAACTATGATCGAAACAAATCCATGATCGATACTGTGACACGCCTGATGGACAGCTGGCTGCCAAGGGAATGTCGGTCAGAGTTCGTCAAGAAGGTGATGTGACTGTGATCACCACAAAATCTAAGATAGTTGGCAAAAAAGGACAGAAAAAGGGGAAATATCCTACGAAAGTAAGAAAAGAAGAAGATACGACAGTTCCCTCCCTCAAAGCTGCGTGGGCAGCGATTGCGGTGATGGGTTTGGAAGTCGTACGTGAAAAACACAAGATACGTATTAGCTACAGGCTGGATGCAAATAGTGTCTGTGATGTCGATTTTTATGATGGACTACCACCGATAGTCGAGATAGAATCTACTAAGAGGAAGGTAATCTATCAGCGGATAAATCGTCTTGGACTTGCTGATTATCGTGTGACGACCTGGGGAAGTAGAAAACTTTTCAGGTATTATGCATGATGATTTTTGTAACAGCAGTTGATTATGGCTGGGAGTTCATAACACTCTGGTGGACTTTGATATATCAAGACTACTATGTATGCTTGTATATGGATGTCTTATTTAATTACGCCATCATCGACCTCATCTCATGAGTAAGCTTCACCCATCTATCTTACCTCTCAGCCTAGTAGAGATAGTCAATATGCTTGGGATCTCACTACTTATACCCATATTACCAAATATTAGCGAGCAATTTGGTGGAGGGTATCTTATGTATGGTATACTACTCTCTATCTATTCATTTTTCCAATTCTTTGCTGCTCCGTTGTGGTGATCTCTCAGCGATATCTATGGTAGGAAGCGCATCCTCCTCATCTCACAACGAGGCACACTTATGAGTCGGGTTATATTTGGCGCTGCATGGTTTGTTCCTATGGATTATAGTTTTCTCCATATTAGCATGCCTCTCTGGGTCATTTTGGCTGCAAGAGTATTTGATTGAATCACTGCATGAAATACGGCAGTAATCAGCGCCTATATTGCAGATATATCCCACACCAAGGCACAGAAGGTAAAATATTTTGGTATTATTGCTGCCATGACATGAGTTGGTATTATGTTATGACCACTATTAGGTGGTCTATCTGCCAATTTCTCGTCTCGATGAAATTTTGGTACTATTATTGGTGCAGCATTCCTCTCTCTCCTTACTTTTACCATTCTACGAGTTTCTCTCCCAGAATCACCATATAAACCGCTTAAGAAACAGCTCATCTCTCTGAAACAATTTATACATAAAATCAATATACCAAATGATATTATAACCATATCAAAATCTGACAGGCGTATGGGCATATTGCGATTGCTCATTGGGGTATTCTTTGCTCTATTTTTGTGATATACTACGATCTATGTCCTCCACGCCACCAATGAATTAGGGCTTAGTATTGTGCAAATAGGTCTGGTGTGAACCATGGTCTGACTTGTATTTGCTGCTAATCAAATAGCTGTGGTTCCTTATGTGAGTCGTCTCTTTGGGCCTTATCATATGTTATTATGGTGACATATTATGATGGCAATATGACTGGGTGGAATGACCTACGTGGAGACTGTCTGGCCATTTCTTCTCTATTCGATAGTACTCGCAAGTGGTATAGCTCGGTGTATGACATTATTCAATATCATCATTACTTCCTATACCAAAGAACAAAATGAAGGGTATATTCTTTGACTCAAAGAATCGATACACGCTGCAGCATCCATTATAGCACCACTGGTCGGAGCCGGTCTCTATGCACTCTTTTCACAAGAGATATTTATTATCTACGCATCTGTTACTGCCCTCATGGTGGTGATCATCTATACGCAGCTTGACCAGGATCAATACCTAGATAAGTAAATATTCACAGCTCGTGTTTATCTCTATACTACCAATATCATGGATTACGCACTTCACCATATCAATAACCTCACCCTCATCACTGCTCCCATCGCTGATGCCAATAGCGTCACTATAGAGATCATGGTCAAAGCGGGTTCGATCTACGAGGACAGACGCACCAATGGTCTGAGTCATTTTTTGGAACATATGTTTTTCAAGGGAGGGAAAAAATATCCGACTCCGCACAGCGTTGCGCTTGCTCTGGACGCGATCGGTGCGGATTATAATGCATATACCTCCGATGACTATGCGGGATACTATATCAAATGTGCACCACTTTTCTTGGAAACAGCAGTCGATGTCCTGCAGGATATGATGTGTGAGACAGCTTTCCCAGAGCCAGAACTCGAGAGAGAGAAGGGTGTCATCACCCAAGAAGTCATGATGTACGAAGATGATCCCGCCTCACTCGTCTGGGACAAACGGGCACTTGCCTACTATGGAGATAATAGTTTCGGTCGATCGACACTT
CP060225.1_gap18	663006	663910	904	TATAAATAAAAGATTCCCTCATGTTAATGAAATTGTTTCCCAATTAGCTACGCCATCCGATTTTAACTGTGCTAATTTTTCTATATCTAACTTTCCTTCTTGGGTAAAAATAGTCATTTAAAATCAATAAGTAGATAAATAACAAAAATATATAATATATTCACATATATACATTTATTATAATATTGTCAATAGTAATTACATAATTTCTATCCCCCACCCACACTGCTGCACGGTCTCAGGATCGATGCTGTCGAAGAGTCGACCAAGGAGTACCGTCGCATATGATCCGACTGGAAGAGTAAAGGATATGATAAGATCGTCCTCTTCTCGATGGTAAGTAAGATCTTCTGATATCACAAAAAGTGGTCTACGATGTCCTCGGAGATGATAGGCTCTCGCGAGCTGTTCGCGGAGCGGGAAGAATTGCGCTTCACCAAGCAATTGATCTTCATACGCTCTTGCTCTCGTCTCCTCTGGCGCTAGCAGTATCCTGCCACCCATCATGAGTCCAGTAGAGATTCGCTCAGTGGCATAATCAATCGTATCAAAAAAATTCTCTGGGACAAACGATGATTGGTTTTCATATCTGTCTTTGAGCTGAGCGTAGTCGAAGGGTCTGACTACCTTTTTGGTATCATCATAGACGCCGTACTGACGACTCCCCTGCTCATCCTGATGGACGAGGATATCTCCATCGACCAAGAAGTCACCCGACTCATACCTACGTACGGCGAGCTGATTGAAATACAGCGACGGAAACGCCTGCAACTTAAGCTTCAGATGATAGTGCTGTGTAGGATCAGGGATATGATCAAGACGGAAAAAGTCCATCGCTCTCTCGATATTTCTCCTACCGAAGCGCTGCTCGCCAAAAGCATTGGGAAATCCATGTGTCTGGATA
CP060225.1_gap19	711907	714865	2958	TAGCCATACCGACAAATGTACTAATCAACGTCACGATCAGAAGGAGAATAGAAATGAGCGGATTGGATGATCATCACCCTATCGCATCACCACCGACGATCATATTAGCAGAATCACCCACAATCGTCAAAAGGAGGAAAAACGCAAAGCCCAAGATTGCACCCAATACAAGTCAGATAAATGTTTTGGTAAGTGTGGTACCGATAGTGGTAGATGGAGGGATATTGTCTCGTGTAGCAGTCATACGTTATAGATGGAGGATAAAGTTATGGTGTGATACATCAGAAGTTTTCTTGTCGTGCATCGTCTCGTTTGGAGCGGAGTTTTTTGGATGTGGTGAGATATGATATGCTTGTCGTGGGTGTCGTGGAGAGGAACACATAGGAGAGATACATCGCTGTATCATGGATAGGATCGCCAATAAAATCAGCATGATAGAGTCTATATTCTTGATCACAGTCACTCGTCATCGTACGTATCTGATCTACTCCGTATGAGGGATATGATGACTGATTCACAAATGTATCCATATCGTCAGTAGTGCTGATAGTCTCCATGGATTGTGCGATCAGCGTACCTATCGTATCATCGCCATCCATGTGTTTATAGGAGGTGTCAGCAGTGGTTGTATAGTCTTTTTCGTATGTGCCAGGGAGATCTACCCTGTATGATCCAATAGTAAGTGATGAAGAAGATGACCCGCATCACGACAGACCTACTGTGCAAAGCATGATCGCTGTCCATCCTACTATCCTAGAGCAAAACATATGCCGCCGCAAGTATAGCACCTAAAAGTAATCCACCCATAAATGTTTTGATCATAAGCGATGACGATATCACATCATCCTCGTGACTTACTTTCCACAGTTGCAACCAGACATACGCTATCATCACACCTGCAAGTACCAAATATCATGGCACCACAATCATGGTCGCAATATTTGCTGTCTCTGTTCCAAATAAAATTGGTCCTCTCAGAACAACCAATGCAGCTATCAGTGAAGTGAAGAAAAATAGACCTTTGATGATTTCAAATAATATGACCATGCCTGAGAACAATAATATGAGACAAATATATATAGACACAACCCTGCCTACATATCTGATGGATCATGATCACTCATAATACCACTACCAGATATTACCATACATAGCTTCATACTATCAAAATAAGCTATCTTTGCAAGTGATATCCACAACAATCCATAGGGTAGGCTCATGTTAGTGTCTAATCTGTTCTCTCATGATGCTGTCGAGATTGCCTGCGCTCGCGACCAAGATCATATCATCCTCTGTCAATGTCTGCAGTGATTCTACCAAAAGCTGCTCTGACCCTATATATTGTCCTCCTACTGCCTGTGCAAAGGCTGCTCCGAGATCGTCTGAATCGTGTGATATCTGACCAAGTTTTTCATCTAGTAGATCTTGTAAATCTTCTCGCTGTTCTCTGGCAGTATATGGGTGATAAATTCGTACCTGATCTGCTCCCTCTAGAGAGTCAATAAAATCGTCTCGTAGTGAGAGGAGACGTCTGGCTTGGTGTGGCTCGAAGAAAATAATAGTATTTTTCTGAGGAAAATGAGCTTTCATCTCTGGGACGAGACGCTGAAAAGCATCAGGATGATGACCGTAGTCAGAATACACTTTGGTCCCCGTGGAGAGCTCGCCGAGATACTCCATCCTCCTCCAGAGTCCGGTAAACTCCTGTAGTGCTTGCAGCGCTGCCTCGCGGTCAAATCATGGATCTATCTGCTCCCATGCTACCAATGCCAGTGACGCATTGTATGACCAGAATGACCCTCGAATATGCGCAAAATCTATAGCAATTGGAGTGACAGGGATAATGGGTGCTGTCGGAGTAGCACTCTCTGCCAGTGTGACCAACTCACTATCATCCTCAGGGAGGATAATCGCTGTCTGGGTCTGCTGTCGGAGTTTGGCAAAAGCAGACTGGTAGGAGCCCAAAGTCGGATAATAATCATGATGATCATGAGTCAGATTCGTCGTGATCGCGACATCGGTATCGTACATCAGGAGGTGTTCTCTATGCTCACACGACTCCAAAACGAAGACAGACTGTTTGATAGTGCTGATCATCAGCGTCCCACGTAAGATGTGCTCCATCACCTCACGAAGATAGTCTTCATGTCATGCTCCGATGATATAGTTCTGCTGATCATGATCAGGCAGCATGGCTCCGACGACACCAAGCGCACATTGTGCTGATCCAGTAATACCTGCCGTGATAGCAAGTGCTGTCGTACTCGATTTGCCATTAGTGCCTGTGACTGCCATCGTACGGAAATGCTTCGATAGCTCAGCGATGAACTGATTGTATGTCATGGGCACATGATAGTGCTTGGTCTCCTGTGCCTGATATGCGAGTGATTGCTGGACTTCTGGACCATCATAGATAGCCTGTATATCCGAGTAGATGACAAAATCATCTGGCTGTACTTCGTAGTTTCCATGACCGATGATGATATCAATCCCTTTATCAGACAAGGTCTGTGTAATCTGCGATTCATGATCATTGATACCGACGATATTTTGGTAGCCTAAATCATGGAGAATACCAGCGATAGCTGACAGTCCTGTCCCACCCACTCCGACGATGACGATGTTATTAAGATGGATCATGACAACAGTGTAGTAAAGTCATAATAATCAGTACTGTGCAACTAGGATATATTCTTGTATATTTGATTTTCCACTTCTACACTGCTACTGGAGCACTAATTCTCGGATGAGGATCATACCCGACCAGCTCGAAGTCCTCTCGTTCGAGTGCTTCTATGTCTTCAAGAGTTTTGATGTCTTTAAGGATGTTGAGCTCAGGCAGTGGACGCGGTTCACGTCCCAATTGCTCATTGACCGCATCTCGGTGATTTTGGTAAATATGTGTATCACCCAGCGTATGGACAAAAGTCCCTGGCTCATACCCAGTGATCTTGGCTA
CP060225.1_gap20	736702	737996	1294	GAACGTGTCGACTTCGTCGAAGGACAGTTTGTGATGCTCGAGCCCAATATCATCTACAGCCATCCGCACAAACCACCCAAAAGAGCCTACAGCATAGGTAGCACCATGCAGCAGATGATCAATAGCAATACGCTGACGACTATCGTCAAGTACACCGGTCCTGGTGGCATGTCGGACTACCTCGTCAATCAACTCAAGGAGTGAGACAAAATGAATCTCATGGGCTCCTATGGACACATGGTCGACAAGGGTGTGTCGAAAAACTATCTCCTCATCAGTGTAGGTAGTGGTATCACTCCCCTCTATAGTATCTACCAAAAACTGATCCAGACCCACGACTACAATCGTATCGCACGGCTGTATGGCGAGAAATTCTCGAAAAACCTCCTCCCTAATCTCACGCATGAGCGAGCGTTCAATGAGTCTCCTCACTGTCGTCATCGATGTCACCTCAGTAGAGAGCAAGATGAGATGCCTGCAGGACGACTTCCTGGACGCGTGGGTGAGTCGCTCGATGCGGCACTAGAATACCTAGAGACTACGGATATCAGTATCTTCCTCTGTGGCCATCCCGATATGGTCGATGAGATAAGGTCAATACTTATAGAAGAAAAATGATTTGAAAAAGGGCAAGTGAAGTTTGAGAAGTATTAGAAATCCATACCAGTCACTAAAGATAATAGCTCTTTCCCGTCAGTAGTATCCATATTTGCTTCTGGATGGAATTGAAAACCTCGTTGAGGTTTTTCTTTGTGTCTGATGATTTCATGCCCATGTGATGATTGTGCAAGAGAAATCAAATCTTTACTCAATTCTTTGATAGTGTATCTATGCGCTTCATATACTGTATATGTCTTATGGTTGTAGACAATATCCATATGAGTTTGTAGCTTCTCTGATAAATGATCAAAATGCGATCAATATGCTTGTGCTATAATCTGTGCTCCTAGGCAAATACCTATGATAGGTTTGCTTGTGGTGCGAATAAAATCCTCTTCATAAACATATGGACTTGGTTTATAAAAAACACTATGATGTCATCATCCACTGAGAACATAAAGATCATATGCTTCTTGGTCAAATTCTTCTCCAAGCTCCACAATATCGATATTATGTTCTACACACAATGTTAGCAAGTAATCGATATGTTTGGTTTCATTATTGATGATAAGGATTTTCATATATCTACCAAATATTAGGTGAAATTTGAGAAGTATTAAGTGTTGAGTAATGTTTTTTCTGGTACATTTCCCGCAAGATACTCTTGGTATCTTGTTTTTTGTTGTTCTGTCTG
CP060225.1_gap21	888954	890617	1663	TAGTTATGGCTCTTACTCATGTAATCTCAAGTTCATGTGTCCGAGCAACCTCCCCATTCTCAAATTTCCACCTCTCAAGATCCCTGATATTTATGTTGATCTTTCGCATATCGATGCAGGAGTAGAGCTCACATTACCAGAGATGTCATTCATTTCTCAATCAGTGACACTTCCATTACTTCCAAGCATTCCTGAGCCTCCAGTGATGGATATAGATGTTACAGTAGGTGATTGGGGAGATATTGCTATTGAACAAGCAATCTGATTCTTTGGTGCAATTCCAAGTATTCCATCATTGCCACAGTTGCCCACACTTCCACCTGCACCAACATTGCCACAGTTACCGCCTATTATACCAGAGATAGATATGACGTTACCATATTTGCCACCTCCACCAAAGATTCCTTCACTTTCTCCATCGATCCAGCAGATGATCAGTGTGGGTGAGACGATAGGTAAACTCTACTGTATCATGAAAGGTGAGATAGGCCTTGTTGCAGAAGCAGGTGTCAAAGCCAAGATAGAACAACTTACCCAGAGAACACGAAATGTGCCCATTTTTGATTATTTCAACCTTACTCATCTGACTGATTCACCGACACTTGAAGGTATGGATTTGGAAGTAGAGTCACTGGTTGATTTTACTATGAATATTGATGCTATTTATTCCATTATTGATAGTGTCGCAAGTGTTGCAAATAACTTTACCAACAAACTTACATCAGGAGCTAATCTCTTCCTCCAAGAGTGAGCAGGAACAGCAGCAGGTGCAGTAAGTGAAGTAGAAGATTATACGAATGTTAATCTCCAGGGAGCAATACCACAGACTGATTGGGATGACTTACTTGAGTCTATTGCTCTGATTCAAGCAGAAAGAATGACACCATCAGACGACTTATCACGTCTTACTGCTATTGCCCAGGATCGTCAGTCATCACATGATGAAGCATCATATGACACCGAAGCAGTCACACGTCAGCAGGAGGCTGTCATCACTTCATTGGATACCTACCGTACGCAACTTGCTTCCGTACAGACGACTATCGACCCAGGTAGCATGGATAGTGTGCTTGCACTTCTTGATACACATACACTGATACCAGTAGAAGATCAGTCATTGATTGCAGAGATGGATATTCCTGCATCGTTTGATACGGTGCGCACACTCAATCCTGCACAAGACTATCTCACCCAACAGCAAAAAATCCTTGTTTCATATCAACAAGATATCAATGCAAACACAGCCCAAGACCTTGCTCTCACAGAGCAGTCATACGATCAGATGCGTACAGCACTTACACAAACCAAAGCATTGGTTGCATGATTGATTGATCCATCTGACACACGTCCATCTTTTGCAGCTACAGAGGATCGCCTAGCGCAAACATCATCAGCGACAGCATCGAGCACGATTAGCTATGACTATAGCCAGTATCTTCAGGGCACCTACTTCCTCTCAGGAGGCATAGCATACGATGTGATTGCATCAGAATACTGGGAAGATGAAATCGTCGGATACCTCCAAACAGATCTCAATCATGACGATGCAGATGAGATGATTCTGCGAGATGGACATAGCATCTATATCAAATACGCCAATGACAATCAGACCCATGAACCGCATCTTGCCTACGGAGACGAAGGAGATGTGCGATATATTGAT
CP060225.1_gap22	925138	928014	2876	CAACCGCCTTGTAAGCGGTAGGTCGCGAGTTCGAATCTCGCAGCTGGCTATCTTACAGTAAAAAGCATAAAGTAAAAAGTAGAAATATATGGTAATGGAGCGGTAGTTCAGTTGGTTAGAACGCCTGCCTGTCACGCAGGAGGTCGCGGGTTCGAATCCCGTCCGTTCCGCCATTCTCATTAGCACAACGATTATGTTTTGGCCTCATCGTCTAACGGCTAGGACACGGGACTTTCAATCCTGCAATCGGGGTTCGATTCCCCGTGGGGCCGCCATTACAGTAAGGGTGATTAGCTCAGTTGGCGAGAGCGTCTGGTTTACACCCAGAAGGTCGCGGGTTCGAATCCCTCATCACCCACCATTGTTTTTCATTGTGTATATATTGCTCTCCGGGCCTGTAGCTCAGTTGGTTAGAGCAACCGGCTCATAACCGGTGGGTCCCCGGTTCAAGCCCGGGCAGGCCCAATCCTTACAAAAATTATCAGACATCTGTGCGGGTGTAACTCAATTGGCTAGAGTCACAGCCTTCCAAGCTGTTGGTTGCGAGTTCGAGTCTCGTCGCCCGCTCCATCATCAAACTGTCCCTAAAGGATGGTTTTTTGTTTTGTCTGATTTTTTTCTTGTAATTATTGGAGTGGGTGCGTACTGTGATTATATTCTTTTATTTTTTGTGATATGCTTTATGTTTCCTTCACTTGTTTCATGGCTTCCTGGAGGACAGCTGATATGGGTTGTATTAGTGGTGTTATATATGTTGGTATTGATTGGTACGACATATCGTATTATCATGGATACGGAGAATTCTGGTAAGGCACTTGCCTATCTTCTACTACTCTATATGCTGCCAGTGGTATGACTGGTGTTGTATCGAGCAGTAGGCAAAAATTATAGAAAACATAAACTATATGATAAAAGAATTTTTACAGACACTATTCGTCGTGATGTGATTGAGCCGCTTCTGTCTCAGTATCATGATGGCATTATTTCTCGCCATGAGGAGCTGATCCATTCGCATTATGGATCTGTGATAGATTTGTTGACATATGGCGGGGAGAGTTTTCTCACAGATCAAAATGATGTCACACTCCTGATCAATGGGGAACAGAAATATCCAGCACTCTTGCAAGCGTTGCGTGAAGCCAAGGACACTATCCATATGTTGTATTATATTTTTGATGATGATGAGGTGGGGAGAGAAATAGCTAACATTTTGATGGAGAAGGCTCGTGAAGGTGTGTCTGTTCGTTTTGTTTTTGATGATTTTGGGAGTAAGGGAATTCACAAACACTTGGTACAGCAGATGCAAGATGCAGGTGTGGAGTTATATCCATTTTTCCCACTGAAGTGGTGGTCGTATCTGAGTCGTATTAATAATCGTAATCATAGGAAGATTGTTATTGTTGATGGTTTGGTAGGTTTTGTGGGTGGGATCAATATTTCGAATCACTATGATAATAGGCACGAAGATACGAATCATATGTATCGGAGGGATACCCATCTTCGTATTGTGTGACCGGCGGTGTGGCAGCTGCAGGCGATGTTTGTATCTGATTGGCATTTTGCTTCAGGAGAACCTTTGGATCCAAGCCCTCATTTTTTCCCTTCGTTGGATGCTTTCTCCTCCCCTTCACTGGATACAGCTGTACAGATAGTGGGGAGTGGGCCTGACTCTTCTTATCCATCGCTTTTGCATGGCTTGCTTGCATCCATCAATACAGCCCAAGAACAGATATTGATTACGACGCCGTATTTTGTCCCGACAGCAGATTTTATCACAGCATTAGTGTTGGCATCTCATCGTGGTGTAGATGTGAAAGTTTTGCTTCCTCACAAGGGTGACTCTGTTTTGCTCGATGTGGCTAATCAGGCATATGTAGCTGATCTACTCGATGCTGATATAGAAGTATATTTTTATAATAAGGGATTTGTCCATGCGAAGACCTGTGTCATCGACAGGATGATCGGTATTGTAGGGACTGCTAATCTGGATATGAGAAGTTTTGATCTAAATTTTGAGGTCAATGCGATGCTTTATGGTGCTCCAATGGCGCAAGAACTCACAGATATCTATCTAGCAGATTTGGCAGATTCTATCCGTGTGGATCGTGATACATGGAGTCAGCGTCCGTGGTGGAAACATTTTCTTCAACAGATAGTTCGTCTTTTGGCACCACTTTTGTAAGTACTATTTGGGGTTGCGTCTGAAAAAGATTTTGGTATAATGGATGGAGTTTATCTGCTATATCATGTCATGAGACGTCTGTGGATCGCTTTGATCACGCTGATGATAGCAAGTACGACACAGTTGTCGGTACACGCTTTTGTGATGCATGATGTTTCAGTCGGTGCTGGATGTCATGAGGCCAATACTTCTCACGACACGAGCAATATGTCTCTATGTACTGATCGGATTAGTACCATGTGAATGTCTACATTGCCGCTTGTGATATCATATAATCATGGTGTTGCTCCTTGTATCGTTGATAATGTGTTATTGTTGGAGATTGTATATGATAGGATATCTGATATACTGATCTCTGCATATGATAGGAGTGGTTCACCACCTGATAATTTTTTGAACTCAGTTGGATCGCTGGGTCATGGTGTCAAAATGCATTGTTAATAGTTTTCTACTTATCTCATACATCATTGCTGTATAAGCATTTTTGCTATACGGATTTTGTGTGGGATTTTTGTTATAGTGATTTCAGAGTAAATCTATTATTTTTTATCTTTTGGGTAGTTTCGTATGAAAAAAACATATACTATAGATGGTATGCATTGTAAGGCGTGTGAGCTTCTGGTCAAAAAATCACTTTCACATGACATCAAAAACTGTTCTGTGGATTCAGCCAATCATAAAACATGAATAGTAT
CP060225.1_gap23	929740	932526	2786	TGCATTGTGCACATTGCCTATAGCTACTATGATGTTTGTAGATTGGTATGCTCTTTTGGGTGCTGATGCTTTTTGGTTGGATACGTTATTTCTTGTCTTGGCAACTATTAATGTGTGAGTCTTGGGAAGGGGTTTTCATATCAGGATGATCAAAAAAATCCGTCAAGGTCAAACGAATATGGATACGCTTATTTCTCTATGAACAGGGATCGCATTATTGTATAGCATATATGCATATATACAAACTTATGTGTTTGGCAATCCTCTGGATATGGGTCACTTTTTGATGGGTGCAAGTTTTATTATCACTTTTATTCTTCTGGGGAAATATCTGGAAACCAAAACGAAGGGTCAAGCGTCACAGGCGATCCAAAAACTTCTTCAATTACAAGAAAAAGATGCTCTTGTGTTGCGTGATGGTACAGAGGAGAGGATACCTATTGATGCGGTGCAGATAGATGATGTCGTAGTGGTCAGAGCTGGTGACAAGATACCGGTAGATGGTGTAGTCTTGGAATGATCATCTGATGTAGATGAGGCTATGCTCACTGGAGAAAGTATACCAGTCACTAAAGCTGTAGGTGATGAAGTTTATACTGGTACTGTTGTTATCAATGGCACCTTTCATATCCGTGTGACGACTCCTGCCAATCAGACTATGCTTGCTAAGATTATTGATGTAGTTAATAATGCTCAGGCAAACAAACCACCTATTCAGAAGTTGGTTGATACGATATCAAGTTATTTTGTGTGGGCTATCTTGATCGTGGCTGTGATAACTTTTGTTGTGTGGTATAGTGTGACAGGGGACGTCAGTCGTGCTTTGTTGACGATGATCTCGGTGATTGTGATCGCATGTCCATGTGCTATGTGATTGGCTACACCAGTTGCTATTATGGTTGCATCAGGCAAAGGTGCCTCTGAATGAATACTGATCAAATCGGGTGAAACACTCGAAAAATCTAAAAAGATAGATGTTGTGGTTTTTGATAAGACAGGGACTCTCACACAAGGTAAACCACAGGTGACTGATGTGGTTGCTGTCGATGGTGATGATATGGAGATAGTTGCTATGGGTGCGTATCTCAGTGCATCTTCACATCATCCTCTCTCCCAGGCTGTAGTTCTCTATGCTGGAGATGCTGTGAGTTCTATCACTTTGGATGCATATCAAGAAATCTCATGACATGGTCTTAGAGCAATAGATCATGAGACAGGTGAGGTGCTTCTTTTAGGCAATAGGAAACTTTTGGATCGTGAAGGTATTGCTGTATCGGATGCTCTTGTTGGGCAGATGACAGCACTTCAAGAACAAGGCAAGACGGTCAATCTTGTCGTGAGAGGTGATCGTGTTTTGGGTCTGATTGGGCTTTTGGATACTCCCAAAGATGATGCTGTAGATACGGTATCTGGATTGCAGCAGTTGTGAATAAGTGTTGTGATGATTAGTGGGGATACCCATAAGACAGTCCAAGCGATTGCTGATCAGTTGTGAATCCAGAGATATTATGCGGAGGTCCTCCCTGAAGGTAAAGCTTCCATTATTGCCTCTCTTCAAGAGCAGGGTAATTTTGTTGCTTTTGTGGGGGATGGTATCAATGATGCTCCTGCTTTGGCACAATCAGATCTTGCTATCGGCATGGGACAGGGTAGTGATATTGCTATTGAAACGGCGGAGATAGTTTTGGTACAAGGTCATCCAAGCAAAGTACTGGAAAGTATCAAACTGGCAAGAAAAACATATGCTGTTATTAGGCAGAATTTGTTTTGGGCTTTTGCATATAATGCTGTTTTGGTCCCTGTTGCTGCACTCTGATTACTTGAGCCGATGTATGCGAGTTTGGCGATGAGTCTGAGTAGTGTGAGTGTGGTTCTCAATAGTTTAAGAATTAAAAGATAGACGTTTTTTTATTTATTGTTATATCTTTCTCGTTATGAATAATATATTTTTTGTATTTTTTGGTATGTTGTGAGCAATGGGTCTGGTAGCATGATGTGCGACTGGTCCTCGTAATATTGTAACCACTGACATACCATCTAATGAATCTCCTGTGGCGACTGGTGCTGATGATGCTGTCTCTGAACTTCCTCAACTTGCACAGGAGCAGGAGATCGTCAATCTCCAGGATGGTGATACCTATACGATAGAAATCGTAGAAGTGCAGAAAGAAATCGGAGGTCAGATGCTTCGTATGTTTGCGTATAATGGATCTATTCCTGGTCCAGTGCTGAGAGCTCCACAGTGATCTCATGTGACACTTCGTGTCATCAATCGTATATCTGATATAGAGACCACTGTCCACTCTCATGGACTCAGAGGAGCCAATACGGAAGATGGGGTACCAGTAGAGATGGGAGGTCATGATGACCCTATAGGTGCTGGAGAGGAGCTTATTTATGAGTTGGAGTTTCCTGATGAGGGCGTGTTTTGGTATCATCCGCACGTGAGAGAGGATTTGCAACAAGAAATGGGTCTGTATGGTAATTATCTCATCATGTCATCTGAAGAAGCACCTGTCAACCGTGAAGAGACGGTGATGTTGGATGATATCTTTTTGGACAGGCATGGAGAGATTGTACCTTTTGATCCAGAGGTAGGAGATTATTCATTGATGGGGAGATTTGGCAATATGCCACTTATCAATGGTGATACAAACTATGAAATAACGATGCAACAAGGAGAAGTTGTCAGACTTTATCTGACGAATGTAGCGAATGTGACGCCATTTAATCTGGGTATTTCACCATCTGTACTTCGTAGTGATATCGTAGATCCTGCTGATATA
CP060225.1_gap24	936643	940082	3439	GATCATGACGACATCGATACCCATCTTTTGTAGTCATTGGATGGCATGGATAGCATCTGGTTTGGGTGTGTCCAAAAGACCAATCAGACCGATAATCACATCTCCCTGTACGAGGAAGTTGACTGTTTTTCCTTGCTCTTGGAGCGTGGTGACTTGTTGTTGTATCTCATCACTGATGGTCACTCACTGGGATGCAAGGAGCTTACGATTACCAAAGAGTACTGACTCTCATTCGTAGACTGCACGGAGACCGTGTCAGGATATTTCTTGGAAGTCGTGAATCTGTATCATATCTACGAGATCATCGGTATATTGTGTCACCGCTTGGGAGAGTGGATGATGAGAATTTTTGCTGAGTGTGGATCCCAGTGTGAGGATATGGTCTTTCGTCTGACTTGTTTCTAGGGCGATTACATCGGTGACTTGTGGTTTGCCTTCGGTTAGTGTTCCCGTTTTGTCAAAGACAACGATGTCGATATTCTTCGACTTTTCGAGCGTTTCTCCTGATTTGATGAGGACTCATTGTGATGCACCTTTGCCAGAGGCGACCATGATAGCAACGGGAGTAGCTAGTCCCATCGCACATGGACAAGCAATGACGATGGCGGAGATCATGATGAGCATCGCTTGGCTGAGATCTCCTGTGCTGAGATACCATGCGATGAACGTAATCACTGCAACAGCTAATACTCCCCAGACGAAGTAGCTAGAGATCGTATCGACGAGTTTTTGGATAGGGGGTTTGTCTGCTTGGGCAGTATTGACGACATCGATAATCTTTGCAAGCATCGTTTGGTCAGATGCAGTGGTCACGTGGATATGTAGTGTACCATTGATGATGATAGTGCCTGTGTAGACCTCATCATCAGTAGATTTGGTGACGGGGATACTTTCACCAGTAAGCATTGCTTCATCTATGTCAGATTTTCCTTGGATAATAGTGCCATCGACTGGTACTTTGTCTCCGGCTCTGACGATGACGGTATCACCGATGACGATCTCTTGGATAGGGAGTGTCACTTCTTGGCCGTCTCTGAGGATGATGGCTTCTTTTTCTTGGAGTTGGAGGAGTTTTTGGATGGCTTGTGATGCTTGACCTTTGGTCTTGGTCTCGAAGTATTTGCCAAGTAAGATAAACGTGATGATAAAACTCGCTCCCATGAGGAAATGTCCCATATCAGTCGGTGTACCGAAAGCGTACGTCTGTATATACGCAAACCACGAATAGATGATGGCTACGCCCGTACCGATGGAAATCAGGGTGTCCATATTGGTCTGGCCTTGTTGTGCCTTTTTGACCATACCGACGTGGAATCTTCGACCCAAGATGATGACGTTGATCGTGGTGAGGAGCAGAAGAATGGAGTCAGACCAAAACGCATGATCCCCCAATATCTCGTGCCGATTGACAAACATCATCGTGGCTATTGGTAGCGTACAGATCGCAGAGTAGATGAATGATGTGAGATAGTTTTTGGTCTCATGTGTATTCGATTCTTCGGTGACGGTATAGCCGATTTTGTTGATTTGTTGGATGATCTCGTTGAGTCAGAGTGTCTGATCATCATAATCGATGGTAGCACTATTGGTAGCAAGATTGGCAGAAACTGACTGGATTCATGAGAGTTTGGATACTCATTTTTCGATGATGGTACTACAGCTGGCGCAGTGCATTCATCCTATTTGGAGGGTGGTTTTCATCTCTGTGGTGGAATTGGTAAAGTTGGTGGAATTGGTGGAATTGGTAAAGTTGGTGGAATTGGTGGGGTTAGACTATATGATAATTGCCGCTATCAGTGATAGCTTGGGTGATCGTCTCTCGTCAGACTTTGGACTCATCATAGTCGATGGTAGTCTGTCATGAGTCTTTGTTGATATCAACTGATTGGATACCATCAAGCTCTTCCAGATTCATCGTGATGAGCGTAGCACATGAATTGCAGTGCATGCCTTGGATAGTGGTAGTGGTTTTCATAGTAATAATAGTAGAATAGAATAAAGAGTTTTAGTGCTGTATATGACACTGTGCACATCCACAGTGATTTCTGCATCGAGTATCCAAGAGTGTCCCATCTTCTGCTGTATAGGTGGAACAACATTGTTTGTAGAGTGTGCTGAGCTTTTTCTTGGATCTGTGGATGAGGACTTTGACATTGCTGAGCGAGAGATGAGTCTGATCGGCGATTTTTTGTAATGGCGTATGATCGAGGTAGGCATCGAGTACTGTCTTGGTCTGTGGATCCAAATCATCAATCATGGGTATGATACAGGATGCAATATGGTGTGCGAGTTGTTGTTCTTTTTGATCTTCTGATTCGAGACGATCCCGCCATGCTGTTTCGTATGGTTGTTCTTGTTGTCTGCCTTCGGAGCGATACCAGTCAATAATCGCATGCTGTGTGATACGATATAACCATGATTTGGCGAGTTCTGGTTTGTGTAAGGAGTGTCTATTTTGGTGTGCTTTGAGAAATACTTGCTGCAGAATATCATCCGCAGCAGATCCTGTCACACGAGCTTTGATATACTGATGTATCTCATCGCTATAGCGATCATAGAGTATATCCGTACTTAGCATGTGCATTCAGTACATTGACATGAATTACAGGTGCATGTGTTGCAAGTGCATGAGGTGATTTTTTCCATGGGTCATGAGAGAGATATTATAAAAGATGATCATCATTGATCATATACTATGACGTATTATGATAGAAAAAGTTACAACTTTTTTGTACTTCTTGATGATGGGTGTTGCAAGAGGAGTGCGGTCATTTCTTTTTGCTTTCTGTGTCTGGATGGCTATAGTGTCGGACAGTTTTTGCTTTGTATCAGACTAGGAATATGTTATTGAAGTTATGAATGATATTGGCGTATGCACTCGTGTCGTTTGCGCTAGCACTTGTGCTCTATCCATCATATATTGTATGGCTCAAACGTCTCAAGGTAGGGAAAACCATCCGTGAAGATAGTGCTACAGGTGATAAGGCGAAGATTTTTTCTTCGATGCATGCACACAAGGCGGGGACTCCCAATATTGGTGGTGGACTTTTTGTAGTGATGGTATGAGTGATGATTTTGGCATCATTGGTGCTGTGGAAGCTGGACATCATCAATAATCCTCTCATCAATAGGGAGGAGACCTACCTTCTTTTATTTTCATTTTTTTCATTCGGTGCGTTAGGTTTGGTGGATGATTATCTTAATATTAAGGGTCATGGTACTGTCAAAGGTCTGAGCGCTAAGGCAAAGCTTCTTGGTATGTTTGTGATAGCTGGTATATTGGCGTGGTGGTTTTGGTCTCGTTTGGACGTCAATTATATTAGTTTATCTCCTGATTTTCATCTAGTAATCGGTTGATTCGCGCCGATATTGTCATTCTTTTTAACTCTGTCTATAGTTAACGCAATTAATATTACTGATGGACTTGATGGTTTGGCGT
CP060225.1_gap25	941989	944367	2378	CGTTGAACATAGTAGTGGTTGGCGTCTTTTGTGAGCCTATATGAACTAGGTTGTCCTCACTATATACCTCTGATGCAGCGAAGTATTTTAACTAGATAGTTTCATATGAGTATGCACACCATATTCCAGGCTTTCATAAGATTTATAGGTAAATATTTCTGGGTAGTCTTCCTGCTAGCAGTAGCACTAGGACTCACACTCCCAGAGCAGATGAAGCACCTCTATCCACTACTAACTCCGTTAATTATTGTAGTAATGTATTTGGGTGCCATTGATATCGAATATCACAAGCTTCATGAGCTAAAAAACTATTGAAAATCAATCATCCTATATTGTGTAGTTATGATGATTGTACTCCCAATAGTGCTATACTTTTGATTATCGCGACGATCTCCTGATATTGCTACTGGAGTATTTTTACTAGCTGCGGCTCCAGCTGGTATAGCAACGATTGCGTTTGTGCGCATGATGTGATGAAATGCACTACTGGCTTTATGTATTGCTGTCATTACAACAGCTATGCTTCCTATCACACTACCACTGATGTCGGAGTATATCGTAGGCAGCACAATTGCTATAGACATACAAGGCATGTTCATTGATTTGATACTCTTTTGTATCTTACCACTTCTCTGAGGATATCTCACGCAGCGCTATATGCGCCCTCTTGCCAACGCGCTACACCCACATATAGATCGATTCTCTATTGTGCTTATATGACTGATGATAGCCTGACCAGTAGCATATAATGCCGACCTCTTTCTCAGTATATGACTCTGGAAGTTACTTGCTATAGTGTGATGATTATTTATCCTGTCATGAGTACTACATATCGTATGATGGATATGTTTTGGTAACAATAGACCCAATAATATAGCCTGATCATTGGCAAAATGATTTATGAATATATCGGTCACGACTGTGATCGCTGCCAAATACTTTTCTCCAGCTGTATTGATTATAGTATTGCTGTATGAGTTTCCTCGGGATTTGATGCTCATACCATTTGCTTGGGTAGTGAAAAAGATGAAAAATACATAAAAAGTAGTGTTTAACTTCTCATCATACAGCTTATGACCCTCTTCGCCATCATCTTCTACCTCCTGCTCCTCGATGCTCTCGTCGCCAATATCATCGCACGATTCGGAGAAAAGCGATATGTTCGTCACTTTCGTCTGATGTCGAGATTTTTCCCTATTACCAAGGGATGGACGACCTACTATCTCGTTTTGGTGCTGTACATCGGCTATCTCACAATGAGATAAAAGAATCGGGTTGTAAGATAATTTTCTCTTGCATTATGCATCATAAATAGATATATAGACAATTATCTATATATTATATCATTATTGAAGAAAATATGGATTCTGTATTTAAAGCATTAGCTGATCCCACCAGAAGAAAAGTGATCTGACTGCTCAAAAAGAAAGATATGTATGTGAATGAGATACTAACACATCTCGATATATCGCAAGCTAGTCTCTCACATCACCTTGACATACTAAAGAGGGCAAATCTTGTCATTGCAGAAAAACAAGGACAATATATGCTCTATAGTCTCAATATATCGGTATTTGAAGATGTTGTATGAATATTCTATGATCTTTTTAAATAATATACTCTACCCATCATGAAAAGAACTTATCAGGTCATCCAGATTATGTTTATCTGTATCACTATTATAGTTGCTCTGACCACATATCATCTTCTTCCTCAAGAAATCGCAACCCACTGGAATATACATGGTCAAGTTGATGGATGGGGCAATAAAGCATTACTTTATCGGTTGATGCCAGCATTATCCATAGCGATCCTACTACTCATGAAAGGGTTGCCATACATTGATCCCAAGAAAGAAAAGTATGCACTCTTTGCAAACACATACGAAGGTATGCAAACTATCTTCACAGTATTTTTTACCTATATGTTCTGTGTATTCATATATTGTAACATATATGGTGCTCCCTCTATCACATTCTTTATGCTTATAGGGATAGGTCTACTCTTTGTATTACTGGGTAATGTGATGTGAAAACTCAGACAAAATTATTTCGTAGGGATAAAGACTCCATGGACCATATCCAATGAATTAGTACGAAACAAGACACATAGACTCGGAGGATTGCTACGAGTATTGTGATGAGTCACCCTCATCATAGAAGCTTTTGTTATGAAATATCTCAATATAGTATGTATAATAGTCATTGCTACTATAATAATCGTACCTATTGCATATTCATACCGACTCTTTAAAAATGTATCACATAAAAACAATATCTAGCAATCATCATTTTTACTATAAATCTACCATCATGACTCAGATCACTATCTCTACTAAAATCTATGCTCCACTCCAGACGGTACGAGACGCATGGACA
CP060225.1_gap26	947861	951611	3750	CGCTACCAAGACCATCGTAGCAATTACAAGTGCCGCTACCAAAGAAGTGTTTTTCATTACATGAAAAAAAATATAAAATAACACAGTGAGACACTATATAAAAGTCTTATCTAAACACAAGTAAAAACTATTTGTTACTATTGTGCTACCATTTTCCACTATTTGCTACCATATGTTACATATCAAACGGCTCATAATCAATATAAGACTGCTGCACACCCAAACTAGCAAGCATATCGCACACAGAAGCTATTACACTACTACTACCACAGATATAAAACTGAGCACAAGGAAGCCAGTCACCTACCTGCTCACGAATGATGGCAGGTGTGAGTCTCGTTCCTATGATCTCGTTTTCTTGAGTTTGCTCACGTTCGCGAGAAAGTATATGTATACAGTCATCAGCAAGCTGCTCATCGAAGTCATGCTTATAAGGTGTAGTATCACTAGTGCGGTTCATATAGAGGAGTTTCATATCTCTTGAACCCACATATTGCTCCACGAGCTCATAAAATGGTGTAATCCCAATCCCTGCCGCAATACACACCACCGGACGATCAGACGTGACGATGTCTGAGGTAAATCTTCCATAAGGACCATCTACATACATATACTGTCCAGACGTCCCCGAAAGTCTCGCTAACGACTTTGTTCGTTTGCCTTGAGCTTTGTATGCTATCCTCATTACCTGTCTCTCATTATCATAACTCAGCACCGTGAAAGGATGCGACTCACCACCACGAGGATACTGCACATACATAAACTGCCCTGCTGTATAGTCTACCGCACAAGGCAATTGTAACTGGAGTTCGTATACATCATCGGTCTGGAGTGTATGACTCAGGATGGTGGCCTTTTGTTTGAGCCATCACCACTGATACGCTAGTCTCACTATCATAGCAACTCCTAGCACCATACCGATCACGATCCAGTAACCATAGACCAAACTATTCGTAGACAACATAAAACCTGACTGCAATGCATGTAATCGCATCATCACAAATGCAGGATAGACCAAAAGATGCACTCGCCATCGTACACGGAAACTCATAATCCTACGAGACAGAATACTCGTCAGCAATACTGCAATAATCAGGTCAAAAGCGATCTTTCCTATACTCACCCATATCTCAAAACTTGAAGAAAGATCAGGCATAATCGCATACAGCCACGACGTACCGTATGCTACTACTACAGCGATCGGATGGATGAGAATCATCGCTATCGTCCCGATACCCAGCCACTTGTGCCATCGATTGATCCAGAAAAAATCCCTATTCCACCATGCAAACATCGGACGAATACCTAGTAATGCCTGCCACATCATCACAATCATACCCAAAAATCCAGCCAGACTCAATACATAGTATCGTATGCTTTCTGATGTTGTCCGATCGACTGTCCACGGCTTGGTAAATACTGTCATCATTATCAACGACAGCACAACAATCATACCAAACCATTTTTTAGGAGACATGAAGAGACGGAAGAGATTTAAAGACCAATGAACCAAAGACTAGTAAATATAACTTAAACTAACCTTAATAGGGAAGTAGAGCCCTTAAGACAAGAGGAAATATATTATGGTTTTTTCACTTTCCTTGCGGAATATGCTCTGTAAGAGAAAGAGTAATCAGAAAAGCAGTGATATTCTGGTAAGTTGAAATCTTTATTTATATAGGTTGTGTATGGTTGCTCGTATTTTACATTTCAGGAAAAGTAATATATGGATCATCAGAATCAAGTATTTTTTGTAATTCTTTTGGGTCCATTCCAGTTATATCGTCAGGTCCTTCATCAAACATGAGCCAATCAGCTCTTTCGTTTCTTCCGCCTCTATAGGATGGTATATCATCATAATCATCAATAACATTTCTTTCTAAGAGTATATCTATAATCATGTCATATTCTTCTTCACTATAAGTATGTGGATCTTCATTAAGTTTTTCTAAGAGTTCTTGGTCACTGAGATCAACATAGGATTCAGTCCTACTGGTGTGATTTTGAATATTCATAGTGCTATTGTTATTGTTAAAGATGGTAAATATTGATGGTCATTTTCATGGTCAATATGCTTCATCATATCATCATCATGAGCCTGTCATATTGGTGGAGTTTCATTCTTGGTCATAAAGATCATAATAATGGGAAGTATTAGTAAATTCTCTTAGATACTCTTTAAAGTTTTTGTCTTTTATGTTCATCATTAAGAATAAGCAAATAAGATTGTATATTATCATTATATATATATTTTTGTTGAAAGCAATTTTTGTGTGACTATGAATAAGTAGCTAATGCTTCCCATCTCCCATATTCCCCATGAGCCCGGTATTTATCTCTTTTGTGATGCGAAAGGGAAGTATCTTTATATAGGAAAAGCCAAGAATCTCCACAAGCGTGTGCAGCAGTATTTCACTCCCTGATCGGTGTGGAAGCAGGACATGGTCCGCAAGGCGAGTTCTATCGAGTATATCCAGACGCAGTCGGAGTCGGAAGCACTTTTTCTCGAAGATAATCTGATTAAGCAACATCAGCCACCGTTCAATAGTCTACTTAAAGGTGATAATTCATACGGATTTATCAAGATAACGAATGAGGAGTTTTCGCAGGTGTTCTTCACTCGCGATAGGAGGCAGGATGGAGCGATCTATATCGGCCCCAAGCGTTACACTCGCCAGATCAAAGACGTACTCCACTATCTCCGCCAACTGTTACAGTACAGATGATGCAAAAAGACTCAGTTTGCCTCAGGAAAGCTTTGCTCAGACTACTATCGAGGTCTGTGTCGCGGACGATGTGTACTGGCAAAGCTAAAAAGCCAAAACGATAAAACGTCAAAACGCAACGAATCACTGATTGCGCAAGCAGAATCACAATGATTGGAGATAGATCATGACTACAGCTATTATCACACCCAATACGCAGAGATTATGACCCTGGTTCAAGATGTCTTCGAATGACGTCAGGACCATGTATTGGACCACATCCGTATACAGATAGACGAAGCAGTGAGTCGTGAGCACTTCGAGCGAGCAGCGAGACTCAGAGATATCTATACCGGACTCAATGATCTCATCCAGCGTCAGGATGTGGTGATCGATCTGGCACGAGATGGTCATGTGCGACAGGTGCAGCAGATCGGTTCGTGGCGAGTCTGGGTGATCGCAACCTTCCAACAAGGCAGACTAGTCGACATCATCCGCCAGAGAGAGTCCATAGAGGAGACATCACTCAACGAACTCCTTTCACTCCTTGAACTCGAATACGGTGATCCCACACTTATTGATACCGCAGAATATAAGCAGTTTGTCCGTACGCACAGGGACGTGGATCGAGACGATCGTGAGGGTCTGATTACGTTTTTGACTCAAGAAGTAGGTCATGGGATCATCGGTATCACTGGACAGACCTATCTGACCAAAGACTACTATATAGCGATTGCGGACGTGCTTGCCAAGGCGGTCGATAGCTATATCGTGAGTACTTCGCGAGAGTCATGATCGGTGATGAGCGATATCTTGGAGACCTTTCAGCAGCGTTATTTTTTGAAAAGTTACCCCTATCATATCGAGTGTGTGGATATCTCCCACATGGGCGGCAAACATACATCGGGAGGTCTGTCTTCGCTCCAGTGATGAGTGCCATATACCTATGGTTATCGCAACTATAAGATCCAGACCGTCAGTGGAGGTGATGACTACGGAGCACTGACCGAATTGATCACCCGCCGTTTCAAACTAGGAAAATCCC
CP060225.1_gap27	1001497	1001997	500	TGGCGAGGGTGGTGAGATTGCGGCCGTATTTTTTGAGAGCATCCATAGTACCTTCGGGATCTTGATTCTGTACGGTTTTGCCGTTTCTCATGCTGGTAATCGTAGCATATAAAGTAGTATAGTCTATAGGTTCAGAGAGTTGCTTGGTAAGATCTTGGATGAATGGTGAATTGTTTTTTCGTATGGCGAGGAGGAGATGCTCAGTCGTCAAGTATTCATCATTCATCTTCTTCATTTGCTGATCTGTTTCAAGGAGATCTTTGTTGAGCTGAGGAGAGATGCCGAGTTGATGATCTCACTCGATAGTGGGGAGTGAGTGGAGCTTGTTTTGGAGCCATGCTAAAATAGTAGCTCTATCTGATCCAAAGATTTGTGGGACGAAACCATCTGCCTGTTGCATCATGGCAGCGAGGAGATGAATTTCATCTATGTGATTATTCTTATTGTTATACGCAAGCTGCTGTGCTGCTTGGATAGCTTCGGCAGCTTTGGTGGTATAG
