gap_id	start	end	length	sequence
CP064967.1_gap1	19225	20617	1392	TTTACAAAGAGACTCAGGAGGCAAACATAAAACTCAAGCAGCTTGATAAATTAAAGGATGAGTTTGTTTCAATAGCGTCTCATGAACTTAGAACGCCAATGACAATTGTTCGTTCATATCTTTGGATGTTAATGCAGGCTCAAAATGGTGCTCTAAGCGAAAAGCAAAAACTATATGTTGATAGAGCGTATGGATCTACGGTTCGATTAATCCACCTCATAAACGATATGCTTGATACTTCTCGGATTGACTCTGGAAGAGTGGTGATAAATCTCGAACCCATCGATATGGCGTCACTTGTTCAGGAAATTGTGTCCGAAACTCAGACAAGAGCTGAACAACTCGGACTTACCTTGCAGATGGAGAGTCGAGCGTTACCAAAGGTAATGGCAGATCGTGAAAAAATTAGAGAGGTGATAGTTAATCTGGTTGGAAACTCTATGAAGTTTACGTCAAAAGGTGGCACTATTCTTATCAAATTCGAGATTGGAGAAGATATGGTAACCACGAAGGTGGTAGATACGGGAATGGGATTTACTAAGGAGTATGAGGGAATGCTATTCCAAAAATTCGGTTTCATTAAAACTTCATACCAGATGAACAAGAGCGATAATGGAGGTACGGGTCTTGGACTATACATCTGTAAATCGATCTTAGATATGCATGGAGGGTCTATAAGCGCAATGTCACAAGGACCCAACAAAGGATCGGTATTTAGCTTTACACTAAAACAATATCATGAGACGAAATAAGTGGTCGAAATTAGAGCTCGCCTCACTAGAGCTAAAAAAAATCAATAAACTCATTTGGCGAAGTGGGTACTCAATTCCAGAGCTTCTGGTAGTTATGGTAATCATAGGAGGGCTGTTCTTTTTGGGAAGCGATACGCTATTTGCTCCACAGCGCAAGAATACCTCTGAGACAACGATAAACACATTACTTGCAGAGATATCTAATCAGCAAAATAAAAGCATGAGTGGAGATATAGGATCTGGAACTGTGCAAAATAGCTATGGACTTTACTTCACATCTACAAGCTACACTACATTTAGAGGAACAGTGTACTCTGGCGGGAACAGCACAAACTTCACAACTACGTTGCATCCTGATCTGAGATTTAGCACGATTGATCTTCCAAGCTCGCAGATAATTTTTGCCACATCGAGTGGATCGATTCAAGGATATTCAGCATCCCACAACTCGGTTGTCTTGCAGGATTCAGTAGGAAGCGTCACTAAAACACTACGATTTAATCAATATGGAGTTGTGGAAAGCGTTCAGTAAACGTATCTCGTATAACGTATATCGTATGAAAAAAACTCGAAAAAAAATGTCAAAACAAATAGTGGATACGGTATACCAAATACGAAATGCGGTATACGAAAAGGGTCA
CP064967.1_gap2	70496	72041	1545	TAAAATAGTGCTATTTAACACGCTCCGAAACATCGAAATATCTTCAAGTCCCATTTGGGATGATCCATCCTGCCCCATTGAGACTCCAACATGCGATCCACAGAAGGTGAGATTAACATATGAGTACTGACTCATGCGAATTTGGTCAAAGGCTCTCGTAAGAAACGATCCAAAGGTTGAGATGAATGGTTTAAATCCTATCTTCGAAAGCCCCAACGCTACGGAAACCATATTTTGCTCAGCGATGAACATCTCGAAGAAGCGGTTGGGAAAAACTCTCTTAAATTTTTCAGAAAATGTTGAGTTGGACATTTCAGCATCAAGAACGACTAAGTTATCATCGCTTTTTCCCAGTTCAACAAGAGCGTCACCATAGGCTTGACGGGTAGCGATATTCTCACCTAGAGAATATTGCGTGGTTGTTAGCTCTCGGCTGTCTGTGTTCAGATTGTCGCTGACTACTGATATTTGATCATTTAAATCTGGAGAATTAATTTTGCCAACCAAATCATAATTAACTTCTCCGAGTTCTTTAAGCGCTTCATCTAGCTTATCCTTTGGAACCGGTTTCCCGTGCCAGCCCTCTTTATTTTCGAGAAACGAAACACCTTTTCCTTTTATTGTTTTGGCTATGAAAATGGTTGGTTGATTGTCAGGGAGGGTTTGCTGGTAAGCCTTTTGTATTTCATCAATGTTGTGACCGTCTTCTATTATCGCGACATTCCATCCAAAGGCTTTAAAACGGTCTGCATACGTTTGTAGATCCCATCCAAGCATTGTCTCTCCTCGTTGACCGAGACGATTCACGTCGAGGATTGCGATCAAATTAGATGTTTTATAATGCGATGCAAGTTCCGCAGCTTCCCAGACTTGACCTTCTGCAACTTCACTATCACCTAATAGAACAAAAACTATTGGTTTTCTGTTAGTTCTGAGTTCTAAGTTCTTGGTTCTTAAATTAATTCCTAACGCCATTCCCAGACCGATTGATAAACCTTGTCCAAGCGATCCTGTCTCGACATCGTGATATGGGAAGAGTGGCGTTGGGTGGCCTTCCAGTCGAGAATTATGATCTCGCAACTTCATTAGGTCATCATCAGTTAGTGCGCCTGCAACGCGATACAGAGCGTAAAGAAGTGGCGATGCATGACCTTTGGAAAGGATAAATCTGTCATTGTTTAATATATGTGGTTCGTCGATGTTGTAATGGTATGGTCCTGAAAAAAAGAGCGTTGTTATAAGTTCGACAGCCGAAAGTGAGGAAGTAGGGTGGCCGGATCCGGCGTGTGTTGTTGAGGTTAGAATATGGCGACGAACCAACTTACACAGTTCCTGAATTTCTTGTGAAGATTGCATAGAGTATAATTTCAGTATAAGCTATCTCATATTTTTATGGCAGAAGGACAAGAAACACCACGATTAGTAAAGCCAACAAAACATCCAGAACAGGTTGCGGGTTATGTTGCAAAAGGTGCTCCAGAAAAACTTGCTCGAGAAATTGTGGCAGATAAAATTATAGGTGGAAGGCGTGTAAAGAAGCTTGAG
CP064967.1_gap3	73595	76761	3166	CATCTGTTGGTTGAAGATTGAAGATCCACTTAAGCGTTATATATATTCCAACCATATAACCTCCATGGCTGTGAACAATCCCTTTTGGTTTGCCGGTACTTCCCGATGTGTAAAGAATAAAAAGGGGATCCTCTGCATCCATAATTTCGGTAGAACAAATGCTATCCTGTTTGGCGAGCACATCATCCCACCAGAGATCTCGTCCCTCAACCATTTCAACGGGATTACCGGTTCTTTTCACGATAATCATTTTTTGTACTGAAGGACAGTCTTTTACTGCATTATCCACCGTTTTTTTAGTGTCGATGAGCTTCTCTCTAAAATGATATCCATCTGCTGTAATAACGACCTTCGACTCTGCTTCGGTAACTCGATTTTTCATTGCGTCTGTCGAGAATCCTGAGTACACAACCGTATGAACGGCTCCAATCTTAGCGCATGCAAGCATACTGATTGTCTGCTCCGGAAGTCTTGGAAGATAGATGCTGACTCGATCTCCTTTTTTAATTCCGAGCGTTTTCAAGGCATTTGCGAGTTTGCAGACTTCATCGTTGAGTTGTTGATATGTAAATGTTCGCACGCCTCCATCCTGACCCTCCCAGACGAGCGCCATCTTATCCTTGGTCGCTGTCTTCAAATGCCTATCGAGTGCATTATTCACGATGTTGCACTTTGCTCCTTTAAACCAGTGGGCATATGGATACTGCCAGTCAAGAACTGTGTCCCACGGCTTGAACCAACTCAGTTCCTTAGCGATGTTTTCCCAGAAGGCCTCAGGTTGAGCTACAGACTCTGCATATAGTTTTTCGTAGTCTTTCACGTATGAAGATTCGACTAAGTCCGGAGAGGGTTTAATAGCAGTTTCGTCCATGTAGAGTAATTATGCAGAAAGAGGGGATTGAATTGCAAGAGATATTTAGAATCAGTCCCTTCGCATCGCCGCATCGTGAATCATCGGGTGACTTGAAAGGATATCACTCTTTCTAAGAGTTTTTTTGCCTCTTCATTTTTCTCAAAATGCTCTCGCACTGGTTGTAATAGTTTGTCAAGTTCTGACGCGACAGAAACTTTGAGATCCTGTGGGTGAATTTCTTTTGCCGCAAACTTATTTTCTAGATCCTCATACGAAGTTACGGTGAGATTTCCACCGAACTTTTCCGGTCGAACAATAGTCATAGAATCAACACTCTCAAAAATGATGTATTTGCAATATTCTAGAACAGGATTGTCCTTTACTTCACCCTCTAGACACCAAGCTTTGTTAAGTTTTCGTTTAATATCTTCAGTTGTATCGGTCATGAAGATCGCTGAGTCGGGATGTGACTTGGACATCTTCAGAGCGATAGCTCTGGTCATAGCGCTCTGAGTTTTCAGTGGTCGGTCGTCTGTTGTCGGACCATTGACGGCCGATATCTGATTGCCGATATCTGTTGGGGGCTTACCAAGTCCCATGAGCATATGGTGACTTACGACAACCGGTTTCCAAAATCCAAGTTGGGGACCGATCTCACGGGCAAGCATATTTAGTTTGCGCTGGTCCATTCCGAGTTGAGTTATTTTAGCTCCAAGCATGAAAATGTCCGCGACCTGCATACAGGAGTAGATAATATGAGCGCCGGTAAGATTGTCCAGAGACTCCTCGCGTCCCATCATCTCCGCGGTTCTCACAAAGCGTTTAAGGGCGTTAGATTTGCCCACCTGAACAACTAACTTCCAGTAGTCGGAGTTCTTTGCCATTTCAGATGCCCAGTGAAACTCCACCTTCGTCATATCCATTCCGCAGGCTTTCCAAACCTCGATGAAGTACTTTCCGACCGTCTGAATTTTGTCGAGGTCTCCACCCATTTTATTGTTTGCCATGGCGTGCCAGTCGGCAACCCACATCTTAAACTTGATTCCGGCCTTGGTCATTTTATTTACATTGATCGCTCGAAGGAGTCCTTGAGCGATGTGGATTTGTCCAGAAGGTTCAAAACCGTCGTAAGCAGTCAGTTCTTCACCTGATTCAAGGAGTTTTTTGAGCTCTTCCTCCTGAATTATTTCTTCGCCGACCTCTCGTACTAATTTAAGTTTATCGTCAGTTGTCATAGTAGTAATTGAAAAGTATTATACATGAAACCATAGTAGGGTATAATGGCTTCTAGTATGAAAAAAAGAGTATTATCTGGAATTCGAGCGACAGGAAGACTCCATCTTGGGAACTATCTCGGTGCGGTCAAAGGAATGCTGGAACTTCAGGAAAATCCTGATTACGAAACGCTCTATATGGTTGCGGATCTCCACACCGTAACAACACCATATGATGTTGAGGAGCTGAAGGCGAATAGGAGAGAGGTTTATCTTGAGTACCTTGCCTGTGGTCTCGATCCAAAGAAAAGTATTATTTTTTTCCAGTCCGATGTTCCGGAACACACGGAGTTAGCGTTTTATTTTTCATCGGTTGCTACCATTGCGAGAATGCAGCATCTTCCCACCTATAAAGATAAGGTGAAGCAGTATCCGCAGGATAACACCATGGCTCTTCTAAACTACCCGTTGTTGATGTCTGCAGACATTCTCATTTACAAAGCGAATTTCGTGCCGGTTGGGATTGATCAGGAGCCACATCTTGAGGTAGCCCGCGAGATTGCTCGGAAGATGAATGATAAGTATGGTCTGAGTTTCCCCGAGCCTAAGCGTTTTGCTTCTGAGGGTGAATATATTCCATCTTTGAAAGGTGAAGGAAAGATGAGTAAGTCGGTGGAGGGAAGCTTCATTAATCTTACGGACTCATTTGAGGAAGTCCAGAAAAAAGTACGATCGATGCCCACGGCCACGGTGGCTGGTGGTGAAATGAATGCCGGCATTAAGGCACTCTTTACGCTTGCAGATATATATCTTTCAGAGTCGGTTGGAGAATATAAAAAGAAGTTTGAGGCTGGTACTTTGCAGTTTTCCGACCTGAAAGATTCGCTTGCTCAGGCAATCTTCGAAAAACTGAAACCTATACAGAATAAAAGAATAGAACTTGAAGCAAACCCTGAGTATATTGCACAATTAATTCAAGAAGGTGCGCGAAAAGCACGAGAGATCGCATCCCAAACCGTTGCTGAGGTTAAAAATGCGATGGGTCTCTGTTCATGACCAATCTTCATTTCTACAATCTTCGCAGTCGTTTAGGAATGAT
CP064967.1_gap4	78620	80441	1821	TAGCAGATGAGCAGGTGATTTCTGGGAAGTGTGAGCGGTGTTCGTCAGAGGTTGGCAAGAAGATGCTAGAGCAGTGGTTCTTTAGAATTACTGACTATGCGGACAGATTGCTTAAAAACCTTGACGGCCTAGATTGGTCTGAGAAAGTTAAGACGGCCCAACGTAACTGGATAGGAAAAAGTGAAGGAATGATTATTGATTTTGGAGGGATTGAGGTCTTTACTACAAAACCCGAGACTATTGATGGCGCAACGTTTTTAGTGCTAGCTCCTGAACATGAAAAAGTTGCAAAACTCACAACTCAAGAACAATCAACTCAGGTCAAGGAATACATTGAGATGGCCAAAAAACGCTCAGAGTTTGAGAGAAGCAATCTCAAGGAAAAGACAGGCGTATTTACAGGGTCGTATGCAGAGAATCCAGTGACAAAGAAACAGATTCCTGTCTGGATCGCTGACTATGTGCTGGTAGGATATGGTACTGGTGCAATCATGGCTGTTCCGGATGGTGATGATAGGGATAGGGAGTTTGCCGAAAAATTCAAGTTACCAATTGAGAGCACAAGTTACGAAGCTAAACCGGAGGGGGTAAAGAGAGTCAATTACCATCTCAGAGATTGGTTAATTTCTCGTCAGCGCTACTGGGGACCACCGATCCCAATGATCTACTGCGATTCGTGCGGAACTGTCCCCGTGCCTGAAAAGGATTTACCTGTTGTTTTGCCGTACGTTGAGAACTTTCGCCCTACGGGTACGGGCGTATCTCCTTTAGCATCTAACGAAGAGTTTTATAAGGTAAACTGCCCTACCTGTGGTAAAGAAGCTCGTCGAGAAACCGATGTTTCGGATACATTTTTAGATTCTGCTTGGTATTTCCTAAGGTACCTTTCCACAGATGAAACGAAGCAGCCATGGAGCTCAGAGCGACTCAAAAACTGGATGCCAGTAAATACCTATATCGGTGGAGCAGAGCACTCAGTTCTACACCTTTTATACAGCAGATTCCTCAGTATGGTATTTAAAGATATGGGATTGATATCTCATTTTGAAGAGCCATTCACCCAATTTAGAGCACACGGTTTGATTATTTCCGAAGGAGCCAAAATGAGTAAATCGAAAGGTAATGTGATCAATCCTGACGATTTTATTCGGGACTATGGCGCAGATACACTACGCGTCTACCTTATGTTTCTCGGCCCCTATGATCAGGGTGGAGATTTTCGTGAACAGGCAATAGTCGGTCCTTATAACTTCTTAAAGCGTATCTGGGATCTGCAGAAAAAAGTTGATGGCTCGACTCAGGAAGGGCTGGGGAATGAAGATAAACTATGGCTTAATAAAACATTGAAAAAGGTCGTGGATGACGTATTAGAGCTTAAATTTAATACCGCAATTGCAACTCTCATGGAATGGCTAAACTTTTTATCTAAAAAGGAAAAGATTGCCGTCTCTGAGTACAAATTATTACTCATTCTCCTTGCTCCTTTCGCCCCACATATAACTGAGGAGATTTGGGAAATATTAGGAGAAAAATTATCCATCCATTTTCAAATGCTTCCATCTGTAGATGAAAACTCAATGGTTCAGAAGTATTTACGAATCCCTATTCAGGTAAATGGAAAGGTACGGGCCGTACTTCAGGTCTCAAATTCTGAGCTCGAAAAAGATAAAATTGTCAAAAAAGCACTATTAGAGGGCTCTGTGACAAGGCATATTGAAGGCAAGGCATATGAGATTATCTACCTTGAGGGAAAGGTGCTCAATTTCGTACTTTCTTCATAAACTATTAGATCTGGCTTGTTCTGGCAATCTCAATTAAAAA
CP064967.1_gap5	91042	91551	509	GGAACACAACCCTTGGAGATAACACACAGGTTTAATCAGGTGTATCAGGTGCAGGTGTTTCATTTGCCTCCTCAACATTTGGAACATGTACCGCCCTTGAGACAGTCGGTGGAGTCTTGACCTGCGGATCTGATGCTGGTGGATCAGACTCAGGTTGGATTGATGGTGGATCAAACGTCTATCTTATTACCTCCTCTGACAATGTGGTATTGGAACAACAGCACCTGGGGCCAAGCTTGATGTTGTTGGTTCAGGTCTATTCTCCCAGAACCTTACAGTCACTGGATCAGTCTCTGCTGGATCACTAACTGTTGGAGGGGACACCATCACAGACTTTACAGGTACAGGACTTAGTGCAGCTGGTAACACACTTGTCACCACCCTTGGTACCTCAATCTCAAACGGGGAGCTTGATAACTCTACAATCACCTTTGCTGGTGACTTAGGCTCCTCAACAACAGCATTAGGTGCTACAAGAACAATCTCAGGTGGTACAAACGGTATTGACA
CP064967.1_gap6	195102	200072	4970	AGCGTAGATCATTAACGACAAGTCCGTACGCACTAGAGCAATCAATGAAGGCACTGAACAATGCTGGGTATTCCACCCATTTTGTTAGAGAGATTCCTCGTATACTGTACGATCAGGTTCCGTACTCAACTCGAAGTGCATTTTTGACCTTTGACGATGGATATGACAATTTTTATTCGATCGTACTTCCTTTGCTTAAGAAATACAATGTAAAGGCTACATTGTTTGTTATAAATAACTACGTAGGACGCACAGGCTTCGTAAATAAGCAGGAATTAGAGGAAATAAGAGACAGTGGACTTGTCGAGATAGCGGCTCATACTATGGACCATGCATACCTCAAAGATGCACCCAAAGACTATGCCTTACGTGAAATGGCACAGAGTAAGAAGGACCTTGAGCAACGTCTTGGGATTAAGGTTTTTTCGATCGCGTATCCGTATGGAGCTTTTACAGCAGAGACAGCGGAGCTAGCCAAAAAAGTACCGTTTGCAGTAGCAGTTTCGGTAATTCCTGGAGTAATGCAGTCAAAGGACAATCTCTACTACCTGTCAAGATTAAGATCTGGAGTTGTTGGTGGTTCGAGTATTGTGCAGGTTCTCGAGAGTATAAATAAATAAGCTATACTTCAAAGTATGATAAAGATGCAGAAAATTGAGTCAAAAGAAACATGGGAGGCATTTATTGGTTCTCATAAGGAAGCAAATTTTTTGCAGTCATGGTACTGGGGAGAGTTTCAAAAAAGTATAGGCAAAGAGGTTGAGTATCTCGGTTTTTATAATGGTTTGACGCTAGTTGGCATTTGTCTGGTCATTATCGAAAAGGCTAAACGAGGAACATATTTGACCGTGGCGGGAGGGCCAATCCTTGACTGGAGTAACACAGAGTTATTGAATGGCTGCTTCGAGTCACTAAAAACGCTTGCAACCGAACATAAGGCAAGCTTTGTTAGGGTTCGACCTCAGTTGGTCGAAAACGAGCTCTCATCGGCCATCTTTAACAAATATGGATTTTCTCCTGCACCTATGCACTTAACCGCAGATCTAACCTCACAGATCGATCTGAGCAGATCTGAAGAAGAGCTGTTGGAGGGTATGAGAAAGACTACCCGCTATGAGATTCGTAAGGCAGAGAAGTTGGGGGTTACGGTTTCAACGTCGCTTAATGTGGACGATATCGATTCGTTTTATGAACTTCAACTACAGACATCGTTACGACAAAAATTCGTACCGTTCTCACTTTCGTTTCTGAAAGAGCAGTTTCGGGTCTTCGTCCAGAACAACAATGCTCTCCTCTACCGTACCTATCTTGGCAAAACTTTGTTAGCAGAAGCATTTATTATTTTTTATGGACAGGAAGCAACCTATCACTATGGAGCAAGCACAGATGATGGTCGTAAGGTGCCAGGAGCCTACCTGTTGCAATGGGAAGCTATAAAGGAAGCAAAGCGTCGAGGACTTTCCCGCTATAACCTCTGGGGCGTTGCCAAACCAGAGCAAACAAGCCATAGATTCTACGGTGTCTCGATCTTTAAGCGAGGATTTGGTGGTCAGGACGTTGCTTACGTGCCAGCCCAGGATCTAGTGATAGATCGATTAAGGTATAGCGTCAACTATGTTATAGAGCTTGCGCGAAGAAAGGTGCGAAAACTTGGCTAGACCTGCTGATTAAAAATATGAAGCTCTACCTGCTTCATCACTCTGTCCCTATCCTTAGCGTTCACCTGCGTTGGGAGGTTGATGATGGAGTCCTTTATAGAGTTAGCAACAGGACATGATCCTTCCGGCGAAACAAGCGTATGATACCATCGACTCAAATAGATCTGTTGTTTTCGAAGGACTCGCAAAGCTCTTCGCGTTTGGTCACGAGCACGGGATACCTACTTAGTGACTCATCTTTTGGATAGAGTGAAAGGCTTCGTTATACGCTGCGACATTTTCATTCTCAGATCCTGTAACAGCTCAAAATTTTTTTTAGTTGGCTATTCAGAAGAAATGCAAAGGCATTGGGAAAGAGACCCGCCATCTGCGGATTGAACTGGCCATGCTTTTCGCGTTCTGTTAGCTCTTTTGGGATGACGTAAAATGCACTCAGGAACCAATGGAGTACCTTTCCAAATTTTGCAAAATCGTAGGTCGACTTAACAACAAGGGATAGTGGCTTATAAAGAAGACATCGTGCTATAAAGGATGTACGGGGTGTTGTAAGGCGCTTGTCATACTGTTTCAGAATCTCTTGCAGTCTTTTATCTTTGGTGAGGATGGCTCCTCCAAAGACCGATGATATCGCTTTAGACCTCCCAAAAGAAAGAAGTTTAATTGAGTCATTCTTATCCTTCATGAACATATGATTATCAAAGCCATGGGCTAGATCCTCTATAACCTGAATTTTGGATGCTTTCGAGAGTCTGAGAACTTCGTCTCTGTTAGCCGGTGTGATTCCGTAGGTATGTTGGAGAATAATGACCTTTGTTTTGGATGTAATTTTTTCTCTAAGATCCGTTAGGTCGAGTGAAAATGACTCAGTCTCCACATCCACAAATATCGGCGTAAGTTTGAGTTCGGTCAGAGGCAGAATGACTGCGGTGCAGGTAAAACCAATTACCATTACCTCATCTCCAGGGTTCAGTTTAAGACCTTGAAGAGTCTTGTATAGGGCTCCACGAGCAGACAAATATAAAAAAATGTCATGCTCAGGAAAAAATCTTTTCAGTTTAGTCTTCACTCTTCCTGTGTACTGACCCTTTATCCACCTCCATGGTTGAATAATCATAGTTAATGATTTTAGCCCGTCTTGATGTCCTTCATTTGGAGCTAGGTCTAGTGAGATCATACGAAATAATTATAGCAGAATGAGTTCCTTCATCACCGATGGCGTAAATTTACCCTCAACAAGAAGAAGCGTTGATGCATCAATATTCTTCACAATAAGGTCTAAAATAACCTTTTCGGTAGGCAGATATTGCACTTGATTGGTTATATCATATTTCTTGAACAATATATCTGTTGTATAGAGCTGTATCGGTCTATTTGCAATAGTGCTAAGTATCTTCTTATATGAACTATCTTTCTCTTTACCTAGTTCAATGATTCCTTTTGAGATGATAATATTCTTTCTAAAGTTTTGGTCGACAACGGTATTAATAGCGGCGATAAATCCATCAACCGAAGAGTTGCCGGAGTCGTTGAGGATTTTAGATCCTTTGATTCCTTTATGAACCGAAAAGCATTGGCAATTTGACTCCAGTTATCTCCTCCCGGAGATGATCTCCGACTCTTTCATTCCTTGATCCATACAGAAAGCGATACAGGGAAGAATAGTAAGCTATATTGTGTGCCCCGATCAGATCGGTAATAATCTCAAGCTGTGCTTGTCTCGCCTACCATCGGGTGCAGTATGGGTAATCTGAGCGATGAGTTTTGCTGTGGATTCAGGCGGGTCTGGTGGCACAGATGTCTGTGACTCGATGTAGTTGAGAAAACCACGGCCTTTATTGCGCTTACTTGGCAGTATGAGCAAACGAGAAAATTCCTCCATTTATATATGCGGTTCCACTTGATGGAAGGTACTCAGAATTTCTCCCTCAGCTTTTATAAGGTTTTCTCTTGAGGCGAGATCGAAATGCTGGTTGCCAAAGGCGGTTATAATGGCGTTTTGTAGCATGAAGACCTTTGTTGCCTTCGCAACCTCATATCTGTACGCTCCAACTTCTGCAATAAAGTACTTAGTATCAGGCTTAATGTTTCGCAGTATGAACTGTACTACTCCGACATCTGTATTTTGTTTGCGTCTGTCTTAGCAACTTTGTATTTAGTAGAGAGCAACTGAAAAAAGAAATTCGCGGTTGGTCTTGCCATAACTTCCAGTGCAGCGCTTACAATATCTGGGCGTTGCTTGATCAACAATTTCGCCTTTTTATCATCCGGTTACGCATTGCGTATGCAAAGTAGTCTTGTCAAGGAAGAACAACAACCGACACAAAAGGAAGATAAGCTTGCAACCGGCGATAGAACTAAAATTACTGGTAATCCAGAGCGAAGCCCAGAACTGAAGGTATGTAGTGAGCCAGAATAGACAATGCTATTGATGTACATACGATAAAGAAAGTTTCTAAATGACTTGGCAAGTAGTGGAAATCATGAGATAAAGAGAAGGAAAGGAAATCCATCCTCAAGCAGGTAGAGCCAGAGTCGATCAAATCTATACTCCCTTTACAAAATATAACTGAGATCGACTATTTTAATAAGCGCTACAGTAATAATAGGGTATGTCATGATCGATTTATCGAGTCCGTATAGTTATAAAGTTCATAAGGTCATTCTTCGAGAAATGCGAACATTTCGCTCGCTACCACCTCAGGGCTACGAAGGAAGACTGTGCCGAGTGTGAGAATAATTTTTGGGAGAAATGGAGTTGGATATGTTGTTGTGTAGTTCTTTGGCCCATCTGGCCGGTGTGATCTGGTCATACTCTCCCCAGATCAGAAGCGTATCACACTTAATCTTAGATAGATCCGGTGGTCCTGCGTAATAATCTTCCGAAAATTTTGTTCGAGTTGTGGAAAGGTAGAGATGTCCGATGATCTGGAACAGAACTGGAGTATAAAAATCTTCGAAATGGAGGATTATTTTAGGAAAAGTGATGAAAAATTTTTGCTAAAACAGAAATCTTGGTTGTTCGTTTATAGGAATTTGTTACAAAGGATCAACGACTTAACAAAATCAGGTTTGTGGCCGCAAGGTAGATACCGAGTCCCCACCAAATGAATGCCCAAAGTATGTAACTTTCTTTAACCTTCAAACTTTCAACAGGTTAGCAAAACGTTGAGTGTACTCTCTACTCCCCAACTAGAGTCCGGTGGATCCTTTTGCAAAACCGGGAAGATCAGAGAAGAATTGCTTTGTATTTTTGAGAGAAGTTTACCTAAAGGAGCGAGACTTTCAGATGATCCTCCCCATCCATGTACTAAT
CP064967.1_gap7	206207	207651	1444	AGGACGCAGAGGTCGTCGAAACGCCAACTCACAGCACCTCATCCAATCTTGAAGAGCGTCTCAGTATTGAGCAGATGATCAAAACTACATGTCCGACATTTCTCGAATTCGTGAGAAACTGAAGACTCAGAAGGATATGTTCAAATCTTCATTTGAGAGCGACAAGGAGTTTAGTGATGTCGATACCGAACATAAAGCAATTGCACGAAAAACAGTTGCAAAGCAGCGCATTATTAAAACGGATGCGGTCTCGGCCGTCAGCATGAAGATCAAGGAGATACAAGAAGAGATGAAGGAAACACAGCAAGCACTTTCGGATTATCTTAATCGCTACATTCAGGTGTCAGACTCTACCGAGTTCATGGGACCTGATGGAGAGGTTCACCAGATTGTTCGAACTGCAAAACTTGATAAAGAAGAAGTAGAAAGAAATTACTTGGCTTTTTCCTCAGAACGGTAAAAGTTGTAGTACATTACCGGAATAAAGAAAAGTTTGAGTGCTCCTGAGAAAATAAGTCCCGAGATGATTGCCCTCCTAGTCCCCTCCAAAAAGGATCTGCAATAGTGATTGGTATAAGTCCAAGTATTGTCGCCAAGGAGGTCAGTAGTACCGGCTCCAAACGATTTGCCGCTGCATCTGCAATAGCATCGTGTAATGAAAGACCGTGCGCTCTATTTTCATTAATTTTTCAATAACCACGATTGCATGAGTCACAACAATACCAAACAGAGCGAGTATTCCAATCAAGGCAGCAAAGGACAGAGGTGTTCTTGTGAGCGCAAATATGTAAAAGACGCCCGCTATTGAAATGGGAATTATCAACATCGACATAAAGGCCTGACGGAAAGAACCAAACTCAATAACCATCGTTATTAGAATCAACATGAATGAAAGCACCATTGCCTGAAGGATCGAGGTTACTGACTTTTGATTTTCTTCGTTGACTCCACCTGTTGCCAATGAATAGCCATCTGGCATGTTTAACGACTCAGCAAACTTAAGAAGTTCCGCATTTTTCTCAGGAATATTTACACCAGGTTTGACACTGGCAAAGACCGAGATTGTACGCTTTTCACTTTCCCGAGTAATTGAGGTTGGATTTGAGGCGAGCGTAAAGTCACCTAAGGAAATGAGCGGAACAGTACCTCCTTCTTTAAGTGGAATTTCGATTGTTCCCAACTCACTTATTGACATGCCGTCATACGAGTTAGTTCGGAATATAATATCCTCTCTTTTTACCAAATAGAACAGTGTCAAGAGTAAAGCCACTTGCATATGTCCTCAGCCAAAGTCCTACCTGATCTTTAGTAAGACCGACATCTGCCAGCTTTTCATTGTCTGGGGTAAACACGATTTTACTTGTTCCCGATTTGATAGATTTATCGATGTTAATTAAGCCAGACTGTTTCTTAAGGTATGAGACTATTTTGTCTGCGTATGTAT
CP064967.1_gap8	223862	228030	4168	CGGGGAAGAGTTGCTCGGCATACTTCTCAAACTCATGTCCGTCATCAAACATCGCCTGCAGAGCGTCATCTACCGGAGGAAGCTTGCCTTTGTCGTGTTTTTTGAGCCATAACCACGCAGGATGTTTGAGGAACATCATGTACTCGGTCTTAGACAGTTGCATAAGCCATTCTACTTGGTTTTGGGCAAGAGGTGGGAGCGTAGATCGTATCACGTATAACGTATAAGGTATCTCGTATGGAGAAATGGGGCAGGAGTTTAATACTTGACTGGTTTAGTTTCTGGTATAATTATCGTACAAATGGCTTCGGCCCTCCCCGCTTGCGGGGTAACAAAATCAGGCAATCAAACGCCTGATTTTTTCTTTTAAGGAGATAAAATCATTCTTTCTCACAGTTCCAATCTTATACTTTAGCCTTTTTACATCAAGTAATCTTATTTGAGAAAGTATTGCCGTACTTCTAACACCTTTGTTAAAAGATAGAACGAAGTTAAATGGTCTATTTGGCTTGACTCTTTTGGTTAATGGAATTGCCCAGCATATTTCGTTATTGAATTTTTTCAACACTATAACTGGGCGTAGATAAGAATCTCCCCGTCCATCCTGTTCAAAGCCTACGTTTTCTCCTAAGTGACAGAACCAGACCTCTCGTTCACTAAAAAATACACGATCTTGATTGTTATTTATTCGTTTTTTCTCCTTGTGCCACTTCAGATAATTTTTATCCATATCTCATATCTACCAAAGAGCGTTGTGATTGTCAGTCGCTTATATGCTACAAAACAGTTATTTTAGGTTGTTGGACAAGTATATTTACGCATATAAATCTTCGAGTTCTTTGATGGCGCCAAAGGAGATTCGGTCAAGTACCTCACTATTCATTCCCATCATAATCGCCGGAGTGACCACGTACTCACCATATCGATCATTGATCATGTCAACAGCCTCCGAGACCTTACGGTCCTTGTTCGCATACTCAAAGAGCTCGTCCTGCGACGCGTTGGAGTCCACCAGTCCGTAACAGCTTATGGTAATTTTAGAAATTGGTTTTTTTGCTGGCTGGAGATTGAGAATGTAGAGCGCGCGCTTAAAAAACTCCTGAGTTGTGTACGCTTCGGTGTGAAAGGTCTTACCCTTGTGCCAGTAGGTACCGTCGTTATAGATCATCCCCACATGAAAGCCGTGTGCCGCCTTCTGTACCCCACGCACTCGCCGCCCCATCTTCTCAACGAGCTTCATCACGATTCGTGCAACTTCCTTAGGATCATTGGTGTGTTTTTTTAGCGCATAGTCCTGTCCATAAGACTTGCGGGTAAACTCCACATCGTCCATCTCAAATCCGCGCAAACGGAAGTACCAGTACTTGCCCACAATTGACTGGAAGACCTGTTTGCGAAGCGTAATCTCTGAGGAGTGTAAAAACTCAAGCGGGGTGAAGATACCATTTGCATTCAGCCGAGCCTCATATCTTTTGTTAATACCATTAAGATCGATCAGCGTAACTTTGGAATATATATCTAAGAGATTTCCGTGATCGACAATATCGAGTCCGTCCGGCTTGTGAAGTGAGGCGGCAAGTTTGGCTAGAAAGCGGTTGGTACTAATCCCAACATTGCAGCTTATCCAGTCCCCTATCTCCTGACGAAAGCGTAACTTAATTTCTTTGGCAATCGTGACAAGATCGATGTTGAGATGCTCCATGCCGTGAAAGTCGATGATAAGCTCATCGATGCTTTTGGGTGCAACATTGGGCGAGTAGTCACGGCAGATATTTCTAAACTTGATGTGCACATCTCGCACCAAGACCGGATCGGATGGTCGCACGATAAGATCTGGAAAAAGAAGTTTTCCCTCACGTACCGTCATGCCGGTTTTGATGCCGTAACGCTTTGCCTCGATAGATGGGGCCAAGATACAACCATTGGGCGTGGTGTATGCTGCAATCGCAATCGGCTTCCCCCGCAGATGCGGAAAGGCTTGCTGAATGCAGGTGGCAAAACACGAGTTGAGGTCGATGTGCATGACCAGCGGACTGTTCTTGTTAATTTGTAGTTCCATCTGTTACCTCCTTTAAAATCCAGTGGAGCGTATCGCTGTTAAACTCCAGTCGCATATCGATGTTCTCGGTTGAGACATTAAAGATATGGGTTATGACTCTCCCCTCGCGGGACTTGTGGTAATACGCAAGTTTTTCAACAAGATAGCTTCGCCCTTGCCACCGCACCTTATAGGGCATCGCTCCTTTTTCTCGATTGTATACCGTGATTACCTCTACTCGTTCATTTATTTGTTCGTTCATACTCGTCTCCCCTTTCACGCGCCATATATATACTAGTGAACGACTGTTCACTAAGTCAAGGGGAAATTACTATCGTGCTATAATCTTCTGTATGTGCGGGCGATTTCAGATCGATACCAATAAAGAGGAGATCGAAAAACATTATGGTATGGAGTTGGGGTCCGCATTCAAGTCTCGCTACAACGCTGCTCCCTCTCAAGAAATACCGGTGGTGACCGATGATAAGATCGAGTTTAAGAAATGGGATCTTCCTTTGAAGTTTGGTGATAAATTTATTCGTAACTTGGCAAATATCCGAGACGATAGTTTAAGGAAGGGGTGGGCAAAGCGATTCTTGGGTCAGCGATGTTTGGTTCCTTCAACTGGTTACTACGAATGGAAAACTACGGCAGATGGCAAGGTCCCTTACTACTTTGGTCTGAAAAAGCATAGGCTGTTTTCCTTTGCCGGATTGTACGACGGCGATACCTTTGCTCTAATTACTACCACTGCCTCAAAGCAAACAAGCTCAGTGCATAAAAGGATGCCGGTGATCTTGTCTGAGTCTGATGAAAAACTCTGGGTGAATGCAGACAATGATTTTGAACAGGTGAAATCTTTGGTTAGTCCATTTGAGGGCGAGCTAGAGATCTATCCGATCTCAACCAAGATAAATAATGCGCGACTTGACGTGTCGGATGTTGTTGAGCGAGTGAGCTAGTTCTGCCTTAACTCTAAGCTGAAACTCAGTAGCTGATCTGCCTTAATTCCCTCCTTTTTGCGTATAGCGAATTTAAGAGGGAGGATATAGGATCCCGTTTCTTTATCGGGAAAGATGGAGGTTTCCCAGACGGTCTCCCCTACGGTCACTCTCACGCGTATCGCTCCAAATCCTCGTCGGATTGGGCTTTGATATTTTTTAATGTCGGCAGCATCTTTTTTAGGAAGGGTGACAAAATGCCAGCTCGACGGTCCTTGCCACATCCATACTCGGGATTTGCATATATATGTAAGTGGCTTCATAGCTCTATTATAGTGATCGAGTGGTAAAATATAGCTGTAGGAGAGGTCGCACCCCAAAGGGGCCCCGTTGGGGTAGTGGCCCGTTGGGCCGGCCGAGATATGTTTTATCTTTATTTTTTGCAGAGTGAAGTAAGTAAAAAATATTATATCGGAGTAGCTTCCAATGTTCTAATAAGACTTGGTGAGCATAATAAGGGTGGCACTAAATCAACAAAACCATACCGTCCTTGGAAAATAGTATATATAGAGAAGTATTTAACGAAGCAAGAAGCGATGAAGCGTGAATGGCATTTAAAACATCCCAAGGGATTTCTGGATAAAAAATCTATAATAAGTAAGTTGAAAGCTAATGGAGAGGTCGCATAGTGGCCGAGTGCGCACGCTTGGAAAGCGTGTAAGGGTAACACCTTCGCGGGTTCGAATCCCGCTCTCTCCGCCATCCTTCGCCAAGGCTTCGGATGGCAAGCCTAAGTGAATGATGTATTGTTGACGGAGCGCACTAAAACCCAACTTTTGTAACTATATCCAAAATTACTAAAGCGTTTGATGCTGCTGTATAGTAAGTAATACGCGAATTTAAATATGAATTTATACTAAAAATAGTATGAACGATACAATGCAAAAAAATAAATTAGGCAATAGTGACTTGAAGGTTTCCCAATTAGGCTTAGGTTGTATGGGGATGAGTGAATTTTATGGCAGTCATGACGATAACGACTCAATAAAAACAATTCATTACGCTTTGGAAAACGGTATCAACTTTTTTGATACTGCCGATATGTATGGTTTGGGGGCTAATGAGATGTTGTTGGGAAAGGCTTTGCAGGACAGAAGGGATAAAGCGGTTATAGCTACTAAGTTTGGCG
CP064967.1_gap9	272457	274489	2032	AGATCTCCAAAGGCGGCAATAATAGCTGCCGTTTTTGCGCCCATTGCGCTATTTGCTCCGATGAAGGCTACTTTTTTTATATTCATAACTTTAAGCCAGTTTGTAGTAATGCGTATCGTCTGTTGTCCACTCAGTGTCGGCATAACTGAGTAGCGAAGCTCTTTTGGTAAGGCTCACTATTGCGTGTGCGATATATGGACCAGTCTCAATTCGTATATATTTATCTTTTTCAGCACTCAGCGTGATTTGCTTTCTTTTTTTGGTTCTAACATCCTCGATGATTACCTTTACCTTTCCCTCAACTATCCCAAACCACTCGTACCATTTTTTATGGTAGTGGTTTCCACGTACAGCCCCTCTTTTATTGAAGGTAACAAAGTATATTTGTCCGAATTTTTTCTTTGCGCTATGCAGCTCAGATTCCTTTAAAAAAACAATTGGCTTTCCTCTTTTATCGGAAAAAGACTTAAATTTTGTTAGCTTAAAATTGAGTTTTTTCATTTTAGAAACCCCACTATTGTACCTGGAATGGCTCCAAGTTGCTTAAGTTGTTTTGTTTTAACGGCGGTGTATATATAGTAAGCATCTAGAAATATAAGGTAAGGTATGAAGTGAAAAAATTTTCTTAGCGAGTCAAGTTTAATATGACGACGATAAAATACAATGAAGTTAATCATCCTACTATAGCTTTCTGGTCTGTCATTAAAGAAGCCCTGCTTGGATGGACAGTGATTTAGTGAAGCCTTAGGGTTAAAGATCAACTTGTAACCAAGCCCCTTAATCTTAAAGGCAGCGTCAGGCTCATGATACTCTCCTACTCCTGAATAAAACGTGTCAAAGCCGCCAATTTTTTTGAGCAGATTCTTGCGTACTGAGAAGTTACAAGCCTCCAGATTTGAAACCTCATGTTGTTTCTCGTTTTTTGCCTCTGGAAAATTGGATCCCAATCCGAAGGCGCCCGAATCAAACCAGTGACCTACTCGTCGAGGTTGTCCGTCCATGAAGTAGCCAAAGTATAGTGACCCAATAAGTTTCCAAAGTATGTTTCCCTTTTTGAAACGTTCTTCGATTATGAATAGATCCCTATTTTTTCTAAATGCTACAGGTATCACCGTAGGCCCTGTTACCCCTCCGACATCTTTGTATTTTGAAAAGGTGTCAAAGATTGCCAGTAGCCAGTCCTTACTCATTATGACGTCGTCATCCGTTCTGATAAATATTTTTCCTCGAGCTTGCTTTAATGCCTGATTTGCGGCTTTTGCTAGACCTTTTGTTTTTTGTCGAAGAACTTTAATGCGTAGTTTCTTAGAATATTTTTTTATAACAGCCTCCGTATTATCTGACGATTTATAGTCTACAACGATGACTTCAAAGTTTTTGTAAGCCTGCTTTGTGAGAGACTGTAGTGTTTTATCAAGCGATAGGGCTCGATTTCCTGTTGGGATAAATATAGATACGTTCATATAAAATATGCCAATGCCTTAGTTATAAAAGAAATTCAGTATCGAAATGCACACATACCTGACTTGTCTTTCTGTAAGCTCTGGATACATTGGCAGTGAAAGTATTTCATCGGATAATTTTTCTGCGACTGGAAAGTCTCCCTGTTTGTACTTTAGAAATTTCCACGCATTTTGCATATGAATTGGATAAGGATAATGAATCTGCGTTGCGACACCCTTTTCCTGTAGGTATTTTTGAAGTGCGTCCCTTTGTTTAGTTCTAATGACAAACAGATGGTATACGCTTTTCCGATCTTTGTAGACGTTTGGTAATGTGATATCTGGAATGATGCCTAGCATTGTGTGGTAGATCTTTGACAGATCCTGTCTTTTTTTGTTCCATCCGTCAAGCTGTTCTAGTTTGTAACTAAGAACTGCCGCCTGAAGAGTGTCGAGTCTCGAGTTGAAGCCTACGGACTCATGGCGATACTTACTTGACTGACCGTACTCCTTCAACCGTCTTATCTTTGATGCAAGCTGCTGATCGTTTGTTGTGATTGCTCCCCCATCTCCATAGGCGCCCAAGTTTT
CP064967.1_gap10	275963	277112	1149	ATTACGTTTGTGGACCATGTGAGTGCGGAAAACCCAACAAGGTCCCCCTGTTTAATTTTTCCAAGATTCAGTAATGCTTGAATTATTGCTAAGTTTGCAGAGCTTCCGCTGTTTAGAAAAATAGCGTGCTTACGGTTTTGGTAGTGAGAAAAATTTCGTTCAAACAATTCGCATTGTTTACCGAAGCTCAGATAAGAAGTTTGTGCAATAAAAAATGCTAGTTCAAGTTTTGATTTTTCTTCTTCATAAAATGTTGACTTGATTAGCTTGATCATAGAAAAGTAAGAGGATTATAGCACAAAAACTATTTCGTTCCTGTAAATGAGAGGAAACGGAATTTCATATATATGTATATATAATTCCATGTAGTAAAAAAGCAGATAAGCGGATGTAAAAACCATGCTTTATCCCGCACCTTTAGGTAACCACGTACTGCTTGGTATGTTGGCTCGATTAAAGTTAACGAGAGAACAATATATATTGCCAGTTTGACCCTGTCAGTATCTGGATTGTATAGATGGTATCGCCGCGATTTTTGTTTCTTAAAATAGAGTTCAAGTGCATATCTTCTCCTTTTATAAAAATATGTAGAAAGGCTTTCCCCTGTTTTGTGCCAAAGAGTTGTCTTCACAAATGCAAATGTGTCATGTCCCAATCTTAGTAGATCGACGCAAGAGTCAATATGAGAGAATTTTTTGGGGTCTTTGGTGACCTTCTTTATCGTTCTTGTTCTAATCACAAAGCCATTTGCGCCCATAGTTGGCATGTTCTCTTCGGTAAACGACGCTTCATAATAGCTGCCCCTATCTATTGCAGCTGTTTTAAGATGCCAGTTGTTTTCAAAGTACGCTCTTCTGTCTCGTTTGCCTAGATAAAATGCGATAGGGTCGTTCATTCCAAAAAGAGCAAAATATCTATTTAATAGCTTATCTGACCGAACGTACCGGTAGTTTATTGACTCGCTCGCAATCAACTTCTTGTTCGTCTCAAGCGGGCTGAGCATCCTCTGAAGCCATTTTTTGTCTGGAAGCACGTTGTCCGACGAAAAATTTACGACATAGTCTGAGGTAGCGTGGTTAAAGCCAATTGCGGTTGCTTCTTCAGGTCCGCTTGTTTTAACATTAAATACCTTACAGAAACTGAACTGTT
CP064967.1_gap11	278153	282954	4801	GTTAGCCTTCATCGTAGCCGTTGTAACAATGGTGATGTCGTACTCAAAAAATAGGCAGATATTTTTTTGGATCTCGTTCTATTTCATCGCACTCGTTCCATCACTAATACCACTTAACATTGTCTGGGTAGTTGCCGAGAGATATGCATATCTGAGTATTGTTGGCTTGGCAGTCATTACAGGAATGCTATTGAATAAAGCGCTCCAGTACAAGCAAGTACAAACAGCGTCCTACGCGGTTGTGACTCTTATCGTTTTGGTCTTGATGGGGTTGACGATCTTAAGAAACGTTGACTGGCTGAGTGCAGAGAATCTTTGGACATCAACGATCGCAGCTTCTCCACATAGTTCAAACGCTCATAACAATATGGGCGATGTGTATGCCCAACGACAAGACTATGTAAATGCTGCAAGAGAGTTCCAGCGAGCTATTGAGCTACAACCTGGAGATGCCGATCCTCGTCATAACTTAGGAATAGCTCTGACGATTCTTCGCAAGTATCCAGAGGCAGCAGACGCCTATCTTGGAGCACTCCAGATTGCACCGACTCTGTATAAGACTAAATCAAAATCTTGGAGTAGTTTGTCTACTACACTCTTAAGAAGTACCCAGAGGCGGAAGAATATCTGTCAAGAGCATTAAAATACGGTCCTCCAAATCCCGCCATTTCTAAACTACTGAAGGACGTTAGGAATTTGAAAGGTAAGTAACTTTAACAGGTGAAAATCTTAAGTCCTAAATTTTTGGATTCATTTCAATTTTATTCGTTGCTTTTTTAGCGGTTCTATACCTTGCCAACTCTGCATCACGGTTTTATTCTTGATGACCATATTGGCATAGAGCAAAATCAAAATATAAAAAGCATCGATGGAGTATTTGAAATCCGATTTCCATTTTAGAACCTTACTACTTCATACGTCGTATAGTTTGGAGGCTGGATCCGGCGTATTATCGAGTAATGAATATTGCTTTTCATTTTGGAACGGTATTTGGAATTTATTTATTGGTAACTAATATTAGTAGAGTGCTGTGCCATCGCTTTATTCTCGGCTCTAATTTTGCGGCCCATCCTATGTTGGTTGAGTCTGTTGTCTGGATCTCTTCCCTCACCTATCCACAGTACAGCTTTTTTGTAATTTTCTCCATTATTTTTACATCCTAGGCGCAGAAAGAAAAATCGTATCCCTTACTCCATTCTTTTTTGCTTTCTTTATATTGTCGCTGCTTTCTTCTGAGAAGGCGCTTGTGCTTCCTATAATTATCCTGTTATACGAATGGCTGTTCGGTTCGCTCAAGAAGAACTGGAAACCGATTTCTATCGGCTTTTGTTAATATCGATCTTTGGTGGAATTATGTACCCATTCATTCAGGAAAGAATAGCAACATTTAGTGCAAGTGCGACAATCGGGAACCACCGAGCTTCTGAGCCCTTTATTCAAATTCCTGTAGTGATCGGAACGTACCTAAATAATATTTTGGCCGCAAAGACTTACGATTTATCATTTAGATGAGTTGGGAGTTCAGTCAGTTCCACTTATCGTTAACTCATACTTCGTGGTTGCTTATTTGTTGGGACTATTGGTCAGCAATATTAAAAACAAAAAAATATTTTTCTTTTTATCGGTTTTTTTAGTCGCATCTCTACCCGCACTAATCCCAATTCATATTATTCAGATTGCGGCAGAGCGTTATGCATACCTCGGAACTTTTGGACTGATTACGGCGGTAGTTTTAGCACTTTTTAATGTTGCTGCTAGATATAAGATCAATGTTATATGGCTATATGTAATATTGTCGGTTTGCGTACTAGCTTTAGCTTGGAGAACCAACGATAGAGCAAAGGATTGGGAGAGCGAGATGAGTCTACGTCTTGCTACACTTAGTACCGCTCCATATAGTTCCCGCGCTCATAATAATGTAGGCATTCAACTTATGAATGAAAACAGAGATAGTGAAGCTATGGTGGAGTTTGAGAAATCAATATCTCTAAAGCCTGACTACAGTCATCCATACCACAATATCGGGCATATGCTGGCGGTGCGCGGAAGATACGCTGAGGCATTGCCATTTTATCTTAAAGCGATTTCTCTTAATTCGTACGAATGGAAGACTCGTCAGGACATTGGGCAGGTATATTTTATGCTTAAAAAATATTCCGAAGCCAAAGTGCAGTTAACAAGAGCAATTGAACAAGGTTCCCCAGAAGTAGAAAGACTTCAGACTATTTTAAATAGGATAAGTGAGTTAGGATTTTGAACTTCTGGATCACGGATCAAGTCCGGGATGACAACGGCGTCATACCGTGCATAGGTTAGAGGTTAACTGCACTGTCTGCGAGTTTGATTGCTGATTTCTCCGCATCAACAGATGTCTTAGGTGCAACAAAATGCTTTCCGAGACTTTTAAAGGCGTTTTTCCAGAATTTAGGAGAGCTCCAGCTAACCTTGGTTTGGTTAGAATCAAAGTCGAGAAGATGACCAATGAGTTTCCATGCCATGTAGAAAAGATACTTAAAGTCGTGCAGACTTCGAATGCTTAGGAGCTTTCTTGTTATGTACTGTGGTGTCATGAAGGATGAGTATAGATCTTGTTCTAGCTCGTAAATCTTCTGCTTAGGAAAGGGCGTTTTCATCACAGACTGTCTCATGTCGAATTTATCGTAATCGTCAGTAAGTAGCCAACCTTTTTCCTTGCATTCTTTGTAAAGTGGAGTTCCTGGATATGGAATAACAATAGTCGCCTGCATCGTTTCGTAATAACCCTTTTTGAAGGCGTACTTTGCGATTGCGATTGTTCGTCGTGCCTCTTTTAGTGTCTCCCATGGATAGCCCAACATTATTGTTACGTGTGGATCCATTCCATATTTTTTGGCAAGTCGTGGGCCATTAATTGCATCTACTTCCTTTGTTCCTTTGTCTAGTTTGTCTAAGGTTTTTTGATTTCCAGACTCCATTCCGTACAGAATGAATCTGAATCGAGCCTCACCCATAAGTTTGTAATACTCTTCATTCAATGCATTGAAGCGCATGTTACATCCGTATCTTACTTTCTTGTTATAGCCACTTTCAATTAATAGTTCGCAGAATCTCTTAAGTTTTGGACCAATGAACATGGTTCCCGCATCATCGAAGATCTCCTTTATACCGTATTTATCAACGACATGCTTAACCTCTGCAAACAATCTTTCAGGTGAGAAGCTTCTATATGAACCAAGTGGATTTATGGTGTGATCCCAAACACAGAAAGTGCAACGATTCCACCAACAGTCACGTCCTGAATACATATATGTTGCTGGTGTGTATTTATAGTTACCATTTTCGTATGCGTAGAGTTTCCACTTGGTAAGGTCACGGTCAACAAAAGGCAGTGTGTCAAGGTTGTGTTTTAAGGATGCAATTCCGCTGTTATAGACGAATCCTTTATTTGGGAGTTGTTTTTTTCCGGCTGGTCTTGCCTTTATATTTTTATCTCCTTTTCTCCAGTAGACTCCTCCCTCAAGCTTCTCCCCTTTATATATGTGATTGAGAAGATTAACCGCCATAAAGTCATAATCTCCACCTGCAATTGCATAGTCAATGTTGCTGTTTTCAAATAGCTCATTTGGGAGATAGCTGACATGATCCCCTACCCAGATAAGTTTAATGCTCGGAATTTTCTCCTTAATGTCGTTTATTTGTTTCCAGTGAGTCTTCACAATGGGAGATTTTGTCTCTACCATTAGGTAGTCAACCTTATTCTTTTTAATTCCTCTATCCAGTCATTGTATTTTTCTTTTCTGCAATGCCGTCCATCCAGAAAACTTTGTAGCCATGATGTTGAAGATTTGATGCTGCATAAGCCGGTACCATTGGGTAAATGTAGGTTGCTGCATTGAAGTACTGAAACTGACGATTCTGCGAGAGCAGTGCTACTCCTTTTTAGACTCAAGAGGAGGATAGCCAACCGCAATCCGCACAACATTACCATCTTTTTACGAATTTTCTTGGCGATCATAGTTTAAAGTATCCCAATTTATGCCTCTAAAGTCAATTTTCTAGGTCTTATAAATACCCACCAAATCATTGCCGATGAATAAGCTAGATAAAATGATATTTGGATAAGATCCATGGATTTTGTAAGTCCGAAGACTGTTTTTATCATGTCTGAAGCGATGCTAGATCCATGTGGTATGAAGGCGAGATTAACCTTTCCAACTTCTGGAATATAGCCTGCTTCTGCGAACTCATGAACCCCGCGAGAAAGCAGTCCGGCCGCAAATAGGATAAGTAGCGTGCTCGTTGCCCGAAATGCATAGAATACCGGTAGCCTAATAGTAGCTGCAAACAAGGCAATAGCAACTAAAAGTCCCGATAGCAAACCAGCGCTGAATCCCGCAAAAATTTGTTGAGGATTGGTTGATAAGTAAATGGTTGAGAGGAAAAGTACTATTTCAAAGCCTTCTCTAAAAACCGCTGTAAAGACTAAGATGAACAGGCCATTTTGCTCCGCGCCTTCAAGAGAGTCCCTCACCTTTTAAGCAGTTCAACCTTGTATCTGGAGAAGTGTTTGTGCAGAAAGAAAACTGCCCATGTAATAAATATGGCGGATGTAATCATCAGAACTCCTTCAGTGGTCTGTTCTATTTTGCCAGAGTACAGTTTCTGAAATTGAAGACCACCAAGGCTTCCAACTCCAATGAGTATGACGCTCAAAAATCCAGCTAAGGCAGTAGCTGTCCATACGGTCTTAATACTTTTGCCCTGATTAAGCTTACTTAGAATCCCAAGGATCGTTGCTACGATAAGCGATGCCTCAATAACC
CP064967.1_gap12	283990	285288	1298	AGGCGATAATCTTACCTTTCGCATTCTTCACGCCAATGTCTCTTTTTTGAGCTGGTCTGGTAATTGATCCTGTCGGAATAATTCTAAGCCAACTATATTTATTCATTAAGGTTAGATCGTATGTCGAGTGCTCATTTGGAAGAACGATTACCTCAAAATTCTTGAAGGTTTGAAGATCCATATTTGGCAGGTTTTCAAATAGTAGAAAGTATGAAAGCGACCGAACTGGAATTACTACGCTGATGAAAGGATGTTTTTTTTTAATTTTTCTTACCATGTCTTTGCTTGGAAGGTTTTTTGTGATAATGGTGAATTATATTTTTTCTATAAAATATTGCCAGTGTGTCAATTAATATTCCCTTGATCGATTTTAGAGTCGCGGCCGATGTTACCGGTCCCAAATGATAATCGAGCTTAATTGGGGCTTCATATATACGGCTAAATCCTAATGTATCTGCTGCCACGAGCATCTCTAGATCGCCCGCAAACTCTCTTTCCAATAATCGTGGAAGAATTACTTCCAAGGTTTTTTTTCTGAAAACCTTTATTCCGGCTTGAGTGTCTCTAATTCTTATATTGAAAAGAAACTTAACCAAAAAATAGTAACCATAGCTTAATATTTTGCGAACAATTGGATAGCGCACATAAGATGCAGGATGTCTCTTGGAACCGACAATTATATCTGCCTTGTACCATTCCATGTGCTCCAGTAGCATCGAGATTCCGTTTGGATCAATCTCTTGGCCGGAGTCCAAAAACATTACATAGTCCCCTTTCGTCTTCGTCATACCAAGCCTTATCGCATAGGCCTTACCTTGATTTTTCATGTAGCCGAGCGTTTTAACATGAGGAATTTTTGCAGACTTTATTCTTTTGAGAGAAGTGTCAAGAATTCCATCTATCACGACAATAATTTCGTAGGGGTATCGGATTTGATTTAAGGCAAGAACAATCTGGCTTATATTTTTGACAATCGTTTTTTCCTGTTTGTACACCGGAATGATAAGACTTAGGAAGTGATTATGTTTGTTTTCCATTGTCGGTATTATACTTCACCAAACAGCCAATTTGCAGAAGCAATAGGAGAGTTCCGATCAGTAAATTAATTGTAATAATGTTCTGTAACGAGCGTCCTAAAAAATACATAGCTGGAATATAGATAACCCCTACCACTATGGGCATTAAAGAAAGAGAGGATTTTTTGGAAAGAAAATAATTATTGATCAATGTTGTAGATGCATATAGCGTACCGAATATACTTGCAAGACCAAGTACTGGTGTAATCGATTTGAACTTGC
CP064967.1_gap13	287297	288298	1001	TGGTTTTTGCATCGATGTTTCCCACAGACGCAGCAGACTATCTAAATTTAAAAAAAGCCTTAGATAAGCTGTATCTGAACGATTCATCTCTTGAGTTCACCCCGATCTTCAGCCAAGCACTTGGCGCTGGTTTTAGAGTTGGGTTTCTTGGATTGCTTCATGCCGATGTTGTTAGAGAGAGACTGGAGCGTGAGTACGAACTTAATCTGGTCTTAACTCCACCACAGGTTGAGTATAAATTTGAGAACAATACGTTTCTAGAACCCTATGTAAAGATATTTCTCGTAATGCCTCCGGAGTATCAGGGAGTCGTTATGACACTTTGCCAGGAGTATCGTGGAAGATTTATAACAATGGACAATAAAAATCAAGTAACCCTAACCTACGAAATGCCACTTGCCGAGATGATCTCAGATTTTTTTGATCGACTAAAAAGCGCAAGCTCTGGTTATGCATCCTTAGACTGGGAACTAGTAAGATACGAAGTGGTAAAAGCAGACAAACTTACACTTCTAATTAATGGCGATCCAATTGAGGAATTTTCTGAGATAGTGGTTCAGGAAAGAGCGCAAGAAAAAGCTCAAGATCTCACAAAGAGACTACGAGAGGTAATACATAGGCAACAGTATGAAATTAAAGTTCAGGGTCATTATAAAGGTAAGATTATCGCGTCCGAACGTATTGCGCCTTTTAGAAAAGATGTTCTTATGAAAGGAAGCAAAGCTGTTGGAGGAGGAGATGTCGGACGCAAGCGAAAGGTTCTTGAGAAGCAGAAAGAGGGAAAGAAAAAGATGAAGATGATTGGAAAGGTTGAAATTCCAAAAGAAGCATTTATCAAACTCTTCAATAAAAAATCGTAGAACTAGACGGTCTCCCAGTTTATATCGGCATTGGTCTTCATGAAGGTATACTGGCGTTTGGCGTACTGGACCTCTTTATTAATCCATTCAGTCTTTGCATCCTCAAGAGTTATCCGGCCCTCGAGATGTTCGATTAGTTGT
CP064967.1_gap14	317348	319260	1912	GGGAGACATATTCTCAAGCGTCGTTCCTGCAGAAACAAATTTCAATTCTGCCTCATTCCACTGGGGCAAGTAACGTCTGATGAGCCAGACGCTTGTTGCGGCATCAAGATCAACTGAGATGTGAGTAACAATGCTCTTCATTTTGCGTGGGTTTTGGATACGAGTTCTTCGATCGTGAGTAGTTCCGCATCTTTCGATGATCGAGATTTATACTCTAATTTTTCTCCTGTTTTTCTTGAGATAACCAATCGGTGAGGAATACCTATGAGATCGGCATCGGCAAATTTCTCTCCCGCACGTTTCTCTACGCGGTCGTCAAACAAAACAGATATTCCGTGAGTTGTGCGAAGTATCTCGTACAGTTCATCAGCTCGTTTTTTTACCTGTTCATCCTGAAGATCTAGTCCTACCAGGTGGACTGCAAACGGCGCCACACTCTCTGGCCAGATAATACCCTTTTCGTCAAAATGCTTCTCAACAATAATGCCCATTACGCGTGATATACCGATACCATAGCATCCCATGATAGGATATTGTTTCACACCCTCTTTATTTGCAAAGGTAAGGTCAAAGTCTTTCGAGTACTTTTGACCAAGGTCGAAAACGTTTCCCGCCTCAGATGCTCGAGCTTTTTTCAGCTCAGTTTTTTTACATGAAGGACATGAGTCTCCTTCATTCACTTTGGCTATCTCCACGTTTACGCAGAAATCACAATTTTCACAGTATAAAATATCGTCCTCACCAGCATCGGTAAGAACCATAAATTCATATGAAATTTTCTGTGTAAAACTTCCGCCTGATGCTTCGGTCACTTTAGCAGTGAGTCCAAGTTTCGTAAAAATTTTAAGATAAGCCTCCTTCATTTTCTGGTAGTAGAGATCGAAATCTTCCTGCGATTCATGAAAGCTGTAGAGATCCTTCATGAGAAACTCAATTCCTCTTAATATTCCTGACTTTGATCGAAGCTCATCGCGATACTTCCAGTGAATCTGATAAGCTGCCAGTGGTAAATCTTTTATAGGTGTTGATGCGTGATTTTGCGAGTGGCGTTACGACCTCTTCTTCACTCTGGCCAAGCGCATAGTCTCGATCAGTGCGAGATTTAAGTTTGAATAGTACATCAATATTCTCCCAACCTTTTGTTTGCTTCCAGTTTGCGCTAGGGTGAAGAATCGGCATGAGAATCTCGTTTGCTCCGAGCTCGTTCATTCCTTCGCGAACGACCTGTTCGATATTGCGAAGTACGCGAAGACCTAAAGGAAGATAAGTGTAAACTCCAGCCATAAGCTGTTCGACATATCCGGCCTGTGAGAGAAGTTTATGATTTACTGTCGTTGCATCTTTAGGTGCTTCGTTCAGTGTTTTACCAAATAGTTGAGAGTATCGCATGAGGACATTATAACTTACTTTGCTTGCTTGAAGCCGAGTTTATCTAACACGATCCCCATCGATTCATTAGCGCCGGTCTTGTAGGTGTCAATTATGACATCATAATATTTTGGATCCCAAAAGTCATGATTCCCATAGAGTCTTTGCCATGTGGGTATATTTTCTTCCTCTCTGTTTTTCATCCATTCTTTGGCTTGATCGACCGTGATTTTTCTCGATTAACCACTCTGTCTACACGAACAGCATATTCGGAGCAGACGACTAGCACCTTGAGAACGTTTGGTAAATCTCGTGCCAAAAATCCGGCAAGCCATGCTTCGTAAATGATATTTTTTCTTCTTTGAGCATTTTTCGGTCATTGCCTCGATGCTGCGCTCATGCTCGTCGGTACGCGAAGCAGCTCCCGATTCATTATCGTTTCTTCCTTCTTTACGATCAAACTCTCGCTGAATAGAGCCCGCATTTTGATACTTCCAGTCGAGTGCCGCTCTTAAATTCTTTGCAAGCGTGGTGGTTCCAACGG
CP064967.1_gap15	416569	419342	2773	TTCTACTTTCAGTTTCGAGTTGGACCAAAAACTGCATTTCAGGTCACTTATACTGGTAGCGATGAACTGATCTCGGCAGTTCAGACGAATGACGTTGCTATTTTCAAAAATTCCAGGACTCGGAAAGACTCAAAGAAAATTATTCTTGAACTTTCCAGAAACTGAAGTCGAGTTCGATATGCAAAAATGAATCTAAGCGATGAAGACAAAACGGTAGTTATGCACTTATGGCTCTTGGTTACAAATCTCAAGAAGCAAAAAACAAGCTCTCAGTAAAATTTCAAAAGGATTATCGATTGAAGAAAAAATAAAAGAAGCCCTCAAAAACACTGCTACAAAAATAACTTTTAACTGCTCACGCTCATAAATTCTTTTCCAGATTACCACGTATCCAAATATGAAAGAAATTCGAAGAATGGGGATTTATTTGGCTTTGGAGTATAATTGGAAGCATGTCAGGAAATGAGATTACAACGCTTAGACCTTTAAAGATTACTGAGTATATCGGGCAGAGTGCGGCGGTACGAACTCTAAAAGTATTTATAGAAGCGGTTAAGAAAAAGGGTTTGCCAACAGAGCACATTCTGCTCTATGGACCTCCAGGAATTGGAAAAACTACGTTAGCAAACATCATAGCTCATGAACTCGATGGAGAGATGAAGGTCACATCGGGTGCCGCAATGCAAAAGTCTGGAGATCTTGCAGCGATACTTACCAATCTTAAGGACAATGACATCTTATTTATTGATGAAATTCATCGACTACCTAAAACGGTTGAAGAGATGCTCTACCCCGTTATGGAGGACTACTTTCTAGACATAATTATCGGCAAAGGTCCTTCTGCCCGTACCGTTCGACTACCGATTCCACGGATTACGATAGTAGGTGCCACGACTCGACTCGCTTTATTATCTGCGCCACTTCGTGACAGGTTTGGACTTCTGATGAGACTAGACTACTACACAGATTCAGAAATGGAGAAGATTGTAGATAGATCGGCCAACCTCCTTAATATGAAGATTGCAAAAAATGTGGCAAAGGAAATAGCAAAAAGGTCTCGCCGTACTCCCCGACTCGCAAACAGAATTATTAAGCGCGCTCATGACATGTTAGTTGTGAATAAGCATGCTGAGATTTCAGAGACAGTATTGACCGAATTGTTTTCTTTGTTGGAGCTTGATAACTTTGGACTTACCGATGTTGATAGAAAATACCTAAAGACTATAGGAGTTAAGTTTCAGAATGTGCCAATTGGTGTAAATACGATCGCTTCTGCCATGTCGGAAGATATTCAGACGATTGAGGACTTCATTGAACCATATCTCTTACAGATTGGCTTTTTGAAAAGAACCTCAAGAGGACGACAGCTTACTCCAAAAGCCTTGCTACACCTCGGTGTAAAGGGTGATCCCGATCAACCACAGCTGGTATAATAATCGTAGAGCGTGTAGCGCGCATCGTTTATCGCAAGAATTATCATGCCTTGAGATACACGTTACACGATTTGCGATTCGTGATTTTGTAGCCGCGGTGGTGGAATGGCAGACACGCAGGACTTAAAATCCTGTGACCGCAAGGTCGTGAGCGTTCGACTCGCTCTCGCGGCACATCCAGTAATCAGATTTCGGTTTTCAGTTTTCAGTCATTATGATCTGACAACTAATCACTGACCACTGATAACTGTCCCAGCCCTTCTAGCTCAATGGCAGAGCAGCTGTTTTGTAAACAGTCGACTGCAGTTCGATTCTGCAGAAGGGCTCCAGCTTATATCTAAAGATAAAGCTGTTTTGTAAACAGTCCCGACCTCAGTCGGGGTTCTGCAGAAGGGCTCCAGCTTATATCTAAAGATAAAGCTGTTTTGTAAACAGTCCCGACCTCAGTCGGGGTTCTGCAGAAGGGCTCCAGACTTAGAAAGTGTTCGTCCTATTAGCGATAACAAGACCTTCGACTCGAATAATACTATCTTCGTAAGGACTTAAACTGCAAACGCCTCCTCCCTCCATCCTTAATACACCCTCAGGGTGCCTTATATCCTTATTGAGAGTTATAGTACCGCCGATTCGTACGGAAATCAAAGAATCGATATCGGGCTGTTTCCTCATATACTCAATGAGTATAGGAGTAGCACAGAAATTTGGATCAATAGCTTTTAGAGATGCTGAGGCGCCATAAGGAATTGATAAAACGCCACCAGAAAAAACTGGTAATCTGTGAGAACCTTCTATGGCATGAGTTAGGACAAATATAGTAAATGGATTGGTAGTAAATTGAAGAAGTGATCTTCCCAATTTTTTACCAGATTCTGGTTGATTTGTTAATCTACTGCGGCTCTCAATGTTTCCCGACATAACTAATTATACTACAGGATATATAATATAAATATTTAAATTTGGTATAATTCTTTATATCTTGTATTCCTACCTGTTGTCAGGAAGGACAAAGGTTTTTTTTGAATATAGACCCTGTAGTTCAACGGATAGAATAAGTCCCTTCTAAGGATTAGATCCGCGTTCGATTCGCGGTGGGGTCACTCTTCTTGAATGTTATAATTGATAAATTGGGCAAGTGGTGAAACTGGTATACACGCAGTCTTGAGGAGGCTGTGCCGAAAGGCGTGGAGGTTCAAGTCCTCTCTTGCCCACCCGATGCGTCCCGATTGTCATCGGGGTGCCCGAAAGGGCGTGGAGGTTCAAGTCCTCTTCCCGACACTACTCTACTTTCTTGTTACTGTGTAGCTGTAAGGATAGTATAAAAATGCTGCTGGTAGCTCATC
CP064967.1_gap16	421957	424908	2951	AGATAACTCTTATCATCCATCCACCGTACGTTATATTTTGGCCGATGAATTTGAATGAGTTTAGATTCGTATAACAATGCATTGAGTTCTGAATCTGTTTGGAACAGTTCAATCTCATCTGCGGTATTAACGTATAGCGCTTCTTTTCTATCTACTAAAGAGTTTTCAAGATGGCTCAGTAGTCGAGCCTTTACCAGGTTAGATTTACCAATGTAGAGTGGCTTGCCTTTAAGGTTGTAACTATACACTCCTGCAAAACCTTTGAGCTTTACGATGTCGATTTTTGTATTTGGGATTTTCCAGTTTGAGTTATCCATGTTTTAGTTGTCTAAGAACTAATAAAGTCAATATTAAGATTAACAGTACTCCAAATGAAGATACGAAGGCTATATTATAGCCCGTCGGCAAGATCTTAATGTCTTGTTCTGATATATTATCGCCAACATGGAAAACTACTTGAGTATTTGTTTTTTTCGTGAAGCGATCTGTCTGCAACTTAATCTGAATATCGACGCTCTGTAAGGGAGCAATGGCCTCGATGGTCTTTTGGGAGAGGTTAAGCCGTAGACCCTCCCCCGTGGCAGAAAGCGGTACTGCGTACAAGGTAACGTTTCCGGTGTTTAATACAGAGTAGGTAAAGGTATTTCCGTCCCCTGCGGTTACGGAATTTTTACCACCCATACGTTTAATAACGAGACTACTCTTAATGTTTGGAACAGTCTCGGCATATGATACAGAAACAAGTTTGGACTGGTTAGAAGAGCTAAATCTATAAAATCCGGCTGGGTATGGTTCGGAGCTCGATGCTCCTCTGATTACTAAGGCTATGTGGTTTAGATCCAGAGCAGAAAAATAATCTACCTTTGAGGTGTCTTCCCAGGTAGGATCCACCGCATACCATCGATTCTGAGTAGTGTCGTAGTACTCAGCCCATGAGTGAAGCATATCCCCTGACTGAGGTCTAATCTGTTCGTTCGGGGAGAAACCATATCCCACAACCTCTCGAGCATAGAGAGCATTTTGTCGTGCAAGAGAGACGATAAGTGAGCTATAGTCAAGACAGACCGAGTTTGATGGAGACCGAATAATTTCAGAAAAAGTTTTATGGTTGTACCGAGGAGAGTCGTTGCTTAACTGAGAGTAGTCGTAGGATAAGGTGGCGAGTACATATGAGTATACGGATTTTATTGATGAAAACCGTGGTGGATTCTGCATTTTTGTAAGAAAAGGCTTGAGCAAGTAGTGCTTCTGGGATCTAAACAGGTTTCTCTGATAGTTAAGGATGTCCTCTCGAGGAACCGTACCTAAGATAACCTTTGCTTTATACTTTACTTCTTTCTTTTCTGAGGGGCGAAGTAAGTAGTGACCAAGAACATTTCCATCTGAGTCGATCGTTACGTCGTTTGGTTTCTCGGATATTGAGTCGAGAACAACCTGTTGATCTATGGTGTCTGGTGGGAATGTTAAGGTTACGTAACCCGGTATAGGTGAAGTGTTTTCAATTTGGTAGGTTAGACCTAGGTCATATTGTTGATTTTTTCCAAAAAATACTTGTATGGTTTTTCCATTCACCTGATTCCAGGAAAGGGTTTCCCGAGTTCTGGACGAGAACATTGGTTTACTTAAAAGAACCAAGTTCTGTAATTCGTTCGGAAGATTAACAGTTACGGAAGAATTAGCGGTGGAGGATGGTAAGAGGGTCGGGATAAGTAGCTCGTAAACGTTTCCTTGTTTCGTAAGCACGTTTTCTTGTTTGAAATGAAGAGAGATGTTGAGTATATCCTTTAGGTCTTCGGTGGTGATTAACGGAACAATAATGTTCAACTGATTTTGCTCGAGTGCGGTTTGTATCGAGACGAGATGGTCATTTACCATCCCCTCAATATCGGTAGCACGAAATCCTGAAGGTAAAGAAATAAGAAACTGCTCCGAAGATTGTTTACCGGTAGGATTCTGAAGTTGAATACTGTATCTTACGTCTGCCTGAGTTGATGTATTTGGTGAGGATAAAAAATACTCTGCCTTGTACATGTTCTTTGGACTCTGGGCGTGAACAGGAAAACTGAGAAGAACTGCAGCAAATACAAAAAATAGTTTCTTAAACATGACTTATAAAGCTTTCTTAAGGTATGCGCTGGTGTAAGATTCCTTTACCGACTTTAATCCTTCAAGCTCCCCCTGATAAATCACTTGACCACCACCATTTCCACCCTCTGGACCAAGGTCGATAATGTACTGACAATTTTTTATAACATCCATATTGTGCTCGATTACAACAACTGTATTTCCTTTTGCGACAAGCTCTTCAAGACTTGAGAGTAGTTGTTCGACATCATAGAAATGTAGTCCTGTAGTTGGTTCATCGAGAATATAGATTGTTCTTCCGGAGTCTCTTCGTGATAGTTCATTGGATAGTTTAATTCTCTGCGCCTCCCCTCCTGATAGGGTTGGAGCAGGTTGCCCAAGCTCAATGTAACCGAGTCCTACTTTGTTTAAAAATGATAACTTTTGATGTATTTGGAAATGTGCCTTAAAAAAATCAGTAGCTTCTTCCACAGTCATTTTTAAAATATCGTAGATCGTTTTATCTTTAAACCTGACCTCAAGTGTCTCTGCATTATATCGTTGTCCCTGACAGACATCACAGGTTATATACACATCTGGTAAAAACTGCATTTCAATCTTTATAGATCCACCACCTTGGCACTTTTCACATCTCCCACCCTTTAAATTGAATGAGAATCTTCCTTTATTAAATCCTCGCATTTTTGCATCAGATGTTGAGGCGAATAAGTCTCTTATGTCATCAAAAAAACCAACATAAGTTGCGGGATTTGAGCGAGGTGTTCGTCCAATGGGTGACTGGTCTACAAGGTAGACTCGATCAAGATACTGAAATCCTTCCAATCGATCATACTCCCCCACCGATTCATTGAAGTGTCCTTCTATAT
CP064967.1_gap17	442670	447517	4847	TGATTTAACTAATTTTTCCAACTCCTTCTCATCTTTTTCGTCCATAATCTTGTTAGCGTTCACTCTCTTCATCCAGTCCTTACCCTTTGTTCGTAAAGTGAATCGATGAATTTTGACTCAAACTCTACGATTTTGTCTGTCTCAAGCGAGTCGAGGTGGCCTTTTGCAGCTGCCCAAAAAATAGCAACTTCCTCGGCTAACGAATAAACATCATGTTTGTTCTGTTTAAGAACCTGCGTTGTCTTTGCCCCCTGATTGAGGAACTGCTTGGTCTCGGCATCAAGATCGGACTCAAACTGTGAGAATGCTGCAAGTGAGCGATACTGAGCAAGATCGAGCTTAAGTCGACCAGATACACTCTTCATAGCCTTTGTCTGAGCGGATCCTCCGACACGCGAGACTGAGTTTCCAACATTAATAGCGGGTCTCACTCCATTATTAAAGAGATCTGTCTCCAAGAAAAGTTGACCATCTGTGATCGAGATCACATTTGTTGGAATATAGCTGCGATATCATTATCTAAGGTCTCTATGATTGGAAGCGCCGTTAACGATCCTCCACCAAACTCATCGGTGATTCTACAGGCTCTTTCGAGAAGTCTTGAATGTAGATAGAAAACATCTCCTGGATAAGCCTCTCGTCCTGCCGGTCTTCGTAAAATTAGGAGATCTGTCGATATGCCCATGCATGCTTCGTCAAATCATCATAGACCACCAAAACATCTTTTCCTTGATCTAAGAAATACTCACCGATTGCTGTTGCTGAGTAAGGTGAAAGATACTGAAGCGCCGCTGAGTCTGAGGCCGATGAAGAGACCACTATTGTATAGTCCATTGCTCCATGAGATCGCAATGTCTCGATAACCTGTGCAACTTTTGCATTCTTCTGACCGATTGCGCAGTAAATACAGATAACGTCTTTACCCTTTTGATTGATGATGGTGTCTATGGCTACCGTTGTCTTGCCGGTAGTTCTGTCTCCAATTATAAGCTCTCGTTGGCCTCTTCCGATTGGAATAAGGGCATCGATAGCCTTTATACCGGTCTGTAAAGGAACTGTGACAGACTTGCGGTACACAACTCCTGAAGCGATTCTTTCAATTGGATATCGCTTTTTTGTTTTTAACTTAAGATTTTCAAGTGACGCAGAAAGTGGGTCCACGACATGGCCAAGCAGTTCTTCTCCAACTGGAAGTGAAAGAATTTTTCCTGTTGCGGTCACGCGCGACCCTGCCTCAAGTGTGAGGTAGTCACCGAGAACTACAATACCAACGCTATCCTCCATAAGCTCAATCACAAACCCCTGAACTCCACTGGTAAACTCGACTAGCTCTCCATAGAAGCTATTATCAAGACCCATCGCGATCGCGACACCGTCCTTAATCTCGACGAGCGTACCGACCTCGGCAGTCTTAACCTGCGTCTTCTTAGATCCGAGTTCCTTCTCGACTTCTTTTAAATATTGATCAAAGAGCTTCATGTGATAGTTGCTGTAACTTAGCTAATCTTTGTTGCAAGGATAGGTCAATCATCTTGCTTCCTTTTCTTATAATGTAACCTGCGATTAATTTCTCATCAACCTCGTTATTTATTTTAGACAACTTCAGGTCCGGAACTATTTTTTTGATTCCTTCGATCTCAGAAGATGAAAGCGGATATGCTGAGACTATGGTAACCTCATCGTTCCGTTGCTTAAGTTTGGCAAGAAAATGCTTCTTAAGCTCCTCCTTCATTAGAGAACTAATTTTCATCAAAGGTTACCGATTTGGCTGAATTGCTAATTATTGAGTCCGAGATCTTTTTTTTCATTTCGGTGGTTAATACTTCTTTTAGTACGCTATTAACAATCATAAAGCTCAGCTCATTGATCTTCTGCTTAGCATCTTTCTGCATCTCGGTCTGTTCTTGAACGAGTTGTTTCTTTGCTCGAACTTTAAGCTCGTTGATCTCTTTTTCAGCCTCTTCTAGAAGCTGGACCTTAATCTTTGCTGCTGCATTTTTCGCTTCTTGAATTTGCGCATCTGACTGCTTTTTCATAGTTGCTAATAGTGCCTTTTCTTTTTCTACCATCTTCTCATCCATTGACTTTGCTTTGAGAAGTAGTTTCTCGCGCTCTTCGGATCCTTCCTTTTCTGACTTTATGAACTTCAGAAACGGCTTAGAAAGGTATTTTTTGAAAACAAAAAAGAACAACCCAAAGTTAATGAGCTGTGCGATCAGTAATTTTGAATCGATTCCTAGATTTTCCATAATCTCCTTCGCCAAAGGCGCTTTTTTTAGTAATAATTACACGAACTTAATAATAAGAGCTATAACAAGTGCGAAAATTGCAAGTCCCTCTGTAAGAGCGATTGCAAGAATCATCGTAGCACGCACCGATGCTTCAGCCTCTGGATTTCGTCCAATTGCCTCTAATGCGCGTCCTCCGATAAGTCCAATACCAATACCCGGTCCTAGAGCACCAAGTCCAATTGCTAGGGCTGCTCCGATCATTTTTGCTGCTTCTGCGTCCATCGTGAATTCACCCCCTTAGATATTTTAAATTTTTATTTTTTAATTACTAATTTTAATTAATTGAATAATTTATATTTTAAATAAAAACTACAAAATACAAATTAAAAATTATTAGTGATGTGCCTTCGTTGTGGCTAAATTGATAAGAACTGCACTCAACATTGCGAACACTACTGCCTGAATAATTCCTGCGAATGTTTCGAGGAGTAGAAAAGGAAATGATACTAAAACAGGTACGAGGAACGCAACTACAGATAAAAGAACCTCTCCCGCAAAAATGTTTCCAAATAACCTGAATGCGAACGATAGTATGCGCGAAAATTCTGAAATAACTTCCAAAATTCCTACAAAAAAAGACATCGGACTTGAGAAGTTAAAAAATTTACCAAGATAATTGAAAAATCCGACTTCCCTTACACCAAACACCTGAATAGAACTAACTGAAATTAAACCTAAGGCGAGCGTTGTGTTTAAATCAGCCGTATTAGCTCGAAGTAGAGGAACTTTGTGAAGTAGAACGCTTCCAACTCCAGGGAGTAAACCAGACCAGTTTTGAAGTAGAATAAAGAAAAAGAAAGAGCCAAGTAGTCCAAAGTACTTAGCGGTCTTTTCCTTCATCGCAGATTCAAGAAAGTTAAAGAGTCCACGTAAACAGAAGTTTATAAAGTAAAAAAAGGTGGATCTATCTTTCTTTTTTGAGTCGAGGTTGTACTTTATTACTAACCCAATAAAAAATAAGAGAGCGAATGATGAAAGAAGTAGAGAGTTAGTTACCGGAAACTTCTGAACCATGAACACCTCTTCTGCCTTTATACTAATATGTGGTCCAGCTTTATGTTCCTCGGTTGTTCTCACTTCCCCTTCAACTGAGGTTGTCTTGGTTTCGTTTATAGTTGTGTTAGCTACGGTCATTTAATGTTTCTTTTGATAATTTCCAGAGATTGTAAAACGAACTTACTGTACCGAATAAAATAAATGCGATCATCCAGAACGGAGCCGTATGAAAATATCTATCTAGTTGGTAGCCTAGAAAAACTCCCAACAATAACGGCGTTGCCAGATACATTCCAGCATTAAGCAATGATGGATTTATTTTACGCATATATTGTAACAGTGAATCTCAATTTATGTCAAAACCAATTTTTTAATTACTGCCATTGCACTAGGCGAATCGTGGTGGCCACAGCCCTTAGCTTGTCGTAGGGTTAAATTAATCTTAGCACAGTGAGATATTTAGATCTTACTCAAATGTGTGACCAGTAGGAAATCCGGAACGTAATTTGATTTTTGGGTTCAGTTTAAGAGAAGAAATTCTGTGGAATCCAGGTCTGACATTAACCGCATGTGCTAAGGCATTTCTAAAAACCTCTTCGGTCTGTCCATCTATTCGTGAAGCATCAATGTGAAAAGAATTGTCCCCAGATATTACAACATGACCAGGCGTGCTTCTTAACAGTACTCCGGTGAAAATAACTTCGAAACCATTAGGAAGTAAATGAAACCCCCAACCCAACCCCGCATCAATACCGTTCTCACCACTTTGAGAAAATAGACCATCTATCCACCTTGTTTCGTCAGTGCCTACCAAGTCCTGTAAAACAGCTCGATCGATGGGTTCATGCGGAGATATGGAAGCATCTGGCCAGGCCTGTTCTTTTTGTTTGACGTACCAAGGTAACTGGAACTCCGCTCTTAGTTTGCGCAACTGACTGAGAGAAATTGCTCTATCCTGTTGTCGTATTTGCTCTGCAACAGCTTTGTGGGTTTTCCACACTATCTCCGATCTTGTAGCTCCTTTTTCTATAGTCATAGTTAGGATTATACTACTCTAGCAGCTAAAATCAAGCTATCCTAGCTTCATCGCAACATCAAGAAGAACATTTACCTGATCATCTTTTTCCGAGACGGTTCCCTTAAAAATAATCACCTGATTGATGTGAAGTATGCTCTCGAATTTTTTAAATAATTTCGGGAAGACAACTACTTCTACGGTGCCCGTCTCATCAAATACCGAAAGGAAGGCCATCTCAAGATTGTCCTTTTTTGTCTTTATTACCTTTCGACCACTTATTATTCCGACAAGGACAACCTTTGAGTTCTGGTCGTCAAGATTGAGAAGTCCGATTTTTTTTGTTGCTTTCTTTTCAATAATTTCTGCAAATTTTTCTAGCGGATTCTTATTGATTAAAAAGCCTATAACTTCCTTTTCCATTGCATATATCTCATCTTCAGATACCTCAGGTAGCTGTGGAAAAGTATCATGAGTTACCGATGCTTCATTTGCTTCGGTAAAAAGATCAAACTGACCTTTGTCCTGAGTCTCTCTAGAACTTT
CP064967.1_gap18	590617	592282	1665	TTTTCTTTGTTCGGATCTGAGAAGGATATATTCTCGCCAACTATGATTTTACCAAGAAGCGCTCCATGCATTCGTATTTTTTTTGTCAGTAGTCTAGTATCTCTCACCTCAAGAGCTGGAATCCTTTCTTTTATCAACCACTCTTGAAGAGTCATTCTGGATTGATAATGTGAAGGAGTGCTGTTGTATGTAGAGACGATAAGACCTGAGATCTGAATTTTATTTGACTCCCAATATTTTTTGTCAGGTACTCCATAGCTTCCAACTATCGGATAGGTCATAACCAGTATCTGTCCTGCAAATGAAGGGTCGGTAAAGGCTTCGGGGTATCCGGTCATTCCGGTGGCAAACACAACCTCGCCAGAAATAGATGAGCGATGCCCAAAAGAATTTCCTTCAAACGAGGTTCCATCCTCAAGCACTAACTTGGTATTCATATTTTTTTCAACACTAATGCGAGAAGTGCCATGCGTACATACATACCGTTTTTTGCCTGCTCAAAATAAACTGATCGAGGATCAGAATCAACCTCTATTGATATCTCATCAATTCGCGGAAGAGGATTCATAATTATCAGTTTTTTATTGCCGTATTTCTTAAGAAAAGATGGAGTTACGACAAAAGACTCTTTAATTTTTTTCGCTTCTTTGCGAGATACAAACCGTTCCTTCTGTATCCTATTCCAATACCAAATGTGGGCATCCAACGGCATATCCTTTTCATTAAATATTTCCTCTACCTTTAATCCCTTTTTTTTAAGTTGAGCAAACAAATCTCGAGACAAACTTAATTTTTTTGGTGAAAGAAAGTATACGGTATTGTTTGAATATAGAGATAAACCTAATGCTAATGAACGCATTGCTCTACTGTGCAAAGGATCTCCTCCGATAACTACTTTAAGGTTGGACAATCTTCCAAATTTAGATTTAATAGTATATAAGTCCAACAAAGTTTGAGTTGGATGCTCGTTACCTCCATCACCCGCATTCAGAACCGGAACATTCGCAACCACTGCAGCTCTTGCTGCAGATCCCGATTCAGGATGCCGAATTACAATCAAGTCTGAGTATCCATTATAAATTCTGATCGTGTCCTCGAAAGTCTCTCCCTTTACCATTGAAGTTACAGAGATATCGCGTAGTCCAATTACTCCTGCGCCGAGTCTCTGTGCAGCACTTGAAAATGAGTTATATGTTCTCGTCGATGGTTCAAAAAAAAGGAGAGCAATTATGCTCCCCTTAAGTAGATTACTGCACTTATTTTTATTACTAAGAGCTATTATTTTCTTAGTTGAGTGGAGAATTTTATCAATCGACTTTCTATCAAATTGTGCAAGTGAAAGTATATCTTTACCCGCGTATAGACCCTTACTCATATTATGCCTAACAGTCTAGCAGAGTAACTTTAAAATGCAATGCAAAAAACGCGAACTTGAAAACTTTATTTTGTTACGTATAATAGATCATGGTAGACAAAATAAAATCTACTGGCATTACCTTCGACGACGTTCTTCTTGTTCCCGGTTATAGCGACTTTAGTAGAGCCGATATTTCGTTGAAAACAAGGATCTCAAAAAGAATTTCTATTGATATTCCATTCACCTCAGCTCCCATGGACACGGTCACCGAAAGCACACTATCAATAGCGCTTGGTTCAGTTGGTGGT
CP064967.1_gap19	606765	611487	4722	CTTTTATATCGATAAGATGCCATTTTCTTTCGACATCCTCCGTTCTACCTGGTTTCGTTGAATGTGTTACTTTCATACAGTTTTCTTCCGACCTGAGGTCGATCGCCCTTTGGGCGAAGCTTTTAATGTTGCCTTAACTTCTGGTTTTTTCTTTGGCTTTTCGACCGCCGCTGGTTTTGCGGACACAGTTTTTTGCGCTTCGTTCTTTGTATAGATGACGGGACTTACCCATGAAATCTGAGCCATAAGCGCTCCATCGCTTGAACGTCGACCAATCTTTGTAATCCTAGTAAAACCACTTGTCCTATCAGCAAAAACACCCTTCACTGCCTTTTTTAGGTTTACAGGTACATCGTCGACTCCAAAGAAACTTTTAAGCATATTCATCGATGAGTTTGTATCCTTCTTAGCATGTGTCACGAGTCTATCAACAGACGCTCTCATATAAAGAGCTTTCTGATGAGTGGTTACAATTTTGCCTTGCATGACAAAGTTCGTTACCAACTTTCTCAACAGCATCGAGTTTGAGTCGACACCGTAACCGAATTTTCTCTTGGACACTCTATGATTCATAAAATTTATTCCTCTGATTTAATATCGATACCCATTTTCTTCAACTCATCCTCAATGAGAACGAAGGACTTCTTTCCTAGTCCCTTGACTCCAATGAGTTTATCCTTACCAACTCTTACCAAGTCAGCAACCGTTTCGATGTTTTCTCGAAGCAGAGCATTTATAACTCGTGATGGAAGGTTTAACTCATCAATGATAATGTCATTGAGCTTTTGATCAACTTCTTTTGTAACGCTTGCAGCGGTTGCCTGCTCTTCCTTTAATTCAGGATTATCTTTTCCTGAAAGAAGGTGATTAAAGTGCTCAGAAATAATAGAGGAAGCATCCTTAATGCTTTGTGTTGGACTGGTAGTACCGTCTGTCCATACCTCCATTACCAATCGATCAAAGTTTGACTTTCTACCAACTCGAGCTTCCTCAATCTTGAAGTTAACTCTCTTGACCGGTGAGAAGAATGCTTCAACTGCGACATAATCAGACTCCTTTTTTTGAATTTCATCTTCACCAAGCGTACCAACGCCAGTCTCTACGACGAAATCAATGTCTATCTTAGCTTTTTCATCGGTAATCTCTGCGATATAAAAATCACTGTTTACCACTTTTGCTTCACCACTGATATCTTTTCCTGTAATTTTACCGGCACCTTTAACGTCAAGATGCATCATAAAACTACCTTCTCCAGTGGTCTCAAACTTCAACTGCTTAAGATGAAGTAAAATCTCAAGAACAGATTCTTTAACACCTTTAATGGTGCTAAACATGTGATCAGCATTTGCCGCTCTTATTTGGGTAATTGCAGATCCCTTTAGCGACGATAATAATGTTCTTCTTAGGGCATTACCCATGCTGTTACCAAAACTTAGTGGTAAAGGCTCGATAATAAACTTACCATAAGTAGGAGTTTCCTCTACTTTTTTAGTGAAAAAATTGGGTTGAACCATATATATAAAATTTGTTTTACTAGTCGAGTTTGACTCGACGCCCTTAGATCGGGCAAATAATAATTGTAAAACTACCTATCTAGAATAGAACTCAATAACAGATCTCATATTTACTTGCTTCTCAATACTTTGGCTGTCTGGCATCTTTACAACCTTTCCTTGTGTTGCCTTTCGTTCTAACCACTCAGGAACGATCAGTGTTTCGTTTGCCATCTGTGTCTCAATATAAGGAATCTTGGTTGTTTTCTCTTTGTTAAATGAAATCTTTTCACCTGCTGTTACTCTGTAAGATGCTACCGATACTACCTTGAACTCAACGGCAACATGACCATGGTTAACTAGCTGTCTGGCGCTTGCTCTAGTTGGAGCAAACCCTAGTCGATAGATAACATTATCCAATCTCTGTTCAAGTAGTTGGCCAAGTATTACTCCGGTGTTTCCTTTTGTATTAACTGCCTCGTTGTAATAATTCTTCAACTGAGTTTCAGTAACTCCAAACATAAATCTTAGCTTCTGCTTTTCCCTCAACTGCTTTCCACGCTCTGACTGCTTCTTTCTCTTTCTGGTTCCGGCACCATGTTGTCCAGGCTTGATTGTCAACTTTTTCAGTAGAGTGGCGTGACCCTTTGTTCCTGGAGTCTTCAGTCCAAGATCTTCACCTTCACGTCTCGATACTTTATTTCTAGGTCCTGTATATCTCATATTTTAAACTCTTCTCAATTTTGGTGGTCTCACTCCATTGTGAGGCACCGGCGTAATATCTATAATTTTTGATATTTCCAAACTTGAGCCTTTAATAACTCTGAGAGCTGATTCACGTCCAGGGCCTATACCTTTGACATATACCGCAACCTCTCTCATAGCAAAGTCGCCTGTTGCTTTTTTTATTGTACCGTCTGTGGTCACAGTAGCTGCGTATGGAGTCGATTTTCTTGTTCCTGCAAAACCATGTCGTCCACTTGAACCAGTCACAATTGGTGAACCTTTTTCGTCAGTGATTGTAACCATTGTGTTGTTAAAGGTTGCAACCACATAGATTCGACCTTTTTCGACGATTTTTTGATCTTTCTTTTTTTTCATATGATTATATTTGTCATTCCCTATTTAGTCGGGAATCAATGGATCCCCGCTTCCGCGAGGATGACCAAGCTCAGCTTGATCACTTTTTGGCTGCTGGGGCTGCTGCCTGTCCTGTTTCTAACTTTGCCCAAACTTCTTTCTTAAGTGCTCCAACTGTCTTTCTCTTACCACGCTTAGTTCTCGCGTTTGATTTCGTTCTTTGTCCATAGATTGGTAACCCACGGACATGTCTTATGCCTCTATAAGCGCCGATCTCTCTTAATCGTTTTATATGATCGTTCACTTCTTCTCTTAAATTTCCTTCAACAACATAGAGTTTCTCTATTTCTGCACTTATTTTTTTGAGTTCTTCTTCCGTTATCTCCTTAATTCTTTTCTGCTTATCGATTCCGGTATTTTTAAGAATCTTACCTGATCCATCCCACCCAATGCCGTAAAACAATGTCAATGCATACTCTACTCGAGCTGTGTCAGGTAATATGAGTCCTAAAAGTCGTGCCATGATTTAATTCGTGATTTTTAGTTTGTAATTTTTATTAAATATTAAATTTTTAGTTTTAAATAGAACTTATGAATTAAGAAATATAAATTATATTATCCTTGTCGTTGCTTGTGCTTTGGGTTGGCGCAAATAATATAAAGTCTACCTTTTCGCTTTACAAGCTGGCATTTTGGACACATTTTTTTAATTGATGATCTAACTTTCATATTCGATATACAATTCTTCCTCGATCAAGATCATATGGAGTGATCTCGATGCGAACCTTGTCTCCGGGTAGAATCTTAATATAATGCTTTCGCATTTTCCCAGATAAATAGCACATGATCATTTTATCGGAGTCTTTGATTTTAACACGAAAAAGTGTATTTGGTAGGTTCTCTACGACCTCCCCCTCAACCACAATAAAATCACTTGCCATCAAGCTAAAATTATAGCACAAATTATGTCAAAATGAGCGTATTTTTATCTGAAACAGCTAGACTATGTTCAAACTGGGCAGATAATGACCCGTCCTTGGTAATGAGACTCCAGTCGTTTCCGGGTTCTTGGATCATCTCTCCTGACCCCATAGCGTACATTACCTCCACGGCTATTACCAACCCAGGTGTAATTTTCACAGTCTGTTCCCTCGGTTTACTCACAAAACACGGCACATACGGCTCTTCGTGAAGCTCTTTACCCACGCCATGACCGGTCAGACGCCTAATGATACTGTAGCCTTCCGACTCTATTCTGTCCTGAAATGCTTTGGAGATATCGCCTATATAATTACCTACCTTCACAGCCTTTATGGCATCGATTAAGGCATCTTTTCCTGCCTGTAAAAACCTCTCAATTGTTTCATCGCGGCTATCTCCAACCATAAAAGAAATTGCATAGTCGGTGTGAAATCCACCAAAATATGCGCCAGCATCTATTGTTAACAGATCTCCATCCTTCAGAACATAGGATGAAGGGGGCGTGTGCACTATCTGAGCATTTACCGAGGTACAGGTTGCCCAACTATAGTTGTCGACTTTGTTAAAGGATATATCCGCTCCTCTTTTTTTAAGACCTTTTTGAACTAACTGATCAATCTCCATGGTAGTAATTCCTGGCTTGACCTGCAGCACTACCTCCCGCATCACTTCTTTAAGAATAGCTCCACCTTGTTGCATGGTCTTAATCTCATCTGGGGTTTTATAGTGAATCATACGGATAGAAGATTATGAGAAGTAAACAGTGTCGTACACTTCATCAAGTTTATCCTGAAACTCTTCTTTGGAAAAATTATTTTTGACTAAGAAGTCTGCAAATGCAATAGTTGGTCCCATATTTGTTCCGAAAAGTTCATTAATGTCTCTCTTCTCACCTCCATGTCCTGGCCTATCTTGAGTTCTGGAACCAAGCCGAGAATAACGTATATTCTTTTCTGCGAATAATGCCATTATGTAAATGTCGGTATTCTTAAGTTCTAATGTAAGGTATTCATATTCTTTCCAAGATCTCATTCCATCGATCACAACGATATTATTTTTTTTAAGATCCTTCTTTATGCTGTCTAGATTTAACTTTGCCATTGCTTCCATTCCATGGGTTCTGCGCAATTCTTCACGTACAATCTTATGATATTCCTCTTTCTGTGCA
CP064967.1_gap20	616774	617377	603	TGTAAAACCAAGATTCATATTCCCATAGGAATCAATAACGCTGTCGTCAATACCTCGAAAATCTCTCATTCGTGGCATTACAATACTAATCAATTTCTGCAAAAACTCATACATTGCGAAACCACGAAGCGTTACCTTTGCTCCGATTGGTAATCCTTTTCTAATCTTAAAGGCAGAAACTGATTTACGCGCTTTTGTGATAATTGGCTTTTGACCGCTTATCCAACCTATTTGCTCTTGTATTTTATCAAGAACATTCTTATTTTGCACTGCCTCACCAGCTCCTACATTAATTACAACCTTTGTAATCTTTGGAACAGCCATTACATTCTCTATCTTCAGATCTTCCTGAAGTTTCTTTTTTAGTTCTTTGTTATATCTATCTTTTAGTTCCATATCGTTATTTTGAATTTTGAAATTTAAAATTTGAAATCAATATAAAATTTAAAATGTTTAAAAATTAAACATTAAAAATTGAATAAAAATTAAAAACTTCAAATTAAAAATTACTTAAATGTCGCTTTACACTTTTTACAACTTCTAACCTTCTTACTTTTATCTAATTTAAATCCTACTCTGGTCGTTTTCTCGCATTTGGGACAT
CP064967.1_gap21	687857	690551	2694	ACGATCTGTGGGAGTAAGCAATACTGTGTGAAATGTAACGACTAATGGTTTTTTAAGAAGCGTTGCAAAACCAAGAATATACTCTCCATCATCTCCACCAAATAAGCCAAACTCATGTTGTAAATGAACAATTTCCGAAGAATCGCCGTTAATTGAATTGGCTAGTTTTTCGTAGTCTGTAAGCTTTTCCTGCCGAATTATCTTTTCAACTGGTTTGGAGTACTCTTGTGGAAGAAGGGAGTTTTCCATCGCGACAATTGAGATCGTGTTATGCTGTTTTGCTACCTCTGCAGATAGATCACGAGTGTATGTTGCAATACCACATTTCCGAGGAACGAAAGATGAAATATATGTAATTCGCATAAGGAAGCTACGCTCTAAGAAGTAACAATTTAGGGAAGCTTAATATGAGCTAATTATACTCTGTTTGATCCAGTAAGTAAACCGGCTATGCCAACTATATTTAGTCTACAAGTGGATATTGCTTAGAGCGCCACATGAGAAGTCCATTGGTCAAGCTGAAAACATTCTTATAGCCTAGCTTCACCAGCATATCAACTGCAATAGTGCTTCTTGACCCACTCAGACAGTAAACGTATATCGTTTTATCTTTATTAGGTAAAAACGACGTAATTTTGTCACCTATTTCATCAACTGGAATATTTATACTTCCTTCAATTCTTCCTTTACTAAACTCTCCTGAAGTTCGCACATCAAGAAAAACTACAGTTCTTTTTTCGGTCAGTGCTTTATACGCTTCATCTGCTGTTATCTGTGGAGCCATGGTCATGTTTATCAAAATACACTTAATGAATAAGACTTAAAATATTTTCAATTTGAGTAGCGGTATCGATGATGTGGTCAACTCCGAGTATACCTGCTTCACCTCGGGTGAGATGACCAGTTAACACTACTACCGGCTTCACGTGAGCGTTAAATGCCATCTCGACATCGGTCTTTGCATCACCAACAAACACGGTCTCTTCTGGAGAAATATTTTGTTCTTTCATAATAACTTCCAACATGTAGGGATTAGGTTTTGTTTTTTCTTGATCAACGATTTCATGAGATGTGATTATTCGAGAAAAAACTGATGGAATATAGAACTTAGGAATTATTCTCTCACTCAACATCTTCTGATCGTTTCCCGTTGCAACCGCAAGCGTATATTTATTTTTTAATCGGAGAAGAGTTTCGTTTATACCACTGACTAACCGTAAGGAATCAACAAAGGTATTCCCCCAAAACTCTTTGTCGTATACTCGACAAGCCTCGTCCACTAACTCAGGATTCTCTTTTAATAGTTCTTCGATTTCGGTACGAAACGATTTACCCCACTTGGCAAGTATTCGTTTCTTTTCTTCCTCAGGAGAAAGAGTAACACCAACGGCAGAAATCGCTTTATGATAGCACTTAAAGTAACCCTCCTTCGCTCCAAGGGTTATGACATCGTCCCAGTCGAAAATAATCAATTTAACCATGGATGAAGTATATCAAGCGGGATAAGTCCAGGCGAGTGGACGACGTTAGAATCTTTTATTTAAACTGTTCTTCGATAAATTTTACTAATTGAGGAAATTCTTTATATCCGTCTCGTTCCATAAAGTGACCCGCATTTTGAATTGAGATAAATTTCGCATTCAGTTTTTCTGCCATTTTTTTAGATCTTTCAAGATCAATCCAAGGATCATTAGTTGAATTAACTATGACAAGCGGGGTATTTTTCCTTTTTAAAGCTTTGTAGTCAAAGTCCGTATCGTAAAAGGTTATATGGAACTCTTTTACATCTTCCATGAGCCAGTTCCATGCAGCTACCATTATGGCTCCCATAATTTTAGTGTCTGTCTTCTGCAAATATTTGAGGATTAATGCATTTGACAGTGAATGCCCTATCAATAGTGTGTTTTCATCAGGAGATAGAGAAACTAATGTATCCATCCACTCGCTAAGTTTTGGATTTTTAGTGTTGGGCATTTCCGGAATTTCTACATTCCAGCCTTTTTCTTGAAGTTGTTTTCCAACCCATGGCAACCATTCATTCTGTGGAGTCCCTTCCCATCCATGAATAAGAATTGCTCGTTTCTTCATGCAGAAATTATACCAAAAAGGTTCGAACGTCTGCGTCCCTATGAAGCTAAAATGACCGAGTCCAGGGGGAGGGATTCACATTCGACTCGCTAATGCTCGCTCAGGGTAAACTTCTCATCCCTCCCGATTACAAAAAAATGGACAGGAAGAATCCTGTCATTTTTCTGGGTCCAGGGGGAGGGATTCGAACCCCCGGAGGCTTACGCCGCTAGATTTACAGTCTAGTACAATTGGCCACTCTGTCACCCCTGGTATGAAGTAATTATATCATTAGATCGTCGCCACCCGCCCTATTAATTTACCTATCTCTTCTTTTGAATTATAATAATTTGGTATAATAACACTATGTTCAAGACTTGGTTTCAAACATTCAAGACAGCGCTAACCCAACCAAAAGAGTATAAGAACCTTTCACAAAGAAGTTTCTGGAGTGGATATTGGTATTTATTTCTACTTGTCCTGATCGGCATCTTTCTTAAAACGCTAGTGTTTGCGTCGGGCATGGTTGTGGCCGTACCGTTCGTAAAATCTCAGCTCCCAATGGTTAAAAATCAGATTAGAACAGCATTTCCTCAAGACCTTGTGGTGAAAGTTGAGAACGGAACC
CP064967.1_gap22	725919	726578	659	AACAAGCTCCCACTTTATTCGTATTTTTCAATACCTTTCGTTGCTGCCTTAGGTCTGAATGATGTCGGGATTAGAGGTTTAAATATGCTTATATCAATTCTCCTGCCAATCGCTGTCTATTTCCTTACGATTGAACTTCTGGGTAAAAAATCGTATGGGCTGGTTGCAGCATTTTTTACTGCTCTGTCCTTGAGTACTCACATTACTGCGCGACAAGCACACGAATCCATACTAAGTCTTCTCTTGTCAATCACAATGTTTATTTTTTATCTAAGATCTTTAAGATCTTACAAACCAAAAGATATAATCCTATTTTTATTAGCTACAGTACTCTCATTGTTATCCTATCACCCAGCGCGGTTACTTGCATTATTTCTTGCTACTTCACATGCGATTATGTTTTTCGTTGCACCAAAGATAGAGAAGAAAAGATTATTTGTACTTGGGGGATTTTTTATTGCCGCTCTGGCTCTTCTCTTGTCTGTGGACATCTTCTATAACCCTTCAAGATTAAACAATCTCCTCTTTGTAAATAGTCCTGGATTTTCACTTCGAATAAACGAACTCCGCGGCGAAGGCGCAAACAGATTTCTCTACAACAAACTTACTCTTGGGGCAAAGGAACTTATCTACCAAAATCTCGCCTATTACTCTCCTCA
CP064967.1_gap23	731689	734964	3275	GATAAGGACGTTGTACTAGTTCTCCCACAGGAATCATTCTCATTTCTGAAAGTCGAGGTTCCCGTAGACATTGCATCCTCGGCTATTGCATCGTTTGTATACGATAAGGCTCGTTCCACTCTTCAGATGGATCTGGACAATAGTTACTCGAATTACTTTATAAAGGAATCGGCTGCACAAAAACAAGTTTCATTTTATGCTCTCGAATCCTCTGTTTTAGACTCCTTCACTGAAGCTCTCACACTCCTGAATTTAAAGGTCGTCCATGTGGTTCCAGAGACTCTTGCAATCTTCAAGTTGTTCGAAAAAACGCTTCGCCAAGAGAAAAAAGAAAATATCTGGTATGTCTCTTATAGTGGTTCAGATCTTAATGGATATCTTTTCGATTCTGGAGGACCACTTGCCGATCCTCATTGGAAAGCAAAGATAGAGGAAGGTAAGAAAATTGAGGAAATTCTAAAGGCTCAGACAGATGGTTTTGCAGAAAGAGGAAATAAATTAAACAGAATTATTCTTTCTGGGAACGCTTCGGACAGCATTCGTCAAGACACCTTCACTAAGGCAGTTGGAGCATGGACCAATCCTCTTAAGCGAATTATTCCTAATTTTTACGACGCGTACCTTAAGTCACTAGTTATCCCGACCGGTACTGCATTCCCAATTTTGACATTTGACGTTTGTTTCGGAGCATTTATATTTCTTCAAGAAAATAAGGACTTTCAACTTCTTAAAAGAGCACCAAAGGCAATTTCGAAGAGAAGCTCATTTTCAATGCCTCGAATTCCGTTGTTTAGAAAGGAACTATTTATCTTTCTAGCAGCCTTCGGTCTTTCTTTCGGAGCATTCATTCTCTTATCTCGGTCAAACTTCACATCAATGAAGCTTCCTTCCATAACAGTTCCTTCTGTCTCGATTCCGAACATTCCTAATCCATTCGTTGTGGCGAAACCATCACCGACTACTATTCCAACTACAGCACCCACGCCTACACCAAGTTATGATAAAGAAACCATACGAATTAAGATACTTAACGGAGCCGGAACTCCAGGAATTGCGAGTACCGCAAAGTCTCTTCTATCAGATGGAGGTTTTAAGGAAATTGTGACAGCGAATGCTGACAACTATGACTACACGACTACTGTCTACCAGATTAAGGCTGAATATAACGATGTGAAATCAGAACTTACCAAGGCGCTTGATGGTAGCGTAAAAACTCCAAAGGTAGAAAAGCTCAGCGATAAAGACACCTCAGACATCATAGTTATCCTAGGATCTGATTTTAAATAAGAACCGATAAGCTAAGATCGAGTTATAAAATATGGTCATTTAGACCTCAAGACACATGATAATTTCATCGACGTAATTGCCTTTATATGATATCTTTTCAGGAAATCTACCAACTTCTCGAAAACCACAGCTTTTGTAAAGGCTGATTGCAACTTCATTAATTGCAAATACAGTAAGCTCTATTATACGAAGACCATTCAACTCTTTTTTCGCCTCACTAATAACAGTCTCTAATAAAAGTCTTCCCAAACCCATTCCACGAACAGATGAATCAACAGAAAGCCCCAGTCCTCCAACATGGGAATGTGTTCTAACCCCGAGACTAATCTCAGTGGTACCGACAACTTGTCCATCGACCATTAATACAAGTTTGACCGTCGTACTAGACTCTATTTTCTTAATAATTTCCCGCACGTACTTTTGCTCGTCCTCTAGCGATATCTGCTCTCCCTGAAAGGTAATAAAAGTCTTCTCTTTAGATAATTTGTTGATAAAGTGTCGCATTGGCTCCACGTCGTCTTCATCCAGATGACGAATAACCACCTTCCTACCTTCCATTATTTTTTCAATCACTATCTGCCCTAATTTCATAAAGATATTATACGCCACACGGAAAGCTTTTAGCCCCTTCTTACGATATAATTAGGCATGGACGAAGAACTAGATAGACGCATACAAAACATACTTGAAAAAGCAGATCTCCCAAAACGCAGAGTAGAACTTGAGGAACTCGAGAAGCAAACGTACGACTCAGATTTCTGGAAGGACTCTGAAAAAGCTGGCAAAATATCTAAAAAAATTGCTGAGCAAAAAAAAGAGCTTGAGGATATTGAGATGCTTCAACTTTTGCAGGAGGAGAACCAGTTTGATGAAGCTGGTAAACTTCTAAAAAAATATGAAACTCTTCTTTTCCTGTCAGGGCCTTACGACAAAGAAGATGCGGTATTCTCTATTCACTCAGGCCAAGGAGGAACTGAGGCTATGGACTGGGCGAGTATGCTCTTTAGAATGTATACTCGTTACTTTGAACTTAAAGGTTGGCGATGGGAGGAAATTGATCGGGTCGCAGGTGAAGAGGCAGGAATAAAAAGCATAACTATTAATGTATCGGGCCCATATGTCTATGGGTATCTAAGAGGAGAAGCTGGCGCACACCGACTCGTCAGACAGTCTCCATTTAACGCAGATAAACTTCGCCAGACCTCATTTGCCTTAGTTGAAGTACTACCACTGATAGAAGATCAGAGTATTGAGATCCGTGAAGATGAACTTGACTGGCAATTTTTTAGAGCAGGTGGCCATGGAGGTCAAAATGTGAATAAGGTTGCCACAGCGGTCCGTCTCATTCACAAACCAACAGGGCTAACGGTAACGGCGCAGACCGAACGACAGCAGATGCAAAATCGAGAAATCGCCCTCAAACTTCTTCGTGCTAAACTTTGGCAGATTGAGGAGGAAAGAAAGCAAAAAACGATAGAAGGACTCAAGGGTGAAAAAATCGCAAGTTTTGGACGTCAGATCAGATCTTACGTACTTCATCCCTACAAAATGGTTAAGGATCTCAGAACAGAGTACGAAACATCACAGGCAGAGGCCGTACTTGATGGAGAGCTTGATGGCTTCATCGAGGCATGGTTAAAGTCGGATAAGCGAAAATAACTTCAAAATCCAAAGCACAAATATCAAACCTGCCTGCCGGCAGGCAGGCAAAATCCAAAGCACAAAGTTCAAATTCAGATTTTGGATTTGGAACTTTATTTGACATTGGGATTTTGACATTTGAAATTGGTTTTGCTACCATGTATCCATGGATCCAAAAACCTCGACCGTAAGACCACTCCGAACGAACCCACAGTCTGTAATTCCTGTCTGGCTTGCAATTGCAATCCTTGTAGCATCGGGATTAATTGGAGGATTTTCTGGGTGGGCATTGTCTGCCAAGTCTTCTGCCAAATCAGAAACTCCTTCTCAATCGGTAGTGACCTCTA
CP064967.1_gap24	736714	737458	744	ATCTTTTTCGTACTCCAACCGGTTATCAGTTCTTATTTATCTGGAATTCCGGATCTTTCATTCTTAGGTCTTGGTTCGTACGGTCTTTTCGTCTGGCCTCCAAGTCCACTTTTCATCCTCATATCTTACTTATTAACCGTATTGGCAGGAATCGGTATAGGGTACTTTGGAAACTACCTATCAACATCAAAGTACATAAGATAAGTAATTACCCATTGTTAATTAACGGATTAAAGAATTAACGAATTAATCCGTTAATACGTTAGTTCGTTAATGACAAATTAAAAATGAAGAAGCTCATTTTATATACCGGTCTAACGCTCGCTTTACTGATATCTTTTTTTACAGTATCACACATAGTTAAGGCGCAAAGCTGTGGCAACGAAGCGGACTGTAAAAAACTTATTAGTGAGTACGAACAAAAGCTAGTAGGAATTCGCGATCAAAAAAACACTCTTTCCTCGCAGATTGAGTTTGCAGATACTCAAATCTACCTCACCACACTTCGCATTCAGGACACGGAACGTAAGATTTCCCAAACGGCGGACGAGGTAGAAAGTCTTAAAGGAAGAATTGTTACCCTTAACTCATCTCTCGATTATCTAAGCAAATTGCTACTTGAGAAAATTGTCGAAAGCTATAAACGAAGAGAGCCTCCCTTTCTGGCTGTATTTATAGATCCTGACAACGCATCGACCATGATTAATCGCCTTAAGTATGCAAAGGTTGCTGAGGAAAATGATC
CP064967.1_gap25	740240	742419	2179	ATTCTTACCTTACTTTATTGAGCCGTTATGTACGAATGTAATATAGATTGATATAGTTGATTAAGGCTAAGGCACAGATTGCCTAGTGGCTCCAAACTTAACGTACTCTACCGCTAGCGGTCTAGGCACGACTTTGATAGTTCGAATCTCAGATTCGTAGCTATGTTTTTCAAAACTTAGAGCCAAAATTTTCAACCTATAAGTAATTTTTTTAAGTTTAAAGAATCATGAACTTAGTTTTACTCTATTACGACATTTTGATGCCGATCTTTAATAAGATATAACTTAAAATTTCTGTAATATCTCTATTTAATATTTACCTTTAAAAGACACTGTTGCTAAGCCTCATTCTTGACCGACGATTACAGGTTTCCCTCGCAGTGACAGATAGACCGACTGCATGACGGAAGCAAAAAAGGCATCAGTGTTCGTAATGAGAATGACGTTCAACCAAGTATGAATAGGAGCCCAAAAAAAATAAGAAGTTTCGCCCATGAAGATCAAAATAGTGAACGAAAGTTCACTTTACAAATGGATCAATATCTCTTCTCCACTGCGGTTACGTTTCCATCCTCAATAAAGAGGTACTGGGCATATCCGTAGTGTATAAATCCTTCATTAAGATATCGGTTTTCAAGATCAACTTCCGCAAAATGCGTGTGACCAGTAATCAAGTACTTATCATCCTTTATTATGGTAGGGATCTTTTTTTTGATGTAATTATTAAAGCGTTTATATGCGAGTCTAATGAAAAGCTTACCGAAGATTTTCAGTACAATACCTTCGACGAACTCAAGAATAATACGGACTCGAGCAGAAACATCAGGAAACACAACTATACGATTTCCATGCATTATATGGAAGGTCTTAGTTCCAGACTTAAAGACGAATTCCTCCTCTTGATAGTCAGAAAAAAGATCCATACGTTTATCCGCCAACCTTCGTGGATCGTGATTTCCAAACAGATAAACTGCTTTTTTGCTCTTTAACAGAGGAAATAATTCCTTTGCCCAACGTGAACTAACAAAATTATGAAAAGTACCAGCATATCCTTCCCAAAAATCACCATTAATGATGACCTTATCAACCTGCTTAATCGCATCTTTAAGAATGGCAAATTTTTTAGGCTCGAAGGTTGGAGTAAGGTGAGTGTCGGAGAATATTAAATAGCGCATGTTTAGTCAAAGGTCTGTAAAGTCGTAAAGTCCTTAAAGTCCAGAACCTTTTGACATTATAGACTTTATGGACCTTATGGACACATCGCCTTATTTTTCCTGCATTGCCTTTACGATGTTCTGAGGAACTTCTTCATAGTGTGAAGGCTCCATATATGGAATTCCTCGTCCTTCCGTTAAGGAACGTAGTGTTGTTACATATCCTGAAAGTTCCGCGAGTGGCGCATATGCTTTAATGACAGTAGCCTTACCTTTTTATCGGTTCCCAAGATCTTTCCTCTTTTACTTGAAAGATCACCAATGACAGTTCCCATAAATTCGTCAGGGACAGTTACCTCCATCTTCATGATGGGTTCAAGTAGTGAGATTCCGGCTTTCTTTGCACCATCTTGAAGCGCCATTGACCCGGCAATCTTAAACGCAATATCAGATGAATCAACGTCATGATAGCTTCCGTCATAGAGAGTAACCTGAAGATCAACCATAGGATATCCTAGAAGAACTCCCTTTTCCATTGCTTCGATAATTCCCTTTTCAATTGGCGGTATATACTCTGCTGGAATCGAACCTCCTTTAATTCCGTTGATGAACTTAAATCCTTCTCCACGTCCAAGCGGCATTAATCTAATCAAACAGTGACCATACTGACCGCGTCCTCCGCTTTGCTTGATGTACTTTGCCTCAGCATCCGCTTCCTTTGAGATAGTTTCTTTGTATGCAACCTGAGGCTTACCTACGTTCGCGTCCATTCCCATCTCGGTTCTCATTCTATCTACCAAAATCTCAAGATGTAGCTCTCCCATTCCTGACATAATTGTCTGACCAGTTTCGTGGTTTATCTTCACTCGGAAGGTTGGATCCTCATCAGAAAGTCTTTGAAGAGCAAAGGCTAATTTTTCCTGATCTGCCTTGGTCTTTGGTTCAATTGCTAGTGAGATGACTGGCTCTGCGAAAGTAATCTTTTCGAGTAAAACTGGGCTTTCCTTTTGCGTAAGGGTGTCTCC
CP064967.1_gap26	744613	748850	4237	TTTATTAATAAGTTCCTCGTTGACCGGTATTAATCGTCCAATTATAACATTTTCTTTCAAACCTAACAAGTAATCCACCTGGCCTTTGATTGCTGCAGAGCTCAAAACCCCAGTCGTTTGCTCGAATGATGCAGATGACAACCATGAGTCTGTATGTATTGCTGCTTTGGTAATTCCAAGTATTGAAACCTTACCGACAGCTGGCTTTGCACCTTGCGCCAAGATCTTCTTATTTTCCTCTTCGAATCGAATTCGAGATACGACCTCGTCCTTAATAAACTCAGTGTCACCCTCATCTTCGATGATGATCTTTTCACTCATCTTCTTAATAATTACCTCGAAGTGCTTATCGTGAATTGCGATTCCCTGAGATTCGTACACTTTTTGGATTTCGTCAAGGAGATAGCCCTGTGCGCTATGTAAACCCTTGATTGATAAAATGTCGCTAATATCAAGATATCCTTCTGATAGAGCTGTTCCACGAGCCACTAAGTCTCCATCGGCTACCTTAAGCTGCTGTGACATAGGAATCATAAACTCCTGTACCTGTTGATTCTCATCGGCAGAGGTAACCTTTACGATATACACATCCTTGCTCAGATCCTCTGTTACAGAAACCTTTCCGCCAACCTCAACGATTGGTGAGATGACCTTAGGTGTACGCGCCTCAAACAGCTCCTCTACTCGTGGTAGACCTTGTGTAACGTCTGAGATAACGATTCCTCCGAAATGTCGGACACGCATCGTAAGCTGTGTTCCAGGTTCTCCAATTGACTGGGCAGCCATAACTCCGACCGGTACACCGATCTCAACGATTCCGCTGTTTGATAGATCGATTCCATAACAGTTCTTACATACTCCGTACTTTGCCTGACAGTAAAGAGCAGAACCAACCATCACTCGAGTAATACCTTCGGTCTTTAGGAGTGCTACGGCCTGCTCATCAAGCATGTCGCCCTTCTTGAGGATTACTTCCTTCTTTGCGTTTTCGACGTCTTCTAATAGATATCTTCCTCGTACTCTTTCCGCGAACTTATCACCACGTTCGTCTTCTACGCTCACCACAAGTCCTGTGTCTGTACCACAGTTCAACTCTCTCACAATTACGTCATGTGAAACATCAACGAGTCTTCTGGTAAGGTATCCTGCGTCTGCCGTCTTAAGAGCTGAGTCGGTAAGACCTTTTCGTGCTCCTCTTGCTGAGATCACATATTCAAAGATGGAAAGTCCTTCACGATAATTAGATTTAGTCGGAACCTCAATGATTTTACCTAGAGGATCAACGACTAGTCCCTTCATAGCAGAAAGCTGCTTAAGCTGCTCTCGTGAGGCACGTGCTCCTCCTGACTTAATTATAATCTTAACAGGATTCTCCTCGTCTAGAATTGCCCATGTTTTATCTGCTAAATTCTCAGTTGTCTCTATCCAGAGCTTGTTTGAGAATCTTCGCTTTTCTTCGATGGTAAGAAGTCCCTGCTCATAGCTCTTCTCGAGCTTAACGATCTCTTTCTCGGATTCCTTAATAATTGCTCCTTTGTCGGCGAGAATCTTACAGTCATAAACCGAGACTGAAAGTCCTGCAGAGATGGTAGCTCCCCAAAATCCAATTTCCTTCAGTCGATCTATTAGTTCTCCAACCTTCTGGTTATCTTTGTAAATTCTGGTCGCCAAAACGATCAGATCTTTGACGTCTGAGGCTTTTATATCCTTGTTGATAAACTGGAGCTCAACAGGAAGTAATTGATTGACCAAAATTCTTCCGACAGATGTTCTAATGACGCTACCCTTAATCTCAACTAACACTGGCTGTCTAACATTAATCTGATCAAGATGGAACGCGGTTACCGCCTCATCGAGACTGCCGTACGCTTTTAGGGTTTCGTCTTTGATATCAAGATATCCATTATCCATGGTCGATAGGTAGTAGATACCTAGAGCCATTTCCTTGTTTGGAATTACGATTGGAGATCCGTCTGACGGCTTCAATAGATTTTGATATGGCAACATTCTTGTCTTAACCTCCTCAATAGCGGTTGCTGAAAGAGGTACGAACAATCCCATCGCATCTCCATCAAAGTCCGCATTGTATCCAGCACAGACAGTAGGATGAAGTTTGATTGCATAGGAATCGGTCAAGACTGGATAGAATGCAAGAATCGAGAGTTTGTGTAGTGTTGGTGCTCGATTCAGTAACACTGGGTGATTTTTCGTCACCTCTTCGAGAATGTCGTACACAACAGGATCTTTGTGCTCCAAGAATGTCTTCGCACTCTTGATGTTTGGTGCCAAACCTCTGACGATGATCTCTCGTAGCATGTGTGGCTTGAAAAGCTCTAAGGCCATCTCTTTTGGAACACCGCACTGATCAATTCTCAGTTCAGGTCCGACGATAATTGTTGAACGTCCAGAGTAATCTACGCGCTTTCCAAGAAGATTCTGTCGGAATCGTCCTTGCTTACCTCGCAGAACGTCCGATAACGATTTCTGAATCTTTGAGGCAGATCCTTGAGCTCGTGAACGTCCTCGAGATTTCTGAAGATCAAGAAGAGAGTCAACAGCTTCCTGCAACATTCTCTTTTCGTTTCTCAGAATGATCTCAGGTGCTCCAAGGTCAATGAGCTGCTTTAAGCGATTGTTTCTATTGATGACTCGTCGATAAAAATCATTTAAGTCTGAGGTGGCGAACTTTCCTCCTGGAAGCTGTACGACAGGTCGAAGATCTGGTGGGATAACTGGAAGAACGGTGAGCACCATCCATACCGGCATCGTCTTACTCTTAATGAAGGATTCGATGACACGAACCTTCTTCAATAACTTGTTTCGTCTTTCACCCTTTGCTTTTGGTAGTTCGTTTAGTGCCTTTGTGTAAAGACCCTGAAGATCAAGATTTGATAAAGTATCATAGACGACCTCAGATCCCATTCCGACCTTTATAAATTTCTCAAGGTTGTACTCTCTAAGGTAGAGATAATCATCTTCTTCAAGAAGATCGTTCTGTCTTAATGACTTTACGATCTTAATTACACGATCAAAAAATGCTGTCTTTTGAGCCTTTTTCTCAATGAATTTGTTTGAGACCTGCTTGTACTGTTCCTTCTCCTTAAGGGATAGCTCCTGAAGCGCGATGGCCGCCTGCTCTTTATTGCTAAGCTTTTTCTCAAGAGCCGCTTTCTGTTTATCGAAACTTAATCGAACCTCGTCCTTGTCTTTTTCGTGCTGCTCTTCCTCTTTTTTAATCTCTTTTTGCTTGTACTCGTCGAGCGCAACCGCTGTCTTTTTCTGTTTATCTTCATTGACCTCGGTCACCAAGTATAACGCGTAATAAATTACTCGTTCAAGTGCCTGTGGAGGCACATCGAGTAGCGTGCTTAATGGCGCTGCAGCTCCCTTGAAGTACCAAATATGAACAATTGGTGATGCAAGTTTAATGAATCCCATTCTCTCACGTCGAACTGCAGATGTGGTGACCTCTACTCCGCAGCGATCGCAGACAATGCCCTTATATCTAACTCTTTTGTACTTTCCGCAGTAACATTCGTAGTCTTTGGTTGGGCCAAAAATACGCTCATCAAACAATCCATCCTTTTCTGGTCGCAATGTTCTGTAGTTAATTGTCTCCGGTTTCGTAACCTCTCCCTTTGCCCACTTTAAGATATCCTCCGGTGACGCAAGGCGAATTTTTAGACCGCTAAAATCAACTACTGGTAGGTCGTCCATTATTTTATGTAATCAACTGCTAATCCTAACGCGTTCAGCTCTTTCAAAAGAACATGGAATGATTCTGGAACATTTGACTCTGGAATATCTAGACCCTTAATTATCGACTCGAAGGCCTTTACACGACCTCGTAGATCATCTGATTTAATCGTCAACATCTCCTGAAGAACGGCAGGAACTCGATGTGATTCAAGTGCCCAGACCTCCATCTCTCCGAATCTCTGACCTCCCATTTGCGACTTTCCTCCGAGAGGCTGCTGAGTAACAAGCGAGTAAGGTCCAACTGATCGCGCATGGAACTTATCCTCAATCATGTGAATCAGTTTCAAGATGTATCCGACTCCAACAAGCGCCTTTCGATCAAATGCTTTACCTGTTTGGCCATCATACAAGGTTCTCTTGCCGTCAACTGGAAGATCTAATTTCTTCAACTCATTCATTATGAAGTCTTCCTGTATCTTCTCAAAGACCGGGAAGTTCATTCTTATTCCTTCTTTTTGTGCGACGAATCCTAACATTG
CP064967.1_gap27	884203	886419	2216	CGTGAGGAAAAAATAAATCTTGACAACTCCCACGTCAAAATTCTTGGCAATGAGCTCTTTCTTGTGAACGCAGATATTTATCCTTACCTTCTGGCTCCAAAGACCGTGCAAGAAACAAAAAGGAGTCGTAAATTACTCATCCATAAAAAGGAATTATTACGCCTACAGACAAAGATGCATGGAGTGTCAGGGCTTACTATAGCGCCTGTTTCATGCTATAATAAGGGTGCGCTAATAAAGGTCGCAATAGCCCTCGTCCGAGGTCGAAAAGACATTGAAAAACGCAAATTAGAAAAGCAAAGAGACATGGCACGAAACGAAAAAAGAGAAGTAAAAGAGTACCTTAAGAACTAAGAAATTAGAACTTAAAAATAACATGGGGATGTACAGAATCGATGAGGAATTTGCACGTTTACAAATGGTTAGGGCGTACTAGAACGTCACTCAGGAAAAATCTAACTGCAGATGAACAATCACATGCAGCCGAAGCTTTTGCCTACAGCAATGCTTATAGCAATAACATGCAATTTGCGTTTGCCTAAGTAAAACTTTAGCCTCGATATTAGTTTCCCTTGATTCTACTAATATTTGAGGTAAACCAATCAAGGTGAGGCAACATTACATTTTCAGTTGGTAATGAAGTCGAAAAACCCATAACTGACTGTCAGACAGTAGTTTGTTTGTTTACTTTGTCCGACATGCGTGAAAACAATCTATCCCTAACTAAACCTTTGTATTTGTGTTTCTTCAGACGGGGGCTCAACACCCCCCATCTCCACACTCCGCTCTCGACATTAAGCCGGAGCTTCGTGTGTCAGTCCACCATTAGGATCTTTATCTGTGCTTCCGTAATAGACGTCTTCGCAACATTCCTAAATCGTGTAATATAGTCTTACAAATCTATGTCAGACCTTGAAGCCACTGTCCCATCTGAAATTCCTCGACTACCCTCTCCCGATCGGTTTGGAAATTTTAGGTCCGGTAAATTTCTGATCTCTCAACATGGGAAAGACGCTCTCACACAACATAAAATCGATCCACAGTTGCTGTTTGGGAAAATCGATCATCTCAGAGAAATGCTTGATCAAGATGGAGCATTAAAGACAGCGCACGAAAGTGGTATGGAGTTACAAAGATATGAGGCTGGAGAGTACTCTCGTCTTTATCGTCTTGATTTTGATGGTCATCAATATATTGTAAAGATACCATCTCAGAAACACCATACTCCGCATACTCCTTATTCTCAGCACATGTTGCAGAAGCAGGCAATCGCAAAAGATCTTGAGACTCAGCTATCTGAGCTTCAGATTACGGTACCAAAGCCACTTATAGCGTCTGACGATTTTTACCTCGAGGAATACACTGAAGGCCGATTGCCCTACCTAACCGGCGAAGATCATATCTACGACGCCTTAAACAAAGCTCGAGGCATACTGAGTACATATTTACAAACAGCAAAACAAAAAGAACCTGAAATCTGGGCGAACACCGGCATCGAAATCGTGCCTCCATATGAGCGAATTCACACAATGAGAGTGCGACCCGATGGAATGCTTTCATGGGTAGCCCCTGTTTTTAATACATCGCTTAAATAATTGAGCCCTCCTTCATATCGCTTTGCTAAAAGCTTGAAAAATATTTCTTTGCTATAATGCGTGCATGCTGGAAGCTCGTACGCACGTTGAAGACCAAGGTGTCGCGAATTACAATCGTGCAGCCGGTCTAATAACGCGAATCAATCCCCATCTACTTTCCTTGCCTCAATACACCGAAGCTTTGCAAAAAAATTTCGGACTAGATCAGCGCGAAGTGCCATTCAACCTCGAGTTCCCAGACGGTACTACTGTCGGATACGAGATCACGGTCGAATTTGGAAATACTCAAAAACAAAATCCTTCAAGACTGTTCGTTGCAAAGTACTCATTAATACCAAGAGGTCCTGCTTTTCGAAAAATTCCAATAGCCAAACTTCAATTAATAGCGGAAGATAGAGCGCAAAGAGCCAACGAGACTCATTATGGGTATGTCGCAATTATTGTTGGACGAAATGACACCACACAGATTGAAAGAGATGATCAATTACCTCTCGTGGTTACTCACTTTTCCGAATTCCTTCCTTGATTTTAAATCGCTAAGCCGCTACAATCCGTTCGTGAAGAATCGCAAAAGCTATCTTATTTTACTTCTTGGATTTTTACTTCCCACGCAATTTGGCA
CP064967.1_gap28	899245	903812	4567	ATGATCTTGGCTGCAAAGGGATTGCATATATGAGAGACGGATCGAGACAGGGCGTCTTAATAAGGAAAGAGGAACCAGTCGCAGTAAAAGCCGTTGAGGTTTCGACTACTCCACAGTATGCGGTTCACCCACGACCTATGGTCGTACAGGGCTCAACCTATCGTATGAATACCCCCGTTGGAACCGCCTTTATCACCATTAACACAAATGGTGGTGGGGAGCCTCTTGAGGTCTTTATTAATGTGGGCAAAGCCGGAACAGATGTCTATGCGATGGCAGAGGGATTGGGCAGAATCGTCTCATTAGCCCTTCGTTTTTCGTCACATCTTGCTCCTCATGTACGAATTAAGGAGATAGTTGATCAGTTAGGTAGTATTGGTGGAGCTCGTGCAATGGGCTTTGGGAAAGAAAGAATCAAAAGTCTTCCTGATGCTGTTGCCAAAGCACTCGCGATGCACTATCACCTAGGAGCCTATGCTGAAGCCCCAAATGCAAATGGTCACAGTAATGGAAATGGCCACGTTACAAATGGACATGGGTCTAATCATGATGAGCCGAAACTTGTAACTGAGGTTACTCAGCCGATGCTTACAGCTGTTGCTCCAGTACCACCGCCAGTCGTCCACACTCAAAGCTTTGATATATGTCCGAGCTGCGGTGAAGCCTTATTGGCTCATGAGGAAGGTTGTACCAAGTGCTATGGATGCGGATTTAGCGCATGCTAGAGTGGTTGAAAAGTTATGAAGGTTGTAAAGTTAAAAAGCTTGTTAACTGGTTAATTAGTTAGCCGGTTAACCAGCATACTCACAAACAAACCTTTAAAAACCTGTAACTTTCTGAACTTTTAAAATTATTTATGGCTATTTATACGCGTACTGGGGATAAAGGGACGACCGGTCTCTTCGGAGGGAAGAGGGTCTCCAAAGCTAGTGTGCTGATTGAGGCTGCGGGAGTAATTGACGAACTTACAACGTATGTGGGTTATGTTGCGCAAGCAATTCCCGGCGTTGAAACACAAAAATCTTTAGTAGAAATACAAAAAGATCTTTACAGAATAATGTCGGTTGTCGCCGGAGCAAATATACCTATAGCGTATCTCGAGGGTAGAGCCAAAGATTTTGAACTAAACATAGATAGAATCACGCTAAAGCTGTCAAATCTCAATAGCTTTATATTACCTGGTGGAACCAAAGATGCGTCCCTATTTCATATCCTTAGAGTATTGACTCGCAGGGCAGAAAGAGCAGTTGTTTCGGCAAAATCTGACGCTATAATAATTCAGTACTTAAATCGGTTATCCGATTTATTTTTTACATTAGCACGGAAATACGCAAAAGGAAAAGAAATTAAAATAAAAACTTTGTAAATGCTGGTTTGGGGAATCCCGTGTAATTCGGGAACAGTGCCGCTACGGTGATGCCGGTGGTCAGCAATCAGGAGTCAGATCTCAGAACTGACGACTGAAAACTGAAAACTAGTTAGTCCGACTACCAAACAAGCTCAAAACCCCGAGCAGGGAATATATATGACAGTAGAACAAGTACGACCTCGCGTCGAAGAAGCTAAGCCTCAGACAACCTCAGATATTTTTAAGTACTACAGCGTTCCCAACGAAATCGCGTTTCTTGACAGAGTTCGTCAAGGTGGTGTTGGCCTGCAAGATTCTGACATATATGTCCAGGAAAATGTCGAGCGCTTTTTAGGAGAGTTTGCGGGGCAGGTCCCTTACACTAGAATTTCATATCTGCAGAAGGACGGCCTACTAAAGTATGCTGGAATGGACCTTACCGAATCGTACAGGAGTACTAGCAAAAACAGTGATAGGGAGCTTGATGAATGTATCGGGTATGAAAAAATTCAGGCAGGATTTGGAAACGGCGCTCATACGGCTGTGTGGATTAGCCCACCCAAAATCGCGGACTACGGGTTTGTATTCTTCTTTCAGAGAGACCCACAAAATCCAGAACATGTCCGTGAATTCATACTTAGATATAATGAGCGTAAGGGCGATCTGGCAACGAGCCAAAAGATTCTGGACAGGATCGATCCACTCCAGTCGTTCTCAACAGATAGAGATTATCTGCAGCGGCCACACATATTTTTCGAACAAGACGGTAACCATCCAACTCTACAAACTATCATGGCTGGTGTTGGAATTTCTTCCAAGCAGATTGAAAGCTCCAAACAATTTGAAGAGCGAGTCCGCGCCGAACTTGGTGGCTGGACCAATCAATATTCTCAAGCAGTTTCTCATGGAGATGTTGATCTGGCTAAATTAGTACTCCGATCGATTTATAACCGAGCATGCGAAATTAAAAAAGAGATCGATGGTGGTGCGGGCACATATGCTCCACCTAGGGCGCTTCCTATTGACGGCACTTTACTACACTTTTATGCGAAGCAGGAAAGACCAGTGAGTCAGGGGAGCTGCCCTGTCTCACAAACCAACTTTGAAGATCCTTTTAGTCCAACCTCTATCATGGACCAACTCGTTGCAGGAAATACACTAAACAACGTCGTCACGGAGACTCAACATTTCACATGCCCAAACTGTAATCACAAAGCAGATGGACCCGTAGGCGATCAGTGTCCTTCATGCAGTATTACCCGCGCTCAATGGGCAGAAAAGGGCAATAAGGTCTGTTAAGATGAAAGAATGGATGACTCTCACACGCCACTAAAAAATCCTTTGATAAGCACCCCTACAAGCGGTAAGGAGACGGAACCTGCACCACACCAACCTCAAGAAATGATGGAGCCGATACGAGCTCCTGAGATTGGTCCCGAGGTATCTGCATATATTGAACAGCGAGACAAAATGACAGTCCCTCCCGATCTTAAGAGTATGGGAGTTCGGGCAGCCGATAATGTTCATGGATCTACAGGTCCAGCATTCCCAATATCTGACGAAAAGATTGAGGAAGGTCTTCACCAACCGGTCAACTCTTCATGGAGATGGCTATCGGAGACTTTAGTCTATCACCTGAAACAACTTCATCTAACAATTAAGAAAGTACACGGCCACATAGTACGAGTTGCACGCGGCTAATGTCGTATATCGTATAAGGTATTTGGTATTTTGTATAAAATCCCACGCAAAAACATACGAGATACGTCATACGGTATACGAAATACGAGTTTATGAAGATTTCGCTTTTTGAATTTCTTTTAGGAATCCTTCTTTACCCATTGCACCAACGAACTGATTTACAACCTTACCATCCTTGAAGACGATGAATGTAGGAATGGAAAAAACGGAGAACTGCGACGCCACTTCAGAGTTCTGATCAACATCGATCTTTACAAAAGAAACGTCCTTAACCTCCTCAGATAACTGCTCGATAATTGGCTCTGTCATCTTACATGGCCCACACCAAACTGCATGAAAGTCTACAAAAACAAAACCTTTTCGATCTAGTACGTCTTGTTTAAAAGTTGCCTGCGTTATATCCTTCGTGCTCATATCCTTTATACTAACATTTGGCATGCAAAATCGCAATAACCAAATAGACATTCTTAGAGGTTTCGGCATCATGGCCATGATTCTAATTCATGTCACGGCGTGGCATAAATCAGATGTCATAGCTTCCAGTTTATGGAACATTTCACAGTTTGCCGTGCAGGTATTTATCTTCTGTTCTGGTTATCTTTTTTTCCTTAAAGAGGGAGCCGGAACAACCATTCATTCCTTAGGCTATTTCACAAAAAGAGCTACGCGCCTACTTATTCCTTACTTTGTCTTTCTTGTTTTTTATCTGCCACTTGAGTTTATTGAGGCACCAAAAAGATTGTCTTTAACTTACGTGTTAAAAAGTCTCACTCTCACCGGAGGAACAGATCTCAACTGGATAATTCTTTTATTTTTAATACTCGCAGTCCTCATGCCTTTGCTATTATTTCTTCTTCGCAAACACCGCTTTATGTTTTTCATCTACCTTCTCTTCGCCACTTTCTCTGCTGCTTTATTTTTAAAATTAGAAATTAAAAATTACAAATTCATCGCATGGCTTCCTTGGTCTCTCATGATTCTCGTATCGTGGTTTTTTGTTAAGTTTCATAATCGTCTGACACTGCTCTATGTATTCATTTCCAGTACGGTAACCGCGCTCATATTATCCTTTTATCTTTCGGTTCAAAATCATTCATTGGTATTTTTTGATAATAAGTATCCGCCAAATCTTTACTATCTTCTGTATGGAGTTGCATGGATTTCTGGTCTCTGGTTTGTTTTTAGCTTTATAGATCTGGAGAAAAAAAGATGGGACATTGTACGCATCTTCAGCGTTAATTCCTACTCAATATATTTCATTCATTTCTGGATCTTTACATTTATTAGGGTCGTTCTAAAGTCAGATCTTCACTGGGGATATTTATTTGCGATAGTTATGATCTCATCTGTTCTGGTACAAAAGACCTTTAACGCATTCGCCAAAGCTAGGACTACCTTGTCTCCACGTTAAATAATGGTCCGACAATCTGAATATTTGCCGGTGCTCGTAGATTAAACCAGCTCTTAAATTCGTCGCCAGAGGCAGAAATACCGCCACCAGAGACTGAATTTGTCCTT
CP064967.1_gap29	905206	906025	819	GTCCGACTCTTTACTGTTTAGGTCTGCAGTTAAGGATGCCAGCTGTTTGGTTATGTCGTCCAGCTCATCGGCGTGAATCGATATAACTATTCCGAAAAATAGAACCATGCACAGTAAGATCTTGAAGAACTTTGACATGGTTTCATTATATCGCGTATCGTGTATCGTGTATCGCGCATCTCAAGAGCGTCCTTGCGTTAAACGTTACGCGATTTGCGTTTCGCGACGTATTAGTTTTTCTTTCGAAGATATAGTCCGCTCCCTAGGGCAGAAACAAGAATGGGGAATAGGATCGTAGGGGATCCTGTTTGTGGAATTGTCTGCGGTCTAGTTGCTACAGAGTTTGTTGAATTGTTGGAGCCTGTGGTTATGGCTCCTCTGACAACTCCGTCACTAGTCTTTACTGTGGTTTGGGTTGCCGCTTGCCCTGAGCTTGCCGAGGGGGTTGGGGTTGTTTTTCGTGCGAATAATGACTCGAAAAATCCCTTTTTCTTGGTATTTGACCCTGAGCTTGCCGAAGGGTTGGGGGTAGGCGTGATAAGTGCAACTTTTGGAGTAGGAGTCGCCTTTATATTTCTGAAAGCTATCAGTTTATCCGATAGATTTATTCGTGATCCAAATACAAACAGAAACACTAGCACGACAATGAGTCCGAGAATGAAGGAAGTTGCTTTATTAAAACCACTCATGAGAGTATTATAACACTATAAGATAGATTATTCAATGTCCTCAAGTATTACTCCTTAATTTGCTACTATATAAGTATGAATAACAACCCACAGAACATCTTCACCTGGCAAGCTCCGCTGAGGCCATTCA
CP064967.1_gap30	907724	910939	3215	TGTAGGGAAGACGCACTTAGCCCAAGCCGTTGCGAGTAAAATTTTGGGAGACGACCCTCAAAAGAGGGTTGTTTTTAGTCCGGGAGAGCAGTTTACAAACGAACTGATCGAATCTATTCGTGAAAAAAACACAGCAAAATTTCGTAAAAGATATAGACATCTAAACCTCTTAATCGTTGACGATATTCAGTTTATCGCAGGTAAAAACACGGTTCAGGAGGAGTTTTTTCACACCTTTAATGCGGTTGTGTCGGGCGGAGGGCAGATTATTTTTACCTCAGATCGTCCACCTCAGGACATTAAAAACTTAGAAGACCGTCTTCGTTCGCGTTTTGCAGGCGGACTAACTGTCGATGTTCAGCCTCCAGATTTTGAATTAAGAACGGCAATTCTTCTTATTAAAGCTAAAGAGAAGGGTATAGAGCTGGGAATTGATCTGGCCAGAATTATAGCCGAGCAGGTATCCGACTCCCGCTCACTAGAGGGTACCCTTCTCTCTATATACGCCCGAACTCTTGGCAGGGAGGAGAAAATAACTCTTACTGTGGTTGAGTCTTTCTTCCATACGGAAAGTGAGGTGCGCCCTAAAATTAGGATTACCCCTCATGAGATACTTAATGTTGTTTGTTCATACTACAACATCAAACAATCTCAGTTAAAAAGTCCGATCCGCTCAGAGTCACTATCTTTACCACGACAGGTTACTATGTTTTTACTTAGAAGAGAGTTAAATATGAAACACCAAGAGATAGCCAACTTACTTAAAAGAAGAGACCACACTACTATTATGCATGGGGTTGAAAAGATAAATAAAATGCTCGTTAAAGACGATTTTTTTAAGAAAGAGGTTGATAGAATAATCCAAACCCTCCACCTCTCCACATAGATTACACAAACTATCTACATGCTAAAAGGCGGTGTTTGTCTTGTCTTGAAAATGAGAACTGTTTTTTATACACTTATCCCCACGTACTACTACTACGAAGTTTATATATGAAAATAATTTTAGACAAAGAACAATTACTGAATAACGTCCAGATATCCACACGCTTCACGTCGAAAAGACTCTCAACAATACAATCACTACAAGGAGCTATGTTTACCATCGAAGGAGACAAGCTCACAATATACGCGACAGACCTAAATACCAACTTTAGCTCAACAACAAAACTAAAGACAACCTCCAAAGAGAAGAAGTCGTTTGTAACCGATCCCAAAAAACTTGCTGAATTCCTCGCCTTACTAGCACCAGGAGACATCGTACTTATAGTTGAAGAAAAAAAAATTACCATACAGAAAGAAAAAAACCAAGGATTTTTTAACATAATGGAAAGTGGCGACTTTCCATTACCACCAAAACTAATCGAAAAACCAATAGTTCTAAAAGCCGAACAATTTAAAAAAACACTTCCACTTGTTTTATTTGCTGCATCAAGAGACGAAGCAAGACCGGCTTTATCCGGCGTAAACTTTGTATCCAGTGATGGGGAGCTTGTTACAGTAGCCACAGACGGATTTAGACTGTCTTTACTTAAAGAAAAAAATACACAGAAAGTACCTTCGATGTTGGTTCCTAGAGTATTTTTTGAGGAGGTATTAAGTGGGCTTAAGGAAGAAGATGAGATTAACTTTACAACCTCCGAAAAGGAAAAGATGGTTAAGTTTTCAACCCCTACGAAGGAGTATTACAGCCGAGTAATTGAAGGGGCGTTTCCTCCCTTTGAAAAGGTTATACCAACCGAAAAAAAACAAACAATTATCACAGATCGAGAGGAACTATTAAGAAACATTAAAATAGCGTCGTTATTCGCCCGTGAACAATCAAATATTATTATTCTTAAGGGTGAGAAAGGCGTGATTCAAATACGTCCAAAAACCGACAACAGTGATGAAAACACCTCAACTCAAGACGCAGAGATTGAGGGAGACGCTATTCAAGTAGCGTTCAACGCAAGATTTTTATTAGATTTTCTCCAGAACGTATCAGGTAAAAAAATAACCATTGAGCTGCTCAGATCAGACGCCCCTACGGTATTTAAGACGGATAATCAGAAAAACTTCATCCATATAATTATGCCCGTTAGGATTCAATCCTAACCACGTATATCGTATAAGGTATTTGGTATTTCGTATAAAATTCCACGCAAAAACATACGAGATACGTCATACGATATACGAAGTAGTTTAGAGTTCCTCTATCTTATCTTTCTTATGGGGGGTTTCTTTAACCAAGCTTAAGAAACGCTCGGTTGAAGAAAGACGTTTGTGGCCAACTATTTTAGCAATATAGTCTATAGAGTATCCAGCCATGAGTTGATGCGCTATAAAGGTATTTCTAAAGTCGTTGATAGTGGCATTTTCTATACCAACCTCCTTAAAACACCTCATAATTATCTGGCGAACATTTCTAATAAGCAAACCTTTACCCGTACGAGTCACAAATAGTAAATCGTCAGGAGATGTCTGGCTGCCTCTTACTGCTAGATAGTCATCAATGGCTTTTTTAACAGATGGACTAAGGGGAACCTCTCGCCCAGAGCTCTTACCATAGCCTCTCACAACTAAAGCGGAGTCCTTAACATCCGATACGCAGATACTTGTAAGCTCACCAATTCTCACGCCGGTTTGGAGCAATATCTCAACAACGGCATAGGTTCGAGGGTCTTCTTTGGCAACGTCCTAATTGCACGGTACTCTAATTTACTAAAAATACGAGGCGGTGTCTGGATATATTTTGGGTGAGAAACTTCTAGGGATGGATTTTGTTCAATTATATTTGAGCTCTTGAGGTGCCTAAAAAATGTGCGTATTGAGTTGAGCTTTCTTGAGGCGGATTTTTTAGTGTAGTTTTCGGTAATTAACTTAGCGATAAACCCTTCAATTTCAGGTTTTTTTACATCGCGAATATCATTTATCTCTCTTGAAGACAGGTATCCGATAAACTGCTCTAGGTCCTTTTTATATGCAACTATAGTGAAGCTAGATTTGCCCTGAGACTGTAGCTGGGCAACAAACTTTTCTACAAGCGCTGGGAAGATATATCCATCCATATTAGCCTATAATATATCATACCTATGGCTAAATTTCAATAGCTCGTAGTGATCCTAAGTATATCCTACTACCTAATGTTATAGGCATAATCTTGTTTTTTTATAACACGTCTGGTATAGTAGATGAAGAAAATGGAGGTCTACATACTAAATGTCTAAATCACA
CP064967.1_gap31	914094	917174	3080	AGGAGCTTGAGCAGATTTCTAAACAGGTCGAGTCAATCTTAGCTTCGCTTTTAATCGTGTCTCGCGCGGCGACGTTAGAGATGGAGGAAGGATTCAAGTCCACACTTCCAATGTTCTATGACAAGCTAAGCGTTTGGCGAAATATCGACAGCACGTCGCTCGCCATGACCTTTCCATTTTCCACCGCCTCTTTGACCAGAAATGAAGGAATTCTATACGGTGTAAACCAGAACGACAGTAGTTTGATCATCTTCGATCGTTTTACTCTTGAGAACGCCAATTCCGTGATACTGGGGAAATCGGGTGGAGGAAAGAGCTTTATGGTGAAGCTTGAAGCTCTGAGACTCTTATCGATGGATGTAGACGTCATAATAATAGATCCTGAAAATGAGTACAAAAAACTAGCAGAGTCAGTAGGAGGAGAGTTCGTTGAGTTCTCGGTTAAGTCGCAGTATAAAATCAATCCATTTGACCTAATTAAAGACAATCCTGAACCGGATGAGCTTCAGAATAAGATTCTCGATCTACATTCGCTAATGCGAGTCATGATGGGTGACTTAACGCCAGCACAAGACGCACTCCTCGATCGAGCTCTCGTAGCTGTATATGAACAAAAAGGAATTACGCAGGATCCGGCTAGTTTTAAAAATGAAGCACCTCTCTTGGAAGATCTTTTCAAGGTGTTTTTGGGAATGGAGACCGCTGAGGGCAAAGAGCTTGCGGGACGTTTGGAAAAGTACGTAAAGGGTTCTGCTGCGGGAATATTTAATGAAAGATCGAACTTTAATATAAAAAATAAATTCACAGTTTTTGGAATAAGAGACTTGGAGGAGAATCTCCGTCCGGTTGCGATGTATATAGTCCTAGATTATATCTGGAATACAGTAAGACGAGAGAAAAAAAAGAGGATTCTCATCGTTGATGAAGCTTGGTATATGATGAAGAACAAGGACTCGGGGGCTTTTCTTTTTAACTTTGCAAAACGTTCGCGAAAATATCTCCTCGGCTTAACAACGGTTACGCAGGACGTAGAAGATTTTATAGCTACAAATGAAGGGCGTGCAATAATTACAAACTCCAGTCTTCAGATAATTCTTAAACAGTCAACTGCCGCAGTGGATGCAATTACAAAGACATTTGCATTGACCGGTGGAGAGCGTCATTTTCTACTAGGTGCTGGAGTTGGAGAAGGACTATTCTTCGCAGGACAAGCTCATGTAGGATTTAAGGTCATTGCCTCCGAGGACGAAAAAGCAACTATTGAGTAACTTCATTGTATAATTATCTTCACTAATGGGTTTACCTTGAGCGGAAGCGAAGGGCCTGTGGCGCAATGGCCAGCGCGTCTCTATGGCATAGAGAAGGTTACGGGTTCGAGTCCCGTCAGGTCCACAATTTGATATAATGAAGTTCTTCTAACCGATAGAATTACGTTCCTGGGCCCCTAGCTCAACTGGTTAGAGCAGTAGCCTTTTAAGCTATTGGTTCTGGGTTCGAGTCCCAGGGGGCTCACAATATTCAGATTGTCATAACGCTCTATGCCAATCCCGGTATGGACATTAGGTATAGAAAACTTCAAACAGCCAAGAGTGGCTTACGCACTATTTTTTATGATGGTAGTATTGGCGAGCGCGTTTATGTGGAGGAGCCAAAAAAAAGAAGTTAGCCCACTGACGTAGACCTCGTAGGTCTACGGAGGGTAAATTAAAGCGCGGGATCGATTTGTTTGGCTTTGTTTAGATAGTCTAGAGCCTTGGTTTCGTTTCCAGCCTGAGAGTAGAGAAGGTAGAGGTTGTAAAGGGCATCCCGTGATGAAGGATTCTTCTGGAGGAGATTCTCAAGTTCTTGAATCTTGTTTTTGCGAAGAGTGTCGCTGTAAAAAACCTCTTCTTCTATGCGTTTACCGTACAAATTTTTATATAGAATTAAGTCTTTCTTAAAAGTTGGAAGCGAACGAACACTTTGTAGATATGGTACGATTGCATTCTTTTCGTTGACAATCTGTTTGAAGTACAGCGGTGAGATGAGCTGAGAAAACACAAGGTTGATAACCATATATGTTGCGGCTAACGACAAAAATGTTCCCCAAGCAAATTTTTTAATCATGTGTTTCGTATACGGTATAACGTATGACGTATTTCGCCTGCCTGCCGGCAGACATGTATATTGTACCTAATCTCAATACGTTATACGAAATACGGTATACGGAATACGATATAATGAAAATATGGATCCTACTTTGACCTCGACAGCATTGAATGGGCTAATTAATGTGCTGATCGCTCTCCTAGCCGCATTATCTGCCGGTGGAGCAACGTGGCTGATGATGTATCTGATCATAATCTATGTTCGCATGAAAAAGCGCGAACATATATCTATGTCGATGGTGACAATGGAGATAAAGATCTCGAAGGACAATGAGGTTAAGGTGGATGCTGCAGAACAGATGTTTGCAGCCCTAGCCTCTCTTAAAAAGGGAGGATTCTGGGCATTTTTGGAAGCGGGAGATTCGCTTGCTTTTGAGATTGTTGGTAAAAACGCGGACATACGTTTTTATGTGTCCGCTCCGTCAAAGGTAGCCGACCTTGTTGAAAAAACAATTTATGGGTACTATCCAGCAGCCGACATTAAGAGAGTTGATGAGCCCAATATCTTTATTGAAAACGGAAAGGTAAGTTACGCTGCCTTTATTGCAAAAGAAGCTCCATATATGCCACTTAAGACCTACAAAGATATGCCGACCGATAGTCTTGCCTCAATAACTTCTGCGCTTTCTAAGATGGAGGAGGAAGAAGGAGCGCTTGTACAGATCCTGATTAAACCATCGGACGGCAAGTGGAAAAAGGCCGGAAAGTCCTACGTCGCCAGCGTTAAGAAGAATGAGGCCAATCCAGAGAAGGCTACCTTCAAAAGCGATCCAAAACTTCTTGAGAGAATTGAGGATAAAAGCGGGAAGCAAGGATTCGACACCGCTCTACGCATAATTGTCTCTTCTCGGTCCAAGGATAGCGCAGATTTACATCTGCGAAATATCAAGTCTGCCTTTACTCAGTTTAACTCGGACTCAAACAGCCTGAAGG
CP064967.1_gap32	928188	928688	500	GATCTGTTGAGGCGATCCTCCCAGCTCCAGTTAAAGTTACCCTGAAGTAGGGCAACCTTTACAGATTCCTGCTTTTTGATGGCGCTTCTTGTAGGACTGGTATTAAGTAATGGGACGGCGAGTAGAATAATGAACAAGACAATGTATATATAGAGAACTTGTGAAATCTTCTTCTTCTTTGTCTCAAGATAGAGGAGTGCCCCAAGAGATCCGGTTGAAAGGACAAGGATATCGGTGATGGATGAGCCAAAATACGGCACCAGCCAGTCAAAGACAGTTGTTGTGTTAACGATGGTAAGAAAGGCCTTGGCGTAGGCAAGAAAAGGAGAGTAATGGAAGATGAGCCTCATGACAAAGATCCCCACGCTCAGTCCAAATACCTGCACGAATACAGTTCGAGGGAATGTTTTATAGAGAAAATATGCGAAGACAAACATAACAGAGACCATGAGGCCATTAAAGGCAATGGCAAGATTGAAGGCGGTAAAGTCGGCAAAACG
