gap_id	start	end	length	sequence
CP065383.1_gap1	5381	8988	3607	GAATTCCTTCTTCACCAATAAAAAAGTAAACACCAACAGTAATTGGATGTAAAGATTGGTCATTTAAAATAATGAAAGGAAACATAAATTCAGCCCATGCCCAAAGAAAAGATATAATCGCAATAGCAGAAATCCCTGGGGCTAGAATTGGTACGGCTATTTTATACAATATCTTCATCCTGCTACAACCATCAATAGAAGCAGCGTCAATTAATTCTTTTGGAAATGCTTCAAATAAACTTTTTAACATCCACACACAAAGTGGATATATTATTGCAACGATAAATATAACAACTCCAGGTCGGGTATTTATAAGCCCGATCTTTGAATACATGATAACAAAGGGGAGCCATAAAGCCTGCGGTGGTATTAGTCGTGTTGCAAAAAAAGAAAAAAGGATTTTCCTACTACCTCGAAATGGAAATTGAGTCAATCCATAAATAGTAACGGTTGCCGATAAGGTAACTATAATAGACGCTGATAGAGAATAAATCACGGAATTTAAAATATAGGTTGGAACGGGTGCAGTTAAAAGAGAAAATTCATAACCAGAAAGACTTGGATCTACCGGGAATAATGTTGGAGGCCATGAATAAATTTCTTGTGTTGTTTTAATTGAGGTAATAAAAGACCAATAAAAAGGAAACAATAAAAAAACAAAAATTGCGATAAGTACAATATAAGGCGTGTTTCTATATTCTAGAATCCCATTAATCACTCTTCTTATTCCAAATTTTTCATTACCGTACATTATATGTTCGACCCCTTCCTAAGAAAGTACGACAATACAAAATATGAAGGTATTATTATAGTAATTGTTAGCAAAATACTAATGGCACCTGCTCTTCCAAAATTTAAAAATCGATAAACATAGTCCCAGAGTAGTTGACCTGCATGATAGGTTGCTTTTCCAGGACCACCACCGGTTAGTGATACAAATACATCAGGGGTTCGAAATGTGTACATCCAAATTATCAGTAGAGCAATCACTATATTTTGTTTATTTAGAGACAAAGAAATATACCAAAATCTTTGGATAGCATCTGCACCATCAATCTTTGCTGCTTCATATAATTCATCAGATATACTTTCTAATCCGGCTAACAATAAAACAGTCATAAAAGGTATATAGGACCAAGTAGTGGTCATTATCCCACAAAACATTGCAAGCGCCGGATTTACAAGAAAACCAATATTTTCATTAGTTAATCCAAACAGAATTAGTAAGTAATTTAAAATGCCTGTTTCTTTACTAAAAATCCATCTCCACATAAAGCCTGATACTATCAAAGGTGCAGCCCAAGGAAGAATAGATAAAGTCCTAAAAATTGATTTTGCTCTTCGAATACCACGTAAAGAATGTGCAACCATTAAACTAAACAACAAAGTAAAACCTGCAGATCCAAGACTATATAATGTAGATATTTTCCAACTATTATAAAAATCTTTTGAATTTAATGCCCATTTATAGTTAGCTATGCCGTTATATGTAATCGGGGTAATAAAATCATAACGAAGCAGGCTAATGTATAAGTTATATATTACAGGATATAATATTAGCGCAACGATGATCAACAATCCGGGTAAACTACAATATATTCCAAATTTTTTATTAGATATCACAGAACAATACCTCCTCTGTTAATTCTGTTTTGGCTAAACGGCTCTTGATTTTTAAAAGCCGTTTAGCCATTTTTTATTATTTATTTAACGTGGAAGCTGTTCTGCATAATCTTGAATAGCTTGAATTGCATCATCAATTGTTGTTTGCCCGGTCACAACTTGTGCAAATTGTGATTTTACTTCGGTACCCAATTGTGGGAACCCAGGAAGTAATTGCTCAGTTTTACCATATTTCATCAATGTTGCACGAATATTCAAATAGGGTATTTCTTCGATATGAGCAGGATGAGGATTACCAATCTCTTCAGCTACTGAGTCAGCTAAATTCCAGTTGACTTTACTTGGTAGAGTTGGGTCATCATAAAGCGATAACATATAAGCCTCGTTTCCTTCAACAATTAATTCATTTGTTTGTGCTTCTTTACTTCTCAAGAAATCTAAAAATAACATTGCTGCTGCCTGGTGATTATCTGGAGCATACTTATTAATAACACCAGAATTACCATTTAGCCATCCAACTCTACCTTCTTCTGGATCGCCTGGTGCCCATTTTGGTGGAGCCATAATTGCCCAATCATCAAATACTTCCGGGAATTCGGTCATATACTTCATGGTATATGAAGTCATAATACCAGCACCGAAAGCTGCTTGGCCAATACCAAATACTCTTCCTCTATCAATAAAATTATAGTTAAGGACTTCTTGGCTAGCTATATCTTCAAGTATGAAATTTGCCCAATAAGAAAATGCATTTTTCCATTCCTCGCTGAGCATATTTGGTTCATTACCCAAATACCAGCTTCCACCTTGGCTGTAAAGAGTTCCTTGGAAAGAATCTATCCAATTTTCAAGAATTCCTGAGAAAACCATTCCATAGTATGACTCTCCTAATTCCTGTTTTGCCCACGTCCTACATTTTTTGGCAGCGGTATAAATATCTTGCCAATTATCCGGTACAGCTATACCACTTTTTTCCAACCAAGAAGGCCGATAAAACACAACTCCCATACCCAATGCAGTTTCTTGAGAAGCCCACCAATGACCGTTTCTGAAATGAAGGTCCTTTAATGCAGGAGTAAAAAGATCTTGTACATCTTGGGGATACAAAAAGTCAATAGGAGTTAACCATTCTTCTCGAGCAAACGTACTCAACTCACGAACTGGACTCCCTACCAACAATAACGGAACACTTCCGTCTTGCGCTAAAAGTGTTGCTAAAGATTTTGCGTGTTCAAGCTCTGAAGGAACAGGTACAGCTTTAACTTTTAAACCTGTCAATTCTTCAAACAATTTAATATTCATTGCAGTTGCAATATCACCCGCTAAGCCTCCAGAATTGTAATAAACTAGCTCATCTACTCCTTTAATTGCATTTTCCCAGCCTTCAGGCAGAATGTATTTATCACCTGATATTCTTTCTGCCATAGAGACAGGTCCATTCCAATTAATAGTTTCCCAAGCTTTTTCTCCGAACGCTGCAAAACTAAATAAACTTATGATCAAAGTAACAAAAGCTATTTTTAAAAATATTCCCCTTTTACTTTTTAAATAACTCATTATTTTTACCTCCTTTTTTTAATTATTAATAATTTTCTAATGTATATTTTTTAATTGCTTTTTGATCTAATTCAAAACCTAAACCTGGTTGGCTTGGAGCATGAATAAAACCATCTTTATCAGGAACAATTGGATTTAAAATCATTTTTTGAGTTAACTCTACTTTCCAGGATTCATAATCGTAGGGATATTCAAAGTATGGTGAATATTCATCAGGAACGGTCAAGGCTACTTGTAAGTTACTAAATAGGTTTAAGCCACTGCCCCAAGTGTGAGGCATAAAGAGTTTTCCATGAGCCATCGTTAGTGCGGCAATATTTTTAATTTGAAATAAATCTTCAGATAAACTTGCATCAGGTTGTATAACATCATAGCAATTCTTTTCCAGTAAAATCTTAAATTCATGCAAGCCCATATTACATTCTCC
CP065383.1_gap2	31868	34184	2316	ACAGACTACCTCAATCAGTATTTTACCCTTCTCATTGGGAAAACCTGGAGTGATTCGAAAGGAGGCAGTAAAAGAACCATTCTGGACTTCAATGGTTTTGTGGAGGTTGAAGGTTGTTTCAGGATTGGTTTTGAGTGTTACAACGGGACGAGTTCCGGAAGGTAAATCGGTAATTCCATTTATTCGGTACCGGTCATCTTTAATAGTAAATTGCGTGATGTTCAGAACTGAATAATCGACCATTGTAATTTTTGACGAATTGGAACTTTTTTTGATTCCAGAAGGGGAGTTCGTATCCGGAGATGATGGGTTTGATGGAATGGTCGGTTGGCTGATATCGGGAATGGAATTATCGACTGGCGGAGTTTGGCCGCAACTACAGGCTTTGTCTTCTGCGTTACTCCAGGCGCTGAATATAAAAATACCGACAAAAAGAATAAGAACAATCAAGATCGTTTTTTTCACTCTTTATCTCTCCTTAATATATTAGGGTGCAGTATAAATAAGATATAAACCACCAAAAAGAACTAAAACTCCACAGACTTTCTTTACGATATTCGCTGCCATTGAGGTTTCATTCCAGCGCAGATATTTTTGAACACTTTGAGTAAAGGTTCCGGCTAAAACAATCACCGAACAATGCCCTATTCCATACGTAATGAGAAGCCCAGCGGCCAGCAAGGGAGTGGTTTCTCCCACCCGGAATGTTGCTCCCAAAACCGGTGCCATATAAGCAAAGGTACAGGGTCCCAAGGCTATCCCAAAGAAAAAACCGAGGAGAAAGGCTGCCATTGTTCCCGTTCCCCTGGTTTTTTTAACTTGAGCTGGTCCTCCAAAATTGAGGGGGATGACATCGAGCAGGGAAAGGCCAACAATGAAAAAGATGACGGCAACAATATAATTTCCATATCCCCCAATATCTCCTGCCATTCGCCCCAAGCTGGCTGTGATAATACCGATGATAGCAATAGTGGAAAGAATGCCGAGGGAGAACCAGGTGCTAATCCAAAACGCCCGATTCAGGGTTAATTTCCCCTGCTGAGTGATAAAGCCGACAATAAGGGGAATACTAGCGAGATGGCAGGGACTTAAAAGAATGCTTAATATTCCCCAAGTCAATGCTGCAATCAGGGCAATCGTTGCACTCCCTTCAATGGCGCTGGTCAGGGTAGTAAACAGTTCACCCATGGGTTATCTGACCCCCAGCTCGGTAAGCTTATTAAGAATCTCTTCTTTCGAGAAAAATCCGGTATGGCGAAAAACTTCTTTGCCTTCTCGGTCGAAAAAAACCTGGGTTGGAATTCCCGAGATTTGGTAGCGAGCGGAAAGAACTTGATAAATCCGGACATCGGTGAATAGGATGGTGCATTTTCCCTTCAGGCTGGTTTGAAGCTCTTCAAGAATTGGTGCCATCATATCACAGGGAACACAGCCACTGGCACCAAAATCAATTATGACTGGAAGTCCACTCCGGCGCGCTTGATCCACCGGATTATCAAAGGCAGTTTCTGATTGTCCCTTTACCCAGATAGTATTGACTTCAATTTCTAGTTTTTGGCTTAAATTTCCAACATAGGTATTAATAAACTCTTGTTTCTTCTGGCCAACGAGATACTGAACAACAAACTCGCGGACATCACTAAATGGAGTATCTCCAAACATGTCATAATTGAGATCATAAAAAGCTTGGGCTTCTTGGTCAGAAACAGTTAGGTCTGGAGGTACCAAACTTTCCAGATAGAGTCGAAAGAGTTCATCCTCGTTGGGGTTATTCGATCGGATATTCTGGTTTGACATCCATTTTTTTGCTTCCTGAAGAAGAATAGGATAAAGAGCAGCTTGCTCCAGAACGTAGAAGGCGTTTCTTTTTAACTGTTCCTTGAGTTCAGGTTCTGATTGAGCAATTTTTTCATCAACTTGTTTTTGATTGATGGTGATGTCTCCAGCTTTCAAAAGAATATCCTCAGGGAGGGTTGTTAATCGTGCATATCGGAGGGGACCTGAGCTCAGACCCAGGTAGACCTCTTCGATAGTAGGACCTTTTTCTTCAGAGAAAACCGTCAATGAAAAAATAAAACAGCAGGCTATAACCAATATAAGAATTCCTGGAATCTTGTTCATTTAATCCTCCTTATTTAAACTCATCTTTAATTCTTCAAATTTTTTAAGGATTTGGTCTTTGGGGATAAAGCCGATGTGCCGAAACACTTCTTTTCCTTGAGCATCAAAAATAATTTGAGTTGGGATTGACGATATCGCATACTGCTGAGATTGTTTTGGATCTTTCCAGACATCAATAAAATCAACCTGAAGCTG
CP065383.1_gap3	36714	38033	1319	AAACATATGGTAACACAATTTTATTAGCTATCCAGTCGATTATAGGAAAAAGTGTATCGTTGCCAGGTATATTGGCAATGACCGGCTGGTTAGATATGTTTTCGATTCTTCTTAACCAGCCGGTTAGGTTCCCTATTTAATACGGATGAAACCTTCTTCTTCAACAATAGTCTGACCTTCTTCGCTAAAGAAGTAATCAATAAAATCCTTGGTGACTCCCTGGGGAATATCGGGAGTATACAGATAAAGCCCACGACTGATGGAATAGCTCCCGTTAAGAGCATTCTCCTTGGTAGGTTCAACTCCGTCTAAAAGAAGCCCCTTGACTTGATCAGTTACATATCCCAGCCCAACATACCCAATAGCTTCGGGATTATTCCCAACTTCATCCAGAATTGCCCGATTAGAGGCAAGCATTAAAACAGTTGGTGCCAATTGATCTTTTTTCAAGATATGTTCATTGAATACTTCGAAGGTTCCAGAGTTGGTATCACGGGAAATAACCACTATCGGTTTATCTTCTCCGTTGAGGTCTTTCCAGTTGGTGATTGCTCCGGTATAGATCTGCTTCAGGGTGTGACTGTCGATTTGGTTCATCATGGTATTGGCAGGGCTCACAATGACCGTGATGGCATCCTTGGCTATTTCAAATTCCTGGACAGAGAGACCTTTGGCAACAGCTTTATCCAATTCTTCGGCTTTAATCTTTCTTGATGACATGGCAACGTTAGCTATTTTGTCAATTAGGGCAGCAATACCTACTCCAGATCCACCACCACTTACTGTAATATCGACTTCGGGATTCTGATTCATGAACTCTTCAGCAATAATTTGCATAATGGGAAGAACAGTGGTTGAGCCAGAAACATTCAACTTTTCTGCTGAAAAAGCAGAAAAAGCAAAAGAAAAAACCGCCAGAAATATAAAAATAAACCTAATCATTTTTTTCATTTTTAATAACCTCCTCTATGTGAATTCATATTGAAGAAATTGTAGTTTTAAATTGTTAAAGAAGTATTGAGGAAATATTAAAGTTTTTTAATATTTTAAAGAGACCGCAACATTCTTAAAATGTCGTTCCTTGATGTTATATCTTTAATTAAGAAAGTATCTTTAAAGGCTCGATTGAATCAATTTGTTGAAAATAGTTATGGTAATTTAAGAAGGGAACGAACATAAAAAGAATCTAAAAAGGAGGATTACCTGAAACAGGGAGAGAAGTTTTTCCCAATTCATTTAAAATTACAAAAAATTGATTTTTAAAAAACTTACACCATATTCAACCTTTTAAAAAGTAAATGAACTTTTTGGGCATCTTT
CP065383.1_gap4	53051	54298	1247	CTCTGTTATGAGATAATATTCCAGTGCAAAACTAAAATATGGGTTTGTCGAAGTATTTTCAATATAAATCATTCTATCTTTCCTTTCCCATGTTTATAGCTTCTCCCGCGTTGTAAGAGCTTCTCACCAGAGGACTGCTAGCAATATATTTAAAGCCTTTTCCCTCTCCTACTCTTTTATATTCAACAAACTTTTCCGGTTTCACATATTCCTTCATTTCAATATGCAGCTTTGAAGGACGCAGATATTGACCTATTGTAAAAATATCACACCCAGCCTTCAAACTGTCATCCATAACCTCATAAACCTGCTCATCTGTTTCTCCTAGCCCAACCATAATACCAGTTTTGGTAAGAATATGATGAGCTTTATCCTTAACATATTTTAGTACATACATAGAGCGATCATAATCTGCCTCCGGGCGGACCTTGCTGTATAACGATTTCACGGTTTCGATGTTATGGTTGATAACTTCTGGATTTGCTTTGATTACAATGTCCAGATGTGCAACAATACCTTTTAGATCAGGAATAAGCACTTCTATAGTCGTAGCCAGATTTAATTCCCTGACAGCCTGAATGGTCTTTGCGAAATGAGCTGCTCCCCCATCTTCCAAATCATCCCTGGTTACGCTTGTTATTACAACATGCTTCAAACCAAGCTTTTTTACCACCTCGGCTAAATGCTGTGGTTCATTAGGATCAACTGCCTCAACGCAGCCTTTTGAAACATTGCAGAATCTGCAATGCCTTGTACAAATACTACCTAAAATCATAAATGTAGCAGTATTCTTTTTATAACATTCCCCAAGATTAGGGCAGTTAGCTTCTTTGCAAACCGTATTCAATTTAAGATTTGCCATCAGATTACTTATTTCATCTACAGCGCCTTTATTATAACTGACTTTCAGCCAATCTGGTCTTTTATCCATTTTCTCCATCTTGCTCTCCGCATTCAAGTACTGCTACTACTTCATTTATACCTACTTCATCGCCCTCTTCAAAAAAAACTTCCTCTAACGTTCCATTTACCATACTTTCAATCTCGATGACTACCTTATCAGTTTCCACTTCAAAAATCACTTCGCCTTTTTCAATGGTTTCTCCGGGTTGTTTATTCCATGCCACAAGAACTCCCATTTCCATATTAGCGCTAAGTTTTGGCATCTTAATCATTTTTTTCAACTCATTTTCCTCCTTTAATTAACTCTCTTTTTCTCTTATTATCTTCGTTTTTCTTAAATTTTC
CP065383.1_gap5	68918	70408	1490	TACTCCCAGACAATCAATCATTTTCTCCCCAACAATACTTACTCCGAGGCTAAAAGCAGTCTTACAGATAAGCTGATAATAATGGTTTCTTCCCGAGGGTCTTAAAAGTTTGGAATCAGTTAAACCAGAAGGAATGCATCCGGGAGAAAAAATAACACAACACGATACGAGAGGACCAGCTAATGGCCCTCTCCCTGCTTCATCTACTCCACCAACATATTGATAGCCTTTTAACCAAAGGTCTTTTTCCAGCATTTTCAACGTAAAATTTGAATTGACCGGGGAGGCCAATAAATTAAAAAAGCACGTCCTAAAATGTTTTTAAACGGAACATAACCCCAAAATCGACTATCATCACTATTATGACTATTATCTCCTAAAACAAAATAGGAGTTTTCCGGTATAATCTGCTCTCCTCTTCCGTAACTCCCAACGTTTACATACTCTCGATTAAATTGATCTCCTTGAATGGAAACCCCATTAATATATACCAAGCCGTTTTCTATTCGGACTGTTTCACCAGGAAGAGCAATTATTCTCTTTATTAAATTTTTCTTCTTATCAGAGGGATAACGGAAAACAATTATATCACCACGATGAGGTTGATAAAGGCCATAGTAAAATTTTGCCACGAGAACCCTATTGCCTGGTACAAGAGTCGGTTTCATTGAACCGGAAGGAATATAATATCCTTCTATTACAAAATACCGAACAACAAAAGCAATCAGGAGTGCCCAAATAACGGTTTCAACTATTTCTCTCAAGACACTGATCGAATTACCTTTCGCGTTTTTCCTCAATTCTTGATTCTTTGGTGCTTTTCCCACGGAGATAATAAAGCTTTGCTCTCCGCACCTTACCCCGACGAATTATTTCAATGGTTTCGATACGGGGCGAATGGATTGGGAATACTCTTTCTATACCAATACCAAAGGACATTTTCCGCACCGTTATGGTTCGACTAATTCCAGAGCTTTTTAGTGCGATAACCAATCCTTCAAAAACCTGAATACGTTCTTTGTCGCCTTCGACGACTTTTAAATGAACTCTCACCGTTTGTCCTGGTTCAATATCAGGAACTTCTTTCATATAAGCTGATTCAACCGAACGTAACAACCTTGCTTTATCCATTATGGACCTCCTCCTGAAAACCAACTGTTCATTCTATTGAAATGGTACAATCAGTTTCTCAAACAAGTAATCGATCAATAAATAAATTATTCTCAAAAAGCCGAACAATACTATACCATTCTGATTAAAACTTGACAACAGTTACTGTTCCTGAACCACTTCATCGTTTGATCGCTCAAGTAAATCCGGACGAACCAACCGGGTTTTTCGGAGGGCTTCCTTTCGCCTCCACTCTTCAATCAAACTATGATTCCCACTGGTTAAAACCTCCGGCACCTCTTTATCCTTAAAAATCCGAGGCCGGGTATATTGAGGTGGACCCAATATCAGATCGTAAAAGGAATCAAAATGAATCGATT
CP065383.1_gap6	182866	183488	622	AAATTTCACCATTATGAACAACCGACCAGGAAAGCAAACCGAAAGGATGAGCACCCCCCCACCATCCGACGCTGTTGGTGGGAAATCGACCATGAGATATCCAGCAATAAGCTTGATATTCTTCCAGCCGAAAAAAACGGCCGATGTCTTCTGGATAACCAACTCCTTTAAAAATTCCCATATTTTTTCCGCTGGAAATAACATAAGCTCCCGAAATCGAAGAATTTATTTTCATTACTAGCTTAACCACTTCATCATCTTCAGAGAAAATTTTTCCCTTCGGAAAGAGAAAGTACCTTTTAAAATAAGGATAGTTTTGGACTTCTTTGATTTCCCGAAAGGGAATCACTTCAGAGTGTTCGACTTCACATAAATTTTGGATGATATCTTCGGTCGTTATAACCGCTTGCCGATCATCATAAAGAATATGGAAAGCATAAAGATCGGGGAAATCCGGATAGATACCGTATCCCGCAAAACCACCTCCCAAACCGTTGGAACGATCATGCATAACAGCTATTGAACGGATGATTCCTTCACCCGAAATCCTAAATCCATCTTGGTTTAGAATGCCAACTACGGCACATCCAGATGGTATGCGGTAAAGTTGGTCCTCTCTCAT
CP065383.1_gap7	260084	263206	3122	CCGAGCTATAGCTCTCCCCCGGAGAGGTTTGTTTAAAAGCAAAGCAATAAAAAAACCTCCAATAACATTGATTGGCCCAACTAAGGCTAAATAGTAAAAGGTGTTTTTTAATGCAATCCAAAAAAGCTTATCGGCAACTAAGCGGCTATAATTTTTAATCCCAACAAACTGCCCCGAACCAACTATATCAAGTTCGTATAAACTCACAAAAAAGTTCGAAACAATCGGGCCAAGTTTGAAGAGAAAAAATAAAGCAAAATAAGGAGCTAAATAAAGAAATGGAGATTCAACGATTTTCGACAGAACATTCTTCTTTTTAGATAAGGATTGATTATTCATTTTTCATTCCTATACATTTTGTTAAAATCTCTCCTCCTATATAGGAAGAATGAAAACTAAATTTTTGTTTGGTCACTCTTATCTTAACATTATTGGGGGGCTGAAGAATATCCATTTCAACCCCCATAATCCATTTTAACTTAAATCAAATAACTCGCATTTAAAAAATAGCATTTATTTCGCTCACTGCTAAATCCAGAGCTTCCTTGGGATCTGCTTCATCCAACATTACCGCTAATATAGCATTGAGAACCGGCGACATGGTATTGTCAGCTCCAAAGCTGGCAGTTTGGACGACTAAGGGTTCAAAGTGAATGTTGTTAGCTTGTTCAATAAATACTTTGTAGTACTTATAATCGGGGAGATTTTTATAAGCTTCGCTTTGAATAACCGACAAAGACGCCGGTATTTGGCCTGAATTTCCCCAATCAACGCTGTGAGTCACGATATAGCTTAGCAGCTTAATAGTCGCTTCGATTTTGGCTTGATCAGCACGTTTTGGAAGAGTTAAAGTATGTGATCCAGCCCAAACTGCTGGCTTTTCGAAAACTTGAGGGAACGGTGCAACAACTATATTTAGGTCTTTTTGCTCTTTGACTCCAGGAACCCACCATGGTCCTTCCATAAGATTGGCAACTTTCCCACTCAGAAAGTCCTTGTCGATATCGCTTTCATGTGGAGGAACCACTTGATATTTATAGCTCAAATCATGCATGAATTGGAGTGCCTTTACACCCTGATCGCTATTAAAAACAGCTTGGTTTTGTTCTTCATTCAAGAAAGCTCCGCCTTCTTGTTGGAATAACCAGCCATACCAATAGCGCATGGTATGAGAATGGTTGACGCCAATTGCTAAGCCGAAAACATCATCTTTGGTTGTTTTCTGCATCGAATCGATAAAAGATTCCATGGTATTCCAGGTTATATTGGGATCGATACCAGCAGCAGTATACATATCGGCATTTTTATAAACGGCCATAGGATGGTAATCGAGTGGAATCCCGTATTGTTCCCCATCGTAAAATTGACCTTCCCAAACATTCAATGGGAAATCTTCTGCTTTAATATTATTGGAAATAGCTATATCTTCAACATTCATTAACATTCCGCGAGTGGCAAATTGAGATATATCAGAGACATGCATAGCTAAAAGGTCTGGAGAAGCATTAGTTCCATAGGTCGTACTAAATTTTGTAAATACTTCCGTCCAAGGGGCAGTAAAAAATTCCACTTTAATATCTGGATTTTCTGCCATAAAATTATTAACAATTTTTTCCATGCCAAATTTATCCGGTCCGGTCCATCCACCCCAAAACCGAATTGTTACTGGGTCGGCTGCCATAGCCACACTTCCTAATAGAAAAACTACCAAGATTCCAACTAAAAACATTTTCATTAAAGACTTCATGATCTTTTCCTCCCTTTATATTTTTTTTAGAAGTAAAATTATGAAATGTACTTTAAATTAAAAACACCTCCTCTTTTTTGGTATTTACTGAAGAATGATAGAGCTTTTTAGAATATCCAACCAATTTTCAACAACTGTCACAATTGCATCTCTGGATTTTTCCATGACGGTTCTTGCTTCAACATAGGGATTTACCCCTTCATGAACTATGGTATCTACCAAAGTCCTTCTTAAATCAGTTCCCACGTTAACTTTTGCTACTCCTTCTTCGATGCAACGATGCACATCTTCAACCGGTATTCCCGAACCTCCATGAAGAACTAATGGTATTTTGGTTGCTTTCGATATTCGCTTCAATATATCAAAATGTATTTTTGGCTTCTTAACATAAACACCGTGAGCTGAACCAATTGATGGAGCTAAAGTATGAATTCCAGTTCTTAAAACGAAATCCCGAGCTGCTTCCGGATCGGTAATCTTGAGTTGATCGTCCTTTTGGGTGGTTGATTCGAAAAATTCGCGAGTTCCTAAAATCACTCCCAACTCACCTTCAACAGGCACTCCAAACCATTGGGCAATTTTTACTACCGATCGAGTTTTCTCAACATTTTCCTCATAGGGAAGCTGAGAGCCATCAAACATTATTGAAGAATAGCCACATCGCAAGCATTTTTCCGCTAATTCAACCTGAGTACAATGATCCAAATGAAGGAGAAAGGGAATATCAAATTTCTTGGAATAAATTTTCATCAAGGATACGGCTAGTTCAGGGGGAAAATATTGAATGTCTACCTCTCCAGTCGCAATAATAACAGGAGATTTTTTCTTTAAAGCTGCTATGGTAACCGCATGGAACATTTCATTATTAAAAACATTAAAAGACCCTAAGGCAACTTTTTCTTGTTTTGCTTTCAAAATCAACTCTAAAGGTGAAAAATAAAGCATACTTTCTCCTTTGTACTGAATTAGTTTTAGCTTATTAAATTAGACTGATGATTTTTTTTACTGCTGACTCATCAGTTATCAATCCATTTATGTATCCACCATGCAAAGCTCCCAAAATTGCTTCTGCTTTATGTTCTCCACCAGCAATTGCCAAGGACAGTGAAGTTTGAGCTAATTGTTCTAAACTTATGCCGATTATTCTTGGGTTGGATTCAAAGTTGCACTGCTGACCGAATTTATCAAAAAAACGTGAAAGAATATCTCCAACCGCATTGGAACGAAGTATTTCTCTTCGGTCTTCATCGGGCAAGTATTTAATATGCAGTAATGGTGGGTTGGATGGTTTTCTTGACTTGATTGAACCAATACCAATAATGGCGATATCTAATTCTTGCCATTTTCTTACTACTGATTGAATCCCACTATCAGT
CP065383.1_gap8	350289	353156	2867	GTGAAATGCTCCTAGTTCTTTTGCTTTTTGCAATCTCATATCAACAACATCAACTGCAATTACTTTCGTTATCCCTCTTGCTAAAAGTGATTCAATGGTTACCAAACCGATGGTACCACTTCCTAAAACTAACGCGGTTTGCCCCGGTTCAACTCGTGCTCTACGAGTAGCGTACATACCGACCGAAAGAGGTTCAACCAGAGCCGCTTCTTCAAAAGAAACCTGGTCAGCAATTGGGTAAGTAAAACCAGCAGGATGAGTAACATATTCGCAAAATGCTCCATCAATGGGAGGTGTTGCCCAAAAAATCACATCTGGACAAAGATTGTAACGGCCAACACGACAATTTTCACATTTGCCGCAGGGAATACCTGGTTCCATTGTTACTCGATCACCGGGCTTTAAATCTTTAACTCCAGCACCAATTTCGACAACTTCGCCAGAACACTCGTGACCTAATATAAAGGGAGGCTTAACAATATAGTCCCCAATCCGACCTTCGATAAAATAATGGACATCCGAGCCACAGACCCCAACGCTTTTTATTCGAACTAAAACTTCATCCTCTTTTGGTTTTGGAATGGGGATATTTTCAATTTCAACTTTTTTTATTCCTTTCATCACTGCAGCTTTCATTTGTTGAGACATAATTCATACCTCCTTTTTTGTTTATTATATTGATTCACATCTGTCCAAAATAGCTTTTTCATATTGAAAGGGGAGTCCCAATCGGGTAGATTGGTAATTGCAAGCTAACAAAAAACCCGAAAGGTGGCTTCCCCTATGAATAAGTGTAGCAGTGTTTTTGGTCAAATTCTACAAATATTTAACCGGTATGAATTTGAAAGAATGGTCAGGAAAACCCAATCTGAAAAAGGAAGCAAGGGTTTTAGTTCCTGGGATCAATTCGTTGCCATGTTGTTCTGTCAATTAGGTCAAGCCCATTCCCTCCGAGAGATCTGTGGAGGACTGGCGACGTGCCTGGGAAAAATAAAACACTTAGGAGTGAAAGGAGCTCCCCACCGGTCAACACTGGCTTATGCCAACGAACATCGACCCTGGGAGCTCTATCAAAACATGTTCTATGCTTTGTTAGAAAAGTGCCAACCCCTCCAGAAGGGAAAGAAAAAGTTCCGCTTCAAGAATCAGCTCTTGAGCTTGGATGCTTCAACCATTGAGCTGTGTAGCACTCTGTTTGACTGGGCTCGGTTTCGGCAAACCAAAGGAGCCGTGAAGCTTCATTTGCTTTTAGACCATGAAGGCTATCTTCCGGTCTTTGCCCTCATCACCGAAGGATGCGTTCATGAGGTCAATGTTGCCCGAGAGCTTACCTTCCCCAAAGGTTCAATCTTAGCCATTGATCGAGGTTATACTGACTATGCCCTCTTTGCCCACTGGACCGACACTGGGGTTTATTTCGTCACCAGACAGAAAGACAATGCCAGTTACCGGATCATTGAAGAACGAACCGTCCCCCACCACCGTAACATCCTTCACGATGAGATCATTACTTTTACTGGCTATTATGCCAAGCAACACTATCCTGGTCCTGTGCGACGAATCGAAGTGGATGACCGCGACAATAACCGAGTGATCGTTCTTCTGACCAACCACCTAGAATTTGGAGCCACCACCATTGCCCGTATTTACAAGGACCGCTGGCAGATTGAAACCTTCTTTAAGACCATCAAGCAAAACTTAAAGATCAAGACCTTTGTAGGAACCAGCCAGAATGCTCTCTTCATTCAGATTTGGACAGCACTCATCACCATCCTCCTTTTGAAGTATCTCCAGTTCCAATCAACCCGTGCCTGGTCGCTTTCAACCCTAGTCGCTTTGCTTCGTTACAATCTCTTTACCTATCGGGATTTGTGGACCTGGATCAACCATCCCTTTGAGGTTCCAGTGATTGTTCCAAATGTAACGGTGATTCCTATCCCCTTTCAATAATTTGGACAGCATCCGAAAAGAAAAAGGAGGAACCTGGTTTTGAAATGACTCATGAACCTGTCTTAAATGCTTGTGTGATAAGAGGTGATATTATGATTTCAGATTATTTTGGACAGCAGTGATATTGATTAATAATTAAATAAGTTTTCTAAATGTCTTTTATAACCTGGCAAATTCTCGATATCACCACTGGGACAATTTTCAGAATAACGAAGAATTCCATTTTTATCGATCATGAAAATTGCCCATTCTGCCAAGCCATTCCTTCCTTTCACTCCAAAAGCACGAATGGTATCACCGCTTACGTCGCTAAATAAAGGGTATATCAGCTCCATTTTAGTGGCATAATCTTTCTGAACATAAATACTATCCATACTAACGGCAAGGAATTTTCCACCAAGTTGGTTAATTGATTCCGATAGACGATTGCAATCAACTAAAGCTTTCTGGGCAATGGGGCTAGCAATTGAATCAAAAAAAAGAAGAACTGTCGGTGTTTCTTTCACTATCATAGAAAAACTCATTTTTTCTAAGTGAGTATCATAAAGAAAACCTTCTGGGAATGGATTTTTTAAACGAGGTTTGGATTGTGAGAAAAAACTCATAACTTCTTTCATAAAAACTGGCAAATCATTGGGCCCTTGAGCGGTAAGAATGTTCCCATCAACCACAGTTTGATAATCGACATATTCACCACCAGCATTCACAATATCATCACGAATAGCTCGATTCCCAGTAATTCTTTTCCCCCGAACAACATCTGCAGAAATTAAAACACTTGGTCCATGGCAAAGTGCCCCAATTAGTTTTCCCTGTTGAAAAGTCTCTTTTACTAAATTTATAATTGCTGGATAACGTCGTAAATAGTCGGGGGCAAACCCTCCCGGAATAATTATTCCATCAAAATCTCGTGATGT
CP065383.1_gap9	389896	394497	4601	CACGTCAAATGAAGATCCAATTTCCCCTAAAACCTGGATAATATAGGGATGTGGATTTGCTTTCAAAGCATAATAAACTTCAACCCCTGGGAAGAAAGATCGAAAAGCCTGATAGTTATCTATTAACCTCTCTCGAATTATAATAAAAAGTGGAGTGTCATGCTGTTCAATTAACTTGTCAATTTTATCATAGCTTAAACCAAACACACCGGCTGAAAGGTTACTTTTCTCCAAAAATAATCAACTCCCGCTTTTATAATATGGAAATTATTAAATACCAAAATTGGAGCAAAAAGAACGATCATCCTTAGGAGGAAAAATTTGAATCAATACTCAAGAAGTACTTGCTCTGACAACTGTGAAGTATAAACTTTCATCACCGGATTTTCAAGAGTTTAGAACCATCGAGTCAACAAAATTTTTAGACGACCGCTGCTGGCTCGATGGTTACTTCAAGTGTTCTTTAATGTCCAGCGCTATTTACTGGCTTACCGGAATTTCTCCTTCTACTCCTTCGACAAACCACGAGAAAGACAAGATATCTTGATCAGACATTTTTTGCCCTTCAGCAATTTTCTCATTTCCATTTTGGTCTTTTATCGGACCCCAGAATACATCCCAGGTTCCATTAATTATTTTTTCCTGCTCTTCTTGAACCAAGGTTTTTACTTCTTCCGGCACATCTTGGCTAAAGGAGGTAAGTTTTACAATTCCCGTATCCATACCCCACCAATCGTCAATTGGTTTCCAGTTTCCTTCAATAACCTTTTTTATTATATCGACATAAATTGTTGACCAATCCCAAACCGAGGAAGTCAGGCATTTCGTCGGAGCATAGCTGGACATATCATTGTTATAACCAATAACATATACCCCTGACTCTTCAGCAGTTTGTGGAGTTGACCCAGAATCGGCATGCATACCAATCATGTCGGCTCCTGCATCAATAAGTGCTTTAGTAGCTTCTTTTTCTTTTCCAGGATCAAACCAAGAATAAAGCCAAACAACCTTCACTCTTGCGTCGGGATTCGCCTTACGGGCTCCTAAGGTAAAAGCATTAATCATACGGATTACTTCAGGGATTGGATGGGCTGCCGGAAAACCAATGATATTACTTTTTGTCATGCTTCCCGCCACTAACCCCGATAGATATCGAGCTTGGTACATCCTACCAAAATAGAGACCAACATTGTCAGCCATTTTATACCCCGAACAATGCATGAAAATTACGTCTGGGTATTTCTTAGCAACTTCAATAACCTGGTCCATATATCCAAACGATGTGGCAAAAACCAGCTGCGCTCCGTTTCGAACAAATTGTTCCATAACTCGTGCACAATCTGGCCCTTCTGGGACCGATTCAGCATACATGGTCGTTACCCCGGGAAACGCTTTTTCTATTGCTTGGCGTCCTTGGTCGTGCATATAACTCCATCCCCCGTCACCAACTGGACCTACAAAAACAAAGCCAATCTTGAGATCTTCCGCTGGAATCGGATCAAAAGCTAGAGCAACCGATCCCATGGCAAAAAAAACCACCAGAATTAATAACCATACCCATTTGTTCATTTTCTTATGACACTCCCTTTCCTTATTTAGTAAAATTAATGTCAAAAAAATTATACTTGATTTTGGTTCACTTATTCACTTTCTTCGCGAAAATAAGGTTGACCCAAAGAAGCTGGGGCTCCAAACAGGATACCCTTGCCTTTTCCAATTGAAATAAAAATGAGGACACAAACCGTAAGAAGATAGGGAAGCATTAGAAGTAAAGGCGTTGGGATGCTCGTTCCAGTTGCTTGAAGTCTTAATTGAAAAGCTTCTACGCCTCCAAAAAGATAAGCCCCTAAAGCAGCCCGGGTTGGATTCCATATTGCAAATATAACCAGAGCCACTGCAATCCAACCTCTTCCTGCAGTCATTGATTCAGTCCACATTTTATTATAAGCTACTGAGAGATAAGCTCCGCCTATGGCAACGATGCCACCACCAATTGCCACTGCTAAATAACGAATCCGATTAATGTTTAATCCCATCGCATCAGCAGCCCTGGGACTGTCACCTACTGCTCGTAAGTTTAAGCCTATCCGAGTCGAGATTAAAAACCATGAAAGGAAAATAACCAGGAAAAAGGAAAAATAAACCAGCAGGTCATGATTAAAAAAAATCGGACCAACAAAAGGAATGCGGTTTAAAACTGGAAAAGGAGTTTTTAATAAACCTGGAATGGTCTTACCGATGAATGCTTTTCCCATAAGGGAGCTGACCCCGGTTCCAAATATTGTCATTGCCAAGCCACTTACCACTTGATTGCCTCTTAATGTGATAGAAATAAAACCATGGATAAGAGTTATAAGAGCTCCTAAAATAAAGGCTGCCATTATTCCCAACCAAGGATTACCGCTCACTAAACTTACAGAAAAACCCGTGAGAGCTCCTATAAGCATTATTCCTTCTAAACCCAAGTTTAAAATTCCCGATTTTTCGATGATAATTTCCCCTAAAGTTGCAAATAAAATGGGAGTACCACTTCGAACTGCTGCAGCCAGAATGGAAACAACCATTTCCACTTAGCGCTCATCTCCTCTAATAAACCGTATTCGGTAATTCCTAAAAAATTCTCCCCCTAAAACAAAAAACAGTATTAATCCTTGCAAAACCAAGGTGCTAGCGATGGGTAATCGCATTACAATCTGCAGGCTTTCGCCTCCTACCTGAAGGGCACCAATAAGAAAGGAAACCAGCATAACCGAAATAGGATTCAAACGAGCCAACCAAGCAACAATAATCGCAGTAAATCCGAATTCTGCAGTAAAACCATGCTGTAGGCGTCCCTGTAAGCCTGAAACCTCACACATTCCGGCAATCCCTGCTATTGCCCCAGATATAAACATAATTAGGACAATATATCTTAAATAATAAATACCAGCATATTGAGCTGCTTTTGGGCTTTCGCCAATAACTTGTATTTCATACCCCCAACGGGTATAACGAAAGATAAACCAGAAAAAAATTGCAAAAAAGATTGCAATAAAGAGCCCGTAATGGATTCTCGTCCCAACGAGAAGAGGAATCCGTGCCGCCTCAGGAAAAGGAGCAGTCATGGGAAATCCCAAGCTATCTGGGTCTTTCCACGGCCCATAGATAAAATAATCAACCAGGTGTATAGCGACATAGTTAAGCATTAATGTAGTAATAGTTTCGTTTACATTCCAACGAGCTTTTAAATATCCTGCTATAGCGGCCCAACTTCCACCAGCAATACCAGCTAATAAAAACATGATAAAAAACATCATCCAGTGGTTATCTACATAAAAATACCGAACTGCAGCAGTCGTTGCCAAAGCTCCCAAAAAGATTTGGCCGGCAGCACCAATATTCCAAACGGTGGCTTTAAAAGCCAAAGTAACCGCTATGCCTGATAGAGTTAAGGGAATGGCTTTTACAATGGTTTCACTAATTCCATACCAATCACCGAATGCGGTTTGAAACATTCCACGATAAGCTTGAAGTGGGGATACCTTGAGAAATGCTAAGAAAATTGATCCACCGATCAAGGCTAACAATACCGATATGATAGGAAGAAAAACACTTAAAAACCAGGAGGAATAAGTTCGTTTATCAACTCGAACAGAAATACTCATGCAGAAACCTTTTGAATATTTTTTAATGGAGTTCCTGCCATCATCAAGCCTAAAACTTCAGGTGTGATCTCCTGTGGTTGGTCAACAATTCCCATGATTTCTCCTTTACATATGACGGCCAGTCGGTCACTCAAAGCAACTAGTTCTTCTATGTCTTCAGAAATTAAAAGAACCGAAGCCCCTCGGTCTCTTTCTTTTAGAATTTGTTCCCGAACAAATTTGGTAGCCGCAACGTCTAAACCCCATGTTGGATGCATAGCAATAATAACTTGAGGTGAATCGCTGAGTTCTCGCCCTAACATTAGTTTTTGAAGATTGCCCCCGGAAAGATTCTTTACCGGATAGCGACTATGAGGAACGGCAATATAAAATTTTCGAATTAAATAGCGGGCATATTGATCCACTTCATACCAATTAATTAATGATCCCTTTGAAATGGGGTTTTTCCAATACTTTTTCAAAATTGCATTTTCATCGACCATCATATTCGGAATTAAACCAACTCCACGTCGGTCAGCCGGAATATATCGAAGACCTTTATTTATAAAATGTCGGGGCGGTCGGTTGGTAAGTTCATGTTGATTTATTTTTATTTTTCCTGACTCGATCCTTCGTAAGCCTGATAGCGCTTCGCATAATTCCTGTTGACCATTCCCTGCCACACCAGCCATTCCAAGTACTTCTCCTTGATGTATTTGTAACGAAAGATCTCGAATAACCTGAAATCCACGATCACCACGAACTTGAATATTTTCAACATCGAAAACTAAAGGACCGGATAATTTTGGTTGCTTTTGAATCGAAAAAACAAATTTCTGCCCCATCATCATTTCCGCTAATTTTTCCTTGGTGGTTTCACAGGTAAGAACCGACCCAACTTTTTCACCTTTGCGAAGAATGGTTACCCGATGGGATAACCTCATAACTTCATCCAATTTGTGTGAGATAAAAATTATT
CP065383.1_gap10	406249	410754	4505	CACTAACACCAGCAGCACGCTATTTAAACAATCGAGGTTTTTCTTGGAAAACATCGGTATTGATCATATTTTTAGCTCTTCTCATTTTTTTTATTTTGCTTTTTTTCCTAGTTCTTCCAGAAGCTGTTTCTCAATTTCGATCTCTCACATCAAATCTCCCTGAGTATACTTCAAAAATTATTGATATAGCAAAAACTATCGATGAACGCTATCCAGCGTTAGGTATATCAGAAGCTATTGAAGAATTTATGATCAATCTCAGCTCGAACCTCCAGTCGTATTTAGCCACCATCCTGAGTAATATTGTTAATCTATTTTCGCTCATCATGAGTATTATTTTTATGGGATTTGTGCTGACTCCATTTATTCTTTATTACTTTATGGCTGATGCAGTTAAAATCCGTCGTGCTTTAATTCGCCTATTTCCCTCCCAAAACCGAAAGAAATTTGTCAAACTTATTCGATTGACAGACAAAATAGTTGGTAACTTTATCCGTGGCCGATTACTAGTTTCTTTATTTGTTGGCATATGCGTTACGATAGGTCTTTTCTTGATGAACATCGAGTTTTCTTTGGTAATCGGTGTCATTGCTGGTATTCTTGACATTATCCCCTATCTTGGTCCAATTATTGGAGCCATTCCGGCTTTGATTTTCGCTGGAACCAAATCCATATGGCTGGTATTGGCTGTAGCTTTACTTTTTGGAGGAATTAACCTCATCGAAGGAGTCTTCATTGCTCCTAAATTTATGGGGAAAGAAGTTGGTTTACATCCAGTAACCGTTCTTTTTGCCTTATTAGTAGGTGGTGAATTGTTTGGAGCGTTAGGAGTTATTGTTGCCATCCCGGTAGCTGGTGTTTTAAAAGCCTTCTATCTTCACAACCGGAAACATATTCAAGACGATATCACCTAAGCATTTTCTTCAAATTTTTTTATCTCTTCGTCAAGAAAATGGAGAATGCTACTTGCTTTCCCGTTCAGTACAAAAGCCGCTTTTTTATCAAATGGAGTTTCTTCTAAATTAATAATCATTAGTTTTGTTGCCAAAGAAGGAATCAAGTTTGCCGGCGATACTTGCAGACTGGAACCTATCACTAACAAAGGAAATTTTTGAACCATTTTTGTTGCTTGTTCAAAACTGGAAGGAAGCATATCACCAAATAAAACAACATCCGGCCGCAGAATACCTCCACACCGACAACGAGGAGGGATTTGTCCATCCATTACCAAGGATTCAAGTTTTTCAATTGAAACTGTTCTCATACATTTCACACAGCTCGCCGTTCGCAAATGGCCATGGATCTCCATCACTTTTTTTGAACCAGAATCGATATGGAGGCTATCAATATTTTGGGTTATAACAGCTTTCACCATGCCTTTACTTTCCCAACTGGCTAAAATATCATGGGCAAGATTTGGACGAGCCTGTTTAAATTGCATAAGGACCGAAAATCCAGTTTTATAAAATAATTCTGGCTGGTTGAAAAGGACCTCAGTAGAAAGGATTTCCATAGGATCATATTGATTCCACAACCCGGTTTGTGGACTCCGAAAATCGGGAATTCCACTTTCAGTTGAAATTCCTGCACCGGTTAGGACTATCCAAGGTCGATTAAGCCATAAACATTCAGCCGCTTTTTTTTGCCTATCATTGTGAAAATACATATATATAGTATTCCTCCTAAACTTTCAATAAAAAATCTGATCTATCCTGAAAATACCATCTTATAAATTCCCCCATTGAGGGGGGATAAAGGGGGGTGTGCCTTTAATCGGTCATCCTGAGCCCTCGCTTTTTGAGGGCGTGAGGATCTCATCTTTTAAGTTTTTTCTTCATAAATACTTTAAATGATGAGATTCTTACGTCGTCCGGCAAAAACACCGGACTCCTCAGAATGACTAAGTGGATGGTAGAGATTGCCACGTCGCACAAGACGCTCCTCGCAATGACGGATTTAGATAGGTATTTTCATCCTCATCTGGTACTGCTGACAGCATGAGGGTCTGGCCTATCGATTTAATATTTTTCCGACTGAAGATACTTTAATTTGTATGGCGTTATGGGGACATAATTCCTGGCAACAATAGCAACGGATGCAATGTTTATAGTTATGTTGAGGAACATGGTGTTTTTCTTTCCAAAATAACGCTTTGGGTTGAGCCGGACAAATATCTATACAAACTCCACAAGCTTTACATTTTGAATAATCGATGATTGGTTTCGATAAAAAGAGATTTCTAAAAGACCTTAAAAAACCTTCTTTTTTATAAGATACCATCGATTCTCTTTGAACATCAAAATCTGCCCTGTAAAAATGAGAAAAATCATCTCCAACTAATTCAATGCGGTCTTCTTGCCAATATCCCAGCTCCCCCTTTTCTCCTTCAAGACAAGTGATTACCTTTCTTGGATCCAGTCTTATAAGGCGACTAAAAGTAGCATCGATAGCAATTGGGTCCTGGGAAAAGGCGATCAAACCCATTAATCGAGGCCGTCCATTTCGTGGTCCATTTCCCTCCATAGCAATGATAGCATCCATCACATAAAAATCAGGCTTTAATAGTAAGTTTAAATCAACTAACATTCGAGAAAAATGAAGTACATCAGGAAGTTTAAAATGAAATTCACTCTTGAGCAAACCGGGAATACAACCATATTGATTTTTTACCGCACCGGTAACCCGGGTTAAGCCATGAGTTTTCCACTTAGGAAGACTTAAAAGGGCATCGAAATTAAATAAATTCTTGGCAACAGTAAACTGCCGATTTTGCGTTGCTCTTGAAAAGGTTACCTCTTTCTTTTCAACAAAATCAACCATTTCGATTTTAAGATTTCTTAATGGATCATAGATTCCGGCTTTTTTTGCAACAGTTTCGCTAGAACCAAATCCTGGTGAATCACCATATCCACAAATAAAATCATTTTCAATGAGAATCTCTGCAACTCCCTGCAATAAGGAAGGATGAGTGGTGATTGCTTTTTCAATGCTATCCCCGATTAGTAAATTTGGCTTCAACAGTATTCTTTTTTTATTTTGAAATATCCTTTTAACTCCACCAAAATAAGAAAAACCCCTCATCAGGGCTGTTTTTACTTGGTATAATTCGTAGCTTGGACAACCAATTAGAGCAACCTTACTCATTTATTTCCTTTCTTTTGATGAAGTAAACTATTTATAAATATTTACCTAATTCTCTTGCCTAATTAAATTATGAATCGTTATAATGGTTCGAAGTCAAATATGTTAAAAACTTAAAAAAAGTATATATAAAAGGAATTTTAGATTTTAATGATGAAGATTACTTCCAAAGAACTGGTCATAATCAGTCTATTTATCGCGATTGGAGTCATCCTAACTCGTTTCGCCAGCCTCAGAATTCCTGTGGGAGGAATCGAGGGAATACGGATTGGTATTGGACCTTTAGCAATTATTTTGGCCGGAATTCTTTTTGGACCTTTTTATGGGTCACTCACTGGAGTAATGGTCGATGTAATTGGCTATATTTTAAGCCCCATAGGACCTTATATGCCCCACTTTACCCTAACGTCTGCTTTATACGGTCTTATCCCTGGAATAATGAGTTTCCAAATCATCTCTCATTCTCATGAATTTAAAAACCTCCCCAAGCTTCTGATCTGGGGAACTGTTTCAATGACACAAATTTTGGTAGGATTTATTCTCACTCCTATTTTTCTACATTTAATTTTTGACATTCCCTGGAAGCTCCTTATCATTCCGAGACTTATTAGTACTCCCATTCAGGTGCTCCTTTTTGGATTTATCCTTCAACTTCTATATAAAGCTCCTCCTTTTTCATCGTTATTTTTTTCTACTCATCAGTCACGGTAAAATCATACTGGAATAAAATTGGATATTATTGATCTCAATCCTGAGGATACTGGGGAAATGTTTCTTGGCAATCGTTTAAATATTCCCTGGTATTAAAAAGCAAATTAAAATGACGGTACTCTTCACCGGCTAAAAAAGACAAAAAATCTTTAATTTTTTGATCACCAATTTCTTTCTCACTGGTAGCAAAAAATCGATGAATGCTAGTTTCCAATGCCATGGCCTGATCAATAATTTCTATTTCGGTTAACAAGGGCGATGAAGATTGGTTTTTATCTTGAACTATTTCAGAAAATATCGAATCAAAACATTCCCGAGAAGATCTCCTTAAACCTTCTCGGGAACCATTGGAAAATATTTCTCCCTTTCTGAGTTGCTCATACCCTTCTTGAATCCTTTGCAAGTGGAAAGATTCATCATCGATTATTTTTTTAAAAATTTCTTTACACAACAAATTCTGTAGTTGGTTTGATTTCTCAAGATAAAATTGATAAATGTCTTTCTTGTTGTGGAGTGCTAACTCAAAAACGGTTAAATCAGACAATTTTTATAACCCCTTTCCATAACAACCTCTCGCCCAAATAATTATAAACTGACATTGATTATTTAAAATATACAATCCATTTTAACATTATAACCAACAATCTCTTTAA
CP065383.1_gap11	556929	557515	586	AAAAGGAAATGCAGCATGAAGAAAATCAAGGAGAAAATGAAATACCAATATACCCAGAAAAAATGCTGAAATGCCAGCAAACAAACCTTCAAAAAAACCCTCAGTAATAATTGGACGCCGTATAAAAGTTTCAGTCGCTCCAATTAAATGAAAAACTCGAATTTCTTCTTTCCTGGATTGAATGGAAATCCGTATTAAATTAATAATGACAACCAATGAAAATATAAAAACCAAAAAGAGTACTATGCTTCCAACACTTAAAAGCATGTGATAAAACCGTACAAAAACATCGACATTTTTACCACCATAAATCACATCATCAAATAATCCGGTATTTTTTACTTGATTTGCCAGTTCTGGAATCGATTCTACACGTTTCGGTGTAATCTCTACTGAAAGGGGAAAAGGATTTTCATCAACCGGAAAATCTTCTGGTGTTAGTTCAAAGTATTCAAGGAACTTCTTCTGGGCATCTTCTTTAGAAAGAAAAACGATAGAGCTGACGTTGGGAAGATTTTTTAACTTCTGGACAGTTTCTTGAGCCTTTTCATCTGTGATTTCAGATTGAAAATACGCTTTAATGGTA
CP065383.1_gap12	559970	562116	2146	TCACGGGCTACAAATAATTTCATTCTTTTAAGAATAAAAGCCACTATCTTCTGACTTAAAGCTCTATGGAAAGGGCCTAAACCACAACGATAAAACAAAAGAGGACGACGAAAAATTAACGCCCAACCCAATAAAAAAGAATAATATATTAAAGATCGAAAACTCGTTGAATCTTGCAGAAGACTCCCTCCCCCTACGACAACATAATCACTTCTGGCAATTTCTCTTAAAACTGTAATTATTTTTTTTCGGAAAACGACCAATAGATTGGAGAAGGAACGAGGGGAAAATTGACTATCCTGAGTTAAAACCAAGTAATAAAAAGAATAAGGGGTCGCTTTAGAAATAACTTCCAAATCATTGATTATCGATCGAAGAGAAAGCTCGTCTCCCCAATTACCAAAACCATAATACCCGAGTAAAAATATTTTTTTTTGAGTATCTTTCATATTAAAGCGGTTTATATATTTGTTCTTTTTTTATAAGCATCATTCTCTCCAAACTGACTCAGCCATTTCCATATCCAATAGGCAATCCGGACAACAATATAGTAGAAAATGAATACTACCAAGCTTAGTATAAAGGCATTAAAGAATCGAAGAAGGATGAAAAGAAATGGGGTATGGATATGGCAAAAAGAATTGAAGAAGGTGATAAAGCCAATCGTTACCCCAAGCCAAAGCACAACCTTAAAAAGAGGTTGATAATTAAAACGGCGGAGGGAAAGAAGAATCCATAAAGCCGGGTAACCAATCATAAATTCTTTCGTTCGAGGTCTCATAAAAAGGAATCTTTCCAACCAAAGCCTCATTTTACTTTCTAACATCCCGGCTGGAAGCAATGGAAAGTTACCTGAACGGGTTAAATAAACTACAAATCCTCCAGCAAGAATCATTAAAATAACAAATTCATAGCGCTTTAAGGTTCCCAAAACCACTGAATGAATACTCCGATTCAGATAACCCGACTTAAAAAGATAAAGAGCAACTAAAATTATAGGAATGACCAATGAGGTTTTTACTCCTGAATATTGCTCAATCCGAAGAACATAAAGCCATTGATAAAGACCACAGGAAACCACCAGCCCACCGGCAAATACCATACAAAATGCAGTAAGGATAGGTACCAACGGATTCTTTTTTGACCGAAACCCATCAATCAGGGAAAAAACAGCCAAACTTGGATAAGCAATACCAGAAAGAACACCAATGATTCTCAAATTCAACGCATTATCCTGGAAAAGCGTTCCCGATAAAACAAATAAACTTATAATGAAAATTATCCATTTTCCTGGTAAAAAGTAACTATAGAGCAGCGCTATAGCTATTGCCACCGAAAGTGAAAATAATACCGAGGCAACCAAGGGAGGTTCAAAAGGCATAAGGGGGTAAACCGTTCCGCGGGTAAATCCACTGGATTCAATATCAGAAAATAACGCAATGAGATAGGAATAATTTTTCTCCCAAAGGTTTATTGACGGTTCGGTAAAAAATCGCACGTAAAGAAGACGGACCGACCGTTCTTTTACAGCTCGAAGAAATCTTTCTCGAGCCTCAAGAGGAGTATAGTTCTTTATTTCATCGGGTGGAATACTATGAACTCGAATGGTTTGAGCTGGAGCTAAACGAGCAAGGATGGTTTCTCCTTTTTGTCCTACGAACTCTGTGTATCCCCAGAATAGCTTTTTCTTTTCAAGGAAGTTGGCCATTTCCATCAAAGATTCTGAATTTCCGTTTCCAAGTACTTGGTCACCAAAGAATATTAAACCATCTGCTTGATCATAAATCGGATCAGAAAGAAGGTTTTTTAAGATTTCTGGAGTAATTCCTTGCCAGTTTCTTGGACGAAGTATAATTCGAAATCCCTTATCTTTTAAAAGCTGCACAAGGTTATTATCCCAACCCAAACCTATCTTATCTTCTTCTTCATAGGAAATATTTAAGCCAATAATATTCGGGGAAATTTCGATCGGAGAGCGACCTAAAATGCTTAACTGGTGGATAATCGATTCTTTTAAAGAATTATTAGAAACATAAAAATAACGAAGAAGAGATGGATATTCATGATCAACAGCAACTGGTAGTACTTTTCCTAATTGCTGAAGATTTTTTAAATCATAATCGCTTACACCAATAACGCTTACCCC
CP065383.1_gap13	570255	573883	3628	AGCAAGGCTATTTTAAAAAACTTTTGTAAGGACTTAATTTATCGAGCTCGTAGATGGATTTTCAGGATTGGAGAGTTAACTGGGATATTCCTTTCTCATATAAAATATGATGAAAGCTATTAAACCAATGCCTAATAAATAATCACCAATACTGATTACAAAAGGGCGGCGCATGATAATCGAATAATAGGGAAGAGTATCACCCAAAAAAGGAAGTCGGGTAGACGCTTTGAGGAGAGTATAATCGAGATAAAGGCCACTTTCTAAATGAGCTGCTAAATCATTGAGTTGAAGTCTTTGAACCATTGGAAGCCAAACCGGCATCATCCCTCGATTAAAAACAATAACCAGGATATTGAGAAATGCCCCAACTGAGACAATTTTCATTCCATAAGATTTATAACTAAAAAGGGTCCCAATAAAAACAATAATCATACCAATAATATTGAACCATTGAAAAGATGATTCGGAGAAATACGGGCCAATAAACTTCACAACAAAGCCCAATACAATAAGCCATAAATAAGGAATGTTGGCTTGCTTTAGATTACGGAAGTTTCCATGACTGATAAAACCTACGATGATACCAATTAAAACAAAATCAGCCAGCAACTTCAAAGCCCTCCTGCAAAATCTCTTTTAGAGCATTTATGACCTTCATATCATAATACTGGTTTCCTTCATTTTCCATGATAGTTAAGGCTTCTTCTACTGAATACGCTTTACGATAGGGCCGGTCGGAAGTTAAAGCTTCAAAAACATCAGCCACAGCCAATATAAGAGATTCAATAGGAAGGTCAGTCTGCTTCTTTCCATCGGGATAGCCACTTCCATTACATCTCTCATGGTGAGATCGAATTAAACCGGCGATCTCCTTTAAAAAGTCGACTTTGGAAACTATATCAAAACCTATAACCGGATGCTGTTTAACAATGATATACTCTCCTTCAGTAAGAGGACCAGGCTTTCTTAAAATTGCGTCTTCAATTCCAATTTTCCCAACATCATGAAGCAAGGCTGCGTATTCAATCGTTTCACGCTTTTTATCCGATAGATTTAGTTTTTCAGCAATCGCCAGTGAAACTTTTGCTACTCGATCAGAATGACCTTGAGTGTATGGATCCTTAGCATCCAGCGCTGCAGTGAGAGCCCGTAATAATTCAAGATGGACTTTTTTGGTTTCAACATAAAGTTTAAATGAGTATCTAGCTATCATCAGAGGAAATAAGAATAAAAATAATCCCACGTAACCAATTCGTAAATATATCAAGTAAAGCAACAGCGAATAAGGGAAAAGTCCAAAATACTGTAGGAGGATTCCATTGACATCTTTTTTCCATAAAACCGGAATCGGTATGCCAGTACTTAAAGAAATGACCATGACGACCAAGAAAGCATTGCTTAGGAAAAAAACTAATATGGAAATGACAATGGCTATATAAAAAGTAAGCTGATTCCAAGTATAAGAATAACCCCCAAGGAGTTGAAAAACATACCCAGAAAGAAAAGCTGATATAGCAAATTGAGCTCCATTAAAGAGACTTTTTTGCCAACCTGTTTTCATATAAATGATAACATTTCCAATAAAGGTAACAATCATTACCAAATAAGGGTTGGTTAGTAAAATAAAAGCATAAATTATAGCGAAACTAACCGATATTGATGTATGGGGAGAAAGATGAATCGGTAAAGCTTCGGTAACTATTATTAATACCAGGAAGGTGATGATCTTAGCAAGAGGAAAATGACTAAAATTAGTGGTTAAAAGTGAGTATAAAAATAATGCAATACCACAAATAATAACTGAATAAATATATAAATTTAATAGTTGCTTCTTTTTATCGGACTTCATTCAAAATTTTAAAAAAGACGGCCAGGGCATTTCTAATGCAACTTCAGCTTATCTCCAATGGAAGCCAGCACCACTGGCTAACACAATGGCCAAAAGGCCAAGAAGAATGCTCAACAGTTTCTTCATTCACAAGCCCTCCCTGCGATCATTCTCCATCTTTCTTCGCTATTTAAAGATGGGAAGGCCGCTCCGCTCTCTATTGACTCCTGGCCGCCTTTTCTTCTCCTTATAGTTCTATATCCAGAACATATGGACTGATACAAAATCGGCTATCAGCGTTTCTTTCTTTTTGGATTGCATTGAAAACTATTTTTGCTTATAATCACTCCTTTTTAATGCTCAGAAACGTTTTTTTCTAAATTTTCTTGATGGAAGGAATGATAATAATTCACCTTCCTATTTACGGCATCCAACGCTGATCGTGCAACGGTTTCATAGATTTCATCTCGAAGTAAAGCTGTACCTATCAAGGTCCCTTCGGTTTTTTCACAGTTTCGATAATCAACCAGACAAACCGCCACATCAAATTCACAATAATTATGAACTGTAACTCCACGTATGCAAAACAATGGGGTTGCAACAATTTGATTTATACAATCTATAACTGCTTGGGCAACTAACGAACACCGCTCTCTCTGGTCCCAGGCTTTGCTAGTCAGACAGGAATGATAAACCTTGTCAACGAGTTTGATTTCTACATCCGCCTGAAAATTATCACCGGTTTTTTTCCATCCAACCCCCCATAAAATAGGTCGTTCTTGGGTTACCGCCGTTTCGTGAGACGGTTCTTCTAAGTCGAAACTCACAACACTGATTTTTTTATGATCAATTTCAATACCAAAGCGAGCCTTTATAAGGGTCTCAATATCTCTAACTAATAATTTAGGCCCTTTGCTCCGATTGGATAAAACATGAACCTCAGTAATATTTGAGCCTTCTCCAACAATTTTTACATTTATAATACCGTCAATACAACTTATCGAGTCCTCTATAGTTTTAAAATCAACACGTTCGTTCATAATTTCCCCACCTAAAAATTGTCTTTTTTATACTTTTTCATCAATAATGTTTTCCAATAATTGATAAATTTCCCTGGCTTATATTTTAACAATTAAAAGTTAATACACAGGATCAATTAAGCCGTAGTCTCCATCATTTCTTTTATAGAGAATTTGAACTTTATTATTATCCATATCTTTATACACGAAAAAAGAATGGCTGAGAAGTTCCATTTGTAAAATGGCATCTTCAACTGTCATAGGACGAAGTATAAATTCTTTAGTACGCACCAACTTGCCAGGAATTTTTTCTTCGCTCTCAATTTGAGGAAGAATCTCATTGATTTCGATAGCCGAAAGAGCTTCTCCTGATTTCAAAGCACCTCGGCGAGCCAATTTTTCTTTATAACGTTTTACCTGTCTTTCCAATTTATCATCGACAGTTTCGAAAGATGTCCTCCAATCGGGACCTTCTCCTTCGGCTCGAAGAACAATCCCACTTGCTGTCATAGTAACTTCACTTTTAATTCGTCCTCGTACCAAACTGAAAACAACAGTTGCATCGATAAGCTTATGGAAAAACTTATCAAGTTTTGACAACTTTTTGGTCACATAATCTCTCATGAGGTCGTCGACACCGATATTTTTTCCTCGAACCACCACTTCCATCGCAGCTACCTCCTTTTAGATGAGTAATATTTTTCAATGAAAATGTGCTCCATAAACTGGTGTGCCATATCCAGGTTAAACACCCCCGCTCCTGAACAAAAGGTATTGG
CP065383.1_gap14	711866	712411	545	CATCCTCCTTTTTATAACTCCTTAAAATTTACAACTTAAAAAAAATTAACCTGTTGATATAGGTTTACTTTAAAAATTGAATTTCACCCCCTTAAAATTGTATTTCCTGATAAGAGAAAACATGTCGAATTGTTAGGTCGAAGTTTTTTATCCTATATTTTACACGTGTAAACTACACGTGTAAAATATAGGATATTTACTACACAGTTGTCAAGAGGATTTTTGTTTTTTTAATTAACTAATGGAATAATATTCAAATAGTGCTTTTGATCATTGTTTGAGGATTTTTGCGAGAAAAACCTAATTCTAAAGGAGTCCTAAGGGTATAATTTTAAAAAAGTAAAGTTTGTCTGAGCATCATCTATAATTTATTATTATCTAAAATATTGATAAAAGATAAATTGAAACATTAAACATAGGATGAGGAGCGCATCAATTAAAGAGGTTTTGTTCCAATGCAATGAATTGAATTGCTCCTCATTCGATATTCTATTTTTGTTTTATTTAAGGGAACATTTCGTTGTTGATTGTTTTAAACCTTCTTC
CP065383.1_gap15	849284	854207	4923	CTTCCTCCTCAAAGATCCGGATCTTTTTCATGGTTACGAGAAGGTTCCGAGCCAAATCTTTTTCAATCATAAATGATATTCTCCTTTACTTGAAATACGATTGGGTTTTTATTTTAGATTAATTTTTTAAACAGATTATTGACCTCATGCCATTTGACAACATCGGACGAGGATAAAAAAATAGGGATAAAAACTATCACTTAATCCTTTAAAAATGAAAACAATTGAATTGGAAAGCATATAATTAGTCAATTATTTTCTCAACACCAAAAGCATGTCTCAGAACAAAAAGGAAACTTCATTCCCAATTCCACGCAATTTATTAGACTAGAATTTTTATCTAAAATATTCTTGTTCTAAAAAAATCTTGAAAAATCTTCATTATTACTGTTTGTCTAGAGGAGTTGGATAGAGCTCGGTGACGATTTTAAACTGCTGAACCACATAATACTTTTCAACTTCGACTAAAATGAGCGCACAATTTGGGGAATCGGTGAATTCAACTAGTGAAGGGTGTTTGATGAGATGATGAAGAAGGAAGGGCGCCTTTTCCTCGAAAGCAAGTTCCCGGGCGTTCCCAAAAACGGTTATTGCAACCGCCTGATGGTGGTCGTTTTCTTGGTTTGACCGATTATCAACGAGAAGAGAAACACGACGATTATTTTTCAGATTCGCATATTTTCGAGTATCACGATATGTTGCAAAAACAATCGAATGTAAATCATCGGTGGCCGAAAAATTAACAATACTACAATGGGGGGTATCTCCATTGGAGGTACCTAACACTGCCAGATTTTGAGTTTGCATTAATTTTTGGACTACGGAGATAACGGATGAATTTTCCATTTTAATTTATCACAATCTCGATGATTTTAAATCCCTTTTTATTCATTTTAACACAACCAGACAATCATAAAAGGATTTTTGAAGAAAACCAGGTAAATACAATGGACCGAATTACTCGAGGATAAAATTTGGCAACTCAGCTGATTTTCACCAATAAAATGCCCCCTAGAAACTTTTAATTCTAAAAATTTAAAAAATTAATCGGTTGGAATTAAAATGAAACCAGAATTTGCCAAATAAAAGTCCAGGCAAGATGATCGGTATTTTCCCAAATTTCTCGCACTATTGCTTCGTTGCCGGTAATTTGAGGAATTCTTTTTCTTTCTTCTTCCCAAGGAAGAAAAACTCCTGGGATTCGACCAGATTTCGTATTTTTATTTTCCATTGCGAATCACCTTTTAGTCAATACTGCCCGTATTCACGAGTGATTTCGGTGAGGGCTTGGATGCAGTCGACCCGAGCATCATTTTGAATAATAGCCCCGGCATCCATAATATACCCTCCGTCTCGAGCGACACCATCGATTACTTTTTTACAATAATCTTTCACTTCTTCGGGTTCTCGATGGAAAAGATCATTGGGGATTCCTCCGCTTAAGCAAAACTTATCACCCAAAATCTGATGAGCTAAAAAAATATCACCCCGGTCAACATGGTAGACAACGCTTCCAGCGGGCAGTTCTCGGAATGTCTCTAAATGACGATCCCAATTTCCTTCAGCATAAAAGAGAACTTGATTTCCGTGTTTCCAAATTTCTTCAACGATTGGTTTAAGGGTCGGCCAAAAAATGTTTTGAAAATGATCAAGTGATATGAGCGGCACACAACTGCGATGCATCCAGAAGCCGATGGGTACTTGTTTCTGTGGGTCGGCACTATCGAGGGCGACTTGCATAAGATGGGGCATCATCGCTTCACAAGCTTCTAATACCTTTTTAGGTTGATAACAGAGGTCATTAGCCAGTCCATAATATCCTCTTAATTTGTCGGCAAGGATATCTAGAGGAGCCTTAAGAATGCCGCAGATCGCCGACACAGTTCCACATTCGGTTCGCAAAGATTGGGCAAGATTCCCTAGAACGCTAAAATACTCGGTCATAGCCATGCCGCCCTTAAGAAGGGCCAAGTTATGGCGCTCACTAATCGGTTGACCGGGGCGTTGGATATCATTAGAAACGCGAGGCAACCAAACATTAAATAAATATCCAGTCGGATCGGAAATCAATAAATCATAGTCTTCGGGGGGCATGAAAGCTTTTTCTTCGGGAGGTTCTTTATACTGGAAGCCTACTTGGGGTGGTAAATCAATCCCAGGAATACCATAATAAGTAAGTCCTATTGCCTGCACTAAGCCTGTCCAACAATAGATCATGTTGGCAGGGATTGCATCCCAGTCAAAATCACGAGCGCATTTCAAATAAGCTTTTACTGCATAGCGATAATCATGAGTTGCTTGCTGGGCGGTATAACCAGCATATTGAGAAGCGAATTCAGCAACAAAAGGACGGATGGGAATCATGTCCGGTTTGCCGTTTTTCATAGTAGTAATATATCTCTTAAGTCGGCTTTGATAAAGTTCTTCGGTGGTCATTGAAACTCCTCCTTGTAAAATAGATCCTGCTCCTCCATTTTATCATTCTTCCTAATACCCTCAAAAAATAATAAAAATTCCCCAAGCATATGAATTAAAACGAGCTTCCAGCAAAAATAAGAAAAGAAAGTAATTAGTAAGAGGAAAAGAAATAAAAAAATAAAACAATAAATAAAAAGAATAGAAGAATAATCCAACCGATGCCAACCAAAAGGTCAAGGCGTAAGTCAGTGCTTTTGTGTTGAGGTCGACATCGGTTAGTTTGGGTAGATTTAATCTAATCCTACGTATTCATACATGGTATTTCCGGCATGACTGAAATCCAACTCCTTGCCTTTGCCTTCTTTAAGCGCGACTCGGCAGAGGTCAATGGCGCCATCCAATAAAAAACCAGGAATATTTAGGTCATCACACAGTTTTTTCATATAATTTAAATCTTTAAGTCCGAGTTCAAGAGCAAAGTCCATATGATAATTCTTTTTTATGTATTTTTCGCTATAAAACTGGAAGACCCAGTTAGAAAAAACTTCATTGTTAAGGGATTTATAAAGTTCCTGGGGATTAATACCGTATTTGGCAATAATTGGATAGAGCTGGGCATAGATAAGCGCTTGAGAAAGCCCAGCAAAATTTTGAGCAATTTTAATTAAGTGTCCGTTGCCCGATGGCCCCACATAGTCGTAATGCTTACAGTAGCAGCGGAGAAGGTCATCAACTTTGTCAATATCTTCTTTGTCTCCAGCAGCGACAGCAATTAATTCTCCCCTGTCAGCTTCGGCGGGACCGGCGATTAAGGGAGAATCAACTAAGCCTCCTCCGGCAGCTTTAATTTTGGCATGGAGTGAACGAGTCGACATGGGATAGCTGGTTGATGTATCGACAAATATCTTCCCCCGGACTCCCTCGTTGAGGAATTCATTCATAATTTTTTCAACGACGGTAGAGTTAGGAAGAGAGAGAAAAATAACTTCGCTATTTTTTAAGACTTCCAAAGGAGAAGGAGCTAATGTAGCCTTTCCTTTAAAGAGTTGCATAGCATCCTGATTGACGTCAAAAACGGTTAATTGGTTTCCCTTCAGAATCAAATTCTTACACATACCCTTCCCCATATTACCTAATCCAATAAAACCAACTTTTCTCATTGTATTCTGATCCTCCTTTTAATAAATTAGACATAGCAAAAAAATTAACCTTTATTGCTTCTATTATATGTCACCGGAGATAAAGGTAAAACCATAATGAATCGGGCTGTGTTCAGTAAAGTTGAGGCACGCTCCATGCGATTATCAAAAAAAGTGAACGGAAATCTCCCATTAAATTAATAAAATATTATTTCCACTGATGTTCATTTCCCCAAATTTTGCAGTTTAAAAACGAGGGCATCATGTAGGAATATACCGCTCAGGGTAAAACGATATTGTCCAAAAAGAGATCATTTCAACCTCAAAAAGCGAAATCTGGTAAATTCGGCAAAAATTTCTGATTTTAAGCGCTGAGAAGCTTTTAATGATATCTATTGGAATGCCTTTTGGGAAAAAAGTGGTATCACCTGTCTATAATTTTTTTCGGTTATGCCTTTTTTTTCAAAATGAACCAATTAAAGTAAGCCTGGTAGCTCAGATTTCGATATATTGTGACAATTTCCGGCAAATGACTCACCTCGCTGATTACGAGGAAGTGAAAATAAGAGCGCCGGACTCGGAGATTTTTGCAGGTTTTTGTTTGAAAGTCGATAAGAAGAAAATCGCTCTATAAAGCTAATGGTGGAGATGACGGGATTCGAACCCGTGGCCTCCGGCTTGCAAAGCCGGCGCTCTCCCAGCTGAGCTACATCCCCGTTCATTGAAGACTAAAAAGAATGGGGCGGATTGAGGTCCGCCCCATAAGGTACTCCGCCTACTCCCAACAGTTCTCCTTAGAAAGGAGGTGATCCAGCCGCAGGTTCCCCTACGGCTACCTTGTTACGACTTCACCCCAATCACCGACCCTACCTTCGGCACCTGCCTCCCTTGCGGGTTAGCTCAGTGACTTCAGGTAAAATCGACTTTCGTGGTGTGACGGGCGGTGTGTACAAGGCCCGGGAACGCATTCACCGCGCCGTAGCTGATACGCGATTACTAGCGATTCCGCGTTCATGCAGGCGAGTTGCAGCCTGCAATCCCAACTGGGGCCAGCTTTTTGGGATTGGCTCCCCCTCGCGGGTTCGCAACCCTCTGTACTGGCCATTGTAGCACGTGTGTCGCCCAGGACATAAGGGCCATGCGGATTTGACGTCATCCCCACCTTCCTCCGGTTTGTCACCGGCAGTCCCCTTAGAGTGCTCAAGCATAACCTGGTCGCAACTAAGGGTAAGGGTTGCGCTCGTTGCGGGACTTAACCCAACATCTCACGACACGAGCTGACGACAACCATGCAGCACCTGTGCTGGCTCCCTCGGAAAACCGAAGGTCGTCACCCTTTCAGGCTTCTACCACCAGCATGTCAAAC
CP065383.1_gap16	877014	881415	4401	ATCTTCATGACTGGTAAGATAAACCATTTGAGAAGATGGTGAATGGTAAGGCTTATTGTCATCAAAAATCAATTGATATTGAAGATGGTTCTGTGAGGACATAAGAAAGTCTTGAATATAGGATTCATTGCGATGGACAATAAAAACCGGCGATTGATAACCAGACAGGAGGGATTGAAGTTTTTTCGACACCAGTTCCCAGTGAATGATAATCGGAACTGGATGAAAATAATTAGGAAATTTGGTTAGGGCGCAATTCCAAGTTATAAGAAAAGGTGTTTCTTGAAATTCGATATTTTTACACTTTTGAAAAAAAACATCGGTTAATTCTTCGGAAAAATCCATTATGATGATGATTCGAGCTAGGCTCATTTTTGAATTAATGTTTTTTTCGAGTTCGCCAGGATGTTTGGAATAGAGATTGATGGTTTGAAGCTGCGAAACCGATAATATTCTTTTTAAATGAATTTCAAAAAAAGCCGGGAAGTAACGCTCAGGCTGAGCAGCAAAAAGCCAGACTGCCGGTCCCTCTTCAATAGAACAAGAGGGACCGGAGGAAAAAAGGAGGATAACTAATACTACAATGCATTTTAATAAATTTCTTTCCATAGCTAAAATTTACGACGGTTGTATAAAATTTGATTCAGCAGGACGCTTCCCACCAAAACCAAACCAAGAGAGCCCAACTGCCAGATCTGGTGAATTCCTGCGAGCTGCATTCCATTATAGAGCATGGTGATGATGGCGATACTTAATACCACCCCGCCGGCTGTCCCTTCTCCGCCCTTGATGCTGACACCTCCTAATACAGCTATGGTGATGGCTTGGAGTTCATAGCCCGTACCAATATCAGGGCGAGCACTGGCAATCCGCGAGGTTATTACCCAACCAGCTAAGGCGCTCAGGAGGCCGGAAAGAGTGTAAACGATAACTCGAATTTTTTTGACGTTAATCCCAGAAAATATCGCCGCTGTTTCATTGCTCCCCACACCATAGAGATGTCTTCCAAGCACGGTTCGATTCATGAGGAACATGAGGATTAAAACCACTGGGATAAAAATGAACAGCACCTGAAAGGGTAAGCCGCCGATGCGATGTTGTCCGATATAATAGAAAGACTCAGGAAAGTTGGAAACTGGCATCGGATTAGGGCCAAAACGAGGATCAACCGAAATAATCATGGCTAATGATTTGTAGACGTAAAGGCTGGCAAGAGTGACTATAAAAGGAGGGATCTTGGGATAAGCAACCAGGAAACCATTGGCATATCCCATCGCACTGCCGGCGATAAGTCCAATGATGATGGCAAAAGACGGGCTAAAACCAGCTCGGCCGATAAGAACTCCAATAATCATAGCGACAATGGTCAGCATGGAACCAACGGAAAGGTCAATGCCGGCACCTCCCGATAGGATAACCAGCATTTCTGCTAAGGCTAATAGCCCCAGCTCCACACCGTATTGGGTCATATTGGTGAGATTATAGAAAGTAAAGAAACCTTTTACGGAAAAAGCAAACACCCCAAAGAGGATGAGGAATAATACCAAAAGAAAAAGTACCCGATTTTCAACAATGTGACTACCTATGTTTTTCATAGCGATTCTCCCCTGGATCGGACGAGGTCAATCATAACCGAAATCAAAATCAGTACTCCAATAACCAAACCTTCGCTGAGGGCGGGAACATTCATGAGAACCATCCCATTTTTAATGATTCCTACCAAAACTGCCCCCAGTAAGCTCCCAATCGCCGTTCCTTTTCCTCCAAAGACACTGGTGCCACCCAACATTACTGCCGCGATGACTTCGAGTTCGAAACCAGAACCAGTATTGGTTTGTACAATTCCGGTGCGGGCTACGTAAATGAGCCCGGCAAAACCAACCAAAAGACCAGTTAGGGAATAGACAATTATGATGGTTCGTGAGAGGCTTACACCAGAAACTCGGGCAGCTTCAGGATTGTTTCCAATGGCATAAATTGCCCGTCCGGTTGGTCGGGAACTGAGAAAATAGCTGAAAAGGATGATCAAGACAGCGGTAATCCACATTGACAAGGGGATACCCAGCCATTTTCCTAAGCCAATGATCCGTATATCAGGTGGAATTCCCGAGACCCACCGACCACCAAGCACTTGATACATTAAAGCTCGCATCATGCTCATCATCCCTAAGGTGACAATTATGGGCGGGACATTCCCATAAGAGATGATGATCCCATTGAGAATACCAATCCCAAAACCGGTAGCAATTGCCGAAAGGATAACGATAATAAAGGATGAACCAGCCATGAGAAGTTTTCCGGCAACCACTGAAGCCATACCTAAGATTGAACCCACCGAAACATCGATACCACCGGTAATGATGACCATAGTCATTCCAATAGCCGATATGGCGACTCCGGAAAGCTGTAAGAGCAAATTGGAAAGGTTACTGACTGACATAAATTTCTCAGTACCCAGAGAAAAAATGACCATTAATACCACGATAAGACCCAAAACTGTAAATTCTCTGCGTTTCATTATAATTTGGAGGTTCGCAGTCATAGGTTTTTCTCCTCAATTGATAAGCCCTTGGTTTTCAACATTCTCTCTCCAGTTGCGGCACGAATCAGGTTTTCTGAGGTGATATCTTGATCTTCAAAAGCCCCGGTGATACGACCTTCATGCATAACAATCACTCGGTCAGCTAGTTTCAGGATTTCAGGAAGTTCACTGGAGATGATGATCACTGCGATCCCTTTCTCAGCTAAAGAAGCAATCATATGGTGGATTTCTGATTTAGAGGCAACATCTACTCCCCGAGTGGGTTCATCGAGCATGAGAATTTGTGGGTTTACCCCCAACCACTTGGCTAAGACTACTTTTTGCTGGTTGCCCCCGCTAAGGCTAAAGACTTTTGAATCAAGGCTAGGAGTCTTAATGGCCAGCTCTTTCACATACTTCTTTCCCAGCTCTTTTTCTTGTTGGTTATGAACAATACCCATTCTTGAAGAAATTTCTTTGAGCACGGTTACGCTCATATTAAAAGCGGTACTTAAAATGGGAAAAAGACCTTGGGCTTTTCGATCTTCAGGAAGATAGGCAATTCCATTGGCCATAGCCTCCTCAGAAGAAGAAAAGCTTACCTTTTTCCCTTGGTAAATAATCTCACCACTGTCGGGCTTAATCAGTCCGAAGAGGGTTTGAGCGATGTCAGTTCGCCCTGATCCAACCAACCCAGAAAAACCTAAAATTTCTCCAGGGTAAACATCAAAATGAATATCGTAATAGCGACCTTTCCGGGTAAGGTTTTTGAGGGTGAGTACCGGTTTTTCTCCTTTTTTTCCCAGATGATTGATTTCTTCCACCAACAATCGTCCGGCCATGAGTTCGATTATTTTATTACGATTAATTTCACCGATGGGATATTCACCAACCACTTCACCATCTCGCATAATAGTAACCCGATCAGCAATACGGAATATTTCTTCTAAGCGATGGCTAATGTAGATAATGCCAACCTTTCTCTCCTTTAATTTCTGAATAATTTCAAAAAGTCTTTCGGTTTCATGTTCGGTCAGGATCGCGGTTGGTTCGTCAAAGATAATCAGCTTGGCTTCGTAAACCAAGGCTTTGGCGATGAGTGCCAACTGTTGCAGCCCAACACTGAGGTCTCGCATGGGTTGTTTAATAAAATGAGGAGATATTTGAAGGGATTCAAATAACGATCGAGCCTTTTTTTCTTCTTCAGCCCAATCGATATTACCTCTCCGGGTTTTTATTTCCCGGCCTAAGAAAATATTTTCTAAGACACTCAATTCTCTATAAATGAGTGGTTCTTGATAGACAGTAGATATGCCTATATCTTGAGCTTTTCTTGGAGAACCAATGATAACTGGTTTTTCAAGATAGAAGATTTCGCCTCGATCCTGAGATAGGGCTCCAGAAATAATTTTTATGAGAGTTGATTTCCCTGCTCCATTTTCGCCAACCAAGGCATGAACTTCCCCAGGATTTAAAGAAAAATTAACTTTTTTTAAGGCATGAACTCCTCCAAAAGATTTTTCTATTCCACGACATTCGAGAATGGTATCCATGGTGAGCTCCTAACTCTTGACCCTCCCTATAGAGGTTAGGGAATAATTGGTACAAAACTAATACTTACCATTTAAGAATATTTTAAAAACAACGTATATATTCAACTTCATGTATAAAATATTATAGATAAATAAAGAAAAAGGCGTCCCGAAGGACGCCTTAGAGAAAATTTTTAGAAATTGAATTGATCGACATTGCTGGCGTCGAAAACCTTAGGAGGACCAAGAACCAGCATTTTGTCTTGTGCTAAAAATACCGGTTTGGTTTCTATCCCTGAAACATCATATTCTTTCCCATCTTCGAAAGTATTTTTATCCAGCAGGTAT
CP065383.1_gap17	926466	930759	4293	TAAAAAGGCAGCAGAAATTGTTGGGCCACAAGTGATGTTAATGGGCAATCTGAGCCCCATAGAAATGCTTACTGCCAACCCCAACGAGGTTTACATCCAAACCATGAAAATTTTAGAGAATACGAAAAACCATCCACCCTTTGTTCTCAGCACAGGATGCGATCTTCCTCAGGATGTTCCTTTTGAAAATATTGATGCCTTTATCAAAGCAGGAAAAGACTGGAGACAAGAACCCATTTTAAAGAAAGTAAAAGCCAATTAGAGGGCTTTTTTGATATTAATGAGGAAGATCAATAAGAGAGTCAAGCCGGTGAGAAAATTCATTATCATTCCGAGACGAGAATTAAGAATTCCATGCCAGGAAGGTAAATGGGAAGGGAAATAAACCCCTTTCCATTTACTATAGTAGCGAAACGCAACTTCGACATCTGGAAGAGTTGAAAAAAGAACTGACCAGACAAAAACAAAAGGAAGAGAAAAAACCTTCAGGCAAAAAAGTGAGATAGTAGCCGCAATTATAATGTCAATTATCACTTGACTGACGGTTGTCAAGTCTCGATGAGGAATTGCATCGAGGAGGATGTGCCCTCCTAACCCTCCTAAAAGCAAAAAAATAATATTATGAGTTTGAGTTGCTAATGTTAAACCCCAAAGACTATGAACGATGATCAGCATATTTCGTCCTAAAAATTTAGTGAATAGCGAGTCGTGAATGGTAAAAATTCCACCCTCGTCTTCACCTTTTCCCATCAAGGGGAAAGGCCCTATTTGATTCTTTTAATTGGTTTTTCCCCTCGCCCCTCCGTAAAAGAGGGACAGGGCGAGGGGAAACTCATTTTCATCCTTATTGAAAGTCACTTCCAAGTACCTGAATCTATTCTGATGTTATGCCTTCCCGATTGATAGAGAAGATTCCATACATTCTCGAGCAGCAGCTTTTAGACTAGGAGAAATATCTCGGAATATTTTAGGTAAAAAGAGCTCATCAGGATGCAAATCAGTATACTCACGAATACTTTTTAAGAAAGCCACACGCAATGTAGTGCTAAAGTTGATTTTTCTCACGCCAGCGTGAACTGCTTGTTGAAGCTGATTAACGGGAGTTCCGCTTCCACCATGAATGACTAAGGGTATATGCGCTTGTTTTTTTATTTCTCGTATACGATCAAATTGGAGTCGAGGAACCATACCATTATAAAGTCCGTGACGGGTTCCGACGGCAACCGCTAACATATCAACACCAGTTTTATTAGCGAAAAAAGCAGCTTCTTCTGGAAGGGTGAAGAAATCATCAGATTCCGGATTCACTTCCCACTGTTCATCTCCTTCCAGGCCCCCTACTCGGCCAATTTCTCCTTCAACCATGACATCGGCAAGGTGAGAAATTTCAACCACTTTTTTGGTAATCTCTATATTTTTCTCAATTGGGTGTCTTGACCCATCGATCATGACCGAAGAAAAGCGATTGAGTATAGCATCCATGACTTCCTTGATTTCATGACTGTGATCAAGATGGAGAGAAAATGGAACCGAAAATTTTCGAGAAAGGGCATGGAGGGCTTCAGAAAGGGCAGCTATATCTAAAAAATAATGTTCTACCGGAGCGAACTGAATCATGACTGGTGAACGTAATTCTTCCGCCTCTTCCAATATCCAAGTCATGAATTCTAAATGGGGAGAATTAAAAGCAGGAAGTGCAAATTCCTTTTTTTCCGCTAATTCAATAAGATATTTCGTTGAAACCAGTGACAATTGTGATTACTCCTTCCTTTTAAGAGAAAAAATATAGTATTTTTGCAAACGGATATATAATACGAAGATAGAGAGAAAAATACAAGTCAATTGTTAAAAAATAAAATTGAGCGGGATTAAAGGTTCAAACCCCGCTCTCAGTGGTTTTATTAGGGGGCCAGGGTGAGAATTTTTCTTGCTTGTTCTGGATAGGAGGCTATAAATAACAACTCTTCTTCAACCAAGGGCTTTTGCTTTTCAACATTAGCAAATCGAGTTAGCTCGAGAATCTTCCTCGCTTCTTCCTCGTTTTTAAATTCAACTGCCAAATTATCATAAACATTGCGAAAACCACGAATACCGCTATATTCACCTACAACAATTTGACGACCAGTTTCAATCAATTCCGGCTCTCCACGCCCTAATTCTTCATAATCATAAAGTTCATAATTTTTCCGATCTTTGATGACTCCATCAGCATGGATCCCAGAAGCATGGGCAAAAGCATTAGCCCCAACTCCTGGTTGAGTTATTGGGATGGGAACCTTAAATGCATATGAAGCGTATTTACAAGTTTTCCAAGCGGCTTTGAGGTTTACATTTTCAAGAAATGAGTAATTCTCATTGTCAAAATAGTTAGCATATTTAATCGCCAAAATGACAGTAATTAGATCGGCATTGCCAGCTCTCTCTCCTATTCCATTAATAGTTGTGTTAATATAGACATCACATTCAGCATCTATTGCTGCTTTGGCTCCACTAATCGAATTGGCGACCGCCATTCCCAAATCGTTGTGACAATGAAGTTCGATAGGCATTTTAGAGGCCTCGGCAATTTTGAGAATTCTATCATAAATACTAAAAGGGCTATCATAACCAAGAGTGTCACAATAACGAAATCTCTCAGCCCCGGCTTCTTTTCCAGCTATGGCAAAATCGATAAGAAATTCAACATCGGTTCGGGAGGCATCTTCAGCATTCACTCCTACCCCGATAGCACCTAATTGTATTGCAGTTTGTGCAGCTTCAGTCATAGAATGAATAATATCATCACGAGTCATTCGACCTTGAAATTTTCCGGAAAGCATTTGATCCGATGTAGAAATGGATAGGTTGAGATATTTTAACTTTGGGACGAGTTGGTATGCCGTTTCGACATCTGCCTTTATTGCCCTCATCCATCCGCTCAAACGGATAGGAGTCAGAACTCCCATTTCGGCTAATTCAAGATTGGCATTCAAATAATTGGTTTCATGATGGGTGGTTGGGAAACCAAATTCGCTTTGGGTAACACCCATCTCATTGAGATACATATTAACTATAGTTTTTTCTATTTTAGCTAATCCTAAATGTGCAGTTTGCACCCCATCACGATTCGTTACATCAATTAAAAAGATTTTTGGCATGTCGAACGATACCCCCTTTATGAAATGTTTTGTAAAAAATTTTTCAGTTGAACCATTCCTTTTTCTATATTTTGCTCAGAAGTAGCATAAGAAAAACGTAGATATCCTTCCATTCCAAAAGCGCTGCCAGGTACAGCAGCAATAAGTGCTTTTTCTAGAAGGATCTCGGCAAGCTGAAGCGAAGTGTCTATTCGTTGGTTCTCAAATTTTTTCCCAATATAAGGAGAAAAGTCAGCGAAAACATAAAATGCACCTTGAGGAATTGGAAAAGTAACATCAGGAATTTTATTTAAGAGTTGCGTCATTAGTAATCTTCTTTGGTTGAAGGCATTTACCATATTTTGAATGATTTGCTGATCACACTGCAAGGCAGCAAGGGTAGCCTTTTGGCTAATAGATGTTGGATTGGATGTAGAGTGGTCTTGTAAACGTCCCATGGATTGTATGGCTGCTTTTGGACCAGCCGCGTAACCAATCCTCCATCCTGTCATGGAGAAAGTTTTGGAAACACCATTAATAACGATGGTTTGCGATTGAACTTCTGGTGAAAAGGAGGCAATGCTTTTTATTTGAGCTCCATCGTATACCAAATTTTCGTAAATCTCATCGGAAATAATCATAATATTTTTTTCAACAGCAAGATCGGCTATTTTTTTCAAGATTTCAATGTCCCAGACTATTCCGCTAGGATTGGAAGGATTATTTAAAATGAATAATCGAGTTTTATCAGTTACTTTGTTGAGAATATCTTCCCAACTTATCCGGAGTGTTTTTGGTTCACAATGAATAAAAACCGGTTTCCCGCCTGCTAAACGGATTTGTTCGACATAGGTTACCCAATAGGGAACAGGAAGAAGGACTTCATCGCCTGCATCACATAGAGTGAGGATAGCATTAAAAAGTGAATGTTTGGCACCACAAGAAACAATCACTTCATCAGGATGGTAGGATAAACCATTCTCTTTGTTTAATTTACTACAAATCGCTTCTTTTAATTCGAGGGTTCCTGATGTCGGAGTATATTTGGTAAATCCCTGATCAATAGCTAATTTAGCTGCATCCTTAATACATTGGGGGGTATCAAAATCAGGTTCTCCAGCACTAAAGGATAGGACATCCAATCCGTTTTTCTTCATGGCTTTTGCTCGAGCTGATA
CP065383.1_gap18	1009283	1013262	3979	TTCATTTATATTACGCCCCTGAGTATTTCCAGGATAAAGAATAACCGGATGATGTTTTCGTATAATCGTAGGTGTATGGATATGTCCTAATGCCCAATAATCAAGTCTGGTATTGACCAGGTCGTCAATTGAACAGGGGGCATAGTTATCATGGTTGGGCATCCCTCCGACGTTACAATGAAGAATACCAATCGAGAATACTTGATTGGATGACTTTTGATACAATTTTGCCAGGTTGTTCATATTGGCTTTTTCTTGAAAACTAATTCCGTAAAGGTGGGCAATTTCTCGATGGTTTTTGATAAAAGGAATTAAACTGACTTTATCCCCAGGGAAACGGTAAATTCCTTGGGGTAAGGTAATTTCTGGTTCCCAACCCGAAAGTGGGTCATGGTTTCCATGAACTAAGTAGCACTTTATTTGAGCTTTATTAAGTTGCTTCAACATTTCTCGAAATCGAAGTTTGGCATAGAGGCTGCGATCGACACTGTCGTATATGTCTCCTGAAATGATGACAAAATCACACTTTTTTTGAATTGCAGTATTAACAACCCCTTGGAAAGCTTCAAAGGTCGCTTTACGAAGAATATCAGCTACCCAAGGTTCAACTGAGTGAATTCCTTCAAATGGACTGTCTAAATGCAAATCGGAACAATGTATAAAACGAAAGAGTGGTTGTCTTCCCATTTCCAGCCTCTTTTCTAAACATGACTTTCTCTAATGGTAAAATATTAATACAAATGGTATTCATTCAACTCGCCGGTTATCAATTTACTTTGGAATTGTTATGAAGTCAAATGACTCACTTTTTGTTAATTAATATCGTTGCTTGCGTTGTTTTACAATACTGGATGATGATGGAAAAGTTAGGGGGATTTGAGTTTTTTCCCTCTCCGTCATTCAGGCTGTGGCACAATCCCGTTCATACACTAAGAATAGCTTAAAAGTAGAGGATACAGTACATTTATCTTCAGTTTTTGGTAATCTATTTCCAATATTACTGTAAAATATCAACATAAGTGGGGGTAAATAATTTATAAAATAATTATGACACAGTCTGATTGCGAGGAGCGCAGCGACGTGGCAATCTCATCCACCTGCTCCGTCATTGCGAGGAGCGCAGCGACGTGGCAATCTCATTTAGTAATTTTTTTTAAAAAATGAAAAGATGAGATCCTCACGCCCTCGAAAAGCGAGGGCTCAGGATGACACCGGCGGGGTCAGATGAGATCTTCAAGGCTTCGAAAAACGAAGCCTCGGGATGAGAGCGTTAAGATGTTTATGGTAAATTTGTATTAACAGGATTGAAACAAATGGTATACAGGAAATTTACAATTTTTTTATTTATTTTCATAATAATCAATCAATTATCTCTAACTGCTTTTTCGGTTGAAAAAGCAGTTCGATTTTCAGCGGTGGGGGATATTCTTCTTGACCGTGGGATACGAATGATTATTGAAAAAAAGGGGCAAGATTATCCTTTAAAAGGAATAGACTTATATTTATTAAACCGAGATTTGGTGCTTGGCAACCTGGAAGGCCCTCTTTCTGAGCGGGGTGAAGCATTAAAGAAAAAGTTTATATTTCGAGGTAACCCTTCTTATGTTGCTGTGCTTGAAAAAGCAGGCATAAACCTCGTTTCTTTAGCTAACAACCATATAATGGATTATGGTAATCTTGCTTTAATAGATACTATTGATAATCTTAAAAATGCCGGATTGTATCCTTTCGGTGCTGGAGAGAATCAAGAAGAAGCCCTAAAACCGGTTATAATTTATAAAAATGGATTAACTTTATCTTTCTTTGCATTCCTTGGTTATCCTCTTCAAATCGAGAAAGTTGATCCGAAGTCTTCAGGCCCATGTCAAGTTGGATTGGATGAATTTATTTCTGCCCTTCAAGACATCCGCGATCAGGTGGACTTTATCATCGTCTCTCTCCACTGGGGGTTGGAGTATGAATCTCTCCCCCACCCCCATCAAGTCGAAATTGCTCATCAGCTTATTGATAACGGTGTTGATCTGATTATTGGACATCATCCCCATGTTATTCAAGGAATCGAAAAATATCGAGGGAAGTATATTTTATATAGCTTGGGAAATTTTCTTTTTGATCAGCATGGAGATCGAGAGAAAGAAAGCTTTATTTTTAATTGTGATTTCAAAGAAGAAGGCGTGCTATTTCCTTATATTATAATGTTTGAAATTAGCAAATGTCAGACAAAACCAGCTTCTGAAGAAAAAGCCGAAAAAATTATTGCCAAAATCCATCTGGTTTCAGACCAGGGAATAATGTTTTTTCAGGAAAATGACGATAAATATTATATTAAAGAAATAGAATAACTCCCATATTATAACTTCCTTTTTTAATAATTTGCCTTGCCAGAGATAGTTTCGATACGTATATCAATAATAGCAACCTTCTGAATATCATCAGAATCCATGGGAGCTAAATTGTCATCATGGTTGTATTTTTTGATGAAGAGCCTCAGAGCTGCTATTTTTAAATTTAAGTCATCAAGGATGCTTGCCTGACCAAAAACCAAAACACTCCAGTAATGAACTCCAAATTGACAGGGTTTTTTCCCGGGGAGAAGCTGGATGGGGTGACTAACCTCGAAACAAACTCGAGAGTTTGCCCGAATATTTTCGAGTTTTTGTCCTTGAAGTGCGGAATGGATATAGAGATGATTTTGATGAAAAACATAATTAACTGGGACCAGATAAGGCCGATTATTACTCACGGTCGCAAGATGACCATAAAAAGCTTCATTGAGGTATTTGATTGAATCATCTCGGGTAAGCCATTTCTTAGCCATAATCTATTTTCTCCTTTAAGTATTATTGGTGGGTAATTCATCTCAAAATTGTCGGCACAATACCAATTAATCTTGACTTTTTATGAAATTTGATATTTAATATTGTTACCGCAGGTTCCGAGAAATTGGAAAGCTTTAAGAACTGAGGGTTAAAGCCTGATGTTCCTACGGGGAATTGGAGAGCTCGAATTCCCTGAAGAAAAAATTAAAGTTGGAAGGTTTGTTGGAATCTGTGGTTTTTTATTTTCACCTATTTTTACCAGCCTGCAGAACTTTTTCCAAAAAAATGATGTATCGAATCATTTCATTCATATTAAAAGTAATTTGGAAATTCTGAAGGTAAGCTGGAAGATTTAAAATATCCTTTTGAAGGTCAAAAACCACATTTCCATCTTGGAAGCGAAAACGTTGGATGAATTTATCGTCAAGTACCCATTCAAAAGGAAAAAACTGAACGCAAAATTGATTGCCAACATCGTGGTAAAGCAAATCCACTGGAAGGCTTCCTTCGAAGTCACACTCAAGACAGTGAAAAACGTTAACTCTTCCCTCAAAAAGTTCTTTTTTCAATTCAGGGTTTTCTTGAGTATTAATTGATCTCCAGATCTCAACTGTTTGCGATGAGTTGCAACTGGGGCATTGAAATTCAATATGCTCACAAACCGACATTTTCTTTCTCCTTCTTCTTAAAAATTCTTCTTAGAATTACTTTTCAGACCAATTTTTTGCGATAACAATGTCTACCTCTATGGGGACTTGTTGAATATATATTTTTCCAGCCTTTATCATTGTTTCTTTCAAGAAATGGAAGATTTCTTGGGCTTTTTCTTGAGGTGATTCAAGGATAATTTCATCGTGGACAGTTCCAATGAGATGAATATCATTGCTATTTAAATAAGGAAAAGATAGAGCCAAGGCTTTTTTAATTATATCGGCAGCTGTTCCTTGTATTGGAGTATTAAAGAGTTCTGTAATCCGGGGTTTATCCTCCCACAGTCTTAATCGTCCGTTAAGGGTTCGAATTTCCTTAAGACGACTGTTACTGAGTTCTTTTTGCCAGGAAGCTATCCCTTGATATACTTCAAAAAAACGCTTACGGAAATCAATTGCCTGTTGGTCGGTCATCTCGACCCCATAAGAATTTTGAGCATAGAGCTTTAA
CP065383.1_gap19	1016546	1019690	3144	ACGGGATCAAAAATTAAAAACCACCTATGAAGAGTATTAAAATTCACTCGTCATGATTTTTGAGCTGGAATTAAAATAGAGAAGGCAACACCCTTTTCCTGATTAGCAACCGATATGGTACCACCATGGAGTTTAATGATCCTTGCAGTTATAGATAGACCGAGTCCAAACTCGCCTTTCATGCCAGGATGGAATTTCTCAAAAAGTGTTTTCATAGTCTTTTCTTCGATTGGAGGTCCATCATTTCCAACCTGGATGAGAATTTGGGAGTTGGGCTGAGCCTTGAGTGAAATTGATATGGTATTATGAGCATATCGGACTTGATTATCCAATAAATTTTCCAGGGCCACAGTCCACTGTTCATAATCACCGGAATAGTTCGTATCCTCAAGATCAGTAATCCACTTGATATCCTTTCTTCTTACTTGGAAACGGTTCATGACATCTATGATCAGTTCATCAAGTCGATACTGGTCTTGAGATTGATTAATAGTGTTAAGGACGTCAAGTTTAGTTAGATATAAAAGATCCCGATTTCTTTTTTGTAAACGCTCAGCTTCTTGGTCGATTACTAAAACCGAAGCCTCCAGATTTCCTTTAGGAAAGATTCCATCAAGAATTGACTGAGCGTAGCTCCTTATGACCATTACCGGAGTTTTGAGGGCGTGGGAAATGTTTTGCAAGGAATTTTGTTGTATCTCATTTTGTCTAATTAAACGATTTCTTAAAACATCGATTGACTTCGCCAGGCGACCAATTTCATCCTCTCGTTGAATGACGACTGGCTCTTCCCAGTTTTGTTTGGCTATTTGACTGACATGTTTTTCCAAAAAAACCAAAGGTTTAGTGAGATATTGGGCTAATATAATGGCCGGAATCCAGCTTAGAACAAATACCATCCCCATCACCCAAGAAAGCTGACGGAACAGGGTACGGACCAAGTTTTGGCGATAACTATCCCACATATAGGAAAGTAAATAAAAATTACCCGTTGGTGAGGAAATTCGGCGTATTACGTAAAACATGCGGTTTCCTCTTATGACTTCTTGATATCGTTGTAAATCCATTTCTTGTGATTGAGCTATTTTTATAAAGTTTTCTAATACCGATCTTGGTAGTGGATTGGGCGGGAATATTTGTTTATCGTTGTTAAACAAAAGGTGTCGTACCGTTCGAATGTTTTGGTCGGCTTCATCATTTACAATAGGAGGTAAATTTCTGGGAAATTGCCAAATTTCTCCTGATTGAAAAGTATCCTGACCGTTCTCAATGTTGGCATAAATTTCATTAATAAAAAAACGATCCAATGAAAAAGGAATAATTAAAAGCAAAGCTACTGTTACAACAATGATTAAAAGGGCAAAAATCAACCAAATTTGAATGGCGAGTGGCAGGTTTTTCATCATCATGATGATACCAATCGATAACCGAATCCGTATATTGTTTCAATTCGGATTTCAGGGGTTTTTTTGCGAAGGCGCCGCAGTAAGTCATCAACAACTCGATCGGTTCCGTAATAATCAATCCCCCAAACCTGCTCAATGATTTGCTCACGAGTAAAAGCCTTTCCAGGATTTTCGGCAAAAATACACAGGAGATCAAATTCCTTCGAAGTCAACTCGATGAGTTGTTTTTCTTTATGAACGCTTCTGGTGTCAGTATTAATGGTATAAGGAGGGAGATGGATATAGTTTTCTGATGTTGCATTGAGGCTTTTTTCATAAGTTCTTTCTAAAATTTTTCGACATCGAATCACCAATTCCCGAGGAAGAAAAGGCTTGGGAAGGTAATCATCGCTCCCCATTTCTAACCCAACTATTCGGTCAAGATCGGCATCGCGAGCAGAAATGAAAATAACCGGTATATCCGGGGAAAAAGCTTTGATTTCTCGAATAATTTGATAGCCGTCGATATCAGGTAACATAATATCCAGTATCCACAGGTGAGGTTTTTTGGTGATATTATTATGGGCTTCGCTTCCGTTAAGAAATGAATAGACTTCCCATCCCTCTTTTTTTAGGTAGGAAGTTAAAAGTTGGTTCAGATTTTCTTCATCTTCGACTAAATAAATAATATACTTCATGTTGACATCCATTTCCTTTTTGGTTTTAAATCCTTAAAGTTCTAACTGATAATTCTTGCTGATTAAATTATGGCATTCCTTATTCTGTTGGTTGTTCCTGAGAAGCTGGTTTTGATCCGTCATAAGGGAATGCCTTCATCCGTTCTTCAAGAGACATTCCTAAAGAATTATAAAATTTCGACATGGCTACATTGTAATCAAAAACCGCTTGTAAATAGGCATTTTCGGCTTCATAGGCATCATTTCGAGCATCGATGAGTTCGATGCTGGTAATGGCTCCGGCATCGAAACGAGCTTCAGCGATTTTAAGATATTCGTTAGCTTTGGTTAAATTCTTTTCTTGCAAAGGAACATTGCGTTCGGTAGTTTTTAACGATTCGTAATTTTGCTGTAATTCGATAAGTATGTTATTTTGAATGCTTTTTAGGCTTACTTTCGAAATTTCTAAATCAACTTGTGATTTCTTTTGGTTAAGAAGAGGAGTATAGTCATTGGTATTAACTTGGACTTCCTTGGTTTTTAAAGCAACTTCATCTTCGGCTTTTTTTATCTCTAAACGGTGGGTTAGGGCGTAGTCTGTGCTTTGTTTCAAATCAACGACTGAGGGATTAAATGTCAACTCACTGGTTAATTCAACCGGAATGTTTAAATCTCTTCCTAAAAGCTGGTTAAAATTCATTTTGGCAATTTGTAAATTACTTTCTGCATTCAAGCGATCGGATTGAGCTTTTGACAATTCATATTCCGCCGAGATGACATCAATTTGGGCAACCATTCCTAATGAATATTTAGCTCTTACATTTTCTAATTGTTTTTGAGAACGGTTAATGTTTTCTTGAGCTAAGGCAACCAACCTTTGGAGTTTGAGGATATTGTAATAAGCTTCTTCTACGACTTGTACCTGACTGGAACGAGTGATTTCATAGTTGCGTTGAGCAACCAAAAGTGCGGTTTGATTGGATAGCTCGCTTAAAATAGATGGATTTAGAAGTAAATCTGCTTTGGTTTGTTGATAGGTCAATTCACTCTTTTTTAGCTCAAATAGAGCTTTTTTCATATCA
CP065383.1_gap20	1030548	1032570	2022	CCGAAGACTGGAAGACTGTGATGAATTCATAGCTGGTGATTTAACCAGACTTCGTGAAATACTCCATCCGGATAAATTAGGAATTGATATCCATTATAGCCTTGCCCATGCTACTCTTCCGCCCGGGCGCGCATCTCAGCCTCATTACCTCTATTCATCTGAGGTATATTATATTTTATCTGGTAAAGGGATTATGCACATAAATAGTCAAAACGAGCAGGTGGAGGAGGGTTCGACCATTTTCATTCCGCCAAAATCCATACAGTACATTGAAAACACCGGGAGCCAAGACTTGGTATTTCTTTGTATTGTTGATCCAGCCTGGAAAAAAGAAGATGAAATTGTTCTTTGATTACGAGAGATAAGTTCGAGTTAAGATTTATACTCTAACATACGCTGAATGCTTCGTTCGGCTCGCTGGCGAATCGTCTCGGGTAGGTTAATCTCCCCGTAACCAATACGGAGAGAATAAAGGACCTTTTCCAGAGTTATTTTTTTCATGTCGGGACAAATGGCCTGTGCTGAAGCTGGATAAAAGTTTTTCTCAGGATTTTCTTTACGAAGACGATAGAGTATGCCAGCCTCAGTCCCAATGATAAATTCGCTTTTTTTGGATTGACCAATAAATCGCGACATTCCTTCAGTTGATTGAACCTCATCAGCTAAATCAATCACTTCAGGAAGACATTCAGGGTGAACAACAACCAACGCATCGGGATGGAGTTTTTTTTGAAAATGGACATGTTCAGGAAGAATATGAGCGTGAATTGGACAATCGCCATCCCAGAGTATAAATTGACGCCCAGTTTTTCTCGAAACATAATTGGCTAAATTTTTATCAGGAATAAAAATAATTTCTTTGGCATCTTTTAATCCATCAGTAACGATCTTTAGGGCGTTGGCCGATGTACAGCAAATGTCACATTCAGCCTTAACATCTGCAGTTGTATTCACATAGGCAAGCACCGTTGCTTTGGGATGTTCTGATTTAAGCTTTTTAACTTCTTGAACGGTAATGGTATCTGCCATTGGGCAACCAGCATTTTTCTCGGGAAGGAGCACAACTTTATTCGGAGAAAGAATTTTGGCGGTTTCTGCCATAAAACGAACACCACAAAAAACGATGATATCAGCATCAGTTTGGCTGGCTTCGATGCTCAAACCCAAAGAATCCCCTAAAAAATCCGCAATATCCTGTATGTCTGGGGGTTGATAGTTGTGAACTAAAATAATTGCATTTTTCATTTTTTTTAATTCTTGAATTTGTTGGATGATCGCATTCATCGCAAAACCTCCTTAATGATTCCTCCTCCGATTGCGATTCCTTCACGAGTGTACCATACAACTGATTGGCCAGGGGTTATATTTTCCAATTTATCATAAAAAATGACCTTTATTTCATGGTTTATTTTTTCTAACATGCACTGATGTTCTTTCTGGGAATAACGCGTAACAGCAAAAATTTCCTGGTCAGGGATTCCATCGACTAAATAATTCACCTGAGTAGCGATCAGAGCCATGGCTTGTAAATCTTTTTTTTCACCAACTATTACGGCATTTCGAGAAAGATCGATATCGACAACATAAAGAGGATGCGAATTACTGAGTCCTAATCCTTTTCTTTGGCCGATAGTATATAGATATATTCCATCGTGGTGTCCAAGCACTTTTCCTTGGAGATTAACGATTGGACCTGATAAATCCAGATGAGAACGGTTTTTAAGGAAATCACCATAACCACCCTGAGGAAGAAAACAAATATCCTGGCTCTCGGATTTTTCATCCATTTGTAAATCAAGTTGATCAGAAAGAGATTTAACCTCTTCTTTGGTGAGATGAGCTAATGGGAAAAGAATTCTATCAAGGGTTTCCCGAGGGATGCCGTATAAAAAATAAGTTTGATCTTTTGAACGGTCCCGGGGTTTCCGTAAAAAAAATTGATTGTTGATAAAATCAATTTGAGCATAGTGTCCGGTGGCAAAATAGTCAAAACCGTTTTTCATGGCATAATTAAACAGAAAA
CP065383.1_gap21	1117054	1118497	1443	AAATATTCTTTATTTTAAGGCAGTTATCGATCTTGCATCAGATTTTAATACATCAACTATAGTTGTTGGTGGGGGTGGTTCAAGGTCTATAAAAGCTGATCAGACGAGGAGCGAAGTTGAAGATAATTTTGAAAAAATGTTAAGTGAAGTTGCTGATTATGCTTCTGAAAAAAAGGTAACTCTTTGTTTAGAAGCGCTAAACAGATATGAAACTAATTTCTTAAAAACATTGAAAGAATGTAGTGATATTTCATCAAGAATAAAATCACCATATGTAAAAATTATGGGTGATACATATCATATGAATATAGAAGAAGTATCAATAGAAAAAGCAATAATTGAATCAAAAAATGATCTGGTTCATTTACATTTTGCTGATTCCAATAGAATGTCTCCAGGCGAAGGGCATATTAACTTTTTGGAGGTACTTAAAGCTTTAAAAACAATAAAATTTGATGGCTATTGTGCTTTTGAAATATTTGCATTAACACCTGAAAAATTATGTTTTGATTCATTTGAAGAAGCTGATAAACATATGGTTCTAGGAAAGAAATATATAGATAATTTAGTTACATCAATATAAAAAGGATTATGCAGAGATGAATAACAAAAAGTTTAAAGTTGGTATCGTAGGTTGTGGGACGATTGCACCTTACCATGTTGAAGCTTTTCAAACATTAGAAAATGTTGAGGTTGTTGGTGTTTCTGATGTTAATGAGATGAAGGCTAAAGAACTCTGTAGTAAATATAATATTAATTTTTGGACCACTGATTACAGAAAATTACATGATTTAAACTTAGATGTAATTAGCATATGTGTACCCTCTGGTCTACATTATGAAGTTTCAATTGATGCTATGAAAAAGAAGAAGCATGTCATTGTAGAAAAGCCTTTAGCAATTAATCTTAAACAAGCAGATGAAATGATATTAACATCTGGAAAAGAAGGAGTGAAGTTAGCAACTATTTTTGATCATAGATTTGACTTACCAAGCAGAATGATTAAAGATGCGCTAAATAAAGATCTCTTTGGGAAATTAATTTTAGTTGATGCCCACATTAAATGGTATAGAACGCAAGATTATTATGCAAATGGATGGAGGGGTACTTGGAATCTGGATGGGGGTGGAATTTTAGCAAATCAAGCTATTCATTGGTTGGACTTGATTCAATGGTTTGCTGGACCATTAAAAAGTGTGTATGGAAAAATAAAAACATTTACGCATGAAATAGAAGCAGCCGATACAGCGATTGCTATCCTCGAGTTCTTTAATGGATCTTTAGGGGTAATTGAAGCTAGTACTTCTATTTATCCAGGCAGGCAAAAAGGCGGTTTTGTTTATAATAACTTACCAGAAAGTATTGGGATATATGGAGAAAAGGGGAGTGTAGTTGTTGAAGGTTCAAAAAATATTAAACTATGGGAATTTGCAGAGAATGGAA
CP065383.1_gap22	1123031	1127160	4129	GTATATAGAAGCAAATAATTAGTAATAGATTTGGCTAAGAAATATCTATATCAAAAAGGCAATTTTCTTTAAGAAAATTGCCTTTTTGATATATGGCAAAACATTAAAATAGTAAATGATAAGCTATACAGCAGTGAGTTGCCTGATAATAAGAGGAATTTTTTCTAACTCCCCATAAAAGTCGTCCACTCTTTTAGATGGTACGCATTATAAATAAATTTGAGGGGAGAAAAAAAGAAAGAGCGTTCACAATGATTGGAGTGTATCTGTCAACTCTAATATCCAGCATTTGGCAAAATAAAACTCCAGCACCTTGCATAAGATTAATAGTTTAGACTTGAATGTTCCAAACGATAAATCTTTCCATTAAATACCAAAAGATGACAGCAATGGACCAACTGGCGAAGATTAGGACTGGTGTCACGTCATCTATGAATTTCCCATTCATTTTGCTGTATTGTTTTGCTATAAACTAGTAAATTAACCCAAACTGAGTAATATTTTGGGATAGACCCACTCGTATACTCAAAAAGGTCCACCATGAGTATCAAATAGGCCCACCTTGGTCATGGAGAGATCCACCTGACATATAATGAGGAAATACACTGTAAAGTGTAAATCTTCATTAGGAGGCTGATCAAATAAATGATCAAGTATCGAGAAATTCTTCGGCTTCACAGCCAAGGTGTGAGTCAACGTGGCATTGCTGCCAGTTGCCAGTGCTCACGGACCACAATCCGTAATGTGGTTGAACGGGCAGAAAGGCATGAGATTTCATGGCCTTTCGATAAAAACATGTCGGATGCAGATCTTCAGGAACTCCTTTTTCCGGAAAAAAGGAGTCAGTCCAATCGAAAAATACCGGATTGCGAATATGTTCATAAAGAAATGGCCAAAAGTGGTGTCACCTTAAGTTTGTTGTGGCATGAGTACCATGAACAATGCCGCTTCAATGGTGAAATCCCACTCATGTACAGCCAATTCTGTCGGTATTATCATAAGTATGCCAATACCACCAAAGCCACTATGCGCATTAAGCGCAAACCCGGTGAAATGCTGGAAGTGGACTGGGCTGGAAAGACTGGTTTTATTGTTGATAATCTAACCGGTGAACTTATTCCAGCCTATATCTTCGTAGCGAGCCTATCTTGCAGCCAGTATGCCTATGTAGAAGCCTTCCTGTCAATGGATATGGAAAGCTGGGTCAATGCTCATGTTCATGCGTTCAAATACTTTGGTGGAGTGGCCAGAATCCTCGTGCCAGACAATTTAAAAACCAGTGTAGATAAAGCCTCTCGACCAGATCCCAAGATTAATAGAACCTATCAAGAAATGGCCGAGCATTACGGGACAGCAGTCATTCCAGCCCGAGTCAGGCGCCCCAAAGACAAGCCCCATGCCGAAAGTACGGTGGGTATTATTTCCACCTGGATCATTGCCTCTTTGCGAAACCAACAGTTCTTTTCATTACACGAACTGAATAGCGCCATCCGTCTTAAGCTGGAAGAATTCAACCAGAAACCTTTTCAAAAGAAGCCGGGAAGCAGGAAAAGCGCCTTCCTAGAAGAGGAAAAAGCACTGCTTTTGCCTTTGCCTTTGCCTACTTCCCCATACGAGCTTGCCACCTGGTCAACGGCGTCCGTACAGTACGATTATCACATAATTGTGGATAAAAATCACTACTCAGTGCCCTATGAGTACATCCGGCATCAAGTGGAGGTACGTATAACCAGCAAAACTGTTGAAGTTTTTTACCACAATCATCGCATTGCTTCCCATATTCGGATTCGCGGTCAGGAAGGCCAGATTGTCACGGTACCGGATCACATGCCAGAGAAACATAAACAGTACCTGGCTGTAAATGCTGATCATTTTAGGAATTGGGCTGCTTCCATTGGACCTCATGCCGTCATTGTGGTGAATGCTCTTTTGTCAGCATCAAGAGTTGAGAAACAAGGTTACCGTTCTTGTACATCGCTTATGAAACTCGCTGACAAGTATTCTTTATCCCGCTTTGAAGAAGCGTGCCAGCGGGCACTTTGTTACACGCCCAGTCCGAGTTTCAAAATCATCCAGACCATCCTCAAAACCGGTCAGGATAGAATATCAGTCCAATCAGATCGACAAAAAGCGACAAAAGACAATCCCAACATCTACGGATTTGTCCGGGGTGCCGGCTACTATGGAGGAAAAGACAATGATTAATTCTACGACCATGAACAAGCTGCATGACATGCGACTCTCCGCTATGGCGGATGCTTTCAAACGCCAACTGTCTGATGAGAAATATCAGGAGCTATCGTTTGAAGAACGGGTTGGTATTCTTGTTGATGTGGAATGGGCTAAACGCAGAAGCAATAAACTGCTCCATCTCATTAAAAAAGCAGATTTCCGCTATCCTCAGGCTAGCATTGAAGATATTGAATACCATGCCGACAGGAAACTAGATAAGGCACAAATCCTACGGCTATCTGGGTGCGCTTACATCCAGGAGAAACGCAACCTCATCATCATGGGTGCCTCTGGAAACGGGAAATCTTATGTTGCCTGTGCTTTTGGTATGGCGGCTTGTCGCAACTATTATACCGTTAAGTATATCCGACTACCGGATCTTCTGGATGAACTGGCAGTGGCTCGAGGTGAAGGTGTCTATCAGATGGTGATGAAGAAGTACAAAAAGGTTGGCTTACTCATTTTGGATGAATGGCTCTTAACTCCACTTAAAGACACCCAGGCAATGGATCTCCTTGAGATCGTTGAAGCAAGACATCAGAATGCTTCTACTATTTTTTGCACCCAATTTGCTCCACGTGGGTGGCATGAAAAGATCGGCGAAGATACACTAGCAGATGCCATTCTTGATCGTATTGTCCATGATTCCTATACCATCCTTATTGACGGCAAAGTGTCAATGAGGGAACGACATGGGATTAAAAATTGAGCCAGAACTAAGTAATTAAGAGTGTATTTATGTCTGCCGGTTAAAGAGGCTGATGGATAGTACCGACCTCTTGTGGACAACCCTCCGCTTCGTGGACGACCAAAACACGTTGTTCACGCTCTCCACAGCCTCGGCATCTGGTGTTCTATAGAAATCTTAATCTTGTTCCTTCAAACTACCCATCAAAGAGTACTATTCTCAGAACAGTAAAACTCATGATTCGGAAAAGTGGGCTTATAGCTATTGTGGTTCATTTAAACCGTCATATATAGCTATGGAGTTAACGTATGCACCTAGTGGATTTATTTGGTGCACTCGATGGGTCTAAAACATCATACTACTGGGTTTATCATAAGACAATAAACACAAACTGATAGGAATTCATACCAGGTCTTTCCTGAAGTTGACTTTATACAATTACCAGAACAAGCAGTTCAATCAACCCCTCAAATGCTTGGATTGATATCCGTCCCAACTTCTGATGACGGCTATCAATGTGTTGCATCAAAAAAATCAAAAGTATTTCATAAAAAATCTTGTGAGCATGTAGCAACCATCAAGGAAGACAATCTTTTTTATTTTCATAGCCTTAAAGAAGCCCTAACTTCAGGGAGAAGAGGGTACAAGACTTGTAAATCGGAGGAGTCATTCCATTATTTCTAAAGCGAAATCGAATGAGAAAGTTGCTTTAAGGAAAAAATTAATGAGAGATCTAAATTGTCAAAAGAGGGGAGAAATAGGTCTAAAATTCAAGAATCAAGACCTAACCCTCAAGAATTCATGGCCTTTTTAATACCTTATCATGTTCTACAACATTACGCATGATGATAGTATCTCCGACCATCTCAAAAGTCGTTCGTAATCTCTTTGAAGGACGAGCTTCCCAAATGTCCTGTGTTCTTTCCATTTTCTTGACATGAAGACTGGGGTATTTTGGGTTCGCATCCAGCAGAGCAAGGGCTTTACAAACACTCCGTTTCTCGGTATGAGTGAGTCTTTCATAAGCCTGCTCAAATTGCTCAGTGAAAAGAATCTCCATAGTTAGGCTTTGTCCTCAAGATACCTTACTGCATCAGCCGTCGACTTGAATCTTTTAACCCGTCCATTTTTTATGTCCTCGTCTGCCTTGCGTTCCCCTTTTTGCCACTCTTCAGTCCAGAAGTAAGCTTGATTAGCATTCACTAGTTT
CP065383.1_gap23	1241587	1242212	625	GAAAAGAAATGAGGAATCCAAGAAAATCGGTTTTCTGAAAAAAGAAGGGAAAGATACCGATGATTTAATGAAAAATGTTCAAAATATTGCTGAACAAATCAAAATTATTGATGACAAACTGAAAGCGGCTGAAGAAGAATGGAGAGAAAAACAGTTATGGATACCGAATATACCTCATGAAACAGTTCCAATCGGGCAGGATGAAAGTAGTAACCAAGTAGTTAAAAACTGGGGTAATCCCCGAGAATTCGATTTTGAGCCACGTCCTCATTGGGATATTGGAGAAGGATTGGACATCCTTGATTTCGAAAGAGGATCTAAGATTGCCGCTTCACGTTTTACGGTTCTCAAGGGCTTAGGAGCCCGTTTAGAAAGAGCAATTATGAATTTTATGCTTGACCTCCATACCCAGCGGCATGGATATCAAGAGATTTTCCCTCCTTTTCTGGTGAACCCGAAATCCATGACCGGAACCGGTCAACTTCCCAAATTTGCTGATGAACTCTATAAATGCCAGGATGATCTTTATTTGATACCAACTGCCGAAGTACCTGTGACCAATTATCATGCTGAAGAAATTCTGCCCGATGAAATTCTTCCCCTTTACTATACTGCTTATACGGCT
CP065383.1_gap24	1264725	1268163	3438	TTAAAAAACTGGATTGATCACTTTCATTTCCAGCTCTTTGGGAATCCCTTTGTTCAAAAAAATACTGATAGTCATGATCCACTGCATGTCGGAGGTCATGCACGACCGGATGAGCTTCTCAATATTATTGAAACCATTCATCCCAGTTATCTTCTTCCGGTTCATACCGAATGTTTTGAATTCTTCGAAAACCACTTTGGAACCAGAAAAGACATCAAGCTTATTCGTCCTCAAGCGGGGGAAGCAGTAGCTCTGTAACGCATTGGAATGAATCAAGAATCCAATTATCCAATTAAATACTCAACTTTCGCAGTTCAATAATAGCACTTTTTCTCTCAACCATGCTGGAAGACTATTTACAAAATAGATGAGTAGCTCTTTGACTTTTTCTTCTGAAAGGACAAGAATCTGTTTGATGGTCGTCTTCAGGAGCTCAAGAAGAAGAGTGAGTGCTTCCATAAGAGTGATATCCTGAATTTCATCATAGCAGGCATAGAAAAGCTCGCCAAAGGTTCGGGGATCGGTGTTTCTCCGGGCAATAACCGCGAGCATGATATAGCGGATAAAGACGATACTGGTATGGGATACCAGAGCATCATAGGATCGAACCTGAAATTCCCGAGTGAGTTTCAAGACCGATTTCACCATCTTGAAGAAAACCTCGATATCCCAGCGTTTCCCATAGAGGGTGACGATCTCGTCTTCAGAAAGAGACAGATCAGTTGAAAGCAGTGCCAACCATTGAGATTTTTGTTTTTCACTTCGGACAAAGACAATCCGAGCTAAAAGTGGTTTCCCAGTGAGATTGAGATTCACGACACCCGATCCAATGATATTGCCGTGTGGTCTTTTCTGAATTCTGGTGAAAAGAGAGGAAAGAGAAAGAACTTTTCCACCAAAAGAATAGTAAATTTTTGGGGTGTTTTTGAGCATGCACACCACTGATAATCCGCGAAGAGCACATTTGCGGATGAGGGCTGGAAAACTGAACCAACTATCAAAAAGAATAGTTGAGACCAAAGGACAGTGTTTTAAGGCTCCATCCAGTAGGTTGAAGAAGACTTCTGGAGTTTTTTCTTGGGATTCTTTCCGAAGACGAGCTCTTTTGCTCCGTCCATCAACGGAGGCATCCATGGGACAGAGCTGGTTTTCTTTTTGGTGAGAACTTAACAATGAAAAAGCAAAGGGAATGAATGTAGCACCATCGGTGAGTCCTAAAGTGAGCATTCTGAAACCCCGACTGAACCGTCCTTGGGCGTGATCATAGAATCGAGAGAGCCCTTCAACTTTCAAGCTCCGAGGCCGTTCATAGGGGGAATCATCCACCACCCAGGTGTAGCGTTTCAAACTGGTAAAAGGAAGGAGCGCTTCAGAGACTACTTTGGTACTCAAAAGAAAGAGCAATTTTCGCCAGCTCCCACTGGTCTTGTGGAGGAAACGGTAAAGAGTGTCTTTCTTTCCTTGGAAAAGGGGATGTCGAGATTGGAGAAGACCAGCAACGTTTTTCTGAGTAAAGACTAGGAGAAAGATCATCTGAAAGACGTCTTTGACTGGGAACCCTTTCTTTTTGTTCATATGGCATTTTCGAAACAGTTGGTTCACTTTAAACTCCTTCATAAAGGAGGAAAACATGGGTAACAAGGTCCTTTCATTTTTCAAATTTTCTGGTAGGATAGTCATGAAGACACCTCTCTCTTTGTGGTGATTGGTTTTTTTCCTTAAGTCAATTCTACCAGAAAGGAGGGGTGTTTTCATTAAAAAACCCTTTAAAATCAAGGTTTTTCAGCATTTATTTTAGTGCGAAAGTTGAGTTAAATATCAATAAATTTAAATTATTACTAAAAACATTATGATTGAATACCTGTCTTTGGATTTATATATTGACTTAATAATACTTAAGAATACAATCGTTTTTTTAACACAATGATTTTAAATTTTAGCTTTAATGCTGTTAATAAAGAAGCTAATTAAAATGAAGGAGAATTGGGTATGCCGAATATTGATCCCTTTGAGAAATTCAGCGATAGATATGATAAATGGTTTAAAAGAAACCTGAATTTATATCAAGATGAATTAGAAGCTATCCGGCAGGCTATTCCTTGTTCCAAAGCAAAAGGTTTAGAAATTGGTGTTGGAACTGGAAAATTCGCGCAACCCTTGGGTATAAAAGTTGGCGTTGAACCTTCAAGAAAGATGGCTGAAAAAGCAGAACAACTGGGAATTAAAGTTTATCCCAATCCAGCAGAAAACCTCCCTTTCTCTGATGGTGAATTTGACTATGCTTTGATGGTAACGACTATATGCTTTGTTGATGATATTATAAAATCTTTTAGTGAGGCTTATAGAGTACTGAAATCAGGAGGATATCTTATTATTGGATTTGTGGATAGAGAAAGTGAATTGGGGAAACGCTACTTTGAAAAACGCAATTCTAATGAATTTTATAAAGATGCCACCTTTTATAGTTCGGAAGAAGTATTGGATTTACTTAAAAGAGTTGGTTTCCAAATCACGATGATTAAACAGACCCTTATTCCTGACACACCATCAGGCACTATACTTGATGGTTTTGGGAAAGGTGCTTTTATTGTCATCCAAAGTAAAAAAGTTATATGACTCAAAACCGATAATCTTTAATATAAAGGTATTCACTCTTATCCTCACCTTCTCCTATTAAGGGAGAAAGAGCCCTGAATCGTCATTGCGAGGAACGCATTGACGTGGCAATCTCATGAGTTCAATCTTTTTTATTCCTCTCTTTATATAAATGAAGTTTGAGAAGGATTCGATTTTTTTCAGTTCTTTCAAATCCCCCATACCCCCTTTTCTAAAGGGGGAAGTTGATTTCTGGATGAGAAATCTTATCCTCATTTGGTACTACAAAGCAGCATGAATGTTTATCCTGAAAATATCATCAAATGAATTCTTTAATCGGTCATCCTGAGCCCTCGCTTTTCGAGGGCGTGAGGATCTCATCTTGTAATTTTTTCTTTTATCCTTTCATTTTTTTTCATTCGCCCCCTCAGCCTTTATCGTGCCCGATTCATGTAGCGACATGCCATGGCATGTCGAATCCATGCCTCACCCTCATCCTTACCTTCTCCCATCAAGGGAGAAGAAACTCTGACTCGTCATTGCGAGGAACGAAGTGACGTGGCAATCTCTTGACTTTAATCTTTTTTATTCCTCTCTCTTTAAATAAAGGGAGAAGGTTCGGGATTCGATTTTTTATCTAGTTCTTTCAAATCCCCCATACCCCCTTTTCTAAAGGGGGAAACTTTTTTCATGAGTTTTTCGCCACCAAAGTTCATCAATTCTTAATTTTTTTATTCGACTCACGACTCACTGTTTTTAGGAATGAGATTGCCATGTCGTTTAACCAAAAAACGGTTGACCTCCTTGCAATGACGGAACTGTAAAAATTCAAACCCACTTGAA
CP065383.1_gap25	1271515	1273753	2238	AGAGCTGGAAAAATATTCTTTTGAGGGAAAAAGGATTTTAGTTATTGTTCCCGATAACACTCGAACTATTCCTCTTCAGTTATTTTTCTCCTCTTTTCAAAATGCGCTTTTAAAACGGGTAAAAAAATTAGACTTTCTGATTGCTTTGGGAACTCACCCAGCCATGACGTCAGAACAAATACGTGGACATTTTGGAGTTACTCCATCCCAAGCAAAAGCATCTGGAATCAATATTTTTAATCATCAATGGGATGAACCCAGTCAGTTGAAACTTATTGGAACATTAGCTGAAGAGCAGGTGAAAAAAATAACCGGGGGTCTTCTATCGGAATCGATTCCTGTTGCGATCAACAAGAAAATTTTCGAGTATGATGAATTAATCATCCTGGGTCCAGTTTTTCCTCATGAAGTTGTTGGTTTTTCAGGGAGTTATAAGTATTTATTTCCAGGCATTTCAGGACCAGAAATTATCCATGCTTTTCATTGGTTGTCGGCTCTTATTACCAACCCAAAGACCATCGGTCATCGAGATACTCCACCTCGACAGGTTATCAACCAAGCAGCTCAATTGGTAGCCATACCAATGACAGCTTTTTGTGTTGTTATGAAAGGGAAAGTTCCTTTTGGCCTCTTTACTGGAGATCCTGTTGAATCCTGGCAGCAGGCGGTTGGTTTATCAGCTCAGGTGAATGTAGTTTACAAGCCAAAGCCCTTCCCAAAGGTGATTTCGATTGCTCCGGCTATGTATTCCGAGCTTTGGGTGGGTGGAAAATGTATGTATAAACTGGAACCGGTAGTTGATGATGGCGGCGAAATTATCATTTATGCTCCCCATCTTAAGGATGTTTCGATAACTCATGGGAAATACCTAATGGAAATTGGTTATCATACTCGAGATTATTTTCTTGCCAATTGGGAGAAATGTCAGCATGTTCCCAAAGGTATTGTAGCTCATTCAACCCAGGTGAAGGGAATTGGTACTTACAAGAATGGCAAAGAGTATCCACGAATTCAAGTAACCTTGGCTACTGGTCTTCCCCGCGAACTTTGTGAGTCAATCAATCTTGGCTATCTTGATTATCGTTCACTTAATCCCGATGACTACCTGGGGAAAGAAGAGGAAGGAATATTGGTGGTTCCCAATGCAGGAGAAACGCTTTATCGCCTTCAAGACGGAACTACTCCTGATATTGACCGCTTGCAAAGAGGTGAAAGGTCTTTTGGGAAATAAGCTAAAATTCAATAGCAGAGGCAAATAACACCTTTCTCTTTATAGGTGGAAAATGTTTTAAGATAGAGATCCATAGCTCTTGGCAATTCCAAATGAGGATGAAGATGAGTTGCCCCCTCACCCTGACCCTCTCCCACGAAGGGGCGAGGGAAAAAAGAGCAAAAGAATTCATATATCCTTCTCCCTTGATGGGAGAAGGCGAGGATGAGGGCGAAAGCCCAGAATGAGATCCTGGTAAGTTGCTTTAAAAGAATTACCTTAAAAAATGTTCTGTTATTTTCAGGATCGACCCTCATGCTGCTTTTGCAGCACCAGTTGATGGTGAAAATACTTACCCAGGAATCGTTTCCCCCTTTAGCAAAGGGGGTGAGGGGGATTTGAGTTTTTTCCTGCTCGGTCATTGCGAGGAGCGTTTTATGCGACGTGGCAATCTCATCTTTTAAAGTATTTGAGATCCTCACGCCCTCACAAAGCGAGGGCTCAGGATGACCGATTAAAGGCACACCCCCCTTTATCCCCCCTCAATGGGGGAATTTATAAGATGGTATTTTCAGGATAGATGCTAAAAAGAAAAAAACACCGATTTATAATATTTAATTTTTAATTGAAAATAGAAAAGATGATGAAAAATGATAAAATTTATCATATAGATTGTTTAGTGAACGGAGTTGATTCCTATTAAGTAGGTATATATTGATAATTGATAATAATTACAAACAAAGAGAAGGATATATCCATGGAAATCATTATTTCGGTAGCGATGAATCCGGCGGTAGACAAGAGTTCAAGCGTAGAACACGTCATTCCTGAACACAAACTCTATTGTAAGGCTCCCCATTTTGAACCAGGAGGAGGGGGAGTCAATGTATCCCGTGCAATAAAAAAATTGGGGGGAGAATCACTGCTCTTTTATCCCTCAGGAGGACTGACGGGAAAGATGTTGGAAAACCTTTTACTGCAAGAGAACATAAACCACTATCCAATTCCCATCGAAGGTGTGATGAGAG
CP065383.1_gap26	1309048	1312488	3440	CGGTTGGAGCATCTTCAGAGTATTTCCCAGTGAGGTTTTGGGGATATGGCCGAAAATTCCATTATTTTGATTAAAACAATCGAGATTGGGTATGCTTTCAAGGAGCTTCTTATTCCCTTGGAAGTTATCTTCTGAAGGGAAAAAATCAGCAAATCCTCCGTTATCTTTAAATACCTTTAAAACCTCTTGGTTGAGTCGATTAGCTGAAGGGAGCATAAGCAGAAGAACAATAAGGTTATCATTGACATCCTGGGGAGAGAGTCGATCAGTTTTTTCAAGTATCATAGTCCTTCCGCTACTAGCAATATCTAACACTTGCCGATAGGGATGGTTCCGGTCTTTCAAGTGGTTCAGTGTTTGACGATAGATCTGATTGGTAGGGACAATCCATAAAACCACACCAGTTTGTCTTTCAAGATAGATCCGGTTAATAATATCTATCACGTGGCAAGCAAGCAGGGTTTTCCCCCCTCCAGTAGGTATTTTTAAATAGAAATTTGGAAGGTCTTGAGCTATTCCATTTTTCTTCGATCGATAGAGATCTTGGCTGATCTTTTTCCAGGCTGCTTGGGGAAAATCAAAGTAATCTTCAAACACCGATTCGGTATTAGTTTTCCTTTTATCGGCTTCAATTTTGGCTTTTTTTAACCATTCGATAAATGTTTTTACTTTTGTAAGTGATTCTTTTTGGTATTCTTTTAATTCCACGGAATTGCTTTCTCCAAGCTCTAGATGGTTTTTAACCTTTTATTTTAAAAATTTCAAAGGGAAGTTGACAGAATTCTATGCGATAGGATAGAAGATGCTCGGTATCAAGGTATTTGGTGGGAGCAAAAACCAATCGTTTTTTCTCATTAATTGGACCCAAAGCCTGTGCTCGTTCCAAGGTAAGAGCTGTTGATTTTAAATATTCGATATCGGGTTTATAAAATAAATAGAGTTCATATTCTTCGTTTTCTCCAATAAAAAAACGTTTCTCTTCGACTACAGAAGGATTAAATTCTTCTCCCGTTGCAGTATAAAAAATATATCGAGCTAGTTCACGATAAGAGGGAAGCGAATCGCCCTCCAGGATACTTTCTAATTCTATTGGTTTACCCAATTCAAAATAACTAAAAGAACCGCCCAGGCCATTTCTGAGGTTTTCATCTTTAGCACTAGGCACGCCTTTAATCACACGCCTCACTCGTTCAGCAGTGATCTCATCGGCATAATCTTCACATTCTACTAATATAAAACGACGTTTCCCCCCATCTTCTTGGTTGAGAGCAAGGACAGCTTGAGCGGTAGTACCCGAACCAGCGAAGGAATCGAGGATGATAGAGTCTTTATCAGTTGCTACTTGGAGGATTCGTGAAATAAGACGTTTTGGCTTTGGGCTATCAAATTTTTTATCCTCAAGAATTATTTTTACTTCTCTAACCGCTTCTTGAGTATCACCAGCAAAATCTCTTAACCATAATGTAATTGGAACTAAACCTTCTTGAACTTCAGATAAAAACCTTTTTATTCTAGGGACATTATCCCCGTTTTTACCAAACCAGATTCGATTATCTTCGATTAATTCTTGTAACCTTTCTTTAGAAAATCTCCAACAAAAACCTTGTGGAGGGTTAACTATTCTTCCCGAAGGTGTTGTAATTGGATAATCAGTATCTGGTGTATAAGTTTTCACCGATAAGTCGCCAGAAGTCCAGACTCCTCTTGGATCATTATCGGGGTTGTTATATCTTTCATTTTGTTTTATTGTTCGTGGCAACAAGTTAGGAAACCATAAATTTTTGTTTTTTGAGTATACAACAATAAATTCAAATGTATCCGAAAACCACTTTGCATCACTTTGACGAGAGAATTTCTTTTGCCAGGCTATAGTTGCTAAAAAATTCTCCTCTCCAAATATCTCATCCATCACCATCCGCAGATGATGCACTTCGTTATCATCTATACTTATAAAAATCACACCATCTTCTCTCAGAAGTTCTCTTAATAACTTCAACCTGGGCATCATCATGCAGAGCCACTTATCGTGTCGGGTAAGGTCTTCTCGGTCTACGACTTTACCCAACCAATCTTTCATCATAGGATTTGATACGTTGTCGTTATAAACCCATTTTTCATTTCCAGTGTTATAGGGAGGATCAATATAAATACATTTCACTTTTCCAGCATAAGTTGGAAGAAGGGCTTTTAAGGCAACAAGATTGTCTCCATGGATGATAAGATTGTCATGAAGGCTTAACCTATCTGTGAGACTTTTCTCTTTTTGTGGGATTATTTCATGGTATTTCACCATGTGGTGGTAATTCTGAACAAATGTTTTTCCTTTAAATTGGAGTGTTGGCATAAAACCCCTCCAAAAACTCTCAAATATTTATTTTATTGTATACCAAATGAGCAATTTTTTCTAATTTGCACACCACCCGCCGAACTAAAACCCAACAGATGTTCTCCTTTGGCGGTATCATCGAAATCACGGTGTATATTGGGGTCAGGCCTTGATTCTTGAATTTATTAAAACCACGGGATTGTGGATTTGGGAAACTAAGAAAAGCTTAAAGATGAGATCCTCACGCCCTCAAAAAGCGAGGGCTCAGGATGACTAATTAAAGGCACACCCCCCTAACCCCCCTCAATGGGGGAATTCATTCGATGGTATATTCAGGATAGAGTATTACTTTAAAAAACCTCATGATCTATTTTTTATTAACCTTTCCTTAAAAAAGAAATGTAGCCTATTATGTCATAGCCGGCATATAATTGACCCAGGAAAGCCAGAATAAAAATGACCCACCCCTTAAAGATATAATCCCTCTGATAGGATGAAAGATCGGAGGGAAATACATGCTAAGGAGTGAGTCAATTATGATGTTACACCAGATGAGAAAAGAAGGAAAGAGTATAAGAAGAATAAGTCGAGAAACCGGACTTTCTCGGAATACGGTGAAATGTTATCTCAAGGCTCAAGGTATTCCAGAAAGGAAGGTGAGAAAAAAGAAGGGTTCAAAACTGGACCCCTTCCAGAAAGAGATTCAAGAGATGATGAAACTGGGGATATTCAACTGTGAAGTGATCTACCCTAGGCTAAAAGAGCTCGGTTACCAGGGAGGGAAAACTACGGTCAAAGATTATGTTCAACCTTATCGTCCTCCTCGAGGAATAGTGGCCACCCAAAGATATGAGACAGAACCAGGTAAACAAGTCCAAGTGGATTGGGGGATTGGTTTTTATCAAGACGAGAAAGATGGAAGGAGTCATAAAGTCTATGTTCTGGTAATGGTTTTAGGCTATTCCCGAGCAATGTATGCGGAGTTCAGCAATCACTGCGATATCCATCGTTTCCTACGGGGTCTCATCCAGGGCTTTTCCTACTTCGGAGGAGTAACCGATATCGTTCTATCCGATCAGATGAAAACCGTTATCTTGGGTTGGGATGAGAAACG
CP065383.1_gap27	1440437	1445340	4903	ATCCCAGCAGCAGCTCAAGCAATTATTAATGCTGGTTTGGAAGGAAAAGTAGCGGTTTGGGGAGTTTCAATGCCGAAACAAAACGCTGATTATGTCAAGAATGGAATTGTAAAAGGCGGATTGGCATTGGATTCAGCTCAGATGACTTACTTAGGAGTACGAATTGCTTACGATTATCTCACCAAAGATAAAGTTCTTCCCGTTCCAGGGAACGAATATGGCTGGGCTGAAGTACCAGTCACCGATATTGAAGAAAAGTTTTCCTATGTTCCCGATACACTATTAACTCCAGAAAACGTTGATACCTTCGGATTCTAAAAGCAGTTGCTATATACTGGAAGGTTATAAAAAGTGTTTTTATGACCTTCCGTTTCTGTTTTTTTATGCTGCAATAAAGATAAATCCAATATGATATAGCAACAAGGAATGAAGGTGGAACCCGATGATTCGCATTGATCATGTTTCCAAATCATTTCCAGGAGTCGTCGCGCTCAATGATATATCTTTCCAGATTGATTCTGGCACAGTACATGGTTTAGTTGGAGAAAATGGTGCCGGGAAAAGTACCTTGATTAAAATAATTTCTGGAATTTACACCGATTATGAAGGAGATATATTTATTGATGATCAACAACTTCAGATAAACTCTGTTCATGAGTCACAAAAAAAGGGAATTGCTACTATTTTTCAAGAACTGACTGTTGTTCGGGAACTTACTGTAGCTGAGAATATTTTTTTAGGAAGAGAACCAGTTGGTTTTGCTGGGGCTTTAGATCGAGCGGAGATGGAAAGAAAGAGCCAGCAAGTTTTAAATGAATTGAATGTTTCTTTTTCTCCCCGCGATAAGGTTGGAGACCTCTCAGTTGCCAATCAACAGATTGTTGAAATTAGCAAAGCCTTGGTTTTGAACACCCAGATTTTAATTATGGATGAACCCACTTCATCTCTTACCGAAAAAGAAGTTCAAAATCTATTTTCGGTCATTCATACTCTGAAAAGCAAAGGAATCACCATTCTTTATGTTTCCCATAAATTAGAAGAAATCTTCGAAATATGCGACGCTATTACCGTTCTGCGAGATGGAAAACACATTCATACCAGTGCCAAATTTGAAACAAACCCTCCTGATGTTATTCGAATGATGGTTGGTCGGTCACTGAACATGTTGTTTCCACCCCGGACTACCAAAAAAGGTGATTTGCTCCTATCGGTAAAGGATCTAACCAGAGAAGGCGAATTTAAAGATATCAATTTTGAAGTTCATGCTGGAGAAATAGTTGGTTTTGCAGGTTTAATTGGTTCGGGAAGAACTGAGCTCGCCAAAGCATTATTTGGAGCAACTTGTCCTGACCAAGGGGAAATAAAAATTTGCAACCAGAAAATGAAGTTATTTTGTCATCCTCGCGAAGCGATTACTCAAGGTCTGGTTTATCTTTCCGAAGACCGAAAGCAAGAAGGCCTCATCCTCCTTTTATCAGTGAGAGAAAATATCTCCCTTCCAATAATAAAGAAAATATCTCAAAATCTTTTTGTCAAGAGGAAAGAAGAGCAAAATATTGTTGATTCATTGATCGAAAAACTAAAAATTAAAGTATTTAGCCGAGATCAGGTGGTTGAAACCCTATCGGGGGGAAATCAACAAAAAGTAGTTATTTCCAAATTGCTACTCACCAATGCCCAGGTATTCATCTTTGATGAGCCTACCCGTGGTATTGATGTTGGGGCTAAATACGAGATTTACAAAATTATGAACGACTTGACTGCTGATGGGAAGGGAATAGTATTTATTTCCTCAGAACTTCCAGAAATTATAGGCATTTCGGATCGAATTTATTGTATGCGGGAAGGGTCAATTGTCAAGGAATATACTCGGGAAAAAGCAAATCCTGAGAACGTGATGTCAGCTCTTACAGGGGGTTCATCGATATGAATATGCCATTGGAGCAGAAAATACAGGAAAAACGGAGTCCACTTCGTAATTTTCGTGAGCTACCCATTTTTCTTTATATAGTTGGTATGTTAGTTGTATTTTCTATTGTTATTCCAGGATTTTTCTCGGCACGGAATTTCGTCAATATTTCTCGTCAGATAGCGGTAGTAGGAATCTTATCCATGGGTATGACTTTAGCAATTTTAACCGCTGGCATTGATCTATCGGTTGGTTCAATTTTATCCTTTGCTATAAGCATTGGAGGAATGGGAATACCCGATGGGAGATCAATTTGGGTTGTCTATCCTCTGGTTCTTGGATTGGGATTGATTCTGGGGTTAGCGAATGGATTCTTGATCACTCGGGTTGCAGTACCGGCGATTATTATCACCTTGGGGACCATGAATATTTACCGTGGAATAACCATGATCGTTACTCAGGGGAGATATATTACTCCCATACCTTCCCAGTTTTTATATATTGGCCGAGGATTAACACCATTTTTGTTTTTGCTTGGAACGGTTATTCTTTTCATTTATATCACTCTTTTTACTCGTTTTGGACGAAATATTTATGCCATTGGCGGCAGCGAACAGTCGGCGGTCTATTCGGGGGTACCGGTGCAAAAATATAAGGTCGCTGTTTATGCAATTAGTGGTATTCTTTCAGCTTTTGCTGGTTTAATTTTTGTTGGGAGAAGCGGTTTCATCCAACCTCAAGCTGGCATTGGTTACGAGATGAATGCCATAGCCGCAGTTGTTATTGGTGGTACCAGTATTACCGGTGGGGTAGGGAGTATTTTAGGGTCTTTCCTTGGATCAGTTTTAATGGGTTTAATTTTAGCTGGTTTGACCATGCTTTCAGTTGATCCATATTGGCAGGGTTTAGTTACCGGAATACTCATTATCTTAGCCATTTCTATGGACTCTTTCCGGCAACTCCGTAACGATAGGAGGACCCCATGAAACCGGGAAGTGAACAATTTCGATCGATCCTCATTCTCATTCTAGTTAATGTTGGCATCATTGTTGTTCTTTCTTTGTTGTCACCAACATTTTTAACCTATGAAAATTTACTTTCGGTTCTCAAGCGTATGAGCGAGTTGGGCATGCTCGCTATTGCTGAAACTATTGTTTTTATTAGTGGTGGTTTTGATCTATCCATTGGGACAATAATGGCTATATCCGGTTTAATTGCTGGCCAAATGTACATACTCGGACTTCCGTTTTTCCTCTGTATTTTGCTTGCTTTATTAGGAGGGATGGCTGCCGGATTGATGAACGCACTTTTTATCGTTAAATTACGGTTACAACCCTTTATCGTGACTCTGGCGACCATGTCTATCCTTCGGAGTATTGTTTATGGTGTGCTTCGAGGGAAAACTCTCAGCCATTTCCCCGAATCCTATCTAGCTTATGGTGATATGACAATTTTGGGTTTCCCTTTCCTATTTATTGTTTTAGTTATTTTTGCGGTATTCGCTACACTTTTCCTGCAAAGAACCTATGTGGGGAGGCAAATCTATGCTGTAGGTGGAAATGAACGCTCAGCATATCTTTCTGGGATATCGGTCAATCGAATAAAATATACCGTTTATATTTTAAGTGGTTTTATTTGTGCATGTGCCGGTCTTCTCTTTTCGATTCGAATACGAGCAGTTATCCCCGATGCCGGATTAAACTCACCTCTCGAAGTGGTGACTGCGGTAGTCATCGGTGGAACAGCTATTACCGGCGGTAAGGGTACAATTGCCGGTTCTCTTTTAGGTGTCCTTGCACTTTTTCTTTTAACAAATGGATTTAGCTTATTAAATTTAAATCCTTTTTGGCAGTTAGTCGTTTTAGGTTTGCTGCTCATTTATGTTGTTGGCAGGGAGGGAATATCAAAGGCATTGATTGGAAAGAGATTAAAAAAGAAATCACATCAGTCTGTTGGTATTAAATAGACTCCCATGACACTTTCGCAGCGCCAGATGATGATGAAAATAGGTATCCAGGAATCGTTTCCCCCTTTAGCAAAGGGGGTAAAGGGGATTAAATTTTTTCCTGTTCCGTCATTCAGACTGTGTCACAATTATCGGTTTTTTTGAACAAAAATAATAACTAAAAACTCAATAAAATCCTTATTCTACAAGGCATTTAGCCCATAATATGGTACAATAAAAGGGTAAGATAAAAGTATGAGAGTCAAGAAAGGATACCCCGATCATGGCATATCGATATGCGAATAGAAACCAACTCCAACTCTTCCCGTCGAGTATCGAAGACTACATTCCTCTCGATGATCCGGTCAGAGCCTATGATGCCTTTGTCGAAGCACTCGATCTTGAAAAGTTGGGATTGAACCTGGATCCCCACCAAGCCGGGAACCCCCAATACCACCCCAAGGTGATGTTGAAACTTGTGGTCTATGGCTATGCCTATGGGATCCGGAGTTCCCGAAAATTGGAACGAGCGAACCATCATAACCTCTCCTTTATCTGGCTGACCTCAGGGCTCACACCCGACCATAAGACCATTGCTGAATTCAGAAGAAAAAACCGCTCTCAGTTAGCTGACATCTTAAAACAGTGTGCGAAGATGTGTATCCAGCTCAATCTGATCGAAGGCAACACCCTCTTTGTCGATGGCAGCAAATTCAAAGCCAATGCCTCCATCAAAAAGAGCTGGGATAAGAAAAAAGCCCACAAAGTCCTCAAAGCGATCGATCAGCGGATTGCTGATATCCTCAACCAGTGTGAGACGGTCGATGAGGCTGAAAAGGGGTGTGGCTCTTTGGTCAAAATGGATCAGGAATTACAAGACCAAGACGTCTTAAAGACCAAAGTCCAGGGTATCTTAAAAGAACTGGAAACCAAAAAGCAAACATCCCTGAACACCACTGATCCGGACTGTACCCGGATCAATAGTCTTGCTGGAACTCACGCCGGCTACAGCGTCCAAAGTGTCGTTGATGAAAAGCACGGTCTGATTC
CP065383.1_gap28	1446629	1449856	3227	GAAAGGTTAAGATTAAAATGGTGAATGTCAAGGGTCAGTTAGTTGGAAAAAAAGCATTAATTACCGGTGCTGGAGTTGGTATTGGGAAAGCCATTGCTTTACGTTTTGTTCAAGAGGGGGCAGAAGTTGCCGTTCATGTGAACCGGAGCTGGGAAAATGGTTTGCAAGTCGTTCAGGAAATCACACAAAATGAAGGAAAGGCTATACTGGTTCAAGGAGACCTAACTAAGAAACAGGAAATTGAAGCCGTGGTTAAAAAGGCTACTTCAGAATTGGGTAGTATTGATATCTTAGTTTATAACAGTGGGGTTGGAACACAGCATTCATCTGATATGGTTCATACTATTACCGAAGAAGATTGGGATAACGTACTCTCAGTTAACCTCAAAGCTTTTGTTTTTCTCTCCCAACTTCTTCTTCCTGCTATGATGCAGGCAGGTAAGGGTTCAGTTATTACCATATCTTCTATCCGGGGTTTATTAGGGAATCCGGTATTAGCTTCTTACTGCGCTTCAAAAGGCGGGATGGTGCTTTTGACCAAACAAATGGCACTTGATTATGCAAAGTACAACATCCGGGTAAATTGTATTTGCCCTGGTTTTGTCGATACTGAGATGTTTCGATTTTATCTGGGGAAACAATCGGATCCAGAAGCTTCTCGGAGAGTTTTTGCGGGTATGGCGGCAATGAACCGGATTGGACGTCCAGAAGAAATTGCAGCTCCAACAGTCTTTTTTGCTTCCGATGTATCTTCTTTTGTAACTGGAGTCGCACTCCCTGTCGATGGAGGATATACGGCTAATGGAGTGAGGGAAATACAATGATGAAATTTGCCGATAAAAAGGTCTTTATTTCAGGAGGAGCAACTGGTATTGGGGAAGCGGCAGCATTATTATTTGCTCAACAAGGGGCTATCGTAACCATTTTCGATCGAGATATTGAAAATGGCGAGAGATGCCTCCAGAGAATCTTGAATGAAGGAGGAAGGGGAATCTTTATTTCCGGAAACCTGATTTACCCTGATGAGGTTGAAAAAGCCGTCGAGGAATCTTTAAATGCTTTCGGAGGCATCGATATTTTAATCAATAATGCCGGAGTGGAATCTCCTTATTCGGTTCATGAAATGCCTGTAGAAGAATGGGACCGGGTGATGGCAGTTAACCTGCGAGGTATGTATCTAATGGCCAAAGCCGTTATTCCTATTATGAAAAAATCCGGTGGCGGAGCTATTGTCAATACCGCTTCTATTTCTGGCCTATTAGGTTGGCCAGTCTCGGCTGCTTATTGTGTCTCCAAGGGAGGGGTTATTCAGCTCACCAAACAAATGGCGATTGATTATGCTCAGGATAACATTCGGGTAAATTGTATCGCTCCTGGGACAACGTTGACTCCATTAATCGAGCGGATTTTCCAACAAGAACCCGAACCGGAGAAGGCGAAACAACAAATTTCTCAGATGCATCCTTTGGGAAGATTTGCTCAACCAGAAGAAATCGCCCAGGCGATTCTTTTCTTAGCATCGGAGGATGCTTCCTTTATAACCGGGGCCGTACTGCCGGTTGACGGCGGATATACAGCCAAATAATTTTTAAAAGATGATTGTATTGGTTTTTTTATTGCTTCCCACCTTGATCTTTTTGCTCCTTCTCCCTTGATGGGAGAAGGTTGGGATGAGGGTGAGAACCATGTTCCGAGTCGAGGTTTAGTGTTTTTATAAATAAGCTTGATTAAAATTCCAAGCATCCCCCTCACCTTAATCCTCTCCCACCAGGGGCGAGGAAAACAAGGTAAAGTCAGAAGGTGAGGTTGAGGGTGAATATCTTGTTAAGGATGGTGAATGGATTCTGGATTTAAAGAAAAAAATCTTAGCAAGAAAACTTAGAAGAAATATTACCGAAACCGAATTATTTCTTTGGAAAAGAATTAAAGACAGACAACTCTTTGGTTTGAAATTTCGAAGACAAGTCCCAATGGGACCCTATATTGTCGATTTTGTATGTTTTGAGCAAAAAATCATTATTGAACTAGACGGTGGACAGCATCAAGAACAAATTGAAAAAGATCAAAAACGAGACCAATTTTTCCAGAATCAGGGCTATAAAGTACTTCGGTTCTGGGATAACGAGGTTTTCCAAAATATCAACGGAGTTCTCGAAGTTATTCGAATGAGTTGCAAAAATAAATCTCATGTTTCATCCTGATCTTTTTGCTCCTTCTCCCTTGATGGGAGAAGGTTGGGATGAGGGTGAGAACCAGGATTTTGATTCCAAGTTAGGTGTTTTAAATTAACCTTGAAGTTTAACCAAGCATCCCCCTCACCTTAATCCTCTCCCGCCAGGGGAGAAGAGAAAAAAGAAAAGATCTCTCCCACCAAGGGAGAGGAAATATTGAGAGTTGATTCTTCTGCCAGGGGAGGGATAAAAAGAAAATGTGGGAAAGTTAAGATAAGGGTGAAATTTTATTGTTTACTACTTGCAACTCACTCCTCACCTTATTTTCAAAATAGAAAGGAGAAATGGTTATGGAAAATCCAATATCATTTTTTAAGAACCGAAAAATCATCGATATAACCGGAGAATTAGAAAATAACCTTTGGGGTTATTATTCTTTGCCCGGCATGGAAAAGGTTGTTCCACCGGTAGAAATCAGTACCGTTGCCACAGTTGAAAACCAGGGATTTTTTGCTTCAAAAATATTGGTCAGCACTATATCGGGGACCTATTTGGAAGCCGGGTCTCATGTACTTACCAAGGGAAACAATCTTGACCGGCATTCTCTGAATCAATGCATTCTTCCTGCCAAGGTTATTCAACTCCCCAACCAGAAACCAAAAGCCCTGATCTCCGTCGATTTATTGGCTCAATTTGCTCCAGAGATAAACCCAGGTGATGCCCTGTTGATAGGCACCGGTTGGGATCACCAGTGGAATAAGCCAGGTTTTGTCCTTGACTCACCAAATTTGGAAAGAAAAGCTCTTCAATGGATTATCGATAAAAAAATTGCTTTATTGGGGGTTGATTTAACTTGTATTGAAGCTTCTTGGTCTGAAGATGATGAGGAAACCAAGGGCAGTCTTCTGAGTTCTCTCTTTGAATCAGGTGCTCTTTTGTTGGCTCCCATTGTCAATGTTCGAAGCATCTCTCAAAAAGAAGGTATTCTTCTTGCTCTTCCTATGAAGGTAAAAGGGACATCAGGGGCGCCAGTAAGAGCAATTTTCTTAGAATGAG
CP065383.1_gap29	1453038	1453937	899	ATGAAAAAAAGCAGTTAGATTTATTGATTCGCTTTCATGATTTAGGGAAAATAACCATTCCTCAAGATATAATTAATAAAACTATCGAGCTAACTCCCGAAGAATGGGAGAGCATTAAGAAACATTCTGAAATCGGATATCGGATTGCCAATTCATCTCCCGAATTAGCTCCAATAGCTGAAGCGATTCTTGCCCATCATGAGCATTGGAACGGTCGAGGTTATCCCCAAAACCTCGAAGGTGAAAAAATACCCTTATTAGCTCGAATTCTTGCCATTGTTGAAGCCTACGATGTGATGCTAAGGGGTAGTTCGTATAAAGCTCCGATGACCGAAATACAGGCTTGCAGAGAAATCCAAAATCAAGCGGGAAAACAGTTTGACCCTCGCTTGGTTGAGGTTTTTCTCAAATTAGTTCATCAAACTAGGCTAAAGAAGGTAGCTGAGTAATCTCAAAATGACTTTAAACCGCGCCTGTTAAAGCAAAAACGAGAGGTTAAGGGAGGGGTATATTTTATTTTTTCTCAAGTCGATAGAGAAGAAAATGTGCTAATTCAAAGACTTCGATTCGAGAAAATCCAGTTTGATCAGCCAAACGATTTATTTCATCTCTGTCAACTCGATGAGCAATCGGTGGACCAGACTCTTGGATACGGTATGGCCACTCCAGGATAGCTAACCGAAACCGAGTCACTCGATAAGCTTCTTGTAAAGCTTTAAGTCGGTTATCAGTTTCATGGAAGACTAAACCCATAAAAACTAGATCGAAGGATTCATCTGGGAAAGGAAGCGCTTCTGCCAGTCCTTCTATAAATTGAACCTGGGGTGCGATTTTTTTGGCAAGAGGGATAAATTCTGGATTAGCATCGACTCCAACAATTTCATAACCATACTGATAAA
CP065383.1_gap30	1471953	1475843	3890	TCCTCTGGAATCTTTTTGGTATCATATTGATTATCAGCTTTATGAAGAAATTGATGATAATGTGATGAGATTCCATGCTCAGTGGTGGAGAGAATCGCCAACTCTAGCACAAGACCAGTTAACCAAAAATATAGTTCTTTGGGACGGAATCAATGAAAAAGGTAAAGGTAACTATATGGTTATGGAAGCAGAGGGTGATGGTCAGTTAGTTGGGATTTTCCTTGAAGTTGATAATATCGTAGGTGATTGGTGGGGTGAAGGTGATGATATGGTTTTTATTGATGGTGAGACATGGCCTCCATCTTTTCATGGAACTGGAACAGAAGAAATATTTGGAGGAGGAGCTTCACCTACCCAAGAATACGCTGGTCCATATACTGGATTTCCGTTGATAAGTAGTCCAAATTATTACCGTCAATCAGCAATGTATCGTTTTTTTATCACTGATCCTATACGTTTTAAAAAATCTATTAAATATACAATAGAACATGGTCATGCAAATAACTATGAAAATGATTATTCAAGTGTTGGTTACTGGTACCAATTTGAACCTCATAAACAATTAATAGCTTCCATAAATACTCGGGATCGGATTCCAGTATTAACCGATGGTCAAAAGCAAGTTTTTCAAAAACAGACCCAGGTAGCCCTTGATCTTTATAAGAAAATTAAAAAGTTGCAAGGAGATGCAAAGGGACCTTCACAATCAGATCTCAGAGTCACACGTGAACAAATTTCTTTATTCCGTAGCCGTGCTTTGAAGGCTTATCATGAAGGAATTTATGACCTTGCTTTAAAAGAATGGGAGATGGCTGAAAAATTTATAAAAAGCTTGTAAAATTTTTCCTTTTTAAAGGAAGAACAAACAAGGAAGGATGTAGCTTTTATGAAAAATTTTGTCCCCATAGTTCCCAAAACGCTGAATTTAGAAGAACATGCTGAATTAGCTTTCAATCATTTAACCAACAATCTTGATGCTAATCGTAATTTCTTGCCATATTTTCATACAATTTTTGAAACTGATCCAGCAGAAGCTCGCCATGAAATGTTTGATTATGGTGACTTAACAGCACGGTATTTAGATGCCCTCATTTTATGTCGAAATATGTGCGGTTCTGGTCAAGGGATAAATTATGAAAATAAGCTTAAAGAATTACTATTGGGTTATTTTGATGAAAACGATGGATTATGTTATCGACCTGCTCATACCTCACTATTTTCAACAGCTGTCTTCGATGCTGATTCGGTTCATTTAAAGCTCCAAAAAGACCTTCCAGTTATGTACAATTGCCATGTTGCTGAATTATTTGATCAAAGCCGAACTCTTATTGGACTTATTACCTGGTATAAGGATAGCTGTGAGGTTGAAGTCAAAGATAAAATTGATGCTCTTATTGAAGGACTTGATCGCATTAGTATTAAAAAAGATGACTACTGTTATTTTTCTAAAACCGAATATTCTCCTGGTTATGTTCCTGCAAACGATGAGGTCCCTAACCATGCGCCAATATATTTTGGTGGAACTTTGATTTATCCTCTTTTAAAATATTATGAACTTACAAAAAGTAGAAAGGCTTTCAAACTAGCAGAAGGCTTATCAAAACATATTATTTTTCATACTAAATCCTATGAATCAAACGGCGGTTTTGCTGGAAAAGACCATAATGGACAATCTCATGGTCATATGTCGGCATTAACCGGTCTTATTTTCTATTCAATTACGATTAATAATCAAGAATTACTACAATGGAGCAAAAAAGCCTTTGATTGGTTTATTCAGAATGGGTCTTCTTTTGGATGGTTCCCTGAATTTATCGGACGTCTTGCTCCTTCTCAAGAAGGATGCGAAACTTGCACAATAAATGATGTAATTTGTTGCGCCATCCTATTAGCTCGCTCAGGTTATTATGAGTACTGGGATCATATTGAAAGATTTACCAGGAATCAGTTGGTTGAAAATCAGCTTCGGGATACAAAATGGATGAAATCCTCTTGTCGGAAGGAGGATACCTGGTTATCTAGTTTTGACAATATTCCGGAGAGAGTGAGAGGCGGGTTTGCAGGTTGGGGAGGAATCAATGATTTTATTGGCAGTAATCCAATGTTTTCTCATCGAATGATGAATTGTTGCAGTCCATCAGGAGTCCATGCTCTCTATCTTGTCTGGGAAAATATTGTAACCGAAAAAAATAGTGAAATTTATGTGAATCTTCTGCTTAATCACAGATCTAAATGGCTCAAATTATATAATTTTATGCCTTATGAGGGTAAAATATTTGTTTCTGTAGATAATGCTCATATAGTAAATATTAAAATTCCTACTTGGGTAGAATTTTCACAAATAAATTTTTCAATAAACAACGAAAACCAGGATTTTCTTGTTAGCGAGGGAGATTACATTCGAATTAAAGGCTTAAAACCAAGGGATACGATCGTAATTGAATTTCCTTTAAAAAAGGAAGTAATACCAGAAACAATTGCCGGAACTGAATACAAAATTTATTGGAGAGGGAACACAGTAATACGAGTGTTTCCCGAAGGGGAAGAGTACCCTCTTTATCAAAGAAATCATTTAGATAGTGATCAGGCAATTTACGAACAAAAAAGCTATAATTTGTCATTAAAAAGATTAAATTGGTAAAATTTTACCGGGGTCTATTATACAATTTAAAGAGGATAACGAGGCATTTTCATTACAACATGCTGTTTGAGACGGGGGTGTGGCTGTTGGGGTTCGTTATCCAGGAAACTGGATTCGCTCGGGCTCTTGAAATGCCGCCCTCGTTTTTTTTATTGCACCAAGACATCTGCTGGGATGGTGCCGTTCATATGACTATGGCTCTATGAATAGACGCAATAACGACAACTGGGGGTCTATCATACAATTTTGAGAGGATAACGAGGCATCCCCGGATAAAATATGCTATGCTATTTGAGACGGGGGTGTGGCTGTTGGGGTTCGTTATCCAGGAAACTGGGTTCACTCGACTCTGAAATGCCGCCCTCGTTTTTTTATTGTCCCGTAACATCTGCTGGGATGGTGCCGGTCGTGTGACTGTGGCTCTGTTAATAGACGCGATGTGGGACAATAAAGAATACATCCTCAATATATCAAGCTTACAAGGCTCCGCTCATGAACGAACACCTTCTGGTTGGCATCGATGTTGGATGTCATTCGCATCAGGTTGCCATTGCAGAATCAAATGGCACACATCTTTAAAGAATTTGGGATTTCTCATAATGCCAGTGGTTTTAACTCTCTTTTTTCTGAAATTAATCATTATGAATCAACTTTGAAATGTCCAGTCATAATCGGAATGGAAGGGTTTAATGGGTATGCTCGACCTCTTGATCAATTGATTCAACAGAAAGGCTATATCCTGTATAACATCAATAATTTAAAACTGGCTCGATTCAAAGAGCTGTTCTTAAGGTCCTGCAAAAACTGATGTGATTGTGCCCTAAAAGATTGTCGAGTTCATGCGGATTGCTCCTTCTTTCCAAGGAGAGCGTTGAGCCATCACTCAAAATCAAACCAGGAAACGGAGTGAATCAGACCCTCAAACGATTGACTCCGATACGTGCGACAGTTGGTGAATGAAAAGATCAGCATCCAGAATCGAATGCAAGGCTTTCCTTTCAATCAGTCGCTCCGGGGTTAGTTGATTTGGTGAAAAATGTTGATAGTCGCTGGTATCTCCATTTTCTCACCTGCCGTCCTTCACTCCGAAATCTCGCTACCATGCGGAAAGAGAGTCTCCTCAAGATTAAAGGAGTCGGGAAAAAGTATGCTGCAGTAATCGCTTCCTGGCAAAAAGAAGCTCATTTTTCTACTGATGTTGACTTGGTCAGCTCCATGATCATTGAGGATGCCAAACGCATACTAGCGC
CP065383.1_gap31	1502854	1505406	2552	TATTTACGATGTATTTTTGCAGATGAGTAGGTGAGTCAGGGTGTATTCAATTTTTGCTTATGAAAACCAACCAGAACTTTGGGTAGAAGCGGCTCGGAATATCGAAAGACGCTATGGAATCACCAAGGCATTGGGCTATGTTATAGGAGAAAAGCTTTATAATCTTCTTATTACGCACAATAACTCACTTTTAAAACTTCAGCAGATTGAAGAGAAAAGAAGACGATCAGATTACAAACCACAACGAAAAGTTCATTCAGTTTTCGGTGATTATGGAATAGATCTGGATCAAGAATACCAGCGGTTAAAAAGAGTGATTGATGAAACCAATCGAGCCAAGCAGGAAATGGTCAAAAGAATTTTAAATGTTTTCGATATAAACCAAATCCATGAATATTTTCAGTCCAATCCTCGTTTAGGAAGCTCTGGTCACATTCTAACAGAGGAGCAGCAACGATTTTGGTGGAAAATGGGAATAGAAGAACACACCCTTGAAGATGAAATACACGATGCATTATTGTTTGGTGAATTGCAACGATTGTTTTTTAAAGAAACTGAATGAATGTTTATTATTGGGAGTGATGAATTTCCGCTTTCTTCTTAGAAAATAACAAATAGAGGATAGTTATTGCAAAAATAGCTATGCAGGTAATAACGGTATACATAACTGCCGGGTATTGATTAGAAAATCCGCTCATTGATGAATGTTTAATGTATATTCCCAAATAAGCCCATATCAAAACGAGACCATAGGCAATGTCTCTATTCTTGAATAAAGTAACTGATCCAATCAGCATCCCGATAATGATAACCAAAACTGCCCAAATTGACTCTGATATTCCGAATCCCTTCCAACCAAAATCAACAAGAAGAGTTGTAGCATTGGCAATAGTTGCTACAGTAATCCAGCCAAAATAAACACTGAAAGGAATCCTGATAAGTATCTTTTCTTTTGATGTAAATTTTTCTTGGCTGGTCATCTGATTAATACGGATTAGACAAATGAGAATAACTACAATCAAAAATAGTGAAAGTGGAATTAAAAAATAATGCCAAGAAAAAATCCATAATACATTGGCAATTGAAGAAACTGTAAACAATATATTTATTTTTTGCAGTAATTCGAATTTGATGGTCTTTTTATCACCTTGAAATAAGCCAATTTGATAAAGTGTGTAAAGTGCCAGCAAGACATAAATCAAACCCCAGATTGAAAAAGTGAGACCTGCTGGAGCAAAAAGATTCGGGTAGGAATCGGATACCTGACCGGTATTTACTCGGTTTATGGGCAGAATATTGGCCAGGGCGTTAGTAATGACCATGAGCAAGTAAGTGATACTTGTAATAATCTTCATTGAATTCCTACTTTGAATGGCTTCCATTTTAAACCCTCCTTACTTTATGTTTTGCTCTATTATTATTTCACATTTTATTAAAATAGGTAAGAGCTTCATGTTCTGTAAAGCATCTGATGGGGGTTAAAAAACCGAGAGGGCGAGGGGGAGAAAATGAGAAGGGAAAAGGTTTCAGGATGACCGATTAAAGGCACACCCCCCTTTATCCCCCCTCAATGGGGGAATTTATAAGATGGTATTTTCAGGATAGACCGTCATGCTGCTTTGCAGCACCAGATGAGAATGAAAATACCTATCTAAATCCGTCATTGCGAGGAGCGTCTTGTGCGACGTGGCAATCTCTACCATCCACTTAGTCATTCTGAGGAGTCCGGTGTTTTTGCCGGACGACGTAAGAATCTCATCATTTAAAGTATTTATGAAGAAAAAACTTAAAAGATGAGATCCTCACGCCCTCAAAAAGCGAGGGCTCAGGATGACCGATTAAAGGCACACCCCCCTTTAACCCCCCTCAATGGGGGAATTTATAAGATGGTATTTACAGGATAGACCTTCATGATGCTTTCGCAGCACCAGATCACAATGAAAAAATTGTATGTCGATCAATTTCCCCCTTTAGAAAAGGGGGTTAGGGGGATCTGATTTTTTTACTGCTCCGTCATTGCGAGGAATCTAACCGTCTTTTGGTTAGACGACGTGGCAATCTCATTTAGTAATAACCAAAAGATGAGATCCTCACGCGGAAATGCACCGCTCAGGATGACGCCTGCAGCATCAGATGAGATCCTTACGCCCTCGAAAAACGAGGGTTCAGAATGGTACCTGCGATTTCAGATGAGGATCAAAGCCCAAGATTCGATATGCCATGGCATATCGCTACATTATATAAACATAGGGTACAATACATTGTACCCTATGTTTATATAATCTTTTGTAGGGGCTTGATTTATCATGCCCGCATGAAATTTTTAAGTTTGATAAAATGAATGTTTTACGAATTCCAACCAAGATCAGTAATAAATTGGAATGAAAAATAATTTCCTGCCTGAAGAGTAAATTCAGCTTTTTAACTCGAGTTTTTAAAGCCTTTCGTTTTTAAGCAAGCATGAAGGTATATAACATAATCCAAAAATATTGAAAATTAAAGCATTTATTGAGCGAAAGTATCAAACACTACGATTTTTTTTGCAGTAGCTT
CP065383.1_gap32	1518404	1519739	1335	GCTTTAAAAGCCACGGTTTTTTACCCGGTCATCAAACCAAATAGATAATATCTTCGGATATTGAAAAATATCCATGGACAAAGAAATTAACCAAATTGATGAACTAAATATCTTAATCCAGAAGGTTTCCGAGTAAAGAGAAGTTAGAGCCGTAATACCTTCATCAAGAACTTCTGAAAATATTAGCCCGGATTCACCGTGATAATCCTAATGGGTCAGGTTTAAAGTCAAAATAGTGGTGAATTTACTGATTCATCAATATAGAAATCAGAAGAGGAGAATTCGAAGACTAAGAAGAAGATAAAAATATAAAAAATAATAATATTTTTGACAAGGTAACTATTATTATCTATTGAATTACCAAAGCTTTTTTATTCACTAATTTATAGTTATAAGAATAACTATTTTCTTTTTTCTCTTATTAATTAATTTAAAGGAGGTGATCAGGATGCTCACCGGGATGATGAACGAAATGGAAGAATTGCAACAGAAGATAAATGAGCTATTGGAGCAGAAGAATTTTTTCGAAATAAAAGGCCTTATTAACGATCTCCATCCAGCAGACGTGGCAGAGTTAATGACTTTTTTTGATCGGGATGACCAGGTCGTTCTCTTCCGCTTATTAAAAAAAGATGTGGCAATTGCTGTTTTCGAGCAATTGGACTTTGAGCATCAAGAAAACCTCCTTAATAGTTTCACTGATGATAAAGTTTCTGAAATTTTAAATGTAATGTCACCCGATGACCGAACGGAACTTTTTGATGAGTTGCCGGCTAAGGTGGTCAGAAAATTGCTTTTTCTTTTAAATTCCGATCAACGAGAAATGGCGAGTATTCTCCTCGGTTACCGGGAAAATTCAGCCGGCCGAATTATGAACCCGGGGTATATCGACTTAAAAGAACATTATACAATTGACCAAGCTTTAGAGCGGATACGAAAACTCTCCCCCCCTGAAGATATGATTTATACCGCATACGTGACCGATTATCAGCGACATCTCATTGGTAGTGTTACCCTTCGAGACCTGGTTCTTTCTCCACCAGAGAAAGTGGTGGATGATATCATGGATACCGATATCATTTTTGTGAAAACTGATGATGATCAGGAACTGGTTGCTCGGACCATCCAAAAATATGATTTATTATCTCTGCCGGTGGTTGACCATGAGCAACGTTTAGTGGGAGCTGTTACTGTAGATGATGCTATTGATATCATTGAAGAAGAAGCCACTGAAGATATCCATCGTTTGGCTGCAATTCAAACTCCTGAAGATGAGTATCTCCATTCCAGTGTCGTGCAAAAAGTTCGGGACCGATTATTCTGGTTGGTTGCTTT
CP065383.1_gap33	1578609	1580179	1570	GTTTGAATGATGCTTTCTGCCATTCGATCCTGAAGTGGAGCTTCTTTGGTAGGGTTGAAGTATTGTTCGAAAACATGAGCGAGAATATCGGCAATTCCGTTAACGGTTTGATCACGGGGGACGGTCATGGTGTTTTCCGGGTCGAGTATGGAGAAGGTTGGAAAAGTGGAAGGATCCTCAAGGCCCAACTTTTCCTCAGTCTCGTCGTTGGTAATAACTGCGTTATGATTCATTTCAGAACCAGTTGCCGCCAGAGTTATAATGGTTGCCAAAGGGTGCATTCGTTCCGACTTCACTTTTTTAATCATAAAATCCCAGGGATCACCATCGTAATATACACCAATTCCCATAATCTTCGAAGCGTCGAGGACACTTCCTCCTCCAACGGCTAAAATTATATCGATTTTTTCTTTTTTGCAAATTTCAACACCCTGACGAACGCTGGTTATGCGAGGATTGGGTTGAATTCCACCAAGCTCAAATACTTGTAGATCGTTTTCTTGAAGTCGTTTCATGACTCGATCATAAAGTCCATTTTGTTTGATGCTTTTCCCTCCATAGGTCAAGAGGACTTTTTTTCCGTATTTCTTGATTTCTTTGCCAATCCGGTCGGTTTCTCCTTTTCCGAAAAAGACTTTGGTTGGATTGTGAAATTCAAAGTTAATCATAGTTCCTGTACACCTCCGAATAGATTAATAAATTGAGTATTCATTCTTAGCGGATTTCTTAAAGACAAGTGGTAAGTTTTTCCTTAATAATAAACTTGTTTTATTGTTTTTTGACCGGTATTATATTTTGACAAATTTATCTTTACCCGCGCCACAAATAGGACAAACCCAGTCCTCGGGTAAATCCTTAAACAAAACCCCACAATCGATTCCAGAATCAGGATCTCCGTAACGGGAGTCATAAATATAACCACAAACTGTACAACGATGTCGTTCAATTTCCGCCTTGTCGGCTTCTTCCGGATGAAAGGTAGCAGCGGTACGAGGGACCTTCCCGCCTTTGACATCGCGATAATAATTATAGGTCATTGGTTCTTCTTTGGTTAAAAATTCCGATTCAAGCACTTCGCTTAAAAAAAGAACATGGGTTCCAGCATCCAACTTAGAAACCACTTTGGTTTCGACATAAGAAACAGTGTGGTCGGTAACAATGGGGATTTTATTTTTCCCTAAGATAAATTGGCTTTTTGAGAATTTATCAATTTTCTTTCCGGTTTGGAATCCGAAAAGACCAATTAACTGCAAGGGAGCATCTTTATCTAACACTGAAATATTATAAAGACCACTTTTTTTAATGTATTCCAAGGTCAAGCTCTCTTTGTTGACACTGGCAATAATCTGATTAGGAAAGGCTGTTACCTGGACTAAAGCATTGATTATCATTCCATTGTACTTCCCATTATAACCAGAACTGATAATATACATTCCACAATTTAAAGAGAATAGAGCATCTAAGTTCAAAATTGACACCACCTTTTATCCATGGAGGAAATTAGGGGGAATTCATTCCATATTATGTTTCATAAATTTTACTCGATAAATGGTTTGTTGCCAAATTATTC
CP065383.1_gap34	1626434	1629941	3507	CCAATCATCTCGCACCACTTTTTCTCAAATGTAATTTAAATCCCGAAAAGGGAGGTTGGAATTGGTAGGTTTGGAATAGGGATGAGATTCTCCTGTCTAACTATAATGGGTAACCATAAATAGTTTATAATAATATCGGGTGACTTATCATGGGGGTGGAATTATGCAGAAAAGAAAATTGGGAAAAACCAATCTGGATATTACAGTAATGGGATTAGGTGGATTTCATTTAATAGAACTCAGTGAGAAAAATGCTATTGAAATAATTAATCGATATTTAGATCAAGGTGGTAATTATTTAGAAACAGCTGCTGGCTATGGATTTGGGAATTCGGAATTGAAAATTGGAAAAGTTGCAAAAAAACGCCGTCAAGAGTTTATCTTAGCGAGTAAGAGCATCGAAAGAAAGAAAAAGGAGCTTTTAGCATCGATTGATGAGAGTCTGAAAAGATTGCAAACCGATTCGATTGATATCTTTTTTCTCCATGAATTTGGAAGACATGAATTCGTTGATATTGCGTCCGGATCCAACGGAGCATTGGAAGGATTAGAGGAAGCGAAAAGATTAGGGAAAATCCGTTTTACTGCATTTTCGAGTCATACCGGTCCAGAGGTTGCTTTGCGAGCGCTTAATACTTATCCTTTTGATGCGATTATGATCCCCCTAAACTTTTTCGATCGTTTTAATTTTCCTGCCTGGGAATCTCAAGTTATACCCGCTGCTTTGGAGAAAAATGTCGGCTTATTAGCCATGAAGGTTTTTGCCGATGGATTCCTATGGAGAAATTGGGAAAATGCTCTTCGTTACACTCTGAGCCTACCAATTTCTTCGCTTATAATTGGAGCCAACACTCTTGAATATCTGGAGAAAGATATTCAATTTATTAATACCATCCAACCTATGAGTGAAAAAGAAAAAGAACTTCTTTTCTTAAATGCTGCGGAACTCGGCCAATATGTTTGCCGTCAATGTGACAAATGCTTGCCCTGTCCAGAGAATATTGATATCCCCCGGGTTTTTGTTTTTGAAGGACAATGGGACCGTCAAATGGCCGATGGTGTGGTTCGTGAACCTGGTGAATACGCACTTCGTGATCGTTTACGTTTTTGGTTTGGTAACCAAGATTATGCTCAAGAAGCTTATAAAAAAGTTGATCCCAATGCCCTAGCTTGCAGTGAGTGTGGTGAATGCATCCCTCGCTGTCCCTATCATCTCCCAATAATTGAAAAATTAAAAATTGCCCATGATAAACTGACCGATGCCCGCCCACCAGTGAAAATCCGGATTATTTAGAGACGGTAATTAGCGATATGGAGCTGGAAGGAATTATTCAGTCTCATTTTCCTGTATTTCGTCAAAGGAGATGGAACCCACTCAATCGGTTTTGTGGAATAATCCTCAACTTTAATTGAAGAGAGTCTGTTTGGAATATAGACCCTGATGCTGCTTTCGCATCACCAGATAAGGATGAAAACCCAAGATTCGACATGCCATGGCATGTCGCTACAACAAAAATAAATTATGGAGGCTTGATTTATCAAGCTCACAAATGAGTTTACAGGATTGAAGTTCATGTCACGTTATGGTGCCGGTTGAGGATGAAAAATAGTGTTATCCTCTCAGCCTGAATCTCTCCCACCGAGGGGCGAGAAAAAAAAGTTCCCCTTTTAGAAAAGGGGGGAAGGGGGATTTGAGTTTTTTCCTGCTCCGTCATTGCGAGGAACATCCGAGTCTCGCAATGACGACTCAAAGTTCCTTCTCCCTTGATGGGAGGGTATGATCCGGACACATAGGTAACAGAAAGTTCCTGACACATAGGTAACACTTTGTATACTACTGGCATAAGGAGGAATGCCTTATGCCATGGACGGAGGTACACAAAGTGGATCTCAGACAAGAATTGATTTATCGTTATCTCAACAAGGAAAAGGTGACAGATTTGTGTCGAGAATATGGAATCTCTCGAAAAACCGCCTATAAGTTTATTCATCGTTTTCAAGCCTTTGGTTTGGATGGACTTAAAGATCAATCCCGACGTCCTCATCACCTGGCGGGTCAAACTGATGCCCTGACCGAGCAAATGATTCTGGATACCAAATTCAAGCATCCCAGTTGGGGAGCTAAAAAGCTCAAGCCCGCCTTGGAAAGACAGTATCCCGATATTGTCTTTCCAGCAATCAGTACCATCAGTGCCATCTTATCTCGCCATGGACTGGTGAGATCACACCCTCGTCGATTGAGAAGAAGTGTGCCAACCAGTCAACTTCGAACCAGCCATGAACCCAATGAGATCTGGTGTGTCGACTTTAAAGGACAATTTCGAACCCAAGATCGGAAATACTGTTATCCTTTAACCATCACCGATCACTATAGCCGGTATCTCCTTGCCTGTGAAGCTCTTTCCTCTCCCAGCATTCAAGAATCCCTTCCGGTCTTCAAAGAGTGCTTTTCCACATATGGTCTTCCCCAGGTGATCCGCAGTGATAACGGGAGTCCCTTTGCTTCTCTTCACTCTCCCTTTGGACTCACTCAACTCTCGGTGTGGTTAGTGAAACTCGGCATCATCTTAGAGCGCATTGATCCGGGACATCCAGAACAAAATAGCCGTCATGAACGGATGCACCGCACCTTAAAAGAAGAGGCCTGTCAAAAACCAGCCACCAATCTTTTCACCCAACAAGACCGCTTTGAAACCTTTAAAACCATCTATAACACCGTACGACCCCATGAAGCAATCAACCAAGAAACCCCAGCTTCCTGGTACCACAAAAGTGACCGGCCCTATCCAAAAACCTTAAGTGATTGTGAATATCCTCATCATACGCTCACTCGTAAAGTCGATTCCTCAGGACGGATTTCTCTTTATGGCAACCGTCTGATCAGAATCAGTAAAGTCTTTGCTGGTGAACTTCTCGGATTCAAAGACTATACTCATTCCTGGTTAGTTAGTTTCTCTACCTATGATATTGGTATAATTGATAAAAAGACCCTTACTTTTGAATCAACGGAGATTCAAGATGATTAAAAAGTGTTACCTATGTCCTTAGACTAAAGTGTAACCTATGTCCCCGTTCGTACAGAGAAGGTGAGGATGAGGGTGAAAGCCCAGAATGAGATCCTGGTTAGTTGCTATAAAAGAGTTACTTTAAAAAACATTCAAGTATTTTCAGGATAGACCCTCATGCTGCTTCGCAGCACCAGATGAGGATGAAAATACCTATCTAAATCCGTCATTGCGAGGAGCGTCTTGTGCGACGTGGCAATCTCTACCATCCACTTAGTCATTCTGAGGAGTCCGGTGTTTTTGCCGGACGACGTAAGAATCTCATCATTTAAAGTATTTATGAAGAAAAAACTTAAAAGATGAGATCCTCACGCCCTCAAAAAGCGAGGGCTCAGGATGACCGATTAAAGGCACACCCCCCTTTATCCCCCCTCAATGGGGGAATTTATAAGATGGTATTTTCAGGATAGACGGTTTCAATTATTTTTTCAAACAGCGTTTC
CP065383.1_gap35	1724330	1726024	1694	CCGTTATCGAAGGAATGGCTATTGCCGGTTACGCTTTTGGAGCTCAAGAAGGATATATTTATGTTCGGGCGGAGTATCCCTTAGCGGTAAAAAGATTGAAAAAAGCCATAGCCGATGCTCGAGAAGCTGGATTAATAGGGAAAAATCTTTTTGGGACTTCCTTTTCCTTTGACCTTATTATTAAAGAAGGTGCCGGTGCTTTTGTCTGTGGCGAAGAAACCGCTTTATTGGCTTCTATTGAAGGAAAACGGGGCATGCCCAACCCGAGGCCGCCTTTTCCTGCCAATAAAGGTCTTTGGGGATATCCTACTGTTATTAATAATGTTGAAACCTTGGCTAATGTTCCCATTATCATTTTAAAAGGAGCCGATTGGTTCCGTTCTTTTGGAACAGTCACCAGCCCTGGAACGAAAACTTTTGCCCTTTCCGGAAAAATCCGAAATACTGGATTAGCAGAAGTACCTATGGGTATCAGCCTCCGCGAGCTCATTTTTGATGTTGGAGGAGGCGTACAAGACAATGGAAAATTTAAAGCGGTTCAAATCGGAGGACCCTCAGGTGGATGTCTGACTGAGCAACATTTAGACCTCACTGTGGATTATGATTCGCTCTGTTCTGCCGGTGCCATTATGGGTTCTGGTGGGTTGGTCACCATGGATGAAAATACCTGTATTGTTGAGTTAGCACGTTATTTCCTTCATTTTACTCAAAATGAATCCTGTGGAAAGTGTGTTCCCTGTCGAGAAGGGACCAAGCATATGTTAAATATACTTCAGAAAATAGTTGAAGCTCGTGCCAAGGGTGAAGATCTGGATTTACTGATTGAAACAGCTGAAGTCGTGCGCGATGCGTCACTCTGTGGCTTGGGAAAGACTGCTCCTAATCCGGTCCTGACCACTCTCCGCTATTTTAAAGACGAATATCTCGATCATGTGTATAATCATGTTTGCGTTGCCCATGTTTGCAATGCTATGAAAGAATACCGGATCGATCCGGAAAAATGCCGGGCATGTGGAAAATGTGCCCGAGTATGTCCGGTCAAGTGTATTTCCGGACGACCGAAAGTCCCGTATATAATCGATCAAGAAGCCTGTATTAAGTGCGGTTCATGCTTCGAAGCTTGCCCCTTTGATGCGGTATTGGTTGAATGGAGGTCAAAGAACCATGAGTCATGAAAATCTTAAAAAATCAGTGATAATTGATGGTCAAGAAATTGAATTAAGTGGCGAGAAAAACATTCTCGAGGTAGCTCGCAAAGCAGATATCGATATTCCAACCTTTTGCTATTTATCTGATTTAAGTGTTTATGGTGCTTGCCGGATGTGCTTGGTTGAGGTTGAAGGACGAGGGATTATGCCATCTTGCTCGACTCCGCCTGAACCAGGAATGGTAATTAAAACCAATACCCAAAGAATTCTCAAAGCTCGTAAAATGGTTTTAGAACTCCTTTTAGCCAATCATAAACGTGATTGTACCACCTGTGAACGAAATCTAAACTGCCGACTACAGGAGCTCTCCGCTCGTTTGGATATAACCGAGGTCCCCTTTGGCGAAAGGACCGATGACCTTCCGTTGGATACCTCTTCCTTCTCTTTGGTTCGTGACCCGAATAAATGCATTCTTTGTGGTGATTGTGTTCGAACCTGTAAAGAAATTGAAGGGATTGGAATCTACGATTTTACCCAGCGAGGTTC
CP065383.1_gap36	1733162	1734012	850	TGGACCTCCCATCTGGAAAAAATTCTGGTCTTATGGTAATACAGAAAATCCTCGCCGATGTTTCTGGTGTCGAGTTTATCTATTTAACCGAAAAGGATGTGATACGGCATCAACTCGTCCAGAAGATCATCCAAGCCTATGAAAAATTCGAAAAGAACCTTCCAACTCAAGAAGAAAGTACTTGATTTTTTTTCTCCCGTTTTTATTCGTCTCCAAGCAATTCTGACTTTCCAATTTTGGAATTATCCCTTGTATGGACTGGGTTTGTTTTTCGTCCTCTGGATCTCTTATTCAATGGGGGGTGTAGTACTCAGCGAAGGCCAAATTGCACCAAGAGATATCTTTGCCAGAAAAACCATTGAAATTGTTGACGTCAAAGCGACTGAAGAACAAAAAGACACTTTACTGGCCGATTTAGTGCCAATTTTTCGAATTGATGAGGGCATTACCCAAGACCTAAAAAAAGAATACACAACCTTTTTTAAAGAATTGGAAGTCATTCGCGACACCGTTTCTACTCAGTCACTTTCTTTTGAAATGAAGGAGGAATTTTTTCGAAAGTGGAAAATTACTCCTGGAGTTTTCGAGTGGTTTGTTGCAACGCCTCGAGAAAAGTATGACAAGATAAAAGAGGTTTTTTTATTAAATATGGAGAAAAACCTCGGTCAACCCATACGTGAAGGAGAAGTTGAACAAAAAATATTAGAGAGTTATTCAGCCTATGAAAGAATGGATTTAGAAATCGATGAAATTCGAGTCTTGAATTTATTAACCTCCCGTTTTTTGAAACCAAATGCAAGAATAGATATAGCTGAAACCGAGAAACAGCGAGAACAAGCTATAAAAAAAG
CP065383.1_gap37	1771340	1773598	2258	CAAGGATGGAAATAACAGCCAGGATAAGAAAGGCAAGAGCAGATGCTTCGCCGATCATCATATATTGAAAACCTTTTAGATAGAGTTTGTGCATCAAAACATCTGTAGCGGTGCCTGGTCCGCCTTTGGTAATGATTCGAAAGCTTTCAAACACTCGGAAGCTAAAGATAAAACGCATAATAAAGGCTAAAGCAATGAAAGGTCGCATCAGAGGAAGCTTAACATTCCAAAATAATTGTGATGTTGTTGCTCCATCGACCCGAGCAGCTTCGAGTATGCTAGCTGGTAGGGTTTGTAATCCCGCGAGAGTAATAAGTGCTATAAAAGGTGACCATTGCCATATTTCAACCAAGCTGATTGAGTATAAAGCAATCCCAGGCTTTTGAATCCAACCGATATCATTAACACCAAACATGCTTGCTATATAAGTTAGAACCCCATAACTCGGATGATACATCATTCTCCAAACCGTAGCTACGACTGCCGGAGCTATCATCATAGGAACGATAAAAAGAGAACGGAAAAGTTTTGGCCAAAGCAGATATTTGTTATTTAAAAAGAATCCGAGACCCAAACCAATTAACATTTGCATTGCGATTGAAATAACAAAAAACCGAACGGTAATAAAAAAAGAAAAACGCATTTCACTACTGGTAAGAATGTCAATATAATTCTTTAATCCTACGAAAACCGGTGGTTTTGGGGATGCTAAATACCAGTAGTGAAAACTCGTATAAAGAGAATATAGAAAAGGGTAAATGACGATAACAAAGAGAACAATTAGTGCCGGTAAAAGAAGAAAATAGGGAGTTAAATTGGGTTTCATTTTAATCATACGAAATATTTCACCCCTTTCTGCTCCTAACTAATAGAGTATCAGGCGGGGAAAAGACTTCCCCGCCTTCCTTTTCATTTCTATTTATAGCCGTGTTTCTTGAGAAGATCTTCAATGTCTTTTTGTGCTTTAGCTAATGCATCTTTTGCAGATAGCTGGCCGGTCAATGCTTCGTTGATAGCGGTTCCTAATAAAACATGGTATTCAGCTTCTGGTATAAGAATTTGACCGCCTTGATAGGTTTCAGCATATTTTCGAATATTTTTAAATTCTTGATAAACAACGTCAACCCAAGGAACTACTGCTTTTACTTCTGGATCCTGGGCAACATCTATACGGATGGGGGTTGCAATGGATACGTCAAGTGATTTTTTGGTTACTTCAGGTCCACATGCCCATCGCAAAAAGGTATATGCTGAATCAAGATCTTTAGAATTTTTGTTAATGGAAAGTGCCCATCCACCCAAAAGTGGGTATTTTCCTGGGATAGACGCGTAAGCAGTTTTTTCTGCAAAGGGATTCTTAGCTGGGTCAGCTACATCACCGGCAAAGGCATCCCAGTTTTCCATCATGGCTATCTCTCCATTGGTAAAATGAGCAACTTGTTCTGGGAAATAGTTGGTTCCAAAACCTGGGGCTGAGTACTGAGCAGACTCTACAAATGCTTCAAGTGCTTTTAATGCTTCAGGTGTGTTCAGAGTTACATTCCAGTCTTCATCAAAAACACTTCCTCCATATCCCCACAACCAAGGCAACCATAAGCTTATAGCTCCATCTCCTCTTTCTCCAGCAGTTGATATACCATATTTGACAGGAGATTCTGGGTTAAAGGATTGAGTGAAGAATTTTGCTATTTCATTAAATTCATCCCAGGTTTCAGGAATTTTCTTTCCGTATTGTTCAAAAAGATCGCTTCGATAAAAGAGGATGGTAGTGGTTAACATGATTGGATATCCATAATATTTTCCCTCATATAAACCATAAGCATCGAGAACTGCCTTATCGAAACCGGCTAAATATTCGGGATCCTCTTTTGACATATATTCATCGAGTTCTAACAAGTTGCCAGTTTGGACATATTCGGCAATCCAAGGGTTATCAACCATCAGGAGATCATAATTATTGGTACCGGAAACAAGATCTAATATACCTTTTGTGTGTGTATCCTCGTAGCCAACAATTTCAACTTTAACCTTGATACCAGTTTCTTTTTCAAAATCATCCTGAAGAGTTTCCATAACATCGGCAAGGGGTGAACCAGTAAGAAGAACACTGATCTCTTTTTCTTGCGATACCGCAACAAATGAAAGTGTGAGTATTGCCAACGAAATTAAACAAACGAGTAAATACTTTTTCATTTTTTTCCTCCTTTTATTCGAGGGCAAAGCTTATTTATTTAAGTTTTGCCCTTTATTTTTCGTAA
CP065383.1_gap38	1775405	1778724	3319	AGAGATAAAAGATGCTTTGTGCCAAGATAGGCTCCCAAACGGTCATTGTTATTGACAGCATAAGATTGAAGATTGTCGAAATGATTATCAATAAGGACAACTGGGATATTTTTTATAGTAAGTTTTGCCAATATATCTTCACTAACTACATTTACAATCAATACTCCGTCTGCATCACGATTATCAATAATTCGTTGAAGCGCACCAGTTTGATGTTTTTTTGATTCTTTGGCAAAGGTCAGATTGTAATTGGCTGCATCGGCCACTTCAAATATTCCGTTAACTACAATAGAATTAAATATTTGCAAAGAACTGTAATCTCTGGTTTCAATGCTTAAAATAACGCCGATGTTTTGAGTTCTTCCAGAAACTAAACCCCGAGCGGTAAGATTTGGCTGATAATCCATTGATTGAGCTATATGAAGAATTTTTTCGCGGGTTTTCTTTGAAACCGAAGAGCAATCGCGAAGTGCACGCGAAACGGTACTTGGAGAAAGATTTAATACTTTGGCAATATCCTTTATTGTAGCTCTCATTTTACACTCCACAAACCAGGATTAACTAAATATAACAAACGTTTGCTATCCTGTCAAATTACCTCTTTGTTTAATTTTTTAAAATATTTTTTTTATAAATAAATCAAATATTATAATAATAACAAACGTTTGCTATAAACTCCTGATGTCCGATCTCGATTCTTGATTTTTAAAAGGTTGTCGAGATATCAAGATGGAAAATTTAAAACGCTAAGGAGAGGAAGAAGTCAAGGGAAAATTAGTTAAGGATGAGAATTGAAATAGAAAAAGTGGCAAGGTGGAGAGAAGGGAGATTTAAAAAAGTTAAAAAAATTGAATCCCTCTCAGGTTCCCCTTAGCCTAAGGGATAAAAAACAATAAAGATGATGCATAGAGATTGCCACGTTGAGCTCCTCATAATGGTGGATCAAAATCAATTCTTCCTTTATGCTCTTCCCTGAGAGTTTGATCTTGATTCTTGAATTTTGTTACAAGAAATTAAAAAAGCGGCTGATAGTTAAGGTGAAATTTTACTACTAAAAATATCAGTCGCTTTTTTAATGTTCAACCTTCAAGATTTATTATCAATCATAAAATATGGTGACGATCTTTCTTTGAAATACGTGAGGTTTATTCCAGCCCCAAGAAATCAAAAGGTTCGGTTTCGACAAACAATTGAGCGGTATCTCCAGCATAGAAATGTTCCGGAGAGATAACCAGCTTCCGAACCGGTGCCGAAGGTGAGAAATCGATCTTATCCAGTTGAACCCAGAAAATATTGGGAGTCAAAGTAGATTCAAAGTAATATACCTTGTTTTTTTGGTCGGCGACTGTTCTCCATAGAGTTGAAGAAATGTTTGGTTTATCAGGGGTACTGATACCAAAAGGTACCGACACATTCCGAATCACGCTAAATACCGAAGCTACTGCTACCTGAATGTCGGCGGTTTTGGGAATGGCATTGATATAGAACCAAGCCCGGGCAAATCGATCGGCAGCTCGACTGGTACCAGGGAGCACAACCATCCCGCCAATTTCCTTCCAATACTCATTCAGAGCGAGCTGCTGCTGATATGTCGGAGAATTGGTCATGACCAGATACGAAGAATCATGGTGAATAACCAATTTACCGTCAACATATTCAAAGATAGCACTATCACCTAAAGAATCGGAAACGGCCAAGTGAACGGTCGCTAATTTATCAAGACCTGGCATGTCGGCGGTAACTAGAATAAATTCTTCTCTGGACAAAGCTTCCACGGTTTCCTCAACTGTAGCAAAAGAATCTAATACGTATTGAGCCCATGCTGCTAAGCATAAACCCGGTTTTTGACCATCCCACTCAGGGTATACCGATTCGGCTAACCACAGCACGTTGGCTACTAAGCCTTCCTCATTCATACCATCGGTAGTGGAGATATCGTATCCAGTTGCAATAACACTCCCATACTTAGAAGTCCATTTAAAAGAATTGGGTCCCACTCTTCCTTCTTGTTCCATTTCTCTTGGGAAGATCCAGAGATTGGTTCCAATGTCTTCTGTCCAATCCATAGTCCGGCCGGTGATTACCGTTCCTTCCAGTCCATGGTAGAGCACTCTGCTGCAGGCATTGGCTGAGGGATTGGCTAATAATAAAATCATTAAAAAGAATATTACTAACAATAACAACCGATTTTTACTTTTCATGATAGCCTCCTAATAAATTTGTGATTAGTGAGGAATGAAAGGTGGATGTTACAATTATACCCCAATTCTCATTTTCTTCCTTTTGATTCCTAACTTTTTAAAAGATAGGATTTTCACGTCGCACAATAAGCTCCTTAGAATAACAAATTAAGCAATGTGATTGCCATGTCGTCCAACCAAAGAACAGTTAAGCTACTTGTAGTGAAGTTTTTAATAAAAAGTATTTTTAATCATCATATGGCGCCACAACATGGTATGAGGATCTATCCAGGAATCAACGAAATTTCATTAATGTTCTTAAATTAAATCATTTATAAGTTTGATAAAGAAAAATCAGCTTTTCTATATTAATTTTTAATCAAGAAAGACCGATATATTATGAAATAACGAGATGCAAACAGGAGGATCCCAAGTTGAAGAGATTTATGGTGGTAATAATTGTTATTTGTACGCTGTATTTATTAACAGTCAATTTACTGGCAGATGAACAGCAGGATAAATTTCAGGCACCAGAGTCAGAAGATTTTAGCAGTCTGACTTGGAGCGAAGCATTTGATAAACTCCATACCAAGTTTTCTCGTGAATATGGGTTTATGGACTGGAAGAAGATTGATTGGCCAGCTCTTTATAACCAATTCAAACCCCGAATAAACCAATCCCAGGAATCGAATGATTTCACAGCTTATTACCTCACCTTAAGAGAATATGTCCATTCTATTCCTGATGGGCATGTTCATATGAATTCTTTATCGGAAATTGATAACCGTTATATTGGAGGTGGTTTCGGATTTTCGATTGTGAAATTAACCGATGGAAAGATAGTGGTTATTTGGATTGATGAAAGCAGTGAGGCTTATACTCAAAGGATGAGGACAGGAGCAGAATTGGTAGAATGGAATGGTTGTCCGGTTCAAGCAGTTTTGAATGAAGTGTCAACCATTTTTTACAACAACTCGGCTACCGACGAGGATAGTATGAACCAAAGGGTGAGATATCTCACCCGGGCTCCAATTGGTACCAAACTATCTCTTTCGTTCAAAAATTTGAATGATGAAAAAATAATCAAGGCAAAACTGGTTGCTTATGATGATCATGGTGAATCTTTAAAAAAGACCTAT
CP065383.1_gap39	1795584	1798531	2947	GGGAATTTATAAGATGGTATTTTCAGGATAGACCTTCATGCTGTTTATTAGCACTAGATGAGGATAGAATTATACACGTTCCCTGATATACATCACTTGTCACAGTATTCAAAGAACGAAATGATTAAGCCTTCATGAGAAAGAAACTGCTTAAAATAATGATATTTTAACTCCAACACTAAAAATAACAGAATAATTCCTGTATTGATGGGTATAATTTATCAGTTAGAATAGGATGCCAATTATTTTCAACCAATTATGTTAAAATAATTTAAATAAGTATATAGGAGGGCTAAGTAAGTTATGAAACACAAAGGAATTTTTTTCATCACATTAATTTTATTGGTATTTTTGTGTTCGATTATGGTTGGTGCCAAGGTGACTCTAAGTGCTCTTTTTATGAAACAAGCTGGTTATCAAGAAAGTGAAATGATTGAAATGACGGAAGAATTTATGAAACGAAATCCAGACATAGAAATCAATTTAAATTTTGTATCCTACGAAGAACTCCACGATAAAATTGCGGTGGCTGCTGCGAGTGAATCAGGAGCATATGATGTTATTATTACCGACTGTGTTTGGCCGGCGGAATTTGCTGAGGCAGGTTGGATACTCGATGTAACTGATCGATTATCAGATGAAGATAGAGCTGATATTTTCCCAACTGTTTTGAGTTCGGTAACCTATAAAGGGAAATTATATGGAATGCCATGGCTCAATGATTGGGAATATTTCTTTTATAACAAGAAAATGTTGAATGAAGTAGGTGCTGCAGTCCCAACCATGTGGCCAGAAGTGGTTGAAACTTCCCAAAAAATGAAAAACAATGGAATAGTAGAATATCCAGTTATTGAGTTTTGGGGGCAGGGTGAGTCAGTCGCCATCAAATATCTAACTTATCTTCATGCCATGGGGGGGAATGTTTTTGACGAGAGCAGTATGCCGATTATGAACCAGGGGAAAGGCTTAGAGGCCTTGGAGTATATGGTTGATAATTTAAATGCCGGAATATATAATCCTGCTTCAATCGAAAGCTTTGCTGAAGAAGTACGTCGAGTATATTCAGCAGGCCAGGCGGCATTTGCTACTAATTGGATTTATATGTACAGTTTGTCCAACGATCCCCAAGAATCACAAATTGCCGGTGATTCGGAAATAGGATTAATTCCTGGTTTCCCCGATGGGAACAAAAGTGCTTCCTGTAACGGTGGGATGGGGTTAAGTATTGTGAATACGTGCCCGAATCCAGACGAAGCTTGGAACTACATAACTTTCATGTGCAGTCGAGAAATTCAAAAGAAATACAGTGCGAGTGCACTTCCTATCTGGATATCCTTGTATGATGATCCTGAATTGATTGCTCTTCAACCCAAAACTGTCCCCGTTGCAAAAGAACAAATACAATACGTGTATGATCGTCCACAAATTCCATGGTATTCCCAATTTTCCCAGTTGTTAGCTGAAGAATTACAGGCGGCTATAACTGGGGTCAAAACTCCTCAACAGGCTCTCGATGATGCCGTAGCTCGGACACAAGAAATTCAGGAAAGATATTAATCTATATAAAGCAATGTACGCAGTAGGGATTTTAACTCCTACTGCGTACATTGCAAACTGAGATAATCATGAAATCAAACCAATATAATCGAAGAGAAGTTCGATTTGCTTGGCTATTAATCATTCCCGCTTTTATTTTTATTGGAATTATCATTTTTTATCCAATGGTTATGGCTTTCTATACCAGCCTCCATCAGGTTGACTTAACTCGAAAAGCCCAGGGCACCCCTTTTATTGGTTTTAAAAATTATATTGATATATTGAAAAGCAGTGGTTTTTGGGCTTCAATCAACCGTACTGTATATTTCACCGTGGTATCTATTGCCATTGAAATGGTTATTGGTTTTTTAATCGCTCTTCTTCTAAACCAAAAATTTTGGGCAAGAGGTATTCTCCGCAGTTTATTGTTGATACCGTGGGCGCTTCCGATTACCGTTGATGCCATTATGTGGAAATGGATATTCAACGCCAACTACGGTGCATTTAATGCTTTCCTCTGTTTATTGTCTTATGATAAACCCAGTAGTATGATGTTTTAGACCCATCGAGTGCACCAAATAAATCCACTAGGTGCATACGTTAACTCCATAGCTATATATGACGGTTTAAATGAACCACAATAGCTATAAGCCCACTTTTCCGAATCATGAGTTTTACTGTTCTGAGAATAGTACTCTTTGATGGGTAGTTTGAAGGAACAAGATTAAGATTTCTATAGAACACCAGATGCCGAGGCTGTGGAGAGCGTGAACAACGTGTTTTGGTCGTCCACGAAGCGGAGGGTTGTCCACAAGAGGTCGGTACTATCCATCAGCCTCTTTAACCGGCAGACATAAATACACTCTTAATTACTTAGTTCTGGCTCAATTTTTAATCCCATGTCGTTCCCTCATTGACACTTTGCCGTCAATAAGGATGGTATAGGAATCATGGACAATACGATCAAGAATGGCATCTGCTAGTGTATCTTCGCCGATCTTTTCATGCCACCCACGTGGAGCAAATTGGGTGCAAAAAATAGTAGAAGCATTCTGATGTCTTGCTTCAACGATCTCAAGGAGATCCATTGCCTGGGTGTCTTTAAGTGGAGTTAAGAGCCATTCATCCAAAATGAGTAAGCCAACCTTTTTGTACTTCTTCATCACCATCTGATAGACACCTTCACCTCGAGCCACTGCCAGTTCATCCAGAAGATCCGGTAGTCGGATATACTTAACGGTATAATAGTTGCGACAAGCCGCCATACCAAAAGCACAGGCAACATAAGATTTCCCGTTTCCAGAGGCACCCATGATGATGAGGTTGCGTTTCTCCTGGATGTAAGCGCACCCAGATAGCCGTAGGATTTGTGCCTTATCTAGTTTCCTGTCGGCATGGTATTCAATATCTT
CP065383.1_gap40	1967423	1969303	1880	CAGCATCAAACGACGTAACTATAGAATAAGGATATTTTTCCTTATCACTGTATTTTTCTTAATCTTGGTCCTTTCACTGATCATTGATCTCTAAGTATTTCTTCATACTCAGGAACGCTATCTCTGCTAACCAGAGCCAGAATACCTCCTATAATAAATAAAACTCCTGGAACGATAAAACCGACTAAGAGAAAAACATATCCAGCAATGGCGGAAATAAGAAGAAAAACTCCTGCTAATTGATGCCGTTTCTTCACGTTTATTCCAGCAATTAAGCCAATAATGGCAAAGACCAGAGCACCGATTCCTCTTGCAACGACCATATCCCCAAATAAGGGTAAGAGACGATGAATATTCATAGGAACCTCAACTTCGTTAGGCATTATAGTTCCTACAAATTGCATGGCAATTCCGGCTATTATAACCACCGCAGAAAATATCATTCCTAAAATGCCACCAACTATTCCTAAAATTGTGGCAGTATTCCTCATGCAATGAACCTCCTAATCATTTCTTGGTATAGAGTTTAACTGATTAGAGCTTTTCTTTAAATAGGAAAAGGAAAAGGTAATAAATATTATTTGACTTTGAACTATCAGATGAGATCCCCATATCCTCGAAAAACGAAAGCTCAAGATAACTTTAGTATTTATATCAAACTAAATCTTCATTAAAGCAAATCCATTTTTATTACCTTTTTATCAATTCAAGATCTTCGAATAGATTTAAAAAGAAAAATTAACACTATTAAAATTCTTAAAAATGACGATATTCGTATAAAATAGAAGATAGTTTTCTGTTATTAAAAGGAGAGTTTTAATAGTGAAAACAAGTTATTCTAACATTTCCTCTTTTTTGGCTTAATTATTATGCTTTAACTATTACAATATTGATTAATTTATTCCTTATTCCTAGTTCAGCAAAAAGATAAATTATAAACTCGGTTTTAGCTTTGAGGTGAGGAGGAACATTTAAAATGATTTTTGGTGCTTGTTTCATAAACAAAAAAATTTGGTTGATCTTTCTTATTTGTGGATTTCTCATTGTATATTTCGGATTGAGGGCTATAAATCCAAGCTGTATGGCATTAGCAAACCCGGAGAACGATACAAAAGTCACCTATCATACTTTGTTGATCAATAATAATGAAGAAATCACCTATTCGGCAACGGTTGGTTTCATCCCGATTATTGACCAAAAAAACCAAACCGAGCAAGCTCGAATTTTTTATATTGCCTATAACCGACAAGGAATTGAAAATTTGGAAAAACGTGCAGTTACTTTTGCCTTTAACGGAGGACCGGGAGCGGCATCAATGATGCTTCATCTAGGAGCTTTAGGTCCACGAGTAGTGGAAAAAAGTGCTGATGGAACCAGGTTGATAGCTCCACCTTTTCGATTGGTTGATAATCCTAATACTCTAATAGATATTACTGATCTGGTTTTTATCGATCCAGTAGGGACTGGCTATAGTCGGGTAACTGATGGAACTGATCCAACCCAGTTTTGGGGAGTTAATGAAGATATACATTGTGTTGCTCAATTCATCCAATTGTACTTGAATAAAAACGGGAGGAGCACATCACCGGTTTTTATAGCTGGGGAAAGCTATGGTGGAGTTCGAGGAGCAGGACTAGCTAAAGTTCTTCAAGATATTGGAGTATACCCATCAGGTTTGATATTCATATCACCGGTTTTTGATTTAGGAACGATTCAGTGGAGTTCATTAGACGATCGTGCTTTAGCGCTCACCATTCCTACTTATGCAGCCGCTGCCTGGTATCATAAAAAAATTGATCCAGATTACCAGGGAGATTTGGATTTGGTGTTGCGAGAAGTCAGAGCTTGGGTTGAAGACCATTATTTAAAGGCACTCTGGA
CP065383.1_gap41	1977346	1979232	1886	AAAGGTAGCGAGATGGGGAGAGTAAGTCACCCCCACAAAGTTGTTACTCTCCCATTTACCCCGCACTCCCTCTTTTCTGTTATTTGGGTATAGAAAAGAGGGAGTTGAACCATAAAAAAATTGATGGTTGATTGGAAGGGGGAAGTGTTGTTTGGGAGAGTGAAACCAGATCAAATTAAAAATTTTAGGGAGGGTTGTTATGGACAGCTTAAAAATATTTCGTTCAATTATGATGTTCACTATAGTTTTGCTTATGATAATAGTACTATTTTTACCTGCTTTTGCACAAAAAACGACCATTGAATATGCAGTTTGGGGTCAACCTTATGAAGTCGAAATGGAGCAAAAATATCTTGACCTTTTTATGAAAAAAAATCCGGATATTCAAGTAAACCTCACAACCGCACCATTTGGGCCACATCATGAGAAACTTTTAGTTCGAATTGCCGGTGGAAACGCTCCCGATGTATTTGTTTTATCTGAATTAGCCGTAACACAATATATTCAGCGCAAACTTCTTGCAAATCTCGATGAATACATTAAAAGAGACAACATTGATCTATCTCAATTTTATGATGCCTGTCTTGCTTATGTCGATTCCGATGGTGAACCTTATGCTATTGGAAGAAGAGGTGGGAGTATTTATGGGTTGCCCACATGGAATAGTCCCTGTCTCATAAGTGTCAATTTAGACATGATGGGTGAAGCCGGTTTAACTGTAAATGAGGACTGGGATTGGGATATTTTTCTTGATTACTGTAAAAAGTTGACTTTGGATAAAAATGGAGATGGAAAAAGTGACCAATTTGGAACTCAAAATATCCTGGCCTGGCAGCCAGCAGCGTGGTCCTTTGTAGCCAGTAATGGTGGAAAATGGTTTAACGATGACGAAACCGAATCGACCTTAACTTCTCCTGAAACTATGGAAGCTTATAAGTTCTTAGCTGATATGAGCTTAGTCCACCACGTTGCTCCTACCAACCGCGAAAGGAAAGGTTGGGCTTTAGCTGAAGAATTTGTTGGTAAAAATGTTGCCAGTGCATGGAGCCATCCTTGGGGATTGGAAGCTTGGAGCGCCGCTGATTTTGAATGGACTCCGGTTCTCCCGCCGATGAAAAATGGAAACCGGGCTCTTGAGTTTGAAACTTGTACTATTGGAATGTTTTCGAATACCAAGCATCCCGAAGAAGCCTGGGAATTGGTGAAATTTTTAGGAACCGATCCTGAATGTCTACAAATTATGCTTGACTACAATGTAGCTCCAGCTATTAAGTCTTGGGCGGATAAGGTAAGCGATCCCAAAATGAAGAAATTCATTGAATCCATGGCTTATGGGGTCGCACCTCAATTTATTGCTCAGTGGCCAGAAGTTGAAGAAATATTAAATTCTGAGCTCGATTTGGTATCAGAAGAGTTAGCCACTGTTGAAGAAGCCCTCGAAGCTGCTCAGAGCAAAATTAACGCCTTACTTCAGGAGTAATTGGATAATGAAATTGGTGTCAGTTTTAAAAAAGGGAAAATTCTAATTTTAAGCTGTATTAATTTCCCTAAGGGACAGAGTGCTGGAGATGTTCTTAATCTCCAGCACTTAAAAAAAGATAAGGATGGATCGGCTACATGTTATCAAGGGTTAGAATCAAGGAAAACCTCTGGGGTTATTTGTTTATTATGCCCTGGCTTATTGGGTTTATTCTCCTATGGGGAGGACCGGTAGTAAGTTCATTTATTATCAGTCTTTACAACTGGTCAATTCTCGATCCACCCAAGTGGTTAGGATTAAGAAACTATGAAAGATTGGTTACCGATCAGTTATTTTGGCAATCTTTAAAGGTTACCGGAATTTATATCATCATCGTTGTCCCGGCCTTATTATTTTTAAGCTTATT
CP065383.1_gap42	1981662	1984593	2931	TCGGCAGCCCACCTTTATGCCTATTGGTCGTATATTGAAGGAGTTTGGGCAGAAGAAATGTCTCGAAATAATAAAAAAGCTGAAATAGCAGCACTTCAAGCTGAAGCTTTGAATGCTATGAATTGGATTTTAAATGGTACTTCGGAAAAACCTGAACAATTTGATGAAATTTGGAAAATGATTCTTTCCTCTCAACACCATGATGTATATTGGATTGAAACCACTGATTTAAAGAGAAAATCTCTCTCATGGTTGGATGAGGCTATAAAAAGTTCAGAAATGATCTCCCATGATGTAGAATCAGAATTAGCCAATCAAATTGATACCAGCTGGATATCATCGGGGAAAGCCTTGGTTCTCTATAGTACTCTTTCTCGAACTCGCAAATTGGCAGAAAAGTTTTTTCTCCAATTTGAAAAAGGAGAGTATTCTTCGTTTCATCTTTACAATTCTAAAGGAGAAAAACAAGAGTTTCAGTTAGTTGAAAAAGAAACCTGGGAAGATGGAAGTATAAAGAAATGCGATGTCCTTTTCCAACCTGATATACCAGGTTTTGGATACCAAACCTATATGATTCAAGCTTGTGATTCTAATCCATCAGATCCCATTGAGATTGAACTTTCCTTTTATAACTACGAGAATGATTTTTATTCGATTAAAATTTTAGGTGATGGAACCATCTCTTCCTTACAGGAAAAGAAAAGCGGAGTAGAGCTTATAAATCCGGAAAAATATTATGGAAATGAAGTACGGGGGCAGCTTAGCGATGGTGATTGGGTTACCAATCGCTCATCGAGTTCCAGTGTTCGATTGATAAAAGGAGACTTGGCTGATATCTTATTCACTCAAGGTCAAATTGGACCAATAATGTCGCAATTAAAAATTTATCTTTATCGTGATTTGCCGGTAATTGACTTTAATCTATCCCTCGATTTTGGAAATGAGGGACTGAGTCTGGGTGATTTCTGGGATGATACGATGAAGTTGAACCTCTATTGGCCGATTAATACCAACCAGCATATCTGGTACGATATCCCCTTTGGAACAAGAACGGGAAGACCTGGTCGACCATTATATTGTATTGACTGGATTGATATAGGAAATGAAAAAGCTGGATTGAGCTATTTCAATCGGGGAACGACCAAACACCGAATAGAAGACGGGGTTTTGATGAATTGTTTGGCTTGGGGTGGAAATAATTTTTCCAACCGCAATCCTGGTCTTTGGGAAAATGTAGAACGATATGATATTCGTTTATATGGAAAACACAACATTCAGTATTCGATTCTTGCTCATTCCAGAGATTGGAAAACCGCCAATAGCTATAAGTGGGTGGAAAAATTAAGTCATCCCATCCACGCGAAGCTTACCGGAAAACATCCTGGTGTATTCCCAAATAGCTTATCGATTTATGAAAATAATAACCCGGAACTGATTCTAACTTCAATCCGCCGAGGAGAGAAACCTCAGGAAATTGTGGCTCGGGGCTTTGAGAACCAAGGAAAAACCATATTAGTTCAGTCTGGCTTTCTGACGGAAAATGACCAGAGAATTCAATACCATTCACTGAATGGAAAGAATATTCAATCGGTTTCACCCTACCAAATATTTGAAATCACACTTAAAAAAGGAAATCGAGATTTAGGAGGCTAAAAATGCCAAAGATTATTCTTGATACCGACATAGGGTCCGATGTTGATGATGCCATGGCTCTGCTTTTTGCTCTTCACTCCCCAGAATTGGATATAAAAGGGGTGACCACCGTTTATGGTGATGTTCGTCTGCGAGCAGAAATAGCTTTAAAACTTATTGATTTGGATGGAAAGAAAGGAATTCCAGTTGCTGTTGGTTCGGAATTTTCCTTGCTTCGAGAAAGAAATATTTGGAGAGATGGTATTGAGGGGAAGGGGATAATTACCGGAGAAGAGACCGATCTCATCCCAATCAATGAATCGGCAGCGGATTTTATCATACGGATGGTCCATGAAAATCCTGGAGAAATTGTTTTAGTTGCGGTTGGGCCTTTAACAAATCTCGCGGTTGCCTTAATTAATGATCCAACTATAATTCCAAAGATAAAAGAGATCATTTTTATTGGTGGGATGGCTCGGGTTGGTGACAATAGCTTGGACGTGCCGGCTATAGAATACAATGTTCGTTGTGATCCCGAAGCTGCAAGATTAGTCTTTCGTTCGGGTATTCCAATAGTTATGCTAGGCATGGATGTAACCCGAAGAAATGCAACTTTTATCGATAGTAAAGATTTAAAGAAAATAAAAGAGGTTGGAGCTCCAGTTCATCTTATGGCGGTAACCCTGCTTGAGATTTATTGGGATTATCTTCAGAAAGATGGGAGTTGGATGCACGATGCCCTGGCTCTGGCTTTTACCATTGATCGCTCATTAGTTAAAACCAGAAAATTATTTGTAGAAATCGAAACCAAGGGAATTTGTACAACTGGTCTCACCCTGGTGACCGACCAAAAAGATAGAAGCAATGTTGAGGTTGGGGTTTCACTTGATGAGAAACGATTTCTTCCATTTTTTTTGGAACGGATCTGTCGTCAAACTTAAAAAATATAAAAGTCAGTAAATTGGGAAATTCCCCTTTTGTCTCTCTTTGCTAAGGGGGAAGATTGAATTCTAAGTAAATATTATCATCCTCATCTGTTGTTAGGAAGGTGGTTTGGAAGACTATCAAGTAGATACATCTAATGGCTGGATAAATCAAACCACAAAGAATGATTAAAAATTTAGTGGTGCAATAAATTGCGTCCATATTTAATGTAGCGACATGCCACGGCATGTCGAATCTTGGGTTTTCATCCTCATCTGGTGCAGCTATGCAGCATGAAGGTCTTTCCTGATAATCAAAAAAGCGCATGGTATAATGACCAAGAAATAACTGAAAGGAAAGGAGAGATTGATCTGT
CP065383.1_gap43	1988215	1992750	4535	TACCCACAATATCGGCAATTATTAATGCAGTAATTACTAATATAAAGAGGAGCAAAAAAAACTAATCTTTTTCCGTAAATTTTTAACTTAATTTCTTTGGCAACATGATAAATTTCTTCTAGTATTGCTGGATCATCGGTTTGGAGGAGGATGGCGCATTCTTCAGGAGAAAGGCCTTGAGCCATTCGAGCTTTCTCGATGATATCCATAATTTCTTTTCGATGACGATTTTTCCCCTTTTCTAATAAATCCTCAATACTTTTTTCGTCAATAAAATCAGCTTTTTTTCTTTCATTGAGAACCAAAACCATGATAAGCCTCCTTTTTAGTTAAAGAATATTTTTTTATTTTTACCGCGTGGCCATAACTCATCGAAATAGTCCGATTCATTTCTTTCAAGAGTTTTTTCAGATTGTTCATGCTTTGTTTAGGATCTTCGATGATGTCGATTTTTTGAGGATAGATGGAATATTGATCGCGAACTGTTAGAGGCGTGAAATTAGGCATGATGACGTTTGCTCCCGATCCTAAAGCTAAGCGACGAGCATCATCATTTACCGTACTAATAGCGGTGGTAGCCGGAAGATGAATGGTTGGAAGAACGATTCGGGTAATAGCCAGAATTTTTAAGGTTTGTGAGAGAGAACCAGCCGAATAACATCCCAGTGGTGTGTCGGGATGGGGAAGAAAAGGCCCAATACCGGCCATTTCAACATTTAATTTTTTCATAAGGAGAACATCATCAATCAGTGATGTTAAAGTTTGGCCAGGAAGCCCAACCATATTTCCCGAGCCAATTTGATAGCCGAGATCCTTTAAATCCATCAAGCAATTGATTCGATCTTGAAGGTTTTTCCCCGGTCTTATTTTCTGGTAAAGAATTGGGTCGGCGGTTTCATGTTTTAATAAATAGCGGTCAGCCCCAGCATTCAGCCAGATTTGGTAACTCTGATGGGGGTGTTCTCCTAATGATAAGGTAATCGCTACGTCAAAATGCTTTTTAATGAATTCGATGACGTGTGCAATATCATAAGGTTGATAAAACCGGTCTTCTCCTGATTGAAGGACGATGGTTTTTAATCCGTATCTAACTGCTGTTTGGACCGATTGGTAAATTTCCTGATTGGTTAAGCGATACCGAGATATTTTGTGGTTTCCTGCCCGTAATCCACAGTAGAGACAATGACAGGAACAGTAATTGGAAAACTCAATAATCGCCCTGAGGTGAACTTCATCACCAACCTGCTTTTTACGAATTTGATTGGCGTATCTTAGAAGAGCAGGAAGTTCAAACTCGCCTAAATCAAACAGTTGTCGAAGAGATTCTTGATTAAAATTTCCCGGTTCTTTGGTTAGCATAGGCTGGTTATCTATTGCTTCTCTCACTCGTTTCCTCCTTTATCGAGTGACCAAGGTACTTTTAACTTTGATACCGGGAATTTGTCCCAAACGGCCGGTCAAAGCTCCAATTTCATCGGTACTTCCGTCAACAATAATGGAGATAATTGACAATGATCTCTCGTGATAGGGGAGCCCCATTCGACCGATAATGACTTCGTTAAATGTACTAAGAAGTGAGTTGACCTGAGGAACTTGTTGCCGGTCTTCGATAATGATACCAATGACACCAATCCGTTTTTCGGAAACCATATCTATCACCCCTGGAAACTTATCTTTGCTGATAACCTATGCCGGAGGAGGGATAGTTCGGTATCGTAAGAAGAAAAAAAGAGGCAAAAAAGGATTTATCCAATAAAAAAGCCTGTTTATTAATCAAACAGGCCAAATGGATTCAAGGTTAAACTTCGCTGCCCCTTGACCACAGGACCGTTCGCCCGTTTGCCTCAGGTATACGATATCTTTTCATCCCATCCGGTTAGAAAAACTTCCTTCCGGTCAGGTGTCTTAAATATACTACAAATTTGAAGAATTTTCAACAGATCGAGGATTTTAAGTGGATAATTAAAATTAAGAACCTTGTTTTACTTAAAAAAGATTGAGAAGTGAGTTGTATAGTAAAAAAATACACCATCGAACTCACCTTCTCCTTTTTATAGGAGAAGGTGAGAATGGAAATGAAAAAGCAACGAGAAACCGCTTTTTAAACTTCGTTACAAACCGGTTGGAATTTTTGAATGAGTGTATTGAGAGTCTTTTTTCTAATTAAGGCTTCGGCATCTGGCATTTTCAATTGGGTGATAAAGAGGTTTTTTTCTGATCCGGCTTGTTTTGTCCAGCAAGAATATTTTATGTGAGAGCGAAAGAAAGTTTGATCACTTAAATTTTCACATTCACCAAAAAAGAGCACCAGGTATGGCTTAGGTTTCACTTTAGGGTCATGAGCCAGTACTGCATAGATGCAGGGTTGTTTGGGTGGTTGCCATTTCCCAAAGGGGGTCGGCTCGTCAAAGATATGGTCACCAAATTGAATACTCATAATTTCCCTCCTTTAAGCTTGAACCACATCTTAACAGAAAAAATGGTTCTTTTTAGTTTTTTTTAATCTTTTGACTTCAAAGGTTTCAATAAAGAATAAATCGGTGTTGGTTAGGGAAAAATGGTTATGCAGTTCTTGAAGAAAAATAACTTTCACTCTGACTTCAATCATTTATGAAAGCGTTACTGCTTATTTAAAGGAATGAATTGAATATATTTTACTCTAAAATACCTTTCTGAACAAGAATTTAATTTCATCCCTAAAATAACAGCTTTAAATCATTTACGTAAAGATTTAAAAGATGATAAGCCAGGAAAATTTAACCAGCTTCCCTTACGAGGGAAGATACCTTCATTTATTTGCCTCACATCTTCTAAAGAATAAAAAGCCTGAGGATTAAATTGATTAATGAATTGAATAACCTCGCGAAGGTCCTTTCTTTTAATAATGACAAAAACAACTGTGACTGGTCCCTCGGATCCTTGACCGGAAATACAGGTTACTCCGATATTGCGATTTCGGAGTTGATCTAGGAGCAGTTTAATGTCTTTGTTGGTTATGATTCGGACAATAGTATGTCCCATCGCCAACCTTTCTTCGAACCACATTCCGACATAATTCCCGGCAGCAAAACCACTGGCATAAGCGAGAAAGTAGGAAACTTCGGTCAAATTCATCATTATCTGCCGAATAGCTAAAAGCCAAATTATAACTTCAAAAAAACCAACTATAGGAGCTATATTTTTTAAGCCCCGAGAAACCATAATAATTCGCAGTGTTCCTAAGGTTACATCCGCCATACGGGCTAAAAAAATAAGTGCCGGAAACAATATATAGTAAATAAATACCGAATCGTTCATTTTATTCCCTCCGAAAAAAGAAAAAGCTGTCTTTTGTATTATGATTAAGTATGAGAATTAGTTTTTTCTAATTTTATTTCTTTTTTATTATATGACATAATTTAAGAATTAAAAAATTTCCTGCAATTATAAAAAGATTTTGCAGAGGCTTGATTTATCATACCCGTTCTAAATCCGTCATTGCGAGGAGTCTGATCGTTTTTTGATTAGATGACGTGGCAATCTCATTTAGCCAATCTTTTTTGTCCTTTTCCAAGGATAAGCAATAAAAAAATTAAAAAATAAAGACACCCTCCCCGCTGCAAAGCTCCACCCTCCAAGGAGGGGAATTGTTATGTTCATTCCCTCATTAAAGGGGGGACTAAGGGGGGTGTGCATTTCTCATTTTTGTTTGATCACTTTTCACTGTTTCCGGTATTTTCAGGATAGACTCTAATACCACCATGTCATTTCTCATCGTAGTGTTTATCAATAATAAAAACCTATGGAACCGATAACCGAAAGGATTTATAATAAAATTATAAAAAAGAAACATAAATCCATATTTTGATATGGGGGAGATAGATGATGAATGCTTTAATAATTATCGATTTGCTGAATGATTTTATGCGACCCCAAGGGGCTTTATATATAGGTGATCATGTTCAACCGCTAATTCAATTTTGCCAAGAACTCATTAACCAGAAGAGAAAAGAAAACTACACTATTATTTATTCTTGTGATACACACTGGGAAAACGATGAGGAATTTTTACTTTTCCCACCTCATGCAATTCGAGGAAGTTGGGGACAAAAAATCATCGAAGAAGTAAAGCCACAAGAGGGAGAATTTATTATACCGAAACGGCGATTTAGCGCTTTTTTTGGCACTGAACTGGACTTGCTCCTTCGGGAAAAAAAGGTCGAAAAAGTAGAAATCGTTGGTGTTTTAACCAATATCTGTGTTCTTTATACCGCAGCCTGGGCGCAAATGCTCCATTATCAGGTTGCAGCTTATCGTCAGGGATTAACATCAAATGACTTGCAAGCACATGAATTTGCCTTAAAAGAAATGAAAAATACCTTAGGAATTGAAATACTTTAAAACAATTGAATAAAAGAAAGTTGCGAATACCATTATTTTATAAGGAGGAGCGGGTATTTGATAAATTTCAAATCCTACTTTTTTTTTGGAATCATCCTGGTATTTCTTGGATTCATGGTTTCAGTTGGATATGGAGCACAACCAATCACCCTTCT
CP065383.1_gap44	2077235	2079957	2722	ACCAAGGTTTGTTTTCAAAAAACCGGCTTTCAAGATTTAGTTAAAAAATACCACCTTCCTTTGATCAATTTTAACCAATCGGAAACGGTATCGGTTCCAGTTCCGCATCCGCTTATTCTCAAAAACATTCCAATTGCGAAAGAGTATTTTGAAGCCGATGTCATCATTAATTTACCAGTGATGAAGGTCCATTATGCGACTGGCATTACCCTGGGTTTAAAGAATCTCAAAGGATTTCTCCCTCCCGAAGAGAAAAAGCATTTTCACGAAATTGGTCTGGATCAGGCAATTGTTGATCTCAACAAAGCCATAACCACCCAACTCACCATTGTTGATGCCATTCAAGCTATGGAAAGAATGGGCCCTCGGGGTGGTGATATGGTTTCGCTCAACTTAATCATGGTTGGCGAAAATAACTGGGAAGTCGATTGGGTGGGGATGAATATAATGGGGTACCAACTTTCCGAGGTAAAGCACCTTCGATACTACCTGGAAGACAAGAACATTGATGAGCAGAGGATTCAAGAAGTCAAAGTAGTGGGAGAAAGCATAGAGAATGCCCGGCATCCTTTTAAAAAAGTGGCTATGGAAGCAATCATTCCGCCCTCTTTTAATCTCTACCAAACCAATGCTTGTAGCGCCTGCATGAATGCCTTGCTGCTTTCCTGCTCCTTTTTAGAAGGAATCCCGACAGTTCCGATTGATGTCTTTCTTGGTTCAAATATTGTTGAATTTCCTTCCAACCATCATCTTCGTCTCTCTTTTGGAAATTGCTGTACAAAAAAGACTGATAATCCGCTTTCGATACCAGGTTGTCCTCCTTATCCTTTTAATTTAAATTTACTTTTAAAACAAAGAGGATTGATAAAAAAAGAAGAGAGTTAATATTTTTTATGAAATGAGTTTTCGTCTTCTCCATTGGTCAAAGATCACCACTGAGACAATGATGATTCCGTTGATGACCCGTTGCCAGAAGGGTTCAACATTGAGAAGGTTCAAGCCGTTTGCTAGCACTCCCATCAGAATGGCGCCGATAAAAGTTCCAAATATAGTTCCCTGGCCGCCAAACAGATTGGTTCCTCCAATGACAACCGCGGCAATGGTCTGAAGCTCGATACCTTCAGCCATCAAAGCATTCGCGGAGTTCATCCGTCCAGTGAGAACCAATCCGCCAATTCCACAGTAGAGTCCGGATAGACCGTACACCCAAATTTTGGTCCATTCGACGTTAATGCCTGAAGCACGGGCTGCCTCCTTGTTACCGCCAATCGCATAGATGGACCGGCCGAAACTGGTCCGCATCAATATAAACCAGGTGATTCCTATCATAATGAGAGCAACGATCATCGGTGCCGGGATTTGGAAGATGTCGCCCGCTCCTAACCAAACCAGAGCAGGAGGAAGATATCCTTTTAAAGCGGTTGCAGTGAAGTGAGAGGGAACTGGCAGCCCATCGGTAATCAATAGAGCCACACCTCGGAAAGCACCAAGCATGCCTAAGGTACCGATGAAATCGGGGATTTTTCCTTTGGCAATAAGAATTCCATTGGTAAAACCCGCCAGCATGGCAATGATAACGCCTAAAAAAGCACCGGAAAGAAAATCCCATCCCCAGTAACTCATGGCCACGGCTCCAACACTTCCTCCCAGGGCGATCAAAGGCCCAACCGAAAGGTCAATACCGGCAGAAATGATCACCATGGTTTGAGCACAGGCGGCTATTAAAACGACGGAAACCTGACGAAAAATATTAAGAACATTACTGATAGTAAGAAAATGTTGAGAAGATAAGGCAAAAAAAGCACTTAAGCCAATCAAGCCGATTAAAGAACCACCCTTTAGGAGAACCAGATGTACCAGATTCCCAGGTTGGTAAGATGGTAATAAAACTCTTTCTTTTTGTTCATTCTTGGTTGAATGATTCTTATCCATCATTTTCCCTCCCATAATGAACTCCACTGGCGGCTGCTAAAATTTCTGATTTATCTAATCCCAGAGGATTATTAAAGGTGGTCACTATTTGTCCGTTTCGAAGTACCACAATCCTGTCCCCCATTTCAATGGCTTCCAAAGGATCCGATGTGATATAAATGACGGTTAAACCTTTCTGAACCATCCCTTTGACAAAGTTGCGGATTTCAAATTTGGCTCCAACATCGATCCCGCGAGTTGGCTCATCCATGATCAGGATTTTAGGTTCTCGTGCCAACCAGCGTGCAAGGAGTACTTTCTGTTGGTTCCCACCACTCAGGTATAAAATTTCGCGAAAAATATTCGGGGGCTTAATTCGCAAAGCTTGGACGTAATGCTTGGCAACCTCATGTTCTTTTTTGATCTGGAGGACTCCGTTTCGAATCATTTTTTTGAGTATCGCCAGAGTAATGTTGGCATAAACAGGTAATTCGTAAATTAAGCCAAAACGGCGGTCTTCGGGAATATAGCCGATTCCAAGCTGGATGGCGATTTTGGGATGATTGATGGTAACCGGATTCCCAAATAAGCGAATGGTCCCTTCCAGGGTTTCGAAACCAAAAAGTCCTCTCGCTAAAGTAGTTTTTCCCGAACCCATCAAACCAAAAACGACCAGAATTTCACCCTGATAAATATTTAAACTGATTTTTTTCTTGTAGAATTTGGTTCCTATTTCTTCAAGAGATAAGGCAATGGTTTTTTCTTTGGTAGGAGGAGTATGGTGGAAATTTTTTAAATTTATATATTTACC
CP065383.1_gap45	2081214	2084426	3212	ATGGAATGAACCATTTTTTGAACTTCTTCTTCTCGAGTTATATTGACTGGGTGGAATTCAGCATACCCTGAGTGGTTCTGGATTTTTTTCTCGATTTCTTTCCCCCGATTACTGTCCAGGTCGGCAATCATGACCTTGGCTCCTTCATGGGCAAACAGTTCGGCAGTAGCCGAGCCGATTCCAGCAGCAGCTCCGGTAATAATTATAATTTTCTCTCGAAAGCCGAAATCCATTCTTTTTCTCCTTTCAGTTCCTCCCCGACATGAAGAGGAGAGTGCAATGGTATTTTTTCTTTGATCTTTGAAACAAAAAGACAATCATGGCTTTTATTGAGCGGTATTATGGATTGGTACTCAAAAGAGCCATGATTGTCTCAAGAATGAAGGGGAGCAGATCTTAAAAGATACTATTATTTTTGATAGGCTTCTTTGATAGCATTCCAATCGATAGGCTCTAATTCGGGATTGGGATAGAATTTATCGGCATTCCCCTGCCATTCAATTCTGGGTCGGATATCAAAGAATTGAGGAACCATATCCTTTAAACCAAGCGCTAACATCACAGCGTATTTGGTTCCGTACCAACCCCATTCTGGAAATCCATGCCAGGTTTCTGCAATGAGCCGCCCTTCACGTATTCTTTCCACAGATTCCGGGGTTCCATCATTAGTAAATATTTTCACTTCCGGACGATTCATTCTTTCACAAGTAAGCATCGCTCCTAAACCCATTTCATTTGATGCTGCCCAGATAAAATCGAGCGTCCCCTGGGGATTAGCCGAGAGCATATCTTCGGTGACTTTAATTCCTTTTTCACGGTTCCAGTCGGCGGGAAGGGTGGTGACAATTTTTATATTGGGGAATTGGTCAATAACTGAATGGAAGCCTCTTAAACGAGCTACGGAGAAAAATCCCCCGGCAATTCCTTCAACAATCGCACCATTCAAGGAAAGATCTTGTAAGCCGGCTATGACTTCGGGTGTATAGAGATTTTGCCAGAACTCTAAATCTAAATAAGTTGATTCGGCAGCATCGACTTTTTCCCCTTCGCCTAAAATACCCGGTCCACCAAAATGATCAATGACTGCGTAAGCGGATACAGTTCCAGCAACGGTATTATCAAAACCGATATAACAGTCAACATCGACTCCTTCAATTGGTTCGAGAAGATTCACCACAACCACCGGTATTCCAGCTTCTATGGCTTTTATGAGAGCTGGTTTAACAACTTCGACTTCGATAGGGGAGATAGCGATTACATCAACCTTTCTTTGAATAAAGTCTTCAATAATGGCTATTTGGCTGGCGAATTCGATATGTGAAGCGGGAGAACGGGTAATGATTTCTACTGGTATGTCATTTTCGGTTGCCTGTCGAGCTGATGCTTCAAAGAAATCGGTAGCAGTTTTAAAAACACCGGTAATATCAGGCGGTGTCCAACCGATGGTGATTTTCGGTATATCGGCGGCTAAAGCTCCAACACTTAAAACGAGAATAATAAGCAAACTGACGAAAATTTTTTTAAACATATTACCCTCCTTTGTTTACAAATAAAATAAAAAAGTAACCAAAATTCGAACCCGTTGGTTTATTTTCTGTTTTTCTCCTCCTTTCAAAAAGAATGAATTTTATAAACAATTAAGAGCGAGTGGAAAAGACCGTAGATATAACCTCAGTGGGGGGAGTAATGTTATGTTGTTAAAAGGAATAAATCTGAAGACTGAAATTGCGTTGTTAAGTCGTTTGACCTAGAAATGTTAGAATGGTTGAGCAGAGAGTCGATTCAATCTTGATCGGGTTGATTCAATTGCTATCCGTAAACCCCTCCAATATTCTCAAAAATTTTGTTTACATAAAGCCATCAGGAAAAAAAGCCCAAAATAATGTTGAAGTGGTAAAGTCATTATAACCACTTAAATTATATCATCACCCTCGACAATGTCAATGAAAATGAAATAGCTGTCGAGAGGAGTTAAGTATCGAGGGAGGGAGGGGAGAGTATTGGCGAAAAACGCCAAGGGGGGAGAGGGGGGAGAGGGAGCGAGGGGGCGAGAGCATTTACTCCCTCCTCACTCAATGCACTTTTTAGTTATACCCACGGTCTCCGTAAGGCTGAAGTTTATCCAGCCATTTTTCTTCAAGTTTTTTCAAAGCATCGGCTGGAGCGGTGTAATCGTCTTCTTTCTGTTTTAATTCCTCCAACACTTCAACTACGAAAGCCTCTTTACCAAACTCAGTCCATTCTTTCTGAAGAGCTTTATTGGGGTAACTCCCCATTTCTAACTGGAAGGTTTTACCATTTAAAGTTTTAAGATTAAGTGTACTTCCTAAAAATACTTTTTGGTTTTGGGTATTTTTAATTTGGTACACACCGGCAACTGATTTACTTTCTTTAAATTGTCTTTTTATTTCCTTTTTGTAATCCATAAGCATCCCTCTTCTTTATAATCCTTCTTTCAACCAGTACTGACTTCCATCGGGTTTTCTTTCCATAAAACCATATTCGATAAGGTATCTCCGAATGGTTACGAAATCGGGATATCGTTTCTTAATGATTTGATTGACTTCTTTTTCATCATATTTCCGATTTTTTTCAAAATCAAAAGCAAATTCTCTTAAAATGACCAATTTGTATTTTTCTTTGGCCGGAAAGGCTTTCAAATGAGCAATGGTCCCTTTAGAAAAAAAATTCTTTATAATTTTTTCTTTTTCTTCTTCAGTAATATTGTATCGTTGATCAACAATTTTAGCATTTTTATGGAGAGGTACAAAAACCGGTGCGAATTGATCCTTTTCTTTTAAAATTTCCATAAGAACCAAAAATAATTTGGATTGACGTTCTCTTTCTTTAAATTGAAAGCGATGATTCCGAATGGTCGAGACACTTCCAATGTTCATTTCCTTTTGTATTTCGCTATTGTTTTTTCCTTGATAAAAAAGATTAAGCAATTTTCTTTGGTGATCAGTCAAACCAGTTAATCTTTTATCTAAATTGATTAAATACTCAAAAACGGAATGATGAGCTTTAAGAATATGGATTTCTATAAATTTTTCGGCTTCATACAGCATTCCAGAATCAGAATATATAATTCCTTTTTCAATTTCCTTGCCACAAAGGAGACAAGTGAAATATTTATCTTGGTCCAAATATCCTCGTTTTAAATCGATTGTGGAGGCATTCCAAAATAATTCTGAATTGCTCATTGAATAAAC
CP065383.1_gap46	2086878	2091176	4298	TGATAAAAAGGCTGGAAAGTTCGTTGGGGCCCGTGTTTCTTTATGAGTTCTAACTTTTTAATCATTTTTTACTCTGCAAGCCCCCCCAGAAATGATCTTATAATATTTTCTTGATCCCCAAGCTCTTACTGCAAAAGGAATCAAATCTATTTTTCAATTTTTTTAATTTTCTTTTGTGCTTTCTATCCTGAAAATACCAATATTGGTGAAAAAAGAATAAACAAAAAAGACAAGGCACACCCCCCTTAAATCCCCCCTCAATGGGGGAATGAATTCAACAATTCCCCTTTTGGAGGGGTGCCACTTTCGCGGCGGGGAGGGTGTCTTTATATCTTTATAGAGTAATTTTTAGAAAATAAAAAAAGAAATAGGAATGAAAAGATGGGATTCTCACGCCGTCCGGTAAAAGAAAACGAACTCCTCAAAATGACAGACTAAATAAATGAGATTGCCACGTCGCACAGGACGCTCCTCGTAATGACGGAGCAGGAATAAACCAAATCCCCCTAACCCCCTTTTCTAAAGCTCATCGTTACCCATATCTCCCCTGTCTGGACACCGAAGGAGGTTTGCAAGGCGGATCAAATTGACAGTAAGGAAAGAGGACCTTGTACGTCGAGGTGATATCGTCTAAACGTTGGAGTCCCAACCACATGCTTTTGGTTCCAGGATGGCCATCCCCTTTGCGCCCCAAGAACCCTCCCAAGGAAGCCACCATCCTGATGGCTTCTTGAAGAGTCGGAGGATGAGCTGGTGGAAGAGGATTGTGAGTAACATAGGCAACTAAAGCTTTCCACTCGGCTTCTTCAAAGAAAACAGTACAGGGAACATCGGGGGTTTCTCGTCCTTGCTTGGCTAAAAAGAAGATCCGCCAGGCAACCACGAGATCAATAGCCAGACAATTTTCAATTCGATCGGCAGTTCGAAGCTGGCGCTCTTCAATTTTGCAGCCACTCTTCAAGGTCCGGTGGTAGATTTCAATCAACCACCGATGACAGTACCACTGTATTCGTTCACAGGCATCTTGAAAGTGATGAACCGGCATGGTGGTGAGGAGCACCCAGCTGATGGGGTCACTCCCATCGGGAGGAGGAGTCTCTTCTTCCGCGCTCACCGCCCACAGCGTAACGGGAGGTTCTTGAGGACGGTTGCGAGGCGGTTGAAGGGTCACCTCGCAAAAGCGAACAACGAGTTCGGCGTGACGGGCTCGACGGTTTTTCCGTCGGGGAACGGTGATGGGTTGACATCCAGCACCTGGGGTGGTGGCCAGTTTTTGGAGATAGGTTCCTTCTTCTCCAGCCAGAGCTCGTTTTTGAAAAGCTCGAATGAGCAGTTTGGGAGCGTGGGGATGGGTCGTCGCCCGCACAAAGAGATCATACAGATCAGCTTCCCGATCGGCGATACTCACCAGAGTGGTCTGAGGGCATTCTTTTTGCAGACGAGCGGTGGCATCAAAACTTGTTAACCAACGCTGGCTTTCTTTTTCTTCTAAGGGAAGCACTGAGCGCCGGTGTTTTTTCCCGAGGCTTGCTGGATCACGGGCATAACATTGGATATCGACTAATCCTAAAGGAACCCCATTGGGAGTCACGGCTAAGCTAGCATGCAGGAGGAGTCCAATGGCTTTTTGGGAGCTGGTGCCGATTGGTCCGAACCCTTCGGTCTCAAGATGGGTTTGATAGTTGAGGGTGGTGGTGTCTTGACAGACCAGAGCCAAGGGTTCTTGAGCGACTCGATGTTGAGTCGAGCGGAAGTGGGGAGCAAGGATGGTCTTCAGGTTCATGGCTGGATGATCGAAAAACCGGTAGCACGCCTTGGTTTTGGCTCGGCTGCCACAGACTTGGGGGATATTCCCGGTGGGACAGGCATAGAAATCCCGGACCAGGGTGAGCAAGCGTTTTTTGAGTCGGAGATCGCCACAGCTGACTCCTTGGAATTCCTCTTCCACCCAATCGGCAAATTCCACTGGGGAGGAAGGAGGAAAAGTAGACACATCTCTTTCATTATACCGTAAAAGGGTCCGATAGTGACGGTGGAGCGGATAGAGAAAAAGACGTTTGACTGAAACGGGATGCTGGGCGAACCGGTCTTGGCGACCTCGGCCGTTGGTGAAGCCGGCGTCGATCCAGTTGGCGGCTCGATAAGCGGTTCCTCGATAAAAGCGGGTATCAACAAAAGTTTCAAGGAGCAGCGGCCTCACCTGATAGCGATGGTACCAATCAGCAGGAAGCCGACGGATCGCCAGTGAGAGGACAAAAGACGCCAGATTCTTCACCCTTACCTCAGGACGGAGGAGAAACCGGCTGTTATTGACCACCTGTGATAAGTTGGCGGCTCGAGTGTGATCATTCCAGCCGATAAAGGTATCTCGGGCTTTCACCCGCCAGGCGGCAGCGCTAAAGGCCAGACCCCCAATCACTCCATAGCGGTGACTGTGAATGAGGTAGCGAAGCTGGGCTCCGCATAAAGGACCGGATCGCAAGGGATGGTAGCGATCAAAAAGAGTATTTCAGAGGTGAGAGGCTGATTTATCCTGACTGGTCACCAGCACAAGCTTTGTCTCCCCGAGGTCAGCTATTGAACCAGTGATACCCGGCAAGGGTTCAAGGAAGGGATCAGGCCCTGATTTTCGTTGAGGAATCGAGCGGTGATGAGGAGCCGGGAGAGTCAGTTTCCCCCATTTTTCTAGGCGAAGGAGTGCCACCCGGGCGCTCATCTCTTTCCATTTTCCATTGGGGCTTTTCCAGTCCAACCATTCACAGACCAGTCGAGAGAGTGCCCTTCGAGAAATGATCGGTTCCTGGTTGACTTTTTCTTGTATAGTTTGGATCATCGTATCGGTAAACTCGTGACCGCAGACTTTCATGCGGAGGAGTATAGCACCTTTTGCCCATTGTGTCCAGAGTAAGGTTATGGGACACGATGAGTTTCTAAAGGGGGAAATTGATCGGCATATTATTATTTTCATCCTCATTTAGTGCTGTAATGCAACATAAGGATCTATCCCCATTATTTTTAAACACCGCTACTTAAACTCTTTCGCTTCTTAATCGAAAGTAGAAGAAAGAAGCATGCTCTTAATTATAACTAAGTAAAGATAACTACTATAATTGTATGAAAGTTGAAGATTCGAGGAAAATTGACTTATTTTCTTTTTAGGATATATTAAGAAATATAGGCAAGATTTATATTATATTCATTTTTGGAAATACCGATATTTAAAAATTTTGAGTAACATAATTAAATCTTTGAATTAATAATCATCTTGATTCCGTCAAACTTAAAAAATAGGTAATGTAATACTAAAAATTATATGATTGGTGGGAATCTGAAAATGAAACCAATGAAACTACAGGATATTATTGATCAAATTGATTTTCAGACAGATGAATTTCATTCATACATTAATACTGAAACTGGTGAAATAATTGGTTTTAGTTCTGAAGAACTTGATATTGCTGAGGAATCAGAAGGTGATATTGATTTTTCAAAATACCCCGAGTGGCAGAAAAAACCTATTAATGAAGCCAAAGATGTATTAGACAACTGGAACACTCACAAATATATTAAATTCCCGGATAGGTGGTATGTCAATGAATATAGTATTATGGAAACCTTTTGTAGCTCTGTAAGAGATGAAAAAATCAGAAATGTCCTTTTTTCTTCTATTAGAGGAAGTGGTGCTTTCCGTCGGTTTAAGGATGTAATTCATATATTCAACATTGAAGACTCTTGGTACCAGTTCCGTGATGAAGCATTGAAAAAAATTGCAATTAAATGGTGTGAAGAAAATGGAATTTCCTATATAGAAACATGACATAGAGGCAAAAACCGATATTTGCTTGTTTTGGACAGGGTAGATCAAAAAGACGATTTAGTTGGAAGACCAAAAAATGAAAGAAACCTACTCCCCAACATTTCCTGTTAACCTTCGAAGGAGTAAAATAAAATAAAAAAAAAGAGAAGGGGAAGAAGAAGCAGTTGATATGAATAAAACGGTTTTGATCCCTACCCTGTATGCTTTGACAGCGGCTTTGCTTTTTGGACTAAGCACCCCTTTGAACAAGCTGCTCTTGAACACTATCGAACCGCTGGTTCTTTCCGGCTTTTTATATTTAGGAAGCGGTTTAGGTATCCTCATTTTTCGATTGATTAAAGAAAAGAGTCTATTTACTCGAACCGAGTCTCAATTACAAAAAGGTGAGATTCCTCAGTTTATTGCGGCAGTCACGGCGGGAGGCATTTTAGCCCCATTGGTTCTTCTCTATAGCATCCGGGTTACCCCGGCATCGACAGCG
CP065383.1_gap47	2130282	2134109	3827	TTGCCGATATGTTGGGATATACCATGGATGAAATTTACCGCCTTCACGTTTGGGAATGGGATGCTCAATTTACACGTGAACAGTTGCTCAGTCAAACTCAATTGGTTAGTGAAGCTGGAGATCACTTTGAAACCAAACATCGTCACAAAAACGGTTCAATAATCAATGTCGAAATCAGCAGTAATGCTGCAGTATTTGACGGGAAAAAGCTGATATTTTGCGTTTGTCACGATATTACAAATAGAAAAAAGATGGAAGAAGAATTACGCCGCGAAAGGACGCTTCTTCGAACTTTAATTGATAATTTACCCGACGCTGTTTATGTAAAAGACCGGGAAACCAGAAAGCTACTTGCTAATCCAGCTGATTTAGAAAATATGGGATTAAAACGAGAAGAAGACGTTTTAGGAAAAACTGATTTTGAGGTATTTCCTCAAGAAGTTGCACAACTATTTTACAAAGATGATATGTATGTTCTCAATAAAGGAAAACCCATAATCAACAGAGAGGAACGTTTGGTCCGGCCAAGTGGTGAAGAGCATTTTCTTCTATCTTCAAAGATTCCTTTATTTGACGAAAAAGGAGAAGTAATTGGATTGATAGGCATTGGTCATGATATAACCGAGCAGAGGAAAGCCAATGAGCGAGTTAACTACCTCTCTTTTCATGATTCCCTTACTGGACTTTATAACCGAGTGTATCTGGAAGAAGAAATCAAACGACTTGACACTGACCGACAGGTTCCAATAGGCATTATTATGGTTGATATCAATCGCTTAAAATTGATTAATGATGCCTACGGCCATCCAATGGGAGATCAGTTACTAAAAACATCATCGGGTGTATTGAAGAACGTATGTCGGAAAGAAGATATAATCGCCCGCTGGGGCGGAGACGAGTTTGTTATTTTTCTTCCAAAAACTTCAGTGAAAGAAATTGACTCTATTAAAAAAAGGATTATAGAACAATGTAAAAAGACTCAGGTATGTTCGATACCTTTATCAATGTCGATAGGCTTTTCAGTAAAAACCCAAGTCGACCAAGACATTATGAAAACATTCAAAGAAGCGGAAGATAATATGTATCAGAATAAACTCATTGAAAGTCGGAGCTCAAGAAACACCTTTTTATTAACTTTAAAATCAGCTCTTCAAAAGAAAAACGATATATCTAATGAACATATAGATTATCTTCAAAATTTGGCTCAAATCTTTGGTGAGGCTGTCAATCTTACCGGAACTGACCTGGATCGTTTAATCCTTTTAGTTACCTTTCATGATATAGGGAATATTGCATCACCCGATGAGATAGTCAACAAAACCGGTCCTCTCACTAAAGAAGAACAGTCAATCATTCAAAGGCATTCAGAAATTGGTTATCGAATAGCCCGAACCATTGATGAGTTGTCGGGAATAGCCTATGCTATATTATCTCAGCATGAAAATTGGGACGGAAGCGGATATCCTCAAGGCTTAAAAGGAGAAGAAATCCCATTACTTTCTCGTATGAATGCCATTATAACCACCTATGATGAAATGACCAGAAAGAATAGATTTAACCAAGGAAGAATTTGTTCCAAAGCAAAAGCTTTAAAAGAGCTCGAAAGGTGCGCTGGAAAAAAATTTGATCCCGAATTGGTTAATTTATTTATTGATAGGATGAAAATATTATCTGTATAATTAGGATTTAAAAAAATCATATAAGAAATAATTGAATAAAGAAAGATAGCCTTTCCGCTGCATTCTGATGATTCTCCTGCGAATAAGCCCGTGACATTTTTTTTAGTACCATATGACAATGAAAATAGGTATCTAGGAATCGTTTCCACCTTTAAAAAAGGGGGTAAGAAGAATTTGAATATTTTCCTGTTCCGTCATTGCAAGGAGCGTCCTATGCGTCGTGGCAATCTCATTGAGCCATTCTTTCATTCTGAGGAAGGTAGCATTTACCGGACATGATAAGCATCTCATTTATACCAATTCCACAATATCACACATAATAAAAGATGACTGAAGAGATTGCCACGACCTCAAAAAACCAGGTCTTGCAATGACGACTCAAAATTCCTTCTCCCTTGAGGGGAGAGGAAATAAAAAAAAAGAATCAAAAGATGAGATCCTCAAGCCCTCTCTTTGTGAGGGCTTGAGGATGACCGATTAAAGAATTCATTTGATGGTATTTACAGGATAAACAGTTATACTACTTGGTGATACCATATAAGAGTGAATACCCAAGATTCGACATGCCATGGCAGGTCGTTACATTAAATTTTCCTTATTGAACACTAACTTCACTTTTGAAGTGCCGGTATTTCGTTAACTGAAATTCTTTGATGGCTTCAAATTGACCTGAAAGTCGGATATCCTCTGATGATGAACCAACCATTACATTAAAAAGGCCTGGTTCAATTATTAACCGCATATACTCATCATAAAAGGCCAATTGATCGGGAAAAAGGCTAAATAAAATTGTTCGTTCTTCGTCAGGTTCAAGATGTATTCGCTTAAATCCTTTTAACTCTTTAACCGGACGAACTAGAGATGCTATCGGGTCTTGGATATAGAGCTGTATGACTTCATCACCAGCTTGATGACCGACATTTTTCACTTTACATTGAATTTCAATTTTTTCCAGCGATTTAATTTCTTTTGGGGAAATGTTCAGGTCGAAATATTCAAAGTGGGTATAACTTAAACCATGCCCAAAGGGGAAAAGAGCATGAGAATCGGTAGAAATATATTCATTAAAAGCTAATGAAACTCGATTGTAATAAACGGGGAGTTGTCCCAATTCTTTAGGAAAGGAAATAGGAAGCTTCCCTCCGGGATTGTAGTCTCCGAACAAAACGTCAGCTATTGCATTGCCTCCTTCTTCACCTGGATACCAGGTTTCAATAATAGCAGGAATATATTCTTTTTCCCATTGAAGAGCAAGAGGTCTTCCATTGATAAGCACTAAAACGATGGGTTTTTTCAGCCGACTTAATTCTTTTAAAAGCTCTCCCTGCATATCCGGAAGTTCTAAGTCGGGACGATCGCTGCCTTCGCCGGAAATAGATTGTTGGAAAAGACCGCTTTTCTCACCCATAACTGCAATAATAACTTGTGCTTTTTTGGCAATTTCAAGAGCTTCTTCGAAGCCCTCTTGTGAATTTCCGCTGAGATCACATCCTTTAGCGAAGAGTATCTCTCCCTGAGGAAGTTTATTTTTAATTCCTTCAAAAACATTTACGGTATTGGTCGAATCCTGCCAAACTGCTTCTTTTCCTTTCCAGGCTTGCACGCTGGGAATATGGACTGAATAGCTGTAATCTCCATGGAGGTGAAGACCTTCCCGGGCATTTGGACCAATGATAGCTAAAGTCTTAAGATCTTTTTTAAGAGGGAGTACATCATTGTTTTTCAGAAGGACTATTGAAGCCTGGGCAATTTCCCGAGCTAAATGACGATTTTCTTCAGGATCTAAAAGAGATGGCACCCGATCGGGGTTAATATATATCTCTTCCTCAAAAAGACCCAAACGCATTTTGGTAATCAATACTCTTCGGACCACCTCGTTGATTAGCTCTTCGTTAATTAATCCTTCCCGAACTGCTTCAAAAAGAGGTTCACCATAACAAATCGTATCGGGAAGTTCAATATCAATACCAGCTTGCAAAGATTTCTGAGCAGCTTCTTTGAAATTTTGAGCGACATGATGAAGAGTTACAAGCATTTTAATCGCTTCGTAATCGGACACAACTATTCCAGAGAATCCCCACTCTTCTCTGAGGACTTTGGTAAGAAGGTATCGGGAAGCAGTACAGGGAATACCATCGATATGATGAT
CP065383.1_gap48	2158707	2163193	4486	TTTTCCACAATGCTAAGCCCAACACTCCTCGAGAAGATGTCTATCGGTTAGAAAGCTATATTTTACATTTTAAGCCTGATTGTATAGTAGTTATTGGGGGTGGGAGCTCGATTGATGCGGCCAAAATAGCCAATGCATTAGCTTCCCTCGGTGTTTATAGCCCAGAAATCGATACCTATTTAGGTGCTGGTTTGGTAACGAAGGGGATAAAGCAAACCGGCAAAAAGCTATTGCCTTTAGTTGCAGTTGAAATGGCGGCTAGTTCTGGATCACACCTTACCAGGTATGCCGTAGTAACTGATCCAGTTGCTGGTCAGAAAAAACTGATTGTAGATGATGCCATAATACCAAATCGAGCAATTTTTGATTATACGGTTACAACTACCGCGCCAACCGAACTCACCGTTGATGGAGCGATGGACGGTCTTTCTCATTGTTTGGAATCTTTTTACGGTGTAAGTCAGGATAAAATGGAATATCTTAAGAAAATATCTCTAACCGGTATCGAATTAATTTTGGATAACACTAAAAATGCAAGCGAAAACCCTAATGATTTGGAAGCCAGAGAAGGATTGGGACTTGGAACCGATTTAGGTGGGAATGCAATTATGATTTGTGGAACCAACGGCGCTCATCTTTCCAGCTACTCTTTAGTAGATATATCCAGTCACGGGCGCGCCTGTGGCATTATGAATATTTATTATACTGTTTTCTTTGCTTCTGCTATTGAAGAAAAAGTCCGGTTATTCGGGAATCTTCTCAAGGAAAAGGATTTTATTTCGGTGGAGCTTAATCAATTACACGGAAAGGATTTAGGGGTTGAGGTAGCAGGAGGGTTAACCCGGTTTTATAAAAGCATTAATTTTCCAATCAAATTATTAGATCTCCCGGGATTTAACGATCAATATATTGAGCGCACCTTGCAAGCGGCCAAGGATCCCCAGTTAGAAATGAAGCTCAAAAGCTTGCCGGTTCAAATCAACGCAACTGAGGTAGATGAATATATGGCGCCAATTTTAGAAGCTGCCAAAACCGGGAATTTCGATTTAATAAAAATGAAAGCATAATTTCTTTTATTGATGATTGTTAATTAATTCGCCAAGAGAGTCCATAAAAGATTCTTTATCTCCCATTAAAGTCAAAAATATTCGTAGAGGCATCGAGGGTTCTTTAAATTAAAAAGGTTGGATATTAAAGCAGGAAAAGAATGGTGAGCCATGAAGGATTCGAACCTTCGACACCCGGATTAAAAGTCCGGTGCTCTACCAACTGAGCTAATGGCCCACTCGTCAACTGCAAAAATATATATCAATTTGGTGGTTCTGTCAACCGGTTATGAAGAGTTTTCATGAAATATAAAGAGGAAAAACGGGAGAAGGGAAGGATGAGGGTGAATTTTTTTAGCTCAGTGCTCACACTCACTTCTTACCCTTTTTTTCAGAATAGAAAAGAAATAAAGAAAAAATTCATTTTGCCCCTTGCAAAAAAGACTGGATGCTATTAGAATACTATTTGCCAGTGAAATGGCATTTTTAAGAAGCACCTTGAAAACCGAATAGAATCTGTCAGGAATACACTTCAATCAATCAAACCTTTTGTTAAACCTGATCAAAAAGAATTTTAGGATTTTGCGGTCAAGTTAAGAAAGGGCGTACGGTGGATGCCTTGGCGTCAAGTGGCGATGAAGGACGTGGCCAACTGCGATAAGCTTCGGGTAGCTGTAAGCGAGCGTTGATCCGGAGATCTCCGAATGGGGCAACCCGCTGGAGCCAACCTCCAGCATCCTCTTCACTGAGGAAGCAAACCAGGGGAACTGAAACATCTCAGTACCCTGAGGAACAGAAAACAACCGTGATTCCCGAAGTAGCGGCGAGCGAACCGGGAACAGCCTAAACCGTATCCGTGTCAAGCCCGGAAGCGTTGCGGATACGGGGTCGTGGGACCAACTGTGGTGGTGTCCGGCACCACCCAAGAGTCACCAAATACCCTGGTAGTCGAAGAGGTCTGGAAAGCCTCGCCAAAGACGGTGAAAGCCCGGTAGGCAAAACCAGCGGTATCTCTTGAGTTGGCTCCCAAGTACTGCGGTCCACGTGGAATTCCGTGGGAATCTGGGGGGACCACCCCCTAAGGCTAAATACTCCTTGACGACCGATAGTGAACCAGTACCGTGAGGGAAAGGCGAAAAGACCCCCGGGAGGGGAGTGAAATAGAACCTGAAACCGTATGCCTACAAAACGTAGAAGGGCGATGATCCGGACCTAGTCCGAGTCCGCCTGACTGCGTGCCTTTTGGAGAATGAGCCGGCGAGTTACGGTGATTGGCGAGGTTAAGTGGGTTTTCCCCACGAAGCCAGAGGGAAACCGAGTCTGAAGAGGGCGCATCAGTCAGTCACTGTAGACCCGAAGCCAGGTGATCTATCCATGGCCAGGATGAAGCGGGGCTAAACCCCCGTGGAGGTCCGAACCAGTGTAGGTTAAAAACTGCTTGGATGAGCTGTGGATAGGGGTGAAAGGCCAATCAAACCTGGAGATAGCTGGTTCTCCCCGAAATAGCTTGAGGGCTAGCCTCAGGCAAAAGGAGAGGGGGTAGAGCACTGGATGGGCTAGGGGGCTTACCCGCCTACCAAACCCAACCAAACTCCGAATACCTCTCCTCAACGCCTGGGAGTCAGACAGCGGGGTATAAGCTTCGTTGTCAAAAGGAAAACAGTCCAGACCGCCAGCTAAGGCCCCCAAACGCAGACTAAGTGGGAAAGGTGGTGACACTGCCGTAACAGCCAGGAGGTTGGCTTAGAAGCAGCCATCCTTTAAAAAGTGCGTAATAGCTCACTGGTCGAGCGGTGTTGCGCCGAAATATTCACGGGGCTCAAGTCTGCTGCCGAAGCTGCGGAATCAGCATACGCTGGTTGGTAGGGGAGCGTTGGGTAGGCCGTCGAAGTGGGACCGTAAGGACCCATGGAGGTATCCCAAGTGAGAATGCCGGCATGAGTAGCGAGAAGAGAGGTGAGAATCCTCTCCGCCGTAAACCTAAGGTTTCCTGAGGAAGGCTCGTCCTCTCAGGGTTAGTCGGATCCTTAGCCGAGGCCGCAAGGCGTAGGTGATGGGCAGCCGGTCCACATTCCGGCACTACCGCCAATCGTTTGTAGCGATGGGGGGACACAGAAGGGTAGGCCAGCAGCGTGAAGGACGTCGCTGTCTAAGCCGGTAGGCGGAGGAAGGAGGCAAATCCCTTTCCTCGAGAACGCCGAGAGGTGACGGGGAGCTCCTACGGGAGCGAACTGGTTGATCCCATGCTGTCAAGAAAAGCCTCTAGTGAGAACGGCGGTATCCGTACCGCAAACCGACACAGGTAGGTGGGAAGAGTATTCCAAGGCGCGCGAGTGATCCCCCGTTAAGGAACTCGGCAATCTAACCCCGTACCTTCGGAAGAAGGGGTGCCCCATACCGGTTGAGAGGTTCGCCCTCACAGGCCGGCAGGGGTCGCAGAGAAATGGCTCTGGCGACTGTTTAATAAAAACACAGGACTCTGCTAAGCCGCAAGGCGATGTATAGGGTCTGACGCCTGCCCAGTGCCGGAAGGTTAAGGGGAGGGGTCAGCTTGGAAAGCAATTTTCGAGCGAAGCTCTGAACCGAAGCCCCGGTAAACGGCGGCCGTAACTATAACGGTCCTAAGGTAGCGAAATTCCTTGTCGGGTAAGTTCCGACCCGCATGAACGGCGCAACGACTGGAGCGCTGTCTCAACGGGGAGCTCGGCGAAGTTTCATTACAAGTGCAGATGCTTGTTACCCGCGACTAGACGGAAAGACCCCGTGAACCTTTACTGTAACCTGATATTGAATCCGGATATACCCTGTGCAGGATAGGTGGGAGGCGGTGAACCGGGAGCGCTAGCTTCCGGGGAGCCATCCTTGAGATACCACCCTTGGCCTATCCAGGTTCTAACCCGCTTTGGTGAATCCCAAAGGGGAACAGTGTCAGGCGGGCAGTTTGACTGGGGCGGTCGCCTCCTAAAATGTAACGGAGGCGCCCTAAGGTTCCCTCAGCACGTTTGGAAATCGTGCGTCGAGTGTAAGGGCAGAAGGGAGCCTGACTGCGAGAGGGACACTTCAAGCAGAGACGAAAGTCGGGCCTAGTGATCCGGTGGTTCTGAGTGGAAGGGCCATCGCTCATCGGATAAAAGGTACTCTGGGGATAACAGGCTGGTCTCCTCCAAGAGTCCACATCGACGAGGAGGATCGGCACCTCGATGTCGGCTCGTCGCATCCTGGGGCTGAAGTAGGTCCCAAGGGTTGGGCTGTTCGCCCATTAAAGCGGTACGTGAGCTGGGTTTAGAACGTCGTGAGACAGTTCGGTCCCTATCTGTCGCGGGCGGAGGATATTTGCGGGGAGCTGTCCCTAGTACGAGAGGACCGGGATGGACGAACCTCCAGTGTTCCAGTTGTCCTGCCAGGGGCATTGCTGGGTAGCTGTGTTCGGAAGGGAGAAG
CP065383.1_gap49	2168868	2172080	3212	ATGCCGATTAATGGTCATCAATCGCCTCTCTCAAAATATTGAGCATCGCAGATTTTTCGATTTAGGCCTTTATTTGAAACCGAAAGACCTTGTTGTCATCAATGATTCTCGAGTGATTCCAGCCCGTTTTTTTACAAAAAAAAATCCAACCGGTGGGAAAATCGAACTCCTTTTTCTGCATCGACGCCAAGGGCTTTGGGCTTGTATGCTTAATCATTCCCGACGGATTAAAGAAGGAACCATTCTCTCCCTTCCGGGGCACCCAGAAATTTTTTGGCAGGTGGAAGAAAGAGAAAAGGATTGGTGGCTTCTTCGTCCCTCTTTTCCCCCCGAAAAAGAAGACGAAATATTTTTTAATTTTGGAGCGACACCAACACCGCCATATATTAAGACTCCAAACGTAAAGTTAGAAGAATACCAAACGATATACGCAAAACAGAAGGGTTCGGTTGCAGCCCCAACAGCTGGACTGCATTTTACTCAGTTACTTATTGATACGCTCAAAATTCAAGGTATTCAATTTGCTTCGATTACTCTTCATGTTGGTCTGGGAACTTTTTTTCCAGTGAAGACTCCAATTATTGAAGAACATCAAATGCACAGCGAGTGGTACCAGCTAAACCGAATGACGGCAGAGATGATTCGAGAGACCAAAAATAATGGAGGTCGAGTGATCGCAGTTGGGACAACGGTCGTTCGTGTTCTTGAATCAGTTTATCATCAGCATGGAAGAATAGTTGAACAAAGTGGAGAAACTGATATTTTTATTTATCCAGGATTTCAATTTCAAATAATTGATGCCATGATCACAAATTTTCATATTCCACGTTCCACTCTCTTTATGCTGGTTTGTGCTTTTGCAGGAACAGAACTGATGAAAACCGCTTATCAAGAAGCCATTGAAAAACGTTATCGTTTTTTTAGCTTTGGAGATGCAACTTTCATAATATAAAAGTATAATTTATAAAGTTTTTAACCATAAAAATCCATCAACCAATTCGTGCTTATTTGAATAAAGGAGAAATCAATACTCATGAAATCTTTTACGTTCTTGCATCAGGATGAAAAAACAAAAGCCAGAGTGGGAATACTTCATACCGCACATGGCGATATTCCGACCCCGGTATTCATGCCGGTTGGGACTCAAGGAACAGTAAAAGCCATGGCTCCTGATCGTTTAAAAGCTATTGGAGTGAAAATGTTGTTGGGCAATTCTTATCATCTCCATCTCCGTCCGGGAGAAGATTTGATTGGCGAGATGGGTGGTCTGCATCGTTTTATGTCGTGGGATGGTTCTATACTCACCGATAGTGGTGGTTTCCAAATCTTCAGTCTTTCTGGTTTAGTAAAAATTGATGACCAAGGAGCTCTTTTCCGGTCTCATTTAGATGGGTCTCTTCACAATTTTACTCCTGAAACATCAATGCAAATTCAGCAAGACATTGGTGCTGATGTGGTTATGATTCTTGATCAATGCGTTGGCTACCCAGCGAATGATTTTCAAGTCAAGACTAGTACTAACCGAACACTGGTGTGGGCGAAAAAATGTCGGGAAGCATTTCAATCAGACTCACAAATGTTATTTGGGATTCTTCAAGGAGGGACTCTTCCCGAGTTGAGAAGATACAGTGCCGAAGAAACTGTAAATATTGGTTTTGATGGGTATGCCATTGGAGGATTGAGTGTCGGAGAACCAAAACCGATTATGTATTCAATAATTGATGAGGTAGAACCTTACTTACCAAAATCGCAAGCTCGGTACCTTATGGGTGTGGGATCACCTGATAGTATCATTGAAGGGGTGATGAGAGGAATCGATATGTTTGATTGTGTTCTGCCAACCAGGAATGCGAGAAACTCAGCATTACTAACCTGGTCGGGAAGAATGAATATCGACCGATTAGAATATTCTCGAGATTCCAACCCAATTGATCCCCATTGTCAGTGTTATACCTGTCAAAATTTTTCTCGTTCTTATTTGCGTCATTTGTTTAAAGCCGGAGAAATTTTAGCGGCTGAACTGGCTACTATACACAATCTTTTTTTTATGGTAGAGTTAATGAATCGCATTCGTAAGGCCATTTTAAACGGTTCTTTTCAAGATTTATCATCTGATCTCTTAGCACGCTTCCAGGGACAGATTGTAAATACATAAAACAAATTTTTAAAGGAGTGATTTGAATATGGGTTTCTTTACCTCAATAGCGTATGCTTCAACTGGCGGCGCTGCAACTGGTGGTGCCGCACCGGCAGCCGCACCAGCGGGTAGCATGTTTACACAACTGCTTCCACTCATTTTCATCATCGTTATATTTTACTTTTTGCTCATTCGACCACAACAGCAAAAACAAAAAGCTCAGAGAGATTTGATCAGTAGCATACAGAAGGGAGATCATGTAGTTACCATTGGAGGAATTCATGGTACCGTGATTCAGGTGTCCGATGATGAAATCACCCTCGAAGTTTCCAAGGGAGTCAATATCCGTTTTGTCAAATCAGCAGTTTCTACGAAAAAGTAAAAAAGGAAAAGAAATTGGTTAAAGGGGGCAGGATATTTTGACAAAGAATTGGAAAGATTTTCCCTGGAGATTAATCATTACCATCGCTTTAGTCGTTTTGGCTATTATTTCAGTATTTCCTGTCGAGAAAAAAATTCGTTTGGGTTTGGACTTGAAAGGAGGGTCCCATATCCTTTTAGAGTGTGTTGATACTCCAGAAGCTCCCCTAGATGAAGATTCAGTGAAACGAGTGGTTGAAATTGTTCGAAATCGAATAGACCAATTAGGAGTAGCTGAACCATTAATTCTCCGACAGGGTGAAAAAAGAGTCTTAGTTCAGCTTCCAGGAATTGCCGATCCCCAAAGAGCAGTGGAGATTATTGGACAAACTGCTTTGTTGGAATTTAAAGATGAAACTGGAAAAACTCTACTAACCGGAGCAACACTTAAAAATGCTCAAGTTCAATATGACCGTTTTGGAAGACCAACAGTCTCTATATCTTTTAATGATGAGGGAGCAAAGCTATTTGGTCAGGCTACTACCACCAATGTTGGGAAACCAATTGGCATTTATCTTGATGGGAATTTAATATCCAATCCAGTTGTTCAGGAACCTATTCTCCAAGGTGATGCTCAAATTACTGGTCAGTTTACTCTGGATGAAGCCCAAAATTTAGCTATATTATTAAGAGCTGGTGCCCTTCCGGTTAAAGT
CP065383.1_gap50	2288014	2290530	2516	GATGAAAATACCTATCTAAATCCGTCATTGCGAGGAGCGTCTTGTGCGACGTGGCAATCTCTACCATCCACTTAGTCATTCTGAGGAGTCCGGTGTTTTTGCCGGACGACGTAAGAATCTCATCATTTAAAGTATTTATGAAGAAAAAACTTAAAAGATGAGATCCTCACGCCCTCAAAAAGCGAGGGCTCAGGATGACCGATTAAAGGCACACCCCCCTTTATCCCCCCTCAATGGGGGAATTTATAAGATGGTATTTTCATGATAGACATTCATACTGCAAAGGTGTATCAAAAGAGGATGAAAATAAGTATTTCTCTAACTTTAATTCTCTCCCACCAGGAGAGATAAAAAAAGAGGAATGGGAAGAAATTGAAATGATAGATTTCAATATTTTTCTTGAATGAATACAAAAAAAAATATATAATGGCGCAGGAGATATTATTCGTTCATTTTCAACTTACAGTGTTCATCTGCGTTTCTAATATTTGAAAAATATTTCTTTACAAATCCAATATAAACTGGCTATTCATTAAAATTGAATTTAAAATAAAAGATGTTTAATATTGACAAATGGACCAATGAGGGTCCATTTTTTGTGTTTTAAACTTGGTATGGAGTGAGTCAGATGAGTCGTTTAATAACCGATGTTATAAAAGAAAATCTTCAAAAAGTAGTCAATGAACAATATGGGAACTTTTCTGAAGGAATGCTTTTTACCGTTGAGCCCACTCGTGATAAAGCTCACGGAGATTTTGCCAGCAATATCGCCTTTTTGCTATCAAAGAAGGCACGAAAATCTCCCCGGGAAATAGCCAACCACATCGTATCGCTTCTTAATAAATCTCTTAATCACATTGCAACTATTGAGATAGCCGGTGGAGGTTTTATAAACTTTTTTCTGAACGATCAAATTATTTATTCATTTATGAAGGATATTTATCAGGAAAAGGACGAGTATGGATCGGTTCAAATTGGCAATAATGAAAAATTTCAAGTAGAATTTGTCAGTGTCAATCCGACTGGACCGCTCCATGTTGGCCATGGAAAATGTGCAGCTTTTGGCGATGCCCTGGCAAGAGTTTTAAAAAAAGCCGGCTTTTCAGTCGAAAAGGAATATTATATAAATGATGCCGGTAAGCAAATAGACTTATTGGGTCTTACCTTGGAGTTCCGTTATCGGCAGCTTTTTGGCGAGAAGATTGAAATACCGGAGGGAGGATATAAGGGTGATTACATGATTGATATCGCCCAAGATTTGAAGAAAGAAAAAGGTGACACCCTTTTATCACTATCAAATGAAGAAAAAACCGGAATATTTAAATCTTATGCCGTTTCAAAAATATTACAAAGCATACAAAAAGACTTGAGTGATTTTCAGGTTTACTTTGATGTTTGGTTTAGCGAAAAAACTCTCTATCAAAACCATGAGGTTGAAAAAGCTTTGAATCAATTAATCAAGCAAGGTTTCACTTATGAAAAGGACGGAGCTCTTTGGCTAAAAACCCAGCAATGGGGAGATGATAAAGATCGAGTATTAGTCAGAGAAAACGGATCACCTACTTATTTTGCCTCTGACATTGCCTATCATTTTAATAAATGGCAGAGGGGTTTTGAGAGAGTGATCGATATCTGGGGAGCCGATCATCATGGATATATTCCACGAATGAAAGCCGCGGTTAATGCTCTCGGTTTAAAAAAAGATTTTTTGGAGATTTTTATTGTTCAGTTTGTAACCCTATTGAGAAATGGACAACCAGAAAGAATGTCGACTCGACAGGGTGAGTTTGTCCCTCTTCGCAATTTGATTGATGAAGTTGGAGTTGATGTAGCCCGTTACTATTTTCTCATGAGAGATCCTGCAACCCACCTTGAGTTTGATATTGAGCAAGCCAAAAAGACATCGATGGATAATCCAGTATATTACGTTCAGTATGCTTATGCACGCATCTCTTCGGTTTTTCGAGAAATGGAAAAGAAAAATTTATCCAATACAGATATAGATCGAAAATATGAATCGTTTCAAAATGAGCAGGAAAAATTATTAGCTAAAAATTTGATATACTTTCCTGAAGTGGTAAAACGATCAGCGTTAGCACGGCAACCCTATATGATCTGCAACTATGTGACGGATTTAGCAGGTTCATTCCATACTTTTTATAATAATAATCGAATTTTAGATGAAGATAATTTAGAGTTAACGGCTTTTCGACTTAACTTATGCCGTGCAACTCGACAGGTGCTCAAAAATGCTCTGGATTTGTTAGGCATTTCAGCACCAGAAACGATGTAGGGAAGGTCGATAAGTATGAATGGTAAGGAAGGAAAATTTATTTTTGTTACTGGAGGAGTGACTTCCTCATTAGGAAAGGGGATTACTGCGTCATCAATTGGTCGAATTTTGAAAAGCCGACAACTCAAAATAACCATGCAAAAGTTCGATCCCTATATTAACGTTGACGCCGGAACTATGAATCCCTATCAACACGGTGAAGTTTTTGTTACCCAGGATGGAG
CP065383.1_gap51	2294872	2298679	3807	TGAAAAAGGCGACTGAATCGAAAGGTTATATCTTTAGTGAAGGAATTTTAGAAATAACTATAGAGGGATATGGTTTTCTCCGAACATCAGATGATTTTACTGTTAGTGAAAATGATGTTTACGTTTCACCATCTCAAATCAAACGTTTTGCCTTGAGTAGTGGTGATAAGGTTGCAGGACAGGTAAGACCACCAAAAGAAGGGGAAAGATATTATGCCTTGCTTCGAATCGAAGCTATTAATGATGAAGATCCAGAGCAAGCCAAAAAAAGACCACTTTTTGAAAACTTAACTCCAATTTTTCCTGATCTTCAATTTGTATTGGAAACCAAGCCGAATGAAATTTCTACTCGGATCATCGATCTTTTTTCGCCTATTGGTGTTGGACAGCGAGGCCTTATTGTGGCGCCACCAAAAGCCGGAAAAACCGTTTTATTAGAAAAAATAGCGAATGGAATTACTACCAATTACCCCAACGTTGTCCTGATAGTATTGTTAATTGATGAACGTCCCGAAGAAGTTACCCAAATGGAACGCTCGGTAAAGGGTTTTGTTATTGCTTCAACCTTTGATCAAAAACCAGAAAATCATATACGAGTAGCAGAGCTAACTCTGGAGCGTGCGAAAAGGTTGGTAGAAGAAGGGAAGGACGTTGTCATTTTACTGGATAGCATTACCCGGCTAGCGCGAACCAATAACTTAGTCGTTCCTAATACCGGAAAAACTCTTTCGGGAGGAATTGACTCCTCCGCTCTCCATTGGCCAAAAAGATTTTTCGGAGCTGCTCGGAATATCGAAGAAGGTGGAAGTTTGACTATTTTAGCAACTGCGTTGGTCGAAACCGGATCCCGTATGGATGAAGTTATTTATGAAGAGTTTAAGGGAACTGGGAACATGGAGCTTCATCTTAGCCGAGCTTTATCGGAAAGTCGAATATTTCCGGCTATTGATATCCATCGATCGGGTACGCGAAAAGAAGAGTTGCTAATTAAGCAAAATGATTTAGAAAGAATTTGGATGCTGAGAAAGCTATTAGCGAGTGTTGACCAGCAAGAAGGAGCTCAAATGGTTATCGACCGCATGAAAAATACCAAGTCAAATCGAGAGTTTTTGAAAATGATTGATCATGTATTGAAAAACTCCCGTTAACTTTGACACTTAAAATTAGTATGTGATATAATACCCAGCGCTTTTCAAATCATTTTTGTTCGTACTGCAATTCGTTATGTATTAAAAGTATTAGTGAATAATATTCTTTAAAAAAATATTGATACCTAAATACTTAAAGCAGAATTGGGTGAGGTGATAACAATGAAAAAAGGTATACATCCCGATTACAAAGAAACGCGAGTAATTTGCGCTTGTGGAAATAGTTTTGTAACTCGTTCCACAAAAGTTCCAGAAATACGAGTGGAAATCTGTGCTAGCTGTCACCCGTTCTTTACTGGACAACAAAAATTAATCGATACTGCTGGTCGAGTTGAGAAATTCCGGGCAAAATACGGCGACAATTTTTAGTTGCAGTTTCGAGAAGAATTTAAAAAAGGGTAGTGTGTATAATTTACATGCTCCCTTTTTTTATTGGAATAAAAAAGTTATAGCTAATGAAAGACAATGAAAGTTGATCTCCTTAAACATTAGATTGCTGTTTATACCCATCGTGACGTAGCATAAAAAGGAAATATTTTCCCTCTTGCCTTGTTCTATTTCTAATGTGGAAAAAGGGAAAAATAGAAAGCGCATTAAGCAGACCGGAAATTCTTTACTGATTTTAATTTCTCTTTCATCGTGGGAAAATGTTGGAATGGGAATGAAACTGATACCCATCAATAAATGCTCGTTATTCATTATTGTTTTAAAAAAGGAATAGAGCTATGAATGTAAGGCTCATAAGTTCAACCCCGAATCCAGAACTGACCATCGCGAGAGCTGCAAGACTCTGCTATCGAAGCGGTTATGATGAAGATATGACGATAGAGAAAGCTCAAAAATTGATACGTGAAATCGTTGCCCGTGGTCATGAGTCGGTTTTAGAGCACGCTTCCTTTACCTTCCTAATTGAAGGAATTTCACGAGCTGCTTCACATCAATTGGTTCGCCATCGTTTAGCAACCTATTCACAACAAAGTCAACGATATATAAATTTTAAAAATCCCGAATTTATCGTTCCGCCTTCAATTAAGGAAAATAAAACTTTAATGAATTATTTTTTGGAGCAAAACAGGAAAAGTTCTAATATATATCAAGAGATGATTAAGATGGGAATACCGGAAGAAGATGCTCGTTATATCTTACCTCAGGCTGTTGCCAGTAAGATTGTATTAACGGCTAATGCACGTGAGTATCTCCATATTTTAAAACTTCGGCTTTGTACTCGGGCTCAGTGGGAAATAAGAAGTGTTGCTATGGAGATATTAAAAATTTTGAAAGAATTGGCACCAACTGTTTTTGAAAATGCCGGTCCGCCGTGTGCAACCGGAATCTGCCCCGAAGGGGATAAAGGATGTGGACATCCGTGGAACAAAAAATAAAACCAGAAAAATGTGAAAAGCATAATGTGGGAGGGCAAGCAATAATAGAGGGGGTTATGATGAGAAGCCCCTGGAAAATTTCAATAGCAGTCAGGAAACCCAATGGCACAATAGTTACTGATATTAAAGAGAAACCGATTTTATCAAAAACGAATAAATTTTTTGCTTTACCAATTGTTCGCGGAGTTGTCAATATGGTTGACTCACTCATCATTGGATTGAAAGCTTTATCTCTGTCAGCAACCTTGGCTATGGATGAAGAAGAGGAAAAGCTATCGGCTTTTGATCTCAGTATTGCCATGCTACTTGCTTTTGGTTTGTTTGTAGGATTGTTTATCGCACTTCCGACTTTTCTGACCTCTCGTATTGACCACTATATTCATTCGACAATTCTTTACAATATTGTCGAAGGGTTGATCCGGGTTACTATTTTTTTATTATATCTATATATTATTTCTCGAATGAAAGATATTAAAAGAATTTTTGAATACCATGGAGCAGAACACAAAACAATATTTGCTTACGAAAATGGTAAAGAACTAACATTAGAAAATATTCGAAAATATACCACCCATCATCCCCGTTGTGGGACCAATTGGCTTATGATTGTTATGATTATAAGCATTTTTATTTTTTCCTTTTTAGGCCGTCCAGGAATAATAACTAGAATCATTAGCCGGGTTGCTCTCATACCTATAGTTGCAGGCTTAGCTTATGAAGCAATTCGCCTTTTGTCAAAATATCAAGATCGTGGTTTGGCGAATATATTAGCCTATCCTGGTTTGCTCCTTCAAAGAATTACCACCCAAGAACCGGACGATTCACAGTTAGAAGTCGCTGTTGCAGCTTTAAAAGGAAGTCTTAAAGAGGAGTGTTAGTATGTGGCAAAATAAAGCTGAGGAGATAAACAACCGATATCTTGAGCTCACTCATCTACTGTCAGATCCAAAAATTACTCAAGATTTACAACGTTATCGTCAGCTCACCAAAGCTATTTCCGGAATTGAAGAAACTGCCAAAAAGTATCAGGAATATCTAGCAGCCCAGAAGAATTTAGAAGAAGATAGAAATTTTCTTAAAACTGAGCAGGATTCCGATTTACGTGAGCTGTTAGAAGAGGAAATAATGGGTCTAGAAAAAAAAATTATGGTACTGGAGGAAGAGATTAAATATTTACTCATTCCCCGTGACCCAAATGATGAAAGAAATACTCTCGTAGAAATACGAGCTGGAACCGGAGGAGAGGAAGCAGCCCTATTTGTTTCCAACCTTTTTAG
CP065383.1_gap52	2407764	2409114	1350	CGGTCGAATGGTCAGAACATTGTGGCTACCCGCATTCTCGTCGGTGGTTTGAACTCTTTCCACGGAAAGGAAAATTCCCGGTTTTGGTCGGTGAAGATGCCGGCGGAATTGTCTATCAAGGACAGGCAGTGGTATTTAAAATGGAAAGCCATAATCATCCTTCCCAGGTCGAGCCCCGCCAAGGAGCAGCGACCGGTATTGGGGGAATTATTCGTGATATTTTTGGAAGCGGTGCTCGCCCCATAGCTTGCCTTGATTCTCTCCATTTCGGTCCTTTGGATAACGCCCGTTCTCATTTTATTTTTAAAGGTGTTGTAGACGGAATTGCTTTTTATGGGAATTGCGTCGGTGTCCCAACTGTTGCTGGCGAACTCTATTTTCATCCTTCTTTCCAAGGTAACTGCCTGGTTAACGTGATGAGCATTGGAATAGCTTCTCAAGATCGATTGGCAAAATCTTGGGCTAAAGGGGAAGGAAATCTCATTATCTATGCTGGGAACCGGACCGGCCGGGATGGCATTGGAGGGTGTAGTATTTTAGCGTCCCAGGAATTCAGCGGACAAGACGAGAAACGCCCCAGCGTTCAAATTGGGGATCCCTTTACTGAGAAGTGTCTCATTGAAGCTACTATGGAAGCTCTGTCAACCGGATTCTTGGTCGGAATTAAAGATATGGGCGCTGCTGGATTAACTTGTTCATCCAGTGAAATGGCTGCTGCTGGGAAAAGTGGAATCAAAATATATCTTGATCGTATTCCGGTTCGCGAAGAAGCTATGGAACCCTGGGAAATCATGATGTCTGAGTCTCAAGAACGCATGCTTCTCTGTGTAAAAAGAGGATACGAAGATTCAGTGCTTCAAATTTTTCATAAATGGGGCTTAGAAGCGGTTGTGGTCGGAGAGGTAGTTGACGGGGATAAAATCACCATCGAATTAAATGGTCAAATTGTTGCTGATATTCCCGCTCAAGAATTAACCAAACCTCCGGTTTATACACCTCCTGCTGATAAACCAGATTACCTTGAAAAGGTAAATCGATATGACTGGAACGACCTTCCTCTGCCTCATAATTGGAATGATGCTTTGCTCCAGCTAATGGGCTCTCCTAATCTTTGTTCTCGTCATTCGGTTTTTGAGCAATACGATCACATGGTTCAAATTAATACTTCAATACTGCCTGGAACCGGAACGGTTATCCTTCGGGTCAAAAATCTTCCCTGGGGGATTGCCGTTACCACTGATTGTAATCCAGTATTTTGCTACCTCGATCCTTACCGGGGCTCGCAAATTGCCGTTGCTGAAGCGGCTCGTAACTTGGCTGCTTGTGGAGCTCAACCAGCCGGCATAACCG
CP065383.1_gap53	2411133	2416071	4938	TGAAGATGCAGTCAAAGAAGCATTATGGGAAATCCGAGGAGCTTTTTCCCTGGGAATAATGACCGAGAAAAAGATTATTGCCGTCCGTGATCCCTGGGGTTTTCGGCCTTTAGCTTTGGGTAAGATAGACGGAGGTTACTTGATTAGTTCGGAAAGTTGTGCTTTTGATATCATCGGGGCTCAATTCATTCGAGAAATCGAACCCGGCGAGATGCTGATAATCGATGAAAACGGTCCGCGATCTCTTTTTTATGCCCATTCCCATCGAAAAGCTTTTTGTATTTTTGAACTCATTTACTTTGCTCGACCAGATAGCATCATTTTTGGTGAAAGTGTCTATTCAGCTCGGAAAAAAATGGGATGTGTCCTTGCCGAGAGAGAAGAACATGATGCCGATATGGTTATCCCGGTTCCCGATTCAGGTATCTATGCAGCATTGGGGTTTTCGGAAAGATCAAAAATCCCTTTTGAACTGGGAATGATTCGAAACCCTTATGTCGGAAGGACTTTTATCCGTCCGGGGCGAGAAAACCGTAATCTTGCAGTGAAGCTGAAACTCAATCCCATGAAGAGCCTTTTAAAAGGAAAAAAGATAATTATTCTGGAAGATTCTATTGTGAGAGGGAATACCTCGAGAGAGAGGATCAAAACGCTCAAGAACGCCGGAGTGAAGGAAGTTCACATGCGGGTTACTTCACCTCCTCACTGTCATCCCTGTTACTACGGAATTGATTTTCCAACCCGAGAAGAGCTCATTGCCTGCCGCATGAACCAGGAAGAAATAAGGCAATTCCTTGGTTTGGATAGCCTCCGTTATATTGACATCGATGGTCTCAAAAAGAGCGTATCCAAACCAGGTGAAAACTTTTGTTTTGCCTGCTTCAACGGTGACTATCCAGTAATACCCGATAAGGGTTTAGGAAAATTTATCTTAGAAGAAAATTCCTCAGATCAATAATGCACCTTATATCTTTTAAGCATTTAAAAAATCCGCCAGCTGATTGGCGTAGGAACGGCATTCTTTTTCTGCCCGGTCATCAAAAGATTTAATAGCAACTGGTCCGTAGTGGCTTCCTTCCGCCATCCCTTTGACCAGCATTCCATGAATGAGGAGAGCCGAGAGAACAGAGAGAATTGCGGTTTCATTTCCTCCGGCAGCATTCGCCGAAGAAGAAAAGGCACCACCCAACTTGCCATCCAATCGGCCATGTAAGCGGATGCTGTTATCTAAAAGCTTTTTAATTTCTGCTGCCATGGTTCCATAGTAAGTTGGCGTCCCAATGATGATCAGGTCATAATTGACTAGGTTATTAATCTCTACTTGATCTGAAGTCATTAAATTGACGGTAATTTTCCTTTTCTGGAGTTCCTCGGATATGGTTTCTGCCATTTTTCTGGTTGTTCCAGAACGGGTATAGTAAATGATGATTGCTTTTGACATAGAATGCCCTCCACAGTATAATATTTTTTTTTCTTTCATATTTTAACATAGTTTATCATAAAACTTCGTGTCACTTTAGTGGCACCGGTTGAGGGTGGAAATGATGCCCCCTTACCCTGACCCTCTCCCAAGAAGGGGCGAGAAAAAGGTTTTTCCTTTAGAAAAGAGGGTAGGGGGATCTGAATATTTTCCTGCTCCGTCATTACGAGGAGCATCCTTTACGGTGTGGCAATTTCATCCACCCACTCTACCATTCTGAGGAGCGTCTTGTGCGACGTGAGAATCTCATCCTTTTCAATTCCTCAATTTCAATAAAATATGATAAAATAGGGGTTCTGAATATTTATTTATCTGGTTGAAAAACCTAAATTCATTTGTTAATATAGTCCAAGTTTATTTTCCCCGGGAGGGATATAGATTGATTGCCAATGACCTTGATAAAATACGTGAAATCGAAAACCTGAAAGAAAAAGAATTAAAAGAAGCACAAAGACAAGCGAATCAATTGCTTCTTGAGAACGAGAAGTTGATTGAGCAAAATCATGCTCAAGCTCTCATGAATGCTGAAAAGAAAGCCGAGGAAAACAAAAATCATCTGCTCAAAGAAGCCGAAGATGAAGTTGATAAAATCCTCAAAACCTATAAAGAAGAAGCCGAAGTTTTGCAAAAGGAAATTTCTCAGAGAATACCTCAGGTTGTAAATTACCTTCTGGAAAAGGTGTGGCAAGAATATGGCAATTAGGAATATGAAAAAGGTAGAGATCCTCATTCACCGATCTCTTCACGACGAAACTTTTGATATACTCCAGGATATGGGAGTTTTACAAATCACGAGCCATCAAGAGTTAAAAAATGATGACCCTCTCGAGGAGTTCCATTCAGAAGATATTGAACGAAATATGAACGAGACACGTTATTGTCTTGAATTCATGAATAAATATCGTACTGAAAAACAACCTTTCTTAGAAAGCTTTTTTCCTGCACCCATTCCCATTAAAAAAAGCGAGTTTCTTGACAAGGTATTTGATCATAGTCAAATATATAAAAATTGTCAATCCATTGAAGAACAACTCAACACTATCCGTACTTCGATGAACCGTCTCTATACACAACTGGAATTTTTGAATCGAATTGAAAACCTTTCAATTGCCTTGGAAGATATTGGAACAACTCGCTATGTAAAAAGTTATCTTCTCGAAATGAATGAAGCCCAATGTCCGTTGCTTCAAAATCGTTTAGATCAAATTGGTAAAGAATATTCCCTTCAAAAATTTCCAGGGAAAGAGAGAAATTGTTTTGCTTTCCTCATCGTTCATCAAGACCTAATAGAGCCATTAGAATCCATTTTCACTGAGGAATCAATCAGTGTTCTTTCTCTTCCCCAGGCTTTTGAGGGAACACCAAAAGATGCTATCCAATCAGTTGAAAAGAAAATTCAAAAATTAGAGAAAGAACGAAATGGCGTCGAAGAAGAAGCCGTTTCTCTATTAAAGCATGAACCGGAATTAAAAATAACCCTTGATTATTATTCAACCGTATTGGAGCGGCGAAATTCTGAAGCCCAAATCTTCAAAACCCATGATGTCAGTTTGATTACCGGTTGGGCGATTGAAGAAACCATACCGGCAATTGAAGAAAGAATGAAATCAATCGGTAAGGAATGGGTGATTTCTCAAAGAGATCCTGAACCCGGAGAAGACGTTCCGATTGCATTGGAAAATGGTCCCTGGTCACAAAACTTCGATGTTCTAACCAATCTCTATGGATTACCAAACTATACCGAGATTGATCCTACACCTTTTGTTGCAGTCTTTTTCTTCATTTTTTTTGGTATTTGTCTGGGTGATGCTATTTATGGACTCATTGTCGCTTTGATTGGCTTTATGGCGCCTAACTTTATTCAAATGCCTGACTCCTCAAAGCGTTTTTTCCGAATGTTGGCTTGGGGAGGAATCGCATCATTAATATTCGGAGTAATAACCGGATCATGGATGGGGGATACCTTTGATTACCTCCCACCATTCTTGAGTTTTTTGACTGTTTTAAAAAATAAATTAGTTATTATCAATCCTTTAAATAATCCACTTCCTATGATTATTGTTTCTATTGTTATCGGGATTTTTCAGGTTTTAATTGGACTACTGGTGGCTTTTACCAAAGAATGGAAAAGAAAAAAATATCAGGAAGCCATCTTTGATCATTTGAGCTGGTTTCTATTTATTTTATCCATAGCTATTTATATCCTTACTATGGCTCTTCTTCCAAATCTAAAAACTTTTGGGCTTTGGTTCCTAATTGCTACAGCTCTTTTTTTGGTTGGAACTCAGGGAAGAAAAAAGAAAAATCCAATTATGAAAGTGTTATCCGGCCTATATAGTCTTTATAACATTACCTCTTATCTTGGAGATGTGTTGTCTTATTCTCGATTGTTTGCACTGGGACTGACCACAACTATTATTGCTATGTTGGGTCGGACTATTGCCGGTTTGTTTGGTTCTTCACCTTTTGTTGGGTGGATTATTTGGATAATCATCTTTGTCGGGTTTTCCGTTTTTAATATCCTAATGAGCGGATTAGGGGCTTTCGTCCATTCAGCACGTTTAAACTATGTGGAGTTTTTCACTAAATTTTACGAAAACGGTGGAAAACCCTTTCAGCCCCTTTATTATAAAACCAAGTACATAAAATTTACTGAAGACTAAACTTGATCTTTTGGTTTTCATGATTTTCTAAATCGATATAAAACCATCCGGTAAGAACAACCGGGCTATTAAGGGAGGTCGTTCGAATTATGTTCATTGATGGAGTTGCATTTGCTTTATTAGGTTCAGCCCTCGCAATTGGATTAGCAGGAATAGGGTCAGCTAAAGGAGTTGGGATTGCCGGAGAAGCCGGAGCAGGAATAATGACTGAAGATCCGAGCAAATTTGGACAGGTTCTTCTTCTGCAGGCTCTTCCTGGAACTCAGGGTATTTATGGATTACTTTCTGGATTCTGGGTACTTTTAAAACTTGGTCTTTTTGGTGGAACACCGGTTGCCGTTACTTCCGCTCAGGGATTGCAGATCTTGTTTGCTTGTCTTCCTATTGCTATTGTTGGTTTAATCTCAGGAATTTCACAGGGGAAAACATCCGCTGCCTGTATTGGTTTAATTGCCAAGAGACCGGAAGAAACCGGGAAAGCGATTATTCTCCCTGCTATGGTAGAAACCTACGCAGTTTTGGCATTACTAGCTACCATTCTGCTCCTTAACTCTGTTCAGTTGTAGAGGCGATTGGTTATGTCTTTCGAAGATATTTTAATTAAAATCGAACAAGAAGCCCAGAGACGACAAAAAGCTATCTTGCAAAATGCTCGCCTGGAAGCCGAAAAAATACTGGAAAAAGCCAATATGGAAATTAGCCAGGAAAGCGAACGGCTTGTCCAGCAGCGGACAAAAGAATCTCAACTGTTGGTTCAACGCATGCTCGCCGAAGCCAAATTAAAAGGGAGAAGCA
CP065383.1_gap54	2435588	2437605	2017	AACTTTAACGATTATCAGAAAGTCGCTTATAACCTATTTATCATCAAATTTTCCAAGATTACTAATGACTTTAAAAAAATTGGATAACTTTCGTTTTCATAATTTTAAAGACCAAATTTTTTTGCAGTCATTGTTTACTTTAAATCAAATAAAACAAAATAAATCTCTAACCAAGTTTTTTTTGGTTTTTGTAAAAAAATTTCAATTTAAAAAGTATGTTTATTTTATTTGAAAAGAAATAATTTATTCAATTTTGGCTTATTGACATCATACTCAGAAAATGTTACAAAATTTAACAAAATAGAACATAAATTATCATCATTGAACGTTCATCTTAACATATACAAGGAGATTGAATGGAATGTTACCTTACGAAAGACGACAAAGGATATATGAATATATCGAAACCAAAGGCAGTGCAACCGTTTCGGAGTTAAGCAAAGTACTCTCGGTTTCGGAAATGACGATCCGTCGAGATTTAAAAATTGCCGAACGTGATGGAGCTATTAAGAAAACTTTCGGGGGAGCAGTAAGCTCATTTGGAACTGGATTAGAACCTTCACCCAATTCTCGACGTTATCATCATCTTGAAGAAAAGCAGCAAATAGCTCAAAGAGCAATTGAATTGATTGATGATGGGGATACTCTCATATTCGATTGTTCCACTACAGTATTTGAATTAGCGTCTTTGATAAAAAAGAAAAAAGTAAATCTTACAATCGTAACTTGTGGGCCATATACCGTATTAGAACTATCAAGAAATAAACAAATTACAGTTATTTCTACCGGAGGTATTTACAGCTGTGCTTTGGGTGGCTATATAGGACCTGAAACAGAACTTATCTTGAACAGGTTAAACGCCGATAAGTTGTTTTTCTCCTGTTTTGGAGTGAGCATTGATGGTTTAACCGATCCCAACGTATTGCTTACCAGCTTAAAACGCCAAATGTTCAAATCAGCAAAAGAGATTATTTTTTTAGCTGATTATAGTAAGTTTGGGAAAAAAGGACTCTCGTTTATAACTGAAATCAAATCTGTTCACAAACTGGTAACCGATAAAAATACACCAATTGAATACCTTGACGCATTTAAAGAAGCAGGTGTTGAAGCTCTTATTGCCTAACAAGACCAAAAAATTATTACATCATTGTTAAAAAACTCAAAATTTTAAACTTGTCTTTTTATAAAAACGATGAAAGGAAAGGTATCAATGATTAAGGGCTTTTCTAAACGTATTGAAGTATTGGTTTTTTTACTTCCAGCTATTATAGTTCTCCTCCTTATTACCATATTTCCACTTATTTATTCTTTCAACATTAGTCTTCGAACAGTTACACTTCTTAAGCTTCAACAACAACCCTTTGTTGGTTTAGCTAATTATATCGAAATATTCAAAGATCCTCGCTTTTATAATGCACTCCAAAAAACCTTGATATTTTGCGTGGCTCTACCCATAGAATTTTTTATCGGTCTTGGTCTCGCTTTGCTGTGCGATCGCATTCCAGGACAGGGTGCGTTTAAGATGTTTTTTTTAATTCCTATGATCATAGCGCCAATCGTGGTTTCTTTAATTTGGCGGTTTATGTTTAATCCTAACCAGGGTATTATCAATTATTTTCTTCAAACCATGGGATTTACACCAGTGTCCTGGTTCTCAAACTCAATAACTGCAATGTTATCCGTCATCATAGTCGAAGTATGGCAATGGACACCCTTTTTCTTTTTAGTATTATATACCGGCTTAAAAAATGTACCTGTTGAACCAATCGAAGCTTCAATGGTGGACGGTGCTTCTCGCTACCAAATGTTTCGCTTTGTAAAATATCCATTTCTTAAAATTCTTATATTGGTCACAGTTTTAATACGATTAATGGACATATTGAAGAATTTTGATCTCTTTTTTGGGCTTACTCAAGGAGGGCCCGGTATCAGTACCGAAATATTAAATTTTTATACCTATATGGTAGGATTTAAGTTTTTTAAACTTGGGTATAGTTCAAGCTTGTCTTATATTTTA
CP065383.1_gap55	2527039	2528250	1211	AGCTTCGGGCTGTTGTAATGGAAAATGCCATGTTTATGAAAAAAAAGGAGGGATATTAATATGGACCATTATAATGAAAATCGTATGGAAGCCATAAAAGTAGTTGAAGCCCTCCGAACTGGAGTACCAACGCGAATTTCGACGAGAACCTTACCGGATCTTCGTAAAAACCTCACCGAAACCCTTCGTGCTGACCTCGATTTATTAACCACCGGAAAAATACCTCGTGGTAGATTAATATGGGGTCAATACGGTCAGGGCAAAACCCACGTTTTAACCACTACCGAACATTTGGCTCTTGATCGACAATTTGCAGTGAGCTTCGTCTCACTCAGTCGTGAGGTATCCTGCCATAATCTTTTTCATTTTTATGGCCGGGCTGCTTCTCGTTTAAGGACTCCTGATTCTTCGATGTTCGGACTGGAACGTGCTTTATCAAAAAAACATGCCAGCGATCTTCAAAAAACACCAATACTTGTACCCGACAGATATATACATCCTCTCCCTGCAATTATTATAGAAAATTATTTACATTCAGCTGGAGAAGAGCAGAACTTGCTTTATGGAGACTTAATGGGTACTCGTATTCCATTGACAGAATTGAAGCGAATCCATCGTCAGAACTGCTCTGAAAAATTTCCCACTTTTGAAACCAGCTTTCGAATGATTGACCACGCAAAAGCTTACTTTGGATGTTTAGCAGACACGATAGTCTTTTGTGGTTATCGCGGGTGGGTCATTCTTATCGATGAATTAGAACTTGTGGGACGCTTGGGTAGTCAATCCCGACTCAAAGCTTATCAAAATCTTCAATGGTTGCTTAATTGGTCGAATGCTCATCACTATCCAATTTACGTTATCGCTGCAGCAGCAACCAGCCTTCAGAGTGAAATGTGGTATGGAGGGAAGGATGATCGTACCCTTATGCCTAAATTAGCTGAAGAAAAGTTTGGAAAAAGCGCTTATAACGAAATGACGGAGTTTTTTGAATTTGCCCTGAGCCCTCAAAGTTTAGTTGTCACTCCAGTTTCAGAGGAATCCATTTCAGAACTCTTAGAACGAATCGTCGAATTACATGGAAAAGCCTACAACTGGGATGCAAAGCTTGATGTTAATGCTTTAATTGGTAATTTAGGTGAGACCACACTTCGTACTTATATTCGAGCCACTCTTGAGAGCTTAGATCATCAGTTCCTCTACCATGAAACTAT
CP065383.1_gap56	2541435	2543736	2301	ATCTGCTAATTGCTGTAGTTTTGATCTTCGTTCTTCTGTGTTTAGGATATAGTTTTCAGCAATGTTTTTGATCTCCCTAGTAATTTCCCCGAGTATTTCTTCACAGGAACCCAAAGCATTATTAAAAACTCCTATTCGAAGAAGGCAACGCTCATAGATGTCAGCGTCTACAGTTCCTGGAGTAACCATGTTGATAATGGTTACAGTCTCGCTTTTCTGACCTTTTCTATCAATACGACCAATTCGTTGCTCTACACGCATAGGATTCCAAGGTAGATCATAATTAACAATACAATCGCAAAACTGATAATCCAAACCCTCACATCCAACTTCCGAAAATAATAGAAGATCAAGGCTATCTGCTTCTTCTCGTGGTTTCTCAAAGCGATTTCTCAACGAAACTCGTTCTTCTTCAGGTGTATCACCATGTACCATTCCTACTCGGAAACCCTTTTTTACAAGATTTTTATAAAGATAATGAAGCGTGTGTCGAAAACTACTAAACAGCATCAATTTATTATTATAGAGGTTTTGCTTATCTCGAATAACGTTATACAAAGCCTCGAGCTTTGGATCATAAGGATCAAGCAAACGTGCTCTATTAAGCAGTGTCTGAATCTGCATTTGGATTGGAATAACAACATCGTTTTTTGGTATCGTTTCAGTATCATCAGCTTCATCCCATAACAATTCATCTATGTGGCAGTTTAAAATATCTTCAAGGAAAGGAACGAGTCCAAAAATACAACTTGCCGCTTGGCGCCTAATAGTTGTCATCATAAACTTGATATTGACATCTCCATGAAGTCTGCTAAATATTTCAGCTTGTAATTGTAGTAACTCATCATGAAGATTTTTTTGAGCAGGAGTGAATTCAACAGCTACTGTTTCTGGTTTTCGCATTGTAAAATCTCCAATATCTCTACGACGAGTTCTATTAATTATTCCTGCAAATGTATACAAATTTTCAATTTCTGTAACTAAATGTATTCTCTCATTATCGTTTATATTTCCTTCAGTCAATCTTGAACATATTCTCGTAAACTCGGGATTATGTCTTAGAATTGCTTTGCCCCAATTCGTATTTGCTGCTTGAACAAGGGCTTCAAGTGTTTTGGCAGGCCATTCATTTTCTCGGGTACGAACTAGAGACACTGCTTTATTAATGAAAGGATTAGGTTCTGCCATATGTTCATAACTTTCCTGATCTATGATTAAATCTGGCCGAAGAGCATTGAGGAGAACAAAAAGGTCTTGACTTCCTAACTGAATTGGTGTTGCCGTCAAAAAAACGACTGCTCCTGCGTAATCACAGAAGAATCTCACTGCTTTATGGCTAAAAGTGTTTTGGTTCCTAATATGATGAGCTTCATCAACTATAACAAGATCAAACCGTGGGGGTGGGTCGAGATCAAGGAGACCCTTTTTCCGTTTTCTTTTATCACTTGGGTTTGAACCATAAAGTAGAGCCTCGTCGAATAAAGAATAGGGAATTATTGCCTTATGATATTCTTCTGGCCAAACTCCTTCTAGATCCATCTCTTGAATGCAGTATCGTAAGGTTCTTCCATCAAGATGAGAAAATCGTTCATCAAAACGCTTCATCTCATTCTGCCATTTACGTTCAGTAATCAGTGGGCGCGGACATATGATTAGAATAGAACGAATGTCGTGTCTCGCTTGAAGCTCCCGAAGGATTAGGCCTGCTTCAATGGTCTTACCAACACCTACACCATCAGCAATTAGCAACCTCGGTCGATCCGATCTGATAAATCTTAAAACAGGTCTGAATTGATATGGGATAAAATCAATTCGGGCTGCATTAAGTGAGTAGAGTGTGGACACACCTGGATATCTTATATGTAGGGCAGTAAGGTAAGATTGAAATTCCTCACAAGAAAAAAATACATACTCGTTTTCATATATACTTTCAGCATGCAGTTGAGAAGCATAAAACGTTTGAACTTCATTGTCCACAAAGACTTTAATGCGATTCTCTGGCATACTGGGTATAATAGAAATAACAGCACCTCGAACATTTGGGTTCGACTTCAAAAAAACAATTTGTCCTGGTTCAAACTCTGAATAAAGTTTGTTATCTTGTGACGACAGGGAACCATTTTTTTCATTTCGGTTGCAAAAAATTAATTTATTTGCTAGTACATTTTCTTCAATTAAACATAATTCCTTAAACAAATCATCATTTGGTCCAATGATTTCAGAAAAGTTGTGGAGTGTATCTAGATTACGATATAAACTTTCAAGTGAAAAATCTTTTTCTGTCGTGTAAGACCAACGATT
CP065383.1_gap57	2582954	2587089	4135	TCAATTTGAAAGCATAATTCTTAACAAAGAAGAACTTGAGAAAGGGATATTATATGATGTTTTTTTTAAAGAATTGGGAGTACTTGTAAAAAAAGCCAAAGAAGAGTTTGAGGTTATAAGGATGAATCTTTATGAATCAAAACTTTTTCAAGTCGAAGAAGGTTCGCCAGCTCTTTTAGTACGGAGGGTAACTTTCGGTGAGGATGAAAAACCTTTTGAGTACCGAAAAAGTATCGTTCGTGCTGATCAATGCCGCTATACAGTGGAGCTGAAAGCTTAAAATGACTTTCTTTAGCAAAAAAAAGCGAAAAGTTCTTTTTGATCTATTTTTTTCTTTTTTCAAAATTGGAGCCTTCACCTGGGGCGGTGGTTATGCCATGCTTCCATTAATTAAAAGAGAGATTGTTGAAAAAAGAGAATTAATGACTGAAGAAGAATTCATTCAAGGTTTGTCAGTAGCTCAAAGTATGCCCGGAGCCATAGCTATAAACACTGCTTGTTTTGTGGGACGAAAAGTATGTGGAATTTCAGGAACTTTTTTTTCAGTATTAGGGGCATCCATTCCTTCTTTTTTCGTAATCATTGTTTTCATATCACTTTATAAACAATATCGTCATTTAACTGTATTTCAAAATTTTTTTCGCGGCGCTGCTCCTGCTATAGTTGCTTTAATTGGTGGAGCAGTTTTAGATATTGGGAAAAGTGTGCTGAATAATTGGATGGATTTATTAATTGCTATATTTCTTTTTCTCTTGATTTTTTTCTTTAATATCCATCCTCTTTGGATTGTGCTTATTGGGGGCATGCTTGGAATGCTGAGAACTCGATGATTTATTTACAACTTTTCTTAGCATTTATTCAAATTGGTTTTTTTTCTTTTGGTGGGGGGTTAGCTGCGCTTCCTTTAATTGAAAAGGTAGTAGTAGAAAATCATCATTGGTTAGGAAATGGTGAGTTCATAGAATTAGTTACAATTTCTGAACTTTCGCCTGGACCAATAGGAATTAATTCAGCGACCTTTACAGGATTTAAGGTTGGTGGAATTTTCGGTTCTTTTATAGCTACAATTGCCTTCTGTTTGCCTTCGGTTTTGTTAGTTTACTTGGTTTTTCATTTCATTTTCTACTACAAAAAAAACATATTTGTAAAAAAATTCTTATTAGGATTAAGACCATCAGTTATTGCTTTAATGAGCATAGCTGGTTTTTCTATTGCTGAAAAGGGAATATCCGACTGGTTTTCTGTTGTAGTTGGAATAGTGATATTTATATTCATCTACAGGAAGAAAACCGATCCTATTCTTCTCCTTTTCTTGGCGGGAATAAGCGGCTTGGTGTGGTATCGGGGTTGACATTGTTTTAAGATATAATAAAATTCAATAGTATAAATGAATAGACAAATAAAGTAATATAATATATAAATATCCTTGGAGGGATTAAATAATATGAATAAACCGAAAAAAGTGGTTTTAATAGGAATTGATGGAATGATCCCAGAATTTGTGAAAAAATTTTCTCATGAAGGCATAATCCCCAATATGACAAAGTTAATAAATAACGGAGTTTTTTCAGAAATGCTTTCTATGATTCAAGTGGAAACACCTACAAACTGGACCTGTATTGGTACCGGAGCTTTACCTGGAACCCACGGAATAAATTCTTTTGGATTTCATATAGAAGGAGAATCATTCGAAAAGGTTTATGACATGGGAAACAACCTATTTCCCGTTGTCGCTAATGCCAATACAACTCATTTTATGAATAGGCTTTCCCATGCTGATTATATTTGGCAGTCGGCAGAAAAAGCGGGAAAAAAGAGTATTCTTGTAAATTTTCCAGGAGGATGGCCCTCAAACATTCCAAAAGGTATAGTGGTGGACGGTACTGGTCCATTTTCTTCTCCTCTAAGCAAAATGACTGAATGGGGAAGGTATTCTTCAAAACCAGACGCTCTTGATGAATTGATGATTGAAATTTTACCAGCTAATGATTGGAAAAATTTACCAGTATCCAATTTACAGCCCTTAGAATCGGTAATTGATATTACAGGAAGAGAAGAATTTAGCCATTCACCAAAGGGGTGGATTACCAAAGAAACTAGTGAAATTATCCATGATTATAATAAAATCAATCCCACCTATTATTTATTAATTTATTCGGTGAGTGGTGAAAAATATGACACAATAGCAGTAACTAAAGACAAGGACTTTAATAATAAAATTGCCATTTTAAATGTTAATGTTGGAAGTGATTGGCTTTACGAACAATTCCAACCAACAATAGGCGAAAGAGTTTATGCAAACATGCTGGTAAGAAAAGAATTTAAAACCAAGGTTAATGGAAAATTTCGCCTCAAACTTCTAAGTCTTTCACAAGACGGCAAATTAATTCAAATAGATCGAACTCCTATTTATAATTTAGAAAATTGGGCAAGCCCTCAGAATATCGCCGATGAGTTAATTGATAACCTTGGATTAGATAAAACATCGTTTGATCAAGAAAAAAACCGAAAAGGTGGGATCAGTTCAAAAAAATCACCCCTTTGTCAGGTTTATGAAACCGTTGAAGGTATGGCAGAAGGTCTGGTTAAAACCTGTAGATATCTCGCAAAAACCTACGATTGGGATTTATTTTTCATACAAATTCATTCGCCTGATGGCATAAACCACGATGAATTAAATGGGTTGTGTAAGGAATCACCAACCTATGATCCAAATGAAGAAGGGAGGTGTTGGGACAAGTTTCGAGAAGTGTATAAAAGACTTGATTGGTATGTAGGTGAGGTTGTATCAGCATGTGCTGATGAGGAAACAGTAGTTATTGTTGTTTCCGATCACGGTGGAATACCGACAAAGAAATACGTTTTATTAGAGCATTTTTTACTGGAAGATAATCTTTTAGCCTACAAAAAAAATGAAAACGGTAGATTAATTATTGATACAAAAAAGAGTAAGGTTATATCAGGGTTAAATTATGTCACTCAAAATATTTGGATTAATTTAAAAGGGAGAGACCCGGACGGAGTTGTCGATCCTTCAGAATATGAAAAGGTAAGAGATCGTGTCATAGAAGTTCTATACTCTATCAAAGACCCGAAAACAGGAGAACATCCCATCGTTTTAGCTTTAAGAAAAGAAGATGTAAAAAACCTTGGCAATTGGGGAGACCGCTTGGGAGACATTGTATACCTATATAAAGAGGGGTATACAAACAAATTTGCTAATGGTATTACTGGTATTGACCCTAAAGAATTTTCAGGAAATGGATTTGAGGATGTTGTTGAAGGCCCTGAATATGGAAGACATCACTCTTATCTCCCTGCAACTCAGTATTGTGGATGTTCGGTTAAAGCTGCTTTTATCATGGCTGGACCAGGGATTAAAAAAGGTTATTGCAGAAAAACCCCAATTCGGACTATAGATGTAGCACCTACTATATCTTTCTTAATGAAAATCCCTTACTCTGAAACAACCGATGGTTTAGTTTTTGCAGATGGATTATTGTTCGATTAAAAATATTTGTAATTCTCTTAATAATTTTAATCTTTTAATGAGGAGGTGAAGCGCTTTTTAAGCGCGTAAACAATGAATAAAAAGTATTATTTTGTATTTAGTCTAATTTTAGTATCACTTCTTTGCCTTGGTTTTTCAACAATTGCCCTTGGATGGAGTTGGGAAGAAGCATCTGAACCTTATAAAGGAACAACCATTAACGTTTTAACTATTCCTCACCCCACTGCAATAGAACCCGTCAAGCCTCTCATCCAAGAATTTGAAAAGATGACCGGAATAAAAGTTAATATGGAATATTTAGAACGGGTTTCACTTGGAACAAAACAAGAGATGGAATTGGGAGCCCATACTGGAGCCTACGATGTAATGCATATGGATACCTCAAAATTATCAAGATATTATCGGGCAGACTGGGCTTATCCTTTGAATGATTTTTTTGATGATCCAAAACTTACCAGTCCAGAGTTTGTACTGGATGATTTTGTTAAAATTTACGTTGATCTAGTGACTATGGAAGGAAAAATTTTTGGCATTCCCTTTACTGGAGAATCTACAATAATTTTTTATTTGCCTCAGGTTTTAGAAGAAAAGGGTATTGCTGGACCCCCCTCAACTTTTGAAGAA
CP065383.1_gap58	2592360	2595863	3503	AAAAGACGTTTAGCCTCCTCGCAATGACGGATTTGGTTGATGAGATCCTCGCAACCAAAGGGATGAGGGGAGAGGGGGAGTATTAGCGAAATGCGCTGAGGGGGCGAGGGGGCGAGGGGGAGAAAATTAAAAGATGAGATCCTTTCGCCCTCAAAAAGCGAGTGCTCAGGATGATGCGTGCGGCACCGGATGAGATCCTCGCAACCAAAAGGATGAGGGGAGAGAGGGAGATATGAGGAGAAAAAAGAGAAGGAAAGTGTTTTTAGGATAATGCTTTCTTGAAGTTTAAAATTTCCTTTAAGAAGCGATAGAAACAAAACCAGGTGGGGCGATGAATCTTTATTTATTCAGCTTAACTGTGATATATTATGTGAAAATAAACTGACAGTAACAACAATAGAAGTATGTTATTGTTATCATTAAAAGAATATGAAAAAGAATAATTCAACTATCAAAAATAACTATCCTACTGATTGAGTAAAATCTTGGGGCCAGGTCTTGATTCTTGAATTTTATAAATTTAACTCGCGGGATTTCCACAATGTTTTTCTCCTTAGAATGACGGCTCTCAGTTCCTTCTCCCTTGATGGGAGAAGGTTAGAAGACCGCGAATTTCTTCTATTTCTCTACTCACTGTATTTACAGGATGGACTCTCTTGAAGCTTTGCCACACCAGATAAGGATTACAACCAGAGAGGAATTTTATCAATAGTTCTCAGAAAGGATTGCAGTATCTGGTATTCAGAAGGTCCGAATCGAGGTAAAAAAAATAAAGGGTTTATACTAATTATCATTTACGAATAGCCGATAGTAGTCATTAAGAAAGGAGTTATACAAAATACCAGAACGGTTGGGAACGAGAAAGCCATCAATGAAATCGAGCACAAAGTCAGCTGTTCGAACAAAGGCATTTTTCAAGAACTATCCGAACTGACTAGGACTTCATCCGGCAAGGAATCAGCCGGACATTTCAAAAAAAATTGGGCTAACACGTGTAATTGATCATGGAGAATACTCATAACATAGGGGATAATCCCCAAACCTGATCAATTGGTAATAAAAAGCCCAAGAAGAACTGGTAAATCAAATAAAGGAATTAGGAGGTTTTTAATTTATGGGGAAATTTAAGACCATGAAGCGTTTTTTAATCCTTTTATTCGTTATGATAACGATTGCCCTGCTGGCAATCGGACCTGTCTGGGCGGAAGAACAGGACCCTTACCAATCGGCCATCATCACTGCTCGGACGGAATCCTGGCGGAGTATCAATTCCGGAATTTCTGGGAGTGCCACAGTGGCGATAATGGACCAAGGACAGCTGGTTTATGCAGAAGGCTTTGGCATGGCTGACCGAGCCAAGAGTATTCCGGTCGATACCGAGACCATCTTCAATATCGGGTCGATCAGCAAGCTGTTTTGTGCAACCGCAGTGATGCTCCTGGTGGATGATGGACTGGTGGAACTTGATAACCCAGTCATTGAATATCTTTCGGAATTCACCATGGCCGATGACCGGTACCATGATATTACCGTACGGATGTTGCTGGACCACTCTTCCGGTTTTCCCGGCTCGTGCTATGCTAACATGATTGGCTACCAAGCAAAACCCGATGTTTTCCATGACACTCTGGATAATCTGTCGCGGGCAACCTTGAAACACGCTCCAGGAGAAATGGCACCATATTGTAACGATGGTTTTACCCTGGCAGAAATGCTGGTCGAGCGGGTTAGTGGTCAATCTTATATCGATTTTTTATCAGAAAGAGTCTTCCAACCGCTTTCACTGAAAAGGACCGGCAAGAGTCTCGGGGAAAGACCCATGGACCTACTCGCATTATTTTACGCCCCTGATACCGGTCAGGAAATTCCCTTGGAAGTACTATCGGTTTTAGGTGCTGGCGGACTTGCTTCCACGGCGATCGACCTGGTTCGCTTTGCCGATGCTTTTTCCGGAAAAGGTAACCAGATTCTTTCTTCAGAAGCTATTGGGGAAATGACCAGTTGGCAGCCGTCCCTTCTCGCTCAAAAGGCTTGGGAAGAGACGGGATTATATGTAGAATTTGCCTACGGATTGGGTTTGGACCTGGCAATCCAGTATCCCCAGTCGGGGAAAGGGGTCAAGTTGATCGGAAAAGGGGGCGACACGACAGACTATCACTCGATGCTCCTTTCCGTTCCAGAAGAAAGGCTCTCGGTTGCGGTTATCCAGAGTGGCCGGAACGCTGACGCTGTAAAAATTGCTTTTGACATCATGGACAGCCTCCTTATTCAGAAGGGCTTAATGGAAGCTCCCGCAACGACAGTAGCCAAGCCGAAGGAACCGCAAGCCATCCCAGAAGAGTATCTTGCTTTCCAAGGCTATTACGCACCTAACCCATTCAAAGTAACCTTCGATCTTGAAACCAATACCGTTAATGTAACCAAGCTGGATAAAAAAGAAGAAGTACCAGTTATAACCCTGACTTACCGGGATGGGCATTTTTACGGCCCTGATGATAGTCGTTTTTCTTTTCTTACAGTGAATGGCCATCATCTGCTGATGGTCTCCATTTTTAATCAAGTCGTCGAGATGCCTATCGGTCAGCAGCTCAGTAAACTCGATGAACCTCTGAATCTGGGAATCAATGTCGATGGGAAACGATGGCTGAGGCGAAACGTGCTCCCTGGAGAAGCATTCAACCCAGAGCATATCATGACCTCTCAGCTTATTGAAGACCTTCCTGGGTATGTGGTTTTCCAAGGGATCAAACAGATCCTGTCTCCACAGTATGCCGGTATCCCGGTCGGCGCCGTTCGAGACCAGACTGATTTAACTCTTTCCGAAAATAACGGACACACCTGGGCAAGGGTTTTTGATTTTCTCTACAGTTCCATCGAAGCCGCTCCTCCACTGGAAATAGGAGAAAATGAAGTGAATATCGGTAGCCTCAATTACAGCGAGTGGCTATCGGCGCCAGAAGAGTGCATTGTTGACATCCAGAAGTCCGAGCAAAGTAGGGTATTTATCTTTTCTCCGGAAGGATCGGTTCTCTACGACAGCCTGCGTGATAGCGGTGCCGCCTATGTTCCTTCTGGTGGTTTCATTGAGCTAATCGGACATGCCGGTGATGTGTTTCAAGTGTTGAGCAAACAAGATTCTATGAACGATGAGAATTGATTTTTGAGCCGATTGTATAGCCTGGATTTGGAATGGGAAAGCTTGTAATGATGCTTTCCCATTCCATGAAAATCTCTGGATCGGGTCTTGGTTCTTGAATTTTGGAAGATGTTAGATTGGATAAGGATAGGTTCTATTAATTTGGCAAGATGAAATAAATACCAAAACCCACTGCTGGTATCAGGTGGCTATTGATTCAAATAGTTCTATCCTGAAAATACCATCTTATAAATTCCCCCATTGAGGGGGAATAAATTGTTTATTGGTAATTTTGGCAGAAGCCGATGAATTCTTCCCAAAGAAGAGGAAGGTCATCGCCCTGGGCTTGAACGATTAATTCATCAAT
CP065383.1_gap59	2608054	2611123	3069	TAAGAACTCAAGCTGACGCTTATGGCTACAATAACTCCAGTGAAAAATTCCTGCCAAAAAGAAGAGAGACCAATCAAAATAAGACTATTATTCAACAAAGTAATCATGGCGACTCCTAATATGGTGCCAATGACCGTTCCCGATCCTCCGGTTATCCTGGTTCCACCCAATACCACCGGCGCTATGACGCTCAGCTCAGAACCAACTAAATAAGTCGGATTACTATAGCGAATGAGTGAAACGTGGAGAACACCGGCTATTCCGGCTAATATTCCAACATAACAGTAAATAAAAAATTGAATGTTGAAAACATTCATACCCGATCGTTTGGCAGCTTCCATATCGCCACCTATGGCGTATATTCCTCTTCCTAACTGGGTATAGGTAAGGATAAACCAGGTGAGAAGAGCAACAGCTATGAAAATCACGGTAAATATTGATAATCCATAACTCCCCCCCTCGGGTTTAACCACAGTAAACACATTGGTAGCACCAAACTTTTTAAAACAATCCGGTAACTGTGCCGAATTCACCGCTTTGGTTCCGACCACGGTGAGCAGGATTCCATGAAAAACATTTAAGGTACCCAGGGTAGCAATAAAGGTTGGAATTTTAAAGTAGGAAATGATTAGGCCATTTACTGCCCCTAAGCTTAACCCAACCAAACAGGAGATTAAAAAAGCGAAAAAGATATTATCCACTCCACTGGCTATCAAAACATTGGCCGCAATGTACTGGCCGGATATGGCGATTGCAGTAAAAGACATATCAATGCCACCGGAGAGGAGAACCACAAAAACTCCAATTGCCATGATGCCCATACTTGCACTGCTTTTTCCCAGATCGAGTAAATTTTCAAAAGATAAAAAAGAGGGATTCAAAGAGGTGACCAAAATAGAGTAGGCCACGATTATTAAAGATAAATACGCTTCGTTTTGATTGAATACTTTCTGGATCTGACTTTTACTAATCGTTCCAGTCATGGTCTTTATCCTTCACTATTTTTTGAATTGCTCGATACTAAATCGAATAACTTATCCTCGGTTATATCAATAGTATTGACTTCTTGAACAATTCTTCCGTCTGCCATTACCAGAATCCGATTACAGTTACGCACAATTTCTGGAACTTCATCGGAAATCATGATAACCCCAATACCTTTTCTTGCTAACTGTCGAATCAAATTGTGTATATTGCTTTTAGAATTGACATCAATTCCAACTGTAGGACTGTCTAAGATAAATACCTTGGGATCGGTAGCCAACCACTTGGCTATAACAACTCGCTGTTGATTCCCACCGGAAAGCGCTTGAACCGCAACTTCTAAAGAAGGAACATTGATATTCAATTCATCAATCCACATTTTGGCATATTCATGTTTCTTGCTGTAATTGAGGAGTTTGGATTTAGTCAATATTTTTCTCAAATTGGTGACGACTACATTATTCTGAATCGACTGCCTTAAAAATAAACCCTGGTTAAGCCGGTCTTCTGGCAAATAACATAAACCCAAACTGATTGCTTTTCGGGGAGAGTTAATTTTCACCGGCTCTTCATTCATATATATAGTTCCTGAGTCAGGTTTATTCAAACCAAATAGGGATAGCGCTACCTCAGTCCTTCCTGAACCCAGAGACCCAATCATACCGATTATTTCACCTGGCCTCAGTTTAAAGCTAATATCCTTGAATTGACCTTTCTTGGAAAGGTCCTTTACTTCCAATAAGGTTTTTTGATCAGCTCCTTCGTGATAGTCGAAAACCGAACGATCGATTTTTTTCCCGCTCATATAAAAAGAAAGGTTATCGTAATCTAATTCACCAGCGTTATAGTCACCAACTTTTTTCCCATCCCTTAAAACCGTCACTTTTTCAGCAATTTGCAAAACTTCACTCAACTTGTGGCTCACAAATAAGGTAGAAATTCCACTTTCTTTCAAATCTAAAATGACTGATAAGAGTTTATCAATTTCTTTCTTGGTGATAGCTGTAGTCGGTTCGTCCATGATAATGAGTTTGGCATTTCGAAGCAGGGCACGGCAGATGGCAACCAGTTGTTTATTGGCAATAGAAATATTTTCTACCTTTTCCTTTAGATCGAGCTCCTTTTTTATTGTTAATAAAACACTCGAAGCAATATCTTTTACTTCTTTCCAATTAATAATTTTCTTTTTTTCTTCAATCAGCTGATTAAGAGAAATGTTTTCGGCTACCGAAAGGTTGGGAAACAAAGATAAATCCTGATATATAACTTGAATCCCTTCATTGATTGAATCGATCGGTCTTAGGTTTTTATAGCTTTTCCCCTGGATAATAATTTCGCCACCATTTGGTGCAACCACGCCAGCAATAATCTTGATGAGAGTAGACTTCCCAGAACCATTTTCACCGACCAAGCAATGAATTTCACCCGGGCCGATAGTCATGCTGACATTATCTAAAGCTTGTACTCCGGCGTAGAACTTACTCACATTTTGAATTTTTAAAAAATCTTCAGTCATGGTATCCCTTCTAAAATAAATGAGCTGGGGAGATAGTACACATCACCCAACTCACTTATTTTATCGTGTTCTTTTTTGAAACTGTCCTTTAATATGGGCTTTTTTAAAGATACATAAAAGAAAAATCACTATCTATTCTATTCATTTGTACCAATTATAAGTCGTAGTCATCCACGTTTTCGGCAGTAACGTCATGCCAGGCCTGGCCATAAATTACCGGGAAGCCATGTTGATTATTTTGAATAGTGATGCTTTCATATCCAGGTTTCCCTAAATCCATACCTTCTTTGATTTCATTTCCTTTAAGAACTTCCCAGGCTACCTTGCAAGAGACATACCCAGCATCGGCTGGAATCCAGAAATGGATTGACTTGGCAGCTCCGTTCTTCAAGTAGTCATAGGCAACTGAGGGGAGGCAGGTTCCATACGCTCCGACTTTGCCAATGAGACCTTTTTCTTCGATGGCTAAAGCTGCTCCCGGAACCGTGCTCATAGCGCTTCCCATAACACCTTTAAGATTTGGATAGGTCCTTAACAATTCCAAGGTTTTTTCATAAGCAATCTGTTGG
CP065383.1_gap60	2643482	2647087	3605	AATCTGGTTCCCCCCTCACCTTAATCCTCTCCCACCAGGGGAGAGGAAAACAAAAAAATTAACAAAAGGATTATAAAAAAGTTAGAAAAAAGCTATCTCAAGAAAAAAGCTAAGGGGTCTATGGGAAAAAAAGATAAAGGATCTCATCTTTTAATGTTATGGAATTTGGTAATCGTGGAACTGTGAAACGGAAAAAGATGAGATTCTCACGTCGCAAAATACGCTCCTCAGAATGACTGATTGGGTGGAGGAGATTGCCACGTCGTCTAACTAAAAGACAGTTAGCCTCCTCGCAATGACGGATTTAGATAGGGATTTTCATCATCATCTGGTGTTGCAAAGCAACATGGATGTCTATCCTTTTGCATTTTTTTATTTTTTAATTTTTTTCAAACGCTTAGACAGCAATTACGGTTTTTGCAAAGCAAAAATTATAATATTGTAAAGAAGAATGACTAAGGAGGTTTTCATGAGCGAACAATATGATCTCATCGTCGTCGGAGGAGGTTTGGCCGGAACCTGTGCTGCTATCGCTGCTGCACGCTTGGGATGTCGAGTTGCCTTGGTCCAAAATCGTCCAGTACTTGGCGGAAATTCCAGCAGCGAAATTCGCGTTCCAGTTGGGGGAGCTTGCGATTTCAACCCCTGGGCAAGAGAAACTGGCCTACTGGAAGAGTTTTTTTTAGAGGATCGCTTTCAGGATACTGCACGAATCTGGACCGGTCATGGATCTTCAACCTGGGACTATACCTTATATAAAGCTGCGGCCAATGAAAAAAATCTTGACCTTTATATCGATACACCAGCTCAGAAGGTTCTGATGTCGAAAACCAATCCAAAATTGATTGATTCAATCGTATGCTATGAAAACGGATCAGAAAAAGAGATCGTTCTTAAAGGTCGTTTGTTTATCGATGCCACTGGAGATGGCGTGATCGCCTACCAGGCAGGAGCGGAATTCCGGATGGGAAGGGAAGCGAGAAGTGAATTTAAAGAAAGTTTAGCACCAGAAAAAGCCGACAGCTATACTCAGGGGAGTAGCTTACTCTTCCATGCGAGAGATGTCGGTTTCCCAGTTCCATTTACCCCACCGGATTGGGTTCCCCAACTCTCCAGCGATGAAGACTTAGCTTTTCGCACCCATCATGATGTTGAAGCTGGCTATTGGTGGATCGAAATTGGAAATCCTCCTTATCATACCATAGCAGATCATGCAAATATCCGAAAGGAACTCATTAAAATGGTCCTGGCGGTTTGGAACCACATAAAAAATCACGACGACCATCAAGCTGACCACTTGGTTCTCAATTGGATTGGAATGGTCCCTGGAAAACGAGAGTCGAGAAGGATTATGGGTGATTATATTATGAAAGAAAAAGATGTCACTTATGGATCTTTATTTGATGACCGAGTAGCCTACGGGGGATGGTTTGTCGATATTCACACTCCAGGAGGCATTCTTGCAAAAGATTTACCTCCTGAACCGTCGTTTCCAGGAAAATCAGAAGAAATTGGAAAACGGCAAGCTACCGTTTACAGTATTCCATTTCGATCGCTTTATTCCAAAGACATTCCCAACCTGATGATGGCAGGAAGGGATATTAGTGTTACCCATGTCGCTCTAGGAACCACTCGTTTGATGGGCACTTGTTCGACCATTGGCCAGGCAGCTGGCACCGCCGCTTATTTGTGTACCAAATATTCTCTTCAACCTCGAGAACTGTATCCGGAGAAAATCCACGAACTCCAACAGCTTCTCCTCAAACAGGATGGTTTCATCCCTCAAATAAAGAATAGCGATCCGAAAGACTTAGCTCAGGATGCCGAAATCACCGCATCAAGTTCAGCCAAGCTCCAATTTGCCCAAGGCGATTTGGCGACCGAGTATGACCACCCCCGGCAGCGGACGATATCAATGACTGGGCTTGAAGTTGAAAGAGCCTTGATTTTTCCAATAACTTCCGACCACATTGACTCAATTGATCTCTATGTCGAATCCCATCTCTCCGAGCCGGTTGAAATAGAGGTTACTCTTAAAAAAGCCAAGCATATTTGGGATTACGATGGATCGGAAGGAATTCTCACAAAACAAAAAGTGAGTGCACCTGCTAATGGTGTTTCCTGGGTGAAGGTCCCCATCAATCTTTCAGTGGATCTGAAATCTTTTTATATTATCACTGCCCGTTCACAAGCCGGTATCTTTTGGAGATATCATAAAATACCACCGGTAGGAACGGCATCTTTATCAAAAGAAAAAAATAAATGGACTTCAACCAAAGGAGCATATACCATTAGGATTTATCCCGAAGTCTTCCCCTACGAAGCAGAAAATATCCTCAGTGGAGTGAGTCGTCCAGAAAACTGGACCAATATCTGGATTTCCGATCCCTCTCAAGGTATGCCACAAACGGTAACGTTGGAATTTCCAGTCGAAACCAGTTTCAATACGGTTTACCTGACTTTCGATACCAATCTTACTCAAACCCATATGTCCACGCCACCTCTCTATCGTTTTCCTGAGTGTGTCAAAGACTATGCCTTGTTTTATGATGCTCAGGGTACCTGGAAGGAAATCATCCACTGCCATGACAATTACCAAAGGAGAAGAATCCATCGGTTTTCACCTATCACAACTCAAAAACTCCAAATCGAGGTCTACGCTACCCAAGGGGAACCTTCAGCGCGGATTTACGAAATACGGGTGTATAACGAATAGAGATTGCTTTTGAGCCCATTCAAAGCACTTTATCCTTAAAAATACACTTCAATTATTATTATTTTTTAAAAAGGAGGGGCTAGTTTTTTTAAATGAATAATCATACTACTTTCCAATGATTTTCTATGAAGATTTACTAATTGAAAATTTTTAGCGTATCACTCATTGATTTAAGAACTCAAAAAATTCATTTTTTTAAAGACATTAATTATATAAAAAGCAAAACGTTTTGTGTTTTATAACCTTCATTAAAAAATTACATCCCTCCATTATAAATTACAATAAAATGCTTGGTTATTATTGCTTTTAGTACTCAATATTCGAATATGTTTTATCTATTTTTTTTCTAAATCTAAAATTATGAATTGACAAATGCAAAACGTTTTGTATATATTATTTGAAGGAGGGTTTCATGGTTACTATACGTGATATCGCCAAAGATGCAGGAGTGTCAATTACAACTGTATCTCATGCATTAAGTAACAAAAGAGCAGTCAGTAATAAGACGCGAGAAAGAATATTTCATTCGATCGAAAAGTTAGGTTACAAACCAAACGCCTTAGCACAAAGTCTTAAAACCAAAAAAACCAATACAGTTGGCTTGATAATTCCTCATAAGAGTAAGTATTTCGTAGAAAATTATACCTTTATTGATTTAATACCCAAATTATTAGAAAATCTCATTTTCAATAATTATTACCTTTTAATTTATAAGGACTACCAAGACTATAATCCGATAATGAGTTATGAATTTCTTATAAAAGAAAATCGAGTAGATGGATTTATTTTGGTTGATCCAAAACATAATGACTTAAGGATTCAGTATTTATTAAAACAAAAAAAACCTTTTGTTATTTTCGGAAGATCACCTGAATATCCTGAGATTCCT
CP065383.1_gap61	2659563	2662333	2770	TGAAAGCCAAACCGGAAAATTCACACCCAACCATGTATTCAATACGCTGCTAAAAGCCGCACCACAAACGTTTGCTTGTACGCCAAACCATCCCAAAGTTGAAATTCCCAAGATCAACGATATCAAAACCCGAGACCCGCTAAAACCAAAAGAAGGAATGGCAGCGCTGACTGTCGGTCTTCCTAAATCGGCTGCTTGCATTCCCTGAAAACTCATATAAATTACCACAATGGTATAGCCAATAATGCCAGCAAGCAGAGCATGTAATAAATTCAAACCGGTTATTAAAGCTCCTCCCATCATCAAGGCCGGAACACAAATCATTGTTCCAATCCAGATCAAAGCAATACTCGGCCAACTTTGACGATTTTCCTTTGGTACAGCTTCTAATGCATATTTTTCAAAAACATCTTCACCTTTCTTAGTACTCATGTTCTCATCCCCCTTAAATATCGGTTATTGTATTCGAAAGCTTTTACAAATTTAGAAATACTTATAAAATCTTATTTTTCAATATTTATATGTATAATCTAGAACTGCTAAAAAAGCTTTTATTATGAACCAAGCCGCTCCCATAGATTCCGTTCTTTGTTAGAAGGAAATTGATAGGTTTTTTTGCTCTGAGCAAGCTTTAAATTAACCAGTGCTTCCAGATAGGCAAGTGCGGTAGATACTGGATAAATCAACGGAACTCGATGCCCTCGCTTGAAAAGCTCCGCAGAAAGTTCATCGGCAACACCCATCATACCGGTACAACCCAAAATAAGAGCATGAGCCTGGTCTTTACAAAGTGCTTTTTCTGATTCTTCAACCAGTGCATTCATTAATTTACTCCGATCGCCTAATTCAAGAACCGGAATATTAACCCATCGGATTGATGCCAATTTTTTCCCAACACCGGCTTCATACGCCAAGTTTTCCAGTAAGACAACGACACTTTCCAAAACAGTAATCACTGAGAAGCGGTGGGAAAGATCAGCAGCAAAAAGTATCGAGGTTCTTCCTGGGCCTACTACCGGAATTTCTAAACGTTCTCGAGCTGCAGCCAGTGCAGGATCCCCCATGCAATCAATAAACACGCCATCGAATCCTTGCTTTTGAGCATTTTCCGCTAAATGAAGAATTCCTGGCGCACAGGCGGCCTCATCATAAGCTGATTCGATAGAAGCCGATCCATAAGGAATACATTCTACATCGATTTCTGTCCCCGGTGACAAAAATTGTTTCACCTCTTTCTCGGTTTCTGCCTCAAATAATTTGGTAATTATTGGTACAATAATTTTAAGTTTCACTATATCCTCCTTAGTAGTTATTTATTATTATATATAAATATATTTACGATAAAATTTAAACAATTCACGTAACAAAAAATTAATAGGATGTTGAAGTTTTAGTAAGTCCTGACTTATCACTTTCGCTCTTAGATAATGTCTCCCGAATAATACAAGATTAGTTATTAATGCTTTGGTTGTCAAGAATAAGAAGTAAAAAGCGAAGTAAAAAAGAAGAGGGGGATTTGAGTTTTTACTGCTCCGTCATTGCGAGGAGATCAACCTTTTTTTGGTTGAGCGACGTGACAATCTCTACCACCCAGTTTGTTATTCTGAGGAGTCCGGTGTTTGCTGCCGGACGACGTGAGAATCTCATCTTTTTCAATACCACAATTCAACACATAATAAAAGATGAATCATGAGATTGCCACGACCTCAAAAAACCAGGTCTCGCAATGACGGATTGAGTTGATGAGATCCTCACGCACTCAAATACTGAGGGGAAGAGGGTGCGAGGGGGCGAGGGTGAGAAAAAGGAGAAAAGAAGAAGGCTCAGGATAACGGATTCAAGGAATTCATATGATGGTATTTTCGGGATAGACAAAGGTTTTTATTAAATCGAAAAGAAAATAGTAAATATCTTCGATTTTTGATATAAAATGGGATACAGATATTTAATTTATCATTTTTCTTTTGAAGGAGGGAAATATGCATTCTCATCAGTCTCAATACAAAGTAGCTATGATTGGTAGCAATATGATGGATTTGATTACCTATTATGATGACTCGTTCCCCAAAGTAGGTGAAACCATCTTTGGAAAAGACTTTGAAATTGGTTTCGGAGGAAAAGGTGCAAACCAGGCAGTTGCCATTGCCAAACTGGGGGGAAATCCTTTCGTAGTAACTGCCGTTGGGAATGACCTTTTTGGACCCTTAGTAAAAGAAAATTTTAAGAATCAGGGAATAGATACCACCTGGATAAAAACCGTCGACGGAAAAACCAGTGGAGTTGCTCCAATATTTGTCGATAAAAATGGGTACAATAGCATTTTTATTATTCCCGGAGCCAATTCTTATCTCGAACCAGAAGATATCTTTCAGATAAAATCGGTTCTCACTGAGATGTCTTTTTTTCTCCTTCAACTTGAAATTAAATTAGATACTGTTTATGCCGTTCTGGACTTAGCCCATGAGCTTGGTAAAAAAGTCATTCTCAATCCAGCCCCGGCCCGCAATTTAGATTGGAAATATCTGGAAGGGATTTACCTTTTTGCTCCCAATGAAACCGAACTTCATACTCTCACTGGAGTAAACACCAGTTCCCGCGATGATATTCTCAAAGGTGCTCATTTGCTCTTAGAAAAGGGAGTCCAAAACGTATTGGTAACTCTTGGAGAAAAGGGATCTTTGTTGGTTAATAACACAATAAATCGATCATTCCCAGCCTATCCGGTTAAATCGATTGATACTACTGGAGCCGGTGATGCTTTTATTGGTGC
CP065383.1_gap62	2671614	2672564	950	AACCTCTTTCAGGAACGACTTTTCTTGGTTGGGAAAGGAAAAATCAAAAAAAGTTGTTCCATCAAAGCGACTGGCTTGCACTGAGTCTTTCGCAATATCCATGCCCACTACTTGTTGGTACTTCATGTTTTTTATCTCCCTTTTCTTTTGGTTGGTATTTTGATCTATTCTTCCTTGGACTTTCATCGTTTTTTTATTCAGGCTTTAGTTGCCTCATGTTCTGTAAAGTCTTGGGGAAGAGAAGAAGGTGGTGGACAACATTCTGAACGGTTTTTTAACCAATGACGAAAATGTCCTTTTTCCACCTTCTTTTTTCTTTTATAAAACATTTTAGTAATTATTTGGTATTTTTGGTATAGGAATCAATATACGATGACGGGGAGGGTGGATGAGATTGCCACGTCGCACAAGACGCTCCTCGCAATGACGGATTTAGATAGGTATTTTCATCCTCATCTGGTGCTGCAAAGCAGCATGAAGGTCTATCCTGAAAATACCATCTTATAAATTCCCCCATTGAGGGGGGTTAAAGGGGGGTGTGCCTTTAATCGGTCATCCTGAGCCCTCGCTTTTTGAGGGCGTGAGGATCTCATCTTTTAAGTTTTTTCTTCATAAATACTTTAAATGATGAGATTCTTACGTCGTCCGGCAAAAACACCGGACTCCTCAGAATGACTAAGTGGATGGTAGAGATTGCCACGTCGCACAAGACGCTCCTCGCAATGACGGATTTAGATAGGTATTTTCATTCTCATCTGGTGCTGCAAAGCAGCATGACGGTCTATCCTGTAAATACCAGAACGTTTTTTAAGGAAATTTTTTAGAGCAACTCACCAGGATTTCACTCTGTCCTAGGCTTTCACCCTCATTCTCACCTTTTCCCATCAAGGGAGAAGGAACTTTGAGTCGTCATTGCGAGACCTGGTTTTTTGAGGTCGTGGCAATCTCTT
CP065383.1_gap63	2675281	2676284	1003	TACCGTTTCAGCAAAACACCAAATCTGACACCAATCGTAATCAAAGGCGACCTGACCTCGTGCTATGGCAGTTACAATATTTACTGTAAAACTCTTTGGTTTGATTTTCAAAGCTCTTTCAAGAATTTTCATGGCCTCTAAAGGGTGAAAATAATCATCAAGAAGTTTAAGATATCCAAGACACATCAACTCACTCCTGTTTAAAGCGTAGATGGGAAGGTCCTTGGTCTGAAATCGATATTTTTTCATAAGATATTGGGTAAATATTTCGGTATTCTTTTTCCCCTCGAATTTCCATCCTAAAGCATTAACTAAAGCGGCTTTTTGATCCAAAGAAATATTGAGATCAGTTAAAAATCGACACATTTCTTCATTAAGAACCCCTTGTTCTTGAGCTATTTTGACTAGAGGAATATCCAGATAAGCTTCAGAAAAGGGAGTTGAAGTTGCTGGAGAATCAGCGAAAACGCCTTGCGAAAAAACCAATAGGACATATAAAATAGTAAAAAATTTAATTTTCATTTATCCACCTCCAGTAGGAAAGGAATTTAAATATGAATAAGCCGTTTACGGTCATGGAAGTCACCAACGAAAAAACTTCCATCGATATTATCAAGCAATTATTCTTGGAATACGCCCAATCGTTGAACTTTAGCTTGTGCTTTCAAAACTTTCAAAAAGAACTCGATGAACTCCCCGGCGTCTATTCGCCCCCCAAAGGTTTGCTTTATTTAGCTCTGGTGAATGGAAAACCAGCTGGATGCATTGCTCTGAAACCTCTTAAGGATCAAATCTGCGAGATGAAGCGACTTTATGTCCGACCGGAATTCCGAGGACTGGGAATCGGGAAGGGCTTGGCAATTCATCTCATCTCCCGTGCTAAAGAATTAGGCTACCATAAAATGCGTCTTGATACCATTTCGACCATGAAAGAGGCAATTACACTATACAGGTCGTTGGGCTTTTATGAAATTGAACCTTATTACAATAATCCAGTTGAAGG
CP065383.1_gap64	2754100	2758745	4645	TAAACCCATCCTTTGCGTTGGCGAAACCATAGAGGAAAGAGAAGCGGGTCGCACCGAAACCATTGTTTTTGATCATCTATCAAAAGGCATTACCAACCTTAGCAAAGAAGAGGCTTTATCACTGGTTGTTGCTTATGAACCTGTCTGGGCAATTGGAACTGGAAAAGCTGCCACTCCCCAGGACGCTCATCAAGTAATTTCCTACATTCGACAGCAATTAGTCAAAAAATTCGGTGATAATACTGCCAAACAAATTCGAATACTATACGGCGGCAGTGTAACGCCCGACAATGTTTTTGATTTCATGAAAGATCCAGATATTGATGGGTCATTGGTGGGTGGAGCCAGCTTAGATCCAACTAAATTTTACAAAATTATATTAGAAAGCTTAAGGGCTTCCCAATAGAGGAGAGTCGATATGCAAGCTTGGATGATTATTCAGATTTTTATTTCAGTTGGTTTAATTTTAGTGGTCATTTTTCAACCTCGGAAAGCCGGTATGGGAGGAGGTATTTTTGGGGGAATGACCCGTGCTGATCGGAGTAGCAAGTTTAAAAACCTCCCAGTTTTGGGAAAACTAACCGTTGTTTTCGCCGTAGCCTTCATGGTGGTATCCTTAATTTTTGCCTTTCTTCTAACCTGAGAAGAGGTGGAAGGTCAGGTGTCGCAAAAACCTTGGGTTAATGATCTTCAGGAAGCGATTCAATATCGTCCCGATCCAAAACGGCTGTTTTTATCGGCAACCCATGATGAGATAATACAGGGATATACAACTGACATTTATTTTGTTAGTGCACAACAAATTCTACGCCACCTGCAGCTTGATCAAACCCCGGTCGTCGCAGAAATTTTTGCCCGGCATCCGGGGATTTTTTGTGGATTGCCCGACGTTCTTTCTCTATTGTCACACAGCCAAGTGGAAATATGGAGCTTACAGGAAGGTGATCCCTTCGATTCAAGGGAGGTGGTTTTGAGAATAAAAGGTCCCTATTCAGAATTTGGTGTTTTCGAAACTCCTTTACTGGGAATACTTGCTCATAGTGCTGGATGGGCAACCGCAGCCCAAGAATGTAAAGAAGCGGCTGGGAAGAAGATGGTTCTCTGTTTTGGAGCTCGACATGTTCATCCCTCGGTAGCACCAGTAATGGAAAGGTCAGCTCTGATTGGAGGAGCTGATAGTGCCGCCTGCATCCTGGGAGCGAAGCTAGCCGGAAAAATTCCAGGGGGGACCATTCCTCATGCGGCAATCCTTATTTGTGGGGATACGGTGTTGTCAGCTAAAGCCTTCGACGAAAGCATACCGAGCGAATTTCCTCGCATCATCTTAGTCGATACCTTCAAAGATGAAGCCGAAGAATCACTTCGTTTGGCTCAAATCATTGAAAATAAGTTAGAAGGAATTCGTCTCGATACACCAGAGGAAAGGGGAGGAGTTACCTTGTCTCTGGTGAAGGAAGTTCGCGAAAGATTAAATCAAGCAGGATATCCTAATATAAAAATTGTGGTTTCTGGTGGTATCACTCCTGAAAAAATACGTCTGTTCCATGATCATACTGATATTTTCGGTGTGGGGAGTTATATCAGTGGGCATTCTCCTATTGATATGACTATGGATATCAAAGAAGTAGCTGGCCAAAGGATTGCCAAAAGGGGAAGAATTCCCGGAATAACGAATAATCCAAGGCTAGTAAAAATTTCATAATAAGGAGGCATAAAAATTGAAAAAGATTTTGGTTTTGACATGGTTATTGGTTTTTGTATTGGGAATTTCGGTTGCCTTTGCCGAAATAAAAAATCCCGATACGTATGTGTATCTCCATATTGGTGAACCGGATACCCTCGATTCCGGATATGCCTATGATAATGCCAGTGGTGAGGTATTAACCTATGTCTATGAAAATCTCATTTCCTACGATGGAGTAAATCTCCAAAAATTTATCCCCGTTCTGTCAACCGAAGTTCCAACTGCTGAAAATGGTCTTATAAAGGATAATGGCACAACCTACCTATTCCCAATTCGAGAGGGTGTCAAGTTTCACAACGGAAACGAACTTACTCCCGAAGATGTTGAATATTCGTTCGAGCGAAATATCCTTTTTGATCCAGCTAACGGACCACAATGGATGATCATTGAAGCTTTGTTTAATTTCCAGACCCTTGATGATCTGGTTGCCGATAAAGTCGGAACTCCTCTTACCGATATGGTTGATGAAAATGGAAACTTAATCAACCCCGACGATGCCAATAAATTGATAGAATTTTATCAGCAAGTTATTGATCCGGTCATTGAAGTTCAGGACGGTTCGGTAGTGTTCCGCCTGGTGCGTCCCTTTGCACCTTTTCTTTATATTCTCCCGAAACATGCTTACTGGAGCAATATCTTCGATAAAGAAACCTGCGTTGAATGGGGTTGCTGGGATGGGAACGCTGATGGATGGTGGAAATACTATAATGTAAAAAAAGAATCTTCGCCTCTTTATGATAAAGCCAATGGTACAGGCCCTTTCAAATTTACCGAGTGGGATCGAACCCAACAGAAGGTTACCCTGGACCGTTTTGATGGATATTGGGGAGAAAAGGCCAAAATTGCCCAGATTATTGACTGGGGAATTGACGAGTGGGGCACACGACGAGCCATGTTGGAAGCCGGAGATGCCGACCAGATTTATATGCCAGCTCAGTATCTCGATCAGGTTAAAGACTTGGATGATATTAAAATTGAAAGTGGGAAGAGAATCACCGTAACCGCTTTCCATTTTAACTGGACAGTTGATAAAACCAGTGATTTCTTAGGAAGTGGAGCCCTCGATGGGAATGGTATCCCGGCTGATTTCTTTAGTGATATCCATTGCCGCCGTGCTTTTAGCTACGCTTTCGATTATGACACCATGATCCAGGAAGTTTTATTGGGATATGGGGAGCGACCCCCATCAGTTATTCCTTCTGGCATGCTGGGATACAATCCCGATCTTCCCATGTTTGAGTTCGACCTGGCAAAAGCCGAAGAGGAATTCAAAAAAGCTTGGGACGGCAAAGTCTGGGAAAATGGTTTTAAGCTGACTTTGCTTTACAACACTGGGAATGATGCTCGACAAACCGCCTGTGAAATGTTCAAAGAAAACATTGAATCCCTCAATCCCAAATTTAAAATTGATGTACAGGGAGTTCAGTGGCCAAATTACTTGGATGCTTATAAAAGCGGCAAATTACCAGCATTTGTCATTGGCTGGATTGCCGATTATCCCGATCCCCATAACTTCATTTTCACTTATTTCCACAGCAGTGGAGTCTATGGTGGACCCCAAGGAGAAGCCTATATTAATTTTGCTCAAGAAAATCTAAATCCGATCATTGAAGCGGCCATCTCTGAAACCGATGCAACCAAGCGGCAAAATATGTACGAAGAAATTCAGAAAATCGCTTACGAAAATGTGTTAGGTCTTACCTTCTATCAAGAGATAGCGCTTTTCCCAATGAAAACCTGGGTCCAAGGATGGGAATTCAATCCAATACAATCAGGCGAAGCTAATTATAATGGGGTTTATAAAGCCGAATAAATGATTGAAGAATAATGATCGTACTCCGGAGGGAATTCTATTTTCCCTCCGGAGTGGAAGGATTGATAGTTTTGATATTTTATATTATACGGAGAGTCTTATTTATACCTATTACTCTTTTTGGTATTTCTCTCATCGTTTTCTCTATGATTGGCATGCTCAGTCCCTATCAGCGACTTGCCACCTTCATCAGCAGCCCTGACCGCCTAAAAAGTGAAAATGTCGATCAGCTCATTTCTATGTACGGCCTCGATGATCCGATACCTGTTCAGTATGGAAGATGGTTTAAAAATCTGCTTCAAGGAAACCTAGGATGGTCCTATGTTGGAAAAGCTCCGGTTTTGCAAGCTTTACTCCAGCGTTTTCCCTATACCTTAGAACTGACGTTATATTCCGCCATCCCCATTATCTTGATCGGAACCTGGATGGGAGTCCTGTCGGCACTCCATCACAACCGTACCTTGGATCATTCGCTGCGGATTTTTGCCGTGGTAGGGTGGTCCTTTCCTGATTTTGTATTTGGCCTATTCGTTCTCATGATTTTTTATAGTACTTTAGGGCTTTTCCCCCCAGGGAACTTGAGTCTCTGGGCTGAAGGTATTGTTAAATCTACCAGCTTTAGATCTTTTACCGGTATGACAACTATTGATGCGCTTCTCAATGGAAGATTGGATGTTTTTGTAAATGCCTTACGACATCTTGTTGGTCCAGTTCTCACTCTAACCTATGTTCAATTGGCTTACATTCTTCGTATTACCCGATCCTCGATGCTTGATGTTCTCCAACGTGACTATGTCCGTACTGCTCGTGCCAAAGGTTTAGATGAAAGAATTGTTATTAATAAACATGCCAAAAGAAATGCCATGATACCAGTTGCTACCGTGAGTGGCCAAACTATTGTCGGATTGATGGCAGGAACGGTAATTGTCGAAGCAATATTTAATCGGACCGGTTTAGGAAGCTTTTTAGCCTTAGCAGCTCAACAATTAGATTATGCCTCGATTATGGGTGGCGTCCTTTTTTTTGGGCTTATATTGATTATCGGGAACCTTCTGGTTGATATCTCTTATGCTTATATTGATCCTAGG
CP065383.1_gap65	2759881	2760645	764	AATAATTCTGATTTACTTTTTCTATCTGAAAAACAGATGCAAAATATCCGAGGAAAAGATATTTCTATGATTTTTCAAGAACCTGCTTCAGCACTCAATCCGGTTTATACCATCGGTGATCAAATTATTGAAGCAATCACCCTTCACCAAAAGGTCGGCCACCACGAAGCCCGAAAGCGAGCAGTAGAGATGTTTAAATTGGTAGGAATTCCTGATCCAGAAAAAAGGTTAAACGAATATCCTCATGAATTGTCAGGGGGAATGAAACAAAGAGGCATGATTGCTATGGCACTCTCTTGTCATCCCCAACTTCTCATAGCCGATGAACCAACCACTTCTTTGGATGTAACCATCCAGGCACAAATTATTGAATTAATGATCAGTCTTCAAAAACAGCTTAATATGGCAGTTATCCTCATCACCCACGATTTAGGGATTGTCGCCAACATGGCGAAACGAATTATTGTAATGTATGCCGGAAAAATTGTTGAAGAAGGAGACCGCCACGATATTTTCAAAAATCCTTGTCATCCTTATACCATTGGTTTACTCCGTTCTATCCCTCGTTTAGATATCGAGCAGGAAAAACTCGATTCAATCCCGGGTATGGTTCCTGATCCTTCACAATTTCCCCAAGGATGCCGATTTCGAAACCGCTGTTCCTTTGAAGATGAACAATGCCTCAATCAACCAAATAAAGTTAACGTCAGTTTAAACCATTTTGTCTATTGCCATCACTGGAAAAAAATAAACCAACATTCAAT
CP065383.1_gap66	2846326	2847930	1604	ATCAAAAACAGCTGGAAGAGATCGAAAAAGCGATCAAAACCCTCGAAGCCGAAGCAAAACGACTGGTTTCCCAGTATGCTCCGAAAGAATACCAACTGCTCCTGAGTATCAAAGGAATCGGGAAATGCTCGGCGACTGCTCTTTTAGGACTCCTCCAAAAGATGGATCGCTTCTCTCGAGGGAAAGAAGTGGCCAGTTTCTTAGGCCTTGCTCCCCAGATCTCTCAATCTGGAAAAGACAAAGGCAAAGCCTGGCTGAGTAAAAAGGGGAACGGCTATCTCCGTAGGCTTCTCTATCTTGCGGCTCTTTCGGCTTCACGGTCTAATGCTCAATGTCGGGAACTCTATCAGCGACTCCTTGCGAAAGGAAAACCGAAGAAAGTCGCTCTCATAGCAGTCGCCAATAAGCTCTTAAGACAGGCCTTTGCAGTATTAAAAAGTGGTTGTCCTTATGATCCTCATTACCTAAAACTAAAAAGTAATCTTGAAGTAGTTTTGACTTGACAATTAACACAGAACATTCTGAGCGGTGCTTTTCCGCGTGAGGATCTCATCCTTTTCTTTTTTTAATTCAAAATTATTTTAAGGATGAGATCTTCAGGTCTTTAGGAAAAGAAACACCATATTGTCGTTTTTATCATTAATTGCTTTTTCTTTTATTCGACTCACAACTCACTGATTCTAATAAATGAGATTGCCACGTCGTTCAACCATAAAACGGTTGAACTCCTTGCAATGACGGAGCAGGAAAAAACTCAAATCCCACTAACCCCCTTTGCTAAAGGGGGAAACGATTCCTGGGTAAGTATTTTCATCCTCATCTGATACAGATATATGGCATGAGGATCTATCTTAAAAATACCTGAACAATTTTAATAAGTAATTCATTCAGAGCAATTAACCAAGGTCTTTTTCTGACCTTTCACCCTCATCCTGATCTTCTCCCATCAAGGGAGAAGGAATAATAGTGACCTAATCGCACAAATATATTATCGGCTGCTTAAACAAAAAGTTTAAAAGATGATTTTTCTTGAGGAAAATCAAATATTGGCGGTAACTCGATACATTTCTTCCGGACTAATAATACCAGTAAGTACTTTTATGGCAGCGTTTTCACGAAGCGTTCTCATTCCTTCTTTGCGCGCTGTTTCGGTTAGTTCCCTCTCGGTAGCATGGTTTAAGATCATTTCTCGGAGTTGATCGCTCAAATTAAAAATACTGTGGATGGCTACTCTTCCCTTGTATCCCGAGGTACAACGGGAACACCCTTTTCCTTGGTAAACCACAACATGATCTTTCTTACCGTCGGTAAGATCGAGTGCAGCATCCCCTTCTAATTCAACCGGATATTTACAAAATTCACATACCTTCCTCGCCAATCGTTGGGCTACTACTCCAATGATAGCTGAAGAAATAAGAAAAGAAGCTACGCCCATCTCTTGGAGACGGGTTACCGCTCCAGGTGCAGTATTGGTATGGAGGGTAGAAAAAACTAAATGTCCGGTGAGAGCGGCGTGAATGGCAATTTCAGCGGTTTCACGGTCTCGAATCTCACCAACCATGATAATATCCGGGTCCTGTCGCATAATAGCACGGAGTGAGTTT
CP065383.1_gap67	2878273	2878883	610	CTACGGCTACCTTGTTACGACTTCACCCCAATCACCGACCCTACCTTCGACACCTGCCTCCCTTGCGGGTTAGCTCAGTGACTTCAGGTAAAATCGACTTTCGTGGTGTGACGGGCGGTGTGTACAAGGCCCGGGAACGCATTCACCGCGCCGTAGCTGATACGCGATTACTAGCGATTCCGCGTTCATGCAGGCGAGTTGCAGCCTGCAATCCCAACTGGGGCCAGCTTTTTGGGATTGGCTCCCCCTCGCGGGTTCGCAACCCTCTGTACTGGCCATTGTAGCACGTGTGTCGCCCAGGACATAAGGGCCATGCGGATTTGACGTCATCCCCACCTTCCTCCGGTTTGTCACCGGCAGTCCCCTTAGAGTGCTCAAGCATAACCTGGTCGCAACTAAGGGTAAGGGTTGCGCTCGTTGCGGGACTTAACCCAACATCTCACGACACGAGCTGACGACAACCATGCAGCACCTGTGCTGGCTCCCTCGGAAAACCGAAGGTCGTCACCCTTTCAGGCTTCTACCACCAGCATGTCAAACCCTGGTAAGGTTCTTCGCGTTGCATCGAATTAAACCACATGCTCCACCGCTTGTGCGGGCCCCCGTCAAT
CP065383.1_gap68	2882482	2886079	3597	TTCCGCAATCATGGCCAAGTCATCCATGCTATGGGATACTAGGATCAGGGTTGTCCCATTTTCTTCTCGTAGGCTTTTCAGTTTCCCCAGAATGAGTCTTTTCCCCTCCGGATCAAGTCCAGCCGTTGGCTCATCTAAAATTAAGGCTTCGGGCCGCATTGACAGAATACTGGCAATGGCAACTCGTCTCATTTGGCCTCCGCTTAATTCGAAGGGATTCTTTTTATTCAATTCCTGGTAATCCAAACCAACACTTTCCAAAGCCCATTTAACAGTTACTTCTAAGCTTTCACCACTCACACCGTTATTTCGAGGTCCGAAGGCAACCTCGTCAAAAACCGTTTCTTCAAATATTTGATGTTCAGGATATTGAAACACCAAACCAATTTTACTTCGTATTCCTTTCAGCCGGGAGCCTTTTTTTTGGACTTTTTCATCATCAATGAAAACTGATCCTTGAGCGGGGAAAAGGAGAGCATTAAAGTGCTGAATGAGGGTGGATTTTCCACAGCCAGTTCTTCCAATAATACCTACTGACTCTCCCCTGTCAATAGTGAGAGTGACATTCTTAAGAGCTTGAACTTCAAAAGGAGTATTTTGGAAATAACTGTAATAGACATTTTCTAGACGAATGAACACAAGGCAGCCACCAATTCTTCTGCTTGAAGCGGAAGGGAAGGAAATAGTTCGGGAAACCGACTCCGAAGGATCCAGGCAGTTTCCGATACCAATGGGAGCTCTAAACCCCATTCATATATTTGATCTCTCTGATTAAATATATCAGTTGGTCTTCCCTGAGCAACAATTTGGCCTTGATCCATGATAATAACCCGATCAGCATCAACTGCTTCTTCAATATAATGGGTAATGTGGAAAATAGTGATTGATCCACGAAGTTGAGAAATAAGCGACATGATTTCGTTTCTGCCCTCCGGATCAAGCATTGATGTTGCCTCGTCAAGCACTAAATACTCTGGTTGCATAGCCAAAACACCGGCGATTGCGACTCGCTGCTTTTGACCACCAGAAAGAAGGTGGGGTTCTTTTTTTCGAAAATCGTTCATTCCAACAATATTTAATGCTTGATCAATCCGTTTTCGTATTTCATCTTGAGGTACTCCAAGATTCTCTGGTCCAAAGGCAACATCTTCTTCAACGGTTGTGGCAATAATCTGATTATCAGGATTTTGGAAAACCAATCCAACCTTTTGGCGAATATCCCACAAAAATTCTGATTGATTGGTTTTTTTTCCATCTACATTAACCGTTCCTTTTTTGGGAAGTAACAATCCGTTACAGTGCTTGGCTAAGGTTGATTTTCCCGAACCATTCCTTCCCAATAAAACAACAAACTCGCCTTTAGGAATGACAAGCTCAACATTATGAAGAACTTCATCCTTTTTTTCTATTAAGGTTTCATCTTCAGAAAACCAGAAGGACACTCCGTCAAATTCAATCACCTTCACAGGTCCTTTCCATAAAAAAAGCCAGCCCTTTGGCTGGCAGGGTTTACTACAATCCAACTCATTGATTTATTCAGAAAGTATTTCAACCCGTGCCATTGGAGCCCCGTCTCCTTGGCGAAATCTCGTTTTATAAATCCGACAGTATCCCCCTTTTCTTTCTTTCAAGCGTGGAACTAAACTCCTTTGAAGGGTTTTAAAGGCTTCTTTATCGTCAACCCAACGCATTACTTGAATAGTTGTTGCATTAGTTCCTTCGATTGCTTGAGATATAATTCTTTCAAAAAGCGGTTTGAGGTTTTTTGCTTTACACTCAGTTGTTTCCACTGCCCCTGACTTAATCAAGGAAACTAAAAGATTCGATAACATGGCTTCTTTATGGGAAGTCGTGCGACCTAACTTCCCTCTTTTCATTCTATGCCTCATTGGTTGTTCACCTCATTTATATCTACTTTATTGAGTTCGTAACCAAGTTTCTCAACTTTCTCAACAATCTCTTCATAGGTTTTTTGACCCAAGTTTTTGATTTTTTTTAAGTCTTCCGGGTGTTGGTTAATGATCTCTAAAAGTTCATGAAGATTATTAATTCGAGCACGTTTTAAACAATTATAGGCACGAACTGATAATTCTAACTCTTCGATAAGCTTGTCTTCTCCCGTTTCATGCTCTTCTAAGGCAACATCCACTGGAGCCGTTAAATCGTCTGACAGACTTTCCTTAACCAAGCTGTAAATATAGCTAATTTCACCAACCAGCGACTCAAGAGATTTTTTTAAAGCTTCTTGAGGAAGGATAGAGCCGTTGGTCCAAATTTCAAGAATAAGTTTATCAAAGTTGGTAAACTGACCAACCCGAGTATCAACTACACTATAATTTACTTTTCTAACTGGGGTAAATATCGCATCAATTTGAATATTCCGATAATCACGCGCAACCTTTTCGGAAGTCTCCTGATACCCTTTGCCATGATTGACATAAAGAGTCATCGCCAGTTGTCCTTCGTGGTTCAACTCGGCTAAATAATGATCCGGATTAATAATCTCAACATTCGGATTGGGCTGAATATCACGAGCTGTCACTCGCCGGGGAAGGTCGGAATCTTCATTTCCTCTTACATCAATCCTTAGTACTTCCTCTTCTTCTGTTGACGATGAAGAAAGAACCAAACCTTTAACGTTAAGGAGAAGATCGGTAATATCTTCTCTCATTCCCGGAAGAGAAGAAAACTCATGAATGATATTATCGATCTCAACCGAAGTCACCGCTGTTCCTTCCATAGAAGAGAGAAGGACACGCCGAATGGCGTTCCCCAGAGTCACGCCCCATCCTGATTCTAGTGGTTCTATGGAAAATTTCCCATAATGAGCTCGGGTAATCGGATCCTCACGAAGCTCAATTGTTTCAAATTTCATCATTTCCTTAATATCGGGCATACTTACACCTCAAATTTACTTGGAATAAAACTCAACGATCAAAGATTCTTCTACCTGATAATCAATATCATCCCGATTCGGTTCTCGTAACACCGTAAAAGTGAATTGTTCTGGCTGAAATTCTAACCAGCTCGGTGGATTGAGTTGCTCTTTTTCGTCAATAATCTCTTTGATCTTTTTATGCTTTTTCCCAACATCAGTTAATTCAATCTTATCTCCCACTGAAACCATGAAAGAAGGGATATTAACTATTTTTCCGTTCACCTTGAAATGGCGATGGAGCACCATTTGCCGAGCATCACTTCTTGAATCAGCAACTCCCCCTCGGAAAACGACGTTATCCAAGCGCTTTTCTAACAAACGTAAGAAATTTTCACCAGTAACTCCCGGAATACGATTTGCTTTTACAAAATAATTATTAAATTGCCGTTCTGAAATTCCATAAATATAGCGAACTTTTTGTTTCTCTCTCAATTGCACACCATAATCGGAAAGGCGTCTTCGTGAACCTCGGCTCATTCCCGGTGCAAAAGGCCTCTTTTCAAAAGCACATTTAGGAGTCATGCAACGGGGCCCCTTTAAAAATAACTTTACTCCCTGTCGCCGGCATAATCTGCATTTGGCATCGGTATATCTTGACATATGAATTAATCCTCCTCTTAAACCCTTCTTTGCTTGGGTGGTCGGCAACCATTGTGAGG
CP065383.1_gap69	2888535	2889630	1095	TGTCCTGGGTAAGTCTTTCCCGTATAATTCCAATGACCACTTCATCGGGCACTAACTCACCAGACCGAACATATTCTTCGGCTTTTTTTCCCCATTCCGATTTGCTTTGAATAGCTAACCGAATGATATCACCAGTTGAGATCTGTGGTATATTATATTGCTCTTCTATTCTTTTCGCTTGGGTTCCCTTACCAGCCCCTGGTGGTCCAAGGAGCACCATAAACATTTATATAATTCCCCCTTTGAATTATTTTTTAATAAATCCTTCGTAATGTCTCATAAGAAGCTGTGCTTCCAGTTGTCTCACAGTTTCAATAGCTACTCCGACCATGATGATAATTCCTGTTCCACCAAAATAGAGGGTGGTCACATTGGTAACTCTCACCAGCAAATCGGGCAAAACAGCAACGATCATCAAAAAGAGAGCTCCCCACAAAGTGATCCGGGATAAAGACCGATCGAGGTATTCAACGGTTGGCCGACCAGGCCGAATACCAGGGATGAAACCACCATACTTTTTCATATTATCAGCTAATTCCATTGGATTAAAAGTAACCGCTGTATAAAAGAAAGTAAAAAATATGATTAACGCTGCATAAATCGTCAAATATAATGGCGAATTAGGAGTCAAAGCATCGGCAATCGACTTCATAAAAGCCGAGCCTTGGAAAAACTGAGCTAAAGTCGCCGGGAAAAGAAGAATCGAAGATGCAAAGATAATCGGAATAACCCCTCCCTGGATAACTCGGATGGGGATATGGGTACTCTGTCCACCATACATTCTTCGTCCCACTACTCTTTTTGCATATTGAACTGGTATCCTTCTTTGCGCTTCTTGAAATAAAACAACAAAGGCAATAATGAGAATCCAAAATACCAAATTGAGAATAAACATAATCGGATTAATTTCACCAACTCGAATCAAGGCAACCGTGCTCACCATTTGTGGAATAATTCGAGCGACGATACCGGCAAATATAATTAAGGATATTCCATTACCAATACCATAGTCTGACACCAATTCTCCCAACCACATTAGAAACATACTTCCTGCGGTAAGGGTTAAAATAACCGTAATTCGATAGGGAATGCCTG
CP065383.1_gap70	2922067	2926818	4751	AGTATCTTGGTAAGCATATTTCTGGTAAAATTCAGGGACAAAAACATGTCGAGGAATTCTCAGCAGTGCTTGGGTTACTCTTTGGTCTTTAATATTCCGGGAGATGATTTGTTTTCGAACCATATTTTCCCGTTCTTGAAGTGTTCTGGCATTATCTATTTCCATTAGTATTCAACCTGAAATGTTTCATAATTTCCCGAATAAGGCAACCACTCCTCAAAAATATCACGGATTGATGCGCTCACTGGTCCCTCGCGAATTTCCCGAAAGAAGCTTTCAACTTCGGATTTCTCTCCTTCAGCAACCACTTCCACTTCACCATGGTATAAATTCTTGACAAATCCTGTAACCTCAAACCCGGAGGCTCTTTTTAAAACAAAATAGCGAAAACCAACCCCCTGAACACGACCCCTGAAAACCAACCTCCCCTGAATGTACTTCACTTCAACTATTCTTCCCCGATAATACTTCTACAAGTTCGTTTTTTATCAACCAGTCAGTCAGATTCGGTCGAAGGGGGGTAATTGACACTTCCGAATTCACCACTGACCAATAATCCGAACTACTTTGGTATTCTACCTGGCGTTTTTCTTCAATAAAAACATATTCTTGGAATTCATCATTCTGAGTGGTTTTTTGAACTTTAGTAAAATAAAATCGATCGGCAAGCTCGGTAATCTTCCATCCGTTCAGTTCTCTCGAATGAGCCACATCAGGTATATTCACGTTGAGTACCAAATTTTTTTGCCGAGAAAGAGTTTCTTCAAAATGGAGAAAAATATCGAGAGCAGTTTCTGCTGCAACCTCATAATTCAATTTTTCCTGTATTGATAGTGAAACCGCCATGGCTGGTATTCCCGACATAGCTGCTTCCATCGCTGCTCCAACCGTTCCTGAATAAAAAACGTCAAAACCCAGATTGGGTCCCCTATTGATACCGGATATAACAAAGTGGACTGGAGCTTTAGAAAACAAATTGAGACCCAATATTACTGTGTCGGCTGGTGTCCCATCAACTGCTAAACCGCTTATTCCATCGACTTGAACTTCCTTCACTTTTAATGTCTGTCGTGAAGTTATGCTGTGACTCGAACAACTTCGCTCTTCGAGAGGAGCAACTAATATTATATTGGCTATCGGCTTAAAAGCTCGAACCAAAGCTCGAATTCCATCACTTTGATAGCCATCATCATTGGTAATGAGTAGGTTTCTTTTCATTTATATTTGACCTCCAATCCGGTGTTGGATTTCTCTGGCTACGATTACACCTGATGTGGACGCCTGAATCAAACCTCTGGTTACTCCAGCTCCATCTCCAGCCATGAATAGATTCTCGATATCACTTTCTAAATATTCATTGAGTTTCACCCGTGATGAATAGAACTTTACTTCTAACCCATAAAGAAGATTATGAGGAGAACTGATTCCTGGAATAAACTTATCCATTGCTGAAATAATCTCTAATACATCTTGCAAAAACCGATAAGGAAGAACAAAGCTCAAGTCTCCAGGACTGGCACCGTTGAGCGTAGGCTTTAAAACTGATTTGTTGATACGTTCCGGAGTAGATCTTCTTCCCAATTGTAAATCCTTTAGTCTTTGTATAATAACACCACCACTGAGCATATTCGCCAAACGAGCCACATAGCGACCGTATTCGATTGGTTCTTTAAAGGGTTCAGTAAAATGAGTACTTACCAGGATGGCAAAATTAGTATTGTTGGTTTTTCGATTTTCATAACTATGACCATTAACGGTAATAATCCCATCGTTATATTCGCTGACCACTTCACCGTGGGGGCACATACAAAAAGTTCTCACTCGATCGTCAAAGGTATGGGAATAATAGATGAGTTTTAATTCGTATAAAATTTTCGTGTATTCTTCCATAATTGAAGCTGGTACTTCCATCCTGACGCCTAAGTCTACTGGATTATTGACCAAGTCCAGCTTTAACTTTAATGCTTCTCTTCGTAACCAATCGGCTCCAACCCGACCAGGCGCAACGATCAAGTAGCGACTTTTAATTACATCACCACTTTTCAGTTGAACACCAACTGCTCGATGGTTTTCGGTTAAGATTTCAGCAGCTTCAGTACGAGTGAGGATAGTAATCTTCTCTTTCAAATGATTTTTTATGCGAGTTAATATTCCTCGGCAGCTGTCAGTTCCCAAATGTCTCACTCGTGATGGAAGTAATATAAGTTCAGCCATTTCCGCTTTTTTCCGGAATTCTTCTACCTTTTCTCCATCATCTCCGTAAACCCGTGGGGTTGCTCCATAGCGAAGGTAAATATTATCAACATACTGAAGAAGCTGCTCTAAATCGTCCGGTTTTAAATAAGAGGTTAATTGACCACCAACGTCATGGGAAAAAGTCAGTTTTCCATCGCTGAATGCCCCTGCTCCCCCCCAACCACAGAGCAAAGAACAAGGCTGACATTTTTGGCAGATATTTTTCTTTTCCCGGGCAGGACATCTTCGCTGCTCAATGTCTCCGCCTCGATCAATTATGAGGACATCAAGATCAGTTTTGTCGGCAAGCTCCAATGCGGCAAAAATTCCCGCTGGTCCTCCTCCGATTATGATAACATCATAGGTATTTTTCATTCACAAGCCCCTGATTCTTTTTTATTTCTTCAAGTATTTTTAATGCTACTTCGAGTGCATTCTTCCCTTCCTCTAAACCGACCAGTGGTCTTTCTCCATTTTTCACACAGCGGGTAAAGTGTTCCAATTCAAACCGAAGCGGCTCCCCTTTTTGCATCATTGGTTTCTCCATGAGGATGGGGGGAACTGCCGTGATTGTCTTCTTGTAAACCGCTAACTCTTGTTCTAAATAATCGATGGAAATAAAGGCATCGACCTCGGTGATTTCCATGCGGCGTATTTTTTTCCGGGTGATTCGGCTAGCGGTGAGATTGGCGATACAACCATTTTCAAAAAGTATCTGTGCGTTAGCGATATCTTCTTGACGGGAAAATACTGGATACCCAAAAGCACTGATTTTCATTACTTTACTTTTAACAATACTCGTTACAATATCGATATCATGAATCATCAAATCGAGTACAACTCCCACATCGGTATTCCGGTTGGTATAGGGTCCCATTCGATAACAATCGATAAAGACTGGCCGATCAATTATTTTTGATAGTTCCATGACTGCGGTGTTAAACCGCTCAATGTGACCTACTTGGAGAATCACTTTCTTTTTATTTGCCATCTCCATCAATTCTCGAGCTTCTTCAAGAGTCGTCGTTACTGGTTTTTCTATGAGTATATTAACCCCTTCCTCGATAAAGTGTCCGGCAATCAAACGATGGAGCACGGTTGGAACGACAATGCTTACAGCATCAATTTTTCCAAACAATTCACGATAATCGTAATAGGGAGTTGTTGAGTAACGCTGGGCAATTTCTCTTGCTCTTTCCTGATTTATATCAACCACACCTACAAGGGTAGTATCTGGTATTTCAGAATAAATTCGGGCATGATGTTGTCCAAGATAACCAACCCCAACCACTCCAACTTTTACCGAACTCAATTGAAACCCCCCTGGCAAAATAATTTGATTAAATCAACCACGTGTTCCAGCTCCTCTTTTTTTAGAAGTGGATGAACCGGAATTGAAAAAACCTCTCGAGAACAAGCGTCAGCCATGGGATAATTACCGTTTCCGACTATTTTATGGATAAATTTTTGTTGGTGGAGAGGAACAGGATAATAGATTCCATATCCAATTTCTTTCTGGTCAAAAAAACGTGCCAAATCATCTCGGTGATGTTTTAATTTTATAGTATATTGATGGAAAACCGGGAGTACATAATCAGGCACTACTGGTGTTTCAATTTCTGGAAGTGATGATAATTCACGATTATAAAAAATGGCGTTTTCTCTTCGTTTTTGGTTAGAATCATCCAATTTTCTTAACTGCACGCGTCCGATGGCGGCGGCAATATCGGTCATCCGAAAATTATAACCTAAAAATTCATGGTAATATCTCTTTTTACTCCCGTGATTAATCAGCATTCGACACTTTTTTCCAAACTCTTCATCATTGGTTAAAATCATACCACCTTCGCCAGTGGTCATGTTCTTAGTAGGGTAGAAGCTAAATGCTGAGGCCCTTCCAAAAGAGCCGACTTTTTTTCCACGATACTCGGCGCCATGAGCTTGTGCGCAATCTTCAATAACCGGAATACCGTATTGATCGGCAAGCGCTATAATTTCTTCCATCGGACAAGGTAAGCCATAAAGATGAACGATGAGTATGGCTTTGATTGAGTTTCTATCTTTTTTTAGAACTCTTTCCAAAGCGTTGGGATCAATATTAAAAGTTTGGGGATTAATATCACAAAAAGTTGGAATTGCACCACAGTGCATTATCGAAGACGCAGTCGCAACAAAAGTAAAGGGTGTTGTTATTACTATATCATTTGGAGAAATCCCCAACGCTTTTAAGGCAATAAACAACGCTGCAGTCCCACTGCTTGTGGCTATCGCTTGTGATACTCCAATATACTTTCCAAATTCTTCTTCAAATTGAGCAACTCTCTTTCCCTGGGCTAAAAATCCTGAATTGAGAACGTCTTGAACCGCATTTTTTTCTTCTTCATCAAGATTGGGTTTGCTGATCGGTATTTTCATTTTCGATTATCAACCTCATTTTTTATAAAAACGATAAAAAGCATCGATTAAAAACGTAATATATTATAAACCCGTCATTCTGAAGAACGTATTCTGCGACG
CP065383.1_gap71	2935054	2936021	967	AAGAAGAAAACCAATCATATCTTTTCCTGATACTCGAACCCACTGTGATTTTAAATATTTTTCGTTTCTTTTTTATTGCTATATATTAATTAACTCAACTTTCGCACTAAAATAAATGCTGAAAAACCTTGATTTTAAAGGGTTTTTAATGAAAACACCCCTCCTTTCTGGTAGAATTGACTTAAGGAAAAAAACCAATCACCACAAAGAGAGAGGTGTCTTCATGACTATCCTACCAGAAAATTTGAAAAATGAAAGGACCTTGTTACCCATGTTTTCCTCCTTTATGAAGGAGTTTAAAGTGAACCAACTGTTTCGAAAATGCCATATGAACAAAAAGAAAGGGTTCCCAGTCAAAGACGTCTTTCAGATGATCTTTCTCCTAGTCTTTACTCAGAAAAACGTTGCTGGTCTTCTCCAATCTCGACATCCCCTTTTCCAAGGAAAGAAAGACACTCTTTACCGTTTCCTCCACAAGACCAGTGGGAGCTGGCGAAAATTGCTCTTTCTTTTGAGTACCAAAGTAGTCTCTGAAGCGCTCCTTCCTTTTACCAGTTTGAAACGCTACACCTGGGTGGTGGATGATTCCCCCTATGAACGGCCTCGGAGCTTGAAAGTTGAAGGGCTCTCTCGATTCTATGATCACGCCCAAGGACGGTTCAGTCGGGGTTTCAGAATGCTCACTTTAGGACTCACCGATGGTGCTACATTCATTCCCTTTGCTTTTTCATTGTTAAGTTCTCACCAAAAAGAAAACCAGCTCTGTCCCATGGATGCCTCCATTGATGGGCGGAGCAAAAGAGCTCACCTTCGGAAAGAATCCCAAGAAAAAGCTCCAGATGTCTTCTTCAACCTCCTGGATGGAGCCTTGAAACACTGTCCTTTGGTCTCAACTATTCTCTTTGATAGTTGGTTCAGTTTTCCAGCCCTCATCCGCAAATGTGCTCTTCGCGGATTATCAGTGGTG
CP065383.1_gap72	2939798	2943150	3352	AACCAAATTTTTGGAAGATTTTTACTGCTTCCTTACCCGAAATACGAGGGAGAAATCCCATTTAGATAGTAACCTCTCCTAAGAACACCTCGTTTTCCTCGAAATAATTCAATCTCCCATGCCTTTTTTCCACTTCCAGCCATCCCCTAATGGCATCCTTTATATTGCTCAGGGCTTCATCAAAAGTTTTTCCCTGACTCATGCATCCGATGAGTTCAGGAACATCCACTACATATCCTTCATATTCTGGATCGTAGGTGATTACAACCTTAAATTTCATAATCTTCTCCTTCCTTTAAGGATTCCCCAACTCATATTATACTTCATCCTTGAGGCTTTTTTAATAACTTATTAATCGATTCTAATTCCATGAGATTGCTACATCGCTTTGCTCCTTGTAATAACGATTAAAAGCTCCTTCTCCCTTGCCGGGAGAAGTTGAAAAACAAAATTTTAAAGTAATTTAATCTCCCCCTTTAGAAAAGGGGGTAAGGGGGGATTTGATTTTTTTTCCTGCTCCGTCATTGCAAGGAACGTCCTGTGCGACATGGCAATCTCATCGCCCCACTCTGTCATTCTGAGGAGTCCGGTGTCTTCTACCGGACGACGTGAGAATCTCATCCTTTTAATTATTTATGAAGTAAAAATCCAAAACACAATATGCTATGGCATGTCGCTACATTAATTGAGCACGATAAATTGTAGACCTTACATTTTTAAAAAGTACTTTAATGTGGTTTGCCTTATCAAACCACATTATTTATCGTCATTGCGAGGAACGAAGTGACGTGGCAATCTCTTTTAGAAAGCTTTTCTTTTATGAAATTATAAAAAGATATGCTTCTTATTTTAGAAAGTGCCACTCATAAAGACATCAATTATTTTATAGTACTTCATTTATTAATTAGGAAATGAAAATTTCATTGAGAGATTGCCACGACCTCAAAAAACGAGGTCTCGCAATGACGGATTGAGTTGATGAGATCCTCACGGCTTCAAAACACGAAGCCTCAGGATGACGCCTTTTTTATTCGTTCCTATATTTTCAGGACAAACCATCATGCTACTTTCTTACCAACAAATGAGAATGAAAACCCAAGATTCGACATGCCATGGCATGTCGCTATATTAGATGAAGATCGGACGCAATACATTGTGTCCCTCCATTTTTTAATTCTTTTGAAAGGGCTTGATTTATCATACCCGCAGGTTTTTAGGATAGAACCTCATGCTGCTTTCGCAGCACCAGATGACAATGAAAATAAGTTGCCCCCTCACCCTGGCCCTCTCCCGCCGAGGGGCGAGGGAAAAAAGAACAAAAGAATTCAGAGTTCCTTCTCCCTTGATGGGAGAAGGTGAGGATGAGGGTGAAAACCAAGAATGAGATTCCAGTTGGTTGCACTCATTAAGATATCTATAAAAAACATACCTGTATTTTTAGGATAGAACCTCATCATGCCGCTTAGTTCGTAAGACCAGATGAGGATAAAAAATAACTATCCAGAAAACAATCTCCCCCTTTAGAAAAGGGGGTAAGGGGGGATTTGATTTTATTGAAACAAATCGAATCCCGAACTGCATTTCCCTTTAGCCAAAGGAAGAGGGCTTTTTATTATTCTACTCACCACTCCCAATTCACGACTCACGGTATTCCCAAGATTGAATTTGTAATGATACAATACGATGGAAAAACAGGAGGGGGGAATTATTTTGTTCAAAACATTACTTTTTTTAATCAGTGTAATTCTGACATCCATCTCTTTTTGCCTTCCAGCTTATTGCTTTGAAGGAGCCCTGCTTCCACCGGCTCAGGAAGAACTCACTTCTTATCAAGACGAAATTCTCCAATTCACTCTGCAACATCCTCCCGATTGGAAGCCGGTGAGCCAGGATCATCAAAACCGTCATTTTTTAGTCTTTTTTTCTCCAATCGAGGAAAACGATGATCAACTCCAGGATAATTTAAGCTGTTCGGTTGAAAATTTAGATCAACCAGTCACTCCCAATGCCTATCTCAAAAAATCCCTGGATGCCTTCCAAAACCAAATCACCCAGCTGGCAATTGGAAATACTTTCGAGGTATCAATTGCTAACCAAAAAGCCATATCTGTTCCTTTCACTGGGATTTATCAAAACCAGCAACTTGCCTGGGTTTTAACTGTTCTGATAAAAGAGAATCAGGCTTACAGTTTTCTTTTAACTTCTGAACCACAAAAAATTGAAACCTATTGGACTCAAGCTAACCAAATCATTTCTTCCATTCGTTTTCAAGAGAAAACCACCATTCCTATTTTTCTTGCCCCTTCTACCCCACCAAAACCACCGGAAAAATCTCTCCAAATGCCGACTTTTTCAGAACTCCAGGAAAAAATACTGGTCGAGAAACCACCGATCAAACCACCGTCAGGGAAAATCCTCTACGCAAGTGAAGAACGAGGGGGAAACTTTACCATCTGTACTATGAATGCTGATGGGAGCAATCGCACTCGTCTGAGCGGTAATCATCATACCCTGGCTTGGCAGCCATCCTGGTCGCCGAATGGACAAAAGATTGTCTTCGCTTCCTATGTTGATTTTCATTTCGAAATATACCTGATGAATGCCGATGGGAGCGGAGAAATCATGATTACCGGAGACACCGAGGAAAAAAGCTATCCGGCTTGGTCACCGGATGGGACCCGAATCATTTTTTCATCCAAACCCAGTGGCTCATCCAGCTCCGGCTTCGATCTTTTTGGTTCAACCCAGGCTCCTCTGGATAGCGAAATCTACATCATGAATGCTGATGGGAGCAATCGGACCAATATCAGTAATGATCCGAGCAACGATGTTGAACCCTCCTGGTCGCCGGATGGGAGTAAAATCGCTTTTGCCACCGACCGAGATGGGAATTATGAAATTTACGTAATGAATGCTGATGGAACCAATCCAATTCGGATAACGGAAAACTTTTCTGATGACCACCGCCCCATGTGGTCACCGGATGGGACCAAAATTGCTTTCTCTTCCAACCGAGATGGAAACTATGAGATTTACGTGATGAATGCCGATGGAAAACAAGCTGTCAATCTAACCAAAAATGGATTTACCGATTCTGAACCGGCTTGGTCGTCGGATGGGAACTACATCCTTTTTGTCTCCAACCGGGACCGCAACGATGAAATTTACCGGATGAAAGCCGATGGAACCGAGGTCGTACGATTAACAAATAATTCCTTTGACGACTGGTGCCCTTGCTGGCAACCTCAGGTGGAATAAAATGAAAATATTCTTCCTGGCAATAAGTATAATAATCATGGTGCTCTTTTTTTCATCAGTTCAAAGCCAATCATTAGGTCAGCTCACCCTGCCT
CP065383.1_gap73	3089544	3090911	1367	ATTGAACGATCATTAAACAAAAAAAACGGGGTTATTCGGGCAACCGTCAACTTCGCTGCAGAAAAAGCCACGGTTCTTTTTGACCATTCGGTAACCAATCCCACCGAGTTTATTGAAGTTGTAAAAAAAGCCGGCTATGATGCCCGAGTTATTACTCCCGAGGATCGAGAAAAGGAAAACCAACGCAAACGCAAAGAAGTCATGGCACAATGGCGAATTTTCCTGATCAGCCTTTTTCTTAGTTCACCAATGATGTATTTCATGTTTCTTGATTTTTTTAAATGGCTGCCGGGGGCTATAACTCTGCCACCCTACTTTGGGATCATCTCCTTAATCCTTGCCATACCAGTTCAATTTATTATTGGTTTCCGATTTTACCACGGAATGTGGTCAAGTTTACGAATGAAAACCTTCAACATGGATAGTTTAGTCGCAATTGGAACCTCGGTTGCTTTCGGATACAGTCTTTTCCACTATCTAAGGTATATCTATGAAACCAGCAGTATCTTAGGATTATTTGGCCAAAAAATACCCGAACTCTATTTCGAAACTTCAGCATTTCTGATTACCTTTGTATTGCTGGGAAAATATTTGGAAGCTCGGGCTAAAGGGAGAACTTCTGAAGCCATTCAAAAACTCCTCGAACTTCAAGCCAAAACAGCACGGGTTAAACAAAATGGTTCCATAATCGATATACCGGTTGAAGAAGTAAAAAAAGGAGATATTTTGGTAGTAAGACCCGGGGAAAAAATACCAGTTGACGGTGAAATCCTATCGGGTCATTCAGCGATTGATGAATCAATGGTCACTGGAGAAAGTATTCCGGTTGACAAAAGTCCAGGAGATATGGTTATTGGGGCTACCCTCAACACCTTAGGGGGTTTTGAATTTGTTGCTACTCGAGTTGGTTCGGATACCATGCTGGCTCAGATCGTACAACTCATCGAGGATGCCCAAGGATCGAAAGCTCCTATTCAAGCTTTTGCCGATCGGGTAGCCGCTTGGTTCGTTCCGGTCGTCTTTGCCATAGCCGCTGGTACTTTCGTTATCTGGTATTTTATCTTAGGTAGTTCATTGACCTATTCGCTCATGGCTATGACCTCGGTTATTGTCATTGCCTGTCCCTGTGCTTTAGGGCTGGCTACACCGACCGCCATCATGGTTGGAACCGGCAAGGGGGCTGAATATGGAATTCTAGTAAAAGGGGGCGAACCATTAGAAGCGGCAAAATTAACCAATACTATCGTTTTCGATAAAACTGGAACGATCACTCAGGGAAAGCCAGCTGTTACCGATGTCGAGTCTTTCAGTGCTTTTTCCCCCCAAGAAATAATTGAATTAGCCGGAAGTTTGGAAAAATTATCCGA
CP065383.1_gap74	3100725	3101225	500	CTTATTGAAATAAATATTAAAAACAAAAAAATTAAGGAATCCTTGAAAATCCTCTTTTAATGAATAAATTACTCATAAACTTTATCGGCTTTTTAACAAAAATCTTAAGCCAACAACTCAGTCTAAAAAGAAAAATATGAGCAATGTAAATAATGTTCGTTCAATTTCGCCCAAATAAACTAATATCAACCCTAACCGGTAGATCCCCTTCTCAAGAATATCAATTCATTTCATCCCATTGTTATCTCTCTTGTTCCAGGCAACTGTTCTGAATAAAACAAAAGGTATCCTATTCTAATAATCTCTTCATTCAAATTTAATAAAATAAATACTGTCAATTTATCAACTTATTCAGTATTCATAGGCAAATCTCGCTCTTTGATTATTTTTACTGTTTCAAAAAAACTTGTCAAACCTTTTTTTACCAAAAAAACAAAAAAAATTAAATAAAAAAATTGTAAAAGCGATTTTACAAAAAAATAGGAAGCAGCAAATGAAAA
