gap_id	start	end	length	sequence
CP065002.1_gap1	26769	29847	3078	CACTTTATTAAAGTGGCGGAGTTTACCTCTTTTCCCACTTTACCAGTAGTAAACATAATCATTAATGATACTTCATCGGATGAAACATTTACAGTATATGATCATCCGGTGGTCATGATTTTTAAAAGGATTTAATGTTTTTCCAACTCAAAGTATATTGCTGCTGCTTTGCTTAGGGAAACGCTTTTTTGCGATAAATTATCTATAAATTTGTAAACGGGCAAAATATCAAACACACCGGGAAACAATACCCACTTTTTAAATAATTTGTACGTCATCAAATTGGGAATAGATATGTAGTGCAAAAAATCCATCCACCAACTCGCACGTTTGTCCATATATCCAATTGATGAATTAATTGTAAATCCCGACGCTTTGAATAGACGACACCATGCATTGTAATCTGGAAGTTGCACGTGTACTTGTACTCTTCGCATCCATTTCCCGTAATAGTCTTTAGAGAGGACATTTCCTGCGAGATAATCCTCCCACTTATTGGTCATTACCGTACAATAGAATTTTCCGTTTGGCTTAAGGACTCTGTGGATTTCGTGTAAATTACTTTCTAAATACACAACATGTTCCAACACACAATTTGAAAATACCGTAGAGAATGTGTTTTTAGGAAACGGTAACTTTACACCATCGTAACAAATTACTTTGCGATAAGCTTTACTTTCATTGGCATACGTTAGTACTTTTTCTGCAACATCCACCCCACAATCAATTTTTCCCTGAGTAGGATAAACAACTGTTTTTGCATAAAAACCATCTCCACAACCAAAATCAAGTACAGGTCTTTTATAAGGCAGACCGGGTACAAAAAGTTTTGCTTCTTTGCTTCTGATTACCGATATGAATAATGGTTTATTTTTTAGATATATTTTTGAATAACTCACCATATGCGTTGATCGTGTTGTGATAATTAAAAATCGCTTGTATTGTTTTTTGGGATTTAACGTACTTTTTTCGACTTGTTAATATCTTGGTAATTTTGCTGGCAATAGACTTACTGTCTCTAATTTCAGCCAGTTCTCCCATTCCACTTAATACAATCGGCATTCTGACCCCTGGCATATTGCTTGCAACAACCGGACAACCTGAAAGCATTGCTTCAACCTGGACAAAGCCAAAACTTTCTATTCGCTCAATGGACGGGAGGACTAGTATGTCCAGCATTGAATAAAAATCAGCCATTTCTAATTCGTTCAGCGCACCTAAATATATAATTTTACTTTTATATTTCTTGTATAATTTGTTAAATTCTTCTTCAAACCCTCCGCCTATCACTTCTTTTTTAGGACCGGCAATAAATATTTTTAGGTTACTCGTAATCTTTTTATCGATATGGGTAATTGCTTCCAGCAAATATTTTATTCCTTTTTCGCGTGCAACTCTTCCCGCAAACCCAATTTTGGGATGTATCCCTTTGTAAATTCTTGCCATTTTTTTCTTCGCCACAACAACCTTCACGGGAGGTAAAATATAAACCAATTTATCTTTGAAGTGTTTCAAATAAACGGAACTATCGGCATAGTCCTTTGTGTAAACCACAATCTTATCTGCCAACATGCCACTAATCAACAGGGATAAATATGTTATCCGTTCGGTAATTTGATTAATTAAACCAGGCCAGTTGGACAAATCGCAGTGATGAGTAATTATTACTTTTCTTCGGAGTAGTTTTGCTAATATAACCAGAATTACTATTTCAAATGATGGAATGTGACAATTAACGACATCTGCTTCTTTTACCGATTTGTAAGCTTCAAGTACATATGTTGGCATAATCGCCCCACGTCCAATTTTAAAAGGTGTCCACACTCTCTTCACCGAAACATTATTCTCCTTACTTTTATATTCCAACTCGCCGGTGTGTCTTGAAGTAATGACTTCCACCTTATGTCCCTGACTTGCCAAACTTTCGGCTAGATTTTTAGCGTATATCGAAAGTCCGCTTACATTGGGGTAATAATATGAAATTCCTATTAATATTCTCATGAGTTTACAAATCTCTTTAGTTTATTGTTTGATTTATCGACAACAACTGTTCTAAGATTTTTGAATCTTCTTTTCAAGTAATTAACTAGGGCTTTATCATCATCAATCAGAATATCAATTTTTAATTTATTGATCATCGCTTCTTTGAACACATGCGGTTGATCATCGTTTTCATTTAAATATATTTTTTCAAAAAGGTCGTTTATTCCATAGTGATTGATCCATTGTTTTGTACGTTTAATTAAAAACGAATATCTACTTGAGACGGCAAAAACACAATATCTTTCATCCTCGGCAAGTTTTCTTATCAATGCGATGTTAGTGTTAATTGGTGGTCTAATAAGAGGGTGGTGACTCAAAATCCGCACATATTGCTCATACTTTTTAGGGAATCTATACTCTAGTTTTCTTTTTTTGTGTGATCTATAAAGCCATTCGATAATTTTTTGGGGTATTATCGGTGGTTTGTCGATAATTACTCCATCAAGGTCAATTCCAATATTTATTTTTGTTTTTGGATGCGCCATTAGAGTATTATACTGTATGTACATGGGATCTGATTCAACATATATTTTGTGGTGGTGGTTTCTGTTTCTATTTTTAAGTTTATCAAGTTTACCCTTGATGTCGTTATTGTTCCAAAAATTTCTTGATGTTGGTTATGGTTTTTCGAAAACACTTGGTCTCCTTTTCGTATCTTACTTAGTGTTTCTTGTGAGTATTTTTAAAATCGCTCCCTTCACGCAAATTACCATAGTTGCTGTTTTTATCTTGTATGCACTTTTCAATCTAATAATCTACACTCGACACAAAAAAACAATCACCGACAACTTGCGCATCAAGATAAGGATTATTGTGGCTCAGGAAATTATTTTTACGACCGGATATTTGTATTGGGTACTCGTTAGAGGATACCAACCAGACATTAACGGTTTAGAAAAATTCATGGATTTTGGGTTCATTAATTCAATACTTAATTCGACATACTTACCACCGAAAGACATGTGGTTTTCCGGAAGTTCAATAAATTACTACTGGTTTGGTCATTATGTAACTGCACTTATCACTAAAATATCG
CP065002.1_gap2	48056	50702	2646	AGAAGAAATTGTTTTAGAAAATTATGTCTTGCAAGAATATAAAGATATTAACGGATTGAAGTTTATATGGTATCGTTTAAATACAACAAGATTAAATGAAGACGATTAATACTATTAAAAAACTTCACATTCCAATCTGGCTTTTTTGTCTGCTTGTCGGTGTATTGGTTTTAAGAATACCTTCATTGTTTGAGCCATACTACTACGGAGACGAAATGATATATCTGGCACTAGGGAACGCCATAAAAAAAGGAATGGTGCTTTATAAAAGTATTCACGACAACAAACCACCACTCCTCTATCTCACGGCAGCAATTGCAGGTAATTTATTCTGGTTCCGAGCGATACTGGCTATTTGGCACTTGATGACAGTTTTTGTATTCTGGAAACTAGTTCGAGTTCTTTACCCCAAAAAAATCAATCTGCAAAAAGTGTCAACCTGTGTGTTTGCACTACTGACAACGCTTCCTTTACTTGAAGGAAATATTGCCAATTCAGAAATGTTCATGATTGGCCCAACAATGGTCGGTTTTCTTATTCTTCTAAGGAAAAATCAAATTAGCGGAGCTCCTCTGGTCGCAGGACTTGCTTTTTCGATTGGTGCCCTTTTCAAAATCCCTGCCGCTTTTGATATGCCAGCAATAGTTCTTTTTTGGATAATCACGCAAAACTTTTCTTCGAAGGACATACTTATCACTATTAAAAAAACTGTTTTGCTTGCAGTGGGATTTGCCGTACCAATTCTTGTAACTTTTGTGTATTACTATTTCCGAGGTGCGTTGTCCGAATACTTCATCGCTGCTTTTGGTCAAAACTTCGGCTATCTCTCGTCGTTTAGGCCGGATGACACCAGAGAGCCATTTCTAACACGCAACGGACCGTTAATTTTTCGCGGACTTACGCTTCTTTCTGGTCTGGGTGTTTTGTTTTTGGCAAGAAAAAAGCTTAGTAAACAATTCATTTTCTTAACAACATGGTTACTTCTAACGATGTTTGCCGTCACTTTATCTGAACGACCATATCCTCACTATTTAATTCAATCCATCCCCGTTGTGTCAATTATGATCGGAATACTATTTACTAATAAAAAAATCGAACAAACCCTGGTTATTATTCCTCTTTTAGTCTTTTTTGCAATACCGGTATATTACAAGTTTTGGTATTATCCTTCTGCTCCTTACTATGTAAGATATCTTGATTTTGTCTCCGGGAAAATTACTTTAGACCAATATAGATCTGCTTTTGGAAATAATGTTAATGTTGATTATAAAGTTGCCAGGTTTGTGATAGATAACACGACAAAAGACGATAAAATTTTTGTGTGGGGTGATAATGCGGCTATTTATGCAATCACAAATAGATTCCCCCCCTTTAAATACGTTGTTGACTATCATATAAATGACTTTTCGACACAAGAAGATACTATTCAAGCTTTAAATGCTGACCTTCCTAAATTTATTGTGATCTTACCCAATTCCCAAGAGTTTCCCGATTTGGTCGGGTTAATCAAATCTAAATACGGCACAGAAACATTAATCGATGGAGCGCAAATTTGGAGATTGCTAAACACCCCACTGCGCGAAAATTATATCATTGACTAGAATCACCGGAAATTCCCAACACTATCTAGAAGTTAATAATAATACATATATCCTTTTGCCCCGGTTAGTTGTCGTAGATTATCTTGGATTTTAAGCCGCCAACAGAGTAAAATCATTCAAAGAAAGGTAATTTACCAACCAATGAGAGTCAAGAGAAAAGTAAAAATACACAACAATATTCCCCTAACACTTAACAACACCTTTGCGGGAACAAACAGACTTCACAAACAAATTGAAAAGAACTTGATATATCCAAAAATACTGTTTGTATCCCTTCTCCTTATTGCTCTTTCAATACTGTCGACATTTTTACTCACACAATATCTTCCACCCGAAATACCACTCTTTTTTGGTCTGCCGGAAAGCGAAGATCAGATCGCTTCATCTTCCGCACTCATTGTCCCAAGTCTGTTTTCTCTGGCCATACTTGTCTTGAATTCGACAATTGCTTATTTTTCTAACGATAAATTTATCAAGATGGTATTAATATTTTCTAGTCTTGCAATTTCATTGTTATCAACCATCGCAACCCTGAAAATCACACTACTTATCGGAAGTTTTTAATTAGATGACACTTATATCGTTAATCATTCTACCGCTCATTGTTTCTTTCATGACATCTTATTTATCTACACCGTGGGTGATCAAATTTGCCACAAGGTTTAATCTGATTGACGATCCAAAAGTTAACAAACATCCCAAGGTATTACACAAAAGGCCAATTCCCAGAGCAGGAGGACTCGCAACATTTATAGGTGTATTAGCCGGAATCGTGTTTTTCCTACCCTTAGACAAACATATCGTCGCTATCGCTATTGGTGCGCTCATTATTGTTGTTCTTGGAATACTGGATGATAAATATAACATACATCCACTATTGCGCTTAATTGCAATGACTCTTGCAGCACTTATTCCAATTGCATCGGGAATTGGAATCGCTTTTGCAACGTCACCTCTGGGTGGTCTTATCGATCTGTCGTATCCCAGATTTGAATTTTTTCTTATGGGGGAAGAAAGAAGCATATGGATCCTCTCTGACATTTTT
CP065002.1_gap3	232409	236168	3759	TGAGAAATCTGGTTTCAGCAGAAACCTTAGGGGGAGTGACCACGATATGTGTTGATAAAACGGGAACATTAACTCATGGAAAATTACAGGTGGTAAATGTCCATGGAGATGTTGATAAAATTTGCTTACAGCATTTTGCATCATCAAGCGATCCGATTATGGAAGTGGCGCATGATTGGATAAAAGAACACTCAAAACATTATGAAAAAATAAAAAATGAATTTAGTAAAGAATGTGAAACTATCGATTCGATTCCGTTTACTCCCGAAAACCGGTATTACGCAACCTTAATTGAACACACCGATTCCAACCGCGAAATATATATAAACGGCGCTCCGGAATTATTATTGAAATATTCCACTCTGACATTAAAGGAGAAAAAAGACATTAAAAGTCAGATAAAAAGCATGACACAAACGGGCAGGAGGGTGATTGGAATGGCAAAAAAGAATGTGCCCGACAGTGTCAACAAAATAACGGAGAAAGACATTGATACACATCTTGAGTGGATCGGATTGTTGGAATTTACAGACCCGGTTCGCGAAAACCTCATTCATCCTTTCGAAGAAGCAAAGTTAGCAGGTATAAAAACGATTGTAATTACAGGTGATTATGCAGAAACAGCCATATCAGTCATGCGGGAAATTGGAATTCCGGTTGACACAAAAAGAATTGTATTGGGCAAAGAATTAGAGAATATGAGTGAAAGCAAAGTGTCCGAGATTTTGAGAGACTATTATGAAGCATCCGATTTACCCATACTTTTTGCCAGAACAAAACCGGAACAAAAACTTAAAGTGATTAATGCGCTTAAAAGTAACGGCGAGGTTGTAGCTATGATGGGTGATGGTGTAAACGACGCCCCGGCACTTCACCGGTCGGATATTGGGATTGTCGTAGGTGACGCAACGGATGTCGCAAAAGAATCAGCCGATTTAATACTTCTTGACTCGAGTTTCGAAACTATTATTTCCGCCATTAAAGAAGGAAGGGGGATTTTTGATAATTTGAGAAAAATAATTCTCTATCTAATGAGTGATTCATTTGAAGAAATTGTGGCCGTAATGGGAGTGATGCTTTTACAACTTCCACTACCGGTTACCGCAGTACAAATCCTTTGGATAAATCTTGTTTCCGACGGTCTGCCGCACCTTGCCTTAACGGTGGATCCGAAAGACCCGAAAATTATGAGACGTAAACCGAGAAATCAAAATGAAAATTTGGTTAGTCCGTGGATGAAAAAGTTAATTTTTACCGTTTCATCCGTTGGTGGGTTGTCGGCTTTTTCATTGTTTGTATATAGCTATGTGACGACCAACGATTTGATATATGCGCAGTCGATCGCTTTTGCAACACTTGGCATCAATTCACTTGTTTATGTGTTTTCGGTACGGACCTTGACAGATCCTTTCTGGGTTGAAAATCCCTTCAATAACATTTGGTTGAACTTGGCTGTTTTGGGGGGAATAATATTTCAAATAATTCCTTTTATATACTCACCCGTTGGAAGATTTTTGGGAATTGAGCCGATAAGTTTGGCAAGCTGGGCATTGGTAGTTGGCGCTTCTTTATTAATGTTTTTAGTAATCGAATTTTCCAAATCAATATTTCGCCATCACTTGGCTGAAGTGTAAATTGTAAATATGTTGTTAATTCTAATTTTAGTAATTCTAGTCTTGTCTTTAGTCCTTATTAAATCGGCTGATGTGGTAGTAACTTCGATAATTAAAATTGCCAAAAGGTCTCATGTAAATAAGTATGCAATCTCGGCAGTTATTCTTGCCGTCGGAACTTCTTTTCCCGAACTGTTTGTTAGTATTACTTCCGCGATCGAAGGCAATCCGAGATTGGCACTTGGCATCGTGTTGGGGAGTAACATTGCCAATATTTCATTAGTTGCCGGCATCACGGCATTAATAACCGGAAAAATCAATGTATCGCGTGATTTCTTGCGCCGCGATGTGTCAATCGCACTTGTCGCGGGAATTCTCCCGATGATTTTATTGATCGATGGAAGTTTAGGTAGGATTGATGGGCTAATACTCTTGTCTATTTATTTAGCTTACGCAACAAGTTTATTTAAAGCCAGATTTACACAGATAGGTGAAAGAATAGAAAGAGAAAACTACATACATAGATTTCTCTCAAAACCTGTTTCTATCGACAAAGAAAAAACTAAAGCGTTTGGACAGTTGTTTTTGGGTGTTGCACTTATGTTATTTGCATCGGATCTGATTGTTAATGTCTCCGAACTCCTGGCGGAGTCTGCGAGAATATCGGTTTTTGTAATCGGTCTTATCGTGCTTGCAGCGGGAACATCACTTCCCGAGTTTGCGTTTTCCCTAAGAAGTATTGACAACAAACAGCCGACAATGTTTTTTGGCAATTTATTAGGATCAATTATTGCCAACTCCACCCTGATAATTGGTGTAACTGCACTTATAAGCCCAATTGCGATAAGTGTCGAGCATGATTATTTTCTTGTTAGTATTACTTTTGTGGCATTATTTTTAACTTTTTGGTATTTTATTAAAAGTAAATTTAGTCTTGAGAGGTGGGAAGCGGTATTTTTGCTTGTAATTTATTTGATCTTTTTGATTCTCCAATTTGTAAACGTCTAAGGAGTAGACATTTGCTGTAAGTAATAAAATTGAAGTTTACCTTGACCCGAAGATGTTTTCTGAGTAAAATCTGACTATTCTGAGCAATCAGAAAACAGTGAAAGTGCTAGTTTAATCTGCCGAAGTGTGAATGTCTAATAAAGTTGTAAATTATCCAGTTACCCCAAAGACACTGCATGAATATGCAGAAAGCATATTTGCGCCGATTAGAAGAGGGGAGAACGTGACGACTGTTTGGGTCCCCATGGCAGGCAGGAGATTGTGGAACAAATTTATAATAGAAAACATTGAGCTTTTTGAAAAAGAATTGCCATTTTATAAAAAGTATTGCTTAGTATATATCGAACCTCTTGATCTAACGGAAGAAAGCTTAAGTGGTTATTTAAGGCTAATTGCTTTGAGTTTTATTGAAGCTATTAAAACGAGTGGTATTGGCGAAAGTGCAGAAAATAAATATGAAAAAACTTTTAAGGATGAAAATGTTACGTATGCTAATTTACTAAACGAAATTAAAGGAATGTTTCAAAACGTTATACAAAACGGATTTGAAATAGTATTGTTTTTAGGTGAATTTGACGAACTAAATTTTGCGAACAAAATATTTTTCCATAATCTAAAGAGTTTGTGGAATAGACTATATCCAAGTATCCACTTTGTTTTTTTGATGAGGGAAGGAGTTGTTAAGCCAATTTCGATTGATAAGTGGGGAGACTTTAGTGAAGTTGTTCTGCAAAATGTAATTCATATACCCATGCTTGTTCAACAAGACATTGATTTTTTAATTGACAATGTTTCTCGTGGGCTTAATATCAAAACTACAAAAGAAGAACGCGAATTGCTTAGTGATTTGTGTGGCGGACACCCATATATGTTAAAGGTAGGTCTTCGTATTATTGCTAACCATAAAGAAGAAAAACTTAGCATAGATCAAATCGAAAAAATACTATTGAACCATTACGAATTACGATCTGTATCAAGAGGAATACTGAATGTTTTGGACGAGAAGGAAACAGCAACGATATTTGATATTGCAAGTGAGCGCCTGATTTTGGAGAGTAAATCTAATCAGCTAAAGACCTTAATCTCTTTGGGTTTGGTGTATATAGAGAGGGATGGCAGATTAAAAATATTTAGTAGG
CP065002.1_gap4	262282	263396	1114	CATGGTGAATGCCTGTAAAGGAAAAAAGTTAACAAACATGAGAAGTAAATCCTCAGATGGTGTTATTCAGTTAACCCCTGCAACAGTATTGTCGCTTGAACAATCTCTTGATTTTCTCGAAGACGATGAGCTTTTGGAAATTACACCTTTGTCCCTTCGTTTGCGAAAAAAATTCCTGACGGATATTGAGAGAAGGCGGCATCAGAGAAAAGCAAACTAGCCAGAATTTCTCTTTTAATGGTGTGAATATATCTCCGGTGTTGATCTAAGTGATTCGACGTTTACTTTCAGATAACCAATAAAGAGTGCGGCAAAAAATGACAATAGATGTTAAACCGCTAGATTAGTTGCTTTAATTCAGTGTCTGACCCCGAACATATTTCAAACAAAAAACTTTATTTTGTATTACAATAAGAATTATGTCAGAAAATAGTGATGTCCCAATACCCGAACCTGCTCCTAAATATAAATATTCATATGCCTTTGGCGGTGATGAAGAGGCGGAGCGTGTTACCGATTTGTTCCCCCCTGGGAAATTAGTTGATACCAGACTAATCGACTCATTGGTGGGTGCGATTGAGCAACAATTCCCCGAAGATAAAAGGAGGCATACAATAGCTCAATACATAATTTCGATGGCTACTCAAGGTGTAGATGTAGCAGGAGGTGCAGAAAATGTGGCATACGCCATATCTCCAAAAGATATGGTGTCAGCTTCGGAACCTCCAACGAGAGAACAAAAGGGCATTCTTCAAAGATTATTTCAAAGAAGAGAAAAACAAGGCAAAGAAAGCTCACCACCGAATTATGCTTCCTTAGATGAAGTTAAGGGCAATGGATTTGTATATGCACTTGCAGGTGTTTCCGCTTCACTAGAGGGAGAGGAAAGAGGTGGGTTTGTTAATATATTATCTGATCAATTAAGAGAGCATATAGGCAATGCAGGTGGTGAAGACAAAGTGCGTTTACAGGGTATTCATGAGGAGATTACAACTGCAATCTTGCACGGCAAATCGCGTTGGGAATAATAGTCCACAAAGGTTTTTGCTTCGATAACAGACAAGTGGTCACGACTAAGATATTTCAGATTGTGGTGGGGACGAAGAATGACAGG
CP065002.1_gap5	272398	275441	3043	CCTTGAGGCATTTTCTAGAAATGCCCCATGTTGTGCATCTGATTGATAAAACATGCCGGCACGCGTAGTGCTGCTTAAAACTGAGAAACGTCCATTGATATTTGCCCCGTATCTTGAATTATCTGAATTATTTATAATGAATGCTGCCTCAAGCTCGTATCCTGGATCGATTTCCTTGTTTGCAAAACCATACGTATCTACTGTGGGTTCTTTGACTAAAACAGTTTGGATAACCAACTTTTTTGTTCTGTTTGAACTATTGAGATCGTGCGTAGTGGCAAAGAAAAGGTGGTTGCCAGTTTCAGGTACATCAACACCGAGATCATCTAGATCAATATTATTTGTATCAACCGCACCAACCACCCCACGCATTGCACTTTCAAGATCTCTTGTTTCATAGACTTTTGCATCAACAAATCTGACTTTTTCTTCTACGACTATGCCATTTTGTATTTGCTGAACCTTAAACTCCATGTCATTAAGCGTGTTCATATTACCGCCTCTTTGGACAAAAACTTCCTCAAAGAAATAAAAGGGTAAAATATCAGTAGTTACTAAACCTGCGATACTTGTTTGCTGGCCTGAATGGGCAAGTAGAAAATTCGTATTCTTTCTATCGGTTGTTACAACACCTGTTAAATCGGGATGTTGATTATAACTATCAAATCTTTCGATTTGTTCGTGATCATCAGTTGCTATTCCACCAGATTGTAAGTTAAGACGCATGGAAACTTCACCAGTTTCTGAATTTATGGATGAATAGCGGGGATCTAAGTGTTTTTCTACCCACCCGGGTGTTTTATAAGTAGCTTCCAATATTTCTTTGGGGAAAACGATAGTAACATCTTCTTCCAGAGATATTTGTCCAATTCTTTTGTTGGGATTGGTTAACTTCTCCACATACTCTGGAGTGCTAGTTGGCTCTGGTTCATTTGCTGGAGTGCTAGTTGGCTCTGGTTCATTTGCTGGAGTGCTAGTTGGCTCTGGCTCATCAGTGGAGGTTGCAGTAGGTGTTGATTTATCGATTCCAGCTCCCGAACCGCTTCCTGAAACATGTGAATCGCGGTTATCGGGTCTATTTATATTTTGCTTTTGTGTATCCCCAAAGATTGCCCTTTTACCTTTTTTTATTTTATCATCAGCTGAGTTTACAATAATACTAGCTCCCACAAGTCCGGCAATTTTCAAAACATCACGCCTTGTTAACGCAAGTGGTCTATCGGATTGATAATTTTCATTTCGCTTACCTTTTTCGTCTTCTGAAATATCAACTGTTACCTCACGTTTGGTGTAGGGAGATTTGTTTATTACAAGTTTATTATTTGGTTCTTCAGGTTTTTCTGCCATAGGAATTAACACCTCGCGTTGGGTGTATGGTGATAAATTAAGAAAACGTGTTTCATGTTCGCTCATATTAGTATAGCGTAAATAATTTATATGGAGATTTTGAAAGAAAGCAGATTGCCTAATTACTAACTGCAACCTGCTAACTACCATCACCTATCTGCTAATTTCTAGTAATTATTCCCATCCAAGAAGTGAGTGTAAGAGCAGTACTCGTCTTTTTTGGCAACTAATTGCCAAAAGAGCCAAGTCCTGTTTGCCGGGCCCCACCCGGCACGCTTTAGAGGTTATTTTCTTACACCCACATCTTGAGCGGGAAGTATCTTTACTTGTGCAGGGTTGGACCCTGCAGACCAATTTTCATTTCCTCAAATAATTCACTTAAGAGATCAAAGTTGGTTAGTTTCCTGGATATAGAGAAAGGAATACTAGAGGAGTTTTGCGAGTTCTTTGGTTGATATCCCAGCTTGTTTAAGAATCGCTCTTAATGTGCCTTGAGGAATCGGTTTCGCATGTACTGCTACTTGTGTCCATCTTCCGTCAGGATGTTTTAATCTTATGTGAGATCCTTTGCCGCCGACCTCCACAAAACCCAATTTAATTAATATTTTTATTAATCTCTTTGGTTTTATATTACGAGGTAGTTTGGGCATTTATTGACCAGATTATTAAGTTTTACTTATGCGAAGGCGGCTTTGTATTTGGAAGGAATTTTCACCTTGGCAGAAGTAACTATTTGCTCTTCCACATTATCTATCGGTATTTCTTTTCCTTCTTTACCAAGTGTTTCAATTGCCAACTCTATTCCATCTTTTATGCTTTGCATAACTTCCTCAATACTATCTCCATAATCAGCTATACCCAAAGTGGGGCAATATGCATTGTAAACCTTATTGCCGTCAGGGTATTTTTCTGGTTCTATGATAACTCTATAGTTAAGTACGCTCTTTTGCATACTTAGGATTATATCATAGAGAATATATTAATTTTTTAACGTGCGATATCTTAAAAACAGCTCCCGTAATGGGATTAGAAATTAGGTAATTACCTAGTGCCTAGTTCCCATCTACCAACTACCATCTACTATCTACTAATTAGTTCCCATCTACTAACTACAAACTACTATCTACTAATTTATAAACCAATTTTCAATTCTCAAACCATTTGCTTAAGAACTCAAAGTTGGTTTGCGCTGTCAATTTGTTGTGTCGTTCTCGAGTAAGTAGGGGGTCCGGCTTTCGCCGGTCTTCTTTTGCTAGCCGCGTGGCTAGCTACTCGGGAGCGACTGTCAATCGACAGCGCTTAAATAGTTAATCAAGTGTGTCCCACTTGCGTAATTGCTTAAAATTACGAAGTGAAAAATATCACTTATTAACTATCCCAAGGATAGGATCTTAAAAGATTCAAATAAGGTTACCCTTACTTAAAAAAATTAAAAATCTTTTCCCTTTCGAATCGGGTCTTAAGTTGTTCCGAAGAACAAGTGACTTAAGTTCCAATTCTTTTGGAGTTGAGATTAAAAAGTTTGGAGTTTAGGCGAACCTAAATCCTGATTTTCAATTCCCAATTCCGGGTGGTTTTCTAGTCGCCTAAGGCAACAGTCCTCAATAGTGAGAGGTTTTTCAAAAACCGGTTTTGTTGTTTTTTGTCCTAATGGACCCAGATTTGAACCTTAGTTCAAATTAACAACACTGGTTTC
CP065002.1_gap6	277982	280200	2218	CTAAGTTTTTAAAGAGCTAGCGGTAACTTGTACCTTTCTCTATTAGTAATCTGTAATTGGCAGCTCGCGTTGGTTAAATTTAACTTTGGCCAACTGCCACTTACTGATTACTAATGTCAGGAATTAGGCACTAGGTAGTTAGATAATTACCTAATTCCTAAACTGATCCAGTATCCTATATTGCGTACCTGCACAAATGTCGTTTGAGCGTTAGTTGTCTGCCAGTTATGTGACCTTCTGACGCAACAAACAACAAACAACAAACAACAATCAACTGTCAACTTGTAACAAGTAACCTGTAACAAATAGTAAATAACCTGTAACAAGTAACTAGTAACAAGTAACTAGTAACAAGTAACTAGTAACAAATAACTAGTAACAAATAACCTGTAACAAATAACCTGTAACCATTAACCGATAACTGGTAACTTGTTACCATTAATTATTAGTTTTTCGAACCTTATGAGTTTCGGTGATACACCCATCAAGACTGTTGTCATGCACGCTTCCTTGTCATTCCCGCGGAAGCGGGAATCCAGCCTAGATCCCATAGATCCCCGATCAGGTCGGGGATGACAAAATATGAAACTTGTGTACCCGATACTTTTTTACTTTTGCACTTTTAGCACCCTGTAATTGGCAGCTCGCGTTGGTTAAATTTAACTTTGGCCAACTGCCACTTACAGACGGCTAATATCCTAACAAGATATCGAATATCGAATATCGAATATCTAACACCTGCTATAGACATATGCTACTTGCTTTTCAATTACCCCAAATGTCTTTTGGTTGCCAATTGCTCGACAAATAGGTGACAGACGGGCTCTATCGGGCTTTTATTGCCTTTGTTTGATTTGCATACCCAGCTTACGGCTAAGTATCAAATTCAATTTCTTGGCTTCTTGGCAGACAGGTCAGTCGAACTCACAAGTCGTGTTTCAACCAATCTGCCTGCCCAAAAGCCAAGGCTGTAGTTAGTGATATTTTTCGACCTTCAAACGCAAAAAACCACACCTTAGAGTGTGGTTAAACTATATGCAAACTATTAAAGCCAAACCCGAGTACCTACCCGCAGTTTAAGCAGTATTCTCCCTTTAGCTTTTTTTCCTTCTAATAAATAAAAAGTATTAAGGCTTAAAAAGCTTATAAAGGAGTAAAAAAATAGTTTGCACAAGATCTGCCGTTTGACAAGATCAATTAATTTCCTCTAAAGCTACCTAGATTTCTCTAAGTGTTGGCAGTCTATCAAAGAGAGTGATAATTGTCAAGAGGGGAAATAAAGTAGCAAGTAGCAAGTAGCAAGTAGGTGGTAGATGGGTAGGAATTGAGTAAATACTAATTCCTAAACTCTAATTTCCTAAAAACAACCCCGGGGGTTGGAATAGCCTCAATCTAACCCCCGGGGTTGGAATTTGAAAACTTGGAAACTAATTCATTGCCTCTGTGAGGTATGGCTATTTTCCAATTTTTGCAAGCTCGGCTTTGAGGATGGATAGCTTATCTGCGTCGTTTTTCATTTTTTCCTTAATTTTTTTGTTTTCTGCTTCCTGGTCAAACGCCGGTCTTACCGGTGGATACTGTGGCGGATATTGATTCGTTGGGTAGAAGGGTGCGTTGGGATACTGTGTTGGTGGATAATTTGTATTTGGATAGTTCTGCGGTTCCATCAACGGATTTTGTTCTTGAGGCGGGTAATACTGAGGATTAGGATTGTTTGTATTTTTCACGGCTTTATTTTCACTCCTAAACTGAGGCTGTTTTGGCCTGGCGTGGTGACCGGCTTTCGGATTCGAGTATGATTTTGCTTGAGGTTTGGGAAGGGTGGAATTTGGACTTTGGACAACATTTTGTCCAGAATCGTAGAGCTGTTGTTTTTGAGTGTTTGGATTTTTATTAAATGGTTTGTTATTTTCTTTTAGCCACGGAAACTGGGGAACATCACTTGCTGCCTGGGCGTTGGGGTTGGGATGTGATTTAGTGTGTTTCGGCCTTCCTTCTTTCACTTCAGGACTTTTTTCACTCAATATATCTTTTTCACCTTGCACCAAAGGAATGGCGTGGCTTGTTTGTTGGGGAACAGCAATAGGTGCCGGAATAATTCTATTTGCCAAATCATTAAATTGGCTTGGTTCGGGAGCGGTGTTATTTACTGCCTGACCCGGATTGAGTATTGGGAGTGTTTCACCCATAGTTGCATTTTGAATTGGTATTGATCCAA
CP065002.1_gap7	397363	399516	2153	CATATAAGGACGATAGTAAATTTAAGAAGATAATTACAGGCAAGTGATAGGCATCCTTTAAAGGACAGACCTTTAAAGTGGTGACTTGCCGATGCCAATTACTGCCTTGTATCTAGTTTCAAACGAATATATAATTTTGCTATGTCGATAAAAACCAATCATCATGAGAAAAGTCTGGTACTTATTAAACCAGATGGTGTACAAAGAGGGCTTATCGGTGAGGTTATTACCAGGTTTGAACGAAAAGGCTTGAAAGTTGTTGCCATGAAAATGATTTGGCCTGACAAAAAAAAGGCAATGGATCATTATTTTTGGTCTGACGAAGAAAAAGAAGCATCTGGTGGAAGAACTATCGAAGCATACAAAGCGCAAGGTTATAAAATCACCAAGTCGGCCAAAGAGTATGCGGAAGACGTACAAAGAAGACTCTACAGCTATCTTCAGACAGGACCGATTGTCGCTATGGTAATTGAAGGTGCGCATGCAATTGAGCATGTGAGGAAAGTTGTCGGCCACGGCAATCCTTTATCAGCAGACGTAGGATCAATCAGAGCTGATTTTACTATTGATTCGTATGTTGTGGCGGATGATGTGGATCGGGCGGCTAGAAATCTAATTCACGCATCGGGTAATCCCAGTGAGGCAGCACGAGAGATGTCAGTTTGGTTTAAAGACAATGAAATTGTCGATTACGACCTTGCGATTGAAAAGATACTTTATTCAAAAGAATGGGAAGATGAGCGTAAGGATTTAGTAAAAGGAGATTAATAATTAGTCATGGTACACATGGGTTTTTTCGATTTTTAACTTCGTATTGGAAATTTAATATTCAATAATACACAGAAAATATCATACGGTTTTTTGCGGTTACCGATTTATATAATTCCCAGTAGGGTTATTAACTCCAATTGCCGCATTGCTTGGTAAGACGGAATTAACAAAAGACTTGGAGCTTCTTGAGAAACTACTGTTAAAGGCAAGAATGTGTCGCAAAAAAGCAAACGGTCAATCCTTAAACAACGATTTATTAGGAAGAATTATCCTTTAGTGAAGATGAATGTATAACCTCCAAACCCAACTGCAACTAGTCCAAATACCAATAGCGCGATTGTGTAGCCTCCAAACCCCGCATCGGGAAGCGTTTGCGGTAAAGTTGCCGAGGGAGTTGCAGATTGTGTTGCAGATGAAGCGGGAACATCGTTTCCAATAGCTAATTTAAACGAAACAGTTTCAGATCCTGACATAACAGTTACCAAATGTTCACCAGCAGTCAGAGTTGTCGGTGTCAATGACCAAACACCTGATGCGTTAGCAGTTGTATTTGTGGCTTTTGTGTCAATGTCAACAGTAACAGTTGAACCTGCTACGGCAGTTCCCGAGAGAGTTGGATTTTCCTTCGTATACCACCATGATGGATAAAATGTCCCCGATGTATCAAGTGATCCGATTGAGGTTACGGTAAGACTGGCTGCGTGAGCCAAGGAAACATAAGTAACCAAGAAAAACGATGCCAAAACTAAAGACAAGAACTTTCGCATAATTCATATTGTCAACAATTGGATGGTGTGTCAAGGGGAGAGAGAAAAATTATTTTGTGCTATTGGTAGCTCCAGGTATATATCTTTACTTATATTTTTAAGAAATTGAAATGCAGTAAATATCGGAATGCGGGTATTTGTATCCGTATTGGCATATTAACTTTGGTTCAGTATTAATTTTAATTATGTCTTTTAATGAGCAATCTATGACTAAACTTTGTAAATTCCGGTTAATTGATTTATAATTAGCCATGAGTGAAAGGAAAGATCATGTAGGAACAACTGCCTGTGGAGAAAAAAGGGGGTTTAGCACTCGTGAAGAATTAGATGAATGGTGGACGGGTCATACAGAAACTTGTGATCGTTGTTATGACTACACAATGGTAACTGTTCGCGGAACGGGTCCATCTCATCATCTCGAACCTCACAATCATGATGTCCAGGCAGCAGCAGACTATGCCAATAAACCACCTGGAGAAAGACAATATATACCCGCAAAAAAGAAGAGGGGGGGGAAAGGACCTCAGTTTATTTGGTAGCGTTAATAAATCCACTCATCATCATTAGTCTTGGGACTTTTCCTTTTTTTCGTAAGAGGTTCTTCTGCCCTGTTTT
CP065002.1_gap8	485050	486063	1013	AATTGTTGGTTGGAAATACTAAAGTTAAAAAACATGTTACTTTCAGCCCCACTGAAGGATATGAAAAAACGCTTGATATTAATAACGCTCCGGATGAAGAAATAATTGACGAATACGTCAGAGATTATAAATTAGGATCTTCGTTTGCGCACGTAAGTGGCTATCTGGGATTAGTTAATGAGGATGAAGTGGGAAAAGTTAATGCGGGATGTTTGAGCCATGGACCCAGGAAGTTTGATTCGCTTACCGGCAGAACCGGTTTAGAACAATATTATGAATGCACTTTGATGGGGCATGATGGTGAGGAATTGGTAGAGGTAGATGTTTTGGGGAATAGAGTCCGAACTTTGGGTAGAAAGCAACCGATTTCCGGACGGGAAATTCGTACAACCATAGACTACGGATTACAAATTCATGTTGCCGACATATTTAGCGGTAAGAAAGATTTTGCGCGCGGGGACATTCCCGAAGGTCTAATCAAAGGAGCCGTGGTTATATCAGATACAAAGGGAGAAATTCTTGCGCTGTATTCATCGCCTTCATATGATCCAAATATTTTTGTCAAAAAAGATAAGTCGCAAGATATCGAAAACCTTTTCACTAATACAGAACTTCCGTTGTATAACCGCGCAACCGGTGGGACATATCACCCGGGCTCTGTATTTAAACCGGTTGTCGTACTTGCTTCATTGGAAACACGAACAATTGATGATGACTACACATACGAAGACACGGGGTCGATTGTGTTAAATACTGACTATGGAGTTTATACGTATAACAATTGGTATTGGACACAATACGGTGGACAAGAAGGTGTAATTGGCATAAAAAAAGCACTGGCTAGATCAACGGATACACTGTTTTATAAAATCGGAGAATTAACCGGAATTGATAATCTGGTTTTATGGGCAGAAAAGTTCGGATTTGGTGTCCCGACAGGGATTGATTTACCGGGTGAGGTTAGCGGATTATTACCTAATCCCGAATGGAAAAAATTGGCAAAAGCCGAACGA
CP065002.1_gap9	565814	567846	2032	CTTCGGGTTTGGTGGAGAATGCGTTATTTGCACGCCAAACACCCAGAGCTATAATCAACCCAAAACTGACGCCGGCTATGATTGCCAACAATACTTCTTTTCGCATAATTTATTACATTATCGCCCAATATTGCGGTATCGGGTATAGCTTGTCCCAATTCGTGATTAATATAGGATACTAACGTCCACTTGTCAAGCTAGGGGGCATTTGGTAGAGTTAGACGAGTTATGGAGATTACATATTTAGGCCATTCATCGTTTCGCATCAAGGGTAAAACTGCGACTGTAATTACTGATCCTTACAGTGATTCTATCGGATTGAAATTTCCAAAGGTTTCAGCCGACATTGTAACTGTTTCGCATATACACGATGACCACAACAACGTCCAAGCCGTTAGCGACGTAAAACATGTGTTTAATGGACCCGGAGAATACGAAATGATGGGTGTATCGTTTATAGGATTACCTACATACCACGACGATAAAAAAGGTGAAGTGAGAGGAAAAAATATCGTTTTTGTTATTGAGATTGATAATCTGCGTTTGGCGCATTTGGGTGATTTGGGTCACAAGTTGTCGGAAAAGCAATTAGAAGATATGGGACAGATTGATGTTTTGATGATTCCCGTTGGTGGATTTTATACGATCAGCCAAGACGTTGCCGTTGAAGTGGCGCAAGGTGTTGAATGTCCTGTTACGATCCCTATGCATTACAAAGTAGATGGATTGTCTAAAGATTTAGCGGAAAAAATCTCCGGGTATGAAGACTTTATTGTTAAAATGGGTTTACCCAAACAGGTTTTACCCAAATTAAATCTAACCAAAGATACGATCGGGGAAAACGAAAGGGTAGTGGTCTTAGAAAAAATATAAAATTGCTCTTTACTTCAATAGTCTGCCAATTAAGTAAACATAAATGGCGATGTCACAACAAATTAATGTACGTATCCCGCCTCACTCATCGGACGCGGAAGAATCCGTATTGGGTGCACTGCTTCTTGATAAGGATGCCGTAATTGCAATTGCGGAGTTTTTGTCACCCGAGGACTTTTACAATGAAAAGTTAAAAGAAATATATTCATCGGTTCTTGATTTATATCAAGATAGAACTCCCATTGATGTCTTAACCATTTCTGAAGCTCTTAAAAAGAAAAAGATTCTAAAAAAAATCGGTGGTGTGTCGTATTTAGCCGAATTGACAAACAAGGTACCGACATCAGCACACATAGAACACTACGGAAAAATTGTTAAAGATACGGCGATAAAAAGAAGTATGATGTCTGCTGCTAGCCGGTTAGTGGAATTGTCGATGGACGATGGTCTAGCTGCTCAGGAATTATTGGACAAAGCCGAAAGTGAAGTATTTTCCCTAACACAAACATCGATTGATAAATCGTTTGTTAAAGTACGTGATGCCTTGTCGGAAAGTTTCGACCGATTAGACGAATTACATAAAGACAAAAGCGGTATGAGAGGAATTGCCACGGGTTTCAAAGATCTCGACCAGACCTTAGCCGGTTTACAAAAGTCGAATTTGTTAATACTTGCCGCACGACCTGGTATGGGTAAATCAACCCTGGCATTAAATATTGCACAAAATATTTCCGTAAACAGTAAACGCCCAGTTGGTTTTTTCTCTCTTGAAATGAGCAGGGAAGAATTGGTTGATAGATTATTGGTAACCCAGGCTGATATAGATGCTTGGAAATTAAAAACGGGAAAATTATCAGAAGATGATTTTACCAAATTGTCGAATGCGATGGGAAAACTCGCTGAGGCACCTCTTTTTATTGATGACACACCGGCACTTACAATTCTTGAAATGCGAACAAAAGCTCGCAGATTGCAAGTCGAAAGTGGTGTGGATTTAATAATTGTTGACTATTTACAACTTGCCCGCGGCCGTACGTACGACAATCGCGTTCAGGAAGTTTCGGAAATATCTCAAGGGCTCAAAAACCTTGCCCGCGAATTGAAAGTTCCGGTAATAGCCCTTTCGCAGTTGAATAGGTCAGTTGAACAGCGTGGAATA
CP065002.1_gap10	635800	636862	1062	TTCGGCATGTGGCTATTATATATTAAAATTATCCATATGTTAACTAAGTGTTAGTTTTTTCCATTCTTCTCGAGTCGGCGTAGAAAGAAAGTTGTCAGGCTTAAGGCAATAGAGCCGACAACAGCTGTAAAGAAATTAGTGATCTCGAATCCGGGCACGAGAACACTTGCCAACCACAACAAGAATACATTAATCAAGAATGCGGATACCCCAAACGTAATAATAGTTAGTGGGAGTGCAACAATTTGCAGAACCGGGCGAATGAAGGTGTTTATTATTCCAATTACGACTGCCGCGACAATTAATGCGTAAACATTGGTGAACACAAAACCGGGAACAAGATATGATACAACAGCCAAAGCGAAGATACTTATCGATAATTTGATTATAATACGCATGCTTATATAATGACTAAAATAGATGGTCTTTGTCAATCAGGTGACTTGTAAAAAACATCACGTCTTTTTCGACAACTTCATCCCAGAATGGCTGTAGATTATGATTGGCATTTGGATACGTGTGATATTCAACCTCTTTGTCCAAATTGTTTAAATTTATTACAAAACTATCGTTCCAGGATTTGGGGACGGCGTTGTCGTTAGTTCCCTGATGAATCATTAACGGGGCATGCAAATTATCTAAATAATTGGTAAAGGAAAATAAATCGGTATTATAGAGATGCTCGAAGTCGGACAGTTTACGTCGAATGAATTTACCACCGTCCTCTGATTCATCTGTGTAGTAAAGAATTGAATACGGAAAAGGTTTGGTAACAGGAGCCCAGAGTGATGTAGGAAATGTATATCCTTGTGCAGTTAATACCGTTAATGCTATTTGTCCTCCGTTAGAATGTGCCCAAATGAATATGTTTTTTTGATCCCATGTATTATTGATTAGTTTCATAAACTGTGGATCACCTAATTTGCTTATTAGTGCAAGGACGGTTGTGTAAGTTTGAAATCTCGACTCGAAAATGTCCGTTGCATTAATGTCACTTCCTGCGTAACCCAAAAAGTCGGGAGCAAGTGTTATAAAACCATGCTCTGCGAAATAGTAACCTGC
CP065002.1_gap11	661639	665993	4354	TCTGGAAGTTCGTAATCATTTTCAAGTACAGAAAGCCACTTTGATTCAAATACCAGTTTTGATTTAATTAATTTCCATTTCTTATTTGTGTCAGTCATAGTTATATCTTATTAGATTCGATCTCTGTAGCCAAGATGGATCATTGATATATCAATGCCAACATTCGCTCCCTTAAAAGGTACTTTCACTACAGAAACCATTCGGTAACCAAATATTAGCATATTTTTCGATCTTTGTGACGTTTGCCGAATGCTTCAAGAAATAGAAATGGATTTATTTTCTCAAGATAGTCTTCGAATACGTTTAGTTGTAAAATAACGTCAGCTGTTACGTAATAGCGAAGAATTATTTTTACCGCTGTTGCAAATGACATATCAGAATGTTTGAGTAGATATGATTTGATATCGTCATCAAGATCAAATAGGTCCGAGCCAATTACGGTGACCAGCTCCATATGACAATTAACTACAGAAATGTACACAAAGTTACTTGACAAATACATAAAATGAAGAAATTGACCAAAGTATCATTAGAAAAAGCAAAAGAATGGATTCGAAATAACGGTCGTCCTCTCGAAAAATCACTCGTAAAATTTCATTTTGCTGGCGAATCTTCTCAGGGTGTCATAAGTGCCTTAAAGACATTTCAAAACGAAGACGGTGGTTTTGGTAATGCTATGGAGCCTGATTTGAGAACTCCCGCTAGTTCAATTTTGGGAACATCTATAGCCCTTCAGGTTTTACGATCTTTAGAAATCGAGATGGGAGATTTGGATTTCGTTAAGTCAGCGGTTCAATATATTTTGAAAAATTACAATGAGGCTGATCAGTCTTGGAGAATTATTCCGAGGAAAGCAGAAGATGCGCCACACGCTCCATGGTGGAATCAAACTGACAGAGAAGATAACTTCCATGGTTTTCATCTAAATCCGGCAGCTGAAATACTAGGGTATTTGTATGATTACAAGGATCTTGTTCCGGCTGAAACGATATTATCACTTAGCACCAGAGTGCTTACTGAACTGAGGAATTTAAATGAGATCGAAATGCACGATTTTTTGTGTTGCAAAAGATTGTATGAATCAAAGAACTTAAATGAAACCCTTAAAAAAGAAATTGAGTTAGAGTTACTAAGACTTCTTGATTCATGCATCCTTAAAGATTTATCTAGGTGGAGTGGATACGGGTTACGACCGCTACAAGTAGTTGATTCGCCAGATTCAATATTTATTAACAAATTGGCGAAGTCGGTTGGGGAAAATCTCGATTATGAAATAGATACACAAGATAGTAGCGGAGCTTGGTTTCCAACTTGGTCGTGGGGAGACAACTTTCAAAGCGATTGGGATCAAGCAAAAAATGAATGGACAGGGATAATCACTTTAGACAAGCTAAAATTATTGAAAATATTTGGAAGAATTGAACCATAAAGACACCTTATGTTCAAACCGAATCATAAGTTGTACCATCAATTCTTCTTAAGTAAGCAAAGCTTAAGGTAAATCAAAAGACACCTTCACCACAGAGATCATTTGGTAAACTGATTATAACTTGAAAACTGTGTATTTGAAGTTTTATTGGAGTTTTTGCAATATTTTTTCTCGGTGAAATTGTGTGTTTCTTGTGTTGGTACCAACACCCAGATAAATTTTGGTACCTTGCACACTTCCCAACATTCCCATTTCCAAAACTATTCCGTAGCCAGGAATGTTTAACTTCCACTGAATAAAATCTTTACCGAAGCAATCAATCAAATGATTTTCCAGTTCACCTTGTTTCAGTTTGGTGTCTATATCAATTTGAAAATGAGGGCGCCATAAATTTTCAGAATTGTTAATATCTTCTGTCAAAACAATCTCAAATAATGACGATTCCCAATTAGCAGTATCGCCCACAAATAACCATTTTGTATTTGGATCACCGGACGGCTCTTCATAAAGATTAAAATAAGTATTTAGCAAGAAGCTTTTAATTAATGAAACTTCAGAATTGATATCCGCCACTGCATAACTTATACCTATATGATTTAGTCTTAGAAAGGAATCTGACGTTCTACTAAAGAAAATTGCCAATTCTTCCAACTTAATCTTTTTATCCAATTTGTCCGACTTGGCAAATAGTTTGTTGGTAATATCATGTCCGCACAGGAATACATGATTAGTGGTTATTTCGGCAAGCTGATTGTTTTCGACAAGCAACTTAATTGACCCGTTAGTAACCAATTCGCCCACTCGTTGAGGATGTATTGTGTTAACCAATTTTAATAGACTTGAAATCTCTTCAATGATGTGCATGAAAACCATTATATCTTATGGAGGCGGTAATTTGCTCCACTAAGTAACATGCAAAACAAAAAATATATTTACACTTTCGAAATATATTTTATTGAATAAACAACTTGTGCTGGTAACTGTATTTCGAAGGAAGTATGACAATTAGTGTGAATTTTTATAGAAGAAGTGCAGTTCCTGCGACTACAATGACCGAACCGATTAACTATGTAATCCGAACGCGGCAATCATACAAAATAAACGACATATAAGTTACAATATGTTATATGTTACAAATTTATGTAGCTCATTCAAGGGATTTTGACTATAAAAGTGATCTTTATGCTCCACTTAGAAATTCTCCCCTAAATACACAATATAAGTTTGTATTACCACACGAAACGGACGAGTTTGTAAATTCAAAAGACATTATAAAAAATTCACATTTTGTTATTGCTGAAGTTTCTTACCCTGCTATCGGTGAAGGTATCGAGTTGGGCTGGGCAGACAGTTTTCTTGTGCCAATATTTTGTATATATAAGGAAGGAAGTAAGATATCCGGTTCGTTACAAGCAGTTACTAATTTTATTTAGTCGTATTTAGACACGTCAGATATGCTTAATAAAATAGAGCGCTTTTTGTCCCAAAGTAATTTTCAAGACAGTAAAAACAATTAATCGATCTAAGGGTAAAAAGTAAGTTCTCAAAAAGACAAAGTTAGGGAAATAATAATTATGTCATCACCAACTATATTAAATCTAAATTACACTTATAAAAAACCGGATACAGACGTATGGGTTTTAAATACCGAGGATATTCCGATTGATAAAAAGCTTATAAAAGATATGCAAATTATACACTTGGCGCCAAAAAGTATTGGTGGAAATCACAAACACCCTCGTATAGAATGGTTTATCGGTATTGGAGATTTAACTTTTGTCTGGCTTGACGAGAAAGGAGAAAAATATACTGAGCACATGCATCCCAACGGGCAAATCAGACTTATAACTGTTCCGCCACATATTCCCCATGCAGTAGTCAATGAATCTCAAGATAAGACGGCAGTATTGTTTGAAATGGCCGATGGTAAAATGAAAGACGTTGAACAAGTTAAGGTTGTTTAATGAAATCTTCTCATATCATCTTGTAGTTTCTTAATAAATTACAACTACAAAGCTGGGTTGGGTTTGGCATAGTTATTGGGATAAACTTATTTGGACTCGGTTTTATATTCATCACTCAATAACGAATTTAATATAAAAGGATGGTCATCAAACGATAAATCAATTTATCTATTTATTTTCAAATGACAGGTAACCAATTTGTCGAAAGTGCGTCGATTATCAAAAAAGCCGAGGGTGTTACTTTAACTTGGGCAACAGTTCTTTGTAGCGTCTAATTTTTTCAATCTTCGTCATTTGTGCATACCGTGGAGATGGACTAGGTAGTGTGATCAATTCAATTTTGGGATATTGGCATATGATATCTTTGAAAACCCGCCGATACGTTTTCTCGACAAATCTGCTGGAAAAAAATATTTTTTCGATCTTATTTTCTTTTAAAATCTTAGTTATATTGTCAAACGCATAGACAATATTTGTCAGGTTAATATCAAGATTGCTTGTATTTTTTCTTTCACATTGATAAATAATATCCGCTAAAGCCATATGTATATTCGAAAAAAGCTGTTGCATGGCTTTCCGTGTTGTTAATTTGAGTCCATACACTTCTTCCATGATCGGCCAAAACTGATTTCTTCCCCCGTTTGAATAAAACCAAACATATGCGGCTTTTTTCGTATCGTCAAAAGCTTCTTTCGTTGTAAAGCTTCCCAACAATAAATACTTTGATTTATTGGGAATAAAACTACCAAATGGATGTGTCTCGATCATGTGTTGACTCTTTAAAAAGTGACAAGTACTAACTTTGGTTTCATCAATTACAAGTTTACTATATTTGCCGCCAATAATTTAAGCTAATAACTCGTGCAATGTGACGCAATAGGCAATGACGTCTTCTACCGACAAAAGTCGTTAGTATCCGTCTTCTTTTAGGGATTCGATCTAAAACCACTGATTGAAATCA
CP065002.1_gap12	781331	782132	801	TTGGGTTAAAGTAGGATTAGTTGTTAATAAAATTTTTAATTTTCTTTCTCCACCTTTTTTATATCGCTCCATTAATCCACCTTCACTAAATGCTGATTGCCTTATATGAAATCCTACATTGGGAGTATCAAATATTTCAATCCCTCGGTCAGCTAGATCTTTTCTACTAACTACATCCTTTGGTAATTTTTTTATTCCTTCGTTTGCAGATACTTCCTTTGGCGTAGGTGTAGAGACTACCTCGTTACCTTGCACACGTACAACCTGAGCAACCATGTGTTCATTTTTTTCATCCGCTTGTCTTTGAATCTCCAAAAGTTTTTCTCTATCAAATTCGCCTTTGTTGTTATTGTCTTCCCAGCTAACGGGAATGCCGTCTATGTACCATACCTTCACTCCATTCTCGTTAAAAACTAATTGTTCGGTTGGAGTAGCTTTTTTGTCTGGAGCAATTGGCGTTGTTGGCAGATTATTATGACCCTCGGCTACTTTATTTAGGTTAATCCCTTTTGTAGCTGCGGCTGCAGCTGCGCTACCAAACAAAATTGTCCCACTAATAATCTTCATAGCAGTTCTTCTATCCATTCCCTTTTCTTCAGCCATAAACTTATTATCTCATATAATATTTTGAGAAAAAAATTATTACGTGAATAGCCATAATAATTATTGTTAAAACCACAATCGATACCACAGTATGTTTACATAGACCGAAGGCTTATTTGAGAAACGTAATGAAAATTACCACTTATACAAATAAACACCATTGTCCATGAAGAAATGTTGGTTAACGAAATCTGACTT
CP065002.1_gap13	956310	958828	2518	GAAAATAATTCCAATTAGGAATAACCACCAGTGCAACGAGTGTTATTATTACCAGATATTTCTTCTCAGAAATAATTAAACGCGCAAACCATCTTTTTGTTGATTTATACTCATTTAAAAAATATGGTATGAAACCGACAACAAGTGAAAAAGAAAATATAACTATGGTTAAAAATCTCCATGGAAATTGTGAATAAGCTAGCTGTGGAAACAGTTGCCAAATTGGAGTCGATTTGGAATGTGTCATAAAAGCTGTTATCCACCCGACGACGAAAAAATAACCGGTTATAAGTGCGACCTTGTCGTTTAATAGATGTTGATACAGATTTTTCTGTCTGACAAGTTTAACACATCTGCCAAGCACTAAAAGGGCTACAACAATCGACAAAATCCAATAAATATAACCAACCTGAAAACTCATGCCGTCATCATTTACCCCCCATACAGATGGTCCATATCCCCAGTAGTTCGAGAAAAGTAGTTGTTTGATACTGACAAAATGCGCGGTATAGTCATAATACCCAATCAACTGTCCTCTAATTTGCGTTAGACCATTTTCAACAATTGCAGGAAGTGTAAAAAAGGCTGAAAAACACAATGCCATAATGCCGGATATCATTAGATTAAAAATTATTCTCCAATTTTTAGATATCGCAATAAATAACACTACCCATCCAGCAAATACAGGTGTAAAAATCATCAACATTAAGTTATGCGACAGCATCAAAAAAGCATAAGAAACTGCGAGTAAAACGGTCCACTTAGTTCGCTTTGTGATATTTTCTTCGCGGATTAGTTGCATCGAAAAAAGAAGAATAAGTGGAAAAAAGACCAAAGCCCATGCCTCGTTCATCGCACCTCGAACATAAACATCTACTGCGTGATAAGGAGCCCATACGTAAAAAATCGAGGACAACACACCACCTGCTCTCCCAAAGATGTTTTTTACAAGATAATACATAGCCACACCGGACAAAATAATTGCAGATGCAAAGGTATATCGTGCGGTTTCTACAAACGTTGCCCCCATGAATCTGAATATTTGCCCAAACATGTAAGGAAGAGGTGGATAAAAATTGAAAAGCGGGAAACCAAATCCATACCCCATATCCGGCACCCAACGGCAGGGAATCTGTCGATCAAGTAAGCATTTTTCAAACTGCAGTTGCCTCATCATTTGCAAATCGTCATGCATGTTAAAATAACCGGACTGAAAAATTAAAGTACGGGAAGCTAGGATTGCAAAAAATATCACCACCAGAAGCGCAAATTTATTACCCTTGGTTTTATTTTTAAAAAAGAACATGAGATAAATGTTAACACAAATTAAATATTACTTAATACCAAATATTTCGCTTAATCCTCCTTGCAATATTACCCCCTCCTGATCCCAGACACTAAACTTCCAAGACTGTTTTGGGTCATTTTTCCCGACGAGCTTAAGTTGGGTTGTCTTCAATAATTATAAACTGTCACTGTCGATTTTTCACTTCACTCACTTGAAATAAATATAGAGTATCATGCAGACCGTGTTGCACATATTCTCTCGTATTCATCGGTCTATCCGCTTTTATCCAACTTTGTACAAGTTCCAATCCAATATCTTCGGGATCTGATTTGAATCTCGAACTGTTCACAACCAGATATGTCTGATTTCCGGCTTGGAATGATTCAATTAATTGAATTGGCACCTCAAGAAAATTCAAACCTACACCAATCACAGTTATTTCAGGCAAATCATTAAGGTATACTTGCATCGCGTCGGGTAAGGTTCCGAAATAACCTTCTGTCCCAACAACGATTTTTTTGGATGGATCGGAATTATACTTGGCCCGTATTACATTTGACGCCTCTTTAATTCCACCCCCTGCCGTCCATTCTTCTAAATATCCGGATCGCTCACTTCTGGGAAGATTCACCTTTGACGGGTTGGTCACAATATAGTAATCACTTTTCAAGGAAATTAAGGTAAATATAAAAAGTCCAAAGAGTAGCACATCTCTCACTTTCAATTTCAGACCAGGTCGCTCGTTACTTAGCAAAAAGGATGAAGAGGCAAGAACACAAACAAAAGGCAGAGTAAACAAGATATATCTTGCCGTTAGTGTTTTGGAAAGACCGGAAACGACAAATATGGGAAACACTATCCAGACAAGAAGAAGTAATATTTGCTTGGGAAATTTCTTGTAGTTACCAAGTAGGGCAAATAGTGAAAAAATAACAATTAACCCCGGACCAAGCATTGTATAGTATTCCAATGACCGATCAAGATACGGTTTCAAGGGATCAAGTGGAGAACTAATAATGTGAGAAAGTGGATAAACATAATCTTTGGTTCGAGAAACAAGCAAATTGAAATTCGGACCCAATCGCAATATGTTGTAAATCGCAAATCCCATAACGACAATCACCACCCACAAAAACGACATCTTTAGATAAAACACACCCCGTTTTTTATCTGGTAATTTATTTACCAAAACCGTAGTCGGTATTAACATGGCAAAAAAGGTCGCAGTAG
CP065002.1_gap14	1048681	1049791	1110	GACTTTAGGGTTTATCGCCTTATTAATTATTTTGGTAACAGTTTTCAAAGTACAACTTCTTATTGCTTCCGTATCGATTGCGGTACTTATGTTTATTTTTGATCTTGCCGACGAAGAGAAAGTGCTTAAAAAACTTCCTTGGAGTACGATTTTAATGGTAACGGGAATTGCAATTCTAATTGGTTTGCTTGAAAAAACCGGCGGTTTAGATATTGCAACAACGTTTATTGCAACAAATACCAATCCCAAAATGGTTAATGGTGTCTTGGCAACAGTCACCGGAGTTGTTTCTGCTTACAGTTCATCTTCCGGAGTGGTAATGCCGGCCTTCATTCCATTGATTCCCAAACTTGCAATGCAAATGGGCATTATCAACATGGTTCCAATGGTTATTGCAGTCGCCGTAGGATCACATATGGTTGACGTTAGTCCACTATCCACGCTTGGAGCTTTATGTATTGCAGCGATTGACTCAAAGACTGAACGTACACGAGTTTTTAGATTGGTAATGATGTGGGGACTTGCGATGTCTTTAGTTGGCGGATTACTTGCCTATCTTTTTCTCGACATCGGGTATAACTTAATCTTCTAATTAATCTTATTATCCGTGGATATCGAAAGTAATTTAAACAATACTACTTTATGCCTTAGAAGTGTTAACGATACTTTGACGCTTTGAATGTTTCAATCCATTTGAGCCATTCTTTTCTTCCCAATCACCCGACTGTTGCGAGAGAATTGAAAAAAGCGAACATTCCCTTATGTCTTTTGCATTTAAGATAAATTGCATCACCCTCTCACTCCCAATTCCGTACCCCGCGTGCGGTTTTGTTTTTCCCGCCATAATAATGTCTTCCAAATACCAGGTAAAATCGCTATATGTTCCGCCTCTTTTTTTGTGAAGATCAAACATTGTTGAGGTGATTAATCTTTCCTTGAGTTTTTTCCCATCATGTTCGCGCACCGCAGACCCGACCGCTTCACCGGCGTTTGGTAAAATTAGATCTGCGCTAAGGACAACCTTGGGATCGTCCTGCGATACTTTCATGTTAAAAAATTTAATTTCTTTCGGATAATGTGTAATAAATACCGGAATCTGTCGCCCACTTT
CP065002.1_gap15	1053361	1055166	1805	CCGTCTTATGTTAAAGATTCGATCTAAAACCACTGATTGAAATCAGTGGTTTTAGACTTAACGAGAATAAAAATTATTGACAACAAAGTTCAAAGGTCGAATTAACGTTACACGATTCATGATTTGGAAGACCACACCTTCCCGTTCTGGTTTTACCAAGATAACATACTAAACCAGCTCGGCAATCGGTCGTCTCTCGGCATAATCCATAACATGAACCAAAAGCAGGAGTGGCGGTGGGTGGTACCGGTGTCGCAGTTGGTGGTACTGGTGTCGCGGTGGGTGGTACTGGTGTTAGTGTTGGCGTAATTGACGGTGTTGGGAATACAGGTTGATCACCAAACACACATTCTCTAGCGCGCCACGCATTGTTGAACGATTCTATTGAATAGGCAAACGATAAGGTTGCAACTTTGTTCAAAGCACTGACTCCGGTACTCGGATACACATCAATCTGATGTGTCGTCGATGTAACGTTATTAGCATGATACGAAGAACCATCTGTCGTGGGATAAAAAGCCATCCATTCATCATGTGTGGAATTATTGTATATTTGCACGGGAGGTACATAAATTGTTTTTTGTTCACCATCTATCATCAAAGAAAGAGTTCGTGGTTCAAAATTATGAGTAATTGCTTGAGGACTTGTTGGTCCATGAAATGCGAGTATTAAATGCTGACTTGCACCAGTTTGTAGCTGTGTATAAGTCGTGTTTTCGAGTGTTCCGTAATGTATCGTATTTGCCGACGTGGGTGGGATCGTGTTATTTGTCACTCCATAAATTTCAATCTTAGCAAACAGTCCGGTAGGCCCGCCTGTATCAATTTCTGCATACGGAATATTTGCTTGCACATTTGTTACGGCATTGCTTACCGTAAGGCTTCTATGGCTTTCTGAATAAGGCAAATTGCAATACGGTACATTGTTTGTGATAGAAATCTGACTAGAACCGTTTACTGTTGCGTCTGTAATTGGAACAGTATAAGGATTGATCAGTAAACTTCCACTTACCAAATTGTTGTTATATACAGTACCCACTGTTGCATTATCAGGAACCTTATACCACAGCTCAACCATATCGCCATCAATTTCCAAGGGACTAGTCGCTTGATTTGCCGTAATACCAAGAATTGGCGGAGTCAGAAAAGTTAGGTAGCAATTATGATTAGTTACTATACACGTACTCTTTTTAATAAACCCCAAATAACTTAGTCTGGAGTCGGGATTTATCTGAAATTCGATATAACTAATAGTATCCTGTGGTGAAACAATATTTGATTTGAGTGGTACATAATCACCCGGCCTTGCTACTACATTTCCGTTTTTGACAAGCGTAAAGACGGTGCTTGTCGAAGTCGGAGAATTTAACACTAACTGCGGTTTAGTAGACGATTCTCGTGAATAATACGTATTTGTTCCCGTAACTAAGTTTTCAAGTAGAAAATATATCTTCACATTATCAACGCTATTTACCGTTTCGGTGACATTTATTTCCAAATATCCGTCAGACGATTTTTTCGAATTCGACATTTTTCCAATTAATTTTGTCGGATATGTGTCCAATACTTTCAAACTAACATCCGTCTCGCCTATCTCACCCATTAACAAATATACATTTACATCAGGAGTAACTGTTTTTTGTGGTTTTATTCTAAAAACAGCAGATTCATAGTTTCCATTTCCCGGGAAATCAAAACCAACAACTACCTTGGATTTTGCAGTTTTGGAAATTGAGGAAACAAGTGTTGTCGACTTATTCGGATCAATCTTTACTGCAGAACTATATAAAGTCGTGTCAATTCTC
CP065002.1_gap16	1057844	1061301	3457	ATATGTTTACTGAAAAATGGAGAAGTAATTACTGTTGTTGATGGCAAAGTTACGATTCTGGGTGAAAAAAGATTTCTGGAAGGAGAAACAAAATGAAAAATGCAATAATATTTCACGGAACTGGGTGTACACCTAAATCTTATTGGTTTCCAAAGACCAAAGAGCATTTAGAAAAATTAGGTTTCGATGTATGGGTTCCTCAACTTCCGGATGCAAATAACCCCGATATATCAAAATGGCTACCTATTGCGTTGAGTGGAAAATACACAAGAGACACTGTCGTTATTGGCCATTCAGCAGGTGGTCCTTTGGTGTTAAGTGTTCTGGAAAATATTGATGTTACTATTCATAAGGCAGTAATTGTTGCTGGATTTGCAAGAAAATTAAGGTACGATAAAGAACATAAAACTAAACAACTAATATTACAGTCAAGGTACAATTGGAAGAAAATTAAATCCTCAGCAAAAGATATTATTTACATTAATTCAGATAACGATCCTTGGACCATTGACGATGAAGAGGGTTTGTATATGTGGAGAAAAACTGGAGGCACTCTTATACTTCGGTCTGATGAAGGGCATATGGGATCAGATAGATTTAAACAGCCTTATACCAGATTTCCATTAATTGAAAGGTTATTAGAGATTAAGTATACACGTTCATCAGTTGATGGATCAGACAAAAAATGAAAAATCATATCGAATTATTAGTTGTTGAAAAATTAACTGCTGATCAACAACGAGATGTTGCTTATTTACAAAAAATAGCATTTCCGGACGTAAGTGACGAGGAAGACGAGGAAGATTTTTATCATCATAAATCAGCGCATATACTAGCATATTTGGACGGTAAACTGGTTGGGTGGGCAGGTATACACGAAACAGAACAAATCTTTGAGGAAAAAAGGATTAAACTTGGAGGTTATGGAATCTGTACCCATCCTAATTATTGGGGGAAAGGAATAGCTGGAAAAGTTTCTCAAAAAGCAATGGACTATCTAACAAACAAGAGGTGTGAAGTAGGATTTTTATCAGTCGATTTTAACAACGAAGTATCATTAAGACTTCACAAAAAACACGACTTCGTTATGTTGCATAGAAAGTTTTCTTGGACTAATTCTAAAGGCGAACTCAAGAAAGATACAGGAGGAATGATTGCCCCAATAAGTTCTCGGGAACTTTTTAAATACATACTTGAGGGTAAAGACACTCTTTATGTGGGTAATGGTTATTGGTAAATAAGATCTATTATATATATTTTAAGGAGACAAAATGAAAAATGCAATTGCAAAAAAAACGATCACGATCAGTGGGGTCATTTAGAAAAAGCGATTAAGATAGCATATAAAGTCGGATGTGAGTTTTTGTTATTTAATGGCAATTTAATAGTTCCTCCCGACTTAACAGGGCAGAATAAATTAACGGTATTGCACCATTGTTATCCTAATACAAAAGACTTAAAATCCTAAAAAAGTTACACTTAAAATAAGTATATGGTTATCCCCAAACCCAAATCAAAACAGCCGCTACCGAAAAACGCTTCGAGGGTTTTTAAGGGCGTAATATTTGATGTATATCAGTGGAAACAAAAAATGTTTGACGGTTCAATTGAAACATACGAAAAATTAAAAAGACAAGATACGGTAATTGTTTTCCCTATCATGCATGACGGTAAAATTCTTTTAACCAAACAAGAACAACCCGGTAAAAAACCGTTTATTGGCGCTACCGGCGGAAGAGTTGAAAAAGGGGAAGAAATTATCGATGCCGCCAAAAGAGAATTACTCGAAGAAAGCGGTTACGAAGCCGATGAATATATTTTTTGGAAATCAGTACAACCAATTAGCAAAATTGAGTGGTCAGTTTATATCTTTATTGCTAGAAATTTAAAAAAAGTTGCACCCCCCAAATTGGATTCGGGTGAAAAAATTGAACTGATGCCCGTTAATTTCGATGAATTTTTGGAAGTTGCACTTCAACCAAATTTTTATGAACAAGAAATCTATCGCGACGCAGTGGAGGCAAAATTGGATGAAAGAAAAAAAGAAGAGCTTAAGAAGCTTTTTTGGGGGATGTAGTAGGTATACTTGTTTAATGAATTAAAGTATATGTACTTCAAGTATTATGTACATGAAACAACATAAAGTGCCTTTTATTGTAATTATGAATTTTACGCCGACTACTTTGATGAATTTCAGGACTAAATATTTCCGTCAGAAGCCGTTCAACTTTGAAAAATCTTGCAAAACCGATAATTAATAAACTAATCCCCAGGAAAATAAGAGCAAATCCCCCAAAGTAAAATACTGGGCCCTCAAAAAGTTTCAAAAACGTTACTCCTACTGCCATTGAGCCCACCATTGTTTTTATGTAAGCTAACAAAGTACGTTCGTTTGCCATTGCTGTTCTCTCAAGAGCGAGTTGATCTCGAAGAATTATTTCATTATTGGTTGATACATGATTCAAAGCATTCATGGGTCTTAGTTACTTTAACATGTAAATTATATAACTTATAGTGTTAGCGTTGTTTCACTACTTCACTTATTAAGATAAATACTATTTTGTTACTTCAATTTATTAAACACACTAGTGTATTATATTGAGAAAGAGATACAGGAAACAGCTTCTTTTTTGTGTTTTATTGTTTGTCCTTAATGGACTATTTAAAATTTATTACTTTAGGAACTAAACGTGTAATTGTATTAGGATCTTTTTTTCAAAAACTCTCTGGTGGCTGGGGACTCATCAATTTTATCTATATTAAATCCCGATTTTATAAACAAATTGATATAGTAGTCTAAAGGTCGATGGATAAAACTGAACCTGAGATTTTTATCTCCCTGAATTGAAAACGAAAACTTTTTTATTTTAAAATATCCTTTAAGATCAGAAAAACCTTCTCTTTTGTTTATATTCCAATAACTTGCAAGCCAGAAATGGAACCAATAAGTTGGATGGGGGTTTGATACAACTAATACCCCATTTGTTTTTAATACTCTTTTAAATTCTTTTAATAGTGTTTCTGGTTTTTCAATAAACATAAATACATACTTGCAAAGTATTTTGTCAAAAGTCCCATTATTAAATGGTAACCTCTTGTTTAGATCTGCAACTATAAATTCAACATTTTGATAATGTATTTTAATCTGAGACCAACTTCTCCGCTCCGTCTATGCCTGTTACTTGTGCACCTCTCGCAGCTAAGAGATTGCTGAATTCTCCTGTCCCACTACCAGCATCTAGTATTCTTTTACCTTTTATGTTTCCCAAAAGTTTTAAACAAGAAGGAAAATTTACTAGTTCTTCGTACGGATCCAGCCCGCCAAGTCGTAATTTAGAATACGATTTAGAGGATTCATTCCATTGACTTATATAGTTAATATTTTTCATTAAGCACATTGTAGCATCAAAGCGTGTTGAAATTTGAATGAATAGGTATAAAAACCTTACACAAAGAA
CP065002.1_gap17	1063850	1068390	4540	CCCAGTCCAATACCTACAATCGACTGGGGCGGTGAAAAAATCAGTGCATATATAACCTTTTATGGATGGCCCGACAACACCCCATCAGGGAATGCTATCGCGTATCCAAACAGCAGATATAGCCAAACGTTACATAATTGGGCAAGTGGCATAGGAACATTTAATGATCCACTGACAATTGCAACCGATCCCAGTTTTCTTGCTATTGGAACAAAAATTTATATTCCGCTTCTTCAAAAATACGGAATAGTTGAGGATCTTTGTGAAGGTTGTGTAAACAATGTACAAGAAAGCGGTAGAAATCATATCGATGTCTGGATGGAAAGTAATGATAACCATTCGCAAAGTTTAGTGGCATGTCAGCATTACTGGACAAGACAAATCTCTACTGTTGTTATACATCCATCCCACAATCTTCCGGTAAATTCCTTACCACTTTTTAACAAAGATACCGGTGAGTGCTTGAAGACTATTTAGAAGAAGGGTTAATTTGCGGCTAAATAAGTCGGCCTTTGTATGGCACTATTTCTCACCACTCCGTCAATCGGCCATTTAACAAGTGCAATTTTCAAAACATCATCAAGATTATCTGCAAACACAAACTTAATGTCTTTTTTAACTTTGTCGGGTACATCTTCCATATCTTTTTTGTTGTCCTTGGGTAAGATGATAGTTTTCAAACCTGCACGATGCCCTGCAATAACTTTTTCTTTGACACCGCCAATTTCCAAAACTCTACCTCTTAGAGTCACTTCTCCGGTCATCCCGACCCACCTTCTAACAGCAATACCGGTAAGCGCTGAGACCAAAGCTGTTGTCATCGCGATTCCGGCTGATGGTCCATCCTTGGGAACGGCTCCTTCGGGTACATGGATATGAACATCGATTTTTCTTCCGAAATTCTCTTTAAGTCCAAGTATGTTCCAATTTGCCTTTGCCCAGGTAAATGCGGCGGTTGCTGATTCTTTCATTACATCACCCAATTGCCCGGTTAGAGTAAGTTTTCCAATACCCGGCATCAATGACACTTCAATAAACAATATTTCGCCACCGGATGCGGTTACTGCAAGCCCCGTTGACATACCGATCTCATTGTTTTTTTCGGCAATCAGTGAGTTGTATTTTTGTGGACCTAAAAACTTACGTACATCAGTTGGTGTTATTTTGGTGGGATATTTTTTCTTTTCGGCAACCAAACGAGCTATCTTTCTGCAAATTGTGGCAACATTTCGTTCCAGATTCCTTACACCCGCTTCTCTGGTATAGCTTGAAATAATTTCATTTATTGATTTTGAATCAATCTTAATATTTCTATCGTCCAAACCATGTACTCTAAGTTGCTTGGGAATAAGGAAATCTTTTGCTATATCAAACTTTTCATCAATGGTATAACCGGGGAAATTTATAACTTCCATTCTGTCTCGAAGCGGTCCCGGGATCGTATCGAGAACGTTCCCTGTACAAATGAACATGACATCACTTAGATCATAAGGTACTTCCAAATAGTGATCCGAAAATTCTCTGTTTTGTTCTGGATCAAGCGCTTCCAAAAGCGCACTGCTTGGATCACCTCTAAAGTCAACACCAAGTTTGTCAACCTCGTCGAGCATAAAAACAGGATTTTTTGTCCCCGCGTTTTTTATACCTTGTATAATTCTTCCGGGAAGAGCACCGACATACGTTCTTCTGTGTCCTCTAATTTCGGCCTCATCTCTCACACCTCCGAGGGATACTCTTACAAATTCACGTCCCATTGCGTGCGCAATCGATTTGCCTATCGAGGTTTTTCCAACACCCGGAGGGCCTATAAAACATAATATTGTCGGCTGAAACTCCTTGGGTTTGTCCTTTTTGAAACCACCCTCCTTGGCCATCTTTCTTTTATCGCTTTGTTCTTTTACTTTCATAACAGCTAAGTATTCAATAATTCTTTCTTTTGCTTTCCTCAGTCCGTAATGTTCATTTTCTAAAACATTAACTGCGTTTTTTATCGATACATTATTTGAAGAAAACGTATTCCAGGGCATATCCGTTAACCAATCCAAGTAATTTCTTATATACCCGGTTTCGGGATTGTGAGGCGATAATCTTTCTAATTTCTTTAGTTCCTTTTCCGTTCTGTCTTTGACGTCTTTGGGCATGTTCGCCTTTTTTATTTTCTTTTTATATAATTTTATTTCTTCCGAGCCTTCTTCAATTTCCTCACCCAGTTCTTCATCGATCGTTTTTCTTTTCTCTCTGAGCATCGCTTTCCTCATTTGATTTTCGAATCTCTTTTGCGTTTTAACGGAAATTGATCTCTCCAAATCCAGCACATTTACTTCGTGTGCAAGAAATTCCAACACCTTTTCGAGTCGTTGTTTGAGAGATAGAGTCTCTAATATTTTTTGTTTATCCGAAGTTTTTAATTCAAGTAAAAAAGCAACCTGGTCGACAAGTTCAATCGACGATACGGGTCCGGAGACAAGCTTCATTACCGTCATGATTTCTGCTTGTTTCCCCAGATTAATCGAGTGTTTGAACAATTCACGTAGTTTTTTCGTCAAGGCTTTAGTTTCGGCATTTTCTTCAATGTTGTCTTCGACTTCAATAACCTTACCGACTAGATATGGTTCAGAGGAAATTACTTGATTTAATCTAACCCGTGCCTGACCACGTACGACCGCATGAATTTCACCTTCAGTTGTCATCATTTGGTTAATTGTCGCGATAGTGCCAATCGGGAAAAGATCATCCAAATCCGGGTCAACAGTTCTTGCGTCCTTTTGAGCAAAGATGGCAACCACCTTATCTTCCTGGAAAGCTGCATTGACAGCAGCTAAACTTTTTTTACGTCCGAAGGATAAAACGGGTTCGGTATGGGGAAAAACTACGGTGCCACGTACGGCAACCAGTGGTACATTACGTGCAATTAATATTTTTTTGTCATCCATAATTTTGTAATATCTTAGCAGTCTATCAGCGGGTCTGCCAAATGTCAAGGTGATTTTATTGATTAATAACTAGTTTTCAACTGCGATGTCTTTTTTTTGTCTTCCTTTTTGCGATTAGATTATTAACATGCATTTTGCTTATTGAGTATGCAACAATAATTCCAATTGCAGCTCCCGCAATTATATCAAATGGATAATGTACATTGCCAATTACTCGGCCAATTCCCACTAAAACTGCACATAGTGCAAAAAGGGCACCGATTTTTTTGTTGTGCAAATAAACGCTGGCAGCGATCGAAAAAGCTACAGCCGAATGCGACGAGGGAAATGACCCGTTGGTTTTAAACAGACTAATGGTAATTGGAGGCATACCGTTTACCTGGTAAGGACGAAGCGTGGGAAACAGGGTTTTGATAATTTCGGTTATTACCCACGCAACCATAACCGCGATAACCGTGTGAAGTACGAGTTCTTTTTTAACCCTACCATCAATTACCCACAAAATTGCCAATCCAAAAAACATCAGCCAAATTAGGATGCTTGCAAAAAAAGTAATATAAATATTTGTGTTACTGGATAAAACTGCAGGATTCATTTTACTCGTGAATTACCACTCTGGTTCCCTGATTATCTTTGTCAGATTTGACCGACCACTTCCCCGAAGGTAGCGTGGGAGAAGCCCAATCATACAGCTTAGCTGCTTCACTAACAGGTAAATTTACACATCCATGAGACCGCGGGGTACCAAATTCATTATGCCAATAAGCTCCGTGAATTCCATAGCCTTTCCATCCGGGCACACTATCATTCTCAAAAAACATAACGTAGGGAACATTTGGCAAATTATAATAATACCTACCTTCTCCACCTTCCATTTTTGTAGCACGTAATTTTATCCAAATTCTAAATTCACCGGTTGGTGTCTTCCACCATTTTAGACCCGAGGATATCGGTGTTTGCATGTATTGCGTATTTCCTTCCCAAGCAATTAGTTTTTGCTCCGATAAATCAACTTCTATCCATCGCTCCTCGCTTGATACACCCAAAACGGCAGTCTCACGCATCGCCAATACTTCATCGGGGACAGAAATTTTTTTATTTTCAAAATATGCAACATCTCCTGTCAGATCAGGTATACCGGAAATATCAAAAGGTGCACATGCTTGTTGAATTTCATACGGAGCTTGTTTTACGGTTGGCTTATTAAATAGTTGTGTAAACAAGATAATTAGTAAAGTAGAAGAAGCTAAAATTAACAGAAAGTTTTTATGCATTTATATCAGACTACAACAAATAAAAACTTTTTAAAAGTGCTTGTGGAAAATCGACTGAATTAGAATAATTTTCAACCATGCTTCGTACGACTTTTTACGGCTCTTACATTTATTCTTTTAGCTAAATAAGTATTTTAGATTTGGACAATATACCTCGTTTATATTAATCACCGAATATATTTACTAAATTAAGACAAAAGCACCCAGTCTGCCATTTTCATTTGTTTAATATATAATAATTCCATGGGCTTACGACATTCAACTCAAAAAAGTTTTCGATATGCATTTTCTGGTATCAAAACCGCCTACATTAGCGAACCAAATCTAAGAATA
CP065002.1_gap18	1155026	1155814	788	TATAAAAACGATCAAATATTTTGGGAAGGTCGCTTTTTGAAATCCCGATACCTTGATCTGTAATTTTTACATTTATGTTATCCTTATTACGTTCACCCTTAATGCTAACTTTAGTATTAGACTTACTATATTTAATTGCGTTGTCAATAATTATCACAAATAATTCTTTCAGTTCATCTGGATTTCCGAGTACTTTAACTCTGGGAACATTATCGATAAGTTTGATCGATTTTACGGTTGCTTGAGTTGTCAATTTCCGGATTGCCGAAGAAATATCATCTCCAATGAAATGCTTGACATGTCCTTCGCTTGTTTTTTCATGATGTACTTTAGTCAAATGAAGTAAGCTATTTACCAATATATTAATATCGTTAATTTCTTCCAAATTACTTTTTATTAAGCTTTTCGCGCTTTCTTTCGTCAAATTATTTTCGAGTAGTGCCGCTTCCATTTCTGCTTTTAGAGTCGCAATTGGAGTTCGCAGTTCATGGGATGCATCCGAGATAAATTGATTTTGTTCACCAATCATCTTCCCTATAGGCTTTAACGTTTTCCCGGAAAGGAAATATGATGCGCCTCCGGCAACGGCTAAAATTGCCATGTTAATTAATGCAAGAGAAACAACAAGTTGTTTTTTTTGATATTTTAGTTCTTCGGAACTAATTGTAGGCGGTAATCCCATCGGTCTTGGCGGAGCATTCTCGAATCGTTCAAATTGAAAGTCTCTAAGTCTGTCGTTTTGAGCTCGTGTAAATCTTTCAATCTGTCGTGAGACATTGCCGTATATT
CP065002.1_gap19	1167825	1172034	4209	GATAGCTTATGAGACAGCGATGCTATTTTACCGTTTACCTTAATTGACTTTATATATTTACCAAGATCCGAATGTACCGCATATGCAAAATCAACAGGAGTTGAATTTGCAGGTAAGTCATAAACATCACCTTGGGGAGAAAATACAAAAATTCGATGCATTAAAGCATCAAATTTCAAGGCTTCTATGTATGTTTCGGAGTCGGTTAATTCCTTTTGCCATTTTACAAGTTCTTTCACCCAGGATAATTTGTTTATTTGTTTTGTACTCGTACCTTGTGTTTCCAAAAACTCATCGCTTACACCCTTACTTTTCATCTCGTTATAGGATATATGTGATGCGGCTCCAAATTCCGCTTGTTTGTGCATAGTATGTGTTCTTATTTGCACTTCGGTAATACGCCCACCGGGTCCAAAGACCTTTGTGTGAATTGACTGATATCCGTTGGGTTTCGGTTGAGCTATGTAATCAGAAATTCCCAAGTACGGAACCGGTTTATAATGTTTGTGAACCAGACCTAAAGCCAAATAACATTCCTCCGGTTTGTCCACAATTATGCGAAGAGCCACGATATCGTGTATTTTTGAATAATCCCAATTTATCTCTTCCCGTTGAAGTTTTTTCCATAATGAATATAACCTTTTTTCTCGTCCGATAACAGTAGGTTTGATATTTTCTTTTGAAAGATGTGTTAATATCACGGAACGCATTTTTCTTATCTGTCTTTCCGCTTCTTTGTATACCAACTTCGATTTGGCTTCCACCTTGTCATAATCAGTCGGATACAGATACCTAAACGCCAAGTCATTCAATTCACCGTTTATCTCTCCCATACCAAGCCTTTCAGCAAGGGGCGCATAAATATTCAAGGTTTCGCGCGCTACACGTTTTTGTTTATCTATAGGTAAATATTCAAGGGTTCGCATGTTATGAAGTCTGTCGGCAATCTTTACAAAAACCACTCTGAGGTCTCTTGCCATTACCAATATTAGCTTTCGTAAGTTCTCAATGCTTTCCACTTCTTTGTTGCCTCGCAACTTATAATCCGATACTTTGGTAACACCGTCAACCAAATTTGCAATGTCTTGACCGAATTCATTGACTAAATCATCTCGTTTGGCGGCACCATCATCGATCGTGTCGTGCAACAATCCTGCTAATACTGTCGATTCGTCTAACTTCCACTGAGCGAGAATAATAGCAACTTCCAATGGATGTAAAACAAACAATTCACCGCTTTTTCTTTTTTGTTCCTCGTGCGCAATTTTCGCGAACTCCCACGTTTTTGTCAACTTCAATACATCAAACTTATTATAAGTTTTAACTAAAGCTGTCAAATCAGTAAATCTTTTTTCTATTTGTTCATTCATATATCTTTATTATGTCAAGTAGTCTAATCTGCAAACTCTTCATTCCATTGAAGTTATTATCTTCAAAACAATACACAATATCAACCTTAGTGTTGTCTTTGAATTGACTAATCATATTGCCTAACCCAAAACCAATTCCATCAAGAGTAATAGTATTTTTTGTCAATTTAAGTTTCAAATGTTTGTCCTCCTTCCCGATAGTACGAGCGTTCCACACCTCAACATTTTTGGTAATAAATATTGGATCGCTATTTCCGGCTCCAGTTGGTTTAAAACATTTTATTTCACGCAAGAAATCCCAATCCAGCAATGTAAAGTCTATCTCAATATCAATAATTGCGGTTGGAATTAACATTTCTTCCGTTAAATGCTTCATTGCGTATTTAGCCAAGCCATTTTTAAATTTGACAAGATCTTTCGTTAAAATTGTCACACCTGCCGCCATTGGATGTCCTCCGGCTTCAATCTTTATTTTCTTGACACTTCTTATTGCTTTAATAATATTAAAACCTTCAACCGAACGAGCACTTGCTTTTGAGTATTTCTTGCCCATGGAAAATACTATCGAAGGCCTGTAAAATTCTTCGACTAACTTCGATGCCGCAAGTCCCACAACTCCTTCGTGATATTTCTCGTCGGCAATAACAATAATGTTTTCAATTTTGTTTTCGTCAAGTGTCATCTTGGCATGATCAAGTACCTTACTGACTATATTTTGACGGCGGGTATTTGTAACCGATAAACGAGATGCTAATTCTTTTGCTCTGGCGCTACTGGTGGTACACAATAACCTGAGCGATTCGATCGCGTGTTCCAGACGTCCCATAGCATTAATGCGCGGGCCAATTACAAAACCGATTGTAAAGGAATCTATCTCACCTACTTTAATGCCCGCTTCTTCATAAATTTTTGACAAGCCCAAACGCGTATTTTCATTGAGTATTTCAAGACCATATTTGACAATCGATCGATTTACCCGAAAAAGAGGCATTTGATCACTAATTGTTCCAATAGCAGCCAAATCCAAACCGGTTACTTTTTTGTCACCGATCGAATTGGATATCTCGCGTGCAAAAAACCACGCAACAGCTGCCCCACTTACTTGTTGTGTATGAATGATCGAATGTGCCTCGGGATATTTTTCACCTGGTTCATGATGATCCGTAATTATTACATCGATCCCCAATTCATTGCACTTTGCGACAGCATCGTTAGCAACGATTCCGTTGTCGACTGTCAGTAAAACCTTGAAGTTTTCGTCATCTTTTTTCATTTCCTGTATACTTTTGCTTTTTAGACCGTATCCTTCCGAAAAGCGATCAGGTATATACGGACTAACATCAAAACCCATCCGATATAGCGTTTCCCAGAGGATTGCCGTCGCACACACACCATCGGCATCATAATCTCCAAAGATAACAATTTTTTCCCTTTTGTCTTTTGCTTGTATCAATCTGCCTATTGCTTGCCCAACTTCTTTTGGATTTAAACCAACATCTTTAAGAGGTACTAAAGTTGGGTCAACGCTATTGAAAAATTCACGTCTTTTTTTATCCGTATTCAAATCTCGATTCGCTAGCAAAATATTAATAACGTCTTCTTTATTTAGTTTCGCTGGAAGTTTTTTACTTTTCCCAACAACAATCCATTTTTTTCGCATCTTTGTCATGATCTCTACTATAACAGATTAGGTAATTAAGACATGTTATTAATTAATGCACCTAAACATTCCCAATCGGAAACGAGAAGTTGATTTCACACACACCAGTAAATAATTTCTTGAATGTCTAATGGTGACTAAAAAGTCTATAGATTTCTAGAAAGTTAGTTTATTTGCTGCATGCGAATTAAGCACTAAAGGTACGTATTTTTCTACAAAGTTTGTTAAAGTGGTATACATCTTAGTGTTTAGAAATTTTCCAAAATTAATTTTTAAAAACATACTGCATGTTTACATAATGATAGAAAGTCACACATTAATAATTAAAGATTGAATTATTAAGTTGTATTTTTCGCACATATCCTATTAATTAAAAAAATATCTCAATAACAGTTTTGATTAGTATGTATAATAAAGCAATGGAAATTAATATTCCTGATGAGGTTAAAAATGTTTTGGAAGTTACCAAAAATGCCGGTTACGAAATCTATATCGTTGGTGGAAGTGTCAGAGATGCAATAATGAAAAAAGATACCAATGATTGGGACTTCACCACAAACGCCACACCGCAAGACATACAAAATCTCTTTCCGGATTCGTTTTACGATAACGTATTTGGTACGGTCGGTATTTCTTACAAAGACAATGAAAAACCATTGGAAATTACGACATTTCGTACTGAACATGGCTATACAGATTCAAGGCGTCCCGACACCGTCACGTGGGGCAAAACATTACTGGAAGATGTAAAAAGACGCGATTTCACAATTAATGCACTCGCATTAAAACATGTGAAAGGGAATAACTTTGAAGTGATCGACTATTTTTCCGGTCACGATGATTTGGAAAATAAAATTATTAAAGCCGTGGGAGACGCTAATGAACGTTTCGCCGAAGATGCCCTAAGGATGATGCGTGCGATTAGAATTGCCAGTGAACTTAATTTCAAAATTGAGAGTGCAACGAAAAATGCGATATATGCCAACAAATCAAGGATACACAATATCGCCAAAGAGCGAGTACGTGACGAATTTCTCAAACTAATATCTTCACCCCATGCTTATAATGGCATGTTACTGTTTAAAGAGGTTGGTTTGTTGGAAGAAATACTTCCCGAACTCGAAAAATGTTTTGGTGTAGAACAAAAATCTCCGGGAAGACACCATATATATGACGTGG
CP065002.1_gap20	1180217	1182399	2182	ATTTCTTGTAACTTGAACGACTTCTTATTTTCCCATTCTCCCACTTTCTGCATCAACTCCGCTTCACCATTTGTAATCCTTATTCTTGTTTCAACGTTTTTTATATCAGGATTCCAGAAAGAAATGGCAATTCTTTTTTTTATAGAGGGTGGTCCATATTGTTCTTTTAATTGCTTACTTAATTTAGTGTAGAGTTTCTTATCAATATGTCCCAATACTTCGTGTTCGATCACTATTTTCATAATTAGAAGGCGGTGATAGCTACAGCAAAGGAATTCTGTGCATATATACACCCCCACACATATTCTCCACCCGTTAGTAGTTTTTTGTGACCCAAACTATTCTCCCACATCGAAACAGTTTCTTGAGGACTTTCGCCTCCTGCTGCTAAAAATTCTGCTACGGTTGAATAATTACTAAAAATACTTTGCAGGTCGGGGCGTTTCTCGGTCATATTACTGAAACCCTCGTGTCCATCTAATTTCCCAAGTTCCAGTAGTTCATTCAAACGAATCGATGCAATCGTACACAATTCATCCTTCTGGTTTAACGGATTTACGCCCATTTCTTGACGCCTCTTATTGACAGCATCCCAAAGATCAGGACCCCCCCAGTTTGAATTTCTAATATAAGTGATTTCTTTTGTTTCTTCTTTGAAATTATTCGTAATTTCAACCGGTGTTGGAGTAACTTCAATATTCGTAAAGGCGTTAAGAATAGAAGAAACCTGTTGAGCATAAAAGTTATCAGACTTCTCTTGTCCATAATTTATTCCCTGGTAAAACCCCAAGGTATAGGTGGCACCGATTAAAGCAATAGCAAGAACCAGAGTAAAAACTCCGGAAAATACTTTCAGCACATTTTGAAATACAATTTTATTCATTGTTTGGTATCAATTATTATCGTAACTGGACCGTCAAGTGTTGTGTTAATTTGCATATATTCACCAAACTTGCCAGTCTTGACGTTTATACCATATCCAACTAGTTTGTCAACAAAATACCGATATATTTTTTCGGCATGTGATGAATCGGCTGCATCAACAAACGACGGTCGATTACCCTTTTTAGTATTGGCAAAAAGCGTAAATTGAGAAACTACCAAAACCGACTCGTTCGCATCTATTAAAGACAGATTCATTTTACCCTCACTATCTGAAATTATTCTTAACTTCACAATCTTTTCCGCAAGGATATTAGCATCAATCACTGTGTCGTTTTGAGTAATACCCACAAGTATAAAAAACCCTTTATTAATTTCACCAACAACTTCATCGTCGACACTAACCGATGCTTCAAGTACTCTTTGTACGACAATTTTCATTGATAATTATTATAGAAATTACAAACTAAAAACGCTAAAACCTATTTGCTTAAACAGTAATGCATATATATATCCCCAAGAAAGCGCGGTCAATGCCCACAATCCGATAAGTATCAACCAATCAAAGCGTTTCTTGCCTTGAATGCGTATCTTATATTCTCGATAGACGATACTCATCGCAGCAGCAGTCGAAGCCAGATAACCCGACAAAAGTGTGACTCTGACTAAGTTCGAAAACAATGACACCAGTGTGTTTAACGTCATAACCCTATTTGTATCAAAATATGTACCTTAGGTGAAGACGTGTTATTAATACCTCATCGCAAAGGATCTTAGTATTTGATAATCAGTTTCTCAATTTGTGAAGGTGATATATAAAGCCGTGCACCTATGCCTAACGCTTTGGCAACGTCGACGTTTTTTTGATCATCATCAAAATACGCAATCTCGTGCATACTTTTGATCGAAGATATCTATTAATTCCGATTCTTTGCCGATTATATTAATACCAATATTTTTTACTTCATCTTTATTACCAAAAAATAAATTTTTCAACTCTGAATCATTTCTCTTTTTAAATCGGGAAACAACTTCATCTTTTGTCAACTTCAATTTGCAGTAAAAAATGAATGCGACGTTATACGATTTTGTTCTAAACGCTCCGATTAATTCTATCTTCTCAATATCGCTTTCCACCACACCCGTTTCTTCGAGCACTTCATTTTGAGCTGATTTGAACAAATCAACATCTTTTCTATGTTGCGGTTTGTTAAATACTCCACCGATATAACTATACTTTCTACTTGCTGCAAAAAAATCTGATTTTTCACCAAATACAAACATGGCATTACTTGTCTCG
CP065002.1_gap21	1184346	1188075	3729	AAGACAGTGCAAATTTTGCGGTAAGAATAATCCTCCCTGACAAAGTGTTTGAATATTCTCTTTACCACCTCAGACTGCGCCTCATTCACCAAGATGTCAAATTCTACTGTTGGATGTATCCGCTTATAATCTTTGTTTAAACCATAAGGAACATTGTGAGGGTCACCCCTTAAAGCTCTCTTCCTCGCACCTTGCCTTACTTTTCTCCTTATACCTTTAACATCTATGTCAGCTTTTATATCGACTATCGCCTCATGGATAACCTCTGAATCATCCTGCTGGGGGTCATAGAGTCTTGGGTCAACAATTTCCCTGGGTTGGTTATAGGAATAAAATTGGATAAAGTTCTTTTTTAATGTTTGCCTAACAAGTAAAGCTGTATCCCTATCCCTGCTAAACCTATCTGCGTCATACACAACTAAAACATCAAATTCCCCTTTGTTGGCAGCGTCCATCATTGCCATCAACCCCTCTCGGCTTTCGATGCGGTGACCTTTCTGTACATCCTTAAAAACCAAATCAACAAACTTCCAGTGGTGGTTGTCTATCGCTTGCAAACACCTTTTTTTCTGTTCATCGAGGCTTCCCTTTGTAGGGTCTGCCTGGTCATCTGTTGATACTCGGATATAGTAGGCTGCCCTTACTTCTACTTCCTCAATTTCAACCTTCGGTGTAACTGAATTTAGACCTAATTTGTTAAGCAGTTTTGTGTTTTCCATAAGTTACCAAGTTATTACTGTCCTTTGACCTGTAATCTCATCATGGGCAATAGTGCCAATCATCGAACCAACTGATGTTAGGTCAATTTTCTGCAAAGAGTTTTCCCATATCTCTTTTAACTTTTTCCCTTCTTGGGTCTCATTAATGAATTTCTGGGCTTCCCATTCGCCAAAGGGTTCTTTCAAAACCCCATCCAAACCCCTTCCTATAAAAGATTCAAAGCTAAGGCATGACAGGCCAACTAAGTGCATTATGTCAACCTGTGTTAGTGGAGATGCCTTCGATATTATTGGTGACAGGTGTCTAAGCCACCAGTCCCTTGACACAGTGTTTATTTGCTCTGGGGTTAATAGTTCTTTCTTTACATTCAGTGGTCTGATTGAGAAGATTGTGACAGCCAACGCCAAGTACCTTATGTGCTTTGGACTCAAGTTAGAAATTGAGTCTATTGCTTGAGGTGACACAAGAGATATTAGACTATCCTCATTCGCAATTAGCCTCTCAGATATAACCCTCGCTAATAATTTATGCCTTTCTTCATTCGATGTCTTTGATGCTGCATATAATGCATCCTGGAAGGTTGCAGAAAAAGCTGGGTCTCTAAACGCTGACTTAACTAATGCGGCAGTAACTGGGTTGTCTTTGCTTGATTCCTCAATTTTCTTAATTTTCTCTGCAATATCTTCCAGATAATGTAGTGTGTTTTCCTCAGCTTTCTTTTGGACTTCCTTTTGGTGAGGTCTCCATTTATCCTTTAACCACTTAATCGCTGGACTTAGTGCAGCCTTGACCACCATTGAACCTGCCTCAGAAGCCCCACTTTTAGCGATTTCCTCTACACCTTTTGTCAATACATCTGTTACTGGTTTTGGGTCTATTGCCATTACTTACCACCTATCCTTTCCTTAATTTCAGTGATACTAAGCCTTTTAGACTGATACCTTTTAACTTCAGATATTATCTTTAGGCTCTTGTCCTCATCAAATAACTGGTAACCTCCAGGAGTTTTTTCCACCACCTCAAGCAAGCCTTCTTTTGCGTAGTAACGGATAGTAGAAGGGAGCACCCCTGCCTTTAATGCTAATTGTCCAACTTTAACCTTTTTCATAATTTTTTTCCGCAAAATTTTTTCCTTACCAGTCCCAAATGTCATTTTGGTTCTGGACTACCACCCATAAAAGAGTCTCATAAATTTAATGGTTGGTTGGAAACCCATACCCCCCTTGGCTATTATGGATTTGTCCTACCCCCATCTTTGTTCTCAACTGCTAAATCTTTATCCAGGCGTTCCTTTTCTCGCATAGCCCTAATGTTCTGAGCTGCTATCGTAAAGATGCGGTTATAGGCAGTCGTCAAAGCCCTATCAATCTCCTCTGGAGTGCCTACTTGCTTAAATACTATGTTAGGTGGAACTACTTTTCTTCCCATAATTTCAACTTCCTGTATTTATGATTATCGGAACTTCAGGTGGGCTTTCGCTAAAAGCAACCCCATCAAAAGCGTTGTAATACCTTGGCAAATCCGCTTGCTTCTTGATGCTATCGTTGTACACTTGCAACATTTCTAAGCTGCGGTGTCTGGTATATTGTGCAACCTCAAGCAAGTCTCCTTTATATGTCTTAATGAGCTTGGTGGTGAAGTAGTGCCTAAACCCATGTGTGGACTTCTCGATATCTAAACCCTTGAGAACAGTAGTCACAATTTCCCTGATTGCTCTTGTGGTAAGTCTCTGGTTATTGCGGTTGTTGCTTATAGAAGTAAACAATGCACCAGAGGCTTTTCTGTTTGATTTTATGTAATCCAAAAGCACTCTTACTGATTCAGGGTGTAGGTCAATCGGTTCTTTGTCATCCCTGCCTTTTCCCTGGATTAGTGCTGTCATATTTGATAAATCCAAGTCCTCTACATCAAGCCTCACAATTTCAACTTGCCTCAAGCCCTGCAATGCCAGTAGGCTCATTATCGCTTTGACTCGTGTGTTCTGTGGAGTAGGGTCAAGAGACCTGAGGTAACTTACAAGCCTTGCCATTTCAATCTCGCTAACCCCTGTCCTTTTATGCTTTTTCTCTTGGGTGAATGTCTTTATGTTTTGGGTTATATCAACTGGTAATACTCCTTGTCGATTCAACTCCTTGAGGAATATCCTGGCAGCAGCAAGATATTTATTCTTTGTTGAGGTGCTTAAATCAGTCCTTCCTATCAAATATCTCTTAAATTCTAAGAATGTGTTATGAGTAAATCCATTACCCTGGAGAAAATCTAAAAATAGTCCAATGCGATACTTGTAGTCTATGCGTGTACTTTCGGCTACATCAAGAAGGTCAAATATCTTCTGTGCGCTCAAATGTGGGTTATTTATCGTCAAATCTAAATCGTTGTTCATGGTCATTAAAGTTCGTGACTCACAGTCTCATCCTTAAAGTATCACTTTAAGGTTTAAGAGTCAAGTGTTTTGTTTTTTCTCACATAAAAAACCATTCCAGGTAAGGCATCTATGAAACTGGCAAACCGTTTGCCACCCTGTTTCTTGATATGAGGCAGTTCGCTCCATATCCTGGCAGCCTCAATCACCTCATACTCGGTATAATTATTTGCCAATAGTTCCTTGAATAACCTAACCTCCTTGATAAGGATTCCAATATCTTTGGGCTTTCTGCTTGGGAAAATCTCGTAGTATTGGTCAAGCAGCTTTGCCTCTTGGTGCATCCGATATCTTTCCTTTTGGGTTCTAAGCAATGCGGTTCTCCTACTTAGAAACTTCTCAAATACCCTTTTTCTACTCAAAATGTTTGCTGCACCTTTTTCCTTAATCCATTTAGCTGCCCTGCGTGCCTCTTTGACAGTGTCTATCTCTGGATACTCATCAATCATCTCTTTTAAGAATTGCTTATCGTCTATGGAGAGTAGAGCCTTTAAGTAATTTATCTTTTCCTCCTTAGTAGAGAAGCCACCAAAAGGAACTTTTGGTACTCCTTTAGGAGTATCATCCTTTTTATAATCCTTTATATT
CP065002.1_gap22	1216761	1218772	2011	GGCTAAAAGCATATAAAAGGCAAATATCAAAACCGCAACAATGTTTAGAATATTAGAAAATATCGCAATCGCACTTTTGGCAACATAACTAGGTAACCTGCCAATTTGCGACAAAGTTTCAACGAGTATTTTCTCACCCAGTATGCTTGATTGACCGATCGACTCATACAGACCAGGTGCAAGCAAGGCAAGTCTGGTCGATTGATCAACCAAGGCGGGAACTACACCGGCAAGAGACAGTCCAAAAACGGTGATCACAAGAATATATGCAACAAGAATTGACAATGCTCTGGGAATTTTAATCTTCTGAAGTCTCGTAACAAGCGGATTCATAATAATTGTTATGAGCGAGGCTACAAAAAGCATCAGAATTATGTCCCGTATCAAAAAAACGAGCCACAAACCTAATACAAAAATTGTCGTAAAAATTATTGTTTTATGTGATATTTCGATTGTTAATTTTCGCATGTGTATTCCTGATTATGCCATTTTTTTACGTTTTCTTCTACCTTGTGATAATACTTCTTGTCTTCTATGTCATACCAGGCTATGTGTTTTTGTTTTCTAAACCATGTCATTTGTCTTTTAGCATAAACATGTTCAGCACGTTTCCACATCGTTGCGGCTACTTGTCTGGTCACAGTATTGTTTAGTGCCAAAAGCCACTCTTTGTAACCGATTGTCCTTGCCGGAGCCTGATTGATATATCCTTCCTGTGCCAACAACGCCATTTCCGCGTCTAATTCAGGACTAATGCGCATCATAACTCGTTGGTCAATTCTATTGTTCAAATTTTGCCTGTCAGACATAGTCAACCCTATCCAAAAGGCATCGTATTTGGGTTGTGGTTTCCGGTTCTCCAATTCTCCTAAATGTTTGGTGACCTCTATGGCTCTAATTAACCGTCGAGGATTTTTTTGATCCGAAGAGTTAAGCGACATAGCTTTACGAGGGTTAATCAACAACAGCATTCGATACAGGTCGGCAGCCGACGTATCAGTAAGCTGATCTCGCAATTCGTTATTTACCGGTACGCGCGCTGTCTGAATTCCGTCTACCACCCCCGATATGTAAAATCCCGTACCACCAACCAGTATCGGTAATTTATTTCTACTGATAATATTCTCAATTATTTTTTCCGTTACTTCCATAAAGGAAGAAACGTTAAAATTGTAACTTGGATCCACTAGATCGTAACCCCAAATCCGAATATTATCGGTCTCCCAATATCCAACATTACTTCCATTAAACTGAATAGCTGATGATAACCAAACTGCTTTGTCGGGGATATCTTTGCCGGTTATGACATTCATATATTTGTACACCTGCCGTGAATCGGCTGAAATTAGCTCCCCGTTAAATTTCTTAGCCAAATATAACGCGAGGTGTGTTTTGCCGGTCGCAGTTGGCCCACATATCACCAACAGTTTGTTCATGGTGATATTATACCAATTATTCGCGTCTTTATAAGTAATTTAATTTCTCTTAATTGGCAATTCAACGTTATTTATCGCGTGGATAAAGTTGTCTTACCTCCGAAGGCGGAATAAAGGCGCCACGGACCTTGGTTCACGGAGTATCATTAATTAAATTATAATTTGTTATAATCCAAACATGACATCTTTTCGAGGTAGAAAATTACACAATGAAGCGGAAATCGCCAGAGAAAAAAAGCAGGATTTTATAAAGTCGCTGCAAATTCTTGATGAAGCAATTTTAGTATACGAAAAAGATGGCGACCTACAAGGTTTCTCGGAAGCGCTCCAATCAAGGTCATCCGTTTTTAAGCATCTTTATCAGCAAACCGGCGACGCCGCTTTTTTGGTTGTCGCAAAACACGATTCCCTCGCAGGAGTTGAAATTGCAGAAAGTTTAACCGACAAATCGGCACTAGCAATGTCTTATCGCGGAGCAGCAAAGGTGTTTGAACAACTTTTAGATTGGGAAAATGCCCAGAAGTATTTCCAGATGGCTGTTAAAGCATTCGCACAAAATCCCCCCAAAGAAAACG
CP065002.1_gap23	1228713	1229605	892	CTACCATTTCCATCTAGCACAACGGCAATATGATTGGGAATAATTGTCCCCTTTGGTAAACGAATCGTTTCTTTTGTTTCCATGTCAGAAATTATAACACGAATAAATACATTGATATATTTATATTGTATAATCCATAAAAATGAGTTCAATCCAGGACATCGTCACGAAAACTGAAAGCAAAATTGCTAAAGATGCCAAGATTACTTTGATTGAATTTGTAGACAAAATCAATTTGCAATTAGAGGCATATTTTGACAAAGAAATATCCAATGTATTCGGTGTCAGCAACAAGCAAAGGAAACTTTCGAAACACATTTTGGAACATATAAAAGAACACAATATGCGCCCCTGTAAAAGACTCAGGGGGTCTTTTGTTTACTACGGATATAAACTTCTGGGAGGCAAAAATACTAAAGAAATATTGAAAACTTCAATGTGTGCAGAACTTATTCAAACTGCACTCCTCATTCATGATGATTTTATGGATCAGGACGACGTAAGACGTTACAAACCAACCACCCACAAATATTATCAAAGTATCCATAATAATAACTACAAATACGGAGATCCAATTCATTATGGCGATAGCATGGCAGTAGACGCTGGAGACGTGGCTCTCATGCTTGGTTTCGAAATATTAAGTAACAGTAAATTTGACTCGAGTCTAAAAACAAAAGCAATGTCTAGCTATTTAAGAGGAATAGGAAATACAGCTCTTGGTCAGGCATACGATATTACACTGGAAGCGCGAGGTAGTATGGATGAACAAGACGTCTTAGACCTGCACCATGCAAAAACAGCCATATATACATATATCAATCCTCTGCAAACGGGTGCAATTTTAGCAGGTGCCAATGAAGATGATCTTTCGATTATTAATGAATATGCA
CP065002.1_gap24	1273738	1274238	500	TTTAGTTCATCAATTCTATCCTCAGCTCTATCGACTGCATCCCATGCATCTCCCATTGCAGCATCCTTATCTCTATTGGTTATTTCTTCAGCTATTTGACCCTTAAGTTGTTGGATTTGTTCTTGAAGAGTTGGTGTGGGCTCACGAGGTTCTACCTCACCTCTTGGAACACCATCCTTAACTCCATCTGGCTTATCAGGTTCTGAATCACTCGCAGCAACAGGTTTGGTTTGTTGTAGCTGACCCATGACAATTTTATCCCTTCTCGCCAAAATACGATGAAAACCGTTGTATAATCCAAATAATTCTTGTAAATTAGCGGATGTTAATCCACTATCAAGCAACTTTTTTTGAGCTTCTAAATTCGCTCTCAAAGCCTCGTCTTGTAATTGTATGCTATCAATTATAATATCTGGAGGGCTTGTATCAATTAGCTCATGAATTCTAACACCACACCTTGCCTCATATTGACCCAGTAATTCTCGATAAGTACGCATTGA
