gap_id	start	end	length	sequence
CP064989.1_gap1	4059	8650	4591	CAATTACCATGGTCAGGATATCGATCTGACTGACGTCGATACATTGCTAATGCGGAGCAATAACGGAAGAGCGTGGGTTAGAAGCAAAGAAATTTACAAGAAGTATCCCAACCAGACGGTGCGAGTAGATGATATAAGCATAACTCTCATGCATCCAAAAGCTTTGCTTGAGTATAAAGAACATCTTTCTGGTAAACACCAGGAATACGACAGAAAGTTCCTTAAAGAATATATCAAGACTCGCTCAGAGTAGTTCCAACTTCGTCCCACAAGGTCAGCTGATAAGATAGGAAAGGCTCCTTTTTTGGCAATGTTTTCAGTTTCCAAATCTTCATCAGAAAGCAACAGAGAATGAGGAGTGTGCAATGAATACTGTTCCTTTTGATTTTGAGAAGTGGGTGAAGCTTTACCAAGAAGACACCGAGGCGTTCGAGCGCGAACGTCAAAATACCATCGATATTTTCTTGGATTCGGTTCCCGAGGAAAGAAGAGAAAATCTTCCTCCCCATTGACTGTTTATTAAAAATATGCTTAAATAGAAAGTTGTTTTGAGTCTACGCTTTAGGCTAGACAACCTCATGACAACATCATTTTCGGGAGACGCAGCTCATTAAAAAAGGATTTTTACACATTGCATTCATTTCAATTGCTCAACATCGGGAGAGATACACGATGAACAAAAGCAAAGCTCATGAAGCAAGGTTTCAAAGTCGCTGGCTGGCAAGTGGCGCCATTGGTACCATGATTGATGCCAAAGTGAAATCATGGCCGTCATTCTGGTATTCAACCTGGGAAGGTATCGTTAATGCCATTCAAACACTGGAAGGTTTCGATCGACTAGTGACAGAGCGGCGTCAGGCGGGCTATGTCCGCAAGGAACGTATGCCTGAGTTCTTTATATATCTCCGGCCATATCTGTGGCTCCTCGATACTTGCGGCAATACTTGTCGTGCCACAACCGATCCTGTTTTGGACGATGATGTGCCGCAGGTTTTCCGGCGTGGAGGCTCAGTGAGCAAACGCGTGTTCGGCGGACAATGTCTCTCGTTCTCGTTGACGGACAGTGGAATCCCAACCATTGGGGCAGTGTGTCTGGAATGTGGAAAGGGTTGGGATATCCGTAATTGTGGTGACATGGTCGTTTCTCACACGACGGAAGTTTTGCCGATTGGTTTCTTTGCGGGTCGGTCACTCCGCGAGGTGCATGCCTATTTCCGACTCCGCAAAGGCGTGGTTCGAGGAATGCAATCCGATATCCTGGTCAGGAATGATCGATATATCGATTTGTCTCCGGAATACCCGAATCCCGAAGCGGATTGGCAAAAGAACATCCTGAAAAATGAGAGAGGATGGAAGGGTAAGCGTGAGGACGTGACTTTTGACTACCGGGTGCAGCCTGGTGACGAAGGCTTCTTCAATCGTTGGTCATTCTTCCATCATTCCTGCAACCGAAAGTATCTTGATCGGCAGGAAGAGCAATCCTTCCGTGATGTGTTGATGCGTGCCGGTTACGGCGATGTGGAAATGGCACCAATCCCCAATGGTTACTGCCCGTGCGATAAGTGCGCGGCCTGGTTCTTGGTCGCTATACCCCAAGGTCTCCTCAAAATTGGCTGGCGTAAGCGGGTTATCAATATTGACTGGTCCGGTACGGGAAAGTCACTTCCCGATCTATTCAAGGGCGAAAATGTCACTAGTGGCGATTTCTACGTTCACGCCTGGGGCTTCGACAAGGCGGTTGAATATCTTGGTCGCCTCCGTCAAGCCCTTTAAGTGAAGCAAGTGTAGCGCTTCAACAATAAAAATGCTCGCCAAAAGATTTAACAATCTGCGGCGAGTTTTGTTTTTTAGAATTTGAAATCTTTTGCCATAATTGTAGTATACAAATATGTTCCAACTTCGTCTCACAGCGCCAGTGGGATTGACGAATATCATTGTGTGTGGTATTTTTATTTGTCCTTGTTCTTTTAGGAGTTCCGCCATGCAACATAAGATATGGGTAAAAAGACATATCGTCGGGTTCTTCCAAGAGAATAGGAAGAGCTTAGAGATACGATTGGGAGGTGGATTCTTTCGAAGCATTAAGGTGGGGGATTCTTTTCTCATTAACGGAAGAATTGTGAAGAGGATAGTAGCTATAAGAAACTACGAAAATCTCGAATTGATGCTCCGGTCAGAAGATTCTGAGAAAATCTATCCAGGAATATCCCGAGCTCAACTTCTCAACTTATTCAGGGAAATATACTCTCATGACCAAGTAAGAAGAGGAGGGGTTCTGGTTTTTCAGCTTTCCTAATGAACACAACCGATACACCCCGGGATCAAACGGGGTGTTTTTCATTTATAGGGAAAGGAAATATTCGAACTGGCATATTGACCTCTCCTTTATTTGGGTATAGGATTTATTTGCTTCAACAATTGTAGGAGGTGAGAGAGATGAGGGTTGGTCCGAATCGAGTTCTTATATTTACCGGGATTTTCTTTCAGTCGGTTCAGCGATTAGGTGTGGGATATGCTGCCGAATCAGAAGGCGGCGTGCATGTTCGCGTGGAGGAGGTAGACCTTTTCGCTATGTTCCTCGGAACAATTCAGGGGGATCCTGAGGGTGGAGAATTTACGGGCAGGATTAGCGATCCTTTCGGAGAAGCTATTCTTGTAGACATTGCTATCTCCGAGAGCGAAATTCGCTTCACCAAGATCTACGCTGATAGGTCCGATCCCATATTCTATAACCTTCAGCCGGCGTGTGAGAATGGTGTATGGACGGGGACCTACAATGGAGATACTGTCGGGATGGGCTCTGTCAATATGACGGTCATGGAAGTGCCAGAAACGTTTTTTACAGCTACTCTCCCGTATGCTTCGCCAGAGATACCATGAGTCGCACTACAAGGAAATGATTATTATAGAGCAAGGACGCTTGGATAACGGTTCCAAAGCGTCCGTTATTTTTATAAACGTATAGCTCTTTCAATCCAATCCTTTCTACTACTACAAATACTACAAAGATTTTCTCCCAAATATCCACTATCCTCTTCATTAAACCATCAAATTTTTCCCAAGTGTACCCCATCCAGTAGTTATTACACTCGATGCTAGATGGGGTCTGTAACCCTTATTCATTTTGCTGATAATCAGCTGAATAAAACAACTAAGGAGATTGGGTATGCAACAGGATATTCTTCCTACAACAAAAAGGATTGCTGAAAGTGCAAAGTTTGTTTCGATTGACAGGGGCGCTCTTGAAGAATTCTGCAGTTCTTTTTCTCTGGATGGTATGGGCGTAGCTGAGTTTGGAGATGTCGCTGAATTGGATATTCCGGAATCAATTGGTTTGGTCCGTATTTTCAATTGTGTAAATTTTTGTTTTTGGGCGAGGAGGGGAGAGGAAAAATGGGCAACGAAAATAAATGGCGAGGTAATCGATGGTGCGGCTGGGATATTTCGTGCTATTGAGGAAATGTACAAGAACGGCGTGCCGCTTCTGGATGCTCACTTTTTACAAAATCTGAATCAAGAGAAATTCAATGAGTTACTTGGTGGCAACGTGGAAATCCCTCTTCTGGATGAGCGGGTAAAGAGTCTCAATGAGGCCGGAGAAGTTCTGCTCAGAGACTTCGATGGCAGTTTTATGAAGGTTTTTGAATCTGCAAAGTGGGATACTGTCGAGTTGACAAATATTTTCATTAAGTTCTTTCCATCATTTAATGACCGTGTAACGTTTGAGGGAAAGGAAATAGATTTTCATAAGCGAGCCCAATTAAACGCTGACATGATTAACTGTCAGCTAACTAAACGCGGAGAAAAAGAACTTTTTAATTTGGATAAGCTTACTGCGTTTGCGGACTACAAAGTTCCTCAAATGTTACGAAAACTTGAAATTTTAAAATATACTCCGGAACTTGCTGCAAGAGTAGATGCGTTTCAGGAAATCGATATGGGGAGCAGGGAAGAAATAGAAATCCGGGCTGTAACTATATGGGCTATTGAACGGATGAAAGAAGCTTTGAAGTCTCGATTTCCTCTAGTTACAACGAGGCAGTTGAATGATCACTTATGGAGTCTGGGACAAGCAAAATCGTCGCATGATAAGCCTTATCATAGGACAAAAACGATTTATTACTGAAGATGTTAACTTCCTGCTGTTCGCTGGTGAGTATGTATTCCAAATCAGAAAAAATGCATCTCTTGATCGTAGGCATAACGGCTCTTGTTTGTTCGAGGAGCGTGTTCTTTTTCTTTGATGACCCTGAGGGTCCGAATCTTCTCGTAGTGATAGTAATGGCGATTGCGATCTATTTTCTTTCTCTGAGGATCCATTCGCTGTTCCTGTTTGCAAGTCCGAAGAGGCTCTTTTACTTGCGGGTAATATTCATCCAAGTAGTCATTGCTGTCGGATTTTTCCTGTGTCTGAGATAAGTGCTTGTCTTTGTTTCGTGGACATCGTCGCTATTGTCTCAGTGCAAAGATCGAAAGAGATACGACTGCGATTATGGCAATCGCTACGCTGGGCGGTGTGGGGGGATCCATACGCATAAGAATCTCCCTGATGAGAGTTCTGCGTTCTTGTTGCTTAGCCCACAGAGCTCTT
CP064989.1_gap2	11587	14758	3171	GCGTGCCTGTCCAGGAAATGAGCGCGGGACCGGTACGGAGCGGTAAGACAGTGCGGTTCAATTTGTTCCATCCGCGGAAAGAGAGAGTGCCTTCGGCGAGTGCGAGCAGATTGGCGATTCGCGCCTCAGAGGCAAGCGTCTGGTAAAATCGATTTTCGAGGCGTTTTGTGGGCACGTGAAATCCGATAGAGATAAGAGAACGTTTGTTGGAGCGAAGAAAATCGAAACGCATTTCGGAAATGATACTATCGAGTTTTCGTATGAGGTCAGAGTGCGAATTGTCTGTGTGTCCAGCAGTATTCGAAGAGACATTGGTTTGTTTGTTTGAGAGATGATATTGATATTCGGAGATCGTGTCGCGCAGTTGTTCTCGAAGGAGTGCGAGTGTGTCGCGCACTTCTTCCGGGAGAGATTTTGGAATGGCGATATCGATCAGCGAAGTCTCGATGATTCGGAGTTGTTCAAATAAGCTCGATTCTTCATGGTTGAGCGGCAGGGTGTCAATCCGCGAGATGACTGTTTCCCAAATATCCGAGAACGATTGCATATCGAGCGTCTTCGGGATACGATCCCGGATAAGCTGCGCCATTGAATGAAGCCCTTTCTCGGTACGGTGAACAGACAACGTGGTTGTCTCATGCGCGAGCCATTGCCTTGTGACGATGAGTGCGGCACAGAGATTGCCGCTGTCAACGCTCGAGATAAAGAGTGGCGGTGCGGGGAGCGCTGTCTTCGTATGATACCAGTTGTAAAAATGTCCCTGATAGCGCTCCATGCGTTCCAGTGAAGTGCATGTGCGCTCCAGTGAAGCATATGCTTTCTTTGTGGAGATAAATCCAAGCCGGTGCGCCACCAAAACCGATGTGAGGAAGAATCCTATATTGGTGATAGAGGTATACTCGGCCGTCTTCGGTGTAGGGCTGATTCGTATATAATCCGGCGGGAGGAAATGCGTTTCAGGTCCGACGGTTTGTTCAAAGAAACTCCAAGTTTCGAGCGCGTCTCGGCGGAGACCGTCTTCTTCCTGGCGCGAGAAATCATGCGCTTGCTTGTATGGTTTATTGAGTAGGAAGACGAGAATGGGAATACCGGTCCAGAGTACGAGCAGGAGTGCAAAGAGCGGATGTATGTTTCCCTCCGTATGGAAATTCAACAGCACGATAAGCAGTGTGATACAGGGAAAGAGAAGTGGTATGCGCCCGGCTGGGTTTTCGAAATGCGCCGACGGCACCCACTCAAGCATGTTCTTCTTGCTGATGAATCGACGGGAAATTGCCGTGATGATGGCATGCGTTGTATCAAGAGCGGCATAGGGGAGAGTGATGCACTCGAATGCTGCTTGCCGGCAAAGTCGGAAGCTCCGTGTTGCCGTACGCTTGAGTCGATACCCGATATGTTTCCATTTTCCGGTGAGCAGTTGATAACTCCAGCGGACCCAGTCGATACACATATCGAGCAAGAAGAGATCGAGGAGAAATATGCTCCAGGCAAAAAGTAACAGGTGAGGATTGCCGACAATCCATGAGAGCACAGTGATGAGGAATACGGCCGGGCGGAAGAGGCTTTGCAGGAGATTATCGGCAATTTTGAATCGATGAACAAATGCGAGTGTATTCTTGCGGACTCTGCCGGATTCGTCTCGCACGGTCGGTGTGAGCCAATCGAGTATTTGCCAGTCGCCACGCGTCCAGCGGTGATTTCTTGCCAGCATGGCGCGGAGAGATTTTGGAAATTCATCAAAAACATCAATATCCGCGGCATAGGCGGTTCGCGCGAGCGAACCTTCGAGCAGATCATGGCTCAGTATTTGGTCGGTTGGAAGCGCTCCGTCAAGCGCGGAGAGAAAAGCGTCTATATGAAAGGATCCCTTGCCGGCATAGCTTCCCTCAAGGAATATGTCCTGGTATATCTCCGGAAAAGTGGTGGAGTACGCGCTGAAGCGTTTTTCATCGAAGAAGATGCGAGGAAGGCGAAATCGGTGTCGATTCTTGAACCACTGTTTGACATGCGGCTGGATGAAAGTATAGCCGCGTATCAGCTCGCCGTTCGTATTAAGAATTGGCTTTTGGAGCGGATGCGAATGAATACCGAGCATGTCTTTGATGAAGTCCCGAGTAATAAAAGCGTCTTCATCAAGGGTGATGATAAATTCCGCATGTGGAAGTCTCTTGGCGGATATGAAGAATGGCGATGAAGTTGCTTGCCCGCGAAGCGCTCTGGCGAAGTCAAGAAGCTTGCCGCGCTTGCGTTCCCATCCCATCCAGTGTCCCTGTCGGTTGGACCATGCGCGAGACCGAATAACGAAAGCAAACCGGTCTGTCTCGCCATAACGCTGATTGAGTTCGCGAAAGGCGTCTTTTGTTTCTTGGAGAAGCGAGGCGTCCTCCGGCATCGTCTCGCTTGCGGCATCGGTGTAGTCGAGCAAAAGATAGTATGAAATCGCACTGGTTGTATTGCTGAGATAGGCGGTTTCGAGTTTGCCAAGGAGTGCGGAAAGGGTGTGTCGGTCTTTGAGAAGTGCGGGGATAACGAAGACAGCCGAGGCGGATTCGGGAATTCGCCGCCGAAAATTGAGACGAGGGAGGAATGTCGGCGGGACAACTCCGACAAACAGGCTGTCTATGAGATGTTTCGACGCCTTGTAGAGAATGGGGAAGGCGATGATCATGAGAAATCGGTAGTGGAGATAAAACACGGCAAAGACGCTCGCCGTGAAAAGAGAGAGTGAGAATATGAATCCGAAATAGGCAACACGTAGTGCGGGAAGTTTTCGACGATCGTGATACCAATGCCACCAGGACATGTGCGTGCTGCCGGTCAATCGCTTGAGGAGCGCTGGAAGTCCGTCATCGACAAGATAAAACCCGACATGGCGCTGCGGGTCGCTGCTGTCTTTGTGTTCCTCGGCGAGGGCGAGGGCGGCTCGCGTGAATGTTTCTTCGGAAAGTCGGAGCGTCTTTGCTATCGAAGCCGCTTTCTTTCGGTACATCTCTTGGGAAAGTGAGGTCATCTGTTCGTAGATATCGGCAGGGTCTCGAACAAGGAGTCGGTGAAGGGCATTGGTTTTCCGGAGGAGCGCATTCCACTCGAATTCTCCCAGGAGGGGGAGCGAACGAAGCAAAACGCGAACCCTAGTGGCAAGTTCGCGTAAACTTTTTGCTTCGGCAGTCC
CP064989.1_gap3	15933	19896	3963	TTGATGGCAATGTCTTGCACCATATGAATGAGCGAAATGTGGTATCGCGCGTTCGATCTGAGATTCGGCGTCCTTCTTTCAAAAAGGACGGCATTGGCACGCGCCCCATAGATGAACTCGACGATGTGCTTGACAATATCGGTGTATAGTCTGTTGTTTGTTGTCCGGAGGATGTTCTTGGTATTGTTTTCCATTGAAACGTGATATACTAATCGCAATCGTTTGTTTTAATGATGGGTAACCGTACAAGGAGGGGTACACATCGCATGTATGGCGGAAGAACCGGTGACGAATGACGAATTGTCCGAAGAGGAGGATGTGCCTATGAAGAGTCTTGGGGATCGTGCGCGAGAGTTTCGAAACAGTCTTCAGAAAAGGTTTGCTGAGGGGAGCGCGTTGACGCTTGTTTTGTTGTTTGTGCTCGGATTGCTGTTTGGTGCGGCTGCGAAGGCCGTTGCATCGAGAAGTATTTTAATCGGATATTGGGACTATACTATTACCCCCAAAGAACGGGCCGCTGTGAATTTGAATGCTCTCCAAGAAGAGCTGGCCGCTCGTCAGAAGGAGGCGGCGAAGCCGCAAAATGCGGAAGATGCGACCGCATCGCAGCCGGAGGATTCCGGAGGCGAATCAGTCTCAGGCCAAAGCTCATCGGAAGAAGAGTTGCCGCCATTGCCACCAACGCCAGAACCGCCAGCTTCTCCATCTCCGGAGGCGGAAAAAGAATAAGATACGCCTCTTTTTTCAGTTTTCATTAATATCGGATACTATGGATTTTCTGAATAAAAAAGAATCGAATGAGAAGGATGATGATCTCGAGTTGTCGTTTCTTGGTGATACCTCAGAGGATGCCGGCGATATGCCGGAGGAAACAGATAAAAATCGCGAACTTACCAAGAAGGTAAAGAATCTTACGGCGCTTTTGGTAATTGTCGGCGGGCTCTTTGTCGGGAGTCTCTATGTGGATTTCTCGCAATTGTTCACGAAATCCGGATTTTCTTCGCGGGCACTGAAAACAACCGATGTGGTCACGGCAGCGGGAAAAACCTGGGTTGCCTATGATCAGCCGATTGTGCATGTAACGGTGCTTTCGGAAGAATCGTGCAAAGAGTGCCAGACCGATGAGGCGGTTGTCTGGCTTCGCCGGATTTTGCCAACCGTATCGGTTGAAATACTCGATGTTTCAAAGGATTCGAAGGCGAAGGACATGGCAAAAGCCGCCAATGTGACGGCGATACCCGCTTTTATTTTCTCCAAAGAAGTGGCGGAAGTCCCGGTATACGAGCAGGCGCAACAGCTTTTCACGCCACTCAACGACAAGGACGGCCGATATATGCTCGATACGGCACAGGTTGGTATTCCGGTGGGGAAGTATCTCGAATTGCCTGAGGTGAACGATGCGGACATTCAGTCGGGCTCGAAGGATGCGCCGGTTCGTGTGGTGGAGTTTACCGATTTCCAGTGCCCCTACTGCAAAGCGTTCCACGCAACACTCCAAGATACGCTCAAAGAGTATGGAGACAAAGTACTCTATGTCTACAAGAACTACCCGCTTCCGATTCACGCGCAAGCGGAGAATGCCGCGCTTGCTGGCGAGTGTGCCAATGAGCAGGGAAAGTTCGTGGAGTATGCGGACAATCTTTTTAACAAACAAGACGAGTGGGGCAAGACAACCGGCGTGCAAAAATTCAAAGACTATGCGCGGACACTCAAACTTGATACGACTCAGTTCAACACTTGCTTGGATGACAAGAAGTATCAGGACCAAGTGACTGCCAGTCTTGATGAGGGGAAGAAATTTGGCATCAGCGGCACGCCGGGAACCTTTGTGAATGGCACCTTCTTGAATGGCGCCGTTCCTCAAAGCGATCTCAAAGCCGCTATCGACGCGGAGATTGCCAGTGCTTCGAAGTAGCTTGCGGCAGTCGTTTGCCTTTGGCTCTCGGGTCGTCCCGTTGCGGCGGGACGACCCTTGTCTTTTTCCTGTAAGCGAGATACACTGAAATTCAGTTTTAGTGCTTCCATTAGGCACTTCCGGGCCTGTAGTAAAGTGGTATTACGCAGCATTCGCATTGCTGAGTCGGGAGTTCGATTCTCCCCAGGTCCACAGCAATTATGAATAGACCATATACAACCCTTTTTTTACTTGTTTCCGTAGACGGTAAGATTTCCACAGGTGATGTGGATGCTATGGATGTTGATAAGGACTATCCAGAGATTGAAGGTCTCAAAGAAGGTCTGAAACAATACTATGACCTAGAAATGGAGACAGATCTTTTTTCTTTTAATACGGGTCGGGTATTTGCAAAAGTTGGAGTAAATGAAAAAACGGATGAACCTGAAAAGTTACCAGTCAGTTTTGTTGTTCTAGATAACGAACCACACCTGATCGATAAAGGAGTTGTCTATCTTGCAAAGAAGACAAAAAACCTTATCATTGCTACTACTAATGAGGACCATCCTGCTTTTGCATTGAAAGATAGTTTTGAAAATATCCACGTTCTAAAATATGAGAACAAAATAGATTTTCGCGACTTATTTGAAAAAATCAGAGAACAATTTGGTGCTGAGAGAATGACAATTCAATCAGGCGGTACGCTCAATGCTACCTTAGTAAGGGAGGGGCTTATTGACCGAGTGTTATTGGTGGTTGCACCTGCTTTGGTTGGCGGGAAAGACACGGCGACCTTGATGGACGGAGAATCTCTTCATAACACAAGCGATCTCGGGAAGATTGTTACATTGGAGTTGGCACAAGCAAAACCATTACAAAACTCATACTTGCTTCTAGAATATAAGGTGAGACCTAGAGAGTCCGAGCCTGCTCAATAGCTATCCCGAGTTCCTGCCAAGCCCGGAGTTCTGCTGTGATAGAGTTCCAACTGTGTAGGAGGTAGTCCCAAAGATATAAAAAAGATGCCCATACAAGCATCTTTTTTATATCTTTGTGGGATATTCTGAATGTAGCGCGGACCCATTTTGAGAAAAATTGCTGACGCAATTTTGCCAAATCTCTGAAATCCGCTCGGGCGCGGCGGAAGGAGGGGGTTGGGGGGAGGAATTCCGCCGCGCCCTCGCTCCGAAAAAGTTTGCGCCGACAATTGCAAAAACAAATTCGATTAAATCTTAGCTGAAATAATTTACTTGGCTCTAGACTATCAGATTCACTCTGTATAGTCTGGAATTATGTATAACTACGCCAAAATATCAACATACAAAATCGGAAAAATAATTTCACACTTTTGCGTTGATGTTACTGCTTCCAAAACCGCTGTCCTGTTGGACATGAATCGCAATGCGATCAACCATTGGTATGGTATCTTTCGCAGAGCGATCTATGTTCATCAGACGAAAGAATGCAAGAAAATATTCGGTGAAGCAGAGCTAGATGAGAGTTACTTTGGAGCTCGAAGAAAGCGCGGATACCATGGAAAACTCAAGCGAGGACGAGGAACATTCAAGCAACCGGTGTTTGGTATTCTGAAACGTAACGGACGGGTATACACTGAGATCATACCAAACTGTAAGAAAGCAACACTTTTGCCCATCATCAGGGGAAAAGTCGATCCATCGACGGTTATCTATTCCGATGGTTGGAGAGGATATGACGGACTGGTTGATGTAGGGTATGACAAACACTTCAGAATGAATCACGGTGAGAATGAGTTTGCCAAGAGAGGCACTGGAATTCACATCAACGGGATTGAAAACTTCTGGAGCTTTACCAAACGAAGACTCTCAAAGTTCAATGGGGTCAAAACTCATTTTGAACTCCATCTCAAGGACTGCGAATGGCGGTATGGGAAGGAAGTCGCGGTACTTGAGACAGAGTTGAAAAGAATAGTTCGACGGTATTTGAATTGTTAAAGTGATAGTCTAGAGCCTTTGTTTTTACAATCAATCGTTCTTTGAATTTATGAAAAAGAAAAACGCACCAGAGGTCCGAAGACATGGCGCGTTGGT
CP064989.1_gap4	21411	25222	3811	AATCCCTTCAATGCAGAAAAGTTCTACCAGACCGGCACCGGCCTTTACGTCTACGGCATGTTCCCAGGTCGCCTCAACTTGAGTTTTAGGCAGACAGTGGATTCGGCTCCCGAACGTCCCTACGTGGCTTTGCTCCTCAAGGAAAACGCCTACGACAGGAACATCCGCAAGAAACTGCCGGACATGCACCTGTCCACACTGGAAGACATCGCAGGCCTCATTGAAGCACAGCCGGGCGGCAAGCCGGGCTTCCTGCTAAACAACGGCTACGCGAACATCTTCTACGTCGAGGAAAACAGTGAAGTCTTCGTCGTGGATGTCGGCTGGAAATTCGACCGCTGCGAGTGGGGCGTCGACGGCTGGAAGCTCGGCGAGGCTGGCCGCTGGCGCGTTGACACGCAGGTTCTCTGCCCAAGCAACGCGGCGCTCTGACACCTTTTTAGTTCATTTGAACAAAAGACTTTTGTCTATTAAACCCTTGGAAGCTACAGTGTAACAACCAAGGGTTTTTTGTCTTTTTTTGTCTTGCCGAAAATAGGTACCAGAGAAGTCAGAACAAAATCTTTCCAATTGCGAAAAAAGCGATAATGGCCCAGAGAACATTCAGCACGCCTGGCTGATATGTCTTCTTATGGAAGGAGATGGCGACGATACCGAGTGCGCCTGTTCCATTGAGAAGCTGGTACACAATACTCGTTGGTGTCAGGAATGAGAAACTTATCAGGGCATAGGCGAGAGAATGATGGAGACTGTTCCGTACCAACCGAAAAGCGCAATGAGTCTATCTTTATTCATAGATCAATCAATGAGATCTTTTGATTTCAGATCATCGAAGATGAGTTGATCCACGGGCGATATCTCATTTCGTCTCGAGGAGTCAAACCAATCCATTTGTTCCACTTCAGCACTGGGCGCAAGCTTCCCTGAGTATTTTCCTTGGTAGCAAGTCATTCTTACGAGAGTTCCTTCCGGTTTTCCGTGAGCTTGTGCCTCAAAGGTTCCGTAGTGCTTGAGAGTTTCGGGAATGATGTCGATCTGCAGCTCCTCTTTCATTTCTCGCATCAGAGCTTCTTGATCGCTTTCATTATTCTCGCGTTTTCCTCCCGGAATGTACCAAGCGTCTTTTCCATAACTACGCGTCTCCAAGACTCTCCGGTTAAGAATTTCAATAAAGGCCAGTTTGTCGATGTATGTTGTTTCCATATATATTGCATCTAATGAGGAATGAGGGATGCTTTAAGAATCACTCCTCTCAGTTTCCGAGAGGAGAGCGTCTTTGTTTGCATCTTCAGAGAAAGTGACGGAATCTTTGGCGAAGCCGCTTGCTTGCATGTCTATGTTGTGTGAATCGGCTCCGGAGATCGTGAGACAGTCTTTGCGGACGAGAGGGCACTTGGTGTTTATGAACGAGAGATTGGCGCCATCCTTGATATCGAAGACCGTGCCCTTGGTGGGGACGGCAGTAACTCTGTCAAAAGTGATATATTCCGCCTTTTCTATTTGAGCGCCCCATTTCGAGGAAATTTTGACGTTCTTGAAAACAACGTCAATAATCGGCTGTTCCACGAGCCCGTTGATTTCTATTGAGCGATCGGTTTTCCCGACAGACATATCTTCGATGGCGATGTTGCGAAAGAGGGGGATAGCGCCGCGGCCTTTGATAAAGGAGTTTTCATAGGCGGTTGTGAGTTGTACCGCAGCTATGGAGGCGTAGTCGATATTCACTATATTGGCGTGGATATTTTCTACGATTCCGCCGCGGCCCTTTGAGGACTTGATGCGGAACCCATACTGAACCATATTTGCGGAAAGGTTTTCAATGAAAATATTGCGCACATCGCCGGACATCTCGCTCCCGATGGCGACAGCGGCATGCGCTTCGAGTATGGAATTATTTCTGATTAAGACATTTTCCGTTGGTTCTCGAACACGGAGACCGTCACTATTTCTTCCTGACTTGAGGACAATGGCATCATCGCCGGTACTGAAAACGTTATCCTCAATAAGGACATTTATTGAAGAGTCGAGTGCTACGCCATCGGTGCTTGGTCCGGCACTGGTCTCAATATGAACACCGCGAACAATGATATGTGTACTGTAGAGCGGATGAATCGTCCACATGGGACCGTTTTGTATGGTGACGCCCTCGACGAGTACGCGGTGGCAATTCATAAATTCGATGAATGCCGGGCGAAGAGCGTCTGCGACGGTTCCGAAAACGCGCTCGGACACGGGTACATCGTCGTCGCCCATTCGGTAGAGATTTTTGATAGACTTGTTCCAGTCACGCATCGCTTCCCACCAAACGGCGCCTTGTCCATCGAGCGTGCCTTCACCCGTAATGGCAACATTGAAAGCATTGGCAGTATAGATAGGAGCGGAATAGTTGTAATATTCAATGCCCTCGAAGCGAGAGAAAACGACCGGCAGATACTCTTCAAAGTTCGTGCTGAAAAGAATGGTCGATCCCTTTTCGAGGTGAAGATTGATATTGCTTTTGAGATGTATCGCTCCGGTGAACCAGGTGCCTTTGGGAACTTGGACGGTCCCGCCTCCGGTACTGGCGCAGTCCTCTATCGCTTTCCGAAACGCTTCAGTATCGGAGGTGATGCCATCACCCTTCGCACCGTAGTCGGCGATGGAACAAACTCTGTCCGGAAAACCCGTTTCCTCAATACTGAGCGAGCCACCGGAAAGTGTCTGAAGTGTGGCAATCGATGTTGCCAGCGGAATGGATTGCGATATATCCGGGAATTCCCGAGGGATTTCCGGTTCGGTCGGCAGTGTTTCTTCGGGAGAAGCTTCTCTCGTAAAATCCTGTGATGATGAGAATATTGTTCGTATCCGGTCTCCGAACAGTTTCCAACCTCCAAGGATAACTCCGACAATGCAGAGAGCAAAAAGGAGGAGAAGAATGGCTGTTCGACGCTGCTGAATCATGGCGGACGAGAGTTATTTATTCCGAGGATGGGTTTCCTAAAAGGAGTTGCTCGGCGGGAATCACTTTCACAAAATTTTCCGGGCGATTGCCGATAACGAACGTCTTTGAGGTCTCTTCGGTTGCATATGCTTTTTTGAAATCAATAGGATCGCTGCCGGGGTGAGAAAGCTTTGTGGTTCTGGATCGACGCCCGGACGAGACTACGACATAGTCAAAATGGAGATCTCGCAAATCTTTCTGACTGAGTCCGGTGCGGCACTCCCCGATAAAGACGGCGCAGACAGCCCCCTTATCCGCCCATATGGAGATTTCGCGGGGATTTGGCAGGTGGTTGAGAAAGTCGGCGGCTTCCCAACTTCCATCGCCCATATCCTTCAAATTGACGAAATAGGGTTCCGGAAGAAGAGATGATGTGTAGGCGAAATAGTACGGCTTGACGGAGAAAAGGCTGATGAATGAAAGAAGTGCCACCGCTGATATTGCGGCAAGGGAGGTGTGGGAATGCTTACGAAGGCGTTCGGACTTGAGAAGAAAAGCAATGCCAAGAGCAGCTAGAATAAAAGCGAAAGGGAAGATGGTTATTTGGTAGCGTATGGTGGCAACTACGTGATTGACGGTTGACGCGACGTAGTAGAGAAGGATAAAGAGCGTGATAAAGAAAGCTATTTTTGTTTCTTGTGACGTTATATACTTTTTTGTTGAGCCAAAAACAAGCGCTACAACCAGAGTAATAAGCGCAAACGGCGAAATGCCGAACATAAGACTATATAAATCGGCAACGACAGTGTCGGTAAAAATATACAAGCGTGAGCTGTCTCCTCCGGAGCCTTTCGGAGAGGCAAGCGAGGCATCGGTATTGAAGAGACTCAT
CP064989.1_gap5	141927	143313	1386	TTCTGGATCTTTTACATCTGGACGAATCCCAATATGTAAATGATCCGCACGAGATCCATCCTTTTGGTAGTATGAATGAACAGTGGCAATTTCCTCGCCCTTCTTCACAATCGTCTTACTCCCGCACCTCCTAGCATCCAGATAGGCTGCATCAGGAGTATCGTGTCCATAGACGGTAAAGAATACCTGCCCCGTATCTGTATAGTGACGGAGAAGTATAACGCCGCCTTTAATTCCAACACCACCATAGTTCTTGGCATCTAAACTATAGTCTTCCACACAACCATCAGCTATTGCAGTGATTGGCGTATAGACTTCGCGACACATATCATCGCCAACATGTCCGTCATACCCAACGGGATCGCCCGAGTATTGAGAGAACTGAGCGCAGTACTCACGGGAACGGAAATCTACGGGAGATGACCATCCGTTCTGGCGATAATCAGGAACGTCAGCGCCAAGAGCGAATGTGAGCCCCGGCATAATGACAAGAAACACAACTGCAAGAAACCTTCTCGGAAACATAGACTATCTCCTTTGCAGAAAGGGTGAAAAGTAATTTCGATAACGCCATCCTGAGATTGTTAAAGAACATTCCTTTGATTCTCTACTTGTCCCCAAATTTTTGGAAACAAGATGGAAAAACAAAGGGTTTCGAATTCCTAATATGCCCCTAGAAGAATCGAAATGTACCTAAAATAGAGGAAAAATAATCTGATTTACCATCAAACAAATAACTTGATCCACAAGTATTTATCTCAATAATATATTTATTATTTGTGAAAAAGGCACTATAGTCACTACAAATCGATGCCCAGCTGATAAAATTCTCACTTTGCCAAGCATTAGAACCGGAGAACAATTTATTAACTCCAAACCTCTCCACATCGGCATCGTGAGTTTTCCCGATCCACCCTTCAAAGTTATTGCTAAATTCTTTCGAGAAATCAAAAACCGACACATTGATAACCCAAGAATCTACAGCGTCTCCTCCGCCGAGAGAAGGATCGGAAATCTTCAATCCTCTCCGGCTATTGAACATATATTCCGTTTTCTGAGGATCCAAGTATACAACATTTCCTTCAGCCCTCACTTGATTCTTCATATTTTCCGGAACAGAATACTCGTCCGACAGTTTGAATTCGAATCCGTATTTTTCATTCCGATATGTCTTCCATGTTGAAGCATCGTCGGATTCTGAAACTGCTACATCCTCCACATTGTCTGTCGACTGAACAGGGTTCTTGTGTTCGCTTTGTGCATACTGTCGATCACGAAGAACACACCATCCTGCCACAGCGGCAGCAATCGAGACCAACGCTACGACACCAAGAATAATCCGCTTGTTTGAGGGCTTCATATGCGTGGAAATAATTTAATGTATAT
CP064989.1_gap6	144688	147294	2606	CATGCTCGTGTCGCTCGACATAGCCCACCAGAAGCCGCTCAGCTTTCTTCTTGTCAAATTCCGGGTCATCCTCAACCTTCTTCAGAAGTCCAAAATACGTTTCGTACGTTGTATAGTTTTTGAGTACATCAAGAATAAAGCGCTCTTCAATCGCTTGCTTCATCGAGTACAGCGAGAACGGGTAAAATTTCCCATCCACCAGACTCTGCACGCCAAAGAGCTCCAGTGTCTTCTGTTTCGGGGTGGCGGTAAACGCAAAGAAGCTTACGTTCGGCGCCTTCACCTTGCGCGCCTTCATGCGCTCGACGAGACGATCCTCGACCGTCTTGAACGCCTTTTCTCGATTCTCTTGCTCACGCTCAGCATCTTCAAGCGTCAGCACCTCGCGCAAATCAGCGGCCGACTCTCCCGACTGCGAGGAGTGCGCTTCGTCAACGATCACCGCAAAGCGACTGCCCTCGGTTGCATCAATAGACTCGACGATCACCGGAAACTTCCGCAACGTACTCGTGATGATACGCGTACCCTTCTCAAGTGCCTCACGAAGCTCAATAGAACTCTCCACATGCTTCACAACACCTTTTACCTGAGAAAAACTCTCGACCGTTTCGGAAAGTTGTCGATCAAGCACACGCCGGTCAGTAACCACTACCACGCCATCGAATACTTTTGTATCATACTCATCGTGCAACTCCGACAAACGATGTGCCGCCCATGCGATCGTATTGCTCTTCCCCGATCCCGCACTGTGCTGAATAAGATAGTTGCACCCCGGACCATTCTTCCGCGCATCTGCGATCAATCGCCGCACGGTATCAAGCTGGTGATAACGCGGAAAGATGAGTCTATTTTCTTTTGTCTTTTTACCATTCGGCAATTCCTTTTCCTCCCACACATCCTGTATAAAACGCGATACAAGATCAAGCACGCTCGACTTGCTCCACACATCCTCCCATAGGTAATGCGTCTTGTATTTCTTATCAGCAGGAGGATTGCCTGCGCTCTCTTTGTATCCTTTGTTAAACGGCAAGAAATATGTCTTGAGTCCCGAGAGCTTGGTGCTCATGAGTATCTGTTCGGCATCAACCGCAAAGTGCGTGAGGCAACGCTTGAATGACAAAAGTTTCTCTTTCGGATCGCGATCGGCCTGATATTGTCGCACGGCATTCAAAACATTTTGCCCCGTGAACTGATTCTTAAGCTCGGTAGTAAAGAGTGGCAATCCGTTCAAAAACAGCACCATGTCAATCGAGCTCTCATTCTGCTCACTGTATTTGAGCTGGCGCACCACGCTCAAAATATTCGCATCAAAATCTTTCTGCGCATCCGGGTTCATGCTCGTCTGCGGCTCGGCATACATAAGCCTGACCGTCACTCCGCGATCTTTCACTCCCTCTCGAAGCACTTTCAAAAGCCCTTGACTCGCAATCTCTTCATCCACCCGCTCCAAAAATCGCTCTTGCACATCGGCACCATACTGCCCCTCAAGCACCTGCCACTCATCCGACTGCGTAGTTCGCACGAACTCCAGCAAAAGTCCGGCATCCATCGCAAGCCGTTTATCATAATGCTCGCGCGGGCTACGAATACGATACCCATGCTTCTCCACGAGCTCATGCTCAATGAATTCTTCAAATCCTATTTCTTTGGTGTTTGTTCGTAAATCGGACATAGTACTATGATTTATCAAGCTCCGTTAACTCATTGATATGCTTCCAATGTATACTTCGAAAGATACTTGCTGGACCTACTTCAAGAGAAGGCGAATGCGACACCACTCCTACGACCTTTTGAAAGTTCTTTCTCATCACGATTGGGGCACCACTATATCCTCCCACAATCGGACCCGATATCTGAATTGTTTTAAAACCCGCTCCTTCGTCGTTCACATCATTACCTATTACACCTTCTGCATACGAAGGTGAATGTTTTTCATTGAGCAATTGTGTACCAAACGGAAATCCCGCGTAAGCAATCTTTTCACCAACATCAAGATGTTCGGAACATATCTCGAGACCCTCCAAAACCTCGTGTTCGAGCAACTTAACGTCATCATCATCGTTTGGTTCGATATTAAGAATCGCGAGATCATGCTTATAATCCAAAACACTAACAGTCGCTTTCCGATACGGTTTCAAATTTCCCCCAACAACAAGAATGCCTGTAATTTCAATTGGCTGGTTCAGAAGGTTTTCGACCACATGGGCGCACGTAATAAAGGATCCATTATCGATCCAGAAACCCGTGCCATTAACCTCAAGGCGTGGCGAGTCAAACCCTTTTGCTACAGGATTAAATTTTGGTTTGAGAATACCGACCGTACGAACCGCAGACAATAATTTTTGATTTGTAGACATATTTGTGATTTACACCCTCACCTTCCCCGTCACCACATGCGAGATGAGGGCGGATTTGAATTCTTGTAATAGGGTTGTCGACTTTTCGACATTGGTCATGATCTGATCAATGAGCATCAGTCTTTCTAAGAGATGGCTTACAATTTCTTGTTGCACATCAATAGAGGGGAGTTTCAGTTGGTAGTTCCGTACAAACTTGTCCGAAACTCGTTTTTGTCCTGCCGATCCGCGCATCTCAATTTCACCATG
CP064989.1_gap7	231563	232317	754	TCCTCAGTAAACGATAAGACTGGCAACAGTGCTCGTGATTTAAGCAAGAGAAGCCGCGAAGCAACCGAGAGAAACTGGGAAAGATGCGGGAGTGCAACATCGTCTTCCTGCGCAATATGCTCCAAATATTGGTCAGCAACTATCGAAAGCGCAAGACGAGTAACATCGAGCTTCTCCTTTTCTATAAGCGAGAGAAGAAGCGGCAAAGGTCCTTCGAATTGCTCCAGCCTCACTTGATACATGGCAAAACAACTCAGCAATTAACATCAAAACACAGAAAAGACAACAAGACGAGTCACTCAAAGAAAAGAGCGCGATTCATCATGATAGCTGCCCCGGTATGCGGACTTTATTGTACCACAACGCCAAAAGAGAAACCAAAAGCCCACCTGTTTCAAGCGGGCTTCCATAAGAAATACTGAGAGAGGGCAAGTATTTGGCTACTAGATCTGCACTCGAATGCCAGGACTCATAGTGGTTGTCAGAGTGGCAGAAACAATAAGTCTCCCCTTCAGTCCTTCCGGCTTCAGGCGTTGCACTGTCTCGGCAAAAGCCGTGATATTTTCGGCCAGCTGCTCTGCAGACATTGATACTTTTCCGACCGCCTGGTGAATATTTCCGGAGTCATCCGTCTTAAAACTCGCTTTATTCCCTTTCTTGAGCGCCATCACCGCATCCTGAATCTTTGTCGTCACCGTTTCGTTTTTCGGGTTCGGCATCAGTCCCTTCGGTCCCAATATTTTCGCAATCTGCG
CP064989.1_gap8	286057	286991	934	ACACAGTTACTCCAAGACATACATAATCGAATCAGAGGGAGTATTTCAGAATGAAAGGTAACGAATTGAATCGGCGTTATCACTAAGACATTCCGAACGCCAGTATTCGCAACTTTGCTAATGTCCTGCTGGAGAATATACCCCTCCCATTTCTGATCATTTAACGCGAAAGATGGGATGTTTACAACGTATTCTTCAGACATCTCATTTCTCCTTACAAGTTGTTCGAGAACTACACCTTCTCCCTACCGTAAATTCCGGCAGACATCACATTTATGTATACTTTTTTCAAAAGTTTTGTCAATACACGCCTGAAAGTTCCAAAACAAACTAGCCCTAAATGTGAAAACATATCACTTGCAGTGAGAAAAATTCATTCGTTCTCAAAATATCCGGCCAGGGCTCAATAAGAAATACTTGAATACAAATTTCCTCTCTGCAAGAAATTCTGAGAACATACGTACCAACTAAAGTACGACAATCGCCTTCTTCAACCGGTGAGTGGTATGTCGGATAATTTTTTAGAATAGTCGGTATGAAAAAGAAAAAGAATTTGATTGGATATTCAGTTGCCGTGGCAGTTGCCGCAATATCATTTGCAACACTCTCTTCGGGAAGCGCGCTCGCCGAATTCGGTTCGAGAAACATGGGACAATATGGACAAAATCGGCAAATGCGCGACGGCGATCAACAGGGCGGACCATTCAGATCAAACGAATCCGTTTCCGCCTGCGAGGATAAATCCGAAGGAGACAGCTGTTCGTTCTCCATGACGCCGCCGAATGGCAGTGATGCCGTCACTGTAGAAGGCACCTGTTCCAAAGCTCCCACAAGACAAGGTCAAGACGACGACACCGAAAGCGATACGCTTTCGTGCATGCCGGCACGAAATGAACTCATGAAAAACGCTCCCGATGGTGCGAAAGTCACCTCG
CP064989.1_gap9	290367	293771	3404	AGCACGCGAACATACGAAGAACATTGTCCCTGTCATTGAGTCAGCTCTCCGAGAAGCATCCGCTTCTATGAAAGATATAGCGGCTATCGCCGTCACCGCAGGACCCGGACTCGCGCCCGCTCTTCAGATCGGCGTCACGGCAGCAAAGTCCCTTGCCTATCTCTGGCGGAAACCTCTTCTTCCCATCCACCACATCGAGGGGCACATCTACGCAAATTTCATCAAAGAAGAACAGCCGGCAACCGGAAACCCACACAATAGAAAGAGCTACCAAGAGTCAGAAGTCGGGAATGGGGAGTCAAAAAATTCCTTCCCTCTTCTTGCTCTGGTTGTATCCGGAGGACACACCGAACTCGTATTCATGCGCGATCATTTCACCTATGACATTCTCGGTGAGACGGAAGATGATGCTGTCGGCGAAGCCTTCGACAAAGTCGCGAAGATGCTCGATCTTCCCTACCCGGGCGGTCCCGAAATCGCCAAGAGAGCGGATGCATTCCGAAGAAGCGCCGCATTCTCATCGCACAATTCGGCAAATTTTTCTTTCCCGCGCCCAATGAAGGAAAGTGGTGACTACCGATTCTCTTTTTCCGGACTCAAAACTGCGGTGCTCTACTTTCTGAAGAAACACGAGACACAAAAACAGATGGAGAACTTCATCAATGCTGTCTGCTTCGAATTCCAAGAGTCCGCGCTCGATGTCCTCATCGAGAAAACTCGCCGCGCCCTCGCGGAATACCATCCTGAAACTGCCATCATAGCAGGTGGCGTCTCAGCAAACATCGAGCTTCGCCACCGCATGGGCGAGATGATTGGGCACGATTTTCCAGATACGTGCTTCCTCATGCCACCTTTCAAATATTCCCTCGACAACGCCGCGATGATCGGCGCGGCAGCAGTCTTCCGATGGGACTGCCTATCAGACACAGAAAAGAGCCGGACGACTACACTATGGAGAACACTCCGAGCTGATCCCAACATGAAACTCTGCAGTATCGGCGTAAGATTATAGGCAGCACATCTGCTATTACACCCTTTTAACGCCACATATATCTGCTATCACCCTCCTTCCTGAAGACATTGCTAAAGGAAAAAGAAAGCAGCAACAACTATGCATTGCTGCTGCTTCTTTATTCCATCCAAAACGAAAGCTCGAGTTAAGGCACTATCGGCTCTTCCCACCGGCATTTGACGTGGAAGCACTCGCCGTTGAAGAAAATCCGGACTCATTCCCGGCAGCATCCATCGCCTTGACCCGATAACTATACGACGTCTTCGGCGAAAGGCCAGCATCAGAGAAAGCTGCAGTCGAACTCGTCGAAATCTCTGTCGTAGGAACACATTTCCGTCCGGAACATCGGTATATCTTATATCCCATCACTCCAACATCGTCCGTTGAAGCCGTCCACGAAAGGGAAATTTCTGTTGCGGAAATCGTCGAACCAGAAAGATTCGTTGGAACCGATGGCGGCGTCGTATCATTTTCAGAAACAACGTCAAGTGTCTTTACGGACACTTCGCTCGATTGAGCACTTTCCAATCCCAACGTCCCCGCTGCTGACACCGTATATGCATAAGAAGTATTTGCACTCAACGATTTATCGGCATATGACGTCCCGGAAGAAACCTCTGCGACATTTTTCCCATCTCGATACACCACATACTTCACAATTTCCATATCCGTATTTGCCGCCCACGAGAGGTCGATCTCGGATGTAGATACCGGAACAGCCGAAAGTCCTGTCGGCGCCACAGGCGTGTAGATCGACGTAGGTGGTGGTGGCGGAGGTGGCGGAAGCGGCAATCCGGAAGCTGCCGATCTATTTTGCGCATTCCGACTCATCACCAGAACAACCCCAACAACACTGCCCGCGACAAACGCAAATACCGTCATAAACTGCATAAACCGCTTCCCAGAGGAGAACGGCCACAATGCCCATTTCGATAAAGCACTAAAAGAGGTGGTCGCCGCACGATCAATAGACCTCTCCGACGATTCCGCATTTGATTCGAAGCCGCTCTTCGAAGAATCCATAAATTAAGAAATAGATAAGAATTGCATACGTTTACACCGAGAAGTATAGCACAAAGAGAGCGCTTCAAGAGAAGAATCCATGCGCAAGCACTGTGCCAGAGTGCCTGCAGCACCTCAACCACGAAGGCATTGCAAATCAGATACTACCTTGAAATATGCCCCCTTCAATGATACTATTTTCCCATATGAAACAGGAAATACCCAAGACCTACGAGCCGAGAGACTACGAAGATACCGTCTATCAGACCTGGGAAAAGAGCGGTTTTTTCAATCCGGATACCTGCATCGAAAAAGAGGTGACACCTCCCGATGCGACGCCATTCTCTATTGTCCTTCCGCCGCCCAATGTAACCGGCACGCTTCATCTGGGGCACGCCGCTATGCTCGCGATTGAGGATATTATGGTGCGCTACCATCGAATGCGGGGCGATCGGACGCTGTGGCTCCCCGGTACCGATCATGCCGCCATCGCAACCCAAGAGAAAGTCGAGCGCATACTCTGGAACGAGGAGCAGAAAACCCGCCATGATCTCGGGCGCGAAGTTTTCCTCGACCGTGTCAGGAAATTCGCGCAAGATTCTCACGACACGATCGTCAATCAATGCAAAAAAATGGGCGCTTCGCTCGATTGGAGTCGAGAAGCCTACACACTTGATGAGGCACGGAATCGCGCCGTAAACGAAGCTTTCCGCAGGATGTTTGAAGACGGCATCATCTATCGCGGTCCGCGCATCGTCAACTGGGATCCGAAATTTCAAACCACCGTGTCCGATGACGAAGTAGACCGGCGCGAAGAGAAAGCGCCGTTCTATTACTTACAGTACGGTCCCTTTGTAATCGGCACCGCTCGTCCCGAAACAAAATTCGGCGACAAATACGTTGTCGTGCATCCGGATGACGAACGCTATGCCGCCTACCAACATGGACAAAAAATAGAAAATATCGAATGGATAAACGGCACTATCACCGCCACCCTCATCAAAGACGAAGCAATCGACATGAATTTCGGTACCGGCGCCATGACAATAACGCCATGGCACGACGCGACCGACTTCGATATCGCCGAGCGACACAACCTCGAGAAGGAACAAGTTATCGGCTATGACGGCAAACTCCTCGATATTGCCGGCGAATTTGCCGGTATGGATATTTCCGAAGCACGGACGAAGATCGTTGAGAAACTCCGAGCAAAGGGACTCGTCACGAAAACAGACGAAAACTACATTCACAATGTCGCTATAAACAGTCGCGGCGGAGGTATTATCGAGCCGCAAATCAAAGAACAGTGGTTCATCGACGTCAATAAGGAATTCAACCGTAACGGAAAAAGCACAACGCTCAAATCCCTCATGCAAAATGCCGTCCGCTC
CP064989.1_gap10	356107	360320	4213	TTCGCAGGTATGACAAAAAGGAAAATACTTCCCGTCAAGCACAGCTGAAATTTCCAACCAAACAAAAAAGCCCCCATATATATAGAGACTTCAAAAAAAATCGAGGGCGGAGGGAAATTTATTTCCACACCCGCCCCAACTCACTAGCTTATCCTCGCTGTCCAACACGAACGACGCTATTTGTGCTTCGAGAAGGCAGGTACCGCCCCTTACAGGTCCTATCACTCCACTGATGAGAAATACTCCCAAAATCGACAGGAGTGATAACAACCCGCGATCCATCATTAATGGTCAGTTGCCTGACCTCGATCCGACGGCGATGAAACACACCATCCGCATCGCGGAAGCCATGGCGAATGACAGTTACTTCTACTATCTTACTCATTCTCACTTTCTCCCGAGTAGGTCGCCTAGCGACCGGTTAGTTTTCAGTCTTTCCCAAAAAATACATCTACAGGAATCGCATTACCTGGGATTCCCTGAATCAACGCCCCGAACACGTAACGCTTGTGAGCAGGGACAACGAAACATTTCACATCTCCATCCCAGATGATAGTCCACCCATCGTGAGACTGTGTATCCATGGTAGACTCGCAAACAAATACCTCTCCTGGAATGCCCTTCCACCAAAATAATGCGTCACAACTGAAATAATACGACTTCCATTTGGAATTTCCGGCTGCCAACGAATAGCCCCCGAAAGGTACCATTTTAATTGCCATCTCCGTTGATCGAGTTTACCTCTGTTTACCATTTTCTTCCTCCTCAATGAAGACTATAAACAAAACAAGAAACCACTTTCCGATACGACGGAGAAATTTCCACGGACACAATCAGATGCCTGAATCAGCCGTAAAACCACCTCTCCGCCGTATCGGGTGAATTGTCAAAGATCCACACAACCGGGATGATAGCATATCGCCCATGTTTTGTCAATATATTCGGACAAATACAACAAGAAACAAAAAACGGCTCTTTCAAGCCGTTTTCAATAAAAAATCACTGTTTTAACACTTTACTTGCCTTTCCTCCCCGCTTTCACACGGTCATTCTCGGTAAGGTATTGTTTGCGAAGTCGGACACTTTCCGGAGTGATTTCGAGATACTCGTCGCTTGCCATCACTTCGAGCCCGCGCTCGATCGAAAGCGTCCATGCCGGCGTGAGCTGGATCGCATCGTCCGAGCCCGAGGCACGCATATTGGTAAGCTGCTTGCCCTTGGTTGGGTTGACACTCATGTCATCGCCCTTCGAGGCATTGCCGATTACCTGCCCCTCATATACATCCGTGCCGGCGCCAATATAGAGCGTGCCGCGTTCCTGCAGATTCCAGAGCGAGAAACCGAGCGCCTTTCCGGTTGCCATAGAGATCATCGAGCCGACGCTCCGGTGCTCGATATCGCCCACATGCGGACGAAATTCCAAGAACCGCGACGAGAGAATGCCCTCGCCCTTTGTATCCACGGTGAATTGCCCTCGATACCCCAGAAGTCCGCGCGTCGGAATCTCAAAAAGAAGCCTCGAATCATTGCCCTGACCCTGTTTCATATCCGCCATAATACCCTTGCGCTTCCCCATTCGCTCGATCACCGCGCCCGAATATTCCGTCGGCACATCCACCGTCACTTCTTCAAATGGCTCGCATTTCTTGCCGTCAATTTCCTTCATGATGACTTTCGGCTGAGAAACCTGGCACTCATAGCCTTCTCGACGCATCGTTTCAAGAAGAATGGCAATGTGGAGTTCGCCACGTCCCGAGACAACAAAGTTCTCACTCGAATCAAAATCTATTTTGAGCCCCACATTTATCTCAAGCTCGCGGCGCAAACGCTCGCGAAGCTGCTCGCGTGTTACAAACTTTCCTTCACGTCCGGCAAACGGCGAATCATTCACCAGAAAATGCAGGGTGATCGTCGGCTCGTCAATCGCGATCGACGGAAGATTGTCCGCTTCTTTGGTGTGCGCTATCGTGTCACCGATATATACATCGGCAATACCGGCAATAAGCGCAATGTCTCCCGCAGATACCTCCGGCGACTCCTCGCGATTCATACCGCGAAAGGTGAATATTTTGGTAATTCGCCCCGAAGATACTTCGCCGGTCGGCTTCTTCGCGAATACCGTATCGCCCACCTTTGCCGAACCCTCATAGACGCGACAAATAGCAAGACGTCCCAAGAAATTATCGTACCCGAGATTGAAAGGCTGGGCGCGGAAAGGAGATGTCGTATCTTGCGCTGCGGCCGGCACCGCCTCAAGCACCGTATCGAGAAGCGGCGAGAGATCATTTGAATCGTCCGTCATGTTTCGCTTCGCAATTCCCTGCTTCGCAATCGCATAGACGGTCTTGAAATCAAGCTGTTCGTCCGTCGCCCCGAGATCAAGAAAGAGTTCGAACACCTGATCAAGCACCCACTCCACGCGCGCCGCCGGCTTGTCTATCTTATTTACCACCACAATCGGCTTGAGCCCCAGTTCGAGCGACTTCTTGAGCACAAATCGCGTCTGCGGCATCGGGCCCTCCTGCGCATCGACGACGAGCAATACCGAGTCGATCGATCGGAGCACTCGCTCCACCTCGCTTCCAAAGTCGGCATGTCCCGGCGTATCAACAATATTGATTTTCGTATCCTTGTAGAAAAGCGCCGCGTTCTTGGAATAAATCGTGATGCCGCGCTCTTGCTCGAGCGCATTGGAATCCATGCTTGCCCCCTCTTCTGTCATGCCCGTCTGGCGCATCAACGCGTCGGTCAAGGTGGTCTTCCCATGATCGACGTGCGCGATAATAGCGATATTCCGGATTTCCATAAGCAGCACAAAAAATTAAGAGAAACACGAGGAGCGAAGAGCCAACAAAAAACGGCTCCCGCCGCTCGAAGTCTTGACAGACTATCAAATAAATCACCATTTGTCAAAAAAAAAAAAAAAAACATCCCGAAGCGCATTGCGCACTTCGGGATTTACAAGCACAGCCTGGACCGATTTCAAATAGACTCAACCGCAGCGCTATACGGAGAGATCTACGAAGAGGTGAGTGCTTTTCGAATGCGCTGCACCATATCGGGAAGCGAGACATTCGATTTCACGATATAATCAAGCGCGCCCAACTCTTTGGCACGGGCAATATCCTTTCCCTGGCTCAGATTCGACATTACTACCACGCGGATATCCGACAACGCCGCATCAGCGTGTAGCTCTGTCAGCACCTGAAAACCGTCTTTGAGCGGAATCATAATATCAAGAAGTACGATATCCGGCTTCCGATCGCGGATCTTCCGAAGCGCCTCCTCGCCATCCTTCGCAAGATCCATCTCGAACCCCTCCAAAGCCAACTTCTTCATGTAAACATCCGATATAAATTCATCGTCTTCAACAATAAGAATGGAATTTGATTTGTCCGATGATTTTATGTCTTTAGTTGCCATAGGAAAATACAAAAAACTATTATTTTTTCGCAAGCGGAAATATAACGAGAAACGTCGTTCCCTTTCCTTCTTCACTCTCAAATGAAACCCGACCGCCCATCTCTTCGACAAAATTCTTCACCACAGCCAATCCCAAACCGGACCCCTCCGTCTTCCAACGAAGCGCATTTGAAGCGCGGAAAAACTTCCCGAAGATTTTCTCGCGCTCCGATTTCGGAATGCCGATCCCCGTATCGGAAACGGAAAGACTCACTTCACTATCCGAAAGTCCTTCCAAGGTAACCGTAACGACAGACTCCGGACGGCTGTACTTGACAGCATTGTGAATGAGATTCTCACAGATTTCATGGAGACGCCTCGGAAAAGACTCTACCTTCCACCGGCTTGATTCTTTCGTCGGAGAGAAATCAATGTGCACACCGGATTTCTCAGCAAGCGACTGCAACTCCCCAATCACCGATGTTATTGTCTCAACGATCCCGACGGCTTCCGCCGATTCCGGATCCTGCCCGGAGTCAAGGAGTGCGACATTCAAAAGATCGTTAATAAGCCCGATCATCCGAAGCGTGTTCGCATGTATCTTCTTCACCGTGTCGGCAACTTCCGGAGAGATATCTCCGACATCACCGCCCAGGAGCATCTCCATATTCCACCGCATCCCCGAAAGCGGGGTTCGCAACTGATGCGCCGCAACAGAAAGAAACCGGTCCTTTGCACTATCCATAGCTCGTTCCTCCGTCATATCCTTGAGAACGATCATGCACCCGAGCAGTCGATCGTTGTCGGAGAA
CP064989.1_gap11	415526	416087	561	TCGAAATCCAAAGGAAACCTGTACACATTAGAAGACATCGAGGACAAAAACTTCTCTCCCGCAGACCTTCGCTTGGCGCTCCTCTCATCACACTACCGTTCACAGATGAATTTCTCATGGAGTGCTCTGGAACAGGCTCGTATCAACAAGAAAACATTTGAGTCATTTCGAGATCGTCTCAGTATCGTTCCCGAAAAACACGTGGGCTCGAAAAACTTTGACAGCGCCTTCTATAGAGAGAAGTTTCTCGAGGCACTGCGAGATGATCTCAATACGCCCGAAGCACTCGCGGTCCTTCTTGCCTTCATTCGCGAAGGAAACAAAGCTCTGGACACAGAGGCAATCACAAATATTGAAGATGTGCGAAAAACATTTCTTGAATGTCTCGACCTTCTCGGTCTCATCCTTGAAGAATCAGGGTCCATTCCGACAGAGATACGCCACCTCGCCGAAGCGCGACAGAAAGCTCGCGAAGAAAAAAATTTCCCCGAAGCCGACCGACTCCGGGGAGAAATAGAACGCGCAGGCTTCACCGTGGAAGACACGGCAAACGGATTTGAG
CP064989.1_gap12	422084	422758	674	CCAAGATCCTGATAATCAGCGATATTTCGACTCAGAAAAGACAGCTTCTGAGTTGTTCCGACAGCATACCCAGCCTCACGAATCGCTGTTTCCACATGCTCCTGATTCGGTTTCTCCGCAGCATAAGAAATTGTTGCTACTCCCTTCCGGTATTGCACGTCAGCCTTTTTTATTCCGGGAACTTCCAAAAGTTTTTCTTCAATCAATATTTCACACGATCGGCAATGCATACCGGCAATAGGGACACTAAACGTTCGATTATTATTCTTCGTATTTGATGTCATAAGAAAAAGATAGAGCAAAATAAAAAACCTCGAACCAAAACAGCGAGACATTCGCCGCAGCTTTCCGAGGCAAAAAGAATTCTAGTGGGAAATTTTCGCGTGCAGCACGCCCGAGTAGAAAGCGCGCAGGAACGGCCGAGAAAGAGCCGCCCTCGCATCGAATCGTTCCGGAGGGCGAAAGAGTGTCCGATGAAACTCAAAAAGCCGATTCCACTTGAAGAATAACTCTTTTCTCTGTCCAAAGTTCAGAAGAGTTGCTCCAAGAAGAACAAAAAAGACAACCGGTAACGACGATGAGAAAAAATCCCTCCACGAGGCAATATGATCAAAGAGGCTCATACTCATCGTCCCATGTTCAGCATTCTGAGCGTGCACACCAAGAGAAAGACT
CP064989.1_gap13	557512	558783	1271	CCGTTTCCTCCAACTCACTTCTCTCAGATATAGCCTCTTCTCGGATACAATCAAGGAAATTCTTTTCTTTGTACCAAGATTTCATTTCCTCCTCGCCAAATTCATGGCAGTTTGGTTTTGTTTTATGGCGTTTCAATGTTTCTTCAAACGAAATATCAAAATAAAAGAAGAAATTTTGCACAGGGTGTTCGGCAAGAATTGATTGAAACATTTCCTGATAACGGTCCCGATTAAATATCCCTTCCATGATAACGTTATATCCTTCTTGCAAAAGGAGAATCGTTACTATTTTGATGAGTTCCGCATTATATCCGCCCTGTAGATCTCTTTCTTTAAGGATAGTGCGTCGAAAATAGTCTTGCTCTACATACGCCATCTTTCTTCCTTGTGCTAACTCGCGATCCTGTATTGTCTTGGCAATCGTACTTTTCCCTGCGCCGGATGGTCCGCGAAGAACGATAAGTGTTGTAGCATTTTTCATACCATCAACTTTCTTTCCCGAGCATTTCCAAAATTTTTGGTATCTTTGCGAAATCTTTCATGAGTGTCTCGCGCATGGAGCCATTGTAGAGCGCGGCGGCAGGGTGATAGAGCGCATAGAAGACATACGTGCCGAGATTGGGCACGTTTCGGCGAAACGCTTTGCCATGCTCAACTGATATGCGCTTCCCCGGCACAAACCGTTCGAGCGCATGCCGCCCGAGAAGAATGATGATTTTCGGATCAATAAGCTCCACCTGCGCGCGAAGCCATGGCCAGCACGCGGTAACTTCTTCGGGAAGTGGATCGCGATTATTCGGCGGGCGATACTTCACGACATTGGTGATATAGATATCGTCGCGCGAAAGCCCGACAGACCCCAACATTTCATTGAGGAATTTCCCGGCAGCGCCCACAAACGGCTCACCGGTTTCATCTTCCTTTTTCCCGGGTGCCTCCCCAATAAAGAGGATATCAGCGTCGGCACTCCCGATACCCGGAACAACGTTCTTCGCCGAGTGTCGCAGCTCGCATAAACACGCTGCCGCCATATCACTATTCAGCTTTGCGAGCGCCGCTTCTTTCTCCTCACGTTTCATGACAATTGTGGATAACTTGTGAAGAAGTGCCAATTCCCATTCCATAACACCTTTTCCCTTCGCTTTTCCGGTTCTCCAAATTCAATCCTCCGTCTTCCTGTTTCTATTTTTTTCATCATGATTATACCACCGCCCAGCCATCCTCCAGACGCGTAATCTTCCCGGGAACCTCAAAACCGCTCGCCAAGCGAT
CP064989.1_gap14	591087	595250	4163	GGTTATTTCACCCAAATGAATTCCAAATCAACAGCAACACTTGAGAATTCCACGAAAGTATATGCCATTAAAAAGCCCCCAACAAACCCATTTAATCTGTTTCTCCACTTCTCCACAGTACTAATAGTAATAAAAATTAAATATATATATAAAATTCATTATTCATTAAGTAGGGGGAGATAGGGTGAACAAATCTTTCTTTGTGCTAACACAAGAGTACTGGCATTTTCGTATACGACGTATTTGCTTTACATCTTTATTTTGAACTGAGAATTTTCGTGATATACTTTCCACTGGAACACTGTCTTTGTTTTTCGATGTGTGAGAAAAAGAGGTAAAACAAAAAAATCATTTTTGTTTAATGCGATTCTCTTTCTTCAGAGTCACCCTGCTCTGTTTTTCGCTCTGCTTGCAGGGTGTTTTTTGTTGGTTCCGAGCGGTCAATTTGCTCAAGCTGGCTGGTTTGAGAATTTGGCATCGCCAAGAGCGTGGATTAATGCTCTTGTGTATCCGTTTTTTCTGTTTTTTTCGTGGATTGTAAATTTGGCGGCGGGAATTTTTGTGTGGGTGATTAATGCGGAAACTTTTACCAAGCTCATGAATGCGGGAGCTATTTATGAGGTATGGCTTATTGTTCGTGATTTTCTTAATATTTTCTTTATATTGGTACTTCTTTTCTCTGCTTTTGCCACGATATTTCAGTTGGACAAATATGAATACAAGCGAACTATACCGATGCTGGTTATTATGGCTCTTTTGGTGAATTTCAGTTTTCCGGTGGCGCGATTTGTGATTGATTTGGCAAATGTGCCGATGTATTTCTTTTCGCAGAATATTTTTGGTGTTGATGGCCCCAATGAGATTACCTCGGGAATATTAAGTGGTGCCAAGATGCAGAACATTCTTATTCCGGGGGTTGATGATAAGTCCTTGAAGGACTTTGAGACAACACACCTTCTTGCAGCGACTATTTGTATGTTTTTGTTTGGCATCTCTTTCTTGGTATTGTCGGTGCTGATGTTGGTTCGAATGATTGCGCTTGCTATTTTGGTGATGTTTTCGCCAATTGGTTTTGTGGGAATGATTACCCCGGCGCTCCAGGGCTTTGCAAAGGGCTGGTGGGATAAATTGTTCAAATGGGCATTTTACGGACCGATTGCAGTGATGTTTGTATTGGTGTCGGTTATTGTCATGAAATCGGCAGGAGACTCTATATATCCCACTGCAGGTGCGGGTGGCGCCTTTCAGTCTACAGGAAGTTCGGTGAATGATAATATGATATCTGCTGTTGCTTTCTTTACGATTCCAATTGTGCTTTTTTGGATCGCTATTACCTCCACAGAAAAATACAGCAATGATATATCCGGCTTGGGAATAAAATGGGGATCACAATTGGGGAGAAAGGCCGGGAATTTGGTTAGAAAGGGTGCGGTAGGGACGGTTTTATATATTCCAAGGCAATCAGGAATTGTTGGTGGCGTGGAGAATGCTTGGAAAAATAGAAAGTCTTGGTGGCTTGGAGGTAGAGAATCAAAGGAGGCTCGGGAGAGGCGAGAAGCTGGGTGGGAAGGATTATTTGGAAGTGCCTCTCATCCTGTAGAAGGTGTACGAAAGGCTTTGGATGAAAATACACGAAAAAGGGTTCATGAACTTGCTGAAAAAAATAAAAAGGATAATCGTTCGTATGCTGATCTTCAAAGGGATCTTGAGTCTAAAGATGAAATCAAAAAACGAGCTGCAGCAATTACTATGGCGGACAAGGAGATGTTTGAAAGTGCTGAGGATTTTTCAAGAGCACTTGAAGCTGCTGGTGGTGATATTGACAGTATAACTAAGATTGTACGAAAAGCTCCTAAAGAAATGTTGCGGTCGGGAGATGACCTTGCAAAGGTGCTTGAAGCAGTAAATACTGCAACGTCAAAGATACCAGGAATGCGACCGGTTGCTCAGGCTCAAATAAAATCTCAACTTATTGATAAGGCGGGAAGTGGAGCTCTTCCATCGGCGGATACTATTGGTGGTGCTCAGTATAGGAAGATTCTTAAATCTTTGGGGGGTGATTCAACTCTTGAAAAGACCTTGGAAGGGAAGATGAAAAAGGAAGGACGATTGAGGGCGGTTCTTGAGTATAGGTTGGGAGAAGCTGGTACGGATGCAACAAAGAGGCAAATGGCATACGAAACAACATTTGGGAAACTTGATTCGGAAAATCTTGGGAAGCAAGGGGGATTAATTGGTGATTCTGGTTTCAGAGATTATTTCAAGGGGAGAATGAAGAGTGGAGAGTACAATGACGACTTTCTTGAGGGATACTTGCGATATACTGGTGGAGGAAATAGGAAATCTTTCGAGAGACATGTTACTTCCCCATAAGTTGCATTAAGCGTGTTACAGGTTGTACCTATGGATGACGCTGAAAATTCAAAAAAAAGAAGAGTATGTCGTCCCATGCTGACCAATATTGACTTCTTTGGAAAAGAGCTTTCCGAGAGTGAATTTAATGGTTTGTGGGGAATTTTCGATACCCTCTCGGAGGAAGTAAAAGATATTTTGACGACGCCAGAAATGTCGCGAAGAATTGAGTTGCTTCAAAAAGAACGAGGCCTTTCGGACGAGCATATTGAAATTATCTCGGCGATTATCCGTGAATATTTTCTTCGGAATAAAGATGTAATCTGGCTTCAGGATGCTCTCACGCGCAGACTTGATCAGAAAGACGTGGTATTTGTGAAAGAGTATATTCAAAAGAATATTCTTACGATTAAGCCAGTTCCTAGGGTGCTGTCAGAAAATGATGGGTCTTCGGCGGTGCAAATTGTCCAACTTCCGCTTCTGGATGCATTGGCGAAGTATCAGCGGCTGTCGGAGCAAACAGTGACGGATGATCGTATCAGTGTGAAGGGGGAATCTGCGCCGGTTCGGGGGTCGATTCGGAATTGGTTGCGGCACTATCGTGATGCGGTGGGTATTCGAAAGCACTCGACAATGGAACGAGGGCAATTTCTCTTTCAGGGAGAGAATACGAGGCGACTGTCTGCTCAGGATCGGGAAAAAGTATCTTTTCTTCTCAAGGCGCTCGATGAAAATACCCCAGTGCCAATTGATAGCAATCGTCAAGAACTGATGTTTCCCGCGTTTCAAGATCGGGGAAGCGTCAGTACGCAACCGGTGACGGAGACTTCTGTTCCGGCGCTCGAGACATCATTTCGTCCATTGGAAAAGTTTCCAGCACAGGCGGCGCCTATTCAGAAGGCGCTTGAATGGAAATCGAAAGAGAAAAAAGAAAATATACCAAATCAACCCCCTCAGCCCGGTGGAATATCCGCCCCGGTGTATGCTTCAGTCGCACCTTTTCAGTCAAAAGCTCCCGCTAAAGGGGGTATGAGTTTCAGCTCGAGCCATGTGCTGCCGCATGAGAAGGAACAGGAAGCAACGAAGAGTCGACAGAATTCAATTTCACATGTGTCGGAGAGTTCTCGCGATCCGGAAGCAATTAGTGTCATTCGACCTCGCAGAAGTCTTCATGGTGCTCAGCGGGAGTCTGAATGGTCTCAGGGAAGTGGCTCTGACGCTTCTCGTGTGGTAAACTTACGGAGTTCGAGAGAGAAGAATATTCAAGGAAAGGTATAGTGTTTTCTTGGAGAATTACCGAGAAGTATCTTATATGTGATTTGGATAGCGGCTTCTATGCTTTTTAATGTTCCGCAATTCATTGATGTTGAGGATAAAGTGGCGGGGCCGCTCACAGCAAAACAAATACTCTGGATGGTGGGAATGGGAGGGGTATTGTTTATTGTGTGGACATTCCTCGATACGACCACGTTCTTCGTGTTTTCTATTCCCGTCATCATTATTTTCGTATTGTTTGCTTTTTATCGTCCGTATAATCAGTCACTCCTCTTCTTTTCGGTGAATGCAGTCCTCTTCTTCTTTCGGCCGAAAGTGTATACATGGGATCGCCCGGGCGTGATGAAGAACGAAGTCTCGAAGCCAAAAGAGGAAAAAGCAACACGTGAGAGTCCAAGAGCTCTCTCGGTCGAAGAAATACGGAGCTTGGCAAAAGTGGTTGATAGGAAGTGATGGAGTCTATTTTTTCTGGGAAAGTGCCTTCTATAAAGTGGATGATCGTATGGAAACATTGAGCGGCGCCAAAAAACCAGCAA
CP064989.1_gap15	600086	602525	2439	CGGATGTGAGCATTTGTTTCCGGATAGTTATCGAATAGATGGAAACGGTAGAATCGAGCGGGATGGGAATATCGGGGAAAACGACGATGCTTTCCCTATCGACGAAGAACATTTCTGGCGGACTGACCCGGAAGATCCGAGTACGGCACAAAATGGCAATAAAGACGAAGCAAATATAGCGGGTCTGGGACAAGGCACTTTTAAGTGGACCTATCAACCGGAAGACAGGGTTGGCGTGGTTGTGGAAGGGGCGTCCCTCTATACGACGAAATATGATGATTCGAGCATGATGATCATGTGGGCATTGCCGAAGAATGTCTGTGATGTTGTCGGGAAGGGAACGAAGCAGATCACCACGAAAGGTTTTTCGAGCAATGAGACGGCGCAAGTAACTATAAACACATCAACGACCGATATCAACGATTGCTTGGAAGATAACCTCGTTGATCCGACTGAGGGCGCGCAAGCGGAGAATGTTGATGTCTCGCTCTCGTATGAACCGGAATCGCCTTCAGCGAAGTTGATTCCCTGGGGAGATAGCACGGTGACAGACGCAAAGACTATTGCTCAGACTGGCGATATCCTTACAGTACATGCTTCCTCTTCCAATACCGGGCAGAGTGCGGCGCTTACCAACTATACTTGGCGTGTTCAGGCGAGTTCGGACGGCACCTTCAATACGCGGTTCAGCGATGAGAATGTGTGGACGGATATTACCGAGGACCTCCAAACAGCGAAAAATATCAGCATGCCGAATGGCAACAATATCTCCTCGCTTTCTATTAATCTCAATTTGAACAGCGATTCGTACACGGATGAACAAACAAACACGGTTGTTCCCGGTTTTGGCGAATACTTTGTTGATGATGCGGCGTACCTTCGAATTACCGTAAGTGCGACGACAAACTTTTCCGGTTCGGTGAGTCAGAGCGGATCAAGTTCGGTGGTGGTGAAAATTGTGGCGAATAAGTCTATTGACGTCTACGATGTGGATACGGTGAGTGATTCGGCGACGGGACTGATCAGTGTCAAGCGAAACGACACGGCGCTCTGCACAGCGAACACATTCCAACAGACGATTTGTCCGGTTTTGAACAACCAGATAGTCGGAGTGTTCCTCTCAACGGGCGAGGGAGAGGTGCGCGATTATGCCTGGACACTGAATGGTCAGTCCCTTGCTTGTACCTCTCGGGTGTCGGGCGAATGTAACGACTCGAAGCAGGGGGCGGTCAACTTTTTCCCTGTTTCCGGGAATGTCGGGGATATGTATGTTGTAACGGTAGTGGCGAACAATGCTGAAACCGGGAAATCGTTTACTGTATCGCGTCGATTTCAGATTGTGGATCCGGATTTCGATATCATTTCCAATGAAACTGAAACGGCATGGCCGAAGTATCTCGGCAAATATGTGAATCTCGACGGATCCGAATCCGATGATATGAGTAAAACCTCGTTTGAGGGAGTTGTCGGCGGTGTTGCGCAACTCTCCGCAGTGTTTCGCCCGAGCGTGCTCGGGACGTTCATCTTGAATGGTGTTGAATCGGGAGATGATCAGAGTGAGATGATCTGGTCGATCAATGGCAGTCCTTTCAAGTGGAATGATACCGGACTTTCACTTGCGCTCGACGGCAATGTCGGCGACATCTACACGGTGACGCTTTCCGGCGCCTACAACCAGCCACGCAAATTTCGGAAAGCGCTCTATGATATCTGGCGTATCTCTCCTTTTAGCTCCGAAACCGTGCGATTTTCAAAAGAGATTCAGATTCAATTAGTCACGCTGGAAGGTCAGGAAGATGCTCGCGGAAAATCGAACACATTCTTTGCCTCGGTCTTTTCCGCTGTTCCGCCCTTTGTGCTCTTTTCCGTCCGACTCATTCTCTCGATGGGCATGATTCTCCTTATTGTCGGCGTTGTGTTTTCGCTGGCACCAGAGGAAGAAAGAGGTAATGTAAAATAGAAAAGGAGATCGGGAATAATAAGAGTGCGGAAGCTTCTTATCTCGTACGCGCTTGGGGTTGCCATTGAAATGAAACTTTGTATGAATTCTTTGAAGAGAATTGGGGAAATAAGGATTTTTTTATTTGTATGCATGTCTATTTTTTTGTTTTCTCATAAAGTGGCATTTTCAGCCAATCCTGCAACACGAGCTGAATGTCTTGTGTATGTTTCAAAAACAGCTCAGTGTAAAAGTACTTGTGATGGTCTCCAGCAAATAGGAACGTGTAGCGATGACACTTCGGGGAATACTCTATGTTGCGATAAAATATATCAGGAAACAGCCGTGGACGATGTTTCTTGTCATGCTCAGGGGGGGGTCTGCGTGAGGGATAGCGGTGCCCTTGGTGGAGGATGTAGTGTAAATGGTGAAGTTATAGGGGTGAAAGTTGGTAAGTGCGACAATATAGTCGGTACTGGTGCGGCTACAAGCTGCTGCAC
CP064989.1_gap16	606195	608261	2066	ATGCCGAGTGCCGTGAGGAGTGTCTCGGACGAAAGCGTGCAGAGAGCGCTCTCTGGAAGTGCGGCGAGAATGGAGAGTGTGACGCCTCCGAGGAGTGTGAATATGCCAACGGTGATGTGACGCGGTGGAAGCAATGCGGAATATGCTGTGCGGTCGTTTTGACGGTATCGAGAATACAGCATTGCTGCCAGAACCATGCCGCACCCGAGGGTGGTTATCTCAACGAAATACATTGGCACGCCAAAAAAAACCAACCGAGCTCCTTCGAACGGGATCAGGAGGAATGTTGCGAGCATGCTCGTCAGAATGGGTATGCGTGCGTGTTTCACGGGATAAAAGCCAGAAGACTGAGAAAGAGTGGAAGGATATGGACCGAGTACAGAGGTGTTTCGAAAAAGCTGTGGATGGAGAAAATGAGAATCGAGCACCCGCCGGCAAAAATGAAGGGGCGGTTTCGATATTGTAGAAGTGATTGTATGAGTACGAGCGAAATTGCGAGGAAGAATGTAAGTGCTGTTGCGATGCCGGTTTCAGCGGCGATATCGAGAAATATGTTGTGCGCGTAACGCGGTTCTCGGTAGTGAGCGGAAGGAAGTACTGTATTGGAATAATTTCCCAATCCGACACCGGTAAGAGAGTGTTGTTCGATGATATGGATTGCTTCGGCCCATATGGCGAGGCGGCCGCTTGTCGAGTGATCGGAAAGGTCGAGAGAGGAAACGAGTCTTTCGGAGAGCGGAGTCGGAATTATGAGTGCGAGTACGAAGATTGCTGCGGACAGGAGAAGTGGAAGAGTGTGTTTCCGAATCAGATCTGAGAAACGTATGGCCAGTGAAGCAAAAAGGGTGGCGAGGAGGGCGACGTATCCACCGCGGGAGAAGGTGAGTATATCTGCGAGAAGTATCAATAAAGATGTTGTTGCGAACAGAAAGAATCGCGACTTTTTTCCCTGGTCGCGCTTGGACTGAAAGGCGAGCGCAATCGAAAGGGGGAGCGACATGCCCCAGAAGAACGAGGCAATATGCGGATCAGGGAAAAAGGCGCTTGCGCGGAGGAAATTGGTCCCGCCAATATTGACGACCATGCTGGAATATTCAGTGACCACGTTGGAAAAAGTCAGCCCGGAAAAGAGGGGAATGACGGCGTGCTGCCAGAATTGTATCGCCGGATCAAGACCAATGACAAAGGGGAGGAGAAATTGCGCGATACCAACCAACGCCGAGAGTGCGGCGCCACCGGTGAGTGCTCGAACGAACGCTTCTCTTTCAGGAGTGGTACGAAGTAAGGAAGAGGCAATGAGAAGTGTCGGAAGAAATGAGAGGAGAAAGAAGAGTTTCCGAGTTCCCCATGAGGCATTTTCGGCAAAGAAAAGGGAAAATGCCGAAAGAAAAAAGACGGCGAAGAGAAGCCATGTTTCTGGTTTGGTGGGAATGGATAATGATCGGCGTATGAATGACCGTATCAGCCAAAGTCCGAAAAGTCCCAGAGCGAAGAGTCTCGATATGTGAAGATCAATGCCGGGGAGCGGACTCAGGGCAAACTGAAAGGGAAGTGTGGCGAAAAACAGGAGAAAGAGGAATCGGATCATAGTCGGAAAAGTTTTCGGAGCCATTTCAAAAGAAGATGCTCGTGGTAGGGGCGATGTAGGGAGAAATATCGATCTTGGGAGGCGAAGTAGGCTCGTTTTTGAAGTGCTTGAGCGCCCTCCATGCTGCCTCCTCCTCGGTGGAGCACGCGTATGCGCGGCATGAAAAGGATGTTCTTCCGAAGCTGCTTTGTTCGAGCGCAGAGATCGACATCTTCATAGTAGAGAAAGAATCGTTCGTCGAAACCATGAATGCGGAAAAAGAGGGTTCTAGGTATGGCAAGTGCGGCACCACTTACCCAGCTGACTTTTTGTGGCTTCGTGGCGTTCCAAAGAGGAGTGCTTACGGACAGAGCGAGGTGATTGCGGACGATGCTGAGCAGAGAGATTGATTCCCCGGTGCTCCATGGTTGAGGCTTTTCCGGTTCTATGAAGAGTTTCATGCCGATAATTCCGAGCGATGGGTGACGCTTGAATGCAT
CP064989.1_gap17	609519	611826	2307	GTCCATGCTAATACCTCCTGTTGACCAGAGGGCGATGAGATAGACTGCGATGCCGCCAAGAAGTCGTACAATGAAGGGAAGTGACGCGCATACGAACAGGAAGATTCCCAAAATGACAGAAGAGAGAAGTATCCGGACAATCCCATGGCTATCGGGGCGGTATTCAAGGAATCGGAGGGCGAGGAATGCGGTTCCGAGAGCCACAGCCGCTTCGGTGGCGAGAGATACGCTGGCAGCGCCAACAAATGAGTATTGCGGGATGAGGAGGAGATTGGCAATGATATTAAAGAAAGCAACAACAGAGAGAAGAACAAGTAATCGTTTTTGAAGATTCCCGGCGATCAATATGGCATTGAAGAAGTTGCCGAAAAATATGGCGGCGAGGGAGAAAATGAGGATGCGAAGCGGCAATGCGGCAGCCAGAAAGTCCGGGCCGCCAATAAGGAGAACAAGTGGTTCCGCCAAGAAGAATCCGCCAATGGCTATTGGTGCGGCGAAGACGACAAATACCTTGAATGTCTTGTCAGCGACGAGTCGGAATTTTTCGGGTTCGTGAAAGATATATCGGGAGAAAAGCGGGAGAATGAGCCCAGCAATCATGGCAGGAAAAAAAGTGAGGTTCTCAATGATTTTGTAGGCGGCATTGTAGATGCCAACGTCGGCACTTCCTTGGAGTATGGAGAGAAGTATCGTATCCATTTTGAAATAGGCGAAGGATACGATGGAGATCATGCCGACAGGAAGTGACTCGCGGAGGAAATTTTTCCAGAAGGAGACATCAAAGGAAAGATGAAAAGAAAGGAGTCTTTGGCTGAGAAAAAAAAGTGATACGGCATTGAATACCATATAGGCGAGCAAGGCCAAAACGATGGCTCCGAATCCCCAGTCAAAAGAAACGGCGGCAACAATAATGCCGAGTTGGAGACACTTCCCGAGAAACTCCACTGTTGCCACTTCAAACATGGCAAGGCGCTTTTGGAAGATGCCATTCAATATTCCGGAGGAAGAGGCAAAAACAAAGGCGATGGCGGCGATGATAATGCCGATGCGAAGCTCTCGGTCATAGGGCAGGAAAGGAACGGCAATGAGAGCGATTCCGAGAATGAAGGAGGAACTGGCAATGCGCAGTGCGACGACGTTGCCGACGATGGTTTGTTCGGGCGCGTCTTTTCGAGAGATTTCTCGTGTAAGAAGCGGTGAAAGTCCGAAATCCGCGAGAGCGGCAAAGAGTCCGAAGAACGCCAATACGGTTGCGTAGTTTCCAAAACCTTCGGTGCCGAGATATCGTGTTATGAATCCGATAGCGACCAATGCCAAAACCGTCGATGCGATTTTAGCAACGGAATTGAAGACGACATTATACGCAATACGTCGAGCAAGTGGCATGGAAAGGAGTCAATGAATGTCAAGCGACAAAGTTCAAGAGGAAATCAGAAAAGATGATCTTCTCTGCAATCCGCGTTATCCGAGTAAAGCCAATGAATATCGAGAATAGTGAAATCAGAGAGAAGTCGGGTGAGCGGCATGGAAACCACCGGATATTTAGAGAGCATCTCCAATATCTTCTTTTGGCTTGATGATGACTTTTCGGTGTTCGCCGGTACCGGAGCTTTCGGTAGTGACAGTCAAGGAGTCAGCGAGTGCCATATGGACACACTTTCGTTCAAAAGGAGTCATGGGGCGGAGAGAAGCCGGCGTTTTCTCTGTTGCTACTCTCGATTCGATTTCTTTTGCTTCGGTAAAGAGCGCTTCAGCTTTCTCTTTCCAATAGGAGTTGACATCCAATGAAAAATTTGCCCAACCATCAAGCTTTTTTCGCGCCGATGCGCGCACGATGGTTTGCAGTGCTTCAAGGTTCAATCCGCGCTGACCGATGAGAAGATTCGATCCTTCAGCGGTGGAAATCTGACAAACAAACTCTCCCTGCAGGAGAAATGTCGGTGTTTCGATGGCAATCGATGCCGGCAGAGTCATCTTGGCGAGTATTTCGCTTACGAGGGATCGGACGGTTTCGGCTCTTTGGGTATCCATAGAAATCTTCTCATGTGGTTATGAATCGCAGAGCGACTCTTCCCTCCTTGTATAGAGAAGATACCATTGTTGAGCCACGATGAAAAGAGCTGAGAACCGGATGCTATCCAGAGAATTTCGAAGAACTGTAAGGGATTACTAGGCTGGAATAGCAGGTAGTTTGGGACGCTTTTTTGACGGTTGCTTCTTTAAGAGGTGCTGCTGTTGCGCGATCATGAAGAGTGTCGATACAAGCCAGTAGAGGGCGAGTCCCGAAGGGAAGGTGATGCCGAAAAA
CP064989.1_gap18	657176	661098	3922	GCCTTGCTTGCTTTCGTGATGGGAATGCGATAAACGTGCATTTGCGTGCTAGTGTGGTGATGCGATAGAAGAATCTTTATCGGTCTCGTTTTAATCAGGAGAAACTTGTTAGGCAATTAGTGCATTTCGTAACCATTCGGATATACCATATCCTTATGGTAAAACGACAAGCAAACATTTTTAGTTGTGCAACCAATTTTGAGAGAGGGAGAAAGAGTGTTCCCTGTGGTTCTTTCAAACTGTCGAGAACTTGGAGAGGCTATGTGAAATGCGGACAGTGTTTGAGGCAGAAAAGCCTGCAGCGCTTGAAATGGGAGATTGCGATCCTGAGAGGATTCTATTTGCAACAACCCGCGCACTGCCTGGCACATGACCTGGACGTGGAGTATCAGGGTATCACGCGCACCTATCAATGACTTCGAGAGATGCTCTATCATGTCGCTGAACTGGAAGGAGGTAGGCTGTCCGGGGAGATTGAAATGGACGAATCGTATTTCGGGGGCAGACGGAAGGGAAAACGAGGAAGATGCGCCAAGGTGAGAGTATCGTTTTCGGCCTCTTGGAGTGCGATGGACGAGTCTATACGAGGGTGGTGGAGCATGTGAGTGCCGAAGAGCTGATGGAAATCATCCGAAAGAGAACCAGAAAGGGATCAGTCTACTACACGGACACCTTCAATCGCTATAATTCCTTTACAATCACTCACCGGAACAAGAATCTTTTCAAACCGTTTATTCGCGTCTATTTTGGTTATGTTTCGCACTAATTACCTTCTTTTGGGATCTTTTTTGAAGTTTTTAAATTGGCTATCTCATGGTACTCTGCATCGGAGTTGACGTTCCATTGGTCGTAATTTCCCTCACCGAGAATATTCTTTACGGCAAGGAAAGCGGTCATCATGGAATGATCTGAGTTGTTGTATTTATGAAGACCTCCTCTTCCAATCGGCTGGAGCGAATAGTCTTTAAATGTTGATAAGAGGCATCCCTTTATTTTCTCAACTTTTTCTTTGTACCCAAGCGTGTAGACAGGATATACGTTTTTCATCCGGATTACTTTTGCGTCAAACACGGATTTGGAATAGTCTCCGCAAAGTTTCTGTAAGTATGACTTTGCTAAGTCAACCAAATCCTTATCGTTTGCTTTCCAAAGGGGGTCTCCCAGAGAACAGGTGAATTCGAATCCTACGCATGATGAATTCTTATTCGGAACCATGAAGGGACTCCAATTGTGGAAGAATTGGACTCGAATGGATTGCATGCTCTCTTCGTGGGTGTATATCCACGTGTCTTGTAGCGGAATTCTTCCATCTATCATTAGGGAAACAGTGATGAAATCGCGAAAGGAAAGCTCATTTGCAGCGCAAAGAATATTCTGCGGCGGCGCAGGAGAAAGAGAGGTCACAAGTTCTTTGAGGGGCATGGTCGAAAGTACGAAGTCCGCAAGGAACTCTTTTCTCCCGGAAGGTGTTTGCGTAGAAATAGAAAGAATTTTTCCGTCTCGATGATGTATTTGTGTGACAATGTGCTGTGTGAGTATATGTCCTCCGGAATTTTGAATTTTTTTTGCAACCGTTTCCCACATTTGTCCGGGACCATACTTTGGATATCTGAAGGTCTTGATAAGTGATTTTATGGAAGTATCTCCCGGTTTGAAGAGTTTCTTGAGCCGGTCTTTTAAGACGCTGAAAAAGGAAATCCCCCGTATTCTCTGGAAAGCGAAATCCTTGCTGAGTTTTGATGGGTGAATTCCCCAGAGTTTTCGGTTGTAATCGAGAAAGAATGGCTTTGCCAGGCGCGCTCCAAAGTTATTGATACACCAATCGGCGAGCGTGTACCCCGGTCTTATTGGAAACAGTTTCGTTCGGATATAGCTCAAGAATATGTGAAGAGATTCCCTTACCCCAAAAGTTTTAAGAATGTCAATGAGTTGGATGGGATAATGAAAGAAATTTCCCCGGTAAAACCATCGGGAAAGGCGGGGACGATCAAGGAATTCATCTCCAAGCATTTTTTTCCACCACGCTTCTATGTCTTGGTTTTTGCTAAAGAAGCGATGTCCGCCAATATCAAAACGGAACCCATTGTGCCGGACGGTTCTCGAGATGCCACCAATAACACGGTCCGATTCGAGGATAGTAACTTTGAATCCGCGCTGTGTGAGTTCGTATCCGGCAGTGAGTCCGGCCGGACCCGCACCTATAATAACTACCTCTCTCTTTGGAGTCTCAGTTGATTTTTTCATCCGTGTTTTTATGGGGAGTTTCGGTAGGTGTATACGGCAATATCTCCACTTCGGAATATTTCGGTAAGATATTTTTCTCTGAAATCGAGGTAGTTTTCTATGCTTTCCCGGAAGAGGGCGGAAGTCTTTGGAGAAGTATCCTTTGCGTACCTGGCAGAATCAAGCCATTGTCTTAGGTCGCCTTCTTTGAAGATAAAATATGAAACTTCGAGAGACTTTAACTTTTCTGCGAGTAGAGCGCCTTGGTTTTTATTTTGAAGAAAGTGGAACAAGTGCAAACAATAATCATATGTCACGATTGACTCTGGATTTTTTACATAGTAGTTGAGTGACGGGCCAATGGAATCCCATATAATGCCATTGGAGTTGTTTTTATTGAGGAAATCGGCTGTACTGTACAGGTTGTATTTCCCGGAATCTTCCCTTACAAAGAGAGTTCCATTTCTGAAAACATTATCAAAACGAACGACGGCAACCGCAAGAGAAAGAGCTATGATGGAAAAAAACAGTGGAATTTTTATGACGTCAAACTGCTTTCTTGAGAGAATATCTCCGAAATAGAGGAGGGTAAGCAATAGCATTGACATGGCGTACCATGAATTGAGATTGCTTGATATTGCCCAGGAGATTCCCTGAAGAATGATAATGGTGCCGAGAATTTTTCTGAACGGTTTTGTTGAAATGTCATCTTTCTTTGTTGAACAGAAAAAGAGTATAGGGAGAAAGAGAAGGAATAGAGGACCGATGTTTGTGATATCATTCTGATTTTTCTTGTCGTAATCAAATGTGAAACGAAATGGGGATTCAAGGAGAAATAACCAGCCTTTGTTTTCTTGATTTTCCGTGAAGATATAAGAATCGGAAGTTTGCTCCTGCAGGTGTTTCGAATAACTCCTTCCGATTTGCTTGAAGAAGGTGTCGTTGCGGGAGAGCAGGTTGCCGAGCGCAGGTTCGACAGGGTTGCCGGAGAAGATGATGTTTTTCACTGCCCATGGCGAAAAACAGATGGCGATAACAGTAAGGAGGAGCGTGATGTGGACGAGTCTTCTCTTCAAGCTGAATTTTCTTGGGAAGAGCAGAAGAACAGCGAGAAAACTTGGAAGAATTATGGAGAAGAAATTGTATTTTGTGCCACTTGCTATTCCGGCAAGAATAGCGAAGAGGAGAAAGGTTTTTCGTTCCGGTGTTTGGAAGAACTTCAGGAGATAGAGTGTGGCGAGAAGCGTGTAGCACCAAAAGGCGAGGTCAATCTTGTGATCGACAGTGATCATGAGGTACGGAATCGCAGAGAGCATATATAAGAGGACAATAACGGGAGAACTCGCCTTTGGAAAAACAAACCGTTTGATAAGAATGAGAATTCCGGGGAGAAGAAAGTAGAAAACGGTGTTGAGTCCTGCGGCGGGAGTGAAGCCCCTCAGGAGGTGTGCGAGCGTGAAGAGCATCTCGGTATTTTGTGGGAATCCGCTTGCGAACCAATACTTGAAATTGACAATTTTGTGTGCTTCCGCGTAGGCGTGCGGGAAGGCTTGATACGTATGCATTTCGTCCCAGCCGGCAGCGAATTGGGAGAGGAGTCCGGTTGTTGCGAAAACGAAGAGAAAGAAGGATGCAATGATTGCGAAGTTGTCTAGGGTAAAAAATGGCTTGATATTCCACGAAATCGATGTTCTCCTAA
CP064989.1_gap19	733780	734489	709	GCGGAATATCTCAATTCCTCGCTTTCGATGGATGAGCAAGATCGTGTACTTGCTTCGCTTGCGCGCGGGAAGACGAAACTTCTCTATATCGCTCCCGAGCGGCTCTTTGGCGCGTCATCACTTGTGCCGTTTTTGCAAGAAGTGGGCGTGTCGCTCTTTGCGGTTGATGAGGCGCATTGTATTTCGTCATGGGGACATGATTTCCGTCCGGAATACCGATTTCTCTCCGATCTCAAAAAATTTTTCTCTGGAACGCCGACTCTCGCGCTCACGGCTACAGCAGACAATCTCACGAGTCGAGATATCATTGAGCGGTTGGCGCTCCGGTCGCCCGTCTGCTTTCAGTCGAGCTTTGATCGTCCGAATATCCGCTACGCTATCGAACCAAAAGCGAAGAGCTTCGATCGTCTGCTCCGCTATCTCTCTGCTCGGCGCGGTGACTCCGGCATCATCTACACGCTTTCGAGAAAGTCGGCTGACAGTGTGGCGAAGCGCTTGGCTGATGCGGGGTTCTCGGCGCTTCCGTATCATGCAGGGCTCGATGCGGCCGTGCGCGACCGTCATCAACAGAAGTTCTTGCGCGACGAGACCAAGATTGTCGTGGCAACTATCGCTTTTGGTATGGGGATAAATAAATCCAATGTGCGCTTTGTGGTGCATATGGATCTCCCCAAGAATATCGAAAGTTACTATCAGGAAACGGGCCGGG
CP064989.1_gap20	738969	742990	4021	ATTTTCTGCAATGACTTCGATACCAATGTCACCACTGATACGCAACGAAGAGCACAGTGGGATGATTATGACGGCGCGACCGACGTCAACTTCCCACAGGACAATGGACCATCGCAGAATTCCAGCAACCATGTTGCCCAATTCCTCATTCCACAGAATGCGTCTGCCGGTGCCGATCTTGTCAAAGTTTTTGGCAGTTCCTATCAGAAACTCTATCTGCGCTACTACACCAAATACGCTACTGGTTTTCCATTTACCATGGGGAATCATGGAGGAGGCTTAACCGCAGGTGATCGAGCACATCTCGCTACCTCTGGCTATCGACCTGGTGATCCAGCAACGCCAAGTGGTTCCGACGAATGGGCGGACTTTCGAGTGCAGTACAATAAGGGATCGAATCCGATTCCCTACGCTTACTCATACAATGTTGGCATGTATCAAGACTGTCCAAGCTCTGGAAGCTGCTTTGGAGATTCTTACCCGTGCGTCTATGACAGCGGCCAATCCTACTGTACAAAAGCTGTTGATCGACCAACAGCCACTATGCCGACTATTACAGCTGGTAACTGGCATTGTGTCGAGGAAACGGTTGATATGGGAACAGCGGGACAGTCAAATGGAACATTTCAGCTTACATGGGATGGCGCCTATGCAGGCAATCTGGTCAATATGCATTTCCGAAACAATGCAAACAATTTGTTACACAATCTCTACTTATCGCTCTACAGTGGTGATGCGACGCATGCTCTAGCTGATCAGCGACTCGACAATATCGTTGTCTCCACACAGCCCATTGGGTGTGGGAACACCTCCACCCCCGACACCACCCCTCCCACCAGTCCAACCAACCTCGCTGCCAATGCCACCAGTGAGTCCAGCATCACCGTCTCTTGGGACCCAGCAACCGACAACATTGGAGTCACTGGCTACCAAGTCGAACGCTGTCTTGGTCTCTCATGCTCCAACTTTACTCAAGTCGGAACTACCACAAGCTCTCCCCTTACAGACTCCAACCTGACCGCTTCTACCGGCTACTCCTACCATGTAAGAGCTGTCGATGCCGCAGGGAACACCAGTGACTGGTCTAATGTCGTCGGTACAACGACTCAAGGTACACCCACCCCCACCTCCTGCTCCACCGTCACCCCCACCAACTTCACCACCTCAACCTACACCGGCTACGGTGCTCCCTATGACGTCTTTGTGAGTAACACTCCTCTTATCTCCACCACCTGTACCAGCAGCGATACCCACACGATAAACGCTACCCTCGGTATTACCGGAGACACTACCCGTATCGTCTACACCAAAGGCTACTACTATGATCCCGGTATATCTGACTGGACCTCCTTCACCGGAACCTGTACCGGAGCCTTGAATGGAGACTGGTGCCAAGGAAGTGTCTCTGCCACTCTCACCGATACCGATATCTCTACAGCAAGCGCTTCCGATCCCGCCTACCTGGTCGGTATGACCTGTAGCATACAGGGAGGTACGTGGAAGTGCGGATGCAGAGACACAACGTGTTCTACGTTCTACTGGCAGGTGCAGGGGGCGGGACTCTGAAATCGGAGAGGGAAAAGGGAAATGCGACAACACAGAGGCGAGAGTCTCTTGTGGTGTTGTTTTGGGCGGGGTTAGGTGCTTTTTCTGTTGCCTTGTCTTTCTCTGCTGACCTATTTCTTTGGTTAAAGATATCCATGGTACAATAAAGACATATATTTTTTGTGATGCGCCTATGCCGCAGCCACACGGACTCGGGAGGGGGTTGTCTTCGCTTATTCCGCAAAATCAGAAGAAGTCGGAAGTATCAACTGGGGACAGTCCCCAGCCTGTTTCATCGGCAGCTACCGCTCAAAAGGCGAGTCCATTTGGTGTGAAGATGGCGCCGCTTCAGAAGCTGCCGCCTGTGCCTTCTGAAACAAGAGAGAAAAGTGTGAAATCGGCTGATCAAACTATCGCATCGGGCGCCTCCTCGGGTGTATCACAAAAACAGCAGGGTCTGTCCTCTCCAGTGTTTGATATTCCGGCGGTGCAGGTGGAAAATCCGAGCAGTCCTACGGAAATGTCATCAAGTTCTGTTGAAAATCCGCCGGTATCGACGGGAGAGGGGGTGGCACTGTCAGTGCCTATTGGGAACGTGATACCAAATCCGCATCAGCCACGCATACAATTCAGCGAAGAAAAGCTCATGGAGCTCGCGCAATCAATCAAAGAGCATGGCATTCTCCAGCCGCTCATTGTGACGCGCTCAGGGGGTAATTTTGAGCTTATAGCGGGGGAACGCCGATTGCAGGCGGCGCGAATTGTCGGTCTTTCGGAAGTGCCGGTTATTGTGCGCGAGGCGGAGAATCAGGAAAAATTTGAGCTGGCTATTATTGAGAACATTCAGAGACACGATCTCAATCCGATCGAGGAAGCAAGAGCGTATGATCGGCTCTCGAAAGAATTTCAATTGTCGCAAGAATCCATAGCGAAGAAAATGGGGAGAAGCCGGAGTGCTATTGCCAATACGATGCGGCTTTTGCAGCTGCCGGTCGATATACAGCGCGCCGTTGCTGATGATAAGATTTCCGAAGGGCACGCAAAGGCATTGCTTGCTATCGATAATGCTGAGAAGCAGCGCGCGCTTTTTGAGATGATCGTGCAGCAGAGTCTCACTGTGCGTGAAGCGGAAGCAAAGTCTCGAGGTGTTTCGACTCGACCTCCGAAGAGAGTATCGAAGGATCCGGAAATCGAAGGTCGGGAGAATACTTTGTCAGAAATATTTGGCACAAAAGTTCGCATCGCCAAGACAGCTTCCGGCGGAACAATTCGCATCGAGTATTTCTCCGATGAAGAGTTTAAAAATATCTTCTCGAAACTTTCCGGAAAACATGAAGACGGAACCGGCAGTATGTGATCGCCTTTTTTGACGCTGCTTTCTGCTTTTGAGCGTCGCAGTCTCTCTTGGTCTGCTCAAAGGTAATTATCGCCTTTTTCTTGCCGTATCTTTTCCAAGAGTGTCTTCATTTCGGAAACCTTGTCTTTGCTGGCGACTAAAATACAGTCGTCTGTTTCGACGACAACGACGTTTTCGAGTCCGATTGTGGCAATGAGCTTTTTGTCTGAGAGAATGAGGCATTTCTCACTTCCCACATCGATATGATTTCCGCGTGCGATGATGGAGACTTCATGCCGCTTCTCGAGAAGATCAAAGAGCGCAGACCAGTTGCCGACATCGCTCCATTCGAGTGGTGCCGGTATGACAGCTCGTTTTTCCGGGGGGAGTTTTTCAATAATGGCGGGTTCTATCGGATCATTCGGCAGTTCTTCAAAAAGCTTCTGTGTTTCTTGGGGATTATCTCTGGTGTTTCTCATGCGTTCGAGTGTCTGTGAGAGTTCCGGGGTGAAGACTCTTATTTGGGCCAAAAAAGCGCGTGCTGAGAAAATGAAATACCCGGCATTCCAGAGGTATTCCCAGTTTTTCAGATACTCCTCAGCGGTTTCTCGATCGGGCTTCTCTTTGAAGGAGTCGATTGAAAAGACTCGGTGGTCGTGAACAACGCCGAGATCCTCACCCATTTTTATGTATCCAAAACCAGTGTCCGGAGCCGTGGGATTGATGCCTATAGTGACTATTTTGTCATTGAATTTTGACGCAGTTTCGAATGCGGAAAGAAGTGCCGGAGAGAATGCATCGCCATTGGTGATAACGTGATCGGAAGCGATGGTGGCGACGATGGCGTCGGGATCGCGATCAAATATTTCCTGTGCTGCCAGAGCGATAGCGGCGGCGGTACCGCGGGGAGCTGGCTCGATAATGAGATGATCGGCTTCGATTTCCGGGAGAAGATCGAGAACTTTCCGGCGATATCGGTCGCTCGTACCCACGAATATATTGCCGGTACCGGCGAGTGTCTTCCGAAGCCGTTCCCAGGTGTCTTCCAGGAGGGTCGATCCGCTTTCCGACAAGAAATTATGGAATTGTTTCGGTTTGGATTTTCTAGAGAGCGGCCAGAGTCGAGTGCCGCTCCCGCCC
CP064989.1_gap21	744330	747285	2955	AAGAGGAGCCTCTTCACTTTGATTCGTTCGGTGTTGCAGGCAGAAGAGCATTTCATTGTACTTCTTTCGGTAGGAATACTGGCGGGAGTTTGTCTCTGGGGAATGGCTTCTCAGTCTGTTTTTGCGCAGGCAATTCCCGGCACGGCACAGGTGCTGGGGAGTGAGAAGCAAATCAGTGCTTCGGCAATACTTCTGGATGGCAAAGGATCGCCAGTGCCAAATGGCGAGTATGAAGTGCGGTTTAGTATCTACCGTGCCGACCGGACAACGAGCGATCCGTATCCATCTGACACGGATGCCCCGCTTCGTGTGTGGGAGGAAACGCAAACAGCGACCGTGAAGAATGGCATCATGAATGCCTATCTCGGTGTCACGACGCCTTTCCCTGGAAATCTTACTTTCGAAGGCGGGGAATACTTTCTTGGGGTTCGCGTGGGAACGGATTCGGAAATGATTCCGCGGAAGAAGTTCGGCACTTTCACCAATGCGATTAATTCGCAGTTTTTGCGTGGTCGGACATTTGGCACAAATGCGGGAGATATTGCGACCTATGGCACCAATGGGAAATTTGATATCAAGCAGCTTCCGACGGGAACGAGCGGGAATAAGTTGCTTCTTGCAAACAATAAGGATTTTACGGGAGTGCTCGATGATGTATCGGGTCTCTTGGATGATGTCTCAACGCTTCAGAACGACAGTCATGCGCAGAATACCGATACGGGGACAGACTCCCTGACATTCAATGTAGGATCCGATACGGCAGTCGGCTCATCAAACTTTGGTTTTACTGTTTCGAGCGCTGGCACGAAACCGGAGCTCCGATATAACAGCTCTTTGAGTCAGTGGGAATTCTCCGATGACGGTTCGGTCTTTACGGCACTCAATGCTGGTTCTGGAGGTGGCGTGAATGGATCGGGCACGAGCGGACAGATTGCCTACTGGACAGGGACAAGCACGCTTGGATCGGAAGCACATCTCTCAGCTTCGCGTGGTGGAACGGGTATCGACACATCAAGCTCGACGGGTGTGCCAGTTGTTTCGTCCGGCACATGGAGCATTGCCTCGGCACTTGGCGTGTCGCAGGGCGGCACAGGACTTTCCTCAACACCAGCGAATGGGGAATTGCTTATCGGGAATGGATCCGGGTTTGCACTTGCGACGCTTTCGACTGGAAGTGGTCTTGCGCTTTCGAATGGGGCAGGATCAATTAACTTGGCACTTGACGTGACGACGACAGGCACAACTGCTACAACGCAGTCGAATTCTGGACTTGAGCTGGTTGCATCGGGACTTCGGCTTCTTGGCGGATGCTCCGATGGGGAAATACTTAAATGGGACAGTGGAAGCTCGGTGTGGGCATGTTCGAGTGATCTTGGTGGTGCAACGGCGATTATCAATGTGAATGAAGGGTCGACAGCCTATACTGGCATTGATACGCTTACATTTGACGCGGATGACTTCAGTATTTCCCAACTCGGAAGCGAAGCAACAGTGACGATTGATTATGCAAATTCCGGTATCGCTCGGCTTGGTCAGGATGAAACCGTGACGGGGGCTTGGGACTTTTCCGGAAATACTACTTTTGGCACGATTGTTGGTGGTGTCTGGAATGGTACAGCGATCGGTGCGACCTATGGTGGCACTGGCATTAATACCTCCGGCTCAACTGGCGTACCGTATATAACGGGTGGCACATGGAGCGTTGATGCGACGGCGCTCTCGGTTGCACATGGAGGAACGGGTGCGACGAGTCTTGCAAACTTGATTGCCCTCACCACCGACACCACCGGCAACTACGTCCAATCCATTACCAATGGCAACGGTATCACTGGTGGAAACGGAGGATCTGAAGGAGCAACTCTCACCCTCTCCCTCAACCTCCTCACCTCCGCAGACGGCACCGGCTCCACCTCCTCCAACTCCGGCCTCGAATTCCAAGGCACCAGCTCCAATGAACTCTCTCTCCTCCAAGGATGTGCTAACAACGAAGTCCTTTCTTGGAACGACTCTACAAATGTCTGGCAATGTGCCAGCGTCTCCGGAGTAGGCGGTGTTACCGGAAGCGCCACCAGCGGACAGGTTGCCTATTGGACCGGAACCTCAACGCTCTCCGGAGAAGATCAGGTAACTGTTGCCCAAGGGGGAACGGGAATCGGAAGCTATACCACCGGAGACATTCTCTATGCGTCAGGAGCCACAACTCTTGCCAAACTTGCTGATGTTGCAACCGGAAATGTTCTTATCTCCGGAGGGGTGGGAGTGCAACCGCAGTGGGGGAAGGTGGCGCTCGGAAGTGCTGTGAGTGGGACTCTTCCGGTAGCGAATGGAGGAACGGGGGCGACTACGCTCACGGCCAACGGAGTCATTTATGGAAACGGTACTGGCGCCATTCAAGCGACTTCTGCCGGAACCGACGCTCAAATACTCATAGCCAATGCTTCCGGTGTGCCTACGTTCGTTACTCTGGGCGGCGACGCTACGGTCAACAATTCCGGATCTCTCACCATTGCTGCCAACAGTGTTGCCCTCACCACCGACACCACCGGCAACTACGTCCAATCCATTACCAATGGCAACGGTATCACTGGTGGAAACGGAGGATCTGAAGGAGCAACTCTCACCCTCTCCCTCAACCTCCTCACCTCCGCAGACGGCACCGGCTCCACCTCCTCCAACTCCGGCCTCGAATTCCAAGGCACCAGCTCCAATGAACTCTCTCTCCTCCAAGGATGTGCTAACAACGAAGTCCTTTCTTGGAACGACTCTACAAATGTCTGGCAATGTGCCAGCGTCTCCGGAGTAGGCGGTGTTACCGGAAGCGCCACCAGCGGACAGGTTGCCTATTGGACCGGAACCTCAACGCTCTCCGGAGAAGATCAGGTAACTGTTGCCCAAGGGGGAACGGGAATCGGAAGCTACACCACCGGAGACATTCTCTATGCGTCAGGAGCCACG
CP064989.1_gap22	750799	753472	2673	GTCGAATGTTCCTTCGCTTGCAACTGATATCCCGACGGCGGTTACTATTGGTTCTGCCTATATCTACCGTGTGGGCGGTACTGATATATCGCTCGCCGACGGCGGCACCGGCTCCTCTCTCTCCGACCCCAATGCTGACCGCATCCTTTTCTGGGACGACTCTGCCGGAGCGGTCACCTGGCTTTCTCCTTCTTCCAACCTCTCTATTAGTACAACCACTCTTGACCTCGCTTCTTCCGTAAACATCAATACTCTCCAACTCGGCACCGACGGCTCCGACGGCTCCTTCATCATCTACTCCGAACAAGGGGCAACTGACTATACCACTACCTTCCAACCGGGAGCACAGTCACAAAACATTACCTATACGCTTCCGAATGATGATGGAACAAGCGGACAGGTGCTTATTACGGATGGGACGGGAGCACTCTCGTGGTCGAGTGTTTCCGGTGCGGGCGGTGTGACAGGGACAAGCACGAGCGGGTATGCAGTCTATTGGGATAGTACGAACTCGATTGCTGGCGAGCCATACCTCTCCTTAACTCGCGGTGGAACAGGAACAACGCTCTCCGACCCCAATGCTGACCGCATCCTTTTCTGGGACGACTCTGCCGGAGCGGTCACCTGGCTTTCTCCTTCTTCCAACCTCTCTATTAGTACAACCACTCTTGACCTCGCTTCTTCCGTAAACATCAATACTCTCCAACTCGGCACCGACGGCTCCGACGGCTCCTTCATCATCTACTCCGAACAAGGGGCAACTGACTATACCACTACCTTCCAACCGGGAGCACAGTCACAAAACATTACCTATACGCTTCCGAATGATGATGGAACAAGCGGACAGGTGCTTATTACGGATGGGACGGGAGCACTCTCGTGGTCGAGTGTTTCCGGTGCGGGCGGTGTGACAGGGACAAGCACGAGCGGGTATGCAGTCTATTGGGATAGTACGAACTCGATTGCTGGCGAGCCATACCTCTCCTTAACTCGCGGTGGAACAGGAACAACGCTCTCCGACCCCAATGCTGACCGCATCCTTTTCTGGGACGACTCTGCCGGAGCGGTCACCTGGCTTTCTCCTTCTTCCAACTCTCTCTATTAGTACAACCACTCTTGACCTCGCTTCTTCCGTAAACATCAATACTCTCCAACTCGGCACCGACGGCTCCGACGGCTCCTTCATCATCTACTCCGAACAAGGGGCAACTGACTATACCACTACCTTCCAACCGGGAGCACAGTCACAAAACATTACCTATACGCTTCCGAATGATGATGGAACAAGCGGACAGGTGCTTATTACGGATGGGACGGGCATACTCTCCTGGACATCCGCTGGCTCTGGCGGCATCGGTGACATTACCGCGATCGGAGATGTAGCGAGTGGGGATGCCTTTACGGCAAGTGGTACCCAGGGAACCAGTCTCTACTTCTATGATGCGGACGGCAGAGGACAACTCACGATTGCCAATCTTTCTGCGGCACGGACGTATACGTTGCCGGATGTGAGTGGCACAATTGCAACACTGAATGGCGGACAGACCTTTACGAGTGCTACGTGGAACGGATCGACAGTCGGAGTGGCGTATGGCGGAACAGGCGTTACTACCTTTGGCGGGACGAATACGCTCCTCTATACGACTTCCGCCAATACACTGACATCACTCGCTACGGCAAACAGCTCGATTCTTATTACGAATGGCTCCGGTGTTCCATCCATTGCAACCGATATCCCGACAGCAGTTACTATCGGCTCTTCCTATATCTATCGTGCGGGCGGGACTGATGTGTCGGTTGCGGATGGTGGTACGGGCTTGAGTTCCTATACTGCTGGCGATCTTCTCTATGCTTCCAATACAACAACGCTCGCCGGGCTCGCCGATATTGCCACCGGAAACGTGCTCCTCTCGGGTGGCGTTAGTTCGTCGCCATTGTGGGGAAAGGTAGTGCTTGGGACGCATACGACCGGGAACTATGTCGCATCGGCAACGGCGAGTGGGGGACTCACGATGACCGGGACGGCTGGAGGAAGTCTCGGCATTCTTCTTCAGCCTTCGACGGACGCGCTCTCCTCGACCACGAGCTCCGGATCAGGCATGGAACTTCTCTCGACTGGACTCTCACTTTTACAGGGTTGTTCAAATGAACAAGTGCTTTCTTGGAACGAAGCATCCGATGTGTGGGAATGTTCGGACAAAACTGCTGGCACGAGCGACTGGACAGCAGTGATTGGGACGCCGAATTTCTCCTATCTCACTGATACGAGTGCACATTTGGTGGTAGGTGGATCGACGGAAGCGGCTGGTGCTTTTGATTTTGATGTGACTACCACAAAGCTCAATATTGGCGCGGCGGCAAGTTTTGACACATTCATTATTGCTCCGGTTACGAAGGGAACAACGTCCCATTCTGGGACATTGACTACTGCCGATCTTACAACAGCAAGTCGCACATGGACCCTCCCCGACGAAACTGGCACCATCTGTACCACTGGCAGCGTCTGCTCCGGCTACCAAGCTGCCGGCTCCTACCTCACCACTTCTACTTCCTTTGCCGGCGGAGACATTGCTTCCGGAACCTACAATACTCTCTCTCTTGCTTCCAGTATCACTCGCGATACCGAATGGGATACCGCTGCCGAGATCAATGCGGCTACAACAGACACCGACT
CP064989.1_gap23	822630	823154	524	CGGGAGAGGTTTCGATGTCCCGTTTCTTATGATGCGTTCGGCGGTGCATCAGATCCGTCCGACGCGCGATCTGCTCTCGAATCGCTATCTCCCGCTTCAGCGCGGTGTAAAGCATATCGACCTTATGGATCAGATGACTTTTTACGGCGCGACGCGCCGGCGCCCGAGTCTGCATCTTGCCTGTCGCGCATTCGGTATCCCGACGCCGAAGGGTGATGGGATTGACGGCGACAGTGTTACACGCTTTTTCCGCGAGAGACGATTCAAAGATATTGCCCGATACAATGTGCGTGACATTGAAGCGACCGGAGCGCTCTATGGTTATTGGGACCAATACTTGCGATTTTGATCCGCCTGCTTGATTTCCCTCAATTTTTCGGGTATTCTTCCTCAATAAGTCATTGTTGTATTGTGTATGGAAAACGTACAGAGAGAGCGGACACTGGTGATTATGAAACCGGATGCGGTGCAGCGATCGCTCATGGGAGAAATCCTTGGACGATATGAGCGGAGCGGTCTCAAGT
CP064989.1_gap24	983539	984187	648	CGGGAACGCCGACTGTGGAGTATCTCTCAAAAGTGCTGGGACATGTGACGCTGGTAGGCGCGGTATTCTTGGGAACGGTCGCTGCGTTGCCGGTCGCTGTGCGCGGACTTACCGGTGTGCAGTCTCTTACTATCGGAGGTATCAGCATCTTGATTGTTGTATCTGTGGTACTTGAGATGGTCAAGCATGTGCAGAGCCAGCTCGCCATGCGAAGCTACGAGGGGTTCTGAGAATCCGCTCGATTGGTGTTGCCGTATCTTTATCCCCTTGTCTATTCTTCATGAATAAGCCATTCACTATCATTTTGTTGGGGCCGCCGGGAAGCGGAAAGAGCACGCAGGCGGATTTCTTGGTTCGGGAATTGAATGCGGTTCATGTTGATATTGGTCTTGCGCTTCGGAAAACAGCGGAGATGCATACGCCTCTCGGCGAACGGGTTGCCGACATTATGAATCGTCGGAACGAGTTGGTTCCCGATGACATCGTCGAAGAAGTGCTCTCCGGTGCGCTGGCATCGGTTCCTTCGGAAAAACTGGTCGTGGTTGACGGTGCGCCGCGTTGCTCGACACAAATTGGGATTATCGATGGCATATTGCAGACATTTGAACGAAAAGTCAATCTTGCTGTCTATGTCGCGCTTTCGGAAGA
CP064989.1_gap25	995270	1000078	4808	TCCTGTTTCTTCTTAGTGGGCTCTATCTTTTTATTGCAGGGATTCTTTCATGGGCATTGTTTTTTATTACTCGAGAATCTCCTCGAGAATTTCTCTTGCTAAATGCAAAGAAATGGATTTTGTGGTTTTTTATTATCATATTTCTGCCGTTTCCCGTGTACAACTTTTTGTGTGGAGGATTTCTTCCCATTGGAGAGAATATTCTTGAGAGTATTTCCGAGGTTGAGGGTGAAAGTATTCAGAGTTGGATATTTTTTCTCTCAACAAGCGTAGCATATCTTGTTTTGAGCTATGCATCTGCCGGATTTGTGTATAGTATGCTTCGTCGTGTGAGTAAAAGAGATGAAGCGGCATGGATATCAATATCTTCGGCGTGTGTGCTTATGGTCATCATTTACCTCTCTACCTTTCGGAGTGTATCTTGTTAGTTTTCTATGTTTCATTTCTACATCTATGTGGTATGTGGTTGCCAATCTGAAAATGAAGCTGGTATCGAAGGCTGAAAACCTGGAGTATCTCGGCGCACTTGCGGAAGCATTGAAAGGATGTACTGTTTTTTTCGGTTTTTGATGTGGGACGGTTAGAGATAGGTATCTTTAAGAGGGTTTTTATGAAAGTACTTGTTTCCAGAGACTCAATAGTGCTTCAGTTTCGCTTTTTTAAGGTCATTATTCCGAAACGGGATAACGTTATCTTTTATCATGTTCAAGATCTCAGTAAGACAGTAGGCATACCTATTCAACTGATGATTCTTCCGGAAAAATATACAGTCAGTTTCTTTGGGAGAATAGTTCTATCGTTCTTTTATCTTTTCGAATTTTCTAATAGAACAGTATATATACCTCGATCACTAAATTATATACATCCCGATCAAAAGGATTTTCACTCGAAGAAATTTAGTTTGTTGGAGTCGTTAGCTATTCCGCCGCTATCTGCTATGTTTAAAGTTGAAGGAAAAGAGCGTATATCGGACACTCTTAATGATCTTGACGTTTACGGATATGATGTAAAGCAAGTCTTACAAGACTTCCAGGTTTGGCTGGAAGCTCCTCTTGAGAAAAAATTCATTCTTGGTACAGTAGAGAGAAGGAACGATCGAATGATGCTTGTTCTTGTATCGGGGATACCTTTCTTATTGGGATTTTCCTTCCTTTTTATTGTTCGAGGAAATTTTGAAGATATTTCTGTGCCCATAATTTCGTCTTTGATAGTGGCTTTCGTGATGGCTGTTTTCTATGTTCTTTTGAGAAGGAAATAGGGGCTTAATAAAATGAATAAGAACATTTCTTGTGACTTATCATTATCTTGTTGCTAATCTGAAAATGAAACTGGTCTCGGAAAAGGAAAATACCGAGTATTGTGCGGCGCTTGCGGAGGAGCTAAAGGGTTTGAAGAGCAAGAAGGATGTGCGCATGATACTGTGTCCGTCGTTTCCGTTTCTTGGGGATTTCAAGAAAAAATTACCAAAAAGCGTGGCACTTGGTGTGCAGGATGTGCACTGGGAAGACCGGGGAGCGTATACGGGTGAAGTGTCGCCGGCTTCGCTTTCTGATTTTGGAATTTCATATGCGATCGTGGGGCACAGTGAACGGCGGGAATTCTTCGGTGAAACGGATGATATTATAGCGAAGAAACTGACTGCTTGTTTGCGAAATACTCTGCAACCGATACTCTGTGTCGGTGAGACGGCGGCGGAGCGGGCGACCGGAAAGACGTTTGCTGTGATACGCCGGCAGATCGAATCGGTGTGTGCCGGTCTTTCTCCGGAAGCATTCAGGCGTGTTATCATAGCGTATGAACCGCGCTGGGCGATCGGCGCCGACCACACTCCTTCCTCGAATGAAATTTTGGAAGTACTGATTGCGATTCGTCGCACTGTTGTAGAACTGTTTGACCGAGAAAGCGCGGATGCGCTCCCGATTCTCTACGGAGGATCGGTATCGGCGGGGCGGGCGGAGGATATTTTCCATACCTCCGGGCTCTCCGGCGTGCTGATTGGTCGGGAAGGTCTTGTGCCGAGAGAGATAGTGAAGATTGCGAGCCTTCTTTTGAAGGAAGGAAAAAAGTCTGAATAATTCGGTAAGGGAATGCATATGATAGCAAACGTAAAGGACATTCTGATGCAGGCTCAGGAAGGCGGATATGCCGTGGGCGCTTTTAATACGGTGAATCTTGAAACAACGCACGCGATTCTCCACGCGGCGTCCGAACTCCAGTCTCCGGTCATTGTGCAGATGACGGAGAAGACGCTGGACTATGCCGGGGGGCGAGCGATTTATCATTTGGTGCGCGACCTCGCGGAGTGTTACTACTCGAATATTCCCGTTGGCATTCATCTTGATCATGGTAAGAGCTATGAGCTGGTTGAGCGGGCGGTTGATATCGGCTTCACATCGGTCATGTACGACGGCTCTCGCAAGAAATATATCGACAATGCCGCGATGACGAAGCGAGTCGTCGATTTGTGTCATGGCCGAGATGTGTGCGTACAGGGCGAGCTCGGCAGTGTTCCTTATATCGGAGAGGCATCAACGCAGACGATTGTCTGGGAAGAATACATGACGGATCCGGAAGAGGCGTGCCGGTTTGTCGAGGAAACGGGTATCGATACGCTGGCTATCGCTATCGGAAATGCCCATGGATTTTTCCCGGAGCGTCCCGAGCCGGACTATGCGCGTCTCGAAAAACTTCGCAGATGTGTCCGTGTGCCGATCGTGCTTCATGGGGCATCGGACTGGGAAGAAGATCGCGTATCCAAAGTGATCGGGCTCGGCGTGTCGTGTTTCAATGTCGATACGGCGATCCGGCTGAGTTTTTTGAGTCAGTTGTCGCAGACCCTCGCAGGTGGCGATGAGACGGATATCCGAAAGGCGCTCGGCGCGGCTCGGCGAAGTGCCGAAGCGGCGGTATGGAAAAAAATCGAATCTTTCGGATCGGCAGGAAAGGCGAAGGGCAATGCGAGAAAGTCACACAGTGACGACGTCCAACTTGATCCGATCGCAGAGAATATCCAGGGGGAATAAATAAACGCGTTATGACAAAAAGAAAGCTTGCATTATTGCTTATTTTTCCAACGATTATTGTTGTGAACATAGTATCAATTATTGCGGTATCGCTTATTTTTCATGATTCTGACGCATCAGGTAAGATAGGTCTTTTCTCTCCAGCGCTGTTCCAGATCTTTTGGCTTACCATTATAGCGTTTTATAGTGGCTTTGATGTGCTGGGTCCTAGTGAAGTTATTCCATCTCCAAATGTATTAGGTTGGTTTTTGGCTCTAATTAGTTCGTTGGCTACCTTTGTGGCGTACTACCTTCTTTCGTCCACGATTGCCGGACTCTGGTTGAAGTACAGGTATCGAAAAATGTAAGCGGATTTTCTGTTCCATGCGGGTTTTCACGAGAATTAAATTTCTTTTTATGAAACGAATTGCAATTAACGGGTTTGGGCGGATCGGGCGGACGGTATTTCGGATTCTGTCGGAACGGGCTGATGCGGAGATTGTGGCTGTGAATGACCTCTCGGATGCGGCGACACTCGCGCATCTTTTGAAACACGATACAGCATTTCGCACGTTTTCTCATTCGGTTTCTTCGAAAGAGGGTATGCTAGTGGTGGATGGCCAAGATATTCCGGTATTGTCCGAGCCGGATCCGGAGAAGCTGCCCTGGGGTGATATGCGGGTGGATGTGGTCCTGGAGTGCACGGGGCGATTTGTAAAAGGGGAGGCGGCCGAGAAACATATTACGGCAGGCGCGAAGAAAGTCATACTCTCGGCACCGGGGAAAGGCAGTGATATCCCGATGTACCTCATGGGAGTGAACGACGATGCGTATCAGGGCGAGAAGGTTATTTCAAATGCTTCGTGTACCACCAACTGTCTTGCGCCGGTCGCGCAGGTGATGCAACAAGCATTCGGCATCGAGAAGGCGATGATGACGACCGTGCACTCGTATACGGCTGATCAAAACCTGCAGGATGGACCGCACAAAGACTTGCGCCGGGCGCGAGCTGCGGCGCAGAATATCGTGCCGACGACGACGGGCGCGGCGATTGCCATTGGGGAAGTCGTGCCTGAAATACGCGGAAAATTCGATGGTCTGGCAATACGTGTGCCAACCTCGGTGGTATCCTTGACGGACTTTACCTTTGTGCTCAGTCGCGACGTGACAGAGGAAGAGGTGAATGCGGCACTGGAAGTGGCGTCCAAAACGGATCGCTTCAAGGGCATTCTTGAGGTAACGAGCGAGCCTCTGGTCTCTTCGGACTTTATCGGAAATCCGGCATCGTCGACGGTGGATCTCTCGCTTACCAAGGTGGTTGGCGGCAATCTCGTCAAGGTGGTTGCCTGGTATGACAATGAGTGGGGTTATTCCGAACGACTCGCCGATATGACGATGATGGTGTAGTGTTGTCGTTCGCTGTAGAGAATTCCTGAATTTCCATTTCTTGTGCCGGCTTTTGGGTAGATATTTAGAAAGCAGACAATCAAACAAAAGAAAGTCGTATGTACGATATCATCATAAAAAACGGAGCGGTGCTTGACGGGACGGGTGCGCGCGAGTTTGCGGGCGATATCGGGATCAAGGAAGGATTGATTGCGACGATCGGTAATCTGAATGGCGAACAAGCCGAGAGAATTATTGATGCCAAGGGCATGTATGTCGCGCCCGGATTTGTGGATATTAACAATCACTCGGATACGTATTGGCAGATATTTTTGAATCCCGACCTTGAGAGTCTTGTGAGGCAGGGAATCACGACGATTGTCGGCGGGAATTGTGGGTCTTCTCTTTCGCCTTTGACGG
CP064989.1_gap26	1051587	1052796	1209	CCGGATGTAGTGTTTACCGGTATTATCATGCCTCGCATGGACGGCTTTGCGTTGACGGAAGCTCTGCGAAGCAATGTGACTATGGCTTCGATTCCCATTGCATTCTCCTCGCACTTGGGGCGACAAGAAGATCAAAAGCGCGCAAAAGATCTTGGCGTTGATGATTTCATCGTGCGCGATGTAGTGACGCCCAATGAGGTAGTGGTGCGCATCCAATCTCTCGTTTCGCATAGCGAGTATATGCTTGCTTTCGATATCCGCGCACTTGATGCTCAGAAGTTGGCAGCGGATCTTCGCTTGAATGCAAACTTCGTTTGTTCGGAAAATGGCGGTCGGCAGTTTGCGCTCCGTCTCAAAGTGAAAAACGCTTCAACGCGAACATTTGAAGCTGAGCTAGTCTGTATCCCGTGATTTCAGGAGTTTTGTTTGATTTTTTTCTCCTCTTCTCATGGATACCAGCATTACTCAGGCACTTCTTCTCGGAGTAGTTCAGGGACTTTCCGAGTTTCTTCCCATATCGAGTTCGGGACATCTGGTGATTTTTCCGTGGCTTTTTGGGTTTTCGGATCCGGGGCTCTCGTTCGATGTGGCGCTTCATGCTGGAACACTTATCGCTGTTCTCGGATATTTCTGGAGGGACTGGTGCAATATCTTCCATCTTCGTGATGATATGCCGGAATATCGTGCTTTGCCGAAAGCGTTGCTTTTCCTGGTGATAGCGACGATTCCGGGTGCAATAGCAGGTGCTCTTTTGGAGAAGGAGGCGGAAACAGTGTTCCGCAACCCGCTTCTCATTGCGGCAACGCTGTTCATCTTTGGGGCGCTTCTCTTGATTACCGATCTCTTCGGGCGAAAGACGCGCACTTTGGAAACAGTGACGCTGAGAGATGCTCTTGCTATCGGATGTGCTCAGGCGCTTGCTATTGTGCCGGGCGTCTCGCGTTCGGGCATTACGATTACGGCGGCGCTTGCTCGTGGCATTGATCGAGCATCTGCTGCTCGCTTCTCGTTTCTTCTCTCGACCCCGATAATTTTTGCAGCGCTTCTTGCCAATATGTCGCCGCTTCTCTCGGCGGGCGTCACTTTGCCTTTTGCGGTTGGCGTGCTTTCCTCGGCGGTTTCCGGGTATCTTGCCATATTCTCGCTTATACGATTTGTCGAACGGGCGAGTTACCAGGTATTCTTCTGGTATCGCGTAGCAATCGCGCT
CP064989.1_gap27	1088144	1088644	500	GGATCGGAAGTGAAGTGGGACGAGCAATTCTCTCGAGAGAGAAGGGCATGGAGAGTCGCGCCGAAGGAGCGGCCTGTCGTGCACTCGAGCTTTTTGATTTCTCTCTTGGTGACCCGAAACTTCATGGTCGCCTTCGTGAGATTGCTCGAGCGCGAGAGGTATTCGCTGATTTTTTCTTTGGCGAAAATACGTTTGGATCAACCGGTGAGTCACTGCAGAAATATTTCACGGATTTCGCAATTGCCGCTCGAAGAGTGAATTGGCAGAGCAAATAGTTGTTATGATTTTCGAAGGAAAAGCATATGAATCAAGACATTACGAATATCGAAATCAAGGCGAGGTGTGCCGATCAAGAATCGATTCGGACAATGCTGCAGAGAGAAAAAGCGGAGTTCAGGGGAGTGGATCACCAGATTGATACGTACTTCAAGGTTGCGAGTGGACGGTTAAAACTTCGCGAGGGAACAATTGAAAATTGTCTCATCTTTTATGATCGAAAG
