gap_id	start	end	length	sequence
CP061210.1_gap1	4408	8180	3772	GCACCATTTCTCTTGCTTCATTCATAGTGCGAGCCCTTTGTGGACTTTCCAAGATAAAGGTCTGCCCGCCCGGTCCTTGTCCTGTTTCCTCTCTTTCCTGAACTCGTTCTTCCTCTCTTGTTTGTGTTTGCTGTTCTTCACCGCGATTTTGAGTTTCCTGCTCTGTTTGTATCTGCTGACTCTGACCTGTTTCTTGACCTTTTTCAGAATCTTCTACCCTTGCACCAGTATCCTGAGCTCCTTTTGGAGCAGCGTCTTTTGGTCCAGTAGCAATTACCACTGAGCCAAATAGAGCAAAAATTAAAAATGAAATAATTATTTTTTTCATATATAAAAATTTAGAAATTATGGGTCTCGACCTTTTGTGTTTTATTATACCATAAAAACCGCATTGGGGTAGTTTTTATTTATACCCCCTCGGTCGCCCTAACGGGATAGGCCCCTCGATGAAAATGGTGGAAAATGGTCTTCGTTCACTACCAAAAAACTGCAGATATTAGTTATTTGCAGTCTTCCGGACAAGTTTCTTTTGTCTCAAAACAAGGACAGCCAAGAGCCATGCAGACAAACTCCTGGCATATGCCGTCACCGCACATGTCCTTGCAGAATCTTTCTCCTTTCTGGCATTCTCCCCGGAAAAAGTCCCACTGGCCGCACTCTGAGCCGTCTTCAAATATGCAAAATCCCTTCTGCCCCGCCTCAACCATTCTGTGTTCTAAAACGCCTCCCTGCTCTTCGCAAAAAACCGAAGCTCGATTGGCAAACATGGGTATCTCTTCAAAAACAGGCGGCTCTTCTGTTGGCGCCTGTCTGTTCAAATAATAAACAGCAGGGACAATCAAAAGAGCGCAAAGAAGGAATAAGCTTAAGGCATGGACGTAAGAAAACTTTTGGAAATTAAAGAAATTCCAAAATAAGGCTTTTTTGGCTTTTAACTCAGCTACCCTGTCTAATAATTTAGCTCTTAGTTTTGCTTTGAAGGCTTCGTCAATCTCAACATCGGGCTTTGCCATTAAAAGCTTTTCAATTAGCTTCTCCATCTCATTTTGGTGCTTTCTCAAGCTCCTATCTATGAGATAGAGATCTTCTAAGATTTCTTTAACTCTTTTATCCATAGATGCTTAATAGGATTAATAATAAAACTATTTCTTCTTTGAGTTTTCCTATGGTCCTGGAGAAAATCATCTTGCAGTTTGCCTCGCTCTTTCCCGTAATTTCAGCAATCTCTTTGTAAGACAAGCCGTCCCAAACCCTCATCAAGACAATCTCTCTCTGGTCTTTTTTAATCTTTTTCAGATAATTCTCCGCTTCCCTTAACCTGTCTCTGTACTCAATATCCAGGCTGGGATCTTTGCCCAAGCCCCAAACTTCAGAAATATCAAGCTCGCTTTTTCTGGTTCGATAATGATCAATTACTTTATTTCGGGCAATGCAGTAAATCCAGGCAGAAAAGGTTCCTCTGCCGAGGTCAAAGCCTTGAATCTTCTCCAGGGCCTTAATAAAAGTCTGGCTGGTAATATCTTCTGCTGTTTCTTTGTGCCCGGTCCTGTAGTAAATGAACCTGTATATTTTCTTAAAATAACTATCGTAGAGTTTTTCAAACTCCTTCAGGTTTCCTTTTTTGCATTGCTCAATGATTTCCTGTTCCATTAGTGTATTCTACACGATCTCAGAGTAAAAAGCAGGGCCAAGAACCCTGCTTTTTACAATCCTACTTAATTACCACTTTGTAAATTAGGGTTTTAATCGGTTCCTCCTCCCAGGATCTCCCGTAAGAAAACTTTATTTCTGTCTCTCCCTTCTTCAGGGCAAGGAATTCGAAAGATTCCTGTCCTCCGGCACCAACCGGAACCTCCATTTCTGACTCTTCCGGGTTCTCAATTCCTATAACTCCTCCATCGATTTGATCCTGCGCCCATTGTTCTCTAACCTGATTGCTATCAATAATGTCTCTTGCACCATCGGGAAGATCCTCGGTCTGAATTTCTCCATCTCTGGAAGCCATAACAGATTCAACCATTGCATTTCTTGAAAAGGTTGGCTCCTGAACAATATAGTTTCTGTCAACCAATTCAATAAACCCTTCATCAAACTCCACTGTCCACTGATAGCCGGTAGTGGGATTGGCCTCCAAGACTATTCCAAAGTCCTCGCCAACCTCCTTTTCTATTGTTTGAATGCCGGCGTCTTTTGTGTTTTCTGCTGCTGGAGCAACGATATAATGGCTTGCTCCGTAGCTTACACCGACAACAATAAGCAATGAAATAAAGACGGTAATGATTAACTTTAACATGTTTTTTTAATAATTAATTATATATCTTAACGACCTTTCTACTTAATATAACGATGGGGAGAAAGAAAGGTAACAAAAAAACCGCCTGCTTGAGGAGACGGCGGCTGAAATTTGCTTCGGGGACTGAACAATATTAGAACCTGTTTTATGACTTTTTCTCAGGTATGAAATAAATAAACCATACAAACCAAACCAACCAAATGGCTTCTGAAAAATTTCCACTTAAAAGTCCTTGGATACCCCTTATCCCCATAAATCCGAGAAATCCTAACATCCAATTTTCTCTCATCATAAAAATTTTAATTTTAAATTTAATTAAAATATTTCAGACCTTTCGTTTTCATTCTACCAAAAAATCGCCTTCTTGGCGATTTCTAAATGTGGCTCGGTCTCTCGAAAACCTCACAGTTTGGCTCCGGGGATAGTACAATATACAAACCACTACGCTGTAATTCCTTCGGAATTAAGAGAACTTGGTTTTGGGAGAGATTTCCAGTGATTGAACCAATTAAATGCTTTTCTGTTTAGCTCCAGAGGACGATGTTAGAACCTGTTTTACACAAACCCATCACTATACATAAGACTCAGTTCATTACTTTTTTTGCCTTAAGCTAAAAATCAAATGAGAAAAGAATGATTTTATAGTGCAGAAACCCTTAAAATAGTGCCAGACTCTTTTGTCTTCTCCAATCTTTCGGACAAGGATAAAGTTTTTTATTGGAGTTTTGATAATTTTGTAGTTTTTCTTATTGTTCTTTATCCAAGAAATTACATATTGAGTAGACCTCATCCATGCATCATGAAAAAGGACATAACCTTTGTTATTTAGCAATAAATCAATGTAATAAAAATCAACAAATATAACATCAAATTTATGTCCCCCATCAATAAAGGCAAAATCTACTTTTACACCCCCCTTTAGTAATTTTGGTAAAACATTGTGTGATGAATCATTTTCAAATATGAGGAATTTCTTTAATTTCAACTTTTCTATATTTTTTATCCCAATATTGGAATAAGTTCCTTGAAACGCATCGATCACATAATGCTGACTTTTTGTCGCAGAAATTATATACGCTGTTGAACATCCATACGCAAAACCAACTTCAAGTGTTTTCTTAATTTTATTCTTTTTAAGAAAATTATAAATATATTTACCCTCTTTCTCAGTAATTGAAACTGCTTTCTTCTCTTCTGGTATTCCTAATTGTTGATAAATTTTATCCACAAATACTTTAATTAAAAGTTAGTTTATCAAATTTTTGTTTATATGCTCTAATTTTATCACTAATAAATTCTAGTGTCTAATTCGATATCAAAAAATGGCTTAACAAAGCCATTTCTGGACCCTAGCTCCGGCGGCAGGATTCGAACCTGCAACCTAGTGCTTACACATTATCCTAGTGTTTCCACTAGGGGTGGACTATCTCATCTCCAAGACATAGAAGTCTTACGGAGCGGGGCGCTTCCCCATCCAGA
CP061210.1_gap2	9861	13252	3391	GGTTAAGTTAGGCGACCTGCCAATGTATCTTTTAGCGATTGAAACCACTAATCTAAGATTAGCTCTGGCTAATTTCTTTTTTGCCTCTTCATCTCCTTTTTCAATTCTTTTTGAAAGTTCTTTCTCTTGGTCTGCAGTTAAAAAGGAAACCCTACCAATCTCTTTTAAATACATTTGAACAGGATCAATTTTTCTTGCTCTACTACCAGTTTTCGTTTTCTTTTCCGGCACTAAGAACTCTTTAACATCTTTTACTTCAATTCCTCTTTTCTCTAATTCTTCATAAAATCTTTCTAAACCTTTGATGTCTTTTTCTGCTTCGGGGAAAAAGTATAAAATCTCAGAAACAGTAATAAAACCTCTTTCCTGACCTTTATTAATCAGTTTTTCAACTTTCTCCTCAAGAAAAACACCCTTTGAACGAGTTCTTGTAAGTCTTTTTCTCTTTTTTCCCACCAACTGGCGGGTTTTCTTTGTTCTTTTCTTTTTACCTTTTCTTACCTTTGTCTTTTTCTTTGGTTTTACTTTTGGTTTTTTCTTCTTTTTTCCCGCCAACCAGCGGTCCTCCAACCGGCGGGTTTTCTTTTTTAACATAGAGTCTAATTAATTAGTAATTATTTTTTTTACCCATTGATTAAATTTTTCAGTCAACTCTTTGATTTTTTTGGAGTCTTTTTCTTCTTCGGCTCTTTTGATTTCAAGAGAAATTTTATTTAATCTATCTTTAACTTTAAGAAATTTTATCTCTTTTAAACAAAATTTAATTTCAGGTATTATTTTCTCTTCTTCTATTTCTTCAATATCTGCTTTTAAGCTGAGATAAGAAAGAAAATTCACTAATTCTTGAGAAAGATTTTTTTGGTTTTCAAAATTATTTAAAATACTAATAACTTCTTGGTTTTTTGATGATAAACAGGAAATAACTTCTTTATTAATAAGGTCAAAGCTTTGAGGTTCTTTTAAAATTAGACTCATTAATCTTTCTTCTAAAAGTTCTTTTCTTGTCTTTTGAAAAATCGGATTTGGAGACTCTAAAATCGATATCTCAACATCTGAAACTCTTTCCGTTTTTATTCTTCGCAATTCTTCTACAACATCCTTCTCTGAAACATTAAGTCTTCTTGCTAATTGTTGAATCCAATGAGACTGCTCAATTTTATTGGGAATCCTTTTTATGACAGGCAGCAGAACTTTTGATATTTCTCTTTTACCTTCCGGTTTTTTTTCGTCGAATTGACCGAATGCATTTTGGAAATAAAAATCTAAAATTGAAAGAGAGTTATCAACTAACTTTTTAAATCTTTTAGGTGCTTTTGATAAAACATCTGCAGGGTCGTTATCTTCGGGAAGCTTTACTACTTTTAGATTAAAACCTTTTGACTGAGCTAAATCTATTCCTCTTTTCGTAGCTTTATCTCCTGCAAAATCCATATCAAAAGCTAAAAATAAATTATCAGAATATCTTTTGAGAATACTTAATTGATAGTTGCTTAAAGCAGTACCTGAAGTAGCGACCGTATTTATCAACTCTGATTGATGAGCCATAACTACATCTACATAACCTTCAACTAAAATACAAAAATCTTTCTTTCTTATTTCTACTTTTGCTTTATCTAAGCCATATAAAATTTTACTTTTGTCGTACAAAATGGTATTAGGGGTATTGACATATTTAGCAATCTTTTCTGATTTTTGTAATACTCTACCTCCAAAGCCAATTACCTGAGAGTTAAAATCAAAGACCGGAAACATAATCCTTGCCCTGAAACGGTCGTAATACTTGCCTCTTTCATTTCTTATTACCAACCCAGTTTTCTCAACTTCTTCTTTTTTGTAGTTTTCTGAAACCAAAAAATTAGTTAATCCCTGCCAGCTATCTGGAGCCCAACCTAATCTCCATTTTTTAACTGATTCCTCGCTTATCCCCCTCTTTAAAAGATAGTCTTTTGCCTTTTTTCCTTTTGAACTATTCCCTAATTGTTTTTCAAAAAATTTAGTTGACAATTCACAAATTTCATACAGTCTTTGTCTTTTAGTCCGCAATTCTGGTCTTATTGGTTTTAATTCAACGCCAGCTTTTTGAGCTAACATCCTTAGAGCATCACCAAATTCTACACCTTCTATTTTCATTACAAAATCAAAGATACTATGCCCTTCGTTACACCCAAAACAATGCCATATTTGTCTGGCAGGAGAAACAAAAAAAGAAGGAGTTTTCTCAGAATGAAAAGGACATAAAGCTCTATAACTTGCTCCTGCTTTTTTTAGTTGGATATAAGAACCAATAACCTCAACTATATCAAGTTTTGATTTTATTTCCTCAATTGGAGAATTAAACATAATAATGTTCTTGCTCGATAAATTAGCTTTCCCGTGCTATAGTAAATCTATTGTCAGAACCTTGTAATGTTTCGCATTAAGGCAAACCAGTCGTTTCACTCCTCATTCATTGCGAAGCAATGACAAGGAGGGGCATAGCCCCGACTGGTTCCGTAATGCTTCGCATTTTAGACATTAGCAAAATTTTAACTAAAAAACAAGGAAATTACGTTTTGAGTTCAATAAACTTGTATTTAAAATATGGAAATTAACCAATTGAAAAAATTTCTTCCATCAAAAAAACTAAAAATCTTATTTGTCGCCTCTGAGGCAGCTCCCTTTGCTAAAGCAGGAGGGTTAGGAGATGTTTTGTATTCTCTTCCTTTAGCTTTGAGAAAGTTAGGTCACGATGCAAGAATAATGATTCCTCGTTATGGGACAATAGACCCTAAAAAGTATAACTTAAAAATAGAAATAAAGGGATTAAAAGTGCCTACTGACCAACCAAAATATTGTCCAACTCTAATTTGTAATGTCAAAAAATATATTGGCAAAAATGCTGTTCCTGCTTATTTTTTGGAAAATATGGAATATTATGAAAAAAGAGCTAATGTCTATGGATATTCTGACGACCAGATAAGATGGGCTCTTTTATCTCGAGGAGCAATAGAGTTTTTAAAACATTCTTCCTGGGTGCCTGACGTAATTGTTGCTTCTGATTGGCAAACAGGCCTTATTCCTAATTATATAAAGACTGTTTATAAAAAAGATTCTGTTGTTTCAAAAATCCCGGTTGTGTTTGCTATTCATAATCTTCGCTATCAAGGAATGTGTGATTTTCGCTTTGTCCAAGAAACTGAACGTGATTCAGGCAGAGAGCCAATTCCTGATTTTTTCAATCCTCGCCTGGCAAAATTAAATTGGACGTTAAGGGGAATTATGTATAGTAATTCTATTATTGTTGTTTCCCCTACTTACGCTAAAGAAATATTGACCCCGGAATACGGAGAAGGTCTGGAGAAAATACTCTCTGAAAAACAACATAAAATTTATGGAATTTTAAATGGAATTA
CP061210.1_gap3	41232	45815	4583	TTATCTTCTTTCCCTTCAATTGCTGCCTTAATTAAAACCCGTGAGGTTTCCTGAAAGGAAGCGGCAGATAAGAATGACTCTGTTGTTAAAGCCACCTTTGAAATTCCCAATAAAACTGGAGAGGCCGTAGCTAATTGAGAAGTTTTCTTCTTTAAGGATGCTAATTTTACCTTACTGTTTCTTTTTTTTATCTTAAGATTTTCTTCAGTAAGTCTTGCTTTTTCAATAATTTCACCCGGAATAAAAGGACTATCGCCGGAATCTTTGACTTTCACTCTGGAAAACATCTGCCGAATAATAATCTCTAAGTGTTTATCATGGATTTGAACTCCTTGAGAAACATATATCTTTTGAATTTCCTTTATTATATAATGCCATGTTTCTTCTTTATCTGTTAATTTAAACAACTTTTTTATATCCAAACTTCCTTCAGAAAGTTGTTGTCCCTTTTTAATAATTTCTCCTAATTTTACCCAAATGGCTGATTGCGGAGGGATTTGATATTCCAGAATATCAGATTTTTTCTTGGATTTTTGACTTTTAATCTTTAACACTTTTTCTTGTGTAATTTCCACTACTTTCCCATCGGTTAAAGAAATTACTGCCTCACCTTTTGGAATTCGAACCTCAAAAAGCTCCTGAATTCTCGGTAAACCAAAAGTAATATCTATTCCTCCTGCTACTCCTCCCGTATGGAAGGTCCTCATTGTTAACTGGGTTCCCGGCTCGCCAATTGCCTGAGCAGCCACAATTCCAACCGCTTCTCCTAATTTAATTAATTTATTATTTCCCAAATCCCAACCGTAACATTTTTGACAAATCCCCCTAATACATTTACAGGATAAAGGAGAACGAATTTTTATTTTTTCAATTTTGGCCTCAATAATTTTTTTCCCTTTCTCCCAGTCAATAATTTCCCCTTTCTTGCAAATTACTTTTACACCGGCATCCTTCTTAGTCTTCACATCTCCTAAACAAACCCTTCCTACAATTTTAAGAAGGAAATCCTGACCAATCTCGTCGGCATCCTCTCTTAAAATCTCAATCCCTGTCTTATCCTTACAATCTTCCTTTGAAACTATCACTTCGTGAGAAACATCAATTAACCTTCTGGTTAAATATCCTGCGCTGGAAGTTCTTAAGGCTTTATCTGCTGTTCCTTTCCTGGCTCCGTGAGTGGAGATAAAGTACTCAAGAACTGAAAGCCCCTCTTTATAGCAACTTTTCACCGGTAACTCAATAATTTCCCCTACCGGATTTATAACCAAACCTTTCATCCCACTCATTTGAACAGCCTGGGTCCACGAGCCTTTAGATCCTGCGTCAATCATTTGAAAGACGGAACCTCTTTTTGGCAATGTTTTTGGAACTTCTCTCTCTATCTCTAATTTCACCCTGCTCCAAATACTGATTATTTTAACCGATCTTTCTTCAGGAGAAAGAAGTCCTTTTTTGAAATAATTTTCAACTTTTTCCTCTTCTTTTTGAGCTATGTCCAAAATTTTCTTTTTTTCTTCAGGTATAATTAAATCATCTACTCCCCAGGTAATACCAGCTAAAGTAGAATACTCAAATCCTAAATCTTTAATTTCATCAAGCGTAGCTTCGATAACATCTTTTGGATACTTCTCAATAATCTCTCCTAAAATCTTCTTTAAATCTTTTATTTTAATTAGTCTGTTCTGAAAAGGAAAATCTGCGGGTAGAGCTTCGTTGAATAAAATTCTACCTGCAGAGGTCTCAATTAAGTGAGAAGATTTTTCTTTTTTGAGTTTTTGAACTTTATTTTTAAAGCCTTTAATGTTTACTTTTATTTTTGCCTTAGGACTAATTTTGCCAAGATTATATGACAAAACTGCTTCGTCTGGAGTTATAAAAGTTTTTCCCTCTCCTTTTTCGTTTTCCCATATATCGGTCAACCAATAACAGCCTAAAATAATATCTTGATTAATGCTAACAACGGGCATTCCGTTAGCAGGTTTTAAAACATTTAAGCCAGACAACATTCGTTCTTTTACTTCTTTTTGTGCCATATCGGATAGAGGTACGTGAACAGCCATTTGGTCTCCATCAAAGTCAGCATTAAATGCATTACAAACCATTGGATGAATCCTAATTGCTTCTCCTTCAATTAGTATGGGGTAAAAAGCCTGAATACCTAATCTATGCAGGGTGGGCGCTCGATTTAGTAAAATTAACTTTTCTTTTACCACTTCTTCTAAAGATTCCCAAACTTCATCAGTTTCATCATCAATTAATCTTGAAGCTCCTCTGACATTATAAGCAAGTTCTTTTTCCAAAAGTTTTTTAATAACAAATGGCTTAAAGAGTTCTAAGGCCATCTTTTTTGGTAAACCCACCTGATTAAATTTTAATTCAGGCCCCACCACTATTACTGACCTTCCAGAATAATCAACTCTCTTTCCTAAAAGATTTTGCCTGAATCTACCCTGTTTACCTTTAAGTATATCAGCTAAAGACTTTAATAATCTTCTTCCTCCTGTTGTTGCCCGGGTGGTTGTTCCTCTCCTCATACCATTATCAATTAAAGAATCTACCGCTTCCTGTAACATCCTCTTTTCATTTCTAATGATTACCTCAGGAGCTCCGATTTCCAAAAGATACTTTAATCTATTATTTCGATTGATTACTCTTCTGTATAAATCGTTTAAATCAGAGGAGGCGTATCTTCCTCCATCCAATTGAACCATTGGCCGTAAACCAGAAGGTAAAACAGGTAGAACCGTCAAAAACATCCATTCGGGACGAATGTTTGTTGAATCCATTATCTGAAAAAGTTTTAATCTTCTTAGAGTTTTTTTTCTTTTCTGACCGCTAACTTGCTCTAATTCTTTTTTTAGCTTTTTGATTTCTTTTTTCAGGTCAATCTTCTCAAATATTCTTCTTAAACTCTCAGCTCCTGTTCCTGCTTCAAAAACTTCTCCATATTTCAAAGAGAAATCACGATATTTAACCTCAGATAAAATTTTTAAAGGTTCAATTGATAAAACATTTCCTTTTGCCTTGTTTCTTGCTATTCTCAATGCTTGAAGGTCAGATTTTAATAATTTAGTTCCTTTTCTTTTTTCTTTAAGCTCAGATTTTAATTTTTTTTCTTTCCTTTTGTACTCTTTATTAATACTTTCCAAAACATCTCTCTTTGCTTCCTTATTCACACTGGTCACAATATAAGAGGAAAAATAAATTACCCTTTCTAATTGCTGCATTGAAATATCCAAAAACATTCCCATTCTTGATGGAATACCTTTTAAAAACCATATATGTGAGACAGGAGCGGCTAACTTAATATGACCCATTCTTTTTCTCCGTACAGATGACTTTGTTACTTCCACTCCGCATCTATCACAAACTATACCTTTGTAGCGAATTCTTTTATACTTGCCGCAATAACACTGATAGTCTCTTTCTGGTCCAAATATTTTTTGGCAAAAAAGTCCATCCTTTTCAGCTCTTTGAGTTCGATAGTTAATAGTTTCCGGTTTAGTAACCTCACCGTAGCTCCATGATAAAATCTCCTCTGGCGAGGCTATTTTTATTCTGATTGCTTCTAAGTTTTCTACTCTCATAATTAAAGTTAGATTGTTAGAAATATTAGGTAGGCCTGCTCGCTTATTTTCTTTCTTCTTTTTCTTTCTCTTTCACTTCCACATTCAATCCTAATGCCTTTAATTCGTTAACTAAAAGGTCAAAGGAGGCTGGAATATTAGGTGCTTTTATTTCTTCTCCTTTCAAGATTGACTCATAGGTTGATGCTCTTCCTAAAACATCATCAGATTTTATAGTTAACATTTCCTGGAGTGTATGAGCTGCGCCATATCCCTCTAAAGCCCAAACCTCCATCTCACCAAATCTCTGTCCACCGAACTGGGCTTTCCCTCCCAATGGTTGCTGGGTAATTAAAGAGTAAGGACCAATAGAGCGCATATGAATTTTATCTTCAACCATGTGAATTAACTTCATCATATATATAAAACCTACGGTAATCTTTTCCGAAAAAGGAAAACCTGTTCTCCCGTCGAAAAGTTGAATTTTTCCTCCTTCGGGAAATCCTGCTTCTTTAAGTTCTTTCTTTATATCTTCTCCAGTCGCTCCAGAAAGCGCAGGAGTAATAGCATAATATCCAAGGTTTTTAGCCGCCAAACCCAAGTGGGTTTCCAGAACCTGACCTAAATTCATTCTCGAAACTACGCTTAAAGGACTAATAATAATGTCTATGGGAGTACCATCTGCTAAAAAGGGCATCTCTTCTATTGGTAATACTTTTGAAATTACACCTTTATTTCCATGTCTGCCCGCTAACTTATCTCCTGCTTGAACTTTTCTAATATGTGCTACTTCAACTTCAACTCTCTTTATAACTCCGGGTTCAAGTTTGTCTCCTAACTCCCTGGAAAAAACTTTAACTCCCACAATCCTGCCTCTCTTTCCATGTTCCATTCTTAATGAACTATCTTTTACTTCTTTTGCCTTTTCTCCAAAAATTGCTTTTAACAATCTTTCTTCCGGTGTTAGCTCTTCTTTACCTTTTGGAGAAATCTTCCCAACTAAAATATCGTTTGGTC
CP061210.1_gap4	46916	50075	3159	GCTTCACTATCACCATTACTGGTTTTGGATTAATTAACTGGCTTGGGGTTAAAACATGAACATCTAATGTTGACATTCTATCTCTAACAATCCTTTCCATTCTCATAAACCCTACTCTCAGCCTATTAACCAGCAACTCTGTGAAAGGTCTTACTCTTCTATTCCCCAAATGGTCAATCTGGTCAGGTTTTGCCTCGGGATTATTGCTCAGTCTAATAATTTCTCTCAATACTGCTATAACATCCTCCGGTTTTAAAACTCTGTCTGAAATTGTTATTTCTTCATTTAAGTTTTGAGTTTTATCTTTTTTCTTCGAACTAATCTTTGTTTTTAATTCTGGTAATCTCGACCACATCCTCCATCTTCCAACTTTTGACAAATCATATCTTTCAAAATTAAAAAACATATTTTCTATTAATTCCTTGGCAGTATCAGGAGTAACCATATCTCCAGGCCTCAACCTCTGGTAAATCTCAACTAAAGCTTCTGCCTGGTTATGAGTCAGGTCTCTTTTTAAGGTCTCTTTAATATGGTCAACTTCTCCCTTATTGACGTCTTGAAACTTCTCTTTAATTGACAGGTCATTATCAATACCAAAAGCTCTTAGAAGTGTTGTGGCAGCCACCTTTCTTTTCCTATCAATCTTTACCCCTATTGCTCCTGAAGAATCTGTTTCGAATTCTAACCAGGATCCTCTGTTGGGAATAATTTTTGCCCCAAAACAATTCCTTCCCGAAAGTCTCCTCCTGGTGAAAAATGCTCCTGGAGAACGAATTAATTGAGAAATAACTACTCTTTCAACTCCATTAACAACAAAAGTTCCCCTTTCGGTTTGTAAGGGGAAGTCACACAAAAATACTTCTTGCTCTTTTATGTCTTTAGTTTTTAGATTAACAAGTCTTGTTTTAATAATCAGGGGTGCTTCATATGAATCGTTATTCTTTTTTGCCTCAAAGTCTGATTTATATTTCGGTTCCTTCAATTTATAATCCAAAAACCAAAGCTCAAATTCTTTTTTAGTATAATCTCGAATAGGAGAAATTTCTTGAAATAATTGTTTCAATTCTTTATCGCAAAAACTTCGCCAGCTCTCTTTTTGCAGGCTTAATAAATAAGGTAATGGTAAATGGATTTTGGACTTGGCAAAGTTCTTTATTCTTGTTCTTTGCATAATATTAATTATAATTAAATAGCGAAAAATACCCCCAACGCTATTGGGGTATTTTTTGCTCCCGTAATTTATTTATCAGAAAATAAGCAAAGACTTAACAACCAAAATTAACTATATAAATTATTTTAATCTTATTTAAAAATTTGTCAACCCCTATCTGAATCTGGACAACTAAGGGAGCCTAAGGGTTAGCTTTCATACTCTGAAGCATCCCTAACCCGATAAAAGTGGCAATTAAGCTCGAACCCCCATAGCTTATTAATGGTAAAGAAATTCCAATTATAGGAAGAAGACCGATATTCATACCAATATGAATAAAGATTTGTGAAAGTAAAAGAATAGCAAAACCTGCGGCAAAAAGACGGCAAAAATTTGAGTTACTAAAAACAGCAATTTTCAAAATACGCCAGATTAAAACAACAAATAATAAAAGTAAAATTCCGACTCCAATCAGCCCCATTTCTTCTGCTATAACAGAGAAGATAAAATCAGTCTTTGGTTCGGGTAAGAATCCGTATTGAGATTGAGAACCTTTACCTATTCCTTGTCCATAGATTCCGCCAGAACCTATGGCAATCTTTGCCTGTCTCTGGCTCCACCCCACTTCAAGTGGGTCGGATATTTGAGGTCTAATAAAACTCAAAATCCTCTCTTTCTGGTAATCTTTTAAAATGGTTGACCAACTTAAAATTAAAATTAAAACTCCCAACAAAAGCAATGCTAAAAAATGGCGCAATTTAATTCCTGAAATAATCAAAATTCCCATCCATAAACTCAGTAAAATTAAAACAGAACCTAAATCAGGTTGAAAAAAAATTAAAAGAGCGGGGGAAAAAACATAGAAACCTGAAATTAAGATATGAATTACCCTGTACATTTCAACATGTCTCCTTGAAAAGTATTTTGCCAACAAAACAATTAAAACAATTTTTGTAAATTCTATCGGGTCAAAAGAAACAGGACCTATTTTATACCAGGACCTAACTCCCCTTATTTCAGGGGCAAAAAAGAATAAACCTCCTAACAAAACGAGGCATAAAAAATAAAGAATCAAAATTAAATAAGGGTCTTCTAAAAGCAAACGCCAATCAAAAAAACTAATTATGAGCATCAAAAAAAATCCTATTCCTAAAAAGACAATTTGTTTTTTAAAAGCGAAAAAATCTTTCCTGCCGATTGAAGAACTATATATTGCTAAAAGACCAATACTTATTAAAAGTAAAGCAAAAATAATTAAGGTCCAATCCAATTTTTTACTGTGAATTAAAATCCCTCTCATTGAATTAGTTTTAAAAATTCCTGTTCCCCTATTCTCTTTATGCCAAATTTTTTGACTTCTTTAAGTTTCGAGCCAGGCTTTTCGCCAACAATTACATAATCTATCTTTTCCGATACTGATTCGGAAATCTCTCCGCCAAGTTCTCTTATTCTTTTTTTCGCTTCATCCCTGGTTAAAGTTTCTAAGGCTCCGGTTAAAACAAAAGTTCTTCCTCTTAAGGGTTGGTATTTAGTTCTTTCCTTCCTTCCAATTTTCACTCCAGCTTTTTTCAGTTTTTTTAATAATTCTAAATTTCTTTTTTTGTGAAAAAAATCATAAATTGAATCAGCCACTGCAAAACCAATGTCTCTTATTCTTTCCAAATCAGAAGGAGAAGCTTTTTTTAAATTTTCTATGGAACCGAATTTCTTAGCTAAAAGATAGGCTGTTTTCTCGCCAACATTTCTAATTCCCAAAGCAAAAATAAATTTAGGAAGAGTAATTTCTTTTTTTGATTGTATGGCTGTAATTAAATTTTTGGCAGATTTTTCAGCAAATCTTTCTAAGAGTGAAATATCACCTTCTTTTAAATTAAATAAATCAGCCGGGTCAGAAACCAAACCTTCTTCAATTAGTTTATTAATAATTTTTGGTCCCAAACCTACGACATCAAAAGCTCCTTTTGAGATAAAATGATAAAAATATTTCCTTCTTCTCGCAAAGCATTTTG
CP061210.1_gap5	80650	84574	3924	ATCCTGGGGCCAAGGCTTTAAATAAGTAGGAGTTATCGTTTCAAGGTTAGTGGTTATTCTCGCAAGAGTAGGCTCAGTACCTGCTGTAATAACAGGATATTCTCCATCATCACTGTATTGCAACTCTAAGGCAGCAGCAATCTGCCTGATATCAGACTGTCTTGCTACGTCCCTGGCTTTACTCCTGGCACCACCTAAAGAAACTAAAACCAATCCAGATAAAGTTCCAATAATGGCAATAACTACCAATAGCTCAATTAAAGTAAAACCTTTATTCTTTTTAAACATATTGTTATTTATAATTATTTATAACGATTATTTCAGATAAATTTTTTGTTTAAAAAATTTCTATGGTGTGAATAACTTTTATTCGCATTGCTTTCTTTTATTTTCTAATTATAGCATTATTTTGTCAACCCCGGTAGAGAAATTTTGACTGACCTCGCCCCGAAAAAATTAAATAGATATTGTTTGATAAAGAGGCATTAAAACAGAAAATATTAATCCTCCAACCAGACCTCCTAAAAGAATAATTAAAACGGGCTCTAAGATATTTAATATATTGGTGATTCCTCTCTCAACTTCTCCTTGATAAAAATCAGAGACCTCTTTTAAACTATTGGCTAAATTTCCTGTCTTTTCTCCAACCAAAGTCATTTGAATAAATAGAGGAGTAAAAATATCTGGAAAAAGGATTAAGACCGAAGAAGCCTGCTTTCCTTTTCTGACCTCGTCTCTAAGCAAAAAGAGAGCATTTTTATAAGTTGAGTTGCCGACGATATCAGCAGAAAGCTCAATAGCTTGAGTAATCATTAATCCTCCTGATAAAAGAATAGAAAGACTTTCTGCTAATCGAGAAAGATATAATGTTTTTAGAAAAGGACCAATAACGGGCAATTTAATTAAGATTTTATCAACAAAACTTTTTCCGCTTTCTGTTTTATAATATCTGAAGAGTAAAAAGAAAAAAATAAAAAGCCCTAAAACAAAAAAAAGACTGTAATTCCTTAAAAATTCAGAAGAACTAATTACTATCTCGGTAAGTCTTGGTATTTCAGCTCCGGTTTCTTCAATCACAATTTTTAACTGAGGGATAATTGTATAAGTCATTAATCCTATAACCGAAACCGCCATTAAAAGAACTAAAGCAGGATACATAAGAGCTCCCTTTGTTTTAGATGTTAAATTGTATTCTTTTTCCAAGTACTCGGCTAAATAATCAAGAGATTCAGACAATTTACCTACTGTTTCTCCGGCTTTAACCATGGCAATATAAAGAAAGGAAAATGTCTCGGGATAACGTGAGAGGGCTTTGGAAAAAGAACTTCCTCCTTCTATTTCTTCTGATAGGTTTAAAATTTGCTCTCGAAGCTGTATATTTTTAGTCTGACCACCTAAAATCCTTAAAGCCTCAACAAGGGAAACTGCTGAACGAAACATCATTGACAGCTGTCTGGAAAATAGAACAATATCTTTCTGAGAAATTCCCCTTAACAACTCTATTTTCCTGGCGTAAAAAGGTATTTTGGCTTCTTCAAGATAAGTAACGTAATATCCATGCTTTTGTAAAAGAGAAAGAACAGCCTCTTTGGAAGAAGCTTCAACTACTCCGCTCTGAATTTCTCCTTTTTTAGTTCTGACCTGATAATTAAACTTCATGCGCTTCGCTTAATCTTAATTATCTTATAAGCATTTTCAGTTCTTTTGGAATTAGAGAATAAATAAGAGCAGTTTCTAAGGAAACTTCTTTTCTTTTCACCAAATCAGATAAGGAGCGATTTAAAGAAATCATTCCCTGTTCCAGACTAGTCTCAATAACCGTTGGAATCTCGTGAACTTTATTTTCGCGGATTAGATTAGCAATGGCAGGATTACTAATCATTACTTCACAAGCAGGTATAATCCCTCCCTTAATTCTCGGAACTAATCTCTGGGAAATCACTCCTAAAAGAGAGCTCGAGATCTGAAACCTAATCTGGTTTTGCTGCTCGGGAGGAAAAGAATCAACAATTCGGTGAATTGTCTGAGCAGCAGAATTTGTATGAAGCGTAGTAAAAACTAAATGACCCGTTTCAGCTGCAGTAATGGCTGTGGACATTGTTTCTACATCTCTCATTTCTCCCAACATAATTACGTCAGGGTCTTGACGAAAAGTCGAACGAAGAGCTTTAGCAAAACTCAAAGTGTCCCGCCCCAACTCTCTTTGGTCAATAATAGATTTATCAGGAGTAAAAATATATTCAATAGGGTCTTCAATGGTAATGATATGGTCTGCACGAGTGTGGTTAATTTCATCAATTAAACTCGCCAAAGTGGTTGACTTTCCCTGAGAGGAAGGACCGCAAACTAAAACAAAACCTTGCTTGGCTCTGGTGAATTCATATAATACCGGAGGTAAATTAAGTTCACTAATAGTTTTGATTTTAACCGGCACTAATCTTAAGGCGCAGGAAACATATCCTTTCTGAAAAAATATATTTACTCTGAAACGAGACTTTTCTCTAAAGCCATAAGAGAAATCAATTTCTTTTTCTTTTAAAAATTCTTCTCTTTGCAGAGCATTCATAAGAGCAAAGGCAAGATTTTTTGTATCTTCAGGAGAAAGTTTTTTCTCCTTTATCAGGGGGACAAGCCGACCTGAAATTCTTATAATAGGAGGGTGACCAACAGAAAGATGCAGGTCTGAAGCCTGTTCTTTAATTATTAATTCTAAGAGTTTTGCAAGTTGAGAATTATATGCCATAATTATGTTGTTCTTAAAACCTCTTCTATGGTGGTAATTCCTTTCAAAACTTTTAATATGCCGTCCTGCCTCATTGTAGTCATTGATTGTCTTTTAGCTTCTTTCAATAAGCTTTTCTCTGAAATATCTTTTGAAATTATTTCGGCAAACTCCTCGGTCATTTCAAAAACTTCAAAAAGACCAATCCTTCCGGAAAATCCTCCATGGTTGCACCTTTCACAGCCTTTCGCCTCCCAAAGATAAAGAGGTTCTGAAAGTTTAATCTCTTCTTTTACTTTTTTTGAAAAACCTGCCACTTCCTTTAAAATTAAATTTTTAATTTCCTCTTTAGCTTTTATCTTTTTTTTACATTTGTCGCACAGCCTCTGAACTAACCTCTGAGCTACAGCTAAACTCAGAGTTGCTGGAATCAGAAAGGGCTGAACTCCTAAATCAAGTAGTCTTGGAATTACTCCTAAAGAATCATTAGTATGCAGGGTTGATAAAACAATATGGCCTGTTAGAGCAGCATGAGTAGCCAAAGAAGCAGTTTCTTCATCTCTAATCTCTCCTACCATAATAACGTCAGGGTCCTGCCTAAGAATAGACCTTAATCCATTGGCAAAACTGTAACCAATTTCCGGCCTAATTTGAGACTGATTAATCCCTTCTATAAAATACTCTACCGGGTCTTCAAGCGTGATAATATTCACGCTTTCTTTGTTTAGAATCTGTAATATTCCATATAAAGTTGTTGTTTTACCGCAGCCGGTTGGACCCGTAGCTAAAATCATCCCGAATGGTTTTTTAATTGCTCTCATGAGAATCTCTAAATTTCTTTTAGATAAGCCCAACCCTTCAAGCTTCTTCAAACCCATTGTTGGATCTAAAATTCTAATAGCCACTTTTTCTCCTAAAGTTGTTGGAAAGGTAGAAACTCTAAAGTCAATGTCCTTGTTGTCTATTATGGTTGAAAACCTACCATCTTGAGGAATTCTGGTTTCATCAAGTTTCAAATTAGATAAAACTTTAATTCTGGAAACTATAGCCTGATGGGCTCTGATTGGCAAAATAATCGAGGAATGCAAAGAGCCAAGTAATCTAAAACGTATTCTTAATTTTTCTTTTTCTGGCTCAATATGAACATCAGATGCTTTCCCTTCAACTGAATATCTCAAAATCACAGCCACCACTTTTGAAAT
CP061210.1_gap6	89793	94253	4460	TCAGGTAGCTTTTATGGCACCGACAGAAATTTTAGCCGAGCAGCATTTCAAAAACCTTAAAAATATCCTAAAAGATTTTAAATTAAAAATTGGGCTTCTCACAGGAAGTAATTCTAAAATCTCTGAAAAAAAAATAACTAAAAAAACATTATTACAAAAGATAAAAGAGGGAGAAATAGATATTATTATCGGAACCCATGCTTTAATCCAGGAAGAAGTAAGGTTTGGGAAATTAGCTTTAGTAATTTTAGACGAGCAACATCGATTTGGAGTAGAACAACGAGCCCGCCTCTGCCAGGGAGCAGACTCGCAAGTAAAACTTATACCTCATTTATTATCAATGACTGCAACCCCTATTCCAAGAACGTTGGCTTTAACTTTATATGGCGACTTGGACCTGTCCTTGCTTGATGAAATGCCAAAAGGAAGAAAAAAAATAATCACAAAAGTAATCCCGCCAAAAGAAAGAGAAAGAGTTTACGATTTTATTAAAGACGAAGTTAAGAAAGGGAAACAGGTTTTTGTTATCTGCCCTCGGATAGAAAGCACAGAAACAAGTAAGAATTGGTCAGACGTAAAAGCTGTTAAAAAAGAATATGAGAAATTATCAAAAAAAATTTTCCCTAAATTAAAAGTAGCCATGCTTCACGGAAAAATGAAGTCTAAAGAGAAAGAAGAAGTAATGAAAAAAATGAAGAATAAAAAAATTGATGTTTTAGTTTCTACTTCAGTAATAGAGGTAGGTATTGATATTCCTAATGCCACCTTAATGCTCATTGAAGGAGCTGATAAATTCGGCTTATCACAGCTCCACCAATTTAGGGGAAGAGTTGGAAGGAGAGAAGACCAATCTTTCTGTTTTTTATTTACTGATTCAGGAGCTAAAAAAACAAGAATGCGCTTAAGAGCACTTCTGGATTCAAAAACAGGTTTTGAACTAGCGGAAAAAGATTTGCAAATCAGGGGACCTGGTGAAGTTTTTGGCGCCAGGCAGTGGGGAATACCGGATTTAGCTATGTCTTCCCTATCAGATGTATTTTTGGTTGAAAAAACAAGGTCCTGGGCCCAAAAGATTTTACAACAAGACCCTCAATTAAAAAAATATCCGCTTTTAGCGGATGAAATAAAAGAATTTGGCAAAATAATTCACCTTGAATAAGGCCAGTCCTCAATCATTAAGCACTTCTTTTTATTTTTAATTGGTAAATTCTGGTAAATCTCTTCTGTAATAAAAGGTATAAAAGGATGTAAAAGCTTCAAAGAAGATAATAACACATATAGCAAGATTTTCTTGGTTACTTCTTGCTCTTTTTTTGATTTAGCATTTTTAACCTGCAGTTTTGATTGTTCAATGTATTTATCGCAAAAATCATGCCAGAAAAACTCATAAAGAATCCTGGCTGCTTTTCCAAACCTAAAATTCTCTAAGTGTGCGTCAACAGATTCTATTGTTTTTTCTAAAGCCTTTAATATCTTTTTATCTGCTTTGGTTAAGTTTTGAATTTTAAACCCCGCACCGGAAGCTCCGCTTCGGCACAAGGCATGTTTTGAATTTTGAATTTGAAACAATATATATCTCGTTGCATTCCAAATCTTATTGCAGAATTTCTTCCCCATAACAATACTGTCCTCACTAAATCTAATATCTTGTCCTCCTGTAAGCTGCCAGGCAAATCCAAATCTTAAAGCATCAGCTCCATATTTCTCAATTAAAATCATTGGGTCAATACCTATTCCAAGAGATTTTGACATTCTTCTTCCTTCTTTTGTCAAAACAGTAGGATGGATATAAACATCTTTAAAAGGTTTCTTTTTCATAAATTCCATCCCTGAAAATATCATTCTCAGCACCCAGAGATTAATAATGTCTCTGGCTGTTGATAAAACGTCTGTTGGATAAAATTTCTTTAAATCTTTTGTTTTCTTGGGCCAGCCGAGCGTTGCAAATGGCCAGAGAGCTGAAGAAAACCAGGTGTCTAAAACATCTTCAGAACCTTTAATAGGAATTTTATGGCCCCACCAAATTTGTCTTGAGATACACCAATCTTTTATATTTGAAATCCAATCGAAATAAATCTTTTCAAATCTTTTTGGATGAAATTTTATTCTCCCTGACCTGACTTCCTTTTCAGCCATCTTTGCTAATTTTTCCATCTCCACAAACCATTGCTTAGAAGGTAAAATCTCAATTTTTGTCTTACAGCGGTCACAAAAAGGAACCTGATGAGAAAAATCTTTAATCTTCTCTATTAATCCTAATTTTTTTAAGTCTTTAACAATTGCTTCTCTTGCTTTTAAAATTGATAGACCTTGATAATCAGCCGGTGCATTTTTTTTAATTTTACCCTCTTCATCAATAACTTGAGTAATATCCAAGTTATGAGAAATACCAATTTCGTAATCTTTTAAATCGTGGGCTGGAGTAACTTTTACAGCTCCTGTCCCAAATTCCAAATCAACAAGTCTATCAGAAATAATTGGAATTTCTCTATTAACTAAAGGTAAAATTGCTTTTTTACCAACTAATTTTTTGTACCTTTTATCTTTTGGATTTACGGCTACTGCCGCATCACCTAACATTGTTTCGGGTCTTGTCGTCGCAACTACGATATATTTTGTAGTTTGTGTTTTGTAATTTGTATTTTTAAGCGGATATCTTATGTACCATAATTTTCCTTGTTCTTCTTTATAATCTACCTCTAAATCTGATAAACTGGTCTGGCATCTTGAACACCAATTAATTGGTCGTTCTTTTTTATAAACTAAACCCTTCTTATAATAATTCAAAAAAGCTTTTTTCACGGCTGCTGAATATTCTTTGTCCATCGTAAATCTTGTTCTTGACCAATCTAAAGAAGAGCCTAATTTTTCAAATTGTTCTAAGATAGCATTTCCGTATTTTCGTTTCCATTGCCAAACCCTTTTTATGAATAGTTTTTTACCCAAATCAAAACGAGTTTTACCTTCTTTTTTCAATTCTTTTTCAACCTGAACCTGGGTAGCTATTCCAGCGTGGTCGGTTCCGGGCAGCCATAGGGTTCTATATCCTTTAAGTCTTTTCCAACGGATTAAAATATCATTAATAATTGCATTTAAAGCCTGTCCCATATGAAGTCTTCCTGTAACATTAGGAGGAGGCAGCATAATAGTAAATGGCTTTTTTCTTTTTCCCAAAAGTTTGTCGGGATTAAAAAAACCGCTCTTTAGCCAAAGCTTATAAATGCGATTTTCTACAGTTTTTGGATTGTGGACTTTTGGGATTTCAGATTTCATTTTCAATTCTAAGATTAGCATTTACGGTTATTTTTTTCCAGTCTTTTTTAATCTCTAAAACCCGGTAATAATAAGCTGTTATAGCTACCATCAATGCGTTGTCAGTACAGAAAATTTTTGACGGAACCAAAAATTTCACTTTATGGTTTAGGGTTTTTAGTTTATATTTGAATTGCTTACGCAATTCATCATTGGCAGCCACTCCTCCTCCCAAAATTATTGTTTTTGCCTTGTGGTTTTTGGCTGCCTTAATGGTTTTATAAATTAAAACATCAATAATTGCCTGTTGCGTTTCAGCCGACATTGCCCGGACATAATCTATTGATTTTCTAACATTTGATTTTTGTTTCTTATAATTATACAAAGCTGCTGTTTTTAACCCGGAAAAACTAAAATCATAATTTTTCTGATGTATCATTGGTCGAGGTAGAGTAACTTTGAACTTTAAACCTTTAACCTTTTTAGAAGCCTCAACTTCTATGGCGGGTCCTCCCGGATAACCTAACCCCAACATTCTTGCGATTTTATCAAAGCATTCACCGGCAGCATCATCCCTGGTTTCCCCAAGAATTTTGTATTTACCAAATTCTTTCATCAGTATTAATTGAGTGTGTCCTCCACTTACCACCAAGCAAACTATCGGAAACATATTATTTAAGTGTTTAAAGCCGGGTTTTAAACAACAGTCAAATTTGGAATTTGAACCGGTTGGCACAAGCAAACTGGCAAAAATATGAGATTCAATGTGATTGATAGGGATAATTGGTAACTTTAATTTTTTAGCCAAACCTTTGGCAAAATTCACCCCTACCCAAAGACAGGGTTCCAACCCCGGACCCACGGTAACAGCAATCAAATCAATCTTGCTCCGCCGGCCGGCGGATTCAGCCTCTTTTTTTGCTTTTTCAAATAGTAAGGGAAGATTTTTCTGATGTTCTCTCTTTGCTAAAAAAGGATAAACGCCACCGTATTTTTGATGAATCTCCACCTGTGAAGAAATAAGGTTTGATAATACTTTAATCTTTAACTTCTTTTTCTCGCCGCCTTTTATTAAAGCTACGCAAGTGTCATCACATGAGGTTTCAATAGCGAGAATGATTATGTTTTTATTTTTCATTATTTTTTCTCTAAAACTTAAAATGACTTGCCTTTTTCCAATTTTGAGATAAAATTAAGAATTAAACAAG
CP061210.1_gap7	104657	107339	2682	TCAGAATAGTTCCTTTGTTCTGAAATCTCTCTTCCTAAAAAAATTAATTCTTCTTTTTCACCAAAAGAAACTGGCCCTAACTTAGACATTCCATATTTTTTAACCAATCTTCTAGCTAAACCAGAAGCTTTTTTTAAATCATCGGCAGCTCCAGTTGTGATCTGGCCGAATTTTAATTTCTCAGCAACATATCCTCCAAGCAAAGTTGCCATCTCTGCTAAAAATTCTGTTTTTGTTTTAATCCTCTTTTCCTCTTTGGGCATTTTTAAGGTATAACCAGCCGCAAATCCCCTGGCAATAATTGAAATCTTTCTAACAGGTTCTGCTTCTAAAAGAAAAGAAGAAACCAAACCATGACCTGCTTCATGAAAAGCAGCTATTTCTTTCTCCTTTTTTGATAAGATATGGCTTTTTCTCTCAGGGCCCAATAAAACTTTTTCAATAGACTCTAAAAATTCTTCTTGAAAAATTTGGGTTTTGTTCCTTCTTGCAGCTAAAATTGCTGCTTCGTTAGCAATGTTTGCTAAATCTGCTCCAGAAAATCCGGGAGTCCTTTCAGCAACTTCTCTCAAGCCCACATCTAAAGCTAATGGTTTTCCCCTACAATGAATTTTTAAAACTTCTTCCCTGTCATTAATATCTGGTAAGTCTAAAACTACCCTTCTATCAAATCTACCAGGACGTAAAAGTGCAGGGTCCAAAATATCAGGGCGATTGGTCGCACTGATAACTATGACATTGGTATCTCTTTCAAAACCATCCATTTCCACTAATAATTGATTTAGAGTTTGTTCCCTTTCATCATGTCCTCCACCAATTCCCGCTCCTCTCATACGACCTACAGCGTCAAGTTCATCCAAAAACACCAAGCAAGAAGCGCTCTTTTTTGCAGTAGCAAATAAATCCCTAACTCTAGCAGCTCCTGTTCCCACAAACAACTCTACGAAAGTGGAACCTGAAGTATGGAAAAAAGGAACATTAGCTTCCCCGGCTACTGCCCTTGCTAACAAAGTTTTTCCTACCCCGGCTGGGCCTAAGAGCAATATTCCTCTTGGAATTCTCGCTCCCATTTTCAAATATTTTTTTGGATTTTTAAGAAAATCTACTACTTCTTTTAATTCCTCTTTTGCCTCTTTTTGACCGGCAACATCTTTAAAACTAATTTTTTCTTTTGGATGACCTTCTGCTCCAAATAATCTAGCTTTTGCCTTAGTAAAATCAAAAGCCTGCATCGCTCCACTTTTAGCTTGCCGAAAAATCATCCAAAAAAAGACACCAAAAAGTAAAACAGGAAGCACTGAGAATAAAACAGGTCCAAGCCAACTCCAATTTCCACCTCTTTCTTTTATATCAACCTTAAGTTGAACTAACTTTTCTTTCTCTACTCCATAGTTTATTAATGACTCAAACAAAGAAGCTTCTGGTTCTTTCTTGGATTTAGCTATTGTTTCATCTTTATATATTGCTTCAATCTCATCTCCAGAAACAGTAATTTTTTCAACTTTATCCTGATTAATATCTTCAATCAGTTGGGTAATTGATAATTCTTTTATTTCTTTCAGCGGCTGGAAAAATAAACTAAAAAGGGCAGATATTGTTAGAAAAATGAATAAAATGAGTAAAAAATTTTTAACTAAAATTTTCATTTTTGCAATAAAAATTATTTAACTTTACTTATCCTTGATTAATTTTAAACTCATTCGATGTTCTTTCTCGTCAATTGATAAAATTTGGAATTTGTATTTTTTCTCTATCTCTAAAACATCTACCATTTTCTCGCCTTCAAACTCAGAAACGTGACAAAGTGCTTGAATCTCTTTATCTATTTGAATGAAAGCTCCAAAAGGATTAAGTTTAGTTACCTTGCCTTTAATTATTTCGCCTTTCTTATATTTTTTCTCAATGCCTTTCCAGGGGTCTTTTTTTAAGGCTTTTAGAGATAAAGAAACCTTACCGTTAGATATATCAAGAATTTTTGCTTTTACTTTATCACCTACTTTAACAGTTTCTGCTGGGTCCTCGATGATTTTCCAATCCAACTCGGAAATATGAATTAAGCCCTCAAGCTGCTCCTTTTTGGAAGAAGCTTTCTCCTTCGCCGAGGATTTGGAGGACAAGGGAAATTTAATAAATGCTCCAAAATTAGTAATACCAGTAATTTCTCCCTTCACAACGTCTCCTATTTTATAACTTTTCAATATTTCTTTTATCTTGTCTAAATCTTTTGCTTTCTCTGATAAAATAATTTGTTCTTTCTCTGGGAATAAATCAAGTATCTTTACATCAAGCTCTTGACCGATGAATTCTTGAAGCTCTTTCAAAATTTTTGCTTTATCTCCTCCCTCAACTTTTGGGTAGTGCTCACTTGCTAATTGAGAAACTGGCAAAAAAGCAGAAATGCCTGAAATCTCGCTTATTAAACCGCCTTTATTTGCTCCTAAAATTCTTATTTTTATCAATTCACCTTTCTCCTTCTTCTCTCTAAGGCTTTCAAAAGATAACTCCCTAAATGCCCCACTTACCGATAATTCAATGAATCCCTCTTCTGCATCAAGCTCGATTATCTTGCTGAAAATTTTATCACCAATTTTTAAATTTTTTAATTTTTCTTTAGCTTGATAAAACTCTCTTCCATAAATTTTTCCTGTTCCAATTGCTCCTAAATCCAAAAAAATTGAGGAC
CP061210.1_gap8	116503	120958	4455	GTTAATGATAAAATAAAAACATATGGAAAAATCACCAATTGTTGAAATAGCAAAAAGAGTTTGTCCTGCGGTAATAACTATTGTTATTAGCAAGGACTTACCCAAAATAGAAGGGTATTACATTTTTCCTTTCGGCGGACGGCAATTTGTTATTCCTCAAATAGAAAAGAGAGGGAAAGAAAAAACAAAAATTGGAGGAGGTTCAGGATTTGTTGTTTCTCCTGACGGTTATGTTATAACCTGCAACCATGTGGTTAAAGATTCAACAGCCGATTATACGGTAATTTTAGAACCAACAAAAAAATATCCTGCTAAGGTTTTAGCTAAAGACCCATTAATTGATGTAGCTATCTTAAAGATAGAAGGAAAAGATTTTCCCTGCTTAGAAATAGGCAATTCCTCAAAAATTGAATTAGGAGAAACTGTAGTAGCGATTGGAAATCCTCTGGGGGAATTTGAAGACACCCTTTCTTCTGGAATCGTATCCGGCTTAAGTAGAAAGATTACAGCTTACGGAGGATTATCGTTTAGAGCTACAAGTTTAAGAGGCTTAATTCAAACTGATGCAGCAATAAATCCCGGCAATAGTGGAGGACCCTTAGTAAACATGGAAGGAAAAGCTATCGGAATTAATACTGCAATGGTTATGGGAGCCCAAAATATTGGATTTGCTATACCAATTAACTACGCCAAAAGAAATCTGGAAGAAGTAATAAAATATGGAAAGATAAAAAAGCCGTTTTTAGGAGTAAGATATTTTCTTTTAAACAAAGAAATAGCCAAAGTAAATAAACTTCCCGTTGACTATGGAGCTTTAATTGTCAGAGAAAGCTTAGGGGAAAAAGCAATAGTAAAAGAATCACCTGCTGATAGAGTGGGGCTGAAAGAATATGACATTATTTTGGAATGTAATGGAAAAAAAATAAATGAAGAAAATCCTTTAGCTGACATTTTACAGAAACATAAGATTGGAGAAAAGGTTTCGTTAAAAATTCTTAGAGAAGAAAAAAAAATAAATGTAAAAGTGCAATTAGAAGAGAAAAAATAGCGGTTTTGTACTTTTTACAAACATCAACTTAGAAAATTATAAAGGTCGCTTTTTTATCGTTTTATTCAATAAAATAATATTAAAATAATATATGGTTTTCTCTCTTATCTCACGTATAGTGAATAGTGCAAAAGAGGGGATAAAAACGAGTCTAAAAGGAGTTAGTGACATTGGCAGTGCTATTGTCGGTGTTGTAAAAGATTTAACCACCACTACCTTAGGAGAGACAGGTGAACTTCTTTCAAAAGGCGTTGAAGCTACTGCTTCAATTGTAAAAGGTGCTATTTATGGAGTTTCTGATATCGGAATATCAATTGTAAGTGCAATCAGGAATATTGTTAGAGGAACGGTGGGTGGTTTTATGGAGGCTGGTGGTGAACAAAAACCTGCTATTCAAGGAGCAGTCGCCCAAGCAATCAATAGTGCAAAAGAATTAGGATTAGATATTGGAGAAGTTGCTGTAGAAGCAGTGAAAGGTTCAATCCAGGCCGTTACAACAGTAGGTGGTGATACGGTTCAGGCAACAAAAGAAGCTGTTTCAGCTGCTATAGAAGCTGCCAAAGATATTGGAGGAGAAACATTAGGCGCTGTAAAAGACGCACTTGCCAGTGGTGTTGAAGGAGCTAAAGACATTATTGAAGCGGCAAAAGAAGAGTAAAATTTCTTAAGTTTTTCAGTTTCAAAAATGAACGGCGGGTTAAATCCCGCTCGTTTTTTTGTCAAAAGACCAAAAAAAAGAGGGAAGAAGAAGTAGAAAATAATTAGTTTCTCTACTTAGTTCTTTTTCCCTATATAAAATAATTTTAGATGAATATTCCTCTTTCTTTGATTACTTCCTCGAATTTCTTAAGAATCTGATGGAATTCTATTGGAATCTTATCAGGATCCATTGCTTTTATTTGATCCCGGCAAGCATTCCATATTATCCTTATTTGATTTTCTGAATAAGGTTCTGATTTCTTTTTTACATCACCCGACCAAATATTATCCTCTTCCATTTTCGGAAAGAAGATTTTTATGGAAGTTCCCCCGGTAAATTCGTTTGTTTCTATCCTGACATTCTTAATTTCTCTAGTTTCTCTGAATTCCTCTTCCTTTTCTTCTTCTTTAATTTTCTTTTTCTTTTTCTTTCTCATTTTTTTTACCTCCACAAGTTTAGATTTTCTCTTCCTTATAAATTCAAAAGAGCTACTTGCCACTTTTATATACACTAAAACAAAAACTTTATCAAGAGGTAATAAAAAAATTTGTTTCCTATAATATTTGAAATCATTCTTTTTCTTTTTTACTTTCTTCATCCCACTCTTCGTAGGCTTTCTCTAATTCCTTCTCCATTTCTTCAACAGTTTTGCCAGAAAACTTCTTTTTTTCTTCTTCAAAATCCTTCTCAACTTTTTCTTTAAGTTCTTTTTGTTGTTTTTTAAATTCTTCCATTGCTTTTTTGTCTTCCTTTGATTCTCTCCTTAGTTTTTCTGGGTCTATCATGCTTTTTTGATTTACATTAGGTAATATTTTTGATATTCCCTAACCTTTATATTCCATTATACCACAAACCCCCCAAGCTAAATGCTTCAGTAAATTCAGCACAGGTGCTCGGGATGCCAGTGTGATGGATTGAATGGTATATCTAGAGCAGAATTTCTTGTTTTGACTTTATTTTCAACTTTTTACCTAAGTAGTTGGGAGGCCAAAGGGATTTGCACCCTCACCGAGAGTTCCACAAACTCTAATGCTGCTATTACACCATGACCTCCATAAATTTTTTAAAAATTCAGATTTTCTCTTACCCTTCCTCTGTTTATTTTACCCAAAATCAGCTGAAAGTAAAGGTAATCGTATCCTGCCACAGCGAGGCGCTTTACCAATTAAGCTACGACCACCATATTGATAGAAAACAATTATATAACTATTAAAAATTAAATACAAGATACACTTAATTACGTAGTAATTACAAGGAGTGAAGCGACTGGTTTGTAATACTAACCCCCTAGTGCCCCCATCAGGATTTTTACCTCGCACCAATTCATTATGCCCCGTGAGGGATTCGAACCCCCGACCTTAAAGTTAAGAGCTTTCTGCTCTACCAACTGAGCTAACGGGGCTTTATTATTTTTATTTATTGGCATTTAATCTCCCACCAACTTTCTTTCAATCCCGTCCATTCAGCTATTCCAATAGCACCTAAGAAAGTGTTTAAAAAGACCCAGGAGGCAAAAATGATTATAAAACCAATTACAACAGCTGTGATTGCTTTTTTCCCTTGAGATAAAAGGGCTGGTCCTCCTTTCTGTCCTCCTGCAAGCATTTCTGTCCCTCCAAAATGGGCAACAATAAACATAAATCCTGCAATAGTAATCATCAAAACTACTGTAATAGGCAACAAACAGGTAAGGAAAAACTTAAGAATATTGTTTAAAAGTTCAAAGATATGACAGAGGTTACATGCCGGTTTTCCGTAACGACCGCAAGGAACTATCGGACCTTCACAGATAGCTAAAATAGAAACAGGAGTTGATAACGAAAGCAAAAAAACTAAAAAAGTTGTTAAAAGTATTTTCTTCACCTTACTTTATTAAATTAAAAGTATCTTTTAGAAAAAAGGTGTCTTAATTTCTTCTTATATTCCATCTTTTAATAATTACATACACATATACGCCAAGAATAGCTACCAGGACTAGATTTACAAGATTGATCTATACTTGACTTGCGGCCGTAGCAGTGATTCATATCACCCCATATATTTGCCCAAAATGGAGCCCATGAGCCGCAGACTACTGCAGAATCAGGAGTACACCTAGCGCTATCTCCAAAAAATTTTCTACAGACCTTGCACTTATCATTATCATCCCAATTTGCATCTACACATCCACCATGAGTAGCACATACATCCTTACAAAGTTCACCCCTATTGTCCCATGGTGGATTAACAAGACCTCCCTTATACCAACAACCCATTCCTCCTTCCCCACCGCACTTTGGTTCGTCAGCTGGACAATTAGCACTATATAAATAGCCGCCGCCTGTTCTGCTACTACACTTTTTACACTCACCCTCAAAGCAACGCTGGTTATAAGCTGTACATCCATATGAACCTGCTCCCCAACCACTATCTGGAGAATTCTTAATACATGAACCTACACCATTACAGAGCTTGCAGCTGGAACAACCACTATCACGAAAGCCCTCTGAATGAAACTCGCAGTCTATATTATTATCATCTTTACAGGTGTAACAGATGGGGCAACCACCGTCACCTGAGCTTTGAACACCACAAGAATAATATGTACCACTGCAGTACTCAGAACTGCAGCCATCAGACGCCGTTGAACCTTGACTACACTCATGCCATTTATCCTCATTATTCTCCTGACGATTATAACCAAAACCAGAATTACACTCTGCACAAG
CP061210.1_gap9	128359	133030	4671	CATTTCATTCTGACATTCTAACATAGCATTATGAATTTTCAATTTATTATTTCTTGTTTCTATTTCTTTCTTCCGGCTTATCTTACCAATATGACTCCTCCTTTAGCTAAAAAAACGGGAGTCTTTAAATTTTTAGACAAGCCGGTTGATTTTAACAAAAAATTTAAAGGAGAGCCTATTTTAGGCTCTCATAAAACCTGGCGAGGAGTTATTTTAGGAATAATTATAGGGCTCTTAATAGTTTATTTTCAGTCATTGCTTTATCAATTTCCATTAATACAAAAAATCAGTTTTTTTGATTATAAAAAAGAGAATATTTTACTGCTTGGGTTTTTAATTTCAGGAGGAGCAGTTTTTGGCGATTTGCTTTTTGCTTTTTTAAAGAGAAGATTAAGGTTAAAACCAGGAGCCAAATTTTTACCCTTTGACCAAACCAATTATGTTATAGGAGCCGCCATTTTTATTTCATTGACACCATTTTTTGAAATTGATATTCTGGTCTGGTTAACTCTTTTTATTCTAACTTTCTTTTTACATATAATATTTAATCGACTTGGCTACCTCTTGAAGTTCCATCAAGCAAAATGGTAAAATAAGAAAACATGTTTCAAGAAACTATTAGCTTAGTTTGGGAAAAACTAACTCAAATCTCACCCTCAATTTTTTGGGCGAGCTTTCTTTTCCTTGTGGGCGTCATTATTTCAAAATCAATGGAAAAGCTTTCAGTGGCTTTCTTAAACAAGATTAGATTAAACAAAGTCTTAGAAAGAATGGGTTTGAAACAAGCTTTTTCCAGAATAGATGTCAATCTTGACGGTTCTAAGATATTTGGTGAAATGGTTAAATGGTTTATTATTATTCTTTTTTTGATGATATCTTCTGGAATTTTGGGATTAACCGAACTAAGCCAATTCCTACAAAATGTAATTGTTTACTTCCCCAACATTTTTATTGCTGGTTTAATTTTTGTAGTTTGTGCCTTTTTAGCTGATTTTACTCAAAAAGTTGTTGTTGGCACCTTAGAAAAAGAGAAAATAATCTATTCCAGACTTTTGGGAAGGTCTATCCGTTGGATAATCTGGTTTTTTGCAATCCTGGCTATTTTATATCAACTCAAGATTGTTCCTTCTTTAATTTTAGTTATTTTTATTGGTATGGTAGCTGCTATCTCTCTTGCTTTAGGAATTGCTTTTGGTCTGGGAGGAAAAGATTTATCAGTTAAAATCCTGAAAGAATTAGAAGAGAAATTTAAGTAGTTTATGCAATACCTCACGCAAAAAGAATTAAAGGAAATGATGCTCCTCTCTTACAAAAGAATTGAAAAAGAAAAAGAAGAAATTAATAAAATCAACATCTTCCCAGTGCCTGACCAAGACACGGGAAACAACATAGCAAAAACTTTATTGGGAATAAAAGAAGCTATTAAAGGAAAAGAATTTAAAAATTTAGAGGATATCTCAGAAGCTATTTTAGATGGAGCTTTAATTAATGCCCAGGGAAATGCCGGTGTAATATATACCGGCTTTTTGGCTGGGTTTTTACCCCAACTTGATAAAAATCCAGTTGATACTAAAAAATTAAGTTTAGCTTTTGAAAAGGGAGCAGAAAGAGCCAGAATAAGTATTCAAAACCCGCAGGAAGGTACAATCTTAGATGTAATTGATGCCGCAGCCTCAGCTATTAAAAAAGAGGCGGAAAAGGAATCAGATATTGTAAGCACTTTCAAGAAAGCAATAGAAAAAGCCGGTCAAGCTCTTCTAGCAACAAGAGAAAAAATGGAAATTTTTAAAAAAGCTAATGTGGTTGATGCCGGCGGTTTAGGTTTTTTAATTATTTTGGAAAGTTTTTTGGGAGCTTTGGAAAAGCCTTCCATAGTTTTAGCTGCAGAGGACAGGGAAGAAATACCTTCAAAAAAAATTAAAAGGTTTATTCAGGTTCTTGCTAACCGATATGAAGTTGTTTCTTTAATTGAGAATTCAAATTTTGACGAAGAGGAAGTTCAAGAAAAATTAAAAAAATTAGGGAACTGTCTGGATATCGTTAAAGTTAAAAATAAAATGAAAATCCACATTCATACTGACTATCCAGATGAAGTAAAGAAAGTTATGGGGAGTTTAGGCCAAATCCAAAAATTAAGGGTTGAAGATATGGCAAAGGAAGTAGTGGGAGAAGAATCTGTCAGAAAGATTTCCATCGGTATTATTACTGATGAAATAGCTGATTTAACCCCAAAAATTATTGAACGTTATCAAATTGAAGTTATACCTTGTAAAGTTGATTGGCCTGAATCCAAACGCCTCAAAGGTAAGAATATTTATCAAAAAATGAGGAATGTGGAAAAACAAAAAATTAAAAATTTACCAAAAACTTCTCAGCCTTCACCAAAAGAGTTTCTGGAAGCGTATAAAAGACAACTGAAAAATTTTGAAAAAGTTTTATGCATTTCCCCTTCTTCAAAACTTTCCGGTGTTTACAACTTAGCTTGTCAGACAAGAGAAATGTTACCAGAAAAACAAAGAAAAAAAGTTTTTGTTTTAGATTCTTATAATGGTAGTTGCGGCCAAGCACTTTTGATTTTAAAGGCAATTGAGTTAATTCAGAGCCAAACAGAAATAGGGGAAATTATGCTTGAATTAAAAAAGGAAATTTCAAAAATTCAATTATACGCATTTTTAGCTGATCCAAAGTGGTTAGAGTGGGGAGGAAGAATTAACCGCTCCCAGGCTAACTGGATAAGACGGCTTCAGAAAATAGGAATAAAGCCTTTGTTAGGATTAAAAAAAGGGAAGATAGAGAAAATTGGTTTTCGGGCTAGAACAAAAGAATCTTCTGAAGCAATTTTTCGGGAGATAAAATCAAAAAGTAAAAAAATAAGAAAACAAAATAAAAAAATCAGGGTAATAATAACTCACTGCGATAATTCAAAAGAAACTAAAAAATTAAAAAAGAAACTAAAAGAGATTAAAGCAGAAGTTTCCTTTATCAATTTAACGAGTTCAGTGGTTGGCGCTCATATAGGACCTGGGTCTTTACTTGCGGCCTGGATGACAATAGAATAATATCAAATACTATGTATATTAAAGGCGTAGGAATGACAAAATTTGATTATTCTCAAAAGCCGTGGTGGCAAATGGTTTTTGAGTCTGCAATGGAAGCACTCAAGGATTCCTCAATGAAAATATCTGAAATTGATGCTATTGTTTTATCAACTGTTTCCAGCGCAGCTGGCGGAGAACACCAGACTCACAAAATATCTTTGCTTTCTGATTTATTTAAAACTCATATCCCCATTATTGAAACCCCATCTGTCTGTGCTGGAGGAGGGGTAGCTATATGGACGGCGAACCGCCTTAATTTTAATAATATTTTGGTAGTTAGCGGAGAAAAATTAGTAGATAATCGTAGTGAGATAACAGTGGACTGGATATTGTCTGCAGCAGAAAGAGTAATTGAACAAACAGAAGGATTACTTTTTCCAGTACAAAATGCTTTGGTCTGGCAGCAATATATGAAAACATACAAAGCGACAATGGATGATTTAGCTCTAATTGCCTTTAAGAATCATCAAAATGCTGCCTTGAACCCAAAGGCTTATTATTATAAACGTCCAGTTTCTCTGGAAAAAATCAAAAGTTCTCCCCTCGTCACTTCTCCTTTTCGGCTTATGGATTGTTCTTTATCAGTTAATGGGGGAGCTGCTGTAATTCTTTCAAAGGAAAAAACCGACATCGAAATTGTCGGCTCCGGGTTTGCTACAGATTATCTTTTAACTTTTGGGAGAGAAGAACTTCATCATTTTAAAGCGACGAGGATTGCAGTCAAACAGGCTTTTGAACAAGCAAAACTAACACCTAAAGATATTAAAATTGCTGAAGTTCATGACGCCTTTACCTCAGTGGAATTATTTTCTTATGAAGATTTGGGTTTTGCCGAAATTGGAAAGGGAGCAGAATTAATAAGGTCAGGTAAAGTAAATTTGGACGGAGAATTACCAATTAATACTTCGGGCGGCTTAAAAGCTAAAGGTCACCCTATTTCAGCCACAGGCATAGCTCAGATATATGAAATTGTCAATCAGCTACGAGGAAAATGCGGTCAAAGACAGGTAAACCCTATCCCTAAAATTGGTCTCTGCCACAATATTGGCGGAACAGGCGGCAGCGTTACGGTTCACATTCTCAGGAAGAATGCTTGAACTTTTTTAAAAGTTCTTTAAAAGTCTTTTTCGTCTTTTCAGAAACTTCAATTAAGCAAATTCCCTTGTCAAAAAAACCATAGACCACGGCGCTGTGTTTTTCAGAAAGCAAAACAGCCGGTATTACCAAAAGGTCTTCTTCACCATCTATAAATACATTTTTATTTTCTTTTATTGCTTTTTTAATTGTCATCCAAACTTTCTCTTGAATTGTACCGGGTGGATTTGAACAATTTAAAGAAAAGGGTAAAGATTTTTTAATCTTCTTTCTATTTATTTTCCCATCAAAGATTTTAATATCAGAAGAAAGACTTAAAGAACAAGAGTCGCCAATGGTAATTATTTTCTTAAACTTCCTTTCTTTAATAAGTTTTTTATACTTTTTTGCAATTTCTTTTTTCTTTCCAAAAATCGGTATTCCCCAAACCTTTCTCAGTTTAGGCCGAAGTTCGTCTGGTAGATAAAGTGTTTTCATA
CP061210.1_gap10	146198	150122	3924	GAAGAAGGCTTTTTAAAACCGAACAACTACTCTCAAGAAGAGAAAATATCTTAGATAAAAAGATAGCTAATTTTGAATTGAAACAAAAAGAATTTCAAGAAAAAGTTGAAAAATTGAAAGAAATTAAATCGGCATTGGAAGAGTTAAAAAATAAAACCCTTAAAGATTTAGAAAGAACTTCAAGATTAAGTCAAAAAGAAGCAAAAGCAGAGCTATTTAAAAATTTGGAAGCAGAATATAAGATGGATATTTTAGAGAGAATAAAAAAAATAGAATCTGAGGGATACGAAAAATTTGAAAAAAAAGCTAAGGAAATCCTGACAACAGCCATTCAAAAATATGCTCTTTCTCAAGCCCAAGAGATTACTACCACCACTGTCTCTCTGCCAAATGAAGATATAAAGGGGAGAATAATCGGTAAGGAAGGAAGAAATATCAGGACATTGGAGAGATTAACCGGGGTAGAAATTATTATTGATGAAACCCCGGAAACAGTAGTGATTTCAGGATTTGACCCTATCAGGAGACAGATAGCTAAGATTGCTTTAGAAAAATTGATTTTAGACGGAAGAATTCAACCTGTTAGAATTGAAGAAAAAGTACAAGAGGCAACTAAAGAAATAAATACTCAAATTAAAAAAGCAGGGGAAACGGCAGTTTATGAATTAGGCCTTATTGGTTTAAACCCAAAATTAGTTCAATTATTGGGGAGATTGAAATTCAGAACAAGTTATGGTCAAAATGTTTTGCTTCACTCAATTGAAGTAGCTTATTTAGCTTCATTTTTAGCTGAAGAGATTGGGGCTAATCCTTTAATTTGCAAAAAAGCTGGTTTGTTTCACGATATTGGAAAAGCAGTTGACCATCAGATTGAAGGATCTCATGTTGATATTGGAATAAAAATCTTAGAAAAGTTTGGTGTGGAAAAAGAGGTAATTAATGCTATGAAGTCTCATCATGAAGAATATCCATATGAAACTATTGAGTCGATTATTGTCCAGGTTGCTGATCAAATCTCAGGCTCAAGACCGGGAGCAAGAAAAGATACTTTAGAAAATTACTTAAAAAGGTTATCTTCTTTAGAAGAAATTGCCACTTCCTTTCCCGGAGTAAAAAGGGCTTGGGCTTTACAGGCTGGAAAAGAAATTAGAATTTTTGTAAATCCTGAAGAAGTTGACGATTTTGAGGCGAAAAAAATAGCTAGAAAAATCGCTAAAAGAATTCAAGAAGAGTTAAGGTATCCTGGAGAAATCAAAGTAACTGTTATCAGAGAAAAAAGAGTAATAGAATACGCAAAGTAATTTAATTGCTCTCTAATTAAAAGAACAGCTCTAATAAGCTGTTCTTTTTTTAAAAAGCGGGCGAAGGGAATCGAACCCTCATCATGGCCTTGGAAGGGCCAGATAATAGCCGTTATACGACGCCCGCAAATTCAGCGAAGGTGAATAGTTTTGCAAAGCAAAACTTAATCGGGGCACCCAGATTTGAACTGGGATTAAAGCCTCCCAAAGGCCTCGTGCTACCATTACACCATGCCCCGATAAAAATTCTAATTCAATTCCGAATTTTATCACTTTGTTCTTCTTGCGTCAATGAAAGGAAAAACAGCTAATTGCCTTTATAAATTATCTTTGTTTTCTTTACACTTTATTTTTGGCTGGTTTAATGTTATATTGGGCAGAGGGCGGTAAACGTAATACAGGTGAAAGTATGCCCTCGTAGCTTAATTGGAAAAAGCAGGACCCTTCTAAGGTCAAGAGTGCAGGTTCGATTCCTGCCGAGGGCACACAAAATGAAAATAAATTAATAGATGCAAGAAAGATATCTGCTTTTACAAAAACTATGTTAAGTCAAAAAGAGAAAGAAGCAATCATCAAAAAATATAAAATACATACTTCTGATACTGGCTCTCCCGAGGTTCAAATATCTTTATTAACAGAAGAAATCAGAAGTGTTTTGTTACATTTAAAAAAACATCCCAAAGACCTCCACTCAAAGAGAGGATTGTTAAAAATGGTATCGAAAAGAAGAAATTTTTTAAAATATTTACAAGAAAAAAACTCAAAAAGATACAATGCCATTATCAAAAAAATTGGTCTTAAAAAATGATATGGAAATAAAACACTTAGGACAAAGAGTAGCAGTTTTAATTGATGTCCAAAACCTCTATCACTCTGCTAAGAATTTGTATGGAGCAAGGGTGAATTTTGGAGAGGTTTTGAAGTTAGCGGTTAGTCAAAGAGTTCTAATTAGAGCATTTGCCTATGTGGTTAAAACAAAAACCGGTGAAGAAAAAGCGTTTTTCGGAGCGCTAAAAAAAATAGGAATTGAAATCCGGGTAAGAGATTTACAAGAATTCTATGACGGTATGAAAAAAGCTGACTGGGATGTAGGAATTGCCGTTGATGCTATAAGAATCTCTCCAAGCGTCGATACAATTGTTTTAGCATCGGGAGATGGCGATTTTTTACAGTTAATTGAATATTTGAAAAACCAGGGCAAAAGAGTAGAAGTTATTGCTTTTAGTAAATCAGCTTCTTTAAAGTTAAAGAGGTCGGCCGATGAGTTTATTGAACTTGAAAAGAACTTAGAAAAATATCTCTTAAGAAAATAATATTAATTAAGTATTTTATTGTGAGCAAAAAATTCAAATTAGAAATTGGTAAAAGAGAATTGGTAGCTGATATTAAAAATCTGGCAGAACAAAGTAATGGTTCTGTTTTTCTTCAGTATGGAGATACGTTAGTCTTAGCTACTGCCGTGATGTCTGATTACGAAAAAGAAGAACTCAGTTTTTTCCCTTTAACTGTTAATTATGAGGAAAGATTCTATGCTGCAGGTAAAATCAAAGGGCCGAGATATATAAAGAGAGAAACAAGACCCTCTGACGAAGCCATTTGTAATGCCAGACTAATCGATAGGTCTATTAGGCCGCTATTTCCCAAAAATCTAAACAGGGAAGTCCAGGTAGTAATAACCGTTCTTTCCTGGGACGGTCAAAACGAACCCGATATTTTAGGTTTATTAGCGTCTTCTTTAGCTCTTGGAATCTCAGATATACCCTGGAAAGGACCTTTAGCTACCGTGAGAGTGGGACAAATTGAAGATAAGTTTATTTTAAATCCAACCTATGAAGAAAGAGAAAAAAGTAAAATTGACATTGTTTTTACCTGTATCGAAAAAGAGGATGTTTTGATTAATATGATTGAGGGAAACTTCGATGAGATAAATGAAAAATTAATCTTAAAGGCATATCAATTCTCAAAACCATATTTAAAAAAGCTCATTAATTTTGAAAAAGAAATTTTTGAAAAAATCGGCAAAGAAAAAATTCCTCTAACTATCCCTGAAACAGAGCCGGAATTAGAAAAAGACATAAAAGATTTTATAAAAGATAAATTGGAAAACGCCGTCTACCAAAAGAAAGGGGGGAAAAACGGTATGGCTCAATTAAAAGAGGAGTTAAGTGTTTTTTGCCAAGAAAATTATCCTGAGAAAATAAGCTATGCCGGGAAATTTTTTGAAAAAGAAATAGAGAAAATAATACATAAAAACATACTCTATAACGAAAAAAGGCCCGATGGGAGAAAATTAGATGAAATAAGAGAACTTCACTGTGAAGTAGGAATTATTCCAAGAACTCACGGCTCGGGTCTTTTCTGTCGAGGACAAACAAAATCTCTATCAATTTTAACTTTAGGTGCTCCCGGAGATGTTCAATTATTAGAAGGAATGGAAATTGTAGGAAAAAAACGCTTTATGCATCACTATAATTTCCCACCCTATTCGGTTGGAGAAACAAGACCAATAAGAGGACCCGGTAGAAGAGAAATCGGTCATGGAATGTTGGCAGAAAAAGCTATTTTACCCGTTATTCCTTCTTTCGACCAATTCCCCTATACAACCCGTATTGTTTCTGAAATT
CP061210.1_gap11	281678	283968	2290	AAACAGGAGAATCAGTGCAGGCAATTAAAAAAGCTTCAGAAGACATTTCTTCTTTAATAGAGTTTTATAAAGACAACTTGTTAAAATTACCGGTAAACTTTATTATAATTCCATTTATACTTTATAAGGCAAGCATAGATTACTTAATTTTATTATTAATATATGGGATTTTATACCTGGGAATTGAGTATTTTGCAGTTAATCTTTATCGCAAAAAGTTAAAAAAATACTTTAAAGCATCTGAGATTTTTTGGGGGACCACTTATCGAAAAGTACCCGAAGTCTGGAGACGAAGGGAAGACGGTGGTATTTTCGCAAGAAGAGTTAATAAAGAAGGAAAAAACCTTTATCAGACAACAGTTTCTGCTGATAGTATGAATAGGTGGCGATGGTCTGCTTTGCAATCCCTGTCCAGTGCCAGCATAGGTGCAGTTATTTTATTCGTTATTTATAGAATAATAAACAATAGTGCTCCGGTTGGAGACTTGATTTTGGTAGCTGGTTATTTTAAAGAAACACAGACTACTCTTAACATTATTACCACTGCTTTTAGCCAAATCATCTACGCAAGAATATCTTTAAAAAGACTTGACAAAGCAGTAAAGATTAGATAAATAAAGATTTTGACCTGTCTTTTTATTTTTGTTATAGTTTTTAAATCGCTTATTATGGAAGAAAATAAAGAAAATAATTTTGGTAAAAATTATCTGGTTCAAATTACAAATGAGCTTTATCGTTTAACTTTGCTTTTTCCCAAAAAAGAACCTTTAAGATATAAGATGAGGGAGTTATCTGATGATGTCCTGGCTAATTTTGTTTCTCTTCCTCAGGAAGATAATAATCCAACTAAGATTAAGATTGTAAAGGATTCAAAAAAAATGATTGAGGTCCTTGATAGTTTTTTTGATATTGTGAAAACTCAAGATTGGGTTAGAGCTTCTGATATATTGAACCTCCAGGAGGAATATAGTAAAATAGGGGAAGAATTGCTGAAATTTCAGGAAGAAGAGAAGATAAAAAAAGCCCGGAAACAAGAGGAGAAAATAGATGATGAAGTTAGAGAGATTTCTATTTTGAAAAAGGAAGAAGAAAAACCAATATCTGAACGACAGAAAAAGCTTTTAAAAGTTCTGGAGGAGAAAGGAAAAATGCAGGTTTGGGAAATAAAGGACATTTTTTCAGAAGTGAGTAAAAGAACGCTAAGGAGAGATTTTAGGAGTTTATTGAAAAATGGTTTGGTAGAAAGAATAGGAGAGAGAAACAATACTTTTTACCAGATTAAAGGTAGGACAGAATCAATATAGGTAGGACAGAGATAGGACAAATTGGTTTTTCTTAGTTGTCCATATCTTATGTCCTATCATTATTAATTATTTTAAATCAAATTTTTTGACTTTTTATGAGTAATCCACGAGAGAAATTCAGTAAAATCTATGATAAGTATATAGATAAAATCTATAGGTTTGTCTTTTTAAAAGTAAGTTCTCAAGAAATAGCTGAAGATTTAACTTCCGAAGCTTTTTCAAAAACCTGGACAGTTTTTAAGAAAAAAAGTCAGGAAATTGAGAATATTCAGGCATTTTTATATAAAACTGCCAGAAATTTAGTTACTGACCATTATAGACAGAAAGGCAGAATTCGTATTGTTTCTGCTGATAATCCCTTTATAATTGATCCGGGGCAGAACTTAGAAGAAGAATCCAAATTAAACTCAGATATTGAGAGTATTAAAAAAGACATATCTGATTTAAAAGATGACTATCAGAATGTCCTTATTTGGCATTACGTAGATGACCTATCTATTGATGAGATGTCTGCACTTTTAGGTAGGACAAACGGGGCTACTCGTGTTTTACTTCATAGAGCTTTAAAATCTTTAAAAAAAGCCTTAAAAACTAAGATAAGAGAGGTGTAACAAAATCTATCCTATTTCGTCATAATATAGATAATCCTGAAACAGGATTTTTTTAAGGGTTTTGGATAACCAGTCGCTTCGCTCCTTGTAATTGTTTCGCAATTAAGTATGACTGAGAACCAACTAATTAAAAAAATAAAAAGACTAAAAGCTATCAAGCCCAGAAGAAACTGGGTTTTATTGAATAAAAAGCAGATTTTGGGAGAAGAAAGAAGAATTGAAATATTTCCATTTTTTAGACCAGTTTATGCTGGTTTGTTTTGTTTATTGTTTTTAGCTGGTCTTTTTGAATTTTCCCAGAATGCGTTGCCTGGTGAATTTCTATACTATTTAAAAAAGATTACAGAAAGAAGCCAGCTCATCTTGTCTTCTGAG
CP061210.1_gap12	285007	289034	4027	TGAAATATTGACATCATGGGGTTTAACCGTTGGAACTGGTTTTGTTGGTTCAACCACTAGAGCAAAATTAAATACAATTCTCTCTTCTGGTGTAGTTCCTGGTCCCGTAATTCCCGCAGCAGGCCTTTCTGTTTCTTTAGCTACTGACACTCCAGCTTCTACCGGTGTTCCCTATGGTTCTTCAGTGGAATTTCTTAAGTTTACATTGGTTTCTGGTGAAGATGTAAACATTAATTCTATTGAGATAACTGCCGGGGGAATAGGCATCTATACTAATATAGATTCGGTGGCGATTTTTGATGAGGACGGGATAAGGATTAGTTCTACCAAGAATATTAGTTCTGATGGAAGCGCTATCTTTAATTTTCCGACCCCGCTGGTTGTTGAGGCAGGAGTTCTCCAAATTTTAACGGTAAAGGCTACCGCAGCTTTCGCTGGAGCAGGCCATGTCTTTTATTTAGGGATTTCAGATAGTTCAGATATTCTCTCTAATGCTTCGGCGGTTAATGGCACTTTCCCAATTAATGGTAATCCAATGAATGTTTTGAGTGCCACCGTTGGGACAGCTACAATAGCTGCGGCAACTGACTTGGAGCCAAGCGTTCCCTTTGGCGAAGATGATGTCCTGCTGGCTGATTTTGATATTGATGTTGGAGCAGCTGAAGATTTACTATTTTCAGCCATTAGATTCAGAAACGGTGGAACAAATGATGATTCTTTGGCCTCAAACTTGAGACTAATCTGCGATGGAGAGGAAATTGCCACCACCGAATTAGAGGATAGATATGCTGCCTTTAGTATCTCCAATATTTTGATTGAGAAAAGCGACACAGTTACTTGTGAGGTTAGGGGAGACATAGGCACCGGCTCAGCTGGAGACACCATTAAATTGTACATAAAAGACGAGACAGACGTTACGATGATTTGTAAGAATACTGGTTTTAGAGCCGCTGTTGATACCACAGATCTAGATACTACTGGTGAAGCCCAGAATGTTACTTTAGCTGTCGGTGATTTCACCATTGATTTTGACAAGTCGTCAATCACTGGTACTCCAAATCAGGATGTCAGGCCCGATACTAAGAACGTAGTCATAGCCACCTTAAAAATGACCTCCAATGCTGAGAATGCAACCATTGAATCTATTACTACTGGTACCGGAGATGATAAGTTTGAAATTCAAGGTACAGGAATAGCGTCATCAACTGATATTACGACTGGTAGTATAGAAATGAGGGATGTTGAGACCGGCGCTATTTACGACCTTGCCGAAACTTGGGTGAGCGGCACGAAAGGTTACTTGTCTATGACAGAAGAAATTAGTTTGGTAAAGGGTGTGACTAAAACCTTTGAGATTAGGTTAGACTTAACTTCTTCAATTGGTAATGGCGACACTCTAAAAGTTGTTCTTGAGGATGGGGCGTTCACCATAACCGGTGATGTTTCTGGTGAATCAATTACCGACATTCTCCCAAATTCAATCACCTCTGGTATATCAACTGTTGAGTTTTCTTCTCTCGATGTTACTACTGTAACATTGACCGATGTCTCAGTTGTCGGGGGAGCTGTAGATAAAATAATCTACCAGGCTTCATTAGAGGCTGGGGATTCTTCTCCGGTTACCCTAAAAACAGTTGCCATTTCCGAGGTTTCCGAAGATAGTAATGATAATGCAATCTTGTTTTCTGACACTAATATCACTAAATTAGATCTCTATCTTGATGGGGATTTAATGAAAACAAGATCTAACAAGATTGCAGAAGCAGCCGCTGATTCCGGGATGGGTTCAATTGCCTTCTCTTCCTTAGATACCAACAATGTCATTTCAGCTGGTAAAGCAGCTATCTTAGTTTTGAAGGCTACTTTTGCTTCTTCCTTAAATGCATCTGGTACTTTTGCTTTAGGTATCACTAATGATACTGCCGTAATCTCTAGAGATATTGATAACGAGCTTATTGATGCAAACATTACCAGTACATCTACAGAATCAAGAACGGTAACCCTAGCGACAGTAGGTGATTTGAAGGTTGAGTTAAAGATCACCGATGTAAAAGCCAATAAAGATATGTATATCGTTGCTGGTAGTTCTGGTCCAACTGGTAGATATCTTGGAGAATTAGTCTTCACTACTAAGGATGAACCTGTTAAAGTCACGACATTAAGATTAGATAATAAGAATGGTAATGCAACCAATACCACCATTGCCTCTGTCTCCTTGGTTGAGGCAAATGGAACAGTTGTTGAAACCAAAGGAGTATTGTCAGACGGAGATGTTAATTTCACCAATCTTGACTTAGAGTTTGCTGCCGATGAAGCCACTTCCTTGTTTGTTGTAGCTGATGTAAACGGTATTAATGTTGCCGGTGATCCTACCGCTACTGCGATAAGTGGTAAGACAATTCAGTATAATTTCCCAAGTACGCTAGGTGTGGTAGCTGAAGGTGTAAATTCTGGAAAAGACATTACCATGGCAGTAGATGTCGACGGTACCTTAGCTTTTGGTGAGTGGTCTACTTCTACTGTTGTAAGTAAAACAGGTACAGTGTTAGGTGCTGCTATCACTCACATTGAGAATGCCATGGCAAATGGTACTTTAACTGGTGGTGCTGGTAAAATCATTGGCAAATATACTCTGACGATTGATAGCGGTGCCAATAGAGATACTGATGATAATACTGATACGAAAGCTGTTTTGGCTACAACAACAATAACGGTGACTACGGGTGGTGCTACTAGTACCAATATCCAGGCTTACATTGCAGGTGATTCATCTAACAAAACTACTGAAGTTGATCTTTCCGAGGGTGTTGCTATTATTGATATGACCACATTAACTGGTGAGGCTAATGAAGTTGACGGCACGGTGACCATAGTTATCATTGCTACTGTTGAAACTGACGGTGAAGGTGATTACCTCCAGACTGAAATTGATGATTTGAGTACCGACCTTTACTACAGCGATGGCACAACTTCTAATGACGGTAATTGTCAGCTAACTATCAGTGAAGTATTTGGTGGTACTTTGTCTAACTAATTCTCTGAAACGGACCCTCACGTTTTGTGAGGTAGTAAAATCCTAAATGCCTTTCCTTGTGGGCACCAAAGGGCCTCGTTCTCCGGAACGGGGTCTTTTGTTTTGGAAAGAAATTTGATAAAATATTATTGATGACAAAAAGTTTTAAGATAATTTTTCTTGGGATAATTTTTCTTTCTTTACCGGTTTTTGTTTCGGCTGTTTCTTTAGGGCAGAGAATCGATTTTTATGTTGATCCAACTTATGATTTATCTGAAAGAGAAGAAATCTCGGCTATTCTCCAGAGAATTAGCCCAAAAGCCTATTTTTATATTGACAATGATTGGTGGAAGTCATTAAATTATCAAGAAAAACAAAAGATTGAACAAGCTCTTTATTCTTTAGGCAACGAATTTTATTCCAAAATTTATCCAACTTTAACTTCTAATTTTGGCTCAGAATGGAAACCAGGAATTGATAAAGAGAGCCGGATTACAATTTTAATTCATCCGATGAAAAAGACAGCGGGTGGATATTTTAATAATGGCGATGAATATCCCCGAGTCCAAAATCCCAAATCAAATCAAAGAGAAATGATTTATTTAAATGCTGATTATATTACCAGTCCTTTAGCCAAAAGTTTTTTAGCTCATGAATTTACTCACTTGATTACTTTTAACCAAAAAGAAAAAAAATATGGAGTAGAAGAGGAAATTTGGCTGAATGAAGCACGAGCTGAATATGCTCCAACTTTACTTAATTATGATTCAGAATATGAGGGAAGCAATCTTCAAAAAAGAGTTCAATCTTTTATTTCCAATCCTTCTGATTCTATCACTGAATGGCAGAACAAGCCCGCAGATTACGGAGCGCTAAATCTTTTTATTCAGTATTTAGTTGAGCAGTATGGAGTAGAAGTTTTAGTTGATTCTTTAAAATCAAAAACAGTGGGCATTAAGAGTTTAAATGAAGCTTTAGAGAAAAATGGTTTTGAAGAAGATTTTTCTCAGATTT
CP061210.1_gap13	290912	294433	3521	AGCAGACCTTGCCATGTCGGTAAACACCAGTTGCTTTCCGGGGAAATTAAAAGAGAACTCTTTTTTGATAAGAGTTAAGTCAGGCGCTTTAATGAAGTTTCCAAGAAACGACTTCAGGGCCTGCTTTGTTAATTTAATTTGAGGATGGACAAAATACATTTGATTATTATACACTTTTAATTTATCATAATTTTATGAAATCAAAAAGAATTTTAGTCACTGGAGGGGCTGGTTTTATCGGCTCTCATTTGGTAGATGAATTGATTCAAAGAAGCTATGAAGTGGTTGTGATTGATAATTTATCTACGGGCAAAAAGAAAAACCTGAATAAGAAAGCAAAGTTTTTCAAGTTCAATATCTGCAATCCCAAGCTTTCGCAAATCTTTAAAAAAGAAAAGATAGGCGTGGTTTTCCATTATGCAGCTCAGATTGACGTGCGAAAGTCGGTAGAAGACCCAGTAGGCGACGCTAATCTCAATATTTTAGGAACGTTAAACATTTTGGAGAACTGTAAGAAATATAAGGTTAAAAAAATTATTTTAGCTTCCACAGGCGGAGCTATCTATGGAGACGCCAAAATTATTCCTACGCCGGAAGATTATCCTGAATGGCCTCTCTCTCCTTACGGAATTGAAAAATTAGCTCTTGAGAAATATTTAAACTATTATCAAAAAGTATTTAATTTGCCTTTTGTTGCTTTAAGGTTGGCCAATGTCTATGGCCCCCGGCAGAACTCAAAGGGAGAAGCGGGGGTAGTTGCTATTTTTTGCGATAAGATGCTGGGGAAAAAGAAAGCGGTCATAAACGGTAGCGGAAGACAAACCCGCGATTTCGTTTTCGTTGATGATGTGATTGAAGCTAATATATTAGCTTTGAAAAAAAATAAGACCGGTATTTTCAATATTGGGACGGCAAAAGAGACAAACATAAACACTATCTTTAGAAAGCTCAAGAAATTGACGGGTTCGGTATGTAAAGAAATTCACGGTCCGGCTCAGCCTGGCGAGCAGAAAAGAAGCTGTTTGGATTATTCTAAAGCTAAAAAAGAGCTTGGCTGGAAACCAAGATATAATTTAGATAAAGGGTTAAAATTAACTGTAGACTGGTTTAAAGTTAATTTCTAAAAATGATTGGCAAATCTATTAATATTAAATCACTACTATTTGACAATAAGGGTTTAAAGCAGACAATCTTTAAAAATACCTTTTGGCTGGCATTAGCTGAGGCCATAACAAACTTTTCCAAGCTCTTTTTAATAGTTTATGTTGCTCGAATTTTTGGAGCAACTGAGTACGGAAAATTTACCTTTGCTTTATCTTTTGTTTCTTTGTTTGCTATTTTTTCTGATTTTGGTCTAGGATCTTTAACTATTCGTGAATTTTCCAAAGAGAAAAAAGATACAAAAGAATTTTCATCAATTCTTTCTTTGAAGTTAGTTTTAAGCTTGATTGCATTAATTGTAATTTTGTTTAGCTCTTTTTTTGTTACCAAAGATGTTGAAATCCAAAAGGTAATTTGGATTTTAGCAGTTTATATTTTAAGCAATAGTTTTCTGGGTATTACCTATGCTTTCTTCCGGGCTCGTCAGCAAATGGAATATGAGGCTTTTGTTAAGATATTACAAGCTGTTGCGGTAACAGGAATAGGGTTCTTTATTATTTTTAAGATTCCATCTGTAGAAAATTTAAGCTTCGGTTATTTATTTGCCAGTTTGATTGCTTTAATCTTTACAATCTTTTTATTTTATTCAAAGATTTATCCTTTAAAATTAAATTTTGATAAAGCAACTTGGCGAAAATTTTTAACTATGTCTTGGCCATTAGGGCTGTCTGCTATATTAAGCATGGTTTATGTTAATATAGACTCAATTATGATGGGAAATTTTAATCAAATTACTCAGGTTGGCTGGTATAATGCTGCCTATAAAATTGTAGGAATTACTCTGATTCCAGCTAATTTTATTTCCGGAAGCTTTTTCCCTTATTTAAGCAAATCTTTCGAGCAGTCTAAAGAGAAGTTTAAAAAAGCTTTTGATTACTATCTGGAAATAATAATATTTCTTTCTGTTCCAATAGTAATAGGTGGTATAGTTTTAGCTCCTAAAATCATAGACCTTGTTTACGACCCCAGCTATTTCCCCTCTATTTTTGCCTTTAAACTTTTAATAGCCATAACATTTTTAAGCTTTTTGTCCGGTCCCTTTAATCAAACTCTATTTATCTTGAACAAACAAAAGAAGCTCCTTTTAATTATTTTTTTATCAGCCACGACAAATGTTATTTTAAATCTTATTTTAATTCCTAAATATTCTTTATATGGAGCCGCCATTGCAAGGGTATCAACATTTCTTTTAATCTTAATTTTAACCATTTGGTTTGCCTTAAAAATTAGCTCAGTGAAACTTATTAGTTCGAAAATGTGGTTTAATTTTATTGGTGCCTTGGCTTCCTCCTCTTTAATGTATTTTGTTATTTCTTTTCCCAATATATATAAATTACACGTTGCTTTTTCTATATTAATTGGAGCCGGTGTTTACTTAATCTGCTTTTTTGTATATAAAAGATTAGCAGATAGAGTTCTTACGTATTAAAAATTCATTAGAAATTAAGGAATTTATGTCCTCAAAAAATAAATTTAGTTCAGTTGGTATATTGGGTTATGGCGAAGCGGGCCGAGCCATAGCTAAATTCTATAAGAATCCTAAGATCAAAGACTTGAATAGAGATGACGGATTAGAGGGGGTGGAGATATTACATATCTGCATTCCTTACAGCAATAATTTTATAAAAATAGCAAGGAAAGAAATTAAAAAAATAGAACCCAAATTAACTATTATCCATTCTACGGTTGCGCCGTTTACTACAAAAAAGATTATTCAAGGGTTGCCAAAAGAAATAGGGAAGATGGTTGTTCATAGTCCAATAAGGGGGATTCATTCCCATCTTTATAAAGGGATTAAAACCTTTGTAAAATATATCGGCGCTGATTACAAGAAAGCAGGGCAATTAGCTAAAAAACATTTAGGAGGTTTGGGGATAAAAACAAAACTATTTCAGTCTTCAGTGATTACCGAAATGGGAAAGCTTCTTAGTACATCTTATTATGGCCTATGTATTGCTTGGCACGGAGAGATGAAAAGATTTTGTGATAAAGCCGGAGTAGATTTTGAAGAGGCAGTTACAGACTTTAACAAAACTTATAACGAGGGATATAAAAAATTGAGAAGGTCTAATGTTCTTCGTCCCGTGCTTTATCCTCCCCAAAAAGGTATTAATGGTCATTGCATTATTCCTAATGCCGAGATTCTTAAAAAATATTATAAAAGTAAGGTATTTGATTTAATTTTAGGATATAAACCTAAAAAATCTAAAAAGTGAACCAATTAAACAACTTTTATTTTCCAAAAATTGGGATTAAAAATGAGAAAGATAAACATTAAAGATATAAATTAGAGCATGTATAAGAAAAAAAAGAATAAAATAAATAAGTTTATAGTTATAACTACTATCAATCCGGCGACT
CP061210.1_gap14	343577	345785	2208	TTGCGACGGAGCAGTATTTTCTGGCAAAACCGTAGCCGTAATAGGAGGAGGAAATTCAGCTTTTGAGACAGCTTTATTTTTAACTAATTTAGCAAAGAAGATTTATATTTTAGAATATGGCTCAGAAATTAAAGCTGATAAGGAAAACCAAGAAGCAGTGGAAAAAAGCGGAAAGGTTAAGATAATAACAAACGCTGCTTTAAAAGAAATTAAAGGAGATAAATTTGTTAATTCATTAGTTTATCAGGACAGGAAAACAAAGGAAGAAAAAACATTAGATGTTGAAGGAATTTTTGTGGAAATAGGTTATCAACCTACCACATTTTTTGTTAAGGGTCTTGTTGATTTTAACGAGGAAGATGAAATAAAGATTGAGTTCGAAACTTGCCAGACAAAAACTCCGGGTCTTTTTGCTGCCGGTGATGTCAATGTGGGAAAATTCAAACAAGTTACCACTGCCTGTGGTGAAGGGACAAAAGCTGCATTAGCTGCTTTTAATTATTTAAAAGGATTAAAGGTATGAAATCTTCTTTAATCAACAGCATAAAAGCGAGAGAAATTTTGGATTCAAGGGGCAATCCTACTATTGAGGTTGATTTAAAAACAAATCTGGGAAGCTTTCTGGCATCTGTACCATCGGGAGCTTCAACCGGAAAATACGAGACAATGGAGTTAAGAGATGGAGGAAAAAGATATTTTGGTAAAGGGGTTTTAAAAGCAGTAAAGAACATAAATGAAATAATTAATCCTGAGCTTAAGGGTAAGGATTTAATCTTACAAAAAGAGATTGATGAGTTAATGATTAAATTGGATGGAACGGACAATAAATCTCGTTTGGGAGCTAATGCAATTTGCGCAGTTTCTTTGGCTGTTTGCAGGGCAGGGGCTAAAGCTAAGAAATTAGAGCTTTTCCAATATATAAAGGAGATTGCTGAAACTCTATATAAAATACCAGCTACTAAATACAAAATACCATTTCCCTCATTCAATATTATTAACGGCGGAGTTCATGCTGGAAACGATTTAGACATTCAAGAATTTATGGTTATTCCTCAAAGAGACGTTTTTTCCGAAAATTTAAAAGTAGCCTCAGAAATTTATCATCAGTTAAAAATCCTTCTTTCAAAGAAATACGGAAAGCAAGCTGTAAATTTGGGAGATGAAGGAGGATTTGCTCCCCCTCTTTTATTTGCAGAACAAGCCTTGGAAATAATTTTAGAAGCAGCCAGAACTTTAAATTATGAAAAAGAGATTAAAATTATTTTAGACATAGCTGCTTCTCAGTTTTTTGAGGAGGGGAAATACAAAATGAAAATTGGTATTTTTACAAGAGAGGGTTTAAAGAGGTATTATTTAAACCTTATTTCAAAGTATCCAATCTTAGGATTAGAAGATCCTTTTTCAGAAGATGACTGGGAAGGATTTAGGGAAATTACAAAAGGATCTGGCAAGGAATTTTTGGTGATTGGGGATGACCTTTTAGTTACCAACTCAAAAAGAATAAAAGAGGCAAGAGAAAAAGATGCTGTAAATGCTGTGATTTTGAAAATAAACCAAATTGGAACGGTTTCAGAGGCCTTTGAAGCAGCTAAGTTAGCTAAAGATTTTGGATGGAAGATAATAGTTTCTCATCGCTCGGGGGAAACTAATGATGACTTTATTGCTGATTTTGCAGTAGGAATTGGAGCCGATTTCATTAAGACTGGAGCTCCGGCTCGTGGAGAGAGAGTAGCAAAGTATAACAGATTATTAAAGATAGAAGAGGAAATATGAAAATCCTCTTTATTATTATTGATGGTCTTGGAGATAGACCCATAAAAAAACTCAATAATAAGACCCCTTTGGAGTCGGCCAGTACTCCAAATTTAGATTATTTAGCTGAAAATGGAATTTCTGGTTTAATTTTACCCTTTTTGTTTCCTTGGGAAAAAGAGCCTACTTCAGAAGGTACTCACGTTGCCTTGTTTGGTTATAAAGATTATTTTTTAGGCCGGGGAGTCTATGAAGCTGCCGGAGTTGGAATGCGGATGAGAAAAAAAGATATAGCTTTTAGGGTAAATTTTGGAACAATAGATAAAAATCTCAAGATTATTGACCGAAGAGCAGGAAGAATTGATAAAACCCAACCATTAGTAGAATCTTTAAACGGAAAAGTAATTGATGGGATTAAATTTCTACTTAAAAAATCTTCTGGCCATCGAGCAGTAT
CP061210.1_gap15	483168	486544	3376	GGTTTTATATATCGCGGGTACACAGTAATTGATTCATTGGAAGGAATTTTAACTATTGAGGCAGAGACATTACGATATTCGGGTGGTAAATCTCCAATACTAAACTCTTCGCCAGTTGTTTCAAAGTAGTAGTAATTTCTACCATTACTTAATGGATAATAATAGCCGCTAGGGTTGTTAGAAAATGGTACCGCTACGGCCATGTGGCCTGGTAATTCAACTAAGACAACATCAATAGGCATGGCAATAATAACTGCTGCAGCTAAATAACTAGTATCTTCGCAATCTCCATTTTGTTCTGCAATTGTTTCCAATGGATATTTAGGATAGTCGTTATAACCTATAACATCATCGCCAACATACCCTAGTGATTGGATAAACGATATGGCAAAATCAGATTTTGTGTAGCCATTATCATCAGCAGTTTTTTTAAGCATTTCTGCTATTTGTTTAATATATTTATCATCGTAGGTAACATAAGTTGCTCCATGCGATTCACGTTTTTTATTTTTATAATAATCATACCAATCCGATGGGAAAGAATAATCCCATTTCCAAGATTCACCGCCATAGTCCCATTCAAAATGCTGAGCTATTAACCTCCCTCCCCCAGCTGGATGAGAATCTAGGCTGTCGATAATCCCATCGCTATCGGAATCGGGGTTTAAATCTGATGTCCCAGCAACTAATTCTTGAGCGTAAGTTAAGCCGTCGCCATCATTATCGGCATTCATTCTTTTTTCTTCAGCTTCTTTTTCTGACAATTTCTGTTCGGCGATTTTCCTCTCTAATTCTTCTTGAGCTCTTTTAGCTTCTTCTTTGGCTCTTTTGACAGCTTCTTCCTTTGCTTTTTGTTCAGCTTCCTCTCTGGCTATTTTTTCTCCAGTAAGCTCTCCTTCAACTATTTTCCTTTTTGCCTCTTCTATTTTAGTTTGAGCTTTTTGATAATAAAAAGACTGTTCAGGAAGCTCTGACAATAAATCTACGGCTTCTTGATAATTACCCTTACCGAACTCATCTAATCCTTGATTATATTTTGATAAATCTTTGATTAGCTTCTCGGTCTCTTCTTGTTTATTAGTAATTTCTTGCTTTTTAATACCTAAATTTTTAACAAACCAACTAATCTGAGCGAGATTTAATTTTTCGCTCGCCTCATTATATTTTTCTTCCGTTGTTAACCGTTCGGCCTCTTTTACCAATTTAGAAATTTTATTATATTCAATCGCTCCATAAGCAATTCCTGTAGTTACTAAAATAGAGACTACAATTCCTGCCAACAGCGGAATCTTAATAAGGTCTTTATTTTTCTTTATCGTTTTCTTATATCTTCCGAGATTCTTTCTTAAATCATCAGAAAGCGCTTTAAAAGCTCTATTTAAGACTTCAGGTTTTGCTTTATAAATATATCTCAGTTTTGTCTTTTTATTTTTTCGTCTCCCTCTTTTATTTTCCTTAATTTTTTCTTTCATAGATTATTAAACTCCTCTAATTTTGCGATATTTAGAGATTAAATTATTTATACTTTCTGAAGATAAATATCCTGTTTGTTCTTCTATTTTTAAAATAAATTCAATAAACCCTAATAGATCTTTGGGATTTGCTTTTAAAATTTCTCCTTCTGTTTTAGAATCATACATTCTTGCTTTTGAAATACGCTGAAAAATATCTTTATCAGCAAGATATTGCATATTCGATTTATAACAAAAATAACCATCTACTACTGTTATTACCGTAGCCTCTGGTAAGCCCATTAATACAAAAGTTGGTAAGTTTCTACCAGTAATCTTCCTAATAAGATTAGCTAACGGTTCTCCCCAAAGTGGCTTTAATGATTGTTTAGGTTGCTTACCAAATAGAATTCTTTTAATTTTTTTCATATTTCTATTCTACCAAAAAACCATCCACCTCGTCGAGCGAAGCGAGACAGGCCTTCCTACCCACAATGTTTCATATGTAAAAAGAAAAGTTATTTTATATATAACACTTATTTTGTCAAACTAAACTAAGAACAAATCCAGAATAGACCCAAAAATTTTAACTCAGCCCCCCCTGGTGCCACAATTTTAGAATCTGTTCTTATATATTTGTCCTTAAAAATTACCTTATAAATTTGCTTAAGATGCTAACTGACCACAAGCAGCTTTAATATCTTGACCAAAACGATAACGCTGGGTAACCTGAACACCCCCTTTTTCCAAAATTTCTTTGAACTTTTTCATACGCCAAGATGAGGATGGTTTAAAAACTCCTGTTGGATTGTAGGAAATTAGGTTTACAAAATAAAGAGGTTTTTTCATTAACTTGCTTAATTTTTGGGCGTAGACGTCAGAATCATTTAAGTCTTTCATCATCAGATATTCAAACATAACTTTACGTTTGGTTTTTCCAATATAATCATCAACTACCTCAAGCACATCAGCAATAGGATATTTTTTATTTATTGGCATTATTTTTGAACGCAAATCATCATCAGGAGCATGAAGAGAGATAGCTAAATTTACCTGAAGTTTTTCTTCAGCTAATTTCTTAATGCCTTCTAAAATCCCAACGGTTGAGATAGAAATATGTCTGGCTCCCAAATTAAACCCTTCTTTGTCATTTAAAACCCTTATAGCGCTAATAACATTCTCATAATTCAGAAAAGGTTCTCCCATTCCCATAAAAACAATATTGGTAACTTTTTCTCCTTTTTTCTTTAGGTGACGGGCAAAAAATAGAACTTGTTCCACAATCTCAGAAATTTCAAGGTTTCTTTTGAAACCAGTTTGTCCGGTAGCGCAAAATGAACAACTCAAGGCACAACCCACCTGTGAAGAAATACAAACAGTATTCCGACCATCTTTATGTTTCATTAAAACAGACTCAATCTTTAGTCCATCTTTTAATATAATGAGAGTTTTTGCAGTCTTTTTGTCTTTAGAAAAAAGAGTTTGAGCATTAATTTTAATGGGACATATTTTGTTCAGATTCTCTCGCAACAACAAAGGCAAAATATTCGCTTCTCTCCAGTCTTCAATCAAATCAACAAATAAGGCTTTTTTGGCTTGTTTTAGACGATAGGGATGTTCCTTATTAAGAAGGTTTTCAAGTTGAGTTAAATCCATATTGACTTATTATATCAAAAACCCGAGCTAAATGCTCGGGCTTTAAAAACTTGCACTGAGCTTGCCGAAGTGCTCCCCGCAATAGACGATGTTAGAACCTGTTTTATGACTTTTTCTTGGGTATGAAACAAAAAACCATACCAACCAAAGAATCCAAAGAGCTTCTAAATAATCTCCATTTATAATTCCTATTATTCCTTTTATTCCAAAAAATCCCAGAAATCCAAATACCCATCTTTTACGCATCATAAACTAATTGTTTAGTTATC
CP061210.1_gap16	538155	539332	1177	ACAATGTTGTCTCTACCTGGTAAAGTTTTACCAATTGACTCAAAGGTCACCGACCCCATAATGATTGGTTTGCCCGCTGTTAACTTCCGAAAATGCTCCATATCAGCCGATAAATTCCAGGGTAAACGATTCTTATTCCCAATTACACGATTGTTGCCAATAGCTGCGATTATTGAAATTACCATATTTAAACAGCCATTTTAGCCCTGATGACTCCATGGTGTTTGTAGTCAATCAGTTTAATATCTTCTAATTTAAAATCATCAATATTCCTAATTTCTTTATTTAACCATAATTTAGGAAGAGGAAGAGGTTTTCTTTTAAGTTGCTTCTTTACTTGCTCAAAATGATTATGATATATATGGGCATCTCCTAAAACATGGACAAATTCTCCAGGCGTTAAATCTGTGACTTGGCTTATCATAGAAAGTAAAAGTGAGTAAGAAGCAATATTAAATGGAACGCCTAAAAACATATCACAGCTTCTCTGGTACATCAAAAGGGAAAGTTTTTTGTCAGCCACAAAAAAGTGAAAAAAAAGATGGCAAGGTGGTAAAGCCATTTTATCTAATTCAGCCGGATTCCAAGCGCTTACAATCAACCTTCGGTTGTAAGGGTCTTTCTTTATTTTTTCAATCACCTCAGCAATTTGGTCAATGGGCTTTTCAGAATAGGGAGATTTCCATCTTCTCCATTGGACTCCGTAAATGCGGCCCAAATCCCCCTCAAATCTTGCTTTTGGTTTCCAATAATCAGCATTTGCATTGGCATCCCAGATATGACAATCCATTTCCTGCAATTTTTTAATATCGCTAGTTCCCATTAAAAACCAAAGTAGTTCAGCTCTTACGGATTTGAAAGCTAATTTTTTAGTGGTTACTGCAGGAAAACCATCTTTAAGATTAAAACGCATTGGTAGACCGAACACTGCCCGGCTATCAATTCCAGTGCGATTTGGTTTATCCACCCCACTTTCCATTATGTATTTTAAAGCCTGAAGATATTGTTGCATTTTAGTACTCTTTTTTGAGAAGAAAGTTTGAACAAAGGTTTTTTATCTTTTCTCTAATCCTTTTTATCTCTTCGCTTCTGGAAATAATCTCCTTTCTTATTTTAGATTTTTTCTCTTTTTCCAAAGAAATATCCATTTCTTTTTTTAAGCGAGAAATATCTTTTA
CP061210.1_gap17	540370	544631	4261	CCACAGCTGTTCTTACAGCTTCAGAGCTATGATTCTCTGAAGGAATCATCATTAAGCTATTTTCCTGTCTCTCTATCTCTTTTTTTATAATTTCATCCATTTGAGGATCTGTTTTGTTTAGATATTCCATATAAAATATAGATTATATTCAACTAAACTCCTCCGCCTCCTTTACGCCATTTAACCCCTTTTATTAAAGGTGAATAAAAGTCATCATCCCCCTTGATTCTTAAGGGGTCTTCTTTTAATGGTTCAGGTCTTTCAAAATCTATAAAACTAACATCTTCAATAATGGCAATGGGAGTTTGTTCGTTTCCCTCTCCTATCACTAAAACACCCGAAGAAGCTAAAGAATCAACCAGATTAGCCTGACTTATTTTGTATTTCCTACCAAAAACATCTTTTGTTTTTCGATAATCTTTTAAAGGATAAAAACCATAATAGCCGAGAGCAAAACCAATTGTTCCCCTTCTTGAAGGAACGCATCTGCTATCAGTGATAATAACACCAAAATCTTTCAGTCCATATTCTTTTTGAATAAAATCATAGATATCTCTTGCTGCCTTAAAAGGGTTCTTTGGCCACAAAATAAAATAACCTTTTCCATTACTTTCATCAATGCCAGCAGTAGGAACTAAAAGGTTATCTTTTATAGTAAGTATCACTCGTTTTCCTGGGATTTTTTCCCTTTCAAGGTAAAAATCTGCTTCTTTAGTAATTAATCCGTCTTTATTGTTAACTTTTTCTCTCAAAATACATCTTCCTTGCCAGATAGAAACTACTTTGGAGGTAATAATTATGACTGATTTTTCTTTTAATTCTATATCTAAAAAACCTTCTTTAATCAGAGAGAATAGATCGTCTTTGGGAGGAATAAAAAGTCTTGTTTTTACAGGCCTTATTATCATATACTTCCTTTTTAATATAATTGAATTAAAAAAACAAGATAAATAAAATCAGTGATTTTCGAATTGTTTTGATTTTTCAATAATTTCTTTTTCTTTCTTTTTGCTAAAAATGAAAATATAAAGAATCTCTAATATAGCCAGGTCATTAAGCAGGAACAAGACTATAAACCACTTTTTATGGTTATTTCTGGCTGCTTTCCATAAAGCTACTCCTTTCCAAGGTAAAACCCACAAAATAATCAACAAAATCACCCATTGATTTTCTATTAAAAATTGCACCATAATTTTTTATATTTTAAAATTAAACTTCCGAAATTTTAACTTTTTTCTTTCCTCCTATCTTTTAAAATAGCTCTATTTCTTAAAAAATTCAAGAAAAAACCGCTAGTTCCCTCCCTCGTCCTTCCGTAGCTCCACCAGCTAGCGGAGATGAAAGAGAACCCTAACGGTTCTCTTCCATGTATTAAATATCGTACAATACTAATAACTTTTGATACTGTCTAAAATCTTTCTCCCAAAAGCTTCTGCATTTTTTAGATCTTTTTTATTCGGTCTGCCTCTGTTAAAAATTCTAGGTCCAAAGTTTCCAACAATCCTACTCAACCCTATACAAGAAAAGCCATCAATAAAAGAAATCCCCTTAGCTTCAAAATTTTCTTTTATAATTCTAAAAGTTCTTTTATCTCCGAAAGCATGCATAGTACAAAAAGCTATTCCTTTTTTAGAAGACAAATTAGGTAGTTCTTTTAAAAATCTTCTTACGATTTTTGCCGGAGCAAAACTGTGAACAGGTGTTCCTAAACATATTAGATCATAGTTGGAAACGTCATCTGTTTTTGTCTCTTCAATTCTTTTTAAATCCGCCCCCAAACTCACAGCGATTGCTTTAGCAATCTTTTTAGTATTACCGGTTTCAGAATAATAAATAACGATAGATTTCATATTCTTACTCTACCAAAAAATCGCCCCAAGGGCGATTTTTATCCTCTAAACAAAGTTTATTATTTATAGACAGTCTTTGAACTAAAGCGGTCTTTAAGTTCTTGTTGACAGTCCTTACAGAGCATTATCTTATTTTTTTCCAGCATCTTTGCTAAATCTAAAACTTCTTTAACGTTCATAGATTGTTTCATACTGCATAAGTTTAAGCAGTGAGATTTATAGATACCTCCCCTGCTATCGGCGGAAGAAGATTCTCGTTGGACAAGTCCAAGCAGATGCCCTGTTTCGTGCCTCCCCAGCTGCCTGAATGCAAGATTACGATCTTCTCGTTTTTTTATTCCTTCGAAGTAGTGTGTTGAGAATAATAATGCAAATTTTTTACCTGTCTCTGGATGAGTAAGTGTATCTCCATAAACCGTTCTTTTAAAGGGGTAGTTAAATACAAAAGTATAAACACCTCTTGTTTTTTCCTGCAGCTTCAGAAGAGTAATACCTAATTTATCTAAATTAATTTTCTCAGTCTCCTCTGTGAAACTTTTTTTTGCCAGAACCTCAGCTAAAGAAACTTCTTTATCCTGCTTTAAAGCTCCCCCTGAACCAAAAATCTTTATAGCATCAGATTTGTCAACGAATTCTAAGATTTGCCTCATACCTCTAATTATTTCACTCGCCGGTCCTTTTGCTTTCTCACAAAAAAAGAATTTTATCTCTCCTATTTCTTTTTCCTTTTCTTCTTCTCCTTCTTTAATTTCAGAAAAAACTTCTTTTTTTTCTGGTGTTTTTTCTTTATGAGGAAAAAATTTTTCTCTATCTGGATTTGGCATATTTACCAAAATTAATATTTACTAAACTTTTTCTTTTTCTTTTTCTTTCCTTTTTTCTTTTATCTCTTTTAGCATTTTTTCTCTATCTTCCACTTTTTTCTTTACTACTCGCTCCACTTCCTTAAACTTAAACCCTTTTCCTGTCCTTATTCCTTTCATAGCCTCTGGTACTACTACACTTGCCTTGTAAGCTTTATATAGCTCTTTTTTTCTCTTTTTTTTTCCCTCTTCTTCTGTATTCTTTTCTTTAATTCTTTCTTCCTCTTCTCTAAAATGCCCCCTTTCTGGCTTAAATGACATATTTATAAAAATAAATTAAATTATTTATAATTAATTTGACCTTTTTAATTTTTAAAATTGGATTTCTCTATCTTTAGAATAGCTCTATTTCTTAAAAAATTCAAGCTAAATAAAAAAAGAGGTAAAAAATTCACCCCTTAAAAGAGTTATTTATATACTTCCAAATTCTATAAACAAAGTATTTTGTGGCGACTTTCTAATTGTAACAACATCATCTTTTGACAGTTTTAACAGCTCATCACCATCTATTACTATTCTCGCATCACCTTTTATTTTATTCACCTGAAGAACTGAATCCGCTGGTCTTACAAAATAAGATGATTTCTCTAAATCAACGGGAGAAACTATCGTTATAACAAACTGATCTTCTTTTACCAATATGGGTCCTCCGGCAGATCTATTGTAAGCTGTGGAACCTGTCCTGGTAGAAAAAATTATTCCGTCTCCAAGTCTTTCTATTTTCTCTATTTTATCGATAATTACTTGAATAGATATCGGTCTTGTTCGAATTCTTTCTATTACTATATCATTAAGCGCATCTGCTTTAATTGTATTCTGATTCGCTTTTGAATTAACTTCAGCCTCTATTCTTGTTCTGTTGGTAATTATATAATCATCATTTAATAATTTATTCAGTTTCTTGAATACTTCTTCTGGTTCTATATTACTCATAAAACCTACTTTTCCAAAATTAACCCTGGCAAGAGGTATCAATAGCCCCTGATTACATATCTTGTTAGCTGTATGAAGAACTAATCCGTCGCCACCAAAAGTCAAAATAAAGTCCAATTCTTTTCCCAATTTTTCCCAAGACTGATAATTAAAAACCTCGTGTCTCCGTTCTTTCAACCAATTATCGACCTCAAGAGCCAACTGACGAGCATTATCTTTTCTTTCATCAAATACTATCCCAATTCTTCTTTTCAACCTTATCACTATATTTTATTTTTAATTAAAGCTAAATCCAACTTAACAAAATCTTCCAAAAAAGTAAAATAAAAAATCGCCCAAAAAGCGATTTTTAAAATAATCCTATTTCTTAAAAAATTCAAAAAAAACCGCTCTTTTGGCGATTTTTTTTTGCTTCGACGGTTTTTTTACCTTATCTATCACACAATATTAGATTGGCATTGTCAGGACTTTTAACCTTATAATATTCAGGGATTTTTCCTTCCTAAAAATCTTTTCTGTCCCTTTATTATCTTTCTTTCTCGTTCCGTATTTTATATGGTACTCTATTCCCCTATTCTGACAGAAATCAATAACTTTATTTGCACGCCCTTGATA
CP061210.1_gap18	629215	631321	2106	CATATAAAGTGAATGTGTTATCTATTACCATACCTCGCATATTACTTCTCCTCCTATGTTTTGTTTTCTAACTTCTTCATCTGTTAGCAAACCTTTTGAGGTTGAAATGATACTAATACCATAACCGCTTCTTACAGGTTTTATTTTTTTTGCTCTGAGATAAATCCTCTGACCAGGCTTGGAAATTCTTTTTAAACCAGATATTACTGGTTTTTTATCTTCATACTTTAGTTTGATTTCTATAATTCTTTTGATTCCCCTACCTTTTTTCTCAACTTTTTCAACAAAAGCGTTTTTTTCTAAAATTTTAGCAATTTCAAACTTTAATTTAGAAAAAGGAATCTTAACTGTTTCTTTTAAAACAGCCTGGGCGTTTCTAATTGATGTTAACATGTCAGCTATTGGATCCATACTTTTACCAGCTGCTTTTTTTTACCCCCGGGATTAGACCTTTATTTGCCATTTCCCTAAAGCAAATTCTGCATAGACCAAACTTTCTCATATATCCCCTTTTTCTTCCACATCTAAAGCACCTTCGCACAATTCGAGTTTTGAATTTTGGTTTTTTCTTTGCTTTAGCAATTAGGGATTTTTTTGGCATAGTGATAATACCCAATTGGGAAGGTATGTTTTACTTATACTACTTTTTTATGGGGAATCCCATTAATCTTAATAACTCTAATCCTTCCTCGCGTTTTTGGGTTGTCGTAACTATTGTTATCTCTAAACTAAAAATTATTTTAGCTTTCTCAGGTAAAATTTCAGCAAAAGATATGTGCTCTTTAATAGCTATGGTCAAATTCCCTTTTTTATCAACAGAATCAGGTTTTATACCTGAAAAATCTCGGGAACGGGGTAATGTTATGTGAATCAATCTTTCCAAAAGGTCAAACATTTTCTTCTTCCTTAAGGTAACCATAATTCCAACTGGAGAACCCTTACGAATTTTAAAACCAGAAATTGACTTCCTTGCTTTAGTTAGAATGGGGTGTTGACCGGTAATTAGGGTTAAACCATTTGAAATACTATTTAAAATCTTTTTTTGCTCATCTGAAGTTTTTCCAGAAATCAATTTCCCAAACCCAACATTCACTACCACTTTTTCAATATTTGGAACAGCCATCTTACTCTTATAGCCAAATTTTTCCATCATAGCCGAAATCACTTCTTTCTTGTACTTTTCAGTTATACCAATCATACTTCTTTGCCGCATTTTTTACAGATGCGATATTTTTTGTTATCTATAATTTTATAACCTATCCTTGTGGACTTTCCACATTTAGGACAAATTAATTTCACATTTGAAACATCTATTGGAGAAGGCATTTCGATAATTTGACCTTTTTCTCCTGTTCTTTTAGCTCTTTGATGTTTTTTTATCAAATTTACTCCTTCAACTACAACTTTTCTCTCTTTCGGGAGAGCCCTTAAAACCCTACCTTTTTTAGTCCGATATTTGCCAGAAATAACCAGAACCTGATCACCTTTGCGTATTTTCATACAATTTCTCTTGCTAAAGTTATTACTTTTTCAAAACCTTTTTCTTTTATTTCTCTTGCTATAGGACCGAAAATTCTTCCTCCTCTTGGGTTTTTTGTTTTTCCTTCTAAGATAATACAGGCATTATCATCAAATCTAATGTAAGAACCATCACGCCTCCGATATTCTTTTTTCTGTCTTACAATCAAAGCTCTAACTACATCATGTTTTTTCACCTCCCTTCTCGGTTCTGCTACTTTTACTGTTCCGACGACAACATCACCAATTCGAGCATAACGTTTTTTGCTACCACCTAAAACATGAATGCATTGAAGAATCTTTGCTCCGCTATTATCTATTACTTTTATTATTGTTCTTATTTGAATCATAGAAACTGTTTATTTTCTTAATAACTCTCCACCTCTTCCCTTTGCTTAAGGGTCTGCACTCTTTAATTATAACCCTATCTCCAATCTTATATTCTTCTTTTTCATCATGGGCTTTATACTTTTTATGAATCTTATATCTCCTTTTATACTTTGGGCTTTCCTTTATTCTTTCAACCTCAACCACAACTGTTTTTTGCATTTTGTTTGAAATAATTATACCTTTTAATTGTTTTTTAGG
CP061210.1_gap19	638009	641968	3959	GAACATAATTATAGAATTCAGGTCTCAGGTTTCAGGCTTCAAGCTTCAAGAAATTTTATTTATATTTGTTATTTTATTTAATTTTAAAAAATAAGTCAACCCCGCACCACTTTATTATAAACTATTTCTTCTTTCCTTCAATAATATCCTGAGCAATGTTCTGTGGCACTTCGTTATAACAATCAAATTCCATTGTAAATGTTCCCCTTCCTTCCGTCAAGCTTCTTAAGGTAGTGGCATAACCAAACATTTCAGTTAAGGGAACCTCTGCATCAATAATCTTGAGATTTAACCTATCTTTTGTTTCTTTAATTTTTCCTCTTCGAGCCGATAAATCTCCGATAACATCGCCAAAAAATTCAGAAGGAATCACTACTTCCAACTTCATTATTGGTTCTAATAAAACAAGTTCTGCTTTCTTTGCAGCTGCTTGAAGCGCCATGGAAGCTGCAATCTTAAAGGCAAATTCGGAAGAATCAACTTCATGGAAAGAACCATCATAAAGAGTAGCAGAAAAGTCAACCAGAGGATAACCAGCCAATATTCCTTTTTCCATGGCTTCTTTCACTCCCTTCCCAACAGCAGGAATATATTCTTTCGGTATAATTCCTCCTTTAATCTTATCAATAAACTCAAAACCTTCTCCTCTTTTTTTAGGCTCTAACTTCAGCCAAACATGTCCATACTGACCTCTACCTCCAGACTGCCTAATGTATTTACCTTCAGCTTCAGCTATCTTTTTTATTGTTTCTTTAAAAGCGACCTGGGGTTTACCAATATTTCCTTCAATCTTAAATTCTCTTTTCATTCTATCAACAATAACCTCTAAATGTAGCTCACCCATACCAGAGATAATTGTTTCACCTGTTTCTACATCTCCCTTTATTGTAAAAGTAGGGTCTTCTCCAGATAACTTTTTTAAAGCTAAATTCATTTTTTCTTCATCAATCTTATTCTTAGGTTCAATTCTAATAGAAATTACAGGTTCAGGAAAAATAATTTTTTCTAAAACAATGGGATGCTCTTGGTCACAAAGTGTATGACCTGTAGAACTATTTTTTAAACCAACCGTAGAAGCAATGTCTCCGGCTGACACTTCGTCAATATCTTCTCTTTTATCAGCGAGCATCCTCAAAATTCTACCTATCCTTTCTTTCTCTCCGGTAGTAGTATTGAAAACATAAGAACCTTTTTTTAATTGTCCTGAATAAACCCTGAAATAGCTTAAAGTACCAACATAAGGATCTGTAGCAACCTTGAAAACTAAAGCAGAAAATGGCTCTGAATCATCACTTTTTCTTTCAATAACTTTACCAGACTTTGGGTCAGTGCCCTTAACTAACGGAATGTCAAGGGGACTGGGTAAATAATAAATTACTCCATCTAAAAGAGGTTGAACTCCTTTATTTTTCAAAGCCGAACCGCAGAATACCGGAATTAATTTATATTCTATGGTGGCTTTTCTCAAAGCTTCTCTTAACTCATCAATAGAAATTTCTTCTTTGTTTAAATACTTTTCTAAAAGTTTTTCATCTTCAGCAACAATTTTCTCTATCAATTTTTTTCTCCACTCTTTGGCTTTTTTTAATAAATTAGAAGGGATATCAATTTCTCTTATGTTCTCCCCAGACTCACCTTCAAATTTGACAGCTTTCATTTTTAACAAATCAATAACCCCCTCATATTTTTCTTCCAAACCAATCGGTAATTGAAGAGCGACTGCCTTGGGAGATAGTTTTTTCCAGATTGATTCTAAACTTTTTTCAAAATCAGCTCCCATTCGGTCTAATTTATTTATAAAGCAGATTCTTGGAACATTAAATTTATCTGCCTGACGCCAAACAGTTTCTGATTGAGGCTCCACTCCCGCCACTCCATCAAAAACAACAACTCCCCCATCAAGAACGCGTAAAGACCTTTGAACTTCAGCCGTAAAGTCAATATGTCCGGGCGTATCAATAATATTTATTTTATACTCTTTATCTTCTTTTTCTTTTAAATCGTCAGGTAGCCAAAAACAGGTAATGGCAGCCGAAGTAATTGTAATTCCTCTTTCCCTTTCTTGAGCCATCCAGTCAGTAATAGTGGTGCCCTTATCAACGCTTCCAATTTTATGAGTCATGCCGGTATAAAACAAAATCCGCTCGGTAGTTGTTGTTTTACCGGCATCGATGTGAGCAATAATACCTATGTTTCTATATTTTTCAAGCGGATATTGTCTCATATCACTTCCTCACCATGAAAAATGAGCAAAAGCTCTATTAGCTTCTGCCATTCTATGTGTATCTTCTTTCTTTTTTACTGCCCAACCTGTATTATTGGCAGCTGCAAGCAATTCTTCGGCCAATTTCTCCTTCATTGGTTTCCCCTTCTTTGATTTTGCTGCCTGAATTATCCAGCGCATAGCCAAAACTAATTTTCTATCTCCTCTCACTTCTCTTGGAATCTGATAAGTAGCACCACCAATCCGCCTTGGCTTCACCTCTAAGAATGGACTTGTATTCTTAATAGCTACCTCAAAAACATCTATTGGGTCTTTTTTTGTTTTTTCTTTTAAAATATCAAAGGCGCCATAAACAATCTTTCTGGCAACAGTTTTTTTACCTTTCCTCATTATATAATTAATTAATTTAGCAACAGTAACATTATTATAAACGAAGTCAGGTTCAATTATTCTTTTTTTTGCTTTCTTTTGTCGAGCCATGGTATTAAATGGTTATTTCTCTTTCTTCGTGCCGTACTTGGAGCGTTCCTGTTTTCTTCCCTCAACACCTCCTGCATCTAACACTCCTCTAACCACCTTGTAGTTTACTCCCGGTAAATCCTTTATTTTTGCCCCCCTAATTAAGACTACCGAATGCTCTTGTAAATCGTGACCTTCTCCGGGAATATAAGCAGTCAGTTCCTGTCCATTGCTTAAACGAACCCTGGCTACTTTTCTTAAAGCTGAGTGAGGCTTCTTTGGAGTCATAGTAAAAACCTTAATACAAACTCCTCTTTTAAAAGGAGATGGATGTCTTGATCTTCTATTTTTCAAAACATTAAAGGTAAATTTAAAAACAGACGCTTTTTTGCGTTTTTTAATCTTTTTTCTTCCCTTTTTAATTAATTGATGAATAGTTGGCATAGTAATAATTGAAAAGATTAACACAAACTAAAAAGGAAGTCAACACTTTTCTGTTTAAAAAAGTGGAGCACCAACAATTATAGTAAAAATCCAATTAACAATATAAATTAAAAATTGAAAGAACCATGGGAAAAAGAAAATAAGAAAAATCAAAATGAAAAAACCAAATTGAGTTAGAAATATTTTTATTTTCTGCATTGAATAAGGCAAGAAAGTAAAAAGAACATGTGAACCATCCAAAGGCGGAATGGGTAATAAGTTAAATACACCTAAAATTATATTTAAATAAATAATAGAAGAAAAAATTGAAGCAAGACTACTAGGAATGAAGCCTAAAGAAAAGCGAAGAATTAAACCAAAAACTAAAGCCACAGCTAAATTTACTCCTGGTCCAGCTAAAGCTACTTTAAGGGAACCATATTTTTGGTCTCGAAAATTATAAGGATTAATTGGTACAGGTTTTGCCCAACCAAAACCTCTGCCTGTGGTAAGAATTAAAAAAAGCGGTACAATAACTGAACCAATTAGATCTAAATGTTTTGAAGGATTCAAAGTAAGACGACCGGCGTATTTTGCTGTTGGATCGCCTAAGTAATCTGCCATAGCTCCATGAGAAACCTCATGAATAACAATAGAAAAAATCAAAATAATAATTTGTAATATAAGAGATACCAGAAATAAAAATTCCATATTAGATAACTATACCAGATAATTTACAAAAATAAAAATTTTTGGTAAAATGTGACTACTATGGCAAAGCAATGTCAAATCTGCGGAAAAACCTCGCAAAAGTTTAGAAAACTAATTAAACTTCGAGGAAAGTATAATCCAA
CP061210.1_gap20	660913	661413	500	CTTTTTTATCTAAATCAAAAACAAGGACTTTATTTACAGCTGTAGCTAAAGCAGCAAATCCCGCAGCCGAAGAGGCTAAACCTGCAGCTGTTGGAAAGTTATTATTACTTACAATTTTTGCTTTGATATTGGTCTTACCCATCTTCCTCACTACTTTCAAAAATGACTCAATAAATTCATCATATTCTTTTGAACCTTTTCTAAATTTATTACCGTTTAAGATAAAAATGTCTTCTTTATATTTTTTATCAAACTCAACCGTGGTATGGGCATATAACCCATCTGTTGTCATGCTTATACTGGTGTTGTTTGGAAGTATGAGTTCTTTATTCCTCTTTCCCCAATATTTTACCAGAGCAATGTTAGCATTTGCTATAGCTGAAACTTTCATAAGTTTTTTATTTCGAGTTCTATTGCTCTTTTAAGTTTTCTTTAACTTTTACCTTTGCTACTTTAACCATTTTTGAGTCTGGTTTTTTTAATTCTACCAAAAAACCGCT
