gap_id	start	end	length	sequence
CP060227.1_gap1	118798	120266	1468	TGTTTGGATCTAGGAAGAATTTAAGCTTGGTTTCGTAGTCACGAATCTCTTTTACGATCTGTTCCCTCGCCTGCTGCTTTTCTGCTAACAGCTGCTGGTAATTTTTTTCTTCATTTTTGGTAACCTCCAACAAATCAGCCTGCTCGGCTTGGTTGTTGGTCAATACTACATTTTGATCCTTATATTGGGAGTGTAGGGACTTAAGATCATTGCGTTTTTGGGTACTCTCCTCTCTTTTTTCGTCAAGCAATTTATGTAACGAGACTAACTCTTCCACCTTTATTGCCATACTGTTTTGCACCGACTTATGAGCCTCGAGTGAATTCCAAAATTCTGAAAATTTCTTATTTCTAAGTAAGAGTTCAACTAGAGTAAGGTCTTCGGTTTTGTATTGAGCCCGAATAATCTCCGCTATCGCTTCTTTGTTAGTATCTATATCCTTCTCAGTTTTACTAATTTCTAAAATAAGCTTGTTTATTTCTAAATCCGTAGAGCTTATGAGTGTCTCGGTACGTGAAATTTCTGCTTGTACTTTCTTGCGTTCCAAAGTTAACTGATTGATAGCTTTCTGAAGACTTTGCTTCTCTGCCCCCACCTCCATAAGCTGCAACTCAAATTTGGCAATTTCTTTTTCTATATCCGCCAAGCGCGATCCTCTATCTTGAATATCCTGTTTTAATTTTTCCAGCTCGGAAGTCTGAGCGTGAACAAGCGGTAAAGAAAACCAAAAAAGCGGGGCTAAAAATAGACCAAATAAAAAAGCGGTTACTGTTTTTTGTAACTTCACCGCTTTATTTTATCACAAGCGACAGAGATTCTCTTTAGAGTTTCTTCACGACCGATTATATAGGCAATAGTAAAAGGGTCTGGCGACCTCTCTCGGCCCGATAAGGCGACTCTAAGCGGCCAAAGTAACTCTCCCCTACCAACCTCTTCTGCATAGTCCCAAAGATCATTTTTAACGCTATCTGGCGTCGAAAAATCGGCTTCCTTGAGCAAATTTAGAGCTTTTTGAAGTCTCGGCAGAGCCTCTATTACATCATTATCCTTTTTCCATTTCAAGATATCAGTCTCGTACGCTGGAGTTACAAAAGCAAAATCATACTCCCCCGCTTTTGCTGCTTCACTAATCTCAGCGGCTATATGAGCCCTTTCCATTATAGTCGGAACCAGTTTCTTTAAAATGTCTTCCGAGTAACCTGCCATTACTTTAAGTTCATCAGGTAGAGCCTTACTAACGTAAGCATATACTTCATCATCACTCAGTTTAGCTAGGTGCTGCTTGTTCATCCAAAGCAACTTCTCTTCATTAAAGACAGCGCCGGCTTTTTGAATCTTTGTAACATCAAACGCAGCCACCAGATCATCAAACGTGAAGACCTCCTGTTCAGTTCCTGGATTCCAGCCGGTAAGCGCTAAGAAATTCACCATTGTTTCTGGCAAAAAACCTTCATCTCGATATTCAAAA
CP060227.1_gap2	191026	191568	542	ATGTATCGCTATTAGTATCAAAATCTCTATATAATTCCTCTTCGGTTAGATGTCTAACTTCTCCAGTAGCCCGGTTTACCACTTCAAACTTACCTTCTTCTTTAGCCTTCTTGCTCAACACGACCCGATACGGAATACCAATCAAATCACTGTCTGCAAACTTTTCACCAGCCCGAGTAGCTTCACGATCATCAAAAAGTACTTCAACTCCGCGCTCTAACAGATTCATATAAATACCTGTAACCCAGTCAGCTACTGCTTCGTCTTCCATATTGAGACCCACCAAATGAACCTTGTAAGGAGCGATATTTTCAGGCCAAACAATCCCCTTTTCATCGGCAAATTTCTCGACAATAACCCCCATTACGCGAGTGATTCCAATACCATATGAACCCATCCAAACCGGAAGATCGTTTCCTTCCTCAGTTTTGAAAGTCAAACCGATATCGTCAGCTTTCTGACGTCCGAAATTAAAAATGTTTCCCACCTCAGCCGTTTTGACCTTAGTTAGGTCAGATTCGGTTATTCCAAGCTTGGCCAGA
CP060227.1_gap3	216478	218110	1632	AAAACAGCGCCGCTGTTGGTGTATTGACGGAAGTTTGATTCACAACGAGCAATCTCAATCATATCTGGAATGTCCACGAAATACTCTCGAACTTTTTTCTCTGTCTCAACCTGATTACGATAATCCGAGACTCCAGCTGTGAGTGGTGTTTCAGCGTAGGCTGAGCTAGACACACCAAAAGCTACCAACAAGAAGGTAGATAGAAATATTATAGATTGTATTTTCATAGTTGGATATTATATCACCAAAACCTCTCAACCTGCACCCGTCAAACTTTTTTATTTTACCCCAACACTGCTATAATCCAAGCTATGGAAATTCCAGTTTTTAGTATCATATCGCTTATTACCGAAATATTGGTCACAGTATCAGTTTTAGTCATTATCTATAAAGCCTATTACACCGGTGTTTTTATGCGGGGTTTTGCTTTCTTTGTTCTTGGCTACGAGATCATGTTCAATATCTCATATATGCTTTCTCGAGTACTACACCACCTACCAGAACACCACGACTCACACCACGAACCTTTTGAGCTTGGACTCGCTATTTTTCACGGCACCTTTTCCTTGATAATGTTTATTGGTCTAGTTATTTTCTTTCTTATGGCTGCCAAAAAATACGCCACTGGTGAAAATTACTTTGCTAAACACCCCCGCTTCACTTCCCTCTTTATCGCCGCTTGGCTGGTATCGGTATTTTCTGGAATGCTATTCTTTTATCTTTTGTATGTTTAATATCTTATTTTTTTAACTATAGAGTATGGAAGTATTTTTTAGCGTAGCTCCAACATTATTTAACTTTATTGGAACAATTGTTATTGCCTGGGGTCTTTTGATCACAAAAGAAAAAGCTTTAGAATTAGGCATATCTCGCTGGTCAAGTGATGATGAAGAAGAAAATCTTAAACTTCCAGCCATAAGCGACAGAATTAAACAAAGGAATTTTGCAATCGTAGGATTAATACTATTAACTATTGGTTTGATTATAGAATTAATCGGTACACTTTGTTACAAGTGATATACTTACTCCATGAAAAAGGTTTTGGTTTATGGGGTTTTACCAATAGCTGTATTTTTGATAGTGCTTTATGTATTAGCTTCTTTTACACATACTGGGCGGGTGTGGTCTTTGTATTTTTTGGCGGCGCCGAAGGCGCCGCTCGCTGTGAAATACGATTGTATCAAAGAGACCAACCAAAAAGTGTACGATAAGTTTCTATTACCACTGGAATTTGATGAAGTATCCAAAAACGACTTACGAGAGTATTGGCACTTTAGCTATTATCGTGCCTGCCTTTTTAAAGCCGGCTATGACTTTTGGGGTAATGAAATACCACCAACCTCTCTACTACAAAAAGACAGTCACACAGAATATACCAACTACTTTGCAGACATATCTCTAACTCTCCCCCCTCAAACTAAACTGGCTTTAGACAATGAAGTAAATCCCGACCATGATGATTATATTATCGCCTCTATCCTAGAACTAGATGGAAATGAAATTTATATAAATGTTGACCGAAGCTACAAGCCTGCCAATATGGCGACACTGAAAAATGAGTTCGCCGGCTTTCAAAGCCAAAAAGATTTTAAGAGCCCTGACTTAGTTTTCCAAAGTGAAACAAAAGAAAAC
CP060227.1_gap4	317239	321551	4312	GAATTAATACACTGTGTGTATTTTTAATTGTCAGTATTCATGAATTATACTATTAACTCATGTCCCATTAACTATGTAACGACACTCACGTCTATATTACACTGGGCAGGTTAGGCATTGCCACTTGAGCATTACAAGTTCGCGGTACGAGAATATCAAACATCAAACCTCGTCTTCCCCGGAACCCCTGTTTTCAACGAACGCATTGATGTATAATCTTTAATCAATGTTTCAATATCATAGCAGATTTAAAACATTTGTCAAGCCTTTTTGCCTGAATTCTCACCCTAATTGCACAATCCTTTGCACCCTAATTGCACAGGTCAAGATGACATACATACTGCTTTTGTATGTCACACAAACAAATAGGACCGGAAGACTGGCCGGTTATTTCACGTATGCTCAAAGCGGGATACTCAGGAGTGGAGATTGCGCACATTATCAACAAAGATCCAAGTGCGGTTAATAGACATATTAAAGCGTATGGTGGTCGGGATAGATACGATGCTCGCGAGGTTCGCAGAAAGAAAAAACAGGCACGTATCATTGCTATGGAAGGTACTAGAATACTCAAAGGAGTATTATTACGAGAAGTGAAACGATTATTAAAACAACACTACTCACCGGAACAGATAGTCGGAGTACGTGATGACATCTCTGCGAGCACTATCTACCGATACATTAACGAACGAGCTCCACACCTTAAACAATTTCTTCGTTCTCAGAAAGGCAAGTATCGGCGCAAACGAGGCACCAAAATACGTGAAAAAGTTCGTGAAAGAGCCAAGAAACGTCGTATTGATGAACGACCGCCCATTATTGAACGTCGCTCCCGTTTGGGAGATTGGGAGGGAGATACTATGCTGGGAAGAGACAAACGAGTACGTATTGTCACCTTCGTTGATCGCAGAAGCGGGTATCTAATTGCGTATCTTCTGCCAAAATTAAATGCTACTTTACTCACTAAACTGGCGGTGGAAAAATTCAGGCGTATACCCAAAAACAAACGAAAGACCGCTACCTTTGATAACGGTACCGAGTTCAGTGACTGGGAACGGTTTGAGAAACAAACGAGTATGACTGTGTACTTTGCTTATCCATACCACTCTTGGGAGCGTGGTACCAATGAAAATACTAACGGGCTACTTCGACAATATTTTCCGAAAGACTTGGATTTCAACACCATTACTCCACAAGAACTTTCTGAAGCGGTTCGTCGTATAAATCATCGTCCTAGAAAGAGACATAATTTCAAGTCTCCACATCAGATATTTTGGAAGTGATGGTCTGTGCAATTAGGGTGGTGATTCAAGTTGGCTCAAATTTGGCTTATTTTTATGTAAAATCGTTATTTTAAGCCTTATTTTGTATATCTGTATAATACACGACTGCTTTATTGTTAATGATTAAAATAAACAAGGCACGTATTTATATAAGAAATTTATATAAGAAACACGTGCCTTTAATGTGTGTACTTAATAGACCCTTAGCCACACAAGTATTAAAAGTAATATAACCAACGTCCAGCCAATATATTCAGCTAGAGCCAAAACTGCAAAAAACAAACTCGCAAACAAACTCAATATGAGACCAATAGCGATAAATGCTAAAAAAACAGATCCTATAAGTACTGGAGCAATTCCAACACTCATCAGTATATATGGTTCAATCCTTTTATTTAAAACCTTTCTGTTAATGTTCATTACCCACCCCTTTTGTTTGTATATTTAAGAACACTTGCCAAGTTTTATATAAAATAAAATACAATATTTACTTTATAATGTCAATTATTCCGTTAGACATCTGTTCTATGCTCCGACAAAAACTCACCCGATGCTGGCTACTTAAACCATTCTCAGATACTGCCTGCCGGTGGGCCTTGGTACCATACCCCTTATGTTTAGCAAAGTCATAGATGACAAATTCTGACTTTTTTGCCAACCTTTCCATATATCTATCTCTAGTTACCTTGGCCACAATCGAAGCTAGTCCAATCACTTTTTCTTTACCGTCTCCTTTCACTATCATCTCTTGATTTACAAACTCAGCTGGCGCTTTCAGTCCCCCATCCAGCTTCACCTCAATTGTCCCGAGGGGAACCCTCGGGGAAATTGTAGTGACTTTTTTAAGTCCGCGTTTCATAGCCAGTCTAATAGCTGGAACGATACCTATTTTGTCTATTACTGATGAGTTGACTAAGGATACAGCAAAACTTAGTTGACCAGCTTTTTTCAACTGCTGAGCTTGCCGGAAAATCGCTTCGCGATTTTCCGGCTTCAACCGCTTACTATCATTCACTCCAGGAAGCACGCTCCAATCAAAGTCAGCCGGTACCATTACTATCCCAACACCCACTGGTCCCGCCAACGGCCCACGTCCCACTTCGTCAATACCAATTAACCATTTTATATTCTTTTTACCCATCTAAATGTATCTTTATGAAATCGCTTGACAATACTATCTTATGGAGTATACTCCAAATAGTTCGTTTTGTCTTAGGGGGTTACCCCACCTGTTTTTAGGAGTTTTAATTAACTTAAGTTTGCAAGGATGCACTCTTAGTAGTGGGGAACTTTAAAAGTTTCTATATGCTTGAGTTACATTAAATCAATTTTTAACAGAATTACGTGAATAACAAAACATGAACTATGCCGTCATTCCCTCTGGGTCTGACGGCATCATTTTATATTTTTTGAGCTAAAACAAAATAAAAACCCTCCCAGACACCGCCCCCAAGCGGTGTTCTTTTTTTTATTTTTTACCTCTACACACAAAATGCTATACTGTCCGCACTATGTCTGACATACCATCAACCTCATCCTCTGACTTCATCCATCTCCACGTCCATTCGCACTATTCCCTCCTAAACGCCCTCCCTACCCCAAGTGAATTAGCTAAAGCCGCCAAAGCCGACGGACAAGACGCCCTTGCTATCACTGACGCTGGCGCCATGTACGGGATCATTGATTTTTATAAAGCTTGTACCAAAGAAGGGATCAAACCCATTCTCGGACTAGATGCCTATTTGGCGCCCCGCACCCGTCACGACAAAGAACCTCGGATCGACAAACCCCGCTCCCGCCTAGTCCTACTAGCTAAAACTTTCTCTGGCTATCAAAATATGATCAAAATGGTCACCCTCTCTAACACCGAAGGTTTCTACTACAAACCCCGCCTGGATGAAGAACTTCTAACCGAAGGACACGAAGACTTAATCTGCATCATCCCCTCTTTTGCCGGAGAAGTAGCCCAAGCTCTCAAAGACGGTGACGATGAGCTAGCCGGACAAAGATTGGATTTTTATAAAAACCTATTTGGCGACGACTGCTACCTTGAAATCACCCACCATCCGGAAATCCTAGACCACGAAGCTAATCAGCAAAAAATTATCGAACTAGCTAGAAAGACTAATACTAAGCTGGTAGCCGCTCACGATGTCTATTATCTAAAACCAGAAGACCGTCTCGCTCGCGAAACGATGGTTAAGATTCAAAGCGGCGGCGTAGTTGATACCACCGCCGATGATAGTGACGAGAACTTTTCTTTCATTACCCAAGCTGATGCCAAAGAACTTTTCAAAGACACTCCGGATGCTATCGAGAACACCGTAAAGATTGCCAACCAGTGTCATATTGAAATAGAAATTGGTACTCACTGGTACTTCCCTAACTACATTATTGAAAGTGGTAAGACTCCCGACGACGAACTCAAAGACATGTCATACAAAGGTGTTGCCTGGCGCGGTATGTCACTTGATGACAAAGTGGTGAGAGAACGTCTTGATTATGAACTGGACGTTATCAAAACCAAAGGTTACGCCACCTACTTTTTGGCCGTGGGAGACCTGCTTCGCGAAGCGCGTGAGCGTGGTATCCTGACCACCATTCGAGGTTCGGTGGCGGGCTCACTCACTACTTACGTACTTGGTATTACAAACGTAGATCCTCTTGAATACAAACTCCCTTTTGAACGTTTCCTAAACCCACAAAGACCTTCGGCACCTGATATCGATATGGATTACGCTGATAATCGTCGCGATGAGATTATTGAATATTCTAAGGAAAAATATGGTGCCGATAAAGTAGCGCAAATCGGTACCTTCGGAACCATGGCCGCTCGCGCGGCAGTACGAGACGTAGCTCGTGCCCTTGGTCACCCTTATGCTACCGGAGACAAGATTGCCAAGCTGATACCAATGGGTAGCCAAGGTTTTCCAATGACTATCAAGAAGGCTCTAGAAATCGAACCAGACTTGGCAGATTTGTATAAAAAAGATAGCGAAGCTCGTGAAGTCTTGGACTTAGCCAAACAG
CP060227.1_gap5	323194	324719	1525	TGAACCAAGTATTGCGGTTGATAAGGCGAAGCTGCTTTCGGGAAAACCTAAAGAACAAACTACTTCAGAATAAACAATAAAACACGCGGAGACTAGACAAAGTTCCGCGTGTGTTTTTATTTCAAAAAATATCAGTATCAGTATATAGATATTAAAAAATCTATTACCACTACATGTAATTGAGTAATAATCTCAGGCACATAAGATACCACAATCGAAGCTGGTAACATACCTACAGCAGTAGCAGTAATATATAGCTTTAACCTCATGTTAGAAAAAGTTCCTAACGCATAACTCAATATTCCAACCGGGATGAACATTCTCAAAACCAAAACAATAGTGAAAAATGTCTTTTCTCCATATCTTTTTTCATATTCTTCCAACTTTCTAAAAGGATATATCCTTTTAAGAAAAAGATTTCCGTAATATTTTTGAGCTATCAAAAAAGTAATAACAGCACCAACCGTCCAAGAAAAAATACTTAACAGGACCGTCGTAAAACTACCCCAGATAACCACTCCAATTGGAACAAAAGTTATCGCTGGTATCGGTATTATTAGTATGGAAATTATACCAATCAACACATAGATAATCATGCTGATAAAACCGTAATCCAAGTGCGTAATTATATCCATCCGATACTTATTTGCTAATACCGAAACGATAATAAAAATTATTGGTATAATGACAAGACTCACGAACAGATCCTTTCTTCTTTCATTTTCAATCATTTTTTAAGAACCTTTTTAGTTAATCAATCTACATACTTTATAAGATAATTTGTACTTTTAGGCAAATAAAATTTTATTATGTAAATATATTTATTTTTCTATATAATATATTTTATGGTTAGAAAAAAGATACTTATTTGGACATTGTTAATACTTACAGTAGCAGGACTGTTACTTGCCTATTTATTTGAAAATAATAATCACAATAAATACGTTGAGGTTAACTCAATAACCGAAAGACTTGGAACTGAATATAAAATTTTACATGAAATTATTGAACCAGACGAAAGACTAGGAAGACACGAAAAAAATGTTATATCTGATTTATATCACAAGAACGAAGGATGGTTACTTCGAAATAAAACAACTTATTGTTCTAATAGACTAATTGATGATATAGATAAGATTTCGACCAAATCTGGAATTTATAAATACACAGGAAACCCAGACGGTAATCAACTTACAATGGATGTTGAAAAATTTAAAAAACACCTTATTTCACTGAATGAGTTATGTGTAAACGAAACCGAATTCAATGGAGAGAAAGCTCTTGAAGCAACTTTGTTTATAAGTCCAGAACATAAAATTTGGAAAAAAGTAAAATACTAAATTTGACATTTTATTTCCTAGCGTTAGCATTAGAATATATACATAGACAGAGATTGTGGCAGCTACCAAACACAAGCATAAGATAGTTGTATACAAAGACAGTACTTTAGCACTTAAGTCAAAAAATAAATTCGCTAATTATTTTGTTTTATAAAAAATGGTGATACCTACCTCTGCCCAAGTTA
CP060227.1_gap6	326186	327594	1408	AAAATCCTAAGGAAGAAATCAACACTGACGCTTTTAAATTAGACAAAATTGCTGGCGCCTACTGGCGAGGTGACGAGAAAAACCCGATGCTTACCCGTATCTATGGTGTGGCTTTTGATACCAAGGAAGAATTAGAAGCCTATGAAAAACTACAAGAAGAGGCTAAAGCGCGCGATCACCGCAAGCTTGGTAAAGAACTTGATCTCTTTACCTTCTCTGATCTAGTTGGTCCTGGTCTACCCCTTTTCACCCCTAAGGGTACTTTGATGCGTGACCTAATTGTAGATAGGATTATGAAAATACAAGCTCGCTACGGTTATGAAAAAGTAACTATTCCTCATATTACTAAAAGTGACTTATACAAGACTTCCGGTCACTGGGATAAGTTTGGCGATGAACTGTTTAAAGTTAAAGGCCAATCAGACGCTGAGTTTGTTTTAAAACCAATGAACTGTCCGCACCATACCCAAATCTTTGATAGTCGCCCACGTTCATATAAAGAGCTACCAATTCGTTACGCCGAAACCACTATGGTCTATCGCGACGAACAACAAGGTGAACTACTTGGACTATCTCGAGTACGCAGCATTACCCAAGACGATGGTCATGTTTTCTGTACCGTTGATCAAATTGAACAAGAGGTGGAAAATATTGTTGGCGTAATTAAAGAATTTTACCAAGCTCTTGGTATGTATAAAGACGGAAATTTTTGGGTCTCCCTTTCGGTTCGTGATTCAAAAAACCTAGACAAATACTTAGGTAGTCAAGAAATCTGGAACAAAGCCGAAAACACTTTGGAAGAAGTAGCTAAAAAGCTGGACTTACCATACAAACGTATTGAAGGAGAAGCGGCTTTTTATGGACCAAAGTTAGACTTCATGTTCTTTGATGCGATTGGTCGCGAGCGTCAGTTAGCTACCGCCCAACTCGACTTCATCATGCCGGAACGCTTCGGACTTACTTATACTGACAAAGATGGTTCCAAGAAAACTCCGGTTATGATTCACCGCGCTATCGCCGGCTCACTAGAACGCTTCATGGCCATCATGATCGAACACTTTGCCGGTGCTTTCCCGCTTTGGCTATCTCCGGAACAACTACGTATTATTCCAGTTAATGAGGTACATCTTGAATATGCCAATAAAGTCTACACTGAACTTAAAGCCGTCGGTCTACGTGTTACCCTCGACGACAGTAACGAATCCATGGGCAAGAAAATCAGAAATGCCAAGAAAGAAAAACTTCCTTACTTCGCTGTCATTGGCGACAAGGAAGTAGCCGCTAAAAACGTCACCTTAGAATCGCGCGAAGGAGAATCAGTACAAGTTGATTTAAGTAAGCTGGCCAATCACCTTTTGACAGAGGCTGACATGCCTGATTATTAAAAAATATAAAACAAAAACCGCGC
CP060227.1_gap7	399898	403041	3143	GTAGTCATCCCAAACAAGTCAACCGAGGTCCAAGGAGTAGACGAGGCTCGTCCGGTATTTTTGTGACGATAGGCAGAAAATTTTTCTTCCTTATCCAACTCTTCGTTTAGATAAACAAAGAAAGCTTCTAGATTTGCCCGTTTATCACCCGGCCACTTTGAACCATCAGTGTGTGGAAACGAAATATCCCGCATATTACCGTCGCTCGGATAACGCACATAATCAAAATTCAGCTCATCAAAACCAAGGTTGTATGAATCAACTGATAACTCAACAATATGATCCCAGTACTCGCGGGCCGCCACATCTATAAACGACAAACCTTTTCCATCACGCCAAACTGTATTGCCATCAAGCCTCTTTACCGCCAAATGAGGAAACTTCACTGAATAAAAAGGATCTTGAAAGACTGTTATCCGGCCAATCACATAAATCCCCTGACTATGCAAACCAGCCACAAACTCTCGCATATCACGAGCGCCACAACGGGCATTTTGCCAAGCTGGTAGCCACGCTTCGTTCTCTGGTAAGAACGATATGGTTCCAGAGTAATCTTTAATATCAATCACCACACTATTGATCTCCGTTTCATTTATTAGCTTAACTAACCGATCTCTAAAACTAGGAGTACCCGCTACACAAGAAGTCATATAAATGGCCTTAACTTGCTGTGGTAAAGGAATATGTTCAGTCACCAACCTAGTATCAGTAACGACAGCTTCCTTATCCTGCACAGTCGAAGAAGAGACGTTGCCAGATACAATACTTGGCACACGCTCATACGTTAATTCAGATTTTGGAATATAAGCATAGCTAAAAAAAGCCAATGCCGCCACGGCTATAATTAGTATCAATCCCAAATATTTGGTCATAAGATTTATTGTACCTCACGCTCTTCAAATAACTGTTTGGTCGTTTCCACAAAAGAATCAGTACCTCTTTCCCCGTTCCCTCGATCAATTCGCGACAAATACAAAGCCCGTCTGAGTAAGTAACCCACCATTACTAAAACTACCCCGATAGCAGCAATCATATACTGCTTCCAAGGTTCAGGAATACCTAAAAACGGTAAAAGCACTAAAAAAAATCCAAAAATAAAAACCAGCGTCTCTTTAGACATAATTGATGTGTATTATACCGCACTAATCGTTATATTCAAAAAACCACCACAAACTTAAGTGAAGAAACGAGCGCGACCTAGTTTATAAGGAGCTATGCGACTATATAAACGGAAATACTCTTGTGGTGAGCGACTATTCTGAACTTATGTCAGAATTTGTTACTGGAAAACAAGGAGTGTTAGCGACTGCGCCCTGCGTATGAAAATCATAGTTGTCATCACTCCTTGATTTACACATGTTTTACGTATGCAGAGCTCTGCCCTTGGGCAAATTCTGGCCCCCTGTTTGTAAAATCACCACAAACTCCCCTTTTTGTTTGACAGAATTGGTATTTAAAATCTCCAAAACTTCAGCCGGTGTACCAACCAACATTTCTTCATGTAACTTGGTTAGTTCACGTCCAAGACTAACTCTAGCTTCTGGATAAAACCCAGCTAGTGATTCCAAAGTTTTTAAAATACGGTGAGTTGATTCAAAAAATATCGCTGGTTGCGGAAAGGTCGCGAGACATTTGAAAAAAGTCTCGCGACCTTTCTTCTGCGGCACAAAGCCAAGAAAAGTAAACTGATTACCAGTAATGCCAGATATAGAGAAAGCGGCCGTTACTGCTGACGGTCCAGGGATAGCGTCTATTCGCGCTGCTCGCGCTAGCCGGGCGCGCCCCACCAACATAACCCCCGGGTCACTCACTCCCGGCGTACCCGCATCACTCACAAGAGCGATATTCTTCCCTTCCTCCAAGTCACCAAGCACAGACTCGTGTACCTTTTCGCTCGTATGCGCATCATAACGCTTCATCGGTGTCTTGATATCGTAGTGCGACAAAAGTTTGCCGGTCACTCGCGTGTCTTCACACAAAACATAATCAACCTCGCCCAAAATACGAATAGCCCGCAAGGTGATATCCTCCAGATTTCCAATCGGTGTCGCTACTATATATAGTGTTCCCATGACTCATGCATGGTAGCAGAAAATATAAAAAAAGAAACCGGACGTACGAACGTCCGGGAAAATTCTTCCTAAGTCAAATATTAATAGAAGGCTTGGGTTTGAAATAGACGGAAATATGACCATTACACGACCCCAACCAAACACTAGTTCCATTAAAATGCGCTAAGCAGTTAATTTCTCCTAAATCAACTGGGTCTAAACCACAAGAAGGATGGTCATTAAAAGTTATGTTTAATACACCAGATTCAAGTGAAACACATACACCTGAACCTACACAACGCTTTCTTCCAGCAATACATATCTCCACTGAAACAACAATACGCTTCGTCAGGTCTTGGTAAAGAGTTAGTCCAGCATGCGAAACCAAAAATTCTCTGTTCAGTTTAAACGTAAGTTTTTTTCCACGTGCTTTTTTTGAGATAGCGGTTCTCTCTGACTCAAAAGAGTCTGGTTCTTTACATGAGGACTTTGTTAGTAATAATACAGTACCCATTTTATATTCTCCCCCATTTATTTGATTTTCAAAAAATCCGTCAACAAATTCTGTTGCGGAAAGTAGCTTCTAAAAACTAATAGTAGCATTTTTTAAACAAAAAATACAATTCCCTTAACCCTCTTATAAATATAAAAATTAAGACGAAATCCGCTATCACGGATTTCGTCTTCTTGATGATACTATATAGAATTATTCTACTTTTATGTGTTACTACTTTTATCACCCCAATACACAAACTGTGCAAAAGTAGCCATAATCAATTCAACAAATATTAACACTATTGCGGACATGTATAGACACAAAGTATATTTCCCTATAAAACCATTTTCAGATATGGCAGCAACAGTTATAACAGGTGTTACAAGCCCACAAAAAAGAATACCTCCTATTGCTAAAAAGATACTTAGGTTATTCAGAGTATTGTATAAAAGCGTGCCAATCATCACCGTTGATAAAACAATAGCAAATATAACAGCCGTCTCTTCACTTAAACCGTGAGTTATTATGCTACTGACAACACCTGAAAAAACACCCGTCGCCACAACTATACTCATTGGTCTAAATAAAAAACTCTT
CP060227.1_gap8	414291	415988	1697	TATTTTATTATATAAAAAAATAATAGGCGATCACACATTGCTGTGCAACCGCCCATTCAAAAACTTTTTTTACTGTGATAAAGAACTGGTAGTAGTAGCTTTTTTACCTGCCTCGTTTCCATTACCGGGTATAGCAGAGACCGAATTGTCCGGTTCCTTGTCTTCAAAATAGCCTACCTGTATGACCTTAGAATTATCTTCCTTGTACGGATTAGACCTTACAAAAACCATACCTGTAAAACCAGTACGGCCATCTACCTGAGTATTCATTTTGGTAAATGAGTACCCCATAGAACCACCAAAAATGGTGTCTGTTGGCGAATTACTACCACCGCCACCAACGCCAAATCCATGTCCGCGTGAACCAACCCCTCTCGCTACAACTCTACCCGCCTCAGGAAAAACAAAAATAAGTTCACTATCTGCCTTTATTCTACCTTTAACAGCCAGCGTCATTACTTCCATAACCAGCGAAGTATACGAGACCTTAGAAGCATCACCAGATTTTGCCGTAGCGGTCACCAAACCTACACATTCAACATAAGCTGTTTCTCCCGGTCTCAGCACGGTAGCTCGTGTAGCATAACGCTTTTGATTCGACCTGGTTAAATAACCACTATCGGGAGTAAAATAAATCTCCTCATCCGAAAAAAGGTTTGTAGACCATTCTCTCTTACGACTATCTACACCAGCTACCACTTCAATAGGGCACAGTTGTGAATATAAGTCCATAACACCAAGTCCCGCTTCCATGTGAGTCACACCTAACTGACTAAAAATCTGCGGAGTAACACCAACTCCTGGAGCGTAATTCCCAGGCATTTGAGGCGGTATTTTTGTATTTGATTCAATGTGAATGCTTTGCATCGGCTGAATATTCCCTACACTTTGTGTAGACTCCAGTGAAGCGTCTTGATTTGGCTTAATATCGCCAATAGACAATTCTTGAGTTGATTCTTGTATTGGGTTAATAGTAATATCTCCAATTTCCGATTTAGAACTCGAACTACCGCCTTTAGATGCAGATGTAGCAACAGCAGCAGCCGTAGCCGATGCATCATTCTGCACCCCTACATTAACCCCACTGCCGGCTCCACCAGGTGGAGTAGCATGCAAACTTTGGCTCATTAAAATCAGTAAACTTGCGATGAAAATAACCTTCATTATATTTCTCCTTTTTAAGTTTAAATACGTATTGAGATTTGTATATTTGGGACAGAGTTCTTCTCTGTCCCAAATTGCTTTCTTTATTTAAACTGCCAACCTTTTATTGCATTAGCACCTGCTGTAGTTATGTCTACCACCTCTGCAGAACCATGACCTTGAATTTCAAGATTTGTAAAATTACTGGTATCTGCAGTGGCTGTAGCCGAACGATGATCAGTCACAGCCAAACTAGTTGCTTGGTGCAAGTTAGTCACGGCACCAACCCCTTTATGAATTGACATATCTACCAATTCAAACTGATCGGCACTAGCATCAGTATAACCACCTGGACTGGACGAGAAAGTATACGCACCGTTGTTTACAATGATATACCCGTTTGCTCCGCCGCTATGGTGACCAGCACTAAGATAGAGTCCAGATTCCCCACTATTAATGGAGTAGGACACTATATTATTTGTTGCCATGACGGAAGCTGAAATAAAGAAAAACAAAGATACAAAAAACAGACACATTCTCTTCATGTTTAATCC
CP060227.1_gap9	505193	509282	4089	TAAATCATCGTCCTAGAAAGAGACATAATTTCAAGTCTCCACATCAGATATTTTGGAAGTGATGGTCTGTGCAATTAGGGTGGTGATTCAAGGTTCCGCTAGATTCTAGTCTGAAAAGCAACAACATCTAATTCCAGCACGCTAGTGCTACTAAGCACTAGCTCTGGACACATAAAAAAAGAAGTATAGAAAAATTCTATACTTCTTTTTTTATGTGTCCAGGACTGGAGTTGAACCAGCACGGGGAAACCCCCACTACCCCCTCAAGGTAGCGCGTCTACCAATTTCGCCACCTGGACATATTTTTAACGACCACCGGGAGTATAAAAATAGAAATACTCTTGTGGTGGACAATTGTCTTTATTTAACAAAGCCCCTGCATTATGCCTGAAAAGATAGTTCACTTCAAGCGAAGTGAGACCACAATTACTGAAAAAACCAGACCGTACGGTCTGGTTTTTTCAGCAATTGTGGTTTGAGCCTAACCTTTCTTTTCTTCCGCTGCCGCTTCGGCTTTTTCTGACTCATCAGCTGGAGTCTCTTCCGTTACTTCTGGAGTAGCTTCCTCGACTTTCTCCTCTACCGCTTCAGTTTCAGTTGGCTTAGCTTCCTCTTCAGCAGCTTTTGCTTCTTCCGCTGCTTTAGCCTCTGCCGCCTCCCTTTCTTCCTTTTCCTTTAGCTCAGCTTCTTCTAGTGCCTTGGCCTCTGCTGCTGCGCGAACCGCTGCTTCGGCCTCTGATTCTGTCATTACCCCCATCATAGTAGTACGACGCATCTGACGACGAATCTCACGGGCCACCTTCTCACGAATATAATAAAGTTTTGAACGGCGAACCTTAGCTCGCTTTACAATCTCCAACTTATCAATAAGTGGAGAGTATAATGGGAAGATTTTCTCTACACCAACTCCACTAGCCACCTTACGCACGGTGAAAGTTGCTCCCGGCTCACTGCCGTGTTTGCGGGCTAGTACCAGACCCTCAAAAATCTGAATACGAGTTTTACCCTTTTCTTGAATCTTTTGGTGAACACGCACAGTATCCCCGGCTCGGATACCAAGTTGGCTGCGTTCATCTATATTTACCGGTGAAATATTAACTCCTTTTACTGCTGTTTTCATATAATAAATTAATTAGGTCTTTAGACCTTTAAGCGTGCCATAATCTACCACATACAATCCTACTCTGCAATATGTTCCGCCGCTATTTCAAATTCAGGCGGAATTGGTGCAATAAAGCGTTGTCTCTCTTCGTTTGGTAATACAATATCCAATATATGTGCATGCAACGCCAAACGATCCAGCTCTAAGTTATTTGATACCGTGATTTTCTTATCAGCATATAGCTTATCCCCGACAATTGGCCGGTCAATCGCCTTCAAGTGCACTCGCAGCTGGTGGGTGCGTCCGGTTTGCGGCATTAGTTTTAAATACGAAAAAGCCTCATCCTTGTATTCACCGACCCCAATTCGCTCAAAGTGAGTAATTGCCTCACGCAACACACCTTTAGCTCCGCGCTCGGCCGAACGCTTCTTAAAATCCTTGGCACTGCGCCCAATCGGTCGATTAATAGTTCCCCACTTATCATGAATCCGTCCGTAAACAAAGGCTCGGTACTCTTTCTTGGCCAATCGATCGTGAAATTGGGCTTTTAGAAAAGCATGCGCTTTTTGCGTCTTCGCCAAAATCATTACCCCCGACGTCTCTCGGTCTAGGCGATGCACTATCCCCGAACGCTCAAGCTTGCTGCCGTCTGGTTTTAAGGTTTCCTCCCCCACCCCTTTGGCGCCAGGCACCTGGGACAAAAACCAATCTACCACCGTACCCTCTGGACCTGATTGCCAATCCTCGTGCACCAAAAGACCGTAGGGTTTATTAATCACCAACACTTCGTCATCTTCATAGATAATCTCCGGCACCAACTTAGTCTTAGCGACCGATTCTTCTTTCTCGCTTGGCATATTCTTCCAGAATACTGGTAAATTCGGTTTTTGTAAAAGCAGGCCAGTAAGTATCAATAAAGAAAAATTCACTGTAGACAGTCTGCCATGGCAAAAAGTTAGACAACCGCTTCTCCCCACTCGTGCGAATAATAATATCAGGGTCAGGCATACCGGCAGTCCAAAGCAACTGACTAAACTGTTCTTCATTTACTTCTTGACCAACCTTGACCGCTCGATTGACGGCTTCTATAATCTCCGCTCGACCACCATAAGAAAAAGCTACCCAGACAGTAGTACTGTATTTATCAGCTGTCTCTCTTTCAACCTCAGCAATACTAGCCTGAATATCTTCCGGCAAATCATCTCGCCTGCCAACCACTCTAACATTAAACTTTCTCTCATCTGCCTCTTTACGGATCTGTGCCAAAAGCTCACGAAACAGCATCAACAAATATTCAACTTCTTCCGGGCTTCGTTTCCAGTTTTCGGTTGAAAAGGCATAAAAAACTGCGTGCGGTATTTTCATTTCTTTCAACCAATCAGTTACTTCCAAAAACTTCTCTCGACCGGCCAAGTGACCATTAAGCGTGCTTAGCCCTCGCTCCTTAGCAAACCGCCGATTGCCATCCATAATAAAACCGACACATTCAATCCTCTCCTTACTTTTCTCCATATGTTCGCAAAAGAATTTTAGAAAATGGCAACAAAGCAACCCCTACACTTCCCCATAAAATGGGGAGCCATAGTGGTAACGACAACCAGTGTTGAGTCTGATAAACCCAAGCCCCCTGCGTAACAACTATCGCCTCTGCAGAAAAACCACACACAGCAATTACTACAAACATGATTAAAGCAGATCGTGCAAAAGAAAATTGCCACCACAAATACAATACCGATATTAATAATCCCGAAGTCACAAACAAAGTATTAGAAAAATGAAAAGTTACCAAGTAAATTTGAATAAACGCAACTATAATTGAAGCTGTTATAGCCTTTTTTTGTTCGAACATAATTTATATTTTAATTTAACACCGAAAAGTCGTCATAAGTTACACGAGCCGTCCCCCACTCAATCGCTACCCCTTCCACCTTGGCCAACAAAGACCCCTCATGAAGGTACTCCACCAACTCTTTCAAACTATCTGGCTCACCCTGCGCCACCACCATCACCGAACCATCAAACTGGTTTTTAACATACCCCACCAAACCCAACTCACCGGCGGCGTTTTGCACATAATCACGATACCGCACCCCCTGCACCTTACCAGTCACTGTACATCTGATTTCATTCATAATATAAGTATTGAGTATACAATCTTTGCTGCAGATATTGAAATTATTTCAAAAAAATGTAGTATATAGCCTACTGACATCATCATCAGTAAAGACCTCAAAACAGAAGTATATATGCGCGATTAGCTCAGTTGGTAGAGCAGCTCGTTTACACCGAGAAGGTCGGGAGTTCAAGTCTCTCATCGCGCACAATATTAAATACCACCAGCTTCTGCTGGTGGTATTTAATATTTGTCGCCAGAGACTTGAAGGCCGGAATGTAGCGAAGCGGAATGAGGCGGGGTCGCGAGCCCAAAAAATAATAAGTTAACGAGACATTGTTTTCTTATGAGGGACGAATTAGAAAAAAAGAAGTACCCTTGTGGCGAGTATATTTTTTGAGGACTTGTGACCAAGTCTCTCTTCGCGCACACACGATATTAGAAAACTATTCTATATATACCTGATTGATCATAACCACCTCGTCACCAATAATTAATAACTCGAACGGATAGTGGTCACTTGGTAATGAATAGTAATAAAATGGATCAATCTTTCCAGAGTACACATCGTAGAAAGTCTCGCGGTCAACAAATTTTTCTGGATTTTGAACACTTTCAGTCTGATAGCTAATTAGGTGTATGATTGCATTGTCGGCAATTTTAAACTTTTTACCACTCCAGTCTGAGTTCCTGCAACTGAAGTATCGGTATCATTTCACCTGCTACAAGAACATTTTTCTGTTTGTATTCCTCTCCTAAAAATAATTCATATCCATTTTCACCAAACTGGACGCTTGACACTGAAGCAATAAACACATTTCCGAAGGCAAAATCATTTTCACCCTCCACTGTTTCAACCTTTACTTCTTTATCC
CP060227.1_gap10	510345	511109	764	AACGGATAGCAACATGAGCATCGTCCCTCCACCTGAGGTTAGTAATATTTTGGCTAAGATATACCATATAACCGATAGTGGACAACGTGAAGATCAATATACTTTTTTTTGGTGAAAAGCACATCTTTTCATACGTGCCACCTCCTTATATATGGAAAAAGTCTGGTAGGTATGAAGTAGATATTTATGAAATGGTAGATAACGCCCCTTTGATTAAATCATACCTAACCACCATGCAATTTAATGTAGTCATAGATGGTGGACCAGCTCCAACCTGCACCTTGACTGCCACCCCAAGCACGATAGACCCAAACCAAGGTGAGACGGCCTTACTAGAATGGAGTAGTAACTACGCTTCAACTACAGTAATTGATCAAGACATTGGATCAGTTGCTACTTCCGGCTCCTTAGTTGTCTCTCCAAATGCCACCACCACCTACACCGCCAACTTTACCGGACAAAACGGAACCAGTTCCTGCAGAGTAACAGTAAATGTACCAAATCCGGTAATCATCCCGCTTCATGAGCAAGCTGCCGCGCTAGCGCGGCAGCTGGTAAACCACACCGAAGCCTACCTCTGGGGTGGTAAGGGTTGGGATTATGATCTAGGAGAATTCACTACTCCCGAACGCATCCTATCCGGCTACACTTACTTCAATCCCGACACCGGGAATAAAGATACTGGTATAGGGGTAGATTGTTCCGGACTAATAACTTGGGCCTTTAATCGTAGCTATAATGCCATAGCTGGATTTAATAGTAAT
CP060227.1_gap11	525988	529652	3664	AGCAAGGTGGTGACGCAATTGAAATCTGCGTACAAGCAGGAATGGTCACAGCTGCGTATCTCCAAGCCGAAGACCAACCAAACTACCTAAAGTGGAAAGACATCGAGAAAGCAGACTGTGCTAGAGCAGGGATGTAAAAAATAAACCACTGACGGGCAGTGGTTTATTTTTATCTTTCCCAATCATCAGGATGACCCCCATTTTCAATGAACTCTCGATATCGTTCAAGACGAGCAATAGTTGGAATGGAAGCAATAGTGATTGGTGGTGTCATCTCTTCCAAGCGGTACGGCGAAGTAGTCTTCTTCGGATGATAGTCATCGTGACAGTTACTCAACTGAAACTTAATCGCTGGAAAGTAGCCTTCACTGATACTACGCATAAGCTGGTTGTGCGCCAAGTCATTTACATAACTCTTGCCGTCACTGATTGCCTTATCCGCCTGTACCGCAAAATCTTCATCCTCCTTCACCCAGCGATAGTACGTCTCACGGCTCAAGCCAGCCTTCTTGCAAGCAAAGCTCACGTTACCCGATTCACACAGAGACTGGAGTACTTTCTCTTGCTGTTTCAGAATCCGCTCCTGTATCCGCTTCTCGCGCTTGTCCATTACCAGTAAGTTTTAGCCAGCGAACAACGATAGTCTCGCAGTATTCTGGGTCCATCTCGACCGTAATACACTTACGCTTCGTATGCTCGCAGGCAATCAAGGTTGAGCCACTGCCACCAAACGGGTCATAGACGGTGTCACCAACCTTCGTGCTGTTAAGAATCAGTCTGCGGAGTAATCCGACTGGTTTCATCGTCGGGTGGAGCTTGCTTTGCGACGGTTTCGGGTAGAACGCAACTGACTTGTCTTTGCCACGCTTGAAGTCGTGCGTACCTTTCCAACCGTAGAGAATGAGTTCGTGTTGCGGTAGGTAGTCGAGTCGTCCCACGATTGCTCGATCCTTCACCCAGACGATAAGTTGGGCAATTTTCATGCCTGCCTCAAGACAGGCCTGACGGAGAGCGAAGATCATCTTGTCGGAGTTGAAGATGTAGATGCTGTTTTTCTTGGACAGCTTTGAGAGTGCTGGAGAAAGCCAGCTCTTAGTGAATTCAACGTACTGTTGGTCGGACATAAATCCGTCATTGGAGATGTCTTTATCCTTGGCAATCTTGCCAATGCCACGCTTGCTTTCAGCGTAATCGACACCGTACGGCGGGTCAGTTAGAAGGAGGTCGATGTTCCCGTAGACAGAGAGGTCTACCTTGGAGGAATCACCGCAGATGAGAACGTGCTCACCAAGACAGATGATGTCCCCTGTCTTAATTGATCTTGGTAGCTTTGGTACCGGTGAATTTTTCATAGCGGTTGATGATTACCTGAACAAAGACGGGGTTGAGCTCGACCAGAAACGCATTGCGCTTCATTTGCTCACACGCAAGGAGGGTTGAACCTGAGCCACCACAGAGATCGAGCACGTTATCGCCGATCTTGGTGCAACGGTTGAGTGGTCGCTCATGCAAAGACAGAGGTTTCTGCGTTGGGTGATCGTAGGATTGTCCTGCGTCACGCTTAGCGAGCCAGATATCAATCATGTCAGTGACATCATCGATGGTAGCGTTACCGATGCCGATATCTTTATTCAGAATCTCGGCGAGTTTGGTGTGCTTTTTAGAGAGGTATGGCTTACCAACCGTGCCGTAAAGGGCTGGTTCGTAGATTTTCGAGAACGCTACTTGTGGCGTTGGGTTGATACCGTTCTTGATCCAGAGGGCGGTGCGTTTGTATGCGATACCTACCTCAACGAAGAGGTTTTGAAGCATGCCGACATACGCTGAATCGCAGTACCAGATGTGGTGCGAGTCCTTAGCTGAAACGTCCACCGCATTTTGCATCAGTGTGCGTACGAAGGTGCGGTACTCAGCGTCTGTCTTCTTATCATCAACGACACCACCGTAGCTTTTCTTGCCCCCGATGCCTTTGTCGTACGAGAGTCCGATGTTGTATGGAATATCTACATACGACATGTCGATTGTGGTCTCACCAACAAGCTTCTTCACTGTCTCGGGGTTCGTGCTGTCACCACAGATAAGATAGTGGGTACCGAGCTTGAAGAAGTCACCAGACTTAATGTCAGTCGTCTCGGCTTTCTTGAGCTCTTTCTCAGGATTAAACTCATCGTCATCAATCTCCAGCACATCGTCCCAGATGTCAGAGAGGTCTCCGTCATCGAAGCCGATGTCCAAGAGGAACTCAGTGTCAAAATCCTTCAACAGTTCGTAGTCCCACGAGCCTGTGTTCTTATTGGAGCGTAGGAGATACTCTTCAAATTCCTTCTTGGTAAGGGTGCGGTTTGGTACTCGCACGTCAATTTCTTCTTGCCCGCGACCGAGTAGTTGCATCACCTTCAATCTGGCGTGTCCTGCCACGATAGTGTTATCAGTGTTGATCGCAGGAATCTCCGCTAGAGAGAACTTGGTAATGCTCGCTTCAAGGTCTTTACGCTGTTTGTCCGACAAGGTGCGAGGGTTCTTGTCGTACGGCACGAGATCATCGACTTTGCGTGTCTCTGTGTGCCAAGTAATTTTATTACTCATAGTAGATTGCGAGGGTGTTTTATATTAATGGTCCCTCTACCATCTACTGCTGAGATTTCAGCGACTAGTTAGTCATTGCGATATATTTCGTCTTCAAAGTCCATTGCACCAGAATGTCGCAGTTCACCACTGCCTCGTAACTCCTTTTCAGGAAGAAGCGTGAACTTGGGCTGGTAGCCAGTCTCGTTGGTATATCGTTCAAATGGTTCTTCGTTGATACCAAACGCCTGACGTAGACCCATTGATAAGTCACTCTTTCGTTTTTCTACTGCGTTTGGTGAAGTAACACCGCAAACATTCATCAAATGCTGTTTCGTGGCAGGTATGTTTGGCTCACGTCCAAGCAAGGCAGACATCATCCGAAGCAAAGCCCAACGGCGATCTGGTTTTTTCCATTCAGTGTTAGCCTGAGCGAAGCCGAGATCCTCATGTGAATATTTTCCGATGATTGTGTCTCCGTATTTCACCTCTACATCTTCGTTGTTTTTGAAGCTGATACTGAGTTCCTGCCACTTAGCGTTTTCTGGTAATTTAACCTTCGCCTCAGTGAACAAGACCTCTTTCTTGGTTTTAGCCTTCATTGAACTTGCTGACACGGGAGCTGATTCCGTTGATATCTCAGTCTCTGTCTCAGCGCCGTATACTTCCTGATAAATAACTTGAAGCTCAGCAATGAAGCGGAGTGTTGGTTTTATTGGTTCTATTGCTTGTCGCACCTGATCCTCAAGAGCCTTGCGTTGCAGGAGAGCCTGACGGAGCGAAGTAAGTGTGTTTTTTGTGTACATATACTCTAATTATACAACCGACTTTTACAGCGATAATATCCTTGTTTTAAGCCATATCCGTATTTTCAAACCGTTCTGAAAATGCTCTTAAAATAGCTGTTTGGGTGTCAGATTTGTAACATGTGGCTTTACTGAGCCATCGGCATATAATCACTTTATGAATTATCAAATCGCCGCTCCGTCTGAGAAGCCCATCGTGCTCAAATACTGTATCTACGCTCGCAAATCCATGGAGCAAGAGGAACGCCAAGCGTTGTCTATCGACTCTCAGCTCAAGGAGATGAAGGAAATCG
CP060227.1_gap12	662533	666711	4178	ATCTATTTTATGAACCGATAATTTATTCATCATCTTCTCCTACTAAAGTTAACCTACTTTTACTTCCTTCTGCTCTAAAGTCGTTGCCAATAGCTATAATTACTAACTCTGATAAAGCATCAATGGCATGTGGTACATTACTGGGAATCAAGTATATAAGACCGGCTTTCAAGTCAATCTTGGTATCAAGATAAGTCAAAATACCAAGACCGTATGTCACCACCAAAATATGCGATCCAACATGAGTATGAAGACCGACTTTTTCACCAGCGGCAAAGCGTATCAAGCTAGCACCAAAGGGTTTATCGCCGCTTTGGTCAAAAATTAACGACAATGCTGTTGCATCACTCTTTACCATTTGAATTGGTTGCTCGCCTTTCATCGGTGTTAGTACCCTATCCTTCATCTCTGCCCAAGTAGCTGATTGAAAATTATTAAATGCGTTCATAATTCTATTCTTGACTTTAAAACAGTCCACCAATATACTTACAAATAAATAACGAGTGGCAAATACCACCACAGAGTGATAAGGGTCACCATAAATAGCAAATATGGAATACCAAGAAATACTACAGACATTAGGCTTAGCCAAAAATGAAGCCAAGATTTACGAGACTTTGATTCGTCGCGGAAATTCTTCGGTTAGTACAATATCTGAAAAATCAGGGGTACATAGACGCAACGTCTATGATTCTTTAAATCGTCTTATGGAAAAAGGATTAGTTATTGAAGTAGTAGATTCCAAAGAAAACATTTATCAAGCAGTCGAACCTAGAAAATTACAAGAAATTTTAGCCGAAAAAACCAAGCAACTTGAAGCCGCCCTCCCCTCTCTCGATAAACTTTACTTTAGTACGCCATCTGAATACCGAGTACAAACCTACCGTGGCAAGGAGGGTTGGAAACAATACATGAGAGACATACTGCTGGTAGAAAAGCCTTTCTATTCAATTGCTGCTCAAGGAGCCTGGCTTGATGAACGAGTAACCAACTTCATCCCCGGATTTCTCACCGGGTTAAAGAAAAAGAAAATAAAAATGTATCATTTATTTGATTATGAAGTAAAAGCAGCTAGCCACCCGATTATTCAGCATGTAGGTAAACATTATAAGTTTTTACCAAAAAAGTACGCCACTACTTCCGGTATCGATATCTTTGGCGACCGAGTAAATATCATGCACCATCAATATCTCGGTCAAGTCGGTGAAGTTGATGAGATCATGTTTACTGTTATTCAAAATCAAAACCTAGCCGACTCTTTCAGAACCTGGTTTCAGTACATGTGGGACTTTTGTCCTGAGATTAAAGACTGATTAATATAAATAACAATTACCATCCAAACTCTGAATAAGTAATATTATTCCTATAATTTTCAATACCGGCTTTCATGAAGTCAATTGTGTTGTCTGGTAAATTATCTAAATCAAACCAATCAAGACCATCACATTTATGTGGCTCACAGTTTTTTATCTCGCCCTTGTATGATTTTGTGGTCATAAAAAAATCTACACGTACATCTTTCTTATTATCCCTATACATCACATGAACCACTTCCAGATCTTCTGGTTTTATATCAATTCCAATTTCTTCTTTTGTTTCCCTGGCACAGCCTTCCTTGGCTGTTTCGGCGTTCTCTATGTGTCCAGCGGGAACTCCATAAAACCCATCCATAAAACCGGTTTTGAAACGACGCCCTAATAGAATCTTATTGTCTTTAATTAACAGTAAGTATACTGAACCGACGCAAGTAAAATCTTTTTTCATTTCTACAAGTGTAGCAAATGCAAAACTTGAAGCAAGTTGCGCACAATACGGGTGTACTTTGGTTAACTTTTAAAGGTACATTATTATGAAAACAGACATTAACAAAGAACCATCATTCAGAGGAACTGGAGAAGACATTCCCCACGAAGGTGCGGAAATAATTGAAAGAAATGCCATCAACGCTGTCGTTTGTAACCCAAAAACAGGTAGATATATGCTATTAAAATGGAAAGATCTACCTTGGATAGCTTTTGTTTCAGGTGGAATTGAAAAAGGACAGACTGCCGAAGAAGCGGTCAGAACTGAAGTCAAGCAGGAAACCGGTTACATAAACCTTAAACTCATAAGCGTATTACCTCGCTACAATGCCTTGTTTTGGCACGGAGGAAAAAAGGTGAATTGATTAGCTAGATTTCAAATTTCTTATTTGAACTAATAGATTACGAAAAGGTTGAGGTTGATTCAGACGAACTGGCTCGTCATGAGGAGATTTGGCTAACTTTGGATGAACTTAAGAAAACAGATTTACAAGAAGGTCCACGATTCCTTTTGGATCATATAATTCAACAAGGATTGTAGCCCGCCTATCTGACACGATAAAACCCGCACGGTAGTAGATTGTGCGGGTTTTTGCTGGATTAGCTTTAGTTCATTGAGTCAAGCTCTAATAAAGATGTGATGTGTCGAATCACCAAAAGTATAAACTTGGATAATCTGATATGTTTTAAACGCAATTATTTTGCGATAAATCAGACACTTATACTTATCTGGTAATCCAAGCGGCTTTTCTTCTACAGTAAAATTATGGTGCCAGGTTATGATGTTCTTGTAGAATTTATCTAATAAAAGAACACTGGTTGGTAAAAAGACTATAAGCAAGGTTTTGGTCAGTGATAAATCACTGAAAAAATACAATGTTAAGGTACCCACGACCAATATTTCACACAGCCACCAAAATAACCTAAACCATCTAAAGTTTCTGAGCTCTATTATGAGCCTCAGCCACCCTGGTGCCACCCTGTAAGTAAAATATTCATAGCAAGTATCTGCAGGATGTAACCTTAAACTTTCCAAGTACACCCATTCTTGATCCAATTGCTCAGCTAATATAGCAGCTTCCGTTCTGGCCTCTTCTGTGTCTACATGTTCTGGTATACCCATTTTTCACTTCTCCTATTAGAAGTTAAAGAAAAAACAAATTACTACGTCTACTGACTGAGATTATACTATTTTGAGGGTTTGTAAAGATACAATGGCCAATAATAAAAAGAGTGTGAATCACGTTTGAAACACACTCTTTTGGTTTATTATTAGTGATGATGGTGAAGGCCTCCGGAAATTAAGCCAAAGGTAATACCACTAAGAATAGCTGACCAAATACCAAAAAATGGATCATAGACAGTGCCATACCCTGGGTAGGGGTCAGCAAATATTATCGGATCATTATAATATCCCCAGTAACCAGGCTGTGGCGGTATGTTGTATCCGTAGTCATAATAACCACCCATTCCTCCATAATAAGGATGAGGTGTAATAACACAGGCTGATGAAAATGACGCCATTATTAACACCGTAACAACAATTATTAATTTTTTCATGATGAAACCTCCCGTAAAAAGAAACGTTTAGAACAATTTTATCTTTATTTAATAGTTTAGTTTGGAAGAATTGTCAACTCATGTCTTTGAAATGATTAGTAAGTGTTACTTTTTTTATGGTGATTAGTTTTAAACATTTCCGCCAACTTTAAAACACTGGGAAATACATCAAGCTTCCTACAATCTTCCAAGTCAACAAAACGAAGTTCTGTACACTCGTCAGATGGAGTGAAGTTTAAATCTTCTAATGTAGTTTCGTATAAAACATTAGCAAACCTAACACCATCACTCTCTCGCCTATCTGTAAGAAAGTAACTGGGTGTATCCGCTACAAAAGTAACCTTAAGTCCTGTCTCTTCTTTAATCTCACGTTTTAGATCTTCTTGTGCTGACATACCCCAATCTAATCCTCCGCCAAGTAGTTCCCAGTTACCGTTTTCTTCTTTGGCAACAAGAAATTTGTTCTTGGTCTCATTTAGAACCAACGCCTTTACACTAACACGATAAAAACACTCGGGTATTGAACTCATATGAAAATATTTAGGTTTTTAAGAGGTGCCAAGACGCGTTGTCTCCGGCTCTGTGTGAAGATAGTTTACTTGATTTGATAGAAGATAGCAAAATTGTTTATTCAAAGAATATACCCCACCTTTCAAGGTGGGGCTATTTCGATACAATAGTAGGTAATGTCACCAATTATAAAAAAGTCACACAGTGCTAGTGAACTAGTCTACCACTTTGTTTTCCCTGTGAAATACAGAAGAAAGATATTTACCGAAGAAAACGAACCAACCCTGAAGGAGTTAGCTTTGGAAT
CP060227.1_gap13	673467	676390	2923	TAACGCTAATATGTCTATTGTTAAAAACTACGTACAGAATCAAGGTTTACCTGAATACAAACAATTACACCACCAAACTCTCTCGTTGTTTTAACTTAAAACTCTCTTCATGTGCCACTGATACCCCGTGTCTTCAGGCCGGGGTAGTTCATTGGTTAGATGCCTGAAAACAAATGCCACAGAGGCTTCAAAAACAGATAAAAGAATGCTTGGTACAGTGATTCGTAACATTAAAAGACAGCTTGGTATTCTTCCAGAAGATAAACGAGTGAACGAGGACATCTTCCATAATGAAATGAAGTTTGGCTATCGGCTTGAAATAAAAGGTTAATTTCTTTTCCATAACATTTCCATATCTTTTCCGTACCCTTTCGAGGGTCTTTTTTATATCGTGCTGGCATGAGTTTCAGCCAAGGATTAGTAGAACAGTACCAGCGATACATGGAACGTCGTTGTGGGGTTTGTATTACTCACGAACAGGCGCAGCTACACCTTGCTTCCTTAGCACGACTCTATACAGCAATTTCTTTTTCGCAAGACTCTGGCGGTGGTCGCGTGCGGCTTTCGCCTCACCCTCACCCCGAGGCGGGGTGAGGCGAAAGGCCGCGTCGCGGCCTTTCTGCGCAGCAGAAAGTGACTTGATTTTATATACACATAGTTCGACATCATTTATGAGTAGACCACGCACCAGTCATTACAAAATTGTTATTTCAGGACACATTGTTGAGGCAATGCAGTATGCCAAAGCAGTTGGCTACAGTCTTGAGTCAAGTAAAAAGCAGGCACCGTATCGCAAACGACGAGCTTTAGCTGAGCAAGAGATAACGGCTAGTTCACTCAGTCGGACAAAGAACAGGCTAATTCGATTGGTGAACGCTAATTGTTTTATGTGGACTGATATAGACGGACAGATAATTAAACCGCAGTTTCTGACCTACACTATCCACGAAAATATTAAGACAGTTGAACAAGCTAACCCGCTTTTCACCAACTACATCAAACGACTGAATTACCATACCTACGGCACTAAAGCATCGGTAATTAAATACGTGGTTGTGCCTGAGTTTCAAAAACGTGGGGCAGTTCACTATCATGCAGTGTTCTTTAACCTGCCTATGATTAACTCGAGGAGAGAATATAAAACGGGTGAGTTTGCAAAAGTTTGGGAACATGGATATATCAAAAAACGAAACATAAGCAAAGTACCAAATGTTGGTTTGTATATGACTAAGTATATGACCAAAGATGCCATGGATAGACGACTAGTTGGCAGAAAGAAATATTTTTCTAGTCGAGGCTTGTTAAAACCAGAGGTAATTACCTATGAACATTTAGCGGGGGATATGATGGACTACTTGTCAGAACTAAAACCAATGCACGCTTATATCACGTCACCTAATGATGAACGTCCGTTTGTTGAGAACCCTACTTTTTGCGCGACATACAATCTATCCACTGAACAGTTGCATGATTTACGAAATTTCTATACCCTCGATAGTGCTAACTTAAGGTAGCGTATGAAATACATCCTTTATTGTCGAAAATCACAAGAGTCAGAGGATAGACAAGTGCAGTCACTTGAGGCGCAAGAGCGTGAACTGAATGACTTTGCTAAACGTCATAGTTTGGACATTGTTGGTGTGTATCATGAGAGTCGGTCTGCTAAGACGGTCGGTCGTCCAGTATTCAATGAGGTGATTAAGAAAATACAATCAGGCAAGGCTGATGGTTTGCTTTGTTGGAAACTAGACCGCTTAGCGCGTAATTTCATAGATGGTGGGCTTGTCATTGACCTATTGCAGCACTCAGTCATTAAAAGTATTCAAACCCCTGCTAAAGAATATCTACCAACTGACCCTGTATATCTGATGGTGTTTGAGCTTGGCGTGGCTAATCAATTTTCTCGCGACCTGTCTGAAAACGTAAAGCGTGGCAATCGTGAGAAAATTCGCAATGGTGGCTGGCCTGGATTAGCACCTTTTGGTTATCTAAACGATAAGGCAGAGAAAACGCTTTATGTTGACCCCGACCGTGGGCCATACGTACAGCAGATGTATGAACTCTACGCCACTGGTTTGTATAGTCTTAAAGAGCTGTCCAATGAGCTTTATGAGCGAGGATTACGCACCAAGCAAGGCAACAAAGTCCATTGCGGTACCATCAGACATATTTTGCGTAACCCAATGTATCACGGCGTGATTCGCTACCGTGGCAGCTATTACCCAGCTAACTTTACTAGCATTACCACCAAAGACCTTGTACGACAAAAGCATGAACGTCATGGACGGTAGTGCAAAACCGCGGAAGCAAAAGCACCTCTTTCCCTTAACTGGATTGTTTACCTGTGGTGTCTGCGGATATGCCGTGACCGCAGAGAAACAAAAAGGTTACACGTACTACCACTGCACTAACGGCAAGGGAATTTGTGACCAAAAGAAACTATTCATTCGTGAGGAAAAACTTGATGAGCAACTGGCACCAATCTTTGATGATGTTGCATTTGACGAGGAACTAATTGAAATGATGTATCAGGCGGCACTTGAGCAAATGGAACATGACGACCAGTTCAACACCGCAGCTATTGAGAAACTAGAAAAGGAATTGGCCGCAATCAAACTAAAAGATAATCGCTTACTTGATGCTTTCTTAGCTGAAAATATTGAAAAGGATATTTACGATGCAAAACAGGCAGAAATAAAGCATGAACGGATTGCACTAGAGAAACAATTAGCTGGAATGCGCCAAAATCACCAAAACCCCTACGCAACTATCGAACGGGCAAAAGAGTTGTTTTTGTTTAGTAATAGAGCCAAATCTGAGTATGCGAATGCCGTTCCTGAGCGAAAACAAGAAATCGCTTATGAGTTACTATCGAACGCTTTACTGAAAGACCGAAAAATGGCTCAACCACAACTTAAAAGCC
CP060227.1_gap14	693292	695204	1912	GTCAAAAGAAGCTTCATTTTGGGGAAGGATGGCTCTAATATGAATATTCGCCTCAGCTCGGCGTTTGTAGTAATCGGGGAAGAAATTGGGGAGACCTTTGTGCATTTCCTCCACGTTGGCATAGGCTCGTATTAGTCCATCAGCTTGCAGAGAGTCTTCATAGGCCTCACGCATGCCTTTTTCACCCTCATAGAAACGGACTTTTGGCTTGTTGACCGAATGGAGATTTTGGATTGAGATCAATTTTGGCATTATTTTACTGACTTTCTCTTTCTGAAGGTCAATTTTTTTGCTAAATTCACGTTTTTCTCGCTCCAGATAATCAATAAGCTTATCCGGAGATAGGGCATAGTAGTAGGTTTTACCGGCTTTTTTGATCTTAGAAACCACCCCTTTATGCATTAGAGTCTCCAAAATATCATAAACCGTCGTTCGATTGACGTCGGTCTCTTTGGCTATCAGTGAAGCAGTAGCTTGATCGGACTTAATTATAGCTAAATATATCTCTACTTCTTTTTCAGAAAAACCTAATTCTTCTAATATTTCTTTTATCATTACCTCATCTTAGCAGATTGTTGTGGATTTGTCACCGACAGTTATTTATTGATATTTAAGGAGTAAATATACAGTATTACCATATAAATTTATATATACTCGACATTACTTAGTATTAAGTAATAAAATCATAATTAGTCAATAAGTTCTTTGACTAATTCTTACATCTAAAAGGAGACTGGCATGAATAATAAAGTATCTTCTTTTCCTTGGCCTTTAATGGTTTTGCTATTAATAACGGTTGGATTAGCGTTTTTATCAGATTATTACGACAACAACACCGAGCCTAGGAAAAGTTGTATTCCTAAAGAAACAAGAGTAAATATAACCTACTTCCCATGTACTGGCGAAAAACTCTTCGACAAATTAGAAGAGTTGGGTATTTCTAACGTATCCTGTGTAAATTGCACAGCAAGGGGATGTTACGTGACTTTGAGCAAGGAGAAGAAAGATGATCAAGAAATATAACTGGGTACTAAGTAAGGACATAGAAGCATATCTTTTATTCGTGCAATTCTGCGTATTGATGACATGTCTATACTATGCCCCTCCAAAACCTATAGGGCTTATTCCTACAATAATCTATATTTTAGGAGTAAACGCCACAGGATCATACGTTATGGCCGTGTTATTTTGGTTAGCCAACTGGAGAGAAAGGTTTATACCTCTAGTTATCTTTAGTGTTTCACTCACCATACTCTTTGTTTTATTGTTATTTATCCAAGGAGGTTATCATGCGTAGTGAGGACTATTGGGAAGAAGAACAAAAAATAGACAGGATCTACAAAGTCTGCATATGGATATGGTGTATATTGCCATTTGTAATAGCGGTGTGTTTTAACTTTCTACCAGATAAGACTGTTGGGAAACCGACTTACTTTTTAGTCACCGTATTGCTTATTGTGGCGATGCATACCTATTTCTTTGCCACAGTATCTCTCAAGGTGTATGTGTTTGATGTGCAAAGTAGCTCGTTAAAATGTCGCTTTATTGTACTCAATTGTATTAGTGTCTTGGGAACAGTTCTACTTTCTCTAGTATTGTTGTTGCTAAACTGGTTGTAATCAAAACCCAAGTTTGACCTTATAGTCAGACTTGGGTTTTATTTTGCCTCATATAGACTCTTGGTTAATCTTTCTCACCCATAACAAATTGACAACCATTTGGTCCGGCCGTGGTCGAATGCGGGGCATTGGCTGGAATATTTGCTCGATCTCCGGCTTTAAGTTCTTTTGTTTCACCGTTTATCGTCACTTCCAGCATACCTTCGGTTACAAAAAGCGCCACGTTATACGAATGAGTATGTGTTTCATGGGTAGCACCTGAAGCTTCACTTTCCTCGTAAATAGTTATGAAA
CP060227.1_gap15	728670	731195	2525	CCACTTGGCAAAATGGTCAAGCCCACACCTTCGGCGACGCTATCAATTCTGCTACTGCCAACATCTCCTCTAACGAACCTCTTGGCTTCATCTCCTCTGGCGCTCAATCTAAAGTCACCAACAACTCCTGGCAACGCTCTGGCACCGTCCAGTTCATCAGCACCAACCCAAGCTCACCAGACTTCTTAAGACCAACCGTGGGTGGAGGTTTTGAGGACATTGGAGCGTATGCGCAGTAGTGTTCTAAAGAATAGTGAACTATTACTTTAATATCTGTGAGTGGTGTGATATATTTAAATAAGGAAAGTTGTTTGTGTTTCCTGCTCCTTTGACTATTTTTTTTGTGGAGGTTATCATGAATAAGAAAACACAAGGCGGTAGTGGTGGTGCTTTTCGACCTAATAATGATGGTATTTCGTCAAGCATCCCCGGGTTTTTAGGTTATGGTGGCTCAGCTTATGTTTGCGATTGCGGACAGTGCGGATATTGCCAGCAGAAGGCAAAAACTTGATTAATCGGCCTATTAAGAGGAAATCTCGGCTGTTTCGGCAGTCGAGATTATTTTATTTGTGGAGGGGTTTACCCCGCAAAAAGACAAAGTCTTTTTGCGGGGTAAACGGTTGCCGAATATCTCTAAATACCGTATAGTATCGACGTTAAGCCTATTTGGCTTTTTCTTTTCTCCAAGACCACGCATTTGTGTTCTGTTGGTATGAAAGGGAGTATCACATTATTAATAGATACATATATTAAGTATTAAGTAATTTTTTAGTAAATTTTATGGCACGAGAATTTCCAATTGATCGCATGCGCAACTTCGGTATTGTGGCGCACGTGGACGCTGGTAAAACTACTACCTCAGAACGCGTACTTTTCTATACCGGTATGAGCCACAAGATCGGTGAGGTGCACGATGGAGCAACTGTTACCGACTGGATGGAGCAGGAGCGAGAGCGTGGTATTACTATTACCGCGGCGGCTATTTCTTGTAACTGGTCAAAGACGATGGAGGCTGACCGCAAGGACAAGAGCAAAATGTTCACTTTCAACATTATTGATACTCCGGGACACATAGACTTTACAGCTGAAGTGAAGCGCTCCATGCGTGTGCTTGATGGCGCGGTGGTGGTATTTGATGGTGCAGCTGGAGTGGAGCCACAGACTGAGACTAACTGGGGTTACGCTGACGAAGCTAATGTACCGCGTATTTGTTTTATCAACAAGATGGACAAGCTGGGGGCTGACTTCGATGCTTCAGTAAAATCCATTCACGATCGTTTGTCTAAGAAAGCAGTACGTATCCAGCTTCCAATTGGAGCAGAAAATGACATGAGTGGAGTAGTGGATCTAATAACCATGAAAGCTTATCGTTTTGGTGGTGAGATGGGAATGGATGTAACTGAGGAGGAAATCCCGGCTGATTTGCTTGATGAGGCTAAGAAATGGCGCGGTGAGTTGATTGAAAAGGTGGTAGAGCATGACGACGCTTTGATGGAAGCTTATCTGGGAGGTGAAGAGCCGAGTCTAGAAGATCTTAAGAAGACTCTACGTAAGGCTGTGATTGCTAATGAGATATTTCCGATTATGACCGGTACTGCCCTAAAGAACATTGGTGTACAACTTGTACTTGATGCGGTGGTTGATTATCTGCCTTCACCGGTTGACTTGCCAGCGGTACAAGGGATTAATCCAAAGAATGATGAAGCGATTGAGCGAAAAGCTTCAGACGACGAACCTTTCTGTGCTCTAGCTTTCAAATTGCAGGATGACAAATTTGTTGGTCAGCTGGCTTTCTTCCGTGTTTACTCTGGTACAGTCAAGTCTGGTTCTTATATTCTAAACGCTTCAACTGGGAACAAAGAAAGAGTCGGACGTATCGTGCGGCTTCAGGCTGATAAGCGAACTGAAATTGAAGAAGTATACGCAGGAGAAATTGCGGCGGCCGTAGGTATCAAGGAGGTAAAGACTTCACATACTCTATGTGATGAGGCTAATCCGATTATTCTTGAACAAATTACTTTCCCAGAACCGGTGGTGGCCCTACGAGTAGAGCCAAAGACCAAAAATGACCAAGAAAAGATGAGTACTGCTCTAAAGCGCTTGTCTGATGAGGATCCGACCTTTAAGGTGTCTACCGATGAAGAAACTCTCGAAACTATTATTGCCGGTATGGGTGAGCTACACCTAGATATTATCGTAGATCGTATGAAGCGAGAGTTTGGAGTTGAGGCCAACATCGGTGCGCCACAAGTGGCTTATCGAGAGACTATCCAAGGTTCAGCTGAGGCAGAACACAAGTATGTCAAGCAGTCTGGTGGTCGTGGTCAGTATGGTCACGTGAAGATTCGTATCAAACCACTTGAGCCTTTAGCTGAAGATGAGACAGTGGCTAAAAATGTAACTCGTGAAGATCACTTTGAGTTTATTAACAATATTAAGGGAGGTGTGATTCCGCAGGAATATATTCCAGCTGTGATGAAGGGTTGTAAGGAAGCAATGGCTCGCGGTTATGTGGCTGGCTACAA
CP060227.1_gap16	739706	740884	1178	TTATGAGTGCCAAGACAAATAAAAAGGCAATAATATAAAAAGTTTTGTTTTTAAGTTTACCTAACATGCGGTAGTTGTCTTTGGCTAAAAGTTTTTATAAGTCTTATCATTTCTTCTACTTATTTCCAAAATATCTATTCTGTCGCGATTGGCTAAAAAGATTATACGAATTTTTTCTTTACGTACTCGAAAAACATCTGAATAACCAACCAACTTTTTTACATCGACCTGCTTTGTTTTACCCTCTTTTATGAGTTCAAGAATATCTGACAAGTCACTCAGTTCCTTGTTTGATAGTTTTTTAAGAAACTTTTCGTTTCTGTCCATGTGATTTTATTGAGGCTAACAATTCATCAATAGGCATACCTGTGCCAATTTCTTTAGGGAAGTCTACTATTGTTTCCCATCTTGTCTCGGAGTCATTATCGACTGGTGTTAATTTGAAAAGGGGGGTGGATCGGCGAAACACAGTTATAGACTCACCTTTGTTAACGCGAGCTATGTATTCTTCCATGTTCTCCCTCAACTCTTTTAAGCCAATCGTTTTAGTATTTTTTGCTTTTATAGGCATGATTAGTAAGTTTATCTTAAGATAAACTTTGGATCAATATCTATACTCCCGGTTTTTTCTCTCTTGTTCTAAAGCTAAAACCGGCTAATTTTTTGTGTAAAGAAAGGGTATGAAATATATGAGGAGCCAGCTCTCCGTTACAGTGTACCGCTACTTTTTGGGTGCTTTGGCCGCTGATAATCAATTCCATGCCGGCGGTAGTGAAGACTCCGGTTATATGACGTTTGCCGGTTTTGCTACGTCTTCTTTTAATAATTCCCGGAGAAACTAGAGTTACTCCAGGAATTGTTTCCAGTATTTGTACGACCCCCTCTGCCGTTTCGGTGAGGGTGGTGTGTGTCCCTCCACGAATTTTTTTCATGCTTATATAATGACATGAATTTGATTCTGTGTCTAGGATTTTACTAGTCTGAATTCAAATCAAAGACCACAGCGTATTACGCCGTGGCTTTTATAATGAGTTATTTCATCAATGGACTTTGTATCATCATTAGGTGTCGGTCTACCCACTTACCTTGTTTAAAAACTGACTTTGGTACAGTACCGATATGAGTGAAACCGCATTTTTGGTAACATTTCATACCGCGTGGGTTGGTGCTCAGGACAG
CP060227.1_gap17	795617	798260	2643	AAACCGAGTCAAGATTAGCGGTCGGTTCGTCGGCAAAAATAATTTTAGGATTACCAACAATCGCTCTAGCGATGGCTACACGTTGTTGTTCACCACCGGATAATTGAGAGGGAAGATTCTCATCTTTCCCTTCAAGATCGACGGCGCTCAGCATATCGGAAGCCCTGTCTCGAGATTCGTCCCAGTCATTACCTTTCATTAGAAGGGGGAGCATAACATTCTCAATCGCGCTTAAGTCGGGTGCCAAGGCATAATCTTGGAAGATATAGCCAAGAGTATTAAGGCGGAATTCTGTTTGGTCACTTTCTGGTAGTTGACTGACATCAACGTTGTCGATAATGATGGTACCTTCGGTGGGATGATCAAGGACGGATAGCTGATACATAAGAGTGGACTTACCAGCCCCGGATTTACCCATGATGGCAATGAATTCACCTTCAGATACAGTAAAATCGACTCCTTTAAGTACATGGGTTGAGACATCGCCGGTAGTAAAAGTTCTATGAATGTTTTTTGCTTTTATTAGTTTCATAATATTTTTATTTTCTACCTAGGATAGAGTTAAGAGTGTTTTGTCTAGTGATCAGCCAGGCAGGTAAAAAGCCAGCAATCAAGGTGGTGAAGAAGAGAGTGACGAATTTATAAAAAGTGAGAACCGGATCAGCTACTAAGATACCTTCACTGAAAGGGAATTGTATCGGGTTGATCTCAAAATATGGGATTAGTACACCATAAGTTAGTAGGGCACCTAAAGCCGATCCAATTAAAGCGTAAAAAGCAGCTTGTAGAACATAAGCAATTTCAATTGCCCGCTCGCTAATACCTATACCTTTTAAGATACCAATATTACGGCGCCTTGATAAAGCGTTTATAAAAATGATTATGAAGATGGTAATGGAGGCAACTACTAAGCCAATTGAGCCGATAAAGTTACCGAGCAAATTAAAGGTCTTTTTTATATCAGCAATAAATTTTGGTGTTCCTTCTTCAAAGGTTTGGATTTTAGCGTATTCATCCAAGCCGCTTCTGACCAGTGCTTCTTTCACGTTAGAATTTTTAGTTGGGTCAGCGATTTTGACGGCTATCAAATCAGCGTTCTGGTCAATTCGTCCAAATAGTCTTCGAAACTCTCTTTCGGAAATATAGGTGTTTAAGTTTACGTCGTCGACTTTAGATTGCAAAATTCCTTTGACGGTAAATTCTTTCGATATGTCACCAGCCGTTAGTCTGACACTATCACCAGGGTGAACGTCTTCAATAGTTTCAAAAATGTCACCGTACAACTCAGCGTACTGACTTAGATAATAGGCGCCAATCAAAATCATACCTTCTTCGTTTGGGCTAAGATATTCTCCCTCCACGACAAATTCACTTAAATCTGATGTTTGATTTTCGGTTATGGGATCTACGCCGGATACTTTGACATTGGTTACATCAGCATCTCCTTTTAAATCCCTTCTTTCTTTGTAGTTGGCTTCCAATTCACCGACACCAAGGTAGCGAACAGATCTAGTGGTAACTTCTGGGTATGTATCGAGTTCACGGACTATGGCTTGGGTGTTTACTATATGATCTTCATCACTTTTGGCTGAGACAATTAAGTCACCCATGGAGTTTTCGCGAACAGCATTTTCGGCTCCGGTAATTAGTCCAACCAAAACACCTGATACCGCTATCAGGTTTAGAAAAGTCAGCATCATGACAAAAATAATTAGAGCTGTAGTCCAAAAGCTAGCTCGTTGAATCTGTCTAAAGCCAAGCAGTAGTCCGATTCTAAAAGTACGCATAAGTCATTACGGAGCAATTACCACATCGTTTTCGTTTAAGCCTTCAATTACGGCGTAGCCATCATTGCCGATAAAATCGACTGTTATCGGGATAGTAATTGCCGTGTTGTTTTGGGGGACTAGGACGGTGTAATTACCATCTTCTTCAGTTAAAAATCGTTTTGGTAAACGCAGGACATTTTTACGCTCTTCAACTATTATATTTATGTCAGCATTGAGGCCGCCGCGGAGCCAATTAACTGGTTCATCAAGAATCATGGTGGTCTCAAAATAGGAGACACCGGCAATTGTCTCTGCCAGCGGAGAGACAAAAGTTATGGTGGCGGTCAAGACTTCATCACTGTGAGCATCAAATACTAACTCAGCCTTTTGTCCTAAGGTGACCTTGGTTATATCGATTTCTGGAATTAGAGCATTGATTTCAAAAAAGTCATCAGCCACCATGGTAACAACCGGTTCAAGTCCGACCGTTTCGCCTAGAGCTGGTTTAATATCAGTAACCGTGCCAGCAAAGGGTGCGTAGAGTATATGGTCTTTAATTTGGGCACCGATACGAGCTAACTCAGCTTGTGATTGGGTAACTTTAGCTTCGTTTCTTTCTACGGCTTCGGTGCGAGGGTTGGCAGTAGTTAGAGTTTCGTTTTGTTTGGCTAATTCCAAATCTTGTCTTAAGGCATCTATGGTGTTGTTTTTGGTGGTAACTGCTAGATTATAGGCGTTTAAGTTGGTTACGTAAGAGCTACTTTCGGTATTTGGTATTTTTATTGTCCATTCAGAGTTACCGTATTTTGAGTTAGGATCAAATTGTATATACAAACCGCAGTTACCAAGTGGGGCAGCGCTGTTGGTGTAGGCA
CP060227.1_gap18	970794	972802	2008	GGTAAGACAGAATTATCACGAGCTTTGGCTGAGTTTATGTTTAATGATCCTGACGCTTTGCTGCGGATCGACATGTCGGAGTTTATGGAGAAGCACGCGGTCTCTAAGATTATTGGTTCACCACCTGGTTACGTGGGACATGAAGAAGGGGGCTCAATTACTGAACGGGTGCGACATCGTCCTTATTCAGTAATTCTGCTTGATGAGGTGGAAAAGGCTCATAAAGAAGTATTTAATATTCTGCTGCAAGTACTGGATAGTGGTCATTTGACTGACGCTAAGGGGCGTAGAGTAAACTTCCGTAATACAGTGATTATCATGACTTCTAACATTGGGGCTGAACATATTGATAGGATGTCTACCTTTGGTTTTGCGACCGATAAGGGAGAAGAGGCACAATATGTGCAAGCCAAAGACAAGGTCATGGACAGTCTTAAGGCTTATTTCCGACCAGAATTTCTCAACCGCTTGGATGAAATTATCGTCTTTGATCTATTATCACCCGAGACCTTGCGTAGTATTGTTTCGATTCAGATTGAGGATGTACAATGCCGCTTAGAAAAGAAGGAAATTATCCTTACCATGACGGATGATGTGCTCGAATATCTGGCCAAAGAGGGGTATGATCCTAAGTTTGGTGCTAGACCGCTAAAACGTCTGATTCAAAGCAAGATACTAACTCCAGTAGCTAATATGATGGTGGGTGAAGGTATGTTGCAGCGTGGATCTGTTAAGGTAACCATGAAAAAGGGCGAGCTTAATTTTGAGGTAAAAAGAAGTGGTCAGCGGGCCAGAAGTAATTCACGTAAAAAAGCTGGCTCGAGTAAACAGAAAGAGACGGTATCTGTGTAGATAATGGTGTGACCACCCATAATAAAAGGCGTTTCCCGTAGGGAAACGCCTTTTATTATGGGTGACTATGACTTGGTACAAACAGAGGCGATGGTAAATAAGTCACTCATGTCTACACCGCGCCTCGTGCTATTTGACTGAAGGTTGATGCTATATTGGTCTCCTGGTTCTATTGGGGCTGAACCTTTTTGTTCGGTGGAGGTTACGTGGTCCTTACTTATATACCAATAATATACACCTTCGGTGGTACGTACAGTATCTAGTCTCAAAACGGTGCTTGGGGTGTTAAGGAGAATGTCTACAGTGCTGCCTTCAAGGTATTCAGGATGCCACTTAACTTCTACAACATCACCATAACAAAATATTTCACCACCCAAAGGATAAATTAAGGATTGCTTGTTTGGAGTGTTTGATTCTTGGTAATCAGGGTACAAGTTTACCTTCATTGGCGGCGGGTTGTATGACGGGTCTATGGTTACTGGTGGCGGTTGATTACTTCCGATTTCTTGAGGAGTAGCAGCAGGAGGATTGGTAGGTTGTATGGGTGTCGTGGTATCAAGAGAATCGTCGGTCTCAGTAATCGTCGGTGTAGGTTCTGGTGTTGTGGCTTGATTTGGTGTCGGGCTTGGTTCTGGTTTGTTTTCACTGTAGGAGGTAGTTGGTTGTATAGGTGTGGCAGGTTCTGGTGAGTCCCGCTTAAGTAAAATATAAACAGATGCAGAAGCGATAATGACAATAAAAAGTACCGCTGCAATCATCATTACAATAACAGCTCTTTTTTTCTCTGGGGCCAAAGGTGCAGCGGGTGGTGTGGGTGGTGGTGGAGCCGGAATCGGCTCATCTTGATCTGGGTTATTTTCTACCCCAACAACCTCTTCTGGTGTAGAGGTTGACTCTTCTTTGGTTTGATTTGTATTCATATAAAAAGTTTATCATAGAGATATATGGTATGGTATATGGGGTGTTGGGTATGCGTAAAAAAACCTGTCAAGGGCGTGTTGGGAGGTTTTCAGTTTGCTTTACAGTCTATTTATCCCAAGCATCTTGTATAAAACAAGTTTTTAGTAGCATATCTATTTCTGGTTCATGCAATTTATTATAGTTTAGTTATCTATAATAACCTGCTTAAATAAAGTTACCTATGTGTAACCTAAAA
CP060227.1_gap19	975239	978516	3277	CGGTTATAATGCTGGTGGCTGGGTTCGGCTTAATTACGGCTGGAGGCAATCAAACAGCTCTAGATGAAGCCAAAAAGAAATTCCAGAACGCGGTTATCGGTATCATAATCGTTATGGCGGCTTGGCTCTTGATTGATACCATTATGAAAGGCTTGCTTACCGACGGTGAAATAAGTGGCTACGGCCCATGGACTGATGTGCAGTGTCAGCAGCAGACTGTTCCAATCGAACACGGAGAATTGGGCTACGCTGGAGGTACGCCGCCGGATCCAAATATTACTGCCGAATGTACAGACGATGCAGCTTTGATGGCTAAGTACAAAGGTTCACCGGTTGGTGTAGAAGCCCCAGGGCTTAGGAAAATGATTAATTGTTACAGGGCTGATCAGAATATTGAGAAGGTGTTGGATACAAACCAAATTTTCACTGTTGATAGAACACATGAACGTTGTAGCTTAACCAACGGTAATCCGGTTTGTGGCCCTTGTAGTCACAGCAATAATTCTATGCACTATGGTCGTGGTAGTGGACAGGGAGCACGAGCAGTCGACTTTAACGCCAGAGGAGTTTCTGAGTCAACTCTCTTTGGTTTGATCAGAGAGCGACAAAAGGTGTGTGGTGGTACGTTAAATTACGAGAATAGCCATACACATATTAGTTTGTAGTGGTTCACGTAATTTGTTTAACGTTGCGGTCACAGGTCACTAAGCTTGCTCCAAATATTCGCAATTTACTAAGTATCTTTGATTCGTAAAGCAGTGTCTAAACGCTGTTTTACCAGCTGTCGTATCTGCTTCGCTCGGTGCGACATGCTTCCGGCTCACGCTCCAGCATAAAAGTGATGAAGAGTACTCGGCGGTCACGAGTTACTAATTATTTTATTTCGTTACACTCATAAAATAATAAGTACTCGCGACCCCGGCTCAGCTGTTTTTATTTCTGGAAAGGGAAATAAAAACATGCTTCCGCCTCCCGCTCGAGCACGAAAGTGACGCAGGTCACTTTCTAAAGAAAAAGTACAATGCTGTTGCATTGTACTTTTTCTTTACTCGCGCGGGCCCACGAGGACTCGGTCACTCTCATGGCTATTTGTTTCGTCTATATAACTCACAAATAGCTCATTCGTTCGACCCTGGCTTGTCGGCCCAAAGGGCCCCGACTTCGCCTTTCGGGTCCTCGTGGATCCTCGCTCGCAAAACAAAAGTAACCCTATTCGGGTTACTTTTGTTGCTCGCGGGCCCACGAGGACTCGAACCTCGGCCGCTGGTTTTGGAGACCAGCATTCTACCACTAAACTATAGGCCCTTAAAATGTCTGGGAGACATTCTAAGTTGAGTGAAAAACTTGGTTTGTCATACCTCATTATCACTCTACTTGCATACCTCTATTATGTGTCCGGGATAAAATTTGTTGAGTGAAATACTTAATCTGTTTAATTTAATATAGCACTATACTCACAAATCTCTCTTATGTGTCTGTAAGACATCTAAGCTGAGTGCAACACTCATTTATCTTGCTGTATTAAACAACAAGTGACAGTAATAGTAGGCGAAAGCCGGTGATTGGTCAAGAAATAACCAAGGGTTACCCTTGAGGAGGAGCTTGCGACGGAAAAGGGTAACCCTTGGATATTTCTTTCTAGTTGTCTAGAAGAGTTTTAACTTCCTCTTCAAGTTTATCAACATCAACTGGGAATTTTTTCCAAATTATGTCTGAATCAGCTTTTAGCCAGGTATATTGACGTTTGGCGAATTGTCTTGATTTGATTATGATTAGCTCCTGCATTTCTGTGTAAGTAATCTTATTTTGTAAGTACTCTGTAATATATCTATATTCTAGGCCAAAACTTATTAGTTTGTCTGAAGAGATACCTTGCTCGAGTAAGTTTTCTACTTCGTCCACCATGCCTTTCTTCAGCCGGTTTTCCAGTCTGGTTTTTATTCTTTTTTCCAGATCTGCTTTGTCGATATCAATTCCTAGGATTACCCAGTCATAAGGGGTGGATACGCCTTTGTCCGCACTAGGAACTTTACCCAGAGACTCAATTATCTCCAAAGAGCGAATTAGTCGTCGACGATTGTGTTCGTCTATAGTCTTGGCTCTAACCTCATCCTTTTCCAGTAATTTTGTAAAAAGTTCTTCGTTAGAAAGCTTTTCCAACTCAGCCCTTAAAATAGGGTTTGGCGGTACCGGCGCGGCCGCTTTGCGGCCGCGTAAAAGCTCCAGCCAAAAAAAAGTACCACCAGTCACGATAGGTAATTTATCTCGCTTCAAAATGTTTTCAATAGCCGCTTTCGCGTCACGTGAAAAATCGGCGCCGGTATATGTTTCTTTAGCTAGGTTCGCTATATCCAGTAGGTAGTGAGGCACGTCTCTCATCTCTGGGGTGGTTATTTTACCAGAGCCAATATCCAGACCTCGGTACACTTGTCTAGAGTCAGTAGAAATAACCTCGCCACCAAGGCGAAGTGCAAGTTCCACTGCTAAATCAGACTTGCCCGAAGCGGTTGGTCCAACAATGGCTAGGACTTTTGGTTTGGTCATACAGGGGAGTGTAGCATATTTTTCTATTTATTTTGGTGATAATAAAATTCCCAGACTAAGCTGGGAATTAATAATTGGTGACAGGTCTTATGTTTAACAGTGTCGCTGCTGTTTTTCGACGACACTAATATTTTCTAGTAGAGTACGCCTACTTTCTTTTTCTTGTTTTAAGTACTTACTATGGTGTGGCCAGAAGAGAGCTTTTTTCTGCTCTTCTTCTGGCATTGAAAGAACGTCTTCGTAGTAGGAAATCCATCCTTCCGTTTTTTTGAGGTCACTTTTTAGTTGTTCGAGTGTCTGCTCGTTGTGTTGGCAGTCGGTAGTATATCTGCCAGTTGCGCTACAAGCGGATATTAAAAAAAGTGCTAAAATTAACAAAAGACCAAGACCAAGTTTTTGCATTATTGAAATCTCCTCTAAATGTTGAACTTACTGCTTAAGCAAATCATATAAAAGGCCAATTGTCAATATTAAATTTTATAAGCTTCATGACATAATAGGCACTGTTTTGTTTGGAGGATAAAGTGCTTAGAAAAATACCAGATCTAGTTGATTTATTTGCAGAAAAAGTAAGAGAAAAATTGTCAGACTTTGTAAATACTCGTGTCGGTCAGTGGTTTATGAGTTTACCTCTACTTGGTCCAGTTATTTTTTTACCAGTACAGTGGACTGCTTGGACTACTGAAAATATAGCTGAATTTCAGGATATAACCTGGCCGTTAATGATTGTATC
CP060227.1_gap20	1087375	1087875	500	TATTTCTGGTCTTTATATCAATGTTAGGCATAACCGCACTGTTTCTTATTGTGCTACTGCTGCTGTTCTCTTAATGATATAATTTAAGTTAATGAAGACTACGTTACAAAACTCTACCTATCATAGTTTGTTGCGCGTATTCTCAGTTGTTTTTGCAGTAGTGCTAGTGTTTGATAGTGGGGCTTTGATTCCTGCTACAAAAGGCTTATCTACTTCTACTCAGGAATATCTGGCCAATGTGGTTGGTGTTCAGGTTGGGGTTTCTCCGACTGAGGTTAATCAGCTAACTGCTCGTATTACCGAATTAGAGGGTGAACTAGAAGCGAAAGATAGGGAAATTGCAGTTAATTTTAATGAACCGAGTAGTAATGGCATGGACAAATCTACTCTCATTATCAGTATTATTCTGTTTATACTGCTTATACTCATACTTCTAAATTACGTTTTAGATTTCATTAGGTCGCGTGACAGGTTAGCTTTATAGTATTAAAGTAACAGCT
