gap_id	start	end	length	sequence
CP064978.1_gap1	22912	26338	3426	TGTATTACCGTTGGGCTTGTGTTGCTTTTGTACGCCAACCGCTCTACACTTCGGGTTAAGAGTTAAACGTTAATATTTATGGAATCTTTGCAAAAACGCCCCCTTACCTTTGTTTTATTTTTACTGCGACTCCTTAGTGGGGTGGTGGGTGGGGTTGCCGGCACGTTGGCTCTGTTTGTCGTTTACTTTTTGTTGCTGCACTTGGTTCCCGAAACCGAGGGGGTGAATTCACTTTCGTTTTTTGTGATTGTTGTGATGGCGTTTGTGGGCACCTTGGTTTCCAATACGGTTGTGTCGGTGATGGTTACTTTTATGGATAATGCCAAATACGCCCGCCGCAAAACCACCATTTTGCACGTTTTTTTGTTCAATCTCATTTTATTTTTCCTGACCATCCCCCTTTATTTGCTGGCATTGCAACTGGACATTATGATCGCGGTGGTGGCGGTCCATTTGCTTTTGAGTGCTTTTATTTCGGCGCTCATCATGGAACTTTTGGCCGGGGAACGATATGCTCTTATGGGCTTATATAGCCTGGCTTTTGGAATCTTTTTTGCCATTACCCTGGCGGTGACTTTGGTAACGGCTCAGGTACGATCGTTGATCATTATTTTTTCGGCTATGCCAGGCGTTTGGTTTTTGCTGCAGCTCTTTGGCGGACTTACCGAACTTATTTACGATAATTTTGTTAAGTTCTATGGCGTTGATGCTTTAAACACCCAAACCGATTTAGGAGGGGATAGCGATGACGAAAGCGAGGAAAATTAACTTTTGACATTTGTGACCATTCGTTTAGAATGAATTCTATTCCTAATATTGCCCTATTATGAATAACCGCCTTGTTCCGCCCAGCGCTTGTGCCGACTTAATCGCTTTTTCTGGTGAAACTGTTAATGGAAAAGTGACTGGGTTTGTTTCGCGAACACGCAATAGTATTTTTGGTGATCTAACCATGCGATTGCCCCAGGCCGCGGAGGCTCATTCTGACCGTGGGGTCACTCCAGTGGTTCCCACTCCTGATCTCTCTAATCCCGGTTTGGGTAGCGCCCTGAGCGGTTCTAGGTCAATGCCGGGCGAGCAGGTGCCTTGGCAGCCGGGACCTTTCCCAACTTGGAATGAATTGGTGCAAACAGGCCGTGGCACCCCCCAATAATTGTTGACCCCTTTTAATGTCTGACGATTCTAAAAAATTGGTACTTTCTCAGCCGTCTCTCGACCGGCTGAAGTTTCGACGCAGGGGCGTGAATTAGCAGTTACTGGCAGCAGCAGGCAAGCAGTGAACGGTCTTTTCCCTGGTGCTGGGCCCGAGGGGCCTGATGCATGGGGGGATGATGAGGATACCGTTGCGGATAAGCTCACCCCAGACTCGGCCCCCTTGGTGGCTCCTCCTATGCCCCAAGCGGCGCGAGCTATGCCCGATAATTTGCCGACTGATCCAAGTCGTACTTCGCGCGGCACGGTGGCTTATTTTGATCATGAAGGATTGCCGCAGGGTGGGTACGAACTATTACTAGCGCAGTACCGTCGGCTTAATCCCCCAGAAGCTGGTAAACTTGAAATTCAAAACCTTCCTGACCTTCCTGGGTCACCTTCGGATGACGATGGTTTTAATATGAGTGCATTTGATGAAATGTTTCGTTTTGTAGAAGATGATCCCAATACGCGATCTGAGCCGACTGCGCCAACAAGGCCTGATCAAGGTTTGCCAGTGCCTATTGTAAGGGGTAAGCCTGCTCAGCCTATTAATGATGGGCCGGTGACTGCTGACAATTTATTTGCTTCTGTTTCTTTGCCTGAAACAGTACTGTCAAAGTATGCATTGGTTGCTGATCTGGAAACGCAGGAAGTTGCTTCTGATGTGCATGCCGCACCCACCCCTGCACCGGTTAGAACGCAAGGCCTTCCGCCTGCTGAAAGCCGCCCTTTTGCAGAACCAGGCCCTGCCCCAACCACCGCATCTATATCTATTTCAGCTGATTTACCATCGCCGAAAACTCCTGGAGCCCTTGAAAAGCTCTACAGCGGTATTCAGGCTGCCCGAGATTGGCTTAAGCGCCTTTTTCGTCCTTAGCGGAGGTCGGTTGGTTTTAGCGCAAGGGGTTTGAATAATTCGTTTTCCAGTTCGATGGTTTTTTGCTCAATGGCGGGGATCGCCGCGTCCATTTGCGGGGTGTTGAATTTTTTGTAACGCTCCCGCCCATCCTGAAAGCGCTCATGCAGCGATACAATTTGATCGTGAGCGCAGCGTTTATCGGCGTAGTGCACCAATTTTTTTTCGAGCGTGTTGAACGCATGGGGTTCTTCGAGTACGGCGGTAAAACGATGCAGACGAATCGCTTCGGCGGTTTCGGTAAAGCCCAACTTAGTAAAATATTCGTGAGCAATGTCGGCATGATGTCTGCCTTCAAATTCCTTGCGCATGGCAAGCCAGGCATTCCATTGCTTGCTGGTGATTTCCTCGGAAAAGTTTTCTTTTTCCATGGTTTTAAAATCACACACACGGCATACGTCATGCAGCAAGGCAGCCGTGTTCACCAAATTCATATTTACGATCTCGCCTTGGTCGGCGTAGGCTTGAGCGATTTGTGTGGCCACGCTTGCCACTTGCGCGCAGTGCGCGCGTACGTGCAGGGGGGTAATCCATTTTTCCCAGTGAGCTTTCACCTCCGCTTCGGTTACTACTTGCGAACTGAAGTGCTCCACTGCGATGGTGCGATCCTCTCCATCGATTTTAAAATGCACTTCTATGCGTTCCGACGGCCAATGCGCCAGACGATCGGCCCATTCGATCACGTTGATCGCTCGGTTGTCGCTTATACTTTCTTCTAACCCGATCGAATGCAAATCGTCGCCTTTTTGCAGGCGGTAAAGGTCGTAATGATAGAATACGGATGGTGGGCCGGATAGTGGATTCAGTTGATATTGATTGACGTAAGCAAAGGTGGGGCTTTTGATGGTTTCTTTGATCCCCATGCCGGCGGCGATGCCTTTGCTAAACTGGGTTTTGCCCGCCCCTAAATTGCCAAATAGCAACACCGATTGGCCGGGTTTTAGCGTTTCTCCCAGCCTTTTGCCGAGTTCAATCGTTTGGTCCGTGCTTTGAGTGTGATAGATGGCTTGCATTGGCTTAACGGTGAGATGCCGGATCAAGTACGGTATGACCTACAACGGCAAGCACCATCATGCCAGTCCAACTGGTTACGAGCAAGTGATCCATGCTGGCGAAGTGGTGGCTCAATTAAAGAAAGCTATAAATATGGCTTTTATAAGCCATTTAATAACTATTTAATATTTGATTGGCCACAAAAGCATGCTACGTTAAATAATAACTAACCAACACAAAATATGAAGTCATCAAAATCATTCATTATATCATTAGTTATTCTGCTTATAGTTACCACACTAGGTTTAATAGGATATTTTAAA
CP064978.1_gap2	28098	30338	2240	GTTGAATTCGACCCAAGACAAATCCAAGTGTCGTCCCAGTCAAAAGAGATTGAGTCATTTGCAAGCACGGCGCTTGAGGAAGAAGTGATGACACTAAAAGAAACATTGAACTTTGCAAATGCTGCCGTGTTTTATGTTGGCACCAGTGGATATGTTGAAAATTATGTTGCCGCCTTAAAAGCAAACCCCCTAGTGGCATCGGTAACCCCAAATTATGTATATGAATTTAGTGCAACAGCCAATGATCCACATTTTACTAATAATGATCAGTGGGGGTTACGGAATCACACCAACCCAACCGCCGACATCGACATTGAAAACGCTTGGAATATTGGCACCGGAGGAACCAACAAAATCGTTGCCCTGCTCGATACTGGTGTTGCCTACGACCACCCCGATTTAGCCACCAACATGTGGGGAGGGGGCAAATGCAGAGATGAAAACGGACAAATTCTACCCGTCGAATGTAAACATGGGTGGGACTATGTCAATAACGACCGTGATCCCCGAGATGACTTTGGCCATGGAACCCACATGGCGGGGATTATTGCGGCCGAAACGAATAATGGTATCGGTATTGCAGGAATTAATCAAAATGCCAAGATAATGGTGGTAAAAATTGGTAATTCTTACGGAACCTTCACCAATGCCTTAAAAGGTATTCAATTTGCCCGCAACAACAAAGCAACCATTATTAATGCCAGCTTTGGAGGCGTTTCGGAGCAATTTGGAGATCAGGCACTTGTTGAAAGCGCCATTCAGCAATTTGGGCAAACAGGAATTTTTGTCGCGGGGGCTGGAAATTCTGCAAATAATAACGACACAAATCCATTTTTCCCCGCAAGTTTTTTGCTAAATAGTATTATATCAGTAGCTGCATCAGACAGAGTCGACAACTTTGCGAGTAGTTTTTCAAATTGGGGGGCAGGTACGGTTGATGTGTTTGCACCAGGAAATGATATATGGAGTACTTATGTACAAGAATTTGCAAACTTCTTAATGAATCCACAAACCTTTACACTTTTCCAACCGTGGTATTCTCGCCAAATCAGCACGATTGATTATGTTTTCACCAATTCAAATGCATATACATCCAATATAAGTGCTTCCGCAATAACAAGAACATTTGATCTATCAGGTAATAATATAGATCCCGATTCTGCAGCGCTTACTTTAAATGTTTGGTGTGATACCGAAATGCCAAGTGTCGGGAATACGCCCCCTGACTATATTGAAGTATTTATTTCTCCCGATGGTACAAATTGGTCACCATTACAAGAAACATTAATCGGAGACAATAAGATAAGCGAAGACAGTCTACTGTTAGAATCTACTTACGATGGCTATCCGGGCAAAAGTAGTTCATTGGGATTTATTATTTCACCAAGTTATTTCAGCCAAAGAACACAATTTAAGTTTGAATGGATAACAGATGGTCGTAACACCGATGGACCACACAGAGGATGCTACCTGTCAAACTTACGATTAAGATATTTGGCATTTGGTGAATCGGGTCAAAACAGCCAGTCATACGTGGGGGGTCCTGAATACAGCGGCACCTCTCAATCCGCAGCCTTTGTCACCGGCATCACCGCTTTGGTGTGGAACACATTCCCCCAACTTACCCCCGAACAAGTACGCTACGCGGTGGTCAATTCGGGTGATCCCATCAATAACATTCACCCCATCAATGGTCAGCAACTTACCGTTACCGGTAGGCGCGTGAATGCATACAAGGCCATGTTACTTGCCCAAGAACTCAACAACGATCGTCTGTTTTTGGTGAACGACATCACCGTGCGTTCTACGTCCGCTGGGGGGAATTGGAACGACCCAGCCACGTGGGTGGGGGGCGCTGTGCCCACCAGCACCGATGTGGTTGAGATCAACGGGAACGTGACGGTGAATGCGAATGTAACGGTGAGCGGAATGCTCATTAGCCCCGGAACCACCCTCTATGCACCGGGAACAGGAAGCCAAACTCTTAACATCAACGGAAGCCGCGGTGAATTGCAAAACAAAGGAACGATTGATGGTCCAAGCGGGCAGCAGTCTACTTTAACCATTCATGCCAACACCATCGAAAACACAGGTTCTATTTATGGTAATCAAATCAATACGCAAGATCTATACAATCGAGGGAACATTACTAATGTAAACACCCTTCAGGTACGGGGAACCTTGCGACACCAGGGCACCATCAATAATTGCATATTGATTTTTAATGGAACCAATGCCGT
CP064978.1_gap3	32571	35267	2696	CTGCCCAGCCAAGTTTTTTGGAGAATTCGATTTCAATCGGCTTTTTTCCATCCATTTTTGCAAAATCCATGCACCAAAAATTGCTATCAAAAGTAGTTCGGGAGCATAAATAAATTCGCTGACCCACGGGTTAAAAGCGCCAAAGTGGAAGCTGTCTTTTTCGTACACCAACAGGCGAACCGAAAAGGGGAAGATAATCAGCCATGCTCCGAATAACCATTGAATTGCTTTGCTAACGTATTTAATGCGTTTTAGTTAAGAATTAAGAGTTAAGAATTAAGAGTTAAAGATAAACCAGCAAACTATTAATTATTCACTTAGCGAAGCAATTCAACTCTTAACTTTAGATCCCGCAATCTTCATCCGTTTCGATCAATTTTTTTTGTTTGCGAATGACGCAGGTCACTTGAGTTTGAGCGGTTTGCAGCGCTTGCTTAAGGCTGGCCCGGCTTTCGACTACACTTTGAATCGCTTCTCGAAAAATCAGATCGTATTTTTCGGCGTCATATATTTTAAGGCTTTTGGCGAATGGGGCTTGATACGCAAACACACCGAATAGGGGTTCGGTTTGCTGCTCGGTCACCATGTCTTTTCGGGGGGTGGGGCGATTGGTTTTTTTGTGATAGGTCTGCAGGGCGTCGGCGGTGGTTAAATATTGAACAAAGGTCCATGCTTCTTTGGGCATGTTGGTGGTTCGGGCAACCACCAGCGGAAAGTAGCTGGCTAACGTGTCGCGGCGCGTTGATTCGGTTGGGGTGACTAGTTGTGGCATGGGCGCGATTCCGATGTCTTCAATATCAATATGATCTCCCCCTGTTTTCTGCTCGTTTTGAATGGCTTGCACCAAGTTTTGATATAAATAGGGGTAGCCGGCGATCATGGCAACCTTGCCGCGCACAAAGGGATTGACCTCGGCCTGATCGGGAGCGTATCCGGTTAAATTCTTGTTCCAGCTGTAATATTTGTAACTCGGAAGTGCAAAGCTGGTGAACCATTTTAGTGCTTCTACTGCCGGCTCGGCCAGTGTGTCCGCCGGATTTTGAGCGCGATTGGCAAACGTGGCGGACTCTTCTTTTTCGTCATAAAAACCAACGCCGTATTGTAAAAATAATGTGTAGAGCAGATCCACCGCAGTGTTGAGATTGTCTCCACGCCCCATGGCGATTCCCGAAAGCGCAAAGCGTTCCGGACTATTATTACGACTGGTGAGCTGAAACACTTGTTCGGCAATTTCTTCCCATAATTTGGCGGGCTCATCGGTGGTGGCGATCAAATCGGCAAAATATTGCTTGTTGTAATACAGGGCTAAGTTGTCCATGGCCAGCGGCATGCCATAAATGGACTCATCAATGATTAAATCATTTGCGGCGGCCTGAAAAAACGTCTGCCGAAAGACATCGGGCGGGGTCACAATCGGTGCGTCCAATGGCATTGGCAAGAGCTTTTTTTGGTGTTTTGTTATCCATGAATTGTGAATCATAAATACATCTGGCCCCTCGCCTTCGGCAATTTCATTGACGACCAAATCCTCGTATTCCTTCAGATCCACGAATTTTTTGGTGCGCACGCGAATATTCGGAAATTGGCTTTGGAAAGCCTGAATTTGTTCCCGAAATGCATCGACGTTGTCGTACACAAAATAAAAAATCCAATTCTTTTTAGTGTTGGAATCGGTTACGTCGTCCGCTGTGGGACAGTCGGCGCGAAACTCACTCGTGCCCGCAATGTTGTCGGCTGGCTTAGGGCACTTTTTTTGGCAGCCCCCCATTAATAATGGTGCGAGCATCAGGCCGCTAATCAGGATTATTTTGATGAAACGTTTTGTTTTCATATGGCTATTTTACCGAAAGGACGCCCGATCACAAAGCGATTTCTCCTATTGCTTCCATTCTTGCGATCATGTTCTTGGCTTTTTGCTTTTGTTCCTCCAAATGTTCCGCCGGCTTGGCCTTTTTCCACACGTTCATAAGCTCGTCGGCGCTCCATGCTTTGGGGTAAAGGTACGGCACGTTTAATTGATCCAACATGCCACTTACTTTGTCGGAATAGGCGATTCCCCGCCATGGTACAGTTTGCCAGCGCGGCTGCGATCAAAAAGTGCAAACGCATGCCAATGGCCGCTTCGCAGGTGCTGAGTATTTCTAGTAACTCGGTGAACGAGTTGGGTCGAACCACGTTTATCTTTTCCGAGAAGGCGCCCGCCTGAGGCGGGATCAATCGCGCCTTCTCTTTCGATAATAATTTTTCATCTGACGCTTCCATCGCGATCCACACCATGGAATATCCGTTTTTGATTTGCGTCTCTACAAAAGCATGAATGTCGATGGGGGCATGGCTCCATGGCCTTAAATTGAGGGCTATTCGCTTTTGTTGAGTGTTAACGGGGGCATTGAACAAAAACGCTAAATCGCTCCCCAGCATGATGGAGTTTTTTGGAGCCAGGCTTTTTGCTAGTTCCAACGAAACTTCATCGCGCACGGTGATGAGCTGCATTTGTTCCAATGCTTTTTGGGCACGCTTTTTGCTGGATTCTTTTTGAAACGGGCCGAGCGAATTGCCCAGCATGATGATGGGTTTTTTATAGTGATTGGCCCACCACAATTGCCAAGACCACAAGCCGATCGCTCGCTTTGATTCGCCGTCGGTCAATAGGCCGCCCCCGCCCAAAATAACGCGGTCGCATTGTTTCATCAATT
CP064978.1_gap4	185239	188968	3729	CATATTTCTGATCGCGATGTGATTGGTGTGATTCAAGACTCCGGCCGTAATTTTATTTCGTTGTTTCAAATCCGTTCCGGTCGGCTGATCGCGCAGGAGCGATTTACCTCGGAAGGTGGGGAAGCGCTGGATGATGTTTTGGAGGCATTTTTGCGTGATTACTATGCGGTGGCCGCCGATATTCCCAAAGAAATCATCATACCGATTCCACTGAAAGATCGCTCCATTTTGGAGGCTTTTATTTCGAATCATGCCACTCACAAATCCAAATTGGTCCACCCCTCCATTGGTAAAAAAGATGATTTAATCGTCTTGGCCGAAAAAAACGCACGCAGTTTTGCAGAGCAAAGCAAGGCAAAATGGATGTCGGATCAGAAGCGAACGGACGCTTCGCTGGTCCAGCTGAAAGAGGTTTTGAAGCTGGTAGACATCCCCAAGCGTATTGAATGCTATGACATTTCGCATTTGAGTGGCACTGAAACCGTTGGTTCAATGGTGGTGTTTAAAAAAGGGGAGCCTGCTAAAGCCGATTATCGACAGTTTCGTCTAAAAACCACTCAGGGAACCATCGATGATTTTAAAAGCATGGCCGAGGTGATTCGGCGCCGTCTTAATTATCTGCCCACGCCACTTCCAGCCGGTTATTTACTTCGAAAGGCTAAAAAAGCTGACTTTGATTTTATCAAAAAAGTCGCGACCACTCAGCCGATTAACGATGAAGCATTGGATGTGAAGCAGTTTTATGTGATTGAAAAAGAATCCAGGCCAAAGCCTGGATTGCCAACTATCGTTGCGTTTTGCCGATTGCGAAATTTAGACGAAAAAGTGGATGATATTAGCTCGCTTTGGGTGCACGAGGATCACCGGGGTCAAAAGCTGGGCACTCATTTAGTTAAAAAGTGTATTGAATCTTCTAAGCACAATCGCGTGTATTTAGATGCTAAGAAATTTTTTGAAAATTACTACTTAAAACTTGGCTTTGAAATCTTGCGTAAAGCCCCCGACGCGTTGGTGGAAAAAGTGAAGCGAGCCAAAGAACGCACCCATAAATCATTCGATTTTGATCCCAAGGATCTGGTTTACATGGCCTACCAAAAACGAAAAAAAGACACCTCATTCGATTCGGTACCCGACTTGATGGTGATTGATGGGGGTAAGGGGCAGCTGAGCGCGGCTTTTAGTGTACTTTCCGAAAAATTTCCCGGCATTCCCATGATCTCACTCGCAAAACGATTGGAAGAAGTATACGTGCCAGGAAAGTCCCATCCGGTGGCATTGCCCAACAATTCAGATGGAAGTTATTTGTTGCAGCGTATTCGAGACGAGGCTCATCGATTCGCTATTACTTTTAATAAACAGTCGCGCGATAAAACGATGACCAAGTCTGCGCTCGACGCCGTTCCCGGGGTGGGTGCCAAGCTGAAAAAAACGCCTTCTTTCGCATTTTGGTTCGGTGCCGGCCATTCGACAAGCTTCGCTGGACGCACTTATTCCGATTACGGGAGAAGTTTTGGCGAAACGGATTCGTGAACAACTGTAAGCATTTTTTATGGCCACTATTCTTTCCTTTATTGCTCCGCACGGTTTTCAAGACATTGAATATGCTGATTCAAAGGCTGAACTTGAGGCTGCCGGACATTCTGTGATAACGGTTAGTACCACTTTTGAGTGCCTTGGAAAATATGGAACCGTATGTGCTGCGGATCACTTATTGGACGAAATTCATTTCGATGAATATGACGCCCTTTTGTTGGTGGGCGGTCCGGGAATTTATGATTATTTTCATTCACCCAAATTGATTGCACTGGCTCAACAGTTTCATTCTGCACAAAAGCCTGTGTCTGCTATTTGCGCGGCCGTTGCCATTTTGGCTCAAGCCAATTTACTTAGCGGAAAAAAATCTACGTGTTTTGAAGGAGTGGCGGATCAACTATTAGCGAAAGGTGCGCATTATACCGGCAGTTTGGTTGAGGTAGACGACCGCGTGGTTACGGCATCCGGGCCTGAGGCTGCGCGGGATTTTGGCAAAGCCATTGCCCAGTTGTTTACTCAATAATTTGGCTTTTTTCCAATTTTTTTTGATTACTCACCTGTGCAAAAAGATTCACATGCCACTTGTTATCAATGATGTCCGGGCCATTTAACTGAAAAGCGAATGGGTTGTTAATGGTTTGAATTTCCACCGGCCCGTTGACCAAAATGCCTCCCGCACGATCGTCGTATATGTCGTTTGGCAAACAAAGTTTATCTAAACCGCTGTCGTGCTTTAGTGTTGAATCGCCGTCGGCGTCACGGATGAGCAAATGACCTCGTAATGGCTCATTGCATTGATTCCACTGGATCGATAAGGTTCCGCTAAAGGGATACGTTGCGCTTTCTCCAAAATCGATCACCTCTTCTACGGGGCTTACTTTGTTGTCGACGGTTCCGGTGAAGCGGTCAAATTTTATCTGCATACCTCCGCTCAGCTCTCCGCTTTTGTATTTGCTTGCCAAATAGTTTAGATAGCTGTCCATATAATCTTCCACATTCATCTCAACAATGGTTCCTCGTTGCAACGATACGGTGGTGCGTTGCCGAATGGCTACCACCAAAAAAAGCGAACTGAGTGTAAAACCTAGCACCACCGACCAAATCAACAAACTCCCCTTGGTTTCTTTCATCCATTGAATCATGGGAGAACGGCATTTAGATGATGAATGAGAGAACGGTTTCCAATCGGAGCATCAATCACCATTTCAAGCAAACGATTGGCTTGCCCGTTGGCTGCATAAATGGCCATTTTTATACTATTAACTGCATACTCACTCACAAAGTCGAAGGCGGGCAACGCACCGGGATTAATGGCGTCCATTGGAATAGCGTTTGCATTGATCAAGCGCACTACCTCTTGTCGGCCGGAGTTAATAAAGTAGGCATTGCTCACGCCGGTGGGAAAGCTGATGGGTGAATTTAACGTGGTTACGGCACCGTTTGCGGCCGTTACAAAGGCATCGTTTCGACCCGGGTTATTGGCTGCGATAATTTCTATCGTATCTTCGGGGGTACCCAATTCACCGTCTCCCACCCGAATGCGGTGAAAAAGTGTTTCAACCAATTGACGGTTTACATCGTATAAATTTACTTCGGTTGTTAAAAATCCTGCTTGAGTGATGGTTGGATTATCAATTTGAATCACTAGGGGGTTATTGATGGCTGGATGGGAAAAATCGACCGGTGTTCCTGCACTCAATCCATTCGGAACCGCTTCTTGTACACTAATTCTTACTTTATTGTCCGTACTGAGCGACGTTCCCGAACAATTTTGAATGCTGGTGCCCGACACGGTGTAGGGGGTTTGATTGATCATGATGGTATGGCCCAGTTGTAACCCAGTGGTCGAGATATCGGCCGTGTTGACGTAAATTTGATTGCCTCCATTGCTACAACCGGCTGTTGCATTTTCAAATAACGTGAGCGTGCTTGGATTTTCAAAGCGTTTTGTTAAGCTGTTGTAGTGCTGAGGAAAACCAATTAAGTTACTCACGGTGTTGTTGTAGCTGCCCCCGGTCATGGATGGGTTTATCAGTTCAACGGCGCTGAGGGGGTGGTGTTTTTTGGGGGTAACCTGAATCGTTAGGTTGCTCAGCGGCCCCGGATCCCTCATTCTTAATACTCGGTCATTGCCACTGTCAGCAATGTACAAAGTGTTCCCAGACTGATCCAAAAAAAGGCCGGTGGGAGTGTTCA
CP064978.1_gap5	190263	191761	1498	ACGCCAAAAACAATCACCGTTAAAAAAAGATCGCAAAAATCATTTCGGTTAGCAGAAAGCCTTTGATATTTTTTTTTGCGAACATTTGTTTTTGAAGTAAATACTAGCTTGGCCGTTCTTCTTTTCTTATTGTACCTCCTTTGTGGCGTTTTTCATTGGCCCAGTTCAAAATTTGGCGCGCCACGTTTTCGGGGTCCGGAATACGATCGATGAAAAATTCCGAAGCTGCACCGGAGGCCGTTTGCACCCGTAAATCTCCATAGTTCAGTAACGTGGGGAAAAACCCATGGACGTTTCCGGTGGTATCCTGAATTTGAGCCAAGGGGGTGGTGGCTACACTTCTTTTCAAAAATGTGACATGGGTGTGATCAATCAGACGATCACTGGTGATGATGAAGACATCAAATTCTTCGTTGAGCCACCGTATCATTGCGAACAATAATCCGTACAAAACGAACAAACTCACCAGAATTCCCATTACCAGCGTGGTGCTGTTATTTTCTGAGTAGGGTAAAAACTGGAACCATGCGAACGTGAAGGCGGCCATAGGAAAGATCACCACCAACAAAAACGCTGCAATAATTTTGATATAAACTACTTGATGTTTGCGGATGAAACACAGTACTTCTTCATTCTCCTGTTGATCCGGAAATAGTTTATGGTAGCTCATGGGGTTATTTTCTCATTCTTTAGTCGATAAATCAAATGGACAAAGCCTACCGTTGCGTTCCAAATGCGCGGATAGCGTTGGGGCTCCTTGAGCAATCTCCAGAGCCATTCCAAGCCGAATTGCTGAAGCCAGTTGGGCGCTCTTTTGATGCGTTCGGCGTAAAAATCAAAGCTTCCGCCCACGCCGATCGCCGCACGCACGTTGTGACAGTGTTGCAAATACTTCTGGATCCACTGTTCTTGTTTTGGGTTTCCATACGCCACCAAAAGAATGTTTGCCCCTGATTTGTTGATGCGGTTGATGGCAGTCGATGACTCTTGATCACTGGGTGATCCGTCAAAACAATCGACGATGTGCGCATCCGGATAGTGTTTCAATAGCTTTTCTTTGGCCTGCTTCGCCACTCCTTTGTCGGCTCCCAAAAAAAATAATTTCCAATGATTACGATGAGATCTTTCTACTAATTTTGGTAGCAAATCTGAGCCGGTCACCCTTTCGGGAATCACTCGAAACGGTTGTCTTAAAATAATTCGCATGAGCGAAAAAAACAATTGCACTCCTTTTTGCCACCCTCGTTTTTGGGGTAAATTCAAGTAATCAGCTGCCCACAGGGCACCGGTTCCATCGGCGGTATTTAAACTACTTTCCTGCAAAATGCGTTTGAATTCATCATCCTGCTGGCACCGCAAGATCATTTCGGGATTAACAGTGACAATTTGATGGGCCGTTTTGCCCTTGGTCCATTCGGCTATTTTTTTTAATACTCCCTCATAATCTATGCGGTCGATGGGTACCCCGGCGATCAAAAGGCGATGGTTCATTTTTTTC
CP064978.1_gap6	197118	201696	4578	TTACCTTAAAAAATCAGGGAGATATCGCTTGGACTCCAGAAACGCTTCGCACCTATTTTACTGCGAATGGCCTTACTTTATTTAAGGATGAGTGGTCTCCGGACGAGGCCGTAGACCCCGGGCGCTCGGTCACGTCACGTTTTTGGGTGCAAGCCCCTTATACGGCAGGTACGTACTTTGCTAGCATACGCTCGCTGTTTCAGTATACACCCGTTTCGGGGGGCGGGGGGCGTGTCACGGTTCAAGTGCCGGCCGCGCGTGTTACCGCTCGCCTTGTTGAACAGTCGACGCGTGCGATCAAAGCCAGCCTGAATCAGCCCGTTACCGTTGAGGTAAAATTACAAAACAGTGGGAATATCGTTTGGCATAAACGTGGTGCTAATGCGATTTATTTAGCGCCCTCGCGCCCTCAGGATCGTAAGAGTACGTTTTATCACGACACGTGGCCCAATCGGTTTCGTGCAGGCGCTATGACGGAAGAAGAAGTAAGGCCCGGAGAAACCGGAACATTCCGTTTTAAGCTTTACCCCAGCCAAATAGGTACGTTCCAAGAATACTTTCAACTGGTGATTGAACAAGTGGGTTGGGTTCCGAATTCGGTTGTTCGATGGGATGTCACGGTCACCGCCGGTTCCACTGCAAAAACTTCGGAAGATTCCACAGCGGTCACTCGTTATTATCGCACGCCAACCGTCTCTACAACCCCGGTTAAAGCACCTGCCAGTCCGGTAACTTCCACTAATTCCGCAAAACCTACCACTCCCAACAGTCCTACTCCTACCAACCCTGTTGTTACTCCACCTGTTGTTTCGGTTCCCTCCACCCAATCTACACCCATTCGAGTTCTTATTTCATATCATGATGATTTTGCCTCTCTTAAGGCGGATACTGCCTATCGATTGGTGGACCTGAACCAAGATGTGCTGTTTACGGTCGGAGCTCATACCCCCGTTTTTGTGCGCTTGATCGCCGGGGATTTGCATGTTGAATTGGGAGGAGTTGTTAAAACGGTGAGTAATGGTGTGCGCTTAGAGCCGGATGCGGGAGGTATTGTCGAGGTGGTCTCTATGGAACGTCGCCCCAGTTGGGATCAAACCTTAAACGATAATCAATTTCGTGGCGTGATGGAAATTCGACCGATCGATGGACGCTTACATTATATCAATGAGCTACCGCTAGAAGATTATTTAAAAGGGCTGGCGGAAGTTTCGAATGGCACGCCCGTGGAAAAGCAAAAGGCTATCGCTATTTTGGCGCGTACGTACGCTCAATATTATTTGAGTCCTGATCATCGTAAATTTCCCGGAAAACCCTATGATGCCAGTGATGATCCGGCTATATTTCAGCGGTATTTGGGTTATGGATTTGAAAAGCGTTCTCCTCAATTTGTGCAGTCGCTTCAGTCAACCCAGGGGTTGGTGGTAACGTATCAGGGTGAATTGATTAAAACCCCTTATTTTAGTCAAAGTAACGGGCGTACTAAGTCGGCAGAAGACGTGTGGGGATGGAAAGACACTCCCTATCTTCAGGCGGTTGACGATCCTTATTGCGCTGGCCGAGTTCAACAGGGGCATGGCGTTGGTTTGAGTGGCTGTGGTGCCGAAGGCATGGCAAATGCCGGTCGAACTTATCAAGAAATTATTCAATACTATTATCAGGGAGTTTCAATCGTTAAGCATTCATCGTTAACCATTAATAAATAATAGGTGATTATTTATGTATTTATGTGTTGATACCATTACGCCTGTTGCCGGAGTGACCTTGCTTGATTCTAAACAGGTACTTGGGCACAAGTCTCTCGATCCAAAGCAAGCTTCCGAATCGCTCTTAACGGCCATTGACGCCTTGGTGGATGATCCTAAGGCCTTGAAAGCGATTTTTGTCATTAAAGGACCCGGTAGCTTTACCGGGTTGCGCGTTGGTATTGCGACCATGAATCCGTTTGCTCATCACCTTCGGATTCCTATTATTGGCCTTACTACTGCCGAATGGGCTGCTCATTCTGTGCAACAAGCCGATTTTATTTACCTTCAAACCATGAATCGCGATGAGATTTATATTCAGGGATTTGGTCGATTTAAAGATCATTATCCTCAATCGATTGTTTCGCTTTCCTCCGTTCGTAGCGACGAATCGATCGATTATGTTGGCTTCCTTTCTCAAGATCATCAAGAAAAGCTCCCCACGAATTATCAGTCATTGGATGAATTGCGTTCTGCCGGAGCAACTTGGCTCCATTTCATTCAACACTCTACATTTTTACAACAAAAAACCTACGATTTGGTAGAGCCATATTACGGAAAGGACGCGTCGATTACGGTTAAGAAATAATTTATTGCATCAATTTTTTAATCTCCGGAATCACCTCTTTGGTTTTTTCGTAGCCTTCTTTGATGCTGGATTCGGTTTTATGAAAGTCGAATAGCTTTACGTGGCCGAGTTCAGGTTGAATCAAAATATCTGCCGGGTATTCCTTTAGATTGGCCTCGGTGATTTTCTTTTCCATGATTTTAATCGAATTGGCGATCACTTCGAATAAATTGGGTTCCTCTTTTTTAAACCAATCCACTAGCCTGTTTTTAAAGTCACTATTCGCTTCTTTTGCTTTAACCGGGTTGTGAATTTCATTGTTTAAATCGACCGCGATTACCACGTTGCATCCTACGTCTCGTGCGATGTTGATCGGCAGGGGATTTACTAATCCGCCATCCACCAAGTGCATATCGCCCATTTTTACCGTGGTAAAAATACCCGGAATCGAAATACTGGCCCGTACTGCGTCAATCAGTGTGCCAGATGAAATTTGAATTTCGCGACCACTCTCCAATTCAGTGGCCACCAACATCAATGGAATGAGTGCATCTTCGACATTTTTTACAAAAAAATGCTCTGAAAAGTATTGAGCGATTTTTTCACCATCCACCAGTCCGTTTTTTAAAAACGTGGTGTCCATAAAACTGAAGGTTTTTCGCTTGTTTACACTCAAAGCAAATTTCTCCATTTCTTTTATTTTTCCCGAAGCGTATGCAGCCCCCACCATGGCGCCAATGCTGGTTCCCGTAATCAGATCCGGTTTAATTCCTGCCTCTTCGAGCGCTTTGATTGCGCCAAAATGCGCCATGCCTCGCGCACCGCCCGAACCCAGTACTAATCCGATTTTTTTACAATTTTTTTTATTTTCCACTGCTTCCTTTTCCGAATAAATAGCCGAATCCGAGGGTTACAATGGGGGCGACTTGCGTTTGGATCAATTCCAATACCACTTGCTTGTCTTGCATGTAACTAAAAAATACAATCGAAGCAATGACAATGGTTACCATAATCAGCGCGGCCACATTTCGTGGTAAATGATCTTCGGTTCCAAGAATTTTTCCGATCCATCCGGCTTTGCCATTGTGTGTATTTTCCATGGTATTGATTTTATCACTGGATCACTCATTTCACTTGATCACCAAGTAACAGGATCACCAGTTTGGATTTATTTTTTTGAAATTCATTCCATTCCTTTTCGACATATCCTTTAATTTTTTGTTTAAAAATCGTGATGTCGAATTGTTCGGCGTGTTTGCGGATTTCTTTCGGATTGAATTGCATGCTTTCAAAACGATTGATGGCATTGTTGAGCGATTGAACCGTTTGTTTTTCAAAGAATATTCCGGTCACCCCTTCTTTCATGCTGGTTAAACTGCCCCCCTGGCTTAGGGCAATCACTGGTCGACCGGCGGCCATGGCTTCTAGCGGAACGATGCCGGCGTCTTCGATTTGAGGAAAAATCAGTGCTTTGCAGTTTGCATAAAGTCCAGCCAGCGCTTCGTTTTCTATCGCCCCCAACACTTCTACACTTGGGCCGGCCATTTTTTGGATCTTTTTTAGATCTGGGCCGGTACCGACAATTTTTACTTTTTTTCCGTTTTTATTGAAAGTTTCAGCAATTAAATCAAATTTTTTGTACGGAATCAGACGACCGACGGCCAAATAGTAATCTTCGGTGGGATTAGCGGCTGGCTTAAACCGTTCGGCGTGTACCGGTGGATAGATCACATCGGCCTTTCGATGATAGTGTTCTTCAATTTTTTTGGCGATATAATCTGAATTTGCAATGTAGCGATCGACGCGTTGAGAGGCACTGAAATCCCATTTTCGAATCGCATCAATCTGCTTGCGAATGTATTGATGCGTTATTTTAGGGAATTTTTTGATGCGTGTTTCAAGGTCCCAGCTTTCCCATGCGTAGCGCATAGGAGTGTGACAATATGAGATGTGCAACGTTTCTGGATTGGTGATCACCCCTTTGCTAATGCTATGACAACTTGAAAGCACAATATCAAATTCATCCAAATCAAACAGTTCCACCGCTGTGGTCATCTGTCCCAGCATCCACTGATGTTTGACCAAAGGAATTTTTTGTAAAATCGAGGTTTTTACGTTTTTCAATTTACCCAATTCGCGCATGGCCTTAGGCTTGTACAGTGTGGTGTAAATGGGCGCATCCGGAAAACAATCGTGAAAAGCACTAATAACGCTTTCCGCTCCTCCATAATTGGTCATCCAATCCGCAATGATGGCGATTTTAAGATG
CP064978.1_gap7	229881	234685	4804	ATTGATCTATTTTTTCTTTAAAAACCGCTTCGTCGAAATGCTCAACAAGCTGGCGAATTTTTTGAGGTTGATAGGAGCTTTCATTCATGAGCAGGCGCGTTAATCCGTTTTCGATCGACTCAATGTTGGGATGGTCAAAAAACTCTCCACTTAACCCCGCTTGTACGCTTTCGGTTACCCCTCCTTTGGCATAGGCCAGCACCGGTTTGCCTGCCGCCATCGCTTCTACGGGAGTAATCCCGAAATCTTCCTCTCCCGGAAAAATCAATGCGCGACAATATTCCATATATTCTTTGATGTTTTCGTCACTTTGCCGCCCTAAAAACTCGATGTTCGGCTTGGCGATGGTTTTTAGGTAATCCATGTGCGTCCCATCGCCAATAATCACTAATTTTCGCTTTATTTTGTTGAACAGTTCCACTGCCAGATCGATCCGTTTAAAGGGGCTTAGGGTTGAAACGATTAAAAAGTAGTCGGCATGATCTTTGCGCGGAGTGAACCGCTTGATATTTACCGGCGGATAAATCAGCTCCGAAGGTTTTTTCCAATAATGGTGGATGCGTTTTTGAACATGTTGTGAGTTGGCCACCAGAACATCGGCTCGGTCTGACGCGTAAAAATCCCATACGCGCAATTGGGTTAGCATTCTTCCAACCAACCATTGCATCGGCCAGGAATAGTTTTTAAGTGTTTGGTGCGTGTAATCCCAGGCATAGCGCATGGGCGAATGAACATAGCAAATATGTTTTGTGTGTTTTCCGGGTTTTATGCCATGTGCAAATGCTGAGCTACTGGAAAGCACCAGATCGTATTGGTTTAACTGCAATGCCTCAATCGCCTTTGGCATTTTGGGCAGTAAGTACTTTGGACGTTTGAATGTTTCGTAGTTTTTTTGAAGGATGCTGGTGTGAATTTTTTTCCCTTCAAACCATTCTTTTGATTTTTCCGGATCGTTGAATAGAGTAAAAATAGGTGCATCCGGAAACATGTCGGTCCATGTTTTTACCACTCGCTCCGCGCCGCCTAATTTAATGAGCATCTCGTGCACGAGAGCGACATTCATATCGTTTGTTTTTAATCCAATTGTCAGTATACCTGTTCATTTATTATTTTAACAGGTAAACAAATGTTTACTAATATGGGTTTTTCATTTAATTTATTTTTTGTGTATGAGTAAATTATTTCGACATAAATATCGAATTCAATCAATTCGTTTGCCTGGTTATGATTATGCATCGCCGGGTTTTTATTTTGTAACGATTTGCACTGAAAATGATCTGAATCGCGTGCGTGAATATGTATGTCTTAATTCTTTAATGTGGCATCGAGATCGAAATAATTCTCATGGTAAATAAATAATTAGTTCGCTACAATAAACCCAAATATAAAAATCAATCCTTAGTTTTGGAAATCCTCATTATTGCTCTTTCACTGGCGGTGCTATACGTCGGCTGGTCATGGATACGTTCCATGCGGCTTTCGAGGCAAAACCGCACCATGGAATCGGTTTTAATGCGCGTGGCGGTTAGTAAAATTAATGAGAGAGGTCTCATTGTGGCCGAGCAGATCTTTGCTGCATTGCATGGTCTTGAGGATCATTATTCGTGGTGGGATGCTTTTGTGGGAAATCCTAAACCCCGATTTAGTTTAGAAATTGCCACTTTAAACAATGTGATTCAATTTTTTATTTGGTCGCCGCGACGCTTTAAGCATGTGATCGCCAGCCAGATTTATGCCCAGTATCCCGATGTTGAAATTGAGGAAGTGCCAGACTATTCGATGGCGGCCTTTGCCGTTTACGAAGTCGCTGCGCCTGCTGCTCCTGTTTTGAGTGAACCCGGGCTTATTCCAACCAATGCTCTTTCTTCGGTTGCTCCGGTTTTACATGCCCATAAAAATCCTGCTGCCCTCAAGCACGCGGTTACGGCCGAACTGCAATTCACCGATCCAGGGGTGTATCCGATCAAACGTTATGGCCAGTTTGAAGATAAATTAACTCGACTGGCTACCGAATCGCTTGCCGGAGTTACTGCGACTTTATCTCGTTTGAATGCGATGGATGAGCAAGCCTGGATTCAAATTACCATGGAGCCGCTAGGCGATTGGTGGCGCAAACGTGGGCTTAAGTGTTTAAAGGTGGTGAGCACAGGCTTGTTTGACAATGTGTTTTGGTTGAACAAATTGGCAACTAAAATCTATTTGGCACGTGGGTTTTGGTCGCGTTTCGCCTTAATGCCGGTGATGCTTTTGTTTTGGATTTTAAGAGGATTCCGTACTGCTGATTTGCCTTCTTCGAGCGCTTCCTTGAAAGAGGAGTTTAACCGAAATCATGATCGTGAAGATCCGCTTTCGGCAGCGGTAGATAAAGTGACGCGTCTAAGCTTTGATGTGAATGTGCGTCTGGTTTATTTGCCCCGACCTGAAAATCGCGACCTGGCTGAAGTAAAACTGAAAGAAATTGCCGGCAGCTTTCGACAGTTCAATTTGCCCAATATGAATGGGTTTAGTATCGCACGCATCAATCGCGCCAATGTATCGATTGTGAAACGTTTTCAGCAGCGCTTGGTGATTGACCCCATGCCCATGAGCATCGAAGAAGTGGCCACCCTTTACCACATGCCTTCCATGGGGGTGGGCACCCTGAATGTTTTTTGGGTCACTTCGCGCAAGCTGGAACCTCCTCACGATTTGCCTTTGGTTGGCACCGAACCCTCCCTTGATTTAACAACCTTGGGGGAAACTAATTTTCGTGGCGCTCGGCAAAAATTTGGCATTAAAACGGTTGATCGCCGTCGTCACATTTATATTATCGGTAAAACCGGAATGGGAAAATCGGTGCTGCTTGAAAACATGATTTTTTCTGATGTGCATTCGGGGCGCGGTTGTGCGGTGATTGATCCCCATGGGGATTTAGCCGATTCCGTTATACAGTTTATTCCAGCGCATCGGACGAATGATGTGGTGATATTAGACCCTTCCGATACCGCTTTTCCGTTTGCCTTCAACATGCTTGAAACCGGTTCCAATCCGGATGCACGCAACCTGATTGCTTCCGGGCTTTTGGGAGTGTTTAAAAAAATGTATGCCGATAGTTGGGGTCCGCGCTTGGAACACATCCTCAGAAATTGTTTGTTGGCGCTCGCCGAGTATCCCAATACCTCCATGCTTGGAATTATGAGAATCTTGGTGGATGACCATTATCGTAAACAGGTGGTTTCCAAAGTCAGCAATCCCACCGTCAAAAGCTTTTGGGAAGACGAGTTCGCTCAGATGAGTGATAAATTTCGAACAGAAGCCATTGCCCCCATTCAAAATAAAGTGGGTCAATTTCTGTCTTCTCCCACCATGCGGAATATTTTGGGGCAAGTGAAATCCACCGTGAATATTCGGTTTATGATGGACACCGGAAAAATTGTTATCGTTAACTTATCGAAAGGAAAGATTGGTGAGGATAATTCCAGTTTGCTCGGATCAATGCTGATTACAAAATTTCAACTGGATGCGATGAGCCGGGCCGACATTGCAGAAAATCAACGGAAAGACTTTTACTTGTATGTGGATGAGTTTCAAAACTTTGCGACCGACGCCTTTGCCACCATCCTTTCGGAAGCGCGTAAATATCGCTTAAATTTGGTGATGGCCAACCAATATGTGGCCCAAATGCCTGAAGAAGTTCGCGATGCGGTCTTTGGTAATGTGGGCACCATGGTTAGCTTTCAGGTTGGCTTTGATGACGCTGAGTATTTTTCGAATCAATATTCCGAAGAGGTGCTCCCCAATGACATTGTGGGGCTACCCAAATATCATTGTTACACAAAATTAATGATCGATGGTATGCCGAGCAAAACGTTTTCTATGTCCACTCTTCCTCCTCCAGAAATGGAATTAGAACCTGGACGAAGGGAAAAGGTGATTAAACTTTCCCGGGAACGCTATTCAACCCAACGCGAAGAAGTGGAAGACAAAATTAAACGTTGGGCCAGTTCAGGGGAAGATAAAAAAAAGAAATTGGAAGAAGGTGTAGAGCCTAAAAAAATTGATAAGCCTGCCTCGGAAAAACCTAAGCACTCTCATTAATATTCCTTAAAGGGCCCTGTTGCTCATTTGATTTCATGTATAACCATGTGATTGGAATTATCGGAGGAAAATCGGGTATGGGTAAATACTTTGTTGATTTTTTTGAGCGTCAAAACTTTTCGGTTTTAGTAAGTGATAAAGACACTAAACTTTCCAATATCCAGCTCGCAAAACAGGCCGATGTCGTTATTGTTGCGGTGCCCATTGGAGTAACGGAGGCAGTGATTTATGAGGTAGCTCCTCATGTAAAATCATCGGGCTTACTCATGGACATCACTTCGCTCAAAGTGTTTCCCATGAAGGCCATGAAATCCACTAGCGCTTCTTATTTGGGTTGCCACCCTATGTTCGGGCCAACCAATTCCATCGAAGGACAGACGGTGGTGCTTTGCAAAGGTAAAGGGGCAAAGTGGTATGGTTGGTGGAAACATCTGCTCCAAAAAAATCAGGTGGATGTGCGCGAGATGACGGCCGATAAGCACGATACGGTGATGGCTTATGTTCAGGTGCTGACTCACCTAAGTAATTTGGCACTTTCGGATGTGATTCGTAAGAGTGAGTTGCCCATTTCTGATCTGCTCGAAACCCACAGCCCGATTTATCGCTTGCGTTTGGATATGATGGGGCGCATTTTGCATCAAAATCCCGACTTATATGCCCAAATTCAACTTAAAAACCCAAAAAGCTTGCGGGTGATTGGGGATTATTTAAAGTCGGTTGAAGATTG
CP064978.1_gap8	236165	240865	4700	TATGGCGATATCGAAGTCGGAGCGTTTACGGAAACTTCACCACTCAAGCCCAGTTCCCCCTATTCCGCGTCGAAGGCGGCCGGTGATATGCTGGTGATGGCCGCCGTTCGAACGTATGGTCTCCCGGGGCTTATTTCTCGTTGCTCCAATAATTATGGACCCCATCAGTACCCCGAAAAACTGATTCCGTTCTTCGTTCAAAAACTACTAAAAGGCGAAACGGTGCCGATTTATGGCGATGGTTCCAATGTGCGCGATTGGTTGCATGTGGAAGACCATTGCCGGGCGGTTGATCTGATGTTACATCGGGGTAAAATTGGCGAAGTATACAACGTGGGGGCCCATAACGAACATACGAATTTGGAAATCACGCAACGACTTTTGCGCTTGCTCAATCTTCCTGAAGATCGAATTACCTTTGTAAAAGACCGGCCCGGTCATGATGTGCGTTATGCCATTGATTCTTCCAAACTTCAAAATGAACTCGGATGGAAGCCTACCGTTGATTTTGAGGCCGGTTTTGCCGAAACTATTAGCTTTTACCAGACTAACTTAGTTAAGAATTAAGAGTTAAGAATTAAAAATCCGAATCAATTATAATCAACTCCTAATTATTAACACCTAACTATTAACTTTTAAAATATGTGCGGAATATTTGGATACATCGGCCATCGTGAAAAAAGCATTCCTCTGGTTATTAAGGGCTTAAAAAAACTTGAATATCGAGGATACGATTCGTGGGGGATCGCTAGTTATATTGATGGTTCTTTGTTTTTACAAAAACAGGTAGGGAAAATCTCGGAGGTTAAATTGGCTGATTTTAATGACCAAAAAAGCTCACTTTCTATTGGCCATACCCGTTGGGCAACTCATGGCGGAGTGACTAAAAAAAATGCCCATCCACACGCCGATCCGGAAAAGCGAGTGGTTGTGGTTCACAATGGTATTATTGAAAATTATGAATCCATTCGTGATCACTTTGGCAAAGAAAACTTTGTTTCCGAAACCGATACCGAAGTGATCGCTCATTTAATTGGATCATTTCGAACTGCACATAATTTTCAGGAATCCGTACTCCGGGCTGTTCGCTTGTTAGAAGGGCGTTATTCGATTGTTGTGATCGATCGCGACACCAATCAGCTGATCGCCGCCCGACGTGGGTCTCCGCTGATTGTTGGAGTTGGAAAAGGAGAGTATTTTTTAGCCTCAGACATTCCTGCTTTTTTGGAATATACTCAGGAGGTTATGTACTTGGATGATGAAGAAATGGTCGTGATAGATGGCGATGCACTTTCGCAAAAACTTCAGGGTGAATTGAAATTTTTCAATATCAAAACCGGCGAACTTATTCTCAAGCGCTTAGTTAATATTGATTGGCAGGCAGAATCTGCCGAAAAAGGGGACTATGACCACTTTATGCTCAAAGAAATTATGGAACAAAAGGATACGATTTTAAGAGCTATCAATCAGGACGAAAAAGAAATTATGAAAATTGCGAAAGCGATTAAAGAGTCGCGTGGGTGTTTTCTTTCGGGATGTGGTACGGCTGGTAAGGTTTGTATGGCGGCGGAATATTTCTTCTCGATGATTGCCAGTCGTCATGTGAATTTTTCGCCCGCATCAGAGTTTCCTATTTATCACCACTTTTTAAGGCCCGAAAGCCTTTTGATTGTGGTTTCTCAAAGCGGTGAAACAGCCGATGTTCTGGAGGCAATGAAGGTTGCGAAAAGCAAAGGATCTAAAGTGCTTTCATTGGTCAATGTGCAAGGTTCCACTATTGCTCGCCAATCTGACTATTCGCTCCAAATCAATGCCGGACCTGAAAAAGCAGTGGCTTCCACCAAGGCGGCAACTTCACAACTGGCGCTTTTGCTTTTGATTACCTATGCCATGATTGATCAACTGCAAGAAGGGAGGCGTGTGCTTGCAGAAACTGCGAGTAAGGTCAATGACATGCTTAACGCGTTTTCTGAATTACATTAAAAAAGTGGCTGAGCAGATTAAAGACCATGAGAATACCTATATCATTGGAAAGGCAGAAAACTATCCAATGGCCTTAGAGGCGGCTATTAAAATTCAAGAAGTATCTTACGTGCATGCTGAAGGTTTTGCTGCCGGCGAATTGAAGCATGGTCCGATTGCACTCATCACCCAAGGGACTCCTTGTATTGCCTTGGTGGCCAATGATGAAGTAAAGTCGGATATTCTTAATAACTCAATCGAACTTAAGGCACGTGGAGCCTATATTATCGGCATTAGTCCGGAAAATCATTCTGTTTTTGATCATTGGATCAAAATGCCCGACGTAGGTGTGGCTTCGCCGATTGTTAATTTGATCCCGATTCAATTGCTTGCTTATTACCTGAGCGTCATTCGAGGGTTGAATCCTGATATGCCACGCAACTTGGCTAAGAGTGTAACCGTTAAGTAATCCAGGTAGTGGTTCATGTCGTTGATCACATTGTGGATTATGCGGTGAGCCAGATATTAGCAATTTGTGACCTTTAAATTATGATTATTAATTCAGCTATAAACGGGTATCCGGTTCTGATGATTGTTTGGAATCTATTCTTGGCGTTGGTGCCGGTTTGGATCGCCCTACACCTTGCTAAAAGGCTGAATAAAGTCACTTGGAAGTCAGCCAATGTTAGACAGCGTGTCTACTTTGTGGTTGGGTTTCTTGCTTGGTTCTTTTTCTTTCCTAACACGGCCTATTTATTTACCATCGTGCGACATTTGGTTGACTACTGCTTGGTTTATAATGAGTATCGTGTTTGCCCGCTTTACAGTTGGCAGCCGGTTTTCTTTTTTACCTACGCCGCTTTGGGGCTACCCACCTTTTGGGTGGCGATGAATCGCATGACTCATTTTTTGATGACTTTTTTTAAGGCCTCCGCACTACGATTTTTCCCCATCATCGTTATGCCGATTATGTCCTTAGGTGTTTTGATGGGTTTAATTCAGCGCTTTAATACTTGGGATTTAACGCATCGGCCTTTTTATATTATTCAAAAAAGCCTTATTTATATTACCGATGTGCGTTACCTCATTAATTGGATGTTGATTACTCTATTGTTTTGGGTAATCTATTTGGTCATGGATTTCTTAACCCAGCTCCATCGATGATACGTGTTCAACTCACGATTAGTGGCAAAGTTCAGAATGTTTTTTTCCGTGTTAACGCACAACAAAAAGCTCAACAGTTATTCATAAAAGGTTGGGTTGCGAACAATGCGGATGGTACGGTCACCATTGTTGCTGAAGGCGCCGAAAATCAAATCAATGACTTTATTGATTGGTGCCACAGTGGCCCTAGTACCGCCCATGTTCAAACAGTGCACGTTGATCCCATTCCTACATGAACGAATTCGATACGTTTGAAATTCGATATTAGGCTATTCGGTTAAGAACGTATTCGTATCGTATGCGAGCACTGTTATATCCCACGGTTGATTTTTAGTAATCGCTCTTACATTGCCTGTTTCAAATATCTCCCCCTTAAATACAATGTCCTTCATGTACTTATACTTTTTTGCGAGCACGCTGCTTCTTCGCGCTTGGGCTAAAAATTCTTTTTGATGCAGCACGTAATACACATAGGTTTCTGCAAATTCTTCGAACGGGTTGCTCATGCTATAGCCTGAAACAAAGTCTTCATTGGTAGCATTTCTTTTTCGTTCATGTTCGTTTTTCCAGCTGATGCGATAGAAATCTAGACTTGGGTCGCTTTCAAATACCGGAACATCAAAATCCATAAAATTGCTTTTTACACTCTGATCACGCTCTTTCATCAACCCTAAATCTACCAAATGACCCATTTCATGAATGAGCACTCCGATCAATTCTTGCTGACTCATTGCAACTCCCCGAATGATCATAACGTTTTTTCCACCAAATCCGCGATGTGCTTTTGGATTATAATCGATCACTAGATTTTTTAATTGATTAACGTGTTCTATTGGGAGCTGATTGAGCGCACTCTTGATGATTTGCCTTGGATCATCCGTATTTTGATTGAATGATTCCGATTGATTTTTTGCTGAAAAGTGAACCTGTGTACCCCCCTTTTCTTCAATGGCGGATGGGTAAACGTGCTCCACTTGAGTTCCGTTCAAGCTTCCTTGCCACCCGTACAAGGTAAACGCAAAGCTGATTGCCGCTAAAAATAAAGAGAGAGCTTTTTTCATCTATAGGGATGAATTAAGAATTATTGCTCTTTATTTTTGTTTTTGAATGATTCGTAAAATACCATATTTATTTTAATTTGTCAATTAAATAATGACGTGTGAAGGTTTCCACCCACGACGATCGACTTTTTTTGTTGTATCGTATCTCTGATCTTTTTTTACTTGTGAACTATGTCTACCGCCCGGAGAATTCTTGCCAACACCTTTGTTCAATTTGCCGGCAAACTCATTACGGCAGGGCTTTCTATTGTTGTTTTAAAGCTGATTACCGGTTATTTGGGGGCGAGTGGCTACGGCGATTATACGACGATCTATCAATTTTTAGCCTTTTTTGGCATTGCTGCTGATTTTGGAATTTATACGATTACGGTCAAGGAAATGTCTAAGCCGAATGCCAATATTCAGCGTATTTTAGGCAACGCCATGAGCTTAAGAACCGTGCTGATCATCATTACGATGGCTCTTGCATTGATCGCAGCTTTTTTGATTCCCAAATACCACGGCACACTCATA
CP064978.1_gap9	297946	301126	3180	TAAATGGGCCTCGTGTGGCGTTCTTTTCGGGGTCACCCGATACGAATGAGGGTGGGTTTGGGGATGTAGCTGATAGAGCGCACTTTCCTGTTTTGCAGATTCCAGCTGCACTTTCTGAAATGAGGAATTTTCTTACCTCTGCGTTAAAACAGAACACCCCGGAAACCGCACGGCCCGAAGTTGCTGCTTAGTTTTTTTTGTATCAACGAATATCTTTTGCCCATTTTTTTGCTTGTGATTTTATTACTAATTGACTGCCTCTTATGACCGAAGAAAAAGAGCTCCCCTCAATTCAGCTTGAACGTGTTTTGATTGTGGATGATAACGAGGAGGTTGTGCGATCGATTCGCGCAATGATTACGGAGCTTTTTCCTGGTGCCACCATTCAAATGGCAACGACTATTCCAGAAGCACGTCGTATTTTGGGTTATCAAGAAGCCGACTCATCTGCGGAGCCCACCGCAGTACTCCCTTTTGGCTTGGTTGTGTGTGATGTGGATAATAAGGGGGGCAAAAGTTGGCTTACGATTATGCGCGAGGTTCAACAAAGAAAACTTGGTGTACTTTTACCAATGAGTGGAGGGGTTGGTGATGATCAAGAAACGGCTGCTGCCCTTGCTGATGGGCATATTTTGTCAAAGCCCGTTCTTGAATCCCGCGACTTGATGGACGCGATTCAGGCGCGATTTGAGGGTCCGAAAGAAAAAGGCGCATCGATGGATCGTTTAAAAAAGAGGCTTGAAGCCGCTAAAAAAATGATTCTATTTTTTGATACATGGATGAAAAAACTTGGTGAGGATCATGCCTCAACTTCTATTGATGAAACTGCGGATCAAGAGGCCTTGGCCATTGTAATTAAAGCACAAGGAGCAAAATTTATTACTACCGTTCGTACTTTTCTTTCGCAGGTTAGCCCGGATGGTTTAGATGACCAGTCAAAGGATGATCTTAGTGCTATTCAGAATAACCTGGAGCGTCTTGCTTCCGAGCTTTCCGCCACGTTTATTAATTTGCATGACATTAATAATATTATCGGTGGAATTGGAATTACTTTAGAATTTTTGCAGGAAGCGGGGCATGTTTCTTTTTCTGCTTAATTAACTCGCCTGTTTGCGCTATACTCCACAGCGGTTTTTAACAAATAAAAATTTATGTACGACCCTTCTAAAATTGAGCGCAAATGGCAGGATTTTTGGCACAAAAATCAAACTTTTAAAGCGGAGTTTCGCACCGACAAAGAAAAATACTACGTGCTCGATATGTTTCCTTACCCCAGTGGGGCAGGGCTGCACGTGGGGCATCCCGAAGGGTACACCGCGACCGATATTGTGAGTCGATACAAGCGCATGTTGGGGTTTAATGTCCTTCATCCCATGGGGTGGGATGCCTTTGGGCTTCCGGCTGAAAATTATGCGATCAAAACTCAGGTTCACCCCAAAGAAACCACCGACAAGGCGATTGAAAATTTTGGAAAGCAGATTCGTTCGATCGGGTTTAGTTATGACTGGGATCGTGAAATTGCCACCTGTAAACCGGATTACTACCGTTGGACCCAATGGTTCTTTCATTTTTTATACTCAAAAAATCTTGCTTACAAAAAGAAAGCACCGGTGAACTGGTGTGAAACCTGTAAAACGGTTTTGGCGAATGAACAGGTGATCGATGGTATGTGTGAACGTTCGAAAGACCCGGTGATTCAAAAAGATTTGGCTCAATGGTTTTTTAAGATCACGGATTTTATTGAAGACACTCAAAACGACGGCCGCACCACCGACGGACTCTTAACCGGGCTTAAAAAGATTGATTGGCCGAATGGAACGGTTGCCGCGCAAGAAAATTGGATTGGGAAGAGTGAAGGGTTACTTTTTACTGCTCCAATCAAAGACACCGATTTAACTTTGCAAACGTTTTCGGCCCATTTCGAATCGTTTTATGCCGATACTTTTGTGGTGATTGCTCCCGATCACCCCTTTTTGGAAACGTTGCTTGATGGCGTTGATAATAAGCAGGAGATTTTAGATTTTTGTCAGCAGATTCTTAAAGAACGTGTTGAACGCGGAAACGAAGAGGAAAAGGAACCAAAAGGTATTTTTACCGGTCGTTCTATTGTTGATCCGATCGGGAATGGTGATTTGCCTATTTGGGTGGCTAGTTTTGCTTTGGCTGATTACGGAACTGGGATTGTAAAGTGCTCGGCTCACGATGAGCGTGATTTTGCCTTTGCTAAAAAATACAACATTCCGTTGAAGTCTGTTTTGTTTCCCGAAGACCCCGATCAAGCCAAACAAGTGAAGGACTTGGAAATTTGCTACACCGACATGCAAAATGGGTTTTTGACCGAGCCGGCTGAATTTGCAGGAAAGCGCGCGGGGGATCATCGCCACGATATTATTGAGTTTGCTCAAAAGAAAGGGTTTGCGATTCCAAAAACTCAGTACAAACTTCGCGATTGGCTGGTGTCTCGTCAGCGGTATTGGGGGGCGCCGATTCCGATTGTGTATGATGATGAGAATCAGCCTTATCTGGTTCCGATCGACGAACTGCCAGTGGAACTGCCTGACGATGTGGATTTTAATCCAACCGGTGAATCGCCCTTGGTGCATTCCAAACAGTTTCACAATCCCGAAGCTTTAAAACGAATTGAAACTAAGTTGAAGGCGTCGGGAGCACTGGCTGCGGAACGAACCATTATTCGGGGGGAAGTGGATACGATGGATACGTTTGTGTGCAGTTCGTGGTACATGTTCCGGTTTGCGGATCCACAAAATGACGAAGTGTTGGCCGATAAAGAATTGATGCGCCACTGGATGCCGGTGGATTTGTACGTGGGGGCGCCGAGCACACGGTGCTACACCTTTTGTACTCTCGCTTTTTACGAAAGTTTTGCATCGCTATGGCTATATCGACTTTGACGAACCATTTACTAAATTGCGCCATCAAGGAATGATTTTGGGTGAAGATAGCGAAAAAATGAGTAAATCGCGCGGGAATGTGATCAATCCCGATGATGTGATTCGCCAATACGGGGCCGATACACTCCGGCTTTATGAAATGCTTATGGGGCCTTTTGAAGCCATGAAGCCCTGGAGCACCAAAAGCATTGAAGGGTGTTTTCGGTTTGTTCAAAAGGTGTGGCGTTTGATTGAAGAAAAGGAGATTGTCGATACCGCGCCTTCTGTT
CP064978.1_gap10	330354	332142	1788	TCGATTATCTTACGCTTGATGATTCCTTGATTGATATTCGTTCTAAGCGTTCTTTCGAAACTCCGTTGAAAGAGCTTACGTTGCGCCAGCGTCAATTGGTTAAATGGATCGGCATTCTGCTGGTTCCGATGGCTGTGGTTGCGTATGGCACTTTTCGTTTTATTCGTCGCCGTGCCCTTACTCAACATCGTTAATTTTAGACTCATGAACTTTTTCTTCAATGCCAGCGGGCTTAAAAAATTATTAATGATTTTCAGTTTTTTGGCGTTTTTATATTTTTTAGAAACTGCTGTGCAACAGGTGCGCATGAATGCCTCAGATCCTTCGCTGTTTTCCAATGTTCCTTTCGACTCAGTTCAGTCCATTAATATTTCTCAATCGGGTGCATCGGTGCGCTTGGTGTATCAAGAAGGACAGTGGTTTGTTTTGGCAGATCAATCGTTTGTGGCAGACCAAAGACGTATTCGGGACTTTTTCTCTGCGCTTACCGATGCGACTGAATTAAAGTTAGTTTCAGAAAATCCTCAACGTCAGCAGGTGTTTAAGGTCGATGCCGACGCAGGTATTCATGTTGAAATGCAGACCCAACAAAATGATAAGGTGGCTGACTTTTACATTGGTTCTTCCGGCCGTGGACAACAGTATTACTTCCGTTTTGCCGATTCGGATTTAGTTCAATTGGTTCAGGCCAATGTGTCCGATTATTTAATTGGAAATGCGCAAAGTTGGCGTGATCACACCATCGCCACCGTTCAGGAGGCCACGCTTAAACGCGTTGCTTTGGATGACTCCAACGGGCAGCGTGTTCTTGAAAAACAAGGAGATGATTGGATGATCTTACTTCTTTCACCTCGAAAAGCTGAAGATTTGGCCATGCGCACACTTTTAAGCCGGCTTGAATTGCTAAAAGCCGACGGTTTTGCGAGTAGTCGAGAGGCTGTTGAAAGCGATTTTGAGCACCCTGATTACCGTCTTGCATTTCGTTTTAAGGATGATTCCTTAAAGCAATTTTCACTCGTGGCAGCCAGTGATCATTCACGGTATTACCTCAAAAGCAGCGAAACCGACTTAATTTATTGGGTTTCCAATTCATTTGTTGACTCTATTTTTAAATTGGACCTTTAATCTCGACTGAGATTGGTGGCCACATCGGTCACATCGGGGTCTTCTTCGATCGCATCGATAAAGTCCGATATTTTTTGCATTTGCTCTTCGGTTTCCAAGTGAATCGGTTCGTTTGGAATGAGTAGGACTTCGGCTTTTTCCGATTCAATTCCTGCCGTCATTAAGGCTTCGTTCACCGTATTTAACGCCCCGGGCTCGGTAATAATTTCCAGAGTCTCTTCCCAATCTTTTATGTCTTCTGCTCCCGCTTCAATGGCGGCTAGTTCTACAGCGTCTTTGGATCGATTTTCCAATTTGATTTCAATCACACCTTTACGCTGAAACATCCAAGACACACTCCCACTTGCCCCCAAATTTCCTCCTTTTTTGTTGAACAAGGTTCGTATGTTGGTGTAGGTTCTGTTTTTGTTATCTGTTAGCGCCTCTACGATCACTGCCACCCCTTCCGGTCCATAGCCCTCATAGGAGACTTCAAAAAGCTCAACGCCGTCTTTGGATTCACCGGTACCATTTTTAACCGCCTTTTCAATATTGGAATTGGGTACGTTGGCCTTTTTTGCATTATCGATTGCCAAGCGAAGGCTGGGATTGGTTGTCGGGTCGCCCCCTCTTCGGGCTGCGATAGTAATGAGATGGGCGTGACGTGTAAAAATTTTCCCACGC
CP064978.1_gap11	345572	347496	1924	GCGGGGTTGTTGGGGGAATCAGCAACGGAATGGACATTATTTTTCGCGTTGCCTTTAAGCCTACCGCTACGATTTTTAAAAAACAAAACACCATTGATGCCGCCGGTCAAAATACTACACTTCAAATGTCCGGCCGTCATGATGCATGTGTTTTGCCGCGAGCAGTCCACATTGTAGAGGCAATGGCCGCTTTGGTGGTGATGGACGAATATTTGCTCCAAAAAACGGTCCGCTAACTTTTTATTATTTTATTTTTTCTATGAACTTTTTTGAACATTTTGATTGGTCGTTTCGATCGATCGCAAAATTATAGGCCTGGTTTTACTGGCATTGGTGGTTGGTACTTTAGCTATTTCTTTAATTTCTTTTTCCATCCGTACGCTTTTTTCGGGGGGCTACAATCAAAGTTCGTCATTGGCTATGCAGCGTGACTACAATTCGATGGGGTATGCTGAGTCGCCCTCTAAAATGCTCGATAGCTACATGGTTCCACCGAGCTTTCCTTAATATGGCGCAGGTGATCAAGCCGAAGCGTTGGAGGTGAAAAGTTATGACGCTACGATTCGAACCAGTCGCCTAAAGACGGTGTGCGATGATTTGGCTCAGCTGAAAGCGCGTGAAGATATTATTTTTGAAAATTCAGCCGTGAACGACGATCAATGTTCATTCCGATTCAAAGTGAAAAAGGAAAATGCTTTAGAGGTCGTTCAGATCATCGAAGCGCTCCAGCCGGACTATTTTAACACCAGCATCCAAAGCATTCAGTCTTCGGTTGAGTTTTATGATAAGCAACTCGAAATTTCCCAAAAAAAGCTGGCCTCGATCGAAGAAACGCTTGCCGATGCCTTGAAGGCGTATGATGATGTTAATCGCCTAGCTGTGCAAAAGCAGGATGTGGAAAGCTTAGCCACCATCATCAATAACAAATTGGGATTGATTGAACGCATGAGCCAGGAGCGAATCAACGTGCAGCAGCAGATCGATTCGTATCAACAACAAAAAGCCGATCAATTGGATCGTTTGCAGTATCAGTTTTTTAATGTGAATGTGTATAAAGATGTTTTGTTTGACTGGCAACAAATCAAGGATAGTTGGAACCAGGAAGTGAAGTCGTTCGTCTTTAATTTTAATCAAATCATTCAGCAATTGTCGGTCGGTTTAGTGACCTATTTGCTTCGCTTTGTTCAAGCGATGATTTATTTGTTCCTTTCACTCTTTTTGATAAAAATGGTCTGGATGGGTATCAAGCGTGTGTGGCGTGGTCATTCGATGCAGCGATGATTGATTTTGACGCGATCCAGAAAACACTGAATCAATCGTTTGCGATTTATCGCGATTCACATCAGGGGGCACTTCCGTTTACGGATGCCCTCTTTTGCGCACAGGATGTCATTCGCAATCGTGCCTTTTTTCAGGCCATTCAAATTGCAGTGACGGACTTAAAGTTCCAATTTCATTCGGTATATGTGATCGATGCGGGTTGCGGCACCGGTTTACTCGGTCTTTATGCGCTTTTAAGCGGGGCTGATCAGTGTGTTTTTATTGATAATAATCCCGATGCAATTGCGTTCACTCGTTTAATTTTGACCCAGTTTCAGCTAATGGATCGGGCAACGATTGTGTTGGGGGATGCTAAACTGTATCAGCCCTCCCACCCATTTCATTTGCTCATTTCGGAAACGATTGTTTCGGGTTTTGTAGAAGAGGACTTTTTGCCGATTATTACCCATTTAAAAACATACCTCGAACCTGAAGGGCTAGTCATTCCTCAGGCCTTTCAAGTTAAAATTACCGAGCGGCCTTCGGGCAGTGCTCATTCAATTTCTCTGGAGTCCAAAACAATCCCTACGGATTTTTCCGTCTTGCCTTCCGATTCGACTGTTGAAGTGATTGAGTTAGCGATGGACACACAATTATATGGCGC
CP064978.1_gap12	501556	502184	628	GGACTTTGTGAATTATCTTGATTTAGCCGAAGAGGCCGGTGAAAACCCCGCAGCCAAGTTTGAACTCGAAGACCGCGAAGGGGTGTTTGTTTCGACCATTCATGGGTCTAAAGGGCTCGAATTTGACACGGTGTTTGTGCCCCATTTAACCAACGATGCGTTCCCGGCGCGTGATCGCCAGGATGCGATTTCGATTCCCGATGAACTGATTCAAGAAATGACCTCGAATGAATCGGATTCCAGCACCACGCATTTGCAAGAAGAGCGCCGGTTGTTTTACGTTGCCGTCACTCGTGCCAAAGAAAAGCTTTATTTAAGCTACAGCGATTATTACAACCCCAGTAGCGCCAAAGCTCCGCGCAAAAAAAAGTTGACCCGGTTTGTAGAAGAAATCCTGGACGACGTTCATTTGCTTAAAACCGAAAAAACCACCGAGGGTGTTGAGCGATTTTTAAAGCCAAAAAAAGCCATTCAGCCAGAATCACTTTCTGCGGAAAAGCCCGCTGTGACTCAGTTTAGCTACTCTCAGCTCCAAACCTTCGCCGACTGCCCTCGCAAATATCAGTATCAGTATTTATACAAACTTCCCCAGCCATTTACCGGAGCACTTAGTTTTGGGTCCACCATG
CP064978.1_gap13	561391	564869	3478	CAAGCATTGCCCATCGCCGTTCGTTTCTATTTGGACTCGCTACATAATCCGCGCCAGTAACAGCCTCAGAAGCAGCTATAAGACCCTTTTTTTTGTGGCCTGCATCCGCTGGGACATGATACCCAGCCGCTTTTACAGCTCGTACAATTTCAACAGCTTTTGCCCATTGACCCGATTCTTGAGCCATGGCATCGGGATGGAATAAAAGTTTTAGTTCACCTCTGTCATTCCATCTTGCATTTACAATTTCTTGACTTCTTTGACGGATGGCAAGCTCACCATTTTCGTATACTCCAACTAAGCAAGCCCCTTTACCTGCTTTATCGCCTGTTAGTTGCGATAATTCTACAGCCTTTTTCAACAGGGCTGTTTCATTAGCCAGCAATCTTCCTTGAACGGCTTCCCATGATTGTCCAGCAGTTTTGTCTTGTTTTAATGACGCTTGATATGCGTCTTCATCAGCATTATCATCAATCTGAACAATTCCACGATCAAAATCTTGTCTCATTGATTCAAGACAAGCTTTTTCTACATCATTTAGTTTTTCCAAAGTCTCGCTATTAGCTGGCGCTACGGGTTCTTCTATCACTTCATCAGAATTTTCAGTTCCACTAAAACCTGTTAATTTAGCAGCCTCCCTTCTAACAGCCGCGACCATTGCGTCACGGTCATCTTCTTTACGTAGTGGTAGGGCTTCTTTGCCCAAATCGTCAACAGTAACATCAGGAGTATTCGCCAATCTTACCAAAACACCTCTTGCATCTTCTTCAAGGGTTTTCCTTTCTGTACGCCGATCTTCAACAGTCATTGTTCTTGTAAATTGTTTCATGGTTATTTTGCTATATTAAAATTATGGGGGCACTATAACTACACAAGCCTGATTTGTCAACTTAAAATTTAGGAAGATTATAGATTTTAGATTCAAGATTTTAGATTGTAGATTTAAGATCAGGGTGTGGGTAACTAAGTTTTATGATTATTCAACTCATTCGCAGTGAGCCGATTTCTAAGCATCGCTTAGCTGAGCTTGCTAAAAACACATTCGGAGACATGATCAAGGCTGTGGTTGATGTTGAGCGTGAATTGATGGCGGTTGATATGGAGCTTCATGCAGATGGGGAAATGTACTTGATTGAAAATGGCTCAGAGCAAGCGAATCTTTGGGGGATTAATTTGCACCCCGGCCAATCCGATGAGCATTTCGTAGAGTTTGATTCTTTAATTAATATGAGACCCTTTCAGGGTAATCGGTCGCGTGGAGTTGAGGATAAAGACACTCAAGAACAAATCATTAAGCTTGTTAACACATTAGTTACGAATGATTAAGTTGAAACATAAAGATTTGGCCGCTGGGCGGTGGCAAACTCTTGGTTTGATCGATCAGTTGGCACATATTGGCAGTGAGGTTGGTCGAACTGCTAAGTGGCAAAATGTAGATCAAGAGCGCGCTGATCAAGCATTTGAACGCGCTTTAGAATTATTTTACTTAATCATTGCAGACCCTCGTTGGAAAAAACGATTAAAAGAGATTGTTCGTGCCAAAGAGCTGTTTTGTGGGGCTTATCTCAATCATCCACAGTTCAATACAACGCTACAGGATTTAGATCGATATTTTATGCAGTTTGCATTAATGCGAAATAGTCGTCGCTAACTTTTAATTATTTCCCCTTCTTTTACTTTATAGATGATTTTTTCCCCTTCTACCACGTCTAAAAATGCTTCGTGGGTGGTGGTGATGAAGGTTTGAATGCCTGCAATTTCTTTAAAAAGAATGCGCTGACGGGCGTCATCCAGTTCCGAGAAAACGTCGTCGAGCAACAGCACGGGTGTTTCGCCCGTTTGAGCTTTGATCAGATCGATTTCGGCAAATTTAAGCGTAAGCATTGCGCTACGCCATTCCCCCGCGATGCAAACGAGGCCATGTTTTTTCCCTGACAACTGAACTCCAGGTCATCGCGGTGAGGGCCTTTTTCGGTAAAGCCCGTTTGCAGATCGCGCAGCCGGTTTTGGGTCAAAAGTTCGTAGTAGTCGTTCTCCTTTATGTTGGCAGGGACGCTGGGAAGGTATTGCAAACAAAAATGCTCGCTGCGCTCCGAAAGCACCCGATATCGCTCTAAAATTCCTTGATTAAGCGCTTGGATTCCGTCGACCCGCTTGGCGATCAACGTGGAGCCTAGCTGAGCCAAAGCTTGATCCCAAAAGTCCAATTCGTGCAGCTGTTTGGGCGAGGCTCCTCCTTTTTCGATCGATAGACGTTTTAGTAATGCGTTTCGTTGTTTCAGCACGGCTGCGTAGCGGAGTGAATCTTCCAGGTAGGCGGGATCCAATTGCGAAAGCAACACATCCAAATATCGGCGACGGTTGGCCGGGGCTCCTTGAATTAAATTGATGTCATCCGGCGAAAAAAACACTACTTTCAGGTGGCCGATGTATTCGACCGCTTTTTTAATGATCCCCTGCCTTTTTAAGGTTTTTTTGATCGGACCTTTGGTGACAATCAACTCAAAAAAATCAACCTCATGCCCGTTTTCTACGTACGTTTCCAATCTGCAAAATGTTTCATCAAACCCAATGAAATCTTCATTTTCGTGGGTACGAAATGACTTGGAAATTCCCAATAAATAGATTGCTTCGAGCAGATTGGTTTTTCCATGTCCGTTTGGGCCTACGAACGCGTATGTGGTTACGGCAGGATCCCATTCCAGTTGTACGGGTTTTAGATTTCTAAACCCGGTGATTTTTAAGTTTTTTAATCTCAAAGGGGTTGCACGCTATTGGTTGATTATTGCAGGGGTGGCTGGGCAATCAATGACACAACTTAAGACTTTTAACTCACACCATTCTATGGTATAATATTAAGATTTACTTCAAAAAATAAACAACACAATGGCATTCAAAGTAAAAAAAATCAGAAAGCGTCCTCATTATAGAGCAAAAAAAGCTCCCGAGAAGTCAAAAGCACCGATGCCGTGGTATCAAGTGGTTGCGTTGGTGGTGTTTACCTTTGGGTTGATGGGGCTTGTGTATCAGGCCGAGCAATTTGGAGTATGGTTTAAGGCTAGTGTTCTTCAGGCTCCTTTGCCGTTCGACGGAACCGTTATGCCGGTGGAAAAAGTGCCCAATTGGGTGACCTGGGGGGGCGATGCCGATACCCATTATGCGGATATTCCGCCTCGCAATTAATTGATTTACCTCCTTACGACCTGAACGCGATGAGCGTTCCGATTGAAGATTTGGTTTGGGGTGATCCCGATTCGGATCGGATTCGGAATATTAAAATTACCTATGCCGTGGTGTATTTAGGTCGATACGATCTTACCAGTGAAGAAGAGGTGGGTAGCCATTTGGCGGTGGATATTAAAATACCCCTTGGCACTCCCTTGCGCTCGATCGCCAATGGACGCGTGAGTAAAATTTCTTTGGGAAGCGCCGGCTTTGGGCATCATGTTGTGATTGAACACCCCAATGTGCCCGACCC
CP064978.1_gap14	741798	743069	1271	TTTTTTCCATAATTTTGTGAATTAAATTTGGCGGCATTTTGCTGCCAAGTCGCAAAGCGCCTGTCGACCTCTAACGTTTTTTCAAGTTCCCAGCGCTGCTTCGTGCCCGACTTATTTTTCTCAGTCCAGTAGTTGTAAAATTTTTTGGCGTTCGTCGTTTTCGTTCAATTGTTCGTCTTCAATTTTTTTGAAAAACTTTCTTGCCTTTTGGGCGGGTGAAATTTCGCCAGAAATTTCTGCACCCTCTTCTTCCTCTCCTATACTTTTCTTCTCTTTACTATCCTTTACTTTACTTTGTGGTGTTTCGGCGGACGGTAATCCTTTCAGCGCGGGTTTCTGCTTACATTTAATCGATAAATGTTTGCACAAATCCTGTTTCGTCATGCACTTTCTTTTTCGTCTCTCGTAGACGCTTTGCAGGTTGTTGACGAAGTTCTCGCTGAAGATGATCCTTTGCGCCCACATGTCGGTATCAAAAGTTCCGAGCGTGGTTAGCAGCTCCATGATTTCTTCCGCCTTATCTCGGCTCACCTTGGTTATTGCGAGCAGATACTCGTAGTCGGCGGGTTTTCTGCAGTCAATAAAGTGGTTTTCGGTCTTGCCCAATATTTCCAAAATTTTGAACAGAAAAGCATAGCCATCGTTTCCAAAACGCTGCTCAACCGTAAACAGCGTTTTACCGCTGTTCACATAGTGAGGAAAATAATCGACTGTGTTCTTTTCTGGTCTCGCCATAGGTTAAATAATTAATTTTTCGATGATATATTCCACTACGGAAACGGTGACTGCGTTTCCCAGTGTTTTGTATCTCTGTGCATTTGAGATTTTAATTTTCACTCCGTTTTCTCCAATTCCGAATTCCGTCCACCCGTCAGGGAATGACTGAAGTCTCTCGCACTCAAGAGGAGTGAGACGACGAATGCTGTGTCCAGTAACGCCCAGTTCGGGAACGCGTCCGCTTCTTAAACAGCCTCTATTGTCGCGTCCGTCTCGTAAAATAAGTTCTTTCACCATCGGTTCATGCCCGTGACTTTGGGCTTTTAGCGTCAGACTAATATCCATTTCGACTGGTGACTTATTTTTATGACCGTAATGAGCCAGTATTTTGGGTTGTCTCATGCCACCCTGCATTGTATTGAGAGTCGGGGAAATTCCTTCAGAGCTGTAAACGCGGTCGTTTGAATGTTTTGGATTGTTGATCTGATTAATTCCATGACGATCCTGTGACGTAAGCGTAAACGCAACATCTCCATCATTTTTGAAACGCCTGC
CP064978.1_gap15	744707	747405	2698	CTCATAGATGGGCTGATCAAGTTCAAGAACCTCGATGATGGCTTGCGGTGTGAACCGTTCCAAATCGAGTTCCTCTTCTTTGCCGTCAATTATCGCAGTAGCTTGTACTGGTTTTTCTTGTCCGATCGCGTAGGCAATGAAGACAGTAACTTCTTTGGCATTTCTTTCTTTGAGGAGTCTCACGGCTTCTTGTCGGGCTTTATAGGCGCCTGAGCGGTCAACTTTCGTTGCGTCTTTGCCCGAGAAGGCTCCGCCGCCCACAGGCACGCGGCTTCCGTAGGCATCGACCACTATTTTTCTTCCCGTCAGTCCCGTGTCGGCCTCAAATCCGCCCTTATCCCAATCGCCAGCGGAGTTCATCGTGATTTGCGCGTTTTTCACGAAGGTGATCTTTTCTTTCTCGACCCAGAGCATGATTTCTTTGTAGAGCTTGGCTGATGTGATGTTTCGCCATGAGGCAATTATCACGGCCACCTTGCCGTCTTCACCCATGGTGATCTGGGTTTTGCCGTCATCGGGATGAAGCTCGTACAGGTGTTTGCAAAGGCTTCGGGCTAGGGTATTGCTCTTGTGGAATGAGCGCTTCGTTTTCATTGCAGGCATAGCCGACCATGATGCCTTGGTCGCCAGCTCCGCCTTGATCGACGCCTTGCGCGATCTCCGGGCGATTGGTTTACGAGATGGATATTGCATTCGAGATTGCCAGCGATTCTGCGGACAATTTCCCGAATGTTTGGTTTTTGCGTTTGATGTTACTTCGCCCATCACTTGGATGAGCTCATGCCACCCATGACCTCGATGGCACAACGTGCGTTCTTGTCTTCTTTGAGATACGCGTCGAGAATTGCGTCCGAGATTCGGTCGCACATTTTGTCGGGGTGCATTGGGCTGACGCTTTCAGCGGTTCGTAGCATAGTTTTAAGAGTTAGATTTATAGGGATTGTTTTCTTTGAGGCGTTCGTACTCGGTGAGCACATCTTTGGCGGCCTCGGGATCATTCACTTCGAGCCAAAGCAGATTCGAGACGATGTCGTGCTTGATGTCTCTGTCCCAGATTTTTTCGATCTCTTCGTCCGTATATCCTTTTTGGCTCAGGTAGTTGTAATCCTCTTCGTCGTAGTAGCGGTGGGTATAGACGCTGCGCGGATGTTTGCTCTCGGCTTTCTTGAGCAACATTTCGCGGGCTTCCATGGCCATTTCGCGCCGAGGGTAGGCATGCGAGAATATTCCGTTGATGAGTGTCACAAAGTTGCCGTGCTCATCCTTTTCTTGGATTGCCCACCAACGTTCTTTCTTGCCGTTGTTGCTTGCCTCGACGGGGCGAATATGAAGTTTTTTCATAGTAGGATTGGTTAATTATTGTTATCCTGCTAAGGCAGGTGATTTCTTCATCTGCTTCACGGAAACTTCCTGCGCTTTAGTCGGTTCGGGAAGTTTCTTTAGTTCAGCGATTTTTTCCTCGCAGCGCTTGATGAAGTCCTTGGCTTCCTTTTCGGTCAGTTCGGTTGAGCTTTCCTTGTTGTAGTTTTTGAGGAAGGTCAGCTTGCGCGTCGCTTCGGATTTCTCGGGCGAGAATTTCAGTTCGCCCGTATCGGTGCGTTCGTCTGGGTATTTCTCGATGTACAAGTCCCAGAGTTCGCCCCATGCGGCAAAAAGCGCTTCACCCGTTTTCGGTTGGATGCGCTTTTCTTCTTTAGGTTGAGGTAATGGTTTGGCTGGTTCTTCCCATGCTTCGGTTTCGTCGTAGGTTCCGCGAAGAGTTGCTGGAAGGCCATGCGGAGTCCTTGAGCTTCGGCCACCTTCTTGATCATGGTTGCTGGTTTGCCGATCCAGAGGCTTTTGCCCGTGGTGTATTCCTTGATGTCGACGAAGTTGAACATCGTCTTGGTGGAGCTTTTTCGCTTCACCACGCAGTAGGCGCCGACCAGCGCTCCGCGATCTTTGCCCGAATAGGTATGGCGAACCTCGCCGTCTTCGATTTTGAAGTCGTCGTTTTGGTAGACCGCGTCCGCCAAGTGGTAGTCGTAGTCTGGATTCGACTGGGCTGCCTTGCGGTAACCGTCGCGGCCGATAAAGATTTGAGCTGGGTTTGTGCCGTATTTCACCGCCCAGATTTCCCGCAAGAAGGGGTTCAGGTGTGTGGCTTGGCCTATCTGGACGAGGATTGAGAATTCCGAATCCGTCAGGTCTTTGCCGTAGATTTTTTTGACTTCAGCGAGCTTGTTCTGTTCTTGCCAGATAGACGCTGCGTCCTGTGCCGATATGGCTAATGCTTTTGTCATAAGATTGGTGATTAAATTATTTAAGTAGCTTGTTCTTGTAGGCTTTGCGCCTTCGTCTTCGGATGCGTGCCAGCCTGATCTTCATAAAAAATCGGTGCACGCTTTCCTGCGTCGGCAGGTCTGTTCGCCGTCCCGTCAGCTCCGCCCATATGCAGACCGCGAGTTCTATGATGCAGAGCGAGAGGGCGAATCCGCTGATGAGGATGAGCATGACTGTCAGCTGGAACCACCATTCGTCTGAGAAAACTTGGATTTGCATATGATTTAAGAGTTAATGGGCTGCGGAGCAGACTCTCCGCCGCTCACACATAATGCTTTGTTAAGGAGGCCTTTCGACTCTAAGTCGGCCTTTACCTCTTGAAGGACTGGTATTAAATCCATGAAGAACCCGATAATCTCCTCTTCTTGAGGAGTCC
CP064978.1_gap16	764770	766867	2097	ATCTTGATTCCGATGGGGATGGAATTAGTGATGCCGTTGAGGGTCTGATCGATTCGGATAATGATGGAACTCCCAACTACATCGATTTTGATAGTGATGGAGATGGTATTTCGGATTACATTGAAACGGCGGCGGACACCGATAACGACCTTATTTCCAACTACCTTGACCTTGATTCCGACGCCGACGGGCTTTCGGACCAAAGTGAAGGTTCGGCTGACGTGGATAATGATGGCCTTGGTAATTTTAGAGACACCGATAGCGATGGTGACACACTTTCTGACACACAAGAAGCAACGGTTTATTTTACCAATCCTTACTTGGCTGATACCGATAGTGACAGTGCCAATGATGATGTGGAAATCAGTTCCGGAACCGATCCGTTGGACAATGCCAGCTTTCCGGTTGGGTTTGTGGACACCGATGGCGATGGAATTTTGGATAGCACCGAAGGATCGGGTGATTTTGATGGAGACGGGATTTCAAACTTTCAAGATTTAGACAGCGATAACGACGGTATTCCCGATAGCACCGAAGGGTCGGGTGATTTTGATGGCGATCTGCTACGTAACTTTTTAGACAATGACAGTGACGGAGACTGCATTTTTGATGTGATCGAAGTGCGCTTTACCAATGCAACCGGACTTGGCCGCATCAATGGCTTTGTGGACGCGAACTCCAATGGGTACCACGATCCCCTTGAAACAACTCCTGTGTTGATTTTCAATACGATTCGTAGCAACAACCCCGATTATCTAAATACCGATAGTGATGGAGATGGTATTTTGGATTCTGTGGAAACCGCCGCCGATAGCGACGGGGACGGCGATCCTAATTACATTGATTTTGATAGCGATAACGATGGTCTAAGTGATTATCAAGAGGGCCTTAGTAATCCCGATGGCGACCTTCTTCCAAGTTACCTTGATTTAAACAGCGATGGGGTGGGTGCTTTGGACGGCGCCGGTCTGGTGAACAGTTGCCAACCTTCCTCTAATTTTCAAAGCAATCCCGGGCCAACTTATTACTTTTGTGATTGTGCTTCGGGGAGCGATAGCGACTGCCAACCCGGTAGCAACTCGATCACCACCAGCACCAACCCACTTGCACCGGCTCGCACCTTTGCCAACGCGATGTCACAATTCAATGTAATGACTCCCGGCAGCACCGTGGCTCTTTGCCGCGGAGGAGCCTTCAACACCAATACCGCGCGTATGTTCAACCAAACCTGTACCGCTGGTAATCGTTGTCAGCTCACCGACTATGTGCCTTCATGGGCATCCGGAGACGAAGCGCGTCCTTTGATCAATGCCTCTGGAAACGGCCTCGACTTTACCGACGGAGGTAATTCGGATCAGGATGGTGGCTATTTGGTCACCAACTTGCACTTGCGCGAGGCGGCGGGCGCCAGTGATACATTTGGCGCTTTCTTCTTTAATGAAGTTGATGACGCTTATTTCTGCAATCTGCGTTTTGACGGTTTCAGTGTAAATTACCATATGGGTCACGGAAACGCGATCAACACAGGAAACGGAATTCACGAGCGACTTGATTTAGTTAACTCAGAGATTATCAGTGGGCATGACCAAGGAACTTTGGGAGGTTGTGATAATTGTAATATCGATAGTAATTATTTTTATAACAATGGATGGAACCCCAAACGAGGAGGACTCTTCAGCCATTCGATGTATATTTCCGGAGGAAGCCCCGCGCAACCGCTCAATGGCTTTTACGTTCGCAACAATGAGTTTTATAAAACGGTTGATGTTCCGGCCAACCCCGAGAGGTGTGAAGGGGTGGTGATTGTGGGACATGGAAACTTGAGCAATGTGATGATTGAACAAAACATCATCCGTGAACCAGTCGCCACGGCGTGGCATGGATGTTGGGGGATAGCGATCAGCGAGGGCTACTCAACACCTGAATCGTTTAGCAATATCACCGTCCAAAACAATATCATCGACTATGTTGGTAATCAGGTCATTGTACTTTGTACCGACCACACGGTGCCCAGCTGTGAGCCGGCCGCTACGGTGCTTTGCACCAACTGTGTCATTCAAAACAATGCGATCTTATACAATCTGATTTCTGATCTTT
CP064978.1_gap17	809346	811913	2567	TTGGGCAGTCAGTTTTTGGGAGAGAAATTTGTCGCGGAATCACTGGGTCACTAGATCACTCGTTCGCCTACGGTGAACTTGATCACTGGAACAAAAAACAGTGAATTGCTTTTGTGATCCAGTGATTTGGTGATCCAGTGAACCCGTGAACTCAATTAATTAATCGCTTTCCGCAACTCTTCAACTCTATCAATCTTCTCCCACGGAAATTCCGGTCGACCAAAGTGGCCATAGGTTGCGGTGGGTTGATAGATCGGTCGTTTTAGGTCGAGTTCTTTGATGATGCCGGCGGGCGTTAGGTCGAAGGTTTGGCGGATCGCTTTTTCGAGCTGTTCGTCGGTGATTTTACCGGTGCCAAAGGTGTTTACATGCACCGAAACGGGTTCGGGATAACCGATGGCGTAGGCCAGTTGCACCTCGAAACGGTCGGCCAGGCCGGCGGCGACTACATTTTTGGCGATGTAGCGGGCCATGTAGGCGCCGCTCCGATCTTGCTTGTTGGGAACTTTTCCGCTGAACGCGCCGCCTCCGTGGCTGCCCATTCCTCCGTAGGTATCCACAATAATTTTACGGCCGGTCATTCCGGTATCCGCTTGCGGTCCGCCCGTTACGAATTTTCCGGTTTCGTTGATGAGAAAGCGTGTGTTTTCGGTAAGCCATTTTCCGCACACGGGCTTGATGACGTGTTCGATCAAATCGGCTTTGAGCTGGTTGTAATCCACCTCGGGATCGTGTTGCGCGGCCAGCACCACGGCTTCGACCGCTTTGGGCATGCCGTTTTCGTATTCCACGGTCACTTGGCTTTTGCCGTCGGGCCTTAAATAACCCAGTTTGCCCGACTTTCGCACCTCGGTGAGTTTTTTGGTGAGGCCATGAGCCAAGGTGATGGGTAGTGGCATCAATTCATCGGTTTCGCGGCAGGCGTAGCCCATCATCATGCCTTGATCCCCTGCTCCTTGGGCCTGATGCGCTTTGGTCGGCATGTTCGCCTTGGGCGATGTCGGCACTTTGTTCGTTGATCACGTTCATCACGGCGCAGCTTTTGTAATCCATGCCGTAATCCGCATTCGTGTACCCGATTTCTTTCAGGGTGTTTCGCACGATCGATTGCACGTCGACATAGGTTTTGGTGGTGATTTCGCCGCCGACCAAAATAAGGCCGGTGGTGGTGAACACTTCGCAACAACACGCTCCTTCGGGATCGTCCTTTAAAACGGCGTCGAGCACCGCGTCGGAAATTTGATCACAGATTTTATCGGGATGACCTTCGGTGACGGATTCGGAGGTGAAGAACATAATTTATTTTAAAGAAACAACGGTACAACCATACAATGACCCAGTCTGTTTCACAAGAGCACTAGAACATAAAAGCACAAGAGCAAATCGTACTTTAATGCTCTTGTGCTCTAGTGCTTTTTTGCTTTAATGCGACCTACTCCAACATTTCGAGCACTTTCACAATAATCTTGGCCGATTGGGCGCGGGTGATGTCGCGGCCGGGACCAAAAGTTCCGTCACCGTATCCCTGCACAATCCCTTCGGCATTGGCATAGGTTACGTAATTGGTGTACCAGGATTGATTGGGAACATCGGTGAAAATGTTGTCATGGGTGCCAAGCTCAACTTCGGCGGCGTCTAAAATGATTTGTAAGGCTTCGGCACGATTAACGGCTTGATTGGGCTTTAACTCCCCTTCTTTGGTGCGTAAAATTCCCTCTTCGAATCCAACCTGAATGTAGGGAGCATACCACGCGTCCAATGCAACATCGGAATAGGGAAGATTGCTGGCGATTCCGGGGATATCGTAATTGAATGCCTCCAACGCCATTTTTAGAATTTCGGCGCGAGTGACGTTGTCGTTCGGGGCAAAGCGGGTGGTTGTTTTTCCGTTGATGACTTCGATGTCGTAAAGCGCATGAATGTAGTCTTTTGCCCAGTGACCTTCTAGGTCGGTAAAATTCATAGCGCGCCTTTGAGCAAGGCTGCGCAACGCGCGCACCGCTCGCTTTCCATTCACCACACTTGATACCACGCGCCCGTTTTGAACGGCTTGGATCACCACTTGAGTTGCGATACTTTCATTGTAGGCGGCATCTTCGGCTGTGATATTGAAACGATTGGTTTGATTCATTTCGAGTGGAACCGAGACTTCAAAAAATCCGTTTGCGTTGGCTCGTGTGGCTGCAACGCGGCTTCCGTCGGTATTGTTGACGTTAATATTTGCTTCGGCTTCGGCCGTTCCGGTGATGGTGTAACGGCGAGCGTTGACCGGCCCTTCGATCGGATTCACAATGGGTTTGGGGGGAGCAACTTTATCGCCCGATGCGCCCGATAACTGCGGAGTTATGGCTGACGTTTCTTGAATGGTTACCTGAGTGGTGGCGCTGGTTTCGCTATTTAGGGTGGCGTTGATGGAAAAATGATTGACCTGTTCTTGGGCAAGCCCCACCATAACGTGCACAATGCCGTCGAGCACATCTCCATTGGCCCCATCGGTCACCGGAGCCAAAAAAAACCGGCCCCCACTACGCTCACCGTTGAGCCAAGCGGCACCTCAATTTCGAGGG
CP064978.1_gap18	818551	821792	3241	AAGTGACGGCTTATCATGAAGTCGGTCATGCGCTGGTTGGGCATTTGCTGCCCGGCTGCGATCCGATTCATAAAGTTTCTATCATTCCTCGTGGTATGGCCTTGGGGGTCACCTGGTCTTTACCTGAAAATGACACTCATCTAACCACCAAATCCGCTTTTGAAGATCAAATATGCTCAATGATGGGCGGCTACATTGCCGAAAAGATCTTTTTTGGCGACGTGACCACCGGTCCCAGCAACGACCTTGAAAAAGCAACCGCTTTGGCTCGGCGCATGGTCACACGTTTTGCGATGGGTGAAAAGCTTAGTTTACGTGTTTACGGTGAGCACAACAATGGTCAATTTTTAGGGGCTGATATGGGCAGTACCAAAGATTATAGTGAGGCGGTGGCAGCACGAATCGACGAAGAAATTGCGCTCATTATGGACCGATGTGAAAAACGAACCGTTAAACTCATTCAAGATCATAAGAAGTTAATGGATTCAATTTCGGCTGCTTTGCTTGAAAAAGAAACGCTGAACGCCGAGGAATTTGTGGAGTTTTTTCCTAAAAAGCAAAGGGCGTAGGTTGTAGGGTGTAGGCAGTAGCTATTCGTAACTGCTTTCTACACCCTACGTACTATCCCCTCTACTGCCTAAATAATATGAAGACAGCCTTAAAAATTATTGCGGCCGGAGCTCTCGATTCAGCTGAATGAGCCTATCATTAAGCCATCTCGCTTTGAAAAGGAGCCCAGTTTTCAATCGCCTTCCGATGGGCAGTTGCCACTGGATGTTTATGAAAATGAGCATGATATTTTGATCATCACTCCCATTGCCGGTGTGGATCTGGATCAAACCGATATTATTGTGACCAACGACGTGCTTACCATTCGCGGCGAACGCCGCCCAGATTTAAGCCCTTTTCGCTTTAACCCTGATACCGATGCCTATTTGCGCGAGTGTTTTTGGGGGGAATTTTCTCGTTCCATTCTTTTGCCTTCCACCATTTTAGTGGAACATATTGAAGCGACTGAAAAAAATCACGTGCTCTATATTCGCCTGCCCAAACAAAAGAATTTAAAAATGCATATTGTAAAAATCACTCCCGTTTCGAGGTAATCTGAACTACGACCGTTTCATGTTGTAAGTTGAAAGTTGTATGAAATTTCCTACTTACAACCTATAACTTATAACCTACAACCCCAATAATAATGATCAAAAAAGCAGTTTTACCCGTTGCGGGAATGGGCAGTCGGTTTCTACCCGCCACCAAAGTGATTCCAAAAGAACTTTTGCCAATTGTTGATAAGCCTGTGGTGCAATATTTGGTCGAAGAAGCGGTTCAAAGCGGGATCGATGATATTATTTTTGTGATTTCTCCGAACAAGGAATTGATCCGTCATCATTTTTCTCATCATCCCGAATTGGAAGAATTTTTGCTCGATCGGCAAAAGCACGATTTACTGGATGCCATTCGTCCCATTCATCAAATGGCGCGATTTCAATTCGTGTATCAAGACGAGCCACTCGGCGATGGTCACGCGGTTTTGATGGCGCGTGAAGCGGTGGGCGATGAGCCATTTGTTGTGCTTTTTGGCGATGACATTGTCAAAAATAAAATACCGGCCGCCCGACAATTGATGGATCATTACGATGGAAATTGTGTGGTGGCCGTCACCAAAATTCCCAAGGAACAAAGCGTGTTGTATGGCATGGTAGAGCCGGGTGTGAGCAATGGAAACCGTCACACGGTGCTTAATATGATCGAAAAACCGCTGCCTGCAGAAGCACCCAGCGACCTGGGAATTATTGGAAAATACGTTTGCTCCCCTGCCATTTTTGACGCCCTGTTGCACGTGAGTGGCACCAAAAAAACCGGCGAAATTCGCTTGATTGACGCGCTTAATCACCTGCGGGCTACCGAAGGGGTGACGGCCGTCGAAATTGAAGGCCGACGTTTTGACACCGGGCATCCACGAGGTTTGGCCGAAGCGATTATGGCCTATCTAGAAGACTGAAAACATTTGTTTGTGTTTTCTGTATTTGATATTGTGTATTTACTATAATTACGTTTATGAAGAAACAACACGCACACGATTATTCCCCTAAAACGATGGATGCCTTGGAGGAAATTGAAAATTTGAAAATTTCAGGGCAACACCAGGAATCGATTAAAAAGGCTCAATTGCTATTATGCGATGACCCCAACTGTGTGGCCGCGCTCGAGGAAATTGCTGATAATCATGTGAGCCTGGACGAATTTGAAAAGGCGCGCAAAGCCGCGGAACATGCTCTTAAATTAGATAAAAGCAGTTACACCGCTTATTATATTCTTGGATTTATTGAATCCCATTTTCGGCGTTGGCCCGCTTCGGTACGATACTTGGCCCGCGCTAATGAGCTGCATGCGAATAATCCGGAAATTTTGCGCTGCTTGGGCTGGTCTACTTTTAATTCGGGCAAGCGCACCCAGGGGATTATTATTTTAGAGCGTGCCTTGAATTTGGATCCAGAAAATAGCCTAACCCTTTGTGATTTGGGCGTTTGTTACCTGCAGGCCAAACAGTTTGATAAATCGATTGAGCTCCTAAAGAAAGCCCTCGAGATTGATCCCGACAATAAACGGGTTCAAGAGTGCTATCAGGCTGCCAAGAATTTTAGTAAACGCTTTTCTGAGCTTGGCGCATCCGTGCCCCTTCTCGCTCAGCGCAACGTAAGGAATTTTAATCGACCTGTCACCGATTTTAAGGATCACTTGATTCTGTATTGATCGATTTGCGCACTATGAATAGCCTTAAAAAGGTCATGGGCTTTGGAACTTTCGATGGGCTTCATCCGGGGCATTTGGAGTATTTAAAACAATTACGCTCGTTGGGTGATTTTGTGATGGTAGTGGTGGCGCGCGACCGAAATGTGGAACGCATTAAAGGTCGTTTGCCCAAATACAATGAAAAGGAGCGTTTGAGCGCCGTTGAAGCAACTTTGTTGGCAGATGAAGTCATGATGGGCAATGAAGAAGATTTTATGCAATGCTTGCGGGATCATAAACCCACTGTGATTGGCTTGGGGTACGACCAAAAAGCAGACGTAACGCGCATTCAGGCTGAATTTCCGCAGATCCACATTCATCGACTGAAGGCTTATGCGCCTGAAAAATACAAAAGCAGCCTACTTAATACCTAATTTCTAATACCCTCCGCGGCGGGCAGGCGGCAGGCAGGAATTACGAATGAGTTTTACTTGGTTATTTTAATATT
CP064978.1_gap19	837870	839652	1782	AACGTGCACCGCCAGCGACCCGAACTTCTTCTGTCAGCTCGATGGTACGGTGATCGTCCTCGATTCGATCGAGGTTACCGTCACCGTCGAGATCGTCGAGTCGGGCGGCGGCAACGGGTTCGGCGTCGACCGCATCGCGGTCAGCGTCGTCTCGGCCGTCGACGGCAACCCGGTGACCGGTGGGACGATCGTCGTCCACGGGCAGGAGGAGCGCACCTTCGCGGTGACGTCCTCCACCCCCGTGGTCATCGGCGACCTCCCCGTGGGGCAGCGATTCGGGATCGAAACCCGGGGTTTCCCCGGGTTCCCGGACGCGCTGCGGAGCGTCACCATCCCGGTTGGGCTGACGGCGCCGCTCCAACTCAAGCTCCGGCTCGAGGAGGGCGGCTACGCGTGCCGCAGGGCTGGCCCCCCACTGACCGTCGGGGAGACGGTCATTTTGGACGACGTGCTGCGGCTCGACGGAGTTTCCGTTGGGTCTTGTGCGTCGCTGGACGACACCGCGCTCGGGGTCGAGACGGCTCAAGACGGCACCTGCCGCCTGACCGCCCTGGCTCCCAGCGTGTTCCGTGACCTGCTCGAGGTCTCGGATGGCAGCGAGAGCTGCCAGGTGAAGATCGAGATCGTCGCCCCGTAATTGGGGCGGCGAGGGCAAACGGGGGCCTAGCCCACCCCCTTGTACACAAATGAGTTTTCCCACGCGTCCATTTAGCGTTTTTCATTCGCTTTCCCGCTTGCGGGAGTGGCGGATCGACACACGGGCGCGTGGGACTCATTCTTAAGTCGATTACACGTAATCGGTTAAAGACTGAGTCAACTTGACGCTCCGCCCAAAAAACGTTATATTTGACTACTAAAAAAAGCCCTACCACCGCCTAAGGCGGATTCAAAAATAAAAAGCACCTGTTCATCAAAAAAACATGGTGTGTTTTTATGTCTTATTTTTGTTCATTATGATCAAACGATTCTCTAAAATGATCGGCCTGGGGCTTTTATCCCTTATGCTCAGCCTGTATTCACAACCCTTTTTGGATACGATGGCTCAAATGATCGCTGTTGACCTGCGCATCACACAGAATAGTGTTAATCCCACCGTCGCGTCACCGGGGATTGTTTTGACGTATCAGGTTGATTACATCAATTTGGGGCCACTGGATGCCTTGGGAACGGAACTTGCCTTGGATTATGACCAGGTAAATTTGATCAATGTTACCCTAAACGACCCTCGTTGTTTTGATAATGGTGATGTTCTTACTTGTTTTTTGGGGAATTTAGGCTTGAATGAAGGCGGATCGATTACCTACACCGCTCAGGTGGGCACAAACGTTGCTGATGGCACGGTGATCTCGAATGTCGCGAGCATTACCGCCACCGAAGCTGCGGATGTAAGTGGTAATTCGGTACAGGTGGATGTCCCGGTGGTGGATAATCGATCGGCTGATCCAGCGATTATTGCTAAAACCGTCGATAACCTCAATCCCCTTCCGGGAGATACAGTGACCTACACCATTGACTATGCTAATTTGGGCGACCTTCCTGCTAATAATTTGGATATGGAAGACCTTTACGATGCGATCAATTTAACCAATATTAATTTTATTGCGGGCACCTGTTTGGACGACCCAAGTGGTACGATTTCTTGTAAACTAGGAGATGTCCCGGTTGGTGGTACGGGTCAGGTGATTTATTCTGCTACGGTTCGCGCAACCACCACGCCAGGGAGCGCCATTAGTAATTCGGTGCGTGTTGCAGGCGTGCAAGATTCGGATTTAACCAATAATT
CP064978.1_gap20	849147	852324	3177	CGGATATTTTTGTACCGGAAATATCGGAACAAGCCATTTTTCCGGATGTTCCCCATGATGTTTGGTATGGAAAATACGCCCTAAAAGCCAAAAATCTGAGCATCGTTCAGGGGATGGTGATACCGGTTATTTTCGTCCGGGCGATACCATTAATTTGGCGGAAATTCTGAAAATTTTGATCGTCGCGAATCATTTAAAATTGCCTACGGTTAGCGCAAATCCTTATTGGGATGTTCCCAGCGACGCTTGGTTTTCGCCTTATTTTGAATATGCGCGTCTGGGCGGTTGGATTGATGGAGATAGAGAACAAAACGTGAATCCGGCCAGCCCAGTTACCCGAGCACTCATGGCCGAATTGATGTATCGCATGAACACGCGACCCGTTGTGATCGCCGATGGAAAGGCAAGTTATTATGGTGAAAAATTTCATGGACGCACCACTGCAAGTGGAGAAGTTTTTGATGCATCAGCCATGACTGCCGCTCATCGTACTTATCCATTTGGAACGCATGTGAAAGTGACCAATGTGGCCAACAACGAATCGGTCGTGGTGCGCATTACCGATCGTGGCCCTTATTCCGAAGGGCGGGTGATTGATTTGAGCAAGGCGGCGTTTGAGGCGATCTCGCCTCTTTCTCGCGGGGTGATTGAGGTGGCATTAGAAGTGGTGGATATTCCCGATTCAGACCCAATCGCCGAGCCCGATCCTGCAACGCTTGCGGCGTCCGAAAAAAAACAATGTCCCGAAATTGCCTCGTTACAAAGCATTAGTTCATCCACTTACGAAGGGGTTACCCTGGATTCGTCGATCCCCAATCGCATTACGAGCGAACAAGTGCTGACCCTTTCGGGCACGGTTTCCAATGGTTCTTTGGTGCGGGCGTTTGTGGTGGATAGCCAAGACGAGCAAACCATTTTTAGCTCATCGGTTCGCAACAATCATTTTCAAATCGACGTCTTTTTTCCTTCGACCGGACGCTACCAGCTAGGCCTTTTGGTTGACCAACAAAAAGTAGCTTGGTTAAAGAAGTGGTGGTTTTGAGCCCTGAATGTGTTCAGGAAGTTGAACAAAGCCAAATGACCGCTCCTTCGTCCGTGGTACTATCGGTGCGAGATGGAAATTTAATTCTTGACTGGCCGAATGAAGACGCCTCGCTGTATAAACTTACTTTTACTCAGGGGAATCGCGTAAAAAATTACTGGATTAACCACGGTCAGTTCACGCCTCGCGTTAATGATTTTTCTTCGTTTAATGAAGGTGTGGTTGCCTTGGAACTGCGCACCGCACATTTAAACACCTCCTCTGTTTTTGAAACGAATTCGGTGGAATGGAGCCTGCCGTATCGTACGACTTTCAATATCACCACGCATCATGAGTATCGAATTGATACGGATGCGATTGAGCTGATTCAATTAAGCTCTGCATTAACCAAAGGAGCGCAGCTCGCTGTGCAACTCAAAAGCAAGGTTCGCTTGCAACCGAAAGCCGCTTTCATTCTTCCGTCTGGAGAAGTGTTTGAGCAGGCCATTGTGGGGGCACCGCCTTTGGTCTCAAACGATCGAGAGATCGAAGTGATCCCCCCTTCCGCTCAGACCCTTACCGCTCAATTAGCCGTGGAACAAACTGGAGTGTATTTTGTTGAAATCAACAACGACGATGGCTTAGGAGTCATCAATGTGCCTGTTTATCCGGCTGGCGTTTACCCCCTCATTCCCAACCCACGCGATTTAAGCGGCGGCTTTGTGACCGATTTGGGGAATAATACCGCAGGTTTGCGAAATGAATTTTTAACTCGCTTGAATGAAGACCGTGCACGCTACCAACGGGCTCCACTTGAATTGGATGCCGATTTAACGCGTCTAGCTCAGTTTCGTAGCGACGATATGGCAAAAAACAATTACATCAGTCATTGGGACCTGAATGGCAACACCGCGAATGACCTAAGACGAAATTATGGAATCGCCCCCAGTGTAGGCGAAAATCTTGCCCTTGATTCCACCATTGCCTTGGCTGAATATGGCTTGATGCGCAGCGCCGTGCATCGCAAAAATATTCTTGCCACCGAATGGACACGAGTTGGCTTGGGAATTAGTAAAAACAGTGATGGTTCCTATAGTTTTGTGCAGATATTTTCAACCGACCCGATCGATTTGAGCGAGGTGGGCTCCTTGCGCACCGCGCTTTTAACTCGTATTAATAATGCGCGCAGCACGGATTTGGTGCTTTCCGATTCATTAACCACGATTGCTCAGCAATGGAGCGAGCGTATGGCGAGTGAAGATTTCTTTGATATTACCGCCCCGGACTCCACTCATTTAGCAACCTTAGTTCAAAGCCAAGGCGTTAATAGCACCATTGGAACCTATTTGGTAGGTCACAATAATTTTGAAGCAGCTCAAACCAGCATCCTTTCAAACGAACAGCTATTTGAAGGACGCTGGAAGCAAATTGGAATCGGCATTCAGCAAGACAGCCTTGGGTTCATCTTGGTGACGGTCATTTACATTGATTAACGAATCGTGGGCCGAATAGTAGATCGTATAGTGATCGTATTGCGAGTCGTATTGTGGACTTGGAACTACATTGATTTTTCGTCGGGAGCGTACATGTATTCAAATGCTGAGCGCTTGTAGGAAAGTACTTCTCCTGCCTTAAAAAATCGAGGCACTTCGACCTGAGCGGTTTCGAGCGAATCGGATGCATGCACCAAGTTGCTTTGGATGCTCATGGCTAGATCGCCTCGAATGGTACCGGGGGCTGCCGCACGCGCATTGGTTACGCCAACCATCAAACGCACGACCTCGACCGCCTCTACCCCTTCCCAGCACTGCACCACTACCGGCGTACTTTTCATGAAACCGGCGATTCCGGGAAAGAAAGGTTTATCGGCCAAGTGAGCGTAATGTTCTTTAAGCATTGCGTCGTCGAGTTGGATCATTTTCATTCCGACCAAAGTAAGCCCTTTTCCCTCCATTCGTCCCGTAATTTCTCCCACGAGTCCGCGTTCGACGGCATCGGGCTTGATGAGCACAAGTGTTTTTTGCATAGTTGTTGATTTAAAGGTTGCAATAAAATACCGAATCATTCGAAAAGTTGCAACTTCTCGTTTAATGCCAAAATTCGAATACCCTCCGCGGCGGGCAGGCACAAATTACAAGTAATTACGAATTAATAAT
CP064978.1_gap21	860274	865133	4859	GTTGAACGGGCCGGTTATTTATAATCCTTTGGCGATTTGTTTGCCGATTGTTTTTACGCGGCGGAGCGTTTCGAGATAGGTTTTTTGAGGAGGGAGCACAATGGTGGCATCCCCCGAATGAACTCCGGCGTTTTCAACATGTTCGCTGATGGCAAAAATGAGCACTTCGCCTTTGTGCGCTACGGCGTCCATTTCAATTTCGCGTGCGCCGACTTCGAATTTTGAAATGACCACGGGCGCTTCGGTATTGATGCGAACTGCTTTCCCCAAAAAGTTTTGCAGTTCTTGATGATTATGCGCCACGCGCATGGCCGCCCCCGAAAGCACGTAGCTGGGGCGCACCAAAACCGGATAACCCACTTTGTCGGCAAACTCGTAGGCATCTTTAATTTGAGTGAATGCGCGCCACTGGGGCTGATCCACTTTCAGCTCATCCAGCAAAGCCGAAAACTTATCGCGACTTTCCGCACGATCGATGTCCTTAACGGCGGTTCCCATGATTTTTACCTGATTCTGATCGAGTTTAGTGGCTAAGTTATTCGGAATCTGACCGCCCATCGACACCACCACTCCGTTCGGTTTTTCTTTATCGTGAATGTCGAGCACGCGCTCCAAACTGAGTTCGTCAAAATAGAGCTTGTCGCATTCGTCAAAGTCGGTGCTCACCGTTTCGGGATTGTAGTTGATCATGATCGACTCGTAGCCCTTTTTGTGGAGGGTCTTTACTGTGTTTACACAGCACCAATCGAATTCTACCGACGATCCAATACAATAAGGCCCCGAACCGAGCACAATCGCCTTCTTGAGTTTGGAGTTTGGAGTTTGGAGTTTAGAATTTTCAAATGAAATGTCGTCTTGTTTTCCCCAGTAGGTCAGATACAGATAATTGGTTTTGGCGGGGAACTCGGCTCCCAAGGTATCGATTTGTTTCACCACGGGCACTACTCCTAATTTTTTGCGGTGATCGCGCACTAAACTCTCGTGTGAATTCACTTTGAGCGCAATTTGCTTATCCGAAAATCCCGCTTTCTTTACTTTTTCCATGAACGGCTGATCGATAGATTTGAGCGTTTTGGCTTTTTCGATCTGCTTTGCAATTGTGCGGATATTTTTGAGTTTGTGCAAAAACCACTCGTCGATTCCAGTGAGTTTATGAAGTTTTTCAACGGTGTAACCGTCATCGAGCGCCTGCGCCAAAGCAAACACTCGCTTGGGGGTGGGCACCGATACCGCCTTTTCAACGGAATCAAATTCAAAGGTGTCGGGCTCAAGCCCGTAAGCCCCCACCTGAATCATGCGCAGCCCTTTTTGGAGCACCTCTTCGAACGAGCGGCCCAGCGCCATGATTTCCCCGACCGATTTCATTTCGGAGGTGATTTCGTCACTCACTTTGCGGAATTTGTTCAGGTCCCAGCGCGGAATTTTAAGGGCCACGTAATCGAGCGCCGGTTCAAAACAGGCCGACGTTTTTTGGGTGACGGCGTTTTTGAGTTCAGGCAACGAGTATCCTAATCCTAATTTGGCGGCCACGTACGCCAGTGGATAACCCGTGGCTTTAGAGGCCAAGGCCGACGAGCGACTGAGGCGCGCGTTCACTTCGATCACGCGGTAGTCATCGGAATCGGGGTCGAGCGCGTATTGAATGTTGCACTCCCCCACAATTCCCAAATGACGGATGACCTTGATGGCGATGTTGCGAAGCTTTTGGTATTCGTGATTCGTGAGTGTTTGACTAGGCGCGATTACGATCGATTCCCCAGTGTGAATGCCCAGTGGATCAAAGTTTTCCATATTGCAAACCGTGATGCAGTTGTCTTTGGCGTCTCGCACCACTTCGTATTCAATCTCTTTCCATCCTTTCAAATATTCTTCGATGAGCACTTGAGGCGAATTGGCAAAGGCTTTTCCTAAAACGGCGTCGAGTTCTTTTTGATTTTTTGCCACGCCCGAACCGAGCCCTCCCAAGGCAAATGCCGCACGGACCATCACCGGAAAGCCGATCACCACGACCGCTTTTTTGGCTTGGGCCAAGTTGGGCCACGCAATGGAATGCAGCACGCTGACATTAATTTTTTGGAGCGCCTTGTTGCATAGTTCACGATCCTCGGTGCGTTGAATCAATTTGACCGGGGTGCCCAACACTTGCACGTTGTACTTTTTAAGAATGCCTAGTTCGTCCAACTGCACGCCGCAATTGAGCGCCGTTTGCCCCCCAAAGCTCAGCGCAATCGCATCGGGTTTTTCTTTTTGAATTACTTTTTCGACAAACTGAGGATTGACCAGAAAAAAATAAATCTTGTCGGCTAGCCCTTTTGAGGTTTGGTTGGTGGCAATGTTCGGATTGATTAAAATAACTTTCTTTCCCTCTTCTTTAAACGCTTTGATCGCTTGCGACCCGGAATAATCGAACTCACCTGCTTCGCCGATTTTGAGGGCACCGGAACCGAGGAGGAGGATTTTTTTAACTGCTTTTTTATTCATGATACTTAGAGGGTGTAGGGTGTAGTTTGTAGGGTGTAGCAGTTGCCATTGGATAGTTACTGCCTACGCCCTACACCCTACGTCCTTAATTAGGATATAAAAAAAGCAAGGTTACCCCCTGCTTTCGCGGTTTTTTAAGTAAAATTCGATGAATGAGGTGAATGTTGTTTTCATGATTCCTAAGCAGTTTAATGATTTTTAAAATGATTTTCAATTAATTTTTAATCCATGTGGTGTTACAATTTATTGGTAAAATATGCACTATGAAGTTATTGCCCTATACTCACTCTGCCATCAAAAAAGTTGCTGCGTTTTTGAGTCAAGGTAACATTGTTGCTCATCCTGCCGACACCTGCTTTGGGTTGGCGGGTGATTTGATGAATCCTGACGCATTTAAAAAATTCAAAAATCAAAGGCCGCGATGCCCACAAACCGATGAGCATCATGCTGCCCGTTACCCAATTGCCTCACTTGGAAGCGTACGCTGAAATGGATGATTTTGCCCGTATGGTCAGCGAACGTCTTTTGCCCGGCCCTGTTACCCTACTTCTTCCTAGAGGGGCCAAAATTCCCACTTTTTATTTTCCCGACACTCCTGTTATCGGCATTCGTGTGCCCATGCATCAGTTGTCTCAAGACCTGCTCACCTACTTTAATGGGCCACTGATTACTACGAGTGCCAACTTAACCGGTCAGCCTATTTATTTTCATCACGAAGCGGTGATGGACCATTTTGCTGATCATGCCTATCAGCCCGAATGGGTTTTAGAAGGCACATGCGACGAACACCAAAAAGCCTCGACGGTTTTAAAGGTACTCAAGGATTCCGTTCAAATTTATCGCGAAGGCCCGCTCGGCAAACATGAGCTCGAGGCGATTTTAGGGTGCGAAGTGAGCGAATAGATTATTTTCCTACCGGGTGACGCTTGCGATACTCCCCCCAAAGGCCGCGGATGATGGTTGCCAGTGCGCGACGTCTTTTTTGCAACGCCTCAGTGGGCTCGCCTGAATTAGCATGTTCTTGATGACTCTGAAACGCACCGTCTTCACTCACTTTTATAGTTTCATTCAGTTCTCGCCCTCCTCCCACCGCCGAGTATTCATAGCCCCCTTCGGTTTGTGGAAGAATAAGTTTAATACTTGATGGTGCCGGATCATTATTATTATTGACCATCAAAACACACTCGCTTTCCCCACCGTGAAAGTGCACTTCATGTAAAGGGGAAAATTCTTCAATGCTTTCTAACGATGCTTCGACATTCGGCGGAACGATTTGATCAGCTTGCGCTGCGTAGTTGGGGCCAGCAGGTCTGAATGCTCCGTACGACAACGCAGCACATAAAGCGATTTTTAGGGGGGCTTTCATAGGGTTATGTTCTACAAAATAAAGGGCAGGTAAGAATCGTATAAACGACTTTACTTATTTTGAAGCAACAGGGCCGGAATTCAATAGTTTATCTGCAGTATTGCGTACGCTTTTGCATAGCTCCACGCATCTTTCACTAGCTTCTATCGCAGCACGATCAGGATTGACCATATCCACTTCAGCAACGCCACAATTCATGTCAAAGTATTGACCGTCAGCGTTCGCCGCTACCATGCCGTCGCCACAGCCTTCATCACCGGTTGTTGCTACGTATTCTACTATTTTTCCACTTTTACTAGGCATTTTTACATAACTAGTTTTTCCATCGATTCCTGCAGCGCATGTACTGTCTGCATTGGTTTTTACTGGCATTCCATCAAGACCTTCGAAAGTACCCTCTGGAGTAGCGAATGAAGTGAATTGGGGTGCAGTGCTTTTTTTATTCAAATCACCACAAACAGCTTCAACGGATGCCCTTGTGTCATCTGCTGCTTGTTCTGGAGACTTCTTTAATGTTGACATCGATAATGCTCCTGCCATTGCCAATGCTGGTAATACTTTATCTAAAGTGAACATAATGAAATTCTATTAGGAAATTATAATTGTGTATATTATATTTAAATTTTTATTTATGTCAAGCTCTTCTTAAATTGCAATGGGTCAAGATACGAATAAACCGCCGGGGAACGAATGGAAAAGCAGATTGCTTGCCAGTCAACGGGCGGTTTAAGTGGGTTTTAAATAATGAATCGGACCTAATTATTGGTCGCTACTTTCATTCGATGAGGGTTGAGCCGTTTGTGCCACTTTGGCACTGCCCGGATTTTCTGACGCGGAGAGTTTGTCAATTTGTGCCCAAGTTAAAGCGGCCCCAAATGAAAACGCAAGCAATATGGCAGTTCGAGTGGAAGTTTCTAGATCACTGTGTCGCTCTACCCAACCCGCATAGGTCATATCATCTTGGCCTTCTGGGGCATTTATTCTATTTGCGTTCATATTGATCGAATTAAAT
CP064978.1_gap22	866749	869793	3044	AGCAAATTTTTGATTTACTTGGCATTCAGCCCGAAGATGCCCAGCGGCGTTTTGGCCACATGCTGGAGGCGTTTGAATACGGTGCTCCTCCGCATGGCGGAATCGCCTGGGGAATCGATCGGCTGGTGATGTTGTTTGTTGACGAACCGAACATCCGTGAAGTCATTGCTTATCCTAAAGATCAAAAAGCACGCGATTTGATGCTGGGAGCCCCTTCACCCATGCCGGATGCCACGCTCAACGAAGCGAATGTAAAACCGATTAACCTTCGATCGCCAGAGCACTAGCTCACTGGATCACTCGTCCGCCGCGGCGGACTTGATCACCAAGCCACTAAACTCCCAACCATTCAAATAAGTTGCTCGCTCGTATTATTTTTTTAGCCCCACTTTTATGAGCACCTTATTTAGAAACTCTTTGAAACAAAAAATGGACCAATATATTCATTTTGCTTATGGGATCTCTAAGCAATTTCCTCGAGATGAATTATATGGAGTCACTTCTCAATTTCGACGATCATCTCTTTCGGTAATTCTGAATTATATAGAAGGTTATGCAAGACGCACCCTTGGTTCACAACTGAATTTTTTTAGAATTTCTTATGGATCCCTGAAAGAATCTGAGTATTTATTTGATTTCTGTTACAAGGAAAATTATTTATCACAAGATGAATTCAAGGAAGGTTCTTTGCTCGCTGACGAAATTGGTGCTATGTTGTGGAGTGAAATTAACGCATTGGAAGCGAAGCAGTGATCCAGTGATCCAGCGCAGCGAGTGATCCAATGCCACATCAATATGGCAAAAGAGTTATCAGAAATGACCACCGACGAAAAGTTGGATTTGCTGATTAAATACCAGCGCAGCGCTCGGCATTGGGCCGCCTTTAGGGGGATTATGAGCTTTCTGGTCTTTTTTATTTTTATCGTCCTACCGCTGATCGCAAGTTTTTATTTGGTTGATTACATTCGGCAAAACGTCGATTTGGACGCTATGAAGGTACAATATCAAGAGGCACTCAGTGGATTCGGTAGTTTAAAAGAAAACTCCGATCGACTCAATGGACTTGAAGGTGTTGATATTGAAGGGCTTTTAAACCAAATTGGTCAATAGCTCCTTTTTAAATTCCGCAAATCGGCCGGCCTGAATTGCTTCACGACTTTCTTTCATCAGCTTTAAATAGAAGGCAACATTGTGAAGCGTATTGAGGCGCTGAGAAAGAATTTCGCCGGCAATAAAGAGGTGACGCAGGTAGGCTTTGGTGAAATGCTTGCAGGTGTAGCAGTCGCAATTCGGATCAAGCGGGGTGAAGTCTTCTTTAAACTGTTCGTTTTTAATGCGAACCACCCCTTTGGACGTAAACAGCGACCCATGGCGCGCGTTGCGCGTGGGAAGCACACAATCAAACATATCTACGCCGCGCTCAATAGCCTCAAGGATGTCTTGCGGCGTTCCGACCCCCATTAAATAACGAGGTTTATCTTGCGGCAGAATGGGGACGGCTGATTGCAGCACTTGGTACATCATTTCGTTTGGCTCGCCCACCGAAAGCCCGCCAAGGGCGTAGCCGTCGAATCCGATTTCCACCAATTCACGCGCGGAGCGCTCACGTAAATCGGGGTGCATGCCGCCTTGGACGATGCCAAACAATTTTTGTGATTTTTGCGTAGGAACATGATTAATCATGTTCCTACGTGCGTACACAAAATATTGTTTGCATCGTTCAGCCCACCGCGTGGTCAGTTCCAACGATTGTTCGACGTACCTTTTTTCGGCTGGGTAGGGCGGGCATTCGTCGAGCACCATCATAATGTCGCTGCCCAATTTCATTTGAATTTCGATCGCCTTTTCGGGGGTTAGAAAAATTTTTTCGCCATTCAGGTGCGAACGAAACTCCACCCCTTCGTCGGTCAGCTTGCGCATTTTGGAAAGCGAGAACACTTGATATCCACCGCTATCAGTTAAAATCGGCCCGTTCCAGTGCATGAATTTATGAAGGCCGCCGGCTTTTTGAACCACGTCTTCCCCGGGGCGTAGGTGCAAATGATACGTGTTGCTTAAAATCACCTGACCACCCAGCGCGCCGACCTCTTCGGGCAACAAGCCTTTGATGGCGCCCACGGTTCCGATCGTCATAAAAAACGGCGTTTGTACCGTTCCGTGAGCGGTTTTTAGCTCTCCAAGCCGCGCGGCCCCATCGGTTTTGAGTAATTTAAACATCGCCGGGGAGTATAGCACACTCACTTTTTTGTTTGACAGGTGAACTTTTGACGTAATTTTTGCATTCTAATGAATAACGATATTGAAACTACCATTCACCTTATTTGTGGTAAACGTGTGATGTTGGATTCTGATTTAGCTCTACTTTACGGATCAGTGCCTATTTTGCTGCTTTTGCTGCTGCTTCGGATCCAATAATCCGATCAACGATGCCGTATTTCAAGGCTTCTTCGGCGCGCATAAAGTAGTCGCGTTCGCAGTCGGCCTCCACTTTTTTAAGATCTTGCCCGGTGTGACGAGCGATCATTTTGTTAAGCAGATTTTTGGTATCGATGATGTGGTTGGCATGAATCGCAATATCGGTCGCTTGACCTTCGGCGCCGCCGAGGGGCTGATGAATCATCACTTCGGAATGCGGAAGAATAAAGCGCTTTCCTTTGGTTCCGCCCATCAGAATGATGGACCCGCCCGAGGCGGCGATCCCCACGCATACCGTGGAAACATCGCACTTGATCAACTGCATGGTGTCGTACATGGCCAGCGTTGCCGAAACCGATCCCCCGGGAGAATTCACATAAATGGTGATGTCTTTGGTCGGATCCATTTTTTCGAGAAACAAAAGTTGAGCGATCACCACATTGGCTACTTCGTCGTTAATTCCGGATCCTAAAAAGACGATACGCTCCTCGAGCAAGCGCGAGTAAATGTCGTAAACACGTTCTCCTCCTCCGGGAGTTTTATCGATAACGGTTGGAATAATTGGCATATTTTATTATTTATTATTTATTATTATGTATTACTTATTAGCTTGTTCATTTTAACATTTT
CP064978.1_gap23	899961	904594	4633	TTTTCGTGATTGTCCACCAGCAGCCTCCTCTACGTTGGCTCCGATGGATGTACCCGACCTTAAAATCTGTTTTGCAATTATGTATTCTCGTTGCTGATGAGCAAGATATTTGTAAAAAGATATTATTTTAAGTGCAAAAAAATAACTTTTTTCTTGAATAATGCTACGTTTCATTTTAATTCTTAATTATTAACTCTTAATTCTTAACTAAAGTAAGTATAGTAAACATTCGTTCACCCGTCAACATTTTTCCTCTAGAATCTAAAATCTAAAATCTATACTCTAGGTAGGTCATTAAGATTATATTATGAGCAGTACCGCCGACAAAATTAAATACATTGAGGAAAACTTAAGTAAGTTTTTGCACTCCATTAATTTCACCAAAGCGGTGGTGGGCTTAAGCGGGGGGGTCGATTCGGCCTTGGTGGCTAAACTGGCCGTGAATGTTTTGGGAAAGGAAAACGTAATGGCGATCCATATGCCGTATGATGGTCTAACGGCCGATCAAAACACGAAGGACGCTGAGGATTGGGCGAAGGAATTGGGAATTTCGTTCGAAGTGATTGAGATCAATGCGTTCACCAAGCCTTTCGATTCACTCCCTTGGAATGCCTCGGATTTGGCAAGCATGAATAGTAAGGCCCGGGTGCGTGCGAATATTTTGTATCATTACGCCAATTCGCACGATGCGATTGTACTGGGAACGGGGAATAAAACCGAATCGATGCTGGGATACTGCACCAAATATGGCGACGGCGCCGTGGATGTGCAACCGATTGCGACGCTTTATAAAACCGAAGTGTGGGAGGCGGCCAAACTGCTCAACTTGCCCCGAGCGATCATCGAAAAAACCCCCACGGCGGAACTAGTAGCCGGGCAAACCGACGAAGGCGACATAGGCATGAGCTACGCCGCAATGGACCGCATTTTGAAAGACTACGAACTGGGCAATGGTCCGATTACCGACGAAGAGATTTCGATTCACAAACGCATTCAAAACAATCGCCACAAAAGCGAAATGCCCCCGGTGATCGATTGTAAACCGTGGGAGGAGCCGAAAATGGGGTGTTGCGGGAATTGCTAACTGAGTGTGCCAGCCCGCATTTGTTTTAGGTACGGCTCATATTCTGCCCGGCTTGTACAACCGGTTGTGTGAATAATGTCCGCCATCATAAGGCCAAACCTTGTTTCCAATTCGGCCTCATTTACCCCTTCGCATTTTAATAATAACATGACGGCATTGCGACTGGCGTGAGTTAAATAAATCGCCCCAAGCAAGCATGAAAGTTCAATGATATCTTTTACCGTCATTCCAGCGCTTTTGGCTTGTTTGATGTTAATTGCTTTACCTCCATCCGCCTGCCTGACCCTTTCAACCAAGGTAAGGTCAATGTTCCCGCTTTTAAATCCTTTTGCCAAGGCGGCCAATTGATACGCATGATATCGAGGCACCCCTTGTGCAATACTAAACGCCTCTTTGCTTCGCTGCGCATCCTCATCTTCAGGTTTGTAGCCAAAGGTTTTAAGATACCACGTAATAAGCCCGGCACGGGTTCCACTAAGAATTTGAGTCCGAGCATCGTTCATGTTCACAAGCCTCAATATTTTCTCGGCCTGATCGGGGTATGCCTCAAAAAACTCCGCTGGATAGGTGGGATCTTCCGCAACTACATCGCCCGAAAAGACCCGGTCTGTTTGAGCGGCACAAGCGAGCAGTCGATTGATATGGCGTATAAAATCCCCCTTAACTTCCGGAGCAAAAACGTCTTGTCGAATGGCATAGTGCGCCGCATTGAATGCCTCTCTATTCATGGACTTGACTTTAAAATTTTCTATATAATACTAAAAATTCTATTTTTGTCAATATTAACCGCCATCTATAAAGAGCTAAGCCGCCTCGGTATGTGATGCAACTTCGGTTGTTAACTGAGGATCGATCATAACCAACTCAAGTCCCCCGTCTTTTTCGCGAAGCATGCAGTTGGCGGGGTTTTGATCGATCCACTGGCCTGCATTTTTCTTATTTCAGCCAAAGTGTCCATGGCTTTTCTTTTCAGTTGAACTACATAACCACCAGTGAGTTTTTCGGCCAATGCTTGTACTGCTGCAAATTTTGCGACCACTAGCTGATCATATTGATCACCCTCATTTGCTGGTCTATTTAATTTATAAAAAGCGGACGTATTAGGGTCATTATCGTATTCCATTACATCCTGCAAACTTGGGCCGTTGATGTATTCCATGATTTGAACTTCTTGCCATCTTCCGTCTACTTTTTTGAGCTCAACTCCGTAAAATTTTGGATGAGCGATGTTGAGCCGATCCAATTCGGAATAGCATTTCAGCACAGCCTCAAGGTCGCGACGGACTACCGAAGCCCTATCCACCAAAGCCCGATCTCTTTCGGCAAGTTTTTCAGGGGCTGTGAGTTTATAAAGAATTCCGCCTTGCTCGTAACATTGAGCCTGTGTGCCATAACCCACGAAATTTAGCGAATCGACCCCCTCTTTTAAAACAGCTTCCACCTGATCTCGGATTCCAGCGGCGGCTGCGGTTAGATAGAGAATTCTATCTGTGCTGTGCGTTAGCGCTACATGGTCGGACGGTTTTAATTCCCTTAAATAATCGACGGTGGGCAACTGCATTTTTAACTTTTAATCACTAATTGCGAACGGATCGCAAGTAACTTTCTAAAATGATTTGGGCGGAAATCATGTCGCGCTGATTTTTTTGATCCCGCGATTTGACCCCCTGCATGCGTAATAATTGATTGGCGTGGCGCGTTGTTAAACGCTCATCGAAAAAATCGATATCCGCTTCTACCGCTGTTGCAAGCTTTTTGGCAAACATTCGCGTTTTGTGAGCCCGCTCTCCCTCGGCGCCTTCCAGTTCGATCGGAAGGCCAATTATGATTTTTGTCACTTTTTCACGCTCGCATAACTCATTGATTTGACGCACCAACTCATCCACAGAAGAAACCAGTAAAAAATCGCGTGGAAACGCGATTTGTTTGGTTGTGTCCGTAATGGCTAATCCCACTCGCTTGTCGCCAAAGTCGATGGCGAGGTACTTACCGTTTGACATGATTACGCTTTAACTTCCTCTTTTTTTGAGGTGGCGGTTGATTTAACAGATTTTGCTGCAGAAAGTGCTCGTTCAATGCGAGATTTCTTTCGAGCGGCATTGTTTTGATGAATAATGTTCTTTTTTGCGCAAGTATCAATAGCACTTACCGCTTTTGGCAGCATTTTTACCGCTTTGTCCGATTCATTGGATTTTACCAAGCCCAAAATCAACTTAATCATCGACTTCATGTGGCTGTTGTAGTGTCGATTGCGTTGAGTACGAGTTTTGTCTTGCTTAACACGTTTAATGGCTTGCTTGGTGATTGGCATTGTAGCGATTTAAGTTGTAGGTAGCAGGTTGCAGGTTGTATGCTTTGATGAATCACTTTTAACATACAACTTTTAACAAAGCGCGAGGATTCTACCTAAATATTGCGTTTTGTGCAACCCTTTTTAAAGTGATAACCCCTCTGAGCCAATCACAATACTCAGGTCGGCGCCGGGGAAATCTTGCGACTGATCGCTTGGGATCGACTCAACGGATAAAAATTCTTCCAGAGCCTTTATTTGCAGCGGTAATGCCGGAACCACTCTTTCCTTTCGATCCAAAGTCCATTGATTGAATTGAATGAATGTTTTTTCTGATTCAATGCGATTTCCAGCCGCGTCAAGATAATCATCGATGTTCACCACGTCGAAGCCATAACGCGTTAACTGAGTAGCGATTTTACGGGCAGCGCCGGATGCCCCACTAGCATTGAGCACTTCCAGCCGAGCCGGATTGGCCATGGCCATGCCGTGATGAAATAAAAGCGAAGCGTATCGCTGAATCATTTTAAAGTCACCTCCAAAAGGCACCAGTACATATAGTCCATCATAATCGTCTCGCAAGGGGACGTATAAAAATCCGCCATCGCGCTCGGGATCGTCATTCAACACTTTCATAACCAAATTATTTCGATCAAAATGAGTGGCGAATTTTGCCATCGTGATCAGCTCACGTAATTCCATATCGGTATTCATGTTGTTTTGAATGGAATTGTAGATGTCTGTGAGCGTGCCGGGGCTAGTGAGCACTCCAGCGGATAAAGCTTTTTCTTTGATCGCCAAAAGCACTTGCTGCTGGCGCAGTGCACGATCGAAGTCTGAGGTGGTTTTTCGGCTACGCACGTATTTTAGCGCCGTTTCTCCGTCTAATTCTTGGGGCCGGCGGCGATGCGAAACGTTTTATAACCCGTGTCGGTGTCGTTGGGATAATATGGATCTTCGATGGAGGCGTGCACGTTGTCGTTTACCCCCCCCATTGCATCGACCACCTCCACAAATCCACCAAAATCCACTCGAATGTAGTAGTGAATATCAAGATTTAATATATTCGATAATAAGGTTCGATAAACTTCAAAACCCTCCGGGTCGCCTAATGTTTGAGTGTTAGTGACATAGAACTGGTTAATTTTTCCGCTTCCGTACCCTTCGGTATGCAAAAAGAGGTCTCGTGGAATTGATAACATGGAAACCTGGTAGTTTTCAAAGTCGATGCTGGCCACAATGATCGTATCAATCAAACC
CP064978.1_gap24	949242	951097	1855	CGGCATAACATTGAACGTTTTATGGAAGAACTGGCCTGCGAAAGCTGTGGTGGACAACGGCTTAAGCGCGAGGCGCTGAGCGTTCAAATCGATCAAAAGTCCATCATTGATGTGACCGAGTTTTCCGTGGAGCAGGCGCAAGCATTTTTTGCCAAATTCAAACCTGAACATCCCGATTACTCTTTGAATGATTCCCAATACGCCATTTCGAAATTGATCATTCAGGAAATTTCAAATCGCCTGGAGTTTTTGAACAATGTGGGGCTTTCTTATTTAACGCTCAGTCGGGCGGCTAATACCCTTTCGGGCGGAGAAGCACAACGCATTCGCTTGGCCACTCAAATTGGCTCATCCCTTCAGGGAGTGCTTTATGTTTTGGATGAGCCGTCGATCGGATTGCATCAGCGTGATAACGATCGCCTGATTAAAACCATGGAGAATTTACGTGATTTGGGCAATACCGTTTTGGTGGTGGAACATGACGAGGATACGATCAATGCCGCCGATTATGTACTGGATATCGGTCCGGCTGCCGGAAAACATGGAGGCTATGTGGTGGCAGCGGGAACCGCTGAAGAGATCAAGCAAAATAAACAATCGATCACCGGTGATTATTTATCGGGACGGAAACAGATTGAAATTCCGGCCAAGCGCCGCAAGGGCAGCAACCATTTTTTAGAGATACTAGGTGCCGAGGAACACAACCTTCGCAAGGTGAATGTGAAGATTCCTTTGAACTGTTTTATTGGCGTGACCGGTGTATCGGGCTCGGGAAAATCGTCATTGATCAATCATATTTTGTGCCCGGTGCTCAACACCAAGCTCAACCGTGCCAAGCAACGCGCCGGAAAACATGAGGCGATTAAAGGCATTGAACACTTGGACAAAATCATTAACATTGATCAATCCCCCATTGGCCGTACTCCCCGCAGTAACCCTGCCACCTACACCGGAGTGTTTACGAATATTCGCGAACTGTTTGCCTCAACCAGCGAGGCGCAATTGCGTGGCTACAAAGAAGGGCGCTTTAGTTTTAATGTAAAAGGCGGCCGTTGTGAATCGTGCAAAGGAGACGGGATTGTGAAAATTGAAATGCACTTTCTACCGGATATTTATGTGCCTTGCGAAATTTGTAAAGGCAGACGCTACAATGCCGAAGCGCTGGAAATTACCTGGAGGGGCAGCAACATTGCCGACGTTCTGGACATGACGGTGAACGAAGCGCTGGAAGCCTTTGAAAGCATTCCACAAATCAAGAGCAAATTGGAAACCTTGCAAGATGTGGGATTGGGATACATTCACTTGGGTCAGAGCGCCACCACGCTTTCGGGTGGAGAGGCTCAGCGGGTCAAGCTGGCTACCGAGCTGGCTAAACGTGCTACCGGCCGCACCATTTATGTGTTGGATGAACCCACCACCGGGCTTCATTTTGACGACGTTAAAAAACTGCTGAATGTACTTCAGGCCTTGGTAGATAAAGGAAATACGGTGCTGACCATCGAACACAATTTGGATGTGATCAAGTCGGTGGATTATGTGATCGATTTAGGGCCCGAAGGTGGCACCGGGGGCGGCAACATTGTATGCACCGGTACGCCCGAAGAAGTGGCCAAGCACAAAGAAAGCCACACCGGACGCTATTTGGCGAAAATGCTTCTTTAAATTACTTATTATCAATTATTTATTACTTATTAACTGCTCGTTCAAATTCCCTGCCAGTTAATAAGTAATGGTTAATAAGTAATTATTCGCTGCGTTTAGCAACCAATAGTGTCATATCATCTTGTTGAGGGGCTCCCCCCATGAATGACTGAATGTCTTTAGCAACACGGTCCATAATGGTATTGGCACTTTT
CP064978.1_gap25	962721	967400	4679	TAACTGGACTTATTCGCAATCCGAGTTAAATGAGTTATAGTTTGAGTATTAGTAATGGTTATAGTTTTTGATTCCATTTATTATCTCGAAAAAAGCGGCGGCGGTAATGACAGTATTTTTCTTAATCGCCCTTCACCCCTTCGCCTCGACCGCGTGGGTGCGGCTTTCCACCGAAGATCAGATTTACCAGTCGACCGATGAGATTCCGCAAAAAACAGCGGCGTTGGTTTTGGGGGCCGCGGTTTACAATGCGCGACTGTCGGGCGTGCTGCAAGATCGGGTGGACACCGGAATTGAGCTGTACGAACGCGGCCTGGTGGATACGCTGATTATGAGTGGTTCTGCTAACGAAGCGGAGTCGATGGTTGGCTATGCCATTCGCCGCGGTGTGGATGGGGACCACTTGATTCAGGATGATGATGGATTTAATACGCTCGCCTCCATTCAAAACGTGCCCACCAGCATCGATTCAGTGATTATTGTCACTCAAGCGTTTCACCTGCCACGAGCGCTGTTTTATGCGAACGATCATTCGTTGGATGCTATTGGGGTGGTGGCGGATAAGCAAGTGTATCGTTTTATGAATTATTACAAAAGCCGCGAGCTGTTGAGTGTGAGCAAGGCGGCTTTGGATGTTTTTGGATTGGAACGTTGGAATGAGTGGGTGCGAAATTGGTAGCAACTAAATGCCTTTATTTGGATTCCGGTAATCGGCGTTCCTTGATTTCGTCGACGATTCGTTTTACGAAGGTTTCCACTTTTAGTTCGTGCTGATCGCTGTGGTGATAACTGCGAACGGTGACGGATTTTTCTTTCGTTTCTTTATCCCCGATCACCAGCATGTAAGGAATTTTTTTGCTGCTCGGCACTGCGGATGCGCTTGCCCAAACTCTCGCTCGCCAACAGCACTTCGGCCCGCACCTGATTTTCAAAAAGGAGTGCCGCTACTTCATTTGCGTAGGCCTCGTGCGCTTCGGCCACCGGTACCACCACCACTTGTTGCGGGGCAAGCCAAGTGGGGAACGCACCCCAAAATGTTCGATCAGAAAACCGATGAAACGTTCGTGAGTGCCCAAGGGGGCTCGATGGATGACCAATGGATATTCCTCTTCGCCCTTTTCGTTGATGTAGGTAACTCCCATGCGCTTTGGCACTGCAAAGTCGACTTGATTGGTGGCTAACGTGAATTCGCGCCCAATGGCACTGTAAACTTCAATATCGATTTTGGGCCCATAAAAGGCTGCCTCATTTTCTACTTCCACAAAATGCACCCCTGCCTTTTTCATTGCCTTTCGTACCATGTCTTCGGTTTTTTTCCATAATTCCGGTTCGTTTACGTATTTCTTGCCCAGCACTCTGGTGTCGTGCAACGAATGTCGCATCACATTTTTTTCGATGCCAAATAATTTAAAGTAGTGCAAATACAGATCGGTGACCGCCAAAAACTCCTGCTCAAATTGGCTCTCGGTGCAATACATGTGGGCGTCGTTCATTTGCAAACTTCGAACACGCATCAATCCGAACAGAGCTCCGGAATCTTCGTAACGATAGCAAGTTCCATATTCCGCCAAACGCAATGGTAGATCGCGGTAACTTTTGGGGGTTGCCTTGTATATCATGTGATGATGGGGGCAATTCATCGGTTTCATGTAGTAGGGGTCCTCGCCTTCCAGTTGCATGGGGGGATACATGCTGTCTTTGTAATGCTCCAAATGCCCCGAAAGTTCGTAGAGGCCCCCTTTGGTTAAATGAGGAGTGCGGACCCGTTTATATCCTCCTTTAAACTCCATTTCTTTGGCCAGCGACTCCAATTCTTCAATCAAAACGGTTCCATTGGGAAGCCACAAAGGCAGGCCCGGACCCACTACGTCGCTGTAGGTATATAGTTCTAGCTGCTTGCCCAACTTGCGATGATCGCGCTTTTCAGCCTCTTTGCGCATCTCTAAAAATTCGTTCAATTCTTCGGGCGTTTCAAAATAGAGTCCATAAATACGTTGAAGCATCGGGCGTTTTTCATCCCCTTTCCAATAGGCACCGGCTATTTTATCCAATTTAAGCGCATTGGCGTTGATTTGCCCGGTGGAATCAATATGCCCTCCACGACACAAATCTTCGAACGGTCCGTTACGATGGAATCCAACCTCGTGCGATCCCTGCTCCTTGAAACCGGCCGCCAACTCGACCTTGAAGGGTTGATTGATTTGCTTCAGGTGTTCGATTGCGTCGTCGATTGGCATCATGCGACTTTCAAATTTCTGATTTTGTTTAATGATGTGCTTCATTTTTTTTCGAGAATGGGCAAATCTTCCGGAATCAATGTGCGCGGTAATTCAAAGTCGTAATAAAATCCGTTGGCAATGGCAGGCCCTACTCCCAACTGGGCTTCGGGGAACATATCGAGCACGGCTTGAGCCAAAATATGAGCAAGACTATGGCGTTTGGCTTCGAGAGTTGGTTGAGACATATTAATTAAATTAAGAATTACGAATTAAGAATTAAGAATTACGCCTGCCTGAGGCGGACGAATTACGAATTATGAATTACGAATTATGAATTACGAATTAAGAATTATGAATTACGAATGAAAGATAATAAAAAATCCGGCAGAAAAAATTCTGTCGGGGCCCGCCTAAGGCGGGGGTTCCACCCCGATTTCCCCCACCGGTGGCAGGAGACACTCTTCTAATTGGATTACACCCTGGATAAGATGGTACTGAAACGGCGTGTTTTAGAAGGCTTGCAGCCACGGCCTTCATTCTCTGTAAAACCGGATCGTTTTAGCGTGTTCTTATCGTCGGCAGGCGTATGGACCCACAGTACTCTCATCTGTATTTTGCTGTCAATGTTTTGGGTTGAAATGTGTTATAGTGCACGCATCAACCATTCGCGCCATGCAAATTATTTATGTCATTTACGTCGCCCTGATTGCCACTTTTGTTTTTACAACTTCCTTAATCATTCGTCACATGGTGCGCTTTAGCTACCTGAGCAACCGCTTTCGCAAGGTGGTGTTGGGGTTTGTCGTGCTGGCTGCGATTGTAATTGTTTTTTCGCTTTATTTGGTGTTTAATTTGGTTGCTCTGGATGCTGGAGGACTTTCAACTCCTTCAATTCCGAACACCGGAGGCATTAATTTTTAGACTTTTTCACTGGAGCACTGAGTCACTCTCTTCCCTGCCTGCCGGCAGGCAGGGCTTGATCACTGGAACACAAAAGTAATGATTTAATCATTGATCCAGTGACTGGTTGATCCAGTGAAAAAATAAATAAAATTAACTATGAAAAAAATACCACCACCCTCAAACACGGGCTCTCGCAAATGCTTAAAGGCGGCGTTATTATGGACGTAACCAATCCGGAGCAAGCGCGTATTGCGGAACAGGCGGGCGCAGTTGCGGTCATGGCCCTTGAAAGAGTGCCTGCTGATATTCGCAGCGAAGGAGGTGTTTCGCGTATGAGTGATCCCGCTATGATCAAAGCCATCATCGCCGCGGTCAGCATTCCCGTGATGGCAAAGGTTCGCATCGGTCATTTTGTAGAAGCGCAGATTTTGCAATCCATTGGTGTTGATTACGTCGACGAAAGTGAAGTGCTTACTCCGGCCGACTCGGAGGAGCATGTTTCCAAGCAGGAATTCGACGTACCTTTTGTTTGTGGCGCCCGCAACTTGGGCGAAGCACTCCGCCGCATTCAGGAAGGAGCCAGTATGATTCGAACCAAAGGCGAAGCCGGCACCGGGAATGTGGTGGAAGCAGTACGACACATCAAAACCATTGCGAACGAAATTTTAGCCATGCAAGAAGGGGCACTCGATCCGAATGTGTTTGTACGAGAAGAGGGCGTAGACCCTCAACTCCTTTCGCATACGTTAAGCTTGGGTCGTTTACCCGTGGTTAATTTTGCGGCAGGTGGCTTGGCTACTCCCGCCGATGCAGCGATGATGATGCAATTGGGGGCCGACGGAGTTTTTGTGGGGTCCGGTATCTTTAAATCGGGGGATCCAAAAAAACGCGCCCGTGCCATGGTGGAAGCGGTCACCCACTTTAATGACCCCGAACGGCTCGCCACGATTTCGGAAGACTTGGGCGATGCGATGGTAGGCATTCACATTGATGACACGATCACTCGAATGGCAGAACGGGGCTATTAAACAACTTCAAATACCTAATACACAAATTACAAACAATGCCAAATAACCAATTTCAAATTTTAAGTTTTAAATTATTTGGTATTTAGAATTCGAATTTGTTTGTGGTTTGTCTATTTGAAATTTGGTATTTATTAAGACATGAATACAACCTACCTCATTGCAGGATTGTCCTCACTTATGCTAACGATTGCAGCCATGTTTTTTGCGAAAGGCGTTTTTCCGAAATTAGGATTGATGGATCGTCCCCATAAATATGGGCTGAATCGTAAGCCCATCCCCTATCCGGTCGGCATTTTATTATATCTGGTGTTTTTATTATTAAGCTTGGTTTTTTTGGAACCCACCGCCAAGTTGATCGGTCTGCTATTGGGCGCGGGGCTTCTGGTCGCTATTAGTTTTGTAGATGATCGCATTGATTTACCACCATGGCTGCGATTATGTGTTCAAGCGTTGGTGGCGATTATTTTAGTGCTATCAGGCATTGGGATAGAAACCATTACCAATCCGTTTGGTGGTTATCTGGCACTCA
CP064978.1_gap26	1029295	1034064	4769	TCTTTACAATCCGCTCCTTGCGTTCGAATGGGCTGAACGCTCACCGGCACCGCTTCGGTTTCGGGCTTGATGACGTTTTTTTGGATTGAATCGGATGTCCCCGACTCGCTCGCCCCCACCGACTGAACCGTGTTGATCAGGTCATTGGCTTGATCCTGAATTTTTCGGTGGATTCTTTGGGCAACAAGGCCAACGGGCTTATAGGACTACCCACTTGTTCGTCGGACAAGCCGGATTGGTCAAAAAGATTTCCCTGAATAAGCGCGTTGAATTGACCCGGACTGAGCAAGGCCCAACTCAGTAATGCGATTAAAATAAATCCGATTGCCCACCATCCCTTATTTTTTATGCGGTCGTCGGATGCGTCTTTTGCATCGACCCATGCCTGCGGCGCAGGGGTGTTCTTATTGGGGATGGTGATCCAGTGAGCGGGTTTTTTGGCTGACATAAAGTGAATGAATTACGAATTAGGGCGAAAAAATAAAGATTAAAAGAATGACTTAGGATTGTACCTGTGCGGTGGGCTTTTCCTTCAAAAAGTAGGACGCCAACGCAATGGAAACCATCAACAACAAAACGGTTTGTGCAGGGCCGCTTTTGGTTAGATTGCTTTTTGCAGCGCCATCGGTAGATGCATTGGCAACTCCTCCCCCCACCGAGGCGGTGGGCGTCATCAACTTGATGACAGGTTTATTTGGACTGAGATCGGCTGTTTCGGCGGAAGCGCCTGTATTTTGTAACAACACTGCCGTTTCGGTGACATCCGAGGTTTTTGTCATTTCTGCTGAGTCATCCATTTTTTCTTCGTCTGCCCCTGTCATTTCTCCTTCAACCACTGCACTTGCCGCTGCGGGCGCTGATGAACTGGAATGACTGGTGGTTCCCCCAAATGAACCTGAACTTCCACCGGTAACTGCGGGCGTTGAAGGTGCTGCGGGCACCGAAGGGGTGGATACCACAGGTGCCGGATCGGTAGGGATTACTTCTTCCTCCTCGGGTTCGGCCGCCGCCAACGCAGCAGCGTCTTCCAGCGGCGTTTCGAATCCTACTAAGGCGCGTGGAGAAGGTGTGGTAACGGCCGTTTTGGCCGCTTCGTCTTCGACGGGAGTGTCAAATCCGACCAGTGGCTTTGGCTTATCAACCACACGTGCGGTTCCGATGGTGCTGATGGTTGCGGCACTGCCACCCACTGCTGTGGAAGACTGTGAGCTCACATTTTGCGGTCCATCGGTGGGCTCATTTGGATTAGGAGCCATGAGCGCTGAATCTTCTTCGGGCAGGGTTGGGACGCTGGGAGCTTGTGCCTGCTGCATCACCTGCGAATCCCCTCCTTCTCGCGGAATGACATTGAGCGCAATCGTTTCTTGCGGCTGAATTTGCACCGGATCGGTTGTGATAGGCAAGGGCTTTTCAAGCGAGGTAGGAGCCTTTGTTTCCCCTCCGGTTTGTTGGGACAAACTGGAGTCCACTATCGGCTGCTCGGCCATAGGTTGAGGCTTTGGTTCGGTTGCTACCTCGAGCAAGTCACCTTTGAAAACGTTCAACGATAGGCCTGCCCATAGCGTTCCTACCAATAGGACTAAGGCGACAAAAGCTCCGAGCATTACTTTTTGTTTGGGTGTGTATGGCATGTTACTTTTTTTTTACGTAATGTCAATGCGCCTCCCATTCCCATGGCGGACACGACCAACCATCCGGTTAAGGGTCCGTTTTGGGGTTGTTGAGGAATTTGACTTAAATAATTATTTAAAAAGGCTTGAAATTGGTGAGTCGCGCTAAGCGGTTGACCCACGATCGCCCCCACTTCGTTCGAATAATCACTTTCCTGATTGGTTGAATCAAAGGCGCTGACCGCCAAATAGTAGGTTTCGCCATTGCTCAAACCTTCTAATCTAAATTGATTGGTTTCACCTAAAGTGCGTCGACGGGTGTATAGGCCGCTTTGTTTTCCGTAGTACACATTAAACCCGATACGATTGGGGTCGTTGGGCGCTTGCCACTTCAGTTCAATGGCTCCGGTTTCGGTTCCAATTTTTAAATCGTAAGGCGCCAATACGGTCGTGATCGTTCCCCCGCCGATTTCGAGCGGTTGTTCGGAATGGTTAGGATCAGTGGTGCTGGGCGTATTGCCTCCGTTGGAGCCGGCGCTCGCGTTCTGATTTACTTTTATTCCGAGCGCGTCCGGTTTTTTGGTTAGAATGTTCAGCGGAAGTCCTTGGGTAATGATGTTGACGTTGGTGTGACCCAATTCGCTCGACTGATAATCAAAAAAGTCGATTGTGGCTACCCCCTTTTGCTTAGCGAGCACTTTAAACTGCACGGTGGCAATGACCGCTTCTGAGCCGCTGAAACCACCAGAAATGTTGGAACGACCGATTTGAACATGTCCTTCTTTAGCATTGAGGTCATTTTCGCCAGGGGCCACCAATTGAAAGGGTGAGTCCTGAGCATCGATCGACGTTGCCTCGAGCACATTCGGGTTGTAATTCAGCCATGCACGCACCGAGATGATGTTTTGCTGAGACGGATTGAGCAAACGAACCGCTACCGAGAATGTTTGACCATTGTCTGCGGACGATTGGGTGGGTACCAGCACTAATTCAGCGCCGGTTCCTTGCGCGTGCACCACCGTATGCATTGCCATCAACACGAGGAATGCAAAGGTAATTTTGGTGAATTGATTCATCCATTTTTTCATAGGAATGGGGTTCTTTCGTTTAATTTTCGATAACTAACGCGGGAGATTTAGGGGTTAACAAAATGTTATACGGCACGTTTTCTACGATGGTATCTACCGACGAATGACCTTTTAAGTCGTCGCGATAGTCGTAAAAGTCGATGGCGGTAGTGCCTGTATCCTGAATGGTGAAGCGTACGGTCGCTACTTTAATCATCGATTTTGTCACTGGAACGGCACTGGAACGACCGATGCGCACCAGCCCCGCTTCGGTATCGAATTCGGCGCCGTATGGCGCTAGTAATTCAAAGTCGGAATCCGCCGTTTCAATGGCTTGTCCTTCGAGTTTTTTGGGATCAAAACTCAGCCAGCTTTGTACCGATGTGATCCCTTTTTGGGTTGGATTGTTGATATAAACATCCACCGTGAGCTGGTCTCCGTTTCGGTTTCCTTTCAGGGTCAGTTCCGCCTCCTTTTTTACTGCCAATGCTTTTTCGAGTAAGGCATTGAGTTCAGCCTGACTTTGAGACGATGAGGGGGCACTTGAACGAGGGGTACAACCGCCCAGTACCGTCGTAACGATCAGTAATAAAACGGTGGCGGTGATGATACGAATGGGTTTCATGATAAAAATTAATTAGTTGAAGAAGTGGTGGGCACTAACGCATCGGGGGTGGGAGTGATGGGTCTTAACGAAGCGTTCGTTTGATTGGTGGTTCCACCGATTGACTGACCGTAAACGGAAGAGAAAATCGTGAAGTCTACAAAGTCCACCTTGCCATCTCCGTTAAAGTCGGCTCGTTCAACCGCGTTGCCGGTTGCTCCGGAAGATTGACTTCCTGCAGCGGCCCGGAAGGTTTCGGCGGTAAAAAACTTCACCAGTTTTTCACGACTCCCTATTCCAGAATCCGAGACCACTCCTGCCAATTCCACGCGATAACGAGTGGCCGATTGCTGAGTGGCGGTGGTGACCACCAACGCTTTTCCAGACTCGTCGAAGGTAACGCTTTTTACGGCCAACGGACGTCCGGAATCCACTTCGAACACCTGTACCGAATCGGTGGAGATGCTGGAAGGGCGTACGTCCGATTGGAATTCGATTTGTACGTTGTTGGGACCAGTCGATCCAATAAAATGAACCACGGGAGGTCGGGTGCTTTCGGAGTATCCCATGAAAGACAATCGATTGTTGCTCAGCGGTGCCACTCCTCCCAAATCGGTCAACTGATCGTCGACAGAAATCAGGTATTCCTGACCGGAGGTTTGAGTGTCGGTGGTTAAAGTGATTACTGTTCCGTCGGCGTGAACCGTTGCCCCCACAATCCCCAGTCGGTCGGCAATATCGTTTCGCGCGGTGATGGTAAAGTTCGCTCCGGATGAACGAATCGATGTTGCCATCAACGGCTTCGAAAAGGCGACTTCTAGACTTCCTGGCCCTACGGGGACTGCAGCTACCATGCGAGGAGGCTCGCTTTCGGCCGTGCTTCCGTTTTGATCGCGAACGGTGATGCGGATGGTTCCGCGGCCGGTTTTTCCGGTTTTATCCGTTGCAATCACTTGAACTTCGCGCTGGCCGGACTGAGTGCTAGTGTTGATGGTGACATCGGGCAGAACGTACCAACGCCCCTCGTTTCCTTCTTGAAAACTGGGCTGCATGCACGCGATGATGGTGGAATTGGTAGGACAATTTCCACTACTTACCGTTGTGCCGGAGGTTGTATTGGTGGTTGAGTTGCTTGGTGTAAAGCTGGCAGGTGTTTGCGCTCCCACTTGGCCCACTCCACTCAAGTTCACCACCACTGAATCCAAGTCGCGATCGTCGTCACGCACAAAGGCGTACAAACTCACTCGAGTCGCCCCGTCGTTCAACGCCATGGCTGGATTGGTGTAACTGCGGTCGGAAAAGACCAGCGGGGCGTCTCCTAAAATATCTTTGTCATTAACATCGATGCGAACGATCAAACGACCGGTTCCCCCGCTTTCGTCGGTGGCGATGATTTCGATGTCGTGAACTCCCAAGGGCGCGGTGGTAGGAACCACAATGTTGCCCGATGAAAACAAGCCTGAACGTCCCGAAGTGCTTGCATTGGTG
CP064978.1_gap27	1137663	1140507	2844	ATCGAAGTGGCTCCATCCGATAATTTAGAGGCGTTTTATACTTTATTGAATCAAACCGGAAACCGCGACGGATTCGGCGTTCATCCTATGGCCTATTACGAAGAAATGGTCGATCAGCTGGACGGATCTTTAGAGTTGATGATGGCCTATTACAATGATGAGCCCGTGGCAGGTGGTATTTTTATTTTTGTGGATGAATGGGCAATTTATTACTACGGCGCTTCGGATCATGCGTTTCGCCCCTACATGGCCCCCTACCTTTTACAATGGGAGGCGATCAAAGAAGGAAAGCGTCGTGGGTGTCGCTATTACGACTTTTTAGGCATCGCTCCCACCGATGATGCGCGTCATCCTTGGGCCGGGGTTACGGATTTTAAAAAAAAGTTCGGTGGAAATGTGATGGAATATCCTCAGGCACGCGACCTGGTTTTAAAGCCGTTTTGGTACTCCCTATACCGACTTTATAAAGCGCTCAAAAAATAAATGCACATTCTTAATTTATCTACCAAAGGGCGCACCGGCATGATCAAAATCAATGATTTGGTTCAAGCGGCCGTAGTGGATATGAAACTCAACCAGGGAATTGTTACGATCTATTGCCCGCATTCTACCGCCGGGATTACAATTAATGAAAGTGACGATCCGGCTGTGCAAAGGGATATTTTGCATCGTTTGGACGACTTGGTTCCGCTGAATCTGGACTATGAGCACCATGAAAATAATTCAGACGCTCACATCAAAGCATCGTTGATCGGTTCGTCGGTGCAAGTGTTTGTGGAAGAGGGTACAGTGCGATTGGGGCAATGGCAGGCGATCTATTTTTGCGAATTCGACGGCCCTAGAAATCGAGAGCTGTGGCTGAATCATTAAAATATTTTTTCTTTTTGTCTATATATTTTTCAATCTTTCGTTTGTCATGCACGCAACCTAGGTTGTATATTTTTTTTGTACAATAAAAAATAAAAACGTTGACTACTCTTTCGCTTCGCAAAATTTTGACTGTGTTGATCGCTACCGCTCTTTTGACGGGCGTTCTTTCTTTGAATACGTTCGCGGCCGTGGAATGTGACCAAGATGGAGATGGATACATCTCTATTCCGGCGCGAGTGATGCAGGCCGTTGGAGTTCAAGAATACGATGAAAACGGAAATTACCCTGCCGACCAGTGGCAAGTGTTTTTCTCAATATCAAGCTGCCGATAAAACGGAGGCAGAAACCTGTACCGGTTTGAATTTTAAAAAAGGGGCTGAACCTACCCGTTGCGATTCGCCTACGCTCAGTGCCAATAGCAATGTGTACGACCCCTCTGTGGTTTCTACCGCTCCACGTGGCGCTCAAGTAAACCCGGCTGCCTTTGATGCCCCAAACAATGGAATTGATGAAAATTGTGACGGTGAAGATGGTAAACTCATATCCCCCTCTTTGGGTCAAGATAAAGATTTAGGCAATTTGGTGGACAGTGTGGTACGTTTGTTGGGGCGCGTGGTGGTGGTGGTTTCGATTGTGATTATGATCTGGGGTGGTGTGCTTTATGCAACCGCTGCCGGAGATGAACAAAAGACCGGTAAAGCTCGCAAGGCGATACTCGGTGCGGTGATCGGGCTAATTGTTGGTCTGTTGGCGCCAACCATTGTAAACTTAATCGCGTCCAACCTGGTTTAGTCAAACAAAAACAAAAAAAAATAAAAGAGGCCTGTCGTACCAATTGAAGAATGACGGGCCTTTTTTTATGCCTTATTTTTTCTCTTTTAGTTCTTCGATTTGGTCACGTAAGTCGGCTGCTTTTTCAAATTCCAAATTCTGAGATGCCAATTCCATTTGCCTTTCAAGCTCTTTAATCAAAGACCCTAGCGCCTCTTTGGGCACCTTGGTTTTATCATACTTTGCCTTGGGCTTGCCCGAGGTTTGCGAGATGTCTTTGACCGCTTTTTGAATGGTTTGAGGCGTAATGCCGTGCGCCTTATTGTGGGCTATTTGAATAGCCCGACGTCGATCGGTTTCGCCGATCGCCCCTTTCATGGCGTCGGTTTCACTGTCTGCATAAAGAATCACCCGCCCATTGGCGTTACGTGCCGCGCGGCCAATGGTTTGAATCAGCGCATCGCGCGAGCGAAGGAACCCTTGTTTGTCGGCGTCCAGAATGGCTACCAGGGATACTTCGGGCAAATCAAGCCCTTCGCGTAGCAGGTTAATTCCAACAATCACGTCGATCTCGCCCAGGCGAAGGGCGCGTAGAATTTCGATTCGTTCGATCGTATCGATATCGGAATGCAGGTATTTTACTTTTACATCGGCTTCCAACAAGAAGTCGGTCAGTTTTTCGGAAGATTTTTTGGTTAACGTTGTGATGAGCACTCGCTATTTTTTGGCTACAGTCGCCTTTATTTCTGCCAATAAATCATCAATTTGGTGCTTGGTGGGCCGCACGGAAATGGTAGGATCCACTAAACCGGTAGGCCGAATGATTTGTTCCACAATGCCTTCGGGCGGGGTGTGCTCGTATTCATATTTGCTCGGGGTTGCCGACACGTAGATCGCTTGTTTGATATGCCCTTCAAATTCCTCGAATTTCAACGGACGATTATCGTGAGCGCTGGGCAGCCGAAATCCATGCTCGATCAAGCTTTGTTTGCGCGAATAGTTTCCGTTGTGCATGCCGCCGATTTGCGGAATGGTGATGTGCGACTCGTCGATGACCATTAAAAAATCATCCGGAAAGTAGTCGAGCAATGTGGCCGGTTGCTCACCGGGCTCGCGGCTGTTGATGTAACGAATGTAGTTTTCAATTCCGCTGGTATACCCGGTTTCGAGCATCATTTCCAAGTCGTATTCGGTACGGGTTTT
CP064978.1_gap28	1141798	1142991	1193	CGCCATGCGCTGCTCCTCTTCTTTAAGCGATTTAAACAGAGCGGACAAGGAAGCTGAGCCGGGTACAACCACGGGGGCAAGCAGGTGCCGCGCTAAAAGGGGAACTTTGTTTTTTGAGCGAAAGGTGGCTTCCACTAACTCATGAAAGTCGATTACCCCTTTTATATTATTCAAATCTTCCTCGAAAACGGGGTAATGAGTGTGGGTATGTTCATTAAAAAAGCGTACCAGTTCGGAATGAGTTGCATTGATGTTGATCGCCTCGATGTTTTTAAAAAGCGTCATTATGTCCTTTGTTTCGGTTTTACTGAATTTAAGGATTTGCTGAATAAAAATCGCTTCTTGTTCACTGATCACCCCTTCTTCCGCTCCGATTTGTAAAATAGCCTGAATTTCATTTTGAGTGGCCGTAATGACATCACGTTTTTTGAGCTTAAGCAGCTTGCGGATCATAATGGCGGTCTTTTCAAAAATTATCACCACGGGAGTAACCCCCCACACAAACCACCGCAGGGGATAGGCAACCGTTTGGGCTATTTTTTCGGGAAATCGCAAAGCCATCGTTTTAGGAATAATACTGCCAAACGCGATTAATAACACTGTGAATACTGCCGTAAATGCTGTGATTTCGCCCTCCCCGAACCAATGGATCCCCAGCAAAGTGGCGTACACGGTGGCCACAATGTTCACCATTTGATTGGTGATCAAAATGATGATCAAAACTCGTTGCGGGGTTTTTTTAAGAATGGTTATCGCATTGGTCCCCCAGCGTTTTTCTTTTTGCATTGCCCGCAAGCGCGGCTCGGTGACGGTGGTTAAGGCAATTTCGGATGCCGAAAGCATGCCCGAAGCCGCCATGAGTGCAATAATAAAAATCAGCATAAAAAAGGTTTCCCTTCATTATACCATTTTTTGGCTTTCTTTTCCAGAAAAAACCTTTGGCTACGTCAACAATTCGTATCCGGTTTCGGTGACCGCCACCGTGTGCTCAAAATGAGCAGAAAGGCTGTGATTACTGGTAATCACCGTCCATCCGTCGTTGGCGGTAAACACCTTGCCATTCCCCGTCATGGCCGAAATAGGTTCGATCGCCAGCACCATGCCGGCTTTTAGTTTGGGGCCAGACCCTTTGCTGCCTTTATTAAGAATTTCGGGGGCTCGTGAAGTTCTTTGCCCACCCCATGCCCTGTGCA
CP064978.1_gap29	1180927	1185747	4820	CCGTTGAGGTCGACCGGAATTTGAGCGTGTTCCTGAGTTTTGCCCACCACGCGTAGATCGGTGATACGAGCCCCCTTGATCATGACCATCGGCTGTTTGTTGGCCACGCCAAAGGGTTCAAGCAACGTGAGTTTACCTACCGTTTCGAGCGAGACTTCGTGGGCCTGAATTTCACAGTCGATCGAGAGCGTTTCCTGAAACGCCGATGGGTCGAGATTCTTTTGGCTGTAGTCGTTTAAACGACGGATGAATTCATCGTAATTTTCAGCCGGCAACGTAAAGCCCCCTGCCATGGCGTGCCCGCCAAAGGTGGTAAAAAGGTCGCCGGCGCATTCACGCACCGCCGCGGTAATGTCGAAGCTATTCAGGCTGCGCATAGAACCCACCACATGGCTGTCGATCTGGTGCATGATGATAGTAGGACGGCCATACTTTTCGGTGAGTTTGCCCGCGAGCAAACCTACTAATCCGGCTTTCCATTCGGTGCTTTTGAGCGCGATGATGGTGGGCCTTGAGTTCATGGTGTCGATCCTTTCACACGCTTCGTCGAAGTATTGGGTAGTCAGCTCGCGACGCGCTTCGTTCAGTTCGTTCAATACCTTTGCTTTGGAGCAATCGCCCATCAAAAGATCGAAGGCGTGTTGAGGGGTGTCGAGCCGGCCGGCCGCGTTGATGCGCGGGCCGATTTGAAAACCGATGGTACCGCTGTCGATGGTAGCCGGATTAATGCCCGCTTCTTTCAAAAGTTCGGTGAGCCCGGGATTTTTGCCGGCGGCGAGCCGTTTTAATCCTTCGCGCACCAAAATGCGGTTTTCGCCGGTCAGTTCCATGCAATCCCCCACCACGCCCAAACATGCAATGCTGAGCTGCTGATCGAGGTAATCGGTAGCACTTTCGCCCATAAAATGCGGAGCGAGCGCTGTGACCACTTTGTAGGCGATGGTGGATCCACAGGCTTCTTTGTTGATACACACAATCGGTTTGATGGGGATTGACGATGGCCAGCGCCGGCGGAAGTTCCGCCGGGAGCGAGTGATGGTCGGTGACGATCACTTCCATCCCCAGTTCGTTGGCCAGTTTAATTTCTTCTAAATTCGACGTGCCGCAATCGACCGTGATGATCAAATCGATTCCCGCTGCTTTAAAGCGTTCCATAAAATAGGGCTTCATGCCGTAGCCGTCCTTTTCGCGATGCGGGAGGGTTACTTGCCATTTCGCTCCGGCATTTTCCAAAAAATCAGCCATAATCGCCGCTCCGGTGATGCCGTCGACATCGTAATCGCCAAAAATCATAATTGATTCTTGATTTTCGATCGCCCGAGCGATACGATCGACCGCTTTTTGCATGTCTTTCAGTAGAAAAGGATCGTGCAAACGGGTGAGATCGCCCTTAAAAAACCAATCGGCCTTATCGGGGGTGGTAATACCGCGATTTTCCAATAATTTGGCTACCACATTCAGCGCCTTATTTTCATTTTCGATCACCCATTTTTTACCTAGAATGCTCATTTTGTATGCTTAAATCTGGCTAGTAGTTTAAACGGAGTTTGTTGAATGGGCAAGAATCTAGTTTTTACCGCTTTGCCCCCTTGTTTTTGAGGGGATTTTTTGGTATAATAAATAGATTTATTTAGTACGTAGTTCGTAGGGTGTAGGGGGTAGCTTCAATAATCGCTACCGAACTACACCCTACGAACTACACCCTACACCCTCATAAACAAGTGGACATTCTCAATGAAATCATCGCATCGGTCGGACCAGCTTGGGGGTGGGTAAAGCTGCATTGGATGTGGGTGGTGTTTGGGCCGATGGCGGCTTGGTATGGGTTTAAATTGTGGATTGTGGGCGGACGGTTTATTCACCAAGTGCGCAGTGCCAAAAAATTGGTGTATTTAAAAATTACCTTGCCACGCAGCGATTCGAAAATGATCAAGAGCAACGTACCGAGAAGGATTTTAAAGAAAAGGTGGCGATTATGTCGCAGCTTTATCGCGCGCTATACGAAATTCGTGAGTTGAATTTGATGAACCGCATTAACGTGTGGCTATGGCAAGCGGATAATATTTCGTTCGAATTGGTGGTGGAAGATCACGAACTTAGTTTTTATGTGGTTATTCAGCCTTATTATCGCGATATTCTAGAAAAGCAAATCACCACGTTTTACAAAGATGCCGACATTCAAGAGCTCAGTAAGCCCTTGGCTTTTTATGAAAAAAATAAGGAATCGCGCAGCTATTTTTTGTATACCAAACGTCCCTTTTGGTATCCGATTAAAAGCTACCGCGAAATGGAACAAGATCCGCTGAACGACGTCGCCAACGTACTTTCGAAACTTGCGGATGGGGAAAGAGCGGTCATTCAAATGATCATTAACCCCGTGACGAGCGAAAAATGGCGTGCTAAAACTGAACAAATCGGCACGGCTTTGTTTAAAAACAAACCGATCCCTTGGAAGATTCCCATTCCCATTTTGGGTCCGATTTTGAGTGTATTGCTGAATGCGGTGCGCTTGTTTATGCCGGGGGGCGGCAGTGGCACCAATGCGCCGGGCGCCAGTGGAGGTGATTCGTATGTGCGTATGCTACAACCCAAAGAAGAATCCTTTAAACGTATTGGAGAAAAGGCTGGTGGTGTTGGGTTTGATACGTCGATTCGCATTATTGGCCAAGCCGATACCAAAGCGCGCGCAGTCGAAATTACCAATAACATTGTGGTGGCTTTTAGTATTTATCAAGATCCCTACCTAAACGTATTCCAAAACCGTCGGATTATCCCCATCGATTTTATTAATAATCCATTGATTCGGTTTTTGTTTAAACGTCGTATTCCGGGTATTTTGCATAAAACGCCGTTGCTTGCCCAAGATGAGCTGGCTTCGTTGGTGCATTTTCCTGATTCGCGCTATAACCCCATTCCTATCATTCGTTGGTTGCAATATAAGGTACTGCCTCCTCCGGTTGATTTGCCAAGAGAGGGGGTATTGATAGGCAAAAGCATGTACCGCGGGGAAGAGCGAGACGTACGGATTCTTAAAGACGATCGGACCCGTCATCAGTACATCATCGGTAAATCCGGTTCGGGTAAATCGGTGCTACTTAATTTTATGGCGCGCCAGGATATTTGGAATGGTGACGGCATCTGTTTGATCGATCCGCATGGTGATTTGGTGGAAGATACGCTTCGAGTAGTGCAAAAGGAACGTGCGCGCGATGTGATTGTGTTTGATCCGTCCGATACGGAGCGCCCGATGGGACTGAATTTGCTCGAAGCACATACTCCCGAAGAACGCGATCGCGCCTCGCTCGACGCGATGGAAATTTTTATCAAGCTGTTTGGCGATGAAATTTTCGGCCCACGGATTCAGCATTATTTCCGTAATGCGTGTTTAACGCTGATGGAAGATGAGGAAGAGGGGGCCACGTTGATTGATGTGCCACGGATTTTTGTGGACGAAGAGTTCCGCAAGTACAAAGTGGATAAAGTACAAAATGCGGTGGTTCGTTCGTTTTGGGAACATGAATACGCCAGCACCGGCGATCGTGAAAGCAAGAAATGATTCCGTATTTCAGTTCTAAATTTGGCCCGTTTATCACCAACACCACCATCCGCAATATTATTGGTCAGCCCAAGAGCGCCTTTAACATTCGCGAGATTATGGATCAACAAAAGATTCTTTTGGTGAATCTGTCGAAGGGGAAAATTGGTGATGTAAACGCCCAGCTTTTAGGGCTGATTTTTGTAAACAAAGTGAACATGGCGGCCATGAGTCGGCAAAGTATGGATAAAAAAGACCGAAAAGACTTTTTATGTATGTGGATGAATTTCAGAACTTTGCGACCGATACGTTTGCTTCGATCCTTTCGGAGGCGCGCAAATACCGCTTGGGGCTGATTATGGCGCATCAGTATATTGCGCAGCTCACCAAAACCCCGACCGGTCGTGATGACACTCGCGTGCGGGATGCGGTGTTTGGTAACGTGGGAACGATGGTCAGCTTTAAAGTGGGTGCCGACGATGCCGAATATTTGGCGAAGGAATACGCTCCGTTGCTTTCGCAACAAGATATCTTGAGCATTGCCAACTACAGCGCTTACATTAAGCTGAATGTGAACAACACCACCTCGCGCCCGTTTTCGATCAAAACCATTTGGGACCCCCAAGGCAATGATAAAATGAGTGATATTTTGAAGAAGTATTCGCGCATGAAGTATGGTCGTAAAAAAACCTTTGTGGACCAAGAGATCGAAGCGCGACTTGGAATTATTTAGATAATACCAACTAACTAAATACACAAATTACAAACAATCCCAAATAACCAATACCGAACACCTAATTTTTGTAGTTTAATTTTTTGAAATTGATTATTTGAAATTCTTGCGATTATTGTTTGTAATTTGTCTATTCGTAATTGTGTATTTAAGCGAAGCGCCTTTTCTGCTAGAATACCCAGGCCTTTTAAACATGCGATTATGAAAAAATGGTTATCGGGTCTACTCATGGCATTCTTTTTGTTTCCAAGTGTGGCCAGCGCCCAGCTGAGTTTTAATTTGAATACGGTGCGGCCGATCATTAAGGCAAATGAAATTGTGCAAGTGGGTAAAAACATCATTTTGGACGCCTCACAAAGCTTTTTGCCCGATAAAGAAGTGCCGGCGGTTTATGAATGGAATTTTGGAGACAGCACGCCAACGGACACGGGGGTGGAAGTGGTTCACACGTTCTCGGAGCCGGGTGAATATTTGGTGGAACTTACGGTAACCCAAGGCGACGAAAGCGCTTCGATTGCGCACAGTGTGTTTGCTTATGAAAATCTGATTTTG
CP064978.1_gap30	1186913	1191628	4715	ACTTATTTGAATGAAAAAATTTAGATTCCGACAATTTCCGGTTTACCAAGATTCATTACGATTTAGAAGAGCTATTAAAGATCTTGTAAAAACTAAATTCCCTAAGGATGAACAATTTGTTTTAGCCCCCCAAATTCTAAGGGCAACTGATTCGATTATTCTTAATATCGCGGAAGGTTCTGATCGAAAAACGGATAAGGATTTTGCTCACTTTTTGAATTTATCGCTTACCTCATTAAACGAAGTGGTTGCCTGCTTTGATTTAGCACTTAGCGACCAGTATATTACTAGTGAAGAACACTCTGAATTATTGTTAAAAGCTGAAGCGGTTGCAAATCAATTAACAGCCTTTAGAAAGAGTATTATATGATTTTATTTGTGACGATTGGTCGATCGACTAACTAGTCAAAGGTCAATGGTCAAATGTCAATTGTAGTAAAAATGTGGTTCTTCCATAATCCGGGTTTGCTGGGCATCAACGCCCGGAATCTGAAATACATTAAGGCGTATAACCCTAAAAAAGCGATTAAACTGGCTGACAGTAAGCTAAAAAGTAAAAGTTTTCTTTCGGCGCGTGGTATTCCGGTGGCGCGACTTTTTGGATCGATTGGGTCCAAAGCGGACTTGGATAAATTCGATTGGGAAAGTTTGCCCGCTTCGTTCGTGGTGAAACCCAACGCCGGATACGGCGGTGAGGGAATTTTGGTGATCAAAGGGAGGAAGGGCAAAAATTGGGTTAAAAGCACCGGAAAAATTATGCGGCATGAGGAATTGATTTCTCATATCAATGATATTATTGATGGTCGTTATTCCTTGGCTAATATTTCGGACATCGCTTTTTTTGAGCAGCGGCTCGAAGCCCCGACCCCTTTTGATAAAATGAGCTATAAAGGCCTGCCCGACATTCGCGTGGTGGTTCATAATTTAATTCCGGTGATGGCCATGCTACGGCTTTCAACCGAACGTTCCGATGGTAAAGCCAATGTGCACGCGGGTGGAGTGGCGGTGGGGATCGATATTGCTAAAGGGGAATTAACTCATGTTACCCAATTCAATAAGGAAATCGATAGTGTGCCGGGATACGGTGAAGTGAAGGGGTTTAAAATGCCGCATTGGGAAGAAATTTTGCTGATCGCCTCACGCGTGCAGGACATTACCAACTTGGGATTTGCCGCGGTCGATATTACTTTGGACAAACAAATGGGACCGGTTTTTTTAGAGGTGAATGCGCGCTCTGGCCTTGCGGTGCAAATTGCCAACATGGCCCCGCTCCGCAGACGACTGGAACGGGTGGAAGGCATTAAGGTGAGCAGTCCCGAGAAAGGCGTACGCATTGCTCAAGACATTTTCGGGCAAAAAATTGAGAACAAAAAGCCTACCAAAGCCAGTTTGAATAAAATTGTTATTGGCCGACTGGAACGAGTGGAATTGATTGGCGAAAAAGAAACCCAAAAAATCATCGCCCAACCCGACTTGCTTTCCGAAAAATCGGTTTTGGACCGAACCATTGCCGAAAATTTGGAGCTCAAAGACGGACATTTAAAATTCAATCTAGCGGATAAACGGTTGCGCACGGTGGTAGAACTGGGCGATTTTGCAAACTTGCCTTATCAAATGCGCATTGGTAGCCGCGATTTAAGAGACTTTTTAATCGATCCCACCAAGGGGCCGGCCAACGAAGGTGCGCCGCTTACCCCGCATTTAGCGCGCACTTTTACTGACGAAGATTTGCGCAAGTTGGACGACGAAATTTACGATATTGATGCACACCTTCGCTTGCTTTCCAATTTGACGCACACCAACTTGGACGAAGAACCTCAAAAATTTCTTGAAAACCCGGGCTATAATCCTCAATTTGAATACAAACCTCTGTCGTTTGACCCGAACCATTTGTACGCGCGCCTGAAACGCCTCGAGTTTCCTGCGACCCCGATGGGGATTTTATGGGAAAAAAAAGCGGATGAGATCCGGCGCAAAATTGAACTGCTTGAAGCGCGCGACACGCGCGATTTTACCCGTTGTTCCGTTGCGCTTTACGGAACTCCCGATGACACATTGATTCAACTAGCCAAAAAGGAGATCCGGAATATGCCGACCCATTTTCCTGAATCGACCGAACGACTTACGGCATCCCAAGCTAAAAAAGCTTTCGAGGAAGCGATAGAAAATTACGGCCTCAAGGGCTGGAGCGTAAAACTAAAGGCTGAAATGGTGGCCGATGCCGTCGCGGGGAAAGAAAATACGGTTTTCATTCGTGAAGGGGCGGTTTTTTCTCGGGAACGGTTGGCGGGCACCATTGCCCATGAAATTGAAACGCACGTGTTTACCGCGATGAATGGTAGTATGCAGCCGTGGCGACTTTTTCAGCGTGGCTTGGCTGATTATCTAGCCACCGAAGAGGGCTTGGCGGTTTATAATCAAGAAAAAACTGAGTCCAGCGAAACTCCTAAAAAATATTGGCCAGCCTCGTCGGTGATTGGCATTCACATTGCTTTAACGGGCTCGTTTGTGGATGTGTATAACCAATTGATCACCTATGGATTTGATTTCAATCGCGCCTGGAAGGTCGCACTCAAGGCGAAACGCGGCTTTGGCGATACCAGCAAACCGGGCGCCTTTACCAAGGATTTTGTTTATTACAAAGGCTATCGCATGGTGAAGCAGTTTGTAAAAAATGGGGGGAATGTGAAGGATTTGTATATTGGAAAAACTAATTTAGCGGATCTTTCGATCGTCAAACAGGTGAAAGGACTTAAGGCACCGGTGTTTTTGCCGAGCTATTTGACCGACAAGGAGTCCTGATCGGGTTTTTAACTGCTCACAAATTGTTTGCATAAATTCTTTTTTTATGTTATAATATTTTGTTAGACTAAAATAAAAACCCATTGTGACCCATTCGGATCAGCGACCCATCATTCTATCGGCGCCCCACGCCAAAAGCACTATCGACGGAGATTTACGCAAACGTTTTGCCCTGAGCGATTATGAGCTGTGGAAATGCAGCGACCCTTATACTGATCGTTTAGATGAGTTTACCTGTGCGCGTAGCGTGCATGTGGGTAGTAGTCACCGCTTATTGGGGGATTTAAATCGCCCGCCAAGCCTGGATGCCGCTTTTCGCGAGACTGACTTTTTTGGCCGCGATGTTTTTTTGGAACAACAATCGTTCAGTGAGGATGAAAAAGCCGAACTCTTGGCAACCTATTGGCACCCCTTCCACGAGGAAATTTTAACCTCCATTCACCGGCTGGATGCCGAAGGACACCCTGCGATTTTATTGGTGGATTATCATAATACGTCGGGGGATCACGCGCTGAATCAGGACCGTGATTATATGCCCAGTATGGTGATTTCTAACTTGGGCGCCAAACAAACGGGCGAGCTTTACCCTTTGCACCCGATTACATCGATGCCGACAGAAGGGATGTATACTCTTCAGGCGCGCATTGAGGAACATTTGGGCATTAAACCCGCCATCAATACCGTTTACTACGGTGGGTACAATTTACAATGGTATGCAACTTTAGCCTCACAAATGAGCACTCGTGCTACTTTGTATGCGGTGCAAATTGAATATAATTTGGATTACGTGTTTAATCCGATCACCAAAAAATTTGATCCCGAAGCGCTGCATTTGTTGCAAACCGCGCTCAACCAGAGCCTGGCAAACTTGTATGATCACTTAGTGGACCGTGAGGTACAACCCCTCGCGCATGAATCACATGCGGTGGCAAGCCTGGTGCCGTATGCAAGCGATGGCGCGGCGATTCGGACGCGGTAGCAAAACGACCAGTAAGCAAATGCCTTAATGCGTTATTTTCGAGCGCCTCGCGGTACCCCATTATCAATGTGGCGAGGAGTTTTTCACGTTGATTATCCAAGGTATCAGCCGGTAACGGCCCCTTGGGCCGTATTAATGTAACTTTGGGGTTTTGCAGCTGCGCACGCCTGAGCGCTTCTCTTTCCAGCTTTCCTTGCTTATATAACTCGTAAAACGTGGATCGATCCGGATCGCCAAACAAGCCTTGGTAATAGCTGCTTGCGTCCATCACTCGTTCGCTTCTTCCGCCCGGCTTGGTCAGATCGAATGCGATCACGCGGTCGATGGTAGGATTTTGCAGCGCTCTTTCGATTAAAAACGGGGTTTGAGCCGATAACATACTGTCGATCAATGTTCGGCCTTGAATAACCACTTGCTTTCCATAAAAAATGGGCAGTGCTTTCGACGCTCGCATCGCCTCGTAGATTTCGTTGGTTTCTAAATGAATATCGCTGCCCGCTTGCGGGCTCATAAACACCACATCGGCCGTTTGGTAATCGGTGGCAGCCAACTGCAGTTCGATCGGATTGCTGCGAAATCGGTCGGTTTGGATGGGATTTTTGGTTTTAAAAATGGTGTAGACCAGGTAATCGATGTCGGCGCTGAATCCCGACATGAACTTTTCATCGCTCAACAAATTCAACCATCCATAAGCCATTTGGTAAAACTGTCGAGCTTTGTAATAGCAAGCCGTTCCTGCACTGCCCGAGGCAGCAACAATAAGATTGGGTTCGCATAAACCATAACGCTCAAAAAGAGCAATCAGGGCGCCTACAATATAAATGCAGCTCATCCCCCCGCCGGATAGCACCAGGGCGATTTTTTCTTTGGTGTGCTCTCTTAAATGGGCTGCGTGCGCTTCAAAATCGGCCGGTTTATAAATAAAACCCACCTT
CP064978.1_gap31	1204681	1207355	2674	GAGGATAGTTTTTTAATTTTAAAGTGTTGCAGTGCCCAGTGCTGCAGAGAATGCTGAAGCACCGCAGCACTGAAGCACCCTGAATATGATTTTCATCCTATCCCCTTCTAAAACTCAGGATTTTGATACGCCGGCGCCGGTGAGCGACGTGAGTCAGCCTCGCTTTTTAAAGCAATCGGAAGTGCTGGTTAAGGAATTGAAAAAGCTTTCGGAAGTGGAGATTGGCAAACTGATGAGCATTAGCGATAAACTGGCCGCTTTGAATTATGGGCGCTATCACCGATTTACCGCCCCGTTTAAACCGAGTAACAGCAAATCGTGCCTGTGGGCATTCAGGGGGGATGTGTACGACGGAATGAATGTGGATCATTATTCCCGAACGGAGGTGGATTATGCGCAAACTCACTTGCGGATTTTTTCGGGATTGTATGGGTTGATGCGTCCGCTCGACTTGATGCAGCCATATCGCCTGGAAATGAAAACGAAACTGAAGAACCCAAAGGGGAAAGACTTGTATGATTTTTGGGGGCATCAACTCACCGATCAATTGCAGGCCGATTTAAAAGCAAATGGCGACGATGTGCTGATCAATTTGGCCTCACAGGAATACTGGAAGGTGATTCAGCCAGCAAGCTTGAATGCGCGCATTATTACGCCCAAGTTTATGGAAAATAAAAATGGGGATTTAAAAATGATCGCCTTGTTTGCCAAAAAAGCGCGCGGCCTGATGGCGGATTATTCGATTCAGAATCAACTAAAAGACCCCGAAGCGCTTAAGTCATTTTCTGTTAATGGATATCAACTAAATTCTGCTCTTTCTTCTGCCGACGAATGGGTCTTTGTTCGTTAGCACGAACAACAAATTGACTTACCTTTTAATAATTCCCTTGGGGGGTTTTTATTTTTTGGTAGAATGAGGCTATGTAGTAAACTGCCTAGTCACCCCTATTTATGGTAGAGCTTGCCCGTCAAATCTCAACAACTGACTACTACAAAGCTGCTCTCACAAAGCCCAATGGTTTTCGCACCCCCGATGATTTAGGTCCTTTTGCTGATCAATTAGCCCAATTGGCGGTTCAGATTCATGGGCAAGTCGCTGTTACTCTGGATGCCCCTTCTGGTGCCGGTAAAAGTTGCACTGCACAACAGTTGATCCATCTGGTTGGCTTGCATCACCCAGAGGTGAGTGGGGTTCATGTGGAGGGGGATCGTTACCTAGGAACACTGCGTGGAACGTGGCAGCGCGAGGCTATGACCAGTGGTGGCCCCGCCGACTTTTGGCAAAGGATTCACGATTGGCAGGCACTCACTAATTTTCTTGGCCGTGTTGCTTCTTTGGGCGTGAATGGAGGGATTGTTCCCATGGGTAAAACCTACGAGGGCGATTACTTCCGATATGATCGGATGTCCTATATTCCACAAGGTCCGAAAGTCATGGTTGTTACGGGCCTTCGCTTGGGCGATGCCGTAGCAGAAGTGTATGGCCAGCGGAACACAATACGAACTGTTTTGAGTGTAGACCCTGCTATTGCACTCATGTCGTCTTTAGTACGCGACCTATCGAATGGTCGCATTACTGATCTTGCGAGTTTTAGGGAACGATTGGAGTTTCGCCTCAAAGAATATGCAAACCAATTGCCTGCTTTTGGTGCCTTGCTCAGCCGCACAGGAGAGGACAAACCTGTCGTCTTTGATTACAATACGGTTCACCCCCCTTTGGCTAATCTAAAAGAGGTCCTGCTTAGCCAATTGGCTGAATGGAAAAACACAAAACAACCTGCTGAGAACCCGGATATGCTGGACTTGGCGGAGGTGATTCAATTGGTGGGAACACCCGAAGATCCTCATGCGGCAGCTGCTTAATTTATTGAAAAATAAAAATCATTTTACAAAAGTACACGTCTTCGTTAAAATGACTTGGCTTTTGCGTCCGGTCCCACATCATCGAGTGACATTTATATTTGGAGCGGTAGTTCAGTTGGTTAGAACGCCTGCCTGTCACGCAGGAGGTCGCGTTCAAGTCCCGTCCGTTCCGCCATTCTACTCCGTCAAAGGCTACGTCGAATACCATGAGACGTACGGCTTTGATTGCGAAGTGAATGTCCGCCTTAGCCTTGTGCGAAGGTGGGCATATTTGTTTTTGTATTTTAATAGGAATTTATTGTATTACGTTTATATTTTGAGAAGCCTAAAAGTTTTAAATGAAACTTATGTGGGCTTTAGTACTGATTTTGAGCGCAGACTAGCCGAGCATAATTTAGGTAAATCAATTCACACTAATAAATTCAAGCCTTGGAAAATCGACGTGTTGGTTTCTTTTGAAAATCGCAAAAAAGCAGAGGCATTCGAAAAATATCTCAAGACTGGTTCAGGCCGGGCTTTTGCTAAAAGGCACTTCATTTAAATCGTCCCATTGGGGTGGTTTTTTGTTTGTGTTACAATGGTGCTGGAATTAAAAAACATTCTTTACTTTTGTGCTTATGAAAAATGCTCTAAAAATGCTGCCCCTTATGCTCATTGGCCTCTTGGCGATTCCCCAAGGTGCCCACGCGCATTGGATTGGAGGATACGGCCTAGAAAGTGGGCTTACTCATCCATTGTTGGGCCTTGATCATCTGTTGGCAATGGTGGCCGTCGGTGTCATCAGCACTCAAATTACCCCTAATAAAATTTG
CP064978.1_gap32	1210438	1214723	4285	AAAAGCGTCGACCGACTGAGGGTCGATCATGGTGGTGCCATTGGGCTTGTTGGCCTCACTGCCCATTTTGGCCAAGGTTTTGTTGGGCGCTACCCCCACACTTACCGTGATTCCAAGCTGGTCGCTCACCGACTTTCGAATGGCGTCGGCCACGCCTCTATCGGTGGTTTTGTGCATTTCTGAAAGGCCAGTGAAATCTATAAACGCTTCGTCGATCGAAGTAACCTGCACCACGGGTGACCAGGTTTTCAGCAGGCTCATCAGTTGGCGCGATACAACGGTATAATAGCGTAAATCGCCGCTCAAAAAGATACCATGGGGGCACAGCTTTTTGGCTTCGTGCAGTCGCATGACGGTTTTTACTCCGCAGGCTTTGGCTGCTTCGGTTTTGGCCAGCACAAAACCGCCTAGTTTTCCTAGCACCATCACGGGCTTGCCTTGCAGGTGGGGACGGCGGGCGACTTCGCAGGCTGCAAAAAACCCATCGGCGTCGATGTGAGCTACCATTACATTTGACATTTAACATTTGACTATTGACTAATATTTTCGGACACTGCCGCGGACGACGCCGACGATCGATTGATGCGTGTAGGCGGATAGATCGATGGGGGGGTAGGCGCTGTTGGCGGGTAACAACCGCAGTCGGTCCCCTTGTTTGTGCAGGAATTTAACGGTGAATTCCCCTTCTAAATTTGCAACGACAATGTCTCCGGATTTGGCTTCGGGCGTGCGTTCGACCACCAGTACATCGCCTTCAAAAATACCGGCGTCGATCATGCTGTCGCCTTTGACGCGAATGAGCATAGTGGCATGAGGCCGTTCGATCAGGTAGTCGTCGAGCGATAGGCGATCATTCGCCTCTTCTTCGGCAGGACTGGGAAACCCCGCTTTGACCGATTCAAAATAAGGGAGTCCGTCGAAGTTTTCCCCGGGTTCCAGTTTGTTGCTTTTTCGGCGCAGATAACCCTGATCGATCAATCGATTGATGGCGTAATACGCGGTGCTTTTGGACTGATAGTTGAACAAGGTGCGCATGTGTTCGTAGGTGGGCAAATAGCCATGTTCTTTGTGAAAATTGCGCAGGGTCGATAATTTATCTTTTAAGGATTTCATATCCAGGAATAAGAAGTAAGGATTAAGTAAAAGGTGGCTTAATTCTGACTCCTTATTCCTTAATCCTTTTTAGAACAAACGTTCTAAAAACATCCTTCAGCTTAAAACGGGCTCGACGAAAGTGCAAGCAAATGCGGTTGACGATGAGCGGAGTTCGATTTAATTCACCCGTTTGATGTCGGCGCCGAGTTCGGTGAGTTTTTGTTCGAGGCGCTCGTAGCCACGGTCGATGTAGTAAATATTGGTGATTTCCGATTCACCTTCGGCGGCTAGGGCGGCCAGCACGGTGGCGGCGCCGGCGCGGATGTCGCAGCTATTTACCGAGGCTCCTTTCAATGCTACCGGGCCGGTGATTTCGGCTTGGTAGGCGTTGAGCAATTTGGGTTTTACGCCCATTTTTTCGAGTTCGTATAAATACTGCAAGCGTCCGTCGAACAAGGTTTCAAACACAAAACTGGTTCCTTCGGCTTGAGTGAGGAGTGTGGCAAATGGCGCCTGAAGGTCGGTGGGGAAGCTGGGGAATACCGCCGTTTGCAAACGAATGGCCTTTAGATTTTTGGATGGCAAAACGCGTACGGCATTTTCAGAAAGTTCGAATCGCACGCCGACTTCGCGCAATTTTTGCCAAAAGATATCGAGATGATGAGGTACCAGGTCGGTTACGGTGACTTCGCCTTGGGTGATGGCGCCCGCTAGCACTAAAGTGCCGGCTTGCAAGTAATCAGACGTGACGCGATAGTCGGCTCCGTGGAGCTCATTTACGCCTTCAATGTGAAGGGTGTGCGTGCCGATTCCGTCGATTTTAGCGCCGCAGGCGTTTAAAAGTGGCATAGATCCTGCACATGCGGTTCGCTGGCGGCCAAACGAATGACGGTGGTTCCGCTGGCGGTGGCCGCCGCAGTAATGGCGTTTTCGGTGGCGGTTACGCTCGCTTCGGTCATAGTAAAGTCGACCCCTTTCAGCCCACTCGTTTTTAAGTGAATCAGATCATCTTGCATGACCGACTGCGCTCCCAGCGCTTCGAGCGCCATTAAATGCGCATCCATAGGACGCTTGCCCAGTACGCATCCCCCCGGAAAAGCGAGTGAGACGTCTTTTTGGCGCGCCAAAAGGGATCCCAACAGCAAGCTGGACCCGCGCAATTTACTAACGAGTTCATGCGGAATGGCCGAGGTTTTAATGGTTTCGGCATGAATTTTGAGCGTGTTGTTTGCGAACGAGTTCTCCACTCCTAAATGGTTCAAAATTTTCAACATCGTGTGAATATCGGCAATGTCGGGCACGTTGGTGAGCGTTACCGGCTCTTTTTATAAGCAGAGCAGCGGCCATGATGGGTAGCGCGGCATTTTGGATCCCCCTGCGGTGACCGAGCCGTGAAGCGCTTTTCCGCCCGTGATTATAAATCGATTCGAGTGCATATTAATAATTGATAGTAATGTCCAATGTCCAAGCACCAATGTACAAACAAATTCAAATGATTTAATTTCTAATGACCTAAAAGTTTGAGTTATTTGGTTATTTTGGAATTAGTTATTGTTTGTAATTTGTAATTTGGTTATTGGACATTGATAGGTTAGTTGCTATTTGTTTAATTTTCTGCTATAATAATATGTTATTTATGCCTTAAAACACGTGTTTCTATTCTACTTAACATTATTGGTGATCGCAACGGTGCTTTGGGGCTATTTATTTTATAAAAAGACTATCATCCTCAACCGCTTAAGGTGCTTGCGCAAAGCTTTGTGGTCGGTCTTTTTGCGATGATTCCGGTTTTTTCTTATAAATACCTTTATGAACATTTTTTGCCGCGCTTGGCTGAATTTAGAATTTTTCAACCCCTTTTTCAATACTCTTTAGTGGAAGGGTTAATGATCTTCTTGTTTAACCTAGTGTTGCTTTCGCTTATTTTACTCATAGCGAGCGCGCTGGTTTCTTTGGCGATATCCGCGTACCCCCACCAAACCCTTGTTAACGTTAAAAACGCCCTTAAACAAGAACCGCTGGGGTTTGTGGCGGTTAGTTTGATGATCGGCTTTTTGATGTATATTCAGTTTGGCGTTGAACATTTAACCCAAGTAAAAGTGGTGGGCACCGTGTTGGGAAGCGTGCTTTTTTTGGCGGTGATCGAGGAATACATTAAGCACTTAATGGTGCGTATTTCGGATGATAATCGGCTGAATGACGTTGATGACGCGATCACGCTCAGTATTGTGGTTGGGCTCGCGTTCGCCTTTGTGGAAACCTTAATTTATGCCTTTAACGTGGGGAACATGGGACTGGTTATTTTCCGCAGCTTGATCAGTTTGCCTATTCATGTGGTTGCCTCGGGAATCTTTGGCTATTATTATGGGCTTTCTAAATTTTCGGCTGCTTTTGAGCGACACGAATCGTTTAAAAAACGTCATTTGCGTAAATGGCTGCATCGGTTGCTCAACCTTAAAAAACATACGCTTTATGGTGAGGAAAAAATTGTAGAAGGAACACTGCTGGCCTCGCTTTACCATGGGCTCATGAATTTGTTGCTTGAGTTTAATTTAAGCTATTTAACCATTCCATTTTTGGTGATGGGAGTGTTTGTCATCTTTGGCTTTTACAAAAAAGGCCAGCTGCATAGCCACCGATTCTTGGCCTATTGGCGGCGACGTTCTGGTGCACCGGTGGTTCAATAACATGTTTTGTTACTCACTAAAAAACTCCCGCGCCAAGGGCCGAGAGTTTTTAATGCGAATGGGATGTGGTTTTTATTAAATTCTGGTGACGCTCAGCAAACCTTCTCCACTGGTGCTGCGCTCAATTTTTATGCCTAACTGCTCCTGAATGAGCTGAATGGGGAGCAGCCCCAATTGAATAGCGTCGTGGACTTCGTGGGTTATTTTCCCTTCATCCCAAGCCCATTGGAGCATTTCGCCCAGCTGCTCAAGATTGATCTGAATTTTTTGGCTCCGATTGCTGGCCGAAATGGAACGGAAGGATGGGGTCATAAAAAGTTTTTTATTAAAAGGTAATTGAGCAATTATACCTCAAATTTTTATCAAAAGCAATCCAAAGCCGGTCGAATTTTCCTGAATGAAGTCCGGAAGATTTATTATTCCTCTATTCCCCCTACCTTTTTAAGAATTTCGCGAGCCACATCTTTTACATGCCGTGCGATGGGCTGGGTGTTTTTATTCGC
CP064978.1_gap33	1240645	1243243	2598	GGCCAATTCTGGGAAACCAATTACTTTGGTGGCCGGCACTTGATGCAAGGAAAAACCCAAGCGGTGATCGGTTCGATGCAGTCTTCGCAGAATGATCCGTTGGTTACTTTGTCGCCCCAAGGGCAGATCAGTCTTTTAAAACCGGGTTACGAGTTTGTGGTGGAAAACCAAGGAGCATCCCTGGCGCTTTCTTTGATGGACTCGTCTGATTTTTCGGCGCTTTTTCAAATGGAGGTCCCGATTGTGGCCCGCGGCATTCACGCATACACAGCCGACGATTCTTTTGAACCGGGCCATCTTTATCTTGATCCTTCCAATGCCGAAGCGATGGTGGAACGATCCGGTGGGTTTGAGCTGGTGGACGGGGGCGCCGTAGTGGCTCGTTTTACTAAAACTTCGTGGGAATGGTTGGATTCGAATGTTTCACTTTCGCTCAAGTCGAATGAGTCCTTTGCGGGCTTAACGCTTACTTTGAGTCGATTTGGTAAACCTTTGGCCGATCTGTATTGGCTGCCGCAAGTCACCTCTATTTTACCCGAGCAAATTCAATGGTTACGCCCCCTTCCTACGGAACGGTTGTTTTGCGGGCAACAGCACCACCCAAGCTATCGGACTCACTGTTTTGACCGGCGAAACGACGGAACTTTCGGTCCCTGCGGATTATGGGTTTACGGGTGATTCGACCTATTTACTTCGGTTTGCGGGGGGCAGCCCGGTGGGAGCCGCGGTGCAATACGATGCCGGACCCCATACGGTGGTATTGGGCGATCCGACCATTCGATTGACCAATCGTCCCAATCAAGGGATTTCGTATGATTCTACGGTTGGCCAACAGTTCTTTAGTGATCCTAAAGGAGCGGGGATTAAAAGCTTAACTCATTTTGATTTTAATCGTGACGGACGTGAGGATGTGGCGGCTTTGACGAATGACGGACGTGTGCGTCTATTTTTGGCTGAAGCGAGCGGAGGAACGTATCGAGATCGCGGTGATCTTGCTTATTTAGCCGATCCGCCCATCAGCATGGTCGCTATGGATTTTTCGCACGATGGTTATGATGATTTGATCGTGGGCACCGAAGGCGGTCGGTTGGTTATTTTGAATAATGACGCCGAAGTGATCACCCGCTTTGATCATCCGCTGAATGTTGGAAAACAACTGTATCAGCTCCTGTCGGAAGATATGGACCGGGATGGATTTAATGATTTGATCACGGTGGATAGCCTGGGAGATGTGCGTATTTTTTACAATCAATCCGAACCCGGGCGTCTTTTTGGGCCGCAGGAGCAGATTCCGGTCGATGGGCAATTGATCGGAGAATATGGCCTTCATTTACGTGTGGGTGAAAACATGGGCAATGAAGTGCGTATACGCTTTAGCGGCTTGCCCGAGCCTACCTCTCGCACGGCAAGCGCCCCGACGGTGCGTGCGCCTTCACCTCAACAACAAACGTATTTAAGCAACTACCTTAACGATCCCTCGGGCGCCACGGTGAGCCGGAGTGATGCCGAAAATTTCTTGGCGGACCAGGAGGCGAGAGTGGCCGATGCACGACAAACCAACACGTTGGCCGACGCGCTTTTACTGCCCTGGCAAGAACAGGATGCCAGCGATACTTATTTTGCCCCTTCTGCCGACTATACGCGATTGTTGAGTATTCAAAAAACCGTGGAACCGGTGAGTCGCCCCACTGCGACCAATGTGGATCGTGGAGAAGTGCTGCGCTACCGACTGGCTGTGACGGCACGCGACACGGTACGCAATTTAGTGCTTGCGGACGCTTTGCCCGACTTGCTTGCGCTCAATCCCGATAGCCCTGTTTGTGAATCGGGAGCGTGTGGAGCCATGAAGACAACCGCCCGGGATGTGTATTTGTTCTTTAGCAACGTATCGCTGGAAGCCGGTCAATCAATGGTGGTGAGTTATGAGGCGACCGTTCAAACTACCCCGATTCCCAAAGTGGTTTTGCAGCGATACGATGGCACCACCGCCCTACAAAATAATCGGATTGCCCCTGTGGATGACGCGATCGATCTTTTGATTTCTCCTCCTTATAATGCTTCGGGTGATTTGGTGCTGCATTATTCGGTGGAGCCAAGGCGCTATGAAGTTGCCTCAACGGTTTCGGCGGTTGCTCCCGAATGGGAAGATGGTGAAAAGGCCTTGAATGACTGTCAGGATGCCTTGAATGCCCTCACTCAATCGGCCGATCCAGCTCGTGAGTTGGCACGCGTGAATGCTTTGTGTGGTAGCGATGAGGCGATGGAATCGATTCGGAATGGATTTGACCCAACCAGCGGACAAACCCCGCCCACTCCCGAGGAATGCGGATTGAATCCGGATCGGTGTTCGCAAAGCATTATGGAAGATATTGCCGGCGTCATTAGTGGACTTAGCTGCTCCGGAGGCGGTTGTTTTCCAGTTCCTTATAACACCGCTTTTTTGGTTCCTTCTCCGCCCACGCCGATTCCTTTACCGGTGTTTGCGGCGCCCGTGGTTTACAATCCGCTGATTCCGGTGTGGCCCCCCACGCCCCCTTTGCCGGCCGAAGGCTCCGGATCGGTGATCCGTTTTTATGCTTCTCCCACCCTGACCGGCGG
CP064978.1_gap34	1244393	1247641	3248	AAGTGGTTAAAAATATCCGAAAAATTATCGATGTTTTTGTGGACTTTGAGGATCACTGCGATATTTGTACCAATGAACGGTATGCCAATTTTGGTTGGTATTCGCTTTTGGGACTGGTGATTCCTGAACTTCCGGTGATTCAGTTTCCAAAATGGCCCGACTTGGTGATCGACCTTTCGGACGTTAAGGCTCAAGTGAATTTGGAGGTTCCGGTGGTGCACTTGATTCCTGAGCCGATTGTTTTACCAACGATTCCACGCATTTCTTTTCCTAAAATCCCCCGTTTGCAAGATTTGGAATTGTTAGCGCAACTGCCCACCATTCCGGTTTTGCCAGCTTTGCCTTCTTTGCCGGAACTGCCCCCATTGCCGGCTGTGCCCGTGGTGGATTTACCGACGCTGCCTCCTCCTCCTAAATTGCCGGATATCGGTCAAAGTTTTGATGCCATTTTGCCTTTGATTGAACAAATGCTGAATGCGTGGTGTTTGATTAAAAAATCGCTCACCCCCGTTCCGGAAGGGTACTTAAAAGACCATATTACACTACTCACCAATCGACCGGCGTACATGACACCACTCGATTTGCTGCGACCTACGTTTCCCAAAATTCCTGCCGGAAACCTAGGTTTTGATGAAGTGCGCGTGGAAGCAAAAGTGCACTTGGGGTTACGCATTAAAGCGGCCTTTGAGGCTTTTGCCGATTTGGCGGATGAGTGGAATGGAGCGGCGACCGATTTTAGCAAGCTGATCGCTCAGGCGAGCGCGGATGCCGCTGCAGCAGTGCAACAAAAAATACAAGCCGCTCAAGAAGAGATCCGTCGCACCACCGGCGTGGATGATTTGATCGATACGATTGAAAATTTGGATCAGGTGATTGAAGACGCTTTCGATCGTGAGGTTCAACAGCGATTAGATGATGCCGGCATACGGATTAATCAGAGCGACTTTGCACAAATGCTACAAGACAGCGAGCGGGACTTGGCACGCTTTTCTGAATCGCTCACCACACTCATGGGTTCCGGCACGCAAGCAATTAATGAACAATTGGCCCGCGCCGTCGACGCAATGAACCAAGCGGTGGCGGAACGCTCGGAGGAATGGCGAGCTCAGTGGCGAGCGTTTTTGGCCGACACTTTGGTTCAATGGCTCCTGGACCGCTCGCAAGCGGTGCAAAATTTGGAACAATACGCTCGCGATCATCAATTTGATCAAGCCGGTGTTCAGGATGCTTTGAACGAGTTGAACCGACTGATGGACCCGGATCGTCGTGATTCGCTTTCGATGACTCCCGCGATGGGCGCCACCGAAACACGTGCTTTGAACGACATGAATTTGCTAGTCGATTCATTGAATCGTGCCAATCGTTCGGCAGTGGATTATCGAACGGTGATGGCAGATTTGGGCGTGCCTTCGGCTCGTTTGCCGGAACGCCCGTCTGTGCCCGATGGCCTAAAAACCGCCCAATCCGACCTGCTGGCCTATTTGAATCGTGTAAAAGACGAACGACAGCAAGCCAAAGAGACCGATGATTTGTTCACTTTACTGGCCGCTCGCTCCCATGAACATGCGTTGACGTTGACCGCCAGTCGCACTGGAGTTACTCCGGAATCTGCTCCGGTAGTTTCGGCTTTAACCGCCACCACTTCTTTTGACGAATCCCCTCGAGAACGGCTAGCACAACAAACGCCTGCTACACTGCCTTCCTCTTCCTCCAGTTCCAGCGCCCCCACGGGTGGGGTGTGCGTGGGGTCATGCCTGGTGGATCCGCTCACGCATCAATTGGTCTCTTTTATTCCTTATCTCAGCCAACCCGCCACTCATTCGATTACGTTTGCCGATAGTTGGGTTCCCCAGGAGCCGCATGCGGTTTATAGCGACCAAAATCGTGCGTATGTTAAGCAAAATGATCGTGCACGCACCCCAATTCGTTACGTTCGTTCGGTGGCGCAGTGGTTTGTGTTGGATGATTTCTCTCGACTTGGGTCGGTGGTTTTACCGGTAAAGAGGCGGTCAATATGTTCCAGACCACTTTAAATCGCAATGGATCCGGTGACATATCCTGGCTTGAATCAAGCCATCCACAAGTCTATGGTTATGGCATCGAAGTGACCCGCTCCCTTTTTGGCTTTGACCGCGACCAAGGTGCAGATCGATTGGCGGATTTATCGGTGATCATGCTCCCGAAAGATCCTGAATCCACGCTTCCTACCGTTTTGGTCAACGGTGCTCCGGTGGCGAGCAATACCTTGATCACATCGGCAACAAGTGTGGAGGAAGCGGAGCGAACCTTTGGTCTAGCGGGCATTCGGGTGATTACCGGGGCAGATCGTGTTACGTTCCCCACCCTGAACGCCTCCATTGCCTTGAATGCCTTGAAGGCGGTTTATGTGGTGGATTACACCGGGCCGCATGTTTCTTTGCCGCTGGCGAACGGCTTTTATCATATGGCCATTCGATGGTTTGACCGCCAAGGGTTTACTTCGACCGTTTCTGGCACAGAGCTATTGGCCCCCCAACGAGTGGATAGTGTGGCCACTCCGATCGACCTGCAGGCAGATGATGCCCTTTATGTTCCGGTGTATCGACCTGCCGAATGGACAGCCGCCGAACTTTTGACCGATTTAAGCGGCAGCTTTGAATACGCGTGGGATACCGATCAGGACGGGGTGGCGGACCAAACCGGTGAACGGCTTTTCTTTCCGGCCCAAGCGGAACCTAAGACCTTGTGGATCACCCTTTATGCCGGCACCGATTTGAATGATCCGAGTTATGAGGTGTATCAAAAAGCGTTTAAAGTAGTGGTGTATAGCCCGGGTATTACGTTGGATTCCGATCGATTTTTTAATGAAGGGGTGATCGCGGGGCACTTAATTCCCCTGAACGATTCGGATTCATTGGATCAAATTCCGTTTGGTCTTTTTAGAAAACGCTGGGGCCAATGGAAAAATTTAGGTTTGCTTAAACACATCACTCAACACCCCACCGTGCCTGATGTCAGTGGAACTGTCGATCACACCGGCTTTTACACCACCACCAACGCCCAGGGCGATTATGAAATCGATGGACTGATTCAGGGCGATCGTTCGATTGTGGTTTATGATACGCAGTCGCACGAGGTGGCGCGCGTGCATGCCGGCACCGGGCATGTTGAATTGCTTGATGAACGCTATGAACTGATCGCGGCCACGGCAACCGATGCCATGCCAACGCGGCTGGTGATTGTAGAACGCGCCAGCCAATCGATTCTGG
CP064978.1_gap35	1248683	1250412	1729	TTTGGTTCCCGTGCCCCCCACGCCCGGCGATGCTACCCAAGGCACTTCCACCGGGGGAACGCAAACCGGTTCCACCCAAGAGCCTCCGGTTTCTACCGAGGTTTGCCCTTGCGTCTATCAGCCTGGCCGCGATACCGATCGGGATGGTTTGAACGATGCGTGTGACGCCGACGTAGACGCGGACGGAGTGGAAAATGTCCTGTGCTTGTTTGATGGTAACGGGCAGTTGGACCCACACCTGGTTGCCGAAAGCGCCGACAACTGTATTTTTAATCCCAATCCCAATCAAGCCGATGCGGATGGTGACGGTGTTGGCGATGTGTGCGAACCGCTTGATCAATGTCCCAATATCCCGGAAGATAATGATGGGGTGGAGGATCAGGATGGGTGTCCCGAAGTGGATCGGCCCACGCCACTTGGTCCACCGGGCGTTACGGTGAATCGTGGACCCCTTTGCTTTTTTCTGGATTACGCGGCTGATCTGGTGGCCGGTGATGAGGTGATGACCGCCATTACCGACCTGCCCACCCAATCGATTCTGTATTCTGAAAGCAACCCGCTGCTCATTCCCGGATCTAACCCATAATGCTATGTTCAAAAAACCCTTTTTTCATTTTTTCATCGGCGGCATTCTTTTGGTGGTTGGATCAATGTGGCTGTTTCCCTCATCCGGTGCATCGAATGTTTTACTCCCTTATCCCAACGTCGCATCGGTGGCCTCTCAGGAAAGTTGCCAACAACGCACCGCCAACGAAATGACTTTAATGCGAGACGCTTGGTTGAGTCATTTAAACCAACTGCTTGCTTCGGAACGTGCGGCCAGTGATTTGGTGGACGATGGGTTTGAGAGTTTGCGTACGTATCGGTGCTGGTTGGATTATTTGTGCGAATCGGTTTTAATCAGCGGCAGTGCAGCCAGCGCTTCTGGTCAGGCTGGTTCGATTGCATCGCAACTGCGTACCCTACCCGGTTGCGAATCACCCGAGGCGGTGAGCATTCCTGGCACGTCGCTCGGTCGACTCAATCAATGCCAAGGAGAGGCGGCAAATCCACTAACCCTGGCCAGCCTTAATTACACCACTTGCAAACAAATGGTGTCGTATGAATTTTCGGGCGTGGACGTAGGCGATAGCAGCGCCTTGGCAGAAACGTTTAAAAATCAATCGGGGGCATTTGTCACTTTGGAATCGAAGCTGAAAGCCACCCACGGGCGACAAACCAATCGCATTTTGAGTGAAAAACTGGGCAGCCTGCTCAACAAAATGCATGGCATGGAAAGTCATGTGAATTTGCTTCGTGATCAGCTCAAGCGATTGAATGGCCGGATTCCTTGTTTTATTAACCGTTGCGATTAATTTATGAACTTTGATGCCACACTTTTTCATCGGCCGGGACGATGGGTGGGATTCCTTTTGCTGGGATGGATGCTCCTTATCAGCCTTTCGGGTGTTGCCCGGGCTTCGGACCCTTTGGAATCCTGTGAAAAGCCGGCATTTGATCGGGCGGTTTTGGATGAGCCCATTAAAAATGAGGATGATTTTATACGTTTGTTTGAAAAAACTCGCACGGATTATCATGAATACATGAATTGCATTTTAATGCCGCCACCGCCTCGTTGATTGGCACGCCGGCCGATCGGGGCAAGTTGCTTACGCCGGAACAGGCGTGCAAAGCGGCACCGGATTTAAAACAGGTGATCGAAGCGAGCAGTCCGCTTACTCTTTTGGAC
CP064978.1_gap36	1315891	1320676	4785	CTATTAATCCAGCAACGGGAGTGGTCACTCCGTTTGGCGCCACACAAGGAACGAACTACGGAGGTGAGGCCACCGGTTTTGATAATACCGGCGCCCTTTATTTATCGAATGCAAGCACCGGCACACTTTATCGCGCGCTCATTAACTTGGCCAATGGAACGGTGAGTGTTTCTACCGTTGCCACTGGATCTACCACCACCAACACCAGTGGAGCCATGTGTAGCTCTAACTATAATGAGGTGGGCAATTTTGTGTGGAGCGATACCGACGCCGATGGAATTCAAGATGGAGGGGAGCCGGGGTTGGATGGAATTACCGTGGCGCTTTTTTCGGATGTAGACACCGACGGAATTGCCGAACCGGGGGGTGATGATGGCTCTGCCGTGAGCACCACAACTACTGCTGGCGGGGGATTTTATCGTTTTTCGGGCGTCGCTGCCGGGGATTATTTTGTGGCGGTGTCGGTTCCGGCTGGCTACTCTATCAGCACGGCGGACCAAGGAGGAGATGACACAGTAGACAGTGATATTAATGTTACCACCCAAGTTTCTGCGGTTTTTACTCTTTCGACCGGTTTGAATAGTACCGTTGATGCTGGTTTGAGTGTGCCTGCCAACACGCCAGTAGCCGATTTGAGCCCTGCTCAATCCTTGAGCCAAACGAATTGGGATGGCGGCGTAGGAACCAGCGTTTCTAATCAATACAGCGCTACTTCGGGCACCGATACTTCGACCACCGGCCAATTTACCTTGGGTAGCGGAGGCTGGTACAACCCCAGCTGGACGCACCGTCGTGCCATTACGGTTGATAGCACCAAAGTGGCTGCTGATCTTACCAACTATCCTTTACTGATCACCGGGGCCAATTTGGACGCCAACTTTTTTTCTAATGTTAAGGCCGACGGAGGTGATATTGAATTCACCGCTGCCGACGGAACCACGCTTTTAGACAAAGAAATTGTATCGATCAATACCGGTAGCTCTACTTTGGAAGCCTACGTGCGTATTCCTAGTCTTTCCAGCAGTGCGAATACCGTTATTTATATGTACTACGGCAATGCCGGCGCCACTTTGGCCAACGATACAGCTACCTGGAATTCCACCTATTCGGCTGTTTGGCACATGAATGAAGATCCTACGATTTCGACCGATGGTCCCTGTGGAGGTTCGACCTTTGAATCGTGTGATTCCACTTCGTATACCAACAGTCTTAATGTAACAGGTGATCCGGTTTCCACTGCTGGTAAAATTGGAAATGCGGTGGATTTGAATGGGAATGATTATTTTATTGCTACTGCTGCTTCGGGGGATGAGTTGCAACCTCAGTTGAGTGATTTTACCTACTCTACCTGGATTCGCTTAAATGCCACTGGTGGGGCTCCTAATATTTTGGGGCTTGGTTGGCAAGGTAGTGTGGAAAGCGCGATTTTGCGCAAGCGTTCGAACGACAGAACTTTGGTGGTGGTGGACGATGGAGCGAGCACCCTCACTACAACCGCCGATGGAACCGCCTTTACGACGACCAATTGGGCTTTGCTGACGGTAACGTTTGACCGTGATGGTAGCATTCAACGTTATTACAATGGGGTGGCCGACGGCGTTGCCGACAACATGAGTAGCATTGGCAGCATTGATCGGGTGTCCGTTCCCAACTTTGCCATTGGAGCGGATGCAACCGGGGCTGCGCCTTTAAATGCCGATTTGGATGAAGTGCGTGTGTTAAAAACCTTGCTGACACCTCAGTGGATTTTGACTGAATATCGCAACCAAAATAGCCCTGGAACTTTTTACACCCCGGGTTCTCATGAAACTTTCTCGGGGCCAAGCACCACTGGAACGCTTACTTCTGCTATTTTTGACGTTGGGAACACCAGCAGCACATGGGGCACCATGACCTTTAATGCCTCGAATGCAAATGGGGTGACGGTTTATGTTCGCACCGATTCTGACCCAGCTATGGCAACCGCTCCCGCCTTTGGCACTTGTGCTGCCATCACTCACGGCACTGATATTTCTGCCAACAATTGTGTGACCGATGGGGAGCGCTACATGCAGTACCAAATTGTTTTGGACCAAGTGGCCGGCTTTGCCCCTGTGATGCAAGACATCACGATTCAGGCGTTGAGTGCCACGAGCACCAACGTGGCCGAAGAAGCCGGAACGGTTAATTTAACCGCCAGTATCGATCGCATTAGCGCTTCTAACGTTACCGTTCCTTTTACGGTTAGTGGAACGGCTGCCAACCCAAGCGACCATGATTTGGTCAACGGAAGTATTGTGATCACTGCGGGGAATTTAAGTGCCAATCAGGTGATCAATTTAACGAATGATGCCACCCCCGAAGCGACTGAAACCATTATTTCCACCATGGGGGTTCCTACCAACGCCAGTGCCGGGAATAATTCGGTTTATACGATTAACATTCTGGATATTGATGGATTGGCCACGGCGGATATTTGTGATTTTGTATGGATCGATGCGGATGCGGATGGGATTCAAGATGGAGGAGAGACTGGACTGGACGGGGTTACTGTTTCTTTGTACGCCGATGCAGATCTTGATGGAATTGCCGAACCGGGAGCGGATGATGGTGCGGCTGTGAGCAGCACGACCACGGCAGGAGGTGGAGCCTATAGCTTTACCAGTGTTACCGCCGGGGATTACTTTGTGGTCTTTACCAACCCAGGGGGCTACACTTTTTCATCACAAGACCAAGGAGGAGATGACACGGTAGATAGCGATGCCAATACCAGCACGGGTGCAACTGCTGTGTTTAGTTTGGCGGGCACCAATATTATCTCGGTGGATGCCGGTATTTACCAAACGGCTACGGTGGGTAACTTTGTGTGGACCGATACCAATGGAGATGGCATTCAAGGAGGAGGGGAAACCGGGCTAAATGGAGTCACCGTTTCTTTGTACGCCGATGCGGATCTTGATGGAATTGCCGAACCGGGTGCCGATGACGGTGCGGCGGTGAGCACTACCGTTACCGCCGGTGGAGGACTGTATAGCTTTAGTGCTTTGAATCCCGGTGCTTACTTTTTAGTCTTCACTACGCCTGGCGGCTACAGTGCCTCGCCTGCCAATGTGGGCGGAGATGACACGGTTGATTCCGATGGGCTCACCACTGTTGTCTTCACGCTTACTTCGGGTGCTAATAACACCACGTTTGATCAGGGTTTTTACCAAGTGGGTAGCGTGGGTAATTTTGTATGGGTTGATGCAGACGCGGATGGGATTCAAGATGGTGGCGAAGCCGGCCTGGATGGTGTGACCGTTTCTTTGTACGCCGATGCGGATGCGGATGGACTTGCGGAACCGGGAGCGGATGATGGTGCCCCCCTAGGGACTCCTGTAACCGCGGGAGGAGGTTTTTTCAGTTTTGGTTCGCTTGCCCCAGGCCCTTACTTTTTGGTCGTTACTACCCCCGGAGGCTACACCATTACGTTGCAAAACCAAGGTGCTGATGATGCGGTGGATAGCGATATTAGCCCCAGTAATGGTCGAACCGCTGTCTTTAACTTGGACTCCGGTCAAAATTACAACACGGCGGATGCTGGTTTTTACTTAACTGCCAGTGTGGGTAATTTTGTTTGGACTGATTTGGACGCCGATGGGATTCAAGACGGTGGAGAGGCTGGACTGGATGGTGTGACCGTTTCTTTGTACGCCGATACGGATCTTGATGGACTTGCGGAACCGGGCGCGGATGATGGTGCGGCTGTGAGCAGCACCACCACAGCAGGAGGTGGACTTTATAGCTTTAGTGCTTTGACCCCCGGTGCTTACTTTTTGGTCTTCACTACGCCCGGCGGCTACAGTGCTTCGCCTGCCAATGTTGGCGGAGATGATACGGTTGATTCCGATGGACTCACCACGGTTGTCTTCACGCTTACTTCGGGCACCAGCAATACGTCCTTTGACCAAGGCTTTTACCAAGGCGCCACTTTGGGCAACTTTGTATGGGTCGATGCGGATGGTGACGGGGTGCAAGATGGGGGCGAACTTGGATTGGATGGTGTGACCGTTTCTTTGTACGCCGATGCGGATCTTGATGGACTTGCGGAACCGGGCGCGGATGATGGTGCGGCTGTGAGCAGCACCACCACAGCAGGAGGTGGACTTTATAGCTTTGGCTCTTTGGCACCTGGTGATTATTTTGTGACCTTTGGTACCGCGAGCGGCTACGTTCGCTCCGCTTTAGACCAAGGAGGCAATGACGCTGTGGATAGTGACGCCAATGCAAGCACGGGCGTAACGGCGGTTTATACGGTAACTTCGGGTCAAACCGATAACACCGTAGATGCTGGTTACACTCCTTTGGGCACGATTGGTGATTTTGTTTGGTCTGATACCGATGGCGACGGCGTGCAAGATGGGGGCGAATTGGGAATTAATGGGGTAACGATTGATCTGTATACCGATACGGATTCCAGTGGCACCCGTAATGGACCCGACGTTCTGGTGGCCACCCAAACCACTGCGGGTGGGGGTGCGTATGATTTCACCGGACTTGCTGCAGTGGATTACCTCGTTAATATCACCGATACCGGTAACGTTTTGACCACTTATACTTTCACCACCGCCAATAATCCTCTTGCGGTTACTTTGGGTATCGGGCAAGACTACAATGCAGCCGACTTTGGTTATCAACCTCCGGTTGGTGCCGCTTCGATCGGTGATATTGTATGGGCCGATACGGATAAAGACGGCGTGTACGATGCGGGTGAATCGGGAATTGATAGCGTTACGCTAACCCTTTATTCGGACGTGAATAGCAACG
CP064978.1_gap37	1331006	1332148	1142	TAAATCTCTAATTATATGCGTTTTTTCTATATTTCTAATTACATTATTTCCTCTAAACCTTTCTGCTCAAGCTTTTAAGCCTGAACTTCAGTCAATTTCTAGTGGTTTAATTGAGAAAAAAATTGACTTATTTGACAGCAAAGAATGGGCCATTGATGATGTAATCAACCTCGGATATTCCCCAAACAAGATTATTGTTAAATTTAAGGATGATAAAATCAATTTGCGTAAATCTGATGGGAAAACTCAAGTAGAAACTTTTTTTTCAGATAATCAATCAGAAATTGTACGAGAAGTAACTGAAAGCTTGTCTAAAAATGGTCGCCTTGACTCACATGCCCTAGATAAGGCAACCGAGTTTAATCTTTTGGATGGGTTTATTAAGCCTGATGAATACCTTTCATTTGCTAATTTGGGTGTAATGAAATTATCGGTTAATAATGCTGTTCTAGAAACTATCGATGTACTACAAAAGTATGATTTTATTGAGTATGCGGAACCTAATTACCTTATTTATGCAAATTCATATGACCCGAATGAAAAGTTCTATAGTGATGGTCAATTGTGGGGTCTGAATAATGATGGCTCTACGGTTATTCAAGGTGATGCTGATAATTCTCCAACCTATTCAACCAACAACCCTGGCGTTCCTGAATCGGATATCCAGGTACAAGAAGCATGGAATATGTTAAGTGGATCCGAGTCTGAAATTATTGTTGCTGTTTTGGATACTGGGATTGATTATAGTCACGAAGATCTTGACGATGTTATGTGGGTACCCTTGGATCAAAATGGAAACCCTGATCCAACCGCATGTAAAAATAGGTTGGGCGGTAGTATAACGTGCAATAATCATGGTTGGAATTATGTAGATTTACCACCTCTATCAAATGATCCGATGGACGGTCATGGTCATGGCACTCATGTTGCTGGTATTATTGCTGCTGAGCATAGTTCAACTGACCAAGGGGTTTTAGGGTTAGCGAACAATGTTAAAATTATGGCAGTTAAAATAGGTAATAATTCCGGGACCATAATTGAGTTTGTTAAAGGTATTCAATTCGCTCAGAATAACGGTGCAAATATTATTAATGCCAGTTATAGTGGTACAAACCATTCTAACGCAGAAGAAGATGCTATTG
CP064978.1_gap38	1334650	1336705	2055	ATCAACGACCTTTCCTCCGATCAATCCAACACCACCATTTGGATGGTGCCCACCGAAGCACTACGAGCGTTGGAAGGATTGGCTGAAAGGATGGGGAAGTGATAAAAGTTTTTTAGAATTGCTCAGGGGGCGTGTCAAAATCAAAGGTATCGGGATCGCCTGCTAAAAGCTTAATGGCGTCATCGCCAGCGTAATACGACCACACCTGATCATCGTCTGACAAATAATAGTAATAATTGCCGTTAACACCCGTTCGTATGGTCAGCGTATTTGGATCAGCTCCCTCTAAGCGATCCCAGGTTTGATTGTAGTAATGGTAAAATCCATTTTTATCTTTGCCGTAGGCAAAACCATTGTTCTGAGTAAATGAAAAAGTGGCCGCGTCAAATTGCTCCAAAACCGTGAGCGCCCCCAAAGTGTCCAAATAGTACACGTGGTTTTGATCACGAAATAAAAAATCACCGCTGGACCAACCCGGGAGCAAGCTAAACGTGGTCAAATCGACTGGATTCTTATCTTTTAAAATCACCGCGACTCCGCTTGGCAAAATAAAAGCCACCTGGGTTTCATCTTTCAAAACCGGCCCGTACGCAGCCATATCAAGCAACTCTGCATCCACACTAAGCCCCACCAAAGGAATGAGTTCAAACGTATTTTCGTTAAGGGCATACAGTCGGTGACGATCTTTAAAAACAAATCGAAGCGCATCAAACCGCAGGGTGGCAATATCCACATTTTCTAGCCGCTCCACCGTGAACGAGCGCACATCAAAGGAATAAAGATCGTGCGAATCTTTAAACAACGGTAAATGGATGGTTTCGCCCAGGGCAGTAGCGCTCAATTGGGTTTTGCCGTCCAACGAAAAATCGGGAACGCGAAACACCTGTTGCGTTTCTGCGTCAATGCCATAGAGCGAGTGTTGATCGTGAATGATAAAAAAAATCATCGTAGCGCTCCGTATCATCTTGAATTTCAAACGTTTCCGGATCCGCCCCTTCCACCAATGTTCCAAGATGATAAATCCCACCGGTACCTCGCGTAAACCCATAACCATACGCCACCTTATTTTGATCGGGGTTCGCCCCCGGCACCTGAGTGATTACTAAAGTGGGTTCAAATTGAGTGATCTGATAGACATGATGGGCGTCTCGGTAAGTGTGGTGATCATCGGAGGTTCCGGTATCCACGTCCCATTTTCTAAACGTCTTTGGGTCCGCATCCTGCATCACGGCTAGCGTCTCATCTTCCGCAAAATAAAACACCGATCGATCATCCGTGTAAAAGTTATAATCAGGACCAACAAACGATTCTTCCATTTGCATCGGATGAAGTTTCTCGAAATCAATGGAGACGTCTGGCAACTGTACCGTGATAAACTGATTGTTACGAATGACATAAACGTGTTGTCCATCTTGGGCGTAATAGGTAATGCCATCAACATCCGTCGATCGCCAAAATACATCGAATTGTTGTGCGTTTACTCCCTCAAACTGCTTTAGCAAGGGACTACCCTGATTGGTTTGCATTAAATAAATGCCATTTTGATCTTGGATCAAATGCTCCGAGCGATAAGGAGCCAGCACGCCCTCTGTTTGATCAATGCCCTGCAAAAACAAAGCCGTGTCCGCATCCAGCTGAGGCAAGGCAACATAATAACCTTCCACGACATCCACGTAATAAGAAACGCCTTTATAATTCCCCAAAAAAGCACTATACGGCTGCGTCATCCGCAGAAAAAACGAATCGAGTGCCGCCACGGTGTGTATCTCTTTTGCCAGTGATTCACCAAGCCCCGCTTGCAGTTCACTAGGGTGCAGGGGCTGGTCAATCGTTTGGGTGATAGACGCAATGATTTGATTAAACTTGGTTTCTAACGCTTTGTCAGAATCGTTTTGTCGCCAAGTATTCCAAGCTTCCAAAAAATCCTGCCCGTTCCGTGGAGAAATGCCCAAATAATCGGCAAGTGCCGAAGGGGTTTTTAAATAGATATAATCAACGCTGGGCTGACCCACCTTATTATCCGCAAGACGCCACATCATTTCCACCGTCTCAGCC
CP064978.1_gap39	1338161	1338661	500	TTCATCTCCCAAAAACAGATTGTCCAAGGCGGTGATTTGATACCGATTCCGATTAATATTACAGAAATTTGAGCCGATGAAACCCGGCTCCACCGGTGACTAGAATGGATTTCATACGTTTGTTTTTAAGAAGCGGCGCTATTGTGGCTAAAAAAGCACCCATCCCGATAAAGAATGGGTCGCTTGGTTCCAAATAGGATGAACGATGGTTATAGGCGACAAAGTAACATTGCCTGCCATATAGCGATTAATTGCATCCCATGCCCTCACCTGTTCACTGGTTACGTCGCAATCAATGCTTGATAAAAGTACGGACTGTTCATAAAAACGTGAGTGGCGGTTTCTGGTAAATGGTCGGTATTACTTCGCTGTGGTTACGTCCGTCGCGATGAGTTTGGATGTAAATTCGATTGAATAACAAAGGGTTACAAACGATCGAATTTTGCTTGCTGAACACAAGTGGCTCCGGTTCCTAGTCGAGTGGCTTGAAAATCATCATT
