gap_id	start	end	length	sequence
CP064968.1_gap1	1841	4999	3158	GTCTCGGGGAATACGTACCTCACTGGTAACGTCGGCATCGGTACCACGACACCTTCTTCACTGCTCACTATAGATAAATCTGGATTCACGGGCGCAGGGGTGGCGGGTATCAAGCAGTACCTTGGATTTGCCAACTCCACGCTGAGTGCACTGATGTATGGTGATGAGACATATATTACCAATCTTCCTACGGCCACCTCAACACTCGTGGGCAAGATGATTCGTATTGCAGACACGAGCGCACTCGGGAATACCGTACGTGGCCTCGAGGTGCAGGCATACCGGGGAAGTAATACCAAGGGTGAAAATACGGGTATTTCGGGCTTTGGCCGAACCTTCGGTGTACGTGGCTCGACACTCGGAGACGCAGGAAGTACCTATCTCCCTGCCGGTGTCTTTGCCGAATCAGAGGGCTCTACGCAGGGTAATGCACTCCGCGCATACTCGGGTACCATGACGACCGAAAGTCTCGTGTACTTCTTCCAGGACACCACCAATTTCATCGGTACCGGTCTCAAGATGGACTTCGGTAATGCAGGGGGCTCCTTTGCCGCAACAAGCACAGGTAAATTTATGGACCTCAAGGTAGGGGGTGTTTCAAAATTCACGATTGCCGCTAACGGCTCTACCACTATTGGTGACGGTACGGTAAACGCAGGACTCATGATTCCTCGTGGTGGCATTTGCGTCGATAGCGACGGCTCCTGCGTGTCAACGACCACGGGCCAAATCCGCTCGGTGACTTCAGCGCTCGGTAACTCAGACCTTGCCGAAATGTATTTCTCTAATCAAGCACTTCATGCAGGAGAGATTGTGTCACTTTCGGGCGGACTTTCGGTGAAACGCGCGAATGGAGATACCGAGGAAGATATTGTCGGTGTCGTATCCACGAAGCCAGGTATGACACTCGGATTTGATGATACGTCGCTCACCGCCGGAGAAACAGCATACCCAATAGGACTTAAAGGACGTGTCCCGATTAAACTCTCTACCGAGAACGGCCCTATTAAGAAGGGTGACCGCATCGCGCTCTCGTCTATTCCGGGCGTCGGTATGAAGGCTGATGCGAGTAGCCGTGTGGTGGGTATTGCGCTTGAGGATTATGATGGTGTTCGTGCGTACAGTGCTGGATTCCTGAACCAATTCGGTGACGATATGCTCAAGGAGCGCGTTATCAAGAAAACCAAGCTCGACCCACGCTCACAAGATGGTTGCTACACCGGCGGTGGTAACGCCCTTGGTGAAGCAGTGTGTGTGGTACAGAAGGTGTTCACTACTACGGTGATGAGTGAAAATCCAGAAGAGACACGCGCATCTATGCTCGCAGAACTGACGAATGAAACACCAGAGATGGCGACGAGTGCTGCCGGAGAAACACTCGCGGTGGGGCAGGCGCTTATGTTTATCGAACTCTCGTGGTACCAGGTAGACCGCGAACGCATGGTGCTCAGTGAACTCGCAACGACGTCGCCACTCTTTGCGGGAAGTGACGTGACGCTGTGGGACAGTATCAAGGCACTTGCTTCTCGATTTGTCGATGGGGTACTCAGCGTTACAGGTATCAAAGCAGACAGGATAGAAGTGAAGGATGAACTCTGTGTCGATGGGGTGTGTGTGACTGCCGACGATCTCCGCGCGATTCTCCAAAGTACGCGAAGCGGTGGGGCAGGTGCTCCAGCCGAAAGTGAGACGGGCGGTGGGGAGACTGGGGGAGGAGAGAATAACACCGGAGGCGAGGGAAGTACGGGCGGGTCCTCTGAGGGTGATGATAGCGGTGAGCCGAGTACCCCAGTCGCTCCCGTCCCTCAAGAGCCTACCCCTCCAACACCTGAAGAACCGCCTGTAGTGGAAGCGCCCACACCTGAAGCACCCATAGAGCAAGAACCAACACCCGAACCCGCAGCAACTACTATTTCTACTGAATAATACATCCTATGAAAAAAACAATTCACTTTATTTCCGGCTTACCGCGCAGTGGCTCCACGCTTCTCTGCAACATACTCGCACAAAACCCTCGTTTTCAGACCACGGCGACGAGTGGCATTATGGACATCATGTTTGGGGTACGCAACAACTGGGACAATTTAGTCGAGTTTAAAGCCCATCCCGACGACGACGCAAAAGCGCGTGTCCTTAGGGCAATCCTTGATAGTTATTTCGCGAGTAGCGAACGGCCAGTGGTGTTTGATAAGTCGAGAGGGTGGGTGTCACTCCTTGAGATGGCGGAGATGGTCTTGGAACGAAAAGCGAAAGTGCTCATACCGGTACGCGACCTTCGTGATGTCCTCGCGAGTTTTGAAAAAATCCACCGTAAGCAAGCGAGCCTCCACCAGCCCAACTTTGAAGCCCAGCAGTACTTCCTTGCACAGACCACCGAGGGCAGGGCACAAATACTCCTTCAAAACGACAAGCCCGTGGGCCTTGCATATCACCGCATCCGGGATGCGCTCAAGCGTGGTTTTGGAGATAGGATGTACTTTGTGGAGTTTGAAAAACTGACGAGTGAACCCGCAGCAGAACTCGCGCGTATCTATACCTTCCTCGAGGAAGAACCGTATGCGCATGATTTTGAAAATGTTGAGCAGGTCACCTGGGAAGATGACACTGTGCACGGGGCGAAAGACCTTCACACCATCCGCACGCAGGTACGCCCTATGGACCCGCAGTGGAAAAAAGTGCTCGGCACATTTGCCGAAGAGTACGGCAAAATGAACTTCTGGTGGCCCGAAAACCAACCCTTCCACGAAGTAGTCTACCACTGGCACCCGTAAACCCTCAGTTCCCAGCCCTAGGGTTAACCTAGGGCTGGCCGACAAGGGCATCCAAATACATGCAAAAAGATTTTACACAATGGAATATAAAGAAAACAAACATAGATACCATTGAGGTGCGTCCATTCTTTCATGTGAGAGAGGTGTGGTACTGCTACCTTGGTGTGACAGAAAGTGGGTTTGATGAGTTACGAAAAAAGCTCAAGGCATTACTACCCTGAGCATTTTTCATTTGTTACCTCTGTCTTGCGACAGAGTCGGGCCGAAGCCATTTGTCTACATATGGTCACAGATAGTAAAAATAAATCAAATTGCGAATTCCTGAGAACATCGGCATCAACCACCCGTAAAATCGACATGCTTAATTCACATCGACCCAATTAACAA
CP064968.1_gap2	8116	11672	3556	CAGATGCTCACGACTTTTATTTCTATGACCGCAGCCTCTTCGATACTCATGACACCGTCTATCCCCGGAATATCAGGAGGTATTGCAAACGGCTCTACCACCGTGACGGTAACGACCGATAGTGCTGCAGGCTACCAAATGACTATTGCTGCTTCACAGAGTCCAGCGATGCAGAAGGGAAGTGATACTATTCCCGATTATGTACCGGTAGGAAATCCTGATTTTACATTTATAACGAATCCCGCTGATGCGCACTTAGGCTACTCACCGTCGGGTGTCGATGTTACCTCTCGGTTTAAGGATAATGGGGCGCTCTGTGGTACTGGTGGTACACAGGAAGCAGATCTTGCTTGCTGGGATGGGCTCAGTATGAGTGCAGTAGAAATTGTGCGTCGCATGTCTGCTAATACTCCGAATGGCTCTACAACCACGGTTAATTTTCGTGTGGGAATAGGTGGCTCGGTGGTTCAGACGAGTGGTACCTACGTTGCTACTACGACACTCACGGCAATTGCATTATAATAGTGCTATGCGTACTTTTTTTCAGAGAGGCATACTCACCATCCTTATTCTTGGTATGGTGTTTCCGGGAGTGATAGCGCAGGCGGTTACCGATGATTTTATTATTCGTGCTTTTGTCGGAGGAGATACTATGCCTCCTACGGTGCCTACTGGGCTCACTGCTACCCCTGTAGCATCGTCACAGATTGATCTTACCTGGCTTCCCTCGACAGATAATTACCTACTCGCGGGATACCATGTGTGGCGGGACGATGTACAGATAGCCACGACTACAGCACTCACGTATTTAGACACGGGCTTGACCGCGAGTACCACGTATACCTACTTCATTACTGCGTATGATAGTTTTGCAAATGAATCCGCATCTTCGACACCGGTGTCTACCACAACACCCAGCATTATTGTCATACCGCCACCATCGCCTGATACACCAAGTGGAAATCAATACGGATATCGCCTGACACCACTCGATCAAATTATTCTCTCACTTGAGATTTTGCCCCAGAAAGACTCAGTGATTATTCGCTACGTGACGAATATGCACATCCAATCAGTCATTAAGTGGGGAAGGACAAGTTCATATGAACTAGGCTCTCTTTCAGAGCAGGCATTTATTAAAAAGCATGAGACAAAGATTGCGGGACTTATTCCCGGTACTACGTATCGCTTTGTGATTGAAGGAAAGGATGCGTTTGGGAGAGAGGGTGTTCTCCATGAAGGAACATTCACCACACAAGAGCCGGACGATATTTTTCCACCAGGAAACGTGACCGGTCTCACCGCCACGCGCTCAGAAGATGATGTGGTGCTTTCATGGAAATTGCCACAAGACCCCGACCTTGCGTACGTACGTGTGGTGCGGAATGACCGCTTTTACCCGAGCGATATTGCTGACGGGTGGGTGGTATATGAAGGGCTCGCAAGTGGCTTTCGTGATGAGGGTGCGGCCACGGGAGAACGGCAGTTTTATACGGTGTTTAGTTATGATGCACTTGGGAATATTTCCTCGGGAGCGGTAGTGGCGATACGTTTTGGTACGCCCGGTGTGGTGTCTCCTATTACCCCAGGGGCGTCTACGACGCCCCTGGGAGAGCCCGGTATTGTAGACCCCGTGCAAAATGAGATACGACTTGCGTTTGATGACATTCGTTTTATCCAAGAGGGAGTAACGCTTCATGCTGTGGATGGAGTGGTGGCTCTAGATGGTGCAAAGCAACTCACCATTGCAATCCCGTACGAACTCATGCCCGAGCACCTCAAGACTATTTTGGTGGTGCTTGGCGACGGTACTAACCCTGAGCGCACATTCCAGTTTTTGCTTCGAGTCAACAAAGAGCACACATTGTACACAAGTACTTTGGCACCGCTCGGTGTAAGTGGAAAGTTTCCGGTGTCAGTATCGGTCTTCGATTTCACTACAGCACAGATAGGGTATGCCGGGGGAGTACTTGATGCGCGCATCACCACTCTTGCGCACGTCCCCGAGCAGGTGAGTTTCCCACAATACCTTCTCCACCTTTTCACCTCATACCTCCTCTGGTTTATTTTGCTCCTCATTATCCTAGTCCTCCTCGGTTGGCGACTCGTACGCAAGCAAGAATCTTAATGGAGTACTACACAAACCCATCCCCATTTTAAAACCCAGACCCAAGCCCAACCATTTTAAAATGGGAATAGGTTTGTGTTTAGTGTATGTATGGTCGACTTACGATGTCGACCATACATTTGTTAGCCTGAGACAGTGCGCGGGGTAGTGGTCAATGTTCGACGTCCGACGTCGTTCATATGGATATTGTGCAGATTCCTTGGATTTGCGATGGTATACTACATACACTAATTTTATTTTTTGTATGAAAAAAGTTCGCGTAGCAATTAATGGGTTTGGACGTATCGGCCGCACCTTTTTTAGGTTGGCATATGACCATCCTGATTTTGAGGTGGTCATGGTGAATGACTTGGGTGATATTAAAAATCTTGCATACCTGCTTGAGTATGATACGGCGTATGGGCGTGTACCGTATAGTGTTGTAGCCGAAGAAGGTGCACTCATTGTCGACGGAAAAAAGATACGATGCACGAGTGAGCGCGAACTCGCAAAACTACCCTGGGGGGAAGAGCATATTGATATTGTCGTGGAGTCCACAGGAGTATTCACTTCCTACGAGAAGGCGAAAGCCCATATTGAAGCAGGTGCAAAGCGTGTTGTGGTGACGGCACCCCTCAAAGACGAAGGGGCTGACAGTGCACTCGCACAGACGGTGCTCATGGGGATGAACGAGAATGCGCTCGCGACATGCACGGTGTCTTCCAATGCGTCATGTACCACAAATGCGACGAGTCCACTCGTGGCAATTTTAAACGAGGCAATTGGTATTGAGAAAGCAATTTTAAATACCGTGCATGCATACACGGCATCACAATCACTTGTGGATGGACCGAGCAAAAAGGACTTTCGAGAGGGTCGCTCAGCAGCACAAAATATCGTGCCGTCTTCTACGGGTGCTGCAATTGCTACGACACTTGTACATACTTCACTGAAGGACAAGTTTGATGGTATTTCTATTCGTGTGCCCGTACAGGTAGGTTCTATTGTCGACTTTACCTTTATCGCAAAGCGTGACACAACAGCGGCAGAGGTAAACGAAGCACTTACCAAAGCAGCAACGCAGGCACCGTGGCAGGGGAAATTTGCGGTGACCGCGGCACCCATCGTCTCCTCTGATATTATCGGTGCAGAGGTGGCATCTATCGCCGACCTCACCTTCACGCGTGTGGTAGGAGGAAATCTCGTAAAAGTGCTCGCATGGTACGATAATGAAACAGGCTACACGAGCACCTTGGTTAATCATGTTGCACACATTGCCTCTTTGCTACAAAAGTCATAATTCTATTTCTGTATGAAAATTTATATTGCGACCGATCATGCTGGTTTTCCCCTCAAAGAACACATTCTTCCGTTTGTCCGTGAAGAACTAGGATATGAAGTTGTAGATTGTGGCGATCTGACGCTTAACCCAACGGACGATTATCCTCT
CP064968.1_gap3	15664	20164	4500	CAAGAATAAGTGCGCTTACAAATGTGGATGAGAATGAGTCACCGGCACCGGTGCGCGAGACCGGTTCTTTCGGGTCGGGGTACATCGGCATGTACCACGCGGTATCGCCTTCGAGTGCGTATGCGCCATTAGGCCCGTCGGTAATCACGGGAATCTTTGGACCGAGAGCCTTCATCATGCGGAGGAGGGCAGGAATACTTTGTTCTTGAGTTTTAAGAATCTCCTGTGCTTCTTCTTTGTTACAGAAAAAGATTTCTGTAACCGCGTAGAGGTCCTTCAGTTCCTCATAGCCAAGACGAATCTGGAAGGTGCCCGGCTGAAACGCAAGTTTGGTCTCGGGATGCTCTTTTACATACTTTGCAATTTCGTGATGGAATGCAACACCGTTTTCGCCAATGGATGAGAAGTAGAGGAAGCGTGGTGATGTTTTGAAATCAGGGAGTTGGTACGGAAACTCCTCGTGTTTAATAAGAATAGTACGTTCTGCACCGTACCGGAGAATATAGTGATAATTCGTCTTTTTGCCTTCATGAATCTTTATGTAGTCGGTATCAATACCTTCTTTACGCAAGGTGTCGAGACAATCACTTCCATTACGATCGTGTCCAAGGCTCGACACAAGCGCTGCGCGCAACCCGAGACGGTGTGCTGCAACTGTTGCATTTGCAGAATTACCCACAGCATTAACGACAACGACGTCCTTGTACGGAAGTTTGCCACCAAAAGCCATTTCGAGTTTCTTGCGTCCGGTCTTTTCATCTACGGTTACTTTAGCGTCTTCTTGTGATAATTCAATAAATGCGTCTACGGTCGTGTCGCCAATGGCAACGAAATCATACTGTTGATCCATAATGAGAGTAGTATAGCATCCCACACTTTGCATCATGGTATAGTAGGGGGGATTATTACACAGCGTAACCACACAATGCACTATGGCACTCATTTACATTACACGTCATATTCCAGAAATCGGTATCAATTTACTTCGCGCCGCAGGGCACACGGTGGATGTGAGCACCAAGGACGGTGTGCTCACTCCACAAGAATTAGTGAGTGCCGTGAGCGCAAAACCGTATGATGCAGTCATTTCACTTCTTACCGATACCATCAATAAAGAAATCTTTGACGCAGTACCCACGGCAAAGATTTTTGCAAATTATGCCGTGGGGTACAACAACATTAATCTCGAGGATGCAAAGACTGCTGGGGTAACTATTACTAATACCCCCGGAGTGCTCAATGATACCGTTGCCGAATTTACCATCGCACTTATGCTCGCGATTGCACATCGTATCCCTGAATCAGAAACATTTACTCGGACGGGGAAGTTTGTGGGATGGGGACCAGAATTATTTATCGGTACCGACGTAAAGGGAAAGACTCTTGGTATCGTGGGTGCAGGGCGTATTGGCTACGAGGTAGCACGACGTGCGTATCATGGTCTTGGTATGAACATTGCATACTATGATGTGGTGCAGTTACCGACACTTGAAAAAGATTGTAAAGCGACCTTTGTGGATTCAGTTGAAGCGCTCCTTCCTCTCGCGGATGTCGTTTCTATTCATGTGCCACTTTTGCCTACTACAAAGCATCTCATTAATGCCGAGCGTCTTGCACTCATGAAGCCATCTGCATATCTCATTAATACCTCACGTGGACCCGTGGTGGACGAAGATGCACTCGTCGTCGCACTTCAAACGGGAGTGATTCGAGGAGCAGCGCTCGATGTGTATGAGTACGAGCCTACGCTCGCAAAGGGTCTTGCATCACTTCCAAACGTGGTGATTACCCCGCATATTGCATCAGCCTCAGATGAGACCCGTGGAAAGATGTCTGTCATGGCTGCGCAAAATGTGATTGATTTCCTCGCAGGGGAGGTACCTGAAAATAGGGTGGCCTTAGAATAAGGAGTGTAACGACTATATTCTAAGAGCCCGTCGTTTTTTCCTCCCCCCGGAGGTAAAAACGACGCGTACACTCATACCTTCTAAAAAATATACCCTACCTAAGAGCCCGTCGTTTTTTCCTCCCCCCGGAGGAAAAAGCGACGCACCACGTCGGTCATGGTTGAGAAAAGTTGAAGTTTTGCGTACGTATGGTATGGTAACCCACACAATTAAGCATTACATTATGACATTTTCACTTACCGTAGAGGCGCGTACCGAGCGAGGAAAGAAACTCGTGCAGTTGCGCGAAGCAGGAAAACTTCCTGCAATTATGTATGGTCCAAAGGAAGAAGCAACTGCTTTAACCATCGACCGTGTTGAGTTTGAAAAACTCTTTAAGCAGACGGGAGAATCAAGCGTGATTACACTTACTGGTCTTAAGACTCCAAAAGAGGTGCTCGTGAACGACGTTGCCTTTGATGCACGTCGTGGTGGAGTGATTCACGTTGACTTTTACGCTGTTGAGGCGGGGAAGGAAATTACGGTTGATGTACCGCTTGAATTCGTCGGTGAGGCTCCTGCAATAAAGCAGGGAGGTACACTTACTAAGGTACTCCATGAAGTGTCTATTACCTGTATGCCCGCACATCTTCCAAAGGAGATTCTCGTGGACGTATCGGGACTCGATGATTTTGAAAAACAGATTCACGTGCGTGACCTCACTATTCCCGCAAACGTCACTCTCGAAAACGATGGGGATGAAGTGGTGGCACTCGTACAGGCGGTGAGTGAAGAAGTAGAGACCCCTGTAGCCGTAGACCTTGGGGCTATTGAAGTAGAAAAGAAAGGAAAGACTGAAGTTGCTGAGTAATTATGAAGCAAATGAAAAGGCCCACAATTGCAGAGCAATTGTGGGCCTTTTTCTGTGGGTGAAAAAGTAGATACCAAAGCCTCAAATTGGTATACTACAGACAAGAGTTATGTATATCAAAATTTTGGTACTGAGTGTTATTTTTGTGAGTGGCAGTTTTTTATTGCCATCCTTTGTGCGAGGCCAAGCACCCGCCATTTGTAACGACGACGTTACGGGGAAGACAGAAGACCAACTTAAAATTGACCTTGCGCTCTGTAATGCAGAGATTGCAAAATGGCAGGGTATCCTCACGGGCACACGCGACAAGGTGACTACTATCGACGGCGACGTAAAGGCGCTCACGGCCAAAATCAAATCAGCCGAGGCAACCATCAAATCTAAAAACATTGCCATCTCTCAACTCACGAAAGATATTAATGTGCGGAGCAAGAAAATTGACGGTCTCGAAGTACTCATTGACGATGGAAAAAAGTCACTCGCGCAACTCCTCCGTCGTACGAATGAACTCGACGATTACTCGCTTGCTGAGGTAATACTCGATAGTAAGAAACTCTCTGATTTTTTTGTGGACCTCGATTCTTTTCTTTCGATTCAGCGTGGGCTTGAAGATCACTTTTATGCTGTTCGCGAAACTATAGCAGAAACTGAGGAGGAGCGAGAACGACTCGGCGAGATCCAAGATCAAGAACTCGATGCAAAATATGATGTAGAAATAAAAAAGAAGACGATTACCAAGACTGAACAGCAGAAGAAAGAGTTACTCGCCGCCACAAAACAAGAGGCAAAATCATACGAGCAAATTGTGGCTGACAGACAAGCAAAGGCAAATCAAATCAACGCTGCACTCTTTCGTCTCCGTGGTGTTGATGGTGGTGGTATTCCATTTAAAGACGCGCTCGCCTATGCACAGGAAGCGTCTCGCTATACTGGTGTGCGTGCAGCATTCATTCTTGGTATCTTGCGTCAGGAGTCCAATCTGGGGGTGAATGTAGGACAGTGTCTTCTCACGGATGCGACGACCGGAGCAGGAAAGGGGAAGAACACGGGTACGCCATTTTCAAATGTCATGAAGCCAGACCGCGATGTTCCGTACTTCATAGACATGATGAAGCGCTTGGGACGTGACCCGTACCTCACTCCCGTTTCTTGTCCGCAGTCCATCGGATACGGAGGAGCAATGGGTCCTACTCAGTTTATTCCCTCAACATGGAAAGGATACGAGGGGCGTATCGCCACTGCTTTTGGCGTCCCCGTGGGTGACCCATGGAATCCTCAACACGCTATCATGGCTACGGCACTATTTCTTCAAGATTTGGGCGCAGCGCGTGGCGGGTACTCTGCAGAGCGTGAGTCCGCAGGTCGCTACTATGCAGGAGGCAACTGGGCTCTCTATGGTCTCGGATACGCAGCCAGTGTGCTCGGCCACGCCGAAGTTTACCAAGACAACATCGATTTCTTGAATAATCAGTAGTACCTAGACCTAAACCCAACTGTTTTAAAACGAGCAGGGTTCTATCCTAGAAAGCGGTGCCACCTCAAAACTCTTATTCGGCACCACTTTATATCTGCACGCATAAGCCCCAGAATTAAAACCTAAAGGTTTTAATTCTGGGGCTTTGCTCCGCTCGCCCAATGAGGGCTGTGCGAGGCATCTCTAAAGTGGCGCACTCAACAAGTTTTGATACGAAGATGCACATGAACAAATCCGTTGACGCACAACTTTTGCAGCGCCTCGCGCAA
CP064968.1_gap4	29176	33821	4645	CAGGATATGCCGATGTGTATCCAACACCATTTCAGAGTGTTCCCGTCACCGTTTCACTTACACAGGTGAATGCACTTCTCGGCATGACACTTACGGAAAAAGAGGTAGAAGATATTCTCACGCGCCTTGGATTTTCATTTATCAAAGACGGAGACGCATGGACCGTCACTGCGCCATGGGGACGCACTGATGTCACCATTCCTGCGGACGTTATTGCAGATATTGGTCGCGTGTATGGATACGAGCATGTTGCGTCGGTACTTCCTCTACCCATGCCACTTGCGGAGTGTAATGCTCGCCAGTACTACAGTGAGATAATTCGTCATGTGCTTGTTGAAGCAGGATGTTCTGAGGTAATTACTTCTTCATTCCGCAAGAAAGATGTCATCACACTCCAAAATGCACTTGCAAGTGATAAGGGGTCTTTGCGAAGTACGCTCACCCACAACATTCGCGAAGCACTCGACAAAAATATGCCGAACGTCGACCTCCTCGGACTCACCACGCTATCACTTTTTGAGATTGGTACTGTGTTTAATAAGACTACGATGGGCGATGATGTGATGGAGCATATATCGCTTGCGATTGGTGTACGGACAAAGCAACAGGGCTACACACCCAAAGACGATGCACTACTCGCCTCACTTGTGACGCACGTAGAGGAAGTACTGGGAGTCATGCTTAATGGCGTAAGTGACAAAGGTGTCTATGAGTGTAATCTCACCGATGCTCTCAACACGCTTCCGGTACCACAGACCTACGATGCGTATGTGCCACAAGAGCCTGTTTCCTTTACTCCTTTTTCCGCATACCCATTCATCTCACGCGATATCGCACTCTGGGTACCCGAGGCAGTGACGGCTGAAGAAATCGAAAGAGAAATCCGCGAGCATGCCGGTACACTCCTCACCCGCGTGACCCTCTTTGATTCCTTTACAAAAGAGGGGAGAGTCTCCTACGCCTTTCGCCTCATCTTTCAGTCTCACGAAAAAACTCTCACCGATGATGAGGTAGGACCTATAATGCAAACCCTCACCACCACCCTCACCGCAAAAGGTTTTGAGATTCGGTAGTTTTAAAGTTCTTTCTTTCCAAGAATCCAAAGAACTCTTTCTCCGTACCACTACGGCCATCTAAAATCCTTTCTCGGCACGAACTTGAAAAAACCACGCATAAACCTAAAACCATCAATCCTTCGGATTGGTGGTTTTAGGTTTTGCTATGCTCGCGCTGTGTGCGCTCCGCAATGCTTTTTTAAAGTTGTGCCTCAACGGATTTTTACGTATATGCCATTAAGAACTCGTTGACGCACTGCTTTTATGCAGCCTCGCGCAAGGCCCCACAGGCCGAGCGGAGCAAAGACCCAAAACTCACATTCTACGAATGTGAGTTTTGGGTTTTATGCGTGCTGAAGAAAAGCAGTGCGGAAAAAGAGTTCTGTCGCCAACATACAGAGTTCGCGACGAGAGGGAATTTCCTCCATTTTTCTCGCCAATTCCCACGCATTTTTGCCACAGGGGGAAGGGGGACAAAATGGCTTAAATTTGCTATACTTTTGGCTATTATTGGGTATTTATAAATCGACAAAAACGTGAGTAAACAAAGTTCATATAGCGCTGATTCGATTCAGATTCTTGAAGGTCTTGAGCCTGTGCGCAAGCGCCCGGGCATGTACATCGGTACCACTGGTCCTGATGGTCTGCATCACCTCATTTGGGAGATTTTCGACAACTCGCGCGATGAGGCCATGGGTGGCTTTGCCAATCGCATTGAGGTAGCACTGCTTCCGGGCAACTATATTCGCGTTGTCGACAACGGTCGTGGTATTCCGGTGGATACTCACAAGCAAACAAAAGTCTCGGCTCTCGAGACAATTCTCACCACACTCCATGCGGGAGGAAAGTTTGGTGGGGAGGATGGTGGATACAAGGTCTCTGGCGGTCTCCACGGCGTGGGCGCATCGGTGGTAAACGCGCTTTCTACGCACATGATTGCTGAAGTGCATCGTGATGGGGGGTATTTCATTCAGGAGTACACCATCGGCAAGCCAAAAGCAAAGGTCAAGAAAGTTGGCCCTTCGAAATTCCATGGCACTATTATCACCTTTCGTGCTGATGGAACTATTTTTCCTGAGATTAAGTACGAGTTTAAGCGGATTGTGTCTCACTTGCGCCAGCAAGCGTACTTAGTAAAGAGTATGCGCATTAGTGTCATTGACGCACGTCCTACTGAGGAGGAGACAAAGGATGTGACTGAGAAAGATGTGCAGAAGTTTATGTCGGGTATTCTCGGGAAGACCTATCTTTCTGATGAACACTTTGAGGTACCACACGAACACTTCTTCTTTGAGGGAGGGCTCCGTTCGCTTGTGGCTTTTAACAATCACTACCAAACGCCGGTGCATAAAAATATCTTTTATGTGGAGAAGCAGAATGTAGACCCTGCAGTACTTTCAGTAGAGGTGGCACTCCAATATGTAGATGATATCAGTCCGCGCATTAGTGCATTTGCAAACAACATCTTCAACCCCGAGCACGGTACACACATCACGGGCTTTAAAACTGCGCTCACCCGTACTCTCAATAATTACGCAAAGAAAAATAATTACTTCAAAGAGAAAGACGGTGCATTCACTGGAGATGACGTTCTTGAGGGTATTACTGCGGTAGTATCGGTAAAGATGCCTGAAATACAATTTGAAGGGCAGACAAAGGCAAAACTAGGCTCTGTGGAGGCTCGCAGTGCCGTGGAGACAGTCTTTGGTGATGCATTCAACGAGTTCCTCGAGGAAAACCCGGATGACGCAAAGGGAATCATCAACAAGGTGGTGATTGCCGTAAAGGCGCGTAAGGCAGCAAAGGCTGCAAAGGACTCGGTTCTCCGCAAGGGCGCACTTGAAGGTATGACCCTTCCGGGGAAACTCGCTGACTGCCAGACAAAGAGTCCTGCAGAATCAGAAATCTTTATTGTAGAGGGAGACTCTGCGGGTGGTTCGGCAAAGATGGGTCGTGATCGCCGTACACAGGCAATCCTTCCGCTTCGCGGAAAGATTCTCAATGTGGAGCGCGCTCGCCTCGACAAGATGCTTGCCTCAGAACAGGTGAAGAATCTTGTGGTTGCTATGGGTACTGCTATTGGTGATGTGTTTGACCTTTCAAAACTTCGCTATCACAAAATCATTATTGCAACAGACGCCGATGTGGACGGTGCGCACATTCGCACGCTTCTTCTCACCCTTTTCTACCGGTACTTCCGTCCCGTGATTGATGGGGGATATATCTACATCGCACAGCCGCCACTCTACAAGATTCAACGTGGTAAGGAGATTATGTATGCCTACAATGATGAAGAAAAAATGGCGATTCTTGGGAAAGATGCTGTCGTGTCAGAAGTAGAAGAAGGGGAGGAGACCCCCGAGCCTGTGGAGGAAGAAGTAGAGGCAGAGGCAACAGCAAAGACTCCTAAGATTCGTATCCAACGCTACAAAGGTCTCGGAGAGATGAATGCCGAAGAACTCTGGGAAACCACCATGAATCCAGACCATCGTGTATTGAAACAGGTGTCTATTGTCGATGCGCTCGAAGCTGACAAGGTGTTCGATATTCTCATGGGTACCGACGTCTCAAGTCGCAAGTCATTCATCCAGTCCAACGCCCACATGGCCAATCTCGACGTTTAAACTAAAATGACGGACATCGGATGTCCGTCATGCGGATGCCTGGCTTTGTTGTTGGTAGGTATACAAAATCGCCGGCGCCCGTAGGGCGCCGGCGATTTGCTTATTTTTCTTGCTTCAATTATTCCACCACCACACTGAGTGACGCAGTGTTGTTTCCTGTCTTTGTGTCACCAGCTACTGAAAGCGTATTGGTGAAGGTGACTACTTCACCCTCCTCCACATCGAGATAGAATCCAAGAGTGAACATCACATGTGACTGTGGGGCAAGTGGTGCCTGCACGGGTGAAGTATACACTTCGCCCGTAGGCAAGATTGTGGTGAATGACCAGTTGCCTGAAGTCTTGGTACCGAGGTTAATTACATCAAAGCGAATCGCATTATGTGCATCAGTGTTGAATGTCTTGGTGAATCCAAAGACACCATTTTGAAGCACTCCAGAGCCCAGAATCTGCACACTGAGGTCGGTATACATTTCCTTTGCAGGTGCTACAGGGATGACGGGCTTCGCAACTGGCTCTTGAGGCACCGTAGGCGTAACTGGCTTTTGGGTAGGCTCCTTCACCGCCTCAGGTACAGGCTTTACATCCGCAGGCTTCTTTTCAGTATCGACGATAGCTACTTCAGTCGTCGTTGCCGTTTCTCTGTGTGCTACTTCACGTACAGGAATTGTTGCGTTAACGACAGTAACCTTTGTGGTGTGTTTCAGAGTATCTCCCGTCTTATTATTTGTGAAGGCAACGGTGAGGGGAATATCGGTGAAGCGGAAGTCATCAGAAAGCGCGGTGAGGGAAAGCCCATGCACATTCGCCGGGAGGGTCAGTGTGTCAGTACAAGCGATAGGCATAAAAGTATCGTCACCACTTCGTACCTCGAGTCGTACTCCGGGGACACACTCGTACGTAAGGGCATATTCACCTTCAGTGCGGAAGTCTGTCCAAGAAATTTGGAATGACTCAGCAGAATTTA
CP064968.1_gap5	66295	69269	2974	TTTCTATGAAGTGTCTTGCACAACTCATCCAAAACTGCATCGTCGAGCATGTGTAGCTCTAGGATACCTTCTGTTTTGCAGCGATTACTGTCATGTGCGATGGTCTTCACGACGTTCTCCTTTCAAAAAAACATTAAATTGACAATCTATATTATACAATAGATGCAAGAAAAAGCAAGACATCGTGCATATCATTCTGTTGAAATGATTCATGTCTGAATGAAGACACACTATGCTCCTATTTTCCAACGAGTTCGTAGTCAAGGACACGTTCCTCCATGTCGGCGCGCGTGAGTTTGATACGTATTTCACCACCGAGTGTGTAGGTGACTCCGGTACGATTACCCCGGATGCGGTATTTTGTGGCTTCGTGGGTGAAGAAGTCACCTTTAATACTTGAAAGACGAATCATACCCTCACAGCGTGAGACCTTGTCTTCAACATACATCCCCCAGTCGGTGACACCGGTGATAATGCCGTCAAACTCTTGTCCAACTTTATCAAGCATATACTCTACTTGCTTGTATTTTATAGAATCGCGCTCTGCGGAGACTGCAGTCATTTCACGTTCTGAGGACTGGATAGAAAGTTTTTCGTACTTCGCAATTTCGCGACCTTGAATTATGGAGCCATCGAGGTGCTTGCGCAAAAGGCGATGTGACATCAAGTCGGGGTATCGTCGAATCGGGGAGGTGAAGTGTGTGTAGTATTTAAAGGCAAGCCCGAAGTGTCCAATATTTTTGGTTGTGTAGACTGCCTTTGCCATAGAGCGAATCGTCGCGGTCTTGATAAGGTTTTCTTCAGGAGTACCTTCAATAGATTTAAGGAGCGCATTAATATCCTTTGCTTGGATAACGCCTTTTTTGGTATTGAATTCATGACCGAGGGCGCGAAGGAAAATACCAAGGGATTCGATTTTTTCAGGGTTTGGGACATCGTGTACGCGGTAGACAAACGCCGCGTCGCGGCCGCTTTTCTTGGTGTGCTCATACACAAATTCCGCAACGCGGCGATTGGCGAGAAGCATGTAGTCCTCAATCATAAGCATGGTTTCGGTACGTACTTTAGTATAGACACGAATAGGCTTGCCGTTTGGGTCGAGTTCAAATTTTACCTCAGGCTGGTCAAAAGCAATCGCACCATCAGAGAATCGTTGTTTGCGGAGGATGCGTCCTATATCCATAAGGATACGTAACTCGGTATGCATGACTCCTTCGCCTTTATCGAGCACTTCCTGTGCCTCTTCATACGAGAAGCGTTTATTGCTATGAATGATGGTCTGACCAAACCACTCACCATGGGTATTACCCTGTGCGTCCATTTCAAAAACTGCCGAGAAGGAAAGTCGGTCTTCATTGGGGCGAAGGGAACAGAGGTCGTTACTGAGTACCTCAGGGAGCATAGGAATCACGCGATCGACGAGGTAGATAGAGGTACCACGTTCTTGCGCCTCAGCGTCAATAATGTCTTCCTCAATTACATAATGTGATACATCGGCGATATGAATACCAATCTCATAGTTACCATTGGGGAGTACGAAAAATGAAATAGCATCATCAAAGTCTTTTGCGTCGACGGGGTCAATGGTGCAAGTCGTACGGTCGCGCATGTCGCGTCGTTTTGGACTTTGCCCCAGGACACCCTCTCTGCCTTCGGCATTCACCTTGTCACCAAGGGTCGCTTCCACTGCATCAGCAAAAATTTGCTCTTTACGAGCATAGAGTTCCTGTCCGGCTTTTGCGACGTGCTCAGGGAAGTTTTCTGAAAACCCGCCACCCCGAATAATCGCCTGCATTTCGGTCTCGTGGTCACCCGCGCGCCCAAGGACTTCCACAATGGTGCCAATGGGGTCGGTAAGAGGATTCTTCCACGCATCAATGTGTACTACTACCTTCATACCATCGTGGGTGTCTGTGGCACCAGGGAGAATGGGACGAATATGAATACGCTTGTTGTCGGGGAGGAGGCGGTAGGCACCCATCTTCTTTTGGACGGTACCAATGAACTCAGTGTGCTTTGGCGTGACTACGTGCACGACAGCGCCCTCTTGGCGCTTCCCGGTGACTTTTGGTTTCAGTTCAATTTCGACGATATCGCCGTCGAGTGCGAATGAGAGTGCTTCGGTAGGGATGACTATGTCTTCCTCTTGGTCGGGTAGGGCAACGTAGCCAATACCTTTTCCACGAATCATAATAACCCCTTCATATATTGCTGTATTCTTTTCCATGTGGTCTTGATAGTATCACGGACTTGCGTCCGGAACCATATAGGTGTAATCTCCCAGATTAGGAGCGGAAGAAATCAATCTTGAGATTCCTGTACAGGACATTTGTATTGGAACAACCAGTATGCAAACCGCCGATTTTTTCGGTTGAAGGTGATCTAGGCATACATCCATGGGTGCTATATTTCGAATGTAAGACAGATACTAATTGCCGGAATTGCGGTCCGCAAGAAAACTGCCTTTTCACGCGTTATCGACTCTTGTGCATCTAAGGCTAAACCGTTCCTCCCCTTCGTACAAAGGCCAGCGACCCCCAAAAGGGAAGCTGGCCTTTTTTCTATAAAACTGCCGACATCGTAAGTCGGCAATCAAAATTGTAGATTGAGGACGATTAATATTGCCGACTTACGATGTCGGCAATATTGGGGTTTAAGTGGCTCATACTCGGGGTTGACCTTTAGTACTCATTCTGGTATTGTTCACCCCACTATGTTAAAGATGCGTTTACAACGAATTGGTCGCAAGAATAACCCTTCATATCGTGTTGTTGTTACTGACTCTCGAAATGCCCCTTCACGCGGGCGTCATGTTGATTTCATTGGTTCGTACGACCCACTCCTCGGACGTTTTCAAATTGATGCCGCAAAGGCAAAGCATTGGCTTAGTCATGGCGTACAGCCTTCAGATACTGTGTACAACTTCCTCATTTCAGAAAAGATTATTGAAGGAAAGAAGAGGAATGCACTCTCA
CP064968.1_gap6	95550	99867	4317	ACCCCGTCTTTTACTTTATTTTTTCTCTTTGTAAACAGTGTGTTTTTGTGCGATTGGGTTGAATTTCTTGAACTCAAATTTCTTGTCAGCGAGCTTCTTTTTATTCTTTCTTGTGTAATACGTATGACCTTTTCCGACACCTTTTGAGTCGCCCTGAGAGACAAGTTTAATTAGTTTATCCTGTGACATAGTGGGACGATAGTACCAAAAATAAGGATATTAGTCAACGAAGCGTGGTTGGGTGCTCCCGCCCTAAAACCGCTTGGTCCAAAGACCGGTCTTTGGACCAAAGGAGAAGTAGCGGCCGATTTTGGTGCGGTGGATAGAATATGCGAGTCCGCCTGTACCCAATTGTGCTCCCACATACCCCGCTAACGAGCGCATATACGTACCCGAAGAGGCGACAATGGTGACGGTGATGAGGGGGAGTACTGAAGGTGCTTCAGTTGCAAACTGGTTCCATGACGCGCGCACGTCGTCGCGTCTAAAGTCTGCTCCGAGTGCCTTGCTTTTCTCAGTGACTTTGGGAATAGTTTCGATTTTTGTACGGACGTTCTCAAGTACCTCCTCGCGTGTTACCATGCGCACACTTTGGAGTGTGACATGGTGAATAATGGAGTGCTTCATAGGGATTTCAATCTCATGAAGGCGTTTTTCAAGTGCCCAGGTATGGAGTGGTTTGCCACGTACTGTTTTAGATGAGAAGTGCGGATAGGGAAGTGAAATAGGTCCACGAAGCCGTGAGAGTGTTCCAGAGATGTCCATTCGTGTAAGGGGCGGGAGGAAACATGGCTCGATGAGTCCGAGCACATCACCTGTGTCTGATCGTGCACCAAGGAGTATTTCCACGCAGTATTCTTTATCAAATGAGTGATATTCTTTTTGCTTTTTGCACTCATCACCAATGAGAATAAGTAGTTTTCCTGACGCCATAGGGTCGAGTCGACCGGCGTAGGCAAAGGGAACGCTTGCGGGAATCCTGAGGGATTCCCGCAAGCGTTCCGCTGCCACAAGTGGCGTCTCGCCGACAGCTTTTTCTACAGTAGCCCATATAGGGTAGGGATTCATACATACAAATATAGCACTTTTAAGAAGTATGAAAAAAGGCGATTCCGAAGAATCGCCTCATGTGGCACAGAGAGCGCCTAGGTCGTATAGACCGGGAGTTGGAAGTAGAGCACCAAACGTTGGGCCGCTCTCTCGATTTCCTTTACGACGAGATTGAACTTCTTCAAGAGAGTATCAAAAAAGTTTTGGATTTCGTCGAGATGCACCGAATTGAGCATCGGGGTTCGCGAGTTTGGCTTTGCGATACCGATTGCCAACTTGAAATGTTCACCTTCTTGCCTGAACTGGTAATCAAGTTCTTGGGCATGCTTCAGCCAATTTGCGACGGCCCTCTTGATGCTCCGTACATGGTCACAGTTGCGTTTCTTTCTAGCCATTGCTTGCTCCCATTTGTTGAAAAAACACGTTTCGAACCATTCAAAACGTAAGGAAGACTATAACACTACACAACAATAAACACAAGATGCACAGGGTATATACCTGTGTAAGGTATACTTACTAGATTCGTCACTAGAAGTACACATTACTATTTTATTATTTCCTTGAAAATTCATGATATCTCGATTCCTTGTTATTTCTTGTCTTATGACGCTCATTGGAGCGCCAGCCTTAAGTAGCGCCGCTACTTCTTCAAACGATTTAGAAGTATCGGGTTGGATGCCCTATTGGCGTGATTCAGAGGCCATTAAAGATGCAAAAAAGCATCTGGGAAGTATTGATGCGGTGTACCCGTTTGCCTTTACGGTGACTACCAAAGGCGAACTTCGTGACCAGGCCGGGCTCACTGACAAAGAATGGAAAGATTTCATCAAACTTGCACAGAAAAAGAAAGTGGAAGTAATTCCCACTGTTATGTGGAGTGATGGGGCGAGCATTCATACGGTCTTGAGTGCAACCACCACTCGTACTGCACATATCAAAGAAATTACTACGATGGTGAAGAAAGGAAAGTTTGATGGCGTGGATATCGACTATGAGGGTAAGAAGTCAGAGACGATTAACTATTTTTCACTCTTTCTCAAGGAACTAAACGATGCACTTGGTGAGAAATCTCTCCTCTGCACTATAGAAGCACGTACACCCCCTTCGTCTCTGTACAAAGAAGTACCTGCTGTCATAAATTACGCTAATGACTACAAAGCAATCGCGAAATACTGCGATCAGGTAGAAATCATGGCATATGATCAACAACGCGCCGATATTAAACTCAATGAAGAACGCTCCGGTAAGCCATACATGCCTGTCGCTGATGCAGAATGGGTAGAAAAAGTAATACAGCAAACACTTAAAGATATTCCAAAAGAAAAAATTGTTGTTGGTATTTCTTCATATGGGCATCACTATGCGGTGATGGTGGCTCCCAATTGGTATCGTGACTATTGGAAACTTGGTGCAATGAATGTACCAAGCCTTCTTGATATAGCAAAGGAAAACAAAGTGACTCCAACACGCAATGACGCAGGCGAAATGAGTTTTACCTATTTACCAGAGTCTTCTAAAGTGAAATTCCCAAGTTCACTCAAAATTCCTAAAAACACACCAAAAGGGCAATTAGTTGCCGCGAAAGCACTAGCATATGCCAATAAGACAGGGAAGGAAGTGTATTTTCAAATGGGATGGTATTCAGATGTGGGCGCAATGGAGGATAAAATCAACCTCGCAAAAAAGTATGGTCTCAAGGGTGTTGCATTCTTTAAGATTGATGGAGAAGAGGATCAGAAGGTGTGGAAGATTTTGAAGTAGTACGGAAGAGCGCACGGTACTCATCATGAATGAGGTAGAGAATCACAAGGTCAACGATAATGACTCCTGCGAGTACGAGTGAATGCGTAATGGTAAAGCGTACTATGCCATAGAAAATAAAAAGTGCGATGAGACCCATAGCAATAGGAAATGCCTTTTTTATATGTTTGAGGAGACAAAGGGAAAGTATGATGTCAACAGTCCCCCAAAAGATAAAATAAAATGCTATGAAATAGGTGACGGTGATGTCGTGTGTATTTAAAAGTACGTATGCCTTTCCGAGGAGAATATCAGTTGTCTTTCCTGTGAGTTCATGAGACATGAGTGAATACATATACTCAGAAAGAGGTTGTCCTGTAATTTTAAGCAAAGAGGTTCCCAAAATAAGACGCAAAAACCCGTAGAAAATGCGCCACCACATACTCAGCTTAAAAAGAAAGGAAAGATGGAGTTGGATTTCTTCTTCAATAGATTCTACGATATGAGACATGTGAGAAATAGTATAGCAGACAAGCACAAAAAAAGACCTAGCGTAGGTCTTTTTTGTGGCTATTATCCCTGTACAAAGGTCAGCGCCATTCCTTTTTCAGAACCACGGCCGGTGCGGCCGATACGGTGGACATAATCCTCGTAACTGGACGGAAGGTCGTAATTGATGACATGTGTCACATTATCGACGTGAATACCGCGCGCAGCCACATCGGTGGCTACAAGCACGCGTGCGTGACCATCTTTGAATCGCTTCAAAGAACGTTGACGTTGTGGGTGTGACTTGTTGCCGTGGATAGACTCAGCACTGACACCGTGAGCAATGAGTTGTTCACTCAATTTCTCGACACTGTGCTTCATTGCACCAAAGATGAGTACACGCTTGAGGCTTTGATCACCAAGTAATTTGGTAAGTGTCTCAAACTTGTCGCTGTGACCGTAGTGGACTACATCCTGATGGACGCTATTCGTAATGTCTTGCTTCTTTACCGACACCGTAACAGGGTCACGGAGAAAGTCGTGTACGAGGCGTTTGATATCGTCAGACATTGTTGCCGAGAAGAAGAGTGTCTCACGGTCGGCCTTGATACCTGAGAGAATGAGACGCATGTCGTTGATGAATCCCATGTCGAGCATACGGTCGGCTTCATCGAGCACCACCGTGCTTACACCGCTGTTTCTAAACGCACCACGCTCAATGAGGTCAATCACCCGTCCAGGTGTACCAATCACAAAGTGATTCTTGCGCTTGAGTCCCTGAATTTGTGGACGAATGTTCGTACCGCCCACACAGGTGGTGGAATACAGTTTAAAGCCCGCTGAAAGTTTGCGGAGTTCAGTTTCAATCTGAATCGCGAGTTCACGGGTAGGCGTAAGGATAAGTGTCTGGCGTGAGTATTCGCGAAGGGTCTTGTCGATAAGGGGAATCAGAAAGGCCGCAGTTTTCCCAGTGCCGGTGTTTGCAAGGCCAATTACGTCACGTCCTTCCATGATGTGTGGAATGATTTCATCCTGAAT
CP064968.1_gap7	229945	233653	3708	GGACGTTCTGCATCAATACCAAGAGTTGAAAATGCATTTTGTGTGGGAGGAGTGAGAAAAACTTGACGAATAGGAATACCAAGTAGGTGTTGTTCTGCTTTTGTTGGAGGAAGTGGTACATTGTCGTATGAAGTTATCACATGGCGTGCAAAACGGAGTCCAAGACGATTCGCCTTCCCCACTACTGCATCTGATTCATGGACAATAAGAGGAATACGAAGTATGGCAGCGGCGATAACTATGGGCACACTGGTGTAACCTCCCTTACTTACCACAACATCGGGGTACAGGATGAAAAGCTTAATAAGCGCAGTGAATGAGCCGAAAAAAGTCTTGAAAACATCAAAATAATTGAGAATTGATGCATAGCGTCGTCGCTTCCCTGCATTCACCTTGATGAACTCAATACCTTCATTGCGTAGTGTTTCGGAATCGTATTCGTTTGGACCAGCATAGTAGAGTTCAGGTCGGCTTCCGGCTAAATTAAATTGTTCTGCAATAGCAATAAGTGGGTAAAAATGACCACCAGTACCACCGCCGACAAATAATACTTTGCGATGGGAATCAATGTTGGTGCCTTTGAACATAGTAATATACTGAAGATTATATCATGCTACCCTTGCGATGGACGGCGATATTTAGACACACTGAGTACAATCCCTACAGCACCAAGAGTCACGAGCAGTGCCGTACCACCGTGGCTAATAAACGGTAAAGGTAGTCCCGAAAGTGGTGCGAGGGCCACCATAGCAGCAATATTGAGAAAAACCTGTGCGAGAATGATAGTAATAATACCAACGACAAGAAGCATCCCAAAAAGATCTGATGCGTGAGTGGCAATCCGATATCCACGTAGTGCAAAGCCTGAAAAAAGTATCACAAGTATCATTGAGCCAATGAAGCCAAACTCTTCAGCGTAGACCGCAAAGATAGAGTCACCAATAGGCTCAGGAAGATACTCAAATTTCTGAATACTCTGTCCAAACCCACGTCCCATAAGTCCGCCTGAGCCCACCGCAATAAGGGACTGCTTGATTTGATATCCAGAACCCTGTGGGTCGAGCGAAGGATTTAAAAATATTTCGATACGATCCTTGATGTACGGACGTGTGAGAACGAGGACTGCAATGAGAAGTACTCCTCCCATAATCATGAAAAAAACATCTCGGTATCGACCTCCAGCAGTGATAAACATTGCAAGTGCTGCCGCTATCATCATGAGGAAGGTATCGGTATCGGGCTGCATGAGGAGTGGAATACCCGCTATTGCAATGAGGCCAAGAAATGGCATGGTGCCCCTGGTAAAACTCTTCATCTGCGACTTCATTCCGGAGAGCCAGGTGGCGATATATATCACGAAACCAATCTTCAAAAGCTCTCCAGGCTGCATGCTGAATCCGCCTATCTCGAGCCAGCGAGTAGCACCGCCGTGTGATGAGCCAAGACCAGGTACAAAAACAAGCGCTGTAAGAAAAAGAGTTACAAGAAAAATATAAAATGCATATTGACGCCACCAGCGGTAATGAACGATACTCGCAAGAAAAAGTGCAGCACTTCCTCCAATAATACCAAACACAATTTGCCCGAGTGCGACAGAAGAAAAACTTGCACCATCGCGGGCAAGAAGACCAAGTGACGCAGAAGAGAAAATAGAGAATCCAATCACCACGAGTACGTAGGTAAGCACGAGGAGTGTTCTGTCGAGTGTATGGTGCATGTCAAAATGCAATAGCAAGCAAAGTGCCAATAATCGCGAACACAAAACCAAGTATCCAATAGCGCATCGTCACCTTCTCTGCAGGCCAGCCCGTTGCCTCAAAGTGGTGATGGAGAGGTGCAATAAGAAAGAGTTTTTTCTTACGAATTTTTTTTGAAAGTAATTGAAGTACATCCGAGAGCACGGTGAGTACAAGGAGAATCCCGATGATGGGAAGTATAGATACACCTTCCCCACCTCCAATGGAGTCAGTCATAAATGCAACAATGGTGAGTGACATCGTGAGTGCCATGATGCCTGTTTCAGTCATGTAAAAACGTGCAGGAGGCACATTAAACCAAAGAAATGCGAGAATTCCTCCCACAATGGTCGCACAATACGCGGCTATGTCTATTTGGTTTTGATAGACCGCAATACCTGCATATGCGGTAAAAATAAACATGAACGTCCCGCCCGAAAGTCCATCAATACCATCGATGACGCTTGATGCATAAATAGCAATAGCAACAATTACAAAGAAAGGAATGAAGAACATACCGAGGTCGAGAGGTCCGTAGCCAATGAGTTGTATCGAGTGTACATCAAGTCTTTCATAGAACCACCAGCCGGCAAAAAGTGCCGTAAGGCTCACAACCATGAGTCTTTGTGAAAGGGGTAAACCGCCAGCAAAGTGTGTACCCGTGCCACGTACAACAAGAAAGTCGTCAAGAAACCCAACTGCTGCACCTACAAGGAGTGCAGAAAGCGGTAACCATGTTTGAGATCGACTGAGGAAATCGAGTGAGCCAAAAATTGAATCCGGGCAAATAAACTGCAAAATCCAAATAGAGAAAATAGTAAGGAGAACACTCGCCCAAATGACAATGCCGCCCATGCGTGGAGTGTTGGTATCACGCTTTTGGTGGAGCGCATCAAAAAGTGGTGTTTCTCCGCCACCATAGCCAGCACCTTTTCCTGGTTTTTTCTTCCACATTTCAAATTTGTACAAAAAGTGCGTGATGAGTGGCGTAATGAGAATACCAAAAATGAAAGCAATTGCTGTAGGTGCGAGGACTTTGATGATTGTAGTTTCCATATAAGAATTTATTCTGCTTGATTAGAAACATGAACCCGAGCTCGTTCAATGAGATCAAGAGTATCTTTGAATCTTCCCTCCTGTGAAGAGCCAAGTACAACAACAACTACAGGGTGATTCAGTCCCACATTCACTGCAACGACCAAATTACCGCCTGAAAGGCTGGTGTAACCAGTTTTGGAAGCGATGAGACCGTCAATGTCACCGGTGTAGGTGTTGGTATTCTTAGTGGTGTGACTTTCGCCATTTACGTTACGCACTGTGGTGAGATCAAGCGTCGTGAGCGCGACTGCATCAGTAATGTGAGTTACCACATATTCCATGAGCATTGCAATGTCACGAGCGCTTCCGTATGCACCCGCTTCTGTCGCACTCACATCAAGTCCAGAGGTGTTCTCAAAACGAGTTTTGGACATGCCGAGTTCTTTAGCCTTTACATTCATTGCATGAACGAAGATTGCATTTGGGTCTTCATGTGCATCTATTGTTTGTCCCGCACGTGCACCAAGTGCTGCCGCACCATCATTTGAAGAAGAAATGAGAGTGAGATCAACGAGATTTTCAACAGTAAAGCTCTCACCTTCTTTTAGACCACTGTCTCCCTCTACTCGGATTGCATTTTTCGTGATTGAGACACGGTCTGAGGGGTCAAGAAGTTCGTACGTAACGAGTGCAGTCATGAGCTTGGTGATCGATGCAAGTGGGCGGACATCATCGCCATTTTTGTTGAAAAGAATGCGTTGTGCCGATACGTCCCACACAAAGGCACTGCGCGCTTCAAGTGAAGTATCAGCAAATGCATTAACCTTTCGAGCCATTGCCTTTTCTTGCACAGAGGGTATGGTGCTTACCTTGACATCAATCGTCTTCTCTTTAGTAAGTGCGCTTGACGCTCCTAAGTAGGTGACACCAAACA
CP064968.1_gap8	282228	285382	3154	CTCTTCCTCGCGATACTCAGCAGGCATTTCTGCAATCTTTTTGGTTATGTCTGCCTCATCTGCTTTGTTGGCGATATTTTGAACATATGATGAACTATTGTGAGTCTTTGCGCCGAGACCATCGACAATTTGAACACCATATTTTTCAAGAATAGCGCGCTCTGGAATCTCGTATGCAAATCTATCACCACCTTTTGTAAATATAATTTCATCAACATCATCACGTTCACGAAGTTCTTTGAGTATTTTTTGCAATGTATCACAGACACTTGGTGTAGTGTCTATTGAAAGGATGGCGCGGTCAACCATTTTTAATGAATCAACTACTCTAAGACGAAATTGTTCATCTTGAAAACTTGGGACACCCCGCTTGAGTACTGCCTGATGATCGTTGTTTACAATCACCCACAGTTCATCAGCAAGTTGCTTGGAAAGTTCGAGACAGTCTATATGCCCCGGATGAAGGGGGTTAGCGTATACCGATGTGATAGCGATTTTCATGAAGAAGACAATTATAGTTGCAACTGTGAAGAGATACGTTTTTTAACATGCATTTGATTTTCGTACAAGTTTTGTTTGTAGTATACATTGCACACGGAATACATTTCTTGAAAACTCAGTACTATATTGATTGTGATAGACTGTTTGATTTTAGAAAAATTATATCTATACTGTATGTGGCGTTTTGCCACACACTACTTACGAGGAGACTATCGTGCGCAAGTCCAATGTTCTTCAGTACATTTTGATTTTGTTTGTTCTTAGTTTCAGCCACGCCACCTCTGCTGTCGAGGAGTCACTGGTATCTGAAGCAAATTCTGTTATCAAAGAAGCTGTTGAGGATTCTACCTCCGCAACACATTTTGATGTTGAGACGATACCGGATGGATTCTCAATCTCAGTCGGCAAAGCTCAAAGTATTTGCTACTTCAGAAATGGTGTACCGCTCCACTGTGCGAAAATCTCTAGTGGGGCGCAGGGCCACAGAACCCCCACTGGGTACTTCAGTATAAAGAGCAAGGAGTTCATGCATTATTCGCGCAGATATAAGGACCAGAAAGGGAGGCCTGCTCCGATGCCGCGGAGTATGCATTTCCACGAACATTACTTCATCCACGAAGGAAAGTTGCCTGGACATCCAGCCTCGCATGGCTGCATCAGGGTAGCGAATGGTGATGCAAAAAAGTTCTTTCATTTGGGGCAAGTGGGCGACCCTGTAGTTATCACTATGTGATTCATTCTAGCGGTGAGGGGTCGCGTAGCGACTCCTCACACTATAATCCTAGAAAAACCGCAACCGCGGTTTTTTTGATTAAGTTAATTCATATACACATACAAATTTATAAAACCGCAAAGATTTTGTCTTTGCGGGTGGCATACTCTTGTGGGGCATGCTGTTTCTTTTCTCTTATGGAGGAGTGTGACTGACTAACCCTTCATGGGCCGATGACTAATCTTGGCTGAACCGAACTTGCACACAATATGAGTTGCTCTGATGACAGCAAGATGGAGCTTTTCGACAGTGATTTCAGCGTCCTTTGTATCGCCATTCACGGTAATGAGTGACTTCGCATGTTGAATCAAAAAGAGCGGTTTGACTGCAGGTTTTCCGAAGACTCCATAGGCAATGACGGTGTGGCTTCTCTTTGTGAGCGTGAGAATTTCATCTCGCGTCATGGTACTGCCGTCAGCCATGAGAAATTTATTTCCAAGCGGTGCATTGGTATCCATTGACTTTCTCCAAAAATGAAAAAATTCAGCAAGTGCTGACAAAGCAATACTACATCAGAAAACAGGTGCGTCAAGACTGAAACTTGACAATATCATTATATGTGACATTATTAATAAACTTTCCTGAATTGTTCGGGTGGGTGTATGGCGAAGCCATACTTGTACCTTCAACTGAGGATACCCTGATGTCAAATACAAAAGTTAGTTTTGCAGAGACTCTCATCATTAAAGTGGGACGTTTCTTGCGGGAAGAATACCCCAACATTGCCTTCGCGAGTTGTACTGGCATATCATGCCAACAACTGACAACAGAAAGCGCGCTCGGTCTCCTGGATGCTAATTCGGCTCTTCAGCTGAACTGGTGGCAGAAGATTTTTTGCCTCCCTCGCCGCCGGTTCATGGGCGTGCTCTGGTTTTCTAACGAAGCAAGGAGTGCGACTCATGGCAAATGGGTTCTGGAGGTGTATGGCGACCAAGACATTGACTTCCTGAAGGGAGTCTCTGTCAGGCTCGCTGAGAAGTTCAATACTTCCGTGCATCTCAAGTTGATCAGCGAGAACGCTCACTACGAAACGTTCTACTCGGACGACGACATGTAGATAGCGCCACCCTTCGCCCTGAGAGTCACCCTCTTGTTTCGGCAGGAGGGTGGTTTTAATTTATTTAAATATTTGAGCATGATTTCCAATACTCACGAGTGTTAACACAAGAATTCCGTTATCAATCTGATAGAGGAGTAAAATATCGGGAGCAATGTGACACTCTCTAAAATCCTTTAAATTTCCTGTGAGTTTATGATCTCTATACTTTTCATTAAGTGCTAAACCTGATGCTAATGTGAGAACGATTTCTGCAAATACATCTTCTTTGAAACTGTTTAATTGTTTGACTCTCTTATAAGCAGTTTTGAAGCGTTTTGTTCTGACAATCTCGTACACCATATCCTATTTTTCCAAGTCGCTCATGAGAGCATCAACGGTAGCAAAACGTTTTGCAGAATTCTTGGCTAACTCTGTTTCAAGTATAAGCGCTCGCTCTTGAGCAAGGGTAAAACCATTTTCAGTGAGCAAATCAAGTGGAATTCCTTTTCGATGGACAACATTTGTTAAAAACAATGTAATTGCACTCGACATATCAATACCCAACTCATCAAGCGTTGCGCGAGCAGCCTTTTTTGTTTTTGAGTCAATTCTAATTTGTATTGTGTCTTGTGTTTTCATAATGCTATTATATAGAATGTAGTGACAGTGTCAATACATGAATATATATCAGAAAAATCAATAACTGCTAATTGATTTAAGATTGTTTTGCGAAGGGTAGCCCTTTGTCAGGCTTGAAGAATCCTGATTTTATATTCCCTTTTGTGCGAAAAGGGTAACTTGCTTCAGCCATGATGTGCGCTTTGCGTCATCGACGCGCTCAG
CP064968.1_gap9	290309	294311	4002	AGCACCACTACTTTCACAGACTCTTCTTCGAGGTTGAGCACAAGACCAAAAAGAGATCCCGTATGCTCCATACTCTCTTTGAGTGAGCGTCCTTCAGTGTCATCAAAGAGCACCATTTCCATCATGCGTGCATCTTTAACCCCTTCAATCTCAGCCACGCCGTCGCCTACAGCGACCACGGTTCCCATTTCCTCAAGTCCACTCTCGGGCTTGATTGATTCGATTTCCTTCTTTATCCTCTCAATGATTGTGCTCATATTAATCTACTAGTCTGTGATAGGTGTCTAATAATGTGCTTTTGTAACTATGGTCAATCCGCTTTCCTTTTCCTGTGACGATAAATCCTCCGATAATGGTTTCATCAGTCTGTACACTGTATGTGCCTTCTGGGACTATGCGAGCCACTGCGGCCTCTATTGCACCGCGCTGACGCTCCATATCCACTTCCCGTGCAATCAACACTTTTGGCGTGTCGCCTGCTTCCCTACGCTCAATTTTTTCAAGTAAACCACGCAATACACGTGGGTACATCTTCCCCAAGCCTCTCCGCGCGAGTAATGCCTCTAGGTTATTGAGCACAGCCTCAACATCCATACCTTGAGTGATGGATTCGTATGCGGCTTCTGTGTACTCTTTGATGTGCATATTATTTTGAAAGTTGTGACACGAGAACTTTTTCTGCAGCAAGGAATGCAACCTTTGCTATTTCCGCCTCACTTTCCTTGAGTGCTTGTGTCTTTAAATCTGCGGCAAGTTGCTTCGCGTTCTGAATATCGCGAGCGATTTTCTCTCCTGCTTCTCTAAGCATCGCTTTCTCCTTTTCTTCAGCACTCAGCGTTGCGCGTGAGTAAATAGCACCTGCCTCTGTGTGTGCCTCCTTCACAATCACCGCTTTCTCCGCAAGCGCGTCAGTGCGCGCCTGTGCAGCATGCTCAGCATCTTCTATACCCTTTTTTATTTTTGATTCACGGTCAGCAAGCATTTTGAGAACCGGTGTATACAAGAAATACCCGAGCAGACCCATGAGGATGCTGAAGTTCAAAATCTGAATGACGATGAGTCGCCAGTCGATGCCAAATGCGTGGATGATTTCTTCCATAAATCTAAATAAAATTATAAATTCACCATTTCGAGCAACATGCTCGAAACACTGGATTATTAAGCGAATTTGATAACAAAAGCTACTAGCAACGCAAAGATTGCAAGCGCTTCTACCGCTGCGATACCGATGAACATCGGAGTCATAATCTGCTTTGATGCTTCTGGGTTGCGGCCGATTGACTCAAGTGCCTTTGACACGAGAAGACCAATACCAATACCAGGACCAAATACACCGACGCCGATAGCAACAGCCATAGCGATTGATTTGACGGCCTCGGCACTCAATTCTGCTGCCTGAAGGCCCATTTCGATTTCTGTCATGTGATCTAATTAATTATTTCTAATGGACAATACGAGAAGTGAAACCTTCACTGCTCGAGAGTACCCACTATTCATTCCTGTAGAAACTTTTTCTCCCCTGTGAGAAAAAGTTTCTACCGGAATCAATGCGCCGGTTCTGAAGTTGCTATTTTGATAAAGAACAACGTCAAAATCGCAAACACAAATGCTTGAATGAATCCCACAAAGACTTCAAAAGCCATAATAGGTACAGGAACAAAATAGGGTACAAAGAAAATCACTACCACAAGGAGCGTTTTCCCCGCAAAGATGTTTCCAAAAAGACGGAATGAGAATGAGATAAGGCGCGCTATCTCCGAGATGAGGTCAATGAGCCCCACGGCAAATGCAAGTGGTGAAGAAAAATTGATAAACTTCCCCGCGTACTTAAAGGCACCAATAGCCGCAATCCCAGAGAATTGAATTGTGAAAAATGCTATGAGTGCAAAGGCGAGTGTAATATTGAGGTCAGTATTTGCGGGATATAAAAAAGGTACAAGTGTTTGTTCACCATGTAGTTCAAGGTGAATGCCGATTGAACTCACGCCAGGAAGTAGTCCAAGCCAATTGAGTGAGAGTATGAAGATGAAGACAGTCATGATAAGCGGAAAATACTTTCGCGCAAGTTCACGACTTTCAAGTGTCTCTGCAATGTATTCATACGTGCTCCCAATAAGAGCCTCTACAACCACCTGCCCACGAGACGGTACCATCTTCAGTGTGTGCTTTGAATAGATTGCAATTCCGATGAGTATAGCCATAACAAACCAGACCATCACAAGAGTGCTCGTAATCGGTATGTCAAAAAAGTGCCCCAAAACAGGCGCACTCAGGTGAATCGCAATTCCACCCTCAGTTGCTGCATGTGCAATATTCATCATTTTCGCGCATCATATCAGATGTACGTCCTAAAATAAAGGCATTACTTTGGGTATTTCTTGCCTTTTGAACGCAACTCACCACCCCACCTCCTGGGGGGGGAATATCAACAGCAAAAAAGACAAGCCCCCCCCCTTGGCTCACATAAAAACCCCCGCGAATTTTAAAAAGTCAAAAAAGACTCATTCGCAGGGCTTGGCGTTGTGATAATAGAAAGAGGACGGGGAATCGTGGCCACCTGTATTATTACCGGGAAAGAGATGACAATATTTGGATGATTGGTACTGGTCATTACCACAAGAACACTTTAAACGGATTCCATGGTTTCTTGACGGATGTAGTCGGGGTAGTCAGAGGTGTGGACTGATCCTTCAAAAGCGTGACCTCGCTACGACGGACGCGTTGCGTCATGCCTTTGATGTGATATGAGGCAGTGCCAGCCCAGGGTGTTTCATACCGTTCTTTGATTTCGACTACCTTTGCCGATAAGATGGCAGACGCACCCATTGTTGTCGCCATGGTTACGCGCTTCGCAACTTTTGACTCGAACGCGTTTGCCAATTATTTCGTCATCTTTCTCTCTTTGCACGGTGTAACTCCTTTCTGGGTTTGATTAGTACGTGAGTCAAGCCTAAAATGCTTGCTCTTTTGGCGATGAAAATAACAAATTTAAAGCAAAAAATACTATACAGTATTTTATATAAAAGTCAAAAAACTTTGCAATATCTTCATTCTCCCTTCCCGACCCCTTCCAATAAAAAATACAAGAAAGAATCTGGTATTTTTTATTGGTGGACCCGACAGGAATTGAACATTACATGTTCGGTACACTTTGTGGATATTTTACTTCGCTTACACTCGTAAAATCTCTCACAAAGTCTTCAATTCCAGCCACACCCAGGCAGTTACAAAAATACCTGTCAAGAAGACTGGTATTTTTGTAACTGTGGACCCGACAGGAATTGAACATTACATGTTCGGTACACCTCTCACAGCAACTGTTCGAGGTCTTCAATCCCCCCGACCCCTTCCAATAAAAAATACCAGAAAGAATCTGGTATTTTTTATTGGTGGACCCGACAGGAATTGAACCTGCGACCTTCTGAGTGCAAAACAGACGCTCTAGCCAACTGAGCTACGGGCCCAAATGAGGAAGGGGAAAAGTTTACTTTTCCATTTTCCGAATGCCGGGCACTGCGTCACGAAGTGAGTACAGGCCCGAAATGAGGGGCAAAATAAAAGTTTATTTTTATTTTGTCCGAATGAGGGCCCGCGTCGCTTTGCGAGTACAGGCCCATTTCCTGAAAGATTCAGAACCCGAATATAATACGCATTTTACACGATTTGGTCAACTCGTTCCCTAGGGTTACCCTCTGGAACTTTCATTAGATATAGCACCTACGAGTGCGAGAACTGCACTTGAGATGAGTATGGGATCAATATATTTGGCAAAATAATTAGTCGCTAGGACTAGTGAAAATAATAAGAAGATTACTGCAACCTGTGTTCTTGATAGTTTTTTTGAACTATCGAGAACACTACCACCTTGATGTGGTCTTTTATTGAAAAAACATTAGCAATAAGTACTTTTCCACCATAGACAAGTGCTGAACGCATTTTGGTATTAAAGCCCAATCCTTCAAAAGAGTCTTGATTAATAATACTGTGATTGTTCGTTGCCGG
CP064968.1_gap10	295530	296033	503	AGTATCGTGTTTAAGAAATCTTGACTCTCGGCAGCGGAAATAAATTCATGGGCGCTCACCCTATTCGCTTGCTCCCCCCAATATGCATCGTCTGATGTAGTGAGTCTGGCGTACTCAGTTGGAGATAGCACAATAGCCACCGGTCTGTCGTTGCGAGTGATGGTGATTGGCTCTATGCGCGCTAAATCAACCAAATCGGCGAAACGATTTTTTGCCTCTGTTGCAGTAATAGATTTATTAGTCATAATAGCCATTTTAGCTAATTTAACTAAAATGTCAATCTATCTCACTAAGTTGGAGTGAGAAAGAGTCTAATCCCTGCCCCTTCATTTTTCCGTATCGTTCATGACTGTCGCTATTATTCTCGTGCTGTCCTCACTAAGGACATTATTGTAGTGAGAGTAAGTTCGATATTATCTCCATTCACACCAGAAAACATACAAAAAACGGGCTACACAAAACATGTAGCCCGCCACTGGGTATCTTCTTCATTTCATTTTATT
CP064968.1_gap11	297579	298888	1309	CGGTTCATCATCGTCATTGTTGTTGTCGTCTCGATCTCCGTCCGTAGTAAAGTTGTTTGTTGTGCCGTAGTCCCTATCGCCATCTTCATCGACTGCTACTGCTCGATAGTAGTAGCGCGTGTCTTCACTCAGATCATCCACTTCTACTTCTATAGTGTCGCCGTCGTCATTGTCATCGAGATTCTCTCGCGAAGTCTTGAGTGAGAGATTACCTGACGAGCGCCCATACTCAAAGTAGAGCTCCGCTTCGTCTTCATTATTCATATCGACGATTGCACGCAGTGTTGCACTATTTTCATCTACATCCGTTGCGCTCTGTGTTCGTACGTCTACATCGCTATCATTATTGTTATCACTGTCGCTTGAGGAATACCTGTGTTGCTGATAACTCGCAAGAATCATCATGAGTTGATGGATCTGCGCTCTGAGGTATTCGGTATTGTTGTCCCCTCGGTATGAACGATTCCACTCCCAATTATTACGATACTCATATCTATTTTCATTTTGCTCAGAAGAAGAGACACATGCACCGTTGGGGTTATAGTAACTGTTCCAACTGCACGCCGCCTCTGCTGTTTGTGGTGCTCCTACAAATCCGCACGAGAGTATTGCAACAAAAAATGTACTTACAATGAGAAAGTTTTTCATAAAATACTTATTTATGATTAATACTCTTAGTATACGCTTGAATTCACTCTTGTGTATAGACGATGTACAGTTTGTGTCACGTAATTTTCATTCCCATATCACGCACTCCGAAGCACCTTTCAGCCTTTGGTTATGTATGACCGCATGCTATACATACATGATAATGAAAATCGTACCCACACATCCCATGAAGCGGCTTTCTGACATAACGGTAAGCCTTTTGCTTCTCATGCTCCTTTCTCCGCTTATTATACTTTTTCTCGTTCTTATATTCAGTGAGCACTGCATTCGTATGCGACCATTTGACCCACTTTTTTATTCAGAGGAACGATGGTCAGGGGGGAAACTCTTTACTCTCTTCAAATTCAATATCTTTAAGCAGGAGGTGATTGATGGTATGCGTGCACGTTCAGAGTTCATATATACAAAAACACTCGAGCGCGATGGCTCCCTAATATTAATAGGTTGGATACTCAAGCAAATCTACTTAGATGAACTACCGCAACTGTGGAATGTACTTATGGGGGACATGAGTATCGTCGGTCCCCGACCTGTAAATGTTGAAGTGCACAGGGTGCTTGCGCAGAATGGTTTTTGTGAGAAGGACAGAATACGTGCTGGCATGACCGGACACTATCAGGCCACTCATAAATTAGAGCGT
CP064968.1_gap12	311246	313392	2146	GCACTAAGAAGTGAGAAAAATGTACCGACAAACATAAGGAAAAAACCAGCAATACGCGCGACAATCGGAAGCCTCTTTTCAGTAAGAATCGGAAAACGGAATGGTGATTGTATGGCTGGCTTCTCAAGTACAGAGGTAGAAATTACGGATACTGCTTGCTTGGAAGGTTTTTTAGTTTCTACTATCTTCGCTTTTAACACGGATTGGGCTATGGGTGCCTTTGATTTTTTAGTATTATTAGTTATGAGAATATGCAAATTTTTCGGCTCAGAATTTTTTTTGAGTTTTATAATTGTGGATTTCGGCTTAATGGGTAGCTTCATTACATTACTGGAGATTATTTTTTTCTCCTCTTTTTTTTTAGATGCAGTAAGACGTCCTGGTGCTTTCACCGGGACTTTTGTTTTTGCTGTCGGTTTCATCACGCGGGCAGCCATATCGTTCTACTAGTATACCGTGAAGAAGACCTGTGCAGGTGTGTGGACTGTCAATAACTATTTCTTTTTCTTAAGTGCCTCAAGTGATAGGATTTCGTCGCGCAGGATTGCTGCAGTTTCAAAATCGAGCTCTTTCACTGCTTCCGCCATTTGCGCTTGTTTCTCCTTAATTACTGCTTTTGGGTTCTTCAAATAGAGTTCAGTATCTATAGTGAGGAGTGTTGATACTGCTTTACTATGCTCGCTGCGCATTTCTGCAGTAATATCTTTAATTTCTTTTGCTATTGTAACGGGGGTAATGTTGTGCTTTTTGTTATATGCAAGTTGAATTTCTCTGCGACGATTAGTTTCACTGATGGCATAGGTAAGTGCGGGGGTCATTTCGTCTGCATAGAGGAGTACACGCCCATTCACATTCCGCGCGGCGCGACCAATAGTCTGAATGAGCGATGTTTCCGAACGAAGAAAGCCGGATTTATCTGCATCAAGAATCGCAACGAGCTCTACTTCAGGAAGGTCGAGACCTTCACGAAGAAGGTTTACCCCCACCACACAATCAAACACACCCCTCCGGAAATCAGTAAGTATTTCAATACGTTCAATAGTTTTTACATCACTATGAAGGTACTTAGAATTCACCCCACGCTCTGTGAGAAACTCGGAGAGGTCTTCAGCCATCTGTTTGGTAAGTGTAGTAACGAGAACGCGTGTCCCTTTTTTGATAGTCTTAACCGATTCTTCAATAAAATCTTTTACCTGCCCCGGATAGTCACCACGCTCAGTCACTGGACGTAAATCAATCATAGGGTCAATCAACCCTGTAGGTCGAATAATTTGCTCTACAATTTGTCCTCCATTTTCAGGACCATGCGCGAATTCAAATTTCCCTGGTGTTGCTGATGTATATATACACTGCCCAACATTCTTTGAAAACTCGTCAAAAGTCAGTGGACGATTATCAATAGCGCTTGGTAGACGAAATCCATGCTCTACGAGCGTATTTTTACGAGAGCGGTCACCAGCGTACATTCCACCGATTTGCGGAATGGTGACATGTGATTCATCAATAATGGTAAGAAAATCAGGTGTACCATCTTGTGCACGCGGAAAATAGGAAAGAAGTGTGTATGGCGGCTCCCCTGCTACGCGACCATCAAAATGTCGTGAGTAGTTTTCGATACCATTGCAGTATCCAACTTCACGTATGAGGGCGAGGTCGTGGTCACTACGGCGCTTTAAACGCTGAGCCTCAAGCAGTTTCCCCTCTCTTTCAAACACCTTGAGTTGTGCATTGAGTTCATCTTGAATATCTTTGATTGCACGCTTCCTCTCTGCTTCAGGTGTCACAAAGTGTTTTGCAGGAAAAAGGAAAAATGACTCACAGATTTCAATAATGGAGCGCGAAAGCGCATCAATTTTTGTAATGTGTTGAATAGTATCTCCTGCAAACTCAAGACGATAAATCACCCGTTCGTTTGTCGGCATTATTTCTACAGTATTCCCTACTGAACGAAAATGCGCTGGCGTGAGGTCAGCATTGGTTCGTTCAAAATACATTCCCACAAGAAGTCTAAGTGCATCACCACGAGAAAGTATTGCCCCAACCTCAATCTTTTTATGAACTTTCTCATATTCGATAGGAGAACCGAGACCATAGATACATGACACTGATGCAACGATGATTACATCTTTGCGGGTGAGCAGTGCCT
CP064968.1_gap13	387469	388212	743	GCATTCAACGCTTTGAAATAGAGGACCACTATCACTACGTCATTGGAGGTGAAGTGGTATACACCATCAAAGACTTTTCTGCAGAACTCGCTCAAGCCTACGAAGCCCGTCCTGTTTAGAAAAACAGCCGTCCCCCTACAAGGCTAGCTGTTTTCAGTCATTCCCTAATTCATTATTGCCGACATCGTAAGTCGGCAATAAATATAAACGGCCGACTTACGATGTCGGCCGTTTATTATTTTTATTGTGCTGATTCCATGAGGTAGGCGAGCATGGTGTCTGCATCACTTACTGCAAATGGGTCTGATCCGAAGTTATCTGACTTCCCTTCCTCGCTGAAGACTTTCTTAATCTCGCCATTATCAACAAACATACTGTATCTCCATGAGCGGTTACCAAAGCCAAGATCTTCCTTTTTTACCAACATCCCCATCTTTTCGGTAAACTCAGTATTCCCATCAGGAATAAACTGTACGTTCTTTACCCCCTGTGCGCGACCCCACTCGTACATGACAAATGGATCATTCACGCTGAGGCAATACACCGCATCGACGCCGAGTGCCTTAAGTTCTTCAAACTTCGCTTCGTATCCAGGAAGGTGTGTTGACGAGCAGGTAGGTGTGTATGCGCCAGGAAGCGCGAAAACAATCACTTTCTTTCCCATAAAAATCTCATCGGTACTGAGTGTTCCCCATTCTGCATCAATAGCAGAACAAACGCCGGTCGCTACTTCATGCGGTACG
CP064968.1_gap14	430190	432993	2803	TTTGGCCATTTTGAATCCAAACAAGCCTATCGTAGATGAGGATTTACTTGAATTATCCCCAATTTCAGAAGTTCAATTGAGTGAACCCATAAAATTAGTATGAATGTCTATCTTATTGCCACAAACAGTAACCCCCCCTTCAATCTGACAAAGTTCCATAATTTTGTTACGATTAATTTATACCCCACACATGTTTCAGCATGGTGGCACTATCTCAGTGGGTCAGTATATATGGTAAAGACGAATTTAAACGTAAACCAATTAAATCAATTAGTAAAACAGCACATGGGTGCTTTACATTACATGGTTATAAAAGTTGATCCGTTAGATGCTCAGGGATGGTTACCTAAAGAAGGATGGGATTGGCTAAAGTAAATCTTCTCAAATGTTATTTTAGACATTCGAAAGTATTTTTGATATTGTAAACCCAAAAAATAAACTTGACGTTAGGGCTATAATTATACCTGCAAAAAATAATCCTATCCCAAAACCAAAACCGAATTTGATTCCAGAACCGACTCCAAGAGATACGTTATTGTATTCCTCAGGTATGGTGTACACACTCTCTCCCTTTGCTTGAGCATTTTGCAAGTCTGCAACCACTTCTTTCTCCACCTTCTTGAGATTTTTAACAAAGTAATCAATCAGTGCTACGACAATTAGCACTACTGCGGTTAGTACGAGTATTATAAAGGAATCCATATACGCTAACTATAGTATGTAGAACTGTAGTTAGCAACTTATTGCCATGTATGTAATGAGTTCAAGAATTCTAATACAATTTAACAAAAGAGTGCATGAAGAACTCCTCAAACGCGTTATATCACTGGAGCATCTTATTTACATGGACCTATTCTCTGTAAATGCTCGTTTTGCGGTCACGAGTTGCTAATTATTTTAGTTCGCTTCGCTTCTAAAATAATAAGCACCTTCATAAATTCTTTTATGTAAAAGAATTTATGAAGGGCTCAGAAAATATAATCGCTACGCTTATTATTTTCTGGCCACCCCAGCTCGCTGTTCATCACTTTTTGAAAGTGACTCACAACGCTCGTGAAATAGTTTCCCAAACTATTTCACCCCGTCGAGCACGTACGTGACGCAGGTCACCTCTTTGCGGTCACGATAAAATTATCTCCCAGAAAATTTTATCTAAGTCTTTTCAAAGAAAAGTCTAAGCACTCTCGACCCCGACTCACTCGCCTAGCGGCATCGTTCCGTCTCCCGCAAAGGACCGCAAGCAAAGCAGTTTGCTTGCTACACAAAAGAACAGACACTTTCGTGTCTGTTCTTTTGTGTTCCTTTGCGGGCCCACGAGGGCTCGAAACTTACAGTTTCAGTACCCCTTTAGGATACTTTTCTTCATTTCATTCGAAAAGATATCTCTAAAGGGCTTCAAATCCTGATCGCACAGTGCCCCGCACTGTGCTTGGGCCCGCCCAGATATACAAAAAGCTGTCTTATGACAGCTTTTTGTATATCTGGGCGGGCCCACGAGGATTTGAACATTACATGTTCAGTACCCGTTGTGGCTATTTTATTTCTTCGCTCTGCGAATCATAAAATAGCACGCAACGGCTTCGAGCCCGTGCTCCTGTTTGCATTCGCAAACAGATGCGCTTCGTGGGCCCGCCATATTAAAACACCTCATCAAATGAGGTGTTTTAATATGGCGGGCCCACGAGGGCTCGAACCTCGGTCGCTGGTTTTGGAGACCAGAATTCTACCACTGAAATATAGGCCCAGGACTCCTATAGTACGGGAAATACGCATTGGGGTCAACGATTATATGAAGAATTTAATAACCTTGGCTAGCCTTCCTTTTTATTATTATCTCCCGTGCAACTAACTCAGGAACACCAACAGAGACAAGATTTTCTACACTCCAAACGACCGCGGCTTCTGGGATAACTGTCCAACCTTTTTCTGCCGTATACACAAAAACTGATTCTCCTGCAGAATATCCATCATCCCATTCTTGTAAGGCATAATTTGAAACAATGATGGTATATCCAAGAGTGATTGGGAGTGGTGTCACGACTTGCTTTTCAAACGCACTTTTTATCGCTACACGCTTCGTTTGTTCTTCTTGATTGATTGGCGTTTCTGTTGTTCCTGTAGTAGATGATGCTACGGGGAAAGTTGAGACACTACCATTTGGGGGTTTTGGGAGTTCGTTTGGTGACAGGACCCATAAAGAATAACCTAATCCAATAACTCCGAGAAGCCCAACTAGTATGATTATCTTATTCATAGATTGAAGTTATTAAATTTTATTTATGCTATAGATTCTTCCAGGTCCCGCTTTATAGGATGGGCTAAAACTTGAATCACTTACCCAAGAAAATGTTTTATTCGATGAACTGTTTGAAATTGTTTTTGTACATCCTGCATTCATGCAAATGCCCGTATGAGATCGTGAACCGTCAGTCACAATAACAATATCCCCAGCTTTCGCAGCTGATTGATCAACCAATGTTCCCCTACCTCCTGCAAGTGCTTGCTCCATTGACTTCACACTATTACCATCAATGGGACTTATGCCTGCATCTTCTAGTACTTTGTTTACAGCCCATGCGCATGCAAGTGAGCCACCACCAGGACCTCCTGCCGTTGAAAAACCTTGTGCCCCGAGTGCAGCAGCAGCAATTGATCCTGCACTTCCTCCACCCGGATTCGTCATACCACCCGGACCTGTATTTGTCGTAGCACCACCACTTGGTCCTGTCATCGTGGCGGTCATCGTTGGATTATCTACACACTGTACTGTACCCCACACCTCAATACCTTTGCCATCACTCAT
CP064968.1_gap15	434204	435408	1204	ATTTGCTTGTGAAGGAGTAAAGCCTGCGGCTGTAAGCGCATTCACACTGCACGCCGGATTAAGGCTCCCACACTGTATACCACTTCCTCCCCCCGGATTCGTCATACCACCCGGACCTGTATTTGTCGTAGCACCACCACTTGGCCCCGTCATCGTGGCGGTCATCGTAGGATTATCAACACACTGTACCGTACCCCACACCTCAACACCTTTACCATCACTCATGACGGTCATAAGTATCGTATTCACAATAAGCCATGCACCGAGGAGGATGAAGAAACCTATGATAGAGTTCGACATCATTTCTTTTCCTTCTGAGACTTTTCCAGTGTTCCCTGCGGACATCACCATCTTCATACCCCCAAAGGCGAACATGAGGGCAACGATACTTGCAGACGCACCAATAAACCAAGTCATCAATCCCTGCCCCATAGCAACAAAGTCACAGACGCGACACATTGATTCGGGAGGACCACCACCACAGGGGACAAGCCCTGCAGCGTACGTGACAGAGGCGGTGAGAAGGAAGAGTGCTGTGGTGAATAGTATGCGGTGGTTGGTGGTCATGCTCCCTATATCGTACCATAGTACATTCAGGTACTTTTACTTATAAGTGAATTATGGTACTTTAGAGCCTGTCCTCCTTACGGAGACAAATAATTACATATATGCGTCGGTGGTGGAGTGAGAAATGGGTGAGAAGCGAGTTTACGCAGCTTCGCAAGACCTTGAGCAGTTTCTGCGAAAGGTGTACAGCAACTGTAAGTCGGGACCCATTTCGCAAGAGGTTGTAAGCAAAAGCTTTCTGATTGCACTCGTGTCATGTATGAAAGTGAACTTTCATACTGTACACTCGTTTATCAGTCGATAGTTTACGAGTGAAGCGAGATAAACTATCATACAACCTGAACAGTCCCTGTAAAGGAGTCAATCACAACAGACTATTAAGTTATAGAGGTCTGAAAAGAACAATACAATCATGCGTCGGTGGTGGAGTGGTCAATCACAACAGACTGTAAATCTGTCGACTTCGGTCTTCGCTGGTTCGAATCCAGCCCGGCGCACAAACCAAACATACATAACACGTAAGCGTTACGTATCAAATTCCAATACTTGCTATTCTGTATTCGATTAATTCATTTTCTTCTCTCCCATCATCAGCGTATGGTTTGTATACACCGTATTTTAATGAATTGCCATCCAC
CP064968.1_gap16	531745	532450	705	ACAAAGAATATTCGCGGTGAAATACCATCCAATACTGAAAATGCAGAAAGTGAGACGCCTGTGCAGAGCGCTCCCAAGAGGAGGATTACCGCGCCTGGTACATAGACTATGGACATTCCCCAAATATAGATTGCGCTTACAAAAGAAGATAGACCGATAAAGTACCACATGCGGTCACTATCCTCAGTAGCACCAAGAAGTTTTCGAATACCTGTAATAAGATATAGAACTATAAACAGCAACCAAGCGAGTCCTCCAAAAACACCTGTTGTCACAAAGAATGTTGTAATATAACCATTTCCTGCATTGAAATCAGTATTCCAAAACGGAGTCGAATTTATACTATTATCCTTGTACAAACGCCATGCATCAGTAAACTTATTGGCACCGATACCAAGAAATGCATTATCTTTGTATACCTGACGTGCTATATCTGCAGTCGCTTCAAGCGAAGGTCGCACCTCCACATACGAAACACCCGTGAACTTTGAAATAGCGCCTCCAAGTGTTGCGCCACCGACTACAAAGAGTGCGGATACGGCAAATACAATGAGCGAAGTCGTGAGTGACGTGCTGTTGAAATTTGATATTGAAGGAGTGAACGAAAGTTGATTTCCACTGAATCTTTCCTTTCCGATTGAGTACACAACCATGACGAGACTGGTGAGGCCAAGAATAAGCCATACCATGAAAAAATTAATTACT
CP064968.1_gap17	537074	538277	1203	TCATCTCCTTTGTCTTTTTTATTTTTTCGTATTTCTCGCCAAATTTTCTCAATTTCACCAAAAATAATCATGAGTGCAGGTAGCACAATCAAGAAACCAAAGCCCATCGGTTGCCGTGCGAAGTCAAGAATGAATCCCACATAGGGAACTGCAACAACCACCTCTCCCAGTATGGCGCTTAAAGGAATTTGTTCTGTATCCGCCTCTTCATTAGCATCGCCTTTGGTTGTAAACCAGGTTGTCCCATTACGTTCTTCACTACTCACAATTCTGTGTGTTGTTGGAATTTCTGCTGATGGACTTTTAAAGGTAATAACATCGTTAGTTTCATACTTTCCCGTTGGACCTATAACAACGACTGAGCCCGTAAGGATTGCAGGTTCCATTGACCCTGACTCAACAATCTTGATTTCAATTTTGGTATCGAGTGGTGAAAGTGGCGCCAAAAAGAGTCCCGCAACACCAATGAGCAGTACCGTGAAGAAACTATAGAAAATGGTGATGAAAATTTTCATATTATCGTCGCGAAGGTCGGATCACAGGTGATGAGACGCCACTTGTTACGGGACTTACCACACTCGGTGTTTGTAGTACCGTAGGTTGCACTCCGGGTGTCGGACTTGCGGGTGTTTTGGTTTTCTTTGCGGGACGGTACTGGTTATCCACCTGGCAATAGAGGGTGCCGTCGTCGATATTCTTATTATCAATGACGATAGTTGTAGAGAACGTACTTCCCTTCTTGCATTCTCCATACCATCCTGGTCGCCAGTCACCCGCCACAAAGCCCACAGGCCCAACCTCAGTTATTGAATATGTCCCCAGAGGCAACTGTATTGTCCCATTTGCTGAATCTACCGTGTAGGGAGTGAGTGTCACTGTTTGATTGATGCCTGCACCAACAACTTGGAATGTGAACTGCTGTGGCAAATACCCTTCTGGTACGGGGCCACTGAATTTCTTTTCGAGGTTAAGCGTTACCGTAGGACCCACAGGTGGTGGAGGGACTGAACCATCGCATTGGTACTTTGGATAATCATCCGCAGTCACGCTACGAAGCGCAAGATCAACGGAAAAAGAATCCGTTTGTGCCCAATTGCCGAGGGCAGAGCCATCACACGTGACCTCGGCGGTTGCGGTATTAACCGTTTGGTCACCCGCACACCACTCAATAGCAACATACTTGGTCACGTTCGCAGGAAAATA
CP064968.1_gap18	540039	544977	4938	TGCGTCATTCGTATCAACGTGAAGTGAGATAGTATCCTCTCCGTAGTCATCAGGCTTGAGGTCAAAAAAATTGAAAAACTTCTCAATGGTGAGGTTGGTTGCATCCCATGAGGTAGTGCTTGTCGCAACGCCGTTGTAGTAACTTTCGTTGTCTACTTTGAGATCAATTGCCCCTGCGGTAAACACGTTTGCTACTGAGGTTTCGGTATCACTAAAGAACGCACTCGTTGCTCCGAACACCAGTCCGCCCGTTACCACCCCTATGAGTGCAAGACTGAGAATAATACGCTGCATAGTTTGATATATAAATAATTTATTAAAATATGCTGGTTCCCGTCAGCCCGCTAAATCCCAGCCAAGCTGAGATTTAGTACGGCTAGTGAGGACTAGTTTGGATTAGATACAACCAAGTTTGTAATAACGCACGTTGGATTAACACCTGATACAACATTCATGTTTGCAGTACCTATGTCATCAATCTCTGCACAGCTACCACTGAACGACGCATTGTATTGAATTCCAACAGGATCATTTGAGTACACTTCAGAGACGACGTATGCTCCTGGAGTCAGGTTAGGAAATGCTACCTGATCAACCAAGATATGATCCCCGCCCGGACCAACCAAATGAAGTACGAAGTCGTTAACATCTACTCCTACAACTGAAGCCTGTGTAAATTGAACAACTTTATCAAGAGTTACTGTTCCTGTCTCAACAACTACACGTGGTGTACATGTGAAGTTTGGATTGTTTCGAGCCTGTTCTACACGGAACGCAATACTTGCTTCCATAGAGTCGGTCTGCACAATATTGCCCAAATTTGAACCATCGCAGGTAATTGTATTTCCCACGATAGCCTGTGTTCCTGCGCACCATGCTAGACCAATGTAGTTGGTCTGATTTGGTGCCATTGGTGTACTGTTGTTGAGTCCTGGCATAGCAAGCGGATAACTCTTTCCTCCAAGCACATCACTCGCTGGACCTGAGTCGTTTGAGAACAGAAGTGGCTCAGCTATTTCTCCTTGCCAAATATTATCTCCTTCACCAGCATCATCATTCAGTTCATTTTCATCTGAGTTCTGCCATCCAAGGGTAGCGCCCTGATCTAACCAAGCTGCGAACTTAATATTCTGCGCGAGTTCACCATCAAACATATCTGCATCTGGCTCACTTGCTTGAGTATCTAATTCAAGAACTTCTGCATCTTCTGGCTCATTCACTGTCATGTCATCATTCTTGGTGATATTTACATCAACACAAGCCCAAGCGGGGTTTGAATCAATGTGAAGTGAAATAGTGTTTTCACCTTCATCACCAGGTTTTACATCTCGGAAATTAAAGAAAGTCTGTGCACCTAAGTCAGTTGCTTCCCAGGTACCCGTACAAGGGAGACCAACTGGATACTCTGTACCACCCTGCCAAGTGTAATCAGTTAAATCGTTAGTAGTTAGAAGGTTTAACTGGCAAATACTACCATTATAATGTGCTTCACTATCTACCGTTAGGTCAATTGCTCCGGCAGTAAAGACATTTCCTGTTGAGGTTTCTGTGTCAGAGAAGAATGCTCCTGTTCCTCCGACGATGAGGGCGCCCGCAAACACGAGCATCCCAACACTTGTAATAATTTTTTTCATACAATTATTAATTTATTTGTAATTAATACTTTTAATTTCCTGGTTCTTACCAGCCCGCTAAACCCCAGCCGAAGCTGAGATTTAGAACGGCTAGAAATGACTAGATAGCAGGCGCACCTAGGTATAGACGAGCATTATCGAATGGCAAATCTGTAAACGGATTGTTTATAAACCATCCATATCGATTACCTCCAACTTCTGCTGGGATAGTGTCAGATGGATCACTTCGAGTCCATGAACCAACCACTACGCCAAGACTATTGAGTACTTTCATATCTACAACCAGTACACCAGCTACGTCATGGAAGTAAGCTTGAAGTGTGTACCAACCGGTGGTGTTGATAGCCACAGTTCCAACTCCATGTGGGTCACCAGGTGCGTTATTACTTGCATTTGCTGCCCATACACCTACTGCATTAGTACCAAGATGGAAAATAAAGTCACGTTGATGATTTCCATCTGATCCATTACTTGCAGATGAGAAATCGAAACGCTTATCTATACCATCAGCATCTGCCATATCAAGATAGACATCTACTTCAGTTGTATAGCCACCAGCTGGAAATACTGATGAATATCCTCCCCATCGAGTAAAGATATCTCCATTAGCAAGACCATGTTTATTTCCATCAGAAGATGTAACACCACCTGTACCTGAATTTACGATACTGAATGTACCATCATTACTAAACCAGTACGGGTCACCTTGCTGTTCAAAACTTTCTGAAAAGACCAAATCTAATGCTGGAGGAATATCTCCGCACGTAAAGTTAGGATTATTTCGTGCTTGTTCAACGCGGAACGCAATATTTGCAACCATAGAGTCAGTTTGCGCAATGTTGCCCATCGCACCACCGTTACAAGCAATTGTTCCGGCAACTGGCGTGGTGAGATCACCAGCACACCAAGCAAGCCCGACATAACTAGTACTTCCACCTACCAGTGCTCCGAGAATCGGAGAAGCAATTGTGTAGCTCTCACCATCGAGCACATCGCTCGCTGGACCACTACCATTTGAGAACAATGGTTGCTCATTTGCTTGCCAGATGTTATCTCCTTCACCTGGATCAGTACCTTGGAATCCTGGTGTTGCTCCGTAGTCTGCCCAAGCAAAAAATTCGATATTTTGAGCGAGCTCTCCATCAAAGAGACTGCCGGTATTAACCGCGTCCCCTGCACCAAGTTCTGGTTCTACTGTACTCACATCATCATTAGCAACAAGTGACACATCGACACAAGCATACGCATCATTGTTGTCTACATGAAGAGAGATAGTATTTTCTCCTTCGTCGCCTGGCTTGATGTCGGTAAAGTTAAAGAAAGTTTGCGCTCCCAAATTGGCTGGAAGCCAAGTTCCGGTACATGGTGAATTAAGGACTGGGTACTGTGGATTATCTTCAGTCTCTCCATCATCTAGCACCCATACTCCGTTTGTACAAACAGCATTGTTGTAGTGTTGTTCACTATCAACCTTTAAATCGATTGCTCCAGCGGTAAACAAGTTACCTGTTGAGGTTTCTGTATCACTAAAGAATGCGCCTGTGCCGCCAGCGACAAGTGCGCCGACGAAGACAATCATTCCCAAACTCATAATAATTTTTTTCATGTGTATATAAATGCTATGTATAATGAATACCAATAAACACGTTGGGGCTTCCTAAGCGCGTTCCCTACCACACGAGTATTCCCATAAAACGTCTGATAATAATATCGTATGCTGTCAAATCGAGGTATTTGAGGAAAAAAAGAAAAAATAGTACTCATTTTTGAGCAAATATGTGCATAAGTCGTAACAGCTTTGTTGAAGATACTGATTATTGTAAAATTTTGTATAGTTGATAACGTGTGCTTAACGTGTGCTTAACAGATGTATATTCTGTTCATAGTGCTGTAGACAACACTTTTTGTAGGTAATAGAACACACAAAAAAAGAAGTTCAATACGTGCGTATGACACTTCTTAATTATTGCTTGAGTGAGGCGTATACAACGAGGTTGTGACTGTACTTCTCTTCTCCTTTGTCGTATGTTCCGGTACAGGTGACCAAGCGAAGTGTTGGTGTGTCTGTACTGCCATAGACTAGTTCTGTGGGGAAATCATCCTGACTGTATCGTGCGAGAGAATCGACGGTAAATACAGCAACACTTCCGTCTTCACGTGTAATTTCTATCTCATCACCTGCTTCCAATTTTCTGAGTGGCCAAAATACTGCAGGTCCTTTGTATGAGTCCACGTGCCCCAGCACCACTGCTGCCCCTACTTCACCCGGGGTCGGGCCGTTTTTGTACCACCCCACCTGTGTGTACGAATCGGGTACTTCAATAGTCTTATCTTCCTTCAGTCCAAGGGGCTTTTCAAATGTGGCCTCTACTTCAATTTTTGGAATAGAAATACGTGTCGGAGCCGAGCGAGAAAATGCGACTGATGTTGTTGCACTCGGTACTTCAGACGTTGGTGCTTGTTGTGGCGACTCTTTCAAAAGAAAAAGAATTCCAAGACTACTCAGTGCTCCCACCACCATCCCCGCAACAGCAAACGCCACTACCTTTTGGTACTGGCGGTTTGCTATACATGCACGTATGTTTTTGAATACATTAGCCATTCTTCACTTTTCGAACTGATGTTGAAAGAGGAAGGATTGCCGTGAGTATTGGGAATTGTACTGCGTGAGGAGCGGTTCCTCCAGCACCCGTGTTTGGTGCTCCAATAGGCATTATGCTCGTTGATTCACCGAGTACTTCACCCTCTGGTTCATCATCATTATTATTGGAAGAGTGTCGTCTACTTCCGCGGCGAGGACCTGAACCATCGCTTCCACTACTTGAACTATCATCTTCTTGTACATTACCAAAGTTGTATGGACCGTATGTTGTGGGAAGTACCGATGCGTACGCTGTAGGAACCACAAAGTCCATTAGTTTTGCAAAGAAATGAGTCTCTTCACTAAACGTAACCTCTCCAAGCACTTCTACCACATGCCCATTGACATTAGGAAATGTTTTACTCCATCCCTCTTCTATGATTTCGTTGATTGTCCATGTTCCCGCAGGCACATAAAAGTAATAGTATCCAGATGCATCAGTCGTTGTTGAATACGTTACACCACCGTTCGTTATTTGTACTGTCCATCCATCAAGATCGCTCTCATCATCCACTGGGTTTGGCTGTTCTACATCCCATGCATCATTTTCGTTTTCATCGTGCCATACGTATCCGAATACGAGCCATTTTGGAACGGTATTCTCTCCTCCACCATCGAGTGTGTTGGTAATCACACAGGTCACGGTCTCGTTTGCCTGAAGTG
CP064968.1_gap19	627516	630181	2665	CGCAGGAGTCGTAAAGTCGGTGCTCGACCATGTGATTAAAAAAGGAATCGCAGAGAAAATAGTGGTTATGACCGGAAGTCGTTCAGAAGATGAAATACTGCACCGTGATTACTTTGATAGCATGGCACAAGAGCACCCCATAATTGAAGTACGTCATGTCATCTCAAAACCTGCGACCGCTGGATTCCGAGAAGGATACATCCAAGACCATATTGACGGCATTGATTTCAATAATGCCGATGTCTATGCCTGTGGCCAAGGCGTTGCCTGTGACAGTCTCGTAGAAAAAATAAAAGCACAAAACCCTGAAAACTGTCATTTCTTTATCGAAGCATTTCATTAAAAATTAACAGGAAGGACCTGTTTAAACAGGTCCTTCCTGTTGATTTTGTAAAATACAAAACAGCCGATGCCCATAGGGCGCCGGCTGTTTTGATGTCACATGGCTTTACCCTTTTTTATGTTCGTATGATGCTTTGATGAATGCAGTAAAGAGTGGATGTGGGGAGAGGGGGCGCGCATGGAATTCGGGATGGAATTGGGTACCCACAAAGAACGGATGCAGGTCACTCGGAAGTTCTGCTATCTCCATAAGAGTGCCGTCAGGAGAGGTTCCTGAAAATACCAATCCTTTTTCGGTAAGTGGCGCAATATATGTGGGATTTACCTCGTAACGGTGGCGGTGACGTTCACTAATCTCGCGTGCGTTATACGCTCGCGCGGCTACAGACCCCTTTGTGAGGACTGCAGGATATTCTCCAAGGCGCATTGAGCCACCCATATCGCCACGGGCAATCTTTTCTTTTTGCTCAGGCATGACGTCGACCACTATATGTTTTGAAGTAGGTTCTATTTCTGCAGTATGGGCATCTTTGTACCTAAGTATCGTGCGTGCAAACTCAATAACCAAAAGTTGCATACCATAGCAAATACCGAAGTAGGGAATCTTTTTTTCGCGTGCGTATTTAATAACTGAAAGCAGTCCTGGAATACCCGTAGCACCAAATCCGCCCGGGACAAGGATGCCATCAAAGTCATTCAGCTTCTTTAAACTTTTTGGATTATCCTCAAAACTTGACGCAGAAACATAGTGAATCTCTGGAGTGAGATGGAGTGCATAAGCAGAGTATTTAATCGCTTCAAGAACGGAAATGTATACGTCTGAGAGAATGAAATCGCCTGAACTAAAATACTTCCCCACCACGGCAATCTTTACCACATCCTTGCCATTCTTTGACCGTGACACAAAATTCTTCCAGGCAGTGAGGTTCACTGGCCTCGGAGCCACAATACCGAGTTGCGCACAGATAAGTGCAGAAAGATTATCTTTTTCAAAATTAACGGGAACATCGTACACACTTTTCACATCAGGTGCCGAAATGACATGCTCAACTTTCACATTACAAAAACGAGCAATTTTTTCTTTCCGTTTTTTATCTATCACCACGGGACCACGTGCAAGAATAAAATCTGCAAAGACACCAGTGCTGTTCAAGATACGCGCAGCGGTCTGCGTGGGCTTGGTTTTCATTTCCCCGATACTCGAGGGTACCGGGAGGTAACTCACCATAACCACAGCCACATGCTCCGGCATCTCGGTTTTCATCATGCGCACCGCCTCAAGAAAAAGAATGTTTTGGTATTCACCCACGGTACCCCCCACTTCGATTGTAATCACGTCAGCGTCTGCTGCTTCGCCCGCTTTTTTAATACGTCGAATCACCTCTTCGGGAATATGAGGAACAACCTCAACATTTTTTCCTCCGTACTCAAGATTGCGCTCCTTCCGTATCACGTCCTGATACACACTTCCTGTCGTCATGTAGTTGATACCAGGAATAGTCTTCCCCAAGAAGCGCTCGTAATTACCCATGTCTTGGTCTGTTTCGAGACCGTTTTCAAGTACAAAAACCTCACCATGCTCAGTGGGATTCATCGTGCCTGCGTCAACGTTGATGTATGGATCTATCTTGAGTGAAGTGACGGTTAGACCACGAGACTGAAGCAAGAGTGCAATAGAGGATGAGGCAATGCCCTTCCCCACACCACTCATTACTCCTCCGACGATAAAAATGTATGAACGTGTTTTACTTTTTTGCGCAACTGAAGTTTTTTTATTGGTCATGGTTATACACGAAGATATCTAGCAATGGCAAGTGTACTCGACACAACGCCGAGTACAATTCCCGAGCCGACAAGTACAATGAAGAGATACCCAAAGTTTTCTACAAAATAGTTAAAGATATTGAATCCAAAGAATACATCAGTTCCTGGACCAAGCCACAACACGACTGGATATAATACAAGAAGTGTGAGTACACCCGCAATAAGTCCGTAGAGTACTCCCTGAAGCACAAATGGCCCACGAATAAACATGTTGGATGCTCCCACAAGGCGCATCACGCTAATTTCTTCACGCGATGTGTAGATAGCGAGACGAATGGTATTGAAGGCAATCAGAATTGAGGCACCGATGAGAATGAGCATCGCAAAATAACTCGTACGCTCGACAGTATTGATAATATTCGTGAGTTTGTCGATTGCCTCCTTATTTTGATTGAAATTGATACGATCAATAAGTGGTGCCTCGGATGATTCTGCGGCTTGATGGTCAGTGAGGAAGGTTGCAATACTCTCGTATTGAGAAGTCTCATTTGCTCGAATC
CP064968.1_gap20	644881	648786	3905	CAAGAAGTGTGACCCCTTCCTTTTTTTGAATGTATTTCATCATATTAATTCCCATAGCGCTGGTAGTGGTCATATATCCATGTCTGCAGTTTTACCTCTCGGTTAATATTTTTGCTTTTCCAGGTGACGCTCACTTCAACAGGCACTCCGCCGCCCACCGCTGTGCCTATAGTCACCGTACGTGTAAAAAGACTAGGAGACCCTGTAGTGTGTGAATACACACCATTACTATCAACAAATAATTTACAATCATCAAGTACATCACATTTTATATATGGATTACTAGTATTCTCCCGTAAGAATTTGCACCCATATGGACCGTTACAATTAAGAAGAGTCAGCCAAGTGTCAGTATCCAAAGTACCATTCTGATACGCTTTTAGTGCTGCCTCATCACGCAACTCACGTATTCCTTCAATAGCTTCCTGTGCCAAAAAGACTGCGGTGACTTGGTTATTTGCAAAATATGCGTTTTGTACCCCCTTTTGGGCAATAGTCATGGGGCCTACAATCACCACAACAAGAATAGAGATTGCGACAAGTGTCTCTACCAGAGTGAAGCCTTTTGTATACGAAACATTATGCATATAATTTATAGTATATCTAATCGACGCTGTACGATGTGAGTTTGAATATTGAAATCAGTATCTGTATCGAGTCCGTTGTTCACATACCCCTTAAGTATGAAATCAATTGTTGGTTGTTTTGTGTTATTTCCACCACCACTATATGGATCAGTATTTTTTACAACAAGTTTGAAGGTGCTAATAATCACATCGTTTGCGAGGAGATTCTTCCACGGGTCCCCTTCGATTTTTTGTTGTAGAATTGTACCCCATTGCAGACGATACCCTATACGTTTGCCATCGCGTTCACGATAAAATGCAATTGCATCCTTTCCGCCAGTACAATCATTAGAAGCAGGAGCTGGAAAAGGTTGGATAGCACTACTATCAGAAGTAAAGCAATTATAACTATATCCCATGCGCATCTCACGCGTCATACTATCGAGCCCAAAGGAGAGGTTGGTCATCGCGGTGTTAAGTGCCTGCGCTTTTGCATTAGCATCGATGAGTGTAATAAGTGTCCCCGTACTCACCACCATTACTATGGCAAACACTGACAGAGAAACCATGAGTTCTATAAGTGAAAACCCTCCTCTTTCTTTATTTATATGATGTATATGAAATCTATGGTACATATTCATTATGGTTGTTTTGATACTGTAATTTGACCCAACTGTGACACAGTCACAAGAAATACGTTTGCAGTATTGTTGCTTGAGGTAACTTTAATGGTGACGTCTGAAATAGCTTCGTCCTGCGCTGGTGTAAAGTTCACACCTGAAGAGTTCCGCCCATGAAAGAGCGCCTTAAACTCGGGACGGCGGAATGAAATATCAATACCTGATGGCGTACAATCGTTTCCAGGATTAACACACACATCACTCACATAGATGGAACGATCAAGTGTTGATGTTCCGAGAATAGTCGCAACATCAGGGTCGCTGTCTGCTATATCATTATAAGGTGGTAGTGAAGAATCCCGAAATTGAAATGCAAGATAGGTCTTACTTGCAGTTGTTGGTGTACTGCCTGGAGCTGGAGTAACACTCACGCCACGTGGATAATCAAATCCTGCAGTACTTCTCACAGCGCTTATAGACTTTACCTGTGCCTCACGGATGGTGAGCGCTATCTCGTATGCAGCACCCTTCAGGAGGGTCGTGCTATCAAACGCCTTATATTTTACCGTCACCAATGCGGTCAAAACACCGATAATCGCAACCGAAATGAGGAGTTCAATAAGCGTAAAGCCACGTCGTTTGTACGTAGTGTACTTATTCAAAGAAAATGGTGTGAGTAAGGGTGAAGATATCTGCATGGAAAAGGTGTACTAAAAGAAATCCTGCGATGAAGAATGGCGCAAAGGGTACTTCACTCTTAATTGTAAGCGATGATGAAAGAAAGTGTAAGCGTATTTTTCCCCTTTTTGTGAGCCGTTCAAGACCGAGTAATGAGAGGCTTACAACTGCGCCAATCCAAAATGAAAACACCACCATTGAAAAGACCCCTTCAAGCCCCACAAGAAAGCCAAATGGAAGCGAAAGTTTCACATCTCCAAACCCAATCCACCTCCCCTTCGAGACGAACCACAATGCCCAAAAAAAGAATGCTACGGATAGACTTGCAACAACGTGTCCAAAAATAAATAATGCGTCCTCTTCCTGGCTGACTCCATAACCGAGAAATATCGCAGCAATACCAGCCACAAGTAGTGTGAGTTCATTCGGAATAATCATATGTCGCATGTCATACACAAGCATCACTACACAAGCTGATACTAAAACCAAATTGAGTGCAAGGAGTACCACATCAAAAGCATAGGTATGCCATACAAGGAGAAACAGGATTCCAGTAAGTATTTCCACCATAAGATAACGCGAGGGAATATACGCATTACATCCCTTGCACGCCCCACGGAGCGAAAGGTAAGAAAACACGGGAAGCAATTCATACCATGAGAGCATCTTCCCACACGACATACAGTGTGACCGCCCATTAAGCGACCGCCCCGTATGCAAACGATAAATCACCACATTCAGAAAACTCCCAATAATAGCCCCAAACCCAAAAAAGAATACGTACCAGTACAATGCCATACCTATATCATATCCTGTACACCGCCAGATTTCCCTAGGGTTCCCCTAGGGAAATCACTAAACCAATCGGTCAGTTCCTTTAGCACTACTTGTTTCTTATTGAAAATCTCGCCAAAAAGATCTTTATCAATAACAGTGCTTTCTTTTCTCATTATCTCTGATGCACCTATATAATCAGACAGACTTGAGTATTTATAGGAAAACAAATAGTCGATTGTTTTTTGTTCATTCTTTACTCCATCAATCTTCCAATTCTTATCAATGAGTTTAACCGGATTTAAATGAATATATGCAAAAAGATATCTAAAGTAACGATCATCACATACAAATTCTGATTTATATGGACCTTCAAATAGAGTCCCTGTTCTATTATTTTTTTTATTAAAATACATGGAATATGCAGTGCTGAGTTTCAGCATGAATTTACTTATTCCATCATCTTCTAGCGGGGTAAGTAAAATGTGAAAATGGTTTGGCATAAGACAATATGCAAGTATATTCACCAACTGCCTTTCTCGATCAACATCAAATACATTTTGTGCACCCAGGTCACGCACATTGAATGAATGAATGCTATTCGAGAGAAAAAGAAGTTTTACAAACCGTTCATAATCCTGTGGGACAAGAAAAACCTTTTGCTTACTATTACCGCGATTATATATGTGGTAATACTCGTTTTGGACAAATGATACACCTCGCGTACTCATATAATTTTATTAATTATATGACAACCCATCAAATCTCCCTAGGGTTCCCCTAGGGATTACACAACCCTTCGAATTTCCCTAGGGGAACCCTAGGGATTACATCGGGATTAGAAGAGAAAAACAACCTGAGGGGGCTCAGGTTGTTTTTGAATCTTCCTAGGGGAAGGTTAGAGATTATTAGTAGGAATTAGCTAGAAATAAGTATCTTAAGTGAGTAAAAAATAAATTGATATTAAGGACAGATAAATGTTGTATCATCTCCAGCCGTCACTGCTGCAGGAGCAGCGCCCTGTCCTGCCTTACCGGCACTGTCTGCACAATAGAAGTTGCTTGCCGGAGGAGCTATCAAAGGAGTACTCATACGCCATGCCTGTCCGCTCGTTGCGATTTCACAGGTGAGTGTACCACCTTCAGCTGCAACCGCTGCAATAATGTCTAATAATTTCTGAGTCCCACAAGCTCCAGTGTATGTATTACCGTCTGAGTACAAGAGTTCCATTTGAGCACGCGCGTTATTGACGTCTGACATCATTGCT
CP064968.1_gap21	679343	684097	4754	CCTGTCACGCTTATCTTTGAAGGCAATGATGGGTATGTAGAAGTGAGTGGCATCAACCCTGGCGACACCATCATCGCCCCTTAATTCACTATGCGCAGTCTTCGTATCGGATTACTTCTCGGCTTCAGGCAAATTCAACGTGCAAGCACGTGGACAACGATGCTCATTATCTTTGTGATGATGTTTACTTTTCTGAATCTCATTGCGCTTTCGGGAATCTTGGTAGGAATTATTGTGGGTGCCGAACGCGCCGTACGTGAGAGCTCTGTGGGTGACATTGTGATCACCCCGCTCGTCGGTGAAGCAGCAATCCTCAATACTCCGAATATCATTCGCGAACTCGCTACATATCCAGAATTGGAGTCATACTCAGCGAGACTCAAAGGAAGTGCACTTCTTGAAGCTAATTTTAAAGAACGTCGTGACTTGAGTAACGAACGCGACACCGCGCAAATTATCCTTACCGGTATAGATCCCATTCATGAAGATGCAATGACCCACTTAAGTGACTATGTGGTTGAAGGTGAGTATCTCAATCCCGATGAAGAAGGCTACATACTCGTCGGAGTGTATTACATCAAGGAGTACGCTCAAAAATTTGGTGATGTATTTGATAGTGTGTCTAATGTGCATCCTGGGGACACGGTGCGTATTTCTCTGAATGGCGTTTCAAAAGAAATGAAAGTGAAAGGCCTCATCAATTCAAAAGTAGATGAAATCAGTCTCAACACATACATTCCCGAGCGTGAGTTTAGACGTCTTTTTGGCAAACTCGACCAAAACGCGGACCAGATTGTGATACGTCTTGATTCACCATCCCAAAATGTGACAGTCAAAAATGCTTTGGTTGCTGGTGGTATTGAACAGTATGCAAAAATTCAAACGTTTGAAGAAAGTTTGCCGAAGTTCCTCATCGACATGAAAGATACCTTTAATATTCTCGGTGCATTCACAGGCTCGATAGGCATTGTCGTCGCTTCAATTACCATTTTTATTATTATCTTTATCAACGCGCTTTCGCGACGCAGATACATCGGTATCTTGAAAGGTATTGGTGTTTCAGAACGTGCTATTGAGATTGCGTACGTGCTCCAAGCTGCGTTCTATGCGCTTGTAGGCTCCCTGATAGGTGCACTCGTCACGTACGGTTTCCTAGTCCCATACTTTGACAACAATCCAATTCAATTCCCTTTCAGCGATGGTGTCCTTGTTGCCGACCCACTGAGTACTTTTTATAAATTCCTGACACTCTTTATTATTACCCTTATCGCTGGCTTCCTACCTGCATGGCTCATTACCCGCCAAAACACCCTTAATTCAATCCTTGGACGCAAATAGTATTATGGCACTCATTACGGCAAAAAATATTCATCGCTCGTTTGGTACTGGGGACTTGATGACCCACGTGCTCAAAGGCATTACACTCGACGTTCACGAAGGTGACTTCATTGCTATCATGGGAAAATCAGGCGCAGGTAAATCGACACTCATGTACCAACTCTCTGTCCTCGACCGCCCCACTGAAGGCACGCTCACCATTGATGGTGTCACGGTGAGTGAACTCACCGAACACGAGCAAACACTCTTTCGCCTCAATACCCTTGGCTACGTCTTTCAGGACTATGCCCTTGTACCTGATTTAAGCGCAGGAGAGAATATAGTCGTCCCCCTCCTTATGAAAGACCAGTCGTGGGAAGAAGCAAAAATGCATGCGGAGGAAGCACTTATTGCGGTTGGGCTTTCCGATAAATACAACAACCTTCCTGCACAACTCTCTGGTGGTGAACAACAGCGTGTAGCGATTGCGCGCACCATTGCCGGTAATCCAAAGATTATTTTTGCCGATGAACCAACGGCCAATCTTGATAGTATCTCAGGAAATGCCATCATCGACCTCCTTGGCGACCTCAATTGCAAGGGTCAAACGATTGTTATGGTGACGCACGAAGAAGAGTACGTAAAATACTGCAATCGACTCGTGTACATGGAAGATGGTGTTGTGGTGAAAGAGGAACAAAATAAAAATAGATGCACTATTGCGTAACATCAACACTCCATATTATAAGTATACAAAAAAGATGTAATACCATATTTTATACTCCTTTTAAACTATAGATATCCCTTCATCTCGTCAGTTACGTAACCTCGGCATTCTCTGTAGACTCAAAATTACTACTCACTCTTTTCATATAATTACATGTATTTTTTACCTGTTGCTTGTTATACTGAATGAAAGTATGAAGATACTCTTCACGCGTTATTTTGTGTTGTATACGCTTTTCACCCTTGGGGTAATTCTCATTGGTGCATTTTTCTACATGAAAAGTCATGAGTCGAATAAAGAAATCCGGCCAACTGAGCGTGTATCACACGCAAATATCTCAGTGTTCGTAAAAGCATCTGGAAAGATGGATGCGCTTAATATAGCAAAACTCGGCTTCCCTGTTTCCGGCACCATACAGCACATCTTTTTTCGAGAGGGGGACGTTGTGAAAGAGGGAGATATTATTGCATCACTTACCCAGGATTCCATCATTGCATCATACGAATCCGCAAAGGAAACACTTGCGTATTATGAGTATACAAAAGATGATATTGCTGCGGGGACACAAGACGTTGACAAGCAAATAGCAAAAACAAACGTTGCGATAGCAGATGCAGAACTCGCACGAGTCACTAAGGAATACGATGCTATTGTAAAAAATGCACGCGCAAGACTTCTTTCAGAGGGACTCACCGCCATTCCTGAAAAAAGCACAAATGATGACATTCCCCCAATCATTTCAGGGAACTATATCTGTGATACAGAAGGGGGGTACACGCTTAAAGTATTCAGTTCTCAATCTGCGAGTGGTTATTCATATGTTCTCACCGGTCTCGAGAGTGGTACGTACACAGCGTACACTGCTGTTGCTACACCGCTCGGCATGTGCGGGCTCACTATTCAATTCGATGATAATGATAGGTATCGCAATACCACATGGACTATTAGCCTTCCCAACACACGAAGCCCAGAGTACCTAAATCTAAAAAATGCATATGATCTTGCAGTCACCGAGCGTACAAACGCAATCGAGCGCGCAACACAAGCGCTCACTCTTGCGCAGAATACGGAGTCGAGTGTAATAGCACCTGCACGACAAGGGTTACTGGGGGGTGCTCAGGCAAATATAGCAGCCGCGCGAGCAGATGTTGCCCGATTTGAAGCAGAGATACGCGACTACACCATTCGGGCTCCCTTTGCGGGTACTATTACCGAAAATACACTTCGAGTGGGCGAGGTAGTACACCCCGCTCGTTCTATTTCGCTCATGGAAAATGGTCGTTACGAGTTCAAGGCACGTATTCCTGAAGTTGATGTTGCTAAGATACAACTTGGTAATCAAGCAGACGTCACCTTTGATGCGCTCCCCGAAACACCACTTCGAGGAACTATTGCCTACATCTCACCCTACGCAGAGCAAGTAGAAGGTGTTGCATATTATGATACAAAAATTACATTTGAAACTGCTCCTGATTGGCTCCGCGCAGGTCTCAATGCCGATGTTCGTATCATCACCAAAGAAAAACAACAAGCGCTCACTCTCCCAGAACGATTTATAGAACGCAAAAATGGAAAAAACTTTGTATATAGAGAAAATGAAACCACCCCGACACAAATTACGACCGGCCTTGTGGGTACAAATGGTCTTGTCGAGATTATTGATCTTCCACTCGGAACTCAAGTAACTGCACCATAGTATGCTCAATCTCCGCATTGGACTATTTCTAGGCCTGAGACAGATGCAACACACGAATCCCTGGACAACAATACTTATTATTATTGTCATCGTATTCACGTTTCTCAATCTCGTCGTTGTCAGTGGCATTCTTTCAGGTATCGTTGATGGCGCTATGAAGGCAACCCGTAGTGAGGGGCTTGCGGACATTATCATTAACCCCCTCGCTGGTGAAAGCGCCATAAAGGAATCAGCACGCATCTTCGGAATACTCGATACATTCTCCGAAATTCAATCGTATTCACCCCGCTATACAAATCTCGCGACGATAGAAGCAAACTACAAAGAACGTCGTGACCTCAGTATTGATCCAGACATTATCTCTATTACCATGACAGGTATTAATCCTGTGAAGGAAGCAGAGACAGTCGCCATTGAGTCGATTATCAGTGAGGGCGAATACTTCAAAGAAGGAGAGAGTGGTTACATCATACTCGGAAAATATGCAATAGACCGTTATGCCGTGGAATTTGGAAGTGTATTTCCCTCACTTGAAAACGTATACCCTGGTGACACCGTGCGTGTCACTGCAGGAGATAGAAGTGAAGAATTTGTGGTAAAAGGAATCATTGATTCAAAAATTGATCTCATCTCTTTCAGTATGTTCATGCCTGAGAAAGAATTTCGCCGACTTTTTGGTCGCGATGACCATAATGTTAATCAGATTATCGTTAGATTAAAACCAGGAGAAGATGAAGATGTAGTAAAAAAAGCATTGCAAATGACTGATATACGTTTGTTCACTCGCGTAGAGACTTTTACAGAGTCATTACCAAAATATATACTTGACGTGTCGAAGACGTTCGACGTTCTTGGTCTATTTGTTGGTGTCATTGGTATCATCGTGGCGTCTATTACTATTTTTATCATTATTTTCATCAACGCACTTTCACGGAGACGGCAAATTGGTATCCTCAAAGCGATTGGCATGAGTAAGGAGAGTATTGAATACGCATACGTCATACAAGCAGGAAC
CP064968.1_gap22	771478	772478	1000	TAATAGCCCAATATTACGATGAGGATGCCGGCCAAAATAAACGCGATGTGAAGAAAATTTGCTTGATCAGTTATATTCCTTTCGATTACAAAAATCCTGCTGAAAATAAACGAAATTGTGGTACCTATAACTACCACAACAATTCCAGCACACCTGTGATCAACTCCCAAATACGAGTACTCGGTTCGTTTCCATAGACCAATACAGAAGAACCATATACTTGCACATAAAAGAAGTGCGTCACCGACGAAGGGTGGTCGTATCGGATAGAAATAGATGGTGCTAATGCTCAAGAAAAAAAGCACAACACCCACATACGTTACTAACTTCTTTTCGACATAAATTTGCATGGATCACCCCTTTTGCAAAGAACACCCAATCCAAGTTGGGAATAGAGAAAAGATACCTCATAATTTGATTTTGTCAAAAAATGCATCCGGGTCTTCCATAGAACCTGTCCACCCCGCACATACGAAAAAACCCGTGAGGGCTTATTTCATATGTGCGGGATGGGGGAATCGAACTCCCGACCAGAGTTTGGAAAACTCTTATTTTACCACTAAACTAATCCCGCAATCATTTTGTATGAATCTTTCACACAAAGACAAATAAGTATACTAAATGTTGCACATTGGGCAACGCTCTAATTACTTATTTCGGATGATTCTAGCACTTCTTGCATATATGCGCCAATCTGGCGTGCGAGCATTACTCCAAATGCTTTATTCCCTCTCGAATGGACAGTAACGTGTGCTGTTCCATACGGATGAATACCACTTCTTTTCCTATCTTTTCCGACCCTCTTGTCAATACATACTGATTGTAATTGTGTTCTGGAAAAACCCGTCTTTTTCAACCAAAACTCCTCAGATTCATGAATATTTGAGTCGGGGTATAGATGTATCCTAATGGTGAAGTTTGTATGATCCAATCCGAAAGATTCAAGCCAGCGTATATATAAATTAATTACTCGATAATCACTATTTACTAATCGAGTGAT
CP064968.1_gap23	785441	788342	2901	CAAACACCACAATTGTGCGCGAATATAAAACATCCACTGCATACGTAGTATGTGTGGATGTTTTGTTGCATTACGCAAATGTCATCTGCTCAGGTGAACTATGCGTAATCAAAAGCCGTACTATGTCATCTCGAGACGGGAACTGTTCCTCGTAGGGGACAACAATAACTCGTGTAGCCCCTGCTTTGTGTAACGAGACGACGCCATCATTAATACAGGCTTCGGGTGTTTCTTGTGACGTGTTACATGCACTCAGCCGTTCGCGTACTTCGCTCGGCCACGTACTTGAATACTGAGAAATTGCCTGTGATGTTGGGGTACATATTCGCGATGATGCTTCACTCACTGATATCTCCTCATTCCACGGCACCTCACTCAGAGGAAACGAAGTTGCGGCTGGCGTAACACAGAGCACTTTCCAGACTCCAGACATTGTTGAAAGTAAATCATATACTGGGTCAAGCACTTTCCTTAGAAGGATACTACAATCGAATGTTTCCCGTGTAGCACCACTCTGTGAAGTACAGAACACAATACCAAGTTTTTCTTTACTCACGCTATTCTCCCTTACATTAAAATGAACGCATTAGAACTATCAACTTCAGAGGATACGGTATGCTTGTCTTAATGTAATGTCAACTGTGGACATTTTCTTTTCGTCACAAAGCACTGTGATACGCTACATATAGGAGATCTTAGTAATCTAAAATTCTACATATGGCAGAACGTGTTACCCACAAAAAGGAAAAAAAGAAACCAAAGAAAGGAGACAAGAAATAGAAAATCGCCCGCAACTCTGTTGCGGGCGACTTTTCTATGTATCCAAAACCCTTTCAAAATCGCCTAAAATGCGCTAGTGTACAGTACTTATGGCACGTGAAGCAGGTCTTATCTCGTTTAACGACGTAACGTTTGAATACACACACAATAAACCAATCTTAATTGGGGCTAATTTTGTGATTCGCCGCGGATCAAAATTGACCCTCATGGGTCAAAACGGTGCAGGGAAGAGTACTATTTTTGGTCTTATCACTGGCGAATTTAAAGAAAACGATGGTGATATCAATATTATGCCTCGCACTACCATCGCGCTTTCAAGGCAGGTAATACCTCGTGATGAACTCGATTTAACCGTTCGTGATTTTTTTCAGAAGTGCTTTCCTGAAAAGGTATATGATATCGACCCAAAGATTGATGCGGTACTTGAGGTAGTGAATCTTGTAGCACCTCACGACCGTATCGTGCGTTCTTTTTCTGGTGGACAGCAAGCGCGCATACTCCTCGCCTCGGCACTTATCCAAAATCCCGACCTTCTCCTCCTTGACGAGCCGACCAACAACCTCGATGTCGAGGGTATTCGCCATCTCACTGAGTTTCTCCGTGAGTATAAAAAGACCGTTGTGGTAATTTCCCATGATGCTGATTTTCTCAATGCGTTTACGGAAGGTGTGTTGTACCTCGATGTCCGTACACATGTCATAGAGCAGTATGATGGCAACTATCATACAGTGGTGCGGGAAATCGCGGCGCGTATTGAAAGGGAAAACCGAAAGAACTCCCAATATGCAAAAGAAATTCAAGCAAACAAAGAAAAGGCGAACTTCTTTGCACAAAAAGGAGGCAAGATGCGCCTTGTAGCAAAGAAACTGCGTGAAGAGGCAGAAGAGTATGAAGAAAACAAAGTGGATGTGCGCAAAGAAGATAGAACCATTCGCCCTTTCACAATTAATGTCCCCGAAGAACTCCCCACAAAGATTCTCACCATTTCTTCATATAAGGTTATCAAAAATCACGTTCCAACCGAAAAGAAATGTGATATAACGCTCGGAAAGAATTTTCACCTTCAACTCGTGGGTCCAAACGGCATAGGGAAGAGCACGCTTCTCGAAGCACTTGCCTCAGGGCACGCACAGGGTGAGACTGTAGCGCCACAGGTAAAGATTGGCTACTACCGACAGGATTTCTCAACCCTCAACTTCGAGGATACGGTGTTTAATGCACTCCTCTCCGTGATGGAGAAAAAGATAGAGGAAGACATGCGCTCGGTGGCTGCAGGTTTTCTTCTTGGTAGTGACGTCATGCGTACCAAGATTGGGAGTCTCTCAGAAGGACAAAAGGGTCTCGTGGCATTTGCACAACTTGTGCTCATGAAACCAGGCCTTCTCATCCTCGATGAACCCACCAACCACATCAATTTCCGACATCTTCCTGTAATCGCAGAGGCACTCAACAAGTATGAAGGCGCCATGATTCTTGTTTCTCACGTCCCCGATTTTGTAGAAAAAATTCGTATTGATGAGGTGTTGGATTTAGGGAAGAAACATACGTAATCTTTATATTTTGTACTCATTTTGACGGTATCATATAAAGTGTTGCAAAATGTGCAAAAAAAATATATTCTGGCACAGACTCCTCGTGGTGCTGGTCATATTCCTTCACACACAATGAAGTCAGAAACATTGTTCTTAAACAATTCGGAGTTGAAAAATGGGCAAAGCAAAAACTGTGGGAAATGGTAACCTTGCAATAGCAGATTCCAAAGAAGTCATATTTGAGCAGACTGCCAAATATATTTGCTGTATATGCAAGGATCCTCATTTTCGCGTATACGGCAGATGGAATCACGGGAAAGAATCCGTCTGTTCCAAGGCTTGCAATGACAGAAAGAGTGAGGAAGTGAGGAACGCTCGCTCTAAACGGCCGCCAAATCTTGCTGTAGTTACAACATAACCAACTCAATACAACCAAGGGAAACCTCTGCGCAAGCGGGGGTTTTGATTTTGTTAGGTTTTTAAAATTTGATGCGTGTTCTGATTTGCATACACCGCTAATCCCTCGTATTATCAAGTAATGGAAAAAGAAATCACCTGTATCTACCACAAGGATTGCATCGATGGCACT
CP064968.1_gap24	905689	907927	2238	TACCATTCAACATTGCAAGTTACGCACTCCTACTCCTTATGGTCTCTCATGTTACCAAGATCCCACCAGGAGAATTAGTGCACACGTTTGGTGATGTGCATATCTATTCAAACCACTTTGATCAAGTGAAGGAGCAACTTACACGTGAACCATATCCATTCCCGACGGTAAAACTCAACGAGAATATCACTGACATTGATGCCTTTACGGCAAGTGACATAACGCTTGAGGGCTATCAGTCACACGACTCAATAAAAGCAGAGATAGCGAATATTGGTGGATTCACAGAGACGAAGAAAAATTAATGTAATGGAACCTGTATTAAGCACATGATCTGACACCCGCACAACCGAAGATTACTACTAAGATATTTTTTGATATGGATTACGCATATATAGAGAAGCAGGATAAGGAGGTATTTGAGGCACTCCGTGGAGAGGAGGAGCGCGAGGCGAAGGGGCTCGAACTCATACCGAGTGAAAACTACGTGTCGCGCGCGGTACGCGAAGCGAACGGTTCTGTGTTCACCAATAAGTATTCTGAAGGATACCCCGGGAAGCGCTACTATGGCGGGCAGGAGTTTACCGACATGATAGAAACAATCGCCATTGAACGTGCGAAGAAACTTTTTAATTGTGCATACGCAAACGTCCAGTCGCTCTCAGGCGCACCGGCAAATGCTGCAATGTACTTTGCGCTCCTTGAGCCCGGCGACACCGTGCTCGGCATGGACCTCTCCCATGGGGGACATCTCACCCACGGGCACCCAACCACTTCTATCAATAAAGTGTTTAACTTTGTACGGTACAAGATGAAGGACGTGAATACCGGAGAGATAGACTACGACCACCTTCGCCAAGTGGCACTCGAGCACAAGCCAAAGATTATCCTTGCAGGATTTTCTGCATACAGTCGGGAGCTCGAATATGCAAAGTTTGTAGAAATAGCGAAAGAAGTGGGTGCGTATACCGTGGCCGACATGGCGCATATCGCGGGGCTCATTGCGGGTAAGGCAGTGCAAAATCCGTTTGATGATGGGTTTGATGTCATTACCACCACCACACACAAGACACTCCGTGGTCCTCGTGGTGGCATGATACTCACGAGAGAAAGCGAGGAGATATCAAAGAAAATCAATAAGACAGTATTTCCGGGGACACAGGGTGGCCCACACATGAATGTTATTGCAGGGAAGGCCGTTGCCTTTGGTGAAGCGATGTCGCCCAAGTTTAAGGAGTATGCCGAGCAGATTTTGAAGAACGCAAAAGCAATGGAAGCAGTCTTCCACACCGCAGGCATTCGTATGCAGGGAGGAGGAACGAGCAATCACCTCATTCTTGCCGACGTGTTTGGCTCGCTCGGTATATCAGGGAAGGAGGCAGAAGTAGCACTCGACTCAATTGGTATTACGCTCAACAAGAATATGATTGCCGATGAAACACGCTCAGCAATGGACCCATCAGGCATTCGCTTCGGTACCCCCGCAATGACCACCCGTGGCATGAAAGAAGCTGAAGCGACCAAGGTTGCAGAACTCATGGTAGAGCGTCTCAAGAGTATTACCGATGAAGCAAAAGCAAAAGAACTCAAAGTAGCGGTAGAAACACTCTGCATGAAATTCCCAGTTCCTGAGAGCTTTGTTTAAAATAACTCAAATGCTCTACTTACCGTATACGTAACACCTGTTACGTATACGGTAAGCTTGGTGAAATGTGTTTTAAGTACATCTTTTCTTCTCGGATACGGTACAATACATGGAATGTTTGTGGAGTTATATAAAAAAACACGTACCTTTCTAAGTCATCATTGGCTTACCGTTGCGTTTCTCCTTGGCTTCATTCTCGACAATCTCACGCTCACACGCGTCGATCAGTTTTTCGATAACGCAGTGTTGCTCGGGTACGTAGTACTTGCGATGCTTTCTATCATTACGCTCTATGCAGGTATCGCAGAACGCTTTGGTGAGCGAGTGAGTCGCTTTTTGCGCGACAAATCACCCTTTGTGATGCAGTATGCTTTCGGTGGCCTCCTTTCAGGTATGCTCATTTTCTATGGGCGGAGCGGTTCACTTGCGAATAGTTGGCCATTCCTTCTTATGATTCTCATTGTGATTTATGGTAATGAGACCATTAAAAATCGTGGACAGCGTCTCGTGTACAACCTCGTTATATTCTTTGTGGGACTCTTTGCGTACGTGACACTCATTGTTCCCGTGTATTTAGGAAAGATGGGGCCGTG
CP064968.1_gap25	923816	926320	2504	TTCAATACCATCTTCCAAAGCATCTTCAAACATATCCGTGAGAAAAGGTGCAACACGGGTGTCGATGTATTCAGGAGTATCAGTACGGAGCAAAGACGTTGAAGCAATCGGAACGACTTTGGGGGGTACGTAGTGTTCGTTAAGGAAATATATTTTTGAGTACTTCATGAGGAGTTCAGAATCCATTTTGGAAAGCTTATCGAGCTTTACCACAGTTCCTGATACTTTTTTGATTTGGCCCTCAAAGGCATCATTACGTTCCGTTTCTTCTTTAAGGAGGCGACTCAATTCAATTGCGTTTTCCTCTGCAAGTGCGAGAGCACCCTTTGTTTCCTCGAGCGTCATTTCTTTTGCGGTAAGTCCTGCTTCTTTTTCACTCAAAGTGCCCTGTGTCGCACTGAGTTCATTTGTTGTGCGCATATACGTCTCGCTTAAGATATTGATAGCTACATCTTGACGATATAGGGTGTACGAAAGTACACCAATCACAGTGATAAGGAGTATTGTGATAGCGAGTCCGAAACGAGCAAAGAATGTGCGCATAGCGCTCTCATTCTAGCACGGGCGGGAGGAGGGCTATAGGGTTGAAAATGTGTGGTATCTATGGTACGGTTACGCCACATTATTAGTGGAATAGGTTGGAAATCCAGCCGATTCCAGTCATGTAAGTTATTATGACAGAATCAACAATGCCAGTAGCCGAGGTGACTCAAGACAATTTCGATGAGCGAAATACGTATGAGTTTGCCTTCCACGTTCTTCCAACGGTTGCTGAAGGGGAAGTAGCAGGTGTCTTTGAGTCACTCAAGGCCCACATTACCAAGGTCGGAGAAATCGTAAACGTAGAAGCTCCTGAGCGGGTAGACCTCGTCTACGCAATCGTAAAGTCCATGGAGGGCAAGAACCGCAAGTTCACGAGCGCATACTTTGGATGGGTCAGGTTCAAACTTGAAGCAGACAAATTGGCTGCACTCATGGAGGAATTGAGCACCGAAAGCGCTGTGTTCCGCCATCTTCTTATCAAACTCACCCGAGAAGAAGAAGCGCACCCATTCCGCTTCCACGAAAACCGTAAATCAGTCAAAATGGTAGAGGTAATCAACGAGGAAGAAATCCTCGAAGAAGTACAAACTGAAGTTGAGGAAAATGTAGAAGTATCAGAAGCAGCACTCGAAGAGTCACTCGAAAAAATTACTCAAGACGGAGTAATACCAGAAAAAGTATAAGTATAGACTGAGAGAGGATTGAAATATAGTATTACAAGAAATAGATGAGATGAGTATTGGAGTTCCTTCGTCACAAAATCCATTAGGAATAGGATTTTGAGACGGCTAACTTTTTCTAACTCGTTTCACTCGTAAGAAAAACTAAGCATGTACCTTAACAAAGCAATGATTTTCGGGAATCTCACACGAGACCCTGAGATGCGCGCACTTCCAAGTGGACAGCAGGTTTGCAGTTTTAGTATTGCAACCAATTACACGTACAAAGACCGAGAGGGAAAGCGTGTAGAAAAGTCAGATTTTCACAACGTTGTGGTCTTTGGCGTTCAGGCTGAAAACAGTGCAAAGTATCTCAAAAAGGGTGCGAGCGCCTACGTCGAAGGACGTCTCCAGACACAGTCTTGGGAGAAGGATGGTGTAAAGCATTATCGAACGGAAATTGTTGCTGATAGAGTACAGTTTGGTCCTCGTACCGACGGTGGTGGCAGTAGTGCTCCACGAGAGGCAGGCGCAGGAAGCGCACCGAGCGCAACACCACAAAAGGGGAATGCCCCAGAATACCCAGAAGAGGACATCAACCCCGAGGACATCCCATTTTAAAGAACAAAATCACTTCATCTGCTTTGTCAGACTGCAGTAATTTGAAACTCGTCGTACTGTTGTACGCCTCGTCTCAAATTCTTTGTCTTCCGCGCATCTAAAGCAATTTTGATCTTTAAAATATGCAATCAGTCCTAGAGAAAAACTAATCTTAGAAAACTTGAAACATTAACAACTAAAATACCCACATGGAAAAGAAAACAACAACAAATGTTGAACATTACGACTACAAAGATGTGCTCCGCCTACGCGCACACATGAACCCACATGCTCGTATGTTCAGTCGAAAGCGCACAGGCCACACCGCTCGCGAACAGCGAGTATTCGCCCAAGCAGTAAAGCGCGCCCGCTTCATGGCTCTCTTGCCATATGTTGCGGAGTAGGACAAAACGAAAAAACCGCACGCCCCAAGGGCGTGCGGTTTTTTATACCTCATATAACTGCGAAATAAGAACCAAGTGACTTTTCTAAAGAGATGTGGCATTATCCTTCCCAGATACGCAATCACCCGATCGTGTACGTTCCTAAGGAGAAGTGCCATGACACCGTATGTTTAGGTTGCAACAAGAAATCATTAATCTGTTGTGTCGTTTGAAAGAGTACCATCCCGAAAAATTTGTCCGATTTATAGGTTTGTGCAAGCAGAGCAGGATTCCTTCATCAGTAAAATGGATAAATGTT
CP064968.1_gap26	1003116	1004520	1404	TGCCTCTATGAGCATCCTGAGATTTGTATTCCCATTAAAGAAATTCATTTCTTCAGCCGTCCCCGATATGAAAAGGGTATAGCGTGGTACGAAAATAATTTTGCAAAATGTGATGCAGGAAAAAAGTGTGGAGAGTTCTCTACCTCATATCTGTATTCCGATATTACCGCGACGCGCATTCATGAGCACTATCCTGATATAAAAATAATTGCGATTTTGCGCAACCCCATCGATCGCGCGCTTTCGCAATATGGTAATGCTATCAAGGGTGGGGAAATTCCTGAGTCTATGCCCTTTACGGAATATTACACCACTGAAAAAAGTGTCCTTGAACAAGGACTCTATGCAAAACAACTCGCTCCATACTATGAGCACTTCGACCCATCGCAGATGCTCGTGCTCATCTACGAAGATAACAAAAATGACCCCGAAGCGTTTATAAAAAAAATATATGCATTCCTTGGGGTGAGTACTGATTTTGTTCCGAGTATGCTCCATGAGTCTATCAATGTGACTCGTGTGCCCAAAAATATAGCCCTTGAGAAAAATATGCACCTATTCTCCGAATTTCTACGTAAGAGTGGGCTCGACCGACTGGTGCACATTATACGTCGCCTCGGAATTCCTGATTTGGTACGGCGTTTCAACACAAAACCTCCAAAAAAGGAAGAGGAACCGACATTTGACAGAACTGGCCTTGCGACATATTTCCGTGATGATGCTATGCAACTTTCGAATATTCTTGGCCGCGACCTCGTGACCGAATGGGGACTTCATGAGTAATATAGAGAAATGAAACAACTACTTCGTGATACGTATATTGCACTTGCCCACATAACGGGAGTTTCATGGCTGTATCGTGCACATGTGCGCACAAAGGGTCCTTTGGTGCGTGTGATTGTCTTCCATGACATTGAGGACAGAGAATGGTTTGCGGAGAGTATCAGGACTCTTTGTACGCACTGCCACATGCTCACACCTGAAGAATTTACTGCCGGGAATTTTGATACGAAGCGAATAAACATACTCGTCACCTTTGATGATGGCTACGCTTCGTGGGTGGATGTATGCCTTCCCGCGCTTTTAGAATATAACGTGAAGGCGCTTTTTTTCGTCAATTCAGGGCTCCTTGATGCACAAAATAAAGAAGAGCAAGAGACCTTTGTGCGAGAGAGACTTCTGCTCACAAAGCCACACCGTATCCTTGACTGGGAAGGTGCGCGCACACTTTTGCGTGCGGGCCACACCATAGGTGGCCATACACGTACACACATGCGTCTCAGTGAATTACCTGTGGCAGAGCAGGAGGAAGAAATAAAGGGCGACAAGGTACGTCTCAGTACTATGCTCGGCACGAGCGCTACAGCTATTGCGTATCCCTTTGGCAATCAGGGCGATTATACA
CP064968.1_gap27	1023807	1025485	1678	AAGTTATCGTTAAGTGGGGAACGGGGATTGATTCGATAGATAAGGAATATGCTGAGTCAAAAGGAATACAGGTATGTCGAACTCCGAACGCATTTACCGAACCTGTTTCCGACACGACACTTGGACTCATTCTCAATGAGGTGAGAGGTATTGTACGAAACGACCGAGTGGTAAAAAGTGGTGGGTGGGATAAGCCACAGGGATATATGGTGCGTGAGAAAATTGTTGGCATAATAGGTTTTGGCGATATAGGGCAAGCAGTAGCAAAAAAACTTATTCCGTTTGGTCCAAAGGTTTTGGTAAACGATATACACGAGCCTCCTACGGAATTGCTCAAATCACTCAATGTGACGTATGCATCCAAAGATGAGATATACGAAACATGCGATATCATCACCCTTCACTGTGATCTCAATTCCACAAGTCAGTATCTTTTGAATACCGAAACATTTCTTAAAATGAAAAAGAAGCCATACATTATAAATACGGCTCGCGGTCCTCTTATTAAAGAAAGCGACCTTATTTTGGCACTACAGAATGGTGTGATAGCAGGAGTGGGAATCGATGTTTTTGAGCACGAGCCACTTTCTCTCGATAATCCTTTACGATCAATGGATGCAGTCACAGGGTCATGCCATAATACAAACAGTAGTCCATCGTGTTGGGATAAAATACATATCAATTCTCTCAAGATGATGGATGAAGCGTTACATAAATCATACAATGCTTAAAATTCCCTACATCTTTACTTCACAAGAACGATTTCTTGAACGATTTGGTTTAAAAAAAATTATTCCGAATGAGATTACGCGAGATAATTTTTTTGAATCATATTTTAGAACGAAGCGACCTTTTGTAGTACAAATCGGCGCCAATGATGGGAAGACACATGATTCACTCTATACATACATACTGAAGTATCAGCTCCCGGGGCTTCTCGTAGAGCCACAGCCTGATATATTTAATGCACTAAAGGAAAATTACAAAGGAAATAAAAACCTGCAGTTCGCAAATGTCGCGGTAGGAGAAAAAGATGGTCAGATGCCTTTTTATAGAATCAAGCCTGAGTTGGTTATGCCAGGGAAAGAGTATAAGGCATCGAGCGGATCCTCTTTTTTCAGAGAGCAAATTGTCGGAAATGTTATGAATAGGCTTCCGCCCAAAAATACGGGAATTCTTAAACATATTTCCAATAATCCTGATGACTATATACAAGAAACGCAGGTAATGGTGAAGACACTTCCGACGCTCCTTCGTGAGTTTAAAATAGACCATATTGATTTTCTACTTACTGATTGCCAAGGTGCAGATTACACGATACTCACACAACTGGAATTTGACCGCTTTGCACCCGATATCATTAATTATGAACACTGCTTGCTCAGTGCCGAAGATTTATCAGCGAGTAGGGAATTACTTACAGCGCACGGGTACAAGTATTTTATCCATGGCGTTGATACCTGTGCATATAACGTAGCTGCATGAAAAAAACAGCCCTCGTAATCTTTAAAAAAACATTCTCAGAAAAAGAGAGAAATTTTTTTAAAAATACTGCTCACTACGAGGTTGTTATTGCTCCTGCTGAACTCAAAGACGAAATCACATTGCTTGGGTATACCTATCTCGCGCTCGAGGAGTACGTTGAGGCGGGAAGTATTTATACTGCAAATACACTTGT
CP064968.1_gap28	1029638	1031592	1954	TTCCGTTTCTCTATACTGCGTTTGAAAAACTTGTTGAACGATATCCTCAGTTTAGGCTTGCACTATTACTGAGTGAAAAACGCACAACTCCTGATAAATCATACATACAGGTGACGGATGCACTTCCTCATGAAAAAGTTTCGAGTTTTACGATTGATTGTGATGTGCTTGTACTCCCGCGTATTATTTCACGGGTAAACGAGCTCACGTACCCATCAAAATTTATGGAATATATGGCCATGGGGAAGGCTGTGGTGGTGAGTCGTACGAGTGATATGCATAAAATCATTGTGGACGGAGAAAATGGTCTTACCTTTAATCCTGAGGATACTGAGGGTTTTATTGAAGCAATGGGTAAACTTACGGATCCTGTCCTTCGGAAAAAGCTGGGAGAGAATGCAGTAAAGACAGCAGTAGGAGGTTACACGTGGGATATTCAAGGAAAAATATTCCTTGATGCGCTTAAGAAATTATTTGCATAAATACAGAGTATGGATAGTAACAATCAGAAAGAAAAAAGTAATCACGATATTGTAGGTTCAACACAACTTATTGCAGGGCAAAAATTCCATCATCAAGGAGAAAATGGTGTGGTGTATTTTCAATTGAACGTTGTAGAAATGAGTAATGGAAGTTTGTACCCAATGACACGTTCTGCGAATGCTTGTAATGTGTTACCACTTGAAATGAATGAAGAGGGGGAGATTATTGCCGCGTATTTCTTGTCTCAGAAAGGGCGAGAAGAAACAAAAGATAATGCAGTAGCACTCAAGGCCGTGGGTTCTTTTTGTAATGTGGGTGAGAGTGGTGCTGAGGGAGCGCTCCGGTCTCTCGATACAAAATTAGGGATGAAGGGGTTGCCCGAAGATTTGATTTTTGTTGGTCAGTCGTATGGCTTTGGAGACCAGTTTCAATTTCCCATTGATTTGTTTGTTATAAAACAATTTACGCTCGCTGAGAACCCTGTCTTAGGTGGGTGTGAACGAGTACGTATGACCATTGAAGATATCGCAATCGCACAAAAAAATAGAACATTTTTTAATAGTGAAACTATTGACTTAATTGCAACAGTGTTGCTTCGAAATCAATGTAGAGATATATATGAATGGTAGGAAGGTTTGGCACCCCTGTGTTTTAAGACAGACTTAGATTACAATACGCACAATATCAAACATGGAAACTATTCAAAAAAAATCATATCTTGTTGTCTTGGGAGCTCGGCCTAATTTTGTGAAGGCGGCACCATTTTTTAATCGGGCAAAAGAGTATCCACAGTTTTCTTTTACCCTCGTCCACACAGGACAACACTTTGACGATAACATGTCGAAGATTTTTTTTGAGCAGATGGGTATCCCAAAGCCCGATATACAACTTGATATCAAAGGCGAGTTTCATACTGAAAAGATTGGCAAAATGTTTACCGCACTCAAGTCTACAATCGAAAATGGTGCATTTGATGGCGTTATTGTGTTTGGTGATATCAATTCAGCACTAGCGGGCGCGATTGCGGGGATAACACTTGGTAAGAAAATCATACATGTGGAGTCAGGATTACGCAGTCATGATAGACGTATGCCCGAGGAGATTAACAGAGCCATCATTGATCACATCAGTGATGTACTCTTTGTAACTGAAGAGAGTGGTCTTGAAAATTTGGAACGTGAGGGTATTGCGCGGGAAAAAATCCATGTGGTGGGGAATATAATGATTGAAAGCATCGAGATGTTCAAATCAAACTTTGATGATTCACGTGTGCTGTCTGATTTAGATTTGGAGAAGGGAAGATATGTGGTAACGACGATTCATCGACAAGAAAATACTGATGACCCAATCACCCTTAAAAAGATTTTTAGATATGTTGGGTAGCATAGCGGAAACACATACACTCGTGATGCCTCTCCATCCCGGAACGCAGCAGAAAATTAAAAATTATGGGTTTGGTGATTTGCTCAAA
CP064968.1_gap29	1054216	1054716	500	CAGTCCACTCACAGGAGTTGATTTCAATCAGACCTTGTACCTCGGAGTAGAAGTAGGGGGTACCTCAACACTGGCGTGGGATGGCGAGATGAGCCCTCGTAAGGTGCTCGGCACCGTGCCTGCCGCGTTTGAGGCAAAGAATGCAACCACGTTTTCTGGTATTGCCACCACATCATTCCTGCGTAGCGATGTAGACGACTCTGCCTCAGGTCTCCTTACATTCACGGGAGGTATTATTTCAAATTCTTCTTCAACAATCACCAACCTCACCTCACTCATCGCAACCACCACGACACTCGTTATCAATAATTCACCCTTTACTTCTCTCACTGGCACAGGACTCACTAATACCGCAGGCGTCCTTACCGCAACCCTCGGTACGGACATTATTGCAACCGAGATGGCAAATAGTGACCATGGTTTCTTCTCATACACCTCAAACGTTGCCTCACTTGATACGAATGGTCTCACCTCCGCAAACCTCGCAACCGCACTTACCG
