gap_id	start	end	length	sequence
CP064959.1_gap1	47612	48908	1296	TCGGCCTGAAACTTATCTGTCCAGCTGGCAAACTCGACATTCCAAAACTGAAGCACTACTGTATCGGTACAGTACCCCAGTGTTTCCTTGCGGAACTTTTTGTCGGTGAGCATGCGTGTGATATCGAGCATAGTTGTCTCGGGTCGGTCAAGGAGTGCCAGAATTGTATAGCGGAGAATATACTCGAGGCGAGGTCCCCAGGATTCGCCAAACATGCGCTTGAGGACACCGATAACCTCTGAACTGATATTTGTTTTTTGGTTGGGGTTTGTAACTTCGAGCGGGTTAAACCCGAGAGGAAATGCTGTGTCGGCCGGGTTGAAGTAGACGACGTCTTGCAGACGGCTCCCTGGTATGAAGCGCATGTTGTCTACGGCGAAGTCGCCGTGCGGGTCGATGATGGCGTAGCCTTGGTTGTGAAAGATGTCACTCAGCGCAAACAGCTCGAGCGTACCGGACTTCCCTGCTCCAGTCTGTCCGATGATGTAGACGTGGCGGCTACGGTCATAGCGAAGCATGCCGAATTGGTGATTGATACCGCGGAAATTGGTCAGGCCAAAAGCAGAAATATTCTCATCGATCGCCATATCACCAGTGATAACCGGTAGTTTTGCTGGCGGTTCGGCTGTTTTGCTGCTCGCCCAAACAATATTGGGCGTTTCGACATTGGTGTGTGGCAGGTGGAATACCGAGGCCACCTCTTCGATATTGAGGATATATCCCCTATCGGCAAAGAGGCGAGACTTGTATTTAGCAAGATCCTCTTTTTTGAAACTATCGGTTGTCATTTTGAAGCCATTGAGGTTTGTGCTATTGAACTGTTTGAAGGTCCCGACGATGGCCTGCATACGGAGTTTGGCGTTTGCCGTACTCTCCCCTAGATAGGCGACACGGATTTTGGTTTGGTAGCCCAGCTTTGTCGCTTTTTTTTCGGCCTCGGCGATACGTGTTTTGTCACGTTCTGAGACCTCTTTGACAGTAGTGCCGCTCACTCCCTGCTCTGGGGGTTGCCAGAGGGCCATAAAGAGGCCGGCAAACCATTTGAGGCTGAAGTCGCCATTGAAAAACGCTGCTGTGCCGTTTTTGACACTTCGCACCCAGGATTCTGAGGCCTTGTGCCATTCATCGGCGATAGGTCGTACTAACATTTGAATCCAAATCTCTTCGTCAGTATCTTCTAGCTTGGCGAGCGTTCCCGTGATGCCGGCGAGCGGGTCAACCTCAAAACTTTGGAAGGTCTTGATGGGGAGAAATTCTCGGTCTGTGAGGGTAATTTCGGAAGTATAGACAACGCTA
CP064959.1_gap2	66783	71661	4878	CTAGGCAGCGAAACTCTGTGTCGGGCAGACTCGTTTTTAGATCAGCCTTGTTTGTAACGAGGATAACTGGTTTTTTGCTCTTGAGCGCTTTTTTGGCAACCATGCGATCCTCATCGCCTGGGTACTCAGTACTATCAACGACAACAATGATAACATCTGCGGCCTCAGCAGCATCATCAATCTGGTGTTGAATGGTTGCCTCGAACTCATCCAATGGATCCTTGAGACCGGCCGTGTCGACAAGCCAAAATTGATGGTCTTGGTACTGCACCTTGCCCGTGACGTTATCTCGGGTGGTCCCAGCCTCACGGGCAACAATTGCTTGCTGTGAGCGGACCATACGATTAAAAAGCGAGCTTTTGCCCGCATTCGCACGTCCGATAATAGCAACCATAGGGAGTTTTGCCGCCATAATAGAGATAGTATAACAGAGGTAACGAGAAATAGCGAGCGTAAACACTATAATCTGAGTATTCCATAAGATTGACCAATAACAAATAAAGTGATATAAAAACATGAATAAGGAAATCATCTATGGCCGCACCGAGTAGTGAACAGCGACAACAATTTATTGGAGACAGTCTCGAGCGGGCATGGGGCTTTTTGCGTCATGAGGGTGTGAGGGATATCTTGGGTGCGACGACTGTCGCGGTGCTTGAGCGGCGGCTTAGCCAGGTAGTGATACCAGATATGGCCGTGTCGACTTCGGGGCTTGAGATAGATTTGCCGAGTCATGGTGAAAGTCAACAGGTATTTCCGGTTGTCGCCATGCTCCCCGGTGAGAACCTCTGCTATCCGAAAGAGATGACGACACAAGCGGATGAAGTTGTTGAAGCGCAGATTAGGCGCATGAGAGAGCTTTGTCCTAACCTGAGCCATCAAGATGCACTCGATGCACTTATACGCCGAGAAGCGTATCGCCGCCAAGATACCACAACTAAGATTGAAATGGGGAGGGGCTATAGTGCTCAGGTCTTCACGGAGCGTGGCGAACACTCTGTTGGTGGTACACGCTTTGCAATCTATCAACAGCCGATCGTTGCCTTTGCCATGCAAGATGCCAAGAATGTCACCTATCCTTTTGCGCATCCTGTCGTGACAACGCATGAAGTGACACACCTCGATGACTATAGTATGTTTCCTGTTGTCGATATGAACGTAACGCTCCCCCACGAGTATCGGCTTAGTTCCGAACTAAGGGCATATCATATCTCTGCTCTGGCTGAAACAGCTATCGACAGATACGGTCTCGACAGCAACGGTCTCTGGCATAGAGCAGTTTATCCTGGTAGGCCGACAGTATCATCGAGGGTTGAAGCGTTGCGCCGTTTGCACACTACGGCAGAACGTCCCTATCGACCGTTGCCATCACTATATCTTGCGCTCGAGGTAGAAGGTCTGGAAAGTATTTATCAAGCAAATATATCGCCTACTGAATATTAATCTGATGGTAAAGACCGCGCTTTATATCACCCAGTGAATAATTACCGAAATTAGTCCTATCGAGCCTCACCACTGTATATCCTAGTGCGGCAAAAGTACGGCGTATCTGTCGATTACGGCCTTCACTCATCGTTACTTGCCACTCGCGCAAATTGCCATCACGCAGTTTTGCTAAGGTCAGTTGACTACGTCCATCGTCGAGAGTGATGCCGATGTCACTAATCATTTGCTGGTGGAGTGGTTCGAGATCACGATCGAGGCGTATACGGTATACTTTTGTTTTGCGATACTGAGGGTGCGTCATGCGGTGGGCAAAGTCTCCATCATTGGTAAGTATGATAAGGCCTGAGCTGTCCTTATCGAGACGACCAACTGATTTAAGGTGTTTGAGGGGTAATGGTAGAAGGTCGTAAATTGTTGGGGTATCTCCCTGGGAGCGTCGTGAACAGACGTACCCGGCGGGCTTATTGAGGAGGAGGTAGGTGTACTTGGTGGGTGCCAAGGGTATTTCTTTGTTGTTTACCGTAATATGATCAGATGAGCTTACCTGGAGGCCGAGTTGAGCGGTGACGCCATTAACACACACGCTACCTTTTTCGATCAGCAGATCCGCTTCGCGACGTGAAATACCAAGCGCAAGAGCGAGGTATTTATTGAGTCGCTGTGAATTACCAGGTAACACGATAGTTCGTATTATACAACAGGAGTGACCGGATTGCTCGGTGGCGTCGGAGACTGAGGCATGGGTACTGTGGGCAGAGGAGGCGCTACAGGCGGCCGAGGTGTTTCCTCAAAGGAAAGACCACTGGCGGCCGGTGGGGTCGCAACTACCGGTGCAGAAAACGTTGGTGGAGGCGTTGGAATGGGAGGAGCGGTGGGAGCTTGCGGTTGAGGCATTACGGGTGCAGCGGTGCCTTGGACGCCGTTTGCCAGTTCTCTTGCCATGAGATTGTTGTAGTCGCGCGGAGGTTCTGAAGGCTGCAGTGGATGAATGACCCTATCCCCGAGTGTAGCCGGGCGAGGGGTGGAAAACGGTGCAGTCGGTTGCGGCAGAGGTGGTGGTGATGCCTGGGGCTGTGTTAAGGTGGGCGCTGGCTGAGGTGATGGTGCGGACGTAGCTGCCGTTGGTTGAGGAAGCGGAGCGGCAGGGGGCATGGGAGCAACAGGAGCTACGGGTGCTGGAGAGGAAGTAGGCGCTGCCGGCGAAGGGGGTAACGGGGCGGAAGTGGTAGAGGAAGCGGGCCTCAGCGTATTTGCAGTGATAGGTGCGTCACCTAAGACTTCGTGCACTGTGCGTACGACGTCCTCAATACCAACCTGTGACTTTACCAGGTAGCGATCGGCGCCAAGGCTTTCACCCCGCTTACGCTGATCTTCGCTGCTAAGAGCGGTCATCATAATGACCTTAATGCCCTTCGTCTCGGTTGTTGATCGCAGGATATCAAGCATATCGAATCCACTGATTTTTGGCATCATCACATCACTAACAATAAGATCAGGACGATCCTTGATTGCCATGGCGAGTGCTTCTTCGCCGTCGCCTGCCGAGACAATATCGTATCCTTCCGCTAATAGGCGTACACCGTAGATCTCTCGTAAGCTTTTGTCATCCTCGACTAGCAGTATCTTTGTCATGTTACCTCCCATTGTATCCCAGGCATGTAAAAAAAACTATACCCCTCATGCTTATCTCTTGATTTCAGCTTGTGGAGACACACGTGTCGCTCCGTGATGGCTGATAAATGCACTTGGATTTGCTTCAATTGTTGACAGCGGAATATTTGGAGCGGCGTAGGTTCTTCCTGGAACGAGGGGTTGAGATGCGGGTGCCATCAGAGGTGCCGGTGCTAGTAGTGGGGTCGTTGGTGGTGCGGTAACCACGCCCACAGGGGCGCTTTGGGAAGGAGTTGAGATGTCAGGAATAGCTGGCAGTGACGGTGGCACAGCAAGTGTTGTGGTACTTGTTGAAATCGGTGTGGTCGTTGTTGCCGCAGCTGCATTTTCGGCCTCGATACTCGCTTGCTCAATCAGACGCATCGCATCTTCATGGTTGATACGGGGAAGCTCCACATAGAAGGTGCTCCCTTTTTTGTATTCGCTTTCTAGCCAAATACGTCCCCCCATTGTTTCGGTGAGGCGACGACAGAGATAGAGGCCAAGGCCGGTACCACCAATTTCACGCGTGTCGGTATTGTCCACTCGATAAAACTTTTGGAAAAGGTGTGCTTGGTCTTCTCTAGGAATGCCTAACCCCGTATCGGCGATGCTCATCACGATATGATTGTCATCACCATTGACGTCAACAACAACATCGCCGCTCGGTGTGTACTTGATGGCGTTCTCTATAAGGTTGCTCATCACCTCGCGGAGGTGATCGTTGTCGACATTGACATAAAATACTGGGCTCAGGCGTCGCCCGTTTAGTTTCTCTTTGGTGACATTGTCTTCGGGTAGCGGTTTGTAGATAAAATGAAGATTTTTTTCTTTTGCTTTTGACTCAAGCCCCTCAAAGATATCATGAACAAAGGGGACGACATCAACCACTTTAGGGTTATTTTTGAGTCGGGCGTCATCTGCCTTGGTGACGTCGAGCAAGTCCTGAAAGAGTCGGCCAAGGTGCTGTGCCGAGGCGTGTGCTTTAGTAATAAAATCACGTGCTTTGTCGTCGATGGTAGCGGTATTGGGGTTGAGTGCTAGGCCTAAGTATCCTTCGATAGAAGCAACCGGCGTACGCATTTCGTGACTTGCTGTACTGATAAACTCGGCTTGTTGACGTTCCTCTGCCTTCTCTCCGCTAATGTCACGAAAAACAATAATAACACCAGAGCCGGCTTGACCAACCGGTGACACAACAATGGAGATAAGAGTGGTCTTGCCCGAGCTGGTGACAAGACTGAGAACTGATGAGGTGGCCTGTTTGTTTTCGTTGAGGGCTTTTGTGATCGGATCATTCATGACATCAGGTTCTTGATTTTTGCCATCAACGAGTTTGAGTACCGATTTGTAGCTAAGGCCGAGTGCATCTTGCTTGCCCCACCCTATCAGCTGCTGCGCAGCAGGATTTATCAATTCGACCGACCCTTTACTGTCGAGAGCGATGACTCCGTCGGCAATGGCATTGATCACTACCTCAGATTTGCCCGAAACTTGGCTAAGCTGTGTCGCGAGTTCATGGTAGGATTTATCCTCCGAGGTTTCCTCGTCGTCATTGTCGCCCTGATGTCCCCAAATGAGCATGCCAACAGCAAGCGGTAGATCTCCCGCTAGGAGAGCGAGCATGAGACTATTGGTCGTGAGTGTATTGCTCGAATATTGCCAAAAGAGTATAGCGTTGACTACGATAAAAAGCATGATGATCCCCTGCTTCCCGAATACGCCCGCAAACACTGACGCAGCCATCCAGAGCGCGATAAATGGCGAAGATATGCCACCCGT
CP064959.1_gap3	113054	117659	4605	CAACAACTCTACCACCAATCGGCTCACTCCCGTACAGATCATGGCGAGCGGAGTGACTGCCGCAGGGGCAGATTCCTATAGCGCATACGCTCTCAAATCTGACGGCTCACTCTGGATATGGGGAAATAATAGCAATGGTGTAGTCGGTAATGGCACATTGACAACCCAACTCGTTCCGTATCAGGCAATCAGTAGTGGCGTTACTCAAGTTAATTTTTCGTCGACACTCGTGTATGCCCTAAAATCAGATGGAACTGCATGGGCGATTAGCAATAATAACACAGCGTGTAATTTGAATGGCACCAATCCTTCCACCTATAATCCGAGAATTCCAGTACAAATTGCGATTCCTCCGATCATAATAAAAAGCCGTGCATATTAATACGATTATTTGGATGTCAGATACCACCCACCGTCATGAGGTGATTGGTAGACTCGGAGCAAGACAGTAGGCTCGTACAGTATCCGTTGACACATGGCTGCTTCGGCTGCTTTTTTTGTTGGGTAGCGTATTTTTGTCCGCTCTTTTACTGGCAGCTTACGGAGGATGTGCTTGGGGGTACGATTACGACGCGGCATGTTGTAAATAGTATAGCGCATCACCTCTTACATTTTGTGAGCAACATTGGTATAATCAAACCATACATGGGTAAGCTACCTGCTGCGAGTAATAGCTCTAACACAAAGGGCGTATCGGTAAACCGGTCCGCTTCTCTTGTGATGATCGCAACGATGGCGGATACAACGTGGCGTATGTTTGTCCCGACAGTTGGCTTGATTGTAGTAGGAGACGCGCTCGATGGGCGCTTCACGACCCGACCCTGGCTCATGTTGACTGGTGCACTGATCGGCTCACTGCTCGCGGCCCTCCTCATAAAACGCCAACTTCAGAGAGGAAAGGCATGATAATGAGTGGATTTGCTTCTGCTGCGGTAGCAACTGAACATATCACGAGTTTGTTTGGACTGCCTATCACCAATTCTATGCTGCTTGGCGCGGTCGGTATTATCATTATGTTGAGTGTCCTCGGATCAACAGCATATGCACTCAAAAAAGGTCGTCACAATCACTTTATTGGTCTCGTGTCATGGGCGGTTGAAGGCATGTATGGCACTGTGCTCGATATCGTACCTGATCGCAAAGTTGCTCGGCAGATAGCACCGCTTGCCCTCACTATCTTTTTCACCGTACTTGTCACCTACTGGTGTGGCGTGTTGCCGGGTGTTGGTTCGATCACTATCGATGGCAAGGAACTGTTCCGCGGCTTGCCGACTGATCTCAATTTTACTTTTGCGATCGCCCTCATCACGATGGTGACGGTACAGTGGTACGCTATCAAGGCGCACGGGATTTTTGGTAATGCTGGTCGCTATCTTGTCAATCCGCTCAAAAATCCGATCGGGGCCTTTGAGGGGCTACTTGAGCTTGTTGGTGAGTTTAGCCGACTTGTAGCGCTCAGCCTGCGTCTCTTTGGCAACGCTTTTGCGGGCGAAGTATTGCTGGTGATCGTAGCATCACTTTCGGGCTGGTTTGCGGGCCTGAGCTTGCCACTCGTCATGATCTTTGAGTTATTCATCGGCTTTATTCAGGCCTACGTATTCTTTATGTTGACACTTATCTTTACGTCCCTGGCTATTTCTAGCCACGGTGACTCTCACCCCGAACACTCGCCCGCTCACCTCCGGGAGAGCGCAGAGTGAAGCGTAATACTACACGAGTAACAAATTAATAGTAAGGAGAAATATAACAACTATGGAACCACTCGCATTTGGTCTGACCTACGCACTACCTGCATTTGGTGCAGCAATCGGCGTTGGCTTGATTGGCGCTGGTGCTCTCAATGCACTTGGCCGCAATCCAGAGAAACTAAGCGATATTCGTACGTTGATGATCACCGCTATCGTCTTCGCTGACTCACTGGCCATCATCGGTATCATTGTCGCCTACATGGCAAAGGGATAAGTTTTTTCTATGGATCTTGCTGTACTCACCCATTTTGCGACCGAGGAAGCGGCCTCAAGCGGTATTCTCGGAACACTTGGTATTGATGTCAAGTTGTTGGTATTTCAGCTGATCGCATTTGTGCTCCTCATCCTTATTCTGAATAAATGGATATTTCCAGTATTCTTCAAGATCATCGACAAGCGTCAAGCGGTGATCGAGGAGAGCAACAGAGCAGCGGTTGAGGCGAGCAAACAAGCAGAAAAATCGCAAGCCGAGATAGAAAAAATGCTCAAACAAGCACGTGTTGAAGCAAAAGATATCGTGGCAACCGCAAAAGATGAAGCAACAGAGATGATGCGTCAGGCTGAGGAAAAGTCCAAGGCAGAGGCACAGCATATCGTTGCGGTGGCACATGAATCGCTCGCCAAAGACGTATTGGCAGCCAAAAAAGCACTTCATAATGAGACGGTTGAACTGGTAGCGCTTGCGACCGAAAAAGTTGTGGGCAAAACAGTCACAAAGTCAGTCGACATGACGCTTATCAAAGACGCACTGAAAGAGGTGCAGTAACTGTGAACACGAGACTCTCGCGTCGCAAGCTTGCGCTCTATGTCGCTGATGGCATTGCTGTCGATGGAGAGCTCAGTCGGCGTATCGAGGAAGTAGCGGCGTATTTGATTGACAGTAAACGTCTCAGAGAGGCAGAGCTTGTCGTCCGGGCTATCGAGGACGCGCTTGTTGAGGCTGGCACAGTAGTCACTACAGTTACCACCTCTGGACCGCTGATCGAAGATATGACAGACGCGATCAAGAAGCTGACGGGGGCTCACACTGTTGCTATCCGCGAGAGAGTTGATCCTCAGCTGTTGGGCGGCGTCATCATAGAGACACCCGGACAGATGTTGGACGCAAGTGTTCGAAGTAAACTAATGGCCCTTCGTCGGGCAAAATTGTAAAAACGAGTGAAAGGAATCATTTGATGGCTGATCTAGCAGTGACAGAATTATCAAAAACCCTTCGCGACGCGATTGCAAAGCTGGAAACGAGCGATAGGCTCGAGACAGTTGGTATCGTGACTCGCGTCGGCGACGGAGTGGCTTGGGTGCACGGGTTGGCGGATGCCGGCTATAGTGAAGTGCTCCAGATCGAAACTGCGCACAGCGGTGTCGTAGAGGCGTTTGCGCTTAATCTCATGGAAGATGAAATCGGTGCGGTGCTTTTGGGAAGTGACCAGGGTGTTGCCGCAGGTGATCGAGTAACACTCAAGGGTGAAATTTTGTCAGTTCCGGTCGGTACTGAGCTGCTTGGCCGCGTTGTCAACCCTCTGGGTGAAGCACTTGATGGTGGACCGGCGATTAAATCAACCGAACGATTGCCAGTTGAGCGTGAAGCAGTCGGCGTCATGGGCCGTAAGCACGTGCATGAGCCGCTGATGACGGGTATCATGGCTATTGATGCCATGTTTCCTATCGGACGGGGCCAGCGCGAGCTGATTATTGGAGATCGTCAGACTGGCAAGACTGCTATTGCTGTTGACACGATGATCAACCAAGCGAAGCAACAGAGTGGCGTGGTGAACGTCTACGTTGCTGTCGGTCAAAAACTGAGTAAGGTTGCTCGTCTTGTCGAGACCCTGAAACGCGAGGGGGTCATGGACCAAACGATTGTGGTGGCAACTGGTCCGAGTGATCCAGCAAGCCTCCTCTATCTCGCTCCATATGCGGGTACCGCGATGGGCGAATATTTCCGCGACAAGGGTGAACATGCGCTCATGATCTACGATGACCTCACAAAGCACGCAGTCGCGTACCGTCAGATGTCACTCCTCCTTCGCCGTCCACCGGGACGTGAAGCCTTTCCGGGTGATGTATTTTATCTTCACTCACGACTTCTCGAGCGTTCAAGCAAGCTCAGTGATGAGCTTGGCGCCGGCTCGCTCACTGCCCTGCCGATCATTGAGACACAGGCGGGAGACATCTCGGCCTATATCCCCACAAACGTGATTTCAATCACCGATGGTCAGATTTTTATGGAGACCGACCTCTTTTATCAGGGTATTCGTCCTGCTATCTCGGCTGGACTCTCAGTGAGTCGTGTTGGTGGTGACGCCCAGACAAAGGCCGTCAAGAGTGTTTCGGGTCACCTCAAGCTTGGCCTCAGCCAGTTCCGAGAGCTTGCCAGTTTCGCACAGTTTGGGAGCGACCTCGACGAGGCTACCAAAGCGCAGATTGAGCGTGGTCAACGGTTGACCGAACTCCTGAAGCAGCCACAATATCAGCCGATGAGCGTGTGGGAACAGTGTGCCAGTATCTTTACCGTGAGTGAAGGTCTGTTTGACCACGTACCGGCAAATAAAGTGAAGGATGCACAAAAAGCCCTCCTCACCCGTCTCTGGACAGATGAGAAGAAAGTCATGCAGGAGCTCAATAAAGGCACCGACAAACTCGAAGCAGATAGCTCAACGGGCAAAGCAATTGCAAAGCTAGCAAAATTAGTTGCGAAAGGGTTTGAGGGCTAATAATGACACGTCGCGCTCGCGTCGAATTGGGTTACCGGACAGATTGTGACCTACTATCTAGGCCCGTTGTTCAGGAACAGCTACCATTTGACGTTACTGCTGATATAAGACCTGCTCCTGAAGATGACGGTGAATCTTTCGCT
CP064959.1_gap4	194043	197781	3738	AATTTCGGGGTATGGCAACTCGATGCGAAACTTTTGGCCATCACCATTGCCGAGTTCCATACTTTGTCCACCGACACGCGCGACTTCTTCGTCAAAGACGGCGCGAATTTGATCGAGAAAATCGCGCAATAGCGGATAATCTTTTGCCGCTGCTTCGGTGGAATGGCTCATATCCCACATCAATATGTAGGCATTTGGTGTGGTGGGTACGTCTAGCAAGAGCTTGTCGGCGAGCGAGTAGTAACCCTGCCCGAGGGTATCGAGTCGCGTAGTGGATGCCTGAATTGCTTGGTGGTACTGCTGCCACAACTGGCGAAGCTGTAGCTCGCTCGGAAGCTTGCCATGCTCAGGCGAAAAAGCAAATTGAAAGACAGCCTCACCCTCACATTCTAGCGCGAGCGGCATGCCAAAAACGATATGTTGCTCTGGGTTCATGAGACTTGGCGCAAACTCAGATCGACCAGTACGAAATGTCTCACCGACCCGAGAGGCGACGAGGTCGACGCGTCGACCGTTGATATTGGTTCGCTGGAAGTCAAGTCGTGTATCATCGATCGCGGGTGCATTGATGGCGGTAATCGTCGCAGCTGAGTCACTATACCAGCGGTCACGCATAAATAGCACAACACCGTCAAATGCAGCGCATTGCCCGAGAGAGCGCACCACAGGATCAACGGCAGTGTAGATATCGCCGATCGCCTGGACGAGATCGGGTCGCTCTGCCCGTAAGTACTGTTCGTGACGGTTCGCCCGCTCCGGATTATTGGTGTCTGCTGACCAAATCATAATACAAACTATATCCTAAAAAAGGATATTTTGCAAGCTAGCGGCGTTTAACGCGGTCAGCAATAATTGACCCTGCCGCTATCCCGACCGCAATAGTAATGGCTTGTCCAGCTGCTTTCCCGAGACCGATCAAGGCATCTTTGGCTCGCTCACGTCGTAGTTCAGCAGCTTTCTTACCCTCAGCGTCCTCTAGATCTGGAGCGCAATCAAAGATTTGTTCAAAAAGTTCATTGAGTTCAGCCATTTGGCCTTCAACAAGCACGTCAACAATTGCTGAGGCACTCCTCGGCGTCGATTCATGCAGATAGGTGTCGAGCAAATCTTCGACAAATGATTCGATTTTTTCTTTTGTGATCAACTCGGTCGAGTCGTATTTGTCCGAAAGCGCCGCAAAATACTCATTGATATCCGAGAGATTACTGTAGAGAATTGTTGTGAGCTCCTGGAGCAAGGTTTCGGTACCCTCAGATTGCAATACGACTTCAGCAATTAGTTTCGAAAGGGCGATGTGGTATTGCTTTTTCATAGCAATGGCACGTCTTTCGAGTTCATCGATGTGCTGCATATCCGGATAGGCAAATCGGTCACACACTACTTCGCAAATGGTAGCCCTCGCCTCATCAAGTTCTGCCAAATACTGCGCATACCGAGACACTTCCTCATCAGTGATAGGAAGGTCTATCGGATCCTCAAGACCAGCGATAGCTTCATGGATTCCCGCAAGCGGACCCGACGTAATATTGACCGGCTCTTTACGAGTTATCGGCTCCTCTGGTTTATCGGCTGGAGGGGGCATTTCTGCAACCGTCATGGTGGAACTCCTTTTGCTCCACGATACCATAAATAGGCTTATTTATCCACAGCCACTTGACAAAATGGCAAAAGTGTGCTAGCATGGATCCAGCGTTACATCTTGCAAATCAACACGTGTAGTTTAATTTGAGCAATCAGGCGACCCCCGCCCCTGTTTCTTGGCTTTCAGTCAAGACGTTCATTGACGTATGCCGATAATAAAAAGTCAAAGGCACGAATGAATCGTCACTGGCAGACTCTTGGTGGGTTTTCCTGATACTCATATAGCTACGCGAGATGAACGCAACATCACACCAAAAAGTTGACTCACCGCATGTCAGCTTGCACCTCAACAAAACTGCAAGGTGTAATGACAATAACGTTAATGGAAAGGATTTAAGTCGGATGTTAATTATTACATTTATGTCAGCGGGCAAGTAAGTCATCATTTGTGAGGTAATCTCAATCTCGCAAATGTACTTCGCCTGCTATCACTATAGAGGCCTATCACGTTTTCGAAATTGATAGTAGCTCCAAAACCCCTGTGGTTCCCTGCCCTTTGAGTGCTGGCGTTTTTTTGGCAGCCGAATTCGGCAGGCAATCACCCTGACAATGAACCAAACAACAAAACAGAAAGGAGGAGGTATGCTTATCGCAGACCTGAAAGCGATTTTGGCGGAAATGCGTCAAGATCCGACCGTTGCTCCTGAACTACCTGTGGTAGCACGTGCGATTCGACGTACGTTTGCCTGGGAGGTTCTCAGCGAGCTGCTCCAAGTCCTTCAGTCCGTACCGGTGATGTTTTTTACGAATGAACTGGTTCGCCCGGGACCGGAGAGCCCTCGAAACATCGCGCTTGTCGCACTCAGTTTCGCTGTTCTTTATAAAGTAAATCAGCTTGTCGCCAATCGTATGGGCCTGCATCGTAATGATGTGTTTTGGGGCTCATGGCGCGTTTGGTGGGGCTATGGCAATCGTCGACTGCTCCGCCAGAGTACCGACTGGCACACAGCTCACAGTACTGGTGAGAAAGATTCGTTGATCGGCAAAAATATTGGACGGTTCCAAGAACTGTTTGATGAAGCGCTGTTCAATACGATCCCAGTACTGCTGCGTATCAGTCTGACGACGGCGTTTATGTTTGTGCTTGGCTGGCAATTTGGTCTCGTGGCTATCGTGACGATGGTGCTTTATGGCTATGTCCTGACACGGACAGAGCGAACCATGCACCCTCACCGCGAAGAGTTTCAGACACGCATGAAGCAAGTCGAGGACAATGGCAGTGAATTGACGCGCAATTGGCGGACAATTCGGACGCTTGGTCTCGAGGAACACTTCAGTGATCGCAACGAAGTACTGTTGCGCGACTTTTGGCACGATGAGTACCCTCGTCACCAGACATGGGCTCGTTGTATCTCGCGTCAGGACGATATCTTGATAGTGAGTCGAGCGTCACTCTATCTTGTGCTGGGCCTTGTTGCTCTACGTTCAGGCAGCAGTGAAGCCATCGGTTCGCTGATCCTGGCAACGACATGGATGGAGCGTGCCTATAGCAATTACTGGCGTCTGAGTGACTTCCAGCGATTGCTTGGACGCGGACAAGAGGCACTCAGAGAGCTAGTCGCGTTTTTGGCGCTCAAGCCGAGTGTCACCAACACTGATCAGCCACGCTGGCCGCGCCGTGTACGCGGAACCGTCAGTTTCCGAAATGTGTGGTTTGCCTATCCAGGTGATTCGAGAGAATCGACTATCTCACAGTTCGATCTGCGCGTTCCTGCACACACCTCGCTGGCTTTTGTTGGCGAGAGTGGCAGTGGCAAATCGACGCTGATGCGTTTGCTCGCACGTGAGTACGACCCCTGTGTCGGCAGCATTACCGTCGATGGTATCGACCTACGTGATATCGACTATCGGCGCTATCGTCATGAGTTGATTGCTGTCGTGAGCCAGACGATCGAGCTATTTGATCGCACCATCGCAGACAATATTCGTATTGCTCGGCCTGATGCGACGATGGACGAAGTCATCGAGTCGGCGAAGGCTGCCGGTGCGCATGAGTTCATCATGGCGACAGATCACGGATACGACAGTCGGATCGGTGAAGATGGTTTGACACTTTCGGGTGGTCAACGCCAGCGACTCGCGATTGCACGCGCGTTG
CP064959.1_gap5	209540	210460	920	CGTGATGATGATCATCGACTGGTGCGAGGGCACACTGTTTCTTCTACTCATGCCGACAATCACTACTGTGTAGGGTCAATTCGTGGCTACGATGTTGTCTTGGTGGCTCGCAACGATACTATTCGCGCCAAACACTCACAGACGTATGAGCGCTGCCATTGGCTCATCGCTACAGTTGACCTCCATACCCGTTATGAGCTTCCTCACTTTTATATCGGACATGGGTCTCGTCGGTCAGCATTCGAAGCATCATTTGAGCAGCTGATTCCCCTGCAAATCGGTACGTTCGGAACTTACCCGCATGATTTTACGTCAAATTATACGGTCTACGGCATGGCTTCACATGCGCTGGAAATCGAACAAATTATCGTGCCGGGTGTTGCGGGCGTTATCGCATCGCACTTTCGAAGTGCGAGTATAGAAATCGAAGATAACTGCCTCTACCTCTATATCGAAAGCCAGCACCCCTCAGAAGAAGTGCTGGAAAAGCTTATATCAAACGCATTATGGCTTGCGGACACGCTCGACACGGCACTTGCGCCGCGTCTCGATGAATCTCCTAGCCCTTACGCGGCTTGACTTCGTTTCGACCCAGAGATTTCTTTGTCTCGACGTAGGTGACGTGCTTGCGGGCCTTTGGGTCATACTTCTTGAGCGTTAGTTTGTCAGGAGTATTTTGGGTATTTTTGCGTGTCACATACGTGCGATGACCCGTCAGGTCGCTGACGAGAGCAATGATCTTTCGCTTGGTATTCGTTTTCTTTGCCATAAAATCCTCTTATAGAAACTGCTATTACAATTCAAGTACCAATTTTAGCACTCAACAGAGAAAAAAGCAACTAGAGAGGTATGTCGCTAGCAGAAAAAACTGCCTGACGCGTGATATTGTCGAGGTTTAGTTTTGTGAGATCGCGGGGGCT
CP064959.1_gap6	211799	213381	1582	GCGCTAACCCGTTTCTTAATATGTGGGAAATTCAATCTGGAGCCACGACTGGGATTTGAACCCAGGACCCCGTCCTTACCATGGACGTGCTCTACCAACTGAGCTATCGCGGCATATTATTTGTCCTAAAAAAGTGTACCACTTATAGAGAGAAAGTTCCAGTATTGCTCGACTCTAGTTTGCATAATCTTGCGTTTCCAAGACACTTGTTTCGAATGCGCGGTACACCGTGGGGAGCTATTGACCGATAATACTAACTGATCGAGCAATGATAAGCGCCAGTGTCGTAACCGAGATGAGAGCTTGTGCACTCATAAGCAGTTTGGCTTGTCGGGTCATTGGTACCGTATCGGCAGAAGCAAAGTTGATGGCATTGGTTACAGATATGTAAAGATAATCTATAAACTGGGGGCGCCATGCTTGAAATATGTGTGAGTGTATCTGCTGCGGGAACAAAAAATCTTTGTCGTACCGCGACCATCGTTTACCTGAGAACCCGGGGCTATCTATCTCCCAATACCATAACGCAAAGACAATAATATTTGTCAAAAATATCGCGATTGCCGTACCGAGCAAACGATAGCCGACTAACCCAGAGTTAGTCACGAGTAGATGCAATATTGTGGCGATAGAACTGACATTTTCAACTGAAATCAGCCCGAGAAGTATAAACGATACTATTCGGTAGGGAGCCGTGGTTAGGAGAGATGGGCGGAAGATAGTGAGTGACATCAGGGCGATGAATGTCAACTCAGTTAGCATAATGAGTATATGAGGACTGTAGGCAGTACTACCATTCATAATCCAGATTGAGGACTGCAACCCAAGAGCCGCAACAAGGGCGCCAAATGCTACAAGTAGTTCAGGACGGGAAATATGAGGCACAGTCATAATGCTAGTATAGCACCCGGGGCCTCTCCACCGTACCGGCAGTTCGAGTTCTGCTTCCCAGCTAAGATAGTAGCCCTATCCATGAGGGATAAGGCTACTATCATGGTACCGGAGGTAGGACTCGAACCTACGAAGGCTTGCGCCGAGAGATTTACAGTCTCTTGTCATTGCCGCTAGACGACTCCGGCATGCCGCTGTCGCTCATGAGACAAACCGGAGGTTTTTCTCATCGCGCCGGGCGCGAAATAAATTCGCGTCTCGGGCTGCTCTTTTCCTAAATGCACACGCAACGCATAGGTTATGTGCACATCATGGAGCCGCTTCTCGGACTTGAACCGAGGACCTACTGTTTACAAAACAGTTGCTCTAACCAACTGAGCTAAAGCGGCACATACACCATTTTACCAGAGGTTAGTAGTGTAAATCAACAAAACCATTGTCAGTTATGATCACATCACCACTTTTCGTACTTGCTGTACTGATTTTGCAGGTGGGTTTTTGCTTGCAATGGCTTTTTGGATTTTATCACGTAGTTCAACTGACTTTTCGGTTTCACCTAAGCGATCGTAGGCATCTGCAAGGATATGGTATGACTGAATACTGGGTTCAATATCCGCTGCGCGTTCAAGCGACTCGATCATTTTTTTATCATTCCCCAGCTTCTCCTGTACTTTCGCGTAGGCGATATAAC
CP064959.1_gap7	221883	226838	4955	GGTCGGCTCAATCTTAGCCGCCGCAAGGATGTCTCGAGAGTACTTGGGGCCAATGCCGTAGATATACGTCAATGCCACATGTACTTGCTTCTCTGCGGGTATAACTACCCCAGCAATTCGAGCCATGCTTAACCCTGCCTTTGCTTATTCTTAGGTTTTTTCTTGTTGATGACACGGAGACGACCTTTGCGCCGAACCAGCTGATCATCAGGGCTGATTTTTTTGACACTCGCACGAACTTTCATGAGCGTACAAATCTCCTCCAGGAAAAACCTGTATTAGAGAGAAATCAAGTGATATCGTCTCAACTTCTCGGTTATTATTTAATCACGTGCGCGGAAAACGATTCTGCCCTTTGTGAGATCATAAGGGGTTAGCTCGACTTCCACGATATCGCCTGGTACCAGACGGATATAATGCTTGCGCATCTTGCCGCTAATATGAGCGATGATACTTAGGCCGTTTTCCAATTCCACCCTAAACTGAGTATTAGGCAGTGCTTCCACCACCTTGCCTCGCAGTTTAATAACTTCTTTGGTACTCGCCATAGATATACAGCATTTTATTATACGGTATCATATGACAAAAGTAAACAGATTTAACAGAGAATCGCGGTATAGTTAGTCTACCGCAACTAAATTGATAGTTTTATTGTAGCGAATATCGTTCGTGAGTCAAGTCAAAAGAGTGAGGATACTTGACTTTTATATAAATATAGTGTAAAATAGTACACGAGTCCATTGTAGTTTGACAACCCCAACCCCCTGAAAGGATACCTGATGGGAAAGAGATGGCCTGGCATGGGTCGCCTGCGCGCAAAGCGCAAAGCGACTGCCCAGCTCGCCGCTGCTAAGGCAGCGGCGGCGGTGAGGGCTCAGGAGGTCGTGAACGACCTCCTGTATCCCCACCAACGGGAGCACGGTACTTCGCTTCTCGAGCGGCTGCACCCAGAGCCGCTCGACGTGTCGGATCACTCCGGCACGCCCAACCCTCGACGTCGTGTGCGCCATCGGGCAGACCGTCGGCGACGGCTGCCCGAGGCGCTTGTCACCGAGCGGCCCTGCGCCGCTCGCGGCCACCACCGTGGCTGCGAGTGTGCTGACTACGTCTGGGAGCCGCTTCACGCATGAAGCGTGCTCCCGACACCTACAATGGATTGGCCCTTACTGCACTCGCGGTAGGGGCCTTTCCTTTGCAGCTACTTTGAAATATTATTTGTAATCGTCGTACGTCACCATGAGGGCGCGTGAGTTGACCTGTCGCAGAGTTTCGAGCCCCACTGTCACGACGATGAGAAGACCCGTGCCTCCAATCGCCAAATTGGCAGCGTTGAGCCCTAGTTTGACAAAGACATACTCAATGATGAATGGCATCACGGAGATAAAGCCGAGAGCAATAGAACCAAACAGAATTAAGCGATTGACCGTCCGTCCCAGATATTTTTCGGTCTGAATCCCCGGACGCACTCCCTCGATGAAGCCACCTTGCTTTTGCAGGTTTTCGGCAATCTCATTTGAATTAAAGACGATGCCCGTATAGAAGTACGTAAACAATATTACGAGGAGGAAATAGGCAGCCGGATAGATAAATACGCCCAGATCACCACTTGCAAAGGACTGGGCGTTTGGTGCTTGGAACCACTTGATAAGATCGGCGCTCAGCTGAGTGTACGAGGGGTTATTGGTTGCTTTGAGAACTTGGCCTGCAAATGCAGGGAGGCTGAGAAACGCGACCGCAAAAATCACCGGGATAACACCCGCAGCAATGAGCTTGACGGGGAGGATGCTTTTGATACCGCCGTAACTCGTATTGCCAGCGACACGTTTGGCGTAGTTGATAGTGATGATACGCTGAGCTTCATTGATTTTAACGAGGAAATACAATATAAAGAGCGATAAAAGACCGATAACAAGTGCTACCCAAAACGCCGTCGGGCTCACCGGTAGGTCAAACCAGCCAAAGACGCTTAACTTTCCTGCCGTTGTGTCCAATAGCGAGGCGATGACCGTACTGAGGGTTGCTGGTAGCTGACTGATGATACCGGCAAAAATAATGAGTGAAATACCATTACCAATACCTTGCTCAGTGATGAGCTCTCCTAGCCACATGAGGAGAATGGAACCGGCGGTCATAGCAGTGACGGCTACTATCCACTCTGTTGGTGTGGTCGTGACAGTACCGGCAGTACTGCCTGCAAGAACTGACTGGCGCAGAATATAGATAATTGCAACAGACTGAATGACTGCGAGTGGTACGGAGATGATACGCGTCCACTGGTTTATCTTGCGACGGCCAGATTCACCATCCTTATGGAGTTCTTCTAGCTTTGGGATTGCTTTTGTGAGCAACTGGGTGATGACGCTGGCAGTGATAAACGGACTCATTCCGACCAGGACGATAGACAACTGGCTGAGTGCACCACCGCTCATAAGGTTGAGGAATCCGCCGAAGTCACTTGAGCCGATCACCGTATCAATGATACTCTTTAGCTTACTCGGTTCAGCAATGGGCACAGGGATATGCGACATGAAACGAAACGCGACGATCAGTCCAAAGACGATCAAGAGGCGTTTTTGCATATCACGGTTTTTGAGTGATCGAAGGATAATTTTCCAATTCATACGGAGTAATTCTGCCTGTTTTCTGTGCGTTAGATGATACTACTTTACCTACAGTATACAGGACATGTTGCTGCGGTGCTAGCGGATTGTGCCGGATACTTGTACGACATGACGATCTGTTGTATAATATGGTTATTGATAGCATTCGTGGGCATGCTTGATCATTGACAAGCAAGCATGTAGCCTACGGTGCTCCTACGAACTCCTAGCTCACTCGAGCTGGTGAGAAAAAGACCCTATCAAGACGGGTCACTATGGAAGGAGTTGCCTCTTGCCCAAGAAGGTCAAGAATCTGTTCGGTAAGACATTCGGCTACGAAGGAGGTGTGGTCAACTTTGACGGACATATGGGCATGTTCGTCGGCGACGACAACGAACCCTTCGCCGGACGTGAGGGTGAGCAGGTGGTTCCGTACCCCATTGTTCCTCCTGCCGGGGTATCGTCGGCCCGTCGGGCACTCGTCGAGCTGGTGAACCGTACACTCTCGTCGAGGTACGGTTCCAAGTTGGATGGAATCATAGTCAGCCCGCGGATGGCACGAAACCTATTCCTCGAGGGGCTGATCACGCCGATCCATCTGGCTGCGGCCATCGAAGAGGTATTCGAGGGAGACCTTATTCTCGTCATCCCGGATGTCAATATCGCTGGGCACCTCCTGTACATCGAGGTCGACAGCAACGCCGCGGTGAACTCATTCGCCATCGACCGAAAGGGGTATCTGATCTGATGTCGATCCGATCGATGACGAGGGGCGGCGTAGCAGTTTTTGCGCCGCCCCTCAGGGGGGTCTCCGTTACCATCGCTACACATGCTTGCTTGTCGCAATACCCCATAAAGGGGTTTTATTTATATCGTTTCTACGCAGCTTGTTCGGAAGCGCGACGAAACACGAGCACTGTATCTGCTTGTGCATCTCGATCTTTGCGCACAATGGGTAGGGGTAGCTCACCAGCGATCTCTTTGAGTGCTCCCGCAAGAAATAAATCTAAGTCCGTTGTTCCTGAAGCAATCTGACGCCACCCTGTCTCGGAGACAACAACTTTCCCATCGAGGAAGTCTATAAGTTTCTCTGGCAAAAAGCCCTCTATTGCGCCGATAGTCTCGTCGCTCACCGTCCAACCTGCATCTCTGGCCAGATGCTCTAGGCGCCCCACCTGTGCGCCAATGAACTGCCTGCGGAGATTTCCGTACCCCTCGCGAATGGCACGTGCTAGTCGCTCACGACCAGCTTGCTCGTAGTTGCGCCGATGTTCATTCCAATCGATCGCTATTTCGGGTACGCGTGGCATCATCTGTCCTCCAGTTTAGCTACTAACAAACTATAGCATGCTTTGTCACACCATCTATAACAAAAGTATGCGCCAATACTGCGCATACTTCTGGCAAAACCAAGCGAGTTGTCGCTATTTTTTATCTGTAGCTTCAGCTTCTTTGGCTGATTTTTGGATAGGTGTTGCGACTTTATCGAAACTACCACCTGCCTTTTCTATAGCAGCCACAACGCTCTTTGATGCGCCCTGAGTCTTGAGAGTAATCTTGCTCCCCAGTTCGCCACGAGCGATTACCTTGACGGTATGAAACGGTGTCGCGATAAGGTTTGCTTCATACAGAGCATAGTTATCGACGATACCCTTGAGTCCTTCAAGCCGATCAAGGTAGACAACCTGAGCTGGTGTTCGCAAACTTTTGAATCCTCGTGATTTTGGCACCGCAGTAGCGATGCCGTTTTGGCCACCTTGAAACATCGGTGCAGCTTTTTGCCAGTACGAGCATTTTGACCTTTTGTTCCGCGACCTGCTGTCTTGCCGCCACCGGCAGCAATTCCGCGGCCGACGCGCTTGCGATCCTTGTGCGTACTCATCTGGAGATCATTGTATTTCATTACTTAGTCTCCTTTTTTGGGGCAACTTTTTTGGCGGGAGCTTTCTTGGCAGCAGGCTTATCATCAGATTGAGCAGTCTTTTTCTCTGCGAGTGCGGCCTTTCTCGCTGTCTTTTCAGTAGTAGTCAACCATTTCTCGCGGGGAACAAGGCTCGAGAGTGCCTCAACAGTAGCGTAGGCAATGTTTACCTTGTTTGTGCTCCCGAGACTCTTTGAAAGCATGTTCCGGATACCGGTAACGCTGATAACCGAACGAACCACGCCGCCAGCAATGATACCAGTACCAGGTGCGGCCGGCTTGATGAGGACGCGTGCTCCTGAGAGCTTTACCTCTGTTTCATGCGGAATTGTCTCGTTGACAACCGGAATCGTGACGAGATGCTTCTTGGCGACATCGGTTGCCTTGGCGATTGCTGTTTGCACATCGCTGCCTTTAGAAACACCAACGCCGAT
CP064959.1_gap8	254889	256182	1293	TGCTAGGAGCATACCGAGAACTATACCGGTTGTTCCCACCAAAACGAGTGCCGCTGCGGCATGAGAACTTCTGTAGTGATGTTCGGGTACTCTCATAACTTTATTGTAACAAAAAACTAATTGCCTGTTGGGCGTACTCCGTGATGTACGGAGTACGCCCAACTCGACGACCGATCAGGTGAGGCGACCCTGGGAATATCCTCCCCTCAGCGCCTCCGTTGCCCGCCAGTTGCGTAGGTAGAGTGCTGCCTGCAACATAGTGAGTCGTGCACCGAGGTTTGTCACCTCTTTCGAGGTGAGTGGCCCGTACGTAGCGCAGCGTCTGTGCGCCCCATCTGGCGGCAACCACGATACCGGTGCCGCGGAGCGCATTGACGGCTACCCAGCCCTGCTGAACAGGCCACTTGTAAGCCGGGTAAACCGGCACTCCCAGCACCGAGCTCGGTAGTCCCTCGTACAGATCGTCGATGTGACCGCTCATCTTTCACCTCCCACCAACGGTTGTCGGGATAGACGGTACAAATATACAGTGTATCTACTGCAAGCTAAAACACAAGCACATGCTTTTTGCATTAAACATGGGCAGAATAGCAACTATTTATTGAGTGTGAAGGTTTTTATGATGACATCGACATCTTGCATCAAGTCAGCGTGAGCCAGTATTTGCTCAGCTGTCATCCACTTGTAATCAACATGCTCTCTTGGTTGAAGAACTATTGACGGCCTTTGGTTAACGTGTAGTTCAAAAACTGGGAAAACGACGGTCATATTGGGATACTCGATAGGAAGTTCGCCCAGCCTCCTAAATTGTGATACCTCAGACTTTATGCCCGTTTCCTCAAACAACTCTCGAGCGATCGCCTGGTCATCTGTCTCTCCGGCTTCAACTTTTCCTCCAGGTATTCCCCAGAGTGATGGATCAGTTTCCTTCTTCGTACGGAATAACATCAAAATATTAGCATTATGCCTGACAATACACCCTACAACTCTCAATACTTTCTTATCGGTCATATACGTATCCTCAATTATGTTGGTTATTGTAGCACATCTATGTTTGTTACCCTTTGGGAGCCTGCTTAACGATCTGATGAAGAATGCCCACTCGCTCTGAGATCGCCACGTCCGGCATAGTGATTGTCCGGATACCAAGTTCTTTATACAGCTGCGCCAACCGCTGGTGTATTTCCATAGCTTGTTCAATTGTCTCAAAGCGTTCGCCGTACGTGCCGACAAACTCGCATAGGATAACCGTGTCATAGGCAGCTATCTTTGCACTTTGTGCGGCACGATCCG
CP064959.1_gap9	257750	260545	2795	CGTGCATCTCAGCCGTGTCACCAATGCTCGCACCGGCATCCAAGATCGGCCACCAATTGTCGTGCCTTCCGCTGATCTGTTACCAATCACGCGCCATATCGTTGAAGCAACAGACGATGCACTTGCTACACTGCCAGCATCGACATCACTTGACGAGAGAGAGGAACGTAATCTGCTCTATCCCTCAGCCAAAGCAACGCTTTTTTGGCAACAGCGAGTCTGAGAAACTTCCAAAAACTAGTTGCTCAGGCGCATGATGATGGCAAAGAAAAAGAATACCAAACCGCACTCAGTGCAATCAACGACTGCTTATCATCACTATGGCCAGAGTTATTTACCCAGGAGGAACGCTAAAGTGGTGCGACGGCTCGAGATTCACTCTACCTCACCAGATCACGGCGAGCGAGCCGCCGGCATCAAAGATACGCTTCGTCGTCACTTTGGTGTCTACGGTGTCAAGCTAGCGTCGATCTATGATGCACCAGAGGAGGGAGTCTTCCTGTGGGATGGCGAGAGACACACGCCAGCAAGTGATACCGATCTCGCGGATTATATCACCGAAACGCAGCGTCTTGAGGCCCCGGATCAAAGCTGTCGTGAAGATGCAGCCCTCCTCGATCGCTACTTCGATGACCAAGGACGTCTTGATATATATCGAAACCCCCTAGATTGGGTTTCCAGCAATCCTATGATTGCCGCATTGATCGAGAAAGATCCGCGCATCAATAATGTCCTAGCTTTTCTGTGCGAACAGCGTGGATTGTTCCTAAAACCACCTCAGTATCGATTGCAGGGGAACTACTGGAACTCACCGTCAAATGGCGGTCTTCCTATTGTCCGCAAGAAAGACCCCATTCATGAGGGTACATTTATGCTTCACGACCTCTATCACCTGTTGATACAGGATCCGCTGCCGTATGATACCACCCAGACAACACACGGACGGGCAAACTTCCTCCATCACCGCATGGCTTCAGAGGCGACAACGATGGTGATGGCGGATATGCAGGGAGTGCACGTTGCCGAGCTTCGCGAACAAGGCTATGACACTTCAAAGCGACGGATTTATCCTGTGTTTGAAGCAATTTTAGAACACGCACCATCTGCCACTATTACCGATGTATTGTCAGCGAATATCGACTTCTGTTTGACTGGTTCGACGCGTGCCTACGAGGCACTCGGTGTTCCCCCCGAGGTGCTGGCAACGTTCTGTGAGAAATACGACACGTTCTTTAGTGCTGATTATGATTGGAACGCTCATAATTTCGATGCTGTTGCACAAACTGTCGAACGTGATGCCGCACAGCATGAGTATTTCCAGCTCGCACGTGAACTGTATGGCCTACCCATGATTGATGACCTATACGGTGAAATGGAAGCCAAGGATGTGATATTGGAGCGGTTTGCCGATCAGATCCAGGAAGCTTATAGCTACACTCCTCACAATGATGAGGTGTCACGAATGAAAGAAGTAGCGAAACGATACTTTGGGGGACAACTGGCTCTCTTTTATCAAGATACGTTCCGTCAATATCGTGACTCGCCTCTGTTTGAGATATACCTATCGACTTCACGTCTGTTGCTAGAGGCAGCTAGTCCTGAGGCTATCAGAGAATATACCGAGGCGCTCAACGATATCATTAGCACACTCCTCGATCAGCAGCGAACTGCGGGGGCTATTGACTCACAGCAATACGAACTCTATCGAATGCACGTACCACTGTATCCTGCATACTTTATCAATTATCAGCAAGAGCAGGGCCAGATCATTCCGCTCCGAGAACGCATTTCTGGTATGCAGCTATAGCTCACTATCTTTTAGCGTAGTTAACGACCAAGATATTCGACAATATCGGTTACTGTACGATCAAGTTGTCCAATGCGATTGATAACTACCTGATCAAATTGAGGCATCAAGCTAAGATCGGTTGGCTCAACTGCCAGTCGGGCGGCTATCTCATCCTCAGGTACACCGTGTTGTCTCATCTGTATAGCAATGTCAGACCAGGCAGCCGGTAAGAGTAGTGTTGTGCGGACAAATCCGGCACCTCTCGCACGCAGTTGTTCACGTAATTGAAGGGCTGTATGGGTTGCAACGTTGAATGTTCTGTCGTCACCTTCATCGAGTGCTTGCTCAAGAACTTTTAGAGGCGTCCCATATATTCCTGACGGAGTTTCTAACACGTCAAACATCGGCGTAGAAGCAGCTAGTTCACCAAACTCACTTTTAGATACAAAGTGATAGTCGATGCCATCACGCTCTCCTGATCGGGGAGGACGTGTTGCAAACGGAACGATAGGCATAATGCCATGATCATCCCGGGAAGTTTCTCGATAACTGTTGTTTTGCCAATACCGCGGGGTCCAGAAAGAGTTACTATTCTTCCCATATAGTATATATTATACTACTTTAGTGTTTTTCTGTCAATATTTTACACTGTCTGAGCCAAAGCAGCGTTGAGGATTGCTACTTCGCGACGTTTCATCATTTCAAGCCCAACTTTGCTACCATCTTCATCTGTAGTGGTCGCCGACTGAATCAGCCGAATTGCCTCGGCGTATGAAGGCACCCAGACGAGCTCCATTCCCTGAGCAGCTTCTTTTTGGGTAAGGTTCGTACCGACAAATTGATCTGTAAGTGCCCGATAACAGTAAGAGATTTGACGCATGCCATCAAAATAACGCTGCTCGATGACAACTCCCAGCGGGACAATAGTGTGAATAGTATACCCGGCTTCTTCCTGTACTTCACGCCGTAATCCATCCAAACGATCCTCATTCGTCTTAATACCGCC
CP064959.1_gap10	277095	278215	1120	GAATGTCATCTGGACTTGCAACAGCCAAACGAACAGCATCAAAATCAGCGATACCTGTCGTAGCAACAACGCGCGACATGTTAGGCCTCCTCTCTATCTTGTTCAGTGGTTATTTCTTCATATAGTTCATCGTATTCTTCATCGACATCACTAATTTGACCTTCGTTATCAATATCACGCACGGTCACGCCATCGTCTTCATCTATCTCACCAAGTTCGTCTGATTCGTCGAGTACATATTCCTTGTCTTCCTCGATAACAGGTACGGTTTTATCCTCAGGACCGCTCTGTTCGATAACACTCTCTGCATCAAACTCTTCACCTTCGTCGATGAGGTCAACCCTGAGACCAAGACCCTGCAATTCTTTCACCAACACGTTGAAGCTCTCGGGAAGTTTCGGACCGGTGATGACATCGTCTTTGATAATTGACTCATAGGCCTTTGCGCGACCATAGACGTCGTCAGATTTGATTGTTAGCATTTCCTGTAGAGTACTTGCCGCACCGTACGCCTCAAGCGCCCAGACCTCCATCTCACCAAAGCGCTGGCCACCATTTTGAGCTTTTCCGCCCAGTGGCTGCTGCGTCACCATGGTGTATGGACCAGTCGATCGAGCGTGAATCTTGTCGCTGACCATGTGGTGTAATTTGATCATATGCATCACACCAACGGTTGAGCGCTCTTCAAATGCCTCACCTGAACGCCCGTCATAGAGCTGACTCTTACCGTCAGGTGCGAAACCGGCTTTCTTCAGCTCATCTTCGATAACGGTATTTGGAACCCCATTAAATGGTGGTGTTGCCACACGATACCCGAGAGCTCGTGCCGCCATACCGAGGTGTGTCTCAAACAACTGGCCGAGGTTCATACGACTTGGCACGCCGAGTGGGTTCAAGACAATGTCAACAGCGGTTCCATCAGCGAGGAATGGCATATCCTCAACTGGCAATATACGTGCCACTACACCCTTGTTACCGTGACGTCCGGCGAGCTTGTCTCCCACGCTAATCTTGCGTAATTGAGCAACAAAAATCTGGATTTGCATCAAAACGCCAGCTTTGAGCTCATGGCCATTCTCGCGACTAAATATCTTTACACCAACAACCTTGCCGCCGCCTG
CP064959.1_gap11	323417	326763	3346	CCTGCACCGTGCGGCCGAGTCAGGGCCTACCGACCCATGAGGGGCCGCCACGCCCCGAAGGGCGACGACACCGGGTCGAATGGCTCGTTCGGTCGAGGATCTCGTCGGGGACGAGGGTCTCCTCGACCCAGACCGCGTAGACCGTCGGCTCGACGAAGGCCGTCCCGTCGAGGTTGACGACAAACTGGCCGGGACTCAGGACGACCACGACGGTGGTGCGCTCGAACATGGATAGCTCCTAATCTCACTCTGCCCACGATGGGCAAACACCACAGCCGGAACGTCCCGACGAGTGCTGAGTGGCAACGATAGTCCAACTCGTTAGCCTATCATTGCCCCTCAGCACATACTCTCTCCTTGTCAAAGATCGTGTGAGGTTATCTCACAACGAACAAATACATTATAGCACATTATGCATTAATTTGCAAGCATCTTGTACTCCGCCAGGTCTCCTAACGGCCAAATAATCCGCCGAGAAACCCATTCTTTTTTTTCGTCCAGCCTGATTTCTCAAGTAGTTCAAAGAGTGGCTTCTTGATCTCGCTCGTATCGAAACTATACGAGTAAGTCATTCCACCGATCGATACACTACTCTGCGGTTGTTTCGCATGCCCAAGGCCAAATCCCATTTCTTTACCTATCTTATGGCCTTTGAATCCTCCCATTTCGCCTCCAAATGATATGGTACCGTTTGTGAGAAGCGAAAAACCACTAGATTTACTTGTCTGCGTGTCCTGAGAAGTGTACGTATGCGTCAGTTCATCGAGCATCACTACAAGCTTAAATGTCTTTTCGACATTGTTGGCGGCAAGTGGAGCCGCCCAAATAGCGTCGAGATATTTCCATTCGGCAACAATCTTGTTTCCCTGGACGGAATAGGAGAATGGTCTTTCTGGCAGATTTAGTTGGTTAATTGCTGAAATTATTTGTTCGAGAGATAGTGGCTGCATTGCAGATTACTCTATCTTTGCTTCTAATGAGCTGTTGCTCGAGCGAAAATTCATCACGCGCCAATTATCACCGTTTTTTTCGAGGATGACACGGATGTACTTCGTACCCGATGATGTATCGACCGTATAGACGATGATCGCCTTTTGCGAAGAACCTGCGGTGGTTTCTACCGCACGTGCAGTCACCTTCTCGTCTCCTTGTAATGCGGGAGAGACCCGTTTGATAACTGCATCGAGATCATCTCTCGATGTCGCACCTCGGAAGCCCTCGCTCGTTAACGCATAGGCTGCCTCGGTGTTTGCCGACTGTACATCGTTGACAAACTCGTCACTTACCTTCTTTGGGGAATCTGTCATATTCATGACGACAATAAATATCACTCCTCCCACAATCAATAGTCCAAAAATCACGCTGATAAGTACTACGAGCCAACGAGGAACTTTGCCTGAAGCATAGTTATTTTTTAAGTGTGTTGTTGGTGTTTTCATGTAAATAATCTAGTTCCTTTTTTTGTTTATTTGTCGCTGCTGGTGATTATAGCACCCTAGCTTAGAAAACTCAATTATCGACAGTATTTACGCGCATGTTCTATACTTGAAAGATGGATTACAACCAACTCGCTCTCGATCTCCATGCGCGCTATGGCGGCAAAATTACCACTCAGCTCCGCGATACGAGCGAGCTTGATCGTGCAAAGCTCAGTGCGTATTACAGCCCTGGCGTAGGAGCAGTTAGTCAGGCGATAGCCGCTGACCCCTCGTCACTTTCCACCTATACCTGGACAAACAATCTCGTCGCTGTGATTTCTGATGGATCTGCCATCCTCGGCCTCGGGGACCTCGGTCCCAAAGCAGCCATGCCCGTCATGGAAGGCAAAGCCCTGCTGTTTAAGCGCTTTGCCGACATCGATAGCGTACCGATCGTGCTCGACGTGCACACAGCCGATGAAATCGTCGCTACTGTCAAAGCCATTGCGCCCAGTTTTGGCGCCATCAACCTCGAGGATATCGCCGCGCCAAAGTGTTTTGAGGTCGAGGAGCGACTCAAAGCTGCTCTCGACATCCCCGTCTTTCATGATGACCAACATGGTACAGCGGTGGTGACACTCGCCGGACTTATCAACGCAGCAACCGTCACTCATCGTTCACTCGTGGATTCAAAGATAGTTACTATCGGAGCAGGTGCAGCTGGCACAGCCATCATTAAGCTCTTACACCGCTATGGTTGCCGACAGATTGTAGCAATCGACAGCAAGGGTACTATCGGCGACTATCGCAATGATCTCAACGATGAAAAAAAGGCCCTTCTCGGGTATGTCGACCGTTCGGCTCACGGCTCACTCAGCGATGCGCTCAAGGAAGCCGATATCTTCATCGGCGTCAGTAAGGGCGGCCTCCTGACATCTGATCTCGTCTCACTCATGGCACCTAACCCCATCGTCTTCGCACTAGCTAATCCAACACCTGAAATTATGCCCGACGAAGCAAAAGTAGCTGGCGTCGCCGTGATAGCAACCGGCCGAAGTGATTTTCCCAACCAAGTCAACAATGCCATTGCCTTCCCCGGTATCTTTCGGGGTGCACTTGATCACGGCATCAAAAAGATTACTGACGAACATAAACTCGCCGCTGCTAAAGCTATCGCCGGATTGGTAGAAACACCTACCCCCGATACAGTTATTCCCAGCGTCTTTGATGAGCGGCTTGTGCCAACGATCGCTGCCGTCATTACTTAACCTGAGTCTCAAACCCTCCTCCGACAGACAGTTGGCCCTGATGGGCCAAGGCCCGCCAAGAGCGAAGGCTGATTTAGTTAGCGGCGGGCCGGTTGTGTGGAGTGAGAGAGTATGAGACTTGAGACTACTTGATGTTTGGCGCTACAACAACACAGGTCCGGTCATCGTGCTTGCGCGCTGCGGTGATAAGGGCGTGCGGTATCTCGGCAGGGTGACTGCAACTCGTGAGATGTCTGATCATCTCGTCATTTGTCATAATATCCGTGCCATAATCGCCCGTGATACCATCTGAAACTAAAATGCCGATCTGATGAGGTCGCAGCAACAAGTTTCCTGTCTGCTCAACTCGGTGAGGTCGTCGAGTTATATCGTTTACACCACCTATGATGTTTGTCACGAATCTGCCAAAGCCTTCATCAATAGTGATCTCAGTAAGCTCACGAGTCTGTCTATCAAAGGTATAGAGCCGCGAATCACCGATTGATGCCCAAGCAACAGGGGTGTTCCCTCGGACATCTACAGGAAGACAGCGCGCTACTATTGCGGTTGTTTCAGATTTGATACCTCTATTGACGAGTACTGCGCTCGTATAATCAAGCACCGAAGCAAGCTCTTGCTCCGCCTGGCGGAGTGAAATGCCTTGGCAAAAGGGTGCACGTG
CP064959.1_gap12	333240	337638	4398	TCCCCATAGTTCTCTCACTAGTATACGCGACCGAGTCTCTAGTCGGAACTATTTTTGAGTCAAAAGACGAACAATTTTATCGAGAAAGTCGCCAATCGGTGGTACCCAACCCGAGAGAAGTGTCAAAATCGATACAAACAGAGCGACAAGCAGCGTCGCCCCAAGAAAACTACCAAAGCCAAAGAAGACACCGCGAATGAAATTGATTTTGTAAACACTGAAGCGATTGCGATTGAAATCGTTGAACAAATCTTCAATCACCGCCTGTCTGGCGTCACGCTCATCCGCGGCTCGTGGTTGCTTTGGTTGCTTTTTTTCAGCCATTACTACTTTGTAGAGTCGTCTTTTTTGAACTCGCCCTTTGCGGCATCGACTGCTCGCCCTGCTCGCTCACGATAATCAGCGACGGTTTTTTTACCTTCTGCCACTGCCGTATCAACTTGCTTTCTTGTCTCGCTATAGGCTTTTTCACTTTTCGACTTTACTTCATCGGCTTTTTTAGCAGCCTGACTTTTAAGCTCATCTGCTTTGACTTTTAGATCAGCTCTTGTTTCTTTGCCAGATTTTGGAGCTGTCAATACACCCGCGACAACTCCTGCCAGTGCTCCAAATATTGCTCCGAGTGCAAATTTTCCTTTTGACATAGTTCCTCCTTTATTTATCCTTAGTTTTTTGATAAAGTTTGCCATCATTTTTGCGATCGCTGCTGGCGCAGCAAATTTAGCCGCCGACTCAGCGGCACCGGCAAATTTCAGCGTAGCCTTCTCGGCAGTAGTGGTAATCGATCGTATTTGCTTCGTAACCTTGATGAGAAGTAAGGTCAGAACGATTGCCAGTACCAGAAACAGCGCCAGGAACACTGATAGTATGATGACAAGCACTTGTGCCCATTCCATAGTTGATGACACTCCTTTTTATGCTATTTGCTTCATTTACTGAAGCACTACTCTTTAGTATACTCTCACACGCGGGCTATACTGTGAAAATCTTCACTTTAACGACTAATTTGCGATACGATCAGTCTCAATTACTTCCGGAATAGCCCGCCGAACATCCTCGGCATAATCTTCGTTATCGAGAACGTATTTGAGATGAGCGAGGAAATAATTTTTTGATCACCCGTTGTCACCCATTGACCTTCTGTCTTTACGACATAGATATCACCCCGTGATACCATTGCCGTGATGGCATCGACCGTCCACAGCTCATCGTCAAGCCCTTCGTTGCCGGGTTTGAGATGGTCAAATATTTCTGTCGTGACCAAATAGCGACCATACGAAACGAGTGTCGACGGGGCTTTGTCAACCGGCGGCTTCTCGACGATATAGTCAAGCTTATCACCGTCTTTTAGTGATACGATACCGTATTTGTCGACGGCCGATGGGTCTACTTCCTGTGCCATGATGATGGCTTTTGCGTCGGGATGTTTTTCGTAGGCGTCAATCAACGATTTTGCATCAGACGATCCAAAGACAACGTCGTCGCTATAGAGCACGATGAATGCCTCATCCTCACCAAAGTAATCGCGTGCACTTGCAATCGGCGAACCATTACCATAGGGCAACGCAGGGTCTTGCACAATAACGCGGATCTTTGGTAAATCGAGCACCTGAAGTACCGTTGAGTTGTAGCGCTCAACTTTGCCTTGTGCTACCAATTGTTTGCGAATATGATTGACTGCGTTGCCAAAATAATCCTCATAAATGGGTTTTCCCTCTGGGGTAGCGACGATGATAATTTCCTGATCCCTGCTTCAGCACATTCCTCGACAGCCATTTGAATGATCGGTTTGTTTCCAAATGGCAGCATTGCCTTAGGAATTGTCTTAGTGATTGGGAGGTAGCGGCTTGCATAGCCTGCGTCAGTGATGATAGCTTTTGTTGGTCGCTGCATGATTCCCCCTTTTCTTTATCTGTATTACAATTTTTGTCGGATAAGTTTTTGCGCCAGAGCGGGATTGGCTTTGCCCTGAGACCGTTTCATGACCTGGCCAACAAGATAGCCGATCGCTTTGTCCTTGCCGGCCTTGATATCATCGAGGATTGCTTTGAAGCTGGATCAGCCAACACGTCATCAACAATCTCGGCAATAGCAGACTCATCGCTTACCTGCAGTAGATTCTTCTGCTCTGCGATCATCAATGGCGCATCTCCAGACGCCAACATTTCGAAAAGTATCGAGACCGCTCCGTTACTACTTACCGTATCGTCTATCGCCATTTGCGCAAGATCTACCAGATGTTTCTGCTGCAAGTGTTTGTTGTTCCACGTATCCATGCCGGCACTTACCCTACCCTGAACATCGATAATCAGCCAATTTAATATACGGCGACGCTGTTCACCACTCAGATTTGTGGCAAGCTCTGCGATAAATGATCGGACAGAAGCGTCACAAATACCAAGTGCCGTCTCAATCATCGCATGATCAAGTCCTGCTTCACTGAGGATATGGCGAAGCTCATGAGGAAGCATCGGCATGTCAGCTTGAATCTGCTCGATTTCTTCGTCGGATACTATAATTGGCGGAATATCGGGATCGGGCATATAGCGATAATCCTGCGCATCTTCTTTGCTCCGTTGGCTAGTGGTGATGCCCTTGTCATCATTCCACCCTCTCGTTTCCTGACCACGCGTTCACCTTTTTTGAGCAAGGCGACTTGACGTTCAAATTCATACTGAGCTGCTCGTTCAACACTGCGGAAACTATTGAGGTTTTTACTTCTGCTCGCTTGCCAAGCTCTTTTGCCCCTTTGGGCGCGACGGAAATATTGACATCGAAGCGCATATTGCCGTGATAGAGATCACCATGACTGACACCAGAATATGTCATCAAACGGTGGAGCTCAGTCACATAGGCTCGCGCCTCTGCCGGACTGTGCATATCTGGCTCAGAGACAATTTCGATCAACGGCGTGCCTGCACGGTTGAGATCAACCAAACTATAGCCGGAGTAGTGCGTCAACTTGCCCGCATCGGATTCGATATGTGCGTGGTGAATGCGCACATGTACTGGGGTACCGTCTTCAAGCACCGTATCGACGTAGCCAGCGAGGATGGTAGGTTGATACATCTGCGTGATCTGGTAGCCACTGGGCAAATCTGGGTAAAAATAATGTTTGCGGTCAAACCGACTAACGCGGGCAATCTCAGCATTCAACGCCTTGCCAGCCCGAATTGCGAGATCAACTGCGTGTCGGTTGAGAACTGGTAGCATACCAGGTAACCCATAGTCGATCGGGTGAACTTTGCTATTTGGTTCTGCCTCCCGCGCATCGTTATCGGCGGGGCTAAACAGCTTTGTCGCCGTCGCCAACTGTACGTGGCATTCGATGCCGATGGTCATCTCATAGGTATCAAGGGTGTCACTACTCATCTTAGATAGCTCCCAAATCTTTCAAGGCTTGTTTGTAGGCGCTGAGCGAGCGCAGGGCTATATCGGGCGTAACATGCACGTCCGTTTCATGAGCCAGTTGGTTGCGAATCTTGTGTGCACCCCAGACGTGATTGGCATTTGTCCAGATGTTTTGAGCAGATTTCATTCGTTCGCCCATTGTCTCGCCCTTAATATGTCGCTCTTTGAGCGCGAGATCCAGCAATTTATCTGCATTGAGTATCGCCATTGGGTAACTTTGCGGGTTTTCTCGGCTCAAGCTATTCTCGATCTCAAGCCATTTCGTTTGGTACTTCTGCGAGTCGAGGCTCAGGACGCCCCGTCTCGACATCGTCAGGTAGACGACCAAAATAATGGCAACAATCAAAACGCTCACAAGGAGAAAGAAACTAGCGGGATTTTGAGTCATTCTTTGGCCTCCATACTTCCAGCAAGTGCCAGCATCGCTGCATCGCTCTTGGCCGGTCCGATAAGTTGTATCCCGATTGGCAAGCCGGCTTTTGAGACGCCGGCCGGCACGCTCAGTGCTGGCAAGCCAGCAAGACTTGCCGGGACGGTCATGACATCGGCTAGATACATTTTTACGGGGTCGTCTGTGTTTTCGCCGATACCAAATGCGGGTGTCGGTGCTGTCGGCAAAATCAGGAAATCATACTGAGAAAACAATGTATCGAATGCTTGGATCAACAACGTCCTAGCTTTTTGCGCCTGCAAATAGTAGGCATCAAAGAAGCCGCTGCTCAACACGTAGCTACCGATCATGATACGGCGCTTGTTTTCAGTAACAAATCCTTCATCGCGCGAACGTCCGTAGAGTTCTGCCAGTGTTTTTACGTCGTGCGCACGGTACCCGTAGCGTATACCATCAAACCGCGCGAGATTGCTACTCACCTCTGCTGGAATGATGATGTAGTACATAGCGAGGGTGTATTTGAGGAGTGGCATCTCGACTTCCTCGACGACATGTCCCGCCGCACGCAGACGCTCGACATATTCGAGCGTACAACC
CP064959.1_gap13	369502	372790	3288	GGAGCCAAGCTTCAGACTGTCCTCTGCCCCCAGTATAATAATTTGCCAAGCCTACTACTCTTTGCCCCATGATTCCGGCAACGGCAGCATTCCCATGACGGAAATGTCGTAGGATCTCATTTGCGTGTCGAAGCGACGGTAAACCCGGTCGAGGTACGCCATGTATTGCATCATACACTCTCAATCCCTCTCGTATGAAGTGAAAATCACCACTCGAAGGAAGTAGTGATCTTGGCACTACGATTGGTCTGATTTCGAGTGCGCGCAATTAAACCCGTTCCGCGGCAAGCTCATCTTTTGCACAACTGGCGATGTGATCCATGACGGGATTTATCGTTTGATCCGTAAGCGTCTTGTCATAACTGGTAAAAGTAATGTGGAGTGTTGTTGTCTTTTTGTCAGTATTGTCCTCTGCACTATAGACGGCAACCGGCTCAAGACGAATATCAATTCCCGCCATTTTCTCCGTTGCCGCACTCCAAACACAGTGAAATATTTTTTCATACGGCACCGAGAAAGCGGTTTTCAGGGAGATGTCTTGTGATGTTGATGGATAACGGGACAAAGGTTGATAGTTGTTACGCTTTAGCTCAACAGCATTGGCGATTCCTGCTAACTCTAGCGTCATTGCCGCAGTATAGTCTGGTAGTTTAAACGCCTTCCTCACCGACTGCTTTAGTTCACCTACTATGCCAATATATTCACCTTGCCTGCTCTCGATCCTCGCGCTACGAGCTGGGGCAAATACCGTCGCGGCATGTATGCCATCAGCATTGTCAATTGGTATTAGTTTGAGTGTAAGACCGAGGTCTTTTGCCAATTGAGAAACGAGTCGACGCATCATATAGTATGCCGCTCCCTGACGAGGCTTTTTGCTAGCATATACAGCATCTACAAACTCAGGCTCACTAGGAAGCCCATTATCGTCTGCCAGATGAGACACTTTGTCGTGGCCTTTACCAATTTCAAACAGTACAAACTCATCATAGCTATTTTTTATGTTGGCATGGACCTTGTCCAACAAGCTAGGCAGTACTGACAACCGATATAAATGGAGATCGGGGCTGATGGCGTTTCCAAGACGAAATGCTCGAGAGGCATCCTGCTCGGCTTTTTTCATAACTTGCTCGTGCACAAAACTGTATGTTAGTACTTCATTCGCTCCGGCGCGCGCCAGACTCTGACGAATACGCTGTTTGAGTACCCTATTTTTGTTGCGCGTGGCAACACCGCCAGCACGTTTGGGTAATTCGCGGGGCAAGGCATCAAAACCATACAACCGCCCAACTTCCTCTACAACATCCTCGGGAACCTCTATGTCCATTCGCCAGTAGGGCGGCAAAACGACAATAGCATCATCGCCATCATCTGACACCTCGTCATCACAGCGCATCTCAACATTTGAAAGAAGTGTCGTAATTTGCGGTTTAGCCAGTGAAAGTCCTAGGCGATTATTGATAAATGAGGGAGTAATAACTACCGCCTTGGACGGGGTGATGGTTTGGCCAGCATCAACTACTTCGGTTGCCTGAGCCCCACCTGCCACGTCGATTATGGACATCATCAGCAGGTTGAGCACATACGGATTTTGCTGTGGTGACTGACCTTTATTGAAGCGAGTCAGCGCGTCGGAAAAAACCCCATGTCGCATGCTCGACTTGCGGACCGTATACATATCAAAGGTGGCTACTTCAAGCACAATAGAAGTCGTCATATCGCTCACTTCGCTATTGCTACCGCCCATGATACCCGCCAAACCGACAGGACCCTCTTGATCTGCAATGACAATATCATCACTACTGAGCTCATACGTTTTTCCGTTGAGAAGTGTCACCTTCTCGCCACTACTTGCCATACGTGCACCAAGCGCGTGACCCCGCAATTTATCATAGTCATACGCATGGGTGGGCTGAGCGGTAAGTAGCATGACATAATTTGTCACGTCAACAATATTGTTAATCGCCTTACTACCAAGTCGTATCAATTCGCACTGTAGCCAAAGCGGACTTGGTTTTACCTCGATACCGCTAAACCCAACCGCCATAAAACGTGGTACTTGGGCGAGCGCTTGATTTGTAACCGTCAGCTCAAAACTATTTGCTGATAAAAATGATGGAAGGGTCGTATACCACTCTGGGCTGTGAAACGGTTGCCCGGTGATCCCAGCAATCTCACGCGCCACACCCAACTGCCCGAAACAATCAGGACGGTGGGTAAACATTTTATTCTCAATATCAATAATAGTGTCGTCTAACCCCATTGCCTCAGCAAAATCCTGACCAGTCGCAAGTCCTCTTGCGCCAATGTGCGGCGGCATGTCTTCTTCGCGAAGTTCAATAATTCCGTTGTGGTCACTATTGATAGCCAGCTCATCACCCGCTCCCAGCATTCCATTGCTCATGACGCCACGAATTTCTCGCGGCTCAAGTACAAAGGGTTTGGCATCGGCATAGCTAGCCGGGACAGTTGTGTGTGGCGGCAACCATACTGCCCACATATTGGCGTGAACATTCGGTGCACCGCATACGACCTGGACGTACCCATCAACATCGCGGTCAACATCACGTACTGATTGGCCATCATCGATTTTGCACACACTTAGTTTGTCGGCATTTGGATGCTTTTCGCAGGAAACTACTTTTACGATCGTAATATTTTTGTATCGTACGCCTAGTTCGGTCACTTCCTCAACGCCGCCAAGCTGATTGTTTATCGTCGCAACAAGTTCATCAACTAGTATGTTGATGGAAGTAAACTGTTTAATGAGGTTGAGGCTTACTTTCATTGGTATGCTCCTATAGCGATTGCGGCCACCAGTGGAAATGTCTTGTATTCCTGCTGGTGGCTTGCTGAGCCAAAATGACCGTCTTGTTTGATAATGAGTGTCCCTCCTAGTTTATCAAATGCCAACCGACCTTGGGTATCATCGCATTTCCACGGATCATTGGTGGAGTTAATCATATAGTAGTCTGCCAGTGGTGCCAGCTTCTGCCAATCATATTGCGGCTGAAGAACTGGCTCACGACCCATATCAATTTCTGTATAGAAGCCGGCGATGAGCAGCGCGCGAGCAATTTTTTGACCTGATACTTCGAGGATACTGAGAATGAATGGCGCACCGGCAGAGTGTCCGATCAGAACTGTTTCTTCATTCAGATCAAGCGTCGGTAATACCTGACTTACCATCTCAGCAATCGGCTGCTGATTCATTTGCGGCAAATTGGGTACCGAGACGGTATAGCCCGCTTTTTCCATCTGTTGCTTTACCCACGGAAACCACTGGTCGTC
CP064959.1_gap14	374248	377104	2856	GGTGTGCTCGTGTCGGGCATCAAGGTCTTCGTTGCGAAATGTTCTGTCGGGCACTATGACAGCGATGGGCTGGTTATTTTCGAGATTGTCATGATATTTCCTCATGACACGATTTTGCATTGTACTGGTATGGGCGGGTGCAATCAGCGGATCGCCGCTCGCATCTGTCTCTACTGTCATGAAAGTATCCCAGTCATCCCTGGCAGGATGGCCTTTAGGAAAGTTTAGGCTCTCAAACATATGGTACTGGTCATCGATTTCACGAGACTCTTCGGTCACGAACCCCATGCGATTGAATATGTCGCTAATTGTTTCGATTTCATTCATCAGCGGATGAATTGTTCCTTGATCACTAGGCAATAGCGCAGGCATTGCTGCATTTACATCAAACGGTGCCGTGATATCAATCGCTGGCAGTTCTTTTGCACTAAGTTGTTCTTGGCGTTTCGCCACGGCGCGCGCAATTGTTTCTTTTAGCTCATTTACTTTCTGGCCAAATTCTTTTCGCTCATCAACAGCAAGCGTCGGAATACTCGCGTACAATTCTCGAAACTCCTTGCTTTTTAAGATGTCTGCGGGAGTATCAGAGGCCGCAATCCGCGACTCAAGTTCAACTTTAAGAGAAGCAATATCGATCATTACCTCTTTAGTATACTACGATTATGAGTTGACGCGGACTACAAAATAGATAAATACTGCTACCGCTGCCAAAAAGATAGTTGCCCACACTCCGGCCAGACTTGTTGTATGCTTGGTACCTTTCATATACTCTGCGTCTTCTACACCATCAATTGCAGTATACGCAGTCGACGGATCACCTTCATCTTTGGCACGAGCAGCTGCCTTTGCACGCAAGTCTGCGGCAATTCGTTGTTGCAATTCGGAACGTGCTTGCGTTTGTTCAATATATCTTCCCATGCGTGACTTGTATTATACCATGAGCTCATTATGCTATAATAGCTGCATATTCACGATAAGGAGGGAATATAATGGCTACCAAGAAAGCCGCTTCTACCAAAAAAGCGACCGTCAAAAAGCCGGCCGTCGCAGCCAAAACTACAAAAACAAAAGTAACTGTCAAACCATTGGCAAAAGAAGTTACGCACCCAGCAAAATCAGTTGCGCACCCTACGGTTCGCGTCAAACGTGAAAGGACGAACCTTGCGCTTCCTGGCAACGTTGTCAACATCGTTTTTGCTGAGCTGATCGGTACGTTTGTACTGACATTGGTTGCGCTGCTTGCGGCACAAACTGTCGATGTGCTCTATGTCGGCCTCACGTTAGTGGTACTGGTTCTGGCCATTGGCGCAATTTCAGGTGCACATGTCAATCCAGCCGTTACCTTTGCACAGTGGACAATGCGCCGCCTCAAGGGTGTACTCGTGCCATTTTACTGGGGAGCTCAATTCCTCGGGAGCATGCTGGCCGTTATTGTGATGAACCTCGTTGCAGGCGGCACACTCAAGCTCGATTTCAGTCATATGGGCTGGAATGTGTTTGATTGGTCAGTCTTCGGTATTGAACTCACTGCAACTGCTATCTTTGTCTTCGGACTGAGCGCAGTATTGAGTCGCCGAGATCTTGCAAATACCAGCCGCGCACTCGGCGTAGGACTCTCGCTTATGGTTGGTCTTGTCGTTGGCGGTGGTCTTGTCAGTACCCTGCAAACCAACGTGCAAAAATCACTTGCTAATTCGAGCATTACGTCTCCAGACCAGATACCGCACGCCTTGCGTGTAACAAATGCCACACTCAACCCGGCGGTAGCACTTGCGGTAACTGAGCGCCCAGATAGCGCCTTCAGCCGTGCCGGTGATACCAAGAATGACAAACAATACTCTCGACTAAGTATTGAGGTTATCACTGCAACGCTCGTAGGAGCTGCCTTAGGAGGCAACCTCTACTTGCTTCTCGCTGGACGCCGCAACACCGTCCTATAAGTTAGGCATAGGTCAATAAAAAAACTCCTCGGTGGAACACGAGGAGTTTTTTATTGCTTCTTCTTATTCCCCCGAGTTTGGTTTATCGAGCAGAAGTGGCTCGACAGCAGGAGTGGTTTCGGCAATTTTTACGACGTCTCTGTCAACTTTAGAGAGTTCTTTGTGGGCGGCGTTGAAGTGATTGACAGTAGTACCGAGTGCACCGCCAAGCTTGTGCATGTATTCATCAAACTTTGCGATATGTTGGCCAAGTTTACCGACGCGCAATTGGATGTCCTTTGCTTGTTCTTCGATTTGTAAACTACGCAAACCCTGTAACACCGTTTGCAAATAGGCCATGAAACTTGTCGGGCTAGTGATGATAACGTGCTTGTCCCGAAAGGCGTACTCAATGAGGTCACGCGAACTTCCTCCACTGCCAACGTTATTGATAAGCAGATCATAGTAGAGTGATTCGCTCGGGATAAACATAAAAGCGAACTCCATTGTTTTTTCACTCGGCCTGATATACTTTGAGGTTTCATCAATTCTTAGTTTTAGATCGCCCTTTACTTTTGTGAGTAGGTCTTCCCTTTCCTTGCCACTCGCTTCGATCATTCGATTGTAATTTTCGAGACTAAACTTACTATCAATCGGTAATAATTTCCCCTTATCAAGATAAATCACCGCATCGACGGCATCACCGTTTAAAAACTTATATTGAGTTTGGTACTGTCCCGGAGCCAGTACGTTTTCGAGGACACTGCTCAGATAAAACTCACCAAATACACCGCGTTGTTTTGGATTTTGCAAAACATTTTGCAGCGTTTTTAGTTCGTCCGCTACATCAACGACGCGGCGATTTGTCTCATCAAGTTTTGCCAGACGTTGCGTGACATCGGCAACAATTTTTGCGCTTTCACTGAGTTGTTTTTGT
CP064959.1_gap15	378404	382813	4409	ATAGTACGCGGGGCGATAATTCACTATCTTCGATCCCTCCGGCGAACTTGCCCGTGACCGTACAGCCACTTCCTCGTCGTTCCGCTATCGGACCTATCACCTGTGTCATGCCTGCTGATCGTGCCGTCATATACATCGGGCTGTTGATTGTTGTCCGTTGGACGGCTGGAAGCCCGAGTGCTTGAGCACGTTCAAGTCGCAATCGGTAGAAATCATTACTGATTCCCCGACCACGATAACGAGCGTCTTTTAGAATGCCTGTCTCTGACAAATAATACAGACTTCCTGTGATACCCATGCCAGCGAGAGCACCGACAACACGCTCGCGCATTTGATCAGTACGATATTTTTCACGCGCGAGTACCCCAGGTGAAGCATATTTGAATGCCCAGCTAAATCCTGCTATCCGCTCATCATCCTTCAGTACAAATAAGCTGGCTTCGGGACGAGTTAGTTCGCACTGAATATACTCGACAGTCTCTGCTGCCGGATATGCCAATTGTAACGGCTCATTACAGCACGCGCTTGGTTCACCCGGTGAGGTGGTTGCACCAAAAAACTTACCGTCAACTGGGCATTTTGTCCATTCGTTCCATTCATCCCACTTAAATGCATCGGCATACACCGCAGCGATTTGCAGTAGACTGCTCAAATCAATCGCTTGTAAATCACCCTCCACCCTTTCAACTCTCAGTTCAGGATTTTTCATCACTATTCTCCTTATTCCATTGTTCTACTATTAATTGATAGAGGTTTGCCGCAACTTGAAGATCACTAATTGCTGCCGACTCATTCGCTCCATGGCGATTGTCCCCGCCTGCGCCAATCACATATATTGGACTGTCGATTACTTCAGCGAGTAACTGAACGTCGATATAGCCCCTGTAGCGAGGGTCGTCCGGCTGCCACAAAATACCAGCCTGTGTATAGCACGTCTTCAGAAATTGTTCTGATACCGTATCTCTTGTTTGATTCCAGACACCGAGATCAGCCCCCACTCGAATACTTTTTACCTCGAGACCACGCTCTTGAAGTAGCTGTCTGAGGAGAGTCTCGACCAGTTGAGCCGTCAGTCTCATATCGGCAACGCGGAGCTCTATGATACCCTCAGCATAATTTGGAATGACATTTCCGCTGCGCTGAAGTATTTCAGGATTATCAACATCCGTTGTCGCGCCGCCCCTTAGGTAAGCAATATTCATCGTCGTTTGTCCCAGTTCCGGTGAAGTGTACCGAGTCAGCTGTTGCTCAAGTGATGCCAGGCTCTCCATAAGCTGCGCGATAGCGTTGACACCATTGCTAGGATTTGACGCGTGGCCAGATTTGCCGATAACTTCAATATCCATTTTGATGAGGCCTCTACACCCCATCAACGGTTGCAAATTTCCATCAAGTGATATAACGAGCTCTGGCGGCTGATCAACAAAAAGCTTATCGGCGATCACCTGTTTCATACCAGCAAATCGATACTCTTCATCGACATAGATGAGCATACCTACGGTCGATCGTGCACTTTTGCTCATTCGTGTCAACGCCACCATGAGTGAGGCAATTGACCCCTTCATGTCCGCTACGCCCAAACCATAGAGTCTGCCGCTCTCACGAGTTAGTGTGAGCGGCGGTGTTTGCCAGCCGTCTGATATGGGTACTGTGTCGATATGCCCCACAAATAAGACTATAGGTGTCGGGGCGCCGACGTAAAGGTTTGCTCTACCGTCGGAGAGTGGTTGCCGTGTCAGCTTCATATCTGGTAGATTCGTCACAAACCATTGTTCGAGCCACGCGACGACAGCAGTTTCATCACACCCATCAGCGACATAGCTTGCGATCGATACTAATTTCTCGGCCAATGATACGACATCGTTCATACGGTTTTCCTCCGCATAGCCAAGTCAGCCATTGATCCAAATACTCCTATCTGTAATTTCCTTTTCATATCTATCCCTTCGTTTTTAGTGATGCATAAGCAAAGCGCCAGCTAATGCCGGCGCTTCATACATCTGAATAGATAGAAATTAGCCGACATCAACTGGCGGTGTATGGGCATGATCACCAGAGAGAATTGCTTGGTAGCCTCCGGCGCCATTGTCCATCCAGTCACGAATACGCGCAACGGTACGTGTCGACAAACGCGTTTCTTTGACGATCTGGTCGTATGTGTATCCAGCTCGTAGGAGCGCTGCTGCTTTTAGACGGGTGCTGACTTCACGTATTTCTTTTTCTGTCATCACGTCACGCAAAAATGCTTGCATGAGTGCTATATCATCAATGCCAGCAAGCACCTGCGAAAATCGCTTCGCTTCTGGTGATTTCCATACGGTGGAGGTATTCATGAGATACATTTTACCAAAGTAAAGTATATTTGTCAATACCTCTTTATTTCATTCACTGCCCGCCCTTGAGTTAGCTCTCCTGCGGTGATATAATTCCACTACTACTGGGGATTCGCCAAGTGGTAAGGCACCAGGTGAGAACTGCCATGGGGGCAGTTCGCAAGGCCGGAAGCCGGATGAGCCTGGGGCTCACCGACTGAGGCGGGTCTGCGAGCAATTTCTGAAGGAAATTGATGAGCAGACTGGTCCTGGCATTCGGAGTGAAGATTGCCCGTCGGCAATCTGCAAGGCGATCTCACAAATATGCTGTGCTTATTTGACTGAGTCGTGAGCCCGCGGGACGTGGGTCGAATCCGATTCGAACTCCCGCACATTTCAGGTATAATATATGCATACTGGGGATTCGCCAAGTGGTAAGGCACCAGGTTCTGGTCCTGGCATTCGGGGGTTCGAATCCCTCATCCCCAGCCAAGTAGAACGAATCGGTTTTTTGAGGTTCTTTCTTTTTATTTGGTCAGGCTGGCGTTTTTTTTGTCATTTTCAAAAGTTTGGAATGCCATTTTTATTTCCTCCAAAAGTTTAGTAGTTTGTTTCAGCGTTTTGCGCGATTACCCATTGTTTTAGAGTATTTAACAGATATAACACCTCCTTTCAGGGTTATCTTTTTCGAAAAGTTTGAAATTATCTTTGCGTTTGAGCTGGCGTCTTTCTTGGCGTAGATAGGCTGCTTTTTTGTCGATTGTACCGTCCAAAAGGCGAATCTCAAGGCGCGTATCGAGCCGCTTTCGATGCCAGCGAGTTCGTCGTGGATAGCTTTTTGAGCAAAAGATTGCGATGCTTTTCCTGATGTCTTTTTGCCAAATAGCATTTTGGAAGCTTTTCATTTGCCAGTCTTTCATCCAATCGCAATTTTTGAGCTGACCTCGCATCTGTTCTCATATGGTGCTCGCGCTTCTTCGATGCGGTCGGCGTACTGTTCCTTTCTTTTTCGCCACCCGATCAATAATCTCATACGGATGGTCCGCCATTGCCTTTGGCGTATTGCGCGGTAAGCTCCTCGAGCTGCACTTCGCGTAGCATCTTAAACAGTCCGACAAATGGTCAAGTTATGTCGCTGTCGCCTTGTATCGAGGTTTGGCCTTGTTCAAGTGAGGACTTGCACTCTTCAAGCGGATGACACCTTGCGATGGAAACAATTGGCGGAAAACCGCCCTCGATCGCTCGCCATTTCGTTTTTCAATAATGCCGATGAACGCTTTACACATCAGCATCCGCTGAACAGTTGAAATACTGAGCGGTTTTCCGTAACGAAACGATTAACGCCCCAAAAACTCAGGCGTTGACGCAGACTCTCAAGCGAGTGTTTGCCTAGTGAGGTATACTCGTTAAAAGCTCTCGCGACTACTTTCGCTTTGATTGGGTCAGGCTCTATATCATGAGTTTTTAAGATTATTGACATACCCAAGCGGAGCTTTGCCCGGCCACTCACCGCGCCTGAGTTTTTGGCGAATCCCGCGCTTGACGTTCTCGGACAGGTTATCCGAGTAGTATTTGCTTTGTCCGAACGCAACCTGGAGCATAAACAGACCTTGTGGAGTTGGCTCAAACCAAAAAGGTCGGAAAGCGCAAAGCAACAATCTTGCTCGTGTCGATACTATAAATAATCTGCCCGCCATCGACACTATTTCGCGCCAGACGATCAGGATGCCACGCCAATATACCAACCGGTTCTTTGCTGGCATGGATTTTAGCGATCATTTCGTTGAATACCGTTCGTCCGGGTTGCTTTGCGCTCTTACTCTCGGTAAACGTCTCGATAATCTCAATATTTTCTCGCTTGGCAAAGTCAGCCAACTCCGCAAGCTGCGCTTCAATACTCATGACTTGGCGTTCTTCGTCTTCGCTTCTTGACTTACGCGCATAAAGAAAATATTTTGGCTTCATCTGTTTATGCTCCTTTTGCTTTCGTTAGCATGGGATTAAACTGGCTGTTTTGTGTCGCTCCAGCGACACCGGAAAATTGAACGGCAAAACTTGTTTTGCAAGCGTTGCCTAGCAACGCTGAACCACCATTTG
CP064959.1_gap16	385590	388297	2707	CAATACGACCAAGGCGTACGGGCTCTGATTCTATCCGACACAGAGAATGCTGAGTACATTATCCAAAAACACTTCGAAAAAAGTGAACGTCGAGATGTCAACTTACCTCAAAGCCTCACAGAGGAGGATGTACACGATATATTGGAGAGATACATAAACAGCACGAACGCAAATCCAAACTATGTACAGCTAATTGCACAGGCAAGGCCAATCCCAAGTGCAGGTATTGACGATAAGATAAAATTACTCGCAAAACAAAAACATACTGAGTGGAATGATAACTTTTTTAAAGAAAATAAGGGAAGTTTATTATTTGCTACCGAAGTAGCGATATCTGATAACCAAAAAGAGCCATTAGAAATATCGAATGACGGCCAAACAACAAAATTCTCATACAGTAGGACTTGGCTCAAGAACCACTCTGATTATTTATCGGCCTTAAGTAATTTTATACATCTTTTTCCGATTGCGAATAAGCATATGCTACTTACGCTGCCATCATATTCATCGCAACTTGGGATTGTCGAACGTTTTATGAAGGTTGCTGGACGCGATGAATATCCTGAGGGTGTTCACTTCCAGTTCATAGACCAAAGCACATTTATGCAAACGATGATGTATGAAAACTTTCTACGATCTGAGGGTAAGGAGCTTGAAAATGTAGTTGCTTGGTACTTTGACGAGTATTTGAAAGATACTTTTGGTGTGGACGGCTTCAACTACGTGGCATCGAGCACGGGTGCTTCATATCTCGAGAGGTGCAAACACGTTTTTAGTGAGATGGATAGTGTTATGAAGCAATTCAAGCTGTATGTAGAGAATGGCACAATAGATCAAGAGCTTCTAAAGATCACATCTAAATCTCCTGACCATAATGAAATGCCGAGTCAGCTATCTGATAAATATGTCTATGGGACAGAAAACCCTGAGATATTTGAGATAATTCACTACCTCTTTTCTGACCAATCAGGACTGACATATATAAACGATGCGCTTAAGGACAAAGATTTCGTAAGCCTACTTACAAATCATGAAATTAAATATCGTGAGTTTCATGATTACCAAAAACGCTCTCTAGACAAACTTATCGCATGGGGAATTATCAAAAAAACATCAAAGCGTTTGGTATTCCAGAGCAAACGACAGATGCAAATACTAAAAAACCTATTCCAGACGGAGGCACTTAGTTACTATCATTACTCTACTGAAGGCAGGGCTGAGATAAATGCTATGGTCAGCAAGGGATGGCTGGTTAAAGAAGGATCTCTTCTCACTAAACCGGAGGCAGAATACTTTAGTTATTACCTGAACCAAAAAAAATTCAGTAATGGACATGACCTTCGAAATATTTATATGCACGGAACCATGTCTAAAGACGACAAAGCGGAAAAAATATGCACTATAAAACGTATATCATAGCGTTGAGATTACTCATCGCCTTGATTATTAAGATTGACGATGACTTTTCAGCTAAAATTCGATCTGCAAGGTAGCTAATTTCGGGCGCTCAAGCGCCCGACTCGGCTTTTTGAGCGCGGCTCCGCCTGGATTGTTTTTAGCAAGACAGTAAGCAAAACCAAACCTTTTTCAAATACAATTTTCTAAAACCACCCCCGCCGAGATCTAAAAAATAATGCAGAAAATGGGTTTGGTTTGCACCGCCAGCTACGCTGGCGGGCGGAGCCGCTTCAAACATCGTTCTCGAACTCGGTTCGAGCTTTGTTCAGGATTTGCAGCCACGCCAAGAGCTCACCAATAGGTGGGCTTTTGCGTGGCTCGTTATTAGAATCGAACACCCGAGTGAAGCATTCGGGGTGAAGATTGCCTGCGGCAATCTGCAAGGCGATGTCACCGACGAGCTATGCTCATCGGCCCGACTCGCGGGGTCGCGGAACGTGACCGAATCCTCCACCTCGCTCAAGCATAACCAACATCGAACTCCACTATTAGAGTTCTTTTGATTTGCGGTTGTTTATCTATTATTAAATTCTAGAATGAGTAGCATGGCAAAAGCATTACTCAGAAATTAGATTACGGCTGCGGTGTAGCTTGCTTTGCATTTGTCTGCAATATGAATTTTGATGAGGCAATTAAATTCCTTGGAAGAGAATATAGCGTAAAAATGGATGGCGACCTAGCGATTTATCGAAGGAGCTAAACAGCTTTGGTTTCAATTACAAAAACTACTACGTGCGCAAAAAGGTTCATATTGAATACCCGCTAAATTCTATCGTATTGATCGAGAAATCACAGCAGTACCCTGTTGGTCATTACTTAGTCTTAACACCGAAAGGCTGGATGGATCCTTGGATAAATTTGCCCGAAACAAATGACATCCGCAAAGCAAAGTCAGGATTTAGAAAAATCTACCAGGAAAAGCTATGTATGCATTGATGCCAATTTCTTCCTAAAGCTCACGGCTATTCTCAGCGCTTGCGACGAAACGTGGGCATCATCTCAGGAATTGATTCTTTGACGCGGACAATATGTGAGCGAACGGGTCGGCCAAAATAGTTACCGACACTAGCACCGGCTGCAATTGATAGCGCAACGCTGAGCGCCGTCAGGAGTAGCATGTTGCCTTCTGCGACCGATGATGCCGAGGGCTTATCGACGAACTGCATTAACCCGTTGTAGAGTGCGAGTCCCGGCACCAGCGGCACGACACCGGCATCGATGAGAGCGATCGATGGTGAACGATACATAC
CP064959.1_gap17	406330	409658	3328	ATGTTCTAATTCAGCATCGTTGAGCAGCTCATCAGCTAGTGTGGCAAATGAGGGCAGAACCTGTATCTGATATTGTTGCTGCTCAAGCAACCTATTAAACATATCGTTTGCCTCTGCCTCATCCATCGCAACTTCGTGAATATCTACTTGGTCTCTTGGGTGTATGTCGGCTCGGCTATCGTACTCATTTTTAGCGGTGTACTTGATAGCCTTTTTGTCATTAGCCAGTATGTCTAGTACCTGTTGCTGCTCGTGTAGCAGTAAGCCTCGTTCTTCTAAATTGCCTGAGTAAATCAATACAGTATTGCCAGTAACCAGACCCTGATACTTGTTGTTTATGTCCTCAACAACTGCTTGTATCTTTTCCTTGCCAGTCATCACACCATTTTTGCGGGCGTGGTTTACTGATATTGGCTCAGACTTTGGCGGTTTACCAGTTTCAGGCTTTTCGCCAATCCAATCAAGATATTTAGAAGAATTTTACGAAGTTCCTGTACGTAACTGTCAAAATCAGGCAATACCTCAACCATATATTTGTTATAGGTTTGGTCGGTAGGCATAGCAATAAGCCGAGCGGCGTTGTGCTCTTTCTCTATCTTTTCAACCATCTGGATAAAGTCCATCGGCGTATAGTGATTGTTCAGGTCGTTTGCAGGGTGCAAACCAATCGGCTTACCATCCTCAGTAACTTCACGTTCGTCAAGTAGTCTGTTGATAAAAACCATATTTTTCTTTGCCGTGTAAACTCATAATCTCATCACTTCTTTAATATCTGCCACTGGTAAGTGGTGTATAGTTATAGTATGACACAATCAGAGAAAAAGAGCCGAAACTACTCACACTCAAACAAGCGTGTGAGCTGCTGAATTGCCATCCAAACACGTTGCGAGCGTGGGATGCAAAAAGGTTATTTGGTTGCCGTTCGTTTTGGCACACGTGGTGACAGACGCTACAGGCGTGAAGATGTAATGAAATTGTTAGAGAAAAAGAAATGAGTGAAGCAACTATGTCAAAATCAGAGTTTGATAGCCAAGCAGTACTGATAGAGCGAGCAATACCCGAAGATGCCGAGGCGGTATCCGATTTACTAAGGCGTACTTGGATGGCTACTTATCCAAATGCTGAGGCTGGTATTACCGAGGAAGACATTAGATTACGTACTGAGGAGAGAATGGCGAACGTATCCCGCAGAACATTGAGAATTGGCGTAAAAGGATTGAGACTGACGATGGGTCGGGTGCTGTTTTTGTAGCACGAACAAATGGCAAAGTCGTAGGATTAGCAGCACCAGGTTTTATTGATGGTAAGCGACACGTCGGTGCTTTATACGTACTTCCTGAAACTCAAGGCTCAGGTATAGGTAGTAAATTGATGCAGAAGATACTTAATTGGCACAATGCTGAGGAAAATAATATTTATTTGCGAGTTGCTAGCTATAACCAAAATGCAATAGATTTTTACAAGCGTTTCGGTTTTGAACAAACTGAAAATCCTATTGTTGACGAGGGTAACGTATACGGTAATACTCAAATACCTGAAATTGAAATGATGCGAAAGGGGCAAAAATGATTGTTATAACAGGTGCAAGCGATGGGCTGGGTTATCAACTGGCAAAACTATGTAAAGAGGCTGGCAAAACAGTCGTCAACATCTCACGTCGGGAGTGTGAATACGCAGACGTAAATGTCTTACACAACTTGCGTGAGGGTTCTGAGATTGAAAAAGCAGCCGAAGAAGTTGCCGCTATTGATGAGCCGCTTGAAGCAATCGTGAACTGTGCGGGTGTAATGTCCATTCAGCCGCTCGGCGAGATTACGGAAGACGAAATTAAGCGAGTTATGTCTACGAACTTAAAGTCGGCTATCTTGCTCGTTTCGAACCTTGCTGACCTTATTAAAAAAGACGGCACAGATATTGTGAACGTTGCATCTACTGTTGACTAAAGGGTTATGTTGACCAAGCTGTGTACGGTGCGTCTAATGGGCTATGCGTGGCTTTAGTGCCAACTTACAGGTTGAACTAAAGGACACGCCTTGTCGTGTTATTAGCTTTTGCGTAGGCGGTTTTAATTCGGACATTGCTAAAAGGTTACTGGTCAGGAAATAGCAGACCCAGAAAACTGGATGAACCCCGAAGATATTGCAAAGTATATGAAGCAGATACTGGACTTACCCTAAGAGTATGGAAGTGTCTGAAGTTATCATCAACCGAAAGCAAGCAAAATGATTGAGCATAAGGTTACTCACTACTATCAGCCAACGAACCATAGTTGTAGCCAATCAGCGTTGGCAATACTCTTATCATTTTTCGGTAAAAGCCTAACGCCAGAAGAAATTGTGGCAAAGATACCAGTGAATAAAAACGACAAAGGCGAAGACTGGGGAACAATAAATCAACAGCTTGCAACTTGGTGCTTGTCACAAGGATTTGAAGTTGAGATGCACACAGCAGACTTTGAAATTATTGACCTATCGTGGGCAAAACTAACAAAAGAAAAGTTATTGGAGCGGATGGAGTTAGCGAAAAACCTGCGTGACGTACCTGCTCTTGGCAAAGAATGGTCAAAAATCTATACGCAGTCATATATAGACTTTTTGGAAGCTGGCGGTCAACTGCACATACGACCTTATATGACGACCGAATTACTTGATAGCTTGCTGCCCGATAGCCCATTGCTACTCTGTGTCTGCTACAACGTCCTTTACGGTAGCGGTAGAAGTAAAGATGTTGGTTTGAGAAAGTCCGAAACAGACGACTTAAATGGTAAACTGACCAACCATAGTATCGTTATCTATGGCAAAGATAAGGATGGTAATTATCTCATTGCCGACCCTTACAAAGAGCCTGGCTTACATACGATTGAGCCAGAACGGATGCTTGCCGCTATGACTGCCGCTCAGATGGAATGTGACAACTTATTGTTCCAGCTAAAACAAGGCGAGTAAATTATGTACGATGACGATGACCTTGCGAAATACGCATTACAAAAGACTAAAGAACAAAAGGTTGGGCAGAAAGTTACAAGTAGCTAAATGCCTGTAAACCAAAAGGCTGGATTAAATGAAACGTGGACTGCAACACGTCGGCGATTAAAATCTGCCAGTCGGGATAGTGCTAAGCGATATGTTATCAACGCAGGGTTTTACCCTGAAAAGTGGGTACTTCCAGCCGTCTTTAAAGTAACAAATCTTCATAAAGCATCATTCCCGTTTAACTACACTGAAAAAAAGTGAATACAGACCAATAGCTGAGCCAAAGGTACTTCGTTTCCCGAAAACAGCATTGGCTTGGCAAGAAATACACATACTTGACCCACGCTCGCACTATG
CP064959.1_gap18	411212	412052	840	GCGCTCGGTTTTTTACTTGGTATGTTTTGTTCTCTCGCTCTCAACCTCTTCAAAGAAAACAATAGTCGAGGTTGCTCCTGACGCGCCGTATGCGACGTCGGGAGCTTACAGTCTCTTAACCCGTGCCAAATAAGGACCCCATGGATGGGCCTGTAGGTAGCGCTATTTTGCGTAAGTCGAGTATAATAGACGGGCACTATAAAAGTACGATCAATACAAAGGAGATAGACATGGCCACAGGATATTGCGTCAAATGTAAGGAAAAAGGTGTTGAGTTGTCAGCGCCAGAGGTGTCAAAACTAAAACCGGTGGTTTCATGGCCAAAGGCAAGCATGAAAAATGCGGAACAACTGTTTGTGCAATGATGTCTAAAGAAAATGCCGAAAAAGCCGTCAAAGATGGCGCAAAAAAAGCCTACTAGGTTTCAAGGCACGAAGAATCTAATCTGTAAGCAGGTGATGCCGCAGGAGCAACGTTTTACTCCGTAGCTTTCGGCGCATCAAATAAAAACCGACTAATCATCGGTTTTTATTTGGTATATCGTAGTTCTCTAGCTCTGGGCGCATCGGAATTCGGAGCAGAGTCCTCTCACCCGCGACAATAATGCTTCGAGTCTTTTGTGCGTTACTTATCTATGGTATTATGACTATAATACAACAATCAACTTAGAGGGTAATAGGAATGACAAAGCAACCGCTAGACGAGAATGAACCAACTTTGATATTGAAAATAGGGGCGGTACGCTGCTTGTCAAAGTAGATGGGGGCAAGCACCAGCTCTTCGGCTTGAAGTTTTCAAAACTGCTCGATGAGCTCGTGGATGATGCCGAAAATGACCCGG
CP064959.1_gap19	431991	436616	4625	CGTTGCCCACCACAAACGACTGATTGATCTCCTTGATAGAGGACTTATTTCTTCCTGGGATGATGTCGTACAGCTAGACCTCGAGTATTACGAGGCTCATACCCAAAGATAACTATTTAACTTCTTTGGCCATAAAATCTTTGACACTCTGCACTGTGTCCATAAATTGACTGGGGAAAATAATCGTTGAGTTCTTTTCAACCGCAATCTCAGTCAAGACCTGCAAATTTCGAAGCTGTAATGCAATCGGGTGTGCAGAGATGATATCAGCCGCTTCACCTAACTTTTGGGCACTCATTTGCTCACCCTCGGCAGCGATGATCTTTGCCCGGCGCTCGCGCTCTGCCTCGGCCTGTTTGGCCATGGCACGTTTCATATCCTGAGGTAATTCGATATTTTGGACTTTGACACTGTCGATGTTGATGCCCCATTTTTCGGTTTCGCCGTCGACGATATCTTTGATCTGCTGGCTCACCTCATCTCGTTTACCGAGCAACGAATCGAGCTCAACATTACCAGTAACGTCGCGAAGTGCGGCCTGAGCAAACTGGCTTGTCGCATAAATATAATTTGCCACCTCTAGAACAGCTTTATCGGCATTGACGACGTTGAAATAAACAACTGCATCGACATTGATGGTGACATTGTCTTTTGTGATAACTTCTTGCTTAGGAATATCGATGGTATTAGTGCGAATATCGACTTTTATCATTCGCTGGAACACTGGTACTACAATGCGCAGTCCTGGCTCACGTATACCGCTAAACTTACCGAGAGTAAGTACAACCCCTCGCTCATACTGATCGATAATCTTTATGCCACTTGCAATAATTGCCCCGACAAACAAAATGATTGTGATTACTGCACCTTCCACTGTATCCTCCTCGACATTACATAGATACCAGTAGTATAGGATGTTCAAAAAATATTAGCAACGTCTGCCCTACTTGTCGCGAGAACTAGGCCGTGATAGCATGGACTGACATGCGGGTGTAGTTTACCGTCAAAACGCTGGCCTTCCAGGCGAGAAACTCCTGGTTCAACTCCGGACACCCGCACCACAATCACAGTACATCCCTCGACGAGCCTCGCAGATGCGTGGCTCGTTTTCAAACGAGCGACTCTGGGGGTATAATGATAGAGGAAGATGAAATTGATACATACAGCAAAAAAAGCCCTCTACATTTCGGTAGCGAAGTATTTTCGCTACTGGTCAAACAAGAGCCTGCGGCGCTGGAATCCGCGAGTTATTGTCGTAACAGGGTCGGTTGGCAAGACAACCATGCTCAATCTCATCGAAACGCAGCTCGGACCGGCGGCTCACTATTCACACAATGCCAATAGTGCCTTTGGGATTGCCTTCGATATCGTGGGGATGCGTGGTATTACCAGCAGCAAGCTGAAATGGCTGTATCTGTTCATCGCCGTCCCCCTCCGATCACTTTTTTTTACCAGACATGAAAAATATTATGTTGCCGAGATTGACGGAGAACGCCCCCGCGAAGCCTCACTGCTTGCCGAATGGCTACGTCCCGAAGTAACTGTCTGGGTGAGCCTGGGCAGAAGCCACGCGGTGTTTTACGATGCAGTGGTCGCAAGCGGTCGCTATGGGTCAGTCGATGAAGCTATCGCCGATGAATTCGCTTCACTTGCCCGAAACACCTCAAAGCTCGTAATCGTAGATGGCGGCAACCCGGCCATGACCACACAGATCAAAGATATTAGCGGCAAGATAGTTGCCATAACTGACGCAGCATTGCACAAATACCACGTCTCGCCTACCAGTGCATCATTTGTAATGAGTAGTGGCACATTTTCTTTTTCAGATCCAATGCCAAAAGAGACGTACGTCCAATTGGCGATGCTTGAGCAGCTCATGAACTATCTCGCTTTGCCGATTGCCCACGATGTATCGTCATTTTCGTCACCACCAGGCAGGAGCAGGCATTTTGTAGGAATCAAAAATACACACCTGATAGATAGCAGCTACAACGCACACCTCATCAGCATGCGTTCAATGATTGCGATGATGCAGGCTATGCCCGCGACGCACAAGTGGGCGGTCATCGGCGATATGGTGGAGCAAGGCAAGAGCGAGTCCGAAGAACACCGATTGCTTGGCGAGCTCCTCTCAACCACAGATTTCGAGCAAATTATTCTGGTGGGGCGACGAGTTTCTCTACATACTCACCCCGCTATCAGTTCATCCAACCCGCAAAGACACGTAGAATCATTTGCAAACGCACGCGATGCACTGCAATATATCGTCGATCATTTGCAGGGAAATGAAGTCCTGCTCTTTAAGGGTAGCCAGTACCTCGAATGGATAGTCGAGAAGTTACTTCTCAACCCACAGGATGTAAGTAAATTAGCTCGCCAGGATAGTGCATCAGTTAAGCGCCGAGCATCTTGGGGGTTATCATGACAGCGCCTCTCGTCATCATCCACGGGTGGACCTACACAATTAAGCCATGGGACAAAACTGTTGCCATTCTCAAGGAGATGGGAGTGGAAGTACATCAACTCCGTGTGCCAGGGCTGACACAGCCGTCTGACGCAGTGTGGACAATCGATGCGTATGTCGCCTGGCTCGATCAGGAACTACGAGCAATCCCCAATCCAATCGTCCTGGGGCATTCAAATGGTGGTCGTATTGCCATGCATTATCTAGCGCAACACCCCAATCGTTTCAAAAAGCTTATTTTGCTGAATAGTGCCGGCGTCGCTATCTCGTCAACGAGCCAGTCGCTGAAAAAAACTGCAGTGAAAGCATCAGCAAAGATACTCAAACCGCTCAAATATATCCCTGGTGTTCGACGTGTAGTGTACCGCGCGCTAGGAAGCGACTACGGCAGAGCACCAAAAAACATGCAGGCCACACTCAACAATATGCTAGCAGCCGATAAAGACTTCTCTCCGCGTATGATCGCTACCCCAACGATCATGCTGTGGGGGGAGTCGGATAACGTTACGTCGCTCGCAATTGGCAAAAAAATTGCCGATGAACTCCCCACGGCAACGCTCCATACCTTTCCGGGCTGGGGACATGCGCCGTACCTCACTCACCCAGAACAAGTGGCTGACGCAATTATGGCTGCCATGCAGGAGAGCGCGTGATTTTTCAGTCAATCGGCTCACAGTTTCGGGCCCCAGATATGTGGCGGCATCTGACTGCTCATGCTTCGCGTGATTCGTCTACGAAACTCACCCACACACTTGAGGCAACATTTGGCGGAAAGGCCTTTTTGTACCAAAATGGCAGAAGTGCGCTCGCGGCAGCCTTAACCCAAATCGCGTTAGATCATCCAGGCGCATCGGTCGCGGTGAACGGCTATAGCTGCTTCGTCGTACAAGAAGCGGTGCATGCGGCTGGTTTGACACCAGTATTTCTTGATATCGATCCAAACGCTCTCCATTTTTCGGGTGATACCCTAGCGAAAGCGCTCACAGAAAACACCGATATCAAAGCAGTGGTCGTTCAAAATACCTTAGGCATTCCGTGTGATATAGAGACGATTGAGCGAATCACTACAAAACGAAATATTTGTCTTATCGAGGACCTGGCTCATTCTGCTGGCTTACGCTATGGCGACGGTCGTGCGGCAGGATCTGTTGGGGCCTTTGTCATCCTATCATTTGGCCGCGATAAACTACTCGATACGGTGAGTGGCGGTGCACTCATTGTGCGTCAATCAACAGATACAAGCAAATTGCCTCAGCATGAGCTACTTGCACCGCTGGGAACTCGCCTGAGAGATCGTTTGTATCCATTTTTTACCTGGATAGCACGCATGTTGTATCCGATAAAAGTTGGCGGCGTGTTACTACGGGGGCTCCTGTGGACAAAGCTCATTTCACGCTCGGCGAGCGGTAGTATCAACCCGTCCTACACGATGCCTGCTTGGCAAGCCGAATGTGCGCTCTATCGGCTGAAGGAGCTTCATGATATTGGTCGGCGAAAGGCGCTCCAGGAAATCTACCAAGAAAGACTACCCTCACTCATCGTAGCCGATACACCCGTGCGTGTCTCGATCATGGTAAAAGATCGTGCTGCGGTGCTGCGCGCCCTCCGTGCCCACCACTATTATCTTGATGATACTTGGTATGATAGTCCCATCGGCCCGCGCCGGCTTTATCCCTCTGTAGCCTTTCCTGAATCACGCTGTCCTCACGCTGTCTATGCAGCAGAACACATCATCAATCTCCCGACTCATGTGTCTGTCGACAAAACAACTGCTCGACATATTGCCCAGATCATCGCTGAGGTAGAAGCATGAACCAATTCAGGATGTGTAGCGATAAGGCCACGTGGGATCGCTATCTCGCAGATTATCCTGAAGCAAATTTTTTGCAGTCATGGCAGTGGGCAGAAACATATGCTCGGCGTGGCAATACCATACTGAGGCATACGCTCACCGATGATGGTGTAGTAAAAGCAGTAGTCGCTGGCGTCACACATACTGCCCGGCGAGGAAAATATTTAGAAATCGCTGGCGGACCTTTGGTTGACTGGTCCGACACTCGCCTCGTTACTCTCCTCATGAATCATATTGCGACATTTGCTAGAGAGCAGCGGTGCGTATTTGTGCGTATCCGACCACAAGCACAGACCGTTTCATTGACAC
CP064959.1_gap20	439125	443672	4547	AGCTGGGCTTTGATTACTGTTATGACAAACGTCTTTACGATGCTATGGTTGCTCGCGATGAGAGCGCTATCGATAATCGTCTCAGTGTACTGTCGGATGTCGCACCCCATCTGGTGTACTTCCTCGAGAATCATGATGAAGCGCGAGCAGCGACCGTCTTTAGTCCAGATGAGCAGACGCGGTATGCCCGAAAAATTATTACATCGCCAGGAGTTTGCTTATGGTATGATGGCCAATTTGTCGGCAATCAGGCGAAGCTTCCTACCCATATTGGACGTGCACCGATCGAAAAGCCAAACGACGAAATTTGCGATATTTACAGAGAGTTACTCGTCTAAATCTTTTTTCAGCGGGTGCTCACTACACTCGACAATGACACCCTCGAACGGGCGCAACATGATTGTGCCGTCTTCGGCAATTTCCGGATAATCAACCGGATGCGTACAACACAGAATACGTCCTTTATGTGGAAGTTTCACCGTATTATCAAGTCGTCCGAAATTGAGAGCAACGTAGATATGCTGATCACCCAACCAGCGAGCATACGAGAATACATCGGCCTCAAGCTCGCCAATCGCCTCATAGGTACCAGTCCGCAAAATCTCATAACGGCTTCTCATGCGCAGGAGTCGACGATATAGTGACAAAAAAGAGTCGGCTTCGTGTTGTTGTGTTTCAACATTGTGATGTCGTACAGACTCCCCTAATGGTAACCAGGGTTTTGCCTTACTAAATCCTGCATATTGACCCGTCTGCCACTGCATTGGTGTCCGCTCTGGATCACGCGTCGAATCGATATCTCCTGATGTAAACGCTCGTAGGTCTTGGATATCCTCCTGTTTAACTGGGGTATTGGGCATACCCAATTCGTCACCATAGTACACCGTCGGCAAACCGGGTAGTGACAGAAGGAGGAGTGCCATCAAACGGGCCTGCTCATCACCGCCCATTCTTGAGACTAACCGTGATTGGTCGTGATTACCAAAGCAGTACACGGGTGTATGCTCATCGGGATCAAGCATTCCCTGAAACTCAGTGATAAATGTGCGGAACGCATCGGCATAAAAGTCGGTCCACACGCCCTCGAAGTTAAATGGCATCGCTACTTTAGGATTGACACCATAAAAGCCAAGGTATTGCTCTTTTGTGCTGTAATTGGCGTCAGGATAGTCTTCGAATATCATGATACGATTATCGTATTCGGCAACAACATCAGTAAGCTCACGAAGATAGGGGAAAAGATTTTTCCAGAAACGACTATATTTATGAATGTAGTGGTTGTACTCACCCTCTGTCCCGTCCATCGCCTTTCTGACAATTTCTGTCAAAGGATCGTTTCGGAACTTCGGGTCTTTACTTAGCCAGCGTACCGCGTCCGCGCGAATACCATCGATACCGAGATCGAGCCAAAAGCGTACCACGCGTTTCATTTCATCGCGTACCATAGGGTTGTCCCAATTAAGATCGGGTTGCGCCGCCAGAAAGGTGTGGAGATAGTATTGGTTACGACCATCATCATACTCCCAGGCAGAGCCCCAAAAATACTCAGCCAATTGTTTGGTGGACCACCTCCAGGAGCGGGATCTCGCCATGTGTAATACTCTGCGTAAGGTCCCTTTCTTGATTTACGTGATTCCTTAAACCATTCATGCTGGTCACTGGTGTGATTTGGCACAAAATCGATCATGACGTTTATATTTCGTGCATGCGCTTTCTCGATGAGCTCCTTAAAATCATCTAGCGTCCCAAATAGTGGATCAATATCACAGTAGTCGCTCACGTCATAGCCCATATCTGCCATCGGTGAAGGAAATATCGGTGAAAACCATATTGCATCAATATCCAGCGAATCTTTTTGGCCTTTTATGTAGTCCAGACGGTCGATAACACCCCGAATGTCACCTACACCGTCGTTATTCGCATCCATGAAACTACGTGGGTATATCTGATATATTGCGTTCACATCTCGCCAAGAAAGACTCATTGCTTTTCTCCTTCATCATCCAACGCTGCATAGACGCCGTTTGTCCAGCCAAAGCCATCCTGAACCTCATACTCTCCGCCGCCACCCAGTTCTCCGGGATGAACAACGTCGTATTTTTCAATCATTTTTTGATACTTTGCATACACTAAGTCATTTGCGAGTAGCCAACGTCGTCGAATTTCATTAGCAAGTTCATGATACCCATACTCACGTAGGCCGTGGATTGCCACCCACTGAAGAGGCGCCCAGCCATTTGGTGCATCCACTGCTGCCCGCTTGTAACAAGGGTTGTTACAAGTCCACCGGGCTTTAGAAAGTCGGTTTCAATTCGCTTCGCTACAAAGGCTGCTTGCTCTTTTGTAGCAATTTTTGTATAGAGAGGAAACAGTCCTGCCAAGGTTGCTCGTCCACTTGAATTATATGTCGACGCGTCATAATCACAAAAAACCGTTCCGATTCATCCCAGCAATATCGCCGAATAGTCTCTGCTCGCCGCTCGGCGGCTTTTCGAAACGACGTAGCAAGGAGGGGCTGCTTGATAAGTGTGTATGCCTCTGCGATGGTGGATTCGAGCGTATAAAGCATACTGTTGAGGTCAACTGCCGCCATGTTTGTGGTCTGGATTGATTGAATTTCATCCGCCACGCGAAACCAGCGTGAGCTAAAATCCCAGCCACTCTCAGCGCCTGCCCGTAAGTTAAGATAGAGTTGTTCTTTAGCATTCTCGTCACTGATATTCTGAGCTGTCTGTCGATCCTCACGGCTCATCTCGGGACGTGGTGTGTGCCTATCATCAAAGTATCGCCCAAGCAGCGCACCGTTTGGCATTCGCACTAATCGATTGTAGAGTGTTGGGGTGCTCTGCTTCATTGCCTCCCGTCGTCCGTGCGTCCAAAAACGGTATTCGATAAGCAAATACGGAAGGAACTCAGCGTATGTCCGCGTACGCCCCCTACGCTTTGCTAGTAATATTATCATTTGAGCAAAAACGGCGGCTGGGAGCGACTAAGGAAATAGCTACGGCTAGCATTGGGGATCTTGCCATACCTTCGTAACATATAAGCATGGTTTCGTACCATACCAAGAAGTATGTCCCACTTATCGTCAGCAGCAAGACCGAGCATGATAAAGTAACTATCCCAATAAAACTGTTCGTCAAACCTTCCCCCGGCACGACATACCTATAGGGGAGTGCGAGTAACGAACCGTGTTGTTTTCTATTGGTGCGTTCTAGGTAGGGCCATAGTTGCCGTATATGTTCACGCGCAGTCGCCGCAGTAGCAGGCAAACTCCCTGACTTCTTGTTTAGGATAGGCTGTGCCTCAAAGTTAGTATCTACGAAGTCCTTGAGGGAAAAACCAGCCTGTTGCCGCTGCACTTCATATTGTTTTTTTATTTTTTTGCCCTTTGGAACCATATCAACAAATTGTTTTCCGTCACCCAAAACTTGAGTAACTTGAACATCTTTAAGAAGATCACCGTAGCTATCCTCGGGACTCTGAGGCGTTCGGCCCAGGGTACCCGCCACTGCAACATATGTCGATTTCACTTTTTCGACATGACGGCGAGATGTTTGTTTTTTTCGCAAAATGCGCCTAAACATATCTTACTATTATAGAGGTTACGGCTAGATTCTGGCAAGGTATTTATGAAATGCAATGTTATCAACATAAATGCTTGTGTTTTTTGCTACCTCACTGTATATTAGCGACATACACGGTGGTAAACAAAAAAAGGGGATGTCATGAAGACAAAAAAGAAAATCTACGTTCAATACATTGGCTAGGGCCGTCTTGTCTTAGTAATATGGTCTACGCTATGAAGGAGCTACTATTTGTTAGCTCTTTTTCGCTCGTTGGGATCGAGTAATTTTTTGCGTAGTCGGAGGGATTTAGGAGTCACTTCAAGAAGCTCATCATTTTCGATAAAGTCGATACACTGTTCGAGACTCAATTCAGTAAAAGGCGTCAGTTGTACTGTGCCATCACTCGATTTACTGCGCATGTTTGTAAGATGCTTTGCCTTACAAACATTTATCTCTAGGTCTTCTTGGCGAGTATAGAGGCCGACAATTTGTCCAGCATACACTTCGACGGCCGGTCCCAGAAATAACTCGCCGCGAGACTCTGCGTTCTCTAGCGCATAAGGTGTTGTCGTGCCTGTCTCGAAGGCGATCAAGACTCCCGATCTTGTTTGCGGCAACTTTCCGCCAAGCGGTTGATAACCATGAGGTAAGGAATTCATGACCACCGTCCCCTTGGTATCAGTAAGCAAAAGATTTCGTAGCCCGATCATAGCCCGTGTCGGCAAATGATAGGTAAGTCTCGTCGTACCACTACTGGTCTGTTCCTGCTTACTCAATGCTGCTCGACGCGTACCTAGTTCTTGACTAACAACTCCGACAAATTCAGCGCCGACCTCAATCTGCAATTCTTCAATTGGCTCCTTCTCGACTCCATCTTCGGTGATCGTAACAACTTGGGGCCGCCCAACTTCAAACTCATAGCCTTCACGTCGCATCGTCTCGATAAGCACGGACAGATGTAGTTCCCTCGCCCAGAAA
CP064959.1_gap21	449552	451501	1949	TACCGCACCCAACCACACGTTGATGGTGGTCAGGGCAATCATAGCGATGATCGCCTGTATGATTGACGATATCATCTGAGCGATGGTATCGAAAAAACGCGAGAAAAAGTACGCAAAGTTTTGCGCTTTGTCAAATAAGTCTGCTGTCGACTTGTCATCATAGCGCCAAAACTCAATTCGTGAAAAATGCAGATGAAGTTGATCACTTACCGCCGCGTCAATTTGATAACGTGCCAATTCGGCGATATAACGTTCGATGCTACTCCATGCAACCTGTACCATACCGATAGCCGCAGTGATGATGACGTAGGTTGTTGCCATTTCCGCACTGCCCGCTTTGCCCGCAAATGCATCAGCCAGCGCCGTTGTCGACAGTGCCGCAAAATACGCAGTCACAATCGGCAAAATTGCATCAATTAGTGCATTAAGTAATTTTACAAAGACGGCCAGTGGTGCAGCACGATATGTTGTCTTGGCAACACGCCACAATGCAACGAGCTTTTTTTGTACTGATAGTTCAACCACCGCCGGCACTACTAAGCCCCTTGCGTTTGGCTGGTTTTTTGTGAAGACGTACGTGTTGCAAGTTGTCTCTGTCGATAATATTCAGGCAGCACCACCCCGACCAGCGCAACAGCCAGCAGAACAGCAAAGCCGCACATAATCGATGGGATGCCCTTGATTGTGGCGGGGTCGACAATATTTACGGCCGTAGTAGGCACGATAAACACGAGATAGCCGGCTGCCAGACCTCTGAGCGCACGACTGATATGAGGAGCCGAGGCTTTCTTTGCGTGTGATAAACAATAGAACGTTCCAGCCAATAGCCAGCCATAGTAGTAGAACGCGTACCAGCCAATCGCCATGGGAGCAGACTGGAAAATAACATAATTACCCAAGCATGCGCTTGAAGAAATGCCGTGTCCTGTCAAAGCAAAGAATCCAGCAAAGAGTGCGGCGGATCCATAGGCGGCCATCAGCATCGTACGATTACGACGTCCGGCAATGCGTGACGCAAGATGAAAGCCGAGTGGTGGTAACAAAGTAATTGCAACATAGCCTATGCGTGCCCACGATAAGCTATCGACCCCAAAGCTTCCTTCACATATGTTGTACTCAGCAAGTTGAAATACGGCAAGGAAGAATAAGATCGCGATAGAAAGCTTTGAAACAGCATCAAGTGTGTAGCGCCACCCTACATACAGTGCGAGCCCTATCTCGATCATAAATGTTGCTAGCATCACTGGTGGCGAAAAGCATGACATTTGCAGTGGTTTGTAGTATCGCATGTGCCTATCATAGCAAATCTCTCCTTTTACGCACAGCAATCGTAATTGGTGTACTATTGACACTAAATTTTCTGTCTCGTATATTTAGTGTATAAAGTACACTAAATGAAAGCAGGTTATCATGCGCGAACGACAACATGAAATTATCGAGAAGCTCGGTGTCAAACCAATAATAGATCCACGCGAAGAAGTAGAACAACGTACCCACCTCCTTGCCAGCTATTTGCGCGAGCATCACAGAGCCGGATACACACTAGGCATATCAGGTGGGCAGGATTCACTTCTCGTGGGGCTACTCGCGCAGCGGGCGGTCATGCTCAATCGAACCCTTGGCTATGACTCGACATTTTCGGCAATACTACTCCCCTATGGCACACAGGCCGATAGAGCTGATGCGCTGCTAGCAATTGATACGATCAAGCCTGATCATACTATCGATTTTAATATTGCCTCCGTTGTGGACGCGTTTGTATCCTCATATGATGCCGCAAGTGGGGAATCATTGACCGATTTTCACAAAGGAAACGTCAAAGCGCGAACTCGGATGATGGCACAATATGCAGTTGCCGGCATGCATGATCAAGTCGTACTCAGTACAGACCATGCCGCTGAAGCCTTGGTTGGATTCTTTACAAAATTTGGTGATGGTGCCGCCGATGT
CP064959.1_gap22	476394	481080	4686	AAGGTCTCAAACATATTTGCGAAATCATTGTTTTGCTCCTTGTGCATTTTGAACTTTCGATACTCAGTACGATCACTAACGCCGTTTGTAAATACCACCATACTCGCGACAACATTTGTGCCACTCATATGGCTAATGTCGTATCCCTCCACTCGTGCCGGTATCGACGCTAGCCCCAAAAGTAATCGTAGATCATCGAGCGCCCTGTCCTTGCTGATATCCAAGAATTCTTTGTCGCCAAACATAATACGCCGCTGCAATTCTCGCAGATATCCGAGCCTATTGCGCAATTCGGCAGCAATCTCAAATTGCTGCTGCCGTGCGGCGCGATTCATGTCTCGCTCGAGTTCGCGAGTGATAGTTAACTTATCGCCCTCAATGTATCGTATGAGCTTTTTAAGACTAGATTTATATTCTTGGCTTGTCATATCGGAGCGCGGACTCAGCCCCAGATGAACATCAAAGTCGACGCGGTGTGTACCCGGCGGTTTCGTATAATACGGAAACACTTTTCGCAGGTATCGAAGAGCTTTTTTGAGAGCATGGCCATTATAGAATGGTCCGATGTACCGAGCCTTGTCGTCAGCTGGATTGCGCGTAAAACTGACATGTGGCCACTCGCTTTTTATGTCAATACGGACATACAGTTGGGACTTGTCGTCGCGAAGCAAGATATTGTAACGAGGCATGTAGCGCTTTACCATTTCGCTTTCCAAAAACAGAGCATCAATTTCGCTGTCCGTCTCAATCCAGTCGGTATCCTCTATCTCCGCCACCAGCGCACGCGTTTTGGCATCGATATCTCGATTTGCCTGGAAATACTGCCGGACACGATTTTTTAAGACCGCCGCTTTTCCCACATAAATCACTTCTCCAGAGGTTGATTTATGAAAGTACACCCCAGGGGAATTGGGAAGGTTTTTTAACTTTTGCGCGAGACTGGTGTTCATCCCACTAGTATAAGCCGAAGTGATCGCGGGGGTCTACTTTTTCTCGGCGCGCATCATACCAAGCGCCATACCGACAAATGCAGCTGATAACACCAAAAAAACTGATCCGACAGCATACTTTGATGCCAGCAGCGCAGTGCCGATTGGCAACATGGCGATGCCCAGTACCAATACAGCCGTTGAGTCTTGTGATGATTGCTTCTTATGCTTTTTCATACATCAAAGTATATCACATGCTGTTGCCGACTGGCACTAGAGATCGTATAGTAGTCATATGAAGCAAGTGTATCTGGAGAATAATTTCGCGTGCTAAAACGCTACTATCGAGCCATCGCCTCAAAAGACCTTGCCCTTCTGGGAGAGTATCGCGACAACGTATGGGTTCACTTGGAATCTCCCTCGCAAGATGAACTGGCTGAAGTTGTCGAACGATACGATCTCGTGCCTGGTCACCTAGAAGATGCGCTCGACGAAGACGAAGTGCCGCGGCTTGAATCAGAGGGCAAACAGACCTACATCTATGTACGTTATGTGGTTCGTGAGCGAACTGGTGATTTTGAGACCTTTCCGTTGCTCATCATCCTGCTAGAGAACGCGCTTATCACCGTTTCATCACGGCACGTTGCTCCGCTCGAGCCCCTTCTCTCTGGCAAGATTCCCTTCACCACCCGGGAACAGACGCGGCTGGTCTTGCTTATTATGCAGCGAATTACCGAGCAGTACGACAGCTTAACAGACAAGACGAGTCGAAAAATAAAAGCAGTTCGGCAGCGATTGCGCACCCATGCAGTGAGCAACCAAGATTTTGTTGATTTTGTCTTGATCGAGGATGAATTAAATGAGTTTTTGAGCGCATTGCAGCCAAACAGCGCTGTGCTGAGGCGGCTTTTTGTCGGTCATCGTTTGGCAGAGCAAGACCGTGATCTCGTGGAAGATGCACTACTCATGAACGAGCAGTCGGTCGAAAAATGTAATGATAACATCAAGGCAATCGTTGGGGTGCGCAACGCGCATAGCTCCATCAGCGACAACAGCCTCAACCAAACAATGAAAGTTCTCACTGTGGCTACACTCGCTATGGCAATTCCCAACATGATTTTTGGGGTATATAGCATGAATATCGAGACACCATTTCAGCATGATACCGGTGCCTTCTGGATTATCCTTGGCATTACGACAATTGTGCTAACGATCGCAATGTGGCTTGGTCGTAAAAAGGGTATTTTTTAGAAGTATGAACAGAGCTTTACTTATCAAAATCGTCGATGTGGCAGCGAGTATTTATGGGCGCATGCTTCGCATTCTGTTGGGAGCATGGCTTGTATATACTGCGTTCGGAACTCTTCGAGACCCCTGGCAGTGGATAGTTGGCGACCTTGGCTTACTGTTGATCGTCTCTGGCCTACTGGGTGCCTGTCTGCTCAATAAGCTAATAGGCAAACCAATTATCACTCGTCGCTAATTACGTTTTTTTGATTGATAGATAGTACTGACGTTGAGTTTCAGGCAAGTGCTCAATAGCATAACGTAGTGCCGTCCGTGGCATACCGCGGGCATGACGGTCGAGAAAATCACGCAGCAGTTGCTCGTCACAGCGTTTGCCGACTTCGCGGAGTGTCCAGCCAACGGCTTTATGCATCAGGTCTTCGCGGTCACAGAGTAGCAGTTCGGCCAAGTCGAGTGAGGTACTTGCGTCACCACGAGCGATATAGGCAAATGTACTAATGATACTGACGCGGCGCTCCCACAAGTTGTTGCTTTTCGCAAGTTCATACAGCTGTCCGCGATCGCCTTGTAGATGTTCACCAACGATCTGGCGACAGGTAACATCGACAAGGTCCCAATTATTGATATTTCGCTTGGTTAGCTCCTGCATATAGAGGTCAAATATGTCATTTTTCGCTTGATTTGACGCACGCGGGTATTGGAGTGTCAATATGATAAGCCCTGCCATGCGGTGCTCGTGTAACGGGCTTTCGATGAGTTTTTGTACCTCCCCGAGCGATAACTGTCGAAACTCTTTGCAAACCTTCCGAATCATCGGCACCCGTACGCCTAGGAATTGATCACCCTCACCGTACTCCCCCGGCCCCGTCTTGAAAAACCATTGCAAATTCACTGCATCGGCATCACTGGTGTAGGCCTGAAGCATGGCCTTAACATCTTCAGCCTTCATTGCACCAGCTCTGCTAGTTTACGGGCGGTGTTCACGTTACGAATGGTCATCTGCTGGTACAGTGGCGTACCGACCGCCCTGAGCAAGCTGCTGCGATGTTGGTTTTTGCGCTCTACAGAGTACAGCAGCGCACCCTCTACATACACCGCGGTTTCTATGTCTGCGTTGCAGCTGAGCTTCATGGTAATGGTCGCCTCATCGACCGCGGGGAACAGGTAGGCTACGTCTGACTTCTGTGTGGTGTCGTTTTGCCACCCTTCCGGAATCGCTTCGGCAATGCGGCAAATGTTGTTAGCGTCGAGAATAAGAAGCGGTATTTCAAACCCAAAGGCTGACAATAACGTATTTTGAATAGCGCTCACATTTAGCTTCTTGAGCGATTCGAAAATGACATTGCCAGAGTTTATGTACGTCCTGACATCGCTAAAACCACATCGCTCAAACACGGTCTTCAGCTCTGCCATCGACACCTTGCGGTTGCCCCCTACATTGATTCCGCGCAGCAACGCAACGTATTTCATAATGATATAGTATAAGAGTTATATCATTTCATTCAACCGTAATACGGAGAAAACACTTTGTCATTTTTACCCCTACTTCTGATCGCACTTGCCATATCGGCTTACTCAACCTACACCGGCGTCAAAGATTACGCCGAGCTCATACGCACAAAAGAAAGAAGCAGGTTATACCTGCGCTGGATTAGTCAGTCCTGGCTCATTTTTGCCCTCCCAGCAGCGACGCTTTTGCTGCTCGCTGGACACATCCACTATCTGTTTGAGCCGATTGCTCGCAGCGACAGCTCTGCATTCATCAGTCTGAGCGGCAATAGCGAACACGACACGAGCGTCATCATTGGCGTCGTGGTAGGGCTTCTCGTCGCAGCCTTCATTGTTGGCTGGCGAGTCAAACGTAGCCTAAAAAAGCGCCGCGAGGCACCGCAAGAAGCACTTATTCCTACTACAACCAAAGAGCGATGGTTGGCTGTCGGCATGTCGGTAACGGCCGGCATTACCGAAGAACTGTTTTTCCGCGCCATGCTGCCCGCGCTCCTTTTTCTTGTCACTGGCAACGCGGCCGTATCGATGGGTCTAGCGCTTCTTGTTTTTGGGATTGAGCATCTCTACGGTGGCTGGAAGGTTGTGCTTGCAACTACCGTCATTGGCTGGGTATTTCTGAAGCTTTTTATGAGCAGCGGAACTATTTTTGTACCTATGGCTGTCCATGCACTGCTCGATATTAACGGGCTCATTGTCATGCCATACCTTGCGAAAAAAGGCATATTTGGCAAACGCGCGTAAGACGCCTAAACCATGCGCTATACTGGTGGTATGAAAAAACGTTCACAACTCATCATCATACTTGCCTGCCTCATTGTCGTTGGCGCTGGCGTAACGTTCCTGCTGTTTTCTAAACGAAGTGATACCCCTACAAATACCGGCACAAATGACATCACAAAAGCCTTGCGCTGCGACCGCGCAACCGCGGACTACACCACAACCGACCCGCTTTGCACCAACACCGATTATGCCCGTCAGCTTTTCGAGCGGGGCATAACCT
CP064959.1_gap23	482863	483868	1005	TTAATTAGCATCAGTAGTCCCGCTCCGATAAGCAGTAGGGGCCACCAATCAGCAAACACAGGACCAAAGTTCAATACGTTAATATTTGAGAGTAAGATCATGACACCCGCGAGGATGATAGTGATGCCCGTGATAATTCGTTTCATAATACAATTATCATATCACCCATCGAGAAAAAGCCACACCACGCTTCACTACAACAAAACTAATCCATGTCTCAGTCAGGCCCTGGTCGGTAGCTCTTCTTTACATATCTGACACAAATGTACGTTCGTAGTGACAGGTATACCCACCGGGGTGCTTTTGCAAATAATCTTGGTGATATTCTTCGGCCGAGTAAAACTGCGTCAACGGCTCCAGACTCGTCACGATCGCACCGTCCCAGCGAGGCTGCGCCCGCCCAATCGCCTGTGTGGCCGCATCTTGCTGCACGTCATCAGCATAAAATATCGCTGAGCGATACGACTCGCCAACATCATTTCCCTGACGGTTTACCGTCGTGGGGTCGTGGATACGGAAAAAATAATCTAACAGTGTTGCTAGTGTCGTCTGAGATGGATCGTAACTAATCCGTAGCGCCTCAGCGTGACCAGGATGATGCTCATAGGTTGGATGGTCATTGCTACCACCAGTGTAACCGACTTCTGTGTCGACAACGCCGACTTGCGCGCGAAACAGCTCCTCCATGCCCCAAAAACATCCACCAGCTACAACGATTTGTTCAATCATACATTTAAGTATACTAGGTGTATGAAACAACCCATAAATCCCAGTCTAAACAGTGCGCAAGTTGCGGTACTCCGTGACAAAGCAACTGAGGCGCCGTTTAGCGGCAAATTTTTAGAGCTAAACGAAAACGGTACTTATGCCTGCGCCAACTGCAACACGCCCTTGTTTGCATCAGATAACAAATTCGACTCTGGCTGTGGCTGGCCGAGTTTCGACGATGCGCTGCCAGGCAGTGTTGAGTTCACCGACGACACTAGTCACGGTATGCAGCGTACA
CP064959.1_gap24	547025	548158	1133	ACAAGGTGCCGACGGGGTGGCTTATCGAACAGGCCGGCTTTAAGGGAAAATTGCTCCACGGTATTCGCGTTCATGACAAAAACGCACTTGTTCTCATCAACGAATCCGCGACGAGTTTTGCGGACCTCGCCAGCGCGCGCGACGAAATTGCCGGAAAAATTCGTGATACCTTTCGTATTCTTATCGAGCAAGAACCTCTCGAAATCTAGCCATGCTTGCGTTCACTGCTCAAACAACTTATGCTAGTCATATGGCAGAGCGCCGTGGGTTTACTATTGTGGAATTGGTGATCGTGATGGTTATCATGGCGATCTTGTTGACATTAACTATCAGCGGTGTTACAAGCGGTCAAGTCTCTGCACGTGATTCTGAAGCGCAAGGCCGACGCCGAAAATATCGCCCGGGGCCTTGAGCGATATTACAACGAAGTTGCTAAACCCTCTGTTGGGCGTACGGGTCGATATCCTGATCGCGCGACAGCGGTCACCGATATTGTTGCAAATAATGTGCTTCCTGATGTACCCAGTACCTCATTCGTTTTCTCTTTTAACCCCTCTGTCACAACCTTTCAGGTAGATCCCGATGCAAGTGGTACAACGCCCGCAGAGGACGCAGCCGATCTCAGTCGAATCGACACCATGACGACGATTAATTACATTACCTACGTCCCCATTACCTGGTCAACGGCAAACAGTCGCTGGGAAATCTGCGGTTCAGACGAAGAATGTACACGTTTCAATCTCTACTATAGAACCGAAAAAGATGGCGTGCTTCAAAAGATCGTGAGTAAACATCAATGACAAAAAAAATACTGAGGGCTTTACTGCCATTGAGGCACTTATCACGCTCATGGTTGCTTCTGTATTTCTATTTGCGTTTTATCAACTATACTCAGTCGTTATCAACGATGCGGGAGCTTCTCGCAACCGAGCAAAGGCGAGCAATGCGGCCTATGAGCAGGTACGAAAAGCCGGTTATCAGACCTCTCGACCTTGTGTCGCCGTGGCATCATCAAATGTTAGCATCCCCTCCGACCTTTCACTCCCCGCACCAGCGACAATGACCTCGGCAATTGACTGTCCTTACGGAGCGAGTGGTGTATCGCGTATCACCGTCACAGTAACTTATGGAAG
CP064959.1_gap25	628735	631038	2303	AAAGAATCATAACAAATACGACGCGCCGCTAACTCAATAGAATAGTCATCCGCTAAGATGTCTCCCGACGGCAACTCCCACCGATTGATACCTGGCTGTATATCACGTTTGCGAACAAGAAGCTTCCCGTAGCCATCTTGTATAATAAACGCCGCCTTGGTGATAGCCCTTGCAGATAATTCAGGATGATTTTGACTTGCTCGGAAAATATAGCCACATCCTTTTTGAGTCAAATAGTACGTATTTCTGTTTTTTCTTATAAAATCGTTTTCGACGAGAACTTTCAGATGATACGTAAAGAGATTGGTAGCAACTTTTTGAGGTTTCATATCTATAAAGTGAGCTGATTCGTGCGTCGATAAGTACGTAACAATATAGTGTTGAATAGGGTGTTTTGGAGAGACTAACTTACTCATAGATTGACTCAAAATTATTTCATTACTAATTTTTATCATACGTAAACACACTCATTTTGAAAAGCATTTGATAGAAATATACGGAATAACTGCTCCTAGCGAGCTATTTTTTCGGTACTAAAGTGCCCCGCCGGTACTGGTTCCCATGCGGTCAAAAACTCATCGAAGGCCTTTAGGTGGGTCGTGCGAATATTTGAAAAAACTTGTGAGTCAGAGAGCTGTTCAATCTCGCTACGAGATAGCCAGCGAATGTCTTGTGATTCATCTGCGGCCAACGGAAGTGTTGGCTCCGAATGTGTCGTAAAAAGATATACCGTATCGGTGTGCCAATGATCTGGAGTATTTGCGTTCATATGTGTATCTAGGAAAAACGGTTGCGGATGAATGGTGATGTCATCGATCCCTTCCTGATGTATTCTTAGCGGTGGCTGGAGGACATACAGATCCTTAATATCATAGCCAGCTTCCTCTGCAATCTCATGAATAACTGCATCCCATGGTGATTCATCCAGCTCAACATGACCACCGACACAAATGAGTGTGGCAAGTTTTTTGTGCATATGCAGGAGAGCCTTTGGCTCCTTGCCATCGACTCGAATGATATGTGCGGCGACTGTCATGTCATGCTGACCAGGATTGGTATGTATATGGGCCATATAGCTATTGTACCTCACCGTGTACCAACCTAGCGGAGAGATAGTGCACCTTTCTTCCCTCTCCCAGCCAGCGCTGCTCGTAGGTTGTCATAGTATAAGCATCGTCGTCGGACAATGAAGCATGAAGATCATTAGTTTCAGTAACAATACGCCAACCATTGTCAACGAGCTGCTGCTTACTCCATTCGAAAAACTCTTGATTGTCATGCTTAAGATGGAGTAGGCCCGTCGGGATGAGAAGCCGTTGGTAGCATTTCAGAAATGTGGCGTGCGTAAGTCGACGCCCCTCACTACGTTTTTTTGGAAATGGATCAGGGAAGGTTATCCATAACTCCCTCACGCTGTGTGCATTCAGTAGGTCGCCGATTTGATCAGCTCTCGCACGAATGAAACTGACGTTTGGGATGTTATTTTCGAGTGCATAGTACGCGCCTTTTTGAAGTCGATCACCCTTGACATCAATTGCAATTACTCTTGCCCTAGGATGGCGACGAGCAATTTGCGCACTAAACAGTCCGGTACCTGCACCCACCTCAATAACATCTGCTGGTGCTTTTTTCCATTCAGCGACCTCATAGCAGTTGCGTGCATTGCAAAATTTTGCAAAGCGATATTTCTTTCGCTTACGGGTTATAATGTAGTTCCTCGGATCAACTCTCTCGGTCATATGCATCCATTATAACTTTTCTCTCTGTTATAATAAGCATAAGTGGACTCAACCATTTTTACCCAACTCAGCTACGTGATTGCTATCGTTGTGATAGTATCTGTTATCATGCGCTGGCTGAGACAGCCGTTGATTATGGGATACATCATCACCGGTGTCATAGTCGGGCCGAGTTTCCTTCATATCGTAAGAAACCAAAATGCTTTTGACTCGTTTAGTTCTATTGGCATTACGCTCCTGCTCTTTATTATTGGGCTCGGTCTCAACACTAGTGTCATCAGAAGCGTTGGTCGTGTCTCATTCATCACGAGCATGTCAATCCTGCCAATCCTTGGCCTAACGGTGTATGGTATCTCAAGCTGGCTGGGCTTTACGCCAGCTAGCAGCGCGGTGCTTGCTGTGGCTCTGTTCTTTAGCAGTACCATCATCGTCCTAAAGATCCTCTCGGATAAAAAAGAGATGTCTCGGTTGTACGGACAAATTACCCTTGGGATCCTCTTGATTGAAGATGTTGTCGCAACTATTGCAGTGGTATTGCTCACGATGATTGCAAATCCAAGTGAG
CP064959.1_gap26	634445	636755	2310	GCCAATCGGCTACGCGAACTCAACCTTAACGTGATAGTTGTTGCGCCAGGGGAAACAAAACAAGTAGGTAATTTCAAACTCACTTTCACTGGCGGCCAGCATGCGCTCATTCACCCTGACACACCTATGTGTCGCAACGTCGGCGTGCTGATAAATGACGGTGAAGTGTACTACCCTGGTGACTCATTTGCGTCGGCTGGTATGCCAATAGAAACACTTGCCGTTCCCATAGCAGCACCATGGATGAAAACTGCAGAAGCCATGGATTATCTTACACAAGTTCGACCGAAACGCGCCTTCCCCACACATGATGCCGTGCTGAGCGAAGCTGGTAAACAATTCGCCGACAACTGGATGAAGCAGGCTGCCGAAAAATCCGGAACAATATATGAACGAATTTAGTTTTCCTATTATCCTTTCGCAAGACCAGCACGAAATGGGACTTGCCGAAACAAACGATGGGCCGATTCACTTTACGCGGCTCGCCGCTCGCGCTGTTCTCACGAATGACAAAGGCCAAGTGGCCGTGATGCACTTCACCAAAACCGGATCGTATAAACTACCGGGCGGTGGAATTGATGAAGGCGAAGAGATCATCGCTGCACTTGAGCGCGAAGTACTAGAAGAAACCGGTTATACGATAACTGACATTCGGCCGCTCGGCACGGTAGACGAAAACCGGTATTTTTGCGGTATGCACCAAGTGTCGTATTGCTTTACGGCACGGGTGGTCGACTTTGTGGGCACGCAGCTCACCGAAAAAGAAGCGAGTGAAGGCATGAACCTACGCTGGGCCAGCTCAATCGACGAGGCCATAGCCTGGATACAGAGTGGTAATACTGTCGACGAAGATGGCAGCGCCAGCGGCCTTGCCATGATGAAAACACGCGATATCGCAATACTCAATGCCGCCCGTACCCAGCAATCTACTTAGAACAATATACTACCTAATGCATGGGTCGTCCCAGCTATTTTCAGTTTTTACTAACCAATACTCATTGTCGTAGCGTTGTGAACTTTCAACAAAATATACTTGTAACCTCCGCAAACGTTTCGGTGTCTTCGCCAGATAATAATAGTCAGCAGTTTATTCAGGTGAGGGACAAACTACGGTCTTACGTGACTCAAGATATGTCATAGTAATGGTAGCGATGAGAATGATTATCGTGCCCACAAACTGCTGCGGCGTAAGCCACTCCCGGTAAAATAAATAGCCGAATATAAGCCCAAAAACCAACTCCATATCGAGGATAATACTTGCAGTCGTCGCCTTGACATGCTCAAATCCGTAATTACTAAGTAGGCTCATCCCAACACTCAATACCCCTGCCCCCAGAAGCAATACCCATAGCATCGGTGAAATGGAGTTGCTTGGTAGGACACTATGAGTTATCAAAACCGCCATAATATAATTACCCATTACGCCATAGGCTGTCGTGGCAAATGCAAGTTCATGGTTATTTAGCTCGCCCGTCTGCAATTTACGGAAAACGAATGTCAAAGAAAATAATGCTCCAGACGCGAGCGAAAGCAGTTCGCCATACCCAAATGAGAGACTCACTCCTGATCGTGATGCGACCAATAGTGCGCCGACAAATGCAAGAAAGATAAGACTGAACTTACGCGTTGTCATCGTTTCGCGTAGTATTAACCACCCGAATAGCGCCGTGGTTGGAATGACTTGCATTACCGCTACTGATGCAATCGACGCATACTGAGTGGAAAGTGCATACAATCCTGCCGCAACAACAAAACCGAGTAACCCGCGTACTGCCACAAGAATATGCTCGCGTCGACTAACTTGAAATAAATATGCAAAGCGAATCTTTCGATGAAAAACAACTACCATCAACACAAGCGCAATACTAAACCGGATATACCACTGTTCAAATAGTCCAATGCTGTCACTAAAGAAACGTGCCATTACTGCCGTGATACCGTAGATCGCTGTCAATACGATCAATGCCAATATGCCCCTTCTTACCCTATTCGTCTGCACGGCCAAGATTATCTGGTTTTGTCACGAGCTACAAACCGAGTTCTTTGAGCTGCACTGAGTCAACGGCCGAGGGGCTATTCATCATGACATCGACGCCACTCCCATTCTTTGGAAATGCGACAACTTCACGGATATTATCTTCACCAATCAATACCATGAAGATACGATCAAGGCCGAAGGCACAGCCAGCGTGTGGCGGTGCACCAAATTTGAATGCGTTTAACATCGCGCCAAACTTTTCTTCCACATATTCGGGTGAGAAATCAAGCAGGCCGAAAACTTTGTACAGCACGTCTGGGTTGTGGTTACGC
CP064959.1_gap27	773165	773972	807	CATGGGAAGGGAAGTAGATACGCTCCTCGCCCTTGCCTCATACGTACGGCACCATTTGCCCGGAACAGTCCTCAGTGTCGAACCCAATACACGTGAGTTTCCTGATATAAAGGGATGGCGACATTCAAATCGAACGATTTTGATACCGAATACGCTTGTCCTCGACCTGACACGCACCGAGAGTGAGCTTCAGGCTGATATGACAAAAAAGACCAGGCAGTATATCCGCAAATCTCAGCGCACGGAACTTGATTTTCGTCAAATTACTACTGATGAGGAGCTTACCGAATGTCTACGTATTTACCATGAAACGGCTGGCCGCGCTGAGTTTGCTCTCCATAGCGATGCGTATTATCGTGACGTCCATAGAAATCTTGGTGATGCATCTGTCATCATGGCAGCCTTTTATGAAGACAAGCCGGTTGCTTTTTTGTGGCTTGCAGTGAGCCAAGAGGTGGCATTCGAGCTGTACGGAGGTATGAATGAGGAAGGACAGCGACGAAGGGCAAATTATGCACTCAAGTGGCAGACGATCTTACTCTGTAAACAGCGTGGGGCTAAGCAGTATGACATGAATGGGCTTTTAAACGATGGAGTTAGTACCTTCAAGAAGGGGTTTGCCAGTCAGGAGACGATGCTTGCGGGAACCTACGACTATCCGTTATCGCCGCTCTATACAATTTGGAACCGAGCACTACCGATAGCAAAAAAACTTGTTCGCACTACTGGAAAGGTGTTGAGAAGACCCTAAAACGGCAGAGGCTGTGTCGTTACAAAATGGGAACGGCGCCCTGTCGGTAAACGATA
CP064959.1_gap28	783227	786265	3038	CGCGCAGGTTCACGCAGCCGTGGCTGCCTCCAGACGGACTGCTCCAACCCCACTCGGCGAACTCGTCGCTGAAGTGGATGGCGTAGCCGCCGATGAAGAACAATGAGAAGGGCATGCGCGCGCCATATTTGTAACTGTAAGCCGCGGGGTTTCGGTAGTAGACCCGGAAGACACCCCGCGGGGTGTTCATGCCGGGGCGACCGAAGCGCGCGTCGAGCGTGCCGGTGACTTGACCGTTCACGACGACGAACAGCTTGTTGGCACCGGTGCTCGCGCAGAGCGCGATGCCCTTGATCTGGCAACGCGGGTCGATGCCGCTGATCGCGGGGTAGGCCGGCGCGGCCGGCTTGACGACCTTCTTCTTCGTCTTCTTCTTGGCTTTCTTTTTCGCCTTCTTGACCTTCTTCTTGGCGGTCGTCTTGGTCGCCACCACGCTGTGGTAGGCGGTGGTGACACCGGACGAGACCGGCGCGGCTGTGGCCGAGCTGGCGCCGACGAAGCCACCGAGCAAGCTGACGACGAGCGAGAGGATGGCGATGAAGGCGAGACGGATACCGAACTTGTTTTTGCTGATGATGGGGTGCATCCCCACCACCTCCTTTTCTTTGGAGTCGGGGACTGACTGTGCTACTTTAACATGTTATAGATAGTTTGTCTATATAAGAAGCCGAACTCTATAAAAAGCGAATGGCCCACCCCGTGAGGGATGGGCCATTGCCTGGATGGGGTACTAGCGGCGCGTGAGGGTTGCGCCCTCGGGCAGTGCTTCGAACTGGGCGTATTCGGGTCGCGGCGTGTTGTCGCCACCAGCCCAGTACTGCCCCTCGCCACGCTTGGCGATCTGGGCCGAGCAGTGACGTGCAATGCCGTCCGTGAGCTTGTCGAGGAATTCGACCATGACCTTGCGGTCGTTGGCCTGACTCAGCCCGCTGCCGGCACCGGGGAAGCCGCGGTGAACCACGGCGTGCCCGAAGCGGAACTGCCCGCTGCCGAGTCGCCAGGGCTCCTCGGCGAAGACGGTCTCCATGGACACGCCGGGGTTCAACTGCATCCAGTCCAGTTTGGCCGCGGCGTTGACCAGGCGACGACGCGGTCCATCACCGAGGTGGAACTCCAGTAACACGTCGTCGAGGTAGGGCCGGCCGTGCTCGCGTACGGGGCTACAGACCAGGCCGCTGTAGGTGGCGCCAGGTTGTTCCTCGCCCTGCTCGATGAGCCAGGCGAGGTACCAGTGCACGTTGAACATGGCTCGCCTGACGGCCTGATCAAACACGTCGATGTCGCAATCGAAGGGAAGGGCGTCGACGTGCAGACGGAAGCTGTCGGTCATGATTTCCTCACAGGATCGAGCTCTGAACCCCCATGGTTCCAAGCAATATGCTAATTATAGCATAAAAACTATAAAACAACAATACCCTAAGGAGTACAAAGCAAAACAGCCCGCTCGTTATTGACGGGCAAAAATCTCTTTGAGGCTGAGTTTGCGGCTGTATTCGAGTGCGCCAAAGCGGAAAATACGAACGGCAATGCTCATTACAATAAAGGTGGTGATGCTCAGAATGACGATAGACAGCCCAATTTCCCATCCCTGGAGATTGCCCAGAGCATTTCGGAGGAGGAGGGGAATAGGAGCGGTGAAAGGAAATAGTGTGAGAAATACAACGAACGAGCTGGTAGGAGCGGATACAAACAACGAAGCGGCGTAGAGGGGCCCAAAGATGAGCATCATGACAATGCCAAAGAACCCGCCTGCTTCTTTGGCTGTTGGCACAGCGGCGCCAATGGCGACAAGGAGTCCAGTAAACAGCAAGAAGCTAAGGATGAAGAACAGCGCTCCGAGCAAGATGCGGGTTGGGTCAACTGGCAGGGCAGTGAGGTCGATTGAAGGGAGTGAGAGTTTTTCGCGGAAGCCAAAATAGCCGATGAGCGCGGGGACGACAATAACGACCGCCTGGATTACTGCCAGTATGACAAGCGAAATGATCTTTCCAATGATGAGCGTGCGAGCCTCAATGGTGGTGAGAATCATCTCGATAACGCGATTTTCTTTTTCTTCGGTGGTGCTTGTCAGCATTTGGTTGCCAAAGAATGCGATAAGGAGATAAAACAGCACAAGAAAGACTCCTGGCAAGATCATCTGCTTCACTGCATCGTAGGGGCACCATTACGGTAGATAATAGTGTTGTATGTCGTTGTATCTTGCACAACGGATTTGACTTCTGGTGAGACAGTGGCATTTGCTGACATGCTGAGCAAGTTCTTGGCAACCCCCTCGTAGCGCCCGTTATCAAAGAGGCTGACGTCTTTTCCATAGACTTCAACGGGAGTCTTATCGATGTTCTCGGGGTAGTAGAAATAGGCATCTGTCTTGCCAGCCTTGACATCCTCGATGCCTTGGTTTTTGTCAGTTACCTGCTTGATATTGAGGCCACTCGCAATAGTAGGATTGATAAGTTTCGAACGGTCGGTCATCTCAATAGTGAAAGACTGCTTCTCGAGTTGTTTGGTGGCATCGTCCGTCGTCTTGTTTGAAAAAAAGATGATACCAAACAGTGCTACAAGCATAATGGGGAACCCAAGCGCCATAATCCAAAATGATTTTTTCTTGAGCGTGCGGAGTATTTCAAATTTGATGACAGTCGTAAGATTATGCATTGTCTTGCTCCTCTTCTTCGTTCTCATCGCCGTATACTTGGACAAAGATATCGTCGAGTGACTTGCCGCCAAACTTCTTCTTTACTTCTGCGACCGTACCGTAGGCGTGAGCCTTACCGTCTTTGAGGAGAATGATTCGGTCGCAGAGTCGCTCGACTTCCTCCATCTGGTGCGTCACCATAATGACGGTGGCCCCTTTTTGCTGGTGCTCCTCTATAATGTTCATGAGCAAACGGCGGTTGACTGGGTCGAAGCCTTTTGTCGGCTCATCGAGAATGAGCAGTTCGGGGTTGTCCATAATCGTAATGCCAAGTTGGATCTTTTGTTGCTGTCCGCCTGATAACTTATCGAGACGGGTTGCTGCTTTGTCGGAGAGCTTGACT
CP064959.1_gap29	797052	801201	4149	GTTCTCTCTCTATCTTCGAAACGGAGGGTGAAGGGGCGACCTAACGGGAAAGATGAAAATGGCGTATTAAGCGACCTGCCTTCTGCCACCACAATTTCTAGCATATGAAACGAGCCTTCTTCCACCTGATGCTTGGGTAACTCGTGAGTCATCTCACCTCCTTTTTGGCTAGTGTACCGATGAGTGGGGGTCGGTGTCAAGCGTAAGCTATTGCAGGGTACGTTTGACTTCGACGTAGGCATCACGAAATGCCATGCCCTCCGCGACACGTTTGTTGATCTTTGCAACGGTATAGAGCTCATCGGTCATAGCAGCGTCGAGATGTTTTGTGTTGAGCATGAGATTGCGAACACACAGTGTGAGAACCTCAAGCGTTTGCTGGGCTGATTGGCAGGCTTCGATGGTGATGGCTTTGGTAAGCTGGAGATCACGGTGATAGCCGCTGCCAACCCCGGCAGTAATTGCGTGTAGTTTTGTGATATGACCTGAGTAGGAGTGGGCGGTTGCGCGCATAATTTCAAAGACATCGTAATTTCTTTTGTGAGGCATAATCGACGAACCAGTCGTCATACTCTTTGGGAGTGAGAAGAAATTAAACTCTTGTGATGTAAATAACAGCATGTCCTCGGCAAACTTCCCCGCAAAGACCATGAAGGGGACAAAGGCCTGTATGGTGATGAGTTCAAATACTCCGCGTGACAGACCGCAGTAGAGAGGGTTATCTTGCACTTTTGCAAAGGAAAGCTCTTTTGTTGTCATCTCACGGTCTAGAGGAAGTTCGATACCGAAGCCGGCTGCCGATCCGAGCGGGTTTTGGTCGATGAGGGCAAGCGTGTTTGTGAGATAGGGCAGGGTGTCGGCAAATGCATCACGGTACGAACCGAGCCACAATGCCACAGTCGTAGGCATGGCTTTTTGGGTGTGCGTATAGCCGGGCATCGCTTGCGATCCAGCCGCTGCGATCGCTTGATCGTAGGCATCGCATAGCGTGGTAACTTCAGCGCTGATCGCCGAGAGCTGATCCTTGAGGTACAGCCGCATCATCACGAGCGCCTGATCGTTGCGGCTGCGGCCAGTGTGAACTTTTTTGCCGATCGGGCCTAGTTTGGCGGTGAGGTATTTCTCTATAGCAGTATGACCATCTTCGTCCTCTGATGTAACTACAAAAGTACCTTTCTGCCACTTATCGTAGAGAGCGTCGAGAGTATCAGCAATTTGCTTATATTCATCCCGAGAAAGGATACTGATACTCGAGAGCATGTGGGCATGTGCTTTTGTGGCGGTGATATCGTAGCCAAGAAGTGTTTGATCGCAGCTACGGTCATTTCCCACCGTGTAGTGTTCGACAAGTGGGTGGAGCTCATCGTCATCAATTTGCCAAAGTTTAGTTGTCGTCATAGGTAAATACTCCGTATGCAGTTTTCTGGGCAAGCGTGTAAATCTCAATGAAGCCTGCTGATGCATTTTGATTGAATGCTTCGCTGGTGTCAAATGTGGCAAGACTATGGTCGAATAACGAATGAGGTGAGGTGAGACTAACAACGTTGGCATGTCCCTTGTGGAGTTCTACAGTAACCTCCCCCGTCACTTTCTTATTGTGATCGTCTATGTACGCTGAGATGTGATGAAGCGTAGGTTCGTGCCACTGAGCGGCGTACACCATGTAGGCCCATTTGGTATCCATGAGACCTTTCAATTCGTTCTCGACTCTCGTTGAGACGAGTTGCTCAAGTTTTTTGTGCGCGGTGATAAGGATGGTCGCGGCGGGATTTTCGTAGACCCCTCGGACCTTGAGTCCCACCAAACGATCTTCGATAAGGGTGACTACTCCGACACCGTGTGTCGCGCCGATCGTGTTGCAGGTTTCGATGATGCCAGTAAGAGACTGAGGTTTGCCATCAATCGAGACAGGGACGCCGTTTTTGAAGCCAATGACGATACGAGTGGCGTCTTGAGGTGTCTTGTCGAGGGGATTACACCAACTCAAAATGGCGTGAGTTTTTGGGATGAGACTAGGATGCTCGATCTCTCCTCCTTCGCTGGTGATGCCCCACATATTTTCGTCCTTCGAGTAAGGCGAATCAAGGGTTTGAACGACAGGAATATCGTGGGCGATGGCGTAGGCGATTTCAGCCTCGCGCCCCATGCTCCACTCACGAACAGGTGCAATGATTTTGAGCGAAGGATCGAGCGTAGTGATATAAGATTCAAACCGCACCTGGTCGTTACCTTTGCCAGTCGCACCGTGTGCAATAACGTGACAGTTATTTTCTTTGGCAAATTTGACCGCTAACTCAGAAATGATAATTCTCCCAAGCGGTGTACTCAGCGCATAACCTCCCTGATAGTCGGCGTTTGCCTTGATGGCGTGCGAGAGGAATTTTTCGGCGAATTCTTTTTTTGCATCGTAGGTAATGGTTTTTTTTGCGCCAAGTTTTTTTGCTTTTGCCTCGATTGCTGTGAGGTCGTCGGCCGTTTGTCCGATATCAATGGTGAGCGTAATAATCTCGCAGTGATACGTTTCTTGTATCCATTTCAGCATAACTGATGTATCGAGACCCCCCGAATAGAGCAGCAGGCAGCGTGAAAACGTGTTTGGGTGAGCTTCGTGGCTGGCAACTTTTTTGTAGTTTGTCACTTCTTTGTTCATGGTAGGTCCCTTCTTGTGATAATAAATACGCCCTCTTGGTGCGAGGGCGCGATTTTGGTTCAGATGATATATACGAAACATGCCCTCTTTAATGGCGAAGGCGACGACGGAAATCAGCAAATTGGTGATAACTCATGGGCTTAGTATACAGTGTGTCGTGAAAAAAATACAAGTACTCTTTACATAGCTGGACTGAGGCACTACAATGGATCGACAACACTGAAGCAGTCAGATAACAACCAAAGAGGTGAGTGTATGTCGGCAGGAGCGGTGATAGAGCAATACAAACGGTGGGGAAATAGCGTCGAGCTACGCGTCTTTGACCATTTGCCGTATCAACGCCGCCTTGAAATCGCGCGAGCTCTCGCAGTTGCAACGACGAGCAGCGCTGAGCAACCACTTCAAATGCTGCCGATTACACCCGAGGAGGTGTACGCGAAATACGCGGGCGTGGTCGCGCTTGTTGACGGGCAATTTGGCGGCTATGTGGGAGCCATGCAGCCGCTTAAACATGGAGTAAGGACCATGTCTGAGGTAGGCTCACTATGGGTACCGGGCGAATTTCGTCGACATGGTATCGGTACGTCGCTGACCAAATCAGTTAGTCGCCTGATACAGTTGGACGGCATTACGCCGTACGCCTTCTGTAATCCTTCGAGTAAGGGTATTTTTGATGCGAGCGGTTACCAGGAGCGTACGCTCCGTGATGTTCCCGAGGAGGCAGGATCGCTCTGTGCCCGCTGTCCAAAGCTGGGAGCGAGAGTGCTTGGTGTAGAATGTTGCGATACTGTTATGGTGTATGAGGAACAGCATGACAAATAATGTGCTCGAACACACCAAGGAACTCGTCCGTATTGCTTCCGTTTCCGGGAATGAGACAGAGATATTGGATTTTATCCATCGTTGGGCGACAGAAGCGGGGCTCTCAGATATCCATGCTACCAATAGGTTTGTGTGTGGTGTCGTACGCGCTAAAAAGCCAGCGAGGCGTGCATTGATTCTTTGCGGTCACATTGATACCGTTGCGTCGGGTGAGGTCAGCGAGTGGTCGCATATTCCTTGGGAGCCTGTCGAAGCCGATGGTCGGCTCTCTGGCCTGGGTGTCGGTGATATGAAGGCCGGTGTGGCGATTCAGATGGCCTGTATGGAATCTGCAGCCGCACATCCACACGAGTATGATCTATGGATAGCCGCAGTTGCTGCCGAGGAAGTTGATGGCGCAGGTGCGGCTGCGTTCACTGATTACTTTGAGTCAAAGACAGACTATCAAGAGGTAAATTGTATTATCGCCGAGCCGACAAACGCTAGTCGTGTCGAGGTTGGTCACCGAGGTAATCGTTTTGTAACCTTTAGTTTCTCGGGAGAGGCTGGCCATGCGTCCCAAGAGCAGCAGTATGCTATTTCGTCTCTGCCGCCGCTCGTTGCGATGCTAAACGATCTTGAAGTGATTCGTGAGCATCTGCGCCGCAAGTATCGCAGTGAAGTAATGGGTGTACCGT
CP064959.1_gap30	885919	888068	2149	CCAGACGTTGTGAGCCAGATACAGAGAGTTGCAATGATCGGACTCTTCATTACCATTATATTGACGTTACGCATGCTTCCCCCGAGGCCTAGTCACCACAAGCGGCGGCGAATGGTATGGATCATACTACAGTGGATACTTATTCCAGTAACATCGATCGGCTACGGTTCGCTCGCAGCGTATAACGCTCAAACACATCTGATGACGGGGAAATATCTTGATACCTTCGATGTCACTGAGAAGGCCACACTGGCCTCGCGCGCGCGCGCCAAAGAGCAACGGTCTTCGGCAAAAAAATAATTGATCACTTTTGAGGGATCAGATATCGCACAACAAAGAAAGCTCCCGTAGAGGGAGCTAGCTATTAATCAGTCACTAGCAAAAGACCAAGCAGGAGACTAACTAAAGGGAACGGTTTTTAACCGATTTCCGAATGTCTGTCCAGGTTACATCGTACTCAAAAGAAAGATCGAATAGTGTAAGTGCAGAGGGTTTGAGGTTCTTTTTTGTTTGGGGAGCATCTTTACTCATGTAGACATTTTAGCATAAGCGTTCTTGTTTGTCAATAGACCAATAACTTGCCCAATATATCACAGAATGAATAATTACTATCGATTATCACCACTTTGGCTAGTGGAAAACTCCCGGAAAAATGAGGATAAAAAGAAACACCGCTTCAGTGGTTGAAGTGGTGTTTCTCTGGTGGGCGATAGAGGATTCGAACCTCTCACCTCGTCTACGTCAAAGACGCGCTCTAGCCAAATGAGCTAATCACCCAAGATGATACTATAATAACAAACAGAGGCGGCCGTTGCAATTATACTGTGTTTTTTGTAAGATAAGAGATAAGCAATGAAGCAGACTAACCACCTGCAGAGCACGTGGAAGCGATCGCTGGGCACACGAAAAAGCCTAGGGGTAAGAGTAACGCCAAGGTGGAACCTCCGCTTAGTAAGCGGACCGAGGCACGCGGACACGATGTGAAACATCGGCAAAACGCGTGTTTTTAATTATTATGGAGGTTATATATGAACCAAGAACAGCTCAATGCGATGCGTCATAGCCTTGCACACATAACCGCTCAGGCGGTTCAACGCCTGTGGCCAGAAGCGAGGTTTGGTGTTGGTCCCGTGGTAGAGAATGGCTTCTACTACGATATCGATGTACCGGGGGTTAAGATATCCGAAGACGATTTTGCCAAAATCGAAGCCGAAATGCGCAAGGTAATTGAGGAGAATTTTTCTTTCGAGCGTAGCGAAAAACAAGTTGACGAAGCGATCCACTGGGCCGAAAATGCAAAGCAGGTGTACAAGGTAGAGCTACTTAACGACCTTAAGCGTGCCGGCACAACAGTTGCCAAGGATCTAGATGCTTCCGAGATGGGCACGATCGCTGAGGGTGACGCCGCGGTAGAAAACGTTTCATTCTACACTGATGGTGATTTCACTGATCTTTGTCGTGGTCCGCATGCCGAAAGTACTGGCAAAGTTGGCGTCTTCAAGCTTATGCGTGTGGCGGGTGCCTACTGGCGCGGTAAAGAGACAAACCCCCAGATGCAACGGCTTTATGGAGTGGCTTTCGCTAGCCAACAAGAACTCGATACTCATCTTAAAATGCTCGAAGAAGCAAAAGCTCGTGATCACCGTAAACTAGGCAAAGAGCTCGATCTCTTTACGTTTTCTGAGCTAGTCGGACCCGGTTTGCCACTCTGGACTCCACGCGGCACAATTCTACGCAATAAACTGGATGCATTTGTGCAGACTCTGAGGGATGAAGTTGGCTTCGAGCAGGTTGCTATTCCTCACATAACCAAGAAAGACTTATATGAACGAAGCGGACACTGGGCAAAATTTTCTGACGAGTTATTCATTTTGGTCAATCACGCCAAGAAACTAGCGACGAGATGGCCTCAAAACCTATGAATTGCCCGCACCACACACAGATTTTTGCCTCTCAACCGCGCAGCTATCGCGATATGCCACTCCGTTTTCTCGAAACCACCACTGATTATCGCGATGAAAGAGTGGTGAGCTAAACGGTCTAAGTCGAGTGCGATCATTTAACCAAGACGATAGTCATATTTTGTGCTTCGCAGGTCGAGCATGAAGCGCTGGCTATTTGGGATATAATTGACAAATTTTATGGTGGG
CP064959.1_gap31	889068	893891	4823	GCTGGAGGCCAAAATTGTGACTAGGAAAGATTCTACAAAAACTGATCTACCTCTTATTGTTATTGTGGGTCCAACGGCTAGCGGCAAGACCGCACTTGCGGTGCGCCTGGCAAAGGAATTTGCGGGTGAAATTATCTCTGCCGATTCACGTGCAGTCTATAAGGGGCTTGATATCGGCACTGCCAAGCCGACACACGAGGAGCAGGCTACTGTACCACATTGGGGTATCGATCTGGTCGAGCCCGGTCAGCGGTTTACAGCGGCAGACTTCAAAGAGTATGCCTTGCAGAAAATCACACAGATTCGTGCACGTGGCAAAATACCCTTTCTGGTTGGCGGTACCGGACTCTATGTCGATAGTGTAGTTTATGACTATAGTTTTTGTGGTGAGTCAAATGATATGCAGAGCCGAGCTGAGCTTGAAAGGTCTACCCTAGAAGAACTTTATATATATTGCCATAAACACAACATTAGTTTACCGGAAAATTACAAGAATAAACGACATGTCATCAATGCAATTTTGCGAGATGGCCGTGCTTTACAGAGAAGTGTGACTAAATCTGACAATACAAGAATTGTGGGTATAACAACGGAAAAAGATATTTTGAGAGAGAGAATTAGCCATCGCGCCGATAGCATTTTCCGGGATGAGACTTATCTGGAGGCAAAAATAGCGGCAGGGAGGTATGGCTGGGACAACGAAGCCATGACGGGTAACGTTTACCCGCTACTCAAGCAATATTTCAATAATGAGTTGACGCTAGATGAGGCGAAAGAACGATTTACTGCACTCGATTGGCACCTTGCCAAACGACAGCTCACATGGTTTCGACGCAATCAAGAAATAGTATGGTTGTCACTCGATAACGCGTATACGTATATTGCTCAGCTACTCGTCCCCAAGAACAAATAGTGATATCATGGAAACAGAAAACAATAGGGGAGATGAATGATTGACGCATTATTTGGTTCAAAGACGAGAGTGAAGTTACTTCACCTTTTTCTAAATAATCCAGGCAAAGCGTTTTATGTCCGCGAGATTACACGTCTTATTGATGAGCAGATAAATTCTGTTCGTCGTGAGCTTTCAAATATGCTCGAAGTTGGGATAATCGGGAGCTCTAGTACAGACAACCGTCTTTATTATGAGGTAAACCAACGCTATGAGCACTACCTACCGTTTAGAAGCATGTTTGCGGATCAAAAGGCACCCCCCGTGTTAGAAAGTAAATCTGACTCTGCTCTACCCTGGCTAAAGTATCTTCGGGAAATAAAGGGTGTGCGTCTCGCGGTGATAGCCGGTGTTCTTGTTAGCGGATCAGCAAGCAACATTGATCTTTTGCTTGTAGGGGATGCATCTGAGAAAAAAGTTACGGCGCTTGTTAGTATAATTGAAGAATCTGTCGGACGTGAGCTAAGCTATACAGTAATGAAATACGACGAGTTTTATTACAGACTTAGCGTTCACGACAGATTTATTACGACAATATTGGCAAATAAGCATTCGGTATTACTTGATTCCGACAACATACTGAACGCATAAAGAAGGAGATACGCATGTTCGAGATCGAATACAAGGGCGCTAATACAGTGGTTATATCAACGAAGAAGACAACACTTGTTGTTGATCCTCGACTTTCAGTTGTCGGCCTCAAAGACATAAAGATAAAAGATGAGGTCCAGCTTGTTACTGAGCCACGCTTCAAGGTTGAGAACCGAGAGGCTCGTATAATTATCGACGGCCCTGGCGAATACGAAGTCGGCGATTTCGCGATACGTGGTGCGACGGCACAACGGCATATTGATAGCGACGATAGTATAAAGCAAGGTACGATCTATAGGATAGAATGTGGGGATGTGAGGCTTGGTATTTTTGGAAACATTTCTGCAAAACTTAGCGACGAACAACTGGAGACGATCGGTGTTGTCGATATCCTGATCTTACCAATAGGTGGTAGTGGATACACTCTTGATCCTACGGACGCTATAACGCTTATAAGGAACATTGAGCCAAAAGTGGTAATTCCTGTTCACTATGCTGATTCTGGGCTACAGTATGAGGTACCACAAGAGACGCTCGACACGTTTACAAAGGAACTTGGGGCTCCGTGTGAAGAAGTACCGCGCTATAAACTAAAAGGTGCTATAAGTATTCCTTCATCTCTGACTGTTGTCGCTATTAGCCGCACATAACAACTGGGGGTTCCCTGGCAGGAGGGAACCCATTAAACTTTATCGCTAGAGTCTTATTATGCGTATGTGTTTTGCGAAAAACTAGCAGCTACTTGCCTCCAACAGCAAGAAGGCCTTTTTTCTTTAAGATACGAATTGCTTGAGTTGATAAAGTCATCGTTACTTTCTTGCCATCAACAGTAAAAGTCTTCTTTTGCAAATTCGGTTTAAATGCGCGCTTTGTACGTCGAAGCGAGAAGCTTACATTGTGGCCGAATTGTTTGCCTTTGCCGGTGAGTTCACATCGTGACGCCATTTTGGTTACTTCTCCACTTAACCTATTATTATAATCCGTCTTATTTTACTCTGTTAAGAGGTTTTAGTCAATAGTTCCGCATGCTATACTTAAATAACTATGGATATTGGGTATATATTTGTTGTTATTGTCGTTATCCTTGTTTCGATGACCTTGCATGAGGCAATGCATGGTATGGTGGCGTATTGGTTGGGAGATCATACGGCTAAACTGCAGGGCCGGTTGTCGTTTAATCCGCTTGTCCACATTGATCCTTTTTTGACTCTCTTTCTTCCGGTTATACTTGCGCTGACCGGTTTGCCTATTTTTGGTGGGGCGAAGCCAGTTCCTTTCAATCCGTATGCACTTAAGTTCAAAGAGTGGGGTTCAGCTCTAGTCGCAATAGCCGGACCTCTGACAAACTTACTCTTAGCTTTTGTGTCGTATGGGTTATTTGCAGTGGTTCATAGCTCTGGAGATTCTTTTGTTTCATCTGTTTTTGCTACTAGTGCTATTGTTAATCTTGGTTTTTTTGCATTTAATATCCTACCTTTTCCTCCACTCGACGGATCACGTGTTGCGTATGCGCTTGCTCCTGATTTCATGCGCCGAGCTATGGAACGTGTGGAGCAGTATGGACTATTCCTGGTCTTTGCTATTGTTCTTATTGCGTCTCCAATTCTGTCTGATGTCATCATGTTCATCAGCCATTTTTTCCTAAACGTATTTTCCAAGGTATTTGTCGGGATTTAGAGATAGGAGTATAATAGTGATGTCCCAGGAACCATCAAGGCGTGTATGATTTTCCTAACATCATAGATATGGGATTTCAACATTTATCACTCTCGAGGGAGTGGTGTGAGAAAACCCACCTTGCATATATGCGGGGAATATCTAGCGCCAACGATGCTGGGACTTTTTTGACTTAACGGGATGTGGCGCAGCCTGGTAGCGCGCACGGCTGGGGGCCGTGAGGTCGCAAGTTCAAGTCTTGTCATCCCGACCAGGAATCAAATAATAAATTGGCAAAAATAATAAAGAAACACTATACTAGTCAGTAGCAGTTGATTAGGCAATCGCTCGCCCTTGACGGGCTAGAGGAAAGTCCGGGCAGCATAGGATACAACAGTCGCTAACGGCGACCGGGGGTGACCCTAGGGAAAGTGCCACAGAAACGATACCGCCATCTCAAACAACAACTTGTTGCGACTGATGGTAAGGGTGAAAGGAGTGGGGTAAAAGCCCACAGTCGACCGCGGTGACGCGGAAGAGAGGTAAACCCTGTTGGCTGCAAGGTGGCTGGTACACATAGGGCTATCCGTCCGTGCCAACCGATATCCGCTTGATCCGCCTGGCAACAGACGTGGCTAGATAGATGATTGTCCTCGACAGAACCCGGCTTACAAATCAACTGCATATAAAAATCTCCGCATAACGCGGAGATTTTTATATATACCACAGAAAATGTGTTATTTTGAGACACTTTTCACGAGCGAAGAAAACGCTTTCGGATCATTCACTGCCAATTCGGCGAGTACCTTACGGTCTAGTTCGACTCCGGAGGCTCGCAGACCGGAAATGAGTTTACCGTATGTTGTGCCGTTTTCCCTTGCGGCGGCATTGATACGAGTAATCCATAGACTACGAATAGTTCGCTTTTTGTTGCGACGATCTCGGTAAGCGTACTGGAGCGCACGGATAACTGCTTGTTTGGCTAGGCGAAAGCTTCGAGTACGATTATGCTGCATGCCTTTTGCGGCAGCTAGGGTACTTTTGTGACGTGCGCGTGCTGTTACACTACGTTTTACTCTCATGAAATCACACTCCTAGAACTCGTTTAATGTTTTTTGCCATACTACCCGATACCGTAGCAGAGGTATTAATTGTACGCTTACGCGACTTACTCTTCTTGGAGAGCATATGATTGCCGAACGCGCGTCGGCGGGTAAGTTTGCCGGTACTGGTTAGCTTGATTCGCTTAGCAGTGCCCTTATGGGTCTTTAACTTTGGCATTATTTACTCCTTATTACGATGCTCAGGTTTCTACCTGCCATCAATGGTTTCTGTTCAAGCACAGCTTCATTTTCTAGTAGCTTGACCATGCGATCGATGAGTTCGTATCCCAGCTCACGGTGCGCCATTTCACGTCCTCGAAAAAAAATAAGAATTTTGACCTTGTGACCATCCGCGAGGAACTCACGTATCTTGCGTAGCTTTATCTCGAGATCATTGGCTCCAATCTTGAGGCCAAATCTCATCTGCTTCAGCTCGCTTGCCTTATTGCTGCGTCGATTTCTTTGTTGTTCTTTCAGTCTTTGATACTGAAACTTACCCCAATCCACGACTTTCACGACGG
CP064959.1_gap32	901740	905308	3568	GCTAGTATAGATCCGGCAAAGAGCATATTCTCCGCGGGACCAGTGTGTGGGAGCTGAGATACTGTTTGCTCGATAATTTTTTTCTGAACAGGACAGTCAACCGAGATATCAACTGAGTTGCCAAAGGTATTTGTTATCTTACAATCGTACGATGTTTTGTCGCTGACACCTTCTCCCATCGCGGGGATGGTATTAAACACTTGGACGGTGAACATGCGTGTTTGTTTTTCTCCGGGCTTTAGGGTAATGGTCGGCCATGTCAAAACTTTATTTGACAAAGTACCGCTACCGTTATCGATGACGCTTGAATATTCGAGGACGTCACTAAGTTCTTCACGAATTGATACAGACGTAGGGGCGAGGCCCTTATTTTCTACATTGAGGCTATATACGATCTTATCAGACGGCTTGGCGACGACACTGGTTGCATCTTTGCCCTGTGTGGTGTTTTGAGCGGTTTTTGTTTCCACTAGTGAGGCTTTACATTTTTGATCTTTAATCCATAGAGTTGCATCACCTGGACATGGTTGGCATTCTGGATCGTTTTTTAGTAAAGATGGGTTTTGCGGACACTTTTCTGGTGCAGCAATATGAAATGTCTTCGTACAATCATCTCCCCGCATCTCGCCCAAAGAGGTTTGTACTATTAACTCAATCGTATAGTCGCCCTCTACTCCCTTTGAATCGAAGACATATTGATTGGTACCTGAGGTAGAAGATGCAGGATGAGTTTCCACCACTATACCGTTTCTCTTAATGACGTAGGTATATTTGGCGATGGTAGTTGCACCATGATCAACGTAGGTTTTCCCATCGAGCTGATAAAGGTTATTCGCGAGGGGAGTAACCGAAAGACGCTCACATCGTGCCACGGGCTCATACTTACATCTCGCATCATCGGCGGTGATGGTGGTTTTACCCGGTATGGTACACATCTTTGGTGGAGGTGTGCAGTTCGGATAGGTACCTACCATTCCAACGGGACATTGTGGAGGTGGGGGAACTGTTTTTGTCACCAGGTTTCCACATACTTTCATAAGGCCAAACCAGCCTAGTTTTGCCGAATATCCTACGTATACATAGTAGTTTGATCCGGATGTAACGTTATTTGCACTATCCCAAAGAGTCAAGGGGCGATTGTAATACGTGCGCATTGCTCCAGAGGATGTTTGGATAGTGTATGTGCGTTCACCCTGAGCATAACTATAGTGGCTTGTAAGGCCCCAGCTGATGAGACCGTCACGCTTTGAATTAAGGTATTGCAATTTTGCCGCTGCCATTTCTTGGCGGGTAATTCCTAGCGTGTTGTAGAGATCGCGTATATTGTTGGTATTCGCATCGTAGTGATTTAGATAGTCTTGTAGACTTGTGACACCGCGATCAATGAAGTTTGATGGGTTAGACGCGTTTGCTGACTCAGGGGGTGAAAATACTGCAAACGACTGTACGACGAGCGCAAGTACGGTAAAAATAAGACCTATGCGCCGGGTCGTCTCTTCTTTCCGCAATCTTTTTGCGTAAAACCCAAGCTGACTGACGAGAGCCGGGCTAAATGCAATGTTCGATACTAGTTTTCTAAACATGGCGTTACCTGTTGATATGTTTATATTGAGAATTATTATACTTCTTTCGTGTGTATTTTAGCATAAGAAATATGTTCAAGACAATACCTTGAATGAACAATTTTTTTTATGGTATAATGGAGCTATTGTAAAACAGCTGAATTGACCGAAGTGAGGGGAGAATGGCTAAACAAAAAGATGACGGCTCTTATGATGGCTCACAGATTCAAGTTTTAGAGGGGCTTGAGCCAGTCAGAAAACGCCCGGGGATGTATATTGGGAGTACCGGATATCACGGTGTCCACCACCTTATTAAAGAAATTGCAGATAACTCAATCGATGAAGCTATTGCGGGATATGCAACAAGGGTTGATGTAAAAATCTTAACGACGGTGGTGTCACAATAACAGATGATGGGCGTGGTATACCGGTGGATAAACATCCCAAAACAGGTGTCAGCACGCTTGAGACGGTGTTAACAGTTCTTCACGCAGGTGGTAAGTTTGGTGGTGGTGGTTATAAAGTATCATCTGGTCTTCACGGAGTGGGTTCAAGCGTTGTTAACGCGCTCTCGTCTCGACTCTGTGCTGAAGTAGTAAAAGACGGTGAACTTTATCAGATTCAGTTTTGAACGCGGTAAGGCACTAGAACCGCTCAGGAAAATTGGAAAAACAGATAGACCACAGGGAACATTGATTACTTTTTACCCAGATCCCGAAATATTCAAAGAAACGATAGCTTTTGACTACAAATGGGTTGTAAGCTATCTCCGACATCAAGCATATCTAACCAAGGGCGTCTATACATCAGTCCATGACGAGCGTACAAATGAGAAGCAGGCGTTTTATTTCGAAGGTGGTATTAAAAGTTACGTAAAAATCTTAACATTGGTAAAGAAGTGTTGGGCGATAGTGTCTTCTATGTCGAACGCCAAGTAGAGGACTCGATGATTGAGGTTGCTGTCCAATACAATGACAGCTTTGTCGAGATTATACGGCCGTTTGCGAACAACGTCTTGACACCAGATGGGGGCACTCATTTGATTGGTTTTCGTGCGGCACTTACGAGAGTAATAAATGATTATGCTCGAAAATCGGGTTTGCTAAAAGAAAAGGAAGAAAACCTGTCTGGAGATGATATCCGTGAAGGTTTAACGGCCGTAATTTTAGTCAAACTACCTGATCCTCAGTTTGAGGGACAAACCAAGAACAAACTTGGAAATCCCGAAGTTCGTCGTTATGTTGAGCAGGTAATGAACGAATACTTCGCGTATTATCTCGAAGAGAACCCTGAAGTTGCAAAGAAAATAGTTGGGAAAGCACTTCTGGCCGCCCGTGCCCGTAAGGCCGCCCGTGCTGCTCGCGATAACGTATTGCGCAAGGGTGCACTTGATGGTATGGGGCTTCCAGGGAAGCTGTGGGATTGCTCGAGTAAAAGTCCTGCAGAGAGCGAAATTTATATTGTAGAGGGTAATTCTGCTGCGGGGTCAGCCAAAGAAGGCCGCGATAACCGCACTCAGGCCATTTTACCTCTGCGAGGAAAAGTGTTGAATACTGAGCGGGCGCGACTCGATAAGATGTTCGCCAATAAAGAGATCGTGGCCATGATTCAAGCGTTTGGTGTTGGGATTGGCGATAGCTTTGATATTAATGGACTTCGCTACCACAAAATTATTATTATGACCGACGCTGATGTTGATGGTAGCCACATTTCAACCCTGCTACTAACATTTTTCTTCCGCTACATGAAAGAGATTGTCGAGGGTGGGTATGTCTACCTAGCAAAGCCGCCACTCTTTAGCATTAACAAGGGTCAAAAAAAGCAATATGTATATGATGAACCGCAGCTTGATGAAGCGCTTGAAGCAACAATTGCTGACAGAAAGATGCGTGGTATCGCGATTGACGAAAACGAAGATCGTATGAAGCAAGCCGGTGTCACTGTGTCACGCTTTAAGGGACTCGGTGAAATGGACGCCGAACAGCTGTGGGATACAACAATGAATC
CP064959.1_gap33	978637	979137	500	AAAACTCTATCATACGAAGGAAAAGGAGTTGGGCGAGGAGCTGTTGCGCGGTGTTGAGCGTGAAGTGTATTTGCAGGTTCTTGACACCCTATGGATGCAGCATCTAGAGAATATGCAGCATTTGCGCGAGGGTATTCACTGGCGTAGCGTGGGTCAGCGCGATCCCTTGGTGGAGTATCGAAGTGAGTCTCAAAAATTGTTTGATAGTTTGCAGGCAACACTCCGTGAGGAGGTGCTGCGGGCACTGTATCATGTCCGCAAAACCGATGCGATTACACGCGAGGCCACGGACGATGAGCACGATACAGAGCTAACAAAGCTCGCCGAAACAGCGGTCGAGCACGGTGTCAATGAAATTACCGGTGGGGAAGAAAACCGAGACCATGATTTTGAGGGCAATATCAAGAAAGCGCCGCGAAATACAGAGGTAAATCATCAGCGTAACCTTGCACGGAAGAAGAAGAAAATCCAACGACAAAATCGTAAAAAGCATCGTTAAG
