gap_id	start	end	length	sequence
CP060501.1_gap1	4165	6540	2375	AGGCCAAGCACAAGCACACAGATGGCGAGGACCGCTACCATTCTCCCTCTTATCCTCAATGTGCCCGTAATTGAGCCCGCGAATGACTCTATATCACTGCCCATCACCACTCAGCAACCAACCAGACAATAAAAACCCCTGACGTCTTTCGGCTCCATGGGGCATCCGATCAGTCCTCACCTGCCTCGCGAAAGTAGTTTCTACTTCGGCCGTTGCCTCTCCATAAATTGTGCACCATGGTTCAGGTGTTCTTCACGCGTCAATAGTTCCAAGCTGGAGAAGGCTGAGCGAGATTTCCGAACGAGTTCACGACCAACGAGGCAAAAGAAAACCCCTTATAACCATTGAAGATCACAAGGGGTATTGAGTGTCTGGTCGGCTTATGAGTCCGCTGCTCTGCCAACTGAGCTACACCGCCACGCGAGAATTTTCGACGAATGGTGACTGTAGCATGCTGCCTAGGCACTGTATAGATCGCCGAGGCAGAGCGGTCTGATAGCGGACGAGAAGACCTCTTTGTTACGGGGGTGTGAGGGTCTTCAAGGGGTTCAGCCAGTACGGGTAGGAGGACAAACAATATAGTCTGGTAGCCTCGACTACGCCCTACTGTGGCTGTACATGAAATTATCGTGAGATTGTAATGGACTTTCATCATTTCATCCTTCTTGGAGCCGGTTCAGATGTGGCCTGCCGTTATGTCTTTCCTGCCCTGGCTGAGCTGGAAGCGGCAAATCAACTGCCTCAGGAATTTGTGATCTTGGGGATCACGAGAAAAGTCTGGCAGGATGACGGAACCTTCCGCCGTCACATTGAGGCGCGTGTCAAGGAATGCGGGAGTACCGCAAATCTGAGCGCCTTGCCGAAATTATTGACGCGGGTGAATCAGGCATCAGTGGACCTCTCGGATATTCGTCGGTTCAAGAACGTGATCGGAACGATACGGGATCCTGTGGTGCTCTATTTGGGACTCCCGCCGGCGATTTCAGAAGGAATCGTTGGACGGCTCGGTGAACTGGGCTTGTCTGCGGAAAGCCGAATCATGATAGAAAAGCCGTTCGGTCACAACCTGCAGTCGGCGCAGGACCTCAACCGCGGAGTGCATAAGATTTTTCCCGAAGACCATATTTTTCGTGTCGACCATTTCTTGGCCAAACAGACGGTGCAGAATATATTGGGCATTCGATTCGCCAACCGGGTCTTGGAGTCGGTATGGGATCATCAGCACGTGGAGAGAGTCGAAATCGTGTGGGAAGAGACGAATTCTCTGGAGGGAAGGATTGGGTACTATGACGCTGCCGGCGCTCTCAAAGATATGATTCAAAACCACCTGTTACAGTTGATGTGTTTGCTGGCACTGGAACCTCCCTCGGAGCTTACAGAACCCGAGCTGCATGATCGAAAAATTGAGCTGTTGAAGGCAGTCCGGCCATTCACCGAGGAGGAAATCGCCGCGAACACGACCCGAAGTCGGTATACGGCCGGTCAGATAGCGGGGCGTGCTGTAAAGGGATATGTGGATGAGCCGGGAGTCGATACGAAGCGACGTACGGAAACATTCGCAGAAGTTCGGTTCTTCATCGATAATCCGCGATGGAGCAATGTCCCATTCGTCCTACGAACCGGGAAGGCGTTGAAGGAAGATCGGCAAGGAATCTCGGTATTTTTCAAGCCTCCCCGGCACTCAACGTTTGTGTCGTCTCAGGTCCTGAGATCGAATGAGTTACGATTGAGCCTCAAGCCTGATCAGGTCGGATTGGTCATAAATGTGAATGGCCCCGGCAATCCCTTGGAAGCGGAACCGGTCGAACTTCATACGGATCTTGCGCCGGAGCCGATGTCTCCATATGCAAGCCTTATCAGGGATGTGCTCATGGGAAACTCGATGTTTTTTATCAGAGACGATGAGGCAGAGGAAGCCTGGAAGGTCATCGACCCAATCGTGGCCGCTTGGAAGAAAGACCTTGTTCCGCTCCAATCCTACCCAGCAGGTTCCCTTGGGCCGCCTGCTCTTGGATAGAGGACACATCGTGCGGTCGATTATAGGGAGCACCTAACCGTGACTCATGCTCGTCTTATCGCGGTGTTCTCCATATTTCTGAATAGCGAGAGAATACCCTTGTAGACTCCCGGCTTGATTTCGGATCGGTTTGATCACGATGCTCACGTGACAGAGGGACCCATTGGAACGAGGGCACACGGCTTCATAGACAGCCCGCTCCTCGGTACGCGCTTTTCGATAGGCCTGTGCCCAACGGACAGTCCCGATTTCTCGACGCTGGAAGATGCGAAAGACCGGTCGTCCGATCATCTGCTCAATGGAGTAACCGGTAAGATGTTGTGCGGACTGATTCCATTCGGTCACTCGTCCCCGGCTG
CP060501.1_gap2	8562	11472	2910	GGACGGCCTTCGGCTCGATGCAACCCACGCGATTCATGATGCCGGTGCAATGCATGTCTTAGGGGAGTTATCCCTGGAGACTCGGCGTACAGCGGGGCAACGGTCGATCGTGCTGATCGCCGAAAGTGAGCAGCAAGACATGCGGGCTCTTCGATCGGTCGATGAAGGCGGGTGGGGACTCGATGCCATTTGGAGTGACGACTTTCATCACACCTGTCGCGTTGCTGCGACCGGCCGGCGGGAGGCCTATTACACGGATTATCTCGGGGCGCCTCAGGAATTGGTGTCGGCCGTGAAACGAGGGTTCTTGTATCAAGGACAGCGGTATCACTGGCAAGACAAGGCCCGGGGGACGGTAGTCGGCGCCGAACCGGCGAGCAGTTTTGTCTTTTATTTGCAGAATCATGATCAAATCGGGAACTCGTTGATGGGAGGCCGGCTCCACACGATGACCAGTCCAGGTCGGTACCGGGCGATAACTGCCTTCTGGCTGCTCGCGCCTCAGACCCCCATGCTGTTCATGGGGCAGGAATTCGCCTCCTCGGCCAACTTTCGCTACTTCGTGGATTTTGCTGGGCACGACCTCGGCCCTAAGGTGCGCAAAGGGCGACAAGAGTTCTTAAGCCAGTTTCCCAGTTACGCTTCGGAGGATGCCCAAGCAGCTATGTTGGATCCGAGTGATCCTTCGGTCTTTGAGCAATCGAAACTGGATCGGCATGAGCGGCAAGAACACGCGCCGCTGTATCGTCTGCACCGCGATTTACTACGCTTGCGCCGCGAAGACGCGGTGTTCTCGGCGCAAGCACGGGATCGGCTCGACGGCGCCGTATTGGGTTCTCATGCGTTTGTAATCAGATACTATGAAGAAACGGGCTGCGATCGCCTCCTTGTCGTCAATCTTGGTGCCGATCTCCATCTGGTTCCCGCCCCTGAGCCGATGCTGGCGCCGCAGCAGACGGGGTCTTGGAGCCTGGTGTGGTCGAGCAATCACCCTCAGTATGACGGTCCCGGTACGGTGAATCCGTTGACCAAAAAAGGGTGGCATATACCGGCCGAGTCCGCGTCGGTGCTTCGAATCGAGCACGATGTTGGTGCCACAGTGCGCGAGCAGGACCATGGGTGAAGCTCCCGAGCCATCTCTGCCCGTTATCACCCTGCCGTGGACGCGAAGTGGGGATATCAACGCCCTGCTGTCGCGCGAATGGCTCGTGACGAACGGACTTGGGGGGTACTCGTCGACGACGCTCATGCAAGTGGCAACGCGCCGCTATCACGGCATATTTGTCCCGGATTTGCCTTCCCCCAGAGGCCGCACGATAGTTATCCCGCGCCTGGACGAGGAACTGCAGATAGGAAGTGCCACCGTGCGCTTGAGCGGAGCCGAGTATGCAGACGGACGTCTGGATACCGACATTGTCGACCACCTCACAAGCTTTCGCCGAGAGTGGCAAACGCCGACCTGGCGGTTTTCATTTCAAGGCCGGGATTTGGTCAAGCGGATCGTCATGCCCTATGGGCAGAATTCCGTGTATGTGGAATATCGATTGGAAGCGGGAGAACCGGTCACCCTTCGTCTGCGGCCGTTCGTCACCTTTCGCATGCCCGACGCCCCCCTCAGCGAGACGCGTAAGGCGCCGTTCCTCCTGACCATGGTCAGAGGACGATATGAGATGCCGCTCTGCGAAGGAGTGTCTCCATTGAAGCTTTGCCTGAGGCCGCAAGCGGGCGTGTTTGTGGCCGATGCCTCCATCAGCCATGGCGTGTCGTATCGAGTGGATCGCGATCGAGGTTCTCCGCATGTCGAGGACCTGGAGAGTCCCGGATACTTCACCGTGCGGTTGGATCGGGAACATCCGATATCCTTCGTGGCAAGCATGGAAGCTTGGGAGAATCTTCAATACGATGCCGATGCCATATTTGCCGCCGAACAAGAGCGGCTGCACAAACTTGTCGTTCAAGCGGATCGGCTTCCCACCGACCGTCATGAAACGCTTCTGACGTTGGCGGCGGATCAGTTCATCGTGTTTCCCGGAAGCCGGATGGAAGAGCATGCGTTGGCGCAGGCCTCCGGAGATGAAGCGCGGACGGTCATTGCAGGGTATCACTGGTTCACCGACTGGGGGCGAGACACGATGATCAGTTTGGAGGGACTCACCTTGTGCACCGGTCGGTATCGAGAGGGCCGCGCGATTTTGCGTACCTTTGCGCGGTACATCAAGGACGGGCTCATCCCCAATCTGTTCCCCGAAGGCGAGCGCACCGGACTGTATCATACGGCGGATGCCACCTTGTGGTTCTTCCATGCCCTCGATCGGTATTACGAGGTGACGGGTGACCGGGATACCCTGATGGTGCTGTATCCGGCCTTGAAAGAGGTGGTCGAGCATCATTTGAGGGGAACCCATTTTGGAATCGGCGTCGACGAGCGCGACGGTCTCTTGAAGACCGGAGCGCCGGGCTATGCGTTGACCTGGATGGATGCCAAAGTAGAGGACTGGGTGGTCACACCACGGCGCGGCAAGCCGGTGGAGATACAAGCGCTATGGTACAACGCGATTCGACTGATGGGGCGGTGGGCCGAGGATTTGAGAGAGCGATCGGACCGTTGGGACGGCTTGGCGAAACACATCGAGGATTCGTTCAATGATCGTTTTTGGTACGCAACCGGTGGGTATCTGTACGATGTCGTGGACGGTGAGGCGGGCGATGATGCGAGTCTCCGGCCCAATCAGGTGTTCACCATGTCCCTTCGATATCCTATCTTGCGGAAAGCGCGATGGATGCCGGTCTTGACCGTCGTCCGTGAGAAATTGCTGACGCCGTTCGGACTCCGTAGTTTGGCGCCGGGTCACCGCGACTATAAGCCGATGTATTTCGGAGATCTTCGCGCGCGTGACGCGGCCTACCATC
CP060501.1_gap3	62283	66838	4555	CGACGATCAACTGCTCGTCATGCAGAGGCATGGCTATGTAGAAGAGACCTATTTCACCTTTTCCTTCGGGGCCGGTCGCAACGAACAAGGAGAGGTTGCCGGTATTTTTTGCGCCGTGGCCGAGACAACGCAGCGCGTGCTGCATGAACGCCGTCTCGCCGTCCTGAGAGAGCTGACCGGTGCTGCGAAAAGTCCTCAGGAGGCGGCTACGCTGGCTGCTCAGATCCTCGACGGACAGGCCGACATTCCGTTTGCATTGGTATATCTGTTGGAGCAAGAGGGCCGAACTGCGCGGCTCGCCGCCCACACGGGAATTCCGTCCAACAGTTGTGCTGCGCCGCCGGTCGTGGATATTGCCACCGACGATGCCGGTGCCTGGCCGTTGGCGCTGGCCATCACGGCCGGCGCGCCGACGATTGTGACGGACTTGGCCCGGCGATTCGCCCCGCTGCCGGGCCGACCATGGCCTGAACCTGCGCATACCGCCATCGTGTGGCCTCTTCAAAAATCAGGACAATCGGAGTCGGCGGGGCTGCTCATCCTCGGAGTCAGCCCGCGACGACGGCTTGATGAGTCGTATCAGCGGTATTTCGAACTGGTCGCGGGCCACGTCGCAACCATGCTCGCCAACGGCCGCGCCTACGAAGATGAGAAGAATCGCGCCGAAGCATTGGCCGAGATCGACCGCGCCAAGACCGCATTCTTTTCGAACGTGAGCCACGAATTGCGCACGCCGCTCACGCTGATGCTCGGACCACTGGAAGATTTGAAAGCGCGGTTTGGCCGATCAACGTCCTCGCTCGACGCCTCGCAGTATCAACAGATCGATTTGGTTCATCGCAACGGGCTGCGTCTTCTCAAACTGGTAAACACCCTGCTGGATTTTTCGCGGATCGAGGCCGGCCGGGCGCAGGTGGTGTATGAAGAGACAGAGCTCGCCGCGTTCACGACCGACCTCGCGAGCGTATTTCGCTCCACCATCGAGAAGGCCGGTTTATCGCTGATTGTCGATTGTCCTCCCCTGCCTGAGCCCGTGTTTGTGGATCGCGACATGTGGGAAAAGATCGTCTTGAATCTGTTGTCCAATGCCTTCAAGTTCACGTTCAGCGGCGAGATCGAGATTGCGCTGCGACCAAGCGGAAAACATGTGGAACTTTCCATTCGCGATACAGGAACAGGCATTCCGGACGACCAACTCGGAAAGATCTTCGAGCGGTTCCATCGCGTCTCCGGCTCACAAGGCCGTACCCACGAAGGCACGGGCATCGGTCTGGCTCTCGTTCAGGAGCTGGCGCAACTTCATGGCGGCTCCGTCTCAGTAGACAGCGCCTATGGGAAGGGGAGCACGTTCAGAGTGTTCATTCCCCTAGGCAAGAGCCATCTACCGTACAAACATATCGGCGCCGCTCGAGGCAAGACATCGACGGCTATGGGCGCTACGCCCTTCGTGGAAGAAGCTGCGCGTTGGCTGCCATCCGAGGAAGTTTCTGAGTCAGGAAGTCAGAATGCTGAGCTCTCGATCGGGTCTGACTTCTCTCACTCATCACTCACCGCTCGTTCGCGCGTCCTCCTGGCCGACGACAATGCCGACATGCGGGAGTACGTGAGCCGATTGCTGCGTAGCCGATTCGAAGTACAAACGGTTGCCGATGGACAGGCCGCATTGGACGCGGCGCGTGCCAATCCGCCGGAGGTGGTCCTTACCGACATTATGATGCCTCGGCTGGATGGCTTCGGTTTGCTCCGTGCGTTGCGTGATGATCCAGCGACCAAGACCATTCCGGTCATTCTGCTGTCGGCGAGAGCCGGCGAGGAATCCCGTGTTGAGGGTTTAGAGCAGGGCGCGGACGACTATCTCATCAAACCGTTTAGCGCCCGCGAATTGCTGGCGCGCGTCGAGACGCATGTGAAAATGGCTCGCATGCGGCGGCAAGCCATGGCCTTGCTTCACGAGAGTGAAGTTCGTTTTCGCAATTTCGCTGATACCGCGCCGGCCATGCTGTGGGTCACCGAGTCCGATGGGGCCTGCTCGTTTCTCTCGCGCGTGTGGTACGAATATACGGGACAAACCGAAGCGGAAGGACTCGGAGTCGGCTGGTTGAAAGCCGTACATCCTGATGATCGTAAAGAATCCGGGCGCATCTTTCTGGACGCGATTCGGAGGCATGTGCCGTTCACCTTGGATTATCGGCTGCGCCGGGCCGATGGCGAATACCGCTGGTGCATCGATACCGGCCGGCCGCGCTTCGATGATCAGGGTACGTTTCTTGGTTACGTCGGCTCGGTCATGGACATCACCGAACGGAAGCTCGTCGAAGAGGAGTTCCATCGGTTGAATAACGAGCTGGAGACCCGTGTACGGGAACGGACGCAAGAGCTGTGGACCTCACAAGAACGGCTGCGGGCACTGGCCACGGAATTGAACCTTACCGAACAACGAGAACGGAAACGGGTGGCGGCTGAACTCCACGACCATCTGCAGCAGACGTTGGTGCTGGGCAAATTGAAAGTGGGACAAGGCAAACGGGTTGCGGCCGGGATACCGGCTGTGGCGAAGATTTTGGACGAAACGGACGCCGTTTTTTCCGATGCGCTGCAATACACCCGAACTCTCGTGGCGGAACTGAGCCCTCCGGTGCTGCGCGATAATGGGCTTGTGGCCGGCCTGAAGTGGCTGGGTGAATCCATGCGAGAGAAGCATGGCATCGCGGTGACTGTCACCATGTCTGATGACAGTCGCCTCCGGCTTCCGGAAGACCAGACCCTGCTCATGTTCCAGTCAGTGCGCGAACTGCTGATCAATTCCTGGAAGTATGCCGGGACGGGAGCAGTGGCCGTTTCACTCGAGCACAGCGACGGAGTACTGAGGATTACGGTCAGCGACAATGGCCCGGGGTTCGATCTTGCTGCGGCTCTTGCTGGTACATCGAGCGGCGCTGTCTCGTCAAAGTTCGGACTGTTCAGTATCCGAGAACGTATGAAAGCACTTGGTGGAAGCTTTGAGGTCCACTCGGGTGCAGGGCAGGGTACCAAGGCGACCCTCGTGCTGCCGCTCATCTACAAAGACATTGAAGGGCGTCCGGTCCTGAATGCCCAGGCAAGCAGAAAAGAACTCATAGGGCAGCAGAAGTACGCGCATGATTCAGCGCGTCATGAGGGGCCATCTATTCGTGTGCTTCTCGTCGACGACCATAAGATGGTGCGTCAGGGGTTGAGAACTATCTTGGAAGGATATGCCGACATTAACGTAGTCGGCGAAGCGATCAATGGAGAAGAGGCCGTCGCGTTGGTCGATCAGCTTTATCCGGACGTGGTGGTGATGGATCTCAACATGCCGAAGATGAATGGGATCGAAGCGACGCGGCTCATCAAAGCGTCCCATACTCAGGTCCAAATAGTGGGCCTTTCGGTCAATATGGATGGAGAGGCGCATGCTGCTGTAACGGTGGCCGGAGCCCATGCCTTGCTGACGAAAGAGGCGGCCGCGGACCAGCTGTATGACGCTATCCATCAGGCGCATATGACCTTGAATAAGACATGAAGGAGCTAACCCCGGACAGCCAGGGGGAGATTTTGACAAAACGGTCTGGGTGGGGCGGTTATGGCGGTCGTTGATCGATCGCGGTAGGAGGGGATAGAAATAGCTCCGCTCTCTTTCGAAACGGAGCTTTTCAGAACCTACAATCTTTACCTTGGAGTCATAACGTTTCCGTTATGTGTTCACAATGTTTCCATCGCAAGTTCTGATCTTACTGTAGTACGCTGTATGTCTTGTTGATACTGGGTCATGCCCTGGAACGTTTACTCTAGAAACCCCAGCCTAGCCACGTAAGCTGGGGATTACCCTAGTTTTATTCCGTCTCTCAGTCGACTACAACGCCAGTGCCGCGATTTTGGAGGTAGAGCTGTGCACGCTTCAATACGCCATTCATCCCCACCTCGCCATAGAGGAGGAGCAGAATGTCCATGGTGAATCGCTCACTCGTTAAGGAAGATCTGGACCCGAAAGTCCTTTTGCAGGTCTTGAAGTCCGTGAGAAGAGGAGATTTCACGGCTCAGGTGCCCGTTGAGTGGACAGGGATCGGCGGTAAGATAGCCGACGAACTGAACGCCATCATTGAGCATAACGGAAAAATCATCGACGAGATCAAGCGAGTCAGTCATGTCGTCGGTAAAAAGGGACGACTTTCCGAACGTGTGTCTATTCCTGACGCGACCGGTGCGTGGAAGTTGGAGATCGAAGCCTTCAACGGGCTGATCAATGACCTTGTTCGCCCCATGAATGAAATGGCGCGCGTGATCGGTGGTGTGGCAAAGGGAGATCTGACACAAACTGTCGCGTTAGAAACGGAAGATCATCATCTTAAAGGGGAATTCCTCAAGACCGCCAGAACCGTCAATGAAATGGTCCGTCAGCTCGATGCCTTCGCCGCGGAAGTCACCCGAGTGGCGCGGGAGGTCGGCACAGAAGGGAAATTGGGCGGACAGGCGGTGGTGCCGGGTGTCGCCGGGACCTGGAAGGACCTGACGGAAAACGTCAATTCCATGGCGAGCA
CP060501.1_gap4	68023	71054	3031	ACGTACACGGGGAAATTCTTCAGCTCAAGGACACGATCAACACGATGGTGGATCAGCTGCGCAGCTTCGCGGCCGAAGTCACGCGGGTGGCGCGGGAGGTCGGCACAGAGGGTAAGTTGGGCGGGCAGGCGCAGGTTCGCGACGTGAGCGGTGTGTGGAAGGATTTGACCGAAAGCGTCAATCTGATGGGAGGCAATCTCACCGCGCAGGTCAGAAACATCGCGGATGTGACGATCGCCGTGGCCAATGGCGATTTGTCCAAGAAAATTACGGTCGATGTACGGGGGGAGATTCTCCAGCTCAAAGAAGCGATCAACACAATGGTGGACCAGTTGCGCAGCTTCGCGGCGGAAGTCACCCGGGTGGCGCGCGAGGTCGGCACGGAAGGCAAGTTGGGTGGACAAGCGACCGTTCCCGGCGTGGCCGGCACGTGGAAGGATTTGACCGACGGCGTGAATTCCATGGCCAGCAACCTGACCGGCCAGGTGCGGAACATTGCCGAGGTCACTACCGCTGTGGCCAATGGCGACCTGTCGAAAAAGATCACCGTCGACGTGCGTGGGGAAATTCTTCAGCTCAAGGACACCATCAATACAATGGTGGACCAATTGAACGCCTTCGCCGCGGAAGTCACGCGGGTGGCGCGGGAGGTCGGCACGGAAGGCAAGTTGGGCGGACAAGCGACCGTTCCCGGCGTGGCCGGCACGTGGAAGGATTTGACCGACAGCGTGAATTCCATGGCCAGCAATCTGACCGGCCAGGTGCGGAACATCGCTGAGGTCACATTTGCCGTGGCCAGCGGCGACCTGTCGAAAAAGATCACGGCCGACGTGCGAGGGGAAATCCTCCAACTTAAAGAAGCAATCAACACGATGGTCGATCAGTTGCGGAGCTTCGGAGCGGAAGTGACTCGTGTTGCCAGGGAAGTCGGGACAGAAGGCAAGTTGGGCGGTCAGGCGGTGGTGCCGGGCGTGGCCGGGACCTGGAAGGACTTGACCGATAACGTCAACGCGATGGCCAGCAACCTGACCGTGCAGCTGAGGGACATGTCCAAAGTCGCGACGGCGATCGCCAACGGCGACCTGACCCGCAAGGTCACGGTCGAGGTGCGGGGAGAAATTCTGCAGATCAAGGACGTCATCAATCGCATGGTCGACCAGCTTGGCGGATTCGCATCGGAAGTCACGCGGGTGGCGCGCGAGGTCGGCACGGAAGGCAAGTTGGGCGGGCAAGCGGCTGTTCCCGGCGTGGCCGGCACGTGGAAGGACTTAACGGAAAGCGTCAACCTTCTGGCCGCCAACCTGACGACGCAGGTCCGAGCCATTGCGGAAGTCGCAACTGCGGTGACTCAAGGAGACCTCAGTCGGTCCATCCAAGTTCAAGCCCGTGGAGAAGTGGCGGAGTTGAAGGACAATATCAACGCGATGATTCGGACGCTGCGCGCCACCACCGATCAAAATACGGAGCAAGATTGGCTGAAAACCAATTTGGCCAAGTTTACCCGCATGATGCAAGGACAACGGGATCTGGTGACGGTCGGGCAGATGTTATTGTCGGAGTTGACTCAATTGGTGAACGCCCAGTACGGCGTCGTGTATCAGATGCAAACAATAGACGGCGCGTCGGTGCTGAAACCGTTGGCGAGTTTCGCGTCCGATCGCCCGCTCAAATCGGTGTGCGATACCTCTGAGGGGAATGGGCTGGTGGGCCAGTGCGCCGTGGAAAAGCGCCGGTTACTGTTGACGGACATTCCTCCGAACTACGTGACCATCCGTTCCGGGTTGGGGGAGGCGGTACCACGGACGTTGGTCGTGTTGCCCGTCTTGTTCGAAGGACAGACCAAGGCGGTGATCGAGTTGGCGTCCCTTTCGGAGTTTACGCCGACCCACCTGGCGCTGATCGGACAATTGACGGAGACCATCGGGGTGGTCGTGAATACGATCGAAGCCACGATGAGGACCGAGGGACTGTTGCAACAATCGCAAAAATTGGCGGGTGAGCTGCAAACGCAGCAGCGCGAGTTGCAGCAAACCAACGAAGAGTTGGCCAATAAGGCACAACAGTTGGCGGAGCAGAACGCCGAAGTGGAGCGCAAGAATCGGGAGATTGAACAAGCCAGGCACGCGCTGGAAGAAAAAGCGGGCGAACTCGCTCTCGCCTCGAAGTATAAGTCGGAGTTTCTCGCCAATATGTCGCATGAACTGAGAACACCCCTCAACAGCATCCTCATCCTGGCGCAGCAGCTCGGCGACAATCCTCAGCACAATCTCACGATGAAGCAGGTGGAATTTTCAAAGAATATCCATGCGGCCGGCGCCGATTTGCTCAACCTCATCAGTGACATTCTCGACCTCTCGAAGATCGAATCGGGCACCGTCACGGTGGAGCCCGAACAGGTGTCGTTCGTGAAAGTTCGCGAAGCCGTGGAGCGGAGCTTCCGGCACGTGGCGGAGTCCCGGCATTTGGCGTTCAATGTGGACATCGACTCCACACTACCGCGGGGTATGGTCACCGATTTCAAACGGTTGCAGCAGGTGTTGAAGAATCTGCTGTCCAATGCGTTCAAATTCACTTCGCAGGGGAATGTGACCTTCCGAATCAGGCGGGCGACAACGGGGTGGACCCTTGACCATCATATTCTCACGAGCGTTCCTTCCGTGCTCGCATTCGAGGTGCAAGACACCGGCATCGGTATCCCCCAAGAAAAACAAAAGATCGTCTTTGAGGCCTTTCAACAAGCCGAAGCCGGGACAAGCCGGCGGTATGGAGGCACCGGTCTCGGTCTTGCGATCAGCCGAGAATTGGCCATGCTCCTTGGGGGTGAAATTAGACTCAACAGTGTGCCCGATGAAGGCAGCACATTTACGTTGTACCTGCCGGAAATGTACATGGGAGACGCGGTGAGTTCAGTCCGTGTGACTCCCCGAATGAATCAACCGGCCGCTTCGCTGGTCCAGCAAGTCTTGGTCCAACAGGCTGAGCGATTCGACGACATCCCCGATGACCGCGAAACCCTGGTGCCCGGCGAACC
CP060501.1_gap5	75818	76841	1023	TCCGTACAAGCAGTGTGGACCATCCTGGCCACTATTCGAGAGTCACAGAACAGCCCTCCGCGCAATCAGCACCGATCCGGGTCGTGTTGGTCGATGATCATGTCATGGTTCGACAAGGGATCAAAAGCCTTCTGGATGGGCATGAGAACCTTCGTGTGGTTGGAGAGGCGTCCGATGGTCAGCAGGCCGTAGATTTAACTGCAGACCTGCGGCCGGACGTCGTCATCATGGATGTCAATCTGCCGGTGATGGATGGAGTCACGGCTACGAGCCGGATTCATAAAGACTACCCGGATGTCATCGTGATTGCATTGTCCGTCCAAGGCGATCGCCAGATTATCCAAGCGATGGCGGAGGCCGGCGCCGCAGCCTTCGTTTCGAAAGAGTCTGTGACGGAAGAGTTGTACGCGGCGATCCATCGTGCCGTGATCGCCAAGCAGCCCCTGCCCAGCACTTCTTGAATGTTGAAGCGGACAACTAATCCGACAGACCTGTTGCGATTTGATCATAAATGGCAGCGGCGCTCGTTCTGCCTCACTCATATTTGTGAGGAAGTTCAACACTGCGCAATTGAGTAGCTGCTAATATCCACCTCCTCCGCCCGATGAACCTGTCCCACCCGATGATCCTTTCTCGGGTGCTCCCATGCTGCCGGAGCCTGTCCCTGGTGCTCCCATACTGCCCGAACCCGTTCCTGGAGTTCCCATGCTCCCAGAACCCGATCCCGGTACTCCCATGCTGCCGGAACCTGTCCCCGGTGTTCCCATGCTGCCCGAACCCGTTCCTGGAGTTCCCATGCTCCCAGAACCCGATCCCGGTACTCCCATGCTGCCGGAACCTGTCCCCGGTGTTCCCATGCTGCCCGAACTCGTTCCTGGAGTTCCCATGCCGCCGGACGATCCCGCTCCAGGTGCGCCTGTTCCGCTGGATGATCCCGTCAGGCTAGGTGAACCCACCCTTCCAGACGGTCCCACCGCGCTGTTGGCTTGGGGGCCGGTCCTCAATTGATCGGCTTGGGCTGTG
CP060501.1_gap6	275914	279528	3614	GTGGGGGTAAGTACTGTGGCCACCAATTTAGCCGTCTCGGTCCAACAGGTCCAACGACATGAACCAGTCGCCTTGGTGGATCTGGACGTGCAGGGTGGAGAGCTGGGTCTGTTTCTGGACCTGCCTGCTGCTCAAGGTGTGGCGCATCTGACGAGAGACATTTCACGCCTGGATGAAACCATCATCCGGAGCACGTTGGTGCGGCACTCATCCGGGGTGTACTTTCTCGCCTCAGGCTGTGATGCCTATGAGGAGTGGAAGTCAGCTCCTGGAAACATGATGCGGGTCCTGGCGCTTCTCCGATCCTTCCACCGGCATGTATTCGTGGACTGCGGGCACATCCTCGACCCATCGATTCGAGAGGTGCTGGATAGTGCCGATCAAGTCCTCGTGGTGACGACATTGACGCTCCCGGCAGTCCGACGGACCAAGCGGTTATTGGACGTTCTGGCTGAAGCACGGCATCCCGCCGGCAAGGTTGCCCTCGTCATGAACCGCTATGAAAATGACCAGAAGGATCTTCTCGAGGAAACAGAGGCCATGTTGAAGTTCCCGATCACCGGACTCATCCCGAATGACTATGGATCGGCCAGTGAGGCACTTCAGCATGGGAAACCGCTGACGGTGGTGGCCTCAAAGACCCTCATTGGACAATGGTATCTACGCGAGGTCGGACGACTAATCGGCAGTCACGAGGATGCTGCGGGATCCTCCCCAAAGGGACAGGCGAAGAGCCAGTCGTTGTTGGGGCGGTACTTTCCAAGCCTCAGTCTGGATATGAGGCGTAAACCGTCTGCCGTATAAGTCGTGAAGCCTTGATGTAGGTGAACGCGAAAGAGGATCAGGAGGCACCATGTTATCTGCAAGATTGGTGAATGGAGCTGAACAGGGTACTCACTATCAGGAACTGAAGGATCGCCTTCATCAACGTGTGATCGAACTGCTCGACATGAACGCGATCGGTACGATGTCACAGCATGTGGTGACCGAACAGTTGACCAAATTGATCGAGCAACTGCTGCAACAAGAATCCGTTCCGTTGAATCAGAGAGAACGAGCTCAAGTTACGCAGGACGTATTGCATGAGGTGCTTGGCTTGGGGCCGTTAGAGCCGCTCTTGTCGGATCCCACGATCAACGACATCCTTGTCAATGGAAGTAAACAGGTGTTTGTCGAACGGTCCGGGCGTCTCGAGCTGACGCCGGTTCGGTTTAAAGACGATGCGCATCTGAGGAAGATCATCGAGAAAATCGTCTCCCGAATCGGGCGTCGAATCGATGAGTCCGTGCCGATGGTGGATGCACGATTGGCCGATGGGTCTCGCGTGAATGCGATCATTCCTCCATTGGCCATCGACGGGCCGTCGCTCTCGATCAGGAAGTTCAGCAAGGATCCGTTACAGTTGCACCATTTGACTGAGAAGCGGTCGCTGACCCCTGAAATCGGCGAGTTATTGAAGGGGATCGTTCAGGCGCGCCTGAACGTACTCATCTCCGGTGGTACGGGCACAGGCAAGACGACGATGCTGAACATCTTGTCCGGATTCATCCCGAATACCGAGCGGATTGTGACGATTGAAGATGCGGCCGAGCTGCAGTTGCGGCAGGAGCACGTCGTGCGATTGGAAACGCGTCCGGCAAACATTGAAGGAAAGGGTGAAATTGCGCAGCGTGAGCTTGTGAAGAACGCCCTCCGGATGCGTCCTGACCGCATCATCGTGGGCGAGGTTCGTGGTGCCGAGAGTTTGGACATGTTGCAGGCCATGAATACAGGTCATGACGGATCGTTGACGACTGTACATGCCAACTCCTGCCGAGATGCCCTCACAAGACTCGAAACGTTGGTGTCCATGGCTGGGTTCAACCTGGCGCCAAAGGCAATGCGGCATTATATCTCATCGGCACTGGACGTGATTATTCAGATTGCCCGTTTGTCAGATGGGACAAGGAAGGTGGTCAGCATCCAGGAAATTGTCGGGATGGAGGGCGACCTCATCACGCTCCAGGAATTGTTTGTCTTTCAGCAGACCGGTCTTGACGAAAACCAGAAGGTCAAGGGTCGATTTAAGGCGACAGGTGTGCGACCGAAGTTTGCGGAACGATTGGCCGCCAAGGGCATTGTGCTTCCGGCCACGATCTTTGATCCAATGAAGGTGTACGAATGTTAACTGCACTGATTGGACTCGGTATCTTTGGCACGATCCTCCTCTTCATGTACGCCTGCAGGCTGACCTACCGGGTGGTCGCGCCACGGGGAGCCGACCGCGCAATTGAGCGGATGCAGGACTGGTCTGCCCCGATCGAGGCGGGCTCTTCCGACATTGTGCGCAAAGACACAATGAGCGAGATCCCCTGGTTTAACGATCTGCTCAAACGGGTCAAAAAGCTGCAAGTCCTGAAAGTGCTTCACCAACAGGCGGATTGCCAGACGCCACTCGGGGTGTTCATCCTCACAGCGGGGGTCCTTGCGCTGGGTGGATTCGTCGTGGTGATGTCGATGGTGCAAAAGTTCATCCTTGCCGTCATGACCGCAGCCCTATTGGGTTCGATTCCCTATTTCTATCTGGTTTGGCAGAAAAGCCAGCGACTTGCCCGGTTCGAACGCCAGCTCCCTGAGGCCCTCGAACTTGTCTCACGGGCCTTGCGGGCGGGTCATGCGTTTTCGGTGGGACTCAAAATGGTGGGAGAAGAGGCGGCAAATCCCATTGGGAAAGAGTTTAGGCGAGTATTCGATGAGGTGTCGATGGGGGTGGCGCTGCCTCAAGCCCTTGAGAACATGACCCATCGGCTAGACAGCGTCGATCTCCGGTTTTTCATCACCTCTGTCCTGGTTCAGCGAGAGACTGGTGGAAATCTGGCTGAGATCATTGATTCGCTGGCTTCTTTGATCAGGCAGCGGTTTGAGTTGCAGCTGCGTGTCAAAGCTCTTTCTGCCGAGGGGCGCATGTCTGCCGCGATTCTCTTGGGACTGCCTATTGTCATTGGGATCGCGCTTTTCAAGATAAATCCCGAGTATATGAAGGTGTTGTTTGCCGATCCCATGGGTCAAAACCTTGCGACTTTCGGAAGTATCATGATGATTCTTGGCGCAGTGGTCATGAAACGCATGGTTGATATCAAGGTCTAAGGAGTTACACATGGAACTTCCGCTTGTCGCAGCGTTCTGTGCATTTCTCGCGATTATGCTGTTGGGATCGGCTCTGTATGTGTTCATAGAACGACGAGAGACCGTCGAGGTCTGGCGCCGACGCACGGAGGGGCAGACGCATGGTCTTGACGAAGGGAATCCTTCAGCGACTCTTCTCGAGACGATGCAGGCGCAACTTCAAGCATTACTCGAATGGTTTGCGAAATGGAATCAGCCATCGGATGTGGAAGAGGTCAAAGCGACCCGCCAGCTGTTGGTCACGGCCGGATATCGGGGGAGAAAAGCCCCGATCTTCTTTGTCGGGGCGAAACTACTGTTGGCCGTTGTACTTGTTACCTTGTTCACGATGGTTCCCGTGAAGCTCCTCGGCTTTCCCACTACCACCACCATGCTGTTTTATTATGTCTCCTTGGCTGCGTGCGGGTACTATGCTCCATCGTTCTGGCTGAAGCGTGTGATCGCCGAAC
CP060501.1_gap7	332588	334170	1582	GGTTACCGGCTCGACGACCGTGAAGCAACTCATTGAGGCGAATCCTGAGCAACTGGGACCATTGCTACAATACATCAAAAACCGCCAAGCGCTCATCACCGTCAACAAGAAGATCGGAAGCGAAGATTCGCCCGTCCAGGACGGCGACATCGTCAAGCTGTCGTTCCAATCCCAAACCATCTACGACGGTACCCGCGACATTCCGATATAAGGACTCACCTCCGATGAAGCCCGGCTCGGAACTTCCTCCAATCGGGAGCTGCTTTCTCCGACTGAAACGGGTAAGCTCCGCATTCACTGACGTCCGGCCGAATCTCCGCCGAATCGCGGGCGATTGAAACGGAGGAGTCAATCTCACATTTCAGATGAGCAGATCTCAGATGATGGAGAAGAAAAGTGTCATGCTGAAATCTGCCATGTGAAATCTGAGATTTGAGATGTGAGATCCTAGATTCGCTGCAGGCCTCGATGAAGTACAAGTCCTTCGAAGACCTTCCGGTGTGGCAAGCCGCCATCGACCTAGCTCGCCGCACATATATCCTCACTGAACATCAAGCCTTTCGAGGCCACACAGGATTACGTGACCAACTGGAGCGCGCTGCGCTGTCGGTCTCCCATAACATCGCCGAAGGATTCGAGCGTGGGACGACCAACGAACTGCTGGCATTCCTCTACATCGCTCGCGGCTCCTCCGGCGAAGTTCGCTCGATGTTATGTCTTCTTGAACGCATTCCGAGCTTCTCCTCTCTGAAATCTGAAATCGGTGCTCTGAAATCCAACTGCCTGAGTATCTCTCGGCAATTGTACGGCTGGATCGAACAGCTCAAGAATTCGGACATTACCGGCCAACGCCATTTGAATGACAAGATCAGAACCCGTACTGCAGAGAAGAAGGATCAAGAGGAGTTTCTCAAGGAATTGGCTCGCATCAGCCAATCGGTAAAACCTTCTGAAATATGAAATTTGTTCGACGCAAGTCGTTACGCGACGCCATTCATTTGAAGCTGAGCGAAAGCGGCTGGAAGCAGCAGAGTTCAGGCTTCAATCTTCCTTAAAACAGCGCTGGCAAGGTCATCCGGGGAATAATCCAGCACAGCCTACCAACCGGCATTGAAGACTCCCTCCGGTTTAGGCACTCATCCTCGAACGATTCAATACTTATAGCGCTTCACAGTTAATGTAGCTCGGAACGACGAGTCTGTAAGAAAGCTGCGTGTCATCCGACTGTAGTAGGTGCCTGGGTCGCGTCGTGTGAAGCCTAACAGGAGGTCCATCGTGCGTCGACGATCCCTGTTCGTCTGTTTGCTCGTGCTGGGTCTGTGGGGGCTCGCCTGGTCTGGGGTGAGTCGAGCGGAGTGGTACATCGCCGGTCAGGGCGGGTTCCAATTTCCGCAGGATCTGGCCAACGTGCGGGGAACGGGTAATTTCAGTGGGGTGACGTCGAACGATCTGGACCTCAACAACCAAGCGGCGTTCGGCATCAAGGGCGGGCGTTTCTTAGAGGGCAATCTCAACTGGCTGGGCCTGGAATTCGACTTTTCCCACAGCGACGCGAATATCACGGAGCAACGCGTCACGGCGA
CP060501.1_gap8	395154	397649	2495	TCTGTGCTGTGCCAACAATACATGGCCAGACGGAAGGATAAAGAGTGTGTAAGAGCGATGGCCATCGCTGTCTCAGGCTTCGAATATTGGCAAGAAGCGGACCTGAAGGACAGCGCGCGAATTGTCTGAAATTGTTACAAGTCGAAGAAATATTTCTCAACGCAGATTGTACAAACGTAGTGAGATTCATACGACGATGGATGGCGTCAAAATATTTCTGGGTTGTAGTATGTGTACTCAAGTGAGTACATCTCGTCACGGACCGTGAGGATGTTGATGGGAACGGTTGTGATAATCGGCGGCGGGCCCGCCGGGATCATGGCGGCAGAAGCGGCGGTCGCAGCAGGCGCAAGGGTGCAGCTCTATGATGCCATGCCGTCGATCGGGAGAAAATTCCTGTTGGCAGGAAAGGGAGGCCTGAATCTTACGCATTCTGAATCGATCGAGCCGTTTCTCTCGCGCTATGGCTCTCATCGTCCCGACATCGAACGTGCCATTGTATTGTTCCCCCCTGATGCGGTACGAGCGTGGGCTCGTCACTTAGGGGTCGAAACATTCGTCGGCACTTCCGGACGTATTTTTCCGACTGATTTGAAAGCGGCTCCGCTTTTGCGCGCTTGGCTGCGTCGATTGAAGCAGGCAGGCGTTCGGTTTTTTGTTCGACATCGATGGTGTGGATGGAGTCAAGAAGGAGCGCTGCTTTTCATCGCTCCACAAGGATCCGTTCATGTCGACGCCGATGCGGTGGTGCTCGCGTTAGGCGGAGGAAGTTGGCCGACATTCGGCTCCGATGGGTCCTGGGTGCGGATCTTATCCGAACGAGCAGTACCCATTACACCGCTGAAGCCGGCCAATTGCGGATTTGATGTCCAGTGGACCGACCATTTTCGTGCGCGGTTTGCCGGACATCCGGTGAAGACGGTCGGCGTCGTTGTGAAAGTCGCGGATGACACCGTGATTCATCGAATGGGCGAGTTTCTCATTACAGAAAACGGAGTGGAGGGCGGTCTTATCTATATGATCTCAGCTGCCGTCCGCGACATGATCGCAACAGCAGGAACAGCCACTGTGTGGCTTGACCTGGCACCGGACCGCTCGCTGGAGCGCCTCACCGAGGAGCTTTCAAGACCTCGGGGCAAACGCACGATCGCAACGCATCTCGCCCGTCATGCCGGGATCGCCGGTGTCAAGGCGGGGCTTCTGCGCGAGGTTGTGCCGAAAGAAGTGTTGGCCGATCCCATTCGCTTGGCTGCGGCGATCAAATCCTTGCCGGTGAGATGTCTCGCGCCTCGACCGCTGGAAGAGGCGATCAGCACGGCCGGTGGCGTCTCTTTTGACGCTCTGGATACGAGCTTGATGCTTCGTTCATTCCCCGGAGTATTTTGCGCGGGAGAAATGCTGGACTGGGAAGCACCGACCGGGGGCTATCTGCTCACGGGATGTCTGGCCACCGGGCGTCTCGTCGGCTCTGCAGCGGCCGAGTGGAGCACAGCAAGAACTTCGCAGAGCAGTTGAGGAAATACGTGTTCTTTCAAGAACGCGCAAGCTAACCAAACAGCCAATTCCAGATCATAGAAAACCAGTTGGCGATTACGCCGATCCACGAGGTGGTTGTCGTAGGGGGCTCAAGATTAACCGGAGATGAAGATACCGCCGGCTTGGCAGGAGTAAGACCCGAAGCAGCCGGAGCGGCTTGTGCGATCTGCGTGAGTTCACTTTCACCGAGCGGAGCGGAAGATACGGAGGCATCCGTGACGGTGGCTGGAGCCATTGCCGGTTGGTTCAGGTCGGCGGCAGCCAGCAAAGGAGATGGAGTTGCCTCCATTTCTTCCTTGTATTGAGCTACCAAGGTTTGTAACGAGGCACGCTCTTGCCTCATGTCTGCTATTTTTCGAGCGAGATGCCAACTCTGATTCATCAATGTCGCGACCTGTACCTTGAGGGACGACAGCCTCTCTTCGGACCGCTGCCTCATGATGGGCAGCTGATCTTCTTCCTGCTGAATAGCCATCCGCAAGTCGCTTACGGCTGCATCCTCGCGGTGGTTGGCGGCATGCAATTCGGCAATCTGCTGATCCAGTGCCTTGACGTCCTCTCGCACCGATTCAAAGGCTTGTGTGTGCTCCGCAGTCTCGGCCTTCGTCCGTTCATAGATGCGCCGACTGACACAGCCGGTCTCCATCAGGAGTACTGCTGCGAGCAAACAAAGACCAACCCGTTGGAGGACCACAGATACGGTGACGGTGGGATGTGTCATGGGGATTGCCTCATGGTTAGCCAAACTGAAATCCTCATACATGGGCTTCCAGTTGGTCCGCTGAGTGGATTTGCGTAGTCTCTCAAAAATCATCGAGCCTGGCAATACGGCTAGGATGTACACAGATGAGAGAGGTCCGTCAACCCTCTCGGCCGTTTCCTTGAGGGGAGCTTGGACAATGCGGTCGCTTTTTCGTACCATAAACGACCATGTCGCCCGATGTGACTACGTCCATTCG
CP060501.1_gap9	407292	410529	3237	CCGTTCGATTTCGGCCTCGGTCATGTCCATCAACCAGTTGTTCAGGTTCTGATAGATTTCACGAGTCCGGGCTCGGAGTTCGTCCGGCGGGACTTTGTGGAGATCGCTGCAGCGAGGAGAGTTCCAGACCTTTTCACTGAGCTCACGGGAAAGCTGTTCAGAGTTCTTCTCGATGAGCCGCACCAACCGGCCAGCCATCATAGCGCACCTCCATACATACAAAAGGTTATGTAACGGAATGCATGCTCCCCATAGTGGGCAAACGTTACCCGATTGGTGGCCTTAACGTCAATGACACGTTTGTCGGGGCGGCGGTGCCGGAAGTGCCATATCACCATTGAAACTCAGCGCTGAGGGAAGCGCCGGCTTCGGTTTCAATGAGTAGGCCGACACAGATGCAAAAGGCTCCGTTCCGCATATTGAGAGGGATGCACCCGTCACCTTGAACTTGCTCCATCCATTTGTTATTCTTCGCCGACTCTTCGTCGTCAACGTATCCATTTCATATCACATACGATTCTAAGGAGCATACACATGGCCGGCATCAAGCGGGCGCTGATCAGCGTTTCGGATAAGACCGGAGTCATCGACCTGGCCAAGGCACTTGAAGCGCTTGGCGCGGAGATTTTGTCCACCGGGGGTACGGCGAAAGCGCTGCGCGACGCCGGAGTCAAGGTGACGGATGTCGCCGCCTATACCGGTTCTCCAGAAATTCTTGATGGCCGGGTCAAGACATTACATCCAAAGATTCATGGAGGCTTGCTGGGCCGGCGCTCGCTCCCGGCGCATATCGAGCAGATGACCCAACATGGAATCGGCCCCATCGATGTCGTCGTCGTGAATCTCTACCCCTTTGAAGCAACGATTGCCAAACCTGATTGCCGCTTCGAGGATGCCATCGAAAACATCGACATCGGCGGACCTTCGATGTTGCGATCCGCGGCCAAGAACCATGAGGATGTGCTGGTGGTCGTCGATCCGTCGGATTATTCGCGAGTGTTGGATGCCGTAAAAGGGAATATGGTTACACAGGCGCTTCGCCAAGAGCTGGCGATGAAGGTCTTTCAACACACGGCGCGTTATGACGGACTGATCGCCGGATATTTGGAGAAACAGGTCCGGAGCGGAGAGGTCAAGTTCCCGAAAGTGTTGTCGCTGCAGTTCGAATTGGCGGAGACGCTGCGTTACGGAGAGAACCCTCACCAGCAAGGCGCCTTCTACCGTGAGTTGACGGGCAAAGAACCATCGGTCTCGCGAGGCGAGATTCTGCATGGGAAAGCGATGTCCTACAATAACTTTCTCGACGCCAACTCCGCGCTCGAGTTGGTCAAGGAGTATGACGAGACGGCCGTTGCCATCATCAAGCACAACAATCCGTGCGGCGCGGCGCTCGGGACAACGCCGGTGGAAGCCTACGTCAAGGCGAGGGAAACCGATCCGGTATCGGCCTTCGGCGGTGTGATTGCGTTCAACCGGCAGGTCGATCTGGCGGCGGCAAAGGAAATTACCTCCACGTTTGTTGAGGTCGTCATTGCCCCCGGGTTTGCCGAAGATGCGTTGGCTGAACTCAAGCGAAAAAAGGACCTACGCCTGTTGGACGTGGGATCCTTGACGAAGGTGAAACAGGAAGGGTTCGACCTGAAGAAGCTTGTCGGAGGACTGATCGTGCAAGATCGCGACCTCGGTGTCCTGACCGACCTTCGCGCGCTAGCCGTGCCGACGATTCGGAAACCCACGGATGAAGAATATGCCGCCTGTGCGTTTGCCTGGAAGGTCTGCAAACACGTCAAGTCCAACGCCATCATCTATGCCAAGCCGGGCCAGACCGTTGGAATCGGAGCGGGACAGATGAGCCGGGTGGATTCCGTGAAGCTGGCGGCGATGAAAGCGCAAATGCCGGTGAAGGGGTGTGTCATGGCCTCGGACGCATTCTTTCCGTTCCGTGACGGTCTTGACGCCGCTGCAGAAGTCGGCATTACGGCCGTGATTCAACCCGGCGGGTCAATCAGAGACGCCGAAGTGGTGAAGGCTGCCGATGAGCATGGAATGGCGATGATTCTGACGGGGATGCGCCATTTCCGCCATTGATCGGATGCTGAAACAGGTCTCTCGCGGCGTTCTCGGTCGTTCGTCCACCTCACCGTACACGAAACGTACGCCTCGGTGTCCGAGCTTCCTGCAGCCTTGCGACAGACCCTTTTGATCTGCCGCAAACAGTAGTCGAAGATCCAGATCCTTTGCAGATAACCCACGGAATTGTCGGCTTGTCATAATTCCACATGAAGATTCTTGTAGTCGGCAGCGGAGGGCGCGAGCACGCGATCGTATGGAAGCTTGCGCAGAGTCCGCGAAAGCCTATCCTCTATTGCGCCCCAGGCAACGCGGGTATTGCCTCATTAGCGACCTGCGTTCCCCTTAAGTCGGATGACATTGCCGGACTGAAAGACTTCGCACTTCACGAGCACATCGATCTGACGGTGGTCGGACCTGAAGTGCCGCTTGCGCTGGGCATGACCGACACCTTCCGCAAAGCCAAGCTCAGGATTTTCGGGCCGACCAGGAACGCGGCGCGCTTGGAGGCCAGCAAGATCTTTTCCAAAGATGTCATGGCGCAAGCCAAGATCCGAACGGCACGGGCCAAGAGTTTTGAGAAGGTCGCAGACGCGATGGCTTATGTCGACCAGCACGAATTGCCGGTCGTGATCAAGGCAGACGGGTTGGCTCAAGGGAAAGGGGTCATCATCGCGACGACCCACGAACAGGCTCGGCATGCGATCGTGGATTCGATGGAAAAGGCCGTCTTCGGCCAAGCCGGGAAGAACGTGCTGATCGAACAGTTTCTCGACGGGGAAGAACTGACGATCATGGCGTTTACGGACGGCAAGACGGTGGTGCCGATGCCGCCTGCGCAGGATCATAAGCGGGTCGGTGATGGCGATACCGGCTTGAACACCGGTGGTATGGGCGCATACTGCCCTGCGCCGCTTGGAACTGCCGAACTTCAAGATCGTGTTACTCGCGAAGTCTTGCAGCCGATGGTGGATGCCATGGCGCGTCTCGGTTCACCATTCCAGGGGGTTCTCTATGCGGGACTCATGGTGGTCAAGGGAACACCGTACGTGCTGGAATTCAATGCTCGTATGGGCGATCCGGAAACACAGGTGGTGCTGCCCCTGCTTAAAACGGATCTCCTCGAGGTCATCGAGGCTGTGGTCGAACATCGTCTTGACCAGCTCA
CP060501.1_gap10	437082	440922	3840	CACCAGTTTGAGGAAGTCGTCGTGACCCGCCCGTTGCATTTCCGGGCTATCGCCAACGTGACGGGTATTCCGTACAGCGAGCTGCGGCTATTGAATCCGGAATTGCGGCGGGATGCCACACCTCCGGACGACTTGGCGTATCATCTGAAGGTTCCCATAGGCACGAGCGCCAAAGTCGTAGAACTCATCGACAGAGTCCCCACGTACAAGTTTCCTCCCCTGCGAGCCCAACCTCAGCATGTCAAAACGGATGCGGCGCGTAAGTACCGGGTTCGCATGGGTGATACGCTGGAAAAAGTCTCTCGACGGTTTCGTGTGCCCCTCAAGACCCTCAAAACACTCAACAATCTTTCCACTCCCACTATCAAGGCCGGCGAACTTCTGATTATTGCCCGGTAGCAAACGCCTGTACGTAGCGTAAGCGTTCCGCCACTCCGTCGGCAACGGACTGGTATGTCTACGGTTTGGATGGCTTTGAAGGAGCGACTGGAGCGGAAGCTGCGGCGGCTGGTGCGGGCTCCGGAGTTTTCTTGGCCTCGATGACTTTGACACGCATCGCAGCCTCGCCTGTCAGAGGGGAATTTGGGTACGTCTTGATCAGATCCTGATAATGCTTCAGAGCTTCATCCGGCTTGGATCGATTCTCTTCCAGTCTGGCGATTTCAAAGAGGGCAGAATCCCGGTTCATGGCTCCAGGGATTTCCAGTATCGTCGCATAGGTCTTGGCGGCTTGCTCAAGATCTCCCTTCAGAAGATACGCATAGCCCAGTTTTTGATGAACCAGTCCGAGAAGCGAGATATTAGATCCATACGTGGCAATGAACCGCTTGTAAGTTTCGATGGCTGAGTCTAGATCGTTCGACTGAAGGAATGCATTTCCAAGACTGAACTGGGCCAGAGGGGCTGTCGGGGTTCGCGGGTATTCCTCCAGTATCCTTTTGTACAGGGCAATCGCCTCCTTGAGATTGGCTGCTGCCTTCTGAGGATCGTTGGGCGGACGATTAAAGAAATGAAGGGTGGCTTCTCGTTCAAGCTCTTGAGCCTTACTGGCATTTTGCGCGTCATACCAGAAGACTCCCCAGAGACCGCCTGCCATGACGAGCAGAAGAACGAATCCAACCAGGAGTGACCATCGATAATTCTTCAGACCGAGCACCCAGTGCTCCAATCCACTCACAAGGTGCGCTTCATCGACCGGCAATGTTCGAGGCGGTACTTTAATTCGGTATGTCATCAGGGACCTTTACATGATTTCTCAACTAAGAACCGGCTTTCAGCTCCAGAACCGTTGCTTTATACTAAGGATGATTTCCCTTGTCAATGCGATCGATGAGACCGCATCGCAAGGGAGAACCACTGCGACGGCTTAAGGACTTTGCGACGCGGTATGTTTCGAACGAGACTCCAGCAGCTCGCGGACCAATCGTTATTGCGCAGCTTATCGCCATTGGAATCGGCCACGGGACCGACCGTCCGATATGCCGGACGTGAGATCATCTTGCTCTCCTCGAATGACTACCTCGGACTTTCAACACATCCGGAAGTGATACGCGCCGCAATCGAGGCCACCGAACAATATGGCACCGGGTCAGGAGCGTCGCGCCTGATCAGTGGAACGCTCCCCCCCCATGCGCGCCTGGAAGCCGCTCTCGCAACCTTCAAAGGAACCGAAGCCGCCCTCCTCTTTGGGGCCGGTTATTTGGCGAACCTCGGCGTCATCCCCAATCTCATCGCACGTGGAGGCCTCATTCTGGCGGATCGATTGTGTCATGCCAGTCTGATCGATGGCTGCCGGTTGAGCCATGCTGATTTCCGCGTATTCCGCCATCTCGACTGTGCTCATGTCGAGTCATTGCTTCGGCGACGAAGCACGAATCGCCCCACGCTCATCATCACGGAGGGGCTGTTCAGCATGGACGGCGACCTTGCGCCGTTACCCGACTTGGTGTCACTGGCCGAGCGATACGGCGCAATGTTGTATGTCGACGATGCCCATGGGACCGGCATCATAGGGCCGACCGGTCGAGGCACGATCGAACATTTCGGCCTGGAACAACGGATCCCCTTTCATATGGGGACGCTCAGTAAGGCGCTCGGCAACCACGGCGCCTACGTGGTCGGCCCCAACGACCTCATTCAGTATTTGATCAACACAACCCGTCCGTTCATTTTTACAACGGCTCTTCCGCCGGCCATCGCGGCGGCCGCGTCGGCTGCGTTGGATGTCATTCAACATGAGCCGGAACGTCGGGCGCGGCTCTGGTCGAATCGACAACGGTTGTTCAATGGACTGTTGCGCCTCGGTTTTCGTATGACTCAGACTGTCGGTCCCATACTGCCTGTTCTGGTGGGTGGTGCGGCCAATGCGTCCGCGCTAGCCGAACAGCTACTCTCTCACGGAATTTACGCCCCCGCCATTCGCCCCCCGACAGTGCCCGACGGAACCAGCCGGATACGATTCACGGTGACGTCGGAGCATACCGCCGATCAGATCGACGAAGCGCTTCGCGTGCTGGACATCACGGGCCGCGCGACAGGGCTCCTGTAGTCTTCATCTCAACCGGCTCGCACCTTCCGCCTATTTTCTTGCTTTCCGGGTTTGCTATGGCATGATGCACAAGAGATTTTTGTCGCGCGTTCTATCCATATCACTGAGGATTTCGGGCAATGGATATTTCCAAGCTCCTTACGTTTTCCGTCAAGGAGGGCGCCTCCGACTGCCATATCAGTGCCGGAGAACCTCCCATGATTCGTATTCACGGCGATCTGAAAAAGCTCGATCACCCTTCCCTCACCCCCGATGAAACGCATGCGCTGATCTACGACATGATGAACGATTCCCAGCGGAAGAACTTCGAAGAAAAGCGTGAATGTGACTTTTCCTTCGAACTCGGCGATATCGCCCGTTTCCGCGTCAACGTCTTCGTGCAACAACGTGGATTGGGCGCCGTGTTTCGGAACATTCCGACCACCATTCTTCCGCTGGAAAAACTGGGGATGCCGCCGATTCTTCGGCAACTCTGCGATAAGGAAAAGGGGTTGATATTAGTCACTGGACCGACGGGCTCCGGTAAGTCCACCACGCTTGCGGCAATGGTGGACTACTTAAACAACACGTTCGAAGGCCACATCATCACGATCGAAGATCCGATCGAATTCGTCCACAGGTCCAAGAAGTGCCTGGTCAACCAACGAGAACTCGGTGTCCACACCTTGTCCTTCGCCAACGCTCTGAAATCGGCGCTTCGTGAGGATCCCGACATCGTGTTGGTGGGCGAAATGCGGGATTTGGAGACCATTCAGCTGGCGTTGACTGCCGCGGAAACCGGACACTTGGTCTTCGGGACCCTCCACACATCGAGCGCGCCCAAGACGATCGACCGTATCATCGATGCCTTTCCACCGGCGCAGCAGGCACAAATCAGAACACAGCTTTCGGAGGCGCTGGAAGCCGTCATCACACAAACGCTGTTGAAGAAAAAAGCAGGCGGACGTGTCGCGGCGCTGGAGGTGATGGTGGCGACGACCGCAGTCCGGAATCTGATTCGTGAGGCCAAGCTGCACCAAATCCCCGGGATCATGCAGGCAAGCCAAAAAGACGGCATGCAGACGATGGACATGGCGTTGGTCGATCTCGCGACACGCGGCGTCGTGCACAAGGCCGAAGCTCAATCTCGCAGCATGAACCCCAATCTTTTCGGTCCGTCGGTTGCCGGAGCAGCGTAGAAGCCTGAACAAAGGCGACATCTCACCATGGAAGTTCGAAGCCTGTTAAAAGTGATGGTGGACCGGGAAGCGTCGGACTTGTATTTGACCGTCGACGCTTCGCCGATTTACCGG
CP060501.1_gap11	464488	466908	2420	ATCAGCATTCTCCGAAGCGCCGGCCCCTAGCTCACGGCTGCTCTGGATTGCGCCGCGTGTCGGTGCGACATAGATCGGGTTGGTCAGCAATTCCCCGCTTTTGCCCACAACCTCCACACGATAGTTCAGCCCTGGTCCATACCGAGCCTCTCGATCCACGAGTTCCAGCTGTATGGGAGTCTGGCCCTCGACTTGTCTAATGACGGCTCCGGATCGAATGACACGGAGTGTAGCCGCGCTCGGCCTTTCATCGATGGTCGAAATCCCAACTCGGATAAGGATGCCATCACTCGTGCTTCCGTCAAGTATCTCGCCGATCTCCGCCGATTTGCCCCCGCTCGATACCTGAAACTCGTCAAGCCGAAGCAAGACGTTCTGTTCACCTCTTGCTACGGCATAGGCTCGACCGTTCCGGAGCGCGGCCACAATACCGGCGACGGTTCGCTCAGCGGGCTTGATCACGGTGTACACCCGGTCGAGGTCCTTTCCCGCATCGGTGGTTCCATGAAACGCGACTTCCCCTATCATGATAGGGAACTCTGTCCGGCCGGTTGCCATGTTCATTCCCAGCAACTGGTCCCACACCCCACCAGGGGCCACCACCCGCCTGGTGTCTTGGTAGAGTCCGCCGAATCCGGTATAGCCCTGCGTCAGGATCAATGCTTCGGGATGAGGCTCTGTCTGAATCGTGACTGTTCCTAATGGGCCGAACGAGTGCCGGCTGAAGTCTCGAGCCTCCGTCATCGACCAAAATACCAGCGCACCGCGCTCGACCGCTGTATCTATCAAGGCTTGATAAGGCCTATACCCGACCCCGCTCTCATAGGAACTATATGCAGGCACCCTGACGGGCCAAGCATTGGCCATCAGCACAAGACACACGGCCAGGAGGGTGCCGGCAAGAACGTGCCGACGGCTGGATTTGGGCTCTATCTCTTCAACGCATCTCCTGCTCTGCGGTTTCCACAACCACGCAACCGGAACCAATAGGAGAAGCGGGAGGCCATTGAGCACGCTCCGCCAGCTCCACACAAAAGAGAGTGAATTCCCTCGTGAAGGAAGATCCTCATAGTCTTCGACCCTTTCAAGGCCGATCACCAAGAGATTCCGCTGGGCGTTGTGCATGGTGAGGTCACCATGGAAAAGCGACCCAGTCCAATAATAATACGGAGCCACCTCGACTCCTGGGATAATGATCAGATTCGGATGGAGCCGTTGAACCGTGCGAACCTCATCAAGAAATCGTTGTAGCCCGTATTCCATGACGGATGGGAATGTCACGTGATAGCGCAGAAGTCCTTCCAACGGATGGAGACCATAGTCGTATCGCAGCGTAAAGTTCTCGGAGAGAATCAAGACATCCAACTGTTGTTGCTCGGCTCGTCTCGCCAATGATTCCAGGTTCAGCGATCCCGTGCTCATCGTACTATGCACGTGAATGGCCGCCCGTAGCGAGATCGGCGTCTGCGCCGGCCCGGCAGCAATACCTGCGACGGCTGCCGTCAAATGGATCGTCCCCATAAACAGCATGGTGGTGATCCAAGAGGTGGTTTTACGCATGACCGACCGCACCCTCTCTATAAATCGACTCGATGGCTTGGACCATAGCCGGGATGCCATGGCTTGCTCCAACACCTTTCATGGCCCTCGCTCCGAGTTCACCGGCCCGCATGGGATCATCGAGTACACGCCGTATCGCAACGGCCAATGCTGCACTATTTCCCGGCGGAACAAGGAGGCCGTTCCTCCCATCCTCAATGAGAGCGGGAATCCCGCCTACTCGGCAGGCAATCACGGGAAGCCCCGCCGCCATCGCTTCAATCAAGGCCCGCCCCATCCCTTCATTAAGCGACGGCAATACGAAGCAATCCATCCCCGCCAGACACATTTCGACTTCCTCTCGATAACCGACAAAATGCACACAGTGGCTGATTCCACGCTCCTGCGCCCGGTTCAACAACGCATCGTGTTGATCACCGCTGCCGACAATGACGAGATGCAGATGGGGATACTCTTGTTTCAAGAGGGCCACGGCATCGACTAAGAATCGATGCCCCTTGATATCGGTAAGCCAACCGACCGAACCGATGACCGTCGCGGCCGGTGGACAGCCGAACCAATCAGGCGCCAGTTTTCCTCCCATGCGAGCATTCTTGAAACGGTCGATGTCGATCCCGCTTGGAATCACGGCAAAGCGATCAGTTCGCCCAACACCTCGCTCAAGATGTTCACGTGTTTCCGCGGTGGTGAGCCCAATCAATTGATCGGTAATCCCGGCCAACACTCGTTCGATCTGAAGAAACACCCATGAGGACACCGGCCCAAAATGGCCATAGAACACGTGCCCGTGCGGAGTATGAACGACCAGCGGAACCCCCGTGATCCAAGCAGCCAATCGTCCCAATACTCCTGCTTTAGAT
CP060501.1_gap12	494754	496401	1647	TGCAGAGATGAATACCGCGGACTATCGTGAAGCTGGAACCTTCGAACATGGAGGGGGATATTCCGTTCTTTGCACCGAGCCCTTGCGAACTCTTGATCATCGTCCGACTCCGATCCGCGCAATCCATAATTGCAGTGAACAGCCGTCAGCGTCAGCGACCAGCTCGAGCGAAGACAATCCAGAAGCGACAGCAAGGCTATGGAATCAGCACCGCCGGAAACGGCGACCAATAGGTGCTGTCCTGGTTGGAAGAGATTCCTCGATCGAACCGTACGGACAACCCGATGCAGCAGAGAAGGCCACGCCGTTTTGCCGAGAGATTTTTTCATGACCGGGTGCAATGAGTCATCGACCTCCGATTGTTAGATGATGTCGACGCAGCATGCTCCTTGCCGACTCCGTGTCGGACGCGATCTGCCGGCTCAGAGCGTCTTCTCCGTCGAATCGAACGTCACCTCGAATACGCCCGATGAACTCAACAGTGAGCAATCGTCCGTACAACTCGTGCGTTCCGTCTAGGATCGATACTTCCAATCGGCGCTCTCCTCCATCAAAGGTCGGTCTTGTCCCAATATACGCGACCGAATCGTGCCGCTCCTGATCGATGATCGTGATGGAGGCATAGATTCCGTCGGCAGGTGCCACGCGCTCAGAAGGTAGTCGCAGGTTTGCCGTTGGCCATCCCAGGGTCCGCCCCCTCCCCTCGCCGGTCGATACGACACCGTTGAGCGCATACTGGCGGCCAAGCAAAACAGCCGCTTGATCAACCTGTCCTTTAATAACGAGCTGTCTGATTCTTGTCGAGCTGACGACTCCTCCATCGATGGTCACAGGAGGCATGGGATGGACGAGGAAATCAAACCGTTCGCCGAGCGTGATCAAATCACTGATTTTCCCCGCTCGCTTGTGTCCGAAGGCAAAGTGTTGTCCGACGAAAATCTCCTTCAGCCCAAGGCCCTTGGATAGAATCCGTTCGGCAAACTCCTCCGGAGAAAGTGCGGCAAATGTTTCGGTAAACTCCAGGAAGACCACCTCATCGATTCCTGCTCGTTCAAAACGAGCGAGCTTCTCCTCCTTATCGGTCAAAAACCGTAGGTCAACATGAGGAGCCAGGATTTTCGCCGGGTGAGGATCGAAGGTCAGCACTACCGCCGTGCCCTGGGCTCGGCGCGCCGAATCGACCACCTGTTTCAAGAGGGTATGATGCCCGATGTGATGCCCATCGAAGTTCCCGATGGTTCCCACGGGATACGGCCGCACGGTCTCGTCCGAATATCCACGGGTGACTTTCATTTTCGATCAATGAAGCAGCCTGACGGCGTCCTTCGCGAAATAAGACAGGATCAGGTCAGCTCCCGCCCGCTTGATCGCCAGCAACGACTCCATCATCGCGCGCGCTTCGTCGAGCCAACCCGCCCTCGCGGCCGCTTTGATCATGCTGTACTCGCCGCTCACTTGATAGGCGGCGATCGGACGGAGCGTACGCGCGCGCGCGGCCGCGATGATGTCCAGATAGGGCAACGCCGGCTTGACCATGACAATATCGGCTCCCTCTTCGACGTCGAGGTCAATCTCGAGCATCGCCTCGCGCGCGTTTGCCGGGTCCATTTGATACGATTGCCGGTCTCCGAATTGAGGGCTGGAGAA
CP060501.1_gap13	503131	506876	3745	GGCCTTCATTCTCGACGCTACGAGGCACGTTGCGGATAGGGTCTCCATCGTCGAGAAGAACCGACAGCACCTGCCCTTCCTTCATGGTCTCAAGTTTGAGCTTCGTCTTCACAAAATTATAGGGACAAATCACCCCGCGAAGATCCAGTTCAACGTCGGAGCTCTCGGACGGAGGCTGATGCTCGGTCATATGTATTTCAACTCCGTGTTATCAGGTTCACGTACATTCGCATGGCCATCAGGAGTGAAATTCTAGCACACGGCGAAGTTCAAAAAAAAAGGGGCAGCCTTGGCTGCCCCTTTCGCAAAATCGAATCTTAAAACCTCAGTTGAATCCCTTCACCAAATTCGGCTTGGCCGCATCCGTCCCGTAATCGGACTTGTTCGGGACCTTGGTTTCCGGCGCCACGGTCTGATATCCCCATCCCGGTTGGGGTTCGCAATTCCAACAAGGAGCCGAACCGGTGAACTCGCCGATCGTGGTGTCTATGGTTCCGGTGATCTTGCCGGGCAACACGGATCCCGCCACTCCACCGGTCGTACTGCCGCTGCTGGTCTCGATCCCCCGTTCAGTCGAAGGATTCGGGCGCTGACCCAATCCGCCGAATCCTGCGAGCTTTTCATTACCACGCAGCAAGTAGACCTCGCGGACGATCTTTCGGCCGATGCCATACTGCTGATTGGGCGTGACCGCTTCTACTACCTGGAGAGAGATATCATCGCCGCTGTTCAAGACCTTGAGCTGGTCCATGCTGGTTCTCTCATCGAAGTACACCGTCATGGAGCTCATGGTTCCTGACCCGGCACGGCCTTCGTCATGAGAGCTTCCGCCGGTTTCCAGGAGCAGTTTCCCTGAAGGAAAATCAACGGCCAGGACGCGTCCGTAGATCGTCTCTGGGAGAGACAGGCGATCGAGGAATGCATTGCGATCATAGGCCTGGACACGATTGGCGTTTCCGGACACATCGCCAACCCCGGTACCCACACCCATTGCAGACCCACCGGATTGCTGTAGTCGCTCTTGAGCCACTGCAACATTCATAGAGCCGACACAAAGTATCGCGGCCACTAGTGCCAACACTTTACGCATGTGCTGCCTCCTTAATGATTTGGACAGGTGACGCTGTTGGAAGATTTCGAACGATCATGTTTTAGAATTTGGACATATCTTGGCTGATCGCGGTCTATCACTTCTGGTTCAGTTATACACCATTGAGAAATATAGGAGAAATTAGGCTAATAGCGCGGCGCTGTCAAGGGGTGTTTGCATCGTAAAGTTTGAAGCTCGACCACTGCCTCGCCGATCAAGACCCGATGGCATCGTTCAAGCCATGGGCCACGTCGGCTTGACGTGGAATTGGTGCCCAGAGGGAGGGTCGAACTCCCACTCTCTTGCGAGAACCGGATTTTGAGTCCGGCGCGTCTGCCAGTTCCGCCATCCGGGCAAAGCCATCCACGGGTCGGCTTGTGGAGCGCATTTCTAGCATGTCGTCAGGACAGGGTCAATTGCGTGACCCTGTCTTTCTTTGGTTCGAACATTTCTGTTAGAATAAAAATTCGCTTAGTGATGGTTGAATCGTAATTTGACAAAGGAGTACGGTAGTTATGGCAGAGTTATCGTGTGTGACTTGCGGGCAAACCGGCGAGGCGATTACGGCTCCCCTATTTCTCGGCAAGCTTGAGTCAGAGGTGAAGAGCAAGGTCTGCGTGAACTGCTGGAAAAAGTGGGAAGGCATGCGCGTGATGGTCATCAATGAATATCAAGTCAACCTCGGTGATGAGAGTGGTCGTGAGCTCGTTCGCAAGCAGATGAAAGCCTTCTTGAAGCTGGGGGAGCAGGTAGACTCATCAAAGGTCGCAGAGAATTATCGCCCGCCAAGTAACTGAGTAGACGATCCTCTCAAGAAGCGAGCTGGGAGACTAACCTGGAAGTTTCCTCTGCATTGTCGCTGAGTTCGTTGACATCCTGAATTCGAAAGTGTTACGGTGGGCTGCTATCCGTTAAGTAGAAATGTGTGGTGAAGCAGGTGGGCAGATGATTACGCAGATGCAGGTCAAGGGGCTCATGTTTGACCCCTACAATAATGCGTATATCGTCATTCTTCGGGACGATGAGCAAGCGGAAATGCTTCCTATCTGGGTTGGAAAATCGGAGGCCAGTTCGATCAGCCTGGCGCTTGAAAATGTCGCTCCGCCTCGCCCGATGACCCATGACTTCATGAAGTCGTATCTGGACGCATTTAACGCCAAGATCATCAGTGTGGTCATTACGGATCTGAGCGAGAACACGTACTTTGCCAAAGTGCATTTGACCTATGCGGATTCCGAATATACCGTCGATTCCCGTCCAAGTGACGCCATCGCCCTTGCGCTCAGGACCCAAGCTCCCATTTTTGCGAGCGAGTCCGTGATTCGAAAACAGAGTTCGGAAGAACTCGATCAGTGGTTGGAGAATCTAAAACCTGAGGACTTTGGAAAGCTGGATTCTTGACGGATTGTCTGGTTTTATGGAAGAACAATCGCCTCAATCGCCGGAACCGTTAATTCAGCTCACCGTCAATCGCGTCGTTGAAGACTCGAATACGGACACGAGGATCGTCGTGTTGGCCCGAACGGACGGTGGATCGGAACAGTTCATGGTGTGGGTCGGAGCATCCGAGGGTGAAGCGATCAGACGCGCCTTGGATACGTCGATGACCCCACGACCCATGAGCCACGATTTAATCAAGAGTTTCGGAGAACATCTGGGCATCAAGACGGAGCGAGTGGTTCTGACGGATGTGAAGAGTAGCACCTACTATGCGACCGTCTTCCTCGAAAACAAAGGAGTGGCACGAACGATCGACTCTCGGCCGAGTGATGCCATCGCCTTGGCTCTTCGATGCCAAGCACCTATTTATGTCACTCAGGATGTGTGGAAACGGCGAAGCGGCCAAAATCTCGATGCCTGGTTGTCGAGGCTGGAAACGAAGAATATCGGTGCTGGGGAAGTCTAACTCCTTCTTAATGTTGCAACGTTAACGCAGTGGAGAAGAAAACGATGATGACGTACTTGGAAAAACCGACAGAGGTGAAAGAAACGTGGCATCTTGTGGATGCCGACGGGAAAACCCTGGGCCGGCTGGCCGCAAGGGTGGCGAGTGTCTTACGGGGGAAGCATCGGCCGACATTCACCCCGAATGTCGATCTGGGTGATCATGTGGTCATCGTGAATGCGGAGAAGATCCAGTTGACCGGCGGAAAGATGGAAACCAAACTCTACCGGCGTCACACGGGATATCCGGGGGGTCTTAAGACGGCTTCCGCCGAGCACCTGTTTCGTAAAGACCCTACACAACTCCTGACCAAAGCGATCAAGGGTATGCTTCCCAAAACGCCGCTTGGCAATGGTATGGCGCGAAAACTCCGTGTCTATGTCGGACCTGACCATCCGCATCAGGCGCAGCGTCCTGAGCCTATTGCTCTCTAGAGATTCATTTCATAACAGAAGGAGACGAGTCGTATGGCAGTGGTGACACAGTACGCAACAGGACGGAGAAAATGCGCAATCGCCAGAGCCTGGGTAACGGGAACCGCGGGCGACATCACCGTGAACGAGAAGCCGTTGGAAAAGGCGTTTCCTCGTCTTACCCTTCGGCAAATCATCCAGCTGCCGCTTGAAATGGCCGGTCTCATGGGCAAATACTCGATCAGCGCCACAGTCTATGGAGGCGGACCGACCGGACAAGCCGGTGCGCTCCGTCAT
CP060501.1_gap14	508219	513177	4958	TAACCAAGAAATTATGATGAGACAAAAGCGCGTGGGTGTTACAGCACCGCTGGGATTCCGAGCAGCCGGTATGCATTGCGGGATCAAAAAGCCGGAGCTTCTCGATCTCGCCCTGTGCGTGTCCGATGTCAGCGGACCGATCGCCGGAGTCTTTACGAAGAATCGAGTCGCTGCCGCCCCGGTTCTCGTGGACCGACGCCATCTTCGGTCTCATCATGGACGGGCTATCATCGTCAACAGCGGCAATGCCAATGCTTGCACAGGAGAACAAGGACTGGTCGCGGCACAAGCCATGGCCGCAGCGGTGGCGCAGCAGCTTCGCACTCCGATTCAGCAGGTGTTTGTGGGGTCAACCGGCGTCATCGGTCGAGCGCTGCCGATTGATCGCATCACGGCGGCTATTCCGACCCTGATTTCACGCCTCAGTGTTCAGGGAGGCGGCCAAGCAGCTCAAGCGATTCTGACCACGGACCTGCGACCGAAAACGGTCGCTCTCCAATCCAAAATAGGCGGTCGCGTGATCACCATCGGGGGCATGGCCAAAGGTTCTGGAATGATCCATCCGAATATGGCGACCATGCTCGCGTATCTGACAACCGATGCAGCCATTGCTCCGCTCGCACTCCAGCGGGTGCTGAAATCCGCCGTCGATCAATCGTTCAACTGCATTACCGTGGACGGTGATACCAGCACGAACGACACCGTCCTCTGTCTAGCGAACGGTCTCGCCGAGAATCGGGCTCTCCAACAAGGCACCCGACCCTATCGCGACTTCGAACGCCTCTTAACCGAAGCCGCACAGACGTTGGCTCTCATGATTTGCCGTGATGGAGAAGGGGTCACCAAAGTCGTGAAGATTCTGGTCGAAGGGGCCTCGACGGCGGCGGCGGCGAAACGGGTGGCCGAAACCGTCGCGACATCCAATCTGGTCAAAACGGCCATGTTCGGCGAGGACGCGAATTGGGGAAGAGTCATGGCGGCCCTCGGCCGATCCGGTATTGCAATCGATCCGGGCAAAGTCACGGTACGCTTTGACGATGTCGTGATGGTGAAACGAGGGGTCGGACTGGGGCTTGAAGCCGAGAGCAAGATCGCTCAAGTCTTCAAGCGGAAAGAGTTTACCGTCGCCGTCCATCTCGGGCAGGGCGCGGCCTGCGCGCACATGTGGACCACGGATCTCTCGTATGATTATGTCCGCATTAATGCAAGTTATCGATCGTAGGTCGCAAGCCGCTTTGCAGCTTGAAACCTCCGCGGGACTATGGTAGCGTTCCCGGTCTGGGTCTGACAGGGGCCGATTCGCGGTAAATGGAACCGGTCCATTTCAATAAAATCACTATCAGCGTTAGGCACGCTGCACAGCTTGAGAATAAGGGAAGCGATTCCCTCGCCCTGATATTGGGCGCTCTGCAAGCTTGAAGGGAGGTGAAGGCATGGGAGTGGTGGCAATCAAAGAATTGTTGGAAGCCGGCGTTCATTTCGGGCACCAGACGAACCGCTGGAATCCCAAGATGAAAAAGTTTCTGTTCGGCGAGCGGAACGGGATCTATATCATCGACCTGCAACAAACCCTCGCACGGATGGAGCAAACCTATGCCTTCGTCCGAGATCTTGTCACAGCCGGAGAATCGATCCTGTTCGTCGGGACGAAGCGGCAGGCGGCGGAAATACTCGAAGAAGAAGCCAAGCGAGCCAATATGTTTTTCGTCAACCAGCGATGGCTGGGTGGGATGTTGACCAACTTCCAGACCATTCGACGCAGTATCGATAAGATGAAGAAGATGGAGACCACCCTCCTCAACCCCAGCGAGCACGGTCTCAAGAAGAAAGAGATCCTTCTTATGCAGAAGGATATCGCCAAGCTCCAAAAGTACTTGTCCGGCATCAAGAACATGCGCGGCCTTCCGGGAGCGGTGTTCATTCTCGATACGAGAATCGAGAAAATTGCCGTTCAGGAAGCGAAACGGCTCGATATCCCGGTCATCGCCATCTTGGACAGCAATTGCGACCCTGATGACATCACCTACCCGATTCCCGGAAATGACGACGCTATTCGCTCGATCAAGCTGATTACGTCCAAGATCGCGGATGCGTGCATTGAAGGCGCGCATGTGAGAGTCCAGCGTGAAGAAGCCGAGTTTCAATCGGCTCCCGCCGGCGGGGAAAAGAAACCAGGGATGCGCGTCGAAAGCGTTCCGGTTTCGTAAGGTAGTACGATCGATTCCATCAATGGCCCATCCTCATCGAACGTGTGAAGGAATAACGAATCATGGCAGGATCCAGTCAGCTCGTGAAAGAACTTCGGGAAAAGACAGGGGCAGGCATTCTGGATTGTCAGAAGGCCCTCACGGAGAACGGTGATGACGTCGAAAAAGCGGTCGACTATCTGCGGCAGAAAGGACTCGCGGCGGCGGCCAAGAAAGCCGGGCGCGAAACCAATCAAGGGCTGATTCATTCCTACATTCACATGGGTGGAAAGATCGGCGTCTTGGTCGAGGTCAATTGTGAGACCGACTTCGTCGCGCGCAACGAAGAGTTCAAAGCCTTCGTCAACGATCTCGCTCTTCAGATCGCCGCCGCAAAGCCTTCATTCGTCAAGCGCGAAGATGTTTCGCCTGCGGTCGTCGAGAAGGAGAAATCGATCTACGAGGGGCAGGCTAAGGAAATGGGCAAGCCTCCCGCCGCATGGCCCAAAATCATCGAAGGGAAACTCGAAAAGTTCTACCAGGAAAACTGCCTGCTGGAGCAGTCGTTCATCAAGGATCCGGCCGTCACCATCAAGGATTTGCTCGCCCAAAAGATCGCCAAGATCGGCGAGAACATGATTATCCGTCGGTTCACCCGCTATCAGTTAGGCGAAGCATGAGCTCAGCGAAATACCGCCGCCTCCTTCTGAAGGTCAGTGGGGAGATGTTGGCCGGTGAGCAGGGCTACGGCATCCAACCGTCTATTCTTGAAAACCTTGCCGAAGAAATCGCCTCCGTAGTCGCCCTTGAAATTCAAGTCGCCATCGTCATCGGCGGCGGCAATATTTTTCGAGGGATCGCAGCAAGCGCCGCCGGGATGGAACGGGCGTCTGCCGACTATATGGGAATGCTGGCGACCGTGCTCAACGCCCTGGCCCTCCAAAATGCGCTGGAACGGGCCGGGATCATAACCCGTGTTCAATCCGCCATCGAGATGCGCCAACTGGCCGAGGGGTACATCCGCCGAAGAGCCATCCGTCATCTTGAAAAGAACCGTGTGGTCATCTTTGCCGGCGGGACGGGAAACCCCTATTTTTCAACCGACACCGCCGCCGTGCTGCGCGCCATGGAGATCAGCGCTCAAGTGATCATGAAGGGCACGAAGGTGGATGGGATCTATGACGCCGATCCCGTCAACAACCCGTCGGCGAAGAAGTATGAGAAGATTTCTTTCTTGTCCATCCTGAATCAGAATCTCAAGGTCATGGATTCTACCGCCATCAGTCTGTGTATGGATAATAAATTGCCTCTTACCGTGTTCAATTTGAAAGTGAAAGGCAACTTTAAACGTGTGGCTATGGGCGAGCCGATCGGCACGTTGGTGACGCTCGGCGATCACTGACCCTAACACGAGGTGCTCTCATGTCCAATGCAGCCCCGGTTCGACAATCATTCATCGCCCGCATGGATCAGGCTCTCGAGCACCTGCGCAGAGATTTATCCGGCCTTCGCACCGGAAGAGCTTCCGTGGCCCTCTTCGACGGAGTCCGCGTCGACTATTATGGAACCATGACCCCGCTGAAGCAGGTTGCCAACATCGCCACCCCGGAAGCACGGCTGGTCACCATTCAACCCTGGGAACCGAAACTGATCAAAGAAATCGAGAAGGCCATATCCTCTTCCGGATTGGGTGTCACGCCGTCAAACGACGGGAAGTTGATTCGCGTCCCACTCCCACCGCTGACGGAAGAGCGCCGCAAAGAGTTGACCAAGGTGTGCAAGAAGCACGGCGAAGAAACGAAGGTACAGATTCGGAGCTTCCGGCGGGAAGCGAACGAAGAGTTGAAGAAACTCCAAAAGGATGCGAAGCTTACCGAGGATGAACTGCGCAAAGCCGAGCAGGACACTCAAAAGCTGATCGAGCAATACGGGCAAAAGATCGACGACGTGATCAAGAAAAAGGAACAGGAAATCATGGAAGTCTGAGTCCGGCTTCCTGATTCTCTCTTCATCGCGTGCCGATTCCTTCCACTTTCCAACCGACCGTTGCCACCATCGATCTGACGGCACTGGCCTATAACCTTTCTCAATTTCGGCGGATTCTTTCTCCTGGATGCAATGTCCTGGCGGTCGTCAAGGCTAACGCCTATGGCCATGGGGCGATTGAAGCGGCACACACGTTGATTCGGCATGGTGTCACTCGCCTTGCGGTCTTCTCGACCGACGAGGGAATCGAGCTTCGGCAGGCCGGCATCAATGTGTCGATTGTCGTTCTAGGCCCGGTTTTTAAAGAGCAATTTGGGGATCTCTTTACCCATCAACTCACTCCGGTGGTGAGCGATCTTTCCATGCTCTTGGCATTAGGCCAAGCTGCGGCTGCACGTGCCGTCCCCTACCCGATCCATCTCAAGATCGAGACCGGCATGGGTCGGTTGGGGCTGACGCAGGACGAACTGGAGACACTGGTCAACGCCCGTCAGTTCCCCGCTGCTCTACAGTTGGAAGGACTGATGTCTCATCTGGCCGATAGCGACGGTCTCGCCCCGGATGCGACCGAGGAACAGATCAACCGCTTCAGCCGAGCTCTGAAGGTCGTGGTTGGGGCAGGGTTCCGCGTTCCCCTCATTCACGTCTCCAATAGCTGTGGAGCCGTCCGTTTTCCTTCCGCCCACTTCACCCTCGTTCGTCCCGGTATCATGCTCTATGGATACCATACTCTTCCCCGTTCCGTTCAAGCTCCCGACCTCAAACCCGTTCTCTCACTCAGAACAT
CP060501.1_gap15	518808	520989	2181	TGTACTGATCGCCACACGGACGTGTCCCGCCGCCACCACCGCCGGCATCGTGACACTGCTCGCTTCCGGATAGTCGACCGACCAGAGCAGCACGCGCTTCTCCCTGGCTTTGGCCGACAGCATCTGCGCGAAATCGCGCTCCCCTCGGAGCGTGTTGAGAATGAGAATGGCGTGTTCAAGGTCCGCGTCTCGAAAATGGCGGCCGCGATGGATGATCTTGCCCGAAGCCGCCAACTGACGCAGCGATTCGTTCAGCGTAGGGCTGATCACAGTCACACGCGCGCCGGAATCGAGCAGGCGTTGGGATTTTTCCGCCGCCTCCTCATCGCCGCCGATCACCAGGACCAGCCAGCCTTTTACGTCCAGGACAAGAGGAAAGCCAGGATTCGCAGCCATGATGGTACTCCCGTTTCGACTGAGGGGGCCAGTATCCGAGAATGTGCCTCGGCATGCAAGAGGCTTTTGGACGGAATGTCCCGACTCCACTTTTGATCGAGGCCTGGTTATAATGCGGCGCTCTCGATCGGGCGGGAGAGGTGAGGGCGAGGCTTCAAACTAGCAGGACGTGTGTGAAGACACGGGATGTGAAGCACAGATGATTCAGCCGGGAACGACCCTCACGTGTCGGCGGGATCCGCATCCAACTCCATGTTCCAGTACAGATAGTCACGCCAGCTTTCCGGCGTGTTGCGAATGCCGATGGTGATGGTAATGACGGGGCTCCACCGGGGTTTCACCGGCCGCTTTTTCAACCGCATGCCGGCTTCTTCCGGAGTCCGCCCGCTCTTACGATTGTTGCAGCGCCAGCAGGCGGTCACGATATTTTCCCATGTCTTTTTTCCGCCTTTGGCGATGGGCACGACATGGTCGAACGTCAGTTCTTCGGTTCGGAATCTGTGATTGCAGTATTGGCAACAGTAGCCGTCTCGCGTAAAAATATTGATACGGGAAAACTTGACCGCGCGATGACTGTCCTTCAACTTCACCAGCTTCAAGAGCCGCATCACGGCCGGAAGTTTGATCGACAGCGAGATCCCGTGGATCTCCCGGTCGTAGACCTCCAACACTTCGACTTTTCCTTGCCAGAGAAGCGCGATCGCTTTTTGCCAATGCACGACCCGCAGGGGTTCATAGGTCGCGTTCAGCAGGAGGGTCATTTCCATGCAGAAACCTCATCCCCATTCGGGCCTCCAAGAGGGTCGTGGAGCGTGTCCGCGGGGCAGGACTACTTGGTGATAGTTCTATGCCATAAGGTGGCTGTTAAATCAAGCAAGCGCCCATCTGATGCCGCATACGGCGGACCCCCGGAACGATGACCATGACGAACGATTTCGTCAAAGCAGCCTTCACGCACGAGATTCCACCCGGCACGGGACGAACCGTCGAAATCGACGGGATTTGGATTGCGCTCTTCAACGTGGACGGAATGTTTTATGCGGTCGACAACACCTGCCCCCACGCGGGCGGTCCGCTTGGGGAAGGAAAGCTCTGCGGACCCGTCGTCGAATGTCCCTGGCACGGCTGGAAATTCAGCGTCATGTCAGGCGAACGAGTCGGGAACTCCAACTTCCAAATCACCCGTTGTGAGGTGCGCATTCAAGGGAATGAAGTTCAGATCGCCATACCACCGGCGCTCAGAGAGCCGGTTTGAGACAGCTGCCGCACCGTCGATCGGAGAACATCGCTTTCCAGCACCGACAATCTAACTCTGTGACGGACCCGGTGGCGATGGAGCAGGTCGCTCATCGGCATCGGCCGCTTTCGGGGTCACGCCGTCCGCCGGCAACGAGGCGGCGTTGACCTTCTTGAGTTGAAGATGGGCATGCCAGATGAACTCCCGCTCGAACCATTGACCATGTACACCTTGATCGCGAAGTTGCACGCGGATTTCGTAGATATCGCCATCGACGTGCTTGACGCGCCATTCTCCGAGCCGAACCCCCTGCCCGCGTTCCTTCATCATACGGACATGTTCAGTCATGGCTTGCAAGATCGTGGGATGTCCGATCGCAGGATGGTTCTGCACCAAGGTCAAGGCTTCAGCCTCTTGCTGCCCTCTCGGTGGAGTCGCCGACGGCAACGTGGACCACGCATAGTACAGTCCGGCCAGCAGCAGAAGAAGGACGACCGCATAGTTGACGACACGCGCGCCGAGCGATCGGGAGATGGTGGCACTCTCAG
CP060501.1_gap16	530604	532602	1998	TTGCCGCACCCTTCGGAAGCATCGACCTCCTCCTGTGCCATAGCTACCGCCGACATCATCCCCCTCTCATGGCGACGAACAACTACTCCAGCGCCACGAGGACGGCTCGTGTCTGAAGGAAAGCTCGTCGCTTGCCCATGTGAAGCACATCACCACAGCGAGGGTAAGCATGTTTAGCCTGACCAACTTCACGCTATCGGAACTGACGGACAATCTCACCATGCTGCGCAAAATCGGCGGCGGGGCCACAAGCATGGAAGAAGCCGCAGGTCGAATGGTTCGCCACTTCTACGACCGCTTTCTGATCAAAGGAACCGCGCAGCGTTCTTGCGCACTGGTGCGGTTGTTCATCACGCAGCCGTTCGGCAGGCTGGATACTGACTTGCAAATGCGCGCACGGCGGATGCTCGGGAACATCCAGGAATCTGCTGCGCATAAGTGCCTCGTCCTGTTGGGAACCGTCGGGGACGAACCGGAGTGGAATGCGAGACACCTGTCGAGAGGCCATCAAGTCATTCCGCTGCCGAGCGAACAGGTTCTCACCACTATTCCCATGATCTCGCAGCTCATCAATCAGCTGGGAGTCGATGTGAACTGTGTCCTCCGGCCGACGCCGAGCATGCTCCTCGCGGCTGAGCAGAAAACGTACAACGTCTTCCATGTGTCCGATGCGGCCGGAAGTCCCTACATTCCGGCGAAGGACAATTTTGTCATTCCGTTCGGTATTCAATCTGTGCTCGGGTTTGGGGGGCTGCTGCCTTCGGGAGAGTTGTTTGCCCTGATTCTGTTCAGCAGAAGCTGCATCCCTGAGGAAACCGCGGGGCTGTTCAAGCCTTGCGCGCTGGCCGCGAAGGTGGCCTTGCTTCCGTTTGATCGGCCGGGAGCCATTTTTTCCCACCCCTCTCCGGCGGCGAGGCTTCCGCATCCCCCGGCCGCACCGACCGCCGATCAGCTGCGCTCGGAAACACTGGTGCTCGACCAGTTGATCGATGTCTATGAGCGCACCGTTCGTGAGCAGTCGGCGCGCCTTGACAAGGCATTACTCGATGCCCAGGCGGCCGCGCGAGCGAAGTCGGCGTTCCTGGCCGTCATCAGCCATGAAATCCGCACGCCCCTGAACGGCATCATCGGAATGACCGGACTCTTGCTCGATACGGATTTGACGACTCAGCAACACGACTACGCCGAGACCGTGCGGCGATCCAGTGATTCTCTGCTCGATATCATCAATGACATCCTGGATTTTTCAAAATTCGAAGCGGGCAAGTTGACCTTGGAGATGATCGATTTTGATCTGCGAACCATGATCGAAGAAGCCTTAGACCTCTTTGCCAGACCGGCGCAGAGTAAAGGATTGGAGTTTGGGTGCCTGGTTCATGCGGATGTGCCCACGGCGCTTCGCGGAGACCCAGGCCGGTTGCGCCAAGTGCTCGTCAATCTAATCTCCAATGCGCTGAAGTTTACGCAGCTGGGAGAGGTCATGATTCACGTGACCCGTGGCACAGAGACCGCGCAGCAAGCCATGATACAGTTCGCCGTGTCCGACACAGGAATCGGCATAGCTTCGGAGATCCGGACGATGCTGTTCAAGCCGTTCTCCCAGGCAGATACTTCGACCACTCGCAAGTTCGGCGGGACCGGCCTGGGTCTGGCCATCTGCGAACAGCTCGTGGAACAAATGGGCGGGACGATCGGATTCGACAGCCAACCCGGCCATGGCAGCACCTTCCGTTTTACCGTGAGATTGGACAAACAACCGGCACAGCCTCTGCACCGGCCGATGCTCAAGGGTTCCCTCCTGGGACGACGCCTGTGTATCGTCGACGACAATGCCGCCGCCCGGCGTATCCTCGAACACTATGCCCTGGAATGGGGGCTACAGAGCGTCAGCGCTTCGGACGGTGCTCAAGCCTTGGCGATCCTTAGAGACGCTGCGGCGAAAGGAGAGGCCTTCGAGATCGCAGTCCTCGACCTGTTCATGCCGGGCATGGATGGGTT
CP060501.1_gap17	564167	567586	3419	AATGACCGCTATGTATGTCGCGCGTGGAGTCGATCACGGCCTCGCCTCTGCTGTCACGACCCAATTGATGACCCATGATGCACTGGGCGCGCATAGCCGTGAAGAGCTGGGTCTCACTGACACAGTGGCTGCTCGACCGGTTCAAGCCGCACTCGCGTCGGCCGGCACGTTTTCGGTTGGTGCACTCCTCCCGCTCCTGATTGTCGTGGCGGCGCCGAAATCGATGATTCTGTGGGCCGTGTCAGGCAGCTCACTCTTCTTTCTTGCATTACTCGGCTCGCTGGCCGCGCAGGCCGGTGGCGCGCCAATCATGAGAGGTGCCGCGCGAGTTACTTTCTGGGGTGCCTTGGCCATGGCGGTCACGGCTGGCGTTGGAGCCTTGTTTGGAGCAGGGTTCTAAGATGGAGCGGTCGAGATTTTGGCACAACAGACCGTCATGCCCATCGGCAAGCCGAGCGCGGCACCCTCATTAGATTCGTATCGACCTGCGGTTCAACGGTTCGCGTTGAGTCGTACGCCGACGCAACCTTCTCGGCAAACGGGGAACCCTCAATACAGTGGAGCTTGAGGGCCCCATCGCAATCCGGCGAGATCCGGGTCCTCACCCTCTTGGCCAGGCCGGTCGCGCTTATTGGCTTTGCGCAGCGCGCGGCGCTCTTCTTTTTCACGCTGCTTCTGAATGCGGGCTTTTTCACGGTCTCGTTTTGCGAGCGTAACTTTACCTGGTCCTCCGATGATGCCCTCCTTCAGCTATGGCGTAGCTGCGCGCGAGTGATCCTATGTAAGGGCCTCGCCTTTTCGAGTTGATCCGGATACCTTGACAACTTTTTTACGGGATGCGCCGTTCATATGAGAACGAGAGAGCGTATCGGGACTCAAACCGTGGCTTGACGCTGAGATAATCTGACGGCGAATGTCTTCTATCGAAGGTGCGGACGAGTTGCTCGCCGGATCTTGAAGTCCGAGCAGATCCCAGTGAACTCTTGTTCTACGAATGGCTCGTTTCCGTCTAGGTGAGGCTTTGGTCCCCCAGGACATATCTGACTCCTCTCTGATTCCAAACGTCTCGATCGTAGGAAATGCGTGACCGGATTGTTTCGATCGCGTTACTCGCTGGGTAATACGGAACCCTTCTTGCCGATTCTTACAAACCGATCTTCCGCAAAGACCGACCGTAGCCGGTCGGTGACGGACCGACGATACAGTTCGGATTCGCGGCCGACCAGAATCAAATTATCCTGATCGAGCAGAATATTGAGATGGTTCTCCGATACGAGCAACCGCGTGCTGTCACCCACATTCACGCGATACTGTGTCTTCCCGTCAGGGTTGCGCTCCGAATTGGACACGATCTCGGTCAGTCCGTCAATGATGCCTTCATAGGCTTCAGATCGATGACGTACTTTCGTGCCGTCCGGGATTCGGACCCAACGGTTCTCAGATGTAGATGGGTTCTGCTTCATCGCGGTTTTTCTCCTTGCCTCGAACACACACGACGCATCGGTCCGGGGCGTGATGGCTGACAAAAAAGGCCTTTGCCCGACGACCTTACTGCACACCGATCAATTCAATCGCGCAGGGACGGAACCAGGAGGGAAGAGCGCGAGGATTAAAATTCGTCTGTGATGATTGTACCATACTCACGTGCACATTGTGAATGGTGGCAACTCCGACACGACGGGACTATGCTGCTCCATCCGGTATCGCACCAGCGCCCTCCCAATGTAGGATACCGCGACGAGTCGTGACGAGATACAATCGGCGCCATCATGGGGAGATGATGATGGCGCGCTTTTCTCACAAGAGAACCTACCAGCGGTATCCCTTCCATGCTCCACTGATGATCGGCGGAGAGTCGTTCGTCGAGGAGGGCACGCTCCGAAATCTTTCGATGCACGGGTGTGCGATGGAATGCGATCGGGAATTACCCATCGGCAGCAACGTCAGAGTGAGTCTGCTCTTACCCGATCAGACGTCCGCACTACCTATTGAACTGGGCCGGGTAACCTGGGTGCAGGGAAATGAATGCGGGATTGAATTCGTGCAGCTGCCGCTCCAATCGCGTCAACGTCTCAATCGCACATTGCGTATCGCCCTCATGCAGTTCCTGAACGCTCGCAAGAATCGGGAATTAGAGACGTGCAGCGCTTAGCGACGGCCGTGACCGATCTAAGTTGCGACTCGTCCTCCTTTACCCTCTCACTTCGTGCGGACCTTCACGATGACCGCGGCAATTTCCTCCAACTTCACCGTGGCGTCGAAGAATTCCATCCCCGCCAGTTCCGTCAGTTGAACCGCGTGGGAGCCGACCTTCGCAACTTTACCGTCCAGGTCATGGCCTAATTCCAACTTGACCTTCACCCGCTTTCCGACCTGTTGCTCGAGCGCCGACTTGATGGCATCGGGGCTGCTCAAGTCCACGGTCGGTTCGTCCGCCGACACCATTGTCGGCATTCCGGCAAGCCAGAAACTAAAGATCAATGCCATGGCACAGACCACCATCGCCATCCATCGATTCATGAAGTCCTCCTTAGTAAGTGACAAGGGACGATAGAGTAACGGAAGCACCGACTAAGCACTATCGCGATGAACCGTTCCCGGTGAAAACGCCGGAATACAAATGGCGAGATACTCGGCTCCGTCCGGACCGGGCGTGCTATACCGCACCCATTCTCCGCGCGCGGTCATCACGGCCTGTCCAGCCTGTACTTCCAGTACGTTCTGCTTCGTCTCCACCCGCAGCATCCCGCGCAAAACCACCGTGTATTCGTCGAACTCCGGCATTTGCCCAGGCTCCTGCCATCCCGTTGGACTCTGCATGCGGGCAATACTCACCCCTGAAGTGCCGGAATTCACTCGGCCGATGAACTCGTCGATCAGCTTCGGTTTGTTCCCCGCCGCCGGCACTCGCGTTGGACGTTCGATTAAAATCGCCATCGGTTCTCCTTGCCGTCCGGTTGCTCAGAACTCCTCATCCGCGCAAGCTACAACTTTCTCGGCCACAAGGAACTCAGTTCAGGATACTTCGCTCGGTAATCGGCGTGGCTGGCACGGATGACCTTCAATGCTTCTTCCCGTCCGTACACGCTGGTGATTTCCACCTTGTGATGTGTCGTCCCGGGGGCGCTTTTATACGTCAGAAAATAATGCTGCAACCGATCCATGAGCGCCGCCGGACATTGTGAAATGTCCGTGAAGTTGCCGTACACGGCATCGTCCCGCATCACGGCGATGATCTTGTCGTCTGCGTCACCGCCGTCGGCTAGGCTCAATCCGCCGATCGGGAGCGCAGTCAGCAGGATGTCGCTGTGCGGAATGCTCTTTTCCGACAACACGCAGATATCGAGCGGATCACCATCCCCCACCATGTCCTTGCGGCGCGCTCGCTTGCCGAAGATGGCGGCCACTTGTTCTCCGGA
CP060501.1_gap18	709488	713448	3960	GGTCTTGGCCGGCGTGCCGGAGTCGCAGGGGACCGATTCGGGAGGAAAACCGAAACGTCCCAGGCCGTCGAAGCCGGGTGATGTGGCTCCCCCCATGCCCGGCCGCGTAGTGAAAGTGCTGGTTGCGGTAGACGATCATGTGAAAGTCGGGGATCCCCTGTTGATCATCGAAGCGATGAAGATGGAAAGTCGGGTGCCGGCGCCGATCGATGGAAGAGTCGCCGCGATCCTAACCGCCGAGGGTGACAATGTGAAGACAGATGAAACGGTCATTCAACTGGAGTAATTCCAGCGCCGGCTCGACCTCACACCCGTACAGACCTGAACGGCTTGCGCTGTGCATCCTGTGCCTCATATCGTACCTCATGAGCTCCTGTGCCACGCCCTTACAGATCCCACCCTATTTTGAAACCTTAGAACGTACCCCGATAGAACGCATCCCAATCAAGACCGTCCTCGTCCGCGATCAAAGGATCGCGTATCTCGATATCGGTACCGGCCCACCAGTCATCTTGATTCACGGCTTCGGCGGATCCATGTGGCAATGGGAACATCAGCAACATGCCTTGGCTCAACATTTCCGTACCCTGACGCTTGACCTACCTGGTTCCGGATTGTCCGACAAACCTGACATCGATTACCTGCCGGACCAGATGTTGGACTTCTGTATTGGATTCATGGATGCCCTGCAGATCCAGAAAGCCACCCTGGTCGGCAACTCCATGGGCGCCGGGTTGGTCATAGGAATGACATTGACCCATCCAACCCGTGTCGACAAACTCGTGCTCATCAGCGGGCTACCGTCTCATGTCATAGCCAAGCTCACCAGTCGGTCATTCAGGCAAGCCCTGGAATCTCGAGCCCCTACCTGGCTGGTCTCCCTCGGCAACTGGCTGTTCGGCGGGCTGGTCACCGAAACAGTCCTGAAGGAAATCGTCCATGATCACAACCTCCTCACCCCAGCGGTTATCGAACGGTCCAACCACAATCGTCGGCGCCCTGGTATCATAAAACCCATCATGGCCGTGAGAAACGCCATCCCTTCCTGGGAAACCGATTTTGCTCCACGCCTCAGCTCCATCGCACACCCAACGATGATCATCTGGGGTCAATACGACCGGATATTTCCCATGGCCGTGGGCGAAGAACTTCACCATAGAATCCGTGGATCAGAGTTCGTCAGAATTCCCGATGCCGGCCACATGCCTCAGTGGGAACGCCCTGATCTGGTCAACCGATCTCTGATCACGTATATTGAACCATCACCCTGAACAGATCGTCCTCATGAGACCGATGATCCCCTGTTTCCTCACCAAGGAGCACATGATGCGGACACGATTCTATGGGTCCATCGGCGCAGTACTGCTCATTTCGCTTGGCTTCGTTGGATGTCAGACGACCGGAGGATCATCCGGCGGCACTTTTGTGTACAAAAGTATTCCGGTGGCAGACGGAAGCGCCGTCGCAGGAGAGGGCAACAATGTCATATTCAAGGGCAGCCCGCTTCCGCTGGCCGGCAACGGCGTGAAAGTCGGCGACACACTGCGCGATGTGAACGTGGTGCAGAACGATCTCTCGCTCGTCAACATCGTGGAGACCAAGGGTGCGGGAAAGGTCCGGATCATCAGCACGGTCCCGTCGCTCGATACCCCGGTGTGTGAACAACAGACTCATCTTCTGAGCGAACGGAATAAAGGCCTCGATAAAATGGTGGAACTCATCACCGTCAGCGTCGATACTCCCTTTGCCCAGAAACGATTTGCGGAGGATGCGAACATCGCCAATGTGACATTTCTGTCCGACTACCGAGGAGGCGAGTTTGGTAAAGCACATGGTCTCTTTTTGGAAGGTCCGCATGTGCTGACGAGAGCTGTCATCGTCGTCGACAAGACGAACACTATTCGCTACCTCCAAATCACTCCGCAACTCTCCCAGCTGCCGGACTTGGAAGAAGCCTTCCAGTTCGCCAGGCGATTGATCACGGAGAGCTAAGGGGACGGTACGTGGAGCTGAAACGACGGGCGAGCAGATAGTCGTTCGTTAGGCTCACCCACCTCTTTGTTGTCCGAAGGCTCTGATGGCTTATTACGACTTACTCGTCATCGGTACGGGACCGGCCGGCCAAAAGGCCGCGGTACAGGCAGCCAAGCTGGGCAAAAAGGTCGCCATCATCGAGCGAAAGATGGTCGTCGGTGGTGTCTGCATCAACACCGGTACGATTCCAAGCAAGTCACTCCGCGAAGCGGTCCTCTATCTCTCAGGATTCCGGCAGCGTAGCGTCTACGGTGCCACCTACCGTTTGAAGAAGACCATCGCGATCGAAGATCTTGCGTTTCGGGCGAATCATGTCATCAAGAACGAGATTCAGATCGTGCAAAATCAGATGGGCCGGAATCGAGTCGACATGTTTTACGGTTCAGCCAGCTTCGTCGATCCTCACCGCCTGCGTATACAAACGACCCGCGGTGCGCTTGAACTGACGTCAGACTTCATCGTCATTGCGGTAGGGACGGAACCGGCCCGGCCATCGAATATTCCGTTCGACGGCAGGACGATCATTGATACGGATGGGCTCCTGACGCTCAAGCGTATTCCCGACTCCATCGTCATTGTCGGAGGTGGTGTGATTGGGACGGAATATGCTTCGATGCTTGCCGCTCTGGGGGTCCCCGTCACCCTCATCGATAAACGCCCACGGCTGCTGGAGTTCGTCGACGCCGAGATCATTGAAATACTCCAGCAACAGATGAAAGAAATCGGAGTCACTCTATATCACGATGAAGAAGCCGTGGCCATCAAGAGGGCACGGGACAATTCCATCCAGGTCACCCTACGCCACAGCCGACCGATTCACACGTCGACGTTGATGTATGCGATCGGGCGAATCGGGGCGACACAATCGCTCGATTTGGACGCCATAGGATTGAAACCGGACGATCGTGGGCGCTTGCCCGTCAACGAACACTTCCAAACGGCAATTCCACACATCTACGCCGCAGGCGACGTCATCGGCTTTCCCGCCTTGGCCTCGACGTCCATGCAACAAGGCCGTCACGCAGCCTGTCATGCGTTCGGCCATCCGGATCGGCTCGACAACTCGCTCCTCCCCTACGGCATCTACGCCATTCCGGAAATTTCCATGGTGGGCCTGAATGAGGAAGAGCTCAAGCGTGCAGAAATCCCCTACGGCATCGGCATCGCCCGCTACAAAGAGATCGCGCGCGGACAGCTCATCGGCGACGAAATGGGCATGCTGAAACTGTTGTTTCATCGCCATACCAGACATCTGCTTGGCGTTCATGCCATCGGAGAAGGAGCAACCGAACTGATTCACATCGGGCAGGCGGTCATGGCCTTTCACGGCAAGATCGATTATTTCATCGATACGGTCTTCAACTATCCAACTCTGGCCGAATGTTACAAAGTGGCCGCGTTGGACGGCATGAATCGCTTGCCGAGACCATGGGTGCCCTACCTGTGACGCCGAAACATGTCCTGACACTTCGGCGGTATTGAGCCGGAACATCCTCCACGAGCTGCGAAAGGCCCCCCAGAAAGGAAGAGATGCATGTCATTCTCAAATCACCTACGAAAGCTTGCCAACTCAATCTGGAATGCCCAGTTGAGCCATCCCTTTGTCGTCGCACTAGGGAACGGCACACTGCCTGAACAGAAATTCCAGTACTACATTCTGCAAGACGCCAGGTTCCTGGGTGATCTAGCCCGCGTCTTTTCTGCCGCCGCGCAAAAGGCACCGGATTCCGACTCGAGCCTGCGGTTCAACAAGCTGGCGGAAGAGACCATCGTCGTAGAGCGGAGTCTGCATGAGAGCTACGGTAAGAAATGGGCGCTGACGGCGAAACAGATGACGTCGGTTCCGATGGCGCCGACAAATCACGCTTATACAAGACACATGCTGGCCGTGGCCGCTTCGGGAACTGCGACGGAAATTACCGTCGT
CP060501.1_gap19	716399	719781	3382	CCCAACGCCGAGTTCCTTGGCGATGAGGGGAACAATCTTGAGCTGAACTGTGTCGGATGAGATCTGAGGTGCGACAACTGTCATCTGCAATGGTAACCGATCTTTCCGAACGCGTGAGAGGTTCGCGTTCTCTTAGAATATGATGAAGTCAATGATTGTCGTTGATTGATTGTATCGGGGTTACGTAATCGAACTCCGCCCACTGAACGAGAGAGGAGAAAAGGGTTTTATGCGAGCGGATAACTTGCCCAATTTCAGCTGTCCAGGCTGTGAAACGAGAAATGTCCCCGTTCGATCATACGCCAAGGATCAATGGGCAAGAGTCCCAAAAGCGGCAAACAGGCGCCCTGCGAGGTAATGGGTGCCCCGGATATCGCTCGACTCTTTACGCCGCATGAAGTCGTTCAGAACTCGTCCGTCTGTAGTCTTGTGGATGTCAGGCTGTTGGAGGTTCATCCGATAGCGAACAATCCCTCCTGACATCCAACTCACGAAGATCACCGTTCCATCCCGTTCCACCTGCTCGACCACGCCGACATGCGTGAGTGGATCATTCGGCAAGCCATCCCGATTGAAATCCCACGTATTGTGGAAAAAGACCAGGTCTCCCGGATGCACGGTCGGGCCATAATGAATTCGTCCGTGTTCCATGACATGGGTGTAGATACGCCCGACACCGTTTCCTCCATCGAGTTCACCCAACCCGCCGTACAAGTCGACCCGCTGTGTCGCGTATACCCCTCGGACGAAACCGGAACAGTCCGGAGCATAGTGCCGGCCACTCACTTCGATACGCGACCGGCCAAGGAATCTCACGGCTGTCTGCGCCAGCGCTTGCTGCCGCGGAACTCCCTTGGCCATGGAGCAGCAGTGCCCGCTGCGTGTTCCCATGGTAGGAATCACGTCATCTTGCGTCGGCTGAGGTCCTGCCGTCGCACAACCGTACAGTATCCCTGCGGATACGATGGCTAGAAGTCCAGTCGCTAACGAACGCCCGTGCTCGGCTGACTTCGTCATGCCTCAGTATACCGTTAAGCTGCTGCAAAGCCATACCGGAAAACAGTTCAACTACCCGCCTGCACTGCCCACTGGTCCGCCCGGTTCGGTCATGCGCCAGGGATCGAGGAGTTCGGCCAATCGCTTGTCGGGTAAGACTTTCTGTTCCTTCGCCATCTGTCTCACCGTCTTGCCTGACTTATAAGCTTCTTTGGCCAATTTTGCCGCCGCTTCATAGCCGATTTCCGGTGCCAGGGCCGTACACATGGCCAAGCTCTCTTCAATGAGGCTCTTACATCGTTCCTCATTCGCCTTGATCCCTTCGATGCATTTCATCGCAAAGTTGTTGGAGGCGGTCGCCAGCAGCTCGATGGACTGAAGCAGGTTGTAGGCCATGACGGGCATCATCACGATGAGCTCGAAATTGGCCGCCTGGCCGCCGACGGTCACCGTGACGTCATTACCGATCACCTGCGCGCAGACCATCGTGACGGACTCGGCGATGACTGGATTGACCTTCCCCGGCATGATCGAGGAACCAGGTTGCGTCTCTGGCAAATTGATCTCACCAAGGCCGCAGCGCGGCCCTGACCCTAGCCACCGAATATCATTGGCAATCTTCATGAGGCTCACGGCCAGAGTCCTCAATTGCCCGCTGGCTTCAACCAATGAGTCCTGCGCCGATTGTGCTTCAAAGTGATTCTTGGCCTCTTTGAACGAACAGCCGGTCTCCTTTGAGATGATAGCCATCACCTTGGCAGAAAATTTCGGATGACAGTTCAGGCCGGTGCCGACGGCAGTGCCTCCCAAGGCCACCTCGCTTAAGGCCCCTTGTGCTTGCTTGACCCTCTGGATACCAAGTTCGATCTGCCTGGCGTAGCCCCCGAATTCCTGACCGAGGCGAACCGGCGTGGCGTCCTGCAAATGGGTACGACCGATCTTGACGATCGTGTCGAATTCCTTGGCCTTGCCCTTCAACCCCTTCTGCAACCGAGTCAGCGCCGGCAAGAGCTGGTGCTGCATCAATTCTGAGGCGGCAATGTGAATGGCCGTTGGAATGACGTCGTTGCTCGATTGGCCGAGATTCACGTGATCGTTCGGATGGACGAGCTTGCTGCCACGCGCACCGCCGAGCAGTTCGGTCGCACGATTGGAGATCACTTCGTTCGTGTTCATATTGGTAGACGTCCCGGACCCGGTCTGAAAAATGTCCACGGGAAACTCGGCGTCCAGTTTTCCATCGACCACTTCAGTCGCCGCCTGCCGAATCGCATCCGCAGGCTTCTTCTCCAAGAGACCAAGGGAGTGGTTGACGGCAGCTGCGGCCCGCTTGATCATACCCATTGCCCGAATAACCGCCCGCGGCATCCGGAGGGAACTGATCGGGAAGTTCTCGATGGCGCGGGCAGTCTGCACGCCATAGTAGGCCTCAGCGGGAACAGCCAGTTCACCCATTGTGTCCCGCTCGATTCGGGTCGACGCTGATAGATTATTCTGATTCGTTTTCATTCGCTGTACTCCATGTCTAAGGGGGTTCTCGTACCTTGCGGGCGCCATGATAAACTTACCGCGCCGGCTTTCACAAGAGCATGCCGTCATGACTCCTGGCATTACGGGCGAAGCTCATGCAGGTTATCAGCGAGACCTCGATAAAGGGGTGTGAGAGTTGGTGATGCAGAAACGGGCGAGTGAGAAGTGAAAATCCTGCCTGACAAGGCGGGCTGTGCGGCTACCGGTTAAACCAAACGCTCGTCCCTTACCAGCCCCGGATAGAAGGACTACGTGACATCTTCCTATTTACGTCATCAAATTCGAGTGATTTCCCTTTCGACTTCTTTCGCAGTATCCGCCTCTGGTGTATACAGGTAGGCCGCTTCGCGTTTGGCCATTTTGAACGCATGCATCATGTCTGTTCCCATCCCTGCCAATGCGAGACACCATCCGCCTACTATCATCCACCAGACCAACGAAAATAGATCCGATGGCTGGTCGAAGTTGAAGACTGCCACTATCCCTGCCAGAACCAGCACAAATCCGACTGTCATCAGCGAATAGGTTAAAGTTTTCATCTTCGCCTCATCAAACATGTTAGGTGCCTGAACAAGTTCGACAACTAGGCGGAGTGTCTACACGCCTTCTTATTTACGCATGACAGCTATCACCACCTCCTCAATTATTGATCGTAGCAATCTCTTGCTTTGCGGATTTGCCCCTACCGATTTTGGGCGGACTTTACTCGTTTTCGTCAAATACACAATCCCTCAAGATGACCCTAACCGGTAGATCCAATTGGGCCATCATGTTCCATGGACGAAGGGCCTGGTAAGTGACGTGCGATCGGCGTCGGACGTGGAAGCAATCCAATGAAAAGGCCCGCCTGACTCAG
CP060501.1_gap20	754046	754667	621	GATCAAACGGTTTCGATCTCCCAAGAAAACACAAATGTGAATCACCCTCTCTATGGGCAGAGGCAAAGACTCCAGGGAGCATCGCAATCCCTGGGCGAAGACTGACATCAACAGTCTTGCTTATTGACTGAAACCGAGGAAAGATTCGCCGCTGAAGAAGGTACCCAACCTGTGAAGGGCGGAGATGAACCAGCGTCCTGGCGTAGAAAGACAGTCGATTCATGCGAGACAACGCTTATCTCAGCGAATCCATGATGTCGAAGGTAACTTGAGTCACTTCAACAAGTTCATGCCAGGGAATCGGCGAGCATTCGCCACGGCGAATCGCGCTCACGAATGCGTCGACGCATGAGGTATTTCCTTTGTCTTGACTCCAGAGATCCATTTTTCGAAAACCGGACCACCCATAGCCGCGAAGCTTTCGGAAATTATCCAATTGCAGCACTTTACCTGCGCAAAACACTTCCAATCGCTCTTTGGGGAACGATTTATGCCCATTCCCGAAATAGTGTATGGTTCCAATTGATCCATCTCTGAACTCTAAAGTGACAGTAACGTTGTCTTCTCTGGCAGGAGCTCCTGACGATTTGCCCATTAGCATAGCCTGGACCGCAATAATCG
CP060501.1_gap21	756218	760837	4619	CTGTCTTGACCTTATCCAATACCATTCGAACCTTTTCCGGTTGCTGGCGAGCTTTTTCGAACACATTTGCCTTACCGAATTCGACCAGCATGCGCTCCGTTCCCACCGAAACAAGCGAGTGAGTCGTCCTGATCAGCAGGTGGTTCTCTCTGACCTTCGGGCTCGGAATATCGGCGAGACTGGTTTCACCCGATGAAAGATTCTGCAATATTTGTTTCATTTACACCTTACTCACAACAAATCGAAGCTTTCCCGTCTTGCCGCGTTCCAGATGGGACACATGATCAACTTTGATTGTTACATCGCGGCCTACACGCTTCTGCGCTTCATCCAGAAGGCGCCGTTCGTCAGCACCGCTATAGCCTTCGCGTTTGACGATTCTAAAGACGAGCGTCTCACGATCCGGTTGATAGATTTGAGCCTCTCTGATCTGAGTCAAATCTTTGAAAATATGATCGAGCCTGCCTAACCGGGCACCCGACGGCAACACAACATAATCTTCCTTCCTGCCGTCGACGGACTCGACAACACGGCCGGTCATAGGACATGTCGGACGTTCTGCAGAAAGACGCGCAAAGTCCCCCGTGTCATAACGAAACAATGGAAAAGCTGGATTACTCCAATTGGTTCCCACAATTCTGTATACATCCGGTTGATCTTCCAGTGGGACAAATTCTACCCAAGAGAAGTCTTCGTCGACATGTAAGTGACCACTTGGACATTCTGAAATGTTCGCCACTGATTCTGCTTGACCATAGTGCTGGCGGACGGGACACCCGAAAGCCTTCTGCATGAGATCCTTTTGCTGCGGGAGCAAACTCTCAGCGCCCGTTGTCACCACGTTCGGAGCCTTGCGCAATGATTTTCCTCTTTCCAAAAGATAGCCGGCGATGAGCGCCAGTAGTGACGGGTAGCCGTGAAGCCAAGATGGTAAATACTCGTCAAGGCCGGCGAGATAGTCTTGTGCAGTCGTCGGAGATAGATGGTATCCACTGAATAGGATCTGCCGGCCTGGACGGTTGAGTCTCCAAAACGGCGGAACTGACTGTATCAAAGGAACAACCGACCGACCGCCAAAATACCCGCACCACATATTGTGGGAGATTCGGTGCCAGGCGCGATACCGCCACCATACGGCCCATCGTTCTTTTTCTGCAGCTTGAGTTTCCCAAAACACCAGTCCCGAACCTGTTGTTCCGCTGGTATGGCTTGAAAGAAGTCCGTCCATTCCGATGGTTGGATTACGAATGGTTTTCGCCTCATCCTGAACCTCTGCCTTGGTTAGGATGGGGAGTTTCTTGAGTTCCTCCTCTAAGTTCTTGGCGGAGGGGTTTACCTCGTACTGCCTGAATCGCTTTTTCCAAAATGGACACTGGAGCGCAGTCTCGACATGAGTGCGAAGACGGGATTTTGTGACCCCTTCCGCTTCTGCCAGGGAAGAGATTGGCCGTTCAATCAACGCTCCACTGATCGCCCAAAACTCTTCGTTGTATCTCCTCTTCGAAAGCCTCCAGCCTTCAATAGAACACGCAACGTTTTGAAGCGTGATCGGAAGGTGTTTGTACACATCCTCGGCATTCATGGATCGATCTATTTTGTTACGAGCGCGCAAAGCCAGATGCTATCCGCTGAGACAGGAGTCACAAAGGAAAAGTCTTCATGGCGGTACTGTTGACCACCGCCTAGCCATCGATGAACCGGTTCTAGTCGCAAGGTTTTCCACGCCAGCCGAATTGGATCGGCCCAATACCACTCGCCAAGAAATCTGTAGTCCTTGATATTCCGCGCCACAATTCCCTGCTGCATCTCAAACAGCCGGTGATTGATGAATCGTTGCCCCCAAATTTGGACGTTGGTAAACCGCTGCTCAAGCATCGCGCGAAATTCTGGGAGGTTGTACTCCTTCAGATGTGTATGATTTACGGGAGACGGCTCAACATCTAAGGAAAACACTGGACGGTTGGGCGTAGAAATCAACGCCACACCGGTGGTCCGAAGATGTCTGTAGATGGTTTCCAGCAGATGTTCAGGCCTGTTGACATGTTCGATGACTTCGCAGCATAGGACTACATCCCAGGCTTCCGATCCACAATCCAGATGCTCACTGCAGACATCGCCCTGCATAAACGATCCGTTCGGATTGGCGCGCTTCGCGTAAGCAACAGACGCTTCAGATATGTCCACCCCAAGCACCTTACCGGATCCCAGTTTGTTCTTGGCGTAGGTATAATTAAAGCCTGTTCCACACCCGAGATCTAAAATCGATTTGTTTACGAGGTCGACCGTTTCTGCGAAGAATCGTATCCGAGATATTTGTTCCTGAACCATCATCGACGGATCATCGTCTAAGTCACCCCCAGCCGCATGAGGAACTGCCCGCCCGGAACCCACACGTTCATCAAATCCCTGTCTAGAATCACTCATGTTTTCTCACAATCATATCCAGAGGCAGTCCCATCAGCGCAATTCAGCCTTCCAGTTGGCCGCCAATGCAGCGCTAATCAAGAGGTGTCGGCCTTTCACCCATAAGTCTTTGAGCCGATTGATCCGGCGCGATCGGCAGTCTTTGTAGATTGGAAGAAGAAGTTTCTTGCGGCGATGTAGCTTAAACCATTGCACATACTCCCGATGGCCCATTCCGACAAATGGAGTCAACTTCGCCACGGACCGAGAGTCTTGCAACGCTTCTGACTGCTCGAAGTCGAGCGATCGTGTCCCACGATTGTAGGAGAACCAATGGCACCTCATTTCTTGAGTGGAAGGAATCCATTCAAATGCCAGTTGCCGCAGGGCAAAATCAGGGAACCGTAAATTTCTCCCAAAGATCATCCCTTCGGGTAAAAACCAGTTCCCCAGGCCATACACGATCGGACATCCTTTGTAGAGTTCAATTCCCTGAACACAGTGGCTATGGCAACCCACCACGGCAGAGACTCCCCGATCTACAGCCATTTGGGCGATTTGGCGATGCATCGGCTGGGGATAAATTTCGAGTTCATAGTTCCAATGCATGAGTAATACGATAGGCTTGCCAGGGAAATTCTCCTTCGCCTTCTTGATCCCATCAAGGACAGAATCCAAGGCGAATGGATTCACACCGGCTCTGTCTGCAGACGCGATTCGACATCCAATGGTGTCCCACCCAAACCCGATAAACGCGACAGCCCCCTCTCGCTCTTCCAACAATACTGGACGCGACGCTTCATCCAACGAATCCCCGGCCCCACAAGTGAGGATTCCGTGTTCTCGCAGAACACGAATCGTAGCTCGAGGTGAACCATCAATGTCGACAATATGGTTATTTGCAAGGGACAGCAAACGAAAATTGTTTTCCCGAAGGTATTCAATTACGGCGTGATCGTTGTACAAGCTCGTACCTTGAGGTTCGACCGATCTATCCAGAATCGCACCCTCAAGGTTGGCGATGACGGAGCTAGTTCCAAAATAGCCAGCGGTCGATGGCAGCGATGCACGAGCCTCCCTCGGAACAGCAATGTCTCCTACAAACACCATCTCCCTACTCCTGCAGCCTCGCTGACCCCATGAAAGTGGGTCGCTGCTTCACGCCTGTCATAAACAAAGTCTCTATCTACTTCGGCCGAAATTACCGCCTCTCAATTTATGAATGCAGTTCGTATAAAGCTCGTACTTTTCTTCCTGGGTCGGCAAGGCTTGCAGAATGCCTTTCCCATGGTTCACGAGAGATTTCCAGAACACCTCATCCTTGCAGACGTCCGCAATCGCACGGGCCGCGTCACGTGCATTCATCGGCTCGAAATAGGAAGCTGCTTCCCTGCAGACTTCTCGTGCAAATGCCAGATCCGTGGTAACAATCGGCATACCCATAGCCATAGCCTCGGGGTAGTTCGCCGAGAACGTTTCCAACACAGACGGCAGAAACAGGATATGAGATGTGCGGTAGACCTCAGGTCCTCGACTGACCGGAACAGGGCCCATATTTACGATCCGATCTTCTACACCCAGCGCAGCGGCCTTTGAGAGAATCCGCTTGAGCCCAAGACTATCTTCCGGCAAGGTTATGGTAAACTCTACATACCGGTTGGGGAGTATTCCTTGAAGTTCTTTTGCCACAGCCGGAATAATCTCCAGGTTCTTGTGTCTATAGTAGGCAGATAGACACAGAACCCTGAGAGGGACTTGAGGCGACGGAATTTTCGCCGTAGCCTCAACGCGTAAGTAATGACTTGCACAATTATTGGGGACGACAACGATTCTGGATTCTGATACCCGCAATCTTCTCACCAAGCCCTCTTTTGCTGTCTCTGATTCCGTGACCCAAGCGTCAGCTTTTCTGAACATCACGGCCTTGTAGAAGATCGCTCCACACAGCCTAGCCGCGTCTATTGGGCTATGGACTGTCCGCCATGCCCATCGATCTCCGTGGGTGACCCAGCCGTCGGCAACGCCACAGAGATGCGGAACCTTGAACTCGACATAGGCCGGACCAAAAAATGTGAATACAAGATCCGGTTGAAGTTCTCTCGCCAGCGTTCGAATTGCTTGTCTGCTTCGACTGCTTCGGGCCGGTGATTCTTCAATCACTGAAACCTGTGGCCCCTCTGGCAAACGACCCGCTTCGCGCAACTCATCGCATACAC
CP060501.1_gap22	764689	767284	2595	CTTGTTTTCTGACTTCCAATGTCTTGTTCAGCTCTGCCTTGTTCAAACGATGATACACGGTCGGATTCGTGACGCCGTGCGCAAACATATCGTTCAACTCGGCGGCAAATTGTGCTGAGTCTTTTCGTTCCGAGGAGATGCTTGGTGTATCCGAAAGGGTTCCGCGATAGTAGATACTGTATTGTATTTTGGGGAGATGAAGATCGATAGGAAGTACTTGAAGGATGAATTCCAAGCTGCCCAACGAACCTTGGTCATCAGTAAGAGTGATGCCCCCCTTATAGTTTCCTCCTTTGGCATCGGGCGGAATGTGAATCGTGATCCAGAGCTGCTTCGCTTCACCACGATGAATGCTTACTGGCTGAACATCAGCGGTGTCGTGAATTGGGAATTCGGCAACTGAAGCAACAATCCGGCTTCTTAAGGCAGCTGGCTCGCTGATTGACACAAGCCTAGTCCTTGACGAGTACTTCAACCTGAGAAAATTGGTCTTCGACTCCTCGTTTGCCTGAACCAAGCCGTCATCTTTTAGTAGAAGCTCCGGCACCAAAACTTTGGTCCTCCCCATATGAGACAAACCGATGGTATTCCACCCTCCTCCCGCCTGAAACCATACCTTCACGAACCGAAGATCAATGTGGGAACTTGAAATCATCTCGCCATCACTGACGAGATCGCTCATGGAAACCCGCAAATTGTCAATATCACGAGCCATAGGCCGAATAACGAAACTCGCAGGTTCGTATTCACCACGAGAGCCTACAATTTTTATGGTCGTAGACGGCTTTCCTGGCAGAGGAAAAGTTCTCGGGAGAATTTGTTCCCCGCTGATGGGATTCACGACATGCACGAGCAGAGGGCCCAGATTCGACGTCTCAGCATGTCCAGGCAAACTGAAGTAGAACGCTGCACCGCCTCCCAGTAAAAGCACACCTGCTATCTGGGACAGAGCTTTGAAGACACTAGCTGAAATTTGCACGTTCCACCTTTCTGTTGCCCTTGTCACTTATACAGTTCCATAGAAAGCAGTCGTATTCGTCGACTATTTCAGCAGCGTTTTGCTCGTCCATTCGTAAAAGAATGGCATCCCATTTCTCTCCCACCATTCGAGGTCAAAACAGCATACGAGTTTGCTTGGGTCAGTTCGTTCGTTCCACTGATAGCGATTCCGAGCCGATCCGTATTTCACGCAGATCGAGACAAGAGGCGCCCCGGACAGCGGTTTCCTCCAATTTAGTTAGGAAGACTGCTGTGATGATATGAGCTGTACACGCATGTGACAAACTAAAACGGTTTTATAACAGCAAGAGTTGGTCCATACGGAGGACTCAAGATCGCGTGATGAATCAGTAGATTGGGGCAATGATCGGGAACGTAGCCCGGAGCGAATGGAGGTAGGACGATACAGATGCGTTCGAATTGGAACGGACAGGGATGCGGAGCTGTTTTGCACTACGCGTCCGTATTCAATTGACGGACTATCATCAGCTCGGCGTGACTGACCAACGACAGCGCTCCAGAACATGGATGACAGTTACTCATCGCATAACACTCTCTCCAAACACTCGACGATCCGTTCGGCTGTCTTACCGTCCCATTTCGGTGGGATTGCCCCTTTCTTCCACTGTCCGGCCATCAATCGAGCCAGGGCCGGAGCAAGTTTGCTTGGATCGGTCCCGATCAGTTCGTTCGTCCCAATCGTGATGGTTTCAGGCCGCTCGGTGTTGTCACGGAGCGTCAGGCACGGCACCCCGAGTACCGTCGTTTCTTCGGTAATCCCGCCGGAATCGGTAATCACACCTTTGGCGTGCTTTACTAAGTAATTGAATTCCAGGTAGCCGAGCGGGTCGACATAGTGAAGTTGAGGTATCTTGTCGTCAAGATCTCGAAGACTTTTAGCGGTTCGTGGATGGACCGGAAATACCACGGGCAATCCTTTCGTGCCTTCAACAATGGCGCGGAGGAGAGAGACCAATTGATGCTCTCCATCAACATTGGCCGGCCGATGAAGCGTGACGACAAAATACTGTCCAGGTTCGAGGTGGAGCGATTGCCAACAGGTAGGAGGTCGCAACCGCGACAAGTGCTTGAGCAGCGTGTCGATCATGGTATTGCCGACAAAAAAGATTCGCTCATCGATCACGCCGGCACGCCGAAGATTTTCGTTGGCCGTCTCACTTGTCGTAAAAAACCAATTGGTGATGGCGTCGGTCACTACCCGGTTGATTTCTTCCGGCATCGTCCAATCGCCGGACCGAATCCCGCCTTCCACATGGGCCACCGGCACGCCAAGTTTTCGCGCCGCGATCGAGCAAGCCATGGTGGACGTCACGTCGCCGACCACGAGACAGAGGTCGCTCTTTTCCTTGAGTAGAACCTTCTCGTACGCGACCATGATACCGGCCGTTTGTTCGGCTTGAGTGCCAGAACCCACTTCTAAATTGATATCCGGTTTGGGAATTCCGAGTTCTTCGAAGAAACTGCCAGACATGGCACGATCATAATGCTGGCCTGTATGGATCAATCGATACCGCAGAGGACCACCTCGCTCCGCAGCCTCTTGTAGCGCGTCGATGATCGGCGCGATCTTCATAA
CP060501.1_gap23	787786	791459	3673	GATAAGTTTTTCCACCTCGTTCTGCGCCTGCTTTTGGCCGGTGATGTCGGCGGCGAACATGACAACCTTTGACACTTTTCCATCGCCGTCCAACATCGGGTTGTAGGAGGCCTGAATCCAAATTTCCTTGCTTCCCTTCCCAACCCGGCGATAGACACCGGCATCGAACTCCCCACGGTTGAGTTTGGCCCAAAAAGCCTGATATTCGGTCGACGCGGCATACGCGGGCTCGGCGAACATCCGATGATGATGGCCTTTGATTTCGTCGAGGGTGTAGCCCAAACAGCTGAGGAAGTTCTGGTTGGCTGTGATAATGGTGCCGTCTGTATTCAATTCAATCACGGCTTCCGCTCGATCCAGTGCGGCCATCTTGTATTTGGACTCGAGCGACTCCTTCACATTCGATTCGATCTGTTCCCCCATCCGGTTGAATGCTTCGGCGAGGCCGCCGATATCGTCCTTGGTCGTGATGCTTGATCGTGCCGTCAGGTTGCCCGCTCCCAGCGCTTGCGCCGCCTTCAAAATATCGCTCAATCCTCCGGCTACTGAGCGCGAGATGAGCCAACCTAAGAACATTCCTAAGAGCAGGCCGGCACCCATGATGATGATATTGGTGGTATGAAGAGTAGAGGCCATTTCTAAACTGGTGTCGAACGTTTCCTTGGCTTGGACTTCGTTCTCGTGAGTCAGGCCGTTGATCGCTTCCAGAATACCGGCAAGTTTCTGGGCCAACTCGGTCCGCTGGATCTCAGCCGCACCATCTTTGCTGAAGTTCGAGCTCAGCTGCATGACTTTTGTGCGGATCTCTTTATATTCAGCCCAGCTGGTTTTGAAACGCTCATAGATCCCACGTTCCGATTCCGCGACGATAAGCGGCTGATACTCTGTTACAAAGCGATCGACATCTTCGTCGAGCTTGCCGATTTCCTGGGTCCATTTGGCCATCGTCGTCGAGTCATACGCGAGAATGTGCCAGGCCACGAGCGCGCTCATCCGTTCAGCCTGCCCATGCAGATCTCCAAGCAGCTTGAGCGAGGTCAGATTCACCTTGTAAATTACGTTCATTCGCTGATTCAGCTTGTCGATGCCGGTGATCGACAGCACTCCGACCGCTACCAAAAGCAGCCCCACGAGCCCGAAGCTGATCAGCAGCTTGGATCTGGTCTTAAGATTCCGCAGGGTATTCACGATACTCCTCCTTTATGGCGTCCACTCGTATGAGAGCAGCACCGGGCTAATCGCGATCCATTCCACGTGTTTCTTCCCCACCACACATCCACCTTTTCTGGCTCCATCCTCACTTCACGGTGCAAACGCACGCGTCATCCTTCGCCTTGTGATGCAGTTCCGGCCATCGATAACTAAGCAGCAGCCGAGCCGCCGTTCTCCGGCAACTCTCCGTCCATCAGCAACCGGTCGATATCCAGCAAAGCCACGAGTTTATCGCCGGACTTCCCGATGCCGCTGATAAAGGTCACATCGACTTTGGCCCCAAATTTTGGGGGAGATTGAATCTCTTTCGCGTCGATGTTCAGGACGTCGGAAACTGAATCGACGACGAGCCCCATGACCTTGTCACGCACCACGACGACGATAATGACTGTGAAGGGTGTGTACTCGATTGTCGGCAAGCTGAATTTGGTGCGAAGCTCGACGATGGGAACGATGGTCCCGCGCAGATTAAGGACGCCCTTGATATGGGCCGGAGTGTTGGGGATCTTGGTGACAGCGGTATACCCCTTGATCTCTTGCACGCGCAGAATATCGACGCCGTAGAATTCGTCACCCAGATTGAACGTCAAAAACTGACTGCCGTCCGTGGTCAGCCCGATCCGCTGATTGAGCTCTTTGGTCGCGCTTTCTGTCGTCGATGCTGCCATCGGCCCTCCTTTACGACGAATCGTCCTGTCGAGCTATTCAAGCTCCTCGTTGATATGCCTCACTATTCGGGATGGTCTCACGCTGCCACCGCTTCGCCTCTGCGGGCGATTTCCAGCATTCCCCGCACGTCCAGAATAAAGCCCACCGTGCCGTCTCCGAGAATGGTGGCGCCGGCAATTCCTTCGACCTTGTGGAAGTTTTGCTCCATGCTCTTGATGACGACCTGCTGCTGGCCAATAATTTCATCCACCATCACTGCCACTCGCTCGCCCTCCGTCTCCAGGATGAGCAGAATGCTCTTCGCCGGATCCGTATACTCCGGTTGTAGATTGAATACCTCGTACAGACGCACCATCGACAGAAAGGTGCCGCGGACATTGATCAGCTCCCCTTTGCCGACGACGGTTTTCACCGCTTCTCGCTTCGGCTGAATGGACTCCAGAATCGAGAGCAGCGGCACGATGTATGTTTCTCGCCCGATCCGGACGGTCATGCCTTCGATGATCGCCAGGGTGAGGGGCAGTTTCAAGGTGAAGGTCGTCCCCTTTCCCGCCATGGTCTTGATGCTGATCGTGCCTCCCAGAGCATCGATGTTCCGCTTCACGACATCCATCCCGACCCCTCGCCCGGATACGTCCGTCACTTTCTCCGCGGTCGAGAACCCGGGTTTGAAAATGAGCAGCCAGATCTGATCGTCCGTCAGCTTGTCGTTCTCCCCGATCAGCCCTTGTTTGATCGCCTTCGCGACGATCTTCTCACGGCTCAGGCCACGCCCGTCGTCTTCCACCGTGATGCAGATGTTTCCGCCCTCATGAAATGCATTCAGCTTGATCGTGCCGGTTTCGTGCTTGTTGCTGTCGAGGCGTTCCTCCGGCAGCTCCACGCCATGGTCGGCTGAGTTCCTGACGAGATGCGTCAGAGGATCGCCGATGGATTCGATGACGGTTTTGTCCAATTCGGTTTCTTCACCCGATAAAACCAACTGAATTTTCTTCCCCATCTTCGCCGATAGATCGCGCACCAGCCGAGGGAAGCGGCTGAATGCCGTTCCGATTGGAAGCATGCGGATCCCCATGACACGCTCTTGAATCTCGCGGGTGTTCCTCTCCAGCTCCACCATTCGCTCAAGCAGCACCGGCAGCTGCCGCATCTCGAACCGTGCTCCCAGATCACTCAACATCGACTGGGTGATCACGAGTTCACCCACCAAATTGATGAGCTTGTCGATCTTGGCTGTATCCACACGAATGGACGTCGTGTCGGTTTTCTTGGCTTGAGCCGTGGATTCCTGTTGCCGCTGTTTTTGCAGCGCCTGCTCGACCTGCTGTGGCGTAGCGGCGTGTTGTTCGATGAGGATCTGGCCGACCCGCTTTTGCTGTGCCAGCGCGCTGTCCAACGTTTCGCGGGACACCACGCCGCTCTCGACCAGAATCTCTCCGAGGGGCTTCGGCTCTCCGTCTTCGACGCGTTGCTCGTCGTTCGTACCTCGTGAAGCGTTCCAATCCGAGGACGAAATACGTTTCACGGATGACGATTCACGTTCTTCAATCGTCAGCTTGCTGTCTTCCCGGACAAACTCGAATACCGCCTCAACGACTTTTCGGTCCTTGGCGGTAGCGAGCTGCATCTTCCACGTCAAGTAGCACTTCTCCGGGTCCACCTCATCCAAATCCGGTAACCTGGAGGCATCCACCTCTACTTGCAATAATGTGCCGAGATCCTGTAGCTCTTTGAAGACTTGCAGCGGGTCGAGGCCGCGCTGAAACATCCATTCTGGCGGGGTCCAGTCAAT
CP060501.1_gap24	823295	825387	2092	TCCCCCGACCGCACGGTGCGAACGGTGCTGCGCGTCCTCGACCCGGCCAAAGAACGCATGAACATCGGTATACATCTGGACCAAACTCTGTCACGAGCCGCTTGATGAAACGGTCTGGACGGAAGCGAGGACCATATCAACGTCGAATCGCAGTCGCTCCGCCGGGTGTGTTCCCCATGGTGGATCTATTCGAAGGACTGCCTCTCGCCTGCATCGTCCTCAACGCCGATCTCACGATTCAGACCGCCAACCGAGAGGGGCTTCGGTTGCTCGGGCCACGGTCAACTTCCCGCATCGCGAAATCATTTCCGGCTCTGTGGTCCAGGCTCACCCGATCCGATGCCGCGACGATTACGTCACAGCTGACCGGAGCGCTCAAAGGCCGTCCCGCCTCGGCGACACAACAACTCTTTTTGAGAGGGAGGATCGCCCCTGTTCCGGTGGAGTGGACTTGCGCCCCGGCCATGCACGACGGGATGAGTGTTCTGGTTGTCAGTCTGCGAGACCTGTCGTATGAAGTGGAACTGGAACACGACCGTGATCGCTTGGCCGCCATTGCCGAGGAAAGCCCCTCTCCGATCATCGAGCTGGATCGGCACGCGAGCTTGTCGTATGCCAACCCGGCGATGATCTCGTTGCTCTCCCGATTCGGATACAGTCCCGAAGGGTTTCCCAATGTGGTGCCCGGTCGGCTTCCAGACATCGTGCAGCGCTGTCTCACGACTCGGCACATCCTGCACGGCGAAGAAGTCGTCCTCCCGGGTGCCAGCTTTGTATGGACCTTTTGTCCGGTTCCAATCTTTGGAGTCGTTCGAGGCTACGCCACCGACATGACGAGCGTCCGTGAGACACAGCAGGCGCTCCAACTGTCGGCCGAGGAGCTTCGCCATAGCAACCAACGCCTCGACCGGGCTCTCGATGAGGCAAAAGAATCCGCACGGGTCAAAACGGCGTTCCTCGCAACGGTCAGCCACGAACTGCGAACCCCCATGAACGGCGTCATCGGAATGACGAGTCTGTTGATGGAAACAAACTTGACGCCTGAACAGCAATCCTACGCGGAAACCATCCGGCTGTGCGGTGAGGCGCTGCTTGAGTTGATCAACGATGTGCTGGAATGCAGCAAGATCGAGGCGGGTAAGCTGGAGTTGGAGTGCCTCGATTTCAACTTGCGGACGACGGTCGAGCAAGTATTGGCGCAATTTGCCGAACGGGCCGAGACGAAAGGGCTGGAACTGACCGGACTCGTGCACGCGGCGGTTCCGACCGGGCTCAAAGGCGACCCAGGACGGCTGCGCCAGATACTGACCAACCTTGTGGCCAACGCCGTGAAGTTTACCGACAAAGGCGAAGTGACCCTGCAGGCTTACCTCGAGGAAGACCTCACCGATGCTGCCGTCATCCGTTTTGAAGTCACGGATAGCGGTATCGGCATCAGTCCGGATACACAAGCCAAGCTGTTCCGCCCATTTGTCCAAGCAGACAGCTCGACGACGAGGAAGTACGGCGGGACCGGCCTCGGCCTTTCGATTTCCAAGCAACTCGTGGAATTGATGGGAGGACAAATCGGAGTCCGTAGCGTTGCAGGACAGGGAAGCACCTTCTGGTGCACCGCGCGCCTCTCGAAACAAGCCGGCTCTCCGCATGCTATTCTGCCGACCGGAGATCTTGCCGGAAAGCGAGTCTTGATCGTCGATGACAACGAATCGAATCGTTTGATTCTGCACCATTTGGTCTCAGGTTGGGGCATGATTGACGACCTTGCGGAAGACGCCGAAGCAGGCTTGCAACGGATCACGCAGTCAACGCAGCGAGGAGAGCCCTACGATCTCGCCATCTTGGATGTGGTCATGCCGGGAAAAGACGGGTTGCAGCTCGCGCGAGAACTGCAATATCACCCTGAAGGTTCAGGAATACGCCTTGTGGTCATGACCTCAATACTGCAACGGGGCCACGCAGAACAGGCTCGCCAGGCCGGTGCGATGGGCTACCTGCCGAAGCCGGTCCGCCATGACGAACTGCGCGACTGTCTAAAAACCGTGCTCGGCATACCCGAGAGCCAAGAACAGAGAGACACCCAGACCCTGGCAGT
CP060501.1_gap25	832190	835277	3087	GTTCGCCAATACGACAGAGCGGGCCGCCAGCTCACCCGGATTGGTAGACACATCTTGCAGGCCGCTGAAAAAATCATTCATTCGCGCGGCGATACCTTGATTGTTGCTGTCTCCGAACAAGTTCTGCAGGCGGAACAACTCGTCTTTCGACGAGGTCAGGCGTCCAAGATCCTGCTGGGAGGTGGTGAGTTGCCGGTTGATGAATTGATCCGTGTACCGCCTGATGGACGTGGCCATCACGCCGGTCCCCGCCATGCCGGGCTGTCCGTCCAGCGGAGGCCGCTCGGTGAGCACCGCTTCCTGTCGGGAATATCCCGGAGTATTCACGTTGGCGACGTTATGTCCGGTGACGGCGAGGGCTTGTTGCGAGGTGGTCAGTGCGCTTCGCGCGATGTCGAAGAGCGACGATAGGCCGATCATGATTAGCCTTGCTGATGAATGAGTACGTTGACGTGAGACGCGACGAACGATTGCCCGTCGGCGGTATACAGCTCCCGACCCGGCAAGACGGGTGTGCCGGCCGAAAGAGCTTGATCGACCACACCGCGAATGCCTTCGATGAGCACGACATTCTGTTTGATTTCGTCACGGACGGTTTTGGCTACCGTCATGTAGCTTCGGTAGCCCTCCCGCAAGTCGTCCGACGCGGCGCTTCGTACCTGGTCGATAAGGTCCTGGATCGATACCCCCTCCGGCAAACCGTGATGTAACGACAGTTCTCGAACAAGTTGCTGCCGTTCGTCGGCAAGAGACTGCAGCGACTCCAGAATCGCCAGCCGGCGGCAATTGATGGGGTGAAATTCGGTGATGGCCATCGTCCGGATGGCGGCTCGTTCTGTGTGAATCGTCTCAAGCAGCTGCAGGCAGGTCGCTTTTTCCTGGTCCAACAAGCGGCAGAGCTGGGTGATCGCCGGCGAGAACGTAGACGCGGGCATACAGACTCCTTGTGATCATAGGCGTGCGCTGTGTTCCGCCATCTGTCTCTTTGGACCGAGAGCAGAGTGTGTTCAGACTCTGGAACGGCGGATGCTAGAGCACGGCGTCGGTCAGCACCTGCTTGATGAGCGCGTCTCCAACCGCACGTCCGGAGACATCATACGTGCCGCTATCAAGAGAGCGTTTGATTCGCTCCACATGTTCCGTCCGCCCAGGGTCAGGTTGATTGGCCAGTTCTCGAATCCGTTGAAGCTCCTTTGCCTGTGCGGAAATCTGAACTTGATCCTTACCCGCTTGGGTCGGGACAGCCGTTTGTCGAGCACCAGATTTGTCCGCCTCATGAACCCCAAGCAATAGCTTTGCAAGATGATCGACTTTGCCATGATCTGATATCTGCATATCGCCGCTCCTTCCCCCGCTCACTTCTCCCAGCTACCATCCCCCTAGAATTGTGGACTTTACCCCGGTCGTGCCTCTTATCGGTTTCTACCCAGAAAAACTTGAGTGCCCCATTGGAGCTGATGAGAAATACTTATCCGTATATTCCTGGACCATCTTGGCAATGCCGATCCCTCCGGCTTCTGCCGCCCGTTTCCCGATCTCTTCATCATAAAATGAGTGGAAGTAGGCCCCTTGCTTATTCGAAATGGTCCCCTCAGGAACCGTTTCCCGCATCACCTTCAGTAAGTACGAGATAAAATAGGCCTCAAACTGCTGTCCGGCTTTGACCAGCTGCCGGCGTGCTTCAGCGGGGTTTTGCACCTTTTGCGCATTCACCTGAGGGTCGAGCTGACCGGAGGGGAGAGTGAAACCCGGATCGACATATAATGGTGAAGATGCTACAGAATGACTGCCTAATGACTCATTATACATTATATATATAAATCACTTATCTATATTATTTCAAGATTAGCTTGAAGTGCACCAGCCGACCTAAGCGCCGATAGAATGGCCACAAGATCGCGAGGTGTCACCCCCACAGAGTTGAGGGCCCGGACAACCTCCCCCAAAGTCACTGTTTCATCGACAACCATCAGACGCGACTCCTGTTCCTTGATTTCAGTCTGCACATCCGGCGTGACGGTCGTTTGCCCCGCGGTCGAACCGATAAGCGGCGCCGGCGGCTGGGAGACATTCAAGGTGTTCTTGACCGAGATGGTGAGATTGCCGTGAGAGATCGCACACGTTGAAATCCGTACATGCTCACCCAACACGACCGTTCCGGTCCGCTCGTTGACGACGACTTTCGCGACGGCATCGACGGCCACATCCAGGCCCTCGATTGAGGCAATGTATTCGACGACGCGACCGTGGAACTCTGTTGGAATCGTCGCCTTGACATATCCGGCATTGACGGCTGACGCGCTTCCTTTCCCGAAGGCGCTCTCGATAGCTTCGGAAGTTCTGATGGCGGTGGTAAAGTCGGGCTGCCGCAACAGGACGGAAACTGTCTCCCACGAATCGATGTTGACGGGCAGCTCCTTCTCAATGATGGCTCCCCCGGGAACCACACCGGCCGCTTGATGATTCTTCGTGACCGTGGCTCCACCTGCGCCGCCGGTCCCTCCGAGAAACCCGCCGATTGAAACCGGTCCCTGCGCCACCGCAAACACTTGCTGGTTTGCAGCTTTTAACGGCGTCAGCAACAGCGTGCCGCCTTGCAGACTTTTGGCATTCGCCATCGACGACACCACGGCATCCAGTGTCATACCCGGCTTGGAGAACGGAGGAAGCTTGGCGGTCACCATGACCGAGGCGATGTTTCTGGTGAGCAACTGAATGGGGTCGATGACCAGATTGACGCCCATCTTGTTCAACATGGACATCATCGCCTGAATCGTAAACTGTCCGCCGATGACCCGATCGCCGGTACTATCCAGCCCGACCACCAGCCCATAGCCGATCAACTGGTTTTCGCGCACGCCTTCGATCGCGCCGATATCCTTGATTCTCACTGCATCGGCGTTTGAAGGAGAGAACAGATAGCCTGTCAGGACCAGTAAACATAATAGCGAGTGAGTCCGTGAGCGCATGCGTCGAGTATCCTTCATGGTTATGAACGTCTTGAAGCCAGAGCAAGCGCCTTCCGGCCGAGTATGACCCGCGCCAGCCAACCTTGCGCAGAAGCCGTTCCTCTCATGGAGTCACGAT
CP060501.1_gap26	896015	896641	626	CGGTGCCAATGATGCCGGTCAGCAGGCTGAACGCATGCAGGGCGTACACGACCTTTGTCCAGGTGACCAGTGAATCCACGCGTTCGCTCCATTCTCACTTTCAGTGGTGAGTACTGGTAAATCAAGACCGTATGTTCAGCATATTCACCATCTTCGGTCTAACGCAATAGCATGAGTTACCTAGCGCGCATGCTCCAGCTCGTGTTGGGTACAGCCAGGTAGTTGGAGGCAGGTGGTGTAACGGTCACTTTTGAAGAGGTGCTGCAAAGCGGAAATGGTGCCTGAGCCAATGACGGTGGCGGGGTGTGCCGATCATGGAGGGGTAGCCGGTGTTAACCCAGTGTTGCTGGAACAGACAGGCTGGTCTGAATCGATGTGAACGAGGGCCACGTGGGACTGGAAGACAGTCGCATATTGAAGCAAGGCGCTACCACCAGGTCCAATTCTGGTTGCATATCACCCGCTTGAACCTCTGCGTTAACACCTCAGTCGTTGGCTCTCATGATCCAGCCATGACTTTCCCAAACAGTTGCGTGATCGCCCAAAGTAGAAAGAGGCTGTACACCAGCCCAAAGAACCATGGAAAGCTGATGGCGCGGTGCGCCCACCATCGCCGATGTTGACGA
CP060501.1_gap27	1044537	1049536	4999	CTTGGAATCGCCTTCTTCAATCTTCGGAAGATCTCAAAAAAGAACCCCACCAAGTTCGATCTCTTGGTCAGCAACAACCGGATTACACAGAATGAACTCGACCAGGCTATCGCGGACTCCCGAAAAGGGATGAGCGACCTGGAGAGCATCCTGATCGAAAAATGCAAAGTCCCGAAGATCGATATCGGCAAATCGCTCGCCCAGTTCTATAAGTGTCCGTATATCGAGTACAGTGAGCGCACCCTTGTCGATGTGGAGTTGCTGAAGAACCTCAACGTCGACTACCTCAAAAAGAACCATTGGATGCCGCTCAAACGAGACCGCACGGCCATCGAGATTCTCACCGACGATCCCGGAGATCTTGACCGCGTCCAAGACATCAAGCGAACGTTTCCCGGGCTCAATATTCGCTTTGCCGTCAGTCTGCGCCGCGACATCGCGCAATTTCTGACCTCCGCCACCGGACAAACCGATACTGGAGGGAGGAAACTCGATGAAAACGTGTCCGATATTCTCGGCGAACTCGTTACCGAGGCACAAGCCGAGGCGATGGAGGATTCCGCCGGAGCCGGAGGTTTGGACGAAAACGACAGCGCGATCGTCCGTCTGGCCAACCAGATCATCGCCGATGCCTACCGTCAAAATGCATCGGACATTCACATCGAGCCGTATGGAGAAAAGCGCGAAACGCTCGTGCGTTTTAGAGTCGATGGGGATTGTTTCGAATACATGAAGATCCCTCAGAGTTACCGCCGCGCCATCGTCTCGCGACTCAAGATCATGGCGAGTCTGGACATTGCCGAGCGCCGCAAACCTCAAGACGGCAAGATCAAGTTCAAGCTTTCGGAGACGAAAGAGATCGAACTCCGCGTCGCGACGCTTCCCACAGCCGGATACAACGAAGACGTGGTCATGCGTATCCTGGCGGCAAGCGAGCCGCTGCCTCTCGACAAGATGGGGTTCTCTGATCGGAACCTCAGAGTGTTGAAGGAGATTTCGGAAAAGCCCTACGGCATCATTCTGTGCGTTGGTCCGACCGGCTCCGGGAAAACCACCACCCTTCACTCGGTACTCGGCAACATCAACACCCCCGACATTAAAATATGGACAGCGGAAGATCCGGTCGAAATTACACAGTATGGCCTTCGACAAGTGCAGGTCCAGCCGAAGATCGGGCTCACGTTCGCCAACGCGATGCGCGCCTTTCTTCGGGCCGACCCCGACGTCATCATGGTGGGAGAAATGCGGGACAAAGAAACCGCCGACACGGGCATCGAAGCGTCACTGACCGGCCATCTGGTATTGAGCACACTGCACACCAACAGCGCCGTCGAAACGGTCACGCGCCTACTCGATATGGGTTGTGACCCGTTCAGCTTCGCCGATGCCATGCTGGGTGTGCTCGCGCAACGTCTCGCTCGCCGTATCTGCAAAGAGTGCAAAGAGCAGTACATTGGAACCAAGGAGGAGTATGAAGAACTCCGACTCGGATACGGGGCTGAGTACTGGGATAAGCTCGGCATCAAACAGGATAATACCTTTCGGCTTTCTCGCGGGAAGGGGTGCGAAACGTGCAACCGCTCCGGCTTCAAGGGACGGGTCGCTCTACACGAACTCCTCTTGGGTACGGACCAACTGAAGCGAATGGTGCAACAGAAGGCTCGCACCGAAGAGATGCTCAAAACGGCACTCGAAGAAGGAATGACGACTCTTGTTCAAGACGGCGTTCAAAAAGTCTTGCAGGGCCATACGACCTATAAGGAAGTCAAAGCCGTCGCGATCAAATAGCACTTTCGATTCAGCCCGCTTGCTGATATCACCCTTTCATTCTTCGGCGGCAACCATGTAGAATGCGGCCCCGTTTAATATGGACAGCCGGCCGATGCGCATATCCAAACTCCTTCTCGCCTCATTGATCCTTCTCGCCGGATGCGAATCAGCCGATCGTGTCCTGACGAACGCCGACCGCGTGCTCGGCAGCCGCACCAGCAGGACTCTCCTTGACGTCGCGACGGGCAAGGATCCCAAGCAAATCCTCAAAGAGCGCGTCGATGCCTATCAGCGAGATCCCCAAGCCGTCATCAGGGACCTCCGGACGATCCAGCGCGACTTCAACACCATCATGGCCGCGCTGACGGGACGGGTGCGACAAACCTGGGGCGAGAAAGAAGTGAAGGTTCCGGAACAAAAGAAATACGTGAAATACACCCAGAACTATATGAGTCGTACCATCGTCGACTTCGACAGCGGGTCGATCGTGGTGGAAACCTTGGACGACAAGGCGCCGAAGGAGAGCTTGAAGAACGCGATCGTCACAACCTTGCTCACACCCGATGACCCGCGCTCCGTCGATCTCTTTTCCGACAAGCCGGTCACGTTGACCAGTGACCGGCCTCCCTATTTATTGGGCTTGGTGCTGGATCAACAAGGACAGCCGATCCGCACTCCCGCACAAGCCGAAGCGTTTGCGGCGTCGACCCTCGAGACCGCCGCCAAAACGAGACCCGTGGACCAGAATGGAGTCACCAAGCAGTCTCTGATCGCTGAGATCAAGATGGTGGCCAATTTCTCGAACCGGCAAGCAGACAAGTATCGGGCGACTGTCACCCGGTTTGCCGAGCAATTCAAGATCAGTCCCAGCCTTATTTTTGCCGTGATCAGAACAGAAAGCAACTTCAACCCCTTTGCGGTAAGCTCCGCCCCGGCTTATGGTTTGATGCAGCTGGTCCCGACCAGTGGAGGCCGTGATGCCTATCGAAAAGCCAAAGGCACGGATACGATTCCTTCACGAGATTATCTGTTCGATCCCGAGAATAATATCGAACTCGGCAGCGCCTATCTCAATGTGCTCTCGTATAATCTGCTCGAACAGATCGACAATGAAGTCTCTCGGGAATATTGCGTGATCTCGGCGTATAACACCGGCCCACGGAACGTCTTCAAGTCATTTGCCAACGACTCCGTAGCCGCCCTCAATCAAATCAATAGCCTCGAGCCACCGGCGGTCTATGACCGGTTGCGGAACAACCTGCCGTATCAGGAAACGAGGGATTACCTCGTGAAGGTCGTCACCTTCCGGAAGCAGTTTGTGTATCTGCCGGAAGGCAATGATCGTTGAGTGATTGCCGCAGCGATTGAGAAGGTCAGACCGTCACCGTCGGTCCAGAATTCGACAGGTGAGTGATGAAGCTCTGGAGATACTTGTTGTCGCTTGGAGAGATGCCCTCGAACTCCACACCGTAGGTGTGTTCTTTTCCCCACCGCACCGTGGCGGCCTCGATAAACATCGAGTTCGTCTGATTGGGCAACCGCAAACTCATCGCGATACGATCTCCGGGCGTGATCACGGCTTCGGTCATCACACGCGCGCCTTTTGCGGATACGTCGTACACGATGCCCAACCCTGCTTCGACAGCCGTCTTCCTCATCGCGCCGACGCGAGTTAAGGAACACGGAAATGGAGCCGTGACGCGAATACGAGGGTGCCTGCGCAGTTGCTGCGTAACAGACACGCTACCTGACTTGAAGATCGGCTCATCCATTTGAGTTACCCTTTCGCCATGGGCCTGCGAACACACCGGTATCAACGGGCCTCGTCAACAACCACTTCCCGTTGATGGACAGTCTGCGTAGAACTTCACCACGTAAGAAGCACTCTATCTCACGTGGTGCGTTCTGCGAACTATTTTCGTAGTTTATGAACGTATTGCGGTCGAGGCCGTGGATAAGGATGCTTCAGCTCGAGGCCTACCGGAGTTCGAACGGCCGTGAGGTCGTGACCGCTTCCACTGATTCGGCGAGGGACGCTCAGTCCGATGAGCCTGTCGGCCTTCCGAAGAAATCGCCGACGAGGGAGCCGCGCTTCCGGAAGCAAGCGGCACCGCATACCCTAACAGACGCTCGATATCTCGCAGTTGATGACGGTCTTCGCCTGTGACAAAACTTGTGGCGCGGCCGGTCGTCTTCATCCGGGCCGTGCGACCGATACGATGGACGTAATCCTCGGGGCAATTGGGCAGATCGAAGTTGATGACGTGCCCGATGTTCGCCACATCGATTCCTCTGGCGGCAATATCCGTTGCAACCAGTACACGAAATGACCCGCGCCTGAATCCCTCCAGCGCCGCGCGCCGCTGCGACAGACTTCGGTCCCCGTGCAGCACGGCCACTCGATGTCCTGCGCTATTCAACATGCGGCCCAGCCGATCGGCACGGTGCTTTGTCCTGGTAAACACGAGCGCCGTATCCTTGTCCGACCCCAAAAGCGACAAAAGCAGGTCACCTTTCGCGTCGTGCGACGTATGATGAATCGCCTGCGTCACGCCATCGGCGGTGGTTGCGGACGGTGTAATCATCACGCGAACGGGATTGCTGACGTTTGCGTGAATCAATCGCGCGAGATCGGTCGGTAGCGTAGCCGAGAACAGCAATGTCTGCCGCTCTTGCGGCAAGGCATCAAGTATCTGATTGATTTGGGGTGCAAACCCCATATCCAACATCCGGTCTGCCTCGTCCAACACCAACACCTTAATGGCCGACAACGAGATTGTGCCGTTCCACATATGATCGAGGAGTCGTCCGGGCGTCGCCACCAAGATATCCGGTCGCTGCCGCAAGCCTCGCACTTGAGCTTGCATGTCTGCGCCTCCCACGATGACCGTGGCTGAGATGCGGCGACGCCGCCCGAGTTTCTCGATGGTGGTTGAGATCTGCAAGGCAAGCTCACGTGTCGGTGCCAAAATCAACGCCTGCGGCTGGTTCTTCGGCAGCCCCGCGAGCCGTTCGACGATCGGAATCACAAAAGCTGCGGTCTTGCCTGTCCCGGTCTGAGCACACCCGATGACGTCCCGCCCGGCGAGCGCAGGTGGGATAGCTTGTGCTTGAATAGGTGTCGGTGAAGCGAACTTGGCATCAGTCAAGTCCTGCAAAAGTGCCTCGGACAAACCGAGAGCGTGAAAATTAGGGTGAACAGACGTATCCACTACGATATCCTTTCAGT
CP060501.1_gap28	1053785	1054964	1179	TCCTTTCGCTCTCGCAAGTCTTTCCGCATGGCCTGGTTGTCGGTGTGACCGATCTCGGTACCGAGGTCCGAGATGGCACTCTCGACCGCCCAGGACAATACCTCCTGCTCCTGTTGTGCCAGGGTCAGCTGCATATGATGCTCCTTCCTCAACCACACTCTTTAGCGGACATTGCCTGGAAAGGAAAACATCTGACATCGCGTCCACCACATTCAATCGACAGAGATGTCGACTCTTGTCCTCCGCTTAGCTCTCCCAGTTCGCACGGAGCAGATCTTCATTCTCCTCATAATGACAGGCGAATGTGCCGCGATGGGCATGATGCAACGCCTCACCGATGCGCCGCGCGAGATGGGGGTCCGTCGTGGTGATGACCACCCCTTCGGGTGCTTCGGCGTGGTCCTCGATCTTGATGATTCGAGCCAGCGGATGTTCGGATTTGAGCTGAGCCTCTTCATTGCGGGCAAGACCAAGCACCTCGTCTCGATGCTTGGCGACAAACTCACCCGTCAGCAGAAGCACCCCGCTTGGCACGCGGTCCCGGATCCGTTCACAGGCAGGACACATCACCTCGTGACTATCCGCCGGGACAGGCCCCCACACCCACCGCCCCTTGTGATACACCGCCTGGCACTCACGACACACCGACGGCTCCCGAAGCTTACCCTTGGATTTGTAGGGGTCGTGCTTTCGGGCTCGAACCGATCGATCTTTTTTATCTCGAGGATGGTGTGGTGTCGACATCTTCATTCTCTCCATCGCGTGAGAGATCTCTGATAAATCAGGCTGGGAGGGAATCCTCACTGCGTTGTACTTGTATCAGGCCCGCTTCATGAGTCCTCGTCATCCTACCGAATCGTGAAACTGCATGTGGAATGCCATTCTGTAACGGATATGCGGCATGCTCAAATCCGCGGAACTTCGAAATGACGAGGAGAGTCCATACTCGGCTGTGCGGATCCCCTCAAAGGACACTGTGGCGTTCCGGATCAGAGGAAGGCGGATCTCCTGTCCCCTAATGCCACAACCTAGATGCAAAGAGGCAGGATCAATCTTGACATTTGACTGACAACCATGACCGTGAAGATTCCGCACCGCGACACTCCGAAACAGCCGGTCGCGTGGCACGAAATGAATAGCCCCGGACAGGCTCAGCTCGACCATGACGCGGGTTCCATT
CP060501.1_gap29	1070754	1075381	4627	CAAGATATGTCGGGTCGTCGGATCATCGGCGCCGACATACGCGATCAGGTCGCGATAGCTGTCGATCGCACTCCCTTCGGCGAGCAGATCCGCCGTGATCATCTCCACCAAAGAATCCCCTTCAACATGTTCTGAATGGTTCCGGTTCAGCAGCCGTTCGGGTGACAAATCCGGCTCGCTCCCAAGCTGCACAATGCGCTCCGCCAATTAATCGGCATGAGCTTGTTCCTCGGTCACATGCTGGAGCAACTTCGCCTTCACGTGGCGAGAACTTATCCCGGCGGTCATGAAGTAATGCCGCTTGTAGCGCAGGACGCAGATAATTTCCATGGCCAGCGCTTCGTTTAGTAATCTGATCACTGCCTCGGTCTTGGCCTTACATCTCAAGGTCACAGCGCCACCTTCAACGTCTTCGCGTCCTACACATGGCCATCACTGGATGAAGCACCCACAATTACTCCCTTATGGATAAGTATACTGGAGTGACCGGCTGCCGTCTGTGCACAATTGCTCAGTAGGAACAATTGTGAGATGGTGGCGAGGCTGGGCGCAGGCTGGCTTGGCTCTCCTGAGTCAGCGGAGCGGAATCAGATGAAGATTCTAGTCGTGGAGCACGACATTGAGGAGAGAACTATGCACGTGCAATCCGTTGTTCCGGCGTAACCCGCCTTTATAATCAATGAACCCCAACTTGCGGAACTTATTCATAAAGAAACTGACGCGAGAGCGGGTGGTGCCGATCATCTCGGCCAACGTTTCCTGGCTGATCTTCGCAATGACCGTCTCCGGCTTACTCTCCTTCCCAAAGTGGGCCAACAACAGTAGCGCGCGCGCCAGCCGCTTCTCACTGGAATTAAACAGTTGATCCACTAAATCCTCTTGGACTCGAATCGAGTGCACCAGTAAATAGGACGTAAATGCCTCGGCGAACGTGGGTTGATCGCGAAGCATGCAGAGCATGACGGCTTTGTCGATGCGGAGAATCTGGGAGTCTTCCAGGGTCGTCGCCGTCGCCGGCCGAACAGTCTGTCCCACCAGGCAGGACTCTCCTAAAAAGGCACCGGACTCAAAGATCGCCACGACGGCTTCCTTGCCATGTGTCGAGACCACGGTCAGTTTAACCTTGCCGGCCTGGATATAGAACACCTCGTCAGCTGTATCCCCTTGTGCGAAGATAATCAGCTTCTTGCGAAACGTGAGCATCGTTTTGCCCTTGTCGATCTTCGTGAGGAAGGTGTCCAGATTGAACGGTATGTGCATGCGTGCCATAGGTCACCCTCCTTTTCATTTCGAGCGACTGAGCCAGTTATTGACGTAACAGAATGCTATGTCGTATCCAAGAGCCGTTAGCCATCCATCAGGGACTATGCACTCGTATCCACTCTGGGCTCACAGTCTCCCCGATCTCGATCTATACTCACTCGGCGAGGACATGACGCTATCGACCGCGGTTCAGGGAATAGGATCCCCCGGCCGATGGGACTGGGGCATGCAGGCTATCCACATTCTGTTGCATTTCCCTCAATGCCAGACCGATCTGTTTGACCGAGCAATGACGCAAGGCATGGATGCTGTCCCCCATCCATAACCGAAGGCCTTTTCGTGACGGTGAATTCAGTGTCAACACATAAGTCCGTGATATGGTCTTCATATTGTCCTCCGTGGTAATGGTGGCCCACCGCTTCACGCTCGAGACGAGCCTGAAACAACGGACTATGCTCCGTTTCCTGTCATGCCGCCCGAAATACCGCAAGCAGATCACTCAATGCCATGGTCTTGTGTTTCAGCATGGCCCGTTCTACCTTCAGCTCATTCAGAGCGACCGCCTTCGCGTCTCCTTCCGCGAGGCAGGACTCGATAAGCGAACACACCCGATTGCACTCCTGCTCGACCTTCGCCTTGACGACCTGATTGACAGACAGCATGTCCAGCACAGTGGCCTTGGTCGAGGCGAGATGCGACTGTAGTTCGGCTTCCGGATAGCTGATACGTGCTGCCTCGCTCACACAGCGATCCATGCTTTGCGCTAAGAAGACGTACAATCTGGCCAGCGTATCCGTGACCTCGATATGATTATGAATGACAGATGGGGTCTTCATTCTTCGTGCTCCTTCTCGTTACAGACGCTCGTGCGTCGCGGTGGTCGAGTGAGTAACCCGAGGTGACTAGTTACCCGGTCGCGGCGGGGTTTCCAGGGAAAGACTCGGCTCCGACGACCCCTGCATCGACGCCTTCAGTGCCTCGATAGCCTTCCCGACATCCTGTTCCGTCGATCCAAACCGGTCTCCCATCACCTTGATGGCCTGAGTGATCGCTTTCTTCATCTTCGAGATTTGTTCTTCAGGTGTCATGAGCCCTCTCTCGTTTGTAAGTCTCCGCGACCAATCTGACCGGTCAGGACATTCGAACGGTGCGTCGCGCCACCAGGTGAATCGCGAGCAAGACGATCCCACCCAAAAGCAGCGTCCAGGAACTCTGGGTCGCAACCGGGGCCACTCCAGCCAAATTCAAGGCTCCGGCAATCAACCCGACGAATAAAAACACCGCTGCGTAGCACACCATATTGAACTCCTCTCCAGAGTTGCGCACCGCTATTGGGAACATCTCCGCGCGCCTGCCCCCACTTCAAGTCGACTTGTGCCTGGCGGGCATACCCGATGAATCGCCATCGGGGAAAGCGATCATCGCCTGGAAATCCTCTCTGGCGTAGAAGCGGCGGAGACTGAAGAATCGGTCGCGCCAGTGAAGGAACCGAGTCGCGCGAGGGACTTAGGACAGTCGGCGTAGCTGGAACGTCAGAGCCTACAGCGATGCATCGATCATGCTACCCGTCACTACCCGCATCAGAAACATCACCGTGCATCAACCACGCTACGCGATTTAACTATAACTAGTCAAGTATTATGTTGCTATACACTTCTTCTGCTTCTATTATTGACCACAACTAGTTAACCCATTCGTTACATTGCAACAGGACGATCATTATGGACGTTGCGCTGCTCATCAGGAATCGATTGAAAGAGCTGGGGCTGGGTCAACGGACTCTCGCCCGTGCGGCTCACGTGACCGAATCATATATCTCGCAGTTACTCACACAAAAAAAGCTCCCGCCGGCGCCGAATCGGACTGACATGTACGATAAGATCGGACGAGTACTGAAATTGCCGCCGGGACAACTTGCCAAACTCGCCGATCAACAGCGCCGAGAACAGCTCAGAAAACGGCTGGGAGATCAGCCGAATCCGTTGCTGCATGACGTGCGAGAATTGATCCTCCGCAAATGTCATCCCGGGAAGACCCGGCAGATCCGCGCGATTTTTGAGAAGCAACCTTTCGGCGAACTCGAACGCTTCGTCACACAGAAACTCCTCGGCGTCGTCAAAAGTGTGGCTCGGCAGGAACTCGACAATCCGATGTGGGTACGCCAGGTGGCTCGACTGAACAAGAAAAGTTACCCACAGATGCGCGTCACCGTGCTGGAGTTCCTGGATACGACGATTTTCGATCTCTCGAACGAGAACTGCATCGCGTTTCTCGATCCCTTGATCGAATCCTGGAATATTGACCTCGTCACTTTTTGCATAGAGATTGTCTTGAACCGCCGGGTGGCATCAGGCCACCACAAGACATTCGAGTTTATGGAAAGAAGACCGGACAAGACTTCGGGAGAGGAGCCCGGGCTTAAGGAGTTTCTCCAAGATCCCTTACTGAGCGGGGATGCGACCGAGGAGGAGCTCATCTTTCTGCGCACACTGACGTTTGACAACAAACGACCAACCCCACTCTACTATTACCGTGAGCTTCAGAGCCTGAGAGACCCCTTGCATTTTCAGGCCCCTGACAAGAAAAATTCTCCAAGGTAACAACGCATTGACACCTTGTTACTTGGTCAGAAGGACAGTCACAAGCAGAGCAACCCCCCAGGCAATCGCATACGCAAGCAAGAGGAGTTCTGCTGCCATGTCACGCCTAAAATCACGCCACCTGCTCATAGTTTCCTCACGGTATTAACCTGTCGCCTTATGGACTGAATGAACTGTCTTATCCTCACGTCGTCTTTGCTGTCGGATTCTTCATCGCAAATCCTGAGCTGCGTGTGGTCTACATAATCTACTTTCGTACTGACCAGCAAAGGAGCGCTCTGTGATGATGACCCTGCGGTTCACCTCACTCGACCTTTTCCAGACCTGGCCGCCGGTGACCCAGGTGGGCGTGCACTGCTCCGAGCCGGTGGACTGTGACTCACTTGATTCGCCTCAATCCCTGGGTCCGTCGTCGCACCGCAGAGGAGGCAACGCCACCCCAATATCGGAGGCTGCCCCATGTCTCTCATTTGGATCGCGATCAAGAGACCTTGGCAACGTGGACAGCGCATGACATCTCCTATGGGCTCTTTCTACAACACCCTTCTCAAGGTCCCATTCCAGATAAGCGATGCATATATGGAATCTGAGTAACTTCGAAAGAAGCAATACCACCACACCTCGGCGATGAAATCCCATGGCCTGATCATGTCAGGCCTCCTTCCCGGAACACTAGCAAGCTTTGGATGGATGGTTGGCGGAGGCGACATTAAAGACCGCGAGATTTGGATGTTGGAACTCCAGTCGTTTCTCGCGTATCTGAA
CP060501.1_gap30	1086126	1086898	772	TCGACATGTTGAAAGAGGATCATGAGAAGGTAAAAAGGCTCTTCGAGGAGTTCGAATCAGCAGAGGGGAAAGCGCAGGCAGACATTGCCGCTACCGCAATTATGGAGCTGGAGGTCCATGCAGATTTGGAGGAGACGCTCATCTATCCTGCCATTCGTGAGGCCATTGACGAAGACGAACAGATGAACGAGGCCGTCGAAGAGCATCATCTCGTTCACGTGCTCATCAAGGAACTGAAGAAGCTCGCACCAAAGGATGACGCCTTTCAGGCCAAATTCACCGTCCTGGGGGAGTTGCTGAAGCATCATATTGAGGAAGAAGAAGGGGAAATGTTCCCAATGGCACAAGAAAGCAAACTCGACTGGGCAGCACTGGAGACGGCGGTGATGAAGCGCAAAGAGACCTTGGTGAATAAGTTTACTAGGGGCAAGAAGCCCGTTGCCAAAGCCTAGCAACTCTAGGGCCGCTTTTCTCCACACCATGAGAGAGAAGCGGCCCTGCCTACTCTCCCATTACAAGAGTACATAGCGAGTGAAGACGACCGTCTCAAACCGATCAGGCCAGAGCGTGCTGTATGGAACAATCACCCGACTCTCTCAGCGGAACGGACACAGCACCCTGTCCATCCGCACATGACCCGGCCACTCGTTGGGACGGTCATAGAAGCCTCGCTCTCATCCGACCACATCCTCCACCGTAGAGCCCTTCCGCGATGGATCATCGTTCAACTGCACGTCCCGAATGAGACCTCCGAAGGGAATAAATGCGGGCA
CP060501.1_gap31	1089078	1093333	4255	CCGTCATCACCTGGCTGGAGGGAGTTTGATAGTTGTCACAGTAGATCTTGAAGGCAGCGATAGCGATCCCCAAGAGAATCGGGCCCAAGAATAGTCCGATAAAACCAAAGTACATCAGGCCACCGACGGAGGCAAAGAAGAGAAAGAGAACGGGTAAATCTGCGTCTGAGCCGACGAGAATCGGCTGTAGGATATTGTCCATGAGCCCAACGAGCCCCACACCCACGACGATCATGACGATCATTTTCCAAAGCGCAGCGGTCCAGAACAGATACGCGGCCACGGGAATCCATACCAATGCCGTGCCTCCGAACGGCAACAAAGATAAGAGAGCGCTTATCGAACCGAGAAATACCGGGAATGGGACATCAAGCACCCAATAGGTCAGCCCCGCTACGACGCCTTGTGCCAGAGCTGTGAGCAACGTGCCACGCACCACCGCCCGCATGGTCTGGATCAGGCGATCAAAAATGACCGTTTTATGACCCGCCTCGATGGGCATCGCATTATAAAAGCTAGTGTAGAGACGCTCGCCGTCGCGAAAGAAAAAGAAGAGGGTGAATAGCATAATGAAGAAGTCTGTGATGAGTTCAAACGTATTCTTGGCAAGCCCGCTGACGCCCGTGAAGAGGACTGCACTGACCGCCTTTCCTCCTTCGAGCAATGATCCTTGGAGGTCCCCATAAGCTTCTACAAATCGTTCTAGCACCCCTTCCGAAAGAGGGCCGATCACGGGTACGTGCGAGACCGCAGCAGGAACGCGCTGGATTCCACCGCTCTGCACCCAGGCCATGCCGGTTTGATAGGCATGAATAGTTTCTGTCACCGCCAAGAAGGCGAGATACGCCACCGGCAAGATGGCAATAAGTGTTACCACGATCGTACTCAACGCAGCAGAGAGCGTCCGCTGTCCACGCAGGAACCGTAACAGGTACTCGTAGAGAGGGAAAAAAAGCCGCGCCAGGATGAGCGCCCACAGAATTGGGGTAAAAAAAGGCGCGAAAATCAAGGCGAGCTGGTACAGCACCAATGAGCACAAGATCAGGAAGGCCGTCGAAAGTGTTTGCGGAGACATCTGGCGACGCTTTTCTTCGCTACGTTCTCACGACGTTTTCTCGTTCTAGCTCTAATGCATGATTTCTTATTGTTCACCACCATCGCGAATCCTGCTCGTTGAGGAGCCAATCTCGTGGCGACGTTCGAACCATTTGTCGGCTATTTTTACTCCTGGTTCTCCCCCGTCCTCTCGGTTGCGGCATTCCCTGAGTCTGGTGAAGGAGGGGCTGCATCCGGATTCGTCGACATGGTGGGATCACGGTTCGGTGGCGCTACAGAAGCCCGTGAATCTGGCTGCCCTCTTTGCATATGTTGCATCCCGGGGTCCATAACCGAAGGGGCTGCCTCTTGACTCGACTTAGACCTCCCTTCTGGATTCGAGTTTTGAGTGGATTCGGACGAATCTTCAAATGGTTCTGCGCACGCAGGGCCGATCCCCACCATCACTGACGTCAAGGCCAACGTCGCAACCGTAGGGAATACGTATCTGGTCATGGCGCACCTCTGCCGCAAGGGCATGTTCATTGTCCATCAATCGACCTGTTCCGTCCTCTACACGGTGACCATTACCATCTGTTCATCGCATCGAGACAGACGCTTGAGAGGCATGCTCTCTGTGCGAGATCTCCCGCATTCTCACCACACTCTGGAGGTGATTCGCGCGAACGACGGCATCCTCAATACACCCGCAATTGATACAGCGTGTGGCTGGGTCTAGAGAGTTTGTCTTGATGTTCAATTCACCGAAGGTGTCTTGTACAAGGAGTCCTCGACAGCGTTGACAGAGCATACATCCTCCCTCCGCACCCAATGGCGTGCTAGGCAGATTCCCATCGAATGGAAACCAGGCCTCTTGTCTGCGTCACACGCATCGACCTATTTATGGAGAAGCATAATGGAAGGGCTGGCTGCCGTCTGTTCACAATTGCTCAGGAGGGAACGAGTACGAAATGGACCGGACGTGGCCTGGCTTGGCTCCACCGAGGCCCGCCGCCTCCGGAGCTCAGCAATCCAACTACCAACATAAATGGTACCGTTGTTTACATAGAATCTCCGTTTAGTGTCGAATCATTCACCCATGAGACCACTGAATCGGGAGCTGGGAACACCGTGGGCATAGGAGTGAACGCCCTGATACCGAACTACTTCCCCATGCGTATTGGAGTATCGCCCCATCAATTGATGTTGACTGCTCGTGATCTCGCCTATGGTCTTTCCTAGTACGAGGCCCCGTTCAGATTCGCTATAATACATCACGGAGTGTTGAGGTCTTTGACGGGTATATTCATGAACTGGACTCGGAAAAGGTTAAGCTGTCTCGGTTTTTGGGATTGGTCGAAGGCAATGCACTTTACTTGGTGAAGATTTGGAGAAAGAGAAATAATCGGTGTGAATGCTCTTTTGTAGATGCCGACGTATCTATCGAGACAAGGTTACTCAAATAAGTGATGAGAAGGTGGGGCATGTGATGCTCGTGGACGTTGAATGGAATGCCCCTTGGAGCAGCCGCGATGATTGAGGACAAACTGGCGGGTATCAATTACAAAAAGTTGAAGGCTAAGTGTTTGGAAATGATGATGAGAGTCTTTTGGGTTTCTCATGAAGATGCAGAAGCGATCTATTGCCAAGTGATGAAAGAACAAGCATCTGGGCCACTGGCAGAGGCATCGACCTGGACGACAGAGAGGCCGGTGAAGAAAGGCTGGTATTGGCATCGTCGTTCCGACAAAGAACAACCATCAATTGTGCTCATCAACAATTATGATGATAAAGGATTCTCGATGTTCACTGCAGGAAACATTGAGCGATGGCCGATTCCTAACGGTGAATGGATAGGTCCCCTGAAGCCAACGCCATAAAAGTAACGGCCGCCGAGAAATCGGGAGCACGAGCCTGGAGAATGTCAACCAGACTCCTCACTCTCGAACTGGGGGCCGTATCGCGCAACGCAAGGGTATCGAGCGATCTTGGGGAGAAGCGCCTGGCATTGACCAATGCACAGCCCGAGAAAGTTGCACAATCAGGCTGAAGAAACACTGGGAAAAGAGAAATAACAACCCATGCTGGAACTCGGAAATTATGGTTTGCACGGTCCAGGGATGCTGGTCTACTTCATCCCGAGCTTTGTCGCCGTGGCGCGCAACCACGACAAGCGTTTTCCGATCTTCGCCCTCAATCTAGTTTTGGGCTGGACAGTGATCGGATGGATAGGCGCCCTGGTGTGGTCGTTGATGCGACAGGTGAAAGGATTGGAACGGAATTCAGCTGCTCCGTCGCGGTTGTCTACACTCCAGAATCTGAAGTCATATCTGGCAGTGCACGCAAAGGGTCGCGCCATGCTGGAGTATCCCGTGCATCGGCATCAGTATAAGGACCGCACAATCCAATTGTATGCGAACAAACGCGAAGATGACCAATGGACGTGTAGCTATTTGGTCAGTGAGAAATTCCGCCAAACACCGTGGGTCGAAAACACCGCCTGCCCTAACGGCCCATTCGCGTCTCGCCACGAAGCCGAAGCAGCGGGGCTGAACCAGGCGCAACAGATCATCGATTCAATAGTTCCTCATCCCTGCCCCGCCACCACTTAGCTCGCCCTCCTGCGCAACAAGCCGAAGGATCACTGAAAGAAGATCGGGCCTGGAATCGCAGGCCTGTCGCCAGTGGGCGCATCGACCCCGCCACGGTGGGCCCATTGCGTTTTAGCCTCACCATCGTAATCGACCCGCATATTGATGGAGGTCGTCGCTCCATCTTCGGTGTATCACCAGCCACGATCCGCCGTGGTGATAACATCGCAGGAAAACCGTGTGGCTAGATAGAACCGACGACAATCGGCCAATTACCGACCTCGGTCTACAACATCGCCCCAATCTCCTGTTCGGCACTGCAAGATTGGAGCAGCAGGAGAATACCAACAAAGAGGGTAATGATCACGGGCCAGATCATCGAGAGCGCACCGAGTACTAAAATAACCGTGCCCCCCGCCAACGCCTGCTGAACGAGCGCGCTCTTGACTCTCATCTTAACCTCCTCTCTCAACTAAAGCCGTGAATCCAGGAGACGGCTATGGCCATCTCTCGCTCAGTCTCATGTGTATTCTTTCTTGAACTTGACGAGCGGTCCGTCGATCTCCCGCCGAGACGACGCTGCGCTCTCGCCCTTGCGATCAGGTCCCTGAGTCACTTCAGTCCGTTCC
CP060501.1_gap32	1094588	1097207	2619	TCGAAGAAACGGAGGCAAAGACTGAGGAATCAGACGCGCGGGAGTGGGAGGGAATGCGCGAGAGATGGGACAGTCGACGTCGTTCTGGACGTCATGGTATCACCCTACAGACCCCCGCCATTTGCTGTCAATGCGTTAAAGAAGAGCGGGCCATATAACGCCTTGATTCTATGGTGGTATATTTATTTGTCTGGGGGAAGATAATCAATCGATCAGAGAGGCGGCCGGCCCTATGCAGCGTGTTTCATTTGTTCGTGCGCAGAACGCGGAGGAGTTCACTATCCGCCGGAGCTTTGCCCTTTCGATTCTCGTCGTACCGGAATTCTCTTAACATGAGACGGTCTCACAATCGCTGAACATGGCAACAATCACTAAAATTGTCACCAACCTGAGTCTTTCGCCCTACGGCCGAGGCCATCTTAACATTCTCCCATTTGGGAAGTTTATGCGATAATCCCTCCATGATCCTGAAACGCTGGCTCGTCGGAGATCCGCTCAAGACTGCTCAAGCAAGGCACGAACGGCTATCGAAAACGATCGCCCTTGCCATCTTCTCATCGAATGCCATTTCCTCCGTCGCTTATGGGACCGAAGAAATCCTGCTCGTGCTCATGCTCGCCGGAACTGCCGCAGTCGCCTGGTCGATCCCGGTCAGTCTGGCCATTCTTTTCTTGATCTTGGTCTTGACCATCTCCTATCGCCAGATCATTTATGAATATCCGCAGGGGGGCGGTGCATACGTGGTTGCCCGATCCAACCTGGGCGATATACCGGCCCTGGTGGCTGCGGCGGCCCTGATGATCGATTATGTCTTGACTGTGGCCGTCAGCGTGGCGGCAGGCATCGCGGCACTCACGTCGGCCATCCCGAGTCTGTTCATCCATCGCGAAGCCTTGGGCCTTGTCGCCATTCTCTTCATGATCGTGATGAATCTGCGCGGGGTTCGCGAATCAGGAAAGTTCTTCGCCGTCCCAACCTATTTTGCCATTGGAGCGCTGGGCCTCCTTGTCATCGTGGGTACAGTTCGGTCCCTCTCCTACTCCGGATCCCCTCCCCCTCCGACACACCCTATGGAAACAGAAACTCTTACCCTATTCTTAGTGCTTCGAGCCTTTGCTGTAGGCTGTTCGACGGTCACTGGCATGGAAGTCATTTCAAACGGGGTAAGAGCCTTTCGAGCCCCGGAATCCCAAAATGCCGCAATCACCATGGTCTGGATGTCCACGATCCTGGCATCGCTGTTCATGGGGATCAGCTGGATGGCCTATCACTACGGCATCCTGGCCAAGGTGGATGAAACGGTAGTCTCGCAATTGGCTCGCGTCACGTTCGGCACTGGGCTCATCTATTATGCGGTTCAGATCGGCACTATGGCATTGTTGGTGCTGGCGGCGAACAGCGCCTTCGCAGGCTTCCCGAACCTGGCGTCGATCCTGGCGCGGGACGGATTCATGCCCCATCAGATGGCCACGTTCGGTGATCGCCTGGTCTTCTCAAACGGTATCATCATTCTCGGAGTCTTCGCCTGCCTCTTGCTTGTCGTATTTGAAGGGGATACTCACGCGCTGATTCCATTGTATGCCATCGGCGTGTTCATGTCGTTCACCCTCTCCCAAGCCGGCATGGTGAAACGGTGGCTCGTCAAGAAAGGCCCGCACTGGCAGACCAAACTGATCGTCAATGGGGCCGGCGCCCTGACTACCGGTATCGCGACCATCATCATCGCCAGCACCAAGTTCACGCAGGGCGCCTGGATCGTGTTCCTGCTCATCGCCGTCCTTCTTCTGATGTTTCAAGGGATTCGCTCGCACTACAAGGCCGTCACGGAGCAGATCGCACTGGACCGTCGAGGGGAACGGCCTCCATTGCCCCGTCGCAATATCGTGATCATCCCGATCAGCGGCTTGAATCGCGCCGTCGTCCGAGCATTGGACTATGCCAGAAGTCGACCTGGTGAGGTTCGTGCCGTCTATGTGGACCTTGACCAGGAAGAAAGCGCCAAGGTCAAGATTCAGTGGGCCCAATGGGGTGGTGGGGTCAATTTGATCGCTCTGTCTTCCCCTTACCGCTCAATCCTGGGATCGCTGCTCGATTACATCGAGGAAGTACTGGAGAAAGACCCGAACACCTGGGTGACCGTCGTGATCCCGGAGATTCTTCCTGCCAGGTGGTGGCAGAATATCCTGCACAATCAGCGGGCGCTGATGCTCAAAGCCGCACTGCTCTTCAAAGACCGCGTCATTCTCACCGATGTCCCGTACCACCTGACAAGGTGAGTGTGGGTCATAGAAAGCTTAACGTGAACTGCCATCAGGTTGAGAGCAACCTCTTCTCTCCCCTTCTCGTCAAACTATTCATCTTCACGCTTTACTTTTGTTTCCTGACTGGACAGTCGTTCGCCTTCAATATCGCGTGGCCGAAGGAAGGGTCCACGGTCACGTCAGGAAGCACTGTTACGGCCCGTGTGGATTTGGGAAAAGACATGGGTCTCGTCAAGGTCCGCTATTATTGGTACGGCGAGCAGGACGACACACTGGTCGAACAGGATGATTCGACGGCCACCGGTTCGATCGTGGCGCCCGTGGCCATGATTGGACTGCCTGAACAGGACCCCGCCTT
CP060501.1_gap33	1110123	1111255	1132	CGATATGATAACCACTCCGACGGTTTTCGCGGAAATGTTCAGTTGGCTCATCAGCGCATTGTCTAACGTTTGCACACGAAGTGACGCCAACACATTATCCGGGGGCTTGATCAGCTCTCCCGACTCCTTGGGCGGCCCCGGCTCCTTCTTGGCCAGCATTTCGTCCGATGGACGTTCAGCAACCTTCACCGCGATCAGCTGTTCCTTGCCTTCTCGTACAACCTTGACCTGCGCGTCCTTTCCGACCACCGTTCTCGCCACCAGGTTACGCAGCTGACTGACGCTCTGCACCTCTTTACCGTTGAACGCCACCACCACATCGCCCCGTCTGATTCCGGCGGCATGGGAAGGACCATTTTCATTGACATCGCTGATCAGCACACCCTTCCGCTGCTCCGGAAGTTTGAACGACTTGGCCAGCGCCGGTGTAATCTCCTGAATCGCGACCCCCATCCATCCGCGTACGACCTTGCCCGTTCGCTGGAGACTGTCCACGATATCAAGCGCAATGCTGCTGGGAATGGCGAATCCGATTCCTTCCGATCCGCCGGTTCGAGAAAAGATCGCCGTGTTGATGCCGATCAGATCCCCGTTCATGTTGACGAGCGCTCCGCCTGAATTTCCAGGATTGATCGCCGCGTCGGTCTGGATGAAATCTTCATAGTCGGCGATCCCAACATTGCCACGCCCCAGCGCACTGATGATTCCGAGCGTGACAGTTGAGCTCAGGCCGAATGGGCTTCCAACGGCCAACACAAGGTCGCCGACCTGTAGCTTTTCGTATTCAGCCCACTTGAGTGACGGCAAATCCTTCGCTTCAATCTTGACCACCGCTAAATCCGTCTTTGGATCGGTGCCGACGACCTTCGCGGCAAACTCGCGCCGGTCGCTCAGCGTCACGGTAATCTGCGTGGCTCCTTCAACGACGTGATTATTGGTCACGATGAAGCCGTTTGAATCCAAGATGACCCCGGAACCTGCACTCTGATCTGGGCGACCATGCGGTGCGGGCGGACCGTGAGGGCTCGGGGGAGGTGTCGGTAATTCTCCCCCGCCCGGCTCATCCCCTGGAGGAGGTGTCCCGAAAGGACTGGGTGGCGGAGTTCCACCACGGCGCCGGCTGCCCTCTCCA
CP060501.1_gap34	1267352	1269877	2525	ACTCCTGGAAATTCAGCGTATCAACAGCGCTGCGTCGGTCCTTTCATGGGATCAGGAAACGTACATGCCTGCCGGTGGAGGCGAAGCGAGGGCTGAGCAGATCGCGGTGCTTCAGGGTTTGGCCCATCAGAAGCTCGTCTCCTCGGAGGTTCAGGACCTCCTGTCACAATGGGTGGATCCTGCGACCGGCCAGGCAGCCGACCAGGCCGGTGAAATCTGGGATGGGCCGTCGCGGTCGCTGTTGCGGGAGATATGGCGGGATTTCAGCCGTGCGAAGAAACTGCCGTCTGATTTCGTCGTGACACTGAGCCGCGAATGTTCCCTCGCGCAGCAAGTATGGGTCGAGGCGAAAGAACAAAACAAATTTTCCCTGTTCCTCCGGAATCTCCGGACCGTGCTCCAGCTCAAACGCGAAGAAGCGCACTATCTCGGCTATCAGGAGTCACCCTATGACGCGCTCTTGGACGTCTATGAACCGGGTGCGACCATTGCCGGCCTCCAGCCGGTATTTGCTGCGCTCAAATCCCGTCTGGTGCCGTTGCTGAAACAAATCACTCAGAGCCGGGTTCACATCGATGACAATATCCTGAATCACTCCTACGATCAGGATCGGCAGCTGGAGTTCGGCCGACTGGTCCTGATCGCAATGGGGTATGACTTCAAGCGGGGTCGATTGGATCTCTCGGCACATCCCTTCACCACCTCGTTCCATCCGACCGACGTACGTGTGACAACCCGCGTGCATGAACATGAATTGCAGTCCTGCCTTTTCAGTTGTATCCACGAGGGTGGCCACGGGCTATACGATCAGGGCCTGGATCAACAGTACTTCGGCACGCCGCTGGGCGATTCGGTTTCCCTCGGCATCCATGAGAGCCAATCCCGTCTCTGGGAAAATTGCGTGGGGCGATCCCGCCCCTTCTGGCGATTTTTTTATCCAATTCTGCAGCAAACCTTTCACCAGCAGCTGCAGGGAATCGATGTCGACCGGTTCTATGCCGCGATCAATCGTGTGAAACCGTCGTTGATTCGCGTGGAAGCCGATGAGCTAACCTACAATCTGCATATCATGCTGCGGTTCGAGATCGAGCGAGACCTCGTGGAAGACAAGACTCAACCGGACGATTTACCGGAGATCTGGAACGACAAGATGAAAGAATACTTGGGCCTCGTTCCGCCTTCCGAGGCCGAAGGGGTGTTGCAAGACGTGCACTGGTCGTTCGGCGCCTTCGGGTATTTTCCGACCTATACCCTCGGGAATCTCTATGCCGTACAGTTCTTTGAGCAGGCCAAGCTGGAGATGCCCCATTTGGAGGATGAGATTGCGGCGGGGCGATTGATGATGTTGCGCCGGTGGCTCGAGCAAAAAATCCACCGTTGGGGCCGCATGTTCACACCGGAGCATCTTGCCGAACGGGTGACCGGTTCCACGGTAAGTCCTGGGCCTTTCCTGAAGTATGTGGAACAGAAGTACGGCGAACTCTACCAACTGTGAATGTCCACCGCCGGCCGGCTATCGTATCCCAGCGCGGCATTCAGCTTCGACAAGCTTGCCGTGGTCAAGGTAAATTCAGCCTGCACGTCGATCCGATGGGGTACCAGCAGAGTCGTATGGAAGACAATGTCTCGAATGGGGATCTTGAATTCCGGATCCTGCGGCGTACTGAGCTGGACTAATTCCACCGAGTTCGTAATCGTGCTGCTATCTTGAGGGCCATATGTGGTCACAACAGCATCGATAATATCTTTCACCTTCTCGTTGGCCTCTACCCCTTCGATCCCCTTTAACAACAAGGGAATCGCCTCGTCCTTGGCTTGATCCGACACGATGAAGTTTTCGACCCTTCCTTTCCTGCGAAGGGACGTCAGGTCGTTATCGAGATCTTTACTGAAGGCGCCATAGGCAAACCGAAAGAATTCAAAGTGGAATGCGCGCACGCCCTTGGCAAAGGTTTGGAGCTCGCAGAGAAAGCAGAGTTGCTGCAACTTGACATCGCTCAGTTGGCCGTGGCGTTCCGCAAGCTGCAGGACATACAGCAACAGCGCCCGGTCGACGGTAATCTGATTGGGTGTTCGCAACGTCGCTCCACCAATGAGTTTGACGGCTTTACTATAGACAGCCGGAGAGCAGCCGTCAAAGGCAGCTGAACTCCTGGATAAGTTCGTATGAAACACTCTTGACCGGCTGCTCCATTTCGTCTTTAATCCCGGTCTAGGAGGCGGAGTCTCATGGCGATGTCCAAACATACCAAAGAAATGGGAGTACTGAAGGACCATCTGGGGAAACACCAACTCAAGTTTACTCGGCAGCGTGAACTGATCCTGGATGCGTTTCTCAAGCAGGAGCACATCACGGCCGAGGAGATGTACCACCAGCTGGCACGAAAAGATCCGCACCTGGGTTTGGCAACGATTTACCGCACGCTCAACCTGTTTTGTGAGGCCGGTCTGGCCCAGGCCCGGCACTTCGGCACGCAGACTCAGTACGACAACATCTCACACAAAGGCCATCACGACCATCTCAT
CP060501.1_gap35	1275164	1275975	811	ACTGCTATTGCGAACACCGTCGAATATCATGAAGTCAGCCGAATTGAGACGCCGGTAACACCTCAGGAAAGGGTCGTCGAAGAACCGGCTCCCGTAAACGAGGAAGCCTTCAATGAACCCGTGACGCCGGCCGCGACACCGGTCCCCAGCCAATTGATCACCGATTCAGTCGTCCAACGACCCACCATCGAGACGGCAAGCGAGACATCGGCGCAGCTCCAGCAGCCTGCGACCGAACAGATCGTGGCTTCCGCAGCTCCCCTAACGGCGGCGCCCGCAGCCAAGGCGGACTATGGGTGGCTGATGAGGGCATTGCAAGGGCGAATCAATGAGCTCAAGAACTACCCCGTCATGGCTCGAATGAATCGCTGGGAAGGCAGAGTGGTCCTCCGCGCCGTCATCAGAGACGATGGTCAAGTGTTAATGGTCAACGTGCAAGAAAGCTCCGGGCGGTTGATTCTGGATAATGACGCGATTGAAACTCTGAAAAAGGCCTCTCCGCTAAAACTGGACCATCCCTTGGGGAAACCGCAAGTAGCGATCTTGATGCCGATCAGCTATTCCCTTCGGTAACGTGCAACCGACGCGTTCCTTTGAGATCGCGGCCCCCTTTGATAGGCGAGATCGATGTCTGATTCATGTGATGAGATCGGGGTGACTCATTTCCCCCTGTCCTGCCCGGCTGTCACCGGTACCCCGTCAACGGGCGCATCCCGTCTCGACTCACTTGTGGAATTTGCCAAGACCGAACACACCGAGCTGCTGCACTTTCTCACGCGAAGAGTACGTTGTCCTTCGGCTGCGGCTGATT
CP060501.1_gap36	1322644	1324491	1847	CCGGAGTAGTCTCTTGAAGCAACGCCCATACGACGGGATTCATGATCGCCGTGCTCCCACCGACTACAACCACCACCGCCGTCGCGACCAACGGCGTCTCGAGCAGGCTCAGACTGCAGACCGCCAGTCCCCCCACCGTCATGCCACGAGCAATGAGGCGCAAACGGCTGTGCAGATCTCCCTGGTGCCTCGAGGCGAGCCATGTGGACACCGCCAGCATACCGACCCCGAGACCGGACCAGAGCCAGCCCAGTTGAACCGGACCGACCTGGAGAAACTCTTTCGCATACACCGGCAGAATGAACACAAACGCGCTCGCACCCAGATTGTACAAGGCCGAGATCACGACCAGAAGGAACACCGTCGATTGTGTGCCGAAGACGAATCGAAATCCGACGATCAAATCATCCAGCACTGAGGGAGACTTGTTGCCGGCTTCTTTATCGATCTTGAGCGTTTCATGCAATCGCATGGGGATGAGACACAAGGCCGAGACGAGGAAGGTGACCGAATTCACATACAGGACATTCTCGACGCCTATCATCGCGATGAGCACGCCGCTGATCGCGGGTCCCAGTAACAACCCAATGTTATTCGTGCCTTGAATCAAGGCATTTGCTCTCACCAATTCGGACGGACGGACCAGGCGCGGGACAGCTGACACCAAGGCCGGTCCAAAGATAGTCGAGACAATCGATGTCAAGAAGATCAACACATACAAGCCTTCAAGGGAAAGGAGATCGAGAGCAAATAGCGCCGGAATGAGAAAGGTCATGAAGGCACGAATCAAGTCTACCCACACCATCACGGTCTTCTTCGGCAGGCGATCAAGAAAAACACCGATGACGGGGCCCAACAGCAAAGGCGGAACGGTTTGGAGCAATCCGACGATCGTCACTTTCAGGGCCGAACCGGTGAGGGTATACACAAACCAGAGTAGAGCGACTTTATTGAGCCCTTCCCCAATTTGAGAGACGACCTGTCCCCACCATAACAGCCCAAAGTCCCTGGTGCGGATCAGATACCAGCCCCGACTCTCACGTTCGCCGCCGTCCTCCACGTCTTCGCTCCTGGATATTGCCTGACTCATCTGTATCAACCTATTTACAATCACAATAATGCCTATCGATGAGAAGGGAAGACTCGGAAAAATCCTAGTCGGATTCGGACAAAAATCCGGCTCACAAAGGATTTTTGTCCAATGAGACAGTCACAGTGCGCGGTGTAGCAGCAGAAACGTTGGAGCTTTTTCTCAGGTAACCCTAGAAGAGCTTCGTGGAGATTCCGATAAACGGCAGGAGGTAATTGAGCCCACGATTCGGACTACCGGTATCGGCATTGGAAATGTGGCTGAACCGGACTCCGGCATTGAGCGACCATCGTGCGGTCAGCTCCCAGTTTGCGCCCGTGCCGCCCCAGACCAGAAAATTGAAATCCGTTCCTTGTTCGGGAATACGGCCGTCGAAATTCGTCCAGAGCGGACCACCGCCGCCCTCGACATAGGGCTTCAACCGACCAAACGAAGTGAACGTATAGACGATCTTGGGCGTCACACCCACGCCGTACGCGCCGGTCGGTTGGGTGATTCCTAACAGCGCCAACTCGGCCCCAAGCGCAATCGAGCCGCTCCACCACCCGTCACCGATCGTATCGGTCAGCACGATTTGCCACGAGGGATGCACGGCCACCCCGTTCAACTTCGACGATTGCGCATCCATCAGTCGAACAGGGAGCATTCCGCCGACCACGAACCCGACACTCTGCTTTCCGTCCATGTTAGGGGATGGTGCTTCTGCTGAAACCGGTGACAGCCAGGCCAGGCCCACACACAACGACAGCGCCACGGC
CP060501.1_gap37	1442809	1445219	2410	CTGGGAATCGCTCAGCCGGAAGCCAACCTGATGCGCCGAGGGCTCAAAGTCCCCAAGCCGGAATTGTGCATCAAGATCGCTAAACTCCTGAACAAGAATCCAGTAGAACTCCTCCTGATCGCTCAAAAAGACAAAGCCCCGAAACAGGCCAAAGAGTACTGGACCCTGGCGCAGACCGCCGTCGGAGTCATGCTCCACGTCCCGAAGAGCCCGAAATACATTCCACGCAAAGTAGCAGCCATCGGACAAGAACTCCGCCAGCTTGAAACACAGACGTTGCTCTACGAAGGCGCCGAAGCAAATGCGGAAGCCGTTCGGCTCGTCCAAACCGCGGAACAATCCATGGACGCCATCATGGAGCGATGGAACATCTGGAAAAAGGGAGAGGCCTTATACCCAAGCTACCTGTTGGCCAACCAAGCGGCGGTCAAGCGAGGGGTCACGATTCGCCGCCTCATAGTCCTGACACGCGAACAGATGCGACAAGAATCGGTCGTCACGGATGCCATCCAGGTCATGGATGACCAATATCGGGCGGGCATCAAGATCTTCTTTGCGTTTCGTGAAGAGCTTGAACGGGCGGCCGCCTTTCAACGTTTCGAGGAAGATTACAGGCAACAAGGGGCCGCGCGGGATCTCAATACCGCCATCTTTGACAGAGAGATTCTGATCTTTTCCCGATCCTACGGGCAAGTCCAGCTCGGCATGGTGTCGCCCACCATACCGATTACGATGATCAACCAACTGGAAATCACGTGGAAGCCGGAGTTGTTGCGGGACCTCGATCCGGCTCCGCTCTTCGACATGACCCGATACGTGTTCGAATTTTGCGAACCCCGGGCTTTCAAGATGGAACTGGAGCGATTCATGAGGTCGGTTGCATGAAATTCCCTTCCGAGCCGTTCAAAATCAAGGTGGTGGAGCCCATTCGTCACACGACTCGCGAAGAGCGCGACAGGCTCCTGCGCACCGCCGGCTACAATCTGTTTCAGGTCCCAGCAGAGAGTGTGTATGTCGATCTCTTGACCGATAGCGGCACAGCGGCCATGAGCGACCGGCAATGGGCCGGCCTGATGTTAGGGGACGAGTCTTATGCCGGCAGCAGAAACTACTACCATCTGGAAGAAACAGTCCGGTCAATCTTCGGTTATAAGCACGTCATTCCGACTCATCAGGGGCGTATGGCGGAAAATCTTCTCTTCTCCGTCATCCTGAAGCCGGGCACGTATGTCCCGAACAATATTCATTTCGATACCACACGTGCCAACGTCGAGCATCAACGGGCGCACGCCCTCGATCTGGTCATCAAGGAAGCATACGACCCGCACAGCGAGTTGCCCTTCAAGGGGAATATGGATCTTAGTCGGCTCGAAGAAACGATTCATCGCGTGGGCCGTGAACACATTCCACTCGTGATGATCACCATCACCAATAACAGCGGCGGCGGCCAACCGGTCTCGATGGAGAATATCCGTCAAACCCGGAGATTGCTCAATCGGTATGACATTCCTCTGTTCTTTGACGCCTGTCGATTCGCCGAAAATTGCTACTTCATCAAGGAACGTGAACAAGGATACGCCGACCGGTCTATTGCCGACATCGCCCGTGAACTCTTTTCTTACGGGGACGGTTGTACGATGTCGGCCAAGAAGGACGGGCTTGTCAATATCGGAGGCTTTCTAAGCTTGAACAACGATCAGTGGTCCCAAGAGATCACCAATATGCTGATCTTGGTGGAAGGCTTTCCGACGTATGGCGGCCTGGCAGGCAGAGATCTCGAGGCAATGGCCCAAGGACTTCAAGAAGTGCTGGATGAGGACTATCTCCGTTTCCGAATCGGGCAGGTTCGATACTTGGGCGAGCTCCTCAACCAATCCGGCGTCCCGATCCTCAAGCCGATCGGCGGCCATGCGGTCTACCTCAACGCGAAAGAATTTCTCCCTCACATTCCCCGAATCGAATTTCCCGGGCAAGCGCTGGCCGTCGCTCTGTACCGGGATTACGGCATTCGAGGTGTTGAGATCGGCACCCTCATGTTTGGGAAAAAGGATCCAATGACTGGCGAGACCATTCATCCCGAATTGGAGATGGTCAGACTCGCCCTGCCTCGGCGTGTCTATACGAACATGCAGATCACCTATGTCGCGGAGTCCATCATCGAATTGTATCAAAGACGCGAGCTGATCCACGGCCTCTCGTTGACCTATGAGGCGCCGATGTTGCGCCATTTTACGGCGCGCTTTGCCGAGCTGGACGCGTCACCGTCTCTGGAACCGATGACTGTCTAAGGAAACATCATGGCCGCTCTGTTCAAGGGGTTCGAACGGATCGAGGAGGCCCGGGAGCGGTTGGCAGGCCGGAGTTTTATGGTGGGGCTATTCGCAGGAAGGCCCGACTTTTCGCTCCTCCT
CP060501.1_gap38	1446694	1451469	4775	GGAAGACGCTTCAAGACGATCAGGGTCGGCAAAACCGGATCGAGATGATCGGAGAAGATCTTCTGGTGATCGCAGCCACGGCGCTGTACGCCGACACGCGGGAATGGATCGCTGCGCATTCGGACGTTTGGGAACTCGTGGAGGAATGCTTTCGAGAAGCAACGGACCGGATCGCTCACAACACTCAAGGATTGATTCGCAATCAGGACGCAGAGGTGGCATCCATCGGGAGCAAGGCCCTTAGCGGTCGATATGCTTCACTTACCGATGGAATCATACGGCGCGCTCTTCAAGACTACGTGAGGCGGGAGAGAGCCTTGAGGCCCGATGAAGAACATATGCGTAAGGTGGTGTGATTCCCAGGGGACGTTCGAGGAAAGCGTTCGGACACGGTCATCCATCACAAGATTCATCACAGCAAAGCTCAACGCATGCGTGCCTGGTTGATGGATTCCTATAACGGAGTTGGCCAGTTGCGGCTCGGCGAGGTGCCCGATCCTCAGCCCGGGCCGGCAGAGGTACGGCTGAAGGTGCGGTATGCCTCGCTCAATCCGGCGGATGCCTTTCTGGCACAAGGACTGTATCCGGCCAAACCCGTCCTGCCTCATATTCTCGGGCGTGACGGCGTGGGCGATGTCGAGATCGTGGGATCGCGTGTGGACAACATTCGTAGGGGTGACACAGTTGGAATTCTGCGCTGTGAAGCGGGAGTGGAAATCCCAGGAACCCTGGCTGAGAAAGTCGTGGTTCCTGCTGACAGTCTCGCCCGTATCCCCGCCGGTTGGTCTCTCGAAGAAATGGCCGGCGCCCCGCTCGTCTTCTTAACCGCCTGGCAGGCCTTGACTCAGTGGAACGATCCACCGGCTCCGCCACCAGAGGGGTCGGTTCTCCTCGTGACCGGCGCGTCGGGTGGAGTCGGCGTGGCATCGGTGATGCTCGGAAAATCGATGGGTCTGGTCGTCGTAGGGCTATCGCGCGATGCAGAGAAGAGAGCCAAGTTGAACACGCTAGGAACGGACTTTGTGTTCGATCCTGCGGCCAACAACCTTGTGCAATCTGTCTCTGCGGCGATCCACCCCAAGAGAGTGGACCTGGCTATCGACTGCGTCGGCGGTAAGCTGCTCCCTCACGTCATCGCGCTTCTCGGCCATCGTGGTCGAATCAGCATCGTCGGCCGGAGCGGAGGCGTAGTCCCAGAGTTCAATCCAGCGACCTTATTGTTCCGGCGCCTTCGCATCGGCGGCGTCGCCGTTGGAGACTACACACGTCAGGCCGCACAGGCAGCGTGGGAACACATCGTCGGTCGGCTGAAGGCGATCGGACGCCGTCCGCAGGTGGACAGCGTGGTCCCATTCGAAGCCGTCATGATGGGATTCTCGCGACTCGCGCAGGGCCCAATGGGAAAAGTAGTGATACGGGTGGCCGACTAGCATGGCTCTAGATGGCTTGAGTGAAACGGGCTCTGCAACGAGAGGGCCGAGCCCGTCACCGTTCTATTCCTTCCACCCTTCTATCCAATTCCCGACATAATACGAGAGCATCACCACGCACAGCATGATGAATACATGTTCCGCAATCACCGTCCAGGGTGCGATTCCTTGGGTTCGCGCCAGGAAGAAACTAAGGACGGCAATCAGGAAAAGGCCCCAGAGGATGCTTGCAAGAATCGCGATCGGAAGGGGGGCGGCGAGCACCGGCACGATGAAGCTCAAAGCGATGATAAATTTTGCGACGAACGTCGCGATTGTCGACTCCCAAACATGTACGGTCGAACCGGTGTTCTTCGATTCTTCCGAGAGATGGATACCCATCGCGTCCGACAGAGAATCAGCGATGGCAATGGTGAGAATCCCGCCGAGAACAACGGCTTTCGAATGGGTACCCGAGTCCAGCCCCACCATCAGTCCAATGGTGGTAATAACGCCGGAGGTCAAACCGAACGTAAACCCGGTCTTGACTGATGACTTAACACGCCAAGTCTTGATCACGGCATCACTGCGATTGTCATTACACCTTCCCGCAGAGAGAATCTCTCAAAGTTGCCATGAAGCTTCCTCGATCTAGGCATTTTCCGTCCGAAAAAGAGAGAGCCTCCATAGCCAGGATCGAGCAAGCCCAGTGCCATGTCTATTTATCGACCAGTCCAGATATTATCCGAATAATCCAATCATCGGAAGCATATCGCTGTAGCCTTTTGCCCCAAGGTTGGGATCTTGTCACCATCCTCCTCCATAGTCATGAGTCTTGCCGAGGCTTGCTTCTGCTCTCAATTCCACCCTCATGCTTGTACAGACAGTCGCAAGGGTATGACTTCTGTCTCATTGGGACTCCACATCGGCCCCGCTCGCTGACAATATGCACTCGACATCTTCCATCACCCCTGATACTGTGCCGCCGCGGTATCCAGATATCAGCGACAAATTCGAAGCCATGATCGGTTTTTAGGAGAGAACACTGCGGTTCGGTCGTACCAGGATTGTGAATGCTGTGATGAGACTGGTCAGCTCCGTGGTCCTTCTCACACTGACGATAGCGGGCGTGCTTTCTATGCCTCCGCACGGAAAAGCGACGTCTCGATCCGCATCAGATCGGATGGCAAAGGGAAAACAGGTCTACCTTAAGCATTGCGCCGGATGTCATGGCTCCGAGGGAAAAGGAGACGGGTATAAACTCCTCGGTGCCGATCCGGCCAACCTTACATCGCCGGCGACACAACACAAGTCGGATGCGGCCCTTCTCACCTCCATACATGAAGGAAAAGCAACCATGCCTTCATGGAACATTCGCCTGTCTCAGCAGGACGCGCGCGATGTGCTCGTGTATGTACGGACTCTCGCCAAGTAGCCATACGCGAAACTGAATCAGAGACTGCTCGGTTCTGGAGACCGTCTTCATCTGAGAATAGTGTTCAAGCGCCGAAGAGATGCTCCGCCGGATCGCAGACGGACAGAAGCATTCACGATAATACGTGCCGGCGGATGATCCAGGCGCATGCCTCTGCCGAACCTACCTGCCTGCGTCAGGCGTCTTTCCGTCCACCGGTTCAACTCGCACTACGGAGACCTTGTATTCAGGACATTTGGAGCTTTCATCTGCGCTGGACGAAAGCAGGCTGTTCACATCCGAGCCGGGGAAATGAAAGCTGGTGAATAATTCGCCCGGCCGCATGCGCGTGCTGGGCCGAATCGGCAGAACGGCCGCGCTTCGAGGACTCACAAGGCGTACCATCTGATCTCGATCCAACCCCAGGCGAGCACAATCGTCGGGATGCATTTCAAGCACGTCACGGTCTACCAAGTTGATGAGAGGGGTTCTCCTCGTCTGTGCGCCGCAATTGTAATGCTCCAAAATACGCCCGGTGATCAGCACGAACGGATAGTCCTCGTCGGGCAGTTCACCCGGCGGGAGATAATCCACGCCGACAAAGCGACCTTTGCCTCTGGGAAAACTGTCCGCATGCATGAGTGTTGTCCCCGGATGAGTGTCGTCGAGCACCGGCCACTGTAAACCGTCCGGCTGGTCCAATCGTTCATACGTCACACCGGCCAATATCGGGCTGAGCGCCGCCATTTCCTTCATGATCTCGGAAGGATGTCCATAATGCATCGGATATCCCATTCGACGGGAGACTTCGCAGACCACTTGCCAGTCCGGAAGGATGCCGTGAGGCGGGTCCACCGCCTTTCTGATGCGCTGAATGCGCCGCTCCAAGTTGGTAAAGGTTCCATCTTTTTCCAGGAATGACGCGCCGGGGAGCACAAGATGGGCAAATTTCGCGGTCTCGCTCATAAAGAGATCCTGCACCACGAGAAACTCGATCCGCGACAGAGCCTCTCTCACTTTTTTGAGATTCGGATCGGTCTGCGCCACGTCATAGCCTACAATCCACAGCGCCTTCAGCCGTCCATCGAGCGCCGCGTCCCACATGTCCGGAATCTTCATGCCTCGTTTGCTCGGCAAAGGCTTTCCCGTGATGGACTCGTGCCGCGCCGCCACCACGGGATCGCTCAAGGATTGATAGGCGACGAAGTGCGTCGGCAGGCAGCCGGAGTCCGAAGCCCCTTGTACATTGTTTTGTCCTCTCAAGGGGTTGATGCCGGTGCCGGGCCTCGCGATGTTGCCCGTTGCCAGGGCAAGATCGCACAGCGCCATGACCCCGTGACTGCCCCAGCGATGCTCCGTCATCCCCAGACCATGAAGGGCAAGCGCCGCCCCGCTCTGGGCATACATCCTGGCCGCACGGCGAATGTCATGGGCAGGCACATCGGTCAGCCGCTCGACAGCCTCCGGCGGATAGGCTTTTACCGTCGCGAGCCAATCCTCAACCCCCTCGGTACGCCCGGCGATGAAGCGCTGATCGAGCAAGCCTTCCCCGGCAATCACGTGCCCGAGACCATTGAGGAGCGCCACGTTGGTGCCGGGCCGCAATTGCAGGTGAATCGTGGCTACTTTCGCGATTTCAGTACGCCGCGGATCGATGACTATGAACGGCACGCCCCGTCGGGCTAGCTGCAGCAGCTTTGCGCCAAGGACCGGATGCGACTCAGTCGGATTTGCACCGACAACGAGAATCAGCTTGGCGTCGTCCAGATCGCGAATCGAGTTGGTGGCCGCGGAGGCGCCGAGCGTCTCCATCATACCCGTCACGGTCGCGCTGTGGCAGACTCGGGCACAGTTATCGATATGGTTCGTGCCCATGACGCAACGAATGAACTTCCCGAACAGATAATTCTCTTCATTGGTCCCGCGGCTTGAGGAAATAGCGGCGACCCCAT
CP060501.1_gap39	1476314	1479389	3075	CGCCCATGAGAATTGGCATGATTTCCACCAGACGTTGATTGAGGCCATCAGTCCTGGAACGAATTCCTTTTGAGCAGGCCCTCCAACTATCGGCGTACTGATGATGTCGAGCGATGAGTCGATCAATCTGAACCAGAGCGTCACGATAGTTGAGAGTCAAATAGTCGGCAGGAACGGTATACGGGTTCTCGAAACATGCTTGCCAGAATCCCTCAGTACTACGCTTTGCCTCCAACAAATCACTTATTGCCTTCACTGGGTCGAGAGATGGAGAGACTGCTCCATTGGGAACCACCATCTTGAAATGAAATGTTTTGACGGGTTCGTTATTGAATAGGACCGTCATGGAGTACGATCCTGGTGGATCTCCAGGTGCAACGGTCCAAAGATTCCATATGTTTCCTTGTTTCGTAGGTGTTCGAGCTTTCGTCAGGGTAATAGTTCGTCCATCCTTCGATAACTTGGCTTCTTTGGGAAGCGCTCTGGGTCGATCAGGAAGCGTGATTATTTCGGTTACGAGAACTTGATCATTTGATGACGCTTTCGCAATGTACCCGTAACTGGTAAGTTCTGGAATCAGAGGAACTTCTAACGCGCCTTGTTGCCACTGCCATTTGTCCGACACCATAGCTCGAGTACCGACGACAAAATTGATATCCCCGTCAAATGCCCATGATTGTGTTGTTAGCGCTAGTCCTGTCCAGACAACGAATCTGAGGAGGAGCCAACGAACGTGTCGCATATCCTATCTCCCGATCAGAACCTTCACACAGAGAATAACCATCACGCTCCTGAAATTAATCCAAAAAGCTTCAGATCACATACCGGAGTGCCTATTGCAGGTAAACAAATTTGGCACTCGGGAATGTCGTAAAGAATCAGCCGGCAGGCCATGAACGGCACCTCAACTGGGGGGCGTATTGTAGGAGGGAAGGCCCTTACGGTGCAAGGAAGCCCTCCGAGTGACGACCTTGAATGATTCACGGCTCTTGACCCTGGGTACAAATACTGTAACCACGGGTCACATGGACTCATGGGAACACAAGGATATCCAATTCCACGAGCGGCCCGCTGTCGGCTATCAGGTTTTAACTGGAAGATGCGATCGGATGAAAAGCGAGTGCTCTAGTAGCGCCGCCTGCAGTGGAGGGGGAACGAGTATCAAGCCCTTCGTCTCTTAAGCACCCATCACATCGAAGCACCTTCCGAACCTGGGAAGAAATCAGCGCCTAGACGCACCCCGTCCGGAGTTCCCACCCAAAGAGGCATAGACCACACAAGCCGGTTTGCGTAAAGGTCAGCATCACAAGCAGGCGCAGCCAAGGGCATGACGATCGTTCAAGATCCGGTCGCACCGGGCGTTCTGGTAAGTCTCAGTGAGTTTCCGAATCGCCAGCGTATAGCACCATCACCATAACCGCCTTCCCTCTCCCATTCATATCGTATCCGATACAGTTGGAATCCATTCCGATACGAACGCAAGATGTCTGAACTTCGAATCAAAACTTGAAAGGGACATGAATACGGTACTTTGTGCGCGTCATTACACGTGGCCTAAGAAATGCTCTAGAACGTCGCATGATCAGAGGTTGAAGAAGCCACGATGCAAAAGTCAGAAGAGAAACGAAAGGAGGCGATCATGAGGCTACGCTGGTCCAATGTTCTCGGCTTTGTGATGTTGGCTCCCGCCCTCTTGGTGGATAAAGCTGTTTTCCTGTACGTGCGGCACAACTCAATGACGATCGCGATCGCATACGTGGTGGTGGGCCTTTGCCTCTCATCCTGGAGAGGTGCAGTTCGCCAACAAGCCTAATCCCTGACACCTGCCTCACCGATTCCCACGAAGGGGACACATCCCCTTCGAATCCCCTCAGGTCGCCCGTTCAATTTTCTTTTCAGGAACTGGCGACTGGATTCGAACCAGCGACCTGCGGTTCACGAATTTCCCCTACTACTCCTTCAGACAACGTAACCCCACAGGAAACAACAAGTCAGCCCTCCCCTACCGTGGGCCAAGATGGGCCTCGTTTGTCCTGTCCTGGTAGCAGCGTGGTAGCAAATCCTGATGATATTAAGGAATAAAACTCCTATGAAGGTGGGTACGTCTTGTTAACCGACCAAGAGTGTCGTGTAAGCAGCTTTGCGGCGAGGAAGGATGAAGCGAATGTGGTCAAGCCGAGGAAGAGAAGGCGTAAGTCCTGCTCTAATCCAAGCCGACCTAGATAAGCAGCAAGATACATGAGGGCAACAAAAACCAAGAGAAATGCGCCGCTAAATGAGAGGGGCTTCCACCATGGCAGGGGCAGCCTCATGCGCTTGGTGCCAAGAGAGAAACCAATAGCGACAAGAATTGCAGCAACCATGATGATCCAGAGGCCGAGCTGAATTGACGGCCCACGACCCCATATAGGTTCGTATTGGTCGAACCCATAGACCGCGACTGCATTTGCACCGGCAGCCCAGGTTACGAAAACCGAGCGTGAAAATGGTGGTCGGCTTGAAAGGGCTCATACGCTGGTGGCTGACAATGTTTAGTTGATCCGCATAGGAGCCGTCATCAGTGGCTATGTGACATCTCAAATGTCTTGCTCAGTCAAATCAGAGAGTGAGCCGTCCGGAGACGACACAAAGCCATTAGCAGACATCCAACCACTGCCTAGAAAGAAATGGCGATAACCTTGGATTGCTATACGAATGCGACCGTCTGGAAAGGTTTCTTTCATTATCGTGAACTTGTAGGAGGACAATTCTGATGGGACTTCAACAAGGAAGGCTGGCATTGCGGGCCAATTCGGCCATGTTTCGAGTTCAGTTCGAGGCAAAGCCGCGATTCTATTTTTAATATCCTGAAGGAAAGATGTGGCTTTGTGGTGATCCATTTATTGGGCCATGACAATCCTATCAGCTCCGACGATCCTCGCATTCTCGGTAACGATTCCCCGAGTTCCACCAAAGAGCCAAATCCACTTTCAGATAACGACTCACAATATCGGTAACCAGCGGGCTGCCAAACAGCTGACCCATATTCGTGGTGTACAAAATGCAATACTTAAGGAGTTTACGAAGGATCTTGGA
CP060501.1_gap40	1511072	1513621	2549	CACAAGCACTATCGCGCCCCAACGGAAACATGCCTGCCTGCCCCACACATTCCTGGTCACCATCATCGCACGATCTCCCCTCTACCGATTATCTGAATACTCGTCTACCGGCTACGCGAGACCGAGTTAGTTGACCTTGCCGTGAACGTACTGACTGACCAATTCCTCCAGGTCAAGGCCTGATTCGGTATCGCGAATGGCATCTCCGGGTTTCAGTGGATCTCCACCCCCACCCGGCGAGAGTGCAAGGTACTTTTCTCCGATGATCCCTCTGGTCTTGATCGAGGCGATCGTATCGGAATAGAGCTTCGTTCCGTTCTGGACCGCCAGCTTCACCATCGCCCGATCCTCTTTCAAATTAATGGCCTTCACGCGGCCCACCTCGACGCCGGCGATTTCCACAGTGGCTCCCGGTTTCAGTCCCGACGCTGAGTTGAACAGGGCATCGACCTCGTACAAATCTCCTCCGATGAGCTCTAATTTCCCCAACTTGATCGAGAGATACCCCAGACACACAATCCCGACCAGCACAAACACACCGACGATCAATTCCAGTCTGCTTTTATCCATCATGGCTCCCCTCTAGCCCGCGGAGACCTCTCTGGTCAGCGGTACCGTCCCGCCGACCGAGATGAATTCTCTGATCTCAGGATCGGTGGTTCGCTGGAATTCAGCTGGCTCGGCCATCGCCGCAATCTTCCCTTGTTTCAACATCGCCACGTAATCCGAAATGCCGAATATCTCCGGAATCTGGTGGCTGACCATCACGGCGGTAAATCCGAACTTCCGCTGCATACTCGTGATGAGATCATGAATCGATTTGGCCATCAGGGGATCGAGACCCGTTGTCGGCTCATCGAAGAGAATAATCTCCGGCTGCATCACCAGCGCTCGTGCCAGACCGGCGCGCTTGCGCATCCCCCCGCTTAATTCCGCTGGGAACTTGTGCCCCATCCCTGCCAAGCCCACTTGGTCCAACATCTCCTCGACACGGCGGGTCACGTCTTGGTCTTTCATCCGGAGTTTTTCCCGGAGAGGAAACGCGACATTCTCAAAAACCGTCAACGAATCGAACAGCGCCGCTCCCTGAAACAGCATGGCGAACCGCTTACGGACTTCGTTGAGCGCATGGCCGCGAAGCCTCGAAATCTCCACGCCGTCTACCCACACTTCTCCGGAATCCGGCTGGAGCAGGCCGATCATGTGCTTCAGCAGGACACTCTTCCCTTCCCCGCTTCGGCCGATGATCGTGGTGAGCTTCCCTTCAGGAACCGCGAGATCGACACCCCGCAAGACTGCTTGCCCTCCCAAGGTCTTTGTCACACCCACCAGCTTCAGCATGGTTACAACAGGACCGAGGTCAAAAAATAGTCCCACACGAGAATCAAAACCGACGACAATACGACGGCCTCGGTCGTAGCGGTCCCCAGGCCTTCGGCGCTCATTCTCGTGTAAAACCCCTTATAGCAACAAATCCAGCTCACAATCAGCCCAAAACTGATGGATTTGAGGATGCCGCCATAGATGTCCTTCCACTCCACCGCGGATTCAATGGAATTCCAATACGAGCCGGCATTCACGCCAAGCAGATCCACTCCGACCAAATGGCCACCGTAAATTCCGACGACATCGAAGATCGCGACCAGCAGCGGCACACCGATCAAGCCGGCCACAAGTTTCGGAGCGATCAGGTATTGGAGCGGATTGATCGCCATGGTGTCGAGCGCATCGATCTGCTCCGTGATCCGCATGATCCCGATTTCCGCCGTCATGGCCGAACCGGCTCTCGCCGTGACCATAAGCGCGGCCAACACCGGCCCCAGCTCGCGAATCATGCTGAGCGCCACGGCGGAACCCAACAGCCCTTCGGAGCCGAACTTTCGTAACGTATAGTATCCTTGCAGCGCCAGGACCATCCCAGTGAAGGCCGCCGTCAGAACGACGACAAACGTCGATTTATAGCCGATGAAGTGAAGCTGCTTGACGATCTGAATGATCCGCAACGGCGGACGGGCCAACCAGGCGAAGGAGGACACCACGAAGATCAGCATCCGGCCCATTTCGGCCACGTATCTGAGCGCCCATCGGCCGATTGCTTCAGGAAGGTTCATGGTCACGTCGGTGAGAGTTCTCGCTCTTGCCGCTCCGTTGCCATCGCCGCAGTATAACGCCTGAAAAATGTCGTCAAGGCCTCTGCTGCGACCGCACTCTGTCGACGAAGCCGGCCAAGACCCAAGAGACTTGAAGGGGCGGCCAAAACAGTACCGAGACCCTTGAGCCATCCAGTGGGCCTGAGAAACAGATTGAAGTCAAGGGGAAGATCTTCGTCGAGAAGATCGGAAACAGCTCGAATGATCACAAAAGGAACCTGCATGCGCTGCGCGTGAGCGGCCAAGGCGGAACTTTCCATATCGAGGCCGATTGCTTGCGTGCTTCGCGCAAACTGTTCTTTGTCCGAAGCCCTACCGATGATTCGATCCGTCGAGACAAATCGTCCAATGTGTGCAGGTGGCACCAGAGTCTCGACAAACGCCAATACGTGATCTCGC
CP060501.1_gap41	1540815	1545535	4720	CGAGCGTGAGACAGCACCGAGGGATCCGTTGGAACCTACTGCCGATCACGAATCCGCCCGCCATCGGTCGGAACTCCACATCGGATCGCGGATCTATCACTATCAGTGGTTCCGATTGCCCGCCAAACCGGGGGAAGAAGACAGCATTGGGTTGGTGCTTCGAGACACCACGGATGAGAGCCGGCTGCAGGACCAGTTGGTTCAGGCAGAGAAAACAGGAAGCCTTGGCGTGCTGACCGCCGGCATCGGCCATGAACTCAACAACCCCTTGTTCGGAGTCATCGGGCTTGGGGAAGCCATCCAAGAAGAAGACAATCTTGAACGGATCAAGAGCTATGCTCAGGATATTGTGGCCCATGGTCGCCGAATGTCGACGATCATCCGAGATTTCACCGGCATGGCAAGCCGAGACACTTCCGACAAGCCTGTTCCGATCGTTTTGGAGCGTGAATTGGACGAAGCGTTAGCCACGGCACAGACCACCGTTGAAATGAAAAGCATCGTGATCCAGAAAACCTATGCGGGCGAGACACCCGTCCTCGCTTTTCCGGATCAACTCCGGCAAGCGCTGGTGAATCTAATGACCAACGCTGTGCAAGCCATGAAAGGCGAGGGCACCCTCGCCTTAACCACCGTCCAGTCAGACCATATGGTGACCGCAACCATCACCGACTCCGGACCCGGTATTTCCAAGCAACACCTCTCGAAGGTCTTTGACCCATTTTTTACAACAAAAGGACAGGGGGAGGGTTCGGGACTCGGGCTGACAGTCGCGAGACGCATTATCCGAAAATTCGGAGGCGACCTCCGCATCGAATGTCTCGAAGGCCAAGGCACCACATGCATCGTCACCCTGCCGATCAGTGCGTCTCAATCACCCAAAGGAGGCTCATGGGCAACTTCCGCCTCGCGTTCCGAGCCGCAACCATCACACTCATCTTAGGGGGGTGCTGGGGTGTGGCTGCTCTCCTCGCCGCCAAAGAGAGCCCGATCGCTGTCGGGATCTCTCCCGAAAGGGTCGCGGATTACGTCCATGCTGTCGTCGAGGCAGATCGCACGATTTATACGACCCAGGTCGTTAATCGTATGCAGGGGAAAGGGATTGTCGCAGCAACCGAACATTGGGAGCAGGACAACGCGCTTCCCCTGCCGGCCCAGTTCCTCCAACATTCGGGCCGATTGGTCGCCGAGAGCGGCCGCGGTATCCGTTATAGACTCATCGGGCTCTCCCCGATCTATCAACGCAACGCCCCCGCTACCGACTTCGAGCGAAAGGCTCTAGAGACGCTCAAAGGCCAGCCCGATCGGCCGATCACCGGAATTGTCTCAAGCGGCAAAAAACAATACTTCCAAGCCATCTATGCGGACCGCGCCGTCTCTTCTGCCTGCGTCACATGCCACAACAGTCATCCACTGAGTCCCAAGCAGGACTTTAAGGTGAATGATGTGATGGGTGGTATCGCGATTACGATCCCGCTGGAATAGCAGAAGACGTTCTCGTCATGGTCGCTAAGAAAAAGCGACTGTGTGCGAGCGAGGGTTGACGCGTGACGAGGACGTTAAGATGGCGTCGACGAGCTCGCGGGCGCAACCGTCTGCTTGAGTTGGTACTCTTCCCGATAAATCTGAACCGCGGTCATGAGCAAACTGACCAATATCGGTCCGACGAAGAGGCCGAGCAATCCGTACAGCGCCAGCCCGCCCAACACACTGAGCACGAGCAGCAACACGGGAATCTGCACATCTTGGCCTATCAGCCATGGGCGAAGAAACTGATCGACCATCGAGACAACGCCGATCCCCCAAGCCAGCATCGCAAGCGCTTTTCCGACAGAACCGATCCAGAAGAAGTAGAGGACAACAGGGCCCCAGATCAACCCCGTTCCACCGAATGGAATCGGGGCCAAAACGATCGTCAATGCCGTGAGTCCGATCGGAAAGGGCACACTGAGCGCAAGGTAGGCCAGCCCCGCCAGGAGGCCTTGAACAATGGCCGTCACCAGCATCCCTTTCACCACCGCACGAATCGTTTGATCCAACCGGGTCAGGATCTTGGACTTGTGGGACTCTTCCATCGGGATCAGTTCGTATAACACCGCGAGCCACTGTCGGCCATCCTTGAAAAGGAAAAACAGCACCAACAACATCATGAAAAAATCTGTCACGAGCGCGAACGCATTCTTCAGCAGGCCGCCCATGCTGCCGACTAAAAATTGGCTGACCTCTTTCACCCCGGTCATCAACGACTGCTCTACGGAAAGCACCGGTGTGCCGGTTCCCGATACAGCCGACTTCAACCAACCGCCGATGACGGGGATGGCCGCCAATTGGTCCGGCAACCTTTGAAGTCCGCCGGACGAAATCCACACACGAATCTCCTGTTCCGCTGCTCCCGCTTCCCGTACCAGCATAGCCCCCATCACGACCAACGGGACGATCACGATGCCCAACGCACCGAACGTCAGCACTGCTGCGGATACTGCCTCCTTGCCACCCAACAGTTTTGTCAGCCGAAGATGGATGGGGAACCCCCAATGGGCAAGTAGTCCCGCCCAGAGAGCCGACAGCACGAAGGGTTTGAACATCAACCCAATCTGGTACAGCAGCAATACCAGGAGAGAAAAGAACACGACGGAAAAGAGTTGCTGTCGAGTCATGAAAAAGATCAGAGTCTCTTGAGGAGATAGTCAGTAGATAGCAGATCCAGCGGCATCTGTCACGGAAGGAACGAGCGGGGTAAGAGAATGGACTGAGCCTTAGACAGACACGAAACTGAGGACAAGAAGTGCGGACACACCTAGAGGTCGGCTTCTCTGCCGATCAACGCGACCGCCTTTCCACGATGCGCATTCATGTCGCGAACATTGCTGGGCAATCGAGATGATTCTTCCGGCCAGCCGGTGACTCCCATGTCGCTCACTCCCTGAAATTTGGCTCCCTCTTCCATCAGCAGCATAGGACTGTGCACTTCGCCGATCAGAATCGCCGTTTTGAGCAATTGTACACGCCCGGTCGCCGTCACCGTCGCTTTGATGCGTCCGCTGCTGATGAGCGAATCGGCATGGATGGCTCCTTTTACGACTCCATCTTCCCCGACAATCACTTCACCTTTCGTGTGCACATCACCTTCCAGGCGGCCATCGATCCGGACCGTACCGTCGACTTTGATTTCGCCCTTCAATTCAACGCCTTTTGCCAACAGCGTGATATTGCCGTCATCTACATACCCGCTCTTTTTCATGGGACACTCCTCTGTGCAGGCCAACCCTTCCCAAGGGTACCGTAGGACCGGAGATACGCCTAACAGTTTGTGGAATCCGGCAATTCGGTAGGCACGTGCCGCCATTTATGGTGAGGAGAGGCCGAACGTCTGCTTCAGTTGTTCCCAGAATCCGCCTCCATGAACTTCGCAGTAGGTCGTCGGCTCCGTCCCGGCGATGAAGTACTCTGATGTTTTCTCCGGACATTGCGAAGTCGCCAGCTGGCCGGTTCTCGGATCGATCCGACGCTGGACGACCCCGGACGGCATCTCAAAATCCTGCGCACCCCGTGGCATGAGCCGAACCGCCAACTCACTCCAGATCGGAAGAGCGGCCTGCGCGCCGGTCAGCTTGAGCGGTCGCTCATCATCAAAGCCGACCCAGACGCCGATCGCGATATCCGGGGTGTATCCGACAAACCACGCATCTCGATAGCCATCTGTCGTCCCGGTTTTGCCTGCGACCGGCCCTTGAACCCCGAAGGTTTTGGCCTTGGCGGCGGTACCGCGATCCACCACTCCTTTCAACAAGGACGTCACAAGAAATGTCCCTTGTGGAGTTGCCGCCTGACGTCGATCAAGGGTAGGACTCCAGATGGTCTCGCCACCCACACTCGCCATGTTGGACAGGGCGACCGGACGGATGACAACTCCTCCATTGGCCAGTCCTGCATAAGCCGATGTGATCTGCAGTAAGGAAACTGAGGAACTCCCCAAGGCCAAAGACAAATTGTCGGCCAGTGGTGTGGTAATCCCGAACTTCTGTAGCAAGCCCGTCAGTGTCACAATTCCAGTCCGGTGAGCCGTTCGGACAGCTGGAACGTTGAGTGACTGCTCAAGGGCCGTTCGGACCGTGACCTGCCCTCGATACTGTCGATCGTAATTCTGAGGTGACCAGGGACCGGTGCCGGATTCCAAGGTCACCGGTTCATCCGCAAGCAGCGTCGCCGGAGTCAGACCGGTCGTTCCTTGATCACGGGCCGCTTCGAATCCGGCCAGGTAGACAAAGGGCTTGAAGAGAGATCCCGCTGATCGATGCGCCTGCACCGCACGATTGAACTGACTCAGCCGATAGTCCCGCCCACCGACCATCGCCAGAACATGCCCGCGCTTCACGTCCAGCACAACTGCAGCGCCCTGAAGCGGTGGCTCAACACTGGCCAGCGACGGATAGCTCTTCTCCAGTTTTGCCAATCCTTTCTGTAGGACCTGCGCGACGATTTGCTGAGTTCTGGGATCGAGGGTCGAATAGATTCTCGATCCTTCCGGAATTTCCGCCCCTATACCTTGCTCGATTTCCCTGAACAGGTAATCAACAAAGTACGGCGCATCGGTGAGCGCATCATTGGTCAGTACGACTTTGACCGGGCGATCCAGGGCCACCGTTAAGGCTTCCTCTGTCAGGATGCCTTCTTCGCGCAGGCGACGAAGAACCACATTGCGGCGCTTGGTCGCCGACTC
CP060501.1_gap42	1546799	1551051	4252	CCACGACCCGGTCATTGAGTGACATCGCCTCGCTAGGAAGCAACAGGCGTTGGTCTTCTCGAATGGGGAGTTGGGCATCAACAAAGGCCAGCTCCACCCTGAAGTACAATCGGCCATGCCGCAAGCAGCCTGATTTCAGCCTCGAGGTATGGGGCTTCACGAGTCCATTGGTATACGTTGCCGGAGCTGTCAAGGAGGGACATGGCTTCCATCTTGATCGTCGACGACGATGCGCCGATTCGGGCATTGCTGCGTCGCATTCTTGAAGAAGACGGCCATCAGATTCGTGAAGCTGCCAATGGCCACACCGGTCTCATGCTCTATCGCGACACACCCGCCGATCTCGTCATCACTGATATGTTGATGCCGGAGCGAGATGGGATGGATGTCACTCTCGCTCTAACGCAGGAATTTCTGGATGCCAGAGTGATAGCCCTAACCAAGGCAACCGGTCACTACAACTTTCCAAATGTCGCCAAGCTCTTCGGCGCACGACGTGTTATTAAGAAACCCTTCTCATCGGATGAAATCCGTCGAGTCGTGCGCCTCACGCTCGAACATTAGCCCATTAGAACGGCGAATTTAAGGAGCCCTCGGAGGCTTGCCTGCAGAATCAGGCACAACGCTGCTCTCACCCCTCCCGGCGCTTTCGTTGGCACTCCGGGATTCGAGCACTTGCGAAGGCCACACCGATCCCACGAGCATGCCGATTCCCGCCGCTAGAAATCCAAGGAGTTGCGGAGGCCAGACATCCGTCGGCTGGCTCAACAATTCCAGCACCACCCAAGTTGTAAGCCCGGCGACAATGGCGTAAAGCGCGCCCTGTGTCGTCGCTCGCTTCCAATAGAGCCCCGCAACCAATGGAATGAACGCCGCCACCAGAGTAACCTTGTAGGTATTCACCACCAGCTTGTAGATCGTCGCATCTGACCAGAGTGAAATGGCCAGAACCACCGAGGCGAAGCCGAGCAACACAACACGCATCAAGCGAAGAAACTCCGAGTCATTCACATGCGCGAGCAACGGTCGAACGACGTTCTCGCTCAGCGCCACCGACGGTGCCAGCAATGTTGCGCTTGAGCAACTCATGACGGCAGACAAAACGGCCCCGAAGAAAATGATCTGCGCCGGAAGTGGCGTGTATTGGAGAATCAATGTGGGTAACACTAGCTGCGAATCCTGCTCCAACAGCATCCCGAATTTGACGGGATCAATCAGAGTCGCCGCATACGCGAGAAACATGGGGACGAAACAGAAGACAAAATACAGCGCGGCACCCAGCAACGCCCCCCGCACGGCTGTCTGTTCATTCTTGGCCGACGTGATGCGTTGAAACACGTCCTGCTGCGGGATAGATCCGAGCATCATGGTCATCCAAGCTCCGATGAAGGGGATCCAGGCTGTGATCGTGGCAGGTGGAAACAAATCCAATTTACCGGTGACGGCCGCATGAGAGATCACCGTTTGCACCCCACCAGCCAAGTTTCCCACTAGCGACGCAATATACAGCAGTCCTCCCACAATGACTGAAATCTGAACGAAGTCCAGAATCGCTACGGAAAACATACCGCCGAAGGTCGTATAGGTCAGAACAATCGCTGCACCGATCACAATCCCGACCGACTGACTGACGCTTCCTTCTGTGACCACATTGAGGACCAAACCGAGCACTTTGAATTGGGCTGCAACCCACCCCAAGTACGAGGCGACGATGCAGAGTGTGCAGAGGACTTCGACTGTCCTGTTATAGCGGTAACGATAGTAGTCGCCCACTGTCAGCATATTGAGTCGATACAGCCGCGGGGCGAAAAAGAGTCCGGCGAGCATCAAACACATACTGGACCCGAATGGGTCGGCGACGACACCACGGAGTCCTTCCTTGACGAAAGTGGCCGAGATGCCTAATACCGCTTCGGCACCGAACCAGGTCGCAAAGACGGTCGCCGTGACAACGGCGAGTGGCAAGCTCCTTCCGGCTACGGCAAAATCCCTGGAATTCTGCACACGTGTAGCGGCGAAAAGCCCGATACCGACCGAAAGGAGGAGGTAGAGGATGACGAACCAGAGCACCACCCGGGCAGGATAAAGCGATCCTAGTTCGCAATCAATGAGTATTCATGATTGTGGAGACAGGACTAACGCGCCTGAATGACATCCACAGAGAAAAGAGAGACGAGATTGCAGAGAGAAACCGACGTTGAGTGAAGAAGCGCACGTCGACCATCGAGGATCATCACATTGAGCAAAGGAACGTACCAAACGCAGCGGCAGAACGATTCAGACATAAATTAGAAAGCCCAGTATCGAGATGCTCCGAACACGAGACGACACCCGACGAGAAAGAGATCACCATGTGACTCAACCGACACCGCTTTTGTCCACTGCACTTCGTATAAATTTAAAGAATGTTCCCATCGAGTTTCAGGAACATGAAGTTCAATAAGCTGCCGGTATCGAGGCCGATTTCCCATCAGCACGAGAACCCCGTGCTCACTTCGGTTGAGGCAGTACACCTCGCCCTGCTCGAGCATCACACGTCCACCGTCTATTGAGTCAGACAGACCATAGGCACATACCTTCTGTTCATTGACTCGCGCCTCTTGCCGACGAGAAGGAAACGGAGATTCTCCTTGACCTTCACAGACACCCGCAATGGCAGGCTTGGTATTGAGACTCCCTGGACGGTAGAAACGGGCTTCCCGAATAGCTTCTTTTGATCCAATGTTCATGATGTCCTCACAGATGTACTGAAACCGTGCTGGACATGGAGCAAATGCCATACCCATGGAGTGTTCGCGAATGTTCACGAGAATTCTTAGCAAATCCTCCTGAAGTCCTTATTTTGTGGAATCATGGATATTGGGATGCGAAGGAATATGGATTCACCATTCCATGCTATATACGTATATATCATTGAATATAAATATGATTTATCGCGTGAATGATAAACCATACAGCGCGGTAGACGTGACCTTCACCGAAACGTAGGTCTGCACCACATTTGTATTGGCGGGAAATTAGCTACAGCGCGTTCAGGTCGGACTCCAACATCAATCATTCTAACGAGCGAGTATGGAATCGAACATCTTGTCAACTCAGCCGTTCTATGCGAAGGCCGAGTAAGCGGATTCGTTTTCCATGGGGATTTTCTCGCCGATCAAGAAATGGCAGGAGCAGCTTCATAGCCTCACGGCCTAAGACGGCTCTGTCACCGGTCGGCGTTGCCAATGTGTGAGTGCGCGATTTGGTCACAAAATCCGCAAAGCGAACGGTCAGAACAACGGTCCGGAAGGACTGAAACGCTTCGTTATGTAGGCGGTCGATTACACCTCGAACAAGCGAATCGAGCTGGTTGAGAAGGCTCTGACTGTCAAGGGTATCGGACTCGAAGGTTTCCTGTTCTCCAATGGATTTTGGTTCGGAATATTCCTCGACTGGTGAATCATCTCGGCCGCGAGCTTTATCATAGAGTGTCCTGCCGCGCTTGCCTAACAGCTCGTCGAGCTGGCGCAGAGTCAACGCTCTCAACTCTTTGACGACCGTGATTCCCTTTCCCCTAAACATGGCTTCCGTTTTGGGCCCTATACCAGGAATGACTCTGATCGAGAGAGGAGCTAGAAAAGCCTCTGCCCCTTCCTCGTTCACTATCGTAAGGCCGTTTGGCTTCTGCCATCCAGAGGCAATTTTTGCGATCAACTTATTTGGTCCGATGCCCACAGAGGCCGTGAGTCGTTGTTCCAAACGGATTGTCTCTTTCAGACGATAGGACAGTCGTTCCGCCTCTTCGTAGGATTCTGTCCAACTCAGATCACCATAAACCTCGTCGATACTGGCCTGTTCCACCTTTGGGATGAAGCGCCGAACGATCTGCAACACCTCTTCGGACACCCGCGTGTATTTCGGCATATCGACGGACACAAAGGTCACCGGGGGTTTACCGGCTCGCCGAGCCTCTTCCGACAACCGCCAGGCAGTGGAGATCGGAGTCGCTGAATGGATCCCATAGGCGCGAGCGAGATAGTTCGAGGTAGAAGCGACTCCACGCCCTTTTCCGCCAAGCGGATCGGCCCCAACCACAAGCGGAATACCGCGAAAGGCCGGGGTATCCCGCTCCTCAATCGCAGCATAGAACGCATCCATGTCCAAATGGGCGATAATCCTCAGCATTTAATTCTCACCGCGCGAACAGAAGACATCCGGGCACAGCAGGCACAACCTCACGACCAAAAAACTTCAGACTGAAAACCGCAAC
CP060501.1_gap43	1598842	1603444	4602	TTGTTGGGCCATCTGCCGGCCATACAAATTAAGCTGCTTATTAGACCGCAAGATCGGCTGTGGCCCAGCGCAGGCGGTAAGGCTTATCAGTGCCACATACACAACGAGACGATGCCATGACCGATTGACCACAAACATCCCTTCGAATGCGTGCTTTCCCTTTCTTCACTTCTCACCCTTTAGCGGAAATGTCGAGGGTTTTCCGATTGTGCACATCGTCCAGTCACTGCTCCCGCTCTCCCCTTACCTTCTCTCGCGGAGGGGATGGGTGGGTGCTCCACTGCGCGCATTGTCCGAGCACATTCCTCCTTGCACTCCTCGCCCACTCAGATTGGGTGTCGAGGTCGTTTCCATTGCGCGCATCCAACGAGGGCCTTCTGAGGCCGCGCGTTGGGCGAGCATCGAAACGATCTCGATGCCCAATTCCTCCCCCTCACTGCCACCCTGTCACCTCATATCCTTTCTCTTGCAAACATCGGTTGACGAAATTCGTGTACGCCTGGTTGGGTTGCGAAGGACCGGCAGCGTGGAACAAACCGGTCAGAAGGCCCCAGACCGCTCCGCTCGCGGCACCGATCATCGATCCTCGCCCTACTCCCCCGAAAATCGCTCCGCCCACTGCTCCGCTTGCGGCCCCGACTCCGGTTCCGACAGCCGTATTCGTCGCAACGCGCCCCCCTTTGCCTCCACTGCCCTCTTCCGCTCCGGCCGACTCTGCCAATTGCCGACAGGCTTCGATATCCCGCTCCGCAGCTTCCTTTCCAATTTTCTCCAGATGCGCGTTGGGATAGAGCACTGGGCGTGCGCTGGAACAAGCCGAGAGCATCAATATGGCGATCGCAGCGCCTATTCGTAATCCGTTCATATCTGCTCCGCTCCTTTCCCACCCCGTGGCAGCAACCGAGCCAACAGCACCCGGGCCGGAACCCCTTTCACGCACAGTCGTTTATGTCGAGACTGAGCTCCCGCATAAATGCGCACGTTCGCACGTGGGACCGCACAGCGATCGGCAATGAAACGGATCAGTTCCTCGTTGGCGGCGCCGTCAATTGGACGAGCGGCCAGACGGATCTTCACTGCATCGCCGTGAATGCCGACACATTCGGTACACGAAGTGCTGGGTTGGACATGCACGGTGAGGAGCGCGCCGCGCTCACTGTCCCGTACGATGACAGGAAGGGAATCCACAAGAATCGATGGATTCAAAAGATCGCTTTGACAAATTCCAGTATGGTGCGTTGCATGTCCGCATCATCGGTAATCGGACGTGCAACGGCGACATCACAGGCCCGTTCCGGCGGCACGCCTTGCTTGATCAGTGTGCCGGCATAGATCAAGAGTCTGGTGCTGACTCCCTCCTCCAGCCCGTGATTTCTGAGGTTACGCACTTTTCTGCCGAGCTTGACGAGATTCCCGGCAATCACAGACTCCACACCCGCCTCACGCTGAACCACAATTGTTTCGATCTCAGGCGCGGGGTAGTCAAATTCAATCGCCAGAAATCGTTGTTTCGTGCTTTGTTTCAGATCTTTGAGGACACTTTGATACCCCGGGTTATAGGAGATCACCAACATGAAATCGTCGGCAGCTTCCAGGATTTGGCCTTTTTTCTCGAGCGGCAGCACCCGCCGGTCATCGCTGAGCGGATGGATGATGACGGTAGTGTCCTTCCGGGCTTCCACCACCTCGTCAAGATAGACAATGGCCCCATGCTTCACGCCGATGGTCAGCGGCCCATCCATCCAGACCGTATCCTGTCCCTTGAGAAGATAGCGACCGACCAAGTCGGACGCAGTGAGATCCTCGTGACACGCGACGGTGATCAGCGGTCGGCCGAGCTTATAGGCCATGTATTGGACAAAGCGGGTTTTCCCGCAGCCGGTCGGTCCCTTGAGCATGACCGGTAGCTTTTTCTCGGCCGCAATGGTGAACAGACCGACCTCTCCGCAGACTTCGGCATAAAACGGCTCCTGGGCGATGCGATAGTGTGCCACATCGATTTCGCGTATCTGTTGCATCACCCCATCATTCCTGGTCGTGACATGAATCTGTTCGGCTGACCACAGCAGGCTTCAAGTACCGCCACAATAGACGGAATAAACCGCGAAGATCAAGCGATGGGAGGGCCTGGCAATCTAGGCAACCTTCTTCCCGTCGAGGACTTCACGAACTTTTTGCGTGAGGATATTCGGTGTGAATGGTTTCTGGAGAAACGCCGTATCTCGTTTCACTCCTCCTTGCGCGAACACCGGATGATCGGGATATCCAGACATATACAAAACTTTGATCTCCGGCCGTACAACCGTCAGCTTTTCCGCCACCTCAGGCCCGCTCATCTGCGGCATTGCAACGTCGGTCAGCAACAAATGAATCGGACCCATGTGCTTCGCGCCGGTCAGGAGCGCTTCGATGCCGTGACGCGCCACCAAGACCTCATACCCGTTCAAGCGAAGTGCATCCTGTACAAGCCCACGAACCGACGGGTCGTCCTCGACTACGAGGATCGTTTCTCGTCCGATTGCCCGGCCTACGTTTCCGCTGCCTACCGGCACGGCCTGCACGGCCTCTTCGACTCTTGGGAAAAAGATCTTGCAGGTGGTTCCCAACCCCAGTTTGCTCTCAATCCCAATCGTTCCACCGCTTTGCTTCACGATACCGTACACGGTTGACAATCCGAGCCCCGTCCCCTTCCCCTTTTCTTTCGTGGTAAAGAAGGGTTCAAACAAATGCGATTGGGTTTCTTCACTCATACCCTGCCCCGTATCCCGAATCGCCAAGAGCACGTAGGAGCCTTGATCGAGCATCATCGTTTCGCGCCGAGGGCCTTTCCCGATCGTGACGTTCCGGGTCTCGATCGTCACCTTACCTCCCGTCGGCATGGCATCCCGAGCGTTGACGGCAAGATTCATGATCACCTGCTCGATCTGCCCCGGATCGGCCTTGATCGATCCCAATTTCGTTTGGAGGTCGGCGCACAGTTCAATGATGTCCTCACCCAACAATCGGCGGAGCATTCCGTCCATGTTCATGACAATCGCGTTCAGGTCCACGACCTTTGTGGTCACGAATTGCCGTCGGCTAAAGGCCAGCAGCTGGCTGGTGAGGCCGGCCGCCCGGTCAGCGGCTTTTTTCACCTCTTCCATTTCACGTCGCGAAGCATCGCCCTGCGCCAAGCGGCTGAGGATCAGCTCACTATATCCACGGATCACGGTCAGCAGATTGTTGAAGTCATGGGCCACGCCGCCGGCGAGCCGTCCCACCGCTTCCATCTTCTGCGCTTGGCGAAGTTGCGCCTCAGTCTGGCGCAACGCCTCTTCGGCTCTGGTGCGCTCCCCGAATTGCCCGATCTTGAGGGCAACATCGGCGATCATGCTCAGCAGCTCTCCATCCGGCTCGCGTATCTGATGGCTGAAGAACTCGATGACGCCTTCGATTTCACCTCCGATACGAATCGGAAACCCAAAGGCTCCGTGAAGCCCCGTCTTGGCCGCCAGATCCGCTCGAACAAAGGTGGGATCGAGCGCTACATCTCTGATCCATACCGGCCGTCCGCATTCCCAAATCCGACCCGGCAACCCTATCCCTGGTTTAAAGCTCTGACCCTGGTCCATGGCCACGAACTCATCGGCAGAGATCGCCCCTGTTTGCCAATGATGGAGACACCGTAATGTCCCCGTGTGTTTGTCCACCCGCCAAAAGACACCCAAATCCCATTCAAGACTCTCTCCGACAGCTTCGATGATTCTTGGGACCGCTTCCTCCATTGTCACGGCCTCGGAGAGGACGCGCGTGACCGCATACTGCGAGGCGAGGCGACGTTCTGCCCAGCGGCGGTCCGTAATATCGCGGACGAAGGCGCTGAACATATACGTTTCGCCGATGCGCGCCGGCGAGACAGCGAGCTCGACCGGAAACTCGTGACCATCTTTGTGCCGGGCAGCAATCTCAATCCGTCGATTCAGCACAGGACCGACCCCGGTCCTGAGATACTCCCGAATCCCTTGGGCATGGGCCTCTCGATCACGCTCAGGGATGATGGTTTCTGAAAGCAACTTCCCAAGCGCTTCATCGCGGGTCCACCCAAAGATAGCTGTGGCCTGGGCGTTCCACTCCGTCACGATCCCGGCAGCATCGATGGTGATCACTCCGTCGAGCGCCGTATCGACAATCGCTCGATTCCGTTCCTCACTTTGCCGCAACGCCGCTTCCGCGGCTCTCGCCCATGCACTTTCCTGTTGGGCTTGGCGATATTCTGCGCGCAATCGCGCCGTCGTCCATAGGAGGAACACGACCAAGGCCAACCAGACGATGATACCGACTGTCCCGACCTTCCACAGCACAGATCGGATCGGGAGGAGCACATCTTCGCGATCCATCCGCATCAACACCGTCCAGTTGAGACCGGGGAAATCCCTGAACCCCTTGGACGAGGCAAATCCAGTGACAGCCCGCACATGCCGCCGCAGGTGATCCTCTTCGAGAAATCCCGTCCGGCCGTCCCGGCTCACCACGGCGGAGGGCAGCCCCATCTCCCGCAGATTCACGTTGCCCTTGTATGCCAAGTCAGAATCCACGAAGGCGTCACCGTGCCGGGTGATCATC
CP060501.1_gap44	1605503	1606452	949	GCAGCAGACATCACAGCGTAAACACGTTGAATCAGGCACCAACTGGGGCAGCGTCCTCATAAGAAGTTTGGAATCCAATGTAATGAGATTCATCGGCTTCCAATCATACGACGCAAGGCGAAAGGTAGCAAGGATGGTTCGTTTCCGATCAACGCCCTCCGTGTCCCCGCGCCTCACTTCTGCACCCGAGAAAGTTGCGGACCCCTTGTCCGCCCATGAGCTACGTGCTAGCATTTAAATTTTTGAATCATCCGACGCCGCATTTCCGATTTGCCGGAATATCCAAGGATATTTTATTGGCACCGACTGAAGCCATCTGCCAGACGCTCTCCACCGAGGCTGCGCGCGATCGCTGTGCCGCCATCCGCACGCAGCTGTCTCTTGCCAATCTGTTTGGAGCTTCATCCACCGCCCCTCCTAAAGAAACAGCCTCAGACGTATCGGTGGTCAATTCCTGGCGAATCAGCCCCTGCCCGTTTTTCCTGTCTTCTGATCAGCTACAGTTCTTCACACAATTGGGCCCGCAACTCCTGTCGTTCTATCGAGGACTGAATCGGCTTTACAACGAGAGCGTCAAAGGAATTCAACCGGGCTGGGTCGCCGGCTACCTGGATCAGGGCAAGCCGGAAGCATTGGTCCAGTACAGCCGGATGAAACGATTTCGGGACGCATTGCCCGCCGTCATCCGGCCGGATATCATTCCGACCCAAGACGGCATGGTCATTACCGAGCTCGATTCAGTTCCAGGGGGTATCGGGCTCACCGCCTGTCTCTCCCGCATCTATCACGATCTTGACGGAGGTCGCTCCCAGATCATCGGCGGACGGGACGGCATGGTACGGGGCTTTGCCCGCATGCTGCGTTCCTACCGTGATCAGCGTGAGGGATGCGTTGCAATTCTCGTCTCTGAAGAATCCAAAGACTATCGGCCGGAAATGTCTTGGCTAGC
CP060501.1_gap45	1624428	1627913	3485	ATCCGGAGTTCCCAAAACAGGCCAATGCTGTCTCACCACTTTTGACATCGGGCTTCCGATCAAACCCCGCCTGCACAGGATCTTGATCTGCCGACGCCTCGATCCCTAGCAAGAGCAGATAGCCGTTCTTTTTGTAATCAGACAGCGTTCGCTGGGGAGTCGTCGTGAGACTGTGATATCCCGGTGACGGGGCCTCTTCCATGATGAGCCATGTCACCGCAACGACACCGATTCCCAACGCGACAAGCGCCCCGGAAAGCACCACGAGGCCCACCAGCGTCGTCACGATGGCACGCGTGGTCGAGAAGCATGAGCTGACAAATCCGGCAATCGCGATACGGATCCGGCTCAGTGTCGAGCCGAGTTTTCGGTTCGGCTTCGGCTCAGCCGGACGTTCTCTCGTCTCTGCTTTCCTAACATTCCGGCTCGATTCGAAGAGCACGTCCACGGCAGAGGCTGCTGCCGACATCGGCCGGCCGACTTCAACTGGACCCGATAGTGGTGACGCTGCGTGCACAACCGAAGCGACGGAAGGCTGTTCGACGAATCGAATCGCTTCTTCGGTCCGCACATATTCTTCTTGACGAGGCGCCGGTTCAGGAATGGGCATTCGCGCTTCAACAAATGCTGCTTCCTGTGGCGGGCTTTCCTGCGGCTGATTCTCGGTCGCTTCCTTTGTGACAGGAGGGAACACCGCTCTCTCGGGTAACGGTTCCCAGGCTGCCTGTTTCTTGAGAGCTGACGGAGAAGATTGAATTTTGTCAGTATCCTTGTCCGTGATCTCATCAGCAGGTTGTAATGAATGCGTTGGAGGCTCTACCGAGGATTCCTGAAGAGAGTCCGGGGGTGCGACCGTAGGGACCTCCTCCATTTTCAAGAGCGCATCGGGGCTCTCAGAATGAGGTTCTTCCGGAGGGACCGCCACATTGTCCGCGATCGGTTTGTCGGCAAACATCGGCGGTACTGGCTCTGAGACAGATGTTTCCGAGATCGGCTCCTGCATCGCAGGAGCCTCCGCTACGGCAAGTTGCGCAGGCTCTACGAAAGTAGATTGCTCTCCTTCTGTTTGGACTAGAGCAAGCCCCACATCGCCGGCCGGAATGTCCGGTTCCGGTGACACGAGCGCTTGTGGAGCTTGACCTATTGAGAAAGAATCCGTTTCTGCAACAGGACTAGCTTGTGAAAGAGGTTCTGGTTGGCTTTCGCCAACCGTTGGTACCATGTCTTGCTCAGCTACTTCAGCTGATCGATCTACCGTCGGCTCCACGTTCTCTGCGATCACCTGATCCGTCTGAGCCGGAGGGATCGTGATGACGGATTCCTGAACTTGATCCCATGGCATCGGCACAATGGTAAATTCAGAAGCCGGTTTGTCCTCGAGCAAAGGCTCTCGCTTGTCTTCCGGTATCTCAACCGATGGATTCTCAAGCAACGGTTCCTGAAGAGAAGAAACAGTCGGAACTTGTGCTGTTGCCTCCTCGGCACTAGCCGGTACAAGCTCTGGCTGAGAGGTCTTTGGCGAATCGTCCTTTCCGAAATTCCAGGCACTGTTGAATACCGATGCCCATGAAAATCCCGGCTGCTTCCAAGGCTCTGAGATCTCATTCTCTGAAGCTGGTGCCGGGCTTGAGGAGTTACCGATACCGGACGGCGTTTCCGCAAGCAACTCGTGAGAATCTGTCTCGATAGGTTGCGGACTGGAGAATCCCGCAGTTTTTTGCGGCTGAATTGGTTCTGAAGTCAATGGCCCCGTCTCCAAGGACGGAGGTACTCCTTCAACCCGTGGAGAGGGTGTGTTGTCATCATGTGGAACATCCACTGACGTGCTGATCGGAGATTGTTGTGCATTCACCGAATCGGTCAGTACGGAAACCATTGATGCACCGGCAGCATCTGCAGGAGGCTTCGATTGAGACTCACCCGGCAACCTGTCTTGCTCATAAGCCGGCGCAGGATCGGCTACCGGCACAATTGGATCAGACTCTGCTTGTGTTTCCTGGATCTCACCCACTGAATCAGATAGCGAAACAGATGACGAGGAATCTGCGGAAATACCCTGTCTGGAAGGATTGCTTGTTTCCGCTCCATCCCGAGCGAGTCTAAATTCCTGAGCTGGACTTTCAGTCGGTGCCTCAGGGGGCACTTCATCGATCCGGATTTCGGCTGGCTGTAGTAGGGGTGGAGCAGAAGGCGATGCGTCTCCCACTAACGAAAACCCCACGTATGCACGATCATCCGTACTCGCAGGCGAGTCTGAAATGGACCGAGAATCAGCTGAGGCGGCTGCTTCGGTAGAGAACCCGGCCGCATCTGGAGAGTGCTGAACATCCCATGGCATGGTCCCGGTCACCGGCTCCGGCATGGGCGAACCGCCCGGACTCTCTGCCGTCGAAGAAAGGGATGGTGCGGCGGCGGTTTCTCCGGTATTGCCAGGCTGGCGAGCCAACAATTCGCCGGTTTGCGCGTCAAACAAAGACGCGAGACGGAACGCCACGGGACTCGCGGGAGCGAGTTCCCGTATTTTTACATAGAGCTGAGAGACATGGTGTGGATTTTCAGTATCAGGATCTTCGATCAAGATATCGACAGCCTTGCCATACTCGGCTACGGCCTCGAGGGCATCACCTTTTTCTTGATACAGCGCCCCAAGCTTTTCTAAGAACGGAACACATCGAGGACCTGCCACTAAGTATTCACGAAGCAGAGATTCCGCAAGCCAGTAGTCTTGACGTTCAAAGGCTTCGTGAATAAGCGAGTCAAAGGCCTGTCTCGCCGGAATGAGACTCCCAAGTCGAAGATGCAGTGTGGCAAAAAGCCGCCTTGCCTCCATGTTCTGCGGATCGAGTGCGAGTAATTCTTTGAGAGCAGTGGAGGAACGCCCATATTTCCCGGCGTTCATTTGGGTGATGGCCTCTTCGAGGAGCGCGGTCTTCCTGCTGTAGCCGACCACACCGCGCTTTTGAGCGCGCATGGCCTGAGTTTTATTCGCTTTTAATGGGGATTTCTTATTCGACAGCACAGTACAACCTTAGCAGATTTCGGCGCTGTGGGAGCCTGCAACGGCGACCTGATCCGCTACTCTAAGCTCTCGGAACTGGCTGTTCGCCCAGGCAAACTTGGGAAGAGAATGCAATCTAGGTGCCTTACGGCTTCAATAAGCCACGCAGAAAATCTTTTTAAAATTAATGGTTTATGTCTTGACTCTTCCATGCATTTGCATCACCCATCCATTATTGGACGGTCCCGACTTTGTGAAGAAGGGAAGCGCAAGGCTTCGGATACAACATCGAACGAAGCAGATCAATCAATGATGAAGCCACCATACAAGCGCAGTGCTGCAAAACAATGGATCTCGGTCTGCGTTCCAGACGTCGAGCCGACTTGTAGGTACATCATCGCCGTCCTAGAGCGTGGATAAGGTTTTAGGTACAGGCTCGGTAGTCATCACACGGTTCAGAGGTCAATCGTGGCCCAATTTCGAAAAT
CP060501.1_gap46	1654583	1658128	3545	CCCCGTAGAGTACGCCGACGAGCTGCATTGTTTCGCTCTGCGGCGTGATGGGATAGGCAATGGCCAAATCCACGTTTGAGCGTCGGATCGCCTCCTTCGCCGCTTCACTACCGGTAATGAACTCTTTTGTCCGAGGCGCCTCGTGAAACATATATTCCGGCGTCACGACCCGCTGCCTTTTGGCCTCGCCATGGGGATCTTTCTTCCCATCCGACTTAGGCACGGCCACGCTGGTAATCGGATCGCCCTGTGGATTCGTTTTGACTTCGGTCTCGCTCATAGTTACACCTCTTGGCTAGTTCAAGCGTTGCCGCTCGACCTTATCCTTCCCGCTTCATGTGCTCGGCAGAATGACCAAACATTGCCGCACTACCCGTCCCGCCTGGAGTCGGAGCGAACGCCATGGGGTTAGTGTGGGTCTTCCCGCCATGCACTTTGGACTGCGTGCCGGTAAACCGGACATTTTCACCGTTCTCCGGCAACTTGATTCCCATCTCCTCACGGATACGCTTGAAAATCTGAGCCACACGCTTGATCTTCAGCGTATCGGAGTCTCGGATCGTCAGCATCGCATCTTCATGGCCTTGCTCTGCACAAACCGCCATCGTGCAGCAATTGGTTCCGGCCCTGATCATTTTGAGGGTGAGATTCGCATAATGGCAATGCACACCGATAAAGATGCATGCTTCGATCTTATTGCCCCAGATCGTCAGATTCGGATGATTGGGATTGATCACTTCTTCGGGATCGATCTTCGGGTATTTCGGCCGATAATCCGGCATCGGAATGATCATGACTTCAGGAATCTGCGCCGCGATTTCGAGCGTCGCCTTCGCTTTTTCTACTGCGTGATCGTTCCAAGCCCACAGGAGGAGAGGACCTGGGAAAATAGTAGCATTTGGGCTCGTGAGCATCTTCCGAGCCATCTCTTCAATGACGACCTCTTCATTCGGCTCGAGGAGGCCATAGTACAATGCCTGCCCGGGATCCGGAAGGGCTACACCTAACTGCGCTGCGGACGGCGGATGAAATCCAGCTGGACCCGGTACGATGATCCGCTCTCTCGTATCTTGTGTAGTTGCCACGCCTGACTCCCCTTCCTTAACTTACCCGACGACAGGACTTGCTAGAACCGCCGTGGTGCTCTTCTCACCATAAGTAATGTTGTCAGTCAATGCCGCTTTGGGCAATTGATCGATCATGATCATCTTGATGGCATTGTTCTTCGCCATGTTGTCACAGACCCATACGCACTGCGCGCACCCCTTGCAGCGGTCTACGGCCACATAGGCGGAACCGTATTTGAACCCGCGATCTTTCCCCATCTCATCACTGTAATTGATCGTGTTGGCTTCCGGGCAGTATTGCGTGCAGAGCTTGCAACTCTTTGCGGCACAGATTTCAATACTGATATCAGCTACGAGGTACATGAAAACTCCTTTATGGCTCGGCTATGCGGTAGCCGCTGCCACTGGTTCTTCAGCACGTTTGACGTCGGCCGCAGCCCAACCATGGTCGACGGCGTAGTTCCATCCCGCGCGCATGACCGCGACGTTCTTTTCGATCAGTTCCTGCTTCTTTTTGAACTTTCGCTCAACAACGCTATCGAGTGCGGCTGTACCGCCGGATACCACGAAGCCTTTTCCGAGGAACCGATCCTTCACCGCCTGATCCAATCCAGCCATGCTCGTCAGGCCTGTAATCGCACCGATACAGCCCATCAGAGCCATGTTGGTGGCGAGGTCCATGCCTGCGACCTCCAATGAGATCTTCGTCGCCGGGAAATAATAGAGCTTCGCGCGACGCTCCTGTAGCTCACGCGCCTGATCCCTGTGTAAATTCATCGGGCCATCATTATTGATCAGCGCAATCCCGTCCTCTTTCAGACCAAAGTAGAACGGCATCGTATAGGATTTTCCGTGCGTAATGACCTGTGGATGAAAGATGATGATGATGTGCGGAAATGTGATTTCACCGATTTCATAGATAGGCTCATCCGAAACACGGACGTAGCTTTCGACCGGCGCCATTCGCTTTTCCGATCCGTAAAACGGCACGATGGTGCTTTCACCACCGGCGTTGATGACGGCTGTGCTCAGAATATGCGAGCCGGTCACAACACCCTGTCCACCGACACCTGCCATTCGAATGTTGAATCGCTTCGCCATAGTTCAGACTCCTTTTCGTCGTCCTTAGGCCTTACCTGGAATGGCACCGGCGGGAGCGGTCGGCTTCGGGAGATATTCCTTGTAGCCATACCGATCGGCTAGATACTGTTTTGCCTCGTCGCTGACGTATTCCGTGAACTGATACCGATCGTTCTCGACCGTCTTCGCATCTTCCATGACTTTGTCGGTAGGAATCGCGTACTCGATATTGCAGGAAGTATACGCCTGAATGTAGCTCGAGCCGACTTCGCGAGCGATCAAGACGGCCTTCTTAATGACGCTTTCTACACGGCGTGGATTATTCGGCACCACCGTCGCCACATAGGCGCAACCCGCAACCTTCGCCATCTGTAACATATCCATCTTCTCGAACTTCTTGCCGAGAGGGGCCATCTTCAGCACGGCGCCCCGATTGGTCATGCCGCTTTCCTGACCACCGGTATTCCCATACACTTCGTTGTCCAACATGATGGTCGTAAATCGCTCCTTGCGGAACCACGAATGGAGAACCTGTTGGAATCCGATATCCGCCGTTCCACCATCGCCAGCCATCACGACCACATCCTTCGGCTTATCGCCGAAGCGAAGACGGAGGCCACGGGACAGGCCGCTCGCCACGCCGTTTTGGTCGCCGTAGTTGCCGTAGACGAAAGGAATCGCCGCCTGAGAGATGGCAAGACGACCGCATCCGGCTGTTCCGACAGTAATGGTATCTTCGGGATTGGGAAACGCGATCATGGCAAGCCGAATGAAGAGCGTCATCGCGCAACCGGCACACATGGGATGCTCCTCCAACACTTCCTTGAAACTTCCCATCTGTGAGACCGTGACCTTTTTCCCAAAAGGTCCATGCTCCACCATATCCCGGTATTCTTTTGGCATAAACTTTTCGAACCCATTCGAAAATTTGACATAATCAAGACTCATCAGGCACCTCCCTATATCGTGAGCAACGGCAGACCGCTGCTTATATTCCGCACACTATCGCATGCAACGAAAAAACTTGGGGACTTGAGGATCTGGACAATCGAACCAACACTCTCGACCACTAAATCCCGGCCATCCTAGCAAAGCCGAAAAAAGACTGTCAATCTTGCTCCAGCCTTTTCTCGCCCCCATGGTTGCTCTACTACACGTAACCCGATCGTCTACACACCTGTAAAGATTATAACGCCACGGAAATCAAAGCAACTTCTAAGTGGGCCCAGGGCATCCGAAAGAAGGCCTAGATCCCACTGGCTGGATAGGCCATTCGCCCCAAATATCTCAAACGATCGACCAGTACGCATGAAGGTCTCCAAATCTTTCAACAATTCATGTTTAGAGATTGCCGATTCGCCGCGTTCCGTTTACACTGACTTTTATGCTACTACGGGT
CP060501.1_gap47	1661754	1664830	3076	CCCTAGTTCATACAGGAGGCGGCAAACCGGCAGCGAGCCGGCACGAACCACGGCCGCCGTATTGTCGGTGACGTTCACTCCGTGGACACGCCCTACTAACTGCTTGGCGTTCTCCAGCACGGACGAGATGTTCGTGCCCTTGGGAGGATTGTATTCAACCGTGACGGCGAACGTGCCTCGGTTGAGAATATCGATTAAGCGCTGCGGCTCTCGGCTCATGGATAGCCCCTCATATCATTCCTGCTGCTCTCCTGGCGGACTCCACTGTATTTTCGAGCAGCATCGCGATGGTCATCGGGCCAACTCCACCCGGAACAGGGCTGATCCAACCGGCTTTCTGGCTCACAGCTTCGAAGTCGACATCGCCGCACAACCTACCCTCAGGAGTTTTGTTCATACCCACGTCGATGACGACCGCTCCCTCGCGCACCATGTCGGCCGTTACGAACTTCGCCTTTCCGATCGCGACCAACAGTAAATCTGCCTCACGGCAAACCGCAGGAAGGTCTTTCGTTTTCGAATGGCAAATCGTCACCGTCGCATTCCTCTGGAGCAGCATCAACGCCAACGGCTTTCCGACAATATTGCTTCGTCCCAGTACAACCGCCCGCTTCCCCTCAATCGTCACGCCGGCCGATTCAATCATCTTGATGACGCCTTTAGGGGTACACGCCTCGAATACGGGATGCCCTTCCACAAGCCGGCCGAAGTTGTACGGATGAAAGCCATCTGCATCCTTGAGCGGCGAGACGGCTTCCAGAATGACCTTGCTGTCGATATGCTTGGGAAGCGGGAGTTGAACCAGGATTCCATGGATTTTAGGGTCGGCATTCTTTTTGTCGATCAGCGCCAAGAGCTCAGCCTGCATCGTGCTGGCCGGGAGCTTGTGGTCGTCGACATGAATCCCCGCTAATTCACAGGCCTTTTGCTTATTACGAACATAGACATGCGAGGCAGGATCGTCACCGACCAAAATGGTTGCCAGACCCGGTTTAATCGATTTCTTGGCGAACAACTCCGCGGATGCCTCCGCCAGACGATCACGAACCTGCTGCGCGAGCGCTTTTCCATCAATCAATCGTGCGGTCACAGTCCCCCCTCCCCTGTAGCTATTTAGCCGGTAAAATCGTTGCAACTTAGCAGGTGAATTTTATGCAAGTCAACGCTGATTGAACGGTTGGAGATCCGCACGAGTGGTCAGGAATAGGGGATGTTTCCTCCAGCCAATAACCTTCCTCCCTCTTTCCTTGACAGTCTCTTCACTCCTTCGATACGATAACCCAGATCTAATCAGGGATATCCGCTCGTTGCCCTTGTATTCCTACTACCGTTTTTTCCTCCCTTGGGCACTCACTCTTAGCCTTACGTTACCGGGCGAGGCAGCCCAGATTACAGGCTTGGAGTCCCCCAATAGCTTCGTCGGCGACCCCACGGCGAAAGAGTATTTCATATCCAACATCAATGGGGAGCCGGAGGCCCGAGACAACAACGGCTTCATCACAAAGTTGAATTCCGAGGGGAAGATCATCCACCTCAAGTTCATACAAGGCGGCGTGACGGAACTTCTGCATGCTCCAAAGGGAATGGCCATAGTAGGATCGATTCTCTATGTCGCGGACCTTGACCAATTGAAAGGCTTCGACAAGACAACCGGGAAACTTGTCACCTCGGTCTCGTTTTCCTCCCGATCCCAGACGCAGGTATCTCTGACCGACGTTGCGGCTTCACCGACCGGCCTCTTATACGCCTCGGACCAAACGGCCAATTCCATTTACCGCATCAACCCCTCGGACAATTATCGAGTGGATCTGCTGATTCACGACGACCGACTTGCTGGCCCCGCAGGAATCGCGATCCATCCGAAGACCAATCACCTCATTGCCGTGAGTTGGGACAAAGGGAAAATTCTCGAGATCACTCCTGATGGACAGTTGACTGAACTGGAGTCGAATGGGTTTTTTACGAGCCGTTTCCAGAACCTGAGTGGAGTCGATTTCGATCAATGGGGCAATATGTATGTGTCGGATTTCACGAAAGGCAAGATTTGGCGCATGACCAGAGACCATCGATTTCAAGTCATTGCCGAATACCTCCCCGCCCCGGCTGATATCAGCATCGACCGAGAAAATAACCTCATATTGGTTCCCTATCACTACGTGCATGCGGCCGAGATGAACGGACTGGAAGCCCCGTCATCGGCCAGGCCCAAGGGCGATAAACGCACTCTGGCCGACTATGGGTTCATTCCTCCGCCCCCTAAGCCCGCGCCGGAAGAGATCAAAAAATGAGCTCATGCGTCTATTGCCACAATCGGAAGGGGAAGCGGGCATGTCCGGCCCTGGGAGGATTGATCTGCAGCCAGTGCTGTGGCGAGCATCGCATGACACGAATTTCATGTCCCCACGACTGTGCCTATCTTGACAGCGGGAGTGATTACCAGCAGAGACGGCTCGGAGCACAATTCGTGTCCGTTCGTCGAGACTTCTATCAAGAGTTGGAACAATTGGGAGGATACAAAGCCGTCGCGCTCTTCAACCTGATTGAGGTCGTCACGTTCGGCTATTTTGAAGGACGAAGAGATGGGCAGGATGTCGAGGTCATCGCGGCACTGCAGACGCTCCGCCGAACACTCAGCCCGCTTCACATTCCGGCTGCCCCCGCACCGGTTTTTGCCGAGCGCCTCAAAAAAGAGTACGAAACTTTCCACAAACAGCACCCGGACCAGATTGCCGACTCGTCCGACGCCCTAACAATCCTGGATCGCACCGTCCAGTTTGTGTCTGCATTTTCAGAGAATGATTTCCAGTCAAGCCGGTTTCTTGGAGGACTGATCGGTTATGTGAAGATGCAGCATCCTGAAATCGCGGCGCACCTCAAGAAGCAGCATGAATCGGGGCATATCCTTCTGCCGGGGCAATCGTTCCTACCACCGCCCGCCCCCGAGGAACATACCCATGGTCCCGACTGCCGGCATCATAGTCATTGATCTTCCGGTCCAAATCTAAGGCAACTCGCCCTAAAGTTACTCCACAATCGTGACGGTCATTTCTACACGCTCTTTGGGATTATCCCGCTC
CP060501.1_gap48	1666298	1671080	4782	CGAGATTAATCGTGGGCGGGAGCACCCCGTGGAAAAGTGCCAGAATACTGAAGACGGCTTCAATCCCACCCGCTGCTCCCAGCAAATGACCGGTCATAGATTTGGTCGAGCTGACCGGAATGCGAAAGGCTTGTTCACCAAACACCTGTTTTATCGCTCGCGTCTCAATGGCATCGGCCATCGTCGATGTGCCATGCGCGTTGATATACCCGATCTGATCGCGTCTGATTCCGGCATCTTTGAGCGCCAATTCCATGCAGCGGACGGCTCCCTCACCCTCTTCAGGCGGCGCCGTAATGTGATACGCGTCGCTGTTCATCCCATACCCGATAATTTCGCCGTAAATTCTGACCCCCCGTCGAAGGGCATGATTCAGTTCCTCGATCACCACCACGCCCGCACCCTCACCCAACACGAATCCATCCCGGTCCTTGTCGAATGGACGGCTCGCTTTGGTTGGTTCATCATTCCGGAACGACAAGGCCTTGGCCGCTGCAAATCCTGCCACACCCAACGGAGTCACGGCCGCTTCGGCGCCCCCGGCCACCATGACATCGGCATCACCCCGTTGAATCAGGCGATAGGCATCCCCGATGCAATGGTTGCCCGTGGCACATGCCGTCACCGCGCAAGAGTTGGGCCCCTTGGCTCCGATCCGAATTGCCACTTGCCCGGAAGCGAGGTTGATGATCGTCATTGGAATGAAAAACGGTGAGACTCGCCCAGGTCCCTTGCCTTTGAGCACCTCATGATAATGCTCAATCGACCCAAGCCCGCCGATCCCAGAGCCAATGTAGACCCCGACCTTTGTGGCCTCCTCCGGCGTCACCTTGAGGCCGGCATCATCCACAGCCAGCTGGGCAGCGCCCACCGCATAGTGGATGAACGCATCCATCTTCTTGATCTCTTTTTTCTCGATGAACCGAGCAGGGTCAAAATCTTTGACCTCACCGGCAATCTGAGCGTCATATCCCGTCGGATCAAACTTGGTGATTCGACCGATCCCCGACTCGCCGGCACAGAGCGCTTTCCAGGTCTTGTCGACACCCGTGCCCAATGGAGTGACCAGTCCTAAACCGGTGACCACCACACGCCGTGTGACCGGATCAGACGTTCCTTGAGACATGCCTATGACTTTTCCTTAATGTAGTCCAATGCCTTCCCAACGGTCAGAATCTTCTCCGCATCCTCATCGGGAATTTCGATCGAGAATTCCTCTTCGAGTGCCATCACAAGCTCGACGGTATCGAGCGAATCCGCCCCAAGGTCTTCAACGAAGGAGGCCTCCGGTGTCACCTCGTCTTCCTCCACACCGAGCTGTTCAGCAATAATCTTCTTCACGCGCTCTTCAACTGTTGCCATCGCTACCTCCTTCCCCAGTATGACTCACTCTGCACCGCCACATGGGGATCTGTGACGGCTGTACGTCCAAGAAATTCGACGCTTTTATACCATCAACATCCCGCCGTTCACGTGCAAGACATGACCCGTAATGTAGGCCGCGTCTTCGGACACAAGAAATCGGACAGCCGCGGCAACATCCGCAGGGGTACCCAGCCGCCCCAACGGGATTTGTTTCAGCAACGTGTCTTTCACATCGGTCGGTAGTCCATGAGTCATCGCCGTATCGATGAAACCAGGCGCCACCGCATTCACCGTCACGTTACGGCTGGCATATTCCCGACCAACGGTTTTTGTGAACCCGATGACGGCCGCCTTTGAAGCCGAATAATTCGCCTGCCCCGCGTTCCCTATCACTCCAACGATCGAGGCGATGTTAACGATACGCCCGTACCGCTGCTTGGTCATCGGCTGCAAGACCGCTTTCGTGCAATTAAAGGTGCCGTTCAGATTGATCTGAAGCACCAGATTCCAATCTTCCTCCTTCATCCGCAACAACAATCCATCGCGAGTGATCCCCGCATTGTTGACGAGGATGTCAACTTTCCCCCAGGCCTTCAAGACTTGTTCGACCATCCCTTTGGTGTCATTGGCATCGGCCACGTTGACTTTCAGGTTCAATGCCTTTCGCCCTAGTTTTTCGACCAAGCCGACCGTTTCCAACGAACGACCTGGGTCGAGGTCGGCCACGGCGATGTCCGCCCCCGCTTGGGCAAGGCATTCGGCAATGGCCCGACCGATTCCTTGGGCAGCGCCAGTGACAATAGCGGCTTTCCCTTGTAGCAACATCACAGACCTTTCCGGCGGTACCTTAACAAGCCGACAGAGCGTTCGTCATCTGGTGTTTCATGTGAAGCCGATTGTGCGCTAGCTCACTGCCTGGAGCGTCGCATCCAGTGACTTTGGATCATTCACATTCAACAATTTGGCGTCCGGCAGAATCCGCTTGATCAAGCCGGTCAACACGGTACCTGGCCCTACTTCCACAAACGTCGTGACCCCCATCTTTCCCATAGTATGCACGGTCTCCTCCCACAGCACGGAAGAGGGCAGCTGGCGAACCAACGACGCCTGGATTTCGCTTGCCAGTCTGATCGCTTTCGCCTCCGCATTGTTCACCAGAGGGGCGTTGAGATCAGACCAATGAACCGCAGCCAAGTCCTTGGCCAATCGATCAGCTGCTTGCTGCATCAATGGAGTATGAACGGGCACACTCACCGGCAGAGGGATAGCCTTTTTACAGCCTTGTGCTTTGGCCAATTCGATCGCTCTTTCCACCGCCGCCTTTTCACCGGCAATGACCACTTGCCCCGGCGAGTTGAAATTCGCCGCGGCGACAACCCCGACAGACGACGCCGTACGGCACACATCCTTAACCACGCCGGCGGCGAGGCCCAACAGGGCCGCGACAAGACCGGTTCCCGGAGCCACGGCTTCCGACATGTAGCGCCCCCGCTTCTGAACCAGGCCAACCGCATCCCGGAATGAGAGGCCACCGGCCGCAACCAACGCCGAATACTCACCCAAACTATGTCCCGCCACCGCGACCGGCTTGATTCCGACCGGCTCCAACAGCCTCAACGCCGCCATGCTGCTGACCAGCAAGGCCGGTTGGGTGAATTCCGTCAGATTGAGCCGCTCAGCCGGTCCCGTAAAGCATAACGCCCCGACATCATAACTCAAAACCGAGGTCGCCTCATCGTAGACGGACTTCAAAGAGGGATGTGCGTCATAGAGCGCCTTACCCATCCCCACTGACTGAGAACCCTGTCCTGGAAAAACAAGCCCGATTCCTTGAGTCATGGGGGGTTAGATATCTTAGAAATCCCCCGCAAAGTCAACGGGAAAAAGTTTCCACAAGCCGCCATTCTCCGCAATCAGCGCGAGTCTGCTCTACGAGTCGTGCCGGATCACCAACGGATACGCCCTTACCATCGGATCATCGCAGAAGCCCATGTCAATCCTGCCCCGAACGCACCAAGCATCACCAGCGAGCCATTCTTGATACGCCCTTCGCGGACCGCTTCATCCAGGGCAATTGGAATGGATGCGGCGGAGGTATTCCCATACCGATCGAGATTCAGGAGCACTTTTTCGATCGGAAGGCCGAGGCGCTCAATGACCGCCCTCAGAATTCGTACGTTGGCCTGGTGTGGTACATAGAGGTCAAGATCCTCCACGCGGAGATGATTGGCAGAAAGGGTCGTGCGAGCGATGTCTTCCAAGGTGCGCACCGCGACTTTGAAGGTCTCGTTCCCTTTCATTTTGATGTACTGCTGGCGTTCCGCGATCACTTTTTCGGAAGGGGGAGTACGAGAACCTCCTCCCGGTACCATGATCAACTCACAGAGGGCGCCGTCTGAGCGAAGGTGAGTGGACAAGATCCCCCTTTCCCCATCACTGGCGCTGACGACTACCGCACCGGCCCCATCCCCAAACAGCACACATGTGTTACGGTCGCTCCAATCGGTGATGGCGGACATGACTTCTGAACCGATCACCAGGACATGACGCATCCCGTTCCTGACGTATGCATCCGCCACCGAGAGCGCGTAGACAAATCCGCAACAGGCGGCCGACAGATCACAGGCCGCAGCTTTGGTCGCACCGAGCTGATGCTGGACGAGACAGGCCGTTGCCGGGAGCGGGTAATCACCCGTACAGGTGGCGACCAAAATCATGTCGAGGTCGGTCGCTGGCAGACCAGCCGCAGTCAGTGCCCGTTTCCCGGCCTGAACCGCCAAATCCGAACAGGCTTCCCCGGTCGCTGCAATATGCCGCTCACGGATGCCCGTCCGTTCTCGAATCCATTCATCGGACGTGGCCACCATGCGTTCAAGATCCGCATTCGTCAGCACCCGGGCAGGCGCATAGGAGCCGGTTCCCGCAACATAGGCTTTCATGTTCCCAATTCCACCGGTGGACGGGAACGGCTCTCGTCGATATTCCGTTGAATCAGCTCTCGCACACGGCCCTCAGCCATGCCTTTTGCCCGTCGAATCGCATTTTTGATGGCCTTAGCCGACGATCGTCCATGGCAGATCATCGTAATCCCATTGACCCCCAGCAGTGGGGCGCCGCCGAATTCGGCATAGTCGATTTTTCGCTTCAGATTCGTCAGAGGGCCGGAAATCAAGGGATAGGCCAATCGGCCCAGGAAGTGGCCGGAAATTTCCTTGAGCAGCAGCCTCTTGATCATCTCGGCAACGCCCTCGGAAATCTTCAACGCCACGTTGCCGATAAACCCGTCGCAGACGACGATATCGGCGATTCCACTGTACACATCCCGTCCCTCCACATTCCCCACAAAATTCATCGAACTCCCTTTGAGCAGCTTAAACGCCTCTTTGGTGACTTCGTTGCCCTTACTGTCTTCTTCAC
CP060501.1_gap49	1715997	1719869	3872	TGATGCACTCCGTCCCGTCCCGTAATGTAGATCACACCTCGACGCGCGCGATCGAGCACCATCCCAACAATCATCTGATCGGCAAGCGACTCCCCGATCCGCTTCCACGCCTTGGCCGCATCGGTTGTTTTGTACAGCCCTGCCAGCGTGGCGGCGTAAACCGTATCAGGCTCGGACGGATCGACCAGAATCGACGTGACGTTCAATGCCCTCGACGTTTTCAGCATGTCGGGCGGCACCAGTCCATTATTCACTTTCTCCCAATGACCGCCCTGGTCGATTGACTTGTACACACCGCCGCTGGTTCCCGCATACAAAATAGCGGGTCTGGTGGGATCCATGCCCAGCGTCACGACCATCAGCACTTCCTTCATGCCTTCCATTTTTTTCTTCCATTGTTCGCCCCCGTTCCTGGTTTCGAACACTCCCATCGTGGTGGCAAGAAAGATATGTTGCGCATCGGCGGGATCGAAAAGAAATTGATTCACCACAGACGTGATCGTCGCATCATCAAGTCCGGTGCGCATCGATGTCCAGCGCTGCCCGCCATCATGGCTCTTATAGACGGCATCACCCTTGGTGCCCGCATAGACCGTCGCGGGATACGCCGGATCGATCGCCATGGCGATTACGCGGGAATAACTCATTCCCTGAGACAAATTCGCCCACGTCTGCCCGCCATCGCGGGACTTATAGATGTAGTCGTTCGTGGCGACGTAGATGATATCGGGATTCTGAGGATGGAGTTGGATGACGACGATCGCGTCACTGCGACCGCAACCGACAAGAGCGGCCGTGAGAACGAAAGCCGCAACGAGGTTTCGCATGAGGGTGTGCACGTCGCCTAGCGATAGTTCGTAAACTGCAGATCGATCTCAAAATCCTTGCTCTTCAAAAAGGCGATCGCCGACTGCAGATCGTCCTTGCTCTTACTCAGCACCCGCACTTGCTCGCCCTGGATCTGCGCTTGGACTTTCAACTTCGAATCCTTGACCGCCTTGGTGATTTCCTTCGCTTTGTCTGATGCCAATCCGCTCTGAATCTTGGCCGTTTGCCGCACCGTCCCACTCAACGCCGGCTCGATCGCACCTTGAGTGAAGGCCTTCAGCGACACCCCGCGTTTCACACACTTGGCCTTGACGATCTCCTGCACCGCTTTCAGCTTGTACTCGTCGTCCGAGACCACGACCAACTCCTTTTCCTTCTCTTTCAGCGTGATCTCGGTCTTCGAGTCCTTGAAATCGAACCGCTGCTTGATTTCCTTCGTCGCCTGATCCAGCGCGTTCTTCAGCTCCTGCATATTCACTTCCGACACGACATCAAATGAAAACTGATCAGCCATGTGTCAACCCCTTATCTTTCAGTTTGTGCCCGATCCTACGGATGTTCAAAAGGCCGCCGTTTTTACCCGCCCAACCCCAGCGCGCCAAGACGCGCCGTTCCACGAGCAAGACCGCAGCAAGCGAAAAGGCGAGGCATACGTCGTTTGGTATGTTGAGCCCTTGAGCCATGCGAGAACGCAGCTGGAGCCCTTTTTCAACATCCGTCAGCAACAGCCCGTCCCATGCGGCAACTTAAACCCTTTCTCAGCATCACAATGAATTGCCGCCTGCATTCGTCCTGCCGATCCTCCACCCGCCGACACCACCACCTCGCTGCTCGTGAACGGCTTTTTCAGCACGACATAGCCGTACCACTGCCTCAGACTATCGCTCAAGACAATCACACCCAGCACCGCCACCAGCGCCACCAGCACGGCATCCAGATAGAGCGCGAAGGCCTGCCCGGCCGCCAACGTCGCCGCTTTCTTCAAGAACATCCAAAACATCTCATAGGAACCGGTCAAAGTGATCATGCCCACAAACAGCATCGGCAGCGCCGTGACCCAGAGATAGGGCGCCTTCCACATTTTGATCAGCACGGTCGTCCCGATGCAGAGGGCCAACATACCCAGCAGCTGGTTTGCCGCACCGAACATCGGCCAAATGGTTGAAATGCTGCCCGTCCCGATCAAATACGCCCACGCTCCCACGACTAAGCCGCTGCTCACCATCACACCAGGCACCCAGTTCATCCGGCGAAAGGGCGCATAGACCTTGCCTGCCATTTCCTGGATGAGATAACGAGCCACGCGTGTGCCCGTATCAATTGTTGTCAGAATGAAGAGCGCTTCGAACACCAACGCGAACTGATACCAATAGGCCATGAGACCTGACATGCCGGGCAGCGCCGAAAAAATAGACGCCATGCCGACCGCCAATGAAACCGCGCCGCCCGGACGTCCCGCCACATCGACTTCCACCAATTGTGACAGCTCGGCAATCCGCGCTGGAGCAAACCCCATGGCCGCCAGCGTATCGGCGCTTAACGTTGTGTTGATCGCCAAGTAATCGCCGGGAATCAGCACTGAAGCTGCGATCAATGCCATCACCCCCACAAAGCTTTCCAGCAGCATTGCCGCATACCCCACCACCGCTTGAGATTCCTGCTCGATCATCTTCGGCGTCGTGCCGGAGGAGACCAACGAGTGAAAGCCCGAGATGGCCCCGCACGCAATCGTGATGAAGAGAAAAGGGAAGAGGGTACCGGGAATAATCGGGCCACCGCCGGCGGCAAAACTCGTGACACGCGGCATCTCGATCGTCGGCGCCATGAGGATAACGCCAACCCCCAGCAGAAACACGACGCCGAGTTTCATAAATGTCGAGAGATAGCCGCGCGGCACCAGCAACATCCAGCCCGGCAATACCGAGGCCAGAAATCCATACCCGGCGAGCAGCCAGATCAGCGCGGGCTTGTCGAACTCGAAGAGCCAGGCGTAGGGCGACTGCGCAACGACGCGTCCGAACAGCACCGCTACGATCAAAAGTACGACACCGATGATCGACACTTCGGCCACGGCGCCGGCACGAAACTTCTGGAGATAGAAGCCCATGAGGAAGCCGATCGGAATCGTCATCGCAATCGTAAAGGTTCCCCAGGCATTATGGTACAGCGCATTCACGACCGCGAAGCCCAACCCTGCCAGTGCCACCACCACAATAAAGAGCACCGCGATCGCCGTCGCCGTGCCGGTGAGCGAGCCGAGTTCATCGTGCGCGATCTCGGGCAACGAGCGGCCGTTCCGTCGCATGGAGGCAACCAGAATGATAAAATCCTGCACTGCCCCCGCAAGCACGGCACCGATCACGAGCCACAGAAAACCGGGCATGAATCCAAATTGTGCCGCCAACACCGGACCAAGGAGCGGCCCGGCTCCGGCGATGGCCGCAAAGTGATGGCCGAAGAGCACGACCTTATTCGTGGGATGAAAATTGACGCCGTCGTTTAACCGCACCGCCGGCGTGACGTGCTGATTGTTCAGTACGACAACTTGCGTGGCCAACCACCGTCCATAGAACCGATAGGCCAGCACATACATGCAGGCAGCCGCCACGACCAGCCAGAGACCATTGACCTTTTCATGGGGATTGATGGCGCCCGTCACATGAGCAAGCGCCAAGGCGCCGAGGAGCGAGAGCAGCACCCAGAGCAGATTTACCGCCGCCTTCATGCGCGGCATCCTAACAATCCGCCAGGCGCTTGTAAATCGAACGAGGGCCAATCATTCTTTGAGTTTGCAGAACTTTTGAGGCCGATCGACAGCATGCTGGCGGCCTCACCGTTTCTTCTGGCCGATCGCCCGTTGTTCGTGGATTACAATCTATACGGCATACTGGGCAACTACCTATTCAACGGAAAGACGAGATTGCCCAATCTCAGACACCTGCGACGCTGATATCAGACGATGAATTCCATATGACTGAAGCGCCAACTTTCTCAACCTAGGTCATTTCCCGCTCCATAACCGCATCGCTGTCGTTAAGACCCAG
CP060501.1_gap50	1725024	1729827	4803	TGAGCAGTTTGGCTTGGATACGGTGAAGCAGTTCTGAAAATTCGGCTTCGCGATGACAAATATCGGGCCTTAGCAGCGCCTGCCGTACACGCTCGGAAACGTTCACCGGCCCAGGATTCAAGAGAACCATTCTTCGACCCTTCCTCTTACAGAGACTGCGTCTTGCGCGAGTCGTGCACGTGCAGCGAGTACAAGCTCGTCGCGTCTACTACCCCTCGATCGCCTTCATAAACCGGCGAGTAATGTCCGACGGATCATGCACGACACGGCCTGCATCTTCCGCAAATTCATTGACCTTGATGAGCAGCATGCTGGGCCCATCCTTCTTCAGCATGTCCTTGAATTCGTAGATCAGATCATCACGGTCGAGGACCCGCTCGACATTGACATAACCTGCCGCCTTCGCCACTTTTTCCAGCGGCACCACATTGGAGATGGTGGGCTGATTGCCGGTCGTACCGTACACTTCATTGTCAAAGACCACGTGAATGAAATTCTTCGGTTTCAACGCGCCGACGGTCGCGAGTGTGCCCATGCCCATTAAGACATTTCCGTCGCCGTCAAAGGTGACGACTTGTTTATTCGGCTTTGCGAGTGCCACCCCAAGTGCGATAGCCGGAGCATTGCCCATAGAACCGATCATGTAGAAATGAGTGGGCCGATCCGCAATCTTGTGAGCCTCCCGAGAGGGAAACCCGTTGCAGATAATGACCGGCTGATCCGTCAGCAACTCCAGCAAGGCGGCCATGGCTTGCGCGCGACTGACCAAGGTGCCTTGCTCGGGCCTCATGGGTGCAACCCCTTCACCACACCCTTCGTAATAAAAAGCGCGACCGGAATCCGCTGTGTCATAAACGTCGCCGCAACCCATCTGAAATCTTCGATCGCTGTGTGTTCCGTCAAGGTACGGTGTGGAATCTTGACCGTATCGAGCAATTGCGGCATCACTTCGCCCATCACCAGATGCTCCGGAGCGTCCTTCCCCCCTTGGCCCCGCCATGACACAATCAGCACACAGGGTTGTTGATAAATCAGATTAAGGGAAATGAGCGCGTTCAGGGAGGTGCCGAGCCCTGAGTTCTGCATTAACACAGCCGGGGTTCTCCCCGCCATATATGCGCCCGCAGCCATGCCGACCGCTTCATCCTCCCGGACCGCAGGGACATAGAGCCGGCGGGTCATCAACTCCGCGATAATTCCTCCCAGAATCGAATCCGGCACACCGGTGAAAAAATTTACTCCCATGTCCTGCAGAGCCTGTACGAACACGTCACTCTCGATCACTGAGCGCTCCCCCCAGAAGTAACCGGCACACGCCTGCGAAAGCCGGCGCATTATAAAATACGCCTCGGCGCCTTCTCAAGGACGATCGGCGGTTGTGTTCGCTCCAGCAGCATGCTAGCGTGAGTGCACCCGATGTGCTCTCCGATTCACCAGCGCACATGAACTGTCCCCTCCGCCTAGCAACCCGCACGTGGCCGTTGGGTGTGATGCTCACGGCCATGATCGGTGTCGGCACGACATGGGCTGTTCCCATGACCAACGACCCGAAAGGATTTCAGGATATTCCTTGGGGAGCGTCTTTGTCCTCCCGCCAGGACCTGGAAACAATCCGGACAAGCCCGCATATCGTCGAGTATTTTCCCAAGGCAGCGCCGGCAGCCTTTGCCGGAACCGAGGTGACCAGTATCCTCTATATTACGGTGGATGACCAATTCGCGCGTGTCACGATTCGGTATCAAGGGAACCACGTCCATAGGCAGGTGCTGAGCTTCTTGGAAACCCGTTTCGGGCAACTGGAGCGCGTTCCTGGGCAAATGGCACGTGGACTCACCCAACAATACAACTGGCGTGGCTCGGACACCGAAATCAATTTGACGTATCAAGCCGGTACGGAACGTGGCTACATCTTTATCGATAGTCGCACGCTCGCGCCGCGGTTCAACGACGACATTACCGATTCCGCAGAGTAGGTCAATGGACAGGCATCTTTCCGAGCGGGTCATGCCGATCACAGCAATGCTGTTCTGTCTATTGGGATTGGTGCCTACAGCATTGGGTGTGCCCATCGTGAACGATCCCAATGGATTCGAAGGCATCTCCTGGGGGACAATCTTGTCCGAGACGGAGCGCTTCGTGAAGGTCGAGGATTCAGGTCGCGTACAGATTTACGAACGGAGAGAGCAACCTCCCGCGCTTGGCACGACACCGGTCGATTCCATACGGTTTACCACGTTTGAGAAGAAGTTCGGTCGAGTCACGGTTCGTTACAGCGGTAAAGACACCCATGATGGAATCCTGACCTATCTTCAAGCGACGTATGGGCCGCTCGATCGAACGCCGGGACAGATCGCCGTCGGGCCGGTCAAGGTCTATGCGTGGCAAGGTCTTCTCACTGAAGTGACGTTGCGATTCGAAAGCGGGATCGATCGCGGGATCATCTTCTTTGAAAGTCGGACGCTTCCTGAAAAACTGGCCGACGGCACTTCCACCACTGCCTTTTGACGATCATCTGCTGTTCCAAGCTCGTCCCAGAATCCCCATTCATATGCGCTGGCGTCTCGACATCCGTCCCGATTATTGAATTGATTAGGAAAATATCCTGAACGCGGCTATGATGACGAGGCCTAAGATGAATAGTCGAAAATCCTACGTGCCACTGGACAGCCGTTACGCCGAACGCGTCGCTGTCACGTGTCGAGTGCGTTACGTCGGTGAGGTTCCAACACAGCCGCACCAAGGCGAAGGGCTCACCAAAAACATATCAGTTTCCGGATGCCATGTTATCAGTGACCGCCCCGTCACGCGCGGGACATTACTGACCCTTATCATTGCCCTGCCCGATGGGTTACCGCAATTCTCGATCAAATCGGCGCATGTTGTATGGGTCTCAGGTTGCCAGTTTTCCGTCCGATTTATGGACCTGAGTCACGACCACCGAAAACGGCTGCAAGCGTTCATCTGGAAGAGCATCTCCCACACCACCGTGAGTGATCAACGTACACGATTCCGACTTATGTAGTCCCTCCTCCACTGCACCCTGTCGGTTTCCCCTACTCTATAACCCGTTCAAACGGCACACCGGTTCCAAGCAACTCGTAAACTGTTTCATCGTCACGCTTGTCTTTCGAATTGATACCGACTTGTTGATTGACCGTTCATATCTCACCCCACTTCTGGATGGACGGTTACCCCTCCCCTAGGGGGAAGGCAAGGTCGGCGCTCAGCGGTAGCTTTCATCCATAACGAAGTCCCAACAGGAGGAGAGTGACTATGAGACAGATGAAACACATAAGCGGCTCTCAAGCCCATCAGTCCTATAGCTCGATCGAACGCCGCAGAATGACAAGGACCAGCGTGTCCTTCGGCCTGATGTATTCTGGAATTAAGGGAGAGGACGTCCTGATCGGTGACGGTACGGTAGTAGATCTGTCTGATGGTGGGTTGGGCATTCGTGGAGATGTCCGTGTTCAAGTTGGTATGGATCTGACATTGTTCTTGTATCTCGCTGACAGTGAAGATCTCTTGTTCGTCGTGGAAGCGACGGTAGCCTGGACAAAGGGACACCTGTTTGGTGTCATCCTGAACGAACTCAGCCTTCGCGACGGCAGCCGCCTGCAGTCGTTCCTCCGCTCCCAAGGCGTTGGTCAGGCCTAGTTGGTTCGCTGCCGGCGATCGTGACTGGGAAATGGAAGCTATGTTTTGACAATGAGATCCCTATAACCTAGGACGAGACAACCACCTGACTATATGTAGTCGCCGAGCCTTCTATCTCTTCCATGCCGATACGTCATCTGACCTTGTTTTTGATATGACCACATGCTAGCTTCTGGTGAGTAACCACTTACTCACCATGAGCAAAACAAAAAAACCATCTTCGCAACTACATTCACCTTCGCGAACATCAGGTCATGAGCGACAAGCCAGCCTGATCAGTGCCGCGGCCGCCCTCTTTGCAGCCAATGGGTTTACCGGAACAACCACGAAGGAAATCGCCAAGGCAGCCGGTGTCAGCGAGGCCCTGCTTTTCAAACACTTCCCGACGAAGCACGCGCTGTACACCGCGATTCTAGCGGAAAAAGCCCAATATTCCGGGCTACGAGAGGCAGTCGAAGAAGCCGCCAAAAGGCAAGATGATGCACGGCTCTTCACGTTGCTGGCCAGCTATCGAATCAGAAAGGGTGCGGATCCGACATTGCTTCGCCTGCTCCTGTTCAGTGCCTTGGAAGGACATGAACTGTCCGATATGTTTTTTCAGAAGCAGTATCGCGTCTTTCACGATCTCCTCGCCGGCTATATTCGCCGACGCGTTGACGACGGCGCGTTCCGTCCGGTCGATCCACTGCTTACGGCCAGAGCGTTTTTCGGGATCATCGTCCACCATCGACTGCTGCACGATATCTTTGGTTTGCCGATGCACCTGACCCACGAAGAAACGGTGGCGGAATATGTGTCGCTGTTCCTTGGCGGGCTTGTTCGACAATCGCCGAACGCGTAAGCGACCAGCACTGATATGAGCCAACTATCCCGATATCCATTTGTGATCCTTGGGGTCATCATCTTTTTCGCCGTCACGGCTCTTGTCGTCTTCCGTCTGAGCACAGGCGCTAAAACCGACACCAACAAGACACGGCTTATCACGGTAGGAGTGATATCCCCGCTGAGGCAGGATCTCGATATTCGCCTGGCCTATACGGCGGACATCTCGCCCTATCAAGTCGTCAATGTCTTTTCGCGGGTCGATGGCTACATCGCGAAACTGCATGTCGATAAGGGTGATTTTGTGAGGGCCAATCAGTTGCT
CP060501.1_gap51	1740838	1743992	3154	CGCGTTCGTCTGTCATCCGCCGTACCGACACGCAAAGGGGATGAACAGACCAACACTGTTGTAGAAACGCACCGCTTCGGATGACCTGCGCCATAGTCGTTTCCAGGAACAGTCACGCGGCTCGAGAGGCGTTCTCAAGGTTCAACTGATTCGATCTGAGATCGAAAGAGCAGGAACATCACTCGCAAATGATAAGGCTGCAAACCAGAATCTGTACGATGAGCGCACCGTGGAAGATGGCCAACCGGAATTCATGACATGGCGGCCACAGGAGACACTCCCTTCTTCGGAGAAGGGGAGACCGTTCCTTCCTGAATCGAACGGCAGGTTTTGCACACGCGAGGCCGGGCCTTCAGAAAAGACACTTTCCCGTGGGCGAGACAACTATAATGAACGAACTCGTCACAGATCGTGCAACGGGACCAGCCTCCCCGCAAAAGGGTCTTATCCCGATAGAGGTCTTCTTGGCAAACTCTGCACAGGCGCGGTTGTGCGGGAAGAAGCATCGGCTCCCATTCGCCACCGCCTTTTCGAATACTCATAGCAATTCAGTATAACGGGGTGACCAACGGAAAAACAAGCGAAGGGGAACAGATGCGTGGACTGAATGGGTTTACTAAATTGACGTCTGATGGCGAGATAGAACCTAAATCCTAACGACGGAGGTCCTTGCGGATCTCATGCAACTCCTTCTCCCCTTGCTGTTCGGCGGCTTTAGCCCACCAACTTCCCAATTCTCGTCATGCAGTAAGCCACTTCTTCACAGACGTGATGGGTTCACCGAATACGCCCACTAGAAATCTCCTCAGCTTGTTCAATATTGCTCAGCTTCCAAGACTCTGGAACGCCTATCGTAGGAGGTACTGCAATATTCATCTGAACGAGGAGGTTGCCATGGTATCTATTCCAAAAGTTGTTGGTGTCCTGTCATGTAGTTTCTTACTGTGCCTGAGCTTGTCCACTGTCGCATCGTCTGCAGACAAGCTCAACATAGGCGAATCGGAGGGAAAGCTATTGACGGTGGATGATAAAGACAGGTTTGTGCCGGGTAAGGAGGTCAAGGGCGAAATAGTGAAGATCGATGGTGAGAACTATGTCGTCAGAGAGGCCTCTGGGGCTGAGGTACGCATGCATGTTAATTCCAGCACCGAAAAGAGATCAAGCATCATTCCTAAAGTGGGAGAACATGTTCTTGCGAAAGTAGATGCTAAGGGTCACGCAGTTTCGTTTCTTACAGACGCACCTATCTCCCGCTGACGCTTTTCCGTAGTCGGCAAGCACGCCTCAATCGGAGAATAGCTGGTCATTTCTCGTCGAGTTGGCAGGGTGGTTCTGCTTCGGACCATCTGCCGACTCCAACGAGGCGCTGTTCTGATTCACACGACTCAGCATGACAGAGCCTTAGGATCATTGTGTGATGGTCCGAAAGACGGTAGAAGCACATCTGTTCTGGGGAAAATGTAACCTGTCCCGCTAGCTGTGGGCCTGCTGGCGTCTAGGAAACGTCTCGTATGACCTGGCATGGATTACCGGCGGCGAACACGCCCTCGGGAATGTCTCGCGTCGCGACGCTGCCGGCTCCGATCACCGAGCGCGCGCCGATATGGACGCCGGCCAGGATGATTGCACCACCACCGACCCAGACATCTGCCCCAATGTGCACCGGTTTTCCAAACTCCCGTTCTCTACGCAGACCGGCCTCGAAAGGATGCAGTGGCGTGAGGATCTGCACTCCCGGGCCGAACAGCGTGTGGTCTCCTATTCGGACTTCGCAGACATCAAGCACGATGCAATTGAAATTGAAGAACACGCGCGAGCCGAGATGAATGTTCGATCCATAGTCGCAATAAAACGGCGGCTGCATCCAAACGGTGTCACCGCCTGTGCCGAAGAGATCCTGCAAAATTCGGCGGCGCTGAGCTTGTTCGCATTCTCGTGTGTCATTCAACTCACGGCATAAATCACGCGCCCGTTCACGCGCAGCCACTAACTCGGCATCGAGCGGGTTGTAGAGATCGCCGGCCAGCATCTTCTGGCGCTCAATGCTCATTTCTCCATCCTGTTTCATTTAAGGCTGATCTGTGTCGTTCTTTTCGCTTTTCGACCGGAGCACGATGAAATGCAGCACATTTTCCGCCGACCCTGTGGTTCCGTCAAGGCTCACTCATGATGAATAGCCAATAGCCCCCCGTTTGACTCATCCCCAAATCGTTTGTTACTCTCCGCGCGGGTTGGAGCCGGTCCCTCAACACAGGCGAGCGTTCATGAATATTGCGGAGTATCTCGAACAGAAACGAATCGAGGTCGATCGCTTCTTGGATCAAGTGGCCCCACCGGCCGCCGTGCCGCCTACGACACTGCATGACAGCCTTCGGTACAGTCTCATGGCGGGTGGGAAACGGGTTCGGCCGATCTTAACAATCGCGGCGGCGGAAGCCCTGGGCCAAACCCCGCCCGGCCTCATGGCGGTTGCCTGCTCGCTGGAACTCATCCACACCTATTCGCTGATCCACGACGATCTGCCATCGATGGACAATGACGATTATCGGCGTGGCAAACCGACGAACCATAAAGTGTATGGCGAAGCAATGGCCATCCTCGCCGGCGACGCGCTGTTGACGATGGCCTTCGATCTGATCAGCAGGCCGGATCTTATGAAAGGCTGCGATCCGGTACGGCAGGTTCGAATCATTCAAGAATTGGCCTTTGGATCCGGCAATCTGGGCATGGTGGGCGGCCAGGTCTTCGATATCCAAGCGGAAAATCAGGACATCGACCTCCCTACCCTTCAGAACATTCACAAGCACAAGACCGGCATGCTCATTCGCGCCGCGGTCCGTATGGGCGCCATTGCCGCCGGAGCGAACGACCGGCAACTTGACGACATGACCGGCTATGCCGAAGACATTGGGCTGGCCTTTCAGATCGCCGACGACGTGTTGAATGTGACGGGCACGCGCGAGGAACTTGGCAAGAATCCCAACACCGACGCCGAGCGCGGGAAGAAGACCTATCCGACGTTTTACGGAGTGGATGGGGCCAAGAAACTGGCTGACGACTGCGTAAGCCACGCCATCAACCGGCTCTCATCATTTGGTCCTTCCGCCGACCCGTTGCGAGAGATCGCTCGCTATATCACAAACCGCAAGAACTG
CP060501.1_gap52	1745460	1750455	4995	TTTCTGCTCTTCGCGTCCTATTGTGTGGCGCTTGGGCTCCTGCTGCCTCGTGATTCCGCGCCGAGAATCAAATCTGTTGTGCTGAAACCCCTGCGTTTCGAGGTGGATGCCCGCACGAGCTGGACCGTTTATGCGCTGACTGCGTTTTTATTCGCCTTTATCGACATGGTGATTGATCCCGTCGCCCTGCGTGGCGACCGTTGGTTCTTGGGCAAGATCTACTATTATCCTGACCCAGGATGGCATTTTGGTGTCCCATTCGCGAACTATGTCGGCTGGGCTGTGGTCGGGCTGATTTCGCTGGCGATATATTTCCCCCTGGACCGGCGGCTCCCTTCCCTCTCATTACCTCAGTCGATGACGCAGCGGCTATTGCTCGGGATCGGACTGTACTATGGAGTCTTAGCCTTTAATCTCGGCATGACGTTCCGGATCGGCGAATCTTTTATTGGAATGAGCGGTCTGTTGATGCATCTACCTGTCTTGATCATTCTGATCATTCGTCTCGCGCGTACCGATTAACGCCTTCCGCTCGATGAATCGGTGGTATTCGCTTTGTGGAGTTTGTATAGTGATCAAAAGGATCTTTTCCTATGCTCAAGATCCTCTTGTCCCTACTGATTTTAGTTGGTCTCGTGGTGCTCAGCGGAGCGCTATGGCTGGCGTATGATATCTACACGAGCGGTTTCAGCGCCATGGCTGAACCGCATCCGATAGAGGTCGCCGTGGTTCGGCAATTCCGCCGTTTTACCATTCCAAATGCGATCCGCGACAGGCCGAATCCCGTTCCTATAAGTCCGGTGGTATTGAGTGAAGGGCTCGATCATTTTGCCGACCATTGCGCCGGCTGCCATGCCAATGACGGCAGCGGGGAGACTCAGATCGGTAAGAACGTACATCCAAGGGTACCGGACTTGCGTCGCCAAGAGATTCAATCGATGTCCGACGGAGAACTGTTCTTCACAATCCACAACGGCATCCGCTTCACTGCCATGCCGGCCTGGGGAGAAGGCGACATCGATCAAGACAGAGGGAGTTGGAAGCTCGTGCATTTCATACGGCATCTGCCGCAGCTGAGCCACAAGGAACTGGATCGCATGCAATCATTGAACCCCAAAGCGCCCCACCAAGGCGAAAGCGGCGAACACCATCACTAGACGTCGATTATGTTAAAGAATTATGATGACCTGGTAAGAGGCTGCATGATCCTGATGGCAACGTGCGTGTTGCCTGCCGTCGTCATGGCTGCCGGGATAGATATTCATGTATTAGGCATCGTCACGGCTATCGATGCGAAACACATCGAAGTCAAGACGGCCAAGGGGCCGATCGTTTCAGTCCTGCTCAATAAGCAAGTGAGGTTCAAAAACAAAAGTAACCCGAAATCGACCGACTCACCCACAGTAGGCGACCGTGTGATCATTGAGGCGTCAAAAGACGACAAGACCAAGAAGGTCACCGCAACAGTTGTTCATTATTCACCAGGAAGGACCGCGTCGCCAGCAAGGTAGCCGATGCCTACCCTCCGTTTTGCAAGAGCTGTCCACGAATCACCGTTCCACGGCGGCGTGCGTACTGCCCTCATGCGTGTGCTGATCACCGGCATCGCGGTATTTCTTGCTATTTCGACGATCCCTGGGTTGGAAGCCGAAAGCCTCACCGCCGGCATCGCGGCAGTGTTGGTCCTCACGTTCCTGAACGTGATCCTTCGTCCGATCCTCTTTCTGCTTACCCTGCCCTTGATCGTCTTTACCCTCGGGCTGTTTCTCGTAGTGCTGAACGCGCTCCTGCTCCAACTGACCTCGTACTTCGTGAAAGGCTTCACCGTCTCGGGATTCTGGCCTGCGGTCGGTGGTGCACTGGTGATCAGCCTGGTCACCACCATCCTCAACAGCTGGACGGTCGATCGCCATCATCCATTTGAACCCCAAGAAATTGAACCGGAACCTCATCGCCCTCCCAAGATCATCAATCCGGATTGAGCCGCTAAACGATTTTCCAGGCGCGATCGGACGATTTCTTTTCAGTTATCAATGGAACAGCACCCCTCATTTGTGTTCCAATTATCGGCGTATCGTATGGGCGGGGTGACAAGGAGACGAGGCTGTGGTCCGCCAATTCAGTTATTTTCTCCTCGCCGCGGCGCTGGGCGGTATCTTTGTCCCGATCGTGCGGGCTGATGAACGTCCTGCACCAAAGAGTTTGTGGCAAACCGTCCTGACTCCTCCCGTCAACGATCAACCACCGCCGCGGAGGCCCTGGGTTCTCCGCGATCGGGAAATTGCACTCGACCTCCCACTCCTTCAAGTCGTGAGGGATGCAGGAGCCAGACCTCATCCCAGGATCACCGTTGAACTCTTTGACAAAGCCAATCCCGAATTGGACATCACCTCCACGGTATCCCGGATCAACGACACCGCTGTCATCCGGGGTACCCTCAAGCCCCCCTCACAAGGAGACTTCACATTTGTGGTCTCGGGCAACCTTCTTATAGGAACTGTCATGATGGGAGACCGGCTCTATAAAACAGAGCACATCGTCAATGGTCGCTTGCGGCTGCTCGAAATCGATCCCGACAAAATGCCACCGGAGTGAGCTCAGGGCATCAGCAACAATGGAATCGTAGGGGCAATGACGTTGTCTCAGGCTTAGAAGTCACGGCGAGGGAATGACTCTGTCCACTGAATTCTGCCTGTTGTACCGGTTGCGAGACAGAGTAGCTATTCATGAACGTTCCGGCTACAATGCGTTCGCTCACATTTGAACGTATGACCACGTCGCCTCCTCAAGCAAAGCCGACACCGGAGACTCATCTTCAACGGACGTTGAATTCCGCGCTGAACGACATCGGAACCGATTCGGCGTTGGCGGCAATCTTCCACCAAGAAAATGGGCCGCTTGTCGAGCATGCTTCGCGCGGGTTCACGCCCAGAGATGTCCAGGCGATCCTCCGTACGCTCTCGACTCAACGGACCGCCGCCTTGACACCGACCACTCAGGATTCGGACGGGGGACGCACGGTTCGCCTGCGGCTGATCACCCCCGGTGCAAAGTCTCTGCTCGTCGTCCCGCTCCGTCATCTCAACCGCGCTTATGGATGTTTGGTCATCGGACGGAAAGAAGGCGCCGCTTTCTCGAAGAAGGATCGATTGCAGCTGGACCAGATGTGCGAGAGCATGACCAAAGCGCTGGACCGCGAAGGTCTCTTCAACACCAACGTGGTATTGAGCCGTCCCTACGTCGCCCAAGAACCGCCACCCCCGCAGCAAACCGGCGCGGAACTGTTTCCGCCGATGATCAAGCACTTTTCCCCGGAACTTCAAGAAAAGATCGAAACGGTCCTGGCTGAAGCTCATCAATATGTGGCCTATGACCGTGCCTGGGCTTGCTACTACGATCCATTGGCGGGAAACGTCGAGGTATTGGGCATCGTCGGAGACGGGAAGGGGGATCAGAAAGACGCCAAGAAAGAGTTGAAACCGGGCCAGCGCCTCACCTTGGATAGTTCGGCGGCAGGATGGGCCGTCCGCCATCGGAAACCGCGGGTGGATCACGACCTGGCCTCCACTCAGGGCCGCTTTCTCGATCACAAACATCTCTTCAAGGACCGGTTTCAGTCGTCGCTCGTCATTCCCTTTTTCGTCAAGGGTCAGGTCGGCGGAACCTTTACGCTGGGAGCGAAGGACCCGCAACGGTATCAAACCACCGATGCTCGTACGCTGGAGCCCATCATTCTCAAACTTGCAGAACTATTACAGACACCGGCACCGCAGGCTGCCGGTCCTCCCCCGACGGACGAAGTCGGAACGCCGGGGCTCCAACCCGTCTCGGCTGTTCCATCCGAACCCATCATTCGAAAGCAGGAACGCCAGGCAGCGATCGGCGAGTTCAGCGCATTCTTGGCGACGGAGATCCGAGAACCGCTGGCCTCCATCCGCTCGCAACTCGAAGAAGTCACCGGTGAGGGGATTCTCGACTTCGACCCACAGACACGCGTCGAGAATGCGATGCGCGACTTGATTCGGATTGAAGCGATCCTGAACGAGATCCTCGACTTCGCAAAACCCCTTGAGCTGAATCGCCATCTGTGCCGCATTCCAGAGGTGCTTGAGAGCGCCTTGGTGGTGGTAGGAACCGATCTGGAAGCAACCCGTATTCAAGTCACCAAGGATTACGCCAATATCATCGCGCCGGTGCGCGGTGACGAGGCCAAGCTCCAACAGACGTTCCTCAGCATCTTTCGGAATGCGTGCGAGGCCATGTCTCCGGGCGGCCATCTCCATATCCAGGTGACGCAACATCGCGCCGGAAGAGGGCTGGAAGTGCAGATTCTCATTAAGAATGACGGAGTGCCCATTCCGGCTGAAATCGTCGATAAGGTATTCGAACCGTTTTTCACCACCAAGAGCTCAGGCATTGGACTGGGTCTTCCCAGCGTCAAGAAAATCATCGAAGAGCACGGCGGAGCGATCGCGATCGGCAGCGCCGTCGGTGAAGGCACGACGGTCACTATTCGTCTTCCCGGGGTCAGCCGGGGACCGGCGTTTCGGCACCGTGGGCGTGGCCGGCGTCACCCTCGACGACCGAATTGACCTATCCGTCCTCGTCTCGTCCTCCCCATTGCGACACAAATACTCAACAGGCTAAGGTAATCATGTTGTGGCGTTTGACAGAACGGCTATCCATCGCTATGATTCAGCCCGCATGACTGATCTTCCAATTGAACGTGCAAGATTTATGATCCACAATCATCGTCATAGCTCAAAGGGAGAACGGGTATGAAACTTCTTACCGGTGCGGTTGCGACAATCTCCTCAATCCTACTGGCGTGCTCGATGGCGTCCGCCAACCCGGCGCTGCTACCCAAACATGAAGGCTATCCCATGAAGAACTCAGGGAGTCCCGTGACCGGCCAGCCGACGGCCAATGATCCCGGTCAAAAGGACGGCCACGGAACGTCTTCCTTGCTGAAGGCGGCGGAGTTCGACGACAAAC
CP060501.1_gap53	1766584	1767588	1004	CGGCAGAGCCCTTGGAGTGCACATCGGTCACAATCGCGCCCTTGACATCCGGAAGGCGAAACAGTTTCCCAAGCGACGGGCTGACGTCTTGCGTCGAAGCTCCCAGAAATCCACGCACCACACGGCCCGTCTTGATGAGGCTCTGCATGGCGGCACGAGCCATGTTACTGGGTATCGCGAACCCGACCCCCACGCTTCCACCGGTCGGACTCGCGATCGCCGTATTGATGCCGATCAGTTCGCCGTGGATGTTGACCAAGGCTCCGCCGGAATTCCCAGGGTTGATCGGCGCATCTGTTTGGATGAAATCTTCGAAGTCCGCCACTCCCACATCCGCGCGGCCGACCGCGCTCACGATGCCGAAGGTGACGGTACGGCTCAACCCCAGCGGGTTCCCGATGGCGAGCACGAAGTCGCCGACAGCGAGATGACTCGAGTCTCCCCACACCGCCGATGGAAGATTCGAGGCTTGAATCTTGACGACCGCGACGTCGGTCTTTGGATCGGTCGCGACGACTTTTCCTTTATATTGACGCCGATCCGCCAGAATTACTTCCACATCGACGGCATCGGCCACCACATGGTTGTTCGTCACGATGTACCCATCCGGCGAGACGATCACCCCGGAGCCTTGCCCATACTGACGGCGTGTCGGAGGCTCTTTGAACAGCCCGAACGGCAACGCTTCGTCACTGAAGGCTTGGTCGCGCACCATGACGGTCGACGCGATGCTCACCACCGCCGGAATAACCTTACTGGCCGTGCCTTTGACTTGGCTCTGTAAGTCATGTCCGTTCGCCGCAGGAATCTGTTGGGTGGCGGCAAGGCCCAAACCCGGAACCACCAGACTGACCAGAAATCCCCAGACGGCAAGCGGCATCACAAACCCACTGTTTCTCACCAAAGTGCCTCTCTTGTTCGGGCGTGTGTTCTGAGCTTTTGGAGATGCCCTGCGCCAGCCTATCATGCAGACCATGCCCGCGCATTCATATTCGATATGACAT
CP060501.1_gap54	1790966	1792276	1310	AAGCCTTTGACGAAGAAAAAGTCCCGGAGACGATCGAAGTCCAAAAAACCATGGAAAGCATGGTCAAGCTTGACGGAGCGCAAGTGCTGTTTCCCACTTCGTTCGGATATTTTGATCCTCATATTCTCAAGGTCGCACCCCAATTTCCTAATATTCAGTTCTTACACTGCGGAGGACTGTATCAGGAAGGCAAACACCCCAAGAACGTGGGCAGCTATTTCGGCTATATCGACGAATCGCAATATGTGGCCGGGATTGTCGCCGGAGGGATGAGCAAGAGCGGGAAACTGGGATTCGTGGCGGCCAAGCCGATTCCGCAAGTCTTGCGCAATATCAACAACTATACACTCGGTGCCCGCAGCGTCAGACCGAACTGTACAACCAACGTGATTTTTACCGGCGACTGGTCGCTGCCGGTCCGTGAAGCGGAAGCGACGAACAGCTTGGTCGACCAAGGCATCGATGTCATTACCTGCCACGTCGACAGCCCCAAGGTCGTCGTCACGACTGCTGAAAAACGGGGCATCTATTGCACCGGGTATCACTGTAACCAATCGAAGCTGGCCCCGAAAGGGTATCTCACGGGAGCGGAATGGAACTGGGCCAAGGTCTACATGGATTATGCCGAAATGATTCGAAAAGGGCAGGCCGTTCCTCATCTCGTGCGTGGCGGACTGAAGGAAGGCATCGTCAAGGTATCGGACTATAACCAGGTGGTGACGGAAGCCGTTCGCAAGCAAGCCGACGCAGCCAAAGACAAATTCATGAGCGGTGGGATGGTCGTGTACAAGGGCCCGATCAAAGACAATACCGGCCGTGTCGTCATTGCCGGAGGAACGGAACATGTCCAGACCGATATCTGGCTGGAAAGCATGGATTGGCTGGTGGAAGGAGTCATCGGTTCAACGAAGTCGTGAGCAGAGCCGTGCCGCAAACGCTGAACAAAGCGCTGGAACCATTCTTCATCATCGTCGGATCCTTGATGGTCTCGATGGTGTTGTTCGGCATCTTTGTGGCTTCGGCCGGAGCAGATCCGATCGAGGTGTATCAGACCATGTATCGCGCCGCCTTCGGCACCTCGTTTTCCTGGCAGAATACGCTGATCCGAGCCGCGCCGTTAATGCTGACGGCGCTCTGCACCGCGCTGCCTGGGTATCTCGGCTTGATTATTATCGGGGGAGAGGGGGCAGTGGTCATGGGCGGCCTCTTCGCAGCGATTGCGGCGCTCGCCATACCGACGGCTCCTCCCATGGTCGTTCTGACCACGATGGCGGTCGTGGGCATGGTGGGAGGCGGGCTGTGGCTTACCA
CP060501.1_gap55	1798460	1800341	1881	TCCACCAAGGCCACGTTCCACTTGTGTACGTCCTCCGGCAAAACAGGTTTGACTTGTGCGAGGAGGGCGAACGCCAAGCCAAGGACGACTCCATGCAGTGTCAGCGAAGCGCCCCAGGCGGGGAGAAAGAATCGATTTTTATCTGTTGATGCCACGTTTCACTATGACTCTTTGCTTGCCGATAAGCAATCCTCCCAATCACCGCTTAGAAAAAGTGCGGGGCGGAGGTCAAGGGAGGCAACCCTCGCCCCGCGCTGGTCCGAGCGGGAGGCAGCTCGCTCGGACAGAACCCAGTCTACGGATCACTCGCCAGCTCGTTTCCAGCCGATCGGCAGTCCATCGGAGGCTCTTCCGTTCCGATGGACTGCCCTCTCCCAGCATGAACTAATTGGTCGCCTGGTTACCTGCTTGTGCAAATCCAGACTCGAAAACGATCACTCCTGTGGGGTTTGGCCCGACAGTCACGTCCTGCTTCTTCAGATTGTCGGTAGCATTGATAATCGAGACCGAATTGTCTACGCCGTTAGATACAACCAGATACTTCGCTTCGCCTGTTCCCCGGGCCAACACATCGAAGCTGTGCGCACCGGTCGACACCAATGGGATTTCCCTCAGCAGCGTCAGTGTCGGAGGTGCCAGCGTCGTCCAGTCATACGCAAACAACCGGTCTTTCTTCGTCGCTGTGGCCCCATTCCCCGCCAGAATGTAGAACCGCTTCGAGTCCGGAGAGAACTTGAATGCTCCCGCTGATGTTCCATCGAGATCCGGTGTGGTCAAATCCGCGATGGCCGGCACCGCAGCGCTCAGATCGATCACCCCCAGTTTGGTCGCTTGTGGGGCGGTCGTTTCCCCGCGCAGCAGGAGATATTTGCCGTCGGCAGAAATCCCGTACGAGGTGTATGGGGTTCCTGCCAAGTCAAAAGTCTTGGTAATTGCAAATGTCGTCGGATCGATCTCCGCGATTTGTCCGTATCCTTCTTGAATGCTGTACACCTTTTTTGTGAACTTGGACCACCGAATCCCGTGTGGACCGGCGGCATTCGGTGTAAATGCGGTCGTGGGTGACGTTGCAGACTCATCATTGCAAGGTGTCGTTTCCTTGGACGAATTGCACAGATCAATTCGTGCAATAATGGTGAGATAATTGGCAGAGGCCTCGTCATCGTCGATGACTGCTATTTCACCGCCGACTTCGCTCGAGACAAATGCACGCTTCGGCACTCCATCTCCGGAGAAAGCCGTAACTTTATGACCATCAGCCAAGAGACAAATGGTTTTTACTACTTTGGGAATGGTCCCCCCCGGCCCGAGATGGGAGTTGTGAATCACGGTCACTGATCCCCCACCCTGAACCGCACAGTTGATCAAATCATCACCCGGAGTCGTGGTCGCCGGGGCATTGTCGCCATCATTCATAATCCAAACAATCTCTCCATCGTTTCTATCACGATAAAGATGGACTGGTCTGGTCCCGGCAGGAAGGTTAACTTCATGAACCGGAGTTGCGCCAGTCAACGGATCGATTGTCGCAACCTTATTCGCTGCCGCAAGAGTCATAAATAGCCAGTCTTCGTTCGAAAACTGCATATCCCCCAAGGCGACATTTTCGAATTTCGCTGCATCGATCGTATTGATCACGGCATTGCCTGAATCACCTCTGATGGCCACACTGGTCAACGTCTTGTCACCGGTGTTGTTGATAAATGCGATCGGTCCGCTAAGGCCGGCGCTGCCGCCGGACGCCGGTAGCCCTGTGGTGGGAGTGGACTCTCCCGAATTGCAGGCTGCCAGGCTCATCAGTGCAAGTCCAAGCACACCCGTTTTGGTATAGGATAACAAAAGTCGTTTCTTCGTGTTGGCTTCCATGGATCGTTCCTTCCT
CP060501.1_gap56	1804701	1807322	2621	CGGCTTGGAAGCGGGCCTCACTCCACTCTCCGACCATGCCCTTGCCGACAAGACTCAGGACTTCAAGAAGCGGCTTGAGGCAGGCCAGACACTCGACGATATCTTGCCGGAAGCGTTTGCCGTGTGCCGGGAAATGTCGCGCCGCAAGCTCAACATGCGGCATTTCGATGTCCAGCTGATCGGCGGCATGATTCTGCACCGAGGCCGTATCGCCGAGATGAAAACGGGCGAAGGAAAAACCCTAGTCGCGACGCTGCCGATCTATTTGAATGCTCTGGAAGGCAAGGGCGTCCATCTCGTCACCGTCAACGATTACCTCGCCAAGCGTGACGCCCAATGGATGGCACAGCTCTACCACGCGCTGGGTCTGTCCACCGGAATCATTCAGCACGATGCATCGTTCATGTACGACCCGACCTATGACGCGTCCGACAAACGACTACAGCACCTTCGCCCGTGTACCAGGCCCGAAGCCTATCGTGCCGACATCACCTACGGCACCAACAACGAGTATGGATTCGACTATCTTCGCGACAATCTCGTCGTCACCGATTTGAATCAGTGTGTTCAACGCGAGTTGAACTTCGCCATCGTCGACGAGGTCGACAGCATTTTGATCGACGAAGCCCGGACACCGCTGATCATCTCGGGTCCGACCGATCAGACCACCGATCTCTACTATCGAATTAATGCGATCATTCCTCAACTCAAAGCCGAAGACTACACCATTGAAGAAAAGACCAAGACCGCCGCGCTGACCGAAGATGGCAACGCGCGCGTCGAAAAATTGCTCGGCGTAGACAACCTGTACGACCCGGCCAACATGGACATGGTCCATCACGTGGTGAAGGCGCTCCAAGCGTATACGCTGTATAAGCGCGACGTGGACTATGTGGTGAAGGACGGCGAAGTCATCATCGTCGATGAATTTACCGGCCGGCTCATGCCGGGCCGTCGATGGAGCGACGGGCTGCATCAAGCCGTCGAGGCCAAAGAGGGTGTGAAGATCGCCAATGAGAATCAGACGCTTGCGTCCGTGACCTTTCAAAACTATTTCCGCATGTACAAGAAACTCAGCGGCATGACGGGGACTGCCGATACGGAAGCCGCGGAGTTCGCCAAGATCTATAACCTCGATGTCAACGTCGTGCCGACCAACCGTCAAATGATTCGACAGGATTATGCCGACGTCGTGTATCGGACGGAGAAGGAGAAGTTTGCGGCGATCGTCGAAGAGATCAAGGAATGCCATGAGCGTGGGCAGCCGGTCCTCGTCGGAACCATTTCGATCGAAAAGTCCGAGAAACTCTCCGGGCTCTTGAACCGGAATGGCGTCAAGCACAACGTCCTCAACGCCAAGCAGCATGAACGGGAAGCCGAAATTGTGGCTCAAGCCGGACACAAAGGCGCGGTGACGATCGCCACGAACATGGCGGGACGCGGGACGGACATTCTGCTGGGTGGCAATCCGGAATTCATGTACAAGCAGGTGCTCTATCGGGAAGAGAATATGCCGGAGAGCCGGAAACTCGAAATCTATGAAAGCATCCGATCCGACTGCGACAAGGACAAGCAGGAGGTCATCGCGCTTGGCGGACTTCATATCCTCGGTACGGAACGGCATGAAAGCCGCCGGATCGACAATCAGCTTCGCGGACGGGCCGGCCGCCAGGGCGATCCCGGCACATCGAGATTTTACTTGTCGCTTGAAGACGACCTGATGCGGATCTTCGCCTCCGAACGAGTTTCACAGTTGATGCTCAAACTCGGCATGGAGGAAGGCGTCCCCATCGAGCATGGCATGGTCACCCGCGCGATCGCGAACGCCCAGAAGAAGGTCGAAGCGCATAACTTTGAAATCCGCAAACAGCTGCTCGAATACGACGATGTCATGAACAAGCAGCGCGAAGTGATCTATCGTCACCGTCGGGCCGTCCTGAGTGGAGAAAGCCTTACCAACGATCTCCATGACATGATGGATAGTTCAGTGGAATCGTCTCTCAACGTGTACTGCCCCGCAGAACAATACCCCGAGGAATGGGACGTCAAAGGTCTGACTGAAGTCATGCAGGCTCAGTTCGGTCTCGATATCACTCAAGGGAAGAACGACGGCGGAGATTCACTCCGCGACGTCGGACGCGACGCAGTGCTGGAGGATCTTCGGGTCCACGTTCGCGATGCCTATACCAGAAAAGAGCAGGAACTGGGGCCGGACCTGATGCGTTTTCTCGAGAAGACGTTCATGCTCCAAGTCATCGACCATCATTGGAAGGATCACCTGCTGGCGATGGACCACCTGCGGGACGGCATCGGTCTTCGCGGATACGGGCAGAAAGATCCGTTGATTGAGTATAAGCGCGAGGGATTTGACCTCTTTGCGGGCATGATGGAACGAGTCAAAGCCGACACACTCGATCGGCTGTTCCATGTGCAGGCCGTCCGCCACGAAGGCGAACAGCCGGAGCCTCCGCCTCAGCCTGTCATTTCACGTCCGCAGCCCAAGCTCACTTTGAACCGTGGCGACGAACCGGCGACTGCGCCGGCCCCCGCTCACCGTGCCGACAACAAGGTCGGCCGTAATGATCCCTGCCCTTGCGGCAGCGGCAAGAAATACAAGAAGT
CP060501.1_gap57	1822966	1826488	3522	CTGGTCTGGCTGAGTTTGGGAACGCTCGCCATTTGCATGGGGTTGACGGCTTCCCAAATGAGCGTTTCGGCAACGATCTTCAGCGGACTCGTCGTGATCGACGCCTACGGAGCATTTTGGAAACTGCTCCTCTACTTCGTCACCGGCCTGACGATTCTTCTTTCTTATTCGTACCTAAAGGAAGAACGGCTGTACTTCGGCGAATACTATGGCTTTATCCTGCTCGCCCTTACCGGGATGATGGTCATGGTGTCAGCAGCCGACTTATTGACGATGTACCTCGGCACCGAGCTCATGTCGCTCTCGTTGTACGTGATGGCGGGGCTCAAGCGATCCGAGCCTCGGTCCCTCGAGGCTGCGGCGAAATACTTCGTGTTGGGTGCGTTTTCCTCCGGCATTCTCCTCTACGGCATTTCGCTCCTCTACGGGGCGACCGGCAGCACGAGACTTCCAGAGATCGCTGCGGCCATCGCAGGCCGCGGCTTCGATGATCCGTTGCTGCTGTTCTCCACGATCTTGTTGGCGGTGGGATTCAGCTTTAAGTTGGCCGTCGTACCATTCCACATGTGGACACCCGACGTCTATCAGGGCGCTCCAACTTCCGTGACCGCTTTTATGGCGGTGGCTTCGAAGGCTGCAAGCTTCGGCGCGTTCCTCCGCGTGTTCGTGGAAGGCTTAGGGGGGCTCAAAGCCGACTGGTCCGCGATCTTCCTCTTGCTCTGTGTCGCCACGTTGGTGTTGGGCAACATCGTGGCGCTGGTACAAACGAACATCAAGCGGATGTTAGCCTATTCCAGCATTGCCCATGCAGGCTATGCGTTGATCGGCGTGGTGGCCGCGGGACGCGCAGGGAGCTCTTCCGGCATCGCGAGCGTCCTGTTATACCTTGCTCTGTACACGTTCATGACGTTCGGCGCATTCGCCATCGTGGCGATGCTCCGTAAAGGCGGCGTCGAAGGAGAAGAGATCGAAGACTTCACCGGCCTGGCGAGACGCCACCCATTGGCTTCGCTGCTGATGTTGATCTTCATGGTTTCATTGGCGGGGCTTCCTCCGACTGCCGGATTTGTCGGAAAATTGTATGTCTTCATGTCGGCGGTGGAAGCCGGCATGACATGGCTGGCCGCCGTTGCACTGATCTTTGCCGTCATTTCTGCCTATTACTACCTTCGGGTGGTGATGGTCATGTACATGCGCGAGCCGAGCGACAGTGCAGGCACCGTCCCTCAGTTGGTCATGTCACCGACCCTCTCCATCGTGCTGGTTTGCACGGTGGCTGGAGTAGTCATCTTCGGAATCTACCCCAACCCGCTCGTGAACCTCGCCATGCAGGCGGTGTTGACGCTAAAGTAAGACCACCGTGTTTTACCGATACGCATGCGGAGCGCTATGAATGTTCTCCGCTTTCTGTTTGAGAGTTTGAAAGCATTCTTGCGCCAAGGCTGCCCCAGCCTGGCGGCGGCCCTGGCCTTTTTCTCATTGCTCTCGCTGTTTCCGCTCGTGTTTCTTCTCCTCTATGGAATCAGTTTCCTTGTGAGTCAGAATGTCATCGGTGAACAGTTCATGCTCAGCTTTCTCAAAGGATTTCTGCCGTCGCTGGGCGAGCGGCTGGCTGTAGAGCTCCATCGCATCAGCGCATTGGAGAGCGTGCGGTGGCTTGTGTTCCTATCGTTCTTCTGGTTTGGAGGGCTTGTGTTTTACGAGCTCGACTACGCGCTCAACGTGGTGTTTGAGAGTACGCAAAAGCGGCATCCGCTGATTTCCACGGCGATTTCCATCGCCCTCCTGGGATCTACCGGACTTCTGCTGGTCATTTCCTATGTGGCCACACAAACCATCACCTTTTTGACCGCCTACGCGCCTCGGATCTGGCGTCTCGATCTTGTCGCACTCGCTGCACATGACTTTCACCTGTCTTATACGTTGCCCTTTGCCCTCGCATTCCTGACGGTCAGCCTGTTGTACCGTCTTGTGCCTCGTCGCCGCCCTCGGTGGCGTCACGCCATGGCCGGCGCGCTGATTTTCGGCCTGCTCTGGGTCTCGGCAAAATTGGTGTTCGTCAGCTATAGCGACTACGCCACGGTCTACGCGCGACTCTACGGATCGTTGCTGGAAGTCGTGCTCTTACTCCTCTGGGTGTACTATTCGGCCGGCCTTTTACTGTTCGGTGGAATCATCGCCCACAAATTGCAACAACTTGCCCGCATCTCGCCTGCGATACCGGTCGAGCACACCTAGACCAGTCATCCCCGACACGCTCCCTCCAGGTCGCTGACATGCATTTTTTATCTGTAGCCAAGGTTCCTCGCCAGTCCTTGCAACTTCCGGCCTTTTTCTGGCGAGGCGCTCGCTTCCTCGATAAAATGGCTTCCGGCAAGGCTTGGAGCCAATTGCATGGTCGAAGAATACGGCAAAGAACTCATGATGCTCGGGGGGACGATCGCGGGATTTCTCGCCGCGCTCCTGACCGTTATGGAAAAGCTGCTGGACATTCAGCAGCGCGTCCATTCCAAGAAAGAACGGAAATCGTCGACTCAAACAGAGCGCCCGGCTGCGGACCCCGCGCCGAGTGTCAACTTCTTCTCCTCGAAGCCGTTGCGCGGGTCGTCTTACCTGCTGTTGTATGAAATCGGCGTCATTGTTGCGGCAGGGGTGCTACTCAACTATGTCGGCCTGACGCTCAGCCGGCATCTAGAGAGCATCCTGTTTCTCGACATGACAGGTACCGCACTCGTGGCAATCTTACTCGGTCCATGGTGGGGGGCTATCGCCGCATTGCTCTCAAACTCGGTCGTGAATTGGCTGCTCTACCCCGAAGCGGGAGCAGATGTCATCATCTTCCCCTGGTCCTTGGTCAACATGACAGGAGCCTTGTTTTGGGGAATGTTGGCGCGGCAACCGAGCTTTTTACAGTATGTACGTACCGGCAAGAGTTCCGGGGTGGCTCATACGTGGTTTTTGCTCAGTTTCGGTGTGGCGGGTGCTGTCGTCATGAGTGTACCCGGCACCTTCGTGCAATCGGCGCTTCATGAACATGCCATCTTTGCGTTGAATCCTGAAGTCGCCGAATCGCTCAGCATCCGGGTCTCGCACTGGGAGGCTGTCGTCCAGTCATACCTCGAGTCGGCATTCGGAGTGAGTTGGAGTGAAAGCATCAGCTGGTACGTGGTCAACTGGTTTCAAAACTGCGTGCGGTACATACCCGATAAAACAATGAGTGCGGCCATTGCGCTGGTCATTCTGAAATATGGATATCCGTTGTTCGAACGAGAACTGATCCACGGTGGTCCGGAGGGAGAACGCCCCGAAGATGAGCGAATCCTTCCACTCGTGCTCGGACTGATCTATGCCCCCTCTTATGCATCCCTCATCAGCCAAGAAGACTACACCGGCCATCTCTTCTGGCCTCTATGGTCCATACCCTGGTTGTTCATTCTGTATGGCTACTTTAGAATCCGGTATTGGGGATCGCCGGACGAGTCGCTCCGCTCCGCTCGTATACTACGAGCCGAGCGGTATGCG
CP060501.1_gap58	1827788	1829328	1540	GCAGACTTTCCGGCAGATATCCAGTCGACAGAGACCAGGTCACCAGGAGAAAGACCAGGAACCATGATGCATGGACGCGGATGGGAATTCCCAATGCGCGCCCGATCTCCCAGGACGGCAGATGCATAGACACCACCGTAACAGCTGAATGCGCATAGGGTCAAATTCTTCCGCATCAGTTCAGGTATACTACCTTCATGCAGCGACCATTTGGCCGATTCGTGTGGCTTGTCGTCCTGTCGGCAGGGATCTTGGGGCTTGTGCCTCCGGCAGAAAGTGTTGCCCAAGTCATCAAGTCCGGTCCGCCTCGCTGCCCGGGGGTGGCACTGACGTTCGATCTCTGCCCAGTGCGAAAAGGGCCGGGCTACGATCAGCCTTTGATCGACTTTCTGGTCACGCACCGTATCCCCGCGACCTTCTTCATGTCGGGCAAGTGGATGGCCAGACATGAGGCGGAAGTGGATCATTTGCTGGGCATGGACTTTTTCGAAGTCGGGACGCACGGGGAAGTACACGCCCATCTTCCCATGCACGATGCGGACGAACAGCGGATGGAGATACTCGGCCCAGTCAAAGCGCTGCGCGAGCACTATGCGCATGATGCGACGTTGTTCCGGCCACCGTATGGAGAGTACAACGATGTGACCGTTGCCGTGGTGAACATGCTCGGCCTGCGATTCATCCAATGGAACATCGAATCAGGCGATCCGGACCCCACGCTCACAGCGGAGCAGATTCTCAACAGAGTCGCCACACGTGCCAAGCCCGGCAGTATCGTCGTCTTTCATGCGAACGGGAAGGGCAAGCAAACCCGTCAGGTCATCGAGCAGCTGACAACGGACATTCTTCCCAGGAAGGGGCTCCACCCGATGACCGTCAGCGAGTTGTTGAATTGTACGTCTTCGACTCCATGACAACACAGACGATCAGAGCGATGAATTCGGGCGATCGGGAAGCGGTGGTCCGACTGCTGGAAGAATCCGATCCCTGGAAGACACTCGGCTACACAAAGGACGATTGGAACCGCATCTTTTGTCCCATCCCTCAAGGTCGTGATTGTTATGTGGTCGACCTCGAAGGGCGCGTGGCGGGCATCGCCATCGTGAAGCAGAAATTTTTGCTGGGCGACTATCTCGAGCTTTTGGGTGTGGCGGGGTGGGCCCGCCACAGGGGCATCGGCGGCCAGCTCCTAAGCCACATTGAACAGCTCGTCTTCGAACGAACCAAGAATCTCTTTGCCTGTGTATCGGATTTCAACGAACCAGCGAGGGTCTTTTACAAGAAACATGGCTATCAAGAGATCGGTCCCATGCCCAACTTCCTGATTCCGGGCAGCGCCGAAATGCTGCTACGCAAGACGGCAGGACCGGACAGGACCGGCAGAGCAGATAGCTGATAGCATATGGCAGAGGAAGACGCCGCGCGTTCATACCGACTCTTGCTCTCAGCCATAGACGATCTGCTATAACCTCTTCTTATGAAGGTCAAAAAGCTGCTCCATACGAGAATGCGAGTCAGCGATCTGGACGAGACCATTCGA
CP060501.1_gap59	1832297	1836405	4108	TTCCTAGCCGGTCGAAAAAACCCGATTACCCTCATCACCACCGCTCCGGCCACCCATCTCTTGCAGCGGATTCGGGATGAAGCCCATCGCTTCGCGGTCACATTTCATCGAAAACTGCGCGGGAAGTCATTGGTGAGCTCTAAACTCGACAAGGTGATCGGGATTGGGGAGATTCGGCGCACCCAGCTCTTGAGCCGGTTCGGCAGTCTAGACCAGCTGGCCTCAGCCAGCGACGAAGCGCTGCGGGAGGCCGGTCTTAGCGCAGAGACCATCTCGGACCTCCGTCGGGCACTTGCCAAGTAATGTGCATCCACACTCTAGAAGAGAGTACGCACACTGACCGTACCTAAGTGCACAAAGGCATGGTACGTCCCGTGGACGGTCGGATTCAAATTGTCGACAACGGTGCGCGATTCATAGAACCATTCCTGATAGGCGAGATCCAGTCCCATGCCCTTCGGCCACAGAGCCGACTTTCCGCTGCAAGGAATGACGCCCAGAAATCGCCCGGCTCCCTTGCAAAGGAAACCAGTGCCAAGAGATAAGGTATGAGCCGTCAAGGAGATAGTCGCGGGGTTGAACGTTCGACCAGGGACAGGGTCCTCTGTATACGTATAGCCTGAACGCACCGCGACCTCCCAGTACGGTAGCCATCGTGGATTCAGCCACTTATGCTCGGTTCCTAGTGCAATCACCGGTACATTATTCCACTGTTGAGGCTGGGGAATCGTGACTCCGTTTGAGAGGTGGATATCAAGATTCTTATTCAAACTCCAACCGACATATTCGACATTGAGCTCGACCTTCCACTCTCTCTCGCTGGTGCGTACCGGCCAGATAGCGATGCCTCCGGTAACTATGTGCGGCAACACAAGATCGGTGGAGGCATCGGCCGCCTTCGCGCCATTGACTAACAGCAACCCATGCAAAGGCAGGACTGCCTGACTGCGATAGACCAGCCCGACAGACAGGATCGGCTTACCGGCCTCATTTCTCACGGGGGTATACAACAAACTGGCCGTCACGCCTGCCGCGGTCCCATTCCCGTTCAGTTCGATAGACGCTCCAGCTGGGATCCCCAAGGCTCCGGCGCTTACCTGTTTCTGCTCCACATGTCCTTCGCCGAGAAAGCTCACAAACGTGTAAATATCAGCACTTACACCTACTGACAGATCTTCGCTTACCTTGTAAGCAATGGTGGGCTTGATAGCGATCAGCGGGAGTGCTGCCGAGGTCACAGCCGTGTTGAACGGGCCATCAACCGGGTACCGGGTATTCAAGCCGTACGGCGATGTTAACCCGATGCCGACCGTTACTGGCGAGAGAATGGGCAATCCAATGGACGCAAGATTGGCACTCAGGTAAAAATTACTGGGAGGAGGCCAGTTCACGCTTCCGTTGAAGTCGCCACGGCTATCAAGACCTGTCGGGCTTTTGAATTTGACGGATCCCCCGAGCAAATTTAGCCCAACGATGCTTTGGACACCTGCTACTTGGGTCAACCCGGCCGGGTTGTAGTGGATGGCTGATGCATCATCGGCTTCTGCCGCGAATGCATTGCCCTGTCCTGCGGCGCGCGCTCCCTGAGGCTGAAAGCGAAGGGCTTGGGCACCGGCCACCGTTGGTTCCAGGAGAGAATACGAGAGGATGAATACAATGACGAGCCTACCGATGAGCCATGCTTGCATCCGGACCTTGGCACCCTGCTAAATTATTTGCCCCGTCTCACTCTTAGGGATGATCTTCTCATAACAGGCGAAAGTAAATAGGGAGATGAGGCGGGCGTATGGGGACAATCGGCCCTATATATGATATTTAAACGGCCCTATCATGCTTTTCATCTGATTTTTTCATAACTCGTATGGTATATAGTCACGTCCCCAAAGGGCAGGAGGGTCTCTAATGGCTCATACATCGACAAAACAACCTTTCCCGCGGACTGCCTTCGACGCTCTCTCCAAGTCTGAGTGCAGGAACTTTCTTGAAGTCCTCCACTACGCGATGCAGGCAGAGACTCCGGATCACGTGCGGGACGTGCTCGTTCTATTCCAAAACCATTTCTCCTTCACGAGGGCCTTAGGGGGGCTTGCTCGGCTCGGGCCAGATCGAACCTTTGCTGGATTCAGTAATGTCGTCAACGCCAGTTATCCGGATGAATGGCTCTACATGTACTGGAAAAATGGCTTTGCTGACGTCGACCCGGTATTCAAGTCGGCTTTGAAATCGCCAGGCACGCAACATTGGCGAGAGATCTATCAACACATGTCTTCCGAGAAAGAACATGAGTTTATCGCCACGGCGCGGCAATTTGGTCTCTGTGATGGCATTACAACAGGCTCAGTCGATCAGGCCTGTGGAGTTGCTACTTTTTGTTCGTTCGCCAGTGAACATGCTCTCGACGCGAAACGATTGGTTCCACTCGTCGAATACGCAGGCTATTACATTCATATGGCCCTGCTCAGAACCGCTCCCAAATCTGTGTCGCAAACAGATCGATGCGTCAAAGAGCTTTCCTCGCGAGAAGTCACGATCCTCAATTGGATGAAGAACGGAAAAACCAATTGGGAAATCGGCAAGATTCTGGGAGTCAGTGAGCGAACTATACGATTCCACATTGAGAGCATCTTCTCCAAACTAGAGGTGACTTCCCGCTCCCAAGCGGTTGCAACCGCCATAGAACACGGGCTACCCGCCCTCCATGGGTTGCCGACCGCCATTTAGGCATTCAATTCGCACTAGCGGAGTCCAAACCGCTACCCTATCACCGAAGCAGTTAGGCTGCGCGCACCAGCAGTCGGTCTTCTGCCAATTGTGCATATTCCGCTGCATCACTTTCTTGGCCCAGTACTGGTCGGCATCCGTATTCCGGCTTGGGAACCAGTGTTGTCGTCGTCAACCAATCCAACATAGCAGGACGACACGTTGAGGCTTGAGATCTAAATTCGTCCAGATCGAGCAACCCCCCGATAGAAAAAACCTCAGCTGGAGGCAAAGCTACTGGCTCCCCTATGGCCCGGCATGGCCATCCCATGCGCTGGACAACCCGCAAAAGCCTGTGTTCCACCACCATATATGTATAGCGGACCTCATGAAGCAGACACCATTGATACATCCCTTTGAAGATCGCTTTCATGAGCCTTGCAGAAAGGCCACGATCTGCGATCGCTGGATCAACGGCCAGTCGAGTAATTTCCGCCGTATCGATTTGCTTTCGAACACGATGGCTCCCCACAAGGCAGGCGCTGAATTCACTCTCCAGCATGAACGGGACAGGCGCATGGGTCATGCGGACTAACCCAAGCAGTCTGGTTTCATCCGCGAATATCCCGATTGAGGTACTCCAAGTATCGTACACATCGGCTTCGAGCCGGTCGGCCCGCTCAGGCACCCACTTCAGCCGTTCAGCAAATACGCGATGCCGCAATCGATACGCCTGAGTGAGGTCCTCCTTGGTTTCGAGTGTCTTGACGAGAAACTCTCCCTCATAGAAGGCAATTTCCTTTGCCTCTCCGGCCGCGAATGCTTGCATACTGTCTCCTTTCAGTATGGCCTGATGCGGAGCCCATATAGGGCCGATTGTCTAGTAGGGGAGGCGAATGGAACCATTTCAACTAAGGAAACGTCACCTGGCGGACCCGCCAGGTGATTTTCCGTCCGCAATCACGTAGATAATGACGATACAACTAGATGCTGCGGTTTCGGCGGCTTTGGTGGAACTCAGGCAAGAAGACCGGAAAAAAGGAGGTACGCGTGACAGAAGGCAGGACAAAGTTTCAACTGTTGGACGGGGGACTCCGCCCAACCCCAGCCCTGTCAGTCACCCAGTCAGTTCGACCGCTCAAGGAATCCCTCGGCGTGTGTCAATTGGAACCTTGCGCGGGTGAACTGACGATCGCGTTCAAAGCGACCGAACGCCGATTGCATAAACTATTGGAAGATCGTACCCGGATTGGTCGAGACTTGCATGACTGCGTGTTGCAATCGCTGTATGCCATTGGCCTTACTATTGAAACCTCTCAACGGACCCGGAGTAATCACTCAGTGGAAACCAAAGAAACCGATAGCCGGATGATCTGGCAGATCAATCAACTCATTCATGAAATCCGCG
CP060501.1_gap60	2008097	2012272	4175	TGATCGTGTGGGCTTCGCAGGAGTTTCAATTCGTTGATCTGCCGGATGCCTTCTGCACGGGAAGCAGCATGATGCCGCAGAAGAAGAATCCGGACGTCCCCGAGTTGGTCCGAGGAAAGACGGGGCGCGTATACGGGCACTTGGTCAATCTCCTGACCATGCTCAAGGCCCTGCCCTTAAGTTATAATCGAGATCTGCAAGAGGACAAGCCGGCGCTCTTTGATGCCCTCGATACGGTGGCATCCTCCCTTCGAGTGATGACGGAGTTGATGCGCCGACTCAAAGTCAACCGGGAGGCGTTGAAGCGAGCATTGCACGGAGGCGGACTGCTTGCCACGGAACTAGCCGACTACTTGGTCATGAGAGGAGTGCCTTTTCGCGAAGCCCACGGTATCACCGGACGAATTGTCCGGGCTGCCCTTGATCGAGGACGTGACGTGGCCGATTTATCGATCGAGGAGTTACAGACATTTTGTGACCGGATCGAAAAGGGAGTGTTTTCTCGGCTGACCGCCGCCGCCGCAATCGACCACAAAGCACAAATCGGCGGAACAGCCAGGGGGCGGGTTGAGCAGCGGCTCAAAGAGCTGGAGCAATTGCTGTCATGAAAATGCTCGTGATCATTGCATGCGCAGCTTTATTCGCTTCTTGCGGAGTCGTGGGTTCTCCCGTTCCGCCGGAATACGTGGGGGTCGCCGTCACGATCGACAAACAAAAGAAACAGCATGCACTTGAGGCAGAACGTGACGCGGTGGACCCGGCTGTAGGGGACCCGTCCCTTGAAAATCCTGACATCAATCTGCCACCGTCATACCCGGTTGGGACACGGTAAGAGGTTCTCGCTTGGCACACCGACATCAATTCGAGGGTCGACACCATGCATAGCTTTGAGTATCACCACGGAGAGTTGTACTGCGAACAGGTACCGGTCAGTCGGGTAGCAAAGGAACTCGGTACGCCTTGCTACATCTATAGCCATGAGACGCTGGTCCGTCATTTTCATGCCTACGACGGGGCATTTAAGAATATTCCTCACGTCCTTGCGTTTGCGATGAAAGCCAATTCCAACCTCGCCATCTTGCGATTGATGGCCAGAGAAGGCAGCGGGGTTGATATCGTTTCAGGGGGAGAGTTGTTTCGCGCCTTGAAAGCCGGTGTCCCGGCCTCCAAGATCGTGTTTGCCGGAGTCGGGAAGGCTCCCGACGAAATTCGTGATGCGCTCAAAGCGGATATCCTGATGTTCAACGTGGAATCACCGGCTGAGCTGCATGCTCTCAGTCAAGTAGCCGCCGAAGTCGGCAAGAAAGCGCGCGTGGCGCTGCGAATCAATCCTGACATAGACCCGAAAACACATCCTTATATTTCCACCGGGCTCAAGAAAAGTAAATTCGGCATCGCGGCGGATCGGGCGGTGGAAGACTTCTCCCTCGCCGCGTCGATGAGCCATATCGACGTTGTAGGCGTCCATGCACATATCGGATCTCAGCTGACGGATGTCACGCCCTTCATTGAAGCCTTGAAAAAAGTCGTCAGTCTCGTCGAGACATTGAAAGGAAAAGGCATCAACATCCGTTATCTGAATATCGGAGGCGGGCTTGGTATCACGTACTCGGATGAAAAGCCGCCGTTACCTCAAGACCTCTCCAATGCGATCTTGCCGCTCGTGCAAGGGTTGAACATCACGCTCGTCATGGAGCCGGGGCGTGTCATCGTCGGGAATGCCGGAATCCTGGTCACAAAAGCCATGTATCTGAAAGAAGGAGAAGCGAAGAGCTTCATCATTGTCGACGCTGCGATGAACGATCTGATTCGGCCCAGCCTGTACGGAGCCTACCACGAGATACGCCCGGTGAATGAAGAAGCGGCTCGTCGGACCAGACAGACGGTGGATATTGTTGGGCCGGTCTGTGAATCCGGAGATTTTCTGGCGAAGGACCGGTCGCTGCCGAGCGTCAAGCCGGGTGAGTTGTTGGCAGTCATGAGCGCGGGGGCCTATGGCTTTGTGATGGCTTCCAATTACAACTCTCGGCCTCGTGTACCGGAAGTGCTCGTCAAAGGTGGAGAATTCCACGTCATCCGCGAGCGAGAAACGTACGACGACCTTATCAAAGGAGAGACGATTCCCCCGTTCTTACGCGAGCAGGTATGAGTATGTTTACCGGATCTCTTGTCGCTATTGTCACGCCGTTTCGAGAAGGCAAGGTTGACGAACGCGCCTTGGCTGAGCTGATCGAATGGCAAATCGCCAACGGCACCAACGGCATTGTTCCCTGTGGGACCACTGGTGAGTCGGCCACGCTTTCTCATGACGAGCATAATCGGGTGATCGAGCTGACGGTTGAAGTCGTCCGGCGGCGTGTACCCGTCATTGCTGGAACCGGCTCGAACAGCACGGAAGAGGCCATCGCGCTCACCCAGCATGCAAAACAAGTTGGTGTCGATGGGGCCTTGCTGATCACCCCCTACTACAACAAACCCACCCAGGAAGGCCTCTATCGCCACTATAAGGCGGTCGCTGAAACCGTCGACTTGCCTTTGGTCCTGTACAACATTCCTGGTCGTACCGGAGTCAACATGCTGCCGGCGACGATCGCTCGACTCTCCGCTATCAAGACAATCGTCGGAGTTAAGGAAGGAAGTGGGTCGGTCCAGCAGGCTTCGGATATCGTGCAGATGTGCGGCGACCGTCTCACCGTATTGGCCGGTGACGATGCCCTCACGCTACCGATGATGGCGGTCGGAGGAAAGGGCGTCATTACTGTCACGGCCAACATCGTGCCGACCGAAATGGCTGATCTTGTGAAGGCTTTTGCAGAAGGGAACATCGACGAAGCTCGACGGATTCATTTCAAGCTGTCTCCCCTCTTTGCCGCGTTGTTCTACGAGACCAACCCCATTCCCGTCAAGGAAGCCTTGGGACTCATGGGCAAGATTGACCCGGAATTGCGCTTGCCGCTTTGCCCAATGGCACCGGACACCCGTGAGAAGTTGATTCGCGTCTTAAAAGAAGCGGGATTGATCTAACTGTCGAAGTGTCGAGGTGCACGTCGTCATGATCAAAGTCATCGTTGCAGGTGCGGCCGGCCGAATGGGCTGCCGCCTCGTGTCGCTGATCAAAGACTCCACTGCTTTGATGCTGGCAGGAGCTTTAGAAGGAAAAACTCATCCGGCACTGGGAGAGGATGCAGGTGAAACCGCCGGAGCAGGACGTGCCGACGTTCCCATCACAGACGATCTCTCCGCTTTGATGGAACGAGGAGAAGTTGTGATCGACTTTTCCGCACCCGAAGCGACTCTTGAACACATGCGGACGATCGTCCGCCATCGGCGTGCAATGGTGATCGGAACGACCGGCTTCTCAACGACTCAGCTCGAAGAGTTGAAGTCCTTAGCCCAGCAGATACCGTGTGTGTTTTCTCCGAATATGAGTGTCGGGATCAACCTGATCTACAAAGTCATTGCCGAAATGGCCAGAACTCTCGGCGACGATTATGACATTGAAGTTATCGAAGCTCATCATCGGCTGAAGAAAGACGCACCGAGTGGCACAGCTCTGAAAATCGCCGAAGTTCTCGCGCGTTCCGTGAACCGCGACTTGAACCAAGTTGGCGTCTACGCTCGTAAGGGGTTGGTCGGCGAGCGAGCCAAGGGAGAAATTGGTGTGCAAACTATTCGCGCCGGCGATATCGTCGGCGATCATACCGTGCTGTTCGGCGGCATGGGCGAGCGAATCGAAGTTACCCACCGAGCCAGCAGTCGCGACACATTCGCTCAAGGAGCTCTCCGTGCCGCGAGATGGGTTGTCCGTCAGCCGCCCGGCTTGTACGACATGATGGATGTCTTGAGCCTTCGTTGACCAGCTTCAGCCTTATATCTCATCATCTGAACAGCCGGTCGTTTGTTCTGCAACATTCCTCTCGTCTTAGGGTTTCACTGCCGTTGAAGGTAGCGAAAACAGTGACGAGTCTTCCTTCGTGAATATAGTGATTACCCGCGTGGGCTGGAAGCTGTTCCGGTCATGAGCGACCTGCAGCCCGCCGGCTGGTCAAACAGTGAGGATTTGGGGTTCGACAGGAAGGATTAATGTCGCGCCGTGATCGGCCGAGGTTCCTGATCCGCTGCTTTCCGACGACCACAATTTAGACAGGCAAATACGGTGATCGCCAGTCCGGCGT
CP060501.1_gap61	2022000	2022627	627	CAGCCGATCAAAAGTCGGTCACGGATCGCCGGCAATACAAACGATTGGCCGTGTCGTTCCGTGCCAACCTTCTCTCAGAGTCCGCCGTGCGGATGGACAACCGTGTGACAGACATCTCCATGGGAGGCTGCACGCTTGAAACAACGACAACGTTGCCTCAGGGGACGTTTGTTGAGTTGGTCATCAAGCCCGCTTCCAACGAAGAGCCTATTAAGATCGAGACGGCCATGGTGTGTTCTTCGCGCCAGGAGTCGATGGGCATCCGCTTCCTCGAAATGGTGGGAGACGACAAGAACCGCCTCAGCCAGGTCATCCTGAGTTTGCTGGTTGGACAAAGCGCCAACCTACACCTGTTCTCGTGAAGATCTCTCGAGACGCGAGGAAGGCCTTCGTGGTGCGGCCACCAGCAGATTATCAATAAGGCGCACGGAGCCGAGACGCACAGCTCCAAGCAACACCGCCTTCTGCGTGACTGTCGAAAGCGGTTCGAGGGTTGCGGGATCGCAGACCGCCAGATAGTCGATCGTCAACATTGGTTCGTCTTTGATAATCTGATCCATCGCTGACCGCACAGCTTCTCCATCAATGACGCCCTTCCGGATGGCCTGGGCTCCCGCACGAAGACTT
CP060501.1_gap62	2026917	2028809	1892	CAATTTCCTGCTGGTCGGTGAAGTGGCCGGAGGCGACTTTGCGCAGGATCGTTACCTGGATGTACTCGGACGAAATCTTGATGCCGCGTTGGATATCGGCGAGATGCGGATGACGCTTCACGATGTCGCCAAAGGGCTGGCCTCTCCTCAAGCATACTTCGACGGCTTCGACGCCGGCAACGCAGAGATGGGGTCACATCGGAATATCGGCCAACGGCATGTCTCGATCTTGGATGACCACGACCATGTCTTTGGTCAAAAGATCCGCTTCTCCAGCGAAGCGGCGTCGGAAGAGCAAGTGGTCGCCGGTGTGGCACTGCAGTTGTTCACGCTGGGTATTCCATGCGTGTACTATGGAACAGAACAATCCTTTGCCGGACCGGAAGAGTCGGAACGCCGATTTCTTCCCGGTTGGAAGGGCGGCGATTATGCCGACCGATATCTGCGCGAGACCATGTTCGGCCCCGAGCATCCTCGAGCCCCTGGACGTGCAGGCTTGTCAGCGACCAATGGTCTCGACCAGAGCCTTCCGGGCTTCGGTCCATTTGGAACGGCAGGCGCACACTGCTTCGACTCTCATTTTCACACCTATCGCCGGATTGCAGCGCTCACGGCAGTTCGAACGCAATTTCCGGTTTTACGGGTGGGTCGGCAGTATTCGCGGCCGATCTCGCTATTCAATGGACCATTTCTCTTTCGAGGGCCGGGTGAACTCGTCGCATGGTCGAGAATTCTCAGTGATGAAGAAGCCCTGTGCGTGATGAATGCCCATGGGACGCAAGTTCGAGGCGGCGATGTGGTGGTAGATGCGGATCTCAACCCGGACGGTTCGGCTCTCACTGTTGTTGCGAACAGCATGGAAGCGGGAAGTGGAACGTCCGTGGGAATAGCTCATCCGGTTGGATCACAGCTTCCAATCAAGCGACGTACCGACGGCACGGCCTTCGTTGAGATTCGTAATATGGCTCCTTCCGGCGTGATCGTCGCGGTCAATCATTCGTAAGCGCTGTGGCCTTGGAGGGAAACCCGTGATCCCTCGCGCATCAGTATGACCTCAGGTGAGAACTATTGTGCCCACTGGCCTTCTTGCCATCTGCAACGACATCACGACACTTCGCGTTGATGCGATCGTCAATGCGGCGAACGAGTCTCTGCTTCCCGGCGGTGGGGTGTGCGGGGCTATCCATCGCGCAGCGGGACCGGAATTGGCGCAGGAATGCCGACTGCTCGGCGAGTGCCAAGCCGGTGACGCGAAACTGACCAAGGGCTATGGTCTGCCTGCCCGCTATGTCATTCATACGGTCGGACCGGTCTGGCACGGCGGGAACAAGGGCGAGCCGACACTGCTCGCCTCCTGCTATCGCCGCTCTCTCGAGATCGCGGCCGCACATGGCCTTGAGACCATAGCCTTTCCAAGTATCAGCACAGGCATCTACGGCTATCCGATCGACCTTGCCGCCCAGGTGGCGATTGAGTCGGTTCGTACCATTCTGCTCGAATTTCCCAACGTCCGAGAAGTGATGTTCTGTTGCTTCTCTCCCCGGGATTTGGCGGTGTACAACAAGTACCTCGCCGGAATGTGACGAGCGACTTCGCCAATGCTCCTTTCTCCCCTTCTACCTCAGACGCTTCAACCAATCCTCCGAGTCGAATACTCTCGCACCGCTGGCAGTGCGTCCAGGCCTGCGCTACAATCGGCGTATCGTGAAACACTCCATCAAGGACGCTGAGGATCTACGCTGGCTGATCGGCCATACGGGCGGTTTCCGCTCCGGCTATGTGACCGATATACAGATATCCAAGCGCCGCCTCTTCGACGAAGGATCCGGACGTGAGGTGCCGGCCGGTACCACCATCTCGGTCACCATCCGGTACGAGGTGCGCGGGTTGAT
CP060501.1_gap63	2046545	2048436	1891	GAAAATCCAATCAGGGGCAAGCTTTGTCACTGTTTCGACAATACCATCATGCCGCGGGTGATATCGGTCAAGATGCAGATCTGTGAGATGGACGGCACGATGGCCGGCCAGGGAAGGATGTGCATGGGTGAGGATGGAGATTTCGTGATCGGATAAACCCCATTCCCAATGAGGGACGAGACTGAAGATTCGATAGAGTGGCTCGCTTAAGCAATAGCCGACGAATGATCGCGCGCGATCAGGCCATGACACCGCCCGTCGCCTGCTCATGTCCCAACTCGTGATTGGCCTGATCGTTCCCACATGGGCTAGAAAAAGTATACCATGGGCCTTCTTTCCGGCTGATTTGACGATAGAATTCAGCGGAACGTGGGCCCTTCAACGCGCGTGGTTGTGTGATCAAGTGATCGATCCCTTCCTCACAGGCAACATTCCTGGAATCGGCGGGCACATTCGCGCCACGCCCGAAGACTTTCAAGTCGAAGAGCGGCCGCTCTACCTCCCATGCGGGGAGGGAGAGCATCTGTACGTCACGATTACGAAACGTAATCTTTCCACGCCGGATCTCGTTCGCCGGCTCTCGTCTTCTTTGGGGATCAAGGCACAGGCAATCGGTGTCGCGGGGCTCAAGGACGCACGGGCGGTCACCACGCAGATGGTGTCCCTCCAAGGAATCACGCCAGACCACGTCTCCAACGTAAAGATCGATGACACACTGCTAAGCCTAGGGATCCTCGGACGCCATCGCAATCGGCTGCGAACCGGCCATCATGGGGGCAACCGATTTCGCTTGGTCATACGCCAAGTCGCCGGCCATGCCGTTGAAGCGGTGCCGGCCATTCTCCATCAACTGCGTGCGCGTGGCGTGCCCAACTACTTCGGGCCACAGCGGCAAGGGAAAGCCGGCGACAATTACCAAATCGGAGCCGCGCTGCTCCATGATGCTCGTCGACGTGAAAAGATGAATCGAAGCACGCGTATCTGGTATCTCAATGCCTATCAGTCGTTTCTGTTCAATCGACTGCTGGCGCGGCGGATCGATCAGATCGACCGAATCTTCGTCGGCGACTGGGCCATGAAGTTGGAGAACGGCGCCTGTTTCCATGTCGACAATGCCGAGAACGAGCAGCCGCGGGCAGACCGTTTTGAGATCAGCCCGACAGGAATCCTCTTTGGGTCGCGCGTGTCCTGGGCAAGCGGTGAACCAGGTCAGATCGAGCAAGAAGTCATTGCAGAAGCAGGCACGACAAAAGAAGCCCTCATTGCCGCCGCAAAGGCCTGCGGATTCCGTGGCGAACGGCGGGCGCTGCGCGTCCCCCTTGCCGATCTGGAATGGTCGCTGAGCGGGGATGCCCTTACCATCTCCTTCAGTCTGCCCCCAGGCGCCTACGCCACAAGCGTACTCAGAGAACTGATGAAAGTATCTCCAGCGAGTCCTTAGCTCCCAATCCTCATTCTCTTCCGCCCACAAACCCGAGTGGTACAATAGGCTCACAAGCAGAGAGCGGGACTATGAACCAGCACCAGGAAAGCGTCTACCTTCAAGGGCACATCATCGATTCTCTCGTGCTGGCCAAGGTGTTGGATCTCATCCTGATGATGGGAGGTACGTTTGATCTGGAGGATGTTCATATCGGAAAGACCCGGGAAGAACCATCTCACGCACTCATTCGCATTCGAACAAGCTCCAAAACGCTTCTAGACGACATTCTCAAGACGATTCAACCACACGGCGCGTCGGTCAAGTGTGAGGTAGACTGCCGGACCGCCAGCGCGTCCGCCGACGGGGTGTTGCCCGAAGAGTTCTACGCCACGACGCATTTACCCACCCAGATCCGTCTCAATGGTCGATGGTTAGACGTGGATCGTATCGAGATGGATCTGGCGATTG
CP060501.1_gap64	2049681	2050962	1281	GTTCGGGGGATATCGTCAGCGATCGGACATTCGTGCGTTCACGGTCTTGAGCGAACATTTCCATCGGGAGATTATCCCTCTTGAACTCGTCGATCCTCGCTTCTATCACCTCGATACCTGTTTCTGTCCGTTAAGTGGAGGCGAGCTCCTGTACTTCGAAGCCGCATTCGACGTCTATGGCCGGACGGCGATAGTTGAACGAGTCCCTGACCGGCTTCGTCTGACTGTTCCGGAAGATGAAGCGTTGAAGTTCGCGTGCAATGCCGTCTGTGTCGGAAAACATGTCGTGCTTCCCACTGGATGTCCCACCACTCAGCACTGGCTCGTTGCCCGAGGATACGAGACTCATCCCGTTCAGCTCGATGAATTCATGAAGTCGGGCGGCTCAGCTAAATGCCTCACGCTGGCGCTGGACTAGTACCCATTATTCATCAATGGTCAACCGGGGATTGCGGTTCTTCCCCAAGTTGCTGTCTGCCTGACGAATGACGGTTGATGGACTTATTTCTTCCGGAACAGGAATGCTCCGTACAGACCTGCAATCGCAATCGTGACCAGCTCGATAGTCAGGAGCATGCGGCTCACGACGGCTTCCGGCGCGGGTGGGTAAAGGATGAAATACATGCCGAGAAACTCAGGCGTCTGAGTGGGTGGAGTCTCCCATGGAGGGAACAGCACGGCTACAATCAGAAACACGACCATTCCGTAGAGCACCGGGAGATTGAGTTGTTCCGGCACAGAATTATCGGAGCGAGAAGGCGCTGGAGTATCTGTTCTTCCGTCGAGCCGCTGCCCGCATTGGATACAGAATCGGTTGATCTCCGGCTGCGACCGGCTGCAGGCAGTGCAGATTTGCATAGCGCATGTGGTGGAGAGGTATGTAAAGGGAGATTACACGAAACGCAACGATAATTCCTAGTTCAAGTAATACCCGTACCAGGAACCAAGCTCAAAAATGATACCCGACACCGAATGAAACGAAGTGCATGGTATAGGTGGCATTCATGCCGAAGAAGAACGGGAAGAGCTCAGGGTTGTCGTCGAAATTAAAGCGTGTATAGTTAAACTTCCATTCCGCGAATGCTGTGACGTGTCTGGTCATATAGTATTCGAGACCGGCTTTAACATTTACTCCAATTCTTGCATTGTCTGATGTCGACGCAGGGGAATTCGGCGCAAGTCCTTCCCCTTTAATCCGAGCGAAAAATATTCCGGGGCCCACGCCTATATACGGCTGTACGCGGGCATGCGGGTAACGAAACATGAGGTTGAATGGAGCGA
CP060501.1_gap65	2103084	2104108	1024	AGTAAAAATCCGAGAAGGTTTGGAGAGACGGGAAAATTTCGTTGTAATGATAGAGCGTGACACGGCCGTCGAACAGGGGCCAATCCAATTTCATGGCCACACGCCCGCGAAAACTTGCCTTATCCGGAAACGGATCACGAAAGTCTTCATTGAAATATGACGGACCCGCTTCAGTGTACAAGGTCATGTCTTTAAAAATGCCGTCGTAGTCTCCGCGCTCAATCCATTGATACCCCGCACCGCTGGAGATCGCAGTTCTCAGCTTCAAGTTTTGTAATCGGTCGTTCTCAAAATAGGCCGACGTATACCAGAAAAACCGTTTAGTGACGAAGAAGTCGAGTTTGATCGTCCCTCGAGCATTCCGAGTGATAAGGCTGCCCGCATTGTCGCCATAGACGTAGCGGCCCAGCAATGTCAACCGAAGCTGCTCGCTTCGAGCCACAAGATCGCCCAGCACGCTGATGTTCCGGAGTTGGCTATTTCCTGTGGCTTGTGAGTACCCGGCATTCAAACTACCGGTGTAAATGACCGGGGGTTGGACCATAGGGTTTACTTGAGTCACCGTATCCATCGGTACCGTCACCGTACTTACTGTCGGCCCTCCCTTGAGTTTCATCATTCCAGGGTCGCTCTCTTCGACGGTTCCGACCAGAACGGATCCTTCCTTCAAATGAAAGGGAATAGGATGAGAGACGGTCAGTTTACTGACCGCTTCCCACTTCACCTTGATGATGTCGCTCACCATGGAGTTTTTAATCTGAAGTATCCCGCCCGTCATCTCTATCACTCCACCATAGATCACACTGCCGTCTTTCAAGGTCACGACGTCCAGTGCCGGAGCTGAAGCCGGTTGCGCTGAGGTGGACTCATCGGCAGCAGAAGCGACGTTCCCCATCATGAAGAGAAGCATCATTACGGCAAACAGAACCGACTGCTTCATGTATCCTCCTTCGTAACTCGGAACCCATCGAGACGGTGAACTTTAGGGCTATACCGTGTTTGCCATGACACCGCAGCAGATGGA
CP060501.1_gap66	2188709	2192276	3567	TCCGGAATATTCCGAAGTGTCAGCCGTTCGTCCACGATCGTGTGTCCCAGTTTGCCGGCGAAAGGACTCGTCCCTTTCATGTACGACTTGGCATCCAGTGACCATAGCAACCATGCCCAGAGGCCGGCCACAGCGGCCGGTTCAAGAATGACGGCATACCGTCCCGCCGGGAGTTCGCATGCATCACGGCCTCGCTTCGCCTTCGTAATGGCGGCGAGCGTCCGCTCTTGAACTTTTAAATGATCGATCGACCGGTGGGCTGCCGCGCTCCACCCCGTCGCATCACCCGCTTGCACGGTCAGGCTGAACCTCGCATCGGCTCGACGTTCATAGCCGAACAGTCCATTCTCGGCGGCGATCCCGACCGCGGTCCCTGATGACGACACCACGCCCGCGGCCATGAGATTCTCCATCCGGCATTGACCGATCGCTTCAGTGGCGTATTCCAGACGTCGCACCGGCCCCGCTGCCACCGTCTCCGATTTGGCCGTCTCTCGGATGGGAAACCGGCAAGGAGCGGGAGGCGGAAGATATTCGGGATCGGCCGGTGACACTCGAGCGATCCGCTCGGCACGGGCCAACGCATCCTGGATCGACCCGGCGGTAAAATCCGTGGTGCTCGCCGTCCCATGCCGCCCGCCAAAGGCGACCGTTATCGTCAGCATACCGCGCCGGGCATCGACATTCTGGATGACTTGATTGTTGGCAAACCGTGTCGTTCCGGCATGGTGATCGCGAAGACTCACGATCGTATGGTCAGCCGACGAGCGAGTCATGATCATGTCGCTGAGAAAGCGGAACTCGTCGTGGCTGGTCATCTTCGGCCACTTGTCACTCAGGACGGTCATGAGCTCCCTTCGCCTCTGATCACTTGGACGCGGCGAAACCTTGCCGGAGAGGCGGCATGGGTCATCCACCCAGACTGCCCCGGCTGCCCCTTCCCACAGGTAATGAAGCCGTACCGGCGGCGAGAGGTCCGATCGGCAACCCCGTCGCAGCTGTTCCAGAATTCCGGGGTGATCCCATGATAGATCACGTCCCGCAGCATGTGAGTCCGTCTGCCGTTTTCAATCAGCCAGAACGCATCGCCGCCGAACTGGAAATTGTAGCGGCGCTGATCGATGCTATAGGACCCATGGCCTTCGATATAGATGCCGCGTTGCACGTCTTCGATCAGTTGATCGCGCGTTGCCTCACCCGCTTCGAGCCCGATATTGGCGATACGCACGATCGGAATATTCGCCCAGCCGTCGGCCCGATTCGAGCCGCGCGAACGAGACTCACCTATCTTCGGCGCCACTTCTCGGTTCGTGCAGTACCCGACGAAGATCCCGTTGCGGACAATGTCCCATTGCTGGCACATCACCCCGTCGTCATCGTAGCCGGTCGCGGCCAGTGTTTCTGATTCGGTGTTATCGGCCACGAGGCTCACGGCTGGTGAGCCATAGCGAAAGTTGCCTCGCTTGTCGGTCGTCAGGAAGCTGGTCCCGGCGTAATTGGCCTCGTACCCGATCGCGCGGTCCAGTTCACTCGGATGGCCACAGGATTCATGGATCGTCAAGGACAGATGCTCCGGGTCGAGCACCAGGTCATAGTGGCCGGCATCGACCGCCGGAGCGGTGACTTTCTCGACTGCTTGATCGGCAACGCGCGAAGCCTCCCGCAGGAAGTCCGCCTCTTCGATCAGTTCATAGCCTTTCCTGAGGTGAGGCGTGTTGAAGCTGCGCGAGGCAAACCGGCCTTCGTGTAGCGCGGTCGCCGAGCACTCGCCTTGCCCCGCCAATAGATCGAACTCCAAGTGCGTTCCTTCACTCGAGACAAACAACTTTTTGTCCCGGCGCGCCCACAGGCCGGCACTGCTTCTCGCAATACCGGATTGCCGCTGCAGTGTGTCCATCGTCTGGAGCAGCAAGTCGGCCTTCTTCTCCAACGGCACGCTGAACGGGTCGATGCGGTACGGTGTGACGACACGGTCACGATAAACCGGCTCCGCCGCCAATCGTACTTTTTCGATGGCGACCGACGCAGAACCCTTGGCGATCTCGACGGCCAGATCTGCGACCCGCGGCACTTCTTCAAGGGACAGAATCGAACTCGCCGCAAACCCCCACGCTCCATGATAGAGCACACGCACGCCGAACCCTTGGTCATGAACGTCTCGGATCGAGGCAATTCGCCGATCTTCACCCTCGAGCTGTTCCGTGATGCTGTCCTGAATGCGAATATCGCCGTACTCGGCACCCGAGGCCGCAATACGCTTGAGCGCAAGCTCGGCGAACTCGTCCCACGTTGGAGTGTGCATGCCGCGATTCTCACAGTGAACGAATGCAGAACGAAATCAGTATAACAGGTGGGAAGCGAAACGGTGAGCGTATTGAGATCACTGGAACGCGACGACCATTCCTAATGACAAGCCATACCGATGGGTCTAACTGAATGGCGTCGGCAATGAAACTCGATCTTGCTGATAATCTTCGACGAGCTTACCGATGCTCTCGTGATGTCTCCTTCACAACCGACCCTTCAACCGCTCATAACCCTTCTTCAATTCTTCGATGGCCAGACCCAGCGCGGTGCTGACAGATTCCGCTGTCTTGCCTGCTTCCTCCCGCGCCCCCTCCAATTTTGGTTTTATCTCTTCCCACTGTTTCTCTAAGCGGGCCCATTCGTCCTTTGCGTCCGCCTTCGCCAGATGAAGCTGGACTTGCAGCTCGTCGCGCTGCTGCTTGAGATACTCCACCGCTTTCGTGATCTGCTCTTTTGCGTCCGCCATGGGCTTTGCTCCTCTTCTTCTAAGTGTGAAAGTGCGCCGTTGTTACTTCAACTCGAGCGTGTGTCCGTCAAGCGGGCGATGCTGGTCACACCGCAACAGTTACCCCATTACGCTTGAGCACATCAAGTAGCTTTGGCACATCCGGCGGTCCAGGAGGAATCTCCTTGTCGATCGCCGTGAACATCTGAGCCGCTAACGCACCAGGCCCGGTAATCTCGAGCATCTGACCACCCCCACTTCCGTAACGAAAGCCATGCACGGTTCCTCGCGGAACGTGCACGAGAGTCCCAGCTGTGCAGTCGTAGTCGTTCCCATCGCACAGGAAGTGAATCTCACCTTTCAAGACGTAGAACGCTTCGTCCCAATCGTGGCGATGCGGTGGAGGGCCTGTTCCTTCCGCGCCCTGCTGCAAAGTGATCCCATAGCTCTGCGTCGCCGCGTTCGACGCCAACACCGTCACCTGTGTTCCGACCACATTCAACGCGGGCTCATGCTGATCCGGTCTCAAAATAATCGGTTGAACGCTCATGATCTCGCTGCCTCCTGCAAATAAGGAGATTGTGTGCCGTACCACCTAACATGCCGCTTCAGCTACGGAGCATCATAATCGCGTGAAGCGCCTACACTAGCAAGCTCCCGCTGAGCCGCAGATCGCTTGATGCATACCGAATCGCTAGCCAAAGTCCTCAACGGCGGACATAAACAAACACACTTGACCAGACCGTTGCTGGCCACCTGAGTCAACCAGTACGACGGTATGGCCTGACGTCGCAAGGGTTCGGATATCGGAGGCT
CP060501.1_gap67	2305890	2308967	3077	TCGAACAAAAATTGATACCGCACACATTTGAGTATGACAAGGTCTCCGGATTCTCTCGTGAGGTTCGCGAGAAGTTCAACCGGGTGCGACCGGAGACGGTCGGCCAAGCATCTAGAATATCAGGGGTGACTCCGGCCGCCATTTCTTTACTCATGGTTGCTATAGAAAAAAATAGGCGCCGACTCCCTCCTGACCGACAAGTCGCACCATAAAATTCGGCTAATCCATTCCTTTCCTATTGACCTCCTAATACCATCAGCGTAATTGTTCCACGTGGAACAAGAGGGCTCACTTTCCTCACTGCTTCAGGAAAGTTCAGCAGAAATTGGATTTCCGCTCAATAGCGAACAGGTTCAATTGTTCATGGCGTACCTCCAGCAGCTCCAAACTTGGAATCAATCATTCAATCTCACGAGCATTACGGTAAACGAGGAGATCGTCATCAAGCATTTTGTGGATTCTCTTGCCGCGCTAATAGCAACGGATATTGAGGTTGGATCGCAGCTTCTTGATGTTGGGACAGGAGCAGGCTTTCCAGGAATTCCGCTAAAGATTGTACGACCTGATCTTCGCATTACTCTCCTGGAGCCAGCCAAAAAAAAATCCTCCTTCCTTCATTTTATCGTCGGGCTCCTCCGGCTTGAAAGAGTGGACATATGCGACATCCCTCTGAATCGTTTTATAGGCATGCACCATGTCAAAAAATCATTTGATTACATTACCACTCGCGCATTGAATCCCGCCTTGGTTCTTCGGGAAGGTAGGAGCGTCGTTCGTCAAGGAGGAAGAGCGATCCTCTATTCGTCGCAATCTATTGAAAAGTCATACGATTTCACTGAGTGGCGGTTGATAAATGAATACACGTTTGACCTTCCTGGAGAGTATGGGCATCGAACGATTTCCATCTTTTCTCTAGCGTCCTAGTCAAATTGTTTTCCATGTTCCACGTGGAACATGAATTGAGTGTAGGAGCATATGAATGGGAAAGGTTATCGCGTTTGCAAATCAAAAAGGTGGCGTCGGGAAGACTACTACGGCGATAAATCTTTCCTCTGCAATTGCCTTGGAGGGAAGGTCTGTGCTGTTGGTTGACATGGATCCTCAAGGAAATGCGACAAGCGGCCTTGGTGTCGACCAAAGATCGCTGAAAGGCAGCACCTACAGCTGTCTCGTTAAGAGCAGTACTATCCAAGAGTCTGCAACGGAAACACCCGTTCCAGGACTCTCACTCCTACCTGCCAATGCAGATCTTGCTGGAGCGGAAGTTGAGCTCGCGAATGTTGAAGGCCGTGAGAGTCATCTGAGGTTTATTATTAGTGACGTCAGAGATAAGTACGATTTTATTTTTCTCGACTGCCCCCCGGCTCTTGGAATTCTCACCATCAATGCGCTGACCGCTGCCAGCTCAGTTTTGATACCCGTCCAATGTGAATACTACGCAATGGAAGGCCTGACGCGTCTCATCGGCAGTATCGATCTCGTCCATCAATCGTTTAATCCAGACCTAGACGTCGAAGGCATAGTCTTGACGATGTTTGATTCACGCAATACCTTGTCCAGGCAGGTTGCCGAACAAATTCGGTCTCACTTCCAAGACAAGGTTTACCAAACCGTTATTCCTCGCAATGTCGCTCTCGCTGAGGCGCCGAGTTATGGCCGCCCGGGGATCTTGTACAACGTTGCATCGGCTGGTTCGCAGGCTTACGTAACTTTAGCTAAGGAGTTTATTGCTCATGGAGAAAAAAGCGCTCGGTAAAGGACTCGACGCCCTCTTACCTTCCTCCAAGGTAACCAAGCCGGCTGAGACGGCCGACGTTCAGCGGATCCGCCTAGAGGATATCGTGCCGAATCGCTATCAGCCACGGCAGACCTTCGCCTCGGAAGAACTCGCCGATCTCGCCGCGTCCATTAAGGAGAGCGGGATCCTTCAACCTATTATCGTCCGTCGGAAGGGGGACGGGATCTACGAACTCATCGCCGGGGAGAGACGATGGAGGGCCTGCAAGGAAGCTGGTTTGGCCATGATCCCAGCGGTGATTAAGAATTGCGGCGATCAAGAATCGCTGTTGCTCGCCTTGGTCGAGAATCTCCAGCGGGAAGACTTAAACCCCATGGAAACGGCGCGTGCCTATTCGCGCATGATGAACGAATTCGGCCTCACTCAGGACGCGGTGGCTGTGAAGGTCGGCCGTGATCGTTCCTCAGTCGCGAACTTCATTCGACTCACCTATCTTCATCCGGAACTCCAGGAACTTGTCGAAGCACGAACGCTTTCCGCCGGCCATGCCAAAGCGCTTCTGGGGCTGCAGTCCCCTGAAGACCAGCTGAAAGTCGGAAAACTCGTCGCATCCGGCGCCCTCTCTGTTAGAGAAACGGAAAAGCTCGTCGAACTCTCGCTCGTGGGGAAGAAGCGGCAGCAAAAGCCTGCCCGTAGTGGACAATGGGCCGACCTTGAAGCACGATTACAGAAGCGTCTCGGCACCAAAGTGACCGTCCATCCCCAGAAGCAGGGAGGTAAACTCGTCATTCACTATTTTTCTTCGGACGAACTCGATGGCGTCCTTGAGACTCTGCTTGGGTAATCCTTCGTTTGGGGGCGACCGGGTCCTAACAAACCCTCTAAAAAGGTGCACCTTGTTGCATTTTGACGCCTATGAACGCTAAATATCCTGTCGGGACCAACCGATACGACATCTAACGGCAACGAACATGATTGATTCAGGCACCCCTATCCCACTCTGTGAGAGGAGGCGATCGTATGTGGAAGGACAAACAGGACGGCAGGCGCGCTGATGAAGTGGACCTTGAGGGCACCGGAACGGGCTTTGATTCGACAAGGTCCGACGCTCAACAAGATGTCAGCGCCTTTGTGGGAAAGGGTGTGGTCTTCAAGGGCACCATTACCTATAACGGGACCGTGCGGATCGATGGAACCCTAGAGGGGGAAATCCACACGGACGGCATCTTATTGGTCGGTGAAGAAGCCGTCATCACCGCCAAAGTCACCGCCGGCACCATTGTCTGTAAAGGCAAGATCACGGGGGAAATTCACGCGCGAGAAAAGATGAAACTCCGTG
CP060501.1_gap68	2310633	2312759	2126	AGTCACGGTTGACGTCAAAGTACGCTACGCCACGCCCCCGACTCCCGCCACTGTTTCACCACTCACCCCATCCAGCCTTCGCATCAGGTTTCACGAACCTCAAAGAGCCCTAAGCCCGGGACAATCTGCTGTCTTCTATGACGGTGAGGAAGTTCTCGGGGGTGGTATCATCCAAGCGTTCTGATGTTCCTGACCCACGCTGTTCATCTTGACTTGTCGTAGAATCTTCTATAGCCTTCAGCTTACTAGAACTTGAGGGTGTGGTTTGCCTTTGTCGCCCTGGATGCCCTGTCGTACTCCGCCCACGCTCCTTTTGTTCATAATGAGGTACTGATGTTCGGTTCATTTGGGTGGATGGAACTGATGCTGATCTTGATCATTGTGTTGATCATTTTCGGCGCAGGCAAACTTCCTCAATTGGGAGAAGGCCTTGGTAAAGCCATCAAAGGCTTCAAGAAGTCCGTTCATGAGGCCGATGCGATCGATGTCACGCCGGCCGAACAGTCTCAACAGGCCCAGACGCAGGCCCCCTCATCCGCTCAGGTGAGCGCCCAATCGGAAGAGAAACCATCGCCCGCATCACAAGCCCCGCAAACGGGCCAGGTGAAACAAGGTTAGACGGTCCGCGTGTGCCGGCACGACCGGAGAGCGGGGAATCAGCAACCTCCTCGTACCAATGTGACGTATGTTCGGATTGGGAGCCAGTGAGATCTTAATCATTCTGGTGATCGCGTTTCTCCTTTTCGGCCCAAAGCAACTTCCGGAAGTAGGCAGGCAAGTCGGCAAGGCCATCAAGAGTTTCAAAGATACAGCTGACGATCTACGGAAGTCCGTGGAGCCGGAGCTGAACATGATTCAACAAGAAGTCAAAATGGTCGAACAGGACTTCCAAGCTTCTATGAAAGAAGCCGAAGAAGAAATCGCTGCTGCGGGGAAGCAAGCGGAGAACGGCGCCGAATCAGTCGGTAAACCGAGCCAGGCCTGATCCGTACGAGAGATGATCCGCGGAGAATGCTCACATAGGTTCCGGCAACATCGACCTCCTGTTGGTTTTTGATCCGCACGAATCTCCCTCGCCACCGACGCTGTTACTCAGGGCCATCGGCTGATCGTTCCACCCACAGCCACCCATTCATACCCCTGAATGGTTCCATCCTTTATCAATAAGCTCCCGGCATGTTGCCAAGACTGGGCCGCACAGTCCCCTGGGGACGTTCGACGTACCGACTCTGGTTGGTGGTGGTGGACTCGGGATCCCCATGCGGGGCGAGGGCTGGCGAATCCCAGATGATTTTGTCTCCTGGAGCCAAATCAGCCGCTTCCATGAAGTGCCGCCGCGCGCTATCAATATTGCCAAGTGTTTTCAATGCCAAGGCGTAATTGTAATGTGCCTGTCCCGATTCTGGGGCTGCCGCCATCGCTTGCTCAAAGTATTGCTTGGCTGCTTCGAATTGGCGAGCCTCATAGGCTTGCATCCCCTGTTCCGTTAACTGAGTCGCTTGCGACTTCACCTCGCCTTCAAGCGCCAACGGCACCAGCGGCTTGTGCTTCTGCGAACAGGCCATCCCACTCGCCAAGAGAAGAACAATCCCTATCACAATCACCACGGTCATGTAGGGTTTCATCTCCGCTCACCTCTCGATCAGGTTCGCTTTCGCGTTTCTTCCTAGAAGTCTTGCGATAGAGCACGTCCCATTCAGCGTTGCTCTCAACGAGGTTCCTCGAATAGGACATCAGTTTGGCTTTGATTTTGTGATTGATCTCCTGCTTCCTGCGCCAACTCGGTGGCCAACACCCGCTTGATCTCTTTCAGAAGTCGTTCGTCATTCTCTTAGAACCATACGTCTCTCGTCTCAGCGTCTGACGCACTTCCACATCATAACCAAAGGTAGAGTTTGAACCCTAGCGCGCGATGATTTCCAGAATCTCATCAAGCGGACGAATGGTGCCTAGCAGGATGGGCTCACCGAACCGTTTATTGTGGCGGTTCTCTTTCACCTGCAGTAACGCGGTCACCAGGTTATTGAAATCGTCAAGCTTAGCTGTCTCGAAATACGTGATGAAGTCCAAATCGTCTAGGCCGCTGGAGTGGTAGAGCTTGCGCTTCACGGTCTTCAGGTAGAGCA
CP060501.1_gap69	2326616	2327760	1144	TGACTTACACCGACGATCGCTACCTCGATGGGCCCTATCCGCTCACCGCTCAGCTCCGCGGCGGCTACGACGCACTGACGCCGGAGACCCCTCCGATTCTGCATCAGCTCGAAGAGCGGTACGCTCGTATCGTTCAAGCCGACGCCATCCTTGCGTGGGCCGAGGCGCTCTACCGGACCGATGAAGCGTCCATGCTCGAGCGCGCACGCGAACTCTACAAGGCCGTGCTCTTCCTGCACGGCGAAGATCCTGGCACCAGCGCCTATCGACCGTTTACGTTCGATCCCCTGCCGTGGTTCGGACTGGTCGAGAATCCGCGGGTCCGCAATCAGACCGACCGCGCGCGCCTTGCACTTCAGCAGCTCGCGGCGGGCCTGAACTTCTACGGATACAGCGACTCCGCCGTCCCGACACTGAGATATGAGACGTTGAGTGCCGCCGCAGGACGTTGGGCGACCGGTGCGAAGTCCGCACAGAGCGACTATCTGCAGTATCTCTCTCGTGTCGAACAGCTCGACTTGGATCTGCTCGCTGCCAAGGCGCAGGAGCGTAAAGCGCGCGCGACGGTCGGCATCGCGGCCGAGCAGATTGAGATCGCCAAAGCGGGCGTCGTCGTCGCGAAGAAACTCGCCGCCGACGTGGAGAAGCAAATCACCGCCAAGCAGGCGGAAATCGCCGACGCCAACTCGATCTTCAGCCAGTTCAAGGACTACTTCAAAGGAATGAAGGACAGCGTCACCTCGATGGTGGATGTCGGCAAGTCCGCTTCCGAAGGCTGGACCTCGCTGAGCACGAGCGGAGTCGGAGACGCGTTGGGACTGGGACAAGGTTCGGGCGCGGGTGCGGCGGCCTCGGAGTCTGCCGGGCTCGGCAGTGCGATGGGCGGGCTCGGAGTCGTCGGCGGGTTCGCGGCTTTTGCAGTGGTCAGCACCACGACGTTGCAAGGCATGGCCGATGCGGCCACCAAGCGCGACGGCGAGCTCAAGACGCTTATCAATGAAGCGCGGCCCGCGGCCGCAGCCGCGGTTCGCGTGCAGGAACGCAACGTCACGATCGCTAACCTTCACGCGGAGATTGCCGCGACCGATCTTGCGTACGCGCGCGATCTGATCAACTACCAGAACGAGCGCTTCCTGAATCGCGA
CP060501.1_gap70	2484285	2485389	1104	AACAGCGACGCATGAATCGATTCGAGCATGGGTGCGTGAGTGGGAGCGCGGTCTTCATAGAACATGGGATGTCGGTTTAAGCAATAGCCGGCTTCCCTCAAAACCAGCCGAGCGGCTTCCTGAAGATCTGACGAAGATCTTCCAGGAGGAGGGTCAATCCCAGTTCATCAACACCTTGGCGGAACGCATCATGTAGACGGCTGGGATTCCGACGATCACCGCCGATTCCAACACCAACGGGCGGAACCTCCTCACATTGCCAAACATGGTTGAGCACCACATAACAGGGTTACTACCATTCCTGGAGCACTCGCCACAGGTCAATTTCGGTTTCCCCGATGGGGGCGATGGATGTGTAGGGAGAATGGTTGAACTACTCCCGTCCGCAGTTGTCCGCAAATATATCGAGATGACAGTATGTTATGGCAGCCTACAATGCGCCCCCTTTGATCCAGGATTGAACGAACGAGTAAGTCAGCTTTCGCACCCTGTCCCCGTACGTTCCTATCATCGATGCAGGCTGGGACAACGGAAATTGTGCAGGTGGTTCGAGTGAATCAACGATATGCTTCGCCTCTTCCAGGGCTGCCGCTGTGGCCTCTTCGCGGGAACGGAAGACGCCGTTGGTGCGTCCATTGTGGTACCCCCAGCAGACTTGTCGGAATTCAATAATGCGATACTGGCAATGCCAGGTCTCATCAGCTTGCCGTCTCGGCAACAACTCGATCCTGCGATGCTTATAATCCAGCATTCTCGTTTCCTGCACTCCAATCATTCATCCAAAGGACCATAGAAACCGGAGGAGCATCACACCAGGGCTATTCCTGCAGCGGTCATCGCTCTGCGTTGGTCCCTTCTTCACCAAGGAGAGCAGATAGACCCTCGATCTTTTTCCTCAAGGACTCCGGTTCATCATTTGAGAGGTCTCCCGTTTCGAGCAGCTTTTTGCTGGCCACGAGATGCTCACGAATACTCTGCCGGTAATCAGACATCGCATGCCTCCTCACAGGGTACTGCATCATAGCGTTGGTCAGTGACGCTGGGGTGAGAGAAGGTAGGTCTTCAGTTCTTCCACGTAATATTCAACGACAGGCCGTTCATCTG
CP060501.1_gap71	2534859	2537401	2542	TTTGGGCGAAGATGCGCTGACGCCTCGGTGAGCAGCACCTTCGTAGAGTATTGCTTGCTGATGGATTCGACTTGGAGCATCGGCGCAAACCTTCCGTGTGAAATGGACTGACTGGATCAACCGAGACGAACTCAAATGACGTGACAGCTAGCAGGTCGGCAGGCGAGGCAAAGTAAGGAAATTAAACATGGCAACTATTCAAGAACCCAAATAGTACAACACCTAAGGTGTCTATCCGGCCGCGCAAGCGGTGAATCTTAAAAATACCAACGTGGGTTGAAGACTCTTTCCGATCGCGTCAATTACGATAAGACGAAACTTAGCGATCGGCTCAACCGATACATCGGCAAACTGCAAAGCACTTGTGGGTTCTATCCGTCGGCTCAATGACCAAAAACCAAAAAATAGCCGACGGTACACACGAAGTGCGGTTTGGTGGAGCTGGCCGGGATTGAACCGGCGACCTCGTGAATGCCATTCACGCGCGCTCCCAACTGCGCTACAGCCCCACCCGATTAGTCCCGAGAATCGAAAATGAATCGAAAAATCGAGGCGTTGAGAACGATTCCGGCCATGCTAACACGCAGATACAGGCCAGTCAAGAAAGCCCCGGCGGTTTTCCCCCTCAGTTGATCCAATAGAGGGGTCATGCGAGAGTGGCTTGACAAACGACAGGGCGACACCTACCATGAGCCGCCTTGGCTCTGATCTCCGAATCCGGTCAGAGCCATTTTTTCGTGCGGAAACAGGCTGGGAACTGGGAACTTCCACTATGGGGAATCTCGTCATCATCGGCGCGCAATGGGGCGATGAAGGCAAGGGCAAGATCGTCGATATCTTGGCTCGCGGTGCCGATTTTGTCGTGCGCTATCAAGGCGGGTCGAATGCCGGGCACACCGTCATCAATGAACGTGGGACCTACATTTTTCATCTCATCCCGTCGGGAATTTTGTACCGGGGGACGACCTGTGTCATTGGAAACGGTGTCGTCGTGGATCCCGGGTCTCTCATCGAAGAGATGGATCAGCTCCAGACCAAGGGCATCGCGATCCGTAAGAACTTCGTCATCAGCCAGCGGGCACACTTGATCCTTCCCTATCATAAGGCGATCGACCGGGCATCGGAACAGTCCAAAGGATCACGGAAGATCGGGACGACCGGCCGGGGGATTGGGCCGTCCTATGCCGACAAGATGGCACGGATCGGGATTCTGATGGGCGATTTGCTGAATCCCCCCTTGTTCAAGAAAAAACTTGCGGAGAATCTTGTCGAAATGAACTGGTTCTTAGAGAAACTCCATAAGGTCGAAACGTTTCAAGTCGACAAAGTCTTCCATCACTATATGGGTTATGCCGACCGGCTCAAGAGCCACATTGTCGACACGACCACGTTGCTGAACCGCGCGATCGAGAATAATAAGACGGTCTTGTTTGAAGGCGCTCAGGGCACGAATCTGGATGTGGACTTCGGCACCTATCCCTACGTTACTTCGTCGAGTGCTGCGGCCGGCGGAGCGTGCACCGGGACCGGTGTCGGTCCGACGATGATCGACGCGGTCATGGGCATTGCCAAGGCCTATTCCACCCGAGTCGGGAGTGGGCCGTTTCCGACCGAACTGACCGACGAGGTTGGACGGGGGCTCCAAGAGCGAGGGCGAGAGTTCGGATCGACGACGGGACGGGCGAGACGCTGCGGCTGGTATGACGCGGTCGTGGTGCGTCATGCGACACAGGTGAACGGACTCACCTCGCTGGCCGTCACCAAACTCGATGTGCTCGACGGCTGCAAAGAGTTGAAGCTCTGCATCGGCTACAGACATGGGGGCACCGTGTATAAGACCATGCCGGCCGATCTCGATGTCTTGACCAACTGCGTGCCGGTCTATCAACGGATGAAGGGGTGGACCAGCGCGACGACAGGAACGACCCGCTATACGCGACTCCCCGTGGAAGCAAAACGCTACGTGGCGCGCATCGAAGAGTTGGCGCAGTGCCGAATCGATATGATCTCGACCGGGTCCAAGCGCGCCGAGACGATCATCCTGCGTAACCCCTTGGACTGCTCCCGCCGCCGTCCCAAACGCCCCTGACAATTAGTCAATGGTCATGGGTGATTGGTCAATGCTATGATGCGGCTTGCGTTCTCGGCCGTTTTCAACATCCTGTAGTGAGCCGGTAGCTCAGTCGGTAGAGCATCGCCCTTTTAAGGCGAGGGCCCTGGGTTCGAGTCCCAGCCGGCTCACCACTAAAATCGAGCAGTTATAGTGGTGACCTTGCCCCATCCTACGTACTCATCCTTAGTACTGTGCTAAATTTGTGCTAACTGGGTCCTGCCGAACCTCATCGAGCACGTTCACACCGTCCCTCAAACTCTCCGGCGAATGATGCGCATAGCGTTGCGTCATCGTGCCGGTTTTGTGACCGAGCAGCCGTTGGACCTTGTACAGATCGATCCCTCGTTGGACGAGTCGCGTGGCGAACGTGTGCCGCATGTCGTGAAAGCGGAAATCGGGGATACCGGCCCGATCCCGCGCCTCACAGAA
CP060501.1_gap72	2641330	2644805	3475	CGGAGCGCTCTCGGACGGAAAGGGGCGCCGATTCTTGAAGGAGGTCAATATTGGAGGAGAAGGCGGACTCAAGGATGTGGTCGTGATCGTGGAGGGAATCGAGAGAGGGAAGCCGTTCACCTTCACGGATGCCCAGATGGAAGCGAACATTTGTCAGTTCCTCCCATTCGTGACCGTGGTCAGCGATAAGCGCCAAGTCACCGTCACCAATCGGGATCCGGTTGCCCACGATATTCAAGGCTACGCCTATGACCAGGCTGGAGTGGATATCGTCCTCCATCGGCCGGCGCTGCAAGCCAGCGGGACTACGGATGTGGTTCAGTTAGTGAAGGGACGAAAGGTCTTCACCATGCAGTGCGGGCGGCATCCCTACATGCAGAATTGGGGATATGCCATCGACAATCCCTATTATGCGGTGACGGATCTCGAGGGCTCATTCGCCATTGGAGATCTCCCGGCCGGCACCTACCGCATCAAGGCTTGGCACCCTATTTTGGGAATGCAAGAGCGGGAGATCACCGTGAAACCGAATGAGACGGTCTCCCTCGACCTGCTGTTTGAAAACAAGTAATGGAACACGACGTGTGCATTATCGGGGTGCAACCGGCGGGTGTTCCGATTGCGGCTTGAGTGGGCTGAGCGCGTTCTGATCTCGTCCAGGCGGAGTTGAGAAGCTCCTACTTAGAGAAGGAAGGATACAATCACTCGTGGGGAGTCAGGAATGACATTTCAATCGGAGCGACTCCTGGATGATTCAGGCCGGTTTTTCGAATTCATCGGGTGCGGGGGGGGGCGTCCGGGGGCGGGTGGTGCGAAAGTGGACGAGGTCCTTCGAGAACAGCACATCTAAGGTCCAGTCCAAGGCCACGAGGAGTTTCTTCTCCAAGCGCGGGAGTTTCAGCAAATAAATGGTGCGCCAGAGCCACCAGGCGAAGAAGCCGGAGAAGTTCACCCCGAGAATGTTGGCGACCCCGGTCCGTTTCCCGATGGGCGCCAGCAGCCCGAGCGTCGCGTAGCGGAAGGGTTTCATCGGGGCACCGCGCACGGTGGCGAGGATATTCCGCGCCGCCACCCGCCCTTCCCGCAACGCATGTTGCGCGGTGGGCGGATGGAAGGCGCCCGTCTGGCCATCCGGCACGAGCGCACAGTCCCCCAACGCCCACACGCCCGGCCACCCCGCCACTTCGAGATACTCATTGACGAGGACCCGGCCCTTCGTTTTCGGGCACGGCAGGGTGGCCAAGAGGGCATGCGGGGTAATGCCGGCGGTCCAGACCAGCGTATTGGTCGTCACGGTGGTCCCATCGCTGAGCATGACGTCGCGATCCGTCACGGCGGTGACTTTACAGTTCGCATGGATTTCCACCTGCTGCTCCCCAAGCTTGCGCTGAGCGTACGTGCCGAGCTTCTCCCCGAGTTCCGGTAAGATCACCGGCCCCGCACTGACCAGGATGAGCCGCAGCATGTCGCCCCGAAGATGTGGAAAGAACCGCACCGCCTCCCGCAAAAAGTCATTCATGGCCGCAATGGTTTCGACCCCCGCAAACCCGCCGCCGGCCACGACGAAGTTCAGCAGCGGCGCCCGGAAGCCCCCCCCACACTCAAAGTCCGCTTCCTCCAGATTGGCAATGAGATGGTTGCGGAGCACAATCGCGTCACTCAGGGACTTCATCGTGAACGCCCGGCTGGCCACCCCGGGAATGTTGAAGAAATTCGTGGTGGAGCCGAGGGCCAGCACGAGGTGGTCATAGGGCAGCGAGTGGCAATGCTGCTCGTGCCCATGCGACAGGCCGACGCGTTTCTGCACGAGATCGATGGCCTCGATCTCGCCATGAAAGAACGTCACCCGACGCAGCAGCTTGCGGATCGGGCTGACGATATTGGTGATGTCCAGGTCGCTCGCGGCGACCTCGTGCAGCATCGGGGTGAAGAGGAAAAAGTTATCGTGGTTGACGAGCGTGACGTCGACGGCCGCGCCGCGCGCCAGCGCCTGTTCGAAGGCCAACGCCGCATACATGCCCCCGAACCCCCCGCCCAAAATCACCACGCGCGCCTTACCGCTAGACATATATCCTGAGCCACAGGTGAAATGTTCTGGAGAGCATGACGTTAGAAGCCTGTCCCACATGAGGGCAAGCCCATGCCTGTCATTTGTGGTAGAGAAGGAAGCTTTCGCCTCAGAGGATAGGGTGTTATTCGCTGACTTCCCGGACCTCCCGTCCCTTCGATCTCGAGGCCCTGTACCTGCTGCTAGGCCTTTTTCATCCATGAATTCGTCGCCCCTTCATAGGTGCTCTGCTGTTCTGCCTCATTCCGTCGGCTTGCGCAGTTCTGACAAGACTTCGAGAATGTCCGCCGGACGCGGCGGGCAGCCGGGTATACGGACGTCGACGGGAATGTGGCGCTCAACCGGACCCGTCACGGCATAGCTGCCTTTGAACATGCCGCAGTTCATCGCACAATCACCGAGCGCGATGACAATCTTCGGATCAGGCGTTTGCTTGTGCACGTCTCTCAACGCTCGCTCCATATTAATGGTGACCGGCCCCGTCACCACCAATGCGTCGGCGTGACGCGGCGAGGCCGCGATGTGAATGCCGAACCGCTCGGCATCGTACACGGGATTCAGAAGCGCGTTCATCTCCATCTCACAGGCGTTGCAGGAACCGGTATCGACTTCCCGGATTGCGAGAGATTGCCGAAAGATCTTAGTCTTTTCCGTCACAGCCGGATTGATTGGTTCCGAGGGCGGTTCAGATTCTGGATATTGTCCCGTGACGACGCCCGTCTTAAGGCTCTTTTTGATGATCCGAAACATGGCTCGCCCCTTTCTCAGAGGTCATTGCCCGCATACGACAGATTGAAGCTCTTGTTGATCAGTGGAAAATCAGGAATGATGTTCCCTAACACAGCCCATTGTATGGCAGGCCAATTGACGAATGAGGGATCGCGGACTTTGCAGCGATGAATCATTCCATCGTCTCCGGCCGATACGAAATAGAGAATCTCGCCTCGCCATCCCTCCACGGCAGCGACTGCCCAGGTTCCAGGAGACGCCGATCGGCCTGGTTCAGCCGCTATGGGACCATCCGGAATTCGCGCGTGAATCTCGCGGATGAGTCGGATCGATTCGTGGATCTCATCGCCACGGACGCGCAATCTCGCTCGTGCGTCGCCATAGCGATACAGCGCCACGTTCACCGGCAGTTCGTCATACGCGGCGAAGGGGCGATCTCGTCGGACATCCTGATCCATCCCCGACGCCCGCCCGACCACTCCGGTCACAGCGTGATCCCGGGCGATCCGTTCCGTCAGGACTCCTGTGGTCTCAAGTCGATCGGTAAGTGAGGCATTGGCAAAGATGATCGCACCCACTTCGGAGAAGTCCTTCTGGATGCCGTTGAGTTCTTCAACGAGGTTGCTGAATAGGCCGCGATCGACGTCCCAACTGACTCCTCCTATCCGCATGACGCCC
CP060501.1_gap73	2647947	2651922	3975	GTGGCACGTCAGCCTCGCAGGACGTAGAAGAAGACGAGTCCGAGCAGTGCCAGGATAAAGGCGGCTCCCAGCAAGTCCGTCACTCTGAATAAACGTAACTTGGCAAACATCGATTCAAGGATGCCGATCAACACCGCCAATCCCGAGACCTTCACGAGATAGGCTGCCAAGCCGATACCGAGTGCGGCCGGCTCCATATTGGTTGCAATCCCCCAGGGAGCGGACACGTTGGCGATCAAGGTAAGAAATACCAAGAGCTTGAGTCCCGCCGCCCATTCGACCAGCGCCAGATACCGTCCCGAATATTCCAAAATCATCGCTTCGTGGATCATCGTGAGTTCGAGGTGGGTGGCTGGGTTGTCCACCGGCACTCGTCCTGTTTCGGCAATGGCCACGATGACCAGCGCGGCGAACGCCATAAGATGAGGCGACGGATCGGTCACAATGCCTTCGAGTAGCGCCGTCTTGTGGACGATGGTGCTCAGATTCGTAGATCCTGCGGTGAGCGCGATCGCAAAGATCGAAAGCATCATGCCCGGTTCGGTTAACGACGCGACAATCGCTTCGCGGCTGCTCCCCATTCCTCCAAAGGACGAACCGGCGTCGAGACCGGCCAACATCAAAAAGAACGTGCCCAAGGCCAGCAAGTAGACGAGGGCGATGATGTTGCCTGCGAAGCTCAATGGGGTCCGAGATATGAACACCGGCACGAGCAGCCCTGCCGCCAGTGTTGAAGCAAAGAGGATGTAGGGGGTTGCGGTGAAAATCCACGACGTGGTGGATGAGATAACCGGCTGTTTGCGGAGGAGCTTGACGAGATCCGCGTAGGGTTGAAAGACGGAGGCCCCCCGCCGACATTGCAGACGTGCCTTCACCTTCCTGATGAGGCCGACGATGAACGGAGCGACTGCCAATAAGACGATGGTCTGCATGACGATAAGAACGAGGGCGTCCAACATCGGCTTATACCGCGAACAATAACAAGACAATCAGTGTGACAAAGATATAGGCTAGGTAGAGGTGCAGGCTCCCCGCCTGGATGATCCGCAGACGCCCGGCTAGGGCGGTAACGAACGCGAGCACCGGATCATAGAGATACTTCTGAAAGACCGGCTCAACGTGAAATTCAAAGCGCCGTCGTTTGGCGAAATACTGTGACTCGTGGAGAAACTCCGTCTCGAGCTTCACCGTCGGTTGATAAATCGAGCTGAATACTCGTTTGATGGGTTGCACAAATCCGGTCGCCGTATACTCCATGCGGGGCGTCAGATTGATCCCGCAGCCCCACGTTTTGTAATAGCGCTTCCTCATGAGCCCGCCAAAGGCCGCCACGATCCCGAGCCCAAGCACTGAAAGCACTGTCAGAAGCAGGGCAAGGATCGATGGTGAGAGACTGGAAAACTCCACATCCACCGTGGCGAGCGCCCAGCCGTCAAGGGCCAGCACGTGGCCTTCGATCGACACACCCGTGAACGGCGCGACAACTCGGTCCAGCAGCGGCACGACCACCATCGGCACAAGACCAAGGGCGACACAGATTGTCGCCAAGAGGGCCATCCCTACGCGCATTGGAATCGGAACCTCTTTCGCATGTCGTGCGTGTGTGCTCCGTGGCAGGGCAAGAAATGAAATCCCGAACGCTTTCGCGAAGCAGGCCAAGGCGAGGGCTCCGGTCAGGGCCAGCATCGCCGCTGCAAGTGGGAGTATCAGCTTCAAGAAGGTGTCGGGAATGTGAAAGCTGAGAAAGAGGCTTTGGAACACCAGCCATTCGCTGACGAATCCGTTGGTCGGCGGCAGGGCGGCAATCGACACCGCCCCGATCAAGAAACAGGCACCGGTCCATGGCATGCGCCGGAGAAGACCGCCGTATTCCTCCATGTTGCGTGTGTGCGTCGTATAGAGCAGGGAACCGGCTCCCAGGAACAGCAGGGCCTTGAACATGGCGTGGTTGATCGTATGATACAGTCCGGCCAGCAAGCCCAGCGCGGCAAACTCCTTGAGTCCGTAGGTCTGAAAAATCATCCCCGCTCCGATCCCCAACAGAATGATGCCAATGTTCTCAACACTGTGGTAGGCGAGTAAGCTTTTCAAATCATGCTCCATCAGCGCATACATGACGCCGAGCAACGCAGACACTGCGCCGATCACGAGGACAACGAAGCCCCACCACCAGGGGAATTGCCCGCCGAGGAAATCGAAATACACCCGAATCAGGGCATAAATAGCGGTCTTGATCATGACGCCGGACATCAAGGCTGAAACATGCGACGGCGCCGCTGGATGTGCGTAGGGCAACCAGACGTGGAGCGGCACGATGCCCGCTTTGGTGCCGAAGCCGATCAGGGCTATCAGAAATGCGATCGTTCTCATGCTCTCCGGCAAGGGCTGCTCCGGATGTCGAAAAGCGTCGAACGCAAACGACCCGCCTTCTTGGAAAAAGATGAGGAACGTCAGGATGATGAAGGCGGTTCCCACATGCGTCATGATCAGGTAGAACAATCCCGCGTACCGCACCTCAGCGTTCTCGTGCTCCGTCACCACGAGGAAATAGGACAGCAACGACATGAGTTCCCAGGCGATGAGAAAAAAGATGCCGTTGTCTGCGAGGACCACCACGGTCATGGAACAAAGAAAACCGTTGAAGAGCGCTCCGAGCAGAGGGAGCGATGTGCGCCCGTCGAAATGCCGCATGTATCCAATGGCATAGATCGACGCGGCGAGACCGGCTAGGGAGATGGTCAACACGAAGAATGCTGCGAGTGGATCAATCCGAATGGCGAAGGTGAGCAGAGGTATTGTGGAGGCGAGCGATCCCGTGATGGGATCCGAAGACGTGAGGCCGAGCAGCCCCAGAACGACGCCTGCGCTGGTAGCCACGATAGCGGGGGCGGTGGTCGTGATAATTTGAGCTTTGGGCTGTCGAGGTAGACAAAGCGGAAGTAGTATCCCGGCTACATACCCACCGAGAAGGATCCATAACAGGTTCAACATTCGATCGATTCGAGCCTTGTAAACGAATCGGGTCTGCTCTTCATGCGTCAGCTTGGCCTAGATAGGGGATGGTTGATCACCTGATTCACACAGACCGATCTTGATGCGGGAAACTCTCCCATCATCCTCTCGCCACCGGCTGCCTACCCGACCACAACATCTCATACCTCAACCCCCCAAAACCAAATGTGCGACGGTTACCAACAGCGCGATGATCAACACACCGTAGAACGTCGCCTTCCACCCCCGCCATGCCCGCGTTTCATCGTCTTTCATGATCAGCCTCCTGCTTGGAGGGACCGGTCCATCCGCTGCCGACAGCGAGCCGATCCTTCTCGTGCTATTAGATTGTTGGGATCGTAAGTCAGCACCGCGTTCCAATTGACCAACGCCTCTTCGTGTTGGTCGAGTCGCTCGAGCAACGTAGCCAGTTCGCATCGCGCTGTAATGTCAGTGGGACAGAGCACAAGCGCGTCCGACAGTTCTTGGAGTTGCGCCAGCCAATCTAGCGTCCGCTGACGGCTCGCGCACAGCCTGCAGTCCCGCCCGTCTCCCTTCTTAATGGTCATGCCTAGCCCTTTGCTTTGTTGGCAGCCTCAAGTTGCTCGGCAGTCGGTTGCGCACAGCCAGGTATCACCAGCATCCTGGTTGCTGTCACAAGCCTGAAGGGATTCTTATGTGAGAATCTGCATCTCACGACAACACCCTCCCTATCACCCCGCCGCTTTCTTTATTTCTCGCACACAGAAGCTATTGCAGGGAGAGTGCCGCTGTTGAACAGGTACAGGGATATTATGCAAGGATGAAATCTATCGCGGGGTTATAGCTGGAGTGGGGAGGTGCTGGGACCGCAATCCTTCAGCCGAAAATTACGTTGTGCAAGAAGTGCAGTGTTTGACTGCCCAGTAGTGACTTGAGGTGCATTTCTTGCGGTATGAGTCATGACAAAACCTCATACCTCCCCGGCAGTGCTGAAAATACAAG
CP060501.1_gap74	2677284	2681399	4115	TGGAGGTGTGCTGGCTGCCAACCGAGCGGTTGCCGCCTTGCTTGATCAGGTCGGCTCATGGCTTGGGCAATGCGTGCAGCACTCGTCGGAATGTGGCCGTTAGGGAAAGTGTTTGGCTGGTTCGACTTCTCCGCCTAGGGGTCAGCGGGTCTTTCCTGCTGCTCTAGGTCCACTGCTTTATCCTGTCTAATTCTTGGGCGGCCACTGCCGCTTCCCATCCATTCCCGCAAGAAAGAAAGCGAACCCTCACTTCATGTTGGACCGGAAAACCCGATCGGACTCCAACTTCCGCGTCCGCCGCCTCCGATCCAAAGACAATCTTGCACTCGGCCAGCCCTTGGAGACCGATGCCTTGTGCCTTGAGCGCCGCTTCTTTCGCAACCCAGTAGCGGAAGAATCTAGCCGCACGCTGTTCCTGGGGCAACCGCATGATCGCTGTATGTTCGGGGTCTGCAAAATAACGCTGGGATAGTTTTTCCGCCTCGACACCCAACCGAACGAATTCGAGATCGACTCCGACCTCTTGCGCGTTTGAAACCGCAATGAGCGCGCGGCCATGGGCATGGGACATATTGAACGTGATCGCGGATCGATCTCCCAATTTCGAAGTCACGAAGGGTTTGCCTGCTGCGCTCCGCTCCAGCGCCACGACATCCGGGGAGACCCCAAGGTACCAGCTCAGCACCGCTCTGAGGCCACCATGAGCCAGCACGTAGTGCTGCCGATCCTCTTCTCGAACCAGGCGAGCCGCTCGCCCTCGCTCGACGTCGTCCAGCCATTGTGCGCATCTCGTGAGGCAGTCTGGCGACCCGTTGAGCTCAATACCCCAGAGATGCACGGCGTTCGGCTCAAGCGAGACGGGATCCTGCCGCTCTGTACTGGCTAGACGATCGATTGAATGGAATGAGATCCGCACATTGTTATCCTGATGCCGACAGCACCTTCGTTCCTCGGCAAACGGAGCTGGTGAAAATCACGCTGCCCTATTCGTAGGTTGCACCGGAGTATCTTGAGAATGCTCGGCGATAAATCGCAGTATGCGCGAAGATGTTTCTTGGACATGCGGTGAAACGACGAGTTCTTCCGTTCGCCAGGCGGCGATTTCCAACGTCTCGCATCCTCCGCCCGCCAGGTCTCTCCACGCACGTCTGGTATCGTGCTCCATCACCCGGTTCGAAGCCACGACATTGAGTATGCGTCCGGAGTATGCGCGTATGGCATAGTGGGCGGCCGCATGGAACATTGCCTCCTCGATACGTTTGCCGAGCTGCTGTCTTCGTTCATTCCCAGTCGGCCCGTTGACAATGGACCATAGCGTCTCACATTTCCGTCGCACGACCGACAACCATTCGTTCATTGGTCTGCGCAGGAGGTCTCCAACAGTGCGCCAGGTCAGCCAGAGAACAGCCAGCGGCAATGGCAGTGGGCGAGGGTGCTCAGTTGCATCTGAGCGATACGAACTTGGGTGCCAGCTGTTCATAATAACCAGGGTAACCGACTCGCCTTGAGCCACCAATCGCTGGGCCATCTCATAGGCGACTAATCCGCCAATGCATGTGCCAACGATCGCATAGGGCCCTTTTGGGAAACACGTACGGATTTCAGCGACGTACTGTTTTGCCATCTCCGTCACAGAGTCAAACGGTTCCGCTTTTCCGTCGAAACCTCGGGCTTGAAAGCCGTACACCGGATGAGTCCGACTCAGTAACCTCGCCAACTGAGCGAACCACAACACATCCCCTCCGATACCCGGAATCAAAAAGACAGGGACAGACGACCCGTTGGGATGAATGGTGACCAGCGATTGCCATGGTGATGACGATTGTTCCTGGGCAAGGAGTGATGTGAGACTGGCGATAGTGGGTGCCTGAAACAATGTAGAAAGCGGAAGATGTCGGCCGTATACCTGTTCAATGAGATAGAAGAGCTGAGCGGCTTTAAGCGAATGACCGCCGAGATCGAAGAAGTTGTCGTGAAGGCCGACAGTGTTGATTCCGAATACCTGCTGCCACAAGGCAGCCATTTGTACATCTATTTGAGCGCTCGGTGCGACATAAACCGCATCACTTGAGAGGGTGGAGGCTGGGGCCGGTAAGGCTTTCCTGTCGACCTTGTTATTGGCCGTCAAAGGCATGGCGCTCAGAGAGATGAAAAGCGAGGGAACCATATATTCCGGAATCTCAGCCCGCAGAAACGAGCGAAGTTCCATCTGGTTTGGAGCAGAGCCATCCTGGAAGACCACATACGCCACTAACTGCTTATTACCATGCGGATCTTCCCGCGCCGTTACCACGGCCTGACGGACTGCTGGATGGCGGCTCAAGGCCGTTTCGATGTCGCCTAATTCGACCCTGAACCCTCTAATCTTGACCTGATGATCCAATCGTCCCAGATGCACGATGCGTCCATCGGCTCGATAACGAGCCAAATCTCCCGTTCGGTACAATTTCGCGAGGGAATCGGTTGAAAATGGATGATGGATGAACCGGTCCTGCGTCAACTCGGGCCGTCCACGATACCCTCTGGCTAACCCGTGGCCTCCGATATAGAGTTCCCCGGCAACCCCGATGGGAACCGGCTGGAGGAAGTGATCCAAGATATACACGTCTGTGTTGGCAATCGGCCGCCCAATGGTAATTTCCTGATCCGTGCGTTCTATTTTCTCGATCGTGGACCAAATCGTGGTTTCAGTCGGACCATACATATTCCACAGGGCGGAGCTGCGATCTCGCAACGACGTCGCAAGGTCTGGAGGAAGGGCTTCCCCTCCGCACAGCACCGTCAGTTTCTGACTGCCCAACCAACCCGCCTCGATCAACATTCGCCATGTTGCAGGGGTTGCTTGCATGATCGTCGGCTGGACGGCTTCGCAGAGGGCACGTAATTGCCTCCCGTCCATCGTCACCGCGCGATCGGCGATCTCGACACGGGCGCCGACCAGCAACGGGACATACAGCTCCAGCCCGGCAATATCGAAGGACAGTGTCGTGACGGATAACAGGATATCTTGAGTAGAACATCCCGGTTCTCGTCGTATCGAGCACAAGAAATTCAGAAGCGCCCGGTGAGGAACTTCCACCCCTTTGGGCTGTCCCGTCGATCCCGATGTGTAAAGAATATACGCGAGATCTTGAGGCGTCGCGATCGGGGGAAGATTATTGTCGACCTGTTGTGCGATCCGTTCCCACTCTCGATCGAGACACAGCACACGGCAGGTCCGGGCATCAAACCGATCGGATAGTTCTTCGGATGTAAGCAGGACCACGACCGATGCATCCTCTGTCATGAACCGAAGCCGATCCCGTGGATACTCAGGATCGAGCGGCACGTAGGTGCCACCGGCTTTGAGCACCCCCATCAGCGCAACGACCATCTCCAGCGATCGCTCAAGACCAATGCCGACCGTCACACCGGGGCGAACGCCCAGTGTTTGGAGATAGCGCGCCAGCTGATTCGCACGGGCATTAAGCTCACCGTACCGCAGCGCCTTCTGTCCCATCGACAAGGCGACGGCGTCGGGCGTCCTCTCGGCCTGGCATTCAAACAGCTGCGGGAAACATTCGGACTGCGGATAGTCTTGTTGCGTGCAGTTCCAGTCCTGCAACATCTGCTTGCGCTCGGGTTCCGTGAGCGTCGGAAGCTCGGAAAGCCTGGATTTGGGATTGCCCAAGGCGCTCTGAAGCAGGGCTTTGTATTGTCCCAACATACGCTCAGCGGTCTGAGGCTGAAAGAGATCGGTATTGAAGGTCAAATAAGCTTTGCGGGAGATCTCCGTATCGATTGTCAAGCTCAAATCGAATTGTGCGGCTTGCGTCTCCACTTCGAACGGCACCCAGCTCAAACCATGGACGTCGATCTCTCCGATGGGAGCGTTCGGCAGATTGAAGAGGACTTGCACCAGTGGGGCCGAGCTATGGTCGCGGGACGAGTGCATCGTCTCGACCAATTTATCGAACGGAAAGTCCTGATTGGCATAGGCGCCTAACGCCGTTTCGCGGACCTGCGCTACCAGTTCGACGAACGTCGGATCGCCGGAGAGATCGGTACGCAGCACCAGGGTGTTGACGAACGAACCGATGATCGATTCGACCGCAGATTGAGTCCGGTTGGCAATG
CP060501.1_gap75	2689989	2692302	2313	CAAGGAAGCCCCGATCTACGCCAAGGGGTATCGCTGGGACCAGACGGACGTTCCGTCCAAGCACCCAATGGTGACGGAGTCCGAGGCTGACGCAATCGCCGATTACTTTGCCGAACACAACAAAGATCCGCGAATCGCCATCGGAGCCTTTGATGTGTCGAAGGTCACCAAATTCGACGTCGCGTTCGGCGGAGCGGCCTACAAAGCCCATGCCTGCCTTGGCTGTCATACAATCGAAGAGAGCGGCCGCCTGATCGGAGGCCCGCAGAGTGCGGCTCTGCAGAAGTCCGGTCAGCGATACGACAAGGACTGGCTGTTTCGCTTCGGCCAGAATCCACAGGATTTCGTGCCGCACAGCGGCGAATTCCTGGCCGATGCGACGGAGCCTCAGCTGCGCGCCGTGATCGGCTATCTGATGGTCCAAGGGGTACCCGACTTCCAGTATTACGAGCCGTGGACGAGTCCTGAATTCGGAAGGGCCGACGCAGGGCGTGGCAAGGTGCTGTACAAGGAATACTGCGCCCAGTGTCACGGCTTGACCGGAAAAGGCGATGGTCCCGCTGCATCGGGTCTGGAGCCGAAACCGGCCATCCACGCCAACATGCCGTTCGAAAAACTGCCGATGGAGTATCTCTATAACGTAATCAACCATGGCGGGCCGGCCGTTGGAAAATCGCCGAACATGCCTTACTGGGGGTTGACCATCGGACAGCAAGGGGTGGCGGATGTGATCGCCTATTTGAAGGTGACCTTCAAGGGAGTGCCGGATGTCGCAGCCGTGCCGGGAGGAGGACAGGGCGGTACCTGCGCGCAACCACGCAAAACGGCCAAGGCTCCGGAAGACTTCCTCGCCAGGACGAATCCGCATCCCTCATCTGCGGGTGCAATCCAAGTTGGGAAAGAACTGTTTCTCAAAACGGCGCAGCCCGTTGCCTGTGTCATGTGTCATGGGGAACAAGGAGATGGGAAGGGGTTGATGGGTGCGGCTTTGGTGCCGCCGCCAAGGAATTTCACCTGCGGGATGATGATGCGAGAGATTTCGGATGGTCAGTTGTTCTGGATCATCAAGAATGGTTCGCCGGGCACCGGGATGATGGCCTTTCCCGGTTTGCCGGATGAGCAGGTGTGGCAGTTAGTTCACTACATCCGGAGTTTGGCAAAATGATCGAGAGCAACAGTTCGCCTGTGAGAGACCACAAACTATGAAGCAGCAGAGGGGTTGATAATGGCGACGTTTATTATCTCCGGCAGTCGAGGAACCGATGATCCCACGATGGCGACCTTGCCGTTCATGGCCGCCAAGACCGCAAGAGAACAAGGGCACGATGTAGTGCTGTGGTTGTGGAACGAGGCCGTCACCCTGGGGCGGAAAGGCGTGGGTGATCATGTGACGGGCGTCAACTTGACCCCGCTGAAAGAGTTGCTCGCCGCGGTACAGGCGGCGGGTGTGCCGATTTGGGTTTGCGGGGCCTGTGCCGTGGCCAGACAGATTGGTGGAGGGGACTTGGTGGGTGGCGCCTCTATCAAAGGTATGCCGGATTACATCAAAGCCGTCGCCGACCGCGATCGGAGCGTGGCATTCTGATTGGAGGTCGAAAGAGGGCCCGTAAGGCAACAGACGGCGATCAGCCGGCAAGCCATAAGACCGCAAAGATCGGGTGTTCATGAGCGCTCGCGAATCGATTGAATCCATTTGATCCGGTCTGTCTCTAAGAGTCAGTCGAATATGAAGGTATTTCTCGGTCTAGATAGGCTAGGCGAGGGATCCTCAAGCCAGGAGGGTTGTGCGATGAGAAAAAGACTGTTAGCCGTTGTCGCGATCGCTGTCGCTGGGTGTAGTGGGGTTGCCACCCAAAAAGCAGTGGGCGGGGAACCAACAAGTCCGGCCGTCGGATATGAGATTCATGTCCAGGCACCGCACATGATGGCGGATGGGACCCCGGGAGGCCCGTTTCATCATTATTGCAAGGGCATTTCCGACAAAATTCTTCAATGCCTTCTGTTCGAATCCACCGATCCCAAGGCACCTCTGGTCGGCGTCGAGTATTTTGTCGCCAAAGACCTGACCCGAAAGCTTCCCGCGATCCAGTGGCATCGGCACTTCCATGATCATAAGGTAGAAATTGCGACGGGGCGAGTCCAAGTCCTCGATATGCCCGCTGATCAGGCCGCTAAGGTGGCGGAAGTCGCAGCAGGGACAGACGGTGTGATCTATCATTTATGGCAGCATGGGCAGGAGTTCCCGGACGGCACCGTCAGTTTTCCCCAGTCCCTCGGACACAAGTTTCCGGGATATTCGGACAAGTAGGATCG
CP060501.1_gap76	2693808	2698621	4813	AGGCCGACCTCTACGAAGAATACCAAGGGCGTGTGCGGATCAAGCTAAAAATCCAAGGTACGCCAGAGAGCAAACTGACCCCAGGTCTTCACGGCATCCATATTCATGAAGTTGGAAGCTGCGAGCCATTTTCAGCGGCCAAGGGGCACTACGACGGCAACATCGACCCGCAAGTGAACCCCGATGCGTCCGTCAATTCCGGTCTTGGTAACCATCCCTATCACCTCGGCGATCTCCAGAATCTGTCCGTTGATGAAAATCGAAAGGGGTCGCTCTATACCGTCACAAGCCGGGTTACCCTGGCCCCAGGGTTGACTACACTCTTTGATCAAGACGGAAGCGCGTTTGTCATACATGAGCTTCTAGACAAATACCTGCCCGATCCCCCGACAAAGGATGCGCCGGGTGGGGCGCGAATTGCCTGCGGCGTCATTGTGAAACAGTGATCGGCATCCGGAAGTCTGCGATACCCCTCTGTCATGCTCGCTGTGGCGAATAAACGATTCTGTTCTCCTATCGTTGTCGCCTTTTTCCCCACCTGACCATATGGCTCTGAGTAATCCTGCATCACATTGACACGGCTCCGTTGCGATGAAACCACCACATGCCGCTGTTTCGCTGTATTTTCGATCACATATGTCTTGAAGTGAGCCCGCGGCATCAGAATCGCACTCCACTTGTGTGAAGCCAATCTTAATAAGAAGACAGACTCTCAATCGATAGAGGAGCTGGCAAGGATCGGGGGAGAAGGAACGAGTTCAGGTTCTATCAACCATCATCGGGAGAAGCGTATGACTACATTATCCAGACCAGGGGTTCCTGTCGGAGGGTTTAAGACAGTGGGGCAGATACGTGCCACGAATGAGCTCGTATTTCGTCGTGATCAGAATGCGATGGGAGTAGCTGTCGAGCTGCTGGCTACTCATACACCGGGTGCGCCGGTCGTCGACGAACGAGGCGACTTCGTCGGCTTTATCAGCGAGTTCGATATTCTTCGGGCGCTGGAGGCAGGAAAGGATCTCAATCGTTTGACGGCTGCAGATGTGATGGCGAAGGAGCATATTGCGGTGACCGATGAGACGAGCATCGATGAAGCCGTGAAGCTGATGGAGGATAAGCGGCTCCTGAATCTCCCGGTGAAAAGAAACGGCAAGGTCGCCTACTCGATCACCCGCCATGATCTTTTGAGAGCCTGGATCGGGCTTGGAGTATCCATTGAAGATCAGGCTGGTTGAGGGAGCAGGCTCCCGTTGCGTTTGAGTCGAGGATTCTAGGCAGCGAGGGAGCCGAGTGAGGTTTTACCGGAGGTGATCGCGATGGCAATAATACAGAAGGCGGTTGTTGCGGTGGGATTCACGTGCTTGCTTCTGCTGCCATCTCTCCCCACCCGTGCCGACGAGGGGCATGGGGGGATGATGCATGGTGGTCATGATCTGGGAGAACAAGACGAACACAGTGCACATTATCTAAAACATCTGCTGAAACATGCCAAAGAGCTCGGGCTGACGACGGAACAAATCAGTAAGCTCAAGGCCATACAACTGGACTTCAAACGCTCAGAAGCCCGATTAGAAGCCGATGCCAAGGTGGCGAAACTTGAACTGCATGCACTCTTGGAAGATGAGCAGGCCGACCTCACCGCGATCCAAGCAAAAGTCGAACAGCTGAAAAAAGCGGAAGGAGCCTGTTTGCTCGCGGCGATCAAAAGCACACGCACCGCTATGGCCCTGTTGACTCCCGAACAGCGTGAAAAGGATCGCGCCCATTGGGATCACATGAAGAGCTCGGGTGAAGGACAACACAGTGGCGGAATGGAAGGGATGGGCCACGGTGGGATGATGGGAGGCCGAGGCGGAATGGGCGGCATGATGGGTGGTATGGGGGGAGGAGCGATGGGCGGCAGCGGGCATGGACAGAGCGGTGGGGATCATGGGAGTGGAGGATCCAGCGGAGGGCAGCAACACCAGCATTGAAAAATTGAGCACCGCTGTCCGTCTCAGAGCATGCATCTCGCTTGAATGTGAAACAGGAACGAGCGCAAGAAGAGAGGTCTGACGTATGTTCTCACGTATCGTGGTGAGCCTTGTCGGGATCGTATTGACTGCATCGTGGGCACTGGCTCAAAGCCATTCGGGAAATCTCAAGAACGGGGAAAGAATTTTCCAACAACACTGTGTCGGCTGTCACGGGACCGCCGGTGATGGGCTGGGGCCCGATATCAAGGAATTGATCGTTCCGCCTGTGAATTTTCGATCGGCGAAGTCGCGCACGAAGACCGATATGGAGCTCTATCTGTCGATCAAGCAGGGAGTCCTCTTCAGTCCGATGCACGGATGGGCGGATCGGTTGTCGGATCAGGAGATTCGAGATGTGCTGAACTACATTCGAAGCTTGGCTCCTTTCAATCCCGTCGGTTAGTTCGAAGCGTTACTGAGAGAGCGCAAATCATGCTATGTGGCCGGTCTATCCATTATATAAGAGGACGGCTCTCCTCCTCGGTGGTGGGCTACTTTGTGCTATGCTGGCAGCCGGTTGTGCCAAAGATGGGCGCCATCACGGAGAATCGCAACCGAATCCGTATCTGACGTCGGACACCAGGTATTCCATTCCATTGTCGTCATCAGCCGGGAAAGAACATCGCGCGGTGATGCTTCAGCACCTGGAAACGATTCAGGTGATCGTGAACGCGTTGGTTGACGAAGACTATGAATTGGCACAGGGCTTGACCGAATTGCATCTGAGCTTCTTTAAACATCGCCAGGCAATGGCGCATCAGGAGCCGGAGAAGTTTCCACCCGCCTACCATGATCTGGCCATGGCACATCACGAAGCAGCGGAGGAATTGGCGCGCGTGATTCCCAGCAAGGACTTGAAGAAAATTTTGCCGCCGTTCAACAACGTCTTGAAAGCATGCGTGGCGTGTCATTTGGAATACAAAGTCGGGGAACGTTGATCGTGTATGGGAGAACACAATGAGTGAGCAGACGACGATTACCGCATTTTATGCAGAGGATCACGACCGCCTGGATGAGTTGTTCAAGACCTTTCAAACATCGAAGCGATCGGATTTCGTCAAGGCCAAGGAAGCTTTCAAAGCGTTCAACGTCGGTCTTCAGCGGCATATGCTATGGGAAGAAGAGCTCCTTTTCCCGGTGTGGGAAGAGAACACCGGTATGATCGAGGACGGGCCGACGCCCGTGATGCGGCATGAGCATAGTCAGATCAAGCAGTTGCTTGGAGCGATTGACCAAAAGGTGGAAAAGCAGAATCTCGATACCGATCAGGAAGAGCAGGCGCTGCTCACCATATTGAGCTCTCATAACAGGAAGGAAGAGCGGGCCCTCTATCCCGCCATCGATCAAGTGACCAGCGAAGAGGAGCGTGCCGCAGTCTTCACCAACATGCAGAGTATCCCGGAAGACCGGTACAATGCTGGGTGTAGTCCACACTGACGGAAATCGAATAAAGGACGACGTCGCGTGGGATCCTTTCTCTCTCACCTCAACCTCAACAATGTGCTGGCCAGACTGATGGTTTCGTTCAGTCTGCTCGCCGTGAGCGGCCTGGGGATAGAAATGGTATCGCTATCCGATTACGCCTGGGCCGAACCCTCAGCCTCTCAATCGAGCGGGAAGTTGAAGGGTAATATCCTTCGGGGCCGTGAGATTTTCAACGGCAAGGGTGCCTGCTACTACTGTCATGGCATCGATGGGTATATCGGTAAGCCGCCTCGATTAGCGGCAGACACTGCCGCGCTCATTGCGAAACTGAATCCTCCTCCCACAGACTTGCGGAATCCCGAAGCGTTGCGACTGAAAACCAACCAAGAACGCTCTCGTGCTATCCGAGAAGGCCATCCCGGTACCGGTATGTTTCCCGATACCACCATGACCGATCAGGACCTCGCCGACACGCTGCTCTACCTCGCGCTGATCAGAAAAGACCCTCACCCGGAGCAATAGCCTCGGGACTTGACGAGAGAATACCGTCGATGAGGTCGTCATCGAGCCGATCGATGGCTTTCCCTTCTCCACCCATAATCTTGCGCCCACGATCCTGCATCTTTGGCTTCCCGGTAATGCGAAAACTGATTGCGGTCAAGTTCGCTGATTTCAGGAGCGGCTTCGGCAAGCTGCCCCCGACCCTCGATCCCTTGTAGCATTTCTTTTGCATTTCAGCAGGACAGCGGGGTGAGGGGGATGTGCAGGCCTCTAAGGATTTTGACTGGGACCCGTTACACGATCCACGCCGGGCGAGCCGACGCACTTGGTCGGCAAGGAGGCGGTCCATGAAACACAGGCGCATTATTGTTACCCGCTATGGGGGACCAGACGCACTTCAGATCATTGAAGAAGAGTGCCCCGAGCCGAAGCACGGTGAAGTGCGGGTGAAAGTGCTGGCTGCGGGGGTTTCCTTGCCCGACCTGATGATGCGGGAGGGCATCCATCCTGAGACGCCGCCGCTGCCCTTCACGCCAGGATGGGATCTAGTTGGTGTGGTGGATCGGCTCGGCGCGGGCGTCTCCGGACACGAATCTGGACAGATCGTGGCCGCGTTGCCGATCAGCGGCGCGTATGCGGAGTTCGTCTGCCTGCCACAAGGTGAACTGGTGCCGGTGCCCGCCGAGTTGGATGCAGCCGAGGCTGTCAGTCTTGTCCTGAACTACATCACGGCGTATCAGATGCTGCATCGCTCCGCGAAGGTGAGGCCAGGTCAGCGCGTGTTGATTCACGGCGCGGCAGGCGGAGTGGGCTCGGCGCTCTTACAGCTTGGGCGCCTCTCCGGGCTGAAGATGTACGGGACCTGTTCATCG
CP060501.1_gap77	2716131	2717414	1283	AGCGGAGTATGGATAATTTCTTCCGAGATACGCGTCACCAACAGTTCTAAAGGGAGAGAATGTTGGATCAATCGAAAGACGTCAATGAGCGGCGGCGGCCAAGCTTGGCGGTATTCAAATTCGCCTCTTGCGACGGGTGCCAACTCAGTATTCTCAATCTTGAGGAGGACCTGCTTGCCGTGGGGCAGGCGCTGGATATTGCCTATTTCCCTGAGGCTTCCAGCGACATGAAGCCAGGCCCATACGATATCGCCCTGGTGGAAGGATCAATCACCACGGCGGAAGATGCGCATCGCATTCTGTCCGTGCGCAAGCAGGCAAACGTGTTGATCACGATTGGGGCTTGCGCAACGGCCGGCGGCATTCAGGCGTTGCGTAACTGGGCCGATGTCGAAGCGTTCAAGCGGACCGTTTATCCTAGTCCGGAATATATTCAGAGCCTCAGTACGTCCACTCCCATCTCGGAACATGTCCATGTGGACTTCGAACTATGGGGCTGCCCGATCGATAAAGGCCAGCTCCTGCGCATCGTCACGGATCTCGTGGCGGGAGTTCAGCCTCGTTTACCTGCCGATAGTGTGTGTCTGGAGTGCAAGCGGCGAGGAAATGTCTGTGTGCTGGTCGCGAGGGGGATACCGTGCCTTGGGCCGGTGACACGGACAGGCTGTGGAGCGATCTGTCCCAGCATGGGTCGAGACTGTTACGGCTGCTTCGGACCCAGCGAAGGCGCGCGAAAAGGACCAGGCCTTCCACCCAACACGGCCTCGCTCGCGAAGCACTTCCATGGCGAACTGCAACTGATCCCAGTCGAGGTCATGCGGCGATTTCGTGGCATCAACGGCTATGTATTGCCTTTCCGTGCGGAGAGCGATCTCTGGGAGAGCAAGACATGACGCATAAGGCCTACCTAACGTGCGAGCGTTGAGGACTTGATGCCCGAAAAAACAGCGCAGACGAGAACCATCGCCGTCGACATGGTGGCGCGCGTAGAAGGTGAAGGCGCACTCCGTGTCACGGTGAAAGACGAAACCGTCCAAGACGTGGAGCTCAGGATTTTCGAGCCGCCGAGGTTTTTCGAGGCCTTCTTGAGAGGGCGGCATTATGAAGAGGTGCCTGATATTGTCGCGCGCATCTGCGGGATCTGCCCGATCGCGTACCAGATGAGCGCGGTCCACGCACTCGAACAGATTTTCGGTCTTCGCGTCGAGGGGGCGCTGCGCGACCTGCGCCGGCTCATCTACTGCGGCGAGTGGATCGAAAGCCATGCACTGCACGTCTATCTG
CP060501.1_gap78	2722654	2724040	1386	TGTAAGGATTGCGGTTATCACGGCGCGGAACGCCCCATCGCACGAGCGAGTTGTGACCACATTTCGGCAATGGAATGTGCAACCGGACGAGACATTCTTCCTCGGCGGCATTGACAAGACACGAATTGTCCAGGCATTCAAGCCACACATGTTCTTCGATGATCAAGTCGCGCACCTAGAAGCCGGCACGCAGTACGGTGCCATGGTTCATGTACCATTTGGAATCAAGAACAGACGTGCTACTAACGGCGCCTAATAGGCGACGGCACCCGACAGCTGCACAGTCAGGAGCAAGTGCGGGGTCGCGGGTTGGCTGCGGTCGCTCCGATGGCACCGGATCCACAGGGAGGAGTACCGATGTTTCGCCCCTTCTTCGAGGTCGGCTGTTTCCACATAGACCCCGATCGGTCTTCACATGATCGTGGAAATGATGTCGAGCAATGGGGTTGCGGGGGATCATTGCCATGAAGTACGTGGATGAATTTCGCAATCGCGCCGTGGCGACCGCGCTGGCGGAGCGGATCAAAAAGACGGTGCGGCGGCCTTGGTCGATCATGGAAGTCTGCGGCGGACAGACCCACGCGATCGTACGCTTCGGCCTCGATAGCCTGTTGCCACCGAACCTCACGCTCGTCCATGGACCGGGCTGTCCGGTTTGTGTGACGTCGGTATCCCTCATCGACCGAGCTGTCTGCCTCGCGTCGTTGCCTGGAGTGATCTTCTGTTCGTTCGGCGACATGTTGCGAGTTCCCGGTTCCCGTGGTGACCTCTTTGGCGTGAAGGCGGCAGGGGGAGATATCCGGATTATCTATTCGCCATTGGATGCGCTCGAGCTGGCACGCAACAACCCAGATCGCGACGTCGTCTGTTTCGCTGTGGGATTTGAAACGACTGCCCCGGCCTGGGCCATGGCGGTCACGCAAGCGAAGCAGGCGGGTATTACCAACTTCAGCCTGTTGATCGCCCATGTGTTGGTGCCCCCGGCGATGGAGGCGATCCTGGCGTCGCCACAGAATCGAATTCAAGGCTTTCTTGCTGCAGGCCATGTCTGCACCGTGATGGGCTATGAGGAGTACGAAGCCATCGCACAACGGTATCGAGTCCCGATCGTGGTGACCGGGTTCGAGCCGCTCGATGTGCTTGAAGGCATCGCGATGTTGGTCAGTCAGTTGGAAGAGGGACGAGTCGAGGTCGAGAATCAGTATGTGCGGTCGGTCAGTCGTGAAGGGAATCAACAGGCCAAGTCCGTCGTCGATCGAGTGTTCGAACCGGCGTCTCGGATCTGGCGCGGTATCGGCGAGATTCCAGCGAGTGGCCTGCGCCTCAAATCTTCCTACAATACCTACAATGCCGAGCTGAAGTTCCAGCCGGACCTTGCGCAGCTCG
CP060501.1_gap79	2791374	2794018	2644	TTTGTCGATGGACGTCAGACGAAGCCTCTTTCGCTTCATTGAAAATGTTCTCGATGTACCGCGATTTGAGCCGGAACGGGTGAATGAGTACTGCCAGGGATGATGAGGTCTCGGCCAATAGCCCACGGAATTAACACGCGAAGACGGGCCGACGGCTGATTGTCGATCGCGGGGTCATGTGTATGAATAGAATGCCAGGCGTTGCCATCTGGCTCACCGGCCTGCCCGCGTCCGGAAAGAGCACCATTGCGGCCGCACTGAAGCCGAGGCTGGAAGAAATCCGTTCCGTCGAAGTATTCGAATCGGATGCCGTCCGGCGAATCTTGACACCTCATCCAACCTACAGTGGCGGAGAACGAGATCTGTTCTATCGTGCACTCGCGTTCATGGGTGCGAAACTGGTCTCGCATGGTGTGACGGTGATCTTCGATGCGACAGCCAACCGGCGGGCCTATCGGGATTTTGCCAGGAGTCTGATCCCGAGGTTCATCGAGGTGGCCGTGGAATGTCCGTTGGAACTGGCGAGGCAGCGTGACTACAAGGGAACCTATCGGCGCGGGCAGCGAGGCGAATCGGCGACCGTTCCAGGATTACAGGATCCCTACGAGGCACCACTGAGTCCGGAAGTGCACATTGATACGACGAAGGTCTCAGCGACAGAAGCAGCGGAGAGAATTATGGAGGTTGTCAGGAACACCGTGCTCTCATAAACCAATAGCCTCAGCAGGGCTCCTCAAACGAGGTACCGTACAAACCACCTTCCTGCATGTTCCGCCACCTGTTCCAAGGTCCCAGGCTCCTCGAACAGGTGTGTTGCCCCGGGGATGATGACCAATTTCTTTTCACAGGTCAGCCAATCATACGCTGCCTGGTTCATGTCAATGACCGGTTCATCGTGGCCTCCGACGATCAACAAGGTCGGAGCGGCGACCGACGGCAGATAAGATTTAGCCAGGTCCGGTCGTCCCCCTCGTGACACGACGGCCCTGATGTTCGACGGATTTCGCGCTGCGGCTTGCAGGGCTGCTCCGGCGCCGGTGCTGGCTCCAAAATAGCCGATTCCCGTGTTCTTCGTCCGTGGTTCCTCGACCAGCCAGCCTTTCGCCAGCAGGAGTCTGTCTGCCAGCAGATTGATATCAAACACCTTGCGCCGATCGTCCGCTTCCTCTTCAGTCAACAAATCGAGCAGGAGCGTGCCGAGTCCATCTTGCTGCAGTCGTCGGGCGACGAAGTTGTTGCGAGGGCTGAACCGCCCGCTCCCGCTCCCGTGTGCAAAGATGACCACCCCGCGTGCGACGGTCGGCAGGCCGAGGATACCCTCCAGAACAAGTTTCCCTTTCGTGACCTGTACATTGTGTTCATGTGGGGCCGTCATGGCTTAGTCCGCTTCTTTGCAGCATTGCAGGGAGCCGGACGGCTGAGCGCCGGCGGCAGTTTGGTCTGGTCATCGACGCAGGCGGCATTGAGTTGTGACTGTGTGAGACCGATGACCGAGGAGAGGTTAGCGCCCCTGAAGTTCGCGTGACGCAAGTCCGCGGAGTCCAGCCGAGCCTCGCTCAAATCGGCTCCGGCGAGGACGGCATCGTGAAGGTTCACGTCTTGGAGATTCGCGTGAGCCAAATTTGCATCGGTGAAGCTCGCTCTGCTCAGATCTGCTCCGACGAAATTGGCCGATTCCAGGTTGGCCCTGTTGAACTGAGCGTGACGGAGGGAAGATTTTGGAGCGTAGATCTCGCTCAAATCGCCGTTCGTGAAGTTGACGCTCAATCCCTTGGCTCCGATAAAGACCGCGCGGTTGATGTGGGCGTCGCGGAAATCGGCTTCATCGAGGGTGGCGTGATACAGAATGGCCATCCGGAGTTTTGCGGAGCTCACGCGCGCCCTGACCAGATTGGCTTCTTCCATGTTGGCGCCCTCTAGGTCGGTATTATGCAGGTCTGCGTCATACAAACTGGCGTATCGCAGGTCGGCACCGCGAAGAATGGCATCCTTCAGGTTGGCCTCGCGCAAGTTTGCCTCGTCCAGGTAGGCGCTTTCTAAGTCGGCTTCGATGAGATGGGTCCGATCGAGTTGCGTATGGTCCAGCAGCGCACCCTGAAGGCTGGCCCGATAGAGATTGGCGTTGGTCAGGACAGCACGACGCAGGTCGGCGCCCGATAGATCAGCATTCACCAGGACGGCGTCTTTCAGCGTCGCTCCGTAAAAATGGGCTTCGACGAAGTTGCTGTCGGTCAAGTCGGCAGCCGTGAGATCGGCCCCCTCCAGCTGAGCCCGCTCGAATGTCGACTCGTGCATCGTCGCGCCGATGAAGACGGCGTCAAAGAGAGCGGCTTCATCGCCGATGGCGCGAAAGAGATTCGCGCCCGCGAGTCGGGCACGACGCAGATCGGCTCCGGAGAGGTTACTGTCCTCAAGGATGGCTTTGGTGAGGTCGGCCCCCTCAAGACTCGCCTGAATCAGAGTGGCCTGAGACAGGTTCGCTTGACGTAAGATGGTGCCTTCAAGGTCCGCCCGTTCGAGATTCGCCCCCGCGAGTAATGCTCGGCTGAGGTCGGCTTGGCAGAGCTCGGCGCGTTTGGCATTCGCGTTGCCTCGATATTCCACCCATCGTTCGTGCGAACGCACGAGGGCATGCAGCGTCTTC
CP060501.1_gap80	2805556	2808456	2900	CGCCAATCGGTTTCAGAAGGGACTGGATACTCTGAAGGCCTAACAGCCTGCGTATGTGCTCACCTTCAGCGGTCAGTTTTCGGCGACGTGGCGTGAATTCGTCGGCGAAAGCTGGCCGCTGATCGTTTTTGGAGAAGCGAATCATGAAAGGTCTCAGTCTCATCGCACCGGTCGATCCCAAGCAATTGGAGAAGGAAACGCTACGAATCTACGAGGTCTGTGACGGGTGCCGGCGCTGCTTCAATCTCTGTCCATCCTTCAACACCTTGCTGGATCGAATTGACGTGTACGAAGGTGATGTGGCCAAGCTGACTCCAGCCGATCATCATCAAGTTGTCGACGAGTGCTATTACTGCAAACTCTGTTTCAACCATTGCCCCTATACTCCGCCACATCACTACCAAATCGATTTCCCGCACCTGATGGTCGCGTGGAAGAAGCGTCTCGCCGCAGAACGCGGTGTCCGGTGGCGGGACCGCCTGTTGATCATGACGGATACTATTGGACGACTGGGCAGCGTGACGGCTTCCATCACGAATGCGTTGTTGGGCAACCGACTGGTGCGCCGTATTCTTGAACAGGTGGTAGGAATTCATCAAGACCGCCGTCTGTTGCACTTCTCTCGCGAAACGTTTCCCCGCTGGTTCGACCGTCGAACGAAGACGGCAGCGGCTGATCCCCCCACCCGCAAGGTCGCGTTGTTTTCCAGTTGCCTCGTGAATTATCAGGCGACCGATGTCGGCAAGGCGACGGTGCAGGTGCTGGAAAAGAACGGCATCCACGTCGTGGTGCCGGAGCAACGCTGTTGCGGGATGCCGAGTTTTGATATCGGTGATACCCAGGCCATTCAAGAAGCTGCTCGAAGCAATGTCGCGTCATTGTACCCATGGGTCCTCAAGGGGTACGATGTAGTCGTCCCGACCGCCAGTTGCAGTTTGATGCTGAAGCGAGAATATCCGGAGCTTCATCGCGATGAGCAGACCAAACAGGTGGCCGAGCGAACCTTCGACGTCTGCGAGTATTTGATGGCGATGAAAAAAGCCGGCCATTTGGCGACCGATTTCACCAAGAAGCCGGGACGCGTCGCGTATCAGATCCCCTGTCACCTCAGGGATCAAAATATCGGGTTTAAGTCCAAGGAACTGATGGAATGTGCGGGCGCTCAAGTCGAGCTGATCGAACAGTGTTCGGGACACGACGGGGCCTGGTCCGTCAAAACGGAGTTTTTCCCCTTGTCGATGAAGATCGCCGGCAAGGCCGTGCGGGCGATCGAGCAAACACCGGCCAACCTCGTCGCGTCGGACTGCCCATTGGCGGGGTTACAGTTGGAACAGGCCGGCGCGTCGGCCAATGCGGGGGAAAAAACCGTCCTGCATCCGATTCAGATCGTCCGTGACGCGTATGGGCTATCCTCACAACAGTGAGGGGCTTGGGGAAATACAGTGATTCACGTTTGTCGAAGGGTAGGTTAGGGGGTCAACAGTGAAAACGATCACATTCGGCGATGTCATCCCGCACGAAGAGTATGAACGGCAGCGAGAAGCTTTTCGCGCGAACATCATCGAATTGAAGCGGCGGCGCCGACTCTCGATCGGCCCGTTGATCACCGTCGTCTTCGAGAATCGTGAGACGCTGCAATTTCAGATTCAAGAAATGATCCGAACCGAGCGCATTGTCGACCCACTCAAAGTGCAAGATGAGCTGGATGTATACAACGCCTTGCTGCCGCATCCGAACGAACTGAGCGCGACCCTCTTGATCGAAATCACCGACGAAGCCACGATAAAAGAAAAGCTCGATCAATTCATGGGACTGGATCACGGAGAGAAAGTGGCGATCACTGCCGGCGGGGAAGAAGCCTTCGGAGAATTCGAAGGTGGCCGAAGCCATGAGACGAAAATCAGCGCGGTTCATTTCGTCAGGTTTCACCCGACTGCCTCGATGAGAGCGGCCTTTGCGGATCTCACTCGGCCGGTGACGATTCGAGTGAACCATGGCGGGTACCATCAGGAGGTTCCCGTACCGGGCAGCATGAGGGAAGAGTGGCTCGCCGATTTACGCGCCTAACTCGGCATCCGGGACTCACTGGAGCACTATGCCGTCTGTTCTGTTGAACAAGCGCATCGAATTCGCCGCCGCGCACCGCTATCTCCGGACCGAATGGGATGAGGCGAAGAATCGTGCGGCGTTCGGGCGCTGCTACAATGCTCCTGCCCACGGACATAACTACCTGTTGGAAGTCACCGTCTCCGGCGAGATCGATCCGAAGACCGGCATGGTCGTCAATCTGTTCGATCTCAAGCGTGTGCTCCTTGCCGTAATCGAAGAATTTGATCACAAGAACCTGAATTTCGACATGCCGTACTTCACAGACCGCATCCCGACCTCAGAGAATTTCGCGCATGTGCTCTGGTCGAAATTGGCCTCCCAACGGGATATCGGCATGCTGCATACCCTTCGGCTCTGCGAGGATGAAGATCTGTATGCCGAGGTCACTGCGGCCGACGGCCCGGAGGTTGCCGCTGTCGCCAAGCGGTATTCGTTCAATGCGATCCAGGAGAGCCATCAAGGACGGGACTGGGACTTCTACGTGACGGTTCACGGGACGATCGATCCGGTGACGGGCATGGTGACCGACATCGGCGCGTTGGACCGGCTGGTGCAAGACACCGTCATCAAGTCATTCGATCGGGAGGATCTCCGCCGGGTGCTTGGATCTGAAACCGTGAGAGGAGAAACTCTCGCCAAGGCGATCTGGGACCGTCTCGCCGGGCGTGTCTCAGGTGGAACACTCCGCAACGTCCGACTCGTCCAAACCCGCGACCTCTCGTTCGACTACGCGGGTGGCTAAACGAGCTGCCACGCTGTTCAAATCTTCCTCCCAGGCCACTCGACACGGT
CP060501.1_gap81	2815143	2818455	3312	TCCCACCGTCGACTTCGTCGTCAATCCGAATCTGAAGCAACTCCTGAAGCCGGGAGATGTCATAGAGATCGCGATCAAAAAAATCACGAAGGAGGGCATCCTCCTCACTCTGGAGCAGACACCCATTGTCGAAGGCGGCTTGATTGCGATCGATCCGAAAGTAGGCGCAATACGGGCGATGGTCGGAGGCTATGATTTCTCCCGCAGCGAGTACAATCGTGCAGTCCAGGCGCATCGGCAACCCGGATCGGCGTTTAAGCCGCTCATTTATGCCACGGCGATGAGCCAGGGGTTGAGTCCGGCGACCCAGATTCTTGACGCCCCGGTCGTGTATGAGCAGGAAGAGGACGACAAAATTTGGAAGCCTGAAAACTACGGGCGAAAGTTTCACGGCATGGTGAGTCTTCGGGATGCGTTGGCCCACTCGCACAACCTTGCGACCGTTCGGTTGTTGGACAAGGTCGGAGTGAAGAACGTGATCGAATTCTCGAGATCAGTCGGAGTGACAAGTCCGCTCCCTGCCGATCTGTCCCTAGGGCTTGGTTCATCTTCGGTCGGTTTGATGGAGTTGACCTCGGTCTATGGCGTATTTTTGAATCAGGGAAGTCGAGTGGAGCCTTTTGCCGTCAAATTAGTAAAAGATAATACCGGCAACACACTCGAGGTGGTCGAATCCGACCCCCATGAAGTCATTGCCAAAGAGACCGCCTACCTGATCACCAACATGATGGAAGATGTCGTGCAGAAGGGAACCGGGCAGGCCGCAAAAGTTCTGGATCGTCCGATCGCGGGGAAAACCGGCACGACGAACGACTACATCAATGCCTGGTTCATCGGCGGCACACCGAACTTGGTCACCGGTGTGTATGTCGGGTTCGACGACCGTCGTTCGCTCGGGGAAAGCGAAACGGGCGCTCGTTCGGCCTTGCCGATCTGGATCGCCTTCATGAAAGAAGCCCTCAAACAGCTTCCCGTTGTGCCGTTCGAAATCCCGGACGGTGTGACCTTTGTAAAGGTTGATTCCTCGACGGGACTTCTGGAGTCGGAACAGGAAGGAGAAGGTCAAAAAGGAACGGTGGAACTCTTTGCGAAAGGCAGTGAGCCCACCCAAGCGGCTCCACGTCGATTGGATCCCACGGATTTTTATAAACTTGATCAGATTCCAGAGGGACAACCGGCGGGAGAGGGCGGTTTCTAGCGTCTCAGGCTACGACTTCGAATCCTGATATTCCTCATGCCAGGCCATTTGAATCGCTTCTAAGATTTTCTCGTTCGACTTCTTCGGGTCGTCCTTAAATTCCGGCAGGGCCACAATCCAGGCGTGCATGTCCGTGAAGCGCACGGTCAGTGGGTCCGTCTCGGGATGTTCTTCCACCAGCCGTATGGCGATATCTTGTACGTCTTGCCACTTGAGATCCATGGTCTCCTCGTCTTTCGTCGTCCCCGAGGCAGGGGTGACCGCGGACGGTCTTTCTATGACACCTCGGAGACTTTCTTTCCTTGCAGACTTTTCTTGAGAGAATCGTCCAGCATCACGACGTTCAAGCGCTTTGCGGCCTGCTCGAGCGCTGCCATGTGTGCACGGACGGCGCGAGGATCGGGGCCGTCCTTCGCGCTAGACAACTGAGAGAGTGCCGCACGTATGCCATCAGCTTCTTCCGGCGCGATCAGGTGGCCCGCGTCGACGAGCGATTTCTCGGTCGTTTTCATCAACGCTTCAGCGTCCAGTCGAGCTTCGATCAGCTTCCGGGCGTTGACATCCTCCGCGGCAAACTTGAACGAGTCCTCGATCATCCGCTCAACTTCCGTGTCCGAGAGTCCGTACGATGGCTTGACGTCGATCGACTGACTTTGGCCTGTTCGCATGTCTTTCGCCGTCACGTTCAAGATTCCGTTAGCATCGATCAAAAAGGTCACTTCGATGCGAGGCACCCCTGCAGGGAGGGGCGGCACTTTAAGGCGAAATCGCGCGAGGCTCCGATTATCTTTGACGAGTTCGCGCTCGCCCTGCAGAATATGGATGTCCACTCCGGTCTGACCGTCGACGTAAGTCGTGAACATTTCTTTGGCGCTCGCCGGAATGGTCGTGTTCCGGCGGATCAAGCTGCTCATGACCCCGCCCATCGTTTCGATGCCGAGAGACAAGGGCGTTACGTCCAACAGCAACATGTCTGTCGTCCCGCCGCTCAGAATATCGGCTTGAACGGCCGCCCCAAGTGCGACGACTTCGTCCGGATTCAAGTGGTAATGCGGCGGCTTTCCGAACAGCGCTTCCACACGTTGCCGAACCAGCGGCATACGGGTCGAGCCCCCCACCAATACGACTTCGTCGATATCTTTGGGTGCAAGCCCGGCATCCTTTAACGCCATACGACAGGGAGCCAATGTGCGTTCGATGACACTCATCGCCAGGGATTCGAGCTGATCACGTGTCAGCTCCCTGGTGAAACGTCCCTTGTCTTCCGGTAGCTCAATCGTGACGTCGGTCTTCAGCTCATCGGACAAGCGGACCTTGGCCCGCTCCGCCTCCAACCGAATCGCCTGCATGTGATCGGGGTGGTTGCCGACGTCGATTCCGTGCCGGTTTTGGATCTCTACGACGAAAAGATCGACCAGCAGACGATCGAGATCGTCTCCGCCGAGGTGTGTGTCACCGTTGGTTGCCAAGACCTCAAAAATCCCGTCTTTCAACTTTAAGATCGATATGTCGAACGTGCCGCCGCCGAAATCATAGACCGCGATCGTGCCTTGCGTTCTTTCCTGAAGCCCATAGGCCAGAGAAGCGGCGGTCGGCTCATTGATGATGCGCAACACCTCCAGCCCGGCAATGAGGCCGGCGTCTTTCGTCGCCTGTCGCTGGCTGTCGTTGAAATAGGCCGGAACGGTGATGACGGTTTTCGTGATGCTTTCGTTGAGATAGGCCTCTGCACGCAGCTTCAATTCTTTGAGGATCATGGCGGAGATCTGCGGCGGTGAATAGCTCTTCTGGCCGAGACGGATCCGAATGACACCGCCGGTCTCGGTCAGATTGTAGGGAAAATAAGCCAGCTCGTTCTGAACATCGGCCAATCCCTTGCCCATGAATCGCTTCACGGAGTAGACCGTCCGCTCCGGGCTTCGTGTCAGATGTTCTTTCGCAGGATCTCCAACAATCAAGCCATTGTCAGTCAAGGCGACGACCGAAGGCACCATCGTCCGACCGTGCCGGTCGGGAACGACGCAGGGCTGGCCATCCTTCATATAGGCGATCAATGAATTCGTAGTACCGAGGTCAATGCCGACTATACGTGCCATGTCAAAGATGTTGAAAGC
CP060501.1_gap82	2826456	2831325	4869	GATCGGTGGCCTGGATCAACAATTTGACACCGGCCCCCGGCGCAACCGGAGCGGTGCTGGTCACTGCGCAACCCCCAGCGGAAATATCGAACATCGTACCTTGACGGATATCCGTCTGATTGGTCGTTGAAAAGAAGACTTGCAAGTCAACGGCGATTCGCGGATGTTCCCGACATTCGATCATCGTGACCTCCACAACCGAGAGTAACCAAATGCCTTCCGCAAGATTGGCGATCATCGGACATAGTATAGCCCTACCGGCTCGCGGTGGCACGCATCGAGTGAGAATCAGCATGCCCAGCGGCTTTCGATCGCCAGGCCTCAGCGATCGTCAGTTTCGTGGTGTTTGCTGGGTTTTCTCCAGCTTGGCCCATGCATCTTTGAGAGACACGGTGCGGTTGAAAAGAAGGGTCTCGGATGATGAATCGGGATCGACGCAGAAGTATCCCTGCCGCTCGAATTGGAATCGAGAGCCGGGCGTAGCTGAACGAAGGCTTGGCTCAACCAAGCAGCCGCTCAACTGTTCGAGCGACTGAGGGTTCAATGAGTGAGTCCAGTCCTGGTCAGCCGAGGCTTTGGCCTGGGCAGGGAGAAGAAGCGCATGATACAGACGAATGGTCGCATTGACCGCATGGGAGGCCGACACCCAGTGAATGGTGGCTTTTACCTTGCGTTGTTCGTGCGCTGATCCGCTTCTGGTTTCCGGATCGTAGGTGCAGTGGAGTTCGGTGACCAGACCGGTCTGAGGATCTTTCGTGGTGTGCACACACTTGATGATGTACCCATAGCGAAGCCGGACCTCTCGGCCCGGCGCGAGGCGGTAGAACTGTTTCGGCGGATCTTCCCGGAAATCGTCCTGCTCGATGTAGAGCGTCCGCGAAAACGGGACTTTTCGAGTTCCTGCAGAGGCATCTTCCGGATTATTCACAGCGTCGAGCTCTTCAACGACACCGTCCGGATAGTTGTCGATCACGACTTTCAACGGCCGGAGTACTGCCATCACGCGTGGTGACCGTTTGTTCAAGTCTTCTCGGATGAAGTGTTCGAGCAGCTGCATCTCGACGATCGCGTCGCGCTTCGCGACGCCGATGTGTTCGCAAAAAGCACGAATCGCTTCCGGAGTCACGCCTCGGCGGCGGAGGCCTTTGAGTGTGGGAAGGCGTGGATCATCCCAACCGGCCACCAGTTTCTTTTCGACCAATTCCAGAAGCTTGCGCTTGCTCATCACCGTGGAGGTCAGATTGAGTCTTGCGAATTCGATCTGCTGGGGGCGATGCGGAGCATGGGCCTCCGCGACAACCCAATCGTACAAGGGACGGTGATCCTCAAATTCCAGCGTGCACAGCGAGTGAGTAATACCTTCGATGGCATCGGAGAGCGGATGCGCAAAATCATACGAAGGATAGATGCACCACGCGGTCTCTGTTCGGTAATGGGTCGCATGTCGGATCCGATAGAGAATCGGGTCTCTGAGGTTGATGTTGGGAGAGCCCATATCGATCTTGGCGCGCAACACATGGGCTCCGTCCGCAAACTCGCCGGCTCGCATGCGCGCGAATAGATTTAGATTTTCATCGATGGATCGAGCTCGAAAGGGACTGTTGCGGCCCGGTTCCGTCAGGGTGCCCCGGTATTCACGGATTTGATCGGCTGGGAGACTGTCGACGTAGGCTTTCCCGTTGTTGATCAGCACCATGGCGAACGCGTACAGCTGCTCGAAATAATCGGATGCATAAAACTTCTTTCCTCGCCAATCAAATCCCAACCAGCGGACATCCTCCTGAATCGCCTGCACATATTCCGGATCCTCGGTCGTGGGATTCGTATCGTCGAATCGAAGATGACAGACGCCGTCCGGGGTTTCGTTGGCGATCCCAAAGTTAAGGGCCATGGATTTGGCGTGCCCGATATGGAGGTATCCGTTGGGTTCAGGAGGAAATCGCGTCACGACCAGGCCGCCGTGTTTGCCGGCTGCACGGTCGGCCGCGACGATATCCCGAATGAAATCCGAGGGGGTGGTAGATTCTGGAGTGGTCATGAGGTCTTGTGGGAAAGTCTTTGCATAGTCATGTGCGGAGGCCACCTCCACGAGGCTGTTCTATCATAGAGTGGCTAATGGGAGGAATGGGGAATAGCTAGGCAGACGGTTCGGTGGAGGGAAGGTTCGGCCTCGACATGACGTTGAAATCTTTTTGCGCAATAAGATGGCCCTCCATGCGCAGCCGAAATTCATACCGACCAGGTGCAGGAAAGATCAACAAGGGGATGTTGATGCCGAAGTCTGAAATCTGAAGGCGATCACTGATTTCAATGTTGGGCAGCGTGGCCCGGCAGACGAGTTGCTCGGAGTTGAGGTAGATCAAGTCGATATCAAAGTGGTAGAGACCTTCGGCATCGGTTAAGCAGAAGTAGAGGCCCATCTGCTGATGTTGAAAGGGAAATGAGGCGGTTTGTAGATGGGTGAAAATCCCGATCAGGCTTTTCTTTTTCGTCAAGCTATCCTCGATGACTTGGTCGCAGACGAGAAACGCTTGGACAGTGGGCTTTGGGATATCGCTCATAGCCGCTATTCTAAGGAATAGGAGGGGGAACGGCAAAAAGGTTCTCGTTTTCCTGCAGGATGAACAGAAGATGCCGTGTCCGCGAACAAGCTCGACAGCACAGTCACTGCATGATTAATGAGGCGATAAGGATGGAGGAAAACTAGCAGTCCGTGAGAAACGCACGTTCAGCCCAAGACGACTGGCCCGCCTCGAGTTTCCAGGATGTCCCCAAACCGCGTGGTGACGGAGCTAATTCGACAGTAGTGAGAGGTAATCTCTACCAGTGCTCCTTTGTGTGAGCAAAACTTCCCGCATGTGATATGAACCCGGTTCTCCGAAGTCATCCGCGCTTCGAGAATGGTCTCGCTGGACTGCAGATCCGTCACGCGAACGGAAGGAATCACGACCGACGACAGGTTTTGACCGAACTGAACATCGACGGCGAATCGCCCGCCTTCGTTCAGTACGAAGGCGTTCCTGCGCAGGTGGGCGATGCGTGCTCCATGCTCATCATAGAAATCCGCGGTTGCAAACAGCAGTCTGTACTCGGGTTTTGCCTCAATAACGAGTTGCTCTTTACCCTGAATCGTGACCACACCACTGGTGTTTCGAAAAATGTTGGATCCAATGCGAAGTTCGAGCCCAGACTTTGGAAGCACTTCAGCGGTTGTCGCATGACCAACAGGGTCAGTCCTGCGAAACGCTATCGATTCATCCATGGACAACCTCGAACCATGATGTTCTTAGGTCGTGTGGAACTGATGCAAGGCATAAGGAGCTTCGTACAATATTCTGGGAAGGCTAGGCTTTCTGCTCCATCCTGTCAAGAGCACCTAGTGGGCGAATCGTCGTGAATTTTGGCCCGAGGCAAAAGGCCTGAGAGGAGGTTTTCAAAGAGGCTCCTTCCACGGTGGAACGCCCTTCGTTGCAAACCGAAAACCGCGTATGCTACGGTTCACGCTTCGATACATCTCCAGGATGGTCCCATCGTCTAGCCTGGCCTAGGACGGAGCCCTCTCAAGGCTTAAACACGGGTTCGAATCCCGTTGGGACCACCACCCTGAATTTATTGTAGTTTTAGACTCCTGGTTTGAGGAACATGCGCATGTTCCTCAAACACAGATTTCTCGTCACTCTCGAAAGCCGCCAGCATCAGCTTCGCCGGTTCCTCATAGAACGACATGGCTTGCTTCAGTTGAGCTGGACGAATCATCGTGTAGATTTGCGTCGTGTCGATACGCGCATGTCCGAGCAGCGCACGCACCTGTTCTAAGTCATGGCGCTGCTCCAGCACTTCCATCGCCACCCCATGGCGCAGATCATGCGGCTTCAGCATCGGGTACCCGATCATCCGTCCGTACAGCTTGCATAACCGCCAGATGTTTTTCCCGGTCATCGGGGCACGATGTTTCCCGACTGATCGGCGACCCCACACGGACCAGAACAACGGGGTCTCTGGTGTTAAGGTTCCGACTGCTGGGAGCACACATTGCTCGACGTATGCGTGGAGATACCGCATGACGGGCTTCGGTAATGGAATGTCTCGTGTCGCTCCACCCTTCACGCGCACGCGCCGCAATCCCCAGAGCGCGTCCAGGTGTCTCACTTGGAGCGTCGCCACAGATTCTCGCCGCATGCCCGTGAAGCGCAGGATCAAGAAGATGGCCACATCACGAGGCCGTCCGCGTTTCCTCGCGGCTTCAATGAGTGCATCCATCAAGCCCGGAGCCGGCACCTGCTTGGGTGGTTCGACCGCATGCGGAGGCCGATCCATCCCACTCACGGGATTTGCCATGAGCCACTCCCGTTTGACTAGCCAACCACACAAACTTGACAGCGTGGATTGTCGAATTCGCATCGTGTTCAACGAGAGATCCCGTGCCGCCATGTCATCCATCCATTCCTGAATGACGGATTTCGTGAGGTCGCTGAGCCGCCCCACGCGTCCCAATCGCGCCCGTGTGAAGACGAGAAACTGTTCCAGATTCCATCGATAGGCCTGTATGCCTCCTTCTGTCTTCCCTCGCTGTTTGAGTTGGTACTGACAAAACTGCTCTACGACTTCAACTAATGGTCGTGTCATTCCAGTGCCTTTCCGGTCCCTGTCACGACGACGACTTCGCCGAGGGGCAGTATGGGGAGGCACCAGCCACCCGTCAAGCGGCGAAGAGGGGAGAGGCAAATTAGATTTGGCGGTGACATTCGGTATAGTCATGGACAGGCGATATACCGTGACCACGTCAGGGCTCACAAATATCCGACCGATGGTCTGAGGGCGCAAACACAGGTTTGTAAAAAACATCATCTTGCCGCTTCGTATTCGGGG
CP060501.1_gap83	2851301	2854668	3367	AGCCGAAGATTCGGAACGAGCTCGAGTTTGACCGGTATCAAACGTACAATCTGACGAACGCCAGTGGCGCGCCGAATCACTTAAGTTCTGGCTATGTTGATACCTTTCTCAAGATCGGGCACCCTTGGGGGTGGGAGATCTTCGGCGGTATCCGTAATGTCTTTGGGGATCATGCGACGCTCAGTGGGCAGCTTGGTAATGGTGACCGTAACGTCGTGACTCCCTCGATAGCGGTCCCTCAAGACTTTCAACTGTTCTATCCGCAGCAAATGGGCCTCGTCGGCGGAAAGTTGAATCTCCTGCGGGGATTCATGGTCAACGAAGAGTTTGCCCAATTTCAACAGGCGGAAATCGCCGGGCCGCAAGCCGAGGTGAAGGTGGCCCAGAAACGGCAAGACCTTTATCTCGCCGGGGCCATTCAATACTGGGATTGGCAGGTCGCCGTCAAACAAGCCGATGTGGTGAAGCGTGCGCTGGACGTCGCAGACGAGCGCTATCGCATGGTTGAGGGTAGGTCCAAAGCCGGTGCGGTCGCTCCGATCGACGTGGTCGAAGCCAGAGAAGAAGTTCAGCGGCGTCGAGAGGCTGCCATTGCCGCGCAACGAAAGGTCGAATATGAGCAATATAAGCTGGCGCTCTTTCTCTGGGAAAACGGCCAACCTGTAACACCTCGCCCTGAATGGGCACCGGAGTTTCAAGGGGAAACGCCGGTGCCGACTGAGGAGGAGATAGCGGCCTTCAAGGTGGCAGCCACGGAGGACCGGCCGGAAGTGCGCGATCTCTACATTGAAGCCAAATTGAACAATATCGAACTGAAACTGGCGAAGAATAATCTGCTTCCAAAGCTCACGGTTGAGGGAGGGCCTGCGATCGGCTCTATCTATTGGGTTGGAGGCATCGGCTATCGAATGGCCACGTTCTTCAGTATGCCGTTGTTCAATCGGGCTGCCCGAGGGAAAGTCCTTCACGCCGAAGCGGAGCAGGAGCGATTGGCCTGGAAACAAGCATACGCGGAGCGACAAGTTCAGATCGACGTTGATAACTGGCTCTCAGCGATTGTGCGGGCCCGAGACCGAGTGAAAGCCTCAACAGAGGCTCTGCGATTGGCCAAGACGTTGGAGGAAGGCGAACGGGTTCGGTTTAATATGGGAGCGACGAGTGTGCTGTTCGTCAACCTACGAGAGCGTGCGGTGGTCGAATTGGCTTACGAACTCTACCGTGCCCAAGCCGACTATGTGGTGTCCCGAGGAGGGATGCTGTGGGCAAGGGGGGCACTGTCGAAACCACTGGCTGAAAGTGTGCTTGCCAAATATGGCGAGCCATTAAATGCCGCAGGCTCGTCCGGTCGTAAACTACCTGGACGTGACTAAATGTTGAAGAAGCGGCTTGGTACTGACGTATAGTTCATTCGATGGGCTTGGAAGTAGGTTCCAAAACGTGATTAAGTTCAGCCGTCATTAAGTTCAGCAAGGTGCCGATCAATCACATTCTGACTTATTACTGGGGGTGCTCATGAAAGAACCTCAGGGCAAAAGTAGTTATCCGGGCCTGTTCGACGCGCTGATGAAGCAGCTCTCCGTGGCCATGCGGGCTGAGAAAAGGATCATGCATTTGATTCTTTCTTATGCTCTGGCCGTCGCATTCTTTTCTCTCATCATTCCGTTGACCGTGCAGGAGTTGGTCAGCACGTTTTCATATGCGATTCAGCCGGTCATGATTTGGACGTTGACCGGTATCATGCTGCTGGTACTGTTATTTGTCGGCTTGTTCAAGACGTTCCACTTTTATGCCGTGGATGTCGTGCAACGCCGTCTTTTTGCCAGAGTCTCGGTGGCGATGGTTGAACAGATCCCTCGGAACCGATTCAGAGGGTCCCGAGGAGACCTTTCAAACTTCTTTATTGAAACGGTCTTTATGCAGCGGGCGTTGTCCACGTTACTCATCGATCTGGTAAATGTCGTAGTGGGCGGGACGGTCGGCATGATCTTGCTGATGGTCTACCATCCCTATTTTCTCACGTACAACCTGGTGCTCATGGCCGGATTCCTGGTCACATTTTTCGTGCTCTCCCGCGGTGCACTGAGGGCGACTCTCGATATGTCTCACGCGAAATACGATGTGTTCAATTGGATTCAAGAGATTTCACACAATGCGTTGCAGTTGAAGGCCACGGATAGCCGACCGTTTGTCATGCAACGGACGAATGACTTGGTCAACCGGTATGTAGAAGCTCGGAAGGCACGGTTTGCCGTCCTCGTGCGTCAATACATCGGTTCTGTGGGGGGACAAGCTATAGCGCATGCGGGTGCGCTTGGTATCGCCGGCTATCTTATGGCCCAGGGGCAGTTGACACTTGGACAATTGGTAGCCGTCCAAGCGGTCGTCAGTGCACTGGTGATCAATTTTGACTCCCTGATCAAGAACATGGGCCATGTGTACTATTTCTTCGCCTCCCTCACTCACCTTGATGAGGTCTTTACACAGGAGCAAGATTTCGTTTCGACCGAATCGGCTGTGGCACTGCCGAAGCATTTGAATCAAGGAGTCCGTGTTACCTGCAAAGGCGTCAGTCTCACTCACGGTGGTGCATCTGTGTTTGACGGTTTCAACTTGGATGTGGCACCTGGGGAAAAACTTGGGATCTATGCCCGGACAACAGCGGCCAAAACGGCTTTGGCCAGGGTATTGGGTGGTCTCGAAACTCCGACCACGGGTGTTGTTCAGTACAATGGAGTCGATCTCCGGTACATCGAGCCTAATGCGATCAATCAATGCCGTAGCGTCATGATCGATTCACAGTTGTCTTTGATCGAGGGAACGATCGAAGAAAATATAGTCATGGGTCGCTCGTATGTTACCTATGATGATCTCAACTGGGCCCTCCGCTTCACGGAGCTCGAGGAAGATGTCGAAACTCTGCCACGCGCAGCTAAATCGGATATATCAGCGCTGGGCGAGTCCCTTTCGCCGACTCACATCGTACAGATCCTCTTAGCTCGCGCTATCCTCGGACGTCCCCAAGTTCTCATATTCGATGGCTTGATTCACTCACTCGAACCATCGTTACGCGAAAGAGTGCTACGCCGGTTGTGCTCCAAGGATGAAGCATGGTCGGTTATCTTTGTATCAACGGATCCAAACCTGACGGATCATGCTGATCGTCGTATTATGCTTCATCATGCCAATGCATAAGCGTTTAGAATGGCAAACCAACGCCGGTAAATTAATGGAGGCTCCATGGCTAGCCTAAGTGGTGGTCTCGAAAACAGTGGGGGACGTGCGCTGATTAAGCGAGGGGTCGGGTTAGAGGCGATCACTATTGAACAGGGACCCGCATTGGCCAAGTTGCCATGCTGGGAAGCCGTAC
CP060501.1_gap84	2865440	2870209	4769	GTCCGATCATCGGACTGTCGCCGATGGATGGAGTGACCGATGCCTGCTTCCGTTCCGTGGTCGCGCGTCAGAGCAGGCCGGATGTCATCTTTACCGAATTCACGCACGTGCATGACGTCTGCCGCGGGCCGGAGATCCATCTGGAGACGCTGCTGTATAGCGAGATCGAGCGACCGGTCATCGCGCAGCTATACGGCAAGGATCCGGACCTCTTTTATATGGCCGCGCACGCGGTGTGTGAATTGGGCTTCGACGGGCTGGATATCAACATGGGATGTCCCTCGAAGAGTGTGGCATCTTCCGGTTCAGGCGCGGGGCTCATCCGCACTCCCGAACTGGCTCGCGCCATCATTCAGGCGGCCAAACATGGCATCGACGACTGGGCACGTGGGCAAACGCTCGAACAAGCAGGTTTCAAGTCGGCCCGCGTCGACGCATTTGAACGTCTGAATCGACAACGCAACAGTGGAGCATTGGTCCAACGACGGCGACTGCCGCTTTCCGTCAAGACCAGACTTGGATACGATTCAGTCACGGTCGAAACATGGCTCGAACAGCTTTTGATGGAACAGCCGGTAGTGATCTCGCTTCACGGACGAACCCTCACACAGATGTACCGAGGGGCAGCGGATTGGTCGGCCATTGCACGGGCAGCCGCCTTGGCGAAGGCAACCGGAACGTTGCTGTTGGGGAACGGCGATGTGCAAAGCCCCGAAGACGCGGTGTCACGGGTCCGCGAGACAGGTGTCGATGGAGTGCTGGTTGGGCGCGCCGTGCTGGGTGCGCCATGGTTCTTTCGCTCCAAGGAACAGGTCCGGCAGCGGATTTGTGAATCGAACGGTGCCCCGGGCGCCTCAGAACCCGGGCCGGCAGTCTCACAGGAGGAACGTTTCGCCATTCTGGTGGATCATGCCCATCAGTTCCAAGCGCTCTATGGCCGACAACAATTCTATCGTATGCGCAAACATTTGGGCTGGTATTGCAAAGGCTTTGCGTATGCGGCCGCCCTTCGCGCACGAATGGTGCGGGTGTCTTCCGCCGAAGAATTGGACGAGGTTCTCGTGGACTTTCAGGACCGGGCCCAGGCCGGAATCGGAGCTCCGCAAGCTGAATCTCTCGACGAGTTGAGTCTTCCAGCGTCACGATGCAGCTAGTCCTGGCATCGAATTCCCCGCGCCGCCAAGAACTCCTCGCATTGCTGGGTCTTTCCTTTGAGGTCTGCCCGTCGAGCTTCCACGAGCGACCCATTGCCGGGTGGTCGCCCATTCAACAGGTCAGACATTTCGCTCTTGAAAAAGCACGATCCGTGGCTCGTGGGCAGCCACAGGTTCTTGTGCTCGGCGGTGATACCGTGATCGATCTCGATGGGGAACTCTTGGGGAAACCCGTCGATCTTCAGGACGCACGCGCGATGCTTGGACGTCTGGCCGGCCGTTCACATCGGGTTCATACTGCCGTCGCGGTATGCCACTGTGAACGAGGCATCGAATCGATGGATGTCGTTACGGCGACAGTGGAAATGAAAGCGGACGTCGAGTATGTTTATGAACGATATCTCGCAACGGAGGAATCGTTGGGCAAAGCGGGAGCCTATGCGATTCAAGGACTCGGCGGGGACCTCGTGGAGCGGGTCGACGGCGATTATACGACGGTGGTGGGCTTGCCCTTGAAACTCGTCACCCGGCTTCTTCGGTCGATCGGCTATCCTGTTCCTGTGTGCGTCGATGTTCTGTATGAACGTAAGCCGTATGCGAACTGGAGCCGGTTCGTCGGCTAATTGCAAAGAGGGGGGCCGTTCCCCTACAATGCCCGCCATTCATCTCTTGCCGCGCGCATCGGTACGCCGTCGCGTCTGAACAACAAAGGGAAGGCATGACTCTTCGCAAACATATGACCCTGGTACCGGTTTTCGGGCTGATCGGAGTCTTGGCAGTAGGGAATGGATCGTTGTGGGCGATCGACGTCACTCTGTCCTCAGAAGAGGCCCACAAAGTACTCGAAACCGGTCGACTTCCGATGGAAAAAGCCAATTCGCCCGAGGACGTGAAGAAAGTCCTTCAGCAAGCGTCCGTGGCCACTCGGGTCGGCGCCGATCCGGAGAAAGATCCCTGCGGAGCGAGCGCCGTGCTTCGTACGAAGCGGTATAGATTGGAAGCCTTCGGTCGTCAAGAAGCCGCAGAATCGAAAAAACGAAAAACCGAAGTGCGCATGCCGGAAGAGTTCATCAATAAAGTGATGGACATGCCCAACATGGAGATGGAAGTGCAATTGTGCGGCGATGACGAGTATTTTGCCGAAGGGGCGTTGATCGAGTTGCACCAGGGTTCGAAGCGGATCAAGCCTGTCGACGTTGGCAAGGCAGAACGCGGGCGCAAGAACGAAGGCAACGGTCCGGCCTTCCGGTCCCGGTTCACGGCGCTCTTCGCCTATGAGCAGTTCGACCCCAACGAAACGTCGGTCTTCGTGGTCAATCTGCAAGATGGAAAAGAGATCAGGATTCCCGCCGACCTATCCAAAGTGAAATAAGCCGGTTATCCCCACGCCTTCTTTCCCCGTTTCAACAACATCTTGAACAGTGGTTTCATGTCCTTACGAACGTTTTGGCGGCGGTGCCGCTGACGTTCGACCATGCGTCCTGCAACGAATCCGGCGCGGACGCTGGTCGAGTACTTGAGAAACTGTCGGATGTGAGCTTCCGCCTGAATCGCGTCCTGGTGCGTACCCAACAGATCTTGGACCGCCCGAGCGGACTTGATAAAACGGGTTGCGGGTTTGCCCACCGAGCTGCGAGCGAGCTCCGACGCGTAGCGTGCGCGTTTGGTCTTGATGCGGATATTGTGAAGTACGGCATCAGACGGAGAATGACGGAGACGCCTGATCACCTTGCGCAGTTTCTTGAATGCCCGCTTGGCCAGTTGCTGGACAGTCAGGGGAGATTCTACCACCGAAGGATCCTGCGCAGCTTGTTGAAGCCGCCGGATGAGTTCGAGATATCGGGCGCTCGTGAGTTCGCTGAGGATCATCTGCTGAACGGCATCCCGTTGAGTGCGAAGGTGAGAGATGAATTGCGCCAGCAGCTTGCGATCCCGCGCTTCGAACCCGGCGGATTCATCCGTAAAATACGAAATCTGTACATCGAGATCCCGGGCCGGCCCCAGCAGCTCACTGAGCCAATCGAGCTCCTGTTGCAATGATGTCACCCATGCCGGAAGGAGGATCGGCCGAGCCGTGCGGAGCACCGCGCGCAGGCGTCTGGTCGCCACACGCATCTGATGCAGACTTTCGCTCTCGGTTCCGAGCCTCGTCCCGGGATCATGAGCGATGAGCCACTGGACGTGCTGAGCGAGCGCCCACTTCAGGTGCTCGATCACCGGCGCCTCCGGCCCAGGCGGGTTCGGAAGAGTGGGGGTTGGGAGCGAGAGGGCCCGAAAGAATTTAGGCCGCCCGTCGTGATCGGAAGCACCGGCTTCGCGCATCCGCTGTTCGAGTGAACGAAGCGAAGTTTCATCGCCTTGGCGCTGTTCGATTTCGAGCTCACGAAAACGCTGGATGGTACGGCCGTTCTTGACCACCGACACCGTGTCGAGGGCGAGCTCGGCGATCGGAACTCGGTCATGGCGTACCAGAAGGCCGGTTCGCCAGACTCGCAGTGTGACTATCGGCACCACGTTCCGATGCCCAAGATGGAGTATCAACAGGCTGCGTAGTGAGGCGGGGGGCTTGGCTTGATCACCGGCCGTTTCCACTTCCTGCCGATCGTCGCCCAGCGGCACTTTAAGCTGCCACGCCTGTTTGCCCCGTTCGATTCGATAGCGAAGGGTAATTTGCGCATGGGCCAAGTCATAGGCGGTAGTGTCGTAATAGGTGGAGATCAGCTGCCGCCGAGGGAGCAGAGTGCCGGGAAGCCGAGGGAGTCGGAAGTCTGGATCAACGGACAGCTTGAGCTCACGCTCAGGCTGTGAGGAGATCTGGGAAGAGTGGTGCTCAGAAGCCGAACGTTTGTCCGATCGAGTCATTGCAAGACCTGTGTGTCAGATGGGTGTGTGTAAGTGTGAACGCTCGAGATGGGAGATGCAAGTCACGGTGGGTCTTCAGCGAAGACCAAGGTAGGTCGCACGAGCGGCTAGTGAGTTGGAAGGGAGAGGCGAAACTGCCTCGGGGATTAGAAGTCGTCGACCGAAACAGGTCGGAGAAAATCGCGCACGGATACAAGGCCCACAAGGGCTCCTCCTTTTGTCACTCCCAGATGGAGAGTGCGATGCTTGTCCATGAGGTCGGCTGCCTCCGTCAACGGTCGCCGCTCCTCAATGCCGGGAACCGGACTACTCATGATCTCTTCCACCGGCACGAAGTACGCCGCTTTCTCGGCCCCCACGAATTTCTTGACGACATCCGATTCCGTCACAATGCCGATGATCTTCGCTTGACGAGCCACCAGGACGCTTTCGACATTACAAGCTTTCATCACCTTTACGGCTTCCACGACCGATGTGCCTGTTTCGACCGTCACGAGCTCTTTTCTCATCAAATTACCAACTGTAACCATCTGATCCTCCTTTTTGTTATTTTAGTAGTGGTTCCAGGTTACCAATGACCTGTTGCATATGCGTTAGGCAGGCATTACACGGCGGTAAAATTTGGAGGACTCAACAAAGGACGGTTCACCCGGTCTCGGGGATTCAGTCATGACGCAGTGATGTATATAGAGCCGAAACAAGTCGGCTGAAAAACCGAGTGGCGGGGTGAGTGCGCTGCGAGATTTCAACTGA
CP060501.1_gap85	2874175	2878523	4348	AGAGAGGTTGGAAATATGGGGAAACGGATGAGCGGCATCGAAGGCGAGAGGGGTCAGAACGGGAAGAACCGCGGTTGTAAAGTAGTCACGAAGGTGCTTCGTCGCATCCGCCCCGAGATCTGAATGGCTGACAAGGTGAACTCCGGCCTCCCGAAGTTTCGGCAAGAGATCCCCTTCCCAGCAGTTCAGGTGTCTCGTCAACAAGAGATCAAGCTCCCGTTTGATCGATTCAAGTTGCTGTTTCGGTGTCAGTCCATCGGGCGGGGCGTCGACCGCTCCGGTGTGCAATTGCCAATAGAGACCGGACATCCGGATCATGAAAAACTCGTCCAGATTTCGGCTGAAGATGGAGAGGAATTTTACCCGCTCCAGAAGAGGATGCCGGGTATCCAGGGCTTCTTCTAAGACCCGTTCGTTGAAACGTAGCCAACTCAATTCACGATTGATATAGAGAGAGGAGTCTGCGAGGTCCATGTGCCTGTTCCAACCTAAAGCCGACCGTCCGCCGAAGCAGCTGTGATCTCGCTGCCTAGATTGAGGATAGTCGCCTCGGTGGCAATGACTCAAGAGCGGTCGAGTAAATTCTTTGTTAACAGAAGGCGCTGTGTGAGTCCTGTCCGGAACCCTCCACTCCACAATATCGAGTTCCACTTATCCTCAGGCTTGCAGAACCTGTATGACAAGCAGTCGCGAGCATACCACTCCTCAAAGACTCGTCATCGAGCGAAGAGCTAGGGAGGGATCGAGTGAACAGCATGGCTGCGAGAGCTGTATGGCTCAGGGGTGAGTCCAGAACCTAACCTCAAGGACTCGGTTCATTCAAACGGATGGTGTAGAGATAGTGATATAAACCTTTGCGTGCCATCAGTTGCGCATGGGTCCCTTCCTCAACCAGTTTGCCCTTGTCCAACACTAATATGCGGTCGGCGCGCTGAATGGTCGACAGTCTGTGGGCGACCACGAAGGTCGTGCGACCTTCCATGAGATGCTGGAGTGCTTCTTGGACCAACCGTTCAGATTCCGTATCGAGCGATGAAGTGGCTTCGTCCAGTAACAAAATGCGAGGATTTTTCAGGATGGCCCGCGCGATCGCGATTCGTTGACGTTGGCCGCCTGAAAGGTTGACCCCCTTTTCACCGACCACGGTTTGGTACCCATCGGGCAGGGCGGTAATGAAATCATGCGCGTGCGCGGCTTTACTGGCTTCCCAGACCGTGGCGTCACTCGCCGTCATATCACCGTAGCGAATGTTGTCGAGGATCGTTCCACCAAAGAGGATGGTTTCCTGAGGGACCAGTGCGATCTGCCGGTACCAACTCTCGAGGGTCACATCCCGCAGATCTCTGCCGTCAATGGTGATCCGACCTTCCGCCGGATCGTAGAAACGATGGAGCAGGTTGATCACGGTGGTCTTGCCCGCGCCGGTCGGGCCTACCAAGGCGACGAGTTCGCCGGACTTAGCTTCAAATGAAAGGTTGGACAAGACGGGATGGCGAGGATCGTAGCTGAATGTGACGCCGTCCACTCGCACATGGCCGGCGATTGTCACGAGTGGTTGAGCGTCTGGTCGATCATAAATGTCCGGCTGAGCATCCAAAATTTCAAAAACCCGTTGCATCGCTCCCTGAGCCTCTTTGACCTGCGCAAACACGCGGGCGCCCGAGCTGAATGGACCGATCAAGATACCGGCGAATAGGACGAAGGCGAACAGATCGCCCGGAGTGACCACCCCGTCGATGACCTGTCGGCCCCCATACCACAGAACCGCCGCCGCCGATGAAAATGTCAGGAGGCTGATCACCGGGATAAAAACGGCCATGATACCTGCTCGGCGGAGTGTGAGACCGAGTGTTTGATCAACCTGTTCGGCAAAGCGAGTCTTTTCCCGTTGTGTCTGGACGAACGATTTGACGATACGAATGCCGGAGAGTACTTCTTCGACCAGCGTGCTGACCGAGGCGGTGTGATCTTGAATCGAGGTCGAAAGAGATTTCAGCTTGCGACCAAAGACCTTGGCGACCAGAACCAGTGCGGGGAGGAGGATCAAGATCAAGAGGCACAGACGCCAATTCATCATGAGGAGGAAGGTAATGCCGCCGACGAAGGTCACGAGTTGTTTGACGCCGTCGATGGGAGTTTCCGTGACGATGGACTGAATGACCGTCACGTCGTTCATCAATCGGGAGAGCAATTCTCCGGTACGCCGCCGCGCAAAAAAGCTGATAGTCAGCGTTTGTAAGTGGCTGAATAGATGCTTGCGAAAATCGGCGACGACGTGCTGCGAAACCCATGCGGACAGGTAACTATGGCCCATCGAGCACATTCCCTGGAGAAGGACCAAGCCCAAGAAAAGGCCGATCGACTGCGTCATCTTGTCGGCGTCTCGCTGAACGGTGATGAGATCCCAGAGAATGCCCGCAAGCCGAACCAAGGAGAGATTGATGAGTGCCACCCCCGATACCAGCAGCCCTGCCAGGATCAAACGCGGCAAGTAGGGTCGAACAACAGGCAAAAATCGCTTGAAGATCAACATCGCTGGTCAGAAGGCATGATCTGCAACGAAATTGTATTCTCGCCCACGGCGACGTTGAACGCTATCGAAGTGACAGGAGGTGAGACGGAAGGCCTAAAGTTGCGCGATCGACTCAATGAGATTCTTGTTGATCGCCACGAAATCCGACCGATCCTTATCGTTGATGACGACGTCGGTTAGGCTGATGAAGAGACGTGCTTCTTCGTTGATCGCGTCGGAGACACGATTCCGCATGGGAGGGACCAAGAAGTCTCCCACGTAGGTGCAATTGACCGTCCGTACGCGGATGCGGACTTTCTTGCCCTCGGCCACGGTCCCTTCCTCCCGCCATGCAGGCTGAGCTTAGCTTTTTCGGCGCAGAAATTTCTGACGTTGGCGCAGCTTTTTGTACTTATGCTTGCGCATCTTCTTTCGGCGTTTTTTCAACACGCTGGACATGCTGTGTGTCTCCTTAGGGTGGCCGAGTCTAAAAGCTTTCCGCTCAAAATGCAAGCTCACAGCGCCTTTCGCCCCTATGGTATACTGGCCCTTCATGCGTACCTGGAGATCCTATTCATCGGCGTCCTTGTTTCTCGGGTGGCTCATCCTCCTGGCGATGGCGGTAGGTGGATGCCCGTCAAAAACCATTCAGTACCCTGCGGAGCACGAGCGGCTCCTTCGCATCGATCAGGCCGTGGACTCCCTGCGGAGCGCCTATCAACGAAAAGATCGGCCCGGGTTTCAAGCCGTGATGTTGCCGTCGGATCAGATGGAAGACCTTCAGCGCCAGGCGGAGATGGACTTCGAGGCGTTTCACTCCATCGCGCTTGAGTTCATGATCGAACGGGTCGTCATCGAAAAGGACGACATCGACGTCTTTGTCCATTGGCAAGGGACGTGGATGAAAGATGCCAACGACACCGGTGTACGGCAGCGCGGCCACGCGCGATTACAGTGGGTCGGGACACAGTCGATTCTCTTGCGCCGGGTAGAGGGAGATCTACCGTTCGGGATGAAGACGAAACAGATGCTTTCGTCCGAGCCTCTCTCGCCGCAGAACGTTCCGCGATAACGATGCCTCCGAACGCCCAGGAAGCGGATTTTCTCGTGATCGGAAGTGGAGTCGCCGGGCTCCGCGCCGCATTGGAGCTCTGCCGCGTGGGTCGGGTGATCATGCTCACCAAAGGCCATCCTCTTCAGAGCAATTCAATCTTTGCACAAGGCGGTGTTGCCGTCGCGCTGAGTGAAGAAGACGATGTCGCCATCCATTTGACGGATACAGTGAAAGCGGGACATGGGTTGTGTCGTCGTGAAGCGGTGCGCGTTCTGGTCGAGGAAGGACCGGATCGAATTCAAGAGCTTATCCGGTGGGGAGCGAAGTTCGACAAGACCGGGGGGAAATTTGCCTTTGCTCGAGAAGCGGCCCACAGCCGCAGCCGAATCCTCCGGGCTCGAGGCGATGCCACGGGAAACGAGATGGTCCGTGTCTTGATGGCGCAGGCCGCCAGACACAGGCGAATTATCCGATTGGATTACCACTTCACCGTCGATCTTGTGGTCGAGGAAGGCCGATGCTGTGGAGCGGTCGTGCTCGATGAAAATTCAGGACAGCAATTCACGATTCCCGCAAAAGCGGTCGTCCTGTCGACCGGTGGAGCCGGGCAGATTTTTGCTCGGACCACGAATCCGCCCAATGCGACCGGCGACGGGATGGCTATGGCATTTCGTGCGGGAGCGGAACTACAGGATATGGAATTCGTCCAGTTTCACCCAACGTCGTTGTATCTACCGTCGAGCCCGCCGTTCTTGTTGTCTGAGGCCATGCGGGGAGAGGGA
CP060501.1_gap86	2928493	2929126	633	TGGAGTTAGATCACACGCTGTATCGGTCAGATTTGGCTCTCACGCTGTCAGAGAAGTATGTCGACATCTGGCTAGCGGTTGATCCGTCGATTCCCGTGATGGCTGTTCCCTAGCAAAATCGCGTGCCGAAATGCTCTGCACTCCTACTGCAACACTGACAAGTATGTATGGATGCCCACAGATCACCTTATCGGACCAAGTGCCCACTAGAAGTTCAGTCGCGGGACAGCTGGTGCTCCCGCGGTGCCCGGATGTAACATGTTGTGATTGGATCCGCGCCGAACAAAAGGAGGGATACCATGTATCGATTGATGAGCGTTGTGATGTGTGGTTCGCTGCTGCTCGCCGGCTTGGTGTTCGCCGCGGAGGAACAAATCATCCAGGAACTCACTGCAAACGGATCGCGGACGACGCGGCCGTTCACCGTGAAAGACGGTTGGGAGGTGCGGTGGACAGCCACGAATGATTTCTCGCTCTTTCTTCTCGATGCTCAGGGACAACAGCTGGAGGCGCTGGGGAATTCGACCGGCGATGCTGCCGGCGCCACGTATCACGCGAAAGGCGGGACCTACTCTCTCAAAATCTCGAGCAATGCGCACTGGACGGTTACGGTGGTGCAGCTTCCCTAGCTCA
CP060501.1_gap87	2966349	2967008	659	CTCGGGCTTATCGGTCTCTATCTCGCATCCCGCCAGTGGAACACTTTTACGGCCACCATGCTGCATTTTTTCACGCCGCAGGGCTTGATGCTGTATGTCCTATGTCTGGTCATCGTCAAGATCTTGCATGAGCTCGGGCATGCCTATACCGCGACGCGCTACGGGTGTCGCGTATCCACGATGGGCATCGCCCTCGTGCTCATGGTGCCGATGCTGTATTCAGATACTTCGGAAGCGTGGAAGCTCACCGCTCGTCGTCAGCGTGCGGCCATCGGTGCTGCTGGGATCATCGTTGAATGCTCATTGGCGGCGGTCTCGATTTGCGCCTGGAACTTTCTGGATGATGGGGTGGAAAGAAGTGTGACATTTTTTATAGCAACGACGAGTTTGGCGCTGGGGGTGGGAATCAATCTCAATCCCTTCATACGCTTCGACGGGTACTACGTGCTCTCCGACTTGCTGGGTATCCCCAATTTACATGACCGTGCTTGTACCTTTGGACAATGGCAGCTCAGGCGGTTGGTATTTGGACTGGAAACGCCGATGCCTGAATCGGTCTCTGCTACGCGGCGTCGCTTTTTGGTTGGTTTCGCGTGGGCTACGTGGCTGTACCGCTTTCTCTTGTTTCTCGGAATTGCCTTCGTCGTCTATCACTTCTT
CP060501.1_gap88	3004228	3008218	3990	ACGCAGAGCAATCCATGGGACGAGCAAGCGACGGTATCACGACGAGAAGGATGTGAGCTATTCAACCGAGGACTCTTCCACGCTGCAGCCAAACTCTTTCATGATGTGGAACTGCGGGTCAGTGGCGGGCAGAAGCCGCTGTATCGGGCATTGACGGATTTGGCTGACGGCTATGAATTGTGGGAACGGTTTCACTATCGTCAAGCTTGGGACAAATTGAAAACTGCGACGAAGGCTTTAGAAATGGCTTCGCTCTGGGGTGGACCGCCCGGCTTGAAGTCGGTCGTGCCTCCTATCAAGGCCAATGCCGGTTTCCTTGAAAAGATCGTCCTTGATTCCGCTGAGGTCAAAGAATTTGTGCCGTTAGATCTCTTGGCGCATGCAGGCAGAAGGCTCCTTGCCGGACGCGATCCTGAAGCGGCTATGGTCTCACTCGTCCGTGCTCTGGAGGCATTTGCCCAGGTCCGACTCCACAAGGCGCACAAGATGAGGAGCTGGGATGTGGCGCCCGAGCAGCTCCCACAGGCGCTTCAGGAAATGTGTCGCACCTGTTATCTCGAAGACATCGACGGCAAGTACAAGCTGCCGCTGCAGGCACAGTTTCGTGTGCTGGCCGGGTTGGGCGATCAACTGGGACAAACCTTCCTCAGGGAATGGCAGAAGATGAAGCCCCTGCTTGACGCAGCGAACCATGCGGTGTTGGGTCATGGCTTCGAGCCCATCAAATCGGAACGAGTGCAGCAGTTGTACGAAGTGATCGTCCGACTCACCGGGGTTGCAGAGTCGTCGTTACCGAAGTTTCCGGTCCTGAGCCTTTAGCATCGTCGCTCGTGAAACGTGAAGTGTATCTCGTCGAACAAGGAAGCTATCCGAGAAAGTCTTTTGGAGAAACTGGATCACGAGTCAAAGATGCTCAGAAATCTGATCAAGCGGTTATAGCAAAAGACGGTTTACAAGTGCGAGTTGCAGCGCATGCGAGATTCGCTTCACGAACGACGAGATGCCATCGAAGTTCGCATCTACTACGAAGATACCGATTGCGGCGGGGTGGTCTATTACGCCAATTATCTGAAATATTTTGAGCGGGCCCGTACCGAGTATCTTGAAGCGCGAGGGTATTCAGTTTCGGCATTGATGAAACAAAGCATTCTCTTCGTGGTGGTGCACGCCGAAGTGGCGTATTGCTCGCCTGGTCGGTACGGAGAAACGTTGGTCGTCGAAACGGAAGTGGGCGATGTAACCCGGGCTGCGTTGACATTTTCGCATGTCGTGTGTGAGAAGGCGAGCGGCCGCGTGGTTGTGAAAGGCTCGGCTCGGTTGGCGGCGACGGACGGGAACGGAAAAGTCAAACGTCTGGACAGAACCATGGTCGCCGCGCTTCAGTCAGCGATCCATCCTTCATCCACGGCCTGATCCTAACGCGAAAACAGCGCGTGAAGCTCCCGCATTCAGCAAGTGCCGCCGCCGATCGCGTATCCGTAACAACGCATCGTAGTTTTGCGCCTTGACTTGAAACCTACCTGCTCCGTACATTCGAAAAAAAGAAAGGAGTTGTGTCATGAGTCAACAGTCAACTATCCCCGGTTACACGTACGGCACCCCTGCGGTTACAACGTCCCCTGTGACAGTTGCCGATTTTGAGTTGATGAAAAAGAGCGCCTTGTTCGGCGACGAGGATGTGAAGTATTTGCGTCTATCGCTCGATGTCGTGAAGGATCAAGTCGAGGCGATCCTCGACGTCTGGTATGGGTTCGTCGGATCCCAGCCCCATCTGCTCAAGTCCTTCTTGGGCAAGGGCGACGGCAAGCCGCTCGGTGATTATCTGGGCGGCGTGCGCAAGCGGTTCGGCCAATGGATTCTCGACACGGCCCGTGCGGAATACGACCAGAAATGGCTCGACTATCAGCACGAGATCGGCTTGCGGCATCATCGCACCAAGAAGAACCGTACGGACAATGCGGCTGCATCCGCTGAAGTCGTCCCGTTTCGTGATCTCTTCGCGCTCATCTTTCCGGTGACCTTTACGCTCAAGCCGTTTCTTGCTAAGAAAGGTCACTCCGCTGAGGACGTTGAGAAGATGTATGCTGCATGGGTGAAATCCTGCCTGCTTCAGGTGACGCTGTGGAGCCATCCCTACGTGAAAGCCGGAGATTTCTAACGAAACACAAGGTAGAGTCCGGGGATAGACTGGTCCTCATCGGAGCGGACTTCGGTGAGGGTCATGATGTTCCCGGCTCATCCGTCGCAGTTCGCGTGCATATCGATCCCACTCAATCCCAGACTTGAGGCCTCATCACGCAGTTTGTCCGGATCGGTGGAGCTCATGCGGCAGACTCCAGACTGTGCTGGTGATAGGAGCTTGAGGGATGACCGTTTGCTGCATCCGCCTAGGAGAGAGTTTCGGCGCGGATTATGGCTTGTGGATACTCTAGAGCTTGGCGATCAGGTCAACCGACAGGGCCGTGTAAGGTCCCCTCTGTCGCGTCAACGATTCACCACACGTTGAGTGACTCCCTTGTGGTGGCGGGAAGCTACTCGGGATTTCTTGCCGACGTGGTTGTCTTTCTCGCCCGACAGGACACTGGGTTCTGACCACTGAGTGACGATAATCTCCACCCGTCTGTTTTTACTCCGACCTTTATCGGTATCGTTGCTTGCGATGGGTCTGGTGGCCGCGTATCCGACCGATTTGACTCGATCGGCTTCGACCCCGCTGCCGATCAAAGCCTGACCGGCGTGTTCAGCTCGTGCCTGGGAGAGTTCGATATTGTCTCGAAACGTTCTGCGAGGGTCGCTTCGGACGGGCTTGCTGTCGGTATGTCCGGCCACTTCGATGCTCTGGTAACGGAAATCATGCAAGATCGCCCCGATCCGTTCGAGCAACGAGGCGCCTCCCGGGGTCATCGTCACTTCGCCTGAACCGAATAGCTCGCCCGTCGCTAACGCCAGGGTCAGTTTATTACCCCGCTGCCGTAAGCCCACACGACCTTTCTTAAGCTCATCTTGCAGTGCGCTGCTGAGACTTTCACTGACCTTGGTGAGATCACTTCCTATGGCTTTCGCATCGTCCGGACGAACCGGATGGGGTTCTTGAGTAGGAGCTGCCTCGCCTTGCTTCGTAGAATTACGCTCCATCTCTGCAAGCAATTGCTTCGCCTGCGCGAGTTCCGCATTTCTGGCCGTAAGCTGCGGGTCGAGATCAGTCAGCTTTTGCGTGACTTGCTTAAGGTTGTCCTCAAGCTGCGCCAGATCCTGCTCTTTTCCTGCCAGTTGCTGTTCTAGCTCAACCACTCTGTTCCTGGCTTGCGTTAACTCTCCAGTCTGTGAGGGCACGTCACCGTTGAGTTTGGAATTGTCGTCGGGCTCGGATCGCGGGACTCTGGCCCCTTTCTTTTCTGCATCAAGCTGACGCTCGAGTTCGACGATTCGGCGCTTTGCATTCTCGAGACTGCTGACCGCAAGTTGTCGCTCGAGATCTTCGATTCGCTGTTTAGCCTGCTGCAGGTCGCTTTTCGTCGTGCTCAGCTCTTGAGACGGCTGGCTGTGTGAGTCTCCTGGGTCGCGCAGAGCATTGAGCGCCTGTTCTTTTTGGGCAAGCTGTGTCTCTAAAACACCCACGCGCTGCTTCTCAGCGTTCAGGAGATCATTCGCCGCCGTTGCCTTCTCTCGCAGCAGAGACAGTTCTTTCTCTTTCGCTGAGAGCTGCTGCTGGAGCTTGTCCAACGACGGCTCCTTCTCTGCTTCGCCTTTCGAGGTTTGGGGCGGAAACGAATACTTATTCTGGGGGAAATGGTCGTCGTGAACCTTGTAGAGAGGCGTTGTCGAGGTGCTACTTGTCGCTTGAAAGCCGGCTGCGATACTCGGAACGTGTCCGTTGATCAGCGTGAAGGTCGATGCCAGCACCAACGCAAGTAACTTCATGGCTTTATCTCACTTCCTTGGAGAATAACGTACAGTGATCGCAAGATAGAGTGGGAGGATTTCCGCCGG
CP060501.1_gap89	3012532	3013535	1003	TTGTCGATGTAGATATTCTTGACAGGAATTTCATATGTCTCGGCGACCTGGCCCCGTGTATCTGTAATGGCCGCCGATCGGACCTGATTCAGCGGGTCAAGCATGACGCCGTAGGGGTTATAAATGCCGTCGTCGGATTGCGACCCCGTAACGCTCGGCTGAGTCGTGCACCCGATCAGCGATGCCACAAAAACAACAACGCTCAGAGAAACCGGATGCCGAATGCGGTTTGTGTTCATGATTTTCAACCTCCGGAAAGAAAAAATGTTCAAATCTGGCACTCAGCTGATTGCTGAGTTCCCCGGGCGAACCGAAATCCCGTATTTCCCGGTACCAGTGGGCTTGTAATGCCGCACGCGGGCATAGTACATGCCCGGATTCAACTTCGTCGCGATTTTGGCGTTGTATTTCTTCCCGCTGTCGTCGTCTTCAGCAATGACAGCCGTTTTATTGTTTGGGCCCAGGAGCACCATGACCACGTCCGTGGAACCTTTCGTCTCCAAGATATAGGGGCCTTTTGTGCCTACGGTGAAACTAAAGAGATCTTCCTCGCCGTGTTTCCCGATCAAGGCTTCGATCGGAGCCGCACCGACCGTAATAGCGGTGACGTCCGGAACGACTGTCTTGGGATACATCGTCCAGATGAACTCCTTATCGATTGCTGAAAGCTCGCGATTCCATCCGACCTCGAAATCGCCCAGCGTCAAGTCATTCGAAATGGGATAGTGCATGATGGATATTTTGTCGTACTCGGAGAAGTTGGTGCTGTCCTGCCCATATTTCTCAAACAGATTGTGGTCTATATCTTCTTTGGTCCAGTTGTTGGGAGGGCCCATGAAATATCGATAGACCGCTTCCTTGTCCCATGGAATGCCGGCTTCGGGATGCTGATGCTCGTGAATGCATCCCAAGGCGTGACCGAACTCATGGAGCACCACACGGCGATATTCGTCGTCTGTACTCGCAGGGGTCAGCCAGCCGTAGTTCATGGTTGGATTGGGTC
CP060501.1_gap90	3014559	3018642	4083	CCGGCTAACTCACTCATTTCCGGGGTGTCAACGCCACGAAGTCTGATACGCTCGGCTCCGACGCGAATGGTATCGCCATCGACTGCCCGCACGTGTAAGGTACTCAGTAGGCGCATCTCGTGTCTCGACCGCGATCGAAGGGCTGAAAGGCGAGACTGTTTATGTATGGGACCTAGTTTGTAACGGCCTTTGGGATAGCGTTGTGGTCTGCTGTCCGGGGGACGTGGGGGCCGACGCTGCCTATACGTGGGAAGGCGATCCGAATGTTGCTCGTTCGGCGATGGATACCAGCAGAGGTCGCACTGAGGTTCCAGCGTTGAACCGATGTCGGATTTCTGTAGGCGCTGTGCATGGGCATGAGGTGGAGATAGGACACACAACATCCCGCAGACGAGCAAACGGGCTAGGATCGTTATTGGGCGCTGGTTCATAGCCTGTGTGCGTACGCAGGTGTCATGCCAAATTTGATCGATTGACAACGTTCAAAACAGCATGCTGGAATGAGTTCATATTTCGTCGTTCGTGAAGCGTTGTTCGTATCTCGCTTTTGGAACGAGTCTGTCCCACGAGATACGCTTCACGAGGAACGAGATACACATCACGGAGGTCGAAGCCATGGATATGATGGGACGTGTGGGGCTGGTTGAGATTCCTGTCTTGATTGCCCCGGATCAAAAAGTCTGGATGGACCGCATGATCAAGGAAGGGAAAATCGCCATCCCCCCGGGCGGAACGTTGGAGAAAGGGTCGCTGTATTCAATGTTTATCCGTATGTTGCTCCATAACGCGATGGAAGAACAGAAACGGCAGGAGGCTCTCGAAGCAGAAGACGAGGACGACGAATAGGCGAACGTGAAGCGCGAAAGATCTCTCAGGTGGACTGTATCTAAATAGATTGACGATGTATCCTACGAGATACGAGCACCGCTTCACGAGGGACTCGATTAGAGCTTCTTGAAGGCGGTGTGCGCGGCGCGGATAGTCTTCTCGATGTCCTGCGCGCTGTGGGCGGTGGAGAGAAAAGCAGCTTCGAACTGGGAAGGGGCCAGATAGATTCCCTGTTCCAACATATGATGAAAAAACTGACCGTACCGCTTGGTGTCTGATTGTTTCGCCGTATTCCAGTCCACAACCGGACCTGGAGTAAAGAAAGTCGTCAGCATCGATGCAACCCGGGTTTGAGTGACGGGAATACCCGACTTTTTTGCGGCCTCGCCGATCCCTTTAGCCAGGGCAGCTGATCGCTCCTCAAGTTGCTTATAAATCCCTCGTACCCGCAATTGTTTGAGCGTCGCCAATCCTGCCGAGACTGCCAGCGGATTACCGGAGAGCGTACCCGCTTGATAGACCGGTCCGACCGGCGCGATGAGATCCATGATCTCTTTCCGCCCGCCATAAGCACCGACCGGCAATCCACCACCGATAATTTTCCCAAGGACCGTGAGGTCAGGCGTGATGCCGTAGAGCGCCTGCGCGCCTCCGTAACCGACGCGGAAACCGGAGATGACTTCATCGAAAATCAAGAGAATGTTGTGGTCGGCGGTCAGTTGTCTGAGTGTGGATAAGAAGTCGGGAGCAGGAGGGACAACGCCCATGTTGCCGGCAATCGGCTCAACGATAATGCAGGCAAGCCGGTCGCGGTTGGCGGCAATAAGCTGCTGGACTGTCCGAATGTCGTTATAGGGAGCCGTCAAGGTATGCTTGGCAAAGTCTTCAGGTACGCCCGGTGAGTCCGGAATCCCCAATGTTGCCAACCCTGACCCGGCCTTTGCCAGCAGGTAATCACCATGCCCGTGGTAGCATCCTTCGAACTTCATGACGGCCGTTCGTTTGGTAAACCCCCGCGCCACTCGGATCGCGCTCATCACGGCCTCGGTCCCGGAGCTGACCAGCCGAATCTTTTCCATGGAAGGGAAGCCGTTGCGGATTTCTTTGGCCAGCAATACTTCCGACTCAGTCGGAGCCCCGTAACTGGTCCCTCGCCCAGCCGCGTTCTTGATCGAGGTAATCACCGCCGAATGGGCATGACCCAAAATCATCGGCCCCCAAGAAAGGACATAGTCAATGTAGACGTTCTTGTCCACATCATAGAGCCGTGATCCTTTTGCGCGTGCGATGAAACGTGGCTGCCCACCGACCGAACGAAAGGCCCGAACAGGGCTATTGACGCCACCGGGGATGAGTTGCTGCGCTTCGGTGAAAAGCTTGGCGGAACGGGATGTTTTCATAACGGGGGCGCACCCTATCACGCGGTACGAGAGATGGTCAAGAAACGCATCGTCGCGCCATGAGTTGGAAGACGACCGATCAAAGTCAAAAAATGTCGTAAGAGATACACTTCTCTCAATTTCGATACAGCGGACGGATGGGAGCTCCGATTGGAAGCCGAATATTCCTTTGATTTCTCTGCTCTATAGGCACTCACGCATGACGGCGTAATTCTTGCTGTATTCATGCGTAATCAAGAGGGTGAGAGACATGAAGGTCATCTGTTCCTGGTGTCGAGGAGAAGGTCGAGACGGGTTGGTTGGAGAAAAGGCGCCGCTGGACGACCAGCGTGAAACCCACAGTATTTGTCTTGAGCATGAGAGGGCGGTGCGAATTCGCTGGACGGCGCATCGGAGCATAAGTCGATCCATGTTAACCACCAATGGAATGAGAGAGCGACCCTCGCGTGTCCGCCGGGTGGTGCTGTCGGCTGTTCAATTATATGTTGGTCTTAAGGGTTTCGCCTCGAAATCACGCCTCTAGCGGCCTAATCCATCGCAACCTGTTTCCGGAGCACATCGACGGCGGTCTATTTCGGGGAGGATTTGGCCGAACGTTTTGAGCGGGCTTTCGTCTTAGGCGCCTTCCGCTCTGCGGAGGAGAACTCGTCTAATTCCCAGCGCTTCCGACTCGTTTTGTCCTGTTCAGTCACCAAAAAGCACACATGGAATGGCGCGCGCCGACCATCGGCCGTTTGCCCCTTGCTCCAGGCTTCGCCGGCGTCACTCAGGACTTCCAACAACGTTTCATACTCCTCTTCATCATCGGGAAGCACAGCGTGCGCGTCGGCAATAAATAGAATGTAGCCTTTGGCAGGAAGCCACTCAAAATCGGCAAGACATTCCTCCAATGCGTCCCAGTTGTGTCCGAAGTACTCCGGAAAGGCCAGCACCCGGGCGAACTCATCGAACAGACCGGATGAGGTTCGGCATTTCTTCCCTTGGATGGTGCGCACCACGAATTCCGGTGGAACCTTCACCAACGTTGTGATCGGGGCTCCTCGCGGGACAATAAGCAGTCCTGACCAAGGCGGCGTGGCGTTGCTCAGATGCGGGTACAGTGTCGGTTTCCCTGTCATACAGAATCCGCCGGGTTGGGCATTCCTCAATTCAAAGGGACAAATGTTCGGTAGTGATCGCCCGTGTAGTACGCCTTTCCGGTCCGCTGCTCGATGACGATCCGTTCAGCATCGCGCCTGCGTCTCGGGATCTTTGGATTGACATCATACTCTCGGTAGCGACCTCGTGGAAGAAGGCGTTCTCGATTCTGGAAATCGCGCCCACCGATGTACCCGGGGAGAGGGGCACCGCGTCGATCTTCCAACTGCTTGAGCAGATCGTATGCTTTCTGGGGAGCGGTTGTGAGTGAGGATGGGGTGTCGATTCGATGAGGAAGATTGGTTGAGGTGTTGCCCAAAAACGGACCATCGCCGGTGTCGGCTGCGGGAATTGAGATGGCGGACACCATGCCGATCGCGCATAACAGGATGGCGAGAAGCCCAATGAGCTGAATCCGCCGCCGCTGATCGTTGAGCACAGGTTCCTCTCTCGTGACCATGCAGAGAACCGACCGTAGCATCCTCCTTTCAGGAAGGTCAAACAACGTAGCGGGCATTCACGTCGTTACCTGGATGTATCTAGCGCTGTTTGCTAGAATGACCCGGCTGATGTCTGCATCAGAAGAAAAGGGAACCGGAGTCATGTGTATGAATCAGTGCGCGGAGTCTACACGCTGTGGGTGAAAGCGGCTCGCTCGGACGCGTGAATGCTTTGCGCAAGTGTCTGGCGTATTCCTTTCTCGTTCTGGTTGCCCTCA
CP060501.1_gap91	3215170	3216253	1083	TGAGTCGCGCATTCTCAGACTGTTCGGCGAGGAGTGTCTTGATACGGGCAGGTGTGACCTCATCGAGGCGGCGCAGCAGCTCATCGATCGTCCCGAACTGCGCGATCAATTTCATTGCCGTTTTCTCGCCGATCCCTTTCACGCCGGGAATGTTGTCCGTGCTGTCGCCCATGAGACCCATGACTTCCACGACCCGCGCCGGCTCGACCCCGAACCGTTCACGACACTCGGCCTCGCCCGACCATTTGTTTTTCACCGGATCGTAGATGCGGACGTGTGACGTGAGCAGTTGCAACATATCCTTGTCGCCTGTGACGATCACCACATCGTAGCCCGCTGTTTCGGCCTGCCGCGACAACGTGCCGATGAGATCGTCGGCTTCGTATCCGGCCTGCCTGACGGCGGGGATATTCAGCGCTTCCACCACGCGATGAATGTAGGGGATCTGTACCGACATCCCGTCCGGCATCGGCGGGCGCTGGGCCTTATACTCTTTGAATTCCTCGTGCCGAAGGGTCGGGCCCTTTTCGTCAAAAGCCACCGCCAGACCATCCGGCTTGTGCTCCCGGATGATCTTGAGGAGCGTGGTCATGAATCCATAGACCGCGTTGGTCTGGAGACCTTTCGAATTATTCAGCGCCGGCAGGGCAAAGAAAGCCCGATAAATGTAGGCGCTGCCGTCGATGAGATAGAGAACCTTGCGGGTGGATGTAGGGATCGACATAGCCACAGCTTACCGCGTTGAACCTTCAGCGGTCAGCAGTTGATTTTTATCCATGGCGATTGTCGATTGCTGTCGACTCATCTATTACGGTTCCGGCGCAATAACCAACGGCGGCTTTCCGAATTTCTTACGCATGTTGTTGATCGTGTTCAGGACAGCGGGTTGACCGATCATTTTTGCTTCCAGCTTGCGCTTGCCGGGAAAGTCCAGCATGGTCACTCCGATCAACATCGTGAGAATGCCCTGTCCCGGCAAGAACAACATCAAGAAGCCGGCGAACAGAAAGATCGCGCCGACCACGTTCTTCGCAAGGTGGCCGAGCACCCGAAGCACCGGGTGGTGGTTTTCCATCCAGCGTC
CP060501.1_gap92	3218565	3222598	4033	TGCACCGCAGCCGCCGCGGCTTGGTCCAATGCCGCCTGCGGCACTAATCCGATCAGTTCACTTCCCGCCACCTCAATTCCCCGGTTTGCGGCTTCGGTTTTGACCATCTGAAATGCCGTCAGGATCGGCGTTGCCAGGTGGTCGGTCAGATTCATCGCCACTTGCACCATGCCGCGGCTGGCCAACTCTACGCCGATCGCTTTCAGATGGGGCAATCCTCCGGTTGATTGGCGAACGGCCCTCGCGATGGACTGGGCCACGTCGACGTCCTTGCATCGGAGGTTCACGTTGTAGGCAATCAGGGGGGGGCGGGCGCCGATCGCAATCGCTCCGGCGCTCTCATGGAGTCGAGGCGGTCCAAAGTCCGGTGTCCAATCCGGATCGTTGGCCATCCGGAAGGCCAAGCCTTCAAGCCCCCCACGTCTCACTGCCTCCAACGGTATGTGGTCGGCATGACTTGCGGCCCGTTCGTATAAGAAAACGGGAATCTCCAGCTCACGCGCGACTTTTTCTCCCAGTCGCTTGGCGAGCTGCACACAGTCCTGCATGGTTGTACCTCTGATCGGAATAAACGGCACCACGTCGGTCGCCCCCACACGAGGATGTCCGCCGACATGTTTGCGCAGGTCGATAAGGTCTGTCGCGATCCGAATGGCACGAAAGGCCGCCTCGACGATCGCGTCAGGGTTTCCACAGAACGTCAGGACCGACCGGTGGTGGTCCGTATCCATGGAGTGGTCTAAGAGCGCCACGCCGGTGGTCGATGTCACCGCATCGATCAGAGCTTGAATCGTCGCTCGATCCCGACCTTCGCTGAAATTGGGGACGCACTCGACAATTCCGTCCATAGGCCTCTCGTAAACGAAAAAGCCGGAGGACTGAGCATCGTCCCTCCGGCTTCTTGCCTTGCTGTCTCCAAGAAGGTGTGATTATTTCGTTTTCTTGACGAAGGCCTTATAGATCCGGCCGGACTTTGCCTGTTCCTCTTCCAAGCCCATCATTTCATGGCCCGTGGATTCGCACCACGCCGGCATGTCCTTCTTGATGCCCTCATCATCGGAGATGACCTCCAGCACTTGTCCCAAAGCCAGCTCTTTGATTTTCTTCGACGTCAAAATAATCGGCATCGGGCAAAAGTACCCCAAGGTATCCAGCTTGATATCGGCTTGCACCATCAAGGCACCTCACTCGGTTGGCGGTTCAAATGAACAAGTTGACGCTGCCATGTTTTGCTTCCGCCAGATATGTGGTCACACCCGCGAACTGATCAATCCCGTCGATCAATGTATCTTTGGAAATGCCCATGAGGCCCATCGTCGTGGTACAGGCGATAAATCGCACATCCAGGTCAATGGCTGTTTGCATCAGCTCAGGAACACCGGGCATCCGATTTTGCTTCATCACCTGTTGCATCATTTTGGTGCCCAGCCCGCCGAAATGGAAGCGGGATAATGGCAACGTGTCGGCTCCGCCTTTGTTGAGGAACCCAAACATACGTCGAAGCCAATCCTTCGCTGAGCTTGCCGCGCCCTTCCTTCGAATCGTATTCAACCCCCAAAATGTGAAGAACATGGTCACACGCATACCCATCGCGGCGGCACCAGTCGCGATGATAAAGGCGGCCATGGCTCGATCAAGATCCCCGCTCAATAATACAATCGTCACTCGCTCGGGCTTGGATTCTTGCAGCTGTGCCAGTGTTGTCGTCGGCTCTACGTGAGAGGCAATCATCATGTCACCTCTTCATGCTTGTACGATTTGCATATTCTATGCATAAACAGAATAGTATGTGATCCTTTGGGGTGTCAAGAAACCGGGCGACCACGCTCCTCTGATCATTGCTTGACCTATTAGCCATCCCCTCGCTATAGTCGGGTCCCATTGTCCGATGCCCTTCTTGTGAGCTTCCTGCCTATCTCATGACCGAGCAACCGTCACCCGAGGTCGTATTTTCCAAGAGTGCTCCACTCTTTGGGTTCTGGTACCCTGCCGTGCCCAGCCATACCCTACCCCCTGGTACCATGAAGGGATTGCAGATGTTGGGGTTGCCGATCGTCCTCTGCCGGGATCGAGCGGGTAGCCTCGCGGCAATGCGTGACATCTGTCCCCACCGTGGCATGCCTCTGTCGTTCGGACGGTTCAACGGCGAGCGGGTGGAATGCTCGTATCATGGCTGGCAGTTCGACATGAAGGGTCGCTGCCGGTGTATTCCTGCCTTACCCGGAGAAGCGGAGCTACAAACCGATAAAATCGGTGTCACGACTTATCCGGCCGAAGAAACGGACGGCATGATTTGGCTGTATCTGGCCGATGAGCGAGGGAATATGAATCCGCTGCCGGCTGCTCCGCGTATGCCGCTTCCATCGGAACCTCGGCAATCGTTCCATATTTCGTTGACCTATACCTGTACTGCGGATGACGGCATCATTGGTCTCATCGATCCGGTCCACGGACCGTACGTGCATTCCTGGTGGCGCAGCGATGCGCGTATGCACGAGAAGACCAAGATCTTTGAACCGATTCCTAACGGTTTTCGAATGACCGCCCACCGGCCGGCGAAGAACAGCGGGCCGTTTCATTGGATTGAGCGTATCTATGGGGGACCGCTGACCACCACGATCGACTTCCTCTTGCCGAACCAACGAGTGGAACTCATGCAGTGCGGGAGCGTGTGGCTCGCCAATCGATTGATGGCCACACCCGTATCCGATATGGAATGCCGTATCGATTTCTCCGCCTATTGGCGCGGACTGCACTGGCTCCCGTTCGGCAATTTGATTTTTCGCACCCTGACGAAAATGTTTCTCGGCCAGGATGAGCGGGCGATGAAGCATCTGGCAGTCGGTCTTCGTCACAAACCCTCATCGATGTTTCTCGGCGATGCCGACATGCCGGCCAAATGGTATTACAAATTGAAGGCGGCCCATGTGGCCTCCGTCCATACCGGCCAGCCGTTCGATCACCCCCTCAAAGAGCGAGTGACGCTGCGGTGGCGAAGCTGACCGCACTCGTTCGATCGGTATGCCTATCGGTGCGTGCCGACTTGCATAAGCTCGACGTTCCTTCGGGATTTATCGCGGCGATGCATCAGGCGTGAGGCGTCTCAATCCAGACTGTACGCTAGCTTTCAGGCTCGTTCGCCAGAATAAAGCTCATGGCCCGCCTGATCTCAGGTCGCGATCCGAGCAGCACGACGATATCGCCGGCGAGGAGTGTGGTCTTCTCCGACGGGTTGGATTCCGTAACGCCGCTTCTGGTCAATGCAATGATGGAGGCCCCTGTCCGTGGCCGCAGCGCCAATTGGGCGATTGTCTTTCCGTCGGCCGGTGAATCTTCCTCAATTCGGCACGTCTCCACTTCGACATCTGTGAGGGTGCCCCCGCGAAGGTGATGAGCCAACTCGGGGAGCTCGCTGCGGCGTAGGAGCGCATAGCCCTCACGGCGTACCTGTTCAGCCTTTCGCACGACGAAGTCTTGCGGCATGTTGTACGTGCGGAGTACGAGCGCGAAGATTTCGATCGATGTTTCAAATTCTTCAGGCACCACATCGTCCGCGCCCAGTTGGTGGAGTTCCTCTAACTCCCGCAAATAGCGGGTTCTTACGACGATATGGATCTTTGGGCTCAAGCCTCGGGCGACCTGCACGGTCCGACGGGCCATGAACGGATCAGAGATCGCGACGACCAAGACCCGTGCGTCTTCGATCTTCACGTGCCTCAGCACAGTCGGGTTTGTCGCATCTCCATAATAGAGGGGCAAGCCATGGGCGGCCTCGCGGCGCACTCTGTCACCGTCTAAATCCAATGCGATGTACGGCACTTCCGTCTCACTCAATACGCGGGCCAGATTGCGCCCATTCAACCCATACCCCACGATAATGACGTGGTCCTTGATGCGTAGGTGCCGCCCCTCCGCTTCCAGTACATGGGCTTCTGTTTGTCCAGGAAGCCAATGGTGGAGTCGTTGCACAGCTTCGACTCTTCGACCGAGATGCGGCGACAGCTGCATGAGGAACGGTGTGATGATCATGGAA
CP060501.1_gap93	3223775	3224408	633	TTATCCCTCGTCCAGAGGCCGTCACGAGAGATACGAAGGATACCTGAGGTCCATGCAAGGGACAAGGCAAAGCGGCAACCCCACACAAAGATTGTTCAGAGACTTTTCCGATCCTTGCATGGGTTCCAGAGGTCGCAGGGAGAGGTGCGTGCGAAGCGAGTACAGATTAAAGATGGAGGATAGGAGCGTCACCGATTGGTCTTTCGCGGCCACAGTCTTGGCTTTGCCCCCTCCAAAGAGGCATAGACCGAACAATAAAGTATTGCGTAGGGTGTGGGCACCTTAACGTGACACGGCGACCAGGCACCGAGTGCCTCCGCCATATGATCTGGAGGTGCCCCATGCGGCTGATCAGAACGGCGTTCTTCTCATCGGCAATCCTGGCGGTTATGTCTGCTGGGCCGGCTTTCGGCGACTCCTCACCCGGGTCTGCGGCGACGTGGGAATGCCCCCAAGCCGATGGTAGCTCTGTGTACACCAATAAGGAGAGAGCCGGTTGCCATGCCATGGCGCTCAAGCCGCTGTCTGTGGTACCCGATTTGGAAAATATGCCGACGGCTCCTCGAACCATGACCACCGCCGCACCGCGATATGAGGTGCCTCCTTATCAGGGGCGCTCATCCGGGACGGAAG
CP060501.1_gap94	3244861	3247111	2250	ATTCGAATCGGACTTGGTCGCGAAGACGGTCACGCTCGTAACGGTGGCCGCCACATCTGCGGTGTAGGTCAAGGTCCCAGCAGTAAAGGCGGGAGACAAGGCGCCCGGGGTCACACGCAAGGCCGAGAGATTATTATTGCCCGATTCCGCTCGATTGACGACGACGACATAGGTGTTGCGGCTTCCGCTCTGCGCCGTTAAGACGATCGTAATGCTTGTGCTTGACCCCAGCGATCCCAGCGTGACGGTGCGTCCCTGCCCAACGCCGGTGGCAGCGCCGTTGATCGTCATGGTGGTCGTGTTGTCTTCAGGGGTGGCCACCACCGAGACGCTCGTCACGGTGCTCGCCACGTCTACCACATAGCTCGAGGTGCTTGGAGCAAATGCAGGGGACAAGACGCCTGGAGTTACGCTCAAAGCCGACAGATCGCTATTGTTCGATGCCGTTCTATTGACGACGACGACATAGGTGTTGCGACTTCCACTCTGCGCCGTTAACGCGATCGTAATGCTCGTGCGCGACCCGAGGCCTCCTAACGCGACGGTGCGTCCCTGTCCCGCGTTGGTGGCAGCGCCGTTGATCGTCATGGTGGTCGTGTTGTTCTCAGGGGTGGCGGTCACCGTGACGCTGGTGACGGTCGTCGAGACATCGACCTCATAGCTGACGGTGTTGCTTGAAAAGGCCGGCCGGAGCACCCCGGGGCTGACGGATAGGCTGGAGAGTTGGGCCTCCGGTTCATTCGAGAGCGACCCGCTGTCCTGGCAACCGGAGAAACCTAGTCCAATCGCGAGGAAGAGAACGGCAACGAGAGATCTAGCTGCGACTGTGATGGTACGTCCCATCTCGAGGCGATCACCTTCCTTTGATGCGTGAAGTGATGAGCCAGTCGGTTCTGGTGAACCCAAACGTGAGATGTGGAAATGACGAGAGGGTTCAAATTGGCTGAGCAGGAGTTAAATGTATAGCCAATCCGACCAGTGAGGTCAAGACTTCAAATCGAGCGGGGGTAAATCGGGATGCATGGGAATCGGACGCTTATGGCGAGAGAGATTCTGTGAGAGGCCTATTCTTCCGGAGCTGTGACCGTCTCAGCCATTCATATTCCTGATATCAGGACATTCAGATCGGCATTGAGGACTGAGACGGTCATGCCATTGGTATTGAACTTATCCTGGTCCTCCAGGGGCTGTGCTGTCGATGGTCACACTCAAGCCGCCACTCTGATCAGATTCAAGGCTCGTTGCCGTACTAGTCACTGTGCTGGTAATCGTGTGGGGCCCGTCACTCAGCGATGACGTTGGCTGTAGGGTACCCGCACTAAAGGTAGATCCGACTTTGTTTCCATCCACATACAGGTTTGGAGTCAGACCTGCGCCCGGCTGAGGTATTGCAAATCTAGGTGTCGTGATGTTGGTGTTGTTGTCCGACCTACTAGTGCCAGGCGCGCACCCATCAGGATCAGGATTTGTAGGATCAGGAGGATCAAGAAGGGGACAGGAGTCATCCGCTGCTATCAGATTTGGCGCACTCGCTGGCGCCGGCGGCGGACTCGCCGGAGCCGCCCGGTTCACGGTGATCGTGTAGGTCTGAACGTTAACCCCGTTCTGGGCGGTTACAGTGATCGACACCGATGTGGAAGTTCCTGCTCCGTTCAATGGAACAGTCGCTTGACCTGATGCTGTTCCCGCTGGGATGGTCGCACCACCTAAGGACATAACGGCATTTGAGTCGGACTTAGTCGCGGAAACTGTGACGCTCGTGACGGTGCTATCAACGTTCGTTGTGTAGTTCAGTGTGCTCGCAGCAAAGTTAGGAGATAGGGTACCTTGTGTAACGCTCAATGCCGACAGGTTATCGTTGCTCCCGAGCGCCGCTCTGTTCACGTTAATGCGGTATGTCTTTGAGTTTCCATTGGGGGCCGCCACGTCGATCAACACAGGCGTGGTTGTCCCTGGGCCGCCGAGTTGAATGGTTGCTTGGCCGGTTGCTGTCCCTGCTCCGGCGGTCACGTCCTCGGACATCACGGCATTCACATCGGCCTTTGTAGCCGAGACATTGACGCTGGTGACGTTGCTCGCCACGTTCACTGAATAGGTAAGGGTGCTCGCAGAGAAGGCAGGAGACAGGGTGCCTTGCGTCACGCTCAAGGCCGACAGGTTGTTGTTACTTGCGAGCGCTGCGCGATTCACGGTGACGCGGTATGACTTGGGGCTGCCATTCGGAGCAGTAACCGTGATCAAAACCACGGT
CP060501.1_gap95	3426306	3431016	4710	CACGAACTCCGCGTTATGTGCATTCCTTCATTGCCAGAGGCTGTCCCTCTTGGATGAGACCAATGCAGAGGGCATACGCAACGAAACGGCCGTACGACGCATCGCGGCAATGCTCCCAATCCGACTCGACCCAGTAGTTCCGCTTTGAGACCCGCTTGAGAAAGTGCTGCGTGGTAAAGGGGCTCTTGCCGTCTCGGAGCAGTCCGTCGAAAAACTCGTTGTAACCGATCGGCAAGCTGGCCACGATTTGTCCACCAGGGGCGAGGCATTGGTTCCGTAAGTGTTCGATGGCGCACAGTATCTTGGCCGGCTCTCGTGGCTCCTCGTCCCATCCGACGTGTTCCAGCGTCGAGATACTCAGAATAAGGTCGTACCGCTCTGTTGGCACAAACTCGACAATGTCCTTGTTGATGACACCGGGAGCCACCTCGTACTTGTCGACCACATCGTGGTGGGTCGGGAAGTAATGCGAGAGCACGTTGCCGACCTCGAGAATTCGTGCGGTCTGATGACGAAGAAGGATCTCCCGGAAGATCGGGATTTCAACGCCACGCTCATTTTTCCAAGTCCTGTTACAGAAGTGATAGAGGTAGGGGTACGATCGCCCATCAAAGGTAAAGGTCTTGGCCCTTGTCCAGCGGGTCAGCGCCATCTTGGCAAAGCGCCAGTAGCGCGCGGATGCGCTCTCGCTGCCGATGGCGGCATTCGTGTAGTCGTAGGTGTAGGGCATGAAGAAAACGGTCACTCAAAGAGAATGCGGGAACCGGGGGACTTCATCTTGAAGATCTGCAGCGCGTTATAGATGCCTTTGGCGGGATGGTTCAGGATCAGACGAGAGTTGGTGATATGCGTATCGAGGAGCTCATATTGCCCGCCACTGTAATACAAGTCGCAATCATCGATTTGACAGTTCTTATAGACGTGATTGTCTAATGCGAGTTTTGCCTTCGTGAAGGTCTGGCCGTCGATAACAATGTAATTTGGTTCGAATTCCATAGAGATTCTTATGGCGAACTATAGCAAAGTAGATGATGGACGTAAACTAGCTCACGTGCAGCGATGAAGCCATGGAGCCAGTCATAAAAATGCTAATTCGGAACGATCCGAAACACATTGCCATTTTGGGTCAGAACATAAAGTTCTCCTGAACTGTCTTGGCCGAAGCTGGTTATTGAAGGTACGGTAAGCAGGGGCCACTCTGTTTGTTCGAGAGCCGAGCCGTTGTTGAATCGAAAACTGCGAACAAAGCCGGCGCAGAAATCGGCGTAGAAATAGGTGCCGTGGATTGCCGGCACTGCCGGGCCTCGATACACGTAGCCGCCGGTGATGGCGCAGGCTCCGTTATCGTGGGTATACTCAAGAATCGGTAAGGTGAGCCCACCGTTATTACAGTTGGCACCGGGATTAAAACAGCTCGATCCTTCCATGAGCCGCCATCCGTAATTCAGTCCGCGTCCGGCATTGGGTCCTTGTGACACATCGACCTCTTCCCGTGCATCCTGGCCGACATCTCCGATATACAGATCGTCGCCGTCAAACGAAAAGCGCCAGGGATTACGGAGTCCATAGCTCCAGACCAATTGATCACCTCCACCGAGAACAAACGGATTTAGTATTCCACTCGTGCACGCTGCTCCGGTGGTCGGATCGATCCGGAGAATCTTCCCCAGCCGACTTGCGAGGTTCTGAGCATTGTTGCTGGGATCCCCTGAGCTTCCTCCGTCACCGACTCCTGCATACAGACAACCATCCGGTCCGAATACCAACATGCCTCCGTTATGGTTGGCAAAGGTCGGATGCGGAATGGAAACTAAGATGACCTGCGAAGCCGGATTGGCGAGGTTGGCATTCGTTGCCGATACCAAAAGCCGAGCGATCGTGATCGCGCCATTGGCATTTGTATAGTAGACGTAGAAGCGGCCGTTAGCATTGTAGTCTGGGTCGAAGGCCAACCCCAGCAATCCTCGCTCCCCCCCACTAGTGATGCCGGTTAGTGAGAGATATGTGGCAAGTACGGTTCCTGCCGCTCGATCAAGAACTTTGATCGTGCCGCCCTGTTCTACGACGAACAAGCGATCGGTGTCGCCCGGGGGAGTGGTGACGAACACCGGGGAGCTGAGATTGCCTGCAACGAGTTGGAGCTTGAGGCTGGTGGACGTTGGGACGGTGTTCGTGTTCTGTGTGTCTCCGCCACTGCTGCATGCGGCGAGGAGTCCGACGAAATACCAACCAAGAGTTATGCGGACGATTGTTTGTCGCATGGTTGAGCGGGTGCTCTGCTTAAAAGACGATCTGTATCCTATCATTCCAACTGGTGGCAAATCGCTAGACAAACGGACGGTGGTGTGTCCATTTCACGGGTCGGCAACGATTAAACACCGTCATCGTCACTATTTCAAACGCCCAGTATTTTGTCTTGATCCGCTCAGTCTAACCCTATAGAATGGCTCAGATTTTCGGGTGGTTAGCTTCTGATTCGACTCCGCCCGCCTAGGGTTTCCCCACTCGCTCATGTACTTTGGATGGGTTGAAGCCACGGAGAGCCGTGTGACATATGGAGTTCGTTTAACCAGCAGGAGGATTGCAAGTGAGTGATTCAGCGATTGTAATCTTTGCACTCATCGCGGCCGTGACCGGTATTGCCTATGGACTGTACCTGGCGATGTGGGTGTTCAAGCTCGACGCCGGCAACGCGAAGATGCAGGAAATCTCAAAGGCCATTCAAGAAGGTGCCAGCGCCTATATGAATCGACAGTACAAAACTGTCGGCTTTGTGGCGGCGGGTTTGTTCGTTGTTCTGGCAGCTGCCGGAGCAGTGTCGGATAAATTCGGCTTACTCACTGCGATCGGTTTCTTGGTCGGCGCGGGAGCTTCGTCCATCGCCGGCTATGTTGGAATGATTATCGCGGTTCGCGCCAATGTGAGAACCGCGCAAGCAGCACATAACGGCATGAACGCCGCCCTGATCGTTGCTTTCCGGGGTGGGGCCGTGACCGGACTCCTGTTGATCGGCCTCGGCCTGCTGGCCATCACTGTGTTCTACACCATTGCACAATCTGTGGCTGGTCAAGAGAAAGCGATTCATGCGTTGTTGAGTCTCGGCTTCGGCGGCAGCTTGATCTCGGTCTTTGCACGCGTCGGCGGAGGGATCTACACAAAGGCAGCGGACGTCGGTGCCGACTTGGTCGGCAAAGTAGAGGCGGGTATTCCGGAAGATGATCCGCGGAATCCAGCTGTCATCGCGGACAACGTCGGTGACAATGTGGGAGATTGCGCCGGAATGGCGGCAGACCTGTTTGAGACCTATGCCGTCACGACGGTGGCGGCGATGGTGCTGGCGTTTACGATGTTCAAGGGAGCCACCGCGCCGATTCTTTATCCGCTGGCTTTGGGTGGAGTGACGATCTTTGCGACCATCATCGGTATTCTCTTTGTAAAGGTCAGTCCGGGCGGTGAAATTATGACCGCCCTCTATAAGGGGTTGTTCGTGGCGGGCGGGATTTCGGCCGCGGCATTTTTCCCAATTACCTCCAAAATCATGGATGGGGTCGGCGGTGTGAGTGGGCTCAGTTACTACTTCGCGGCTTTGATAGGATTGGGGGTGACGCTCGCGCTCGTCTTCATTACCGACTACTACACGTCGAAGAGCTATGAACCAGTGAAGTACATTGCCAAAGCGAGCGAAACCGGCCACGCCACCAACATTATCGCAGGCTTGGCAGTAGGCATGCAGTCGACAGCGGCTCCGGTGGTGGTGATTGCAGCGGCGATTCTCGGCAGCTATTGGATTTGCGGTGGCGCAGAGTCAGGCGGGCTATATGGCGTGGCGGTGGCGGCAGTGTCGATGCTTTCGATGGCTGGGATCGTCGTGGCGATCGATGCCTTTGGTCCGATCACCGATAACGCCGGTGGCATCGCCGAAATGTCGCATCTAGGCAAGGAAGTGCGCGATATCACCGATCCATTGGATGCCGTCGGCAATACGACGAAGGCGGTCACGAAAGGGTATGCGATCGGGTCTGCCGCATTGGCGGCAGTGGTGCTGTTTGCCGAATACTCGCGTGAGGTTGCCGCGCACAATCCGGCGCTGGCCGCATTCGATCTTTCCAATCCAAAAGTCTTGGTGGGACTGTTCCTCGGCGGCATGTTGCCGTTCATCTTCGGCGCCCTGTGTATGAGGGCCGTCGGTGAAGCGGGAGGGCTGATTGTGGAAGAAGTGCGGCGCCAATTCAGAACGATCAAAGGCATCATGGAGGGGACAGGTAAGCCGGAATATGGGACTTGTGTGGATATCGTGACCCAAGCGGCGATTCAAAAGATGATGATCCCCGGTTTGATTCCGGTGCTCTCGCCCGTGATCGTCGGTGTGGTGCTTGGGCCACAAGCGCTCGGCGGCGTGTTGGTTGGCAGCATCGTGACAGGTCTGTTCGTTGCGATTTCCATGACAAGCGGCGGTGGCGCGTGGGACAACGCCAAGAAGTTCATCGAAGAGCAGGGCAAAAAGGGCACCGAAACACACAAGGCGGCGGTTACCGGCGATACGGTTGGTGATCCGTACAAGGATACGGCAGGTCCGGCCATCAACCCGATGATCAAGGTGATCAATATCGTAGCTCTGCTGATCGTTTCACTTATTGTATAATAGGGACCTCTCGTCTTTGGTGAGACGTGGACTGCGCGACGAAGAGCAACTGTCACCTGATCTAGATC
CP060501.1_gap96	3434187	3434967	780	TGTGGAGTTTCAGATTCGCACCGAGGAGATGCACCGTGTGGCCGAATACGGGATCGCGGCCCATTGGAAATACAAGGAACAGGGGCGGGTGCAAGATAAAGACAGCAAAGCATTTGGATGGCTGAGGCAATTCATCGAATGGCAAAAGGACTTGCCGGATAACCGCCAATTCATGGATTCGGTGAAACTCGAGCTGTTCCACGACGTCGTGTATGTTTTTACCCCCAAGGGAATGGTGAAAGAGCTGCCCAAGGGTGCGACCCCAGTGGATTTTGCGTATGCCATCCATACGGAAGTGGGTGATCACTGTGTCGGTGCGAAGGTCAACGGCAAGATCGTTCCGCTCAAGCACGAGTTGACGAGCGGTGATACCATCGAGATTCTGACGTCATCCAATCAGACTCCGCACAAAGATTGGCTCAAGTTCGTCCGAACGTCACGGGCAAAAACAAAGATTAAGCATTGGATCAAGGCGGAGGAACAGAAGCGGAGTCTGGAAATCGGCCGGCGTTTGCTCGAAGCGGAGATCCGTCGTCATGGGTTAGCGCCGGCACAGGTGTTGAAGTCCGAAGCGCTTCTCGAGGTTGCCAAACAGGAAGGATATGAAACGACTGACGAGCTGGCCGCAGCCGTTGGCTTCGGCAATGTTGCGACGGCTCAAATCGTCGGCAAGTTGATTGCTCCGGCATCCGGCGGCGCGCCTGTTCAGCCGGAACCTGTGAGCCTCCCAAAAGTCTCAAGCCGTGGAAGAGCAGAACAGGGCGTTCAAGTGAAGGGCGG
CP060501.1_gap97	3554476	3559022	4546	GGATCTTCAGCCTCGATACGGATGAACGCTGCACACCGGACGTTCGGGACGAGATTCTCGCGGTCCTTGCGGAGACTCCTGCACACGATGCCTATCTGGTGCCGCGACGGAATTACTTCATGGGACGTTGGATTACGCATTCCGGCTGGTATCCGAATTTCCGCCAGCCGCAGTTGTTCAGGAAAGGGGCTATGAAGTATGCGGAATCTCCGGTCCACGAAGGATACGAACTCTTGACCACCAAGCCGGTCGGACGGCTGACGCATGCGATTTGGCAGATCCCGTTCGGCGACTTCGAAGAGGTCGTCAAGAAGGCCAACCGCTACTCGTCGCTTGGAGCGTTGAAGCTTGCCGATCAACGGGTGTCGATGGGGGCGGCTCTGTTTCACGGCCTCTGGTCATTTCTCAAACATTACGTGGTTAAACGTGGGTTTCTGGACGGCTGGCCCGGCTTCGTCATCGCCTTCGGAAATTTTGAGGGAACATTTTATCGATATGCCAAGCGATTCGAGCAGCAGGAGATGTGGCCGCTTCCCAAACAGATGCCGCTTCGGCGCACCGGTCACGCCCCTCCGAAATGAAAACAGCGGTAATCGTTACGACGTACAATCGTCCTGATGCGCTGGCGGCTGTGTTGGAAGGGTATTGCGGCCAAAGCGATCACGATTTTGGACTGGTCGTTGCGGATGACGGTTCGAAAGAAGAGACGGCGGAGGTCGTCCGGCAGTTTGCGCGGCGCGCACCGTTCTCGCTGACGCATATCTGGCAGGAGGATCGAGGATTTCGCGCCGCAGCGATTCGCAACCGAGCCGTCGCATCGACGAGCGCCGACTACATTATTTTTACGGATGGAGACTGTGTTCCCTCCCGGCATTTCGTGTGTGCTCACAAGCGACTTGCCGAACCTGGTTACTTTCTCGGGTCGAATCGTGTGTTACTTGCCGCCGAGTTGACGAACCGTGTTGTGCATGAGCGGCTTCTAATTCACGCATGGGGCGGAATCGAGTGGGTCCTTTCCTGGTCACGAAGGGAAATCAATCGCGTACTTCCGTTGATGACATTACCTGATGGCGGGTTCCGAAAATGGTCGCCGGGTCGTTGGAAAGGCATCAAGACGTGCAATCTCTCCGTGTGGCGCGCAGACTTGATCCGTGTGAATGGACTTGACGAGTCCTACGAGGGATGGGGGCTGGAAGATTCTGATCTGATCATTCGGCTTCTCCACGCCGGCGTGAAGCACAAGAACGCACGGTTTGCCGCGACAGTCTTCCATTTGTGGCACCCTGAGCAGGATCGCATGAGACTTCCGACCAATCAGAAGCGTTTGGATGAGCTGTTGCAATCGACGGCGGTGCGTGCCGCCATAGGACTTGATCGGCACGGTGGCCTCTGATGCGATACGATACCTAGGTGCTCGATGAATCGGGAAATGCGAAGCGCATTGGTCGTCTGTACGCGTCGAATCGGCGACGTGCTCTTAGCGACACCCGTCGTACGCTCCCTCAAGACCGCGTTGCCGCATCTGATGATCGATATGCTGGTGTTCGAAGGGACCGAAGATATCGTGTCGGCAAATGAGGATATCCGGCGGATCTGGACGATTCCCGAGCGCCCGACGATTGCGAAACATCTGAAATTACTGCGCGCGATGTGGCGACGCTATGATGTCGCGCTTTCTGTTCTGGCGGGAGACCGTCCCACCTTTCACGCTTGGGTGGCCGGTCGATATCGTATTGGGACTCTCTTGCCGGACAACAAATCACGGTGGAAACAACGCCTACTTCACGAATGGGTTCCCTTTGACAACCTGCAGACTCATACGATCGTCATGAATCTGCGGTTGCTCGAATCCTTGAAAATCAAGCCGCTTGGAACTCCTATTGTGACGTGGACTCAAGACGATGAAAACTCAGTTCAGCGCATGTTTCCTCAGATGCGGGATGCCCGACGATATGCCGTGTTACATATATCGCCGAAGTTTGCCTACAAGACTTGGACGGTGGCTGGGTGGGTGGCGCTTGGGCAGTGGTTGATTGACCGTGGGATGGGGGTAGTTGTCACAGGTATGGAGTCAGGCCAAGAGGCGTACTGCGAACAAGTCATCCAGGGCTTGCCGGGTGCCGTGAATCTGGTCGGCCGAGTGACGCTGCCGGCCCTTGGGTGTCTCTTAAGCCGCGCGGCTGTGTATATCGGAACTGATACGGCGGTGAGTCATATGGCGGCCGCTGTCGGGGTGCCTACCGTCGTGCTCTTTGGGCCGTCAAATCCGGTGAAGTGGGGTCCGTGGCCGAAGGACTTCTCTCCCACGACGCAAAGTCCGTGGGTCAGGCAAGGTTCGCAGCGGCAGGGAAATGTGTTTCTGCTCCAGGGAGAAGGGGAGTGTGTGCCTTGCTTTGCTGAAGGGTGCGACCGTCACATCAACAGTTTGAGTGATTGCCTCCAGCAGCTATCCGTGCAGCGTGCCATTCAGGCCATCGAATCCATCCTTGGAGAGCGGGCGCTCCTCGTTCCGACCACGGGGTACGCATGAAACAGTCTGCTGCCAAGCTATATCACTCCATTGCCGGACGATACGGGAACGTGGTCCTGCTTTATCGGTCATTTCTCCTCATCGGCGCACAGTTGGTTCTGATTTTCTTGGCAAACCTGACCGCGTTTGCACTGCGATTCGATGCCGACCTTCCTCCCGAGTATCAGCAGATGATGTGGGATCACGTTCCCGCCGTGCTGCTGATATTCGGTTCCGGCTTATGGATGTTTGGGATTCAGCGGGGACTTTGGAGATATGTCGGCATTTACGACTTAGGAAAAATCCTGCTGGCTTCCCTGACCGGCGCGGCGGCTTTTTACGGAGTCATCCATCTCATCGGCGGGATTACCCAGTATCCTCGCTCCGTCATCGTCCTGACCGGCCTGTTGAACGGACTATATTTGTCGGGCATACGATTGGCGGTGCGGGGATTCAGGGAATGGATCCGGATCGCCGATCCGACTGCCCGTCGAGTGCTGATCGTCGGCGCTGGAAATGCAGGCGAGTTGTTGGTTAGAGACATGCTTTCCGATGCCAACTATAACAGCCGGCCGGTTGGGTTTGTGGATGATGATCCCATCAAACGCAAGATGTCGATCCATGGAATACCGGTCGTGGGTACGATCGGCGATACTAGACATGCGGCGGATCGGCTGGAAGTTCAGGAGATCATCGTCGCCATCCCATCCGCGACAACCACGGTGAAGCAAAAAATTCTGGCGGCTTCAGAAGGGTGCACGGTCCCGATCAAGACCCTACCCAATCTCAAACAATTATTGGGTGATCCCGTCTCGTTGCAACAAGTACGGCCGATGAGTCTGGACGATTTGCTTCAACGTGAGCCGATCCAGACTGATTGCCAGGACTTGCACCCGCTCATCACCGGTAAGACATTGCTGGTCACCGGAGCGGGAGGTTCGATTGGGTCCGAGTTATGCCGGCAGATTTCGCAGTACAAGCCCAAAACCTTGGTGCTGTTTGAGCGGTATGAAAATGCCCTTCATGCGCTCTTGCTGGAATTGAGAGCGGCCTTTCCGGAAGCGCAGATACTCCCCCGCATAGGGGACGTGACGGTGCCCGACCGTGTGTCGGAAGTGTTCCGCCAGACCGGTCCCGATATTGTGTTCCATGCAGCGGCACACAAACATGTTCCGCTCATGGAACTGAATCCGAAGGAAGCGATTCGCAACAATATCTTAGGAACCCGTGTGGTTGCCGAAGCCGCCATGAAATCAGGCGTCGAGCGCTTCGTTCTCATTTCCACCGACAAGGCGGTCAACCCATCGAGCATCATGGGAGTCACCAAGAGAATTGCTGAGCATTTGCTTCAGGATTTGAACCATACCGGCCTTACGAAGTTCACCGTCGTGCGGTTCGGCAATGTGCTAGGCAGCAATGGAAGCGTGGTACCTCTCTTCACCGAGCAGATTCGTAAAGGTGGACCGGTGACGGTGACCCATCCGGAGATCAAGCGGTTTTTTATGACGATTCCAGAAGCGGTGCAATTGGTGCTGCAAGCGAGTGTGATGGGACGGGGAGGAGAGGTATTTGTCCTGGATATGGGTGAGCAAATCCGAGTTGCCGATCTCGCGAGAAACATGATTGTGTTGGCCGGCCTGGTTCCTGGCAAGGATATCGACATCATTTTTACCGGTCTCCGGCCTGGAGAAAAGTTGTACGAAGAACTCTTCGAGGAACGTGAACTGGTTGAGCCGACCTCCCATCCGAAGATCCATCGAGCCGCAGGAGCCCCTGTCCCAGTCGGCGAACTGAGCGAATGGTTGGAGTCACTGCAGGCCAATCTTCCGAAATACGAGGAAGAGGCGCTGCTCCGAGACCTCAAGCGGCTGGTTCCGAGTTTCCATCCGAGCCTCTCGCCAGGGGTCTGGTAGTATTTTCGTGTCGGCACGATGCTTCCTTGGTGTCCATCACACCCGCTACAGTTTTAACCGATGCCAACCGATAAGAACGGAAAGTGTTCGACCGAAATAGGGGGTGAGGCAGTGAAAGGTGTCG
CP060501.1_gap98	3568776	3569995	1219	TTCGTTCTCGCCGTGGGAAATCCGTTTGGCCTGACACAGACTGTGACCTTAGGAATTGTCAGTGCGTTGGGTCGAGCTGCAGGAATTGCCGAGTACGAAGATTTTATCCAGACAGATGCGGCCATCAATCCAGGCAACTCCGGCGGGCCATTGGTCAATGTGAGAGGCGAGCTGGTGGGGATCAATACGGCGATCTTCAGCCAGAGCGGCGGCAACATGGGGATCGGGTTTGCTGTACCGAGCAATATGGCGCAAGGCATCATGGGGCAGCTCGTGCAGAGCGGAAAAGTCGTCCGTGGCTGGCTTGGAGTGTCCATTCAAGAGTTGACGCCGGAATTGGCCTCCCAGTTCGGCGTTGGGGACACAAAAGGTGTGCTGGTCAGTGATGTCATGGACGACAGCCCGGCTAAAAAGGCTGGATTCGAGCGAGCCGATGTCATCATTGAATATGACGGCAAACCGATGGATTCGCCGACACACCTGCGTAATGCCGTGGCGCAGACTCCGGTTGGGAAAAAGGTGGCCATCAAGTTCATCCGTGACAAGAAGCCGAAAACCGTCGATCTCACTATCGTCGAGCAGCCCAAGTCGATGTCGCAGAATGGCGATGACGACGGGGGAGAATCGGCCACGCCGACCGGGGTGCTCTCCAGTCTGGACGTTCGCGACCTGACTGAAGAATTGGCGGGCCGGTATGGGTTGAAGTCGAGTGACCGAGGCGTCGTGATTGTTCGGGTCAAGCCCGGAAGTACGGCTGAAGAATTAGGGGTCCGAGAGGGCGATATCGTTCTCGAAGTGAATCGTCAAGCCGTAACATCGGTGAAGGTCTTTGAGCGGATCGCCGGCAAACTGCCGAAGGATCAGGCCGTCTTGCTGTTACTGAAACGGCAGGGCAGAACGATCTATCTTACACTTCGTCCATGAGGCGCCCTGAAGTCAGCAAGATCAAAGAGGCCGGCGTCGAGGTTGCGCCGTTTCGTCCCATCGTGATGAGCAAGTCCAGCCCAGACTTCATCCGTGAGTAATCGCACCGTGGCTCTCGTTCCTGCCGCCGGACGGGGGCTTCGCATGGGCGGCCCTGTGCCGAAACAATTCCTATCGCTCGGCGGGGAGCCTCTTATCCTCCATTCTCTCCGTGTACTTCAAGTCTCTTCAGCCATTGATGAAATCATCCTAGCTGTTCCCGCAACTGAGATGGACTATTGCCTCACGCAGATTG
CP060501.1_gap99	3571213	3572926	1713	AGATCCATCCTTCCGCCAAGATCGGGACCGGGTTTTTCATCGATCACGGCATGGGAGTCGTGATCGGGGAAACTGCTCAAATCGGTGATTACGTGACGCTCTTTCAAGGAGTGACATTGGGTGGCACGGGCAAAGAGCGAGGGAAACGCCATCCCACTCTCGGGAATCACATCATGGTCGGGGCTGGTGCGAAGATCCTTGGCGGCATTACGATCGGCGACAATGTGAAGATCGGTGCGAATTCAGTCGTTCTGAAGAACATCGCGGCCAATTCGACCGTGATCGGAGTGCCTGCCCGCGTCATTAAGACCCAGGGGACGCGTTTACCAGATGCGACCATGGATCAAGTCGATCTGTCCGACCCGATTATTGACCGGCTGATCGCCCTTGAACGGGAATTGATCGAACTCCGCAAGAAGCTCGAAAACCAGGATACACCGCCCCGTCCTTAGGCCCTTCCACTCGACTCGTCGTTTTCTGCTCGCCCGCCGCTGTATTGCACACCTTTGTCCGATTCTTTAGGCCAGCAGTGCTAGTCCCGCCGGCCGATCTTCCATAAGCCCCATCTTCTCGTCTGCACACTTCACCGCTCTAATTCATCACTGGTCTCAGGACTGAAGGGAGGAAGATTTCTCCCGGAGAAATAGGGTATTCTCTCCGGCGAGCCAATGCGCATCGCGGCAGCCGTATCGAACAGTTTCAGCAGGAACAAGGAAGGGAACCTATGAGTTCAACACCAGGCATCACACCGGCGCGCCAATTTAAGAAGCTCCTGATGTCCGAGCAGTTGGAATTCATCTGTGAAGCCCACAATGGTCTGAGCGCAAAAATAGTTCAAGAAACCGGCTTTCGAGGCATTTGGGCCAGCGGTCTTTCCATCTCGGCGCAATTCGGTGTCCGCGACAACAACGAAGCCAGTTGGACCCAAGTCCTGGACAATCTGGAATTCATGTCCGATGCGACGACGATTCCGATTCTTCTCGACGGCGATACCGGATACGGCAACTTCAATAACATGCAGCGTCTCGTCCGAAAACTGGAGCAGCGCCGTATCGCCGCGGTCTGCATCGAGGACAAGCTTTTTCCCAAGACGAATAGCTTTATCAAAGGGGACGCCCAACCGATGGCGGACATGCAAGAGTTTTGCGGCAAGATCAAGGCGGGCAAAGATGCCCAGACCGATCCGGACTTTTCCATCATTGCCAGGGTGGAGGCCTTTATCTGCGGCTGGGGGCTGGCGGAAGCTCTGCGTCGAGCGGAGGCTTATCGGCAGGCGGGTGCCGACGGCATCCTCATTCATAGTGCGCTGTCGGTACCGGATGAGATCTTGTCGTTCAAACAGGAATGGGGAAACCGATGCCCGGTCGTGATCGTGCCCACTAAATATTACGCTACGCCCACCGATGTGTTTCGGCAGCATGGATTTTCTATGGTGATTTGGGCCAATCACATGCTGCGGGCCGCGGTGGCCGCTATGCAGAAAACGGCGCGGATTTTAAAGGAACAAGAACATCTCCTCTCCATTGAAGACAAGGTCGTGCCGGTTTCAGAAATCTTTCGCCTGCAAAATGCTGCGGAATTACAGGATGCTGAAGACCGGTACCTTCCCCGCGGCGCCGAAAACACGTCCGCCATTGTGCTGGCCGCTTCCCGCGGGGAGGAACTCCGGGAGTTGACGGAACATCAGCCCAAGACGATGGTGAAAATTCAGGG
CP060501.1_gap100	3688491	3690353	1862	GGTTTCTGCACCGTTTTGCAATTGTGGCTCTCGCGATCGGGTTAGCAACCGTGCCCTATGTCAATTTAACCGGCGGCGCCGGTGCGATTGTGCGGGCTTCGGCTGTTGGAACAGCGCTCGCCAACGGAAATGCGCTGGGGATGTGGTTCGGTTTCTGTACCGTGTATTCTATCTTCTGGGGTTTCCAGTCTCAGAATATAGCTTTAAGAATTACCTCTTGGGCCATTGCAGTAGGGTGTTTCTACATGGTCGCAATTACGGTCAGCCGGGGTCCCGTGTTGGCGATTGCCTTGGCATGTATCGTTGGGTTTCGTTCAATGCTGAAGCACAGCTTTGTTCCTCTCTTGGTGCTCGTTCTGATGATATCCCTGCTTTATCTATCCGGTGTGTTTGATCAAGAGTTGGAAAGCTACACATCTCGAGGGGTAGAGGAATCTGGGCGTGGAAAACTATTCCCACGCGCTCTGGAGCGGATACTGAATTCCCCATGGATTGGTGTCGGCCTGGACGACATCAAAGTACCTTATGGGGGGCGGCGGGTTATGAACCCGCACAATGGGCTCCTCCATATTTGGCTAGGGGCAGGAATCGTCCCCGCGATGTGCTTTCTGGGTTATTTGTGGAGAGTGGCAATCGGCACTCGCCACCTTATGCGAATGGTGCCTGTGGACGAAGCTATGCTTATTCCGCCACTGGTCGTGTTCGGATTGGTGGAGTTCATGGTCCTTGATTACACGTTCATGTCCCCCTGGACCGTAGTGGCATTTGGTTTGGCTGCTGGCGCTGGTCAAGCGTATGCTCGCCGCGCTCCCCCGCCCCTGCAATGAATCGATGTAGCTTTGGCTTCTTCCTATGTCCAGGGGTAAAACACTCACAGCTAATCTCGGACTTGCAATCCTGGCCGTGGCCATTATCCTTGGTGTGTTGGAAGCCGTGTTGGCAATAACGAAGTTCAATGCCCCGTCTGCATCACGTTTTGTTCCTGGTAAAGGAGTGACATATATTCCACATGCGTACTACCGTCATACAAAGGAAGGTTTTTCAGAAGGACACTATAACTCCCAGGGGTTTCGTGATTATGAACGCACATACATAAAAGCACCCGGTGTGTTTCGAATTCTTATCTTAGGGGATTCCTACATCGAAGCCCTACAAGTGGCATTGGAAGACACTTTCTCTGCACAACTTGAAAAGCTCCTCAATAGCCAAGCAGCTTCTACTCATACACGATTTGAAGTTCTTGCACTTGGCCAGTCCGGTTTTGGCACCGCTGATGAATACATCCGCTATCTCAATTTCGGTGCTGCTTATGATCCTGATCTTGTGATTCTGGCGTTCTTCACGGGGAATGATTTTCGCAATAATTCGAAGTATCTCAATCGTGAGAACGTAGGCTTTTACTATACGTTTGATCGTCAGCATAATCTCGTTCTTGATCGATCGCTGATTGATGCGTATGAGAGGAATCTTTCATTTGCAAAACGCCTCTACGAAGAGCTGAAAGCCAAGTCCCACCTATTGAGCCTGATCTCAGAGAGAATCTATCTTTTCAAGCGCCAACTCCTGGAAGATAGGATGGCAGAAGCGGATAAAGATAGGGAGAACGTTGGAGAGAGAAAGAGCCGGACAATTGACTCGTTATCGGATCTGAACATTTATCGGACGGATCTTTTGCCACCATGGAAGGAAGCGGTAGAGATTACTAAGGAGATTATTCTGAAATTCAGAGATGCAGTTGAAGAACGCGGGGGTCGGTTCTTACTGCTTGGGCTTTCCAATGCCGAACAGGTCCATCCCGAGGTAGGGAATGAACTGAAGAACCAATACGATATTGATCTGGATTATGAGCAACCGGACAGAAT
