gap_id	start	end	length	sequence
CP065010.1_gap1	96187	100342	4155	CCTTGGGCTTTTTCATCATTAGATAATTCACCATTTATTAATAATTGTATTGTATCGTTTATAATCAAGTTAGATTGTGAAATTTGTCTTTCGACGCCCACCAATCCTTTCTCAGAGCAGAGAATATTATCAGTCTCATCTTTATCTAATTTTTCGGAGTAATAATATAATGTGACTGTTTGAAATGAAGGAGTTGGCAAAGAATTTATTTGAGGTGTGGGACTAGAAATTATTTTACTATAATATATGAATCCTAGGATTAGGATGATTAGGACAATAGAGACACTAAGTATTTTTTTCATAAATTTTGGATATTTTTCGAGTAATAAATCAAATTGAATTCTTGTATTTAAATTATAATTACCGTATGAGGAAAATGAGGAATTATTACACTGTTATTTAATTATATCATGATGCGGTTTTAGAAGAGTTAGAGATTTGATTTGCTTGACAAAACATGATTGTAGTGATAATTTCTCGTTGAACATAGTTCCTTACAATTTAACTATTCTGTTATATTTATTGAATTTTTTTTGCCTTTCTTCTTGAGGATGGTTAAAGAAATTCAATAAATAAAAAATTAAAAAAGGAGAATCAATCATGATTCGTAAATATAGATTCCAAATCTTGACAGTATTTTTTTTGTTTTTAACAGGACTGTCAGGGGCCATGGAAGGCACAACTGAAAACTTTTTTTTCAACTTCTTTTTTGTCAGTACATTTTCAAGTTCAACAATTCATTGGATTGCTGGAGGATATGAAGAAAATATCAAATCAAAAATGAATAAAAGTGAAGTGTTCATGAGTAGTTTTTTATTATGGGCACTATGGTGATCTGTGTTTCAAGTGTTTATAGGGTCCTTCCAGAGTCACTGAAGATATACGGCAAAGAAATATCATTAATTGTATGTGTGGTTTTTCTTTCCCTTATCTTGATAATTGGAAAGAAGGAAAGAAAAATCAGGTCAAAAGTGCAAAAACAAAATTAAAAAATTAAACTGGAAGGAGAAAAGATGGCAAAGCTTTCATTTGTATTAATGTTGTTGTTTCTTTTTTTGACAATATTATTTCTGGCAAAACTTCTTAGTCCAGAAATTGATATATTGCCATTAAATGAGATTAGTAAAGGCTCTTTGCTTGGTTATTCCTTGATATGCATAGTCTTAACAATCGTATTTTTTTATTGTAGTAAAAAGTTTTTTAGATGAATTAACTAAATAACTTTCCTTTTGCTAAATAGGCCTTTCTTAATGTAATTTTGAGGCCTATTTTTTTGTATATTAGTAACCATAAAAGTGAGGAGAACGATTGACAAATATCATATAAAACTTTAAAGTAGCAATAATCAAACAAAAAGGAGTAGTTATGCCCATTAAAAACCTAAAAAAGAAAAGTGGCGTTAGTGTTGAAATTCTTTCAGAAGGGGCGGTTAGAGAAGGATTGACTCTTGAGGAGTATATTTGTCAGGTTGGTCTCCCCGATAACCCTACATTTCAGATCTTAATTTAAAGTATTAAGGAGTAAAGAGATAGATTCTGGTTTTAAAAATTTTGTATTTCAAGCAGCACTTGAAATAAGTAAAACTGATGAGGATCGTGAGGCGTTAGCACCTTATGTAGAAGAATTTGAATCTATAAGCGGGGCTACATCAAGTAATGCTTTATTGGAAACAAAAAAAATAGAATTTATAACGGACGTCGAGCGGAAATTTTTTAAAGATTTATTAAATGAGTTAACTTCTGAGATTTCTAAAAATGAAAAGAGAAGAGTTTTAGAAAAGCTGAATGAATTTGTTAACGATTTAATTAAGAGAGCAAATGGCAATCTTGATTATTTACAAGAAATTTTTTACTTATCACCAGGAGGTATAAATATCAAAAGTGCCTTCATAAAACAAGAGTTAAAGAAAGGAGGGATTAATTTATCTTGAAGACTCCCGGTAAATGGATAAAATAATATGGCCGCTTGTTTGCACAATGCGGCTTTTATTTTTACTTTATACCTAATAATTTACTAAAGTAATGTATTAAGTTTTAGTCATATAAAAAATGTAATTGATGGGCTACTTAAATATGATTGTTTGGAATAATTGAGTGTTTGGGTTAAGAATGGTTATGTAGACAAAGATATTTTTTGTATAATCTATAACACTAAATATTGAAATGATGATAGCTATAAGAAGGTTAGGGAATGTAAATATAGAAGTTTTAAAGGACTGAAATGGATTTAATTGGTTATTATCGATAAAAACTAACAAAATAATTATAGCTATATATATTTTTTACTAGAATACTCAATAAATCATGGGATTAGCGGTAAATTATGATTATAGGTCTATCTCATTGACTAATGCCGTAGAGGAAGGATAGAGCAGATGAAATATGCAATAAGAAAAGTGCCTATTTATAAGGGATTTTCTGCTCTTGACAAGAAAAAATATCCATGCTAGTATTTAGACATAAATTGCTCCTTTAAATTAAACATCTCATTCTCGAAACAGAGAATAAACCCAACTCATCAACAAAAATCCCACCACATCAAAAAAACAACACATCTCACATCAAAAATCCCACCACATCAAAAAAACAACACATCTCACATCAAAAATCCCACCACATCAAAAAAACAACACATCTCACATCAAAAATCCCACCACATCAAAAAAACAACACATCTCACATCAAAAATCCCACCACATCAACAAAAAACCCACCACAAAAAACTTCAACAAATATCCAATCCCGCCTTTAAGAAATCTTCTTGAAGGTTCTTTTTTTTTATTTAAAAAATATTTTCTGTTTATAAATACCTTTAAATATATACATCATTAGTATCAAGGTGTTTCATCGATGGGAGTAAAGGGTACGTACTCAGAGCTATTCGGTTAGGTAATTAAAATTGACTAATTGAATACTATGATGTAATGTAAAAAAATTCATTAACAATAAAATCTAAAAGGAGAATCAAGATGGCAAAAAGAAAGTCTGAAAAAATTGTTTTAAAAGAAGGTAATATTATCGTGATTAAGAAGTTTGACAATCACACTAACAAAGAGTTTTATGATAAGGGGGAGGGTCCGGATAAAGCTAAAATCCTTGATCTTATTGAAGAAAATGGTAAGTACAAGGAAATTGCAGTAGAAATTATCGGAGGCAAAATGTCTGCCAGAAAAATAGAATTTACATATTTTGGTAGTAATACGTGGCGATTGTTATTTGAAGACCCGCATTCATTAAAAAGGGTCTATAGCATTAATGCCCCGTACTATAGGATGGAAATATTAAATGATGAAAAGCTGATTCCTTATGAGGATGATCTTTTTACAGCGGAGGAACTTGCAGACTTAATATCGCGAGATGCCTTTGGATGAGGGAAATAGCTTCCAAAATTGACTTGAGATGAATACATCCGTGAAGTCTTGACTAACAATAGTTCAAGACTTTTTTATTTATAAAAATACTCCATGCCTAATATGATTTATCAACGAATAGCAAATAGGAACTTAATTAAGTTACTCAAAATATCATAACTATATAAAGTTATAGGCAAAATCATTGACAAATACTAGTAAATATGATAATTTCTAGGATACTTGTTTTTTAACAATTTGGTTATTTTTGAATGATTTGCTGATCTTCTAACTAATTTAGAGGCTTAGGAAATCATTCAAAAAACAAAAAACGAAAGGAGCTACAAAATGAAAAAAATTATTGTTTTTTATTTCGCAATATTTTTTTTAATATATACACAAAAGCTTTTTGCTCAAATTGAATGCTCTGAACTTCCAAATAAAAATAAATTTCCTCAAGCCGTAAATGATTTTGCTTACATTATAAATGATAGTGTTGAGCAAAAAATAGAACAAAAACTCCGTAGTTACTTTGAGTCTACGGGACTCGCATTAATCGTTGTAACAGTTGATAGCTTAGATGGTTATACGGATGATTCTTACGCTCAAAATTTATTTGATTGCTGGAAACCCGGAGGAGAGAATAACGCCGGTATAATATTTTTAGTTGCACCTGGGGAAAGGAAATTAAGAATTCATACTGGCTACGGAATTGAAAGTAGTCTAACGGATGCACAATGCAACTTATTAATTAATAATATTTGTGTTCCCTATTTCAAAAAATCAAAGTATTCTTCAGGGATATT
CP065010.1_gap2	221979	226279	4300	TATTTTTCTATCTCAAACGTTTTTCGGAAATTAATCAGTTCAGTAACTTCTATGGCTTGCATTCCTGATTTTAATAAATTTGTTTCCGAAGCATTCCAAATCTTTTCCCAACTATTAAAAAAGCCCCTCAAGCGTTTAAGGCGAGAGGGACTTAATGTTGGACATTGACTGAGAGCCAGAAGAAAATGTTTTTCTTGCATACGACTTATTATATTTACTTTACCTATGGATTGCAACTGCTATATAACGCAAAAGCACCCCACAGGGTGCCTTTAGACTGCATATGCTTCGATGACGGAAAACGTCACTTACTTCAAAGAAGCTCCACATAAGACTTATATCTTCTAAAATTATATATTAGAATCTCCGAACTTGTCAACGGGGAATTTGATTGATTCTGTGATTGAAAGTTGGGAATAAAAGTGGTCTTTTCTCCAATTATATTTTGCATAAATTGCGTTAGCTATAAGATCAGCCATCTGAATTAGCTTTACTTTTCTGGAGTCTCTGTAGTGAATCTTAATTGTGTATGAGAACTTCCATTGGAAATATGCTTTGATTTTTATATAATCTTCGAGTGAGTTTGAAGAACTTACTTTGGTATTTCGATTGTCTATAAAAATTTCTATATCTTGGGAAGCTTCTTTTATTGTTTTCTTTAAAAGAAAAGAAAGAAGAAAGTTAAAACAAAGATTTCCATCTTCTAAGAGGCGTTTACTTGTTACCTGTAGTTTGTCTAAGACTATATAAGAAATACTATAATCTTTATTTTTGTTTAGTTTGTTTATTAAAGTTGTTTTCTCTGGAAATTCTAAGCGACTCGTCTTTACTTCATTAATATTATAAGAAGCACAAAAATTCTTTACTAGATTTTTTATTCGTTTTGGTTTTAAAGGAATAAACATAGCAATAACAAAATAACGGTCTTGTTTTCCCCATGATCTTGATTCATCAATAAATAACTGCATATCATTTTATAATTTGCAGAGGGATTTTTTTATTTAATTATATCTTATACGAAGAAAAATTTATTGCATAAAAAAAATAATTTATGCAAGAAGTAAAATAATGTAGTACGCCTGCTTGGACTCGAACCAAGGACCCTCGAGGTATAAGCTCGATGCTCTAACCAGCTGAGCTACAGGCGCAGATTAGTTATAAAGTTCTAAAGTTATAATGTTATAAAGTTTATAAAGCAAAATGCATACTCACTTTATAACTTTTTAACCTTATAACTTTTAACTATTTCCAGTGACCACTAGTGGACTCGAACCACTGGCCTCCACAATGTCAATGTGGCGCTCTAACCAACTGAGCTAAGCGGTCATAATCTTTCTCTAAGGTAACATTTCCTCCTTTTTACTTCAAGCACTATTTTATATTTCTAAGGTGGAAATCTTTTTTTCTAAAAGAGGGATAAGCTCATTACTAGCTTCTGTTAAAGGTTTGTCAAAATGAATGGTGGATAAATTCCTTGTTCCGGTGCTGTGAAAGGAATCTGTTAATTCTAATGTATTAAAATTTTTAACACTATGCACTATGGCTTTTGTATTCTTGTTATCTTCATATAATAAAACAATAATTTGCGCTTTTGGCATATTAATAATCAATTCATCAATAATATCAGTTAGGTGAGTAGCGTCAGTTTTAGTTTCTGTAAAATCAACGCTAGAAATTTGGGACCACACTAACCGACCGTCTGGTGTTTCTTTGAGACCGGTTAAGGCACGACCCCATAATTTAAGAACGTTAAGTTTTCGGGATCGATACAGTGAATTAATAATTTCTTCTCGTCGTCCACCCATGGTTATTAGTTCTGAAGCAATAGTTAATGTGTGTGGAGTGATATTTGGAGTTTTAAAACTTTTGGTTGAAGTAATCAACCCAGTTAGTAAGCAGGTTGCCATATCTTCATCTATTTTATTTTCTGGAACTGTTGCTATTAAATCATATAAAATTTCGGCAACAGCTACGGCTTTTACATTTACAAAATTGATCTGTCCAAAATTTTCGTTGGCAGGGTTATGATCAATATTAATAATAGGTGTTTTGAAAAAGAATTCGGTATCACGATCATAAATTGAACCAAGTGATTCAAGATCAGGTGTGCCTAAAACAAATATAAGATCATAACGAAAACCGCTGGAACGAGAAGAAATATCTGAAGGGGTAAAAAATCCATTTTTAGGTGAAACAATAAAATCTAGAGTTTGTTTTTCCAAACGATACTCAACTTGATCAACTGCAGCGTTGGTTAAATTCAGTGAAATAATAAACCGGCGAATATTATCAAGCTCGTTAGAAATTAAGGCATAGCCAGGTAAAAAAGAAAAAGGGAGAACTCTATTTGATTTTTCAGCAACAATATCCGCAACCTTACCTCGTTCAGCAAGCCAATTTTTTAAAGCCAAAGCAGAAGCAATTGTATCGCCTTTCCAATCACGTCCAAAAGTAACAAGGATGCGGTTAGCCTTATCAACCTGTTCAATAATCTGTTGCTCAACGCTTAGCATACAAGATTTACCTTAAAAAGCCGCTGATGAGCGACTGATGTATAAAAGATGGGGAGAAGAGACCCTTGGTCAATATTTCAATCTAAAGGAAAGTAAGTAGCCTGTCAAGAAGCTTTTTCCATAGCTCTTAGATTAAGCGAATCATAGGGAAAATACTTGACACGACGTCTTTTCATTACTATACTTCAGAAGAAAAATAATATTGAGATTTAATCTACAAATCCTCAAACCATATTGTTTATAAGTTAGTTTTAGGTTTGTCTGTTTTGACTTCAAAACCTTATAACCTTCTAACATTTTATATTCTTGGTCCCATCGTCTAACGGTTAGGACGCCAGGTTTTCATCCTGGTAATAGGGGTTCAATTCCCCTTGGGACTACATAAAAATAATCCACCTTACAAGGTGGATTATTGGTATTAGGCAACAGAATTAAATTAATTTTATTCCTGCCGACTATTAACTATTGCCCAAGCTTCTTTAATACCTGTCTTGCCGGTAATTATCTTTGATAGAATTCTAGCCTCTATATTTTTAAAATTATCATATTCACTATCCATTCTGCCAGTTGGAACAATTTGCGTATTAAAAATTCCCCATAGAGTTGTTAGTGGATCCTCGACCTCTGTTTGCTCGTTTTCATTGAAATTTCTTATTGTTTCCATATCTATAATAATACATTAATTTTTACTTAATACATAGCAATACAATAGAGCTACATATATGGGTTGTCTGAAGTTAATTATATTGATATATTAATACCACAATTTAATCCTATATTTTATTAGTATGGAACTTAATGAGTATCAAGCTAAAGCCTTTGCCACGGCTAATTATCCATCGATTGGAGCCAGTTATGTTTATCCGGCTTTAGGTTTAGCGGGGGAGGCTGGTGAGGTAGTTGAAAAAGTGAAAAAGATTTTTCGTAATCATAATGGAGTGGTTACAGATGAGTATCGTGATCTAATAAAAAAGGAATTAGGTGATGTATTGTGGTATATGGCGGTTTTGTCTCAAGAATTTGATTTTAAACTTGAGGATGTTGCTAAGCTGAATATAGAAAAACTAGCCTCGCGTGCGAAACGGGGAGCGTTACATAGTGACGGCGATAATCGCTAAAATTTATTCATTATTTTAGATTTATGGATTACGATTTGATAATTATTGGTTCGGGTGCAGCTGGAATGACAGCGGGAATTTATGCTTCTCGTTACCAGTTAAAAAATGTTATTATCGGAGACTTAGTTGGCGGATTAACGACTGAGGCTCATAAGATTTATAATTGGCCAGGCGATCCAGGAATTTCTGGATTTGAGTTAACAAAAAAAATGGCTGATCATGTTCGTCAGTCAGAAGGGGAAATTATTTCTGATGTGGTTATTGATATTGAACAACAACCAGATGCTAGTTTTATAGTAAAAACCAAAGCTGGAAAAAATTTTACTGCCAAGCGAATTTTATTTACTTCTGGAACTAAACATAGAAAATTGAACGTACCTCGTGAAGACGAATTACTTGGAAAAGGAGTTGCCTATTGTGCTACCTGTGATGGCCCATTTTTTAAAGGCAGGGATGTTATTATGGTCGGTGGAGGAAATAGTGTTATCTCCGCAGCTCTTTACTTAGCAGATGTGGCTGCCAAGGTGTATGTTGTCTGTCGTGGAGTAGCCTTAAAAGGGGAGCCAGTGTGGCGTGATGAATTAATCAAACGAAGTAATGTTTCAATATTATATGAAACAAATATTATAGGTTTTGTTGGCCAAGATAAACTTGAAGCAGTGACACTTG
CP065010.1_gap3	288885	289446	561	CCTTCTTAAAAAGAAATTTGAGGAGTTGGAATTTTTTGTCTTTTTTTCTGGTGCCTATGATGTGAGCAATGCGATTATCTCTTTACATGCTGGAACCGGGGGAGTTGATGCACAAGATTGGACAGAAATGCTAGAACGAATGTTCTTGCGTTTTTGTGAGCGTCATAATTGGAAAGCAGAAATTGTTGATCGAACGGTTGGTAATGAAGCTGGTTTAAAAAGTGTAACGTTTAATGTTACCGGTCGCTATGCCTATGGTTATCTTAAATCTGAGGCTGGTGTTCATCGTTTAGTTCGTATTTCTCCTTTTGATTCCGAGGGCATGCGCCATACTTCTTTTGCTTTGGTAGAAGTATTACCTGAATTACCAGATAACGAAGGTGTGGAAATAAAACCCGAAGATATTTCTGTTGATTTTTTTCGATCCTCAGGACCTGGCGGACAAAATGTTAATAAAACTTCAAGCGCTGTTCGTTTAGTGCATATTCCAACCGGTATTGTTGTTGCCACACAAACTGAACGTTCCCAGCATCAGAATCGTGAATTAGCTATGAAAATATT
CP065010.1_gap4	317802	321909	4107	CGATTAGTTTTGAGGACTAGAAAAACTTACTGCTACTGAACAGGCAACAGAGATCGAACTTTATCTTTATAAATATGCAGTAAAGAAAGAATAATGAAAAGAAAAGGAATCAAAGTGATCAAACTAGCTTCAACGTATATATTAAAAATAATGATACTTAGTAATATAAGCGGTAAAGCAAACTTAGCTATAGTTGTTGCCCATGGTTTTTTATATAAAAGTGGGTAAAGAGTAGGTAATGCAAACATAGAAACTATTCCATGGTCAAATAAATAATCTTTATCAAATGTTGGATTAATTATGAGTCCTATGAAGATACTTAAGCATATAAGTAAAATAGAATAGCAGGAGCCTAAAATAAAAAGTCTAAGCAATCTCGGTCCATTTATTCTATGTGTAAACTTTATTGTGTTTCTTTTAAAAAGAAAGATAACTTTTTGCGCGAAAAGAAGTAAAAGAAAAATTATCACAAAAGTCAATAGAAAGAGAAAAGATAATAGATTGTCTATTGATAAACCTTGACGAAAATCCAAGGAAGAAATGGTGATTATTAGTTCGGGTATGATAAATAATATAAGAAAGAAAATACGAAGTTTTAAATCAGTTTTATTGCCCAAAAAGGTGTGTCGATAGATATAAAAATATAATAGTATTAAAATTGCAACAGAGGAGACAATATATAAAATTATACCTACGAGGTTTGCGGTGTTATTGCCTATTTCTCTCAGGAATGTAGGAAAAAAATAAGAGAATATCAATATTATTCCGAGTATGTATAGTGCAAATATCCAAAAAAAAGCTTTTATGCAAAAGGCAAGTACTTGATTATTTTTCATATTATTATTATAGACCTATTTTTACTTAGAAACTAGTATAGATATGGAAATACACTATAATCTGCTAGAATTTCTATATGAAAATTATTAAAGAATTACCAGGAGCTTATAGCTCTAAAGTTGAGTTGGTGGAGATAGATAGCCAACAGTACGTTTTGAAAACTGCTGATTTGGAAGAGATTTCCAATGAGATATTTTTTAATAAAACAATAAGTGATAATGGTTTACCTGCTTTAAAAATAATAAAAAATACTAGTCTATTAAAAAACCAGATATTAATGGAGTATATTGAAGGTTCACCAGAACTTGAGAAGCACCGCACGGTGGAAAATTATATTAGTTGGGGTGAAGTGACAAAAAAAATGCATAGTATTATTTCTCCAAAGCCGTATAAGGTTAATGAAGAAGGGAAGCTAGTAGAGGTTAAGTGGCCAGAGTTTATTGAAGAAGAAATAAAGGCAGCTGTTTTACGCCAGCAAGAGCGAAATACTAATTTAGATTCAAGATTTATTGATGAGGTTGTACAATTTATTCGACCAGTAGTAAATATAAAGCATGATAGCTTTTCCCTTGTTCATAGTGATTTACATTCTAATAATGTTTTGATTACAGAACGAGGATCAATTCTATTTGATAAGGGTTCTAATATTATGTACGGAGATCCGTTATATGATTTGGCACAAACTGGAATTTCATTTCAAGTGGGATTAAATTCCGAGAAAGAGAACGAGGAAACAGCAAAATTATTGTTAGCTTTTATTACAGGCTATGGAATGGATTTTATTAAGAAGGATGAAAAGTTATTCGCTCGGTATATAGCGCTTCGAGCTTTGAGAAACCACCCTAATATTTTTGAACCCTATCTAGTGGAATTACTAAAATCAATTCTTAATAAATATACGTAGACATAAAAAATCACCCCATAGTCCCAGCATCGACAACCAGGAGGGTGGTTGGCAATACTGAGGTAATAGGGTGATTTTCTGTATATTGATACAGAAATAGTAAAAAAAAATTAGAGAAAAGTCAAGACTGAAACGAGGTTAAAAAAGACCCAATTTCTTTTTGATAATAAAAAATTGACTGTAAGGTCAAGGATTTGATTTACTTCAGAACTCTTGTTTATGTGTTGTGGACAGTCGAAGATTAATGAGGTGCAAAAAGTATTTTTAAAAGGTTTTGGTGTTGGTGAGTGTGCTGAAAAAGAAAATGATTGGAAGTTTCCTTGTGCTTGCTGCTCAGATTTGATGAAGGTGAGGATGCTATTGATATAGAAATCTATTTTCATGCATCGGTTTTATTAGGAAATGTTAAGGTAAAAATAGTTCCAATTTCTTTTTCGCTTTCAACGGTAATTGTTCCATTAAATTCATCGGTGATTATTGATTGCACCATAGACAACCCTAATCCCATGCCTTTTGATGATGGCTTAGTTGAGAAAAATGGATTAAAAATTTGCGGAAGTATTTTTTCATCAATACCACGACCAAAGTCTTTAATCGTCACTATGATATGACTTTCTGTGGCTCTAATGTAAACAGTAATTGAACGCTGGTTTTGTAATCGATCAACTGCTTCATAGCTATCAAAAGCATTAGAAACAAGGTTGGTAATAATTTGGTGGAATTTTAAAGCATTGCCAAATAAAAATACTTGTTCTCCACCAACGCATTGTAGGTGTATATTGAGCAATGTAGCTCTATGGGAAAAGAGTGTGAAGACTTCTTGAACGGCACCTTGAATTAAAAAGGCAGTAGCAGGCGCTTCAGTATTAATCTGTTTGCTGATTGTGGAAATTAATGTATCCATTCTTTGACTAGCTTTGACGGCACGGGCTAAATCTTCTTTGACAAGTGGCATATCAGGATGAACAGATTCTTGAATATTATTTAAGTTTAAAACAATCGATGTGAGGGGATTAACGAGATCATGAAACAAACCTAAAGATAATCTGCCAAATTCTGCAAAACGATATAGTTGTAAAATTTTTTTCGCTTGAGCCATTTCAAGTTCCTTGGTTCGTTCCGCGATTGTGATCTCTACGGAATCTTTCCCAGTTCGAAATTCTTTCTCAGATGTTTGTGTTCGCAATAAAAGTTTTTTAATATTTCTGGTTGAGATCCAGGAAAATAACGTAATAACAAATATAATTATTGAATATTCAATTAAATTAAGAGTAGGGATGGTCTCACTACACCAGTCTGGAATTATATTATCAACAGATTCTTCATAATCAAAAATAATAAAAATGATAATTGAAATTGTAGCTACTATGACTCCGACCTCACTACTATTCAAGATTGAGGGCATAGTAATTAACAGAGCGAAACTGAGAATGATTGCCGGCAAGATATTGCCCCAAAGATAGGCACCATAGACGTGCTTATAGAATATAAAATTATGAGTGAGTATGAAGCTAATGAATGTTCTATATATCCTTCGACTAGAGATATATGAATACTATACTAGATAGGTATTCAAGAAAAAGTAAAGATTTAGTAAAGTTTTTTTAAGCGATTTTATAGCCTCTACCTGGCACACTAATAATGTAATTAGTACGTGGAGTATTAATCTTTTTTCTTAGGTTTAATATATGAGTTTCAATGGTTTTGGAAAATAAGTCTCCTTCAATATCCCAGACATGCTCAATAATCATACCGCGCGAGACAACGGAGCCTCTGTGTCTTAAGAGTAGCTCAAGGAGAGCAAATTCTTTGCGAGTTAAATGAATGAGTTTTTTACCACGTCTAACTTCGTAGGTAGTAGTATTGAGCGTGATATCACCAACTGATAGACAAGTTTCTTGTATGGTTTGGGGTCGACGTAGAATTGCTTTAACACGTGAAAGTAATTCGGAATACGAAAATGGTTTTGTAAGATAGTCATCGGCACCAGCGTTTAAAAAATTAATTTTATCATCTGTCTCTGATTTCACCGATAATAATAGAATCGGGACGCGATGACCTTTTTCTCGTAATACTGTGCAAATCTCTATTCCGCTTTTACGAGGTAGAACATTATCAAGAATTATTAGATCATACGGATTAGTCTCTGCTAGAAACAAACCTTTTTCTCCATCCAAAGCACTGTCAACGGCAAAAGATTCTCGTTCAAGCGCAGGAACAAGAAAATCGATGATTTCTGTATTGTCATCAATAACAAGTAATCTCATATTCAATATTATTATAATAATTGACTTTTATTATAACGACTATTATTTTTCTGTCCATAATTTCTATCTTTATTCTCATCCCTTGCCATGCTATACTAG
CP065010.1_gap5	325876	328113	2237	TGATGAGCACAGCATTTTTAAGAAAAAATAAAATTAATAATAATCCTCCCTCTAATTAAGATCTATGATAAAAATTAAAATTTTCTTTTTTGGTATTTTGTTGAGCCTGGGTACAATAGTATCAGCTCAACAAATAATACTCCCACCAGAAATTCAATCAGCAATAAGTCCTTTTCAATTATATAAAGAGGTGACTACTGCCACCTTGGCAGTTCCGACTGTGGCTGAGATTCAGCTTCCAAGCGATTTTGTTGAACGATCAGGTATAGCTATTTTGAATCGTACCACTAATACATTTGAACCTTATTTTCTCAAAGAGGATATTTCTTTACAGAAAACTAATTTAATGATTACTGCTGAGCCGAGTAATAGTAGTGTGCCAATGATGAGTGACGGCAATTCAGTATCGTATGCTGATTTACCTTTACCGCTTGATTCTCAAGGAACTGCTATTCTAACAATTAGTAGCGCTCGTCCGATTACTTCTTCTGGTTTAAGTTTATTATTGGATGATTATGTGGCATTACCTAATTTTATAGAAATTAGAGCTGTAGTTGGCCAGGAAGAAAGAATTGTCGTAGCGCGTCAGAAAATGACTGATCCAATAATTAACTTTTTGGAGACAACCTCAGCTTTATGGAAAGTCACTTTGACGTTTGGTCAGCCACTACGGATCAGAGAACTTGACTTTAATCAGAGTAATACTACTCAATCAACCTCTCGTTCAATTAGATTTTTAGCTCAACCGGGTAATGATTATAGAATCTATTTTAAGCCTGATCGAGCTGTTAATACACCCACAACAGAAGCCGGCAATTTAATCGGTGCTAGTGATATTGTTGATTTTGATAGTGGGCAAACTCAGCCAAATGAATATTATCAAATAGCTGATTCAGATACAGACGGTATTCCTGATATTAATGATAATTGTGTTTCAATATCTAATACTGATCAACTTGATGTTAATAGTAATGGTCGTGGCGATGCCTGTGATGATTTTGATCAAGATGGAATTATTAATAGTGAAGATAACTGTATTAATAATCCGAACTTAGATCAAGATGATACTGATGGTGATGGCCAGGGTAATACTTGTGATAAAAAAGAAAGTCGTCTCACTGAACAATACCCTTGGTTACCATGGGTTGGGATCAGTCTGGCTGGAGTTATGATTATTGTTTTATTATTTTTAACAGCTCGATCTCAGCCAAAAATAGAGCAATAGTATATTGATTTATCTGATCAGATTTTCAGAATTTCTAATGCAGTCTGGTAATCTGCATTAGTTTGTTTTTTCGTAGTAGCAAGGAGCGGAATACCGGAATCGAACCGGCGCTTTAGCCTTGGGAAGGCCACGTACTACCATTATACTAATCCCGCGAAGTTTGTTTATTTACCTAATATTCGTTGTAATAAATAGGGTTTGAAAGGAGATGGAATCGTGGTATAATTATATTGTTACAGTCTATCTTCGTCAACATACGTTGACGTTTTGTTTTTAAATATTACTCCATGCAAAAATTAACAGTCATTACTTTTTTATTAGTTAGCTTTTTCTATGTTTCTCCATTGGCTTTAATTACTAAAGCGGATGAGCCGGGAGGACAAATTGTATCAAATCAAAATTTTTCAGCTAACATAAGTGAGAAAGGTCTTGGCAAAGATCTTTCTTGGCAGGTTTTTGATGAAGAATTACAGGTTGGTATTCCAGTTGGACGGATAATAAAACCAGCTTTAGTGACCTTAACCAAAATATCTGAGCCAATCACTCCACCGGCCGGTTTAACAGCCAGTGGTTCAATGTATCAAATCGATATTCCAGCTGCCTCATTTAGCTCTGGTACATATTATATTAGTTTAAAGAGTAGTGGCTCAAATGCTTATAAGCAAATTTATTTTTTTGATAAAAACCAAGGTTGGCGTCCACTGTCTACTAATGAAAATTTTGGTAAAGGCTTGATTAGTACTAGTGCTACTTTGCCATTTTTAAGAATTGCCGTATTTGAAAATCCTAAAATCTTAGTTAAAGGTGAGGCCAGTTGGTATCGTCATAAAAACGGATTGTTTGCCGCTTCGCCAGACTTTCCAGCAGGAACAAAATTGCGGGTTATTAATTTAGCCACCAAAAAATTTGTTGATATTATTGTTAATGATTTTGGTCCTGATCGTTCGGTACACCCAAACAGGTCTATCGACCTCGATGCAGTCGCCTTTGCAAAACTTGGGAAACTTGGTCA
CP065010.1_gap6	329607	334399	4792	AAAACGTCGCGTGGTTACCTTACATGATGGAAAGATTATTTCTGATCAAGCAGTTGGTAAATACATTATTTAATTTATGTTTATATCTTTTGCCAGAGCCTTAAAATTTAGTCTTCAGGATATCTGGAGAAATGTTTGGCTTTCTATTGTAACCATTGTTATTTTAGTGTTGGCTTTGTTTTCAGTTAATTTACTATTAGCAGTTCAGGTGATTTCTGGGGCTGCTGTAGAGACAGTTAGAGATAAAATTGATATTAGTCTATATTTACGAACGGAAGCTTCAGAAAGTGATATTTTAGCCCTACGAGCTAAAATTAGTGCCTTAGAGAATGTTCGAGAAGTTAACTATACGTCTAAACAAGCTGCCCTGGAGGCTTTTCAAAACAAGCATCAGAATAATCTTGATGTAATTAGTGCTTTGCGTGAATTGGATGAAAATCCCTTATCGCCAAGTTTGATTATTCATCCCAAAGATTTGAACCGTTATGATGATTTAATTACTGAATTAAATAAGATTAGTGATCCGATTATTGAAACCAGAAATTTTGATGATCATAAATTAATGCTTGAGAAGATAAATGGTATTACGGATCGAGTAAGCGAAGCGGGATTTTTAGTTAGTTTATTATTTATTTTTATTACCCTACTTGTGCTTTATAACACAATTCGGGTGGCGATATATACGCATCGTCAAGAGATTGCCATTATGCGATTAGTTGGGGGCTCAAGTTGGTTTATTCGCTCGCCATTTTTGATTTCTAGTATTTTGTATACCTTGATTGGGATGATTATTACTACAATTCTTTTCTACTTTTTCCTGACATTATTACAACCATACTTAGAGACATTTTTCCTAAATTATAACTTTAATATTGTTTCTTATTTTAGCGCTAATTTTGTGCGATTATTTATTCTAGAATTTTTGGGAGCTGCGGTGATTAATATGGTTGCTAGTTTAGTGGCGGTTAGAAAATATTCAAATATTTAAATGTTAACCGTTAAACAAGAAAAATTAATTCGCTCTCTTGCTACAAAAAAGGGTCGGAATGAATCCGGCTTTTGTTTAGTGGAGGGTGAAAAAAATATTGTAGAGGCCGGAGATTCAGTTGAGTTTACTTTTACTCCAGATGATTCAAAAGATTTTGCTAGTTTAGTAGAAACAGTTACGCCTCAACCAACAGCTGCCGTGGCCCGTATTCCAGTTTACACTAAAGATGACATTTTACGATGTGATAGTATTGTTGTTTTGGATGGTGTTCAAGATCCCGGCAACGTAGGAGCAATTCTCCGTCTCTGCTTAGGTTTCGATGCCTCATTGTTGCTTATTGAGTCAGCTGATCCTTCTAATACAAAAGTGATTCGTTCTTCTGCTGGAGCATTTTTTAATGTTCCGTGGCTTGAAATTGAACGACCAGGTGCTGAAGAAGAGTTATATTCATTTGGCCGAGAAGTCTATCGTTTAGAAGTTAGTAAGACGGATAATAATATTATTTTGAATCAAAAAAATGTAAAGACTTTAGCTGAAAAATTATTGTTAATTGCCGGATCTGAAGGACAGGGGATTAAGCTTGGTATTGCTGGCACTTCTTTGTATATTAAACATAGTTCAAAATTGGAGTCATTAAATGTGGCTAATGCGGTCGCGATAGTTTTATCAAGACTATATAATCGATATTGACTTTTTTTGTCAATCGTGGTATTTTAATATTGATAAAAACGTTGTTTAAAAATTAAAAGGAGGAAATTTTGGAAAATTATTGTCCTCGAGGGCCATTATATTTAAGGGATGGAGGTTATAGAGGGAAAATAAAAAAGAGTTTGGAGCAATTAATGTTTAGTGACTACAAAACAGTTTATGATTTAAAAAATGGCTTCTAAGATACTCCCTTGAAGAAAGTTCATTCCGTCGAAATATTAATTGGCTTTTTGAGAAAGGTAGAAATATTTGTCCAGTACGGAGTTGTGGTATTGATGGATGTTTAAATTGCGTTAAATATTTCTCTGTTAGATTTTCTGATGGCCTAACGTCAATTAATAGGATGTTTATGTGTTGTGACAATGAGGAGTGTATTTCAAAACTAAAATCTCCGGGAAAATGTTATTTATATGAAATTAAATTTGATGTTCATATTATTAATTTTTCAAAGCTGATTTTAAAAATAATTAAGAGAACCTTTTTGCTTATGCGTGTGGCATAAAAATTAATAAAAAATTTAGTGCTAATTTTGCATTTGAGTTTTTTAAAAGCTGCGCATCAAGGAAAATAGAAATTCAATTCAAATCGTAGATTTATAATAATAAAAAGATTTTTGATCTTTAAATTTGAATTTTAAGGTTTTTTCAATAACAAAACCCCCAGTCTTTCGACCGGGGGTTTATTATTGGTAATCAATTACCAACGGCTGTTGCCACCACGGTCTCCACCGCGGTTGTAACCGCCTCCATTGCCTTCACGGCGAGGAGGACGTTCAGTCATTGGGCGAGCTTCGCTGATTGAAAGTGCTCGGCCGTCAAGTTCTTTGCCGTTGAGCATTGCAATCGCGTTAGCTGCCTCTTCATCAGTAGACATTTCAACAAAACCAAAGCCTTTTGAGCGTCCGGTCATGCGATCCATGATGATAGTAGCTGAAACAACATTACCTGCCTGGGAAAAATATTCACGCAAGGCATCGTCGTTAGAACCATAGGAGATTCCGCCGACATAAAGTTTCTTTGCCATACTTATCTGTCTCTTAAAGAATAAATTGTAAGTCGACTTGTTCCGCCTGTGGCGGACCTGTTCATACTTTGTTTTAAGAGACCTTATCGAGGCTCGCAAACTTTCGTAAGAAACACTTACAAGTAATTCCAGGATATCAGAAAAGGGTTAGCAAGTCAAGATGCTTATAAGCTTTGAAAATTGCTATTTACCTCTTCCCAATTAATGATACTCCAGAATGCTTCTACATACTCGGCACGTCGATTTTGGTATTTTAAATAATAGGCATGCTCCCAAACATCAAGACCTAGGATTGGCTTGCCACCATTCATAATTGGGTTATCTTGAAGGGGAGTAGATTGAATTTCCAATTTTCCCTCACCATTTAAGCTTAACCATGTCCAACCACTGCCAAATTGAGTACTAGCCGTTTCTGTAAATTGCTTTTTAAAATTATCAAAACTTATGAAATCCCGGGTGATCGCCTTCATTAATTCTTCTCCTGGTTCTTCGTTATTATTTATTTTTAATATTTGCCAAAAGAATGAATGATTAAAATGTCCGCCACCATGATTTCGGACAGCCGTTCTAATATCTTCTGGAACTGACTCTAGGTTTTGTAATAATGAAATCAGACTTTGATTATATAGTTCTGGGTGTTTATCTAAAGCGGCATTTAATTTATCAACATACGCTTGATGATGTTTATCGTGGTGAATACGCATTGTTTCGGCATCAATATATGGCTCAAGAGCATTAAAGTTATATTGGAGAACTGGCAAAGTATGCATAATAATATATTTATATACGTGAATAAGTCTTTATAGTATACCTTATTTTTTCTATTGTCTTAAATTAAAAAAAAGACCCTGAAATCAGGGTCTTTTTGTTTTAATATTTAGAATACGATTTGACCTCTGGATAGATCAATTTCACTTACTGCGCCACTCATGTAAACCTGAACATAGTACTCACCATTTATTAACTTTTCTTCATCTATAGAATCATTATATTTCCACTCGCCAGTGAAAGTATTATTTGTATTTGTGTCTAATATTTTAACTACGGGACCGATGGTGCCCGGTCGAGCTGGCCCATGAATTTTTATTACTCTTCCAGTGGCTGAAATATTTTTTAATTTAAACTCATATTTTAATGTATTATTTTTGGTATTGATTGTAAATCTTGCAGTACCACCTTTATTAGTGTTAGCAATAGGGTCTACTACGTTTTTTGAAGAAAGAGTTGTTTTATAGGCAAGTTCTGTAAAGGCTGGAATATTAAGGTCTGTTCGATAGACAGGGTTTTCAGTTGGATTAGGGTTTAGATCAAAAATCTGTTCTTTACTAACTTCTAACTTATCAAAGATCTTTGGATAGGATACATATTGAGTAAAGCTCATATATCCAGTTCCATTATTTTTTCTAATTGTTGAACCAATACTTAAACGATAACCTGTTTCAGAATCAAGTAACCAGGCTTGATAGACGTATGATTTATCAGCTGAGTTTGCTGGCAAATTTTCCAGACTCAGGGTAACTGCCACTTTATAAGTTGGTCCACTAATGGCAGAGACTTGAATATTTGATTTTACTTTAACACCAGAAGTTACTTCATTTGGTAAATAGCCAATAAACTTTGGGCTTGTTGTCCAAGGAAATGGATCGGCCGCTGAAGCAATTCCAGTTAACGAAAAACCAATTACTAAAACTAAGATGAGGCTACTTAGTCTTTGAAAAATATTATTTTTCATACTTATTAAATTAATAAATAAAAACCAATTATTAAGATAAGAATCACAATGATTCTGATTATCTATATAATACTACAATTTTGCTTAAAAGTCTAAAATTTCTGTTAATACTTTTGAACATAATTTAGCTAAGATTTGACTGATTTTTGAACTATGATATGCTTGCCGATATGAAAGTAAAAAATAAAAAAAGAGTGATTGTTGGATTATCTGGGGGCGTTGATTCGTCAGTGGCGGCTGCTTTGCTTATTAAAAAAGGCTATGAAGTCATTGGTGTTTTTATGAAGAATTGGAGTGAAAATGTTGGGGATTTTTGTTGTAGTTGGACTGAAGATTTAGAA
CP065010.1_gap7	494031	497536	3505	TGTTTGTTCTATGTGAAGATATTATCCTCCTAGTTAATTATTTAATAATCGCCTGATTATTCAGGTCGTACTTTTTAATGCCGTTAACGGGACAGTCGCTGTATTTTGCCCTTTGTATCCTGCGGTGTACTAGGACCGTCCATTGCCGTCACGGCTTTCTGTGTGCTCCATGCTGGAGCGTCTTGTTTTCCCCTCGCTTTTTGAGGTTTTCTGCTACCTTAGGGGGGGGGTTGTTGCCGGCTGCTCTTCTGATCTATTTTTTTTCTTTTTTTCTTTCTATCGCAATCAAATTGACCTCCTTTCGTTTGTAGTTTGATATTGAAGTGCCTAATTATTTAGGTCACTTTCTTTTTATGGAACTCGGTTAACGTTAAGTACAATAGCATACAATCAATATAATGTCAAGAGCTTGCTTGTTCTATCACATTTTTATGGCTAATATTAAATAAAAAACTTCCATTATATTTTAATATTTATAGCAATTGAAAATACAATTGTTAACAATTCGTTCACAGTTTTTCCCATTGCTTAAAAGCCATTTGAACTGTAGGATGTATGTATGAATAATCCCTCTCAAATCATTTCAAAGCTACCACCACAGAATCTTGAGGCTGAAAACTTTGTTTTAGGCTCACTTTTGATTGATCAGAACACAATTGTGAAAATTGCTGACATTTTGAACCCTGAAGATTTCTATAAAGACAGTCATGGAACGATTTTTCATTGCATGAAAGAGCTCTATGCTCATCGTGAACCAATTGATATTTTAAGCCTTACTTCAAAACTTGAAGAAAAAGGCAAACTTGAAGCTGTTGGTGGACGTTCATACATTGCCAACCTGGCAAATTCAGTTGGCACAGCTTCCAACGTTGTTTACTATGCAGAATTAATTCAACGTAAAGCAACTCTTCGTCGTTTAATCACAGCTGCTTCTGATATTAGTGAACTTGGATATGAAGAAGATGAGGAGATAGATAAAATTCTTGATAATGCTGAACAAAAACTTTTTAATGTTTCTCAAAAGTTTTTAAAGCAAGCGTTTCAACCGATTGATACGTTATTGAACGAAGCTTTTGATCGTATTGATGAATTACATAAACAATCAGGCAAACTGCGTGGTCTAACAACTGGTTTTACAGACCTTGATAATCTTTTGGCCGGTTTACAAAAGTCAGACTTAATTATTTTGGCAGCTCGTCCCAGTGTTGGAAAAACTTCGTTAGCAATGGATATTGCACGGCAGACTGCAGTTATTAATAAAATTCCGGTTGGTGTGTTCTCTTTAGAAATGAGTAAAGAGCAATTAGTTGATCGTATGTTATGTGCAGAAGCTGGAGTTAGTTTATGGAAAATGAGAACAGGAAAACTATCTGATCGGGATGACAATGATGATTTCTCAAAGATTGGACAGGCCATGGGAGTATTAGCAGAAACGCCAATCTTTATTGATGACTCAGCCAGTGCCAATATTATGGAAATCAGAACCAAGGCTCGCCGTTTGCAAATGGAGCATAAACTTGGTTTGATTGTGATTGACTATTTGCAGCTGATGGAAGGTCGTGGAAAATACGGTGATAATCGTGTGCAAGAAGTTGCAGAAATTACTCGTGCCTTGAAAGGATTAGCTCGTGAATTAAATATTCCGGTTTTGGCTTTGTCACAGTTAGCTCGAGCAGTTGAACAAACAAAGCCAGCTATCCCCCGTTTATCGCACTTGCGTGAATCTGGATCTATTGAACAGGACGCTGACGTGGTAATGTTTATATATCGAAAAGCAGCTGACCGTGGATATCAAATTGAAGAATTAACTGAAGCAGAAAAGTCTGTTGCTCAGATTTATGTAGCTAAACACCGTAATGGTCCAACCGGACGAGTTGATCTATTTTTTGATGAAAACACAGTTAGTTTCAAAAACTTAGCTAAGGGTGAATATGATATTCCGGATGATCTGAATGAATAACTAATTAACATAGATCCCCGTCTTCACGGGGACATGCTTTATAACTTTACAACTTTATAACAAAATATTTTATGTTTGAAAAACTTAAACAAATCAAAGATCTACGTTCGCAAGCTAAAACAATGCAAAGTGTTTTGGCAACTGAATCTGTTACTGCTGAAAAAGGCGGTGTGACAGTTACCTTAAATGGTAATCTTGAAGTTACGGCTTTTGCAATTGGTGATGGTATGACCAAAGCTCAAATTGAAAAAGCTTCACTTGAGGCTGTTAATGATGCGATAAAAAAAGCCCAAAAAGTTATTGCCCAGAAAATGCAAGCAATGGGTGGTCTATCCCAGTTTGGTCTTTAGTTTTGTAACTTAAACTTAATGCGTTTCCCTGTCTCCTTAGAAAGACTTATTTCTTTATTTTCACGATTGCCTTCAGTTGGCCCAAAAACTGCTGAGAGGTATGTTTTTTATTTACTGAAACAAAATCCAGCTTGGCTTCAGGAAATGGCGCAAGCTTTAAATGATTTACCACAAAAAATTACAACCTGTTCAATTTGTAATGTCATAACTGAAATTGATCCCTGTTCAATTTGTAGTGACTCAAAGCGGGATGCTGGTTTGTTATGTGTTGTGGCTGATAGTCGTGATATGTTGATTCTGGAAGATACGGGATTGTATAAGGGGTATTATTTTGTCTTGGGAGGCACCATTAATACGATTGAGGGAATAAAGCCTTCTGATATTAAAGTCCGAGAACTAGTAGCTCGAATTAATGATTTAAAGCCTAAAGAAGTTATTTTGGCTTTTGATCCAAATCTTGAAGGCGAGACAACGGTATTATATTTAACAAAATTAATTAAACCTTCAGGGATTAAATTATCACGTCTGGCAAAAGGTTTGCCAAGTGGTGCCAATATTGAATATGCTGATGAGCTAACACTTGGTCATGCCTTGAAGTTTAGGAGTGAGGTGTAGATTTCTTTAATCATCTAGCTAGCTTATGAAAACGGAGAATAATTTTAATATAGAGCAACAATCAAACGAAGAAGAGCGATTTATTAATGAAAAAATTACATGGTTAAAATATGTTTATAACCAAGAAGCTAGGTTAAACAATCTTTCTGGTCATGGTTTTGGACTGCGTAGACCCGATTATGAAAGACGATCAGACGATGCATTTGAAGAAAGTCAAAATATTAATTTCCCTGCGTCGACTATTTTTGAGTTGAACGGTACAAACTATACATTCGAAGTTGATAAGGGCGTTTTTAATCCTGAATTTTTTAGCATTTCCAAAAGAGTCGCAGCGGATTTTCCATACCAAGAATTAAAGGATAAATCAATATTAGAATTTGGTCCTGGGATTGGTGCACAAATGGTTTTACTTGGATTGAATGGTGCAAAAAAAGTTGTTGGGATTGAATCTAATACAAAATCAGTTGAGAATTCACAAAAAAATATTAAGAAATATAATCTTGAAGACACAGTTGAGATACGAAAAGGAAATATGTTCTCCTCTCTAAAAGAAAATGAAAAATTTGCTTCAATCTATTTT
CP065010.1_gap8	519169	521530	2361	ACAGTGTAGATCCATTTGCAAAATACGATGTATAGGCTGATACTTGCAGTGGAGTTGTGATTAAATCCCCCTGACCAATTGCCACATGATACGTATCACCAATATACCATTTTTCTTTTTTAACTTCTTCTTTCCAGGCCTTTGTTGGAACAAATCCCGAAGCTTCGTTTGGCAAATCAATTCCCAGAGTCTGACCTAATAAAAACTTTTTTAAGTATACTACCATTTTATCAATTCCAAGACCTTGAAAATCATTATGCCCTCCACCAATATAGTAAAAAAAGGTATTAACTGATTCAGCAATGGCTTTACGAACATTACTGACACCGTGTCCGCCGGCTTTCCAATCTGGGAATGACCATTGACCGACTTGAAGACCCCCTGTACTCAAAAATGAGGTATCAGAGCTAATAATTTTTTCTTGAAGGGCAGCGGCGGCGATTATAGGCTTAATTGTTGATCCAGATGGATATTCACCACTTACGGCTCGATTAAACAATGGTTTATCTATTGATTGCTCCAAGGATTGATATTCCTCAATGGTAATACCACGAGCAAAAACATTAACATCAAAAGTAGGCAAGCTTACTAAGGCTATAATTTCGCCATTTTGCGGATTCATAATAATTCCAACTCCTTTTTGGCGGTTCAGCTTTTTTAAATTATCACTTAAAATTTCCTCTAATTTCTTTTGGATGTTAGCGTCAATTGAAAGTATTAAGTCATTACCTGGAATTGAAGTTAATTCACTAACCACACTTTTTTCTTTACCCAAAGCAGTTACTTCAATTTGCTTAACACCAGGCTTGCCTCTTAATTCTTTTTCCCAAGTTTTTTCTAAACCACTTTTTCCAATATAATCAATTTGTGTATAGTCCTTACTATCTTTTTTTAATTCCTTTTCACTAATTTTTCCCGTATACCCAAGTATATGTGAAAAAGATAAACTAGGTGTTTGATATTCACGTCGACTTTTGCTTGATAAAATGACTCCAGGTGAAGAAAGAGATTCCAGATAGGTCTTTATAGCTGCTTCATAAGAAATATTATCGGCTAAAAATATTGGTTGATAATACTCGAGTTGTGATGGTTTGATGCTTTCAATAGATTTAATAACTTCTTCTGAATTAAATTGACCTGTTAGATTGGCTAATTTTTCAAAAAGATTTTTTCTTTCAGTGATATCTTTTGGTAAATCGGCTGGAATACAATATAAAAGAAAATTAGCTATATTATGAACAAGTGGCTTCTCGTTAGAATCATAAATAGTCCCTCGACTAGCTTCTAACCTCTCTAATCGTAAGCGATTTCCATTAGCCATATCTCGATAATACTCACCTTTAGCAATTTGAAGCCAGAGTAAACGAGTGCCAAGTAAAATTATTAAACAAGCAAGACACCATTTTAAGAATACTAAAAATGTTGTATTAAAATGATTGGCAACTGTTTCTTGGCCTTCACCAGTTGGCGTAAAAGCATCCTCAATCCAACCTCGTTTAAAACGACCGGCAAAATCACCATATTTAAGTCTCCCCTCTTGAATAACAAAGGGGTTAGTATTTTTTCTTTTATTTTTTCTCTGAATCATCATATTTTGTAACCTCTTTGTGCTAGAAAAACCGGTCGAAGTCGTTTTGTAGCTGCATTAATCAAATAGAAAAGTACTGTGGCTATAGCAATACTATACAAAATAGTTACGCCTTGTTCAGTAAAAAAAGTTGGCCAAGAAATACTTCGTTGTTGAATACCAATATACACTTCAAGAAAAAGACTTGAGTTATATAACAGTACAGAAACTCCAGAAACAAAAGCAATGGAATATAAAGAACGGTTTGTCATTACTTGTTCAAATAAAATATATATAGCCGCAAGAGCTAGACCTAAACCTAAGAAATGTAGGCCATAAACTCCAAAGGAAAAAAGTTCCAAAAAATAGCTACCACCAATTACCCACCATGCTGAATAACGAATATTACCAAGTAAAAAAACAAATAATAACATAATAGGGAAAAGATGCACCCGATGTAAGCCTAAAGGTAAGCGACTCATAAAGGCAATATCAATCAGTGCAATAATAATTATTAAAATTAAGTGACTGATAACTTTTATATACACAATATTATTTTATTACGGTTACTATTTTAATATTAGTAAAATTACTAATTGGTTTAACCAAAGCATGCTGCCAGAGTTCATTACCATCTTTGATTACTTGGTTAATTCGACCAATAACTAGTCCAGCCGGCATCCCCTCTTCTAAACCAGAGGTAACTACAATTTGATTTTCTGAAATTTGCTGGCTATGGGGGATAAAATCAATCTTTAGTGTAAGTGATAAATCACTTTGAATTACGCCAATAG
CP065010.1_gap9	527443	531975	4532	AATTTAGAAAAGCGACTTTCAGGCATAGAGGGAAATTTAAGGATATTTGGGTATTATACAGTAAGGACTATAAAAAGCAAGGCTAAAAATGTGGAAAAACTTAGTCTATTTCAGAAGGGATTGGATAAATAATATATTTAGATTTATTCCTGGGCAAGATTTATGGGCAAAATCACGATGAAAGAATATATAGTTTGATTCAATTTTATATTTTTTGGCTAATTTTCGTAATAAATCACGAAGGGCATACATTTGCTCAGCTTTTGGTTTTTCTTGATCAAAATTTCCGTCAAGGCAAATATGAAGACAACGCCCATCGTTCATTCTTTTTTGCCAACAAGCTACTGAGATTTCTCCATCTTGCCGAGCTTGTCTTATTTTTCCATTAGTGGCAATTTCGTAATGATAGCCATTATAAAATCCTTTACTACTTTTTACACCCCACTTTTTCTGATGATAGAGATTAGTTGCTTTAAACTGATCAGGATTTTTGTTAATTGAGACAGCAGTGTGATGAATCATTATACTGGATGGCTTAATCATAAAGCTAAATACAAAATGACTAAATTTTAAATCCAAAACTATCAAATAAAAAAATAAAATCTCAAAATTAAATGACTAATCTTTTTTTATCTTTTCAAGTAGTGAATCAAGTTTTCGATATAATTCAGCACGGATGCCAGAGTTTTCAATAATATAATTTGCTTTGGCTATAACATTATCTACTTCATGTGATTCAGGATCATTATTCCTTTCAGCTTCTTCTTGCTCTTGAAATTCTTCAAACGAAATATTATCCCCAACGCGATTACGACTAATTGTTCGTTCATATCGGGAATGTAACGGAGCTTCTAGCGCAACAAGTGTAAAATTGTCTTTAAAAAAATTTTTAGTATAATCTGCTTCTGCCACGTTTCTAAAACCAGTTATCACAGTATTCCCTTTCACTTGCTCACAAGCTATATCAACTGGATAAAAGGCACCGCGTTTTTTCCTTTCTTCAGCAGCAAACTTTCGAATTGAAGGTCGATCAATGGAAAGATTTCTTTTTTTCATTTCTTCCCGGAGTAAATCTCCACAAGAAATATGAGCAAAGCCCTTACTAGCGATAAATTCAGCGGCTGTATCTTTACCCGAGGAAGGATGTCCGGTTAATCCAATAATAATCATTTATATTTGCTTAAAGTTTTTTTAGCAGCTTTGCCGACTAAAACAGAGCTTGATTGAATTTTACCACCTTTGCCAATATTAAACACCATTTTAATCCCTAATTTTTTGCACAATTTATTTTCAGGAATTTCATCCAAAAAACGATCTCCGCCATTAGCGAAAATATCGGGTTTAAGTTTAGCAAGTTCTTTGACAACACTTCGTTCAAGTGGATTGCTATATGTAGTATTTTTTTTATGTGAAGTATATATAACTTTATCAACGGCTGATAAGGCCATTAGTAACTCTTTGCGCTCTTTTTGAGGCATGAATATATAGCCCTTTTTAGCGCGTAGCCAGTGATCATTGTTCATTATGACTACTAATTCATCCCCAAGTGCCTTAGCCTCGTTAATAAGACGAATATGGCCAATATGGATGGGGTCAAAGCCACCACTAATAGCTACGATGATTTTCCTCTGGTTTTTTAGGGAGGGTTTTTTCATATAATTCTGTCATCCCCGCGAAGGCGGTGATCTGATTAATCACAAGGTCTCCGCCGGAGTTTATCCCTGCGTAGGCAGGGACCAGGATGACAATAGTAAATTACTCCAAAGAAATTATCTGAAATCCTTTCTTCTCTATCTCCTCAACTGGCCAAAAAAGTTTGTCGAGTTTAAACTTCTTTACGTAAGTTACTTTTTTCTGAAGTTTTCGGCCTGTTAACTGTTTATTCTCGTCTATCTCTACTAATTCTAGCATGTCCCCTTCTTTAATTGTGAAGTTATTAAGTCGCAAATCAAACTTTTTCTTTCCAGACAGCAAGTCTTCATAATATCCCTTAACAATTTTCTTTCTGATACGGTTCATAAAATTTTACCTAGATCCCCGCTTTCGCGGGGATGACAGGAGAAAGTATTACTTCTTCCCTATCAACTCCTGATGCTCAACAGTATTTAATAACCCACATTTCTTATACTTCTTCCCACTACCACAAGGGCAAGGGTCATTACGTCCAATTGTATTTCCCTCACTATCTTTAGCTTTTCTTTCAATATAAACAGGAGTCGTAACTGAAAGTGAGCCTTCATCACTCATTTCTTTGGCTGGGGCGGTTAATTGAATATTTTGGGTATTAATTGTCGGCATCATAAATTCCTGCAAACCACCAATCTTATAGATTGAATAAACAACTTGCTTCTCAATCATACTGTTTAATTCGTTAAATAGTGTGTAAGCTTCTTTTTTATACTCAACTAACGGATCACGCTGACCATAACCTCGCAAACCAATACCTCGACGCATATAGTCCATTGTTTCCAAGTGATCCATCCACAACATATCCATTGAGCGTAATAAAACTGAACGCTCAACTTCTGGCCAGTTAAAGCCTGCTTCAGTAGCCAGTTTTGTCATTTTGTCGTAGGTCTCATGAGCTAACTTTGATAAATGTTCAATAATCTCCGTTTTTAAATTAATTTTATCAAGTTTTGAAGCATCACTTGTCAATTGCCCAAGTACTTCTTCAAAATTATTCTCAATTGGAAATATTGTCGCAATGGCTTCTCTGATTTCTTTCAAACTCCAATCCTTAGAATTATCAGCCTCGGTATGAATGGAAATAATTTGTTCAATTTCATGTTCAACCATTCCTAAAATGATATCTTTTAAAGTTTTTTCAGCTTCATCAGACTCTGGCAAATCTGCCAAGCGCAAGACTTCAGCTCGACGTGTATACATTGCCATTCTATGACGATTAATAACGTCATCATAATCAACTAAATGTTTTCTGGTATCAAAGTTATTGCCTTCAACTCGTTTTTGAGCTGATTCAATTGAACGTGAGATAATTTTATTTTCTATTGGAGTGCTTTCAGGAAGTTTCAATGATTGCATCATTCTTTTCATACGATCCCCGCCGAAAATACGCATCAAGTCATCTTCCATAGAAACAAAAAATCGACTTGATCCAGGATCACCCTGACGACCGGCCCGACCTCGTAACTGATTATCAATACGTCGTGCTTCATGTCGCTCTGTACCAATAACATGCAAACCTCCAGCAGCTACCACTGCATCATACGATGCTTGATCAAAAGGTGTTCCGCCTAGGATAATGTCCACACCACGACCAGCCATGTTTGTAGCAATTGTCACAGCACCTGGTTTACCAGCTTGAGAAATAATTGAAGCTTCTTTTTCGTGTTGTTTAGCGTTTAAAACATTAGGGGTTATACCTTCTCGGTCTAATAGTTCAGCTAAATGCTCATTTTTCTGAATAGAAATCGTACCAACTAGAACTGGCTGACCATTACTATGTCGTTCTTTTATTTCTTGAATAACAGCTTGATATTTTCCTTCCTCCGTTGCATAAATTAAGTCATTCTCATCTTTACGAACGGTTGCTTTATTAGTTGGGACCGAGACAGTTTCTAATTTATAGATCTTAAAAAATTCTTCAGCTTCGGTAAGAGCCGTTCCGGTCATACCGGACAATTTCTTAAACATACGGAAATAATTTTGAAAGGTAATAGTGGCCAAGGTTCGGCTTTCGCGTTGAATTTTTACTCCTTCTTTAGCTTCAATAGCCTGATGCAACCCTTCGCTATACCGACGACCAAACATTAATCGACCAGTAAACTCATCAACAATAATAACTTCTCCTTCGCGAACAACATAATCACGATCGCGTTTAAATAAAACTCGAGCTTTTAAGGCTTGTTCAATATGGTGAACTTCTTTGATCCCACCTTCTGTATAAATATTTTTAATATCTAGCCAATCTTCCATTTTCTCAATTCCGGCTTCGGTTAAGGTTGAGACACGAAGCTTTTCGTCAACGTTATAATCTTCATTTTCATTAAGTCGTTCTACTAATTGAGCAAAAGTGTAATATCGATCTGTTGATTCTTCGGCTGGGGCACTAATAATTAAAGGTGTTCTGGCTTCGTCAATTAAAATTGAGTCTACTTCATCAACAATGGCATAATTTAAATCACGTTGAACTCGTTCTTCAGCTTTTTGAACCATGTTGTCTCGTAAATAATCAAAGCCAAATTCATTATTTGTGCCATATAGAATATCACATTGATAAGCCTCATTACGTTTTACTGACCGAAAATGTTGAAGTCGTTCATCAAATTGCCTGTCATCAATATGTTCTGGGTCATATACCACTGCTTCATCATGAATAATAACTCCAGTTGAAAGACCAAGAGCTGCATACACAGGGGCCATCCAACCCGCACCGACACGGGATAAATAATCGTTGACTGTTACAAGATGAACTCCACGTCCTGTAAGCGCGTTTAAATATAAAGGTAGTGTTGCAACTAAAGTTTTTCCTTCTCCAGTTTTCATTTCAGCAATTTGGCCTTTATGTA
CP065010.1_gap10	535918	538799	2881	ACGAACAGGAGCGATATGTTCATCCACTACTTTCTTGTCTTTCAATAAGGAAACTGCTACGCCCGGCCGACCATTAGCTAACCGAGAGATGTGCTTAGCCTGTGTGCGAGGTAGTTTATGCGAGTCAATTAACCATTGGTACATTGTATCTGCTGAAACTGAGTTAAAAGAGATAACTTGGCTTCGTGAACAAATGGTTGTTGGAAGTTGATCAAGTGAAGTTGTTATTAAAAATATAATTGCTTGATCACGTGCATCTTCCAAAGTTTTCAAAAGTCCATTAGCAGCTTCTATGCTTAAATACTCGGCTGATTCAATAATACCAATTCGATAATAGTTTCCAAAAGAGCTTAAAGCCATTTGATTACTAAAGTCTCTTGCCTGTGCAATCCCTATTTCTTTTTTGTCACTTAGAATTTCTAGTCGAGCAATGTCATATACAGAATGTTTTGAATGAGAAATCTTGCTTAATTTTTCTAAAAATAAAGCAAGGGTGGACATTCTTCCACTGCTTGTTGAACCTGATAAAATATAGCTACCACCTAAATTGCCAGGCAATCGTTGCTCATAGCTTAAAAGATGTTCAAAAAAATTAATAGCTTGATTTTGCCCAATTATTGGCCAGGAATGCTCTTTCATGTCATAAATATTATCATATTTTTATGGTAAATACAAGTTTAAAAATAAAAAAACTCGAACCTTTTTAATTAGTCCGAGTCTGATTTTTATCTTTTCTAAATGTTAAGTATTTATGGCACAAAAACCACACCCAACCAGTAAAGAAACTGGTTAAAAATTGAGGTGTTGATTTGTAGCCAACTATTCCAGCAATACCATCCGGGAAACCAAGAAATATATTGTTTACCCGATTGAAATTGCTTTCAATAGCTTGTACGGCGTGGTAGTTTGCAATCAATCCAATTACAGAAATGATTGTATACACCACAGCCTGTTTGAAATATTTTTTTCCTTCGTACCTAAATATATAGGTACGACTAATAAAAAAATTAAAAACGTTAAGAATAAATAAAGATATGTCAGAGGCTGATGCGATTGAGAAATTTGTGAAACGCAAAATAATCTCAATCATTCCTATTTGACATACCGAAATAAGTAGGCTTATTGAAACTGAAACCAAAAAAACGATAGACGATTTTTGTTTGGTTATCCAATCTAAGTACTCATCCCTTAGAGCTTGGTATTCATAAGTCACTACATCCCACTTCATTTGAAAGTAGAAGGTGACTGAAATCATACCTAAACAAGAAAAGATTGTTACCGATGGGATCTCAGCTATTGAAGACAAACCATAGGCAGGCTGATAGCTTACAAGAAAGCAAAAGGTAGAGTATATTCCGATTAATCCAAGGAAAAATACTCTACATATTGAAATTAATTTTTTAAACAACGGACCCTCCTTTTTTAATTATTTTGTAATACCACTTCTTTTTTAAAAAGTCAATGTTTTAAGTAATATTACGTTAAAAAACAAGAATTAGTTCTAAATGTTAAGAATAGTTATTGAGATCTGAAGAGTAGTTGCAAACATTACCCAAAGAAAATAGGGAATATTAACATAAACAACCCAACGCTTATCTTGTCCAATTGCCATAAAGCCCCAAGTTAAAGTCGCTAAAATCAAGATAATATCAATAGAAGCTAGTACATTATTTCTTAAACCAAACTGCAAAGGTGTAAATAGAAAATTAAATAAAAGGTTTAAAGCAAAAGGCCAGGCAATATATTTTGATAATTTTTTTTCATATAGATCATAAAAAACCGCTCCAAAAGAAATGAAAATTATAACATACAAAATTATCCAGACAGGTTGAAAAACCTCGGCTACAGGTGCCCAAGAAGGTTTTAGTAGTGAATCATACCAAGAATATGCATCCATATTGATAGTATATAATAGATTCTCATAATAATAAATTATATCTTAGGCTATGATATAATAAATATATGAAAAAAATTACAATTCCAAGTCCAAGTTCGCCAAGTTATCGTCTACTTGTTTTTATAGTTGGGATTATTGCCACAATTTCCTATCGAGCAATTATTATTGTTAGCCATTATAATCAGGCCTGGACTGATATTATTTGGTACATTGGCACAATCGGCTTTGTTTGGTATTTTGCCCATCGTTATCATATTGAAAAAAAGCGGGATAGAATTATTATAGAACATAAACTCATTCAAAAAATAAATCGTAGTAAAGAACTAAATGAAAGTGACCGTGAAGCTCTTGAATACACTTTGAAAAGTTTAGCCTCCAGTAAATCAAGTTGGAACTATATCGCTATTTTTGTGGCTTCTGGAGTTGCTTTGCTATACGATATTTGTCTACGAATATTTTTCTCGCAATAATATTATTCAATTTTTAGAATTGAAATCTTAATTAGGTTATTTTGCAATGATAGCTCTACACTCTCCCCTACCTTTCTACCAAGTAGGACTTGCCCCAAAGGAGAATTATGAGAAATTATATTTTTTGTTGGATCAACTTCAGAGGAGCCTAAGATTAAATAGGTTTTTTCTTTTTTATTACTTAATATAGTTACAGTACTCCCTAGTGTAACTCTTGCAGTATTTTTTTGAGGCTGAATTATTACAGCTTTTTTGATTTGATTTTCTAAGTCTAATATAAGTTGATTAATTCCCCGCAACTTGCCTTTGGCAATTTGGTAGGCTGCATTTTCAGATAAATCCCCCATTTCAGCTAAAGTTGAGACTTCTTTCATTGAGCGAAAGCGAGAAGTCTTTTTTAAATGCTCAAGTTTATTAACCAGTTCTTGATATTTTTTAGCTGTAATATGAGGATCAAGTTTTGGACGCGCATAATTTTCTGAACGACGAGTTGGGACTCTCATAAAGATTATAT
CP065010.1_gap11	540481	542506	2025	ATACGAATCCCGCATATGTTTGCTAACTGCAAACAATAATCGATAGATCCGACACAGCCCGGAGGCAGCTTACTTTGTTTCTCGATGCAGAGTGTGTTTGCGAGCTTTTTTCGAAAACAACATTAATTCAAGACGACCTTTTAAAGTCTTCTTGTTTTTATGTGTTCGACGAATCTCACCGGTCTCGGTGCATTGCATCTTAATCATGTTATCTTGAGGCATAAAATATTTTAAATGTTATAAAGTTATAAAGTTATAAAGTTATTGTTATTCACATTATAACTTTATGACCTTAAAACTTTATACGTTTTATGGTGGGCCGGGTAGGATTCGAACCTACGAAGGCGAAAGCCAACAGATTTACAGTCTGCCCCGGTTGACCGCTTCGGTACCGACCCTTACCTAATTAAAAAGAGGCTTTTCAAGCCTTAAAAATTATAACAGGATTATAACAGAAATAAAAGTTTTTTGCAAGAGATGGTGAAAACTCTGAGCCGTTGACCGGGATTCGGACGTGAGACCCTATTATTAGCATTATTTATTCATTCATATATTATATAAAAACCATATCTTTAATCAAAATCTAGATACATAGCTAAATGATCAGAAACCTCATCAGGCATGATCTTAAAATCGTTCATTGTTATCCCGGGGCTTAGGAATGTATAATCCGCAAAACGAGAAGAAGTCTTAGTATACATACTTGATCGCGTAGTAGAAATATTAAATTCTTTGATCAGGTTGCGTAATCCTACCTCTTCAATCATTTGTAGGCTCTTAGTATCGGGTTCTAAATTAAAATCTCCGCAGAGAATAAATGGATCAGAAATACTTTTAAGAAATTTAATAATATTTTCTGATTGAATAATACGCTCCGGAAAATCCTCTTTACTAATACCATTCCATAAACCATGAAAATTCAAAATAACTCTGACGCCATTTGGCGTTTCTATTTTTAGATATTGCAGATTCCGGGCATGATTTATTGCTTTGTCATCATCAAAGATATTTTCTCGCTCCTTATAAACAAAAATATCCCCTTCTTCCAAAACTTTAATATCTTTTTTAAGAAAGATTGCATCACCAAAGAAACCCATGTAATGAGGGTAAAAAAAGTTGGTATGAGTAGGAAGAATATTTTTTACACTTGTAACTAACCTTGGATCAATCCCCTCACCCCATAATGGTGCATGGTCTTCTCCACCTTCCCACATTTCTTGAAGACAAAAAATATCGACCCCCTGATTCTTTTTAAAGAAATTATATAGTTTTTCTTTTCCTCCTCTGCCCGCCCAGGTATTTAAGCAAATAAGTTTCATAGAAGTAATTATTGCTTTTTTTCTAACAACAAATAAGGATACCCTTTAAAATTACGTTCCAAATTACCACATTCTAATGCCATTAGAAATTGCATCATTTGGTCAGTTATTTCTTTTGGGTTTGCATCTTTACCTTTATATTCGATTTCAACAAACTCTCCCAGCTCTTTAACGCTATCTAAGGAAATTTCATAATCATTATAATTCCAGGAACTTCGATTTTTATCAACTGTTATCAAATACTTAAAATTTAAAGCTTTAAAAATATTATTCATTTGTTCTAGGTTATCAATTGCTGATTCGAATTCGTCAGCATAATTACTCTTTCCATCTTCCTCGTAATAATGTTTTTTATATGTAATAAAAAACTTGCCATTACTATTACGTAATCGTAACCATTCTTCTATAGGATTAAAATCTACAAAATTTCGATGAGCAGGAGTGTAGTATTCGTCTATTTGGTTATGAGTATACTTAAACTTACCTTTCTCTTCTAGAAAAGTTAGTAATGGTCTAATATTTTCAACTTTAACTTTAATTTCTATTTCCATAATTAATGAAGTGTAAACTTAATTATCTTTACAATACTCTATTAATAAACTGCAGTTCATCGCCTTCTTTTAAATCTTTATCATCAAACAAACGCCATGTTGAATCTTTCTCACCTGAAAGTTTTAGTGGAACTAAATGGGGTTTAAATTTTAAT
CP065010.1_gap12	544809	546245	1436	CTCCAGCCTAATAAATAAATCATAATAAAATTAAAAATTTGTAATAATCCAATTCGTCAATGCTATCACACTAATGAAAATAGTAACATAAAAAAATATTACTACTAATAAATTAACTACAATGTAAAACTTTTTTAGTAAAGGTCGAAAAGCAATTTTAAATTTATTTGGTTTGTCTTTTAATTTAATAGTTGTTATAAAATCGGCAATAAAAATAGATAAAATTATTTCTAAAAACCAATTCAATAAAAAAACTGGCCAAGAAAAAATACTATCAAACCAGTAAACTTTTTTTTCATTTTCTTGTGAGATAACTCGGCTCCTTTGGTCAAACTGTTGTTCCTCAAAACCTAGAAAACTTATCGGAGTAGTAAATAATTTCTTTACTCCTTGTAAAAAAGTCATATCTTTAAAGAACTGGATTGGTAATTTCCGGTGTCTGCCCATCATAGACAACACCAGCAATTGCATTAGCTAAAGCAACGGCTTCAGCTAAAGGTCGTTGATGAATATTACGACCAACAGCAGCGCCTGCAATACCTGCACCATTCACTTCTTCATGAATCAGACGTAATAATTGCCCAGCCGACATAGTATCACCACCGGCAAATAATAGTCTAGAGCCTTCACCGGCTGCGGTAATTTCTTGCAGGCCATTATAATCCTCAGAAAGTGGACGATTAATTTTTATAAAGTCTGCACCAAGAGCTGAGCCAATATTCACTGCTCCTGCAATCGTATGTGCCGAAAACTTATCAGCCACTGACTTACCTCGAGGATACATCCAAAGAATAACTACTAAACCAGCCTTATGAGCATCAAAAACAATCTGAGCGGCTTCTCGTAGCATAGCACTTTCATAACTGCTACCAACATAAACTGTATAACCAACGGCAGGAATATTTAGCTTGGTTTGACGAGCAAATTCTACAACTTGTCTAACATCATACCATGCAGCACTAAAAGGATCATGAAGTTCTTCGGTAACAAGATTAGACTTACTATTTAATTTAACAGCATAAGGTATATGCGGATATTTTCGTCCAAATTTTGCAATATAGCCCAACTGAGTCGCAAAAACACCAATTCGCGAGGAGGAAGCAATTTTGAATAAATGTTCAGGTGTAGCATCATCAGATGAAATATCAGGACCAAAAAAATCATCATTTAAGTGTTCAACCCGTTGATCACCGGCAAATAAAAACAAACGACCAGAATTTTTTGTGATCAAATTAAAATTTTTCAAATACGTTGAGCACTTATCATTAGGAACATCAAGTGGAGGTTGGATAATTATTTTTGAACTCATGTACTTCATATACTTTATAAACTTTAGATCCTCGTCTTCGCGGGGACATGCTTTATAACACTCTTAGTCTATCACGGTTGAAACTATCTGGTAAAATTCACGGGCCTTTAAACTCGCACCACCAACT
CP065010.1_gap13	574020	577489	3469	TTATTATGGTAGACAGGAACTGGTTGAAAGCTCGCACGATATGGATTTTCAACAGTCAGGAAATGATACATTAAACAATAAAAATAACCGGGGTAAATAATTGTATCTGCATCAAATACACTCACTAACAGTAAATCATAGTCAAAATTTTCCTTATCAATAATTAAATGTTTTAGTTCCGCTGCTGCCCAGGCTTGATTGGCGCCTTTGCCTTTTAGCTCCCCAACAATATCATCAGGATGAACTGTTACTAAAAATCTACCAAATAAATGTGCATATTCTTTAGTAATAATTTGAGATCGCTGCTTACCTTCCTCCCCCTCTCTCCCTTCAGTTGCCAAAACCACAATTAGTCTATCATGAGGATAATCAGAGTTCACTAAACCATTAAGTGTAGAACGAAGTACGGTTAAACTTTCTCTATAGTTTGGAATAATAATAATATGATAAAAATCTCTCCATGAGACAGAGCGTGTTTCTCCACTATGAGGAACTACAATATTTTTTACTTCTAAAGCTTCACAACGTAGCTTCCAGTCAATTTTCATATACTTACGCATCAATCGAAAGGAAATTAGAAGATGAGTCCCTAAAAACAAAACTAAAATTAGCCAATAAATATTAAATAAAATTATAAAAAAAGCACTGCCCACTGGTTCAAAGTAGGAAAATATAATCAATCCGATAATTGTGCCCCATGCCAATGCCCCCGGTAATATCTCCAAAAAACGATATATTTTTTTGTCTTTACCTGTTAAATCAGTGGCTTTACTTACTTTAAAATAATTCATGTAAATAACCAAAAAATTAGATGTATAGCACTTTTCTTAAAACTTTATTTTTCCCATTTAAAACGAACAAATAATTTTTCACCAGAAAAATATAAAATATAAAACAAGACGCTTATAATAAGCCAATTTGATAGATAGGTCAAATCAATGATATAGGTAAAAATTGTATAAAAAATTGCTAAGGGGTCTGTAAAAATTTCCCAACTATTCCATCGATTAATCAATCCAATCAAAACTCCAAGAGCCATAACCGGAATAATGCCCAAAATAAAAATCCAACTAGCTACGATCCCATACAATTCATGGATTACCGATCGAATTGGGCGAATAGTCCAAACAAAAGTCGGCCAGCCTACAGCTGCAAAAGCAAAAAAGAAAATAACCATCCAGGCATTACTGGCACAAACATTTCCAAATTCATAACTTGGACAGAAACCAATAATATGACGGGCATCGGTTAATATGTAGGCTGTATTTGGAGCCAGTAATATCCAAGCAACACTTAACAAAATAATTACAAGATAATTTTTCTGTTTTAAACGAATAAAATTTACTAACCAATAGGTTATCAATACTGCCAAAGCTGCCAAAAAGAAATTCCAAGCAATAACAGAAATAGGATAACCGTTTATTTGTGTTTCCCAGAATGGCAATTTATTTAAAAATACTTCAGGACGATACAAAGAGTTATTTATAAATCGAGACATAAAATATTATTTCTAGATACTAATTGAATCGAACTGATTGACCAGGTTGTAATGAGCCGTGAGTATGATTATGTTGTTCTCTGGGTGAGCTGATATCGTTATTTAAAACAGCGTCGTGAGTTTTTTCAATAGTAGGTTGCAGAATAGTTTGATTAATTTTATTACCATGAAAATCACTTGGAACTTCAGCTGATAATTCACTAAGTGATAAAGGACGAGGAGATGATTGCTCCACAGGAGCCACTGGTTCAAAAATTGGCTTATTAATTTCTTGAGGTGATACTTGGGGTTTTGTGAAAGAAGCAGAGTAAATTGGTCGTTTAGATAATTGCTCAATTTCTTTCTGTTTTAAAGCTTTCCTCTGATTTGTTGATAGTTCTTTTTCTTGTCGTAAAATTGTTAAGCATTCCTTACAAAATATTGGGCGAACTCCATCTGGTTTAAAAGGAACACGAGTAGTTTTTTGACAACGAGAACATATCGCCTCGTACTTGTACACAGAAGGATCAAGTATTGGCATAGCTTGTGGTTGAGGACTTGGATTTTGTGAAACTTCTCTTACTTGATTAATAGGTTCTGAATTAATTTTTTGAGAAATCGGCTGCGACATAGGCTTAACAGCTGAGGTAGGTTTAATTGGTTGTATTGATTCAGATGGCTGATTTTTACTAACAGTAATGCGTGGAGTTTCTTCTTCGGCATGCCAGCGCATAATCTTTTCTTCTACTTCTTCTCGAGGTGCAGAATAACGTTCACGGGTATTTCTAATAACCTTTTCTTCATTTTGTGTTCGTTCAGAATCTTTTAAAGGGGCTAAACCACGGGCTGAAAATGGATCTGAAGCCACACCATCAATCATTAATTTTAAACAAATACTATATTTTGGAAGATTGACTAAATCTTCTTCAGTAAACACTGGAGTAAATTCTTTAACTAATTCTTCAGCATCAGTAGCCCCAATTCGAAATACTACCAGTGTTCCAACGTTTCCAAAAACAGCTGCTTTAACTTTATCACTAAGCTGCTCAATATATTGATGACCCATTATTAAATTAAGGCGATACTTACGGGCTTCTGAAAGAATGTTGGCAAAACTATCTGTAGCAAAATTCTGAAACTCGTCAACATATAGATAAAAATCCCGTCGCTCCTCTTCGTGAACATTAACTCGACTCATGGCTGCTAATTGAATTTTTGTAATAACCATTGAACCAAGTAACTCTGAATTATCTTCACCAATCCGACCCTTACTGAGGTTCATGATTAAAATTTTTCCTTCGTCCATAACCTCGCGCAAATCAATTGATGAGTTTGTTTGGCCAACAATATTTCGGATTAAAGAACTTGATAAGAATTGTCCAACTTTATTTTGAATTGGAGACACTGCCTCAGCCGCAAATTTATCTGCATAACCAGCAAATTCTTTTGTCCAAAAAGATTTAACAACCGGATCTTGAATATTATCAATAACTTTTTTTCTAAATGACTTATCAGACAACATTCGTGTAACAGCCAATAAAGTTGAATTTGGGTAATCCAAAATTGCTAAGATACTGTTACGTAAAATATATTCCAAACGAGGTCCCCAAGAATCTGCCCACAATTTTTGAAATACTCCAATTAAACCAGAGGCTACCAAGTGTCGTAGATGAGGAGCAACTTGTTCAACAACGTTAAAAGCAATCGGATAATTTACATCTGCCGGATTAAAATAGATAACATCATTAATACGGTTTGAGGGAATATATTGAATAACTTTTTCTGCCAAGTCGCCATGAGGATCAACAACGGCCACTCCCCGCCCAGCCCGAATATCATCAATGATCATATTCTCTAAAATCGTTGACTTACCCATACCAGTTTTTCCAATCAAATACATATGACGACGACGATCGTCAGTTTTGATCCCAAAACGTCGATGTTGATTTCTATAAGTTGTTTCCGCAAATAGCGCTAAATCTGACATATGGT
CP065010.1_gap14	659487	661021	1534	CTCCTAACCCCTCTTTCATACCTTGTATAACCTTTTTCTCAGAGTCTGTTGGTCCATCACCTCTAGCACTGATTACTCTAAGTTCTTCGTTTATTTGCTCAAGTTTTTCGTTTGCTTCTGAATCACCCTTTGCGAGCATCTTCCAAACACGAGTAGTGGTTTCATCTAAACCACGGGCTCCTCGAGTAAATGATGATTTACCTAAGTCTCTTAGTTTCTTAAAGCCAATAGCAGAGAAAATTTCCGCTGCATGTCTCATTGCTTCAAGTCCTTTTTTAATCGCAGCATTTGTTAACTCTAGAGGATCATATTGCTCTAAAGCATTACCTGCTTTATCAGTTAATTTTGTTACAGTGCTAGGAGAGGTATCAATTGGCATGGCATCTTTGTGGTGTTCATTAATTTCTTTGGTTTTTTCCTGATGTTCTTTCTCAATCTCCTCGGCTTTTTTATCATGAGCAGTATTTACTTTTTTAGTCTCTGACTCAACCATGGCTGGAGAAGATGCATACGCACGACGTATGTCTTCAAGGGATTCATCTCTTTCTTTTTTATTATCATTAAGTTTTCTTTCTTTTTCCTGATCAGCTGTCTCTATTTCAGCATCCCTGCCCCGGGTTTTCTTGGCAGCTCGATGATAGTCTCGTGCCAAATTAATTTTATCTTGATATGCTAAATTAATTTTTGATTCAGCATCCTTGCCGTCAACGCCATATTTATTATAAGCTTCTTCAACGCCTGCGTCATAAACCGTATTTGCTTTATTACGTAAATTGCTATAACGATCTGATATAGAATCAAGTTTTTGCTTGTGTTCAATACCAAATTGCTTAATTTCACCTTCAGAAGCTCCACGAGCTTTCATGGCAGTACGCTCTTCAAGAAAACGAGCTTTCTGTGCGTCAAGATCAGCTTGTTCATTTGTATCGTAATTATGTAATTTCTGATCACGTTCTTGTTTTAAAGTAGAAATTTTACTATCTCGTTCTTGACCTAATTTTTTATACGAATTTGCCTTTTCCTCCTTTGCTTGAGTTTCTAAATCTTTAACAACCGTCGCAGTTTCAATAATATTATCATGTGTTCTTTCTTTTTCAACTTTCTCTTGGTGCTTAGTAGAAAAATCTTTTAACTTTCCACCCATCCATTTTAATGGTAACAATCCGGTTACCGTTGCTTTTATAATCTCTGCAGGGCTTCCACTCAAAGCAGCGGCAGTTATTTGACCTCCAAACGAGGCCTTCGCATATTCATCTAATCCTTTCAATCCTTCCTCTTTTATACCAAATTTTTTAAGAATTTTAAGTTTTCTATCTCTACCAGCTTCTTTCTGTGTTTTTTGTATATCCTTACCCCATCCTGTAAGAAAATCACCACGTTTCTTTGTTGCTTCGCCCAATACACCATTTGTCAATTTGCTTATACGGTCACCAGCCTTACTGGTCAAACTTCCAGTAGCACGTAATCCAACCTGAGCAGTTGACTTTCCAGCACTTTTGGCTAAGTTACCTGTTTTCTTCAATCCCCACCTATT
CP065010.1_gap15	676181	678442	2261	ACGCATCAATAACCTTATCTATCGGTAATTGAAGGCCGGCTGCTACATTTGCTTTAAGCATCTTTCGTCTAGCACTAAAACCTATTTTTACAAGTCTAAAAAATTCTTTCTCGGTTATTTGAAGTGATTGTAATGTCTTTAGATGAGTATTATTTCTTTGAAAATTAACAATGGCACTTCCAACTTTTGGAGCTGGCCAAAAACTAGTAGCCGGAACTAGAGAAATTATTTTTGGTTCAGAATAAAATTGCACTGCCACTGCCAAGATACTCATCTCGCCTGCTTCTGCAACCAATCGTTCGCCAACTTCTTTTTGTAACATTAAGGTTAAACGCCTTGGAAGTATATTTCCTTCATTACCGGAAATAAATTTACGTAAAAAAAATGAGCTAATATTGTAAGGCAGATTCGCTACAACAACGAGTTGATTTTTATCTTGTATAGCTTGCACCCAGCTCTCAGTAAAATTTAAAATCTCTTGATTAAATATTTCTACATTTGAAAATTTTTTTTCTATAATTATTTTTTTTAAAACCCGGGCAATTGTATCATCCAATTCTACAGCGATCACTTTTTGTGCACAACCTGCCAGACGCTCTGTTAAAAAACCAAGACCAGGTCCAACTTCTAAAACTATTTCATCACCTTGTAAGTTTGCAGCCAAGATCATTTCATTATACGCACTTTCATCAATTAAAAAATTTTGTCCTTTACTACGTGAAGGGGTGATGTGATATTGACTACAAAGATTTTTTGTTTGATCAAAAATGGTCATATTCGATTCTGTCATCCCCGCCTGCCTACCGGCAGGCAGGCGAAGGCGGGGATCTAGATTAAAGTAACTGTAAAATTTTTTAATTAACCACAACACTCACCAACTTCCCTTTCACCATAATCACTTTTACAATTTCTTTACCCGTTATCCATTGCTGAATTTTTTCTTGTGAGAGAGCTGTGTTTTTTATTTCATCTTCTGAAACATCACTGCTTATTTCAAACGTATCGCGTAACTTTCCATTCACTTGAACAGCAATAGTAATTACTTCATCTTGTAATAATTCTGAATCATACTCTGGCCAACTTGAAACAAAAATAGAATCTTCAGTCAAACTATTTACGTGGTGCCATAATTCATCACAAATATGAGGGGCAAACGGAGCAAGTAATTGAAGTAGAATATTGTATGTTTCTTTATTAATACCCTTGGAATCAGCCAAAGCATTAACAAAAATCATTAAACTTGAAATAGCGGTATTAAAACGCAGATTATCAATATCGTCACTTACCTTTTTAATTGTTTTATGAAGTAGATTATTAAGTTTTTTATCTTGTGTATCAACGCCAATTTTGTCTTGTAATTGCCAAACCCGACGTAAAAAGGTATGAGCTCCTGAAACACCATTTTCATTAAAATTAGCTGATTGAGTAAATGGCCCCATAAACATCTCATAAATTCTAAAAGCATCAGCGCCATAGCTCTCAATCATTTCATCAGGATTAACCACATTCCCCCATCGTTTACTCATTTTTCGGCCATCTTCACCCATAATTAAGCCTAAATTTGAGTACTTTTTAAATGGCTCGGAATAGGAAACTACTTTAATGTCATATAAAAATTTATACCAAAAACGAGCATAAATGAGATGTCGGGTTGCATGCTCAGCGCCTCCAATATACAAATCCACTGGAGACCAGTATTTTTCTTTTACCTGATCAACTAATTTTTCATGATTATTTGGGTCAATGTAGCGTAAAAAATACCAACTTGATCCTGCCCATTGAGGCATAGTATTTGTCTCCCGCTTTCCCTTTCCTCCACATTTCGGGCAAGTAGTGTTAACCCAATCCAAAATTGAGGCTAAAGGAGATTCACCGGTTCCAGTTGGCTCATATGACTCAACCTCTGGTAACAAAACTGGTAAATCTTTTTCTGATACGCCTACTACTCCACACTTTTCACAATGAATCAAAGGGATTGGTTCACCCCAATACCGTTGTCTTGAAAATATCCAATCCCGTAATTTATACTTTGTTACCCATCTGCCACCAGCCTTTTTGGTAATTGCTTGCTTTGTAGATTCAGAAAGTTCACCAGAAAATTTCTCCGAATTAAACATAATACCATCAGCAGTAAATGCAGTGTCAGAAACTAAACGTTGTTTCCAAATATCCAGTTCAGCACAGACCATATTAGCTTCATTCATATGGTCAAGTGAAACCCACTCAATATCATATTTATTTTTTTCAATTTCAGAAACTTG
CP065010.1_gap16	804349	805745	1396	GGCCGCCTGAGCTAATTCTTTGACCTGGGCATCGGTGATAGAGTATTCCAACTGATCTTTTGGAGCAACTGGAATATCTTTAACTGGTTTTGAACCCTTGTGATCATACACCATTTTAATTCGCTTGCGACCACGGGCTCGAAAAATAATCTTGCCTGTTGGTTTAAAAACCATAAACTCATCGGGGTTAACTTTACCTTGGACAATATTTTCACCTAAACCATAAATTGAATTAATCAATACAACATTTTTAAAACCTGATTCAGTATCTATAGAAAACATAACACCGCTTGAGCCAACATCTGAGCGCACCATTTTCTGAACACCTACTGATAAAGCAATTTTAAAGTGATCAAAACCTTTATCTTGTCGGTAGGATATAGCTCGATTAGTAAATAATGAAGCAATACATTCTTTCACGGCGACTAAAAGTGCTTCATGGCCAGAGATATTAAGATAGGTATCTTGTTGACCGGCAAAAGAAGCATCCGGCAAATCTTCAGCCGTAGCTGAAGAACGGACGGCAACATGAACATTTTTTGTTTTATAGATCTTTGACAACTTATCATAAGCAGTAATAATTTCTTTTTTAAGTTTATCTGGAAATTCTGCTTTGACAATTAATTCTCTAATCTTTTGTCCACGACGAGCTAAATCATTTACATTATTAGTATCTAAACCTTTTAAAATTTTTCGTATTTCTTGCATCAAACCAGTTTCTGAAAAAAAATGTCTATAGGCTTCGGAAGTTGTGGCAAAACCATTTGGGACTCGGATATTTTTTGCTGTTAAGGTGCGAAACATTTCACCCAAGGAAGCATTTTTTCCACCAACGGTTGGGACATCTTTAATACCAAGATCTTTATAGAATTTTATGAGAATCATAGAAAAATAATTGAATTAAATAAATTTTAAAACATATTCTCACCTATCAACAAGTGATTAGTGAGGGCGAGAATCTAATATTATAATTTGATTTTGAGGCTCCAAGGATAAATATAAGGAGCTTCCCACCATTCTCCATTATAGGCTTTTATAAAGCCAATAGCAGCAATAATAATCGCCGCTAGGAATAAGATCTGACCAATCACCGGGACCCACATTAATAAACTAATAGCTACTTCCACAAGAAATAATACAAAGCCTTGTTTGGCATGAAACTGAGCAAATTTTGATTGACGTTTAAATAATAATGGAACTAAACAAAGGATCCAAAGATAGGAAACTGAAGCCAAAGCTTTATTCTCTTGAACATCAGATTCGTAAACTTTTTTTTCTGTTTGAGGCATATAAAAAAATAGTATGGAATTAATACTATTAGTATAGCATGAATACTATAAACAGCTATAAATCGGCACTGATATCAGACTGCAACTTGCAATTGATATCAGCCAAT
CP065010.1_gap17	806790	811349	4559	AAGTCGCTATCAGTATCACTCTCTTCCTTATTCTCATTATCAGTCTCAGTATCAGTTCCGACAATAGTGAATTGAGCTCTACCGCCTAAAGATAACGGGCTTGTGTCTTGATCACCATTAGCCAGAACCGAACCAAACGTATAGGTTACATAAGCAGGACCATTTTGAATTACCTTAAAACTAATAGCTATAACCTTACCCCCATTTCCGCTATAGCCTCGATTCAAAGCCGTACCTTTAAAATTAATAGTTCCGCTTGAGTTGGAAAAAGTCGGTTCCTGTGTCCATAAATTAAGAATAGAACCACTACGGCTTAAGGATGTGACCTGTAAAGTATCTTGTGTGAAGGATACTGCGCCAGAAACAGCGTCAATGGTATCTTTAGCACTATCAATAAGAAGATTGACAGTCACTGAATCACCAACCTTAAACTGACCCGAACTTGGTGAAAAATAAACACTGGCCGCCTGTGCTTGTGTTGGCGAAGATACTAAAAAGAATATACTAGTAAAAAGTAAAAGTAATACATAGATAAAACTATTTTTAAATTTACCACCAAATATTGCCATATAAGTAATTAATAATTCTATTTTTGACTAGAAAAATTCAAATCCAGCTCCTTACTTAACATACTGCTCAGTCACCCAGCCGGTTGTTCCATTATTTAATGTAATGAGATACCAACCCTGTTCATATTTAGTATACACATACGTTTGAGATGGATAGACTCTAGTTCTTATTGTTCCCTGAGTTGAAGGAATACTTCTAACATTCAACCAGCCAGTCGGAGTTGCTTGAACAGTTACAGTTTTTGCTTTGGGAACTATAATTTTCTTTGGTTCAGGAATAGTAATTTTTTCCGGAGTAGCTCTTGAAACTACAGTAACATACTGACCGCTAACCCATCCCTTTCTATTTCCTGAGATTGTTATATTAAACCAACCATTTTTTTCTTGGCTAAATGTATATCGTTGATTTGGATATACTGAGCCCATAATAGTTCCCGTTAATGAAGGTGCACTACGAACTCTCAACCACCCAGTCGGCGTTGACTTAATAACTAATATATTGCCTGTTTCTTTTATAATAACTTGTCCACGACCTGATAATACATAAGCCCAGGCACGGACTACCGACCAATCAAAGGCGGAAACCGGCTTACGTTTGAAAACTTTAATATAATGAGCCACGGCCGCATTTTCTTTAACGATATTACGTGGGAATCGCAAACGATACATCATGGTATGCCAAGCAAGATCATCTGTCAGATCTGCTGGATTATAATTCCTACCAACCAATGTTCTGAAAGCTTGAGAGACTGCTGAAAACTGCTTTTGTTCATAGACTACATTGCGTTTATTTGGTTTTACCCCATCACTAATTTCATTAAGTGCATATACATTAATATAACCTAATGTTTGTAGCTGGTCACCGACTAATTTTAATCGTTCAACCCATCCCTGTCGGATCGTAACATCAGAAACACCGTAAGTTACAAAATTAACCGCCACTGTTAAATCATAATTATTTATGATAACTCCCGACTGTTGAGCGATAGCTATAACTCTACTAATATTATCAGCCTCCCAATTTGTATGTCGTTCTATTCCGAGTATCCTCGTTAAAGCTACTGCATCATCAGCTACGTCGATAGCCCGTTGATTACCAGGAGGGGTTACTGAATCAATCGCCAAGGTAATGGAATCTGAGACAACGAGAGATTCATTACCGGCAAGGTCTTTAAACTTTACAAAAACATTTTTTACTCCATTACCTGGACTTAAGAACCAAGGCTTTGAAGTAACATACGTTTCCCAAGTAGCTCCTGTAAAAGCGCTATTATCAGAGATCATCATATAATTTGCACCTATAGCCGTCATTGTCAAAACTACACTAGTCGTATTAATAACAGCTACTCCAGCAGCAATTGTAACTGATACATTGGTCGGTGGCGTTATGTCTGGAGGTGTACCTCCACCGCCGCCTCCACCGCCGCCACCTCCACCGCCGCCTCCACCGCCGGTGCCAGTAGCTGTAAAGGATTGAGCGGCTTCTGAAGATTCAGAACCAAATTGAACGCTAATATGGAACCAATAATTACCGGCTGTTGGAACAGTTGAATTTAGTGTAGTATCAAAATTTTCTGCCGGCTGAATAAGTTTAGCTGCGGTTGAACTAAAAATATCATCACCGCCACCACAGAAATTATTATCGGCAGTTGTTACACACCAAGTATATTGATATTCATAAGCTGTTGATCCTTCATTAGTTATACGAACAGCTGTGCCAATATTTGGCACCACTAAACTTGGAAAACTTTGAATGAGAACTTGAGCCGGTGATCCCGGGGTTGCACTGACAGATACCGAAGGTGAACCTGTACCAACTAAATTTTTTGCCGATACCCGAAAATCATATGAATTATTGTTAGACAAATTAATTACAGTTGTGGCTGGTGTAGTACTTACGCCATCAGCAAAGGTTGCCCATGTTCCATCAACTGTCAGTTTATACTGCACAACATAATCTGTAATTGGTGAGCCACCATTAGAAACAGGAGCTGTCCAGGAAAGATCAACACTGCTGTCATCAATTGTAGCTGCAAGGTTTGTTGGTACGTCAGGAACACTGGCTGGAGTTACCGAATTACTTGTTCCCGAAGGGCTACTAGTTCCAATTGCATTAGTAGCAGTAGCTGTAAAAGTATATGTAACACCATTAGTTAACCCAGTGACCGTAAGTGGAGAAGATCCACTAGCTGTAAACCCACCCGGACTTGAAGTGACTGTATATGAAGTTATTGCAGAACCTCCGTCAAAAGCCGGAGCTGTCCAGGTAAGCGTAGCACTACTATCTCCAATGGCAGCGGCTAAATTTGTCGGAGCATCAGGGACAGTGGCCGGTGTCACTGAGTTACTGGCAAGCGAAGCACTACTAGTTCCAAGAGCATTTGTAGCGGTGACAGTGAATGTATAAGCTGTCCCATTAGTTAATCCAGTAATAGTGATTGGCGAAGCTCCTCCCGAAGCAGTAAGGCCGCCGGGACTTGAAGTGACAGTATATGAAGTTATAACTGAACCACCATTATTAACCGGTGGAGTGAAAGTGATTGTTGCTTCACCGTTTCCTCTTGTTGCTGTACCAATGGTTGGAGCATCTGGAACAGTGGCTGGAACAACCGAGTTACTAGTTCCAGATGAAGAACTTGTACCAACAGCGTTTGTTGCCGTAACCGTAAAGGTATATGTCGTTCCATTAGTTAATCCAGTAATAGTTAAAGGTGAAGCACCACCGGAAGCTGTAAATCCTCCTGGACTTGAAGTTACAGTATAGCTTGTTATAACCGAACCACCATTATTAACCGGTGGAGTGAAAGTGATTGTTGCTTCACCGTTTCCTCTTGTTGCTGTACCAATGGTTGGAGCATCTGGAACAGTGGCTGGAACAACCGAGTTACTAGTTCCAGATGAAGAACTTGTACCAACAGCGTTTGTTGCCGTAACCGTAAAGGTATATGTCGTTCCATTAGTTAATCCAGTAATAGTTAAAGGTGAAGCACCACCGGAAGCTGTAAATCCTCCTGGACTTGAAGTTACAGTATAGCTTGTTATAACCGAACCACCATTATTAACCGGTGGAGTGAAAGTGATTGTTGCTTCACCGTTTCCTCTTGTTGCTGTACCAATGGTTGGAGCATCTGGAACAGTGGCTGGAGTTGCTCCACCGCTGGCACTAGAAGCAATACTTGTACCAACAGCGTTTGTTGCCGTAACCGTAAAGGTATATGTTGTGCCATTAGTTAATCCCGTAACAGTAATTGGTGATGAACCGCCCGTTCCGGTAAAGCCACCGGGGCTTGAGGTTACGGTATAAGAAGTGATCGCTGAACCTCCATTATTAACTGGTGGAGTAAAGGTAACTATTGCCTGTCCGTTACCCCGAGTCGCCGTACCAATGGTTGGAGCATCGGGAACAGTAGCTGGTACTACTGAATTGCTGGTTGACGAAGCAATACCAGTACCAACAGCGTTTGTTGCAGTGACGGTAAAGGTATAAGTTGTTCCATTTGTTAGACCCGTAACAGTAATTGGTGATGAACCGCCTGTTCCGGTAAAGCCACCAGGGCTTGAGGTTACGGTATAAGAAGTAATTGCTGAACCTCCGTCACTGGACGGTGGGGTAAATGTAATTGTCGCTTCACCATTTCCTCGAACAGCAGAGACGTTTGTTGGGGCTCCTGGAATCGTTACTGGTGTGACTGAGTTACTAGCACTTGATGCCGAACCTGTACCAACAGCATTAGTGGCAGTCACGGTAAATGTATAAGCAGTACCATTAGTTAAACCTGTCACTGTTAATGGCGAAGAACCACCAGAAGCTGTAAAACCACCAGGACTTGAAGTCACAGTGTAAGAAGTAATTGCTGAACCTCCATCACTACCAGGAGCAGAGAATGTAATTGTTGCTTCGCCATTACCAGCAGTGGCAGTTCCAATTGTCGGAGCACCGGGTACAGTTGCTGGCACTATTGGATTACTGGCAGCTGAAGCAACACTAGT
CP065010.1_gap18	812656	816412	3756	TTTGAAAATTGAAACGTGGATATGTAGAAGTTTCTACAATATTCCATATAGGTAAAATAGTAAAATCCCATCCAGAGTAAGTTGCTTGTTGTTTCATTACTGATGTGATTGCACCTGTCATTCCGCCAGGGTCAGCACCATTTCCAACTCCATTATTTTTTCCGGATGTGGTAGTATCCCAATAATTTGATGAGTATGTTCCGCTCGTAGGATTACCAGTAAGACCTCCAACATATTGTAGAGCTGAAGAAGCTCCTGCTGCTCCCGAGCTACCAGCACTTCCTCCGGTTCCACCGGTACCAGCTGCTCCACCAGCACCACCGGTTGCACCTGATGTTTTTGTACCCGTTGGTACGCCAATAGAATACGTATTAGTAATTACTGCTGTAGCGTTAGCACCAAGAAGTCCCCCTGCAAAAGCACTCGCACCAGCACCACCAACACCACCGTTAGCACCATTGCCGTTTGCTCCAGCACTACCACCTCCAGCTGCTCCCCCATTTCCTCCGTCTCCACCATTTCCACCATTTCCCGGTGTACCAGCTGTTACTGTTACTGAACCTAGTGCATAGGCATTTGAAATTGTTCCTGTATTATCTCCCACTAAACCACCACCAGTAACCGCTCCACCGACTCCACCAACACCGCCAACAAAACCAACTGTACCGGCACCACCATTACCTGAACCGCCTGAACCACCAGCACCACCATTACCTCCCTTACCGCCAGTACCACCAGTTGCACCATTACCACCGGTCATTGTCACAGTACCTGATGCATAACTTGTATTGAATGAGCCGGTTGTTAAGTTTGATCCAATAAGACCACCCACAAAACTTGCTCCACCAGCTCCACCAGCTCCACCAGTAATACCAGCTCCACCAGCACCACCAGCAAGTGTTCCACCAGCTCCACCAGTTCCAGAGATCCCTCGAACCCCGGCAACTCCACCCGCACCACCAACTGTTGTAACATTTCCAGCTGACCAAGAATTTTGGATTAATCCAGCTGTAAAATTATACCCAGCTAAGCCTCCGGCGTGTAAAGCACCTCCGGCACCGGCTGCTGCCGTCGCACCTTGAGCACCACCATTACCACCAGTTCCCGAAGGACCACCATCGCCGCCGTTACCACCGTTACCACCATTTCCACCAACTCCACCGGCTGAACCAGTTACTGAAACATTTCCAACCGTATTAATTGTATTTATAGTTCCAATATTATAACCAACAAAACCTCCACCATATTTAATACCACCAACTGTTCCAGCACCACTAGCACCAGCAATTCCACCAGTACCACCAGTAAAAGTTGTTACACCATCACCACCATCTCCTCCATTACCACCAGCACCACCTGCACCACCGGCACCACCACTTAAAGTTAATGTTCCAGTTGTATATGAATCTTTAATAGTACGTGAAGTATTATTCCAACCAACAAAGCCTCCACCATAACCTATACCACCGGCTCCACCGGCAGTAGCCGCACCACCAGCTCCACCAACAGCTCCATTTCCTCCGCTTCCAGGAAAGCCATTTACACCACTACCACCTGCTCCACCTGTTCCACCGCTACCGACATTTCCTACCACATTAGTCGTTGAATAAGAATGCAATTGAATTGTTCCATTATTATAGCCAACAAACCCACCAGTATATAAAACACCACCAGCACCCGCAGCTCCGCCTGCTCCTCCAATACCTCCAACACCAATACTTCCAGGATTACCACCTGCTCCACCTGTTCCACCCGTTCCCCCATTACCACTTGTGCCAGTGACTGTGGTCCCCGTTGAGTAACTTGTATTAACTGTATTTGTTGTACTTATATTATTTCCAATAAGTCCACCAGAATAAGAAGCTCCGCCTGCTCCGGCAGCTCCACCAACACCACCAGCTCCACCAATATGATTTCCTGTTCCAGCAGAACCATCACCACCAACACCACCCGTTGCACCATTAGCACCATTACTCGCTAATGAAGTAACGTTTCCAGTTGCATAAGAATTTATAATAACTCCGGTGGCTGCATTATTTGCAGTTAAACCTCCAGCGTAGGAAGCTCCACCAGCAGCTCCTGCTCCACCAGCACCACCAGTTGCAGCAGTACCAGCTGAAATACTTCCGCTCACTCCCCCTGCTCCACCAACTCCCGGTGTACCCGTTGCTCCACTGTTAGAAATCACATTTCCAGTAGCATACGATGTACCTCCAATAATTCCTGTATTGGAAGCAACTAAACCACCGGCAAAAGATCCTCCACCAACACCGGTTGCACCACCAGCTCCTCCAACACCTCCGTTTGCACTTGAGCCTCCAGTACCCCCAACCACACCAGTTGCACCGTTACCACTGATTCCACCGTTTGCGGTAACATCTTTTGTCGAATAACTAGAGGTTGTAAACACACCACCGCTCATCTGTCCAGTAAGTCCACCGGCATAGGCTGCACCACCAACACCACCGGCTCCACCAGCACCCACTGTGCCTCCAGCTGCTCCAGATCCTCCAGAGCCAGGTTCGCCAGCACTTCTTCCAATACCTCCGGTTCCACCAGTAGCAACCACACTATTCCCGGTTGCATAAGAACCAAAAGATCTACTGCCTCCAGTAGTAACGCTAAAGTATCCTGCCAAACCTCCAGAGTTTGCTTCTCCACCTACTCCTCCAGTACCTCCGACACCGCCAGCTCCGCCAATTGAACTAGCAGCTCCATTAGCTCCATTTCCACCAATACTTCCGGTACTACCAGTACCGCCTGTACTCGTCACAGTTCCTGTTGCAAACGAACTTATGTTATCACTTAGTCCAGTCGTAACTCGGTTGTTTCCAACAAGACCTCCAGCATAAGCCGCACCTCCAGCCGCAGCTGCCACAGCACCTCCACCAGCTCCACCCGCAACTGTAGTTCGTGAGGCACCACCATTACCTGATGTTCCGGCAGTACCAGCATTACCACCATTGGCGGTTACATTTCCTGTTGCATAATCATGAATAAAATTACTCGTTCCTGTAGTGAAGTTACTAAGACCGACTAAACCTCCAGCGTTAGCTTCACCACCAACACCAGCCGCTCCTCCTAAGGCTCCAGCTGATCCAATATGAGTACTTGTGCCTGTTGATCCATCTCCTCCTGTTCCACCAGTTCCACCAATTCCTCCGGTTCCACCGGTCACTGTCACTGAACCAGTCGCATATGAATCTAATATTTGTAATAACTGAGTCGTACCAGTCATACGTCCAACAAGACCACCACCATAGGTAGGTGCTCCGGCACCTCCGGCACCTCCGGCACCACCAACCGCTGCTGTACCACTTGAAATTGTGCTTCCTGAGGTTCCTCCATTACCACCTGTTCCTCCGTTACCACCAGTACTTCCCGTTACAGCAATATTAACTGTAGAAAATGAAGTGCCTTGAATAGTTCCAAGATTATCACCAATCAATCCTCCAAAACTACGAACACCTCCGGCACCTCCGGCACCTCCTGTTGCTCCAATACCTCCATTAAATGCACCTATTCCTAAACCACCAGAACCTCCATTTCCTCCGTTACCAGCAGGCTGTTCATTTCCAGAAATAGTTAAAATTTCAGAATATGATGTTGTGAAGAGTCCCGTAACTGCACTATATCCTGCTACGCCTCCAACAAACGAACCTGTAGCTATACCACCAATACCACCAATTGCTCCAGCACCACCAGCTCCTCCAGTAGCTAGTGCAGATCCACCGTTTCCACCATTACCACCAGTAC
CP065010.1_gap19	855933	857696	1763	CCGACATTTGCTTTTGCTAAAAGAATCTGAACATCAATCAAACGTGCCTTGGCATTATTAATTAAGTATTCACTTTCACCATCACGATATAATCTGCGAGTTAAAACCAACTCAGAGTAATCAATAGCTGCCTTGCCATCACTGTTATTTAAAAACAAAGATACCTCAGCCATGCCAAGTTTACCTTTTTTATCTGATCCAGAAAAAATAACATCTTCGGATTTTTTACCCCGAAGTGTTTTCATACTTTGTTCTCCAAGTGCCCAGCGAACAGCATCAGCAATATTGGATTTGCCTGAACCGTTTGGACCAACGACAGCTGTTAGGCCACGGCGATCACCCTCAATTAAGCCTGGGAAAATAAGTGTATTTTTTGTCGCAAAGGATTTGAACCCCTGAATTTCCAGTTTTTCTAAATGCATAATCTTATCTTCTCAGTATACTGTATTTTTCCAAAAACCAAAAACAACCGCGGGGACGGTTGTTTAAGATTTATAAGAGTGTACTGATTATGCTGATTTTTTATATATTGAAGTTTTTTTAGCAACTCTAATAGGTCGATCTGATGATAGTCCCTTATCATATGGTTGTCTTGCACGCTTCCCATCATCATCTACCTCATAGCGCATTCCTGCTTTGTTAAAATAATTATCATCAGAAAAAGAATCGTCATCCTTTATGTCCGATATTTTTGGGTCATTAACATCATATTCATTATTACCATATTCTTCATATTCTCCGACATTCTCATATTCATTTCTATTACCAAGATATTCATCCTCTTCATCCTTCTTATCTTTTTTGCCATTATCAATATCTTCATCTTCTTCATCGTCTTCGTCTTTTTCTTCATCTTCAAACTCGTCTTGTAAAGGTCTATCATCAGGTATACCAGCTAATATATCATACGAGTTAGTAAATTTATTATTATCACTATTGTAAGGGTCATTAAGATCCTCATGTTCTTCTATATATTCATCGTAATGCTCTGTGCGCGTATCTTTGTTTAAATTTTTATTTATTTCTCTAGAACGAATTCGGCTTGAAGGCCAATCTAGAGAATTTCTTTCAATTCCCATATATTTTTTTGTTATGTTTATTAATTATTAATGTTATTAAAAAATAATTTTATAACTAACTTCTTTTAATGTATTATGCGACAAAACTACTTATCTAATTTTAGTAATTTACTTATATCAGTATACGCGCCATTAGACAGTGTATAACCGACAAGAGGTTTTTTGGTTACTCTTTCCTTTATTATTTCTCTAACACCTGAGAGCGTTTCTTGTTCTCTCTCCAATGTATTCTCCAACGACTTAATATTATATTTATCATTCAGACTTTCTTTTTTAAAATTTTCATTTAACATTTCTAGGTCATTAAATTTATTCTTAAGTTCAGAAATTTCTTTGTTAGCGTTTGCTAAACTTTCTTTATATACGTCACTTTCTTCAACTTTTTCCAAAGCATCTTTAGGAGTTAGATTTTTGGTTTTCAAAAGAAAATTCAATTCTGCCAGTTCGGAGGCGGTTTTCTCCAGTAGTATGTTTCTTTTTTGTATTTCTTCAGCATTCTCTATTAACTTAATTTTCTCAGCTACTACCTTTCCAAGAGGCGTTATGTACTGAACAAAAATCACTCCATCATCAAACTCAAAATCTTCTAATGTATCAATCGACTCTTTTGTTTGACAAATAACATCATCAATAACAATGTTTTTTTCTCCATTCCTTACCTTCGAAGCAATTACCGCTACTCTA
CP065010.1_gap20	884443	884964	521	TCAGACAACAAAGTATCATCATCACCTAAATAATTATCAGGAGCTTCTGCTGTTGCTTGATTATGCAAACGGGCACCAGCGACACCATCTTGAATCATGGCTTCATATTGTTCTTTAGTCACCATAATCTCTCTGGCCTTTGCACCATTTGATGGACCAATAATTCCTGACTCTTCAAGAATATCCAAAAGTCTGGCTGCGCGAGCATAGCCAATTGAAAGTCGGCGTTGTAAAAATGAAGCAGAAGCTTTTCCAGAATTAATAATTAATTCTTTAGCTTCTTGGAATAACTCATCGTCATCATCTGTTCCACCATCAATTCCAACTCCGGCAACACCCCGAACTTTTTGTCGTTCAACAATTTCTGTAATATAATTTGGCGAACCACTTTTTTCTTTTATATACGAAACCACACGCTTAATTTCTTGATCAGTAATCAAGGCACCTTGAATACGTTTTGGTTTTGTTAAAGCAACACTGGAAAAAAGCATATCTCCTCTACCTAATAATTTTTCAGCTCC
CP065010.1_gap21	906133	909610	3477	TGGAACAGGTGTAGGCTGGTCAGTTGAAAGCCAAAACGTACAACGATTTCCTCAAATTGAAATTCAAAACGGGAAAAAATTAAAACTCCATGTTGTGGCTGATAGTAAAGAAGGTTGGGCTAATGCCCTTGTCCTTGGAATGCGCACCTGGGCTGATGGGGCTGATATTGATTTTGATTTTTCAAATCTTCGTCCCGCCGGTGCACGATTGAAGACTATGGGAGGCAAAAGTTCCGGACCCGAGCCATTACAACGATTATTAGAATTTACACGACGAAAAATAATGAGTAGACAAGGTAAACGTCTACGAAATATTGATCTACACGATATTATCTGCATGATTGGTGACTGCGTAGTATCTGGTGGAGTACGTCGCAGTGCCATGATTTCATTATCAGATCTTGATGACCAAGATATTCGTGATGCGAAAAAAGGCCAATTCTATATTACTGAACCGCAACGATCTTTGGCTAATAATTCAGCCGTATATACTCATAAATCTTCTAGTGAAGAATTCTTGGAAGAGTGGATGGCGCTTGCAAAGTCTGGTTCTGGAGAACGAGGTATTTTTAATCGCGGATCTTTAGCAAAAACTCTTCCAAGTCGTCGTATAAAAGTTCTCAAAAAACACAAAGGCTATTTTGATATTTCAGGTACTACTATTATTGGTTTAATTGGAACTAATCCTTGTGGAGAAATTATTCTTCAATCAAAACAGTTCTGCAATTTATCCGAAGTTGTAGTCCGAACTGAAGATACTCGAGCAACGTTACTAAAAAAAATTCGTCTAGCAACTTTAATCGGAACTTACCAATCTTCTCTGACACATTTTCCATATTTATCAAAAGAATGGCAACAAAATTGTGAGGCTGAAAGATTACTAGGAGTTTCAATTACTGGTCAATGGGATTCTCCAATTATTCGACAAGAGGAAATTCTAAAAACTCTTAAGCAAGAAGCAATCCGATCAAATCGTCTATTTGCAAAACGCTTTAATATGAAAGCATCAACCTGTATTACCTGTGTTAAACCCTCAGGCACAGTTTCTCAATTAGTAGACTGTGCTTCGGGTATGCATCCTCGTCATGCGCCGTTTTATATTCGTCGCGTTAGAATTTCCGCCACTGATGCTTTATTCAAAATGCTTCGTGATCAAGGAGTTCCCTATCAACCAGAAATTGGTCAATCCGAAGAAACAGCCACAACATATGTTTTTAGTTTTCCAGTAAAATCACCAGCTGGATCAATTTATAAAAATAATCTTTCAGCGCTTGATCTACTAGAATATTGGAAAGTTGTAAAACTACACTATACAGAACATAACCCTTCAGTAACTATTTCTGTGGGTGAAGATGAATGGATTAGTGTAGCCAACTGGGTTTATGAAAATTGGGATATTGTTGGTGGTCTTTCATTTTTACCACGTTCCAATCACGTCTACCAATTAGCTCCGTATGAAGAAATTGACGAACAACGATATGAAACTATGAAGCAAAAATTTGTAGGCATTGATTTTGCGAAAATTGTCTCTTATGAAGCTGAGGATGAAACTGAAATGAAACGTGAACTTGCCTGTACAAGTGGCAGTTGTGAATTATGATAAAGTCTTTTTTTACTGGAAAAGGTGATGACGGAACAAGTGGTTTGTTTAAAATATCTCAGCGCCTTCCCAAAAATGACCCCATCTTTGATTTGCTAGGAACATTGGATGAACTTAACTCCTGGCTTGGTTTATGTAAGGCATACTGCCAAAATCTTAAGACCAAATATTCAGAACTGATCAAAAGTATACTTGAACAAACCCAAGAACATATTTTTATTATTCAAGCTGAAATTGCCGGGTCCAAGAAAGCATTAACCCACTCTGACCTTGAAACAATTGAAAGATTGATACACGAGATCGGTAAATCCCTAACTCCAGCACAAAGTTTTTTCCTGCCTGGTGGATGTGTTTTAAGTTCATATTTTGATATTACTCGAACAATTGCTCGACGATGCGAACGAATATTTATTAAAGCTCATGAAGGACATAATTTTAGTAATTACACTGTACTAACTGCCTACCTTAATCGATTATCTAGTCTTCTATATGTACTCGTCCGCTATATTAATCAAGCCGAAGATATTACGGAAAAATCACCGACCTACAATTCTTGATTTTAATTGTGATGCAACCTATAATTTCAATATATTGAAACTGCCTAAACTAATAATATGAAACCTGTTTTACCAAAAATCGCTTTTGAAACGAAATGCCAAAATATATAGAGTCCTCGCTAATGAAAAACGATTAGAGATTCTTAATAATATAAAACATCGTGAACTCTCAGTTGAGCAATTACTAAAAATTACCCGACTACCAAAAGCTAATCTCTCGCAACACTTAGCCTTACTTAGACATAGTCATCTTGTCCGAACTCGAAAAAAAGGCTTAAATGTTTTTTATACTATTATTGACGCAAATATCATTGAGCCGTGTGCTATTTTGCATCGTCTACGTCGAGAGAAAAAATTAATTTAAATTATTGAAAAAATTTTATATACAACAAGAGAGATAGTTTTACCTGAAACTATCTCTCTTAATTTTCTACTTATTTTCTGTTGATGCTTCTCGCAAATACAAATAAAAAGGAAATGCAAAGGCCAAGCCAAAAATAAAACTCCCAACAATTGGCACCCAAAAATATGTAAGGGGATTTTTCTTTTGCTGAATTAAAATATATATAATCAAAACAACCGCCGCTAGTAATGCATCAAGGGCAATCCCAGCAGCAATCTGGTTTACAAACATAGCTTGTCCCATTTTTACCAAGTCCATTCCGTTAACCATTGTCCAGGGCACAAACTGAGAGTAGGGCAAAATTATTCCTAAAAGTGCCAAAAAAAGATACAGATATTTCATATAGATAAAAATAAATTATTAGGTACATTAAATTAGGCTACTTCTTTCTTTGTTATCGTCATCCACCGATGTTTTCTCCAGGCAAATAAAGCCTTCATTCCAAGCCAAATAATTGGCGCCATAAGTCCGGTAGTAAGTTCAAGAGTTTCATCATAACGAGTACCTCCTTCTTCATCCTTGCTTAATACAACACGATGGTCCCAGAGTTTAATGGAAAAACCGGGTCCGCTATCAATAAGGACGGCTCCAGCGTCAGTCCAACTGGATTGTATAGAAAGCTCTTGCCAACCAAGGGGCAAAAAACCAAACAGAAACATATTCATACGATAATTACCACCATTCTGCCAACGCTCAGGAAACTCTGCCGGCTTAACTGCTTTAAAAACAACCAGTGGCCAAGCTACCCTCTGCATCATTGACGGAGCATTTAGTGCCTCAAAAACGCGCTCAATCTTCCAGGGTAGTAGTAGATTTGTTTTAAACATCATATAAGGAAGCAAAGATGAATTAGCTACTACATTTTTCTAAATAGCACTTTTGTATGTTACTAGAAAACGACGCATATCTTTAACTAA
CP065010.1_gap22	938351	938851	500	AAATATATAATTCCACTCTTCACTATAAATTTCAAATCTGATTCCACCCCTTCGTCATCTAGAGCACTAATTTTATTTACCTGATAAAGATAAGGAGACAAAATACTATTTCTCTTAGTGTAGTTTTTAAAGTCTTGTGCATAAGAAACAGTTAAATATCTGCAAATTTTGTCAAAGTACCTTATTGCTCCTCCTACCGCTGAGTTTATGTCTCTCTCCTTAATATCATATATCATAACGTACTCGGATTTGAGCCTAATAGGATCGACATACAACAAGGTTGAAGCATATGTTACATACTCATCATCCGAGAAAATGCTTTGTATTGGAGAGAATTTTTTTAGCCTTTGGTCTTCGAAAGAAATTTTCATGATTTCACAACCAAAAATTTTTCCAGGCGTAAGAACCTCTCCTATTATGAGAGCGTATATTCTATAATTTGGTTTTTCTAAACCAATCATATTTGCAATTATAGCATTAAAAGACCGAACACACGGCTC
