gap_id	start	end	length	sequence
CP065004.1_gap1	6366	9943	3577	TGACCCAAAATAGTTACGATCCCGAAGCGGTCTACGCGGAAGGAGTTCCGGCACTTGATACGGGAAGTATTCCTGAGTTTATCGCTGAGTTGCTGGAAAGAAAGGAACGGGTCCTGAGAGGAATAAACAGTGCAATACCGAACCTGCCTTCATATCAAAAAATTCAAAATCCGCACACATTGCTTATATCAACTGACCCACGACCAGCAAAAGTCAAATATCCGAACACATTCGGATTTCCGAATCAGGTTTTTGCACTGCGGGGACCGCGCATGTATCATCAGGACAGAGGTTTTCAGATCAATGAACCGGCAATAGCTGAAATCACACAACAGGCGCAGTATGCTGTAACTCATGCACTTGAACATGCACAACAGCCCGGTTCATCCTTTAGTACTCTGCGGAATATTTTTGTTGAAACCCGGCATCCGGACTCCAGCGAAGCCATCATTCAGTCTTTGCTCTCAAAACCGTGGATGCAGGATTTTCTGGCTTTGCCGCATGCTCAAATCCTTTCCGGCATCATCGATCAGGGAATATTGCAGGATTGTCAGAAAATTACTGTATAATTCTGTTACTTGTTTTTTCGCGTGCAATTATATATCATTTCACATATGACAATCACATTTATCGGCCATGGTTATGTCGGCCTTGTGACAGCCTGTGTCTTCGCCGACTTCGGAAATAATGTATGGGTTGTCGGGCGTACGCCTGACAAAATCGAGCGGTTGAAGAACGGAGATCCGCTTATTTATGAACCGGGCCTCGAAGAACTCCTCCAAAAGAACCTTGAAGCCGGCCGCATCCATTTTACGTTAGATTATGACAAAGCTATTCCCGAATCTGATGTTGTGTTTATTGCAGTGGGAACACCTCCTACATCTACCGGAGAAGCAGATCTTTCATCGGTCCTTGATGTCGCAACCAATATCGGGAAAAATCTGAAAAAAGGGTATACTGTTGTCTCATGCAAAAGTACCGTTCCTGTGGGAACGAATCTGAAAGTTGAAGAAATTCTGAACAAAGTCAAACCTGAAGGAGCCGAAGTCGACGTCGCATCCTGCCCTGAGTTTTTGCGGGAAGGAACCGCCATCAATGATACCGTGTATCCTGACCGGGTAGTAATCGGATCAAAATCTCAAAAAGCAGTTAAGAAACTCCTAGAAGTTCATAAACCTCTCCCCGGAGAACGTGTTATTACTGACTTGGCAAGTGCTGAGATAATCAAGTATGCATCAAACGCCATGCTCGCCACCAAAATCGCTTTTGCCAATCTGATTTCCCTGTATGCAGAGAAAACGGGAGGAGATATTGAAACCATCACAAAAGCAGTCGGCGCCGATAATCGTATCGGACACAAGTTCCTCAGTGCCGGGATCGGATACGGGGGTTCATGCTTCCCGAAAGACGTCATGGCCTTGAACGAAACAGGCAAACATCTGGAACTCGACACAGGACTGCTAGATGCCGTCGAACGGATAAACAGAACAGTACGGGATAATTTTATTCATAAAGTTAACGCAAATGTGAAAGGCAAGAAACTGGCGGCCTGGGGTCTGGCATTCAAGCCGAATACGGATGATATCCGTTTCGCTCCTGCTGTTTATATTATCGAAGATCTTTTGAAAATGGGATACGAGATTAGTGCTTTCGATCCGGCTGCCATGTCCAATGTACGGCGCACGGTCGGTGACAAAATCACATATGTTGATGACATGTACGAAGCGGTAGAAGGGGCAGATGCGCTGCTGATTTTTACTGAATGGAATGAGTTCAAACAGGCTAATCTGGAAAAAGTAAAGAAAGCACTCAGCGCTCCGCTTATTATTGACGGACGAAATCTCTATCAACCGCAGGAAATGAAAGATCGGGGATTTACTTATATTTCTACCGGAAGACAAGCAGTATGAATATTCTCATAACGGGAGGGTCGGGCTTTATCGGCTCTCATCTGACGAGACATTACACGAATGCAGGACATCATGTATGGGTTGTTGACAATCTCATTACCGGAAACAAAAACAATCTTGCCGGTATTTCTCCTGACCTTCTGACTTTTGTAGAGCAGGATGTCTCAACATATGACCTGAAAGATATACCTCACGTTGATATCGCCTTCAATTTGGCATCTCCCGCTTCACCAGTACAATACAAAAAACATCCGGTCGAAACAATGCTTGCCAACTCTCAGGGCAGTTATCATCTTCTGGAGTTTGCAAGAGCAGGAAAATGTGATCGCATAGTTCTGGCTTCAACATCGGAAGTATACGGAGATCCGCTCGAACACCCACAAAAAGAAACCTACTGGGGAAACGTAAATCCTGCAGGTGAACGGTCATGTTATGATGAAGCAAAACGCTATGCAGAAGCAATAACGATGACGTATCATATGAAATACGGGACACATGTCCGCATTGCCCGTATTTTCAATACGTACGGACCGAACATGGAACTTGATGATGGCCGCGTCGTTTCCAACTTTATCACTCAGGCCATTCAGGCAAAACCGATTACGATATATGGAGACGGATCTCAGACACGATCTTTTTGCTATGTTTCGGATCTTGTGCGGGGACTGGCAGCACTCGGCGAAACCGAAGGGATTGACGGCCAAACCATTAATCTGGGAAATCCGAATGAAAAGACCGTAAAGGAACTTGCCGAAATGATCAAAAGCATGGTACAAACAGGTTCAGAAATTGTCTATCATCCGATCGGTCAGGATGATCCGAAAAAGCGCAAACCGGATATTACCAAAGCACGTGAAATGCTGAACTGGCAACCTGAAATACATCTTGAAGAAGGGCTTACAAAAACTATTGAGTACTTCAGAAGTGCTCTTCACACAATATGAAAAAAGCAGTTATAGTTTTACCGACATACAACGAAGCACACAATATCACAAAGCTGATCAATCAGATTTTTGATATTGCTGAAGGGATCCCGAACTGGGAAATTCATATCGTAGTCGTTGACAGTGACTCTCCTGATCATACCGGCAAGATTGTCGAAGATTTATACAACTCCGATAAAAAGAAATATCGCAATCTTCACGTCATTCATACAAGAAAAGAAGGATTGGGAAAAGCCTATATTGAAGGCTTTCAGACAAGCCTTGAAAAATTAAAGCCGTATGTTCTTTTTGAGATGGATGCGGATTTGTCACACGATCCAAAGAAAATTCCTGAATTTTTGAAAGCAATTGAACGGGGTGCAGACTTTGTCATCGGATCCCGATACCGCCCCGGCGGATCTATTCCTGCCGATTGGGGGCTTCATCGGAAAGTATTTTCATTTTTTGCCAACTGGTTCATCAGGATCGGATATATGAAATTCCGTATTACTGACTGGACGACGGGATACCGTGCGATCAAAGCCTGGGTCTTACGTGATAATCTGGCAAAACTCGAAGGGTACACCGGATATGTTTTTCAGGTGGCGCTTCTTGATAACGCTATTCTTTCAAAAGCGCGGATTGGGGAAGTGCCGATCAATTTTAAGGACCGCAAAGAAGGCGTCTCAAAAATTAACTCGCTCGAATACATTATTCAGACATTTATATATGTCATTCAGCATT
CP065004.1_gap2	56617	60905	4288	CGTGGTTGACCATTGCCTGCGCAAGAAGAGTTGAGGATGTTGTTCCGTCTCCTGCAACGTCATTGGTTTTGGAAGCTGCTTCCTTGACCATCTGTGCTCCCATATTCTCAAAAGGATCTTCTAATTCAATATCTTTAGCAACGGTGACACCGTCATGAACGACCATCGGGCCGCCCCATTTTCGCTCAAGTGCGACATTGCGTCCGCGGGGACCAAGGGTTGTCACAACTGCTTTAGCGAGTTTGTTGACTCCGCCGACAAGTTTTTGTCGAGCATCATCTCCGAAAATAACTTGTTTTGCCATAAGTTAGTTTTAATTATTAATTAATAATGTCTGTATCAGGCAACAACTGCCATAATATTTTTCTGTTCTGTCAAGAGCCATTCTTCTTGGCCGACCTTGACTTCATCGCCGCCCCATTTTTTGTAAATGACTTTCTGTCCGACTTTCACATGCATCGGAAGGGTTTTCCCGTCATCATTCATTGTTCCGGGACCAATTGCCATAACTTCTCCCATTTGAGGTTTTTCTTTGACGGTATCCGGGAGCACGATACCTGATGCTGTCACCTCTTCACGCTCCAGAGGCTTGATCAAGACATAATCAAACATCGGTTTGATATTTGTTTTAGCTGCCATAAATCTGTTATAGTTAACTTATAAATAGTAATTACCTGTTTACTCAAGACATATATATTTATAACGAAGTAGTAAGAATTTGTCAAGTGGATTAGTTGTCTGCTAATTTTATGGATAACCAAGCGGCTTTATCGGAAATAACAAAGCTAAAAACAAAATTGCAATCTGTACAGCTTCCTGCTAATTTGCAGCAGAAGGCACTTGAACAGATAGAACGCATCAATCTTTCACTGAAATTCGGAGGAAATCTCGCCCATCTTGATATTATCGAAAAATACATTGATTGGATTACTGCATTGCCCTGGTATGCCGAAACAAAAGATGTTGTTGATATCGCAAAGGCAAAAGCCAGTCTTGATAAAAACCATTACGGCCTGGATCGGGTGAAACTCAGGATCCTTGAGTATCTCTCCATTTATAAACTTCAGAAGGAAAAGCTGAACGCAAGTACTATTCATACACGACCACTTTTTTTTGTGGGTTTGGCCGGTACCGGAAAAACTACATTCGCCATCTCTATCGCCGAAGCACTCGGCAGACGACTTGTCCGTATTCCTTTCGGCGGACTTGCATCGGCTCGGGATCTGAGAGGACAATCCAAAATATCTCCCGAATCGGAACCCGGGAAAATTATTGAGTCTCTCCGGGAAGTACAGGTGAGAAATCCCGTCATACTTTTGGATGAGCTGGACCGTATCACACCGGATGCCCGGGCTGAAGTGATGGGAGTTCTGCTTGAACTTCTTGACCCGAATCAGAATCAGCATTTTGTCGATTACTTTTTGGATTTTCCTTTTGACCTGTCAAATGTCCTGTTTGTCGCAACTGCCAATAACACAAACAATATTGCCCCTCCTGTACTCGACCGTCTTGAACTGATCCAGATGCCTTCATACACCGACGATGAAAAAATTGAAATCGGCAAAACGTATATCTTACCAAAGTATATGAAAGCGGCCGGAGTAGAACCAAATCAGCTGACGATTGACGATGCGCTTTGGCCCGATATTGTCAGACCGCTTGGATTTGAACCCGGAATCCGAAGTTTGGAAAGATTAATTGAAACAATAGTCCGCAAAGTAGCCTACAAACTTGTTTCAGGTGAAGGAAACAATTTCTACATCAACGCAAATAATATACGGGAGTTCAAGTAAAATCGTCTGACCACCTTAAAACGATTTTATCCAGGATACTGACCCGGGATCCAAAGATATTATTTGCAAAATTCTTCAAGCTCCGCAAAGGATATTCCTCTATTTGAAATCGGAAGTTCTACTTTTTCCCGCTCTATCGGTACAAGACACCGTGTCAGTAATTTTTGATTGAGATTCCGGTCATGAAGCGCCGGTCCGTAATTCACCATACAGACATCAAATTCTTTCCCACCGACTTCAATAATTGTTGAGCCGCTTCTCAAGGTATCAACCTTCCGAAGATCGGGCTTACAAACACCGGTGTCAAGTGTGACGAGCGAATCAGTAACTTGAATTGAACGTCCTGCAGATACATCCGGTTTTGCTTTTGGCCGGTCGGAACTGTACATGTTGTAGGCTATTGATGAAATGATCACAAGCAAAATAAGCACTCCGATTATTATTTTGGTCTTTTTTGACATGTTCATGATTTTTTCTTTTCAAATTTTTTTACCAGATCTAAAAGTAGCGGAAATTCTGTATATCCTGCTTGTGTATTCAGATGTCCTCCTTTTACGATGATTTCTGGTGTAACATCAAGAAATGTTGCCAGCTTCCCCAACGTTTCCTGGGGAACATACGGATCATCATCACCGTACAAAACAAACGCTTTTGCAAGTTGATTATTAACGGCAGTAAAATCCAGTTCTTTCTGCCTCATAAAATACCCGTTCAGTTCTGAGCCGTAATCTTCGGCAAAACCCGATACGGAAATCAGGCCATGCACTTTATTATCTGACTGTTCAATAAAGTCCAGCGCAGTGACTACACCGAGTGAATGGCCAATCATAAGCAGATTGCCTGAAGGCACTCCTTCAAGAAAATCTTTGACATTGCCGAGCCACTCAAACCGGTCCGGATGAGCAGGATTGGGAAGTTCAGGCATATGTACCGTATGTTTCCTCTCTTCAAGCTCGTGTGCGAGCCAGCGTTCCCAGTGATCGCCTGCATGTGACTCTATTCCGTGTAGGATGATGACGTGCATAGCCCATTATACAAAGATTTACCCCATAAAAAAACCCTCCTTTTCCCGATGTATATCGGGATCCGGAAGGGTTTAGTTTTGTTATTATTCGTTGTTGAAGTCACGCTGTGGTCTTTCCTCACGAGGTCGTGCTTTGTTGACGACGATATTTCTACCTTCGACTTCCTTACCATGCATTTCCTGTGCGGCTGCATCAGCTGCTTCCGGTGTTGTAAATGTTACAAAACCAAAGCCCTTTGAGCGACCGGTGCGTCTTTCCTCGATAACGATTGCTTCGACGATTTCGCCGAATTGTGCAAAAAGGTCACGAAGCTGATCGTTTTTTATTGACCAAGGAAGATTTCCTACGAAAATTTTGTTGTTTTGATCCATGTGCTATATCACCACCTTTCGTCTATTCTACTTGCAAAGAAGTATTCTATTGAATAAAAGTATTTGATTTTGATCGCAGTTGTAACTTTTCTAAACTGAAGATCTAACGGTATATAGTATACCACAAATCTCTTAATAATATTCATAATATGTATTTTTTCATTCAAGTGAACTGCTGAGCATCCAGATATGCTTTTCATGCGTCTGGAGTCTCCCGATAGCAAGATCCATGGTGGGATCATCTTTTGCTTCCTGGGCAACTTCAATAAGTTTTTTGGCTGTTTTCGTAAGTTTCATATGATCATTTTTCAGTGAAACGAGCATTTCTTTACTTTCCTTTTTGACATCTTCCGAGTCAATCTCGGATAATGACCGGAATTCGTCAAAAGTACCCGGAGATTTGACTCCAATAGCCCGAAGTCTCTCGGCAATTTCATCAACTGCCGTAAACAGATCTTCGTACTGAGTTTGAAACATCTCATGAAGTGCATGAAAATGAATTCCCGTCACATTCCAGTGATAATTTTGGGTCTTCAGCATCAGGATATAGGAGTCTGCAAGAAGGTTTTTAAGCGGTTGAGCGAGTTCGGTAGTAGCCATACTATTTCGATAAATTCATTAACTATCTATCTAATAGTATAAAACAATTGTAAGGAATCCGTGAGAAAGAAATGAACCTCGCATCATATAAGTATTTTCTGTATCATAGTAGTATGAACAAGAAGAAAACGAATGCCAGACATCTGAAGCATCCTTTTCATGTCTCCTTTTTAACGTTGTTCCCCATTCTTTTGCTTACCACGATATTGCTTTTCGGTACGGCACTTTGGAAGGCTACAACTGATCTTAAAATCATCGGACGCGGTTTAAGAACCGATATTCAGGAGCCTCAGATTCGTGATCAACTTGTGATGTATCGGGTACAGCAGGATGACACTTTGGAAAGTATTGCCGAAACGTTTGAAATAACGGTAGATACAATAAAATGGGCAAATACAATACCTGAAACCGGGATAGCGGTAAATATGATCCTGAGTATCCCTCCCGTATCAGGTGTAATACATGAGGTAGAAAGCGGTGAAACCACGGAGGAAATTGC
CP065004.1_gap3	69284	72566	3282	TACCTTTCTCTCCTACAAGTCGTGCAAAAATGAGGGTATAGTATCCGATATTTGCTCCGATATCCAAGACAACATCACCTCTTTTAATTTCTTTTTGTACAATTTCCGTTTCAAATTCCTCATAACTGCCGTTCAGGGAAAGACCGAGAGTGTCGTTTTTGTCAAGAAACATCTTGTGCCCGTGGATAAGAGCAACATCGGATTTTAAATGATTAAGAAGTAGATTAACAGGATACAAACCCCCGATGCCGGTACCCCGTAGAAGTGGGATTAGAGAGCGATATATAGCTATAAGGATGTGCTTCATTACGTTAGATACGAGTATCGTAGAATTTTGCCCGAAAGCTAAAACACACCCTTACGATAAGTATCGTATGTTTCAGTATATAGATATTTATGTGAAAAACAGACGAAGATTAAAAACGCACTGAATGCTATTATTAACATATGATGGGTCAGAAAAAATATATTACTCTAATTATCTCTCTTCTACTGATTATCATTCCGTTCATAGTATTACCTCTGTTCCCCAGACGTGACGACCTGAGAGGTATCGATATTTTCGCATTTATCTCCATAGTAACGGGTTTTTTGACCTTTTCGGTTCTTGCGGTATCACTCATAATCGGGTACTTCACCAGACAAAAGCTATCTTTGAAAAAGACTGCAGCGATTTTTCTTCTCACGGTACTAATCGAAATAGTAGTTTTACCTTTTGTACCATCGATAACGCAGTTTTTTCTTCATTCTGTCGGAATATATTTGGTCGAAGGACTGGATGATAAAATTTTTGGAGTTTACACAACAATTACCGACAGTATATTAGCAGGCATACTGTATACCGTTGCAGGATATTTTATCTATTTTACTTCACCGCAAAAAAATATAAAAGCTTCCCTATTCCTCGGATTACTACGAATGGTTGTGCCGATACTATTCGCACTCCCCTTTCTTGCAGCTGAATAAGTTACGAAACTGGGTTTCGCCCGACTATTCGCGGCCCGAACAGAATGGCAATCAGAACCAGCCCCCACACTCTTCCCTGAAGGATATTGTAATCTGCGAAAAGTTTTTCCCACGGATGACCGATCACATAATGCCCGAAAACAAACTCGAATATGATTGTCGCAAGAAGCAGTTGCAAACCTATCTTCAATAACGCTCGAGCGTCATCAACGACCAATATTTTTCTGAAGAAGAAATACATCACACCGAACATCACAAGGACATATGAGACAGTGCTGATAACATGTGCTAGATAATCACCTACCAACGGCTTATATCCGAACTCACGGACCGTACCGTTCAGGATGGCAAGAACGGCAAGAATCACCCATAGCAGAATAATCTTAATTGTCTTGTTCATTTTCTGTACTTACCGGATACGGTAATGTAAATAAACTCTGATCCGTTGGCTCGGTATCCAATGAAGTAATGGTATAGGTGCTTGTGACCAAATCTGCTTCATCATCAGGTTTACGACTGGAAGTACGTGCTACTATTTTTGCAAGCTTTCCGTCTTGCACATAGTGTTTTACATCCTTCAAATAAAACTGCTGTTCCGCGTTCTCAATATCCCAAAGCTTATCCAGATCATACATTGTGACGTCATACCCTTCTTCTTTGGAGACTTCCTTTGAGAGATATTCTTTCGGCGTGAGAAATATTGCGTGATGCATAGCAGGCGGCATATATGAGATTTTCGAGGACTCATTATCAACCTGTGCATGATACATTTGCTTTCCGTCAGGACTGATCATATGAAGCCTGGGAGTTCCGTCTTCGTTATACCAGGTGATTCTGTATTTATCACCGTCGAACCAGAACTCTCCCGTACTCTCTGCACCAATCCCGCTTTTAAATTGATACGTGCCGTGCATTACTGTTTGCTGTTTTTCTGATTTTTTATCTGACGTAGTTTCAGATTTCGATTTTGGGAATATAAAAATCACAACAATTCCAATAAGAAAGAGAAGAAGTAATAATATAAGCCAGAGATACTTTCGTTTTGGTGATTTTTGTTCAACAGTTACCTGAGACATAGGCGGATATGGAATTATTAAGTAAAGAAACTAACTTTAATATACGCCTTGTGACAACTGAATTCAATATGAAGATGTGATGTAGGAAATGCGGAGAGGGCGAGATTTCCCACGTCGCTTTCGCTCCTCTGGATAAACTTCTCATCTCGCCATTCTTCGCCAACCCCAGTGCTTTCAGCACTGAACTTGCCGAAATGCGGAGAGGGCGAGATTCGAACTCGCGGTCCCTTGCGGGACATCGGTTTTCAAGACCGACGCACTAGGCCACTATGCGACCTCTCCTGTACTAGCTGTTAGCGATTAGACGTTAGCTATTAGATTTTACTTTGTTAATTAAACCGTTCAATAATTTACCAACTTCGTTTATTTGATCTTCAATTTTACTATTCTCCTTTTTAAATAGAAAGCCTGCTATCTTTAAACAACCTAAAGTTTCGAACAATGATTTTCTTGCAATATACAAATATCTCTTAAACTCTTTATCATTCTGAGACCCGGAGCCTTCAGCAATATTTAAGGGAACGGAAGTGACGGATCTTCTTATCTGATCTTTTAAACTATGATCATTAATACTCTCGGAAAACAGGTATACATTCCTTACCAATTCAAGAGATTTTTGCCACACGATCAGTTTTTCAAATTTGTACATCTCTATAGCTAATTGCTAAAAGCTAATAGCTAAAACATGAGGCGCGGAGGGGAATCGAACCCCTGCGTGGGAGTTTTGCAGACTCCAGTGTTTCCACTTCACCACCGCGCCGATGGTGACTTATATTGTACCTTTACGTATTGTACAATACAACTATGTCAAAAGTCACTGTAAAAGCCCCCGCAAACATTGCCTTTATCAAGTACTGGGGAAACACTGAAGACAACCTTCCCCTGAACTCCAGTATCTCCATGACACTTGACGCCTGTCAGACTACGACGACAGTCGAGCTTACCGAAGAAAGATACGACATGATAGAGATAGCCTCGGAAAAAGGGAAATTTGAGGAACTGAAGAGGACATCGATAAAAGGTCTCAAAGCCTATGAACAAATCGAAAGAATCCGCAATTTGGCAGGAAAAACAGATCATGTTCATGTCAAATCCATAAACTCTTTTCCTTCAAGCGCAGGAATTGCATCGTCAGCGTCGGGATTTTGTGCATTGACTGCTGCATTGCTCCTTGTATACGGATTACAATCACAGTTTGATGATAAAAAAGAGCTTTCCAAACTTGTCCGCCTGAGCGGTT
CP065004.1_gap4	93281	96586	3305	TTTCAATATTCCGTTGTACATCGCCTGGGAATCAGGTTGGTTTATCATCCCTCTTAGCATTGCCGGACTATTCCTTCTTTTCCGAAAAGAAAAGCTTACTGCTTTATATCTTTCCGTTTTTATCTTTGTGCCGTATATTGCAATTGCTCTGTTTGCCCGGGTACTTTTTCCGAGATACGTACTGTTTTACAGTACTCTGATCATTATTACGGCAGTGTACTTTTTTTTGAATATCAAATCAGTCAAACTGAGAAACGTCACACTGGGAGTACTTCTGTTTAGTATGATGCTTTTCAGTTACCCGTTTCTTTTTGATCCTGCAAAAGCCAGTTTCCCTCCTGTTGATCGCGGACAGTATGTTGAGGGTCTGACATCGGTATGGGGTGCCGAAAACCTGATGGGAACCGTTCAGGAAAACGCTCAAAACAGACAGACACTCGTCCTTGCCGAAGGAGATTTCGGACTGGTAGCGGATGTACTCAGAGTATATGATCAGCCTGATGATAATGTTGAGATTAAAGGTCTTTGGCCGCTGACTGAAGAAAGTCTCTACGAGTATCAGCCTGAACTTTCTAAAAGAGATGTGTATGTGGTGTTTTCTCATCAACAGGAATTCCCAGATCAATGGCCGATCGAGCTTGTGGCAAAATATGACAAGCCGGGAAACAAAAAATCACTGTATCTTTTTAAGCTGTTGAAGGTATCTGATGAACCGTCACCATAATCCCATGCTGTCTTCTATTTTGAAAAAATACGGATTGATTGTCATTTGTGCCGTACTTGTCTTTCTTTTCGGCCGGAGCCTTAATCCCTTCGACAACAATACATTTCTCGGTCATGACGAAACTCAACCTGCCCGGATTATCGAATTTGCATTTGATATCCGAAACGGTCATATCCCTCCTCGAATCTCTCCTCATATGTCTTTCGGAATGGGATATCCCATTTTTAATTATTATGCACCGACAGCGTATTGGATTACTTCTTCGCTTTTGCTTGCCGGCCTGGATGTGACGGCGTCGCTTGAAGTTTCGTATCTTGCAGCATTTCTTCTGGCCTTTATCGGAATGTATTTATTTCTTAAGAAATATTTCAATGAAGTTCCGGCGCTTATCGGAGGCTTGGCTTATGTTTCTTCTCCTTTCATTGCGGTAGATATTTTTATCAGGGGAAATCTTGCTGAAATGTGGTTTTTTGCGCTGTTCCCGTTTGGATTATGGATACTGACTGTTGTTTCAAAACGCAGTATCGGTATTGCAGCCGTTATTCTGGCATTCGTCTTTACATCACATAATATTTTTTCCCTTGTTTCCGTACCGCTTCTGATTCTTTTTGCGCTTATTCAAAAGAATAGAATATGGGGTGCTCTCTCCATCGCTTTGGGACTTCTTTTGAGCAGTTACTTTTTGATCCCGGCATTGTCTGAGCTGAAACTGGTGCAGGCCTCGGATATTGCCACCATCACACAGTATCAGAATCATTTCCTATGCCCCTATCAGGTCTGGTATTCACAGTGGGGATTCGGAGGATCATCCGTCGGATGCATCAATGACGGGATGTCTTTTATGCTCGGGAAAATCCAGATTCTCGCCGGACTTGCGGGACTGGGATACTTTTTCTATCAGCTGAAAAAAACAAAGAAATCTTTTTCATGGCTGACTGTCGGTATGGCGGGACTGTTACTCGGAAGTTTTTTTATGACGACAGCATACTCGCTGTTTCTGTGGAAAGCCTTTGAGCCGATACTTTCCGTATTTCAGTTTCCCTGGAGATTTCTCCTGTTTGTCATTTTCGGACTTGCCTTTTTCACTGCGTATCTTCTCGATACCATCCCGAAAAAATGGAAATTGCTTGCAGCCGTTATGATTTCCATCGGTATTTTTTATCTCAATCCGAAGTTTTTTACGGGGAATATGAGGAGTGTTCAGACCGTGATAAATACTTTTGCTTCAGACTCATATATTTTCAACACCTCCGCTTTTAAAGTAGCAGAATACCTGCCGATAACGGCAGATTATGAATATTGGCGAACTCTGGAAGGGAAAAAGGCCGAAACGACCGGACCGATTGCTCTGCAGCCCGAACAGGAAGTGCAAGTACTGAGAAATGAACCGTTTGAAAAAATTGCAGTCGTCCGAAGTCAGCACGATGTGGCTTTAAATATCCATTATGCCCCTTACTGGATTATTTCCCGAGAAGGAAAGCAAATCATCCCGACGACATTTGACAAACTCGGTCGCCCGATCATCGATGTTTCAAGTGCAGAATTCGAAACGATCACGATCAGATATCAGGAAACGATGATCGAGCATGTCGCAAACGGAATTACGGCCGTAGGAGGTATAATAATACTTATCTATTCATACATCCAAATTCGATGGCACAGGAAGAAAATATAAAAAAAAATTCGATCATCAGTCTTTTGAGTCTTTTTTTTCACAGCGGATATGCCGCGGTTCTCGGTTTGATTGCGAATCTGATCCTGACAATTGTACTGTCGCCGAAGATTTATGGGATCTATGTATTAACCCTTGCCGTTATTCCCTTTCTGAACTTCTTTTCTGATATCGGTCTTGCCGCCGCACTTGTCCAGAAAAAGGAAGTCACTGACGACGATATCAAAACGACATTTACTATACAACAAACGCTTGTCATTACAATCCTGTCGATAGCTTTCTTCCTTACGCCGTTCATCCGCAGTTTCTACAACCTTCCTGTTGAAGCGACACATTTATACTGGGCTGTACTGTTTGCTTTTTTCCTCTCATCATTGAAAACAATTCCCTCTATCAAACTCGAAAGAAGTATTCAGTTTCAGAAAATCGTCCTCGTACAGATTGTCGAAAGTACGATTTTTTACGTTACGGTGTCGGTACTGGCACTGATGAACTTCGGATTGCAGACATTTACCATAGCCGTACTTGTCCGATCACTCACCGGAACACTTCTCATGTATTACCTTTCATTCTGGTTTCCCCGCATCGGCGTATCAAAAGAAAGTCTCAAACGACTTCTCTCTTTCGGTGTACCGTTTCAGACCAATGTATTTTTGGCTCTCATCAAAGATGATCTCATTTTGTTTTATCTCGGAAAAGTAGTCGGACTTGAAGGACTGGCATATATCGGATGGGCAAAACGCTGGGCAGAATCTCCGATCCGAATTATCATGGACAATGTGTCACGCATTCTCTTCCCGATTTTCGCAAAAATCCAAACGGAAAAGGAACGGATCGGCGGACTTATCGAAAAAGTGCTTCGATATCAAACACTTATTCTCGCTCCAGTTTTTGTCGGAATGGCACTCC
CP065004.1_gap5	97993	100610	2617	AAACTCACGGCATTTGCTGCTTTCTTGACTCTCCTCGTGCCGTTCTATTCTGTTCAAGCCACCTCTGAGGATGTAGCGCAGGTACTTTTTATTAGTCAGGTCCGGGGAGAAGAATGCTGCGGAACCGGATCAATCGATGCATTGTCGGCGCAAGTCAAGGCTTTTGAACAAAATAATGTCCCCGGCTATTTTGTCCTTCGATATGATGCACTTCAAAACAAAGAATATATTGACTTTCTGAAAAAAACTACTGCAAAAGACCCTGATCTCATCAGACTCGGATTGCTTCTTGAAGTGACTCCCGGGCTTGCAGAGGATGCAGGAGTTGACTATTCAGCGCCGAAAGACAATTGGTATGAAGCTCCGTTCGTTTACAGCATCGGATACACAGACGAAGAGAATAAAAAAATGATGGACCATCTTTTCAAAAAATTTCATCAGTCATTCGGGTATTATCCTGAAGTCACGTCATCATGGATGATCAAAACTGAGACTCTTCAATACATTCATGAAACCTATGACGTACTTGTCCATCAAATCACAAAAGAACAATTCGGCACGGATAGTTATACACTCTATGGCGGACCTGCACATTATCCGTATCCCTCATCCCGCAATTGGGCTTTTATCCCGGATTTTACTGACCAATCCGCCCCTGTCATTGTCAGGCAGACCGTGACTGACCCTCTTTTCAACTACGGGAACTTATCTGCCTACACTTCACAACCTAATGATTATGCAGCCGACGGAAAATCTTTACAGTACTTCAAAGCACTGATCAATCAGGCATTGTTCGAGCAGAAACAGCCGGGCTTTGTACTTCTCGGCTTGGAAACTTCCATGGAGGAAAAGCATCAACAGGAGTTTATTAACCAGATCAAATACGTCGGTGAACTGCGGAACAATAAACAGATTGTGTTCCCCAATGCACAGGAACTTGCTTCGTATTGGAAACAACAGCACTATACGGTATATCAGGGAAAGGATCTGATCGAAAAAGATACTGATTCAGCCTACTGGATAACTGCACCGGGATATCGAATGAGAATATTGCGCTCAAATAACGATCTGTATATTACGGATGTAAGGTACTATGATCTTGAATACAATGATCCGTATACTTCAGCTACGGCAAAAAAAGATGGTTTTTGGGTAGTTCCATATCTGATTGACGGATCAGAAACTGATTCGAAAAGTACAAAAGTGGCATATGCCCGCCGGAATGATACCGAAAAGCCAGCGTCATATCTCCGATTGCCCTCTATTGATCGACAGACTGAACCGACTTTTTCCCGTGATACGAACGGGATCACCCTTGCTTACACGGATGTTGCCGGCAGACAACGGACTATACTCTTTCTTGAAAGAACAATTCAACTTCCGTCATTTTCATCAAATGAAATCACGGCCGTAAATACCCGTTCATCTGAGTATCCCGTTTTGCTTTCCACCGGAAATGAAGGGTTTACCCTTTCCTGGAGTACAGCAGACAAACCCTTTCTGTCATTGAGAAATCATTGTACTGACGGCGGATGCACTATCTCATTTTCTTCCGATGCATCACTCCTTGATACAGCCCGTCAGGAGAATTTTATTCACTTGTTCCCTGAACCTGAGTACCGGACACTCAGTACCGCCAAAACTGATATTTATTTCAGCAATCAGTTTGCCGTTGCAAAACGAAACCCTGTCCGTCTGGTAATTGATCCCAAAGATAAAAACGGTTTTCCGACACAATTACCGATCAAACAAATTCATATTAAACATGAAAATGATGTCTCATACTCTCTATTGACTCACAACAACCTATACTTCATTGATTTTAAAAGCGAAATACCTCAGCAGGATAGAATTAGTCTTAGTATTTCGGACAACATCACATTTGAAAATAGTATATATTTCGCACCAAACTGCAAAGACACACTGGGTGCCTGTATCCGAAATCCAGTGCACGGCATGTGGTATTTACGGTCATACATAGGAGACAAAATGCGTATAATGAGTGATAAGATACAGGAAGTATTTAAACCGAACTAATATATGAAAAAATACGGACCTTTCGTTGCTCTGGTAGTGATTATCCTCGGAGCTTTTGTTCTTCACACGTATAAATTAAGCAGTGTTCCTCCTCTTGATATTGATGAATACGGTATTGCTTACGACGCATACAGTATCGCAACAACCGGACACGATAGCTGGGGAGTGCAAATGCCGGTTTTTTTCCGGGCATTCGGAGATTACAAACTTCCTCTTGATATATATCTTTCCGCTTTCTTTTTTAAAGTCTTTGAGCCGTCAGTATTTTGGCTGCGGTTTCCGGCAGTGCTTTTTGCGCTTTTGTACATACCGACCATGTACGTACTGCTGAAAACGCTAACAAAATGCAACGAATGGGCTTTCATCGGAGCTTCACTAATTGCAATTCTTCCCTATAACTTATTTTATTCTCATATCATCTCGGCAAGCATCAGCGCGTCATATCTTATTTTTGCATCACTGACATTTTTTATTCTTGCACTTCAATCAAAACATACCTTGAGAAATATTGTTATTTCAACAGTACTACTTTCGCTTTCTCTGTATGCGTATCCTCTGAGCTGGATTATTGGTCCTTTGT
CP065004.1_gap6	170479	173783	3304	GTAATTACGGGTCTTATCAATCAGCAGGAAGTCAGCGGATTCGTATTTGAGGGCAGCTGGTACGATGTAGGTAATCCCGAAAACTACGAAAAGGCAATAAAAGAGTATAAAAGAAAGTAATCCTTCTTTACAGTATTCCGTCTCCGACACCGAAAATAAATCCGAGAATCCGGGCGATAAGATATGACAACATCAAAAGGACAAAACCTATTATCCCTGCGGTCATCTTGGCTTTCCCGCTATTTACTTTGTCTGCATCGCCTCTTGACATCAAAAAGTCATACCCGCCCCAGATCAGTACAAGAAGAAGAATAACGGCCGCAAAAGGATAGAGAAAGTTAGTCATAACAGTTACCAGATCCGTGAGAGACGTAATTCCTTCCAGCGGACCTTTAATGGTTACGGCTTTACCGTTTTCAGGTTGTATAACCAATCCTTGGGCGAGAGTGTTTGTCATATTTTCTTGGAAATCATTAACACTGTCTGCAACAAAAATAGTATAAGGGCATGTATCCCCAATGATATCAGCAGATAGATATTAATAGCATACACAAAAGCGGAGGTAGCTTCAAGAAGCATGTCCCACTGGACAACTCGTGAAAAGTCAATCTGAAAAATGTATATAATTCCGGCTGCAACAATAGCTACAGGAATGAGATATACAATATCAATTAAATCCTGTTTCGAGGAAAACATTGTGGTAGAAAGAATAAATACGAGCCATCCGACGGTTATTTTCAAAAAGATATTGGAAGATTCAAATATTTGCAGACTAAAAAGCCACCAAAAAAGTAGTAACCCGACAATAACAGGAGCAATTCCTACAAGGACGCTTCTGACAACATCTTTTTTTTCATAATAAACACTTCCGAGTTTGAGATACCTTCCTTCCCACTGCGGGAATACATGTATATCACGCACTTTCAACAAAAGAATTACGGCCATCACGAAATGTGAAAGTTCGTGTATGACTGTTCCGGGAAAGAATATGAAAGCGATCAGACTGTAGACAATCTTTTCATGATCAAAAATGAGCCGTAATACCTGAAACAATCGGGTGATACTGAGTCGGGAAACAAAAAAAAGGACTATGAGTTGAAGAATAAATAACCCGACTAAAATAAGTTCCATGACTTAAAGAATTTGCCGTGCAAGCAAATACGCAATGAGACCTAAAACAATAACGGTTAAAATACCGATAACTATAAAGAGTGTATTACTCAGTCCTTTCGTTTCAAATCGACGTTCAAATTCATCGACATTGAGAGGTGTATAGTTAGCAGTCATACGGTAATCGGTTATGCCGTCTGCTGTTTTGCAGTACCATCAGCTGTCTGATCGGAAGCGGAACTCTGCTGCGGCGGTACCTCAGCTCCTGGCGCACTGTCAACAATTTGTGGTTTGATCGGTTCGAGCCCGTTCATTTTCCCGTTTGTCTGCTCTTTTTTGGGCGGTGCGGGAGGTACATCCATCGCCTTGTTCTCTGGTTTCTTTTCGGCAACAGCTTCAGATTTTTCCTGAGGTACTTCATCCTTCACTTCCTGGACTTCTATTGAGGCACACTTGGAACATATTGTTGTGGCAGTCGGAATGACGTCTGTTTCAAACTTATTGGCACATTTTTCACAGAAAAACTTGGCATGTCTCATCTTCTGACCGTCCTGGACATCTTCATCTTTGACTTCTTTCAGCTCAATTTTTTCAACATTGAAAATAAATTCATCACCGTCAAAGTCTACAATAAGAGTATCACCGGCTTTCACTTTTTGAGCAATAATAAGCTCAGAAATCGGATTTTCAACCAGTTTCTGAATGGCGCGTCTTAATGGTCGTGCACCGAATACAGGATCAAATCCTTCGCGTACGATTGCTTTCTTTGCTGCATCCGTGACTGAGAAACCAATCTCCTGCTCTTCGAGGAGCTTTGCCAAAGCTTTCAGCTGAAGATCAACGATCTGAAGCATATGCTTGTATTTCAGCGGCTCAAATACGATGACTTCGTCAAAACGGTTGACAAGCTCAGGGCGGAAGAACTTCAGGAGTTCGTTCATAACCTTGTCCTTAATCACCTGATACTTCTTCACATCGGTCTGTTCTTCTACCTTTTCTTTTTCCTGTGCTTCCTTCTCAAGCGGGAAGTTCTTGCCGAAATACTCATCCAATGGTTGCATTTTCCATTCCGTTGCTTTCTGGTCACGATGCCATATATCATTACCCACGATAACAATCTCTTTTCCTGTCGGTGTAAACGTATGGATATCCCAATGGGTTGCGGGAAAATTGTCATCTTTTACCGTCTGTCCCTCGAAATACTCTTTCAAAAGACCCGTCTGCCAGTCAGTACTCCCTGCTTTTCTTCTCCAAAAACGATCTTTGTATGACACAATTTCCATCTCATCAGGACTGAAGGCATGAGTCTTCAGACGCACCGTCGGCAACTGTTCATCCGGAGCATCAGGCAAGGCATTAATGACTACATTGTCATTGAAATAATCAATCAGATTTGTGACATTCCATACTTTCGAAGTGGTTGCGGTACGGGAATATATGATATCGCCCGTTGAGATCATTTCCACTCCTTTTGGTGAGATGGCATGAGTGTCATATCCGAATGTCGGGAAAGACGTGATTTTCGGTTTTTCTTCTGCCGGTTTTGCCTGCTCCTTTACGGGCTGCTCTTTGCCTTCAACAGTATTCTCTTCTTCAGGCTTTTCAGGCTCCGGTTGTTGCAATGCTTCAGGTTTTTGCGTCGGCATTTTGCCGTCAATTTTCTGTCCTGCAAAATACTCAGTCAATTTATGATCTGCCCAGGACATTTCGGCTTTCTGATCTTCTTTTTTTTCTTCAGGCTTCTGTTGCTGACCGTTTGTCATATCCAGACTGTTTGCGGTTGTGCCGTTGTCTCTTTCAAAATACTTATTCCCGATCGTCATAAGTTCACGACCTCTCGGCGTAAAAGCATACGTCGAAATGAGGGTCGGTTCTGCAACTTCCGACTTTCCGCTCTTCAACAGTTCCTTTTGAATGAGAGGAGTTCCGATGTTTGACGTACAGATCACGACGGTATTCTTGAACGAAATAGTTCGTCCTTTGTTGTCTGTCAAACGGGCATCATCAAGAATCTGCAGCAGAATGTTGAAAATGTCAGGATGTGCTTTTTCAATTTCGTCAAAAAGAACGAGTGAATACGGCTTTCGGCGAACGGCCTCTGTCAGTTTTCCTCCGTCTTCAAATCCGACATAACCGGGAGGCGGCCCGAGAAGCTTTGCCACTTCATGACGCTCCATATATTCGGTCATATCAA
CP065004.1_gap7	216789	221231	4442	AAGGTGCACAATTGATCATCCTTTTGAAACGGCGGTAAACTGAGTGATGTACGGTGATTGTTAATCATTTCAAAAATTGCATCGGCACTGAGAGAACTTGGTTTTCCGGTTGTTCCGTTTCAGCCGGTTCTTCAGATGATTCCTGTTGATCGGGAGCGGGGGTATGAGTAGCAGTCGGTGAAGGGGTGAAAGTTGGAGTGGGAGTGGGTGTCGGGACACGAACGGAGACGCCTTTTACGCATTCCGCGTTGTTTTGAGTAAAACTGCAGAATTTCTTATCGTAATAGACGGGACAATATCGCTCCTGTTGTGTTCTTGGTATAGTTACGAGTTCGGATCCAAAAGCTTTTTGTGTAATACAAAGCATGCTGACTACGGCAAACATGACAGCCTGCTTTGCGTATTGAGCTAGCATCCTGAGCTTTCTATTGTATCATATGAATATATATGGATAAAAGAATTGTGTATTTTGAAACCGAAGGATGGGAACGGGAAATCATCGACGGTACGTTCCCGCAGGCTGAACTGGTATCGGAACAACTGACACATGAAAATGCCAAACAGTATCAGGATGCGCAGATCGTTTCTTCATTCATCTACTCCGATCTCTCCAAAAGAGTATTGGAACAACTGCCGCAACTTGAATGTATCGCCACCCGTTCGACGGGGTATGATCATATTGATCTTGCTTACTGCAAAGAGCATAATATCACCGTTTGCAATGTCCCTGAATACGGAAGCAACACCGTTGCAGAGCATACCTTTGCACTTATTCTGAATTTGACCAGAAAAATTTATGCTTCAGTCAATCAGGCAAAGCAGCTGAACTTTGACCACACACAAATAAGAGGCATAGATGTATTCGGGAAAACTATTGGGATTATCGGGCTGGGGAAAATAGGCATTAACGTCCTACGTATTGCTCACGGTTTGAAAATGAAAACACTTGTTTATAACAGATCACAGGATCCGGAGCTTCAGCAGAGATATGGATTTGAATATGTCGATATCGCAACACTTCTTTCGCAGTCTGATATCGTCACGCTTCATCTTCCGCTCGTTCCGGAAACAAAACATCTCATAAACCTGGACAATATTAAGACCATGAAGAAAGGAAGCTATATCATAAATACAGCCCGCGGCGGTCTCATTCAGACGGAAGCTTTAGTGCAGGGGCTCAATGAAGGAATTCTCGAGGAGTTGCTCTCGATGTCCTCGAAGAGGAAAAAGAGCTTTCAGAAGAGGCAGAGATATTATCTCCCCAATTCCAGCAGGATGCCGATATGAAAACGCTCATAATGGACCACTTCCTTATAAATCACCTAAAGTACTGATTACCCCTCACAATGCATTCAACAGTGTTGAGGCCCTGACGCGGATTGAACACACCACCATCGATAATATCAAAGATTTCATGAACGGAAATCCTGCTAATGTTGTGACGCCTCACTAATCAGCTGTCTCTTCAAGACGTGACTTAAGCTCATTAATCCGCTTTTGAATTTCCTGTTTAGCTTCCGAAGATGCTTCCGTCAACCTTTCTTCAAGATATTTCAGCTCCTCTTGCCATTCTTCTCTATCCGAATTTTCCATATGCCAAAAATGAGAAATTTTTATACGTCATATCCTATCAATCTGATATTTATTTCCTGTTAGTAATGCGTAATACGAGTGTAAGGTCATTATTACAGATACCTTACCTTGTTATTACACTATTTTCAAGCAAATGACATAGTATTTACTGATAGCAGCAATATTCGTATGTATGCATAAAAAAGGTAATAGTGATTATCCGATTTTTTGAGGATCGATATACGGCAGGTGAAAACTTTCTGTCCTTCTGCAGCGGTTTGTTACAAAAGAAACTGTCATTCTGGCTCTGCCCGCGGAGGTGTTGAGGTTGCTGCACCCGTTTCCGAAAGGCTTCACCTTCCCCTTGATGTACTTATTGCAAGAAAAATTGCCGAGCCTCGCAGCCGGAGTTTGCAATCGGAGCGATATCTGAATTTGATACTCGCTATATAAATAGGCCACTTGTCAACCACTTGAGAATATCTCAAAAACAGCTTGAAGATCTTGTTGAGACAGAAAAACGGGAGCTGAAAAGGCGGATTCTGCTCTACCGTCATAACAGAAGTCTCTCATATGTTCGGGGAAAGAGTCTATTTCTGATAGACGACGGAGTTGCGACAGGCTTGACCGCACACGTTTCTCTCCAGGCAGCCCGTATGTTAAAACCAAAAGAAATTATATTTGCAGCCCCGGTTTGTGCAGCCGACAGTCTCCCCGTCTCAGGAAAAACGCAGATGAGATAGTTACCATTCTCACACCGCATGATCTGAGAGCTGTAGGCAATTACTACCGTCATTTCAGTCAGGTAGATGACAGCCGGGTTATTGAGTTGTTGTCAACTAATCATTCTTCTTCACCCATTTCCCCGGCTATTCTTCTGATAAACCTTTTTAACTGCGGACCAGGCGACGGCATGGGCAGTTTCCTCCCGATCACGGTTTTCTTTGCGTTCGGAAGGTTTATCATATTGATCCCAGGCTGAGTTGAATGCTTCTTTGTATATTTCCTGACCGTGTTTCGGAAGAGTGTCAGCGACCCGTTCCGGCAGGTCAGAACGTTGTTGATATGGCATGAGAAGACTTTACCCTGAATTTATGAATAGAAGATCAGGCATAGGTGAGAGATTTGTAAAAGATCAAAATACGTAAACTTTCTTCTCAATCTGGTCAATTCTCATACTAAAGACACCGTCATACTTGACATTGAGCAGCAGTTTCAGATTGTCGATATCCCGTTTGCTGATATTTTGGTTCGGCAAAGCAGTGACTGTCAGCACAATATCATAACGGGATGTATTTTCGCGCTTGGTTATCGAGACATCCGTAACGGTTACATCCGGATACATATCCTCAAGGTACAATGTTACGTAATTCTGAATTTCATTTATAAGTACTTCCGGCTTTCCCTGCAGACTTATGCGTGAAATAATTTCCAGGTCAAGCGAAACAGGTGTCTGGATTTGATTACTCATCATTGATTCAATATCACTCCTCTTTTCCTCAGTAAACTGTATCGAAGGATCACTCCGCAATACGGCATTCACAGACCATAAGTTGTTATCGACAGGATACACTGAGACCGAATCAATACTAAAAGATCGGTCAATTTCAGAAATTTCCCGCAGTAAGATGTGAGCGAGCTGATCCTTAGTACGTCTTGTTTGGATATCGGTTTCCGTCTGCAGCGCAATTGATTTTTGGACCCGTAAATTTAAAATAACATTTTTATTTAACGCGTTTTCCAGGGCGGTAATAATTGCTTCTTTTGCCTAAAATCTATGACCATATCCTCAGGGATCAACACGTCTGCATCCACTCTGATTAGCTCAGAGCCGTTTTCTTTCGAAGTTTCCAAGCGGGTTTTGACGTTCTCTAAATAAATTGACGGTGATAAACCTTCTAATGACGTACTCAACACACGCTGAGTTTTTGATAAGCCATTGCTTCAAATGAGTAGTTTTGAGAAAGAAAAACAGCGGTAGCGCCGTAATAACCAGCATAAGAGCAACAAAGATAATCCCGTTTTCTGAAGTTTTTGAGAACCATGCGTTTCGATACCAACAATCCGGAAAACGAAAATTGAAACAAAAATAATGGAAACCACATTGGCAATAAATAACAGGAGTCCACCTGAAGCGATTTTCGGATTGAGAAGTGCCAGGCCGATTCCCCCGACACACAAGGGAGGCATAAGAGATGTCGCAATCGCAACTCCCGCCAGACTTGAAGAAATCCTCTTTTGAACAATCGCAAATGCCGCGACTGTTCCTGCCGAAAGAGCAATGACAATATCAAGTAATGTCGGTTGCGTGCGGGTCAGTATTTCGGACTTACCACTTTCAGCGGAGAAACAAGAGTAATCAGAAACGAACTCGCCAGACTGATGACAACAGAAACCAAAAGAAGAATAAGCGACTGAGTAATGTATCTTTGTCGGGCAAGAGATATCCCAGCTGAAATCTTCATCAGAGGCCACATCAGCGGAGAAATAATCATTCCTCCGATCACTGTTGCAGGAGAGTCAAGCAATAAACCCAACGTACAGATGACCGTTGAGATAGAAAGAAGAATAACATAGCTTACTGAAAGCATTGCATTGTCATGGAGATGCAATAAGGTATCACTTCTGTCAACATTGTGAATATCATCGACAATAGTCAGATCTTTTAAAGACATATATGCATTTCAGTAACTATTTTTATCATAACATATGCGCTAAAATAGAAAAATTACGTAAGTTCATACAGAATCTTTACGTTCGACAATTACAATAAGCTTTTGTCTAGACACTATGTGGAAGCAAATTCAGAAACTTAACCTGCAGTATTTTCTGCTGGGTTTCTTGTTGACCTTAATTGTCACACTGACAAA
CP065004.1_gap8	222241	225177	2936	TATTATATCTTTACCAATTTCCCAATCAAAAACATGATAAATAATAATGAAATCACCATCCTGATGGCCGATGATGATGAGGATGATGTACTGTTGACAGTTAAAGCCCTGAAGCAGAGTAAATTGCTCAACAGACTGATCTCCGTCAAAGACGGGGAAGAACTGATGGATTATCTGAAAAGAAAGGAGCGTATACAAGTCCTGAAAGCTCTCCCCGACCCGGACTTATCCTCCTTGATCTGAACATGCCGAAGAAAGACGGAAGAGAAGCCCTGAAAGAAATAAAATCCGATGACAATCTGAAAGAGATTCCTATTGTCGTTTTTACGACATCCAAAAGCGGAAGAAGATATTTACCGCTCTTATAAACTCGAGTTAATTCATTTATAACTAAACCTGTCAAATTCGAAGAGCTCATTAGCGTGATCGCATCTCTCGGAAATTACTGGTTTAAAATCGTAAAACTTCCGAAGAATAGTAATTAGTACACTTTATGACGGTTGTAACAAACAGATTTCATAAAATTCGGGCATTGCTTGTCGATGATGATGAGGACGATTTCCTGCTGACGAAAAAAACCCTAAAGCATACAAGCACAATTCAAGCTTCAGTGGATTGGATATCTCACTTTTGACGAAGCCCTCAAGCTGTGTAAAAGCGGTAAGTATGATGTCATTCTGCTGGATTATAAAATGGGACAACATGACGGCATCGAATTCATTAAAAAAGCCAGACATTTATGTACATCTCCTTTTATTCTACTTACCGGAATCCAGGATGAGAAACTGGGAATAGAAGCCATCCGTCTAGGTGCCGAGGATTATCTCGTGAAAAGCGAAATAACGCCGGAACTTCTTGAACGCTCCATCCTTTATGCCATTGAACGATTTCAAAGTAAAACAAAAGAACAGGAGATTATCCAGCAACGAACTTTGGAACGGAGTGAACGGCACTACCGGTCACTTATTGAAAACAGCGCAGACGGAATAGCACTCATGAATACGAAATTTAAGTTAACGTATGTCACGCCCTCGATTGAAACGATACTGGGTTATACTCCCGAACAAATTCTAACTATAAATTCCACGTACAATCATCTATCCTGAAGATCTTCATAAAACACGCAACAAATTACAGGAAATTGCAATCAATCCTGGAGAGCATACTACATTTCTGATCCGTTCTAAACACAAAAACGGAACATGGAGATGGATCGAAATTACCGCATCAAACATGCTTCTTGATCCCAATATTGAGTCATATGTCCTGAATTTCCGGGATGTTACATCACGAATCAGGCTTGAACAACTGAAGGATGAGTTTTTAAGTATCGCAAGTCACGAACTAAAGACTCCTCTCACAACGGTTAAAGGGTACATCCAGCTTCTGGAAAAATATTTTCAGAAAACAGCTGATGAAAAGGCTCTCAGATATATCAGACAATCCGACACATATGTCGATAAAATGAACCAAATGATCTCAGATCTTCTTGATATCTCACGTATTCAATCAGGAAGAATGCAGCTGAATCTGGAAGAAACAAAGCTGTGCAGTCTCATAAAAAAACCATTACCGCACTTCAGTATTTATCTTCAAAACACAAACTGCAAGTCAGTTGCGAGTTTCGCCCAGTATTGTTTGCAGATAAACAGCGCATTGAGCAGGTGCTGACCAATTTGATATCAAATGCAATAAAGTATTCCCGAACAAAAGTGAGATTTCAATCCGCCTCACCAAAGAGGAAAATACGCAAAAATTGCCATGCAGGATCACGGGATCGGCATGTCAAAGTCAGCACAAAAAGACTGTTTCAACGGTTCTACCGTGCTGACAAAGTAGCACATAGATTTTCAGGTTTGGGTATCGGGCTATATATTTCAAGTGAGATCATCAAAAGACATCGGGGAAAAATTTGGGTAGAAAGTGATGAAGGGGAGGGATCAACATTTTATTTCACCCTTCCGTTAAAAATATAATTTAATCTTATGGTAAAAAAGTACTTATCTGCGACGATGACGAAGGCATTGTAGATGTTGCCGGTATCGTCCTTCGTGATGCAGGATATGATGTAACAACAGTTACTGTCAGCGAGCAGATATTTTCCGTAATAAACAATGTCAAACCTGACATTATCCTTTTAGACCTGTGGATGCCCAATCTATCCGGAGAAAAGATTGCCGAACAGCTGAAACAACAGAAAAAGACAAAAGACATTCCTGTCATTATCATGTCCGCAAGCCGCAAAACCGAGCAAACAGCCCGCCGTGCAGGTGCTGATGATTTTATTTGCAAACCGTTTGATATTGAAGAACTAGAGGAGATTGTGAGAAAATATACTGCATGAACATTGCACGCTCTGTCTACCGGCTCACTAAAAAAACGTTTTTGAATTCATTGAAGACAATGCCACACAGATGGCAGCTGCCCTTTCCTATTATGCCCTGTTTGCCATTCCGTCCCTTCTTCTTATTACGTTGAGTCTGCTGAATCTCTTTATTGCCGATGAACAGGCAAAAATGACCATTATCAACGTGGCACAGGAAATTATCGGATCAAGAAGTGCAGGAGTCATTTCGCAGATCATACAGCATCTCGATGAGAATGCCAACCAATCCGATTTCGCACAGTGGGTGGGGATCATCATTCTTCTTATCACGGCTACGGGTATTGTAGGACACTTACAAAGATCTCTGAACAGACTTTGGGATACGGTTCCTTCCCATCACAACACCTTTCGCCTTCATCTTATGCAGCGGTTTTTTTTCACTGCTTTTTATCATTCTTGCAGGATCCTGCTTCTCGTGTTATTCATTTCTGATGCCGTATTTTCATTCCTTCATGTATATCTTTCTTCGTCAATCGATATTTCTGAACCCGTACTCAGTACCGGCAATCACATATTCTCGTTTATTTTGATGACAATGATTATTTCCCTT
CP065004.1_gap9	248682	250239	1557	CAGAAACAGGTTTATGCTCATTCCCGGGATATTCACGAGTGACCAAAGAACGTTCAATAATCAGTGCTTTGTGCGCGATATCAGCATATACCGGCCCGCCGACACCGGCTTTCATATTTTCATCAATTTCATATGCCAAATAATGATCTCCGGCAAATTCAGAAGGAGCATGCTCCGCAAGCGGGCGGTTGCCTCTATATCCCATTTTGACAATTTTTCCTTCAAGACCTTCGTACCGTTTTCTTCCTGAGAATAAATTAAGTTCAAGGAAATGATTGTCCTGTCCTGTATCGGGGATCACACCGAGCATATGTTGCTCAAATGGAAGACCGAGCCAGTATGTCCCGCTATTTCTGAACATGTCCATGCCCAGATACTGTTCTTCAAGCTTGATCAGCCCACCGTTTATGGGATGATAGCCACTATAAAAAGCTCCCCAAGGATCTTCTCCCCCTGACCAGCTGCCGTCCTGCATGTAGCGGATAGTGCCGTCAGACTGGCGGACTTTTCTGTAATAGGATTGTCCCTGCTCCATGTAGTAATATGGCCATTCCTGACGTTTTCGAATCCCATCCAGATGAACTGTAGAGCAAACCGTATCCATCATGGGTGAACTGAGTTTCATATCATCCCCACCACCTGATGTTTTGTAGGTATCCACATCGAAATGAATCCGCTTGTCTTTGAGGTATTCCGGAAGTGCATCAGTGTTTACTGTGGTCATCTGGGAGGAGTACTTGAAATTGTCAGGGGCGCGAAGCTCCACTTTTCTCACACCGGCCATTGGGACATTTAAGCTAAAAAATCTCTTTGAGGAATTACCGTACGCTGCAGTCTGAAAATAGACATTGGCATGATTGATCCGGCCTGATTCCATCATGAAAAAATCTGCGGCCGGAAATTCCTGTACTTCACCGTCATCAAATTCCAGAACTACCGTACTTGCTCCAAGCTGATATTCTTCTCCTCCCTCAACGATACAACCAAATGAGGAAGCAGTTCTGCCAGCTTCAACCGTCTGAACAAATTTGCCATTCCGGTCTTTCTTTTCAGTATGTTTCCCGACTTCTTCAACACCTTTGTGCGCTTCCAACATATCTGCAAACAGCTGAGAATAGTCCTGATTGTGACGCGCTTGTTCTGCAAGGTTACTCAACGTGCTGAATAGTTCACTGGATGTCGTGACTGCTTCGATTTCAGAAACACTCCGCTCAGACATTTGAAAGTTGTACCAAAAATGTCTGTTATCCGTAAAAAAATTGTCGGATAAAAATATTTCCATCCCTTGAGATGAAATAAAAGGTATATTCGCAATAAAGGATTGTGCATCCTGAGCATTTTCAGGCGGATCAATATACGGCCTTGGAGCTGATATTGCGGTCTGATTTTTGAAAAATTCACGAAGCGGAATTTCAGTCATTTCTCCGTCAGCAGTTCTGATGAAGAATGAAAAACCGGCAGGAAATTCGGTTTCCTGCGGATACATGGTAAACTGCATCGAGGTAATTTCACATCCTCCCGGCATCCCTGCGACTTTTCGCATCACCTTTTTTTTAC
CP065004.1_gap10	252141	254622	2481	GAATCGTCCTCTTTTCGAACTCCTTACGGGTATATCCGAGCATATTGAGGAATGCATCATTGGCATTTACGATACTGCCGTTCATCCGCTCATACATCACGCCGATGATATTGGCATCATGCAGTGCTTTAAACTGTGATTGTGCCTTGCGAAGCTCACCCTCTGTCTCATTTCGTTGTATCGCAAGAGAAATAATATTGGCAATCGATTGGAGATAATCAATATCCTCCCGCGTAAAGATCCTTTTTGTTTTCGTATGAACGCTTAAAACACCGTAAGTACCTTCATTTCTGCACAAAATCACACTCATTCCGCTTATGATCTTATGTTGGGTCAACATATTCGGACCGGTTACTCTTTTTTCGGTGCGCAGGTCATCCACAATTACCGGTTTTTTTGATTTCAGTGCATATGCTGCCTGCGAGTGAGAATCTTTTTCTATAATAGTGTTGTGAGTAATCGTCTTTTTATTCCAACCGAAGCCGGCACGAAGCATCATGCACTTGTTATCAGGCATCAGTTCGAGCACTTTGGCAGCATCGATTTGAAGCACTTCCCGTAACTGATCAACGGACAGCTGAAAGAGTTGGTAGATGTCATTTTCTGACAGCGCTTTACGACTGAGTTCGGAGATAGACAGTTGCCGGGACAATCGGGATCTGAGCATCTCCTCCGTTTTTATTCGTTGGGTAATATCTCTCATGGCACCGATCAGCTTTTGGGCTTTACCTTGAGAATTTCTGATAATGCAGGCAGTATCAGATACCCAGACTTCGGAATTGTCATCCAACAGAAAACGATACACCCCATGCCATTTCATTTTGTGTTTTGACTGTATTGCCCGGCGGATATCCTTTACGATCCGCTTCCGGTCATCGGGATGAATACGGTTTTCCCACCAATCCACTTGAGGTATATCCTTCTTGCGGAAAGAGGAAAATACCTCAGAGGAACCAACGGATTTTTTCATGGTATGGGTTTTGAGATCCCATTCCCACAGTAGATCCGAAGTTAATTTTGCAATTTTTTTGTACGAATCACATTCGATTCCGCGTTTGTCGGATGAAGACTGAGACATATAAGTGTAAGACTTCAATTGAAACAACCTATTCCCTACATTTAATCCAATAATATCGCATAAACGTAAAGATTATGTAAAAACATACAAGCATGATTTTAACCGGAGTTATTTCTGATCTTCCTTTTATAAACTGCTTTTACAATACGATTATTCATATGAAGAAGCTGACTATTATCATCAATCCGTCGTCCGGCCAGCCGCTTCCCGTCATTCCGCAAATCTCTGATTTTGCAGAGCAAAACCGTTTTTCCTGGGAAATACTCACCACGCGTAAGCAGGGTGACGCGTCCCTATTTGCAAAGCAGGCTTTGGAAAAAAGGGCTGATGTCGTACTTGTGTACGGAGGTGACGGAACCGTGATGGAAGTTGCCGAATCATTGATGAACACAGAGACTCCTTTGTATATAATCCCTGGCGGAACGGCCAACATCCTGGCAAAAGAACTGCAGATTCCGCTGATGACAGAACAGGCGCTCAAGCTCCTGACAAATCCTGAAACAAACATAAAACGAATTGATATGGGAACGGTAAACAAAAAGCCGTTTATCCTCCGGGTAAATTCCGGCGTGCTTGCCGATATGATCATTGAGGCAGATCCAAATGCAAAAGTGAGCTTCGGACAGCTTGCTTATAGTTTCAGCGCCGTGCAGCAATTTGCAAATACTCAATCGATACAGTACTCTATCACAATTGACGGGGAAACCGAAAGATTACAGGGAATCACGCTTACCATAGCCAACAGCGGCAATATCGGCTTTAGCGGAGTATCTTTCACGCCGGATATCAAAGTGGATGACGGTTTGCTCGATATACTCGTTCTCCGAGAGAATACCATCGGATCACTCGCCGGAGTCATCACGGGAGCGGTCATCAACAGGACAATTCATGAACAACTTGCTCATTGGAGGGTCAAAAAAGCAACGATATCCATGCACCCCGGGCAATCGGTTCTTCGGGATGATGTTATGCTGAAGGAAACGACACTCGAAATTGAAACTGTTCCTTCAGCGATAAGTATCGCCACACCGTTATAATTATCGGATCATTTATGAGACATGTTCGGAGTATCATCCTCTTTTTCCTGACTACTTTCGCCCGCTACACGGATCACCTGCACAGGGTGCTTTTCGGACTTCCTCAGATGGCAAGAAGTGAGATTACTCCTCAACTGTACTTGGGAGGTCAATACTCAAAACACGGATACCGGAAACTGCAGCAGATCGGCATTACGGCAATAGTGAATATGAGGGAAACACCGGCTTTGATATATCAGGATCTTCCTAAGCTTCGGATACTGCATTTGCCCACGAAGGATATGAATGAACCGACTATCACAGATCTCATAAACGGTATTCAGTTTATCCGGCAGGAACTTGATCAAGGAGGAAAAGTGTATATCC
CP065004.1_gap11	257762	262312	4550	CATCCAGAGCCTGACTGACCACTTCCTGATTATCCTGGTATTTGACAATGATCCCGAAATAAATCTCGGTCACTGAGACTTCACTCTGCTGCTGTTCTCTGATCGGAATACCGGCAATACCTGACTGCTGTAGTGTCGTGACGGTATCCTGATCTTCAGCCGGATTGAACTCCGATATTTGCACAACGACATTTCCTGCCCGTTCATACTCGCGTAGTAAATCGATAACTTCACGCGTGAGAGGCTGAAGACGCGCCGGAATATTGTCCGAAGCATAGAGTGTCACCGTGACCTGATTATCAAGTTTTCTCACGATTTCACGGGTGGAATCGGAAAGAGTGTAGGCATTTCCTTTTGAGAAATCCGCTCTAAATGAGATATATGAAAACAGAAAGTTCAGAATGAGGAAAACGAGTATGGAAGCTGCAACCACAAAACTTTTTTTGAACCGATACAACCCGAATCGCTGAACGAAGTTCAGCTGTTTCATCGGAATGCGAAAAGGCAGCTTTTTGAATGGTGATGCAAATTTTTTCATGGTCTTCGTTCAAGATCGACAACTGTCAAAAATAAAAAGAGTGATGTAAAGCTGATAAAGTAAAACAACGCTCTGATATCGATAACTCCTTTGGAAAAACCGGAAAGCTGAACCACCGGACTGAGATAATTCAATCCCGATTCAAGTACAGGAGGAATAATACTGGTTGCAAAATCAGTTGAAAAAATGATCAGGAAAAAGATAGTCACAATTGAAGCCAAAAATGCAACAATCTGATTTTTAGTGAAAGCGGAGAAAAAGAGGGAGATAGCAATAAATGCCGCTGCCACAAACAGTTCTCCGATATATCCCACAAAAACCTCAGGAAGATGTATCCTCCCTCCTACCTGACCTGTCAACACATACATTGATATCGGAAGAGCCAATGTAAGCAACAGACCAATTGCTGTCAGCATCCATGCTGCAAAAAATTTTGAAAGAACAATCTGCGTTTCTGACACGGGTAGACTCATAAGCACTTCCATCGTGCTTGTCCGCTTCTCTTCTGCAATCATTCTCATGACCAGTGCGGGAACAAATACCATCAGAAGCCACGGCAAAACATCAAAAAAGGGTCTCATTGATGCAGATCCCGTTACAAAAATGTCTTTGACAAACATGAAGTTGGCAAACACTGCAAACAGGATTATCACGATATATCCCAACGGATTATTCAGATAAAATGCCAGTTCTTTTTTTAGTAATGCTTTCATTCTTTTGAAACCAACTTTTTAAATAATTTTTCTACTCCGCCTGCACGTTTCGGTTTATCACCGTCATACACAACTTCTCCTTTCGAAATAATGACAAGCCTTGTGGCAATATCCTCAACTTCCGAAAGAATATGTGTCGAGAATATGATGATTTTATTTTTTGCTGTCTTTTTGATCAGGTTTTTAATTTTTTCCTGCTCGATCGGATCAAGGCCAGAGGTCGGTTCGTCAAGAATGAGAATATGAGGGTCGCCAATCAAAGCTGCTGCCAGCCCGACACGCTGCCTGTATCCTCTTGACAGCTCATCAATTTTCGCCATTGCTTTCTCCGTAATAGCAACATTCGTGATGACTTCTTCAACTTTTTTTGGATCAATTATCCCTTTCACTTCAGCAACAAAGGTAAGGTATTCTCTCACTTTCATATCACCGTACAAAGGATTATTTTCGGGGAGATATCCGATATCCGGCAAAATATCCATGCGGTTAGTGAGAGGATCAAGCTTATTCACTCTGACTGTTCCCGTATTCGGACGGATGAGACCGAGAATCAGTTTCATCGTTGTAGTTTTTCCGGCACCGTTTGGGCCTAAAAATCCGATAATTTCACCTTTCTGTGCGGTGAACGTCACATCTTCAACTGCCTGGGTGTGTCCGTATTTTTTTGAAACTTCAGTAAGTGTAATCATCGTTTTTTTGAACTTGTGCGCTTAACAATTTAACTCTTATATCCGCTTGATGTCAAGTAAATCCGGTCTTTTTTCTTTAGTTTGCTGATATGCCTGACGAATCCGCCATTTCCTGACCTCCTGATGGTTGCCGCTTGTGAGCACTTCCGGCACGCCTTCACCTTCAAACATCTCCGGTCTGGTGTAGTGCGGATACTCCACAAGCTGCACTTTGTGAATATTATTTTTTTTCAAAAGCCCAAGCACTTCATCTTCTCCGCATACTTCAATAAGGTCATCGACCGGCATCTGGAAAAAACTTTCTTCTTTGGTAGCATCGGATTTTTTCAGTACACCGGGAAGGAGCCGGACAACGGCATCGACGATAGCAGCGGCCGGAATTTCACCCCCGGTCAGGACGAAATCGCCGAGTGACACTTCCTCATCAATATGTTTCATCACACGTTCATCGAATCCTTCATAATGACCAGCGATAATAACTATGTGTTTTTCTTTTGTCAGCTCTTCCGCTTTTCTCTCCGTAAACGGTTTTCCTTTCGCGGAAGTCAAAAATACTTTCTTTTTAGTTTTCCCTTTTGTCACTTTTTTCAAGGCCTCTACGAGTACATCAGGACGAATGACCATCCCGGCACCTCCTCCATACGGTCGGTCATCAACCGTCCCGTATGAATCAATTGCGAATGTCCGCAAATCAACTATTTCAATTTCGACGATCCCTTTATCCTGTGCTTTTTTTATAATACTTTCATTGAAGAAGCCCTGAATCATATTGGGAAATAATGTGATGATGGAGATTTTCATACAGCTATTATAGTACAATAGGACAGTTTAACAACCTAAAAATGAAACAACTCCTTTTATTTATTCTGAGGCTCTACAAGAAAACCTCCTTCGTACATAATCATATCTTTCAGACACTCACTATGAGCAAAAACGTCTGCCGGTATACCCCTACCTGCTCGGTATATTCCTATCATGCAATTGATAAATACGGTGCGTTAAAAGGATCATGGCTTGCTATCAAAAGAATTATCCGCTGTAATCCCTGGTCAAAAGGTGGCTATGACCCGGTACCGTAAGCTTACGCAGCTTTCATATATCTCCAATATAGTAACAGTATGAGAACGTTCAACAAATCAAAAGAAGAACTCAAGAAGGAGCTTGACCCTGACGTCTATCATATCACACAGGAAAAAGGAACCGAACCGCCTTTCACAGGGAAATATGATCACCACTTTGAGAAAGGGACTTATTATTGTACAGTTTGCGGTACGGATCTTTTTACCTCAGACACCAAATATGACTCAGGATGCGGATGGCCGGCATTCTATGAACCGGTCTCAACGGATTCACTTGAATATCATGAAGATACCAGTTTCGGCATGAAACGGACGGAAGTCACCTGCGGCAACTGTGGCGCACATCTTGGGCATGTATTCCCGGACGGCCCCAAGGACAAGACGGGAGAGAGATACTGTATCAACTCAGCCTCGCTGAATTTCAAACGTAGAAATGACGAAAAATAAGAGATATCATACAATTATGAAATACAGTTTATTTATACTAGTACTTCTTTTAATTTTTGTTCTTCTATCGACAATCTACAATCATCGGCGTACAAGGACAGATACTCAGGCAGAATCCAATGTCACAACTATTCAAACCGATAAAGCAACAATACTTAAGCTCAAAGATAACGGCGGCCGCGTATCATGGTACAAAGGCGACAGTCACAACCTTATTGCCTATGATGCAATCGTAAGTAAACTCAACAGGAATACGGAGGTGTACACTTTTGATCCTGCCGCTCAAAAAACACTGTGTGTTACGTGCACGAGTGATATCCCTAAAGGTTTTACGGGACAGGCTGAATGGCACCCTGACGGAGAATATATTATCCTTCAGGCAGAGAATGAGAATTCCGATCATGGTGTATTTAATCATTCCGCTTGGGGAGTGAATAATGATCTCTGGATCATAAAGAAAGACGGAACCGAGGCCAAAAAAATCTATGATACTCCCCCCGGAAATGCAGTCCTCCATCCTCATTTCAACGATACGGGAACCAAACTTATTTTTGCCGAACGTGTTCCGACAGGAAAGCAAATTACGGGAGGAAAACTTGCCGGTACGCCTGGAGGTGAAAATCAATGGGACGGTTGGCAAATCCATATTGCAGATGTAGATCTTAATTCTTCAGAGACTCTGTCACAGCATACCAGTTTATTCCAAAATTCAACAGGTGTATATGAAACCCACGGATTTCACAATGATCAGATTATTTTTACTCATACACCGCTCGGACGCGCATATATGGATGATATCTATATGTCCGATATAAACGGAAAAAATATAATAAAGCTCACCGACAATCCTGACACCTGGGATGAGCACGGACATTTTTCACCTGCTGATGAAACGCTTATGGCATACATGTCCAGTGCGCCTTTTGAAAATTGGAACGGGAGAAAGGGTGATAAAGCCCAAACACTACGGACTGAACTGTTTATCAAAAACGTCATTACAAACAAAGCAGAACAAATCACGAATCTCAATGAAAAACTCGATAAAGAAGTCGTCATTTCTGATTTTGACTGGAATAAAGACGGG
CP065004.1_gap12	312806	314899	2093	TCATAAGCAGTATCATATTGATTTACATATCGAATATGATGTAATATTATAGGTTTTTATTAACCCGGGAATTTGCTTCCTGTGGTTTGTGAAATCTATAGCACTTTAATAATGAGGGAAGGTTAATAATAATAAAAGCACTTGTCTAGTGCCCTAGTAACATTTTATATTATAAGATGTTATTCGAGCACTAGATGTATGAGTGCTCTTTTTATTTGCAATCCAACAACTACAAAAAAAGAAAGGAGAATGCCTGACATTCAACTACGTTGTACAGGTGAAGCAGAAACCTGGAAGAGATCTTCGGATCGAATCGAATCTAAAGGAGTAATCCTGAGGAACTGCCGGTGAGAGCTCAATGTTCAAACCGCAATCACTATCCAAGACGTAGTACTTTCAATGGAGGCAATCTCATGTTTAGCAGCATTCCTGATCTGTTCAACCGCCGCAATGGCGACAAGTCCAAGAGTGTCGATCCCAATGCTATCCAGGTGACGATCGAGGAGACCTACAGCATCCCGGTCGCGGCAGACCGCGAGATCGTGCAGACCGCCGTCCGCGAAACCTTGGAGCAGGTTCTGCCTGCCCTCCTGGCATCGCAGCGCCGCTCGCCGTATGATCGCTCTCCCTTTGAGTCCCCGTTCCGCAGCCGCCGCTCACCGTTTAGCTCGCCCTTTGGCGACGAAAACGACGAAGACGGCACAGACGCACTCGCCGCAATCATGGCCATGGCCATGATGGCCCTGCAGTCCGAGGAGAACGGTGAGCGCGACTGCGCGTACGGCGAAGACGACTGCATGATCGGTCACGCCATGCGGACTCTGAACCTCTACGTGGAGGACGAGGAGTACCGGCGCTGGGCCGAAGAGGATGAAGGCGACGAAGAAGACATGCTCGCTGAAGAGGCAGCCGAGCAGGCTGCCGACTAGACTGTCTGAGCTTCCGCTTTGAACAAAGCCCTTTCTGACCGTAGTTTGTTGGAGGGGGCACTCCGTGCCCCCTCCGACGCTTTGCGCCTTCCCTCATTCTTTCCTTTTAACAGATATGTCACTTACAGAATTACGCCCTCATTTCCCCGGATATATCGATGTCGCACCGACCTGTCAGGATACCGAATGGCGCTGGTTGGAATATTTTCATTATGCAAACGGAGAGCCGCTCCAGACAAAAATGATTCAGGTAGTTAGCGCTCATGATCCTCATCAATTTTGGACAACTACGGCCGTCATGAAAGAAAAACAGGGAGATAAACTTCTGGGATCAAAGACACACTTGTGTCTGACGGGAGAAATTGCAGGATTTGTAGCCGCAAATACACTGTCTCATGCCGAGCGGTTACGGTCTTATTACAAGCTTGCTAACAATCACTTCATGTTTTTCGGAGGAGTTCTGATGAGACCTTTGATGGTATCTCCTCTTCCCCGAATGGGCTTTGATGAGATAAAAAATACATACTATAATCCGGATAATTCTGATTGGTATCTTGTACACCTATTTGATTTGATTTCTCAAAAAAATATTCCTGTTGACCGGGAACGGTTTATAGCAAACGTCACAGCATTCTCACACTCCATCGGAGTCATCTAAGATCTTCCCTTGCACACTTCTCTCTTCTTTTTTATAATAGAGTACTTGTCAATTCAGATTGTCAAAATAATGTTTTTCGAATAAAGGGAGTCTTTCATCTGAGGTTCCGCTCCCGGCCTCGTCATAACAGCTATCAGTTTAACCGCGACCTGACTTTCCGGTCGTTTTTTTGTGCCATCATGGATTCTTCATCATTTGAAACAATGCGTGAAGAACAGCTTCAAGAACGTGAAAGCGCGGATGTCACAAATGCCGCCCATATCCTCGGCAAGACCATGGGTGTCTCTCTTGACGGGATTCCGAGCTTTATGAAGCCTCAGGAAATTCCCGGTTTGCCGAAACAACAGGAAGGGATACCTGCCGATCATGATTGTACTATATGTGCCGTCACGGCAGCCTGCGGATTTTTCAGTGAAGCACAAAAAAACGGAGGGAATAATCCGTTGATGAGACGATTACAGGCAGTTCAGGAACTGACAAAATCTAATCCGGATATTTTGAAAGGC
CP065004.1_gap13	320493	325329	4836	TACAGAAAAAGGAGAAAAACTCAATAAAATATTTAATGCGATGGATGAATGGGGACGGGAAGTTTAATCATCTTTCGCAACTATGAAACGCTTTTTACCAATCACTATCCTGATTATCGCTTTGATTGCCGGATACTTTTTTCTAAACCGGAAAGCTGAATCGAATCCTTTCACATCGATAAAGGAAGTAATCGCGACACCTACTCCTGTATCGTTTGTCGAACTTACCATCCCCTACCTCCGAGAACGTTCCTACACAAGTACTCTCGGAGAAAGAACCTTATTTGAAAACAACGGATCATATGATTCGTACCTCACGTCGTATGACTCTGACGGGTTGAAAATCAACGGACTCCTCACAATACCGACAGGTGAAGAACCGGAGAACGGGTGGCCAGCCATCGTCTTTATTCACGGATATATTCCTCCCGCTCAGTATCAGACTACTGAAAAATATACTGATTACGTCAATTATCTCGCCAGAAACGGCTTTGTTGTTTTCAAAATTGATTTACGCGGACACGGAGACTCAGAAGGTACACCCGGCGGAGCATATTATTCATCCGATTATGTCATCGACACCCTCAATGCGTATGCAGCACTCCGGAACACGGATTTTGTAGATCCTGAGTCAATTGGCCTTTGGGGGCACAGTATGGCCGGAAATGTAATTCTGAGAAGTATGGCTGCACGGCCTGATATTCCCGCCGCAGTAATCTGGGCAGGCGCAGTATATACCTATGAAGACATGAGAAGATACGGAATAAGCGACAGCAGTTATGTCCCGCCGCCATCGGGATCTCCTACACGACAGACAAGAAGGCGTATTTTTGAAAAGGTCGGTGAATTTTCACCTGACAATGAATTCTGGAAACAGGTCGCAGCAACAAATTATCTTGATGATATTAAGGGATCATTGCAAATACATCATGCCGTAAACGATGATGTCGTCAGTATCGAATACAGCAGAAATCTGCTCAAAGTGGCGGAAGGTACCGGTTTTTCCGTAGAAGTAATTGAGCATCCGTCAGGCGGTCATAATATTTCCGATCCCGGTTTTAGTGAAGCCATGCAGGAAACGGTAACCTTTTTTTCCGAACATCTTCGATAGTTACCTACTCCAGAGGTTGGGGAATTGTTCTCCATAAAGGGCTGTAGCAAACCAGACAATGTTTTGAGTGTAATAGTTTTCCGGATCTTCCCAATACGAATGTTTCTTATTTTCGTACAACTTGCTGAGTATCTTTTCCGAATATATTTTTTCCGCTGTCTTCGGATCTTCGGCAAGAAAGTATCCGAGATTGCCTGCGTATGCGACTGCAGATTCATACTGATCCCATGGTTGTCCATCATGGGTGTATGAGACATACAGTTTACCGTTTCTGTTCCATTCTTCTCCCAAAAAGGCAAGTGATGAAAGGTACTCTTTTGCCTCAGGTCTGCCGAACCATTGATAGTCGAGTGCCACTCTCATCGGTACCCGGATGGCATTGTACCCGTATTCTATTCCCTCAGGACCCGGTTTCTCGGACGGACGCACTTCACGCGATGACCGGTCAAGAACGCACCATTCAGGCGGCAACACTTCTCTGCCTCCTGATAGTCCGAAACTGCACCGCTGCAAAAGGTCATAAGATGTATCAACTAAGGATCCCCAGTCATGGCTTTTATCAATTTGGGCAAATATTTCGTAATGAGACGGAGAAAGATATGAAGGATTAATAGTGGCAAACTGTGATCCTGACGCCCAATTCCCGGCAGTCATGTAGGGATCATCCCCGATAACTACTACCTCATGGTCCCAAATACCGTTTAGTACTTTCTCAGACTCGCTCAGATATGCCGGATCGTCCCACTGTTTATACGCAAATGCTAATGCCAGTGCAATATCAGCATCTGCATCAGAAGCTGTTCCTTTGTCATCTCCTTTCCTTTTAAAACTCCAGAGAAACAGATTTTCATCGGTTTGAAGCTGTCCTTTTGTCCATGAGTAGACCTGATCAAACGTTTTCTTATCATCCATAAGAACGGCCCGAAGAAGAGCATAGGATTGTCCTTCCGACGTTGTGTCCTTTGTCGCGGGATCAATCACACGACCTCCATGGATAAACTCATCCTTGTATGATGCCCATGTCGCCTGCAGTATCCGTTGGGGATATTCCGTACCCCAGATCTCGACACCCCATCCGTCACGCGAGAAAGTCGCAATCGGCCGGGAATTGGCAAGAGCTTCTCCGACAAACGGGAACACTCCGGTATTGACATCATTCAAAAGCTGCGGAGATATGAGAAAATAATCAATATTTCCGGGATTTCCTTTCAGAATATCCTGCTGGATTTCAGGGTCATACTCAACCTTCCAGTAATGGTGAGCTTCCGCAAAATTTCCGTTATTTTTTTCCATCAAATCTACAAATCCGTAATTATCCATCGTGTAAAAAGCATCCCGGTACTGTTTCGAGAGCATATACTCAATTGCTTCCATCTGCGGTTCCGTCTGATCGGAAAGATATAGCTTGTGACCGTCCCTCATGCTGAAGCTCAATATTACAAACACAATGGGCAAAACAATCATGAATGCCGCATTCGGAATCCATTTTATAGACTCTTTGGCTTTCACATTGCGGTAGAGCTCTTCTCCGAGATAGTATCCGGCATAGGCAATATTCATTGCAAAGAATGGGAAAAGCGGAATAATATAAAACTCAATGACGATACCGCCGCGGACCAGATAACCGATAAGCGATAACGTGAGTAATGAGAGAATTCGTGCAGCTTTTTGTCTGATCCCGATGATCAGATTCACGAGCGTAGTCCCAAATCCGAGCAGTATGATAACCGGATCTTCTCTCATCCAGATTCCGAAGTTGTGCCAGAAGGTACTTCCTGAAATATCGAATATACTTCCCCCATCCCGTTCCGCCTGAAAAATGAGAGTTTCAATAAGACTGACATGATTTGCTGATCCGAACATTCCTTCCGGGAACAATTCCCCTTTCAGCAGTGCATACAAAAAATAGAGAGAAACAACCAGTCCGACATAGCTGATCCATTTGATGACGGCAAATAAGCGATGATGCTTATGCACCTGAAGATACACAATGTACACAAACACGGGAAGCATAAATACGGATGTTTCTTTTGAAAGAAATGAAAACCCGAATGCTATGGCACTGAACATAATATTACGAAGCTTATTGTTGTAGTAAAGTAAAAAAGCAAGAGAAACAAGTACCCAGAATACCATGATATTATCGAGGAGAATTCTCCGCTGGAAATATATTGCAAGTGGAGAAAATGAGAATATGATGACACTCAAAGCGCTTGCTAAACGACTTCCTGACAACTTTTTCATTATGAAGTACACCAGGATGCTCGATGCCATATGCATAAGCAGCATAAAAACCCGGCCGAAATTTACGGAAAATCCGAAACTGAAAAAGTCAGGGATAATGGCATACCAACCTGCAAGCATCATCCAACCGAGAGGCGCATGATCATACCAGTAAGTGTAAGCATCCATTTGTCCCAGGTTTATCAGCGACCAGGCCCTTCCTAAATAGATTGCTTCATCATTTTCGTAGTATGGAAAATGAAACATATTGACGGCATGAGCTATCGCCCCTATGAGGACAACAAGAAGTACCAGTCTACTCTCCCTCCGGTTGAAAAATGATATGATACGACGCATAGGTTACTGAAAAAGATATTTTCGTACGGGTTCAGGTTTACGGTGAACGTTGAGATGCTGTGTTTTTTCCCAGGAAGAGGATCCCCTTCTGTGCCTGTAAAGTGCCCGTATAGCACTAATACTGAGAAGTATTTGATACGGTAAGAAAAAGAGTAACAATTTGAACGACGAAAAAATCGGATACCGAAGGCTGTATTTCCTGGTAAATTCAAACAATCCGATATTGAGTACAACAAGCTGTGAGATAAGTGTTAGGAGCGGTATGAATGTATAAACCGCAACATACACATCCAGTTTATAGGCAATTGCCGTATAGACCATGAAGGGAATAATCAGTATCGTCACGCTCTGAATAAACGGAATGAGAAGGACATAGGATGCCAGCAGTTTTTTTCTTCCCCCTCCGAGATACAGCCATTCACCTTTCAGAAAGATCTGCAGAAAGCCCTGAATCCATCTCGTCCGCTGTCTGATAAAATCCCGGACAGTATGAGGAGTTTCCTCCCGAGTCGCCAGTTTTTCATCATAGACTACCTGGAATTTGGCTCCTGCGGCACTCAGCCGAATACCGATATCAGCGTCTTCCGTGAGGCACTGTTCATCCCATCCGCCTACTTCATCAAGTATTTTTTTACGGAAAAATACCGTATTGCCACCCAAAGGGACAAGACCGTTATTTGCAAAAAAGTGAAGAGTAGATTTAAACCAGAAAAAATATTCAAGCACATTGAACGTCGCAAACCAGTGAGTGTCAAAATTCATCAACTGTACTCCCGATTGAACAACATCAATTTTCGGATCTTTCTGTACGACGGTATTGACCACTTTATAGATATCCTTATTGGGCTGATCTTCTGCATCGAAAATGACAACAACATCATTTTTCACATACGGTAGTGCGATGTTGAGTGCGTGTGGCTTGTTTATAGGTCCGTCCATAAATGTCACAAGCCGAATCTTATCGTTCTGCAGCTTGTTTATGACATGATGTACTTTTTCGATAGTACCGATGTCATCATACCGGCAGACAATAATAAGTTGTTTTTTTGTATCGTCATAATCAATCGCATTAATTGCGCGGATAGTATCGCCAATAACTTCTTTCTCATTCCGAGCCGGTAAAATGGCAGTGAAAGACAAATCGG
CP065004.1_gap14	352046	353496	1450	GTAAACAAATCTTCTATCCGCACGCCATCGCTATCCGAAACCGCTTTGATTTGTGCTTTTTCAACTAGCCACCTTTTTGTTAGGTTTTTCTCTCCATCCTTCTTGCCCTGGTCACTATCGTAAAGGTATAGCACCTTACAACCCCAACCATGTAGGATTGTTCCCACTTTTGGCATATTTCCTGAACCGCCACCGTAAATAAAGTTTAACTGCCCATCGTCTAAGATCGTCTTAAAAGCTGTCAGGTAATACCAATCGGAAGGCCCCTCAACCACCACATTATTGAGCTTGTCAGGATTGGTAATTCCACTCGTTATTTCAAGTCCTATTGCAGTCAAGATAGGGGTTAAGGTTTCCTTGTCCGACACTTTGTGAATCTTTGATTCAACAGTCGTCCCATCCTCTCGTCCTCTAAAAACTAAACGCACCCGATCCAATTTGTCTGGATCGAGCAAGTAAGGAGAATGTGTGGAGAAAATGACTGGCATCTTGGCTGAACGATCCTCTAAAACGCTCAGAACATCTCTTTGTGCCTTAGCATGCAAATAAAGCCCAGGTTCGTCAACCAAAAGGTAGTTTTGTGTGCCAGACTCATAATGAAGCTTGAGCTGGATATAAAAAGAGAGAAACCATTGGAAGCCCTTACTTCGTTGCTGCATGCTGAACTTTTCACTTTTACCTTCTTCAACAAAGCCAAATACCAAATTATCTCCGTCAAGCATTGCTTCAAGTTCAACCTTATCTTGATTCCAAAAATCCAAGAAATCTCCCGTAATCGTGGTCGATTTACGACTCAGGTAGTTGATGTTTTGCTGTCGTGTTCGTTCTGCGTTAAGAAGGAGGTCTAGGTCTATCTCAGAAATTTTAGCAAAATTCAGCACCGCCTTGTTTTTCTTGGCTTCAGCTAAGGGAATTTGAAACGGCAAAAGATTTTCAAAAGAATCAAAGTAGATAAAGTTTGGGGTCGATTTGACCAGCGCGTCTGTAAACTTTCTCTCTAGATCAAGAGTTGTCTGAAGTTGTTGAGCTAACTTCACGGCTTCGGCCATATACTGAGTGGCAGTATTCCTCTGTGCCTCATCCTCGATCTTTGGCAAAAGCGGGGTTAGTTGTTGTTGAAAATCAGTTAATTGCTTTACTAGTGGCGCTGCATCACTAAAATCCAGCTCTGGTAAAGTCAAACCAACTGCCTCATTTTTTTTCAGAACTAAAGAAACAGAAGACGCCTTTCCTTTTATGGCTTTCCTTATTTCATTAGCTTGCCCATCTAATTTTCCATTTAGCCACTTAGATGTGTCACCATCGAGGTCATAGGTTTTAGGAAATGTCTTAGTAATCGTAAGGTCACAAGATTTTTGCTCTTTACCTTCTAGTCCGATTGCCTGCAGTAAAGGGTTTATCTCATCTGCTGATAATGTAAAGGTAATTGCGACCTGTGATACGGCCTCCT
CP065004.1_gap15	361728	366260	4532	GAGATTATCAAAGAACATGCAAAAAAAGATAAACGAATCAAGCTTCTCTCCTTTAACCGCAATTTCGGCCATCAGGCCGCACTTATTGCCGGTTATCGATTCGCCAAAGGTGATACGGTAGTCAGTATGGATGCAGACATGCAGGATCCTCCTGATATCATTCCTGAGATGGTCGAGAAGTGGAAAAGCGGTGCAAAAATCGTTTATGCAAAGCGGGAAAAGCGTGATGTAGACAGTCTTTTTAAGAAAATGACCGCAAAGCTTTTTTACCGGTTTATGAATGCCCTGTCCGATCGGAAAATCCCGGAAGATGTCGGTGATTTCAGACTCATGGATCGCGAAGTTGTGGATTTTATTGCATCACTTCCGGAACACTCACCGTTCCTAAGAGGCCTGGTGGCCTGGAGCGGATATCCCGAAGAATATGTGTACTTTGTCCGTGAAAAGCGTTTTTCTGGAGAAACTCATTACTCCTTTTCAAAGATGCTGAGCTTTGCTATGGACGGGATCACTTCTTTTTCCGTCAAACCGCTCCGAATGGCAAGTTATATGGGATTTGCAGCGGCTACTGCCGGTTTTATCGGCATGATTTATGCCATTATCGGAAAATTTTTGTTACCGATTCCGTGGGTCACGGGTTGGACCGGACTTTTTGTCGGTGTCATGTTCATAGGAGGAATCCAGCTGATCACCATCGGGATCATCGGTGAGTATATAAGCAAAATATATCTGGAAGTTCTCAATCGTCCGCACTTCACGGTCAAGGAAAAAGTCAACTTATGAAAAACTGGAAAATCATACTCATCTCTGTAGTCCTTGCTTTGGTCGTTTACGGCATTTACTCCTGGATCACAGGACAGCAAACGTCCATTTCACCGATCCCTGAAGATGGAATCAAAGTCATACAGATCGCCCCGACTGATAAATAATTACTCTCCGATCTTGAGCTGGAAGATATCCCCTTTCCCTCCGAGGAAAAGCTGATCAATGGTAAAGAGAATCAGATACGCACTCACATACACGACAAGTCCTATCACCGCCCAGGTAAAGGTCTTTTTCGCATCCTCCACTTTCCCAGGGTCACCGAGAGATAAGAGATATTTGTAGCTTCCGATGACAAACATTACAAAGATTACCAGCAGAATCAATGCGTTAGTCATCAACAGCAGGTTTCCCGTCACGACTTCCAAACATTTCAATGTCGGTACCCCGTTTACAAGACAGGTATTTCCCGGAGCATCAGGCGGTAATCCCGTATCTTTCCCGTCCAGATCATTCCATTCTTTGATCTGAGCGGATACCTGATACGGCATCAGAATAAAAAGAGAAATTATGAATGATGAGGTTAACCAATACGCAGTTTTGAATTTCATATCATTAGTGTAGATTATGTAAGGCGGAATAGCAACGGTTGCAGGCCAAAAAAAACTGCTGCAGAAATATCCTGCAGCAGTTTATGAATTTCAAGTTGCTTATTTACAGGTCTTGGTCGGATCAAATGCGTCGATGACAACATTGGTACAACCGTTAGTTGCATTAACAGCGCTACACAGTCCCCCTGTATTGGAGACACAGGTACAACAATTTTCTCCTGTTGTTGTCTCAACAAGTCCGGGAAGAGTCAAAGGACAGGAAAGTCCGAGACAGATTCTTCTCTTGAAAATAACCTGCTCGAGTGTCCAGATGATGGCAAGTACCGCAACGATCAAAATCATCCCGATTACCGCTGCCTGTATCTTTTCACGTGCTGCCGATACTGCATCCTTATCTCCTCCTGAGGTCACCCATGCAAAGGCGCCGATCAGCATGTAAAACAGTGCCGCAAGTCCCGCAATCACAAAGAAAGCGCGGATTGCAAATGTCAAAATATCCCCAAGTGACGGAATCTGAAATCCAAGTTCACCCGTCTGAATGGAGGTACATGCCGGGTATTCTTGATATTTAGCGGCCGAACATGCAGCTGAGACGTCTCCTCCTGTTAAAAAGATGAATGCGGTAAAGACCAGTGACAGTACCAGTCCGTGCATCATCAGTTTTCTATAAATATTTTTCATAACCTGATAATAAATGTAAAAAATTAATAATAAAAGAAATAATTACAATGCCGTGGCCTGCCCTGCATCATCACATTTATACTTTGCCGTATTGACAATCTGGCCAAGAGCATTCGTATTTCTGTTCACACAGACACAGCAATAATCACCATCTGTAGTTCTCTCAATAAGTCCGGGAAGTGTCAAAGGACAGGAAAGTCCGAGACAAACTCTTCTCTTGAAGATTACCTGCTCCAATGTCCAGATGATCGCTAGTACAGCAACAATCAAAATCATTCCGACTACAGCTGCCTGTATCTTTTCGCGTGCTGCCGACACCGCATCTTTATCTCCTCCTGATGTCACCCAGGCAAATGCTCCGATCAACATATAGAAAAGAGCTGCAAGGCCCGCAATCACGAAAAATGCACGGATCGCAAATGTCAATATATCCCCCAAAGACGGTATCTGAAACCCAAGCTCACCTGTCTCAATATTGGTACAGGAAGGAAACCGGCTTTTTGCATCGTTTGAGCTCCAAGTAAGTTCTGCGTTTGTTTTTGAATTGTATTGTTTCGGGCAATCAAGAGCTGCAGCATTTGCGTCTACAGCAAAAACAGACGCACCTGAGCTTACCATCGGAAGGAAAAATCCGTATACAAAAATTCCAATGACAAACAAAAGTGAGATTTTGGAAAGTAGCGAATGTTTTGACATAGATAAATAAAATGGTATTTCCTTCATTCTATATATATTTTTCTCTTCTTGTCAACACGTGATTTAAGACTCTTTTGCTCGATACTGGAGAGCTTCGGTGATATGCGGAGTACTAATCTTTTCAGAACCATCTAAATCAGCAATTGTACGGGAAATTTTGATCATCTTAAAATATGATCGTGCGGAAAGACTGAGACGCTCAACAGCTTGATTCAGTATCTGAAATGCCTGTTCTTCAAGTGTGCAGCATCTTTTGGTATCCGATGAACTCATCTCACTATTAAACGAAATATTAGTTTTATCGAACCTCCGTTTTTGCATGAAACGAGCTTTTTCAACCCGAACACGAATTTCTTGACTCGATTCTGATGTATACGTCTCGGACAGTTTTCCCACCTCCACAGGCTGCACGTCAATATGCAGATCAATCCTGTCAAGAAGAGGCCCGGACAATCTTTTCTGATAACGGTATACAAGGCTTGGTGAACACTTGCATGCTCTTTTCGGATGTCCGAGATATCCGCATGGACAGGGGTTCGATGCCGCCAGAAGAAGAAATCTGGCCGGAAATGTCAAAGTGCCTGCAGCCCTGGAGACCGTCACAATACCGTCCTCTATCGGTTGTCTCAAAGCCTCAAGGACACTTCGTGGAAATTCGGGAAACTCATCAAGAAACAATACGCCCCGGTGGGACATCGATATCTCGCCTGGAGTTGGATTGCTCCCGCCGCCGATCAATCCGACGCGGGATATCGTGTGATGTGGAGCACGGAAAGGACGAACTCCGTCAAAAATCTCTCTTGAGATTTCACCTGTGACGGAATAAATTTTGGCTACTTCCAGCATCTCGCGTTTATCAAGTAAAGGAAGAATAGTCGGCATTGATCTTGATAGTAAAGTTTTACCTGCCCCCGGTGAGCCTTTCAGATGCACATTATGAAATCCCGCAGCCGCAATCTCAAGAGCTCGCTTTGCCTGTTCCTGACCCTTGATCTGAGAAAAATCATACAAACCGGGCGGGTTTCCGTTTTCTCTCCGGTCAACAACGTGTAAATATCGGTCTATACGTTCTTTTCCTGTAAGATGAGATATCAATTCTTCAAGGGAACCTACCGGATAGATATCAATATCATCAAAAATTGATGCTTCTTCAACATTTTCTTTCGGAATATAAACTGTGGTAATTTGTTTTTCTTTAGCCAGAATAATGAGCGGGATAATCCCGTTCACACGCCGTACATGCCCTTGAAGTGAAAGCTCTCCGATAAACATGCTTTCTCTAAGTGCGGACTGTTCCAAAACCCGGGAAGACGTCAGAATACCTATTGCAATCGCAAGATCAAAAGCAGTTCCTGATTTGGGAACATCGGCGGGAGCGAGATTGACGGTGATGCGAGAATCAGGCATTTCATATCCGGCATTGGAAACTGCAGTCCTGACCCGCTCTTTTGCTTCATCAATTGATTTTCCAGGCAGGCCGACAATAGTAAAAGTGGGAAAGCCGCGGCCGGCAACGTCTACTTCAACTTCTACAAGCACTCCGTGAAGACCGAGAGTTGATCCGGCTGTAACTTTTGAAAGCATATATGTAATTATATAACATATATGACAGAATAAAACTATACCCCGTTTCCGGGGTATGAGTTTTTTTACATTCCTTCTGTTTCAGCAGCCTTTTTCTTGTAGACATATACTGCTAGCAGCGCACCGGCTCCTCCTACAAGAAGAAGCAAGATTGCGGCAACAAGGATCATCGGGTTCCGCTCACCTTCTTCAGTCGTT
CP065004.1_gap16	367993	369714	1721	TGCCTGAGGATTATTTTTTGAAAGAGGGGCACAGTTCTCATTTCCTGCTCCGCCGCCACAGTGCTTGAAGGGCACACAAAGCGGCTGCCACACTGCAGGAGGAGTTTCTGCCGAAACGGTTTGAGGAATAATTAAAAGGGTTAGTAAAAGAAGGAAAATGCGTATATGTCTCATAATTACATAATTGCAGAGAAATACAATATTGTCAATCTTCTTTATCTATACTAATATGAAATAAGAGGCATATCTCTTAACCCTTTGTTTATGAACATACGTAAGCTCATCATCATCGCAGCTTTTTTCTTCTTTTTTGTCCCGGCTAAACCGGTGAGTGCACAGATGGATTTTTACGGTTTTCCGCCTGTTGATAAGCCTCCGATTTTCTGCGGAAACCGCGAATCTCTGACATGTCCGAATGAAGTCGAGCCGATATATCAGGCCCTGCGTGATGCTGGGGAAAAAGACATATGTGCGACGAGCTACGCGGATTTCCTAACAGATCCGAAAACAAAACATTACTGGATAGAAGACCCTGCCATTACGGCTCAGGGAAAAGCCGATGAACGTGCCAGACAGTTTTTGTACTGGGTCCTGAATACCAGCGCAATTGACAATGCACGAGTTCTTACTGATATTTGGCAGTATACTGCGATGCTTGCTCTCTTCGGTGTAGTACTCGTAGCAGCTGTCTTCGGAATCGGCTATATCATCAGTCAGCGTACAAACTATGACTTTAAAATCCGGATCTGGCCGACGATTATCAAAATAGGAACCATGTTGTTGTATGTGGCCTTCTCAGCTTCTATCGTGTTTTTCCTGATCCAGTTCTCGGAGGTCCTGATGAAATTTTCATACGAAAATCTGGGAGGTCAGAAGCTCTTTAATATATACTTTGCGGCAGACGACAATCTTCTTGGCCGGACTGAAGCCAGCTACACAACATTCGTCGGCTGTCGTGACCTGAATATCCGTGTGCAGGAAGGAGTCGATGCTGAAATCTTTATGCTGAAACTGACCAATGTCAGTTACTACGTGATGGGAAGCATGCTCCTCTTGAGAAAAATTCTTCTCTGGTTTTTGCTTTTTGTATCGCCGTTTTTGGCGCTTCTTATGCCGTTTATTTTTATCAGGAACACGGGATGGATTTGGATCGGAGTATTTTTTCAGTGGCTTTTTTACGGACCTCTTCTCACTCTCTTTTTAGGTGCAATGGCAAAAATTTGGGAGTACGGTATTCCCTTTAGTTTTGACTTTTCACGTGTTGAAAAAATCGGCGGGTATATTTATCCGACAGGTATAAATATCGTATACGGAGGACCTGCTCAAAGAATCTATGGAGCCGCTTCAGAAATACCTTCCCGTCCTATTAGCGCCATGAACAACGGCAGCTATGTCGACACCTTTGCCGAATATGTCATCACACTTCTCATGCTGTGGGCTGTCACATTCTTCCCCTGGTGGCTCCTTCGAATTTTCCGTGATTATTGCTGTGATGGGATATATGCTATGAAGAATATTCTTCTGGCAATGTATGACAACATGCGCGGCGGACCTTCAAAAGGACCTACTCCATCCGGCCCCACAGGTCCTACTATGAAGTTGGATCGAAATATCCCGATCGAAACCGATATTAAAGTCTCTCTCGGATCACTTGCCCAGATGAAGAAATCCATGACAATCGATCTGGCGAAGAACCTCAATCTTTCCGCTTCCCGTATCAC
CP065004.1_gap17	380371	384691	4320	GAAGTTTCCAGCTTATTTTTTTGATCAGTGTGGCATTGATGATAAATGCAGCAGTACTTCTGAAAAAAAACTATAGAGCTTTGATTGGGATGAGTATTATCTCCACCTTTTATTTCGGTTTTCTGTCACCGACCAAGTATTACCAGATACCGTATGATACCCACGTTATGGCAGTCGAGCATACACCGTATAGTGATTACTTTATTCTGCAGTATGAAGATAATGGAGATATTTTTCGTATGCTTATGACTGATTTTGCCGGGGTACAGTCTAAACATAAAATGGGACACAGGGACGAACTTGCAGCTGCATACTCCAGATTTTTCACACTGCCTGCGTGCTACAACCTGAATAGTCGCGTTCTTCTCATAGGAGGAGGCGCCTTTACGTACCCCAATTATTACTCAAGTCAATTTCCGGACGGAGAAATGGATGCTGTGGAAATCGATCCTGCGCTAACGAGTATTGCCCGGGAATACTTCGAACTTGCAGCCGATACTGAACAGGTGCGGATTATTAACGAAGACGGGCGGGTCTATCTGAATAGGAATACCAAAAAATATGATACCATCTTGGTCGATGCATATGCCAACTCCATACCTCCTTTTCAACTCACGACAAAAGAAGCAATTGAAAAAATGTACGATTCGCTGGAAAAAAACGGTCTTCTCATCATGAATGTTCTGTCGGTCATAGATGATAAGAAACCCACACTTGTTGATGTAGAGATGAAAACAGTACAAGAAGTGTTTGGGAATATAACCGTCTATCAGGTGATGAAAGATAAAGATTTTGAGGAGACACAAGGTTTTATTCTCGTTGCAGAAAAGGGTGATGTGAGATTGCAAAATACCTGCTTAGTGACAAATCAAGGTTTGCTGAACAATATCCTGCACTACCGACCGAAAGGACAGACTCCAATCTTTACCGATTCCTATGCGCCTGTCGAAAGCGTGATTTTTTAACCCACGAAAAAGGGCCCGCCGGTATGGGCAGGCCCCGTTTCTTGCTTCAACATGCGACTGGGTCAATCCGTCGTGACGGACGGCAGATAGAGAAAAGTGTCCTCACTCTGGGCCGATTCTGCTGTGATGGTGACGCCGCCGTCTACAAGCTCCGTTTGCGTCGGAGCGTCGGTTACGAAACTCTCAATGCGAAGGTGGGAGGCTCCGACCTCCATACCTCGGAATCTGAGGAGCAAAAGCTCCCCATCAAGCAGGAACTTATCCGACCCGCCGCCGTAGAATACGAGTCGACCCTCCTTGACGAGGATGTCGTTGAGCGCAATGTCGGAACTACGAGGCAGAATCGATCCGCCTTCAAGATCCAGGAATTCGAGAGACTCCGAATCAAAGTGGACTTCGCCTGCGAAGAGCTTGGCTGAGACAGTCGACGAGACGGTGAGCGGGATCGTGATCTCATACGTCGTAGTGACGGTTGCAGTGGGCAGCGACACAGTGACGCCCGGAAGACCTTGCGGCCGCTCCGTCGTCAAGGTGAGCCGAAGTTCCTTCATATTGCCCCACCATTCTCCGATGATGGGGTCGCTGAAAAAGAATTTGCCGCCTACGAAAAACTCGACGCCGGGGTCGAACCGTCCTGATTGGTACACAGTCATGAGAGGGATGACGCCGTACTGCAGCGTCTCCCCGCAGCCCACGACGTATCCTGAATCGTCGACTGCGATGACTTCCAAGCCTTCCGGGACCGGTACTCCGTTGTCGTAGGCACGCCCGTAGACGTACCCCCGAATCGAACCACCCATGATTGCCGGGCAATCCGATTCCTCCTCTCCCTGTGCGTTTACCACCCCGAAAAGACCGAGGGCAGCGATAGCGATAAGAAGAGCTCCGAACCACTTTCTTGTTTTCACGATAGCCTCCTTAGCTAGTGAACGTTATGACCCGCCGATTGCGGAACTCTGAAGATAACACTATTTGTCATCCTGAACTTGATTCAGGATCCATGGATTTGTACTGGATTCCCGATCATAGTCGGGAATGACATGAGTCTCAACTTCTCCTCAAAATACCGCAATCAGCTTTAATCGCATGTTATTAAAGTGCTCCAACTTTGCATATATAGGCATAGCTGGACAAGCAAGTCTACAGGATGGGATTCGTTCTTTTTGCCACTACACGATACAATGCTTATATGTATGGTAATAACAAGATGAAGAATACATCGTAAGTAGGAATTGTGAGTTCAATAATACACCCGATAAGACCGGAAATCAAGACTATAGGACTTTATGGCATACGATTTCACCCACGAAAAAGGGCCCGCTGTTTAAGGCGAGCCCTGTTTTCTTGCTGTTACAACTTGTGGAGTTCCGTGTTGAACGGAACTAGTGATTGAGTGCTTTTATGCGGTCACTCAGCCCGCTCCCATCTTCTTTGATGAGATTATTCAGTTTTCAGACAACTACTGCAGCGGATCGGGGCCTTCCCCTAAGGCTCCCTCGACATAAGCGGAGACCAGCGGAAGGTACAACTCAAGCTGCAGGATCGGCATCTCGTCCTGGGGATCCAACGACATTGTCGGACCGTTGACTGCCGAAAGCTCATCGACCGTGATTGACTCCAACGTGAGCACTTGCGTGCCTTCCGTCGGAATAATCGTAAGATCAACCGAACTGACAGGATCAGTCATGGAAGCCAAGGGTACGAAGCCGGCGTTCGGTTGAACAGTGTCGAAACCTGCCGCCATCACAGACTGAACACTCTGATCAAACTGGAGTGCCAGGCCGCTAAACGGCTGTTCCGAGCTGATGCGGACCACCAGAGGCTGTGTGCTGATCACGGTCGTCGTGATGTTGGGCGTCTCTGCCACTTCAGCCGCAGCAACGGAATCACCGGGCAACCAGTTGCCGGTGACGTCACACATCAACCAAAGCTTGGTGATATGCCCACTGCTTGTCGGACCGTTCACTTCAACAGTGATTGCTTCGCCGCGCCAATCGCCGCAAGCAGCATCCGAATCATTGTAACGCGCAGCGAACCGCAGGATGCGGTTGGCATCGTAGCTCGTGATGGGTTGCTTATCGTCGGCGTCCGCGCTCCACTCCATATACGGAATACCGAAGGTGGTGCGGAGAGCCGCCCGCTGATGAGTAAGTGCGGCATCCATAGAGCTTACGGCATGCCGATCGTACTCGGACTTCTGCTTGGAGAAAGTCGCGGTCCACGTTCCCATAGTCGGGAGTGCGGCAGTGTAGCCGCCGTCCCAACCGGTCGTGGCCGTGACAACGTCGATCCCGTTAGACAGAGTGACCGTCACATCCTTCATGGGCTTATTGCCGTTCCAGAAGTAGACAGCGCCCGTCCAGAGGCTGGCGTTTACGGTCACCTGACCGTATTCACCCGCCACGGGCATCGAACCGCCGTTGATCAAGACCTCCGGCACCTGTACGCCCGAAAGCATCACAGGAACGGTCCCTGCCCGCAGCGCCCGAAACTTCAGGCGAAGCATGAGGCCGGAATTGGTCGTGATCGGCTGTTGTCCCTGTCCGGTGATGATAATCGAGCCGGGAGTACCCGTGTTCAGGATGTACTGGAAGTTCTGCGTCGCCGTTCCTGCCTGATCAATACCCACAAACGAAAGATGCGTCGGCGAATACTGCAGCCGCGCATCGATGCTGTAGATCTGACCGGTGTTGTTGCGGAATTCCAGCGGAACCATGATCTCATTCCCCACGACGGTTGTCGTATCGGGGATGGTCAAAGTCACAGGCAAGGTCCAGTCCCAACTGACCAGAAGACACAAAGGTGCCTGGTCGGTGGGCTGTAGCTTGATCTCAACGCTGCCTTGATTCTGATTCAGGCGCCAGCCTTCATAGGCATTGTTAGCCAGTTGGCGCCAATCAGTTGCCCCCACCAGTCGATAGTAGATCTCCCGCCCGACAAAGATGTTCTGGATAGTCGGATAGGTAGAGCCGTCATTCCAACGGTTGATTACGACCATCGGGCCGTTCAGGCACGTTGTTGCGTCATGCATGCTGTTGGTCTGACCACCATGAGACATACTCACGTGGACCGCAACAGGATCAGTTTCCTGTCCGTTGCGAACGAAGTAGGTGCTTTTGGGTGTCATGTTAGCAGAAAGCTGACGCATGTCGATCTGGCCATTCTTGAGGCGGGCCTGGATGACAAAGTCACTGAACACCGTAGAGCTTGTGTTGTTGACATACACCTGGAGGTTACCAGGGTAACCCCAGTGGTGTCGGACACTACTGCCCATCACGGGTTCAGCCGCCGCCCGAACTTCTTCGCCGTTCTCCAAAACGCTCAAGTCGCCTTCGAGAAGACCCTTCAAAACCAC
CP065004.1_gap18	445114	447482	2368	TCCATATTGGGAGTGACATAGAAAATATGGTCGTTTTGGCTGAACCTCGAAAGGTTACTACTTCATCGAACTGACTTTTAATATTCTCAGAAATGCGAAATAATTCTTCATGAAATGGTGCAGTTGGGTAGGTAATGTGTTCACTAAAATAGATATGAAAGAAGTAATAATGGCTTTCCCATGCTAGCTTCTTTCTTACTTTCGGATCGTTAATGATTTTATCCTTCAAGCTTTTCATTATCATTATGTAATATTTGTAATGCGTTTTTAATGAGTTCCTCTTGTTCTGGAGACAATTTTTCATCCTCTAATTGTTTAGTAGTAATTTCCAGTTTGTTGGTATAGTCAGGGTGATGATGTTTGAGCCAATAAATAATTCCTGTCATATTCCCGTTTTTGATGGCAGACAATAGTTGGCTTTCTGCCAAATCATTTATGAAAAATTTTCCTTCCTGAATAGCTTGATCAGTTTCTTTCTTGAAAATTTTGTCCTCTTTCCGCCATCGATAATATGTAGCTCTCCCGATTCCAACCTTTTCGCAAACTATCTGGATTATCGGAATTTTTTTTTGTTCTATAACAAGTTGTTTATTATTGCCTTGGCGTTCTGTAATGGTATCACCCATAGATTTTTTTAACTCGTAATCCAGTCAACTTCTCCCAACGATCAATAATTACCTGACAATACTCAGGATCAAGTTCGATCATTACACATTTTCTTTTCGTCTGTTCTGCGGCAAGTAGGGTAGAACCTGACCCACCGAATGGATCGTAAATAATGTCATTGATATTGCTGCTATTAAGTATGAGATGCCTCATAAGAGATATTGGCTTCATTGTTGGATGCAACGTACTTCTATTTGGTTTGGGAAAGAATAGTACGCTTTGATCTTTACTTTTTCTAAACCTATGACTCCCATACCATCCATAGGCAATAAGCTCATGTTTAGGACAGTAATCAAGTCGGCCCACAACAGAATTATTTTTTACCCAAATAAGAAGTTGTGAAAGTTTTACTCCTGCCTGAATCATCCCGTCTCGAAGGGCAAATATCATTTTGTCTGAATTAAAAATATAAATGCTATTTGGTATATTCATGAAAGGAAGAGCGAGACTTAGCCATTTATAAGTAAATTCAGAATACTCTGTATCTGTTTGAAAATGATCTGTCAGTATATCTTTCGGTTTGGAAACATTCTGAAAATTTGCTTTTGACGCAACATAGTCGATAGCGTAAGGCGGATCGGATATTATCGCACTAATCTTCACATTATTTAATATCTTATTGATGATAGAAAGGTCGGTTGCATCACCATTTATAAGATAGTGTCCATTCATTTCAAACATATCTCCATATTTAATTAAGTTTTCTGGCTTTTTTACCAGTAAATTGTTCATATCGTTTTATGATGAGATCACAAAAGACAGGTTCGATCTCAACTAATATTGCCCGTCTTTTTAATTGTTCGCATGCAATTAAGGTAGATCCACTTCCTCCAAATTGATCCAATATAATATCTCCCGGTTGAGTACATCTTCTTATTGCCTTCTCATGAAGAGTAGGAGGTTTTTCAGTAGGATGTGTGTATTCATTCATTGCTTTCCGTTTAGCAAGCCAGATATCAAATAGATCGAGAATATCATCAGTAAGACGATTTCCGGATCCTACTTCTTTATTGAAGACCTCATTAAGATTATGTAGCTTAGAAGAGAGGAATGGTTTACCTCGTGTTCCATACACACATGGTTCATATGCTTTGTTAAAAGCAACTTGTGGAGTTGGATTATGCCCATTTTTAATCCATAAGCATACTCTCTTATGATCTATACTTTGTTCTTGATAAATTTGTTGTAAAAGCCCAATATACTTTTGATCACAGTAGTAAAAGAAATGACTATCTTTTTCAACGGAAGCCAGAGCATTTTGGATAATTTCTGTTAGAAACTGTTTAAACTCTGAATCTGATTTATTATCCTGTGTCTTTCCACCGTACTGTTTGGCACCTCCTAGACCTTTATTGTAATCAAGATCAATATTGTAAGGACTGTCCGAATAGACCATTTTTATACCTGGTACATTTATGCATATTTTTGTTGAATCTGCACAAATTAGAAGATGATCTCCTAGCTCATAAACATCACCGGGCTTTGTTTTAGGCTCGTCAATTTTTTCTAATTCTTTTTCAGTATCGAAGTTGTCATCTTCTACAGATAAATGTTCGTCCCATATTTGTGAAAGGTCGCTATTATCAAAACCAATATCAAGTAAAAGGTCAATATCGAATGACTTCAGCTTTTCAAAGTCCCATTCCCAGTATTTTTATTAAGTCTAAGGTTCAACTCCTTCTCTTTATCTTCATCGGGAATA
CP065004.1_gap19	465392	469820	4428	ACTCTTCAAGCTTTTGACAATACCGTCATACACCGCCTGATAGACTGCTTTCGGTTGCATGAACTTCACCTCCTCTTTTCTCGGATGGACATTTACATCGACCAGATGATGTGGAATTTCAAGATGTATGATCACTTGCGGATAATCAGTCGGTGAAAGGAGCGTCCCGTAGGCATCTTTAATGGCACCTGCTATTGTCGTATCTGTGATAGGCCGTCCGTTTAAATACAAAAAATACTGTTTCGTCGTTTTGTAGGTAAGTTGTGGTTTTGATATATATCCTGACAGAGAAAGATATTCCTGCACTTCACTCACGGGAATAAGTTCTTTCAAAACGGATCCGGGAAGAAGAAGCTCCAACCGTGCTTCAAAATCCGAGACAGCGGGATATGTTGCAGTCAGTTTATTGTTATGAAAAATCTGAAATCTGATTGCGGGAAAACTCAGTGCGTACGAGCTGATCATGGATATAATGTGTCGATATTCAGTCTGCTCCGATCGTAAAAATTTTTTTCGGGCGGGAGTTTTGGTAAAAATATGACTGACCGAGATATCGGTACCTTGAGGCATAGGGACAATTCTGGCATCCGTTTTTTTTCCGTTTTCAATAATGACTCGGTACCCGGCGATATCATCGGGAGTGCGGCTTGCTATAGAAAGACGGCATACTGATGCGATACTCGCCAAAGCTTCACCGCGGAAACCGAACGATTGAATGTTTTGAAGATCATCTTCATCATAGATCTTACTGGTAGTGTGCCGGAGATATGAGAGTTCTATATCTTCCCGGGTCATACCGATTCCGTCATCAATAACTTCAATTGCCTCCATCCCGAAACCTGACAGCCTGATAATAATCGATTTTGCAGAAGCATCTATTGCATTGTCAAGAAGCTCTTTCAGGATGTAAACCGGCCGTTCAATCACCTCACCGGCGGCTATTTGGTTGATCAGATGATCAGGAAGGTGATGAATAATTCCCATAGCTTATATCTTACACTGACTTTTTCAACTCATCGAGAATGTTGATGGCATCAAGAGGTGTAAGTCCGTTAATATCCAAAGATTGTAATTTCTTTTCAACTGTCGTTTTATTCTTTTGTGAAACTTTAGTTTGCTTTTTTGTCCTTTTTTCACCGGTTTCAAGCTCATGAAGCTTATTCCAGGCAGTATCAATGACTGTTTCGGGAAGGCCGGCCTGTTTGGCAACCGCCACACCGTAACTATGAGATGCCGCCCCTTCCTGTATCGTTACAGAAATACCGGTTCCCCGTCCTGGTCCGTAACTGCCATATGAGCATTGGAAATGCGGTCAGGATAGTTGTCCTCCAACTCCTGGAGTTCATGATAATGAGTTGCAAAAAGAGTTTTGGGTTTTTCCGTACCCGTAACTAAATACTCGGCAACTGCCCAGGCAATACTGATACCGTCGTAGGTACTTGTTCCTCTTCCGATTTCATCCATAATCACGAGACTTTTTGATGTTGCTTTGTGCAGAATTTGTGCACTTTCTACCATCTCCACCATGAACGTGGATAGCCCGTCTGCGATCATATCGGATGCCCCGCTTCTGACAAAGATTCTGTCAACGACGCAGAGCTTTGCTTCTTTTGCCGGCACGAACGAACCGATTTGGCTTAACAAAACTATTGTTGCAACCTGCCGCAAGAAAACGGATTTTCCGGCCATATTGGGGCCGGTTATAATTGTCACCTGATGCTTTCCGTCATCAAGAAGCGCATCATTCGGCACAAACTGCCGATCCTCAAAGATTGACTCAACAACCGGATGTCGGCCGGCCATAATGGTAATGGCATTCTCGTCGGTAAGTATCGGTCTGACAAATTGCTCCTGCTCGGCAATATCCGCAAATGTCAACAAACAATCAAGTACCGCAATGGCATCCGCTGCCTGCTGTATCAACGTAATACGATCAACCACCCACTCACGGACTTCACAAAAAATTGCATATTCCATGTCGTGTGATTTCTCTTCTCCCGTCAGAATAGACTCTTCTTTTTCTTTTAATTCCTGGGTAATATACCGTTCCCCGTTTACTAAAGTCTGCTTTCTGATATATTCTTCCGGAACCAAATGCAAATTCGATTTACTTATCTCAATGTAGTAGCCGAATACCGAATTGAACTTTACTTTAAGAGATGATATTCCGGTTTTCTCCTGTTCCTGCTTTTCCAGAATTTGAAGCCATTCTTTGTCTTTTGCGATTATGCTGCGCAGTTTGTCCAAAGTTGAATCCACTCCCTCTTTGATAAGGCCGCCTTGTTTCAGGTCAAACGGAGGATCACGAACAATATGTTTTTCAATAAACGTAATTATTTCCTGTACTTTTTCATCGACTGACTTATACAGCTCCTGCAGCAAAGGACTTTTCGCTTTTGCAATCGCTTTTTTTATTTGAAAAATATGAGACAAGGAATCCTGAAGACTGACCAAATCACGGGCATTCCCAGCTTCAAGAGATATTCGGGCAATGGTACGCTCAACATCGTGAGTCTGCCGCAAATGCTCGCGCAGAGATTTCCTGATGTCGTGATTTTTTAACAATTCCTCTACTGCTTCGTGCCTTTTAAGTATTTCATTTTTTTCAATGAGAGGATTTTTAAGCCAGGTCCGCAGTTTCCGGCCGCCCATGGCAGTCGCAGTCCTGTCAAGGTACTGAATCAGACTTCCGCGAGTCTCTCTGTTTCTGATCGTCGAAAACAATTCAAGATTGATGATCGTTGCCCGATCAAGATACATATGATGCGCTTTCGGTACATGAGTTATAGTTTTAAAATGAGGAATACTGCTTTTTTGGGTGTACTGCAAATAATGCAGCAGAAGGCCAGCTGCGTAAACAGCCCGTTTGTCTTTTGAGACATCAAAAAGTTCGATCTGACGGCCGAACTGTGCTGACAATATCTCCCGGGCTTTCATTTTGAACTGTTTCGAAGACCCGAAGGTATTGATGTTGAGTCCGTCATGTCGGGAAAGACGACCTAGAATATCTGGATCATTGTATTGTTCGTCAAAAAGGACACATTCAGACGGTCTCAACCGCACGATCTCATCATCAAGGACAGTGCCGTCCGCACCGTCAAACTGCGTCATATGAAAATGTCCTGTCGTCAGATCAGCAAGGGCAAAGCCTATCGTGTTGTTGTGAAAGAACAAAGACATAATATAATTATTTTCCTTTTGGTTAAGTGATTGATCATCAAGGACAGTACCAGGCGTGACAATGCGAATTACCTTCCGGTCAACCAATCCTTTTCCATCAGGAAGACTTACCTGTTCACAGATTGCGACTTTAAATCCTGATTTAATAAGTTTCGCAAGGTATGAATCCACCGCATGATACGGAACTCCGGCCATTGGTATCCGGCCGTCCTGCCCGCGCGCACGACTGGTGAGCGTGATCTCAAGAGCCTTTGCACCGATCTCGGCATCTTCTAAAAACAGCTCATAGAAGTCCCCCATGCGAAAAAACAACAGACAATCCGGATACTGCTTTTTCACTTCCATGTACTGCTGCATCATGGGTGTTGAGAAGTCGTGCATAGTAGTGTATTACTGTACCATATTTTCGTGTATCATGGAACTATACTTATAATTTACGACATCTATGTCTGAACGAATAATCGGATATACCCTTCTTGGAATCGGAATTATTATGATCATTATTACCACCTTCCAGATTTTTTCCGTCTTTACTGGGAAAGCAACACCGATTCAGGTTTTTAAAGTTGAAAAAACCTCAGCGAAAACACAACCATCTACGACAGATCTTCTGGAAAAATTGCAGCAAGGGGACATTTCGGCACTACTCGATTCCGGTTCAGGTAGTATTCCCGGCCTTGAAGTAATCAGCCCGGAAGCCATATACAAAATGCTGAACATTACCGTATATTATTTTCTGATGATGTTTTTATTGAATGTGGGCTACAAAATTGCCTCGCTCGGGATCCAGATGGTACGCCCCGTCAAAGTAGAAGTAATAAATAATAAGCTTGCCTCGATGATGTCACAAAGTGAAGAACAATCCTCATAATGACTATGTCAAAGCATCCACAGACTCACCATTTCAACGCACTTAAAAAACGATGGATCAAAAAACATCAGGAGATCCAAAAAAAGATTAAAGAAAAGCACACTGAATCCATGAAGTGGATCGGTGATAACTCAAAACATATTGCCGTGGGCTCCATGACAGGACTTTTGATGCTGGCACACCCTGCGAATGCAACCGTCCTCACTCAGAACCTCCTGCCTCCCCCTCCTGCAGAAGAACGGAAAGCATACACGAAAGAGGACCTTATCAGTCAGCTCAAAGCCCAGCTTCCCGAGACCGTGCAGGAATTGTCGGCAGAACAACAAATCGCAGTAGGCCATACATTATCAACCTTTTTTAATATGACTGTTTCCTCC
CP065004.1_gap20	477239	477855	616	TTTCTATATACAATATGCAGAAGAGTTCTGCATCAGAACCAAGTTCCTGTATTGCCAGGAATTATGATGTTTTTGTATTGTTGTAATAAGATAAAAAGATTTGTAGTCGCATACTAATATAAGTTAATTTATGTTGTTAACACCCAACTTCATCAATTATTAACCCTTCTATTGTACCTCCTCTTACCTGTTTCTTCAATACAATCGTTCTATTCCATATTTTTTTCGAGTTCATCCAGTGCTTCTTTTGCGGTATCGAATGAGAATCCGCGGCGGGAAAGAAAATCAATTGCGCGCTTTTTTCGCTTGAGAGGATCAAGATTTTTATACCGTGCCCATGCTTTCTTGAGTGCTTCTTTTGCTAAAAAATCTTCATGTATTTCGCTTTTCTCAAAGTAAGCACTTATTTTTTCCTCCGGCAGGCCTTTTTTAAGAAGTTCCAACCTCAGAGCGTACATACCTTTAGGTTTTGCGGTAGTCCGATATCTGACATAAGATTCAATAAATAAATCATCATTAAGATACTTCTGAAGTTTCAGTTCATGCATGACCTCTTTAATATCATCATCAGTTGCGTGATATTGATCGGCCTTTTTTTTCAGGTAATCAAGCATTT
CP065004.1_gap21	514669	518553	3884	ACGGTACGCCGCGGTGAGCCGAAGCGGCGAATACTCATCGTCGATGAGGCGTGGTATCTGATCAAGAATAAGGATTCAGGTGCGTATCTTCACAATTTTGCCAAGCGCGCCAGAAAATATAAACTCGGTATGACGACGATTACTCAGGACGTAGAGGACTTCTTGGCAACGGAAGAAGGAAAGGCAATCATAACAAACTCAAGTCTACAAATCATTCTCAAACAGTCTACCGCAGCTGTTGATAAAATCACTAAGACGTTTTATCTGACGGGTGGAGAGAAACACTTCTTGCTTTCCGCCGGTGTTGGTGAAGGATTATTTTTCGCCGGTCAGTCCCATGTGGGATTTCAGGTCATTGCATCCGATGAAGAAAAACGCCTTATTGAGTGATCTTGATTACTTCATTGAAGCGAGCATATCATACAAAAGAAGCTATTAAATCTGGTATAGTTATTATCTCCTTGTTATATACTCTACACTATAGTCATGAACAGAAATTTGCCGTTTCTTGAAAAAGGAAGCACCGGATCGCTGTCTTTCCACGGTAGCGGAGGAAACTCTTCCAGCTTCTTCTTTATGCTCTACGTAGTCGGAGTAAGTGCTTTTTTTTTGACGGTTATCGTCCGGCTCTTTCAGCTTACGATCGTAAAAGGAAATTATTATGCCCAGCTTGCCGAAGACAATCGTATCCATGAGATTATTATTGAAGCTCCGCGCGGGAAAGTTTATGACCGGAAGGGTATCATGCTTGCGGGCAGCACTGGTCCGGATATCACTGAGGAACAGGATAGAGTCGAATCGAAGCGTGTTTATTACAACGCCGAGGCCTTTTCTCATATTTTAGGATATAGGCAGATTGCGGATAAAAATGATCTTGCAAAAGATGCATGCCTCAATAAGTTGAAGATCGGAGATAAGGTCGGGAAAAAAGGTATAGAACAATTGTATGAATGCGATCTGCGGGGACAGCGGGGGAAAAAACTGGTAGAGGTTGATGCTATGGGTGATCAGATCAAAACATTGAGTATTTTAGCTCCTACCGCAGGGAAAGATATTCAGCTTGCGCTTGACTCCTATTTGCAGGAAAAAGCTCATGAACTGCTAAAAGATCAGAAAGGTTCAGTCGTAGCTCTTAAACCGAAAACAGGAGAAGTACTTATTTTAGAGTCGGCACCAGGATTTGATCCGCAGCTTTTTGAAGACGGCGACACTACAAGGACTCAGGAACTCATTACTGACCCTGATAAACCTCTTTTTAACCGTGCACTTGAAGGTAATTATCCTCCCGGATCAACATTCAAGATGTTCGTTGCTTCTGCCGGACTAGAGGAGGATGTGATCACTCCTGAGGAAACAATTGAGGACAACGGAGTGCTCGAAGCCGGGCCGTTGAAGTTCCACAACTGGTATTATCTTGAGTACGGCCGTACCGAAGGGCCGGTAGACATGATCAAGTCTTTGCAGCGTTCCAATGACATTTACTACTATACCTTGGGAGGGAGATTGGGACCGGAAAAAATTAAAAAATGGGCGGAAGAATTCGGTTTTCAAAACAAAACGGGAATTGGTTTATATGAAATTGCTGGCATAATCCCTTCCTCCTTCTGGAAGGAGGAAGTATTGGGTGAGCGCTGGTACCTCGGCGACACTTATAATCTTTCTATCGGCCAGGGGTATGTGACCTCTACTCCCCTCCAGGTTGCCGCTGCCACTGCCGTATTTGCCAATGACGGATATTTATGTAAACCGCGCCTTCTAAAATCGTCGTCTGAGAAGGAAAGTGACTGTCGAAAAGTGTCGATTTCAGAAAGTACTTACGATGTTGTCAGGGCTGGAATGAAAGCTGTTTGTGAAACAGGAGGGACAGCGTATCCGTTTTTCGATTTCAGAGTCGGCAAAAAAACTGCTTCAGAGAGCGCTAAGGTGTCAACAGACGAGACAAAGCTAGCAATGGAAGGTACCCGGATAGAAGTAGGCTGCAAGACCGGAACGGCAGAATCTCACGCTGAATCGGGGAAACCGCATGCCTGGTTTACGATTTTTGCTCCCTATGAGAATCCTGAAATAGTAGTGACGGTACTCATTGAAGAAGGCGGACAAGGATCCGATGAAGCATCTCCGGTAGCAAAAGAAATATTAGAGGCATATTTTGAGCGTGTGGAATAATCTTCTTGTTTTTATTGTTTTGTCGTGTAAAATAAAACTTTCGTCTACATCTGTCTTATTCTTTTCTAAGAAACACACCGTCAAACAAGTGAGTCTTTAAAACACTATAAGATATTTTGTGGTATAATATTCTTTTGAATAATTTCAAAATTCCATAGAATTTTGGCATGCAATTATGCTTAGTCTTGAAGAACGTGAATTGGAACCGAACCTCTCTTATGATCCGGCAATTTTCAAAGAGAAGTTTAAACGTAAGCTTGAACAAGGTATTCGCCACCCACTGGGAGGCGACAAATTTGCAAGCGACTCCTGCAGTGGTCTTTTATTGGCTTTGGAAGAGGATCCTTCATTTCTTGAGCTGTTTTCTGAGGCTCAGAGATTAAAAGGTCCTTCTTCAAGTACTGAAATGGCGAATTTGGCAACGGTTCATGCTGTAAATTACATCATGACATTCGGTGAGGGAATACAAAATTATCCTTCTGCATTGGGGTTAACAGACGCAGTCGCGTGGAAAGATAAAGTATATTCACGTGTACAAGGGCCTTATGCGGACGAATACTTGCGTCTGCTTGTTGAGAAGCACGCAAATACAAACATTCCGAACCGCGGAGCACATTTACCGTTTTTATTTCATACCGCGTTTCCGGGGCAGCGGGTAAAAATCTGTGATGTAGGGGCTTCTGGAAACGGCATATTGGGTAAATTGGCATATAACGGGTACCGAGCAGATACTCCTTATCTTTTTCAAAGCGACACAACTGCTGCTCAGGGAGTAAACGGCCTTATCCGATATTACGCAAATGAACGGGTCGATTTTTGGGGTGTCGGCTTTGATATTTCGAACATGCATAGCTCACCTGAACAGGAGAATTGGTTTTTAGTAAATGACTACATAAAAAATATGAATGAACCGTATCTTGCTGCAAAAAGGGCACGTATGGAATTGTATCGGAAGGCGCGGAATGTGCATTTTTTCCAAGGAGATATGACTCAGCCGCATTTCAAAAGAGGTGCGCTTGATTATATCAACTTCTCATCCACGCTATATGAACTTACGAAAGAACAGCGTGCCTTAGCTTTAAAGTATGCTTTCGAGGCAACAAGCAGTCCTACAGGGTTGGTAGGAGTGGCGGATAGGATTGTCGTCCAAAACGGTGAACTTGTGTTTACGAAAGATCGGAGTAAGGGATCATACGGACTTGCTCTGAACGGACAACGGACCGGAGGAAGATGGATCAATCCGATACGGATGGCCGATAGCACTTGTGAAGTATATACTCCCGGTCCTGACTGGGAAGAATATCTTCAATTATTCCCGCCTCAACTTGAATGTGAATAAGTTACGAAAGATATGGCACTCATAGGGAACTAACATCTATGAGTAAATGGGGAGGAGATCAGCTTCGAGTAATTAGGAGGGCTCTAGACTAGCAGAGTAGTGCTAAACTAGAGGTATGGTTTGTAACAATAGGCCGATATCAAAATACAAGAGAAAAAAGATACTATGGTGTTTTGCACACGATCTGAGTGCTACACAGACCTCTGGTATTTTGGGTCTCAACCGCAATACAGTCAACAAATATTACAATAATATTCGTCAACTCATATATCATCACCAAGTGCACCAGATGCAACGATATGTTGGTGGTGAGATAGAAATTGATGAATCATACTTTGGACCTCGAAGGATGAGAGGCAAGTCAAGTAAAAGAGGTCGT
CP065004.1_gap22	534425	535137	712	CGATTACGATTTTAGTTAGAAGATTTATTCGGTCGAAGGGAAATACAAAAAATCAATTAGGATATGTCTTGTTAGGCTTAGAATTGATGCTGGGATTAATTATTGGAACGATAATCTTTCCACTAATTGTTTATGGCAGCATCTTTTTTGTGGCATTTGCACCAATGTATGCATTACTTTTCTTAACTTTCACAGCATATGCGATTGTAAAGCATCGCCTTCTTGAGGTACGCGGACTGGTTGCAAAAGCTGTAACTTATACAATTTTATTAATATTAATTGCTTCTTTTTATACGTTAACGACATATGGTGTTGTTACGTTATTTTTTCATGAGTCTATTCCGGCGAGATATCTTATACTCTTTAGCTTACTTTGTCTTTTTATTGCACTATCTTTTTCGTGGATTAAAAAAATAACTGAAAAACTCACCGACAAAGTATTCTATAGAGACCATTATGATGCAAATGATTTGCTTTGGAGTCTGAGCCGTATTATGGCATCGACACTTTTGTTGTCAGATTTAGTCAAACAAATACTGGATAAACTCCTTGAACAAATGAAAATTAATTACGGTGCTGTAGTTCTGGTAAAAAATAAATCCATTTTTTGGGTTGAAAGCGCAGGAGAAGTCTCGAAGCATCCGTTTGACAATGCCGGGGCGTACACCCTCGTTTATGATTCCTATCACACCACAAAACACAACGAGCATAT
CP065004.1_gap23	536732	537912	1180	AAGATTCCGTACGTGCGCTGGCTGCAGCCGATGCCGGAATTGAAGTGGGGTTGCAGCGCGCGAATAATTTACCGGCGCAAACGTATACTTTTGCGGATTTGAGTTTGAGCCTTGCCGGTGTCGACTCAACAAGAAGCAGAGTCCTTATTACAGATACCAGCAGTGATTTTGTATCTCCAGTTATACCAAAAGACGGCCAGTTTACATTTTATGTCAAAGATTATAATGATCCGGCAGCTCCCAATTATGCTTCAAATATTGCGATCAATTTCCGTTCGGAGTCGGGTAACTCATGCGGTGCTCCGCGGACTCAGCCTGCGTATGAATTGACTTATATTTATGGCCCGACAGCCAATCTGGTCCGCCGTATGCTTGTTGAGCCTTGTACGGGTCCTCAAGCAATATCGGGAAATTCGTTTACTGCGGCAAATCCCGGATTGTATGTAGTTGCAGCAACTAACTTTGAACACCGAACTGTAATCAATCCCGCAACGTCCGGAATGGCAGATATGAGAGTCATTATCATCCGCCCGATATTCGGATCGGCCCGTTTCGGATTTACCGGGACCAATCTTGAACCTCAGGGCAAGCTTATTAGATCAGAAGCATACACTACATCCGGACCGTCAAAAATTGTTACCATCTTTCAGTCTCTTCCCCAAATTCCGGCAGAATTTTTCGTGACGACATTCTAAAAATCAGGTGAATTTTTCGAAATGTACTTGATCTCGGGGAATATTTTTTGAAGCAAGATATTCTTTCAAAGACTCCACTACGTTCGGACCGCCGCAGATATAATAGTCGTAATTATTCAGAGTTTCTCCTTCCATGGCTTCCAGACCGTGGGTCACCCGTCCGATCATACAATGAGGATTATCGGACTGTTCCTCCCGGGAAAGACAAATCTTTAGAGAGAAGTTTTCATACTTCTCTGCCAATTCTTGTAGTTCCTTCATGAGATACAGATCTTTTTTGTATTTCATTCCCCAAAAGAGTTTCAGTTGTTTTCCGCTTACAGAATCGGTTTCAAGCAGTGTTTTAACCATACTGTAAATCGGTGCTATACCCGTACCAGTTGCCAGGAAAATGCTGTCTTTATCTGATTCTTTGTAGGTAAATAATCCTGCGGGTCCCTGTAATGTCGCTTTTTGCCCGACGGGAAGCTCTTTTACAAACATAC
CP065004.1_gap24	541008	545108	4100	AGCCATATGCCCACCAGTATATCACAAAAAAACCCTCCGAAGAAATCGGAGGGTTTTAAGGTTTTTACTTAGCGAGTGACTTGGATTGTGCCGCCATTTGCATCCGGTGCATAGATGGTTACACGATTGTTTTCAGCTGATGCTTCGTATCCTGTGTCATAAGCTGTACAGTCAGTGATGTCTGCTCCCTGGTTACTGGCAGGATCCTGCGGAAGTGCAGCGATATATGTCGGGACAAGAAGTGTGCACAGATCAACTCCTGTGTTACTGATTGCCGCAGGTGTTGCAGCCATAGTACCCGGGACTTGTCCGTTGTTGGCGACCATATATTGATTAACAGCATTCAAAATGGCATTGATATCACTTCTTCGTTTTGTGTCATCTGCCTGCTGAAGCTGTTGACCTGGATTGACAGCAATAAGAGTAATAGCCAAAAGGACTGCAAGGATACCGATTACGACCAACAGTTCAATAAGCGTGAATCCTTTATTGTTTCTAAGTTTTAACATAGTACATAGAAATTAATAATATATTTTCAGAATAGTGAAATTTTAAGGGCATGTCAAGAGTATTTGCTGTGTTATCAATGCAGAAGCAATACATCACTCTTCTTCATCCTGCCTGTAAGTTGTGATGAGGACGTCACTCGTGAGTTCATCATTTTCACGGGTAGACTTCATAGCCGAGGGATTTTATCATAGCCAAAAGGACTGCAAGGATACCGATTACGACCAACAGTTCAATAAGCGTGAATCCTTTATTGTTTCTAAGTTTTAACATAGTACATAGAAATTAATAATATATTTTCAGAATAGTGAAATTTTAAGGGCATGTCAAGAGTATTTGCTGTGTTATCAATGCAGAAGCAATACATCACTCTTCTTCATCCTGCCTGTAAGTTGTGATGAGGACGTCACTCGTGAGTTCATCATTTTCACGGGTAGTAACTTCATAGCCGAGGGATTTTATCATGGTTGTAATTTCGTCTTTATAGGATCTCGGAACCGACGGCTTGAAGACGATTGACGTTTTTTCTGAATCAAGAGTTGGAGCATTTCCTGTCGTGACATTGGTAAAATCAGCCTCAGCCAGGCGATCCTGTACCCGATCCGCTTCTCCTGCAATGCCTGAACCGTTCAGTACCCTGATCTCGATATCTTCTTTCGGGATATCCGGCTTAAGAGTTGCGGTAGGAGACGCCGTTGTCGGTGTGGCGGAAGGGAGTATCGGTACCGTGGCCGGTGCGGTGATATCAATCGGTTGTCTTGAAATTTGTTTCGGTGCCCGTTTTTTCTGCATATAAAAATAAAAAGCTACAAGAATTACAATCAGGACAGCAAAAACTCCCAACAGCAAATAAAGTCTGTTATTGCTTTGTTTTTTCGGTGTCGAGAATTCTTTTTCATCACGGTCAACATTTTTCGGCTCTTCATCCTTGACCGGAAAAGAGACCTGCTGGAGTGAGTTGAAGTGCTTCATAAGCTGACCTCCGACCTGCCCGCTGAACGTGACTGACTGCTGTCCGTACAGAGCAAAAGTCGGGACTATCGCCTGTGTCGTAAATCCAGCCGATTCAAAAACGTTCTTTATGGCGTATGCAAATTCTTTATTCAGTGCGACGATTACGGTGGTGTTTCCTTGCGTATAGGGTTTGCTCAAAACTTTATTAAAAGGAACATTGTCGGTAAAATCCATGCGAAGCGTTTCAATTTCTTCCGGAGATGTTTTTTCAGGTATTACCTTTTCAAAATAACACTGAGAAGAGAAACATAAAAGAACGTCAGCGGGCTTGAGTTTGTTGGCTTTCACAAAATCACTGATTACTTTGGAAAGCTCTTCACCGCTTATGACTTCCATGTCCTGCACGGATGTCGGAGGGAAGGTGAGGGATAAAGCATTTTTTGCATCCCCACCAAAGTAATACAAACCTTTTCGGTCGACAAAAACAATAGCGCGCATACTATCAGTATACCGTGTTCCAGGAGGTAACTGTCAACCGGTTATCAATATAGGAAGCAGTGGCCTGAATGGTATGTCGGAACAAACCGTTAGCCGCTGTTGCATGGATGGTTTTGGTATCAGTTCCCGTGACAGTGATAGTTATGGTATTGTCATCAAGGATGAGAGTCTCCCCGGAGTAGCTTGGATTTCTGATAAGTCTGAGAATTGCGTTTTCAACTCCGCTTTCTGCAGCTCCCATGACTGCGGATCGTGATTCGGTAATATGTGTCGCGCGGGAGGTGTTTATCATGATAGCAACGGAAGCCGCCGCGACAGATATTGCCATCACGGAAAATACCAGCAACGTTACCAATGTCTGGCCTTCCTGATTTTTTAAAATTTGCTGAAGTTTCATATATTATCTGATGCCGAAAATGGTATCAATAGTTGCTGTTTCCGCTCCGGTTGCATTTTCTGCGACACTTGTCACAGCCATTTGTACCTGAACGGTAGGATTACCGTCAATGTTTCCGATCTGTGTGAACGAAAGACTTGTAACTCTTGAGCGCGGACTGATCATCTGATAGGTGTCAGCCGGAGTGGTCAATGTCAGAATTTCACCTGACAACTCATATACGTGCTCCTGTCCGGCGATTTCCAGGATAAGGGTATCGGATGTGTCTCCGGGATTTGCCGGCTCAATAACAGCGGCGGCACGGTCAAAATCGTATTGCATTCGGGAAATAATAAAGGTTGAGTCTGTTTCTGTAGCTGAAATTCCCTGATTCTCAAGCTGTTGCTGCACTGTTGCGGCAAATAAGGAAGATAAAACTACAAGGACTACGGAAAATAATGCCATAAAAATCAAAAGCTCAACGAGTGTAAACCCTCCCTTTTTGTGTGTTTGATAAAAAAATGATTTCATATTATGGTGAATAGTTAACTACGGCTTCTTCAAAAACGGGTGTGGATGATGAGTCTGATGTTTCAAGATACGAACGGTACCTGAAGCACCTGCCCGGGTTCTCAAATCCCGCACTATCATCGTCAAAAGGTATCAGATCGTCTGAAGTATAGAAAGTGCTTGGTGTCCCGTCCGGTCCCACGAAATCAAATACCGCACCGCTGCAGCTTCCGCTTACACCGTCAGTAATCGCCACCTGATATTGAATGTTGGTATTCGGAGGCAAAACATCCTGCGGGATAAACCGATTAAATGCCGTCGAATATCCGACGTCGAAGGTTGCGGATTCGTATATTCCTGATGATGCATAACTGAATCCGGGACCGCCGACAATAGTTTTAAATTCCGCGGCAGGATCACGGGTTACGATATACGAATACGCATCCCCGTCACTTTCAAGTACCGTGGATACTCCGTAAATCCCGCTGTCGACTTGAGCGCCGCCGCACTTTGTAGGACTGTTTTCATTCGTTACGTCAATAACCTGATACTCTTCTCCTCCTGTCCCGACCAGAATAATTTTATTGCCTGTTCCCATAGCAACTCCTGTCGGACTCATGCCGCTTGCATTATATGAGCTGATGACCGGCATAGACCCGCTTTTATTACTGGTATTTATGATAAAAAGTTCATCCTGACTTCCGGAGCTGCTTGTCGCAAGATATGCCCGGGTTCCCGTTTCGTTTACCCATACTTCCTGTCCGCGTTGTCCGTTTACGTTTGCATATGCCACATTCCGGATATTACTCGGATTCCGGACATCAACGACACGGAGTTCTGAAGAGCCATAATCGAGAGCAACATACGCGTATCCGTTCACGACAGCCAGCCGGTATCCGGTTGCAAAGAAAGCCAGCATCACACGGTCAAGCTCAGGACGTGATCCGGTCTTGCTTGATAGATCAAAAGTATGCAGATTAAATCCAATTGTGACGTACCCGACATTGTCTCTTACATATACTCCCTGTGCAGTCCCGAACCAAGATGTGTCATTGAAGTACCCGACTTCCTGCATCGTTGTCAGATCAATGATAATGACATCCCGGCTCACATCCCCGGTTGCCGCATACGCATAGTTACCGTCTATAAAAACATCGTTTGTCTCATAGCCGGTGAGTATCGATTCAATCGAAGCATTCGGCGGATAATTGTTATCAATTGCAACTTCTACAAATGATCCGCCGCTTCCCTGATG
CP065004.1_gap25	580457	582155	1698	AGTGCTTGCTGAGCTGTTGGCAAAAATGAAAGATACTAAGACAGGAGAAGTTCATATTCCCGGCTTCTATGATGATGTCCGTGCGCTAAATTCGGCTGAAATGAGGCTTCTGATGAAAGGAACGGTCGATGATAAAACATTCAGGAAAGAAGCGGGGACATTCACTGTTACGTCGATGAGAAATGTTCCTTCATTCCTGGCACCAAAAATATTTCCTTCTCTCGATGTGCACGGTATACAGTCAGGATTTACCGGGGAAGGTCCCAAAACAGTGATTCCTCATCGAGCCAGGGTGAAATTTTCCTGCCGTCTGGTAGAGTTCCAGAACGTTAAGAACACTGAAAAGCAGATCCGTCAATTTATCGAAACGAATCTTCCTGCAGGCGTCCAGTATGCATTGCAGACTTTTTCGTACGATGATCCTTTTTACACTTCAGTTGACGATCCCTATATCAAGAAAACAGCAGAAATTCTCACTGTCCATTTCGGTCATGATACTGTTTTGATGAGAGAAGGAGGCTCAGTTCCTGCCGCTGAAATGATGCAGAGGCTTTTTAAAACACCGGTTATCCTTACCGGTTTTGTGTTGCCGGACAGCAATCTCCATGCACCTGATGAAAATTTTGATGAAGAAATGTTTTTCGAAGGGATAGAAGCCTTAAAAAAAATATACGGAAGTATTGTTTAATATGCAGCTCCCTGAAAACCTTCACACTGTGATAAAGCTCATTTCAGGTATTCTTCGTTACATTCTTTCGACTCATTGTTCGGTTCGCAGTTGACCCATGCATTGGCCGGGCAGCGCCAGTCATTATCCATTGCCTGCTGCATGACATCTTTGTTGCTAACTTCTTCCTGAGGGGCGACTACCGTTTTACTTCGAAAAAAGAGAACGATAATTATGATAATAAGAAGGAAGAGAATGCCCAGAATATATTTTATGCGATCATACTTTTTTATGCTGTGGTGTATATGTTTCATAGGTTAAACCTTTCCTTTTTTCGGATTGGATGATCGGATTTGTTTTTCTGTGATTTTTGCCTGATCATCCATTTGATACACATAGACTTCACCGGTACCGATTTCCAGTCCGGCAATTTCATTGTCAGGTATGTCTTCAAGATATTTCACGAGCGCTCTCAAACTGTTCCCGCTTGCTGAGACAAGGATGTTTTTGCCGGACTTCAGTTCGGGTTCGATATGTTCTTTGTAATAAGGGAGCAGGCGTTCATATACATCTTTGAGTGATTCACCGTTCGGGATAGGTTCATCCCAACCCCGACGCCATTTTGTAAACTGTTCTTCACCATATTCTTCTTTGACCACCCACTTATTCTTTCCGGCAAGATCTCCATAGTTGCGTTCGCGTACTGCAGGAGTGATCACCGTCTCCATTTCGGACTTTCCCAACGCTTTCAAAATTGTTTTTGTTGTCTCTTTGGTTCTTTGAAGGTCTGCAGTATAGGCTTTATCAAGGGGGATGTCCTGTATAGATTCGGCCGCTTTTTTCGCTTCTTCATACCCTTCCGGGGAAAGTTCAGGATCTTTCCATCCGGTCCAAAGGCCTAATTTGTTCCATTCCGAAATACCGTGACGAACGAGCACTAAGTATGACATATCCTTAAGTATACATCATCGGAAAAAGAGTATAAAGATATTTACGGAGTCGGAGTATTCGTCGGGGTGTTGGTCGGAGTC
CP065004.1_gap26	636754	639189	2435	GAGACATCAACCGATACGGTTTGCCGGGGGATTGGTGTCGGAGACAGACGTTTTGATTCCGTTGGAACTGCAGCTTCCGACGGATGAAAGTCGAATTCGCGTTGCTGCACCAGGGAGACAACTGTGATGACTGCGGCAATTGCAATAAGACAAATTTCAATGATATACCTGCGGAGAGAAGTAGCTGAAGAGATAATATTGTTATACAATGGTATAATATAATTCATGAGAACATTGTACCATATCTTTGCTTTCAAATCACTTTCTTAAGAGACGGAGAATTCGCGGGGTTGCCAGTAGCATCACAAAAAGTATCAGAACGTAAGCCGAATATCGGAAGGGGAAGACATAATACCGGACAGAAACATTTTGTTGTTCGGCGTCATTACCTATCTGAAGATCTGCTCTCACTGTATATGAACCGATAAAACTGCCGGATACTATTGCTGTATTTGTGTTCGAAATCAAATTGTTTTCCGTACTTGTTCCTGAAAGGAGACGTTGAGAATCGGCAAGTATATACTGCTCGGGAATCGGGATGACAGTTGCTCCGGTCGAAAGGTTTGATTGCACGGACAGGGTTCCTGATGTTTGCAGTATCCGTTTTCCCTTATTTGCTACAGTCACGAGAATAGGAACGGGCTGAAAGCTGTCAAACAATGCCAGTTGGCGATTGCCTAACGAAAAGGTAAATTGCGGCTGTACACTAAACTGAGTTATTTCACCTGAGCTTGAAAGGTTACCGTCTTTACTGATAGACAGATATATATTGCTGCCGATCCCGCTTTGAAGGCTGATATGACTTGTATCTTCAAAACCTTCAGTAGGTTCAGATTCTACGACGAACGTGAAATAATAATCTTCTTCCTTAAGATTTTCATTGGTGACCACAATTAGATCAAACTCAATAGCTTCCTGTGCGGAGATAAGAAACGGTTCACCTATGCGCAACGCAGCATCGGATGTAGTAAACACAGGAAAATCCGGTACGTCAGAGTAATACGGAACTAAGTCATATGAACCTCCTGAATCCTTCACGGACAACAGATACGGTTGTAATTTCACAACGGTCGGATCACCGGTATTTACCAGTGTATACGGAAGAACGATTGAGGCTCCCGGTTTTGCGATCACATGATTTTGAGCGGGCTTCAGGGAGAATGAAAATTGCTGTGCCTGTACTATGGATATCTGTGAAACAAACAGAGAAAGAACAACGAATACCCCGATAATATGAGTAGTATTTCGAATGATGTAGGGGATAATTTTCATATTAATAGGGAAGGGCAAATAATGTTACAACCGATGAGTATGTCTCATCATTCAGTGCCTCTGTCACAATTTTCCAGTTCAGTGTAATACTGCTTCTTTTTGCCGGTTCTCCCTGCTTCAGAAGTGCTATGATGCCGTCAAAAGAGGGTGGGCGATAAAACGTTTTATCCTGAAAATCAGAAGGAGCATTATTCCCGGAAACTGAATAACCCCACCCGGGTATCTGTTCATTTTTCCAGGATTGGGCACGCAACGCGCTGCAGGTACGGCGGCTATCGCAGCGTGTCGGAGGAATAGTGGTATCGTTTTCAGAGGAGAATGCGGCTTTTGCTTCCATTAAAACCTGAAATCCGGAGCTTTCGGCACTTATATGAACGGAAGACTGTTCCTCCTGGACCGGTGCGGTCTCAAAAGAACTGAATGCAATTTGTGTACGATCGATCGAAAAAGAAATGGGTTGATCCTTACTCCGTACCGTATATCCCTGTTCTTCGAAGCGTTTCCTTTCGGCAGTACTGAATGAACCGAACTTTCCGGAATCTGAGGCTGTTGACAAGTCAAGCTGCTCAAGCTCAAGGATATATTCCTGTCCCGGGGGAAGAGGTGTCGGAGTAGGGGAATTGAGGAGCAAATCAAGGTCAATTTGAGCGTGAACACCGGGTGCTGAAAACAAACAATACGACGCCAGGCCTATGACGGAGATACAGAGTAAAAATCGGTGCATAGTATCATTTTACGATACTATCAAAAAAAACGTGGAACGTTCCTTGAAAGGAATCATTCCACGTTTTTGGGTTTATCGGTTATTCGGATTGAATCACAAGTTTGACACTTGGGGTCATCGTTGCGGCAATGTATGCCTCTTTGATGTTTTTATATCCGACGGATTCCATAAAAGCTTTTGCATTATCTTCAATCTGAGAAGTCTCAAATGAAAGCTTAGCGACCATTTGGTGGATAATCGGCGCCTTAGCTTCTGCTTTCCATCGAAGAGATCCTTTCTTGAATTTCTCGGCTGTCTTTTCAGGTTCCGTACTTACGGTTCCTGCTTTCGGATTCGGCATAAGGCCTTTCGGTCCAAGAACCCGTGCAAATTTTGCAATCTTCGGCATCTGAGAAGGATGGGCGATCAGCACATCAAAATCAATGGTCCCGTTCTCAAT
CP065004.1_gap27	640672	645225	4553	GAGTTTTGAGTATCCGTAGGAGAACTGGAATTTGAGTTTGATGTCCACTGCATTGAAGACATACAGCTTGATTCCGTGTACAAACTTCGTGATGGTATCAATCTCAATGTATCCGGTATCTTCCACCTTGGGAGACCGCTTGACCTTCTGTCGGTACTTTACTTTCCGTTTTGCAAAGCCACTTGCTGGATTGTGATAGATCCGGTAGGTCTTGCGCTGCAGGTTGTGTCTTTTGATCACTTTTCCAATGGTTGACTCAGATATAGTTGAAATTCCTTCCTGTAGGCAATACTCATCAAGTAAGGGCTTGATCTTCTCCTTTCCCAAACAAAAGTATTGTTCTCGAATCTCTTTGATAAAGGATATGACCTTCGGGTGAGTCTCCATACGTCGGGGTGTCTTTGGCTTGGTTGTCTCTGGTATCAGGCTATCCAACTGCCCTTCTGAATCTCGCCGTCTCTTCCTCCATCGAAACAATGTCCTTCGTGATATCCCATATGCATCAACTGCAGCTTGTATCCCGTACTTCTCTGCAAATGTCAGAACATCGTTTCTGATTTGTGCTACATCTGACTGATTGTAGTCTGATAGAGATCGTATCTTTTTCATAAGATCTCTATTGTACTGCCAGTCATAACTCCTAATTACTCGAAGCTGATCTCCTCCCCATTTACTCATAGATGTTAGTTCCCTATGAGTGCCATATCTTTCGTAACTTATTCATACTATAAGATATATTTATACACATCAGATATGTTATTGCGGTGCGATTATTACAGTGAATTAAATATATTATCGGTACTTAAATGCACGGCATTCATTCAAATCGGCGTTAATTCATGTATAGTAATAATATGGACGGAGAACAAGTTCCCGGTATGAACCCGGTCACGGAAAGACAACTGCCAGTAGCTTCACAGCCTGAAACCGAAGCTACCTCAAACTTCACGCCGCTTCCTAGAAAGTTACTTGAATCAGCTGATCATGCGAAGCATCGTGCCCTTGATGCATGGAGGAGAGTCATTCACGGAAGTCGTAAAGCAAAAGAGATAGAACCTAAAACAGAACAACATCAAGCGGTAGCCCCGAAACCGCAACAAAAGCAGGAGGAAAAAGGGGGAATGACAGGACGGGGATTTTTGGCAGGGTTAGGAGGACTTACATTGGGGATAGCTTTCGGTCGTGGGGAAGCTCAAGCTGCTCCGACACCGAAGGATGGACCCGGTAAAGTCATAAACCCGGAAAGACAACCTCCTGAAGGGAGCGTACATCTTGTCACTTCCGCGGAATATACTCCTTCAAATCCGAGCCCTGATTTTCTGAAAGGTCAGCAGATCGGATATGTTGAGGCTAAAGAAACACTCTTTGACGGCAGCAAATTGTGGCCGCTTGACTGGCAGCTCAAGCCGATTGATCCGAAAGATATGGTTTACAACCTCCCTGGGCAGCGATCCATTGCCAGCTTCCGTGAGGCGACTCATTACCTTAATCTCGGCCATCCTGACAACGGAAGATATGCCAAGGTAGACAATACAGACGGCAGTGTTACAACCTTTTGCAATGTGGCAGCCAGCGATATGGCTGACATGTTTCAGGTACATCACGTATTTTCACGGTTCGATGAAAACGGGACTCCTATTGTGGCAAACACAATGAATGAACGGATTATTTCTGAAGCGAGCCGAAAAGATCAGGAACCGGGAGTTGCGCTCATCTCTAAAGAAGAAGCTCAACAAATAGCGGATATGGGTTTTCCTGTTTTTCTTTCAATAAAAAAAGAGCGAAAGACTCCTAAAGCAAACTGGATGAGCGGACATATCGGTTTGTTGACGCCCAGATCGATGCTTGATCGGAAAAATCCGGATCATCGTAAGCAGGGAATATATCTCACACAGGCTGGTTCAGAAAGCGGTGATGCAATATATTTTGACGAACCTGAAAAATATAATGAAGAAAACGGCTATCTTCAGCCGATCTTTGCCATTGATGTGAGGGATCTGCAGGATGCAAGAAAGAAGATTACGGCACCGCGTACCCTAGGTCATTAAAGCTTTTTGACCTGGAGGAAGTCAAGTTCGACGGGTGTTTCCCGATCAAAGATTGAAACAAGCACTCTGATTTTCCCTTTTTCTTCATCAATTTCTTCAACTGATCCCAAGAAATCCGCAAACGGGCCTTCAGTGATTTTGACAGCTTCGCCGATTGAGAATTTTGCCTTGAATTTCGGCTGTTCCTGCTCGACAAACCGCATGATAGCGGAAACTTCTTTATCTGAGATGGGGGTGGGTTTGGTGCCTGCACCGATAAATCCGGTGACGCCTTCCGTAGTGCGGACGACGAGCCAGGATTGATCATTCAGGTCCATACGGACGAAAATATAACCCGGGAATACTTTTTCTTTCTGTTTTGTTTTTTTACCTTTTTTGATAACTACAACTTCTCGGGTAGGGACAATGATTTCAAAGATTTTATCTTCGACTCCGAGACTTTGAATACGCTGTTCAAGATTATTTTTTACACGGTTTTCATGACCTGTCTGAGAATGAAGCACATACCATTTTCCCTGGTCCCGGGTTTTTTCCGATGCTTTTTCTTCGGTTTTCTTTTCTTCAGCCTGAACTTCAGTTGCTTCAGCAACATCTTCTTCTTTCACTTCATTTTCCTGTAAATCTTTAGTATCTGCCATGAGTATAAAAAATAAGTAATTATCTTCAAAAACGGACCTTCAAATTATCTGAGAGTAGTCAAAAACTCGAGGCCGTATGCTAACAGGGAATCAATTATACCTATATAGAGGCCAATAATCAAGGAGATCGCAACTACGACAATGGTAAGTCGGACAGTCTCTGCCCGTGTCGGCCAGCTCACTTTTTTGAGCTCGCTGAATAAGTCACTAAAAAGAGTCATTGATTTTCCTGTTTTTGCCATAGAGTATTGTAACAAAAAATTCAGATTTCTATAAGAGGGAAAAATCAGATCTCCGAGTAAATATCGAATGAATCATAATAGACAATAAAAGCGCGATGAGGGTACAAAGGCTTTTTTGAGGTAATTTTTTCTTCCGGGATAAGGATTTTCCCTACATAGTCGGGGATTTCATCATATCTTTTATTGAAAATATACACATCATTACTGCGGGTGTAATAAAGTGCAAGATGATAATCCAGCTCGCTCGTCAGGTAAATCGGTTCATCTTTCTTTTTTATAGTCATAATATCCTGATATAAGCCGGAAACATCCCGTTTATAGTGGTATTTGAGATTGAGAGTGTTGAATTTCTGAGTGACTGAATAAGCAAAGCTGACAAGCAGGAAGGCCGTAATAAATAAAGCGGGGTGTAGGTATTGTGACGAACGTGTGTTTTCTTTTGAAACCAGAACTGAACGTACTAAATACAGCATAAACTCAAATCCGAGGGTAATAATGAGAAGTAATCCCGGTACTGCAAAGATAAAATAGCGCGGATGATATAAAGGCGTTGCAAACAGTGAGAGCACAAAGATAGCAACGGGAGACGCAAATGCCCACAGATAAAGTGATACCAATAATTTCTGAGGGACAATTTGTTGCAGTGAAAGTTTATTTTTTACCTGAAATAAGCTAAATAAATAGGAAACCAAAGGAAGTACTACAACAAAAATCAATAGTGCATTTATGAATCGGTGGAAGTCTGTATATCCGGCATCTTCATGGTAGTACATTCCGAATACACGTTCGTATCCGGTAAACAGTACAAATGGCAAAAACAATAAATCATGTAGAGGAGGTTTGATGATCCAAAAGTCTTCCGATCGGAAATTGTGAACACTCAGCATAAACAGTATCCAGGGAATAAATATCAGGACGGGGAACACAAACACGGAAACCTCTTTAAAAAATGTCCGATCGAATAAGCGAAGGTTATTTTTAAAGGCAAAAAGGTTCCGCCAGTCAAAAATGATTTTAAAGTTCTGAATTCCGTACTCGAGTGCCTGAAGACAAAGGATAAAAACGGAGAAATAATGAGTGTAAAGTGCCAGAGTAATTGCAATAATGTAGAGGCTGCGTTTTTTCGTCCAGAATGCATAGTAGGAAAGAGTTACTAAAAATACCACCATAGAATACATCCGTGCCTCAAAAGCATAAAAGAGCAGGAAAGGATTTACGGCAATAAAAGCAAAGTACAAAATCGCACGTTTGAAAGGAATGTTGAAGGTCTTATGCATAATCTCAAATAGGAGAAACAATGTCCCTCCGAAAAAGATTAACGAAAGACTTCTCATTGCAATCTCGGATGTCCCAAAAAGCAGCATCCAGTAGTGCAGAATGATGTAATAGAGCGGAGGGTTGAAATCAATTGCCGTTGTTTTGATGATATCAATAACATTTTGCTGTGCCATCACAAACGAGAAAGCCTCATCTCTCCAGAGATCCATCACGAAAAAGGCGAGGGGGGTTTTCGTAAAAAGGTATTGCAACATATGATTAAACCTTTTCGGTTACTTTATATTTTATCTTCTTTCCAAATAGTAATCGTGTGTGTGCGTCCAGAGCAGGAAGTGATGAAAGAATAA
CP065004.1_gap28	646338	650541	4203	GCTGAATTTCTTTGGTTTCCGGCAGCGTCTGGAGAGTTTTGTCAAAAGCAAAGTCCTGAAAGGAATTGATAAGAGCATAGGAGAGAGATGCATAATAGGCGGTCGTGAGGGATTTGACTAAAAAATATAAATCAAAAGCAATAATAAAATAGGCCACAATAGCCGGGTGAAAGGGTGAAAGCCAAATCGGCAGCAGAATAATCATCCACGAGAAAAAGGGAACAATCATCTCTCCGAGACGTCTGAATTGTTTTGATGTGACAATGCGATTTGTCATGACTATATTATACCTGTCTGCGGACGATTTAGGAATGCTTTTCGGCTATACTTACAATATGAGGGGGTTGATTAGTTTTTTTCTTATCGTAGTTGTCTTATTAATACCGACGAAGGTGTTGTCCGATGATCGGTATGCTGAGTGTGATTCATGTGGGTACTGTCAGGGAAGAGAAGTACCGGAGAACTGGAACTCATGTATCGAATGCTTATATCCTACGATTGCCGCAACTCATCCGCAAGCCTCAGACAATAAAACTCTTCTGATCGAAACTGAACGTTCTTCCGACAACTTCAACAAGCCGCCGCAACCAGCAAGAGGGAAATATTTTTCTCAACTGGGATGCATAGATACCGGAGTGGCATCTTTTACCGATCCTTCAGCGGGAGGAGGAGTTCTCAATTTTTTTCTGAATAATCTCATTTATCCCACGGTAGGAACTCTTTCTTTTGTGACAATAGTATATGCTGCTTACCTTATGATGACATGTCAGAATGACCCGAGTCAGTGTCAAAAGGGGAAAAGACTGTTGTATGGTGCAGCCGTCGGATTGACATTTACGCTGAGTTCAGTCTTTGTCGTCAATACGTTGGGGTACACTGTACTGCGGGTACCTCAATTTCTCGAAGGTACCCCGACACCTACACCCACAAATACTCCCACACCCACGCCCACTCCGACGAATACACCTACACCGACCAATACGCCTACTCCCTCAAATACACCGACCCCGACAAACACTCCCACACCCCGGCCTCCCACCCCGACATTCACTCCGAGTCCCACAAGGACGCCGACTCCGACCCGCACACCAACTCCGACTCTCACTCCCACACCGACAACACAAATGTGTATGGGCGTACAACACTGCACAAAGGGTTCATCTACCTATTTCGCATATTGCGGTAATTGTACTGGTGCCGGCTGCTCTCCCGGATTTGCCTGTCCGCAACCCGGTTATACTTGCGTAACCTATCCTGACAGGGTATTCTTTTTTGATACTGTGTATCCGGTGCCGTGTAATATTATTGCCACTCCCACACCCACTTTTACTCCTACACCTCCTCCTTCAAGAATAGATATCGTGGCAGGCGCACAATGCACGAGCCCTCAGCCTCCTGCGTCCACAGGACTCACATCGTGTCCTCATATGAAAATCCGCGTTTCAGATAACTTGACGGAATTCAGATATACACAGGAATTTCTTGTGACCGGTCCCGTAAATCGGGTTCCCAATGCAGGGGAATTCCGTACGTATACATTCACGTTACCAAGTCATCTGCCGTTGTCACGTATGCATGTTGAGGTAATTTTTGAAGATGATTATTTTGACGGTACTCTAGACAAAAATCTATTTATCCGCTCAGCGACTTATGACGGATATACATGTAAAAAAGGAAACTACGCAGGTAATATTCAAACCATTCCGCCCGATGTAGGAATGTTCTGGAACGGCACTCTGACGTGTGCAGAGTGGCGGTAATATTCTCACTCTTTTATGTTACACTGATATTCCTGGTATGCACATCAGACACATCTATACTCCGGATCAGAGTTTATCTGTTCAATTGCCGTATTTCACGACCGGTATTCAGGCCGGGTTTCCTTCACCTGCAGACGACTTTGTTGATACAAAACTTGATCTGAATGAATATCTTGTGAAACATCCGGCCGCAACATTTTTTGTAAGGGTGAGCGGTGATTCAATGACAGGGGCGGGTATTTATGACAATGACATACTGATTGTGGACCGGAGTCTGGAAGCCCGTCAGGGTATGATCATTATTGCTGCGCTTGACGGAGAGCTGACGGTGAAGCGTCTGAAAAAAAGGGGAGACACTATAATTCTTTCTCCTGAGAATGAACGGTACGAACCGATTGTTGTGACTGAAGAAGCTGATTTTTCTGTTTGGGGAGTGGTGACTGCTGTTATTCATAAACCCTCTTGACCGTTTCGGGGAGGAATATTCAGCATTTTTTAGAAACTTTTAAACGTTCGGAATTTATAACTTTATAACAGAATTATGTATAAACCTTCAGATGAGATACTTAAAAAATATGCGGACGTATTAATTAAGTTTGCGTTACGGGATGGTAAAGGAGTCCAAAAAGGAGATGTTGTGATGCTTCAGGTTCCTGAGAGTGCCAAACCGATGCTCATTCCCTTACAAACTGCCGTTCTTGAAACGGGAGCATATCCCATGATTCATTATATTCCGGAAGGGGTTTCACGATCATACTTTGAACAAGCTTCGGAAGATCAGATTCTCTGGCAGCCGAAGGAGTATCTTCTGGAACGGGTAAAAACAGTGACTCACTTTGTCAGTCTTATCTCAACAGATGATAAATTTGAGTTAAAAGGGATCGACAGCCAAAAGATTATGGCAGCAAATAAATCAGTTAAGTTTTATATGGATGCCCGACACGAGAAAGAAAATGCAGGGAAACTGACATGGACGCTTGCTCTTTACGGGACTCAGGCTATGGCGAATGAGGCAAAGCTTTCGGTAGAAGAATATTGGAAAGAAATTATACAGGCCTGTTTCCTGGATATGCCTGATCCGATTGCACAGTGGAAAGAGGTTTTTGCCAGCATTGAGCAAACGCAGAATTGGCTCAATGCTATGGAAATAGAATCACTTCATATTGAAGGGCAGGATATCGATTTGCAGGTAAAGCTGGGAAAAAACCGTAAATGGCTCGGAGGCAGCGGCAGAAATATCCCGTCATTTGAGGCTTTTATTACTCCTGATTGGCGGGGGACAAACGGACGCATTTCATTTAACCAGCCTCTCTATCGATACGGCAATTTGATCACCGGTATAGAGCTTGAATTTAAAGACGGGTTGGTCGTTTCAGCAAAGGCTGATACTAATGAAAAGTTGCTGACTGATATGATTGCGGTCGAAGGTGCGAATAAAATCGGAGAATACAGTCTGACTGATAAACGTCTCAGCAGAATCTCTCACTTCATGGCAGAAACGCTTTTTGATGAAAATATGGGAGGTCCTTACGGAAATACTCATCTGGCATTGGGCATGGGATACAAAGACAGTTATGTCGGAGACCCCAGTACACTTACTGAGGAACAGTGGGAAGAAATGGGTTTCAATGACAGTGCCGTCCATACCGATATCATTTCCACCACTGATCGTACTGTTACTGCACGGTTACCGTCCGGAGAAAAGAAAATTATATATCGTGACGGTATGTTTACCTTGTGAGGCCTGAGCCTGTTGAGAGTTTTAATTAAGATACGGTTATGAGTCTCTATGCTGTTATCGATTGCAATAATTTCTTCGTATCCTGCGAACGGGTATTCCGTCCGGATCTTGAAGGTCAACCAGTTGTTGTCCTATCCAATAATGACGGTTGTGCCATTTCCCGTTCGGATGAAGCAAAAAAGCTGGGAATTCCCATGGGTGCACCAGCGTTTAAGTACGAGGACATTTTTAAGAAACACAATGTGTGTGTTTTCTCTGCTAACTTTTCTCTCTATGGAGATATTTCACAGCGGGTGATGAAAACGATTGCAACAGGAGCACAACAGATGGAAATTTATTCTATTGATGAAGCTTTTATCACCTATGACGGTATGTCTACAGATCAGGCGCTGAAATCGGCTCGCATATTACGAAAAAAAATACTCCAAAATGTCGGAGTACCGGTCTCCATCGGGATTGCTCCGACAAAAACACTGGCAAAAGTAGCAAACGAAACTGCAAAGCACAACAGCCGTACGGGTATAAATAAGGATGGAGTGTATGCCATTGAACCAAGCAAAGATCATCATGAATTGAGGGGAATTCCGGTAGGAGATATCTGGGGGATCGGCAGAAAGCTAAGTATCTTTCTTAATAGTCACGGTATCTTTACTGCCGATCAACTTGCCGAATGTGAAGACAAATGGGTCAAGAAATACCTTA
CP065004.1_gap29	723333	727027	3694	ACTTGTTATCTACTAAATTGATAGCTTCTTCAATATTATCATTTTTCAAATGAGTCCGCATTTTTTCCAGTACCTGAGCAGTCTTTATCTGTTCGATAGCATCCATAATAATGACGAGGTACTTGTCTAACATAGGATATTTTTCAACAAACGTTTTTATTTTTGTCTGAAGGTCTTCGTCCGAGGAAAAGGGAAGAAGAGAAAGATACATTTTTGCAGAATCTTTGGCAATTTGGCGATTTATTTTCCCGTCTTTCAATAATCCCGCTAGAAGTTTGAGATACTCTATCTCCATTTTTTTCACAAACTCATCAGAAAGTGACATATACATTAAAGCTATCAGAAAGAGGATAGCTAGTCAATTACTCTAATTTCTTTTTGGATGTCCGAGTAGTAAAGCCGTATTTTTTGAATACACCCATTTCCTTGAGTTTCCACATAAAAAGGGCGCCTTTACTGCGGGCTTTCGAGTCGACGACAAACCTGAGTGCCTGTTCGAGAACGGGTCGGGGAAGTTCTTTGGACATTTTGATATAGAGCGCCTTCCTGCGGGGATCCTGAAGTTTTTCCGTTAGGTAAATGCCGAACGTCTGGAATTCACGTGAAATGTATTTATCCTCAACGGGGTCAAATCGTTTGAGAACGTCACCGATTGATTTCATATCTGCCATACGTTATTTCGCAAGAATTTTTTTATAGACCTGTTCGTAACCTTCGACCATGGATTGCAGCGAGAAATGTTTTTCTACACGGGATCGGCAGTCTGCAGGACTGATTTCAGAAAGTCTTTCGTAAGCCTTTACTAAGCCCTGAATGCCATCATCGGGGTTGACGACAAATCCGGTTTTGCCGTTTTCGATCACTTCGGATACTGACCCGCGGTCAAAGCCGATGACAGGAGTGCCGCATGACATTGATTCGGCCATTACCAGTCCGAACGGCTCATACCAGTTGATGGTCATCAGGAATGCTTTTGCATTCTGCATCAGTTTGACGACCTCAGGCTTTGAAAGCGAGAGTTCGTTGCTGACGGGCCCGATCCATTTGATTCTATCTGAAAGATGAGGTTCGACATCCTGCTTATAAAACTTCATGTCCTCAACGTTTCCTGAAAGCAGCAGTCTGCTGTTTGTTTTTTCTGCAAGCTCAATAGCCCAACGTATGCCTTTAGGATCCTGATATCTTCCGTCTGCATCTTTAGCGGCTGAAAGTCTCCCTAACCACAAAAGATAGTCATCCTTTTTCTCCTGATATGCATACAGATCAGTATCAATACCGTTGTGTACTACATCATAAATAACGGTGTGCTTAAACAATTTTTTATGTGCTTCAGAAATGGAAATAAGATGTGACTGGTTATCAAAAAGACTGAACGCCTGATCAAACTCTGGAAATACCTGTCCGTGGATGGTCGTGACGATTGGCTTTTGGACATCTTTTGCAATAAGAAGCGGGAGGAATTCCGGATAGGTATGATTGTGAATAATATCAAAGTCATTGCCGATCTCCCGCAGCTTATCTGCAAGAAGGGTAAGCATGGCAGTATGAGCATAAAAGGTGTTTTCAAAAGGCGGAAGTTCGCTCAACGCTTTCGAAACGACAGGGATAATACGGGCACCCGGAACATCACTGTCTCCCGTTCCTAAAATCGTAACATCATGTCCTTTTCTGATAAGACCGCTCACCAGATCGTATATCACTCGGGGTCGGGAAGCGGGGATAGTTGGTGTAACCGGACGTTTGAGAAGAGATACGATCAGAATTTTCATACCATTAGTATATCAAATATGAGCTTAGGACTGGGAGTCGGATTCAAGTTGTCTCTTTTGACTTCTCTTCTGTAAAAAGGTTTCAAGTCGATCTGCGATTTCTGTAGGATAGCCGCTTCTGATATGCTCATGATAGAAATCAGGTCTTTCATCCAGATTTTTTAGGCCGCGGACTTTTGTTCTGTCAACTTGTTTTAATTGAGATTTTATCGTTTGAAGATCTCCGGTCAGATCAACTCCAACCTTTTCACTCCATCCCGGCATAATTTCAGATATGTTGTCAAGTACTCTCTGAAGACGCCCGTCTGCGGAAATGCCGGCAAGTGTACCAACCCAGTATGCAGGTTCACTCAGTAAAAATCGTGTCCATAAATCTTCCTCGAGCAACCGGGTAAGTGTGGGTTTCTTTTCTGTGGTGTCATCCCCTTTTTGTTTATCAAAATAATCAGGCGGTTCTTTGACCGATATACTCTGGTCTTTCCCGCCATGTGCTTCTGCTATATGATCATCAATCCGGGTGTTAATATTCAGTCTGTTATCAAGTTCATTCAATTTCTTTGTGTCTCCGTATCTCTGAGCGACAAATCGACTCACGGATTCAGCAGAAAATGCATGTTTGAACGGAATGTCAAAAAGCTCCATCAGAAGCTGAATTCTCCCGATATGATAATCTGATCCTACGACATGAACAGGAAGATCTTTCAGTTCAGGATGATCAGGAGAATCAAGATATTGATTACAGACATTTATCAAATTTTCCAGAGTATTTGTGGATTGATCTTCAGCCAGAACATCTGTTTGAGGAATCTCAGAGCGGGGATCGGATGTGATATATTCACGGATGAATTCGGCTTCGGAAGGATATTCATTGCCACCGGTTTTACCGCCCATAACCACAATTTTCGTTCCTTCTCCGGCAGCATAAAGCGCTTTAGTGGCTGCAGCAATTTCTTTTGACCAATAGTTGATATCGGCGGTCGTATCACCGGTTGTCACGGTATTTGCTTTATCCCTGGTCTCATTGTTGAGGACCGGACCCTGACCGAACAACAGGAGAATACCCGGTTTTCTCGGTAAGGCTTTCACTTCAGGATCTTTCAGATATTCACTGAGACTATCAACAGAAGGGGATAACAGCTCTTTTGCAGGAGAAATGACGGCAGGCGGTTGGAACTCTGCATTTGTATCGGACATACGTCAATAATATCAGGATTTTGCAGGCGGCTGTTGAGTAAGTGTGATCGTCCGTTCGTACAGATTGTAAAATTTTCCGGCAATTTTATCCCAATTAAATTTTTCCAATACGCGTTTGTATGCATTTTCACCCATTTGCTTTCTTTTTTCGTCGTCTTCCAGCAGCATGTTGACCCGTTTTGCGATCATGTCGGATCTTTTTGCATAGACCAGATATCCGGTTACGTCATCTTCCACGATTGTTTTTACACCGCCGCTTTGAGTGACGATCACAGGTGTCTTGTATACCATTGCTTCAAGAAGAACAAGTCCAAGAGGTTCTTTCCAGACGGAAGGTGCGACGTAGACATCGGCTCGCAGATAAAAATCTTCGATCTTATCACCTTTATTCGGTGAAAGATACCCGACAATATGTACATTATCAAGCTTGTGTTCTTTTACCAGTTTTTCCAGATATGGTCTCTCAGGGCCGTCACCGGCAATTACTATCTCAGCATCTATTTTTTCGGCTGCCATGATCAGGTACTCGACACCTTTGTGCTCAGTCAATCTCCCGGTGAAGAGCACCATATGTTTGCGCTTGAATTTATATTTCTTGTCAATCCAGGAGACATCCCGGTCGAAATCTACATTGTTATCAATGCCCGAAGGTATGACTTTCGTTTTCTGATCAAATTCCTGACCGAACAATTTGAGATACCATTCTTTCGTAAAGTCACTGTTAGCCGTAA
CP065004.1_gap30	733361	734374	1013	TGCTCCTGTGAATCTTGATGCAAATTTCCTTGCAACTGCAACAGTTGAGCAGATCTTTGACAAAATAAATACGGCACACAGCCGGCTGGCAGCCGAAGGCTGGCCAAAAGATCAAAATGCCGCGCATCTCAAGGAAATATATCAGGCAATAGCAGAAGCACGTGCAAGACAGATCGATGCAGGGGTTGCTGTTTCATCTCCAGATCTTGTGCTGTTTACGACGGGAGCTGCGGCCGTAGGCGGTGCAGCAGCGATTCCGGGAGCAGGAATGGAAAACCATGCTTTGATGAATATGACCGTAGATCAGATTATTGCTGAGGTTAATAATGCTCTTCCGGGAACTCTCAATCCGAATCTGCCTGCGGATCGTGAGAGGGTACGGAAAGTCAAAAATGAGGTCAGAAGGAAGTATGATGTCCGCTATCAGGCCTGGCGAGAGATTGAGTCTGAAGCCGGTGATGCACTGACACGTCAGAATACTCGTTCCGGATCTGAAAGGACAAATATCGAAAATGAAATTCAAAAACTTGAGACTGAACGTGATGCCATGCGTCGTGAAGAAGCAGATGTTGCTGCTTTCAAGGACGATCAGAAGATTGCGAATTCCACATTGGATCGGAGAGCGCCTTCTTATCACAAAGGCTGGCAGCAGTTCGAGACGTATCATCGATATTTATCAGGACTTGTACCTCCTCGCACCGACCTTGACCCGGCAAATTTGCATACGAAAGATGTTGACACAATTATGGCTGATATAAATGCGATGTATGCAATAGATCCGAGTGTCGGATGGCCTCCTGCTCAAAATAATGACCCCGAACATATCAGATGGATTGTGGCCGCAAAAGCAGAATCAGAAGCAAGAAATCGCTCCACTGATATGACTGCTCATGCCGGTGCAATGGCAGATCTTTTGGCTGATGGGGTTCGTGAAGAGGATTTGGCAATAATAGATATGAAAGACGTGCGGGCATATTATCTTACCTTGACAGGACGAGGAGTTGCAGCCGGTC
CP065004.1_gap31	796546	799379	2833	CTGCATTCGTTCGTAACGTGATATCTGGTCTTCCGATTTGTTCCAGTGCTGATTTCAGTAATAGGGGTGTAGTCACACCGAGTGTCGTGCCTAGCTGGAGAGTATCATCCACGACGGCCAGATTGCCCGAACTGTTTTTTAATCGTTCAGCCAGAAAATCTACTGTTTCAAGAGCCTGCTTATCATGTTTTAACCATACTGCATATTGAGTAATATGCTCGTGATGGGGGAATTGGGGATTTCCTTTTATATCAAAAATGTCTAATGCAGCTTTAGGGTGATCTGTATGAAATCGATTATGAAATCTGCGGTCAATAACGGTTCTAAATTCTGTTCCCGTCGGAACATGAAGTCTTTGGAGTGCTGAATTAAGTGTCTGAAATGCTATCGGACCTGATCTTTCAAGCAGTAGGAATGATTGCGGCTGCGGAGATATTGGCTCTAATGTTTGTGGATTTACAAAAAATCGAAGAGAGTTGTTCACTCCGGATTCTATGGAGTGTTGAATAGTATCAGGGATCACAAAAGGCGGTAAGTCCTGAACGGATTCAGTTTCTGTTCGTGAAGGCTGAAGGGGAGTATTTTCAAGTTCTGTCATATGGTCATATTATACAGTGTAAAAAGTGTGCGGATTTTTCTCATAGTCGATAATTATTTTTGGAATACATTGATTTTTTTATGACATAAGTGTATATTTTTAACTGAAACAACGCTTTTTCTTATAAATTTGCACATTTTACCTCATTTATAATTTAATTTTTATTTATGCAAAAAAACAAGACTATGTAAAAGTCTCGTCGTATGAGGGCCGTAAGGGAGAAGTCAAGAAAGTTGTTCTTCTGTATTCAGGCGGACTTGACACATCAGTGATGCTCAAATGGATTCAGGAAGAATATAATGCCGAAGTTGTGGCTCTTACTATTGATATCGGTCAACAGGCAGATGATCTTGAGGAAATCAGGAAAAAGCCCTGAAACTGGGTGCAGTGAAAGCCTTGGTTATTGATGCAAAAGATGAATTTGCCAATGAATATATCGCAAAAGGCATCAAGGCAAATGCCTCCTATCAGGGAGATTACCATCTCTCAACACCGATCGGACGTCCTCTTCTTGCAAAATGGGCAGTAAAAATCGCAGCGGCAGAAGGAGCTGACACGATAGCTCACGGATGTACCGGAAAGGGGAATGATCAGGTACGTATTGAAGGAGTTGCATTAGCACTGAATCCCGATGTGAAAATCATTGCTCCTGTCCGTGAATGGGGGATGGGACGTGACGAAGAGCTGGAATACGCAAAAACACAATATTCCGGTGAAACAAACAGCGGCAAAGCCGTATTCATATGATGACAATATGTGGGGAGTAACCGGTGAAGGCGGTGAGATAGAAAATCCTGGACTTATTCCGCCCTTGGCTGACATTCTGCAGGTTTCAACACTTCCGGAAAATGCAGTCGACAAACCGGAATTTGTCGAATTGGAATTTCTAGTTAATCCCGATCAAAGCCTTTGCAATATATAAAAAGAGAAGAAAAAGGAAAGAGATTATAAGTTTAGTAAATCCGATGAAGTATTGATTCAGTATTCAAAAAACAACTATGCTACTATTTGTATGAATCTTGGGTATTTTTTGGTTTGATCAAGTATTCAGACTACTTCAGGACATTTTTCATATCAATGAGTCTTCCGATACGGGCTCTCAGATCTCCGTGCTGCTTGAATACATATTGCATCAGATTACGATCGGCGATCATGATGTGCTCAGGTAACTGAAGAATAACAGATCCGTTCCGACTGCTAGTACATGCTGTAAGAGTCATGACATCTCTCCCATACGGTGATAGTTCCATCCACAACTGAAGCATATTACTATCATCAGTTCGAATACCAAGACCGAGATTTGTAGGCTTTGCGAGAGCATCATGCGTGCGTCTGACCGGTCCGACATCTCCGAACCGCTGCGATACATCGGTAATATCTCGTGATGAGATTGCGCGATAACCTCCGTAGGCATTCATTTCGATCCGTTCTCCTGACGGTGCTTTGAATTCACAGTACACACCGGGATCCATACCCATTTCAACCATTTCTAGATTTTTTTGTGCAAATCGCTCATCTTTTTGTGCCACCTTTCGATCACGAAGTGTAAATAAGCTGTCCGGACGGGAAAATATTTCGGTTGCCTGATCGGCAGTCCGAATGATTTCCTGTGCATGTGCGGGCAGATATATACCTCCTGCCGGATCATCAAGAATTTGTGCATACACATAACTGAATTCAATTAATGTTTCCGTAAGGCCTTGACCTTCTGCTCTTACCTGTTCATTCGGTCGTAGATGTTCAGCCATAGAAAAAGAGAAAAGAATAATGAGTGGATATTATACACATACAATATGTATAAATCAAACCTGAAGATAATCTCTTTCTGTGTATATTCCGGTTATTCCAATCCCAATACTTTTCTTCCGTTTACTGTGGCAATTTTCACCAATTCATCAAGATCCATGAAACGGTTTCCGATTGCCATAAGTTTGAGTTCACTCCACATATCGCCGTCCGTGAAGGGGAGCATGTAGTCGGCGATATTGTCAGATCCGATCGCGACGGTGATACCGTGTTTTACCAACTCGTCAACAGGGGTGAGTGCGTTGTGAAAAGGCTGAAGATCTTCATGACGCGGAGCATCAATCCAGGCTGTAGGACAGCCGATCATCATGACCTGTGCTTCTCTCAACTTTGCATATACGTTTTTACGATACTCCTTCGGATGGGCAGCAAGGGATATAGAGTGCACGGCAACAACCTTTCCCTGCATTCCGTGTTCGATCGTTTTTT
CP065004.1_gap32	808861	813839	4978	AATTACAGCCATTAATACGCTGTCCGGGCTTATTATTGATATCCATACTAAGCGACCGATTTTGAAAAATACATTCGGCGGTTTGTCGGGTCCAGCGATCAGACCGGTAGGTGTTCGGGCGGTTTACAATCTGTATGAAGCCGTTAAAATTCCGATTATCGGGACGGGAGGCATTAATACTGGTGAGGATGCGATAGAGTACATTATGGCCGGAGCAACGGCCGTCGGGATCGGTTCGGGAGTGTATTACCGGGGTATTGATGTTTTCGGAAAAGTGACTGAGGAGATGGAGAATTTTATGGATCAGAACGGTTATAAATCGTTGGAGGAGATGAGAGGGATTGCACATAAATGTTAGGGCACGTTGTTGTGTTCCAGATTCCGCCCTCGCTTTATCCTCCCGCCAGTGCTCATTCCATTGCGCGCTGTCGGGAACCCTCCAGCTCGGCCACCTGTTCCGCGAAAATAAATCAAGTCTATGAAAAAAATTGACAAACCATTAGCATTGCCGATACAAAAAATAATCACGGAAAGTGAGAGAGTGAAGACGTATGTTTTTGATTATGATTTTCCGGGAGAGCCGGGACAATTTGTGATGTGCTGGATTCCGGGTTTTGATGAGAAGCCGTTTGGCATTATCAAAAAAGAGGGTAAGGGATTTCGGATCTCTGTTGCGGCAGTCGGCGACAGCACAAAAGCCATGCATATGATGGAAGAGGGAGATTTGCTCGGATTCAGAGGGCCGTACGGATCCGTATTTGTACTCCCTGAAAAAGGAAAACAGATCGCAATGGTTGCAGGCGGATACGGAATGGTGCCGTTGTCGTATTTGGCACAGGAAGCCCGGAAAAAAGAGTATAAAGTACATCTTTTCATCGGAGCCCGGAACAAACAGGAATTACTGTTTAAAGAGTGGATGGAGGAGATCGGAGTCCTGGTTCACGCCTCGACGGATGACGGATCGGAAGGATACAAAGGCTTCAATACCGATCTTTTCAAATCAAATGCTGAGAAAGAAAGTTACGACAAAGTCTACACGGTCGGTCCGGAAATTATGGAACTGAAGATCGCACAAATTTGCTGGGAAAAAAATATTCCGTTTGAAGTCTCACTTGAACGATATATGAAATGCGGATTCGGCATTTGCGGACAATGCAGTGTCGATCCCACAGGCTGGCGTATGTGTGTCGAGGGACCGGTAATTGACGGAGAGAAGTTGAAGAAGATCGAGGAATTCGGTAAATATCACCGGACAGCCTCCGGCAAGGTAGAGAAATATCCCTGGGTGAAATAGACAGCGTTTTGATGTATTTGGGATACGCTTTCAGAGCATTATACTTACTTCATGAAAATATACGGTGAACAAACGAACCATGCCCTTGAGAACTTTCCATTCGATGTGCCAAAAGTTTCACTTGAGCTGGTGTATGCGATCACAGTCATAAAAAAGGCAGCAGCGAGTGCTCATCATAAGGTGAATGAGCTTGATACGAAACGTAAAGATGCAATCATCACAGCCTGTGATGAGATACTGGCCGGGAAACACGATGACCAGTTCCCGGTATCCTCACTTCAGGGTGGAGCGGGAACTTCGATCAACATGAATGTGAATGAAGTGATTGCCTCAAGAGCTTCGGAACTAGCTAAAACTTCCGTTCATCCGAATGATCATGTCAATATGGGTCAATCTACCAATGACGTCAATCCTACGGCTTTGCGGATTGTCTGTCTCGAGCTCTCCCATACATTGATGGAAAAACTGAAGAAACTTTCAAAAGCATATGATAAAAAAATAAAACTGTACGGTCATGTCAAAAAGCTTGCACGTACGCATATGCAGGATGCCATTCCGACCACGGTCGGTTCAGAAATCGGAGCGTGGAAGGGGACTGTTGACCGCGATATCCGCCGGCTTACCGAGTTTCAACCCTATTTGTATGAAATACATTTAGGCGGTACGGCAATCGGAAGCGGTATGAATGCCTCACGCCAATTCAGGAGAGAACTGTATAAAGAACTTAATAAATTGGTGAAGGATTCGGGCATCCGATTTAAACCGGCCGAAAATATGTTTTCCTTCACCTCTACAACGTCTGATTTTGTCCATCTCAGTAATCTTATTACACTTCTGGCCGGTGATCTGTCAAAAATCGCACATGATATTCGTTTTTTAACCAGCGGACCCCGCGGAGGAATAGGGGAATATATATTGCAGCCTCTGCAAAAAGGATCTTCCATTATGCCGGGGAAAGTCAATCCTGTCATACCTGAAGTTATGAATCAAATTTATTACCAGATATCAGGCAAAAATCTGGCGGTGCAGATGGCCAATGAGACTTCGGATCTTCAGCTTGCCGTCATGTTCCCGACTGTTGCTGATTCAGTGATAACTTCTTTCAAATTGCTTATTGTAGGCGTGGATCAATTCACGGAAAAGTGTATCAGGGGGCTCACAGTAGATCCCGAAACCTGTCGGAACCATCTTGAAAGCTCGACTGCCTATTCGACGCTTTTAGTGCCGATCCTGGGGTATGACAAAGTCGCCGAAGTCGTAAAGAAAACGATACAATCTGGAAAAGGTTTCAGACAGGTGCTGCTGGAAGATAAGATTATTGGAGAACGGGAACTTGAGAACCTCTTATCGGGCTTCACGGTAGAATAGATTTTTCTGAATATTCTGCTTGAGTACAAAAGATTCTTCATTCGTCAAAAATCCGTCTTCGAGTGTCGTTAGATCTCCGACGATCGTGGAACAGCTTTCAGATGTTCCCGGCATGTTGTTTTCGTCATAAAACAGCATCCTCAGCTGCTGCATATTTCTCAGTTCGGGATCCTGCATGGTAACGATTGAAAATTGTGTACGTGCAGGTAATTGTGACTCCCTCCGGGGGCTCGAATGGAAGGCGGCAACCCCGAATGATTCATGGTAATCAGTCAGCATAAGGCCGGAATAGACACCCGTATAATCGAACGGACAAAATAATTCGGTTTGTTGAGGGACATACTTACCGTTTTTTGGTATGTAGAGCTGCCCTTTGTATATACCGACATCATCCAATAAACACTGTTCATGAGCGACTGTGGCAAGATTGTACAGCAAAGGTCCGATCCCCTCCATTGTGTGAAGTGCCGGTGCCACATGTTTATTGACCCATCGGATTTCCCGAAAAAGGTCATGGAACACTTCTGTGGGTGTACGCGCTGATTCAAGCTGCAGGTCTTCGTTTTGCCGTTGAATGACTGCCAGCGGAAAATGGTCCGCTTCAATATCCTGAGACCATTCATCAATTCCCTCAGCTGAAAACTGACCTAGAAATTTTTCCAGCGCCTTGGTTGAAAATCTCTGCAGTACGGCTTTCTGCTGCAGCTTATTTATGAGTGCGTTTTGAGCTCGCCTTCGCTCGATCGCTCCTTGTGCCCAGGTGAGCCACCATTCCACACCCTCAGGAGGCATCTTTCCGACAAAATCAGGCAATTCATCCCGCTCCCGGTACGGGAGGTTCCCGATGAGATGGCTCAACGCAACCTGAAGTCTTTGTTCTTTTGACGGCATATAGAGCAGCATTATACAAAATTTGAACTTAAAACGGTATAATGAATATCATGAATATCATACATTTTGACGTTGACCGGGAACTGAACAAATATTTGCCGGGTGAAAAAAAAGAAACTTCATTACAAGCTTGTGACGAATCATTGCAGAAAGAAACCGAGGCGGTAAGTATAAAGACAGCTTCACAGGCAGATGCGAAAACATTGTCTCAGTTCCCGAACCTAAAACTTCTTATCACCCGAACCGTCGGGACTGACCATATCGATATTGAGTACTGCCGGGGAAAGGGGATAGCCGTATACCATATCGTTGATTACGGTTCATTCAATATCGCGGAACATGTATTTGCATTAATCCTTTCCGGAACGAGAAATATTCTGAGTACGCAAAAGGAAATCAAAGCCGGTACATTTTCCTACAACGGACACATGGGAGTAGCACTCAAAGGAAAAACATTGGGAGTTGTCGGAACAGGGCGAATCGGATTGGAAGTGATAAAGCGCGCCAATGCGTTTGAGATGAAGGTGCTAGCTTATGATGTTTACAAAAACGATCAGGCACAAAAAGAACTCGGGTTTGAATATGTTGAGCTTGACAAACTACTGAAAGAATCCGATATTATTACACTTCATGCGCCGCTTCTTGACAGTACAAAGCATATGATACATCAGGAATCTATTAACAAGATGAAAGACGGAGTTGTCCTGATCAATACTGCACGCGGAGAACTTATTGATACTGAAGCTCTGATTAAAAATATTGCAAAATTCCGACTGGTGGGACTTGATGTTCTGGAAAAAGAAAAGGAATTTAGTAAAAACAATCCGCTTCTTGGACTTGAAAATGTAATCATCACACCGCATATAGCTTTTTATTCTGACGCATCAGTGAAAAAAATTGCAGAGGAAACAATGCGGCTTCTTGCTAATTTCGAAAAAGGAAGTGCTGACGGACGGGTTGATGTGATATGATTGAGGACACCTATGAAAATTCAAGCAGTACTTTTTGATGTCGACGGGACACTTATTGATACCTCTGAGTACATTTATCAGGCATATGAACACAGTCTGGGAAGACATAACCATAATCTGCTTTCCCGTGAAGAACTCAGTCATTTGATGGGGAAATCGTTAGAGGATACGTATCGTGAAATTACCGGACTTGATGCTGTAAACCCATTTATGGAGGCGCACCGAAAGTATCAGTTTGAAAACGCAGGACTTGCCGTGGCTTTTCCTCATTCCCTCAGCACGCTTGAAGCACTGCGTCAAAAAGGGATCTCAATAGCGGCCGTGACGACCCGTGCACGGGATACGGCAATTGAGACACTGGAAGAAGCAGAACTTTTTCCGCTCATAGATTTTTTTGTCGGATTTGAGGATGTGACGACACCGAAACCTGATCCGGAAGGTATAAAAAAAGCAC
CP065004.1_gap33	819631	824170	4539	GAACTTGCAAAACTGCAGGAACCTGACCCGGATTTTGTCTCTCTGCCTAAGCCCGAAGACATATCTGATGTTGAAAATGATATTTTTTTTGCAACGGAAGGAGAACTTGCAGAAGGTGCTCATACCGTGATCAGAGAAGCCTTAAGTGAGCATCTGACTGCGTCAGGCGCGTATGCTAATGATGTTTCAGAGCTCGCCGTAGCAAATTCCCTCGGGATCTTTGCGTATCATGCAGGCTCTTCCTGCAATCTCTCAACCATTGTGATGGGGAAGTCATCGAGCGGATTTGCCGCTGATGTAGCTCGTAATGCAGCGGACGTGGATGCTCAAAGAGTTGCAAAGACTGCTGTCAGTAAAACACTGCAAAGCTCTGACCCGGAGGATATAGAACCCGGTGAATATGAGGTTATTTTGGAGCCGCAGGCAGTTTCTGAAATGATGGCTTTTTTCCAGTGGTACGGCCCCAATGCGAGGATTTATCATGAAAAATCAAGCTACCTTTCGGAAAAAATGGGGCAAAAAGTATTCGGGGAGAATATTACTCTGATTGATGATCCGTTTCATGAGCTTGTGTTTCCGATGCCGTTTGACTTTGAAGGGTATCCGAAAAAGAAGATTATGTTTGTGGAAAACGGAGTTTTGAGGAATATTGCATATGATTCATATTATGCCCATAAATACAAGACAGAAAATACAGGACATGCCTTACCGGCCCCGAACACCTTGGGACCAATCCCGCTTCATCTGTATATCGCCCCCGGAGATAAAACACGTGATGACATGATCAAAAACGTCAAGAGAGGACTTCTGGTGACGAGACTGTGGTATGTGAGGGTACTGAATCCGAAAGTGCTTAATATCACGGGTATGACGCGTGACGGGACATTCCTCATTGAAGACGGCAACATCGTCAAACCCGTCAAGAACCTGAGATTCAATCAAAGTATTCCCGATGCATTGCATAATGTGGTTGCGATTGAGAACAAACTGACACAGCTTGCCAGTTTTGAGGGAGAGCTGATAGGACTGGCGCCGGCTCTTCATATCCGCAAGTGGGAATTTAGCAGCGCCACACTCTTTTGAGCATTACCAATTATTTATTTCATCTATGAAAAATGTAAAAGAACTGCTGAAGAAGAATGATATCATCCGTGTATCTCCTGAAGATACATTGTCGCAAGCATTAGGACAACTTTCCAGTTCCCATGATGCCGCGTTTGTAATGGATGAAAAGGATAATTTTCTCGGGGTAATCAATCCGTATCATGCCCTGATACAGTCATCCGCATACGACGGTGAAACAAAAGTAGAAAACTGTCTGTTCCATCCGCCGAAAATTAACGAAAACGATACACTGGGGAGAATTGCGAGTATGATGACCCAGTCGAAGGTACATTACCTTCCGGTATTTAATGATAAAAATGAGTTTGTAGGAATCACATCTGCGCGCCGGCTGCTCGGGCTTATGCGTAACAGTGTTGACCACATGACACTCGGTCAGGTACTAGCTGCAAAGAATCGCCCTTTGGTAACTATCGATGAGAATGAATCAGTTTCGAAGGCTTTGGTGATTTATAAAGAAGAAAAGATCTCAAAATTAGTTGTTGTGAATAAACAAAACAAAGTTACTGGTTTACTGAGTTATTATGAATTAATTCCGTATCTGATTGCACCGGGAAAACGGAAAAAGGGCGGCCGCGGGAGTGATGAACAGGAGCCGTTTCAGAAACTCAAAATTAAAAACTACGCAATCAGGACAGTTCTGACACTTCAGGAAGATAAAAATGTATCACACGCCATAGATATGATGCTTCAACAGGAGCGGGGAAGTGTCGTTGTGACAGATAAGGCTGATCATCCTGTAGGTATTGTGACAACAAGAAATATATTGGAATTACTGCAGAGTGATACGGAGAAAAAGCCCGTCCAGCTGACATCTAAGAACTTCAATGATGCACACATCTCCGTTGTAACGGAACTCGTTGACTACGTCTTTGAACACATTCAGAAGGATGACAATATCAGAAGTGCCGAAGTTATTGCCGAAGAAGCAAAAGAAGGAGTGCTGTTCAGGGTTGCAATTCATCTGATTCCAGATAAAGGGAAAATGATTGTGTATGAGCGCGAGGGGAAAGATCTGCCCGGCATGCTCCGTGAGCTGAAGGGTCTCGTGAGACAGGAGAAGTGATTCTGCCCAAATGCCATCAGAAATATTGCTATTGACAAATACTATCTTACTAGTATACTAGTATTAATGAATGAATTAATTTCTATTCTGTTATCGATCAAAACCGAAAAGGAAATGAGAGAATTTCTTTTGGGTCTTTTGACTCCGAAGGAGATAGAGGAGCTTCCCAAACGCATACAGATTGTAAAAATGCTCAAAAGGGGAGTCCCGCAGCATGAGATTGCCCAAAAGCTCGGTGTCGGCGTTGCAACCGTGACGCGTGGATCAAAAGAGGTTCAAAGAGGAAAATTTTCAAACGTTGCCTAATTCAGCTATTAATAAATATATGAATATCAAAACAGTTTACATATATTGGCGAAAGTGGTACTTCGAAAGAAGGAGGACTGATTGTAGTGGGTAAAACAAACACCCGCTTTAATGAGCCTTCCTTCGGGAAGGTTTTTTTTGGCTCGAGAGGAGCAGACAGGATCCAAGCTTTTCTGTCAGCTCCACAAAAGCCGTACTTTGAGGATGCATGGGATATCGGATTGTCAACCAACACTATGTTCGTGAAAGGAACAGAAGATGATTCATTCATGGCTCGACCCGGAAGCACCGTATCCTCCCGATCCGGATCAGGGGGGAAATAAGCCGAAGGGAACGAAGAATGGGCGCAATATTCAACAGTTATGCATTTGAGCGAATGATCGAAGAGTACTTCGAACGGGAAGGCGTATCAGCTCGATCGTGCTTCCGACTGTTCGGAGCATTCGCTTTGAGTGCTCTGATTGCGGGAGGGCTGATGACCTTAGTCGGTAAGCTCCTTGCAGTTTTCGTGTAGTCGCGTTGAGGAAGATGTAGTAAATCCCATGCATCCTCCTCACTCTTTTGATAGCTTGTATTTACCGTCAGTATTGGGCATAATAATACCCATGAAAACAGTCTTCATTACAGGAGGGTCAGGATTCTTAGGGATAAATCTTATTCGGTATCTTCTTAAGAAAGGCTACAAGATTATTTCATACGATATTGTTCCGTTTGATTATAATGACTGCAAAAAAAAGATCACCGCAGTTGTCGGAGACATCCGTGACAGGGAAAAACTTCATAAATCGATGAAGGGATCCGACATAGTTATCCACTGTGCAGCGGCGTTACCGCTTTATTCGGAAGAAGACATCTATTCTACCGATATTGACGGGACAAAGAACGTTATTGACGGTGCGATTATCCACAAGGCTGAGCGATTTATCCACATCTCATCCACAGCGGTTTACGGGGTACCGGATCATCATCCTTTGTACGAGCATGACCAGCTCATCGGTGTCGGGCCCTACGGTAAGGCGAAAATCAAGGCTGAAAAAATGTGTGAAGAGGCAAGGGAAAAAGGGCTTATTGTCTCGATTATCCGTCCGAAATCTTTTGTGGGTCCGGAACGTCTGGGGGTATTTGCACTTTTGTACGACTGGGCGAAGGACGGGCACGGTTTTCCGATGATCGGGAACGGCAGAAACCGCTATCAGCTTTTGGATGTCGAAGATCTATGCGATGCGATTTTTGCCTGTATGACCTTGGATAAAAAAGCCGTAAACGATGTATTCAACATCGGAGCTAAAGAGTTTACAACGATGGGGGAAGACTATCAGGCTGTTCTTGATGAAGCAGGCTTCGGTAAAAAGGTGATCGGTACACCGGCAGCACTTGTGATCGGAGTACTGAGAATTCTTGAAGCCTTAAAAATCTCACCTCTGTATGCCTGGGTATATGAGACCGCTTCCAAAGATTCGTTCGTATCGATTGAGAAAGCGGAGAAGCAGCTGAAATACCGGCCACGTTTTTCCAATAAAGAAGCACTTATCAAAAATTACCGTTGGTATTTGGCTCATCTGTCGGATTTTGAAGGGCAAAGCGGAGTTTCTCATCGGGTCCCATGGAAACAGGGAATTCTGAGTCTCTTCAAACGGTTTCTTTAACGTACGATGACGGCGATAATCCTGTTGTCCCGGTCATATACCGGTGCTGCATATGGTTCTTCAAGTCCTTTGGGGATATGACTGTCCACGTATAGTTTTACCAAATCCTTTGTTTCGTCTTCCGTAAGCATGTTTTCCGAATAACGGATACATTTTCTTCCGTTTAATAAAAAGCGAAATGTCTCATAATCACAGCCGAAACGTTCGGAATACAAGAGAATATCTGCATTCTGGGGAATTTGCTGCAGTCCGGCATATACTCCCGGGGCAAATACAAACTGCGCAATTGAAGAACGGGGAAACAGGGTAAAATACTGCCACAGATTGAGTATTATTTGTGCGACTCCCAGAAGTGATACAACCGTTAACAGGACCATTCTTTTCCCTCCATGTGACAGT
CP065004.1_gap34	843158	845019	1861	TTCACAGATTATCCAGATGGTCGAAGAAGCACAGGCCACCGAAGCTCCTATCCAAAAACTTGCCGACAAAGTAGCTTCAGTATTCGTACCGATTGTCATGGTAATAGCAGCACTGGCATGGGTATTCTGGTACTTCATTGCCCCACAGTTCGGACTGATCGCAGATGCCAACACGTTTCAGCTTGCAACATACATCGCCATAACAGTCCTTATCATTGCCTGTCCCTGTGCTCTGGGCCTTGCCACACCGACAGCCGTCATGGTCGGTACGGGACATGCAGCTCAACAGGGAATCCTCGTCAAGGATGCTCAGGCACTTGAGATTGCACACAAGCTTGAAATCATTGTTTTTGATAAAACCGGAACTCTGACTAAGGGAGCTCCAGAAGTTCAGACGCTCGAACTTACTGATGAATCATATGCTTCACTCCTCTACTCTATTGAAAAAGAGTCTCATCATCCTCTTGCAGAGGCAGTCGTCCGGTATTTTGAAGACAAAAAAAATGTTTCCGTGATGAAAGTGGATCATTTTGACGACATATCCGGAAAAGGAATTGAAGCGCAGATACAAGGCAAAAAAATACTAGTCGGAACGGAACGCCTTATGAAGGAAAAGTCCGTCACTATTTCTGCTGACGATAAAAAACTGGCTGAGTCGCTTCGCTCGAAAGCTCAGACCGTTTCGTTTTTTTCAGTCGACGGCACGGTTAGCGGTGTTATCGGAATTGCCGATACTATCAAAGAAGATGCAAAAGCTGCGGTAGCGCGTCTGCATGATATGGGTTTGAGGACGGTCATGATAACCGGCGACAATACCGTGACAGCTCAGGCTGTGGCAAAAGAACTGGGTATAGATGAGGTTCTTGCTGAAGTGCTTCCGGGCGATAAAGCCGCAAAGATAAAGGAATTACAAAAAAACGGCTCGCTCGTCGCCATGGTGGGAGACGGTATAAACGATGCTCCGGCTCTTGCGCAGGCTGATGTCGGCATCGCGATGGGAACCGGTACTGATGTGGCGATCGCAACTGGAGATATTGTGCTTGTAAAAGGCACGCTTGAAAAAGTAGTCGAATCAATTGATGTTTCAAAAAAGACCTTGCGCATTATCAAACAAAATCTGTTTTGGGCGTTCGGATACAATGTCGTCGGAATACCGGTTGCGGCTGGAGTTCTTTTTGTACCGTTCGGGTTGCTTCTCTCCCCGATTATTGCCAGTATTGCAATGGCATTCAGTTCGATATCAGTTGTTTCAAACAGCTTACGTTTAAGGTATTTAGTTCGATAATTTACACGTTCCTCACATTCAATACGTATACTTTCTTAATTGTTAATTGAGTTTAGTATATGAATATTAATGAGGTGAAATCATTCGTACAGGAACATGACTGGAGAATTCTCATGACTTCCCTAGGACTGGCGGTAATCGCAACGTTGTCTCCTGATTACGAGACCGAAGTTGTATATGAAGTATGTGCCGATCACGCAATACAGTCACCCGCTTCACCGGTACCTATTTTTTCTTCGGTATCTGCAGATACACAATGATTGCAAGGAGGAGAAAGATCAGAAACGGCAGGATCTGAATAAAGGTAAGACTCAGTAAAGCCAAAACGGCAAAAGCGATCAGCAGACTTTTAAGCGGCTTCTGTTCTCCAAGTGCTTTATTGATAGCATCAAGAACTGTTTGCATATGTGTATATTGTATCAGGTATGATCGGTTTGAGACAGTTTATGGCATACTATCCCGTTCAAATTGTATATAAAAAGTACGGCATCGCATTTTTTTTCTGAAGGAGAACCTGTTGGGAAACATTAAAAACCGGGACTTTTTCATTTAGCATACCTTTCGGACTTCCGTGAT
CP065004.1_gap35	846092	849563	3471	AATGTCCCTGATAGACCTTTGCCAGCCAGCGATCATCCTTAATTGATACCTTGAATCCCTTATCCTGAAATTTTTTTAAAATGCGCGGATAATCACCGGCTTTACAGAAAATATCAATATCTTTGGTCGGGCGGTCAATATCTGTATAGTATTTGACGGCATATGTTCCCCCGATTACAAAAGGAATTTTAAATCCTGATAATGTTTCAAGGAAGACCCGATAAAACTTTTCGGCTTTTTTTTCATACTCAGGAGTAATTCCGATACTGGTCATGAGGTGATAATAGGCAGAGATTGTGAAGATTACCGTTGGAAATAGATGAATATTCTGTAAATTAGTTCTTTTTTTCCGTGATAGAATAATAACGATATGAAAATCGGTATTCTGGGAGGTACATTTGATCCTCCGCATGTCGGCCATCTGATTGCTGCAAGCCAAATCAAAGAACGCATGAAGTTTGATCAGATGTGGCTGATGCCTGTAGCTTCCCATGCCTTTGATAAAAAACTTTCATCTGCCAAACACAGGTTGAAAATGACTGAAATTGTCTCGTATGACGGTATCCTTGCTTCTGACTATGAAATTAAGCTCGGCGGTGTAAGTTCGACATATCACACGATGAAGTATCTCCACGAAGAGCATCCGGATGATACTTTTTATTTTTGTATGGGGTCAGACTTGCTGGCGGACTTTCATAAATGGAATGATTGGGAGGCACTTGTTGAGGAAAATAATTTTGTGATTTATCCGCGGGGTCGTGACTATGAATATCTTGAAAAAAAGGTTCAGGATGTCATGGGAGCAAACAGAATGTCACATATCACGATCATCGCCGGACAGGACGTCGTTATAACCAATGTATCCTCTACTCTGGTGAGAAGCCGGCTCAAAAAAAAACAGTCGGTCAAGTATCTTGTTCCTGAAGAAGTCATTTCGTATATTACAACTCATAACCTTTATAAATGAATAGTATTCCTTCAATCCAAACCACTTCCGAAGTAGCACTTGCGAAGGCCTTTATACAAACAACGCTCAAGGACACAAAACGTGAAAATGTTATCATAGCTGTTTCTGGAGGCATTGATTCCGCGACGTCGTTATATCTTTTGAATGAGGCTCTTGATAAAAGAAATATATTTGTCGTTCATCTGTATTATTTTAAAAAGTCGATTGAGGCATTCCATGCGGTGGTAGATCCTATGAAACTGCCGAAGGAAAACATACTTCTCTACTCTATTAAAAACGTCGTTGACGCGATTGTGCAAAATGTTTCGGCAGAAAATGATCCCGTTCGAACCGGCAATATTATGGCAAGGGTTCGCATGCTACACCTGTTTGATCTGGCAAAAAAACATACAGCTTTGGTTTGCGGTACTGAAAACCGTTCGGAATATCACCTGGGATATTTTACCCGTTTCGGTGATGCAGCTTCTGATTTTGAACTTATCAATCATTTGTATAAAACCCAGGTACGGCAGCTTGCTTCATATCTTCAAGTTCCTCAACCGATTCTTGATGCTGAGCCGTCAGCCGGGCTTTGGGAAGGTCAGACTGACGAAAAGGAACTGGGGTTTACCTATGAAGAAGCCGATCAGATATTGTATCTTCATTTTGAGGAAGGAAAGTCAGCGGTTGAGATCAGTGAGCAAGGATTTGAGAATACGGACGCTGTCTTGAGCGTTGTTGAGAAGAACAGTTTTAAGCACAAAGTGCCGTATGTGATGGGATAAGATGTATGGCATACTGTACATATGGAAACCGGAAATCTGGGATTTATGATACCTTCGATATACGACATCATCGAGTTTATGGTTTTTAGAGCGATTCCGGTAACAACCTTAGCACTGCTTGCCCTTTCAGGAGGAATACGATATAAAACCCACGATAAGACAAATCCTTTATATTATGCAAACGGAGTTGTCGCATTAATACTTATCTCTCTTTATGCTTCAGTTTCCGGATTCAATTTTGTATCCGGTTTATTATTTGTAGCAATATTCATTGTTATTTTTCTCACTGTCTGTAGTTTTTTTGTTAAGATTTTTTATCTACTGTATGACCGGAAAAAATCGTATGCGTTAACGTATATCTTGATTATTATTGCACTTTATGTATTCTTCTATCCGAAAGATCAGAACTGGTATCGTAACGAAGAAGAGCGGCTTGTTCCTGCAGTATCATGTGAATGTATCGGATTTTCAGAAGAAGGAATATACTCATCAGAATACGGTTTTTTTGAAGCCCGGTGTTTCGGAATTCCTGTCCAGTGCCGTGAAAGTATGAAGGATCGCTGCCCGTTCTTGCCTCCCGATGAAGATTGTATTACAGTTGATGCTTCCGATTTGTCTTAATATCTTACCATATCACCGATTTTATCCTTTAGTTCCTCAATCCCCTCTCCTGTTACGGCTGAAAGAAAATGATACTCCTGGCCTTCAATATTGGAAATGATCTCCTGCTTGTGCTGATTTGAAATCTTATCTGTTTTATTGAAAACGTATAGCTGCTTTTTGTCACCGATCTCCAATTCCTCAAGTATGTTGTTCACTACGCTGATTTTTTCATACATTTTCGGATCAGAAGCATCAATCACATGCATCAACAGATCGGCATGAACTGATTCCATAAGGGTTGATTTGAAGGCATCTATAAGCGAAGGCGGTAAATTTTGGATAAAACCGATCGTATCGGACACCATAATCTCCTGGCGGAGCAACGGAAGATACAGCTTGCCGACAGTGCTGTCTAGCGTTGCAAACAGTACATCTTTTGCAAGTTTTTCCTTTTTAGCAAGTCTGTTAAATAATGTTGTTTTTCCTGCATTTGTGTAACCGACGATAGAAACTGTTTTAAATCCTATCTGTTTGCGACGCTCCAGTTGCCTTTCGCGATTATTGACCAGCTCAGCCAGTTTATCCCGTGTTGATTTGATGCCGTCACGCCAGTGTCGTTTCATAAGCTCAACATTGGTTTCTCCGGCTCCTCTTGTACCGATGCCGCCTGCCTGTCGGCCGAGTTCTTCTGACAATCCATACATACGTGGTCCCATATGGTGCATTTGTGCGAGCTGGATCTGCAGCTTTGCTTCAGTGGTACGTGCATGTTTTGCAAAAATATGCAGGATGAGGTCTACACGATCCCAGACTTCAATATTCGGGTTTACTTTCCAGTATCGCTGTAGTAGTTTGTATTGTTGAGTTGATGTTGCGATGCCGTTTATGATGACTATATCAATTTTATATTTTGCAATCAGTACGGCCACTTCTTCCGCCTTTCCTGATCCGATATACGTCCCCGGATGAGGATTTGCGCGTCTTTGAATTATTTCCACAATCTTTCCTCCTCCGAGTGTACCGATCAAAGATACCATTTCATCAAGATCCTGCTTTGCGTCTTCTCTCCTCACGGTTGGCGGGACCACATCAATCAAAATATATTTTTTTTCCTGATCGTTATGCATGGTGTAATTA
CP065004.1_gap36	977758	980402	2644	TATTTCGACACCCATAAGGGAGTCATTGCATTCGTAAGACTATTTAACGGGACGGCAAAGGAACTGTCATCCATGAAGCTTGCAATCGGTGATGTCAGATTTGAATCTCCGGAAGTCGGGATGTTTACTCCTGAATTGAAAAGGACAAAAGAATTAGTCGCCGGCGAAATCGGATATATTGTCACAAATCTGAAAGACATTCACAATGTCAGGGTCGGAGACACGATCGTGCATCCTTCAAATAACAAACCACTGCCAGGGTACCGGACGGTTCATCCCATGGTTTTTGCATCTCTCTTCCCTACTGATCCTGCTGATTATGAAAATCTCAAAAAAGCGCTTGATAAAATATACCTTACGGATTCGGCACTTGAATACAGTGCCATTTACAGTCAGGCTTTAGGAGCGGGTTTTAGAGTAGGATTCTTAGGTCTTTTGCATGCGGATGTGGTACGTGAACGGCTGGAGCGTGAATACAATCTCAGTCTGGTGCTCACACCTCCGCAGGTGGATTACCAGATCGAGCAGGAACAATACAAAGAACCGATTGTCCATATTATGATCATTTCTCCTCAGGATTATGTCGGAAATGTCATGCAGCTTTGCGAAGATCATCGGGCGAAGTTCCTTACAATGGATAATAAAAATCAGGTCACTCTCGAATACGAAATGCCTTTGTCTGAAATGATTTCCGGATTTTTCGACAGTCTTAAATCTGTGACTTCAGGCTATGCTTCTTTTGATTGGGAGCTTCTCAGGTATGATTTTGTAGATGCGGACAAGTTATCACTTCTTCTAAACGGTGATGAAATTGAGGAGTTTTCTGAGATTGTTGTGAAGGATCGTGCGATGGAACAGGCGCAGTTTCTGACAAAACGTCTAAAAGAACTTATCCCCCGCCAGCAATATGAAGTGAAAATCCAGGCGCAGTATAAAGGGCGTATTATTGCATCAGAAAGACTTTCTGCATACCGCAAAGACGTACTGACAAAAAACAGTAAAACGGTCGGGGCCGGTGATGTCGGACGGAAAAAGAAGCTTCTCGAAAAGCAGAAAGAAGGAAAGAAGAAAATGAAGATGATAGGAAAAGTGGAAGTGCCGAAGGAGGCATTCATGAAACTCTTTAACGAAAAGTAGAATACTATTTCTTCACTTGTAACTGAAAATTTGTTCAGAAGTGAACTCGCCTTTTATTGTTAGCTCGAACATCCACTTCGTTCACAAACTTCGGTTACTGCGTTCAGAATTAGAGACTTTCACAGCATATCACTCGCTCGATACAGTATTTTTTTAATCATGTGGGCGTGCTCATTCCTGCACACTTCCCAAATTCGTTCAAGACAGAGATCTACGCTCTGCAGGTTCAGACAAATACGTGTTACAAAGCCAATCCGAGGAGGATGAGTACAAACGGTATAAGTACTGCAATCGCTGGATTCATACCCGGAGGCTGATCCTCGACTTCCAGTTTGGTCACCGGCGTAGCTGTGGGAGGAGGAGGTACGGGTGTAAATGTCGGTGTCGGCGGAATGGGTGTCGGGGTAGGAGGCACCGGAGTCGGTGTCGGTGTAAATGACGGTGTAGGTGTCGGTGAATGGGTCGGTGACGGGCTCGGAGTTTCAGAAGGAGAAGGTGACGGTGAAGGTGTTGGTGTATCTTCCGCCGGCTGTGTCGGTGTCGGAGTAGACTGCGGACAGGTTTGTGTTGCAGGATCGTATCCCGTACTGTTTTCAGAGATGGCAAAAGCATAACCGCCCGGCCACATTTCACCCGGAGGTACTGTGTTGGATGATTGCACGTTATGACATTCTATCGATTCTACCCCGTTGTTTTCAGTTCTGACATCCATCTGGGCAGTCTTACAGGGGGTTTGTTCATACTCAAATGTCATGGATTGTCCGGGCTGCAGGACAATATTCCGCTTTGGCTGGCTGAAGTTTCCGTCCCATTCTCCCACAAAACAGCTTTCTGCACCGTCAGCGCAGGCGTTATCTCCTCCCTCACAGCGATAACTGCCGCGATACTGTTCTTTCCTTCCTGGTACATACGTACATCTGAACAGATCAACTTCGATTTTATCGATAGGTTGTTCCGTACCGTTTTTAATCGTAATTCTATTTGAGTTGTAGGGATCAGGTCCCGAATCACACTCCAATACGCCGGAACGGTTATCATCATCATCGTCATCGCCTCCTCCGTCAGGAATCGTCATAGTCGGAGGTACGAGTACGATTGATTCATAGGGCTGGAATGCAATTTGTCTTTGGGCGTCAATAAGGGTAGTTGCACCGCGAATATTCGAATAGGTTTTATAACCTGCATAATTATGTTCAGGCAGCCGGACAGTCGGAGTTTCGTCTGACACATTGAGAAGCATACCCATATATTCACCGTTCTTTTCAGTAAGGGTACCCATGATCGGCTTAAAGTTGTACTCAGATACAAACGGATTATCCCACGGGTCCCCGTTTCCGCGGAATGCATCCGGCCACACAACTTGAGGACTGACAGCAAGCTGCTTTGCCACCAGTGACATTGTTGTTTTTTCAGCAACATTCATCGTATCAAAAACACCGCCGTTTACGAACTTTATCGGTGCCTTTTCAGGCTCAGTCTGTACATGGGTCACCATTGCAGAAACGAG
CP065004.1_gap37	1003558	1005889	2331	ATGCAGGTCTTTACAGAGAGTATCAATATCAACCATTGATTGCGCTAAATCCTCCGGGTGCATATACGGCATTCGTGCAACTACCCCATTGAAGTTGTAGCGGTACATCTGCTCTTCTTCCGGCGTCAGAACCTGTGCATACCGTAGGGCAGTAAATCTGTCGGGATCCTGTGTGCGCAAATTTTCAAATTCCCGGATAAAATACCTCTCTCTGAGTCTGTCTCCCGGCTCCCGTAACCGGCTGTCTCCGTGTTCAGTAGGGGCCAATATCCCGGGAGGTAACGTGGTACAGTGAATGTGCCAGTTTCTCCAGGACATCGAAGGTGCCTTCAGGTCCCGGCGGCCGTAGTACATGTTGTAGCAAGCAACGGAATCGGGAGTGTCAAGGAATGTGTCCATTTGACGTGCGGCAGCAACTGTAGCTTCTCTCGGAGTGTTGTCAGGTTTGGCATATTCGTCCCCCAGATCAAAGGTGAGCATGTAATGTACTCCGTCACCTTGTTCAGGTACATACTGGTTGGTGGGAAATACGGCGAAGGTTTGATTTTCAATAGGCTCAATCCATCCTTCTCCCGTTTGCTGCTCTTCAGTCATGACCTGCCACATAGCATCAGGTCGATCGTTAATTTGGCGAAGTAACGGCAGCTTATCAGAATTTAACGGTGGGTTACAAACCGTGAGAGTATATCCGCGCGCAGACTGTGCCTCTAAAACATGACTCATTAGTAGAAATTGTATCTTACTTTATCCTTACAATCACCGTTACAAAGAATTATTTTAAGTATTTTATGTGTATATTTTCTTGATCTTTTTAATTACCCGAAACTTCGTTATACTGATTTTATGAACTTAAAACGTTTTTTCAATCCCCGTTCGGTGGCAATTGTCGGAGTATCCGAACATGAAAAGAAAGTCGGGCATCTGGTGGCACACAATATGATACGGCAGGGATATAGCGGGGAAATGTACTTTATTCATCCGTCAGGAGCGGAAATCTTAGGTAAAAAAACGTTGACATCGCTCAAGGAAATCAGACAAACTCTTGATTTAGTTGTTCTGGCAGTGCCTTCCTCTGTTGCTGTCTCCTATCTGGACGAAGTTGCGGCAAACGGTTGTCACAACGTGGTGATGTTTGCCGCCGGTTTCGGGGAGACACATTCACCCGAAGGAAGCCGGATGGAAGAAGCATTACAGCAAAAAATTAAAGAGCATGACATCACCTTGCTCGGCCCGAACTGTATAGGATACATCAATACTCATATCGGAGTGAACGCAACTTTTTTCAGTCATGTCGCACCCAAAGGAAATACCGGCATTATTTCACAATCAGGGGCACTCGGCACCGCATTTCTCGATTATGTTGCGGCAAAGACACATGTCGGCCTTTCAAACTTCATCAGTCTCGGAAATAAGAGTGTGTTGAATGAATCGGATTGCTTGGATTATCTTCTTGATGACCCAAAAACTGAAGTGATCGGTATGTATCTGGAAGATGTCATAAACGGAGAAAGATTTCTGCAAAAGCTTCAGGAGACTACTAAGAAGAAACCGGTCGTAATCCTGAAGTCAGGAAAAACACGGGAGGGGTCAAAAGCGGCGATGTCACACACGGGAAGTATGGCAGGAGACGACGAAGTATTCGATGCCGCAGTACGTCAGGCAGGAGCACTTCGCGCTGATTCATATGCAGAGTTTGAGATGATTTTGAAGCTTTACAGTCTTGATGCAGTTCCGGCAAACAAAAACATTCTGGTTTTATCAAATGCAGGCGGGATGGGCGTACTTCTGACTGACGAGATTATCTCGCAAGGGCTTCACCTTATTACCGTATCGGAAGAAACAACGGAAAAATTATCAAAAGCTTTTGAGGACACGAAAAAGATTACCGTTCATAATCCGATCGATTTATTGGGAGACGCAAGTGCATTTGATTACAAACGGGCTATCAATCTCACTATGGAGGAAAAAGATATCGGCGCAGTTATTGTTCTTCTCACTCCCCAGGCCAATACGGAAATCCTCGAGACCGCACATGTATTGCGGGATGTCTATCATGCTTTTAAATACAAGCCGATTTATCCGATTTTTATGGGGAAAGACTCAGTCACGGAAGCTCATCATTATCTGGAAAAAGAAGGGATCGCAAGTTTCCGTTATTTCTCTCCCCTGCCGAAAGCTATAAAGAAAATTCTTGAGGCAAAAGAATCCGCAAAATCAAAACAATTGGAAGTAAGTCCGCCTGATTATTCACTTCCCGTGCAGTCTCATATCAGGGATGTCCAGCTACTGTTTGCCGAAGGTCGGGGAAAGAAATTTTTAAGTCAGCATGAT
CP065004.1_gap38	1019621	1021932	2311	GCATGTGAATAATGTCCTTTTTATGTGCCCGACCGAAAGGAATTCGTACACACCGTGAGATGATCGTATTCGGAAGCTTTTCTTCATTTGTTGTGGCCAGTATAAAGATAACAGTTTCAGGAGGTTCTTCCAGGGTTTTTAGGAGTGCATTGAAAGCGTCGGGAGTGATCATGTGGGCTTCATCGATGATATAGACACGGTATCTTCCGGTCATCGGAGCATAAGATGATTCCCGAATGAGCTTTCTGACTTCTTCAATACCTCGGTTTGATGCCGCGTCCTGTTCGACCACATCAGGTGAGCTTCCGTTTTCAATCGTAGTACAGTTGTTGCAGCTGTTGCAGGGTTCATACGATGTTCCTTTTCCCGCAAACTTGTTCTCCAAACAGTTGACTGCTTTTGCAACGATGCGGGCAGTTGAGGTTTTGCCCATTCCTTTCGGACCGATAAATAGCAGGGCATGAGGTAAATCTTTTGCGGATAGAAGATTTGTTATTTTCGGTCGTACCTGTGAGTTGTCGAGTTCTGTGATAGTTCGCGGTCGGTATTTGAGATAAAACATGACAAATTGGGTTGTAGGTAGTAGATTGTAGCTTGTAGTAACTGTCAGAATTGTAGTTTTGACTACATCCTACCACCTACGAACCACAAGCCTATTTACTGAAAATATTCTGTATTCCGTGTTCGATAAGCTGATGCATCATTGCCTCAACCTTCTTTTCACGTTCTGCCGCAAGAAGAATCGCCTGCGGATAACATATCACCACTTCTCCGATTATATTCTCCGTCGTATTTTCGGGATCGTTGATGTAGGCAAACGAAAGGACCGGCAATGCCACATCCTCGTTTTTATACGTGAGTGCGACCTGCTTCATTTTTCTTTTTCCGACAAAAGCAACATTCAGTACGGATGCTGAGTCCACATGATATCTGTCCAGTACTTGCTGGGCAAATGTTTCAATGTTGTTTTTGTTGATTTTGTATCGGGAAGAACTATAAATATTGATCATATCTTAACTCTTTCGATGTCTTTTTTTTGACCGTTCTTTTTCCTGTTCTTTACGTTCCTGAGAAGGTCTCTTATAGTACATTCGTGAGCGCACTTCATCGACGATATCTTCTTGGATAAACATACGGGTGAATTTGCGGAACATACTGTCTTTTGATTCGCCTTTCTTTTTCTTAACTACAACCATGGGGAGATACTACACCTCTCTTTCAAAAAAAATGAACAATTAATAATGCCAATAAAAAAACTACCCTATTATGGGTTATGCATATTGTATTACATCTTTTTGAGTATTGCAATCATCTGCTGTACAGTGAGAGAAGAAGGAATGCTGTTTGGATTTTTCGAAGATCCGTTGAGAAGCATATGTTTCGACGCATGCAGAAACCAAGTTGCTTTTCCGTCGACTTCAAGCATCTTTTCGTAGAGCGATGTAAGGTTGTATTTCGGATCGGGCTGAGTTTTTATCCTCAGTGTATTATTTTCGGGGTCACGGCGGACAACCATTTCATATCCTTTTTTGAGGGCATATTTGACGGCGGCTTCATTTTTCGTTTCCATGACAAGAGTTTTCCCCCAAGGGGTTTTCAGTATTACGCCTTCCTTTATCTCTCCTTCCGCTTTCAGATTGTTTTTGACGGTAAACAAAATACTGTCCAGGATGAGCATGACCATGCTCATGATTTCATGATCACTGGTCAGTTGGCCGCGGAGCGGATAAATGAACTCATGGAGACAGAACGTATACTTCACATCTGTCGGATCCGGAAATCGGACTTCACCGAAATTATCAATCGTCGTCACGAAGTTTGTCATTTGCTCCAGTGCTTCAAGATCCCGTTCTTTTATATAACCTTCTTCAGCAAGATAATCAAAGACCCGTTTGGTAGCCGACAGTTCTTCACTGAATTGATGATGGTCAAACCTCCCCAGTCCTGTATCAACATGAATAATATCAGGATTCTCATCAGGTTTCATGCCCTCATAAGTCTCCCCTGCCGGCACAAATGCATGCTCTGCTTCATCCCATCCCGGTAAATATCTTTTGATGAGCCATGAAGACGTTATGGCATCTAAATCAGGAGACATATGGGTGACTATAAGTTTAGACATAATAGGATATCAAATTCTTAATTTTATCTTGTTCGTTACCTTCGCTCCAAACTAATTTGTTGGCCTTGGCGCGACTTTTTATTGCTGGTAGCATCATGTCGCGAATCGGCACAAATCAATTTGTTCGCTTGGTATTAGGACACCAGGTCCTTCAGCTGTTTTATGGCATCCGTAACTGAAATGATTTTC
CP065004.1_gap39	1144765	1149120	4355	CAGTACGAAGAAGTTTTGTTATTTTATGATACGTAACTGCTTCGACCGGTAACCCCTGTTTTGTAGACTTCCTGGTCTTTACTTCGACAAAATGTATTACGTTATTCTTTTCAGCGATGATATCAATCTCTCCCCATCGTGATGTGCTGTTCTTGGCATAAATAGCGTATCCTTTTGATTTCAGGAAAGCTATGGCAATTGATTCTCCGTATGAACCGGTCTTCTTATTATCGTAGGACATATGATGTGTAATTACACCATAGTACTATTATCCGTATGAAAATACAATTGAGAAGAAAAAATATTATTTCTGTCTGTAGAGTTTCTGTCGCATCTTTTTGCCTGAAAGATCACGGATGAAGTATGCCCGTGCTTTTTTGAATTCAGACTTTTTCTCGACTTTGATATCGTCGATAAAAGGAGATGACAAAGGAAAAATTCTCTCGACACCGATACCGCTTTTTGAAATTTTGCGGACCGTGATCATGCGTGTTGCTTCAGATGCACCGCGGATTTTGATGACAATACCGGAAAACTGCTGAATACGTTCTTTATCGTCTGTTTCCTTGATTTTGTAGTCAACAGCAACAGTGTCTCCGATTGAGAGGCTATTGTCTTTGTATTGTATTGCGTTTGCCATAGATAGAGTATTATACGAGAGATTGCAGAAAAAATCAAAGGAAATTGCAAAGAAGATTACTTGTTGTGTTCCTTTGCTGCTTCAATGAATGCAACGAATAACGGATGCGGGGTAAGAGGGCGGCTTTTATACTCAGGATGTCCCTGTGTCCCGATATAGAAAGGATGCGAATCTTCCGGAAGTTCGACGATTTCGGCCAGTTGCTCCACAACTGATCGTGCTGAAATCTTCATACCGTTCTTTTCAAACTGGTCTGTGTAATCGTCATTGAACTCATAACGATGACGATGGCGTTCACTTGTGATTCCGTCTTCACTGATGGGTCCGCCGTATTTCTTATAAAAATCATATGCGCGTGAATCTTTTTGTACTTTTGCTTCCCATGCTCCAAGTCTCATAGTACCGCCGTATGCCCTTCGTTCCATGAGCTCCTTCTGTGACGGGATGATATGGATGACGGGATTTACACCTTCAGGAGAGTTCTCAGCAGTGTTTGCATCTTTGATACCGATCACATGACGCGCAAATGCCACACAAGCAAGCTGCATGCCATAGCAAAGTCCCAAGTATGGAATCTTTTTTACTCTTGCGTAGTTTGCTGCTGCAATCATGCCTTCTGCTCCACGCTCTCCCCAACCGATCGGGACAATCAGCCCGTCCGGTGTTCCGACAATTTCGGCAATTTTTTCCATTGCTTCCTCGTCTGACAATCCGTCAAATTCAAGCTTTTCAGAGTTCACCCACTTGGTCTTTACTTCTACACCTACCTGCCACTTCGCATGGTCAATAGCATCAAACAGAGCTGCGTATGAGTCTTTCAGCTGGTAATCACCCGTTCCGAAGTACTTACCGACAATGGCTATTTCTACCGTCTTCTCTTTTTTTGTATTAATTTCCTCAACGAGTTTTGTCCAATCAGCCAGTTCAGGCTCTCTTACTTCAAGATGAAGCTTCTCAAGTATTTTTTTATCCATGTTTTGCTCATGCAGTGTTAGAGGAATTTCATAGATATTATTCAAATCAGGATTCGAAATGATCTCATCGGGATGCATATTGCAAAACAATGCAAAACGGTCTTTTCGTCTTTTATCAAGTTTTTTTGTAGATCTTGCGACGATGAAGTCCGGCTGAATGCCCATAGAATTGAGTGTGCGTACGGAAAGCTGTGTCGGCTTTGTTTTCGGCTCTCCCAAGTGTCCCGGTGTCGGAACATAGCTCACGTGTACGTGAATGACATCGTTCGGTTTTCTTAGTGTAAGGATGCGGGATGCTTCATAGTAAAAAATGTTCTGATACTCTCCTGCCGTGCCGCCGAGTTCGATAATGACAATATCTGACTTGTTTTTCTCAGCAACAATATGAATGCGGCGGATAATTTCATCCGTGATGTGAGGAATAGCTTCGACATCTTCTCCGTTGTATTCGAATCTGCGTTCACGGTCGATAACCGTTTTGTAGATCTTTCCCATTGTGACAAAGTTGTCCTTTGTCATGTTCTCACCCAAAAATTTTTCATACGTACCCATATCCATATCGGCTTCTGTACCGTCTTCACAAAGGAACGGATCACCGTGTTCAATAGGATTTATAGTACCGGCATCAAGATTCAGATAGTTTTCAAATTTGATCGGAGAGACTTTGTATCCTGCCTGTTTGAGAAGAAGAGCGATCGAAGCGGTTGTAACGCCTTTTCCAATACCTGAAATAACACCACCGGAAACGAAAATATATTTCAAACCTTGCATATGTAATTTTACTACATAACTTATTTTTTGTTAACAGATTTTTTTGTTTTTGATTTTACCGCTGATTTCTTTGGTTTAGCGGTTTTTTTCACCGTTTTGTCCGGCTTTTTTTCCGCTGATGCTTTTGCGGGTTTCTCATCAACCTTCAGCGCCCACTGCACATGTTTACATGTCGGATAATTCTCACAACCATAAAATCGCTTTCCTCCGCGACTGTATCGTATCACCAATCGGCCGTTGCATTGAGGACAGTTATATCCGTTTACATATCTCAAATTGGGTTTGATGTATTTGCAGTCAGGATAACCGCTGCAGGCATAGAATTTACCGTATTTTCCGTATCTGGCGACAAGGTCCGATCCGCACTTCGGGCATTTTTCTTCAAGTTTATCTTCTGCAACATCAATGGTCCCTGTATCTTTCTTGCGTACATTAAGTTCAGTTTCAAACGGAGAATAAAAATGCTTCAATACATCCAGCAGTTTTTTGTCTCCGTTTGCAATATCGTCAAGATCATCTTCCATGTGAGCGGTAAATGTCAGGCCAAAAATATCAGGAAACGCTTCTGAAAGATAATTCGAAATACTGCCGCCGAGCGGAGTTGGCTTAAGATATCTGTGTTCTTTCTCGACGTAATGTTTATCAATGATCAACGAAATAATACTGGCATAAGTTGAAGGACGGCCGATACCTTTTTCTTCAAGCGTTTTGATCAGAGATGCCTCACTATATCTGTACGGCGGTTTGGTCTCTTTTTCTTCAATATCCAGTTTTTCCAGTGTGACGTTTTCCGTGTCTGATTTTTTCAATTCGGTCGTGTTGTTCTTGACGAAAGCCGGTGAAAGAACCCTTAAAAATCCGTCAAATATGACCTGTTGATGAGTTGCTTCAAATTCATATCCTTTACCGCTTGTGATTTTGATTGTGCTTTCTTTGATTTCCGCTTCTTTCATCTGAGTTGCAAGAGCACGATAATAAATAAGCTCATACAGTTTCTTCTCCTGAATACTCATCTTTTTATTCTTAATTTCACGCGGTGACCGTTCGGCTTTAGTCGGTCGTATGGCTTCATGAGCTTCCTGCGCATTCTTAGATTTTGTACGGTATCCTCTCGGCTTTTCTAAAGCATATTTTTTGCCGTATGCAGATATGATGTAATCTTTTGCCGAAAAAACATATTTGGAAGAAAGATTAAACGAATCGGTACGGTGATAGGTAATAAGTCCTTTTTCATACAATGACTGTGCGATCCGCATTGTCAGTTTTGACGGATATCCGAGCTTTCGGAATGCTTCCTGCTGCAGAAGTGATGTTGTAAAGGGGGGCGGCGGATAGCGGTTTGCTATCTTTTCATCAATTGATGTTATCTTGAATGTATCCCCATTAAGATCTTTTTCAATTTCCTCAGATAATGTCTTGTCTATCGTAGTCTTTATAAATTCATATGAGCCGTCAAAAAGATCCAGTTTTGTTTTTACCTCATATTCTTTTCCGTCTTTTGCAATAAGTTTTGCTTTAATAGGTTCGGAGTTAATAAAGTTCCCATAGAGCTGGAAGTAGGGTGATTTATCGAATTTTTCAATCTCTTTCTCGCGTTCTACTATCAGTCTGAGAGCGACAGTCTGTACACGGCCAGCTGAGAGCCAGTTTTTCCCCATTTTTTTCCAAAGAAGTGGTGACAACTGGTATCCTACGATACGATCAAGAATACGTCGAGCCTGTTGTGCTTTTACCAGATCCTCGCGGAGATGCTCGGGGTTTTTCAGAGCTTCTTCAAGAGCTGACGGTGTAATCTCATGGAATACTATACGTTTGAGAGAATCTCTGTTTTTCAAATCAAAGTCAGGCCAGTTTTCATTTACAAATCCCAAAATATAAGCGACATGATAAGAGATGGATTCTCCTTCACGGTCCGGATCCGTGGCCAGAATAACTTCATTATGTTCCTTTGCAAGATCCTTGAGCTTTTC
CP065004.1_gap40	1151961	1155374	3413	AGCTTGTGAGACATCAACCTGAAGAAGCTTCGCTTTTGACGGATCGACTTTTTTGATAAGTTTGGCAATAAGCTCCGTCAAGCCGTCACGATAAGGCCGGCTTTCTACTTCAAGCTGTTGAGCTTTTCGCATTTTCACCGCAGATACCATCTGCATAGCTTTGGTGATCTTGCGAACGTTTCTGATCGACTTATTTTTTTTTCTGACTGTTCGGATATTCATACAAATAGCTTATAGCTGATAGGGTTTAGGTTATAGGGTGTAATTTACTTATAGAAGTTAGATCTATAAGCTATCAGCTATCCCCTATGACCTATTTCTCTTCTTCCGGCAAATTGTCTTTGACGTATGTTTCGAGCTCTTTTTCCATCGCTTCAGAAATTACTCTCTCTTTATTGATTGTTGAAAGAATACTCTTTCCTCTGCCCCTCAAATCAGCTAAATACTTTGACTCGAATTCCATTACTTTGTTCAGAGGAACATCATCCAGGTAACCTTTGGAACCGGCCCAAATGACAGCGACCTGCTCTGCTAGATTGTAAGGATTGCTGTTTTTCTGCTTCAGAATTTCAGTCATTTTTGCACCGCGGTTTAGCTGCTTTTTCGTTTCGGGATCAAGATCGGATTCAAACTGTGAGAATGCCGAAAGTTCACGATACTGAGCAAGATCAAGTTTCAGCTTGCCGGCTACCTGTTTCATAGCTTTTGTCTGTGCTGAAGACCCCACACGGGAAACTGACAGTCCGACATTTACTGCCGGCCGTACGCCTGAATTGAATAAATCAGTTTCTAGAAAGATCTGTCCGTCAGTGATTGAAATTACGTTTGTCGGGATATATGCCGAAACGTCGTTTTCCAATGTTTCGATAATCGGGAGTGCCGTGATTGATCCACCTCCGTAATCAGGATGAATACGTGCCGATCTCTCAAGAAGGCGTGAGTGCAGGAAAAATACGTCGCCGGGATATGCTTCTCGCCCTGCCGGTCTTCGGAGGATGAGTGAAATCTGTCGGTATGCCCATGCATGTTTTGACAAATCATCATAAATGACCAGTACATCTTTTCCCTGATCCATAAAGTACTCAGCAACGGCAGTAGCGGCATAAGGTGCCATGTACTGCAGATTGACGGGATCAGCTGCCGATGCATTGATGACTACGGTGTAATCCATTGCGCCTTTTTGTCGAAGAAGCTCGGTCAGGGTAGCAATCTTTGAGTTTTTCTGGGCAACTGCACAGTAGACACAGATCACTCCGTTACCTTTCTGGTTCAAAATCGTATCGATGGCAATAGTTGTTTTACCGGTTCCTCGGTCACCGATAATAAGTTCACGCTGTCCGCGACCGATCGGGATAAGAGCATCAATAGCCTTGATTCCGGTTTGCAGCGGCTCGGAAACTGATTTCCTACGGACAATTCCCGGTGCCGTTCTTTCAATCGGATAATATGTTTCGGATTTGATATCAACTCCCGCATCCTGTGCTCTCATCAAAGGATCCAAAATGCGACCAAGGACATCATCATTTACAGGGATCGAAAGAGTAATTCCCGTTCCTTTTGCCGTTTGACCGGCAGTAATACCCAAATAATCTCCAAGAACAATAGCTCCAACAGTGTCTTCAAACAAATCGATGACCATTGCACGTTCACCGTTTTCAAATTCAATAAGATCGCCGTATCCTATTTTGTCCAGTCCTGACAAAGTCACGACACCGTCTTTTACCTCGGTTACGGTTCCGATCTGTTTCGTTTCAACTTTCATCCCTTCACGGGCTGAAAGCTCTTTTTCAATTTCCTTAATGTATTGGTCAAACTGTTTCATAAAGCGTATGAGCTAATGTTTGTAACTCGGTATTAATAGACAAATCAATGACACTAGACCCGAACTGAATAATTACTCCGGCTAAAATCGAAGAATCGACTTCGACCGTAATGTCCGCTTTCTCAAGAAGATCAATTTTCTTTTTAAGTGTTGATACTTCATCCTGACTTAATTGAAACGGCGCACGTATTATTACCTGCGGTACTTGGTTGTTGTTCAGTTTTTGGAGAAGATATTTTTTCAGATCTTCTTTTACTGCTGGATCTATATGCATAATTGATAGTGTTCTAATTGAGAATACTTCCGTCATCCCGAACTTTGAGCCCCAGCTCATAGTCTTATAGACGAGTTTCTGAATCCCTGAAATTGCAAGGATGATGAAACATCCGCCAGCCTGCGGTCAGGATGACAAAATACTCATTAACTTTCAAGTTTGGTTTCAGGTACATTTGAAATAATGTACTTGGTGACCTCTTTTTGAGCATCTGGTGTCAGATACTGCTTCAGAGCTTTTGAAACCATCAGTACACTGACATCTGCGATTTGTTTTCGCATATCTTTGTACATTGTTTCACGTTCTTCTTCCATCTGCTCACGTGCTTTTGTGACAATAGCAGCTGCCTCTTTTTTGGCATCTTCTATCATTTCTCGTCGCACTTCGTCAGCATCTTTTTTAATCTGTTCCATTGCTTTTTCAAGAGCTTTTTTACGCTCGCGATCCATTGCTTTATCCTTTTCCTCAAGTTTTGCTTTTCGCTCCTCGAGTTCTTCTGCAAGTTTCTCACGAAGTTCTTCCTGTTCCTTCTGTTTTTTAAGGAATTTAAGAAGAGGTGTCGAAATAAATTTGCTGAATACAAGATAGAAAATGGCAAAGCTCGCGATCTGGGCAATGATGAGTTTGAGGTCAATGCCTAAATTTTCCATAATTAATTACCGTATTATGCTACGAATTTGATAATAAGAGCCACGACAAGCGCGAAAATAGCGATTGACTCTGCAAATGCTGCGGCAAGAATCATGGTTGTACGGACAGGTCCTTCTGCTTCAGGATTGCGGCCAAGAGCTTCCATTGCTCGGCTTCCGATAAGTCCTACTGCAAGTGCCGGACTGATGACACCAATGCCAATTGTGAGTGCTGTTGCAAGTAAACGCATTGTTTCTGTTTCCATAGGTTTATAAATAATAAATAATAATTAATAATAATTAACAAATTAATGATGATGAGCAGTCGCCATATTGATAAAGACGGCAGACAGCATCGTGAATACCAAAGCCTGTACGACTCCGACAAATATTTCCATAAAGAAAATCGGTGTCACAAAGAATGACAGAAATACCGGTAAAAGGAACGGAATAATAGTCAAAAGAACTTCTCCTGCAAAAATATTTCCGTAAAGTCGGAAAGCAAACGAGACGATGCGTGCAAACTCCTGAATAAGCTCAAGAGGTCCGAGCATAATCATGATCGGGTCACGAAAATCAAAGTATTTCGCAAGGTGTGCTTTCGGTCCAAGGAATTTGAATCCGTAGATTTGTGTAACGAAGACTGAAACTAGAGCAAGAGCCAATGTAGTATTCAGATCAGCAGTAC
CP065004.1_gap41	1156938	1159231	2293	TTGCAGCCGAACCGACGTTTTTAATAGCAGATAAACCAAATCGGATAGAATTCCCTTCAATTGAAAACTTCAAAAATGATTTATTAATGTCAGGAGGAAGTACTTCAATCTTCATACGTTTTGCTTCTTCGAGAGCCTGTGCCATTTTCTGCTCACGCATAGGTCCGGCAACACCCTGCAACTCAGCAGTCATCAGAGCGGTCATAAATTCGACGGGATAATTGGCTTTCATATAAGCTGTCCAGTATGCTATAAGTGCATAAGAGGCGGCGTGAGCTTTGTTGAATCCGTATGCCGCAAATTTTTCCATAAAGCTGAAGATTTCAGCAGCCACTTTCTTGTTATAACCGTATTCCACGGCACGCTCGAGAAATTTCTTTTTTCCCGCTTCCATGAGTTTTTTCTTCTTCTTACCCATGGCCATACGGAGAATATCGGCCTCACTCTTGCTGAATTTGGCAAGGTGAACAGCGATTTCGGTTACCTGCTCCTGGTACACAAGAATTCCGTATGTTTCTTCGAGAATCGGTTTAAGATCGGGGTGAAGGTACTTTACCCGCTTCGGGTTTTTCTTTCCGGCAATGAATGTCGGAATAAGCTCCATAGGCCCCGGGCGATACAGCGCGACCATAGCGGTGATATCACTCAACTTTGACGGTTGTATCTCACGGGCAAGCCGTCTCATTCCCGCAGATTCAAGCTGAAATACACCGATTGTCTCACCGCGCCCCATAAGATCATAGGTTTTCTGATCATCTAGCGGCACCTCATGGATATCAATATCTTTGCCCTTAAACTGTCGTACAAAGCCCAAAGCTTCCTCCAATGTTGACAGATTGCGAAGTCCGAGAATATCAGCCTTGACCAGTCCGACTGCTTTGTTCTCGGATACAGCATTCAGATCGATACTGTACATATCGTACTGTGTGATAATACGGTCTTCTTTGTTATCGCGCTGGAGCGGCACATATTCCGTCAGCGGTTTGTCCGAAATGACAACCGCAGCCGCGTGTACTGAAAAATGTCTGGGAAGGCTTTCGACTTTTCGAGCAATATCTATCACTTTTTTGACATCTTCTTCTGCATTGTAGGCCAGTTTCAGATTGGCTGACTCTTCCATTGCCCCGTCTATGGACATCTTAAATCCCTGTTTTCCCTGGGGGATCATTTTTGATATACGGTCTCCCTGTGCATAAGAATACCCGAGAGCGCGTGCAACATCACGAATTGCCATTTTTGATTCGAGCGTTCCGAAGGTAATAACCTGTGCGACATTTTTCTTGCCGTATCGTTTTGAAATAAAACGTATTACTTCATCTCGTCTTTTATCGGAAAAATCGACGTCAATATCAGGAGGAGTCGGACGTTCAGGATTCAGGAATCGTTCAAACGGCAGATTGTATTCAAGCGGGTTGATATCCGTAATACGGAGCACATACGATACAAGTGATCCCGCTGCGGATCCTCTTCCCGGACCTACCGCAATCCCGGTATCCTTTGCCCAGGTCACAACATCCTGTACAAAAAGGAAGTACGGAGCATATCCTTTTCTGTTTATGATATCAAGCTCATAATCGAGACGCTCGCATACCAGTTTATCATCGAAGCCCTTAATTCTGCCCTTCTTTTCATAGGTCATTTTCCTTAGGTATTCTTCGTTTGTATACCCCTCAGGCAGATCATATTTCGGCAAAATCAATTTCCCGTGCGGGATTTCCAGATCACATTTTTCCGCGATTTTCAGTGTATTTTCAATTGCTTCAGGATAATCATGGAAGATGGTCTTCATCTCTTCAGGCGTTTTGAAGTAATAGTCCGGCACATCTATCATCGACATCGGTCGGTTCTTTTCAAAAATCGCTCGCTGTGTCTGAATACAGAGTAAAATTTCCTGAGCATAGGCATCTTCTTTATCAAGATAATGTACATCGTTCGTGGCAACAAGAGGGATTCCGTGAGTTCTGGAGAACTTCACCAGGACTTCATTTACTTTGTCGAGTTCAGGCAAGTTTGGATGTCTCTGAAGTTCAATATAAAAATCTTCCCCGAAAATACTATGATATCGCTTGAGAATCTCTTCTGCCTTCTGGATCTGATCCTGCATGATAAGCTGCGGAACTTCTCCTGCAAGACAACTCGTTGTGGCAATAAGTCCCTCATGGTATTCTTCGAGAAGCTCCCAATCGACACGCGGTTTGTAATAAAAACCTTCCAGGTTTGATAAAGTGACAAGCTGCAACAGGTTTTTATAACCCTGAAGATTTTTACACAGAACAAGAAGATGAAAGTTGTT
CP065004.1_gap42	1213571	1214594	1023	GGATGATTTGGCCAAGCCGACTTAATATGTTCTGTAACATTATTTGCAAGAGTCTCTTCGAGAAATTCGCAATCTGTTGTATCAGCCAGGGCATCAGATAAACTTTGATTTATTTCTTCTTCCTTGATTGATGCCAGCAAAAAGCAATTTCTAAGTGGAATAGAAATACTGGTATCCGCAATAAATTGAGCAATATTAATTGGTTTAGAAATTAAATATCTGTCCTCGGCGGTCCAAAAAATTGTCTTATGCACGTTGTCTTTGAAAAAGCTAAGGATTTCGTCTGTACTTGAAATCTTAACTTCTTGATCATTCTGAATAACTGTTATGGAGAAAATAGGTTCTGAGCTTGCAGTTTTAAAACAAATTCGAAAGTTAACAATTAGATCACTAGAGACTGAGTTATATGTGGGCTTCACAATTTCGTGTTTTTTAGATTCAGCAGGGATATTTTCCACTATTTCTGTTTCTGAAGGCTTTTCTAAACACATGTTTTCTTCTCTATTGTTTATAAGTTCATAAAGTTTTTGATCATCGGCAGGTGTTATCTCATATGAGTAAGTAACACATATATCTTTTTTTTGACGAAAGTCCTTTGATAAAGGAAGTTTCGTTCCGGATGCATCGAGCAAACCATCCTTTAAACCAATAGCTTTTAAGATAGATGATTTACCAGCTTCATTAATGCCAATTAGCCCATATGTAAAACTATCATCGTCTCTTACTTCTATTGTAAAAGGTATTTTCTTTACACTTCTGTAATCTTCTATAGTAATTTTGTGAAGTTTCATAATGATTATCTAGTTATTTTCAATTTCTTTAACAATCTCATCAATCGCAACTCTTAGCTCATGTTGTCTTTTTACAATCTTTTCAATCTCTGCGTTAAGTTCTTTAATATCAATAACTTCTCTTGTATCTTCTGCAACAACATAACTTGAGACAGAGATGTTGTATTCATTCTCTGCAATTACTTTGTTGTCTACCAGCTTTGCGAAATACTCTTGATCTTCGCGCTTGGAA
CP065004.1_gap43	1216006	1218355	2349	TTCTTACACTCCTATTCTACCACTTCTCTATCTATCAAATCACATAAACCCTCAAGGTACTTTTGTTATAATCAACCTAATACCATGTCTACTGAAATGGTTCGGGAAAATCTTTCTCGTTCACGCGAACTCCACCACCAGCTGGCTGCAGCCGGATATACTCACGGTTGTGTTGAAGTCTCTCTCACCGCTCTCGGAGCAACGATCAATCCGAGTTCTATCTCACCCGAAAGACAATCGCGTGATCTACAGGAATGTGTCAATGAAGCGGGATTTCAAGTCAATTGGATGGTAAGTGCCGATCACGAAATCGCCGGAGAAGATATTTCGGCTCTGTTTGGTGGAGTAATACCCCTAGAAGAGCAGGCTGGAGAAGGAGAAGTGCTGGGATACTTGTGGAGTGAACACTACCCCGACGCACCAGCGCATGTGATGGCGATACTGCAGGAAGATACGGATTCTTATGTAGTGGTAGACTCGGACAATCCTTTGGGACAAATGCATGTTCATGCTCAAGAGATCGCACATCTATCAAATTACGTGACACAACACGGGGGCCAATTCGGGATTTATCAGATCAAACAGCCTTCAGCATAACCGTTATCCCCCATCGAAGCACTTTCTAATCTTTTCACAAATAACTATCACGCGCTGAATTCAGAAAAATGTGCTCCGTCAGTGGCCATGTAGAGTTTGAGATTCATCGCACGCGCGAATGCGACTGCATTTCCATTATATACCTGTGCAGCGTAATCATCTGATTGTTGTGAGGCTTTCGAATATACGCGATTAAACCGTGGGGAGAAATCATTGTCAAAGAAATCCCGACACTTTAGCGCCCACTGCTGTATCCTCGCCTGCAAAATGTCAGGTTGATTGCCTACTTCCTCCAATAATGTACGCTGATATTCTTGAAGGTTTTGCTCTGAGTTTGCATTGAAAGCGGCCAGCATATGCTCAACTTTCCCCTTTCTTTTTCGCAGTTCATCCATTCGTTTTTGTTCTTCAGGAGAAGCTCTGTAGAAATCTCGTAATTCTTCAAATTCCGTCAGTCCCATAACAGGCGTCTCTGCGGTAGCAATAGCCAAAATCTGATAATCCGGACAAAGAACTGTTGAAGCATAATCATAGGGCATTTCGTCACTGAAAGCAGGAGTTAACATAGAACTAAAATCCTGGATTGAAAAAAAAGCATTTTTAGGGTGAGTATGAATATTTATGACAGGAATCCCTTTTTCCCGAATCACCATATTGTAATCATTAGAAGTCGATGTAATATCCCCAAAAGATAAAGGGGTTCTTTTGAGATTCCCTGATTCCCTATCAAAGAAAATTATGGTCGAACGTTCTCCGGCTGCTTTCTGATAGTAAATAGTTTTTAGCTCTTCTAACAATGTTCTACCTTCAGGTGTCGAAAGTAAAGCATACTGTTCTGTCAATGCAGCAAGATAAGAGTCTGCATCAGGCACCTCAGGAACATCTTCATAATTTTCATATAATTCCGTATGAACTCCTTCAAACACAGAAAAATCCAGCTGAGGAGGCAATTCATCAAAATGAAGTCTTCGATTTCTGAAAATGAGATAACTCAATACATCTTCATTTGAGACGGGTGGTTGTTCATACTTTGTGATGGGATATGATTTATGTTCTGTCATAGCAGGATATTATAACAAATGCATGTGTGTCAAGGCTTCAGACCGCACGGGCACATGTACTTTTCAATGTAGCTTTGAGCGTTTATTAAAAAATATTCTCACCTATTTCCCTTCCATGCACTTCTGCAACTCTACCTCGATGGCATCCTGGAGGATCGCGCGATAGGCGTCGGGGATTTCGCTGACATCTGCGACTGCGGCATTTGAGTAGACATTTTTCTTGGCCTGCCTTCTGCAGCGGGCTTCGGGAGAGAAGTACCAGCCGCCGATTACTATCGATAAGAAGAGAAATACCAAAAGGCTTTCTGTTTTCCTGACAGTCTCATGGAAAGCGTGCTTTTTGTAAACTGTTGAGCATAATATTCACTCATAGATTGCATACAAATGCTATACCATTCAGTTTACAAGATAACGTAATGATATTAAATATCAAACTGAAGTTTCTCCCTGATCAGCCGCGGTATACCAAGAACGCAGTATAGGCGATATATCCCAGGACCATGATGATCCCTTCTTTCCGGCCCAGAGTATGCCTTTGCCAAACGAAAATCGACACAAACAGGACCGCCGTCGCAACCCAGAGAATCATAATATCCACAATCTGAATACCCCGGATCGGAATGTCTTTGACAAATGAAGTCGCGCCGAGAATCAGGAAAATATTGAAAATGTTGGAGCCGACGATGTTTCC
CP065004.1_gap44	1220133	1224413	4280	AACGTCCCGTACCGCAGCGGCTCGACACCCTCACCGACCCGAGCGCCCTACAGTCCATTCCGTATTTTTCACAGGAATATCTAGAACAGCAGTGGGACCTTACTGAAGCAGATATTGCCGTACCGAGTCAGGAGCTTGCACGAAAGATTCTGACTGCGCCTGTCGAGACGGGTGTGGACCTCAGAGCCATGCTTGCTCAGTAAGTATGTTTCGGGTTTGCCTTGGTAAGCTTGTAACCTTAAATTAGAATTTATGTTATCCTGACCGCCGATTGGCGGATTGATTCAGGAACCATATCATAATTATCGCTCGATACAATTTTTTATGCTCTGTGGGCGTGCTCGCCGGAATCAATAAGCTGCGCACCTCCCAATTCGCAAAAAAATTACATCTTCGCTCAAATTTATTTTCCTTTCATTCCAAACTTTGAGCCATAAGTTCATCGTCTCATGGACGGGTTTCAGATCTTATTGAAAGACAGTGCCGAACTCCCAATCCCTCTCTCAGACTCAATTCTCCTTTACAAACTATATATTATAGGCTATAATACATATTCAATGTGTAATTCTAAAGAAATTGCTATATTCGGCAACGGGCCGGGAAGCATATCCAGTGCAGATGCACTCACAAACTCCGGTCACCGGGTGACCCGTATTGTCCCCGATACACCGCAAGGCAACAGCCGCTCGATTTATTCTACCTCAACCGGTATTTATCGTGATGTAATGGACACCTATTGTCCTCCCGAATATCGTAAACCGCTCCCTACCATGCGAATCTATACCGTCAACGGTACTGATTTCAGCGTCGAGACAGGCACTGACTATTTTATGGTCAATTACCCGAAGCTGACGGAAGATGCAAACGCCAGACTGAACGGCAAAGAAAGTATCACGGTAGAGAGCTATTCATCAAATGAGCTCAGGCATGTGAAGGTACGGGAAAACCAGAACGGAGTCGAAGTCACCATAGACGGGGGCAGAAGGCAGTTTGATGCCGCAATTGACAGCACCGGGGCGGGCAGATCCATCATGGCTCACGTCGCACCGGAAGTCGCAAAACGCGATAAAATCGCTGAATATGTCTATGCAGGGCAGTATCCGGGAACCTTGGCTCAAGATGAAATGATACTCGTCTGGGATAAGACGGGAGCTACCTCCTGGATAAACCCCAGCATTTACACGGGACCGAACGGTGAACCGCTTCTTGATATCGTATATTCGGCATGGGGATGGGAATCCTTTTTTCCCCAATTTCTGAATGAAGCAGACACCAGACTCAGGCACCTTGTCGATTTTGCGGAAACAATACCGGGCCTTCAATTGATTGACAATCACCCCATCGAACTTACGGCAGGAAAAATACTTTCCGAAGGATTGTACAAGCCTGACACACAACATGTATATGCAGTCGGTGAAGCGGCAGGCGTCGCCAAGCCGAAAAGCGGTGAATCATTCAACAGGACGCTCCTTAGCGGTGTCGTCACGGCAGAGGCAATCGATCAGAATCATACTCCTCTGCAGGTACATGACAGACTCAAGCAGTTCTGGCCGAACGACTATCAGTTTCTGGCTTTCACGCTTGCGAGACTGCGTGAACAGCATACGGGCAATACCAGCAAACTGATGGATACCATGGGCAACTGGTTCAAAAACGGATCAGTCGATCAGGAATTTATCAAACAAATGGAAGATTACATCATAAAAGGAAGCATTTCTCCGGCTTTGCTTCAGCGTTTCGTGACTAATCCGGTATTTTTGCAGACAGTCGTGCACACCATGCTGACCTACGCCAGAATCAAGGTATTCGGCATGAGCTCATTCCCCCGGAAATGGACACTCGGAAACGTACCCCAACAGGCCCCTGCATACAGCTCGTAAGTCAGAATACAAACGGGATCAGCCGTTTTGTGTGCATTTTATATTCGACATAATCATCCCCGAACCGCTTTCGCAGCATTTGTTCTTCGTACAGCATTTTTACCAGGAGATCAATGACAAGAGTCACGAAAATGCCGATTCTGAGAGGCGTATATTGATTCACCAGCATCGCCGCTCCCATCAGAATCACGGAAAGATACATCGGATGCCTGATAAAACGGTAAATGCCGTTTGTCACAAGCTTCGCTTCAGGATCCACTTTCGGAGAAATCCGAAGCTTACTCCGGCGCATCGCCTGCAGAGCAAACATCCCCGTCACGGCAGCTGCCATATACAATCCGAGTGACAGATAGGACTCTGGCAAAATCGGAGCCGATAAAGCCAGTAAGACAAGTGAAACAAATTGAACAACAACCATTAAAACAGCCATATCTTATGATACATAATCACTATCCATATCTGAATCGTTTTTCATAAAATATTCACAACTATCTCATAATAGATTGTTATAATACTCAAATGACAGTACAACTTGAATCATTACGGGTTACGGAACAATCACCGATTGAAGCGGACGTCATATGCCTGAATGAGTACGGAGACCGAAGATACGTATTTCGGGCAGAAGATCCCCGTCACCCTCACATCAAAAGAACGGCATTTCAGGGACTTACTCTGTATGGAGAATGGATAGAACTTTTTGAGGTGACGGAAGAAAAGTATAAAGGGCAGAATCCGTTGTATACATTGGGAATCCATGTCATAGACGGTCCGAGCGAAGACGGAAAAGGAACGACTTTGACAAAAATGTTTTACGGAAATGCAAGATCAGGCTGGGAAGAAGGCTGGAGGACTCAAGTGCGATCCAATGTACCGACCACATTTGATGAAATGAGAGAAATGAAAGCACAGATATTGACAAAGCAACAGCTTCCGCAGATTGTAGATACAGAGGCAACGGTCCGTGCTTTTTTTCAGCAAATCGAAGCAAATGATTTTTTGACTCCGGCACTGTTCGTATCTGACTATCTGCCTGAAAAAGGAGTTTGAACCATATGAAATAAGCCGACACGTTCAAGACACTCATACATCCGATACTCTGCCATCTGCATTTCGTGTTCTATTGATGAAAGATCTCCGTGCAAATCCGGATCCTGTTCGAGGACTTCCAACGGATATCCGACAAGCGCCAATGCACGGTAATCTTCATATACGCCGGGATCGATTATCCTCTCATCCATTTCCCTCGGTGTCATACGCCGTACAAGGGTCTTACTGAACATTTTGCTTGTGTCACATACCGTAAACATTTCCTGCCGTCCTTTATGATGATTCATCACTCCGATGACATGCAGCTCCGGACCTTTAAGAGTGCGTTCAACAGTAGCCATCAAACCGCCGATATAATAACCGCCGTCGTTATGATGTGAAATCTGCCTTTGAACATTTCGAAAAAAATAAGAAGGGGTCATTTCGGGTTCCATGGCATGTGTTGCCGTGAAATTCCCTTTTCGGGCATGCTCTACCGCGACACATGCTGCGATATCTACGAGAGATTGTGCGTTATTATCCAGCACTGCAAGAGTTGATAGTTCATGTGGTGTCTGCTGTGACAATGCGTGAACGACTGCTGAGGCACAGTTAATGTACGGTTTGTCTTCTTTTATGTGCCTGTATGCTTCAAGTACTGACATTTTTTCAGGGAATAATTCAAAGAGATTATAAAGACGCGACTTGTGCGTGTCAATATACATTAAAAACTGTCTTCTTACAAGTCTTTCACAGTAGAGCCGCTATAGTAAAAAAATTGAGCAAAAAGAAAGGAGGTGAAAATATGAAAAAACTTATCGGATTTCTGACTTCGTTCATCGCACTCGCATTCATTGCAGTTCCTGTATTCGCTTCAACCGCTTCAGTCAACTTTGATACTCCCACTTTTACAACGGGGAATATCAACGGACAAAACAATTGGATGAAAACAGGACCGTACGATGTTGAAGTTGAAACTAATACTTACGGTATTCCGTCATTCGGTGATCAGACACTGCGCATCTCCAACGCTGTCACCAGCAGTTCGTTCGGCGACCATACGTTCGCAGAACCGCTTGCTGATGCAGTAGGAGAAGCAGACGCTACCGCCAACGGTTATCCGGAAGGAGTACGTCAAACACGGTTTGACATGCAGTTTGATATTGCATCTACCTCCCCGACCGAACAACCGGGAATGTTCCTTTCAGTGTCTCCAGATCGCGGAGACGGTTCCCGTATGAGTTACCTCAGTTTTACTGATACCTCAGCCGGAATCGATGTGGCATTTTATGATGTCCAGGGTACTTCGAGTCCTGCAAACTTTGTAGGAACGTCAATTGCAACTCTTGACAGAACAGTCCCGCATACAAT
CP065004.1_gap45	1260520	1263776	3256	AATTTGAGGAGTAATATTCGGGATTTCAATACCGACCAGAGACCGGCCGGGAATAGGGGCTTCGATACGTACCTGTCCGGTCGGAGCGGCCAGCGCAAGAGCCAAGTCGTTGGCTAGTGCCGTAATCTTTGACAGCTTTGTCCCCATGGTGATTTCAATAGCATACTGTGTGACCGTCGGACCGAAGTTGATTTCAACAACACGCGTTCGGATTCCGAAACTGTCAAGAGTTTTTTCGATAATATGTGCATTTGATTTCACATCTCCGCGGTCAGCCTCCGACTGTTTCACATCGTTCAAAAGGGTTGTCGGCGGATACACCCAGGTAGAAGAATCGCTCTGCATGACAGGCTTTATTGATAAATTGTTTTGATTGTGCTCACCGTGATGCTGATCTGCAGCTTTCGGAGCAATCGCAGCAGGCGCAATAGGCTTGTTTATCACAACCTGATCTCTGATAAAATTGTCTCCTTCCTTTCCTTCTTTCCCGAGAGACGGAAGCTTCATATCTTTTGCTTTCGACAGGCTCGAGAAAACGGCACCGATCGGAGAAAAGATCTTCATTACATTGATCATGATCACGTCAACTGATGTATCCAAAAATAAAATAAGTCCGATAATAAAAAATACGATAAGAATGGAGAGTGATCCGAGCGGAGTAAAATCAATAGAGAGATTGTTATAAATGGACTTTCCCCACGCACCCGATCGAAAAAGCCCCATCAGAGAGACGAGCAGCAAAAAGGAGCCTGCGGTGAGATTCAGCCTGACGAACTTCAGTTTTTTCGAATTAAAAAAGTGTCCTGACAACAGAATGATTGTGAACGGAACAAATATTGCCAGTCCGCCAAAAAGCTCCAAAAGCTGAACATTGATTTCCTTCAGTACTCTGCCCTCTTCCGATGGAGCAAACAGCTGAGAAAATGATGCCAGCGAGATAATCCCGATAAGCAGTAGAACAAATCCGAAAATATTGAAAATAGTTTTACCGTTGATTTTAAGCCGTGGAAACTTAGATTTTTTTCTTCTTCCCATAGATTAAGTATATACCACTAAGTAACGTTTGTGCGTAGTTTTTGCAACAAAAAAGAGCTCCCGGGTTAGGCCGGGAGCTCTTAAGGTTTCTTGTCTGAAAAAGATCAATATCTTCTGCGGTCATCACGTCGAGGTCCGCGATGATCCCGTCGGTCTCCTCCGCGACGATCATCATATCGTCTTCCGCCTCCTCCACCGCGTCTGTCCATGCGGCGCTGATCATGTCGATCAGGAGCTGCACTCATATCAATCTCGACCGGTGTCCCGTCGGGGAGCTGAGTCATCACAAGGTTGATTCTTCCCTGAGAATCAATCTCATGGACTTTTACTTTGACTTTGTCACCGACCTGTACGACATCTTCAGGATTTTTAACAAATCCGTTGCTCATTTTTGAGACATGGACTAATCCTTCTTTGCCGGGAAGCACTTCAACGAATGCTCCGAAAGCCATCAGTCTTTTGACTTCACCGTCAAATTCTTCACCGACTTCTACCTGTCTTATCAAGTTGTTTATCATTTCAAGTGCTTTTGCGACTTTGACCTGATCAATACCTGCAACTGTCACAGATCCGTCATCTTCGATATTGATGTCAGTATCCGTAAGTGCGATGATACTCTTGATGGTTTTGCCTCCCGGTCCGATCACGGTTCCGATCATATCCTCAGGAAGTTGCAGTGTCTCAATCTTCGGTGCATACTGGGAAATCTCTTTTCGTGGTTCAGAAATTGCTCCGTTCATGACTTCCAGGATACGAAGTCTTGCTGACTGTGCACGATCAAGTATTTCATCAATCATGGCATCAGTGAGTCCCATGTTCTTCACATCAAGCTGGATCGCAGTCACGCCTTCTGTTGTTCCTGTTACTTTGAAGTCCATCTCGCCTGAGAAGTCTTCAATACCCATAATGTCCGTCAGAATGACATATTTATCATCCGATTCTGACATAAGTCCCATCGCAATTCCGGCAACAGGTCTTTTGATCGGTACACCGGCATCCATAAGTGACATAGATGAACCGCAGGTTGATGCCATTGAGGTTGAACCGTTTGAAGTCAGAACCTCTGACACGATTCGAATGACATACGGGAACTCTTCTTCTGTCGGGAGAACAGGCAGCAGTGCTTTTTCGGCAAGTGCTCCGTGTCCGATTTCACGACGATTCGTAAATCCGATTCGTCCGGTTTCACCGACTGAGTATGGCGGGAAGTTATAGTGATGCATGTATCTTTTTTCTTCCTGTCCTTCAGGTCCGTCAATCAATTGTTCAAGTCCGGGTGCGCCAAGTGTCAATACTGACAGTACCTGGGTAGCGCCTCTTTTGAACAATCCCGTTCCGTGAGTGCGGGGAAGAATGCCGACTTCTGCTGACAAGGGTCGGATATCATCAATTCCTCGTCCGTCAATACGGACTTTTTCATTGATTGTTTTGCTACGAATTTTATCCTTTGCAAGATAATCAAAAGCTTCCGCGATTTGTTTGTCGGTGAATTCTTCGCCAGTTTTTTCGACGACTTTCCCGACAAGATCCTTCATCATTGAACCGTCATCGAATTCACGGTCAGCTTTGTAAGCAACAAGCTTATCAATTTCCTTATCGAAATCATGTTTTAATGTTTCTTTGAGTTTCGGATCAATGAGTGATTCTGCTGCCTGTTCTTTCGGCATACCGACTTTTTCACGAAGTGTATCCATGAATTCAATCAGCTTCATATTTTCTTTCTTTGCAAGCTGAATTCCTTCCTTGATAACATCATTAGAAAGTTCTTTTGCCGCAGTTTCGATCATGACGACTTTTTCACGGTTTGACGTGACAAAAAGATCAAGATCAGAGTGCAGTTCTTCTTCCTGAGTCGGATTAATGATAAAAGATGAATTTCCTTCAGAATCTTTGATCAGTCCGATTTGCGTTGCGGCGACAGGTCCGTTCCACGGAGCGGGTGAAAGATGTACCCCGACTGCAGATGCGATCGTTGCGAGTACTTCCGGTGCAACGGTATTGTCAACAGACATAAGAGTTGCGACAACCTGCACTTCGCGACGGTAGGTTTTCGGAAAAAACGGTCGGATTGAGCGGTCAATGATGCGTCCTTTCAGGATTGCTTCATCGGTCGGTTTTCCTTCGCGTTTTACCCAGCGTGAACCTTTAATAACTCCTCCTGCGTAAAGTTTTTCGACATACTCGACGGAAAGAGGGAAGTAATCAATGTCATTGTTTTCCT
CP065004.1_gap46	1317724	1319953	2229	AATAAGCAAAGTTAATGCTGTTACCGAATATTTCATATTATTCATCTTTGAGATAATAAATTCGTAACGTTTGTTCCTGCGGAGTACTGCTTCCTGAGTAAACACTGATCTGTATTACGTTTTCACCCAAAGCAAGAGGCATCTCAACTGAAAAATCTCCTTTTTCATTTTTCAAAATTTCTTCAGCTACCTGTGACTGGAAAACAATAAGACCATTGAGAGGAGCTTTTCCGGAAATCGTGACGGTGTCTTCATTGACAACGGCACCCGGCTCAGGTGAAGAAACTACAAGCTGTGCTTGTGAAGTGCTTGCCGTGACAGGCTGAGTTATGACCTTTTTATCATCAGATTCTATAGGAATTACTTTAGCTTCATCACTGTTGTTTGTCTGAAAAAGCACAAACAACCCTGCACCAGCACCCAATAAAATACCGAACACAATAGCAACAATGGTTTCCTGTTTCATATGTTAATTATAAATCAGTTCTCTCAAAATTGTAGGAATGGTTTCAATAAGATCTGCTACATTGTACCAAAGTCCTTTCGAAGACATAAGTTTGTCTGCAGCTTTCTTCTCCAGAAAAGACGCTATCAGGGCTGATGTGACGGGATCATTTTTAGCATACAACGAAACGATAAGACCTGCCAGTACATCACCGGTACCTCCTTTTGTCAGACCCTGATTGCCGCCTTCGATTGTGATAACTGTTTCACCGTCGGAAACGATATCCTTTATTGCCTTGAGGAGAATGACACAACGATGCTTCTTTGCCTGTTCTTTTACTACCTTTTCCTTTTCTTCCATTGGTAATTCCGTGACACGTATACCGAAGAGCCGTTCGAATTCCAGTTGATGCGGTGTCAGAATAGGCAAAACACTGCAGTCTGCGATCCATCGAAGCTCCATCATCTGAAGAGCCCCGGCGTCAAGCACGAATTTTTTATCTGGGAACTGAGACAATGCATACCTGGTAATCGCTTTTGTATAGGTTGCCTCATCGGTGATTTTTATAATCTCTTCATAAGATTGTAGGTTTTCGATATGAACCTGCTCATCTGATCGCACCATTCCGGGACCAATCAGTATCGCATCGTCCTCCTCAATATATGACGGAATGTCCTTTTGGTGTACGACAATTCCGTTTCTGAATGTTTTTTTAAGTGACAGCAATATCTCATTATTCTCAGTCGTTGAGGAGTAATGTACCATGTCAGCGAAATGCGACGCAATTTCTGCCGCCCACAAAGATGCGGCATGAAAGAGAGCCGACCCACCGATAATCATGACTTTGCCGTTTTTTCCTTTGTGGGAATCTTCGGACGGGATATAGAGTTTGTCGAGAAACGTTTTTACAGATTCTGCTTCTTCAGTTCGTATTTTCATATGATGTTCTTTGTCATGCTGAACTCCCGCCTGCCAGCCCGAAAAGCTGGGAATATCGCTGCTGACGGGCATCGCTAGGCAAAGCATTGCGGGCACGATGTTTCAGCATCTAACGGAAACAAAGATCCCGAAATAAATTCGGGATGACAGCAGTGAGCTCTGATATTTTCGTGCATTAACTACGCTCTACCACCTACTGCCTTATTTGCTATAATTATACCTTATGAAGATTTCACATCGCGACCTCCGCAATAAATATTCTGCATTTTTTGAAAAAAATAAGCATGTCGAAGTTCCGGCAATCTCGCTTGTGCCGCAAAATGACCCGACTACACTGTTTACCGGATCGGGAATGCAGCAACTTGTCCCCTATCTTTTGGGAGAAGAACATCCTCTGGGAAACAGACTTTTTAATGTCCAGCCTTGTATCAGGGCTCAGGATATCGAAGAAGTCGGTGATAACCGTCATGATACATTTTTGAGATGATGGGAAACTGGTCTTTGGGAGATTACTTCAAAAATGAACAGTTGAACAATCTATTTACGTTCCTCACTGATCCCGAGATCGGGCTCGGTCTTGACCCGAAAAGACTATATGTAACGGCTTTTGAAGGAAATGATTCGGCTCCTCAGGATAAAGAAAGCATTGAAATCTGGAAAGATATATTTCATAAAGCAGGAATGGAAGCTAAAATCGGTGAACGGATTTTCCTTTATGGTGCTGAGAAAAACTGGTGGTCACGGGCGGGAGTACCTGAAAATATGCCGGCAGGTGAACCGGGAGGTCCGGACAGTGAAGTCTTCTACCAATTTGATGTCGAACATGATCCTTCATTCGGAGAGAA
CP065004.1_gap47	1324924	1325569	645	CACTTTTCTGGTTATTCCTTTCAAAATCCCTGTTTCTGCCGTGACAAGTTTGCCGTTTTTGACACCGAAGAAGTTACTTCTGGTTGCCTCATAGATATTCCCTTCAGAATCGGTGTGAAGGATATCTACAGCTCCGGTTTGCTGAACTTTCTGTATTTCGACAATGCTTGCCGCATAATTTGTCGATTTAATATCCGGAAGTTGCCTCATAAGAGATGAGGTGCATACCTTAATCCCCGTTTCATATAAAGATTGCGGCATCTCTTCACCTTTTGCAAAATAGACAAAAAATGTCTGATCCCGGGCAGGCATAAATCCGTCAGGACTTAGTCCTCCTGTTTGAATAAATTTAATATATGTATTGGCAAAACCATTCATTTTAATCCCTTCGAGAATAATTCGCGTCATATCTTCTTTTGAGTACTTCGGTGTCATCCCCATCAGGCGTGCAGAGTTATAAAAACGATCAATATGATCCTCCAGGCGAAAGGGTACCCCTTCATACGTACGAAGAAAATCAAATATTGCAAAACCGCGCAGAACCGCAATATCCTTAATGGAAATACTAGCTTGTGTATCTTCAACCCATGTATCGTCAATAAAAAGTTTCATATGGAAAAAAAGTTATAACAATGATGTAGTCGT
CP065004.1_gap48	1356572	1361508	4936	CCCTTTTGCTCATCAGAAAAGGTAGTTCTTTCTAGGATTCTAAAAGGTTGCACCCAGAAGCGTGCAATCACAATATCTTCCGTTCCAACATCAATTACTTTTCTGTATGTTCCTGATATTTCGCCTTTCATAGATACTTTGTCTTCAAGATTAATTTTGTGATGGGTCATGGATATATTTTACAACGGATAATTCTATTAAATAGTTAATAAAAGAACATAAATACACTTGACAACTATCTCTATCTGGATATATACTATCTCTATAGATATAGTTAAACTATGCCATGCTAGAACAAGAATTACTTATACAAACAACAGAAACTATATCAGAAAACAAGACTAAGAAAACATTAAATTCTTCTGCCATTGGTTCTGTTCATACCACTCCCTTTAAAGCTTTTGATAATGCACTAAATAACATATTTTCTCAATCAGACGAAGTAAACAAAATTGCTAGGACAAGAAGACTGCTTGGCGAAACTGCTGACCATCTCACAGAAGAGCAGCTCAAGACAATAGTTACCGATTTTCAATTTCTTATCGATACTTGGCTTGATGCATACGAGAAAGAACTTTTTGATGGTGTTACATTACAAAATTTATTGAAAGGCACATAACTATGAAGGAGGCAAGTGAGGAAATAAAAAACGCAGTTGTATATCTTCGTGTTTCAACGGAGGAACAAGTAGATAACTTTTCATTAGATACCCAAGAAGATATCTGTACAAAGGACGCATTTCGCAAAGGCATCGAAGTTATAAAAATATTTCGAGAAGAAGGGCGATCTGCAAAAACCATCACCGGAAGACCAATCCTCATAGAAATGCTTGAGTATTGCAGAAAGAACAAAAAAAAGATTGACGCTGTCATTGTCTATAGACTTGATCGTATTTCCAGACAAACCGCAGACTATTTGGCAATAAGAAAGAAACTAGCTGAGTGCGGAATCACACTATTATCTGCAACCGAGCCAACTGGAAATAGTCCTACTGAAAAGCTGGTTGAAACAATTTTGGCTGGTTTTGCTCAGCTAGATAACGACGTAAGAAGTGAAAGAACTAAAAACGGTATGCGAGCACGTTTTTTGGCAGGATTGACAAACGGAACTGCACCACTCGGATACAAAAGTGTTGAGGGCTATGTAGTCAAGGATCCAGAGACCTGGGACAGTATTAAAAAAGCGTGGGATCTGATGGCAACTGGAAAAAAGACATTACAAGATATCGCGGATATTCTAAACGAATGGGGAGTTCGACAAAAAGTAAAAGGACAAGAGAAACCTTTGCGCCGTCAAACGATAAGCAGAATGTTTAAGAATAAATTCTATGCCGGTATTTTAACCTCATCCAGATATCCTGAGGAAGTTAAAGGTCAGCATGTACCAATGATTACAGAATCGCATTACTACAAAGTTCAAGCAGTAATTGCAGGGAGAAATAACAGCATCAAGCTTCCCATTGTCAAAAAAAACAGAGACAATCCAGATTTTCCCTTAAGAAGGATTGTTAAGTGCGGAAAGTGCGGTACGCCATTTACCGGCGGATGGAGCACTGGCAAATGTTCTAGGCATGCTTATTATTTTTGCAGGAATAGATGTGGAACACCTTCTGTAAAAGCTTATGAAGTTGATTTCACTACTGTTGAGTATCTACGCTCTATTACTCCAACTAACGAGTGTTTAGAAGCTTTTATAGCACTATTAAGAAACACCTATTATAAAAGAGTAGCCGCACTGCAAAAGAGGAAAACCCAAGCAGATGCAGAGCTAAAAAGACTGACGGAACTAAGACAAGCGCTCATTCAAAAAAACCTATCGGGGATCTACAGTGATGAAATATTTAAAGAGCAGAACAAAATTATCGAAGACCAAATGACTTCTATTCAAATGACAAAGGATGATGCGCTATTAGAAAAATATAATCTAGAATCAATTATCGAATTTATGAAGCAGAAGTTTGCAGATCTTGGTAAAACCTATCAGGAATCTGACAACAGCCAGATTAGAGTACTTTTGGGTTCGATATTTCCTTCTGGAATAGTGTGGAGCTATCCAGGCTATTCGAACCACGAAATAAGCCCTTTATATCAATACATTCTGCACTTTCAGAATGATCAAGTCGCGTTTGGTGACCCCAACGGGATTCGAACCCGTGTCGCCAGGATGAGAACCTGGTGTCCTAGGCCTCTAGACTATGGGGCCAAAATTGCTTCAGTAGTTATGCGACATCTTATAATAAGTTGGTGAATATATATACACATTATATACATACGTCACACTCAAACAGAGCCTCAGATAACCACTTATCACATTTGACAACTACTTATTTCTAAGGTATTATTCTAACATTCATCCCCAGAGACAGCAACTGTAAGTTAACGGGGATGCTTTTTTTATGACAAGCACAAAAATTCAATTTACCAAAGACGGATATAAGAAATTAGAGAGCGAATTGCAGGAATTGCAGACCACTCAGAGGCCTGCTGCAGTCGATCGTTTGGGGAGAGCCCGTGCGATGGGAGATCTTTCCGAAAACAGTGAATATACTGCAGCAAAAGAAGAACTGGCATTTGTAGAGGGCAGAATTAAGGAAATTGAAGAACTGATGAAACGCGCTGAAGTTGTCGAATCCCAACCGTCACACGGTATCTCTATCGGTGCCGAAGTCACGGTCGAGCGCGAAGGACGTGAAGAGACCTACAGTATTGTCGGTGAGTTCGAAGCTGACCTCATGCAGAAAAAACTTTCTGCTACCTCCCCTATCGGTCAGGCACTTATCGGAAAAAAAGAAGGAGACATGGTGGATGTAGAGGTTCCGGCAGGTACCATTCACTACAAAATCCTCAAAATCAAAAAGTAACGACGGACACAATCATACTTTGCGTCGTTATCCCCGACCCCGCTCGGGGATCCATTCTTGAATTATAATAGAGGAAATATTGTAGTACGCTGTTATAATAGCTTTATACCTATGAACCAACAATCAAGTGACCTCCTGGGTCAACGCACCCAACGGATACAAAACATGAAGAAGCTTCAGGAACTGGGTATCAATCCCTACCCTGCCACATCTCAAAAAGATGTATTTCATCAGACTGTAAAGGACAGTTATGATGAATATCAGGGGAAAACTGTCACTCTTGCAGGACGGCTTACCGGCAAACGGGAACACGGGAAACTGATTTTTGGTGATATACAGGATCAGAGCGGCTCAATCCAAATTGCCGTTAAGAAAGATGAACTTACTGAGGATATTTCCAAATCTCTTCTGGGTTGGAAAGAGCTGAAACTGATTGATATCGGTGATTTTGTACAGGTTGCGGGAATAATTGATAAAACTCAACAGGGGGAAATCACGTTGTTTGTAAAAGAATTCAAACTTCTTTCCAAGTGTCTCAGACCCTTTCCGCAGACATTTGATGATAAAGAGCAGCAATTCAGAAGACGATATGTCGATCTCGTGGTCAATCCCGACCGCAAGCGATTGTTTGAACGAAAAGCCATTTTCTGGAAAGCAAGCCGTGACTTTATGAACGATCATGGATTCATGGAAGTTGAGACTCCGGTGCTGGAGCATGTCACGGGAGGCGCAGATGCTCAGCCGTTTGTCACCCACCACAACATGCTTGATCAGGACTTTTACCTTCGTATCTCAACCGAACTTTATCAGAAAAGATTGATCGGAGGAGGATTTGAAAAAATATATACGATCGGACCGAATTTCCGGAATGAGGGGCTGTCAGATGAACACTTACAGGAATATTATCAGCTCGAATGGTATTGGGCATATGCAGATTACCGTGACAATATGAAACTGGTAACCGATCTTTTCAGATATCTTGCACAGAAGATGTACGGCAAGACGAAATTTTCCTCCCGCGGACATGAGTTTGACCTCTCTGACGAATGGAAGGAAGTTGACTATGTCCGGGCTATCAAAGAAAGATTTGATGTCGATATTTTTGAAGATACCGAGGAAAAAATGCTCCAAAAACTAAAAGAAGCAGGAGTTGAATTGTCAGGAGTTGTGAACAGAAACAGACTAATTGACAACCTCTGGAAAGTCATCCGCAAGGACATCGCCGGTCCGGCATTTCTCGTGAATGAACCGGCTTTTATGTCTCCTCTTGCAAAAGCCAAATCCGATGATCCGCGTCTGACTGAAAGATTCCATGTCATCATTGCAGGATCTGAGCTCGGCAACGGATACACGGAGATCAACGATCCGCAATATCAGTTGCAGCAGTTTCTTGGACAGCAGGCTCTTCGGGAAACGGGTGATGAAGAAGCACAGATGCTTGACATTGATTTTGTTGAGATGCTTGAATACGGCATGCCGCCTACAAGCGGTTACGGACAAAGCGAACGGATTTTCTGGTTTTTTGAAGATATTACCGGTCGGGAAGGCACCCTCTTTCCTCAACTCCGCAATGAAGTAGATAAGATCACGAAGGAAATATATCCTGAGGTGAAATTCGTTCAGGCTGCAAAACAAACAGCAAGATCAACCGATTCTGACGATCTTTCAGGATTGCCGACACGTGAGGAAGCTCATAAGCTGCTTGAAGAACATGTAAAAGAAGATTATCAAAAGCTTCATGCCAACATGACCGCACGTGCTATGGAACTCTATGCAAAAGAATACGGTCAGAATGAAGACTTGTGGTATATCACCGGACTGCTTCATGACCTTGATTATTTTGAACATCCTGACGAACATCCCAATGAATCACTGAAATGGTTTGCTGACTGGAAGTATCCGAACAGCATGATTCATGCTGTGGCGGCACATGCTCATTCATCCGGAAGGACTGATGTTGCACCGCAGACACAGCTTGATTTTGCCCTTATAGCTTGTGATGAACTGTCCGGGCTTCTCTATGCCTACAGTCTGATGAGACCGACAGGCTTTGACGGAATGGAAGCAAAGTCCGTG
CP065004.1_gap49	1363984	1364505	521	GTATGTCTTCAATGCAGTGGACATCAAACTCAAATTCCAGTTCTCCTACGGATACTCAAAACTCAACAGCCGAAACGGTGCTGATTTTATGAGAAGACTGGAACTAGTATACCCAATACAAGATGGTATAAAAACCATACAAACAGATAACGGCCTCGAGTATCTGGGAAACTTCCATGACTATCTGGAAGAAAACAATATCCCACACCTCTTTATCTACCCCAGATGTCCCAAGATCAATGCCTTTATTGAGCGAGCAAACAGAACACTCCAGGAAGAATTTATGAACCCCTACATCTATACCAAGTGGACCGGTATCGGATCATTCAATCGTCACCTTATTGAATACCTCGTCTGGTACAATACAAAGCGAGTTCACAAAAGCCTGAACAATATTTCACCTATGGATTACCTATTATCTATTTTACCTAAAGAGTGCCATATGTATGGAACTCATACAACGTATTTACAAATTTTGTAGTATCATTTATAATAGTTTATGGAGGAACATCAAAATCTAC
CP065004.1_gap50	1365568	1369387	3819	ACGGAATAACCTTTGATGACGTTCTCCTTCTCCCCGGTTACAGTGATTTCAGACGGCAGGATATCACCCTTACGACACGACTTACAAAAAATATCAGCATAGATGTACCTCTCGTGTCCTCCCCCATGGATACAGTCACTGAATCAGCTCTTGCTATCGCTCTCGGAAAAGCGGGCGGGATCGGGATCATCCACCGAAATCTCACCCTTGAAGAGCAGGCAGAAGAAGTAAAAAAAACAAAAGAAGCAGGTGTGAAGGTCGGGGCCGCAATCGGGGCAAGTCCCGGTTTTGAAGCACGGGCCGAAGCTCTCGTCGGACAAGAGGTCGATGTTATCGTAATTGACACTGCACACGGTTATGCTGATTACATCATTGAGACAATTAAATACCTGAAAAAAACATACCCGAAAACAGATATTATTGCAGGAAGCATCGCAACATATGACGGAGCAAAAGCTCTCATCGAAGCAGGAGCTGACGGTCTTCGCGTCGGAATGGGACCTGGGGCAATCTGTACCACCCGTATCATTTCCGGGATGGGTGTCCCGCAAATCACTGCCATTCTTGAAACGCATCGTGCGGCACATGATGCCGGCGTACCTGTCATAGCAGACGGAGGCATCAAATACTCGGGAGATATGGTCAAAGCATTCGCGGCAGGTGCCGAAACCGTGATGATGGGAAGCTTTTTTGCTTCATGTCAGGAAGCACCGGGCGAACACATCGAACTTCCTCCTGATCAGGTGCCGTCACGCTTTAAAAGCATTCTCAAACAGAAAAAATCTTCATATACATTCAAATCATATCGCGGAATGGGTTCGATTGCTGCCATGCAAAAAGGAACCGAAATCAAGTCAGAAGATGAATTTCACGGAAAAAGTTATAAAGATCGGGTTCTGGTAGCTGAAGGCGTCGAAGGCCTGGTACCGGTAAACGGACCTGTACAATCAGTAGTTGATCAGGCAGTCGGAGGAATCCGGTCAGGTCTTTACTACATCGGAGCAAAAACAATCAAGGAAGTACGGGAAAAAGGGAAGTTCATCCAGATCACTCAGGCATCACTCACTGAAAGTCATCCGCACGATATTTTGGTGACCAATCCGGGTGAAAACTACTAATTACTTATTGAAATATGTCAATTGCACTAGCTGAAGTTCCTTCTATATCTGAATATGATAGCCGTATAGCAGATATTATAGAAGGAAGCGAACTCGGATATATTTACAATCACCCTGACAAGAGACTGTATGAACCAATTCCGAATCCCGATCAGTTCGTGGCAGAAGCATGGAACGGATACCAGGGGCCTGTCGGCGTATATGTCCATGTTCCGTGGTGTACGGACAAGCCTGCCCCTGCAACAGATGCCCGACGTATGGCCGAACACGGCGTCATTTCTTCAGGACGTGATCATTTATGCTCATATTGCAATCTGTACACGGCGGTCGGAAGAGATGTTCCGAATTGGTATGCTGCATCCGTACAACAGGAGGCTGCGATGTATAAACCTTTACTGGGCGGAAATGTTGAAGCACAGTCCCTCTACTTCGGCGGCGGATCTCCAAGTATTCTCTCCGTTGAAGATATGAGTGAGATGATTCGGGCAATTGAGCAAACGGTCGGACCTGTAGACTTTGCCCACGAACGGGCAATTGAGGTAATTCCTGATTCCGTTGATTTGGCAAAACTGCAGGAAATGAGAAAGCTGTTCAATCGAATCAGCGTCGGAGTTCAGTCATTTGATCCGCAAGTACTGAGAAATACCGGTCGGGCATATGATCCCGGCCTTGCTCAGGAAGTAATACGAAATGCATTCTCAGCCGGCTTTGAGGATATAAACGGAGATCTGATCATCGGACTTCAGGGCTCATCAGCTGAGACATTTCAACAAGATCTCGAAACGATGATCGGCAGTGGAGTTACGACAATAACACTGTATCCTAATATGATTCGTCCCGGAACACGTGCCGGGAAAATGGCACAGCATGGTCTCATATCATACCCTACAAGACAGGAAGTCACGGAGATAACTGACAGAGCAGCCGAACGGTTGCAACAGGAAGGATATCGAAGATTGTCACTGACTTGCTGGTCAAAAACAAAAGGATATCAGCAGGGTGAACAAATTTACTCAGGTATTCCGATCATCGGATTCGGGGCGGGGGCAAGAAGCTACGGACCGAATGCTCATTATGCACTTCCCTACTCTGAAGATGTACGGTTTATCAACAACAGTATCGCACGTTGGAAACAGGGCATTGAAGCCGGTCATTTTCCGGATATGCACGGTATTGTCATGACTGACGACATGAAACAGCGGTCACATGCCATCCTAGGACTCATGTCACAGGAAGGTGTGAAGACAGAGTTTTTACAAAATCACTTTTCCGGACAGCTTCAGGCACTCATGAAAGCCGGACTTGTAACAGTCGAAGATGAAGCTGTGCATTATACGGACAAAGGAAAGGCTCACAGCGGAGCTCTTTCCGAGATATTTTTCTCTGAGGAAGATAAACAAATACTAGCAATGAAGGACTCAGTCAGACAACATTAACGTATTCATATTTTTTATGATTATCATTATCGATTTCGGATCCCAAACAACCCACCTTATTTCCAGAAGACTGAGAGAGATTTCAGTTGAAACAAAAATTGTAGAGCCGGAAGACTTTTTTGCTGAAACAAAGGATCTTTCGTATGACGGGATCATTTTTTCGGGCGGTCCTACCAGCGTCTATGAAGAAGGCGCCCCGACAATCGATAAAAAAGTTTTTGAAACAGGCAAGCCGATTCTCGGTATCTGTTACGGAGAGCAGATTATTGCTCATGTCCTCGACGGAGAAGTCAAACCAGGAAAGAAAAAAGAATACGGGCCGGCGACCTTGACTATTCTGAAGGAATCTCCCCTCTTTGACTTCAGTCATCCTGAGGGAGGAATGACCGAAGGATCCAGTCAACAAAAACGAGATTCTTCGCATCTGAATGACATACAATCATTTTCCGTCTGGATGAACCACGGAGATGAGCTTGCGCAGATTCCAAGCGGATTTGAGAAAATCGCCGTCACGGAAACTATTCCGTACGCAGCAATTGCAGATGAAGAAAGAAAAATCTACGGAGTTCAGTTTCATCCCGAGGTAGTCCATACTCAATTCGGACTGCAAATACTAAAAAACTTTGCCGGTATCTGCGGCCTGTCACCGAAAGACCAGCCCATCACTGAAGAGTTTGTGAACAAACAAATTCAGGATATCAAAGATTCTGTCGGAGAGGCACAGGTCATCGGAGCACTTTCAGGCGGAGTTGACTCCTCTATCGCCTGTCTTATGGTACATAAAGCCATCGGAGATCAGTTTACGGCAATCTATATCGATTCCGGACTGATGCGTGCAGGTGAGACGGAAGAACTTGAAAAGGTCTTTAAAGAAAACTATCAGATGAATGTCAAAATCGTGTCGGCTGAAGAAGAGTTTTTGAACAACCTCGAAGGTGTCACTGATCCGGAGAAGAAACGAAAAATTATCGGAAAGACATTCATTGATGTTCTTGAAAGAGAAGCAAAAAAGCTTGATGCAACGTTTTTGGTACAGGGAACCATTTATCCTGACGTCATCGAAAGTGCAGGTACAAAGCATGCCAAGAATATAAAAAGTCATCATAATGTCGGCGGATTGCCGGAACATATGAACATCATGCTTCTTGAGCCTATTCGTAATTTTTATAAGGATGAGGTTCGTGCAATAGGAAAGATTTTAGGTCTTCCGAAGGAAATAACCCATAGACATCCGTTTCCCGGTCCGGGTCTTGCCATACGGACTA
CP065004.1_gap51	1382484	1384205	1721	TGTCGCATCACGGAATTTGTCTTTCCAGTCAAGAGCTCCCCTCTGTGCTGTAGTTGAGATATTGGCAAGCATCCAGTCCATCCCTTTTTCGCCGACCAGGCGGATAAGGCTTTGCGTCAGTTCTTCAACTGTTTCGTTGAATGCTTCACTCGGTGTGTTACCGTGTTTTCTCAGTTCATTATATTGTGCTTCAAAAAGTCCCTCAAGAGCACCGACCAGAATACCGCGTTCACCTGTCAGATCACTAAACACTTCCTTTTCGAAAGTGGTCTCAAACAGATATCCTGAACCGACCGCAATCCCGAGAGCCTTGGCTTTTTCTTCTGCTTTCCCTGATACATCCTGATGCACGGCATATGAACTATTGATACCGCTGCCGTCTAGGAAATTCCGACGGACCGTAAGTCCTGAACCTTTCGGTGCAACCAATACAACGTCAATATCTTCCGGAGGAACGACCCCCGTCTGATTACTGTAAATTACTGCAAATCCGTGGGAAAAATATAATGTTTTCCCTTTCGTCAAATGCGGTTTCAGTTTGGGCCAAAATGCCTTTTGTCCGGCATCAGACAACAGATACATAATAATTGTTCCTCTTTCTGCCGCCGCTTCTATCTCGAAAAGAGTTTTCCCTTCAACCCAGCCGTCTTTGACTGCCTTATCCCACGACTGAGAACCTTTTCTTTGACCGACAATGACATTGATTCCATTGTCCTTCATGTTCAAAGCCTGTCCAGGGCCCTGCACACCATACCCGAGAACAGCCACAGTTTCATCTTTTAATACTTCGCGAGCTTTCTCCAAAGGAAATTCCTCACGGGTTACGACGTTTTCCTCAACGCCACCGAAATTCATTTTTGCCATAATAAAAACATAAATTAATAATCAATTATTTTGCCGCAATCATTTCAATCTCTACTAAAGCTCCCAACGGCAGTGCCGCAATCTGGACCGTTGAGCGTGCAGGCTTATGTTCGGGAAAATATGATCCGTAAATCTCATTTACCATTTTGTAGTCTCCCATATCAGCAAGAAATATCGTTGTTTTCACAACATGATCAAGATCCGTTCCGGCTGCCGACAAGACATTGCTAATGTTCGACATTACCTGCTTCATTTGATTTTCAATACCGTCAACCAAAGATCCCGTTTCCGGGTCAATACCAACTTGACCTGAACAGAAAATAAATTGTTCAGTTTCAATCGCCTGTGAGTACGGTCCGACTGCTTTTGGAGCGTTATTTGTTTGAATAGTTTTCATAGGTAATTGGTAAATAATTAATGCACAAAAGATGAAAAATGCGGATTTTGAAACTTTTTCACGCTGCCGCCAGTTTCATACGTGGTGAACGAAATCTAACTCGGCTTGAAAAAGTTCAACAATTCGCATTCGAATCTTTTGAAAAATAAAATATTGAACAAAATCTCAACTGGTAACTGCGCCTTTTGACGCACTGGAAACTAATTTTGCATACTTTGCCAATATTCCTCTCTTATATCTGGGTTCAGGTTTTTTCCAATTTTCCTTCCTCTTTTGCATCTCTTTTGCATCAACGAGAATATTAATCTGGCGTTTATCAACATCTATATCGATAATATCTCCTTCCATTACCATTGCAATCGGCCCCCCGTCAGCCGCTTCAGGCGCTATATGACCTACCATAATACCGTGCGTCCCTCCCGAGAACCGTCCGTCAGTAATCAATGCCACATCCTTTCCC
CP065004.1_gap52	1447636	1448136	500	ATTCTCAAATGTTTGTCATACCCGACATCAACAAGTCCGTTGTATCCGCTCCACGAATCTGAATATACAGTACTGTTCAAGTCAATCTTTCCCTTCATAACAGCATGTAGCGTTCTTCTTTTACAGTTTGGAATGATACGAGTAAATACACGTCCTTGACGCTCATATATCCCAAATACTACCTGCTTAAATGACGTCCCACGACCTCTTTTACTTGACTTGCCTCTCATCCTTCGAGGTCCAAAGTATGATTCATCAATTTCTATCTCACCACCAACATATCGTTGCATCTGGTGCACTTGGTGATGATATATGAGTTGACGAATATTATTGTAATATTTGTTGACTGTATTGCGGTTGAGACCCAAAATACCAGAGGTCTGTGTAGCACTCAGATCGTGTGCAAAACACCATAGTATCTTTTTTCTCTTGTATTTTGATATCGGCCTATTGTTACAAACCATACCTCTAGTTTAGCACTACTCTGCTAGTCTAGAGCC
