gap_id	start	end	length	sequence
CP064972.1_gap1	1470	5069	3599	GTCGACCTCGAAACCGGCGTCGTCGCGAGGACGACCGGCCCCGAGCTCCGGGCCCAGGCCCTGTTCCGCGATCGCTTCGTCGGTGTCGTACGGGCCGACCATCCGCTCGCCCAGGGCGAGGTCACCGCCGCGCGCTATGCGGCGAGCCGGCACATCCAGGTTTCGCGAGAGGGTCTCGACCGAGGGCCGATCGACGAGGCGTTGCGGACGCGGGGACTCGAGCGGGAGATCGTCACCATCGTCGGCGGCTTCGCGACCGCCCTCGCGCTCGCACGCCGCTCCGACCTCGTCGCCAGCGTCCCCGAACGCCACACCGCGGGTCTGCGCGCGGGGATGCACAGCTTTCCCCTGCCGGTCCCCGTCCCCGAGGTGACCGTCTCGCTGCTCTGGCACCCGCGCCAGCAGGCCGACCTCGCCCACCGCTGGTTACGCGCGCTCGTGCTCGCGACCTGCGCGATGCCACGCTGAGGCCAGGGCCCGCGAGCGCTTCCGGGCGCCCGCCGGCCGATCGTCGGCCACGACTCGGTGTTCGCGCTCTCCCTTGCGTCAGAACGCCGCGGGATCGCCGACAGAGGCGAAGCGTCCGCTCGGGTTGTGGTACTGCCGCTGCGCTCCGGTCGCGGTATCGGTCACCGTGAGGGTGTACTCGACGTTCGACAGGGCGCCGTAGAAGACCCAGAACTTCTCGTTGAGCGGGCGGCCGTCGAGGACCTTGGTCACCACTTCGACGTTCGCCGGACCGAAGAACCAGAAGTACCCCGTGTCGGCGCTGATCGGCACCGCGATGCCGGCGCCACGATTGCCCGAGAAGTCCTCCCACGCCGCCTCCACGGCGAAGCGTCCGCCTTGCAGGCAGAGTCGCGTGCCGCTGGGCACGCAGTCGCCCGACGGCAGCGAAGGCGATGGCGCGGGGTCACTCGGGATCGTCGTCGACGTGGCGCTCGCGGACGGCGTGACCCCGGTCGGGAAGGCACTCGTGTCTCCCACCGACGCGAACCGGCCTGACGGGTTGAGATAGGTCTTGACGGCGCCGGTTCGCGTGTCGGTGACGGTGACGACGTACTCGACGTTCGACAGCGCCCCGTAGAAAAGCCAGTAGTGGCCGTTGACACCCATTCCGTCGAGCGCCTTGACGATCAGCTCGACGTTGGCCGCGTCGAAGAACCAGAAGGTACCGGTGTCGGCCGAGAGCGGCACGGCGTGTCCGCGCCCCGTGTTGCCTGCAAAGTCGCGCCAGGAGACCTCTACCTGGAAGCGTTTGGCATTGAGGCAGAGCCGAAACTCTCCCGGCGTGCAACTCGTGGGCAGCGCCGGGAGCGGCAACGCCCAGAGCTCGCGACCGGTCGTAGCGTCGTCGGCCGAAAAGTAGAGCAGGTCGCCGACTTCGGTGAGCTCGGCCGGCGCCGAGGACGCCGCGTGCGGAGCGATGTCGTCGACCAGATGGGTTCCGCCCGTCGTGCCATCGGTGACCCAGAGCTCGCTGCCGGCAAACGCATCATCGGCGGTGAAGTAGAGCTTCCCGCGCGCGACGACGAGCTCGCGCGGATTGCCCGAGATCGGGCCCCACCCGATGTCGGCGACGAGCTCCGTTCCCGCCGCCGTGCCGTCGGTGCGCCAGAGCTCGACCCCGTGTGCGGCGTCGGAGGCGGCGAAGAAGAGGTAACCGCCGAACGAGACCGCCGATCGCGGCGGCCAGGTGACCGCGGTCAGATGGGCGATCGGCTCGGCCGTCTCCGCCGTGCCGAGCGAGCGCCAGAGCGACGACACGCCGTTCTCGCTGCGCATGTAGAGGAGTGCTCCAGCCTGCTCGTGCAACCACATCAGCCCCTCGCGGCCAAGCGGGTCGTCGTCGACCGGTCCGGGAATCACCAACGAGGTTCCACTGGCCGTTCCGTCCGTGCGCCAGATCCCGTCTGCGCCACTGAAGAAGACGAACGGACCGACACGCGTGAATTCGGGTTCTTCGACGAACGCGAACGTCGTCACGTCGGTGAGGCGGCGAGTTCCTTCCGGCGTGCCATCGCTCTGCCAGATCTGCAACACGGGCGAGGCCGCACGAAAGAAGAGCGTGCCGCCCAACGGCGTGAGGCTCAGCGTCGGCCCGGTGTTGGGAGGAAGGTCCAGCAGCTTCGTGGTCCCCGCGGACGTTCCGTCGCTCCGCCAGAGGCTGGTCAGCCGCTCTTCCGCGACCATCCGCGTCTGGCAGAAAACGAGATCGCCGCCGAACGCGACCATCCCACAGACGAAGCCACCGTCTGTTCCCCCGTCCCACACCTTTCGCGTCGAAGCCGCGGTGCCGCCAGTCGCCCAGACCTCCGGCGTGCTGTACCGGCGCCAGCCGAAGTAGGCACTCTCGCCCACACTTCCCGAGGGATTGAAGCTCGACGAAGAGTCACAGTCGACCGACCCTTCGAACAGGAGCTCGGCGTCGTTCGACCCGGCTCCCCAGACTCCTCGCTGCGGTCGACATGCGACGAACTGGAGCCGGTCCCCCGCGCGCACGAGGTTCCCCGGGAAGGAACCCTCCCCTTCGAGCGGCGACAGCTCGATGGTCGACTCCGGGGTCCCGCGGCTCAGCCAAAGGCTCGTCTGATGTCTCGGCGAGGAGCTCGCACCGAAGAGCAAGGCGTTCTGGTGTGCAGATACGTAGCTGCCGCTCATCACCGGGTACGACCCGACCGTGCGTGTTCCGGAGGAGCTCCCGTCCGAGACCCAGAGCTCGAGGCTCGAGTCGGGCAACGAGGCGGTGAACATGAGCCGGCCCTCCACGGAGCCCGCGGCCCCGAGCACGCTGAGCCCGGTGCGGATTGGCTTCACGAGGTGGGGCACCTGTTCCGCATCGATCGCCCACAGGCTGCGGACCTCTCCCTCTATCACCGGGAAGTAGAGCTCGCTCCCCGCGCGCTCGAGCCAGCCATGCTCTTGGATCGACCCACACCCGTCGCAGGCGACGGGTTGTGCCGCTTCGCCCGCCAGGCCGCTCGACCAGAGCGTCCAGGCTCGCTCGTTCTGCGAGGAGGGAAGCAGGTAGTAGAGCCGGGTGCCATGCTTCCGCACCCAACCGCTCGGCATCGTCCGCGAGCCAGAGGCCGTGAAGCTCAGCAGCGGGACCGTGCCGCCCGGAGTGCCATCGCTCCGCCAGACGGTTCCCGGGGTCGAGGATCCAGCGGAACGACGCACGAAGAAGAGGGTCCCTTCCTCGACGGTGGCATCGAACAGCGAGAAGGCCACGCCGCTCGCCTCGGCGATGGGCTCGATCCCTTCGCTACTGACCGCCCAGAGGACGCCGTCCGCGATTGCGAGAGCTCGCCCGCGCACCGCCGCAAGCTGATTGCCGCCGCCCGCCCAAAGCACGTTCCGCAGCGGACGCGTCCCGCCTGGCGTTCCGTCCGTCGTCCAGATCGCGAACTGACCGCTCGCGTACTCCCGCGCAAAGAAGTAGGCGGCGCCCAGGGAGCCGACCATCCCCGCGGCGTACGAGCCCATCTGCGCGAGCTTACGCGTTCCCTCGATCGTTCCGTCCGAGGTCCAGAGGTCGCACGCGATGAAAGGCTGCGGACGGCAATCGTGGAAGTAGAGGCGGCCATCGAGGACCCAGC
CP064972.1_gap2	6985	10268	3283	GCGTTTCTCCCGGCTGGCACGACGTGCTCGTCCAGATCGGCCGCGTGGCTTCCTCGGAGACGACGGTCCTGATCACCGGCGAGTCGGGAACCGGAAAAGAGATCGTCGCCGACCTGATTCGCCAGGGCTCGCCCCGCGCGGCGAAGCCGTTCGTCGCCGTCAACTGTGCGGCTCTCCCCGAGCAACTGCTCGAATCGGAGCTCTTCGGTCACGAGAAGGGAGCCTTCACCGGCGCGGCCCAGACCAAGATCGGCCGGCTCGAGCAAGCACAACGGGGAACGCTCTTCCTCGACGAGGTCGGCGAGATGAGCCCGCTCGTCCAGGCCAAGTTCCTTCGCGTTCTGCAGGAGCGAGAGTTCCAGCGCCTGGGCGGCACCCGCGTGCTCAAGGCTGACGTGCGCGTGATCGCCGCCACCAATCGCGACCTCGCGGCAGCGATGGCGCGGGGCAGTTTCCGGGAAGATCTCTTCTACCGGCTGAACGTCTTCGAGATCCACATTCCGCCCTTGCGCGAGCGGATCGAGGACGTGCCGATTCTGGCCGAGTCGTTCCTCGAGGAGCTCGGCCGCACGACGGGGAGGCCGGCGGCGGGAATCTCGCGCGACGCGCACGAGTGGCTGCTCTCCTACCATTGGCCGGGCAACGTACGCGAGCTGCGCAACGCGATCGAACGGGCGATCCTGCTCTGCGATGGCGGCCTCATCGCACGCGAGCACCTGCCGACTCCGGTTGCGCGCCCCGATGCTGCGCGCCCGTCGACCGGCAGTGCGACGCTCGACCCCCAGGCTCCCCTCCCGCCGGGAGGCGTCGATCTCGAGGAGGTCGAACGCACCCTCGTGGAGCGGGCACTCCGCGACGCGCGGGGAAACAAGTCGAAAGCCGCTCGCCTCCTGGGCCTCACCCGCGCCCAGCTCTACTCGCGACTCGAGAAGCACGGCCTCAGCGGCTGAAGCGCGTCCATTCGGCGACGCCTCGCCGCGCGAGCCGATCGCCGCGCGCCAGTCGACCTGCGGAATTGCAGACACCCTGTCGAAAAGGCGACACCCATCCTGCGACGGAGTCGCGACGCTCCTGACACCACGCTGTCAGGAGCCGCAAGGCATCGTTGGCTGCATGTCCGCATCCGAGCCGATGGGCGGCCGAGCCGCGAAGGATTGTCTTCTCCGTCATCTGCGGTCCCACCGGCGCTCCCGGGATCTCGTCCTTCGCCTCGCGACGCACCCGCTTCCGGCGAGAGGCGCGCTCCGTCCTTCGACGGACGCGAATGCTGGCACGCCTCTTGATACCTGCGCGGCTCCACCTGGACGCGTTGTCGATTTCGCCACGCGCCGTTCGTCGCGAGCTCCCGATCGGGTCTCTCGACCAGGAGAGTCGGCAATGAGTCAACGCAACGTGGAGCAGCTCCTCGGGCGGCTCGTGAGTGACGAGGCCTTTCGTCGTCACTGGTGGCACGACCCGGCAGCAACGCTCGCCGAGCTGGTGGCGAGCGGAAGCGACTTCAATCCCTGCGAGCGCCGAGCCCTGCTCACCATTGGGCGCGACGAGCTCGAACGCTTCGCCGCCAGTCTCGACCCCTGTATCCAGAAGAGCGACCTGAAGGGAGGAAGAGGTTGAAGGTGCCGACCATTCTCACCAAGACCCTCGTCGCGGCGACGCTGCTCGGCTCCTCCGCCGAGATGCGCGGCGGCGAGCGCCCACTCCGGCTCGAGGAGGCGCTCCGCATGGCGCTCGAGCACGACGAGACGATCGCGATTCAACGCGAGGCCTTGGCCTCGAGCCAGGCGGGCGTCGACGGCGCCCTCGGCGCCTACGACCCCCAGCTCTCGGCCGAGGCGGCCTGGCTGGAGCAGCAACCGCCCGCCAACTCCACCTTCTCGGGTGCGCCCGCGGGAGAGCTCGCGCCGCAGGACAAGAGCTCGGCGGCCACCTTCCGCCTCGACCAGTTGTTGCCCACCGGCGCCTCGGTCGGCGTCATCGCCGCGGGGGAACGAGCCTCGACCGACGGGAGCTCCAGGCGACGTTGGCCGCGACCGTGGCCGGCGTGGAGAGCAGCTACTGGACCCTCGTCGCCGCGCGCCGTGAGATCTCCGTGCGCGAAGAAGCAGTACGGCTCGCCGCCGAGCAGCTCGCGGAGACCCAGGTCCGGATCGAGACCGGAGCCAACCCCGAGAGCGAGATCGCCCAGCCCCGCGCCGAGCTCGAGCGGCGCCAGGGGGAGCTCTTCGCCTCGCGCGAAGCAGCCGTGCGGGCCGAGAGCACGCTCAAGCGTCTGATCCTGAGCGACGACGAGCCGGAGCTCTGGACCGATCGGCTGGTGCCCGAGGAGTCGCTCGAAGTCGCTTCTCGTCCCGTCGACCTCACCGCGGCCATGGGACGCGCGCTCGCCGAGCGATCCGAGCTCGACGCTCTGACGGCCGAGCTCGAACGCCGGCGCGTCGAGAGCGCTCTCGCTCGCGACGCCGTGCTCCCCGCGCTCGACGCGGTGCTCTCCTACGACCGCTACGGGCTCGCCGGCCGGGCGAATCCCGCCGCCCAGCCCTCGGGCGGCAGCAATCGCCTGCACGGCGGGCTCTCCGATTCGCTCGACGGGCTGGCCGCCGGCGACTTCTCCGACGCCCGGGTGGGGCTGCGCTTCTCGTTGCCGCTCGGCAATCGCGCGGCCCGCGCGGAAGCCACGCGAGCGGCAAGCGCGGAGCGGCAGGCGGCAGCGGTGCTCGCGCGCGCCCGCAAGGCGATCCGCGCCGAGGTGCTCGATGCCGCCGCGGCGCTCGAAACCGCGGCGCAGCGCATCGCCGCCGCGCGCTCCGCGCGCGAGGCCGCCGAGGTCCAGCTGGAGTCGGAGCGCGCCCGCTACGGCGCCGGGCTCTCGACCAACTTCCTGGTGCTCACCCGCCAGAACGATCTCTCGCGGGCGCGGCTCGACGAGATCGCCGCCCAGACCGACTATCGCCGCGCCGACACCGAGCTCGCCCGGGTGACCGGGACGCTGCTCGTGGATCGCGGCATCGATGTCTCTTCCAATTCGAGCTCGGAGACCCGCTGAGGGGGAACGCATGCAGTCGAGAACGCTCAAGATGGTCGGCGCGGTGGCCCTCGTGGTCGCCGCGCTCGGAACGGTGAAGTTCTTCCAGGTCCGGGCCGCGATGGCCAAGTACGCCGGCTTCCAGCCGCCACCCGAAGCGGTGACCACCGTGGTGGTCGCCGAGGCCGCCTGGCCGGCCACGCTCCATTCGATCGGCACGGTGTCGGCCGCGCAAGGCGTCCTGGTGAGCGCCGATCTGCC
CP064972.1_gap3	14566	15714	1148	GGGCGGCGTGGCGAAGAGCCTCGACGTGCCGGCGACGACGAGCGAGCCGGACGCCGACAAGCGGCAGACCGTGATGCGTCGCAGGTGACCACCCGGTCCGTCCGGGAACCGCGCGAAGCCCGCGATGACGATTCGCCCCGCCGCGTCGACGACGGCGTCCTCCGCTCCGCTGAAGCAGGCGCCCGGCGTGGCGAGCTCGACCAGACCGTCGCCACAGCCCCGGGTCGCGTCGACCGCTCCGGTGGTCTGGAGGCGCAACAAGACCACCTCGGTGGTCGGGTTCAACCTCGTCGCCACGAGGTCATAGCGATCGGAGATGAGCGGCGGCTACCCGACCGGCAGGACGAGAATCGTGGTCGGGAGTGGGAGCTCACTCGGGAGGTAGCTCGCCACACCGTTGCCGTCGAAGTCGGGATCGAGCGTGCAGCTCGGATAGAGGAACCGCTCGACGACCACGAGCTCCCCTGGCGAGGAAGTCCCCAAGACCAGGAGACGACCGGAAGAGTCGAAGGTTGCTGCGTCTGGAACGAAGTCGGGGCGGCTGGCAGTCGTAGGCGCACACGGCGACGAGGCGTCGTTCGCGCTCACGCGGAGCCAGATGCCGAGGTCGTGAACACCTTCCGATCGCGCCACCAACATCAGCGTCGTGCCGTCGGGAGCCGGGATGGCTTGAACGATCGCGGCGTCGTTCGGTGAGCCGAGGTGGAAGGCCCCGCCGGCGGCGGTGTGAAAGGTCAGGTCGAGATCGCCGTCGGCAGCCAAGCCAGCGCCGGCGAAACCAGCGAACAGCAACGCAACGAGCGATGGCCGGCGGGGCCGGCCGAGGCTTCCTCGGATCATGCGAGCTCCTCCAACGGCCCGTTGTCGTTACACGCCCCCTCGGCTCCGCGGGGGGCAGGCACAGGGCGTGGACGAACCCGAGCCGAGCTCGCGGCGGGATCCCAGTCTGGCAAGCGACTTCGCGAGTTTCCGCTCTCGCTGACCAGCTCGACGAAAAACGCCCGAGGCGCGGAGCGCCCCGGGCGTCGGTCCGGCCGAGTGAGCAGCGGCGACTACTGGTAGGTCACGACCAACACCGGACGGTTGGCCGCGGTGGCGTTGTCCCCGGAGTAGAAGCCGACGTAGTCGGCGCCGGTGTCGTCGTTGTC
CP064972.1_gap4	19810	21641	1831	CCGCCAGACCGTTGGATCGAAAAGGGAATTGGTGGACCAACTCACTCCGAGTTCGAACACCCCTGGAGATTCGAACACCCTGGTTTCCTGGCTTCGGGAAGTCGCGGCGCTGAGGCAGGCCGCATGATCGTGGGCCTGCCTCCGGTTCCCGTACGCCGTCCCCGGAGGAGCCCGCAAGGGCGCCGCCTCGGGGCCGGCGTCCCTCTCTGGTATCCGCTGCCCGGCAGCGGTGCGGAGGGGCCCAATGGCTGGAAGTACCGCTTGGAAGTCCGCGACCCCGCAGCTCTCGTTGGTGCTCCCTGGCGTTCCAGCGTCACAGTTTCATTCTACAGATGTTGAGATCGGATCGCGCAAGGCCAGGCGCTCCGGCAGCCTGATCCGGCAGGCGCTCTACCTCGACCAGGAGGACGCCTACGCCGCCGGCGAGGTCGGCTTCCTGGCCCGGGCGCTCGTCCAGGCGACGCTCCCCCACAGCGACCCGAAGGCCAACGAGTTCGTCCGGCGCAACGGGCATTTCACGCTCTCGATCCTGGCCCCGAAGGACGTAGGGCTGCCCTACGGCCGCTACCCGCGCCTGGTCCTCGCCTACCTCACGACCGAGGCGGTGCGTCGCAAGAGCCCCGACGTCGAGCTCGGCAGCCACTTCTCCCACTTCTGCGCCGCCCTTGGCATTCCGCCGACGACCGGCCCGCGAGGCTCGCTACCGATGCTCCGGGATCAGCTCCAGCGACTCTTCGCCTCGACCTTCCAGTGCATCTTCCACGACGAGAGCCAGGGGCGGCACGCCGGCGACGGCTTCCTGATCGCCGAGAAGCGGGAGCTCTGGTGGGACCCTCGGCCCGGCAAGGGCGAGGCCGCCTGGGGCTCCCACGTCGTCCTTTCCGACCGGTTCTACCGGGAGGCGACCGAGGCGCCGGTGCCACTCGACCTCCGGGTGCTTCGCGCCCTGCGGTCGCCCTTTGAGATCGACATCTACGTCTGGCTGACATGGCGCTTCTTCCGGCTCCGCAGGCCGGTGACGATCCCGTGGGCGTCCCTGGCGCTCCAGTTCGGGTCGGGGTACGCGAACCCGCGGCACTTCAAGAAGCGGTTCCTGGGCTACCTGCGGAGCGTCATCGACTACTACCCCGAGATTCGACTCGAGAGCGCCTCGAGTGGGCTCCTGCTCAGGCCATCGCCAACCCATGTCGAACCGCAGGTGTCGCGGCGGCCCAGAGCGCATGCAGCCGGGATAGGCATCGGATTGCGGGGCCGCGAGTCGATCTAGTCCCACCAACTGGTTGGGCCGGCGATGGTGGCGCGCTTCTGCCGGCTCTCAACAATCAGGCCACTCGGCGTCCAGTACACCCGACGGATAGGGTCTCTCGAGAGCACGGAGCCCACATAGCTTCCATCCTCGTTCAACCAGCGGAACCGGTTCTTCTCCAAGAGCCCGATTCCCGTTTGCGCGACGATGAGGTCTCCGCCATCGGTTGTGTCCACCACGGCGTGGAGCGTCTCCCCTCGAAGAACGTACAAGCGCGTGTCGGTGAGGAAGTACAGGAAGTCCCCGGTGTCAGCAATGCGATGTGGGGCAGTTCCAGTCTGGAAGACGCGCAGTGGATTTCCAGACGGACTCACCTGGACGATTTGTCCGGAAGCGCTCGCGAGGAACGCCTCGTTCGATCTGCCCGCGAACGCCGCCGCGTTGATCCAGTCAGAGGCGTGCAGCTCGCTCACCTGCATGCTGAAGCTGATCGAGAGGTTCTGCCCGCCCACCTGCACGCTCGTCTGGCCGAGTCTCTTCTCGTACTTGACGCCCGTGTACGCCGACAAGGACGCCAGGTCGAGG
CP064972.1_gap5	60321	62651	2330	ATGCGCAGGCGCTGGTCGCGTGAGAACCGGCGAAGACCGTTCATGACGTGCGCTCCGTGACACCCACCGCCCAGACGACTCCGCTGCGAATCTCGAGCTCGACTCTCGGCAGCGGTCGGCGTGGCGGCCCGGAGAGCGGGCGGCCCGTGGCGAGATCGAAGTTTCCCTCGTGACAGGGGCAATGGAATCGCCCACGATCTACCTGAGGCAGGACGGGGCACGAAAGGTGGGTGCAGCGCTGGTCGAAGGCGACGACCTCGCTTTCGCCGAGGCGAACGAGGAGCTTCGGTTGGCCCGGGCCTGGGTAGTCGAACTGACGGAAGCCGCCGATCGGCAGGTCGTCGAGCCGGCCGATCGCGAGCTCGGGAGTCGTCGGCCTTCGTCCGATCCAGCTCTTGGCGAGGATCCATGCCTGCCCAGCGACGAAGGCGAAGCTCGTCAGCACGAGAAACTTGGTGAATTCACGCCGCGCGACGAACTGATCCTGGGGCACATCGATCGGGAAGTCGCGGCGCCACTTCGGTTGCTCGGAAGCGGGTCGCCCGTCGGGTGGAATCGTCAGCTCATCGGGGTCGCGGGCGCTCACGTGTCGCTCTCCTGAAAGAGGTTCGCCAATAGCGGATCGGGCGGTGCCGCCGCAGCTCCGGATTCGAGCGGCTCGGTGACGGCGAGGAACGGCTCGGCGAACGCCTTGGGCACGAGCATGCGCACGCGCGTCGAAACCACCTGGGCTCCGAAACGGAAGCGATCGACCGGCCGCGAGGCGGGCCGCAGCGCTTCGATCTCCTCGCGGGTGCCGAAAAAGAGCGCCTGGCTCGGACAGACCGAGGCGCACATCGGTTTCAGGCCCCGTGACGTCCGGTCGTAGCACATATCGCACTTCATCATCAGATTGGCTTCGTCGTGCATCTTGGGCACGCCGAAAGGGCAGGCCAGTACGCAGTTGTTGCAGGCGATGCAGCGCGCCTTGCGCGCGGTCTGCACCACGCCGTCCTCAGTGCGCTTGATTGCGTCGGCGGGGCAGACCTCCGCACAGGTCGGCTGGTCGCAGTGCATGCACACGACCGGCACCGTCTGGGTGGAGCGCGCCCGATCGACGAAGTCCAGTTGAATCATCGACACGCCCTTATGCGTGTCGCACTCCGAACACGCTTGGACGCATGCGTTGCAGCCGATGCAGCGCGCGGGGTCGAGATAGAAGTGACGGTCGGCGGGTACCGGCATCGTGGATCTCGTCAGTTCCCCGCCAAGGGTAGTGTGGCCCGGCGCGAAGGGGTCGAGACGCCAGCCGCTGCCTTGGATTCGGCAGCAGTCGCGGGCCGCAGTCGCACCGCGCAGGCCTTGAACTCGGGAATCTTCGAGATCGGATCTTGCGCCGAAATGGTCAGGCGATTGACGCTGCGGCGCCCCGGCCAGTGATAGGGAACGAAGATCGTGTCGGGCCGAATCGTCGCGACGACCTTCGCGCGTAGCGTCAACGCGCCGCGGCGCGTCTCGGCGGTGGCCCAGGTGCCGTCGCCGATTCCCAGATGGTCAGCCAGGTGCGGGTGGAGCTCGATGAACGGCTCGGGGTCCATGTCGAGCAACGGGCCGATCCGGCGGGTCTGAGTTCCGGAGAGGAACTGGCTGATGAGGCGCCCGGAAGTGAGGATCAACGGGTACTCCTCGTCCGGGGTCTCGGTCGGTGGGGCAAATGTGGCTACGTTGAAACGTGCCCGTCCGTCGGAGAAATAGAAGGGGCCTGCGCCCTGAGCCACTACATTCCACGATCCGGGCTCGAAAAGGCGCGGTGTTCCGAGGTGTTCTTCCGAAGGGCAGGGCCAGAAGACGCCTTGCTGGCGTTCGATCTTGTCCCACGAGATGCCGGAATAGTCCGCGACCCCCCCCTTGGAGGCAACTCGCAGCTCCTCGAAGATCTCGCGCGTTCCCGAGAACGTGAATCCCTTCTCGCGCCCGAGTCCTCGCGCCAGATCCTGGATGATCCGCCAATCCTGCCTGGCCTCCCCCGGACATTCGACGGCTTTGTTGATCTTGATGACACGCCCCTCTGCGGTCGTGACGGTACCTTCGTCTTCCTCGTGCAGAGAGCCCGGCAGCACGAGGTCCGCATGTCGCGCCGTCTCGTTGAGGAAGAAGTCGATCGCGACGTAGAAGTCGAGGCGGCCGAGCATGGCGCGGACGAAGTCGCTGTCGGGAAGCGAGACGAGGGGATTGAAGCAGATGGAGAGCAGGCCCTTGATCTCGCCACGCTCGATCTTGCGGAAGATCTCGTAGGCGTCAACGCCAGGCTGGGGGAGCTCGTCGGGGGTGATGCCCCAAACACCAGCGAC
CP064972.1_gap6	101016	104007	2991	CAAGGCTCGCCGTCCGCTCCGATGAGGAGGCTGCTTCGGAGGGGCTGGTTGCGGGATTGCTCGTGACACTCTACAATTGTTGATATTGGCGCCGAGCTCGCTGGAGAGGGCGCCGCTGGACCGGGCGGCGAGGCGGACGAGCGCCCGCCACTCAACGAACGTTGACCAAGAGCGAGCCGGGAGTAGAATGCTGAGCGTAGTTCGATGCCGCGAGATCCTCGGCGCCGATTGCCGGCTGTCCGATGCCGAAGTCGAGAAGCTGCGCGACTTCGTCTACGGCTTCGCGGACCTCGCGCTGCGGGTCGCCAGGGAGAATCATGACGAAGGCCGGAGCTGGAACTCTCGTCGGCAGCGCTGGGAAGAGCGCCAAGCGGAGCGCCTCCCGGGCGGTCGTCTACTGCCGGGTGTCCAGCCACGAGCAGCTCAAGGGCCTGAGCCTGGAGACGCAGTCGAAAGCGTGCATCGACTACTGCCGTTCCCAGGGGATGGAGGTGGCGGAGGTCTTCGTGGAGCGGGCCGAGTCGGCGAGCACGACCGACCGGACGCAGCTCCAGCGGATGCTGACCTACTGCCGGACGCACCGGGGGCGGGTCCACTTCCTGGTGGTCTACATGCTGGACCGCTTCGCGCGGAACCAATACGACCATCACGCCTTGAAGGCCTATCTCCAGAAGCTCGGGATCACGCTGCGGGCGGTGGCGCAGCCGATCGACGACTCGGCGACCGGGAAGCTGATGGACGGCATCCTGGCGGCGTTCAACGAGTTCGACAACAACGTCCGCCGGGAGCGCTGCGTGGGTGGGATGCAGGCGGCGGCGAGCCGGGGGCGATGGGTCTTCCCGCCGCCGCTGGGCTACCGGGTGGCGCTCAAGGCTGACGGCTCGAAGACGATCGAGCCCGACCCGCAGGCGGCTCCTCTCGTCCGCCACGCCTTCGCGATGGCGGCCTCGGGCCTTCACAGCGTCGCCGAGATCCTGCGCGAGCTGCGTCGGCGCGGCCTCACCGGCCGGCGCGGCGCGGAGTTGTCGAGCGGGATGCTCCACAAGCTCCTGCGCAAGACCGTCTACCACGGTCGAGTGGTCGTCGAGGACTGGGGCATCGACGTCGCCGGCGACTTCGAGCCGCTCGTCGACGAGGAGACCTTCACCAAGGCCCAGGCCGCGATCACCTGGGCCAAGCCGCTCCTCGCCGGCTACCAGCGCAACCACCCGGACTTCCCGCTCCGGCGCTTCGTGCGTTGCGCGCACTGCTCGAAGCCGATCTCGGGAGCCTGGTCGAAGGGGAAGCGGGCGCGCTACGCCTACTACAACTGCCCCGGTTGCCGGCGGATCAACGTCCCGCAGCAGCAGTTCGAGGCGCGTTTCGTCGAGCTCCTGGACCGCCTCACGCCGCGGCCGGAGGTCCTGAAGCTCCTCTCCGCCGCGGTGCTCGAGCGCTGGAACGAGGAGCAGAAGGGCGTCGCCGAGAAGCGCCGGGCGATCGAGCAGCGGCTGGAGGTTCTCCAGCAGCGCAAAGAGCGCGTCGTGAGCGCCTACCTCTACGAGGGGACGATCGACAAGGAGACCTACCAGTCGCACCTGGCGCGCGTCGAGGAGGAGCTGACGCTCGCCAAGATCGACCGGCACGAGGCCGAGATCGACGAGTTCGACATCGAGGGCACCTTGGCGTTCGCCGAACACCTGGTGACCCACTCGAGTCGCTTGTGGCTAGAGGCCGCGCTCGATCAGCGGCAGCGCCTGCAGAAGCTGTTCTTCCCCGAAGGTCTCAGCTTCGACGGCGAAGAATTTCGAACACCCCTAACCTGTCCATTTTTCATGAACATCGAGGGGACTTCCCACCAGGTGAGTGAATTGGTGGAGCAGAAGGGATTCGAACCCTCGACCCCCACGTTGCGAACGTGGTGCTCTCCCAGCTGAGCTACTGCCCCACTCGGGGACGGCTACTCTACCTTCGAGGCCGCGGGCGGGGCAACCCCTGCGGTGCCCCCTGCGATGGCCCCCGTGGTGCTCGGCGGGGCGGCGGGGGCGGGGCGGCCGATCGCTTCGGCCAGGGTGCGATCGCCGGCGGCGTCGCAGAAGCCGCGCAGGAAGCGGGTGCGCATCGCCGTGATGCCGGCGAAGGGGCCGACCGCCGGCAGGTCGTCGGCGAGCTCGCGCTCGTAGAGGCGCAGCAGCTCGCCGACGCGTGAGGCGAGCGCCCCGCGCGAGGCGGCGAAGCGCGGCGAGTAGAGACGCGTACGCACGACGAGGCCGGCCGATTCGAGCGGCGCGAGGGCGCGCTGCAGCCGCGGCGGGGCGACCGCCAGCTCTTCGGCGAGGCTCGAGAGGCCGAGCGGCCGCTCGCCGCGCTCCCCGTGCTCGGCGAGCAGGGCGAGCGCGGCGAGCCCGAGCCACGGATCGCTCGCCAGGTGCTCGCGTTCGCCCTCGCGATCGCCGAGCATCGCCCGCCGGTGCTGGTGGCAATAGGCGACGAGGTTGCCGGCGAGCACGATCCACCAGCCGACCTGGAGCGAGACCATGAAGAAGAACGCCACGGCGAAGCCGCCGTAGACGATCTGGTTGGTGCGGCCGAAGAGATCGAGGTAACCGACGAAGCCGCGCCGCAGGAGCTCGAGCCCGGCCGAGGCGAGGACTCCGCCGAGCAGCGCGCTGCGCGCCCGCACGTGCGTGTTCGGCACCAGGGCGTAGAGCAGGGTCAACCCGAGGGCGGTGGCGAGCGTCGGCAGCACGGCGAGCGGCGAGGTGCCGGCGAGCAGCGGCTCGGTGCGCAACTGCTCGACCATGTTGTAGAGGCCGGAGAGAGCCGTGCCGATGAGCAGCGGCCCGGTGGCGAGGAGCAGCAGGTAGGAGACCAGCCGGACGCTCCAGGGCCGGCGCGCCGAGGCCTCCCAGGTGCGGTTGATCGTCTCCTCGACCGCGAAGAAGACGCCGAGCACGACGATCGCGAAGCCGATGAGGCCGGGCCCACGGATCGTCTCGGCCTGGGCAACGA
CP064972.1_gap7	116933	118137	1204	CTCGAAGAGCTCGCCCACGGTTCGCATCGTCTCCCCCTCCTCGGCGGTCGCTTGCAGCCCTGCGACGAGCCTCGACCGCTCTCCGGCGGTCTGCCGCTCGTACGTCGTCTCTACGTCGCCTGAAAGGCGCCCGGATCATAGCCACCCCGCGGCGGCTGCGCCTGCCGCGGCGCGGCCAAGTGGCGCCTGTGCTAGCTTGCCGCAGCCATGAAAGCCGACTGGTTCGAGTTCGTCAGCGACGCCGTGGGTGAGATCCTGCGTGACCCTCGCCCCGAGACGTTCTTTGCCTGGATGCGCGCCGAGGGCGCACCGCGCGCCGCCCTGGCGCTGGGGTTGGAAGTCGACGCGGCCGGGTTGCGGAGCTTCTCCACCGCGCTCGCCCTCGCCGTCTGGAACGCCGTGCCGCGCCCCGACCGGGGCTTCCGCCCCGAGCCGCTGGCGGCGCCCGAGCGCAACGGCCCCTGCCCTTGTGGCTCGGGCAGCAAGTACAAGAAGTGCTGCGGCGCCCAGCCGCCGGCGGTGGGCGGCCTCGCGCCGTTCGACGTCTGGCTGGCGCTCATCGACCGGTTGGGCGAGGAGGAGCTCGCCGCGCTCGCCCGGACGCGGGCCCTCTCTCCCGAGCTCCTCGGCGAGATCGCCTCCGCCTTCCTGCGGGCCGGAGGCACCGACGCCACCCTGGCGCTGCTCGAACCGTTCCTCGCCGAGACGGCACTGCTGCCCGAACGCTTCGAGGAGATCGCCGACCCGCTGGTCGACGCCGCCGGGTCGCTCGACGACGACGAGCGCGAGGCGCTCTTCGCCCGCCTGCGCCGGGATCTCACGGGCCCCGATCGCGCCGTCCTCGAACTGCGGCTCGCCTCGCAGGCGATCGACGACGGTGAGCTCGAGGCGGCCCGCCGTGCACTCGGACGCGCTGCCGCCGAAGTCCCGGACCATCCGGGGCTCGGCGGACTCGAAGTGCAGCTCCTGGTGGCCGAGGGCGAGCTCGACGAAGCGCGCGAGCGCGCCGCCGACTGGAGCGCCCGGCTGGCGCGCCGCGGCTACCGCGCCGGGGATGCCCCGCGGCCGTTCCTCGCCGCGGCGACGGCGGACGCCGAACGCGCCGTCGCCCTCTTCTCCGGGCGAGCCCACCCCGAGGATCTCGAGCGTCTGCAGATCTGGGCCGAGACCGCTAGCCACCGCCCCCTCCCGGCCGTCGAGCTTC
CP064972.1_gap8	183973	185585	1612	CTGCAGCATGTCTACTTCCGCCAGCTCTTCGAGAATTCGCCGGCAGCCGTGGCGATCGCCGACGCCGAGCAGCGCGTCGAGGACGTCAATCCGGCCTTCGAGCGGCTCTTCGGCTACGCGCGGTCGGAGTGCCTCGGACGGCCACTGAGCGAGCTCGTCGTGCCGCCGACCGGCGAGACCGAGGATCGCGAGCTGTCGCGTCGCGTCCTCGCCGGCGAAGCCGTGGCGGTGGAGACCACCCGCCGGCGCGCCGACGGCGCGCATCTGCTCGCGCTGCTGCGCAGCTTCCCGGTTCGCCTGGGCTCGCGTCAGGTCGGCATCTTCACCACCTTCGAGGACGTCACCGAGCGGCGGCGCGCCGAGGCGGCGCTGCGCAGCTCCGAGGAGCGCTACCGCAAGCTCTTCGAGGAGTCGCGCGACCCGATCTACATCAGCACCCCCGAAGGCCGGATGCTCGACATCAACCCGGCCGGCGTGCAGCTCTTCGGCTTCGCCGGGCGCGACGAGCTGCTCGCCAGCGACGTTCGCGATCTCTACTGGGACGCCGCGCAGCGCGACCGCTTCGTCGCCGATCTGCGCACCCACGGCTACGTCAACGATCTCGAGGTCGAGCTGCGGACGCGCGACGGCAGCAAGCGGCGTGTCCTCGAGACCGCCACGCCGGTGCGCGACACCGACGGCGAGGTCGTGGCGTTCCGCGGCACGCTGCACGACGTCACCGAGCGGCGCGAACTCGAAGAGCAGCTGCGACAGGCGCAGAAGATGGAGGCGGTGGGGCGGCTCGCCGGCGGCGTCGCCCACGACTTCAACAACCTGCTGACGGCGATCAACGGCTACAGCGAGCTGCTGCTGCGCCGCTTTCCTGCCGAAGACCCGGCGCGTCGCGAGGCCGAGGAGATCCATCGCTCCGGCCGCCGCGCCGCCGAGCTCACCCGTCAGCTCCTCGCGCTGTCGCGGCGCCAGGTTCTCTCGCCGCGCACCCTCGACCTCAACCGGGCGCTCGCCGACATGGAACGCCTGCTGCGGCGCGTGCTGGGCGAGGATCTCGACCTGGGAATCGCGCTGGGCGCCTCACCGGCCGCAGTGCGTTGCGACCCGGGCCAGCTCGAGCAGGTGGTGCTCAATCTCGCGGTCAACGCCCGGGACGCGATGCCGGACGGTGGACGACTGGAGATCGCCACCCGCAACCTGCTCGTCGACGACGCCGCCGCGCGGCGCCACCCGGGGATGCAGGCCGGCCACTATCTCGAGATGCGGGTGACCGACACCGGCGTCGGCATGCCGGCCGACGTCCTCGAGCACATCTTCGAACCGTTCTTCACCACGAAGGAGCGCGGCAAGGGGACCGGCCTCGGGCTGTCGACGGTCTACGGCATCGTCCGCCAGAGCGGCGGACAGGTCGAGGCGACGAGCCGCCCCGGCGAAGGATCGACCTTCCGCGTTCTCCTGCCGCTCGCCGACTCGCTTCCCGAGCCCGACGAGCGGCGCACCGTCGAGGCGCCGCCGCCACCGGGGCGCGAGACCGTGCTGCTCGTCGAGGACGAGCGCGCCGTGCGCCAGCTTCTCGCCTCGGCGTTGCGCGCCGCCGGCTACCGGGTGATCGAGGCGGCCG
CP064972.1_gap9	187068	190760	3692	TCCGGCACCCAGGCGGGGCGATCCGCGGCGTGCCTGCGCACCGGCCGATCCAGCCGATCGACGTCGAGAAGCTCGTCCGGTTGGTGGAAGACGGAGTTGCCGAATGAAGACGCAACCGATCGAGTATCCGTTCGAGATCGCGCCCTTGTCCCCCGAGGAAGGGGGCGGATTCGCGATCACCTTCCCGGACCTGCCAGGCTGCCGATCCGACAGTGAGACTCCCGAGGAGGCGCTGGAGAACGGGGGCGATGCACTGGCTTCCTGGCTCGCCGTCGCCGAAGAGCTCGGCGACCGAGCTCCCAAGCCGTTCGGCGCGGTCAGCGGTCGCTTCGTGCAGCGCGTGCCGCGCTCGCTTCATGCCCAACGGATCGCCCGCGCGCAGCAGGAGGGTGTCTCGCTCAACACGCTGATCGTCTCGCCCGTTTCCCAGGTCCTCGGCCAACGCCTCACGGCGTCTCCTGTCGCTCGGCCCGCGACGAGGACGCGTTCGGCCGGAATCGGTCCGCGGAAACCATCCAAACCGACCGCGCGTCGGGCCGGCTGAGTCGAACAGACAGGCAACGGCCCAGGCGATCCGCCGCAAGGGAAGACGGCCAAGCCGAAGGTCAGCGACGGCGGGGCGTCGACTCCGCGTCCCGGGGTTCCTGGACCTGCACGCGCGTCGCGTCGCCCGCGCTGACCAACACCTCCTGGCATGAGCTGGGTCCGTCTTCGCCGACCACGCAGACGGTGTAGCGGCCCGCTTCGAGGCTGCGAACGAGGAGTTCGCCTGCGCCCGTCGCGTCGAGGGTGTCTTCCACCACACCCTGCCCCTCGAGCCTCAGCAGGTTGACCTCGGCTCCAGGCACAGCAAGAACAAACTCCGGACAGGGAGGCATGAGCCCCCCACACGGTCGCGGGTCGAGGGCGACTCGAAGCGAGCCAGCGGCGCTCGAGAGATCGATCCGCTGCTCGCGACGGCCGGCTTCCGACACGTCGATCGATCGCAGCGCCAGCGGTCGGCCGGGCGCCGACACCACGAGCGCGATCCGGCGGGCGCCGACCACGCATTCGAATCGGCCCGTCGCATCGGTCGTGGCCTGGCAGAGGTCCGCCCCGGGGAGCCCGCCGGGACCGGGCGTTTCCCAGCGCACCACGACGGTCGCGCCGGGGACCGGGGCTCCGTCCTGGAAGACCTGACCGTGGAATTCGCCGCGCGGATCGAGGACCAGCTCGACATTCAGGATCTCGCGCTCCGGCTCGAGCGTCAGCTCGCGACGCCGGCTCGCCGAGCCGTCCCACGCCTCGGCGTACAGGGAGATGCGGCCGGGGCGCAATCCGAGAATCTCGAACGTTCCGTTTTGCCGCGTGCGAACCTGTTGCCGCCCACCTCTCTCGTCCACTCGATCGATCTGGACCATCGCGAATGTCGGCTGGCCGGAGCGATCGACCACGCGTCCGACGACCCGCGTGTCGGGAGCCCGCACAACGATCTCCTGCGGCTCGTGATCGCTCGAGGCCTCGACCTCCACCGGGTCGACGCTGAGGAAGGTCGGCTCGAGCCGCGGGACCGACTTGGCCGGCGGCCCCTCGGCTTCGTCCCGCGACGCCTCTTGCGGCCAGCGCACCGAGACGCTCCACCTGCCCGCGTGCGGGAGGAAGCCCGTGAATCCCTCGCGCTCCTTCGCGTCGAAGAGAACCTTCACCGCGCAGGCATCCGCCCGCGGCAGCGCGCGGGACGCATCTCCCGGACGACTGCCGAAGAGGACCTGAGCGGCGACCGGCCGCTCGCCGATCACCACGCGCCCGCGGATCGGCACGAGGCGAAGGGCGACCGTCACGAGCGTCTGCTCTCTCAGGTCAACCTCTCGCTGCCGCCACCAAGGGAAACCCTGTTTGTCGAAGATCCCCACCTCGTAGACCGCCGCCGGCTGCGGCGAGCTCTTCCAGTTGCCCGCGGCATCGGCCGTGGAGCGTTCGACCACAGCCATCCTCGTCACTCCAAGCTCCGTTCGCTCCTGGCTGAGCCACACTACCCACGGCTCGCCCGAGGGCGAGACCGGTGGATTCACCGACACCGCGAGGGCGACCTCGGGCAGCAACTCGATCGCTCCGAGATCGATCGTCTCGCCGTGCGTGAACGCGACGGGCAGCTCCCGCGACAATCCGGAGCCGGTTGCGAGGCGCACCATCGCGGGTCCGGCCGGCAGTGCACCGAGTCGGAAGGCGCCCGAGTCGAGATCCGCCGTGGACTCGGCGATCTCGACGCGTCGGTCGACCGGACGAGTGCCGCGATCCAGGATCGTCACCGCGACAGTCACGCCGACCTCCTGGCGCGCCATGCCGGTCACCGCTCCGCGAAGCTGCGCCGAACGAACCAGGCGTAGCGTCGGAACGACGAGCGGACGGGCCGCGGTGGCCTCCGCCGCGGGCACGAGGACGAGCGCCCCGCCCGGGAGCTCGATCGCCGCGTCTCGCCGGCCGACCGGCAACGGACACCGCAGACGCGCCTGCTCTTGTCGGCAGGCGAGGGCGAAGCGCAAGCGGCTCCCTTCATCCCCTGGCCGCACTTCGGAAGAGAAACGAATCCGGATCGGCGTCTCCGCGGCGGGCCGACTCGGCGGGTAGGGCCACGGCGCGTCGAGCGCGGCTAGCGCCTGCAGGCGACAGGACCCGCCGCCGGGGTTCTGGTCGAGGTCGAGGCCACACCAGAGCCCCTCCCCCTCGACACTCACCGCGACCGGTCGCGGGCCGTCCACCGGCACGCCGACTGACGTCGGCGCAGTCACCAGCGCCTCGCTCGCCACGACACCCCCGGCCTTCCACCAGGTCACCTTCACCGGCGTCGCCGGCGGCGCTGTCACGTCGATCGTTCCGGCTCGTGTCGCTGCCGCGCCAAGAGTGCAGAGCGCACCGATGAGAAGACGTGCGCTCCGACTTCTTCGATCCCCTGACCGCATCGCGCCTCCAAGGGGCTGAGCCCAGGTCGCCTTCGGATCCTCCCGGGCGGGTCCTCCATCGACCGCTGCACCACGCTATCGGAGCCCGACCGCGGAGGGTACCGGCTCTCCACTTCCTACGAACGGCACCGACCGAGCGTCCCGCTTGACCCGCGCGCGTCGCAGGCGAACAATCGCGGCACGAATGCGCCCGATCACCCTCTCTCCGTCCGGCTTCGTCGTCCGCGTCCAGGACTTGCCAGGACGAGGAACGCCGCTGCTCTTCGTCCACGGGCTCGGCTGTGCGTCGTCCTGCGACTATCCGCGCGTGGTGGGGAGCCCGGCGCTCGCCGGGCGGCGGGCGCTGCTCGTCGACCTTCTCGGCTCGGGGTTCAGCGACAAGCCGGAGTCCTTCGACTACAGCGTCGAGGCACACGCCGGCGTCGTCGCGGCGATCGTGCGGCAGCTCGATCTTCGCGCGCTCGACCTCTACGGCCACAGCATGGGCGGATCGATCGCCATCGTCGCCGCCGCGCAGTTGAACGACCGCGTGCGCTCGCTGATCCTCTCCGAGCCGAACCTCGACGCCGGTGGCGGAACGTTCAGCCGCGCCATCGCGGCGCAGAGCGAGGAGGACTACGGTCGCTCCGGTCACACCGAAACGGTGCGAAGCGCCGCGGCGGCCGGCAACCTCGTCTGGAGCGGCTCGCTCGCCGTGACCTTGCCGCTCGCGGCCCATCGCGGCGCCGTCTCGCTCGTTCGCGGCGGCGCGCC
CP064972.1_gap10	197576	200513	2937	GCGATCAGCTTCGGCAACGTCAACGACCAGGCGTCCGAGGTCGCACGTCACAAGGCCGACCCGCGCAACTACGGCATCCTGACCGAGCTCGGGACCCGGCCACGTACCACCTACCTCGCCCGCGTCCGCAACCCCAACCCCGAGCTGGAGAGCGCCTGACATGAGCGTCGAGTCCACGCGACCGCCCCTCGCGGCGCCCGCCCAGTCGCCGATCATCGCCCCGGGGCACAGCGCCGGGAGCGTCACCGAGCGGATCAGCGGCATCGTCTTCGGCCGGATGCCGATCTGGTTCTGGGCCGCCTTCGGGGTGGCCCTCGTCGGCGTGCTCACCCTGTTCGGGGCGCTGACCAAGCTGGTCTTCACCGGCATCGGCATCTGGGGCAACACGCAGCCGATCGGCTGGGGCTTCGACATCATCAACTTCGTCTGGTGGATCGGCATCGGTCACGCCGGCACGCTGATCTCGGCGATCCTGCTGCTGCTGCGGCAGAGCTGGCGCACCTCGATCAACCGTTTCGCCGAGGCGATGACGCTCTTCGCGGTGGCCTGCGCGGCGATGTACCCGCTCTTCCACACCGGACGGCCGTGGCTCGCGGTCTACTGGCTGTTCCCGTACCCCAACACCATGAACGTCTGGCCGAACTTCCGCAGCCCGCTGATCTGGGACGTCTTCGCGGTCTCGACCTACGCCACGGTGTCGCTGCTCTTCTGGTTCGTCGGCCTCATCCCCGACCTGGCGACCCTGCGCGACCGCGCCACCCACGGCGTGCAGCGCTTCGTCTACGGCGTACTGTCGATGGGATGGCGCGGCTCGGCCGCCCACTGGCACAACTACGAGTCGGCCTACCTGCTGCTCGCCGGCCTCTCGACGCCGCTGGTGCTCTCGGTGCACACCATCGTCAGCTTCGACTTCGCCGTCGGCCAGCTGCCGGGCTGGCACGCGACGATCTTCCCTCCCTACTTCGTCGCCGGTGCGGTCTTCGCCGGCTTCGCGATGGTGCTGACGCTGTCGATTCCGCTGCGCCGCCTCTTCCACCTCGAGGACTTCATCACCCTGCGCCACCTGCAGAACATGGGCAAGGTGATGCTGTTGACCGGCCTGGTGGTCTTCTACGGCTACATGGTCGAGATCTTCACCGCCTGGTACAGCGGCAATCTCTACGAGGCGTTCATGGTGAAGAACCGGATCACCGGCCCGTACGGCTGGATCTGGTTCATGCTGATCCTCTGCAACGGCCTGATCCCCCAGCTCCTCTGGTCGCGGCGCTTCCGCACCTCCGAGCTCTGGCTGTGGCTCATCGCCATGGTGGTCAACGTCGGCATGTGGCTCGAGCGCTTCGTCATCATCGTCACCAGCCTGCACCGCGACTTCCTGCCGGCCTCGTGGGGCTTCTACTCGCCGACCCGCTGGGACTGGGCGACGTTCGTCGGCACGATCGGGCTCTTCCTCGCCCTGATCTTCCTGTTCATCCGCTTCCTGCCGATGATCTCGATCTTCGAGATGCGGACGCTGGTGCCCGAGGCCAAGGTCAAGGAGGCCCAGAAATGAGCGCTCACGCCGAGCCGCAAACCGACGGGCTGCACGGACTCCTCGCCGAGTTCGACTCGCCGCAGCGGCTGATCGACGCGGCCCACCGTGTCCACTCCGCCGGCTTCGTGAAGATCGACGCCTACACGCCGTTTCCCATCGAGGAGCTGTCGGAGGCGCTCGGCCACCACCACTCGAAAGTCCCGCTGCTGGTGCTCGGCGGCGGCCTCGTCGGGATGTTCGGGGGCATCGGCTTGCAGTTCTGGGTGTCCACCACCGCCTACCCGCTGAACATCGGCGGCAAGCCGTACTGGAGCTGGCCGGCGTTCATTCCGGTGACCTTCGAGACCACGGTGCTCTGCGCCGCGTTCGCCGCGGTGTTCGGCATGATGGCGCTCAACCGCCTGCCGCAACCGCATCATCCGGTCTTCAACGCGCCGCGCTTCGCGCTCGCCTCGCGCGACCGCTACTTCCTCTGCATCGAGGCCGAGGACCCGCTGTTCGACCGCGCCCGGACCCGGGAGCTGTTGCTCTCGCTCGCGGCCACGGAGGTGACGGAAGTTGCGCAGTAATCCAAGCCTGCCGCGAAGCCTGCGAGGCCCGAGGGCCGTCCGCTCCCTTGCCTGCGCCCTGCTCGCCGGGGCGGCGCTCGCCGGCGCGGGCTGCCGCCAGGACATGCACGACCAGCCGCGCCTCAAGCCGTTGCGCGAGAGCAGCTTCTTCGCCGACGGCTCGGGCGCCCGCCCGCTGCCGGCCCACGTCGTCTCGCGCGGCAACCTGCGCGCCGACGTCGTCTTCTACACCGGCAAGTGGCCCGACGGGCAGTTCGCCACCGCGCTGCCGCGCGAGACGCCGCTCTCGCGCGAGCTGCTGCTGCGCGGGCGCGAGCGCTACGACATCTTCTGCTCGCCGTGCCACGACGCCAGCGGCTCGGGGCGCGGCATGGTGGTGCGGCGCGGCTTCAAGCAGCCGCCCTCGTATCACATCGACCGCCTGCGCCAGCTGCCGGTGGGCTACTTCGTCGACGTGATGACCAACGGCTTCGGCGCGATGTCGAGCTACGCCAGCCAGATCCCGCCGGCCGACCGCTGGGCGATCGCCGCCTACGTGCGAGCGCTCCAGGCTTCCCAGTACAGCCCCGTCGCCGAGCTGCCGGCCGAGGACCGCGCCGCGCTCTCCGCCCTGCCGGCGCAACCCTGAGGCCCGACGAGACGCCATGGAACGATCCGCCCCTCTCTCTCTCGACCCGGCCGCCTGGGCGCCACCGGCCGACGTGCGCCGCTGGCAGACTCGCAGCCTCGCCGTCGGCGTCGTCGGTAGCGCCGCCTGCCTGGCCGGAGCCTTCCTGCAGCGGGAGCAGTTCTTCCGCTCCTATCTGGTGGGCTGGCTGCTCTGGCTGGGCGTCGCCG
CP064972.1_gap11	374899	375433	534	CGACGGCCTCCCCCGAGGGGGCCCGCGCGGTCGCCGCGGCGCTTGCGCCGTTCGGCTTCGTCGGGCCCGGATTCGCCTGTCCGACGGCGATCGGCCAGCCGCACCGAGCCGAGCACGGAGAGCCCCTCGCCGCGGGGAGCCCGGTCCTCCTCGTCGCCGGCATCGCCCGTCCGGAGCGGTTCCTCGCCGCGGCGACCGCCAGCGGCATGCGCGTCGCCGGAACGCAGCTCTTCGCCGACCACCATGCCTACCCCGAGCCGAGCCTCCGCGCCATCCGGCTCGCTTTCGGTCGCTCCGGCGCGACGATGGTGCTCACCACCGCCAAGGACCAGGTCAAGCTCGGCGATCGCCTCGGCTTGCCGATCGCCGTTCTACCGGTCTCGGCCGCCCCCGAGGCGGCCTTCTGGGCCTGGCTCGACGGTGCGTTGCGACGGATCGCCGGATGAAGAACGCGCCGGTTCGCCATCGCCTCGAGCTCGGCGGCTATCTCGCCGTCAAGGCGCTGCTGCGCGGGCTGCCGCACGCCGGCAGCCG
CP064972.1_gap12	378671	382346	3675	TCGGCGGCGAACTGCATGTAGGCCGGCGTGGAGAAGGCGTAGCGGTTGTTCTCGACCACCAGGACGAGCGGCAGCTTCCAGACCGCCGCCATGTTGAGACCTTCGTGGAAGTCGCCGGTGGAGGTGCCGCCCTCGCCGATGAAGGTGATCGCCACGCGGTCGCTGCCGGCGAGCCGGCGGGCCAGGGCGCACCCGGCGGCCACCGGGATCATCGCCCCGAGGTGGCTGATCATCCCGACGTGGTAGATGCCGTGCTCGGGGGCGAGCCAGCCGTAGTGGAACGAACGCTCGACGCCCTGCGAGAAGCCGTCCGCCTTGCCGAGCAGCTGACAGGCGAGGCGGTAGAGCACGCGGTCGGGATCGGGCCGCCGGCTGTCCGGCTCGCCGAAGCCCAGCTCGGGGAAGGCCCGCGGCGGATCGAGGTAGCAGGCGAGGATCGCCCCGAGATCGCGGTGCAGCGAACAGAGCACGTCGCCCGACTCGAGCGAGAGACCCGCCGGCACGGTGACCCCTTCGTTGCCGATCTCCGAATACCACTTCGAGATCCGCCCGGTGAGCAGGAGCGATTCGAAGCGCGCGTCGAGGTCGCGCGCCAGCTTCATGAAGGCGTAACGGAGGACGCGGTCGCGCGGGACGAGGTTCACGGGGGCGGGAGTCTAGCAGCGGGCGGGGGAACGATCATCCGCCGCCCGACTGCCCGGCGGGGTCCGGCCGGCGCCCTCAGCCGCCGCGGCGCAACTGCGCGATGCGCGCTTCGAACTCGGCGCGGCGCGGCAGGTGAGGGTCGAGGCCGAGGAGCACCTTGAGGGTCAGCTCGGCTTCGCCGAGGCGGCGCGAGTCGAGGAGGTTGTCGAGCTGTCGGGCTCCCTGCTCGACCCCTTGCCGGCGGCGTTGCAGGTCCTCGAGACGGCCGATCTCGGAGAGCATCGCCCCGGGACGCTGCGAGACCGGCACCGTGCGGGCGTACTCCTCGACGATCTCGCGGGCGGCAAACCAGTCCTGGCGGCCGAGCGCCTCGCGGAAACGCTCTTCGAGCGCAGTCGCCTGCTGCTCGCCGGCCTGCTGCAGGCGGATCTCGTCGAGCCGCGCGCGATAGGTCGCGGCGGCGACTCGCGGGAGCCCGAGCCCGGCGAGCTCGCCGAGCTCCTGTTCGGCGGCCTCGAGCTGGCGCGCGGCGAGCAGGCTCTCCATCCGCTCGCGGCGCCGCGCGAGGTCGGACTCCTGGCGGACGCGAGCCTCCGCCTCCTCGATCTCCCGCGCCAGCAACCCGGCGAGCTCGCCGCTCGGGTCGCTCTTCTCAATCGCCTCGAGCTGGCGGCGCGCCGCCCGGAAGTCGCCGGCGCCGATCTGCTCGCGCCCGGTGGCAAGGATCCGCTCGGCCTGCTTGAGCTTCTCGACCTCACCGCCGATCATCCGCACCCAGGTCTGGTAGTCCTGGCGCTTCGGGTGATCCGGGGCGATCTCGAGCAGCGTGTCCAGCGCCAACTCCGCGAGCGCCTGCTTGCGGTCCTTGATGTACTTCTCGACCAGGGCTTCGGCTTCGCGCAGGCGCTCCTGCCGTTCGCTCGCCTCGCGTGCGACCGTCAGTCGCTCCCGCGCCGCCACCAGCCCCGGCAACTCGCCGAACGCGCCGACCGCCGCGCCGAGCAGGTCATCGGCCTCGTCGACCCGCCCGTCGGCGAGCGCCGCGTCGATCGCCGCGAGCCGCTCGGCCATCTCGCGTTCGCGTGCACCGCGCTGCGCGCCCTGGTCGATCTCGGCGATGCGCCGCCGCAGGTCGGCGAGCCCCTGGTTCTTCGCGTTGACCGCCTCGAGCCGCTTGGCGAGCGCCTTCGCCTCGTCGAGCTTGCCGGCGGCGAGCGCGTGCTCGGCGCGCTCGAGCAGGCGGGCCGAGTTGGCGGCGCGGTCGATCTGCGCCAGAAGCTCGAGCCGCTCCTCCCGCGTCAGGTCGGTGGTCGACTGCCGCCGGACGGGGGCCGTCACCACCGGTCCGGCCGCGGCGGCGAGCGGCACCGGCGCCGACGACGCCCGGGAGGTCGCGCCGCGCTGGCCGCCGCCGGCCTCGGCGGGGACCGGCAACTCCTGCGTCGCCACCTGGCGAAGCTGGTCGGCGACCCGCACCAGAGCCTGCAGGAAGGCGACGGCATCCGGGTAGCGGCTGTCGCGATCGCGCTCGAGCGCCTTGCGCACCGCCCGGTCGAGCTCTTCCGGCACGCGCACCCGCGGATTGCGGGTGGTCAGCGGCAGCGCCTCCTCGGTGAGGCGCTTGAAGACGAAGCCATGCTGATTCTCCGAATCGAACGGCGGCAGGCCGGCGATCATCTCGTAGAGCACGGCTCCGAAGGAGTAGAGATCGCTCCGGTGGTCGATCGCCGTCCCTTCCTTGAGGCCGCCGGCCTGCTCGGGCGAGCAGTACATCAGTTTGCCCATGAACATGCCGGCCTGGGTGATCTCGAGGTTGGAAGCCGGCGTCGCCAGGTTCTTCGCCAGACCGAGGTCGATGATCTTCACCTGATGGCGACCCTTGAGGTCGCGCGTGATCATCAGGTTGTCGGGAGAAAGGTCGCGGTGGATCACCCCGGCGCTGTGGATCGCCTCGAGACCGCGGAGTCCCTGGATGCCGAGCTCGACGGCGAGCTGCAGGGGAAACGGTCCCTTCTCGCGCAGCCACGAGCTGACGTCCTCGCCCTGGATGTGCTCCCACACCATGTAGAAGCTGCCGTCGGGCAGGCGCGAGAAGTCGTAGAGGATCGCCACGTTGGCGTGCTTGATCTGGGTGGCGATCCGCGCCTCCTGGGAGAACCGCTGGATCGCCGACGGGTCGGCCGCACGGTCTTGCCGCAGGATCTTGATGACCCGCATCTCGTGCAGGTGGACGTGGCGGACGCGAAAGACCTCGCCCATGCCGCCAGCAGCGAGACGTTCGACGATCTCGTACTTGCCGTCCAGGACCGAACCGATCTCGCGCGCGCTCAAACCGCTCCTCTCTTACCGGGTGAAGCCACGAAGCCTGCATTCTAGCCCGAGCCGGGGGCGGACGTTCGCCGCCCCGGCAGGGCGCGGCAGCGGGGCGAGGATCGAGCCCCGCCCCGGCCGAAGGAGGTCCGGTCACTCCGACTGGTGACCGACCGGAGGCTGCCCGTTCCGTGTCAGGGCTTGCCGAGAATGAGCCGCGAGCCGCGCTGTCGGGTGAAGTACTGCCAGGCCCAACGGGTGAAAACCGCGAGCCGGTTGGAGAAGAGCGCCAGCGATTCGAGGTGGACGAGCGCCCAGGCGAGCCAGGCGAGGTAGCCCCCGAGCCGCAGGCTGCGGCGCTCGAGCAGGGCGAAGTTGCGCCCGACCACCGCCATGTTGCCGAGATCGCGATAGCGGAACGGCGGCGGCACGGGCCCGCCGGCGAGCCGCGCCGCGATCAACCGCGCGACGTAGCGACCCTGCTGCAGGGCAACCTGCGCCACCCCGGGCAAGGCGCGGCCGTCCTGCTCGACGAAGGCGACATCGCCGATGGCGAAGAGCTCGCCGCGACCCGGCACGGAGAGATCGGACGCGACCCGCACCCTCCCGGAACGGTCGACCGACGCACCCAACCAGGCCGCCGCCGGCGTCGGCGCGACGCCCGCCGTCCAGGCGACGGTCGCCGCCGCGAGCCGCGTGCCACCGACGACGACCCCGTCC
CP064972.1_gap13	490940	492690	1750	CGTAGAAGCGCAGCGACATCGCCTGATAGAGGTCGAAGGTCCGCTCGCGTGAGACCAGGATCCCCGAGAGTGTGAGCGTGTGCAGGCGGTGACTCGCCAGGCGCGCGAAGTCGAGGGCGACGAAACCGCCGTAGGAGACGCCCATGACGTGGACCCGCTCGAGCCCGAGCCCGTCGAGGATCTCGATCAGGTACCCGGCGAGCTGCGGAATGGTGAGCGGCTCGTCGGGCGCCGACGAGGCGCCCTGGCCGAGATAGTCGTAGAGCAGGACGTCGTACCCGGCGAGATCGTCGAGGAACGGAAACCAGGCCTTGGTGTGCATCGCCAGGCCGTTGAGCAGGCAGACGACGTCGCGTCCGCCTTCGCCGTGCAGCTCCCACCAGATCTGGTGCTCGCCGGCGGCCAGGAACCCGCTCTTCAACGGAATGCGCTCGGCCATGGCTCTCTCCTCACTCCCGCGTCAGCACCGTCGCGACCGTGGCGCAGATCGGCCCGCCGATGTTGAAGGTGGCGGCGACCTTCGCATCGCGACGCTGCAGCCCGGCCGGAGCCTGGCCGAGCAACTGGCGGAACCCCCAGCCGAGCATCGCCACCCCGGTCGCACCGATCGGATGCCCCTTGGCGATCAACCCGCCGGAGAGGTTGACGCCGCAGTCGCCGTCGAGCGCGGCGCGCCCGTCGGTCCAGAAGCGGGCCCCCTCGCCCGGCGCGGCGAGCCCGAGCACCTCGACGCCGATCGCCCCCATCACCGAGAAGCAGTCATGCACTTCGGCGACGTCGACGTCCCGCGGCGCCACGCCGGCCATCGCGTAGGCGCGGCGCATCGCGGCATAAGCCGCCGCGGGGCGCAGCACATCGCGCCCGTGGCGCGCCAGCGGGTCGGTCGCCTGGGCGAACCCGGCGAGACGGACCGCGCTCTCCGGCTTGACGCCGAGCCGGTCGAGCCCGTCGCGCGTGGCGACGAGCAGCGCCGCGTAGCCGTCGGTGATCTGCGAGCAGTCGTAGGTCTTGAGCGGCAGCCCGTCGACGAGATAGCGATTCGCCCCCTCGATCTTGAGCGCCTTCTCGAGCGTCACCTCGACGTTGCGCATCTGCGCGTCCGGGTTGAGGCGCGCGTTGGCGTACTCCGCCACCGCGATCCGGGCGAGGTCCTCTTCGGTGGCGCCCCAGGTCGCCAGGTACTCGGCCATCACCTCGGCGAAGAGGTGCGGGAAGACGTAGACCTTGCCGGGCCGGTCCTCGGGGTGCGAGAAGTAGCCGAGCACCTCCCCCACCTTCACGCCGTCGACCTTGCCGTCGTCGCTCCTCATCTTCTCGTAGCCCACCGCGAGGCCCACGTCGCCGAGGCCGGCGAGGAGCTTGTGCGCCACCGCGAGCACCGCCTGGCCGCCCGAGGCGCAGGCGTTCTCCACCGATTCGATCGGCTTGCCGGCGAGCCCCGGGACCGCGGCGAGGAGGCCGGAGAGCAGCCCCTGCTGGTTGAGCGTCAGATTGCAAGCGGCGCCGACCGAGGCGACGTCGATCGCCGCGGCGTCGGCGCCGACTTCAGCGCAGACACCGGCGACCGCGCGCGAGAGGATCTCCGGGACGCCGAGCGTCCCGAGCTTGCCGAACGGGGACTGGTGGAAGGCGGCGAGATAGAGCGGCTGGGTCGAGCTCATCGGGAGTGCTCCTCGGCTCGCGTCAGGAAATCCCGGCAGACCTCGGCGAGCCACGCGGGGTCCTCGGCCACCAGGGCGTGACCGGCGGT
CP064972.1_gap14	643150	644311	1161	GGTGTCCGGCTTCCTCCTCGCCCGCCTGCGTCGCTCGCACGAGGCGCGCAACGCCTCCGAGCAGCGCTACCGCTCGCTGGTCGGACAGGCGCTCGAGGGGATCGCCCTGGTCGACGCGCAGCGTGGCCGCATGGTCATGGTGAACCCGGCGTTGCGGTCGCTACTCGATCTCGACACCGCTCGCACCGGGGACCTTTCGCTCGGCTCGATCGCCCCGCAGCTCGCCCGCCGCGAAGCGGTCGAGCAGCTCCTCGCCGACTCCGGCGACACGGCCTTCGAGATGCCGCTCCGGCGACGCGACGGGAGGCTCGTCGAGGTCGAAGCGAGCCTGCGGCGCGTGCACAGCGACACCTCGGAGTACGTCCTGCTGCTGGTGCGCGATCTCTCGGCACGGCGCGAGGCCGAGCGGGCGTTGCGCGAGAGCGAGCTGCGCCTGCGGCAGGTCTCCGAGACGATCCAGGACGTCGTCCTGACCGTCGACGAAACTGGGGCGATCCGCTTCGCGACCCCCTCTTCGTCGGCGGTGCTCGGCAAGTCGCCGGGCGAGCTCCACGGCAAGCCGCTGCTCGATCTGGTCACCCCGGCCGATCGCGGCCCGGTACGCAGCGCCCTCGACAACCTGCTGCGCGAGGGCTCGTCGGCCCGTTTCGAGGCACGCTTCCTCGGCGAGCACGACGTCCCGGTCTGGCTCGAGACGCTCGCTACGGCGATTCGCGGCGAGGGCAACCGGATCGAGGGGGCGGTCCTCGGGGCACGCGAGGTCGGGATGCGGCGCGAATACGAGACGCAGATCCGCTTCGCCGCGATGCACGACGCGCTCACCGCGCTGCCCAACCGCCGCTCCCTGCACGGCCGGCTCGAGGAGGCCCTGCAGCAGGCGGCGCAGCGCAACCTGCCGCTCGCCGTGCTTTATCTCGACCTCGACCGCTTCAAGAGCGTCAACGACAGCCTCGGGCACGACGCCGGCGACGAGCTGCTCGTCGAGGTGGCACTGCGCCTTCGTCACTGCGTGCGCGACGAGGATCTGCTGGCACGGATGGGCGGCGACGAGTTCGCCTGCATCCTGCTCGGGGGCGATCAGGAAGCGGCCTGCACCGTGGCGCGCCGCATGGTCGAGGCGATCCGCCTGCCGGCCCGCCTGCGCGGCCAGGCGGTGGAGCT
CP064972.1_gap15	679910	681269	1359	ACCCTCTCCCGGCTTCTCCCCACCGTCGTCTCCGAGAAGCAGTGGCAGGAGTACGTCGAGCACGGCGACCTCGACCTGGCGCTCGGCCTGCCCGGAGTCGCACGCTTCCGCGTCAACTTCCTGCGCCAGGAGCGCGGCGCTGCCGCGGTCTTCCGCGTCATCCCCGAGCGCATCATGTCGCTCGAGGAGCTCGGCTTCCCGCCGGCGATCTCCAATCTCGCCGACCTGCGCGCCGGCCTGGTGCTGGTGACCGGTCCGACCGGCTCGGGGAAATCGACGACGCTCGCGGCGGTCATCCACCGCATCAACATCATGTCGTCGCGGCATATCGTGACGATCGAAGACCCCGTCGAGTTCGTCCACCAGAACCGGCGCTCGGTCTTCTCGCAGCGCGAGCTCGGGACCAACACGGAGAGCTTCGCCTCCGCGCTGCGCAGCGCCATCCGTCAGGATGCCGACGTCATCCTGGTCGGTGAGATGCGCGACCTCGAGACCGTCTCGCTGGCGCTCAAGGCGGCCGAGATGGGCGCTCTCGTCTTCGGCACCCTGCACACCAGCAGCGCCGCGAAGACGATCGACCGGCTGATCGACGTCTTCCCCTCCGACGAGCAGGAGCAGGCGCGACTTTCGCTCTCCGAGTCGCTCGTCGCGATCATCGCCCAGCACCTGCTGCCGCGCCTTGACGGCTCGGGGCGCATCGCCGCGCTCGAGATCCTGCTCAAGACCTCGGCGCTGCCGAGCATCGTGCGCGAGGGCAACCTGCCGATGATCCAGAACCTGATCCAGGGCGGGCGCAACCTCGGCATGATCGCCATGGACGACAGTCTCTTCGACCTCGTCGATCGCAAGCTCGTCTCACCGCACGACGCCTACCTGAAGGCCCAGGACAAGTCGCGCTTCGAGCCGCTCCTCGGCGAAAGCTGAGCGGAGCGCGCTTCGTCGCGCCCCCGCCACGGCTTCGCGCACCGCCCGTCACGCCCTCGTCTTCCTGACGCCACGCCGCGACGGCAGCATCGGCATCGGAGGTTCCGATGCCCGAAACTCGTTCCGCCGCCGTTCTCCCCCGCCTGCGCGCGCTGGAGCTCGCCGTCTGCCTCGCCTGCGCGCGCGTGCAACGGCGTCAGGCGCTCGCCGCACTGCTGCGCATGGCGAGCCGGCTCGGCGACGGGCCCGCGTGGCTCGCGCTCGCCCCGCTCCTGCCGCTGCTCTTCGGGGCCGCGGCGCTCGACGCCGTCGCGCGGCTCGCTCTGGCCGGCGTCGCCTGTGCCGTCACCTCCAAGGCGCTCAAGCACGCGATCGACCGCCCGCGGCCCTACCTCACCCACCACGGCATCGAGCTCGGCGTCGCACCGCTCGACC
CP064972.1_gap16	691126	691854	728	CTGGAAGGCGAGGGCTCGGGCATCGAACGCCGCCGGGGTGCGTGCCGAGGCCTCGACCAGCGACAGCGCACTGAGGAGCGAGAGCTTGTTGATCACCAGCGTGGAGGTCTGGACGACATTGAAGACGGTCGCGAGCAGCGCGAGGGGATGGCTGACCGGCCGAAGAAGCAGGTAGAAGAAGACGATCAAGGGCACATCGAGCACGTGCATCAGCAGGTCCCCGGCGATGCCGAGGCGCCAGAGCAGCTCCGAGCCGAGCAGCTTGTCCGCCGTCGCGACAGGATTGCCGGCGACGACGAGCGCGCCGCGGACGAAGAGCTCGCCGAAGAGACCGAGGCCGATGATCGCGAGGTACATCGCGCCGGCGATTCGGGCCGAAATGAGGGTGGGGGGTGTCGACGCCGCCATGGGAGCGTATACGCGGCGACGAGCGTTCGAGTTCAGCGTCCCTCGCAGGAAGTCGCCGACAAGGGGCTCGACCTCACCCGCCGCGCGTGCGCCGACGCGCCCGCGCGAGTGCAGCCGGGCTCAGAGGGCCAGTCGGCCGCGGAAGCCGCGAGCGGCGTAGTACGACTCGGCGCCGTTGTGATAGACGAACACCCGGCCGAAGCGGCGATCGCCGAAGAGCGCGCCGCCGAGGACTCGAACCTCCTCGGGTGTCTTCACCCAGCTCGACGTCTTCGCGTCCAGAGCCCCGAACGTCTGAAGGAAGCGGTACTGCTCCTCGG
CP064972.1_gap17	769441	772453	3012	CGGACGTCGGGCTTGCCCATGCGCCCGCCGATCGCCCGCAGGATGGCGCGCGCCAGCAACGGAATGTCCTCCTGCCGCTCGCGCAGCGGTGGGATGCGCAGCGTCAGCGTGCTGACGCGGTAGAAGAGATCGTCGCGGAAGCGCTTGGCGCGGACCTGTTCTTCGAGGTCGATGTTCGTGCTGGCGATCAGCCGGATGTCGACCTGGCGGTCGACGATCGCACCGAGACGGCGAAAGCTCTTCTCCTCGAGCGCTTTCAGGAGCTTGGGCTGGATCGCCATGTCCATGTCGCCGATCTCGTCGAGGAAGACGATGCCGCGATGGCCGACTTCGAGCAGCCCGGGCTTGGCCGCCACCGCCCCGGTGAAGGCTCCGCGCTCGTAGCCGAAGAGCTCCGATTCGAGCAGCTCGCGCGTCAGCCCGGCGCAGTTGACGTTGACGAACGGTTCGTCGGCGCGGGGACCGTGGCCGTGGATCCAGCGCGCCAGCACGCCCTTGCCCGACCCGGTCTCGCCGAGCACCAGGACCGGGCTGTCCCACTCGAGCATCCGCCGCGCCTGCTCCTCGAGATGTCGGATCGCCGCGCTCGTCCCGAGGAAGGGCTCCGGGCTGCGCGGCTCTTCGCGCGCGGCGAGGGCCTGCCGGCGTCGGAGCTGACGCTGCTCGACCAGCCGGCGGACCAGGACGAGGAGGGTCTTGGCGTCGACCGGCTTGGTGAGGAACTGCTCGGCCCCCTCCTTGATCGCTCGCACCGCGAGATCGATCGAGCCGTGGGCAGTGAGGATGATGACCGGCGTCTCCTCGCTCTGCCGCTTGAGCTCGGGGAGCAGGTCGAGGGAGGTTCCGTCGGGGAGACTGTAGTCGGCCACCACGACCTCGTGCAGCGTCTCGCGAAAGGCCGCGCGTGCCTCTCGACAGCTCGCGGCCTCGTCCACTTCGAGACCGCTCGCACGCATGAAGGCCGAGAGTCCGTGGCGCACCGCCGGGTCGTCCTCGATGAGCAGGATCCTCGCGCTAGGCAACCTCGCCTCCCTTCGCCGGGGGCTGGCGCCCGGGCCGCGGCAGGCGGACGGTGAGCCGCGCCCCGCCGCCCGGACGGTTGGCGGCCGTGACGCTCCCGCCGTGCTCCTCGACCACGCGCCGGACGATCGACAGGCCCAGGCCCGTACCGCCGGGCCGTCGGGTGAAGAACGGCTCGAAGGCCCGGCCGAGCGCCTCGGCGTCGAACCCCGACCCGTCGTCTTCGACGGCGAGCACAGACCATGCTCGCGCCGCTCCCGACTCGGTCTGGCAGGTCACGCGGACGACACTGCCGGCCGGTGCGTGCTGGAGCGCGTTCTCGAGCAGGTTGCGGAAGACCTGGTGGATGCGGAGGCGGTGCAGCGGCAGGACCAGCCCTTCGTCTTCGAAGTCGAGGCGGACCGTGCAACGACGCTCCGCGGCGAGGACCGCGCAGGAGCGGGCGGCCTCGTCGACCAGTGCCCGCACGTGGACCGGTTCGGCGCGCCAGGAGCGCGGCTCGCCGTAGTCGCGCAGATCGTTCATCAGGTTGAGGATCCGCTGGCAGCTCTCGCGCAGGGCGGCGACGAACGGCCGGGTGCGCGGATCTTCCCCGAAGGTCGCCTCGAGCGCGTCGAGGTTGACCCCGATACCGAAGGCCGGATTGCGCATCTCGTGCACCACGCCGCCGACCAGGGCACGGAGCGACTCTTCGGCACGACGCCGCTCGGTGATGTCGGTGCAGAGGCCGGCGATCCGCGCCGGGCGACCGTCGTCGGCCCAACGGACGACTTTCCCCGCGTCGAACAGCCAGAGCCAGTCTCCCGTGCCGGTGCGAACCCGATACTCCGCCTGCAGGCGCGGCCGGTGGCCGTCGAGATGCAGGCGGATCGCCTGCTCGACGCCGGCCCGATCGTCGGGGTGAATGCGCTCGAGCCCCGCTTCGAGGGTCTCGGCAACCGCCCCGGGCTCGAGCGCGAGCATCTCGAACCAGCGCGGGCTGCGATAGACCACGCCGCGGAGCAGATCCCAGTCCCAGAGCCCCTGTTGCGTCCCCTCGAGCGCGTGCGCCAGCCTCTCCTCGCTTTCGCGCAGGGCTGCCTGCGCCTCGACGAGCGCGGTGATGTCGCGCGAGATGCCAGCGACGCGGTGGATGCGCCCCCACTTGTTGCGCACCGGGGTGAGGATGGTCTGGAAGCTCCGCCGCCGGCCGCCGACAGACTGCTCCTCCTCGAAACGCAGCGGGCAGCCCTCGACGAGCACCCGGCGCAGGTGCGACGTCATCCGCTCGGCGCCCTCGGGGGGCAGGCAGGCTTCGGGCGCGCGACCGACGAAATCGGGGTCGAGAAAGTCGCCCGCCGCCTGCAGCGGCGGGTTGACGGTCTCGAAGCTCAGCGCACCGTCCTCCGCCACGCCGACGACGTAGATCCAGTCGTAGAGGTTGGGAAAGAGCCCCTCGTAGGCGGGCACGGCGCGCTCCCGCGTCATGCGTGCTCCGCCGTCGCCGCCGAGCTCCAGCCTCGCCCGGGCGCGAACGAGGGCTTCGGGAAGATCGGCGGGCCCGGCGATCACCTCGTGAACTCCGGAAGCCAAGAGCCGTGCCGCCGGCTCCCGTGCGCCACGCGCCAGGCGCGCGAGCAGTGGCAGGCGCGGGAGTTGGGCATGAAGCGCGGCGAGCCGCGGGAGCGGCGCACTCTGTTCGCGTTCGACCCAGAGCACGACCGCATCGCGTGGGCTCGGCGGCGGGTCGGCGATCTCGAGCGGATTCCAGTCGCGCCCCAGAGCGACCACCTCGCCCGCCCACCGGGCGGCCAGCGCCCGTCGCCCCGGCGCCGGCGCACCAAGAACGATCAGTCGCGGCGGGCGCTCTTCCAAAGGAAACTCGGCGGGCGGCGACATCGGTCGATCAGTATAGCGACCGCCCGCTGACCCCCTGGCAGCGCTCGCGCCGACCGGCTACACTCCGCGGATTATTCACGTTGCCCCAGGAGGGTATTGCATGCGCAAGTCGTC
CP064972.1_gap18	781579	784304	2725	CCCGGCAACGTCTCGAGCAGGCGCTCGCCGCGCGGCGCGAGATCGGCGATCAGGCCGGGACCGGCGCGTCGCTCGCCAGCCTCGGCGCAGTGCTGCGACGCGAGGGACAGCTCGCCGAGGCGCAGCGCCGGCTCGAGGAGTCGCTGGCGCTGCAGCGGGAGATCGGACAGAAGATCGGGCAGGTCGGTTCGCTCTCGGCGCTCGCCCAGGTGGCGATCGACCAGGGCGAGCTCGGGCGCGCCGCCGAGGGATTCGCCGCCGCGCTGACGATGGCGCGCGAGATCGGCAACAAGAGCGCCGAGGCCCAGGCGCTCGCCGGCCAGGGCGAGCTCGCCGCGCTCGCGGCGCGCTTCGACGAGGCCGAAGCTCACCATCGCGCCGCCCTCGCCCTGCGCCAGGAGATCGGCGAGCGCGTGGCGAGTCTGCAGAGCCGGTTGGCGCTCGCCCGCGTCGCGCTCGATCGCGGGGCCTTCGATGTCGCCGAGAGCGCCGGGCGCGAGCTCCTCGCCGGACTCGACGACGAACCGTTGCCGGAGCTGCGCGTCCAGACCCGGACGGTGCTCTGTCGCGCCGCCGCCGGGCGCGGCGCCACCGCGGCCGCCCGCTCGCTCGGCGAGGAGGCGGTCGGCCTCGCCGCTTCGACCCAGAGCCCTGCCGTGCAACTCGGCGCGCGGATCGCCGCCGCGCGCGCCGGCGGCGGCAATCGCGAACGGGACCGCGCCGCGCTCACCACGGCGCTCGCCGAAGCGCGCCAGATCGGATTGGCCAGCCTCGAGCTCGAGGCACGCTTCGCCCTGGCCGAGCTCGGGCCGCGCGACGATCCGGCGATCTCGACGCTCGCGCGCGACGCTCGCGCGCGCGGCTACCTGACGATCGCGGCGCAGGCCGAACGGCTGGCCACCCGATGAACGAAGCCACGAAGACCGACACCACGGTCTCCGTCCCTGCTCTCGAGGTCACCGCCCTCCGCAAGTCCTACGGCGGCGTCCTCGCGGTCGAGGCGATCTCCTTCCGCATCGCGCGTGGGTCGATCCTCGGCCTGCTCGGACCGAACGGCGCGGGCAAGACGACGACCGTGTCGATGATCTCCGGCCTGCTCACCCCCGACGCCGGCGAGGTACGTCTCGGCGGAGCCCTCCTCGCTCGCGACACCGATCCGGCCAAGGCGCGCCTCGGCCTCGTGCCCCAGGAGCTCGCGCTCTACGAGGAGCTCTCGGCGGAGGACAACCTGCGTTTCTTCGGAGCGCTCCAGCGGATGTCCGGATCGTCGCTCGCGACCCGCAGCGACGAGGTGCTGCGACTCACCGGACTGCTCGAGCGCCGGCGCGACCGTGTGAAGGTCTTCAGCGGCGGGATGAAGCGCCGCCTCAACCTCGCGGTCGGACTGCTTCACGACCCCGAGGTCCTGCTGCTCGACGAGCCGACGGTCGGCGTCGATCCGCAGAGCCGCAACGCGATCTTCGAGAGCCTCGAGGCGCTGCGCGATGCCGGGAAGGCGATCCTCTACACCACCCACTACATGGAGGAGGCCGACCGGCTCTGCGACCGGATCGTCATCGTCGACCACGGACGGGTGATCGCCGAGGGGACCGCCGCGGAGCTCGGCGCTCTGCTGCCGAACGACGATCGTCCGGAGCTCGACGCCGAGGCGCGCGCGGCATTGGCGCTGCTCTCCTCGCGCGGTCTCGATGTGAGCGGAATCGACGGGACACCCGACGGCGGCCCGCGCCTCGAAGCGGTCTTCCTCCACCTCACCGGTCATGCCCTGCGGGACGAGCCATGAGACAGATCGCCGCCATCGTCCGCAAGGAGCTGAAGCTCTTCCTCTCCGACCGTCGCTCGGTCGTGGTCGGCGTCGTCACGCCGATCCTGCTCGCCTGGTTTTTCGGTTTTCTCTTCTCCGGCGGGGGGCAGCAGGAGGCCACCAAGATCCCGGTTCGCGTGGTCGATGCCGACCGGAGCGCCGTCTCGCGAGCGGTCATCGCCGGCCTCGCCGGCGACCCGCTGCTCGCGGTGACGACGGCCGAGGCCGATCCGGCGCGGGAGGAGGTGCGCCGCGGCAAGGCGGTCGCCGCTGTCTTCCTCCCTCCGGGCTTCGGCGTCGACGCGGTGCGCGGCTTCTTCGGAACCGCGGCGGCCCCGGAGGTCCGCCTGCTCGTCGATCCGTCGCGCAGCACCGAGGCCGGCCTGGTGCGCGGCCTCCTCGCCGAGAAGATCTATCGCGAGGCGTCGCGCGAGTCGTTCGCCGGCAGCACGGGCCACGACGTCCTCGCGGAGAGTCTGCGTGCGCTCGAAGCAGACCGCGCACCGGCCAGCCCGGAGCGCGAGGCGTTGAAGCAGCTGCTGCGCGACGTGACGCGCTGGCAGTCGTCGAGCGCCGGACCGGGCCAACCTTCCGGCGTTTCGGGCGCTCCCCGCGGACCCGGCTCCGCCGTCCCGTTCACCTTGCGCGAGGAGGCGGTCACGGCGCGGCGGGGGGCGACCTACAACAGCTACGCGCACTCTTTCGCCGGCATGGGAATCCAGTTCCTGCTCTTCGTCGCCCTCGACTTCGGCATCGCCTTCCTCGTCGAGCGTCAGGGCGGGCTATGGAAGCGGCTGCGGGCCGCACCGCTGTCGCGCACGACACTGCTCGCCGGCAAGACGGCGGCGGGAGCGCTGATCGGACTGATCTCCATCGGCACGACCTTCGCTTTCGGGATCGCGGTCCTCGGCGTGCGGGTCG
CP064972.1_gap19	787231	788205	974	GCCCGGGCGGCTAGATTGCCACGAGACGCATCCCGACCGGGCCTCACGCCCGAGGAGCCTGCCGATGACGAGCCCTCCGCTGACCCGCTGGGCCAGCTGGTCCCCGTACCTTCTCGCGCTGCTGCGCATCGCTGCGGCGGTCATCTTCATCGTCCCGGGAACGATGAAGCTCTTCGCCTACCCGATGGGCATGCCGCCCGATGGTGGCACCGCGCACTTCCCGTCCCAGATCTGGTTCGGCGGCGTGCTCGAGGTCTTCGGCGGTGCACTGCTGGCGATCGGACTCTTCACCCGCCCGGTCGCCTTCGTGCTCTCCGGGATGATGGCGGTGGCCTACTTCCAGTTCCACGCTCCGCAGGGCTTCTGGCCGGCGGCCAACGGCGGTGTCGCAGCGGCGCTCTACTGTTTCGTCTGGCTCTACTTCTCGGCCGCCGGGGCGGGGCCGTGGAGCGTCGACGCGTGGCGGGCCAGACGCCACGACTCGATCGCGATGCCCTCGTGATCCGGCCGCAGCCTATTCGCTGAGCGCGAGCCGCCGGGGTTCGGCGCGATACCGACCGTCGCCGAGCGGATGGAAGACCCGGCAGCGCGTGAGCTCGCCGCCGTAGACGTGGAGAGTCACCGTCTTCTCGCTGGCGCTCGGATTGCGCATCGTGTGGTACTCGAGCGGCGGGGCGAGCGTCCCGGTCGCACCGGGGCCACCACGGTCGACGCTCAGGCGCTCGAAGCGCTCCGCCCCGTCGAGGTCCGTCCCGCAGTGCCGGTACATCTCCGCTTCGATCTCCCCGGCGACGACGATCTCGACCCCCCAGAGGCCGTCATGGTCGTGGAGCGGCGTCCCCTGCCCGGGGCCCCAGACCATCGCCAGCGCCGAGAAGCGTCCCACCGGGTCGAGGTGGACGAGATGGCGGGCGTAGCTCGTCTCGCCGGGGCGCATCAGCCGTTCCGGCAGGGCGAGGGCCCCCGCCGCAGCC
CP064972.1_gap20	794444	797340	2896	GGCCCAGAGGAGCCCGGAGTGGAGCGGCCCGCGGGTGGCCCCGAAGACCGGCAACGGAGAGCTCGACCCGGCCGGTGCCAGGGCGGGTACCGTGGCGGCGAGGGCTGCGGCAGCGAGCCAGAGGCCGGCGAAGGTAGCGCCGCACGCCGCCCCGGCGAGCAGCGCTCGCCCGGCGCGCGGCCCGAGTCGACCGAGCCGCAGTGTGTCGAGGCTGGTGGTAAACCCTGGCACCGAGAGACGCGTCCACGACTCGGCCACCGCCCAGAGGGCGGCGAGAGCAGCGGCCCCCAGAACGGTTCCCAGGAGCTGGCTGATCAGGTCGAGCGCACCTTCCACCTCGGCGAGCGCCCAGGGCAGCGCGAAGAGCACCGTCAGGGTGCCGAGCAACAGGGCGTTCACCATGCCGAGTCGCCGCTGGTGGACGAGACGAAACAGCGAACCGCCGACGACCAGGCAGAGCGCCAGCTGGCTCAGCAGTCGAGCCAGCTCCGGCATCACCATGTCGAGCACCGAGGACTCTTCGAGCCGGGCGATGACCTTGTCGGTCGCCCCCGGTCGACGGTGCGACAACACCACGCCGTTGGCGCCCAGGCTCATCCAGAAGACGGTCTCGGGCGGATGCGTCGTCCCGCGAACGGCACGCACGCCGAACTGCGAACCGAGACGATCGAACCCGCGCTCGTCCGCACCGGGCGAGCTTCCCGAAAGCAGGGCGGCGAGCGAGCGCCCGATCGTCGCCAACTCCCCCGGACCGGTGGCGGAACGAAGCGCGTCGCGCGGAATCCAGCTCGCGGCCACGGGGGTGGCATCACGCGCCAAGACGACGCGCAGCAGCCCTTGGGCGCCGGCCGGCGCGGCCCCGGCACGGGACGCGTCGACGCGAACCACGACGTACGGCCCGCGTCCCTGTGCCGCGAGCCAGTCCGCCGCCTCCGGCGTGCCGAGCTCGCGGTACGCCGCGTCGCGCCGATCCATCGGGCTCTCGCCGGGCGCCTCGACCTGGCTGGCGAGCGAAACCTTGGGAGGCGCGTCCGACCGGGTCAACCCGGCCTCGGGCAAGACCGAGAGCACCCGTTCCGTGTAGGTCGACGCCGCCGCGAGTCCCACGCCGCGCCACTCGGGAAGGCGCACCGCAGCCGCCAGCAGTCCGAGGGCGAAGACCGCCGCACCCGCGGCGCCGAGAGCAAAGAGCCGGCGGTGGGTGGGCTCGAGCGCAGACGATGATTGCGTGGGAAGGGCGGGGGCCAAGGCGGGCGGGGGCTCCTGAACCAGTCTACGGCCGCTCGGCTGGAAGGTTCGCGGCAGGCCTCGTCGCCGGCGGATCCCGGGCCGCGCCGCGGGCTCGACCGCCTCCCGTCGGCGCCGCGATTTCGCACCCGCCGACTAGCGCCGTCCGGCCTCCGGGACCTTCTCGAAGGCGAGGACCCCGCCGGAGTAGCGGGACCGCTGCGATCCCGACATCCCGTCGCCGCCGAGCTCGACGAGCAGGCTGCCTCCATCGAGGCGCAGCTCACGCAGCTCGGAGGCCGACTCCCCCGCCGCCGGCAGCCGGGCGAGCAGCGCTGGCCGACGGTCGACGAGACGGTAGATCAGGACCACGACCGCCGACCGGTCGGCGGCCGGCCGCAGATGCAGCGCGACGGTCGCTTCGGCCTCGCCATCGCCCGTGAGGTCGCCGAGCAGCACGTCGATCGCCTCGACCGCGCAGGGTCCCGTGCGACTCTCGCTTCGCCCGCCACGCAGCCGGACGACGCAACCGTCGAGCGGGTAGTCCCGCTCCTCCCAGCGGAGGTCACCCGCGTGGTCCCACTCGGTGGGCGTCGGCGGCGGCTCGAGGACGGGCAGGCCGCGCTGTCGGAGCGTCGCCTCGAGGCGCGCCGCAACCTCGGGGTGGGCGGCGACGAGGGCAACGAGTCGCGCATCTTGTCCGAACTGGTTGCGCGCCTCGGGGGCAACGCCGCGTTCGAGAAACCGCTCGACGAGCGGCAGGCTTCCGGCCCAGGCGGCGAGATGCAGGGGAGTCCAGCCTTCAGCGTTCGCCACGTCGGTCGCCGCGCCGGCGGCAAGCAGCCGATCGACGATCGCGAGGTTTCCCTCGCCGGCGGCGAGCAGCAGGGGTCGCAGACCGTGCTTGGCCCGCACGTTCGGATCGGCTCCAGCGCCGAGCAGGGCGTCGACCACCTCGAACCGTCCACTGCGCACGGCGCCGAAGAGCGGCGTCTCGCCCCACGAGGTGGTCGCGGCCACCGAGGCGCCGGCGCCGAGCAGGACGCGGGCAGTCGCCAGATCCCCCCGTTCACAAGCACGCGCGAGCACCCCGATGCGGAACTTGCTCATCTGGTTCGGGTCGGCGCCGCGGGCCAGCAGTGCGACGACCTGCGGGGTATCGCCGGCCTCCACCGCACGCAGCAGGTCGCCGGCGAGGTCGTGGCTCGCGACCGCCGCCGGCGGAGAGCCGACGGGAGCCGGGGGCGGAGTCGGAGGGGCGGCGAGTGTGAGGAGAAGAACCAGGAGAGCCGGCATGGCCGCGGCATCGTAGCAGGGGACCCGCCGTCGCGCCGCGATCGGTATAGAGTCCGCCCATTCGGGATTTCGAAGGTGTTCTGCCCCTCGCCGCCGCGAGGCGGTCCCACCAAGATCCACGCTCGAGGGAGGTCTGTCATGAGGAATTCGTTCACGCTCGTCGGGGTGGCCGTGGGGTCGCTCGCCCTTCTCGCCGCCGCGACGCCAGCGGCCGGCCAGGAGGGAGTCGAGGTCGTCCGCGCCAGCCGGGTGGCTCAATCGCTACCGCTGATCTCGATGCCGGCGGCCGTGCCGCAACCGCTCGAGATCCCGGTCCGTGAGACCCGCGCTCCGGGCGCCATCGAACGCCAGGCGGCATTCCATTCGCCATTCA
CP064972.1_gap21	798369	801356	2987	CACCGCGCTGGTACGAGGTGCGCGGCATCGTCGGCGGCACGCCGTTGATCACCCAGCAGGGCACCTACGCTCCGGACACCGACCACCGCTGGATGGCGAGCACGGCGATGGACAAGGGCGGAAACATCCTGCTCGGCTTCACCAAGTCGAGCGCCTCGACCTTCCCCAGCATCCTCTACGCCGGCCGTCTCGCCGGCGACCCGGCCGGCACGCTCGCCCTCGGCGAGGGCGTCCTCGTCGCCGGCGGCGGCAGCCAGACGCACAGCTCGAACCGATGGGGCGACTACAGCACCCTTTCGCTCGACCCCACCGACGATTGCACCTTCTGGTACACCAGCGAGTACTACACCGCGACCAGCTCGGCGACCTGGGCGACGCGGATCGGCGCGGTGCGCCTCCTCGAGTGCGGTCTCTTCACCGACGGTGTCGAGATCGGCAGCGCCAACATGTGGAGCGCGAAGACGCCGTAGTCGACGCGGTGGCGGCGCGGGCTCGAAGGCCCTCTCGGCGATCGCCGGGAGGGCCTTTTCGCTCTAATCCGCCGCAGCGCCGAGCTCGCCGCCGATCCTCCGCCGCAGCCAGGCGCGAGCGAGCTGCCAGTCGCGGCGGACGGTCTTCTCGTTGACCGCAAGCGCGGCGGCGCTCTCCTCGACCGAAAGCCCGACGAAGACGCGCATCTCGACGACCTGACGCAGGCGCGGGTTGAGCGCCTCGAGGTCGGCGAGCGCCTCGTCGATCGCCAAGAGCTCCTCGGCCTCGGCCTCGGTGAGCCAGGCGTCGATTGCCTCCGGCGCCTCGAGCGATACCCGCTCGGCGGCGCCCCCCCGCTTGGCCCGACTCCGCCGACGTGCCGACTCGATCAGGATGCGGCGCATCGCCGTCGCGGCGACGGCGAAGAACTCGCCGCGGTCCTCCGCCCCGATCCGCCGCTCCTTGAGCAGGCGGAGGTAGGCCTCGTGCACGAGCGAGGTGGGGGTGAGCGTGTGGCCCGCGCGCTCCTGGCCGAGCAGGCGGCGGGCAAGGCCGCGCAGCTCGTCGTAGAGCAGCGGGACCAACCGATCGAGCGCCCCACGATCGCCGGCGCGCAGGGCACCGAGCCAGCGGGTGATCTCGCCGCTCATCTCCGCCTGCCCGCGCCGGCGGTGGCGAGGCGCGCCTCGAGCGCGGCGATCCGCGCACGTCCTTCCACGAGGTAGCGATGATCCGCCGGCAGTGTCTGCTCGTCGATGGCGAGCGAGGCACGCAGCGCGTCGAGCGACTCCGCGAGCGCACCGCGCTCTTCGAGCACTTTGGCGAGACCCCAGAATCCGGCCGAGACCCGGGGGTGCGCCGGCCCGAGCGACGACGTCCAACCGCGGATCGCCGCGCGGAAGAGCGTCTCGGCCTCGTCGAGGCGGCCGAGCTCCTGGACGACGTGCGCGAGGTTGCTGCGCGTGGTGGCGACCGCCGGGTGGTCTTCGCCGAGCTGCTTGAAACGGATGGCAAGTGCCTCGCGAAAGAGCCTCTCCGCCGCCGCGACGTCGCCCGGCGCCTTGCGTCCGAGGAGGAAAGCGCCGAGGTTGTTGAGGCTCTGGGCGGTCTCGAGGTGCTCGGGGCCGAACAGCTCGCGGCGCAGGGCGAGACCCTCGCGCTCGAGTCGCTCGGTTTCGGGCCGGTCCTCTTCGCGATCGCGCAAGGCGAGCAACACCGCGAGGTTGTTGACGCTCTCGGCGGTGTCGGCGTGGCGATCGCCGAGGGCGGCGCGGCGCAGCGTGAGCGCCTCGCGAAAGGCGCGCTCGGCCGCGTCGTAGTCGCCACGCTCCTGCTGCGCGGTGGCGAGGATGTTCAGGCTGTCGGCGAGCTCGACCGGCGACACGCCGGCACTGCGGCGCTGGTCGACCGCCTCGCGGGCAAGCGCCAGTGCCGGGTCGAGCCGCCCGAGATTGGCGTTCAACCGCGCGAGCAGGGTGAGCAGGCGGGTGCGCAGGGCCGGTTGGCTCGCGAGCTCGCGGCGGATCTTCCCCTCGCTCGCCACCAGGAAGTCCCCGAGCGTCTGATGATCCCGCTCGCCGGCGTCGCTGGCGTAGGGGTCGGTGGCGAAGAGCCGCGCCACGAAATCGGTCACCGCCCGCGCGGCGTCGCGCTCGGCGCGGGCGACGTCGCGCTCGCGCGCGGCGATCGTCGATTGGCGGACGATCTGCGCCAGCAAGACGACCACGAGCAGCGCGGCCACCCCTCCTACTGCAACGGCGGCGCGATGGCGCGCCACGAACTTGCGCAGCCGATACGCGGCCGACGCGGGTCGCGCTCGCAGAGGACGCCCGGCACGAAAGCGCGCGACATCCTCGGCGAGTCGCTCGACCGAAGGGTAGCGCTGTGTGGGCTCCTTGCGCAGGGCGGTCGCCACCAGGGTGTCGAGATCGCCTCGCAGCGCGCGGGCGAGCGCGCGCGGCTCGAGCCCGCGCGCGGCGGCTCGAGCCCGCTGCGCTTCGGGGGCTCCCGCGAGCGCGGCACTACTCGGTGCTGGCGCCTCGACCTCGGCCACCGCGCGCGCCAGCGCGAGGTCGGAGCCCTCGTGCTCGGCAAACGGCCGCCGTCCGGTGAGCAGCTCGTACAACAAGGCGCCCAGCGCGTGGACGTCCGTGGTGGTGCTCGCCGCCGCGCCGGCGAGCTGTTCGGGGCTCGCGTATTCGGGCGTCGCGAGCAGGCCGCGGGTCGCGGTGTCGCCCGAACCTTCGCCTTCGGGCGTCAGGAGCTTGGCGATGCCGAAGTCGAGCAGGCGGATCTCGCCGCTCGCGGTCATCAGGATGTTGCTCGGCTTGAGATCGCGATGGAGCACGAGGCTGGCGTGCGCCGCCGCCACGGCCTGGCAGATCTCCTCGAAGAGCGCGAGCCGCGCGTCGATCCCGAGTTGGCGCGCATCGCAGGCTTCGGTGACCGGCCGACCCTCGACGTACTCGAGCACCAGGTAGGGCACGCCCTCGCGATCGACCCCGGCGTCGAGCAGG
CP064972.1_gap22	805670	807686	2016	GCGCCCGGCTCTGCAGGGCGGGGTCCGGCAGCAGGAAGAACGAATTCACCAGCGAGAAGATCAGCCGGTAGGGGCCGCCGAGGTCGCAGTGCGTGAAGTCGCCGAGGACGAGCGGGATGGTGTCGCCGCCCGCCTTGGCACGCAGCCGCTCGACCATGGCCGGCGAGGCCTCCACCCCGGCGACAGCGACCCCGCGCGCCGCGAGCGCGAGAAGCGCCCGGCCGGTCCCGGCCCCGAGATCGAGCGCCGGCCCACCGCGGGCAAGGGCGAGCAGGCCCTGAAGCGTGGCCGCGTCGAGCTGCGGGTAGATCTCGTCGTAGAAGTCGGCGCACCCGTCGCCGTAATCGGCGGCGCTCCACGGCTCCGGATCGAGAAGCATCGGGACGCCAAGGTAGCACACGGTTTCGGGGTGCCGAGCATGCCGCGCAACCTCGCGGGTTGCGCCCACGTAGAATCCCCCAACCTTCGGAGGAGCCCCATGCACCGTCGCCGCGTCGTTTCGCTCGGACTCGCTCTCGCCGTCTCGTCCCTGCTCTCCGCCCTGCCGGCAGCCGCCCAACACGACCACGCGGCGAGCAAGGCCGCGACCTCGCCGTCCGCCGCCGCGCTCGCTCGCCTCCAGGCCCTGGCGGGCGAGTGGATCGACGTCGACGGCTCGACCGGACAGAAGGACAAGGTCGTCGTCGTCTACCACGTCACCGGCGCCGGCTCGGCGGTGGTCGAGACCCTCTTCCCCGGCACGCCGCACGAGATGACCACCGTCTACCACACCGACGGCGACGACCTCGTGCTGACCCACTACTGCGCTGCGGGCAACCAGCCACGCATGCGGGCCCGCAAGCCGTCGGGCGACAAGCTGGTTTTCGAGTTCGACGGCGGCACCAACCTCGACCCGGCCAAGGACATGCACATGCACTCGGGCTTCGTCGCCCTGCTCGGGCCGGACCGCGTCGATGCCGAATGGCAGGCCTGGGTCAACGGCTCGCCGGACGGGGCTCATGTCGCGAAGTTCCATCTGGCGCGGAAGAAGGGGTAGGCGGGCTGAGCGGGCGCTCGCGGGTCTTGGGGGACAGGCTGAAGCCTGTCCCCTCATCGCTCAGCCGTCGAGGCCGGTGAAGGGGAAGAGGTCGCGCCGCAGCTCGTAGTTGCGGAGAGCCAGGGCGGTGGCGGGCGAAACCGGTTCGACGAGCTCGGCGATCGAGCGGATCTCGCCGGGGAGCGGAATCGCTCGCGAGACGACGCGCACGGAGACCTGCGGGTCGATCGCAGGCTGCCGGGCCGGCGTGGGGAAGAACAGCTCGCTCATCTTCCGGTTCGGATCCAGCACGTCGACCCGCTCGGCCCCGGCCCGGCGCAACATCGCAGCGAAGATCGCGGCGCAATAGCCGTAGTGCGTGCAGGCGAGCGCCGCGACGACCGGCGCTCGACCCGTCCGCGCCACCGCCTGCCGCGCGAAGCGAGCGATCTCCTCGACGACGCCGACGCTCCGCCCTTCGAGCTCGATGCGGCTCGCCAGTCCCGGGCAGGGGAGTGGCACGATCCGTTCCTCGGCGACGCCCGCGGCGGTGAGGGCACGCTGATGAGCGCCGGCGTCGATCGTCGTCTCGGTGGCGAAGAGGACCGCGACCGCTTCCGGCTCCTTCGCCAGGTGCTCGGCCACCGCCGCAACCCCGAGCTCGACGATTCCCAACACGGGCACCGACTGCGCGGCGAGCACGCGACTCTCCGGAATCAGCACCGACAGGGTGTTGCAGGCGACCAGGAGCATGTCGGGACGGCCCTCGCCGAGCATCCCGGCGAGCGCGTCGTCGAAGACCGCGAGCTTGCGCGCGTGCGAGGGCATCTTGTTGTAGCCCTGGCCGGTCTCGCCGAGAGCGCTCACGAAGTCGAGCCGCAGGGTGCGGTAACGGCCGGTGCCCCGCCCCGAACGCTCGAGCTCGGCGACGACCGAGAGGCCGCCGAGCCCCGAGTCGGTGACGAGCAACTGGAGGGAATCGCGCACGAGGAGTGGCGCGA
CP064972.1_gap23	828007	830283	2276	TCTCGATGATCTCGAACTGCTCGAAGTGCAGCACGTCCCGCACGTAGAACGGCAGGGCGTAGAAGATCAGCCAGAACATCATCCAGAAGCCGGAGAAGATGACGAGGAAGCTCATGAACCGCAGGTTGCCGAAGACGAGCAACATGTCGGCGAGCACTTTGCCCATCGAGCGCGCCGGCGGCGCGTCGGCGGGTTGCGGCGGCTCCTTGTAGAAGAGCTGCGTCGCCACGACCAGCGCGAGGCTGGTGATCGAGGACATCACCAGCACGTAGGCGATGCCGAGGTTCTGCCGCACCTGCAGGGCGAGGATCGGACCGATCGCACCGCCGAAGTTCACCAGGGTGTAGTAGATCGAGTAGCCGAGCCCCTTGCTCGCCTCGGTCGTCGTGCGCGCCACCGTGCCGACGATCGACGGTTTGATCAACGAGCCGCCGATCGCGGTGACCACCAGGGCGAGCACCATGTAGGTGGTCGGCCCGAGGGCGTCGACGAGCGGCTTGCCCAGCGGCAGTCCGCCGAGGCCGATCAGCAGATAGCCGACGCAGAAGATCGAGAAGCAGGCGGTGAGGCTCTTCTTGAACCCGTAGCGGTCGACCACCGTGCCGGCGAGGATCGGCAGGAAGTAGAGCAGCGTGTTGAAGACGCTTCCCACCAGCCAGCCGGCTTTCTCCGGCCCGAGGCCGACCTGTTCGGCGACGTAGACGGCGAGAATCGCCTTGCTGCCGTAGTAGGCAAAGCGCTCGAACAGCTCGATGACGTTGGCGATCCAGAACGTCCGAGAAAAGCCGCTGCGAAGGGTGGCAAGACGGTCGGTGAGGCTCAAGGGTCCTCCTGGAGGGCGATGCGCGGCGATCCTCCCCGCAAAGACCTCTCCCGGTCAACCGCACACCGGTCTCCGGAATCACCGCCGGAGGCTCGCCGGAACGGCCCCGACCGCGAGAGGATCCGCCCATGTCGAGAACGCTCGCTCGCTGTCGCCCTCGAGGCACGACTCTCCGGTCGCTCGGCCTGGCCGGGTTCCTGCTGCTCGCCGCCGATCCGCGAACGGCAGCCGCGACCGGCACCCCGACCTCGGGAGCAGGCGCTCCCTCGTCCTGGTGGGGGCTGGTCCGACTCGGGAACACACCGGTCGGCTCGGTGGTCGAGCGACGCCGCCCCCTGCCGGACGGCGGGTTCGAGGCCACGAGCGAGCTGACGCTGGCGATCAACCGCGCCGGTACCCGCGTGGAGATGAACGCGACCGCGGTGACCCGCGAGGCGGCGACGGGGGAGCTCCTGTCGGCTCGTCTCGAGAGCCGCCTCTCGTCCCAGGTGTCGACCTTCGAGGCCGAACGGGTCGCGGGCGGGTTGCGACTGCGGTCCGGTTCGGGAAGCGACGCCCCGCTGCGCGAGCAGATCGTCCCGGTCGCCGGTTCGCTTCTCGGCCCCGAAGCCGTGCGGCGTCGCACACTCGCCGAGCTGCGCTCTCCCGGAGACACGATCGCCGTTCGCGAGCTCATCGCCGAGCTCGGCGGGGTCTATCTCGTCCGGCGCAAGCTCGTCGCGTTCGCGCCGCTCGCCGAGCCGCCGGGTGGGCGCACGGATCGACCCGCTCGAGGAACCCGCGAGATCGAAGAGACGACCGAGGGCGTCCCGGATGCCCGGCGACTCTGGCTGGACGAGGACGGAGAGCTGCTGCGCGAGCGCGAGCCGAGTCCGTTCGGCGACCTCGAGGTGGTGCGCACCTCGCGTGCCGAGGCCGAGGCGGCTCGCAGCGGAGGGCAGCTTCCCGAGGAGATCTACTCCCGCTCGCTCGCCCGGAGCAACGTCCGTCTGCCCTCGCCGCGCGGCACCGACCGGCTCCACTTCCGCCTGCTGCCGCTCGACCCCGCGGGCCCGGCGGTCGCCTGGCCGGACCTCGACGGCGGCAATCAGCGCGTCGTCGCCCGTCAGGCGGCCGCGATCGAGCTCGAGGTGAGGCGTCCGGCTCCTCCGGCTGGAGCAACGCCGGAGTCGACCGGGTTGGTCGATCCGCTCGCCGACGAGCTGGCGCCGAACGTCTGGATCGAGTCGGACGATCCGGAGGTCGTGCGGCTCGCCCGCACGATCGTCGCTGGCGAGCGGGATCGCTACCGCCAGGCGCTGGCGCTCACCGCCTGGGTTCATCGGGAGATGCACTTCGATCTCGGCATCGTCATGGCGCCGGCGTCGGAGCTCGTTCGCACCCGCCGTGGCACCTGCGCCGGATACGCGACGCTGCTCGCCGCGCTGTCTCGAGCGGTCGGGATCCCGGCACG
CP064972.1_gap24	832253	836308	4055	CCCGTCCGGGGCCTACGCCGGGATCGGTTTCGCCATTCCGGTCGACACGGTGCGTTGGGTAGTGCCCGACCTGATCCGGTACGGCAAGGTGCGGCGGCCGACCCTCGGCGTCCAGCTCGCCCCGGAAGGCGTGCGGCGCGAGTTGCGCCTCGAGGGGGCGCTGGTCATCGACGTGGTCGACGGGTCCGGGGCGGCGCGCGCCGGGATCGTGCCGACGCGGCGGGATCGATTCGGCCGTGTCGAGCTCGGCGACGTCATCGTGGCGGTCGGCGACGAGGCGGTGCGCTCGAGCGGCGATCTGCAGCTCGCGCTCGAGAAACGCCAGGTCGGCGAGAAGGTCCGCGTCTCGGTCGTCCGGGACGGCCGCCGCCGCGAGTTGCTCGTCGAGCTCGGCGAGGGTTCCTGACGGGAGGAAGACCGATGCAGGAAGGTGCGTTTCTCGAGCCGTGGCTCGGCCGGCTGCTGCCGCTGCTCTACGTCGACTCCGGCTGGTGGACGGCGTTCGGCCTCATCGGCAACGCGCTCTTCAGCTCCCGCTTCGTCATCCAGTGGTTGCACTCGGAGAAGAAGAAGGAGCTCGTCGTGCCGCCGATCTTCTGGCACCTCTCCTTCTGGGGAAGCGTCATCTCGCTCGTCTACGCCTTGCACGTCGACAAGCTGCCGATCATCCTCGGCTACGCCTTCCTCCCCGTGCTCTACGCCCGGAATCTCGTGCTCCTGCGCCGCGGCAAGACACCGCCGGCCAAGGGCTGAAGGCTCAGCCGGGAAACCTCCGTTCGGTTCGTCGCGGTAGAAGCGGACGAAGGTTTCCCGGCTCAGCGCTCGAGCTCGGCGAGCAGGCGGCGCACCGCCTCTTCCGCGCGCCGGGCGAGCTCGGCGCGCTGGTCGTGCGCCATCCCGGCGGTGGGGATCGGCTCGCCGATCGCCACCCGCACCCGGCCCGGACGAAAGCGGAAACCGCGCGGTGCCATGACCCGGCTCATCCCTTCGATCGCCACCGGCACGACCGGCACGCCGGCTTCGATCGCCGCGAGGAACCCACCATGCTTGAACGGCCGGAGCGTGCCGTCCGGGCTGCGCGTCCCCTCGGGGAAGGTGACGACGAGCTCCCCGCGGGCGAGCAGGGACGCCGCGACGCCGAGGCTGCGCAGCGCGGCCTGCCGGTCGTGGCGATCGACGAACACCATCCCCATCGCCGCGATGTACCAGCCGAGCAGCGGCACCCGGGCGAGCTCACGCTTGGCGACGAAGTGCAGTGCTCGCGGCACGACCTTGAACAGCACCGGAATGTCGAGGTAGGCGGAGTGGTTGGCGACGAGCAGGGCCCCGCCTGGCGCGCGTAGGCGTTCGACACCGCGCGCCTCCACCCAGACGGGACCGCTCGGCAGCAGCCCCGGCGCCCAGACGCGGCGGGCGAGCCAGAGCGACGCCCGCTTGCCGGCGAAGAGCGTCGCCAGGAAGGCCACGCTGATCCAGAAGGCCGTCCACCCGACGGTGAAGACGAACTGCACCAGGTTGACGACGCGCCAGAGCGCCTCCACCCCCAGGGCGCCCGGCTGCACCCGACTCTGCGGCTCGCTCACCGCGACGCCTCCAGACCGAGGATCGGGCGACGGCTCGCGGCGATCGCGGTGAGCGGATCGTCGGCAAGGCCGACGGCGTGCCGCCGTTGCGCGGCGTGAGCGATCATCGCCGCGTTGTCGCCCGAGAAGGGCAACGGCACCAGCCGCAGGGCGACGCCGTGCCGCTCGCACCATCCTGGCAACTCGCGGCGCAGCAGGCGATTGGCCGCCACGCCCCCGGAGACGGCGAGCAGCGGGATCGGTTGACGCCGATGCAGACGCTCGAGCCGGGAGAGCAACTGACCGACCGCCGCGGCCCGAAAGCCGGCGAGCAGGTCGAGCACCGGCGGCGGCAGCGGCGGCTCCTCGTCGAGCCGCGCGTCGACCGCAACGCCACGGTCGGCGAGCTTGCCGAGCGCCACGAGCGCCTGGGTCTTGAGCCCGGAGAAGGAGAAGAAGAGCTCGCCGCTTCCCGGCGACGCCACGGAGAGCGGCGCGGCGGCCGCGTCCCCGAGCTCGGCGAGGGCATCGACTCGCGGTCCCTGCGGATACGGAAGGCCGAGGCGCTTGCCGAGCTTGTCGAAAGCCTCGCCGATGGCATCGTCACGCGTCTCGGCGAGCAGACGCACCGACCCCTCGCCCACTTCGTAGAGCGACGTGTGCCCGCCCGAGACGATCAGGCCGACGAAGCGCTTGGGGAGCGCTTCGGCCGGCTCTCCCTCCGGGCGGAGAAACGGCGAGAAGAGATGCGCTTCGAGGTGATGGACGGCATGGAACGGACGGCCCAGGGCCCAGGCCGTCGCCTGACCGAACGAGAGACCGACGAGCAGCGCACCGACGAGGCCCGGACCGCTGGTGGCGGCGACGAGGTCGACATCGGCGAACGCCACGCCGGCGCGGGAAAAGGCCTCGCTCCGCACCGCCGGCCAGTTGTGCAGATGCTCGCGCGAGGCGATCTCGGGAACGACGCCGCCGTACGGGCGGTGCGCTGCAAGCTGGCTCGACACCACCGAGGCGAGCACGCGCCCGTCGGCATCGACGAGCGCGCAGGCGGTGTCGTCACAGGAGGTTTCGATGCCGAGCGCCAGGGGCCGTCGCACGACCGCGAAGCATAGCGTGCGCCGGCCCCGGGAGCCGCCGGCACTACTCCTTGGCGTCCTTCTGCTCTTTCTTGTCCTCGATGACCCGGACTTCGACCCGGCGCTTCCCACCGGCTTCGTCGCTCTGTTCGCGCAGGGCCTTGAGGACCTTGTCCCGCGTCGCGGCGTCGAGCTGCTTGAAGCTCGGCGAGGCCTGCAGACGCTCGATGACGCCGTCGATCATCGCACCGTGCATGTCGGGGCCACCGTGCATGACGAAGACCTCCTTGTCGCCGCCCGGTCCTCCGTCGCCTCGCATCCCGCGCTCCTCGACGTGGATCTCGCGGTGCGGCCCGCCATGCCCCATCCCCGCATGGTGTCCCCCGCCGTGGCGGCAGCACGAGCAGCCGCATCCCGGCCCCGGGCCGTCGTGCTCCATCCAGATCATCGGCTCGCCGCCCTCCCCATCGTGCCGGACCCTGCGCTCGACGATCCGGACCTCACCGTCATCGTCGGCGGCGAAGGCCATCGCGTGACCCTCACCGGCTACCGGAATGCGCATCTCCTTGCCCCCCGCCGCCTTGACGACGAGCTCGTCGCCCTGGCGCGTCACCGTCACCTTGCCGCCGTCGGCCGCGTTCGGCACGTCGCGTGTCTCGCCGTCCTTGAGCTCGCCGAGATTCTCGATCTCGACCTTCTGCTCACCCTTCGCGTCCTTGGTGACGAGGACGATCCGGGTCTTCTTCACCTCGTCCTTGCCGCCGTCCTTCGCCGCCAGGGGCGCCGTGTCGCTCGCCAGGGCGAGCAGGGGCAGGACGCCACCGACGAGCAAGGCTCCGGCGAACATCGCCAGGGCGTGGGTGCGGAATTGCAGTCGACCACTGGTCATGGGCTCTCTCTCCGTTCGCTGCCGGGGCGCTGAGCCGCCCCGGGACGAGGGCCTGAAGAGCAAGGGCGGTGCCAGCTCGAGCGGGCCGAGAGCGCGGAATCCGCTCCCCATCTGGAGAGATTCCACCCCATTCCGGGATCTCCCACCCGTCAGTGGGGCGACCGCGGAGCGTTCCGCGTCTAGACTCCGGGCGGGAGGTTTTGACCGTGAAAACCATCATCGAGCCGTTCCGGATCAAGGCCGTCGAGCCGATCCGTTTCACCACCGTCGACGAGCGGCGCGGGTTGATCGCCCGCGCCGGCTACAACCCGTTCCGCCTGCATGCCGAGGACGTGCTGATCGATCTGCTCACCGACTCCGGAACCTCGGCGATGAGCGCCGCCCAGTGGGCCGGCGTGATGCTGGGCGACGAGTCCTATGCCGGTGCGCGGAGCTTCTTCCGCTTCGAGGAGGCGGTGCGCAAGGTCTTCGGCTACAAGCACGTCATTCCGACGCACCAGGGGCGCGCCGCCGAGCGGCTGCTGT
CP064972.1_gap25	837988	840322	2334	CCCTTCCTGCAGCGCTCGCAGGAGCTTCGGTTGCAGCGGCAACGGCAGCTCCCCGACCTCGTCGAGGAAGAGCGTCCCCTCGTGCGCCTGCTCGAACCGCCCGGGGCGCATCCGATCCGCCCCGGTGAAGGCGCCCTTCTCGACGCCGAAGAACTCGGACTCGAGCAGGTTCTCCGGCACTGCGGCGCAGTTGACCGCGACGAACGGTGCGGTCCGGCGGCGGGAGAGGGCATGCAAGGCGCGGGCGACGAGCTCCTTGCCGGTGCCGCTCTCCCCGGTGAGCAGGATCGTCGCGTCGGTCGCCGCCAGGCGCTCGACCTGGCGGAAGAGCTTCTGCATCGCCGGCGCCCGACCCAGCAGGTCGACCAGCCGATCGCGATCGGCCACCTCCTCGACGAGCCGGCGGTTCTCTGCCGCCAGACGGCGGGCGCGCAAGGCCCGCTCGAGCGCGAGCAGCAGCGCCTGGCGCTCGAACGGCTTCGGCAGGTAGTCGTCCGCTCCCGCCCGCACCGCCTCGACCGCATGGGCGATGGTGCCGTACGCCGTCACCATGACGACGGCGGTCTCCGGGTCGCGCTCCTTGACCTCGGCGAGCAGCGAGAGCCCGTCGCGACCCGGGAGCTTCCAGTCGGAGAGCACGAGATCGACCGGTGCGCGCGCGAGCTCTGCCGAAGCCGCCTCCGCCGAGAGACAACCGCGCACGAGGTAGCCCGCGCCGACAAGGAGCGCCGACACGAGCTCGAGCTGATCGGCCTCGTCCTCGACGACCAGGATCCGCTCGTCAGCCATGGGGTGCCTCCTCGCGCTCGCCGAGCTCGAGCCGCGCTCGCGTGCCGCCCCCCTCTCGCGGCTCGAGGGAGAGGCTCCCGCGATACCGGCCGGTGGCCACCCGGTGGGCGAGGTAGAGCCCCATGCCGGCGCCGTGCGGCTTGGTGGTCAGGTGTGGGGTGAAGAGTCGCGCTCGGATCTCCTCGGCCACTCCGGCGCCCTCGTCGAGCACCTCCACGCGGACCCGCCCCGCCGCCGCGGAGAGCCGCACCGTCACCACGGCTCCGTCGGGGCTGGCGTCGACCGCGTTGACCACCAGGGCCTGGACGACGGCCCGCAGCTCGGCGGTGAGCGCGCGCAGCGGCGGAACCGGCTCGACGGCCTCCACCACGACTCGCACGCGCCCACGGGCATCCTGCAGCGCTTCGAGCGCGACTTCACGTGCGAGGACCGACAGGTCGACCTCGTCCTCTCCGCCGCCGACGCCCGAGCTGGCCAAGGCCAGGAACGAGCGCAGCGCGCCGTCGATCCGCTGGATCTGGCGCCGGGCGGTCTCGACGAGCGGCGTCGGGTCGCTCCCCGGCGCCGCCCTCGCCCCCAGCTCCTCGAGCGAGAGGCCGAGCGCGTTGAGCGGATTGCGCAACGAGTGGGCGAGACCGCGGGCGACGTCGCCGAGCTCGCCGAGTTGGCGGCGGTCCTGCAGCCGGCGATTGTCGCGGTCGAGCTCGACGAGGCGCTCCGACATGCGATTGAACGAGGCGATCACCTGGCCCACCTCGTCCTGCCGCTGGGTGGTGACTTCGACGCCCAGCTCACCCTCACCGACCCGGCGCGCCGCGGTGGCGAGCTCGGCGAGCGGCCGGGTCAGCCGTCGGGTCACCCACGCGGTGGCCAGGAGCCCCAGTCCGAGAATGGCGAGCGAGCCGACGAGCAGGCGCGAACCGAAAGCCTCGAGGGTCGAGCTCACCTCGGCGTGCGGGATCGGAATCGCCCGCTCGAGCTGCGGGCCACGCACGAAGAGCATGTCGGCCTCGGGTGGAGAGTCGACGACCATCCGGTGGATCTCCCGGGTGACGGTCGAACCGTCCTGTCGCCGCTCGGTGACGATCGTTCCAGAACCCGGGTGACCGGCGAGGGTGCGCATCTCCACCTCGACCTTGTCCTTCTCGCGCGTCCGGTCGGCAGGTCCCGGCGCCGGGTCGTGCTCGTGCGCGTGCCGCCAAGCCGTTTCCTCGTGGACGACCCAGCGGAGTCTCCCCTTTTCGGCAGGTCCGGACGGGTCGGTCCCCGCGGCACGGCGGTCGGCTCCCCCTTCGGCTCGCGGCGCGGTCCCCGTCTCGGGCGAACCCGCCAGCACCAGCACGCGGGTCTCGTGCCCCGACGCCGGCGGCATTTCGTCGTCCCCCGAACGAAGCTCGAATCCCGAGAGGATCTCGTTGCCAACCCGCACCGCCACGGTGCGCACGTTCTCGGTCAGGCGCGCGGCGAGCGACCGCACCAACATCGCCTGGGCAACCAGGACGAGCGAGAGGAGGCCGGCGACGAGGAGAAAGAAGCGGAGGCGCA
CP064972.1_gap26	854399	856231	1832	GGGGGAGCCCCTGACCTCGCCGCGCTAGCCCGGAATAGAAGCAGGCATCGGTGACCAGACGGTGGGCTCGACCGTGATCCGGGTGCCGATCGACCGGTGGCGGACCCAGCACCAACTCGGGGCGGAGTCGGCGCAGCTCGGCGATGAGCGCCTCCTCCTCCGCGACGCCGTGGCGCAACGAACCGTCGCCGCAATCGAGCAGGACCAGGTCGGCGGCGCCGAGCGCCTCGGCGGCCGCTTCGGCCTCACGCCGCCGTTCCTCGGCCGTCCCCCGCGTCCCGGCCTCGCCACGCGTGAGATGGAGGATGCCCACCCGGCGCCCGGCACGGGCGAGCTTGGCGAGGGTCCCGCCACAGGCAAGCTCCACGTCGTCGGGATGGGGACCGATGGCGAGAACATCGAGAGGAGAGCTCATCGCTCGGGACTCTAGTTCAGGCGGGCCCGGGCGGCACTCAGGCACCCGGGTCGATCAGCGAGAGACGCCGGGGATCGAGGTCGAGCTGCGCGAAGAGCGCCGCGACGAAGCCATCGCCGTACTTGCCCGGGAAGTGCGCCGTCGCGACGCTGCGCTCCTGCAGTACGCCGGCGGGCAGGACGTGCTCGCGCAGGGCGAGAAAACGCCGCGACTGCACCTCGTCGCGACGAACGGCCGCCGCCGCAACCCGGCTCGCGAACTGCTCGAGCGCGCCGAGCATCTGGTCGCGCGTCTTCTCCCAGGGCCGTTCGAGCTGTGGGTCGATCGCCAGCGCCGCGTCACGCCAGCCCGCGAGCACCCCCGCGAGCGCGTTGCGATCGGCCTGCACGAAGCCGGCCCCGGCCCGTTCGCCGAGCGCCCGCTCGGCGCGGTCTGGATCGACGAGCAGGCCCCCGAGGTCGACCCCGAGCTCGGCGAGCTGCGCGCGCTGTCGCGCATCGATCACCAGCGCCTGGGGGCGGAGTGCCACCCAGGGCGCTTCCACACCGAGCAGGGAGTAGGCCGGCGCCGTCTGCGCGAGGTAGGCGAGCTCTCCTGGACCCATGACCTGGAGCGTGGTCCCCAGGATGGCGTCTTGAATCGCCGGGCGGACCAGAACCCCCGGTCCGACCACCCCGGGGTTCTCCTCGAGGATTTCGAGGAGGCGAGCCACCGGTTCCTCACCCGCGCGACCGCGCAGACGGAAGCTCTCTGCACCGCGCCATTCGATGCGGCGGCGCTCGCCACCGCGCAGCAGGAAGAGCGGGCTCGCCCCGGGTTGCGGTGCAACTTGCAGGGAGTAGCCGGCCTGGACGATTCGCGCCTCGCTCTCGGCAAGCGCCGCCGCATGGTCGTCCCGCCGCTCGACCAGCCGGGCCAGATAGGGGGCCGAGGCGCTCTTGACCGCCGGCAGGAGCGAATCGAGCAGCAGCGGAGCTCGCTCGCCAAGGAGACGGGCGAAGAGACGGGCGAACGCCTCGCCGAAGCGCGCCTCGGGGCGATACCAGGCGGCGAGCTCGGCGAGCCACGAGCGGTAGCGCTCCGCCGGGAAGAGCTCGGCGAGCTCCGACAACAGTGACGAGATGCCCCCCCCGAGGGTGCGCATTCCCACCGGCAGGAGGGGAGAAGGGTCGGGCCCCAGGTCGACATGACGCGGTCCCGTCGGAGCCAGCACGGTCGCGGCCGCGACCTCGGCCCAGTCGTGGTCCTCGGTGGCCATCCAGAACACCGGGACCGCCGGCTCTCCGTGTTTCTCCAGCTCCTCGGCCCAGCGCACCGCGGCGACCGCTTTGACCAGCGCATAGAGGGGCCCGCCGAGAATGCCGACCTGCTGGCCGGTCACCACGACACGCGTGGCCGGGTTCGCCAGTTTCGCCGC
CP064972.1_gap27	892994	896838	3844	GAGAGCTTCGTCGTCGGCAGCTCGAATCAGTTCGCCCACGCCGCGGCGCGAGCGGTCGGCGAGAGCCCGGCCCACAGCTACAACCCCCTCTTCCTCTACGGAGGCGTCGGACTCGGCAAGACCCACCTGCTGCACGCCATTGGTCACCAGATCGCCAAGCGTCACCCCGAGCTCCGCGTCGCGTACCAGACGGCCGAACAGTTCGTCAACGACCTGATCGCCTCCATCCGCCACAACCGGATGCCCGACTTTCGCGAACGGCAGCGCAGCAGTGACGTGCTCCTGGTCGACGACGTGCAGTTCCTCGCCGGTAAGGAACGCACCCAGGAAGAGTTCTTCCACACCTTCAACACGCTCTACAGCAGCCAGAAGCAGATCATCCTCTCGTCCGATTCCTCGCCGAGGAACATCCCGGCGCTGGAGGAACGGCTACGCTCCCGCTTCGAATGGGGGTTGATTGCCGATATTCAGCCGCCCGACCTCGAAACGAAGGTCGCCATCCTCCGCCGCAAGGCCGAGCAAGACGGCCTGCCGTTGCCCGACGAGGTCGCTCTTTTCATCGCCAGCCAGGTCAAATCGAACATCCGTGAGCTCGAAGGGTTGCTCAACCGCGTCCTCGCCTTCTCTTCCCTGACCGGCCGCGCGCTTTCGCTCGAGCTGACCAAAGAGACCCTTCGCGACATCCTCCCCGAAGAAGGTCGGCGAACGACGGCCGCCGAGATCATCAAGTTCGTCGCCCGCCATTACGGCCTGAAGGTCAGCGAAATCAAGAGCCGCTCGAACGCCAAACAGTTCGCCTTTCCTCGGCAGGTGGCGATGTACCTCTGCAAACAGCTGACCGACCTCTCCTACCCGGAGATCGGTCGACAGTTCAACGACAAGCACCACTCGACGGTCATCTACTCGGTCGAGAAGATCGGTGAGCTTCGCCAGCGGGACGCGGACCTCGACCGCACCATCCACACCTTCATCCAGCACTTCTCCTGAGGCGGCCGTTGCAGCTGTCGAAAAGCTGTGGAGCGCTCCCGGCCAAGCGCACGGCCCGCTCGATTTCCACAGCCGCTCCACACCCTCGTTCCACCTTCGGCGGAGGGGCGAAACTGCTGAATCGACGATTCTTGGCTCGGCTTTCCGCAACGCCGCGGGGAACGGCTGTTAGGGACTGGTCTTTGGGTTATATTTCTCCTTCCTATCGTCGGAGTCGAGCGAATGGAAATCCGCCTCAAGCGAAATGAGTTTCTGGCCGAGCTCCTGCCGATGCAGGGGATCGTCGAACGTCGGACCACGATCCCGGTCCTTTCGCACCTCCTCTTGACCGTTTCCGGCGATCGCCTGCACCTGGCCGCCACCGACCTCGACGTGTCCCTGACCTCCTGGGTCACCGGAGAGGTGCTCTCGGAAGGGGCGATTGCGGTCCAGGCCAAGAAGTTCATCGAGATTGTCCGTTCGGCCCCCGGGGAGGAGATTCGGCTGGCTCGGGAGGACGACCGCTCGCTCGCGATCAATGCGGGCACGGCGCGTTTTCGCATCCACGGACTGCCTGCCAGTGACTTTCCGACCCTCACGACGGTCGACCCGCGGGCCGAGGTCGAGCTGCCGCTCGCCCGTTTTCGCCGGCTGGTCGGCAAGGTCCTTTTTGCCGTCTCCAGCGAGGAGTCGCGATTCCAGCTTTCCGGGGCGCTCTTGCGTCTCAAGCCGGGAGCCGTCGAGTTGGTCGCCACCGATGGTCACCGCTTGGCGCTCATCGAAGCGCCGGTCGCTGCGTCGAAGGCCGAAGACCAAGTGCTGGTACCCCGAAAGGCCCTGCAGGAGATCCTCCGCTTCGAGGGAGAGGAGCTCCTGCGCTTCCGCCGTGGCGAGCACCACCTCGTCTTCTCCGCCGGTCGACGCGACCTGACCTGTCGGATCCTCGAAGGCAGCTTCCCGGACTACGAGCGGGTCATCGGACGACAGAACGACAAGAAAGTCGTGGTTGATCGCCGTACCCTCTCCGACGCCGTCCGCCGCGTCGCGCTCATCACCGGCGAACGTGCTCGTGGCGTTCGGCTCGAATTCGCCCCGGGCGAGCTCACCGTCGTCGCCGCCAATCCGGATCTCGGCGAGGCCAGCGAGACGGTTGCCTGTGAGCTCACCGGCGAGGCGCTGAAGCTCGGGCTCAATCCCGACTACCTCGCCCAGTTCCTCGACGCGATCGAGACGGAGAAGGTCCTCTTCGAGCTCAAGGACGAGAACAGCCAGTGCCTTGGATCGCCGCTCGGCGGCGAGGACGAGCGCTACCTGTGCGTCATCATGCCGATGCGGATCTAGGCGCGAGAGCGTGCTGCAGCGCCTGACGCTTCGCGATTTCCGGAACTTCTCCCAGCTCACGTTCGAACCGGGTCCCGGCGCCCGGTTGTTGCTCGGTCCCAACGGTGCCGGCAAGACCACGGTCCTCGAAGCGGTCTACCTGCTCGCGACCACCCGCAGCTTTCGCACGGCGCAACTCGGCGACTGTTGTCGGCACGGCGCCGCCGGCTTCCATCTCGGCGGAGACGCCGGCGACACCGGCCGGGCTCACCTCGAAGTCGGTTGGGCGCGAGGTGGAGCTCGCCATCGCCGCCTCGACGGCCGGGAGAGCGCCCTTGCCGAGCACCTGGCGGTTCAACCCGTGCTCGCCTGGACGGCGGCGGAGTCAGCGCTCCTCGCCGGCCCGCCGGCAGTTCGCCGCCGCTTCCTCGACCGCGCCCTCATCGCCTGGCGTCCCGCCTCCTTCGCCACGCTGGCGCGCTACGGAAAGGCCCTCGCGGCCAAGAGGGCGCTTCTCGCCGCGGGCGAACGCCTGGGCCTCGACGCCTGGAACGAGCTTCTCGCCAGAGAGGGCGCAGCATTGGCCGCCGGGCGAAGCGACCTCGTCGAAGCGCTCCGGCAGGAGCTGACGCCCCTCATCGCCGAGGCGGGCTTCGCCGATTTCGGCCTGGCTGTGACCTATCGACCGAATCCCGAATCCGCGCTCGAGGGCGAAACGGCACTTCATGCGGCACTCGCCGACGCGACCGAGTGCGAGATCCGACGCGGACTTCCCCTTCTCGGACCCCATCGCGACGAGATCGAGATTCGCATGGAGGAGCACGAGGCGCGACGGGTCGCCTCCGCGGGGGAGCGCAAGGCGCTCGGTCTCTTGCTCCTGGCGGCCCAGGCACGCCTCCTGGCCCGCCGCGGTCGCCGTCCACTCCTGCTGCTCGACGACGCCGACACGGAGCTCGACGCCGCCCGCCTGGCCGCGGTCTGGCGCCCTCTCGCCGCCTCCGAGCAGATCCTTGCCACCTCGAACCGACCGGAGGTCTGGGCCAGCCTGGCGCTCTCCGGAAGCTACCGCGTCGAGGCGGGCACGGTGATTGCCGGGTAGGTGTCGAAGCCGCCTGACGACGCGGTTGAAGTCGTTTATTTTCAAACCATTAGCGCTTGGTCTCCAGGCCGTCTCTCTGATAGGCTCCAACGATTCGAGAACCCCCGATCGTGGGGCAGCTCTTGCCCCTGGTGCGCGACCCCGAGGTAGCACTTGACCAAGCGTCCTGAAGACTCGATTCCGACCCAGCCGAACGCCAGCTACACCGCCGACGACATCAAGGTCCTCAAGGGCCTCGAAGCCGTTCGCAAGCGGCCGGGCATGTACATCGGCGACACCGACGACGGCACCGGGCTGCACCACATGGTGTTCGAAGTCGTCGACAACTCCGTCGACGAAGCCCAGGCCGGCTTCGCCTCCGTCATCGACGTCGTGCTCCACGTCGACAACTCGGTGACCGTCGAAGACGACGGTCGCGGCATTCCCGTCGACCTCCACAAGGGCGAAGGGCGCTCGGCG
CP064972.1_gap28	986217	990374	4157	GCAGCGACGGGCGCATCGAGCTGCGGTGGAGCCGTGGAGAGTCGCTGGCGGTGGAGGTGCTCTGGAGCATGAGCGAGGCCCCGCCGAGCATGCTCTCCGGGTTGTATCCGCGAGTGTTCGACAACGGGTTGCTCTTCCATGGGTGGGATCCCGTGCACGGGTCGGAGCTCTGGCTCTTCGATCCGCGGACCAGCCAGGCGACGCGTCTGACGGATGCTCCGGGAGACTACGGGCCGTCACTCGTCGGCGTGGGTCGTTGGCTCGCCTATTTCGAGCTGACCAGCGAGCAGCAGCAGCGCGAGCTTTGGCGAACCGATGGCACGACCGCGGGCACGATCCGGCTCGGAGACTGGCAGTATGGTTGGGCCTGGGATGGGTCGCTGGCGATCGTCGACGAGCGGCTCTACTACACCTTCGACGATGGCATCCACGGCGAGGAAATCTGGACCTCCGACGGGAGCCCCGGAGGAACGCGGCTACTCGCGGACGTCGTCCCCGGCGCCACCGGTTCCCAGCCGTCGAGCTTCACGGCGGCCAACCACGCCCTCTACTTCCTCGCCGACGACGGCATTCACGGCCGCGAGATCTGGACGATTCCGGCCGGTCACGCCCCGCCGCGGCGTCGGTAGTCATCGAAGGAGAAGGCCGCACTCTCCTCGAGCGGTGCAACCTCAGGAGCTCTCGCGCACCTGCCGCGCACCGAAAAGCGCGGTGCCGATGCGGACGTGGGTGGCACCTTCTTCGATGGCGACTTCGAAGTCGTCGCTCATGCCCATCGAGAGGAGGCCGGGGAAGCGCTCAGGGCCAAGCGCGGTGGCCACGTCGTCTCGCAGCGATCGGAGTTGGACGAACCAGGGGCGCGAAGCTTCGGGGTCGTCGCCGAATGGCGGGATCGCCATCAGGCCGACGAGGCGCAGGTGCTCGAGGGGGGCGAGCTCGCGCGCGGCGGCGAGGACCTCGTCCGGGTCGAAGCCGTGCTTGGTGGGCTCGGCGCCGAGGTTCACTTCGAGAAAGCCGCGAGCGTCGAGCCCGGCCCGTGCGGCCTCGCGCTCGAGGTCGAGCGCGATCGACAAGCGGTCGACGGCGTGGAAGGTGCGGTAGAGGCGGAGGGCGGCGCGGACCTTGTTCGACTGCAGCGGCCCCAGGAGGTGCCACGCGATCTCGGCCGGGAGGAGCTCGGCCTTGGCCAAGCCCTCCTGCACGCGGTTCTCACCGAAGTCGCGGAGGCCGGCGTCGAACGCCGCGCGCAACGAGTCGACCGGCTGCACCTTGCTCGCCCCGACGAGGGTGACCGTGGAGCGAGCCCGCCCGGCGCGGGCGCAGGCGGCGGCGATGCGGGCCTCGATCGCGGCGAGCGAGTCGGCGATCGCAAGCGGCACGGTCGAGCCTCAGCGCGGCGGCAGGAGCGAACGATCGAGACAGCCCGGCAGCGGCAGCCGCTCGTCGATCGCGCGGTTGGCGAGCCGATCGGCCTCGCGATTCTGTTCGCGCGGCACGTGGCGGAGCCGGAAGTGGGCGATGCGCCGCTTCATCGCCTGCACGCCGAGGAAGATCGGCTGGAGATGCGGGGCGCGCACCTTGTAGGCACCGGCGACCTGCTTGACGACCAGTTCGCTGTCGCTCGCCACCTCGAGGCGCGGGAGCCCGAGCTCGAGGGCACGGCCGAGCAGCGTGGCCAGCGCGGCGTACTCGGCGACGTTGTTGGTCGTCGAGCCGAGGTAGCCGCCGATCTCTTCCCGTCCGCCGGCATGCTCGAGAATCACCCCGAAACCCGCCGGGCCGGGATTGCCGCGCGCGCCGCCGTCGACCCAGGCGCGCGCCGCCGGCTCGCTCAAGCCCCCTCCTCCGGGGTGAGCAGCCGCTTGCAGCTCTCGCACTGGACGATGATGCCGGAGCCGCGGATCTCCATCGCCACCTGTGGGCGCACCTGATAGTGGCAGCTGCCGCAGTGCCAGAGGCTCACGCCGCTGCCGGCGCGCTCGACGCGACGCACCGGGGCGGTCGCGTCCCCCTTGAGGCGTTCGAAGATCCGCTCGAACTGGCGCAGCACCGGCTTGGGCAGCTGCTCGCGCAGCCCGTCGATGCGGCTCTTGAGCTCGGCGAGCTTGGCGGCGAGCTGGGGCTTCTCCTGCTCCCAGCGGGAGAGCCCTTCGGCGTAGCGACGGTCGAGGTCGGCGAACGCCTCGCGCCGCGAGGCGACCTCGCGCTCGGCCCCCTCGAGCTTTTCGACCGCCGCGAGCGCCTGCTCCTCGAGCTTGCGCAGCGCCACCTTGGCGTGGTCGATCTCCTGCAACAGGGCGCCGTACTCGCGCTGGTTGCGCACCAGGGTCATCTGCTGCTGGTAGTGCTTGAGCTTCTCCTGACTCTCGGCGATCGCCGTCTCGGCATCGCGACGCTCCTTGCCGGCGGTCTCCGCGACGGCCTGCAAGGCGTCGACCTCACCCTTGGCCTTGCTGTACTCGGCGTGGAGCTCGGTCATCCATTCGGGGAGCCCGGAGAGGATCGTCTCCGTGGCCCGGGCTTCCACAAGGTTGTTCTGCAGTGCGACGACGACTTCCAGAGGGCTGGTCATTTCGGGCATCCTGAAGCCCCGGCCCGGCACGGCGAGAGGCCGCACCGCAGCGAACGAGGCGATGGAGATCGAGCGGGAGCTCGGAAAGGAACTGCCGGAGCGGCGGCGGAAGCGGGGAGTGGCTGCGAGTCGGCTTCCATCAAGTCGGCCGGGTGACTCGGCGGTGTGGGCCCACCTGGATTTGAACCAGGGACCCTCCGGTTATGAGCCGGGTGCTCTAACCGCTGAGCTATGGACCCATGGCGGCGACACGGCCGTTGGCCGCCGCGAGCTTTCACTATAGCACCCGTCGCCAGCGTGGTCGGCGGGGAAGACAGTTCATCCGAGCGAAGGATAGAGCTGGCGATAGCCATCCGCGAGGACGAGGATCCTTTTCACGTAGTTCTTCGACTCCTCGACGGACAGGTCTTCGAGGAACGAGTCGAGCTCGGGCTGGGGGCCGGCGTGCCGCCACAACGAGAGGATGCGGTTCGGCCCGCCGTTGTAGCCGGCGAGCGCCAGCTCGACGTTGCCGCCGAACATCTCGAGCACCTGGCGCAGGTAGGTGGTTCCCAGCCGGACGCTGGTCTCGGGCTCGTCGAGCCGGGCGAGCGAGTAGGGAATGCCGATCCGCCTCGCGAGCTCCCGGCCGGTCGCCGGCATGACCTGCATCAACCCGCGGGCGCCCGAGCGGCTCTTCGCCCGGGCGTCGAAGGCGCTCTCTTGATGGATGACGGCGAAGACGAGCGGCGCCGGAAGCCGCGCGGCGGTCGCCAGGCGGCGGATCGTGTCGCCGTAGTCGAGCGGGTAGAAGAGCTCGATCGCTTCGCGCGGCACCTCGGCCTGGAAGGCGGTACCGAGCCGGGGGAAGGCGCGACGCAGCAGGCGCAGGCTCTCCCGCCGTTCGCCCTGATGCGCCAGGACCACGCCACGCAGGGCCGTTTCGCTGCGTGGGTCGACCGTGCCGGTGAGCAGCTCGATCTCGGCGAGCGCGAGCTCGTCGAGGCCGAGGTCGGTGAGCTGCCGAGCCCGGCCCAGGCGCGCGTCCTCCGGCCAGGGCTCGCGCGCACTCGCCTCGTCGTCGGGCGGCAGCGCACCGCGGGCCTCGAGGCGGCTGGCGGCCTGCCGAGCGTAGAAATCCACCGGCCGACCGGCGGCGACCTCGCGAAAGACCTCCTGGGCGCGGCTCTTGTCGCCGAGCCGGGCGAACGCCCGCGCCGTCCAGTAGCGGGCGCTCCGCCCGTAGGCCGACTTCGGGTAGAGATCGTGCAACTGCGCCCAGAAGCCGACGGCGCCGGTGAAGTTCCGTCCGCGGAACTCGCGCCAGCCGCGCTCCCAGAGGTGTCGCGCCCCGGTGGTGTCGGTCGGGTCGAGAGCTCGAAGCCGGACGAGGGTGGCCACGGCCTCCTCGATCCGGTCGTCGGCCTCGAGGTTGGCATAGAGCGCCCGAAGGGCGAGCCGCCCGAGGGCGGGATCGGCGACGGCGCGTGCCGCGGCGCGCTGCAGCAGCTCCTCCTCGAGCCGCCGATACTGCGCCCGGACGCTCGCCGGGGGGTTGTTGCGACCCCGCTCGGCGGTCGCCGCCGCGGCAGCGGCCTGGGCGCGC
CP064972.1_gap29	1029600	1030809	1209	CTGCCAATTGGGCCTTCAGCGGTTCGTAGACCAGCAGTGCACGGCCCAAGTGCTGCCCATCACTCCGCTCGCCTCGGAGAGGCTAGATGGAGGCAGTGGTTGGTTGCGAATCGGCGGCACCAGGTACTACCCGCCAGGGTACTACCGCTTCGTTGCAGAGTGTTCCTTTGGAGCGGCTGGGTACGGAGTGAGACTAGACGATGCCACAGTAAGCCCTTCGCCGCGGAGTGGGTTCCCACGGTGCACAGCTTGGACGAGCCCGCAACCGGTGGGGTTCGGTGACACTGGGCTTCGTGATGTCCTAATGCTCCAAGGCGCACTCTACGCCGTCGGCGAGCATGGTGGGGCATCCAGGAGCACGGATCAGGGCCTATCTTGGAAGCGGCTAGGAGGACCGCTGGAGTCACTATGGTTAGAGGATGTCGCGACCAGCGGAACTCGTATTGTTGCTGATGCGTATGACGCAAGGGAAAGCTTCATGACCTTGGTTAGTTCGGATGGCGCGAGCTGGGAAAGTGTCCCGTGGGAGACCCCAGAAACGGTCCACGCCGCGATGTGGGACGGCGCCAGATTCCTCGGCGTTCGCGGTCACTACATCATCGAAAGCGTGGATGGCCTTCAGTGGAGGCAGCTCTCGACGGAACCGAACGCTCCCGAACTAAGCGTCATTCGCCGATTCTCGTCGGGGTACTTTGGGTTGGGGAATGGCGGAATATACCGGAGTTTCGATGGCGTTGTCTTTTCGAAAGTTCTGAACACAACGGCGGCGTTTTCCCGCGATTCGGATGTCGCTTGGAACGGTCACACATATGTCGTCAATAGCAACATTCACCTCCTCTACAGCGACGACGGCGACCACTGGGAGGTAGCGGCCCTACCGTTCAATACCATCCCCGGCAATCCCATTTGGGACGGAGTGAGATTCGTGGCGTTGGCGACCAACTTTGGCTCATCGGGGCTCGGCCCAGCGTTGGCTTCGAGCGTAGATGGGCGAGCGTGGAGCCTCGAACGGCGCGTAATGCCCACGGAGCAGACTGACATCTGGCTTTTTCGGCTCCGCAGAATCAACGGTCGCTACTTCACCGCGACGGGGGGTACCGTCCTTTGGAGCGACGATGCGGTTCATTGGAACCTGCCCGAAGGGGAGACGATGAATGCCATGTTCGATGACTTGGCGTTCGACGGGCGTGACTTCCTGGCCGCTACGCC
CP064972.1_gap30	1032400	1033371	971	GTTCTCGACGCGGCTCAGCCGCGAACTTGCAGTTTGATTCGTGGCGGGGAGACGCAGCTAGCAAGGGTGGCGGGCACACGCAGCCGTTCAGCGCTAGACGTGCCGGCGCGAAGCGGCGAAGGGGCGAGTTGCGAGAATAGATGCTACGGCGGCAAGCTGCCGCGCAGCAGCATGGGCGAGCCGGGGCCTTTCGGCTCAGCTGGTGGCAGGCAGGCCGTACAGCCTCCACGCTGACAACGGTTCAATCCATGGCCCATCATCGGTGACCCCAACCTAGCCCAGCAGCAGATAGCAGCAGCCGACGAGGACCGTAGGCACGATCGCCGCCGCAGCGAGGCCGAGGGGGGAGATGCCGCCTTCGAAGTAGCGGCCGAGGAGCGCCTGGCCGGCCGGGTTGGGGGCGTTGGCGATGACCGTCAGGCCGCCGCCGGTCACCGCGCCGGCCACCACCGCGTACTTCATCTCCGGGGTGAACCCCGGCACCAGCGAGGCGAGGTAGGTGATCGCCGCGTTGTCGTTGAAGGCGGTCAGCACGGTGGCGCCGAGCATCAGCGGCACCGGCGAGAGCCCGGCGAGCAGCGGGGCGATCCACCACTGCTGCAGCGAGCCGTGGATCACCAGGCCGGCGAGGAAGAAGCCGACGAGCAGCGGCGGCTTGAGGTCGATCGGCGCCTGGTGCGGGGCGCTCGCCTGGGCGAAGGCGAGGAAGAAGAGGAAGCCGCCGATGAACAGCGCCGGCGTGTGGGCGGTGAACACCGTCCAGCCGAGGAAGGCGAGGTGGATGCCGACCACCCAGACCGGGGCGGGGTCGCGGCCGTCGTCACCGGCGCGGGAGCGGCCGGCGGCGCCGGCGAGCGCGGCGAGCTCGCGCCGCAGCAGGAGGGCGTAGAGGGCCGTCGAGAGCAGGACGCCGAGCGCCGCCTTCCAGCCGAACTCGGTGAGCATGTGCGAGAGCCCCCAGCCCCACTTGC
CP064972.1_gap31	1153807	1155119	1312	GCCTCAACTACGAGCAGGCGCTCGAGATGGCGATGCTCATTGCCCGTCGGATGGCGCGGGTCGCGTAGCCACCGGCATTTCGCCGTCGTCGAACCCCTGAGCACCGCCGGGCGGTGATCCGCCGGGTCCGCGGAGACCACCGGGCATCCCCATCTCGGGCAGCCCTCCGCTTTCGATCGAGCCGTTGACCAGCACGATGTCGTCGGCGTTCCCGCGAACGCCGTCGGGTCCGAGCGAGATCACCTGGTGCTCGTCGTAGCTCGGGGTCTCGAGCAAGATCGGCCGCCCCCACGCGTCGTTGAGCTCGGAGGGGCGGATCCCCATGTCGCTCGCCACCGTGGCGAGGTCCGGCGGCAGTTGCCCCTCCTGGGCGAAGCGAGCCTCGACCGCCACCGCGATCCGGCGCATCTTGGCGAGGGTGCGAGCGCGCAGGGCCGCCTTCACCGCCTCGGCGGCGGGGCCGGGGAGGCCGTCGGCGGCGGCCAGCACCTCCGGTGAGGTGTCGCCGGCCGACAGGCGCTGCAGGAGCTCGATCTGGTCTCCCGAGATCTGGTTCGCCGGCAGTCCGAGGCGGGCGAGGTCGGCGTTGCCGCTCTCCGGCGACGAGCTCGCGGCGCCGCCCTGCTGCTCGACACGGCCGCGGCCACTCCGGCCGACGATCCAGATCAGGAGCGGGATCGCGACGAGGAGCACCGCGGCGATGCGCAGCGGGAGCGGGAATCCGCCGCTCGGCGCCGCAACGGGAGCCATCGGCAGGAGCGTCGTCCGCCCGGTGGCGAGCGCCGGCTCGCCGCGTCCCGGCGCGGCCCGTGCGAGGTCATCGAGCAATTCGGCATAGGTCGGGTAGCGCTGCGCCGGATCCTTGGCCATCATGCGCTCGATGATCCGGGCGATCGCGGGGGGAACGCGCGGATTGCGCGAGCGCAGCGGTGGAAGCGGCGAATTCACGTGCTGGAGCAGCAGCGACACCGGCGTCTCCGCCTCGAACGGCGGGAAACCGGAGAGCAGGTGGTAGAAGGTCGCGCCGAGCGAGTAGATGTCGGAGCGGTGATCGGTCGCCTGACCCAGCGCCTGCTCGGGCGAAATGTAGTGGGGCGTGCCGATGGTCGTGTCGGTCTCGGTCAGCGAGAGGTCCCCGCCGAGGCGCCGCGCCAGGCCGAAGTCGACGACCTTCAGCCGGTCGCTCCCCTGCAGCATGAGGTTCGACGGCTTGACGTCGCGATGGATCAGGCCGCGCTCGGCCGCCGCGGCGAGCCCGCGCGCCGCCTGCTGCAGGAAGTCGATCGCGCGGGGCAGCGCCAGCCGCTCTCCG
CP064972.1_gap32	1160939	1164830	3891	CTCGATCTGCCAACCCTCCGCGCCGAGCGTGTCGCGTACGCGCTCGATGGTAAGCTTCTCGGACTCCACCACCAGGACTAGCGACATCGAGGTTCTCCTGCGAGCAGCCGAACGTGGCGTTTCTAACATCGCCGAGGTCGCCGAGTCAATCACGACATCGCGTCGAAACGCTTGGCGGAGCGCAACTTAGCGTGGAATCCGGAGCCCGCGGGGGCGGATTGACGAGGCCGGCCGGCGACCCACCCCGGGCGTCGGCGCGGGATCGGTCGCGGAGCAGACGCTCGTGAGAGTCCTGGGGCTCGATCCGGGAAGCCGGTATACCGGCTACGGTCTCGTCGAAGCCGACGGGTCGCGCCTGCGGGCGCTCGCCGCCGACCGCATCGTCCTCTCGCCCGCGCTCGCCCTGCCCGAACGCCTGGCGCGGCTCTCCGTGGAGCTCGACACGCTGCTCGATCGTTTCGCTCCGGAGCTGGTGGCGATCGAGAAGCCGTTTCTCGGCGTGAGCACGAGCTCGCTCATCGTCCTGGCCCAGGCGCGAGGGGTGCTGCTGGCGGGTGTGGCACGGCGGGAGATTCCAGTGCGCGAATACTCGCCCGCCGAGGTGAAGTCCGCGCTCGGCAGTGGGCGCGCGGACAAGGAACAGGTGGCGCGTCTGGTCGGGCTGCTGCTCGCTCTCGACGTGTCGGTGCTGCCGGCGGACGCGACGGACGCGCTGGCCGTGGCCCTCTGTTGCGCGCAGCGCCGGCGGTCGGAAACCCTTGCTCCCGTTGCTCCCAGGGGCGTCGCCGGGGGCGTGCGAAACGCGTTGACCCGTCGCGGCAGGCGTGCTAGCGTGATCGCTCGCCGTCCCTGAAGCATCGTGAACCGCCCCGACGCACGGCCCATCCGCAGGAACGAGAGACCGGTCGGTCGGTTGCGTGACGATGACGCGAGGAGCCTCGACGTCGCGTCGGTTCGCCGGGCTCGGAGATGCAGGGGCGGTGTGACGGAACGCTCGAATCCGATCCTCAGACTCTCACCCCGATAGGTCACCGTGGCATTCCAAGGTTCGCTCAAAGAGCTTCCGCTTCCCGACATCATTCAACTGGTGGCGGTCGGCGGGAAGACGGGAGCATTCCAACTTCGCAACGAGGGCGACGCCGGCCAGATCTTCCTGCGCAAGGGCCAGATCGTCCACGCCCAGGTCGGCACGCTCTCCGGTGAAGAGGCGGTCTACGAGCTGGCGATCTGGCGCCAGGGCGACTTCGTCTTCACGCCGGGCTCCGAGACCGACGTCGTCACCATCGAGCGCTCGAACACCAACCTCCTGATGGAGGCGGCACGGCGCATCGACGAGTGGCAGGTGCTGTCGAAGAAGATCCCGTCGACTCGCCTGGTGCCGGTCTTCACGACCCAGGGCGCCAGCACCTCGGTCTCCTTCACGCCGCAGGAGTGGGCGCTCATCTGTCGCATCGACGAGCGCCGGACGATCGACGAGATCGCCGCCAGCCGCGGGCTGTCCGCCTTCGAGATCTGCAAGGTGCTCTACGGCCTGCTGACCTCCGGCCTGGTCGCGCTGCGTGAAGACCTGCGGCGTTTCCAAGTCGATCGGCTGCAGCAGATGTCGGCCGAGGATCTCGGGCGCGTCGCCGACGCGATCTTTCGCGGTGCGCAACAGATCCTCGGCGGGAGTGATCGCGCCGGGGAGCTCGATGGCCTGGCGCGCCAGACTCGCGCCGAGATGGAGTCGGGGCGCCGGGTCGACGCCGTGCTCGACCTGATCCGCGCCGGCGAGAAGGTCATCTCCTCGGCGCTCGGTCCGAATCAGGCGCGCGGCTTCCTCGACCGCGTGGCGCAACTCCTCACCGGGCGCTGATCCGGCGGGCAGTCGGTCCGCCGATCGGCGCCAGCCGCTCCCCTTCGCCAGACTCGACTCGTTCAACCGTCGATCGACGGCGGAGTCGCCGGGTGCGCCGGCGGCTCGTCCGGAGCCGGTCCGTCGCGTCAGGCGACGAGCCGGGAGCTCGAGCCCGGTTCCTCGCGCTGAAGCGAGAGCACCGCACCGACCAGTCCGGCGATCGGGCCGAGGGCCAGCAGGAGCAGGCACTCTCGCCACGAGAGGAAGTGAGCGAAGAGCAGGTTGAGCGAGGTCGCGGGATCCGCCTGGCGGGCGCCGACGAGCCAACCCCCGCCGAGGGTGCCAAGGGCGAGGACGGCGCCGAGCAGGCCCTGGAGCATCCCCTCGAAGTAGAACGGGCCGCGGACGAAGAACTCGGTCGCGCCGACCAGCCGCAGGACGGCGATCTCGTCGCGATAGAGCAGCGAGATCAGCCGGACGACGCTCGCGATGGTGAACACCGCCGCGCCGAGCAGGAGGGCGGCGAGCGCCAGACCGGCAGCGCGCACCAGCGTCAAGAGCCGCTCGGCGTGGGAGAGCCAGTCGCGGTCATCGTCGACCATCGAGACGGCGGGGTGCGCGCGGAGCTCGGTGAGCCAGGCGCCGTAGCCGGGGTCGCTCCGCGCACCGGCCGAGAGCTCCAGCTCGATCGAAGCGGGGAGCGGACGTGGCCCCGCCTCGCTGAAGAGGTCGCCGAGGCTGGGGAACTGGGCCTCGAAACGGCGCACCGCCTCGTCAGCCGAGACCTCGCGTCGCTCGACGATCCACTGTGGGCGGTCGAGCAGCGGGCCGAGCGCGGAGCGGGCGTCGTCGGCCTGCCGGGTGTGAAGATAGACGACGAGGCGCGCCTCGCTCCGCCACCCCGCGACTGCGCGCGCCAGGTTCGAACCGACCATCAGGACCGTGCCGCCGAGCAGCAGGCTCACGGCGATGGTGAAGATGGCGAGCAGGCTGACCTTCCAGCTGCGCGCCAGACCGACGACGGCCTCGCGCAGGAAGTAGCCGAAGGCCCGCCAGAGGCTCACGTCGATGCCTCGCTCTCGCGCGGTCCGCTCGCCGGAGCGCTCAGCAGATCGCCCGGCGGGAGCACCTCGTCGCGCACCAGCCGGCCGCGATCGAGCGTGAGGACGCGCTGTCCGACCTGGCGGATGAGCTCGCGATCGTGCGTCGCCATGACGACGGTCGTCCCGCGACGGTGACAGTCGATCAGGAGTCGGACGATCTGCTGCGAGAGCTCGGCGTCGAGATTGCCGGTCGGTTCGTCGGCGAGGAGCAGCTCGGGATCGTTGATCAGGGCCCGGGCGATCGCCACCCGCTGCTGCTCGCCGCCGGAGAGCTCGCGCGGGAACGCCGAGAGGCGGTGGGCGAGGCCGACGCGGCGCAGCGCCTCGACCGCGAGCCGCTTCTGCCGTGGCAGGTCGAGGCCGAGAATGCGCGGCAGGTAGGCGACGTTCTCGAACACGGTGCGGCGATCGATCAGGCGGAAGTCCTGGAAGACGATCCCCATCCGCCGGCGCAGGAAGGGGATCTTGCGCGCCGGCAGTGCCGCGACGTTGCGTCCGTGGACGAGGATCTGGCCGGAGGTCGGGAGGTCCTCGCGAAAGAGCAGACGCAGCAGGGTGGTCTTGCCCGCACCGCTCGCGCCGGTGAGAAAGACGAACTGTCCTTTGGGGATTTCGAAGGAGAGATCCTCGAGCGCCGACTGCCCACCCGGGTAGCGCCGGCTGACCGAGAAGAAGCGGATCATCGCGCCGCTGCCCCCGGACGACGCATCGAGCGGCGCCGGATCCTCCATCGCACCGGCCGCCGAGTCGCCGGACATCGCGTCGAGGCCGAGCGTGGACATCGCGGCGGCAGGATATCGCAGCCTCCCACCGGTCGATGTGGAGCGCGACGCCGGCGCTACAATGCCGCGCGATGCCTAGCCCTGCCCGCGTCGTCCTCTCTGCGCCAGGCCAGAAGAACGCCTGTGGTCACGGATGGAGCGACTCGGCGAGCGGTGCGGAAGTTCGCTT
CP064972.1_gap33	1332394	1336101	3707	CGGCATCGAGGGTCTCTCGCCGCGCCTCGACCAGCTCGGCGGCACCTCGTGGAACAAGACCAAGGCGCGGGTCAAGAAGAGCCTGCGCGACATGGCCGACGAGCTGCTCAAGCTCTACGCCGAGCGACAGCTCGCCCAGGCCCCGGCGCTCGCCGGCGGCAGCGACTTCGAGCGCCAGTTCGCCGCCGCCTTCCCCTACGACGAGACGCCGGACCAGCTCGAGGCGATCGAGACCATCCTCGCCGACCTCGGTGGCGAGCGTCCGATGGACCGGCTGCTCTGCGGCGACGTGGGGTTCGGCAAGACGGAAGTGGCGATGCGGGCGGCGTTCCGCGCCGTCGACGCCGGACGGCAGGTGGCCGTGCTGGCACCGACCACGATCCTCGCCGACCAGCATCTCGAGCGGTTCCGCGAACGCTTCGAGGGCTTCCCGGTGGCGATCGAGATGATCTCGCGCTTCCGCTCGCCCGCCGAGGTGCGCGAAGTCCGCGCCCGGCTCGCCGCCGGCAAGGTCGACATCCTCATCGGCACCCACCGACTGTTGTCGCGCGACATCGAGATCCCCCGGCTGGCGCTGGTGATCGTCGACGAGGAGCAGCGCTTCGGCGTGGCGCAGAAGGAGCGGCTCAAGCTGCTCAAGAAGAACGTCCACGTGCTGGCGATGACCGCGACGCCGCTGCCGCGCACCCTGCAGCTTTCGCTCGCCGGCGTGCGCGACCTTTCGGTCATCGAGACGCCGCCGAAAGACCGCATGTCGGTCGAGACGGCGGTCCTGCCGTTCTCCGACGAGGTGGTGCGCGAGGCGATCGAGTTCGAGCGCGAGCGCGGCGGCCAGGTCTTCTACGTCTACAACCGGGTCGAGTCGATCGACGCGATGGCCGCCAAGCTGCGCGAGCTCATCCCCGACCTGCGGGTCACCGTCGGGCACGGCCAGTTGCCGGAGGACGAGCTCTACCGGCGGATGCACGCCTTCACGCGCGGCGAGCACGACCTGTTGCTCGCCACGACGATCATCGAGAACGGCATCGACATCCCCAGCGTCAACACCATGCTGGTGCACCGGGCCGACCGCTTCGGCCTCGCCCAGCTCTACCAGCTGCGCGGTCGCGTCGGCCGCTCGAGCCAGCTCGCCTACTGCTATCTGCTGGTCGAGTCCGAGCGCGTGCTCTCGGTCGACGCGCGCAAGCGGCTCGAAGCGCTGCGCGAGTTCACCGAGCTCGGCGCCGGCTTCCGCATCGCCGCGCGCGACCTCGAGATCCGCGGTGCCGGCAACCTGCTGGGGGCCGAGCAGAGCGGCCACATCGCCGAGCTGGGGATCGAGACCTACCTCAAGATGCTCGAGGACACCGTTCGCGAGCTCAAGGGCGAGGCGGTCGAGGAGGCCCCCTCGGTGGCGCTCGACCTGCCGGTGCCGATGGCCATCCCGCGCGACTACATCGGCGACGCCAACCTGCGCATGGAGATCTACCGCAAGCTCGCCGCCGCCGAAGCGCCCGAAGACGAGGTGCTCGAGGAGCTCGCCGATCGCTTCGGGGCGCCGCCGCCGGAGGTGCGGGCCCTGCTCGCCGTGGCCGGCCTCAAGCGTCTCGCCGAGCGGCTGCACGTGCAGACGATCTCGGCCGCCGAGGGCAGGCTCACCTTCCGCATGCGGCGCGACGCCAAGATCGACGTCGAGCGTCTCGTGCGGCTCGTCGCCGAGCGGCCCGGGGCGAGCTTCAGTCCGACCGGCGTGCTGAGCGTCGAGTCGCGGGGAGAGGCGCTGGTGCCACTCGCCCGCGCGACCCTGGAGGCGCTCGCATGAGGCCGAACGTCGTCGTTCCACGCCGGCGGTTCCGCTGGCACGCTGCACCGCTCGCGGTGCTGCTGCTCTCAGGAAGCGTCGGCGGTTGCGGCCCGGCCCCCGACCTTCCCGGCCCCGACATCGTCGCCCGGCTGGGTGACGAGCAGCTCCCCCTGCCGCGCTTCGAGGCCTATCTGAAGCGCAATGCGGGATCGGAGGCCGAGGCGCTGCCGAGCGCCGCGCTCTCGGGGCTTTTCGACCAGTTCGTGCGCGAGGAGCTGCTGTTGCGCCTGGCGCGCGACCGGGGCGTCGCCCGCGAGGGTGACGATCGGCGCCGGGCGCTCGACGCGCTGCTCGCCGCGGGCGGCGCGCTCGCTCCGGGGCGAGCCGAGGTCGAGTCCTACTATCGAGCCCACCTCGACGAGTTCCGTCTGCCGGAGCGAGTGCGCCTGCGGCAACTGCTCGCCAACGACCGCCGCGTCGCCGAGCGAGCGCGCCGCGAGCTCGTCGCCGGCGCGGACTTCGAGACCGTGATCGCGCGCGCCGCGGCCGCGGGCGGCGGCCTGCAGGGTGGCCCGCAGGGGGACCTCGCGCGGGACGAGCTGCCGCAGGCGTTCGCCGAGCTGATCTTCCGACTGGCGCCGGGCGAGACCAGCGCGGTGGTCGAGGCCGAGTACGGCTTCCACGTCTTCCGAGTCGAGGAGCGTCTGCCGGCGCGGACCGCGACCCTCGACGAGGCCGCTCCGGCGATCGAGCGCGATCTGGCCGGGAAGGCGGCCGACCGGCGGCTCGCCGCCCTCGAGGAGGAGGCGCGGCGGGCCTACCCGCCGACGGTGTACGATCGCAACCTGCCGTTCGAGTATCGCGGCACACTCCCCGTCTCGAGGCCCTATGAGAAGCGCTAGCGCATCCCTGCTCTCCCTCGTCGCCCTGCTCACGCTCGCTCCCCCGGCTCGTTCGGAGGACCTCAACCGGATCGTGCTGCGGGTCAACGAGCAGATCGCCACGCTGCGGGAGTACGAGGAGCGGCGCGAGGAGCGCCTGCAGATGATCGGCAGCGCCCCGGACCTCAACGAGGACGAGCGCCGGCGGATGACCGCCGAGGTCGGCAAGGCGACGATGAAGGAGATCTTCGACGAGCTGCTCGTCCTCTCGCGGGCGCAGCAGATCCGGGTCATCGTCACCCGCGAGCAGGTCGACCGGGCGGTCGAGAGCTCGCGCAAGCGCTTCGGCATCCCGACCCAGGAGGAGTTCGAGGCGGCGCTCGTCCAGTCCGGCATGACCCTCGACATGTACCGCAAGCGCCTCGAGAAGCAGCTTCAGACCCAGGAGGTCCTGGGGCGAGAGGTCCAGCCCCGGGTCAAGGTCGACGACGAGGTCGTCCTGCGCTACTACCGCGAGCACCCCACCGAGTTCGTGGTGCCCGAGAAGATCCAGGTGCGCGAGTTCGTCGTCACCGAAACCGGGCGGGCCGACCCGGCGTCCCGCGCGGCGCTGGCCGCCGAGTTGCGGGCGCGCGTGGCCGGCGGGACGCCGATGGCCGACGTCGTCGCGGCCCACCCGACGGCCGGCGAGGTCTCGGCGCTCGTCGACCTCGGCTGGGTCCAGAAGGGCGAGCTCTCCCCGGCGCTCGAGCGGGCCGTCTGGGGGCTCGCCGCCGGCGAGGTGAGCGAGCCGGTCGAAGGGCGAGGCGGACTCCACGTCCTCCAGGTCGCGGCGCGCGAGCCGGAGCATCGCCGGGCCTTCGGCGAGGTCCGCAGCGAGATCGAACAGAAGGAGTCGGACCGCATCTACCTGCGTGAGAGTCGCCGCTACCTCGGCGAGCTCGCGGCCCGGGCGTTCGTCTTCGAGAGCCTCCCGGCCGATGCGGTCGGCTACCGCACGCTCGAGCCGCCTGCCGAGCGCGACCTGCTCGACCTGCCGGCCC
CP064972.1_gap34	1473939	1474758	819	AGGTCGGGCAGGCGACCCCGCCGGTACCGGCAAGGAATAGCCGGCGGCCGTCGAGGGTTCACTAGAACGGACGGACCCGACCGCAAGAACCGGAACTCGAAGCAACCGACACTCCATGCACTGTAGGCGAGTCCAGCGCTTCATCTTCCTGTTCGCCGATGGGCAGGTGGCCGGCGCGGTCGAGGTCGCTTTTCGCAGCCATGTCGAGATCTGCCCGCAGTGCGCGCGTGAGCTCGAGGCAGCTATCCGGCTGCGTGCGCTGTTGCGACAACGGTGTCGTCGCGACTGCGCTCCGGCGCATCTGCGCTCGCGACTGCTCGGGCTCCTCGCGGGCCGGCTGGCGAGCGAGGCAGGGGAGGACGATGAGCGCTGAACGACTGACTGCCCGCGTGAAACGGATTGGGCTCTCGCTGGCCCTCTTGGTGACCCTTCTCGGCAGGCCGGTAGCCGGTGCCGCGGCTGCGTTCCATCTCGTCGGACTGGATGGGACCGAGCTCGGCGGCGCCCAGGTCTCCCAGGGCGTGACGATCGCCGTGGTGTGGGCATCGTGGTCCCCTCGCTGTCGCGACGTGGGCGTCCAAGCCAACGGTCTCGTCGAGCGGTGGTCGGGCAGGGCGCGGGTGGTGACCGTCAATTTCCAGGAGGAGAAGGACGCGGCGCGTATCTTCGCGGAGGAGCAGGACCTGCGGGCTCCCGTCTATCTCGATCCGGACGGCGAGTTCGCCAAGGCGTTCGGTGTCACGAACCTCCCGGGACTTCTCGTGCTCCGCGACGGGCAGGTGGCTTACAGTGGGAAGTTCCCCCCGGACGTTGACAAAG
CP064972.1_gap35	1482805	1485456	2651	TATCGGCAAGAATTCGCCTGCGACCCTGCCTTTTCTCGAAGACGAGAGAAGCTGGACGCGGCAGACTTTGTGATCAGAATCCTTGAAGGGGGGGTGATTCTCCATCCCGGAGTGGCACGAGCAAGAACGAATCGAAGTGGCTGGTCCCGGGGCGTTCCCGCGGCCGGCATGTTCAATCGAATCGAGGAGAATCTCTCAAATGAAGAAGCTCGTTCTCTGCCTCGCCCTGGTGAGCCTCGTGGCTCTGGGTGGACAGGCTTCCGCCGTGATCGGCACCGTCGACGACGTGCCGGCCGCGACCCTGCTGCTGCCGTACTTCGAGGTCGACCTGGCCAACACGAACGGCCTGACGACCCTGTTCTCGGTCAACAACGCTTCGGCGACGGCGGTTCTCGCCCACGTCGTGGTGTGGTCCGACCTGTCGGTGCCGGTGCTCGACTTCAACATCTACCTGACCGGCTACGACGTCCAGACCGTCAACATGCGCGACATCATCAACGGCACGCTGCCGCGCACCGCTTCGGCGGGCCAGGACCCGGGCGACACGATCAGCCCGAAGGGCGTGTTCTCGCAGGACATCAACTTCGCGAGCTGCACCGGCCAGCTGCCGCTCGGCCCGCTGTCGGCGACCTACATCGACCACCTGAAGAAGTCGCTCACCGGCCAGGCTTCGTCGCTGCTCGGTGGCCGCTGCGCCGGCCAGGTGTTCGGTGACAACGTCGCTCGTGGTTACGTGACGATCGACACGGTCAACAACTGCACGCTGCGCTTCCCTGGCGATGCCGGCTACTTCGTGGCCGGTGGCACGGGCGACGCGACGAACCAGAACGTGCTGTGGGGCGACTACTTCTTCGTCACCCCGGAAGAGAACTACGCGTCGGGCGAGACGATGGTCCACATCGAGGCCTCGGCGACGAATCCGGAGACGTCGGTCCCGGGTCAGTACACCTTCTATGGTCGTTACGTGACGTGGACGGCGGCGGACAACCGCGAGCCGCTCGCCACCAACTTCGCGACCCGCTACATCCTCGGCGGCGCCTTCTCGGGCGGCACCGACCTGATCGCCTGGCGCGACTCGAAGGTCAACCAGGGTGCGTTCACCTGCCCGGCGTCGATGGGCGTGCGTCCGTCGTGGTACCCGCTCGGTCAGGAACAGATCGTGATCTTCGACGAGCAGGAGCATCCGGAAGTTCCGCAGACGACGCCGGTTTCGCCGCCGCTGCCGAACGAGGGCATCATCCCGTTCCCGGCCGAGGCTCAGCGCACGGCTGTTGACAGCGAAGACTTCCCGGTTTCGTTCAGCTTCGGCTGGCTCTTCCTCAACCTGAACGCCACCGTGGCCGCCGCCGGGAACAACCCGCCGGAGGATCCGCTCGCGGCGCAGGCTTGGGTCGAGACGATCATGTCGGCCGAGGGCCGGTACAGCGTGGGCTTCGACGCCATCAAGCTCGACAGCGCCACGGCTGCCAGCCACACCCACATCGGCAACTAAGCTCGACCGCCTCACTGCCTCATCGACGGGCCCCGGTTCGCCGGGGCCCGTTTCTTTTTTGGCAAGGTTCCGGGCTGCGCCTGTCAGACCTGCCCTTGGTGGCCGGCTCTCGATCGGCTATGCTGGACCGAGTTCAAGTCTTGAGCGGGAGGTGATGTCCTATTCTCTGGGACCGCGCGCTTGACGAAGGAACCGAAGTGGCTGGTCCCGGGGCGTTCCCGCGGCCGGCATGTTCAATCGAATCGAGGAGAATCTCTCAAATGAAGAAGCTCGTTCTCTGCCTCGCCCTGGTGAGCCTCGTGGCTCTGGGTGGACAGGCTTCCGCCGTGATCGGCACCGTCGACGACGTGCCGGCCGCGACCCTGCTGCTGCCGTACTTCGAGGTCGACCTGGCCAACACGAACGGCCTGACGACCCTGTTCTCGGTCAACAACGCTTCGGCGACGGCGGTTCTCGCCCACGTCGTGGTGTGGTCCGACCTGTCGGTGCCGGTGCTCGACTTCAACATCTACCTGACCGGCTACGACGTCCAGACCGTCAACATGCGCGACATCATCAACGGCACGCTGCCGCGCACCGCTTCGGCGGGTCAGGACCCGGGCGACACGATCAGCCCGAAGGGCACCTTCTCGCAGGACATCAACTTCGCGAGCTGCACCGGCCAGCTGCCGCTCGGCCCGCTGTCGGCGACCTACATCGACCACCTGAAGAAGTCGCTCACCGGCCAGGCTTCGTCGCTGCTCGGTGGCCGCTGCGCCGGCCAGGTGTTCGGTGACAACGTCGCTCGTGGTTACGTGACGATCGACACGGTCAACAACTGCACGCTGCGTTTCCCTGGCGATGCCGGCTACTTCGTGGCCGGTGGCACGGGCGACGCGACGAACCAGAACGTGCTGTGGGGCGACTACTTCTTCGTCACCCCGGAAGAGAACTACGCGTCGGGCGAGACGATGGTCCACATCGAGGCCTCGGCGACGAATCCGGAGACGTCGGTCCCGGGTCAGTACACCTTCTATGGTCGTTACGTGACGTGGACGGCGGCGGACAACCGCGAGCCGCTCGCCACCAACTTCGCGACCCGCTACATCCTCGGCGGCGCCTTCTCGGGCGGCACCGACCTGATCGCCTGGCGCGACTCGAAGGTCAACCAGGGTGCGTT
CP064972.1_gap36	1490610	1494454	3844	GCCGAGCTCGAGATCCCGGACCTGCCGCTGACCAAGGGCGAGTTCGTCCTCTACGCCTTTCTCCTCGATCGTGTCGGTCTGCACGTGTTCGACCGCCACGTCATCCGTCCCGCGTTCAGTATCCAGGGCGGGCGGTATCAGCTCGCCCTGCTGGAGACGGCGCACCGCTGGATCGTGAAGTGAGGCGCTGGTTTCCGATCATCGCCGCGTTGGCTTCGCCCTCGGCGGTCATTCCTCCTGGTCCGCCCATGGGCCAGTCCGGTCGCTTGATTCGAGTACCCAGCGAGCGAACCCACGACGAGAGCGCCGGGAGCCGAGTGGTACCATCCACGCTCGTCGCCACGCGAGTGCGATCCCCGAGATTCCGGCAGGCGTGAACGCGAAACGCACGGAGCACCGATGAACGACACCCCACACGGCCGGATACTGGCAGCGAACGAGTCCACCCGACTCGTCAGCGAGCCATTCCTGGCTGCGTTTCCCGACAAGATCCGAAATCCGCTCACCGACCGAGAGCTCCGCTCCGACGACCCGGCGTTCGTCGCGATGAGCCGGATTCTGTCCGGGGAAGCGGGAATCCTCGAGCTGCACGAGCAGCTGCGTCGGCGCCTCGTCGACGAGGGCTGGCTCATCGAAGATGCGCCGCGACTGGCCGAGCGCTTCCGTCTCAAGTACGTCTCGCTCGAGGCCAGCACCGTTTGCAACCAGGCGTGCTACTTCTGTCCGGTGTCGGTCGACCGCCGCGCGGACCACGCGATGACGATGGAGTTCTACGAGCGCATCGTCGCCCAGCTCGCGGCGTACAAATCGACGATCGACGGCGTCTCGATGATCCACTACAACGAGCCGACGGCCGACAAGCGATTCCTCGAGCAGGTGGCGATGCTGAAGCGGTATGGACTGCCTCCCGCCGTGCTGACCAACGCCACCGGGCTCACGCCGCAGCGCGTGGACAAGCTCCTCGAGATGGGAGGGTTGCGTTACCTCTCGATCAACCTCTCGACGCTTGACCGCGAGCGCTATCGCGTCGAGAGAGGCGGCGACCATCTGCCGATCGTCTTGCGGCACCTCGACTACCTCAAGGACAAGCCACTCGCGCCGCAAATGGACATGGCGGTGCTCGGGACGGGTGACGAGAGACATCGAAGGGACTTCGCCGAGATCGAGGAGCGCTTCCGCGGCAGTCGGTTCAACGTGGTGTTCTACGAGGTGATGGACCGTGCCGGGGCTGTGCCGATCGGGCTTCGCCCCATCAGCCGGCAGGTCCGCCTCTGCGGGTGCGAGCAGACCGGCTCGCGACCGGTCGAATGGGTCCACGTGAACCCGATGGGCCAGTGCGTTCTCTGCTGCCAGGATTATCACGACCGGTACGTCGTGGGCGACCTCAACGTCGAGACGCTCGACGAGATCCTCGGTGGCGAACGGATGGCGCTCTACCGGCGTTGGGTCTACGGGATGGAGGAGGCGCCCGCCGACTTCATCTGCCGCGGCTGCATCTATGCGCTGACGCGCTGAGCGCGCGGGCGCGGGATCCGAGGGCGACGCGAGGATGATCTTCTACCTCTGTCCGGACCATCCCGAGCCGAGTTGGGGCGTGGGGATGCTCTACGAGCACGTCGCGCTGCTGCGGCGGGACGGATTCGCGGCCTGTGTTCTCCACCATCGACGACCATTCCGGCCCTTCTGGAGGACGCTCGACGAGCCATTGGTCTATCTCGACGACCGCGACTACTCGCCGACAGCGGACGACCTCCTCGTCGTGCCGGAGATCCTCGCCGCCACCGATGCGGCAGTGACCTTCCCCGGTCGGCGGATCGTCTTCGTGCAGGGCAGCTTCCTCGTGCTTCGCGGCCTCGGGGGGCGCGACGGCTACCCGGATCTCGGCTATCGGGCGGCGATGGCGGTGCTGCCGCACGTGGCCCACGTCGTCGAGCGGCACTTCGGGCTGGGCGCCACTCTGATCCCTCCGTTCGTCGCACCCCTCTTCTTCGAGCGCCACGAGACGGAACGAAGAGAGCAACGCGTCCTTCTTGTCAGCAAGCCGGGCTACGCCGCAGCCGGTCTGCCGGACGAGCCGATCGCCGCTTCGCTGCTCGAGCGAGCGATCGCCCGGCGCCCGACCTGGAGTTTCCAGGTGCTCAAAGGGATGTCGCATCCCGAGGTCGCCCGGCTCATGCGCACGTCGGAGCTCCTGGTGAACGTCAACTCGCACGAGGCGTTCAACTCCACCGTCCCGGAGGCGATGGCTGCCGGGTGCGTCCCGGTGTGCTACGAGGCGGTCGGCGGCCGGGACTTCCTACGCGACGGCGAGAACGCGCTGGTCCATTCGAACCACGACGTGTACGCGCTGGTGGAGCGCGTGATCGAGATCGTCGACGACTTTCCGGCATGGTCGGCGAAGCTCGAACGGTTGCGGCAGGGTGGCGCAGCGACAGCGGGGTCGTTCCGGCCTGAAGCGACGGCTGCGGCGCTGGCTGGATTCTTCGGCACCCTCCTGCGGTCCGGGGCATGAACCTTCCGCCGATCGGCTTCGGCTGTTCGCCGTTCCGTCCGGGCGGCAGGTGGGTCGACCTCGAAGCCGCCGTGACGACGGCGCTCGCCGTCGGCTACCGACTGCTGGACACGGCCGAGCTCTACGGCAACGAGCGGCAGGTCGGGCGCGCGCTCGATGCGCCCACCTCACCGCCACGCCGTGACGTGGTCGTCGTCGGCAAGGCCTGGAGGACGAGCTTCCGCCCCGACCGTCTCCGCGCCGCCTGCGAGGCCTCGCTGCTCCGCCTGGGTCTTGCCGAGTTCGACCTCTACCTCCTGCATGCACCGGAGGCATGGAGACATGTCGCGCCGCTGGGCGATGTCGAGGAGCTCGGCCGGGCCGAGCTCGAGCGGCGCGCCCTGCCGCGCGAGGCCGACGGACGAATCGCCAGCGACGACGTGGCGCCGTCCGAGACCTGGGGGGCGATGGTCGAGCTCGCCGAGCGTGGGCTCGCCACGGCCATCGGCGTCAGCAATTTCTCGCCGACGGAGATCGAACAACTGGGGCACCCTCGGCCCAGCTGCAACGAGATCGAGCATCATCCGCTGGCGATGCATGCCGACACGGTGGCGTGGTGCCGGAGGGAGGGGATTGCCTTGCTCGGGCACTCACCCCTCTCGACCGCCGGAGTGCTGGAGCTGCCGGAGGTCACCTCGGTGGCCCGGCGCATCGGTCGTTCGCCGGCGCAGGTCCTCCTGCGCTGGTGTCTCCAGAAGGGCCTGACGCCGTTGCCGTCGAGCGGTGACGAACGCCATCTCCGGGAGAACCTCGAAGCGCTTCGTTTCACCCTGGACGATGCGGCGATGACGGCAATCGACGCCTCGTCGGCCGGTGGAAGAGCATGAGACGCGGCGAACCCGTCGGCGACACGGTGCCCGACGCCTCCGCCCCGTCGGGCCTCGCCAACCCGGTGCCGAGCCCGCTCGTCGACGGCGGAGCGGAGATCGCGGGGTCCGGTGGTCGCGTCAATCCGCCGTCGACGCATCCGGTTGCTCCCGAGCTGGCAGTCGTTCTCGTGCACTATCGGACCCCGGATCTCTTGGCGAGAGCGCTCGGCGCCCTGCAAGACGATGCCAGGGAGAGCGGCATCTCGGCCGAGTGGGTGATCGTCGACAACGGCAGCACCGAAGCGGAACGCGCGAAGCTCGCGACGCTGCCGGCTCGTCTGATCGAGCCGGGCGCCAACCTCGGGTACGCCGGCGGGATCGGCCGCGGCGTGGCCGAGACCCGAGCTGCTTTCCTGCTCTTCGCCAATCCGGATGTGCTGGTGCAGCCCGGCTGTCTCGCGGCGCTGCTCCAGGCACTCCGCCA
CP064972.1_gap37	1523470	1524116	646	GCGGCGCGGGCCCGCGTCGAGCAGTCCGACGCGCTCGCCGCGGCGGGTCAGTACGGCAAGGCGCTGCGCATCCTCGAGGAGCTTCTCGGCGAGGGCGGAGTCCCCGGACGCCGGGCCGAGGATCGCGAGCTTCGAGCCGGCCTCGAAGTCAAGGTGGCACGCCTGCAGGCACGGCTCGGCGACCACGAGGCGGCGCTCGGCGCCTGCGAAGCGGGCCTGGCGCAACTGCGCGGGCTCGATCTGCCAGAGCTCGAGATCGACCTGCTGCACGGCAAGGCCGGCGCGCTGCGCGACCTCGGCGACCCGGCTGCCGGCTTCGCGGCAGCGCGCGAAGCGCTGAGGCGGGCTTCGACCCTCGGTCTCCACCGCCAGCGCGCCGCGCTGCTCAACACGCTGGGGATGAGCTACTACTCGCGCGGCGACTGGCGGCGTGCCGGGCGGTTGATGCGCCGGGGGCTGACCGCGGCGGCTCTCGCGGCCGACGACCGGCTGCAGGTCAAGCTCCGCAACAACCTCGGCAACGTCCTGTGGAAGACCGGGGACTATGCCGGGGCCTTCCGTCACTACGAGGAGAACCTCGGATTCTGCGAGCGAGTGCGCGATCCCTGGGGTCAGCTCTCGGCGCTCAACAACCTCGGCATCCTCG
CP064972.1_gap38	1657632	1658317	685	TGCGCGACCTGGCGCAGGTGCCGGTGACGGAAGATGTCGCGGCCTTCACGCTGGGCGAAGCGATGCAACTCAGCGCCGCCGTGGAGACCGACCGCACCGCCTACCTGGTGGGGTCGCCGGTCTCCCTTGTGGCGCGAGTCCGGTATGTCGCGGGAAACGCGCTGCTCTCCGGGCTCGTCGCTCGGCTCGTCGTCGAGTCGGCCGACGGTGTGGTGCACGGTGAGTGGCAGACGACGCTGGGCGACCTCCTCCCCGGAGACTCGGCGAGCGTTCGCCGGACTTGGTCATCGAGCGCTGGATCGGTCGGGCCCTACCGCGCCCGGGTCGAGGTTCAGCGGGCGGATGCCGCCGAGGTTTCGGCATTGTCCCCGTTCGAGCTCCTTGCGGCACCGCCGAGCTTCGACGGTTCTCTTTCCTTGGACACCGGTTCCCCAGCGTTCGGCGATCCGCTCCTTGCGACTTGGTCGGTGCATCAACAGAGCGGGGCGGCGACGACGAGCGCTTTGACCTCCCTGACGGTCGTGGATGCCGCGACCGGGGAGAGTCTCGTCGTTCGTCAGACGCCGGTGAGTCTCTCTTCCGGGGCACGGGTGAGCGGCGTCGAGAGCCTGGCGACCGATGAGCTCGGGTCGAAGACCTACCTCGTAGTGCTTGCTCTCGATTCCGACGGGCTCGCGGGTCCGCA
CP064972.1_gap39	1690096	1694803	4707	CTTCTCACGCCATTGGACGAGCCGGCCGGCCTCCCGGGCGAGGTTGGAGTCGAGGTAGTTCATGAAGGCGGCGAGCTGGAGCGCGTCGAGGACGGAGAGCAGCAGGTGAAAGTGGTTCGAGAGGAACGCGAAGCCGATGACTTCGACCGCGTAGAGCCGCGCGGCGCGGGCGAGAATGCCGGCGACGGTGTCGTTGAGGGGAGCCGAGGGCCGGAGCAGAAGCCGGCCCTGCAGGGTGCGGCAAGTGACCTCGACCAGCCCGCCGCCTGGGGGGATGTAGCGTAATCTCCTCGCCATGCCTCCCTAAGACGAGAAGCGGGGCGGCGATCTTGCAGGAAGTGGAGCGGCGGCCGGGTTGCGCGAGATCGACCGGCTCGGCGAAGGTGGAACAGAGGAGTTGTGAAAATCGGGTGGCACCTCACCTGGTCGGTGCAAGCGACTGGCTCCCCGCGCGCGGGCTTCATCCTGGCCCGGAGCCCCACACGCTCCCCTCAGAGGCCGAAGATACGATTGCAGTCCCGCCCCACGTCATCGCCTCGTGCACAGGTGCTCGCGGGAGGAGTCCAGATACGACTTCCTAGGGCCCAAGGAAGAGCAGTGTCTGGCGGATCATTTCATCGACGTAGCCGATGGCGAAATTGCTGCTCGGTCGAAATAGCGTTGGATGCGCGCATTGGTTTCGGTGAGAGAGTTGGCCCTGCAGGACGCGAAGCTCAGCGCGCCCCAGGAACTTGACCTCCCGCGCCACATCGAGAAGCTGCGCTTCGGCGTACTGCTCTTTGAGATCAGCAAGATCTTTGAAGGACCACTTCGGCCTAACCTGCCTTATGTCTGCCTCATGCTTACGGTACATTGTCTCTGACAAGACGTAGAAGTGGCCGGCCCAGGCGAGCACAACTGCGGATCGGTTCAGGCCGCGCTCAAGGCAATCGAGCGCCTCGCGAAAGTAGTCCTGAACGTCAATCGGGGCGGCCTTCAACTTCTTTAGCAGGTCTTCGAGCAGTACCACCCGTGATGCCGACGCCTCGTGGGCCGCAAGCGCGGAATGAGCGGCGCTTCTGGCGCGTGCAGCGGCCTGCACCCAATCTTCGAGCCCCATCGGATCACGCCTTCGGTGACAGGAGGTGCTCCCGCAGCGCCCGAAATAGCTTTTCGTAAACCTCCGCGTTCTCAGTCTCGGGAAGGTGAAGCTGAATGTTGATGGCGATCTGAGGCGACAACATCGCGGCGTCAGGCGGCGGTACGACAACTTGCGCTATCGAGTGCGGCACGGAGGCTTCCAGCCCTGGCGGTGGCGTGGGCACCGGCGCCTTCGTGGCGGGAACCACCGAATTCTCGGTTCCTTGGTCAGCACCTGGCGACGCAATTGTCAGCTTTCCGTCTGCCTCCACCAACAGGCCCCCAGCGAGCAACATATCGACGACGCATCGCGCACCGGTCTTGTTGCCGGCGTTGTTCTTCTGGCCCGAAACATACAGGACGTGGTCTGAGAAGTCCTTTTCCGACATTCCGCCCTTGATTCGAACCGTGGTGACAAGTCCCGAGACCTTCTCGTTCGTTTGCACCGCCTCCTTCCAGTATCGGCGCGCATCCTCGGCCTGGTTGTGATCCAGCGCACGGCCGAGCCTGCGTCCGAGGTCAGTAGCTGTCTTCGCCACGGCGCCGGCGATGAGGCCAAGGTCAACAAGGAACTTGTTGTTGCGGCTTACGACCGTCGTGTGCAGGCCTGTCAGCTTCGACATCGCATCGAGGCTGGCATTCTCTGAGGCATGGCTATAGCCCTTGAGGATCTTCTGAACCTCCTCGAAGGACGAGCCTGGAAGGTTGAACTCTTTACTCACTATCACCTCCTGAGACGATCTCTGTGGTGGTGGCAGGTTGGGCGCCACCGAGAGGGTCGGCCTTGCCCGCGGGCCCTAACTCCGTATTCGACCCCACCACGCCTGCTGCGCGGGTCGGCAAACACGGCGGTTCGTGCCGTGTAACACCGGAGCGAAGAGAGCGGCGGGCGGGGGGCGAAGTCCCATGACTGGCTTACTTGCGGTCAGTCTAGGGAGCTGTCTGGCGGATGTCAAACGTGGCGTGTAGCGCCGCATGACACCAGCGCTTCAAGCCTCGTCGGCGGGGCGGCGGACGCCGCGGCCGCCGCGGTTGAGGACGTGGGTGTAGATCACGCGGTGCTGTTGTCGCGGTGGCCGAGGAGCTCCTGGACGGTGCGGATGTCGTAGCCGGGCCCGAGTCGGTGGGTTGGCTCCCTTCCCCGTTCCCTGCTCCAGCGCGGGTCTCGAAAGAGGAGTAGGTCTTCGCTCGTGGCGACGATCCCCGCCGGGCGGCTGCCTTCTTGACGATCGCGGGTCGCCGCGGATTGCTGGCCGGCGCTCGCCGGGGGATGGACGAGAGCTGATCGGCAGGTGGCACGAGTCCATGTCTGTACTCGCCGGTCAGGCCGCCGGCATCCGCCTTGCACGTTCGGTGGTGTTCCACGCATTCCCGCGCGCGTTCGTGCGCGGCGGGAGACGGGGCCGACATCGGCCGAGGACGACGATGAGTCAGCGCTGGTGGTGGGGCGGGTTGCTTGCGGCCGTTGTGCTCGGCAGCCTGGTGACGGGAGTGGCGAGGGCGGAGGCGGCGGGCAAGCTCGAGAACCCGCGGATCGACATGGCCGGCTATCTGCGCGTGGCCGGCGAGGCCGCCGCGTGGCGCGAGAGCCGGCGGCTCACCGAGGAGCAGTTCCTCGCGGCGAGCCGGGAGCCGGGGACGATCGTGCTCGACGCGCGCAGCGCCGCCAAGTACGCCGAGCTGCACGTCGACGGCGCCGTCAACCTGAGCTTTCCGGACATCAACGCGGCGAGCCTGAAGCAGCTCGTGCCCGACCCCGCGACGCGGATCCTCATCTACTGCAACAACAACTTCCGCAACGCCGAAGGGCCGTTCCCGTCCAAGCGCGCCGACGCCTCGCTCAACCTCTCGACCTACATCGCCCTCTACAGCTACGGCTACCGCAACGTCTGGGAGCTCGCGCCGCTGCTCGACCCGGCGACGACCCGGCTCGCGCTCGTCGCCTCGCCGCGGTCCGAGAGGTGAGCGGCCGCGGGCGCGAGGCCTTGAATTGCGGCGCGGTGACTCGCCGAGGCGCGAGTCACCCGGCGACCGGCTCGTCGCCGACCAGCTCGTCGGTCGCCTCGGCGGAGAGGCCGCCGCTCTCGCGACCGAGGGCGATGCGCTGGTAGCGGTACTGGAACTGCGTGACGGCGAAATCGACGAACTCGTCGCGCGCGAGGTCGAACGGCATCGGGTCGTAGGGAGCGAAGATCTCCTCGACGGTGCCGAGAGCGAGCGGCAGCAACTGGTCCATGCGCCGCTCGACCGCCGACCAGACCGGCTCGCCGTGCTCGGCCACCAGGCGGGCGAGCAGGTAGACACCGAACGCGATGTGGCGCGACTCGTCGCGCTTGAGCAGGGCGATCGCCTGCCGCATGCCGGGCATCAGCCCGCGACGCTCGAGCGCGGTGAAGTAGCCCTGATAGCCGGTTTCGGCGAGGACCCCTTCGACGATCATGTTGTAGGTCACCGAGGCCTCCGCCTGCGCGAGCGGCGACGGGTCGCTGCGCAGCCGGTCGAGGGCGGCCGGCAGCTCGCCGTAGACGAGCTCGCGGTAGCACGGCGAGGCGAACCGCGCGAGATCGCCGTGCTCGTCGGCGACCTCGTCGAGGAAACGGCGGAAGAGCTCGACGTGCTTGGCCTCCTCCCAGAGGAACGAGGTCAGGTAGATCTCCTCCTCGAGCCGGCCCTCGGCGGCGAGCGCCTGGATGAGCGGCAGCAGATCGAGGGTGACCGACTCCTCGCCGGCCTGGAAGAGCGACGTCAGGTGGAGCAGCACCTCGCGCTCGGTCGCGTCGAGGCGGAGCCAGTCGGCGCGATCGCGCGCGAAATCGAAGGAGCACGGGTCCCACACGCCGTGGCGCTTGGCCTTCTGGAAGAGGCGCATGGGGAGGGAGGAGCGGTCGAGCCCGGCGGGCGAGGTCGACTTGAGGACGCGGTTCATGCGGCGGTCTCCGGGAAGCGCGTGGGCACCGTGCGCGCCGCGGTCGCCAGGAGACGGGCCGCCTCGACGAACGGCATCAGCCGCGCGAGGCTGCCGCGGCGCAGGCGGAGCTGGCCGCGCATGATGGCGCCGAGCGGCTCGCTGCGTCCTTCGAGCACGGCGAGCCACGCCGACAGCCCTCCGGCGATGACGAAGTCGGCGCTCGCCAGGTCCTCCTCGCGCGCCGCGCGGGCGGCGCGGCAGTCGCCGTGCAGGAGGTCGAGGAAGACGCCGCCGCGCGGCTCGCCGTCGTCGCCCAGCCAGGAGAGGACGAGACCGCCCTCCCAGCGCGCGGCGGCACGGCGGTAGTCGGCGCTCTCGGCGAGCGCGCGACCGAGGGCTGTCGCCCAGGGGTCCGAGAAGAGCTCGAAGGTCATGGGGCAGCGAGCCTACGCCAGTTTCGGCAACGGGGCGCTCGCGGCCGTCGCGTGGACGCCCGGCGGGTGCCAGGCACCTTCCCGGAACCTGGGCGAGCGGCGAGTGCCAGGCACCTTTCCGCGTGGGTGCCAGGCACCTTTCCGCGGGCACCTTTCCGCTCGCCTCGGTCCGGCACGCCGGGCGGTGCCGGCGAGGAGGGGTGGGGCCGTTCGATAGAGTGACGCCGTGAGCGGCGAGGGCGTGTC
CP064972.1_gap40	1703402	1703989	587	TGACGTGTTCGCCGTCGGAGAAGACGGGACGATCCTCCACTACGACGGAAGCCGCTGGAGGGCGATGAACAGTGGCACGACAGGATCGCTGCATGGGGTATGGGGGAGCAGTGCGAGCGACGTGTTCGTCGTCAGCGGCGGGGGAGAGATTCTGCACTACGACGGCATAGGCTGGTCGACGGTGTTCAGTTCTCCCACCTACATGTTCTCCGCCGTTTGGGGGAGCAGCAGCAGCGATGTCTTCGCCGTTGGTGATCCAGCGACGGTCCTGCACTACGACGGCGCCACCTGGTCGGCGACGTCGCTCCACTACAACGATCTTGTCGTCGGCGTATGGGGGAGCAGTAGCAGCGACGTCTTCCTCGTGTACTGGGGCGGACGGATCGACCACTACGACGGTAGTCATTGGTCGATGATGCGACTAGATGTGTCCGATTGGTTCCATGGTGTCTGGGGAAGTAGCGGCAGCGATGTCTATGCGGTGGGCCAGAGCCTCTCGGGAGCACTGGTTCTCCACTACGACGGCAGTAGCTGGGCGCCGGTGAGCACGGGGTCGGCGAGCGCGCTCTACGGGGTATGGGGAACCA
CP064972.1_gap41	1726856	1727925	1069	CGGTCCTTGCGCAAGGACGCCTCCGCCGCGACGCCAGTTCGATCGCGAAGGAGCGCGGAGAAGAAGGCGTGGAGCTCGGCGCGGCCGGGGTCGTCGGGCCGGCTCAGGCTGGCGATCGCCGACGCGGCCTGGAGAGCCCCGAGGTAGCTCCGGCGCAGCGCGGCGTCGGCCTGGAATGCGGCCGGCAGGTCGGAAGGATGGGCGGCGTGCGCGGCGAGCAGGCGCTCCTCGATCGATACGGGGTCGGCGTAGAGCAACGACGCCTGGGGGTGGAAGAGGTGGAATTGGGGGGTATACGGGCCGGCGAAGTTGTCCGTGGGGTCGGTCACGGTGTCGCGCGCGAAGAGGATCCCGAAGGCTTCGGCGAGGTCGCCGAGAGGCCAGGGGCCGGCCGTCGACACCGGCCACCCGAGGCCGGTGAGCAGCAGCCCGCCGCCGCCGTCGACGTAGGCGCGGAGCGCCGCGATCTCGGCGGCGGTGAAGGGCGCACCGAAGGCATGGGAGACGACGACGAAACGCTTGCCTGCGAGACCGGCGGCGGTGACCGGGCTCGCGATGTCGGACAGGGAGTACCCCTGCCCGAGCCAGACGTCGAGGACCTGGCTCTCCGGCCATTCCCCGTGGCCGGTGGTGAGCCCGACGACGCCGGGCGATCCCCCCGACAGGAAGGTCGCGAAATTCTGCGTCAGCCTCCGGTTGTCGAGCTGGTCGAGGCTGATCCCCCAGCCGTTCCATTGCGCGGCCACGATCCGTCCGCTGCCCGACGTGCGGGCGGCGACGACGCAAGAGGACAGGGAGGCGTCGGTGTCGCCGCTGACGATCGACGCCCAGTCGGAGGTGCGGGCGACGAGCGAGCTCACCTGGTAGGGAGTGCCGGTTCGCGACACGCCGGCCACCAGGGGAGCGTAGCTCGTCGCGGCGAGGGCGCGGGACGGTAGAATCGCCAAGAGAGCGGCCGCCAGGAGCGGAACGAGTGCGTGGGAGCGGCGCGGGGTCGAAGTTGGAATCGTCATGGCTTGCCTCCTCGTGCGTTCGTCTGCCGCTCCGGGGGCGCTCTCGGGGACCGGGT
CP064972.1_gap42	1741952	1746162	4210	CGCGACCGTCGCCGGGTGCACGATCGCCGGCATCCCCGGCAAGGACCCCGGGGAGAAGGGCTCCGGCATCCACGTCTGGAACTCGCAGCGCTTCCGGCTCGAGCGGAACGAGATCCGCGACGTCCGCGACGGCTTCTACATCCAGTCCTCGAGCGGCGGCGTGGTGCGCGGCAACGTGGCGCGCGACCTGCGCTACGGCCTCCACTACATGTTCTCCGACGACAACCTCTTCGAGGACAACCTCTTCGAGAACGGGGCCGCCGGCACTGCGCTGATGTACTCCAAGCGCATCACCTTCCGCCGCAACCGCTTCGTGCGCAATCGCGGCTTCGCCTCGGTCGGCCTGCTGCTGAAAGCCTGCGACGAGGTGGTGGCGGAGGACAACCTGATCGCCGACAACGCCCGCGGCATCTTCCTCGAGGGCTCCTACGACAACGTCTTCCGCGGCAACGTCGTGGCGGCCTCCGACGTGGCGCTGGTGATCTACGACTCCTGCGCCCGCAACGCCTTCACCGGCAACAGCTTCGTCGGCAACCTCTCGCCACTCTCGCTCTCCGGCCGGCGCACCGACACGCGCTTCGAAGGGAACTTCTGGTCCGACGCGAGCGAGCCCGACCTCGACGGCGACGGGCGGAGCGACCGCCCCTACCGCCTGTCGAGCGTCTTCGACCACCTGCGCGGCAACCTCACCGCGGCCGACCTCCTGGCGCAGAGCCTCGCCGCCCGCGCCCTCGGTGCCGCCGAGCTGGCCTTCCCGGTGCTCGCGCCGGTGGCGGTGGAGGACGTCTCGCCGCTGGCGCGCGCGCCCGAGCTCGCGGTCCCCGAGTGGACGCCGCGCGGCCGGTCGGGAGCGGATCCGGCGGGCATGCTCGGCGCCCTGGCTCTGCTCTCGGCCGGCGGCGCGACGCTGGCGCGCGGCAGGAGGCGGCGGTGATCGAGTTCCGGCGCTTCGGCAAGCGCTTCGGCGCGGTGGTGGCGGTCGACGCCCTCGATCTGCGGGTGGCCCCCGGCGAGGTGGTGGCGCTGCTCGGGCCGAACGGCTCGGGCAAGACGACGGCGCTCAAGGCGGTGGCCGGGCTGCTCCGGCCCTCCTCCGGCGAGGTGCTCGTCGACGGCGAGCCGGCGGAGCGGCCGGAGGCGCGTCGACGGCTCTCCTACCTGCCGCAGAAGGTGGCCTTCCCCGACTCGCTCTCCGGCGAAGAGGTGCTCTCCTTCTACCGGCGTCTGCGCGGCGTCGCGGCGGAGCGGGTGGGCGAGGTGCTGCGCTTCGCCGCGCTCAACGGCGCCGGGGCACGGGCGGTCGGGACCTACTCCGGCGGGATGACCCAGCGCCTGGGGCTCGCCGTGGCGATGGTCGCCGACTCGCCGCTGCTGCTGCTCGACGAGCCGACGGCGGCGCTCGATGCCGAGGGGCTCCAGGCGTTCTTCGGCCTGGTCGAGCGCCACCGCCGGGACGGCCGCACGGTGCTCTTCACCTCGCACCAGCTCGGCGACGTGGAGCGCCTGGTGGACCGCTTCGCGATCCTGGTCGGCGGCAGGCTGGTCGCCTCGTTGACCTCCCCGGAGCTCGCCACGCGCCTGGCGGACCGCGGCGCGCTGCGGCTGCGGCTCGGCCGCGAGCCGGAAGGGCTGCTCGAGGCGCTCCGCTCCCGCGTGCCGACGGCGCGCCGGGAGGGCGACGAGCTGGTGCTCCCGGGCCCGGCGGCCGGGCGGCCGGCGGTGCTCGACGAGGTCCGGCGCCGGGGAGGGGAGATCACCGGTCTCACCACCGAAGAGGGGCGGCTCGACGTGCTCTTCCGCGAGCTGGTCGAGGAGAGCCGGGCCGGAAAGGAGAGCCGATGAGAGCCGGAGCCCTGCGCGCCCACCTCGCCGCCCTGACGCTGCTCGTCGCCGCCTGCGACGGCGGCGCGCCGCGCCCGGCCGAGCTCGACACCCGGCACGAGAGCTGCCGCTTCTGCCGCATGACGGTCTCCGAGCGGCCGTTCGCCGCGCAGGTCGTAGCGCCGGGCGAGGAGCCGGTGTTCTTCGACGACCTGGGCTGCCTCCGCGACTTCCTCGGCTCGGGAGGGAAGCTGCCGACGGGAGCCACGATCTTCGTCGCCGACCACCGCACCGGCGAATGGGTGTCGGGGGCGACGGCCCTCTACACCGAAGTCCCGACCCTGCAGACCCCGATGGCCTCCCATCTCGTCGCGCACGCCGATGTTGCCTCGCGCGACGCCGACCCCACCGCCGCCGGCGGCCTGCCGGTCGCCGCGGCGGCGATCTTCGGTCCCAGCGGAGCGCCAGGCACGCCGTGACCGACGCCGCGCCGTCCCGCTTCGGCGTGCTCGCGCTCGCCGCCGCCCTCGAGCTCACCCAGGCGCTGCGCTCGCGCTGGACGCAGATCTTCGCCGTGGTCTTCGGCGCGCTCGCGCTCGCCGTCGCCGCCTCGGGATACGTGCTCTCGGGCGGCCAGGGGGTGCAGGACTTCGCACGCACCGCCGCCTCGCTGACCCAGCTCGTCCTGCTGCTGGTGCCGCTCACCGCGCTGCTGCTCGGGGTGCTCGCGCTCTGCCCGGAGCGCGGCTCGGCCGAGCTCCTCTTCTCACAGCCGGTCGGCCGCGGCACGCTGCTGCTCGGCCGCCTGCTCGGCCTGTTCGAGGCGCTGGCGGCGGCGCAGGCGGTGGGCTTCGGCGCGGCGGGCGCGGTGATCTTCGCGCGCGCCGGCGAAGAGGGCGCCTCGGGCTTCCTGCTGCTCGTCCTCTTCTCGTTCGCCCTCACCGCGATCTTCCTCGGCCTCGCCGCGCTCGTCTCCGCGGGGAGCTCGGCGCGGGGACGGGCGCGGTCGCTGGCGGTGGCGCTGGTCGTCTGGTTCGCCGCGGTGCTGCTCTACGACGTGGTGGCGCTCGCCCTCGCCTCGACGCTGCGCTCGGGCTCCGCCTCGCGCCTGCTCATCGTCTCGGTGCTGCTCAACCCGGTCGACGCGGTGCGCACCGGGGCTCTCCTCGCCGCCGAGGGCTCGACCGCCTTCGGCGCCGCCTCGCTCGCCTTCTTCCGCTTCACCGGCGGCGGCCTCGGCGCCGGCCTGGCGATCGCCGCCTCGCTGCTCGCCTGGCTGGTTCTGCCCACCTGGCTCGCGGCCCGCCGGCTCGCGCGCGCCGATCTCTGAGGCGGCGCGCCGACGCAAGGGGGCGGCCCTGGCCGTGGGCTAGGATCGCGACGATGCGTCGTCTCCATCCCGGGCAAGCGGGCCGACGGCCAGCCGTGGCGGTCGCCCTCCTCCTCGTCGCCGGCCTCGCGGGCTGCCGCTCGCTCGCCCCCGCTCCGCCCGGGCCGTCGCCGGAGCCGCGCTGGTTCCGCGGCAACGTCCACACCCACACGCTGTGGAGCGACGGCGACTCGGCACCGGAGGCGGTGGTGGACTGGTATGCCGCGCACGGCTACGACTTCCTGGTGATCTCGGACCACAACATCCTGCCGGAGGGGGAGTTCTGGCGGCAGATCGGCGTCGGCTACAAGCTGGCCCATCCCGAGCACGTCGCCGAGCTGCGCGCCCGCTACGGCGAGGGCGCGGTCGCCGTGCGCCCGCGCGCGGCGGGCGGGGAGGAGCTGCGGCTCGCGACGATGCGCGAGCTGCGGACGCGCTTCGAGCGGCCGGGCGGGTTCCTGCTGCTCACCGCCGAGGAGATCTCGGACCGCTTCGAGGGGCGCCCGATCCATCACGGCGCCGTCAACGTCGGGAGGAAGATCGCGCCGCCGGGGGGCGCGACGGTGCGCGAGCTCATGCGGCGGACGCTCGCGCTCGTCGCGGCCGAGGGGCGGCGCACGGGCCGGCCGGTGCTCGGCCATCTCAACCACCCGAACTACGAGTGGGGCGTCGCGGCCGAGGACCTCGCGGCGGTCGTCGAGGAGCGCTTCTTCGAGGTCTACAACGGCCTCCGCCTGGTGCGCAACGAGGGCGACGCGACGCACCGGAGCAGCGAGGCGATCTGGGATCACGTGCTGGCGGTTCGCCTCGCCGAGATGGCCGATGTCGAGGCCCCGCCGCTCTGGGCGCTCGCCACCGACGACGCGCACGACTTCCGGGAGATCCCCGGCGTGTCGAACCCGGGCCGCGGGTGGGTCGTCGTCCGCGCGACCGAGCTGACCCCGGACGCGATCCTCTCGGGCCTCCTCGCCGGCGACTTCTACGCCTCGAGCGGCGTCGCGCTGCGCGCGGTGGAGCGCA
CP064972.1_gap43	1754709	1756215	1506	CTCGACCCGCTCGTCGTCGAGCTCTCCGGTCGCTGGGTCGGTCGTTCGCAGCTCGACAACACCGGCGATCGCCGCCTCTCGGCCGACCCCTACGCCTGGTCGGACCTCGCGGTGCGGCTCGACCTCGCGCCGTGGGTGTCGCTGGGTCGCCCGAAGCTCCGGCTGCAGGTCGGCAACCTCTTCGATGCCGAGCGCGTCTGGCCTTCCGGCTACTCCTATCCGTACCTCGTCGACAACGGTGCGGGCGCGCTGCGACTCGACGGCGTGCCGTACTACTACCCGATGGCACGGCGCCACGCGGTCCTTGCGCTCGAGCTCTCGTTCTAGGGCCCGGCAGTGAGCGATCCGCTCGAGATCCTCGGTGTGGCGACGGGCGTCGTCGCCGTCTGGCTGACGGTCCGCCAGATCGTCTGGTGCTGGCCGCTCGGCCTCGTCAACGTGGCGCTCTTCTCCGTCGTCTTCACTCGCGCTCGGCTCTACGCCGACGCCGGGCTGCAGGTCGTCTACTTCGCCCTCTGCGCCTACGGCTGGTGGGCCTGGCGGCACGGCGGGGGGGATCACGGGCCGCTCGCCGTCTCGCGCATGCCGCGCCGGACGGCGGTCGCGCTGGCCCTCGGCGCCCTCGCCTTCGCCGCGGCGCTCGGCCTGCTGCTCGACCGGACGACCGATGCCGCGCTGCCGTTCCTCGACGCGGCGCTCGCCGCCGGCAGTCTCGCCGCGCAGTGGATGCAGGCGCGCAAGTGGCTGGAGAACTGGACAGTCTGGATCGCCGTGGATACCGTCTACGTCGGCATGTACCTCACCAAGGGGCTCCACCTGACCGCCGGGCTCTACCTGGGCTTCCTCGTCCTCGCCGCGCTCGGGCTGCGCGAGTGGTCGCGCCCGAGCGGGGAGGGCGTCGTCGCATGAGCGCCGACCCGGGCCGGACCCCGCGCGAGGCGACGCGGCGCGCGACCCTCCGCGTCGTCGTCACCGGCCCGGAGTGCACCGGCAAGACGACCCTCGCTCGCCGTCTCGCCACGCGCTTCGCGGCGCCCTGCGTCTCCGAGCAGGCGCGCCTCTACGCGGCGGCGCACTCGCGGCCGCTCCATGCCACCGATGTCGAGCCGATCGCCCTCGGCTTCCTCGCCGCCCAGGCGATCGCCACGCGCGAGGTGCCGCCGCTGCTCGTCCTCGACACCGACCTCGTCAGCACGGTGGTCTACGCCCGCCACTACTACGGCGCCTGCGCCGCGTGGATCGAAGACGAAGCTCGCCGTCGCACCGCCGACCTCTACCTCCTCCATCTGCCCGACGTCCCCTGGATCCCCGAGCCCGGTCAACGCGAAGGCGCCGACCGCCGTGCCGAGCAGCTCGCCCTCTTCCGCGCCGAGCTCGCGGCGATCGACGCCCCCGTCGTCGAGATCGCCGGCGGCTGGGAGCTGCGCGAAGAGCGGGCGGTCACGGCGGTAGAACGGCTGGTCCTCCGGGCCGGGCTCGGCGGCCAGGTCCCCTGAAGCCGCGAGG
CP064972.1_gap44	1762278	1766331	4053	GAGAGCGCCAGGAAGGCGAGGCGCGCCTCGGGAGTGAGGAGCGGGGCGGCGGCGTCGAGGAAGTCGCGGTGGCGCGGCGGCAGCTCGGCCGGCGATGCCTCGTCGGCTGCACCGCCGAGCGCGGCGAGCGGGAGCAGCAGCAGGAGGAGCGCCGCGGCGCGCGCCATCGAACGCGGTCTCATTCGCGCCGCGATGTTCCACGGGTGCCGCGGTCGCCGGCTCCTCACGGGTAGTAACCGCGCAGGGTCTTCGCCTCGAGGCCGGAGCGTTCGACCTTGACCTCGACGGTGCGGAACTTCGGATCGCGCGTCGTGTTGCTCGACTGGTAGGCCAGCAGGTAGCGGGAGCGCAGCTCTTTCTCGATCTCCTGGTAGATCACCGGCAGCTCGGCGGCGGTCTTGACGAAGTAGGCGCGTCCGCCGGTCTCGTCGGCGAAGCGGTTGAGCACGCGCCGCGTCTCCCACTCCTTGCGGGCGATGTCGACGCCGATGGTGTAGATCGCCACGCCGGCACGCCGCGCGAAGTCGAGGGTGTCCTCGTAGGTGAAGCGGCTCCCCTCGTCCTTGCCGTCGGACAGCAGCAGCAGCGCGCGCTGTCCCTTGACGCCGTTGAAGTAGAAGAGCGAGAAGACGATGGTGTCGTAGAGCGAGGTGCCGCGTTCGGCCTTCAGTCCGGTGAGACCGGCAGCCAGCGTGAGCAGGTCGCTGGTGAACTTGGCCGACAGCGTCGGCCGGTCGTTGAAGGTGATCACCGCGGCGCGGTCGCGCGGCTTGATGGCGCTTTCGATGAAGCCGAGCGCCGCCTGCTTGGCCTCGAGCAGGCGTGGCTCCATCGAGGCCGAGACGTCGAGCAGCACGCCGACGTGGACCGGCAGGTTCTCGACCTTCTCGAAACGGGTGAGCTGCTGCTCGACGCCGTCCTCGAAGACCTTGAACTCCTTTTCGTCGAGGTCGCCGACCGGGTGGTTCTGGCGGTCGACGACGCTGGTGAAGAGCTCGACGAACTGCACCTCGACCTCCTCGAGGTACTCCGGGGCGTTGACGAAGACGAGGTCCTCGGTCGAGTTGCCGTCCGGCAGGTAGGCGACGGCGCGCAGGTAGGCGATCTGGCCGCCCGGCGGCAGCAGGATCGGCTGGGTGAACGGCTCCTGGTAGAGCGTGGCGACGAGGGTCTCGTCGAGGAAGAGCTCGACCCGCTCGACCGCCTCGCCCTCCGGCAGCTCGACGCGCACCTCCGCCCGCAGGCTGTCTTTGAAGCGCTTCCCGCGCTGCGGCTCGACGAAGTGCACGGCGAAGCGGTGCGCGCTCGAGTTGATCAGGTACTCGTCGTGCGACAGCGAGCGGTTCGCCGCGTCGAAGGCCTCGGCGCGCAGGGTGCGGGTGCGCGGCATGTGGCCGAGGTCGAGCTCGACGCTGTAGGGCGGGCGGGTCTTGGTCAGCAGCGGCTTGCCGTCGAGCGAGAAGGTCACCTGGGCGATGTCGTCGCCGGTGGTCAGCGTGTCGAAGCGCACCATGCCGGCGAGCATCTCGCCGCGCGGCGGGATGATCGCCACCGTGGTGTCGCCGGTGTGGATCGCCGCGTTGGCTTCGGCGAGGAGCCGGGCGGTTTCGGGATCCGGCGCCGGCGGACCGGTCTCGCCTTCGACCGCCGGCACGTCGAGCGCCACCTCGGTGCGGAAGAAGCGGTTGCCGTTGAGGTCCTCGAGCCGCAGGATGAGCCTGTAGGAGCCGGGGCGCAGCAGGCGCTCGAAGACCAGCGGGATCTTCTCGCCCACCTGCTCGACGGGGAAGTCGAACTTGTAGCGGAAGCTGTCGAAGAGGCGCTTGCCGCGCAGCACCTCGCCGTTGACGAGGAAGTTGTACGAGCGGTGACCGCCGAGCTCGGCGAGCGTGGCCGCCGCGGCGGTGACGCCGACGACGGACTGCACCACCGTGCGGCTCTGTCGCCGCGTCGGATAGGAGACCGTGATCTCGGCGGGCAGCGGCGCCGCATCGGACGGCACGTCGGTGGAATAGGCGTTGAAGGTGGCGACCCACTCGTGTACCGGCACAGCGGTGGGCTTCTCCGCCGCGCGGAGCTGGTTGGCGTAGCCGAGCATCCCCTGGCGCAGGACGAAGTTGATCGCCGAGGCGAGCTGGTCGCCGTTCGTGCAGGTGTCGCGTACCGCGGCGAGCAGCTCGGCGTCGCTCGCCGGGCCGGGGAACTGGAAGAGGGCGGCGAGGCCACGCGACGGCTCCCAGAGACGGAACGGCCCGAGGCCGTACTCGCGGGCGAAGAGGAAGACCATCACCTCGCGCACCCGGTCGGACGGCGGGTAGATCCAGGCCTCGAGCGGCCAGAGCAGGTTGTTGCAGGTGCTGCGCACCAGCGTGCCGGGCGAGCCGTTGAGCAGGAAGATGCGCGAGCGATCCTCCTTCAGGCTGCCGAACTCGCTCTTGGCCTGCTGGACCCGCGCCTCCCAGCTTTCGCGCGCGACGTTGCGTCCGGAGTCGGGGTAGAGGTCGCGCGCCTGCCAGAAGCGGTCGATGAAAGCGTCGCGCTGGTAGTCCTTCTCGAGGCTGAGGAAGGTGTCGCGCTCGGCCTTCGAGATGATCGCTTCGACCGACTCGAGCCACTCGCGATGCGCCGGCGAGAGGTCTTTCGGATCGTGCTTGACCGGTTTGGCAGCGCTCTTGGCGGCCGGTGTGGCGCTCGGCCGGGGGGCGGCGGCGCTCGGCGGAGGGCTCGCCGGTGCCACGGCGGAGGGTGGCGCCGCCGCTGGAGGCGGAGTCGCGGCCGCTGGAACCGAAGGCGCAGCCGCTGGAGCCGATGGCGCAGCCGCTGGAGTCGAAGGCGCAGCCGCTGGAACCGATGGCCCGGCCGCTGGAGCCGATGGCGCCGTCGGGGTCGGGGCGATCGCCGGCGCCGCGCTCTGGGCGGCGGCCGGGTCGGAAAAACCCCCGGGGAGTGCCGCGACCAGCCAGGCGGCGATCAGCAGGGGGGCGAAGGGGCGCTCGGGCATGCGGGGCTCCTCGTCTCAACCTGTCATACGTTGCAAGAACGCTACCGGATATCGACGAGGGATCGCGAGGGCTAGAATCCGCCCGCGATGCCGCCGCTCTACTTCGACCACAACGCCACTTGCCCGCTCGACGCCCGGGTCCGTGAGGCGATGCTGCCATGGATGGGCGAGCGATGGGGTAACCCCTCGTCGATCCATCGCTTCGGCCAGGCGGCGCAGGCGGCGGTGGAGGAGGGACGCGAGCGAATCGCCCGCCTGATCGGCGCCGATCCGCTCGAGATCGTGCTCTGCGGCTCGGGCACCGAGGCGAACAACGCCGTGGTGTGGAGCGCGGTGCGCCCGGCGGTGTCCGGACCCCGGCCGGGTCATCTCGTCGTCTCGGCGCTCGAGCATCCCTCGGTGCGGGCCGCGGCCGCGCATCTCGCCGCCCGGGGCTGGGAGGTCACCGAAGTGTCCCCGGAGCAGGACGGCGTCGTCGCTCCGCCGGCGATCGTCGCGGCGCTCCGCCCGGAGACGGCGCTCGTCGCCCTGCAGTTGGCCAACAACGAGGTGGGGACGATCCAGCCGGTGGCCGAGGTTGCGGCGCGCTGCCGCGAGCGCGGTGTGCCGGTGCTCTGCGACGCCGTCCAGGCGGCAGGGAAGATCCGCGTCGACTTCGCGGCGCTGGGTGTCGACTATCTGGTGATCGCCGGTCACAAGTTCCACGGACCGCTCGGCGCGGCGGCGCTGGCGATCCGTGGCGGCGCGCCGTTCGCCCCGTTGCTCCTGGGTGGCGCGCAAGAGCGCCGCCGGCGTGCCTCGACGATCAACGTGCCGGCGGTCGTGGGGCTCGGTGCGGCGGCCGACCTTGCCCGGCGCGAGCTCCCCGAGCGGACGGCGCGGCTCGCGGCGCTGCGCGATCGCTTCGAGAGCGGGCTGGCGGCGATCCCGCGTCACGTCGTCCACGGCACGTCGGCACCGCGGCTGCCGAACACCACGCACGTGGCGTTCGAGGGCCTCGAAGGGCAGACGCTGATGATCCGTCTCGATCTCGCCGGGTTCGCCGTCTCGAC
CP064972.1_gap45	1782082	1786769	4687	CGGGGTGTCGGCGCGCCAGCGCGGCAGCTCGGCGCTCTCCGGGCGGCGCCGGAAGACGTCGACGAACCGCCGGGCCTGGGCGTATTCGACCGCGCTCTGGCCGCCGAGCGACGAGATCGCCACGTAGAGTCCGAGGTTGACGGTCAGGCTCCAGAAGAGCGAGTGCGCCATCGGGTCGAGGCCGGCGATGCCGAAGAGCGCCTGCGGGCGGAGCCAGCCGAGCCCGAACGGCCCTTCGGTGAGCACGCGCGCCGGGAGGCGGCCGCTGTTGACCCAGGTCGGGAAGGGCAGCGTGTAGGTCCAGACGACGAAGCCGCCGAGGATGCCGGCGAGCGCGCCGCGTTGCGTGGCGCCACGCCAGAAGAGGCCGCCGAGGATCGCCGGGGCGAGCTGCGCCACGGCGGCGAAGGAGATGAGGCCGATGGAGACCAGCGAGCCCTCCGCTCCGGTCGCCATCAGGTAGAACTGGCCGAGGCCGAGGACGATGACGATGGCGAAACGCCGCGCCGAGAGCAGGAGCTGCGAGAGGTCGGGCTCCCAGCCGCGCAGCGCCGTGCGCAGCAGGGCCGGGAGGATCAGCTCGTTCGACATCATCGTCGAGAGCGCCACGGTCTCGACGATCACCATGCCGGTGGCCGCCGAGACGCCGCCGAGGAAGACGAGCAGGGCGAGCCCCGAGGTGCCGCCGGCCAGTGGCAGGGCGAGCACGAAGTTGTCGGCGTCGACGCGTCCGTTGGCGAAGAGCAGGCGCCCGGCGAAGGCGATCGGCAGGACGAAGAGGTTGATCGCCAGCATGTAGAGGGGAAAGAGCCAGGCCGCCTTGCGCAGATGCTGTTCGTCGACGTTCTCGATCACCGCCATCTGGAACTGGCGCGGCAGGAAGAGGATGGCGGCGAACGAGAGCAGCAGCATCCACGACCAGGAGCTCCAGGAGCCGGAGAAGGCCGTGAGCTTGACAAGCTCGGGGTTCGCGAGCACGCGGTCGAAGAGCTCGCCGAAGCCGTGGTGGAGACCGAAGGTGACCCAGAGTCCGACGCCGAGGAAGGCGACGAGCTTGATCACCGACTCGAAGGCGATGGCCAGCACCAGCCCCTCGTGGTGCTCGGTGAGGTCGAGATGCCGGGTGCCGAAGAGGATGGCGAAGACGGCGAGCGTCGCCGCGACGCCGCAGGAGGTCCGCAGGAAGAGCGGGTCGTGCGCCACGTCCTCGCCGACGCCGCGCAGCAGCAGCAGGAAGGTCGTCGACACGGCCTTCAACTGCAGCGCGATGTACGGCACGATGCCGACGACCAACACCGCGGCGACGAGCGCGCCGAGCGAGCGGCTCTTGCCGTAGCGCGAGGCGACGAAGTCGGCGATCGAGGTGATGCGCTCCTGCTTGCTGATGCGCACCAGGCGGCGCAGCAGCACCCAGGAGAGCGCCGCCGCGAGCGTCGGGCCGAGGTAGACCGGGAGGAATCCGATGCCCGTCGAGGCGGCACGGCCGACCGACCCGAAGAAGGTCCAGGCGGTGCAGTAGACCGCCATCGACAGGGCGTAGACGTAGGGGTTGGCGATCAGGCTCTGCCCGCGCTCGGCGCGCCGGTCGCCCCAGAAGGCGACGACGAAGAGTAGGCCGAGGTAGAGCAGCGCGACCGAGAGAATCGTCCAGGCGGCGATCACGTGCTCGCTCCGCGGATTCGCCCCGGCGCGCCTAGCGCCGGCGGCCTCCGGAGTCGACCAGCCGGGCGATGACGGCGATGAAGGCGGCCCAGGCGGTGAAGACGTAGACGTAGAGGATCGGGATGCCGAAGAGCCGGTCGGGCCGCGAGAAGACGGCGAGGAACGGGTAGCCGAAGAGCAGCCAGCCGACCATTGCCAGGACGATCAGGCGCGGCGGCAGGAGGCGCTGCTTGACCTCGAGCAGGGCGCGACGGGCGCGGCGGTCGACACTGCCGGCGTCGCTGCGCGAGCGTGGGGAGACGACGCCGGAGGGCGACTCGCGCGGGCTCATGCAAGCAGTCCGTGACGGCGCAGGCGCCGATAGATCGTCGAGCGCGCGATGCCGAGCTCGTCGGCGGCGCGGCTGAGGTTGCCTCGGGCCGTGGCGACGGCGAGCTCGAGCCGCTCGCGCTCGATCTCGACGAGCGTGCGCACGGGCGTCGGCGGCGCAGTCGAGCGTTCGGGTGCGGCAGCCGGCGGCACGGTCTCTCGCCGCTCGGGCATCGGCTCGCTCTCGGCGAGCTCGCGCGGCAGGTGCTCGGGCCGGATGGTGTCGCCGTCGGAGAGGATCAGCGCGTGCTGCAGTGCCGTCTTGATCTGCCGCACGTTGCCCGGCCAGGGGAAGCGCACCATCGACTCGAACGCCTCGGGCGCCATCTCAGGTGGCGTCGCGCGGCCGGCCTCGGCCGCGAGTCCCTGGAGCAGATGGCTGATGAGGGCCGACACGTCCTGGCGCTCTCGCACCGGTGGCAGGCCGAGGCAGGCCCCGTTGATCCGGTAGTAGAGGTCCTGACGGAAGGCGCCGTCGGCGACCAGCCGGGGCAGATCGCGACAGGTGGCGCAGACCAGGCGGACGTCGGCCTGCCGCGGCCGATTGTCGCCCACCCGGTAGTAGGTGCCGTCCTCGAGCACGCGCAGGAGCAGCGCCTGGAGCGGTCCGGGCATCTCGCCGACCTCGTCGAGAAAGAGCGTGCCGCCGCGTGCCGCGCCGATCTTGCCGTCGTTGCCTTCCCGGCTGGCTCCGGTGAAGGCGCCCGGGGCGTAGCCGAAGAGCTCGCTCTCGAGCAGGTGCGGCGAGAGCGCACCGCAGTTGATGGCGACGAACGGCCGATCGCGCCGCGCGCTGGCACCGTGAATCGCCCGTGCCAGGAGCTCCTTTCCCGTTCCGGTCTCGGCGAGCAGCAGGATCGGCAGCAGTGTGCGGGCGAAGCGCGCGCCGGCTTCCTTCGTGGCGACGACGGCGGGGTCGTCGCCGAACAGTGCGTCGAAGCCGCGATCGTTGCGCCCGCTGCGTCGCGTCGGCGCGACGGTGTCGCTCGACGGCTCGAAGAAGGCCACCACGCCGGCGAGCGAGCCGTCGGCGACAGCGATCGGTTCGAAGCGCACGCGGGTGCCGCGGCGATCGGCAAGAAGCCGCGCGGTCGGGAGCTCGGCGGCGAGATCGCTCTGTCCGTCGCGCGCGATCAGCTCGACCTCGCGCCAGCCGATCCCCACCAGATCGCGCAGCGACGGCTCGGCACCGCCATTGGTGAGCCCGAGCAGCGAGGTGGCGGCGCGATTGGCCGACCGCAGTCGCCCTCCTGCTTCGACGAGCAGCGCCGGCGCCGGACAGGCGTCGACGAGCCGGCTGGCGAGCAGAAGTGGATCGCTCGGAGGAGTCACGGGCAGGAGTGTAGTGGCTGTAGCGATCTGTATCAAGTGGGTCCGTCACCGAACCCAAGAAAAGTGACAGCGAATCATGCTGCCGAGCCGAGCGCTACAATTCGCTACGAAACGCTACGCTCGATCCTGGCCCGATTCGTGCTGATGGGATCCCGAGCATCGTGCGCACCTTCGACTCGTTGGACCTTCAGCCGGTTCTCTCCGCCCCTGTTCGAGGGGGTGGCGGGACGGATCACCTTGTTTCCGTGCCATCGACACGCCTCTGCCAGGGGCTTTTCAGACAAGGAGGGACCATGCAACCGAGTCTCCGCCCGCGACGCCTCGTCCGCACCCTGTTCGTGCTGCTCGGCGTCACCCTGCTCGCCGCCCGTCCGGGATCGGCGCAGCTCCAGTGGAAGTCGCAGGACGAGAAGTCGACCTTCAAGGTCGGCATCCTCGGGCAGTTGCAGGGCGAGTCCCTCGACGTGGCCAACGCCAGCGGCAAGAAGGTCGACACGTCGAAGAACCTCTTCCTGCGGCGCGCCCGCATCCTCATGAACTTCACCTTCGGCGACAAGCTGTCGATCTTCGCCGAGACCGACAGCCCGAACCTCGGCAAGTCGAATACCGCCGGGGTGAAGGACGCCAACGACATGTACCTGCAGGACTTCGTCGTCGGCTACAAGTTCAAGCCCACCTTCCAGATCGAGGCCGGCATGCTGCTGCCGGCGATCTCCTACAACCACAACCAGTCGGCGGCCTCGCTGCTGGCGGCCGACTACGGCGCCTACACCTTCACCGAGTCGACGCCGATCGGCGGCCGGGTCGGCCGCGATTACGGCATCCAGGCGCGCGGCTACGCGGCGGAGAACCACCTCGAGTACCGCGTCGGCATCCTTCAGGGGTCGCGCGGCACGAACGCGGCGAACGGCATGCGTACCTACGGGCGGGTGATGTACTCGTTCTTCACCCCGCAGACCGGCCTCTTCTACCGCGGCACCTCGCTCGGCAAGACGAAGACGGTCGCGATCGGCGCGAGCTACGACGGCCAGGAGGACTACAGCTCCATCGCCGCCGACTTCTTCGCCGACCTGCCGCTGCCCGGCGGCAATGGCCTCACCATCCAGGCCGACCTGATGAAGTTCGACGGCGACAAGTTCCTTACCGCGATCCCGAAGCAGAACGACAAGCTCGTCGAGATCGGCTTCTTCGCGGCGAAGGCCAAGATCATGCCGTACGTCCAGTTCGCGCAGCGCGACTTCGACGCGGTCTCGCGCATCGACGAGAAGCGCTACTCGTTCGGCATCGGCTTCTTCCCGGCGGGACACAACCACAACGTCAAGAT
CP064972.1_gap46	1787908	1791392	3484	CCCCTGTTCAAGGCGCTGACCCACTACGTCAACCCGGCGCTCGAGCAGTTCCAGAACACGACCAAGATCAGCGTCGCGGCCAACGAGAACGACTGCCAGTTCCACATCTTCGTCGGACCGTGGAGCAAGTTCTCGGAGTGCGACCGGGTCAAGGACTTCCTCACCAAGCAGGGGCTCAACTTCGAGTCGCTGCCGGGCGAGGCGGGCAAGGTGACGACCAAGATCAACGAGACGGTGATCGAGGGGTGGAAGGAGGCCGACCTCAAGGCGGCGCTCAAGTCGTTCAACTACCCCGAGACGGCGGACAAGGCGCAGATCAACTACGGGATGACGCTGCTGATCCTGTTCATCTTCCTGATCTACGTGACGATGGTGTACGGGCCGATCGCGGCGTTCCTCGTCGAGCTCTTCCCGACGCGGATCCGCTACACCTCGATGTCGCTGCCCTACCACATCGGCAACGGCTGGTTCGGCGGCCTGCTGCCGCTGACCGCCACGGCGATGGTGGCCGCCCGGGGCGACATCTACTACGGCCTCTGGTACCCGATCGTCGTGTCGATTATCACCTTCGTCGTCGGCACGCTCTTCCTGCGGGAGACGAAGGACCGGGACATCTACACGCACGAGAACTGACGCGAGCGAACCGCGGCGAGGGCCGGTCGGCGGACGGGATCCGTCGGCCGGTCGCGGTGCGGCCCGCCTCGTCCTCCTCGACTGGCGGCCAAGGGCCTTCGGCGCTTGCGGTTGCCCGATCGAGGAGGGACGCGGAGCCCGGCGAGGGGCGGTTGCCTTTCGCCGGGCGTTTTCTTCTAATGAGCCTTCGATGCGCATCGGCCTGTTCGCGGACCCCCACGCCAATCGCGAAGCTCTCGAAGCCTGCCTCGAGCACGGCCGGCGACACCGGATCGACCGCCACGTCTTCCTCGGCGATCTCGTGGGCTACGGTGCGGACCCCGGCTGGGTCGTCGACACGGTGGCCCGGCTGCAGGCGAACGGGGCCGTCTCGGTGATGGGGAATCACGACGAAGCGGTGGCGCGCGGTGCCGGGCAGGAGATGCACGGTGACGCGCTCGAGGTGATCGAGTGGACGCGCCAGCAGCTCGACGAGGGGCAGATGGCGTTCCTGCGCGCGCTGCCGCTCGCCGCCGAGGAGCCCGGACGGCTCTTCGTTCACGCCAACGGCTGGAAGCCGGGCGGCTGGGAGTACGTGCGGTCGACGGACGACGCCCAACGCAGCCTCGGCGCGACCGGAGCGCGCGTGACGATCTGCGGGCACCTCCATTCGCAGACGCTCTACCATCAGGGCCCGGCCGGGCGGGTGGAGGCGTTCAAGCCGGTGCCGGGGGTCGAGATCCCTCTCGGTGGCCTCCGCCGGTGGATCGCCGTGCTCGGTGCGGTGGGGCAGCCGCGCGACGGTAATCCCGCCGCGTCCTACTCGATTCTGGACGTCGACCGGGCCTCCCTCACCTGCTTCCGCGTGCCCTACGACGCGGCGACGGCGAGCCGGAAGATCCGCGAGGCGGGTCTGCCGGCCTGGCTCGGCTTGCGCCTCGAAGCCGGAGGCTGAATGGCGTCCGGTCCCGAGATCCTCGCACCGGGCGTCGAGATCGACGGCTTTCGCCTCGAGGAGGTCGTGCACGCCGGAGGGATGGCGACGATCTGGCGAGTCACGCGAGCCGATCTTGCCCTGCCGACGGTGATGAAGGTCCCGCGTCTCGGCGCGGCGGACAACCCGTCCTTCATCCTCTGCTTCGAAGTCGAGCAGATGATCCTGCCGCGGCTTTCGGGCCGCCACGTGCCGCGCTTCGTGGGTTCGGGCGACATCACCTCGCAACCCTATCTGGCGATGGAACAGGTCGCCGGGGGCTCGCTCGAGAAGCGACTGCCGCAGGCCCCGTTCGAACCGGACGCGGTCGCGGAGATCGGCGCGCAGGTGGCGCTGGCGCTCAACGACGTCCACCGCCAGCATGTCCTCCACCTCGACCTGACGCCCGACAACATCCTGTTGCGCGACAGCGGCGAGGCGGTGCTCATCGACTTCGGGCTGTCGCGCCACGATTTCCTGCCGGACCTGCTCGCCGAGGAGCTGCGCCTGCCGATGGGCACGGCGCCCTACATCTCGCCGGAGCAGGTGCTCCACGTGCGGAGCGACCCGCGGAGCGACCTCTTCTCGCTCGGCGTCGTCCTCTACGAGCTCTCGACCGGCGAACAGCCGTTCGGCAATCCGCAGACGCAGGCGGGATTGCGGCAGCGGCTCTACATGCGGCCGGTCCCGCCGCGGGCCCGCGACCGCGAGTTCCCGGACTGGTTGCAGGAGATCATCCTGCGCTGCCTCGAAGTCGACCCGGCGGCGCGCTATCGCGACGCCGCGCAGCTCGCCTTCGCGCTGCAGCACCCGGATCAGGTGCTCTTGACCGAGCGCGCGACGCGGAGCGCGAGCGACGGGGCCTGGTCGTCGCTGCGGCGGCGGCTCCAGGCCGGTAGCGGCACGCTGATCGCGCCGACCACGGCGCGTCCGGTCGACTCGATGCCGATCGTCATGGCCGCCGTCGACACGACCGCGGGCAACGAGGCGCTCGCCGAAGCGCTGCGCGAGACGGTCGTCGAGGTCCTGGCGACGGCGCCGCACGCGCGGCTGACCTGCGTGACGGTACGCAAGACGCCGAAGCTGGCGCTCGACGTGAGCGTCGACGAGGCGGGACGCAACCTTCAGGTGCAGGTGCTCTCCGAGCTCAAGCGCTGGGCGCGACCGCTCGACCTGGCCGACGATCGCATCTCCTTCCACGTGCTCGAGTACCCCGATCCGGCCGCGGCGCTCGTGGAATATGCGACGCTCAACCGGGTCGCGCACCTGGTCATCGGGGCGCGCGGCAGCTCGACGCTCCGCCGCTTCCTCGGCAGCACCTCGGCGCGTGTGGTGGCCGAGGCTCCGTGCACGGTGACGGTGGTCAAGCTGCCGGCCGCGCCGGGCGCCGAAGGCGAGGTCGCGTCCGGATGAGCGCCGAGCTCTTCCATCCCGGAGCGCGAGTCGACCGCTTCGTCCTCGGCGAACGGATCGCACGAGCGGTGCGAGCGACCTTCTGGCGGGTCGCCGGCGAAGCGGACGGCCTGCCGCTGGTGATGAAGGTGCCGCGACTCGACCAGCCGGACAACCCCACGGCCGCGGTGGGGTTCGAGGTCGAGCAGCAGGTCCTGGCTCACCTCCGCGGCCCGCATGCCCCGCGGCTGGTCGCGGCCGGCGACTTCGCGGGTCAGCCGTACCTGGTGATGGAGTACGTGCCGGGGGCCTCGCTCCACGACCGGATGGCCTCGCTTGCCGGTGCGGCGGACGAGATCGCGGAGGTCGGAGCCCGCATCGCCGACGCGCTCGCCGACCTGCACCGCCAGCGCGTGCTGCACCTCGACCTGCAGCCCCACAACCTGCTCTTCCGCCGTTCCGGCGAGGCGGTGCTGGTCAACTTCGGGCTGGCCAACGCGCTCGACC
CP064972.1_gap47	1855334	1856760	1426	GACGCGCAACCCGAACCACGTGCAGCAGGGGATGCCGACGGCCTGCCAGCAGTGCCACACGGAGAGCGCGTGGCAGCCGGCGAACTTCAACCACAGCGCGACGGCGTTCCCGCTGAACGGAGCGCACCGCAACGTGGCGTGCGCGAGCTGCCACCGCAACGGCCAGTACGCCGGGACGCCGAAGGACTGCTACTCCTGTCACCGGTCGACCTACGAGGGGACGCGCAACCCGAACCACGTGCAACAAGGGTTCCCGACGGCATGCCAGCAGTGCCACACGGAAAGCGCGTGGCAGCCGGCGGACTTCAACCACAGCGCGACGGCGTTCCCGCTGAACGGAGCGCACCGCAACGTGGCGTGCGCGAGCTGCCACCGCAACGGCCAGTACGCCGGGACGCCGAAGGACTGCTACTCGTGCCATCGGTCGACCTACGAGGGGACGCGCAACCCGAACCACGTGCAACAAGGGTTCCCGACGGCATGCCAGCAGTGCCACACGGAAAGCGCGTGGCAGCCGGCGAACTTCAACCACAGCGCGACGGCGTTCCCGCTGAACGGAGCGCACCGCAACGTGGCGTGCGCGAGCTGCCACCGCAACGGCCAGTACGCCGGGACGCCGAAGGACTGCTACTCGTGCCATCGGTCGACCTACGAGGGGACGCGCAACCCGAACCACGTGCAACAGGGGTTCCCGACGGCATGCCAGCAGTGCCACACGGAGAGCGCGTGGCAGCCGGCGAACTTCAACCACAGCGCGACGGCGTTCCCGCTGAACGGGGCGCACCGCAACGTGGCGTGCGCGAGCTGCCACCGCAACGGCCAGTACGCCGGGACGCCGAAGGACTGCTACTCGTGCCATCGGTCGACCTACGAGGGGACGCGCAACCCGAACCACGTGCAACAGGGGTTCCCGACGGCGTGCCAGCAGTGCCACACGGAGAGCGCCTGGCAGCCGGCGAACTTCAATCACAATGCCACGGCCTTCCCGCTGACGGGGGCGCACGTCTCGGTGAGCTGCACCGACTGCCATCGCAACGGCGTCTACGCCGGGACGCCCCGCGACTGCTACGCCTGTCACCAGCAGGACTACCAGCAGGCGCAGCCGAACCACGCCTCGGCGGGGTTCCCGACCACCTGCCAGACCTGCCACACCACCACGCGCTGGGAGGGTGCGACGTTCGACCACGACGGTCGCTTCTTCCCCATCTACTCGGGCCGGCACCGCAACGTGTGGAACAACGCCTGCTCGACCTGCCACGTCGCGTCGGGCAACTTCCAGGTCTTCGAGTGCATCCTCTGTCACGAGCACAACCAGTCGTCGATGAACAGCGAGCACCGTGAAGTCAACGGCTACCGTTGGGAAAGCCGCTACTGCTACCAGTGTCACCCGGACGGTCGCGCTGGTGACTGAGCTGCCAGACCTTCG
CP064972.1_gap48	1867191	1871247	4056	CGCGCGTCGCCGAAGCGCTCGTCGTCCTTGCGCTCGCCACGCCGTTCCAGAGCACCTTCAACAGTCTCAAGCAGGTCCTGCCGCGCTTCGCGCCGTACGCCTGGGATCAGCGTCTGGCGGCCCTCGACCGCACGCTCCACGGCGGCGTCGAGCCGTGGCGACTCCTCGCCTGGGCGACCCGACGGCCGGAGCTGCTTCGCCTGCTGGATCTCGTCTATGTGTTCTGGTTCCCGCTGCTCGTCGGCGTGATCGTCTGGTGCGGTTGGTCGGTGCGCCTGCGATTGCGGCGGCGCCTTCTCGCCGCCTCCTTCCTCGCCTTCGTCCTCGTCGGCACCGTCGGGGCGTTCGTCTGGAGCAGCGCGGGCCCTTGCTACTACGGGCGGCTGGTGCCGGGGCCGGATCCGTTCGCCGAGCTCGTCGGGTCGCTCGAACGACGGGTCGACGAGGAGGGGATGCTGCTCTTCGCGGTCGACAACCAGCGTGGGCTCTGGGAGGCGTGGCAGGCGCGGCGATCGCTGCCGTTCGGTGGCATCTCGGCGATGCCGAGCATGCACGTGGCGATGGTGGTCCTGATCGCGCTGGCGGCCGGAGCGACCGGCCGTCGCGCCGGCACGGTGGCCTGGCTCTTCGCCGTCGTCACCTTCGCCGGATCGATCGCCCTCGGCTGGCACTACGCCGTCGACGGCTACGTGGCCGGTCTGGCGGTCTGGGCGATCTGGGCCTGGGTCGGACGCTGGCCCTCGATCCGTCGCCTGCCCGAACGGCTCAACGACGTCTGAAGAGCGGCGGGATCTCCCCGTCGGCTTGGGCGAGGCGCTCGCGGCAGGCGTCGCAGAGCACGCTGCCGCGGACGTCGGCCGCCTCGATCCGGGAGCAGAAGTGCATCAGGCAGTTGGCGTCCTGGCAGTGGACGAGCCCGGCCACATGACCGAGCTCGTGCAGGATCTCGGCGAGGGCCCGTTCGAGAAGCAGTGGCGGGTCCGGCGCTTCGCCGTAGAACTCCGGCCGCAGCCGCGCCAGGGAGACGACCGCGGCGTTGCCGCCGACGCGCGCCCGCCCGAAGACGTGAGTGAAGATCGGCAGGCCGAGGTCGCGGTCGGTGAGCCCGATGAGCGGGGCCGCCGGGTCGTCGGCGAGTCGCTCGAGCGCGGCGAGCAGCGTGTCGGCGTCGAGCTGTCCGCGGCCGGCGAGCTCGCGGCCGCCGAGCTCGGGGCGTGGGGGAGCGCGGCGACAGGCGACGGAGAGGTGTCGGGAGAGTCCGCCGACGATCCGGTCGAGCTCGGCGGGCGGGGCGCCCGCCACGGCCACGAGGCGGACCTCGAGGATCGGCGGTCGCGACGGAGCGTCGGGCTCGGCGAGCATCGTCCGCTGCTCGCGGGCCTACTCTTCCTGTCCGGTGCGTTCGAAGCCGTAACGGCGAATCTTGTTGTAGAGCGTGCCGCGGTCGACGTCGAGCAGCTTGGCGGCCTGGGAGATGTTCCAGCCGCAGCTCTCGAGCACGTAGCGCACGTGCGTCCGCTCCATCTCCTCGAGCGACAGCGGACCCGGTCCGGCGGGCGGCGGGCCGTTCTCGGTCAGCCGCAACGGCAGGTCGCCCACCTCGATCGTCGGCGGCTTGCCGAGCACGACGGCGCGCTCGATGGCGTTCTGCAGCTCGCGCACGTTGCCCGGCCAGCCGTAGGCGCGCAACGCGTCGAGAGCGTCGTTGGTGAACCGCATCGGCTTGCGGTTCATCGAGCGCACGAAGCGGTCGAGGAAGTGCTCGGCGAGCGCGCTGATGTCCTCCGGGCGCTCGCGCAGCGGCGGGATCTCGATGGCGAAGACGTTCAGCCGCCAATAGAGGTCTTCGCGGAACGATCCGTCCTTGACCGCGGCCTCGAGGTCCTGGTTCGTCGCGGCGACGGTACGGAAGTCGGTGCGCACCGGACCGCTACCGCCGACCCGCGTCACCGTCTTCTCCTCGAGGACGCGCAGCAGCTCGACCTGCACCCGCGGCGAGATGGTGCCGATCTCGTCGAGGAAGATGGTGCCGGTGTCGGCGAGCTCGAACTTGCCCTTGCGGCGTTGCTGCGCGCCGGTAAACGCCCCCTTCTCGTGGCCGAAGAGCTCGCTCTCCAGCACCCCTTCGGGCAGCGCGCCGCAGTTGACCACCACCAGCGGGGCGAAGCGACGCGCCGAGCGGGCGTGGATGGCGCGGGCGACGAGCTCCTTGCCGGTGCCCGACTCGCCGCGCACGAGGACCGTGGCGTCGCTCGCCGCGACGGCGTCGATCAGCTCCTGGACGTGCTGCATCGCTCGCGAGACGCCGACGATCGGGCTGGCGCCGGCGACGGTGGCGAGCTGCTCCTTGAGGCGGATGTTCTCCGAGCGCAGCGAGCGGTGCTCGCTGGCGCGCCGGATGAGCATCGACAGCTCCTCGGGGTCGAACGGCTTGGTGATGTAGTCGTAGGCCCCGGCCTTGAGCGCCCGCACCGCCGAGTCGACCGAAGCGTAGGCGGTCATGATGATGATCGACAGGTCGGGGCAGTCGCGGACCAGCCGCTCCTGCAGCTCGAGACCGTCGATGCCGGGCATCTTGATGTCGAGCAGCGCGATGTCGAAGGTGTGCTCGGCCACCAGGCGCAGCGCCTCCTTGGCGCTGCTCGCGGTGGTCACCTGGTAGCCGTCCTGCCGGAACCAGTCGCCGAGCGACTGGTTGACGATCGGCTCGTCGTCGACCACCAGGATCGAGACGCCGGGTTCCTTCTTGAGCGTCATGCCGTGGCCTCGGAATCGCCGCTCGGCGTGTTTCGGGTGAGCGGCAGGTACGCGGTGAAGGTGGTCCCGACCCCCGGCGTCGAGGCGACGTCGATCGTCCCGCCGTGTCGCTCGACGATGCCGTAGACGACCGCGAGGCCGAGGCCGACGCCGGCGCCGCTCTCCTTGGTGGTGTAGAAGGGCTCGAAGACGTGCGGCAGGTGCTCGGCCTCGATGCCGCGACCGGTGTCGGAGACGCGAAGACGCAGCCGGTCGTCGACCGTGTCGGCGGCGATCGTCACCTTGCCACCGCCCGGCGTGGCCTCGAGGGCGTTCATCGTCAGCGCGAGGAGCATCTGCTGCATCTGCGCTCCGTCGCAGGGCAGGCGGGGCAGGCCAGGGGCGAGCTCCTGGCGAAGCTCGACGTCCTGCAACTCGAACTGGTGACGGACGAGCATGGCCACCCGCTCGACGATCGGCGCGATCTCCTCGGGGGCGATGCGTGCCCCGGGGGTGCGGCTGAAGAGCAGGAGGTTGCGCACGATGTTGCCGCAGCGCATCGCCTCCTCCTCGACCAGCTTGAGGATCCGCTCGGTGTCGGCGGCGCCCTGCGGAGCGGCGGCGGCGGGTTCGCCGTCCGCTGCTGCTGCGGCTTCGGCCTGGCGCCGGCGCAGCAGGCGGGCGTAGGTGGCGATGCCGGCGAGCGGGTTGTTGAGCTCGTGGGCGACGATGGCGGCGAGCTTGCCGAGCGACGCCATCTTCTCGACGAGGAGCATCCGGGCATGGGCGTCGGCGAGCTCGCGCGTCTTGTCGTCGACGCGTTGCTCGAGCCGGTGCCCCCATTCGTTCAGCTCGGCGTGGGCGGCGCCGAGCCGGACGGCCATGTGGTTCCACGCCCGGGCGAGCTCGCCGAGCTCGTCGGTCGAGCGGTCGGGAACGCGGGCGGAGAAGTCGCCCGAGGCGAGCAGCGGGGCCGCGGCGGTGAGCTCGCCGACCGGGCGCAGCACGAATCGCCAGACGAGCAGCCAGGTGAGGCCGAGCAAGGCGGCGACCGTGCCGATCAGGCCGGCAAAGAGCTGCCGTTCGGAGGTGGCGAGGCTCTCGTCGACACTGGCGAGCGACATCTGGACGTCGAGCACACCGAGGATCGTCCGGTCGACCGGATGGGCATGACAGGCGGCACTCGAACAGGAGGCCTCGTTGCGGATCGGCAGGATGACACCGAGCACGCGCTCGCCCTCGGCGGTGCGGAAGGTTCTCGAACGCTGCGGGACGTCGAGATGGGTGAGCGGTTTTCCCGCGGCATGACAGGAGACGCAC
CP064972.1_gap49	1956976	1961702	4726	CAGGCGCGACAGCCCGCGGCGCTCAGGCGGCGCGGACGAGCAGGAAGGTCATGTCGTCGGAGGGGGCGCCGCCGGCCGTCCAGCGTTCGGCGGCGTCGCGCAGCGCCGCGAGCACCGCGCCGGCGCCCGAGGGCTCGTCGCCGAGACGACGCACGGCGGCGGCAAAGTGCGCCCGGGCGGCTTCGTAGCCGAGAGGCTCGCCGGTGGGCGACTGCAACTCGGGGAAGCCGTCGCTCATCAGCAGCAGGTGGTCGCCGACAGCGAGCTCGACCTCGACCTCCTGGTACGTCGCCCCGGGCATCGACCCGAGGGGCAGGCCGGTAAGCGTGATCTCGTCCACCTCGCCGGTGGCGGCGTGGAGCCAGAGCGCCGGCGGCATGCCGGCCGCCGAGAGGGTCAGCCGCCGCCCGCGCGCCCGGACGACCGACAGCGCCATCGCCATCCGGCCGAGCGCCATGCGCTGGATCTGTGCGTTGGCGCGGCCCAGGAAGGCGGCGGGAGCGGCCGCACCCGCCTCGCAGATGAAGAGGCTCTTGACCACCGTCACCATGGTGGCGGAGGCGGCGCCGTGGCCGGTGGCGTCGCCGATGGCGAGGGTGACGTCTCCGTCGGCGAGCGACTGGCCGTCGTAGTAGTCGCCGCCGACTTCGGTGGCGGTGTGCATCGAGACGGCCAACTCGAGCCCGGCAACGGGCGGCAGCTCGCGCGGCAGGAGCGAGAGTTGGAACTGACGCGCCTCCTCGAGCTCGCGCCCCTTGCGCTCGTTCTCGGCGGCCAGCAGGCAGCGGGCGATCTCTTCCTCCTTGCGGAGCTTCTCCTGGGCGAGCAACTGCTGCTGATTGGCGCGGAGCTGCTCGGCCATGCGATTGAACGTCGTGGCAAGGCGGCCGATCTCGTCGCGCGAGCGCACCGGCACGCGGGCGTCGAGATCGCCGGCGGCGAGGCGTGAGGCGCCGTCGTTGAGCATCGCGAGGTTGCGCGTCATCCGCTCGGCGAGCGGGAAGATCCCGGCAAGCGCGATCGCCACCAGTCCAAGGCCGAAGCCGAAATTGCGCGCCGTCGCCCGGCCGAGCGCCGCGAGCGCCTCCGAAATCGGCCGGGCGATGCCGTAGCGCATCCCGCTGCCCGGATCGCGGCGTGCCACGACGACCCAGTCGCCGACCGCCTTGACCCCGCGGCCACCCTTGGCGGTCGCCTCCTTGAGCCAGGGCAGGCCGGCCAGACGGGCTGCGTGCTCGGTGTTCGCGGCGTAGAGCTGATCGCCGGCGTCGATGGCGAAGGGGATCTCTCCCTGTTCGGCATGGGTCTCGGCGAGCACCGCCTGGAGCAGCTCGCGGGCGCGGATCCGCGCCGTGACGGTGCCGACCACCTTGCCGTTCTCTTCGATCGGGCAGGAGTACTCGCCCTTGAGCACCTGCTCGGCCGGGCTCGCTGCGATCGCCGGGACGGCCGCCGCGGGCGGTGCGAGGCCGGTGCCGGCCAGGTGAGCGAGCTCGGTGGCGGCTCGGCGCTCGACTTCGCGGAGCGCCGCACGAGTGTGGAGGTCGGCGTCGTTCCGCTCGGCGGCGGCGCGCGCGCGGGAAGTCTGGGCGAGGGCGCGAGCGACCTCGCGGCGGACGCTCTCGAGCTCCCGGTGCAGCGCCTGCTGATCGACATCGCTCCAGGTACGGATGACGATGCGCGGCAGGGGGGGCAGCACCGCCCCGCTCGTCCGCGCTGCGGGCGGCGGGGCCGAGCGAGTCGCGGACCGGGCAGAGATCCCGGGCGGGGTCTCTGCGGCAGAAGGCGGATCCGGAGCCTCCTCCGCCGTCGGCGGCTCGGGGACGAAGCGGAGGTCCTCGAAGTAGGGGGCAGCCTCGGCGAGCGAGGCGAGGACCTCGGCGGGCAGGGTCGTCGCCTCGGAGGCGCCCTCAGCGTTCGCCCACGCGCCTGCCGGGAGGTCGCGCAGCCGCTCAAGCCGACGACCGACGCCGCTTGCCACACTGGCAACGCGCGTCTCCATCTCCCGGGCCATCAACTCCGCCTCGAGCTCGGCGGCCTCGCGGAGCGCGGCGCGTGAGGTGGCGTAGCTGTAAAAGGCGATCCCCGACAGGGGGACGGCCGAAAGCAGGAAGAAGGTGAGGGCGAGGCGGAGTTTGAGCGTCATCGGGGAGGGCGTCCGGCGCTAGGTACGCGCCGCACGCCGGAAAGGTTCTCCCACCGTTCGGAGGCGCCGGGTCGACCGGGCGGCGATCAGGGGCGGGTGAGCACGGCCCAGGCGGCCGATCCGCCCGAGGCGAGGCTCGAGGCGAGGATCCGTCGCGCCGGAGCGAGCGCCGAGCCGTCGTGCGGTGCGAGGCCGAGGGCGGGATCGGCGTTGGCGAAGCCGGCGGTCGGCCAGTCCGCGTTGCCGTCGAGGGCGAGCACCGCCGCGGCGAGCGCGCCACCGGAGAACTCGCCGGTCGTCCCCTTCGGAGCGAGCACGGGCGGCAGCGTCTCGCCGAGCGCGCGGTGCAGCACGGCCGCTTCGAGGCGATCGCCACGGCGCGCGCCCGAGGCGCCCGAGACGATCCGGTCGAGCGACGCGGTGTCGATCCCGTGTCGCGCCAGCCCGCGCGCGAGACCCTCGGCGAGCGGCGCGATGCCTTGACCCCAGGAGAGCGGCGGCGCCGTCGGGTCGAACCCTCCCCAGGCGGCGTTTACCACGGCGAGCGGTCGAGCGCCGCGCGCGGCGGCCGTCGGCTCCGACTCGAGCACCAGGACGGCCGCGCCTTCGGCGGCGAGCAGTCCCGTGCGGTCGCGGTCGAATGGGCGCGGACGTTCCCGGCCGTCCGGCTCCGGCAGGGCGAGGGCGCGGAACCGATCGAGGAGCGCATGGAGCAGCGGCGACATCTCTTCGACCGAGCCGACGAGGGCACGGCCGACGCGCCCGGTGACGACCAGGCGCGCCCCTTCGGCGAGCGCCAGCAGCGGCCCGGCCTCGCGCTGGGTGATCGTCACGTTCGGCCCGAGCGCCTTGCAGGCGAGCGCCATCTGGGACGCGGGAGCGCTCGCCACCGACTCGGTGAAGTGGAAGGGCGAGGCCTGGTCGGGGCCGCGGTGAAGAATCGCGTCGAGCATCTGCTCGGTGATCCTCACCGGACCGAAGGCGGTCGCCATGACGATCCCGGTCGCATCGAATGGAGAGCTCTTCTCGTCGAGCCCGGCGTCGGCAAAGGCGAGGCGCATGGCGGCCACCGCCAGGCGCGACGGGTAGCTCATCCGCCGTGCGGCTGCCGCCGGGACGAGAGGTGCGAGCGACTCGGCGGGCACCAGCGCGGCCAGGCGGGCGCCGCTCGGGCGATGGTGTCCTGCCGAGCGATCGACCTCGACCGTCGCCGGTTGGCCGGCGGCGAGCGCCGCCGTCAGGGCGTCGCGCCCCGCGCCGTGCGAGCCGACCCAGCCCACGCCGGTCACGACGACGCGGCTCATCACCCGCCTCCCGTGAGGACGACGGCGGCGTTGCTGCCGCCGAAGGCGAAGTTGGTCGAGAGAGCGATCGCCTCGGCCGCGACCGGGCGCGGCAGGTCCCGCACCAGATCGACGGGGCCCTGCGGGTCCACGGCGCCGCCGCCGGGGGTCGGATGGACGGCGTGCTCGATCAGGCAGAGCACCGTGGCGACCGCTTCGATCGCCCCGGCGGAGCCGAGCAGATGGCCGACGGCGCCCTTCGTCGAAGTCACCGGGATCCGTCCGGCGCGTTCGCCGAAGACTTCGGCGAGCGCCGCCCACTCGGCCGCGTCGTTGAGCGGCGTGCCGGTGCCGTGGGCGTTGACGAAGTCGATCTGCGCCGGCTCCAGGCCGGCGTCGGCGAGTGCCGCGTGGATCGCCCGCGCTACCCCCAGGCCGCTCGGGTCGGGAGCCGTCATGTGGTGAGCGTCGCAGGAGGCACCGGCGCCGAGCAGCCGGGCGAGCGGCCGGGCGCCGCGTGCGACGGCGTCCGCCTGGCGCTCGAGGACGAGCATCGCCGCGCCCTCGCCGATCGACATCCCTTCGCGGTCGGCGCGGAACGGACGGCACGGGCTGGGGTCGACGGCGCGCAGCGAGTTGAAACCGGCGAAGGTGAGCTGACAGAGAGCGTCGGCGCCGCCGGCCAACGCCACGTCGACCTCGCCGCGGCGCAAGTCGTCGAGGGCGTCGCCGAGGGCGAGGGTTGCCGAGGCGCAGGCCGAGCAGATGGTCCGCGTCGGGCCGCTCGCGCCGACGGCCCGGGCCACGGCGTCGCCCGGCGCGCTCGTCTGTTGGGAGAGCAGCAGTCGGAGCGAGGTGCGCCGGCCGCGGGCGCCGGTCCAGCCGTCGTAGAAGAGCTCGGTCTCGAAGGTGCCGCCGGTCGAGCAGCCGAAGTAGACGCCGACCCGCCGGTCGCCGAAGCCGTCGGCGAGGCCGGCGTGGGCGAGCGCCTCGTCGGCGGCCGCGAGACCGAAGCGGTCGGCGAGCGACGCGCCACGGAAGCGGCGCACCGGCGCGACGTCGCCCGGCACCTCGGCGGCGACGCGGGTGCGATGGGGCTCGACGTCGAATCGGGTCACTTCGCGGATCGACGTCCGGCCCCCGGCGAGCCCGCGCCAGAGCGCTGCGACGCCGAGGCCGTAGCCGGAGACCGCCCCGATCCCGGTGACCACGACGGCGGGTCGAGGGCGCAGATCGGTCACCCGCGGCCTCCCTGCTCGGTCCGGGAGCGCTCGAGACGCTCGACCAGCGAGACGAC
CP064972.1_gap50	1962880	1966272	3392	ACGCGGTGTTCTTCGCGGACCTCGGCTCCAGCCTCGGCGGCATGGGTCAGCAACATCCGGTCGAACCGCGCCCGCTCGACCTGCCAGGTCTGCGGCTCGGCGAGCTCGCGCGAGGCGGAGAAGTCGGCGTAGCGGTCGTGCGAGCCGTCGTGGGTGATGAACGTCGCGCCCCACTTGACCTGGTAGCCGGCGGCACGCACCTTGTCGGTGAGGCCGACCGCGGCGAAGGCGTCGTTGCAGGTGGCGAGCAGCGATTCGCCGATGTGGAAGCGGGGGAACCGGTCGCGCTCGAGCACGAGGACCCGGCGTCCCCGCTGGGCGAGATGGGTCGCGGCGATGGCTCCGGCGGGACCCCCGCCGAGCACGGCAACGTCGTAGGTGGGCGGTGTCAGCTCGTTCATCGCAGAGTCTCCAGGGCCGCGGAGCGGGCGCGGAGGCGTGGCAGGTCAGTATACTTGCAGCGGAGCAGCCAGCCCTCCGCGGCCGGCTCTGTCGATGACCTCCGATCCGATTCTCCGGGACTTCGCCGCGCTGCTTGCCGCAGAGCCGCGCCGCCCGCTCGTCGCTTCGCCGCGGCGGCGCGCCACCGTGGCCGACGTGGATCTGGCCGCGGGTCTCCTCGCCGGTCTCGTCGGCCGGCGGGAGCTCGGCGAGGGTCGACTCGTCGGACTGGCGGCGCCGAACGGCCCCGCCTTCCTCGCCGGTTTCCTCGCGCTGCGGCGGGCCGGCTGCGTGCCGATCCTGCTCGATGTCGCCGCCCCGGAGCCGGCACGCGCCGCGGTGGTCGCCGCGCTCGGCGGTGCCGGCGTCCTGGCGACGGGTCAGGCGTGGGCTGCAGGAGCGGGCGAGTGGAGCTATCTCCCCGCCCCGGCTGCCGCCTCGCGGCGCCTCGCACCCGAGCTCGGGGCGGTCAAGCTGACCTCGGGGTCGACCGGTGCGCCGCGCGGCATCGCCGTGCGGGCCGAGGCGCTCGCCGCCGACGACGATCAGCTCACCGCGGTCATGGGGCTTTCCGCCGACGACCGGATGGTCGCGGCCGTGCCGCTCTCCCACTCCTACGGCTTTGCCAGCCTGGCGCTCCCGGCGTTGCGCCGCGGCGCCCTGCTGCTGGTGGCCGAGGAGCGCTCGCCCCTCGCGCCGCTGCTCGCCGCCCGGACCGGCGAGGCGACCTTCTTTCCCACCGTGCCGGCGTTCCTGGGGGCGTTCTCCCGGCTCGCCGAACCGCCGCCGCTCCCGGCGACCCTCCGCCTCGTGGTCAGCGCCGGGGCCCCGCTCGCACCCGAGACCGCGACGAGCTTCCGCGAACGCACCGGACTTCCGGTCCACGTCTTCTACGGTGCCAGCGAGTGTGGCGGGATCGCCTACGATCGAGTCGGCGGGGCGGCCGAGCGCGGCTCGGTCGGCGAGGCGATTCCGCACGTCGCCCTCGAGCTCGACGCCGAGAGCGGGAGGCTCGCCGTCCGTTCGGCGGCGGTCGCCGACGGCTATCTGCCCGAGCGCAGCCGCGAGGACGGGAGCGACACCGGGACGGATCTGGGCGGCGGTCGCTTCCTCACCGGCGACCTCGCCGCGTTCTCCGGCCGCGAGCTTCGTCTTCTCGGACGCGCCGACGACCTGATCCTGGTGAAGGGGAAGAAGGTCAATCCGCGCGAGGTGGAAGGGGTGCTGCGTGGGCTCGCCGGGGTGACCGACGTGGCGGTCGTCGGAGTGCCGGCCCCGGGGGCGGCCGGGGATCAGGTCCGCGCGGTCGTCGCCTGTCCCGGCGGCGAGCTCGCCTACGAAGCGGTCGCGGCTTACTGCCGGTCGCATCTGCCGGAGCACAAGGTTCCGCGCAGTCTCGTCCTGGTGCGCGACCTGCCGCGTACCGATCGCGGCAAGCTCGACCGCGCGGCACTGCTCGCCTTGTCGGGCCCGAGCTGATCGGCGTCGGCGGCCGATCACCTGCGGCCGCACCGCCATCCCGCTGCTAGACTCGCCTTGTCGCGGCTCGCCGCGCCACCCTCGGGAGCCGGATCGATGGAGACCACGCGCTACGACGTCGTCGTTCTGGGCGGAGCTTTCAGTGGCTCGGCGGCGGCGACGCTGCTGCGACGGGAGGCGCCGCAGCTCTCGATCCTCGTGGTGGAGAAGGCACCGCGATTCGACGCCAAGGTCGGCGAGGCCACGACCGAAATGTCGGCGATGTTCCTCACCCGCCGTCTCGCCCTCTGGCGACATCTCGAAGCCGAGCACCTCCCCAAGGAGGGCCTCCGCTACTGGTTCGTCAACGAGGGGGTCCACAACCACGGCGAGGCATCGGAGACCGGAGGCTACCTGCGGTCGACGATTCCCTCGTTCCAACTGCGCCGCGACGTGCTCGACGAGCACCTTCTCGCCGAGGCGGAGCGCGAAGGGGCGACCGTCTGGCGTCCGGCGCGTGCCGTCGAGGTCGAGATCGGCGAGCTCGATCACCGGGTGACGATCGAGCGCGGCCGCGAACGGCTCGACGTGCGCTGCCGCTGGCTGCTCGATGCCACGGGGCGGGCGACCTTCGTCGGCAAGCGACTCGGTCTGGTCGACCGCACCGACGAGCACCCGACGACCTCCTGCTGGGGACGCTTCCGCGATGTCCGGCACATCGACGACCTTGCCGCGCGCGAGTACCCGGCGCTGGCCGCCGGGAACATCGGATCGCGTCGCCTCGGCACCAATCACTACGTCGGCCGTGGCTATTGGGTGTGGGTGATTCCGCTCGGCAACGGCGAGACGAGCATCGGCGTGGTCTACGACCGCCGGCTGCTCGACCTCGACCCGCAGGGCGCGCACCGCGGCGATCCGCGCGGCGCGTTCGAGGCGTTCCTGCGCGCGCATCCGCTGCTCGGCGAGCTGCTCGCCGGCGCGACGCTGCGCGAGGAGGACTATCGCGGCTACTCGCGTCTCGCCTATCTCTGCCGGCAGTACGCCGGGCCGGGCTGGGCGCTGCTCGGCGATGCGGCGGCGTTCCTCGACCCCTACTATTCGCCCGGGCTCGACCATGCGTCGTTCACCATCGAGGCGTCGGTCGAGCTGGTCAAGGCGGAGAGCCGCGGCGAGCCGATCGCCGAACGCCTGGCCGAGCACAACGCCACCTTCCGTCGCTCGTACCTGCGCTTCTTCGAGGCGATCTACCGCGACAAGTACTTCTACATGGGCGAGCACGACCTCCTGTCGGCCGCCTTCCTGATCGAGACGGCGCAGTACTACCTCTTCGTCGTCACCCCCGCCTACCGGCTGCACAAGCGGTTCTTCTGGATGCCGGTGCTCGGACCGCGCGAGGCGGCGTTCAACTACTGGCTGATGAAGACGGCCAATCGCCGTTTCAAGAAGATCGCCGAGTGGCGCCGCCGGGCGGGAGAGGCCGGGCGACGCAACGC
CP064972.1_gap51	1975401	1977137	1736	CCACCGGCACCCCCTCGCGGCGGTAGGCGAGGCCGGCGACGCGAGCGAAATCGCCCGCCGTCGCCCGCTCCGCGCCGCCGCGGGCGGCAAGCGCCTCGACCAGCTCGGCGAGGGTGTCTTCGCCTTCGCCGCGGACGATCAGGTCGACGTTCGGGTCGGAGGAGAGGATCTCCTGCCAGCAGAAGGTCGGGTGGACGTTGCCCATCAGCGTCACCGTCCGCGGGTTCCAGCGCTTGGCGGTGGCACAGACTTCGCGCGCGTCGGGCTCCATCGCGGTGATCGCCGTGACGCCGACGAGGTCGGGGCGGAACGCCTCGATCTCGCGTGCGATGTCGTCGTGCGTGTGGCCGAGCGACATCGCGTCGTAGATCCGCACCTCGGCGCCGGCGGCGCGGGCGTGCCCGGCGAGGTAGACGAAGTGCAGCGGCATCCAGACGCCGGCCGACTCCACCACACCCGAGTGGTAGGGCGGGGTGATCAGCAGGACGCGCGGGCGGTGGCTCACTCGGTTCGGCTCCTCGGTCGGCGGTCGACGCAGCCTATCGCGGCACGGGCTGTTCTGCCCACGAGACAGGCGCTCACCGGAATGCCATCGTCCATTGCCACCAGATCCCGCCGCCGAAGACGGTGAAGAGCACCAGATGCTTGACGATCAGGGCGCGACGGCGTGCCAGCTCGGCTTCCGGGCCGTAGAAGTTGTCGACATAGGTGAAGGTCCGACCGGCGCCGGTCGCGAAGACCAGCATCACGGCGACGAGCCCGATCCAGAAGAGCTCCCGTTCCAGCCCGTCGAGGACGGTGCGGGAGGTGGCGTCGACGACCGCGCGCTCGAGCCACCAGACGCCGAGCACCGTCGCCGCCCACACGCCGGCGGCGAAGTCGTGAAGAAAGCCGATGATCACCTTGCCGATATTGCGCACGGCGTTCAGCTCCCGATCGACGTTTGCGGCCGGGCGAGATGGCCGCTCTGCCCGCCCGCACCCGGCTGGAATCCCTTCGGCTCGAGGTAGTCGCTGCGTTCGGTCCGCCCCTTCTGGACCTTCCACACGCCGCTCTCGCGCGCGAGCTCCCAGCGCATCCACAGGTCGGCGACGAAGACCGGTCCGGCGGGCATGCCGGGCTTGAGCGCCCGATCCCAGTAACGCCAACGCTCGCGCGTGCGCACGACCATCGCGTCAGGCCCCGGCGTGGTCGCCTCCAGCAACTCGAGCGACTCGACCCGGCTCTCGAGTGCCAGATGGCCTGCCCGCTTGAGGTCGATGAGGGCGACGAGCCGCCGCAACTCGTCCTGACCGGCCACGGTTTCGAGGCCGCGTGGGTCGTTCGTGCGGTAGGCGACGATCAGCGCGTCGTTGTAGCGACGCACGGCCGCCTCCGCCTCGCGCTCGAGACGGAGGCGCGCACAGCCGGCGGTGAGCTCCACTGCCAGAGCCGCAGCGAGGCCGAAGCCGAGAGCGCGCCGGCCCGCTCTCAACGCGGTTCCCCGACCATGTAGAAGTTGTGGATCGTCGGCGTGACGAGGACGACGACGTAGAGGGTCACGATCATGAACGCCAGCGCGAGGAGCGTGAGCCACGCCATCCGACGCGGCGGCCAGCCGTGCAGGATCCGGAAGTGGAGGATCACCCCGAGGGCGACCCAGGTCGACAGGGCCGTGGTCTCGATCGGATCCCACGCCCAGTAGCGGCCCCACGACTGGTGTGCCCAGAGCGAGCCGGCAGCGATCATCACGCCGA
CP064972.1_gap52	1989468	1991818	2350	AGACCTCCTTGGGATCCCAGCCCCAGTAGCGTCCCCACGACGAAGCAGCCCAGATCGACCCGGTGAGAATCCCGGTGAGCAGCAGGATCGAGCCGACGTGGGTGTACCAGTAGAGCATCTCGCTCCAGCGCGTGGCGAGGTCACGACGCGCCGGCGCGAAGATCTCGGCGCCGACCACGAGGTGGCCGAACAGGGTGACGATCGCCAGGCAGGCGTAGCCGATCATGATGATCGGCACGTGGATGGCGAGCCACGGCGTGCCCGAGAGCACCGGCGGCATCGGGTGGATGAACGGATCGATCGGCAGCAGGTCGAGAAGCGCGGTGGCGAGCGCCGACATCGCAGCGGCGTTGAACAGCAGCATGCGGTTCCTCAGCGCGATGCCGAGGATGCCGACGAGCGCCACGCCCCAGCCGAGGAAGAGCATCGACTCGTACATGTTCGACGCGGGAACACGCCCGGCGATCTGCCAGCGGGTGGCGAGCCCCCAGGTCAGCACGGCGAAGCCGGCGAGATGAGCGATGCGGGCGACCCACTCGAGGCGCCAGCGGTCGCGCTCGAGCGTGAACGCCGCCGCGAGAGCGGCCGGGACAAGCAGCAGCCAGCCGAGGCGAGTGGGCCGGCGTGCGTTGTAGCCGATCTCGCGGTCGATCGCGTCGCCGGTCGGGTAGTGGGCCGGGGCGTTGGCCCGCACCTGGGATTCGAGGGCGGCGAGGGCGGCGGCGCTCCGCGCGCCGGTCGGGACCTGCCAGGCGCCGTTGGGGTCGGCGGCGGGCAGAGCGCGGATCGCTTCGCCGCGGAAGTAGGCGTCGAGCACACCGAGCCGCTCCTCGGCGGCCATCAACTCCTTCTCCTCGGCCGTCGGCTTGGCCTCGTCGGCGTCGAGCCGGGCGTGCATTTGCCGCGACGCGGCGAGCAGCGACTGGCTCTCGACGAGCGAACGGAACGAGGTGTAGCGCGTTCCCTGGGGCAACCCGGCGACCTGGGCCACCTCGGCGGAGACCTTGACGATCGGCTCGTTCGACCAGCCCTGCGGATCGGCGCTCCAGCCGAGGGCCATCGCCACCGGATCGATGCCGGGCCAGGCGCGCTTGCCGGTGACCTTGCGCACCCCTTCGCGAGCCTGCGTGTCGAAGGGCATCGTGCGGCCGTCGTGCTGCACCGGCAGCGTGCGCACGCGCGCCGCGGAGGCGGCGTCGGGAATCTGGGCTCCATCGGCGGGTGACACGGCGGCGAGGCCGAGCACGGCCAGCACGACCGCTCCCGCGCGCGCCGCCAGGCCACGCGACGTCCCGCGCGCCTGCATCTGCTGGGCTTCGCGGTGCTGTGCGAGACGGGTGACGAAGACGACGATCATTCCGGCCACCAGCAGGACGTAGCCGAGGAAGACGATCGCCTGGCCGGGGTCGCGAGAAACCGAGAGGATCGTCGCTTCGCGGCCGTTCTCGATCTGGTAGCTGCTCTGGAAGAACTCGTAGCCGCCGTAGGTGAGCGGCTTGTTCATCTCGATGACCGCGGCGTGCTCGCCAGCGGCCGGGTCGACCACCGTCACCCGGCTGCGGAACATCGACGGCATCATCGTGCCCGGGTAGCGGTCGATCTCGAAGGAGTCGACCCGCACCACGAACGGCAGGTCGAAGCTCTTCGCTCCGCCCGGTGCGGCGTCGCGCAGGAAGACCTTCGCGGAGCTCTGACCCTCCCAGATCGGCAACTGACCCTCGACCTTGAAGACCGCCGTCGTCAGCGCGCCGCCGAGGATGATCAGCATCGACAGGTGGGTGACGGCGAAGCCGACCCGATAGCGGTTCTGCGGCCAGCGGTCGATGAGCGCGGCGATCAGGTTGAGCGCGAAAAGCCCCTGCAGCGCGAAGAACCACGGGGCGTAGTAGATCGAGCGCGCCTGCTCGGCGCCTTTCAACGACTCGAGAATGGTCCCCGCCGACAGCACGACCGCGATCAGCAGCACCAGCACCACGGTCAGCTTCAACGAGCCCAAAGTCTGAATTGCCTTGGTCACGACGGCCTCCTCGCCTTCAAAGGGTGAAGCATATCGTCCGGAGGGCTCAGCGGGGCAGCCTCTGCTCCGCGAGGGTGGGGGCGCTGGCGTATAGTCGCCGGCCGTGACGCAACGTCCTGCGGGCCCCCGGAAGGGCGGTCGGAGCGACTGGCGGGTCGACCCGGCGCGCTTCCGCCTGCTCGCGGTGATGGTGCCGCTGCATCTCCTGGCCTTCCTGGCGCTCTACCTGACCGCGGTGCGGCTCCTAGAGGACGCCTACGGGCGGGCCGGCATCGAGGGAGCCCGCCAGCGGCTCGATCATGCCGTCCAGGAGATGCCGTTCTTCGTGCCGCA
CP064972.1_gap53	1995850	1996686	836	TACTCCTGCGGCCGTTGCCACACCACCGGCTGGTCGAGCGACGCGACGATCAACGCGAGCAAGGAGCCCGAGAAGTCGTTCCCCGGCGTGACCTGGGATCGCAACTCGAGCGCCGGCTTCGGCGTCGTCAACCTGACCGGCGGCGTTTCGGGCGATGGCAACAAGTATTCGTCCTGGGACGTCTGGGGCATCAGCTGCACGCGGTGCCACAACTCGGTCGTCGACATGAGCCTCGTATCGTGCGGCGGGCTGGTCCAGGCCACCTGCACCACGCTCGGCGGCTCCTGGAGCTCGCCGAACTGCTCGAACATCTCGCCCACGGCCTGCACGACAAACGGCGGAACGATCAACAACTACGTGGCCCCGAGCGGTCGCTCGAGCCATCACAACAACCTGACCGCGGCCGATGCCGGCGGCGGTGTCTGCACGAAGACGGACTACACGAGCGAGTCGACCTGCACGGGTGCCGGTGGCTCCTGGCTGACCGCCTGCAGCGTGAACCCGACGGCTGGCGTCTGCACCTACGGCGCGGCGACCTCGGCCAACTGCACGACCGCCGGCGGAAGCTGGTTTGCCGTCGCGGGTTGGTGCAGCAACGCCTTCTACACCACGCAGGCGACCTGCACGGCCAACGCCTACACCTGGCAGGACGGCTGGTGCACCACGGCCGACGCGATCGGCACCTGCTCGGGCGGCTCGGGCAACACCGCCAAGACCTGGCGTGCGAACGGCACCCAGGCTTCGTGCCAGGTGGCGAGCGCGACCTGGTCGTATTCGAAGTGCTCGCTCGAAGGCTTCTGCAACAAGGGCACGAACGTCACCGACAAGGCCACCTG
CP064972.1_gap54	2093733	2094499	766	AGCGGGATGGCTGTGGGTGTCGCGTGTGGTCCACGCGGTGCCGGGCATCGCCGTGCCGTCGGCGGGATAGTGGAAGTGCGGCTCCCAGCCGGGGGCCCAGAGCTTCTCGCCGACCGGGGTGAAGAGCTCGAGCGCGCGCGCGAGCTCGACCGGGACGCGGAGTGTGCCGCTGCGCCGGATGTGGGCGCGGGCAGGAACGTGTGGCGTGGGAGTTGATGAGTGAGCGAGGGCGGCGACGAGCAGGGCGCTGGCAATTGGCATGGCATCCTCCTTGGTGGTGAGCGATCTTGGTACATAGATACCAAGTTGTCAACGGACCCAGCGCCCTGTTCTATGCTCTCTGGCATGGACCCGATCGTCGAGAGAGTGCAGACCGGTGTGCGGTTGGAGAAGCGGCTGCTCAAGGTGCTCAAGGGGCTGGCCGAGTACCTCGACCTGTCGCTCGGAGATCTGCTCGAGGGCGTGGTGCTGCACGCCTTCGAAGGCAAGGCGCCGTTCGGTGCCGAGACGCGCGCCAAGATCGAGCAGTTGAAGGCGGTCTACGGCTTCGACCTCGGCGCCGAGGCCAGTCATCGCATGGTCGAACGGCCGGCGCGTGCGGCCACGCGGACCGGCGCACCCCGGCGCGCCAAGGCGCGCCAGGGCTGAGGAGGCGGCGCGTGTCGGCTCCGGATCGCCGGGTCTTCTTCGTGCCGTCGCAGTTCCCGACGTTGCAGGCCGCCATCGAGGCCGCCGAGGGTGCGGTGACGATCGTCGTCGAGCCGGG
CP064972.1_gap55	2101140	2102339	1199	CACGAGGCCGACGCCGGCGGTCTGCGACTCACGCCGGGAGGCGAGCAACTGCGCGAGCGACCGCTCGAGGCGCTCGTCGCCTGGAGCTCTGGGCGGCTCCTCGCGGCCTTGCGCGGAGAAGGGCTCTTCCTCCTCGACGGCACGCGCCTCGAGCGCTTCGCGCCCACGGCGTCGGCCTGGGCGGCGGCTCATCAACTTTCGTCCGCGGTGCGGCTGGGCGACGGTCGCGTGGCTTTCGGCTCGTTCGACGGCGGGCTCTTGCTGCTCGACGCCGACGGCTCGATCGCGGGGCAGGTCGACAGCTCGGCGGGGCTCTCGAGCGACACGGTGTCGGCGCTGCTCGCCGATCGCGAGGGGGCGCTGTGGGCAGCCATGCAGAGCGGCATCGCGCGGATCGAGACCGGATCGAGCCTCTCGGTTCTCGACGCGCGGCGGGGTCTGACGAGCACTCCGACCGCGCTCGCCCGTCACGCCGGTCACCTGTGGATCGGCAGCCATGCGGGGCTCTTCGTCCTGCGCGGCGGCGTGCGTGCCGGCGACGAGAGTGCCACGCCGTCGCTCCGCGCGGAGCGCGTGCCCGGACTGCCGGCGCGGCTGTGGGCGCTGACGCCGGTCGCCTCGATCGTGCTGATCGGAACGGCGCGCGGGGTCTTCGAGCTGCGAGGCGGCGAAGGAGCGACGACGCCCGATTTTCGTCAGGTGCCGGGGACCGAGGAGCTCACGGTCTACGAAGTGATGGCGTCGCGCGCCGACCCGGACACCGTCTGGCTCGGCATGGCCGAAGGCCTCGGCCGACTGCGGCGCGCCGGCGACGGCTGGCGCTTCGCCGGCAAGATCGCCGGGGTTCCACCCTACGTGCGCTCGCTCGTCGAGCGGCCGGACGGATCGCTGCTGCTCGGCACGGTCTTCGACGGCATCGTCCGCATCGGCACGGTGCCGCCGGTTCCGAGCCGTGCGGCGGGCGAGGGTACGGCGGCGGCCGAGGCGGCGGCTCCGGTCGGGATCGAGTCGATTGGCACCGGCGAGATGACGGTGGCGGAGGTCGGCGGACGTCTGCTGGCGATGACCCCGGTCGGCTTCCGGCTCCTCGACGAACGCCGGCGCCGGCTGGTGGAGGATCCGGAGCTCGCGGGCCTCGACCCGGCGGGCCGGGCCTTCCTGGCGGCGCAGGATCCGGCAGGCAACCTCTGGTTCAACAC
CP064972.1_gap56	2115117	2119848	4731	CAGGCCGGAGAAGCGCAGGCCGAGCAGCATCAGCGCGGCGCCCGCGCCGACGCCGACGGCGAGCCCCCACCAGCCGGTGAGCCAGGGGCGCGCCAGCGCCGGCAGCAGGCCGGGCGAGAGCGCGACGACGAGGCGCAGCATCCAGCGCCACGGGAACTCGAGCGGCCCGGTCTGGCGCAGGGCGTAGCGGATCGTCACCGGCGTCACCAGGACGAGCGAGAGCACCACCGCCGCCACTGCGCCGGCGACGTGGAAGCGCGGGATGAGCAGCAGGTCGAGCCCGAGGTTGACCGCCACCTGCACCAGGCCGAAGCCGAGCGTGCGATGGGAGCGCTCGACGACGTTGAGCGCCGCGCCGATCGGCAGGGAGACGAACGGCAGCAGGTGGACCACCGAGAAGATCCGCGCCAGGTCGCCGGCCGGCGCCATCTCGGCGCCGTAGAGCAGCAGCACGCCGCGATCGGCCCAGGCGGCGCCGAGCAGGGCGAACGGCACGGTGACCACGGCGAGCAGCTTGTAGTACCAGCCGACCAGCGAGCCGAGGCGCGTCGGATCGCGCTGCACCGTGGCGGTCATCGCCGCGAGCACCACGGCGTAGAGCGAGAGCGGCACGAGCTCGAGCCCGAGCTGCGGCAGCGAGTAGCCGAGGTCGTAGAAGCCGACGACCGAGGGCGGCACCACGGCGGCGAGGAAGTAGACCTCCGACTGCCGCTGGACGATCAGGTTCACCAGGCTCGAGCCGACCTGCGAGCCGGCGTAGGCGGCAACGCGGCGCGGGGCGATCTCCGTCGTCGAGCGGTCGGGGATCTCGGCGAGGCTGCGGCGCAGCGACGGGGCGAGGTAGGCGATCGCCGCGGCGAGTGCGGCGGCCTGGGCGGCAAGCGCCGCCGCTGCCCCGCCGCCGCCCCGGAGCCACCACCAGGTCAGCGCCAGCCAGCCGAAGCCGGTGATCGCCGTGGCGATGGTGAGCACGCGGGCGCGGGCGAGCGCGAAATGCAGCTGGTAGACCGACTCCTTCAGGGTGAACGCCGCGGCGAAGAGGCAGACGAGCGGCAGCAGCGGCACGAGCTCGGGGGTGAAGAGCTGCTCGAAGAGCGGCGCGAGGAGGAGCAGCAAGGCGCTCGCGACGACGAGCAGCGCGAGCTGCGCGAGCAGGACCCACACGAAGAGCCGTCGCACGCCGTGTCGCGAGCCCTGGGTCTCGAGCTCCGGCACGAAGCGCAGCAGCGCCCGGTCGAGACCGGCCGAGACCAGCAGGACGCCGAACGTCCCGAGGTTGCGGGCGAGCGACCAGACGCCGAAAGCGTCCTTGCCGAGCAGGCGCGCGGCAATCACCGAGACGCCGAGCGTGCCGGCGAGGGTGGCGACCTTGGCGAGCACCGACCAGAGGGCCTGGCCGGCGACACGTTGCGAAGCCGAGGGCGCCGCTAGGCCATCGCCCACTCGGCCATCTCCCGCATGAGGCCGTGGAAATCGACGATCGACCGGATCGGGGTGGATGGAGTGAACGACGCGAGCAGAGTCGCGTCCGAGTCGGGGTGCTCCGGCCGGTAGCCGTGCATCCCCGCCGGCGCCACCCGCCCCATGTGGGAGGGGTTGAGCAACACGCCGGGATCGAGGGCGTAGATCCCCTGTCCGAAGCGATGATCGGGCCAGAAGGTGCCGTAGGCCTCGAGCTCCGGCCGCTCGACCCAGCGTCCGTCGGCGTCGCCCGGCAGCGCCTCGCGGATCCGCGCTTCGGCGCCGTCGCGGAAGTACCAGAAGCGGATCATCGTCGAGTCGTAGACGGCGGCGTAGTCGACGCCGAACGCGAGCCCCAGCGCCTCGATGCGTGGCATCAGGTCAACCACTCGGTGGATCGTCGCCATGCCGTGATCGGAAATGAGCGCGAAGCGCACTTCGCCGTAGCGCTGGCGGGCGTCGGCGAGCAGGCTGTCGATCTGTGCCTCGTACCAGCGGAGCTTGTCGTCGACTGCCGGCGAGGCCTTGGTGACCTCGTGCATCAGGCCGTCGAGATTGGCACTGTAGAGGAACGCGAAGCGTGGCTCGCCCGCCTTGACGGCGCTGCGCAGCGCCGCGACGTTCGCTTCCTCGGAGTTGTGCCAATTCGAAACGTGGTACGGCACGCCGGTGGCCACGAGGTGATCGAAGATGCTCGGGCCGCGGTTGATCCCGCCGGGCTTGAAGATGTCCTTCTTCTCGGCGTAGTCGAAGAGCGGCAGGACCTCGAACGGCAGGTTGTAGATCTGGAAGTACCCGGTGAAGCCGTAGGCGACGGCGATCGCCTTGGAGAGGTAGCGCCGGACCCGTCCGCGGTCGAAGAGCGAGGCCGGCAGCGCCCGCAGGAGCTTCAGGGCTTTGAACGGACTGGTGGCCGGCGAGTAGTAGAAGCTCGACCAGTGGTCGTTCTCGTCGGGACGGCGTCCGGAGAGGATCGCCGGCACGCAGGCCGAGGAGAACCCGAAGAGCGACGCGGCTTTCTGTCGGTAGGGGAGCCTGTCGAGGAACCAGGGCCGGGATCGGATGACCTCCCAGCCACACGCGTCGACGAACATTACAACGGCGCAGCGGTCGCCCATTCGTCGCCCCCCCCAGGTCCTGCCAAGCGATCGGACCGGGCGACGGGCAACCTGGACGCTCGTCGTCCAGCTGAATAATCCGGGTCCTATACTACCTGACGGGATGCGTACCCTGTTCGTCAACGAGAAGGGTTGCGCTTACGGTGGCGTCGAGCAGGCGGTCGGCGACACCGCTGCGGGTCTTGCCGCTCGCGGGCATGCCGTTCATCTCCTCTCCTGCGAGCCGATCCCCGAGGGCCGATCGCCGCTCGGAGCGCCCTTCGCCTCGCGCACGCGGCTCGAGCTTCAGGCTGCGGAAGGCACCTGGAGGCGTCAGCTCGCCCGGGCGCTCGAGGCCGCGGCGCCCGACGTCGTCTACGTCCATCGCTGGGCGCATCGCGAGAGCCTCGCCGAGCTCGCCGTCGGGCTGCCGACGGTTCGCTACGCCCACGACCACGACCTCTACTGTCCGCGGCGGCACAAGTACTTTCCGCTCAGCCGGCGTATCTGCAACCACCCGCTCGGGGTGCACTGTGTCCTGCACGGGTGTCTGCTGACGCCGCAGGGGCCGGTGCCGGGCCTCCCCGGCCTCGTCGACCTGCGGGCGAAGGCGCGCGATCTCGCCTTCAACCGGCGTCTGCCGACGCTCGCCGTCGGTTCGCGCTGGATGCGCGACATGATGCGGCGCAACGGCTTCGCGGAATCGCAGGTCGTGCTGCTGCCACCGGTTCCCGCCGGGCTCGAGCGGGACACGCCCGCGCCCCCCGCTGACGGCGCGGTACCGACGGTGCTCTTCGTCGGGCAGCTCATCCGTGGCAAGGGCGTCGACCTGCTGCTCGCGGCGCTCGCCGGGGTCCGGCGACCGTTCCGGGCCCTGCTCGTCGGGACGGGAGCGCAGCAGCACGAGCTCGTCGAACAGACCCGGCAACTCGGGCTCGGCGACCGGGTCACCTTCGTCGGATGGGTGCCGCACGATCGGCTCGCCGACTACTACCGGCAGGCGGCGGTGGTCGCGGTGCCGTCGCGTTGGCCGGAGCCGTTCGGCATGGTCGGACTCGAAGCGATGTGGTCGGCGCGCCCGGTCGCGGCCTTTGCCGTCGGGGGCATTCCGGACTGGCTCGTCGACGGCGAGACGGGGCTCCTGGCGGCGGAGGGCGATGCGACCGGGCTCGGGCACGCCCTCGAGGAGCTGCTCAGCGATGCCGACTTGGGGCGGCGGCTCGGCGAGGCCGGGTTCGCCCGCGCCCGGGAGCATTACCGCTTCGCCGATTACCTCGACCGGACCGCAGGTCTGCTCGCCGGCGCCATCGCCGGCGCGGGTGCGTCCTCGGGTACGGCGCGGAGCTCCGTCGCTCCCGTGAGCGGGGACGGCGAGGAGATCGATGACCTCTGAGCTCGTCGTCGCCGTCAGCCTCTTCGCCAACGACCGCGGAACCTCCGGCATCGGTCGCTACCTCAAGAGCGTGGTTTCGCGCCTGCCGGCCGCCGATCCCGGCGTGCGTCTGCTGCTCTTCGTGGCGCGCGAGGACCTGCCGGTCTTCGCCGGGTTCGACGAACGGGACGACGGTCGCGTCCGCTTCGTCCCGGTCGCCGACCGATGGAACTCCCCGCCGCTCTCGCTGCTCTGGCACGCGTTCGCGTTTCCGCGCGCCGCAGCCCGCTCCGGCGCCTCGGTCATCTACCTGCCCGCCGGCAACCGCCGCCTGGTGCCGTTCGGGGCGCTGCCGACGCTCGCCGTCGTCCACGACCTCTCCTGGCTCCACATGGAGGGCAAGTACGACCTCGCCCGCGAGCTCTACCTGCGCCGCTTCCTCCCCTGGATGATCCGGCGCTCGACCCGAGTGGTGGCGATCTCGGAGTCGACCGAGCGCGATCTCGTCGCGCTGGCGCACTGTCCCGCCGCGCGCATCACCCGCGTCGGCAACGGCTTTGACGCGACGGTCTTCCACCCGCGCGACGCCGGCGACAGCCGGCGCGAGCTCGCGGCCGCCGGGCTCGAGCTGCCGCCGCGCTTCCTGCTCTACGTGTCGCGGCTCGAGCACCCGGGCAAGAACCACGTCGGTCTGCTTCGCGCCTATCGCCGCCTGCTCGACCGGCGGCCCGACTTCCCGGACGACCTGGTGTTCGCAGGCGGTCGCTGGAGCGGGGCCGAGGCGGTCGACCGCGCGCTTGC
CP064972.1_gap57	2128096	2131723	3627	CGCGCGCCTGCGGCGCATTCTCGAGGTCGTGGCCACCCGTCAGCCGACACGGCTCGAGGAGTCGTTCACCGACCGGGCGGGGGTGCTGCGGCACTTCGTGCGCTTCGTCCACCCGGTGGTGGACGCCGAGGGCAAGGTCGTCCAGGTGCTCGGCTACGGGCTCGACATCACCGAGCGCAAGCAGGCAGAGGCGGCGCTGGCGACGAGCCGCGCGCTGGTCGCCGCGGTGCTCAACGCGTCGCTCGACGCCATCGTCACGCTCACCTCGTCGGGGGAGATTCTCGAGCTGAACCCGGCGGCCGAGAAGATCTTCGGGCTGCCGCGAGAGGCCATCGTCGGCCGGCCGGTGTCCGATTTCGTGCTGCGCGAAAGCGACGGCGGGGTGCACCGCTTCGCCCTCGCCCGCTACCTGCGGGCCCGGCGCTCCTCGCTCCTCGGCCGGCGGCTCGAGCTCGCCGGGCGGCGCCACGACGGCGAGATCTTCCCGGTCGAGCTCTCGCTCCACGAGCTCGAGCTGGTCGAGGGTGGCGGGCGCTTCACCGTCTACCTGCGCGACATCACGGAGCGCAAGCGGGCGGAGCGGCTGCTGACCGAGGCCAAACAGGCTGCCGAGGCCTCGGCGCGGGCGCGCGAGCTCTTCCTCGCCAACATGAGTCACGAGATCCGCACGCCGCTCAACGGCGTGATCGGCATGACGCACCTGCTCGAGGCGACCGAGCTCTCGGCGCAGCAGCGAAGGTACCTCGGGGCGATCCGCTTCTCGGCCGACACGCTCTATGCGCTGATCAACGACGTGCTCGACTTCTCGAAGATGGAGGCCGGCGGGCTGGTCTTCGAGGAGATCTCCTTCCGTCTCGACGAGCTGCTGCGCCATCTGGTCGAAGCGACGCGTTTCGCCGCAGAGCGCAAGGGGCTCGAGTTGCTGCTCGACCTCGCGCCGGAGCTGGCGCGTCCGGTGGTGGGCGATCCGGTCCGGCTCAAGCAGATCCTGATGAACCTGGTGGCCAACGCGGTGAAGTTCACCGAGCGGGGGACGGTCGTCGTCGGTGCCCTGCCGCTGCGCGAAGTGGCCGGAGTCCTCCACCTCCAGTTCTGGGTCGCCGACACGGGGATCGGCATCGCGCCCGAGAAGCAGATGACGGTGTTCGATGCCTTCACCCAGGAGCGCTCGGACACCGCGCGGCGCTACGGCGGCACCGGGCTGGGGTTGGCGATCGTCAAGCAGCTCGTCGAGATGCAGGGCGGGCGCATCGCGGTCGAGAGCGCGCCGGGCAAGGGGAGCGTCTTCACTGTCTTCCTGTCCTTCCTGGTGCGACCCGAGCCGGTTGCCGTGCTCGACGGGGAGACCAAGGAGCTGCCGGCGCAACTCGGCGGCACCCGGATCCTGCTGGTCGAGGACAACGAGCTGAATCAGCTCGTCGCAGCCGAGATCCTGCGGCAGGAGGGGGCGGAGGTCACCGTGGCCGGCGACGGTGGCGAGGCGTTGGCGCGTCTGGCGAGCGAGCGCTTCGACCTCGTGCTCATGGACCTGCAGATGCCGGTCATGGATGGCTTCGAAGCCACCCGGCGGATCCGCCAGGAGCTGAAGATCCCTTCGGGAGTGCTGCCGATCGTCGCGCTGTCGGCATCGACGCTCTCGGAGGAGAAGGAGCAGGCCTACGCCGCCGGGATGGACGATTTCGTGATGAAACCCTTCGACCCGCGTCACCTGCGCGGTCGCATTACCGAGCACCTGGTGCGACTCGGGCGCCGTCCGGGCGGGGCGGCGGTCGAGCTGGTGATCGGTCCAGGGGCCGAAGCCACACCAACGGTCCCGCAGGCGGTGCAGACCCCTGCGGACGCCGCTCCCTCCGCCGTCTCGGCGGCAGCGAGCGTGGACGAGCCGCCGCCGGCACCGCCGGTGGACCTCGCCCGGTTGGAGCGCAGCGCGATGGGGCGTCCGGCACTGGCGCGAGAGATCGTCGAGCTCTACTTGGCCGCGACGCCCGAGCTGATCGCCGAGATGACCGCGGCCGTGGCGGCGGGCGATCCGCGGCGCGTTCAGGCCGCGGCACACAAGCTCAAGTCGACCTCGGGGGTCATCGGAGCCGGAGAGCTCCAGTCCCGCTCCGCCGAGCTCGAAGAGCGCGCCGACAAGTGGTCGCCCGACGAGCTCGGCGAGAAGGTGGCCGCAGTCGCGCGACACTGCGACGCGGTCGTCGCGGCGCTGCTCCTCGCGCGGTCACGCTACGTCGCGCCGGCGGAGCCGAAGACTCCGCCGGGCTGACCGGCGAGCGCGGCCTCGTCGCCGCGCCGCCACTGCTCAGCCGGGAAACCTCAGTTCGTCGTCCCGCTCCAGGTTGCGAGCGAGCCACCCTCGAAGCCGTCGGCGAAGCCGCTGCCGAAGGTGTCGCACTGGTTGTTCCAGAGACAGGCCACCCACTCCGGGTGGTCGACGAACGGATTGCGATTCGCCTGGTAGGTGTAGACGACGTCGTTGCGGCGCTGTTCGCGGGCATCGACGGGATCCTGTGCCGCCCAGGCGAGGATCGTCGTCAGCCTGCCCATGTAGGCGACCGACGCGTTGCCGCCGGTGGTGACGATCAGACCGGTGTCGTCGGTCAACCGGAGATCGGGCTCGGTGGCGCCGGTGGCGCCGTGAGTGCCGCCCTCGTAGCGGACTTCGAGGTAAAGCTGGGCACGTGCGACGTCGCCGCGACGGGCGTTCCAGGTCTCCCAGGCGCTCGTGGAGTACCAGTTCGAGTTCCCCGGGTAGGTGCCGCTCCCGCCGCCGATCCCGTGGTTGAGCAACGTGGCATCTTCGCTGCAGCCGGAGGCGCAGGTGCCGTACGGGAGGTTCCCGCGATCGGCGTTGTAGGTCACGTCGGCGGCGAAGAGGTGATGGCAGTCGGTGTAGGGGAAGTTCGTGGCCCCGTCGTTCGGGAAGCCGTAGGAATTCGGCCAGGAGTGCTCGCGGTTGTAGGCACCGGTGCCCCCGGCGATCTTGGTGTAGACCGCGTTCTTGTAGAGATCGAGGATCGCACCGGTGTCCACCGGATCCTCGTCCGCCAGATTCAGGACGTCCCAGGTGTCGGTCTCGGCCGAGGTGTAGGGCACCTTGATGTGATCGTCGATCGCCGCGTGGAGCGTCGCGCGGAGGGTCGTGGAGCTGCTCGCGTCGACGTGGCGGTAGAAGTCCGCGACCCGGATGGTGTTCGGCATGCCGGGAGTGTTGAGCGCTTCGAGAGCCGTCTGGGTGGCGAGGCTTCCGGTCGGCAGCCCGGCACGTTCGAAGTCGTTGCGCATCCAGTCGGCGATGGCGTCCGTGTCGACTCCGTTGGGGAATCGGGACGCGCCGCCGACCTTGCCGGCCAGTCCGTCGTAGCCGGCGGTGAGCAGCACGGCGGAGTAGGGCAGGTCGACACCGGCGCCGTCGGTCACCGCCACGCTGTCGGAGATCGACGTCCACGGGGTCGCGTCCAGCGTGCCGTCGTTGCCGGCGTCGAGGTCCTGGCCGACCGTGCCGGTGAACCCCTGGACGACGAGCAGCGTGCGGCTGGCGTCGCCGAGCGACGCGGCCGGGAGGAAGCCGCTCGACCAGAGGCCGGCGCCGCTCGTCGTCCCGGCCTGGATCGCTGCTTCGACGAG
CP064972.1_gap58	2135447	2138488	3041	AGACGCTGCCTTTGCCGAGCGCCTGGCGGGCTACGGGCCGGGGTTCGAGGTCTACCTGCAATTCGACTCCCTGCGCGAGGCGCCGCTGCGGGCGCTGCGCGGCGCCGACCTGCGCCGGATCCGCGAGCAGGCGCTCGAGCGTCTCAACGCCCTCGGGCTGTCGACCACGCTCGTCGTCACGGTGGAGAAGGGGGTCAACGACGGCGAGCTCGGCGAGATCGTCGAGTTCGCGCTCCGCCAGCCGGCGGTGCGTGGCGTGACCTTCCAGCCGGTCCAGGCGGCGGGGCGGCTCGACGGGTTCGACCCGGCGCGGCATCGGCTCACCCTGACCGAAGTGCGGCGGCGCATTCTCGAGCAGACGTCGGTCTTCCGCCCCGAGGACCTGATCCCCGTGCCCTGCCACCCCGATGCGCTGGCGATGGCCTACGCGCTGAAGCTCGGTGGCCAGGTGGTACCGCTCACCGGGATGATCGACCCGCAACTGCTGATCGAGGGCGGGCGCAACTCCATCGTCTACGAGCGTGACCCGGCGGTACGGGAGGGGATCTTCCGGCTGTTCGCCACCAACCATTCGCCGGAGTCGAGCGCCGCGAGCCTCAAGGACCTCCTCTGCTGTCTTCCGCGCGTCGACGTTCCGGCCGAGCTCGGCTACGCCAACCTCTTCCGCATCCTCATCGTCCAGTTCATGGACGCACCGGCCTTCGACGTGCGCTCGGTCAAGAAGAGTTGCATCCACATCGTCGACCCGCGCAATCTGCGGATCATCCCCTTCGACACCTACAACCTGTTCTACCGGGACGATCTGGCCGAGACGCGCCTGGCGCCGCTGCGCCGGCAAGCCGAAGCCTCGCTCTGACCGTTCGGTGGCGCGGTCCGCCGCGCGGCCAGGAGGGCCGGGGCTTGACAGCCTAATCGCCATATGGCAATATACCGTCATGGTGATTACGAACTCCATCCGCCGCATGGCGACCCTCGTCGCCTTCCTGTCGACCGGTGTCGGCTGGGCGCAAGCCCCCGGAGATGCTCTCGACCTCGCCGCCACCATGGCGCGGGGGCGCGAGCGGGCCCGCGAGGTCGCCGCCTCCAAGGCCCGCGAGATCGCCGCCACCGAACGCGTGTCGCAGGCCAAGTCCTACCGCTGGCCCGTGCTCCGGGCGCAGGAGATCTGGGCCCGGACGAACTCCCCGGCCGAGGCCTTCGCCTTCAAGCTGAACCAGGAGCGGTTCTCGTTCCCGGACTTCGTGGCCTCCGATCCGAATCGGCCCGATTCCCTCTCGACGGCCATCTCCCTGCTCGAGCTCGAGCTCCCGATCTGGACCGGAGGCGAGATCTCGGCCCGTGTCGAGCAGGCCAACCTGGCGGCCGACGCCGCTCGTGAGAGCTCGGCGCGCGCGGCCGACGCAGCGGCGCTCGCCGCCGCCGAGGCGTGGGTCCGGCTCGCGCAGGCGCGCGAGCTCGTGGCGCTCCTCGAGAAGGCCCGCGAGACCGTGGCGGCGCACGTCACGCTGGCCTCGGCCTACGCCGAGCAGGGGATGCTCGTGCGCTCCGAGCTCCTCCGCGCCGAGGTGGAGCTCTCCCGCATGGACGACCTACTCGCCGAGGCGCGCGGCAACGCCCGGGTGGCCGAGTCAGGCCTGGCGTTCCGCTTCGCCGAGCCGATGGGGACGACCTACCTGCTCGCGCCGCTACCGCCGCCGCCGCCGATCGCCGGGGAGCGCGACGTCTGGCTTGCCGCCTCGACCGGTCGTTCGGATCTCGCCGCGGCGCGCAAGCTGTTGCGAGCCGGCGAGCTCGAGGCCGAAGCCAGGCGCGCGTTGCTCTTCCCGCGGATCGGTCTCGTCGCGCGGCAGGACTTCGTCGACGACAAGCTGTTCGGGACGAACGGAAGCGCGACGACGATCATGGCCGTCGCGAGCTTCGAGCTCCCGCTCGCCGGCGGCAAACAGGCGGCCGTCGCCGCCGCACGGGCCGAGGCCGAGGCGGGAAGGCAGGACGTCACCCGCTTCGAAGAGGGAGTCCGACTCGAGGTCAAGCAGGCCTTCGAGCGCGCCGCCGTGGCGGTCGAGCGGCAGCGCACCGCCGCGCGTGCGCTCTCGGCGGCGGACGAATCGGTGCGCATCACCGAGGAGCGCTTCCGCGCCGGAGTGGTCAGGACGATCGACCTGCTCGACGCCGTCACGGCCCGGCGCGAGGCCGAGACGCGCGAGCTCGTCGCTCGTGCCGAGGCGAATCTGGCCGCTCTCGCGCTCGCCGTGGCCGCCGGCCGCACGCCCGAATCCGTACTGACTCCGAACCCGCAGGGAGGGACGCTGTGAACCGCCGTCGTCTGAAGGGACTCTCGATCGCCGTGCTGGCCGCGATGGCCGCGGCCGTTTCGCTCACCGCCTGCGGCAAGCAGGCCGCGCCGACCGCCGTCGAGCCGGCGCCCCAATCCGTCCGCCTTTCCGTCGCCGAGCGCGTCGTCGAGCCGGCGACGACCGAGATCGCCGGCAGCGTCAGCGCCGAGAAGGTCACGGCGGTCTCGAGCCGCGTGATGGCGCTCGTCTCCGCCGTTCACGTCCAGCTCGGCGACCCGGTCCGGGCCGGTCAGGTCCTGGTTTCGATCGACGCCACGGCGGCGCAGGGGCAGGTCGCGCAGGCCCAGGGCGCGCTCGCCCAGGCGCAGGCGGCGCTCGCGCTCGCCGAGCGCAACTTCGCCCGCTTCAAGTCGCTCGCCGCCACGGGATCGGCCTCCGAGCTCGAGCTCGACATGGCGCGCATGCAGGATGCCCAGGCCCGGGGCGCCGTTCAGCAGGCCCAGGGCGCCGTCGACGCGGCATCCTCGGTGGCCCGGGAGTCGCAAGTGGTGGCTCCGTTCGCCGGGCGGGTGACGCAGCGCCTCGTCGAGGTCGGCGACCTCGCCGCTCCGGGGCGTCCGCTGGTCATGCTCGAATCGGCCACGGGACGCCGTCTGGCGCTGGCGATCCCCGAAGGGCTGGCGCACGCCGCCGCGCTGAAGGTCGGTGATCGGCTGGCGGTGACGCTCGACGCGTTGCCCGGAA
CP064972.1_gap59	2141950	2143412	1462	CGCGGTCATCAAGGCGGCGGCGGTGCGTTTTCGGCCGATCGCGCTCACGGCGGCGGCACTGGTGGTCGGTGGCGTCGTGATCCTGCTCGATCCGATCTTCCAGGGGCTTGCGGTGGCACTGATCTCCGGCGTCGTGGTGGCGACGGCGCTCACCCTGGTCGTCATCCCGCTGCTCTATTTCATGTACGTCAAGACCGTCGGCATCGCCGCGGTGATTCCGCCGGCCGAGCCGCTCGACTGAAGGAGAGACCGATGAAGATCAACGACGCCCTGCGCGCCATCGCCGGCAGCCTCGTGCTGGCTTCCGTCGCCCTCGGGCACTGGGTGCACCCGGGCTGGTACCTGTTCACCGCCTTCGTCGGAGCGAACCTGCTTCAGTCGGCCTTCACCGGCTGGTGCCCGATGATCACGATTCTCAAGAAGCTCGGCCTTCCGGAGTGACGTCGTGAAGATGCTGATGATCGTCGTCGACTCGGCCAAGCGCGAGGAGCTCGAGGTGGTGCTCGAGCAGTCCGGCGTCGTCGGATACACTGAGATCCCACAGGCGGCGGGCCGCGGCGCGACCGGGCCGCGGCTGGGCTCGCGGGCATTTCCGCGCACCTCGGCGGTGATCTTCTCGGTGCTCTCGGCCGAGGCTCTCGCCACCCTGACGGCCCGGATCCGCGAGTTCTGCGACGCCTGCGGCGAGCGGCTCAAGATGGTTGCCTGGGACGTCGAGGAGGTCATGTGAACGATCAGGACGCACTGCTCGCCCGCATCGCCGAGCGGCTCAAGGCGCTCGCCGACCCGACGCGGCTGAAGATCCTCCATGTTCTCGAGGAGGGTGAGCGCTGTGTCTCGGAGATCGTCGAATCGGTCGGCGGGAGCCAGGCCAACGTCTCGAAGCATCTCTCGATCCTGCGCCGCGCCGGACTGGTGGACTGCCGGCGACGCGGGCTCAACGTCGACTACCACGTGACGGACAGCACCTCGCTGGCGATCTGCCGGACGGTGTGCGCCGTGCTCGAGAAGCAGGCGGCGGCCGAGCATCGCGAAATCAAGCGCGCCCGGGCGGCGAGCGGGGGGTTCGGGTGAACGACCTCCTGCTCTTCCTCGCGTTCGTCGTGGTCTGGTTCCTGCTCCAGGTGGTGGTCCTGCCGCGGCTCGGTGTCCCCACCTGAGCGGTCCCCACCCCGGCCGGGCGTCGGGGCGGCGCGAAGAGTTGTGCTGGCGAGCCGTCGGGACAAGACCCGGCCGGCTCGGCGGACGAAGACAGCAAGGGAGTCTGAACGGAATGCCTCTCTACGAGTACAAGTGCCGCTCTTGCGGCCACCGTTTCGAGCTGCTGCAGCGGATGGGCGAGGGAGCGACCGAAGTCGAGTGCCCGCGTTGCGGCGAGCGTACGGCCGAGAAGTTGCTCTCGACCTTCGCCGCCTCGGTGTCGGGATCGGGCCCTTCGGCCGGTCCGGCCTGCGGCGGCGGT
CP064972.1_gap60	2156188	2158779	2591	CGCTCGTCCTCGCCTTCGGCGTCTTCGCCGGCCTTGCCACGGTCGGCGTGTCCGAGTCGCCGGATTTCTCCGCCGTGCCGACGGCGCAGCTCTTCCTGCTCCACGTCCTCTTCCTGGTGACCCTGGCCTGCTGGTACGCGATGGGCTGGGGGGGATTCGCTCCCGCCGGAGGCTCTCACGCGCGCGAGCTGGCCTCCCAGCTCGGCTTGCGGGCGGTGCGCCTCGACGTCGAGCTGGGGATCGGGGTGCTGGCCGGTCTCGCCGGCTGGCTGGGAGTGCTGACCATCCTGGTCGGCGTCGGGTTGGTGATCTACGCCGTCGGCGGCCAGGGGGCGCTCCCCGAGGCGCCGCCGGCGGCGATCGTCTGGATCGCCGGACTTCCGGTGGCCCTGCGCCTCGCCCTGGCCCTGTCCGCGGGGGTCGTCGAGGAGCTCTTCTTCCGCGGATTCCTGCAACCTCGACTCGGGCTCGCCGGAGCGACCTGCCTCTTCGTGCTCGCCCACCTGAGCTACGACCAGCCGCTGATGCTCGTCGGGATCACCCTGCTGTCGCTCTTCTACGGCGCGCTGGTCATCTGGCGGCAGAGCCTCTGGGCGGCGATCGTCGCCCATGCCCTTTTCGACGCCGTGCAGCTGCTGGTGGTCATCCCTCTCGCGCTGCGCTTCGTCCCGGCAGGGGGAGGCGGCTGATGGGGCCGAGCGATGGTCTTCTGATGCGATTTCCCGGCCGGGGACTCTGCTAGACTGCCGCCCCGAAACGGGATTTCCGCATGACGGAACTTCAGTCGCGCGAGTACAACCTCGTCATCGCCAGCCGCTTCGAGAACATCGAGCTCGTTCAGGTGGTGATCGACGACGCGTTGCGCCAGGTGGCAGCGAACGACGACCAGCGGCACTGGATCGGTCTGGCGCTGCGCGAGGCGCTGGCGAATGCCATCAAGCACGGCAACCGCCAGGACGCGAGCCGGCAGGTGGAGGTCTCCGCCACGGTCTCCCCGGTGCAGGTCAAGATCCGGGTAATCGACCAGGGCGAGGGCTTCGATCCCGATCGGATCCGCGACCCGCTCGCGCCGGAGAACCGCTTCCGCGCGGACGGCCGGGGAATCTTCTACATGCGCCGGCTGATGGACGCCGTGGAGTTCGGCGCCGACGCCGGCGGTGGCACCGTGGTCGAACTGGTCAAGCATCTCGCCGCGCCCGCCGCGGACACCGCGTCGGGAAGCGGCGCAGTCCCGAAATCCGACACCAGCAATAGTTCCCCACAGGAGGGACGGTCATGAAGATCGACGTGCGCGAGCGCGAGGGCGTCCGGGTCCTCGACATCGAAGGCAAGATCACCATCGGCAAGGGCGACGTGGCGCTGCGCGAAGCGGTGCACGAGCAGCTCGGCAAGGGCGCGAGCAAGATGCTCATCAACCTCGCCGCGGTCTCGACGATCGACTCGTCCGGGGTGGGCGAGCTGGTCAGCGCGTTCACCACGGTCACCAACCGTGGCGGCAAGCTCAAACTGGTCAATCTGCCGGCGAAGGTCAACGACATCCTGCAGATCACTCAGCTGATCACCGTTTTCGAGACCTTCGAAAACGAGGAGGAGGCGCTCCGCTCGTTCTGAGCCGCGACGGCCTTTGAGCCCGATCGGCTCGTCAGCAGCACCCGATCTCGGTCCCTATCTGGCGGCCCTCGCCGAACGCGTCGAGCGACGGCTCGGTGAGCGGCTGCCTCGCGCCGAGGATCGGCCGAAGTCGGTCCATGCGGCGATGCGCTATGCCGCGACCGGACCCGGGAAGCGCCTGCGCCCCGTCCTGACGCTGGCCGTCGGGGAGATGCTCGGCGGCGGGCGCGATGCGGCCGCCGAGGACCTGGCGGTGGCCGTCGAGCTGGTGCACGCCTCGTCGCTGGTCCTCGACGACCTTCCGGCGATGGACGACGCCGACCGACGACGTGGACGGGCGACGACCCACAAGGTCTTCGGCGAGGCGATCGCGCTGCTCGCCGCCTTCGGGCTGCTCAACCGGGCGTTCGCCCTGGTCGCCGAAGCCGGCCAGCGGCTGCGCCTCAGCCGCTACACCCCCGAGGATCTGGTGCATCATCTCGCCCTGGCGATCGGGTCCGAAGGGCTGATCGGCGGACAGGCGCTCGACCTCGAGGCCGTCGCCGGACCGCCCGCTCTCGAACGGCTCGAGTACATCCACAGCCACAAGACCGGCGCGCTGTTCTTGGCGGCCGCCGAGCTCGGCGCGATGGCGGCCGACGCGCGTCGTCGCGACCTCGAGGCGGTCGGGGCCTATGCCAAGAACCTCGGACTGGCGTTTCAGATCACCGACGACCTCGTCGACGTGCTGTCGACGCCGGAAGAGGCCGGCAAGGACACCGGCAAGGACGTCGGCAAGGTGACCTTCGTCGGCCTGCTCGGCGTCGACGGTGCCCGCGCCCTCGCCGCCGAGCTGCTGGACTTCGCCGTGGCGGCGCTCGAGCCGCTGGGGCGGCGCGCCGACCCGCTGCGCGTGCTCGCGCGCTACGTGCTCGGGAGGCGGCGGTGAGCTCGCCCGCCGAGCTCGAGGCGGTGCGCGAGGAGCTGCGGCGGCTCGGTTA
CP064972.1_gap61	2160327	2162232	1905	GGTCTGGCAGGTCGAGGCCGTGACCGCCGCGCTCTTCCGGGCGGCGGGGCTGCCGCAGAGCGCCGAGCTCCCGGAGCCGGTCGCGGCCTGCCGCTGGCCGGAGCCGCCGGCGCGGGTCCCCACCTATGGGGGACGGCCCGCCGGGGCGCCGCGACCCGCCTCCGACGCCGAGTACCTGAAGAGCCTGCGCGCGCTCGGCTACCTCTGAGCCGCCGGGGTGGCCCGTAGTCCGAGGAGGGCGAGGGCGGCGCAGCCGGCGAGGGCGGCCGCCGTCGCGAAGGCCGCCTCCGGCGAGAACGACTCCCAGACCCATCCGAACCAGAGGCTGGCCGCGAGCGTGGCGAGCCCCGTCACCAGATGGAAGGCGCCGAGCGCGCTGCCGAGCGCCGAGGTCCCCGCCGACTCGGCGACGAGCGCCCGCTCCGCGCCTTCGGTCAACCCCCACGCGAAGGCGTAGGGGAGAAGAAGCAGCGCGAGCGCGCGGGGTCCGTCGGCGAGGGCGAACCCGAAGTAGGTGGCGCCGTAGAGCGTCCAGCCGAGCAGCAGCGCTCGCCGGTGGCCGATCTGGTCGGCGAGGCGGCCGGCCGGGGCCGAGGCCAGCGAGCGGACGAGGTGGAAGCCCGACCAGAGCAGGGCCAGGCCCGCGGCCGGCAGGCCGAGGTCGCCGGCGCGCAGCAGCAGGAACGCGTCGCTCGAGTTGGCCAGCGCGAACAGGCAGAAGCTCGCGAGGAGCGGCCCGAGTCCCGCTGCGGAGCGGACCCCGGTGGGGACGGCGGCGGGGGCCGGCGCCGCGGGCGCCGGCCTTGCGACCGGGGGCTCGCGCAGGCCGAGCTGGACGACGGCCCAGCCGACGAGCGCCGGGACGGTGGCGAGGGCGAAGACGATCCGGACCCGCCCCGGCGCCGCCAGCAGCACCGCCGCCGCGATCAGCGGGCCGACCGCGGCGCCGAGGTGGTCGAGGCCGCGGTGGAAAGAAAAGGCGAAGGCGCGATCGTGCGGTGGCGTGCTCTGCGCGATCAGCGCGTCGCGCGGCGCCGTACGGATCCCCTTCGCCAGGCGATCCCAGGCGCGCAGGGCGAGCACCTGCCAGGTCGCGCCGGCCACCGCGAGCAGGGGGCGCGCGATGGCCGAGAGACCGTACCCGGCGGCGACGAACGGCTTGCGCCGGCCGAAACGGTCGCTGGCGCGGCCTGCGGCCCCTTTGACCAGCGACAGGACGCCTTCGGCGACCGCCTCCATCGCCCCCAGCGTCGCGGCGCCGCCGCCGAGCGCGGCGAGGAAGCCGGGGAGCAGCGGGTAGACCATCTCGCTCGCCACGTCCTGGAAGAACGAGGCGGCGCCGAGCCTCCGCACGGCCGGCGGCAGCCCGGTTCCACGGTAGATCGCCTGGATGCGCCCGAGCCGGTTCATGGGATGCGGTGTCGGGAAGCCTAGCCCGGCCTGCGGTCGCCTGCACAGAGCCTCGGGAGCGATCGGCGGTAGAGTGGGGCTCCACGCGCGAAGACAGTCCAGGGAGGATCCTCGTGTCGGGCTCCAGGTTCCTGACGCACCCCCTCTTGTCGCCGCTGCGGCGGCTCTACCGCGCCGCGCTGCGGGGCGGGCGCGGTCTCCTCAACCGCCTCGGGCTGAACGTCGACCGGGCCGGGGACGACGACTCGCCGCTGCCGGTGCTGGCGGGCCTGGCGGCGAACCGGGCGCGGTGGGACCGGCCGAGCGCCCTGGTCGGAGTCGCGCGCGATCTGGACGCGATGGAGCGCCTGCTCGGCCGTCTCGCGGCGACCCATGGGGAGGAGGTCCCGCGCCTCCCGCCCTTCGCCGAGCTGAAGCGCGAGCGGCTCGGTCCGGGTTTCACCGAGGTCGACGCGGTGCTCGCCTATTGGATGGTGCGCGACCTACGGCCGTCGC
CP064972.1_gap62	2301612	2304039	2427	GCCGCGGTGGGCGATGAAGAAGCGCAGCAGGCGGAACTCGAGGGCGGAGAGCGCCACCGCGGAGCCCCCCTTGGTGACCTCGGTGCGACGGAAGTCGACCCGCACGTCGCCGAAGTCGAAGCTGCCGGAGTCGAGATCGGGGGAGCGGTGGACGCGGCGCAGGATCGCGTCGACGCGGGCGCAGAGCTCAGCCATGTCGAACGGTTTGCCGAGGTAGTCGTCGGCGCCGAGCCGCAGGCCGACGACCCGGTCGACCGGCTCGCGCCGAGCGGTGAGCATGAGGATCGGGACCTCGACACCTCGTCGCCGCAGCTCGCGGCAGACGTCGAGCCCGCCGAGCCCCGGCAGCATCAGGTCGAGGATCACCAGGTCGTGGCCGCCGGTGGCGGCGAGCTCGAGGCCGCGCAGGCCGTCGAGCGCCACCTCGATCTCGTAGCCTTCGGCCCGCAGGCGGTCGGAGAGCCCCAGGACGAGCGCCGGCTCGTCCTCGACGAGGAGCAGACGTCTCACGGTCACGAGGATTCTCCGGACGCGGCGCTCCCCGGCAGCTCGATCGTCACCTCGGTGCCGCCGCCCTCGCGCGGCTCGATCGCCACGCGCCCACCGTGAGCGACGACGGTGCGCTGGACGAGGAAGAGTCCGAGCCCGCTCCCGGGGATCGCCAGCTCGGTGGCGCGGCGCCCGCGAAAGAACGGTTCGAAGAGGTGCGGGATCTCGTCGCGTGGAATGCCCGGGCCGCGATCGGCGACGCGGAAGCGCACGCGCTCGCTCCCGGCCGCCTCGACGTGCAGGTCGACGAGCGGGGCGAGACCGCCGAAGCGCAAGGCATTGGCCAGCACGTTGACGAGCGCCCGCACCAGCGCGTCGCGCTCGCCGGCGAGGTGGAGCTCACCCTCGCCCGGCGGGTGGAGGGTGATGCCGGCACTCCCCGGCAACGAGGCACAGCGGGCGATGGCGTCGTGGGCCAGGGCGGTCGCGCCGAGCGCTTCGCGACGCAGCGGCGTTCGTTCGCCGCGCGCCGCGGCGAGCGTGCCCTCGACCAATCCGCCCAGCCGTTCGCTTTCGGCGAGGATCAGCGAGGCGTACTCGCGGACGCGCTCGGGCTCGCGCGCCAGTCCGTCGCGCAGGTTCTCGCCGAGGGCGCGGATCGCGGCGAGCGGCGTGCGCAGCTCGTGCGAGATGGCGGCGACGAATTCGAGCTCGCGGCTCGCCAGGCGGCGCGCGCGATCGGCCGCGGCCACCGCGGCGAGCACCCCGGCACCGAGCACGACGAGCACGCCGAGGCCGAGCGCCAGGTTGCGCCGGCGGGTGCGCAGCACCACCGCGTCGAGTGTCCCCTCGCGTCGGCCGGCGAGCAGGCGCCAGCCCGAGCGCCTCGCCTCGCCGCCGTCGGCGAGGCGCAGGAAGAACGACCGCGGTGCGGTCCCCGGGCTCTCGTCGCGGTCTGTCCGTCCGAGGTTGCGCAGCTCGCGTCCGCGCAACAGGCGGAAGAGGTCGCGCGACACTTCGAGCTCGCTCGCCGTGGCCTCGCCGGTGGCACCGAGCAGCGGCCGCCGCGTGGCGTCCGGCAGCTCGAGCAGGACGAGGTCGCCGCTCTCGCTGCGCTCGTCGGCCGAGAACTGTTCGTGGGTGAGCGGGACGAGCAGATCGTTGATCAGCGCCTCGCGATGGAGCAACACGATCTGCCAGCCGGTGACCGGCAGGGGTTCGTCGTGCCGGCGCGCGCTCTCGCGCCCGGCCGGGCCCTCGTGCACGGGGCGCCGGAGAGCGGGGAAGAGGAAGGCCGGAACCTCGGGCGCCAGCGTCGAGGGCGGCGTGGGATCCCCACTGCCCGGCGCGGCGCTGCGCCGCGCGATCGCCTGCCCGAGCGCGGTGGCCGCGTCGCCCTCGGTGAGCGGGCTGACGACCTCGGACCAGCTGCCCTGAGCTGCGTCGAGCCGGTACGCGCGGTCCGAGCCGGCGGCGACGTCGACGAGGACGATGGCGTCGACCAGCGCGGGATGCCGCGTCGAGGCGCGCCAGGCGGCGAGCCGGGCGGCGAGATCGCCCGGGGAATCGAGCGCGAAGGGGTCGCGCGGGGCGAGCGCGAGGTAGACCTCGGTGAGCGAGCGGGCAAACCCTTCGACGGTGCGCGAGGCGCGAGCCTCGAGCGAGGCCTGGAGCCGGTCGCGTTCGGCCGCTCCGAGCTCGCCGGTCCAGCGGAACTGCAACCAGGCGAGCAACCCCAGCAGCCCGAGCAGCACGAGGAGCGCCAGGGGCAGCCACGAGACGCTCCGTTCGGTCGGGTGGCGGCGCATGGGGCGAATGTATCAACCGTCGATCGCGCCGGAGGGGGCGGGCGGTCGCTCTAGACAATCTAGACAATCTGTTGACGCGCCGGCGGCAGAGTGGAGAGGTGGCGCCGGGATACGCTGCGCTTGCCGGATG
CP064972.1_gap63	2306760	2307485	725	CCGGCGCTGCTGCTCGCCGACGAGCCCACGGGCAATCTCGACAGCCGCACGTCGTTCGAGGTGCTGGCGCTCTTCCAGGAGCTCAATGACAGCGGCGTCACGCTCGTGCTGGTGACCCACGAGGCGGACGTGGCGCGCTGCGCCCGGCGGGTCGTCGAGCTCGCCGACGGTCGCGTGGTGCGCGACGAGCGGATCGCCGACCGGTTGCTGGCGCGCGAGCGCCTCGAGGAGACGTCATGAGAATCCGGGTGCTCCTGGCGACCGCGTTGCGCAGCCTGGGTCGCAACCGGCTGCGCAGCTTCCTCACCATGCTCGGGGTGATCATCGGCGTCGCCTCGGTGATCGCCATGGTGTCGATCGGCCGCGGAGCGCAGCGGCGCGTCGAGTCGCAGATCGCCGCCCTGGGCAAGAACCTGCTGACCGTCTTCTCCGGCAGCGCCCAGCTCGGCGGCGCGCGCGGCGGCGCGGGTTCGATCAGCACGTTGACGATGGACGACGTCGCCCGGCTGCGCGACGAGGCCGAGACGCTCGCCTACGTCTCGCCGCTGGTGCGCGCTCCCGGGCAGGTGGTCGGAGGGGGCAGCAACTGGGCCTCCCAGGTGCTCGGGGTCTCGCCGGAGTACTTCGCCATCCGCGAGTGGACGGTCGCCGACGGCGAGGCCTTCGGCGACCGGGAGATGCGAACCGGGGCCAAGGTGGCGCTGCTCGGCCGCACCGTGGCGACG
CP064972.1_gap64	2459259	2460994	1735	CGACAACATCATCGGCCAGCGGACCGGCTACTACACGTACAACGCCAGCGCCAACACGCTGGCGCCGCAGAGCAACTTCGGGCAGGACACGACGGCAGCCGACAACCGGATCGTCCAGCTCGCCGCCAAGATCACCTTCTGAGCCCGCGTCGCCGCGGCCCGCCCTTCGTTCGTGAAGGGCGGGCCGCTCGTCGCACCGTTCGGCCATTGCGTCGCGGGTGTCGGGCGCTCTCCCCGAGGAGGCGGGCGCCGCCTCAGTGGAGAAGCCCACACCGCGAGGTGGCGGGACCCGGCGAGAATTCGCGTGGTCCTGTCATGCGCCGCTCTCCGTCATTTCGTGGCCCTCGCTTCGTCCTGGTCGTCGTCGGCGTGCTCCTCGTCGGCGGCCTGTCCGCCTCGACCCTCGGTGCGACGATCGGGCTCGACCTTTCCTACGTCGACACGCAGTCGGTCGCCTGGCAGCGTTTCGTCGCCTGGGTCGACCAAGCGCTCGACGGCACGCCGCCCTACGGCTTCACCGCCACCGACGCGGTGACGGTCTACCGGGTGACGGGGCAGTCGGCGTACGCCCAGCTCGCCATCGCCACGGTCGAGGCACAGGTCAGCGAGGCCGAGGGGTTCATCGCCATCGGTCAGGTGCCGCCGATCGCCGGCGACCAGTACCTCGAGTCCGGGCCGTGGATCCACGACGTGGCCCTGGTCTACGCCTGGTGCTATCCGGTGCTGACCGCGCAGCAGCGCAGCCGCTGGGCGGCCTATGCCGAGCAGACGGTGTGGAACCTCTGGCACCACGGCCAGGCGAGCTGGGGCGGCGTGGCGCACCCGTGGCCCGGCTGGGGGGTCGACGACCCGGGGAACAACTACCACTTCAGCTTCCTCGAAGCGACGATGTTCTGGGGGCTGGCGTCGGACAGCCCGACCTGGCTCGCGCTGCTCGAGGACGAGAAGCTGCCGGCGCTCACCGCCTACTGGGCGCAGCTTTCCGGCGGCGGAAGTCGGGAGGGGACGGGCTACGGGCTCGCCCTGATGCGCCTGTTCGAGCTCTACCGGCTCTGGCGGGATTCGACGAGCGTCGATCTCGGGGTCAGGTCGAGCCACCTCGCCGACACGATCGACTACTGGATCCACGCGACGGTCCCGACGCTCGATCGCTATGCGCCGATCGGCGACCTGGCGCGCGAGTCGTACCCCTGGCTCTACGACTACCACCGCCGGCTGGTGCTCGAAGCGCGGGCGATGGCGGTCGCCCCGGCGGTGCGCGAGCGGGCCTCCTGGTGGCTTCACCACATCGCCATCGACGAAATGACCAGCGGCTTCAACCTGCGCCACGACCTGCTGCCCGCCGGCGTCACCGAGACGGCACCGACGGCGCTCGTCCATCACGCCGTCGGCGCCGGGCATCTCTTCGCCCGCACCGGCTGGGGCAGCGACGCGACCTGGATAAGCTTCGTCGCCGGACGCTACGACCAGTCGCACGCCCATCAGGACCAGGGCTCGTTCAACCTCTTCCACGGCGACTTCCTGGCGGTCTCGGAGTACGTCTTCTCGCACAGCGGCATCGAACAGGGGACCGAGCAGCACAACCTCGTGCGCTTCGACCGTGCCGGCGTGCCGATCACCCAACTGCCCGGCACCACCTCGTCGCTCGCCGTGCAGGCCGGGGCGAGCTGGACCCGCCTCGTCGCCGACCTGACCGCCGCGTACGGCGCCGGGCGCGGCGTCAACCTCTGGCAGC
CP064972.1_gap65	2501032	2503016	1984	GTGCTTGCCGTTGATGGCACAGCCGTCCAGCACCTTGGCGAGCACTTCTGGATTGTCCGCGCCGAAGAACCAAAACAGGCCACCACGAGTTACTCCGAGCGGAGCGAGTGGGATCGCGCTCGCTCGCCCCGATAGCCCGCCACCCTGAGTCGTGGAGAAGTCGATCGCCAAGCGGAAAGCGCCGTCGCCGGCAACCGAGTCGATGCACAGGATGCCGGGTCCCGTCTGGCACTGCTCGGCAAGGAAGTTGCCGACGATGGAGGTCTGACCGGTAACTTGGCCGTACTCATTTGAGTGGTGCCGAGCCCAGGCAAGAAGGAGCTTGCCGGAAGGGAAAGCAGTCAGAGTCGGCATGCCGTTGTACTCTTCTTCTGCATTGGCCGTCAACGATTCGTGCGGTTCGGCCAAGAGGCCGGATTCGTCGATCCTGACCCTCTGGACCCACACGTTCATTCGGGAATACTCCTGAAGCATCTTCGACACAAGAAACCCGCTGTCTGCGAGCGGCGAGACAGCGGGATGGTGGCCTCTTCTGTCGTCGAGGAGGAGCGGCGGAAGCGGCGACGCCGCCAGTGGGTTCGGAAGGACGACCTGTGCCTTGAGGCCCTCCGCCGTGGGCACGGTCAGGAGGATTTGCTGAGAGCCTCGATCTGCCGCGGCCGCCAAGTGACCGAAGATCAAGAGGTCGTCGTTAGACGCGGACACTGGAACAGGGCCGGTTTCGACGCGGCATTCGGACGAGACCCGGCTGGCGAACACCGTTTGGATGGGTTCCCCTGCCCTCTCTGCCCAGAAGGCTACGCCTCCCTCGGCGTCAGGCAAGAATGTCTGAGCGATGGGGAGGACGCCTTCTCGGAGCGGGGCGAGCTCTGCCGTTCCGGTCGGAACTCCGTCCTCGGAGAAGCAGGAGACCTTGAGGCTCCGGCCTGGGTCGTGAAACGGACTCCACAGAATCGCTCGGGAGCTGGTTCCGAGTCGCCACAGGGAACCTGTCGGCGCGACGGTGTGAAGCCAGAGCTGAGAGGCACCTACTGGCACGCCGGCAGAAGAGAGCATTCTCACGGCGAAGTCGCCGGCGAGGTCTCCCGAATCCACTTGCCACGCGAGCTGGAATCCGCCGCGTTGATCCTCGACAACGCTCACCATCTCCCAGCGCGCTCCGGACGTGTCGAGCGGGCGGTCCGATACGCGCGTTGCCGGCCCGGCCGGCTGGCCGTGTGAGTCGAAGCGCTTCGACATGACGACGCTCACCCTCTCGCTCTCGATCCAGTCGTGCCAGAAGAGGAGGAATCCGTCGTCGGCCGTTGGCACTACTCGAAGCGGCCATGGGTACTCGTAGTTGGCGACGTTCGCCGTAAGAAGTGGAGAGACACGGAGCGGCTGGGACGAAGCCGATGCGGCGAGAACGCTAACGGCTCCCACTGCGAGCGAAGGGAGTATGGCGAATGTCGTGCGCATGTCGTTCATCCTCAGGCACTCGGTTGGCGAGCCAGATGCTAGCACCGCAGAGGTAGTGCCTCGATGGTCGGCAACCGCGGCTCTGCCTGGGCACTCGGTCCCACCCACAGGAGAAAATGATGGTCTCGAAGTGCACATCACGGCCCGTCTGGCGGAGCATCCGGGGTTGACGATCACGGGGATGTACAACGTGCTCGAGAAGCTGCGGAGTGGGGAGGCGCTGACGGCGAAGGAGAAGGTGATCCACGAGCAGGGGTTGGTGTCGGTCTTGAAGCAGATCCACGACGAGATCGACGCGTCGGTGTTCGCGGCCTACGGGTGGCCGGCGACGCTCTCCGACGAGGAGATCCTCGAGCGGCTGGTGGCGCTCAATCACGAGCGCGCCGAAGAAGAGAGGCGCGGTCTCGTGCGCTGGCTGCGGCCCGAGTTTCAGAACCCCGGTGGCGGTGGAACCGCGGTGCAGGACGAGCTGCCGGGGACCGCGGTGAAGGTGAAGAAGGGTGCGAAGTCGCCTGGCGGCGAGACC
CP064972.1_gap66	2506653	2510116	3463	TGACGATCTCGTCGGTGCCGAGGTGCTGCTCGACGATCTCCACCGCCAGCTCGATACCCTGCTCGAAAGTCTCCGCGCCCTGCAGATCGCCGTCTTCGGCTGACCACCCGGGTGGAAGAGAACGGCCGGGCGTTGCCCGGCCGTTCAGGGGAAGTGCGGCGTCCGTCCGGTCGTCAGGGCGTCGACGTCGACCAGGCGGTCTTGTCGCCCCACTCGAAACCGTCGGCGAAGCGGACGACCTTCCAGCCGACGTCCTCGAGCTGCGCCTTGGTCAGGTCGACCTTGCGGAAGAGATCGACGTTGATCGCCGGCTCCATCAGGGTGTTCGGCGTGGTCAGCGGATCGAAGTGCGAGATCGACGAGCCGAGCTGGACCGGATTCGGAGCGTTGAGCAACACGTTGCCGGCCGTGTCGGCACCGGCGAGTCGGGCAGCGTTCGTCCGCAGCGTGGCGGTCACTCCCGGCGCCGGCAACTGGCCCTTGATCGCCGTGCCGTCGGCCTGCTGGATGCCGAGCGAGGGAATGGTGATCGTCGCGTCGGTGCCGCCCATCCCGGGCAGTCCGCTCGCCGCGTTGTTGGCGATGATCGCGCCGATCGCGCCGGCGTCCTGGGCGTTCTTCACCTTGATGATGAACGTGCAAGTGCCGCGGTCGATCAGAGCGATCTTGCCGCTGAGGCTGCCGGCGGTCATCGCTTCGCAGGCATCCGAGGTGGTGCCGACTCCGTCGTTGACGAGAGCGACGGGCCCGCTGAGGCCGACGTTGGTCAGCGGGGCTCCGAAGGTCGCCGCCTGAGCGATCTTGTCGCCGGCGATCGCTGGCGGTGCCGTGACGCTGAGCTCGGGGCGGTCGCCGAGATAGTCGGCGGCCTCGACGGTGACGCGCGGTCCGGTCCACACGACGTTGAACGTATTGATCGCCGAGGCGACGCGCTGGGCGTCGTTCATCGCCGTCCAGAACAGGCCGGTCGTGTCGTCGAAGGTGAAGACCGAGTAGATGTCGGGGAAGCCGCTCTGCTGTGCGCCCGTTGCCTCGTTGACGAAGTTGGCGAAGCCGAGCCCGTGCGCGAGCTCGTGCAGGACGACCGGAAGCAGGGCGATCTGTGTCGTCGGCGCGCCGGGCTCGATGCCGTAGTACCACCCGGTCGTGCCGGGCAAGCAGCCGGTGTCGAGCGCGCTGTTGAAGGTGGCGTTGATGTCGGGGGTCGCCGGGTCGAGGTCGCTGCCGGCGAGCGAGTTGGCGAGCGCCTGGTGATACCAGGTGCCGGCCACCGGGGCGTTGGTGAAATCGCGATGGATCGTGAGCGTGCCCGCCGAGCCGAGCACGGCGCCGGAGGCACTGCAGGTCTGGGCGTCGAACTGCGAACGGACGAGGATCTCGACCGGCGAGTTGATCAGGTTGCCCCAGATCTCGGCGGCCTTCTGGAAGACGATGAGCCGCTGCTGGCCGAGCGTCGTGCCGGTGTTGCCGCCGACCGGGGCGACCGCCGTCGGGTCGTTGAAGCCCTCACCGGCGCCGTCGTTGACGACGATGGTAATCGTCGAGGCGGCGTCGGCGGTCGTCGACCCGCCGAGCAGGAGAGCGAGCAGCAGGGAGGAGATAGCGAGAAGAGGGCGGCGCATGGCTACTTCTCCTCCCGACCGAGGAAGGCCGGCTTCGCCGGCGAGGCTGCCGGCGCGATCACCGCGTGCGCGGTGACCTTCGACGTGGTGCAGAGGGCCTGCGGGCCGTGCGCCGAGACGCCGGCCATCAGCACGTTCTGAAAGCGGCCCTGCAGGTTGATCATCGGCGAACCGTCGGCGGCGGTGGTCTCGACGAGACCCTCGGAGGAGCGGCTGAGCGCGGCCTCGAGAGCGAGCAGCTCGGCGGCGGCTTCGGCGGATGGCGGTGTCGAGGTGAGGCCGCCGGTTTCCGGGTCGATGTAGACGACCATGCCGGAAGCGGCGGCGGGGGCGACGGCGACGGCTGGGGCCGTCGGCTGAGTTTCCGGTGAAGCGGACGGTGGGCTGCCGGCAAGCAGCGCCGCGCCGGCAAACACCAGGGCGGAGAGCGGGACGATGGGCATCGAGAGACCTCCGTGGGTGGGGAACCCAAAGAAGGTAGCACGAACCGGTCGAGCGCGCAGCCTTTGCGGCTGGAGAACGAGATCCTTCGTGTCGTCTATCGCACCAGCGGCCGGTACTTGATGCGGTGCGGCTGGTCGGCGTCGGAGCCGAGGCGGCGGTGGCGATCGGCGGGGTCTTCTCCGGCAAGGGGCGGGTTCTGGACTCGCCGACAACCTAGCCGGGGCGGGCGAACCGCACGAGGCGGGTGACGAGCTCGTCGCGATAGCGAGACAGGTCGCCAGCCGTCATGCCGCCGAGCGGTGGCATGGTCTCGGGGATGGTGAACCGCTCGAGGACCCATGCGAGCTGAGCGGCGGTGAGGCCGGCGTCCTTGCGGCATGCCGCGGCGATCGCCCGTTCGTCGACGGGCAAGCCGAACCGCTCGAGGGCTGCGAGGTCGACGAGATCCCGAACCTCCGAGCGCGAGAGAATCGCACAAAGCTTGTTGGCTTGGATCTCGGTCGGTGTGTCGACCAGCACTGAACCGAAGGCCCGCTTGCGAACCTCGAGCTGTGCCACTCGGTCGCGCACCAAGTCGACGAGGACACCCTCGTTCGATCGAGTGAGGAGTCGCCGCCGGAAGTCGGGAGCCGTCTGGATTTCGTCCACCGTGGCGCCGAGCTCGGCGGCGACCGTGCGCAGGGTGCGGTCCCCGTCGTTGAGCAGATCGCTTTCGGTGAAGAGGTCGAGGTCGTGAGTCGGTCGGTGATCGAGGTAGAAGGCCGAGAGTGCTGCGCCCCCGGTGAGGAAAAAGCCCTTCTGGAGATGGAAGAACGCCGCGAGGACCTCCTGCTGCAGCTTACCGAGGCTCACCGGGGACCTCCGAGTCGCGCCAGCGTCGAAGCAGAAACTCCCAGAAATCCCTCCTCCGACCGAGCTGAGGAGCGATCTCGTCCCAGCGCGCGACGACCTCCGCCAGGGTCGTGAACTTCCACACGTCCGTGTCGCGCGCCTCGCGCAGAATCCTCGCGAGGAGGCGATCCCGAACCTCTGGCGGCGAGTGCTGCAGTTGGGCGTGCAGCTCCTCGACGGTCGTCGGCTCGTCCCAGCTGAAGTACACGAGGGCGTCGGCACGGTCCAGGTCGGTGGACAGCGCAGCGGAGCGGTTCGCCTCCCGCTGGAATGGGCTGGGGCTCATGACCAATCCAGTCTAGCTGTGGAGAAGGGGGGCAGTCACCCGAGACTTTCCCCCGGAACCTCCAGTGGGCGGGCGGCACGCCGCCGAGCGATTGGCCGGTGAGCTCGTCGAGTCCGATGTCGGCTCAGCGCACCAGCGGCCGGTACTTGATGCGGTGCGGCTGGTCGGCGTCGGAGCCGAGGCGGCGGTGCCGGTCGGCCTCGTAGTCCTGGTAGTTGCC
CP064972.1_gap67	2511615	2516390	4775	GGATCTCCTTGCCCTGCGGGGTGAGCTTGCGCAGGTTCTTCATGGCATAGATGAACTGGGGCATGCGGGCCTCTCTCGAGCGGTCGGGATCGCGGAATGCGGGAGAACGGGGCCGCGCCCGGGGGCGCGGGGCCGACATTCTACCGCGTCGGCCCCGCGACCGCTTCCCGGCGCGGCGCTCAGAACCGCAGGCTCACCCCCGCCAGGGCGTACTGCACGGTGGCGAAGGTGTAGACCTCGTCGTTGTCGGCGCCGCCGTCGAGCAGACGCCAGGCGAAGTAGGGGCGCACCCGTTCGCTCGCCCGCAGCTCGAGCCGTGCCGAGACGTCGATCGCCCGCCCCTGCGGCGAGCCGAGAGCGTCGGCCTCGGCCTCGAAGGCCCAGCGTCCGCCGCCGTCCCAGCGGGCGGCGCCGTGGAGCAGCGGGACGACCCCGAGGTCGTCGCGGCGCGCCGAGCCCTGCTCGCCGGCGAGCTCGATCCGCGCGTCGCGCACCTTGGCGGTGAGCCCGGCGCGGAAGCTCCAGGCGCCGGCCGGGGTGAAGCGGCGGTAGAGGGTCAGGCGGTAGGAGTTGAACTCGAACCGCTGGGTGAGCGGCCGCCCGGCGGCGAAGGTGGTGCCATCGAAGCGGACCTCCTGCGCCGGCACGAAGTCGGTCTCGGTGGCGAGGGGCGCGGCCACCAGGCGCGCCGACCAGCGCGCGCCGAAGTCCCAGTGGAGCGCGGCCCGGAACGAGGCCGTGGCCGGCGCGTCGTCGAGCGACAGGCGCGTGCCGGTGTCGCCGGGCACGGCGAAGTCGTTGCGGGTCTGCCAGGCGGCGCCCCCCTCGAGCTCGAGGCGGAAGGGCGTCGACTGGGCCTGCGCCGGGGCGACGGCGAGGACAGGGGCGAAGACGAGGGCGGCACCGGCGGCCAGGAGGGCCAGCGGGGCGCGGGCGGTCGAGAGGGTGCGGCGGGTCATGGAGGGGTCCTTTCCGGGGACCGTGGGTCGGTCCCTGCCCCTGCTACGGGCCCGGCGGCAGGCCGGATGAGGCGCACCGCTGCGTCACCCGCGCACCGGGCGCGACGCTCGCGACCATCGTCGCAGTGCGCCGGGCCTCCGTCGAGCTCGCCGGCGGCGGACGAAATCCCTCGGCCCCGAGCGCCGGCGCAGGCGCGAGTCGATCGTCGAGGAAGGCTTCGCTGGCGACGGGGCAGGAGGGGTCTCGCCTGCAGCCTTCGCAGGGATGGAACCGGGGAGTCCGGGGCGCGCCCGGGGCGCGGGACCGGCAATCTGTCGTGGCCGGTCGATTGGGCGCCCGGGTCCGGCCGGATCACACGTGGTACCCAGACAGAGGGGGAGCGATGGGCCGAACCACCAGTAACTCGCGCCGGTGCGCCGGGATGGCGCTGCTGCTCGCGGCGGCACTCGTCCTGCTGGCAGCGTCCGCTCTGCGGGCCGCGGAGCCGTCCGGCCCTTCCCTGCGCCCCGGCCGCTGGCGGCTGGAGCGCAGCTTCGAGTACGCCGACCGGCGGCCGGCCGCCGGGCCCGTGGTGAGCGAGATCTGTTTCGACCCCGAGGTCATGGCCAACGAGATGATCGCGATGTTCCGGCGCATGGGCTGCACCGCCGAGCGGAGCCGCACGGGTCCGTCCGAGTGGCGGCACCGGGTGGAGTGCGACCGCCCCGAGCTTCCCCGGGGCACCTCCACCTCGGTGACGACGGTGCGTGGAACCGACGCCTACGAGGCGCGGATCGTCAACGAAGGCGGGATGGCGATGCCGGTCGTGCGCGAGCGGCTCGTGGCGCGGCGGCTCGGCGACTGCTGAGCTGCGGTCAGAGCTCGCGTTCCCAGCGCTGCCGGTCGCGCTCGAGGCGGGAGAGCAGCGCGATGAAGCGGGGCTCGCCGGCGAGCGACGCGAGGTCCGCGTCGCGGGCGAACCGCGGGTAGGAGGGATACCCCTCGGCGGCGGCGCGCTCCAGCCAGCGCAGCGCCTCCTCCCGGTTGCCGAGCAGGGCGTGGGCGGCGCCGGCGAAGTAGAAGGCGTGGTGCAGGTGCGACTGCTCCTCGACCGTTTCGGCGGTGATCTCGGCGCGCGCGAGGATCGCCGCGGCCTCCTCCCGGCGCCCCAGCCGCGCCAACGCGACGGCGGCCCAGATCCGCTCCAGCGCACCCCGCGAGGCGGCCGGCCAGCCGAACTCCGGATCGCGGACCCGCTTGGCCCCCGCGTCCCCGAGCAGCAGGGGAAGCGCCTCGGCGTGCCGGCCGATGTCGATCAGCAGTCCGGCGCGAATCCCGGGGGAGAGCTCGCCACCGCGCGCCGCGAGGAGCGCCGCCACCTCCGCGTCCCGCCCGGCGTCGGCGAGCAGCGAGAGCTTCCGCCCGAGGGCGGTGCGGTTCGCCGGGTCGAGCGCCAGGGCGCGGTCGCACTCGGCGAGCGCGCGATCGGTGAGGCCGACGTGGAAGTGCACCTTGCAGAGCTCGAGGTGCGCCTCGGCGAGGCTCGGGTGGAGCTCGACGGCGCGGCGCAGGTCGGCGACGGCTCGTGCGTGATCGAAGCCGCGCGATAGGGTCCAGGAGAGCTGGGCCCGGGCGAGGTAGGCCTCGGCCAATCGCGGGTCGAGGGCGAGGGCGCGCTGCACGGCGGCGAACGCCCGCTCCTCGAGGTCGGCGCTCGGGGCGTCGTGGAAGAGACGCTTCGCGTAGACCGTGCCGAGGCGGGCCCAGGCCTCCGCGAAGCCCGGATCGAGCGCCACCGCGAGCTCGAGCTGCACGGTGGCGGCAAGGCGCTCCTCGGGCCCGACGCCCCCGGGGGCGCGGCCGGAGAGCTCTGCCAGCCCGCGCTGGTAGGCCTCCCAGGCGCGCGGGTCGCGGGTCGGCGGCGCCGCGGGCCGCGGCTCCCCCGTGGCTGCACCGAGCCGCTCGAGGAGCTCCCAGGCGAGGCGCCGGGCGAGCTCGGCGCGGGCCGCCAGGCGCGCTCCGACCTCGCCGTCCAGATGCCCGGCCCAGAGCGTGCGTCGCGAGGCGAGATCGACGAGCGCGGCCTGGACGCGGACGGTCTCCCCTTCGCTCTCCACACTGCCGGTGACCGCGTGCGTGGCTCCGAGCGCGCCGCGGAGACGCCCCTGCGACGCCTCGTCGTCGCCCATCCCGGCGACGCTCGCCGAGGCGAGCACCGAGATCCCCGGAGTGCGGCCCAGCTCGGCCGCGACCCCCTCGCTCAGCGCGGTGGCGAGCCAAGGCTCGGCGCCGCCGCGCGGGGCGAAGGAGAGCACGGCCACCACCGGCGCCCGCTCCGCCGGCTGGCCCGCCGCGGGGCCCGCACGGTGGCCGATCTGCAGGAGCGCCAGGGCGGTGAGGGCGGCGAGCGAAAGGGCCAGCGCGGCGGCGAGCAGCGCGGTGCGGTGGCGGCGGGCGAACCGGCCGAGCCGGTAGGCGGGCGCGTCGCCGCGCGCCACCACGGCCTCACCCGCGAGGTGCCGGCGCAGGTCGTCGGCGAGCTCCGCAGCCGAGGGATAACGCCGCTCGGGCTCCTTGGTCAAGGCGCGGGCGACGATCCGTTCGAGATCGCCGGCGAGCCGCCGCGCGAGCCGCTCGCCCTCGGGGCGCGAGGCGTCGGGGATGGCGGCGCGCGAGAGACGGGCCGGCTCGTCCCTCACCACCGCCTGCTCCACGGCGTAGGAGCTCTCGTCGCCGACCTCCCAGGGGAGCCGGCCGGCGAGCAGCTCGAAGAGGAGCACGCCGAGGGCGTGGACGTCGGTGGCCGGCGTGACGGCGCCGCCGGTGATCTGCTCCGGCGCGGCGTAGCGTGGGGTGAGGGCGCGCAGCAGCGTCGGGGCGCGCTCGCCCCCCGCCCCTTCGAGCGCCCCGGCGGGTGCCAGGAGCTTGGCGATCCCGAAGTCGAGGAGCTTCACCCGGCCGTCGCGGTCCACCATCACGTTCGAGGGCTTGAGGTCGCGGTGCACGACGCGCTGGCGGTGCGCGTGCTCGACCGCGGCGCAGACCTCGAGGAAGAGGGCGAGGCGCTCCTCGACGGTGGCGCATCTCGCGCGGCAGGCCTCGGTGATCGACGCCCCGTCGACCCGCTCCATGGCGAGGTAGGGGGAGCCGTCGTCGGTCATCCCGCCGTCGAGCATGCGCGCGATGCCGGGGTGCTCGAGCCCCGAGAGGATCCGGCGCTCCTCGAGGAAACGCTGGCGGAGGGCCGAGGCGGCGAGACCGGCGAGACCGCCGTGCAGCACCTTCACGGCGGCGCGTTGGACGAACCCCTCGCCGCGTCGCTCGGCGGCGAAGACGCTCCCCATGCCCCCCTCGCCCAGCACGCCGACGACCTCCCACGGGCCGATCCGCCCGGGGATCGCGTCGGCGGGGACGGGCTCGAGTGGCAGCGCGCCGGAGAGGGTGGTACCGGAGAGAACGGCGGCGGCGGCGACGCCGTCGCGGTCGAGGAGGGCGTCGGGGGAGCGGCTCGCGGCGAGCAGCCCGGCCACCTCGGCGGCGAGTGCCGGGTCCTCCTGCGCGAGGGCGCGGAGGCGCGCCGCGCACGCCGCCCCGTCGTCGAGGTCGAAGAGCTCGTCGAGCTGCGCGCTCGCCCGCCCCCAGCGCTCGCGCTCGCCGGCGTCGCTCACGCGCTCGTGCCCGGCGGCGCGCCGCCGCGCAGCTCGCGCAGCAGGAAGGCGCGCGCCTTTTCCCAGTCGCGCCGCACGGTGCGCTCGTTGCGCCCGAGGAGCTCGGCGACCTCGGCATCCGTGAGGCCGGCGAAGTAGCGGGCCTCGACCAGCCGGGCCAGCCGTTCG
CP064972.1_gap68	2521145	2524921	3776	AGGGCTTCAAGGTCTCGGCGCCTCACTGGATCTTCGAGGATCTCGTGGTGCGCGGCGTCTGCGCGCTCGACGACGATTGCGAGCACGCCTTCCACCTCGTCGGCGCCGCCGACTTCACCCACATCCGCAACAGTCGTCTGCTCGACTTCAACGCCCAGGTGAAGGGCAACGGCGAGGGGGTGCCGACCGTCTTCCCCGACGACGTGGTGATCGAAGGCTGCGAGCTCGCCAACGCGGCGCCGCGTTCGACCGCGAACCCGGTGACGCCGATCGACGTGGTCGGCGGCCGCCGCTGGATCGTCCGCGCCAACTTCATCCACGACCACCAGAAAGCCGGCGGCGACCAGGTGAGCTACGCCGCCTTCCTCAAGGGCAACTCGCGCGATGGGCTCTTCGAGCGCAACCTGGTGATCTGCGAGCGCGACCACGCCGGCGGCGTGCGACTCGGCCTCTCGTTCGGCGGGGGAGGATCAGGGCCCGACCCGATCTGCGAAGACGGCGTCTGCAGCCCCGAGCACCAGAACGGCACGATGCGCAACAACCTGATCGTCAACTGCCCGCAGGACGTCGGCATCTACCTCAACGAGGCGTTCGGGACGCGGCTCTTCCACAACACGCTGATCGCGACGACCGGCATCGACGTGCGCTTCGCCGCCTCCACTGCCGAGATCCGCGGCAACCTCGTCTCCGGTTCGATCCGCAATCGCGACGGCGGCACCAGCACCTCGAGCGGCAACCTCACGGGGGTGGCCCTCGCGCAGTTCCAGGCCTGGTTCGTCGACCCGCTCGCCGCCGACCTGACCCTGGTCGACGGCACGGCGTTCGTCGACCAGGGGACGCCGCTCGCCGCGGTGCCCGCCGACTACTGCGCCAACCGGCGGGACGACGGTTCGCCCGACCTGGGAGCCGTCGAGTACGACGGCGACGGCCCCTGCGCGACTGCGCTCGCGGGTGGCCACGTGGACCTCTTCAGCGATGGCCTCGAGACCGGCGGCACCGGGGCGTGGCGCGGCCGGCGACCGTGAGGGTGGCGCGGGCGCATAATTCCCGGTGGACGGGCGCGTTGTCGCGGGCCCGGGCAACTCCAGGGAGGGAGCATGACCATCGTTCTCGACGGATCGTCGCTGACGGTCCCGAATCTGGTTCGCATCGCCCGCGGGGGCGAGAAGGTGGAGCTGGCGCCGGCGGCGCTCGATCGTATCCGTGCCTGTCGTGCAGTGCTCGAAGAGAAGATCGACGCCCACGAGATCATGTACGGCGTCAACACCGGCATCGGCGAGTTCTCCGAAGTCGTGCTGACCGACGAGCAGGTGAAGGACTTCCAGCGTTATCTCATCTACAACCACGCCGCCGGCATCGGCGACCCGGCTCCGGTGGAGTACGTGCGCGGTGCGATGGCCGGACGGATCAACGTCCACGCCCACGGCAACTCCGGTTGCCGGCCGGTGATCACCCAGACGCTCGTCGAGATGCTCAATCGCGGGGTCACGCCGGTGGTCTGCCAGAAGGGGTCGGTCGGTGCCTGCGGCGATCTCGCCCCGATGTCGCAGATCGCCCTGTTGCTGCTCGGCGAGGGAGAGGCCTGGTACAAGGGCGAGCGGCTCCCCGGCCACGTGGCGATGCAGCGCGCCGGCATCGCGATCCCCGGCCTGATGGCCCGTGACGGTCTGGCGACGATCAACGGCTCGAACCTGCTCACCGCGATGAGCGCCATCCACGTCCATGACATCGACCGCTGGCTGAAGCAGGCCGAGATCGCCTGCGCCATGTCGCTCGAGGCGCTGTTTGCCAACTTCAAGCCCTACGACACGCGGCTGCACCGCCTGCGTGGCTTCTCCGGCGCGGTGCGCTCGGCGCAGGCGATCATGAAGTGCGTCGAGGGGAGCGACCTGCTCTCCGGCAAGATCAAGACGAAGGTGCAGGACGCCTACTCGATGCGCTCGACGCCGCAGGTGATCGGCGCGGCGCACGACGCGGTCGCCTACGCCCGCGCCCAGATCGAGATCGAGCTCAACGGCGTCGGCGACAACCCGATCTTCCTCCCCGAGGAGCGGCTGACCCTCACCGGCGCCAACTTCCAGGGGACGCCGGTTTCGCTGCCGATGGACATGGTCGGTGCCGCGGTGACGATGGTCTCGGTGCTTTCCGAGCGGCGACTCAATCGCCTGAACCACCCGGCGCTCTCGGTCGGCCTGCCGGCGTTCCTCACCAAGGGCGCGGGGATGTTCTCGGGGCTCATGCTCTCGCAGTACACCGCCGACTCGCTGATCGTCGAGCAGCGGATCCTCTCGATGCCGGCGTCGATCCAGTCGATCCCCGCCGCCGCCGACCAGGAGGACTTCGTCTCGATGGGGATGAACACGGCGATCAAGACCGGGCAGATTCTCGACAACGCCTACGGCATCCTCGGCATCGAGCTCATGGCGGCGGCCCAGGCGCTCGACTTCCGCGAGTTCACCCCGGGCCGCGGGGTGCAGGCGGCGCGCCGTGTGGTTCGTACCGTCGTCGACCATCTCGACGTCGACCGGCCGCTCTATCCGGACCATACTCGGATGAAACAACTGGTATCCTCATGTGCAGTACTCGACGAAGTCGAGCGCGAAATCGGTCCGCTCGCCTGAGCCGAGACGCGGGAGGTTTCATGAAACGACCCAGCGCGAATCGAACGGCCCGCAGGGCACTGCTCCTCGCGGCGGCCGCGCTCCTGGCCGGCGCTCCCTCCGGGGCGCAGCAGGCCAACCTGACGTTGGTGCCGGAGGTGGCGGTCTGGAACGAACCGGTCGAGGTGCACCTCACCGGCATCGGATGCAGCGGAGCTTTCGCGCCTCCGGTCGAGGGCGTGGTGGGTGTGACGCCCGTCGTCGATATCGACCTGCTCGACTGCTCGCCGACGTCGACGACGCCCTTCGGCGTTGTAGCGCGAGTGGGTCCGCTCTATCCGCGCCCCATCCCTTACAAGATTCGTGTACGCAACGCCACGCTTGCCCCGACCGTGCTCGACGAGGCCGACCTTTCGGTTCGGAACGAGAACGCCGCCTTCTTCGAAATGCCGGAGGCGGCGACCGACGGGGAGCCGGTGTCGATGACCACCTGGGTGCAGCGGACCGGTCCGACGCTTTCCACCGATCCGCCAGTCGTTCGCGGGAACGTCATCGAGCTCGTCTACGTCTGGACCTCCGTCTCGGGGGTGCCCCCGCCTTACTCGCCGGGTGTCGAGCCGATCCACTGGACGCTGGGCCCCCTCGAGCCGGGGACGTACGACGTCCGCCTCTTCTACGGGCCCCCATTCGATCCCGCCGCGCCGTTCACCCGCCGTCGTCTGGTGGTGTTCGACCACGAGCGTTGCGTGCCCTCCCCGACGGCGCTCTGCCTGACCGGCGGGCGCTTCCGCGTCGAGGCGAGCTGGACCGACTTTGCCGGGCGACACGGCGAAGCGCATCCGCGGCCCCTGGACGGCGACGGCGCGAGCGGCCTTCTCTGGTTCTTCGCGCCGGAGAACATCGAGGTCACCGCCAAAGTGCTCGATGGCTGCGGAGTCAACGGGCACTACTGGGTGTTTCTCTCCTCGGGCTCGACGGTTGCGTTCGAGGTCACGGTCACCGACACGGCGACCGGCGCGACGCGCCACTACGCGAATTCCTCGGGCCAGTCCGCGCCGCTGGTGTCCGACACGAGCGCGTTTGCCTGCGGCGGGAGCTGAGACGATGAGCGAGTCGATCGGGATCGTTCGCGCCCCATCTCTTTCCGGATTGCCAGTGGTTCTGTCCCGGTGTTTC
CP064972.1_gap69	2642633	2646305	3672	CTGCTGGTGATGCACCAGGCCAATCTGCGGATCAACGAGGCGGCCCAGAAGGTCCTGGGGCTGCCCGACGAGAAGGTGCACAACAACATCCAGCGCTACGGCAACACCACCTCGGCGACGCTGCCGCTCTGCTTCCACGAAGCGCGGGAGCACGGCAAGGCCAAGCCCGGGTCGCTCGTGGCCTTCGCCGCGCTCGGTGCCGGGCTGCACTGGGGCGCCGTGCTGCTGCGCCTCTGATCCAGGAAGACGAAACGCGGGGCGGCGTGGACGGACGTCGTCCCGGCCGAGGCGCCACGGCTCCGCTGCCGGGCGACGCGCCCGCGCCGGTCGCTACTTCTGCGACAGCAGGAGCTGGCGCGCCACCTCGGCGTAGAAGCGCCGGGTCGCCTGCTGCCACTCCACCGCGGTGAACGCCTCGGGGGGAGCGCTCAGCTCGACGACCCCGCGACCGTCGGTCGCAGTGGCCACCTTGATGCGAAAGGTCGACCAGAGGATCGCCCAGTTCGCCGTCGCGTCGACGCGCGGGTCGAAGCGGCTGCCCGACAACAGGACGGCGTCGCGCACCGCGGCGAGGAGCTTGCCCGAGGGGCCGTCGTAGGGACGATCGAAGCTCCGCCGGTCGAGCCGATAGCCGGCCGGAATCTGGTACCGGTCGACCTCGAGCAGCGGCGCGAATGCCGGATGGGCGAGCAGCTCGGCGAAGTTGGCGTCGAAGCGGGCGCGGACGCGCGAGGTCTCGTCGAGGGCGATCGCCCGTTCGAGCTCGCGCGCGGCGAATGCCGCGTAGCCGGCCAGAGCGTAGTTCTTGGCGATGCGGAAACGTGCCTCGGCCGATCGCGGATCGCGGGCCGCGTAGCGCTCGAAGCGCGGCGCGGCCTCTTGCAGGCGACCGGCGAGGAGCAGCGTCGCGCCGAGGTTGAGGTCGTTGTCGGCGGCGGTCGGGTCGAGCGCCTCCGCGCGGGTGAACGCGGCGAGCGCGTCGTCCCAGCGCTTGTCGGCGACCGCCAGCCCGGCGAGTCCGAGCCAGGCCGGGCGCAGCGTCGGATCGACGGCCACGGCCTGCTCGAGGTCGACGCGGCAAGCGGCGAGCTCCCCGGCCATGCAGCGGGCGCTGCCGCGCAGGTAGAGGGCGCGCGGCTCGCGCGGCCGGTGGGCGAGCAGCGGCGCGATCGCCGCCTTTGCCCCGGCGGCGTCGCCCTCGGTGAGCATCGCCTCCACGCGGGTGAGGATCGCGGCGTCCTCGGCCGGCGTGCTGGGAGTGGATGCGGCGGCGACCGGAGGGACGAAGCCGGCGAGGCCGGCGAGCAGCAGGCAGGAGGCGGCACGAGATCCCATGGGCTGAATCTATCGAGGCTCACGCGGCGACGCTATGATCGCGCCGTGAGTTTCCAGGCCCCTCCCCCCACGATGATCGCCGGGGCGCTCGGCCGCCGCGTTCTCGGTCAGGACGAGGCGGTTCGCGAGATGGCGATCGCCCTGGCCAAGAAGGTCGCGGGCCTGCGGGTCGGCAACATCCTGATGATCGGCTCGTCGGGCACCGGCAAGACGACGCTGATGCGGGCGGTGGAGAGCTTCCTCGCCGCCGAACCGGCGCTCGCCGAACGCTCGACGGTCGTGCGCCTGCACGCCAACGTCCTCGGGGAGGAGGCCGAACGCGGGCGGCCGGGCGAGGCGGTGCTGCGCCGCCTGCTCGAGCGCGCCCGCGAGCAGCTCGGCTCGACCGCGCCCCTGCCGGACCTCTTGGCGCGAGCGGTGCGCGGACTGGTCTTCGTCGACGAGGTGGACAAGATCCGCTCCCACGTCGGTGGCCAGCCGAACGTGCGCGGCATCCGGGCGCAGGAAGCGCTGCTCACCCTGATCGAGAACGAGGCGATCCCCTTCGAGCTCCCGGCCTGGGCGGGCGGCGGCCCGGTGACCGTCGATTCGAGCAGCCTGCTCTTCGTTTGCGGCGGGGCGTTCGAAGGGCTCTACGACGCGGTGTTCGACCGGGTGACGGTCGGGCGCGACCGGGGAGCGCTCAAGCCGGTGACGGTGGTCGAAGGCGGCACGGTGCGCGAGGAGCTGCAGTTCCACCTGCGCGACTGGTTGCGCAACGAGGATCTGTTCGACTACGGCATGAGCCCGCAGTTCCTCTCCCGCTTCGACGCCGTGGTGCTGCTCTCCGACCTCGGCGAAGACGAGCTCGTTCGCATCTTCCTCGAGACGCCCGACTCGGGCTACCAGGTGGCGCGCGAGTACTTCGCCAGCCGCGGCATCCATCTCGCCCTGTCGCCGGACGCGGTCCGGCGGATCGCGCGCGAGGCGGCCCGCCAGCCGCGGCTTGGCGCGCGGGCGCTCAAGGAGGTCTTCCGCCGAGTGATCCGCGACTACGAGTTCGAGCCCGAGCGACACGCGGCAGGAGGAGCGCTGCTGCTCGACCTGCGCGAGGTCGAGGCCGGGCTCGCCGGCGGCTGAGAGCGTCGGCGGGCGTCGGGCGCCGCGGCGACCGAGCCGCTCAACGTGCTTCGGCGGCGAGCCGCTTGGCCCGCGCCAGGCGGATCCGCTTGGCCCGCATCCGTCGGCGATGGAAACGCGTCGCCGTCGGAATCATCACCAGCGCGACGAGCAGAGCGAGCGCCACGGCGAGGTCGCGCGCGATGCGTGCCCGGTCGGCCGCCGCGGCGCGCACGATCGCCGAAGAGAAGTAGGTCCAGACGACGACCGCCGGCGCGAGGCCGATCACCGAGCTTGCCATGAACTGGGAGAAGCGCACGCCGGCCACGGCCGCAGCGGCGTTGACCAGGGGGAAGGGCAGCGGCAGGAAGCGGGTGCTGACCAGGGCCCAGAAGCCGTGCCGGTGCAGCATCCGCTCGGCCTTGGCGAGCCGGTTGCCGCCGAACTTTTCGACGGCTTCTCGCCCGAGATAGCGGGCAAGGGCGAAGGTGGTCGCGGCGCCGAGCAGGGTGCCGGCGACGTTCACCGCGCTGCCGAGCGCCGAACCGAAGATCGCTCCGCCGGCGAAGAGCAGCGGTGTCGCCGGAATGCCGAGCGGACAGAGCAGGCCGTAGAGCGCCAGCAGGACGAGCGGGCTCCACCAGTGGCCGCGCGCCGCCTCGAGCATCGCCGAGAAGCGCTCGGGCTCGATCAGGCGACCGAGCGGTGTCCAGCGCAGCGCCGCGAAGGTGCCGCCGAGCAGGGCGACGAGCAAGCCGGCCTTGATCCAGGTCCCCGCATGGGTGGTGTGTGCCGCGTGCGGACGCGGAGCGGTCGACGGCTCGCCGGCGAGCTCGTCGCGCAGCCGGACGACGTCGACGCCGAGCACCCGCCGGGGCAGATGCCGCACCGCCGCGCGGCAGGCGGAGAGCTCCCGTTTCGCGGCGGCCGCGTCTCCCCGCTCTGCCGCCTGGGCAGCGCGGCCGAGCGCGACGAGGCCGGTGAGCAGGGCCGTCTCCGCCGGTCGGCCGGCGTGGGCGGACCGTGCACTCTCCCACGCGGCGATCGCTGCGGCGAAATCCTGGGAGTCGAAGGCTCGCAGGCCGGGGAGGACGGCCGGATCCATCGGGATCGTCCCGGCGTCAGCCGGCCTTGGCCGGAGAATCGAGAGCGAGGAACTGGCGCAGGTGGGCGTCGAGCACGGCTTGCGCCCCGGGGTCCATGAAGTTGAGCCGCAGCTCGTTGATCACCATGACTTCG
CP064972.1_gap70	2689074	2693532	4458	CGGGGGTCTCGTTTTCGGCGGCGGCCAGGCGATCCTGAAGCGACCCCGAGGCTGGGTGGCAGGTTCCGATTCGCGCCGGGACGGATTGGCGGCGGCGTACTAGCGAACCTCCCTTCTGGCCAGCCCTCCGGCCAGCCTGCTATCGTTCGGCGGCATCGAACGCGGGTCGCTCGCAGGCAGGCGGCGGGGCGGGCCGACATCCAGGTTTCTCTCCAGTGAGATCGTCATGAAGAGCCACGACATTCGCCAGAGCTTCCTCGACTACTTCGCCACGCGCGGGCATCGGCTGTATCCGAGCGCGCCCTTGGTGCCACATGGGGACGCCACGCTGCTGTTCACCAACGCCGGGATGGTCCAGTTCAAGGACTTCTTCCTCGGGCGCGAGACCCCGCCGGCGCGCCGGGCGGTGTCGTCGCAGAAGTGCCTGCGCGTCTCGGGCAAGCACAACGACCTCGAAAACGTCGGGCCCAGCCCGCGGCACCACACCTTCTTCGAGATGCTCGGCAACTTCTCCTTCGGCGACTACTTCAAGGCCGAGGCGATCGAGTTCGGCTGGGAGCTGGTGACCAAGGTCTGGGGGCTGCCCGCCGAGCACCTCTTCGCCTCGATCTACGAAGAAGACGACGAGGCCGGCGAGCTCTGGCGCAAGCTCTCGTCGCTGCCTGCCGGGCGGATCGTGCGCTGCGGCAAGGCCGACAACTTCTGGGCGATGGGCGAGACCGGCCCGTGCGGGCCGTGCAGCGAGATCTACGTCGACCGCAGCCCCGAGCGGCCCGAGGTCTCCTGGGAAGAGGGCACCGAGTCGGGCCGCTACCTCGAGATCTGGAACCTCGTCTTCATGCAGTACGAGCGCGACGCCGCCGGCGTCATGACGCCGCTGCCCAAGCCGTCGATCGACACCGGCGCCGGGCTCGAGCGCGTCGCGGCGGTGCTCAACCGCGTCCCGTCGAACTACGACACCGACCTCTTCCAGCCGATCCTCGGTGCCGCGGCGACGCTCTGCGGGCGGCGCTACGGCGAGAAGGCCGAGGCCGACGTCTCGCTGCGCGTCATCGCCGACCACCTGCGGGCACTCGCCTTCCTGCTCGCCGACGGCGTGATCCCGGGCAACGAGGGGCGGGGCTACGTGCTGCGGCGCCTGCTGCGCCGGGCGGTGCGGCACGGGATGCGCCTCGGCTTCGAGGAGCCGTTCCTGCATCGCGTCCTGCCGGTCGTCGGCGAGGTGCTCGGCGCTGCCTACCCGGAGCTCGTGGCGACGCGCGGCGGCTCGGCCGAGACCATCCGAGCCGAGGAGGAGAAGTTCCTCGCCACCGTCGCCTCCGGTGCCCGGCAGGTGCAGGAGGCGATCGAAGGCGCAAAGGCGGCGGGGGTCCAGGTGCTCGGCGGCGAGGAGGTCTTCCGTCTCTACGACACCTTCGGCCTGCCGCTCGAGCTGATCCGCGAGATCGCCGAGGAGGAGCGCTTCCGCCTCGACGAGCCGGGCTTCGAGCAGGCGCTCGAGCGTCAGCGCGAGCGCTCGCGCCAGCACCTCTCCGAGACGCAGAAGCGGCTCGGAGAGATCCGGGAGAAGATCAAGGAACGAGGGCAGAACTGGGAAGCCGTGGAGTTCACTGGCTATCTGGACCTTCGTGGAAGAGACGAAGGCCAAAGACGTCTGGGTGAGGAAGCGAAGGCGCTGCTTTCCTTGTCCGGCGACAAGCCGCGGGCGGTGAGCGAGCCGCTGGTTGCCGGTGAGACCGGCGTCGCGGTCTTCGCTCGGACTCCGTTCTACGCCGAGTCGGGCGGACAGGTCGGCGACCGCGGTCGCCTCGTCTGGCCGGGAGGCTCGGCGCGGGTGACCGACGTCCAGAAGCTCTCGTCCTACGACTACTACCACTTCCTGGTTGTCGAAGAAGGCACGCTCGGCAACAACCAGGTCGTCGACCTCGTCGTCGACCCGGCGCATCGGCTGCCGACGCAGCGCAATCACACCGCGACCCACCTCTTGCAGGCGGCGATGCGGAAGATCCTCGGGCCGGGCGTGCGGCAGGCCGGATCGCTGGTACACCCGGAGCATCTGCGCTTCGACTTCACGCATTCGCAGGCGCTGACGGACGACGAGCGGCGTGCGATCGAAGATCAGGTCAACGCCTGGATCCTCGAGGCGCTGCCGGTGCGGATCACCTACGACCGGCCGATCGCCGAGGCGATCGAGGCGGGAGCGATGGCGCTCTTCGGCGAGAAGTACGGCGAGAAAGTGCGCACGGTCGAAGTGCCCGGGGTGAGCCTCGAGCTCTGCGGTGGCTGCCACGTCGGCAACACCGGCGAGATCGGGCCGTTCGTCCTGCTTTCGGAGAAGGCGGTCGCCTCGGGGGTCCGGCGCATCGAGGCCCGCACCGGCGAAGGGGCGCTCGCTCACGCCCGGCGGCAGGCCGAGGTGCTCGGACGGATCGAGAGCGCCCTCGGCGTGCCGGCGGCACGGGCCGAGGAGGAGCTCGCGACGCTCCGCCAGAAGCTCCGCGACCTGGAGCGCGAGGTCGGCCGCTTGCGGGTCCAGATGGTCTCGGGTGGTGCCGCGGGTGCGGCCGACGAGGTCGAAGTGGACGGGATCAAGGTCCTCGCCCGGGAGGTGCCGCCGGCCTCGGCCGGCGAGCTGCGGACGATGGCCGACGCGCTCCGCGGCAAGCTCGGCTCGGGCGTCGTCGTGCTCGGTGCCCGGGGCGAGGGGAAGGTGACGCTGCTCGCCGCGGTGACCGCCGACCTCGCCGGCCGGCTCCACGCCGGACGCCTGGTCCAGGTGCTGGCCCCGCTGGTCGGCGGGAGCGGTGGCGGACGGCCAGACTTCGCCCAGGCCGGTGGCAAGGCGGTCGACGCCCTGCCGCAGGCGCTCGCCGCGGCGGCCGGCGCGGTGCGCGACCAGCTGGCGGCGGGTTGAGACGCTGCCGGCCCGGCCCTCCGCCTGCTAGACTGATTCGGACCGCGTGTGAGCCGAAACGGCGCCCGATGAAGGCCACCCTCGCCGTACCCGCCGCCCTTGCCGTCTGCCTGGCCCTCCCGGCTCGGGCAGAGGTGAAGATCGAGGTGCGCGAAGACGGGCGGAAGGTGATCGTCAACGAATCGTCCGAACAGCGCTCGCGCCGGCTGACCGGCCCGCTCGTGCGCTCGATCGACTCGGAGCTGCTCGGCATCATCGAAGCGCACGCCTTCGACCGCGACCTCGATCCGCGGCTGGTCCAGGCGGTCATCCAGGCCGAGTCGGGGTACAACGTCCGCGCCCTGTCGAACAAGGGCGCCATGGGGCTCATGCAGCTCATGCCCGGCACGGCGAGCGAGCTTGCGGTCGCGGACCCTTACGACCCGTCGGAGAACGTGCGCGGCGGCACCGAGTACCTCCGGCGCATGCTCGACCGGTTCGACGGCCAGCTCGACCTGGCGCTCGCCGCCTACAACGCCGGCCCCGAAGCGGTCGGTCGCCATGCGGGCGTCCCGCCCTACCCGGAGACGCAGGTCTACGTCGACCGCGTCCTGGCGCTCTATCGCGGCGAGGGGATGATCAACCCGACGACCTCCGAGCGGGTGGGCCGGCCAGTCCGGCTGACCCGGGATGCCAACAACCGCATCCGGATCGTGACGATCGGCAACGGCTCCCGTTGAGCGCATGACGTCCCCTTCTCTCCCCGCGGGCAGACCGGTGAGCCTGATCCGCTCGCTCAACGTCCCGAACCTGCTGACGATCTTCCGCATCCTCCTCGTTCCGCTGCTCGTCGTCGTCCTGCTCACCAAGTTCGACGGGCGCGAGTTCGTCGGCCTGGGTCTTTTCCTCTTCGCCGCGCTGACCGACTTTCTCGACGGCTTTCTCGCCCGCCGCAACCGGCAAGTGACCCGGCTCGGCCAGTTGCTCGACCCGGCGGCCGACAAGATCCTGGTGGCGGCGGCGTTCATCTCCCTCGTCGAGCTCGACGCCCGGGTCACGCCCGCCTGGATGGTCGTGGTCATCCTGTCGCGCGAGTTCGCGGTGTCGGCGCTGCGCAGCGTCGCCGCGGCGGGCTCGCGGGTGATCTCGGCGGGCTGGTCGGGGAAGGTGAAGACGGGGACGCAGATCGTCGCCATCTCGCTGCTCATCATCTACAACCAGCTCGGTGAGTTCTCCCACCTGGCGCCGATCTCGCTCTGGGTGGCCGTGATCGCGACGGTGCTCTCGGGCATCGACTACTTCGTCCGTCACGGCCGGGCGGTGCTGCTCGAAGAGAGCACGGCCGGCCCGGGCGCGAAGCCCGCTCCGTGATCCCGCGCGGGCTGCTCGAGCGCTTGCTCCTCTTCGCCGGCCGACGGCACGTCGCCGTCGGCGTGGTGGTCTTCGCGCTGGTCGTCGTCGCCCTGCTGCTCACCGCGCGCCTGCGGCTCGACGCCGACGTGCTCAACCTGCTGCCCAAGCACAATCCGCAGGTCCAGGCCTACCGCGACACGCTCGAGCAGTTC
CP064972.1_gap71	2700782	2702026	1244	GCTCGAGGTTCTCGTCGTCGAAGAAGGAAAACAGGGCGCTCTGGTCGCCGAGCCGGCAGCCGCGTGCGCCGCCTCGTCGGCCCTGGAAGTCCTGCCAGCTCGCGCGCACGCGGAACCTCCCGCCGCCGAGCAGCACCGGCTCGCCCGACGCCGCACAGCTCCAGTCCGGTGGCTCGACGGGGCCGCCACCGACCAGAGGGTCCGCGGCGCAGGTGGAGAAGAGACCGAGCTCCTGCACCGGAGAGAAGGGGACCCCGCCCGGGGAGTAGAAGGAGCGCACGATGCCGGTCGACAGGTCGGTGACCACGAGCTGGACCTCGCGGTCGGTGAGCCCGGCGGCATACGCCCAGAAGTTGCCGTTGACCCCGCAGCCGTCGAGCACCTTGACGAGCAGCTCGAGGTTGTCGGGCGCGAAGAGCCAGAAGGCACCCGACTCGCGCGTCAGCGGGATCGCGTGTGCGCTCTCGCCGCCGGTCTCGGCGAGGCGCGTGAAGGCGCGCACCTGGAACCTCCCGTCGTGGAGGCAGAGCGTCGTCCCGTCCGCCTCGCAGGGCAGCGCGAAGCGCCGCGCCAGGACGTCCATGTTGCCTTGGTAGCCGTTCCACCACTCGTAAGCGACGGTGAAGACGCCCGCGTCGGAGATCGCCACGCGGGGCGACGTTTCCTCGAGAGCGTCGGGCCAGTCGTCGACCGGCAGTTCCGCCCCGTAGGGAGTCCCGTCGGCGCGATAGGCGCGCAGGAAGACCTGCTCCCAGGCGCTCGTCCAGGTGACGACGAAACGCCCCGCCGAGTCCATCGCTACCTTCGCGTCGTAGCCGAGCGTCGGGCCGGTCGAGACCTGGAATTCGGTGCCGACTTTCCTTCCGAGAAGGTCGAAGCGTTGCCCGAACACGCGATAGCCGGGGCCGGTCTGACCGAGACTCTCCCAGACCACCACGGAGCCCGACTGCCCGGCGCTGACCGAAGGGTAGTGCTGCGTACCTTCGGTGAAGGTGTTGACATCGATCTCGTCTCCCTCGGGAACGCCTTCAGGACTGAACACGCGAGCCCGCACGCCCTCGCCGGAGGCGTCGCCATCCGGGCTGGACCAGGCGTGAACGAACCTCCCGCCGGGAAGCGCGGCGACCTCGGAGCTTTGAAATCCGCCGCCGATTCCCTCGCGGATCACCGGCGTCAACGGCAAGCCACCGGAGGTGAAGCGTTGAACGGAGGCTGCGGACGGCTCCCCAAGCACCACGGTCTGC
CP064972.1_gap72	2741944	2743330	1386	GCGCGCCTGAAGGCGACGGACGGGACGATCCCGGCGCGAAGCGCGCCACAGTCGAGCGACGAGGGGAAGCGGCAGAATCGGGGCGTGCTCCCTCTCGCCGCCAGGCGCCGCTCGCCCCGACTCCGGCTGACCCTGCTCGCTCTCGGCCTCGGGATCGTCTCGCTCGCCGTCGCCCGGGAGGGTGGGGCCGCCTGCCTGCCCGCGGCGCTGCCCGCGACGAGCGCCACCTGGACCACCCTCGGCAACGGGACACCGGGCAGCGTGACGCCGGCGTCGCTGCAGGCGGCCGTCACGGCCGGCGGGTTCGTCCGCTTCGATCTCGGCGCCGCACCGGTGACGCTCACCCTCACCGCCGAGCTGCAGGTGACCCGCGCCGTGACGATCGACGGTGGCGGTCGGGTGACGCTCTCGGGTGGCGGGACGACGCGCCTGATGCGGATCACCAACCCGCAGAACGCGACCTTCACCGTGACCCTGCAGCACCTGACGCTTGCCGACGGGGCGGCGCCGGCGGGCGATGGCGCGGCGATCGACAAGGCGACCGGCGGCCCCTGGCAGGCGGTGAGCCTGACGCTCGTCGACTGCATCGTCCGCGACAACACGGCGATCGCCAGTGCCCAGGACGGCGGCGGCGGGGGGATCTACGCGACCGGGATGGACGTGGTCCGGATCCACGGCTGTCGCTTCGAGAACAACCGGGGAAGCAACGGCGGAGCGATCTACTCGCTCGGCAGCCGGCGCCTGCACGTCACCGATTCGCTCTTCCTCGCCAACCGCGCCACCGGAAGCGGCGGAAATCCGGGCAACGGCGGCAACGGCGGTGCGATCGGCGTCGACGGTGCGAGCCGCGAGGTGGAGATGTGCGGCGTCCGCTTCTACGGCAATCAGGGCAACGCCTATGGGGCGGCCTTCTTTTCCGTCGCGTACGACACGGCGAGCCCCACCGACTTCCGCTTCTGCACCTTCGACAGCAACTTCAATCCGACCGCGCAGGGCTTCGCCGGCGCGGTCTACCTCCAGGGCGGGCCGTTCTCCCTCCGGCAGTCGGTGTTCCGCGACAACGAGGCGAACGGCGTTGGGGCGCTCTTCCTCGGCCCCGGCGCGAGCGGCACGGTCGAGAACTGCACCTTCACCGGCAACGTGGCGCGGCAGAGCCTGGCCGGGGCGATCTCGATCGGCACGACGGCGCCGGTGACGATCGCCAGCTCGACGATCGCCGGCAACTCCGCCCCCGGCGAGGTGGCCTTCGCCGCCGGCATCCGGGTCGACGCGGGCAACGACCTGACGTTGCGCGACACCCTGCTCGTCGGCAACACCGGCGGCAACGTCTGGAACCCCTGGAACATCCTCAACCCCGCGGCGCACGACGGCGGCGGCAACCTGCAG
CP064972.1_gap73	2745461	2747217	1756	ACGCCCGTCGAACCTCCGCGCGCTCGTCGCCGGCCTCGTGGCGGGCGCGCTGGCGCTGGTCAAGGCGGCCTTCCTGCCGCTCGCCGTGGCCCTGGCTCTGTGCCTCCCGCTGCTGCTCGGAGGCCACCGGGGGCGACACCGGGTGGCGTTCGCGGGGGTCTTCCTGGCCGCGGCGCTCCTCCTCCCCGGGCTGTGGATCGCGCGCAACGCCGCCACCCTGGGGCACGCCACGCTCGCCGACCGCGGCGGCGTCGTCCTGCTGACGCGGGCCGAGCTCGGCGTCGACGTCGAGCGCGAGGGGACCGGCGCGGCGCTCGCGGTCTGGACGCCCTGGCCGCTCGGCGCCACGGCGGCGGACGGCGAGAGCCGCCTCGAGCGCTGGAGCTGGCGGGGGGAGGGCGGGGCGGCGAGCCCGTTCGTCCGCGCCATGGCGCGGCGCGACGCGTTGATCCGGGAGACCGGCGATCCGCTCGCCGCCGACGCGCGCCTGCGACGCGAGGCGCTCGCTGCCCTCGGCGCTGCTCCCGGCCGCTGGCTGCGCGCCACCGTGCCGGTCGCCTGGCGGAGCCTCTTCGCCGAGCGCTCGCCCGCATGGCTCCGCCCGTTCGACGCCGCGCTGCCGATCGGACTGCTCCTCGCGCTCGGCGCCTTTCTCGCTCTCATCCACGCGCTGCGCGGCGCGGACCGGCCGGCGCTCGCCCTGCTCCTTCCGGTCACCGCCGCCTACCTCTTCGCCGTTCTCGCCACAGAGGGCCTACCGCGCTTCCAGCAGCCGTCGCTACCGATCCTCTGGGCCACTGTTGCGGCGACGGTCGATCGGCTGGTCGCGCGCGCGGGCCGGCGGACCGCATCCAAAGACAAGACGTCTGGGTAAGGAACCTCGGAGGAACGAGCCTCGCGCGTCGGGCCGCGGCGCGCTCGGGAACGGACTGGAAGGGTCGGCCGCGCGACGCCTGCGGCTCCGCCTCTTCTTCTTACCCAGACGTCTTTGTCTTGGCGGCTTGGAGCGAGATGGGCCGAACCGGGGCGCCCACTCGGAAACGGTCCGGAGGAGGGGCTTGACGGGAGCGGCGAGTCGAAATATCCTTTCACCCGGATAGAGCGATGGAAGCCCTGGCCCCCACCTCCGCGCCGGACCTGCTGATCGAGCGCCTGTCGGCGCTCGCCGAGCCGGCGCGCCTGCGGCTGCTGGCGCTACTCGAGCGCGACGAGCTGGGGGTGAGCGAGCTCGCCGAGGTGGTGCGGATGCCGCAGTCGTCGGTGTCGCGCCACCTCAAGCAGCTCGCCGACGGTGGTTGGGTGGCGTCGCGCAGCCAGCGCACGGCCAACCTCTACCGCATGCGGACCGACGAGCTCGAGCCCGGCGCCCGCCAGCTCTGGGAGCTGGCGCGGGAGGAGGCCGCCGCCTGGCCGGCGCTGGCGCAGGACCGCCTGCGCCTCCGCCGCCACCTCGAGCGCAAGCGCGAGCGGGGGAGCGAGTTCTTCGCCGGCGCGGCCGGCGACTGGGACCGCCTGCGGCGCGAGCTCTACGGCGACGTCTTCACCCACACCGCGCTGCACGCCCTCCTGCCGCGCGACTGGGTGGTGGCCGACCTCGCCTGCGGCACGGGGGTGTTGGCCGCAGAGCTCGCGCCCTGCGTCGCCCGCGTCGTCGCCGTCGACCAGTCCGCGGCGATGCTCGCCGCGGCGCGCGAGCGGCTCGCCGGCGCGTCGAACGTCGAGCTCCGCCTCGGCGACCTCGAGGCGCTGCCGCTCC
CP064972.1_gap74	2776084	2777358	1274	GGCGCCGGCCGATGGGCCCGAACGGGCCGCCCTCGCCGTCGCGGGGACGCCGCCTCCGGCTCCCCAGGCGGGCGCCCTCGCGAGTCGCCGTCGAGGGACGGCGCGAGTTGAAGCCGTGCACTTCGAATGGAACAATCGGCTGGCCGGGAAAGGTCAGACCCTGTTCGGCTCGTCGGTTCAAGGAGGATTCGAGTGCACCCGTCTGCGGTCAAGCGCTTCTCTCGCCTCCTGGGATGGGCCCTCGTTCTCGGCAGCGCAGCCTCCGCCGAGTCGGCCCCCGGCCCCTCGCATGTCGTGCGTCTCGACCGCGCGGCAGCGCGCGCGGCGAGCCGCCTCGCGCTCGCGCCCCGTTTTGCCGCCGACTACGGCGGTTTCCGCTATCTCGAGCTTTCGGCGGCCGACGTCGCCCGCCTCGAAGGCGCCGGGGTGCCCTTCACGGAAGACCGCGACGCCGGCCAGGTGCAGATCGGTCGCTTCCGTTTCGACCCGCGGCGCGACGGTGAGTCGGCGATCGGTGCGGGTGAGGTGGCCAACGGCACGTCGGCCGGCTTTCGCCTCGTCCAGTTGCGCGGTCCCGCCAAGGACGAATGGCTGGCCGAGTTGGGCCGCGCCGGACTGCCGTTGCTGCAGTACTACCCGTTCGACACCTACTTGACCTGGGCTGCGCCCGGTGTCGCCGAAGACGCCGCGGCGCGACCGTTCGTCCGTTGGCAGGGGCTCGTCCATCCGGCCTACAAGGTCTCGCCGGAGCTCGACGGCCGCACCGGGACGATCCGCAACGTCGACGTGACGGTCTACGACGACGGCAAGCTCGATGCGGTGGCCGCCGAGATCGAAAAGCTCGGCGGCAAGGTGCTGCAGCGCGTGCCGGCGCAGCCCGATCGCACCTTCTATTCGATCGTGGCCGAGCTCCCGGCGAGCGCGCTCGCCGCGATGGCGCGCCTTCCGTCGGTGCTCTTCCTCGGCTTCCAGGGGCCGCGGCCGGTGTTCGATGACGAGATGTCCGACCAGATCCAGGCGGGCAATCACCCGGGTGGTGTGCCGGTCACCGGCTACAACGCGCACCTGGCGACACTCGGCGTCGATGGCTCGGGAGTGACCTGGGCGATCGTCGACACCGGCATCGACTACGACCACCCCGACCTCGCCTCGCGCATCGTCGGTGGGTACGAGTTCCCCGGGTCCTGCAACATCGCGGGTCAGCCCGGATCGGACTGTGCCGCGGGTGGACATGGGACCCACGTCGCCGGAATCGTCGGCGGAACCGCCGCCGC
CP064972.1_gap75	2784044	2785430	1386	TGTTCCCGGATCCAGTCGATCTCGACCGCTTGCGGCACGAATGGGCGGCGCGAGAAGGGGAGTTCCGCGATTGGGAGATGGAGATCGTCTGCAAGGACGGGAGTCGCAAGGTCACTTCCTGGTCAAGCATCGCACGGCAGTTCCCGATCGCGGGCTGGAGAACCTGGTCCATCGCCGCCGACGTCACCGACCGACGGCGCGCCGAGCGCGAGAAGGCGGCCGCGCTCGAGACGCTCCAGAGCTGGGTGGGAAAACTGCAGAAGCTCAACGAGCTCGACGATCTGCTCCACGCCTGCCGAAACCTCACCGAAGCGTATGCAGTGTTGGAGAAGTCGCTTCCGCCTCTCTTTGCCGCCGACGCCGGCCAGCTTTTCCGGCCAGATGCCGGCTCCGACACGATGACGTGCGTGCTCACCTGGGGGGGCCTCGGTTCGGAAAGCTTGGCGCGCACCAGCTGTTGGGGGCTCCGCCTCGGGCATCCCCACCTGCACGGGCCGGAGACCTCGAGCGTGGCTTGCGAGCACGTCGAGCGCGGGAGTGGGAACGCGAGCATCTGTGCACCGCTGCTGGCGCAGGGAGAGCTGCTGGGGCTCTTGCATCTGAGGAAGTTCATCCGTTCTTCGGCGACCGAGAACGCATGGTCCTCCGAGCTCCAGCTGGCGCAGATGGTGGCCGGGCACCTGAGCCTTCGCATCGCCGCACTTGGGCTGCGTGAAACCCTCGAGTACCGCTCGACCCGGGATCCGCTGACCGGTCTGTTCAACCGACGCTACTTCGAAGAGACGTTGACGCGTGAGATCCACAGCTCGGGGCGCCATCGTCGGCCGCTGGCGATCGTCATGGTCGACATCGATCGTTTCAAGCGCATCAACGACACTTACGGTCACGCCGTGGGGGACGTCGCGCTGCGGGAGGTGGCGTCGGCGCTGCAGCGGGGGCTGCGGGCTTCGGACGTACCTTCTCGTTGGGGTGGCGAGGAATTCGTCTTGCTCCTGCCCGAGGCGACCGTTCCGCCGGCCACCCATCGCGCCGAGGAGCTGCGGCGAGCGGTGCTCGCGCTCGCTGCCGACCGGGTGCGCGGGCTGCCGCCGGAGCTGTCGGTCTCGGCCGGCGTGGCCGTCTATCCGCTGCACGGCGAGACCGCGGAAGCTCTGCTCAAGGCCGCCGATCAGGCTCTCTACCGAGCCAAGGCCAACGGGCGGAATCGCGTCGAGACCGCCGAGTAGGTTCAGTCCTGGCGGAACCTGCTTCCGGAGTCATAGGAGGCGAACGCCGCGACAGGGCGACAGCTCTCTGCGACCTGGACGGCACTCCGGGTGCAGTTTTCCCGCTCTCTCGGCCCAGCGCGAGCGTACGCGGCTGAGCGATCAGAACGCGTCGACGTCG
CP064972.1_gap76	2807760	2812337	4577	GTGGAGCTCGAAACGGCCCGCAACATCCAGAGCTCGATCCTGCCGGAGCTGCCGCCGCAGCTCAACGGAGTCGAGATCGCCCACGCCTACCGTCCCGCGACCGAGGTCGGCGGCGACTTCTACGACGTGCTGGCGCTCGAGGACGGCCGGCTGGCGCTGGCGGTGGGCGACGTCGCCGGGCACGGCGTGTCGAGCGGTCTGGTGATGTCGATGGCCAAGTCGGCCCTGGCCGTGCAGGTGACCTTCGATCCGGAAGTGGCGGCAGTCTTTGCCACGCTCAATCGAATGGTCTTCCAGAGCGCCCGCAAGCGGCTGCTCGCGACGCTCTGCTACGCGGTGCTCGATCCGCGCCGGCGTGAGCTGCAGTTCGCCAGCGCCGGACACCTCTTCCCGTACCGCGTCTCGTCGGTGGGGAAGGTGGATGCACTGGAGTCGATCGCTTATCCGCTCGGCGTGCGACCGACGATCGAGGTTACGCCGCGGATGGCGCGGCTCGAAGCGGGCGACCTGGTGGTGCTCTTCAGCGACGGAGTGGTCGAAGCGCGTCCCGAGGCGAGCGAGGATCTCTACGGGTTCGAACGGCTCGAGCAGAGCCTGGCCCGGCATGCCGGCAAGAGCGCCGGGGCGGTGCGCAACGGTCTGCTCGCCGACCTCGCCCGGCACGTGGGCGACGCTCCGCGCGAAGACGACCTCACCCTGTTGGTGTTGCGCGTCCCCTGATCCGCCGCCTCCGGCGAGCCGATACCACCGGGGAGAGGGCCCGGCGCGCCCAGTTGGCACTTCGATCCGGCAGAATCGAGCCGAATCGGGGTCCGTTGTCGTAGGCTCTTGTCGGAGGTCGGCTCGGGGGGGGACCGCAGCCGGCGCTTCCGCCGGAAGTCCATGTCTATCTCGTTCTCGTCGATCGGCCAGACGAACCTCTCCGTTCGCCTGTTGCGCCTCCTCCTTTCCGCGGCGGCCAGCCTGGCCGCCAACCTCGCCAGTCTTCATGTCGCCCCCAGCGGTGCCCTCGCGGCCATCGACTGGACGACGGCCACCCACGTCTTGCTGGCGCATCTCTTCGGCATCGCCGGGCTCGTCGGCAGCCTCGGCGCGGAGATCACCGTGGCGCTTTCCCGCGGCATCGGCCTCTGGCCGATGGCCTCGCTCGGACCCCTCGCCGAGGCGTTGCCGGCGGTGGCGGTGATCCTGGTCTTCTCGCACGGCAGGCGCCTGGCTCGCTGGTTGCCGGACCTTCGTTCTTACCTCGCGTTGGCGCTCGTGGCGATCGTCGGCGGAGCCGTTTCCGGCTGGCTGGCGACGCGGGTGACCTTCGGCCTCTGGCACCCGCAGGCCGGCTGGATCTGGAGCGCGGGGATCGCCACCGGGATCCTCTTGATCGTCCCTCCCGTCGCGGCCTTCGCCGGCAGGATCCGTCATCCCTGGGCGGTTCGTCTCCTCGCCGATCACGCGGCAATCGCGGGGCCGGACGCGGAGCGCTCGGCCGTGTCGTCGCTGCCCTCGCCGCGGGAGATCGTCGCCGGCGCCCTGGCGTTGTCTGCCGTGACCGCGGTCGCGCTCTTCGCCGTGCGCGCCCTGCCGCAGGCCGAGCCCTGGGTCAATCTGCTCTTCGTCTTCCCGATTCTGCGAGGCACCGCGGTGGCTGGCCTGCAGGGCGGTCTCTACGGCGGCTCGCTGGTCGGTCTGGTCTTCGTCTTCGCGCGCACGCTGCTGGTGCCGGGCGGACAGGCTGGGCAGTCGCATCAAGAGGCGATGGCGCTGTTCCCGGCGCTGCTGATGTTCTGTCTGCTCGGTGCCGTCGTCGGTGCCCTGCGCGACCGGGAGCTGGCGCTCAACCGCTCGCTCGAGCGAGCCAATCGGCTCTTGCGGGAGGACCTCGAGCGGTCGGTGCGCGCGCTGACCGCGGCGATCGAGGCCAAGGACGCCTATACCGAGGGGCACGTCGGCAGGGTGCAGCGCTATGCCGAGGCGGTCGGCCGTTGCCTGGCCCTGCCGGAGGCGGAGCAGCAGGCGCTTCGCTGGGCGAGCATTCTTCATGATGTCGGGAAGATCGGCGTGCCGGAGCAGGTCTTGAACAAGCCGGGAGCCCTGAACGGGGAGGAGCGGGCGGCGATCGAGCGTCACGCCGAGCTCGGAGCGCGGATCCTCGCCAACGTTTCGGGGATGGAACGGGTCGCCGACTTCGTCCTGCACCATCAGGAGCGTTTCGACGGGCGGCGGGACGGGCAGTTCCCGGGCTATCCCCACGGGCTTGCCGGGGAGGAGATTCCGCTCGGCGCGAGGATCATCGCGGTCGTCGACGCCTTCGATGCGATGACCACCGACCGGCCCTATCGCCGGAAGCGTTCGTTCAGCGACGCGGTGGCCGAGCTCCGGCGCGAGACCGGTCGACAGTTCGACCCGCGGGTGATCGAGGCGTTCCTGAGCGGACTCGACGAGCAGTCCTGGGCGTAGGTCGGGTGGTGCTCGTGGGCGGGTGGTCTCGAGGGCGTCCGTGAGGCCCCGGCGTGTCTTCATCACCGGCGGCGCCTCGGGGTTGGGGCGCGCTCTCGCCGAGCGCTATGCCCGCGCCGGCTGCCGGGTGGCGATCGGCGACTTCGACGCGGAGCGCGGCGCCGAGGCGCTCTCCGCGCTGCACCACCTCGGTGCCGAGGCCGTCTTCTTGCGATGTGACGTGCGGCACGAGAGCGATCTCGAGGCGGCGGCCACCGAGCTCGAGGCAAGCTGGGGGGGCGTCGATCTGGTGATCAACAACGCCGGCGTCGCCGCTGCCGGCGACATCGCGGCGCTGCCGCTCGCCGACTGGCTGTGGATCGTCGACATCAACCTGCTCGGGGTGGTGCGCGGCTGCCGCGCCTTCGTCCCGCGGCTGCGGCGACAGGGCGGCGGGCAGTTGGTCAACGTCGCCTCGATGGCTGGGCTCGTCCACCCGCCGCTCATGTCGGCCTACTGCGCCACGAAGGCCGGCGTGGTGGCGCTCTCCGAGTCGCTGCGGCTCGAGCTGGCGGCGGACCGCATCGTGGTGTCGGTCGTCTGCCCGGCGTTCTTCCGCACCCGCCTGACCGAGACGATGCGGGCTGCGGACGCCGGCCTGGAAGGCCTCACCGGTGAGCTGGTGACGAAGGCGCGCCGCAGCGCCGACGAAGTCGCCGAGCAGGTCTTCCGCGGCGTCGAGCGCGGCGACTTCTGGATCCTCACCCATCCCGAAGGTCGTCTCGCCTGGATGGGCAAGCGCCTGCTGCCGTTCCGGCTCTACTCGTGGAGCGTTCGGCTCGCGGCTCGCCGGATGATGCGGCGGCCGGGCGCGACGCGCCGCTGAGCCGCGCGATCAGCCGCTCAGAGATCGAGGGCGATCGTCTCGCCCGGAAGCACCCAGCGGACGTCGCACGGCAACTCGCCCGTGGCGAGCGTCGCGCGGGCCGTCGCCGGCGGCTCGGAGAAGTGCCCCCAGCCCTCGTAGTGGATCGGCACGACCACCTTCGCACCCACGGCGATGGCGACGCGCGCGACCTGACGGGCGCGCATCGTGTAGCGCACCGGTCCGGAGAGGGCGAAGCGGGCACCACCGAGGTGGAGGAGCGCGGTGTGCACCCGCAGTCGCCGGCCGATCTCGTCGAGACCGCGGAAGCGCACCGTGTCGCCGCTGACCCAGAGCCCGCCGTCGCGCTGACCGTCCCACTCGAGGAAGAAGCCGGTCACCGCGCCGACGAGCGGCAGGCTGCCGGGTGGGCCATGACGCGCCGGCGTCGCAGTGATCCGCAGCGTCGTGCCGTCGTCGGCGCGCAGCTCGGCCTGCTCCCAGGTGGCGAGGCCGCGAGCCGAACCGCCGAGCCGGCGCGCACCAACCGGCGTCGTGAAGATGGCTGGCACCTGGCCGAGCAGGGCGCGTCCGGCGGTGTCGAGGTTGTCCTGGTGCTCGTCGTGACTGAGCAGCACGGCGGAGAGCGGGCCGATCCGCTCGATCGGGATCGCCGGTGCCGTGGTCTTGGTCATGACCAGGGGGACGAGGCCGAGCGCGCGCAGGACGTATCGCCCGCCGGGCGGGTCGAAGACCGGGTCGGTCAGCAGGCGGAACGGTCCGATGTCGATCAGGGTGGTCGCCGCGCCGATCAGGGTGATCCGGCAGGGCGCGAGAGCGGTCACGAGGCGCCCTTTCGCGGTGGGGTGTCGGACCAGAACCAGGCCTCGAGCCCTGGCTGGGCCGTCTCGACGCCGCGCGGCCGGACGAGGCAGGTCAGGCGCGGGCCGTTGTCGAGGTCCGAGCCGATGGCGCACCAGGCCTCGAGGGGTCTGTCGCTGGTCGGACCTCCTTCGAGGTCGACCGTCAGAATGCGGATCCGGTCGGCGGTGCGCTCCTCGATTCGCGCCGTCCCGGTCGAACGCGCGGCGCCGATCGTCCGGACGAGTCGCAGGCGACCGCCGTCGACGGCCACCTCCATCGCTCCCGAGTAGGCCGCTCCGCCGCCGGGGGCGCGGCCGATCAGCTCGTAGTGTCCGGCGAAGTAGGCGAGCAGGTCGGCGTCGGCCTCCTCGGCGACGATCGGGCCGATGGCGAGCGCAGCGAGCAGGGCGAGGGC
CP064972.1_gap77	2834146	2837001	2855	CGGGACGAAGATCCCGGCGACGCGATCGGCCAGTCGCTGGATCGGTGCCCGGCTTCCCTGTGCCTGCTCGACGAGTCGGACGATCCGCGCCAACACCGTGTCGGCGCCGACCTCGCGCGCCTCGATCACCAGCATCCCTTCGCGGTTGACCGTGCCGCCGACGACGCGGTCCCCCGGTCCGCGGTCGACCGGCAGACTCTCGCCCGAAAGCAGCGCCTCGTCGACCGCAGACTGGCCGGAGACGACGACGCCGTCGGTGGGAATCTGTTCGCCCGGTCTCACCCGCAGCCGGTCGCCGGGACGCACGGCGGCGAGAGGAACCTCGACGTCGCCCCCGTCGTCGATCCGCCGGGCGGTCTTCGGTCTCAGGTCGAGCAGCGCTCGCAGCGCCGAGCTGGTGCGCCCGCGCGCCTTCGCCTCGAGGAGCTTGCCGACCTTGATCAGGGTGAGGATCGCCGCCGCGGTCTCGAAGTAGACGTGATGCCCCAGACGGTGATCGCCCAGGGTCAGCGCGATCGCCACGGCCACCGAGAAGAGGAACGCCGTGAGCGAGCCGAGGGCCACCAGCACGTCCATGTTCGCCACGCCGTTGCGAAGCGCTCGCCAGGCCCCGACGACGAAATCGCGACCGACGATCGCCTGGACCGGCGTGGCGAGCGCGAAGAAGAGCCAGGAGACCCAGATCGCCTCGGCCCAGGCGCCGAGCCACCCCAGGTCGCGGGCCATGCTGAGGGCGAAGAGCGGCAGGGTGAAGGCGATGCCCACGGCGAGGAGCCGACGCTCTCGGCCCTCCTCGGCGAGGCGGGCGGCGCGCTCGGCGTCGACGAGCGGGGCGCCCGCGGCCTCCACGACGTCGTAGCCGGCACGACGGATCGCCGCGACGAGGTCGCCCCGCCGCGCGCGTTTCGCGTCGTGCTCGACCATGGCGCGCTCTGTGGCCAGATTCACCGTGGCCGAGAGGACCCCGGGGACCTTGCGCATCAGTGCCCGCTCGACTGCCAACGAGCAGTTGGCGCAGGTCATGCCGGAGATCGAAAGCTCGGTGCGGGTCACGTCGTCCGGAGCGGCCGAGGCCGCGGGCGACTCGCCGGAGGAGGCGGTCACCGCTCTTCAGCTCTCGGCGGGAGGAAAGCCGATCTCGGTCAACGCCCCGACGAGGCGAGGCCAGTCGGCCGGCGGCTCCCAGGCGACCACGACCTGCTTGGTCGCGGCGTCGGCTCGCACCGTCGTGACCCCTTCGACTTCGGCAAGCTCGCGCTCGATCGTGCGCACGCAATGGCCGCAGTTGATGGCAGGGACGATCACGGTCTTCTCGGGCATGGAACGCCTCCTCGCGCGCACTCTAGTTCAACGCCGCGCGGGGCGGCCGAATTCCGCCGGGTGGCCGGCGGACTCAGGGCCGCGCCAGGAGCTGGCGCGCCTGTTCGAGGATGCGCGAGTCTTCGGTCAGGGTCGCCGGGTGGGCGCTCCGCGCCAGGAGATCGCGCAGGATGGCGTCGATCTCGCCTCGCGTGACCTTGTCGCCGTGCTCGATCAGCGCCTCGATCAGGTAGATCCGGTTGTAGAGGTAGTCGGGGGCGAGCTCGACCGCGCGTCGCAGCTCGCGGACGCCGAGGTTGTGGTCGATCCAGCCGGTGAAGAACGGGATCGACGGCGCGCGGTCATGGAGCCGTCCGAGAATGCGATGGCCGCCGGCCTGCTCGAAGCGTTCGTCGAGAGCGATGACCGTCTCGGCGCCGTCACGGATCCGGCCCGCCACTCCCTGGCGTGCCGCGGCCATGGTGCCGAACTCCTCGCCCCAGAGACCCCAGTTGGCGGCGCCCCAGAAGTAGATCGGCAGGGCCTCGGGGACGCTGCCGAGCGCTCGCGCGCGCTCGGCCGGCTTCATCGCGTCGAGCTTCTTGCGTCCGCCGAAACGAGTCGAGAGTAGGTCGAGAGCCCGTTCGCCGACGTCCCGCCCGCGCGCGAAGACGGCCTGACGCGGCTCGTTGCCGGTCGTCGCGTAGTCGCCTTGGAACCAGAGCGCGCGCATCAGCTTCCAGTGCGCCTCGAGGCTCGTGGCGTCGAGTGCCAGAGCCGCCTCGTAGGCCGTCACCGCTTCGCCGATCGGCTGGGGAGCCGCCTTGCCGGCGACCTGTCCTTCGGCCCGTCGCGCCCATGCGGCATCGCCGCGGGCAATCGCTTCGGCGGGGGTCTCGGCGTGACCGGCGAGGGGCAGGCAGAAGGCGAGGGCAAGAGTCCAGGCGGCAAGCGGGCGCACGGTCATGGGGCGAGCGTAGCAGAGGGGTGCCGGAGCGCGGGAGGCGCGCCGAGCGTCGCGACCGCTAGGAGGGGTCGCGACGCGTCCGTGTCCCGAGGGTGATGACGAACAGGCCGGCGAAGGCGAGCAGGATCCCGGCGGTGCGGACCCACGGCGGCCACGGCGCGGGCGCCAGGTCCGCACCGAGCCGCGCCACCAGCACGCCGCCGAACGCCAGCGCCGTGCCGCCGACCCAGGTGCCGCGCCGCGAGCGGGGGATCACTGGAAGAAGGGCACCAGCGTGATGTAGATCCCGGCGATGATCGCGGTGGTGATCACGCCACAGATGTTGGCACCGAGCGCCTCCGGGAGGATCAGCACGTCGGGTGCCTCGTCCCAGACCGACTTCTGGGCCACCTTCGCCGTCGTCGGCACGCAGCTCACGGCGGCGATGCCGATCACCGGGTTGTAGCGCCCGCGCTTGAACAGCAGCATCAGGTAGCCGCCGGCGATCCCGCCGATGCCGGAGAGCAGCAGCGAAAGGATGCCCAGCAACAGGAGCAGCAACACCTGCGGGTTGAGGATGGTGTTGGCCTCGCAGAGGACGCCGAGCAGC
CP064972.1_gap78	2838119	2840302	2183	CTTGCCGGGTGCGGCGATCGAGGTCTTCATCTTCATCGTCTCGAGCACGAACACGAGCTGGTTCTCGTCGACGACGTCGCCGGGCTTGCAGCGGACTTCCAGCACGGTGCCGGCGACGGGCGACGCGAGCGCTCCCGCCTGGGCCGGTGGCGCGAGAGCCGGCGAGGCGGCCGCGGGGGTCAGCGGGGTGTAGGCGGCGCCGGGCGAGACGAAGGACTGTGGCGTCGGCAGCGCTTCCGGAGCGCCGACGCCGTCGGCGGGGTCGAGAATCTCGACGTCCACCTCGTAGGCGACGTCGTTGACGGTGATCTTGAGCTTCATGATGAGTTCTCCGGGCCCGGATCGTCAGGGCTTCGGCGCGTGAGTGGGGACGACGTGCGAGCCTTGCAGGACGGCTCGGCCGGTGACCGACCAGGGACTGGAGGGCAGGTCGGCGGCCGGCAACCGGCGCACACGGCGGATGCGAGAGCGCCCGACCGCGGCGGTAGCCGCCGCGGCGAGGAGGACGACGAGATGCTCCGGCAGGCCGGACGAGGAATCCGAGGCCGGGGTCGAAGCGACACGGGGGGTCCTGGCCCCCTGCGGCTGGAGCCGCAGGGCGTAGACCACGGCGACCGCCAGCAGCGTCAGCACGAGCCCGACGGCGGTGAACGCCACGAGCGCGAAGCCCGGTCCGAGAAGGGCGTTGAGGTTCATGGCGCGCCCTCCTACATCGGGATCAGGCCGTGCTTCTTGTGCGGCCGCAGCTCGCGCTTCGAACGCAGGACCTCGAGGGCGCTCGCCAGGTAGAGCCGCGTCTCGGCCGGCTCGATGATCTCGTCGATCATGCCGCGTCCGGCGGCCACCCGCGGATCGGAAAACTGGGTGCGGTACTCGGCGACACGACGCTCGAGCTCGGCGCGTGGGTCGTCGGCCTGTTCGATCTCACGCCGGTTGAGCACGCGCACCGCGCCTTCGGCGCCCATCACGGCGATCTCGGCCGTCGGCCAGGCGCAGGCGCGGTCGGCTCCCATCGCCTTGGCGCACATCGCCAGGTAGGCGCCGCCGTAGGCCTTGCGGACGACCACCGTCATCTTCGGCACTGTCGCCGCCGCGTAGGCGAAGAGCATCTTCGCCCCGTGGCGGATGATCCCGCCGAGCTCCTGGCGGATGCCCGGCAGGAACCCGGGGACGTCGACGAAGGTCACCAGCGGCAGATTGAAGGCGTTGCAGAAGCGGATGAAGCGCGAAGCCTTGTCGGAGGCGTCGATGTCGAGGGCGCCGGCGCGCACCATCGGCTGGTTGGCGACGATGCCGACGCTGCGACCCATCAGCCGCCCCAGGCCGATGACGAGATTCGACGCGTAGTCTGCCTGGATCTCGAGGAAGTCGCCGCGGTCGACGGCACGGAGGATCACCTGCCGCATGTCGTACGGCTCGCGCGGATCGTCCGGGACCACCGACTCGAAGCCCGGGTCGGCGACGATCATCTCGTTGTGCTGCTCGCGCAGGAACGGCGCATCCTCGGTGTTGTTGCTTGGCAGGAACGAGAGGAGGCGTCGCGCCAGCGCCACCGCCGCCGCGTCGTCTTCGGCGACGAAATGGACGACCCCGGAGACGCGCGAATGGGTGTCGACTCCGCCGAGCTCGTCGGCGGTGGTCTCTTCGCCGGTGACCTCCTTGATGACCGAAGGGCCGGTGATGTAGAGCTGGCCGCGTCGCTCGACCTGGATGATGAAGTCGGTGAGCGCCGGCGAATAGGCGGCTCCACCGGCACAGGGACCGGCGACGATCGAGATCTGCGGCACGACGCCGGAGAGCAGGACGTTCCGATAGAAGACATGGCCGTAGCCGTCGAGCGCGTCGACTCCCTCCTGGATGCGCGCGCCCGCCCCGTCGTTGACGAAGAGGAACGGATCGCCGGTCTTGAGGGCGGCGTCCATCACCTCGCAGATTTTGCGGGCGCCGGCCTCGCCGATCGAGCCGCCGGCGACGGTGAAGTCCTGGCTCGCCGCGTAGAGCGGGCGGCCATCGGTGAGACCGAGGCCGGTGACCACCCCTTCGCCCGGCAGCTCTCTGCCGGCGAGATCCGGGTGGTTCGAGCGGTGGCGGACATAGAGGTTCCACTCCTGGAAGGAGTTGGGGTCGAAGAGCATGGCGAGCCGCTCGCGGGCGGTGAGCTTGCCCGCGGCATGCTGTTTCTC
CP064972.1_gap79	2874972	2877479	2507	TTCGACACCTCGGCGGCGGATGCGGTCGCCGAGCGCCTGCAGGCGACGCGCAAGCCGAAGCTCGCCGACTTCTTTCCGGAGGGTCGTGTGGAGGTGCGGATCCCCGCGCCGCTCGCACCGCTGCGTCCGGTGCGGCGCTCGTCGCGGCGGGCGGCGCTGGCCGGCAGTGCGGCGTGACGGCCGGCGCGCGGCTCAGGGCTCGCGTTCGACGACCACGGCGGTGCCGTAGCAGAGCACCTCGCTGACGCCTTGCAGAACCTCGGTGGCGTCATAGCGGATGCCGACGACCGCGTTGGCACCGAGCTCGGCGGCGTGCCGCAGGAGCATGTCGAATGCCTCGGCGCGCGTGCGCTCGCAAAGCTCGGTGAACAGCGTGATGTTGCCGCCGATCAGTGTCTGCAACGAGCCGCCGATCGTGCCGAGTATCGAGCGTGAGCGTACGGTGATGCCGCGCACGACGCCGAGGTTGCGGACGATGCGGTGGCCGGGCAGGTCGAAGGTGGTGGAGGTCATCGTGCTGGTCATCGGACAGTCTCCCTGGATGATGCGTACCAGTATCGCAGGTCCGTCGGAGTGCGGCTCGGGTGGGCCGCGCCTGGCGTAGCATCCGTCGCAGCGCTGCGTGGTGAGAGCTCCGGGGGAACGGGTGTCGGATCTGATCGGTCGTCGAGTGGGCCACTACACCGTGCTGGAGCTGTTGGGCCAGGGCGGGATGGGTCAGGTGTACGTGGCGCGTGACGAGCGACTGGGTCGGAAGGTGGCGCTGAAGGTGTTGCCGCCGGAGCTGGCGACGGCACCGGAGCGGCTCGAGCGGTTTCGTCGCGAGGCGCGCTCGGTGGCGGCGCTGCACCATCCGAACATCGTGACGATCCACTCGGTGGAGGAGGTGGACGGCCTCCACTTCCTGACGCTGGAGCTGGTGCGCGGGCGTCCGCTCGATCGGCTGATCGCGCCGGGCGGGCTGGGTCCGGAGCGTCTGGTGTCGATCGCCGTGCCGTTGGCCGAGGCGCTGGCGGCGGCGCACGCACAGGGGATCATCCACCGCGACCTGAAGCCGAGCAACGTGATGCTGACCGACGAGGGTCAGGTGAAGATCCTCGACTTCGGCCTGGCGAAGGCGGCGAGCGGCGAGTCGCGGGACGGGTCGCGTCTGGCGACGGCGGGCGAGTCGATGACGCAGACGGGGATGGTGCTGGGGACGCTGCCGTACATGTCTCCGGAGCAGCTCGAGGGGCAGCCGGTGGACCACCGGACGGACCTGTTCTCGCTCGGCGTGCTGCTGTTCGAGCTGGCGGTGGGGAAGCGGCCGTTCGGCGGCGACAGCCTGGGGGCGCAGATCGCCTCGATCCTGCGGGACACGCCGGATCTCGAGCGCGAGGAGCTGCCGCGCCCGCTGCGCGCGATCCTCGGGCGTTGCCTGGCCAAGTCGGTGGACGAGCGCTACGCCAGCGCCTCGGAGGTGGCGGCGGCGCTCCGCGGTTGGGGAGCAGCGATCGGCGTTCGTGCCTCGACGAGAGCGGTCGAGCGCGAGCCACCGATCGCCACCGCCCGGCAGGCGACGAGCCGTCGGTGGCGCCTCGCGGTCGTCGCTGTGGCGATCGCCGGGATCGGCCTGGCCGGCTGGCGGGGCTGGAGAGCATGGCAGGAGCGGTCGTCGGCACCGGCGATCTCCCCGGCCGGGGTCCTGGCGATCGAGCCGTTTGCCAATCTCACCGGAAATCCTGCCAAGGAGTACCTGGCGAGCGGCCTGCGAGCCGGCGTCCTCCGCAGGTTGTCGGAGCTCGCCGGCCTCGGGGTGCTCGATCCGGCGACCGTGCCGCCCGGGCCCGAGCCGCAGCGGACGCTCGCGAGCGCTCGCCAATTCGGCGCGACGGCGCTTCTCTCCGGCGAGATGCAGAGCGCGGCGCCGAAGGTGCGGATCGATCTCCGGCTGACCGACACGGCGCTCGGCAAGGTCCTCTGGTCCGAGAGCTTCGAGGCCGCCGGGGAGGAGCTGGTCGACCTCGAGGGCAAGATGGCCCGTCGAGTCGCGGAGATCCTGGCGGTGCCGCTCTCGTCGCGCGAGCGCAACCGGACGTCGCGGCAGCCGACGCGGTCACTCCCGGCCTACGACTACTTCCTGCGCGGTCTGCAGCAATCCCGACTGCCCCACGACGCGCCGGCGACCGACAAGGCGATCGAGATGTTCCGTCAGGCTTTGCGCATCGACTCGTCGTTGGCGCTCGCCGAGGTCGGCCTGTCGGAGATGCTCTGGCGCCGATCCGTCCGGCAGGGGCGTAATCCGGGCGACCTCCAGGCGGCCGAAGCGGCTGCGCGCCGGGCGCTCGAGCTGGATCCCGAGCTCCCGGATGCCCGGGTGGCCCTGGCGCGCGTGCTGCGGTCGAGTGGGGACGTCGAGAGCTCGAGCGCCCGGATGGACGAGGTGCTGTCGAAGCACCCGAAGCCTGCGCTGGCGCAACGCGAGCTGGCGGCCGGATGGCTCGAGGTCGACCACGTCGTCGAAGCGG
CP064972.1_gap80	2900027	2901743	1716	GCTGCGGCTACGAGGGGCCGGTGCCGCGCGAGCGCGTGATCGGGATCGCGCGCTCGTTCGTCGACGCCGGCCTGCGCAACCTGAGCCTCGCCGACACCGCGGGACATGCGACGCCGGGAGACGTGACGGCGATGTTCGGCGAGCTGCGGTCCCTCGCCCCGGACGTCGAGTGCGCCTGCCACTTCCACGACACCTACGGCCTGGCGATCGCCAACTGCTACGCGGCGCTCGCCGCCGGGGTGACCTCGTTCGAGGCCTCGGTCGCCGGGCTCGGCGGCTGTCCGTTCACCGCGGTGGCCGGCGGCAACACCTGCACCGAGGATCTCGTCCACGCCCTGCAGCGTGGCGGGCTCCGCCGTGACATCGACCTCGCGGCGCTGATCGCGATGGCGCGCGAGGTGGCGGCGTGCTTCGGTCGCGAGATGCCGGGGAAGGTCTATCGCGCGGGAGCGATCCCCGAGCCGGCCGCGATGGCGAGGTCCTGACATGGGTGCGCTCACCGGCATTCGCGTGCTCGACCTCACCAACGTCCTCTCGGGGCCGTTCTGCACGCTCCACCTGGCGCTGCTGGGCGCCGAGGTGATCAAGATCGAGAATCCCAAGGCGGGCGACCTCGCCCGCGTCCTCGGCAACGTGCCGAAGTACAACAAGCGCCTGATGGGCACGAGCTTCCTGGCGCAGAACGCCAACAAGAAGTCGCTGACGCTGAACCTCAAGGCGCCGGAGGGCAAGGAGATCTTCCGGCGTCTCGTGGCGACGGCCGACGTGGTGGTGGAGAACTTCCGTCCCGACGTGATGCCGCGGCTCGGGCTCGGCTACGAGGCGCTCGCGGCGATCAACCCGCGGCTCGTCTACTGCGGCATCTCCGGCTTCGGGAAGGACGGGCCGGATGCCGACAAGCCGGCCTACGACCAGATCATCCAGGGCCTTTCGGGCGAGATGGACGTCAACGGCGACGAGCGGCTCCATCCGCTGCGCACCGGATTCCCGGTCTGCGACACGGTGGGCGGGCTGAACGCCGCCTTCGCCGTGATGGCGGCGCTCTTCCATCGCGAGCGGACCGGGCAGGGGCAGGCGATCGACGTCGCGCTGCTCGACTCGATCATGCCGCTGATGGGCTGGGTGGCGGCGAACCTGCTGATCGGCGGCCAGGATCCGGTGCCGATGGGCAACGACAATTTCACCGCGGCGCCCTCGGGCGTGTTCCGTACCGGTGACGGGTTCATCAACATCGCCGCCAACAAGCAGGAGCAGTGGGAAGCGGTCACCGAGGTGCTCGGCGTCGCGGACCTGAAGACCGATCCCCGCTTTGCCGAGCGCGACGAACGCAAGAAGAACCGGCGTGCGCTCACCCCGCTGTTGGAGGCGAAGCTGGCCGAGCAGCCGACCGCCCGCTGGGTCGAAGCGCTCAACGCGCGCGACGTGCCCTCGGGCGACATCCTGCCGCTCGGCAAGGCACTGGCCCAGCCACAGGTCGAACACCGCCAGACGCTCGCCACCGTCCACGTCGACGACGAGATCGGCGACGTGCGTCTGTTCAACTTGACCGCCAAGCTCTCGGCCACGCCGGGGGCGATCACGGCGCCGCCGCCGGCGCTCGGCGAGCACACGGAAGAGGTGCTCGGCGAGCTCGGGATCGACGCGGCTGCCGCGGCGGAGCTGAAGGCGAAGGGAGTCGTGTAAGGATCCAGCTGTTCGTGTCGCCTGCCTCTCGTC
CP064972.1_gap81	2951863	2954910	3047	TGTTCGCCGACCATCTCGGCTCGGTGCGGTTGGTGGTCGAAGCGACGACGGGCGCGCTCGTCCAGCAGATCGACGACGACGCCTTCGGTCGGATCCTCTACGACTCGAACCCGGGCTTCCAACCCTTCGGCTTCGCCGGCGGGCTGCACGACCCGCAGACCGGGCTGACCCGATTCGGTGCGCGGGACTACGACCCGGAGGTGGGGAGGTGGACGAGTAAGGATCCGATTGGGTTTGGCGGGGGGAGTGCCGGGTTGTATGAGTACGTGGGCAACGATCCAGCGAATGCCGTGGACTCCTCTGGGCTTTGGATTACACCCTGGGAAGTACTGGATCTGTGGTCATACCAGCAGTCGTCGGCGGAGTTCTCCAACGCCGTTTCCTTGTTCAGTGAGAATCCAAGCGGGGCGAACGCTCTCCTGATCGGCACATCGTTCGTGACAGCATCAGCAGATGCGGCTGCGTTGGTACTGCCAGTCGTTCCTGCTTGGGGCGGCCTGGTGCTGCGGTCGGTCAGGGCCGGGGAGATCGTTGTCGGTGGAATCAAAGCCAACCGAGCTGCTGGGCACGCCGCTGAAGAGTTCTTGCTCGCGACCTACGGTGGTGATAGATGGGCCTCGAGGCCGACCTCGCTTGGGAGGCGCTTCATAGACAACCTGGCGAACGGCGTGGCTCGTGAGTCGAAAGTCGGGAGGACGGCTTTGACCCCGAGAATCGAGATGCAGATCGCGAAAGACGTTGAGCTATTGAATACGGCAGGTAGCGGTGTTCTCAAGGTGGAGTGGCACTTCTTTCCCGGGCCAACCGGCCTCGGCCCTACCGAACCGCTTCGAAAGGCGCTGAAAGAAGCTGGAATAGCAATCATCTCCCATTGAGGTCCCCATGTCTGATTACCCCAAGTTCGTTCCGCCTGAGAACCTAGCAACAAAGACGCCGCGAGAGTGGTCGAAAACCGAGGCGGATGAATACGCTTCCTGGCTAGGAAGCGAAGCGGGCGCGCGCACTGCAAACCTGCTCCGCTTCTTTGGCGTTGCTCCAGAACTCGCCCCAACCGTGCTCCTCGAGGTGCTCGGAAAGCGAGTAGCGGAAGCCCTCCGAACAGAGGCCTTCTCGCAGGGCGAGCAGCTCACCATCGCGGGCTATGCGCTCGCCGCGGACATGGGCCTCTTGGTTGCCGAGCTTCTGTTGAGGGAATGTGGCGATCGGATCCACTGGCAGGTCGTCCGCCGGCCCAAGAGCGATCTGGACTACAACCAGCCGGTTCTCGCCGGATTCGGCCCAATGACGCTGAATCCCGTGCGCGGCTCTATTGCCGAGTCGGTCGGGGTCCTCCGGGATTGGAGAGGGTGGGATGCTTGGCTGAAGATATTTGGGTTCTGGCGCTCGCGCGCTCAGTGAATCGGCCAGGAGTTCACCTGGTCTTGCGGCCGCGTCGCTCTGAGGGTAGGAAGGCCGCGATCGCGAAGGCTCGCGCGCTCTGTTGACAAGGTGCCAGGGGGCTTTTCAGCGCAACGACACCTCTACGACGTGCGGGACGCGCTGGTGGGTGTCGACTCGATGAGCGCAACCGCGTGACGTCGGCGGATGTCCCTGGCGTTGCTGAGCCGGTCCAGCGCTTCTACGACGCCCACGGCCGGCTCGACCGGGTGGAGCAGGGGGCGGGTGCGGCACTGCGGAGGATCGCCTACGCGTACGATGCCGGCAGCGGTTATCTTGCCTCGGTGACCGATGCCCTGGCGCGCACGACACGGTTCGAGCACGACGAGGCGGGGCGGGTGACGAAGCAGATCCTCCCGGACCTGCGAGAGGTCACCTTCGCCTACGACCTTGCCGGCAACGTCACCTCGGTGACGCCGCCGACGCGACCGGCGCATCAGTTCGGGTACACGCCGGTGGATCAGCTGTCGAGCTACACGCCGCCGGACGTGGGGTTCGCGCCGCGTCAGACGTCGTATGCGTACAACGCCGACGGCCAGGTGACGACGATCACGCGTCCGGACGGTCAGGTGGTGAGCTTCGGCTACGAGGCGAGCGGCCGTCCGGACTTCGTGACGTTGCCTACGGGGATGGTGGACTACAGCTACGACGCCACGAGCGGGCGGGTGAGCTCGGTGACGGCGCCGGGCGGCTACCAGAGCACCTACAGCTATGAAGGTCCGCTGCTGAGCTCGATCACGACGAGCGGTCCGGTCCCCGGGACGGTGGGCTTCGGCTACGACGCCGACCTGCGTCCTTCGAGCCAGACGCTTGCCGGCGGTCCGTCGGTCACCTTCGGTTACGACGCGGACGGGCTGCTGACCTCGGCCGGGGCGCTGACGCTGACGCGGGACGTGGCGAGCGGCCAGTTGCAGTCGACGACGCTCGGGACGACCTCGGACGTGCGGACGCGGACGGGTTTCGCGGAGCTGGACGTCTACACGGCGAGGATCTCCGGGGAGACGCTCTACAGCTACGACCTGGACCGGGATGTGGCGGGCCGGATCCGCAAGAAGACGGAGACGGTGGGCAACGTGACGCGGGTGTGGGAGTACGGGTACTACCCGGAGCGGGGCTGGCTGAAGGAGGTGAAGCGGGACAACGTGGTCGTCGAGAGCTACGTTTACGACGGCAACGGGAACCGCACGGCGTGGAGCGACTTCTGGGGCACGTCGGCGGCGACGTACGACGCGCAGGACCGGATGCTCACGGCGGGCGGTGCGACGTACACGTACACGAACAACGGCGAGTTGCACCAGAAGACGGCAGGCACGGAGACGACGGTCTACAGCCACGACGTGCGGGGCGCGCTGGTGGGTGTGGACCTGCCGAACGGGATCGCGATCAGCTACGTCGTCGACGCGGACGGCCGGCGGATCGGCAAGCGGGTCAACGGCGTGCTGACGAAGGGGTGGCTGTACGCGGGCGGCCTCGCACCGGTGGCCGAGGTCGACGCGCTGGGGCAGGTGACGGCGACCTTCGTGTACGCGACGAAGGGGAACGTGCCGGATTACGTGCTGCGCGACGGCACCTCGTACCGGCTGTTCACCGACCCCCTCGGCTCGGTGAGG
CP064972.1_gap82	2956656	2958910	2254	TCGGTGCGGTTGGTGATCGAAGCGACGACGGGCGCGCTCGTCCAGCAGATCGACTACGACGCCTTCGGTCGGATCACGTACGACTCGAACCCGGGATTCCAACCCTTCGGCTTCGCCGGCGGCCTGTACGACCCGCAGACCGGACTGACACGCTTCGGTGCGCGGGACTACGACCCGGAGGTGGGGAGGTGGACCTCCAAGGACCCGATCGGCTTTGCGGGAGGTGATAGCAGCCTCTACGGCTATGTTTCTGGGGACCCCATCAACAGCATTGACCAGTTTGGCCTAGCAGACTGCTACGAGGATCGAGTTGTCGACGGAGTACGCCTCGGGGGCCCGTTGCCCGCCGGCGACAACATTCGATCGTGTACCCCGACGCTGGGAAGGCGGTTCGGAGACTGGCTCGACAGCATCAGTCCGACGCCGAGCGACGTCCCGATTGGCCCTGGGAGTACGACGACGATCGGTGGTTTTAGGAGCCTCCTGCTCATTCAGATCGTTGTGGGCTTGACGGAGATGGCATTGGTTGAGCTTGTGTCGCCATCCGCTGCACCGATGGTAAACATGGGGAAGCAAGGTAAGCACATTCTCGGCCACAACAACTTCATTGAGGGGCGGAGCATCCTCACGGCTGACCCAGAAGCGCTAGCGGCAAGAGCAGGTACAGGCCTGCCAGCGAACAACGTGCCGAGAGGACAGGCCGGCTTCAAGGAGCGAGTGGATTTCGGTGAAACTATCGGCATCTTCATCGAGAACGGTGTAGCTACGCCGACGTCGAACGGATTGATTATCTACGCAGCGGATGGGACGATCCACATTGTTCCGGTGAGGCCTTAGATCGATGAGCGAACTTCCAACCGAGTTCCGAAGTAGGGTGCTGCTTACCTTTCAAGTAGCGCTACTTGGCATGGTGACACCCTCTCTCCGAGCAGTGACGGTGGGCTGGGAAGGGCGGCGCATCACTGCTAGGTGTATCTACGACCGAGCAATCGTCAATGAAGACTGGGAGACCTGCTCCGACTTGGAAGGCGAGGTCCTTGCGAGCTTTCCGAATCAGGAGGTCGAGGTCTCCCCTAGGTATCTTGAGCGCGGCCGAGACTTACGTTCCGAACTACTCCAGGCTTGGGTCTACAGGCGAAAGGAGTAGCCTCAACTCACTGCGGCTTCCAGCTCTTCGGGTTTGCTGAAGTGAGCCGTTCCCCTTTTCCGATCCATTTCAGACCAGAGTCCGGGGCCTCAAGCGAAGATCCGACGACTTGCCGTTGTCGTACGCGAGCTGATTCTGGACCACGAGAGCGGGCGGTCTCGTCGACACGTCACCCCTCCCCCAGAATCCTCTCCGCCGTGTGGGTGGCGGAGACGATGACGGGGGTGATGCCGCCGCCGGGGCGGGTCCAGTGGCCGACGAGCCAGAGGCCGGGGAGGGGGCCTTCGACCGCGGGGCGGGCTTCGCCGAGTTGGTCGGGGGACATCTCCCAGCCGAGCATGGCGCCGCCGCTGTTCCAGGTGAAGCGCTCGGAGGTACGCGCGGTGGCGCTCGAGCGGGTGACGATGCGGCGGCGCGCGTCGGGCAGGACGCGTTCGAGATGGGAGAGGAGGCGCTCCTCGACCTCGTGCTTGTGGGCGAGCCAGTCGTCGACGCGCGCGGCGTCCATCGCCAGCACCTTCTGCAGGATCACCACCTGGCCGCCTGGCGGGGCCATCGCCGGCTCGTAGAGCGTCGGCGCGAAGATCTTGCAGCGCAGGCCGTCTTCGCCAACGCGGTCGGCGTCCCAGTCGTCCCAGTAGTAGCCCTGGATCGCCGCGAGCTCCTCCGGCGCCACGTCGCGCATGCCGAGGTGCGAGAGGAAGCACGGGAAGCTCAGCCGCATCGCGCGCACCTGCTCGGCGAGCGCGGCGGGCACCGCCCCGGCGGGAAGCAGTCGCTCGATCGTCTGGCGGAGATCGGCGTTGCAGACCACCGCGTCGGCAGCGACCCGATGACGGCCGGTGAGCGGGCCGCGCGTCGTCTCGAGCTCGACCCCGCAGGCGCGGCCGTCCGCGACGACGATGCCGGTGCAGCACGTGCTCATCAGGATGTCGCCGCCGCGCGCCTCGAGACAGCGGGCGAGCTCGTCGGGAAAGGCCTGCGAGCCGCCGACCGGGTAGTAGTTGCCGAGGAAGTAGGAGAAGCGCAGCATCGAGTCGAAAACGAACGAGGTGCGCGAGGGCGGCGAGCCCCAGTGCGCGCAGTCGGCGGCGAGCAGGAGGCGGA
CP064972.1_gap83	2965646	2967922	2276	CCGAGGCGGCGGGCGAGCTCGGCGCACTCCTCCATGGTGACGCCGGCCACCGGCACGAACGGCACCACGTCGACCGCGCCCAGACGCGGGTGGGCGCCGCGGTGACCGCTCATGTCGATGCGCTCGAGCGCGGCGACGAGCAGGCGCCAGGCCCCCTCGAGAACCGCCTCCGGCTCGCCGACGAAGGTGACGACGGTGCGGTGGGTCTCGACCCCCGGATCGACGTTGAGCAGCGTCACCCCGGGTGCGCTCGCGGCGGCGCGAGCGACGGCTTCGTAAACCTCGGGGCGGCGCCCCTCGGAGATGTTCGGCACACATTCGACGACGCGCATGTTTCCTCCGCCAGTTCGCAGGCTGGCACTCCGCCGTCGCGTCGTGGCGAGGCGGCTCGGGCATGGTAGCCGGGCGGCGCGGCGCTGACAACCGGCGGCGCGGGAGGCGCACCGTGGCGAAGGGTATGCTCTCGCCCGAACGGAGGCTCGACCATGGACTACCGCAACCTCGGCGGCACCGGCGTGAAAGTCTCGCCGCTCTGCCTCGGCACGATGATGTTCGGCAAGTGGGGCAACCCGGACCACGCCGAGTCGATCCGCATCATCCACCGGGCGCTCGACGCGGGGATCAACTTCGTCGACACCGCCAACATCTACTCGCAGGGCGAGTCGGAGGAGATCGTCGGCAAGGCGCTCGCCGGCCGGCGCGACGACGTGGTGCTGGCCACCAAGGTCTGGGGACCGATGGGCTCCGGCCCGAACCAGCGCGGGCTGTCGCGCAAGGCGATCCAGGAGCAGTGCGAGGCGAGCCTGCGGCGTCTCGGCACCGAGGTCATCGACCTCTATCAGATCCACCGGCCGGACCCCGAAACCCCTTGGGAGGAGACGCTTTCGGCGCTCACCGACCTGGTGCGGCAGGGCAAGGTGCGCTACCTCGGTTGCTCGACCAACCACCAGGAGATCCCGGGCCAGCGGCGCCTCGCGGCGTGGGAGCTCGTCGAGTCGCTGTGGATCGCCGACCGCCGTGGCTACGAGCGCTTCGTCGCGCTGCAGCCGCCGTACAGCATGTTGCGGCGGACGATGGAGGCGGAGCTCTTCCCGGCCTGCCTCCGCTTCGGGATCGGCAACCTGGTGTGGAGCCCGCTCGAGGGCGGCTTCCTCACCGGCAAGTACCGGCTCGGTGCCGAGCGACCGCAGGACAGCCCGCGTGCCGTCAACTGGGTGGGTGACACGCGCGAGCCGCGCTTCGCGCCGCGCCTGACGGCGGTCGAGGGGTTCCTGGCCCTGGCGGTGGAGAAGGGGGTGGCGCTGGCCGAGCTCGCGCTCGCCTGGACGCTGCAGCATCGGGCGGTGACCTCGACGATCATCGGCCCGCGCACGCTCGAGCAGCTCGAAGGGAATCTGCGCTCGCTCGACGTCCAGCTCACCGCCGACGACCTCGCCCGCGTCGACGCGATCGTCGCTCCCGGCACCTCGGTGCTCTGAGGTGGCGGCCGACGGGGCGGGGCGCGTCGATCTGCTGGTGATCGGCGCCGGAGCCGCGGGTCTGACCGCGGCGATCTGGGCGAAGCGATCGGTGCCGGAGCTCGCCGTGACGGCGGTCGACGGCGCTCGGACGCTCGGGGCGAAGATCCTCGTCTCGGGCGGCGGACGCTGCAACGTCACCAACGAAGTGGTGCGCGGCGACGACTTCGCCGGCTCCTCGCCGCGTGCCGTCGACAAGGTGCTCCGGCAGTTCGACGCCGTGCGGACGCGCGAGTGGTTCGCCAGCCTGGGCGTCGTCCTGAAGGGCGAGGAGGACGGCAAGCTCTTCCCGGTCACCGACCGGGCGCAGACCGTGCTGGAGGCGCTGCTCGGCGAGTGCCACCGCGCCGGCGTCGAGCTGCGCCATCCGTTCCGCGTCGATGCGCTCGGCGCGGGCGAGGCCGGCCTCGTCGCCGCCGGGCCCCAGGGCACGATCGGCGCGCGACGGGTGGTCCTTGCCACCGGCGGCTGCAGCCTGCCGAAGACCGGGTCGGACGGGGCCGGGTTCGGGCTCGCGCGCGAGCTCGGGCACCGGCCGACCGAGGCGGCCCCGGCGCTGGTGCCGCTGGTGCTCACCGAGGGACATCCGTTTCGCGCCCTCTCGGGGGTCGCCACGTTCGCCCGGTTGGAGGTGCGTGCGCCGAATGGACGACGGCTCGCGGTGGCGGAAGGGTCGCTGCTGTTCACCCACGTCGGTCTGTCCGGTCCGGCGGCGCTCGATATCTCGCGTCACTGGATCCTCGCGGCGCGCCACGACCC
CP064972.1_gap84	2970482	2973611	3129	GGGTGGCGGAGGGGGGGCGGTCGTTCAAGAGAGGGTCTCCCGGGCTTTTTCCGAACGGTCGTCCCGGAGGGGCGACTTTCGGGGTGGAACGGCCTTAGAATACCCGTGAATAGGCCGGATCGTCCGTGTCCACGCGGTGCGCCTCGGGTGTATCGCCGCGGGCCCCCGGACGGCACGATCGAAGATCGACCCAAGAGAGGAGAGAGAGCTCACATGGCACTCATTCGAGGGAAAGCCGGAGTCACCGTCGGCGTGGCTGCGGCGCTGACGCTTGCGCTGGCTGCCGGCGCCGCTGCGGCGGAACGCCCGGTTTGTCAGGACTACAAGGCCAAGAACCGGATCATGCGGATCGGCCAGCACCCGTTCGCCAAGAAGGCGCCGGTCAAGAACGTCGCCGAGTTGCAGGCGATGTGGACCGCGCAGGGCGACGAGATCAAGTCGCTGCTCGAATCGCAGGGCCTCGGCCAGACGGCCGCCCCTCTCGCCGAAGCGGTCGCCGCCGGCAAGGTGCGTGACGCCGAGCTGAAGTCCGGCGACACGCTGAACTGGATGGCCTATCGGAAGCGGGCGAAGAAGCCGGCCGACCTCATCATGCCGGCCTGCTACGCCGGCAAGAAGACCTATCCCGGCTACGCGATGACGGTCGAGATTCCGCAGGCCGTGCAGATCGCCAACGCCATCTGTCGCCTCGACGCCTCGGGCGACGTCGCCGCCAAGACCCTCAAGGCCGACGCCTCGGCGAGCTCGAAGGGCGCCACGGTGGTGATGAAGGGACCGGGCGGAGAGCAGACGATCATCTCGGCCGACGGTCCGCGCACCTGGGAAGGGCCGTGGGTCAAGCGCTACTGCTTCGACACCGAGTTCGTGGTCAACGCTCCGCCGCCGGTCACCGACCGGAAGATCGACGTCTACGACTTCATGGTGCCGGCCGCCTGCGGCAACCTCTCGTTCGCCGGCCAGACGATCCGCACCGAGCAGGTGAAGGGCGAGGCCTGCACGGCCACCTTCTCCGTGCCGCGCGCGGTGCCGCCGCCGCCGTCGATCACGCTGGCGGTCGAGCCGGCCGAGATCTTCCGCGGTCAGTCGGTGACCTACACGGCCACCGGCCACTGGGATCGCGAAGCCGAGTGCGGCGTCGTCGACCCGCTGGTCGTCACGACGGCGCGCTGCAGCGACCCCGAGGCGGGCCGCTGGACTGCCGAGACCGGATCGTTCACGCCGGCCAAGGCGGGTAGCTACACCTTCTCCGGGACGGCGAAGAACGAGATCGGCGACGCGACGTCGACCACGACGACCGTGCTCGTCAAGCCCCGCTGGGCGATCCGCGGCTTCCTCGCGGCGATCAAGGCGAACAGCAACTCGGCCTGGCAGCGCACCAACGCCGGGACGACGAGCGAGGAGCTCTCCAGCCTGACGGTCGACGACGGTTGGGGGATCGGCGCTTCCGCCGAGTACCGCTTCAGCGACCTGATGGGCCTCGAGGGCGCGCTGATCTTCGGCGAGCTCGAGTCGAAGTTCCGCTACAGCCGCTTCGCCGGCTCCGACAGCGACAGCGACAAGATGGGGATGAAGGCGCTGACCTTCGGACCGAACTTCCACCTGATCCGTGGCTCGAAGGCCGACTTCTACGTCGGACCGTTCGCTGCCTACATGCAGATGGACGACGCGTCGTTCAACGTGCTCGGTGCCAACCGCAAGCGCGGCTACTCCAACGAGCTCGGCTACGGCGCCCAGCTCGGCCTCGACTACGGCTTCGGCCCCTGCACGCCGTGGGCGCTGCATTTCGGCCTGCGCTACATCGATCCGAAGTTCGACGTCGACGGTGGCGACGGCAACCCGAGCATCACGGTCACGCCGCTGCTGTTCGAGGCGGGCTTCGCGTACCGCTTCTAGTCGTCCCTGAGTCCGCAAAACCAAGGGGGGCGGGCCGCGAGGCCCGCCCCCCTTTTTTCTTGTGCGCCAGGCATGGCGCGCAGCGCCGGGCCTGGCGTCTGGCGCTGGATAACTGCGGAGGGAAACCGAAGCAGGAAGTGACCTGGGGGTGGAAGTCCCCTGCGGGCCTTGATGACGGGAACCGCGAGCCGAACCGCAAGGGTGCTCACCGCGAGGTGGGATCTGAAGGAAGCGGCAGGCAGAGCCCCGGCCCGAGGAACACGAAGCGCGTAGAGGCGCCGGAGTAGGTGGGCGAGAGGGCCAGAAGACTCGAAGCCCGAAGTCATCCGGACCGAGACGGCGTAGACGCGACGGGTATGTGGGGTGAAGGTCACGCGTCTTACCCTGGGAAGCCTGGGAGCTGCCGCAAGGCTAGGGCCGCCGCGAGGTGGACCGATGGCGACCAGGTGTCAGCAGAGGCCGAGAAGCCGCGGGCGTAGCCGCGGCGAGGGCCGAACGAGGTGAGCCGAACCGGCTCGGACCATTCGCGGGTGACGAAGGGCAGAAACGATGGCTGAGATGCCACGGCAGAGCGGGAAGGCGGACGGCGGAACCGTCCGAAGTACCGCCCCTGTGCCGCCAGTGACCCCGGCATGGAACGACTCCGTCGGGGAGCCGCCGCCGATGCAACTGGAAGAGGTGCTACGCAGGGAGAACTTGCTGCGCGCGTACCAGCGGGTCAGGAGCAACGGGGGTGCGCCGGGCGTCGACGGGATGAGCGTCGAAGAGCTCGGCAAGCACCTGGTGCAGCACTGGGACGCGATCCGCGAGGAGCTACGCGAGGGGAGGTACCGCCCCGCCGCGGTCCGCCTGGTGGAGATTCCGAAGCCAGGTGGCCGGGGAGTGCGCCGTCTGGGAATCCCGACGGTCCTCGACCGTCTGATTCAGCAGGCGATCCTTCAGGTGATTCAGCCGCCCATCGACGCGACGTTTTCGGACGCGAGCTTCGGCTTTCGTCCGGGGCGCAGCGCCCAGCAAGCCGTGTCTCGGGCCCGCGAGCACGTGAAGGCGGGGAACCGATGGGTGGTCGATATCGACCTGAAGGACTTCTTCGATCGGGTCAACCACGACGTGCTGATGGCACGGCTGGCGCGCCGGATCGAGGACCAGCGCCTCCTTCGTCTGATCCGCCGATCCCTCGAAGCCGGGCTGCTGGAAGGCGGCTTGGCCTCGCCGCGGGTGGAGGGAACGCCGCAA
CP064972.1_gap85	3142976	3147618	4642	GCTCGCGAACTCCTGACGGGTGCCGTGGCGGAAGTCGATCGTTCTCTATTCGAAGCCTACCTTGTGGAGATCGGGGAGGGTAAACGAGCTCCTGCCCTCTCAGCCGAGGCGAGGGAGTTCTTTGCGAGACGCGAGGTGAAGAAGTCGGCTAGGCGGTTCGTTCAGTTGGGCGACGAGATTCGAGACCTAGAGAGAAAGCTCTCGCGCCCGCCTTCAGAGTGAGGTTGGCTGCCGTGGAGCGCTGCCGGATCAGCCATCGGCTCGCGCCTAGATCTTGAAAGGCATTCCGGCCTCGCTCCGGGCGGCGCCGGGGCGTTCGCCGAGCGTCCGGAGGTCCTCGCGGTCGATCTCGACGGCGACGCGCGGCCGGAAGTCCTGGTGCTGTCGGAAGAGGACGGCCGCGGTGTGATTCACCTCCTCCGCTTCGACTGACCTCGTCCTTCTGCGCCGCATGCTGCGGCGACGGTGCGCCGCCGAACGGGCGAAATCGCTGTGCTAGCATCCGCCGCCATGACTTCACAAGGTGCGGTCGATCCCCGCGATCGCCGTCCGCAGCGCATCGCGGTGCTGCCCGGCGACGGCATCGGACGGGACGTGACGGCGGAAGCGGTGAAGGTGATCGAAGCTGCGGCGGAGCGCTGGAGCCTGCCGCTCGAGCTGGTTCACGAACCCTGGAGCGCCGATCACTATCTCGCCACCGGCGTGAGCATTCCCCCGGGCACGCTCGAGCGCTACCGCGACGAGTTTGCCGCGATCTTCATCGGCGCCTACGGCGATCCGCGGATCCCCGACATGCGGCACGCCGCCGACATCCTGCTCGGCACGCGCTTCAACCTCGATCTCTACATCAACTTCCGCCCCTGCAAGCTGCTCGACGCGCGGCTCTGTCCGCTCAAGGACAAGCGCGAGGCCGACGTCGACTTCTTCGTCTTCCGCGAGAACACCGAAGGGGCCTATGTCGGCGTCGGCGGCTTCTTCAAGAAGGGCACGGCCGACGAGGTGGCGGTGCAGGAAGAGATCCACACGCGCAAGGGCGTCGAGCGCATCATCCGGGCCGCCTTCGAGTGGGCCGTCGCCAACGGGCGGAGCAAGGTGTGCATGGCCGACAAGTCGAACGTCATGCGCTTCGGGCACGACCTCTGGCAGCGCGTCTTCGCCGCGGTGGCGGGCGAGTTCCCGTCGATCGCCTCGTCGCACATGTTCGTCGACGCCCTGGCGATGCAACTGGTGCGAGCGCCCGAGCAGTTCGAGGTGATCGTGACCAACAACATGTTCGGCGACATCCTCACCGACCTCGGATCGGCGCTGCAGGGCGGACTGGGGGTGGCCGCCTCGGCCAACCTCCATCCCGGACGGACGTCGATGTTCGAGCCGGTGCACGGTTCGGCGCCGAAGCACGCCGGCACCGGACGCGCCAATCCGGTGGGTGCGGTGCTCTCCGCCGGACTGATGCTCGACACGCTGGGCCACGCCGAGGCGGCACGCGAGATCGAGGCCGCGGTGACCGCGGCGCTCCGTGCCGGCGAGTGCACGGTCGACCTCGGCGGTACCCTCACCACGTCGCAGCTCGGTGACCGGTTGGCGCGGGCGATCGCCGCGCCGGCCGCCGCTCGTCGCTGAACGGCGGCCTGTCGATGCAGCCGCGCGAGAGCGAGCTGGTCCACGACTGGAACCGCGCGGGCGAGCTCCCGCTTCCGGCCCGCGGAAGGGTGCTGCTCAACGACGAGACGTTGCGCGACGGGCTGCAGTCGCCCTCGGTGCGCACGCCGTCGATCGAGCAGAAGGTCGAGATCCTGCACGGGCTCGTCGAGCTGGGCATCGACGCGCTGGACATCGGTCTGCCCGGCGCCGGTCCGCACGTGGCGCGCGACGTCGAACGGCTGGCGCGCGAGATCGCCGAGCGGCGGCTGCCGATCTCGCCCAACTGTGCCGCGCGGACCGTGCGCGCCGACATCGAGCCGATCGTCGAGATCGCCCAGCGCACCGGCCTGGCGATCGAGGTCGCCTGCTTCCTCGGCTCGAGTCCGATCCGCCAGTACACCGAGGGATGGGAGCTCGACCGCATGCTGCGGCTCACCCGCGAAGCGATCGAGCTCGCCGTCGGCGAGGGGTTGCCGGTGATGTACGTCACCGAGGACACCACCCGCGCCGCGCCCGAGGATCTGCGGCGGCTCTACACCGAGGCGGTGGCTGCCGGCGCGCGGCGGGTGTGCATCGCCGACACGGTCGGGCATGCGACGCCGGTCGGGGCGCGCAACGTGACGCGGTTCATCCGCTCGGTGGTCGACGCCACCGGCGTGGCGGTGGAGGTCGACTGGCACGGCCACGACGACCGCGGTCTGGCGGTGGCCAACGCGATCGCCGCGGCGGAGGCCGGGGCCGACCGCCTGCATGGGACCCTGCTCGGCATCGGCGAACGGGTGGGCAACACACAGCTCGACCAGCTGTTGGTCAACTTCCAGCTCATGGGCTGGATCGATCGGCCGCTCGATCGGCTCGGGGCGCTCTGTGCCGAGGTCGCGGCGACGACCGGCATTCCGATTCCGGACAACTACCCGATCGTCGGGCGCGACGCTTTTCGGACGCAGACCGGGATCCACGCCGCCGCGATCCTCAAGGCGAAGGCCAAGGGCGACGACTGGCTCGCCGACCGGATCTACTCCGGCATTCCGGCGGCGATGATCGGCCGGCGCCAGGAGGTCGAGGTCGGACCGATGAGCGGACAGGCCAATGTCGTCTACTGGCTGACCGAGCGCGGGCTCTCGGCACCGCCCGATCTCGTCCAGGCGATCTTCCGCCGCGCCAAGTCCGCCACCGAGGTGCTGTCGGAGGCGGAGATCGTCGAGCTCTGCCGGTTGCACTCGAAGGCCGGATCGCCCTGAGCCGGGCGCGGCGGAGGCGGCGCGTTTGACTCCGGCGAATCGGCTCGGTTCCCGCGTCGCGCTCTTCGCCGCGAGCTTCGTGCTCTTCGCCGGGCTGGCGGGCGTGCTGGCCTGGCGCGTCCCGGAGCTGCCCGACCTCGACTCCTACTACCATCTGGCGGTGGCGCGCGAGTACGCGCACGCACCGGGCCTCGCGACCTTTCCCTGGGCGCGGTTTTCGCTGATGCGGGACGGCTTCGGCGACAAGGAGCTGCTCTTTCACTGGCTCCTCGTGCCGTTCGTCGTCGAGGGGACCTCGACTGCTGGGGGGCGCCTTGCCCTGGCGCTGCTCGCGGCCCTGTCGCTCGCGCTGATCGGCTATCTCTCCTGGGTAGCGATCGGTCGGCTCGGGCTGCTCGCGCCGTTCGCGGTGGCGCTCCTCTCGCTCGATGCCACCTCGCGGCTGGCGCGGCTCCGACCGGAGTTGCTGGCCTTGCCGCTGCTTCTGCTCGCCGCCTGGGCGGCGGCGGCACGGCGCCCGCGCTGGCTCGCGCCGATCGGTGCGCTCTTCGCGCTCTCGTACACGGCCTTCCACCTGCTCCTCGGTCTGGCGGCCCTCTGGTGGCTCGACCGCTGGCGACGCGAGCGGCACCTCGACTGGGCGGTCCCGCTCTACACGACCCTCGGGGTGACCGGCGGCCTCGTCGCCCACCCGCAGTTTCCGGCCAACCTCGCGATCTGGGCGGCGCAGAACATTGCCTTCTTCCGCTGGCGCGGGGTGCTCGATGTCGGCGCGGAGATCCTCCCGGCGCCCGCGTCGGTGGTGCTCGGGGCGAACTTCGGTTGGTTCCTGCTCGCCGTCGCGGTCTGGGCGGCGCGGCGTCCGGTGGTGCCGCGAGAGCCGGAGCGAGGGCGGCTCGATGCGGGACCCTTCGTCGTGGCGGCGGCGCTTTTCGGCGTGATGTACCTTGCGATGTGGCGTTTCGGCGTCTATTTCTACTGCTTCGCCACGGTGGCGATCGCCTGGAGCCTCGCGGCGCGCGGCTGCACGGCCGGCGCGCGTCTGCCCCTTCCCGGCGGGCGCAGCGCACCGCTCGGCGCGGTCGCGGCGGCGATCACGCTGGTCGGCTCGCTTGCGGCGCTCTCCGCGGCCGCCGAGACGCTCGTCGGCGGAGGACCGCGGTCCGGTCGCGAGGCCGACTGGGCGGCCTTCGGCCGCGCCATGCCGGCGGGGGCGCGCGTGGCGGCTCACTGGGGCTACGCGGAGGTGTTCTTCTTCTTCGCTCCCCAGGCGCGCTACCTCGCGATGCTCGACCCCGTCTTCACCGCCTTGCCGTACCCGGACAAGCTCGCGGCCCACGAAGCGCTGTTCGACGGGTCGGAGCCCGATCCGGTCTTCCTGACGGCCGCCATCCTCGAAAGCGATCATCTCGCGCTGCAGCGCGAGGGCACCGCCCCGGCTCTGCTGGCACGGCTCGCGGAGGATCCTCGGATCGTGGCGCTCCACGACGGGCGCAGTGGCCTCTTCCGTCTGACCCCGGGGCGCAACGAGGCGTTTCGTCTCGATTGGCGAACGGCGCCGGCGTCCCCCACAGAGCTCGGGGATGCGGGGAGCGACAGCGGCCCGCCGGCGACCGTCGCCTATCCGCGACCGGAGGATCCCGCGCTGCGCGGGCTCGAAGGCTATGTCGACGCCCGGCGCGTCCTTTCCGATGGCGGCTGTGCGAGGTTCGAGAGCCGCGAGCCCGGCTGGCTCGGGAGGCGGCGCTTCGAGTTCTCGC
CP064972.1_gap86	3171356	3175703	4347	GGGGTGGGGAATGGCACCACGACTGGTCGACCTGGCAACGCATGCTGCCGGTGTATCTCGAGCAGTTGTGTTGAGCGAGTGAGGCGACTGGAGAGGAGACGTAGCAGCATCGAGGTGCTAGTAGCATCGAGGTGCCAGCGATCTTTCGTGATTCCGCCCTGGACTGCTCGCTCTCGGTCTCCTCTGCGGCGCGCTCTTCGATAGTCAAGAGAACGGTCCGCGACTTGAGGCGGCCTGAGGGCGCTCCGAGCGCCTGGATTCGAGATCCAGCCTCGGATCGGCCGATGGTAGCGCGCTTCAGACTTGCGCTCATGACACACGTCTCTCGGCGTCCTGATTCGGAAACGCTACCCCTCTCCTGACTGAGCTCGGTGGGCGCTAGCCGCTTGCTGGCAACGGCGGGGGGAATGCCCCTTCGGGAAAGCGGACGAGCCGGTCGCCACACTTGAGCAAGTCGGCGGCGTGACGATAGGCCGAGAGAAAGGCGCGGTAAGCGTTGACGAGGGCTTGGCGGACAGCCTTCGTCGCGGCGTGCACCAAAGGGGCCGGTGTGCGCTTCGTCCTCATCGGTCGTTCATGGGGATGCTGGCGCAAGACGCGTTCGCGGCCGAATGGCGAACCTCGCTCTTCCGTCAGTCGCTGCCCCTCCTCGTCGACGATCCGGATATGGTCCGCAACCCGCATGCGATGCTGCTCCGGGGAAAAGTATCGCCAACAGGGGAGTTGAGAGAGATGCACCGTCTCTCGCGACTCGCAGGCGCGCGGATCGAAGGTCCCAAGCCGTCGGCGCAAGCGATGTTCGAGCGTCCGGTCGATCCAGGTACCCTCGATTGGGCTGCCGTCGAGGAGGGCTCCCAATCCACTTGCACCGGGCCAGTCTCGCGGATCAGCGACCAGGTGCTCCTTGACGCCATGGCGGAGCAGATAGAGCAGGCGTTCAACTTGAGAGCTCTCTTCGTCGGAGACGACGATGGCCTGGTAGCGCCGCGACCAGATCGTTCCGTGCCACTCGTGCAACCGACCGACCTCCTTGGCGAGGTTCACGGAGAAGAAGGCCATGAAGGCGGCGAGTTGCTGGGGGCTCTCTGGAGAGACAAGCAGGTGGAGGTGATTCGACAGCACGACGAAGGCGTGGATCGTCAGCTGGTATCTGGCCTGGGCGCGCCCGAGGACGCCGAGTGCGAGGTCGTTGAGGCGCGGCGAAGGACGCAGCAGGAGCCGGCCCTGAAGCGTGCGGCAGGTGATCTCCACGAGGGCCCCCTCGGGGAAATAACGAAGGTGTCGTCCCATATTCAACAAGGACGAAAGTCGATCGCCGAATCTCACGCCGCTCGGGCACGGTGCCAGGGTTCTTTCCCGGGCACGGTGCTCCCGGGCACGGTGCCAGGGTTCTATCCTGAGCCGCTTTCGCCCGTCGTCCACCAGACTGACTCCGACCTGCGCCGCTTCAGCCTTTTCGGGCAGGTGGGTGCAGGCAGGCAGGGAGGTGCCAGGGTTCTTCCCTGTTCTTCCCTCTTCCCTGCTTTTCGTCCCGGCGGGACCTCCCCAGGGGGAAGGGGGACGTCCTACCCGCCGCGCACTTGCTCGAAGAGCTCGAGGTACTTGCGTCCCTGGACGTCCCAGGAGAAGTCCTGGGCCATGCCGCGGGCCTGCAGGGCCCGCCAGGCGAGAGGGTAGTTGTAGGTGCCGAGCGCGTAGTCGATCGCCCAGGCGAGACCCGCGGAGGTGAAGTGGTCGAAGACGAATCCGGTGCCGGAGGCACGCTCCCAGTCGTAGAGCTCGACGGTGTCGGCCAGACCGCCGGTCTTGCGGACGACCGGCGGTGTGCCGTAGCGAAGGCTGTACATCTGGTTCAGGCCGCACGGCTCGTAGAGCGACGGCATCAGGAAGACGTCGGCGCCGGCCTCGATCCAGTGGGCGAGTGGCTCGTTGTAGCCGCGGTAGTACCAGGCCTTGCCGGGGAAGGCGGCCTGCAGCCGCAGGAAGAGCTCTTCGTACCGCGGCTCCCCGCTCCCCAGGACGACGAGCCGCATGTCGCGTGCGGCGAGCAGCGCGGGAAGGGCTTCGGCACAGAGGTCGATCCCCTTCTGCGGGGTGAGCCGCGTCACCATGCCGAGGACCGGTGTCCGCTCGTCGCCCACGAGCCCCGTGCGGGCGAGCAACTCAGTCTTCATCTTCCGTTTGCCGGTCAGGTCGTCGCGCGTGTAGCGGAACGGCAGGTGCGGGTCGCTCTCCGGGCTCCACTCTCCGTAGTCGACGCCATTGACGATCCCGACGAGATGGTCGGCACGGGCGCGCAGCAGCGGGTCGAGGCCGAATCCGTGCTCGGGGGTGAGGATCTCCTGGGCGTAGGTTTCGCTCACCGTGGTGAGCACGTCGGCGTGCAGGATGCCCGTCTTGAGGAAGCTCAACTGATCGGCGGCGAGGTCGTCTTGGAAGAGCGAGCCGGCAAACGGGGCGAGCCCCAGCTCGCCGACCGTGTGCCCGCCGAAGACGCCGTGATAGCCAAGGTTGTGGAGGGTCAGCACGCTGCGCGTGTCGGCGAAGAGGCGGTCCCAGGCATAGACGGTCTTGAGGTAGACCGGGGCGAGCGCCGCGTGCCAGTCGTGCGAGTGCACGATGTCCGGCGACCAGCCCATGCGCTGGCAGCACTCGAGCGCCGCGCGGGCGAGCAGGCCGAAGCGCAGGTGCTCGTCCCAGCCCGCGGCATAGACGGCGTCCTGGTGGTAGAGCGTCGGGCAGTGGATCAGGTAGACGTCGACGACGCTCGCCGGAAGCCGCGTGACGTAGGCCGAGAAGCGGACCTCGCCGCCGGCGAGCGGGACCGCGACGTCGCGGATGAAGTCGACCGGCTTCATCTCGATCCCCTGCCGTGGGATCGGAGCGTACAGCGGCAGGAAGATGCGCACGTCGGCACCGGCGTTTCCGAGCATGCGCGCGAGGCCGGCCACGGCGTCGCCGAGCCCGCCCGTCTTGGCGTACGGTGCGAGCTCGGCGGTGACCTGGCAGATCTTCAGCGGGGGCAAGTCGGCTCGCCGCTCAGATGACCGTGCCCGGCGGGATGACCGCGTTCTTCGGCACGACGATGATCCCTTCGCGGATCGAGTAGTTGTCGGCGTCGTGCTCGCGCACGTTGTGCACGTTGACGAGGCGCGAGCCGTCGCCGACGCGGGCATTGAAGTCGATGATCGCGTTGCGGATGTGACAGTCGCGACCGATGCCGACCTGCACGTCGCCGCTCGGCGCCTCGAGCCGCTCGTAGAAGTTGGCGCCCATGACGACGCTGCGCTCGATCACCGAGCCCGAGCGCACGACGGCACGGATGCCGACGATCGAGTCGGAGATGCGCGAGCCGGTGATGATGCTTCCTTCGCAGAGCACGGAGCAGTTGACCAGGCACTGCGTGATCTTCGCGCCGGGCAGGAAGCGGGCGTGGGTGAAGATGCGGAAGTCGGGGCTGTAGAGGTCGAGGGACGGCAGCGGCAGCGTCAGGTCGAGGTTCGCCTGGTGGAAGCTCGGAATGGTCCCGATGTCGGCCCAGTAGCCGGTGTAGGGATAGGCGAAGACGCGTTTGCTCCCCAGGGCGGCCGGGATGACCTCGCGGCCGAAGTCGGTGTGTGGCGTGCCGACCAGCAGCTCTTCGAGGATCTCCGGCTTGAAGACGTAGATGCCCATGCTGGCGAGGAACGAGCCGGGCGGCGCCGGATGCGGGAGCGCCGCCTGCGTCTCCTCGTCGAGCGCCAGCTTGGCGAGCAGGGCCTCGTCCTTCGGCTTCTCGACGAACTCGACCACCTCGCCGGAGCGATCGAGGTGGAGGATGCCGAAGCCGGTGGCTTCGCGCTTGGTCACCGGCTTGACGGCGATCGTCAAGTCGGCGCCGCGCTCGCGGTGGTATTCGACGAGCTCGCGCAGGTCCATCAGATAGAGCTGGTCGCCCGAGAGGATGAGGATCTCCGAGGCCTTGCCTTCGCCGAGCCGGGGCAGATTCTGGCGCACGGCGTCGGCTGTCCCCTGGTACCAGTCGCGGTTGGTCAGGTTCTGCTCGGCGGCGAGCACGTGGACGAAGCCGCCGCGGAAGACGTCGAACCGGTAGGTCTGCGAGATGTGACGATGCAGGCTCGCACTGTTGAACTGGGTCAGCACGTACACCCGGTCGATGCCGGCGTGCAGACTGTTGCTGATCGGAATGTCGATGAGCCGGAACTTGCCACCGACCGGCACCGCGGGCTTGGCGCGATCGCGCGTCAAGGGAAAGAGCCGCGCGCCCTGTCCGCCGCCGAGAATGGCTGTCACCACGCGCTTCATCAGGCCCTCCTGACTTAGGCCGCTCGAGAACTACTCACTCAT
CP064972.1_gap87	3176796	3178358	1562	ACGCCGACGACGAGCCGGTGCTCGATCTGACCGTCGGCGCCCTCTGTCGCCTCGGCGCTCCCGCCGAAGTGCTGGTCCTGCCGTTCGAGGCACGACCGGAGACGGCTCGCGGGCGTGAAGAGGTCGGTCGCCTGGCCGGCGACTGGTTCCGCCATCACCTGCCGGCGGACGCCGTCCCGGCCGCCTGAGGGCGCGTTCCGAAGGAGCTCCCGATGTCTCGAGTGGTCGCGATTCTCGCGCTGGCGGGAATTCTCGCCGGCGGTGCCTCGGCACTCCTCGGTGCCGCGGCCGTCGCCTCGTGGATCTGGGGTGCCACGACGGCGATGGCGCTCGCGCCGCTCCTCTGGGCCGTCTTCGTCGACCTGCGCAAGGGCAAGATCGGCGTCGACGTCATCGCGCTGCTGGCGATGATCGGTTGCCTCGCCCTCGGCCAGTTCCTCGCTGGGGCGATCATCGCGTTGATGCTCTCCGGCGGGCAGACCCTGGAAGCCTTCGCCGGGGACCGCGCCGAGCGCGAGCTCCACCGCCTGATCGCGCTCGCCCCGCGCGAAGTGCATCGTCTCGAAGAAGGAGTCTGGACGACCCGTCCGGTGGACGCGGTGGTGCCGGGCGACCTCTTGCTGGTCAAGCCGGGGGAGACGGTGCCGGTCGACGGCCTGGTCGAGGGCGACACGGCGGTGCTCGACGAGTCGAACCTGACCGGCGAATCGCGTCCGGTCGAGCATCTCGAGTCCGACCGCCTGGCCAGTGGCACGGTCAACGCCGGCGGTCCGTTCCTGCTGCGCGCCGTGGCGAGCGCCGCCGATTCGACCTACGCGGCGATCGTCCGCCTGGTGGAGGAGGCGCGCCAGGCGCGAGCGCCGTTCACCCGACTCGCCGATCGCTACGCCGTGTACTTCCTGCCGCTCTCGCTCGCGGTGGCGGGTGGGGCGTGGGCGCTCTCCGGTGACCCGCTGCGGGCGCTCGCCGTGCTCGTCGTCGCCACGCCCTGTCCGCTCATCCTCGCCGCGCCGGTGGCGCTGGTTGCCGGCATTTCGCGCGCCGCGTCGCGCGGCGTGCTGATCAAGGGCGGTGGCGCGCTCGAAGCGCTTTCGCGTGCCGAGATCCTGCTGCTCGACAAGACCGGCACGATCACCACCGGGCACCCGACGCTCCAGACGGTCGAGACCTTCTCCGAGCTGCCGTCGGAAGAGGTGCTGCGCCTTGCCGCCTCGCTCGACCAGGTCTCGCTGCATGTCTTCGCGTCCGCGGTGGTGCGTTCGGCGCGTGAGCGCGGGATCGCTCTCGCCTTCCCGACCGCGGTCGAGGAGATCGCGGGCGCCGGAATCCGCGGCGTCGTCGGAGAACGTGGGGTCGCCCTGGGCCGACTCGACTGGGTCCTCGCCGACTCCGGGCTGCGACGTGACCCGGCGGTGCGCCGGGTGCGGCGCGAGAGCTCGCTCGAAGGGGGCACGCCGGTGTTCGTCGCGGTCGACGGTCGCCTCGCCGGCGCCCTGGTCCTCTACGACCCGATGCGCCCGGACTGTGTGGCGACGATCCGCTCGCTCCGCCGGGCGGGGATC
CP064972.1_gap88	3281281	3285174	3893	TCGACCGGCCCTGGTCCTGCGGACGCTCGCGGGGATTCTCGGCGAGGTCACCATGGCGCGGGTGATGCGGACCTATCACGAGCGCTGGCGCTTCCGGCATCCGTCGAGCGACGATTTCTTCGCTGTGGCTGAGGAGGTCGCGGGCCGCGAGCTGAAGAGCTATTTCGGCCAGGTCGTCGACGGTCCCGGAATCCTGGACGACGCGGTCACGCAGGTGACGAGCGAACCGATCGATTCGCCGCGCGGTCGCGTCGAGCGCGATGGCCGACTCGAGATGGTCACCGGGAAGCAGGCGCGCGACCTCGACGACGCGGCCGAGCGCGCAGGGCAGCAGCGCTGGCGCAGCCGCGTCGAGCTGCGGCGGCTGGGCGAAGTCCAGCTGCCGGTCGTCGTCGAGCTGACCTTCCGCGGGGTCGCTCCGGAACGCCGGGTCTGGCCACCGGGCGAGCGTTGGGCGAGGTGGGAGTTCGAGCGCGCGGAGCCCCTCGTTTCGGCGCAGCTGGATCCCGATCATCTCCTGCCGCTCGACGCCGACTGGACCAACAACGCGCGTCGGGTCGAGCTGTCGTACGGGGCGGCGCTGCATTGGAGCGCACGCCTGGTGTTCTGGATCCAGCAGGTCCTCGTCGGTCTGGCGCTCTGAGGGGGGTACGGCACATGGTCCTTTCCTGGACAGGTCGCGGACTGCGGCGAGCGCTCGGCGAGCCTCGGCTGGTGGCGCTCCTCTGGTTGGTCAACCTGCTCGTGTCGGTCCTCGCGGCGTTGCCGTTGGTGTCGCGTCTTGTGACAGTGCTGCCCGCGTCGCCCGAGGCCGACGCCTCCTTGGGGCGGTTCTCGATCTCCCTGGCGCACGACATGCTGCTCGGTCAGATTGGTCTGTGGAGTGGCTGGGTCACGGGGCTCGCGGCGTTCGCGTTGCTCGCCCTGGTGCTCAATGCTCTACTCGCCGGCGGGACGCTCGAGTGCCTCCAGACGCACGACGAGCGGTCGTTCGGCCATCGCTTCGGTCGCGGTGCCGGTCGGACCTTCTGGCCCTTTCTGCGCCTTGGGATGGTCGCCGGCCCGCTGGCGCTGCTCGGCGGCGGAGCACTGGCGGTCGCGGTGGGGGCGGTCGGTGGCCGTCTCGACCGCGCCGCGTGGGAACCGGCCGAGCTCACCGTGAGAGCGGCCGGAGCCCTGCTCGGCACCCTGCTCCTGACCCTCGCGCTGATGGCGTTGGACCTCACGCGGATCGAGATCGTCCGCTCGAGCCCGCGGGCCCCCCTGCGACTCTTCTTCCGGCGCTGCGGCGCGCTGCTGCGACGGCCCGCCGCGCCGCTCGGACTCTGGCTCGCCAACACGGTGCTGCTCGTCGGTGTCCTGGCGCTCTACCTGCTGGTGCGGCGAGCTGTTCCGGTGGCCGGGTGGGTCGGGTTCGCGGCGATGGTGGTGGCGCAGCAGGCGGTGATCGCCTCCCGTGCAGTCTTGCGGATCGCCCTCTGGTCGGCGGAAGGCGAGTTGGTCGAGTCGCGATGGCCGGCGGTTCCGCCGACCTCCGGGTTGCCGGTGGAGAAGGAGGCCGTCGTCGAGTCGGCGACGGACGAGCCCGACGCGACGGATGCGGGAGCGGTCGAGGGGGAGGTCCCGCCGCCACCGGCCGCCGAGGGGCCACTCGCCGACGGGGCGTTTCCCGAGCCGAGCGATCGCTGAGGGGCGGCGCCGAGCGCGGCGCTGCGTCAGATCGCCGGCTCGGGTCGCTCCGGATCGGCGGCGGCGTCCTCGTGCAGCAGCGTGCGCACGGCGGTGGCGGTCAAGATGGTCAATCCACCGCCGATCGCCCAGGCGGAGGGTCGCTCCCCTTGGAAGATCCAGGCCCAGACCGGGTTGAGCACCGGCTCGAGGAGCACGAGCAACGAAACCTCGAGCGCCGGAAGTCGCTTCAGCCCGTTGGAGAAGAAGAGATAGGCGAGGCCGATCTGGACGACGCCGAGGTAGCCGAGCGTCGCGGCATCGGCGGCGGTGAAGCGACCGATCGGTAGCGCCATCGGCAGGCAGACGCTCGCGGCGATCAGGTTGCCGGCCGCGAGGGCGCTAGCCGCCCCTCCGCCGCTCGCTCCGTGTTTCGCCATCCAGCGCATCCCGGCGATGGTCAGGGCCCAGGTTGCACCCGAGGCGACGGCGACCCAGTTGCCGAGCAGCGGGTTCGGGGCGCTCTGACGCGGCGCCTCGGTGCCGAGAAAGAACATCGCCATCCCGCCGGCGAGCGCGGCGAGGAAGGCGAAGTCTCGCCGTCGGATCGGCTCCCGCAGCAGCCAGGGCGAGAGCGGCAGCAGGTAGAGCGGCGCGGCCGACTGGAGGAAGATCGAGCTCGCCGCCGTGGTGAGCTTGTTCGCGGTGACGAAGAGCACCATCGTGCCGCCGTAGGCCATGCCGACGAGCAGCGTCGCCCACGTCCAGCCGCGTCGCGCCGCCGGCAGGACGGCGACGAGAAAGACGAAGGCGATCGCCGAGCGGATCCCGGCGACCTGCCAGGCGCCGAGCGCGGTGGCCTTGATCGCCGCGCCGCCGGTAGAGAAGAGCAGGGCGGCGGCGGCGATCTGGGCGCGAGCCGTCGCCTGGCCGTGCCGCTCGGTCACGGCGTCGTCGCCGCCGCCTGATCGCGGGCTCGCGCGGCGGCCTGATCGAGCGCTGCAGCGAAGCGTTCGAGCGCTGCGGCGAGCCGCGGCACTTCGGCTTCGGCCTCCTTCCAGCGGCGCAGCTCGATCGCCTCGCGCACCGCGGGGAGGGTCTTGGTTCCGTAACCGGTGTACTGACCCGGGGCGTAGAGGAGATTGCGGTACCAGGGGCGATCCGGCAGTCCGTCGATCGACGTCAGCGTCGCTTCGAGCCCGCCGAGGATGCGGTCGATCTCGCGGCGGCTCGCCGCCGGCAGAGCGACCGCCTCGGCCGTCGTCAGCGCGTGCTCGCAGGCCTCCGCGCTCGCGACGAGCCGCGTGACGGCATTGTCGAGAGGCGCGAAGTTGAGGAACGGCACGGCATCGAGCGGCGGCGGCGGCGTACGCCGGACGCGCGCCGACTGCGCCGCCTCGTAGAGTCCGGCGGCCAGCGCCTCCTGGCGTTCCTCGGCTTCGCGTCGCATCCGGACGGTGAGCGCCTCGACCTCGTCGACGAACCCCGCCACCGACTTGGCGAACGCGGTGGGCGCGAACGGCAGGAGATCGGCGTTGGCCAGGCGCAGCGTCAGTCGGCCGCCGACCTGCGCCATCGCGACGCCGTAGGCATGGTCGCTGTCCATGAAGCGATGGAAGTGTTCGACTGAGTCGTAGGCCGAGTGGTACTGCCCATACTCGTCCTCGCCGCCGAAGCCGAGATTGAGCGAGGCGATCCCCAGATGCTGGAGGAACGGTGTGAAATCCGAGCCGGAGCCGAGGGGCTCGAGCTGGACCGGGTGACCGGCGCGCGCGGCGCGCTTGGCCTCCTCGTCGCTGCCGAGCAGTGCCGCCGCGCGCAGACGGTCGGCGACCGGAATCGCCCGGCGCGGATCGCGGACCTCGCGCGCCACGCCTTCGACCAGTGCGGTGAGCGTCGCCGATCCGCCGGCGCCGAGCATGCCGCTCGTGGAGCTGTCGGTGTTGAGATAGGCGACGGCATGCCGGGCGAGCTCGTCGGCGTGCGCTTCGGCCCACTCGGTCGAGCCGAGGAGACCGACCTCCTCGCCGTCCCAGGCGGCGTAGATCACCGTGCGGCGTGGCGGTGAGCCGGCGCGGGCCAGTGCCGCGACGGCGCGTGCCTCGTCGAGCATGGCGACGAGGCCGCTCACCGGGTCGGTGGCACCGAAGACCCAGGCATCGTGATGGTTGCCCCGCACGATCCACTGATCGGGAAGCTCACGCCCCGGGAGGCGGGCGATCACG
CP064972.1_gap89	3300112	3304243	4131	GCGCGCTCGGTCGACACGATGAACTACTGCTGCGACAACGACGTCTACGCCGGATGGGCCGAAGCCGTGGTCCACGGCAGGCTCCACCGCACCTTCGAGCGGCGGTTCAACTCGGCGGTCATCTTCAAGCGGGCGCGCGGCCACGGCAGGATTCGTCGGGTCGACGGGTGGGAGCGCCTCCGCTCCGAGCTCGGAGCGGCCATCGTCGGCCACGATCTGTTGCCGGTCGGCGCGTACCGGCGCGACTGGAAGCAGACCTTGCTCTCGGACGGATGGGTCTTCGTGCGCCACCCCGATCTCGCGACGCTCTGCGCCATCGCCGATCGCGTCGGCAGCGAGCTCCATCTCTTCTCCGAGTAGCGCAGCCCGGTTTTCCTCCACGACGCAGTTCGGTTCATCGCGGTAAGCTCCGCCGTCTGAACACGAACCCAGGGCACGCGGCGCGGCACCGATGCGGCGCGTGCAGCGGAGAGCTCCATGGCCAGAACGCCTCTGTTCCGTCGTCTGCAGCGTGCATTCGCCTTGGCTCGCCTCGCCGAGCAGCGCGGCGAACCCGAGACCGAGCTCGTCGAGCGCCTTGCCGAAGCGCGCACGACGGCATTCTCCCGGCGCGAGGTCTTGGCGGTAGGCGGCTTCGCGGCGGCGGGCATCGCCCTCGGTGGACGGTGGATCGGAGCGGCGCCCGCGGCACCGGCGATGGGAGAGGTGGCGATCGTCGGGGCGGGTGTCGCCGGGCTCACGGCGGCCCACCGCCTCGTCCAGGCGGGGGTGTCGGCGCGGATCTACGAGGCCCAGGAGCGCGTCGGCGGCCGGATGCTCTCGCTGCGCCGCGCCTTTCCCGAAGGTCAGGTGTGCGAGCTCGGCGGCGAGCTGGTCGACACCAATCACACGGCGCTGCGTGGTCTCTGCGGCGAGCTGGGGCTCGAGCTCGACGACTTCACCCGCGACGATCCGGCGGTCTCGCGGGATGTCTGGTACTTCGACGGGCGGAGGATTCGCGACGCGGAGATCGTCGCCGCGTTCCGGCCGATCGCGCGCCAGATCGAAGCCGCCTGGGCGGCGCTGTCGGGAGAGGACGTCACGCAGGCGTCGCCGAACGGCGGCGAGACGGTCGACCGCCAGTCGATCGCCGAGTGGCTCGAGAAGGCGGGCTGCTCGGGTTGGCTCTATCGCCTGCTGGAAGTCGGTTACGTGACCGAGTTCGGGCTGGAGATCGACCGGCAATCGGCCTGGAATCTGCTCTCGATGATCTCGACCGAGCCGGGAGCGTTCGAGATCTTCGGCGAGAGCGACGAGCGCTTTCACATCCGCGGCGGCAACGACCAGGTGCCGCTGCGCCTCGCCGAAGGTCTCGGCGAGCGGATCGAGCGTGGCCACCGCCTCGAGGCGCTCACCCAGCGCAGCGACGGTCGTTTCGAGCTCACCTTCCGAACCGGCGAGAGCAGCAAGGTCGTGGCGGCCGAGCGGGTGGTGCTCGCCCTGCCCTTCACGCTGCTGCGACAGGTCGACCTGCGAATCGACCTGCCGGAGGTCAAGCGTCGGGCGATTACCGAGCTCGGCATGGGCATGAACGCCAAGGTGATGGTGGGCTTCGACGATCGCCTCTGGCGAACGCGCGGGCGCTCCAACGGCAGCGTGCTGACCGACCTGCCGTTCCAGCTCTCCTGGGAGTCGACCCGGCTGCAGCCGGGGCGCGGGGGGATCGTCGTCGCCTACAGCGGCGGTCTGCGCGGCCTCGAGGTAGGGCAGGGGACGCCGGCCGAACAGGCCCGCGCCTTCGCGCGCGAGTACGACCGCCTCTTCCCCGGCGTGGCCGCGAAGCGCAACACCGAAGCGCGCTTCCACTGGCCGACCCATCCGTGGACGCTCGGCTCCTACGCCTGTTACCTGCCCGGGCAGTGGACGGGGATCCGCGGCGCCGAAGGTGCCCGCGTCGGTGCGCTGCACTTCGCCGGCGAGCACACCTCGCTCGACTTCCAGGGCTACATGGAGGGGGGCTGCGAGTCGGGCGAACGCGTCGCCGGTGAGATCCTCACCGACCTCGGGCGCTCCAAGCTGCCGGCCGGAGGGTGAGGCCGCGGGCCGGCGCCGGAGGCTTCAGAGGAAGATCTTGCCCGGATTGAGGATCCCGCGAGGATCGAAGCTGCGCTTGATCGCGCGCATCAGGTCGATCGCCACGGGTGCGTGGCGCTGCGGCAGATAGCGACGCTGGGTCCAGCCGACGCCGTGCTCGCCGGTGATCGAGCCCCCCAGCTCGAGCACGGCGGCGAAGAGCTCGGCCTCCGCGGCGTCGCGCCGCGCCTCCCAGAGGGATTCCGGCAGGTCGCCTTGCAGGAGGTTGACGTGCAGGTTGCCGTCGCCCGCGTGTCCGTAGCAGATGGCGCGGATCCCCTGGCGAGCCGCCGCCCGACGAGCCGCGCGGACCAGCAGAGCCAACGCCGCGCGCGGCACGACGGTGTCGCACTCCTTGTACACCGATCGATGCTTGACCGCCTCGCCGACGCGCCGGCGGATCGCCCAGAGCCGATGCTGGTCGGCGCTGTCCTGGGCCACCAGGGCGTCGCGTCCGCCGAGCGAGATCGCCAGCTCCTCGATGCCCGCCGCTTCGACGAGCAGCGCCTCGTCGTCATCGCCGTCGAGCTCGACGAGCAACATCGCCGCCTGGCCGACGAGGCTCCCCGGCAAGGGCGTGAGCTCCGAGACCGCCTGCAACGCTCCCTCCTCGACCAGCTCGCAGGCGGCCGGAGAGAAGCCTGCGCGGAAGATCGCGGCGACCGCTCCGGCCGCGCCCTCGAGCTCGGCGAAGGGCAGGATCATGGTCAGCGAGGCGCGCGGCTTGCCGATCAGCCGCAGCGTGGCCGCGGTGAGCACCGCGAGCGTACCTTCCGAGCCGATCAGCAGTTGCGTCAGGTCGTAGCCGGCGACGTCCTTGCGATTCCTCCCGCCGGTCGCCAGGAGCGTGCCGTCGGCGAGCACCGCCTCGAGCCCGAGGACCCACTTGCGGGTCGTGCCGTACTTGCACGAACGCGGTCCGGCCGAGTCCTCGGCGAGATTGCCGCCGAGCAGGCAACTCTCGCGGCTCGCCGGGTCCGGCGGGTAGAAGAGGCCGAGCTCCTCGACGCGCGTCTGGAGGTCGGCGACCACGACCCCGGTCTCGGCGTCGACGGTGAGGTTCTCGCGGTCGATGGCGCGCACGCGGGTGAGGCGTTCGAGCGACAGCACGATCCCCCCGGCCGCCGGCAGGGCGCCACCGGACAGGCCGGTGCCGGCGCCGCGCGGGACGATCGGCAGCCGCTCGGCGTGCGCCAGCGCGAGCACGGCCTGCACCTGGGCGACGTCGACTGGCAGCGCCGCTGCGGCCGGAAGGAAACAGAGGCTCTCGGTTTCGTCGCGCCCGTAGCGGTCGCGGCTGACCTCGTCGCAGCGCAGGCCATCCGGTCCGAGGATCTCGGTCAGACGCTCGAGGTGCGTGGCTTGCGGCACGACCAGCCCGAGGGCGGTCGGGTCGAGGGGGGGGCGGCCGCTCATGGCTGGAGATAGCGGAGCAGCAGGGTGGCGGTGCCGAGGAAGGACATGAAGCCTCCGACGTCGGTGGCGGTGGTGACGAAGATCGAGCTGCCGAGGGCGGGGTCGAGCTGGAGTCGGCGGAGCAGCAGCGGCACCGAGGCGCCGAAGAGGCCGGCAACGGTGAGGTTTACCGTCTCGGCGAGCAGCAGGATGGCGCCGAGTACGACGTTCCCTTCCCAGAGCCAGGCCACGGAGCCAAGCACGAGGCCGGTGGCGAGCCCGTTCATCAGGCCGACGGCGGTCTGTCGGCCGACGACGCGCATGGTGCGTCGCAGGTCCATCTCGCCGAGGGCGAGCCCGCGGACCATCACGGTGAGGGTCTGCGTCCCGGCGTTGCCGCCCATGCCGGCGACGATCGGCATGAACATCGCGAGCACCGCGTACTTCTCGATCGTGCCGAGGAAGAGGCCGACGACGCTCGCCGCCATGAAGGCCGTCGCGAGGTTGACCAGCAGCCAGGGCAGGCGCAGGCGCACCGAGCGCGCCGGCGCGGTGGCCAGGCTCTCCTGGGTGTCGAGGTTGGCCAGGTGGTAGAGGTCTTTGGTCGCGGCCTCTTCCACCACG
