gap_id	start	end	length	sequence
CP064964.1_gap1	18781	20213	1432	AGTTTGGAGAACATAGGAGTTTGGATAGTTTAGAACGGAACGCCGGAGCCGACCATGGGGGAGCCTGGCGGGAGCTGTCCTCCGCTTGGGGCGGCGGCGAGCGGAGCGCCAGTTGGCGGCGGGGGGAGCGGAGCGCCGCCCATGTTGGCGCGTGAGAGGTTGCGGAAGCTGGCACGCGGACCGTCAAAGAAGAGTTTGACCAAGCCGGTCGGGCCATTACGATGTTTGGCGATGTGAATTTCTGCGAGGTTCTGTTCTTCTGGAGAGATTTCTTCCGGGCGGTAGTTTTTGTCGGCGGCTTTACGGTAAATAAACATGACGACGTCGGCGTCCTGCTCAATGGAGCCTGATTCACGCAAGTGGGCGAGACGCGGGATAGCTGGTTTCTGTAATTCTACGGAACGGGCGAGCTGAGACAGGGCGAGGACGGGAATATTTAATTCACGAGCAATGGTTTTGAGACCACGTGTGATTTCTGCAACTTCCTGCACGCGGTTGGAGTCGGCGGACTTGGAGCGGCTTTCCATGAGCTGCAAGTAGTCGATCACGAGCATACCAAGGCCGTGTTCCATCTGGAGTCGGCGGGCCTTGGTGCGGATTTCCATGATGTTGGCCGAGGCGGAGTCGTCGATAAAAATTGGCGCTTCGGAAAGAACGCCCAGAGCGTGGCCAATGCGTTCAAAGTCGCTGTGCTCGCCGCCTTCATTGAGTTTTCCGGTACGCATACGGCCCAAATCGACGTTGGCCTCGGAACAGATCATACGATCGACAAGCTGTTCCTTGGACATTTCCAAAGAGAAGATGCCGACAGGAATGCGCGCTTTTGTGGCGGCTAAGCGGGCGATATCGAGAGCGAAAGCGGTTTTTCCACAAGAAGGACGCGCGGCCAAGATGACCAAGTCGCTTCTTTGCAGGCCGCCGAGGATGGCGTCCAGGTCGGTATAGCCGGTGGCGATGCCGCGGAGTTTGCCTTTCTCGCGGTGTAATTCATCGATGCGTTCAAAGGCGTCGGAGAGAACGTCGCGGATCGGGGTAAAGGAACGTTTTAAGAATTTCTGCGAAACATTGAAAAGTTTGCTTTCGGCTTGGTCGAGCAAAACAGCAACGTCTTCCGCCTGATCGTATCCGAGCGCGGTGATTTCTCCGGCGGCCTGAAGCAGGCGACGCATGGTCGCTTTCTTTTGGATGATTTCTCCGTAGTGAACGACGTGGCTGGCGGTTGGAACGGCGTTGGCGAGGCTGATGAGTTCTGCGCGGCCGCCAATCTGCTCGAGTTCACCCTTTTCCTGAAGACGGTTTCCGAGCGAGAGAAGATCGATCGGATCGGACTTGCGGTACAGGTCGATCATCGCCTCGTAGATGCGGCGATGCTTGTCGTTATAAAAATCGTCCGGCTGCAACATGTCCGCCACCTTGATGATGGCGTCTTTGT
CP064964.1_gap2	45655	48187	2532	GAGCGCTTCATCAAGCTCGGCAAGGGTATTGATGCGGACTAATTTGGATTTTAGGTCACCAGTATTCATTCCCTTAAAGTACCATGGGAGATGTTTGCGGAGTTTTACAAGACCGCGCTCGCCGTAATGCTCGACTTGGAGACGCGCGTGTTTGCGGACTGTGCCGATGCGGTCTTGCATTGTGACTTCCGGAAGTTTTATGCCGGTTTTGAGATAGTGCTCGACTTGTTTGAAAAACCACGGATTACCAAGACCGCCGCGTCCGATGAGAACGCCGTCTGCGCCGGCGATGTCCATCGCTTCACGGGCTAGTTCTGGCGTGACGATATCGCCATTCACGAGAAAAGGGAGATGGGCGACGTTTTTGCGAGCTTCACCGATGCGATGCCAGTTAGCTTTTCCAGAATAACCTTGCTCACGCGTGCGGCCGTGCATCGAGATCAGGTCGGCGCCGGCATCGGCTACGACTTTTACGAATTCCAAACAGTCGGTGTCTTGAATCCAGCCGAGGCGCGTTTTTACGGAGACGGGAATCGGAACAGCGGCTTTCATTTTGCGGACGATCTCGGCGGCACGATCCGGTTCTTTGATGAGAGCGGCTCCGTTGAAATTGGAAACAAGATTGTAAACGGGACAACCCATGTTGATGTCGAGGGCGTCGGGTTTGAAACGGTCGTAGATGATGCGGGCGGCTTCTGCCATCGTGTCTGGGTTAGCGCCGAAGATTTGCTGGACGAGGGGACGCTCGCGTTCATCAAAACTCGCCATCTTGAGTGTCTTGGGATTAAGACGTACGATGGCTTCCGAAGAGACCATTTCGCGGAACATCAAAGGCGTGCCTTCATCTTTACAGACGAGACAAAAGGGGAGGTCCGACATGTCGGCCATGGGTGCCAAGGCGACGATGGGACGCGCGAGTTGCTTCCAGTCGAGCATGGGGCGGAGTATACTTAAAATATGAAAGAAATCAAGGGATGGAGATGGTTTAAGTGCGTCACTGTTGGTTTGCTAGGTTCTATTATCTACCATACTCTTGCGGCGGTGTTTATATTACTCACTCCGCTAGTGAGTATATTGATGGTTTTACCTGGTTTGTTATTCGCTAGTGTTCTCACGGCTATCTATTTGGCTATAGTTGATTCTTCGAGATGGTGGTTGTTTCCAGATTTCATTCCGGTGCTCTTGTGTAATTTTCTATTTGTTTGGTTTGTTATCGCAATATTGTTTGATTGGAAACAGAAAAAAGGCTTGACAAGGTTTGGGAAAAAGGGAACGGAGTAGAGGGTGGCATTACATAACCCGCTTTGGCAGAATCACTTGCGAGCTAGCCTGCGAAGAAATCAGACTCAAGCAGAGCACAAGCTCTGGTATTATGTTTCTCGAAGCCAGCTAGGTACTAAGATTCGTCGTCAGCATGGGATCGGGCAGTATATTGCGGACTTTTACTGTCGTAATGCGAAGCTGGTAATAGAAATAGACGGAAGCGTTCATCTTCAGCCGGATGTTCAAAAGCGAGATTATGAGAAAGAGGTGTTTTTTAATTCTCTTGGCTTGACTGTCTTGAGGTTTACGAATCAGGAAATTTTGTGCAATATTGAGATGGTTTTAGCCAAGATCCGCAGCACACTCCCGTAGCGTTCTCCCCTGACAAGGGGAGAAGACAGCCAGAAGGCTGGCAGAGGGGTCCGGCAGCGCAGTGGGCCCAGCCCGTTGGACCCCCTGACCCACGCGTAGCGTGAGTCTGTCCCCCTTGGCAGGGTGACACGAGCGGGGAAGATATATGCTCAACAAATTCATCCTCAAATCAAACTACGAACCCTCGGGTGATCAGCCAGAGGCTATTAAGCAATTGATTGATGGCGTGAAGAAAGGGTATCGATTCCAGACGCTGCTTGGTGCTACGGGTACGGGTAAGACATTTACGATTGCAAACGTTGTCGAGAGTATTCAGAAGCCGACCCTCGTCATCGCACACAATAAAACGTTGGCGGCGCAGTTGTGTAATGAGTTCCGACATTTTTTTCCGGATAATGCCGTAGAGTATTTTGTTTCGTATTACGACTACTATCAGCCGGAGGCGTATATCGCGCGATCTGATACATATATCGAGAAGGAAGCGACGATTAACCAGGAGATTGATCGATTGCGACACAATGCGACGCAAGCGTTGATTACGCGTAAAGATGTTTTGATTGTGGCGACCGTGTCTTGTATTTATGGTCTTGGTGCACCGGAGGCGTATGAGAATACGGTTCTGCGCGTAAAACTTGGCGATGATGTTTCGCGTGAAGGGACGTTGAATCGATTGATTGAGATGCAGTTTACGCGTACGTCGGCGGATTTGTTGCGTGGAACGTTTCGATCGAGAGGTGAAGTATTGGAGGTGATGCCGGCCAACGAGGAAGTTGTTTATCGTATTGAAGCGCCGCGTGGAATTGTGTCGCGTATCGAGAAGATTGATCCGCTTACCAAGAAAGTCTTGCGCGAGCAGGAAGATATTTGGGTGTTTCCGGCGAAACATTTTATTACGGT
CP064964.1_gap3	50766	51794	1028	TGCTTTGAAACTTGCTAAGCGAGCATTTCTAAATGCTAACAATATGTCCGAACATATCGTTTCTATTTTCTACACCAATTACCGCGGCGAAACAGCCGAGCGTAAAATAATTCCAAAAAAGATTTGGTTTGGAGCGACGGAATGGCATCCGGAGGAGCAATGGTTGCTTGAGGCTTTGGATGTAGCGAAGAATGAGGATCGGCATTTTGCGATGAAAGACATTAAAAGCTGGAGCGTATAACAAATAAGGCCTCCCTAGAAGCGGGAGGCCTTTTTCAGTCTTTCTTTGCGCGATCCTTCAAACGCTCGACCGACCACGTGAGCCAGCACATATGGATGAACTGGGCTTTGGTGTAGGTCGAGGCGAAGAGGATCACGAGAAAGGGCAAAGCATTGATGATTCTGACCCACTCACCCGTTATCAGCATTTGACCTGCGGTCGCGAGGATTGCGACGTCGAGGAACAGGGCAAAAGGGGTGATGAACAGCCAGGCAAGGCAGAAACTGCGCAGGCCTTCTGGCTTGTTGTCTTTGTGCGTCCAAGCCCACTTGGGATCGTCCCACTTGAGGAGTTTCCAGGAGTTGAAGATGATGGCAACTTGCAGGTAGATGTAGAAACCGATCAAACAACAGACAAAGTCCATGCGTTCCTCGGGTCTCGAGGATAGGTATTGTTGAGTGATGTGTCAATCGTAGTTGGATCGGGGCTTTCGCTTTTTGTTCGGATACGCTTAGATAGGGGCTATGGATGCTGTGCAGGACATCAAAGGACGACTCGATATTGTCGATGTTGTTAGTGAATATATCCCGCTAAAACCGGGTGGTTCCGGTGCGTTTAAAGCTAATTGCCCTTTCCATAACGAGAAGAGTCCTTCTTTTTACGTTTCCCGTCCGCGTCAGAGCTGGCATTGTTTTGGATGCGATCAGGGAGGGGATTCGATTTCGTTTGTGATGCGGATGGAAGGAATGGAGTTTCGCGAGGCGCTTGAACATCTCGCGCAGAAGACGGGTGTTGTCCTACCTAAATA
CP064964.1_gap4	63588	66016	2428	TATCGAGCATATGCCCGGCGGTATCGATGCGCTTTCTGTGATCGTGCCGACGACGAGCGTGTTGAACCGCGAGGAGCTGATCATCGCGGAGATCAAGGATGTGTGCCGCACGGATGAGGTGGAGATCGAGCATGGTCTCGCACTCATCGCGACGGTCGGTCACGGCATGTGGCGTACGCCTGGCGTTGCCGCGCGGCTCACGGGAGCGCTTGCCAAACAGTCCATCAACATCAAGATGATCAATCAGGGCTCGAGCGAGCTCAACATCATCGTCGGCGTTGCTGCAGCAGACTATGAATTGGCGATCCGTGCCATTCATCAAGAGTTCTTTCCCTGAAACAGATTCGCCCCGGTCCAAAGACGTTGGACCGGGGCGTTGTCGTTAGGGCTGGTTGGCGAGGATTTGACCGTGGTGGATAAGATCCATCGCCTTGGTGAGGCAGAAACGGTACTGGCCGCGTGTGCGCTCGAACTCTTTGGAGCCAGTTGCTGCGCGTGCGAGCAGGATGACATCCGAGCAAGTGGCTTGCTCCGGTGCTTCACCGACACGCTTAGCTTCTGCGAGTGCGAGTTCCTGAAGAGCGGCGTAGCGCTGGGGGATTTTGGTCGGTTCGTAGGCGCCCATGAGGCTGTGACCGAGCAAGATGCCGGGTACGTTCTTGAAGTAGCGTGCGTACTCGAGACGCTCGTTCATGTGACGACAGAAGATTCCGCCGACGCGATGAAACGCGAGACCAAACGGCTTGGAGAAGCTGAAGACCACGGCTTCCACGTTGGAGTGGCGGTTGAGCTCGAGCCGCGTTGGCGTCTTGGTGCAGCCGAGGTAGGCGAGGTCGAGGATCACGGCGGTCGTCGGGAAGGCGGCGCGCATGTTCTCGAGCCACGTCTCGAGGTCGCTCCAGTGCTCGCCGTCGATCGCAGAAGGATAGGAGACGATGAAGACGTCCTTTTCTCCGGGCGACTGATGGATCGGAGCTTCCTTGCGGCGCTCATGCTCGACCAGTCCTCGGCGTCCGGCATCGGCGAGCTGCCGATAGCCTTCGTAATCGCCCTTGAAGACGTGAACGCTGTCGTAGCCGCGCATGATGATGTCGAGGGCTTCCGTACCGCCTGCTGTCGGGTAGGCAAAAGGGAAGGCGCGCTTGCGCACGCCGACTCCGCTCCACTCGCGCCAGCGCTCCAAGAACGGAATGTGCATCTCGATCTGCGAGCGCTCGTATGCCTTCATGAACTTGGCGTGCGGTCGTGACTTCCAGAGCTCGTCCTGAATAGCCATGACCTCGTCCCAGTAGAGGGTGTACACGGTACGAGTGACACGCGTGAGATTGAACGGCTGCTTGATCTTCACGGAAACCTCCGCTCAAATGAGCTTGCGCAGGTTACGAGATATAATGATATATGTCAATAATTGTGCTAATATAAGAGCATTATGGAACATCCTTTGGTTAAGGAGTTGTTGAAACATCGGAATAAAGAGAAGGCCGCTTTTTTCCCGCGGTTTTTTCGGACAGGAAAAGGCGAGTACGGTGAAGGTGATGTTTTTATCGGCGTGACGATTCCACATTTGCGATCCATTGCGAAGAATTACAGAACGATTTCTTTGAAAGAAGTTGAGGGTTTGTTGAAAGACAAGCGACATGAAGTACGCTGGTGTGCGCTTTATATTTTGGTGGAGCAGTTCAAGAAAGGAGATGAAGCAACCAAGAAAAAGATTTACGAGTTTTTTCTTGATCATTTGAAATGGGTGAATAATTGGGATTTGGTTGATTCATCGGCATATCATATTGTTGGAGAATATTTGATGGATAAAGATCGGAAGATTTTGCGTAAGATGGCAAAGTCGAAGCATCTTTGGACGGAACGTGTGGCGATGGTGTCGACCTTTGCTTTTATCAGAAAAGGGCAGTTGCAAGATACGTTTGAGATAGCCGAGATGTTTTTACCGCATAAGCATGATTTGATGCATAAGGCGGCGGGCTGGATGCTGCGAGAAGCTGGCAAGAGAAATGAAGTGGCTTTGATGCGTTTTCTTGATGAGAACGCTCCGGTCATGCCGAGGACAATGCTCCGGTATGCCATCGAGAAATTTGATGAAAAAGAGAGGAAGCGCTACCTTCTGATGAAACAACTATGAAAGCTTTGATTACAGCCGAGGAAGTGAAGACGCGTATTGAGGGGATGATCGCTCCGGCGATTGTGGATGTTCGGGATGCTGAGGAGTTGGAAGGTGGCTTTATCGAGGGTTCTATTCATATTCCGATGGAGCAGCTGGAAGCCAAGATTACGGAAGTTTTGCCAAACAAACAGCGAGAAGTCATTTTGTACTGTGCTCGTGGCCGACGTAGTGCTATCGCAATGGAGAAGCTCGATGCCATGGGATATACCAACGTGAAGAGCATGGTTGGTGGTTACGAGGAGTACAAGAACA
CP064964.1_gap5	132497	137439	4942	AGTAATATCGGATTATTTTTGGTGCGGCGGCAGAGAATTTCAATCACGCGGTCAGTTTCTGCATCGCGGCCGATCACAGGATCGAGATTTGCGACTGTGTCCGGAGCCGTGAGTTCCCGTGCAAAGATTTCAACCGCACGCGGACGTTTGTCGCGTGCGACGCGTCCATGCTGCGGTTGATTTGGAGCAGCATTCGGTGCCGAGTGAGCCGGAGGCGCCACCTCTGGATTCTCCCCAGAAGGGGGGAGACTCCCAACTTCTTCACGAGCAAGGAGGTCGGGGAAGCGCGAGGTGTTGCGCAAAATATGCACGAGCTGCTCTTTAGCCAAATCCAAATTCATGCCATGCGATTCTAAAAACGTATGGACATCCGGAAGTGAGCTTTCGAGAAGCGACAAGAGAAGATGCTCGGTACCGACATAGCGATGCTCGTGGACATGTGCCATCAGAACACATTTCTCCAGAATGCGGCGGACCGCAGGGGAAAGATCAGGAGCAATCGGACTACCTGGCTCATGCGGCTTTGGAAAGCCACGGAAGGCGGACTCGGCCTTCTTGGCGTCGACATTTGATTTATTCAAAAGTTCGGCAGCAATGGAACCATGCTGCTGGAGCAAGCCGACTAAAAGATCACCCGGGTCGACGGCGTCGCGACCGCTGCCGATCGCAAACGCGAGCGCGTGCTGTAATGCCTCGCGCAGATGTCCCGTAAAACGGGAGAGAAATTCATTGCCGAGCATAGGTTTAGCGGGCGTCCGCCATTAAACGCAGGCGGTTGATGCGGTCTTCAACAGGAGGATGGGTCGAAAATAGGGAAGCGAAGCGCTGGCGGGAACCGTAGGGATTTGCGATCCAGAGATGCGCTGTCGCATGGGAAGCGCGCTGCATTGGCTGGCTGTGAGCGGCAATTTTCTCGAGAGCGCGTGCGAGGCCTTCGGGATAGCGGGTGAGTAGGGCGCCGGAAGCGTCTGCCAAATATTCGCGCGAACGGCTGACGGCGAGTTTGATGATTTCTCCGATAATCGGCGACAAAATAAGAAAGGCGATACCAACGATAGCGAGAATTCCGCCTCCGCTATCGCGATTGCCGCGTCGACCAAGAAAACCAAAACGGAAGAATGAGTCGCCAAGAATCGTGAGCGCGCCAACGAGCACAGCAACAAGCATCATGAAACGCATGTCATAATTTTTTACATGCGAGAGTTCATGCGCTAACACGCCTTCCAGTTCTTCATTCTCGAGTAACGCGACAATACCTGTCGTCACGGCAACCGAGGCACGAGCCGGATCACGACCCGTGGCAAAGGCATTCGGCGATGGGTCATCGACGATGTAGAGCGCTGGCATTGGAACGCCGGCGGTGATTGAGAGGTTCTCCACCATGTTCCAGAGATACGTGTTTTGGTCGCGCGATTCAATGCGCTTGGCACCGGTCGATGCGAGAACGATTTTATCTCCCCAAAACCACGAGATCGCGGTCATGCCGAGGGAAACGATCAGCGCAAAACCTAGTCCGAAATATCCGGAGCCATTGAGATAGCCAAAAATGTAGCCTGCCGCCGCCAGGATTCCGATAAATACTGCGACGAGAAGGAAGCTTTTACGGCGATTGGAAGCGATGTGGGAGTACATTGAATGATTGTCATTGCGAGGAGTCCGACGACGAAGCAATCTTGATCGATCGGGCTCAGGCTCAAGATCGCTTCGTCACTGCTGTTCCTCGCAATGACAGAAGGGTTAAAACTTCACCTCAGGAACATTGCGCTCCGCTTCATTACCAATTTCGAAAAACTCACGCTTGATAAAGCCAAGCATGCCGGCGATCATGTTGGTTGGGAAAACCTGAAGTTTGGTGTTGAAGTCGCGGACATTGCCGTTGTAGAAGCGGCGGGAAGCCTGAACTTTGTTTTCCGTGTCGGAAAGTTCGTCCTGCAATTTCAAGAAGTTGGTGTTGGCTTTCAAGTCCGGATAAGCCTCGGAGAGAGCAAAGATCGACTTAAGCGTGCTTGAGAGGGCGTTTTCTGCAACAGCTTTGTCATGCGGACCCTGGGCTGACATGGCTGAATTGCGTGCTTGAATGACTTTTTCAAGCGTTCCGGATTCGTGCGTGGCGTAGCCCTTTACCGTAGCGACGAGGTTCGGAATCAAGTCGTAGCGGCGCTTCAACTGGACATCGATATCCGACCACGCTTCATCAACCTGGTTCTTGAGCGTAATAAGACCGTTATAAGTCGCGATGAGCCAGGCAGCAACAACGGCGATAATGACCAAGAGTATCAACAGATACATAGAAAAATGTCGATTGTTAAGCGGAATTATTTGCCCTTTTGGGCCTAGGTAAAGCATATCAGATGCTGAGGTTCGGTCAATTTCCTTGGTTTGACCGTTCTCGACGCTCGTCGCATGCTGTAGCTCATCTATGAATGCGACGATTTTCAAAGCCTATGATATTCGCGGCCTCTCACCAGGAGAATTGGGTCCGGCAGAGGCTGGACGCATTGGGGCGGCTTTAGCACGCATCCATCGACCTAAGACCGTCGTGGTTGGACATGACATGCGCATAACCTCGCCGGAACTTGAAGAAACGCTCATACAAGGACTGAATGCGCAGGGCGTGAATGTCGTACGTATCGGACTTTGTACAACGCCGATGTTTAATTTTGCGGTCGCAGAATCCAACGGCGAATATGATATGGGTGTCATGGTTACTGCATCACACAATCCGGCGAAATATAATGGATTAAAAATCACAAAAGGCGATAACACGGCGATTGGGCAGGGGAGCGGCATGGAGGAATTGCGCGATCTCGCTTGTGGAGGTGAGCCGATTCCACAATCGAACATGCGCGGGACTGTCGAGAATGATGACGATCTGCTTGAGCGATACATCGAGGCGATCTGGTCGCGAAGCAAACTCGAGGGTGATTTATCGAGCTGGAAAATTGCGATCGATGCGGGGAATGGGATGGAGGGGTTGGTGCTGCCAAAGCTATCGAAGAAACTTGGCGCCGATGTTCATGAACTGTATTGGAAGCTTGATGGAAATTTTCCCAATCATGAAGCAAATCCGGTGAAGATCGAGACTCTCGCTGACTTACAGGATGAAGTGAAGTCCAAAGGTTGCGTGTTAGGAGCGGCGTTTGATGGTGATGGCGATCGTGTTGGTTTTGTTGATGAGAAAGGCGAGGCGATTCCTGGAGATATTCTGACCGCGCTTTTTGCGAAAGCCATTCTCTCTGAACAAAAGGGCGCAAAGGTTTTATATGACTTGCGATCGTCTAAGAGCGTCAAAGAAGTGATCGAAGAAGCGGGGGGAACGGCGGAAATGTGCAAAGTCGGTCACGCGGGCATCAAACGACAGATGCGTGAGACGGGTGCGGTGTTTGCAGGCGAACTCTCGATGCATTTTTACTTTGCGGAGTTTGCAAATTGTGAAGCTTCCGACTATGCGATGTTACTTCTCATCCGCCTGATGCTGCGCGAGGGAAAGCCGTTGTCGGAAATCTGGAAACCGCTCGTGCGTTATGCGCATTCGGGCGAAATTAATTTCACGGTGAGCGACAGCAAAGCCGCGCTCGAAAAAGTCGCCTCACACTACACGCCTCACGCTACAAGTGTTTCCCATCTCGACGGCGTGCGCATCGACATGGGGGATTGGTGGTTTTCGTTGAGGGCGTCAAATACGGAGCCGTTGATTCGGTTGAATCTTGAGGCGAACACAAAAGAGATAATGGATAATAAACTTATTGAACTACGAACATGCTTGGCATCTTTGATTCAGGCGTAGGAGGCCTAACGGTTGTAAAAGAGTTACTGCGCAGGCATCCGTCTGCGGGGTTTGTGTATCTTGGCGATACGGCGCGTACTCCATACGGAAACAAGTCTGCGGAGATGATTCAACGGTATGCCATTGAGGATGCGCGGTTTTTGGTAGGAAAAGGGGCGACGACGATTCTTGTCGCCTGTAACTCGGTGAGCGCGGTTGCGATGAATGAGCTTAAAAGCGAGTTTCCGAGTATCAAGTTCTTTGAGGTGATCACACCGGCGGTTTTGTCTGCTTCCGGGAAAAAGATCGGTGTGATTGGCACACGAGCAACAATTGGATCGGGAGTTTATGAACGCCGCTTAAAGGAACGCGATTCTAACATCGAGGTTATTTCACAAGCGTGTCCGTTGTTTGTGCCGCTTGTAGAAGAGAATTGGATCAATAAACCGGAGTCAAAACGTATTGCTCGAACGTATCTGGAGCCGATCCGACGGGAGCAAGTCGACTCGCTGATTCTTGGTTGTACGCATTATCCTTTGCTCGCCGAGGTGATCCGTGCGTCGTTGCAGAAACGCGTAAAGATCATTGACTCACCGGCGGCATTAGTCGACGTGGTTGAGAAGGAAGCGGGGAGCGAGATCGTCAATGGAGCACAGGAATATTATTTTACGGATCCGTCAAAATCTACGGACGCGATTGCTACACGGTGGCTCGGAAAAACCGTGAAGGGATTAAGCGCGAATCTTTTATAGAAAAAGAAAAGCGCCCCGACGAAGTCTTGAAGACTTGTCGGGGCGCGAAGAGTAGCGATTCTTCGGATACGGTCATGCGGTTGGCGCTTCATGCGAGGGACTTCACGCACGTGGATCTCGCCTTTTTTCCGACGGGGGATTGCCGAATTTCGGATGATCCTTTCATCAGACCTTACTAGCATGGCTCGTGATCGCATCACTCGAGCAACCGGGGGAGGGTCGCGAGCGTCGCTGATCTTGGTCCATGCGTTCAGCCCTGAATCCAGAACGGTCCTTGATCCGGCATGGGGGTCCCCTCGAGGGGTTATGAGCCCAATCTCGACTTTATTCCCCATTTAACCGGCCAACACAGGAGGTGATCCTGATTTGGCTTTTCCCGTCTGCTGCACAAACGTATCCGAAGAACCAATATCGAGTTTACACA
CP064964.1_gap6	258809	260003	1194	CTTCCATCTCTTTGGCTTCTGCCGGCTCGCCATCAAGCGGCTTGTCGGCTTCTGATTCCGACTTAGCATCGGCTTCTGCGGCAGATTCTGGCTTGTCGTCCTCGACTGGAGCGCCGAACTCCCCTTTTTCCGAATCGGCGACCGGTTTACCGCCCTGCTCGACGACCGTGATCTTCCAACCTGTCAGTTTAGCGGCGAGGCGAACGTTCTGACCGCCTTTACCGATCGCGAGCGAGAGCTGATCCGCCGGAACCGAGACAACAGCGAGGTGTTCATCTTCACGAAGCTCGACATCGATGACTTTGGCCGGCGAAAGAGCCGCTTTGATGTATTCGATCGGCTGTTCATTCCAGAGCACGACATCGACTTTTTCACCGCCGAGTTCACGGATAACCGACTGAATACGCGTACCGCGCTGACCGATACAAGAACCGATCGGGTCTACGGCGTCGTCATTGGAAGCGACGGCGACTTTGGCGCGGCTGCCAGCTTCACGGGAAATCGCTTTGATGTCGACCGTGCCGTTACCGATTTCCGGAATTTCTTGTGCGAACAATGCCGCAACAAGCTGCGGGCTCGTACGCGAGAGACGAATCTCTGGACCACGCGTCGTCATCTCGACGGAACGGAGCAAAGCCTTGATGCGCGTTCCCGGGAAGTAGCGTTCCGATTCAACCTGATCTTCCGGAAGCATGATGCCCGTTGCGCGGCCAAGGTCGATCAAAACGAGACGGCCTTCACGGCGTTGAACCGTGACATTCATAAGCTCGCCTTCGCGACCCTTGAAGTCGGAGAAGATGACGCCGCGTTCTGCCTCGCGGATCTTTTGCAAGATAACCTGCTTAGCGGTCTGGGCGGCCATACGGCCGAATGCGGCAGGAACGCCAAGCTCCACGCGGATCTCCTCGCCGACTTGGGCGTCAGGCTTGAGGTCGCGAGCGTCGCTCATCATGATCATCGTCTTTGGATTGAACTTGAATTCATCCGGAAGAACTTCTGTCGCGGCCGGATCAGGGCGTGGGGTCGACTTATCAAAAGGCTTGTCCTTTTTAGGCGCCGTCGCCGCTTCAAGACGCGTAAAGTAGTCCTCGTCGAGAACCATGTCTTCCACAACGGTCTTTACGTCGAATACGCGAATACCGCCGGTCATACCGTCGTACTTTTCCGGGTCAAACTCGACACGGAGGTTCTGGT
CP064964.1_gap7	270617	273805	3188	GTTCAAACGTAAGCTCTGGTCGCCGACGAGCAAGGATTCTGGCGATGCCGTACCTGCGCTAAATGCACCGCGGCCTGAACGGAAGTTTTCACTCACGAGGACCTGGGTGTTCCCGGCAGCAGAACCGGCGTAAGCACGACAAGAAGCTGCGGTAGCCGGACAAGATCGGCTCTCGCCCAAGTTAGCGTTATAGAGACACTCGCCTGTTACGGTGCTGTAATCACCACCCGTCTTGGAACAGTCGTCGCGGCTTGTGGAGCGAGAGATGCGTAATGTAACACAATCTTCCGTCGAGAGAATCGTCTGCGAGTAATATCGGTAGTAAACATTTCCATCGCGATCGTAGAATTGGCGACAGTCTGGGTCGATACCGGTACGCCATAGACCTTCATTACAGGAAGAAGGCTCCTTGAAAGCGCCGTCTGGGCCACGCTTGGTCAAGACTTCTGGTCCCGGAGGCGTAACTCCCGATTGAGCGATGAGCGAGAATGTGCGCAATTGATAACCAGCTGTTTCCGAACCTTCCCATGTAAAGAATGTCTTACTAAGGGTAGCGCTCGGCAAGCGACAAGCGCGCAAATAGCTCCAATGTGAAGCCTGCTCCCCTCCTTCTGCGGCAGCCGCGACATTGGTGAACGCCTCACAACCAACCTGTTCTTGCGTACACTGGCGAGCTGTCGATGGAATAAAGTAGCTTGATGTAGCATCAGCAGGATCGCTAAAGCGGACATCCGGATCATTTACGAGGTCAAATGCAGCTGGCTGCTTGCGGAACTCGGCATAACCAACACATTCCTGAGGACAGACATCATTAGATGTGAGGATAGCTGGAACTTCCGGACCGCCGGCCTTGTCTGTGTAACCCTGACAACTTGCATCGACTTGGCGGCAGACCTTTGCAAACGCGTTACAAGCGGCTGGGTCAGACGCAGCACCAGTACAATTCAAATCGTCCGGAGCGATCTTCATGTGCAAGACCGGCAAGTCACGAGCGGTACCAGCTAGATAGTTGGTAGCAAATTGACCTTCTTCAAGCTGAATCGCGTCAACGAGAGCATTGTTACCCTCGACTTCAACCACCGCGTAACGCGTTGAAGATACGGCCAAGAAGGAACATTCAAAACGGCTCCAGTTATTGTCGAGTACACGACCGGCCGTCGAAAGTTGAGGCTGCTGCTCTGCAAGACTACAACCTGAGCTCTTGTAGGCAGTCGAGAGCTCGGCCACTGGAGATTCGACCGGGGCGGCGCCAGGCGCGCTCCGCATCTGACGGACCATGATCGTTGCGAGCGGCGCAGCGCCGTTAGCACGCACCCAAGCAGAAACCGTATACAAACGGAGCGGAATCACATCGACATCCTGACGGAGACGGTTAGCAGCATCCGTGGCTACGGTGCCATCGAGTGATGGGCTTCCGGTTCCGACCGTCGGAGCGGAGTAAGCTCCGGCAGCCAGCTTGCGCCAGTTGTCGAGTGCGACCGGATCGCCGCTCACGGTTTCAAATGACGGATTCTTAATAACATTCAATGCCGACTGTCCGACCTCGACACTTAAGAGACGCGTACAGCCTTCATCGGTAGCAGCACAAGGCTCAAGCGTTTTGTCGAAGTAGATCTTCTCCCCCACCGTCTGCCAGGCGCCGGTCGTGTCGCGAGTCGTCGCGTAGCCCAAACATCCGACATTTTCTGCACGGCAGACAGAGTAATCGATCGTGTTACGCAGATAAGAAACCGTTTGTCCGGCGCGATTGGAGAATGTGCGGCAGCTCGCGAAATCCTCCTGACATTCATTGGCGTTAAAACGATAGACCGTCTTATCAGCGACACAGTAGCCATATCCGCCAACACACTCGCCAGCATCGTTGCGGCGGAGACATGTCTGAATATCGCGGCACTCTTCACGTCGCTGTCCCAAACGGTTGGAGATAAGCGTGTCACCGTAACCAGTGAGCTGACATTGCTGCTGGAAGGAAGTCACGACCCAGTTTGGATCAACAAGCTTACACCATGGGTGCTCGGCATCGCGCTTGCCGTCCACATTACAGTTGGAAAAACCTTCAACAACTTCACGCAATGTCACACAGCCACCAGCACCCGCACAACGATCGATATTCTCAACAGAGTTGGCAGCGAATTCTAGACCTACAGGCAAAATACGCATCGCTCGGAGCTTCTGGAGGTTTCCAGCACAGTAGGCTTGGCGATAACAGTTTCGATCTTGGTTGTTGCGGACATCGCTGGTTGGAATGAGCTTCCAGTCGGCCTGGAGGAGCTTGTGCTCGTCGCTCATGGCGGCCTTGATCGTCAAACTTCCGCCAGCGGTCTTGCCTTGGATGAGCTGAGCGAGACGTTCATCAGCCGTACAGTTCCACAAGCCGCGATTATCAGGACATGCGATGAGCTCGGCAGAAATCTCGACATCGCTGACACGCAAGAGGCTGACATTTTTCAAATCGACGTTGGCTTTGCGTGCATCGGTCTTGCTGCGGACACTGATAGCATCCGGACTAATGCCAACTTGCGTTGCTCCGGAGAAATCAAAGGCGCCGATAATACCGCGCTCCATGACGCGAGACAGCAATTTATTGGCAAGCGTATTAATGAACATCGATGCCGTGTAAGACGCGAGCTGGGAAAAACCCTGCTCGAATGCCGTGGTCATCGTTGCTAAAAACGCATCAGACTCGCTCTTTGATGGCTTCTCGACGATTTCTTCCGTCGTCTGCTCTTTTACGAGATTTGCCGGAGTCTTGATCGAGCCATCGACTTTACCCGTAACCGCCTTGAATCCATCGCCCTCTTCACGCTCTGATGTTGCTTTTTTGATTTCATCGGCGACATTAAAAGTCGAGCGCCCAAGAATCGTGGCGCTTACACCGAGTTCACTCGCATTGGTATTAAAGCTTGCGCTGACAAAATCCGTAATTTCCGCATTCGATAAGGTGGTGTACAAGTTTTCGTAGTTGGAAACGATTTCTTGAAAATCACAACGCGGGCGCGGGCGATTATTACAGTCCTGGCCTTCCGGACAAAGCTGGTCAAGTCCCGGGATAGAGTTCGAGATTGAAATTTGCAAGTTGAGCAATTGACCTGGGTTAGGCGGACGACATAGATCGAAACCCGCATCCTGAAAAAATTCTTCTGACAAGGAGCCAATAAATTCTCCAGCCGCATCCTGACCAACATCCT
CP064964.1_gap8	435703	439487	3784	AATCCTGGCTTTATGGTTACAAGCGCGCGGCCATGCAACTTCTTTGAGCGCTCGATGCGCATTTCCGGCTCAATGTTCACCAAGTCCATGAGCATGTCATCGACTGCATAGAGCTCCCAAATTGGTTCATTGCTCGAGGCGATTTCCTCTCGGATACTCACCAAGCCTGCATCGCCTTCAAAGAAACGGACACGTGGCTTGTCTTCTACGGCGTTAAAAATCGCCAGGAGTCGCGGGAGGGTTTGCGAGAGACGATCGCGCTTGGCTTCCAAGAGCCCCATATGCTCGCTCACAATCGCCATGAGCTTTTGAGGATTCTCGGCAGCAAAGACCACCTTCTTTCCTTTCTCAAACATCGAGACAAGACTGTGCTTTTTCAAGCCCTCAATCATGACATAGGTCGTTGAACGGTTCACGCCGGCACGTTTTGCAATGTCTTGGACGCTGCTTGGACCAAGCTCAAGCATCGCCAAATAGACTTCCGCCTCTTTGTCGGTTAGCCCAAGGTCGATGAGGCCGGTTTTAATATCTTCCAGCATATGGCGGGATTCTACCACGTTGTCAGCGTTTGCAAGGTTTGACGGGCTGTCTTATCCCAGCGGAAACGAGGAGCCCAGGCGAGGCCATGTTCACGCAACAGAGAACGTGTTTCCTGATTTTCGAGCATGGTTTGGATGTGCGCTTGCAGCGTTTCTACATCGAGCGGATCAAAGAATAGCGCATTCCCTTCTCCAATGACCTCTGGAAGCGAGGCGGCGCTGGATGAAATAACGGGAGAGCCGCAAGCCATGGCTTCAAGCGGAGGCAAACCAAAGCCTTCGTAAAAAGACGGCTGAACGTATGCGAGTGAACCCGAGAGCAGGGCGACTTTGTCCGCTTCCGAGATGTAGCCCGTGATATGGAAATATTCGGCGAAGCCGGAATCGGCGATGGCTTTATGAATGGCATCGAAGCCTTCACCCGGGAGACCGGCGAGGACGAGATGCAGCGGATCGCCAAGACCGCGGGACTGTTTGTGGCGTTTGAAAGCCTCGACAAGTGCGAGAACATTCTTCTTGGCTTCAAGCCGACCAACAAACAAGATGTACGGTTCGGGAATTTGAAGACGTACGCGCATCGCGGCAATTGTTTCCGCGGAAGACGGCTTGTACGTTTCATGATCGACTCCAAGCGGCGTGACCGTGATCCGTTCTGCTGGGACATTGTATCCTTCCATGATTTCTTGTTTGCAAAACTCGGAAACCGTGATGATTTTTGAGCCGGATTTTACGATGTCTTTGGTTGACCACTCGTGATAGGAAACTTGGCGCGGCTTATAAAGTTCCGGATGCTTATGAAAGCCGACATCGTGCACAGTAACAACGGAGCGCTTGGGAGCGAAACGCGGAAGAACATGCGCGGGAACAAATAATACTTCCGGCGGCTTGGAGAGCATCTCGAGCGAGAGACGGATTTGGGTCCAGAGATATTTTGGCGGCCAAGCGAGACGTCGCTCATGCCAGTTGGATGGCGTGCGCTCGAGCCCCATCGATAGCGCCGTGTTGGAATACATCATCCAGGCATGGGGATCCTGCATAGGATCCTGTTTCATCGCCTGAATAAGGCGATAGGCGTACCACTCGACACCGGTTTTTTGGAGTCGATTAGCACGCGAAGCTTCAATACCGATGAGCATTGTGTCATTTTACATTGAGCATAGAACATTGAACATGGTTGACAAAACCCTTGATTCTCGGTTTGATAGAGGCTCGTTTTGGGGGTTCTGATGAGTGACGCACTTTATCAAAAGCTGTTTCAAGACAACCGCGGCGTCCGGTACACGTTCTCAACGCCGGATGACCTGATCCCGACTATTCTGATGGCACTAGACATCTGCCTCTTTCCAGCGGAACAAGTCGACAAGCTCGTCTTGAGCACCATTGCGCCCGGCACATATCCCTTGGTCTACACGCATCACCACATCGAGGCAGCGTTGCCCGTGGCATGCGAGCATGTGCCGGAGTGGATCGAGTCTTTTCGTACACATGTATCCAGGTCGGATACGTCGGTCGCGTTTCTCAAGTACGAGGACTTCAGACGCTTCCCGCATATGATGAAGGTCATCTTCCCAACAAGGAAGCTGATCTCGCGCACCTTGAATAGCCGGATGCTCGAGTACGTGCTCGACTTCCACGACGGCGAAAGCTGGATGCAGGTCGATATCTGCCAGCGTCCGATGGCCAACAACCGTTTTGCAGCCTGACTGCCTACTGAGTGTTTCCGCCTCCGGTGGAAATAAAAGCCGCCCCGTTGCTCGGAGGCGGCTTTTCTGTTTTCTTAGTTGGAGAAAATACTGCGCTTGTAGAGCTCGAGGTTTTCGAGCGCGATACCCGTACCTTTAGCCACGCATTGCTGCGGGTTGTCGGCGACGAAGGCTGGGACGCCTGTAGCTTCTGAAAAAAGTCGATCAAGATTGCGTAGCTGGGAGGAGCCGCCGGAGAGAACCATCCCCTTTTGCATGACGTCTGCCGAGAGTTCTGGCGGAGTGGCGCGCAACACGTCTTTGATGGCATCGACGATGCCTTGGAGCTCATGCTGAATGGCGTCGGTGACGTCGTCTGAGGTGACGTTTACGATGCGAGGCAAGCCAGAAATCATGTCGCGGCCTTTTACTTCGAGTTCAAGCTTGTCCTCGAGATAAAGTGCAGAGCCGATTTTAATCTTGATCTCTTCTGCGGTACGTTCACCAACGGCGAGCCCGTGTTTGCGGCGGACATGTTCTTGGATCGCGCTGTCTAGTTTATTTCCACCGATGCGAACAGATGAGGATGCAACAATGCCGCCCAAAGAAATAACAGCGATTTCCGATGTTCCTCCGCCAATATCGATAATCATGTGACCGGAAGCTGAGCCGATCGGAATGTCGGCACCGATGGCGGCGACGACGGGTTCCTTGATGATGTAGGCGGCGCGGGCGCCGGCGGAGATGGTGGCGTCGATGACGGCGCGGCGTTCCGTGGAAGTAATTCCACCGGGAACGGCGACCATGACTTCCGGACGGAACAAGCGGACGCCGCCGAGAGCCTTATTAATAAAATATCGGAGCATGGCTTCCGTTGTGCGATAGTCGGCGATGACGCCGTCTTTGAGCGGACGCTTGGCGACGATCGAGTCTGGCGTACGGCCGATCATGTCCTTTGCTTCTTTGCCAACAGCTAGCACTTTTTTATCGGCAATCGAAATGGCGACCACGGAAGGCTCATTAATGATAATGCCTTTCTTGGGAATATAGACGAGTACCGTGGTCGTACCAAGGTCGATGCCAATTTTTTTTCCAAACATATCAGAACGTAATTTGAAAAGGCTGCGATTCAATCCAAGCACCTTCGTACCGATAGCGGGTGTCGCCAAAGTCGGATTCATCTTCCGGAGGCGCGGCTCGTTGTACGTTCTTACCGAACAAGAGGTCCAGGGTCAATGTCCGTTCTGCGCCAGGCTGTTTTTGGGCCAAAAATCGATAGGAATCTCCTCCTGCCATGGTGGCGATGCGAGCCGGTAATCGATACTTGAAGACCATCTCTCCTGTTTTGCCCGGTTCGATCACCCAGAAGGCGCCGAAGACCTGTTTGCCGAGTTCGCGGAAAACGTCGGGGTTTTTGGAGATGCCGGCCCATGAGAGAAGCTCGCTCCCTTCCGGAACGTAGACGCGGGTGTAAGCGCGGTAGCGCGTATAGCGCCAATCAAAAATGCGGTTCGTATTTGTGTAGCGCAGCCGGACGGTGGCGACGGGGCCCGAGGGATCGGT
CP064964.1_gap9	440602	441825	1223	AGCCGGAGATCGCGGATGAGCCGGAACGCTCGACCTGCTCCAAGGCTTTAAGCCGCGTGCCGATCCAAGGTGCTTCACGCCAATTCCCCATCGCGCGCAAGCCGCCGCGGATATTGGACAGGTCATTCTCAGCAGCAATGAGTCCGCTCTCGGCAGCAGAAAAATCACGGACGCCTGCATCGGCGACAGCGCCACGCAGATGACTCTGTAAACTTACGGCTGCACCACCCGCGACGAGAGATCCATAGATCACTGGCGAGACGATAATCAGGAGTGCGATCGTTAGAGCGATGCCCACGCCTAAAGCCACGCGTTTCCACGGCAAATCAGCTACATTGAAGTCCATGGGTTGATTATACCGCTTTTGAGCGAGGATCGGGGGAACCGAGATGTTTCAAGAAATATTTGACTCCGCTCGCGAGGTGCACGCGCGCCAATTTATTGGTGATGAATTCCCATGGGAAACGGATGCGGCTCTCGCGTCCGTGATAGTGCATGAAGCGTGAAACCGGGGCGTAGGTAACGCGATGACCGGCGGACCAAGCGCGGCGGCAGATATCCGCTTCTTCAAAATACATAAAGAAGCGCGGATCAAAATGACCGATGTTATTGAGGACGTTTTTACGGATGAGCATGGCGGCGCCGAGTACCCAGTCGACATCCTGCTCGAGAGCGCGGTCCATATCTTTCATGACATAGCGGTCGAGGGATTTGCGGGCGGTTGGGAATCGACCCAAAAATGTGCGGCGGAGAACCGGGGTGAGCAAGTTCGGGAAACGATAACAGGATTCCTGATCGGAGCCGTCGGGATTCAAAATGCGCGGACCGCTAATGCCGACATCAGGACGAACATGCATCCATTCAAGCCAAGCTTCTACCTCGCCCGGAAATACGGTGACATCAGGATTAAAAAGGAGGATGTACTCGCCACGCGCTTCTGCGAGAGCAAGATTGTTGCCAGCTCCGTATCCGATATTGGCCGGACTCTCAACGATGCGTACCCAAGGGAAACGCTCGCGAACCATCTCGATCGTGCCGTCGCCGGAGGCGTTGTCGACCAGAATGTATTCAAAAGGAAATCGAAAACCCGCCTCCTCAACACCCTTAAACAACTGACGGATGTGGTGAGGAGTCTTATAGTTCACCGTAACGAAGGTTACGAGCGGGGTGCGCGCCTGGTCCATACCCACGTCCAATACCGCAAAAAGCCCGGGCTGGCAAGC
CP064964.1_gap10	513597	515441	1844	TTGGTTTTTAGGTTGTCGCTTGGAGCGCGGCATGGGGAATGATCAATGATGGTGTGCGATGGAGCGGAGTGCGGCGAGCGTCTTGCCTGCCGCGTCTTCCCAGCGATGGCGACGGCGTACTTCCTGGCCTCCTTGGTGGGCTTCCGACTTGGCTTTTGGGAGGTCGGCTAGGCAGCTTTCGATCGCCGTAATCATACCATCTTTATCGCCAGACTTGAAGAAGAAAACGCCTTCCGAGGGTAGGACTTCCCGCAGCACCGGAATATCCGAGGCGATGACTGGCGTTCCGGCTGAAAGCGCCTCGATTGGCGGTAGGCCAAAACCTTCAAACGAGGTCGGGAAGACAAAGGCGGAAGCGTTGGAATAGAGCGTTGCGAGCTCTTGGTCGTCAGGCGAACCGACAAAGAGTACATTCTTGACGCCATTATTTTGGACCTGGGATTTGATACGTGAGAGAAATACATCGTCCTTGCCGGTGATGACAAGCGAGAGCTGCGGATGTTTTTTTGAAATGATCGACCAGCTATCAATGAGCAGATCGAGACGTTTGTGCGGATATGCGGAACCGACGTAGAGAAGATAGTTTTCAGTTTTTAGTGGCCAGTGGTCAGTACTGACACCTGACACCTGATCACTGACCACTGCACTTAGTCCTTCCCCTGTTACAACAACGTTCTTGTATGCTGATGGGTAATATTTTTTTATATCATCGGCAACCGCTTGCGTGGGGACGAGGATGATTGAAGCGCGATGAATCGCGTTTGATAGAACGATGCGATGACCGAGCCGCTTTAACCAAGAAATGATCGGACCACGCGTGGAAGCTTTGGCGCTCGCGGGTTGATGCCGCAAAAGAAGATCATGGATGGTGATGGCGAGCGGGCCTCGATAGAGAAGCGGGACATTCCAGTGCGGAACCCAGAGGAGGTCGGGTTTGGCGGCGCGGATAACTGAAGGAAAACGGAGCTGTTCGGCTAAGCCGTACCAAGTAATTGAGGATTCCAGCAGCACGAGTTCATCGTTTTGTGTCAGTTTTGGGCGGATGTGGTCGGTTATCTCCTTTATATAACGTCCAATACCGCGGGTTTTCCCGGCTCCCATCATTCTGGCGTCGACAACGAGTCGCATAGATACAAGCACCTTAACCCGTTGACGAAAAACACGGAATATGTGAGATTCTGACCTACGTACAGGAATTTGGAAGGCGAGCTTATCCCCGACCAGCGGACGCGGTGGCTCACCGCGCGAGCTGTATAAGGATCCGTCCAAATCGCGTCCGCAAGGGCGAAATCCTAGGGCAGGTGATGTTGTGTCCCGACCTCCGGAAGCGCGACATCAAGACGCATGAAGAGCTAAAGCTGCCAGAGTCCAGGCTGGCAACTGATAGTGCGGCGCCCTGCCCGGCGCTATTCTGACCCCGATCCGACGTACTGGATCGGGGTCTTCTCTTTTTTGATGATTTCGTCTAGGATGCTGGGACTCATCGGGCTGTAGCGCAGTTGGCTAGCGCATCTGCTTTGGGAGCAGAGGGTCGTGGGTTCGAGTCCCACCAGCCCGACCATCAATAAATCCGCCGAAAGGCGGATTTGTTTTACCCTTTCGTTATTGACGAAAACAGTTGGTTGTGGCATTAATTCCAACCCACGCACCTTTAACGGGGGTATCCATGGAGCTCCAGTCCTCGCTCACAGACGAGTCGCCGGTCGTCACGCTCAAGTCCGGCCATAGGGTCTCGAGCTTCCTCGTGAAGCAGGTCATGTCCAAGGTCAAGGAAATGCAGGAAGACATGAAGAACGGAGCGATTCTCTTGAACGACCTCGTTATGAGGTGTCGGGACGAGAATC
CP064964.1_gap11	590322	591447	1125	GTCTTCCACGTAGCTCGAGGCCTCGCCGATCAGGTAGACCTCGGGGGCGCGGACGGTCTTGTCCGTGTCGGCGAGGGCGGTGCTGGTGCAGCCGGAGATGTTGGCGGTGATGGGGGCGAAGGCGATGAGGGCGAGGATGAGGCGGATGGTCTGGTTCACAGGGAGCTCCTTGGTTTTCAGCCACGACCGAAATGGTCATGGACAGACTAAAACCAGCCCGTGGTCGCGGACTGGCTTGAGTCTTTTATTGTGAAATGGCGACCAACCCATTCCTTTACTGACCATATAATATAGCACAATAAGTCCTTTTTGTCAAGCAAAGTGAACATTATTATTGGCTAAGGTTAGCGGATATTACTAACGATTGTTAGCGGTTTTTTACAGAATATTCTGTTAAAGAACTGACATCGCTAATATTAGCCAATGGCTAGGGTTAGCCATAATCACGCAACATGGTCATAGTCATCAAGCTTTAGATTCGTGTCTGAAGTGCGCTGCCTTTTTCATGTTGCGTGACTATGTTGCGTGATCATGAATTGCAAACGTGATAACATAGCCACAAATGCCACATTTCGATGTGATAACCATCGGCTCGGCGACGCAGGATGTTTTTGTTAAAAGCGCTGGCTGGAAGGAACGACCTGATGGGTCGGCTCCGGATGGGATTGATGCCTGTATTCCCCTTGGCTCCAAGCTCGGGATTGATGAGCTGGTTTTTGCGACTGGGGGCGGGGCGACAAATGCGGCTGTTACCTTTTCCCGCTTTGGGTTGAAGACCGCTTGCTTCTCACGCGTCGGGGTTGATGAAGTCGGAGACAGTATCGTGAGGCAGCTGAAGGCCGAGCGTATCGATACAACAGGAATCCAGCGCGACAAAGAACGGACAACGGCATATTCAATTATTCTTGTTTCTGGCGAGGGGTATCGCGGTATTTTGACGCATCGTGGAGCAGCAAGTCATTTGGATGTAAAACAATTTCCTTGGAATCGATCCGGGAAAATCGTGAATCGTCCGTACAAAGCCAAATGGATTTATCTGACATCGATCGGCGGAGATGTGAAGTCGCTCAAATCGATTTTTGATCATGCAAAAAAGATGGGCGCGCGCGTTGCGTGGAATCCGGG
CP064964.1_gap12	592930	597631	4701	ATCTTTGTCACCCGTCCTTTTGCCGATGAGGGTATTTTGATGCTTAAGGCCAAGAAATATCAGGTCGATGTCTACGAACATGACGAGATAATCCCCCGCCAAGAACTCCTGAAGCGCGTGGTTGGCTGTGATGCCCTACTCTCACTTTTGACGGACAAGGTCGATGCGGAGGTGATGGATGCGGCGGGAGGATCGCTCAAGGTGATAGCTAATTACGCGGTTGGTTTTGATAATATCGATCTTGCGGCGGCGAGAGAACGTAATATCGTGGTGACAAATACGCCTTCAGATGAAGTGAATCGATCTGTGGCTGAGCATGCTTTTTCATTAATTCTTGCGCTCGCGCATCGCGTTCCGGAATCTGATGTTTATGCGAAGGCGGGAAAATATAAGGGTTGGTCGCCAAATAACTTGATTGGAACCGATGTAGAAGGAAAAACGATTGGCGTGGTTGGACTTGGGCGTATCGGCATGTCGCTTGCTAGAAAGGCCGTGCACGGATTTGGAATGAAATGCGTGTATGCCGATATGCGCCGCAATCCGGAATTTGAAAAAGAGTTTGATGCGAAGCAATTGCCGCTCGAGAAATTACTTCAGGTTTCTGATTTTGTGTCTTTGCACGTTCCCCTGCTGCCATCGACCAAACATTTGATTTCAACGGAAGAATTTTCTTTGATGAAGAAGACGGCGTTTCTCGTGAATACAGCGCGCGGACCTGTGGTCGATGAGAAAGCGTTGCTGCGAGCTTTGCGAACCAAGCGTATCGCCGGAGCCGCGCTTGATGTGTTTGAATGCGAACCTGCGATTGATTGTGATTTGACCGACAAACTCGAACTGAAACAGTTTGCGAATGTCGTCCTTACGCCGCATACGGCAAGCGCAACGATTGAAGCGCGACAATCGATGAGCCGAGGGGCGGCGGAAAATCTGATTGCCGTTCTTTCTGGAAAGACACCGCTTAATCCTGCCAAATAAAACAAATAGAGAAGCGCCCCGATCCAGAGATGGACGGGGCGCTTTTCAGAAGGGCATGTCGGGGTCGGAAGGATCGGGCTTGGGGACCTCGAGGACGCCGAATGTGTAGACCGGAATCCTGAGCTTGATGTTGGGATTCCGGACGGACTGGAGAAGGAGCGGGGCGGAACGCTTGAAGCGCTCGAGATAGCTGGGAGCACCGCTCACCAGGAAGGTGATGGTCGATTCCATGACCGACATCTGCCTCACAAAGAAGGGGCGCTCGCACTCCTCAAAGCCAAAGCGCAGTCGCTTGAGCAGGGAGAAGCCGCTGACGTGCTGGTTGTAGAGCGAGGCCGTCACGTTAATCGTGATCATGAAGCGGTTCAGGCGCACCCAGTGGGTTACCCGCACTTCACGCACGACGTACTCGCCGAGCCTCTCGGGAGAGAAGGCCGGGAAATTCCAGACCTTCCTCCCAAACAGACTCCTCCGAGAGCGAGGTCTCACGGAGAAGCCGCCTCCTGCAGCGGGGCCGGGGGCGGACGTACCGACTCGGGTCGGAGCGAAGCAGAGATGTCGCTCGGCCCCCTGAACGGGAACGTGCGCAGCGATCGCCCGAACGAGATCTCGCAGTTGTCGATCCAGTCCTCGGGCAACGCGTCACGCTTGAGCCGCATACCGAGGCGCGAGACGCAGACGTCCGGCCGCTTGGGCAGGATGTGCGTGTCGAGGCGCTCCGGTTCGAGGATCCGCTTCTCCTCGCCCTTGATGGCGACGATGAGCAGGCCCTCGGCCGGGAGCTGGATGTTGCCGAGGGGCTTGGCGAGCCAGAAACTGATACACATGTAGTCGAGCTTGGGATCACGGAGCGCGATCTGGTAGTAGCCCGCCAGATGCTCGAGAACTTCCTGCTGACGATTACGTGATGACAAAGGACACCTCCGCGCCGGAGTGAAACATAATATTGGCGGATTGTAAAGGGATTGGACGTAAACAAAAATCCCCCGATTGGGGGATTTCTGTATGGTGGACCGTGTCGGATTCGAACCGACGACCCCTGCCTTGCAAAGGCAGTGCTCTAGCCAACTGAGCTAACGGCCCAAAGACTTCAGCGGGCTGAATCTTGCCAAAAAACACCATTTAACGCAAGCGGTCCGACATTAGGTCGGACCGCTTTTTCATTTTCTTACTCGTGGCGATAGGTGGCAACGATTTGTTCCAAATGAGCACGGTAGAGCGCTTCATCGAAAAGGATACAGGTTGTACCTGAGGAAATGACTGTTTTTCCATGACACGACTCGTCATCAAACAAGTCACCGTTCGCTAAACGCTTGCTAAAGGTAATCAGGATGAACTTGTCGCCACGCGGTGCGGTGAATGAATCCGTAAAGTAGCGCTGACCTGCACCGGCATCAACTTCACGCACGACGCAGAACGATGTGTCTCCAATGACAAATGGTCCGGATGTTGAGCGCAAGTTTGCCTCCGGCTTTTTACACCCGTCTTCCAAACGCGCATCACCCTGAGAGAGAATGGTTACATTCCATTCCGGAGCATAGCGGCCCTTGGTCGGATACTGGAATGAAAACTTATTAGCCACGTTGTTATAGATCTTCCAGGTGCCATCGATAACCGGGAGCTCTTTTTCATCGACAGCGCGGTCTGGGTCTGTTCCGGTTGTTGGAGTGGTCGGTGTGGCGGGAGTCGACGTTGCCGCATCAGCTGGCTTGGTGCCCGTGTCTGTCGGCTTGGTATCGGTTGGCTGCGTGGCTACTGGTGGTGCCTTGGTGTCCGGAGCATTTGTGGTTGGAGCCGGCTCCGAGCCCATGCAGCCGGCGCCCAAAAGGGCCAAAATCGAACCCGCGGCAACGAATTTGGTGAGGTTGGTATTCATAGATATATGGTTCGTATCATGAGAACGGCCGCGAGGCAAAAACCTGACAACTCGTGGTACGATATCCCGTATGAACCATGACTTTTTGCCTCATAAGCAGATGGAGTTCTCTCAGATCGAGGCGCAGATTTTTATCGGGACAAATACTTGCTGTACACATCATTTTAAAAGCGAATTGCTCGACAAAGGGATTACTTGCGATATTTCTCTTGAAGGAGAAATGATCGACCAGCCGATAGGCGTCGACTGCTATCTGTGGCTACCGACACCGGATCATCAGCCGCCAACCATGCACTCCATTCGTATCGGATGCGAAGCCTTGGAAGAGATGTTGCGGGAAGGACGAAGCGTTTATATTCACTGCAAGAATGGTCATGGACGCGCACCATCCTTTTATGTGGCTTTTTTAATCATGAAACGAGGGCGTACTTTTGAAGATGCTTGGAATATCGTTAAAACTTCTCGGCCCGAGGCCCATTTGGATGCGAGCCAAGAGGCTCTGCTGAGATCCTTGACGAGAGGGGCGTAATCGTAGGCTTTTTGGTATCCTGTAGATGCTATGAAAACACTTTTGTGCAAGACGGATTGCGTCGGAAATGAGATGCGTATCGACAAGGCATTGCTCATTATCCGTATCGTGGCTGGTATCATTTTCTTGGTACACGGCTGGGGTAAATTGACCGGTAATCCGAGTATTGAAATGTTCTCGGGTATGGTCGGAAATCTCGGCTTTCCAATGCCGATGTTCTTTGCTTGGGTTGTTGCTTTGACCGAGTTCTTGGGCGGTATTGCCCTCATCCTCGGCATCTTTGTGCGACCGGCTGCTATCCTTCTTTCCATTGTCATGTTGGTTGCGTTCGGCATGGTTAAGAAGTTCGGCTTCCCTGCTGGCGAGCTTGATTTTGCTTTGCTCGGTATCTCCGTTGCTTTGGCAATGACAGGTCCGGGACATTGGTCTGTCTCGCACAAAATGGTAGGCAAGGACTGCTGCCAGGGTGAAGACGAGGAGTGCTGCGGCGGACATGGCCACGATCACAAGCACTAGTCCATCTTTAGTCCGTATCCTTAAGAAAACCCTCCGTTTGGAGGGTTTTCAAATTCTGCGGATGGATTTTGCAAGGTTGTAGAGCGAGGGCTTGAGCGGAAAATCGTAAGTGCCCGGGAGCTCAATCACCGCTCCTCCCCAACCAGCTTTAAAGCGCGAGATGCCATCCCAGGCTTTTTTGAAATCCGGATGATTTTTGTCGACAGGATTGATGCCCCAAAAATCGTAGTAGTGAAATCCTTGGCGTTTGGCCCAGAGCATCGACTCCCAGTGCACGAGATATGGCGCCATCAACTGACGATTGGAAGATGAGGACGCTCCGTAAAGATATGTTGCCGTATCGCCAAAGGTCAGCATGAAGTTGGCGGCGAGGGCTTGGCCGTCTTTTTCTGCAAGGAGAATCGTCGCCGTGCCGCTTTGCTTCAAAAGATCGAATTGCTTGCGGATGTAGGAATCGCTTTGCGCAAAGAAGCGGTCGCGCTTGGCGGTATCGCGCTGGAGGGAAAGAAATTCATCGACCGTATCTGCTTCACGCAGCATGACTTCATGTTTTTGGGAGACGCGGATGTTGTAGCGCGTTTTGTGATGCATCTGCGCAAGGATTTCTTCGTCCGTTACCGAGAGATCAAGCAGGCGTGTGACGCTTGGATCATGCGAGGGACGTCGCAGCAGGCTTGGCGGAAGCGAGTAGCTCGTGGCATGTATCGATGTGACGGGCTCGAAGCGGATGAACCAGGCAGAACCTGGGAGAAGGGCTGCGATCTGGGTTACAAAATTGCCGGAAGATTCTCCGACTGGACCGCGT
CP064964.1_gap13	616667	619516	2849	TGGCGGCGCGTCACAGCAAGGACAAGGGCAGCCGCTTGCAGCGCATCGGCCGCAAGCCCCGCACGTTCCGCGACATGAACTAGTCGCACTTCCCACGGTTGGCGGTCCCGACCTGATGCGAGCGATTGGTAGATCGCTTACACAAAAGATGGCCGACGTTCCTTTTCTCTTGAGCCGCAGTGGTTAACACTCGGCTCCGCTCTCAGGTTTCCGACTCGATCGGAACTCTGATCTGCGGTAACGCATTTCACAAAAAAATATTCGTCTTGGAAGGAGAGCCAGGATACGTGTTCACGCATCATAGTCATAACCATACCGAACGGTCGGTTTGGATGACGGTGAGTATGTTGCGTGACCATGTTTTAGCTCCCCAACCGAGACTCCCAAGTCTCGATTTTTTGTTCTTGGGAACGCTTTGGAGGAGGAGCCCCCGTCGCAAGGCGGGAAAGATGCTCATGCGCGGTGTGGACTCGGATTCGTCTGGGACCACTCCATGTATGACTTCTCGGATCTGTCGGTCTTCGGACCTGAATGGACCACCCGCCTCCAATGCGTTCCCAACAACATCGACTTATCAGACCTGAAGGAGATCCTCGCTTAGGACCGAACACGGACCTCTAAGCGAGCGGCGAGGGAAACAGACTCGGCGGATTCGTCTGCCACATCTGCATGTACCAAACCATTAAAGATGAAACGGCTTCGGTCGTTCTCATCCCATCTCCGTCAGATCTGATCCGTCGAAAGATGGATTGAACTTTCAAATCGGTGTGGAACTCACGTTCCATGCCCAGGATCCAGCTCATCATCACGCAACATAATCATGACCATGATGCGTGACCATGACGTGGAACCCGGGTGTGGCGCGGGATAATTTCACCCCCGAGCCAACAAGAGACAGATGACCAACGACAACAGCTTCTCGTCCGTTCTCGACCTGTGTCGTACCGAGATCCGCGTGATCGAGGCCTGCGACCGGGTCCTCGAGATCCGGACGCCGCTCCCCGCCAAGCCGCGGGACGAGCGCGAGGCCAAGCGGGTCCTCCGGGATCTCCGCTACGTCGCGTGGCTCCTCGAGGGACGTCGCAAGACGCTCCTCGACGGGCAGGCCTTCGAGCGTGACTACTACGCCGAGATGGCTGCCCTCGAGAAGGCCAAGGCCAAGATGGCCATGGCCGCCTGATCAACAGAAGTTGATCGACCGCGGTACCGACGGAATCGGACATCTACGCAACGAAAGAGATAGGTGTCGCCATGGTGTAATCGCACGGCTTGCGGCCGTTTCGCCGATCTGCGTTTGTCCCCGTTTAGTCGCTACGCGAAAACAATGGGGAGCCTGGGAAAGCAGTGTCCTGACCTGGCCGGAGGAAGTAACTACTTCCTCCGGCGCCGATCCCGACTGTTGAACGCAAGTTCGACAAGCGAGATCGGGTGCAACCAGAGAACGATCTTGTTCTTCCGTTCGCACCGAAGGAGGTTCCTTCACATGCAGACCGTTCACGAAGAAGTCGAGCGCAACGGATACGAGCCGTACTCCCACGAGGAGGCCAGCTACGACCGCGAGCACGACCGCTTCTACAACATGAGGCGGCACACCGCCATCGGCGAGATCATCCGGCTCCAGGGTGAGCTCTGGAAGATCGAGCAGGCGCTCAACCTGCTGTTCGATGAGCGCATCCGGCTCGAGAAGGGCTGGGCGAGCGGCGATCGCAATACGATCGCGAGGCTCGGTGCCGAGGTCTTCCTCGCTCATCACAAGCGCGGCATCGAGCTGCGCATGATGGAAGACGCGTACGGCAAGGCCGACGATGTCCGCAACGAGATCGAGGCCTTGAGCAACGAGTGCACGGCGTTCTGCCGGGAAGCGAAGGTGAACAACGCCTTCTTCTTCCCCAAGGGCTTCCGGTACATGAACTCGTACGAGCTGCAGAGCGTCCTCGCCCGCGCCAAGCAGGCGCGGGACACGATGCATCTGCTCGTTCTCGAGCGTGCCGCGGAGGCCAAGCGCAAGGAGCACGAAGCCGAGATCCGCGCGGCGCATGAGCAAGAGCTCAAGCGCATCGACGCCGAGCTCGCTGCTCGCCGCGACGAGCGCAAGGCGGAGCTCGAGGGCATCGTCTCGGGTTACACCGAGATGGTGGCCAAGATCCTCGAGCATCCGGTCTTCCGGAGCGCGAGCATCAAGCTCCCCAAGCTCCAGCTCGATCGCTACATGATCGAGTTCAAGCTCGGAACGCTCGGCGACGAGGGCTACCAGGTCCTCGTGCGCAAGACGCGCGACGGGATCGCGGACGCGAAGCGCAAGCTGCGCGAGCCGCTCCGCCGCGCTCATCAGAGCGCACACTCGCGAGGCATCACGAAGCTCGGCTTCGAGGAGTGCCTCAAGGAAGGGGGTTTCGAAAGCCTTCTCGCCTAACCGCGGTTCCGACGGATTCGGAATAAGTCTTCGCGCAAGCGGAGCCGCTGACCGGCCATGGTCACATAGCGAACTACTACATAGCTGAGATGAGCCCTCAGCGCCCCAAATCGGCTGACGAATTATTCGTCCATCGATTTGGTGCGATACACGGCAAGTCGCTGTGACTCGACGCCAACCCCGGAGGCTCCTTTGACCACCACGAACTTCCTCGCGTCGCTCCTCGCCAAGCTCGTCGGCATCCGTGTCTTCGTGAAGAACGAGGTCGCGAACCCGAACCAGCACCCGCGTCCGATGATGCGGGCGCAGCTCGAGGGCTTCCTCCGCCTCACGCAGGCGGAGATGCTCGAGGCGCTGGGCGAGAAGTCGCCCAAGAAGCTGACCGTGAAGCTCCGCAAGAGCATCGCGGTCGTGGCCCGCATCCACAAGGGGTGCG
CP064964.1_gap14	620628	624009	3381	GGGTTGGTCGGATCTCGATCGACCTATTCTCTACGGCTTTGTCACGGGTGCTCAGAGCGTCGGCGAGGGAATGCGCCGTCACACGCAAGACGTGGGTGAGATTGCTCTCCTCAGTCCGATTGCTCCGCCCCCGCGTACGCGCTACGCACCCATCGTCAGCGGAGCCTGTTCCACGGATTATCGGCATGACCTGTGCCGCTTCCGTGCCATGGTTCCCATCACTGGAGATACCTCGTATCTCCGAATCCACCTGCGGGAACGCTTCCGCTAGTGGACACTGCGCCCGACTCTCCATACTGGATCGAGTCGGGCAGCCAATTGAAGGCTGGAAATCCCTTCCAACCTTCACAGGCTGAATGTCATCCATCATTGACAGAATCCTGAAAAAGACGTATCTTTTGGTGTTCGTTTTCCTTCGATCCGGAAGTTCTTGGAGGCGGATAAGCTTGTCGGTTTGCTGGTCTCCGACTGCGGTTGGACACTGTGCGACCTTAGCCCCTCTCCCTGCGTTAAGCCTTTTTTGGACTTGATGCAGGCCTCCAGGAACTTCCGGGTCGGAATTGGGCGATTCCGCCCGGAACAAACGAACAACAATATTACGGAGGTCCCGTGGCAAAACGAGGTTTCATTCTCACGACGTTCCAAGATTGGGACGCCGCAAATCAGTCCGAGAACGTGCGCGAGCATGGTCCGGACATGGACCTCGTTGCGCGCGACCTCACTTCGCAAGAAGTGAATGATCTGTTCCTCCAGGCACGGTCCGACGACTCCGTCGGATTGGAGAGCGAGCAAGACGACAACGGATACTCGGAGATGGCCATTCACGCCATCGACGAGTTCCTCGCCCGAGAGAATCGGCGCGAGCTCGAGGCGCGCCTTGCGCGTCGTCTCGAAGAAAAGGTGGCCGGCGAGATGGTGCTCGTGTATGCGGGGCTTTCCCCCAAAGCACATGCGCTCCACATCACGACATTGAATGACCAGCTCGACGGCATCCCCGCCGATCTGGCCAGGCAGCGGGCCGAGCTGCGGCGCAAAGCCGCAGAACTCGCTCCCCACAACCTGACCGAGGTGATCGGCAGCGATTCCCCTTCACGGGGCCGCAGCTAATCAACTCCTCACACTTCTGATGATGCGTGCTTGTCCGCGCTCATCAGAAACCCTGTGGCCGAGGCCAGACAAAACAGCTTGTCTGTCTCGGCCTCCCACTCCGGATCGCGATCTATCGCGCATCGGAGCGGGAGCCACATCGGTTCCTAGGAGGTTTTTCACAAGTGCAGACAACGATCGATACGGTCTATCGAGTCACGTCGCGCTTTGCACCCTTCGTCATGAGTGACGATGGTTGCGAGGGCAGCGAAAGCACGTGGATCGGGTATCACTGCCTGATCTTCTCGCTCAAGGATGCGCTCGACGAGCTGCATCACATGGATACCTATCGGCGGGAGCTCAAGCAGCTTCTCGTCGAGACGGGGTTCCACGTCATCGCCCGTCTGCGCAAGCAGACGGACCTGACGAGCATCACGGACGACGAGTTCTACGAGATGCTCCATCGGCTTGCCAGTGCCGATCTACACGAGATCGCGCTGCAGGCCGAGGTGACCCGCGAGGAACAGTTCAAGATGGCGAGCGTGCAGACGCCCAGGACCTCCACAGAGGCCAAGCGCAAGCTGCTCGCCAAGCTCGAAGCTCTGGCGTCGACGGAGAAGAACTCCTCGACGCTCGAGGTCGAGAGCGCCAAACGGCGCATCGAGGAGATCAAGTCGACGTACGAAATCGCTTCGTCGGATCCGTTCGACATCGATCTCGAAATGCTGGATGCACCGCTCAAGCCCACGGCATCGTCGCAGCTCATGAAGCTGCTCGATGAAGCCTGGAGCAAACGGAGGAACGTCGGCGACATCTACTACGGGATCGAAGAAGACCCGGACAAGATGCGCCAGCACCTGCGCGATCGCGTGCAGACACTCGAGAAACTGGTGCGCGAGCATCGGGATCTCAAGCAGACCGCGGAGCCGATCGTCCAACGACGGCGCCGCTGAACCTTCAACCTCTAACCTGAGAGGATCTCGTTTCCACAACGAGATCTTCCACCCAATATATTTATCAGACTGGATTCCCGCCTTCGCGGGAATGACAGGATGAATGTATCGGGGGGAATCCGTTTACGCGGACTCTGAAACGCCCTGCGAGGTTACATAACCCTCGGACAATGATGCGTCTCAACCCCAAACAAAAACCTTGCGCCGGTGAAATGGTGGCGAGGCTGTAACTTCACAACAAAACCACAACGTTCAGTTTTCCCATCCGCTTAGGCGGAGAAAGGCAATTATGACCAGCCAGAACGATCAGCGTGCGAACATCGTCTCCTTCCGCTTCCCGGTACCCAGCAAGGGCGCTGCGGCGCGCTTCTCCACGAAGCGCTTCCTCTACGAGGTGCAGAACGTGGAGGAGAAGCCGCTCGTCGAGGTCGATGACGCGCCCGCGATGGTGCTCCGTGCCTCGGTCACGCTGCGCGTGTTCCACGAGGACTACGTCGACAGCGACGAGAAGCTCGCGGAGTTCGACAAGCTCACGCCCGGTCTCAACGAGACCATTCGCGAGTTGACCCACGGCGTCTACACGAGCCGTGAGGAGAAGCTCAAGATCATGGTGAAGGGCCGCGGCGGCAAGCTCGAGGAGGGCAAGATGTCCGCCTACATCGTCGATCCGGCACGGAAGGACGGACGCAATGCTCTGGTGAACACGTTCTTCATGAACGAGATGCTCCAGGCCGCTTCCGGCGACGACCGCATGGACCGCATCATGCGCCGACACAAGCTGGCACTGCGTGGTCAGCGCGTCGACAAGCGCGTCGTCAGCGGTGCGAGCGAGGATGCGGTCAACGCGAGCTTCCTGGGCTGGGTCTACATGGCCGAGCCTCGGGTGCCCACCGTCGACTACGAGCAGAAGACCGCAATCTTCAACTCGTACGAGGACATCGGGTTCGCGGTCTACATGCCGCTCTCGATGATCCGCGTGATCGCCAACCTCTACTACAAGATCCTCGAGTCGCGCTGGCGCAAGACGATCGAGGAGGATCACGAGATCGTCGCCGGTAGCAGCAAGGAGATCGGCGGCAAGAGCCGGCTCCTGCTCCCCGCGGGCCGCCAGGTCCAGAAGGAACGGAAGGCCGAGGCTCAGCAGCCCGCTGCCGACCAGACCTCGAAGCCGAAGCGCGACCGCAAGCCGCGCGGCAGCCGCAAGGACACTTCCGAGGTGAAGACCGAGGGCGAGACCGCGGCGGAGGCCAAGACCGACAGCAGCGAGCCCAGCTCGCCGCCGACGGCCGAGGCCTGAACTGAACGCGAGGCGGATGCAGATCCGCCCACACTCTGGACAGCC
CP064964.1_gap15	765460	768251	2791	ATACGCAAGTATTACCGCGGACAGGATGGCGGACGTGGGTCATCGATATGAGAGGGTTGCGGGACGGACATGTGCTTCCCCACGGAACACGCGGATAGTGCTGATGAATAGTTGAATCCACTGGAAAGTGGAACCAAAGACGGTGATAGTCCGGTAAACGAAATTCATACGCACATCTGGTCCAGATCCAAAGTACGACGAGGAACGAGAAACCTCGTTGGAAGCAGGCACGACGATGTGCCAAGACTAAATACTCTTCCTGACCGATAGTGAACCAGTACAGTGATGGAACGTTGAAAAGCAGCCCGGGAGGGCGATGAAATAGTATCTGAAACCGTATGCTTACAAGGAGGTGGAGCGGCGCAAGCCGTCACACCGTTCCTATTGAAGAATGAGCCGACGAGTATGCCGTACGTCGCTTGGTTAAGTCCCCGTGGGGACGAAGCCGTAGTGAAAGCGAGCCTGAATAGGGCGTTGGTGGCGTACGCATGACCCGAAACCCGGCGAGCTAGCCATGGTCAGGATGAAGCTTCGAGAAATCGAAGTGGAGGTCCGAACTCACGAGCCGTGCAACACTCGGAGATGAACTGTGGCTAGGGGTGAAATTCCAATCGAGCTGGGTGATAGCTGGTTCTCCCTGAAATAGATTTTGGTCTAGCGCTGATTAATAACGTAACGGAGGTAGAGCACTGAATGGGACCTGGGGCGCAAGCTTACAGTTTCCAACCAAACTCCGAATGCCGTTACGTGTTCCCAGCAGTCAGTCCGTGGGGGCTAAGCTCCACAGGACAAGAGGGAAACAGCCCTGACCGCAGACTAAGGTCCCTAAATTCGTACTCAGTGTAAAAGGTGGTCGGACGGCTTATACAACCAGGAGGTTGGCTTAGAAGCAGCCATCCTTTAAAGAAAGCGTAACAGCTCACTGGTCAAGCTGTCCGGCGCCGAAAACTTATCGGGGCTTAAGTACGATACCGAAGTCGCGGACTATCGATGATCTTTGGATCATCATATTGGTAAGGGAGCATTCCGATCTGCGCCGAAGCGGAAGCCGTGAGGCACCGTGGAGCGTTCGGAAGAGAGAATGTCGGCATAAGTAGCAAAAAGACAGGTGAAAATCCTGTCCACCGTAAACTCAAGGTTTCCAGGGCAACGCGAATCGTCCCTGGGTTAGTCGGTCCTAAGGCGAGGCCGAAAGGCGTAGTCGATGGACAGCAGGTTAATATTCCTGCACTTGCGTAGTGTTTCAATGGAGTGACGCATCCTTCAACTGATCGAGATTCCCGGAATGAATCTTCGGGCACTCAGGGGTGACTGGTAGGCAAATCCGCCAGTCATAAGCCTCGGGGTGAGCGCAAGCCTATCGAAGGATAGGCAAGGGTCGGGACTGGGGTGCCTAGAAAAACTTCTAGGGCTAATGTTACGGAAACCGTACCGGAAACCGACACAGGTGAGTGGGCATAAGTGTGCCAAGGTGTACGAGAGAAACCAAGTTTAGGAACTCGGCAATACAACGGCCGTAACCTAGGGATAAGGCCTGCCAGCGCAAGCTGGCCGCAGCTAAAGACGCTTTCCGACTGTTTACCAAAAACACAGCTTCCTGCTAAACCGCAAGGTGACGTATAGGAAGTGATGCCTGGCCAGTGTCAGAACGTTAAGGGGAGAGGTCATGGGGTAACCCGGCAGCCTTGAGCCGAAGCGCTGATGAACGCCGGCGATAACTATAATCGTCCTAAGGTAGCGAAATTCCTTGACGGGTGAGTTCCGTCCCGCACGAATGGCATAACGAGAGAGCGACTGTCTCAACTTGGTACTCGGCGAAATTGCAAGTGGGGTGAAGATGCCCTGTACGCGCAGTCAGACGAAAAGACCCCGTGAAGCTTTACTACAATTTGCTATTGGGTATCGATCTTTCATGTTCAGTGTAGGTGGGAGCCTTCGGGCGCCGATGAGACACCACCCTTGGACTATCGATATTCTTACTATGATCCGTATAACCGGATTGTGGAACAGTAGCTGATGGGTAGTTTAACTGGGGCGGTTGCCTCCCAAATGGTAACGGAGGCGTTCACAAAGGTAAGCTAGGCGCGGATGGAAATCGCGCTGGTTCCGCAATGGGATAAGCTTGCTTAACTGCAAGACCAACAAGTCGAGCAGATACGAAAGTAGGACATAGTGATCCGACCGTACGAAATCGGACGGCGGAAGCTCAACGGATAAAAGCTACTCCGGGGATAACAGGCTGATCTGGTCCAAGAGTCCACATCGACGACCAGGTTTGGCACCTCGATGTCGGCCCATCGCATCCTGGGGCTGGAGAAGGTCCCAAGGGTTAGGCTGTTCGCCTATTAAAGCGGTACGCGAGCTGGGTTCAGAACGTCGTGAGACAGTTCGGTCTCCTGTCTACTGTGCGCGTGGAAAGTTGCGGAAACTGTTCTCTAGTACGAGAGGACCGAGAACAACGAACCTCTAGTGTGCCGGCTGTCCTACCAAGGGCACCGCCGGGTAGCTACGTTCGGCACGGATAAACGCTGAAAGCATCTAAGCGTGAAACCGTTTCCAAGATTAACTTTCGTCATAGGACCCTCCGAGACTAGGAGGTTGATAGGTGGTAGGTGTACGGACCGAGAGGTCTTTAGCCGAGCCATACTAATCGTCCAATGCTTCCACCATCCAGATGTAAAACTCTGTCGATGGTCGAGCAAGTGCTACATTACGTAGCGCGTAGCAAGTGTTTTCCTACTGCCTTGCACGTATCACTTTTGAATCCGCAGTTTGAGTCATCGATTTTGTT
CP064964.1_gap16	965017	966404	1387	CGCGTTTTGCCGTCTGGTTTTCAACGCTCGTTGTCGTGTTGCTTGGTTGGCTTGGGCTTATCATCGCGATACGGCGTAAGAAATACGAGGCGGTGCTCGTCGTGATTCTCGTCCTCGTTTACAGCTTGATGCACAGCCTGTTTGCCGGATATACCAAGTACCGCATGCCGCTCGACCATTTATTGGCACCGTTTGCCGCCTATGTAATCGTTCTCTTGTATGAAGCTCGTCTACGTCGCAAATAGCCGATTTCCTTCGGAAAAGGCGCAGAGCGATCAGGTGATGGCGATGTGCCGTTCTTTTGCGTTGCTTGGACATGAGGTGACGTTGCTTGTTCCTGATCGTAAGCCGGTGCAGCATGAGGACCCGTTTATTTATTATGGCGTCGAGCCTTCATTTTCTTTTAAGCGCCTTCCTTGCATCGATGGTATCCGTTGGATGTGGCTTGGACGTATCGGTCTTTGGATTCAGACATCGACGTTTCTTTGGTCGCTACGCAAAGAATTGCGCCGCTTGAAGCCGGATGTCGTGTTTAGTCGAGAGCTGTATGTGTTTGGTGTTCCAGGGATTCCGGGGAAACGTGTCTGGGAATCACATGCACTGCATCATTCTTGGTGGGCTACGAAGATCGCGAAGAGTTTGGACACGATTGTGACGTTGACGAAGGCGAGTAAAGATCGTTTGGTGGAGTCTGGCGTTGATGCCGCGCGTATCGCTGTTGAGTCGGATGCTGTTGATCCCAAGATGTTTGAACGGAAATATGATCGTTCGGAAGTTCGTCGAGAGCTGGGTATCGATGCAGATACGTATGTTTGTCTTTACACAGGCAAATTTACGACGATGAACATGTCCAAAGGTTTGGATGAGTCGATTGAGGCGATCGACCGGCTTGCGAAGAAGGGAAAAAAGATTCTCTTGCTTGCCGTTGGAGGAACGCCGCAAGAATTGGAACGCTATTCCGTGAAAGCGGATACGAGTGTGCGGTTATTGGGGCACCAGCCGCAGGCGACGCTAGGAAAGTTTTACGCGGCTGCAGACCTCTTGTTGATGCCGTTTCCGTATACGGAGCATTACGCCTATTACATGTCGCCGCTTAAATTGTTTGAGTATCTCATGAGTGGCGTGCCGATGGTGGCGACGGATTTGCCGAGCGTGCGCGAGATTGTCTCGGAGGCGAGTGCGTTTATTGCCAAGCCTGGCGATATCGATTCATTGGAAACGGAGATCCAAAAAGCGATCGACAGACCGGACGAGGCTAGACAAAAGGCGCTTGAAGCAAAGCGGATTTCAGCCCACTATACTTGGATTGAGCGTGCCAAACGCATTTGCGCTATCTTATGGCCATGATTTCATTCATTTTTCCGGCTTATAATGAGGCCGAGAATTT
CP064964.1_gap17	1073319	1074320	1001	CGAGAATCAGGAGTTCTGGCTTGCGCAAGACGGCACGCATGAAAGCGATGAGCTGCTTTTGACCCAAGCTGATGGAGTCGGCGCCGGAGACGGGCGTGTCGACGCCTTTTTCAAAGCGGGCGAGGAGACGCTCAAGGCCCATCGAGTTGATCGTGTCGATTTTTCTTGGTGGCTTGCTGCGGCAAAATCAGGATTGGCGTAGAAGATGTTTTCCAGGACGGTGCCCGTGAACAAGAATGGTTCTTGCAAGATGAAGCCGATTTTTTGGTGCGATCGCTTTCAGGGTAGGAGCGCAGATCGCGGCCATCGAGCAGGATGGTGCCGGAGGTTGGATCGTAGAGACGCGCCATGAGCGAGGCAGTTGTGGTTTTGCCGCCGCCTGTCGGACCGACGAGTGCGTAGGTTTTGCCGCGTTCCAAATCGATGTTGATGTTGCGCAAGACATCCGGACGCTCTGGATAGCCAAAGTGTACGCCTTGGAATTGTACAAGGGCTGGATTGGCGGCCTTTTCGCCTTCAATCGTCGGCAAGTCCATTGTTTCATCCATGATTTCGAGACGCGATCCCAGGCGGCTAATGCGAGCTGGAAGGAGTTCCAGAGCATGGCGATTTGGCGGAGCGGACCGTAGAAGCGCTCGACATAGATCAAGAAACTCAAGAGTAAGCCAAGCGTAAGGCTTTGTTGGGAGACGAGCAGGATGCCGTAGCCGAGAACGATCAGAATCGCCAAGTTGGAGAAAAGATCGTAAATCGGGGAGTAGAGGGCGCTGGCGATGCCGGCGCGTGTTGCTGCTTTGAAGTTGATTTTGTTGGCGATGGCAAAGCGGTCGCGGAAGAAGTCGCGGCGATCAAATGCGACAACGACTTTAAAGTGTTCCAAGCTTTCTTGAATTTCTGCGCTCAAACCGCCGGTTGCACGCAAACTTTCTGCATTGCGCTTTTAACCCAGCCGGAAGTGGCTTGCGTAAAGAGATAGAGTGCTCCGGCCGGGACTAGCGCGG
CP064964.1_gap18	1079830	1082254	2424	TTCAATATGACATTCTCCAATCTTCACTTTTCGCTCAGGTAAAAAATCGCCTAAGATTTTTGCGTAGACGATATATTTTGTTTTTTTTCGCTGCTCACTCATAGAATTTTTTCACTTCATCCGTTATCGCAACAACCATATCTCGATCCAGCTTTTCGCATGTCCAGCAGACCGGCATCGCATGGTTCTGATCCTTCTATATTTTGGATCCCAGAAGCGATTCATGTATTACTTTTTCGATCTCTATATTTCTGGACCAAGAATCCAATGAAGGTTCCGATCACATAATACCCAAGAAACAAGATCAGTGTCCTGAAGACAAAAGAATATCTCAACCGTATTGCGACAATTTGCTTCCCGGTGTCATTACTTGTTTTTCACAACCGTTTTCTTCGGTCCAATAGGTGCAGACCGGAACGGTGTTGGGACAATATGGTTCCGTGTTAACCATGAATCCGTTCAGTAGAGAATAGCTATGGCCAGTAATGAAAGAAAGATAGATCGTTCCGTTAGTTAAAACGGGACTCAGACCGACGCGTGGCGCCGATATAAGAACGATCAAGAAAAACACATAGAGGCTGGCGCATGCCGCTAGCCCCGCGAGTCCGCCTTTGAGCCAAAGTGATCCCGACTTTTTCATCTTATTTCTTCCAAAGCTCCACCACTGGCTTGAATCCACCAACAGCCATACGTTTTTCATCAAATGGCATGACCATCTTTTCTTTAGGATGCTTTTCAATCCAGTCGTTCATTTCTTTCATGACCTTTTTATTTACTTGATCGCGATGCTTGCGCGACTTGTAGATGATAAAGGAATACCAGATTGTTTCACTTGGCTTGGGTTTGACGAGCTGCATGAAGGTCGTTGGCTTTTGTCCACCCATGCTTGGGTTCATGTCATCGCCGATACATTCAACGTAGGCGACGGCGCCATGTTTCATCCAGGATTTACCACCTTCTTGGGCCATCTTGCGATACGCGGCAATATTCTTCTTTGGAACCATGAGTACGAAACCGTCGATGTAGGACATAGGTTTAAGGATGATGATTAACTCTTCTTTTATCCAAGCGGTCGAGGCGGAGAATTCTAACGGCGGCGTAAATCACGAGGGCGATGACGAGGAAGTCGACAAAAGCCATGATGAACTCGCCGTAGAGGATCGAGGCACTGCCAATCGTCCAAGTGGCTGTTTTGAGACCGGCTGCTTTGCCCAGAGCCAGGCCGATAAGCGGGTTCAGTATATTCGTTACCAATGAGGAGACGAATTTTGAGATAGCTCCGCCGAGAATAAAGCCCACCGCCAAACCGACAACGCCTTGCTCGCGGATGAATTCCAAGAATCCATTCATGGGAGAGATTTTTTCCATAGTGCTATCAGTATAGCGTTATGTTTTCAAAAATCTTCTTTTTCCTGCTTGCTCCAACGTTTGATTTTGCCTCACGTTTACGTGCGGCTGATTCTGTTTTTGACGGCCGGCTCCAAGCGAGTGTGACAGGTCGATGGCTGCGCGTGTATGCCGCGCCTTTGCCGGCATTATTGCTTGAGAACGCGCTCGGCAACATTGGTCGAGATTCCCGTGTAGAGGCTGCTGTCACTGCAGCGCAGGATGTAGACGTGCCAGCGCTTCATAATTATTGGGGCGGCAGAGCTCCGGTGCAACGCCAGTTGATGCTGGCTGTTTCTGTCTGTTCATTGACGACGCACGCAGGGAAACAGCCGGGCTGAGTTGCATTCAAGTTTGCATCGAACCACCACGTTTTCGAATTTGGATTGTAAGTACCTTTTCCGATGGCGCCGCCTCCTTTAATACACGTGTTCTCCGCAATTTGTCTTGCATCTGTTTCCGACATGACGCTTTTTGGTATTGGATTTGTTATGGGAGCTGTCTCCGGTTGTAGATTCAAGCTCGTGATTGTCAACTGGAGGACGGTAGCGAAAATCACCCAAAGTAAATAGGGGATATTGATGAGAGCGATCCATCGCTGATGGGGATAGATTGATATGAGCGCCCAAATGAGCGTCGCAAGCACCAGTAGTATATCGAGAGCTGCGAGTAGGTTGTTCTGTAATCCAAACTGCAGTGGAGTAAAGATTGCATTGAAGCAAAGATTGAGGAGAAATGGCCAAATAATGTTGATCGGAAGCCGTTTTTTCGCTGCGAGATAAAAGACGTAACCAAACGAGATGGCGATGACGATATAAAGGACGGTCCAAACCGGTCCAAAAAGATATGAGGGAGGTGCCCAACTCGGTTTTATAAGGGTTTGATACCAAAGGTAGGTGTCCATAGAGCTATTCTTGCACGATCTGACTTATTCCGCTAAGATTCTGCCGCAATGAATGTCCGGAGGGGTCGCATAGTGGCCTAGTGCACTTGCTTGGAAAGCAAGCATACCGCAAGGTATCGAGAGTTCGAATCTCT
