gap_id	start	end	length	sequence
CP065014.1_gap1	64014	66347	2333	ATGTTTTTAAAATTAAAGGGTATTAATGTTACTTGATAAATTGGAATAAAATTTATTTTAAAAAAATCAGAAATTAAACTTGAATACAGATATATATTTTTACAAGAATTGAATTATGTTTTTCTAAAAATCCACCAATTATTCCCAATTTCTTCAAGGCAATAATATTCTTCAGGTAGAATAAATGGAAGAAAACCTTTTGGTGAGTATAAAAAACCAGCTATATTTTCATCTCTACCACCAGTTACAAATTGGATTGCATCTTGCTTTTTAAAAATTTTATTAAATCCATAAATTCTCAAATCTCGTAAAATTGATACAATATTTTTAAGTTCTTGATAATCTAATTTGTACTTTTTTGCTTTGCTTTGAAGAGTATCAAATCCCTGCTTTTTTATTCTTTCAGTTGATCTAAGATGAGTTTGAAATTTTTTCTGTGCTTTTTTATCTAATCTGGAATTCATCCATTCAATTGCATCATTTGGCATATCTTCACTAGCATCTTGCCAATCAATTTGTGAACGATTTAACAATACAATCCTATCATCATTTCTAACTAAAGCATTTAAAGAATCATTGCCACTAATTTTTTCTCCTAAGAATTTAAATTTTTCTTGATTCGAATCAAAAATATCTTTTAATTGTTTGTTAGATAATAATGTACCAGATCTTTCACGAACTATAAGCGGTTTTACCATAGGAGGAATTGAAGTATCTTGCTCCATTACTTTCAACATACTATAAAGCTTGATATTTTCAGTTTGAGTTCTAACTTCGCAAATTCTCCATTCATTTTTTTCATTTTTAATACAATAGAAATACCAATCCAAATCAAACCAACCAAAATTCAACATTGAATCAACTGGAGAGGTAGTTTTAATTAATGCTAATGAATCAATAGAAGAAACAGAACAGATGTAATTAATTCCAAATGGATATCCAGGAGGTTGTTTTACCATTCGGCTATCTTCTTTCAAAATTTGTTTAAGAAGTCTACCAGTTGTAAATTTAGATATAGTTTCTGAAGTTGAAACTGTATCATTAATAGATAAGTAATTATTTATTAAATTAAAAAGCTCAATAGAATCTTTTGGGTTTGTAAATGATTTTGATCTACTATGAGCTGGTGTTTGAGCATTGACTATTAAAGTTGTTAAGAAATAAACAACGATTAACAAAGTAACTAGAAAAATTTTACGATTTAAATTTTTAAGCATTTTATAATATTTAAAGTTTATCACTTTTTTACAAAATCTAAATTATATTTTTGAAAGAATAATATGATTAAAATATCTCCAAAAAAATCTTTAGGTCAGCATTTTCTTACAGATAAAAATATCTCACAAAAAATAATAGTTGACTTTGATCCAAAACCAAATGAATATGTAATTGAAATAGGACCAGGCGAAGGATCGCTGACTGGTCTTTTAATAGATTCTGGCTGCAAACTTACGGCAATTGAAATAGATAATCGTGCAGCAGAGTTAATTCGTAAACTTTATGACGAAAAAGTTACGGTTTTAGAACAAGATATTTTGAAAACTGATTTCATAATGTTAACAAAACACTTAAACTGTGAAAAAGTTAGGGTTATTGGTAATATTCCTTACTATATCACTTCAGGAATTATATTCCATATAATTGAATATAGGCAATTTATTACTGACGCAATGTTGATGATGCAAAAAGAAGTTGCAAAAAGGCTTATAGCAAAACCTCGTACAAAAGAATATGGATCAATGTCTATTGCAGTTCAAACTTATTTTAATGTGAAGATATTGTTTCATGTAGGACCAAACTCATTTTTTCCTGCTCCTAAAGTTACATCATCAATTGTTAAATTTACAGTAAAAAAAGAGACTGGGATAGAGGGGTTAGAATCATTGTATGAGAAAATTGTTCAATCTGGATTTAATCAACGTAGAAAGACGCTTAGGAACTCTTTGAATGGTGCAATCCCAGATTTAAAAGTAAGGTTAAAAGCTTTAGATATGGCTTGTATTAAGGAAAATCAAAGGGCTGAAGAACTATCAGTTGTTGATTTTATAAGGTTAACAAAAATCGTAAATGAATTAATTGGAAAATAAGAAAATGATTGTAAAAAAAAAATCTAATAAATTTCTTTCTTTGATTAAAACTTCCTTTTATAGTCATGATTATATGTGCTTTGGAATTGTTTCAATTTATACAATACTAGATTTAATTTTTTTTAAACAAATTAATAACTCGCTAATTGTATTAATTCTCAATTTATTAATACTTATTTCAATAATTCTAATTGCAATTAAACACAACGAATTAAATTCTAAATTAACTTACTTTCTGCATTCATT
CP065014.1_gap2	67575	71628	4053	TCCAATTTATAATGTAATTGAAAATTTGAATGATTCAATATAATTATTTGTATAAAAAGTTTCTTTACATGTTAGAATAATTTAGATTTTACCTTCCCTTCACTTGGGCTAGATGCTTTTGCATAAAACTTTGTAGGGATGCGTCCAGCAATATAAGCTGATCTTCCAGCTATAACAGCATGTTTCATTGCTTTAGCCATAACAACTGGGTGATGAGCCCCAGATACAGCGGAGTTAAGAAGTACAGCATCTGCACCAATCTCCATTGCTTTAGTAGCATCTGATGCAGTTCCAATTCCAGCATCAATAACAACTGGAATTGATATTTTTTCTCTAATTATTTGAAGATTATAAGGATTTGATAATCCCATTCCAGAGCCAATAGGTGAGGCTAAAGGCATTACAGCAACGCAACCTAAATCTTGTAGTTTCAAACAAGTTACAACATCATCACTACAATAAGGTAGAACCTTGAACCCATCTTTAACCAATTCAGTACATGCTTTTAACAAATGTTCTACATCTGGATAAAGAGTATCTTCATCACCAATAACTTCAACTTTTATAAAATTTGTTTCAAGGGCTTCACGAGCAAGTTGTGCAGTAAAAATAGCTTCTTTTGCTGTATAACATCCTGCAGTGTTAGGTAATAATTTATATTTTGTACGATCAATATAATCTAATATTGATGTTGCAGATTTATCAGTTAAATTCATTCTTCTTATTGAAACTGTAATTAAATCAACATCTGCTTCAATTAATGAATCAACCATTATCTTAGGATTTGGAAATCTACTTGTACCTAAAATTAGTCTTGAGGAAAACAATTCACCTCCAATAAAAAAATTATCTTTTTTAGAAATATGCAAATTACAATTATTGGTTTAAAATTCCGCTAAAGCCAGTAATAAAGATTATGAATATTAAAAATACTGCTAAAAATGCAATAACAACAGATGACACAATCATGATACCTTGATATTTATAGTATTTCCTTAAGTTATCGAATGCATTTTCAAGCTCGTTAGGATTTCTTAAAATTATATAATTTTGTATATTATTAGAAAATTTCAATAAAGGAGAAAAGAGCAAATACATAAACAATAAAGTTAATAGCATTACAAACCCTAAAACACAAAAAATTATTAAGGTCTCTGTATGTCCGAGAAATCCACTAAAATAATTGAAAGCAAATCCTGCTAAAATTATAGTTAATATGTAAAATATCCCTACACCTAAGATTATATATGAATATATCTTTGACCATTTTGAAGCAATACCTAAATCAATAGTTGAGTTTTCATTAATTGATAACCCATTCAATTGATTGTTCAAATTAATTTTTGAAATATCCTCCATTAAGATTTAATATATTTATTAATAATTTGAGTATATGTAAAAATTTTCTCACTGCTATTTTTTAAATCCTGTAATTTATCGGAATTAAAAGAAAGAAATACAATCAAACCAATGATGAAGATAATAGATAACCCAATTCCAACTAGAGCTGTAATTCCTTTAAGTCTAAAACTTTTAGCTAAGTTATTAATTGCTAAAGAAAAGAACTGATTACTAGATGATTTGATTGCTTTTTGAGAATAATCTGAAAACTTATATTCATACATTGATTGATAAATCCCCACTGCACCAATTCCAGCATACAAAATTCCACCTAACAAAGCAAATACTGCTAAAGTTATTGGGCTTACACTACCCCCTAATATTTCTTGAAATTCGTTCATTGAAGATCCGCCTAATAACAATCCTATTCCACCAATGATATATTGCAAAGCACCAAGCATTGAAAATCCAGCTGAGATAAAGCCAATTATAGATAAAAATAAAACCCATTTTCTTGCCTCTTCTAAATAATTTAGACTAAGTATTGTTAATGGAATTTCATTTGAATCCGAATCTAAAAGATTTGTAGAATTTGTTTCTAGCATATTATATTTTATATAAATTACTAAATTAAGGAATTGATAGTAGATTTTATTTAAAGTAAAGAAAATAATTATTTCTAAAACTTGTTATTAAAAAAATGTAATTTTAATAAAAAGAATTTGATTATAAAAAAAAAGTCATGTATTATACATGACTTTTAATAAACTATTTGAACTTAATTTTTAATATACTCGTAATGATCTTGTAAATCTTTTCTTAAAGCAATTACAGCATATCTTTTTCTTGCTAAGAGAGTGTTAATATTCTCACCCGTTTCATCAGCCATTTCTCTAAATGTTCTACCTTCAAGTTCGTTTTTTTCAAAAGCATATCTTTGTTCATCAGGCAATTTATGAAGTGCTTTTTCTAAATCTAATCTTATTGCTTGTCTAGTATAGCTTCTTTCAGGATTAAAAGAATTATCAATTAATAAACTATCAAAAAATACTTCTGAGTCTTCATCTTTAACTAAATCACTGAAACTTGTAGTTTTTTTCTTTCTGTACCAATCAATAATTTTATTTTTTACAGATGCAAATACCCAAGCACCAATGTTTTCTATTTTATTGTTGGTATCTTTTGCTGCAAGCACATTTGTTAAAACATCTTGCAAAATATCTTCAGCATCTTCTTTGGAACGTACTCTTTCACGTATGAAACTTAACAATTTACTTCTATCCTTACGAAACAAATTCTCTATTTGAAGTGTTATGTCCATTTTATTATTTTTTGCTTAAACGGTGATTGAATTTGATTGAAAAATAAATTTAACTTTGAATTGTGAGACACAATTTTTGTGCCATGTAACTTTAATTTCTAAAATAAAATTGAATGTAAGACAATATGACATTTAACCAAAATATCGATTGATAATGTCAGGTTGTCAAGACAAAATTACCTAATTAATTAGACTTCTAGAAATTACAATCTTTTGAATCTCAGATGTACCTTCTCCTATAGTTAACAACTTTGCATCTCTATAATATTTTTCAACAGGATATTCTTTTATGTAGCCATATCCTCCATGTATTTGGAGTGCTTCTGTAGCACACTTGCAAGCTGTTTCACTTGCAAAATACTTTGCTTTTGCAGCAGAAATAGCGTAATCTTGTCCATTATCTCTCATATAAGCAGCTTGATAAGTCAACAATCTAGAAGCTTCAATATCAGTTGCCATTGAAGCAAGTTTAAACTGAATGCCTTGGTTTTCAATAATGGCTTTGCCAAACTGTCTTCTTTCTTTTGCATATTTTAATGCTGCTTCAAAAGCACCTTGAGCCAAACCAACCGATAAGGCTGCAATTGAAATTCTTCCTCCATCTAAAATTTGTAATGCTTGTTTAAATCCTTCTCCAACATTTCCTATTAAGTTATTTAATGGAACTCGAACATCTTCAAGCACTAAAGAGGATGTATCTGAGCACCTCATACCCAATTTATTTTCTTTCTTAGTAGCATAAAAACCTTTCATACTTTTATCAACAACGAATGCTGAGATTCCATTTGCTTTTTTTTCTTTATCAGTAACTGCCATAATCACCGCTACATTTCCAACTGATCCATGAGTTATAAAGTTTTTAGAGCCATTAATAACCCACTCATTTCCATCTTGAATTGCAAAAGTAAGAGTACCACCAGCATCAGAACCACTGCCAGGCTCTGTTAATCCCCATGCTCCCATAGTTTCACCTTTTGAAAGCATTGGAACATACTTTTGTCTTAGCTCTTCACTTCCAAATCGATTAATATGACCAGTACATAATCCATTATGTGCAGCTACACCTAATCCTATAGATGGGTCAACTCTTCCAATCTCCTCAACTATTATAGCATATTCCATGTATCCTAATCCTGATCCACCAAGTTCTGGTTGTACAGTTATTCCTAAGAATCCGAGTTCAGCCATTTTTTTAAATATCTGAGTTGGAAATTCTTGAGATTCATCAAATTCCATAACAAATGGTTTAATCTCAGATTCTGCAAAATCACGAGCCATTTGTTTAATTGAATTTTGCTCTTCATTAAGTGAAGTGCTATATATTTCTGTTGAAAAATCGTTCACTAATTTGTATTAATAATTTTTCACAAAATTAACATTATAATATAATG
CP065014.1_gap3	74482	75442	960	TTGAGTTTTTTCTTGAGAAATAAATTTTTCAATATAATTCTTGATTCCAATAATTGAACCTACTGATATTCTTGAAAAATAAACTTCCGCAACAAAATCATTAATTAATGAATATTTTCTAGGAGAATATATTCCAACACTTCCTTGACTAATAACAGTTTTACCCTTAATGCATCCATAAAGGTAATCACATGTTGTTGCTCCAAATTCTAAAGTTTGGTATGAGATGCTCGGGACATAATTATGTTCTTCATAAAAAGTTCTAAGATCTAAATCTTTAATATATTGAGGAGTTAAAGGTTCACCACAGCTAGCAATTAATACATATTTCAAAGGGGTTTTCCAATTTTCATAAGCATATTCTGTAAATCTTTGAATTGCTTCAGGAGAGACTACCCCCCCATTAAACTCATCATAAATATCAGTTGCTCTAACAACATTAACATTGAATTTTTGATTAGTTTTTTTATAGTCAGCAAATATATTTAAAGGATGATTTGGATTATTGATATTAATATAATCTGATGTAGAGTCATCTACAATAATTACATAATTAAAATCATTTTCTGAATTCTTAAGATACCTAGAAGTATCTTTTTGCATTATAGGTTTCGGAATTGATTTTTCAGTAATTGCATAAAATTGTTCTTTATCAGTTGAAGAATAAGCTTGAAAATATGCTTCAAATGTGTTTGCTGATGTATCAGATAAAGTAGGTTCATTTCGAATAGACAAATTTATTAACCTAGAAATACCTTTTCTATAAATTCTAATATCTGGTTTAGTAAATTTTCTAATAGTGAAATTATAATACTTTGATCCACTCTCCCTAGGTGTTGTAAAAGTTAAAGAGTCATGCCAAGCATAGTACTTCCTTTGATAACCAATATCAAACCAATTGAGATAAAAAGCTTCAATAGAAGCTGTGTCGATAGGTTGATTAACTATTCCAATTCTGCT
CP065014.1_gap4	230666	231523	857	GCTGAAGGAACATTGGTAATTACTGATATTAGTGGTAAAAAGTGGAGATATTATTTTCATTTTCAACAGACAAATTTAAAATTAGAGAGTGATTCTATTAGGCATTTGCCTAATGATTCGTATTACTATTTTACACTTACAAACTTATCTGATAAAACTATTTTTGTTCAATCTCTTAAATTTTCATTTGGGGATAATGTAAATCTATTATCACTTTCACAATCAATTCCTGTCTTTCTAAAAAGAAATGAAAAAGTAAATATAATTGCTCGTCAGATAAGTATTAATGACTCTGTTTCAGATACTATTTTAATTGAATTGAATTGTAGAATTAAAAAATTCCCTTTCTTCTTTAAAGGGAAAGCTGCTAAGCCAGACCCTTACTTAACTCATATAGATTGGGGTGACAAATGGATTTCAAATGAGGTTAAATGTACTAAGAATATTATTAAACAATATGATACTACAATTTATATTGTCAATAATGGAGAAAGAGCATTTAATATAAGTAAAGTATTCCTTGAAGGACTAGATTACGAAATGGGTGTTTTTAAAATAGATACAACAAAACTTTTAAATTCAACAGATACAATATTTGGAATTAGTTCAAAGTATAATTTTCTTCCCGTACATCTAATTTTTAAACCAATATCTGAAAAAGAATATTATTGCAATTTGGTTTTGGTTCTTAAGAATGGTGACACTATCAAAACCCAAATTCTTGGAGAAGGAACTGAATCTCATTTAATTGTTGACAAAACAAATATTGGAGTATTAATATTCAAAGGTCCTAAGCTTACTGAAATTAATCAAGATGTACTTTTGATTGCTCGTAAAACACGTAACACTACTATAAC
CP065014.1_gap5	235063	238036	2973	TGGCTCTTTAAATTGAGCAATCCAAACAGAATCATTAAATTCAGGATTGTCACTTTTAATTATATTGCTTGTTGAGTTATAAACTTTTCCATTGAAAAATTTATATACAGCTTGGGGTGAGAACACCTGACCAAAGCCACGAAACTCAGTTCCGCTACCAAAATTTAAAGGTACTCGCATATCATTTCTATTTGTATCACGTCCGGTTTCATCAATTCTTCTTAAAATACTACTCTGCCATACATAATCTTGGGCTTCAGCTATTTTTGAAATGCCAGTAGTTGAAACAGTTGGAGTAAATTTTGAATAATCAATTTTTGAATCAGATATTTTTTGAGGTTCTATACTTTGCTGAGCTATACTTAAAGAAAAAGTAGCAAACAACATAGTCACGTAAATAAGAATTCGTTTCATCATTAATTTTTTAAAGTAATTTATAATTTTTAAGTTTTTGAGATTTATAATAAAGTAAGATTGTAAAATTATGAAAATAGTTTGTAATTAATTTTAAAATTATTTTATAAATCAATACATAGATATAATTGACACAAAAGTTAAATTTTTGTTACAACTCAATATCAATAATTATTGATTAAATTTAAAATCAATTTTTAAATGTTATTTTTAATGGAACTAATTTTGATAATGGTTTAAATTGATTTTAATATTCATACCATATATTTAATCATATATCTTAATTTTGCGAAATATTTTTCTCTTTATAATTTATTTTTCTCTTTAATATTTAATTGTATAAATCAGTTTGTGTAGATTAATTGCATATGCAGGCAAGCCGGTTCTTGCGAGCGATTTGCTCTACAAACCACAACATTCCTTAATGCAGAGACAAGCAATTCGTGCTGAAGAAATGTCTACTCCTATCAATGGTGATGGATGTGGAGTTTCTTGGTATGATTTTAGAATTGATTCAGAGCCTGGTCAGTTTCGTTCTATTCATCCGTCTTGGTCGAATACTAATTTAAGATTATTATGCCAAAAAATTAAAACATCATTATTGTTTGCTCACGTTAGAGCAGCTTCACCTGGAGCTATAATAGATCAATTAAACTGCCATCCATTTGTATATGGTCAGCTTTCTTGGATGCATAATGGTATGGTTGGTGGTTTCAAATCTATTAGGAGATCTTTGCTAAGTGGACTTAATGATGAAAGTTATGAGGTAATCCGGGGTTCAACAGATAGTGAATATATGTTTGGATTGTTTCTTAATAAACTCAAAAATCCTAAAGGTGATGTTTCAACTGATGAAATGATAATTGCATTGAGCGATATGTATAATGATTTGAAAAAATTGTTGCTAGAGAAAAAAATTGAAGAACATTCTTACATTAATATATGTGTAACTAATGGCAAATCAATAATTGCTACTAGATATACAACAAATCCGAGAGTTCAACCTGCCTCCCTCTATTATGTTTATGGTAAAGAGTATATTGTAGATGAAAACGAAAAATCATATATGATTCCAGATACAGGGAAAGCTGGCTCGGTTATTATTGCAAGCGAACCATTTACAGAAAATAAATCTGATTGGATGAGAGTTGAAAGAAATTCAATGATGATTGTTGATGAAAATTTAAATATTAGTTTTAAACAACTGAACTAAATTTCAACAATTTATTTGATGTAAAGAATAAAACTAACAATTTAGTTTGTTGTAGTTCTCATTTTCGAAATTAATAATGATACAAGACTAATTTTTATATTATGGACTTTTATATAGTAACAATAATTATTCTACCGCTTATTGGATTTGCTATTAATGGCATTTTTGGTAAGAAGATAAATAATGAAAAGATTTCAGGAATTATTGGTACGAGTACAGTAGGCATCGGTTTCATTATTTCAGTTAGTTTACTTTTCAATATGATCAGTTTGCCAGTTGAAAAAAGGAGTATTATGGTGCATGTTGCAGATTGGATTTCAGCAGGGAAATTCAATGTAGGTTTGAATTACCAATTAGACCAATTATCAATTGTTTTCCTTTTAGTAATTACTGGTGTTGGTACTCTAATCCATATTTATTCAATTGGATACATGCATGGAGATAAAGGATTTGCAAGATTTTTTGCTTACCTAAATTTATTTATTTTCATGATGCTCAATCTAGTTTTAGCTGATAACTTAGCTGTAACTTTTTTGGGTTGGGAAGGTGTTGGATTGTGTTCGTTTTTATTGATAGGGTTTTGGTATGATCAGAAGTTTGAAGGAGTAGGTATTAAAACAACTGGAGACGCTGCAAAAAAAGCATTTATTGTAAATAGAATTGGAGATTTGGGAATGCTGATTGCAATGTTTATTTTATATAATGAATTTGGAACTTTAAAATATCAAGAGTTAATTACAATTGTTTCAAATGGTGGTTTCTCACCAGGGCAAAGTAGTGCTTTAACTTATGCAACATTGTCTTTATTATTAGGAGCATGCGGGAAATCTGCACAAATCCCATTAGGAGTATGGCTCCCTGATGCAATGGCTGGTCCTACACCTGTTTCAGCACTTATTCATGCAGCTACAATGGTAACCTCTGGAATATTCTTAGTTTCTAGAACATCAGTACTTTTTGCTTTATCACCATTTACAATGTCTGTAATGACTGGAATTGCAATAACAACTGCATTGATTGCTGCAACTATAGGTTTAGTACAAAATGATATTAAAAAAGTATTAGCTTATTCAACTGTCTCTCAACTAGGATTTATGTTTGTTGCTTTAGGAGTTGGCTCATTTTCTGCAGCAGTTTTTCATGTTCTAACCCATGCATTTTTTAAAGCTCTTTTATTCTTGGGAAGTGGTTCTGTTATTCATGGAATGCACCACGAACAGGATATGAGAAAAATGGGTGGTTTGAAAAAATATATGCCTCAAACTTATAAAACTTACTTAATAGGCGCTATTGCAATAGCTGGAATACCCCCTCTTTCTGGATTTTTTTCTAAAGATGAAATTTTA
CP065014.1_gap6	242680	245483	2803	TATAAGTGGTGCGCCAAATTTCTTCTCAATAACTACGTTACGTCCTTTAGGACCTAAAGTTACTTTTACTGCGTTAGCTAATTGATCAACTCCACGCTTCATTGCTGCACGTGCGTCAGTATCAAATGTTATTATTTTAGATGCCATTTTATTTTGTTAAATTAATTTTTAAAGTTTTGAAAATGAAAAGCTGTTTTTAGCTGTTGATTTTATTAAATTTATATTGAATAAATTGTTATATAAATTCAATATCTTACTTGATATTTGATAGAATGCAGTTTTCAAAGTTTTTATTAACCAATAATTGCAAATACATCGCTTTCACGCATAATTAGGTAATCTGAACCTTCAACTGAAATTTCTGTTCCGGAATATTTTCCATAAAGTACGGTATCTCCAGCTTTAACTACTAAAGGTGTAACTTTACCTTCGTCGTTAACTTTACCAGTTCCAATAGCAACAACTTCACCACGTTGTGGCTTTTCTTTTGCTGTATCTGGAATAATAAGACCTGAGGAAGTCATCTCTTCAGCTGGTGCTGGCTTGATAATAATTCTGTCGTGAAGTGGTTTTAAATTCATTTTTGTAATTAAATATAGTTAAAGTAAAATTTATAAGTTTGTTTGGAGCTAAAACGATTCAGTTTAAAAATTATTGGCACTCTTTAAATTAGAGTGCTAATTTTTTTGAGGCACGAATATACAAAAAATAATAAATATTAAAAAAAGGAATTGAGAATTTATGTTTAATTGAGTAATTTAAATCCAGAAATTGATATAAAAGTGCTTTCTTGAATTGAAAATTTTTTAAATAATAAGATGATTCATATTAGAAATAAATCTAAATATGATTAAATTGATAATAATTATTTAAAAGTGAGCTAATAGAAGTTAAATTGAATAATAAATTATAAAAAAAATTGAATTATTAAATTATTCAAAAGTTAAGGTTGATTTAAAATACTTTAAACATAAATAAAAGTTTGGAAGTTAAAACTCAATAAATTAACTTATTTTTGCACATAATATGTATTCAGTTTCAAGAAAAATATTGGTGGGTATATTTGTTATTTGGGCTTGCTCATTTTTTCAAATAGGTGTAATAATAAATTATTATACAAGTTTAATACCTTTAAAAGTTTTTCCAAGTTTTGAACTTTGGAGGCTAGTTACTTTCCCATTAAAGTTTGAAGTATTTGGTTTTTTTATAGGCATAATTTGTTTTTCATTACCATCTGAAGAGCTTGAAGTTTTTCTTGGTAAAAAGAGATTTACTCTCCTTATAATTTCCATTACTCTTATTACTGCAATGCTAAATATGATACTCTTTTACAGGAGTAGTAATATGTTTGGAGCATTAGGAAATGTATCTATGTTCGTACTTGTAGGCTTTGTTTACTTATTCCCAAACAGCGAACTTCGTTTTTTTGTGTTCAGTTTTAAGAGTAAATTTCTTTTATATTTTGCAACAGGAATTGTTGTAATCATATCTGCTTATCTAGCCATTTACGATAAATTAATTCTACCATTCCTTGCTGAAAGTATATATGGGATTATTCTTGGTGGAGTCTATTTCCATGTTAGATATCAGAAGTATTCTCTTTTCTTAGGTCCAATCAGAAAAGTTGAAGAATTTGTTGATGGCAATCACATAGATGTGTTGTCAAGCTTACCAGTGCTTAATAACAATGTACAAACAAAAGTTCAGAATGCAAGACCAAAACTTATTCAACATATATTTATACAAACAATTCAAACTAATGAGGAAATTTTGAACGAGTTGTTAGAAAAAATTCATGAACATGGAATTGATAACTTAACTAAAGAAGAGAAAAATTTCTTAAATGATTATTCAAAAAAAATATAATATAAATGTCTAAAATCGAATTTATAGATTCTGAAATAATTCCAAAATTAATTGAAAAATTTCCTGAAATAGAATTTCAAAAAATAATTTTTAGAGAAGAGACATCTATTACAATTCCCAAGGAAGGGTTGCATACAGTAATTTCTTTTTTAAAAAGTGAGTTGGGTTTTGATATATTAAAAGATATATACTGTGTTGATTGGTATAAAAAAAATCCAAGATTTGAGGTAGGTTATAATTTATTTTCTTTAAAAGATAATCTTAGGCTTAGAATCAAAACAACATGTACTGAAGATTCACCAAGAGTAGATTCAATTTGTAATTTATATACTGCAGCAAATTGGTATGAACGTGAAGCATTCGATATGCATGGAATATATTTTAGCCATCATCCAGATTTAAGGAGAATGTATATGCCAGATGATTTTAACAATCCTTCAACAGGAGAACCTTTGTATCCTTTAAGAAAAGATTTTCCAGTAATGGGAATTCCTGGTTCATTGCCTTTGCCACAACGTGATTGATTAATTAAAAATTAAGTTATGAATTGTTACTTAGAATCGTTATTTTTTATTTGATATGGAATGTATTACTAAAAATTCATAATCAAAATTTATAAAAGAATTTAGTCAAATAAAATAAAATATTATATAATTCAATTGAATTCAACTGCAACTCTTGAACGCGTTTATGGAGAAAGACAACGCAAAATTGTTAGTAAAATATTAGATAAAAATATAACATTTACTGAACATGATCCTTTAGATAATACAATGGTATTAAATATGGGACCTCAGCATCCTGCAACTCATGGGGTATTGAGAGTGTTGCTAAGGCTTGATGGTGAAAGAGTAGAAAAATGTATTCCAGAGTTAGGGTACTTACATCGTGGTTATGAAAAACTAGCTGAGAATATTACATATCATGAATTTATTCC
CP065014.1_gap7	249035	252847	3812	CTGCAACACCTCTAGATAACATACTGTATGGTGTTCTCTCTTGACCATAACTCCTCATAGTTTCCTCAATTCCAGGAATTTTTCTATCAATTAAAGGTAAGATAGTTTCAGGTGTAAGGTCTCGTGGGGATAGGCCAGTACCACCGGAAAAAATTATCAAATTTATTTTATCATCAACAAGACTTAGAGTTTTATTTTTAATAAGCTTAGGTTCATCTGGTATAATTGAATAATCTTTAATATTAATTTTTAATGATTCCAACATGCTTATAATTGCTTTGCCAGCAAAGTCAACTTTTTTACCAGTTGATATTGAATCTGAACATACAACCACTGCAGCATTTAAACCCATCATAAACTTTCCATTAAAATCAGTTTTACCACCTTTTTTCTCTAACAATTTAATTGAATTTATTTCAATACCTTTATCAATTGGTTTGAGCATATCATAAGCTGTTAAAGCAGCAATTGATGCTCCATGCATTGCTTCAACTTCAACACCAGTTTTATAAATAGTTTTAACCTCAACTTCAATAATTATCTCTAATAACTCAATCCAAAAATTAACAGAAGCAAATTCTATTGGTATTGGATGACAATCTGGGATTACATTGCTTGTATTTTTTATTGCAAGCAATGCTGCGGCTTTTCCTATTTCAAATACATCACCTTTAGGTACTAACTTATTTAATATAGTTTCTACAGTTGATTGACTACTTAGCCTTACAATTGCTTGAGCTTTAGCATAACGAAGTGTTTTAATTTTATTTATAATATCAACCATAAATCATTTCATTACTAGATTATTTTATTGTTTTCTACTTTAAATTTCTTTACTTATTTACTTTCCAAGAATGATTTTCATCATCAAATATTTCCTTACCCCAAACTTGCAAATTAGTTTTTATAAGCTCAACCATTTCAGCACAAGCTTCAGTAGCATGCTTCCTATGAGCTGATGAAGTGAATACAAATAAATTTATTTCACCAGCATAAATTTTTCCTAGACTGTGATAAACGTGCATACAAGTTAATTCATATTTCCCAAAAATAATTTCACGTAAATTATAGTACTCTTTTTCAGCCATTTCTTTAAATGCTGTAAAATCAATTGCTTGAACAATTCTCCCATTAATTTCATCACTTCTAATTTGACCTAAGAAAATTTGATGAGCTCCAATGTTCTTTTTAATACTATGTTTTGCTATAGATTCTGCTATGAAGTTTGGAGTAATTGCTCCATCAATAAATATTTTTTTTGATTTTTCTTCTGAAATTTTCATTTTGTAAATTAGATATTATTGAAAATACTAATTGAGTTAAAAACTTGGAAATTAATTTATTAATGTAGAAATTGCTTATGATTCTAAGAGTGAATAAAATACTTTATATAAAATTATATATTATTACATAAATATTTGTAATTAACTAATTAACTAAAAAAATGAAACATCTTAGATTTTTATTTATTACTTTGGTGCTCAAATATTTTTAGAGTTTCATCAATCAAGTCTGAGATTTTAATAAAATTATTTGCTAAGTTGGAGATAGTTCTTTCGATTTCTAATTTGTTATAATTAACCCATCCTTCCATTAATGTTAATGGACCGAAATTAACACTTACATTTTCCCATTCATGTTTGAAAGCATTGAATTTTGACCTAAAATTTGAAGCAAAATCTCTGCTTGAAATTGAATAACCTTTTAAATCCCTGAGTTTAAAAGCATGAATATTATAAAACAATTTATCATTGAGAAGAGTTTTGTTGCTAACCCAAACAGAAAAAAAAATTCTAGTATTAGCATTTAATGGATCACTAAAATTATTACCCCATTCTTTTTTATATAATTTCAAAAAAACGGAGTCCAAATAAATACCAACACTAAAATCTATTTCTAATTTTGTAAGTTCTGAACTGTTTAAAAGATTTGTAGAATTTTGAAAAACTTTTAAGAAATGATTAATGTTCATTTGATTAGAATTTATTAATTAAATTTTTGATTAATCATGAAATCTAAAAAATAGAATATTGATTTTTTTCAAACAATAAACTACGAGTATTATGTAGTTTAAAAAACATTTATTTATAATTGTCAATTTGCAAAGTATTTCAAATTTAATTTAGAGAAGTTTAATTAATAAAATGTATTAACAAAAATCAGTAAATAAGTTTTCGTATTGATTAGTCAATATAGTACATTCTAATTTCAAGAAATTTTATAACTTGAAATTTAAATTATAACAATTGTTATTCATAGAAATGAAATTTAAATTAAATTACCTAATCCATTATAATAATATAGTTTTGTTTGTATTATTAATACAGTTTTGTTATTCATGTACAAATAACACAAAGGTTTTAGATGCTCAATTACCTTGTGAAAATTTAGATTCGAAGTACTCAAGTTCTATTAAAGTAATAATTAATTCAACTTGTATGAATGCAAGGTGCCACGATGGTGCTGGAGTAGCCCCAACAAATTACGCAACTTATGAGGGGCTTATGGTTTCAGTTAATTTAGGAACTTTTAAGAACCGAGTTTTAGAGAAAAAAGATATGCCAGTAAATTTGTCATTATCTGATTTAGAGCTAAAAAAAATTAGCTGTTGGTTAGATGATGGTGCTAAAAATAATTAATATATGTTATCAAAAAAAATCAAAAAAAATGAATAAATTTGTTGTTCTACTTTCAGTAATCTTGACTCTAAATATATCTTTATATGGACAAGGTAAATGGATTCAAAAGGCTAATTTTCCAGGAGTTGCTACTCATGAGGGAGTAGGATTTACTATAAATGGGAAAGGTTACATTGTTGGTGGTACAATTAAATATCCAAATTGGACTAATGAAGTTTGGGAATACAACCCAAGCAATGATAGTTGGATTAAAAAATCTAATGCTCCAATTGATGGATTACGCGAGCCTGTGGCTTTTGTTATTGGAAACAAAGCATACATAGGGACAGGAATGAATGGAACTTCACTTATAAATGATTTTTGGGAATATGATCCAGCTATAGATAAGTGGACAGTAAAAACAAAATTTCCTGGAACCCCAAGAAGGGATGCAATTGGTTTTGCAATAGATAACAAAGGTTATATTGGATTAGGAAGTGATTCTAAAGTAAAAAATAATGATTTATACGAATATGATCCACAATTAGATAAATGGATAGTAAAAGCAAGTTTGCCTGCATCAATACGTGATGCTTCAATTGTGTTTACCTTAGGGAATAAAGCATATTTAACTACAGGGAGAAATGGATCATCGGTCTATAATGACTTATGGGAATATGATGCCATCAATAATAAATGGTCACAAAAATTAAATTATGCTGGAGTTGCAAGGTCTGAATCTGTTTCATTTGTAATAGGATTATATGCGTTTGTAGGTTTAGGACATACAGGTGGAGCAGTTGACTTTTGGGCTTACAATCAATTGAAAAATAGTTGGACTGTTGCAACTAATTTCCCAGGTGGAGAACGTTTCGAATCTGTATCATTTTCGATTGGTAATAAGGGTTATGTTGGGTTAGGATCTGTAGTAGGGAAAGGGCTTCAAAATGACTTTTGGGAGTATGACTTAGGCACAACAGACTTAGATGAAATTAACATTCAAAAAGATGAGTTTTCAGTTTATCCAAATCCAATTAGTAATTATTTAAATCTATTATTACCCTCAAATGATATAAAACAACTTGAGTTGACAATTTTTGATGTTAATGGTAAAGAAGTTTTTAAAAAACAATTTGTTAATTTTTCAATTATGGAAAAACTTAATATACCTGAATTTGTAAATGGAGATTATTT
CP065014.1_gap8	256005	258762	2757	CCTACATCGGCTAAATATTTTCCATTAGAAGTATTTATAATCAAACATAGATGATCAAAGTTTTGACCTAACTTTCCAGCAACCCAATCATTAATCAACAAATCGAAAGTAGATTTTGGTAAATTAGAATCATTAACTGGAAATTTTCCTCTTGAATATACATTTGCTGATATTAAATCCACTTCATAAAAAGTATTTTTTAACATCCAAGAAAACATATAGTTCAATTCGTAACAGAATCCACCTCTTTTTCTAATAATAATTTTATCAAATAAATTTGGCCATTCTAATTCAATATGAATTTTGTTTACTATATCATAATTTTCAAAAGGAACAGAAAGCAAATGCCTATGATGTAGGTGATTTAAATATCTCAACTCACCTAAATGATCATAACTAGCCCCAATTCTTTTTAAATATTGTTTAAGTTCTCTTTCACCTAATTCTAATTTTGGAGATGATAAAGAAATTGGGATGTACATTTTTTAAATGTTTTAAAATAAAATTAATAGTTAAACATCATAAGTTATTATCGACTAATTTTTGATAATTTTTTTTGCAATAATTGATGTTGCAACATCAATTATTGCAAACTCAAAATAATCAGTTAAATTTTATTTAAAACTAACTTAAAAACAATAAAAATGAAAAAATTAATTTTAGCTACTTTAGTAACTTTAATAGGTTTTGGTGTATTAGCATTTAAACCAGTTCCAGTAGGAAAATGGGATTTGGACAAATCTCATTCAAATGTAAAATTCTCTGTTACACATTTACTAGTGTCAGAAACTGAAGGTACTTTCAAGATTGCAAATGCAAGTGTACTTTCAGATAAGCCAGATTTTACCGATGCATTAATTAATTTTGATATTGATGTTAATTCTATTAACACTGATAATGCAGACCGTGATAAACATTTAAAGAGTGATGATTTTTTTAATGCTGAACAATTTCCAAAAGCAGTTTTTACAAGCACATCTTTTACAAAAGTTAAAGGTAATAACTATAAATTAATTGGAAACCTTAAAATTAGAGACATAACTAAGCCAGTTACATTTAATGTAATATATGGAGGAACTGTAAAAGATCCTTGGGGAAATGTTAAGGCTGGTTTTAAAGCAACAACTAAAATCAATCGTTTTGATTATAACTTAAAATGGAATACCTTAACTGAAGTTGGAGGTGCAGTTGTTGGTAAAGAAGTTACTTTAATTTGTAACATTGAGTTAAAAAAATCATAATTTATAAAGTATAAATTTATTAATAAAGAAGCAATTGGTAAGAAATTACTGGTTGCTTTTTTGTTTTATTGAAACAAGTTAATAGATAATATATGATTTAGAAATTCGTATTTTTAAAATTAGAAAAAAAATAGTACTTAATTATAGATTCTTTAAGAGATTAATATTACCAATAAAACAAATTGCATTAAAACCATATTTAATGAAACCACAAGAGTTTATAAATAAAACTTCATCTGAAATAGATCCATATTTAAAGCCTACATTTTCTTTAGGTGTAGAGGAAGAGTATATGATTATAGATCCTAATACACGTGAATTAAAATCTCATTTGGAATTTGGGATATTAGAAAAAGCCCAAGTGAAATTGCATTCAAATGTTAAGCCCGAAATGCATGGATCAATGCTCGAAATTGGTAGTGAAGTATGTAACAATTCTGCAATATTAAAAGATGATTTAAGAAGAATAAGAAAAATTGTTATTGATTTAGTTGAAGAGAATGGTTTAAAACTTGGTGCTGCAAGTACTCATCCATTTTCACATTGGTCAACTCAAGAAATTACACCAGATGCCAGATATGAGGCTATTGTAGAAGACATGCAAGTACTTGCACGCTCTTTAATAATTTTTGGAATGCATATTCATGTTGGTATTGAAAATCGTGAAATTCAGATTCAGCTAATGAATGAGTTACGTTACTTTATGCCACATATTTTAGCTTTAGCAGTTAACTCTCCATTTTGGACTGGCTTTAATACTGGATTGAAAAGTTATCGTTCAAAAGTATTTGAAAGGTTCCCAAGAACTGGAATACCAGGAGAGTTTAAAAGTTGGAATGATTATCAAAGTTATGTAAAACTTTTAATTAGAACCAATTGTATTGATAATGCAAAAAAAGTTTGGTATGATATAAGACCTCATCCTACATTTCCAACTCTAGAAATTCGGATTTGTGATTTGCCGATGACGCTCAACGAAACTGTTGCAATTGCAGCTTTAGTTCAAGCAATAACTGCAAAATTGTTTAAACTTTATCAAAAAAATCTAACTTTTAGACTTTATAGTAGAGCTTTAATTATGGAAAATAAATGGAGGGCTGTTAGATATGGTTTAGATGGCAAGTTGATTGATTTTGGAAAACAAAAAGAAGTTTCAACTCGAGAACTTATTCTAGAATTGCTTCACTTTGTTGATGATGTTGTTGATGACTTAGGAAGCCGAAATGAAATTGAATATATTAAAACTATACTAGAAAACAATACTGGTGCTGAAAGACAACTAAAAGTATATAATGAAAATGATAAAGATACAAAAGCAGTTGTTGATTATATAATTCAACAGACAGCTTTAGGAATTTAATGAGTTATTTAATCTAAATAATCTAGTAAGTAAATTGCAAAACTTGCACAAAATTTAAAATATTATGATGTTTAAATTTTTAATTCCTATAATAATTTTAACAATTTGTTTTCAAAATGGATGCAAGGAGAATACCAATCTTAACAAAAAAATTGA
CP065014.1_gap9	260536	264654	4118	AAGAAAAATTATGTTAAGTAAAATAATTACTTTAATTGCAATTTGTTTGCTTGTTAAAGATGTTTCATCACAAACAAATCCTTGTATCACCAAATGGTTACAAAACACAACAGGAATAAAAGGGAGGCATTATGTAAAAGGAAATTCTACTCCAATTGCTGATAATGTTTTAGTAAACTGTCAGTCCGTTAAATACTCTGCAAATTCTGTTTACATTGCAACTAACGGAATCCCATCTTATATAACTGGTCCATTTTTAGATGGCAATCCATCTTTAGCAACTAGTCAAAATGGAATTTTTAAGTTACCTTTAAATCCAATCAAAAACACTGGAACACCTACTGGAACAACGGGAGGGAATATAGGACTTTTTATAAATGGAGTAGCATTGTTTGATTATAGGGATGGGGTTTCTTGGCAAAATTCTTCAAACTCATTAAAGGGTGGTCCAATAATGGGCATGGGAGATAACGTCTGGACACGAGATGCAGTTGTTGGAGAAAGGCTTGGATTTGATTGTGCTAAGGCTCATCCTGCTATGGGGAATTATCATCATCATCAAAATCCTAGTGCATTTAATTTAGATTTAACTTCAATTTCCAATGTATGTAATTTGTATGCATCTGATGGATTATATAAAATTGATTCTACAAAACATTCTCCTTTAATAGGTTTTGCATATGATGGATTCCCAATTTATGGTGCTTATGGATTTAAGAATGTTAATGGTAAAGGAGAAATAATTAGAATGAAATCAAGTTTTAGAAAAAGGGATATTTCAGTAAGAACTAATTATGCTGATGGCTCTAATGTTACTAATGGTCCGGGAGTTAGTACACAATATCCTGTAGGATATTTCCGTGAAGATTATGAATATATACCTACTTCAGAATCAACACCAGATTATTTAGATGAACATAATGGAAGATTTTGCATTACCCCAGAATATCCTCAAGGAATATATTGTTACTTCTGTACAGTAGATGAAAATTGGAATTCAGCTTATCCTTATGTAATAGGTCCTACTTTTTATGGCGTTCGTAACTCTTCTAAAGTACAAAATATTGGCGAGCAAGTTACAACTTATACTCCACCTGCAACAACAATTCATGAAAGCAATTTAGTTGAAATGTATGTTACTGTTTATCCAAATCCTGCCACAGATTTGGTTGCTATTCAATTAAATCATATTACTAATGAGAATTACTTTTTAGAACTATATAATGTTAATGGAAAGCTGTTAAATAAAACTATAATTTATCAAGGAAGTACTATAGCTTATTTTGATACAAGAACGTTATATTCAGGAGAATATCAAATATTAATTACTAATGGATTGACAACTATAAATAAAAAAATTATAGTATCGAATTAAACTAAATCGTTAAAGTTTAAATTGACTAATTCCAAATATTATTAAATTTTATCATTAGTTATTTTATAAGATTATTAGTAATCAAGAGCATAGGAATCTATTCTAAAGTCATTAACATTTAATCTTATTTATTATATGTTTTTTTGATATTTAATATAAATTAAATTGGATAAAATTGATTCTAAATATGTTTATAATATATTAAAATATTTACAGTAGTTTTTTTTATTTTAAACAAATAATTAATAATAGAAATGAAGAATTTTCTGTTTAAGAACTTAATTTTTAAATTGTGAAAGTAATACTTAAAATAAATAGAATCATTTTTTGCAATTTTATTTTATTAATGTTCCTTCAAAATTTGGTTGCTCAAATAAATATCGGACCAAATGAAATTTATAAAAATATCCAAAGTGCCTCAACTATAATTAAACCTGGGGATACTATTTTTGTTCATGCAGGTTCATACAAAGGTTATCAAGGAATAACTGGGTTAAAAGGAACATCGAAAAAGCCAATTGTAATAACTCGTTATAAGAATGACATTCATGATATAAGTGGTAATTGGCAATTTCAATCTTGTGAATATATAACTTTTAAAAATTTAAATTTTAAAGCAAATATCAATTCTACAGGGAGATTAATTAATGTTGATAATAATGGAGATTGCTCAACCCAATCTAACTATATAGTTTTTGATAGTTGTAGCTTTTCAGATGTTACAGATATTAATGCTATTACATCATTCAAATTTGGAGGGGTAGAAAATTTTCAAGTTACAAACTGTATTTTCAAGAACTTCCCAAATTGTAGTGCTTTCGATTTTAATGTATGTCATCATGGTTTAATTAAAGGAAATTACATAGAAAATTGCCAATCAGCAGGACACATAAAAGGTGGTGCTTCAGATATTACTATGGAGCAAAACACATTTGTTAATGCTTCAACTAATGGTTGGGTTGTTTTTGAATTTGGTGGAGATACTGGTCCTCAATTCTATTGTAAAAATGATACTTTTGAAGTGAAAAACTTAAGATTTTATTCAAACTTAATAATTGGTGGTTCTAGGGGGTTTGCTTTGTCATCAGCTCAAGATTGTAAAGTAGTTAACAATACATTTTATAATTGTAGTGGAGCAACTATAAGATTATTAAAAACAAGCAGTTTATATCCATTATTGAATAACAATATTGTAGTTAATAATTTATTTGCATTTGGCTCGAATGCATATATGAACGGAAGTACCCAACAAGCTGGTTCAACATTTTTCAATAACAACATTTATTATAGTTTAGTTAACACTAATTTTAATGGTCCTTTTTGGGATACTCCAGAAATGGATTTGGTTAAAGAAAATAACCTAATTCTGTTAGGCAAAGAAACAGTTATGTTTGTAGATACTTCAAAAAATAATTTTCATCTTGCAGCACGAAGTCCTGCTATAGGAATTGGGAAAACGGTTTCTGAACCTAAAGCAGATAATTCTGGATTTAACTTTAATTTAAAAAGATCCATAGGAGCATTTGAATTTAAAGTGCCATTAACTACTTATTTAGACCAACTAGGATTAATTGATAGAATAACTTGTTTTCCAAATCCAAGCAATGGAACATTCCATTTACAATCAAATGTAAAATTTTCAAGTTTAGAAATAATTAATGAATTAGGTGAAATAATTTATCAAAACAATATTTGTTCTGATAATTTAAAAATCGATTTGACTTCAGAAACTAAAGGTGCTTATCTGTTAAAAATAAAAAAAATAAATGGAGGTTCTTCAATTATAAAATTATTCATTAATTAAAACTATAACAAGTTAAGTTTAAAACTCAAGTTTTATAGGAGTTATAACTCAAAATTCAACTCAAAATTAATATATATTATTGTATTCTTTATTTTAACTATGTAAATAATGTACTTAATTTATCAAAGAATAGCATTCAAATTATTAAAATAAAATTTATTAAATATGAATAAAAATAGGTTAGAGGCTTTTAGTGATGGTGTTATAGCAATAATTATCACTATAATGGTGCTTGAAATTAAAACCCCAGAATCGGCTAACATTGAAGGGTTTTTAATATTATTGCCAACAATATTTGGATATTTTTTAAGTTTTATGTTTGTAGGTATCTATTAGAATAATCACCACCATTTATTACATTCTGCATCTAAAGTTTCTCCATTAATTATGTGGACAAACTTAAATTTATTGTTCTGGTTATCATTGGTCCCATTTGCAACTAAATGGATGGATGAATCTCATTTTGATAAATTTACTGTTATAGTATATGCAATATTGCTATTGTTATGTGGGTTAGCATATAGCTTTTTGAGTCAAGCAATATATAAAAGTTTAGATTCAAATGATAGGATGAAAAAGGTTGTAAAATCTAAGATAAAGGAGTTATTTTCAATTTTGCTTTATTCAATTTCAATTCCCATTTCATTTTGGAATACAAAAGTATCATTAGCAATATTTACAATAGTAGCAATAGTTTGGATAATTCCAAGTAAGGCAATTGAAAAAGAATTAACTAGAATTAAAGATGAGATTTAATTTTTTGAGAAAATACAAATCTTATTGCTAAAATCCAAATTGTTGTTTTAGGCATTTGTATTTATAGGTACGCCTAATGACTTGATTGCTTCTGCAGCTGCAAGTTGTTCAGCATCTTTTTTACTTCTACCTTTCCCAGTACCATGGATTGAGTCATTAACATGAACTACTATTGTAAATACT
CP065014.1_gap10	267105	272039	4934	TGAAAGGATAAACAAATCCCTCTAAATGTTTAATTTTATTGAAATAATTCAAATAATAATCTATCCAACCATTGTCATACCCCCATCAACTGCAAAAACTTGACCAGTAATATATTTTGCATTATCACTTGCAAGAAAAGCTACCATATTCGCAACATCTTCTGGAGTACCTGCTTTCTTTAATGGAATTTGACCCATTAAAGCTGAACGCTGATCATCAGATAATGAAAGTTTAGAAGTCATATCTGTTTCAATAAAACCAGGAGCAACACAATTTACTAAAATATTTCTTGATGCAACCTCTTGAGCAACTGATTTGCTCATTCCAATCAATCCAGCTTTTGAAGCAACATAATTTGCTTGACCAGGATTTCCTATCAAGCCAACAACAGAGGCTATATTAATTATTCTACCACTTCGTTTTGACATCATTGTTCTCATAACAGCTTTAATAGTGATAAAAGCACTTGTTAAATTAGTTTTAATGACTGATTCAAAATCATTCTCACTCATTCTCATTATTAATGTATCTTTGGTAATACCTGCATTATTAACGAGTATATCAATTGTTCCAAATTTTGCATTAGTTGCATCAATCAATGCTGTTACTTCATCAGTATTTGTTACATTACATTTAACAGCCATAACATTTTCTTCACCAAGAGCAATTAATACATCTTCAGCAGATTGAGGAGATGAATTATAAGTGAAAACAACTTTAGCCCCTTCCTTAACAAACTTCTCAACAATAGATTTCCCAATTCCTTTTGAACCTCCAGTTACTATGGCAATGCGCCCTTCAAGTATTTGCATATAACAGCCTATATTTCAATTATTAAAACTCATTAATTTTTATTGTACAAAATTAAGTTATGATTCTAAAATAGGAACCATATTATCTTTAATTATTTTTTTTATTGAAAATTGATTTATGAATTTAGACAATCCACATTAAATGTAAACAAAAAGAATTTATTACAAATGAAGATAAAAAGTAATAATAATTGTATTTAATTTGAAATAAAATTCAATTCAATTTTTATAATTTCAATGCAATGTCTTTAGCAAAATAAGATATAATAATACTTGCTCCAGCTCTTTTAATAACAGTTAAAGACTCTAACATTGCTTTTTCTAAATCAATCCATCCATTTTGAGAAGCAGCATGAATCATAGAATATTCGCCAGAAACTTGATATGCTGCAATTGGCAGGTTTGTTATTTCATATAGAGACTTTATTATATCTAAACTTGGCATTGCTGGTTTAACCATTAGTATATCAGCACCTTCAGTAATATCCAATGCTGCTTCTTTAATTGCTTCGCGCGAATTTGAATAATCCATTTGATGTGTTTTCCTATCACCAAATTTAGGTGTTGATTCAGCTGCATCTCTAAATGGTCCATAAAATGCACTCGAATATTTAACAGCATAACTCATAATTGAAATATCATCAAAACCATTATCATCAAGAGTTTCACGAATAGCACCAACTCTGCCATCCATCATATCACTTGGTGCAATTATATCTGCTCCACTTTCAGCATGAGATAAAGCTATTCTTGACAATAACTCTACAGTTGGATCATTTAATATTTCATCACCATTTAATATCCCACAATGACCATGCGAAGTATATTCACACAGGCATACATCGGTAATTACAAGCATTTCAGGAAGTTCTCTTTTTATTGCTCGAATTGCTTCTTGTACAATTCCGTGACCGTTATAAGCTCCAGAACCAGCCTCATCTTTTTCTTCTGGAATCCCAAATAAAATTACAGAATTTATACCCAAATCTAAAAGTTCAGCACATTCTCTAACCACTTCATCAATTGATAACTGAAATACATTTGGCATTGAAGATATTTCTCTTCGAAATTTTTTCCCAGGAACAACAAATAATGGATAAACAAAATTGTTTTTATTTAATGTTGTCTCCCTAACTAAATCCCTTATTTGAGGTGTTCTTCTTAATCTTCGTGGACGGCTAAAAATATCTGGATTCATAAAAATTGAAATTTATATGTTGCAAAGATAAATTTTTTGAAAGAACATTATGTAATTCAAAGTTAATAAATGTTAAATTTTAGTTATTAGTAAACAGAAAATTGAAAATTGAAGTTTATGGCTGATTTTGATTTTTACTACTTAAATTATCAAACAAGGGAATATCTAAATTAGAATCAATACTGCTGGTTTGTAAGAAAAAATTTAAAAGATGTTTCAAATCTCATAAATATATATAATTCTGAATTTAAAGTTTTGAATCATAATCTATTATAAACAACTTCAAAAAATTATCAATTGACTTAAAATATTAGTGAAAATTAAACAATGTATTTATAAATCCTCAAATTGGTTTAGAGATGACAATAAAAGAGTAATATATAGGCATGAATGTTTGTAAAATTAATAATCATTTAGCTTGTATTCTCAAATCAAAAGAAATTTGAATTAGTAGACTAAAAATAATAAAGTGTAATGAATTATTTTAATATACAATATGCAAAAAAAAAATATTTAATTGAAACAATATTAATTATCTAACATACTTTTCAAACATAAATTTATCACCAGAAATTTTTTGAATTAGGTAAACCCCTTTAAGCAAATTTAATCTATTAAGTTTATTATATAAGTCCTTCTCATTAGTTTGAAAACTACTAATTAATTTACCTTGCATAGTAAATAATTTAACTTGTAATATATCAGCCTTTGAATTTACTTCATCTAGATATCCAGTATTCAAACTACACTCCCAATCTGCAAGCCAACCCCATGAATTTGAAGCTCCATCAGATTTGAATTGAATTGTTATTGCCCCACTTTTAGATGTTATAATATTAGGTGAATTTGTTGAAGTAAAAACTCCAATCAACTTTGATAAATTATCCTTACCATCAAAAATTTTCATCTCATCATTTGAAATGTTGAAACTCTTGAATTTTATTGTTAACTGCTTAGAGTTTAAAGGAGCTATTGTAAATGAGAAATTATCATTATCATAATAATTACCAAATGAACCACCCATGTCAGTGATTGAACCTTGACAGGGAGAATCCCCACAATTTGTGAATTTCTCTTTTAATTTATTCCAAAGTTTTTTCGAGCCAGCATCATAACTTAAAGCCCAAATTCCAATTCCACCAATATCTTTCATATTTACTAAATCGTATTTCAAGCCTAAACTTTCTTCATCATCATACCAACATTGGTTATATGAAGAGTCATTTATTTTTTGTACATAATATGGATTTGATGATTGTGGATCCCATTTTCTACCTATTAAATTCGCTTTTGAAACGGCTGTAGAATAAAATTCTGCATTCCCTTTACCAATTGTGTTTGAAGCAGGTGTTGAATCCTTACAATTCCAATTATAACCATAATATGGTAAACCAAGACAAAGATTTTTTTTTGGAACTCCTTTGTTTAAATAATAATTGATAGACCTTGTAACATCATATGCGCTCCACATTATCCCATTATTTTTTGGTGAAACCGGACCAGATTGAGCTGAACTTGACCAATGATAATCGTAACCCATGATAATAAATAAATCTACATATCCTAACATAGAATTTACATCGAAGGTATTGCCCCAATCAACAGCAGGAAGAGCAATTGAAATTTGAGAACCTGGAATTTCATTATGAAATCGTTTCCCTAATTCTTTTAAAAAATTAGTAAGTTGGGTTTTTTGTGATGAAGGAACTGCTTCGAAGTCTATGTTAACTCCATTTGCAGCACGCAATTTTACTAATGAAATCAGACTATCTATTAATCTTTTTTGAGATTCAAGATTTGAAAAAAATAAAGAATGGTTTTCAAACAAAGTTACACACAAATTTACTCGAACTCCATTTGCTTTAGCTTTAGTAACCAAATCAGTTGTTTTCCAACTATGGATTGAAGAATAATTTCCAGTAGTTCCATCAACTTGATAACCAAAATATGAAATATCAGAAAGTAAAGAAAAATCATATTCATTATAATTAGAACCAACCCAATATGGATTCCAACCAAAAACTATTTTATTAAGTTTACAACTATCATTTAGTTTTTGGAGTGTTAAATCATTCTTCGACTTTAATTGAGTTGAATAATTTTCAATATCATTACTTTTTAAATTTAAACTATCCCATTCTAATTCTGAACTGTAATTCAATTGGGAAAAGATTTTATTTTGTTCATATATTATTGAATGAATTTGTGAGTATGAAAAGTTTACGATTAAAAAACTTAAGATGGTAATTAATAAATACTTCATAGATATTTAATTTTAGTATAATTTTGGTATTATAAATCACATGTAATTTAAAGTTGAAATTAGATGTAAATTTATTGAATTAAAAATTAAATTATTTACCACTTAAAAAACCTTAAAAAATAATTATGCAAATTAATTTAAATATATTTCAAATAAAGCGGTTATTATTTGTTTTAGTTTCTATTTTTGTTTTTTGAAAAACTAATTAAAGCCTCAATAAATTATGAAAGCTCAAAAATTGCTTCTAGTAATATTGGTAACTATTGTTACTATACAAAATAGAGTAATAGCTCAAAAATTTGGCTTTGGAGGAACAGCTCGAGCTTCTCTAGAATCTTCTGATAGAAGAGATACTTTATCGCAAAGACCAGCAACATTATGGAGAATAGAAGCAGAACCAACCATATTTTTATATGGAGTTCCTTTCAGTGCTCTTTTCTTAATATCTTCTGAACAAACAGATATTAGGCAAAATATTAATTTAGCCTCATTTAATCTAAGTTTTGGAACTCAAAAATTAAGAGAATTACTTGGCTCTAGGATTTCAAATCAAATATCAAAACTTGAAGATTTAAATGAACTTAAAGATAGAATTGGTATTGATATGTTAAGAGATTCATTAAGCAGATATGCACCAGAACAATTGAAAGATCTTGATGG
CP065014.1_gap11	273172	278077	4905	GTGTACTGTTTTTAAATCAAACTTTAAGTTTTGCTTTTCCTTTAACTTTATCATTTGGAGTATCAGTTAATAGCTTGGCTCAAACTGGATTGGTAGATATTAAATCAGATATATTAGATGTTAATTTAGGTGCTACTTATACAGCTTTTCAAATTTGGGATAATGGAATCAATTTCTATCGTCAATCAACAAACTCAATTGATAGTAAACTTGGAGTCGGTTTATCAAGTTCATATAGGGTTTTTCAAAATAAAGATGGAAGTAAATATGGAATTATTGAATTGAGAGGGGAAAAAAATATTTATGATAATACAATTGATAAAACTCTAAATTACGATGAAATGTTAGGTAGAATTACCATGACATTTGCATGGTAAATTTTTATAAATATAATTTTATAATTTAAAAAAGGATTTAATACTTTATTAATAAATTTATTTAAAAATATAAGTACAATTTTTAGAATATAAATACAATTTTTAGAATATAAATATGTATGAAATTTTATAGAATAATATAAAATCACACACCATTTCTAAACTCAATCTTAACTATCTATAAATTACAAACATTTTCAAAAAGTAAATTGTAATTAAGCATGATTTGTTATTGATAAATCTCTAATATAATCAATAACTAATACTTCACACCTTATTTCTTAACTTTGTTTAATTTTTTTTACTACTTTATCTCAAACGTTACTTAATTAATTATTAAATGAAAAAAATTCGCAACTTTTGCATAATTGCACATATAGATCATGGCAAATCGACTTTAGCTGATAGGTTGCTTGAACATACTGGGCGTGTTACTAAACGAGAAATGACAAACGCTCAAATTCTAGATGATAATCCATTAGAACAAGAACGGGGAATTACAATAAAATTGCATGCTATCGAAATGGATTATATTAGACCAATAGCAACTGGTGATACCGATAAATACATCTTAAATTTGATTGATACTCCTGGTCATGTCGATTTTAGTTATGAAGTTTCAAGATCATTAGCTGCTTGTGAAGGGGCATTGTTAATCGTAGATGCAACTCAAGGAGTTGAAGCTCAAACTATTTCAAATTTGTATTTGGCAATAGATGCAGGCTTAGAGATAATTCCAGTTATAAACAAAATTGATTTACCATCAGCATTAACAACCCTTGAAGGAGTAAAGCAACAAGTAATGGATTTAATTGGTTGTAAGGAAAATGAAATAATTCTTGCTTCAGCAAAAGCTGGTATTGGAATTGAAGAAATTCTTGAAGCTATTGTTGAAAAAATACCTTCTCCTAAAGGTGATGAGAATGCACCATTAAGAGCATTAATTTTTGATTCATTGTTTGACAGTTATAGAGGGGTTATTGGTTATGTTAGAGTTCTTGATGGTGAAATTAAATCTGGAGATAAAATTAGGTTTATGAACACCAAAAAAGATTTCATTGTTGAAGAATGTGGCATATTATACATGAATAGAGTTAATACTGGGAAAATTCCTTGTGGTTCAGTAGGATATTTTACTGCTGCAATAAAAGATGTTAAGGATGTTAAAGTTGGAGATACTGTTACTAAATTAAAAGGAGGATCTGAACTACCAGTACCAGGTTTTCGTGAAGTAAAACCAATGGTATTTGCAGGTATTTATCCTACTACAACAGAAGATTATGAGTCATTGCGAGATTCTTTAGGGAAACTCTCTTTAAATGATTCTGCACTAGTTTATGAACCTGAAACATCAACTGCATTAGGATTCGGTTTCAGATGTGGGTTTTTGGGAATGTTACATATGGAGATTATCAAAGAAAGACTTGAACGAGAGTTTAATCAATCAATTATTACAACAATTCCAAATGTTGAATATATTGTTCATTTAAATAATGGAAAAACTTCTATAATAGATAATCCTTCCCAAATGCCACCAATTGGAAATATTGATTTTATTGAAGAACCTTATATAAAAGCTCAAATGATTTGTCCTTCTGAGTTTATTGGAGCTATTAACAAATTATGCATTGAACGCCGTGGTATTTATAAGAACACTCAATATTTAACTTCAGAAAGGGTTGATATTACTTTTGAACTCCCTTTAGCTGAAGTGATTTTTGATTTTTATGATAAGCTTAAATCAATGACTCGAGGTTATGCTTCCCTTGATTATGAAATAATTGGTTTAAGAGAAGGTGATTTAGTAAAAGTTGATGTGTTGTTAAATAACGAGCCAGTAGATGCTTTATCAATTATTACTCATCGATCTAAATCGTTTTATTATGGTAAAAAACTTTGCTCAAAACTTAGAGAATTGATTCCAAGGCAAATGTTTGAAGTAATTATTCAAGCTGCAATTGGAGTTAAAATAATTTCTCGTGAAACTGTTAGAGCCATGAGAAAAGATGTAACCGCTAAGTGTTATGGTGGTGATATTTCACGTAAAAGAAAATTGTTAGAAAAACAAAAGGAAGGGAAGAAAAGAATGAAACAAGTGGGTTCAGTTGAAATTCCTCAAGAAGCTTTCTTAGCAGTGCTTTCAATTGATAATGATTAAAATTAATTTGATTTTTTGTTATATAAATATAATCATTTTATTTTTTTAAAAAGTTCTATACTGTATCCATAATCTATCTTTAATTTAAAAGGTTGATAATTTCTAAATGGAATAAATGAATTTATGTTGGTAATCTATCCGTTAAACAATTTAACTTTTAAATCTAATACAATAGGGGATTCTGTATTTGCTCAGAATGCTATTGCTTTGGCTTGTTTATCAACCACTGAATCAATAATCACGAATGTTCCTGATGACCATGATACAGATTTATTAATCAAATCTTTAATAAGAATTGGGTTTTGCATTTTAAGAGAGAGTGATAAGATATTGATCAATCCATTAGCTAAAGATATCCCTAATGAAAAATTCTCAATAAATTTTGAAAATGCTGGATATGCAATGAGAATTTTTATTGCAATAGCACAATCTCAAAATGTAAATGGGATAATAGAATCTGAATTTCCGCTTTCTAAAAGAAATATTGAAAGAACTTTAATACCACTTCGAGAATTAGGATGTGAAATTATTTGCTCTGAAAGGGGTACTTCTCCAGTAAGAATTTTCCCAAATTCTAATTACAATACAGATGTTATTATAGATTTACCAATCCCAAATTTCTATTTAAAATCGTCATTAATTATAGCATCTTCTTATAGTGGTTTAAATACTGAGATTATAGAACCATACCCTTCAAGATCTATTACAGAATATTTTTTCGATTGCAATTTAGATTTTAACAAATCATATCATATTAATGTAAAACCAAATGTCTATAATGGATTTAATGCTGAATTACCTTCTGACACTTTAATTTGTGATTGTTTGACAATTTTGGGTTTATTATCTAATAAAAATAATATTGAATTATATAATAGATCTTGTTTGTTTAAAGAGACCACATTTTTAAATTATATACCTAAAATAAATGCTAGATTTGGACTTATACATAATAATTGCAATATAAATTATTTAAAAAGCGAAACTCTTATCCCAGTTTATTCCAACATTAGTGGGAAATTAGTATTGAATTGTGATGATGTTAAAAATTTGGGTTCATCCATTGTTTTGCTTTCAACATTAATTGGAGCTGGTGGTGGAGAAATTATTGTTAAAGGAGCTATCGATATGAGGCAACAAACATGTGATAGAATCTTAGCAATAGTTAATAATTATGAAATGCTAGGTATTGAAACTGAAGAATTTGAAGATGGTTTTAGAGTAAAAAACATTGGATCTTTAAAAGGTGGATGTGAGTTGAACTGCTATAACGATTTATACATTACACTTTCTCAAATTATACTTTGTTCTTTAGCAGATTCCCATTGTACACTAATTAATCTTAATGATGATTACAGAGTAAAGACTCTGATAGATATTTTACAAATAAAAGAATAAATTTAGAGAAAATCATTTTATGGCTTCAGTAACTTTAAAAAATCTTAGTAAGATTTTTGATGATGGAACAACAGTTGTAGATAATGTTTCTTTAGTTATACCAGATGGACAATTTTGTGTTATTGTAGGACCCTCAGGGTGTGGGAAATCAACAACACTCCGAATGATTGCAGGGTTAGAAGAAATAACTTCAGGGGAAGTAATTATTGATGGTACCGTTGTTAATTATTTACCTCCAAAAGACCGTGATATTGCAATGGTTTTTCAGAATTATGCTCTATATCCTCACATGACTGTTAGGGAAAATTTAGCTTTTGCACTAAAAATGAGAAAATTATTGATTGTTGATATCAATAAAAGAGTTGAAGAAGTAGCAAAAATGCTTGAATTAGAACCACTAATGGATAGAAAACCCAAATCTTTGTCAGGAGGTCAAAGGCAAAGAGTTGCTTTAGGAAGAGCAATTGTTAGAAACCCTAAAGTTTTTCTATTTGATGAACCACTTTCGAATTTAGATGCAAAACTCCGAACTCAAACCAGAACTGAGATTCAAAAACTTCATGGTGAACTTAGAACAACATCTATTTATGTTACACACGATCAAGTTGAAGCAATGACAATGGGTGATGTAATTGTTGTTATGTATGAAGGCAAAGTTCAGCAAATTTCTTCTCCAAACCAAATTTACAAACACCCTGTTAATCGCTTTGTAGCGAGCTTTATTGGTACTCCTGCAATGAATATTTTTGAAGGTTCAATCATTGAATCAGATGGTATGTATATTTTTATGCAAAATAACATCTCGATTAAAATACCTCTATCAAACGTAATTGATAATTATTCATTAGTTAAATCTATTGGAATAAGAGCTGAACATTTCGAAATTTGTGCATCTGATGATCCAAATTCATTTAAAGTTATGGTTGCAGTGATTGAGCTGCTAGGATATCAAACATTAGCATACTTTTCATT
CP065014.1_gap12	333618	335781	2163	TGAATTTACAAAAAACTTTTATAACTGGAATTTATCCCTATTCTTTAATGTCTTCAGTATTTATGCCAGTTGATAGAGTTAAATATCCAGATGTTTTAAAAACTGTTAGCTCCGGACAAGAATGGTGTGGTCAGATTTACACTCAAATGAATTTAACAAAAAATGGTTATCATTTAAATGAACATTCCTATTTTGAAAAAGAGGGGGATAGAGAAATTGATTTATCGAAAGCTATTGTTGAGGAGGCTTTATTTACTCTAATAAGAATTTCTCCACAAGAATTACCAATAGGAAAAATTAATATTATACCTTCTTCATTATCAAGAAGATTGAGACATGTGGAACCAAAAGTTCATGAAGCAAATGCTATACTTGAGAAAACTTCTGAGGGTATGAAATACAGTATAAATTATACAACAGATTCAAGGTCTTTGACAATAGACTTCCTACCTTCATTCCCCTATACAATTACAGGTTGGTCAGAAACATACATAGATGGGTTTGGTAGTTCGGCAAAAGAATTAACAACAACAGCAAGACTTACTCACACGTTTATGGATAATTACTGGAGTCATCATTCATTGGCTGATACGGTATTAAGATCTAAATTAGGGTTTAAATAATTTTAAAATAATTTGCTACCAATATTGAAACTTAAACAAAATTTTATTACTAAATATTGATCTCAAATTAAATAGGAATGTTTACTTAGTCAATCAAACTGAATACCCTAATTGCAATTGCTTCAATCTCAACTAAAGCATCTTTTGGGAGTCTTGCCACTTGAATAGTTGAGCGGGCTGGAGGATCTGAAGTAAAAAATTTAGCATAAATCTCATTTACTTGATTGAAGTCGTTTAGATCCTTTAAAAAAATTGTTGTTTTAACAACATGTTCCATTTCACAACCTGCGGCATTCAAAACATTCTTAAGGTTGGTCATTGCCATAATAGTTTGATCTGAAACATTCTCAGATAAAGTCCCATCGCTATATAAACCTAACTGACCTGAAGTATAAATAGTTTTTCCCCTTAATTGGCATAGAACAGCTTGAGAGTATGGTCCAATTGGTTCTGGGGCAGATTCTGTGTATATAATTTCTTTTTTCATAAATTAAATATTGAATTTAAATTTTAATAATGTTAAAGTAATTTGTAGAAATATTAAATCTAGTTTTCTGTATCAAAGGTTACTGATTAAGCAAATAATTTCACCATCATTTTGAACTACTTTAAAATGTCCAAATTCATTAATACCAATTCCAATACCTTGCAGCTTTTTCCCTAAGTAGTCTTTACTAATAACTTTTTGGTATAAGTAATTAATAGAATTAAACTCTTCAATTTCTTTACTAGATAAAATTTCTGAATTGTTGGATAACTTAATAACAAGCTCATTTGCAACCTCAGTAAAAATAGAATTTTTATCAATAATTTCATTAGAATAATCTTGAAGAAAAGCAGGGTTAATTTGATTATTAATTTGAGTCTTAAAATCAAATTTCATCAAATTCAGACCAACCCCTAAAGCCAAATGAATACTATTCTTATGAGTTTTGGCTTCACATAAAATTCCACATAATTTCCCATGATTTACAAACAAATCATTTGGCCATTTGAGCTTAATTTCCTCAGAGCAATATTTTTGTAAAACCGAAGTTAATGCTATTCCAGTTCTAATTGGAATTAGAGATGCATTTGAATGAGATGAAGGATAAATTACCACTGAAAACAATAAAGAATTTCCAATTTCACCATGCCAAAATCTACCAATTTGTCCTCTACCTTTTGTTTGATAATCTGCCAGAATAAAAGTAAATGGATTGCAATTATTTTCTGCAAATGAAAAGGCTAAATCTTGAGTAGATTCAACTTCAGTAAATTTAATAATTTCCAATATTAGTTCAATATTTTAATTGCTCAAAAATATCAAATAGAATCATTTCTAACTTTTAGAATGTGCTACTGCTTCTTCAATATTTTCTGCATTAGCTTCTTGACTTACAATAACAATCTCAGGCTTCATTGGAGCAAAAGCACCTTCTTCCATAAGTTCATCTATTTCTCTTAGTTTTGGCAAATCATTTACTGATTTCAAACCAAAAGTACGTAAGAAATCATCCGTTGTAGAATATAATAAAGCTCTACCAACCGACTCAGATCT
CP065014.1_gap13	342888	347030	4142	ATCCTAGAATTAGATTTAGTTAATTAATTTATTAATTTTTCTATTCTTTTCTTCTTAAAATTTATTTCTATCATTTAGTTATTGAACATTCTTTATTAATTCAAATTTATCTTTTACTCTTTTATTCTTAAAATGAAAGAAACTAAAAAAACTGATTCTATATCCATATTACAAAAGAGGTGGAGAAAATTTAAATCACTTAAACGTGGTTATCTTTCTCTTATAATAATAATTACCCTTTACTTACTTTCTTTTGCTTTGCCTTTATTGATAAATAGTAAAGCAGTAATTGTAAATTACAATGGGAGTAAATATTTTCCAATATTCCATGGATTTTATGATGGGAATACTTTCAATCAAAAAGAAACAGGATCATCTGAAACCGATTATAGGAAATTAAAACAAACTTTTACTCAAGAAAATAATGGGAACTGGGTGTTTATGCCTTTTTGGACTTGGAATCCTTTAGAAAATGATTTTGAATCTACAGATCCACATCCTCAAGCACCATCTTCTAATCATATATTTGGAACTGATAATACTGGTCGAGATGTATTTGCGAGGATGGCTTATGGATTTAATATCTCAATATCTTTTGCTTTAATCCTTGCTTTTTTATCTGAAATTTTAGGAGTTATTATTGGTGGGATAATGGGCTATTATGGAGGTAAAGTTGATTTATTTGGGCAGAGATTTATTGAGATATGGAGCAACCTTCCAGCTTTATATGTAATTATTATTGTAAGTTCAATCATAATTCCAAATTTCACTTTATTAGTATTCTTATTAGTAGCTTTTGGATGGATTGGAATAACTTATTACATTAGAGGAGAATTCTTTAGAGAAAAAGCAAAAGATTACGTAGCAGCTGCTGTAGCATTAGGTGCAAAAGATAGAACAATTATTTTTAAACATATTTTACCAAACTCTTTAACTCCATTAATTTCATTCTTTCCTTTTACAGTTATTGGTGGAATTAGTTCATTAGTCGGTCTTGATTATTTAGGTTTTGGGTTGCCACCTCCAACACCAAGTTGGGGACAAATGGTAGGCGAAGGATTGGGAAATATAGATTTTTGGTGGTTGATTATTGTTCCTTTAGGGGCAATGTTTATTACTCTTATGCTTATTACATTTATTGGTGAAGCAATTCGTGAAGCCTTTGATCCAAGAGCTTTTTCTAGATTAAGGTAATTTCAAAGTTTAATTAGATTTAACGGTTAATTTTGTTTTTATTATTTGAGTTGTTACTAATTAGTTAAAAAAATTGAATCAATAGATAAATAAAAAAGTGGCTGAAACATTAGTTGAAATACGTAATTTAAAGACTCATTTTAAAACTGATTCTGGTTTAGTAGCTAAAGCAGTTGATGGAGTTTCATTTGACATTTATAAAGGTGAAACCTTAGGTATTGTTGGTGAATCTGGTTCTGGAAAATCAGTCACTGCACTATCAATAATGCGATTAATCCCTTGCCCACCAGGTGAGATTGTAAGTGGTTCTATTATGATGAATGGAGTTGATTTGCTAAAGCTCCCATTGCCTGAAATGAGGAAACTTAGGGGAAATGAAATAGGAATGATTTTTCAAGAACCAATGACTTCATTAAATCCAGTTTATTCAATTGGATTTCAAGTAACTGAAGTTTTGTTTCAACATAATCCCAATATGCCAAAAAAAGAAGCATATGATAAAGGTGTTGAAATGTTAGATTTGGTGGGAATTCCTGACTCAAGGAAAAGAATGGAAGATTATCCTCATCAATTTTCAGGTGGAATGAGACAAAGAGTTATGATAGCTATGGCGTTAGCATGTAATCCTTCTCTATTGATTGCTGATGAACCAACAACAGCTTTAGATGTAACAATTCAAGCTCAAATACTTGAACTTATGTTAGAACTAAAATCAAAAAGGAAAGATTCTGCAATTACATTAATTACACATGATTTAGCAGTTGTTGCTGAAACATGCCAAAGAGTTATTGTTATGTATGGGGGTAAAATTCAAGAAATTGGAGATGTAAAACAAATTTTTAATAATCCATTACATCCATATACTCAAGGGTTGTTAGAATCTATACCACATTCTGTTAGAGGAAGCCATGAACACAGATTGAAAGCTATACGTGGTATGGTTCCCAATATCTTACAAATGCCTAAAGAATGTAAATTCAATACTCGTTGTGATAAAACAAATGAAGAATGTTTTAAAATTGAACCACAGTTAATTGAAAAAGAACCAGGTCATTTTGTACGATGTAACCTTCATAAAGATGGAGAGATAATTAGCATTTTAAGTTGAGAAATTTTACTTGCTTATTTTGTAGTTAAATTCAAACACCATATAATAATCAATTTATAGTTTTATATAATGATAAAAAAATACTTTAAAGATATCCTAAATTATAGTCCTTGTAATAAAATTGTTCTTTTAGCTTTTTTAAGTCTTTTAGTTATTGTTTCATCCTGTACAATTAACCCCGAAACACCAGAGCCACCTAAGTCAATTAATAAGTTAAAAAAAGGTTCAAAGTTAGTTTATATAAGTTTTGAAATTGATTCAAATGGTAATAAAATTCCTACATCTTTAATTGATACTTCGAATTATGAAGTATTAAATGATAGTCTCTACTTTAAAGGTAAAGAAAAAACAACATTACTAGTATCTGATAAAAAAGATTCAATCCATCAAATTGTAGAATCTAATGGTTCTTTAAGTATTTACGAGACCTTCAGAGATTCACTTTGGACTGCATTCCCAATTCTATCAATTAAAAAAACTTCGTCTTCATATAGAGATGTCTCTTTTAAAGGTACAAGATACCTTTTGAAAGATACTTTATCAAATAATGGTGAAACTATTATAAATTTCAATGGTACTAATTATACTTGCGAAAAAATTAGAAGGAATTTTACTCAGACAACTTATCGAGATACAGTTATAACTCAAACTTCTAATATAGTTTCAGATTTTCTTTATTCTTATAAAATAGGTGCTTTTATCCAGCAAATAGATTATATAACTTATAAAACAAATGCAGCTATTACAAAGAGATCAATTATAACTAATTTAGATTCGTTTATTCTGATGTGATTTGAATTTTACTTCATTAAAGAAAATTACAATTTTAATTATTTCCTTTAGACATTTTTACTATTCCATAAAGTCAAAATTCTAAACCTATATTTTTATTTTATAATAAGTTTTATAAATTGATATTTGTACTTAAAAAGCAATTTGATCCATTATATATTTACATTTAGATAAATGTCCGAAAATAAAATTCTTCTTGAGGTAAAAAATCTACAAGTTCATTTCCCCATTCATGGTGGAATTTTACAACGTCGTGTGGCTACAGTTAAAGCTGTAGAAAATGTGTCTTTTAACATATATCGTGGTGAAACACTAGGATTAGTAGGAGAAAGCGGTTGTGGGAAAACAACTGTTGGAAGAGCGCTTATTAATATTACACGAATAATGAGCCCTGATGCTGAAGTTAAAGGAGAAATTCTTTTTCACAGTGAAGATGGTACAATTGTAGATTTTGTGAAACTCAATAAAAATGAAATGAGGGTTTGGAGAGGTAAAATTCAAATGATTTTCCAAGATCCTTTTTCCTCACTTAATCCAAGAATGACAGTTGCTCAGATTATTGAAGAACCCTTGAAGCTTCACACTAAAATGTCTAAATCTGAAATCAATGATAAAATTGCTTGGTTGATGGATAAAGTGGGAATGCAACCTGAACAGGCAAATAGATTTCCACATGAATTTTCAGGAGGGCAAAGGCAAAGGATTGGTATTGCTAGAGCTTTAGCAACTAATCCATCATTGATAATCTGTGACGAACCAGTATCAGCTTTGGATGTTTCAATTCAAGCACAAGTGATAAATTTAATGCAAGACTTACAAGATGAATTTGGCTTGTCTTTTCTATTTATTGCTCATGATTTATCTGTTGTAGAACATATTTCTTCACGAATTGCTGTTATGTACTTAGGTCATGCTGTTGAACAAGGTACAAGTGAACAAGTATATTTTAATCCAAAACACCCATATAGTAAGGCTTTAATTTCTGCTGTTCCTCAAGCAAATCCTAATGTAATTAGAGAAAACAGAGTAGTACTCAAAGGAGATATTC
CP065014.1_gap14	394034	395853	1819	ACCTGGGTCTAATGGTAGCACATTGATATTAACAAGTGCTAGTGCATCCGATGCTGGTGAATATGAAGTAATTATTAGTGGAGATTGTAAACCGGATGTAACGAGTAGAAAAACAATTGTTGTAGTAAATTTAGCTCCTTCTATTACTACTCAACCAACTGATCAAAACGTGTGTATAGGGTCTCAAGCAACATTTTCAACAAATGGAAACGGGACTGGAGTTTCTTATCAATGGAGAAAAAATGGTATAATAATTCCAGGAGCTACAAATTCAACTTATACAACTTCAAATACAACAGATCAAGATGATAATTCAATTTATGATGTTGTTTTAAGTGGTACATGTAAACCAGATGTAACTAGTAATCCAACAAAACTAACACTCAAACGTTCAATTTTAGATCCAATTAATACTATTACAGTAATGGATACAACTGAAATTGATACACTAAGAGAAGAAGATGTAAGATTTAAAAATAATGGAACATTGCCAGTTACAGTAAGCAGTATTTCAAATTTATTAGCTCCATTTTCGATTGTATCAACAACACCAGCATTATTACCTTCTGCTGTGATTGGTCCTGGTCAAGAGTTTGTTGTTAGAGTTAGATTTACCCCAACAGAAGTTGGTGAAAGATATGATACAGTTAGAATTACCGTAACAGATCCATGCATTAAAACATTTTCAGCTCCAATAAAAGCAAATGGTGAAGATGGAAAAGCTATTGTAACATTAAGATTGAATGATACAACCGGATTTACAAAGAAACCTGATTCAAAACCTGATTCAAGGACTGATATTATAATTAGCTATAATACACCTCCAATTAAATTGGAAAAAGTAAATCCGACTGGAGTAACATTCAAAATTTCATTTAATGGAACAATGCTAACTCCTGTAGATGAGAATTTAAGAAGAAATATTACATTTAGTGGAGATACAGCAATAATGACAGTAGTTTTATCTGGTAATATCCCAAAATCAGGGAAAATTGTAACAATACCAATGTATATTCTTTTAGGAAATGATTCAGTAACACCATTGAAATTCTATTCAGCACCAGTATGGTCTGGTGGAAAAGTAATAGTTGCTGATACTAAAAATGGTAGCTTTAAAGCATTGGATATGTGTACACGTGGCGGATTACGTGGCACAAGAGGTGGATCTTTGGGTATAACAAGATTAACACCTAATCCTGCTAATGACAAAATGAATGTTACTATCAATAGTAATTCAGAAAAAATAACAATCAATTTATATGATTTGAAAGGTAATTTAATTTTAAGTAAGAATTTGGATAATGTACAATCTGGTGCAGATTATTCTACTGATTTAAATTTTAAAGAATTATCAAGTGGAATGTATATTTTGATTGCAACTGATGGAGAATTAATAGATAAAAAAATGGTTAGTATTGTTAAATAACTAATTAAGAGTTAGATCAGATATAAATTAGTTTACTTATTTATCCCAATTACTTTTATATATAGTAATTGGGATTTTTATTTATTAAATAAACTGTAATTTATAAAATAAATCAAATCGTATCTTTGTATAATAGTTTAATAATACTAAAAAACAAATTTTTAAATCATAAATTACCCGAAATTTCTTTGAGTTAATTTGACGAGTCAAAATTTTAAATATATAATTTAATTTTATGAAATCACATTTTTCGATTTTTCTTCTTTATGTATTTTTACTTATATCTTCAAAATTATTAATTGCTCAAACCGGTTTTCTAACTGGTAAAATAATTGAACAATCAAACAGCGAACCGATAACAGGGGTTACTGTTAAAGTTATAAAGAATGAAAG
CP065014.1_gap15	407338	409357	2019	AGATAAATCAATAAATGGTACTATAACATGGATTAGTAAAAATTTTGGTTTGGCTGAAAATTTCATTTCTAAAGAAAAAAGATCATCAACTCAATCAATGAGAAATAATTCAATTGAAGCAAGTTATGGTTTAATGGAAAGTATTAAAAACGAATTGAAAATTGAAAACCCAAGGGAAGAATTCCGTCCAGTAACAGTAGAAATGGATGCTTTAGGATTTACTCATAGTAAATTTGAACAGATTTACAAAGGATTACCAGTGTTTGGAAGAGAAATTTATACACATATAAATAACAAAGGAGAAATTTATGCTGTTAATGGAAGGTACGAACCATCAAATCATGATGAACTCCCAACTTCAAAAATTACTTCAGATGAAAGTAAAGATATAGTAACAAATTATCTTAAAAAAGAAGGGAGTTATCAATCATTCACAAACATTGATGGAAGCAATGATTCACCTATGATTAAATTAGGTTTACTAAGCAATGGGAATTGCACAATGACTCAAGTTTATATAGTTGAAATTCATGCAAACATGGTTGAACATATCACTTTTTTTGTTAATTCGGTTAATGGAAAAATTGAAAAGGAATTGCATCATGAATGTATTATAGATTATCATAATAAGGTTAATACAAATGTAATCCAAGAAAAATCAAATGAAAAATCTAAACTAAATGAATTGTCATCATTGAGTTTTTCTGATGCAAGTGGAACAGATTTGAATAACAAACAAAGAAGTTTCAGAACAAGAAACAATAATGGTTTTTATGAAATGATTTGGGATTTATCAAATTATGATGGAACTAAATTTCAAGGAAGTGGATTTAATAATCCACAAGGTGCAGGAGGTTCAGCAGTTTATGAAGTTAGGAATGATTCTAAAATTTATATGGAAGTTTCATCAAATAATCAATGGAGTGATAAAAGTGCTGTTTCAGCAATTGCAAATTCTGAATTAACATATAAATATTATAAAGATGTTCATAGTAGAAAATCAATTGATAATAAAAACGGAACAATAATTTCTGTAATCCATGTACCTAATTCTGATGGAACTAGTATGGGAAATGCTTTCTGGAATGGTAAATATATTTCTTATGGTGATGGGAATAGCAGATTTAGCCCATTAGCAGGTGCTCTTGATGTTGCAGGACATGAGATGACACATGGTGTAGTTGAGAATACTGCGAATTTAGTTTATGAATTAGAACCAGGTGCATTGAATGAATCTTTCGCAGACATTTTTGGAATTATGATAGATAGATCAAATTTTTTACTAGGTGAAGATGTTGTCAGACCAGCTATAGGAATTGCTTTAAGAGATATTGCAAATCCAGAGAATCCAAATGTAGCATCTCCACAACCAGCACATTATTCAAATTTTAAAAAATTACCAAATGATAAAGAAAATGATCATGGCGGTGTTCATGTTAATAGTGGTATTCCAAACAAAGCTGCATATTTAACAATCCAAGCAATTGGTCGCGAAAAAGTTGAGAAAATTTGGTACAGAGCTATTAGTAATTATATGACAATGAATAGCCAGTTCATTGATGCTAGAAGAGCATGTGAACAAGCTTCGGCAGATTTGTTTGGAAAGGATGGAGCAGAAAATAAAGCTGTTTCTAAGTCATTCGCAGATGTAGGAATTGGTGAAGGCGTTAGTGATGGAGGTAATAAAAAAGTTCCACCTCAAAATGGAGGTGTTTCAATGATAGCATTTATGGCTCAAGATGGACATATTGGAATTTATAATGAGAATGCTAATCCTAAAATTGGACTGATAAATAATAATGGAGCTTTTGGTAGAACTTCTATTTCAAGTACTTGGACACAATTAACAACTCCTAGATCTGGTGTTAAAATTTGGTTTATTAATCCTAATGGTGTTTTGTCATCTATAGATGTTGCTAAAATGGAAGTATTAATTTATCCTTCTGTTTTTATATCTAACCCAGGTGATTTGTGGAATGTATCAATTTCTCCAGATGGGAATTATCTTGCTTTTGTTTC
CP065014.1_gap16	427930	432740	4810	CAAGTTGGCGTAAAGTTGAATTTAAAACTTAGAATTATTGGTTTTGATAATTGCCTTCCAATGCAAAATTTAAGAGTAAATATTTGGCATTGCAATAAAGATGGCTTGTACTCTGGGTATGACAATAATATGAATGCTGGACAAGCTGGTAAAACATTTAATCGTGGATATCAACTTACAGATCTAAATGGTGAAGTAAATTTTATTACTAATTTTCCGGGATGGTATAATGGAAGAGTATGTCATATACATTTTCAAGTTTATGTTAGTTCAGTTTATTCAGCTGTATCTCAATTGACATTCCCAGTTGATGCTAAAAATAAATTGTATACAGATAATCCAACATTTTATATGAAAGGTCCTGATGCAACATTGCCATCACAAGATGGAATATTTTCAGACGGATACAATTTTCAAATTTCAACTTTGACAGTTAATTCAGATGGAAGTTATAATGGAACTTTAGAAGTAACAGTTAAGGGAGCAGGGAAAAGCACAGCGGGTCTTGCAAATCATGAACCAGAAACTGGGGGATATTTTAAATTAGAACAAAATGTACCGAATCCATTTTCGAATGAAACCGCAATTCCATTTGATTTAATTAATAGTGGAGAAGTTAGCCTTCAATTATGGGATTTATCTGGTAAAATATTAACTGAAATAAATAAAGGAGTTTTAAATGCTGGAAAACATAGTATCAAAATAGATTTTGGATTACTTGGTTTACCAATAACAAATTATGTTTATCAGCTAAAGATTAAAAATAAAGATGGAGTTTTTACTCAATGTAAAATGATGACTATATCAAAATAAAATTTGTGAATAGAAATTGTTATTTAAAAGTACTTAACAAACGAAATAAACAAACAGATAAAATTATATTAATTTGAATCAGAAACTCGAGACTGATTTCACTTAATATCCAAACAAAATGGAAAGAAGAGAATTTTTAATGAAACTTGGAGCAGGAGCAGCTTTAACTTTAGCAGTAGGATGTTTGGAATCGTGTTCTAGCTCAACTGCACCTACAGAAATTGATTTCACGATTGACTTAAATCAAGATCAGTTTAAAAGTTTAAATACAAATGGCAGTTATTTAATATATAATGGTGTAGTTATTTCAAAAGGAATTGACGGAGCATTTTATGCTGCTACTGTAATTTGTTCTCATGAAAATGAAAAAAAAGTTTTGTACGATAAGTCTAAGAATCAATATATATGTTCTGCTCATGGAGCAACATTTGATTTGACAGGTAAAGGAACCAATAAAAATGGTAGTAGTGGTTTAACAATTTATAAAACATTACTTAATGGAACAATTCTAAGAGTATATTATTAAAAAGTAATTTACTTACCAAACTTAACAACTTAACAACTATGAAAATTTATTTAGCGATAATATTTATCGCAATAGGAATTATGTGCCAAAAATTAAGTGCACAAGAAAAACCAGAAACATTAATTGATTTTTCATCAATTAAAACAATTGGGATTTATGTATCTCCAGAATATCAATTGGGTCAACTTAGTGGAGGATTTACAAATTTTGCTTCTGGATCAATAATGATTACCATTAATAAGCGAATAGCATTTGGTGGAACTTTTTTAAGAAGTATTTCAGAAAATTATTCTCCAACGAACGTTAGCCCATTATTAGTAAGAAGTGAATTCATAGGTGGTAAAATAGAATATACAATTAACCCAGATAACCTTATTCACTTTTCATTTCCTGTGGTGGCTGGAGTAAGTAGAGTTTCATTAGATTCTGCAAATTTAGAAGATGATATGTGGGATTATAATGATCATTATTTTAAAAATAGATCATTAAAACAAAACAATCTTTTGATTTTACAAGCAGGAGCAAATGCCGAAGTCAATTTAATAAAATATGCAAAGTTCTATATAGGAACAAATTATCGATACTCAACAATAATTGGTAATGATGTTAAAGTTCTTGAAAACAATATAAATCAAGGCTTGTCATTTAGTGTTGGAATAAAATTAGGACTTTTCGATTTTTCAATATAAAATTTTACAATTTGTCAGTTGTTTACAACTGTTCAAATATAGAATTCCTCAAATAAACTTAACAAAAAAAACAACAATGAAAACAAATTTATTAGCGGTGCTTTCAGCACTCGTATTGGGAGGTGCATTCTTAACTGGATGTCAAGAAAGTGTATTATCAACAGACAATCAAAATGGATTAGATAAAAATTCTTGGATTTCAGATTTCCAAGATTCAAATAGTAATTTAGATTATGGTCATTATGAAAAAAAGGGATTTGAAGATAAAGGTAAAGGAAGAAGAGGACATCATTGTCCAGGTAGAGATAGCTTAAATAATGGATGTATGGGTATTCCAGATTCATTAGTACCCCAAATAATCAAAGATAATTTTACTGTCAAATATCCTGGAATAACACCAAAATGGAGTAAACGTGATACAACTTATTCAGCAAGATTTACTACAACTGATAGTTTGAAAACTGAAGCAATATTTAATTTAAGTGGAATTTTGTTAACTATTGAAACTCATGTAGGAATAGACAAACTTCCGGTGGTTATTTCTGACAAAATCAAATTAGAATACTCAAGTTATACAATTAAACATTTGGAAATTGTGAATGATGTAATTAAAGGAATCTCTAATTATGAAGTAGTAATTATTGGTGGAGATAGAACAGGGTATAAGCTTGTTTATGATTCTGTAGGAAATTTACTTGAAAAAAAAGAATTGAGAAGAAGATAATCTCAAAATTATAATGACTATTTAAAATTTTGGTAATAAATAAAGATGGATTTACTTCTGTAAGTAAATTCGTCTTTTTTTTACTAAAATTATTTTTAGAAAACATAAAAAAGAAGTTAAATTCTCATAGTGAAAGTAAAACTGAATTTTAAATATATTTAATATTCAATGAATTAGAATCAATTGCTTATTATTAAAATTCAATTTGTAATTTTGCAATTCAAGAAAAGATAATTAAGAAATATTTTTTACAACAATAATTTTTTTACAAATTTAATGGCAATTCGCATAGCAATTAACGGCTTTGGTCGTATTGGTCGCCTAGTTTTTCGTCACGCAATAGCTAACAAAGATAAGTTTGATTTCGTGGGAATAAATGATTTAACTGATGCAAAAACACTTGCACATTTGTTAAAGTACGACTCCGTACATGGTCTTTTTAAAGGGGATGTTGAAGTTGATGGAAATGATTTAATTGTTAATGGAGATAGAATTAAAATTTCATCATCAAAAACAATTGAAGATATTGGATGGGGAGAAATAGATGTTGCTATTGAATCTACTGGAGTTTTTACAGATAGATTAAGTTTGACAAAACATCTTAATGCAGGAGCTAGAAAAGTTGTGTTAACAGCACCTGCTAAAGACGAAATGGATGCTACAGTTGTGCTTGGAGTAAATGATTATATATTAACATCTGAGTCAAAAATTGTTTCCAATGCTTCATGTACTACTAATTGTTTAGCACCTATGGTAAAAATTTTAATGGATAATTTTGGTATTCAATCAGGTTTTATGACAACAGTACATTCATATACAAACGATCAAAACATATTAGATTTGCCTCACAAAGACTTACGCAGATCTAGAGCAGCAGCAGTAAACATTATCCCAACTTCAACTGGTGCAGCAAAAGCATTAGGGTTAGTTATACCTGAAGTTAAAGGAAAGTTAGATGGTATGGCAATGAGAGTTCCAACTCCAGATGGTTCTGTAACTGATTTTACGGCTATTCTTGAAAGATCTGCTACTAAGGAGGAAATTAATGCAAAATTTAAAGAGGCAGCAAATGGAGCAATGAAAAATATTCTTCAATACACTGAAGATCCAATAGTTTCATCTGATATTATAGGAAATCCACATTCTTGTATTTTAGATGCAGATTGTACAATGGTAATTGGAAATCATATTAAAATAATTGGTTGGTACGATAATGAGTTCGGATACTCAAGCCGCATTGTAGATCTTGTTGAAAAAATTTCAAGTTTGTAGTTTGAAAGTAATTTTATTTATTAAAGGATTAGGAATTAATATCTAATCCTTTTTTTATTCTACTTTTATAAATCAAATATATTAATACTCCTGCCAATCCACTTCCAATCGAATCTGCTAACCAGTCTCTGTAATCACAGGTTCTGTTAGGAACAAAATATTGATGAAGTTCATCTGTAATTCCAAATATAGAAGTTGCAATAAAAGAAATTAAAAGAATTTTAATTAAAGATTTTTTTACAAAAATATTTCTAAAAGAAATGAACATAAATAGCATCATTAAAAAATATGCTCCAAAATGGTTTAACTTATCCCAAATCTCAAAAACTCCACTGGGATGCAAATTTGATTGTGAACTTAATGCAAATATTAATGAACAATATAATATAATTGGAGAATGGAACTTGAAATATTGTTTTAATTTCATTCTGAAATGTATATGAAAGCTTTGTATAAATTTGCAATTATATCTGAAGTTGTAACTGATTTGGTCCCTTTAAAATTAAGTGATAAATCACCAGAAAAAGAATGTGCAAACACTGAAGTTAGTACTGAGTTGAAAGCATTGCCACTATTTTGAGCTACCAACGAACCAATAACACCCGCAAGAGCATCACCAGATCCAGCTGTAGCCATTGATGAATTACCAACTGAGTTTATATATACGAAACCATTAGTATCCGCAACAACTGTAGGAGCACCTTTTAAAACAGTAATACAATGAAATCTTTTAGAAGAAATTTTTGCAATTTCAATTGGATTCATAGCTATTTCTTCAGTAGGTAT
CP065014.1_gap17	565723	570220	4497	CTGTAATTTTAGAAGCTATAACTTATGCATTGTATGGTGAAACTGTAAGAATGAATAAGCAACAAAATCGTAGTTATAATATGATGAATTTACTTTCAAATGAATTCCATATTGATTTCATATTTGTTCATGGATCTGACGGGAAAGAAATTGAATATAGATTTACTGCTTCGGCAAAAAGGAACAAAAAGAAATTTGAAGATGTAAAAACAATTGATCGTAAAGCTTATAAAAAAATTGATGAACAATGGATGCCATTAGAATCAATTGATGGAAAATTAATATTAAATTTAAGTTATGATAATTTTAAAAGAACAGTAATTATTCCTCAAAATAAATTTCAAGAATTTTTAGAACTAAGTGGGACAGATAAAAGATCAATGATGGAGGAGATATTTGACTTAAGCAAATATAATCTTTACAAAAAAATTGATTATTTAGATAAAATTAATAATGAGAAAATAAATCAAATAAATGCTAAGATATCACAAATTGGAGATGTTTCTAATGAAGTTTTGGAGAACGAAGAAAGGAATCTAAATGAAGTTAAAAAGTTGATTGAACAGAATGATGAAATATTAGATAAGTTCTCAACCCAAGACAAAAAATATGACTGGTTAAAAAATATATTTAATCAGATAGATGCAAATAATTCTCGACTAGAAAATCTTAATTCTAAGAAACAATTCTATTTGGAAAAATCTAATCAGTTGAAGAATTATGAAAAATGTTACAGAGAGTTTAAATTTATGCTTTCGAGTATTGAAAACAAAAAAATTGAATATTCCTCAAAAGTTTCATCAATTAAAAGTGATGAATCAGACAGAATTAAACTTGAAGTTTCCTTAGAAAGTCTATTAGAGGAATTCAATTTAATTAAAACTAAATATGAAAATAAAAATGATTTGATTCAAAAAGTAAATGATTTTAATTGCATAATTGAAATAAATAATTTAATATCTTCCTTAAATAGAAAAAAAATAAATATAGATAAAATTAAGAGAAGTATTGAAAATTATGATTTTGAAATTAAAAATATTAATGAGCAATTAAATGTCAAAATAAATGAAGTTGAAAATTTGAATTTAACTGCACGTAATTTGCAAACACTTTCTGAAATTAAGTATTGGTTCAATTTGAAAAATAATTTCATGAAAAATTTGGATGATACTAAAGTTGAAAATAAATTTAATTTAAATGAAATTTTAAAAATTGAAGAAGAGTTAAAAAATACAATAGAAAATGCAATCTCAAATGGATTGATAAAAAATAATGAAATTAAAATTAGTAATCAAATAAGTGACAAGAAAAAGAGTATCGAAATAGAAATTATTCACATAGATAAAGAGATAAATTTAGTTACAGTTCAACAAAAATTAAAAGAGTTTACACAAACATTATCTAATGGAGAAGCTTGCCCATTATGTGGATCTCTTGAGCACCCAAAGCCATTGGTAACGAATGATTTACAGAATAATTACATTAATGATAATAAAAAGATAAAATGTAAAGAAAGAATTAAAAGTCTAGATTTATTATTCGAAAAATTGAAAGAATTACATTCAAATAAAAAAATCTATTTGGACTCAAATATCAGGTTAAATGAAAAAATTAATAAACAACAAAATGATTTAAAAAATCATGATGCATTGTTTGTATGGAGTGATTATAAACTGATTGATGAATATGAGATTATTAACAACTATAAAATTGCAAAGTTAAATAGTGAGCAAATCGAAATATGTAAATCTTTTATTGAAAAGTTGAGGAATGATATTGATAAAAAAAATCAAAATAAAAAACAGGATGAAAGTGAAATACTTAAGTATGGGAATGAGCTAATTACAATTGAGACCAAATGTAATACCTTGAAGGAAGTGGTAAAATTGAGCAATTTTCAAGAAGTAGAAATGATGAATAATACTCAAATTGAAATTAAAATTAAGAGCTTAAACCAGGAGATAATATCAATTGATAATAATTTTGAAATAAAAGAAAAACAACTTAAGGAAGTTGAGATTAAAAAAAATGTATTAGATGGACAAATAATTTCTCAGAAAACTATGCTAGAAGATATTGAGTTTCAACTTAAAGAAGAGATTGAGAAGTTAAATGAAAAGTTAATTGAAAACAACTTCAATAATGTAGAAGAAGTTAATGTAATTTTAAATAAAAACCTAAATGTTGAAGTAGTTCGAAAAGAGATTGAACAGTTTAAACTTGATATTAATACTTGTGAAAAAAATAAATTAGATTTTTTTAATCAATCAAATGGTGAAGTTTATAATAGTGAATTACATGAAAAATTAAAGTTTGATTTAGATAGTGTAACAAAGGAACAGAATGAGTTACGAGTTTCAGAAGGAAGTTTAAAATCAACCATTAGCAATTATAAAAAAGCAATAATAGAAGTAAGTAATTTTAATAATAACTTAGAGAATTTAAATATCAGAGCTTTCAATTTAAATTTACTAAAATCACATTTTGTAGCAAAAGGAAAAGGATTTTTAGATTATATTATTTCAGTTTATTTGAATCAACTTTGCGATTCAGCAAATGAAAGATTCTATAAAATGACTTCTCAGAATTATAAACTAGTTGTAACAGAAGACAATAATTTTGAAGTAAAAGATTTTTTAAATGGTGGAAAAGTTCGAGGAGCTTTTACTTTATCTGGTGGGCAAAAATTTCAAGCAGCACTTTCGTTAGCATTAGCATTATCTGGAAGTATTCAAACTTATAGTAACTCTAAACAGAATTTCTTTTTTTTAGATGAAGGTTTTGGTTCATTAGATAAATCTACACTTGAGAATGTATTTGATACATTAAAATCGTTACTTAATGAAAACAGAATTGTTGGTGTAATTTCACATGTGGAAGAAGTCAAGCAGGAAATTGATGTGTATTTGAAAATTAGAAAAGACAAAGATAAAGGTAGTATAATTGAAACAAGTTGGAAATAATTTTTGTTTTAAAAAAGTTCATACTATTTTATTTTATAACACATTTGTTTTAGTTTCAATAATTTTCAAAACTGAATTAACTTGCTCAGTTATTGACATATTAGAAGTATCTAACTCTATTGCATCATCTGCTTTTTTTAGTGGACTTTCATCTCTAGTTGAATCAATTCTATCACGTTCTAAAATATCTTTAATCAAATCTTTTAAATCAATTATTTCACCAGACTTTTCTAATTCCAAAAATCTTCTTTTAGCTCTTGATTCTATATTTGCTATCATATAAATTTTAACATCAGCATTAGGATAAACAACAGTTCCAATATCTCTTCCATCTAAAACAACGCCTCCTTTTTTACCCATTTCCCTTTGCAACTCAACCATTCTTTTTCTAACAAGTGGATACATACAAACAACTGAAACATTATTAGAAATATCATTTTTACGAATTTCCTTAGAAACATCTATTTCATTAAGCATTACTTTTAAAAGAAATTCTTTATCATGCTCAATTTTTATATTTACATTCATTGCAATGAACTCTACATCATCTTTATTACTCGGGGATACTCCGGCTTGTAATACTGCTAAAGTAATTGCACGATACATAGCACCTGTATCAATGTAATTTAAATTGAGTTTTTTTGCAACCAACTTTGCAGTAGTACTTTTTCCTGAAGCAGCAGGACCATCAATTGCTATTACAATTTTATCCCTTATCATAAATATAATTATTAGTTATAAAATTAGATCCTGACAAATTGCAACAGGATATACTTTAAAAAATATAGAATAAAAAAATATGATTTATCTTAGAATCATTTGATTTCTTGCGGGTCCTGTACCAATTGATGATATTTTTACTTCTAAATAATTTTCTATAAATGAAATATAATTTTGAGCTTCTGAAGGTAAATTATCAAAACCATCAAAATTTTTTAATTCAGTATTCCAACCTTTTAAAGTTTCAAATATTGGTATTACTTTCTCTAGTGTAACTGCATCACTAGGGAAATATTTTACAAATTTTCCATCTATAGTGTAACTTGTACAAACCTTTATTTCTGAGAATTTATTTAAAACATCAAATTTAGTTAAAGCAATTTCTTTCACTCCGTTAATCATACAAGAGTATTTTAAAGCAAATAAATCTAACCATCCACATCTTCTTGGTCTGCCAGTAGTAGCTCCAAATTCTTGTCCTTCACTTCTAAGAGTTTCACCAATTCCATCTACAAGTTCAGTTGGAAATGGTCCGTTACCCACTCTAGTGCAGTAAGCTTTTGCTATTCCAATTACATTTGTAATAGATGTTGGAGGAACTCCAAGCCCTGTGCAAGCACCACCACTAGTAGGTGAAGAACTTGTAACAAATGGATAAGTTCCATGATCAATATCTAATAAAGCACCTTGAGCACCTTCAAGTAACAAGTTTTTGCCTGATTTTATTGCGTCATTTAAAAAGTAAGTTGTGTCGGTAATAAAAGAATCTATTCTCTTATCAAATTCCAGATATTCTGTAATAGTCTTTTCAACG
CP065014.1_gap18	571572	574661	3089	ATAAATTTATCATTGAATGAAATTAAAATTCCTGGTGATATATTATTTTGGATAAATGATTTTGTTATGGCGATATTTTTTTTATTAGTTGGATTAGAAATTAAAAGGGAATTAGTAATTGGTGAATTATCTACATTTAAAAAAGGAGTATTGCCATTTATAGTTGCATTATTTGGAATGGTATTTCCTGCATTATTATATATATTAAGTAATCTTGGGAAAGATACAATTTCAGGATGGGCAATTCCATCTGCCACAGATATTGCATTTGCTTTAGGAGTTTTATCATTGTTAGGAGAAAGAGTTCCATCGTCATTAAAAGTATTTTTAACAGCACTTGCTGTTATTGATGATTTAGGAGCAATAATTATTATTGGATTATTTTATGGGCATGGATTTCAATTGCAATTTTGTTTGTACGCTTTATTTACTTTAATTTTTATTTATGGATTGAATAAATTGAAAGTTCGAAAATTATGGGTTTATCTAGTTCTCGGCATACCATTATGGTATTTTATGTATAGATCTGGTATTCATGCAACTATATCTGGTGTACTTCTTGCTTTTGTAATTCCATTAGATAAAGATTCTAAAAAGTCAATCTCAATTAATTTAGAGCATATGCTTCTGAAGCCAGTAAATTTTATTATAATGCCTATTTTTGCTTTAGCAAATACATCAATTGTTATAAATTCTAATGCTTTTAGTGCTTTAGTTGAACCTCATTGTTTTGGAATAGGATTGGGGTTAATTTTAGGTAAACCAATTGGAGTATTATCAGCAACATATTTATCTATAAAATCTAGACTAGTTTCATTGCCACAAGGTGTTACATGGAATCAAATAATTGGTGTTGGTTTTCTTGCTGGAATTGGCTTTACAATGTCAATTTTTATAACAATGCTTGCCTTTAAAAATGAAGAAATTATTTCTCAATCTAAACTTGCTATTATTATATCTTCATGTTCAGCAGGTTTCATAGGCTATCTAATTCTTAAAAATAGTAAAGGAAAAGTAAAAACTAAATCTGCTTGATTTTAAATTAAATAAATTCTATTAATATAATTATGCTCACAAAATCTTTTGATCCAAACTTGTCTGAAAATAAATGGTATAAATACTGGTATGATAATAAACTATTCGAAGCAGATTCATCTTCAGGAAAAACTCCATATACAATTGTTATTCCTCCTCCAAATGTCACAGGAATTTTAACTCTAGGCCATGTGTTGAACAACACTATTCAGGATTTATATATTAGGTGGCACAGAATGAGTGGGTTTGAAGCTTGTTGGATTCCTGGTATAGATCATGCTGGAATAGCAACTCAAGCCAAAGTTGTTGAAGCTTTGAAACTTGAAGGGATTGATTACAAGGAACTTGGACGTGAAAAATTTGTTGAGAAAGTTTGGGAATGGAAAAATAAATATGGTGGTATAATTTTCCAACAACTAAAATCATTAGGTGTTTCTGTTGATTGGGGTCGAGAAAGATTTACTATGGAACCTACATTATCAAAAGCTGTGACTGATGTGTTTGTCAAACTTTTTGATAAAGGGTTAATTTATAGAGGAAAAAAAATAGTAAACTGGTCTCCTAAAATGCAGACAACTATTAGCGATGAGGAGGTGATTCATAAAGAAGTTAAAGATAAATTATATAATCTTAAGTATAAAGAGGAAAATGGAGGAGAAGGAATTTGTATAGCTACCGTTAGACCAGAAACTATTTGGGGTGATGTTGCAGTAGCAGTTAATCCTGAAGACATCAGGTACAAACATCTTATTGGGAAAAATGTAGTTGTTCCAGTAGTTGGCAGATTAGTTCCTGTTATTGCTGATAATTATGTAGAAATTGATTTTGGTACAGGTGCATTAAAAATTACTCCAGCTCATGATATAAATGATTATGAAGTTGGAATTAGGCATGGGCTTGAGATAATAAATACTTTAAATCCTGACGGGACAATGAACAATCTTGCTGGACCAATTGCAGGAATGGAAAGGTTTATTGCAAGGAAAAAAACAATTGAACTTTTAGAACTTGAAGGGACATTAATTAGCCAAGAAGACTACATACATTCAGTTGGTTTTAGTGAAAGAGGAGGAGAGCAAATAGAACCTTTTTTATCAGATCAATGGTTTATGTCAATGAAAGAATTATCAAAACCAGCAATTGAAGTTGTAAATATTGGTTTGATTAAAATTCACCCTGAGCATTGGACAAAAACCTATAATAATTGGATGAAAAATATTAGGGATTGGCCCATTTCTAGGCAGCTTTGGTGGGGTCATAGAATCCCTGTTTATTATACAGAATCTGGTCAATATACTGCAGCTCATAATGAGGATGAAGCTCGTACTAAATTAAATGTATCAAAAGAAGTTGTAATCAAACAAGATGAAGACGCATTAGATACTTGGTTTTCAAGTTGGTTATGGCCTTTTTCTGTTCATGGTTGGGGAAGTGATGAAATAAATGAAAAAGATTTGAAATACTTTTATCCAACAAATTTATTAGTTACAGGACCAGATATTATTTTCTTTTGGGTTGCAAGAATGATAATTGCAGGATTGGAATTTATGCCATCTGTTAATATGGCTGACGGATCTGAAAGGAAAGAATTAAAAGATTTAATTCCATTTAAGGACGTTTATTTTACTTCAATAATAAGAGATGAAAAAGGAAGAAAACTTTCAAAGTCATTAGGTAATTCGCCCGACCCTTTGAATGTTATAGAAAAATATGGTGCAGATGCATTGAGATTTACAATAATATATTCTGCTCCTCATGGTCAAGATATTAGGTTTACAGAGCAAATGTGCGATCTTGGTAGGAATTTTGCAAATAAAATGTGGAATGCTTGTAGGTTCCTTTTAATGAAAAGGAATGATGCTTTTAAAGTAGAAGTTAATGAATCAGATTTAATTAATGAAGATTTTGTTGAGATTGAATACATTCATAGTGAGCATACGAATTTAATACCAGTTACAACTTCTGACAAATGGATTTTATCACGTTTTAATAATTCATTATTTAATATAGAACGTGCGTTAAAAGATTTTAAAATGGGCGAATACTCAAAGTTA
CP065014.1_gap19	575774	578622	2848	GGGAAATGGTAGAGGATTATGTTCGGAAGAATTATACATTTGATGTAAAATTTATAGAGCAAAAAGAACCACAAGGTTTGGGTCATGCTATTATGTTAGCAAAGGAAGATTTGGGAGATGAACCACTTCTGATAATTTTAGGGGATACTATTTTTGATGTAGATTTACGCCCAGTACTAATTGGTAAAGTTTCTTCTATAGGTGTAAAAAGAGTTGATGATCCTCGTAGATTTGGAGTTGTAGAATTGAATGGGTTGTCTATTAGTAAATTGATAGAAAAGCCAGAATTTCCAACAACAAACTTAGCTATTGTCGGATTGTATTTCATTAAACAACCAAGAGTATTATCTGAATGTTTAGATGAATTGGTGACTAAGAATGAACGTAACAAAGGTGAGTATCAACTAACTGATGCTTTACAAAAAATGATAGATCGTGGTGAAAAATTTACAACATTTAATGTAGATGGCTGGTTAGATTGTGGTAAGCCTGAAACATTACTTGAAACAAATCGTCACCTACTCGATAAAAAATCTTTAGAGAGAGAATTACCTGGAGTGGTAATAAATCCTCCTGTACATATTGCTCCAAGTGCACAAATTAGAAACTCTGTAATAGGACCATTTGCAACAATTGCTGAGGGTGCAATAGTTAAAGATTCTATTATAACAAATTCAATTGTTGGGGATAATGCATTGGTTGAGCAAGCAATGCTAAATGAATCAATTATTGGAAATAATAGTGTAGTAAGAGGCAATTGGAGAAAAGTAAATATAGGTGCTAATTCTGAATTATATTTAGGATAGTATCTTAGTGAAAATTAAAAAATTAATCAACAAAAAATATAAATTTATTAAAAATGTTTTTATTCACATCTGAATCTGTTTCTGAAGGGCATCCAGACAAAGTATCCGATCAAATATCTGACGCAATACTTGATGCAATTATTGCTAAAGATCCAAATGCAAGAGTTGCTTGTGAAACTTTTTGTACAACTGGATTGGTGGTTATTGGTGGAGAAATTACTACTAAAACTTATATTAATTTCGATGATGTGGCTAGAGAAACAATTAGACAAATTGGTTACACAAAGCCAGAATATAGATTTGATGCAGATTCTTGTGGAGTAATAAATGCTGTGCATTCTCAATCTCCTGATATTGCAATGGGTGTTGATACAGGTGGTGCAGGAGATCAAGGGATGATGTTTGGATATGCTTGTGATGAAACTCAAGAGTTAATGCCGGCAGCCCTGATGTTCTCTCACCGAATTATGTCGCGATTGGCAGAAGTAAGAAAAATGAAAAACTCTCCAATGTCTTATTTACGTCCAGATTCTAAAAGTCAAGTAACAATTGAATATGGTGATGATTTCAAACCAAAACGTATTCATACAATTGTTGTTTCAACTCAACATGATCCATTTAAAAGTCCTGCAATAATGCAAAAGTCAATTTTAGATGATTTAAATAAATATGTTTTTCCAAAAGTATTGCCAAAAAATATGTTGGATAAAAACACAATTTATCATGTTAATCCAACTGGAAATTTTGAAATTGGGGGACCTCATGGAGATACAGGATTAACTGGAAGGAAGATAATAGTTGATACTTATGGTGGTGCAGCTCCACATGGGGGGGGTGCTTTTAGTGGTAAAGATCCATCAAAAGTTGATAGGAGTGCAGCTTATGCAACTCGTCATCTAGCAAAAAATGTAGTTGCAGCAGGACTAGCAAGCCGTTGTACAATTCAGGTTTCTTATGCAATAGGTGTAGCAGAGCCAGTTTCATTATATGCTGACACTCATGGAACAGGAGAAATTAGTAATAGTAAGTTATCAGAAATTTTACTTAAAGAGATTGATATGACTCCAAAAGGAATCATTAAAAGATTGAATTTGCGTCGTCCTATTTACAGAAATACTGCTGCATATGGACACTTTGGTAAACCAGAATATTCATGGGAACAGACAAACCTAGTAAAACAAATTCAAAAGGCAGTTAAATAATTGGAAAAATACAATTTTTTTTTTGTAAGGGGTTTGTGTTTAATACAATTTAATAATGAACTTTCATTTATAATATCTTGTTTTTTATGAGAGTTCTTAATCTTGGATGTGGAAATAAAAAGAATGATTTCCCTGAGTTTAGCCAAGCAATTGAAGTTGTAGGTGTTGATTTGAGCAATATTTCAGATGCAGATATTTTACATAATCTAGATAATTTTCCATATCCATTAGAAAGTGATTATTTTGATTTAGTAATTATGCAAGATGTTGTAGAGCATCTCGAAAACGTACCAGGAACATTAAATGAGGTTTATAGAGTCTGTAAAAATGGGGCTGAACTTCGTTTAAGAACTCCTCATTATGCTGGATACTATGCTTACGGAGACCCAACACATAAAAGATTTTTTAGCATTTATGCATTTGATGGATTTAATGCTGATAAACCAAATTTACTATATACAGAATCAAGATTCAAATTTTTGGAACGAACAATTGAATTCCCAAAACTTTGGAGGATTACTGGAGTTGCTTGGTTAGCAAATAAATTTTCTCATAGATGGGAACAATTGTTTGCATATATTTTTCGACCTGAAAATATCTATTTTAGAATGAAAGCGATTAAGTAGATTATTTTAAATAATGATAGCAAAAATTTTTAAAAAAGATTAATTAATAACATAAAATTATAACAAATTAGAAAATGGATCAAGTAGAAGGAAAATACAAAGTTGCTAATATTAGTTTAGCCGATGAAGGTCGTAAACTTATAGACTGGGCAGAAAGTAGAATGCCAGTAATGATGTCTTTAAGAAAAAAGTACTCAGAAACAAAACCACTTGC
CP065014.1_gap20	599675	601899	2224	TGGTGATGAATACTCCTTAGTATACTTTAAAATATTGAGTAAAGAAAAAAAAGAGATTGAATTCTCTCAATTGTTATTATTTAAAAATCATGAACTTCTATATCAAAGTAAAAATTTTGATTTTATTATGAGTCATTCTAAAAAAAGCTGGACACTTAAATATCCATCTCGAATATTAATTTCAAATGATGATATTAAAGTTGAAGTAAATGAATCATATAAACCTGAATCAGGTCCATTCTATCATAGATTTGTTTCTGATTTCAAAATTTACTTTAAGAATAATTTAGTTTCAGGTAAAGGAATAACTGAATTTCTAAAACCAAAAAGGTTAGGTATAAAGTCTTTTCGTCCTTTTATAAAATTTCGAGTTAGAAGAACCTAATTAATTAATCTTCTATACCTTGTAAATTATTTACTCTTGCAATATCAATTTTCTTAAAAATAATAATAAAGCTATTGTCTAAATTAATTAATTATAGAAATAAAGTTACTAAAGTTGTTGTTGGTGTTATGTCTGGAACTTCATTAGATGCAATTGATGTTGCATTTGTTGAAATTAGTAATTACTCAATTAATACAAAACATAAGCTAATTGCTTTTAAATCTATACCAATTGAATCATCATTAAAAGATAGGTTACATGCAGCTTGCGAAGGAAATCTTACAATGAGAGAGTGCTTTGAATTGGATATTGATTTAGGAATGATTTATGTAGATTCAATTTTGGATTGTGCTAAAACAAACAATTTATCAATAGATATGATTGATGCAATTGGATTACATGGTCAAACTGTTTTTCATAATCCTAATAGAAAACCAATTGGCCTTACAATACAGATTGGATCAGGTAGTGTGGTTGCTCAGAACCTTGCAACAATTGTTGTGAATGATTTTAGAACTAATGATGTTGCCGCAGGAGGACATGGTGCACCTTTAGTTCCTTATTGTGATTATTTGTTGTTACATGATAAAAATGTAAATAAAGTATCACTAAATATTGGTGGAATTTCAAATATAACTTGGTTAGGTAAAAATACTACCTTAGATAATTTGATTGCATTTGATACTGGTCCTGGAAACATGATAATTGATTCTGCAATGTTGGAATTCTATAATAAGAAATATGATGAAAATGGAGATGTGGCTTTAACTGGACAAGTTAACGAAGAATGGTTAACAGAAATACTTAGCAAGAAATATTATCATTTAAAACCTCCTAAGAGTACTGGACGTGAACAGTTTGGTGAAGAAACTTCTAAAGCTTTAACAGTAAGAGGTAGAAGTATTGGTTTATCAAATCAAGATATTATTTCTACAATTACAGCAGTTACCTCAAGAAGCATTGCAATGGGAATAAATAATTTTTGTAGAAATGAAGAATCAGTTGATGAAATAATAATTGGTGGTGGTGGTTTTCATAATAGTGCAATAATAAAATATCTGAAAGGGGAATTTGTTGGAACAACATTTAGTTCAAGTGATAAGTATAATTTACCAGTGGATGCCAAAGAATCAATTTGCTTTGCTATATTAGCTAATGAAACTTTAAATGAAATAAGATCCAACGTACCAAATGTAACTGGAGCTAAGAATCATGTGATTTGCGGTTCTATTAGAATTGGTTAATAAAAATATTTATAACCAATTCTAAAATCAAAAATGAAGTTGTTCCTTCTTTTATTTCTATTTCCCATTACTTTGCTTTCACAAAAAATTAATGGAGTAAATATAGTATCACCAAAATTAAAAGTATACTCAAATCCCATTGATACAATAAAGTCAATTAATGCTAATTGGGTTGCAATTTGTCCTTTTGCTTTTCTTACACCAAATAATCCTGAAATCAGATATGAAAATTCAGATAGTTGGTACGGAGATAAATACAACGGCGTTAAGGAAATGATAAAATTCGCTAAAAATTCCAAATTAAAAATTCTATTAAAACCCCATTTTTGGGTAGATGGTGAAGGCTGGGCAGGTGATTATAATCTATCAAATGATAAGTGGAAAGTTTGGGAAAGAAACTATATAAATTACATTTTGAGGTTAGCAAAATTAGCTGATTCAAATAAAGTTGAAATGTTTTGCATTGGTACTGAATGGAAAAATGCCGTAAAGGAGAGACCAAAATTTTGGTTTTATTTAATTGATTCAGTACGTAAATACTACTCAGGTAAATTAACTTATGCAGCGAATTGGGATGAATATCATAATGTACCAT
CP065014.1_gap21	604116	606129	2013	TTATTTTGTTCCATTAAAAAAAGGTTATAGAAAATTTCTTAAATTAAAAATCATCAAAAATAGAAAAACCAAAATAAACTAAAACTAACAAAAATAAAAAATTGGTGAATTATTCTAACAGTAAATAGGGTAGTCTGTAACTAAGATAAAATTATGATTGAACTTTATTTGATTCAAATATAAAACTTTCTATTTAGACAGACAAGAAAAATCTTTCTAAAAAGTAATTTTATTTATATTTGCAACTATATGAAAAGAATATTGTTATTTGCAAAAGAAGTATTTGGAAACCTAGATCAACTTGGTTATGCAATTGGGTATAATAGTTCTGGTGTTCTTCATAAGTATGCATCTGGTTTGCAAAAGCCTGGAGCAAAGCTTTTAGAACGTATGGCAGACGTTGGTTGTAATATACAATGGTTACTTACTGGTGAAGGGGAAATGTTTGCTGAGAATGATGCTGGATGGGATTTAAGAGAGAAATCATTAGCAGCTAATTATGAAAAATCATTGACTTCAAAACCTGTTTTAAGTAGGAAAAGATTAGTTCCAATTATGTTAGAACCTACATCAGCTGGTTTGGGTAATAGAGTTGAAGGGTATGTTGATAAACAAGTTGATTTACACAGTTTTTTAACAGGTGATAAAGATGATGTGTTTTGTATTTATGCTAAAGGTGATTCTATGATTGGTGCTGATATTTTTGATGGAGATATGGTTGTTGTAGATAGCTCTCTGCCTGTTCAGGAAGGTGACATTGTTGTTGCATATATGGAAGATAAGGGTGAACAAACAATTAAAAGGCTAAAATACTCTAACGGTTTTATTATGCTTGTTGCAGAAAATCCTAAATATCAGCCTATTAAAGTTGTCCCTAAGGATATTAGAATAATGGGTGCTGTTACTAAAGTAATACATGACATTAAATCAGGAAAAAAAAGTAAAAGATAACTTGGCTACTATTTCTTAAATAGGATTTACTCAATCAATTTTAAAAAAAATAAAAATATATAGTACGCTTTTTCTTTATTTTTGGGTAATACTTAAGTTTAATTTATACAAATTCCTATAATTATGATTGAACAATACTTACCAGTGATATTAATGATTCTAGCTGGTCTAGGGTTTGGTTTAGTTTCAGTAAAAGCACATGAGTGGTTAGGTCCGCAAAAACCTAATAAAGAAAAATTAGAGACTTATGAATCTGGTATGAGGCCAATAACATCTTTAAAAGACAGATTTCCTGTTAAGTTTTATCTTGTTGGGATGTTGTTTATTCTTTTTGATATTGAAGTTGTTTTTATGTATCCATGGGCTGTTAACTTTAAAGAGCTTGGCACAAATGGGTTAATCTCAATGGTATTGTTCATAACAACATTATTTGCTGGTTATATTTATATATTGAAAAAAGGTGCATTAAAATGGGATTAAATTTAAAATTCATATGAAATTTAAAATTCATATGAGATAATTATTATGTTTTGTTTTTATAAAAAGATTAAAAATTAAAGTTTATATTTTTATGATAGATCAATTAGAAAAAGAAGGTTTTATAACAACTACAGTTGAATCAGCAATAGGTTGGGCTCGTAAAAAATTCGATTTGGCCTATGCCATTAGGAATTTCTTGTTGTGCTATTGAGATGATGGCTTTTGCAGGACCTAGATTTGATTGCTCAAGATTTGGATCTGAGAGATTTTCTTTTTCTCCAAGACAAGCAGATTTATTAATTGTTGCAGGGACTGTAACTTATAAAATGGCTTGGGTTGTTAGGCAAATCTATGATCAAATGCCAGAACCTAAATGGGTGCTTTCAATGGGTGCTTGTGCAAGTTCAGGTGGAATGTTTCGTTCTTATTCAGTTGTACAAGGTATTGACCAATTTATCCCAGTTGATGTTTTTGTTGCAGGTTGCCCTCCAAGACCTGAAAATTTGATTCAAGGATTATTGCTTATTCAAGATCAAATTAAAAATGGTAGAAACCCTATAACTGAAAGAGAAGCTATGTACG
CP065014.1_gap22	684231	687436	3205	ATTGAGCCTGGAAAAGTTAATGGACGTGAATGGAGACCTAACAAAAACTTTACAGATACTCCAGAAGAATATGAATCTACATTAATGAGAAATCTAAATGATGTAAAACTTATTCTTCCAACTCAATATGCTCTACCCTATGATGTATTTTTACAAAGATTATCAAGAAGATCTTTATGGATAAACCTACCAAAGAATCCAGTAATAGTACCATTTAAGAGCTCTAGCAAAGATTATAATCCAAATAATTTCAAGCAAAAAGTTTATATGCTTCTTGATACTTCTACCTCAATGTCAGCACACCACAGAATCCAAATGGCAAAGGCAGTTGTATTTGTATTTTTAAAACGAAATTTAAAAGAATTGGGTCATGTTTACTTCAGAACTTTTGATACAGAGGTTGGATCTCTTTGGAAAGCAACTGAGTTGAATTCTTTGAAAAAATTAATAAAGTACGTTATGAGGTTAAAAAAACTTGGTAATGGTACTGTAATGGAAAAAGCAATTATGATTGCAATTAATGATATAAAAAAAAGTTCTAGTCTGGAAGGGGCAGAAATACTACTTGTAACAGACGGTGCTTGCCATTTAGATATTGAAAAAATTAAAGAAGGTATAGGAAAAAGCATTATAATAAACACTATAAAAATTGGGAGCACAACTATTGTTCCTGATGAGAAATACTTAAGAGATATTGCATCAAGAGGGAATGCACCAAGACAAAAAGATCTTAAGAAAATGGAGGAAGAATTAAGGCATTTAAAAGCTGAGCTAGAATTTACAGCTGGCACAATAACAAGCAAAGCCCTTCGCTCTCAAATAACAGATATGGAGCACAGAACTAATCAATTAAAGTTGATGATTATTGATGATATTAAGTTAAAATATGGAAGAGAAATTGAGTATCTATCAAAAGTATATGTTAATATAAATGATTTAGTTTTAGATGATATTTTCAAATTAAATCAGAGTGAAATTGATGAACTTAAAGAATTGTTAAATGCTATTGAACTAGATTTTGAAGGTGGTTTTGATGCAGATGCTTTGAGAGAAGCAGCATTATTATTTGAACACATTCAAATGTTATTGCACAACGCTCCAAATCCTAATCAAAAAAAACAACTAGAAGATATGGCAAACAATTTACAAGAACTGCTGAAAGATGTAGGAAAAACAATGAGCAATAATGGGAGCAATATGGTTAGTGGAGTTTCAAGCAATGATTTGCGTGATATTCAAATGATGCTTAGTAGTAGTAAAAATGGTGGAGAAGGTTTTTCTTTGTTTCAAATAATTCTTCAAATGATGAAGCAATTACTTTCAAAAAAGATTTTTTCTGGATTGAAATATTTTAAAAAAAAATAAGTGAGAATAATTTTTCTATTTTTTACAAAAAGTATTTGCTATAAAAATTTATTCAAAAAGTACAATTTAATCCCTTTAAACTATTGTTAATCAAATATCCTTTAGTTTACATAACATATTCTTTTAAATAAGTATGCACTATTTTTTTTCGTTTAGTTTAAATAGAATTTTTTATAATAAATATCTGAAAATGAATTGAAAAAAATTAAAATCAATAATTCTATTTTAAAATATTTATCAACTTTTCTAATTCAAGAATTGCTTGAATTGGGGTAAGTTCGTTGATATTTATATTGCATAAAGCAATTTTTAATTTTTCGATTTTAGGATCTGAATTTATTTCAAATAATGAAAATTGTAAAGGTTGATGTGAAATATTTTTCCCATTAGTTTTACGAACATTTTTAATTGTGTTTTCATTAAATGTATCTTGAACTTCAACTAAATTATCATTTAGTGATTCAGAATTTTCTCCTTCAAGTTGCTTCAAAATAATTTTAGCTCTTTCAGTTACTTCTTCTGGCAAGCCTGCCATTTGAGCCACTTGTATTCCATAACTATGATCTGCCGTACCAGGCGTAACTTTCCTTAGAAAAATAATTTTATCAGCATGTTCACGAACTTCAACTTTGAAATTTTTAATCCTATTAAATCTTTCTGATAGTTCATTTAATTCATGGTAATGAGTTGCAAATAAAGTTCTAGCACCAATTTTATCATGGATATATTCGGCAATAGACCAAGCAATAGAAATGCCATCAAAAGTAGATGTACCACGTCCTACTTCATCGAGTAAAATAAGACTCCTATTTGTAGAATTATTTAGGATATTTGCAGCTTCATTCATTTCAACTAAAAATGTACTTTCCCCAGCAGCTATGTTATCTTGAGCCCCAACTCTAGTGAAAATTTTATCGACTATTCCAATTACAGCACTTTCCGCTGGCACATATGAGCCTATTTGAGCCAATAATACAATAAGCCCAACTTGGCGTAGTAATGAGCTTTTCCCAGACATATTGGGTCCGGTAATAATTGCAATCTGATTATTATTAAGATCTAAATTTGTGTCATTAGGAATAAAAACATCGGAATGTTTTAATAGCGTTTCAACAACTGGATGCCTACCATTATGAATTTCCAAAACATCAGAATCATTTACAATTGGTTTCACATAATTTCTTTGATGAGCAACCTTTGACAAACAAGTAAAGCAATCAATCATAGCAATTAAGCTAGCATTTCTTAATAAACTTTCAATATATCCATTTGTAAAATAAACTAGTTCAACAAATAGTTTTCTTTCAATTTGTTCAATTCTATCCTCTGCGTTTAATGCTTTTTCCTCGAACTCTTTTAACTCAGGAGTTATATATCGTTCGGCATTTGTTAGAGTTTGTTTGCGTATATAATCAGATGGAACTTTATCTTTATTTGAGTTTGTAATTTCAATATAATAACCAAAAACATTATTAAATCCAATTTTTAAAGAGGGAATATTTGTTCTAATTCTTTCACGAGTTTGAATTTTTTCAATAAACAATTTACCACCAGCAATAACCTCACGAATATCATCTAAGTCAGTATTATAGCCAATTCTAATTCCGTTTCCTTCACCAATATTAATTGATGGTTCTTCAGGCAAAGCCTCTTCAAGCTTTTTAATTAAATCAGGAATTGGAATAAATGATTTCCCTAATGCTGTTAAAGTTATGGAGTTGCAAGATTCCATAAGTTTACAAACAATTGGAATAACTCTTAAAGTGTTTCTAATAAATCCTAAATCTCTCGGGTTTGCACGGTTGGTAGCACACTTGCCCATTAATCTTTCTAAATCTGA
CP065014.1_gap23	697786	700506	2720	GTAATAACTGACATTTTCTTTATCTTTGAAAATAGTTTTTAAACAATATTCTGACATAATAATTTCTACTAAAATACAATGAGTAAGTTTGACCGCAAGTTAGAACAAATTCAGCTTCAACATAGAATTATGGAAATACTAAGAGAAGATAATGGTGTTTCACCTCATTTTGATTATCATATAAATATAACAAGTGATAATGAAACTGTAAGATTAAATCTATTAACTTATAATGAAAGGCATAGTGAATATATGTTACTTCATTCTTATTCAGGAAAAAGTTCAATTGATTGTTTAAACAAAATGTTAGGCTACATTCAAACAAATAGATCTAACCAACAAACAGAGTATTCATTTACAATTAAATGGAAGAAGAAAGCTGATAATCATGAATACAAATCTTATTTTCTTGCATTCAATCAAAGTGATGCAGAGAAAAAGTTTTTATATGAAAAAAATGTAAATGACTATGAATATACAATAACACAAAATCCAATAAGTTAAGTTTATCCTTGTTAAATTAAAATATTTATTTTTTAAATTGTTATTTAAAAATGCTGTTTATATATTTTGTTTAAAAAATTAAAAGTTACAATAAAGGTTGCTCAAAGCATTATGTTAGGCGCAACAGGATTGTTAACAAAGCCTAAAATCAAACCTAATAAAGAAGACATTGTAAAGGCTGTTTTTAGATTAGGAGTTCTACAAATTGATACTATAAATGTGGTTGAAAGAAGCCCATATATTGTCCTTTTTAGTAGGCTTGGAAATTTTGAAAATAATTGGTTAATTGAAAATTTAGAAAATGGAAACTTGTTTGAGTATTGGTCACACGAGGCTTGTTTTATAGCTGATATTGACTTTGTATATTACAGAAGCATAATGCTTAATGCTGAAAGTAATAATTGGCATTACCATTCGAAGTTTGTTAATGAACACAAGGAAGAAATAAAAAAAATGTTAAAGTACATTGAAATTAATGGATCAGTATCATCTATAGATTTTAATGATGAAAAGAAAGATGTTGGTGGATGGTGGAATTGGAAAATTGAAAAATTAGTTCTTGAGGCATTGTTTACAAGGGGAGAATTAATGATTAAAAATAGAATTAATTTTCGTAGGATTTATGATTTAACAATTAGAGTAAAGCCAAATTTGTTAGATTACAAAGTGATTCCAATTAATGAAGTAAAAAAAATATTTATTGAAAGAACTATACTTCATTTAGGTATTGTTAAAGAGGAATGGATTTATGATTATTACAGGCTTAAAAAAAAGGATTCTAAAGAATTAGTTCAAGAACAAATTAGAGAAAATAAAAATATTAATCAAATAGAAGTTGAAGGTTTTAAAAACAAATTTTACTTTCATAAAGATAACTTTCAATTAATAAATGATATTATAAGTGGTAAATTAAAACCGACACATTCAACTGTTTTATCACCTTTTGATCCTTTAATATGGGATAGAAAAAGAGTTAAAGAATTATTTGATTTTGATTATAAAATTGAATGTTATACTCCCGAATCAAAGCGCAAATTTGGATACTTTTGTCTTCCAATTTTATTAAAGGGAAAGTTAATTGGAAAATTAGATGCTAAAGCACACCGAAAAGATTCTGTATTTGAAATCAAAAAATTCTGGTTAGAAACTGGTGTTGTTTTAAAAGAGTTAGATAAAAAACTACTCATTAAAACTATTCAACAATTTGCAACATTTAACAAAATGAAACAGGTTGTAGGATTAGAAAATTTATAAATAATTTTAAAAAGAATAAACAATAGAAACAATAACAGCCATCATAAAAAGTTATGATGGCTGTTGTTTTATAATTAATAATTTTTTGAAATTAAATCTAAATAAATTTAATTTCTAGATCATTTAGTCTTAGATTTTTTAATTTTTTTAATTTTAGATTTAGTAGAATCTGAAATTGTAGTTTTTGCAACTTTCATTTTTTTATCTACTGAACTTATAGATTTTACTTCCTTTGCTGAAATAATTTTTACAGGTGTTATAGGACAATCACTTCTATCTCTAGCAACTTTTTCAATTGCATGAGCAACATCCATACCTTTAGTTACTAAGCCAAAAATTGAATATGCTTTTGGAAGACTTTCAGCACCACTAAAGCAGATAAACAACTGGCTTGAATTTGTATTAGGTCCTGCATTAGCCATAGCCATACAACCTTCAACATAACCTCTTTTATAACTTGGAGCATTTTGATTAAATTCATCTTCAAAAGAAGCTCCATAAATACTTTCACCACCTGTCCCCCATTCTGATTTTTTTGTTGAATCTTTCGTTTTAGGATCACCAACTTGGATCACAAATCCTGGTACAACACGATGAAACAAAATTCCATCATAAAAACCTTTATTTACTAAGCCAACAAAGTTAGCAACAGTTTTAGGTGCATCATTTCCATAAAGTTCAATTGTAAAATCTCCCATTGTAGTTTTCATAAGAACTACATTTGTTACTACCGGTGTTTGTGCTTCTGTCATAATTGTTAAAAATATTCCGAGAAAAAAAATGCTTAATGCTATTTTCATTTGTTTTTTATTATTAATTAAATCTAAAATATAATTTAAATTTGAATGTTATTTTAATTCTAAACAATCAATTCTAGAATTAACATCCTCAATATCTAGCCCACTTACTTCTTCTTTTACACTGATTATTACAACTGGAATTAAGGGTCTGCTATTTGCATC
CP065014.1_gap24	818529	819402	873	AAGGATTTATGCGGCTTAGCAGACATCCTGATTTTAATAAACTCCTCTGATTCTGAAATTTGCAAATTGTTTTTATCTTCTAATTTAAGCGATAAAGTAGGCAATTTTATTTTTGCTAAAAAAGCGCCATAAGGAATATTAAAGTTAAAATTTCCTAATTCTGTTCTTCCTTGAAGAAAAGATATAATGTATATATTGTTTACTGAGTCGGTAGCAATAGTCGGATAACGCTCGTTTCCCATCCCATTAATTGAAGTTTGCCATAGAATACTTCCAGTTGAATGATCCAACATCAGAATTAGTATATCACTTGAGTAATACTCAAATGTAGAATATTCAGATAGTGTTGGTACTATAGTTTTATTAAATATCGAAATGGGTTGATTAAATGAAAAAGATACTACTAATTCTCCTAATTTGGTAAGTGCAATTGATGGAGATGAAGCATTACCAAATGTTTGTATCCACATAAGATTCCCAGTTTCAGCTACTAAAGCCATGACAAATGAACTGCTATCTTTTACCAAAATTTCACCTCTATATTGCAAGTTACCAGTAGTATGGCCACTTAGATAAATAATCCCATTTTTTGACTTGACTTCGTTAACTTCATCAAAATATGTACCTCCAATTAAATTACTCCATAATACTTTACCAGAGTTATTAAGCATTGCAATGAATATATCAGAATTTCTCGCTGTAAAAATTGTTGTATCAATACCTACCTTGCCACTTTCAGCAACATTACTTACAAATGCAATATGATTCAAGTCATCACTAATTATATCCATATTGTTAGTGGAAAAGCTCTGACCATCAATTCTTCCGTATATTTTTTTTATCCAATTTGTTCTTCCAGTCGAATCTGTGGAT
CP065014.1_gap25	823611	827599	3988	AATAATCTCTTGCCATTTGATAAATGCTCAAAGAGCCAGTTCTTCCGTAGTAGAAAAATCTAACAGGGTCATAGTCATTCATTGTGTAGTCGTATCTTATAGCTCGTTTTAAGGAATCGTCCCAAGTCCTACGCTTGAAAAAACCATCAAGCCATGCAACAGAAACAGTTTTTTGAATGCTATCCCCTACAATATAGCTTGCCATCACATCAAGCGGCATATCGCTTGTAAGTGGCAAAGTATTCATTTGATACCAATTTGAATAGACCAAACTTCGGTAGCTTGGCATACATGGTGGGGCAGGTAAATTCATGTTTTGAGCAATTAAGGAATTGGAAAGTAAAATAACAATTTGGAAGATAATAAAAAAGACTAAGTGTTTCATAAAATGATTTAGATTTATTAATTGAATATTAATTATCACAATAATAATAAATAATAAATAATAATAAATCATAATAAATCATAATAAATAACTCACCTTACTCAGAATTAGAATAAAATTGAATACATTTGCAAGTGAATTAATAATAACTTTTCAAGTTAAGAAATGGAAAATTTAATGGAAAATTTTGCGGATTTATATAGTGATTATTTGATTACATATAGTTCATATACCACACCAACAGGTTTGGGATCATTGTTGTCCGTCAAGCATGACAAAATTACCCGAGCATTATATATGGAGGATTATGACAGCAAATTTGTGTGGCAAACAGGAAAAGTATATGTTCAAGAATTGACACAATCCGAAGAATTGATAACCTTAACTTTTGATGTTTCGATAGAAGAAAAACGATATACAGACGAGAGTGAATTGAATTGTTGTCACTTTGATTATGTTTTTGGAAGGTCTGTAAAAGGAGTGAATTTTTTACAGCTTTGATAGAGGTTGGAGGGATGCGATTGCCAGTTGGGGTTGAGTTTGTAAAAAAAGATTTGTGGGAATTCGAATATTTTAGTAAGTTCGCTAATGTATTTGAGCAGGCTGTAGTCCTTTGCATTTTCTAAATTACCATAAGTTGTGCGGCAGACATCAAGTTCTTTGGCTACAAATTCCTGCGTATAACTTTTCTCTAAGCGTTGCTCTTTTATTTTATACACAAATTTCATTTTTAGAAGTGTTGTTAAAAAGTGATAATATTTTTTTGTCAAACTTAACAATAATATTTTTGAACATTTCTTCTGAATGTTTAAAATATTACACAACAATTTTAATTTTTTTATACACCAGCCATATACCACGAAATCTATAGTTTGTTAGGTTTGTAGCGTTGTAAAAATGAAATTGAATAGTTGGTTCGTTCTTTGTTCACAGAAAAAAATATTACCGAATCACAATCGATAAAAACCCACGATTGTCTTCATTTTTCACATCAAATTCGTTTTGAATTTATTAGCTCCGAATGGTTTTAATTTTAAAACCATATCGGGAAATCCCTTAACCAATAATTTTTTTACAATGAAAAAAATTAATCTTTCCATCAGAGCCAAAGCAATTGTTTTGCTAATGCTCATTCAGTTTTCTTATGGTTCTTATGCACAGTCCCCGCCTGCTTGGATATCCTCACCCGCGGACAATGCTACAAATGTTCAATTGTTACCGACAATAACAATCAGAACACACACGGCAATTGATTCAAGCCGGGTAACTTGGCAATACCCCAACTTGGCTAACTCAGTAAACCAAAACCCTGTGCCACAGACGTTACAGGTAATTCCAAGAATCTTATCAGATAGTTTAGCAGACTCTTTGCATAAGTATTTATCAGTTCCCGGCAAATATGTTTTAGTGGATGACACGACATTGAAATTCACTCCATCAATTCCGCTAATCCCTTCAATGGAGTATGTGGCGGTCATTAAAAACTTGTGGGTTGGTTCTGGTGGAATTACCACAGGACCTCAAACATATTTTAATGCCTCCGGTTATGTTGTGAGTTTTAAAACTATTCCGAGTGTTCATAAATTACTTTTTTCATCATTGCCACAGAATGGATATATTAAATGCAGTGATAGTATAAAACTTGTGTTCAACAGGAAAATAAATTCTTTGACAACTCCATTAGGCAATTTGGTAAAATTTAAGAAATTAGATAGTTCAAATATTGATGCAAATTCAATTACACATCATTTCTATTCAGATGTAACTGTCCCCATTTGGATAGGTGGTATAGATAGCAATACCATATTTGTCAAACCTGGGCCAGCTTTAGAAAACTCATCATTGACAATGACAGTTTATACTGACTATCTAAACGGCGATAGCACCACACGCAAAGAATATGCCGTTCATAAGAAAGATGCTTTCAAATTAAACATGAATATAAGTGCGCCTGCTGGCTCTGATAGCAATAGGATTTGGGGTTTGATATCTATTCCAAAAGGGGATAATTATTTTATCTCTGGCGAACAGGTTACGCTTTCTGCGGCGGAGAATGATTCCGTATATTCGTTTGTAAAATGGCTTTGCCCTGAGAACCCCGCTATTAACAACTCTACCGAATCAGTAGTAAAATTTTCTTATGGGTGCAGTGAATTAAGGGATATAAAAATTACGGCGGTTTATAAAAAATTTGATTCGATTGAAGTAGTTGTTTCAGCACCAACCAACGGGCAGATAAAAGTGTTTAATAGTAGCTTGGCTCTGTTAGGTGGTGCTGGAAATTATAAAATTGCGCCGAATGAGCAAATCCAGTTAGTCTCAATCCCAGATTCTAATTATGAACATTTTGGTTGGATAACTAATGATGCACCCCTAAACTCAATGATAGGCTCGGGTTCCCCTCCGATTGACAACACGCTAAAGATACAGAACAAGGGGAAATATGGTAATCTTATTGAAGTAACATCTGATATTGACCCAGGGCTTCCAAAGGCTAAGCAATATTGTGCTTCTTTAAGTTTTGAGTGGTTGATTGATGAAGGATGTAAAAGTGTAAATAGCCTACCAGGTTTTGGGAATGTTACATTAGAGACTGATGACCCGTTTGCATCAATCCCTATCAATATTGATTTAACTGGAACTTGTTATCAAATTGAGGGTATAATGAATAATGGTGTCCCAACCCAGTTTACACCACCTGTTCAAGTTTTGCTTAGCAGTGTTCCAGTTGGGCGTGCCCCCAACTGCAATAGTGTAGTAGTGTTTATTAGCAGAGTAAAATGCAAATTTGATTTGACCACTTACTTAAATAATAGAAAAGCTAGTGAAATTGGCTATAAAAAAGAGGTAGATGGTAGTGGTCATTTGACGGATGTTACTGTAAAGATCTACCATAAATGTGGCGAAAGAAGAGAATTAATAGGTTACTCCGGCTATGCAAACCAGCAGAATACATCTGTAACTAACATGATATATGATATAAGGCGCGGGATAGAAGTAGCTTACATTGAACTACCTTGTGGCGAAGAAATTGAACTTGAGGCAGTAAAAGATATTCGTGAGGAGGGTTTTAATTTCTCACACTGGAGTTACGGCTCACCTATGACAAAGTATGTGCGCCCCTCACCCCCAGAAACTCCTACTTTTTCGTTTGTGTTAGATAGAGATAAAAGTGCTATTGCCATTTTTAGAGAGGAGTTCAGGCTCAGAAAAATAGGTTTCTACCAAAACAATGCTATACCCTGGAGCGGTGGGGATGTAAGTTGGTATTCAACAAAGATACTCAATGCATTATCTAAAGCTGGTGAAATGCCGGAGGACATAAACATATACTTAACTGCTATAGAGATGAATACTTATGCACCTGTTGGTGAAACCCCTAATGTTCAAACTAATTGGGTTAGATATGGGACAGAAATTCAATATCAATTTAATGAACCTGTAAATAAGAGTTCTATATCTGAAACCAATTGGTGGCGTTTGTATTGTATGGATGAAAGTTTGAGGTTTGATATAGGTTATAGCGGCTCGCAAAAAGTAATTTATACACCTAAGAGCCAATACTTAACTTGGTCTAATGAAGATAAAAGAGTAACGCAAAAA
CP065014.1_gap26	845274	849828	4554	GTTAAATATTCAATCCATAAAATCGTTTGCATTAAATATTGGTATGGCATTTCAAATTCAAGATGATTTACTGGATGTTGTTGGAGATGAAACTTTTGGAAAAAAAATTGGTGGTGATATAATTGAAGGTAAAAAAACATATTTGGCTGTAACAGCCATGAATACAGATTTAGATAAAGATGATGCTCTGTTAATTAGCGAATTTATTAATAATAAAGGTTTGCCAGAGGGTAAAGTTTATTTGATGAGATCTTTATATGAAAAATATTCAATTATAGAAAAAACCAAGTTAGAAGTTGAAAAATATACTAAGCTTGCTATTGAAAGCTTGTCAACTATTCCAATTATTTACAATACTAAAGAATTGATCGAGTTTGGAGAAATGCTTTTAACTAGAAAAAAATAATTACTTGTGTTAATGAATTAAATTAAAAAAATTTATGAGTGAATTAAAAAGAGATTTCGAAATTGACATTAACAAATGTATAAAAATTGATTGCAAAGGAGATGTTGTAGAAGTCGAAATTTATGAGGCTTTTAATTGGATATCTGGTATATTTAGATGTACTAAATGTGGTTGTGAATTTACAGTTAAAGTTGAAACTTAATTTTTTTACAGTGCATTCCTAACTAATTTAACTACTTCATCTGTTGTTACAATTGGCAAATGAAAGTATTGAGCATTAATCAAATTAGCAATTTGAAAAGCCTCAGATTTTGTTGAGTAAACAGATCTAGTATCAATAATCATACTTTTAATATTATATTTTTTATAAGAATCACCAAGTAATATAATTTCCTTTCTAACAGCATCCTGCCTTACATTATTAAGCATCATTGCAATATCTTTGTTCATAGGAATGTTAGCACGACCATCAGTTAAAATAATAATTACAGATTGAAGATTAATTTTTTTAGCTTTTAGAGCAATTTCTAATGATTTATACAAACCATCAGCAAGCGGCGTTCCTCCTCCAGTTGGTAGAATTTCAAGTTCTCGTTTTGCTTTTTCAATAGAACCAGTTTGGTTCAATACAATTTCAGCTTCGTCTTTCCTAAACACAACCATTGCAACTTTATCACGATTGATGTAAGCTGATTGTAATAATTTAATCACTGCTCCTTTAGTCTCTCTCATTCTGTTTTGAGCCATTGAGCCAGAAGCATCTACACAAAAAACAAATAAAGTACCACTTTTGGAAATAAATTGCTTAACTCTTAAATCTTCAATTTTCAATATCAATCTTTCATTATCTTTTCTACCTCTGATCTTTTGAAATGGAATTGCTTGAATAATAGTTGAAAGTATTGAAATCTGATTTCCCCTATTGTTTCGTTTTATTGATCTTACAAATCTTCCTCTTTTATAATTTGTTTTTTCAGAATGATTTCCAGTAATAATATTATTGTCTTTATTAAAAAGATTATCAGATAAATTAATTTCATTATTAAAATTTAGACTTGAAAATAATTCTTCTTTAATCAAATTTAAACTATTTTCAAAATTATTATCCTTACCATTTTCTGTGCTTTTAAATTGTAAACTACTTTCATCATTCGATTCTAGTTTGTCATCAAATAAATTGTTTGAATTTTCATACAGAGGTTTTTCATTTACATTATTATTATCTAATTCATCTTCTAAATATTTGTTTGATTCTTTATCAGATTCTTTATTAGAATCTTTATTTAACTCCTCTGAATTATCTTCTTCATTGTCATTGCAATTGTCTTTAGGAGATTTTTCAGTATCCTCATTTGAGTGCTCGTCTGAAATTCTTTCTGCTCTTGGAGAAAGGACTGTTGCAATAGCAAATTGGATATCTATATTTTCAATAATAGTTGAACCTCTTAATGCACAATGTGCTCTAGCAGCTTTTGTTGCAAATATTAAAGCTCTTTCACCAATCACTGAATGCTTAGTTGCATAATCGATAATTTGATTTATAGCATTATCTAAAACATTAATTTTATGAAGTAGTAATTGAGCCAAATGTATTTTTTCAGATAGATCAATACTTTCAACTTCATTATACTTGTTTTCAAAATTATATTGAGTAGAGCTATTAAAAAGTTTTAAAAATTTTATTAATTCAATATCCACAAGTTTTTTTTCATGTATCAAAAATGCAACTTTATCAATTAAGGAAATACTAATATCAGAATCTGGAATTGTGTTCCCAAGAATTGGAATTCCTTTTAGAATTGCTGAATTAATAATGTAGTTTGTAATAGATGAATTTAACAAATGAAGATTATCCAAAATTATGAATCCACTATTTGCTCTTTCAAATAAATTCTTATCTTTTAAATCTGATTTTGATGTTATAAAACTACTTACATCGATTGAATTTTCTAAATTCTCATAAGTAACATTTGTGGGGATTTTAATAAATGGAATTGAATTGTTAATGTAATTATTTACAAATAAAGAAAATAATTTTATTAATTCAGATTTGCCAGTACCAACTTCAGATGAAATCATGATTCCTGAAATTGAAGGGTCAACAAGTAAGCAAACAAGAGCTTTACGAGTTAAATTATGACCTATAAACTTATTAAATGTGAAGTTAGAAATAATAAAAATTTAATATTAAAATAAACTTATAGAAAGCAAAAAATTAAAAATTAATGTATTTAATTAGGAGATTAGAATAATAATTACAAAACAATTATAAATAAATAAAAGAGCTAAGAAAACATATCAACATACTTTAAAGCAAGTTTTTCAGCGGCTTCAGGGGTTGGTGCTTCAGCAATAACCCTTATAATAGGTTCAGTATTTGAACCTCTCAAATGAACCCAAGAATTGTTAAAAGCAATTCTTAAGCCATCATCAGTATTAATTTCTCCATCATTTTCAACTTCTTTGATTTTAATAATTATATCACTTAAATTATTTTTATCAGTTACTGTAATTTTCTTTTTAGAGATAAAATAATGTGGCATACTCTCACGTAATTTACTTAAACTTCTTCCATCGCGAGCAAGTGCATTCAAAATAATTATAATCCCTGCAATTGAATCTCGACCGAAATGTAATTCAGGCAATATAACGCCTCCAGAACCTTCACCACCAATTACAGAGCCAACCTCTTTCATTTTTTTTGCAACATTAATTTCACCTACAGGAGTTCTATAAACTACAGCTCCATATCTTTTTGCAATATCTTCAACAGCCCTGGTTGTGGATAAATTGATAGCACAAGATAAATCCTTTTTCATAAGAGATTTATAATATGCTAATATAAAATCAATTGCAATTGTAATGGTATATTCTTCACCAATTGGTTCGCCATTTTCATCAATTAATACTAATCTATCAGCATCAGGATCAACAGCAATACCAAAATTAGCATTGTTTTTAATAACAGCTTTTGAAAGTTCATTTAAGTTTTCAGAAATAGGTTCTGGAGTATGAGGGAATTCTCCATTACCTTCACAATACAACCTTATCACTTCACAGCCGCATGTTTCCAATAGCTTCGGGACAATAAAAGAACCTGATGCATTAACTGCATCAACAACAACTTTAAAATTTCTCTTTTCAATTAATTCAAGATCAACAAAATTTAAAGAAAGAGCTTCAAATATATGTTTTGTTGTCCAATGTTTTTCATCGAGCAATTTATTATATTCGTTGAAATTTACATAATCAAGATTTGAATCTAAAAAGCTCCAAAAAGTATTGCATTCATCTTTATCCAAGAAAATGCCATCACTATTTAAGAATTTGAGTCCGTTCCATTGTGCTGGATTATGCGAAGCACTAACAGAAATCCCACCCACAGAATCACTTTTTTCAGTAGCTAACTGAACAGTGGGAGTTGGAGCCATACCAATTGATATTACTTTTGAACCTAATGCCTGAAGAGTACCTTCAAGAATATTGCAAATCCATTCACCGCTAGGTCTGCCATCATGACCAATAACAATTGTACCTCCAACACCTGTAAATTTTACAAAAGCATTTGCATATTGAATAACAATTTCAGGAGTCAATGAATCTGGAATAGTACCTCTAAGCCCAGATATAGAATTGATTAAAGGCATATGGATATTAATGTTTAAATAAAAAAATAATAAAAAAATAATTTTGTAATATTAAATAAAAGTAAAATTATTTCATCTTTGAACAAATATAAAAACGTAATTTTGAACCGCAAAAATAGGGATTGCCTTGAAATCAAAAGTTAAAAAATCGATAGTTAAAATTTCTTTTTCTTCACACTTAATACATAAACTATAATTGTAGAATATTTAAATTTAATCACAAATAAAATTTATTAAATTTAAATCGAACAATGTATTTTTATATAGCAAACTTTTTTAAAAATAAATAATGCGTATCACAGAAATTTTAGATTTAAGTAACATTATAGTTCAGTTGAATGCTGAAAATAAGGAGGCTGCTCTGAACACTATGATTAACTCTTTAGAAAATTCTAGCAAAGTTGAAAATATCAATAAAGTTAGAACTGCTATCTTGGAACGAGAAAAATTAATGAGCACTGGAGTTGGTCATGGATTTGCAATTCCTCATGGCAAAACAGA
CP065014.1_gap27	976372	979406	3034	CGATTTCCCAATATGATGTTGATATTTGGGCAGGGGTAAACCCTGCCACTACAATATTGGATATTGTTGGGGGATATAAATCATTGGTTGCGAATGGTTGTTTGGAAATTTATAATACCAAAAATGTAACAATGGGTAAATTATTGCAACGTAATTATTATGAACACATCAAACGCGATGAACAATCATATCATATCATTTCTAATTATGTTAAAAATAATCCTGTAAAATGGACAATAGCTAAATATAATAAAAAATCAAATACTCATACATCATATACTTAGAGCAATAACCTTAAGACAATTCCAATTATATTAAAAATAATCCTGTAAATGGACAATAGATAAATATAATTAAAAATCAAATTCTCATAAATCAGATACTAAGGCAATAACCTTAAGACAATAAAATTTATCCAAAATATAATTTTGTTATACCTTAAATATGAATAGTTAAATTTATTTAAATTAGTTATCTTAATCTTATCAAGTTTAACTTTTGTCAGGTATAGTTTGTAATGGGTGTTATAATGATTTTATCATTATTTTTATAAATCTGAATTATTTTTTATGTTGAGAATTTTAATATCTTGAAGCAAACTAGAAATATTTTTTGCTTTAATTTATTTTTAAAGTAGTTAAAATTAAATAACAAAAATGAAAACAATCTTAATAGTCTTAATTATATTCTTAATTACTTTAATAGTTAGTATTAATGCTCAATCCACTTTTCAGAAAACATTTGGAGGGTCTAATTCTGATGCAGCAGGTTCAGTATTATTAACTAAAGATGGTGGATATATTATTGCAGGTAATACAAGTAGTTATGGAGAGGGTAGTAGTGATATTTATCTTATTAAAACTAATTCCATTGGAGATACAATATGGACAAGAACTTTTGGTGGATCAGATTTTGAAGCTTGTACAAGTATTGCTTTAACAAGTGATGGTGGTTTCATTCTAACTGGTTCAACCAAAAGTTTTGGTGCTGGAAATTTAGATGTAATTTTATTAAAAGTTAGTTCAAGTGGATCATTATTATGGTCTAAAACTTTTGGTGGAATTGAAGTAGATTTTGGAAATGAATTAATTCAAACACAAGATGGAGGTTTTTTAATAGCTGGAGAAACAAGCAGTTATGGCTCTGGTGGATATGATGCTTATATTATTAAAACAGATCTGAATGGGAATCCTATATGGTCTAAAACCTTTGGAGGTGCTCTTTCTGACGGTGCTTATTCAATTCAACAAACAAATGATAATGGATTTGTAATAGTTGGTTATACCAGAAGTTTTGGCTCTGGTGTTCAAGATGTATTACTTTTAAAAACTGATCAAATAGGCAATTTAATTTGGTCGAAAACTTTTGGTGCAATAGGATCTAATCAAGAAGTCGGACATTCTATAAAACAGACTAGAGATAATGGGTACGTAATTTGTGGATATACAAATAGTTATGGTGCTGGTGGATACGATGTATATTTAATAAAAACTAATTCATTAGGTCTTCTTTCTTGGTCAAGAACTTATGGTGGAAGCTCTAATGATAAAGGATATTTTGTAAACTTAACTTCAAATGGCGGGTTAATATTAACTGGGGAAACTAATAGTTTTGGTAATGGAACTAACGATGGTTATATTATAAATACCGATTCAATCGGAAATTTAATTTGGTCAAATTCAATTGGTGGAGTTTTATCTGATGCTTTAGGTTCCTCTGAACAAACCCCAGATAATGGATTTATTATTTCTGGATTTACTAGTAATTTTGGATCTGGTAACAACGATGTTTTCATAATTAAAACTGACTCAGATGGAAATTCTGGTTGTAATCAAACGAAATCTTTAACAATTGTTAATTCTCCAAATACATTAGTATCAAGTCCTCCCCCACTAATTTCTACTGGATTTATAACTTCAACTCCAAATACAAAAGTAGGGAGTGGTGGAAAAGTTAAAGAAGTTTGTAAAACAATTAAAATTGATTCAACCCCATTAACAAAATCAAATTATTTGGATTCTACTACTTATGATTTTGGAACAATTTGCAGTAAATCAATAATTAGAAAAACAATACTTATTACTAATACAGATTTAAATAATATAAGTGTTTTATCTATAAATAAAATTTCAAAAAAGCCAACAAATTTTTGGATTACTTCTCCTACCAATAATTTATTACCTCAAGTAATAACACCTAGTTCAAAATTTGGAATTGTAATTTCATTCAATCCATTAATTTTAGGAAAACAATACGATACATTTCAAGTTAAAATTAAAGGGTTAACCGATATAAGTTTTAATTTTGTTGTATCTGCTTTTGTTCAAAGGGGTGAGCTTGTTGTAGCTCCAACAGTTTGGGATTTTAAATCTAATTTAGTAAACAATAATATTAACTTGGATATTACTCTTTTTAACAACGGATCTCAAGATTTAAAAATTGTAAGCTATTACGTTACATCCAACAAAGGAAGTTTTTATTTTAATAATTTTTTGCAAGATATTAATATTTCTCCTGGTATAACTTTACCAAGCGTTATATCAGTACGACCTCGAGACACGGGCTTTTATTCAGGTCTTGTCTGTTTAATTATTAGTCAACCTTGTTTGGATACTTTTTGTATTCCAATTTCAGGTTATGCAAAATCGAATGGTACTGGTTTATTACCAGCTATAATTGATATGGGTATTCCAGTTGATGTAAAAGGTATTCCAAGAAGTTTTGTTTCAATCCCTTTAACATTAGAGCGAGAAGACAATATTATTCAATCAAAAGCAAGAACAATGCATGGTAAATTACGAGTTAGATCCACATTACTTGTTCCGTTTGGTGCTAGAAGTTATGAAGAAAATTTTTCAGATATTGGAAACAATTTAACAGGAACTATCTTATCATCTAAAGTTGAAGGTGATTATAGAATTGTCGAATTTGAGATTAGGAATACTACTTATCCTGCACCACCTTCAAGCATTGGATTTATTGATGCACAAGTTTTGCTTGGTGATACTATTCACTCTAACTTAACCTTAGACAC
CP065014.1_gap28	1126657	1129326	2669	ATGTATGAACAAGGGCTTTTAAATGAAGTAGAAACTTTACTTAAAAGTGGTGTAAAACCAAATGATTATGGTATGCGAACAGTTGGGTATAAAGAGGCAATAATGTACTTAAATAGTAATTTAAATCATGAGCAAATGATTGAGTTTACAAAGCAATCAACTAGGAGATATGCTAAAAGGCAGATTACTTTTTTTAAATCTAATAAAAATATTAATTGGTTTAAAAATGAAGAATATAATGAAATAAAAAAATTACTATCTTATAAAAATAATACGTTTTTTTAATAGAATATGAATCAAATTTCACTTGTTTTTTAAACAAAAAAATAGCATCATTTTAATTTAAATATTATTAAAAAAATTGTTAATAATATTCAAAAATTAATCAAAGTTGCAATTTGTTACAATAAACTCTCAAAATTTTTTATAAAAAGCCCTATAGCTTCACAATTGAATTTCAAAATACTTCGAGAGAATTAGTATTTAATCATAACAATTTTAAATTATGGGCAACACATTTACAACTTTTACAAAAAAGTTAGTTGGGGTATATTATACTCAACTAATAAATTTCGGTAAACTCACGATTCCGTTTCTATTGAGTACTGTATTAGGTACTATTTTCTACTTACTTAATCAATTAAGAATAGTAGATATTAAAACTCCATTATTACTAAAAAATTTTCCAATTTGATACTAATGAGTATTGTATTGTTTTTAACAATTACAACATCAATGAATGCACAAATTTCGGGGAAAGTATTTAGGGATAACAATGGAAATGGGGTGAGGGATAGTTCAATAATAATTGTTGAACCATATTTACAAGGAATTACAATTACAGCATTTCCAATTTCAGGTTCAACCCAAGTTGCAAATTCATCTGTAAGTGGAGCTTATTCATTTACTGGCTTAACATTACCTGTAAGGTTAGAGTTTACAACATTTGGAAATGGATATTTTTCTGGACCTCAAACTACGAATTCTGCATCGAGCGTCCAATTTTATTCAAGTAATACAACTGTAGCTAATTTTGGTATAATAAATACAGAATTTTATTGCCAAGAGAATCCACCTATTGCAGTTTCTTTTACACCAGGTACTTCAAATTTCATATCAGGATTATCATCTCCAAGTGGTATTCGTCTTTATAGTTTATCAGGATTAACTACCTCAACAAATGAATTTCCAACAACAGCTGTAATAATGCCTAGTACTGAAGTTGCTACAAGGGCTCAAGTAGGGAACGTTAACGGTTTGAAATGGAGAAGTAATACTAAAACAATTTTTGCATCTGCTTATGCAAGGGCAAATGATGGTTCATTTGGAGCAGGCGATGGAATAGGACCAAGTGGTTTAGGTGCTATTTACCAAATTACAAATGGAGTAGTTAGTACATTTACAACTATTTCTAATGTTGGAACATTCACAGGATCAGTATCTGAAGTTGGTAAAGTAGGAATTGGAGGAATTGCAATTTCTTCAAATCAAAATACTCTGTTTGCAGTAAATATGTTCTCAAAAAAACTGATTTTAATACCAATAAATGATAACCCAATAAGTGCTGGAACTCAAGTTGAAGTAACTCTACCTTCACCAACAAGTTGTTCTGGAACAGAACTTCATCCTTTTGGAATTGAAACTTATAAAAATAAAGTTTATATTGGTATGGTCTGTGGGGGACCAACAACAAGTGCATTAAGAGCTTATGTGTATTCTTATGATGGAATTAGTTTTAACTTAGAGCTTGATATTCCTATGAATTATACAAGAACAGATGATCCAGACAATAATAATACAAATAATAGTGCAAATGAGATAAATCATAAAGCAATAATTTGGGAAGATTCACCTCCAGTTGCATCATACGATAATACCACTTCAGCAACTGCAACTGATAGAGCAAGGTTTGCTCCAATGTTAACAGATATCATTTTCCATAAAGACAATATGGAACTTGGTTTTCGTTCTAGGTTATCTGACCAAATTGTAAATGCTGAATGGACTATAGGTGGTGAAATCTTACATGCATGTGGAACAGTTAATGGTGCAGTTACTACTTGGCAAATTGAAAATAATGGAAAATGTAATGGAGATAGTACCATTTTACCTCCACCTATAATTGATCCTTGGAATGCAAATATCTCGGCAAGATCTACTAGTCGTGGTCCAGGTGGTTATGAGTATTTTTGGGGTGATAATGGTTTTGAGGGTGAAATGGCACAAGGCTCTTTAGCACTTTTCCCGGGTTCTGATGTTTTTCTGACAACCCAAGTTGATGCTATTGGTCATAGATCTCAGCATGGTTTGGCTGCTATAAATTTTGTATCTTGAGCAATGGTTTTGGCAGGTAATACAGCACATGCGAGGTATAATTTGTCTGGTACTAGCAGAGCAATGAAAAGTAATCAAATGGGTGACATTGAGATTTTGTGTAATAATACACCAATCGAACTAGGAAATAGAATTTGGTTTGATGTTAATTCTAATGGTATCCAAGATCCAAATGAATTGCCAATTTCAGGTGTAAAAGTAATTCTTCAAAAAGGTGATGGAACTTCTATAGATACTGTAATTACTAATACAAATGGAAATTATTTGTTTTCTAATGAAATTAAAACAAATTCTTTATTTGCTCATTATGGAATAGATTTGTTAAAACCAGGTTT
CP065014.1_gap29	1200676	1203065	2389	CCTGGACTCTTTATGACCATGGCATTAGGAATTACATTCCCATTCAATATAACAATTGGTATGCCAATTTATTACTCAATTATTAACCACTTCAGTTAAATTAAATCAATGAATTTTAATGTAAAAAAATTGTATCAAATTCATAATAAATTCGGTTTGAATTTTTATCATGAAAAGTTTAATTTAATACATAAAATATCATTTATTAAGTTTAATGAAAATACTAATTTAATTGATTATCATAATGTTTTATTATTTATTATATCACATCCTGAGAATAAGCAATTAAATCTTATTGCAGAAAACGAATTAAATCGAATTTCAATATATTTAAGAAAAACTCAACATGGTTATAATGAAAAATATTTAAATTCAGGTTTGCCTTATACTCAAATGAGTACAAGATTCTCACAAGAAATGTTTCAGTGGTTAATCAAACAAAAAGGATGTAAGTTAACAATTGATTCCTTTGATAAAACTGGGATTGATTTAAACACTTTTTTAAACTTAACTCTCCCAAACATATTAAAAGAAGAAACAACTTCGGAACTTTCAAATGAATTATTGCTAAATTCACTTGGCTTAAATGATCTAAAAAAATTAACTTTTTTACTAAATGAATTTGAAAAATTGAATTCACTTTTATTGATTAAAGATCATGTTTGGAATTCGTTAAAATTATTTGTAAACATTAAATTCATAAATTTAGAGTACTCAATAAGTTATAATAGATTTTCACCAAAACAAATATTTTATCAAACTGAGATATTGAAAAATTTTGATGAAAAGAACATATTCAAATCTAAATTAAGTCCACCTAAGATTTTAAATGTTAAGCAAAAACAAGCTTTAGTTGAAGTAATTAAAAAATCAATGGTTCTAACCATGAGAGAAACAGATCCATCTACTTTCATGGATGAATCTTCATTAAGAATTTATGAATTAGAAAGAGGAATTTCAATTGCTATATACGGAATGAATTCAAACAGACAACTTCCATTACAATCTTATATTGGTTATACATTATTTAAAAATGGAATACCGATTTCTTATGGTGGTGGATGGGTGTTTGGTAAAAGTGCTTTGTTTGGAATAAATATTTTTGAGGCATTTAGAGGGGGTGAATCTGGTTTTATTATGTGTCAACTTTTAAGGGTTTACATCCAAGTTTTTAATTTAAAGTACATTGAGGTTGAATCATATCAATTTGGTAATGGCAACCCTGACGGAATCAAATCTGGTGCATTTTGGTTCTATTATAAATTTGGTTTCAGACCGATAAATTCTGAGATTGAAAAATTAGCAAAAAAAGAATTTGTTAAAATTAAAAAAAACAATATTTATAGATCAAATGAAAGAACATTATTGAAGCTTTCAGAATGTAATTTAGCCCTAAATTTAGGAAAATCAATCCCTGTAAAAAGGATTGATATTTCTAACAAAATTATATCTTTAATAGCCAAAAAATACAAGGGAGATAATTTAACAGCAGTTTCAGATTCGATTAAAGAATTTTCAAATAAAACAAATTTGAATATCAAATATTGCAATAAGAATATTAATATTGTGGAGGAATTTGCTTTGTGGGTAAAAGCATTTAATATTACTGATAAAAATTTATTGAAATTATTTGTTAAAATGGTTAAAGAAAAACCTAAAAGTCCATATAATTATAATAAATTAGTTGTTAAAGTTTTAGATAAAACAATTTAGCAATTATACATTTTAAATGAATCCCAATTTACTCCAATTCTGAAAGTTTGGTAAATTCTTCCATTTTCTAAATTGCTTCCAAAGTGCTTAGTTGCTGAATGAAATGCCCCAGAAGGGTAAGCAACCATTCTATTAAAAAAATTACCAACTCTATCAATCTCAATCCATTTACTCCTATTTGTACTATCTTTAACTAACATATCTCTTATTGAATTAATATTCAAATTAAGTCTTTTAGAATCCATGGTAGTTGGTGGATTAATTAATTTTGTTTCCTTATGCATCCATAATGAAGTTCCGCAATCAATTGGCATTCCTTTTGTTAAATAGATTAATACTGTTATATCGTTATATGGTTCATCAGAATGAACCCCTGGAATTTCCTTTTTAACTCCTTTAGAAAAACCTTGATAGAATACTCCATTCTCCTCTATAGGATCAGTATCCCATCTAATGATTTTTATACCTAAAATTTTTTCTAATTTTAGTTTTATCCCAAGTTCATGAAACACACTTTTACTCCTATAACCTGTAACATGATTTGGTTTGTAAAACTCTGAAGTATTGGCAATATTTACTACTTCATCTGGGTTTGAATAAAAGTAATCTTTTACTAAAAGAAAACGTTTGTAATCCTGTTTAGACATATCTTTATAACTAATTATAGAATTAACTT
CP065014.1_gap30	1214287	1217732	3445	TATTTAACTAAAGAATTTAATTATTTCCAACTAGAAATTGGAGTTGTACCAGGTAAAACTTCTATTGTTACAGTTTTTAAATTATTTGTAATATCCAATTCATTAACTTCCTTATCCTGGTCAATTGCAAGGGTTAAAGTGTGTATTCCAATTGGAAGATAAACTTGAGAAGTAAATACTTTTTTCTCGCTACTTGATAATTCTATACCATAAACTTCAGAAACTATATTATCGTTATCTAAAATTAAACGACTAGTAAAAGCTTTATTAGGAGCTTGAACTCCAGCATTTTCGATAGTGTAGGATACATTAAATGCAAATTTACCATCCTTACTTTTTTTGAATGCATAATTTGATTGAACTTTGAATGAATCATTATAAGAAACAATTTTATTAGTTCCCTGACTTATGATAGTTATTCCAGAAGTAGATGTAAGATCAACATTCCCATTCAATTGGATTGTTTCTTGTGAGTAAAGACTAATTGTTGAAACAATGAAGGCAAGACTTAATCCTGCAATAGATTTTAAAAGATTGTTCGTTCTCATTTTGATAAAATTTTTTTTGTTAATAACTGTTGTAAAGAGCTGATTGTTTTGTAAATAGGTATTTTTTTTATCATATAAGAATAAATGAGTTCTCGATCCTTTAATTAGTTGGTTAAATTGTTTATGAAATTAAATTCTTAATTATTTCTGATTCAAAAATAAAGTTAAAATCAATAGCAAAAAATAAATTGATATTAATTAAGATTCGTTAACAATTCAAATGAGCAAAAATAAATTTTATTAATATTGATTGAGCCTGATATTATATGGCTTCCAAAGGGTATACAATAACAAAGACTACAAAAAAAAATAATAGTTACTTTATTAAAATTTAATATTTAATATTTGAATTATCAATTTTAATTCTTTTGAATAATTCAATTTCTAATAATTCAAAATTTGATTGATCGCTAGTAATTTTATATTTTTTGTTGCTTAAAGATTTTATATGTAAGATTTCAAATTTACTTCTCTTAAGATTAACAGTTTCTTTTGAAATATTTACTAAATCATCCCATTTTATTACTCTTTTATTGCCAAAAATATTCTTTATTGTTAGGTTGATTGAATCAATTTTTACCCATACAATTTGCCATAATTGAAAAATAGCAGAAATTCCAAAGGCAATAAAAATATATACTCCAATTCCTATAACACTTGATGAAACTAATACTAATAAAACAATAACTAATGTGAATAACCAAATTATTAAATAAAAATATTTAGGAGGAAAAAACAAACTTTCCATCTTTTAAAATTTAAATTAAAATTACTATACTTAAGATTACAACTGAAATTTAATCATTTAAATTTAATTTGTAAATACATAAATTTATACACAATTAATAAAATAATTTATCAAATATTACACAATTTCATAAACTATTTTACAATAATATTTTTTGATGCAACAGTTCTGCTAACATCAATTTGAACTGTCCTGCTTAAAAATCTTTCTTCAGGAGTTTCATAAGATGATACTCCAGGAGGGAAGGCTAATGAGCCAATTCCTTCACCTTTACTAATTTTTGCATTAGGAGCAATTCTTTTAACATTGGCACTAACTTGTTTTGCTCTAGTATTTGATAACTTTTTATTGAATGCTTCATTTCCAAGTTTATCTGCATATCCAACAATATTTACTTCATCAGTTGATTTAATACCTTGTAAAAAAACTCTCAAGCTAGCTTCAGCTACTGGATCTAGGTTATTTTTTGCAACTTTGAAAAAGGTTAACCATAGCCTTTTAATTTCCCCTGCTGATGAATCTTTTACAACCATCATTCGCTTATAATCTGTTGCCTTATCACCCTCAAAGTTTTTTAATGTTAATATCACATCTACTTGTCTGTTATTAGTTAATGATGCTGCTAATGCGGTTGTAATAGATTGAGTTGCAGTTTTTGGCGCTCCTTTTCCATTCGCATTAAAAATAACATTCGAATCTTGTTTAACATCCAAATTCCAACTTTCAACATCATCACCATAGCTACTTCCCATTGGATCATAGTCAATCAATGGAGGAAAAATTCCAATAGAATCTGAATAAGTTTTTTTAGTTACAGGTGCTAAAATTGCAGGATTATTAGTTTCAATTTCTACTCGTCTATTTTCTGCAAATGCTTCATCAGTTTGAATAGAACTAACTACTGAGGGAACACATTTCCCTTTGTTTTTTGTTATCTCAACTCTAGAAGGGCTAATCTTCCAGATATTAACTAAATATGATTGAACTTCTTTCGCTCTTGCTAAAGCTAATTCACAATCCCCATTTTCAGAAATTTTATCAGTATATCCAATTAATTTTAATTTAGAAGTTGTGCTTTTTAACATTCTCTCACCAATAATATTTAATACATTTCTATGAAGTACTACTGGAGCTATTTCTAGAGCTTTTGTCAAATAATTTTCTGTAGAAATTAAATTAACATATCTGTCAGGAATTTTTGATGAATTTAAATCAAAGAAAATTATTGGTAATATTGGGTAAGAATCTGCTAAATAATTGGAAGAAAGTCTAATGATTTTTGCAGTATCTGCACGTGTATTTCCGTTTGTTTCCCAAGGTGTAATTTTTGCTATAAGTTCTCTTTTAAAAATAGTATCTGTTTGAGTTAATGTTCTTGTTATGAGCCTTTCTTTTTCAAGTTCAAAAGTATCTACTCTTTTCAATATTGGTAAACCTTCTTGAAATTTTCTCTTTTCATCTTTAGAAGTTTTTATTACAATAGTATCTCTAAATAGTTTTTCTATTAATCTTTCAATTCTTGGTGGTTCAAATTTTTTAATTCCAAATTTAATTGCTACTCCAATCATTAAATTCAATTGTCTCCAATTAAAATCAGAATTGATATAAGTAATTGGATAATTAAAAGATAATTCCGGAGATACAATCCTATGATTAGAATAAATAAAATCATAAGAAATCCCAGTTGTAATCCCAGCCTGAAAAGTATTAGTGTTAGGTATTTCAACATTTCTAAAGAAAAATGTATCCCTTTGATTGTTTGGGAAAGTTACATTATTTGGTGAAATTATTTTGCTTTGTGCTGTCCAATTTTTACTTAATAATAAACCAATTGTAGGACCTAAATAAAAATTCCAATTATTATAAATGTACTTTGGTAGCAAATCAAAATTTAAATGAGATGTATAAACTGATAAAGAATGTTCTCTGATAAGGGGAACTATATTATAATTAATATCCTTTACTCTAGCACTATCTAAAGTTTCATTAAAATCAGCCCAAACAGGTAGAAAGGTCATTTTAAACAATAATCCAAATGATGGTTTTGGTCTCCACTCAAGATTTCCACCCAAATAAAATCCTGGTCCATGACCATACTTGTATTTAGGACAAGTTGAGTCTTTCAAACAATCTATTCCATCAGAAGTAT
CP065014.1_gap31	1250089	1251870	1781	AAGTAAATATTTATATGTTTAGTTAACTCTTTACACTCAAATTACTTATCTCAATAATAATTAATTAATTAATAATGGCTCAATCAAATGAACGAGTACTTCCTGTAATTTTGGAGGAGGAACTACGATCTGCATTTTTAGATTATTCAATGTCTGTAATAGTTTCTCGTGCATTGCCAGATGCTCGGGACGGCTTAAAACCAGTACATAGAAGAGTTTTGTTTTCTATGTATGAGTTAGGAGTAACAGCATCAAGACCATATAAAAAATCTGCTCGTATTGTCGGTGAAACAATGGGTAAGTATCATCCTCATGGTGATACTGCGATATATGATTCATTAGTTAGAATGGCTCAAGATTTTACAATGAGGCATGAGATGGTTGATGGGCAAGGAAACTTCGGTTCAGTTGATGGTGATCCACCTGCAGCTATGAGATATACTGAAGCAAGGTTAACAAGATTAGCAATGGAAATGTTGTCTGATATTGACAAAGAGACAGTAAATTTTGAACCTAATTTTGATGAATCATTACAACAACCAAAAGTTCTTCCATCTGGAGTTCCCAATTTACTGGTAAACGGATCAACAGGAATTGCAGTTGGTATGGCTACCAATATTCCACCTCATAATCTAGGTGAAGTTATTGATGGGCTTATGGAGTTAACTCATAACCCTGATGTTACAATAGAAGAGTTAATGAAATTTATTAAAGCCCCAGATTTCCCAACAGGAGGTATAATTTATGGATATGAAGGGGTTAGAGATGCTTTTCAAACTGGTAGAGGTAGAGTTGTTATTAGGGCTAAAGTTAAAACTGAAATTATGAAATCTGGTAAGGAGCAAATTGTTGTAGATGAGCTTCCTTATATGGTTAACAAAGCAAATTTAATTGAGAAAATTGCTGATTTAGTTAGAGATAAAAAATTAGAAGATATTTCAAATATTAGAGATGAATCTGATAGAGATGGAATGAGAATTGTTATTGAGTTAAAGAGGGATGCAACTCCTGAAGTAGTGCTTAATAATTTGTATAAGCAGACTCAAATGCAAAATACATTTGGTGTGATTATGCTTGCTTTAGTTGATGGAAGACCTAGAGTGTTAAATTTAAAAGAAGCATTAGAAGTTTTCTTAAAACATAGAAATGAAATAATTGTTAGAAGAACTCAGTTCGATTTAACAGCCGCTGAAAAAAGAGCTCATATTTTAGAAGGGTATATTATTGCGTTAGATAACATTGATGCTGTTATTGCAACCATTAGAAGATCTAAAGATACTGAAACTGCAAAACTTGCTTTGATGTCTGGGTTTGGCTTAAGTGACATTCAGTCCAAAGCAATCTTAGATATGAGATTGCAAAGATTAACAGGATTAGAAAGAGATAAAATCCAAAATGAATATAGAGATATATTAATGTTAATTGAAAAATTAAGATCTATACTTGCATCAAAAGATTTACAATTACAAATTATCCGAGAAGAGATTTTACTTATCAAAGAAAAGTATGCTGATGAACGCCGTACATCAATTGTTTTTGATTATCGTGATTTCACTATTGAAGACATGATTGCTCAAGAAGATATGGCTGTTACTATCTCTCATCAAGGTTTTATTAAAAGATTTCCTGTTTCAGGGTATAGGAAACAAGGAAGAGGTGGAAGGGGAGTAACAGGTATGCAAACTAGAGAAGATGATTTTATTGAACATATTTTTATTGCTTCAACTCACCATTATCTTATTTTCTTTACAGATAAGGGAAGATGTTTTAGATTAAAAGTT
CP065014.1_gap32	1255428	1257907	2479	GTTTCCAAGATTCAAAACCTTTTGATAATACTCTTTCTCTTCATGGTGCTTTAGGTTTCCGTTATGCTTTAGGTATGCATTATGAACTTGGTTTTGAGGGTGGTTATAATTATGCGTTAGGTGGTGTGTTTAATAAAACTTCCTTACCAGATTCAAAATTTACAATTGATAATGTTATGGTTCAAGTTGCTTTTGGTTATAGATTCTAATATGTTTTTTATTTAACCCGCATTTGTTTTTTCAAATGCGGGTTTTTTTATGTTTGACTTGAAGTAAAAAAAAGTTACAGCTAAATTATTTAATCCTGATGGTAGTTTATTATTCATTTTTAAATCCTGAATTGGATTTACAATAATAGGAGTTTTTCGATGATAGTTTTTCCTTAATTTTTCTGTATTGATTGTAGTTTTATTTAACTATGAAACTGACTTAAAAGGTTTTGTAATCTTAAGAAAAATGGATAGAAAATTTAATATAATATAAGGCTTTCTAGTTGTTGTTTCAATATAGAATCCAAATTGTTTACTTCATCTAACTAGCATAATTTGTTCTTCTTCATTTCCAGATTACTTTTCACTAATTTCTACTTTTGTTGAGTAAGTTTAAATTCAACTATTGAATAAATTTGTGTTTCTCTTCTTCGGTAAAAGACAAACTTGCCTTTTTAATGATTTTTTCGTTCATATTTTACACTATTTAGTGTAAACCTATATTAGGACAAGGCATTTTTTGAATCGTTGGAAATTTTTTAAAAACAATTTTGACCTGCGTTGGCTTTGCAAGCTCTTTGACAAAGCTTTGGTCTGTGCTTTGGCTTGTGGGGCTTTGGCAAAGTGCTTGCAAAATTCGTTGGCTATTTGTTAGTATGTCCATTCTCTGTGGCTTACAGGTAAACGATTTAATTCCTCTTTATAAAACTTCCATTGTGGCATATGCTTTTCCATCAAGGTCAGGAAACGGTCGTTGTGATGTCTTTCTGTAAAATGTATCATTTCGTGAACCACAATATATTCCAAACAATGCAAAGGTTTTTTTGCCAGTTCTAAGTTTATCCAAATTCTTTTTTTCTCAATGTTGCAAGTTCCCCATTTGGTTTTCATTTGTTTTACTTGCCAGTCAGCAACTGTAACACCAATTTGTTTTCCCATTTGTCAATAATGGGCTGAATGAGTTTTTTTAATTCTGTCCGATACCATTCATTAATGATGATTTGTCTGTCGTTGGGTTGTGCGGTTGCGTATTTTTTATTTTCAGAAGGGAAGGATAATTTTTTTAATTCAATTTTTTCAGGGTGGGGCAGGCACACTCTTTGTCTTGTCCTGAAATAGGTTTACACTAAAAAGTGTAAAAATGGACAAAAAAATCATTCAAAAAGCAGGTAAGTATTATACCTTAGAAGAAAGACATCAAATCATTCAAGAGTTAATTGCGACTGGCTGTACTAAAGTTGAAATTTGGGAAAAATATACTGGAGATATAGAAGAACATGGTCAACTACTGCGCTGGATGCGTCAACTAGGATATAATGTTGGAATTAAAACAAGAAGGCCTAATATTGTATCAAATAATTATCTCATGGTAACTAAGAAATCAAAACCAGATAAGGAGATTAAAATTGAAGATGATTCTTTTGAAAATCTTCAATTAAAAAAACGAATTGCTGATTTGGAAAAGCAGTTAAAGGATGCCGAACTAAAGGCAATTGCATTTTCTACTATGGTAGATATTGCAGAAAAAGAGTTCAATATACCGATTAGAAAAAAGCTCAATACCAAACCATAGAAGTAATGAAAAATAATTTTTCACACATAGGATTAGCCAAGTTATGTGGATGGTTTGGTATTACTAGACAGGCTTATTATCAGAACAATTGGGAAGGAATATCTTCTACTCTAGAAGAAGATTTGATTATACATCAAGTAAAAGAAATTCGTAAAAATCATCGTAGAATGGGAACACGAAAACTATATGAATTATTACAACCATTTATTCTTGAACATCAAATAAAAATAGGCAGAGATGCACTATTTAATATGCTTTCGGCTAATCATTTATTAGTAAGAAAACGTAAACGTAGAATACAAACTACGAATTCATATCATTGGTTAAGAAAATATCCTAATCTCGTACGTGAGTTTGTACCAACTAAAATCAACCAACTTTGGGTAAGTGATATCACTTATTGGAAAATAGATACTGGAGAGCATCTTTACATCAGTTTTATTACTGATGCATATTCACATAAGATAGTAGGCTATCAAGTAGCTGAAACTATGGAAGCGATAGAAAGTATTCAAGCATTGCAAATGGCTCTCTCTGGCTTGGGGCCAGAGAGCCATTTGCAACACCTATCCAGTAAGTAATCTCATTCATCATAGCGATAGAGGTATACAATATTGTAGCAATGCTTATGTAAAGCTATTGAAAGATAATAATATCAATATTAGTATGACAGAAAAAGGCGATCCATTAGAAAATG
CP065014.1_gap33	1259803	1261176	1373	GAACCTTCTGAAACCCTTTTTTCATAATGGTTTACAAAATCTTCGGCAACTGCTTTTAAACGGTCAGGGTCGCCAATAATGGCATACATCTGAGCCATTTCTTTTTTGCTTTGTTCAATCTGATTTTCGTTGCTTCCTATCTCGGCACATTTTGCGTAATAATCTTCAATCTCTTTGAGTTTTGAATTATTCAACAACACTTTTGCTGCTCTGCCTTCATACACAATTCGAACAGTGATTTCATCTTTCACTGATTCAGTCATTGTGTAAGCATCAACAACTTTTCCAAACACATCAAGCGTTGCATCTATTGGCGTTCCTGTAAAGCCAACAAAAGTGGCATTGGGCAATGAATCGTGTAAATATTTAGCAAAGCCGTATGTTTTAGTAACGCCTTTCTCTGTAACTTTTACTTTTTGGTCAAGGTTTACTTGGCTTCTGTGTGCTTCGTCAGAAATGCAAATCACGTTTGGTCTATCAGTAAGCAATTGTGTGTCCTCTGTAAACTTGTGAATTGTGGTTAAGAAAACGCCTCCGCTTTGTCTGCCTTGAATTAATTCTCTTAGGTTGGCTCTGCTCTCAACACTCACCACTGTATTGTCACCAATAAAGTTTTTGGCATTGGTAAATTGTCCCGAAAGTTGGTCGTCTAAATCGGTGCGGTCGGTTATTAAAACAATTGTTGGGCTTTCAAAATATTCGCTTTTCATCAACAACCTTGTCAAGTAAAGCATAGTAAAACTCTTTCCGCAACCAGTAGCACCAAAGTATGTTCCCCCCTTTCCATTTCCGTTGGGCTTTTGTGCTTTCTTGATATTGTCATACAATGCTCTTGCAGCATAGTATTGCGGATAGCGACAAACTATTTTTTCGTTTTTCTTAGAACTATCAGGAATGTAAATGAAGTTGCGGATAATATCACGCAAACGGTTTTTATGAAACATTCCTTGTATAAGTGTAAACATACTGTCAATGCCGTCCACTTCTTTTGCCAAACCTGCTACTCTTCGCCAGCCATAGAAAAACTCATACGGAGCAAAGAATGAACCTGACTTGTTGTTTACGCCATCGCTAATAACACAAAAAGCATTGTATTTAAACAGTTCGGGAATGTCTCTGCGGTAACGAACAGTTAATTGCTTGAAAGCATCATAAATAGTGGCTTCTTCACGAATGGCAGATTTAAATTCAAATACCACCAAAGGCAAACCATTGATATAAACAATGCCATCAGGAATACGTTTTTCTGAACCAATAATTTCTAACTGGTTTACGAATTTGTAAATATTAGTGTCGGCAGGATAAACTTCTTCGGGTTCGGCTGCAATAGAAATTAACTGGTCTGCTTCGGGCTGGCGGTGCTTATTTAAACC
CP065014.1_gap34	1275825	1278198	2373	CATGTTTCCAAGCAATTTTAGTTAGTTCACCTAAAGTCTCTAGTTCACCAAATTGTGCTGCATCATTCGCGTCAGCAATAGATCCAGGTCTCAATCCATCTCCTAATGAAAATGAAACATCATAAGATTTCATTATTTCACATATTTCCTCAAAGTTAGTATAAAGAAAATTTTCTTTATGATGAGCTAAGCACCATTTAGCTAAAATTGAACCACCTCTAGAGACTATACCTGTTAACCTAGTAGCAGTTAAAGGTACGTACCTTAAAAGTACACCAGCATGAATTGTAAAGTAATCTACACCTTGTTCTGCTTGTTCAATTAAGGTATCTCGGAAAATATCCCAAGTTAACTCCTCTGCTTTACCACCTACTTTTTCTAAAGCTTGATAAATAGGAACAGTACCAATAGGTACGGGAGAATTACGAATAATCCACTCTCTTGTTTCATGAATATGTTTTCCTGTTGAGAGATCCATTGTTGTGTCTGCACCCCAACGAATGCCCCAAGTCATTTTTTCAACTTCCTCCTCAATTGAAGATGAAATAACACTATTGCCAATATTTGAATTTATTTTAACTAAAAAATTCCTACCAATAATCATTGGTTCTAACTCAGGATGATTAATATTTGCAGGTATAATTGCTCTTCCAATTGCAACTTCATTACGAACAAACTCAGGAGTTATTTCCAATGGAATAGAAGCTCCAAAACTTTGTCCTTTATGTTGATGACTTAAAATATTTTTAGGATTAGACTCAACTTCAATTTGTAATTTCATGTTTTCTCGTATTGCTATATACTCCATTTCTGGAGTTATAATACCTTTTCGAGCATAATGCATTTGAGTTACATTTAAACCTCTGTTAGCTTTTCTTGGTAGTTTAGAATTTGGATAACGAATTAATTTTGTTTCAACATCATTCATTCTATCAATTCTATATTTACTTGAATAAACTTTAAGTGATTCAGTGTCATTTCTTTCTTCAATCCAAGGTGTTCGTACTTCTGGTAAACCTTTTCTAATATCTATTTTACAATTCTCATCTGTATAAGATCCAGATGTATCATAAACTCTAATTGGAATATTCTTTTCAACACCAAACATTTCAGGTGTGTCAGATAATGAGATTTCTCTCATTGGAACTCTTATATCATCCCTTGTTCCAGTGATGTAAACTTTCTTTGAAGATGAAAATTGAGGTACAGAATTTATTTGATTGCTTTGACTTTCAGTAACAATATATTTATTCATTTAAATTTTATTTATTTTTTTAATGTAACGATTAAAATCATTATTGATTGAATCTTATAAAATTATTATTTACAAAAATAGTAAGGGGAGACAAAAAATGCCTCCCCTTTAATATAATATTATTGAATAGTATTTATTTATTTAACAATTAAAGGTTCAGTTAATCCAGAACCTTTAAAATTAGTAGATTCATCTAATTTTAATGACCTACCAACTGTTGTATCTCCTCTTGTAAAGTTAATTGCATTTATACCGATTCCTTCACAAGTTAAAGTTGAATTAGATAACCAATAATAATAAGGTTGATTTGCTTTAGTTCTATCAATTTCAGTATTTGAGTTTGATTTAACAAATTTTATTGCTCTAAATGAACCTTCTTTGTCACTGATATTTGCAGTTATTGTTATATCAGCTGTAGTTAGATTTGATATTCTGGGAGTAAAAACATCTTTCTTATTAAATGAAGTATTATCTATAACATAATTTGCCAATACATCATATTGTAGTCCTAAATCAATTTTAGGGCTAATTCCAGCTGGTGAATTGTTCCCATCTTTTGGTGGAATAAGTTGCCAAGCCCAATTGTAAGATCCTTTTGCATTTATAGGTTTAATTTTGACAGACATTGCTTCAAGTGTATCAACAACTTTACCATTTAAATAAAGTTGAACTTTTGCTAATAAATCATTTTTAAAGGTTGCTGATTGTTTGATGATATCGAAATCTACTAAAGTTGTAGATTGTTCAACACATGAAGCAATCATAAGAGTTAAAATAAAAGGTAGTAAAAATTTCTTCATTAATTTAAGAGAGATATTTTAAAATATAATTTTGTAAACTGTAAAAAATGTCATGCAAAATAACAATTTTTATTGATTTAACTTAAAAAGATAAGTAATTTTTTTGATATCATTTAAAAAATTTATTGTTTCAAAATATTGCAAATAAAACAATATTGATTAAAAGTATAATAAATAAAATGAAAAAATTTAATACAAAAACTAAGAAAAAACTTCTTTCATTTTGTCAAAGAAACTTCCTTTTTCTTTGTTGTTGACTATTGGTTTTATATTAGGGAAATCTGATAATTTGGTAAGTAAAAGTTTTTCCTCATCATT
CP065014.1_gap35	1297377	1298968	1591	TTTAAATAAATGTCCTAAATCTAAAAAGTGACCAAATTCATGTGTAAAAACTCCAGTGAAATCCATATTACTTCCATTAGAAGGTAAATTGCAATTCTTACCTAAATATCTTCCATTATAACATATTCTAGCCATTTTAGCTTGAGACATAGATAAATCTGGAGGCCAAGCAATTCCTGATAAATTTGTTATACCTTGACCACTCCAATCTTTCTGTATATAAATATTAACATACTTAAAATTATCCCAAGCATCTTCAACAACTTCTGGAATTGTATTTGAGGTATTATTTTTAGCATAACTAGCTTCTTTTTCATGAATAACCATTCCATTTGTTGGTTTTCCGAATGGATCTATTTGAGCAAGTCTGAATTCTATTTTTAATACACCTCTTTTTAATTTGAATGAATCATGAACAGAATAAAAATCAGTATTTAATCCATTAAAATCTTTATTTGTTTCAAGTAATGCAGATTTTAAAACTTCAATATTTACAGGAGATCCGTTCTGCATAACTGTTCCTTTTGGGTCTTCAATTCCATAAACATGAAAAACAACTGGGATAATATATTTTGGACAACTATCTTCAACTATGAAATTTTTCTTCTGATTAAAATCACTAATATAATTTTTTATGAATTCTATTTTTGTAGAGTCCTCTTTTAATTTTAAAATTAGACTTTGATGAGTTATTTGGCCAAAATCATTATCAATATTTTTAGGCTCTTGAGCAAAACTTAAACTAATAATAATAAAAGAAAAAAGAATTGTTGTAATTATTTTGTTCATATATAATTTAAAAATATGTGTTAAAGGAGTTTTGCAATCTTTAAAATAAGTGTTTAAAAGAACTTATGTTAATAAAATATTATATGTTAAATCATAAAAATAGTATAATAAACCATTAAAATTCAAGTATTGTAGATTTGAATTTAGTTCGATTCTTTATCATATTTATTTTATATAATTAAATTTTTAAAACAAATGAAAAATTCAATTTGTTCTAATGAGATTATTGTAGCAAGTATCTTTAATAATACTAAATTAGTAACAAATCGCAAATCGCAAATCGCAAATCGCAAATCGCAAATCGCAAATCGCAAATCGCAAATCGCAAATCGCAAATCGCAAATCGCAAATCGCAAATCGCAAATCGCAAATCGCAAATTAATTTTTTTATTTTTTATAATTAGCATTAATTTTATTATGTTAGTTAAAAATGCAACCTCACAATGTTTAGAAGATACTACTTGTATAAACCCATTGTCTAACCTTATTTCAATAGAATTTCCAGTTCCAATTTTAGATTGCCCAAATCAACTCTGTACATTAGGTGTAAATTATCGATTTAAAGATTGCCCATTAACATGAAGAAAGTTCAAAATTTTATTATTAGATTTAAGTAAATGTAACTAATGTGATTCTTCTATTTTAAAACATCCTTCAAATTCAAATTTCAATATTTTAATTGACGCATATATGCGGCTCTCAGTTAAGGAATTGGCTTGTATTATATTTTATCAACAATATAATGCTCTCCCAACATCTTTAAAATACTTAATGGAATGCCCAAACTACCAACATCTATATA
CP065014.1_gap36	1321097	1322434	1337	TTACAATTACTTGTGTATCATTCGAGACAAAAAAAGTACTACCTTCAAGTGATACAATTGGTAGGCTTAAGTGAGCATCTTCTAAATAAGGAAGTACAGAGCTATGATGTCTTCTAGTAATAATTATAAATGGAATTCCTAGATTTTGGATTTTTTTAATCATATAAGCTGTATCCTTTCCAATCATATCAACACCGTTTAGCAATGTACCATCAAGATCACAAGCTATTAATCTAATTTTAGAAATTCTAGATTCTGGGGAAGTTAAGAACGAGAATATCTTTTTAATTGGTTTAAACATTTGTAAATAAAAAATATTTTAGTAAAATTCGTTAAAATAATTTAAAACATGGCAAACAAAATTATTACGATATATTTCTAAGAATTAATATCAAACTATTTATATTTGATTGCTATATTTGAAAAACAAAAAGATTATATATCTATCATCACATTTAATTTTTTCGAATATGAGTATCTCGGTACAACTTTCGCTCGATTTCAAGCCATATCCAGATTCAAATAATTTAGGATTTGGTAAGTATTTTGCCGATCATATGTTTTGTATGGATTTTGTAAGTGAGGATGGTTGGGTTAATCCTAAAATAATACCATATTCAGAATTTAAAGTTTCACCATCAAACTTAACTTTTCATTATGGGCAGACAGTTTTTGAAGGGTTAAAAGCATTTAAATGGAAAGATGGTTCAGTAAATATATTTAGATTAAATGATCATATAAAAAGATTAGCTCATTCAGCTGAAAGGTTGTGTATACCTAAGTTCAATGAAGAATTAGTTATTGAAGCCTGTAAGTTACTTGTTGACATAGATAATAATTGGGTTCCAAAGTCAGAGGGAACTTCATTATATCTACGACCAATAATATTAGCAGATGATGATGCATTAGGAGTAAGACCTTCAAATAATTATAAGTTGTTTATAATAACATCACCTGTTGGGAATTACTATTCAAAAGGACATGCACCAACTAAAATTCTAGTTGAAGAAAGTTATGCAAGAGTAGCACATGGAGGTTTGGGTGAAGCTAAGACTGCAGCAAATTATGCAGCTTCATTGTTAGCTGCAGAAAAAGCAAAATCTATTGGATATGATCAAGTGTTATGGTTAGATTCTATTAACCATGAATATATAGAAGAAGTTGGAACAATGAATATATTTTTTGTTTTGAATGGGACGAAAGGAGATACATTAGTAACACCTCCATTAGATGGTACAATTTTGCATGGAATAACAAGAAAAACTGTTCTAGAAATTGCAAGGGAGTGGGGAGTTAACGTTGAAGAAAGATTAATTACAATTGCTGATATATCCAAT
CP065014.1_gap37	1333996	1334725	729	CAATAGAGTTTAGAAGATCTCAACAAGTAATTTTTAGACCAAAAGAAGAAGGGAATTACTCATGTATATTTGTACTTGTTACATCTGACGGTGATTCTCTTAAAGTGGAGCTAAATGCATCTGCAATTGAATCTCATATTTCAATTTCAAATTATGACTTTGGAAAATTTGAATTTATTGGTGAAAGAAAAGTCAGTTCATCGGGTGATGTAATTTTAAAATCCTTACCATCAAGAATTAATACTATTACAGATATTAAAATTATTGGAAATGATTCTCTTGATTTTGAGTTTGAATCAGGGTTTGATTTACCAACAATTGAAAAACCATGGACATTAAAAATTGGTGAATTAAAAAAAATCCCATTGATTTATAAACCCTCTACTAATGGCAGAAAAACTGCTAAACTTTCAGTTTCAGGGGATCATTCAAAATGTGATGATTCAACTAATATTTTGATTGGTGAATCTTATCAGTTTAAATTTGAATCTGAAGTTACTTCTCACTCATTTGCTAAAATTATGAGTTGTAAAAAAGATAGCTCTGTGATAAAATTATCGAATACAGGTACTGGTTCAATTTTTATAACTGATTATAAATTGATTGATGATAAAAATGTTTTTACTGTTGAACCTATTAAATTACCTTTTCCTTTAGCTCCTCTTGAGAGTGTAAATATAAAAATTAATTTCAAATCTAAAAATCCTGGAAGCTACTCAGGGAGTTTGT
CP065014.1_gap38	1353668	1355913	2245	ATCATGAGTAGCATTTCCATATTGAATATTATTGAACCCAATTAATTGAACTTGTTTTAAAGTAGTGCTAAACCTATATTTCAATATATTTTCACCTCTCATAAATTGAACATGAATTATAAGAATATTTCCTTTATTACTTAAAGTAGTTTCTTCTCCACCTAGAGTTAGTTTTTCAGTTATAAATTGCTTATTGTTTTGGCTTGATAACGAATATGAAAAATTATAACCATTTTCAGAATTTGTAATTTTTACAAAATCAAGTATATTATCATTTTCAAAATCTAACTTTAAATCAAGTTGTGAAAATGCTGTAGAATTTAAGATAATTATGAAAAATAAAAAGATTGTTTTCATGTTACTTGGTTTAAGTTTAAAATTATTTTTTTAAATGTAAATTTAAAAATAATGTTAAGTTTTAAAAAGAAAATATTATTCTTGAAGAAACATTTTGTATTAATTTACTATAGTTAATTTTATCTATTGAGAATAAATTGATATTACTATTAACTTTTTATAAAGTAAATATATTTTTGGTTGGAATAATTTAATATGATAAATACTTGTGAAATAGCACTTCCTATAAATTTAGCAAATGATTCTTTACACCATAAAGTTATTGCATCAAAGTTATTATCAATCTCGGTTGATAGTATTACATCATTAAAAATTCTAAAAAGATCAATTGATGCTCGCTCTAAAATTATTTTAATACGATTAAAAGTAGAAGTGACTTTTAATGAACTAGCCAAAATTGAAATTGAAAATAGAACTAAATATTTCGATGTAAATTTAAATAAAAGAGTGATAATTGTAGGATCAGGTCCTGCTGGTCTTTTTTGTGCATTAAAGCTAATAGAATATGGTATCAAACCTATAATAATTGAAAGAGGAAAAGATGTAAGAGCAAGAAGATTTGATTTAGCAGCAATTAACAAAAAAGGAATTGTAAATAATGATTCTAATTATTGTTTTGGGGAAGGTGGTGCTGGAACTTATTCTGATGGAAAACTTTATACTAGATCCACAAAACGAGGGAATGTAAATGAAATTTTATCTGTCTTAGTTCAACATGGAGCAAGTCAAGATATTCTTATAGATGCACATCCGCACATAGGATCAAACATACTTCCAAAAGTTGTAAATGAAATAAGAAATACAATAATAGAATATGGTGGGGAATTCCATTTTAATGAAAGAGTTATTGATTTTATAATTGATAATAATATCATAAAAGGGGCAATTACAAATTCTGGAAATGAGTATATAGGTGATTTTTTAGTTTTAGCTGTTGGACATTCATCAAGAGATATATTTAAACTGTTGAATGATAAAAATATCTTAATCGAACCAAAGCCATTTGCATTAGGGGTTAGAATTGAACATCCTCAGAGTATAATTGATAGTGTTCAATATCATTGTGAAACTCGAGATGATTTATTACCTCCAGCATCTTACAGCATGAATGCACAGAGTAATGGTAGGGGTGTTTTTTCTTTTTGTATGTGTCCTGGAGGGTTTATTGTTCCATCAGCAACTGCAAAAAATGAGTTGGTTGTTAATGGTATGTCGTTGTCAAATAGAGGTTCAAAATTTGCAAATTCAGGAGTTGTAGTTTCAGTTGAAATGAATGATTTAATACCTTACAAAGTTTATGGAAATTTATCTGCTTTGCAATTTCAAAAAGAGGTTGAAGAAAAATCTGATATGTTTGGTGGTGGTTTGCAAGTTGCACCAGCACAAAGATTGATGGATTTTATTGAAGGAAAAACTTCTACAAATATGCCAGATTGCAGTTATAAGCCTGGTATTAATTCTATAAATTTGAAAAATGTATTACCTAATTTTATACATAGTAGATTAGTTGATGGAATAAAACAATTTGGAAAAAAAATGAAAAGTTACTTAACAAATGAGGCTGTAATATTATCGACTGAATCAAGAACTAGTTCTCCAGTTAAAATTCCAAGAGATAAGGAATTATTAAATCATTTGGTTATTTTAAATTTATTCCCATGTGGAGAGGGTGCAGGTTATGCTGGTGGTATTGTTTCTGCAGCTATTGATGGAGTTAGGGTTGCTGAACAAATCAATAATAGAAAATTTAGTTAAGGAAACTTTTAAGAATTAATACTATGAAATATGAAAGTAAATTTCAGGGTTTAGCTTCAAATATTATATTTAGAAAAAGAGTTTTTAAAAATATGCTTTTTGCAATATTTTTATTACTTATATCTTTGGGTCT
CP065014.1_gap39	1402930	1405096	2166	AAACAATCAGCAAAATTTATTGAAGAATTTAAAATTAATGATTGTTTAATAAAAAAATACACTGTTGCAAAATACACCAAAACAGATTCTTTAAATAAAATTTTGAAATATGAATATCTTCCTAAAGACATTTATATTGTATCAACCAAAAATGATTCTTCAAAGTATATTTTAGTATGTGCTTGGCAAGAATATTTATGGAGATTGAGTGAAAAATTATCTAATGTAGATAAACCATACTATTCTCCAATATTGAATTTATTTAATACCTCATTAGATTCTATTAATATAGTTTGGATGTACCCAAACTTAGATGATCGTGACAAAGACTTAAGAAATTCTAATAAAAAAAGAAATAATTATTGGTCAATAGATTTGTTTACATCTGGTAAGCCAATTATTGAAAAGTATAATACAACTCAAACTTCATATCCAGTAGAAAATATGTATAATCCTTTAGACAGATTTACTGAATCAGGAACTTACATAAGATCAATGATTGACACAAATTTAATTAATAATAGTTTTAAAAATGTTCTAAATGATTTTACTATTTTGATTTCAAAAAAATCAAATATTGAAAAGTCTAATTCTTCTCAAAACAAATAAAATTATTTTTTATTGTATGTCAAATAGAGAATTGAGTAGAGTTGCATTTAAGATAATGTATGATGGAACCAACTATTCAGGATGGCAGATACAAAATAATTCTAAGTCAATTCAAGGAATAATTCAAGAAGCCCTAGTTAAGTTAACATATAACATTGAAGTTAAATTAATTGGAGCGGGAAGAACAGATACTGGTGTTCATGCTGAAATGCAAGTTGCTCATGCAGATATTTATAAAAGATTTGATAATCATATACTTAAAGAAAAATTAAATTCATTATTACCAAATTCAATTTATATTTCTGATGTTGTTGATGTTTCTAATGATTTTCATTCTAGATTTTCAGCAATTAATAGAGGTTATAAATATAAAATATCTTTAATTAAAAATCCTTTTTTAAACCGATATAGATATTTTTTGTTCAAAGATTTCAACCCTGAAATTTTAAATTTGTGTGCAAACAAAATAATTGGGAAAAAAGATTTTACATTTTTTTCCAAAAATAATCCTGACACATTAAATTCAATATGTGATGTTACTAAAAGTGATTGGGAAATTGGTAAGGATTATCTAGAATACAATATCGAGGCAAATAGATTTTTATACGGAATGGTAAGATTAATATTAGGTTTTCAAATTGATTGTGCAACAGGTAAAAGAGTTCATTCTGAATTTGACGAATTGATAAATAAAAAAGAAAGATCTAATCAAAGTATGATGATAAAACCAAACGGATTATTTTTAACTAAAATTGAGTATCAACATTTTTCATTCTAAATATTATGACTAAAATTAACAAATTAAATTTTGTATCTGGAATACTGATTTTGTTTCTATCATTATTTTTAATTCAATGTGGATTAAATGTTTTTCCTTTATCTCAAGACACTCAACTCGGTTCTGAAATGGACAAAGAAATAAGACGCAATCCTCAACAGTACCCAATCCTAAATAATAATTATGTTCAAAATTATGTTCAAAATTTAGTGAATAAAATTTTAATTTCACCTAAGATAAAATATAAAAAGAACTTTCCTTATAAAGTAACGATTATTAATGACGATAAAGTATTAAATGCTTTTTGTACACCTGGAGGATATATCTATGTCTATACTGGTATTTTAAAATACCTTGAAGATGAAGCCTCTTTAGCTGGTGTAGTAGGTCATGAGATTGCTCATGCTGAAAATAGACATGGCACTCAACACATGACTAATAGCTTAGGTTTAGAGGTTTTAGCATCTTTAGCTCTTGGAAATAACCCATCAGAATTAACTAAAGTAGCTGCTAATGCTGGAGCACTGATTGCTATGTTGAAAAATAGTCGAGAAGATGAAACAGAGGCAGATAATTCATCATTTGAATATTTGAGGAGCAGTAATTATTGGCCTGGTGGAATAAAGAAATTTTTTGAGAAAATGTTAGCTGAAAAAGGTAATCGCTCTACAGGAGGAAAATTAGATGAATGGATGTCAACTCATCCCTTACCACAATCGAGAGTAGATAATGTAAATAATCTTTTAAGAAAAAATAATATTCCTTCTCCAGGTCCACAA
CP065014.1_gap40	1410449	1412158	1709	TTTACTTTCAAAAATTAAATTTGATTTTGCACTAGCCTCTACAATATCTATGAAAGTATCAGTTTCAATAATAAATGATTCTCCCTTTGAAACATACACTCCATCCAATTTTACAACATCAAAAACGTTTTCACCAATTATAACTCTACCATTTCCACTTAGAACTAATAAACAAGTTTCAGAATCCTTATTCTGTGCTGTTATCGAAGGTAAATTGGTATCTAAAATTATTCTTCCAGCATTAATAAATTTAAACTCTGAATTATCGTTTGTAATTAAAATATTTCTACCTTTGTTAACTGCTGTATTCCTGAATAACCACTTATGATTTTGCATATTTTGTAATAAATTAATGTTGTTTCGTAAATTAGCAATTTAAGAATTAAAATTCATTAATTACATTTTCTACTTTTTTAAGTATTACAAATTAAATTACTCATTCAAATAATAAAAATTAAATCAAAATTATTTTATGATTTTATCTGACAAAGAGATTTTGCATAGTATTGAAAATGGTGAAATTGTAGTTGAACCTTTCGATAGAGAATGTTTGGGGACTAATAGTTATGATGTTCATCTTGGAAATTTTTTATCAACTTATGATTCATTTGAATTAGATGCAAAAAAGCATAACACAATAACCACTTTTGAGATTCCTCAAGAAGGTTATTTATTATTGCCTGAAAAATTTTACTTAGGAGTTACACAAGAATATACTGAAACTCATAGGCATGTACCATTCTTAGAAGGAAAAAGCTCAATTGGAAGATTAGGCATTGATATCCATGCAACAGCTGGAAAAGGGGATGTTGGATTTTGTAATTATTGGACTTTAGAAATTTCAGTTAAACAACCTGTGAGAGTATATGCTGGGATGCCAGTTGGTCAGCTAATTTATTTTGTTACTTCAGGTGAAATTGAAACATTTTACAATAAAAAAGGTAATGCAAAATATAATAATAGAACTGATAAACCAGTTGAATCAATGATGTGGAAGAATTTTAAATGACAAGATAGAATTGTATTTGAGTATACTTTAAGATAAATTTATTTATTGAAAATGATTAAAACAAAATTTGAGATTTTAGAATTGTGTTGTAGTGCTGAAGAAAATGTTATAAGAAAAAAGCTTTCTGTTATACCAAATATTAAAGATTTAAATTTTGATTTTATATCTCATACATTATCAATTGAACATTCATCCGATATAAAATTTTTAATTAAAACATTAGATTCAGTTGGAATGTCTGCTACAGTAATAATTAATGATAATGAAAAAGTTGAAACTAATGAACAAAGTTTTTGGTTAAACCTTAATTCAATCAAAATTTTTATTGCAGTTGTTCTAGCAATTTCCTCTGAAGTTATACATTTTATTATTGGTGGACATAATCATTCTCACTCAAATGAAAAAATATCTTCTTCATCGGAAATAACTTCATTCTTTAATATTGAGAATCTGCTAATTCTATTTGCTTTTGTTGCAATTGTTTTATGCGGAACAAACTTCGCAAAAAAAACTTGGAACTCAATCAAAACTTTTTCTTTGAATATTCATATTTTAATGTTTGTAGCTGTAATTGGAGCAATATTATTAGGAGAGTATAGTGAAGCTGCAATGGTTATTTCTTTATTTGCTTTAGCTGAACTTATAGAAAAACGAAGTTTGTTAAAGGTTAGAAATGCATTAGGTAATGCTATTGATTTGA
CP065014.1_gap41	1433861	1435096	1235	TTTTTTAAGAACTTGTCTTCCTCTAATGTTAACCTTAATGAAATTCTATGAGTAGCTCCAAAGCCTGATAGATCTTCATTCTCCTTTGTAAAAGCATAGTCTATATTTAATTTTGGTAGCTTTATACCAGCTCCAATAGTTAGTTGTTTATTCTCAGAATATCCTATTCTACCAAAAATTTTATCATTATAAGCATATTCTAAACCTAAAGAAGGATCTAAAGAAGCAATTCCTAAATCTATTTGTGACGTCAATTTTCTTCCTTCAAATCTAAAATTTCCATCAATTGTAGGCATCAGATTATGTTTATCATTTATAGAATATTTAAATGAAGTGCCTATCTTTAAAGATGGTACAATAAACTCTTGAGATCCTGTACTCCAAGTTAATAATGATTTTGTTGCATCATTTAAGGTAGCTCCAATTTTCAAATTGTCAATAGGTGTATAAAGTGCACTTAAATCAAAACCAATACCATATGCTGAATTTTCAAGAATTGATTTATACATCAATTTTAAATTTGCTCCAAAGGCAATTTTACTATCATATTTTTTAGAATATGAAAATATAAAACCCCAGTTTGATGCATTCCCTAAAACAATTTTAGAAGGATCAATTCTGTCTTCATCATCTAATTTACCATTACCATTAACATCAATTAGAGCATTCCTAGAATCTTTAATTCCGTCCAAGCCTAATCTAATTGCACTAAAAGCTAAAGTTTGGTCTGAGCTTAATGGATAAGCAATACCTGCGTAATCATAATTTATTTGACCAGAAAATCTAGATTCATGAAGAATTGAAATTTGAGGATAATTAATTTGAACTAAAGCTGCAGGATTAAAATAACCAGCAGTAACATCATCACTAAATGCAGTACCAGTACCCCCTAAACCAGCAGATCTACCACCAACACCTGTAGATAGATAATCTCCAGCATATTTTGCATTTACAAAACCTTGAGAGTAAACAAAATAATTGCTACTTAATATTAAAACCAAAAGCAAAGTTAATTTCATAAAACAAAAGAATATAATTTTATACTAATCTAAAAATAATTTAAAAATTGAAAAAGGTAATTCTTGTTGCACTACAACCGAGCTCAATCTACCATAATAGTATAGATGTGGTTTTGTCTTTAAAGGACTCTCTTCAGATAATGTAAAGTATCCGTTATTATCACTACTAAAACAGAGTGACTCTCCTTGAGGCTCTAATGTATACGGCAAAGATAA
CP065014.1_gap42	1445924	1448898	2974	TTTGGTTCAGATCAGATAGCTCATTTTGCACATTTAGGTGGAGCTTTAGTTGGCTTTGTACTTTTAAAAACAAATTTTATGTCAGAAGTAACTAAAAGCAGTAACTTAAGAATTATAGATTTACCTAAAGCTTATTCCGCGATAAATATTGTTGAACCTAAAACTAATAATTCAATATCAGATCAATTAAATAGTTCAGAACAGGATCAACTCAATTTAATTTTAGATAAAATATCAAATTCAGGTTATCAAAATTTATCAGAAGATGAAAAGATATTTTTGTTAAACATTGGAGATAAATTAAATTAAATTACTTTTATTGATAATATTACAAATCTGAAATTATTTGAAAACTATATCTGGATTTACTTTTATTAGAAATGGAGTTTCCCTTGGTTATCCTTTTGTTGAATCTATAAAATCACTTTTACCTATTGTAGATGAGTTTGTGATTGCTTTAGGTTTTGGAAACGATGAAACAAAAACTATTTTAGCTAATTTTAAAAATCCTAAAATATTAATTATTGAAACTGTTTGGGATGATAATAAAAGGATAGGTGGTACTATTTTAGCTGAACAAACAGATATTGCTCTTAAACATTGTAAAGGTGAATGGTGCATATATTTACAAGCTGATGAAATAATTCATGAAGATGATTACCAGAATATCATAGAAAATATTAATAATTCAGACCAAGATGTTGAAGGATTGATATTTAATTGGAGACATTTTTATGGAAGTTACAACTATTTAGGAGTAGGAAGACAATGGTATCGAAGAGAAGTTAGAGCTTTTAAAAATTCAGGAAAAGTTGTATCTTGGAAAGATGCTCAGGGTTTTAGAACATTAGATGAAAATGGAAATACTAGAAAATTAAAATGCAAATTAATTGAATCTAGAATTTTTCACTATGGATGGGTAAGACCTCCAAAAATTCAAATGAAAAAACAAGTTGCTTTCTATAAATTGTATCATCAAGAAGATCAAGAGAACGAAAGTGAAGTTTATGATACTGAATTCGATTATACTAATTGTTACGAAGTTAAACTATTTAAAGAAACGCATCCGAAAATTATTTTAGATAGAATCTCAAATGATAGTGAATGGTGTAATAAATTTAATCCGAGTAAATTGATTAAAAAACCGATTAAAGTACTATTAAGTGATTGGATAGAAAGGAAAACTGGATTAAGAATTGGAGAATACAAAAATTTTAAAGTCATAAGTTAATTGCCGTTATTGCAATTTGACTTATCTATATGTTAATATAAACTTAGTAAAATAAAAAATGAATCCATTTGAAATACCAATTATAGGGCAAGGAAGTGAACAGCCAATTGCAACAGCTCCATTTCACAGAAGAGTTACAAGAAAAGTTTTTTTAAAGGGTATACCTGTTGGTGGTAATTCCCCAATTTCAGTTCAAACTATGACTAAAACAAAAACATCTGATGTTGAAGGAACTTTAGCCCAAATTAACAGATGTTTTGAATTAGGTGTTGATATTGTTAGAGTTACTGTTAATGATAAAGAGGCGGCAGATGCTATGTTCGAAATTGTTAAATACTCTCCTGTACCTATTGTAAGTGATATTCATTTCAATCATGTTTTTGCATTAAAAGCAATAGAAGCGAATGTTGCTAAAGTAAGAATTAACCCAGGAAATATTGGTTCAATTGAAAGAATACATGAAGTTTTAGGAGCAGCTAAAGAGAAAAATATTCCAATTAGAATTGGTGTTAATTCAGGTTCTCTTGAAGAAGATATTCTTGATAAATATGGTTATCCAACACCAGAAGCACTTTTTGAAAGTGCAATGAGGCATGCTGGTGTTTGTGAAGATTTTGGATTTACAGATGTTATAATTTCTGTCAAATCTACCGATGTAAGATTAATGATTGAAGCTTATAGATTAATTGCTGCAAGAACCGATTATCCTCTTCATTTAGGAGTAACCGAAGCTGGTACAACTAAAGTTGGAACTATAAAATCTTCTGTTGGAATTGGCACTCTTTTAGCTGAAGGAATTGGTGATACTATCAGAGTTTCTTTAACAGATGAACCAGAACGTGAAGTTGAAGTGGGAAAAGAAATATTAAGATCTTTAGGACTTGCTTCAAGAGGAGTTGAAATAATTGCTTGTCCTACTTGTGGTAGATTAGAAATAGATTTATTTAAAGTTACCAGAGAATTAGAAGAAGCATTACAGGGGGTAAAAAAACCAGTTAAAATTGCACTCTTAGGTTGTGTGGTAAATGGTCCAGGAGAAGCAAGTGAAGCAGATATAGGTATCGCAGCTGGTAAAGGAGTTGGAATTTTGTATCGTAAAGGAGAGGTTGTTAGAAGAATTCGTGAAGATGAAATAGTTCAAGCAGTCCTTGAAGAAGTTGAAAAATTTATTCCAAAAGAATAATTAAACATCTTAAAAAGAAAAGAAATTTGACAAAGGAAATTTTTATTTGAATAATCTATTTATAATATAAATCTTGATTTCAATCGTTGATTTGGGACAATACAACTTGCTTTAACTCCAAATAATTTGTACCTATTTTTTGCTATAAATTTATAAATCATATTTCTTAAAAACTTAGGAATTATAATAAAACCAAATAATAATTTAAAAGGATATTGTAAATTTTTTACTATTAATAAAATTGCATCTGAATAAATTAAAAATTGATTGTTATTAAATAATATAATACTATCAATATCATCAACTTTATAATTCTTTTCAGCAAAAAAATTTAAAGCGAATTCACTTTGTAAAGGTGAAAATAAATACAGTTCCTTAGAATCTTTTTTAATTATAAAATTAACTGTGGAATTGCAAAAATTACAAATCCCATCAAAAAATATTATGTTGTTTAGTTCCATAATTTTATTTCTCGTATAAGAATTTTATCAATCTATAGGAACGGATATCATATAAGGTTCATTGCCAGGGTGGGGTAGAGATCTTTTTAAAATCCATGG
CP065014.1_gap43	1452244	1454242	1998	AATATTATCAAGGATACAAACCTGTTTATATTAATGCATTTGCATCAAGTGGTACAGAAAAGTTTAATGGCATTTGGGAAAATACTAATTATACTAATACTGATTTGCAAAAAATCAATAATGGAGTTGCAAATTATATGACAAATCAAAATGTTAAGGCTTTATCTTTAGCTGTTTGTAAAGATGGAAAATTAGTTTTTGCAAGAGGATTTGGAGATGCAAACGTTTCTACTGGTCAGGATTTAAGCCCTAATCATTCATTAAGAATAATGAGCATTTCAAAATCAATTACTAGTACTGGAATAATGAAATTAGTAGAACAAGGAAAATTAAATTTAGATCAAAAAGTGTTTGGTACTGGAAGCATATTTGGAAATAAATATTCATACCCAAACACAAACAAAACTAATTTAGAAACTATAACACCAAGGATGATGTTGCATCACACTTCAGGTTTAAGAACTTGTAATGGGGAAGCAGAATTTCATAATTCTTCAAGTACTTATAATGATTGTATGACTGTATTGTTAAATGACTCAAAACTTTTTAAGTTTACTCCAAACACGATGGCAAATTACTCTAATACTAATTTTTTCATTTTAGCAAGAATTATTGAACAAAAGAGTGGGCAAAATTATGAAACATATCTTCGAAATAATGTATTAACTCCATGTGGAGTTGGGAATTCAATGTATGTAGGAGCTAATACAGGTAATCCAACATCTTTAGAAGTTTCAACTTATACACCAATGGTAAATATGAATTTAAAAATGTGGGATGGTTTTGGAGGATGGGTTGCAAGACCTATTGATCTTTTAAAAGTGTTAGTAAAATTTGATGGAAATGTATCTAAACCAGATTTGATTTCTAAGGCATTGTATGATACAATGACAACTACTACAGTTTTGAGTAATGGGTATGCACTTGGATGGATAGCTAGCAATACTAAACAAACTCATAACGGATGTTTTCCAGGTACTAGATCTTTTTTGTATTATGATAAGGCATCTGGCATAAGTTTTGCAGCAATAGTTAACAATGATCCTAACGAAGATGGATGTGGGTGGGATATGCAAAGTAAAATTTTAGATGCTTTAAAAACAGTAACACAGTGGCCAAGTTATGATTTATTCTAAAATATATTAAGGAAAAAAGAGCCATAGTATTAATTTACAATGGCTCTTTTATATATAATTAATTGAGTTTTAAAATTTTTATGAAAATAATAATTCTAAGTCTTCAGATGAAATTGCAGAAATCAATCTACTATCAGCCTTGATAATTGAATCCGCTAAATTCCTTTTTGATTCTTGTAATTGTAATACCTTTTCTTCAACGGTATCTTTAGCAATTAATCTATAAGCAAATACATTCTTTGTTTGTCCAATCCTATGAGTTCTATCAATTGCTTGAGCTTCAACTGCTGGATTCCACCAAGGATCTAATAAAAATACATACTCAGCTGCAGTAAGATTCAAGCCAACACCACCTGCTTTTAAACTAATTAGAAACAATTTGCAATCATCATCATTCTGAAATTTATCAACAACTTCCTGACGGTTTTTAGTTTTACCATCTAGATATTCATATTTGATATTTCTATCATCGAGTTCTTCTTTAACAATCGCTAAAAAAGATGTAAACTGAGAAAAGACTAAAGCTTTATGACCTTCACTTATTGCTTCAGAAATCATACTTATCAAAGTATCCAATTTTGCAGAAGAAACATCTCTTTTGGTTTTATTTATTAATGCTGGATGACAAGCAACTTGCCTTAACCTTAACAAAGCTTCAAGTATATGAATTTTAGATTTTTGGAGGCCAATAGTACCGATTGTGTCGTTTAAAGAAGATTTATAATATTCTCTTAACTCGTTATAAATTCTTCTTTGAGCTGGATCTAATTCACAGAAAATTGTTTGTTCGATTTTCTCTGGTAAGTCTTTTGCAACTTCACTTTTGGTTCTTCTCAAGATGCAAGGTTTTAAAATTTTAGAA
CP065014.1_gap44	1459752	1463741	3989	TAAGAAGTGATACATTAACAAAACCTTCAATTAAAATGCTTGAATATATGATGCAAGCAAAAGTAGGTGATGATGTTTATTCAGAAGATCCAACAGTAAACGAACTTGAAAATTTGATTGCGTCTTTACTAGGAAAAGAGTCTGCACTTTTTGTTCCTACAGGTGTAATGGGTAATCAACTATGTTTAAAAGTACTATCGAATCCAGGAGATGAAGTAATTTTAGGTTATGACAGTCATATATTTAATTATGAGACTGCTGCTCCTTCATTGTTATCTGGTATTCAACTTCATACAATTCCAAATTTTAATGGTAGCCTAAACAAAATTGATGTTCTAAATTCAATAAGAGAAAATGAATATTATTTACCAAAGACAAGTGTAATTTGTTTGGAACAGACCCATAACAAATCTGGAGGGAAGGTAGTCCCTATACAAGATATTTGTGATTTGAGTGAAATTGCAAAATCTAATAATATATCTTTACACCTTGATGGGGCAAGGTTGTGGAACGCGAGTGTTGCAAGTAATATTTCATTAAAATCATATGCTCAATTTTTTGATACTGTATCTGTTTGTTTGTCAAAAGGATTAGGTGCACCAATTGGGTCTGTTATATCTTCAACAAAAGAAAACATAATAAAAGCTAAAAAGTACAGGAAGATATGGGGAGGAGGTTGGAGGCAAGCTGGAATATTAGCTGCAGCTGGGATTTATGCTGTAGAAAATAATTTCCAAAGACTAAAGGAGGATCATAATAACACAAAAGAATTTGCTAATTTAATTTCAATCAACAAATCAATTAAACTCATATCTGAGCCTGAAACTAATATATTAATTTTTGAAATTGAAGATATTGACCCATACGAATTTTGCAAATTTTGTAAAGAACAAGGTTTATTGTTATCATCAGCTTTTAAAGGGAAGTTAAGAGCTGTTTTCTATAAAGATGTTTCTTCTGATGATGTATTTTTAGCGAGTAAAATTTTATTAGAATCTATTAATAATTACAAAAGATAATTCTTATTATAAAAAAGCAGATGAATAATTTATTCACCTGCTTTAATAAGAATTACAAAATTTTATAATTTAAAATCAACACCAACTCTTAAATTAATACCACCTCTAAAGCTAGCAGTAAGGTTACCAGCCAAAGAAGGAGTAAAGAAATATCTTGCTCCTCCATAAATATCCCAAGCAATACCAGAGGTACCACCAGTTGAAAAATTATCTTTATATGATACAGTTGAGTTATATAAATTTAATCCAACAAATGGATCTATTTGATTGTTTACATCAAAATGGTAAAGTCCAGTAACTCCAACCCAAATAATAGATGCATAATCAGTACTATAATAATCTAAATTTGCACCAATCCCAAATTTGCCAGGACCTAATTTAGCCAAACCATATTCATAGTCAGCACCAAAAATAGTTAAGCTATTTAGAAGCCAAACGTGAGGACCCAAGTAACTTCCACCAATTACAAACTGAGCATTTGATTTAGCTACAATAACAAAAATTAGAACAAATAAAGTTAAAAATTTTTTCATTTCTTGTTTAAATGATTAAGTTAAATATAATGATTGAAAAATAAGAGAGTACTAAAATAACTAAATTTAACTAAGAGTATATTAAAAAATATTAAAGTAAAGGATTAGAATTAATTAGGTGACATAATACCCCTTGTATTCAAAAATATATATAAATTGATTAGCTTTTATTTTCACACTCTTTTGGATTCAAACATTCCGCAAAAATTTGAAAAGAATGATCTTTAACTCTTAAACCTGCTTTTTCTGCTATTTCTTTTCTTATTTTTACTAACTCTGGTTGTACAAATTCGGATATGTGTCCACAATCTATACAAATTAAATGATCGTGATTTGGTTCATCAAAATTAACTTCATAATAACTTCTTGAACCACCAAAATGATGTTTAACAACTATTCCTGCTTTTTCAAATAACTCTAATGAAGAATAAACAGTAGCTCTACTTACATTTTGTTGCTTCCTTGAAAGAATATCAGCATACAACTCATCAGCATTAAAATGTCCACCATAATTTAGAACAAAATCTAATACTTTAAATCTTTCCTTAGTTGATCTTTGCTGTTCATGCTCTAAAAATTTTTTCAACATTTCATGAGCATTTACCTTTTGTTCTTCTGATAAGATTCTATCTTCACGGTTTATCTCTTTAGTTTCTATATGACTAGATACTATAGATTCTTTTTTAATATTTTTAGTCTTATCAGTTTGCATAAATAAATTGAAAGCTTAAGTTACAACAATTTTAGGATTTTGATTCTCTATTTCCATATTATTCTTAACTTTTTCATCTAATGAATTATCAAAAGCCTTCATTTCATTTAAATCTTTCTTTCTTCTTATAATTGACCAAAAGAACCCAAGCACCATAATTATAACACCAATCCAAACAAATGAAATAAATGGTTTTACTGATGCATCGAATACAAAAACTCTTTTAGTCGGTTTAGGAGGAAATCTTGGAGAAGAAAATGTTACTATTGCTTCAGATTTCGATAAATCACTTTTATCAACTTTAATGTCTGAAAAGCCTACCTTAACATCAGTTCCTGGAATTAACTCTGTCCTATAACTACCATCTTTTAACTGTCTAAAACTAGTTACTGATATGGTTGAATCTCCAGATATAAATTGAAACATTGCTCCTTGTAAATTTTCACTTGCTCCACGACTCATATCAAATTTTACAAATGTACCCTTAATAGTTGAATCAAATGGAACAGTAAAACTTGAACCTTTTTTAAAAGATAGTTTTGGATCTCCACCATCAACATCAATTTCTTTTGGAGAAATATAAATATCTTTTGTTAAAGTATAATGAATTCCTGGTTCTAAGAAAGCACCTTCCCTTTTATTAAAATCACTCCAAAATACTATAGGGCTAGCTGTGTATTGTTTACCATCTTTTTCAAGAATAATATTATGCCTATGCTTTTCTAAATCTGTTCTTTCTTCCTCAATTCTGTCAGCTCCTTTATAAGTAATTTTGTATCCAAAAGCATTTGAAGATTCTCCTTCAATTAATCTTATATGTTTTGATTGACTATACCTTGAAGTGAAAATTATTCCTAACATCAAAAGAGCAATTCCAGCATGTGAAACATATGCGCCTATAAATTTTGGATTTCCTTTTATAACTTTATATCCAATTTGAAGATTTGTACTTAATGCAAAAAGTGAAGTAAATCCTAGAATTATGAAAACAAAATCTTTAATACCCAATAAATATAATCCTATTGATCCTAATATTGAAAATACAAAAGGATATTTTAGTTTGTTTAAAAAGTCATTTAGATTTGATTCTTTCCAATTTGATTTAATAGACAATCCATTCAATAAAGTTATAATAATTGCTAAAGGTAAATGAATGTCGTTGTAAAAATCAGCAGGAATTGCAGCTTTAGTTTTACCAAACAAAGGAGTAATAATTGGCCAACTTGTACCAATAAAAACCACTAAAGCAGAACCTAAAATAGTTGCTGAACCTAATCCTAAAGCGTTTTCTTTTGATATTAACTTGTAGTTTTTAGAACTAGTTTTTAAATCTTTAATTCTATAAAAAAAAGTACCAAAACCTATGGAAATAAATAGAATTATTATTGATAATAAAACCCAATAAATAAAATTACCAGGATCAACAAAACTATGAACTGATGTATCACCTAATACTCCACTTCTTGTTAAAAATGTTGAATACAATATTAATCCATAAGCCAAGATGGCTAAAACAAAATTAGTTTTGATATAACCCCCAATACTATCACTTGAACCAGTAAGAATTTTACCAGTTTTTTTTTGAACTAATAGTGTATGTGATAGAGCTACACAAACCAACCATGGTATTAATGAAGAATTCTCAACTGGATCCCATCCCCAAAAGCCTCCCCAACCTAAAGTTTCATATGCCCAAAAGCCTCCGAGCATTATTCCGAAACCTAA
CP065014.1_gap45	1467861	1470547	2686	ATCTGTTGAAGAAACTGAATTACCCCAATTATTTGCATTTGATATATTCCCTTTTATTGGATTTGCAACATGTTCAGAGCCAGGACCATGGCAACTTTCACATCCGATATTCATATTTAAGTCTTGTATCTTTAAATCTCCTTTATCTTTTCCATACCAACTTCCTCTATAAGTAGTGTCATTACCAACAATTTCAACTTTAGTGGAAAAACCATTAACATGACAATAAACACATGTTTTATCGTAAGCAACATTTCTAAATTGCTGTGTATTAAAATTGTATAATTTGTAATGACCTGTTGTTGTATCTAAATAAGACCATTTATTTACATCTATAGCATAATACCTATTTGAATCTTTCCACTCTTTATAATCTGTACCAGAAAATTGAAATGGTGGATAATAATATTGATCATTTATTTTAACAAGAAATCTTTGCATCCATCCGTTTCCACCATAAGTGTATTCAACTTTCATTTTAGAAGAAGCATCACCGGATGGAATCAGTTTGAATTGTATATAATAATCAAATCCTTCTTTAGAAAAATTATACTCAACTGAATCAGTATTAAAGTATCTTAATTTAACTACCTTATTATTAACAAAATCACTTTCATTTCTAACTGTAGATGGAGATGGTCTTAAATGAATCTTTTGATGAAAAGTATTCATAAATTCTTGAGCTCCTTTATAAGAACTTTCAGGAGAATACGCTTTTTCATGACAATTAGCAGCCATACATGTTTGTTCACCAACATAAACTCTATCAGCTCCAGCGGTTGTAGAATTACTTCGTTTAAAATAAAGTCCTAAAATAATTGTAATAAATACAAATAAAAAGGCATATTTTTTAATCATAAAGATTTAAATTTTAAAAATTCTGATTTAATTATAGTCCAAAACAAGCAAGACACCCAATATAATAATTCGATGCAAATATATAAAATTTTATTTAATTAAAATACTATTGAATTAAAATATTATTCATTCTTGCTTGAACCCCGCTCGATTTCATCATTTCTTCAATTAAATCTTTGTATTCTTGTGTACTATTTTTATTATGGATAAAACTCAAAACTGATTCTTCTGTGTTATCAATTGCATCATTGATTTTATCAAAAAAAGATTTTTGCTTTGGTAAAATTAATAATGAATAACCCTTCAAGTTAGATCTTTTAGCAGTGACCTGAATTGCATAATCTAATCCTCCAATCTCATCAACTAATCCAACTTCTTTTGCCTCAATCCCAGTCCAAACTCTACCTTGAGCAATTGAATTTACACTATCTTTTGAAATTTTTCTACCAATTGAAACTACATCCAAAAATTTAGAATATATTGAATCAACATTTTTAGAAAGAATAAATTGTTGTTGAACTGTTAAATCATTTGTTGGTAACATAATATCTGCATTTGGATTTGTTTTAATAGTTTCAGTATTTATGCCAAGTTTTTCTGAAAAAAATCTTTTTGCATTAAATGATAATGAAAATACTCCTATCGATCCTGTAATTGTTGATGAGTCAGCAATAATCCATTCACCAGCTGATGCAATATAATAACCTCCAGATGCAGCAACACTTCCCATTGATATTACTATTGGTTTTATCTTTTCTGTGAGTTCAATTTCTCTCCACATATTGTCACTTGCTTGTGCACTTCCTCCAGGTGAATCTATTCTAATTATTATAGCTTTTACTTTTTTATTATCACGAGCAGACTTTAAAGATTCTATAAAACTTGAGCTACCAACTCCATTCCCACCAAATATTGGGTTTGGATTATAACCGTTTTTCCCAGATTGTATATTACCTTGAACATATATTAATGCAATTTTATTCTCTAAATTTTCATTATCTATTTCAACATCATAATCATTTAATTTAAGTAAATTTAATCCTTTTAAATTTCCATTATCATTATCATCAATAATTTTAATTTTGATAGGAATTTTTAATTTATTTTTGAACATATCAATTATTTCATCTTGATATTTTATACCATCAATAAAATTGAATTCTTTAGCTTCATTTGGTGTTAATAAAGAATTGTTATTAATGATTTCATTTAATTGATAATCGGGTATATCACGAGCTGAAGAGATAGTATTTGTAAACCTTGTAAATATTTGTGAGATTAAATTATTTACAACAAACTTACTTTCTTCAGAAGCTTGATTTAATAAAAAAGGTTCAACAGCACTTTTAAATTTGCCTGCTCTTGTAACCTGTGCATTAACACCTAATTTATCTAATAAAGGTTTGTAAAATTCTAGAGTAGAATAAATTCCATTAATTTCAAATTGTCCAGCAGGATCAATTAAAACTGAATCAGCAATTGATGCAAGAAAGTATGCTTTTTCATCATAATTCATTCCACTTGAATAAATGAATTTTTTATTTTTTTTAAAATTAACTAATTGCTCTCTTAACTCTTCTGCTTGTGCCCAACTACCAGCAAATCCGCATGGCTTCAACCAAATACCAGAGATTCTAGTATCCTTAGAAGCATATTTGAGCTTTTGAATCCAATCAAGAAAAGTTAATGATTTAGTTTTTGAAAAAACTATACCTTCAGAATATTCATCAATTTTTGATGGAAAATCAATGTCTAAAATTATTCTATTTTTTTGATCTTTAACATCTAATTTATTAGAACTTGATGACTCTGAAACATTAGTAATATC
CP065014.1_gap46	1478674	1480732	2058	TTAGCATCTGGGCTTATTATAGAAAGGTTTGAAATGTTACTATCCATAGAATTAAATTAAGATTTTACTAGTGCAACTGTTATTTCAGCTTCTGCAACTAAGGTACCACTAACAGTTGCTTTTGCTTGGAAAGTATAAGTACTAAATCTTTTACTGATTTGTTGTACATCAAATATAAGTTGATCTCCAGGTATCACTGGTTTTCTAAACTTGCAATTATTTATACCCATAAAAAATGCTAAATTATTTCCTTCATCAAAGTAATTCTTAAGAAGAATACCACCTGCTTGAGCCATTGCTTCAACTATTAATACACCTGGCATTATTGGTTGACTTGGAAAATGTCCAGTAAAAAATGGTTCATTCATGGTAACATTTTTTAATGCAACAACTCTACCTTTTTCAACATTTAAATCTAAAATTCTATCAACTAATAAAAAAGGAAATCTATGAGGAAGAATATTCATAATGGCATTAATATCCATTTTTGGCTTATCTGTTTCTTCCATATATCTCTTAATTAAATTATTTTGTTTTGCAACTTTCTTGATTTTTTTTGCAAATTCAATATTACTTGCATGACCTGGTCTAGCTGCTAATATATGTGCTCTAATAGGATACCCAACCAAAGCTAAATCACCAATTAAATCTAACAACTTATGTCTTGCTGGTTCATTTGGAAATCTCATATTACCATTATTAAGCACACCTGTAGAACCAAGAACAACAGAACCTTCAATCCCTAATCTTTTGGCCATAGCGTCCATTTCATTTTGATCAAAATCTTTATCAACAATAACAATCGCGTTATCTAAATTCCCACCTTTAATTAATCCTTCACGCCTTAACATTTCTACTTCACTTAAAAAACAAAAAGTTCTTGCTGGCGCAAATTGTTCAGCAAAATCACTTTTTTTAAACAACATTGCATGTTGACTACCTAATGCAGGGTTTCTATAATCAACCATAACAGTTGCTCTAAAATCTTCATTTGGAATAGCTGCAAGCTCTACTTCTTTTTCTTCATTTATATAATTAATTGGTCTATCAACATCAATATACAATCTATTTTGATTTTGTTCTATGTATCCGGATTTTACAATACATTCTGCAAAAGGAAGAGCACTTCCATCTCCTACGGGTGGTTCATTTGCACTTAACTCAATTCTGCAATTATCAATTTCCATTCCTACTAATGCGGATAATACATGTTCTACAGTATGAACACTTGCTTCGTCTTTTGTTAATGTTGTGCCTCTTGAAATATCAGTAACGAAATCTACATCAGCTGGAATTTCTTTAAAATCAGGTAAATCTTTTCTAACGAATACATAGCCAGTATCTATATCAGACGGACAAAAAGTAATTGTTGATAAATTTCCCGTATGTAGTCCTACACCCTCAAAACTTACTTGGTTTGCAATGGTTCTTTGTTTTGCTCTCATAAAATAAAAATTAATTAGGGCAAATTTAAGATAAATTTGTTGTTGTTTTGGTATTAAGTTGTTAAGTAATTAAATACTGATCTATCTTCTAAATTACTTACTAAAAAGTCTGGGTTATAATCTTTTAATTGTTCAAGACTTAAACCACCTGTAGCAACAGCCAAACTTTTTAAATTATTTACTTTAGCACATTCAATATCTCTAAAAGAGTCACCTATAATAATAATGTTTTCATTTGTAAATTTATGACCCCATTTTCTTTCAGCTCTACTTATTGCAATGGGAGGTAAATCATTTCTAACTGATGAATCAGAGCCAAATGCGCCTACAGAGAAGTATTGATTTAAATCATAAGGAGATAATTTATGAAATACAGATCCTTCTAAATTACCTGTAACTAAACCAATTTTAACGTTCTTATTTTTTGATAAATCATTTATCAGTTTTTTAATTCCTGGAAGCAAAGTAACATTTTTAACAGTTAATACTTCTTTCCATTTGTTTACTAAACAGGTTTCTAAATCGAATAAAATATTTGATATTTTAATTTTAGTTAATCCAATTTCTACACCATATTCAAAGAATATTTGTCTATCAGTTTTACCATGTAATT
CP065014.1_gap47	1484269	1486703	2434	CCAGAGAATATTTTACTTTTGACATTTACCAGAAAATCTGCTCAAGAAATGATAAGAAGAGCTTCAACTTTAATTGGCACAGATGCTGAAAGAATTTGTGGTGGTACTTTTCATTCTTATGCAAATATGTTTCTTAGACAATTTTCTGCACATCTTGGTTACCAAAACTCATTTACAATTTTAGATCAAAGTGATAGTGAAGATGTAATCAATTTAATTAGAAATAGATTTGAATTAAATACTAAAAATAGAAGATTTCCAAGGAAGCAAACATTATTTGCGATGATTTCATCTTCTATTAACAGATTAAAAAATTTAGATGAAGTTTTAGATGAAGATTATCATCAATATAAAAATGAATTAGAAAGTATTCAGATGATAGCAAAGGAATATATTAGATATAAAAAGGAAAAAAACATTATGGATTATGATGATTTGCTTACAAACACCATACAACTTTTAGAGAAATTTCCTGAAGTAAGAAAAAATCAATCTAATATTTACAAATACATTTTAGTAGATGAATATCAGGATACAAATAAATTACAACATGCTATTGTATCATTATTAGGTAAAGAACATAAGAACGTTATGGTTGTTGGTGATGATGCTCAATCGATTTATAGTTTTAGGGGTGCTAATTTTAAAAATATTTTTGAATTCCCTGAAATATTTCCAGATACAAAAATCATAAAATTGGAAGAAAATTATAGATCTACTCAAACTATTTTAGATTGTACTAACAATATAATTCATTCAGCTTCAATCAAATACGAAAAGAATTTATTTACTAGAAAAATTGGTGGTGATTTACCTATGCTAATTTCAACTCCAAATGAGTTAATTCAGTCACAATTAATTGCTCAACAAGTATTAAAATTAAGAGAAGATGGATTGGAATTAAATGATATTGCAATCTTATTTAGATCTAGTTTTCATTCATTCGATTTAGAGGTTGAACTTAACAAATGTAATATTCCATACTTAAAGTATGGAGGCTTTAAATTTATTGAAACATCGCATGTAAAAGATTTGATAGCTTATTTGAAAATAATATTTAATCCAAAAGATATAGTAAGTTGGAATAGAGTATTATTATTAATAAATGGTGTTGGACCAAGAACAGTAAACAAAGTTGTTGAAGCTCTTGAATTGAATGAAATTAGCTTAAATGAACTCTCAATTGATAAAATAGTAAAATTAACAAATGAGAATGTCGGTTTATTGTTTGATATCCTTTGTAAAATAAAAAATGATAAAACTTCAATTTTACAAAAGGTAAAAATTATTGTGGATTATTATTCCCCTATTATGAAGGCTAAATATGATGATTATCAAAAAAGAATAAAAGATTTAACAGTTTTTGAAGATATAGCATCGAGATATAAGTCATTAAATTCTTTATTAACCGATATGGCATTAGATCCTCCAACCCAGTCAGTGACAGAGTTTGATGATAAAAGTGAAAAAGAGAAGTTAATACTCTCAACAATACATTCTGCTAAAGGATTAGAATGGAATACTGTATTTGTTATATGGACTTTAGATGGGTACTTCCCTTCTTTTCATTCTGCAAAAAGTATTGAAGCAATGGAAGAAGAACGAAGATTGATGTATGTTGCTGCAACTAGAGCAAAAGAAAGATTAATATTCATTTATCCAACCAATATTTTTGAAAGAGAAAGTGGAACAGTTTTGTCGCAAGTCTCAAAATTTTTGTCAAATATTTCTGAAGAAATTCTTGAAAAATATACTGTGGAAGTTGAATAATTCATTTCTAATTACATAATTATTCATTAAAGTATCATTTCGATATGAGCAATATCATCTTCATAGTATGTAGCTGAATTAGTTTTAAAGCCCATTGATGTATAGAATTTTTCTAAATGATATTGAGCAGAAATTTTTATTAATTTATCTGGATATAAAGATTTAGATTTATTAATTGCTTCGATCATCAATTGTTTACCTAATCCCTGTCCTCTAAAATCAATTTTAGTTGTAACTCTACCGATTGAACTTTCGTTGTACTTTAACCCTGGTGGTAACAGTCTAAGATATGAGATTAAAATGTTGTCTTTAAAACCTAATAAATGTAGTGAATTAATATCATATCCATCTAAATCAAGATATGAGCAATTTTGTTCAACAACAAATATCATTGATCTAAGTTTTAATACTTCATATAATTCGTAATTAGTTAGTTCATCAAATTTTTTCCAAACAAAATTCATTTTATATTTTTTTTGGTTTAATAATTTTAACTTAATAAATGAAAAAAATACTTGTAAATTAAATTATTACTTTTCAATATAATCAAGATCTTTTTCAAAAGTTTCTTCTAAATGATAAAGTGAATAAATTGAAATTAAAATTGCTATAACTCCAATTGTGAAAATACTTGTTAATGAACCGAAATAATCTCTTGTATATT
CP065014.1_gap48	1515689	1517600	1911	ATCAAGAGTTGGTCAGGTTAATAAGCACAACATATATTGTTCAAATTTAGTTAATGGGAAGTTTTCAAATCCTAATCTAATGTCCGATTTTATTCCATTAAATGTAAACTTACCAGATAATTTTACAGAGGCATCAATTAGTTCTGGCTCATGTTATATATCTCCTTCAGGAAATGAAATGTATTTCTCAAGTTGTGATTATGGTTTTGGTGAATGTGATATTTATTCTTGTCAAAAATTACAAATTCTTCCTACATTTCTTAAGACTTGGAATATTTCCTATAACCTTGGTTTAAAAATTAATACTTCTTCTTGGGATTCTCAACCATGTTTATCGCCTATTGGTGATATTCTTGTTTTTTCATCAAACAGAGCTGGTGGTTTTGGTGGCAGGGATATTTGGTTTTCATTTAGAAAAACGGATGGTTCTTGGGATTACCCAATAAATGCAGGTGAAAATGTAAATACTAATTATGACGAAGTAACACCTTCTTTTTCTCCAGATAAATCTAAATTATATTTTAGTTCTAATGGTAGAAGTGGATTAGGTGGATTTGATGTATTTTTTGTAAACTTTAATGAATTATTAACAAATAGACCAATAAATTTTAAGGAAGTTAATAGTGTTGATGATGATTTATTTTTTGTTCAAAATTATATTCAAAACAAATCTTATATTTCTTCAAATAGGAAAGGTGGTATTGGTGGCTTAGACATTTATGAAATTACAAATCTAAAAAGTGAAATATTTCCTTATTTATTAGTTAAAGGTTTTGTTTATGATTTTAATAAAATGCCAGTATTTGCTGAAATAGAAGTTAGTGATCCACAAACAGGTAAACTAATTAGTAAAAGTATAAATAACAAATATGATGGTGATTTTTATCAGATTTTAATGAAGGGCAAGTCTTATATTTTGACAGCAAAAGTTGGTGATTTATTGTTTGAATCAAAAGAAATAAATGTTCAAAAAAACTTAAGTAAATTAACAATTACAGAACTTAATTTTAACTTACAGAATATTGGAGATAATCTAAGAATTTTATTATCATTTAAAAATAATAGCAGTATAATACAGTCTGAGTTAATGGGTGATTTAAGTAGATTGACTAAATTTTTAATATCTAATAAAAAATATAGAATAGAGATTACTGGATTTTCAGATGATGCTATTGAACCCAATACTAATCAGTATTTAGCTGCTCTAAGAGGTAATTCAATTAAAGATTATTTAATAGGAAATGGAATTAATAGTGATAGAATTTCAGTTAATGAAGTTAGTGCAACAAAAGAAATAATCGATTTAAATCCAAATCAATATGTTAGAATTAAATTGATTAGGTAATTATTAAATTATAAAAATACTTCATTTAAACAATTGTAAAATCAATAAAAGTTTCAACTTCATCTACTTTTAAAACACGTATTTTAACTTTATCACGAAGTTTAAATACTCTTTTTTTCCTTTTACCAACAAACATTTTTTTTGTTTCATCGTACACATAATAATCATCTGTAATATCCTTTATCCTAATTTTGCCTTCTATTCCAAAGAGATCTATTTTTGCAAAAATTGCATATGGCATCATTCCTGTAATAACAGCAGTATATTCATTTCCAATTTTACTCTTCATAAAATATGTTTCAGCAATTTTAATTGATTCCCTTTCAGCTTCAACAGAATTTCTTTCAGTTAAACTACATTGATCACAAATATGGTCTAAAATACTTTTATAATGATTTCTTCTTTGAATAGACATATCATTGATATATTCATTAAGCATTCTATGAACTATCAAATCAGGATATCTTCTAATTGGAGATGTAAAATGTGAATAATTGTCAAAAGCTAATCCAAAATGTCCAATATTGTTATTTGAATAAACAGCTTTAGCCATTGATCTAATTGCC
CP065014.1_gap49	1556908	1557702	794	TAATACCCCTACAAACGAATCTTTTATTTCTATGACAGCCTCTGGAGAAAATATCTATATATGCTCAACTAGGGATAGTAGTGAAGACATTTATACAACTCCATTATCTTCAATACTTCCCCCTCAATACGTTGTAATGTTAAGAGGTACTGTTTTAGATAGTATCTCAGAAAATCCATTAGGAGCAAGAATTTTAGCAGAAGAAACTCAAACTGGGGATGCTTTATTTAACACTTCTAGTGATGGAAAAAATGGGACATATTCTGCTGTTTTAGAATCTGGCAAAAGATATACATTTACTGTTATTGCACCTGGATATAAACTTTTTTCTATTGGCTATCAGGTACCAAAAAATACTACATATAGAGAGTTAATGTATAACTTTAAGTTAACTCCAATAAGCACAACTACATCACTTGAAAATTTCAACCCAACCAATGAAGAGAGTGATGTTAATGACCCTAGATCTAAAGATGAAAACATTGAAGGAGAAGATGATGAAAATGAGCCTACATCAAAACAGATTCAATTAAAAGGAATTATTACCGATAAGAAATCAAATAAACCTTTAAAAGGGGTAGTTACATTAATTGATACAGAAACAGGTGATACTTTAAATATAAAAAAAGCAACTCAAAATGGTGCTTATAAAATTAATATAGATCAAGGTATAGACTATACAATTCATATTAGTGAACCAAAACATTACCCAGTTAGTATTCCATATAAAGTACCTGAGACTATATATAGAAGAATAGTTACATCAGATTTCCAATTAGATAAAATTGAGGATG
CP065014.1_gap50	1618144	1619147	1003	AAATCCCACAAGTAAATCCTGAAAGAGCAGATTTGTTGCCTGCTGGGTCATTAATTCTGGAAGAGTATATGAATAAATTTAAAATAAATGAATTAGTAGTAAGCACTTCTGGATTACGTTATGGTGTAATGAAGAATTCATTTATGAATTTTACTTAACCCCTGTTTCTCCATTCCAATTTAAATTATTCCTCCTAGAATTCAATAAAGTCCTAAATTTTATTTTCTGATCTTCATTTAATATTTGTATGATTTTCATTTTTGTTTCACTAATAATTATTTTTCTTTTTTGTTTGAAAATAAAAGGTGTATCATAATTATCTCTTTTTAGTTCTACTAGATTATTCTTAGCATTCAATATAATTTCATTAATTAAATCTAATTGATTTTTATTAGCATTTAATTGATTAATAATTTCTTTAAAATGATTAACTCCACCCTTTTCAAAACTATTCACTTCTTCATCTTTATACAACTTTAATTTGGATGTATCAGCTTTTACTAGTTTTACAGTAGAATCTATTTTTAATTTATTTTGATCAGATTTTATTTTAATGTCTTTCGAATTAATACGATTTTTATTTAGGTTAACAGAATCTATTGAATTAGTTTTAGGTATTATATTGGGTGTAATAGTACTTTTATTTTCGAGAATAGGTTTTGAAGTTAATACTTCCCTTTTTGAATATGATTGAGAAATTTCTTTATTGTTTTCTAATGACTGTTTAACCATTTCATGGAGCTTTGATGTGTTTTTTTTAAGTAAGTTAAATTGAGTTGAGTCAAGGTTAGGGGCTAATCTACTATTCAATGAATCCAAAATAATATGATATTTATTTGAAGTTGAATTACGTAAATCACTTATTTCTTGATAACTTTTATTTAGTAGGTTTCTCAAAGAATCTTGTTTTGATTCGTCAACGTTAAGGTTAGCAAATATATACTTTTCAAAACCTTTTGAGTTTCGTAAAGATTGTATATTATCTACTTTTGATTTAATATAC
CP065014.1_gap51	1657937	1658974	1037	ATTTTTATAAAAATGAATTATACTTATTTCTTTTTTTGTTCAACTGCTGTTCTACCATTTAGATTACCTTTCTGGCTTTGTTGCATTTCTGCAATTTTTTGTGCCTCTGCCATTTTTTTGGAAAACCAACCTTGTTTTTTAGTTTTAGCTTCACGTCTCAAATCCTCTAAAGTCATTGTCGATTTACTAAATTTATTCATAGCTACTTGTTGCAAAGCAGAAGCAATATTAAATGTCAAATAATATAAATTCAAACCAGCTGGCATTGAATTAAACATTATTGTCAAGAATACTGGCATAAAATACTGCATCATTTTCTGATTTGGATCAGAAGATGGAGTAGGTGTTAATCTCATTTGCAATACCATTGAAGCTCCCATAACAACTGCTAACAAACTTAAATGTGAACCTAACAATGGAAAATTAAAACCTAGTGGAATTAAATTATCTGCTAATGACAAATCTTTAAATATAATGAAACTTGATTGCCTTAATTCAATTGCAGAACTAAGTGTTTGCCAAAGTGCTGAGAAAATTGGTAACTGCAGTATCATTGGTGCACAACCTCCCATAGGGTTTATACCATATTCACGGTAGAGTTTGGCATTTTCCATTTGTAGCTTTTGAGGATCATCAATAATTTTCTCCTTATTTTCTGCCATCAATGGTGCTAACAATTTCATCTTTTGAGCCGATCTCATTTGAGGTAAACTTAAAGGCCATAAAATAGTTTTTATAATCAATGAAAATATTATTATAACTAAACCCCAATTATTAATAAAACTATGAATAAAGTTGAATAATGGCATCATAAAATACTCAGAAATTGGTCTTGTAAGCCATTCTAAACTGAAGTTATTTAATTTACCTAAACCATAAGTTTTTACAATTTCTCTTTCTAATGGTCCTAAGAATATTGTATAATTCCCTTCATTTCCTGTACTATTTAAACTCAAACTAAATCTCTTTATATGACCACCACTATCTATGTTCCTTATGTTTCCAATAACATTTACAAAACCGTTGTTAATTGGAAC
CP065014.1_gap52	1663865	1664860	995	CACTAAAACAGTTATTGTTTTAGCTAAAAATTATTACAATAATTTTCAACAAAATGATAAACCTGATGTAGGAAAAATTAGCAAATATGCTTGGGGAAGAGATTATCATAAAGTACTTGGGAATAAATTGAAGTTGTTAGATAAATTTTTAAAAGAGTTGTCTGAAAATGTAGAAAACAAATGGTATGTTGATACAGGACCTATAATGGAGAAACAATGGGCTGTAAAAGCTGGCTTAGGATGGATGGGAAAACATACAAATATTATTACTCGTGAAATTGGTAGTTGGATTTTTTTATCGGTAGTATTAACAAATTTACAAATAGATACGGGCTCACCAATAGAAGATTTTTGTGGTGATTGCACTAAATGTATTGATGCATGCCCAACTGATGCATTGTTTGAACCATACAAACTTGATTCTAACAAGTGTATATCATATTTAACAATTGAGTTGAAACCCAATTTAGAAATAAATCCAGATCTTTCTAAAAATTTTAAGAATTGGATTTTTGGATGTGATATTTGTCAGGATGTATGCCCATGGAATAAATTTCAAAAACTATCTGAAGAGCCAGATTTCAAGCCAAGAGTTAATCTTCTTAATTTTAATTTGGAAGAATTATTGAATATGGAAGAAGATGAATTTAACCTTAAATTTGAAGGTTCACCAATAAAAAGAACTAAACATTCTGGTATTAAAAGAAATATTGAATCAATAAAAGTTCATCATAAAAAATGAAATTACATTATAATTTCACATTGATGCTAATTCTATGTAAAGAACCTAATCTTGAAAAAGAGTTAAATCCATAATCAATTCTATATTCTTGAATTATTAAACCAAATCCTCCTGAAAAACCAGCAAGCTCTTTTGACTCTCCAAAAGAAACATCACTTCTTACTTTATTATTATAACCAAATCTTAACCTAATTGGATTTGAAATTTTGAATTCTCCACCAATATTAAAATAAGAAAATCTATTGAAAAACTC
CP065014.1_gap53	1668087	1672774	4687	ATCGTATTTTTTGTTGGAACTCCTATTGGTAATAAAGAAGATATTACTTTAAGAGCGCTTAGAACCTTAGAATTTGCAGATGTAATAGTTTGTGAAGAGGAAAAGATTGGGGCAACTTTACTTAGGAATTACAACATTTCTAAAAACCTCATTACAATGAATGAGCATAATGAATCTGAATCTAGTGAAGAAATCATTTCATTAGTTAATAATGGTCAGAATGTTGCAGTAGTATCAGATGCTGGATTACCATTACTAGCAGATCCTGGAAATACATTGTTAAAAAGAATTAAATCTCAAAGTATAAAATTTGTTATTATACCAGGAGTAAGTTCAGTAACTAGTGGATTATTAGCAAGCGGTTATGATAACGGACATTTTGAATTTGTAGGTTTTTTACCTAGAAAAACTCAAGAAAGAAGAGAATCAGCAATTGCTTTATCTAATATACCACATACTGTTGTTTTACTTGAAACTCCTTATAGAATGAGATCTTTACTTAATGCTCTTTCTGAGATTATGCCAAACAGAATCGCAGCTATTTGTTTGAATATGACTATGCCTCAAGAAATAGTTGTAAGTGGAACTTTATTAGAATTGCAAGAGAAATTTTCTGAGAAGAAAATACGAGCTGAATTTGTTTTAGTTTTAGCTCCAATTGATCTTAAGAATGATGTTCGGTTTATTGAAAAAGTAAGTTATGAATTTTCAAATGAAGTTGTTACTCCAGAGGAAATTTATGATGAAGTTACTCAAGATTCTACTTTTGATAACGTTAAAGCTGTTTTATCACCTGAAGATGAAAATCAAAATGAAGTAAATTTATATTCAGTAGAACAATTAGATTTAACTAATAATGATGTATTTGTTGATAAAAAATCAAATGAAAAAGAAAAACTTTTTGGTAATCGCAGAAGTTTTGAAACTAATTTTGATGATGAAAACATCAATCAATCTGTAAATAAACCTTTTAGATCTAATGATCGAAAGGAATTTGGTAATCCTAATACTTCTCGTGGAACTTCAAGTCAACATAGAAATGAAGGAAGACCTCTAAGAGATGATTCTAGAGGAGGTTTTGGCGACAGACCTCGAAGAGATGATTCTAGAAGTGGTTTTGGGGATAGACCAAGAAGAGATGATTCTAGAGGTGGTTTTGGAGACAGACCAAGAAGAGATGATTCTAGAGGTGGTTTTGGAGACAGACCAAGAAGAGATGATTCTAGAGGTGGTTTTGGCGACAGACCAAGAAGTTCTGATTCTAGAGGTGGTTTTGGCGACAGACCAAGAAGTTCTGATTCTAGAGGTGGTTTTGGAGACAGACCTCGAAGAGATGATTCTAGAGGTGGATTTGGGGGTGATAGACCGAGAAGTTCAGATTCTAGAGGTGGATTTGGGGGTGATAGAACTAGAAGTTCAGATTCTAGAGGTGGATTTGGGGGTGATAGAACTAGAAGTTCAGATTCTAGAGGTGGTTTTGGCGACAGACCTCGAAGAGATGATTCTAGAGGTGGTTTTGGGGATAGACCGAGAAGTTCAGATTCTAGAGGTGGATTTGGGGGTGATAGACCGAGAAGTTCAGATTCTAGAGGTGGATTTGGGGGTGATAGATCGAGAAGTTCTGATTCTAGAGGTGGATTTGGGGGTGATAGACCTAGAAGTTCAGATTCTAGAGGTGGATTTGGGGGTGATAGACCGAGAATTTCGGATTCTAGAGGTGGTTTTGGGGGTAACTCAATTAGAGGTTCATATGGAAAGAAAAAAGAAGATGATGGATACAATAAATCATTCTTTGCAAAAAAGAAAGAACCTGTTGATAGAAAACCATTAACTTCATTTTCTTCTGATAGAGATGGTGATTTCAATTCGTTAAATGAAAAACCAATAAGAAGAAGTGCTCCGAGAAAAAAATTCTAAGTTTTAATAGGTATATTTATAATTGTTATTATTTTTACCAGGTTGTTTGTGATTATATTCTTTAGCAAGAATTTAATTACATATCAATCTGGTATTTATTTTCTAAATTAATTAATTATTAATCGTGAAATTTTTCGATAAATTATTTTCAAATAAGTTAGATATTAAATGGGAAATTGATGTAAATAATTTTTCAATTTGGAAGATTTTCCCTAGTAAGAGTAATATACTTATTTGTGAAATTCGAAACATCGATTCAAAAGAGATGTATTTAATGGGAATAGATATAGATTCTGGAAATTTAGTTTTTAATAATATAAAATTTATTGAAAAATGGTGGATTGCTTTAGAGACTGTGGTTGATGATTATATTATTTTACATAATTATCCAAAACCTGATTTACCAAAAGCTTTTGGAATTACAGTCTTAAATAGTATAGATGGCAAGATATTATGGAATGAACCAAAAATGAGATTTATAGCAGGTGAAGGTGATATAGCATATACACAAGGTTTAGATAATATAAATGAAATCTGTTATTATAAGATTAATTTGCAAAATGGAAATGTAATTGAAAATTATGGTCAAGATCTTGATTCTTGTAGGGGATTTATTGAAGAAACATCTAATTCTGTAATATGGGATGGTTGGATAAATTCAGAAGTTATAACGACTTCTGATTCAAAATTTAATATTATTAAAGAAATTATTAGTGATAATAATACTAATCAACGAGGAAGTATTTCTTACTTGAATTATCAAAACAATTCAATAATAATTGTCTATGAAAAATCAAATAAAAATGCAAATGCAATGTTGAAAAATTATTTGAATGTTTTGCTCTATATATTTAATCATGAAGGCAAATTAATTCACAAGGATTTAATTTCAGAAAATTCTGTTAATACCAATGAAGACTTATTTTTTATTTGGAAAGAGAATTTAATATTCTTAAAAAACAGCAATATTATATCATCAATAAGTTTACAATAAGTTAATATATAATTTACATATTGCTTAATTCATCTTCAAGAATTTGCAATTCGTAAATTTCGTTGTACTTCCCTTTCAAGCTCAATAACTCATTATGAGTACCAGTTTCAATTATTTCACCTGAATCTAAAACAATAATATTATCAGCATCTTTAACTGTAGAAATTCTATGAGATATAAGAATTGTAGTTTTATCTTTCATAATAGTTTTTAATCTTGTTAGAATATTCTCTTCAGTTTGAGTATCAACTGCTGATAAAGCATCATCTAGAATTATAATCTTAGGATTTCTTAAAATTGCCCTAGCAATTGATGTTCTTTGTTTTTGTCCTCCAGATAAAGTTATACCTCTTTCACCAACAATAGTATCAAACCCGTTTGGGAAACTTCTAATATCAACATTTAACTGAGCAATTTCAGCAGCATTCTTTACATCATTTAATGTGGAGGTATTGCTTCCGAATCTTATATTACCTTCTACTGTATCGCTAAACAAAAAAGTTTCTTGAGTAACAGTTCCTATCAATTCCCTTACTTGTTTATATGAAATATCTTTAATCGAAATCCCATTTAATAAAATATCTCCATTAGTTGTTTCATATAGTTTTCCAATCAAATTTGTTATGCTTGATTTACCTGAACCAGTTGAACCAATTATTGCCAACGTATCACCAGATTCAACTTTAAATGAAACATTTTTTAGTACCAAAGGTAGATTTTCTAAATATTTAAAACTTACATTCTTAAATTCAATCGATACTTTGTCGGAACTAAAATCAACAACTTCTTTTTCGGAACTATCTTCAGATTTTGTATCTAAAATAGTTTTAATTCTAATAATTGATGCAATTGCTCTTTGGAACATATTTGAAATCCAACCAATTGAAATTACAGGCCAAATTAACTGATTAATGTAACTAAAAAATTGTGCAAGCTGACCAAGTGTAATATTTTTATTAATAGCTTCATAACCTCCTATCAATAGAACCATTACTTGTGAAACTCCTATTAAAGAAATCATTATTGGTTGCATTGCAGCATCAACTTTTACCAAGTCTAAATTTCTATTTTTATATTCTAAGCTCATTTTATTGAAAACTTTGCTAGAATGCTTTTCTCTATTATAAGCCCTGATAACTCTAACTCCTGAAATATCTTCTTGTGCAAAGGAAGTAATGTTAGCAAATTGTTCTTTTGTTTTTCTAGATAGTTCATGAATCTTTTTTCCGAACCTATAAACCAAATAGCTTACAATTGGTAATGGAATTAAAGCAAATGCTGTAACTTTTACTGATAAGTTAAGCATCAAAAAGAGTGAAAATAATATTGTGGTAAATGTGTTAACAGTATACATAATTGCAGGACCAGCAATTTCTCTAAGTTGTGGAATATCATTTGTAGCTAGAGCCATTATATCTCCAGTTGGAGTTTTAGTAAAATAATCCATTGGTAAAGTTGCAATATGATCATTGAAGTCTTTTCTTAAATCATACTCAACAAACCTTGATACTACTATAATACATTGTCTAGTGAAAAAAGAGAAGATTCCACTGCCAATTGCTAAAAGAACTATAATATAAACTATTTTAAGCAATGAATCAGTTACTTCTTGTTGAGTTAAAATATCAATATGGTTTCCAGTAATATTTGTATCGAATGCTTTTTTAATTATATCAATTGCATTCCCAATAAACTTAGGTATTGATGAAGAAAAAACATTTGAAATTGTCATAGTAAACAATCCTAATAACAATCTATATTTATATTTTAAAAAGT
CP065014.1_gap54	1731111	1734800	3689	AATTATTTAATTCAGATGTAATAAAATAATTGCTTAATCTCAGTTCATCTGTCCCAATATTTAATAACGAAAAATCCAAATAATTGTTTTCAATAGTTTTAACATTTCCAAAATCTAACATACTAGGATTTACATTTAACTTTGGTGAAATTCCAATTCCTGTTAAATTAAACATTGTATTAAAACCTAATATATTACTTTTAAGTTCTAGAATTGCAGAGTATGATTTATCAATTAAAGGTGAAAAAGAAAAACTTAACATTAGTGAATCAGTGGGAGAAACGAATAAAGTTTTATCAAAATTTGGACTAATTAATTTTATAATGTTGTTGTTAGATCCATTATTTATCAAATTTCCTGATGTAATTTTTAAAGTATCACTACCAACATTTTTTATAATTGTATTAAGTGTATTACTAGTAGTTCCAATTCTCCACTTTCCGAAATTTAATGTATCATTATTTATTAATAACCTTGGACTTAAAACTTTACCAATAAGCGTAATAGTTTCAACTCCAAAATCACTAGTAACTTTTAATTTACTAACACTATTTTCTAAATCTTGAGGTGAAAATTTTATTGGTAAAATAATTTCTGTTCCTGATGAAATTTTAAAATTAGATTTTTCATTAAAAGAGAAAACATTTTTATCATTACTTTTTCCAATTAACTCAATTGAATTAACATTTAAGATACTAACACCGATGTTTTTAATTGAAAGATTACTAATTATAGAATCATTTAATCTTGAAATGAAATACATGGTATCTCGAGGATTCAATTCTAACTGGGGTTCAGTTGCAGGACTTAATACATTAGAATAAATCAAATCCATAAAAAAAGCTGAACCATAATTCTGCCATAATTTATCAGTGTATGATCTATATCTTGTTGATACATCAGGGGCTGAAGGAAATACCAAACTACCAGAATCTAACAATGTTACCTCTATGTAAAATGAATCTCCATTTTTAAAATTAATTTTTCTACCTAAAGACCTCAACCAAAAATCATTAATTATATCGCTATTAACATATTCCAATTTTAGTTGAATTAATCCAATAACATTACTAGGAAATCCATTTAAATCATCATAAAGAGTAATTTGAATTTTTGAGTCTTTTGGTAATTTTGAACCTTTATCTAATGCTAATCGAATTCCTACAACTGAACCATTTGAAGGAGCATTAAATTTAAGAGCGTACTTAGTTGTTGTACCGTTTGGGCATGTTACAAGATCTGTTGGTCTTGTTGGATGATGGATTATTTCATTTATTGAGTTTGACTCATTTGCTATCAAAATTACATTTGTTACCTTAGTATTTGTTACACTAATAGTGGATTTTTCATTTACATTATCTCGTAACATATCTCCATTTTCATTTGAACCATTGTACCATTCAGAGTAAATATTTGTGTTAATTGGAGTACTATAACTTGCAACAGATGAACCACCATTAAATTTCGAGTTTATGGGTTCAATCCTAATAAAATAATTTCCTTCAGGCAAGCCATCAATTCTGAAAAATCCTTTTGAATTAGGTTTTTGTGTTTGATCAAAACTAATTTTATCACCAGAAAAATAATCAACAACAGTTGAATATAAATTCCCATTATTAGCATCTACTGCAATTACATTTATGCCCGATAATGGACTATTATTTTGCTTGTAAATATTTCCAGTTATAGAACCATAAGAATTTGAGAAAGTAGGGTTTGGATACAATAAAGTCAATGATGTAATATCATCAGATTTTAATTTACCTTGATTATGATAATCAATTATGTTAGGGTACATAGTTGGGAATTCCCCATGTGAAGAAATTTGTGAATGTGCTAAACCAAAGAAATGACCTACTTCATGGGTCATTACTGTCTGGAATTTTTCAATTTCTAAAGTATCATTTTTAATTGCTAAACTGCCGCATAAAATGACAAATCCTTCAGTTAAATTAACTCCATCAGATTGAGATCCAGAAAATCCTAATACTGATTTTTTAGCTCCAACACCTAATAATGCATCAGTTATATCACCATTATTATCAAATACAATTGGATTTACATTATCATTAAATTGATTTGGACCAGAAATATATTCATCTAATGGACTTGTTACATCATGGGATAAAATTGATGAATATTCTATTTTTAAATTAGAATTTAATAAACTAGCCCAATTTGAGAATCCATTTATTGCTATTTGAGTTGCCTTTTGATTATTAAGAATTCCTAAAAGTCCTTGATCAGTTTGGTACTTAACAATATTAACTCTATAAACTGCTGGTATATTGCCAACTGCATAATTAGGTCCACCAGCAAACGACTTGCTTATACTTATCGTTATTGTTAATAATAAATAACAAAGTTTTTTACAACTATTCATTTGATTTTTGATTGTTAACAATTCTTTTTAACAAACTAACAAATGCACTTAATTTAACTTTTGAATTTCCATAGTACACTTCTAAATTCTCCTTGAAAGATTTATCAAGTTTAATACCTTGAAAAAAAATTTTTGTGGATTTAATATTTAGACTTTGATTAATAATAGTCCAAACCCCTTGATTCAAGCCTACTGGATTTGTAAAACCTAACTTACTTTCAGGATACAACATCACTAATACATTTTCTCCAACTTTAAAATACTTTATATGCTCTAAATAAATTTGTTTTTTTCCTATTTTGCCTCCAAATTGTTTGATTACAATAGTTTTATTAATTTCTCCTTTGATAACATTTTCGACATTAAATTCTGTATATGTGGAATATTGTTTATTGTTATCTAAAGAACTATTTACTTTAATTACAGATCCGATAAATATTCTGTTAGATTCATTAGTCATTTCTTTAAGTGATAACTCAAGTACTTGAGAAATAGAGTTTTCAATTTGTGTTGAGTATATAATTAATACGATAAATATATATTTAAATAAATCTTTAATCATTATTTAATTCTAATTTTAATAGAGTCTTTTGTTCCTAAATTATTACCTGTTTCTATCTTATCATTTATTGCAAATGGGTTTTCATCAATTAGCCACTTATCATTAATTTTTGCAACTTTAATTTCCTTTGTATCAGATTGACCAGATTCTCCAATTTGGAGATCAACAATAATCTTGCCAGTGTTGTTTTTATTATCAATTGTATTTTTAACCATGAAGTCTTCAAACAAGCCATTAACATCATCTTCAGAATGAGAGCAAACAAAAATCCCTTGAGTATCTTGTACACAACAATAATAGGTTATAATTTCGTCTATAGATTTTTGGGTAAACTGATTTGATAGAATGATTTTTAATGCAGAATAATCTTTAACTTCATTAATATCTAATTTGTAATAAATGTTTGAGTTAATTATCTTTTGATCTTCAGTAATAAAACCCTCTATGGAAGTATAGCTTGACAATGCTGATTCTATAAGATTCTCAGCTGAATTATCATTAAGAATACTTGTATTTGAAGAATCATCTTCAATAATCTGACCATTTGTTTGATTATTGTTGTTCAATTTATCGTCTGATCTTTTATCACAACTTGTAAAGAACAAAGTTATCAATAACAGAACAAAAAATACGACTATTTGGTTTAAGTAGTTTTTCATAATACACTAAGTTAATCAATCTTTTTGATTTAGAAAATTGCTTTTTATTTCATTAAAAATCTTTTATTTATTTATTTAATTAAAT
CP065014.1_gap55	1740968	1741503	535	CATAACCTTGAGTTAAATATTTTAGATCCGATAAAGTTAAATATGTTTTGTTATACTGAACTTCTTGAGGTAAATTCATAATTATTAATCTATACTTTAATCTAATTTGTTAACAATATTTTTTCAAATTCATTCACAAATAATTCATTGTGCTCACTTGTATAAATTAAAGGTGGTAAAAGCCTAATTACATTTCCATTCGTTGAATTAGAAATTATTTTTTGTTCCAATAATTTATTAACAAAAGTTTCAGCATTTTCAAACATTTCTATTCCAATAATAGCACCTTCTCCCCTAACTTCTTTTATTTTTTCTGGGAATTTATTTTTCAATAAATTCAACTTAAATATAAAATCATTTCCAACTAATTTTACATCATTCATTAAACCATTATTTAACTCATCAAGAACCACGATTCCAGCAGAACATGAAACTGCATTTCCTCCAAAAGTTGTCCCATGTTTACCATAAGTCCAAAGTGATGCAATTTCATCATTTGCTAAAATTGCACCTAAAGGCAAACCTCCTCCTATAC
CP065014.1_gap56	1749601	1752593	2992	CTGAAAATGAGAGGTTAGAATATTTAATTGATCATTTGAAAATGATTATCCCAGGTATTAAAAAAAATGAGTCTATTAAAATGATACATTTAAATGATGGTTATTTAGTAATGGATAATAAATAATTTATCCAAATTTAATTAATTGCAAACACAACAAAATACTTCAGCAAAAAAAAACGTAAGTATATTTAGATGGATTTTCCGTTTTATTCTAATTGCTTTTTTTTCATCAATAATATTTACTTTAATATTTAGATTTGTTAACCCACCATTTACTCCATTAATGGTTATTAGATCATTAGAAGGTATGAGTAATGGTGAAAAAATTGGTATAAATCAAGAATGGGTAAATTTAGAAGATATATCACCCAACCTTATCAAAGCTGTTATTTCAGCTGAGGATGCAAAATTTTTTTCACATCATGGAGTTGATTGGGAAGCTGTAAAAAAAGCTAAAAAAAGGAACGAAAAGTTAAAAGGGAAAAAAGTATATGGTGCTAGTACTATATCAATGCAGTGTGCTAGAAATGTATTTTTATGGCAAGGAAGGAACTATATCAGAAAAGCTTTAGAAGTATATTTTACTTTTTTGATTGAATTTTTTTGGGGAAAAAAAAGAATATTAGAAATCTATTTAAATGTAATTGAATGGGGAAATGGGGTTTATGGAATTGAATCAGCATCTCAAAAATATTACAAAATTAATTCAAAGTTTTTATCACCTTCACAGTCTTCATTATTAGCAGTTGTATTGCCGAATCCAAGAAAATGGTCACCAAGTAAACCTAATAATTATGTTAAAAAAAGAGCTGGAAAAGTTAGAGGAGGTTTCCAAAGCGTTGGATTAAAATCATTACAAAAAATTAAAATGAATAATTTAAAGTAATTATATTAGATTAATTAAACCACATTTATCTAACAATATAATTTATAACAAAATAATTTAAAAACAGTATGAGTAAAAAAGAAAAATTGATTATTTCAATAGGTGTAATATTTACTTCCATATCTGGATATTTACATTATTCAAATTCCAATGTAGTATTATTGTTTGTAATTGTAACAGTTACTTTAGCACTATTGGCAATGATAGTAGGTGATGCAACTGAGCAACTTGGTTATAGATTTGGACCCAATGTAACAGGAATTTTACAATCATCATTAGGGAATTTGCCAGAGTTATTTGTTTGTATATTCGCCTTAAAAGCTGGGTTAGATAAAGTTGTTCAAGCAGCACTTATAGGTTCAATTTTAGGAAATTCATTATTGGTTTTTGGTTTAGCATTATTTCTAGGAGGTCTAAAAAATGGCACACAATATTTTAGAAGTGAACCTCCTAAAATGATTGCGACATTAATGATATTAGCATTTGCAGCTTTAGCAATTCCAACATTAACTAATCAATTACACACTTCTGCTGAAACTCATTTAAATACATTAAATATTTTTGTTGCTATTGTATTATTAATACTTTTTATTGCAAGCTTATATTTTTCTATTAAAGGAGATAAAACAATTGTACCAAAAGATACTAATTCAAGTCAACATAAAGATATTTGGCCAATTGGTTTAACCTTATTAGTATTAGGAATATCTGGTATTGGTGCTGCATTTGTATCAGAATGGTTTGTTGATGCATTAACTCCAGCAATGCAAGTACTAGGTATAAATGATGTATTTGCTGGTTTAGTAATTGTTGCAATTGCTGGTAATGCAATAGAAAATTTGGTTGGAATTCAATTAGCATTAAAAAATAAAACTGATTATGCAGTAAGTGTAATTCTCAATAGTTCCCTTCAAGTTGCCTTAGGTTTGTTCCCATTATTAGTATTAGTTTCTTACTTTTTAGGTGGAGCAATTTTGTCATTTGTAATTTCACCTATGTTACTAGCTGCTTTAGCCCTTACTGTAATAGTTACTGCATTTGTAGTATTCGATGGTGAATCAATTTGGTTGGAAGGACTCGCTTTAATTTGTCTTTATACCTTAATAGCTATTGCTTTTTGGTGGGGATAAATAATAAATTTCAAAAAAAAGCGGATTAATATCCGCTTTTTTGCTTTAAAGAGTATGCCCGATTGGATTCGAACCAATGACCTACAGCTTAGAAGGCTGTTGCTCTATCCAGCTGAGCTACGGGCACAAGTTTTTTGTATTGCGAAAATAACTAAACCAACTCTTATGGTGAAAATTTTTTTTAATGAAGTTGAACACTCATATTATTAAAACCTAAATAATTAATCGTAACTTTGTAAAATGTAAAAATAAATTTCCTTTAAGTCAATATTTCAAAAAAATGTTATTAAAAAAATTTAATCTATTATTATTAGTTTTAATAAGTATTATTGTTAACCAGCAATTAAGTTTTTCTCAAACTTCCACTAAAAAAGAAAAATTAAAAAAAGTTGTTGTAAACTCAATTTCAGATCAATCAATATTACTACAAGTTGGAAATGAGAAAATTTCAGCTAAACAGTTAAGTGAAGCGTATAAAAAAAATGGGAATAGGTCTGGAAAAAATTTATTTGATCAACCTAAAGACACAATTATTGAATTCATAAATTTATATGCAAATTATAGATTAAAAGTTTTAGCTGCTTTGGATTCGAAGTATGATCTAAAGCCTGAAATAATTAAGGAAATGGCTGATAATAGAAAACAACTAGCAACTCCAACTCCACCATCAACTGGGTTTTTATTAGAAAGAAAATTGGTTGATCCAGCTATTGAAAAAATGTGGAAAAATAGAAAAAATGAATGGCAGTTTTCTGCAATTTATATTTCAATGAGACCAAATGATCCTGCCGATACTTTACGTGCATTTAAAAAAGCAAATCTCTTTTTAGACGGGATCAAATCAGGTAAGTTTGACTTTCTTCAACTTGCAACAGATTCAACAGATGATCCAAATACAAAATCTAATAAAGGTGTATTACCATACATTACTGGTGGAATGATTTTGAAGAGCATGGAAAATGCCGTGCTTAATA
CP065014.1_gap57	1888985	1890950	1965	TTTTCGGGAGTTAAATTAATTTTTGCTCCATCAATATGAGATTGGAATTTCACACCATCTTCATTTACTTTGCATAATTCCTTTAACGAAAAAATTTGGAATCCTCCAGAGTCAGTAAGAATAGATCTATTCCAATTCATAAATTTATGCAAACCACCTATTTTCAACAAAACATCTAAGCCAGGTCTTGTAAATAAATGATAAGTATTTGAAAGAATAATTTCTGAGTTTGACCTTAATAAGTCTTCACTTAATAAAGTTTTAACTGCCCCACGAGTACCAACAGGCATAAATACTGGAGTATTGAAAGTTCCATGATCTGTTTCAATAATTCCAGCTCTTGCCTTTGATACAATATCAGTTTGTAATAATTCAAATTTCATATCTTTCAAAAATAGCTAACAAAATTTAAAGAAATAACTCCAATAAAATGAAGAAATAGATTTAATACATTTACATTAATTTTAAATATTTATTTCAAGAACAACACTTAATTTAGGCGTATAATAATATTTTTTTATTTACAATTAATCATGTCCAAACAAGATTTTAAAAAGGTTTTATCTTGGTCATTCTTCGATTTTGCTAACACTGGATTTTATGTCATAATGATGACTGTTGTTTATCCTGTTTACTTTAAAAATTCATTAGCAAATGGGAATGAAGCTTATTGGGGAAGGGCTGTATCAATTTCAATGCTGCTTACTGCTTTACTTGCACCTTTACTTGGTGCAATTGCAGATGCAGGAAATAAAAAGAAATTATTCTTAGCTGCTTTAACAATCTTTACCATTGCTGCCACATTCGGACTTTTTTTTACATGGACATTATGGATTGCAATGGTTTTAATAATTATTGCAAATTTTGGATTTGAAGGTGGAACTGTATTTTATGATGCAATTTTACCTGATATTTCTGAACCTAAAGATTATGCAAAAGTATCGGGATATGGTTTTGCAATGGGTTACTTAGGTTCATTTATAATACTTGGAATTTCAATGTATTTTTTGCAAGGATCACCAACTGATTCAGATATAAGAACGCTAATTGCAATCTCTGGATTTTTCTTTGCTATTTTTTCTTTGCCATTATTTTTTAATATAAAAGAGAATAAATCAAGTACTATTTTAAAATCATCAATTGCTAAAGGTTATAAAAGTGTAGTTAATACTATTAAGGAAATTAAAAATTATAAGGAGGTAAATAAATTTTTAATTGCATTTTTTATTTACAATGATGGTATATTAACTGTTATACTTTTTGCAAGTTTATATGCTGAATCCACTTTAGGATTTAATACACAAGAAAGACTAGTTTTATTTATTATAGTTCAAGGTTCAGCATTGATTGGATCTTTATTATTTGGTTCTTTAACGAATAGGTTTGGTGCTAGAAATGTGATAATAATCACACTTACAATATGGGTAATTGTGGTTATATCTGCTTTCTTTGTTACTACTAAACCTTTTTTTTATATTATTGGAATTGTTGCAGGTATTGGTTTAGGGTCATCTCAAAGCACTAGTAGAGCAATGATGGCATTATTAACACCTCAAAACAAAAGAACTGAATTTTTTGGATTTTATGATGGATTTTGTGGAAAAGCTTCGGCAATTATTGGTCCACTTTTGTTTGGTGAAGCATCAAATTATTTTGGTCAACGAAAAGCAATTTTAATAATAGGGTTATTTTTCCTATTTGGAATTTTAATGATTTCTAAAGTTAAAGATGTTAGAATTAATGGATCTGATTTAATAGAAATTAAAGAATGAGCTATATAAATTTAAATAATATTTTTTAAATTTTGAAACCTAAATATCAGATATTTAAAACATTTAAATTAAGATTTAGAATTTAAATTTTAATGTAAAATTTAGAATCTATTTCATTTAAATTCGTCATTATACTATTATTACTTATTCAATAAGGTATCTAATGTATTTAAAATTTAAAATTACCATTTTA
CP065014.1_gap58	1907767	1910597	2830	AAATGACCCTAATAAATCAGTGGTACCATGTTCCAATTTAATTTTATTATGATGTACATGTTTTACTTCAATGTCTAACTTACCAGCTTTATCTAAATTTCTGCAAACAAAAAAAGAAGACAAAATGAAAAATGATGATACATATAATGCATTTTCTGTTGAAACATAATGCAATAATATTGGAACTACAGAATACCCAATTAATTTTGCAGGAATATCTCCTGCACCAATAATACCAAACAATCTTTTACTTTGCCTTATATCAAAAGTCAATGCTGCAACTCCCCAAAATTCTAAATTATTTAAAAGGTAAATTGCATAATACCAACAGAACATAAAAAAAATGACCCAGGGAGATTGGTCATAAATTAAAAAGAATCTTAAAAGCAAAATACTAAATCCCATAAAGAGAATTACCCCTGGAGCAGTTTTCTTAACTGGCAATTTATGTTCTATTTTAGTATAAAAATATCCTATAACAAGCAACAAAGCACCTGAAACTACATAAACATTTGAAAGTAATGATGGTTGAAATCTATTAAGAAATAATGTTAAAGCGATTGTATTAAAAACAGCTACTCCTATTCCTTGTAACAATTGAAGTAAGAAAAATCTTGATACAAGGAATACCTCATCATCATGAATATTTAACAATTGTAAAATTCTTTTTTTCATATTAGGAGAATTTATTGTTTTTTAAAATATGAATATTAAAGAAATAATTATAAATCAATTTTGTTAAACTCATTTATATTCTACTAATATTTAATGTTAATAATTTTTTAAATAAAATTTTTGTATCTATTGTATTCAAGTTACTTCTAACTAACAAAATCCTATTATCTTTGCAAATGGATTCAATCGAATTTTGGTCCGTTTGTGCAAGCAACGGTTTACCACTCTCACAAGAACAAATGGCCTCTTTTGAAAGATATGCCAATGATTTGTTGTATTGGAATGAAAAAGTGAATTTAATATCTCGTAGGGATACAGAGCAAATTTGGTTAAGGCATTTATTACATTCTCTTACCCCAATATTAATGAAGTTTATTCCTGATGTAAAATCTAAAATTTTAGATATTGGATCTGGAGGAGGTCTACCTGGTATTCCATTAAAAATTGCATATCCAAAAATTGAAATGATTCTATTAGATTCAATTGCTAAAAAAGTGCAAACAACTAGTATGTTAGCTTCTCATATTACTAAATTTGGATTGAAATCTATAAGAAATCGAGCTGAAGAAATGCCAAATGATCCTAATTCAAAAATTAAATTCGACTTTGTTGTTTCTAGAGCAGTTGCCCCTTTGGTCGATTTAATGAAATGGAGCAAGCCTATTTTGAAACCCGATTCTCCAATTGTAACACTTAAAGGTGGAGATTTAACAAATGAGATTCTTCAAGCTCAAACTAAATTCCCATTAGCTAAAATTGAAGTGTTTGATATAGAGATAGAAGGGACTGATTGGTTTCTTACTGAAGAGAAAAAAATTGTAAAGGTGAATTTTTAATTATAATTTTAACAATTCTTTGATTTACAAATATTGGTGTAGATATTACTTATGATAAATAAATTAATTTTGGAATAAATAAAATTGGAAAACGAAAATATTTTAGATTCAGATGGAAAACTTGATTCTGAATTAACAAATGAGATGGGATTCTTTGATCATCTTGAAGAGCTAAGAGGTAAAATAATTAAATCTCTATTTGCATTGATCTTGTGTTCAACTATCTGCGGTGTGTTTTATAGGTTTATCATTGAAAAAATATTATTAGGTCCTGCAAATAATGTAACACCACCGATAAAAATGCAAAACTTTGAGCCAATGGGGCAAATTACAATGGCAATTCAAGTTGTAATGTTTAGTGGATTAATATTATCTATACCATTTATTATTTGGCAGTTCTGGCAATTTGTTAAACCTGGATTGTATAAAAGAGAACAAAAATATATAGGTGCAATTGCAATTGCTACTATATTTTGTTTTTTATTAGGAGTTGTTTTTGCTTACTTCCTATTGATTCCAACTTCACTTGAATTTACTAGCAAAATTGAATTTGGAACAATTGAAAATAGGTTCTCGATATCTTCATATTTTAGTTTTGTATTAGGGTTTTTATTAGCTTGTGGAGTAGTATTTGAAATGCCAGTTATAAGTTATGCTTTATCTCGTTTAGGAATTGTTACTCCCCCTTTTTTAAGACATTACTGGAGGCATGCTGTTGTTGTTATTTTAATTGTATCTGCAATAATTACACCTACTCCAGATCCTATCAACTGCTTATTTTTAGCTATCCCACTTTATGGGCTTTATGAGATTAGTATTTTAGTTTCAAAATTAGCATTAAAGAGTAGAACTATTTCAAATGTTAATTCAGATTTGGAATGATTTTAACGATTTTAATATAATAACCTCTATTGTACTATTTACTTCAAAAGTTCGTCTTTAAATTAAATGCCACTCAAAGAAATATCAAAACCAATAGAAATTTACTTAAAAGAATTTGACAAATTTTACAAGAATTCGTTACGTTCAAAAGTATTTTTATTAGATGTTGTTATAAAATATATTTTAAGACAAAAAGGTAAAAAGATAAGACCATTATTGGTACTTTTATCAGCTGAAGCTTGCGGAGGTGTAAACAGAAGATCCTACATAGCAGCTTCAATGATTGAACTTCTTCATACAGCCACTTTAGTACATGATGATGTTGTAGATGAAGCAGACGAAAGACGTGGGTTCCCATCCATTAATTCTGTTTGGAAAAATAAAATTTCAGTTCTTGCAGGTGATTACATTCTTAGTCAAGGATTAATAATAGCAAA
CP065014.1_gap59	1914107	1918876	4769	AGCAACAATTCCAATTGCAGATAAGTCACAAAGCCTCATCATTGGGTTTGTTGGAGTTTCGGCATAAATCATCTTAGTGTTACTAGTAATTGCATTCTTAACATTTTCGGGATCTCTCATATCAACATAAACGAATTCATAACCTAATGGCTTTAGTACTTTATCAAACAATCTAAAAGTACCACCATACATATCATCACCAGCAATAACTCTATCACCTGGTTTTACAAGCTTCATTACAGCGTCAATTGCAGCCAAGCCACTACCAAAAGCAAAACCATTTGTACCTTGTTCTAAACTTGCCATACAACCTTCAAATGCGAATCTTGTAGGATTTTGGGTTCGAGCATATTCAAAGCCTTTATGCTTACCTATACCTTCTTGTTTGTAAGTAGATGTTTGAAAAATTGGTACATTTACTGATCCAGTTATTTCTTCAGCCTCTTGAGAAGCATGTATTGCTCTAGTTGAAAAGCCTTGCATTAGATATATTAATAAAATTTTTTGAACTATTAAGAGTAAATTGTTATTTTATACAAAAACCCGCAAAGCTCATTATTTATTGCTTTGCGGGTTTCTTTTGCGGAGAGAGAGGGATTCGAACCCTCGGTAAGGATATAATCCCTACGACGGTTTAGCAAACCGTTGATTTCAACCGCTCATCCATCTCTCCGATTTTTGATTGAAATTATTTTTTAATATAACTAATTTATAAACAGTACCGAAGGAGGGATTTGAACCCCCGACACACGGATTATGATTCCGTTGCTCTAACCTACTGAGCTACTTCGGCAAAAATACAAGAAAGATTTTAAATTAAAAAAAGGAAATACGAAACAGGTATTCTTAAATCTTGTTTCCTATATCCTAATTTTCTTGATATTACAATGGGTGCAAATGGATTCGATTCTAATTTTATTTACAAATCATTAATATTTTTATAAGCCATCTAATAGTATTAATTCCCTACAAAAACTCAACGCTACAAGATTACAATACGAAAATAAGACATTTTTTACATTCGCATAAAATTTTTTATTAAAATTGTTATAACTTCAATATTTGAGTTATCTCAACTTCCAGAATATACTCAACTCCTGGAACTTTTTTTATATTGTGTCTGAACTACCATTTTTACAATATCATTGCTATGAATTTTCAAACATAATATCATATTATAGATGCTAGTATATTAAAACTATGTTACACAATTAATATTTTTTTTTTATAATTATTGCATTGGTCTTATTTTGTTAGTAATTTTAAACTTGATACTAATTCAATAATTTATTTGTGTTATGTAATTCAATTCTAAACTCAGGCTTTTATCCAAATTGGTTCGAGTATCACAAATACTAAAACCATCACTATATTTTGGAATTTTGTTTTTTACACCATAAAATAATTTTTGTAAAAAATAATTAAATTTAATATCTTTATTGTATTTGGTATATCTCAAAATCCAGTCATCTAATCCATCACCATTTATATCACCTATACTACCAGTATTTACTCCCAAGTTTCCCCTTCCCCATATTTGCTTTAACTCTACTGCCTTTGGGTTCGGTTTTATTTTATCTATTTGCTGGGCTTTTGATGTGCTTGTTATTGCTAGCATTATTAACATTATTTTTATTGCTTTTTTCATAAATTTTTTTTGTTTATACTTTATTTTTTTTTGGTATTATTTTATTCTATAAAAAAATTCTAAATATTTCATATTTAATCTTGAATTGGATTTACAATAGTAGGAGTTTTTCAATATAATTATTCCATTGTGATTCTGTTTTTTGATTTTTGTTTTTGAATCATGAATAAAGTTTGGCGTGATGTTGATTTGTATGTGAGGTATATTACTATTGTATAAGTTTATAGCAACCTTTATTTAACCATTTGTATCCTTAATAACAAAAGTCATTTGTAATTCTTCATTGAATATCCATTTTTTTTTAACTGTTAATGCAAATGGTTCTTCATTTTCTGTTATGCATATTTTTATAGTATAAACCCAATAAAAAAAGCGGAACAATTTAGTTGTTCCGCTTTTTTTATGATTATTTCATTTTAATTATTTGTGGGCGCTGAGGGATTCGAACCCCCGACCCCCTGCTTGTAAGGCAGGTGCTCTGAACCAGCTGAGCTAAGCGCCCATTATTCTAAAAAATAGAATGCAAATATAAATTTATTCTTTGAATTGAACGAATATAATTTAGATTTATTTTTAAGTTAACTTGAATTTGTAGTTTTTAATCTTAATATTTTATTTGATTTTAAATTATAATTTTAATCAAATCTCTTTTTCATATAAAGCATACTTTTTATAAACCTCACCATTCATCATTTCTAAAGAACGATTCATCAATATGTTGTCATCTAAAATCCATGATGCTTCTCCCTCAGAATATGGATATTTCTTAGTCATTGCTGTACCAACTTCGTAATACAATATTGAATCAATTCCTCTTTTTTGAAACTCTGGTAAAACTCCTAAAACTAATATTCTTCCTCTTGTAATATTTTTCTTTTTAAATAACAAACAATAAATTGCACCAATCAAGGAACCTCCTTTGTTGAACTTAAAAGCTTGGTTGATATCAGGTAATCCTAATGCAAAACCTACAACTTTACCCTCCGATTCAGCTATAACAACAAAATCATCAATAACTATTTGTTTTAAATCTTCAGCTAAAAAATCAAATTCTTCGTCAGTCATTTTTACAAATCCCCAGTTAGGTTCCCAAGCAGAATTGTAAATTGTTTTTATAATTTTTACATCCTCAATAAAATATTTTTTAGGTTTTAATCTTATTTTTCTGACTGTAATTTTTTCTCTAATTCTTACTAGATTTTGTACCCTTTCTAATTTTGGAGAGATAAATTTATCTGCCATTAATCTGTAAGCAAGTAAAGTTTTTACTTTTTTAAACCCAAAATTTTCAATTAACAAAATATAATATTCAGGATTATAAGTCATTAAAATTTGTGGTGAATCGTTAAAGCCTTCAATCAATAACCCAGCTTCATCATTTAAAGAAGGGTTAACGGGTCCCCTAATATGAGTACAACCTTTTGTTTTAAGCCATTGTTCAGCAGTTTGAAATAATAAATCTGAAACAGATTGATCATTTATAGATTCAAAGAATCCAAAAAATCCAATTTTATCATTGAAAGTGTTATTGTGATTGTAATTTATAATTGCTCCAATTCTACCAATAATTTCTCCATTATTTTCACAATAAAACAACTCCATTTCAGAATGTTTGAAAAATGGATTCTTTTGTTTATCTAATAATTTTATTCTGTCAGCTAAAATTGGTGGAACCCAATTGACATCATTTTTATAAATTTTCCAAACTATTTTAATAAATTTCTTAAGCTCAGAACTATTTGATACAGTAATAATTTTCATATAAAGTCTTTTGAAACAATAATTAATTTGAAAAAATGTTTTACTCTATAAAACTGCTAATAATATTTATGAAAGTTCTTTTATTTGATCTGGAGTTAATTTTAAATCATTAGTTAACTTAGATAAAGTTGGTGCCGAAAAATACATAAAAAGTAAGATAATTCCCACAGGGATTAACAATTTATAATCCGCTGTTAACATAAATCCTACTACACATAGCAACGCCGGGGCTTCTAATAATGCTAGTTTCAAGATAAATGCACCAGTAAAGATTGCAAATTTATCTTTGATATTATAACTTTCAATTATAGTATCAATTTTTTTCTTATATAAAATATTCGATAGAAATATTCCAGTTACAAATAGCAAAACAGCAATTAATAAAATTAAAGTGCTGGAAATTCCAGTTACTCCAAAAGACTCACCTAAACTTACAAGATATGCCATTGCAATTGCAAATATTAATGGTCCTGTACAAATTGCTAAGTGCATTATTTTAACAGTATTAAATATTTGCTTTGGTGATTTACCTTCCATTGAATTATTCATTTATAAATAAAATAATTAATTAAATTTTTTTTTGAATTTAAGTGTTTAATGTGAACAAGCAATACTTAGATTTAGTCTTAACTACATTGATAATTTTAAAAATAATTTTTTAATTATTAATTTTTTTATTTCAACTAATATCTTTGATTGAAATTCGTATATTTGCAATCCTTTTTAATAATCATCTGTATAGTTCAATAAATTTTGTTTACTAGGGCCTGTAGCTCAATGGTTAGAGCAGCGGACTCATAATCCGTTGGTTGGGGGTTCAACTCCCTCCGGGCCCACTAAACTTATATTTTATTATAATTTGTTATAATTCCTTTCATATTCTTACTTCCCGATTTTCACTATTCTAATTTTTTTCAATTGATTTTCAAAATTAATTAAAGTTTTAAATTTATATTCTTTATGATTCATCTATTAGCTCAATCAATTTTTCCAAGACTTGAATGTTCCAGATATTTTTACGATAAAGAATATTCCAAATATATAAATAACTTAATTGACGTTAAGAATGTTGGAGGTTTTGTTATCTTTGATGGTACAGTTGATGAGGTATATATACTAACTCGAGAATTACAAAAAAGAAGTGAGGGCTCATTATTATTTGCAGCTGATTGTGAAGATGGCGTAACAATGAGGTTTAAAGGCGGCACTGAATTCCCTAACATGTGGGCTTTAGGTTCTATTAACGATTTATCTGTTACTTATACCGTGGCTCAAAGCATTGCATTGGAAATGAAATATTTGGGTTTACATTGGAATTTAGCTCCAGTTGTTGATGTGAACATTAACCCTAATAACCCTA
CP065014.1_gap60	1933432	1935727	2295	AAAGGAGATTCAAAATTAGGTCTTCAAGAAATATTAGTTACATCTGCAAGGGGATATTATTTCAAGCATGATGCCAAATTTATAAATGCTTTATTAGATATTTACTATAAGAATGAGAAATCTAAAGGGCTAGGAGTACTTCAAGATATGAATATTAAATATCCTAAAAGTGTACCTTTATATTATGTGATTGGAACAGCTTACAGTGAGGCAGGGGAAGTACAAAAAGCTTTACCATATTTTGATAAGATAATAAAAGATAATAATAAAGATTTCAAAGTATTTACAGCATTGAGTTATGCAAGATCTGGCATGTCATATTTTTTGATGAATGATTTCTCTAAATCAAAAATTTACTTGCAATCTTTTCTAAAAAATTATAACGAGAAATTATTCAAAACTCAAGTTTGGTCATACCTTGGTATTTGTTACGAAATTGAGGGGAATAGAGAAAATGCATTAAAATCATATCAACGTGCAAAATCAACTTTTGGTAAAACTGGAGAAGATATTTCTTCAAAAATTAAAATAATGAAGTTAATTTCTAATCCTTTAGATGCAATTGATATTGATATTATAAAGGGATTAAATTTTATTCAAGTGGAAAATTTCAATGATGCTTTAACAATTTCAAAAAAATTATCTAATCAACAAAAACTGAAACCAGAACAAATCTCACAAATTAATTATATCTTAGGCTCAGCATATTTTGGATTGAAAAATTACAATATTGCAAATGATTTTTTTGCAAAGGCAATTGCTTCCTCTGTAAATAGTGAAGAAAAATGGGTACCTCCATTTTGTTATTTTTATATGAGTGAAGGGTTTAAAATATTAGGTGATTTAAAAAAATCAAAAGATTATTTACAGAGTGCTAGAAATTTTAAAAATTATGAGAATGAGCATTTGTTAAGATTTAAAATTGAAAGGAATATTACATTAATAGATTAATTATCAATCCCAAATTTAGTTAATTATTCAATTTTAATACTATAAATTGCAAGAAATTTAAAAGTTAATTTAGCAATTTATTTATGTTAGTTGAAGTTGCTGTTCCAGTCCCATTATTCCAGACGTTTACTTACAAACTTCCAGAAGAATTTTTAATCTTAACACATATTGGTTGTAGAGTAATTGTACCATTTGGAAAAAGAACATTTACAGGAATAATTATATCCTTTATTGAATCATCAAGTATACCCAAATTAAAATCAGTATTAGATGTATTAGATGAATCACCTGCAATTTCCCCAAGAATGATAAAATTTGCTAATTGGTTAAGTGAATATTACTTATCACCAATTGGTGAAACTTTGAAAACTATGTTACCTCAAGGAATGAGTAATGAATCTTCACAGTTAATTCAATTAAACGATATAAATTATTATGATGTAATCCAAGAATTGAGGAAATCAGCTCCTAGGCAAAGCGCAATTATTACTGCATTAACAGATCATAAAGAAGGAATACAATTATCATCACTCAGAAAAGCAGTTGGTTCAAATAATTTAACAACCCAACTTAAATCGTTAGAAGAGAAAGGATATATAAACATAAGTAGTTTTACAAAAAAATTAATTAAACCTAAAACATGCCTAGCTATAAAATTAAATGATTCATTTTTATTAAATGAAGAAAAATTAAAAATTTTACTAAATGATTTAGACTTAAAAGCCCCTAAGCAAGCAGATATAATGCTTGCTTTGCTTTACCAACTAGATAAAAACAAAACTGAACATATTTTAGCAAGTAATATTTTATCAATTACAAATGCTAGTGAGTCAGCATTAAAGGGCTTACTTAATAAGAAAGCAATTGAAATTTATGAAATTGAAATTTCTCGTGAAGATGTGATTAGCTTAGATTCTTATGAAAATTTGAAAGTAAATTCATTACCTATAATTCCAAATTCAGAACAAAAAATTTTAATTGATGAAATCAATAATTCAATTGATTCAGATATTTATAAATGTTTTCTATTACATGGTGTAACTGGTTCTGGTAAAACTATAGTTTACATTGAAGCAATAAAAAATTGTATTAAAAATAAAAAAACTGCTTTAATGTTGGTTCCTGAAATAGCATTAACCATGCAATTAGTTGAAAGATTTACATTAATTTTTGGTAATAGAGTTGTGGTTATGCATTCAAGGATGAGTGAAGGTGAAAGATATGATGGATGGAGAAGGGTAAATGAAAATGGATGTGATTTAGTTATAGGTGCAAGGTCTGCATTGTTTGCTCCATTAAAAAATTTAGGCTTAATAATTGTTGATGAAGAGCATGAAAGCAGCT
CP065014.1_gap61	1940480	1943469	2989	AAGAGAAATTGCAGAAATGTTTGGCGGTGGAGGACATGAAAATGCTGCTGGATGTAGATTCAATTCATTTTTAGATTTTGCAAAAGCATTTAATTTAATTGAATACTATAACAATTAAAGATATTTATTTGTAACCAAATTTTTTAAATAATTTAAAAATCAGATGATTCTTTTCAAAAATATAAGATTAATTAGTCCAATTCAAAATTTAGACAGAAGAACTGATATATTAATAGTTGATGGTATTATTTCTAAAATTGAAGATAATATTATACCTGAAGTGAATTCTGAAAGTTTTGACGGTTCAAAATGGATTTGTTCAGTTGGGCTTTACGACATGCATGTGCATCTAAGAGAACCAGGTGGAACACACAAGGAGACAATTGAGACTGGATGTTCAGCTGCATCTAACGGTGGCTTTACTGGTGTTTGTTGTATGCCAAATACTAACCCAACTATTGATTCAGTTGAAGTTGTACATTCTATTCAATTTAAATCTCAGAACTTACCTGTTGATGTACATTGTTCAGCTGCTATTACTAAAAATAGAAAAGGAGAAGAATTATCCAATATTGGTTCTTTGTATGAATCTGGAGTAAGATTGTTTACAGACGATGGTGATTGTCTAAAGTCTCCAGAAGTTATGAGGCGAGCCTTCGAATACTTATCTATGTTTGAAGGAGCAACTTTGAGCCAACATTGCGAAGAAAACAGTATGACGAAAAATTCAATTATGAATGAAGGGTTCAATTCAACTAAACAAGGTTACAAAGGTTACCCATCTGTTGCTGAAGAGATTATTGTAAATAGAGATATTCAAATTTCATCTTTCTGTGATAACGGTAGATATCATGTTCAACATTTAAGTACAAAAGGAACTGTAGATATTGTAAGGAAAGCAAAAGCAAGTGGAGTTAAAAATGTTACTTGTGAAGTTACACCTCATCATTTTGTATTAACTGATGATGCTATTGAGTTGTATGGATCTAATGCTAAAATGAATCCTCCGTTAAGGTTACAATCAGATATTGATGAAGTTATTAATGGTTTAATAGATGGGACTATAGATGTAATTGCTACAGACCATGCACCACATTCTTTTCAAGAAAAGGAGCAAGAAATTAATCAAACACCGAATGGTATTATTGGGCTAGAAACTTCCTTGGGATTAACTCTTACATATCTTGTAAATAAGAATCATATTTCAGTTAATAAAATGATTGAGTTAATGTCTATTAATCCACGAAAAATAATGGGTTTAAAAGATATAAAAATTGATGTTGGTGAGGTAGCTAATTTATCAATTTTTGATCCTATTGAAAATTGGATTGTTGATTCTAAGAAATTTAAAACTAAATCTTTGAACACCCCATTCAATTCATTTGCTCTTAGTGGAAAACCAATTTGTATTATTAATAAAAGTAAAATTGTTTGGTCTGAATTATAAAAAAATCTCCTCAAATATTTTATAGAAGAGATTTTTTTAGATTGAATTAATTTTATTTAAAATACATTTGTAAACTTATTTCTGGTAATGGGAGAATTTGTGAAGTAGATGGGAAATATGTAATAGGTAAGGCAAAAGAAGTTGCAAATCTTTTGTTTAAAAACCATTCATAACCAATCCCCAAACCAATTCTAAATGGATTTGCAATTCTATTACCTGGGTACCCTACTTCATCTGTTGTTGAATTAAAATATGCTAATCCTAAAGTTGCATAATATCTACTATCCTTTTCTCTTATAAAAGAATATTGTCCTTCAGCTCCAAAATTGAAATGAGTCCAATCTCCTAAAGTTATTGCAAAAACACTTGCTCCAATAACAAATCCTTTTTCAGATACAAATCTTCCAGTTAATCCAGTTCCTGACGTTAAGCCAAGTCTAACACCTGCACCAAAGTAATTTCCTCTATAGTAAAAATCATCTGAAGAATCAGCCTTTGATACATTATTTAAATTTGTTTGTGATAGTAAAAAAGATTCAGAAGTCAATAGGATTATAATTGTTAGAATTACTTTATTCATTGTTTATTTATATTTAAATAGATTTAATGATTTTTAATTAGATTACTTGTATAAATTAACTTATTTATTGTACATTTTAGAAATATCATTTCTTAGTGTTTCTCCAATTTTTTTCCCAACCTCTATCCCAGTCATATCAATTATCTTACTTAAATCTTCATCTTTCATTGAATTAAGTTTTACTGCATTCATTACACTTGTTCCAGTTTTTACAACATTTGGAGCTACAATTGCTAACCAAGTATCTGAAATTGTAAAGCTATGAGTTTCATCATCTTCCCAAACAATTGCACCTGTTGACCTATGAATTATCCTAGAATTCCCACATGCATTTGCCGACAAGCCATATTCATTTGATATAATTTGGTACTTTGTTAATTTTGTTTCAACAATATATTCAGGGTTTTCAGACATGTCTTTTACAGGCTTAATATTTAAATAATCTATCATTGCGAATTTCATACCTTGTGATATAAACATTGCAATCGAATCAGGATTAACCACTCTATTTAATTTTTTTTGTGCAAGTTCAGATGCAACTCCGCTTCCAACTGCTGATACAATTTCTACTATTACATTTTTTGATGGACTCGAAACAGAAGAGTAAGCTGACCCGCCTTCTTTTGCTGAAACTCTAAATATAACCGGAGCTCCAGCTATCTTATATTTTGATAAATTATTTGTATGGCTGCAAGAAGTTAATATAATAGTAGAGAATACAAATACAAACAAACCTAAAATTCTTTTTGACATATTTAATAATGAATGATTGTTTAGAATAGAAATTAATCAAGATAATTACAATAGTAATTTATTTTCTATTTTGGTTTAAAATTATTTTTAGAAATTAAACCCAAATTTCTTTTTTTGATGACCTAGTCATTAATTCATAAATTGCTTTTTTAGGGTCTTTATCTTTAAATAATATTTCATAAACTTGATTTGTGATTGGTAGTTCTACT
CP065014.1_gap62	1948629	1949783	1154	TTTATCTATAATTCTAACTAATCTGAAACCATCTGTTGCTACTGCACAAATGGAATCCCCCTTAAACTGGAAAAGGACACCAGTCATTGCTGGTCGGAAATCATCAGTTGAACAAGCAAAGGTTGTTTTATCAATAATACTACTTAACTTTTGCATAGGAAACTCTACATTAACATTAGAAACAAATTCTGTTTGTCTTGGAAATTCATCTGAATTTAATCCAGACAATTTATAACTTCCATTTTCAGTTTTGATATTAATTCTATAATTAGAGTTATCAACAGAAATTTCAACTTCTCCCAAATCTAATGCTCTAACTGTATCTATAAACTTTTTTCCAGGAAAAAGTGCAGACCCATCTTCAATTCCTGAAACATCGATTTTAGTTATTGTTGTAATCTCCAAATCAGTTGCAGTTAAACTTAAAGAATTACCAAATAATTCCATTTTTATGTTCTCTAAAATTGTAATTGGAGATCGTTGTGGAATTGCATTAGAAATACGCCCTAATGCACTCTGTAGGTCTTTTATTGATATAGAAAATTTCATTATTTATATTGAATTTATTATTTTATCAAAAATTTAAAGAAGTTTGCAAAGATACGTAAATTGAAGTAATTATTCTTTTTTTAATTGTTTGATTTTAGTTAATTTAAAATTAATTCATTATTAATGAGTTAATTTCTTAATTCAATCAATTTTTGAACACTAAATTAATTTCTCAAAAACTATATTTTTAATAAAATTTTGATTAAACTATTTTATATAACAACAATATTTATGTTGGTTTCTTGTAGTTTTCAGAAAGATTCCGAAGTTAGTAATTACCCAATTGTTAGAATTCAAGATTCAAATTTTTTTAATGGAATAAGTTATGTTGCTCCTGTTGTCAGTTTGAACCAAAATTCATTAATTGATGCAGTTAATATAAATTCAAACTCAGTTTGTTTTATGCCTTTTGCTTATACTAAAGATAATTCTCCTAACCTCAAAAATAACTCATTTTGGCAATGGTATGGTGAAAAACCAGAAGGTATTATTAATTGTATTGATATTGCTCAGAAAATGAATATGAAAATAATGATAAAACCTCAAATATGGATTGGGAATGGCTCATTTACAGGCGAATTTAAATTGATGGATGATAATGATTG
CP065014.1_gap63	1953329	1955518	2189	GTAACTTCATTAATCTGTAAACCATAACTCCAATTGACATTCTATCAAACCAACTACTTTGAGGCCAACCAAAGTGGAAAGTTATATTATAACCAGTCATTTCATATTTTAGTAATTCAATAATTTCTTTAATCGCTTCAGGTAAAGGAGTTTGTTCTAGTGAAATAACAAAATGACCAGGACCAATAGCAACAGGTGCATTCTGCCTTGGATTATAGAATGTTATATAAGCATGACTATGATTAATTTCAAGTTCTTCTTGTGGTCTTGAAAAGTGAACATGAACATCATCTCCTTCATATTCTGCTAAATGTAAAATTGCGTCCATTGGTGAAGCAGTTAATTTTCTTTGTTCAATTTCTGGTTCTCTTTTACGAGCATATTTTAAACCAATTATTAAACAAAATCCTGTGAAAATAGCCCACATTCCAAACCCAACTGGCTTTGTTGTTGACAGATAAATCAAACAACCTAACAACAATAAGAATAACATTAAAGTTCCAAACCTTGAAGTATTATACTTCTCAGCTTCAACCACTTTTCCATCTCCATCAGTTAAATTAGTTCCCTCTTTAAATCTATAATAAAGTAAACATCCCATATTAATTACAAAACTTGCTACCAAACCAACAGCATACATTTCTGCTAACATCTTCTGAGAACCACCTGTTATAACAATTACAATCGTATATAAAGTTGCATTTAGTATATGTACTCGATACAATGAGCCTCGTTTATTTAAATCAACTATCCAATGGAAACCATATCTATGTGCAACTCTTTCAATTAGCTCAGCGGAAGCTACGTAAGCAGTATTCAAAGCCATTGTTAATGTAAAACTTGCTAATGCACCAACTGCAACTCCAAACCATGGTCCATTTAAGTAACCAGCAAAATGTGTTATTAAATCTGTTGAATTTTTACTAACATCAATACCAGGATTAGATAATACTAAAGCAGAAATTAATGGAGTAACTAATCCAACTGTTAAACCTAAAAATAAGTAAGCTTTTTTAATCTCTTTCCAAGACTTTAATAATCCAGCAGTTTGAATAACAGATTCTACACCAGAATAAGCTAGAATACAACTAGAAACACCAACAATTACAAACATCATACTTTTAAGAATTCCACTAAATCCATTCTCAATAATCTGCTTTGGAGCTTCAATAAATCCATGACCCATTGTTTTCCAACCTTCAATTGGCATATCTATAATACCACTTGCTAAAAGGGTTAGTAGTAAAATTGAAGCAGCCACAAATATTGCAAATGTAAATTTAGCACTCTCTTTAATTCCGGAAATATTTAATGCACATACCGACCAAACTATAAAAAATTCAAATCCAAAAGATGCAATTTTACTATCAATTCCTGGTATTATTGAAAAAGCATTATTCACTGCAGAAACAGTAGAAATACTAGCTGTAAGTATATAATCTACAAATATAGATGATACTGCAATGAAAGACATTATAGGTCCCATAACAATATAACTGAAGGAATAAACCCCTCCACCTTTTATACCTTTTACTTCTAAAATCCTAGCTATCTCTGTCATCCTTGTAGTTAACAGCCTTACAACTAATGAAGTAAAAGCAATAAAGAATATCGTGTACTCAGCCATTGAATGATGGTTAAGCAACTCATGTGCTTCTGCAGGAGCATAGAAAATGGATGTCAATTCATCCATTAAAGTAATTGTGGCAACTGCTAACCAAGACAAATACCATTTCCCATTTTCAAATGAAGAAAGTAAATTCTTTTTTCTCCATAAATAAATAAATAAAATAACAAGCCCTAAATTTAGTACAACTAGTATTGGTAATTTTAACTCCATTTAGAAATAATATTAATGAAATAAAATAAATAGTAAATTTTAGAAGTCCTTTCTTAATTTTGAAAACATTTTATCTTCAAACATAAAACATTTCAAATTAATACAACAATATGTTAAACTTCGATTTAAATGAAACACAAATAATGATTCGTGATACAGCACGAGATTTTGCAAAAAATGAAGTAGAGCCAACATCAATTGAAAGGGATATAAAAGGTGAATTTGCTCATGATGCAATTAGAAAACTTGGTGAACTTGGATTTTTAGGAATGATGGTTTCTCCTGAATGGGGTGGTTCTGGATTAGATACTTTAAGTTATGTAATTGCAATGGAGGAAATTTCTAAAAT
CP065014.1_gap64	1960302	1961457	1155	GGATAATTGTTTATATAATGATTGGACATAATACCAAGATTTGGGCTTTAATGGCGTTTCCCTATGTTTATTTATGTTTAGAAAAGTTAATAGATAAATGGTCATGGCTATATGCTGGATTACTAATTCTGGCAGTTCATATTATGTGGGAATCTACTCACCTCCAAACTGTATTTTATGGTGCTTGTGCTTTAGGTATTTATCTATTGTTTGAGTTAATTTCTGCAATTAGGAATAAAGGGGGTGATAAATCAAGGCTTAATGGGGTTATTCGAGCTGCTATACTTCTTGCTGTTGCTGGGGGCTTAACTTATGGAATGGGATTAGATAGAAATTTATCTGTTCAAGAGTATTTAAAATATTCTACTCGTGGTGCAAAATCAATTGTTGAAAACCCTAACGATAAATTAACTGAAGATGGAGGTCATGGATATGATTATGCAACAGGTTGGTCCTTTTCTCCCAGTGAAACAATAACTTATTTAATTCCATCATATTACGGTTTTGGTAATGTTGTTAAAGATGGTAAAAAAGATAACTTCTATTGGGGACAAATGGCGTTTACAGATGCTGGGCATTATGCTGGAATTGCAGTTTTGTTGTTAGCTTGTATTGGCTTTTGGGCTAACAAAAAAAATCCATTAGTGCAATCATTATTTGCGATTGGTATGTTTGGGTTAATTTTATCTTATGGAAAAAACATGTCTTTTTTGTATGATCTATTTTATAATTATTTCCCAAGCTTTAATAAATTTCGTGCACCAAGTCAATCATTATTATTATTAGAATTTGTACTTCCAATATTAGCTGGTTTTGGAATAAAATCAGTATTAGAAATAAACAAGAGCTCAGAAGAGAATCAAGGAATTAATTTTTCTACTATAATGAAAATCTGCATTGGTTTTAGTGCAGTTTTAATTTTAGCTTCAACAGTAAATTTGATAGGTGATTATAAATCTTCTGTTGTAAGTAGTATTAAAGAGAAATTTAAAGCTGAGCAATATTCTCCAGAACAAATTAGTGGTTATGCTGATTCTATTTATGAAGGTGCAAATTCATTAATGAAAACAGATACTTTTTTTGCATTTCTTTTTACGGGTGTTACAATTCTAATATTATTTATGTACTCGAATGGTAAACTAAAACAATTTACTT
CP065014.1_gap65	2001098	2002743	1645	TAACGCAGTGAATCCAATCCTCTGTCGGAGTTCTTCTATTTTAAATATATTTCTTATAGTCTCAGTAAATTTTGCCATTGTGAACTAATTAAATAATTGTTACAGTTCCACCTGTTTTTTCTATACTAACTTTTGCTGATTCTGATATTGCATGAGCAATTATTTCTACTTTTGCAGTCAATAAACCATTTCCTAGTATCTTTACAGGTTTATTTTTTTTAGAAATAGTTCCAGCATTATATAAACTTTCTGGTGAAATTATACTATCTGATATCTTTCCAGTGTCAATAAGTTTTTGGATTACACTTAAATTAACTGGTTGATACTCAACTCTAAATGGATTTGTGAAACCAAATTTAGGTACTCGTCTAGCATAAGGCATTTGACCTCCTTCAAAATTACGTTTTGTTTCATAACCAGAATGTGAACTATGCCCCTTATGACCACGAGTAGAAGTTCCTCCACGACCAGACCCTTGACCACGGCCTAATCGCTTTTTATTTTTTGTTGTTCCTTTTGGTGACGATAACAGACCTAAATGATTTGACATTATGCTTAAAATCTTAATACTTTTAAAATTAATTAACCTCTTCAACCTTAACTAAATGACCGACTACCCTTAACATACCACGAACTTGTGGATTATCTTCCTTAATAGTTATGTATCCTGGTCTTCCAAGACCTAGTGCATAAATTGTTCGCTTTTGTTTTTCTAATCGATCAATTACACTATTAGTTTGCAATATCTTTAATTTAGCCATTTTCTTTGTAATTTTTAACTTTTTAATACTTTTGAAGTTTCAATACCTCTTCTGGAAGCAACCTGTGAAACATCTTGCAACATTTCTAAAGCCTTTAATGTTGCTTTAACTGCATTGTGTGGATTTGAAGATCCCAAACTTTTTGTCAAAACATCTTGTACTCCTGCAGCTTCCAATACTGCTCTAACACCTCCTCCAGCTATAACTCCTGTTCCAGGAGATGCTGGTTTTAACATTACTTTTCCAGCTCCAAATTTTCCTATAACTTCATGAGGTATTTTCCCTTCAAATACATTTACTTTAACTATATTTTTTTTAGCTGCATCGGTTGCTTTTGTTACTGCAATTGAAACTTCTGCTGCTTTTCCTAGACCAATTCCAATTGAACCGTTAGAATCACCAACCACAACAATTGCACTAAATCCAAATCGACGTCCTCCTTTAACAACTTTTGCAGTACGTCCTACATGAATTGTGTTCTCTTTTAAATTAGAATCTGTATTACGAGCTTTTGCCACTTTTTATAAATAAATTAATTGTTTCTTAATGAGATTTAAACTTGAATTCCACCTTCACGAATACCATCAACTACTGATTTAACTCTACCATGATAAAGGTAACCATTTCTATCAAAAACAGCATTTGTGATTGATTTCTCATTTAATCTTTGTGCTAATGCTTTACCAACAGCAATGTTCACACTTGAATCAGAATTGGATTTTAAATCATTAACCAAGGAATCGTTTAATGTTCCAGCAAATGCAATCGTTAAACCATTTGTATCATCTATTGCTTGAATATATATATGTTTTAAACTTCTAAATATAGTTACTCTTGGTCTTTCAGGAGTTCCAGATACTTTTTTCCTGATATGAATTTTTCTT
CP065014.1_gap66	2029483	2032278	2795	TCAAAAGGAACTCGATTTGTTTCTGCTAAACCACAGATATAAACAATAATTGCAGCCAAAAAAAACATTGGGATTAAAATAACACTCCACCAAGTTCCTGGAGTAGAAACCACCATTCCAGTTATTGGGGAAATAATACTTATTGCCTTTGGACCTCCAAATAAATACCAATTCCAAAATCCACCAGTTTGTTGAACTATAATATCTTGCATTGACAAAGTTCCGGCGAACATAACCAAGGCTAAAATTACAAATCCACCAGGAATTTCATAACTAATAATTTGAGCCACAGATCTAACACCACCAATCATTGTATATTTATTGTTAGAAGCCCATCCTGCCATGAAAATTCCAATAACTACAATTGAAGATACTGCTATCAAATAATAAATACCAACATTTAAATCTGCACCAATATAAAACGGACTAAAAGGAACAACGGCAAAAGAAGCGAACGAACCCATAAAAACTAAAAATGGGCTAATTTGAAAAAGCCATTTATCAGCTTTTAATGGTCTTATTGATTCTTTTTGAATGAGCTTAATAATATCAGCTAACGGCTGAAGCAAACCTTTTAAACCCACTTCCATTGGTCCTACTCTATGCTGCATCCATGCTGAAACTTTCATTTCAGCAATAATTGCAAATACAGCAAAAAGAAGAATAAAAACTAATGGGAGAGAAGCAACAACAATATAAGGTATTGCACTTTTACCAAGTATATTTACTAAAAAATCTTGCACAGTTTTTTATAGTTATCAGTTTTCAGTTTTTTTACAGTTACCAGTTATCAGTTTTATACAGTTATCAGTTTTTCGAAAATTACTGTATTTGTTTGTACTTGTTTGTCAGTTTTTCTTATCATCTAAATTAAACATTATTATCACAGCACCATATTCAGCATATAAATAATTTCACAATTTCATCATCAGAATTTGTTTGTTAGCTTTTATCTATTTACAAGATACCATAATTGCAATGGCTTAGTTAACACACCTTTTGAATAACCATTATCATTTTCTAATAATATGTAATAGTCTCCTTTATCAAAATTAGTGAAGAAAAACTTGTTTTATAATTGGTGTTATAATCCTATCTTGGTTAAAAACCACATTTATCAATACAAATAAAACTACAACTAATTTTATGATAAAAACATTAGAATTAACCTGAAACTGCTTCCTACAATAATTAATGGATTTCATATTTTCTAAAAAATTAAATATGTTTCTTTAGTTCATCTACCCTCTGTTCTTAATAATTTATGCTATTTTTTAAACAAGAATCTAGCTCAATTTATAAATTAATAATTAACTGCTAACTGTAATTATCTATCAACCTCACCCATTACAAAATCAAAAGAACCCATAATTGCAATTAAATCTGCTATATAATGACCTCGTGTAACATCAGCTAATATACTTAAGTTTACAAAGCAAGGTGGACGAACTTTAACTCTATAGGGATTTATATTTCCATCAGAAATAATATAATAACCTAACTCTCCTTTTGAAGTTTCTGTTCTTGAATATATCTCTCCAACAGGTGGTTTTATTCGCTTTGGAACATCTTTTTGAACATCTCCATGTAGTATAGAAGGTGTTTTTCTACAATCTCTAACTGCTTGTTCAACAATTTTTATTGATTCTTCAATTTCCCTTACTCTAACCCAATATCTGTTAAAACAATCCCCAACTTTAGATCCATCATTATTATTCCCAATTGGAATTTCAAAATCGAATCTATCATAAATTGAATATTTATCATCTCTTCTTATATCCCATTTCATTCCAGAAGCCCTAAGCATTGGTCCTGTTATTCCATAGTTAATAGCAACATCTAAAGGCATAACTCCAATTCCTTTAGTTCTTGTATGAAAAATTTTATTACCTGTAAGGAGTTCACTAACTTCATATAAAGTTCTTTTCAATTGTATAAGAAAAGAATCTATATCTTCTAGAAAAGTTGGATAAACATCATAACTTAAGCCACCAATCCAGATATAATTATAAAGTAACCTAGCTCCACATAACTTCTCGAAGATATTAAGTATAATTTCTCGATCTCGGAAGCAATAAAGGAAAGGTGTAAATGCTCCAACATCTAAACCATAAGTACCAATTCCTCCAACTAAATGTGCAGCTATTCTATTTAACTCACAAACGATTACACGAATATATTCTACTTTTTCACTAACCTTTATATCAAGCATTTGTTCTAATGCTAATGAATATCCCCAATCATTATTCATAGCTCCTAAGTAATCCATTCTGTCACAATATGGTATAACTTGTGGGTAGGTCATTGATTCACAATGTTTTTCAAAACAGCGATGTAAATAACCTAAATAGGGAATAACATCTACAACCAATTCACCATCAATAACCATCTCAACTCTAAATACTCCATGTGTAGATGGGTGCTGAGGACCCATATTAACAACCATCTCCTCAGTGCGTAAGGTTCTTTCGCCTCTAAGTTCTTTAATCTGATGGTCAACTCCAGTAACTAATAAGTTGTCTGTTATCTCAGGCATAAAATTTTTATAATTCTCAATTTATATTTAATTAAATAAATCCAAAATATACCACTTACAAATTTTAATTTTTTTTTTGCAAATAGATTTGCTTATTTAAAACTAGATTCTTTACCCAATAATTTTCTTAATAATCCAATTTGACCTATATGATATGATTCATGTTGAAAAAGAAAAATTACAGTTTTTAATTGCTTTTCATCAAGTTCACTATTTTTCAAACCAGTTGTTATAGCCTCATGAGTTGATTTAAACAAAT
CP065014.1_gap67	2035789	2038466	2677	AACTTTTCTTGCAAACCAACTGTTCAACCTAATGAACCCTATGTTGAGGTTTTGTGTAGTGATGATATAGAAACTGATGATCAAGTTTTAAATATTCTACACTCATTAAATCCAGATTTTAAAAATTTGTACTTTTCAAAAACCGTTAGTAATGAAGTTAAAAATGTATGTAAAGATATAGTTTTACCTACTTGGATAAAATTAGATTTCGATGGAAATAGATATTGTGATTTTATCTGTAGAGTTAATGATGGTTTATCTTCATATAAGATAGTAATTATGCAACCTTCAAACAAAAAATTTGAATATGTAAATCTTAGAAGATCTTTTAGAGTAGATTCTCCATGCTTTCTATTAAGACACATTTCAGATAGAATGGGCATTATCTTTAATACACTAGATCAAGAAAAGACTAAAAATGATTCCAATATATTTTGGATTCAAGACACTTTAGTTTACTCTCACAAATTTTTTATTGAAAGAAAATTGACAGCAATCAATTATTCAATAAAAAAAATTATTTATAAAAGAACTGGTTGTTTTGGTGCTTGCCCAATTTATGAATTAGAATTTAATGATGATTTAAAATTAAATTATAATGGAATTAGATTTAATAAAAAAGATGGGAAGTATTTAACAACAGTTACTGATAGTACTTTTGATAATTTAACAGGGATTTTAAACGAAATTGATTTTACAAAACTTAAGGAGAATTATTTTGTAAATGTAACAGATATGGAAAGTGGGATATTAGAAGTTTATTATGGTGATAATAAAGTTAAAATTATAAACGATTATGCTCTTCAAGGTACTTATGGCTTAATTGCTTTACATAAAATTATGGATGAAATATCTCAAAGAACAGATTGGAAATAATTTTAATTTATAACTAATTTTTCGATTACCTTTTTAATTATATCCCAAGAAAATCCCCTACTTAATAGAAAATTTGATAAAGAGTTTTTTATTTTGTAGGGTTCTTTATGTCTAATGTATTTTATTTTTCTTTCAGCAATTTCAAATGCAATTGAAATTTCAGTATCTAAGTCTAATTCATCTAAGATTTTTTTTGAAACATCTTTATCAATTCCTTTTTTATATAATTCAAATAATAATTTATTTTTCCCAATTTTTCTAATATTCATTTTACTATTTATAAATGCTTTAGTAAAAATTTCATCATCTATAAATTTATATTCAATTAAAAATTTAGTTACATCATTGATAGCAGTTTCTGAAAAATCATTTTGAATTAGTTTTTGTTTCATTTCTAATTGTGACCTTAATCTTGTTTGTATATATCTTAAGCTTACCGTTTTTGCTCTATGAAGTTCATCTGCTCTTAATACATCTGAAATTAATTTATCATCAAGTTTTTCATTCTTATATAATTGATATTTTTGCCTTACTTCATCAGATACTGCAAACAAGAATTCATTATCACAAAAAACAGACCATCTGTTATTCTTTTTAGTTTTTAAAACATTACTAATTAACTTGCTTTCATTTTTACTTTTATTAATATCCATATTTTAGAGATTTCATTTAAATTGAATTTGCCAATCTTGTTCAATATTGTTTATGAATTTTTCAATAATTATGCTCATAACTTGAATAAAAAATTTCTTATAAAAAATAGGAATTTAAACTACTTCTGTCCATAATTGAAATGATTTATATGCTTGAAAGTATAGCATATCTAATCCATTTTTAATTTTACAACCTAATTTACTTGCATGAATTAAAATATCAGTTTGATCTGGAAAATAATTTAAATCATATAAAAATTTTACTTTAATCAATTCTGTATCAGTAATATTTAATTCTTTAAAATTGTATTTTCCTAAAGGAGTAGCATTTATTAACAAATCAGTTGCAAAATGATTATCAAATGAAACAATTTTAAAATCAAATTCTTTAAAAATTAACTTTAGTTTTTTTGCTTTTACAATATCACTTGAAAAAACATAAATATTTTTTTTGCAATTATATTTTGAAAGTGCCTTGAGAACTGCTCTTGCAGCTCCACCTGAACCAATAATTCCAACAGAATCATAATTTTTGTATTCATTTTCATCTATTGATTTATGGAAACCATAAACATCAGTATTGTATCCAATTAATCTCCCATTTTCTTTTACAATTGTATTTACACTCCCAACACTTTCAGCTTCAATATTAATAGAATCGAGATATTTAATTATTTCAATTTTATAAGGAGAAGTAACATTTGCACCAATAAACTCCTTACTTCTTAGTTGATCAGTAACTTCTTTCAACTGATTAACATTAACTTCAAATAGTTTATAAACATAATCTAACTTATGTTCATTAATAAGTTTATTTTGAATAAGTGGTGATAACGAATGTTGTATATTTTCTCCTATTAAAACTATTGTTTGCATATTCAATCTACATTAATTATTCTTTAAAAATACAATTCTGAATCAATCTAATTTCTAAATAAATTCATTATCATAAATTGAAAATTTAATAAAGAAGTTATTAATTTGATAAAACAATTTTTAAATTAATAAAATTTATATCGTATTGAAATTAGTTGAAATAAATTTATTTAATTTAATTTGATAAAGATAATTTTAGTCTTAACTTTATTTGAATTTAAAATTATTATGTTATTCAGATTGAGTTTTCTAATATTTATTTTTATTTTAAA
CP065014.1_gap68	2041193	2043728	2535	TGCTGGTGCTTTTATTGTTAACTTACCATTTGAAAATACAGGATTTGGAGAACAAGTTAAACTAAATCCTTTTGTAGAAGCATTTGAAATAAGAACATGTTTTTCACCATCATTATGACGAGTACCATCAAGATCACTAGTTACTAATCTATATGAATACTCTACTCCTGATTTTACATTATTATCAACAATTTTATATGCCGCACCTGTTGTAGCATTTCCTTTTGAAGAAACTCTTTCGATTGTAGAATAAGTACCAATTTTTTCTCCGGTTACAGATTTATCTACAATAGCTCTTTGAATTTCCATTCCAGCTACATTAACTTCAGATAAAGTTGACCAAGTAACGGATACTGCCTGACTTCCTGATTGGAAAGCATCAAAGCTAGTAATTTTAATTGGTAGAACTCCTTCTGAGCCAGCAAAGTCAATTGAAGATAACAACACTCTAGGAGCACCAGAATACAACGCTTGTGGAGCATAACGAGCAAAGTGTCTCCAATCAATAGCATAGAATATAGTAACCCACTTAGGATTGTTAGATGCAACACCTGAAGCAGAATCTCCAGGAAGACTAGTTAAATTGAAATAGTTATGAGTTGATCTAGCAGCTCCAGGACCTAATATAGGTCTTACAATATCTGGAGTTGGATTTGGATCTCCAAGAGCTCCAAACATACTAGTAGTTATTAAAGGATTAGCAGCAAACTGCGGTGGATTAGATCCAGGTATTAATACTATTGGTTGTCCTGCTTCATTAATTAATTCAAAGAAACCAGGTGTAACTTGTTTACCAATAAGATTTAAACCAGAATAAACTCCAGGTGTAGTTTTACTGATATATCTTGCGCGTAAATAATTTCTTACGAAATCAGTATCAGATTGCAAACCATTAGTTGCATTTAGTGCTACATCATGAGTTCTAGCAATCTCTTGTCCAGCAATTACTAAAGTTTTTTTAGCAAATGTAGAACCTAAATTCAAACATTCTTTAATTGCTTTTCTTTCACGCCAATCAATACCCATTGGATAATTTTCACCCTGAGCCCAAATAATATTTCTCCACATTTTGAAGTTTAAAGCATTTTCTGGCCATTTATCTCTTTCAAACACATCGTAATCTTCTAATCCAATATTATCTACTCTTTGCCAATTGATAGCTGTTAATGCAGCATACAAAGTATCAGTATTCAATTTATTTGCAATTGAATCTGTAATAGTACCTGTTGGAGTAGGTGTTGGAACAGGAATGTTATAGAAGTTTTTTACACCAACCATTGTACTACGTGTAGATCTTGGAACATAGAATCTAACAAATTTAGTAAATTTATTGTTTGGTAGATTTTGATCTAAACTCCAAATTCCTTCAATAGTAATTCTATAAAGAGGAGATACATTAGGACTATTTCTCCAAGGAAGAGGAGCTAATAATCCAAGTCCAAACTCAGCTATAGTTCTTGGTTTAAATGCTGGGAACGTAACTTCTTTAATAACTGAAGCAGCATCAAATGGTCTTCCTGAAACTGTAAATGAATCTACTCTTAATGGAATATCTGTATATTCTGTAAATCCTACTCTTGGTACTGGATTTAAAGCCTCAATTCTTAACTTAACAGAATCCCAATCTCCAATAATAGGTTGACCACCGATATTACGGAATCTTCCTTTGATATTGATAGATGTATCAGACATTACATATTCAGCAGGTAAGTTAGATCCACCAAAGTTTGGTTCAAAAAATCCTTGAGGATTTAAAATATCTTCAGCCATTAAATCATAGTTATACAATTGACCTACATATTCATCAGCACCAATATCATAATAAGTTGATGTTAATGATAAGCGTGGATCTAAATCCCTATCTTTCTTTATATATGGAATTACAACTCCTCTATTATTAGTTAATCCACCAATAATTTCTTCATTCATATGTAAGTCTACACTATCTGGATAGTTAACAGTCCCATTATAGAATCCATCTACAATAGATCTACACAATCCACCTGAAGGGATGTTGTTTGGAATTCCATCAGGATTTTGAAGAGGTGAGTTTACGACTGTAGCTAACAATTGAACTCCAGAAACTCCCCAAACTGAATTAGAGTCTAAGTTTGTATTAAATTTCCATTCACTCAACATTCTAGATTTTGAAGGTAATAATACATTTGCACCTTGAGTTCCAGGGGTTGGTATGTTAAATCCAGTAGCTGCATCTAACCATTTGTATTCACCTGTAAATCCATTCATATAGCCTTGAAGTGTATTTCCTATGCATTTACCATGCCACATGTAAATCAAGTTATAATCAGAAATAATTGGTTTGTCTGTTGTAGTCATAAATGATAGACCTACTTGTTTTGGTACCATTGATAATGTAAGTGCATCAGAAGGACCAGTAATAGCAACGATATTGTTTCTTACCCATCCTGAAGCCTTCCATAATCCAATACCATATTCACGAGTTAATCTAGCTGTTGGAGAATTATATGTTACTATTTTATCAGCTCCTCCGTTATTATTATAAATAGTATTATT
CP065014.1_gap69	2055564	2058428	2864	TAATCGGACCAGTAATAGTTTGAGCTTGACCCAATTTTTGACCTATTTCTGCTTCTGCTTGTATTCTTGAATCTTGCCTTTCTTGTACAACATACATTATCATAGTGCTTGGTATCATTAGGAACAATGCTAACATTACAGTTACTATTAACTTTAACATAATGCTCCCCCTTGCTTTAGATGGTGCACTCTTTACTGAGTTTACTTCCATTGGAAATTAAATTTTGGTTTTAAAAAATTTGAAAAATTATTTACGAATTGAATTTCGAGACTGTATCCAAAATAAAAAGTAACTATTTTATTAAAAATAATTAATTATTTATTGAGTACACTCTTATATTAAAAAACGTTATAAAGAATAAATAAATAATTTTAGAACTTATTTTTTAACAAAAAAAAACAGACAATTAATTATCTGTCTTTTAATAATTGAAATTTGTTGAATTAATTATAGCTTATATATTATGCTCAAACCAAGACCCCAATAAGGTATTGTTTGTTCAGGTTGGTGCACAGCTCTATCTATAGAAAACAGAGTATGCTCACCAGCTTCTTTATTTTTTCCTAATAAGTTTATCATTCCATAACCTCCACTAAAATCAATCATTAAAGGCTCAAAAAATGGTACTTGAATCCCTCCTTTAAAATATGTACCAATTCTAACCCATGTATCTTTGTGTGTATCATTAGATGAAGTTTTGTAATCAGTATTTGTAGTTTCATCATAAAATCTTGCAGATAAAGTTGATGGTGGTATGTAGAAAACTTTACCTTCAGCTGATGCATAAAAATCAGCAATATTTTTCAATCTCAACCAAGTAATACCAATTCCCATATTACCTGCAAACATAACTGCATTATGATTTACCTGAAATCTTCCTTTTGAATCTGGTGGCAAAGGTGTACCTTGATATCTTATAGTTTCAACTCCGTGAAGAAAAAATCCTTCAATTGAAAATGGGAATCTTAAAATTGAAGATTTACTTAATAATAACTCAGCTTGAATTCTAAAGGCATTGTGTGGTCCTGATAAATTCCCTCCTAATGTATTTATTTTTTTTACTAAAACATCACCTGTATCAACTGCAAATGTTAAAGTCTGCAAACCAATGGATGGTAGAATTATTGGTTGACTAAAAGCAATTATAACTGTGGTGAATGAGAAAATAAGTACTAATATATTTTTTTTCAAAATTATAATATTATTAAATGAAATTAAAAATTACCAATTAACAAGACACATTTCAAGAACAGAAAGTTGCATTTAATTTCAAATCAATCTAACACTTCTTTAACTGAATAAATTTTATTATCCAAATTATTTTTTGTTATCATTTCGCCAATTAGCCCTAATGATATCGATTGAAATCCTACTATAATCATCAATACTCCAACCAAAAGTAAAGGACGATTTGTCAAGGAAGTTTTACCCAAGAACCATTCAATACTTAACCATAAATCTATTACAAATCCAATTGCAATGAACATTATTCCAACTGCTCCAAACAAATGTAAAGGTCTTCTCATATACCTTTGAGTAAGTACCAATGTTAGTAAATCTAAGAACCCTTTAAAAAATCTGCTAGCTCCAAATTTAGAAACACCATGTAATCTTGCATGATGAATAACAATTTGTTCAGTTACCTTAAACCCTTTCCAATGAGCTTGAGCTGGTAAATATCTGTGCATTTCTCCGTAAACATTTAAATGCTCTAAAACTTCATGTCTATAACCTTTTAAACCGCAATTGAAATCATGAATTTTTAATCCCGTAACTTTTTGGACAACTTTGTTAAACAATGCTGATGGAAGTGTTTTGTGCCAAGGATCATGCCTAGTTTTTTTCCATCCAGAAACCAAATCATATTCTCCCTTTAATAACTCAAGCATTGCTGGTAACTCATTAGGGTCATCTTGCAAATCTGCATCCATAGTAAATACATACTTACCTTTTGCCTTTTCAAATCCTAATGCTAAGCCAGCGGACTTTCCAAAATTAGTTCTAAACCTTATTACTTTTACATGAGAATCATTAGAATGGATTTCTTCTAGAATATTAAATGAATCATCATTTGATCCATCATCAACAAATATAATTTCGTAACTCTCACCCGCCATTTCCTTTAGTTGAGTAATTAACTTATTATACAATTCCTTAATTGAACCATCTTCATTGAACAGCGGTATTACAACACTTATTTGAAGTTGATTATTATCTATTATGTTATTCATAAATCTGAATTATTAAAGTGCAAAGTTAGAAAATTTAAAATAATTATTAAAAGTTTTTACTTTTTACTATATGTATCAAACATTTTTTAAAATGTATAATGTTAAATTTACTATCATATACATTTTATCATTCAATATCTAACTAATTACATTGTAGATGATTTCAAAAACTTACTTAAAATGTAAACCTTATATTTGTATTTTATATTCATATAGTTTAATTTTTGAATTTCTTTTTATTTTTTTTAATGATTACTATTCCAGATTATTATAATATAGATTCTTTATTGAGTGAAGAAGAACGTCTAATTAGAGATACTGTTAGGTCGTTTGTTGACTCTGAAATAATTCCAATTATTGAAGATCATTATCAAGCAGGAACAGCTCCTGAGGGTATGATTAAAAGATTAGGTGAAATGGGAATGTTGGGTCCTACTATTCCCGAAGAATATGGGGGTGCAGGTTTAAATTCAGTCTGTTATGGATTAATTGCTCAAGAGCTTGAGCGTGGAGATAGTGCAATTCGTTCAACTGCATCTGTGCAAAGTTCATTAGTTATGTTCCCTATTTATAAATTTGGATCTGAAGACTTAAAACGCAAATGGCTCCCACTTTTAGCAAGTGGTGATGCA
CP065014.1_gap70	2185335	2189533	4198	GCAATCCAGATATATTATACGCTGGAACTGGTGAACAAACATCTAATATTGATGCATATGAAGGAGCAGGACTTTTTAAATCTATAGATGGAGGCAACTCTTGGCAATTAGTTGGATTAACTACTTTAGGAGCAATTTCGAAAGTTATAATTAATCCTACTGATCCTAATAAAATTTATGTTGCTTCAACAAAAAATAATGGTGGTGTTTATAAATCAGATAATTCTGGTTTAACATTTACAAAAATTTATGGTGAACCGAGTGGTGACGTTATAGCTAACCCTAAAGATTGGAATGAGATTTGGATTGCTTCTTTTTCTAAAGGTGTATTCTATTCTAATAATGGTGGCTCAACACTTGAAGAAAGAAGAATTGGAATTGGGAGTGATGGTGAAACTCTTGGTAGAATTTCTTTAGCAATTCCTAATGATGCAAGTATTGTATATGCTGTTAGCTATGAATCTAAAGGAACAGATGGAAAGTATAGTTATATTTATTCCACAGTAAATAAGGGTAAAGAATGGCAAAAAATATATTCTGGAGGGAACTTTATGGGCGAGCAAGGCTGGTATAATAATTGCATATCTGTAAAACCTGATAATCCTAAAATTTTAATTGCTGGTGGTCAAACTAGCATGGTTAGGTCTATTGATGGAGGAAAAAATTGGAATACAACCGGTAGTGGAGTTCATGCTGATCATCATTGTTATGAGTTTGACCCTTTAAATACTAATATTTTGTATCATGGAAACGATGGTGGAATGTATAGAAGTGAAAATGCAGGTGAAGGATTTAGTGAAAAAAATAATTTGTTAGCTATTACACAATTTTATGGTATTTGTATTGATCAAAAAGCAAATGGAATTACTTATGGTGGAACTCAAGATAATGGCACTGTCAAAAATTTTTCTGTCAATGCAGCTGAAATATATGGGGGTGATGGGTTTTATGTTGCAATAGACCCTAAGAATTCAAATATACTTTATGTAGAAAATCCATTTGGTGCAATAGTAAGAGTTAACCTTCAGACTGGAGAACGCAAAGGATTATCATCTGGGCTTTCTGCTGCTACTCAAGATTATGCTAATTGGTCAGCACCATTATTAGTTGATCCAATTGACAATAAAAAAATATTTAGCGGAAGAGAAAAAGTATATATTTCTTTAAATAGTGGTGATGATTGGATTGCTGCCTCACCAGTTATTAGGAGTAATGGAAAGGTTTCAGCAATTGGCATTTCATCTTTAGATAATAATATTATAGTTGCTGGAGCTAATAATGGAGCTGTTATAATCACAAAAGATGGGGGCGAGTCTTGGTCTGAAATCACTTTCAAATCTGGTATGCCAAATAGAGCAATAAATGATTTTTCAATGTCAAATAAGAATAAGAATTTAATTCTTATGTCATGTTCTGGATTTTTCACTGGTCATATTTACAAATCATCAGATCTAGGTGAATCTTGGCAAGATATTTCAAAAGGTTTACCAGATATTCCTGTTACAGCAATTACAACAGATTTAGATGATGAGAATATTATTTATGCTGGTACTGATATTGGAATGTACATAACGGTTGATGGTGGGAAAACTTGGGCATCTTTTAATGAAGGTTTACCTAGGGTTGGGGTTGTTGATCTAGAAATTTATAAGAATACTAAAACTCTAAGAATGGCTTCACATGGCCGTTCTATGTGGGAGATTGAACTTGAAAAATCTCAAACAACACCTGAAGTTGTTAAGCCAACAGGTGGTGAAGTTTGGATGGGTGGCATTCCGCAGTTAATTTCTTGGAATGGTTTTGTTGGCTCAACTTCTGTTAAATTAGAATACTCTTTAGATAATGGAGTTAAATGGGTTGAAATTGCAAAGAACGTTGGTGGAAATGATTTAAGATGGAATGTCCCAAATTATGAAAGTGAGTTTACAAGAATTAGAGTAACATCTGAGCAAGTTACTGAACAAACAGCCACAAGTAGATCATTTACATTGACTAAATTCAAACAAGGTGGCGTTATTGCTTCAGCTGGTAAGCCAATGATAACTTATGGGATAGGGTTTGATGGAGAATATTTGTATACTACAGATTTTGCAAGCAATTTAATGCTGAAACTTGATCCAAATAATTTTGAAACTAAAGAAGAAATTAAAATTAAAGGGGCTGCTAATGTAGATAGTCTGTTTACTGATTTGGCTTATTTTCCTGATAGGAAATCATTCTTTGTTCACAAATTGCAAAGTACTACTGTTGCTTCTAAAGGCTGGCTTTATGAAATGGATTTAAAAGGAAATATTAAAAAATCTTACAGATCTAATTGTGATTACCCAATTGGTTTGGCTTGGTTAGGTGACAATACTGATACTCCTTATCTACTTGCTTCAGATAGAAATGGTAAACAAGAAATTTATTTGTTAGACCCAGATAATGGGAATTTAATTGTTACTCTTCCAAGATTAAAAATTGTAGAAAATGGACCTAGGGGTGCGTGTTCTTCTCCTTTTAATAAGAACATTTTCTATCAAGTTATTACAGATTTTACAGGTGGTTCTTTACAAAAAACAACAGCTGAAGAACTTTCAGTTGAAGATGGTACTAATAAAGGATGTATTATTTCTTTAGATAATATTGGATCAAATATTAATGCTCGAGGAATTGAATTTGATCCTCGTGATAAAAACTTTTGGATTTCAGATTATAGCGGAAATATTTATAAAGTTATTAGTTGTGATAGTAAACCTATTGGTGGAGTTGAATACTCTAATATTAAAAATATACCTAAAGATGTTAAATTATTTCAAAACAATCCAAATCCATTTGCAAATAACACAAACATTTCTTTTGAAATTCCAAACTCAATGCAATGTAAAGTTATAGTTAGTAATTTGAATGGGAAGTTAATTTCAATTGTTTCAAATAAAAAATTTGAAAAAGGTATTCATAATTTAATTTTTGATTCTATCGGAATTCCTTCTGGTAATTATACCTATTCAATAATTTTTGAAAATGGCTCAATGATTACCAAAAATATGATTTACATAAAGTAAATTTAGTTTATTCAAACTTTTGCAATAAAAACCCCTTGAAGTCAGTTTACTTTAAGGGGTTTTTATTTTATATTCTCAAAATTTCACTAATTTAATTTTACCTCAATTTTATAATTTTATTTTTTTACAGATAAAACCATACTTTTAAAACCCCTTTCTTATTTTTGCAAATACAAATTAAATTCAAAAATTTTCCTACCGATTATATAATTTTTATATGTCTAATAATTTAGATTCTAAGTTAACAAACTTGCAAGACGCAAAAGACTTGGGCTTAACAGAGAAAGAATTTGAAAAGATAATTTTTATCTTAGGTAGAATTCCAACTTATTGCGAACTAGGTATTTATTCTGTAATGTGGAGCGAACATTGCAGCTATAAAAATTCAATTTCTCAATTAAAAACACTCCCTAGAAAAGGAGAAAAATTACTTGCTGAAGCTGGTGAAGAAAATGCTGGTTTGGTAGATATTGGTGATGGGTATGCAATCTGTTTTAAAATTGAAAGTCATAATCATCCTTCAGCTGTTGAGCCTTTTCAAGGTGCTGCAACAGGAGTTGGAGGTATTTTACGTGATATATTCACAATGGGAGCTAGACCCATTGCTGCTTTAGATTCCCTAAGATTTGGTGATCCAACTTTAGCTAGAACTAAGTATCTAGTTGCTGGTGTAGTTCATGGAATTGGACATTATGGGAATTGTTTTGGTGTACCTACAGTTGGAGGTGAAGTGTTTTTTGAAAATTGCTATCAAGATAATCCATTAGTAAATGCAATGGCTGTTGGAATTGTCAAAACAAATAAAACTGCTTCTGCTACTTCTGGGAAACCTGGCCTAGCTGTTATGATACTTGGTTCAAGAACTGGACGAGATGGAATTCATGGTGCTTCTTTACTAGCCTCAAGAGAATTTGATGAGTTAACTGAAAATATGAGACCAACTGTTCAAGTTGGTGATCCATTTGCTGAAAAAACATTACTTGAAGCTACTTTAGAACTTATAGAGTCTGGTGTAATTGTAGGAATTCAAGATATGGGGGCTGCGGGAATTTCTTGTTCAACAAGTGAAATGAGTTCAAAAGGAAATACTGGAATGAATATAAATTTAGATCTTGTTCCATTAAGAGAAGCAGGAATGAGTGCTTACGAAATAA
CP065014.1_gap71	2195351	2196501	1150	ATTTATGATAAAATAGAACTTATTGAAGGGGATATTAGATCATACCATATTGTTCGAGAAGCAGTTGAGAGTATAGACGTAATTTTTCATCTTGCTGCCCTACCTTCAGTTCCTCGCTCGGTTAAAGATCCAATTACAACTCATGAAGTTGGTGTGAATGGTATTTTAAATGTTCTTCAAGCAGCTCGTGAATGTAAAGTTGGAAGAATGATTTATGCTAGTAGTTCATCAGTTTATGGAAATAGTGATGTGCTTCCAAAACACGAAGGCTTAATGCCATCTCCTTTATCACCATATGCTGTATCTAAATTAACAGGTGAATATTATTGTCAAGTTTTTCATAGATTATATGGTATTGAAGCAGTTGCTTTGCGATATTTTAATGTGTTTGGTCCTAGACAAGATCCTGAAAGCCAATACTCAGCTGTGATTCCTAAATTTATTGACATAATGCGAAATAATGAAAAGCCAGTTATTTTTGGTGATGGAAGCCAATCTCGTGATTTTACTTTTGTAGATAATGTAATTCAAGGTAACTTATTAGCAGCTAAAACCGAGACAGGTGTAGCAGGTGAAGTTTTTAATGTTGCTTGCCACGATAGAGTTACTTTAAATGACTTATGTGTTTCTTTGAACAGAGCTTTAGGTACTAATATAGATGCGGAATACACTAATGATAGGCTTGGCGATGTGAAGCATTCTTTTGCTTCAATTGATAAATTTAGCAATGTAACTGGTTACAAACCATTAGTTAGTTTTGAAGATGGAATAAAAAAAACAGTAGATTGGTATCTTAAAAATAGGGAGTTAAGTTTTTAAGATTGAGAATCAATGAGTAATCAATTATATATATTAGGATGAAAATTATTGTTACGGGTGGTTGTGGTTTTATAGGTTCGAATTTAATTATACATTTATTAGAAAATAAACCTGAATGGGAAATTTATAATATAGATGCTTTAACTTATGCTGCAGATTTAAATAATCTTAATGAAATTAAAGGTAATTTAAGTTATAATTTTTTAGAGTTAGATATTAATGATAAAGTAAAATTAAAAAAAAAAATTTCTGATATTAACCCAGACGGAGTTTTTCATTTAGCTGCTGAAAGTCATGTTGATAATAGTATTTCAAACCCTTCTAAATTTAT
CP065014.1_gap72	2220041	2224364	4323	TTTATTTTTATGGATTACATTTATTTCAATATTTAGTATTGGGAAATTGCAATCTCAAGAAAAATTTAGTAGATATAGGTTAGATTTATTCTTATCTGGTGGAGTATCTTTTTATGGGAGTAAAGATTCATTGTTTAATTCTAATTCTAAATATGATATTGTTCCAATTGGATTAGGTACTTCAATAAAAGTAATGTGGCAACCTGATAATCTTTTAAATTTTGGATTTGAATCAGGGTTTGTTAGAGCCTTATCATCCACTACTAAGGACTCACTAGGAAAAGTTAATGATCTTGTTAATGGTTATCAAGATATTATTCCAATTTTATTGGTGTTTGGTATGAGGTTTAACTGGATTGATATTTCTTCGGGAATTGGATATTATTATTTAAGTTCAAAAATTTATAACAATAAAACTCTAATAGCAATTAGTGATGAATATGATATGGGTTTCATGTTCTCTATTGCTGGTGAATATGATATAACCCCTGAATTTGCAATTGGGGGAGAAGCAAAAATTTATAGTATTTGGGAAAGGCAGTTTTATACTTTTGTCCCACAAATTAGATTAAGATACTCACCACTTATTTGGTGATTTAATTTTGTTAAAATTATCAATATTGATTTCTTTTACTAATTAAATTTATTTTGAAATTCAATTCTGTTTTTATACATTCTTTGTTTCATTTCTTCTTCAGTTTCTAAAACAATTTCACTAATTTCAGAAAATAACTTTTTATACAATTCTATTTTAGTATTAATCTCAAAGAACCATTCAATAATATTATGTTTTATGAGATTGATTGAATCGTATTCTCTAAAATTATTACTCAAATTATTTTCATTTTCAAACCATTCTAATGGCATTTCATCAATAATTTCTTTCATATTAATTTTAGAAATTTTTTTCAACAATTCTAATAATTTCAATGAGTTTAGCTCAGATTTATAAAATGGATTTCTTCTGAGTTCTTCTAGTACTTTTTTGTTATCGAAAAACTCTTTACTTTCTATTAAATTATTTATCAAAAAGCAAGCTTCAAAATCACATGAATAAATTTCATTTTTTACTTTAAATAAATTTAAATTTGTTAAGTTTCTGTCTATGTTTAATACTATTAAATCAAACATAAAAAGTTGATTTTTTTGGAAACAACTAAGTTGATTTATAGATTCTTTAGTAATATTTTTTGTAGAATTATGAAACTTATATGCAATATTAATACCATAACTTTTTTCAATTAATACAATAACTTCATCTAATATTTGTTCAATAATTACTTCGTTGTCTATAAAAATAAGTTCCGGTTTATCAATATTAATTCCACATTCAAATGCTAAATTTGAAACTATCCATTCACTAATAACTCCATGCTTACCACTGAATCCACTTTTTAGTTTTACAAAATATTTTCCATTTTGATTTTCAATTATAATAGGTGTTGATGAGCTATTTTTAATATATCCAATAACTTTTCCATTTCTTAACATCTAGGATAATTCTTTAAAATAAAAAATGATAAATTAAACTTCAACTTTAAAACTAAAAATGAACTTATGAACCACTTTTCTTAGATAAATAAAATCTATAGCCAAACAGTAAAACAACAGCACCAATAATAGATGTTATCAACCCTGCTTTCTCTCCAGGAGCATCATACCATCCTATGGCTTTGCCAATGAATGTCATAAACAAAGAACCTGCAACTCCAAGCACAATAGTCATTAGAATTCCACCACCGTCTTTGCCTGGCATAATTAACTTTGCTAAAGCACCTGCAATTCCTCCAATAATAATTGAATAAATAATACCCATTTTAATAAATAAATGTTAGTTGAAAAAAATATAATATCAAAAGCAAATCAAATTTAAACAAAATGTACCAAACAATTTTTAAAGATGTGCTTCATACCAATTACTACCAAAACCTGTATCCACAATAATTGGTACTTCACCAAGTGAAAAAGCATTTTCCATTTTATCTTTAACAAAATTTGACAAGCTTTCTGATTCACTAATTGGAACTTCAAAAATAAGTTCATCATGAACTTGTAATAGCATATTAGCATTCGGAAATGCTTCTGGCAAATTGAAATGTAAGTCTATCATAGCCTTTCTTATTATATCACTAGCAGTTCCTTGAATTGGCATATTAATTGCTGCTCTTTCATCTGCAGCCCTTGAAGCAGCATTTCTTGCATTTATATTATCATATTTTCTTCTCCTTCCAGACAAAGTTTCAACATATCCTTTTGTCCTTGCAGATTCTACTGTATCAGTCATATATTTATGCACTCCAGGGAATTTATCAAAATATGATTTAATAATTTCACTAGCTTCTGACCTTGGTATCTTAAGCCTTCTACCCAATCCAAATGCACCAATACCATACATAATTCCAAAATTTACTTCCTTTGCTTTTCGTCTCATATTTGGTGTTACTTCTTCTTTAGATACACCAAAAACTTTCATTGCAGTTGCAGAGTGAATATCTTCACCATTTTTAAAAGCAGTAACCATTGCCTCATCACCGCATACATGAGCCATTATTCTTAATTCAATCTGTGAATAATCAGCCGATACTAAAACAGCATTTGGTATTCCAGGTATAAAGGCTTTTCTGATTTCCTGACCAAGTTTACTTCTTATTGGAATATTTTGTAAGTTTGGATTATTAGAAGACAATCTTCCAGTTGAGACCAAAGCTTGATTATAACTTGTGTGTAGCCTTCCAGTTCTATTGTTTATTAATTCTGGTAGTGCATCAACATATGTATTTTTTAACTTTACTGCCTGACGATATTCCAAAATTTTTTCTGGTAATGGATGAATTTCAGATAATTCTTCAAGTACAAATTGATCTGTACTATATCCAGTTTTATTTTTTTTATTTACTGGTAATTTTAAATCTTCAAATAATACTTCAGCAAGTTGTTTTGGTGAGCTTATTGTGAATGGTCTTCCTGCGATATCGTGAATTTCTGACTCTAAATTTTTTGCAGTTTTTTCTAACAATTCTGAAATTTCACTTAAAGCTGATGTATCAATTTTAATTCCAATACTCTCCATTTTAGTAAGAACTTGTACTAAAGGGAAATCATAAGTTTCTGCGAGTGTATATAAACTTTCTTTTTTAAGTTCAGGAAGTAATACATTAAAAAGTTGTAAAGTAATATCAGCATCTTCACATGAATATTCTGATACAATATCTAAATCCACTTCTTTCATACTTCTCTCTCCTTTAATTCCAATTAAATCACTAATAGGTATTGGTTGATAATATAAATATTTAGTTGACATAGTATCCATTTTAATACCTTGTGTAGAATCTAAAATATATCCTGCAATCATTGTATCAAAAAATAATGAACTAACTTCTATACCATATCTTTTTAAAAGTAGCATATCAAACTTTGCATTATGAGCAATTTTTTTAATGTTATCATTTTCAAAAACAGGTTTAAGTTTTTCTATAACAGTTTCTAATTGAAGCCCATCACTAAACTTAGACTCTTCCTTTGCAAAAAGAGTACCAGCTCCTGAAGTTATAATTGTAAATTCTAAAGCAATTGGAATATAAAAACCTTCACCAACTTTTGTTGAAAAAGCAATACCAATTACATTCATATTATTTTTATCTAATGAATCAGTTTCCGTATCGAAACATAAATATTCTGACTTTTGTAAGTAATCAACTAATTCATCAATTTCAGATGAAGTTTTAATTGTTTTATAGGTATGTTGAGTATCATTAATAGATCTATTAATTTTTGGAGTTGAAGATATTTCAGTTTGAGTTTGATCAATTGAGTGTGAATCTGAAGAAAGGTTTTTTAATATTTCAATAACATCTGGGTACTTAGTAGCTAACCTTGAGATTAAAGAATTAAAACCTAATCTTTTGAATATTGGAATCAGTTTAGGAAGGTTAGGTTCATTAGTTTTTAAATCTTCAATTGTTTCATTTAATGTAACATCAATTTTAATTGTTACAAGCTCCTTACTCAAAAAAGCCATATCACGATTAATGATAAGTTTTTCTTTTAGCGATTTTTTTGTAATCTCTTCTATATTTTCATAAACATTTTCAAGGGAACCATATTGCTGAATTAAAGGTATCGCTGTCTTTTCACCAACTCCTTTAACACCTGGTATGTTATCTGAAGCATCACCAATTAAAGCTAAAACATCAATCACTTTGTCGGGGGTAACACCAAATTTTTTCTCTACTTCGTTGTAAGAAATTATCTCAACATCACTTCCCAGTTTACCTAATTTATAGATAGAAATACTTTCTTCAACTAACTGCATGAAATCTTTAT
CP065014.1_gap73	2231347	2235886	4539	TAATCCACCAAAAATTAGAGGAACTGATAAAGCTCCTGCTGATTGTATAAAATTTCTTCTTTTCATATTTGATTTAAAATTTGGAATTTGTTAAGGAATCAACCAAGAAAGTAATTACATTTAATTTATAAAAATTTAACTTCAATATTAAATTTCTACTTAATCTTCTACAATTAGTTTAATTGTAGAATAAAGAATAATTACAAAATCTTAGAAATTTAAATTACATTAATTGAAACTCAGGAGATACCAATATCTGTTTTAGCAATGCTCTTAGTTTTTTCTCAATTGCTGTTTTTTTATTTGCATCAGTTGGGGAAGACTTGTAATCTAACCATTCAACTGTCCATTCATAGTCAGGTAAATTGTTTAAAAGAACACCTTTTAACATATCTTTAAATTCGCTAGATACCTTAAAAGCAAATAAAAGCATAACCCATTCATTAACTAATTTATTTGGATCGCTTGGATCAGAAGTTTCTTCAGCCAAAGCAAAAACATCTGCATAAGCTAGTTCCCTTGATTCAGGTGATTGATAACCTAACACTGCAAGTTCATTCAAATACTTAACTCTTTTTTGTAATGTATCTGTGTTAATCCAAAATTCATAATAGTCAGGTTCTTGGTGGTAAGCTTCCCATCCTGCAACGTTTAACTGACCAAACAGGGTTTGCTGTAAAGAATTTAATAATCTTCTCTGTCCAATTGCACCATAATAAACTCTTACTAAATCTGTTACACTTGTAGGTTTTGGTAAAGAAGCTAACAAAGTATTGAAAGTGCTTAGAACAAAATCGATTGGAGGTTTAATCATACTTCCAAAACGTGATGAATCAAAGAAATGTGCACTCTTAAGTAGTGCTAATAATGCTGGTTTTACATTATAGTTATTTGATCTTAAAATTGTCGCCATAGGTTTAATAACATTCTCTTCGATTGTTTCATCAATAATATAATCTACATACCATTTGTAAAGCTCTCTACATATATTTTTTGAAGTTGCCTCTTGATTAAAAATCATATTTATCAAATCATCTAATTCACTCATTGCACCATCAATTCCAGTTCTACCTTTTATAATTACACTACCATAATTTGATGAAAATTGTTTATCAGTAGTATCATGGTTCCTATCACTAAAGGCGTATGTTTGTTTGTCACTATCATCACTCCAACCAGTTAGAACTCTTGCAGCTGCTTGAACATCAGATTCTGTATAAGTTGTATAATTTCCTTTTGTTATTTCTTTTCCTTTCCCAATTGTAAATAATTCTTGCAACTCTCTACCATAATTCTCGTTAGTATCTTGTTTGGTATTTGTATTCCCATTTAAGAATCTAAGCATACCTGGATCTAAGGTAATTTTTTTAGCCAAATCTTTAAAATTACCAAATGCCATCTCTCTTATTAATGAATTTTGCTTGTATAAAAGCCTTGAATCTTTAACACCTGATGCCGTTGATACAAAATGGTTATTTAAAAATAAAACCATTTTTTCCCTTGCAGCTGTTGTTGTATCTCTCATTAAATTAACCCACCATCCAGCTAATGATTCTAATCTACTATTATCAGTTACTGAATTGAATTGAGAATTTACCCAAGTTTCACCTTGTTTTGCATTATCATTTTGGAAAAATACTAATGGCGGTTGTGGTAATGGTGAATCTGCTAAAAGATAATCAACAGCAAGTGACATTGATTTTTGTTTAAGCATTTCAACATCTTTTCTTCTTGAATTAAATGTTGTTCTTCTCAATAAATGTGCTGCTTGTTCAAAACCCCAAACTCCAGAATATTCCTCTAACCCTGCAGATGATAGTGGAATTGTTCTATTTCCGGATGTACTATTTCTGATTTTGTCTGGAGAACTATGGCCCTGTAAAAAGTTCCTTCGATTCATAATTAATTTTTGATTTTAATAATTGGAAAGTATATTAGTGAGGTTTTCTAATTTAATTGACACCAATATAATTTAAATATTACACTTCTTTAAGAGTATAAGTTTTCTAATAATTTCTATTTTAATTAAATAATAAAAGACTTTACATTTTTGAAGTTAAGAAGTTAACAAATCTTAAAAATTCAAGTTCTCTAACCTTTCGGTATTTAATTGTTTTAACTGAGTAGATGTCTTTTATTCTATTCAATTTTCCAAATATAGAATCATATTTATTTATCTTTATCTCTTTTCTAACATAATCTTTTAATAGCAAAGTCTCAACTATATTTGATGATAAATATACAATAATACAACTAGCATAATTATTATCAATTTTCAATATTTCAGGTAATAATTTTTCAAATTCAATTGCAACATTTATTGGTAATTTTTCTTTTGTAATATTTAACATCCATAATTTTAATATTAGTGAATCTGTATAATTTCTGGAATTTTTAACCTCATTTTTTATTAATATTAATTTATTAGAATCATTCATCAAATTTGTAAGTATATACTTTATTCCATAATTATCCAAATTATTTATAAAGTGTTTTCTTAACAATCCTTTTAAGTTCAACCAAGAAAACAAATCAATTTTATTTATAGAATCACAGTATAAAAGTGCTTTAGTAGTATCACCCAATAACCATAATGCATCTATGGTTTCGGGTAATGTTGAAAATAGATAATATGCATTAGAATCAGATTTAAAATTTTTAACAGAATCTAATAGTTCAATATATTTTTTATCACCATACAATGATTTTATTATACCAGTTCTAGCATTTGAAGTTACACCATATTGCAATGAATTTGAAAAATTTTTATATGCTAAACTAAAATTTCCTTTTTGTAACTCTTTTAATCCAACATAATTTAATATTCCAATTTTTCTCAATTTACTCTGCTTAAAAAAAGAGCTTCCTCCATACAAATATTTCATTGCAATTTCATCATTAACATTTTCAGCCAATCCTATTTCTCTTCTATAAATATTTGTTAATGAATTAAAAGTCTGATTATAAGTTTGTTCAAAATTTTCATTTGAGAATAATTTTTTAAATTTATTACTACCATACTTTTCAAAAAGCCATTTACAAAATCCACCACTTAAAGTATAGCATAATGACTCTTTAGCATTTGTAAAACCCCCTAACTTAAATATGTAAGGGAGCAAAGTATCCCCATGTATTTTAGTTATATTTTTAGTATGTTCTTCTAAAGTTCTTTCAGGATAATTGTCTTCAACCATCATAGCTGCTCCTTCAGTAATACCTTGATTATATGCTATTCCTAAAATGCTACCATATTTCGCTAATAGTACATGTGTTAGTTCATGTTTTAAAACTGAACCAATTCCTAATGTTGTAATATTGATATAACCTAACCAAGGTTTTGTAAAGTTTGAATTTCCAGCACCTGTTAAAGATTTTTGTAAATCTGAATTATTATAAATAAATATTTTGGGTCTAATAATTTTTGCTTCGTCCAATTCCAACTTCTCAATAATCTCTTTTATATAGAATTCTGTTAACCATTCTGCTTTCCATAAATTCAATGAATCTGTTTTTGATTTATCTATATAAATTGTTGCATGTAAAGTATTTATTGAATCAGGTAAAAACTTTACAATATTTTCAAAACTCTGTGTTAATTTTAGTTTATCTCGGTTAAACAATACTATTGGTAAAAACAAACAAATTATTAATATTAATATGTTGATTTTTGATAATTTAAAGGAAAAATCCCCATTTATTTTAATTAACTCTAAACAAGATAAATATAATAAAATAGCTATTAATATTTGTGCTATTCTGTATGAAATTAGTAATGTTGAAATTGTTAATTCAGCATCCCATGCCAACCCAGGGAAATATCCAATTTGCCAAGAATAGAAATAAATATGAGGATTATAATATGCTTCAAACCCTGCTCTAATAAAGCTCAATGACCAAATTGAAAAATAAATAATTGTTTTATACTTATTTTTAACAACAAATAAATCTACACAATTTGATAATAAAGTGGATATAATTACTGATGGGAAAACAAGAATTATATACCATTTAACTCCATCAAAATCAAATAAAGAATAATCTTCATATAATTCCCTGCATATTGCAAATATGAGGATCAAGATCATATTTGTAATAACAATAGAATATTTTAACTTTAACTCTCTTTTACTTAAAATCACATATAATCCATTTGTTATACTCAATACAAATGCAAATAAAACTGAAAATTCATAATGAAAATCTTTAGTTAAAATATTTGAATAAGTGTACAAAAACAAAACTAATGAGCTTACAAATAAAATGACTTCAAATATGTAAAAACCTAATATTTTTTTAAATTTTAGCATTCTTTTAACAATTAGTAACAATTTTATAAAATAAAAATAGTTATTATGCATTGTTAAATTGCTTTACTTTTAAATTATATTCCAAACAAAATGTCAAACGACTCAAAAAAATCGTTTCAATCTCAATATGAATTAGGATTAAATGAGTTTAATTCAGGAAAGTTTTTTGAATCGCACGATACATTAGAAGATTTATGGATGGAAGTTCGTGGTGAAAAAAGAAAATTTTTTC
CP065014.1_gap74	2270527	2272986	2459	TTGAGAAGGGACTTTCTTGATTTAAAACTGTTTGAGCATTTATGAATGTGTATTTAGCACAAGCAAATAATAGCGTAAAAGTTAATATAAATTTTAGTCTCATATAATTGTACAAATGAATAAAATGTTGTTGATGATAATTAATGGGCTTAAAATTTCTTTTGAACTTAAAAGCCCATTATTTTTTCAAATTAATTAGTTACCAGAACGAAATCCTCCAATAACGATTGCAGCTTTTTTAATTACACTAGCACCATTTGAAGTTGTAATCCTAAACAATAATAATTGATTTGATAATTGTCTGTTTCCGCTTGATATTAAATCATAAACATTAACATTAACAAGATCTTTTCCTGAATTATCACCAACATGGTCAATAACTTGAACTAATTCTCCTGCTTCAGTAAATACTTCTATTTTACATTTTGCAGGTAGTCTAGTAATGAATAACCTCTTATCAGTTGTTGAACGTTGACCTAAGTGATCAATATAATACGGATTTGGAACAATATTTACCTTATCTAATAACTCATCTGTATATTCCTCAGGTTTTGGATTAGTTTGATTGATTGCAACCAAAATAGACCCACCTGGTTCTGGAAGCCCAACAGCTCCACCTGTAAAATCAACTGTAAATTTATCTCCAACTGCTAAATCTTTTGTTGGTCGTGGAGTTGGAGGTGGAAATTTATTATCAATAGTTGCATCTGTTGAACCCATTCCTGCAAAATCAACAATCATTTCAGATCCATTAGCAACAATTTTATGTGAAACCATTACTTTTATTGGAGCTCCATTTTGATCTTTTCCATTTAAGACACCTGGATAGTATCTACCTGGGGTTCCAAATCTTTGTAAAGAATATTTAGCTCTACCTAATTTATTAGCTCTACCTATATCTGATAAAGTATCAACTCCAATCCATCCATAAGCAAATGTTGTATGTTGACCAGATCCAATAAACAATCCTATATTGGAAGCATTAGACAAAGTATCAATAATTGTTTTAGCTGCAGGATCTATTGGGAATTCATAACCATATTGATAAGTTATATTTTGACCAACAGCATTTTTATAATCAAGTTTATTTATGTTCTTTACTTTAGTTATAAAATATGGTACATTAGTGAACTCATAAGTATTAGTACCTTTTGTAACTTTAAATGATTCAGTTCCACCTTGAATCATTTCTACTTCTAGCTTCACTTGACCAATACTTGGAGCAACTTTACCAACTCTAAACTCTGTACTTGCAGGCTTCCAATAATTGATTCTACCTGGAACAAAATTAATATCTGAAGAACCATTGGTGATTTTAAAAGCAGATTTTTTACTAGCTGAATCGCAAAATCTTCCAAATTTAAGTGAATCTCCATATTGAATTCCAGCCCAATCAAAGCTTAATCCGAAGATTTTTTTATACTGTCCAATAGTTTCTAATGCTAAAGTTGTAGGATAATAAGTTCCAGTATATAAAGATTGTTTACAACTTGCATCTTTGAATTCAGCAATTCTTTCAACAGTTGTATCTTTTTTAACAGGAGGAGTAGTTCCTTTAACTGTTATAACTGTATCAACTTTATATCTTGGATACCATGTAACAAATGAAGTATCAATATTCCTTATAGTACTATCTGCATGATCTGAAAAAGCTGATTCATAAGATACTGCGAACCTATGAATTTTATCACCAGATCTTTTGCTATAAACATTTACTTCAGTCCAATACCAATATGGATTATAAGAACCTGCATCTGTGTTATAATCTTTTGTATCTAACGGTTTAAACTTAAATTCTAAAGTATCACCAGCAAATAATTGAGCTAATCTTTCATTATCAATTGTTAAGAAATTAGGATTGGTAATGCCACCCATTCCTTTCATTCCAACAATTTTTGGTTCAACTTTAGAACCTGATTGAGGTGCTTCTGGAGTTGCTCTTATCTCGTTTAATCCTGTAATCCCTCCATTTAATTTAGATGGTGTTCCGGGATCTTTATAACCAGCATCATAAGATAAAATTCTATAATAATAATCAACTCCATTTATTAATTTTTCATTCTGATTTAAATCGTCTGGAATTTCCTTAATAGTTCCATCATTATTATCATCTCCAACATCAACAAAAGTTCTATGATTAGTTACACTATCCATAATTATTTGAATATTTTTACGAACCATATCTCGTACAGTTGGGTTTGCATCATCAAACATATCATATTTGAATTTATACCAAGATTCTGTTCCACTTTTTACAGTAACTAATGAATCTGTTAAACCTGGTCTTTTTACTGTATCAATTCTAACTGTATGTGGAACTTTAACAGAATCTATTGCAAGTTCTGCTAATTCTTTAAATCTCCACCATGCTCCTAAATACGACATGTTACCTGTTTGAGCAGCCATAATTCTAGCTGGTGCTGAAGGTTGACAAGGTAATCTATATTCTTTAATCGTTT
CP065014.1_gap75	2277649	2280036	2387	ACCTCTACAGTTTTACCTTGAATTACAGCACCTGAAGAAAGTTTAAAATCCACTTTTTCTTCTTCGTCAATTGAGATATTTACAGTTTTACTTTCTGGTTGTAAACTTATTGCTGTTACTTTAACAATATATTTTCCCGGAGGAATACGTAGAACTGTATATGTACCATTAGGAGCTTTTGAGATTGCACCTAATTTTGTGCCTTCAATTCTGACAGTAGCCCCAACAACTGGCTTACCATCACCATCGGAAACTTTGCCTGAAAGAGAGCCGTAAGTTTGAGCCCAAGAGGACGCAAAGCCAAACAACCCTAACAGCAAAGCGCATAAAGTTAACTTTTTCATAAAAGTAAAAAGAGAGTTAGTTAAATATGATTTAGATTTAATATATTTTGTTTGAAATATAATATTGATATAATCAAGAATAAAGGTTAAAATGTTACATGAGAAATAGAAAAAGTTACAATTTCTTTTGAGGCAGTTAGAAATTGCATCGGTTTGCGAATATAACTGCTTAATTTGAAACAAACAAACATAACTTTATAAGAGTTTAAATTTTTATACAAGGTAGAAAATTTTAGATTATAAATACTCCAAATTAATCTAACCTCTAAACACTTTTAAGTTACACAATATTATACAGAATTACTTTAAAGCTTCATCAATAACTTTCATAATTTTCTCTCTATTATCACGTGTTACCGAAGAACATGGTATAACACCTTTGCAGTTAATATACTTTTGAGATTCTGTTAACACTTCTTGAAGTTTATTTTCAATAGCATTTTTAGAGAGTTTATCACTTTTAGTCAGTACTATTACAAAAGGAATATCCATTGAATCTAACCATAAAAATAGTTCCGAATCTATTGTAGGTGTTTTATGCCTTATATCACTTAAAGCCATAACAATTCTTAATTGTTCACGTGAATTAAAATAACTTTCAATAAGTTTTTTCCAGTCTTCACGATCCGTTTTAGATACTTTCGCATAACCATAGCCAGGTAAATCTACAAAATGGAGGTTATTATTAATTCTAAAAAAATTAATTTGCTGAGTTTTTCCAGGAGTTCCACTTGTTTTAGCTAAAGATTTTCTATTAGTTAATAAATTTAAGAGTGTGGATTTTCCTACATTTGATCTTCCAGAAAAGGCAATCTCAGGTAATGGAGTATTTGGGAATTGAGAAGGTTTTGCAGCACTTAATATAAAATCTGTAGATTTAATTAACATTATAATAATTAATATTTTTTATTACAACAAAAATAAAGCGGGGCAATGACATAAAAGTCAAAACCCCGCCCAAAAAATAAATTATTATTATATAATTCCTACTTTACAACATTCAAATTTGTTCTTTCAACATTTTCTCCTTGTTGTAATTCAATAATGTACCATCCACTTTGAAGTTCTGAAACATCTAAGTTTTCAGTAACATTATCTCCAGTTGAAATAATCTGATTGATTTCTTTATTTAAAACGATTCTTCCAATAGCATCATAAACTTTTAAACTTGCAATTCCATCATCTGCTAAAGAAAACTTAAGTTTAGTAGATCCATTTGCAGGATTTGGGATTGGTGTACTAAGCGAAATTTTACTTTTAACTCCACGAAGTTTTCCACGAGTACAATAACCATCTCCAATAAATACTCCATTTCTAAGTTCATCAACTATTACATTTCCACCAGTCCAAACAACTTTACCTACGAATTTTAAATCACAAGATGTTGTATCTCCAATTAACATTGCAAATGGAATTGATGTAATAACACCCATTGTAGGTACTGGAGTAATTGTAATTGGAAGTATACCAATTATTCTTCCAGTAATTGTATCTAATGAATATCTAACTAAAGCTCTATAAATTGTGTCTGCTGGAGTCAATAAAGCTGCATCAAATGAAATTTCAAATGTCATTGATGTAACACCTGATTTAACTAAGTTTTTAGGATCTCCAATGTATCTGATAACAATATTTGTTGGTGTTTTCTTAGTAATTGTATCTCTTACACTTACTATTTCAATACCTGGAATACGTGCAGAAGAAGAATCTTCTTTTCCAACTAATTCAGTTTTAATAGTTTGGCTACAAGTTCCATCTACCATTACTGAAACAGTATCTTTTACATTTCCAGTAAGAACAATATATCTTACTTTTACAAATACTTCACCACCTGGAGCAATTGTAGAATCTAATGATACTGGTCTAATACCAATCACCGAGAAAGGTCCATTTGGCTGATAAGTAACACCAATAACTTTAACTGGTGTTGCTCCAGTATTTACATATCTAATTTCTTTTTCAATTGTATCACCAACAGCACCAGTAAATAAATAAGAAGTGCTATCAGTTCCAAAAGAAACTGAACCAATATCTATTCTAGCA
CP065014.1_gap76	2287984	2290926	2942	ATTTAAATTTTGTTTTACATTTTAAAATATGAATAAGCCACAGAAATAAGTATCAACTTTTGTTCTGTGACTTAAATTTAATGGATTTATTTATCTCGTATTTAATTATGATTTTCATATTTGCGAATCATAATTGTGAATCAAATTTCTATTTAATTTGCAATGCAACAAGCCTTGTCGAGTTCCTCGATTTTACTTGAAGTAAAACCACATCTCCACTTGATTTTGAATCAATTACTTTTTTTAATTCACTTGGTGATTTAATTGATACTCTGTCAGCACTAATAATAACATCTCCATTTGTTATTCCTTGGTCAGATGCTTCACCATAAATGTCAACATTTGCAACTACTACACCATCAACTTTCACCATATTTTTTTCTTCTAATCGAAGAGACCTAACCTCAAGTCCTAACTTATCAAATTTCATATTTGAATTGGAAGATTTTGAATCACTTTGTTTGTCATCTGATTCACTTAATGAAGTAATATCACCACTTCTTGGTTTTAAACTAACAATTTTTTCAATCAATGAACCACCTCTCCATATTTTCAATTTAACATTCTGACCAGCACGTTTTTGAGCAATCAAAGATTGCAATTGATTTGATGCATTAACTTTTTGTCCATCAACTTCTAATATCACATCATCTACTTTAATCCCAGCTGTTGCTGCACTTCCATTTTCAACAAGATCTTGTACTAATACTCCTTGTCTTGAAGGTAACTTTAACCCTTTGGCTAATTTATCATCAATATTTTGAATTGAAACACCAATATAACCTCTATCAACTTTACCATCTTCAATAATATCTTCTGCAACATTTTTTGCTAAATTTATTGGAACAGCAAATCCATAACCAATAAATGAGCCTGTTCTAGATGCAATAGCTGTATTTATACCAATTAATTCACCACTAATATTAAACAATCCACCCCCTGAATTTCCTGGATTAATAGCTGCATCTGTTTGAATGAAGTTTTCTACAGCATAACTTTTTTGCTCACCTCCTAAAGCATTCAATCCTCTTCCTAAAGCAGAAACTATCCCTTGAGTTACAGTTGAATTTAAAGTACCAAGTGGATTGCCAACTGCTAATGCTAACTGTCCTACTTGTACATTATCACTATTTGCAAAAGTTGCGGCTGATAAATCCTTTTTATCAATTTTTATTATTGCTATATCAGTTAAAGAATCTCTTCCAATTAATTTTGCAGGATAATCTTCACCATCATTTGTTTTTACACTTATTTCAGTTGCACCAGCAACAACGTGATTGTTTGTCATAATATAACCATCTGTTGATACTATAACGCCAGACCCAGCCCCTCGAGTTGGCATATCCTGTCCGAATCCACCTCCATTTGGATTACCAAAAAAAGGAGATAAATCACCAAAAGGATTTTCTTCCCCATCTCCAAAAGGATTGAATCTTTTTTTAGATGTGGTTTCTTTTAATTTTGTTGTGGCGGTAATACTTACAACTTGAGATGTTACAGCTTTACTAACTGCAACAAATGCATCATTTAAAACTTTAACTTCATTTGAAGGTAACACAGGTGGTTTGTCTGATCCTAAATTGAATGGAGGTGCCGCAAAGCCTAACTCTACCTTTCCCCATTTAGTTGCTAATAGACCACCAACTGCTACCGATGCAATCATTAATGATGCTATTATTAAAATTTGTTTCTTACTCATTATTTATACTTGTTTTTTAAAATTTTATAATTAAATTTTCTAAAGTTTACTTGCAATTTGACTAACTTTTAATTTTCTTATTCCATCAACATGATGTTTTACTAAAATATTTATTATCTCTTCTAATTGTGAAATATCATTTAAATTTATTGACGAATCTACTTTATCTTCATTTTCTAAAAAATTATTTATTATTTCTAATACCGAATAGTCAATGGCTCGATAAGTATTTTTATCTCTACAATTTGCACATAATGGTGAACATAAAGCAATGCTAAAAGCAACTTTACCACCTAAAGAATTAATTAAATTATTGCAAACACCACAATTGCTAACATTGAATTTATATCCAGATTTTGAAAACAATTTAATTGTATATCTCAATCTCAATATAGATTCATTTATATTTGAATCATTGAGGGTTTTAAGAGAGTTTACTGTTAAATTATATATATCAATATTTGGGTCTTCAATAGGTACAAAAGCATTTAATAGCTCTATTATGGCTAAACCAGATGCAATTTTTTCTAATGAATTTGAAATATTATTTAATTTAAACTTACTTTCAGAATCTGACATTATTTGAAGCTCTCTATTTTCCTTCCAGTAGATTGTAACATTACTTATTGACATTAAAAGCAATGAATTACCATACTTATTTTTAGCTTTTAAAGCCCCTTTAACCATTACCGATATCTTTCCTTTTTCCAATGAAAATAAAGTTAATATCAAACTAGATTCACTGAATCTTTTGGTATTTAGCACTATTGCTTCAGTTTGAATAATCAAATCAATTTGTTTAAAATTTTAAAATGATAATTTTATTCAAAATTAACACGCAGACATATTAATTTATTGTGTGTAACTTTAATTTTTTATAATTAATTTATTTTTAAATGTAATGATTTTATAATCAAGGTGTTGTTAACTAAAAATAACTTAAAAACAAATTTTTAACCAATAATTTTAAAATTTTATGAAATTAAACAGATTTTTCCCTTTAATATCAGCTTTTTTACTAACACTTATTATTTTTATTGGGTGTTCAAATTCAGATCTAAATCAAAGTGTGGTAGTAAATAACGCGAATTTATTAGAAAAAAATAGTCCTTTAGATTCTAGTAAAAAGGATAAGAAAGATAGTGTAAGAAAAGATGGCGAGAAAAAAGAACCTGTTAAAAAAGATACAACAAAAAAAGATTCTATTCGCAAAGAAGGTGAAAAAAAGGATACAATTAAAAGA
CP065014.1_gap77	2462022	2462604	582	TTATTCTGTTTATCCAACATATTCATATTTACGTCCTGAGAGTTGTTCATTTGAAATTGAAGAGATTTTATTTTGTTTATTCACATGAACAATAGTTGGTTTGTGAGTTTTTGCTTCTTCATTTGACATACTAGAATATGTCATAATTATAATTTCATCTCCAGTAGCTCCTTTCCTTGCTGCAGCCCCGTTCAAACAAACAACCCCAGATCCTCTTTTACCAGAAATAACATAAGTTTCAAAACGCTCTCCATTATTTACGTTTACAACTGAAACTTTTTCATATTCAATAATATCTGCAGCTTCCATAAGTTCCATATCGATTGTTAAACTCCCCTCATAATACAAGTCAGCTTCTGTAATTGTTGCTCTATGTATTTTTGATTTAAAAAGAAATCTTGTCATTATATAAAATAATTTAATTTAGATTCAAATTTCGGAAATAAGTGACGATAATATAGAAAAAAAGTTTTAAAGTAATTTTTTATTGTAACTCAGTTTTGGTACTAATTAATTTTCAGTATTACATTTTTTATTTTATTCACAAAGAATTACATTCTCATCTTTTTCTTTACTATCATT
CP065014.1_gap78	2614164	2618241	4077	TCTACTTTAATTTTCTTAACATCTTCAACTTGTTTCCTTTTTACTCCTTCAACTTTTCTGGGTCTAGATTCATCATTTGGTTTCGGTTGTATTCTTTTTCTCATAATTTTTATTTTGGCAAAAATATCATTTGTCAGTCAGTCATCAATAATCAATTTTAATTCATTGAAAATTTTATCATTGTAACTGTAACTCATTTATCTGAATTGCATTGAAAATAAGTTAGATTAATGCATATTTAAAATCATTGTATATCAAACAAAAAAAAATTAAAAATAAATTTACATAGAATAAAATTATCAAATAAATTCGCATTATGATATTAGTAATTCCATCTATTGAAATTAAAAAAGGTATTGCAGTAAGAACACCAAATCCAAATTGCGATGATTTTGTTTTTAATCCTGATAATACCTCAGAGCTAGCATTGCTATGGAGAAAAGAGAATGCTAAAACTATTCATGTAACCGATTATGATGGTATTTATGAAGGAGATTTATTTAATTTCAATGAGATTTGTGAGCTTACTAAAAATGTTGAAATTCCAATAGAATTATTATCCAAGTTTGAAGATGTTGAAGAATGCCGCAGGTGGCTTAATAACGGCATTTACAGGATAGTTGTCCACGATTTATTTTTAAAAGATCCTGTTGGAGTGCATAACTTAATAAATGAATTTGGATCTTCAAGAGTTTGTGCCGGAGCTATTACTAGAAATGGTTACTTAAGCAATGTTTGGCGAAATGTTGAGCCTATAACAACTTTAATGTTTTCTAAAAAAGTAGTTGAAATTGGTGCCAAAAGAATTTTCTTTACTGATAGGGATAGAGAAGGAACATTGATGGGAGCTAATCTTGATGAGATAACAATTATTTCTAGTAATACTAATTTAAAAATTACTGTTGCTGGTGGTGTTGCCAGCCCAGAAAATTTGTGGGATATTCAAAAATTAGAAACCTCTAATGTTGATTCAGTTGTTATTGGGCGTGCACTTTGCGAGAATAAGTTCCCTTGCCAAAAACTTTGGAGGGATATTGAAGCAAAGAAAAGACGTGATGGACTTGAAGAAAAAGTATCTACATCAGACTTGAAAAAATAATAAATCAGATTAACTCATAAAAATATAAAGTAAATTTTGTTTTAATATTATTTTAAAAATTAAATTTAATTTGTTTTTTTAGAGAATAATAAATTGAGAATATTTAAATCTTGAATTATTTATTTAGTATTATTCTTTCAATTTTTGAATTCTCTCTAACAAAGTTGGGTGAGAATAATGAAAGAAAACATACCATTTATTAGGATTTAAATTTGATAAATTGTGAGCTGATAATTTTTTTAATGAACTTATTAAATGCTCACTAGTACCTATATTCTCCTTTGCATAATTGTCTGCTTCATACTCATTTTTTCTTGAAAGAATGTTTATACCAATACTTGCAAACATAGATATAGGGCTATACAAAAGAACAAAAGCCATTAAGCCCAAATGTAAAACTGCAATCTCTGTTTGTAAACCTAATGCATTTGTTAAGGATGGATTTTTGATAAACAATGAAAGTAAGTACAACATAAAGCCCATTTGAAGCAATGAAACTACAAGACTTTTTAATATATGCTTCTTTTTATAATGACCAACCTCATGAGCTAATATGCTTACTAACTCATCATCTGATTGTTCTTTGATTAAAGTGTCATAAAATACAATACTTTTTTTTCTTCCTACACCACTGAAAAATGCGTTAGCTTTTGTGCTCCTTTTAGATCCATCAATTACAAATATATTTGATAATGGAAATTTAACTTTATTTCCAAATTTTTCAATCGCATCTCTTAATGCTCCACTTTCTAATGGCAAAAGTTTATTAAATATTGGAACTATCAAACTTGTATAAAACATTGGGAGCAATATTATAATAACCGCGAAGGAGAGCCAAGTGTATATCCAAAAATTATCTCCAGCTATGTTATAAATCCAAACAAACAAGCTAAGAAGCCCTCCACCAATAATTATACCTAATATAAAACCCTTAACTTTATCAAGTATAAGTGTTTTCCAAGTCATTTTATTAAACCCAAACTTTTCTTCTATAATGAAGATATTATAAATTTCAAAAGGAAATGATACAATGCTTAACACAATTAAATATAAACCAAAAAATAGTAGGGTTTGTAAAAATTGATTTTGAGTATAATTTGAGATTTGCAAATGTATAATAGCAAATACTTTAAAGTATAAAAAACAAAATATTAGTACGGTACCAAATATATTTTCAATATTACTAAGTTTCCCCTTCGCTATATTATAACTGCGAGCTTTAGAATACTTTTCTTCATCGTAAATGCTAGCAAGTTCAATTGGAATTGAGTTGTCCCAACTTTTAGCATTCATTGAATCTAAAATGTAATTTAGCAAAAAATCGAATAAAATAAATGCTAGAATTAATATTGTTAATGTAGAGATTTCGTTAGTTAGCATAAATATATTTATTTAAAATATAATTTATATAAAATTTGAGAATTAAACTTCTTTGAATTAATTCAAGTATAAAATATTAATAAAAATTCAAAAATAACCTAACTGAGATTTGAAGCATAATCAATGAATTTTTAAGGAATAATTTCTGAAAACTAAATTAAGTAAAATTAGAATAATTTATAATTCAACTATTTAATTATAGAACAGGTTAGTTTAAACTTAATATAAATTTTAATTATCGTAACTGAAACTTATAAATAAATTCTACATTTTTCATCTAATCAATTTTTTACAAATAACCCATTTAGAATCTTTAAATTAACAAAGCTGCAATTCTCAAACCCTCAGTTTTAAGCCATCTTTCACTAATTTTATAATCTGCATCATATTTATTTACATGTTCCCAATATTCTTTTGAGTGATTGAAATAAATTCTATGAGATAATTCATGAATAGCTAAATAATGGATAACTTTTTCTGGCATCATAACCAACCTCCAGTTAAAATTAAGGTTGCCATCTTTTGTACAGCTTCCCCATTTTGTTCGCTGGTCTCGAATAGTAATTTTATTGAATGAAATATTCATTCTATTTGCTTCAAAGATTACAATTCTTTTTATGTGATTTTTAGCTCTTTGCTTTAACCACAAGCAAACAATTTCTTTTATTCTATGTTCAATTTTTTTTGCCAAAACAATATTCAAAATCTGATCTTTAAATAAAACTTTTGCACCTTTTGTTTCTTCATTTATTTGAACATTAGTTTGAGTTAAATTTCCTAGATAATAAAAACTAGTCCCATTTTGAAATTCAGTTTTTGGTAAATGCAATTCAAAGCGAATTACATTTTTCAATATCCATTCCTCTTTTTCTCTGATCAAATTATCAGTATTTACATATTTACCAAGCTTTAAAGGTAAAATAACAGTAATTCCAGACATTGGTGAAATTTTAATGGAAATACCCTTAGAGCGAGGACTTCTAATCACATCATAATTTAAAGTAAAAACTCCTAGTTTAATTTGGGGCATAATTATTTTATTGGTAGCTAATAATAAAAGTTTATTTTTGCACTCTGCAAAAATCTAATAATAAATAATATCTACAAGAAATGAAAAAACATTTTTTTTATCTAGCGATAATAGCTTCCTTTACTTTTGGCTTGAATGCCTGTGGTACTGGAGGTGAGAATCCAGAGAAAGTTTACGAAGAAATTACAAAAGCTGCAAGTGCTGGAGATGCTGAAGCTTTGTATGATCGCTTTGATACAAACTTAAGAGCAAGAATTGATCAAATGATGGAGATGCAAAAGAAAAATAAAGATCAAGCTCCACCAGAGGAGAAAAAATTTATTGACTCAATCCAAAATTTAAAAGGTAAAGAAGCATTCGTTAAATTATTCAAATTAAATAAAGAGAAAATGGCAATGCCATTTAAAGGAAAGTATAAAATTTTAAGCAACGATACATATGTAATAATGTCAACTCAGCATGAAGGTGGGTCACCAGATTTATTTTATATGCGTTTAGTTGATGGGAAGTTGAAAGTTAGTGCTCCACCTCAGCCATCTCCTGCTTCACCAGATATGCCAGCTCCTAA
CP065014.1_gap79	2728746	2729695	949	TTGGCTCACCTATTACATTAATAAGTCTTCCTAAAGCTCCAGGACCTACAGGAGCTGTAATAGGTCCTCCAGTATCAATTGCCTTTACTCCACGAGCAAGACCATCAGTAGAATCCATAGCTACTGTTCTAACACGATTTTCACCTAAATGCTGCTGAACTTCACAAATCAGATCCTGATTTTGTCCTTCAGTATTTGTAAATGGAATTTTAACTGCATTAAGAATTGGAGGAAGTGTTCCATTCGGAAACTCAACGTCAACAACTGCACCAATTATCTGTGCTACTCTACCTTCGTTCATACTAAAAAATATTTTATTGTAAATTTATAACTTAAGATATAATTACTAAATAGATGCTGTTTTGAATAATTTTTCAAAGCTGAGCATTTTAAAGTTGCAAATTTACGAAAGCGATTGCTTTAGGCAATTCTATTTTTTAAAGATTCAAAATTATATAGTCAAACTATATTGATTTAAATGGATTTAAAATAATTGTTATCAAATAAAACTCATAAATATATAAACATTTATTCTTTTCTTGATCTCCCAATAGAAAAATATTTAAACCCTTTATACTCAATATCTTCAGTTCTAAATAAGTTACGACCGTCAAAAATTACAGGCTCATTCAAATCTAATTTCAACATTTCAAAATCAGGATTTCTAAACTCGTTCCATTCTGTTAATATCAGTAATGAATCGCATCCTTTTGTAGCTACATACATTCCTTCACCATACTTTATTTTATCACCATATCTAAATTTAGCACCATTTGTTGCTTCTGGATCATAAGCTATAATATTTGCTCCTTTTTCTAAAAGAACATCAATAACACCAAAAGCAGGGCTATCTCTAGTGTCGTCGGTATCTGCTTTAAAAGCCAGACCCCAAACTGCGAAATTTTTTCCATTAATATCCCCACCATAATAATTCAATATTTTATCAACA
CP065014.1_gap80	2861218	2862561	1343	TCAAACTTTTCTACTAATAGTGAAATCTTAAGGAATAAAATAAATTCAATTAGCATTTCATACTCAAAAGCGAATTTTGATAATTGTTTAAAAGTTGCTAGCTCAATTTTACTAAACTCTTCAAATTTGAATAAGGAAATTTATTTGATTAGCGATTTACAAAAAGTTAATCTTTCCTCTCAAATTGATTCTTTAAAATTATTCAATAAAAATGAACGTCTTTTTGTTTTTCCCATAAACTCAAATAATAACTTATATATTGAAAATATAGGAATTGATTCTATAAAGATTATAACTTCAATTTTTGAACCAAACAAACCAATTGATGTTAAGGCATGGGTTCATAATTATGGTGCTAATACGATTAAAGATTTACCAGTTTCAATGAACATTTTTAATGACAAAGTAGCTAAAGTAAAAATTGATGTAAATCCTTATACTACAACAAATGTTACCTTATCTGGAGTACCTAAAACAAAAGGTTTTTTAAATGGATCCATTGAAATTGGACCAGATTTATTTATACCTGATAATGAAAGATTTTTTACAATCAATGTCCCTGACAAAATTAATACAGCTATAATTGGTTCAATTGAAAAATTGAAATTTTTGAAATTAGTTCTCAACTTAGATTTAAATAGAATAACCCCAGTTTTCTTTAATGAAAATTCTTTATTAAGTTTAGATTTGAAAGAGTTTAAATGTATTGTACTTGCAGACATACTTTTAAATTCAACAGATATTTTAAGGATTAAAAATTTCGTAGAATCTGGAGGGGGAGTTGTTATTTATGGAGGTGAAAATTGTGAAAAAACCATTCAATTATTATCCACTCTAGGATTACAACTTAAATCTCAAAATGCATCACAAGTTAAAATTAAATTTGGTTATATCCAAAAAACTCATCCAATATTTAATGGTGTATTTGATGAGATAACTTCTAACAATATATTAAAATCGCCAACATTTGAAAAGACACTTCCTTCTTTTTCTGGTGATCAAATTATTAAACTAATTAGTGGTGGGTCATTTTTAAGTGAAACCTACTTAGGGAATGGTGGAAAAATAATATATGTTGCAAACCCACCTGATAACGCTTGGAGCAATTTTGCTTCAAATGAGATATTTGTACCAATTGTGATTAGATCAATACTATACTCAGCATCTATTAAAGAAAACTGCATTATGGTTAACACAAATCAAAGTGTTACAATTCCATTACCTAAAAAATATTCTCTTTATGATAAAGTGAAAATTGTAAATCCAGATTCAAAAGAAGATATTTTACCTATTAGTAAGTACCCATCCGGAAGTTTTGTTGCATTTGATGAAACCAAAGAAGT
CP065014.1_gap81	2900598	2902634	2036	CATTCAATTTATATTTAACTTTGCAACAAATTATTATTTCTTGGAAGTCAAGAATTTAACAATTTATTTATCTTAAATTTCAAATCATCATAAAATGAATCCAATACAAATAGATTTAACATCAAATATATTAACTAAAAAAAAAGTTAACGTTGTTACACTTGGATGTTCAAAAAATACTGTTGATACTGAGACATTGCAAGGAATGCTAAAATATAATAACATTGAACTAACAGATCAAGCTGAGGGCTCAGACATTTTAATTATAAACACTTGTGGATTTATTGATGTTGCAAAAGAAGAATCAATCAATGCAATTTTAGAAGCTGGTGAGTTAAAAAAGCTTGGTAAAATTAAAGAGATTTATGTTGCTGGATGTTTATCTGAAAGGTATACTGAGGACATGAAACTTGAGCTTCCAGAAGTTGATAATTTTTTTGGAGTAACAGATTTTAAAGGTATTATTGAAAGTATAAACCCATTACAACCTTCAAACTTAACTGGAATGAGATATGTCCCTGAAGGCACATATTCATCATATTTAAAGATTTCTGAAGGATGCGATAACCCTTGTTCTTTTTGTGCTATTCCAATTATGAGAGGAGGGCATTCTTCAAGAAGCTATGAAGATATTCTTATTGAAGCAAATCATTTAGCTCAACAAGGCGTTAAAGAAATTATATTAGTTGCACAAGATAGCACGTACTATGGTCTAGATTTGTATGGTGAAAGGAAGCTTGCAAATCTTTTAGATAAAGTTGCTCAAGTCCGTGGGATTGAATGGGTTAGATTAATGTATGCGTATCCAGCAAAATTTCCTTTAGATATCCTTCCAATTATAGCCCAACATGACACAATTTGTAAATATATTGATATGCCAATTCAACATATTGCCGATAAAGTTTTAAAATCAATGAGAAGAGGTATCACAAAAAGAGCAACTTTGGATTTAATAAATAAAATTCGAGAAACTATTCCTAATATTTCATTAAGAACTACCCTTATTATTGGTTATCCAAATGAGGGTGAAAATGAATTCCAAGAGTTGATGGAATTTGTTGAAGAGGTTAAATTTGATAGACTTGGAGTTTTTGCTTATTCGAAAGAAGATAATACTACTGCATTTGATTTAGAAGATCCAATTCCTGAAGAGCTAAAACAAGAAAGGATGGAAAGAATTATGCAATTACAACAAAGAATATCCTCAGATAAAAATGACAAACTAATTGGAACTTATGAAAGAGTTTTCGTTGAAGCTGAAACTGAAGGCGAATACACTGCTAGGAGTTACCGTGATGCCCCTGAAGTTGATGGACAGGTTTATATTAAAACTGATAAAGTTATTAAAGTTGGTGATTTTGTAGACGTTAAAATTGTTGATGCCACAGATTACGATATCTTCGCTGAAATGTAAGTATTTAAGAAAAATACAAACCTGCTTAAAATTTTAATTAACATTTAAATCAATTTTTAAGATTGATTATTGATATTTTTTTATCCATATCTTTATCAAAAACTAATGTTATTGGAGCATCAATTTCTTTCCAAGGGTAAGTTCCATCTAAAGTAATTTTTTGAATTACTACAGATCTGTTTGGTTCTTGTTTGTTTGGTAAATTTAAATTCACTGTTCTTATTGCAGCTACTACAAGCGCATTATTTTTAACTACAATAGCATTTAAATTTTGTTCAATAGATGAATTGCTAGAAATAATTGGTTCGGGTAAAGCATCTCCCCACATATCGCTACCATCTAAGTTTAGCCTTTGTGCATAAATATCTCTATCTTGAGTTGATGAGTCATATACTTCAAATAAAAAGAAAGCTCCTCCAACACCATCAGGGAAAACACTAGGTTTCTCACATATTTTTTTTGATAATGATATATATTTTGCTTTTTTTCCTTCATTCCAAACAGACTTTCCATTCAAATCAATTCTTTGAACTCCAATCATTTGAGTGAAGATATTGTTAACAGGAACCAACATTTCAAAAGCAACTGTAATTCCTTCCTTATCTGCAGCTAAAACAGGCTC
CP065014.1_gap82	2905113	2909363	4250	TTTCAAGTAATTTTATTTCAGTTTTTAAGCCACTATCATTCATATATAAATTTTCAACCATTGCTAAAGTTTTTGCTCTTGAAATTGCTGCTAATGCTTCTTTAGTTTTACCCTCAGTGTTTAGCATACAACCGTCTCTTAATCCAAAGAATATGTTTGTAAGTGCTACAGCTTTTTTCATTCCATCATGAGTGTAATATTGTGTTCCGGGTATCAATGTTGCTTTTGCTTGATTTCTTACTTCAATAGATGAGTTATAATTTTTTCCTAATGGATCTGAATAAGAAATACTTCCCGATACTAATTCATCATTCTTTTTGATTATAAGTGGTGAACTATCATCTTTTTCATATCTTAAAATAATAGCTCCTTTATTTGATGAGAAAAAAACAGTTGGTATTTCTAGATTTGCATCTTTATCTCCCTCCTTCCAATTTGGTAACCCATAAACTGCCTTGAGCTTTAATCCTTGTGGAGTTGTAATTTTTACATTAAGATCAAATACAATTGGGGTAACTAAAAAGTCAAATTCTTTATCAAAAACTTTTGAAATTTTATCACTATTTTCTAAGTAAAAATAATTAGCACCTCTAAGCTTTGAAATATTATATATAAGTTCTTGTCCAAAATCTAAGCCAACTCCAAAAGCACTGAATCCAATTTTTTTATCTGAATATTTTTTTATTATGCTAGTAAAACTTACTGAATCTGTTGCCCCAGAATTTGGTTGAGCATCTGTGAAAAGCATTATTCTTTTGTTAGTTCCATTTACTTCTGGTAGTTGCTCAAGCAATTCATAACCCATAAATAGTCCTTGCTCAATGTTAGTTCCTCCGTCTGCATTGATTGAGTTTATAGCTTTTATTAAATCATCCTTGTTGCTCGAATTTATTTTTGTTTGAGGAATTATTACCTCTGCTGAATTTTCAAATGTTACAACTGAAAGCAAATCATCTGAGTTTAATTTATCTAATAATTTTACAATTGCAGTTTTAATAGCTTGAATTTTTGTAACCTTGCTTGATCCATCTGTTTGTTCAGACATAGATCCACTTCTATCAATAACTAAACATAGTTGCAATGGTGGACGTTTAAATTCATCTATTTTTACACCAGATGATAGCCCTAAGTGAACAAATAATGCATTTGAATTATTATCAGCAGTTGGGGCATAACCATATCCCAAAGAAAGACAAAGCTTTTCTGAACAATCAATTTGTGGAGTTAAAATATCATGTTCACTATACAAACCTTCTGCAGAAAAATCTACAAATTTAGGTACGTATCCTTCGTTGATTTGATTCCTTATGTACCCTATATCTTTTGAACCTCCTATTGTTGCTCCTAATGTTGTTGGTGAAGCCGAAGAAGAAATTAATGTTTGAATTGCCCCAACACCGCTAACTGCTTTAGGATTTATGCCTCCTGCCCTTAATTCAATTCTATTTAATGGAGATGGTGTTAATACTTCAACTTTAGATTTTCTAGTTGTATCATTCTTATCTTGGGCTATACCTATATACTTGATTGATATAAAACATATAAAAATAAATAGGCAAAATGTTATTATTCTTTTCATTAATTAATTGAATTGTTTGTTAAATTTGATTAACTTCATGACAAATATAAAGTTTTGTGTAACCCTAATTTTTTTTCAATAAAAAAAAATATATGTATAACTTTGAATATAATTGCAAACTAAATTATAGTTAAATTTTTGAACAAACTTAAAATAATAGTAGTTATAGGAACAAGACCAGAGGCAATTAAACTTGCTCCAGTAATTTCTCTTTTAAAACAACAATTACATAATGTTGTTGTTGTTTCTTCATCACAGCATAAAGAATTACTTTTATCTGTATTTTCTATTTTCAAAATTAAACCGAAGTATGATTTAAACGTGATGCTTAGTTCACAATCATCACATCATATTGCTGGGAACGTATTAATTCAATTGGAAGAAATTCTGAAGAAAGAAAAACCACAGTTGGTAATTGTTCAAGGTGATACAACTACTGCTTGTAGTGGTGCTTTAGCTGCTTTTTATTCAAAAATTCCAGTTGCACATATTGAATCAGGATTAAGAACAAATGATATCTATTCTCCTTTCCCAGAAGAAATGAATAGAAGAATAATATCTCAAATAGCTACACTTAATTTTGCCCCAACAAAATTTAATAAAAATAATTTATTAAAGGAAGGTATTCCAAATAATAAAATTTTTATAACAGGAAATACTGTTCTTGATTCATTAAAATTTATTTCTAATCATTTAAGTTCAAAGAAAAATAATTATAAGTTGGATATAGTTAACGATAAAAAAATTATTCTAATAACAGTTCATAGGAATGAGAACTTTGGAATTCCAATGAAGAATATCCTCAATAGTATCAATGAAATTGTAAATAAATATGAAGACTTTAAAATAATTTTTCCAGTTCATCCAAACCCAAAAGTTAAGCAAGCAATTAAAAAATACTTAAAACCATATGAAAGAATTATATTAAAAGAACCTATGAATTACATCGAGTTTATAAATCTTTTAAGTCAGTCATTCCTTGTAATGACTGACTCTGGTGGTATACAAGAAGAAGCACCTGCATTTGGGGTTCCTGTAATTATTCTTAGATCATCAAGTGAAAGAGGTGAGCTTATATCCTCTGGAGGTGGCTTAATTTCTGGAACTCAACAAGAGGATATTACAAATTTGACATCTCAATTAATTGAAAATAAAGTCTTGTATAAAAAGATGACTAAAAAATCTTTCCCGTTTGGGAAAAGTGGAGCTTCAGTAAAAATTGTTAAAATTATTGAAAAATATCTACTATAATCTGAATATACTTTTTGGATCAATTTCTAGATTACATATATTCGCAAGAGGAAAAAAATAAAGATATTTTGATATTCTTGCATAATATCATTATGTCGTGTTCATATAATATTGTACCTAAAATTAGATTTAAAATCCCATTTTATTATGTTAATAATAGATGGATGATTTGTCATTCAGTCAAAAAAAGGGAAATGTGAATTTAGTTTTGTATTTGGTAATAAACATTCTTTTCCAGAAAACATATTAGAATCAAAAGGAAGAAAACAAGTTAGATCTATTGCATTTGAACATAAAACTGATGTAGATGAGGATTTATTAAGTCAGATAATTTTTGAAGCAATTAAGTTAAATGAATTTCGTTTTTCTAAAGAATTTAAATCAGTTAAAAAGAAAAGTTAAAATAATATATTAAAAATAAAAATGGACGTAACACTGCACGTTAAACAAGGAGTTAGTTTGTTAGAAAGAGTATTGAGTTTTTATCCTATTATGCAAGATGGGAATGAATCTATTGTTGTTTTATCTGAGCAAGATTGGTTGGTATTAATGGATTTTATTGAGAATCCAGAAACAACAGAATTATATCCAACTAATATTAAAAACATGGTTGTTGATAGATCAATACCAGTTATTAAAATAACAACAGATAATTGTAATGTACAAGTAAAAATGGGATAACCTTTAATAACATATTTATATTCTAAACCACATTGGCTTATTTCTTGCTTTATGTGGTTTTTTATTTTTAAAAATATTCTAACAAATTCAATTTTGATTTTAATCCTTTATTTTTATTTGCAATCAACATCGATTAAGAATTACTATAAATAATTATTTATTATTAAACTTCTAAAAAATGAATAACACTAAAGAATTTGATTAATAATTATTAATGAATACATTCTCAATTACGAAAAATTTTAATTGCAAATTATTTAATAATCAATTTTATATATTCTAACAACTCAAAATATTTGTTATGAAACTAATTGGCTTTTTAACTGGAAAATTAATTATATTTTTATTTTGTTTATTTGTTATTCAAGGTTGTGTTACAACTAATGGCATCTTACAAAACGCAACTAATCTTGAATCAAAAGGAATGTATTGTGAAGCAGTTTGGAATGAGCTTACAAGGCTTGAAGATGATCCATCTTTAAAAAGAGATGAATTAATATTACGAATTGGTAATAAATGCATTTTGTCTTCAATTAATGAAGCAAAACAAATTTTAAACAACTCAGTTACATCAAATGACTTCGAGAATGTTCTCAACAAAATTAACTTAGCCAAACAAAAAGTTTCGGATATAAATTTTAAGTTTCATTCAAATATAGTTAAATGGGAACCTGCTTACCAACAACTTGAAAACCAAATCATATTAAAACTTAAAGAGGAGTTGTATCAAGATGCATTT
CP065014.1_gap83	3059946	3061624	1678	ATATATATCCACTTGGTAGATCTTTGAACTTAACTGAATATGTGCCTGGTGATAGTTTCTCGAATAAGTAATTTCCATTTGCATCTGTTGTATCTTGTTTTAATAATGTTGATCCATTATATAAACATACTATTACATCTTTTACTCCTGGTTCGCTTGGATCTTGAATGCCATTTAGGTTGTTGTCATACCATACCTTATCTCCTAATTGTGCATCTAATACCACCTTGATTGTTTCTGGATCTGAATCATCTTCATCCTTTGTTCCATCAAGTTTTCTATCCTCATTTGTTACATCATTCTTTGCTGTTCCATCATTATTTGGATTGTTATCTGTCCATGAATCGATATCTACAAACGGTCCGTATGGTGTGTTTGTTGAATCTATCTCCGATACATTTGTTATATCTCCTCCTGTATAATTTGGATCTATTCTAAATCTGATATTCATCTGATATGATGATCCTGGTGGCAATGTTGCAAAAAACGGTCTTGTTGTTGTGTTGCCTACTGGGATTGTCCATTGATTATCTATTAAAATAAGTCCACTTGGAATATAATCTGTTACCTCTATATAGTTTGCAGGTATTGTTCCTTGGTTTGTTACTTCTATTACATAATTTACTGTATCCCCAGGACTATATGAACTTGGTGATGGTTGTTGAATCTTCTTGGTTAATGCCAAGTCAAATCTATCTACTCTTACAGGTTCAATATCATGATCATCCTCATCATCATTTGGATTGTTCTTTCCATCCTCATCTATCATATCGTTCTTTGCTACTCCATCATTATTGATGTCGTTGTCTGGATCTGAATCGATATCTACATACGCATTTGGTGTTGCTGGATTATCATCATTATCCGCTTTGCTTACCTCCGAAGTATTTACTAGTAAATCTCCTCTGAAGTTCGGATCTATCTTCAATGTTATACTTAACATTTGACTTGTATTTGGCATTATTGGTCCCGCTAATGTCTTCGTTACCTTTCCTCCTCCTACTGATGTCCAACTTCCATCATTTAATGTGAAGTTTGATGGTATATAATCTGTTACTTCTACATTATATGCAGCTATATCTCCTTGATTAAATACCTCTATTTGGAATGTTACATCACTTCCTGGTACAAATGGTGATGGTGTTGCTGTGAAGTCTATCTTCTTGCGTAACGCCAAATCAAATCTACAGAACTTTGTTCTAAATGGTCCGTAGTTTAATGAATATACTCCATTTGGACATGTGCTGTTCCATACTTTTATTACGATATTCTTTCCACTTAAGTTTGTTGTTGCAATTATACTCTCATCTATTGTCTCTGTTCCTGTGCCACTAACTATTGTTACTGGTGGTTCTAGTGCTGTATAGTTGCCCCCTTGCTCACAATATATTTGATAACTTACTGGATACAATGCTGTTTGTATTGTTGCATTTACTTCAAATGTTTCTCCTATACATACCGGTTGTGGTGTGATTGAATCTATATTGATTTTTGGACAACAATTGTTTCTTACTGTTAATGGTCCTGCATTTATTGCAAATACTCCAGCTGGACATATTCCATTTGTCCATGCTTTAACTGTGAAGTTCTTTCCGTTAAATGCTGTTGTTGCTACTACATCCCAATTTACTGTTGCTGGGGATGTACCACTTAATACCGTCATTGCTGGGCTTACTGG
CP065014.1_gap84	3120885	3122192	1307	GCAACATAGAGGGACTATGGGAAGAGACCATTATGTAAAAGTAGTTTATGCTGGTTACCTTTTTCCATTTGGACATAAAGCTTCTTTAGTTAAAGTCACTGAAAGAAAATTTCATAATGATGTACCGGGGAATGTTGCGTATTTAAGACAAAGGATGTTTTTGATTGTTAGGGAAAAAGTGAGAACTTATAATGCAGAAGTAACTAGAGTACATGAAGAAAGTGGTAATGTTAGGGCTGATTTTGAAATGCCATTGAAAAGAGTTGAGATAATGACTGCTGTTACTCCAAACCTTGATAAACCAGAGGGACATGATATTAACAGCTTTTCTCAATCTGGATTTTGGCCTTATGTAGCAGGTAAGCCATTTATTTTCCAAATTAACGCTGAAGATATTGGAGGTACTGTTGTTGAGCTCAATATGCCTTTAGTGTTTGTCGAGAATAACATTAATGCTGATTCATCAAAATTAAATAAAATTGTAGAAGAATATAATAAAGATGACAATTCAACAAAAGCTCTAGTAGAAGTTAGTACGGGTGGAAAAACTATAATGTTTGCCCCAAGTGCTAAAACTGGAGATACATCTTTTGAAACACAAAAAATAAGGTTTGCTGGTTACTCAGTATCGAGAAGAGATAATTTTTCTAATTTTCATCCAATTGTAAAAAGAACAGCTATCATTGTCCCAGCAATGAAAGGGATTACGGGGAACACCACACCAATAAATGTAGGTTTTGAGAAAATATTTGCTCAAAGTGGATTTGATGGATCTTCAAATAAAGGTGAAGTTTTTTTAAAAGCTCTTTCTAAAAATGTCCTAAATTTTAGCGATGTTGGTGATAGAGCTGGAGCTTTTGCAAAACCAAATATTGATGTTAAAGGGTTATCTAGAGTAATGGGTCCTATTGGCTCTAAAAATGGCGACTTGTCTTCAATTGCTGGTGGAAACTTTGATCCTAAATCTCACTTTGCTGGATTAATGGATAGTTTTTCCCCAAAATTGTTTGGAGTTTTTGATTTATGGGATATATTATCTGCTGTTGGTCTTGATGTTAGAGAAGCAGTTCCAAAGCTATTAGGTGGAATGACAGAAAATGTTGAAGGAATGGTAAATAATTTCAAAACTCTTTTTGAAATTGCTCAATTCGTTCTTGACTTAGCAACTAATGATCCAATGGGCAAGGGTGGTGATCCAATAAATGAAGGATATTCAAAGGCTGCTGAAGTATTTAAAAAAGCATTTGATGCAGCTAGCACTCAATTCACATCAGTAATAAATGGATTAGTAAATAAGTTAAAAGATC
CP065014.1_gap85	3152395	3152895	500	TATTGATCTAATATCAGTACTAGATCTTCCATCAAGCCTTTTATTTTCTGATAAAACCATTTCTCTCATTGCAGAACTTTCAATATCATGAAGAATAGTATCAACAACGGAAGTTGCATCAAAATTATCATCAAGTTGATTGAGATTTTTTCTGAAACAGCGAGCTCAACTTCTTCTCCTAGAATTTTGCGTCTTGCTTTACGTTCATCTTTAGAAGACAGGGTACGGGCTTCAGTAAAGTATTTTATCGTAAAAGAATCATTCCCGATTGCTAATTTCAGAAACATCTCTTGATTCTTTTACTGTTATTGGTGTTACTTCAAACATTGCAACCAACTCACGTTGCAAATCATTAATCTCTTTAATATATTTGTGGCTAAACTCAAAGAGCCTCCACTTGACAGCTCTTCACTAATTTCTTTACATTCACCTTCAACCATAACAATTGAAGTATCAGTACCTGAAACAATAATTTCTAAGGTTGAATTTACTAATTGAGG
