gap_id	start	end	length	sequence
CP069362.1_gap1	14512	17776	3264	TCAATGCAAGAAGCTGTTTGGACAAAAATTAAAAAGATGAATGTTGATGGTGGAGCTACAAAAAATAGATTATTAATGGAAATTCAAAGTGATTTGATTAATGCAGAAATATTTGTTCCTGAATTCCAGGAAATCACAGCGTTAGGTGCAGCATTTATGGCTGCTATTGGTTCAAAAAATATTTCTATTAATGACATAAAAAATTTGCATTTTTCAGGTATAAAGATAATGCCTAACAATTCAGATAAAATAGAAAAAGAATATTATATTTGGAAGGAGGCCGTTCTAAGATCAAGAGGCTGGATAAAATCAACGAATATAAGTTATTAGAAATAGCAAAAAATATATCTGAATATGCTTTCCCTGGAATGATAGTATTATTATATGGTGATTTGGGTACTGGTAAAACAACTTTCACAAAAGGTTTTATTAGAAGTCTTTTAAAAGATGATTCATTATCAGTAACATCACCAACTTTTGCATTAGTTAAAGTATATGATAATGATTACAAAATATATCATGTGGATTTATATAGACTCTCTGATCCGGAAGAAATTCCATATGTTGGTCTTTTTGAGGATTCAGAAGGTATATATTTAATAGAATGGCCAGAAAGATTAGATTATTATATTCCAGACGAATATTTAGAAATAAAATTATATTATAACATTGAAGATATGACAAAAAGAGATATAGAAATTGAAGCTATAGGTGAAAAATATAAAATTTTCGAGGAGGCTTTAAAATGAAAATAGGTATTTTAGGATTACCTTTAACAGGAAAAACTACAATTTTTTCCCTTTTGACAAATAAACCATATGATGGCAGTTACAAGCAAGATGCTGAAGAAAGAGTAGCAAATGTTATGGATGAAAGGCTTGAAAAATTAACTGCTATGTATAATCCAAAGAAAACAGTTCATGCTACCTTAAATTTTATTGATATTCCAAGTTATAACACATCTGCAGATAGGAAAGAAAAAAATAGAATATTACAAATGATTCAAACTGTTGATGCCATAATATTAGTAATAAGAGCATTTAAAAATGATTCTGTTCCTTTCCCAGAAGGTGCTGAAACGCCAACAGATCAATTGGACACTTTAAAGACTGAACTTATTATAAGGGATTTGGAAGTTGTTGAAAATAGATTAACAAGATTAATAGAACAAAATAAAAAGAAAAAGCCAACAAAAGAAGAGGAAAGACAGGTAAAGATTTTAAATGAAATAAAACCTATTTTAGAAGATGGAAAATTTGCTTCAAAAATTGAGTTAAGCGAAGATGACAAAAAATTAATTAGTTCTTTAGCATTGTTTACGCTAAAACCAATAATCACAGTAGTAAATGTTGATGAAGATCAATTAATGAGTGGCGAATATCCTGGAAAAGATGAATTGATTAATACATGTAAAGAAGAAAACTTTGCATATATTGAAATTTGTGGAAAAACAGAAGCTGATTTGATTGAACTTGAACCTGAAGAAAAAGAAGAATTTATGAAAGAATTGGGTATTGAGAGACCTGGTATCGCAAGATTGTCTAAAACTGTTTATGATCATTTAGGATTAATAACTTTCTTTACTGTTGGTGAAGATGAAGTGAGAGCCTGGACGATTAATCAAGGTACTACCATGAAAAAAGCTGCCGGTAAAATTCATACAGATTTAGAAAAAGGATTTGTAAAAGCTGAAGTTATGCATTATGATGACTTAATTAGATTAGGTTCAGAAGAAGAGGTTAAAAAAGCTGGATTATGGAGATTAGCTGGAAAAGAAGAAATTGTAAGAGATGGTGATATATTAACTATAAGAGCAAATGCATAGGAGGAAAAGATGAGAAAACCATTATACGAAGTAAAAGATTTTGATTATTATTTACCAGATGAATATATAGCTCAAAAGCCTGTTGAACCAAGAGATTCATCCAGACTAATGGTTTTAAATAGAAAAGAAAAAAGCATTGAACACAAGATTTTCAGAAACATTATTGATTATTTACATCCTGGTGATTTATTGGTTGTAAATAATACCAAAGTAATTCCTGCCAGATTATATGGTCAAAAAACAACAGGTGCAAAAGTAGAAGTTTTATTATTAGAAAAAACTCATGAAGAAAACACATGGAAAGCTTTGGTAAAACCTGGTTCTAAATTAAAAACGGGAGCAGAAATTAAATTTTCAGATAATTTATTTGCAAAGATAGTTCAACACAACAACGATGGTTCGAGAATAATAAAATTCTTTTCAAATTCTGATGTTTGGGAAGAAATTGAAAAAATAGGTAATATGCCTTTACCACCTTATATAAAAAATTATAATGGCCCAAAAGAAAGATATCAAACTACTTATGCCAAAGTTCAAGGTGCTGTAGCCGCACCAACTGCAGGGCTTCATTTTACAAAGGCATTAATTGAAAATATCAAAAATAAAGGAATTGAATTTGCTGAAGTTACTCTTCATGTGGGTTTAGGAACTTTTAGACCTGTAAAAGTAGATAACATTGAAGAACATGAAATGCATGAGGAATATTATGAAGTTCCAGAAGAAACAATTAAAAAAATAAGAGAATATAAAAATAATGATGGAAGAATTATCAGCGTTGGAACTACAGTAGTCAGAACCTTAGAGACTATAGCTAATTTACCTAAGCAGGATGCATATATGGGAACAACTGATATTTTCATTTATCCACCATATGAATTTAAAATGATAGATGCTTTAATAACTAATTTTCATTTACCAAAATCAACTCTATTAATGTTAGTTGCAGCTTTTGGAGGATACGATTTTATTATGAATGCTTATAAAATTGCTGTTCAAGAAAAATATAGATTTTTTTCATTTGGTGATTCAATGTTTATTTATTAATATAATTTCACATGGGTGGTGGGGTGGTTTGAATAAAAAAACTATTGGAATTTTATATATGCTATTAACTGTTATCTTTTGGGGTATCTCATTTGTTGCTACAAAAATAATTGTTCAAAATATTCCGCCTATAACAGCGGCTTTTTTAAGATTCTTTTTAGCTACTGCTGTATTATTAATTTTTATTAGAAAGGAAATTAAATATACAAAAAAAGAATTATTATATGTAATGCTCTCTGGTTTTTTTGGTGTTACTGCGTATTTTTTGTTTGAAAATACCGCTTTGCAATATACGACTCCCACAAATGGTTCTTTAATTATTTCTGCGACACCTGTGATGTATTTGTTTTTTTCTGACATTTTAAAAAAATCTTTTTCTCATAAAATGAGATATT
CP069362.1_gap2	18972	21165	2193	TAGAATCTACTCAATTTGAAATTGATCAAGTTGCAAGAAACCCATATGCAATTGCCTATGTTGGTGTAGGTTATGTAAATAATTCTGTTAAAGTTTTGAAAGTTGAAGGTGTTGAACCAACAAAATTAAATGTTTTAAAAGCAACTTATCCTATTTCCAGACCATTATACATGTTTATTGATGTAAGCAATGGTTGGCCAGAAACAGGAATAATAAAAGAATATATAACATTTGGATTATCCAAAAAAGGACAAGAATTAGCAGAAAAGGCTGGATATATTGCAGCATATGGATTCTAAAAAGGAGTGTTTTAGTTGAGAGAGTTTAAAAATAAAATAAATTCTTTAATTATAAAAAGTGTTGCATTAACTGGAATTATAGCTTTAATATTAATTTTTGGATTTGTTATAAGGGAATCCATACCAGCTTTAAAAGAAGCTGGTATGGAAATTTTTACGTCATTTGATTGGTATCCTACATATGATCCACCTTCATTTGGTATATTAACCATGTTAATAAATTCTATACTTTTAACTATATTTTCTTCATTAATTGTTTTACCTTTAGGATATATTGTAGCATTTTTCATGTATGATTATGCAAAAAATTTTGAAAAAAGAATGATTAAAGGAGCAATAGATTTACTATCTGGTGTCCCATCTGTTATTATAGGTATGTTTTTAATAATATATGTTTCTCCATGGATGCTTGAAATAGGCGCATGGTCACCAGAAAATATACTACTTGCATCAATTGGTTTAACTATTCTTTCATTACCCTATACAGCTTCTTTAATGGAAGAAGCCATGAGTTCTATTGATAAAAGCCTTAAAGAAGGAGCTTTAGCATTAGGGACAACAAGATTTACTGCTGGTTTTAAAGTAGTTTCTAAAGCGGCATTACCTGGAATTTTCAATGCAATTATATTAACTATAAATAGAATTATTGGTGAAACAATGGTTGTATTAATGGCTGCAGGAGGTGCTAATATGCTTCCACTTTCTATTCTTGATCCTATTAGGCCTTTAACTGCAGCTATAGCAAGTGAAATGGGAGAAGTAGAAATAGGAAGTATTCATTATTCCGCTTTATTTGTTTCTGGATTGGTACTACTTACAATATCATTTATACTCACCTTAACTTCTAAAAGACTCTCAAGGAGATGGAGCAAATGAGAAAAGATAAAATAATTTCTTTAATATTTAGAATAATAAGTTATATAACATTTTTTAGCATAGTTTTTATATTTATTTTTGTTATATTAGATGGAATAAGATATTTTTCGATAGATTTTTTTACTCAATTTCCCAAAAATATGATGACTGAAGGCGGAATTTTTCCAGCTATTATAGGTACAATTTATCTTCTTTTAATGACATTAATAATTGCAATTCCATTTGGTGTATTAACAGGTATATTTTTATCCGAATATGGAAATAATAAAATTGGAAGATTATTAGACACAGCTATTACATCTTTATCCGGTGTTCCTTCTATAGTATACGGATTATTTGGATTAGCATTATTTTCTATAACGATGGGATTAAGAACATCATTAATATCAGGTTCTTTAACTTTATCTATAATGGCTTTGCCAATTATTTCTTCTTCTACAAGAGAAGCAATGAGTTCTATTCCTAATACAATGAGAGAATCAGCATATGCATTAGGGGCAAAAAAAACTGAAGTTATATATAAAGTATTATTACCTGCAGCAAGATCAAGAATAATAACTGCTATTTTGATTGGTGCTGGTAGAGTTATGGGAGAAACAGCACCTGTGTTATTAACTGCCGCTGTGTTTTATTCAACGCATATGCCTAAATCTATAAAAGATCCAATTATGACTTTACCTACACATATTTATAATGTTGCTATGGCTTATGGTGAAGATGCTCAATGGATGGCAAAAGGTACAGCATCATTTTTAATGTTATTAATATTAGTTATATACTCAATAGCATTTAGAATAAGGAGGAAGGTTAATGATAAATGATGTAATTTTAAAAAATGATGATATAATCAAAGTAAGGAATTTTAATGCATGGTATGGTGATAAACAAGCTTTAAAAAATATAAATATAGATTTTAAAAGAAATAAAATTTCAGCTATTATTGGTCCATCTGGCTGTGGAAAATCTACATTATTAAGAAGTATTAATAGAATAAATGATGAAATTCCGACTTATAAAA
CP069362.1_gap3	35195	39784	4589	CATATTTAACTTCAAATTCAATATCCATCATTTCACCTCCTTGAAAATAAAAAAGGCCACACTTTTTAAGTGTGGCCTTAGGATTACCTTAAGTAAAATATAGCTATACACCGAACTTAAGGTGTTGTGAAGGCCACACCTTGGGTTCGGGTTGATTATTTAATGTATTTATTAAATTAAATAAAGAAAGGATAAATATTTTCATTACAATAACCTCCTATATCTATAAAAATTATAGATAACTTTTAATGAATTCTAACATATATATTATTAAAAGTCAAGTGAATTTTTACAATTATATTTTAGTAACTGAATTTTAAATATATTTTAATTATTTCCCCAATTATAATTTAATATCCATTCTTGTTTTAATTCTTCTAATGTTCCATCTACTTTCAATGTCTCTATAACAGTGTTTAACCATAAAAGTAAATCTATATCTTTTTTGTTCACAGCTATACCGAGGTTTTCTTTTGTTAATAATTCATTAATCATTTTCATGGAAGGATATTTTTTTACTAAAGTACCAAAATATAAATCATCAAATACCATAGCATCAGCTTTTTTTATAATTACCTGATAAGCAGCAGCATCAACAGTTTCAAAAGTTAGAATTTTAGCTTTTGGAAACATTTTCCTTGCAACAATTTCCCCAGTTGAACCCAGTTGGACAGCAATTTTAACTTTAGACCCCATATTTTTAATGTCTTTTATTGTTAAGTTGGAATATTTTTGTGAATTAAACATTAAAGCCTGTCCAGTTTGATAATAAGGTATTGTAAAATTAACTTTTATAGCTCTTTCAGGAGTTATAGTCATAGCAGCCAAAATAATATCAAACTTATTTGCCATTAAAGCAGGAATTATCCCATCCCAATTAGTTATAACAAATTTGACTTTTACACCTAAAAAATCTGCTAAAATTTTCGCAAAAGCAATATCGTGTCCAATTCTTTTACCATTAATATCAATTCCATAGAATGGGGCATAAGCAGGATCCTGACCAACTAACAAAACACCACGTTTTTGAATTTCTTCGATTTTTCCACTAAATATGCTAATTGAAATAATAACTACCAAGATAAATAATGCTAATTTTTTCATAATATCTACCTCCTAATAAAGTTTTTTTAAATAAATAAAAAAGCCACACCAAATTATGGCGTGGCCTCTGATTTTCCTTGAGCAGCATCACAACTCAAGGTGTCAGCCTGAGGCCACACCTGAAATGATGATGTTTGAAGTTTTGATTTGATTTATAATTATAGGCAAAGAAAAGTTTTTCCATATTAACCACTCCTATACTCTAATTTTTAAGCTATTTCGTATTTTAATTCTGTTTTGAAAAATGTATCGGGATCCATATTTTCTAATATTTTCCCATCTTTCATAAATATAATTCTATCTCCAGCTTTTTTAGCAAAATCAACTTCATGTGTAACTACTAACATCGTTTTTCCGCTATTAGATAGTTCTACCATTGTTTCTTTTACTTCATATACTAAACTAGGATCAAGTGATGAGGTTGGTTCATCAAATAATATTATTTCTGGGTCCATCGCTAAAGCTCTTGCTATACCTGCCCTTTGTTGTTGGCCGCCTGATAATTGAGAAGGAAAATTATAAGCTTTATCTTTTAAATGAACTTTCTCTAAAACATTAAGAGCAATTTCATATGCTTCGTCTTTTTTCATCTTTTTAGTTCGTATTAATCCCAATGATATATTATCTATTATTTTTAAATGAGGAAATAAATTATGTTGTTGAAAAACAAAACCTATTTTTTGTACCAAGGTTTTTCTTGAATAATCATAAATATTTTTTTCTTCTAAAGCAATTATTCCTTTTTGATATTCTTCTAAACCAGCTATACATCTTAATAATGTTGATTTTCCAGAACCTGATGGGCCCATTATTACTAATACTTCTCCCTTTACAACTTTAAGATTTACACCCTTTAAAACCTCAAGGTTTCCAAAACTTTTCTCTAAATTTTTTATTTCAATCATACTATTGCAAACCTCCTTTCAAAATATTTCCCTAATAATTGCAATAATGCAGTTATTGTAAAATAAAATACTGCTACTGTAATATATGACTCAAATGATGCAAAGGAAGAGGTGGCGATTTGTCTTCCTACCATTGTCAATTCCTGTAATGCTATAACAGATGCTAGAGAACTATCTTTTACCAAGCTAATAAATTGTCCTGTTAATGCAGGTAACGTAGTTCTAAAAGCTTGAGGTAATAATATATCTATATATAGATAAAATGTATTTAATCCTATTGTTTTTGCTGCTTCAACTTGACCTTTTGGTACAGCTTCAATACCACCTCGAATAATTTCAGACACATAAGCACCTTCAAATAAAGATAATGATACTATCGCACCAATCATTGCACTTATTTCTATCATTGAACCTATACCATAATAAACAATCAATATAATAACTAATAAAGGTATATTTCTAAAAATTGTTGTATATGTATTTGCAAATTCTTTTAAAATTTCGTACTTAGATGTTTTCATAACCCCAAATATTATCCCTATAATCATTGCAAAAAATATTGAAAATACTGATATTTTTAAAGTCATATAAAAACCCTCTAAGTATAGATTCATATATTTAAAAGGAACCTTTTGCCAATTAAACGGATATGTTTTTGACATTTCAATATAGAAGACAGCTAGAATAATTATTAATACGGCATAAGCTATAAATTTTTGTATGTAATTTTTGTTCAACTTATTCACCCCAATCGTAGTCTACCATCCATTTTTGTTTTAATTGATCTAATGTTCCATCTGTTTTTTTACATTCTATAAATGTGTTTATCCATAATAATAAATCTAAATTTTCTTTTTTTACAGCTATACCTAATTTTTCTTTGTTCAATAATTTACCAATAGTTTTTATTGATGCATATTTTTTTGAAATTGATCCATAATATAATTCATCAAATACTAATACATCCGCTTTTTTAGTTATTATTTGATATGCTGCAGCATCAACTGTTTCAAAAGTTAATATCTGTGCTTCCGGGAAAAACTTTCTTGCCGCAAATTCACCAGTTGTTCCTAATTGAACAGCTATTTTAGCTTTTTTACCCATTTTTTTAAGTTCATCTATAGTGATACCATTTGGATATTTTTGTGTATTATAAAATATAGTTTGTCCAGTTTCATAGTATGAAGTTGAAAAGTTAACTTTTATAGCTCTTTCAGGAGTTATTGTCATACCAGCTAATACAAAATCAAATTTATCGGCTAATAATGCTGGAATTATACCATCCCAATTTGTAATAACAAATTTCAACTTAACGCCTAAAACTTCTGCCATCATTTTAGCCAAATCAACTTCATAACCTATTCTTTCACCTTTAGTATTTACACCATAAAATGGTGCATATGCTGGATCTTGACCAACTAATAATACTCCACGTTTTTGAATTTCTTCAATTTTACCGCCAAAAATAGTAATAATGGAAACGACCATAATCAATACAACCAATAACTTTTTCATAATCTCTACCTCCTTATATAATTTTCTTTTAAATAATAAAAAAGGCCACACCAAATTATGGTGTGGCCTCTGATTTTCCTTGAGCAGCATCACAACTCAAGGTGTCAGCCTGAGGCCACACCTTGAGTGATGTCTTAATATTATATTTGAGTTAATATTATTAATAATTAATAAATAATTCTTTTTCATAATTTCTCCTCCGGAATTTTTTTCTTATTATAGCATAAATTTGTTCTCATGTCAATGTATTTTGTAATTTTAATCTTTTATTAACTTTTTGGTAAATTTGATTTTTTTTAATAAAAATGATATAATTACAATAGCGTAGAAATTACAAGGGGGTGTTTTAATGATATCAAAAACTATGGAAGAAGCATTAAATAAGCAAATTAATGAAGAAATGTTCTCTGCTTATTTATATTTGTCAATGGCTGCCTATTTTGAAGAAATTGGCTTAAAAGGCTTTTCAAATTGGATGAGAGTACAATATCAAGAAGAAACATTTCATGCAATGAAAATGTATGATTATTTATTATCAAGAGGAGGAAGTGTTAAACTTCACGCAATAGCTGAACCTCAAAAGGAGTGGAATTCACCATTAGAAGTTTTTAAAGCTACTTTAGAACATGAGAAACATATTACTAAATGTATAAATGATTTAGTTGATATCGCAGAGAAAGAAAGAGATAGAGCTACATTTAATTTCTTGCAATGGTATATTGATGAGCAAGTTGAAGAAGAGGCTAATGATGAAGAAATTATACGCAAGCTCGAATTAATAAAAGATAATCCAAATGCTTTATTTATGTTAGATAGAGAATTGGCATCAAGAGTTTTTAACGAACCAACGACAAAAGAATAAAAACTAATAAAAGCATCTGTGTTTAACAGATGCTTTTATTTATACTATTTATAAAATATTTTGTGTTTAAATTAAGTTTATTTACAATTTGTAATAAAAACATCTGTGTTTTAATAGACGTTTTTATTATTGTGTATATTTTTCAAGATATGATGGAATCCCATTGTTGTTGATTATATTGGAAAATATTTTCCCGCTTGATC
CP069362.1_gap4	47665	50247	2582	TTATCATTTTAAAGAGAACTTCAAATATCTTAATTGTAAAAAAACAACTTTAAGGAGGGGGATGTTATGTATTTATTGGGTATTATAACGCTATTTATACTTATTTTAGCTGCTACGAGTTTAAAAATTATTAGGCCATATGAAAAAGGTTTGATTGAAAGATTAGGTAAATTTCATAGAGAAGCACAACCAGGGTTACAATTTATTATTCCATTTCTTGACAGAATGATAAAAGTAGATATGAGAGAACGCGTAATTGACGTTCCACCACAGGAAGTTATTACTAAAGATAATGTTATTGTTACTGTAGATGCAGTTATTTATTATGAGGTAACAGAAGCTTTTAGAGTCATATATAATGTAAGTAATTTCGAAATTGCTGCTATAAAATTAGCTCAAACAAATTTAAGAAATGTTATTGGTGAATTGGAATTAGATCAAACATTAACTTCAAGAGAAATGATAAATACTAGATTAAGAGAAGTTCTAGATGAAGCTACTGATAAATGGGGAGTTAAAGTTACAAGAGTTGAAATCAAAAAAATTGATCCTCCAACTGATATTATGGATGCTATGAGTAAACAAATGAAAGCTGAAAGGATGAAAAGAGCTGCTGTTCTTGAAGCAGAGGGATATAAACAGGCCGCTATATTAAGAGCTGAAGGAGATAAAAGATCTGCTATTTTAAAAGCTGAAGGGCAAGCAGAATCAGTTAAAAGAGTTGCAGAAGCACAAAAATATAAGTATGAAGTTGAGGCCGAAGGACAAGCACATGCTATTATAAATGTATTTAATGCTATTCATGAAGGAAAACCTACAACAGATCTTTTAAGAGTAAAATATTTAGAAGCATTAAAAGAAATGGCAAATGGAAAAGCTTCAAAACTATTTATACCTTACGATGTTATTGGTGTCCTTGGTTCAGTAGCTACTTTATTTGAAGCAAATTCTGCTAAAAAAGATATGATGAATGAAGAAAAAGGGAAGGAGAAATAAATAAATGTTTTATTTTTGGTACCTTATTTTTGAATGCTTCATAGCTTCTTTTCTGGCATTTTTTATCGCACAATATTATATAATTACGAATAAAAAATTCCCTTATATTTTTGAATTAATGAATATTTATAATTTTGTGGCCATAATTTTAATAATAAAAATGGTCAGCGCTGATTATGTAAAAATTACTAATTTTTTGTTATTTATTTCATTGATATTATTTTATGTAAGGTTTTATTTAACCGCTAAAGATAAATTTGATAGTAGATTTAGATCTATGATTCTTTCATTTGGTTATACAAGAGAATCCTATTTTTATAAGTTTTTAATGAAGAGAATTTTGGTCAGAGGGTTAGAAGGTTTTTCTTTTTCAATCGCACTAATATTACTTGTAAATAAGATTCCATTTTGGATTAATTTAAAAAATAATTTAGATGAATTCTTTTATATTATCTTATTTTTAATTGGTGCTGGAATAGTAAAATCTACAAATTTCGGTAAAATTTCAAGGATATGAAAAAGCGGCCATTTATTTAAGATGGCCGCTATATTTTTTCTCGTTGAACTTTATACCATTGTCTTTCTTTTTTATTCAAATTAAAAAACGAATTTAGTAATATAACATACTCAAATATCAACATTAAAGGTGTTGTTATAAAAAGACTAATTATTAATTTTAACAAATTTCCTGTTTTTACAGTGGTTAGTATAGCTGATCCAATGCTTAATCCCCAAAATACATTCAAATAATTCCTTAGCAAAAACATACCAAGTCCAATATCTTTTAATAAAATTATAATAGATATTATTGGAAATACTATTATCATCAGAATTAATAAATTTATAAAGAATATATTAAAATCTTTATATTTTAATGCCTTTATTAGTTCTTCAACTCCACCTAAATACCATCTTTTATGTTGAAAAAAAAGATCTCTGAAATTTGAAACATATTGGATCATTACTTTCGGTGAAATGATGAATATTTGATTGATTTTTTCTTGGTTTAACTTAATAGCTAAATGAACATCATCTACTAATGTTGCATTGTCTAAGGGTAAAACTTTTTCGAGAATATTTTTTCTAATAAATACTCCATTCCCCATAAAAACTACTTTAGAAAAAATATTTGAATATAAAATATTCCTGCTAAATTCAAAATATATTTCTTGATAATCAAAAATCAGTTTTTCTTTATAATTATATGCTTCAAAATCTACATACGTCATATTTATTTTAGGATTATAAAAATACTTTATATGTTCTTCCAAAAAGTTCTCATCAATTAATGTATCTGCATCCAAAAATAATACTACATCACCTGTAATATATTCAAATGCTTCATTTATAGATTGAGGTTTCCCTTTTTTCCCTTTCTTTTTTACTATTTTAATATTATCAAATCTATTTTTTAGTTCTTTCAATATATCAAATGTTCTATCAGTTGAATTATCATCAATAACTATTATTTCAAAATTTTTATAATCATTTTTCTCTATACTTTCAATGCTTTTTTTGATAACTTCTTCTTCATTATATACAGGTATTACAATCGATATTTTCAAAATTCTATCAGAAATTTTTTG
CP069362.1_gap5	150729	152340	1611	TATTAATTTCACTTCGCCTGACCCTTTATCAAGCATTTTAGCTATTTCATTTACACTCATTCCTTTATTGTAATAATCAATTATTTTTTCTTTTAAAATTTGCTCTGGACTTTTTTGAACCCCATGTTTTTCCTCACTTGATTTTTCATTTTTAAACGTATTTTGAAGATTGTAATATTCGTTTGTTACTATCTTTTTCTCTTCTCTTTTTATTTCTGGAACTTCGATATTTCCAGAATCAACACTGGAAAAATGAGATTTTTCTTTCTTTACTCTTTCAAATGTTTTAATTCTTTTTAATTCATCATTCTTTTTTTCCAAATCTGTTAACATAGAAAATGATTTCATATAAGCTTCATCTGCGTCTTTTATTAATTGATCTAAAATTTCAATTTTATTATCTAATGCTCTTAACCTTGAAGATGTAATTTTTTGAAATCTTGCTAATAAAGTATTTGATTGATCCTCAATTGAGGAATCAATAGATATAGAAAAATTATTAAATTTTCTCCATAATGATATTAACAAAGATAAATTAATCAAAGATACAATTGATAATAGTATTAACCATATAAAAATAATGAATGTTACCATTTTTACTTCCTTTCTAATATTACATCTGGAAATTGAATTTCACCAGTATTCTTCCACAATAAATATTTTTCTGTAATCTCTGTTGGATTAGGTATTACCTTAGTAAATTCCCAATTTTCGGGTTTATATATATATAATGTAGCATTTTCTAAATTTATTTTCTGATCGCTTAACGAAAATTCATATTGATTGTTTCCAATTTTCTGAATAAATCCTTTTATTTCTGATCTTTCCACTACATTTATTTTATATCCATCACTTACTGTTACTGTAGATTGAACACTTATTAATTCAAAATTTCTACCTGTTTTTTTAGTTAAATTTGCAATAAAGTCTTCATATACTTTTCTTTTTTCAGAATCAGGCTTTTTATAACTGGCTAATAACGTATTATATGATTTTTCATCCTGAGCTTGAACAACAACTTTTGAAAGCATAACTACATTACCATTATCTTTTATATAATAATAATTATCATTACCTACTATGTCAAAATTCACTCGAGCATTTTTAGCCATAAATATATTTATAATACTAATACCTGCTATGAATATTAAAGCTATTATGATAAAATTCGTCGATCCTTTTTTTTGTGGTTTTTCTGACATTCAAATACCTCCTTGAAATTTTATATTTTCTTATTATATAATACCACAAAATGTGGTAAAATTAAAGGAGTATCTGGAAAAAAGGAGGAGATTACATGAGAATATTGAGTGGAATGCGTGCAACTGGAAAATTACATTTAGGACATGTTTTAGTTCTAGAAGATTGGAAAAAACTCCAAGATGAAGGTAACGAAACATTCTTTTTCGTTGCTGATTGGCACGCTTTAACTACCCATAAAGAGGAAAGCCATATAATATATCAATCTACTCTTGATATAGTGCGAGGTTATTTAGCAGCAGGAATAAATCCAGAAAAATCTGTTATTTTTGTTCAATCTGCTATAAAAGAACATGCTGAACTATACTTATTATTTAATATGCTTGTTTCTGTAAGCAGATTAGAAAGGAT
CP069362.1_gap6	162620	165267	2647	AATGAAGAATGGAATATTATAAAAAAACACCCTAAATACGGACTCATAATATTGAATAATTTAAAAATTTACCCTTTTCTAAATATCGGAAAAATTATTATTTCACATCATGAAAAATGGAATGGTAAAGGCTATCCCTACGGATTATCAGAAAAAGAAATACCCCTTGAAGGCAGAATCGTTTCCATTGTTGATTCATTGATAGCTTTAATTACAGATAGACCATATAGAAGCGCTTATTCATATGAAGATGCTTTAAAAATAATAGAATTAGAATCAGGAAAAAGTTTTGACCCAGAGTTAGTTTCTATTCTTTTAAAACACAAAAACCAAATTAAAAATATAATAGAACAGGAATTAAATAAAAAATAGCGGCCTAGCCGCTATTTTGATTTTAAATACATTGTCAAATTCATAATATCTGCAGGTGTTATTCCAGGAATTCTCATTGCTTGACCAACCGATTTCGGCCTTACTTTACTTAATTTTTCAACAGCTTCGAAAGCTAAATTTGGTACCTGTTTATAATCTATATTTTCAGGTATTTTCTCTTTTTCCAGATTTTTCATTCTTTCAACATCTTCCATCATTCGTTTTATATAACCACCATATTTTATTGATATCTCAACCTGTTCTAACAACTCAGAATCTTTAATTGGCATTGGATCAAGTTCTATTAAATCTGCATATAATACTTGAGGTCTTTTTAATATTTCATATAAACTCATACCGTTTTTAATTGGAGATGTTCCTTTTTTAACCAAAATATCATTTATTGTATTATTTGGTTTTACTTTAATTTTTTTCAATCTTTCTATTTGTTCATCAATATCTCTCTCAAGTCGTAAAACTTTTTCATAAAATTCTTTAGGTATCAAACCATATTTATAACCATATTTTGCTAATCTCAAATGAGCATTATCATGTCTTAATAACAACCTAAATTCTGCTCTTGAGGTCAATAATCTATATGGTTCATTTGTACCTTTTATAATTAAATCATCAATTAACACACCTATATATGATTCAGATCTTGCAGGAACAAACGGTTCTTCTCCCCTAATTTTTAAAGCCGCATTAATTCCAGCAATTAATCCTTGCCCAGCAGCCTCTTCATAACCACTAGTCCCATTAATCTGTCCGGCAAAAAATAATCCTTCAACTATTTTTGATTCTAAAGAATGTTGAAGTTGATCAGGATATGCAAAATCATATTCTACTGCATATGCTGGCCTTACGATAATTGCATTTTCAAGGCCTGGAACACTTCTTACCATTTGTATTTGAGCTTCATATGGCAAACTCGTACTTAGCCCATTAATATAATATTCCTTTGTTCTTCTTCCCTCTGGTTCAATAAACAATTGATGAGAATCTTTATTGAATTTTACAACCTTATCTTCTATTGAAGGACAATATCTTGGTCCTACACTTTCAATAAGCTTTACATCGCCATACAAAGGAGAAAACATTAAATATTTTTTTATTATATCATGTGTTTCTTTTGTAGTTCTTGTAAGCCAACATGGATAATCTTTATCCAAAACCTTTGGCTTAGAAAAATAGGAAAAAGCTAATGGTTCATCTGCTGTATCCTGCCTTTCCATTTTTGAAAAATCAATACTATCTTTTAAAATCCTTGCTGGCGTTCCTGTCTTAAATCTTCCAAGTTTGATTCCATTTTCTATCAATGATTTACTTAATCCATTAGCAGGAAAATCTCCCATTCTACCAGATTCAAACACACTTCTTCCAACAAAAATTTTACCTCTCAAAAAAGTTCCAGTAGTTAAAATCACAGCTTTTGCTTCATATTTTGCACCTAATTCTGTTATAACCCCTTTCACTTTTCCATTTTCTACAACTAATTCTTTAACAAGACCATATCTTAATAATAAATTTGGTGTAGAATGCAATATTTCTTTCATATTTTGAGAATAATCGTATTTATCAATTTGAGCTCTTAATGCTCTTACAGCAGGACCTTTTTTTGTATTTAACATCCTGATATTAATCATATTTTTATCTGTAACTTTTGCCTGTAGTCCTCCTAAAACATCTATTTCACGTGTAACAATTCCTTTAGCAGGACCACCAATAGCAGGATTACATGGAGCCCAACCTACATTATCTAGATTAATTGTCAGTAATAATGTCTTCATACCCATTTTAGCGGAGACATAAGCTGCTTCAATTCCTGCATGACCTCCACCAACTACAATAACATCATATTTCAAGTCATCTTCAAAATTTATCACAAAATTCCCTCCATAATTTTTATAGTATTTTAATATATTATACTATCAATATTTTTCTTTTGCTATTAAAGTTTGTGAATTTTAATTGTAATTATTAAATATTTTTTTCCTCAATTTTATTTTTCTGGTAATAAAAACCTCTTTGAAGCAAATATCAAAAGAAAAATCCCACCAAATAGCATAATTCCATTAATTAACAGGAATATATTTAAGTCCATTAACTCTATTCCAGATATATATCTTAAAGAATCCACAATATATTTTATAGGAAAAAGATATGATATGATTTTAAGGGTTTTTGGTAAAAATTCAATAGGAAAATAAATTCCTGAAAAGAACATCATTAAAGTAAAAAATATTGATGCAGCATTTTGAGCAGTTTCACTTTT
CP069362.1_gap7	167601	171756	4155	TCATCCAAAAAAACTATTTCTGGATCATTCACTAAAGCAACTGCAATAGCTAATCTTTGTTTTTGACCACCAGATAATTCTTTAATTTTAGAATCCTTTTTTTCATTTAACAAAAATTTAGATATTAATTTATTTACATCATATGATTTGTTATATAATCCACTAAACATTTTTAATGTTTCAAGAACTGTCAAATTTTCCAAAAAAGAACTACTTTGTAATTGAACGCCAATTCTTTCTTTGATATAAAAATCTTCTGGAGAATAATATTTTTCAAAATATATTATTTCCCCATCATCTTTTTTTCTTAATCCTTCTATTATTTCTAAAGTAGTTGTTTTTCCAGCACCATTTGGACCTAGTAATGAAAAAATTTCGCCTTTTTTCACAAAAAAAGATATTCCGTCAACTGCTTTTACATTTCCATAATGTTTTTTTAAGTTTTTAACTTCAATAATATTATTCATTATGCCCCCTTCTTTTTATTAATATATTTATTCCAATTCCTATAAATAATAGCCCAATAATATAATTCCATATATTAATTTTTATTAATTCTTGCAGGAAAAATATAATTGAAAGACCACTTAGAAAAATTATAGGGAATATATATTCTTTTAATTTTTTAGTTACTATAGACATTTGTAATAAACCAATTGCAGGAGCAAGTATAAAACCAGGCCAGAGATATTCCATTGAACTATATCCTAAAAAAGCAGACAAATAAAATATGACACCTAAAGTTATTAATATACCCCCTGGAACCAATCCACCAGGATTTTTCTTATATTTAAAATATAAATATTCAAATCTAAATCCTAAAATTAATAATATTGAAGGCCAAATATAATTCCAATTTAAGTTAATATCTATTATATTAGATATTATTAAATACAATCCTAATAATATTAAAATTAAACCACCAAATATACTATTTTTCATATAATCACTCCCCTGAATCTATATTTATATTTAAAACACCTGCATCTATATTTCCTTTAAATACAGCATCCATATTTTTTATTAAATCATCTGATATTTTAATAGTTTTTATTCCACCATCATAATTTAAATTATATGTAGTATTCTTAGGAATTATTAAATTAATTTTTGAAACTCCGCTATTAATATCTAAATATAAACTTTCTTTAAATTCATTTATTATTCCTTTTAAATTGCTTACACCAGCATTTATAGACAACATTTTAATTATATTACTTACATTATTTAATTCTACATTTGCAACTCCACTATCTATATAAATATTATATAAGTATTTTTCAGGTATATTTATGTAGATTTTATATCCTTTACCTATAATTTTTTGTTTTTTAAAGAATATATCATTACCCTTTTTATCTATATTTAATAACATTGGTCCATAATAATATCCTGAAATCTTATCCGATACATTATCAGTATTTATTTCTAAGTTAAGTGCAGATAAATCAAAATATAAATCTAAAGCATCTGAGTCAGGTAATATTTCAAACTCCATTTTTTCATAATTTTTATAATTATTAAAATTAAGGTTAATAATGTTTTTATTAAAATTCCAGAATACTAATAATAATAAAAATATAGCTACTAAAAATATATTTAATCCTTTTAACCATTTTAATTCTTTGGATAAAATAGATATACCAATGATTATTAATATAAACGGCCAAAACTTAGTGAAATTAATCCCTATTCTTAAAATTAAATCGATGTTAAAACCTTGAACAACAAATAAAATACCTAAAATTATAAAAAATAATCCAACTATATATCTCATTTTATTTCTTCCCCCTTATAATTAGATATATTCCAAAAACCAAAAACAATATTCCAAAAATAACGCTAAAAGATACTATATGAGGAAAAAAGTTATTTAATATGAATATTATTCCCAAGATCAAAAAAGTTAGTCCTATAAACAAATTATTTCTTTCACTATATTTATGTTTATTAAAATTTTTTTCTGATTCATAAACATTTTCATCAGAAATTGCAGGTTCTTCAGGAATAATTATCCACGCTATAATATATAACAAAATTCCAATACCATCAATTAGTATTAAACCTAAACATATTAACCTAACAAGTGTTGAACTTATTTCAAAATATTCTGCTAAACCTCCACACACTCCACCTAAAAACTTATCCTTACGTGAGCGATATAATTCTTTTTTCATACCATCACCCCTCTTATTTTTCTCTTATCTTTAATTATATACTACTTTTATTATATTTTAAATATTAAAATGATATATTGTCATTTTTTCATAGTAAAATGACAAATAATTATGTGATATAATTTGATTCGAGAGGAGGGATATTATGAAATTAAACTTTTTAGCTTTACAGTTCAATACATTAGATAATCTGGAAGATAATCTGGAGTTTATTGAAGGAATTATGGACTTTGTTTATCACAAAAAATTATCTTTTTTCTTTATTAATGGTAATCCATTTAAAAATGGTAACATAAACGAAGAGGAATTTGAACAAATCACTGATTTCCTATCAGCATTGTCGGATTATAATAATTGCACTATAGTTACTGCACAAACATATCAAAAAAAATATAAACTTTTTATTCAAAAGCCATACGAAGAATTAGAAATAACTAAATTTTTCGAATTTGAACTAAATAATGGAAAAAAATTATTAATTAACTCAGATATTCAGAATGAAAAAAATTATCTTAACATTCATATTAACCCTAATTTTGAAATTCAGAATCTAGAATTATTAAAAAAAGTTGAAAATTATCTATATTTAACTCAACCAGTTTTAGGAAAAACAAAAATAAAAATAGGTGGACAAAAATGGTTAGGCGGAAATACCGAAGGTTATTTATATTTCTCCTGGTAATTGTTGTACTTAATTTTTTTAAAATGATTTTTATTACAGATAATATTATTTATATTATTAATATTTCTTATAACCCTAAAACAGAATTTATAACTGGGCATCAATATTTTAATGGTTTTTTCATGTACAAAAAGTTTAACCTAGAAAAAAATGCTCTTTTAAAATTCAATTCGATTGGAATACCATATTTTATTAATTTATCAAATAATATTCTGATAAAAAAGGCCGAAAATAACATTTTCATATTTCATGAAAAGAATATACATAATTTTAAAGTTGAAAATTTGACTTTTAAATCACAAATTCCGCTTAATATCATCCAGCTTACAAACATCATAAAATTCCTAAAAAACATTGATATAAATATTCCAAAAAATTTATTTATTCTGGAAACTCAATATAAACAGTCTTTTTTTGTTCCTAAAAATTATATATTCATTCGTCCAAAGGATATAAAAAATGGCATTTTTGTTCATGAGCTCTCTCATTATACTTTTGGATATAAAATCCAAAGAAAAAACAAAAATGATATCTGGCCTGAAATAATTTGCGAGGCTATAAGATTAAAATACTTATCTTTATACGATTATAATTTATATAATGAAATATTAAATAAAAAGACTGATACTCCAGATCAAACATATTCTCAAATATTAAAATATCCATTAATTTTAAAAAAATTGAACACTTTTATTTTTGAAATGAAGAATAAATATAACAACACTTCTTTATCAGATCAGGATTTTTTTAAGTTTTATTATTATTTTGAAAGGAGAGAAAATAATTGATATTAGATATCGTTTTAATTATTGCTGGTATGTTCCTATTAATAAAAGGAGCTGATTATTTAATAGAAGGATCTGTAGGTTTTTCAAAAAGAATTGGGGTTTCTGAATTATTTACAGGTTTAACCCTTGTAGCTTTTGGAACTAGTGCCCCAGAACTCTTTGTTAGTATAAGCGCCGCACTAAACGGTTCAGCTGGTATTGCTTTAGGAAACGTTATTGGAAGCAATATTACAAATATAGCTTTAATTTTAGGTTTATCTTTAATGATTAAAAAAAGTACAATTCCAAAAAGCACTTTATATTATGAAATCCCTTTTGTAATACTCATATCTTTAACTCTTTTATTTATGTTGTTAGATGGAAATAGCGCTTTATCAATATATGACGGGTTTATCCTATTAACTTATTTGATTATCTTTATAGCTTATATGTATAACATGGCAAAAAATGATAAAAGCATTCAGGAACAATTGCTTGAAGAAATTCAGGAAGTAAAAATTAAGACTAT
CP069362.1_gap8	321542	323849	2307	AAAATATCCTTTATTATGCTCTAAAGAATCAACTCCATGAAAAAAAGCGTCTTTTTCTTTCATCAAGGTTATTCCACCTGTTTCTCTATTCTGAAAACTGCTCTTTGATTCTTTTATTAAATAAAATATGTCAACTTTTTCTTTTTCAATTATACCTTTAGGTTTTATATTAAGAAATTTATCTATTTCCTCAAGATTAAGATTAAGTACCTGTTGTGAATTATTCCCCTTAATATTTTCTGTTTTACTTGTTTCTTTTAATTCATTTATTTTAACTTCAAGATTTCTAATTTTATACTTTAAATATAGTGTATATGAGGTAACTATAGCGAGAACCATTGGAATTATTATTAATAAAGCCGTTATAAAAATTAAACTCCAATTTTTTTTATTTCTTATCACAAAAATCCACCTCTAAAATATTCCTTTACTTCTTTTAAAATCGTTTTAAGTTCTTCGCAGGAGATTTTATATTCTATAAGCTTCCCTGAAGAAGTAAAGAGGACAAATTTATTCGAACAGTTAAATGTTTTAAAATCTATTGTTTCTATCAGTTTATAAGAAACATTAAAATTATTTAATATCTCTTTTTCTATTTTCTCAAACGTTTCAAAATCGAGAAAACCATAATACCATGAAATATATAATTCTATTATAAAACTTATAGCAAAAACCTCAACATAATTTTTATTAAAGCCTGTTTTTTTATTATAAAATAAACGGATAACATTTTCTCCAGGAAATATATTGTTTTCATTTTTTATATAATAAACCCATTGTTTTATTGAATAAAAAACAAAATCCTGCAAATCAATATTTGAAAAATTCATTTTTGAATAATTTAATGCGAGATTAGCTATTTTAGAATTTAAAATTCTACCTAATATATATGGAATAACAAACATATTTCTAAATTCTCGTTGGGGTATAGATTCAAAAAACTTCGTATCTATAATAATTTGTTGTGGATACCCTTTTTGAATTAAATAATCTTTTTTCCAATTAAAATTTAGGTAATATTTTCCTTTTATAGGTAACATAATAGCTGAGCTGAGTGTCGTTGGGAAAAATGAATAATTATTTATACCAATATTTTCAAGCGTATATCCAGAAAAATCCAATACGCTATATCCTCCAAATACATTAACAGAATTTATTGTAACTTCCGACAATTTCAACAGTAAAGTTAAGTATTTATCAAAACTTTTTAAATTCTCATTTCCTATTAGAGGAATAAAATTATTTAATTTCATTTTGTTCATCAATTCAATTTTTTTATCATAAATAATATAATTATTATACTTTTTCTCATTAATATATTTATTGTAGTGATTTTCTACAACTAATATTCTGACCTTTTTTATATCATTTACTTCAAAAAATACTTCCTTCAAAATATTCACCTCAAATGTTTAATCCATTAAACAAATTATCTACTACTTTTTCATTGATTTGTGAGTTAAATCCTCCTTCTTGAATTATTAATTTAGGAATATTTAAGTATGAAATCATTTCACCAATTTCTCTATAATCATTATCTTTAAGATTAAAGGTAGTCGTCAAATCCTTCTCATGAGTATTAGAACCAAATGGTATTATAAGAAAATCTGGATCAAAATCTTCTACTTCCAACAACGCCTTTTCTAATACACGCAAATAAGTTCGTCCATTAATTCCATCTTTTAAAGGAAAATTAATATTATATCCTCTACCTTCATTCTCGCCAATTTCCCATTCAAATCCGGAAATATATGGATAATGATTAGAAGGATTTCCATGAATACTAATTGTTAAAACAGTGTTATCCTCATAAAAAATTTCTTGAGTTCCATTTCCAGCATAAAAATCCAAATCTAATATTGCTATATAAATATCTCCATTTTTTTGAAGATATCTTGCTGCCAATGCTGCATTATTAAAGTAAGATCTACCACCGCAATATGTAATTCCAGCATGATGTCCAAGCGGTCTTGAACACGAATATGCCAATTCTTCACCTTCCAATAATAATGATGCGCCTGTTAAGGAGCATTTTGCGCTTATCCAAGCCATTTCAAATGTATTTTTACCAACAGGCGTTTTTGTATCCATACACATATCATATCCAAAAACTTTTGGAAAATATTCTTGATTATCTTCCAGAGTATATTGTTTTTCTTTAAGCCAATTTACATAATCCGATGAATGAACAAAATATAAATATGATCTTGGATAATCCTTTGATCCAACTATAATATCTCCATATTTTAATTGTAAAATTTCTTTAATTGTTTCTATCCTTCCAGGTTTATCTATATTATCTATCAT
CP069362.1_gap9	329084	329844	760	AGGTTCATTATATTTTGAAAGTCTAAAGAAATAATTCTCTTCTTCAACCCAATTTACTTCTCTACCACATGATGGACATATTTTTTTACCATCTTTCTCTTCAATTTCTTCATTTGTCCAATATGTTTCACAAGGAACACAATACCATCCCTCATATTTTCCCTTATATATATCTCCATTTTCCAACATTTTTTCTACAAAAAATTGTACTGTTTTCATATGTTGCTCATCTGTTGTTCTAACAAAATAATCATTTGTAATTTGTAATTCTTCCCATAATGTTTTAAATTTTCCTGATAATTCGTTACATAACTCCTGAGGATCTATATTTTTTGCTTTAGCTGCCTGTAAAATTTTTTGGCCATGTTCATCTGTTCCAGTTAAATAAAAAACGTCATATCCTCTCATTCTTTTATATCGTGAAATTATATCTCCTACTATAGTAGTATAACTTGAACCTATGTGTGGTTCAGCATTAACATAATATATGGGGGTTGTCACATAAAATTTTTTCATTTTATATCCTCCTATCTTATTTTTCTTGTTTATTATATTATACCATATAGAATACTGTGTATAATTAAGAAGTTTTTAAAATTTCAATCATTATTATTTATCCCGCTTCATATTTTTTTTACCATTAAAAGTTGTATTATTTAAAATGATATGTTAAAATTAAACAAATCTAAATTCAAAAATAGGAGGAATAAAGATGCGAATGTCAAAATATTATGCACCTACTTTGAAAGAAGTTCCTAAT
CP069362.1_gap10	331463	332904	1441	GGAATTATTAAAAATAATTGAAAAAAAGTTAAACGAATACGACCCAAAAATTTACGTAAAAAGTATTGACAAAGAATAATATTCATGTTATAATTGTTTCGCGTCGGAGAGGTGGCCGAGTGGCCGAAGGCGCTTGCCTGCTAAGCAAGTGAGGGTTATTACCCTCCGTGGGTTCAAATCCCACCCTCTCCGCCATTTTTTTTACCTATTTTCATGTGCCCGTAGCTCAATTGGATAGAGCATTGGACTGCGGATCCAAAGGTTGCTGGTTCAAATCCAGTCGGGCACGCCATCTTAAAAAAGCAGGTATTACATTTTGTAATACCTGCTTTTGTTTTATCTTTCAATTTTTACAAAATACGCTTTAGGATGATTACATGCCGGACATTTTTCTGGCGGTTCGTATCCTTCCATAATATATCCGCATTTTTCACATTTCCACAAAACCTTATCTTGACTTTTAAATATACTTTCTTTTTCCAATTCTTCCAATAACTCTTTTAAAGTTTCAGCATGATGTTTTTCTGCTACTGCTATAGATTTAAAAAGAATCGATATATTTTTAAATCCCTCTTCCTCAGCTATTCTTGCAAATTTAGGATATAATTCTGTATATTCATATGTTTCACCCTCTATTGCCATTTTTAAATTTTCCACTGTATTTCCAATTTTTCCAGCTGGGAAAGTCGCTTCTATTTTTAAATCCCCACCTTCCAGATGTTTAAAAAAATTCTTCGCATGTGATCTTTCATTTTCTGCCAATTCTAAAAAAACTTTTTGAATTTTTATATATCCTTCTTTTTTGGCAACACCTGCAAAAAAATCATATCTATTTCTTGCCTGTGATTCACCTGCAAATGCAATTAATAAATTTCTCTCTGTTCTACTTTTTTTAATTGCCATTTTTTCTCCCTCCTAAAATACCTACCAGATATACTTTTCCCCCAATATTTCCTTAGTTTTTTCTATTATTTTTAAATATCTTTCTTTAACTCTTTCATTCAAAAGTTCCGGGTTTATTTTTAATATCTTTTCTTTATACGCATTTATTACTTCTTCTTCAGAAATAAATTTTTTACTGAATAATGCTAAATAACTATCTATTTCATTTATTACCATATTGTTATACTCATTGATTTTTTCTACTTCTATTTTCTTTAATTTTTCCAGAGATTGTTTCAGACTATCATATTCTTTTTTATAATCTTTAACCTGAGGAAATTCAGAAACTACAAAAGTTAAATAGTTTATATCTTTTTTTATGCTTTCATTATATTCCGATTTTTCTACATAACTTATTTCATTATTTATAACGTTAAAAAGTTTATTATGAACTTTTTCAGATATACTTAAAAATAATTTTTTTACTTCATCATCATTAGGAAATTCTCCATATTCAATTACTATTTTTTTATACATATCAACCATTTCTATCAATTTA
CP069362.1_gap11	374804	376927	2123	TTTTTCTTTTTTATCAATTATACCATAATCTTCTAAAATTTTTTCACCAATACTTCGTTTTCAAAATAGTCACACATGAGGAGAATGTTTGGAGGAGGTTGCTTATTTTTTAATATTTTTATTTTTAATTTTTACCACTTATCTCATATTGCTTTCAAACATTTCAACTATTAATCTCCATAATTCAGCAGTTTTTGGAAAATAAAATCCACCTCCACCAAGTAATATTACTGGAAATCTATTCTTCTTTGCACATCTTCCTAAAACAACAGAAATAGACTCATAAAACCTTTCACTTAAATCTATTGAAGACATTGGATCATATTTATAACCATCTACTCCCATTTGAATCATTAACATATCTGGTTTAAAACCTCTTATTTCATTTGGAATATTTGACAAAACTTTTTTCATTATTTCTTGCTCATTTTCACCTGGCATAATCGGAATATTTAGATTGGTTACTCTATTTTCAGAGGTGTATCCACTTAAATAAGGATATTGTGTTGAAGGGTCCTGATGTATTGAAATAGTATAAACAGAGTCATCATTTAAAAATGCTCTTTGCGTTCCATCACCATGATGCACATCCCAATCAATTATCATAATTTTATTATATCCCTTTTTTTGAGCATATTTTGCTCCTATTACTACATCATTAAAAATGCAAAATCCTCTTGCTTCATTTTCAAATGCATGATGCCATCCTCCACAAATATTAACTGAAATTTTTTCCTCTTCTGTTATAGAATCTATAGCTGCTAATGTTGAGCCAACAGATAATCGTGCAGGATTATACATATTTTTTATTGGCGTTTCTGCGCTTCCACCCTTATTATTTTTTATACTTTCTATATAATCTTTTGTATGAAATAAAGCAATTTCTTCCTCTAATGCATATCGTGGTTCAATTATTTTATAATTCATATTAGATTTTAATAGTTCTTCTATTCCCATTTTGCATCTTACACTTCTTAAAGGATGACCATCTCCAAAATCATATTCTAAAAGTTTATCTCCCCATATAATATTAACCATAATTTTCACCCCCATTTCACTTTCTGTATTCTGTTATAGAAACTTCTATAGCTTTTTCTAATGCTTCTACTATGTTATCTAATGACATACTTGGCGTATTATTTTTTTCTAATACTTGTTCAGGTAAATAAGGAACATGAATAAACCCTCCTATTGCCTTTTTAAAATCCCGTTGTATATAATACATCAACCCATATAACAAATGATTACAAACAAATGTTCCAGCAGAATTAGAGATTTCTGCTGGTATTCCTATTTCTTTTATACCTTTAACTATCTTCTTTATTGGCAAATTAGAAAAATATGCATTTTCACCATCAAAAAATATTGGCTTATCTTCTGGTTTATTACCTTCATTATCTTCTATTCTCGCATCATCAATGTTTATAGCTATTCTTTCAACAGATATTGCAGATCTTCCACCAGCCTGACCTGTGCATATAACTATCTCAGGTTGAATTTCACACATTTTACTTCTTAATGTTTCAATAGATTTATAAAACACTGTAGGTATTTCTAATTTAATTATTTCTACATCCAGTATTTTATCCGGTAACCTTTTCACAGCTTCAAAGGATGGATTTATTTTTTCTTTCCCAAAAGGATCAAACCCTGTAATCAATACTCTCATTTTCTCACCTGCCTTTTACATATATATACAGTATATTATAACATTAAAAAATAAACATTATTAAATAATATATGTACATTTTTTCACTATAAGATGTTATATTTTTCACACAAAGATGTAATACAGGTATTGTATAATAAAAACGGATAAAAATTATCCATTTTAATCAGGAGGTGAAATTATGGCATTTATGAACTTTAAAATTACTTCTGAAAGCGCCAGTCCTACAAAAACAATAGTTAAAGCAAGAAATTTTGAAATCGTAATAGATGAACCAGAATCTTTAGGTGGAAAAGATGAAGGAGCAAATCCTGTTGAATTTTTATTAGCCGCCTTTGCAGGTTGCTTAAATGTTGTAGGTCATTTAGTAGCAAAAGAAATGGGGTTTGAACTTAAAAAGATGAAAATCAATATCGATGGAGATTTAAATCCAGCAAAATTTCTTGGAAAACCA
CP069362.1_gap12	381168	385245	4077	CTATAATTACTGAAGTTTATTAACGAATATTCCTCTGAATCATTCAAATTTTTATCTACACCTTCCCTACATTTTTCAATTTCTTCTTTTAATATTTTTTCCGCCTCATCATATACTTCTTTTATGGAAGATCCAGGTATAATATCATGAAATTCCATTGTTAATAATTTCTCCCAACTTTCAGAAAAATCATAATCAATATTATTAGCAGCTAAAATATATTCTGTAAAATATAATTCATCTTCCAGGAGTTTATGAAACTTTTTCATGTTTAATTGTGTAAAATGTGTAGCTCTATGAAATTCAAAATATAATTCATTATCCCAAATAGGTATCTCTTTATCTTTTATTTTCTCATCCAATAATTCAAAAAATTGTCTAGCAGTCGTGGGAATTAATTTTGGTACATATGGAAGATTATTTGTAATTTCAAAATCCATCATATGATCTTCTGATGGACCACCGCCACCGTCTCCATAACCATATGTCAATAGCGTTCCGTCAAATATATCTCTATTTCTAAAATTTCTAAATGTTTTTAAAGTGCATTCAGCATCAAGATGTCCATTATATCCATCTTTAGGATTATTAAAACTATGATATATCACTTTACTACCATCTATTCCGCGCCAATAGCAAATATCATAAGGAAATTGATTTTTTTCATTCCATGTCAATTTTGTTGTAAAAAAATAATCTATTCCTGCCTGTTTTGCTATTTGTGGCAATATCCATGAAAACCCAAATACATCTGGTAACCAACAAACATTGGAATACCTTCCAAATTTTTCTTTAAAATATTTTTGCGCATAATAAAATTGCCTAATTAAAGATTCTATTGAAGGTAATTTAGTATCTGATTCTATCCACATTCCCCCATTAGCATCCCATCTATTTTCTTCTTCTAATTTTTTTATCTCATTAAATAATTCCATGTTTTCTATATTTTTATACATTTGAGCACTTGATTGTGTAAAAGTAAAATAAGGATATTTTTTAGCCAATAATATAGCATTTGAAAAAGTTCTTACAATTTTTCTCTTTGTTTCTTCTATTGGCCATAACCATGCATAATCTATATGTGCATGTCCTGTAACATACACTTTCCCAATTTTTGGATATTTTTCTTTTAATTTTTCTAATTCTGTCTTTAAATATTCGAGAGCAGAAGAAACTTCTAATATTTTACCTGTGAATTTTTCAAATTGAGGTTTCGACCATATACTGGAAAGTCGTTTATATAGTTGAGGAGATCTTTCAATTGTAGAAAGATAATCAGAAGTTTTTCTAGGAATATCGATTAAATTATAAGTATTATCGATTAAACTAGATAATTCATTAATCAAAGCAAAATTATCTGCATTTTCTATTATTTGACTTATCCCCATAAAATATCTTATTAATTTTCTCACATCAAAATTAATTTTTATAAAATTTGCTTTTTCAAAAATTGTTTTTCCTGTCGGAGAACCAAAAAGATTATACGGAACTGTTTCTGCTTCAAATATATGTTCTTCACCATCAGCAATTATTGTCAAATCAATTTCCCTATGATACTCGTTGATTTCTCCATATGCTTTTCCATCTATTTTTATTAATGTTTCACCACCAAACCAAAACTCGCCATAATAATCTTTAGGAATGTTAAATTTCTTTCTAAATTTAACAGGAAAGTTTTCTCTTTTCCATTCAAATCCAATATCAATATTTTTTAATTCACCATTTTGTTCAAATTCCCAATTACTAATAGGAATAATATCTATATATTGATATGGATAAATATCTTCTATCATTTTGTTAATTCTCAATATTTCATGATTAACATTATGATACACATTTATTCCCCCTATCCCAAAAATTTATCTATTTCAGATAATGCTGTTAATGCACCATTCTTAGTACATACTAATGCACCTATTTTATTAGCAAATTTCCCTATTTTAAAATAATCTTTTTCTCCTTGAGAAAGTTTATATAAAAACGAACCAACAAAAGCATCTCCTGCTCCTGTAGAATCTATGGACTTAACTTTAACACTATCTATTTTCTTTATACTTTCACCATCACTTAGCAATGAACCTTCTTTTCCAAGGGTTACAGCTATTATTTTAGCACCAATATCATGAATATATTTTATCGATTCATAAATATCATTATTCCCAGAAATTAAAAACAATTCTTCCTCACTGAATTTTACAAAATCTGCATATCTAATCATTTGCTTACTCAATTCAATTAGCTTTCCTGTTTCTTTCCATAAATCTTCTCTATAGTTCATATCAAAAGATATAAATTTTTTATTTTCTTTTGCAAATTCAAAAATTTTAAAATACGTTGTCTGCAATTCTCCACCTAAAAAAGCTGTTGCAGAACCAAAATGAAAAATGTCAAAATCATTTAATCTATCAAAATCAACATCTTCAGTTTTTAAATTTTTATCTGCTCCTCTAAAAAATACAAAATCCCTTTCACCATCTTCCATTAAAGAAACAAAAGCCAGCGTAGTATTTAATTCATCATCATAACTTATTAAAGAGGTATCCACATTATATTTTTCTAATTTATCGACCAAATATTTCCCAAAAGGATCATTACCGACCTTCCCAACAAAAGCACTTTCACCACCTAATAACGAAATTACTGCAGCAACATTAGCCGGAGCACCTCCAAATTTTTTCTCGAAAGTATTTCCTTCTGTAATACCTTTATTCTTATCAAGACATATAAAATCAATTAAAATTTCTCCTACAGTCAATATTTTTTTCATATTAATTCCCCCATACATTTTAACATTAATTCTATTTTACTACATATTTCTTCATATTTTACAAAAAAATTATACTGTCCAATATTATACTGAGCAGTATAATGATTCGAAACATTAAAAAAGTTCACTTAAATCGTGGTTCTATTCCTTAGAGTTATATATTAATCTCTTCAACAATCAACTTCATATTCAAATATGGCCTATTAAAAACTAAAATCAACGCAGCAAAATTTAATGTAACTGTTGAATTTACATTCCAATATGGATGATTAAAAACACAGAATCTTTTAACTGGTAGCGAGTTTATTTTTTCATTTACATTCCAATATGGATGATTAAAAACTCGGATTACAATATTATGACATTTTTATTTGGTTCGATATTTACATTCCAATATGGATGATTAAAAACACAGTTTCAACAACAGAGGGCGGTGACCCTTCTACAATTTACATTCCAATATGGATGATTAAAAACAAATCTTCGGAATTTGAAATTGGTGTGATTTTTGCAATTTACATTCCAATATGGATGATTAAAAACTTCATCTTATATCACGCTCCTTATATAAAAATAATAATTTACATTCCAATATGGATGATTAAAAACATCATTTTTGACATACTTTTCATTTACAATTGTAATATTTACATTCCAATATGGATGATTAAAAACAAAAAGAAAGAACTTAAAGGTATAACTGTAATACAAATTTACATTCCAATATGGATGATTAAAAACTGCTACCGTTGATGTTGCAATTGATTTAGTTAAAGTATTTACATTCCAATATGGATGATTAAAAACTTCCAAGGGGTAGCAAATCAGCTATCCCTTTATTTGATTTACATTCCAATATGGATGATTAAAAACCTTGGAATTCAAGAATTTTTATATCAGCTTGTTCGTTATTTACATTCCAATATGGATGATTAAAAACAAGACTTTTGAAGATATGCTATCTTTAATATACGAAAATTTACATTCCAATATGGATAATTAAAAACGTTCAGCCTCTAAAATAAAATCCTCACCTAACCATTCATTTACATTCCAATATGGATGATTAAAAACACCAAAGAAAGCGTCGGAATGGTTTTATAGTTCAATATTTACATTCCAATATGGATGATTAAAAACAAAATGGAGAAGCTTACTTTCAAGAAATGCAAAACAATTTACATTCCAATATGGATGATTAAAAACTTCTATGGGAGGATTATCTGAAAACTATGACAAAGCATTTACATTCCAATATGGATGATTAAAAACTTCTTCTACGTGTGAAAATGTTCCCCTATCCAAAACAT
CP069362.1_gap13	407337	410707	3370	ATCATATATATAGAATGTAGGTAATTTGTTATTATCTGGATCCAGTATTTCTATTACTTTTTCTAAAGAAGGTTGTTTTAAATAAGAAAAATGAATAATTTTTCTTATTTCTTCATAATATAATGAAAAATATTTTATTTCATAAAGTTCAATATCATCTAATATATATTCTCCTTTTAATTTCTCTATTGTATTCGTTATATCTTTTATGTACATTAAATTGTTTTTTATTTTTTCGATTTTTTCTTTTTGATACTGAATAGCTTCTATTGTTTCCTCTATTTTATTGAGCTCTTTAAAGATTTGATTTTCTTCTATAAAGAAAATCAGATTTTTTGCTTTTTTTTGACCTAATGGGGTTATTATCTCTAATTTATTTAAAAGATAATTTATTTCAAACATAATTCATCTTCCCTTACGTTTAGTATAGGTATATCTATTACTTCTTTTAATCTCCTTTTTATTTCATTTGAATTTAACATATATCCACGAGGTGAATATGGATTAATTGTTATAGCTATTAATTTCGTCTTTTTTAGAACCTTTATTGTTCCACCCTTTTTTGTGTAAAGATTAAAAGTCTCTGGAGATACAAAAATTTTTGTGAAATCTTTTACTATTATTTCAACATCTTTTAGTTTTTTTTGTTTGGTTAAATATTTTAAAAAACTTTCAGTTAAGGCTCCTGTTATATATATTTTTTTTCCATACTCTAATATATGTTTTTTCAAAGATTTAAAGGTTAATAATGATTTTATAGGTAATTTTTCTATATTTTCTGATATAGAGTATATTCCGTCTTCTAAATCAAAAAGTTTTTCACTATTTTCATATTCTTTTAATTGTATTAAATTCACTATATGTTTTGTTTTCTTCACAAGTTCATTGATATTTATTGTCAAAGCTGCTCCTGTAGCTAAAATCATCGCATCAGTTATTACTGGAGAAGCGGGGCTTAACCTTGATAAAGCCCCGTCTATTAATACTATTTCTGTTCCAAAACCTTTTATCTTTTTTATTAATTCTTTTATTTTAACCGTTGATTGAGGTCCTGCTAATATTACTTTTCCATTATCTAAAGCTTTTGCTATAACTATTCTACCTAATGATGTTCTCAATCCATCTTCCACAGATAATATTTCTGCTGTGAGCTTTTTTTGTTTATAAAATTTTTCTGCTGTGGCAAATATGGTTCCTTCTTTTATTTTTATTTCAGGTTTTGGAGTTGTGGTTACCTGATCTATAGATTCGCCATCTATTCCTATTGAGGTTATTCCTATTTTTTTATTTAATTTTTTTATAATGTAATTCAAGGTTTCTGTTTTTCCTGTGTTTTTTTCAAGACCAACTACAGATATGCTTTCAAAATTCACTTTTTATTCTCCTTTAAATAATACTAATGCTTCTCCATCTACTGCTAATTTTCCATCTTCTTTTATTATTTGAGTAGTTAATACTAATCTTGATTTTTCTTCTATTTTTTCTTTTACTGTTATTTTAATTGTTATTTCTTCATCAAGATATATAGGTTTTAAGAACTTTGAATCTTGTTTCATATATATCGTTCCTGGCCCCGGAAATTCCATTCCCAAAACCGCTGATATTAAACCAACGCTCAATATACCATGTGCAATTCTTTTTTTAAATATTGTTTTTGATGCAAATTCTTCATCTAAATGAACAGGATTTTTATCACCAGTTATTTCTGCAAATGTTTCTACCATATGCGCCGTAATTTTTCTTTTTACTTCATATGTTTGATTCAATTTTATATCTTCATACTTCATTTTTTCTCCTCCACTAAATGTTGGTATTTTTCCTTTAATTTTGCTCTTTCATGTCTTTCTAAATGATTGGGTTCTAATGATATTCTATCTTTACTATCAAATAAACCTGCTACACCATACCATTTATATTTTTCTCTGTATTCTGTATCATCTACATCTGTTGTTGTGTCTTCTGGTTCATGATATGTTGTTATTACACCTTCATAATTTCTAAGTATTACTGTATGATCATTTCTTGCTAGTAAATAATTTGGCATTAATCTTATCTTTCCACCACCACCAGGTGCATCTACAACAAATGATGGAACTGCAAAACCTGATGTGTGCCCAATTAATGATTCCATTATTTCTAAACCTTTTGATACTGATGTTCTGAAGTGTTCTATACCTTGAGATAGGTCACATTGATAGATATAATATGGTCTTACTCTTATTTTTACTAATTGATGCATTAATTCCATCATAATGTATTTACTATCATTTACACCCCTTAGTAATACTGTTTGATTACCAAGCGGAATACCAGCATCTGCTAATTTTCTACATGCTTCTGCTGATTCTGGTGTAATTTCTTTTGGATGATTAAAATGTGTATTCAACCAAATTGGGTGATATTTTTTCAACATATTTACTAATTCATCTGTTATTATCTGTGGAAATACTACAGGTGTCCTTGTACCAATTCTAATAATTTCAACATGTGGAATCTTTCTTAATTCTTTAATTATATATTCAAGCATTGGAATACCAACCATTAATGCATCTCCACCGGATAATAATACATCTCTAACTTGAGGTGTATTTCTAATATATTCCAATGCAGCATTTATATCATCCATACTTTTATGAGCATCAGTTTGACCAGCAAATCTTCTTCTTGTACAATGTCTACAATACATAGAGCACATATCTGTTATTAAGAACAAAACTCTATCAGGGTATCTATGAGTTAAACCTGGAGCAGGTGAATCTTCATCTTCATGTAATGGATCAACCATATCCCAAACGCTTTTTACTAATTCTTTAGCTGTAGGAACTGCTTGCCTTCTTATTGGACATTTTGGATCATCTGGATCCATTAATGATGCATAATATGGTGTAATTGCCATCCTTAATGTTTTTAATGCATTTCTAACTCCCTCTTCTTCTTCCGGAGTTAAATTTATTACCTGTTTTAATGTGTCTACATCTGTGATTCTATTTCTCATTTGCCAATGCCAGTCATTCCATTGCTCTTCTGTTACATCTTTCCATAATGGTATTTCTGTATAATGTCTTCTTTTTTTCATCTTTTTTGTCCCCCCTGATTATATATATAATTTTTCAAATAATTCTCTTATTTCTTTTGAATCTCTCAATATTTGAAGTGTCAAATCAGCATGACCTTTTGTGTATCCATTTCCAATCATCATATTAATATCTTTACCAACACCTTCTGCACCTAAAGCTGCCTTTGTAAATGATGTTGCCATTGAAAAGAAGTATACAGTTCCCTCATCTTTAGTAATTAGTATAGATGACATTTCAGTATCTGGAACATTTACATTATTAATTGTTACATCACAATATTTACCATTAGTAAC
CP069362.1_gap14	416179	416728	549	AAATGAAAAATCTTTCCCTTTTAATCCTATGTGTAATCCACCATTTACCCATAATGCATTTCTATAATCCAAGGTAGAAAATTTATGCCAATCAATATTAGAAATAGAAAGCTCAGGTGCTAATACAAATACCCCTAATTTTAGTTTTGCATACATATCAGCGTTTACATTTCTTGATAAAATGTTTGAATCATCAAGATTATAATAATTTCCTTCATTTCCTAACAAATTTAAATCAACAGCTTTTTCCAGAGTATCCAGACTTTCCTGTATTATTCCAGAATTTATTCCCCCACTTAATTCAATAATATTTCTTGCAGACCATGAAATTAGTGCAGGATTTAATTTTCTATTCCATGGTGATAACGGATCAATTTGTGAAAAAGATAAAACAGTAAAACTTATTAACAATATCACTATAAGAATCTTTTTCATAATACCCCCTCACTTTCATAAAATTTTAATTTTTATTCACTTATATATCGTCTAAAAATAAGAAAAATATTATGTTTTTCTTGTTAATATTATACAACTTTCTATTAGTGAAAT
CP069362.1_gap15	523153	525317	2164	TTCCGCATATGAATCTCAATTAGCTGTTGAAAATGGAGAACAAATAATTGTTGGTTTAAACAAATTTACTGTTGAAGAAGAACAAAAAAGTGGTACTATATTAAAAGTAGATCCAGAAGTTGAAGAAAGACAAAAAGAAAAATTAAGAAAATTAAGAAAAGAAAGAGATAATGATCTCGTTAAAAAGAATCTTTTAAAATTAAGAAATGCTGCTGAAAATAAAGAGAATGTTATGCCTTATATTTTAGAAGCTGTAAAATCTTATGCTACATTAGGTGAAATTACCGATGTATTAAGAGATGTTTATGGCGAATATCACGAAGCTGTAATTCTATAATTTAAATACATTATCAGTTTATTTGAATCTTCAACTATCTTAATATAAATATTTTATAAAATAGAAAAGAGGAGGACTAATAATGGAAAAAATCAGGGTATTAGTTGGAAAACCCGGTTTAGATGGTCATGATAGAGGTGCAAAAGTTGTAGCGAGAGCTCTAAGGGATGCTGGAATGGAAGTCATTTATACTGGAATCAGACAAACTCCAGAAGATATTGTAAACACTGCGTTAGAAGAAGATGTACAAATAATAGGTTTATCTATATTATCTGGTGCTCATATGAAATTATGTGAAAAAGTATTAAAATTACTGAAAGAAAAAGATGCTAATATACCAATATTCTTAGGTGGTATTATACCTGAAGATGATATACCTGCTTTAAAAGAAATGGGAATAAAAGAGGTATTTGGTCCAGGAACTCCTCTTGAAACAATAATCAGCAAGGTGAAAGAAATTGCAAATTCAAAAGAAGCTTGATAAAATAATAGAAAAATTTAAAGATGGAGAAAAATATGCTCTTGCACAGGTAATTTCTCTTGTAGAGAATAATATAAACTATGCATGGGATATAATTTCACAATTACCAAAACAAAAAAAAGAAACACAAATAATTGGCATTACTGGAAGTCCCGGAGCAGGAAAAAGTACCACATTATCAAAAATGGTAAAAGAATGGAGTAATCAAGGACTAAAGATAGGAATAATTGCCGTAGATCCTTCAAGTCCTTTTTCTGGCGGGGCATTTTTGGGAGATAGAATTAGAATGAGAAATCTTTCCGGAAGGGATAATATATACATCAGAAGTGTTGCTTCAAGAGGTAGTGTTGGTGGGTTATGCGATTCTATCTATGATATAGTTGATGTAATGAAATCATTTGGATTTGATAAAATAATCATCGAAACTGTTGGAGCAGGTCAGTCAGAAATTGAAGTAATATTTGTTGCAGATACAATCCTTCTTGTATTATCTCCAAATACCGGGGACGAGATTCAAATGTTTAAAGCTGGTATTATGGAAATTGCTGATGCATACATTGTAAATAAGATGGACCTACCAGAGTCTGATAAATTTGTCTTACAATTAAAAAATACATTGTCTTTAGAAAGCGAATCCAAAACCAAGATAATTCTTCCTGTTAGCGCTATAAGAAATGAAGGAATAAAAGATGTTATTGATTGGATTGACTCACACTTTGAAGAAATTAAAAAAACGGGAGAATATGAATTTAGAAAAAAAAGAAGAATAAAAAGACGTGTTAGAAGTTCTATAATTAGAAATATTGATAATATAATTGAATCAGCAAATTTTAATTTTGAAAACATGACTGATTTAAAAGAAAAAATAATAAAGTATGTATGTGAGGTGGATAAAAATGAAAAAAATTGATCATATTGGTATAGTTGTTAAGTCAATTAAAGACGCTTTAAAATTATACAATGATTTACTTGGTTTGGAAATAACTGGTGAAGAAATTTTAGAAGATAGAGGTTTAAGAGTTGCTTTTATAAAGGCAGGAGACACAAGAATAGAATTACTTGAACCATTAAATGATAATTCAGAAGTTTCCGGTTTTTTAGCTAAAAAAGGTGAAGGTATGCATCATATTGCTTATGAAGTTGAGAATGTTGAAGAGATAATTAAAAATGCAAAAAAATTAGGGTTAAAACCTTTAAGTGATGAACCAAAAAATGGTGCTCACAATACAAAAGTTGTATTTTTACACCCTAAAACAACTAATGGAGTACTTGTTGAATTAGTTGAACACCAATAATACTCGAAAGGAGTGTAATAAATGGATGAAAAGTTTCAAGAAATTTATGAA
CP069362.1_gap16	527684	531864	4180	AAAATAATAATGACACATTTCAATAAACTTCTCAATTTATTCCTTTTATCATTTTCATCCAATTATTAAATAATTGTTCTGATGTGATTTGGTCATTTAAATAATCAACAAAATCATTACTAAAAAATTTATAAAGAATATAATCAATTTTATTATCAATAGGAATAGCCATTTTTAATTGTGATGCAACAATATCCCCTTTTTTCTCTAATTCTTCTAAAAGCTTCCTATTTGGCATAATTGTATTATTATATTTATAAAATTGCTCTGCTACTTTATCGCTTGAAAGATACTTAAAAACCTTATTTACAATTTTTTTATTATTTAATATTACCCATTGTTGTCCTCCCATAGGAGAAAATCTTGTATCTTCACCTTTAGGGATTAAAGAAATTCCAAAATCTATTTTCTTATCTTTTAAAGTCGAAAAACTCCATGGACCATTATATATAATCTTTACTTCATTTTGAGAAAACATTTTTATCATATCGTCATAAAAATCTTCCGATGATTTAGGAATTAGCTGGTTTTTATATAAATATTTAATCTTTTCTGCTATTTTTATAAATTTTTCTTTATTTACTTTTTTGGTTAGAAAATTCTTATCTTCGCTTCCAAAAATTGTACTCATCCACCACCCAGAATTATACGGTAAATAAATTGCATACTTATCTATTTTACTTTTATTAAAATCAGATGATTTAAAAGTATGCCCATTTATATCTACTGTATTTTCTTCAATAAAATTCCATAATTCATCTAATGTATTTGGAGGTGCATCCACATATTTTTTATTATACAACATTACAAGGCAATCTACAGCTTGTAATGTTGGTTCTCCATATGTATATTTTTTAAACCATTCAGGCATTTTTATATCAACTCTTGCTATATCTACTTCCTGATTAGAATCTATAATTTCCTTAATTCTTGAAAAGTGGCCTGAAAATGGAATTCTTCTTATGTCAAATTTAACAAAATGGGTTAAACTATAAGATTTCAAAATCTTTTCCAACCCTTTAGTCTCATTTTCTGACATCTGTGTAACTACTGTAATATTTTCTCTTGGAATTAAAAAATATGTAATTATCAAAATAAGTATCACAATAGTTACTTTTTGCACCTTCATATTTACATCTCCTTATAGTAACTTTTTATTTCTTCAATATTTTCAAGAAATATTTGTACTATTTCCGGATCAAAGTGTTTCCCACTTTCTTCTTTAATAATTTTTATTGCTTCACTTATTGAAAATCCTTTTTTATATGGTCTTTCTGAAATTAATGCATCAAAAACATCACAAACAGCAACGATTCTTCCTTCTATTGGTATTTCTTTACCTTCAAGCCCATAAGGATATCCTGTTCCATTGAACTTTTCATGATGATATAACGCTATTCTTGCTGCTAAATCAAAAAATTCATCATCTATTTTTTTCAAAATTTTATATCCTATTTTTGTATGCTCCTTCATTTGTTCATATTCTTCTTCAGTTAATTTTCCAGGTTTTAGTAATATTCTATCTGGTATTCCTATTTTTCCTATATCATGCATCTGAGCAGCATAATAATACTCTTTTATTATTTTTTCATCTTTAAAAATCTTAGAAGCTATTATTTTAGCTACTTTCCCAACTCTAACTATATGATTACCAGTTATTTCATCTCTAAATTCAGAAATATTTCCTAACAAACTTATAATTTCTTGAATAAGAACTTTATTTTTTTCAATATACTCTATATTATTTTTAAACATATCATCTAAAGTTTTTCCAATATTATCTATCTCTTTTATACCTGTACTCGAAATAATATAATTTGTTTCTTCACCTTTCAAAATTTTATTTCCAATTTTTTCAACGTCTATAGAAAACTTTTCTATACTATTTTGAATTTTTATATAATATCTTTTATCTATCCAAAAAGATATTATAAATATAATTCCAACTACAATTATCCATTGAACACTACTTTTCAAAATGTAATTTATTAAATTTAAATCAAGGTCCATTAACATATATATTGGATATACACTATATGTACTATCATTAAATCGCACATAATAATACTTATCATTTAACTTTATAATGCTTTTATTAATCAATTTTATATTTCTGAAATCTATGTTTCTCATATTATTTTCATTTGAGCAAATAATTTCTTTTTTTAAGGATACCATTATATAATTTCCTTCAAAATTTATTTTTCTCAGCACTTCTCTTATTATTGTAGGCAAAAATATCTTTTTTAATATTATTTTATTTTTTTCAATAGAATAATTCAAAAGTTCTTTATCCCTTATAATAGAATATCCTCCAAATGCTCCAACCTCTTTTATTGAATTCAATATTTCCTGTGGAGGAATTTCAATAATAACCTTTTTTGTTCTGACTAAAACACTATCAATTTCTTTGGTAATTTCTGTAAAAAATATATTTGATATTTTATTATATATATTTTTCTTATAACTTATTTCATCTCTTATATTAAAATAAATGGTTATTGGATATAAAAACAAAAACACTAATCCTAACAAAATGATACTTTGTTTATTAAATACTTTTATCAATGAATATTTTTTCATTACTTCTACTCCCTTGATTATTTATATTCATAAATATACAATGTTTGTTTCCCATTTATTATTTTCTTTTTTTTATCTGACTTATTTCCAAAGAATTTTTCAAAATCTTCATGTGAAGTTATTATAGAATATTTAAATTTAGGATATTTTTTTCTTAAATACCTCATTTGTTCATATATTTTTTCTGCATGTTTCTTATCTTTTAATCTCTCCCCATAAGGTGGATTTGTAATAATGTATCCTTCATCATAATCCAGTTTTATACTTTCCATATTATTTTTTTCAAAGTTTATATATTTATCTAAATTAAAGTTCTCAGCATTCTTCCCAGCTATTTCTATCATTTTATAATCTTTATCAAACCCATATATCTTTAACTCTGTATATTTTATGGAATCTATAGCTTCTTTTTTTATTTTATCTAATCTATTTTTATTAAAATTATGCCATGATTCAAAAACAAAATGTCTATAAAGACCAGGAGCTATATTTAATCCATACATCGCAGCTTCTATAGGAATGGTTCCAGAACCACAAAAGGGATCTATTAAAACATGTTTCCTCTTCCATCCAGCTTTCAAAATCATTGCAGCAGCAATTGTTTCTCTCAAAGGAGCTTGGCTCACCAATTTTCTATAACCTCTTTTATGCAATCCTTCACCTGTTGTATCTAAAACAATTGTAACTTTATTCTTTTTTATATATACTCTAAATTTATATATTCCAGCTTCTTCAAGATAACTATTAATTTTATATTCTTTCTTTAATCTTTCAATTATTGCTTTTTTTACAACCGATTGTATTACTGATTGATTATATAATACGGATTTAGATGTTCTAACTTTATCAATTATAATTTTACCATTTTTAGGTAAAAAATCTACCCATTTAATATCTGTAATTCCTGAAAATAATTCATCAAATGTTTCAGCATAAAACTCTCCGATTTTTATAAATATTCTTTCTGCTGTTCTTAAATTCAAATTTAACTTATAATATTCATAATCATTACCATAAAATTCAACCATTCCGTCATTTGCTTTTTCGATTTTATAATTCATCTTTTTTAGTTCATTAGAAAGTATCTTTTCCAAACCCAAAGCGCATAAAGCTATATATTCCATATCCACACCTCTTCTAAATTTTATTATTTTATTATAACATTTATTTTTTAACATAATATTTTATTTTCAAATTGATAAAAAAGCTAATTTTATGTTATAATATTTAAGTATTATTGTTTATAGCCAAAAATCAAAATTTTTCATACATTTTAAGGGAGGGACACCATGAAAACTCTTGGTAAGATTTTGTTATACACTGTAATCGCTCTAATGAATGCCGGATTAATATGGTCTATCTTTATATTATCGGGTTTAGGCAATTATGGATTGGCAATTGTTATTGCAGCTTTTGTAGTATTAGCAAATGTAGCCATTTTCTCAAAAAAAGGATATCCATATAGATATACCTTACCTGCTATGTTCTTTCTATTTATTCTAACTGTATATCCTATATATTATACTGTTAGAACTGCTTTTACAAACTACGGAACTGGTCATCTCTTCACAAGAGATCAAGCAATCCAAATACTCTT
CP069362.1_gap17	556328	557375	1047	AAAAAAGTTTTCATCTGGGATCTTTTATTTATCATATATTTAATAGTATTAACATATTTTGCTACCACACCAAAGCCACCATTTAATTATTCAAAGTTCTATGGTGAAGATAAAATATGGCATTTTTTAGCTTATGCGGGAGGTATGTTTTTATTCTTAAAAAGTTATTTTAATAGAAAATTCTTTCTATATTTTTTTGGAGCTATAATTTTTATTCTTCCTATAGGAAGTGAATATATTCAAGCATTATCTCCATATAGATATTTTTCTATGTATGATGCTTTAGCAAGTTATGCAGGCATTTTAGCTGTAATAATAACTTTGATAATTTATAAAAAATTTTTAATAAAGAACAAAACATAATTAAAAGGATTTCCAGCTGGAAATCCTTTTAATTTTTATTATTATCTTCAATTATTTCTTGCTTTACATTTATATATTCTACTCCACCTTCTTCAATTTGCATTTGATTTTCATCTTCACCTTTTTCCCACTTATCAAATTTTTTCATAACTAAATCATATGTTTTTTCACTAACTTCTGGTAATTTACCTCCTAAAATCCCTTTCACATCTTCAAATCCTTTTTTAACTGCATTTCTTAATAATTCAATTTTTGATTTATCATTACCAGAAATAGATTTAGCAAATTCTAATATTCTATCTGATACTGCTTCAGGACTCCACTTACCATTTTTTAATTCTTCTTTCATTTCTAATTTCTCATCTGGTGTAATTCCTAATTGTTTTTTTATTTTATCTTCTACCCACGCTTTAAATTCATCAAACATTTTTTGTGAATCACTTTGTAATTCTTTCCAACGATTAGAATTAATCTTAAGTTTCTTATTAACCAAACTTGAATAAGTAGCTTTCATATATTCTATCTCGGTTTTAACATAAACATCTCCTTTAAATTTTTTGTCTATAACTTTTCCATTGGCTTTTTCAAAATTTTCTTTTTTATCAATTTTTTTTACTTCTGAATACTTAAAATACTCAAAACCATTATTATCGATTCTCATTTTATCACCTCCATTTAACTTAT
CP069362.1_gap18	576038	580594	4556	GAAAATGGTATGTAGTTGATGCAGCAGGTATGTCATTGGGTAGATTAGCTGCACAAGTAGCAAAAGTGTTACAAGGAAAACACAAACCAACATATACACCTCATGTTGATACAGGTGATTATGTTATTGTAATAAATGCTGAAAAAATAGTATTGACAGGTAAAAAATTGACTCAAAAGAAATATTATAGACATACAGGTTATCCTGGAGGAATAAAAGAACAAACAGCAAAAGATATTTTAGAAAAATATCCTGAAAGATTAATTGAAAAAGCTGTTAAAGGTATGCTTCCTAAAACAACATTAGGAAGACATATGTTTAAAAAATTAAAGGTTTATTCTGGTTCTAATCACCCTCATGAAGCACAAAAACCAGAAAAGTTGGAATTATAAGGAGGGAATAATGCATGGCTGAATTAATAGATTATTACGGCACAGGTAGAAGAAAAGCTTCTATCGCAAGAGTACACTTAAGACCTGGCGAAGGTAAAGTTAGAGTTAATAAAAAAGAATTTGAAAATCTAACACAATATTTTAATAACAATCCTGTTTGGTCCAAACACGCTTTAGAACCATTAACAGTTACAGAAAACGAAGGAAAATTTGACTTAGTAATCACTGTTGAAGGCGGCGGAATGAACGGTCAAGCTGGTGCAATCAGATTAGGTATCGCAAGAGCTTTATTACAATATGATGAAAATTTAAGACCTGTATTAAGAAAACACGGATTATTAACAAGAGATCCAAGAGAAGTAGAAAGAAAGAAATACGGTTTAAAGAAAGCAAGAAGGGCACCACAATTCTCAAAGAGATGATTTTTGGATTATATCAAAATGTTGCATAATAAGGGAACGGTTTTTCCGTTCCCATCCTTTTGCTATATGGAGATGGTATTTTGATACCAAAAGAAATTATTGATGAAATAAACTCAAGATTAAATATCAAAGATATAGTTGGGAATTATCTTTCCTTAAAAAGAACGGGAAAGAATTATACTGCTTTATGTCCTTTTCATCCAGAAGATACTCCTTCTTTTTTTATTTTTCCTGCAACTAACACATTTCATTGTTTCGGTTGCGGAGCTCATGGAGATCCTATTAGTTTTATTCAAAAATATGAACAACTAAGCTTTATTGATGCTGTAAAAAAAGCTGCATCATTAGCTGGTGTAAATATTTCTCAATATTTAAAACAAAAAGAATTACCTGTAGAATTACAGATATTTGAAAATTATCATAAAAAATACAAAGAAATCCTTTTAAATTTATCAAAATCTCATCCCGCTTGGAAATATTTGAATAATAGAGGAATTACTATAGAATATGCTGATAAATTTGATTTAGGATTTTCAAATGGTTCTTTAAAATCTTCTATATTAGATGATTTTGATTTACCTATAACCCTCGGAAATGAATTAGGAATAATTAGAAAAAATGGTAGTGAAATTTTTTCTAATAGAATAATAATTCCAATAAAAGATGATTTTGGAAGAGTTGTTGCTTTTGCCGGAAGAACTATAAATAACGAAAATCCTAAATATTTAAATAGTCCAGAAAATAAATTTTTCCAAAAATCTAATATATTATTTTTATATGAAAAATCAAAAAATATCATTAAAAGAGAAAAATATTCTATCTTAGTTGAAGGTTATTTCGATGCAATAAACATGCATATTAATGGTTTTGAAAACACAGTAGCTATCCTTGGTTCTGCATTCACCTCAAATCATGCAAAAAAATTAATTAAACTAACAGACAAAGTTATTACTATGTTTGATATGGATTCTGCTGGACAAAACGCAACATTAAAATCATTGGATTATTTATTATCCTATGGTTTTCAAGTAGCTATTGCACAATACAATTCCAAAGATCCAGATGAATTAATTAAAAAATCTGGTTCGAAAGGAATTTTAAACACCTTAGAAAATTCTACAAAATTCTATGAGTTTATTCCTGAGTATTTTAAAGATAAATATAATTTAAATGATGAGTTTGGAATAGAACAATATCTTGAAAAAATGGCTGAATGGTACTTAAAATTTCAAAAATCAAAACATGCTGCAATCTTAGATACATTTATTAAAAGAATATCATTGATTCTTTTAAAACCCGAAAACAATATAAAAAAAGCCATAGATAATATATTAAAGTATAAAAAATTTAATAAAAAAATCCTCCCATATGTATCTCAAACAGAAAATACTATATCTTCTAAAATAAAAAAATATAATGAGCTTGATAAACAACTTATATGGTTATGGATTAAACATAAAAGATTTAGAAACATTATAACGGAAAAACTTTCATCAAAAGATTTTGAAAGTTATGGAAAAGAATTTTTGGATTTTATAGAAAATGGATATGATTTATCTTATATCCTTGAAAATGGTAGCGAAGAACTGGTTGATTTAATAAAATTGACATGGAATTTTGATTATGATATAGAACCAGAAAAGGTATTTTCAAGTCTAATATTATCAGTGGAGAGATTTCGAAAAGAAAAAGAAATTAAAGAGCTTAGAAAATTATTAAACTCTACTGTAGATCCAAAAGAAAAAAAAGAGATAATGAAAAAAATTTTTGAAATACTCGCTACCCTCAAAAAGCGAGGAGGTGTTTTTTAATGGCAGATAAAAATTTAATGAAAGCCATCGAAGAGATTGGCAATTTAGAAATTGGTGATGTTGACAAATCTAAAGAATTTGTTGAAGTTAAAAAGAAAAAGAAAAAAAGTTATAAACCTCCAAAACCTTTTGAAAAGATTATTAAAGAATTAGTTAAAAAAGCAAAAAAGAATAATATGGTATTAACATATGAAGATATTGATAAAACTTTACCCTCTGAATTGGATACTGAATTAATTGAAAAAGTATATGAAGCATTAGAAAAAGAAGGAATAATGGTTGATGATGGCTCTCAATTAGATGATGAAAGCATTCACGAAATTGAAGAAATTATTGAATCCGAGGGTGCTGCTACAATTGAATTAATGGACTATTTAGAAGATGGGGTTACACAAGTATTTGATAACATGTCTCTGAAAGACCCTATAAAAGTTTATTTAAAAGAAATTGGCAAAATAAAATTATTAACTCCTCAAAGAGAAAAAAGGTTAGCTAAAAGGGCTCATGAAGGCAACAAAAAAGCAAGAGATGAATTAATAAGAGCTAATTTAAGATTAGTTATATCTATCGCAAAAAAATATGTTGGAAGGGGATTATCATTCCTTGATTTAATCCAAGAAGGCAATATAGGTCTTATTAAAGCAGTAAATAAATTTGATTATAAAAAAGGATTTAAATTTAGTACATATGCAACATGGTGGATAAGACAGGCTATTACAAGAGCTATTGCTGATCAGGCAAGAACTATAAGAATTCCTGTTCATATGGTTGAAACTATAAATAAATTCAATAAAATAATAAGGGAATATCTTCAAGAATATGGAGAATATCCTTCTCCTGAAAAATTAGCCGAATTAACAGGAAAACCTATAGAAAAAGTAAATGAAATATTGCTCACAGCAAGGGAAACTATTTCTGCAGATTCACCACTTGGTTCATCTGATGAAGATGACTCTACAATTGGTGATTTTATAGCTGATGATTCATTAGACAAACCTTCTGAAGTTGCTATGAAAATGTTATTAAGAGAAGAATTAGAAAAGATATTAGATACATTACAACCAAGAGAGGCTATGGTTTTAAAAATGAGATATGGCCTTCTTGATGGAAAAGTTAAAACATTAGAAGAAGTTGGACAATATTTTAATGTAACCAGAGAAAGAATTAGACAAATAGAAGTAAAAGCTTTAAGAAAATTAAGACATCCAAGCAGAAGCGCTCAATTAAAAGAATTAAGTTCCATGTTAGGTAAAGAATTATAATCGGAGGATTATTATGGAAGAAAAAGTTTTTAATATAAAAAAAAGTGAATATGTTATTCCAGAGTTTTTCAAAGAAGAACTTGACGAAGAACAGTTAAAAGCAGTTACCAATTCTACCGGAAGGTCTCTTATAATAGCTGGCCCGGGTTCAGGGAAAACCCGGGTCATTACATATAAAATAGCTTATTTATTATCACAAGGAATAAAACCAGAAAATATTCTACTTGTTACTTTTACAAGAGCGTCTGCTAAAGAAATGATAGAAAGGGTTAAAAACGTTACTAACATAGACACTTCTTCATTAACCGCAGGAACATTCCATCACGTGTGTAATATGCTTTTAAGGCGATATGCTAAAATCCTTGGTTATGAAAATAATTTTTCTATTCTTGATTCCGAAGATGCCAAAGATTTAATGAGGATTGCTAAAAATGAATATAAAGGCAATTTAACTAAAGAAGAGGCTAAACAAATACCAAATGAAGGTGTTATTCTAAAAATTGTGGGATATGCTGCTAATACCATAAAATCATTAAGAGAAGCTATTTTAGATATAGCTCCATATTTAATAGATTATGAAGATGATATAGAAAAAATTTATATGAATTATTTAGAATTAAAACAGAAAATAAATGCTATGGATTATGATGATATGTTAGTAAACACATT
CP069362.1_gap19	581652	585394	3742	GGAAAGTTGTAATAATAATTTCAGTAAACCCTGGTGATTTTCCTAATGGCATGGCTTTAAAAGAAAAGAAATTAGACGAAGAAGAAAGGCTTTTTTATGTTGCAGTAACAAGAGCTAAGGATGAATTATATATTGTAAAACAATTAACTGGTACTGCCAAACCTTATTATGGTAATTCATTTTATATGAGGCAAAAACTTCCAGACTTTACAGATAAAATACCAAATAGACTTGTCGAATATTGGAAAATAGGATATACAGAATAGCTCCTCAAATTTTGAGGAGCTATTAATTTTATTAAAGAACATAAAATTGCTATCTATCCTCTTGCACTGGTATACCTTTTTAGTGATTTTTTTAACTATGAATAGAGGTTTCCAAAATCACATAGATATAATTTTGATTGAAGCCGAACATGGATGCGGTTCTGAAAGGAGACCATAAAAAATTTTGTGTAAATAAAAAATAGAACCCTCTTCTTGGTATGGTAAAATAAAACCAAGAAGGGGGTTTTTAAAATGGCAAAGAGAAAGAAAAAAGAAGAAAGTAACATTGAAAAGTTAGCAAAGTTAATAGCAAGGGATCCTGAAGTAAATACAATGAAAGATGTATATGATAAGATTAAAGAATTGATGGGACCAATAATACAAGAAATGTTAGAAGCTGAATTAGAAGATGAGTTAGGGTATGAGAAATACGATAAAGAAAATAAAGAAACAGATAATTCTAGAAATGGATACAGCTCAAAAAAGGTAAGATCAAGTATGGGTGAGATGGAATTAAAAATACCCAGAGATAGAAAAGGGGAATATGAACCGAAAATAATACCAAAATATAAAAGAGATATTTCAGATATTGAAGGTAGAATAATAGGAATGTATGGTTTAGGATTAAGTACGAAAGATATAGCTAAGAATGTAGAAGATATATATGGAGTAGAATTATCAGCTGAAATGATAAGTAAAATAACTAATAAGATATTACCCGAAATTAGAGAGTGGCAAAGCAGACCATTAGAAGAGATATATACTTTTGTTTTCATGGATGGAATAGTATTTAAAGTAAAAGATGATGGTGAAATAATTAAAAAGACTGCATATGTTGTAATAGGAGTAAATATTGATGGATTTAAAGAAGTCCTTGGTATATACATAGGGGAAATTGAATCATCAAAATTTTGGTTAAGAGTATTGAATGATTTAAAAAATAGAGGAGTTAAGGATATATTAATAGCTTCAGTAGATGGATTAACTGGATTTCCACAAGCAATTAAAGCTGCATTTCCTGATACTGTAGTACAAAGATGTATAATACATCAAATAAGAAATACATTAAAATATGTTAATTACAAAGATAGAAAGGAACTTGTAAATGATTTAAAAAAAGTATATAAAGCACCGAATAAAGATATAGCTTATTCAAATCTACAGGATTTAAAAGAAAATAAATGGACAAAATACAAATTAGCATTAGAAAGTTGGGAAAAACACTGGGAAACAATATCGCCATATTTTGATTATGGTGATGATGTAAGAAAAATAATGTACACAACAAATGTAATAGAATCATTGAATAGACAATATAGAAAAGTGACTAAAAATAAAACTTCATTTCCAAATGATGATGCATTATTAAAAATATTATATTTAGCAACAATAGATGCAACAAAAAGATGGACAGCTCGATATAGAAACTGGAGTAAAGTCCTAAACGAACTATCCATCTTTTTTAAAGAAAGAATAACAAAATACGTCTATAATTCTTAATACAACTAAATTCAAAAACCTGAAATAATCAATAATACATAAAACTAAATGCTAAAAACTAACACTAAAAATATATTCTCAATTTAATAATGTTAAATCTTGCAGTTAAAATTGCAAAAGAGTGTTTATTCCCAAAAATCACATCAAAAACTTCTGAAAATTACTACTAAAGCATATTACAATATAGACGATAATTCATATGAAAATAATTTAAGAATAATAATCCAATTTAATTAATTTATTACCATCCAAGAAGAGGCATTTACACAAAATTTTACATGCTACCTCTGAAAGGAATCTAAGAATGATTAATTTTTTCAGATTAGCAATCATTTGTTTAAATAAGTTTTATTTTAATTCCACTTTAGACGCGAATATTATTTTATTTTATACTTTGTCTAAAAACTAAAATCCTCTTTTCAGGGAGATTTTAGTTTTATTAATAATTATATTTTTTCTATAATATAATCTTCAATATCCCTTTTTTCTGAGTTTATATTTATTCCTATTATGTATATTTCTTTACCTTCACTTATGTATTTTTCATAATATTTCTTTTCTTTTATTTGCTTTATTGCTTCTTTTGCACTTTTATCTAATTTTATTTCAAATAAATATATTTTATCATTATGTTCTAATACTAAGTCACTTCTTCCAAGATTTGTTAATTCTTCTGCTGTTACATTCAATCCTGCTGATGCTAATATTGTATATATTAATGAGTGATAATAACTTTCTCTTTTTTGGTGTAAGTTATACGGTATCGCACTTATTATCCTTTTTATTTCTTCTATTTCATTTGCTTCTATTTTTTCATATATTTTATTTTCTATTTCTTCTATTTCTTCTAATCCATAATTTGCTTCTAATATTAATTCTGAAAAGCTATTTTTTACTTCTATGTTTGGATAGTCTAATATGTATTTTTTTCTTAGTCCATATCTTTTTATTCCTTTAAATGTTAAATAACCAGCCTGTGCGAAGAATATGTTTGCTTTTGCATCTTCTATTTCTCTTGTTGAGAAATCCATTGCACTTACTGGATATTTTGTTAATTCTTCATAGGTTACTTTTTTACCTTTTATATATTCATATATAAATGATGGTGACCCACTTTCAAACCAATAATTTTGAAATTCTTTTTTTTGGAAGAATTTTAATATTGAAAATGGATTATATACAAAGTGTTCCCCATCAAATGAGAACCCATTATAATATTTTTTCATTTCCTGTAATAGTTCTTTTTCTGTTATTTTTAATTTTTCTGCAGTTTCTTTTATGTATTCAGCAAAATAACTTTCCAGTTCTTCTTGTGTGTATCCCAACATTTGTGAATAATCATTATCTAATGATATATCATTTAAATTATTCAATGCTGAAAATACTCCTGTTTTTGTGAATTTTGTTATTCCAGTTAGAAAAACGAATTTTATATATTCATCCCTGGATTTAATTGTTACATAGAAATCTCTTAGTATTTCTCTATATCTTTCTGCTTTTTCTTTGTTATTTATATTATCTAATATCGGTTTTTCATATTCATCTACTAATATTACTACTTTTCCTTTTTTGGAAAGTTTTATTATTAATTCATCAAATGCAAATTTATAATCTTCTTCTATTATTTCTACATTATTCCTTTGACCTTCTTGTTTTATTAATTTTGTCAAACTCTTTTTAAATCTTTCTTCATTATCTGTTGCTGCTAATAGAACGTTTAATCTTATTATTGGATATTCTTTGAATTCCCATTTGTCATATATGTATGTATCTTTAAATAATTCTTTTTCTCCATTGAATATGTAATATAATGTCGATATTGTTAAGCTCTTCCCAAATCTTCTTGGACGAGATAAAAAATAATATTTTCCATTATCTATTAAATCAAAAATGTATTTTGTTTTATCCACATATATGTAATTTCCTTCTATTATTTCCTTATAATCCTGTATCCCTATTGGTAGTTTTTTCATCAG
CP069362.1_gap20	671242	675039	3797	TTAATTCTTTTTCTAATTCGTCTATTTTATTGCTTATTTCTTTATCATTCATTTTTACATATTCAGTGTTTTTATATTTAGAAATTGTTTTTTCTAATTCAATCATTTCTGGCAAAGTTTGATTTAATTCTTTCACTAAATTTAAATAGCTCATTTTCCACAACTCTGGCGCTTTTTCATTATCTTTTATAGCATCATATAATTTTCTTTCAACATCCATTTTCTCATCTAACGTTTTTGCTTTTTCAATTTTATCTTCATATATAAGGGGCTCGTACTTTATAGCATAACTAAAATCTTTTGAATAATTAGAATACCATTTATATAGTTTATTATTTTTCAATTCTGATTTTAAATTTTTCATTAATTCACTATCAGATTTTATATCATCAATAGTGTTATATACTTTTTTACCTTCAACTTTTATAATATGATAACCATAATTTGATTTTACTGGTCCTACTATTTCTCCAACTTTCGCTTTAAATGCTGCATTAAAATATTCTGGTACTACTTGATTTTTTGCGACCCAGTCAATACTACCACCATTTTTAGCTGATTGAGTATCAATAGAATATTTTTTTGCTGCATCTTCAAATGTAATTTTCCCACTCTCAATTTCATTTAAAATCTTATTAGCAGTTGCTTCATCTGTAACTAAAATATGTTTTGTTAATACTTTTTCATTTCTTAATTTTATATCTTCAAAATTATTTTTTATATACTCATCTAATTCTTTATCCGTAACATTTCCTATTGTAGAATCTATATATTTATAATATTCCTCCGTAGATAATGCTTCTCTTAAATATTGTTTAAGTCTATCTTCTGATCCAAAGTAGTTGATAATTTGATCTTTAGTTTGCGGATTACTCAAATATTGTGAAGCTAAATCATTCACCTGTTGATTAATCTTGCTTGCATCTGGCGTATAACCGTTTTCTTTTGCATAATATTCAAGTATCTTATAATTCAATATATCTTTTATTGTTGATAACATATAATATGGTTCTTTCATCTTATCATATTGTTGTCCGCTTTGCTGTAAGGAATTGATTCTATTCACATATTCAATTTCAAATCTTTTGTCATCTAAAGAATAATCTTTTAAAACTTTCCCCTCTTTGGTCAAATATCCAATAACTTCTGAAAAAGCAAAAACACTAAACACAACTAATAGTAAAACTAAAACTACTTTTTTCATACTACACCTCCAAATTTAGATATCTATTTTTGACTTAAATTCGTTCTTATTCATTTTTGAAATAGGAACTACATTAAATAAACTTTCATTAAAACACATTGTTAAATCTTTGTCTAACCCCATTTTTTTTAATTTTTGCGCATGAATAGAATATTGTAATATTCTTGCATGTGGAATATTTGCCATATTAAGCGCAATATATGATTCGTCATTAAAATATGTAATATCCTGTTTAGATAATACACTAAGAAGTCTTCCAGCTGTAAATACATCTTCTAAAGAGACATTACCATCCGTTCCACTACAAATTATTCCTATATCATCTATTTTTCTTGTAAGTAAATACTGTAAAACAGCTTTTAGGTTTATTAATGACGCTGCAATAGTTATTCCTTTAGAGTTAGCTAATAATAATGATTTAGAACCATTTGTAGTACACAATATAATTTTCTTATTTTTAAAATGAGCTGCATTTTTTAATATTTCTGAAGGAGAATTAGAATAATCAAAACCCGAGATTTTCATTGCATTTCTTTCCCCTAATAATAACGTATGCTCTCCTTTTAGTTCAAAAGCTTTTTCCGGGTTATTTACTATAGTAATACTATCACATCCAACAGACAATGCCGTAGCTATACTAGAAGTTGCTCTTAGTGTATCAATAACTATATAATATTTATGGGTTTCAATATTTTCTTTTGGTAAAAAATATGTATATAGCCTCATAATTCTTCCTCCACTGTTTTTGGATGAATTATTCTTTCTAAATCAAGATGCCATGTCTCATTTAAATTTAATAATCTTATATTTCCATTTATATATTCTAACGTTGTTACTGAGGCATTATCAAGCATAAAATTTCTATGTTGATTCAATGGTAAATTTAATACCCAACATATTACAGTTCTTAATAATAATCCATGAGAAACAACTACAATATCTTTTTCATTTTCACTAATAATTTTTTTTAAAGCTTTTACTCCTCTTTGCTGAACTTCAGCTAATGATTCAACTCCATTTACAAACGCCCACGGATCTTTTGACCATAACTCAAATTCTTTTGGAAATTTCTTTTTTACGTCATTAATATTATAGCCATTCCACAATGCAACATGTGCTTCTTTCAAATCTTCAATTATTATTGGTTGAGATTTGATGTTTTCTGATATAGGTAAAGCAGTTCTATGCGCTCTCTTCAATGGAGAAGAATAAACTTTTACATAATATTCATTTTTAAATCTTCCTTTTAAATTTTCCGCCTGTTTTATTCCTATTTCATTTAATTCTACATCAACATTTCCCTGCCATTTTCTTTGCAAATTCCAATCAGTCATCCCATGACGTATTAAGTAAATTTTCAATATTTTTCCCCCTTGACCTATTAAATATTCTATCATATTTTTGTAATTTTTGTATACATCTCTTTAATCTTTTTTTCATCATAAACCCCTGGGGTATTTTTTATGTGCGCCGAAGACATTACTTCATTTGTAAATAATTCTAATTCATCATCAGTAAAAGTTATATTAAAATCATATATCCCTAAATCTTTTAAGAATTTAAAGAAATTATCTAATGTTCCAAATATATCTTTAATTATTTTTGTTTTTTCTGGTGAATATTTATCAACTTCTTCCGCCACTAAAGGTAAGAAAATAGCAGTTGCCTGACCATGTCTTATTCCTTTGTGAATAGTAATTCTATACCCTAAAGAGTGAGGCAATATTGTTCCAGTTTGAGCAATTACCATCCCCGCTAAATTTGAAGCAATTGCAAGTTTTTCTCTATATTCAACATTATCCAAATTAACTAATGTTTTTGGCAAGTATTCATATATAAGTCTAATTGATTCCCTGGCAAGTATATCAGACATAACTGTGGCCCTTTTGGAAAGTATCCCTTCAACCGCATGAGACAAAGCATCAACTGCTGTTGTAAGAGTTAATTCTTTATTCATTTTAACCATATATCTTGGATCTAAATAAGATACATCTGGGAATATTAAATCGCTTTTAAATCCAGATTTTCTCCCATTTGGTTTTGTTAAAACTGCAAAAGGAGTTACCTCACTACCTGTTCCTGAAGTTGTAGGTACTGTTACTATAGGCAAAGCAACATCATAATTTTCCATATCAAACAAATCATCTGGAGTTAAATCTGAATTAGCAGTTAATACTGCAATAGCTTTTCCAGCATCCATAGGACTACCGCCACCAATAGCTATTACAAAATCACATTCTTCTTTTAAAGCTATTTCTTTCCCTTTTATTACCATTTCATATGTGGGATTTTCTCCGATTTCGTTATAGTGAATATATGGGATTCTATATTCCTTAAGAACAGAAATAACATCATCTAATGCTCCTGTTACTTTTGCAGAATTCCTTCCTGTTACTATAATGGCCTTTTCCCCTAATATCATTTCTTCTTTATTTTCAAAAATACACTTCTGACCATAATACAATTTTGTTGGCATGTAATATAGCATTTTCACTCACCCCTTATACAATATTTTTTCCAAAAATCATATAAAAAATCCGGACCTTTTTTAAATATATCTTTTAATGAATTAATATCATTATTATTATAATAA
CP069362.1_gap21	693972	697659	3687	AATATTTGATATCCTTCTTCTATTGGAACAGCAAATGGTTTATTACCAGCAACAGGCCTTCCTTGGAACACATAATATGGCGGCACACCTATAAATGATAGTTTTTTAAACAATTCCATCAATGTTTTCCAATCGGCATTTACTCCTTTGATCAAAGGTGTTTGATTGGCCAATATCGCACCTGCTTTTAATAATTTATTTATTGCTTTTATAGATACATCTGTAATTTCATTAGGATGATTAAATTGAGTCATAATATATATCTTTTTTTCATCAGTAGAATATTTTTTTATCATTTCAATTAATTCCGGATCATCTATTACTCTATATGGGTTAAAAGCAAGCATTTTTGAACCTATTCTAACTATTTGAACGTGTTCAATTCCTCTAATTTGTTTAATAATATTTTCTAATTTTTTTGTAGATAATAATAATGGGTCTCCACCTGTTAATAATACATTAGTTATTTCTTTGTGTTGTTTGATATATTCTAAATCTTCACTTACATCTCTAACTACTTCTTCACCAATATTTATAAATAATCTTTTTCTGAAACAAAATCTACAAAATCCCCCACAAACATCATTTACCAAAAGCAAAGCTGTATCTCTGTATTTGTGTTGCAGTCCTTTACTTATGGTATATGATTTTTCATTTGAAGCATCTAATCTTCCCCATTCTTCTAATTCATCAACTTGTGGAATAATAAGCTTTCTTATTGGATCATCAGGATCCTCCCAATTAATTAAACTTAAATAATAATCATTTGCTCTAAACTTGTATTTTTTTGTAACTTTCTTTAATTCGTTTCTCTCTTCTTGGTTTAATTGCTCTACTTTGTCAATATCAATTATATACTTTACACTCAATGCATCCTCCTCCTTTCAAAGTTATTTAACGAAAAAAATGAACTCTTTTTAGAGTCTTATTTGTAGACAATACACAAAATAAAATATTCAAAATAATATTCGTTTATATGATTTTTTATATTTCATTTTCCAACAATTTGCGGCTTTTTAAGGATAAGTGTCATTTCAGATAGAGTTAATAAAGAAGGAATATGAGGTTACACATATATTATAACATATAAAATTAATATTCAAAAATAACTTGAGGTTTGTTTTTTATAGGATGATAGGTTATTATACAATCTATATCATATATTTCTTTCATTATTTTTTGTGTTATTACTTCTTCTGGTTTACCATGATATTTTATAATACCTTCTTTAAAGATATATATTCTATCAGAATATAGAGAGGCTAAATTAATATCATGAAATATAGAAAGAATACTTTTATTTTTTTGAATAGATTCATTTTTTACCATTCTTACTAATTGTTGTGTATATCCCGGATCAATTTGTGAAACAAATTCATCCAGTAATAATACATTAGTATCTTGAGCTAATGCTCTCGTTAACATTACCCTTTGTTTTTCACCACCACTTAAATAATTATATATTCTATCCTTAAATTTTAGCGTGTCTGTCTTTTCCATTATCTTATTTAAAAATTCATACTCTCTTCTTGAAAACAATGTTTCATATGGTATTCTGCCTGAAGAAATAATGCTTTCTACTGTAAAATCAAAGGAAGTATAAAATTCTTGAGGAACAACAGAAATTTCTTTAAATAACTCTTTTTTAGAATATTTTTCTATATTTTTATCATTTATAATAATTTTGCCTTTATCTTTTTTTTCTATCATAGTTAATAACTTTAACACTGTAGTTTTACCAGAACCATTAGGACCTATAATTGATACAAATTCCCCTTTTTCAACATATAATTCATCAATATATAATGTAAAATGATTATTATATGAAAATTTTAGATCTTTCATTTCAATTATTCTCATATTTTTCTTCCTCTTTTCATAATAATGATAAAAATAGGAGTTCCTACTAATGATGTTGTTACACCAATAGGTAACTCTGTAGGTCTAAACAAATATCTTGAAAATAAATCTGCAAATCCTAAAAATATTCCACCATATATTAAAGAGCCTATTGTAGAATAATAAATATTAGGACCTGTAAACTTTCTCACGAGATGTGGAATTATTAATCCAACAAAACCAATTATCCCTGCTTTTGAAACAACTACAGAAACAGCAAATATATTTATAGTCAATACTAATAATTTTATTTTTTCAGGATTTATTCCTGAAAAAATAGATATATCATCACCCATAGCAACAACTTCTATATGTTTTTTGAAAATGAAATTAATTAATACTTGAAGAATTAAAAATATACTTAAAATTATTAAATCTGACCAAACAATGTTTCCTGTACTACCCATAAGCCAAAAATTTACATGTAACAAATTTTGCCAGAATAAAACAGTAAATAAAGTTGAAATTGAATTAAATACAAATCCTACAATAACACCACTTAATATTAGTGATACAACAGGAATTTTTCTACCTTCTTTTGCAAGAGCAAAGGCTATCCCTGTTGCTATTAAAGCAGATAAAAATGCAAAAGTTTCTATCCCAAAAGGTAAATTTATTCCATATACACTTTTTAATGCAGTATATATAACAGCACCAAAACTTGCTCCAGATGAAATACCAATAATAAATGGATCGGCAAGTGGATTTTTTATTATCATTTGAAAGTCATTACCAGCTATTGCGAGAATAGCTCCTATTAATATAGTTCCAATTACCCTCGGTAATCTCAAATTGAATATTATTCTATCATATAATACATTATCTGACTTATTTAAAAAGGATGACATTACATCTTTAAAAGGAATTTTTACCGTCCCTAATGATGTGAATATTATTATTGATAAAAATACAAAAATAACCCCCAACAAAAGGGAAAAAATCGGGGAGAACTTCCCCGAAATTATTTTTTTCATTTATTTTCACTGAAGAGTTTATTAATCTCTCCTAATAAATTTATTAATCCTGTATTTGGCAATGATGCCTTATTACCATCAATAATAAATACTTTTCCTTCCTTAACAGCTTTCACATCTTTGAATTGTTCAGCGTTCATAATTAAATTATATGCTCCTTTATCACCAGGATAATAAGCTGGCACTAAAATAATATCTGGATTTTCTTTAACTACAAATTCCGGTCCAATAGCAAACCAACCGTTATTCCCTGTATAAGGTGCTGTTATATTAATCCCACCAGCATATGCAATTATTTCGTTTAAATACGAACCTGTTCCACAAGTCCACATTTGTGAAACACTACCATATGCAGATAAATAAATAACTCTTGGTTTTTCTTTCCATGAAAATGTATTTTTTGCAATATTCAACATTCTTGTTCTTAATTTTTGAGCATAATCCTGAGCTGTTTTATCTTTTCCTAATATAACCCCAACAAGAGATAAATCTCTAAATACTTCATTTAATGTTGTAGCATTTAAAACGAAGGCTTTAATACCAAATTTTTCTAATTTGGAAATTTCTCCTTCTTGAAATCCACCAGTTAATAATACAACATCTGGATTTAAAGAAATTATTTTTTCTACATTCAAAGGAACCATATTACCTATTTTTTCTACATCTGTTATATAAGAATCAAAATTTGTTACTCCAACAACTTTTTCCTTTGCACCAAGTTTTACTATAAAATCGGAAATAGCTGGTGCTGCAACCACAATTCTCCCAACTTCCTTATCAAATGTAACAATTCTTCCCAAATCATCAACTAATG
CP069362.1_gap22	739664	742579	2915	GTTTTTGATGCATTAAACGATATTAGAAATCTTGAAAAAAGCATTGAAATAGCTAAAAAAAGAAGTATCCACGTTCAAGGCGCTATTTCTTATACAATAAGTCCTGTTCATGATCTTGATTTTTATTTGAATTTTGCTAAAGAATTAATAGAAAAAGGTGTGGATTCTATAGTTATAAAAGACATGGCTGGATTACTAACTCCAAAAATGTCTTATCAATTGGTTTCAGAATTAAAGAAAAAGTTCAATGTACCTATAGAATTGCATTCGCATAATACTGCAGGTATGGCTTCAATTGCATATCAAGCAGCTATAGATGCGGGAGTTGACTATATCGACACTGCTTTAAGTCCTTTTGCAAATGCAAGTTCTCAACCTGCTGTTGAACCTTTTAATTTTGCACTTGGCGAACCATTAAATTCCGACTTATTATATGAATTAGCTCATCATTTCTGGAAAGTAAGAGAAAATCACAGCGAAAATGATATGAAAATGGTTTCTATTGATTCAAGAATTTTAAAAGCTCAAATACCAGGTGGTATGTTCTCTAATCTTGTTTCACAATTAAAAAATCAAAAAATGGTTCATTTATTAGATGATGTTCTAGAAGAAGTACCAAGAGTGCGAAAAGATCTTGGATATCCACCATTAGTTACGCCTACAAGTCAAATTGTTGGTGTTCAAGCTGTTTTAAATGTGATGTATAAGGAAAGATATAAAGCTATTACTAATGAAGTAAAGAATTATTTAAGAGGTATGTATGGAAGACCACCTGCTCCAGTTAATGAAGAATTGTTAAAGAAGGCATTAGGAGATGAAAAACCTATAACTTGCAGACCAGCAGATTTATTGGAACCTGAAATTGAAAAATCAAGAGAAGAAATATGTGCATTAGCAGAAAATGATGAAGATTTATTAACTTATATATTGTTCGGTGAAGTGGGAAAGAACTATTTGAAGAAGAAATATGAAAAGGAAATTCAGGTTGATTTTGATTTAGTTGAAGAAAATGAAGAATTTTCTGAAGATGAAAGTGTATATCCAGTATAATTAAGAGTTGCCTTTTGGCAACTCTTAATTATTTTTTATTAGAGGTAATGTAAAATTTATCCAATAAAGTGCTGTTAAATCCATATTCAATGAAAATTTTAAATTTGATTTTTTCGTTTTTAAATTATAATTATAATCTATACTTCCATTAATTCCATCTAAGCTATATTTTCCGTCTAAAATAGAGAAATATGGATACCATATCCTCTTTGATAACTTTAATCCTGGAATTAAATTACCATTTGTATCATAATAAATATATGGTTCAGTTTTTACAGAATAAATATCAAATGCTTTGGAATATTGAATATAAAAATTATCATTGTTATATCCCAAAATACTGTTGTTTTCATAATATTGTTGTTGATCAATTTTATATGGATTATTCATTAAATTAATTATTATTTCTTTTGATTTTAAAGTTATATTTTCTAATTCAAAATTACTACTTAATGTTAAATAATTTTGTTTCTTTAAATGGAATTCAAAACTTTTTGAAATATTTATACTTGAGTATAACTTGCTATTTTGATATTTAAAAATACCTAAATTTTGTGTATAGTAGTCCAAATAAAAACCAAAAATAGGTTTTAATTGAGTAAAATCTGTTAATAGTCCTGCTCCTACACCATAATTAACCCCTTCACTTAAAGATAAATATAATGCACCTATATCATTATTTTCTGCATATGGAACTAAAAAATTATATTTTAATGATTCAGAATATTTATTCATCTGTTTAGCTATTTTTAGATCTGTGTTCTCCACAATAATTTGAGTATTATATAATTTTATATTTTTTTCACCAATATTATTAATTTCTATTTTTGAAAGATGATATCCAGTAAAATTATAGTATAAAAAATAAAGTTCATCATTTAATACCACTGGATAAAATGTTCCAAAAATGTGGTTAGTTAATTTACTTACCAACCCTGTTATTAGATTTATAGAATAGATATTAAAAATATCATCTTCATAATTAGCTGTATAGTATATATTATTATCTTTAACAAAAAGATTCATTTCAATATATTTATCATTGGTTAATTGAATTAATTTTTTGGTATTTAAATCAATATAATATATGTCATTCTGATTATTTATTATTCCAGAAAAATATATTTTATTATTAAAGTAGTAAAAATCATTTATTGTATATTTCCCATAATCCATTAATTTTTCTGTTTTCCCTGTATTTAAATTTTTTAAAAATACTGCTGTTAATCCATCTTTTATTTTTGTATATACAATTCTTTCACTTCCTGCAAAAGCAAAATTGGTTACTCGAATATCTATTAATGTATCTGAAATAGGACAGTTACATTTTAAATATAGAGAATTTATATATTTATCGTTTTTATTTGAAATGAGATATATTATTTTTCCATCATTTGATATGTCAAAATTTTTTATATCCGGTAAAATTAATTTATCGTCTTTATATCTATATATTCCACTTCTTTTACCTGGAGATTCCTTATAATAATAAATATTTTTTCCATCTGTTTTTAAATTTGAAGTGAAATGATTTGATTTATTTAATGGAACATAATTATCAACATATCCTTTATTTAATAAATCTAAATACTCGTTTTTATATTTTATTTTTATGTATAATAAAAAATCATTCCATTTTTCGTTAGTTATTCTTTCAAATGAACTGCTTATTGTGCTAAAAAATAAATGTGAGTTAATATCTTTTATGATGCTTCTTAATGTATCTTCTCCATATTTTTCTGAAATTTCTTTGGTAACAATAGCTCCATACATATAATTAAATCCTGCTGGTGACCATATATCTTTATATGGCCCTGCACCTAATTGATATCTTGGATAATTATTACTTAAGATTTCTGCTTTTA
CP069362.1_gap23	743626	747884	4258	GCTATTAAGATTGAATCGAATGAAATTGATTATCTAGTTGAAGGAGATATTGAGAAATTTCTTTTTACTTATCCTGTATCCGATGATTTTAAATTAAACGATAAATCAGATTATAACTTAATTTCAAAAATCGCGCCACTTGGAGCAGAAATATTAAAAAAACATCCAAGATATCCTGATATTATCGTTGAAATGGATGTGTCTCGTGGATGTGAAAGAAAAAATGGTTTTTGCTCATTTTGTACAGAACCATTAATTAATGGAAAATACCGGGAAAGACCTTTAAAAGATACATTAGAGGAAGCAAAAGCTATTTACAATGCCGGAGTTAAAAATTTTAGATTCGGAAGAGCTGCTAATTTTTTAGCATATGGTTCTCTTTTGAATAATGGAGACCCTAATATTGAATTATTTAATGAGTTATACCAGGAAATGGCTAAAATATCCGATGTTCTTCATACAGATAATGCAAATCCTGCTTATATTGTAAAACATAAAAATAAGATTAAAAAATTATTGGAAATTATTGTTAAATATAATACAGCAGGCGATATTCTATCTTTTGGCGTTGAATCCTTTGATAAAAATGTTACTTTAAAGAATAAAATTGATATTTTACCAGAAGATTCTTTGGAAGCAATTAGAATAGTTAACGAAATTGGAAGTATCAGAGATAAGAACGGTATTCCAAAATTACTACCAGGTATAAATTTATTATATGGTCTAATTGGTGAAACTAAAGAAACTTTTGAAATAAACAAAGAATATCTAGAAAAAATTATGGATGAAAATTTATTGGTAAGAAGAATAAATGTTCGTCAGGTCATGGCTTTTCCTGGAACTTTATTATATAATATTAAACCAAAACAACATAAAAAAGATTTCATTAAATTTAAGGAATATATGGAACAATATAATCATGAAATGATAAAAAAAGTCTTTCCTATTGGAACTATATTAAGAAATCTAATTATAGAAGAAGTAAAAGGAAATATATCTTTCGGAAGACAATTGGGTACGTATCCTATAAAAACCGGAATTATTGGAAAATATAATTTATTGGACAAAATAGATGGTGTTGTAGTTGATCATGGTTCTCGCTCTATTACAGCTCTAAAATATCCTTTTGATATTAATAAAGCTACAGTTGACGAACTAATATCCATTAATGGAATAGGGAAAAAAACGGCAGAATCAATTATATTAAAAAGACCTATTAATGATTTAAATGATTTGGATATTACTGAAGAAGCAAAAAAGTCTCTATATATCATTAAAGGGGGAATGTTTTATGGGAAAGATTAGAGTATTAGGTATTTATATTCATGACAGAAAAAAAGAAGCAGGTGAGGTACAAAGATTATTAACAGGATTTGGGTGCATTATAAAAACAAGACTTGGTTTACATGATGCATTTGACGATGATTGCAGCGATAGAGGATTAATTCTTTTAGAATTAGCAGGAGATCAAAATTTATGGAATGATTTAGAAGAAAAATTATCAAAAGTCGAGGGAATTACTGTAAAAAATATGGATTTTGATTTTTAAAAGGGGCTTAATGCCCCTTTATTCAAAAATCCCAGAAACTCTAAAGTCTATTTCCTCATTATCTACATATGTCTTCGATGGTATTGTCTTAGCAACTACTTTTCCATTTTTAATTACATATATAGCTTCACTTCTTAATCTAATTGCTTCAATATCACTTGGTGCATTTAAAATTATTAAATCCGCCTTTTTTCCTTCTTCTATTCCATAATCTTTCAAATTCATTAATTTAGCAGAATTGCAGGTTATAGCTTTGTAAATTTGCTTTATTTCTTCATAACCTGTCATATGACCTATATTAAGCCCCATAAAAGCTACCTGGAGCATACTATATCTTCCTAAAGGATACCATGGATCCATTACTGAATCATGCCCTAACCCTACATTAATCCCATAATTTAATAGTTCTTTCACTCTTGTCATCCCTCTTCTGATTGGATAATTATCGAATCTTCCTCCAAGAGCTATATTATCTAAAGGATTAGCAATAACATTTAATTGTGCTTTTTTAAAAACTCCCATTAATTTATTCGCATATGCGTTGTTATATGAATGCATTGCGGTTATATGACTTGCTGTTACTCTTCCTTGATAACTTTCTTTAATTGTTTTAGAGGCTAAATATTCAACAAATCTTGACTGTTCATCATCTATTTCATCAATATGAACGTCAATATCTTTATCATACTTTTTGGCTAAATTCATTATTATATCTATGCTTTCTATTCCATCATTTCTAGAAAATTCATAATGTGGTATTCCACCAACCACATCTGCACCTAATTTCAAAGACTCTTCCATTAAATATTCTCCGTTCGGAAAACTAACTATGCCTTCTTGTGGAAAGGAAACTATTTGTAAATCAACTAAATCTTTTACTTCTTCTTTTACATCAATCATAGCTTTTAAAGCAACTAACTCCGGATCACATACATCAACATGCGTTCGTATTTTTAATGTTCCTTGAGCTACTGCCCATTTTATTGCCTCTTTTGCTCTTTTCTTTACATCATCATATGTTAATTTCTTCTTTCTTTCAGACCAAATGCTTATACCTTCCCATAATGTACCAGACATATTATAATTTGGATCTCCTACAGTAAGAATAGCATCTAAATGCACATGAGGATCGACAAAAGGTGGGGAAACTAAATTTCCTTCTGCATTTATTTCTTCTTTACAATTGTTAGTAATTTTTCCAATTTTTTCTATTTTCCCATCTTTTATACCAATATCAACAAATTTATCGTGATTTAATAATTTTGCATTTCTAATAATAATGTCCATTACTCCTCACCCTCTACTACATGATCATTATTTATTCTAAATAATTTAAAAAGTAAATCAAATATTACATAGAAAACAAAAGCTCCAATAATACCATTTAAAGGAGGAACCCCAGGACTATATTTAGCAATTAAAGCTCCAGCTACATATCCTAATATTCCAGCCCAATTGAACTTTTGAAATTTTATTTTTGTAATTTTAGGATATCTCATCTTATGTTTATAAAAGAAATCTGCCATAATAACTCCACCGATTGGAGGAATAAATGTTCCTAACAAAACAAGCCATGGAATTAACCAATTATACATTCCTAGTATAGCAAGAATTGTTCCTATTGCTGCTCCTCCAACAGTAAAATATCTTCTTTTTTCAGTTCTAAAAAAATTACATCCAGCTACAGAAAAATTATAAATAGTATTATCTTGAGTAGTCCAAATATTTAAAAACAACATTACAATTCCCCAAAATATAAGCCCTTGTTTTACTAAAACATTTACAATGTCTGGCTCTTGATAAACCAATCCACCATATGCCCCAGCAAAAATCATTAATCCATTACCAATAAAAAATGCTATAAGAGAACCAAAAATAGCTGAAAAAGCAGTTTTAGAAAACCTTGTCCAATTAGTTGACTGAGTTCCACCACTGACAAATGTTCCAAAAATTATAGTTATAGCTCCAGCTATTGTCATATTTTTTGTAGGTTCAATACCTAATATACCAGCTAACCCTCCAGCGTCTTTAGTAGCAATAGTCATGCTCCAAACTATCAATATAGTCATTAAAGGTACTGAAAATCTTGATAACCATTCCAATCCCCTATATCCAACATATGCAGTCCATGAAAATGCAAACCCAAAAACTATCATTAAAGGAATATTCCAACCTTGAGGTAAATTTAACAATTTTGTTAATAGTATTGCAATAGTAGCTGTTCCCCAAGCATACCAACCTATTTGTGTAAACCCTAAAACAAAATCTGGCCATTTGCTCCCCCAATCTCCAAAACTATATCTACCTAAAAGTACTGTGCTTAATCCTGTTTTATATGCTATATATCCCAAAACAGCTACATAAGCTCCTAATAAAAAATTACCCAGTGTTATTAATAATATTAAATCTGGCCAAAATTTAAAAGATACTCCCAAATTTCCACCTGCCCACATTGTGGCAGTGAAAAAAGTAAACCCTAATAGCACTACAGAAATTGACCAAAAACCTTTTCTTTCACTTTCCGGAACCTCAACTAAAGGAAAATCTTCTGTTCCTTCAACAGAAATTTCTTTTTGACTTTTTTTCAAGATTTCTTCATTTTCCATAATACCCCCCCTAACGTTAAATTTAGTCGAATATGTTACATTATAATTTAAATTAATTTAATAGATTCTATTTATTAACTTAAACTTAATATTGAGTATATAT
CP069362.1_gap24	749835	752354	2519	TTAATGCTTTCCTATATCCCTCTGTTCTTTCTTTAAATTCATAATTAATACTAAGACCCGATAAAGTTAAAATTTTTCTATGTCCTTTTTCAATTAAATATTTAGTTGCTAAATACCCTCCTTTCTTCTGATTTGTTCTGACATAATTTATTTTTGAAGTATTCATAAAATTTTCTGGTATGTAATGTAAAAATATATATGGAAAATTTTTCTCTAAAATAAACTCAACATCTTCTTTTGAAATAAATGGATTCATCAACAATAAACCATCAACGCTTCTACTTTGTATCATTTTTCTAATATATTTTTTTTCTATTTCATATTCAATTCTTACATGATATCCTTCCATTTGAGCTTCTCTGATTAATTTTCCCAATAAATTTGCAAAAAATATTTCTCCCCTCATATCATCAAAAAATTGAGGAATTATTACACCAATAGTATTTGTTTTTTTTCTATTTAGATTTCTCGCTGCTTCATTAAATTCAAAACCCAAATCTTCAGCAATTTTTTTTATTTTTTCTTTAGTTTTTTTAGAAATGTTTGGATAATCATTTAAACTTCTAGAAACTGTTGATGGGCTAACTCCTGCTATTTTAGCAATATCCTTTATTGTAACCATGTTATCAACCACCTCTATACTTTTGCAAACGGTTTATTTATGATATAATTAATAATACTACAACTTTTATTTTTTGTCAATTTACAATAGTCGGAGGTGGGTATTTTGAAAAGGTTATTTGGAACTGATGGTATTAGAGGATTGGTAAATGAAGAATTAACTGTGGATCTTGTATACAAAATAGGCAATGCTTTGGGAAGAATGTACAGTGGAAAATATAACAAACTATTAATTGCAAGAGATACAAGAAATTCTGGAGAAATGATGGAAGCTGCTTTAGCTTCTGGAGCTTTATCTGCAGGATTAAATGTTGAATTCTGTGGAGTAATTACAACTCCCGCATTAGCTTATTTAACAAAAAGTGAAAAAACTTTAGGAGTTATGATTTCTGCTTCTCATAACCCTGCTAATTACAACGGAATAAAAGTCTTAGCTGAAGGGTTTAAAATATCTGATGATGATGAAATAGATATAGAAAATCTAATACTGGAAAAAGAACCAGAATATGTCCCATACGGAGAAATTGGAAAAATGGCATCTTCACATTTAAAAGATAAATATATTGGATATATTGTTTCCGAATATGAATTAAATAATATCCCTTATAAAATAGCTGTCGATGTTGGTCATGGCTCAACAGGAGCTTTAATAGACAAAATATTTGGCGCATTTAATTTAAATTATGATGTATATTTCAACGAACCCGATGGTTTAAACATCAATGAAAAATGTGGGTCAACTCATCCAGAAGTTTTAGCTAATATAATAAAAAATGATGGTTATGATTTAGGTATATTATTTGATGGAGATGGTGATAGATGTTTATTTATCGATAAAAATGGAAATTTAATTGATGGCGATAAATTAATGGCTATTAATGCATTAAAATTAAAAAAGAAAAACAGACTTAATAATAATCTTGTAATTGCTACTATTATGAGTAATCTTGGATTAGAAAAATATCTTGAAAAAAATGGAATTCGGTTATGTAGAACCGCTGTAGGTGATAAATATGTTTTAGAAAAAATGCTATCTTCTGATGCTAGACTAGGCGGCGAACAATCTGGACATATTATTTTTCTAGATAAAGCAACCACTGGTGATGGAATAATTACAGGATTGGAAACTTTGGAAACTTTATTATATTTCAAACAAGATATTAATAGTTTAACAAAGGAAATTCCTGAATATCCACAATTATTAAAAAATATTGCTGTAAAAAATAAAAAATCTGTTATGGAAAATAAAAAATTGAAAAAAACTATCGAAGAATATTCCGCGCTTCCAAATTTTAGATTAGTTGTAAGACCTTCGGGAACAGAACATAAAATTAGGGTTATGGCAGAAGGCGAAGATAAAAAATTAGTCTATAATGTGGTTAATGAATTGTATGAAATGATTGAAGAAATAGACAGATATTAATATTAAACACCAGTCGCTTTTAACGACTGGTTTTATCTTAAATACTTAATTTTATTAAGCCATTAAGTAATTTTACTTATTTAATACTTTAATTATTGATTTTATAACTTTTTCAGAATCAAATGGTTTAACAATATAGTATGAAGCGCCTTTTTCCACCGCTTCCAAAACACGCATTTTATGCCCAAGAGCTGTTACCATAATAATTTTAGCTGAGGAATCATATTTTAATATTTCTGTCAAAGCCTTTATTCCATCCATAATCGGCATAGAAATATCCATCGTTACTAAATCAGGATTTGTTTTTTTATACATTTCTATTGCTTCTTTTCCATCTGAAGCTTCATATATCTCAAAATCCAAAGGCTCTAATATCAACTTTAATTGATTTCTGATAAATGGTGCATCATCTACTATAAGAATTTTAGGCATTATATCACTTCCGGAATGATAATATGAAATTTAGTTCCTTTAT
CP069362.1_gap25	784416	786503	2087	GGTTCGAATCCCGTTTTCCGCTCCATAGAAATTTAAGCTCCCAAGTTAAGGGAGCTTTTTATTTATATTTTCATTATATTTACTTCTTTATCTACCGGATCTATTAAAGCTACAGTAGCCCTTCCAGTAAGCCAACCAGAACCTTCGCCAGGATTTACAATAATAGTTCCATTTTCATTCTTTCTGCTTACTATTTCATGAGTATGACCAAAAAAGACAAAGTCATATAATCCACTTTTTTCAGCAGCATTTAAACTATAAGGTTCATGCATCATTAAAATTCTATATCCATTAATTTTTAATTCTCTGGGGCCCGGCAATATCTTTTTACTTGATCTTTCACTTAACAATAATTTTTCACCATCATTATTGCCAAACACACCATAAAAATCTATTCCCTCTTTTAGAATATATGGTAATACAAATGGCGCCACAAAATCCCCACAATGAAATATCGCTGTAATATTTTCTCTTTCAATAATTTTTTCAATTTCCTTCATTTTATGCATATTATCATGCGTATCAGAAATTAATAACCACATTATCCCACCTCCGTTTTAATTATATCATATAAAAACAAAATAAGGTTTTTATTTTATTTAGATTGTCGATAAAATTTTTTCTAAAAAAATTAATTCATTAATTCATTTATGTTATAATAAATATAATAAAATATTCGCTTAACGAATAAACAAGGAGGTAAATATGGAAAATATAAAAAGAAATTTTTACGCTTTCATATGGCACGCTGTATTTTTAGCCATCGCAAGTTCTTTTATAGAGTTAAATACTGTAATCCCTTCTTTAATCTTAAAAGCTGGAGGAGGAGAAATTATTCTCGGAATTGTCACTGCAATTACAGTCGGAGTTCCATTGTTAGCACAATTATTGTTTGCCAGTTTCCTTGTATCTAAAAAAAGAAAAAAAACATATCTATTAGCTGGAATATACTTAAGAATTTTTTCATTGTTGGCAATTGGTCTTATTTTAATTTCACCTATGCCAAATACAATATTATTAACCTCAATTATAATAATAATATCTATATTTTCATTTAGCGGAGTTTTTGCAGGAGTAAGTTATACCGATCTATTAGGCAAATCTATTCCTAAAGATATCCAAAGAAAATTTATGAGCACAAGACAGATTTCAAGGAGTTCTTTCGCTTTATTAAGTGCATTCTTAGCCAAATATATATTAAATACTTTAAAATACCCAAAAAACTATTCAACTATGTTCTTAATTGCATCTTTTTCCTTATTCATAGCTTCACTTGGGTTTTGGGCTATTAAAGAAAAAGAGATAGAAACAACAAAGAGTTTTCCTTCTTTTTCAGAAATAATCAAAAGCATACCAAAAATATTAACTCATGACAGAAACCTTTTAAACTATGTAATTTTCAGTAATTTAACGGGGTTTGGGCTTATTATCATTCCGTTTTACATTTTATTAGCAAAAAAATCATTCCCTAATGCTTCTAATATGGTAGGAAATTTCTTACTATTACAAATGGTTGGTATAGTATTAGCAAGTTTTTTCTGGGGAAAAATACTTCATAGTAAAGGTTATAAAAGAGTTTTGTTTTATTGCACTATTCTTGGAAGTTTACTACCTTTTGTAGCATTGTATCTTAGTCATACTAATCCTATTATTTATGCTTTGATATTTCTTATTACAGGTTTTACTCTTAGTGCTAGACAAATGTGTTTTGAAGGTGTATTAATTGAAATTAGCAATCATGAAAATAGAGCTTTATATGTAGGAATTTCTGGAGCTCTCAATATAGTTACAGCTATTTTACCTCTAATAATTGGTGCTGTTATTAAAAATATTGGTTTTACAATAGTTTTGTCTTTCGTAAGTATTATGCTAATTAGTAGTATCATATTTTTAAGCAAAATAAAATTAGAACATTAGAAATTTCTAATGTTCTAATTTTATTAATATTATTTTAACTGAATTTATATATCTGTTTTAAAAATATATATGCTTTTTTGTGATATAATATAAACAAGGGATTTTTTGCACATAGTAATGTGAATAATATAACTATATTGGAGGTGTTATTATGAAATATGATATTATTG
CP069362.1_gap26	787795	790787	2992	GCTGCAGAGCAAGCTTTAGCACAAATGTAATTAATTATACTAATAATTATAAATACCCCAGTAGATTTTCTACTGGGGTATATTTATTATATTTTTTCTGCCAGTTCTAATGCTTCTTGAGTAGCATCTATAATTTGACCTACTTTCATAGCATCTCCAACTAAATAAACATTGTCAAATTCTTTAGATAATTCTTCATATAATTTATTTTCTGATTTTGTACCTGCTGTTATAACAATATCATCGAATTCTCCTAAAGAACTTTCTTCTCCATCTTTTGCTTTAACAAATACTTCTTTTCCTTTTACTTCTTTTACTAATGTGTTTGTATAAATACTAATTTTGGGGGCATAATTTTTTTGGAACAATTTACTTGCCACTATTTCCATTCCTCTTCCTACCTCGTCTAATGCTTCAATTACTGTAACTTTTTTATTTTCTTTTACCAATGCTTCAGCAACTTCCAATCCTATTAAGCCACCGCCAATAATTAATACCCTCTCCCCTTTGACTTCTTCACCGTCAAAGAAACCAAAACCTGTAATATAACTTTCCAATCCTTTTATAGGAGGAACAAATGGATATGCTCCAGTAGCAACTATTATTGAATCAAATTTTTCATTTTCAAATGTATCTTTTGTTACTTCTGTATTCATTCTTATTTCTAATTCCTTTTCTGCCTTTCTTATTAAATCATCTAATGTATCCTTCATAGATAATTTACCTGGTGATTTATAAGCTAATACCCATTGACCACCTAAATAATTGTTCTTTTCAAATATAGTTACATCATAACCTTTTTTCTTTAAATATAATCCTGCAAATAACCCTGCAGGTCCGCCACCAATAATGGCAACTTTTTTCTTTTCTGATTTTTCTACAACAAATTCTTTATGAACCTCCGGATTTGCAATACAACCTATTGGTTTTCCAGCTTTTACATTACCAAGACATCCTTGCAAACAACTTCCACATCTTAGATAATCATCTGAATTGGATAGTATTTTATTTGGAAAATCAGGATCTATAATTAATTGTCTTCCAAAAACTACACCATCCACAATTTTTCCTTCAACTAAATATTTATATCTTTCATCTTTATGCATTCTACCGGCTGCTATAATCGGCAATGTTGTTAATTCCCTTATTTCTTTTAATTTGTTATCCATAACTTCTAATGGTAATGACATATGATTATAATACCAAGGAGCAGAATCACATGCATTGCCCCATCCAACATGAATTGCTGAAACTCCAAATTCTTCAGCTAATGCAAATATTTTTGATAAATCTTCATTAGTAATACCATTTTCTACAAATTCACTACCTGAAACTCTAATAAATAATGGAATTTCAAGATTTTCTGTCACAGCAGTTAAAAGCTCTCTGGCAAATTTGAATTTATCTTTTCCATATTCATCTATTCTTTGATTTAATTTTTTAGAATAAAATTGATGAACGATATATCCATGGCCAAATTGAATTTCAACTCCATCTACTCCAGCTTTTTGTGCTCTCAATGCATTTTCTTTAAATGCATAAATTAGTTGTTCAATTTGATAATTGGTTAATTCTTTTGGAGTTTGACCTGTTGATGGACATTTAATTGGTGATGGGGCTAATATTTCACCTGATGCTTTAGGATTAGCTGCTCTTCCAGCGTGATTTAGATGTACTACTAACTTTGTATCGTATTGATGTAATGCATCTGCTAATTTTTTTAGCCCTTCAATATGTTCATCAGTGTTTAACATAGTTTGTTTTGGATGCTCTTTTCCAGAAGGTAAAACAGAAATGGGCTCTAAAATAATTGTGCCGACTCCACCTTTCGCTTTTCTTTCATAATACTTAATTTGTTCTTCAGTGATAAATCCTGTTTTTGGTGTAGCTAAAGCCGTTTTCACAGGTGCCATAAAAATATGATTTTTCGTTTCAAATTTTCCAAATTTCAAGAAAAATCACCCCTTTTTTGTTTTTAATATCCCCTATTTCTTCCTAAACCTTTACCCATTCCTCTGCCCATACCATGTCCAAGTCCTCTTCCTCTACCCATACCACGCATTGCTGGATTTTCCGAATTAGGTCTTATTGCATCTTTCGGACATTTTTCCATACATAACCCACATCTTGTACATATATCATTATTTATATATGGATAACCATCATTTTTAAGTGTTATTGCTCCTTCAACAGGACATACATTTACACATATCTTACATTTTACACATTCACTTTCTTTTACCCATGGCATATTCTCACCTCCCAGGAAAGTTATTCTACTTCCCCTGCTAACATAAATCTTACTTCTTCTAAAGCATCATCAATGGTTTTACTTTCAACTATTAAAGGCTTATAGCCTAATTTATCTAATTTAATCATTGAACCTTTTCCCATGGAATTACCTACCCACACTTTACAATGTCCTAAAAATTCTAAAATTTCCTCAACCTTTGCATGCATATGTGTTTCAGCATAAGGATTTTTTATTTCTTCAACTTTAGTGAAATTTTCACCATCATATTCGTATACAACATATATATTTGAATGTCCAAAATGTTCATCATTTATATGTATTCCATCTTTTGTACCAAATGCTATTTTCATAATATCAACTCCTTAATGTGTTGCATTTTCAACCTTTTCTAATTTTCCATTTTTATAATTTTCAATAATATTTGATAATGTGTCTTTTTTTGTTAAATATACTTCAATTCCTGCAGCATTTAATACTTCAAAAGCATTTTTACCTACACTTTCTAAAACTAAGACATTTACACCTTTTTCTGCTAACATTTGGGAAACTTTTGGTCCCATTCCATGAGCATCATTGGCAGTATTTTCTACTACTTCTACAATTTCATTTTTTTCTAAATCATAAATAACAAAAAGTTCTGCTCTTGCAAATCTGTCATTACTTAATGAATCTAATGTTTTTCCTTGTGATGGTATTGCTAATTTCATACTAACACCTCCAAATTTATTTTAATTTTTC
CP069362.1_gap27	807918	810726	2808	GCAATATTTGAAAAATTATTAATGTATGAATTTTTATCATTTAATTTATTTCCTAATTTAGATATTTCAAAATTAAGAGGTCCATCACTTATATTTATTTTTATCCTTTTTAAAATCTCTAAAAAACTTGGACTTTCACATAAATTTAAATATTTTATAGAAGTATCCATTCCTATAATATTTTTTAAATCTAATTCCATTTCTTCTATTGTAATTTTTTTTAAATATATTCTATTTTCTAATTCATTTATTATTTGAATATATTCCTCAGAATTTTCTTTCTTTTTTAGAATATCATTAATTTTTAAATATAGTTCAAGTAATTCTTTCTCGTTATAAATCATGGAATACAAATTTAAAATACGGTATATAACCTCATTCTTTTTTTGTTTTTTACTCAAAGAATTATATTCTTTTTCAAGATTATATCTAAATACTTTTGAATTTGCCATAATAATCGAAGAAATGGAAATAGATGTTGATAAATTAATAAAATTATTATTAAGAGTTAAAGATAAGTTAGGTTGAATAATATCTTTCAATAAATTAATTGTATTTAAATTATGCAATTTGCTGTCTATAACTTTTATTTCATATGAGCTATTTGTCCCGGATAAAATAAGTTTTTCAAAAGAATATTCTTTTTCATTCCCAAACACAAAAATAGATATAAAAATTATTATTAAAAATGACAATTTTTTCAACATTTTTATTATCCTTTATAACCATAAATATTTATTAAAATACTACCATCATCTAAACCTGTTAAACCAACTATATTATCAGGTATTTCATATATAACATCTTTTATTTTCCAGTTTTTAGTATTAAGTATTATTAATTTATTACTGCTATATATAGCAACATCATTGTCATTTATAAAGGTTACAAAATATGGTTCATCCATTATTATTTCTGGATAAGCATCCATTAATTCTATTTCTTTTATTGTTTTAGTTTCATTATTATAGTATTCAATTTTTATATTGTTTATAAGAATTACGTCTCCTTTTGTATTTACATCCAATTTGATATCGCCAATAAAATTCTTTTTTACCATAATATCTTCATTATTTGTTATATTTAAAAGATGAAGTTCTAATTTATCTTCACTATTTTGTATAACAAAAGATAAAAAATTATTGTTTATTTTTGATGGATTCATATCAAAATACACTGAATCTGAATAAGTTTTTATTAACTCCCATTTTTTATCTGATAATGAGTATTGATAAATTTCCAAGTTTTTATTATTATTATAAAAAAATACTACGGAATTATCATTTGTTACAAAATGAAAAGTGGAATCATATGAAGGTATTGGGAAATTATCTAATGTAATAACATTCCATTTAACTAAATTCTCTAAATTGGAAATATATAAATTATTTTTTCCCATTTCCTTAAACAATACTATATTACCCTTTTTACCAAACGATATTTTATCAGTGTTAATATATTTCTCCATTTCTTTTAAGTATAAATATTTAATTTTGTAATTTTCAATCTCTACTGTTTTAATAAAATTTTTAGCACCTGGAATTAAGACATTATAATCTCCAAAAATTAAAATAAAAGATACACTTAAAATAAATATCACTAAAGCTATCTTTTTCATATTTTCACCCCTCTGTATAATGTTTTCGTATAATTAATAAATCTGATATTAATTTTTAAAAAAAGAATTCTAAATCTGCATTATTATATAACTAAAGTAATTCTATCCCATCATGTATAAAAGGTGCTTTGAATAGTCTGACTAACTTTGGTATATATGATCCACTTCTTATTACAAAAAGAAAAAAGATCAAGGTAAATCTCACAAAGATACTGTTATTTTTACTACTAGAAAATTAGTTAGAAGTATTTATTATATGCTTAAAATACACCTTATAATCTTATTGAATTATCTCAAACTTCTAAAAAATGGTGTTTTTAAAGGATAATAGTAATAATCAATAATAATTAAGTAATAATTATTAACTAAATATTTCTATTTTTGCGCCCTTGTACAATACTTGTTTTTACTCTTTTTTCTATCTGTATTATTCTGAATTCTTTTAATCTTACATATTTGTAATTTTCATTGTTTTTTATTTTCTCCTAGATTTATTCCAGAGACTATTTTAATTCCCCATAACAAATAATGTTATGGGGAATATTTGTTTACAGACCTTTTAATTCTGTTTTTGTGGTTTCACTAGTTACCGTTTTATAAAATAATTGATCAATACTCCTATCAACAGTTTTCATAGTGCCATCATCATAAATTTCTTTCTCTTCTACCCAGTATTTATAATAGTATCTAGTATGAGCAGTTTTTTTATATAAGTACCAACCATAATATGGGGGAATTGATACATTATATGTTCTTGTAATTTCTGTTGAATCCTCCCTTTTTGAACCTAATCCTAATTTACCCAAAATATCTATACTTAGCGACCAACTCCAGGAATTCGTTAACTTAATTGAATAATTAAAATTTTCAGATATCGAACTTCTATTTTCCTCACCAGTTACATATTCCCATGCTGTTTCACCTAATTTTGAACTATTTAAATAAGAATAATGATATTCAGTAACTGTCTTTAAGATATTTGCTGCATTTAAGCTTGTTACAAATAACACTATTAACACAATAAAAATATACCACTTTTTCATTACCATCCCTCCAATATATTTTTTTAAATAACTGGCGCCAGCAAAAATATTAATTTATTCATCTATTATTTTATCAAAAAAAAAAAAAAAGTAAACAAAAGCGCAGTAAATTTGCTGTTAATTTTATATTTCTAAAATTTGATAAAT
CP069362.1_gap28	846230	850867	4637	TAATGTTTTTGGAAAATTAGCATAAAATGCTGCAGCTTTTACTAAATGTTCTATCTTTACCTTTTCATTTGGAGCATGTGCATACTTTTCATCACCAGGGCCAAATCCTACTGTTGGAATTCCATATACCCCAGCTGTAGCTATTCCGTTTGTACTAAATGTCCATTTATCTATTAATGGTTCGCTACCAAATGTTTTTATATATGCATCTTTTGCAGCTTGAACTACATCAGAATCTTCTTCAAGTACCCATGTTGGGAAATACTTTTCTACAGGATATTCAATGCCGGTATAAGCAGGTTTTGAGTAAGTTAATTCAACAATTTCTGCATCGATACCAGTTTTTTTGAATATCTCTCTGATTTCTTCGAATGCACTTTCTTTGGTTTCTCCAGCAGTAAGTCTTCTGTCAATATGTATTACACATTCATCAGGAACTGCATTATGTGAAGGTGATTTAAAGAAAATTTGAGAAACAACTATAGTGCCTTTCCCCAGGAAAGGATCATAGTGAAGATTATCATTTAATTTTTCTATTTCGTTAATTATCTTTGCCATTTTATATATAGCATTATCCCCTCTTTCTGGGGCACTAGCATGTGCAGAAAGACCGACTGTTTTAATTCTAAATTCTATTCTTCCTCTATGACCTCTATACACATTTAAACTAGTTGGTTCTGTAATAACTACAAAATCAGGTTTTAATTTATCTTCTTCTACAATATATCTCCAACATAATCCATCGCAGTCTTCTTCCATAACTGTACCTGTTACATATACAGTAAAATCATCAAGGAGATTTAACTCTTTTAAAATTTTCATACCGTATACCATAGAACACATACCAGCTTTTTGATCTGAAGCACCACGCCCATATACCCATTCATCATCCCAATCGCCACTAAAAGGATCTTTATCCCATAAATCAGGGTTCCCGACTTCAACTGTGTCAATATGAGCATCCATTGCTATAACATGTTTTCCGTTTCCTATTCTTCCAAGAATATTACCAAGGCCATCAATCTTTACTTCATCAAATCCTACCTTTTCCATTTCTTCTTTAATTACTTGAATAACCTCTTTTTCTTCGCCTGAATAACTACGAGCTTTTATCAGTTTACTCATGAATTTTACAATATCTTCTCTATATTTTTCCGCAAGTTCTAATGTTGTCAATCCTATCCCTCCCTAAAAAGTCTTTATAAAATTATATAACTTTTACTTTAAAATTAAAAACCTCTACATTTTCCGTTAACACTCTTTTAGTATTTAGAATTTCAAATATTGTTAATTATCTTCTTTATTTATAGAAATTCTATATAAAACAAAAAGCTCTCAAAAATGAGAGCCTACAAATTGTTGACAAAATAAAATATGAAAAAATAATATGAAAAAAATCCTTAAAAATTCCAAAAAAATATAAATGAAATCAGCTATATTATTGGAACTCAAAAATAAAATGAATGAAGACTCGAAGATTGCCTAAGCTTCGCTTCGCGAAAACTTAAACATTATAAGCTAAAATAATTGTTTTATTAATATAAAAACTTTTATCTATTTTTAATGCTACGCATTAAAAATATGTTCATGAATAATTTTTTCAGATTAGCAATCGAGCGTTTGAATGAGTTTTATTTTGATTCCAACTTTGAGGATTTAGAATTTTCACCTGGTGAAAACATTATTTTATAATTTACCTGCTTTTTTATAATAATCACAATATTCTTTTATAGGACATTCTTCGCATTTTGGATTTCTTGCTTTACAAACATTTCTTCCGTGGAAAATTAACCAATGATGTGCTTTCCCCCATAATTCTTTAGGAATCACCTTCATTAAATCTTCTTCTGTAGCTCTTACATCTTTACTATTAGCAAGACCTATTCTATTTGATACCCTAAAGACATGAGTATCAACAGCAATAGCATCCTCACCAAAAGCTACACTTAAAATGACATTTGCAGTTTTCCTTCCAACGCCAGGTAATTTTATCAATTCTTCTCTAGTTTTTGGAATTTCACCATTGTATTTATCAACAAGAATCTTAGCAGTTTTTATAATGTTTTTACTTTTTGTTTTATATAAACCTACTCCTTTTATGTATTTTTCTAATTCTTCTGGTTCTAATTTTGCAAAATCTTCAGGGGTTTTATACTTTTCAAATAAAATAGGAGTAACTTTATTCACCTGATTATCAGTAGTTTGAGCAGAAAGCATAACAGCTATTAATAGTTCAAAATTATTGCTGTATTTTAAAACTGTTTGAGGATTTGTATATGTTTTTGATAATATATCTAAGATTTTTTTAACTTCTTTTTTTGATTTCAATTTTTTCATTTAGTCCCTCCATAATTCTTCTCATAAAACTCCAAATACTCACCAGAAATTACTCTTTTCATCCAGTCTTGATTTTCTAAATACCATTCTATCGTTTTTTCTATTCCTTCATCAAACATTATCTCTGGTTCCCAACCTAATTCTTCTTTTATTTTTGTTGGATCTATTCCGTATCTCCTATCATGTCCTAGTCTGTCTTTTACATGTTTTATTAATTTCTCATTTATTTCTTTATCTCCTGTTTTTTCTCTGAGTATTTCTATTATCTTTTTTACTATGTATATGTTTTCTTTTTCGTTATGTCCTCCTATATTATATACTTCTCCTGTTCTTCCATTTTCAAATACCAAATCTATTGCTCTACAATGATCTGTTACATATAACCAATCTCTTATTTGTTTTCCATCTCCATATACTGGTAATTCTTTGTGGTTTAATGCATTGTTTATCATTAATGGTATTAATTTTTCTGGAAACTGATATGGTCCATAATTGTTTGAACATCTTGTTATGTTTGTTGGCATTTTATATGTATCATGATATGCTTTTACTATTAAGTCTGCTGATGCTTTACTTGCTGAATATGGACTATGTGGATCTAGTGGTGTCTTTTCTGTAAAATATCCAGTTGGTCCCAATGAACCATATACTTCATCTGTTGATACTTGTAGGAATTTTACTCCATCTTTGTATTTTTGTGTGTCTATTTCCCAATATTTTTTTGCTACATTTAATAATGTTTGTGTTCCTATTACATTTGTTTTTAAGAATATTTGTGGATCATGTATTGATCTATCTACATGACTTTCTGCTGCAAAGTTTATTATTCCTTCTATTTTATATGTTTCAAATATGTATTCTATTAATTCCTGGTTCTTTATATCGCCTTTTATGAACACAAATCTTTCTTTTTGTTCTGGGGTTAATTTTTCTAAATTTTCTAAGTTTCCAGCATATGTTAGTTTATCCAGTCCTATTATTTTTCTATCTTTGTATTTTTCTAAGTAATAATATACAAAGTTACTTCCTATGAATCCTGCTACTCCTGTTACTAATATATTCATTTTATATTTCCCCCGTTACTCTCTAAATTTTGCTAATAATATTAAATCAAAAAAATTCCCATTTCTGAATATTTCTTTTTTCAAAGTACCTTCTATTTTATATCCTAATTTTTTATATAATTTTAATGCTCTAATATTATCTGAAATAACTTCTAATTTAATTTTTTGAATATTTAATTCATAGAACACAAATTTTTCAATTAAAATAACAGCTTCCTTTCCATATCCATGTCCCCAATATCTTTCATCAATAAAAAATCCAGCAGTACAAATTGAATTCCTAAAATCAACATTTCTAATAACACACCCACCTATTAAATCATTTTCTTCTTTTCTCACTATAGCAAAATCGTATATATTTTTTTTTCTTCTTTCGGGAATGGATTTAAAAAAATTTTTTTGATCTTCAGTTGAAAAAGGTAATATTACATTAAAAGATAAAAATTCTCTTACTTTATAATTATTCATTATATTTTTTAAATTATCCATATCATATTCTTCATAACTTCTTAAATATATTTTTTCTCCTGTATACATAAAATCACTCTCCATCAGAAACAAAAGATAATAAATATTTCCCATACTCTGTATTTTTTAATTCTTCACCAAATTTTTTTAAATCTTTTCGTGAGACCCATCCGTTTCTGTATGCTATTTCTTCTAAACAGGCTATGTATAGTCCCTGTCTTTTTTGAATTGCAGCAACAAAGTTTGAAGCTTCCAATAACCCCTCAGGAGTTCCTGTATCTAACCAGGCAAATCCTCTTCCAAGAATTTGAACTTTCAATTTTTTCATTTTTAAGTATTCTTTGTTAATATCTGTAATTTCCAATTCTCCTCTTGAAGAAGGTGTAATTTTTTTTGCTATCTTTACAACATTATTATCATAAAAATATAATCCTGGTACAACATAATTAGATTTTGCTTTTTTAGGTTTTTCTTCCAAACTAATGACATTAAAATTTTGATCGAATTCAACGACCCCAAAATTAGAAGGATTTTTAACATAATATGCAAATATAAGGGCTCCATCAGAGACATTTTTTGCATTTTTTAAAATATCAGAAAATCCTTGTCCATAAAATAAGTTGTCTCCTAGGATTAATGCAACATTATCATTTCCTATAAAATCTTCTCCTATTATAAAAGCTTCAGCTATTCCATTTGGTTGTTTTTGGATCTTATATTCTAAATTTATTCCAAATTGATGTCCATTTCCTAATAAATTCTCATACA
CP069362.1_gap29	865248	865939	691	TTGTATTGAAAAATTTAATGGTGGAATAACACCATGCATATGTAAAATATCTTCTTTTTTTATTTTCCAATTATGTTTGTATTCTAACCAGTTAATAATATTATCTTTTAAATCTGTAGGCTCATATGTATAACCATATGCTCCATGATCTATTCTTTCTTTAAGTATTTTTTTAACTTCTTCTGGTGCTTCAAAATCCATATCTGCTACCCACATTGGTAAAACATCTTTATCTAAAAATAGATTTTTATTCCATTCATACCAATCCCACTTTATAGAATTAGTTCCTTTTCTATCTATATATTTCATTTTATCCCTCCCTGCTTCATATAAAAATTCTATCCACCTATTAATTATATAATATCATATTTATACACAAATCATCAAATGTGTTGCAAATTTGCACAAACAAAGCATTTTGATAATTTACAATATGAAAATTTTGAAGTATACTAAAATTACCAAAAAATTTTAAAAGAGGAGTGATAACATGGGCAGCTATCAATTAAAATATCATGCAAAAAAACCTGAAGGAATAGAAAATAAAAAAGAATATCTTGTTGGTTCAGGAATTGCTACACTTGCAGCAGCATTTTTCTTAATAAGAGATGGACACATGGATGGAAAAAATATTACTATATTTGAAAGAAAAAATGTTAATGGTGGAGCTTTAGACGGCGCTGGAAATCTT
CP069362.1_gap30	867184	869597	2413	AATTTGGCATTCTTGGGTCAATTTGTTGAAATTGAAGGCGATTGTGTATTTACTGTAGAATATTCAGTAAGATCTGCAATGATTGCTGTATACAAATTATTAAATCTCGATAAACAGGTTCCAGAAATTTATCCAAGTAAATATGATATTAGACACGTTGTTAATGCAACAAAAACTTTATATGGCAACAAACCATTACCAGGAGAATTCTTTGTAAAAAAATTACTTAAAGATACTTCATTAGATGGATTACTATAATTAAAGGGCTCATTCATGAGCCCTTTTTTTTCAAATTTTTTTAGCGATCTATATATATCTCCTTCTATAATCCTGCTCAGTTTATCTGTTAAAGTTTTTGGATTTTCTATCATTTTATTTTTTATCCAATCTATAATAACTCCAGTAAGCGCTATTTCATAAAACTTCACAATATCATTTTTTGTTTTATCCGGAACTTCTATATTTTTTGAAAGTTCTTCAACCACGTTATATATAAGCTTTGACACATAATCATAAAGATGGTCTTCAAGTCGATTCCTATCTATTGAATTATATGCATTTAATACTACTTTTTGATTTTATTTAATAATAGAAAATAATAACCTTTTTGCCATGTTTTATATGTTTTATTCTCGCCAATTACCTCTTTTATTTCTGTAATAAATGTCCATTCAAGTAATTCATATATATCGTGAAAATAATAATATAATGTTCTTCTGTTTACACCACAATCATTAACCACATCATTTACTGTAATTTTTGATAATGGTTTTTCTTTCATCAATTTTTTCAATGAATTTGAAAGTGCTTTTTTTGTTATTTCAGACATAATGGAAACCTCTCTTTTATTTCAGCAATTTTGTTTTCAGTTATATAATACACTGTATTCCTTATCAATTATACCATAACTCACTTTTTTTATATTATTATTTGATCACTTGATATATTAATTATAAATTTAAATATTGGAAATATAAGGTAAATTTTTTTATTTGTGTTGACTTCTTTTTTTTTTTTTTGATATAATCGAAAAGAATATAAAAATACTATAATAACATTTTTTTAATAATCTTTTTGTTACTCTTTATAAAAATATCTATGGCGCCATAAATAAAAATAGTGTCTTCAAAGATTATGATGAAAAAATAAAAAAATTCTATAATAGCATTTTTTAATTTTTTTTATTTCTTTTTACAAAATATTATTGAATTATTTATAAATAAAATATAAAAAATAATATTAAATAAAAGATTGTCAAAAAGGGTGAAAGTTTATGGTAAATGATATAGAAAGTTACTCATTTAAAACAAAAATAATAATATTTTTTCATATTATTGCAATAACCTATGTAGAAATTACTTCCAGTATTTCATATTTTTGGGCTATAATGTTTCTTTTATATCTTATAGCAGTTTATATTGAAATAAAAGGCGATAAATCATTAAAATTCTATTTTAAATTTAATAATTTCACTATTATATTTAAAAATAAATTGCTTTTATTTATATTGATTTTTTATCTTTTTGGAATATATATAAAGATTAAAAATTTTGATTTTAATGCTTTTTCTTCAATAGATTTAATGGCTATAACCTGGGCACCTATATACGAAGAAATATTATATAGATTAATAGTGATAGGTTTTTTGGAAATTATATTTAAAAGTAATAAGATAGTTTGTTTTATTTCAGCATTTATTTTTGCTATTGTTCATCAACAATATACATTGTTAGATGGAAAATTATTTATCTTTATATTTGCAATAATTAATTATTATTCATTTAAAAAATCTAAAACAATATATTCACCTATGCTTTATCATTTTCTCAATAATTCATTTTTTTAATAATTTTGTAAAAGATCTTTATAATTAATAATAATTAATTTCTGGCGCCAGATAAAAATCTAAAAATCAGGAGGGATTGTATGAATAAACGTATTTTTATAGTATTTTTGGTAATTTTTGTAAGTTTAACAATTTTTTCAAATGGTGTAAAGTATTATGAAAATCAAAAAACGATACTCCCAGAAGAACAATTAGTTATAAAATCAAATATTAATTCATATGGAAAAGTTATATATACATTAGTAAGAGAATTTGCTTATGTAGTTATAGAGGATCAAATGGAAAAAGCTTATCATGAAATCATTAGAATTGTTAAAAAAGATTATGAAGCTTATCTTGCCAAGAAAGCTGCTGAAGAAGAATATAACAGAAGAATTAGAGCCATTTTATCTCTTTTACAATATCCAGTAAAAAATACTCGTTCTACAACTATTTATGAAAATTATACCAGACTTACAGAGTATGACTCAATTATCAGAAATAATGCAACTGTACAATAAAATTCTCGGAGTTTTTTCAGATATTACTGCAAAAACAAGCACAAAACAACCCCTCTACGCTGGGCAT
CP069362.1_gap31	875559	876795	1236	ATGGAAAAGCTACAACCTGAGTTGCAAATAGGGCTAATAACAATTGCGTAGTACCTATTCCCACGTCTTTACCATAAACTGTTGCCATTTTAATTATAGTTCCTACTCCATCTATATAAAAGAAGTAAGCCAATAAAAATAAAAAGATATTATTATATTTTTTTATCTCTTTAAATGTATTTACAAGCCTTTCAAAACTATCCTTAATAGGCGTTTGGGATTTTTTAATATAATGTTCTTGATGAACATTTTTTAGTAGTGGAATAGTAAAAATTGCCCACCATAATGCAGTAATTATAAAAGCTAAACGCGTTGCTATTAGGGAATTAGAAAGACCTACAATACCAGGTTTCATAATAATAGCCATACTTATTATAAAAGGAATTGTACTACCAATATATCCCCAAGCAAAACCGCTTGCTGAAATCCAATCCATTTTTTCATCAGTTGTGACATCAACTATCATAGAATCATAAAATATGTTAGCTCCAGCAAAGCCTATAGCAGAAAATATATAAATGATTAAGCATTGGAGCCAATCTCCTTCTCCTATGGTAGCCAATAAAAATGTTGATATTACCCCTAATAACCAAAAAAAAGTTAGAAATCTTTTTTTTACATTTTTATAATCGGCAATTGTTCCAAGAATAGGTGCTAATAACGCAACAATTATTGTAGCTATTGTATTACCATATCCCCAATAAGCCGTAGAAAGATATCCTTCAATATTTCTTGCTGCAACTTCTTTAAAAAATATTGGTAGAACCGCAGTAGTCACAATCAAAGTATAAGCAGAATTAGCCCAATCATACATCACCCAACTTTTTTCTTTCTTTGTCATCCTACCCCTCCTGATAATCCTTAGAATAATATTAAACAGATAAAATAACATGAATTTTGTTTGATTCAAATATAAATTTTTTTAAAAGAATATTTTTAGAAAAAATATTTTCTGGAATATATAGATATAATCTATTCTTATCAATTTTTAAATATTTCGGGATTTTTTCTTGATTGATAAAATTAATTGGTAAATTATGTTCAAATGTATATATTCCAGATACTGTTTCTGGAGTTCCCGCTATTTTAATTGTATATTTAAACAATAACACCCTTATAATAATCATATTATCTACAAAGTTTATTTTTGTAGATAAATTAAAAATTTTTCTTAAAAATTCTGATGAAGAAAATTTTATTATTCCATTTAGAATATCCATAATGAAATCTTTGTCT
CP069362.1_gap32	878919	879851	932	TCAATTTTGAAAATAATGTCATTTTCGCCACACCTAAAATATTTGCTGCTTGAGTTTTATTATTTTTTGTAAATTCTAATGTTTTTAATATATATCTTTTTTCAACTTCTTCCAAAGTTAATCCAAGTGGTATTTTTATATATTCCAATCCTTCTGAATCTTTTATATTTTCAGGAATAATTGTTTTATCTAAAATATCCTTTGTTGCAATAGCCACCATCGAGTAAATAACGTTCTTTAATTCTCTAACATTTCCGGGCCAATTATGTTTTATAAGAAGATCAAGAGCATCTGGATTTATTCCTTTTATATTTGTTCCAAATTCTTCATTAGCTTCGTGAATGAAAAAATTAACAAGCTGCGGAATATCTTCTTTATGATTTCTGAGAGGTTCAACATTTATTTGAAAAACTGATAATCTGAAATAAAGATCCTCTCTAAAATTCCCTTTTTCAACCATTTCTTTTAAATCTCTATTTGTAGCTGCGATTATTCTAACATTTATTTTTTTTGTTTTTGTTGAACCTATTCTTTCCACTTCTTTATTTTCCAATACTCTTAATAGCTTTACCTGCATGTTTTTCGGCAACTCACCTATTTCATCTAAAAATAAAGTGCCATTATTTGCCATTTCAAACTTTCCAGGTTTAGATTGTTCCGCCCCAGTAAAGGCCCCTTTTTCATATCCAAATAATTCACTTTCAAATAATTCTGGTGGGATAGCTCCACAATTCACAGCAATAAATTTTTCTCTTCCACTAACTCTATGAATAGATTGAGCTATTATATCCTTTCCTGTCCCACTCTCTCCAGTTATCAAAACAGGTATATTTTTTTTTGCAATTAAATTTATCTTTTCTTTAATTTGTTCAATAAAGTGCGATTTACCTATTATTTCAGGATATTCATTTAATTTTTCTCTTAACTTTCTT
CP069362.1_gap33	997477	1000245	2768	ATATTTTCCAACTCATTATATTGCAAATTACTACTTTTAAGGTGATTGTAATGAAAGATCTTTTTGATTTTCTTATAATAATTATTTATATGTTTACTTTTATATTTTTTAAAAATTTATCTTTAATATTTGAACCATCTATATATAGATATATATTTTCCTCTATATATTTAACTTTTATATTTGTACTTTTTCTTTCTGCTTTTCTTTTTAAAAGAAGATACATAATGGAACAATTAAAAAAAAGCTTTAAAATTAAAAAATATTTTATTCCTTTTTATATTTTAATTCTAATAATTATTATATTTTTAAATATTAAATATTATCTCCAAAAAGAAGAATTGTTTTTTAATCTTTTAGTAGCTAGTTTTAGTGAAGAATATATATTTAAATGTTATTTTTATAATTCATTTAAAGAAAATAAATATAATAAATTACTAATATATATTTATTTCAATTGTGTTTACTTTAAGTCATTATTCAATAGAAACTTTTCAAACACCTTATTTATTAAAGCTTTTTACTTTTAGATTTTTTTATCAAATAGTCTCTCTTATTATATATGATATTTCAAAAGATATATATTTAATATCTGGAATACACTCAATAATTAACTTTTTTGTATTTAAGGAGGTCTTTTAATGAAGAAAAAAAATTTGATTTTGTTGACATTTATAATTATATTATTAATTCCTACTATATATGTGATAAAAAAATCTTCTGTTAAAAATTTCTATAAATTCAAAAACTTTGTTAATTCTTCCTATATGTTTAAAGATAAAAATGGAAATGTTTATGTTGGCTTTCGAAATAATAAATTATTTTCATTTTCTAAACATCTTAAAAAAAATTGGGAAAAAACTTTTAATTCTAATATTTTAAGTTTTTTTGCATTAGATGATGAACTTATCCTTACTACTAACGATTCTAATTTATATGTTTTAGATTTAAATGGAAATATTTTAAAAAAGAAAAATTTTAATTATGATGTTTTAATTTTAAAAGGAAAAATAAGTAATAATAAATTTCTTGTAATATATAAAGAAAACAGATTTTTCAGAGTAGGCGAATTAGATATCGATGAAGATAATATATCTATAACTGAAATTTCTCTATATATGGAAAGTATCGTTAATGGCTATGAACACTTAAAAATATATCCTATAAATAAAACTGATTTTTTTTACTTTAAAAAAGAAGATAAAAAAATTTCACAGATTTTTATTACTTATGATGAAGATAATATCCCATATATTAAAAAAATTGTTCCTATTAAAATCTTTTATATAAAAGATAAAAAATATGCAAAATATGGATTTCCAACTTATAAAAACAAAAAAATTTTTTTCAGTGTTGATGAATACTATTATATTCATAATATAGAAAACGGTTCAGAAAATATTATTGATTTGAAAAAATACTATACATTTAAAGATTATATTCCAAAGGTTAATTCTAATATCGTTACAACAGATGACAAATCATATTTTACATCAAATTTTGGGGATTTGTTTGAGATTGATAATAAAACCCTTAATACAGAAAAATATAAAATAAATGCATTTGGAGACCATAGTATAATAAAAACATTTAATGATAAACTATATATATTGTCTGGCAATAATTTCATAATTTTTGATACAATCTCAAAAGAATTTAAATTAAAAAAATTTGGAGAAAACTATAATAATTTTGTTGTAATAGATGAAAATAATGTCATATTATTAAATAATAATAAAATTTCAAAACTTCTTTTATTATAGATTTAGAAAATTTAATTTTTTAGTAAAATTAAATAATAAAAAAGGGACTCCAAAGAGTCCCTTTTTTATTAATGTCCTAATGCTCTTGGATCTAAAGCATCTCTTATAGCATCACCAAATAAGTTAAATGCAAGAACAGTAATAAATATAAACAAACCTGGTAATAATAACCATGGATAATTAGTTAAAGCAGTAATATTTTGAGCTTGTGACAACATTAATCCCCAACTAGCTGAAGGTTCTCTAATACCCAATCCAAGGAAACTCAACCCAGCTTCACCAAGAATATAACTTGGTATTGACAATGTCGCTGAAACTATAACATAAGTTGCAGTATTTGGTAATAAATGTTTCCATATAATCCTTCTTGAAGGATATCCTAATGCAACAGCTGCCTGAATAAATTCTGTTTCTTTTAAACCCAATGTCATACCTCTAATAACCCTTGTCATACCTGGCCAACCAATGAATGAAAGGATTACAATAATCAAAATATATTTTACAGATGGTGACATACCCGATGGTAAAATAGCACTCAAAGAAACAAGCAAATAGAAACTTGGTATTGACATCAATATTTCTGTAAACCTCATTAAAACCTCATCAATCCATCCGCCAAAATATCCAGCAGTTCCACCTAACATCAAGCCTATTGAAAATGTTATTGCAATACCCAATAACCCTATTGTTAAAGAAACTCTACTTCCAAATACCAGCCTGCTGATCATATCTCTACCAAATTTATCAGCACCCCATAAGTATATAATTCCATCCTTCGAGGAATAATCTTCTGCTAAAAATGGCAATTTGCTCTTTTCAACACCAAACAAATGTAAATTTCCAGGAATAAAACCTAGCCATTTATATTCCCAACCCTTTGTAAAGAATTTAATGTTAAACTTCTTTAAATTAACTCCTTCAACATTTTCCGGAAAATATTCATAAAAATCATCTTCTGTTTCAACTTCAATGGAATCAAGAGAAACATATTCTCTAAATTCTTTT
CP069362.1_gap34	1007616	1010538	2922	TATTATTCAATTTGTTTTCTCACCTCATTCTATAATAAAAGCACCTATTCCGAACATATCCGGTCCAGAATGTACCAGTAGAGTACTGGAAACCTTACCAACTACTACTTCAACAGAATGTTCTAAACTTGAAACCTTCTCAAAAAAATTCTTTTGAAGTTTTTCAAATTCTTTTGATGTCCCGCTTATATAAACAGCAGCCATATGTTTCTGATCATCAACAAACTTTAAAAACTCTTCATATACCTTTGAAAAAGATTTTTTAAAACCTCTTGTTTTTGAAATTGTATAATAAATTCCTTCATCATTAATTGATATTATCGGCTTTATATTTAACAATTCACCTATTTTTGCTGAAACCTTACCTATTCTTCCACCTTTTGCAAGATATTTTAAAGATGGTATTACAAAAAATACTTTTGATTTATTTTTATTTTTATTACACCATTCAACCACCTCATCAAAACTTTTTCCTTCCTCTATCATTTGAGCAGCTCTATAGGCAATAATCCCTGCTCCTATCGATATATTTAATGTATCTATATTTTCTATCTGAACCTCAGGATATTTTTCCTTTATACTATTGGTGGTCAATCGAAACAAATTATATGTTCCACTCATATTGCTTGAAATATTAAATGTTATAATCTTATTTACACCTTCATTAATACAACTTTCAATAGCATTAACTATTGAATCTGGATTTGGTAAAGAAGTTTTCACTTCACTATCATCAAGCCTCTTTAATAAAAACTCTTCACTAATACTACCCTCTTCATACTCTTTACCATTTATAACAATTCTTAAAGGTACTACCTTTATATTATATTTTTCTATTATATTCTTTGGAATATCTGTTCCAGAATCCACAATAATACCTATCTTTTCCACAATATCATCCTCCATTATTTAGTCTTAATACGCCTATACCAATTAAATCTGGTCCGGTATGAACAGATAAAGTACTGGAAACTTTCCCTTTAAAAACCTCTATTGAATTACTAAAAGATTTTAATTTTGAAATTAATATTTCCTGCATTTTCTTTACTTTTTCTCCATTTCCACTAATAACCACCCCAGCAACAAACTTATTATTACCAATATATTTTAAAATTTCATTATATAACGCTTCTACTGATCTATTAAATCCTCTGATTTTCGAAACTGTATAATAAATACCTTCATCATTAACAGAGATAATGGGTTTTATATTCATGATCTGCCCTAACATAGCAGAAACCTTACCAATTCTACCTCCACGAGCAAGATATTTCAAAGTTGGCACCACATAAAAAACCGTAGCATTTTTTATATCTTCCTGTATTAATTTAATAATCTCATTAAAATTTTTTCCATCTTCAATATATTGTACAGCTTTATATACAATCAGGGCAGAGCCAATTGAAATATTTAATGTATCTATATTTGCAATTTCAATTTCATTATTACCCTTCATAATCCCTTCTGAAATCATTTTAAAAAGATTATATGTTCCACTTAAATTCTTGGAAATATTTAAAGTAATAATTTTATTATATCCTTTTTCAATCATATTTTCAATTGCTAATTTCACATTTTCTGGTTTTGGTAAAGATGTTGTGATTTTCTCATCAAGATGTTCAAAAAGAAATTCTTCAGAAAAAGTTCCTTCATCATATTCTTTATTATTAATTATTGTTCTTAATGGAACAACCTCAATATTGTCATATTTTTTTATGATATCCTGTGGAACATCACAACCTGAATCAACAATAATACCTATTTTTTCCATTACTATCCCCCCAAAAATTGAGATTTTTTTGATATTTTAATTATAGCACAATTTTCATCCTTTTTGGTGTATAATATAATAAAAGAAAAAGGGAGGATTTTTAATGTATGTAAAATTATGGATGAGAAATAAATTTGAAACTTTACGAATAACAAATACTGTAGATGATGCAATAAAACTGTTTTTTGAAAAAGATATTGAAATCATTTTAATAATCAGAAAAAATGGAACTCTCCTTTCATCCATACGTCGGGAGGATATTGCAATATTAAGGGAATATAATAGCGATGATTATTTAATAGATGTATTTGAACCTATCGAAGATTTCTTATATGAAGATGATTTAGTTGAAGATGTTCTATTAACAATGTTAGAAACAAATTATAAAGTACTACCCGTTGTTGATTATGACATGAAACCTGTAGGATTATTTGGCTTTCATGAATTAATTCAGGCAATGGTGAGCATAACAGCACTTGATGAAGTTGGAACAAAGGTTATTCTTACTTTAAATGACAAACCAGGAGAATTAAGAAAAATTGTAGAAACAATAAGCAACAATAAATTAAACATACTTTCAATGACCACATGCAAAATAAATAAAGATAGAAGAATGTTATCTATTAAACTATCATTGAAGGATGTTAATACCGTTTCTACTATTCTTGATAAAAATAACATTGAATATGATGGAATATATGAAGAATCATAAGGAGGTTTGAATATGAATTTTAAAGTTATTCTGGATGGTGGTTTACTAACTATAACAGGTAGAGTTCACGGAACATTTTCTTCAGTTTTCTTATTGGAAAACGATGAAAGAAAGATATTAATCGATCCAAGTCATATTCATGTAATTCAGGACATTGAGGCAAATCTGGATATAGCCCCAGAAGATATTACAGATATTATACTAACTCATGTTCATCTCGACCATGCATATAATTCCATATTTTTTCCAAATGCTACAATAAGAATACATGAAAATTATAAAGGAAAAAATTATAGAAAATTCGGGCCTTTAATCGGCCAGGCATACCAACAAATGATTGATTCATGGAATGGACGAGTTGAAACATTTAAAGATGGTGAAAAATTATTTGATTCAATAAAAGTAATATATACTCCATATCATTCAAAAGAACATGTTT
CP069362.1_gap35	1091112	1092613	1501	TTATAAATTCTGATAATCCTTTTATTTTTTTGGCAATTTCTTCAGTTGCCTGTTCCATTTTTAAATTGTCATTTCCTTTTATTGTAATAATTAAATTATCGAAGCCACCAAAATTTTCAGATATTTGTTTGAATTTAATTATTTCCGGATCATTCTCTGGCAATAATGTGTAGGTTCCCATATCAATATTTGTTTTTGAGGCAAATATGCCCAAAAAAATTGTAAGAATTATTGAAATAATAATTATCCAGAGCCGGTATTTTATAATAAATCTAAATAGATTTCTGTTTTTCATTGTTTAGATTCGCTCCTTATATAAATATTATCAAAATGCCCCCCATTAACCTTATTATTAAGGGGGCTTTTATATAATTATTTACTTTTAATTATTTCCCATCATATTATTATTATCCATTTCTGGTTCTTGTGTATTACCTGGAGTATCTGGGTAACCATAATTATTAATATTTCCCGGGTATCCATATCCATTCATCATATTTCCACCCATCATTCCTGGATAACCATATCCATTCATCATATTTCCACCCATCATTCCTGGATAGCCATATCCATTCATCATATTTCCGCCCATCATTCCTGGATAGCCATATCCATTCATCATGTTTCCACCCATCATTCCTGGGTATCCGTAGCCAAAGTTTTTAGGTATAATATATTCTTTATTGTCTATTTCAATCGATGTTACTAATAATTCTTCTACTTTTGAAAAACTATATAATGTTGTTGCTTTTACGTTTACTTCTTTTCCAGCTTCTATTGGTAAATTATTATAAAACATAAACATATTTTCTAATCTTAATATATAATATGTTCCTTTTTCATCAACAGCCAATGCTATAGGTACCTGCTCGTTTATTTCCATAATTTTTAAATCTATACTAACTGTTGGAATATTTGTATAATATCCATTACTCTGATTTTCTATATCTCCACCATGTGCGAAAATTAATGATAAGCTAAAAATTAACATTAAACCCAATAAAAATCTACTTTTCATATTATTCCCTCCTATTCGATAAGTTTCTTTTTTCTTATATATTCTTCTTCGGTAATTTCACCTTTAACAAATTTTTCATTTAAAATTTTTAAGACATCTTCATTACTTACTTTATTTTTCTGATTTTGTCTTGAATGATTGTTTTTAAATAAATTTTTAAATATGAAATATATTAAAATTAAAAATAAAATCATAAATCCAAATCCAACTAAAGAGCCAATTATTCCATATCCATAAAATCCACTCCAACCCCAACATGGCATAATTTCACCTCCCAATTAAAATATATTGTATCTAAAACCTATTAACCAATTAAGTTTAAATGATGAGTTTATAATATTTTCTATATTATCTTTTACTCCCACTTCTATCATATATTTATCTTTAAATACAATTCCACTACTTAAAACAATTTCTATTTTCTTATAATCATTTAAATTTTTAATTTCATTTTCTACAGCAACTCTAAAAGGAATATATATG
CP069362.1_gap36	1095585	1100264	4679	ATAATATCTCCTCCTTTTAATTTTTAGGTTTAAAGTTTTTTAATCTAAGTGCATTCAATAAAACTGATACAGAACTGAAAGACATTGCTGCTGCTGCAATCATAGGACTTAATAATGGACCACCAAAAACATGTAATAAACCTGCTGCTATTGGAATACCTGCTGTATTGTAACCAAATGCCCAGAATAAGTTTTGTTTAATGTTTCTTATTGTAGCTTTACTTAATTGAATAGCAGTAACTACATCTTCAAGATCACTTTTCATTAAAACTATATCCGCTGATTCCATTGCAACATCTGTACCAGAACCTATTGCTATACCAACATCTGCCTGAGCTAAAGCTGGTGCATCATTTATTCCATCTCCCACCATTGCTACAACATTTCCATCTTTTTGTAATTTTTTTACTTCATTTGCTTTATCCTGTGGTAAAACTTCTGCAAGAACTATATCTATTCCAACCTGTTTTGCTATTGCTTCTGCCGTTCTTTTATTATCACCAGTTATCATTGCAACTTTAATTCCCATTTTATGAAGTCTTTTAATAGCATTTGCACTGGATGGTTTTACTGTATCAGCAACTGCTATTATTCCTTCTAATTTTCCATCAATTGCTATAAACATAGGTGTTTTTCCTTCATCTGCCAATTTACTTGCTTCTTCATTTAAACTTATTTCTATATTTTTATCTTTCATAAGCTTTAAATTTCCAAGATAAATGTCCATATTATCTATTATTACTTCAATACCATGTCCCGGAATAGCCATGAACTTATCTACTTTTTTCAATGCTAATTTCTTTTCTTCTGCTGCTTTTACAATAGCCTCACCTAATGGATGTTCTGAACCTTTTTCTGCAGATGCCGCTATAATAAGTATTTCATCTTTAGAGTATTTTCCTGTTGTATAAATATCAGTAACCTTAGGCTTTCCTTCTGTTATTGTTCCAGTTTTATCAAATACTATAGTATTTATTTTATGTGTTGTTTCAAGTGGTTCTCCACCTTTTATCAATACACCATATTCTGCGCCTTTACCTGTTCCAACCATTATTGCTGTAGGTGTTGCCAATCCCAATGCACATGGACATGCTATAACCAATACAGAAATAAATATCGTTAATGCAAATATTTGACCTGCTCCTGTTAAATACCATGCTATTGCTGCAACGATAGCTATTGTTATAACTATTGGAACAAAATATCCAGAAATAACATCTGCCATTTTTGCAATTGGAGCTTTTGAACCCTGTGCTTCTTCTACTAATTTTATTATTTGAGCTAATGCTGTATCTTTTCCGACTTTCGTTGCTTTAAATTTTATACTTCCATTTTTGTTTATAGATCCTCCTATAACCTTATCCCCTATATTTTTTTCTACTGGAATACTTTCTCCTGTAAGCATTGATTCATCAATAGAGGTATGACCTTCAATAATAGTTCCATCAACTGGTATTTTTTCACCAGGTTTAACTATTACTATATCTCCTACTTCTACTTCATCAACCGGTATTTCAATTTCTTTTCCATCTTGAAAAACGAGCGCTGTTTTTGGTTGTAATCCCATTAATTTTTTTATCGCTTCTGATGTTCTACCTTTAGTAACACTTTCAAGATATTTACCTAAAAGAATTAGTGTAACTATAACTCCCGCAGTTTCAAAATATAAATCATTTGCATATTTTGTATTTCCAAAATAAATTTGAATTGTTCCAAAAACACCATAAATTATTGCGGCTGATGTACCTATTGCAATTAATGAATCCATATTTGGACTTAATTTAAATAAATTTCTAAACCCTATTGTATAAAATTTATAACCTGCTATAGCTATAGGAATAACCAATAATAGTTGAATTAAAGCAAAATTAAACGGATTAATTTCTGGATTTATAATTCCTGGTAATTTTAACCCCAATAGATGCCCCATTGAAATATATAATAATGGAATAGAAAAAACTGCCGAAACTATAAATTTTCTCCATAACGTTTTAATTTCTTTTTCACGCCTTTCTTTTTCAAAATCCACATTATCTTTAGAATCTGCTTCCAGTGGTTTATAACCTGCTTCTTCAATAGCCTTTTTTATTTTGGATAATCTTGTAATATTTGGATCATATGAAACAACCGCTTTCTCTGTTGCAAAGTTTACATTCACTGTTTTGATTCCATCGAGTTTATTGATTTCTTTTGTAATTGCATTAGCACATGATGCACATGTCATTCCCTCAATTGGAATAGTAACTGTTTTATTTTCTACAGGAGCTTCAACATCATATCCAACATCTTTAACTACTTCTTTTATAAGTTTTTCATCAACTTTTTCTGGATCAAATTTTAATGAAAGCTTTTCTGTTGCAAAATTCACATTTACTTTTTCTACACCTTCCAACTTTCCTAATTTTTTTTCTATTGCAAGAGCGCATGAGGTACATGTCATTCCAATAACACTGAGTTCTTTTTCAACAATTTTATTATTTTCAGTTATAACTTTATTTTCACTCATAATAATCCCTCCTTTTATACCCCTCTACCCCGGGGGTGGTTACATCTATAGTATAAACCTTTTTTGTTACAAACAAAATATTTTTGTTTCTTTATGATTTCTAAATAGTTAAAATATAACAAACAAAATTAGAAGAATATTATAGGTTATCCAAAAAGTTAAAATCACTCAGACAGCTTGATTGCTTATCTTTAAAAATTATTCATTTTTTAGTTGACATTTTACTACTGTAATAGTATAATAGTACACCGAGGTGATAATTATGTGGTTTTATATAGATTTTCATTCACATATTCCTGTATATGCACAAATAAAAAATAAAATAAAGGAAAAAATTGCTAAAAAAGAAATTCAAAAAGATGAATTTATTCCTTCAATAAGAGTATTAGCTAAAGAAATTGGAGTAAATTTAAATACTGTGGCAAGAGCTTATAGAGAGCTTGAACAAGAAGGAATAATAAAATCTGTTAGAGGATCAGGATATATTGTCATAGGTATAGATAAGGATAGATTGTTAAATGACAAAATAGAAGAATTCAAAAAAGTTGTCCTCTCTGCAAAAAATTTAAAGATAGAGAAAAATAAATTATTAAAGGTAATTGATGAAATATATGGAGGTGAATAATGTGATTTTAAAAGTATCTAATTTAGTAAAAAAATATGGAAATTTAACTGCAGTTAATAATATTTCTTTTGAAGTAAATAAGGGTGAAGTTTTTGGATTATTAGGACCAAACGGTGCTGGTAAAACATCTACATTAAAATGCATATTAGGTTTAAGAAAAAAAGATAGCGGTAATATTGAAGTTAATGGAAAAATTGCATATTTACCAGAAAAAAAAGAATTATACAAAAGTTATACTGTAGAAAAAATGATAGAAATAACAGAGTCTATTACAAATAATTTTTCTAAGGAAAAAGCATATAACTTAATAAATGAATTTAAATTAGATAAAAAAACAAAAATATCTAATTTATCCCACGGAATGCTAACTCAACTATATATTTCATTAACTCTTGCACAAGATGCAGACTTATATATATTAGATGAACCAACATGGGGATTAGATCCGTTGATGAGAAATACTATATTAGATTTAATAAGAGAATTAACATATGATGGAAAAAGTATATTATACACAAGCCATATACTTTCTGAAGTAGAAAAGATTGCAGATAGAATTGCTATTATGTCAAAAGGAAAAATTTTAGAAAATGATTATTTAGATGATATAAAAAATAATTATTCTGCAATAGCATTACCAAAAAATGAAAAAACAAAAGGTTATCTATGGAAAGAATTAGAAAATGAAAATATATGGATTGTAAAAAGTAGTGAAGGTGAAAAGGTGACTATTGATGAAATATTTGAAGCTATTGTGAAGGGGGAATGGAAATGAGAAAAGAATTTTTAGATATGAAAGTTAGAGCAATTGTAATTTTTATAATAACTCTTATTTTATTCTTTTCTATTGCTCCATTTCAAAATATTTTACTTGGTGTATTAGAAAAAAATAAAGCTGTAATTGAAACATATGCAAATAAATTTGGTCTTAATAGTATGATTTCACAATTACATGATTGGAATTTTTATATATTCACACAATGGTTTGGAAAAAATTTTGGTCAAATGATACCTATTTTTGCAATTATTTTAGCATTTCCTCTTTTTTCAAGAGAAATAGAAAATGGAACTATGGAATTTTTATTGGTTAGAAAATCTCGTGATTATGTATTTTATTCAAAAGTTTTTTCAAGTTTAATTATTGGATTTTCTATTATTATAATAGGTAGCATTTTACCAATAATATACTCATTTTTTACTGGAAAAGATTTCTTAAATGAATATGCATTAAAGTATATTGTTCATGGTTTAATTACTGTGTGGTTTTGGAATAATATTACAGTATTCTTTTCTATAATTTTCAATGACCAAGTTAAACCAATTTTATCTTCTGCTGGATTATTAGCAATTATTACTGCACTTGGATTCATAAAACCATTAAAATGGTTAAATACTTATAGTTATGCATTGGGTGAAAAAATACTATCAGAAGGCAAAATAAATTGGATATATTCTGAAAGCTTATTTGTTGTTGGTGGTTTTATATTATTAGCCAGTTATTATATATTTAAAAACAAAGAAATTTAAAGGGGGATTTTCTATGAAAAA
CP069362.1_gap37	1101663	1103210	1547	AAATTAAAGGATATACAGAAATGCTTACAGAAGCAAGAAATGTTGCATATAACAGGATGATTGATGAAGCAGAAAAATTAGGTGCAGACGCTATTATAGGTATGAGATTTTCAAGCTCCGCTGTAATGCAAGGTGCTGCTGAAATACTTGCTTACGGTACTGCTGTAAAATTAAGAAAAAAGGATTAATTAAAAAATTAATGTTTTTGTGTTATTTTGTTAATTTTCTTTAATGTTATATAGATTTTAGTTTATAATAATAAATAATATGACGTAATTAGCTATAATCAATATTAGTTCTTTTTTTCTCTTTTTTTATTATGTGTTATTATAGGATTGTATAAAAATATAAATTTTCGAGAGGAGGTTATCACATGTTAATTAAAAGATTATTTGCGCTCACATTATCAGATAGTGGGAATAGTGTGTCTATTTTCTGTGATAACCTTGCTCACATCAATTATTATTGATGATAAAGTATTTAATTTGGGCTATGGTTATCACACCATAGCCCATTTTTTGTTTTGTATGGGCTATGGTATATACCATAGCCCATTATATTTTATAGAAAGGAGTGGAAGAATGATTTTAAAATTTGTAAGGTGGGTTTTTAATTAACGAAATTGTGGAAAAGGGGGTGATTTTATGTTTGAAAAAAAGAAAAAGGTTTATAACAAAAATAATAAACCAAAATCTTATTATGAAGGTTTTAATGAAATGGAAAAAATTAAAGACTTATTATTAGAACTCAAACGATGCAATTATTGATTTACAGGAGGTTATATAATGAAAAGTATATTAAAATATGTATTTAATCAAAAAAAGTTTATATTAATAGCTGCAATAGGTATGATAGGTGGTGTAGCTGCTGAATTAATACTTCCATATTTAAATAAAGTTGTTATTGATAATATAATTATCAACAAACAAACGAATTTATTGTTCATAACTTTATTATCCATATTTTTTATCACCATATTCAGAGCATTAATGGGTTATGTTCAAGAATTTACTTTTGATTATGTTGGTTCAAGAATAAGTAAATCATTAAAATATGATGTTTTTAAACATATACAAAAATTATCATTTAAATATTTTGATAAGACAAATACAGGAGAATTAATGTCAAGAATTAGTGAAGATATTGATAATATATGGATGGCATTTGGTTTTGGTATTGGGTTAGCTATTGAATTTTCATTATATTTTATTTTAGGTAGTATTGTATTATTCTATTTAAATTGGAAATTAGCATTAATTAGTTTAATATCTGCACCGTTTATAGCTTATTTAGCAACAAAATTAGAAAATGAAATAGGAAAAGCTTTTGATAAGATTAGTGATCAAACTGCTGTTATTAATACAACAGCACAAGAAAATATTTCTGGTGTAAGATTAGTTAAAGCATTTGCAAGAGAAAAACATGAAATATTGAAATTTTTGAAATTAAATGATGAGAATTATAATTTAAACATTATGAAATCAAGAATATGGGGTAAATATTTTCCAACAATAGAATTTTTAGGAAATGCTGCTTTGATTTTAGTA
CP069362.1_gap38	1154521	1157143	2622	TATTGGCACAATTGAACCGGTATATGAAAATTTAGCCATAGAAATAAGAGAAAATGGAATAGCAGCTGCTACAAGAGATTACAGATTTTCACCTGTGACTGTAAGCGAATTGGATGAAATACAGGTAAGCGTTGATGTTTTAAGCGAACCAGAACCTGTTGAATCTGTAGATGAGCTGGATCCAAACGTTTATGGGGTAATTGTTGTTAGTGGGTGGAAAAAAGGAGTTTTACTTCCTGCAATTGAGGGTGTTGAAACGGTGGAAGAACAATTAAGAATAGCAAAATTAAAAGCAGGAATATATTCTGCTGAGCCTTATGAAATTTATAGATTTACTGTAGAAAGATATTTTTGATATTCTATCAGGTGATTTTATGAAAGAAGCAATGTTTTATGAGGAGTTAGAAGATAAAAAAGTGAAGTGTAAATTGTGTCCTCATAATTGTATAATAAAAAATAACCTTACAGGAATTTGTAAGGTTAGAAAGAATATTGATGGAAAATTATATTCCCTGAATTATGGTGAAATAACGGCAATAAATGATGATCCAATTGAAAAAAAACCGCTATTTCATTTTTATCCAGGTGAATATGTATTATCACTTGGTACATGGGGTTGTAATTTTAAGTGTTTATTTTGTCAAAATTTTGAAATTTCGCAGGAACGTCCATATAGTATATATAAATTAAATCCAGAAGATATTGTGGAAATGGCAATTAAAAGAAAAACGAAAATAGTTGCATTTACATATTCTGAACCTATAGTATGGTATGAATTCGTATACGATACAGCCAAATTATTAAAAGAAAAAGATATAAAGACTGTTCTTGTTACAAATGGATACATAAACAAAGAACCATTATTGAAATTAATACCCTATATTGATGCTATGAATATAGATTTAAAGGGATTCAACGATGAATTTTATAAAAAAATTATAGGTGGTAAAAAAGAACCTGTGATGGAAGCAATTAAATTATCATTTGAAAATAATATTCATATTGAAGTTACAACGTTGGTTGTTACAAATGGTAATGATAATGAAAATGAACTTGAAGAGTTGTTTAAATGGATTGGAAATATTTCAAAAGATATACCATTGCATTTAAGCAGATACTACCCGGTTTATAAGTATTCTGAATCCCCCACGGATATTGTTAAGTTAAAAAAAATATATAATATAGCAACAAATTATTTGAACTACGTTTATTTAGGCAATGTATGGGATGAAAATTATGAATCAACATTTTGTCCTGAATGTGGGACCTTATTGATAAATAGAAGAGGTTATAATATAAAAATTCAAAATATAGATGACAAAGGAAGGTGCAAAAGTTGTTTAAAAAAGATCCCAATAATTTTCTAAAAAAGAAAGGAACATTATATTTAACTATTTTGATTTTAGCATTGGGTTTAACATTATTCTTTATATTTCATAAACCATTGCCTAAATATTATGAAAAAAAAGATTTTGCTTTGGGGACATGGGTTAATGTAGTAGTAGCAAGTAATAAAATTGATTCAGAAAAGTTAACTGATATAGCGTTTAATGAAATGAGGCGTATAGAAAGAAAATTTAGTAAAAACATAGAAACAAGCGTAATATCTCAATTGAATGAAAAAAGAAGTATTACAGCAGATAAAGAAACATTGTTTTTAATAAAAGCAGCAATAAACTATGCAGATTTAACAGGAAGCGCATTTGATCCAACAGTGGGCGCAATAATAAAGTTGTGGGGATTCGATGATATGAATAGTAAAAAAAGAGTACCTACTCAAGAAGAAATAAATAAACTTTTACCTGGCGTAAGCTATAAATTTATTAAAATCGAAGGAAATAAAATTACATTATTAAATGATAAAACAATGGTAGATTTAGGTGGCATAGCAAAAGGATATGCTGTAGACATGGCCATTCAAAAAATTAAGGATTTAGATCCAAATGCTACTGGTTTTATAGATGCAGGTGGAGATATTGGAATAATTGGTCCAAAATTTGGAAGATTTGCATGGTCAATAGGTATAAGAGATCCGGATGGTGGTCCATATGATATTAAAGAAAGGGTATATTTGAAAGAGGGTGCAATAGTTACTTCTGGTAATTATGAAAGATATTTTATAAAAGATGGCGTTAGATATCATCATCTAATAGATCCAAAGACAGGATATCCTGCTAATTATTATAAAAGTGTTACAATAATTTCAGATAGTGCCATGAAAGCTGATGCTATGGCAACTGCGCTTTTTATTTTAGGTGATAAATTAATAGGCTTAGACTCAATGACAAGATATGGAATACAGGTTTATGGTATTACATCCAATAATAAAATAGTTAAAACCACAGGATTTGATTATTATCTAAAAGAAGAAAAATAAAAATTGGAGAGAAAAGAATGAAAAAAGACTTAATCTTTGTATTTATAATAATATTATTAGTTTCAGGTATTATGATTATTCAAAATAACCTGAAGAATGATTTAAAAGGGGCAGAAGTATATTTAAGTGGAAAAGAAATAATGAAAATAACAAAACCTGGAACATACGCCATTTATGGTGATGATGGAGATTACAAATTAAAAGTTGTATTTAATGGAGAAAAGGTAAGGGTTATAGATGCGGAT
CP069362.1_gap39	1158460	1161008	2548	CCCTAAAAGATTTATTTTCTATGGATATTGAACAACTTTGTGAAATATCCGGGGTAGGTAAAGTGACTGCTATTACATTAAAAGCAGTATTTGAACTGGGAATAAGATTTCACAAAGAAGCATTAAAAAAAGACAATTTAAAACTTGATTCACCAGATAAAGTTTATGACCTGTTATATGATGAAATGGTTTTTTTAGATAAAGAAATGGTAAAATGCATATCTTTGAATAGCAAGTTAAATCCAATTTCCATAGACACAATTAGTATAGGAACGGCAAATCATTCAATTTTACATCCAAGAGATATCTTTAAAACAGCAATAAAAAATAATGCAATATCAATTTTAATTGTTCATAATCATCCATCAGGAGATAGTGAACCAAGTATGTTGGATTATGAAATTACCAAAAAGATAGAAAAAAGTGGAGATTTGCTTGGAATAAAATTGTCTGATCATGTAATAATTGGAAAATCAGAATATTATAGTTTTAAAATTGGAAGAAAGGTGATTAGAAATGGATAATATACCTGATAATTTAAAAGCTTTAATGCAGTTAAAAAAGAAGTTTGAAAAAGATTTAAAGAAAAAAGGTATTAATATTGAAAGAAAAAAACAGAAAAGTGTTGAAAGAGCCAAAATAGAAATAAAATACATATCTATACCAATTGATGATGTTCAAACTATTGTTGATCTTAATTATTATGATTTTAAAAATAATAATCTTGAATTAGCAAGACACATAGAAAAATTGTTGGCTAATAAGCCAAAAAGTTCTTATATTAATCAGCAAGCAGTAGTTCATTTACTGAGAGAAGAATATGAAGAAGTAAAAGAATTATTGGACAATCCATCGTTTCCAGAGGATTATTTTAATTTAGGAATGGCAAAGTTTCTTCTAAAAGAAAAAGATGCTTATGAATTTGCTGAAAATGCAGTTAAAAGATTTCCGAATAACAAATATACAAATTTGCTATTGGCAATGAATGCAGTATATAATGGTCAATATCATAAAGCATATATGGCAGTAGGAGAGGCTGCAAAAAGTGCAAATGATCCGTTATTGTATTTTGTTATGGCATTATATGATAAAGATTATGTAAAAGCAAAAGAATATTTGAGTAAAGTATTCTTACAGGGTAAAGTAAAATATGTAGCTTCAATTTATCAAGGGTATTTACACTATTTATCTCAAGAAGGAGATAAATTATATCAAATGAGAAAAAATTTTGAAAACAGTATTCCATGTGCTAATTGTTTATTGAGATATTCAAAATTAAAGGCTATAAATGTTCCTCCAGATTACTGTAAATACTGGAAAGTACTTGAATCATTTGAATATGAAACATCTGGTAGATTTGAAACAGAAATGAATTTACCAGAACAAGCTATAATTAGTTTTCTTGGTTTTTATAACTATAATAACGAAGAAATGGCAAATAAAAGTTTTGAAGAAATATCAGAAATGTTTGGAGAAGTAAGAATAATATTCTTCCCAAATGATTCACATGTAAAAGGATTAAAAACATTCTCAATGGAACCTATTAAAAACGGAAAAATAGCAAAATTAATAGGTCCTGGTGTATATCAAAAACTTAAAAATATAATACAGAGATTGGAATCAAAAGAAGGAGTAAGATATGATTTTGCTATAGATATGCCATTCTATGAAGGAATAAAGATGTTATTTGGATGGAGAACATGTCAAATGTATTATGAGGGGGAAGATGAATGACAAGAGATGAAGCTATTAAATTATTAAAAGAGCAGGTAAAAAATGATAATCTTATAAAACATTGTCTTGCCGTGGGTGCCATAATGAAAGGATTGGCAAAAGAACTGGGTGAAAATCCTGAAAGATGGGAAATAATAGGTATTTTACATGATTTGGATTATGAATATACAAAAGATAAGCCGGAAATACATGCTAAAAAGACAGTAGAGCTTTTAGGTGATAAATTAACAGAAGAGGAAAAGAATGCTATTTTAGCTCATAATAATCATGCCCCATTAAATACTAAAATGGATTATGCATTATATGCTGCTGACCCTATGTCAGGTTTAGTAACAGCAGCGGTATTAGTAAGGCCTGAAAAGAAAATAGAAGGCTTAAAAGTAAAATCTTTAAAGAAAAAATTTAAAGATAAGTCTTTTGCTGCAGGTGCAAACAGAGAAAATATAAGGAAAATAGAAGAAATAAACATAGAACTAAGCAGATTTTTTGAAATTTCAATAGAGTCAATGAAAGAAATTGCTGAAGAATTAGGACTTTGAAAAGAGGTGGAAAAGATGGAATTAAAAGAATTAGTTCAAAAAGAAATAGAAAGATATAACAGAGAATTTAAGATCGTGGAAAAAGATATAAAATTAGAACCAAAAGATGTTGCTAAATATATAGACCACACAATTTTAAAAGCAACAACAACACCAGAAGATATAAAAAGAATTTGTAATGAAGCAAAAGAATATAACTTTTTCTCAGTCTGTGTAAATCCCGCATATGTTCCTCTAGCAAAAGAAGAATTAAAAGGATCAGATGTAAAAGTAGC
CP069362.1_gap40	1203803	1207929	4126	CTTTCCGAACTACATATTCCAAAGAATATAGGAATATGGTTTAACACCGTTGATGAATTATACGAAATGATTAAAAATAATATGAAATCAGAAAAGGAATATAATATAGAATATTTTTGGAATAAAAATTGGAAAGAAAACTATATAAATTTCTTAAAGAATGAAATTGGAATAGAGGTGAAAAAATGAAAGTATTAGTCACAGGTTCAGAAGGATTTATAGGGTCTCATTTAACTGAAATGCTGGTTGAAAAAGGATATAATGTAAAAGCTTTTGTTAGATATAACTTTCAAAATGATTGGGGTTGGCTTGAAAAATCTAAATATTTGAAAGATATAGAGATATATACAGGAGATATAAGAGACTATGATAGTGTATATGATGCAATGAAAGATGTAGATATAGTGTTTCATCTTGCAGCATTAATAGGAATACCATATTCATATCTTTCTCCATTAGCATATATAAAAACAAATACAGAGGGGACATATAATGTATTGGAAGCAGCAAGAAAATTAAATATTCAAAGAGTAATACACACTTCAACTAGCGAAATATACGGTACAGCACAATATGTACCAATAGATGAAAAACATCCATATAATCCTCAATCTCCATATGCCGCTTCAAAAGCAGGAGCTGATCATTTAGCTTTAAGTTATTATAGATCATTCGAATTACCAGTAACAATAATAAGACCATTTAATACATACGGTCCAAGGCAATCAGCAAGAGCAATAATACCAACAATAATATCTCAAATATTAGCAGGGAAAAAACAAATTAAGTTAGGTAATTTAACTCCTACACGAGACTTAAATTATGTAAAAGACACAGCAAATGGATTTATAACTGTAGGATTACATGAAAAAACAATTGGTGATGTATATAATTTAGGAACAGGAAAAGAAATATCGATAGGTAATTTAGCTAAAAAAATAATTGAATTAATAGGAAAAGATGTAGAAATAATAACAGATAAAGAAAGATTAAGACCAGAAAAATCAGAAGTTGAAAGACTATTATCAAATCCAGAAAAAGCAATGAAATTAACTGGTTGGAAGCCACAATATACATTAGAAGAAGGGTTAAAAGAAACTATTAATTGGATAAAAGAAAATATGCAATATTTTAAAGTTGATATATATAATGTTTAGAAGGTGAATATATGAAATATATACCATTATCAATACCTAATTTTACAGGAAAAGAGAAAGAATATGTATTAAATGCTGTGGAAACAACATGGGTTTCTACAGGGGGTTCATATATAACAGAATTTGAAAATAATATAGCTCAATATTTAAATGTTGAAAAAGCAGTTGCAGTTCAAAGTGGAACTGCAGGACTTCATCTTGGTTTAAAATTATTAGGGGTCGAACCAGGAGATGAAGTAATTGTTCCAACACTCACATTTATAGCAGCTGTTAATCCGGTAAAATATTTATGCGCAGAGCCTATATTTATGGACTGTGATGATTCATTAAATATAGACATAAATAAATTAGAAGAGTTTTTAAAAAATGAATGCGAATTAACCAGTAAAGGATTAAAAAACAAAAATACAAATAGAATAATAAAAGCAATAGTAGTTGTTCATATATTTGGAAATATGGCAGATATGGAAAGTTTAATAGATATAGCAGAAAAATATAAATTAAAGATAATAGAAGATGCCACAGAAGCACTAGGTACAAAATATACAGAGGGAAAGTATAAAGATAAATTTGCAGGAACAATAGGGGATATAGGAGTATATTCTTTTAATGGTAATAAAATAATCACCACAGGCGGTGGTGGTATGATGGTAGCAAAAGATAATAAAATTGCAGAAAAAGCTAAATATTTATCAACCCAATCAAAAGATGATCCATTATATTATATACACAATGAAATAGGCTATAATTACAGAATGACAAATTTGCAAGCAGCATTGGGTGTAGCACAGCTTGAGCAATTAGAAAAATTTATAAAAATAAAAACAAATAATTATAAATTATATAAAGAATTGATATCTGAAATAGAAGGATTAGAATTATTAGATTTTAGAGAAAATACAAGACCAAATTATTGGTTTTATTCATTATTAATAGATAAAGAAAAATATGGTTTAGATAGAGATGAATTGTTAAAACGATTAAAAGAAAATGGAATAGAAACAAGACCCATATGGTATTTAAATCATATGCAAAAACCATTTATAAATAATTATGCATATAAAATTGAAAAAGCTAATTATTATTGGGAAAGAGTATTAAATATTCCATGTAGCACTAATTTAACTGAAGAAGATGTTAAATATGTAGTAAAAAATATAAAAGAAATAAAAAAGTAGGGGATAAAATGTCTGAAAAAATTATTTTGGTTGGCGGCGGGGGACATTGTAAAGTTGTTTCTTCAATAATTTTAGAAAATAATGACTATGAAATTGTTGGTATTTCCGATATTGAAAATGAATTAGGAAAAGAGATAAATGGTATAAAAATAAAATATACAGATGACCAATTAGAAGAATTATATAATAAGGGAATAAAAAATGCAATAATAACTGTAGGTAGTGTAGGAAATTCAACGCTTAGAATAAAATTATTTAATAAAATAAAATCAATAGGATTTTATATACCAGTTATAATATCAAAAAATGCAATAATAGCTAAAGATGTAGAAATAGATGAAGGAACAGTAATAATGCCAGGGGTTATAATAAATCCAGGAGTTAAAATAGGAAAAAATTGTATAATAAATACAGGAGCTATTATAGACCATGATTGTATTATAAAAGATAATGCTCATATAGCACCTGGGGTAACTTTAAGTGGCGGGGTTAAAGTTGGAGAAAACACGCATATAGGAACAGGAAGTTCTATTATTCAATATATCAATATAGGTAAAAATTCAATAATTGGTGCGGGGTCAGTAGTTGTAAGTGACATACCTGAAAATGTAAAGGCTTTTGGAGTACCAGCAAAAATCAGGAGTGAAATATAATGAATAAAATATGTATTTTTACTGGAACACGAGCAGAGTATGGATTATTATATCCACTAATGAAAAAAATAAAAGAAAGTAATGAATTAGAATTGCAAATAATAGTTTCGGGGATGCACCTATCTCCAGAATTTGGATTAACTTATAAGGAAATAGAAAAAGATGGTTTTAAAATAAATGAAAAAGTAGAAATATTATTATCAAGTGATACTGATATAGGTATAAATAAATCAATAGGGCTTGGAATAATAAGTTTTTCTGAAGCATTAAAAAGATTAAATCCAGAAATTTTAGTAGTATTAGGAGATAGATTTGAAACATTAGCAATAACTATAACTGCATATATACAAAAGATTCCTATAGCACATTTACATGGTGGTGAAAGGACCGAAGGAGCTATAGATGAAGGTATTCGTCACTCAATAACAAAAATGAGTTATTTGCATTTCACATCCACAGAAGAATATAGAAAAAGAGTAATACAATTAGGAGAAAGTCCAGAAAGGGTTTTTAATGTTGGGGCAATAGGATTGGATAATGTAAAGAGCATGAATTTATTAGAAAAAGATGAATTAGAGAATGAATTAAATTTTAAATTTGGTAAAAAAAATATATTATTTACATATCACCCAGTTACATTAAAAAAAGAAAAATTAGAAAACGAATTAAAAGAAATATTTAATGCCCTTGAAGAATTAATAAAAAAAGGATACAAAATAATTATAACAAAAAGTAATGCAGATGCGGGAGGAAGAACAATAAACAAATTCATAAATAATTTTTCAAACGAATATAAAAATGAAGTTTTATCTGTTACTAATCTGGGGACATTAAAATATTTATCAACAATGAAATATGTTGATTTTGTAATGGGTAACTCTTCAAGCGGCATAATTGAAGCACCTTCTTTTAAAATTCCAACAATAAACATTGGAGACAGGCAAAAAGGAAGGGTTAAAGGAAATAGTATAATTGATTGTGACCCAATAAAAAAAGAAATATTAAAAGCTGTAAATATAGCAGAAAAAATGAATAGAAATGAAATAAACAATTCATATGATCAAGGTGGGGCAACAGAAAAAATATATGATGTATTAAGAGACTATATTAAAAACAATAAATTGAACACAATGAAGAA
CP069362.1_gap41	1374498	1377113	2615	TTAAACAGATTTGAATATAATGGAGAAGATGCATATCCTTTAATTGATCGATGGATAAAGGAAAATGAGAATAAAGAATTTAAACCAAGGGATCCATTTAATGATCAATTAAGTCCAGCTGCTATAGATATGTATAAGTTTTATGGAATGTTTCCTATTGGAGATACTGTTAGAAATAGTTCATGGAAATATCATTATAATCTGGAAGAAAAGAAAAAGTGGTATGGAGAACCATGGGGAGGTGCAGATTCTGAGATAGGATGGAAATGGTATCAAAACATGCTTTTAGAAGTTACAAAAATTATTAAAGATTTTGCAAAACTTGTATTGGAGAATAAGAATAAGAAATTATCTGAAATATTTGAGTTGGCATTGGTTGGTAACAGATTAGAAGGGCATTTTGAAGAAGAAATGAGAAAAATATTAAATCCAGCTCAATTAAGTGGAGAACAACATATTCCATTTATAAACGCAATAGTGAATGACAAAAAAACAAAATTGGTATTGAATATAATGAATTCCGGTATAATTAATGAAATTCCTGGCGATGTTGCGGTTGAAGTTCCTGTAATGGTAGATAAAAATGGAATACATCCAGAAGAAATATATCCAAAATTAAATAAAAGAATTATTAAATATTATTTATATCCAAGAATGATAAGAATGGAAATGGCATTAGAAGCCTTTTTAACTGGGGATATAAAACTTCTTGAGGAATTTTTGATAAGGGATAGAAGAACAACTTCATATGAACAGGTGAAAAATGTTTTAAGAGAATTAATGGAATTACCTGAAAATAAAAATATGAAAAAACACTATTTGAAATGAGGTGAAAAAAGTGATTGATGAAATATTAGAATCATCCCCTATTTTTGTTGAAAAAGTTTGGGGAGATGAGAAACTGAATAAACTATTTGAAAAAGAAAATATGAATAAAATAGGAGAAGTATGGTTATTTTCAGGCGTTGAAAATTATGAGACAGAACTTATAGGTATAAATAGCGGAAAGAAATACGGGAATCCCTCAGATATGATAAAAGAATTAATGGGGAAAGACTTTCCAAGAATGCCATTATTATTAAAATTAATATCAACAACTCAATGGCTTTCTATTCAGGTACATCCAGATGATAAATTTGCAAAAGAATTGGAAAATGAACCCTGGGGTAAAACAGAAGCATGGTATTTTCTAAATGAATCAAACGAAATATTTATTTCTAATGATGTTGAAGAAAATATAAAATCAATTGAAAAACAAAATTGGGATAAAATATTTAAACCAATAACTTTAAAAAAAGATGATTTATTATTTATACCAGCAGGAGTTGTGCATACATTAGGACCGAATTCAATGTTATTAGAAATACAACAAACATCGAATTTAACATATAGATTATATGATTGGGGAAGGCCAAGAGAAATTCATATAGAAAAAGGTAAAAAAGTTTTAAAAGATTGCCCATTTGTTATAGTGAATTCACCTAAAGAATTCAAAACTCAATATTTTAATATAAAAAGGGTTTCTAATGAAAAAATAAAAGGGTTCGGTATATATGTATCGTTAAAAGATTTTAAAACATACGTTATACCAAAAGGTTTAGAATTTGAAGTGAAAGAAGATGGATTGTTATTTTTTCTTTAAATTTAAAAATCATTGACTAAGAGCGATTAGATATAAAGTAAGGCGTTAAGGCCTTACTTTTTTTACTTTATTTTAATATAATTAGCCAATATGTTGCTTGAATTATTTTCAATAAAGTTTTATAATTACTTTGAAAAAACTTGCAAGGAGGATAAAAAATGGATTTTTCAAATTTCTTAGCTTTTTTTGCTAATAGTGGTTTCGCATATTTTACATGGCAAAACCTTCTTATGATTGTTATAGGATCTCTTTTGATTTATGTGGCAATAGTTAAGCACGCAGAACCCTTGCTTTTAATCCCTATTGGATTTGGAATTATTTTAGCTAATATTCCTCCAGAAGTAACGGGTTTATTGAATCCTCCAACAGCAAATCAGGTGGGTGGATTATTGTGGTACATTCAAAGAGGAATGTTTTTAGGTGTTTATCCACCATTGATCTTTTTAGGTATTGGTGCGATAACAGATTTTTCATATTTAATAGCTGATCCAAGACTGATTTTTTTAGGTGCAGCAGCACAGGTTGGGATTTTTGGAACATTTATTGTGGCAAATTTAATGGGATTTGATATACATAGTGCAGCTTCTATTGCGATTATTGGTGGTGCGGATGGTCCTACATCCATTTATTTGGCTTCAAAATTTTCTCCGCAATTATTGGCGATTATTGCAATAGCAGCATATTCATATATAGCTCTTATACCGATTTTACAGCCACCAGTATCAAGGCTCTTGACTTCGAAAGAAGAAAGAAAAATAAGAATGAAAAGAATGAGACATGTAAGTAAAAAAGAGAAGATAATATTTCCTATTGCTACAACTATTGTAGTTGCTTTATTAGTTCCTAAAGCTATTTCACTGGTTGGATTATTGATGCTTGGTAATTTATTAAAAGAATCTGGAGTTACTAAAAGACTTGCAGAAGCAGCTTCAAGGTTTATTTTGGATTCGGTGACAATATTATTAATGCTTTC
CP069362.1_gap42	1423932	1427570	3638	ATTAGATCATTAGCTCAGAATTCAAAAACAAAATTTGCTATCGTTAGATTTGGAAATGTTCTTGGAAGTAGAGGAAGCGTTATTCCAATATTTAGAGAACAAATAAAGAATGGAGGCCCTGTTACGGTTACAGATCCAAAAATGAAAAGATATTTTATGACTATACCTGAGGCAGTTGCTTTGGTATTACAAGCGGGTTCTTTTGCTAATAAAGGTGAAGTTTTTGTTTTAAATATGGGAGAGCCTGTATCAATTGATAAATTAGCTCGAGAGATGATCAGACTATCAGGATATATACCAGATCAGGATATAAAAGTGGTATATACTGGCGTTAGGCCAGGAGAAAAACTTTATGAAGAGTTATTTTTAGATTCGGAGGAATTTGTTAAAACGGAAAATGACAGAATATTTATTCTTAAAGAGAACAATGTTTTAAGTAAAAATGAATTAGAAAAACTAATAAATAGTATTGTTTTATCTTTTGAAGAAAATGATTATGATATTATGAATCAATTGATAAGAAAGTATATACCAGAATCAACATCAGGAATAAAAAGAGATATAGCTTATTAAGAGGTGAATTATGAAATATATTCCATATATAGTAGTGCTTGTTTTATCAACTATAGTGACATATATTATGATTCCAATAGCAAAAAAAATTGGAGTAGTAGATAAACCTGATGAAGAACTAAAAATACATGAAAAGGCCACACCGTATCTTGGAGGAGTAGCAATATATTTGTCAAGTATTTTTTTTATTAATGATTTAAAATTTGTTTTTTTTAGTTCTCTTATGATGTTTTTAGGATTATTGGACGATATAAAAGATATATCGCCAAAATTAAGATTGATATTTGAATTTTTTGTAATATTAATAACTCTTATTCCATTTTATTCGTCACTGGGAATAGTTTATTTTTTAATTTTAATAATTCTTGGTGTTGCTCTAATAAATGCTGTTAATATGATAGATGGTATGGATGGAATTTGTGGAGGAAATGCTCTTTTTATAATTTTGTTTTTAAGTATAATTTCAAAACATTATACCTTTATATATATTGTTATGGCAATCATAGGATTCTTATTTTTTAATTTTTATCCAGCAAAGATTTTTTTAGGCGATGCAGGTTCGTATTTTTTAGGGTATACAATATTTTATCTGACAACAATAATGACATCTAATCATGGATTCGGAGGATTTGCTATATCTGTTATAGTTTCAGCCTTATTTTATACAGATTTATTTTTCAGTTTCTTAAGAAGAATTTTAAACAATCGTTCACCTTTTTCAGGAGATAGAGACCATATTTATGATAAAATAAAAAAAAGATATAATATATCTGTTAAGAAAACAGCATTGATTACATATATATTTTCATTTTTATTTGGTATAATAGGTGTTATCAGTTGGGACTTCCCTTATGTAGGATTAAGTTTAGCGTTGATAGAGTTTTTATTTTTAGGAATATATTTAAAGTTATATTCCTATAATTAATGGAGGTAAAATATGGCCTTATTAAAAGGTATTGATGGCTCGTACTTTGAGTTAAGTCCACGGGTAATAAAAAAATTCTGGTTTGCTGATTCAATAGATGAAGATGTTGAAGAAAAATATATATTTGAAATAAAAGCGAAAACAGGAGACTTTATATGGAAACCGAATGAATTCAGTGTTGAATTAGCTGATTCTATTGATGTAGAGCTGGAATATATCCCAACACTTTTGACTATATTCAGATTAAATAAATATTTCAATAATAGAATGAAAAGTATTTTTTCTTTTCTTTCTACAGATTCTTTGATGTTAACAGAAAACATTATCAGTCAGGAATTAATGGTTTATACTATTAATGAAAGTGTGGATTTTTCAGCAGTATATATAAATAAAGCAGGAAGATATTATGAACATCATTTTATTTTTTCAAGATATGATTATCAAAGCATATTTGATGTAAATATAAAAACTACAATGACAGAAATAAAAAGGTTTTATAAAAACCTTATAAATGAATTTAATAAGTTTAGATTAAATGTTTTACCAGAAATAATAAACCAGGAGGCATTTTTAAAACACGTATCCGAAAGAATTAAAGTTGTGAACTATAATGAATTAAAAAATATTGAAGATAATATATTTCAATTATATAATGTTAATAATTTAAATAATAGTATGTCTTTAAGTAATTCAGATGAAGCTCTTAAAGCATTTACTAATTTTATAGCTGAAATGAGAAAACAAAAAGATGTTGAAAATGATGATGTGGATATAGAAATATTTATGGAAGAAGATGAAGAAAATGATGAAAATGAAACATTATGGGAAATAATAGACGAAATAGAAGAAGAAATAAAAAATATGTTAGAGGGTGAAGAAACAGAAGAAGATTTTATTTTAACAAAAGAAGAAAAATTGGAAAGTATATATAATGAAATACAAAAGAGTTATGAAGTATTTAATAAAAAAGTTTTAGATGAGGATGAAAAGAGTAAGGAAGAAAAATTAATAAAAAGCTTAATTCTAATATATGGAATAGAAACAATTTATGAATTAAAAGAGAGGCTAAAAAAAGATTTTAAAAACATTAATTTAGAAAAAATAATAGAAGAATATTTAAAAAATTCAGATGAAGGAATTATTATGGAATATAAAAAATGGTATAAAAAAATAATGAAAAAATTAGGAAAGAATTTAAATCAAATAACATAAACCCGGATTTTATTCTGGGTTTATTTTATTTTGATAAATTTTTCACAGGGGGTATGAAAATTGGCAACCAAGAGTTTCTTCACAAAAGATGAGATAACCTATACAAATCCTATTTTTTCAAGAATCAGAACAACTATTGAAACTGCTTTCTACCGAAATAATGTAATAAAGGTAGATTCGCCTAAGGAGGCTTATAAACTTGCTAAAAATTCACCGGGAACAATAGTTACGGATATAAATGTTTATAAGCCTGAACTATTAGCCTTAGACGAAGGGACAAAGATATTGATATTTAATGATGGAGCAGTTACTGGAAGATATGCAGCTGGAAGGAGAATCGTTGGAGAACCTGGTGTTGATGAGAATAAGTATGCTGAAATCATTAGAGAAGCAGTATATAATACCAGATACAAAAAAATGTATCATGCTATATCATTTACAGGGCTGCATGAAGATTTTATAGTAAAAAATCATTTGTTGATTCCAGAAGGACATGAAAATATTTTATATAATTGGTTATTAAACTTCCAACCATTTACTGTTGATTTTGTAAGAATATATGAAAAATCAAGAATATTAAATGAAGGAGATATTTATATATTTTCGGATCCTGATTGGAAACATCCAGATTTCCCATTAGGATTATCATTTTTTGATCCGCAACACAATTGTGCTGCAATACTCGGGATGAGGTATTTTGGAGAATTTAAAAAGGGTACATTAACATTAGGATGGGGAACTGCAAATAGGAATGGATATGCTTCCTGTCATGGCGGGTTAAAAAAATATACTTTAAAAGATAATGAAAGTTATGTAGCTGCATTTTTTGGTTTATCAGGTTCAGGCAAATCCACATTAACTCATGCAAAACATAATGGTAAATATGATATAACAGTATTGCATGACGATGCATTTATTATCTCTATGG
CP069362.1_gap43	1471095	1473375	2280	ATACATCATATGAGATAAATAAATTGGAATATGTAATATTATACCTGGGAGATGGAAAAAATGAAAAAAATATTGATATACGGTGATTCAAATATAAAAAAAGAAATGACTTTAAAAGGTTTGTACAATAAAGAATTAGATATTGTTAAAATTTCTCCTAATTCTCAAGATCCATTGAACGAAATAAAAAGTAACATATTATCAAATTCTTTGTTTGGAGATAAAAAGATTTTAATTATAAAGGATTTTGATAAGTTTAATAAAAAAGAACAGGATGAAATTTTAATGTTATTAAAGGATATATATTCTGATAGTATAGAAAAGTTAATTATTATGAGTAGTACTAAAATAAAATCTAAATTTGATAAAGAAATAGAATGTGTTTTACCAAAACCTTGGGAAGAAGAAAAATGGATGAATTATGTAAAAGAAATTGCACAATTTTTTAACAAAGAGATTAATGAAGACGCAATTCATTATATATTGGAAATATATGGTAAAGATGACAATTATTTATTTGAAGAGATAAAAAAAATATCAATTTATTCAGATGGGAAGATAAAGAAAAAAGATATTAAGGAAATAGGTTTTTTGCATGTAAATGTGGATTTTGAAGAATTTTCATATTTGTTATCTTCTAAAAGAAAAGAGGAAGTAATTGAAATGGCAAAAAGTTTTCTATCTTTACCGGACTTTAATATTATTTTTCTATTAGGCTATCTTTTTAAGTATTTTTTTGATTTATATCGTGTTATAATTAATGTAGAAACGAAAAAAAAATTTAGTTGGCCAGAGGTTCAAAAGATTTCTCAGTTAACAAATGTATCAAAGATGCGGGTAAAAAAGTTTTTAGGAGTAAAATTTAAAAATGAAAAAAATTTTTATGCCAACCATTCTATTTTATACACAAAAAAAGAGATTATGGATATTATAATAAAATTGGAGGAATATGATAGAATGGCAAAAACTGGTGAAAAAAAGGATTTAATTTTATTAAATCTAATTCAGGATATTTGTGGGTGATATTATGAGCCTTGGGGAAAGTATATATGATTTAACAAATTTATTTACGATATACCGTTGGAATAATAGACCAGCATTGCTAAGGTTTACTGAAGCAGATAATGTTTTTCATAGTTTGCTGTTAAATATGATAACAATAGAATTTTTAAACAAAAAAGGGAAAGATTATTCTATTTCAACTAATATAAGAGCAAAAATTTTTAAAGAATTGCCAAAAATTATATTATCGGATATTTCTCTTGATACAAAAAAAAGAATATTATTGAAAAATCAGGAAATGTGGGGAAAAGTACTTGAGAAAAGCTATGAGGAATTAAAAGAAAATAAAATAGTACAATTTTTTGATTCAGAGTATGAGGAAGGGTTTGAAAAATATACTAATTTTATTGATTTGATGGTGTCTTTAAAAGAAATTGAGATTAACAGTAGAATATATCCAGAATATTTTGAGAAACCAAAGCGTGAAACAGAAAAAAAATTAAGAACATTAAGATTAAATTTGCCATATATAAATGAATTGGAAAATATATTAAACTATGTTTTAAAGATATCAACAAGGATGACTACTATGTATAGATGGAACAAAAACCATAGAAATGTAAAAAATTCTGTATCTGCACACACTTTTATGGTTGTTGCAGCTTCAATTATTTTTTATTTTTTAAATAAAAATACAGATGAACAATTACTTGATGAAATAATTATAGCAAGTATATTACATGATTTTCCAGAAGCATTTACAGGAGATGTAATTACACCAACAAAGAAGAAAGTAAAAGGAATGGAAGATATAATTTCAAGAATTGAAGAGGAAATGATTGAAGAATGGCTTAAAGGTGATGAAGATACAGAAAAGATTTTTAAAAGATTTAAAGATTATATGATTAATCCTTTTGAATCAGAATATGGAAGATATGTAAGAGCTTCAGATCTTTTTAATGCCATGCTTGAATGTGCTATTGAAATAAGATCTGGCAATTCACAAATGTTATTTAGAGAGGCATTTTTTAATATGAAAAAAGAATTAAAACAGTTTGATTTTGATTTTATATATGATTTGATAGATGAAATAGAGAAAATAACTTTTTTTAATTAGATTTTATGTTTGTAACTCCCCAATAAAATTGTTTGACATATATAGAAACATAAATAGCGAGGGGAGGGAAATTATGTTATATTACATGCTTATAATACCATTATTGGCATTAAGTTTTGCAGTATTTAATTATTATTCTGTGTTAAAACTTGATGAAGGCA
CP069362.1_gap44	1487430	1490050	2620	AGAGGCATTTAAAGATATACAAAATAAAGTGGTTTCACTCTCAATTGCAATTGCTTCAATGATATTAAAGAAAAATGTTGATGAAAAAGTTAATGAGGAAATTGTAAAAAGAGCATTTGAAGCACTTGATAAGGGTGAAAAATTATGAAAAATTCAATATCAGTTGCAACAAGATATGTAGAAGCTTTTTTAGAATATTTATCTGAAGAAAATAAACTGGATAAATTGGATGAATACGTTAATGCTATAAAAAAAGTTATAGATAAAATTCAAGGAGATAAGAAGTTTTATGATTTAATAGGTAATCCTTTGTTGCCAAAGGATTATATTACTATGCAAATTATTAAGGCTTCAGAAATTGAAGATGCTAATTTCAATAAGTTCATTGAAGCTTTAGTATATAAAAAAAGGCAATTAATGTTACCAATGATCTATATATTACTTGAACAAAAGAATAATGAATTAAAGAAATTAATAAAAGTAAAAATGATAACACCATATGAATTAAAAAACAAAACAATAGAAGAATTAAAAGAAATAATCTTCAAAAAAACTGGAAGAAAAGCTATATTGGATTCAGAAATAAAAGAAGATTTAATAGGTGGAATGCAGTTACAATTAGAAGATAAAGTATTTGACTATTCTATAAAAGGTATGCTGGAAAAAATCGGACGCGAGTACGCTTCCAAGCGGGGGTGATTTGTTTGAGAATAAATCCTGATGAACTCGAAAAAGTTATTGAGGAACGTATAAAATCATATGAATCAGGTGAAATAAAGGAAGTTGGATGGATAATTCAGGTTGGTGATGGTATTGCCAGAGCATATGGTTTAAAAGATGCTATGGCAAGTGAATTAGTTGAAATCCATACCGATACTGGTGATGTTGTAAATGGTATGGCATTAAACCTTGAAGAAGATAATGTTGGTATAATAATTTTAGGTGATTATAGGCTTATAAAAGAAGGGAATAAAGTTGTTAGAACAGGTAAAATTGCAGAAGTTCCTGTTGGTGAAGAGCTATTAGGAAGAGTTGTTAATCCACTTGGAGAACCATTGGATGGTAAAGGGCCAATAAATGCAAAACACACAAGACCAATTGAATTTAAAGCCCCAGGTGTTGTTTTAAGAAAACCTGTCGATACACCATTACAAACAGGTTTAAAAGCTATTGATACAATGATTCCTATTGGAAGAGGACAAAGAGAATTAATTATTGGCGATAGGCAAACAGGTAAAACAGCTATAGCCATTGATACAATAATAAATCAAAAAGGTAAAGGTGTTCACTGTATTTATGTTGCTATTGGGCAAAAAGCTTCAGCGGTTGCAAGAACAGTAGCAAAATTAGAAGAATATGGTGCTATGGAATATACAACGGTTGTTGTGGCTAGTGCAAGTGATCCAGCATCATTATTATATTTAGCTCCTTATGCTGGTGCTGCAATGGGAGAATATTTTATGTTTAATGGTAAAGATGCATTAGCAGTTTATGATGATTTGTCAAAACATGCTGCAGCATATAGGGAATTATCTCTTCTTTTAAGAAGACCACCAGGACGTGAAGCTTATCCTGGAGATGTTTTCTATTTGCATTCAAGATTGTTGGAAAGGGCTGCTAGATTGCATGAAAATTATGGTGGTGGATCATTAACAGCTTTACCAATAATTGAAACTCAAGCAAACGACGTTTCTGCATATATTCCAACAAACGTTATTTCTATTACAGATGGACAGATTTATCTCGAACCATCATTGTTCTATGCAGGCCAAAGACCTGCTGTAAATGTTGGTTTATCCGTTTCAAGGGTTGGTGGAGCTGCTCAAATTAAGGCTATGAAACAGGTAGCTGGTAGTTTGAGGCTTGACTTGGCTCAATACAGAGAATTAGAAGCATTCGCTCAATTTGCAACTGAATTAGATGAATCTACAAGAAAGCAATTAATCAGAGGTGAAAAACTTTCTGAGTTATTAAAACAGGGTCAATATGTTCCAATGGAAGTTGAAGATCAAGTAGCAGTTGTTTTTGCAGGTGTAAATGGATATCTTGATGATATACCAACACAAAGCATTAGTAAATTTGAGAAAGAATTCTTACAATTCTTAAAATCAAATAGACCATCAATTTTAGAATCAATAAAGACAAAGAAGAAAATTGATGATGACTTAGATAAGGAGCTTAGAAAAGCTATTGAAGACTTTAAAGCAGCTTTTCAAGCTTAAGGTGGTGACATCTTATGAGTCGTGGAAAATTAAGGATTCTTAAACAACGCCGTGCATCTACACAATCCACAATGAAAATCACAAAAGCTATGGAAATGGTAGCTGCTGCAAAAGCTAATAAAATAGTTAAAGAAATTACGGCGTTAAAGGATTATGCTCATTATGCAGAGAAAATAATAAAAAAAATATCTCCTGTTGAGGATAGTATATATACGTCAAATAATAAAGGAACTTTAATAGTAGTAATAACTCCTGATATGGGATTATGTGGAGCTTTTCCTATTGAGTTGTCCAAAATGGCTATTGATTTATCAAATAAAACAAAAGATTTTGTTGGATTTTATAATATAGGTTCTAAAGGAGAAATAGAGTTAAAACAAACAGGCAATTTGTTACTA
CP069362.1_gap45	1539214	1542728	3514	TTATTGGTGTTTTAATATCTTTCTTAATGTTTAAATAGCTTTTTTTTATCGAAAAAGGTTCGATAAAAAAAGCATAAATAGCAATTAAAAAAATTATAAATATAGTTCTTGTAAAAAATTTCATATAATCACCTTTCTAAACAGATGTTTAAATTTTTTAAAATAATTATGAATATTTAATTCTTATTTCATATTATAACAGATTACTATAAGTTATAACATTTATTATTTTATGTTAAAAATGATAAAATGAAATTACGATCATATTAAAGATAGGGAGGAGATACCCATGGAGACAGTGGCCATTTTAAAATTAAAGGATGAAAAGATTGAGATAAATACAAATACAGTTTTTCCAGTAATTTTATCAGATGTTATGTATGAAGGTGACCTTGATTTGATGATGGCAGATTTAAAAAATAAGGCAAAACTGATAAGTGAAGCAAAAAAGATAAAAACTATTTCGGAACATATTTCTGGAATTTCTTCTAATTTTGTTACAAAACCTTTTATATTTTCCGAATTTCTTTCCTACTTAAGAGAGTTTGATTTAAAACCTTCCGATTTTAACCATGCCACATTAAATGAATTATATGATATAATACTGGATTATGCCGATCATCATAATTTTGATGAATTAAAAGAAATAGTTAAATTTATGATAGAAATAGATCCAAATTATACGCCAGCATATGAAATACTTGGCTCTGTGTTGGTGGAAGAAGGAAATTTAGAGGTGGGGAAAAAGTATTTAGAATTAGCTGTTAAACAAGATCCATGGAATGTTGCAGCATTATCAGAATTGGGTGAAACATATTTTAATCTTGGTGAGTTTGAAAAAGCTGCAGAAATTTGGTTAAAAGAAGTTGAGCTGATGCCTGAAAATACGGTTACATACTTTATGATAGCCGATGCGTATAGGCAATCAAAGAACTTTGAAAAATCAGCAAGAATCCTAGAAAAGTTTTTAAATAAATATCCAAAGAGTATTTTAGCGAAATATGAATTAACAGAGATTTATAAAAAATTAGATAGAAACTTAGAAGCAGAAGAATTAAAAGAAGAGATAGCAAATTCACAACCTGAATATGTAAGTGATGTTGAAATATGGGCAAAAATAATGTTTCAAAATAGGAAATATGAAAAGGTTGAAAAGTTCATAAGTAAATTTTTGGATAAAAATAAAGAGTATGAACATTTTAGGATATTATTGACAATTCCGCTTTTGAAATCTGGCAAAAAAGAAGAGGCAAGATTAATGATTAGAGAAGTTAAAGAAAAATTTCCATGGTATTATTACGGAATGAAAAATATTTTAGATGAAATATTAGATGAAGATGAAAAAGATACACTTATTGATTAAAGAAGATTTTGATTTAATAAGAAAAGCATTTATGAAAAATAAAAAAATTATGCTCCCGATATTTTCGGGAGTTATTTTTGCTATAATTATGGGTAAAGTGGATATTATTATAATATTATTAGCCTGCATAGCATTTGTTGATTTTAATACGTTATATATTCCAGATATTTTTAATTATTTAATTATATTGATTGGTTTAATGAAATTTAATAGTTATTTTATACTTCTGGGGATATTTCTTATATCATTTTTATTTTACTATGCCAGGAGAGATGCATTAGGTTATGGTGATATAAAACTTATATTTGGATTATCATTGAATTATGGTTTTAATGTATTTTTTATAATTATTTTTTCTGTTTTGATATCATACCTGTTTGAAAAAAAAGGTAAAATTGCATTTGGCTATTATTTATTCTGGGGAACGATTATTGAAAAGATTTGGTTTTTCAATTTCAATCCATTCACCTTCTTTTAGATTGTCAGGAAGTTGAAGACTTCCTATGGCTATTCTTTTTAAATCAATAACTTCAAGGTTTACAGCTTTCATCATTCTTTTTATTTGATGAAATTTACCTTCCGAAATTTTTATTACAATAATATTCCCCTTTACTTTTTCTACAATTGCAGGTTTTGTTTTAAAATCTTTTAACTGAATACCGATTTCTAATTTTTTAATCTTTTCTTTTGTAATGTTGCCATCCACTTTAACTTCATATGTTTTATATATATTTTTCTTTGGTGAAATGATTTTATGAATTAATTCTCCATCATTAGTTAAAAACAATAATCCATGAGCATCTTTATCTAATCTTCCAGCAATACTCAATTCATCTTTATATTTATGATCTATTAGTTGTAAAACATATTTATCTTTCGAATCATATGTGGAAGATAGGTACCCAACTGGTTTATTAATAATAATATATATTAGTTTATGTCCTTCTATTTTTTTATCTTTAAATTCAACAATGTCATGTTTAGTAACTTTAAAATCGACTTTTTTTATAATATTACCATTTACTTTTATTAATCCGTTTTTTATCAATTTTTTTACTTCGTTTCTTGAACCTATTTTTGCATTGGCTAAAAATTTATCCAATCTCTCCATTACAATCTTCCTTTTATTATATAGGAATAAACATCTTCCAAAGATATTTTCATATTTCTGTATGAGCATTTTATATTATATTTTTTTGTAAGTTCTTCAAAATGTTCAATTTTTAATTGAGTTTCTATTATGGCTGTTGTTGAAGAAATGATTTTTAGTCCTGATATTATTTTTTCATCTTTTAAAGCTTCTAAATTAGAAAGATATTCAGGACTTTCTAATTCAACTTCTATTATAGACAACTCATTTTCAAATTTTTTCATAATATTTATCATTTTATCCTGAGCAATAATTTTTCCATCAACCAATATGGCGATTTCTGAAGCGATTTGTTCGACTTCCCACATATAATGCGAGGAAATAAGAATAGTTTTTTCATTTTTTAGATTTTGATCTAATATATATTCTCGTATAAATCTGGATGTTTCTACATCTATGGCAATTGTTGGTTCATCTAATAATAGTAATTTAGGATTTTTTATAAGAGAACGTGCAATATTCAATTTTTGTTTATTTCCTGAGGAAAGATTTTTAGTTAATCTATGTTTATATTGTGATAATCCAAAATCTTCTAAAAGACTTAGGGCTTTTGATTTTAAATCTTCTTTCACATTACTAATTTTTCCAAATAATATTAAATTTTCGTATGGTGTTAATTCATCTTCTAAAACAGTATAATCTGATACCAAACTGATAAGATTTCTAACCTTGCTCTTTTCTTTTACCACATCAATTCCAAATGCTTTTACTTCACCTGCAGATGGTAGTATCAATGTAGAAATTATTTTCATTAAAGTTGACTTTCCAGCACCATTAGGTCCTAATAATCCAACAATTTTTTTTGCCTCTATTTCAAAATCAATATTATTTAAAGCAATAACATTACCAAATTTTCTAGTAACATTTTTCATTTCAATAGCTTTATTCATAATGCACCTCACATATCATATTTAATACTTTTTCTTATTCTTCTTTCAATATCCCGTTTTGCAATGTCTTCCCTTTTATCATATAGTTTTTTCCCTTTAACTAAAGCAATT
CP069362.1_gap46	1546026	1549567	3541	TAAAGTCAACAATTCTTCCCTGTGAATCGGTTAGACGTCCATCGTCCATAATTTGTAATAATATGTTATAAACGTCTGGATGTGCTTTTTCTATTTCATCGAGTAATATAACAGAATATGGTCTTCTTCTAACAGCTTCAGTTAACTGGCCACCTTCTTCATAACCAACATAACCTGGAGGTGCTCCAACCAATCTTGAGACATTAAATTTTTCCATATATTCAGACATGTCTATTCTAACTAATGCTTTTTCGTCACCAAATAAATATTCTGCAATAGTTTTAGCTAATTCTGTTTTTCCAACGCCTGTAGGTCCAAGGAATAAAAATACACCTGTTGGTCTTCTTGGATCTTTTATTCCACTCCTGGCACGTCTTATTGCTCTTGATACAGCTTTTATAGCATCATCTTGTCCAATAACTCTTTCGTGTAATACGGCTTCAAGATTTAGTAGTCTTTCCATTTCAGACATTTCTAATTTTTTCAATGGTACTCCTGTCCAATCAGAAACAACTTCTGAAATATGTTCTTCTGTAATTTCTATAATTTCTTTTTCAGCTTTTTTTCGCCATTCGCTATATTTTTTTGTATATTTTTTCTTCAAATCACTTATTTGTGATTTTATCTCATCGATTTCTTCATATTTGTTGTTTTGAATAAGATAATCCTTTTTATTTTCTAATTCAGTTATTTTATTGAGTATTTTCTTTAAATTATTTGGTAGAGTAAGAGCGTTTAAACGAACTCTTGCGCCAGCTTCATCAATTAAATCAACGGCTTTATCGGGTAAAAATCTATCTGTTATATATCGTAAAGATAAATTGACTGCTGCTTCCAGAGCAGAATATGTATATTTAACTTTATGATGCTCTTCATATTTTGATTTTATACCTTTTAATATTTCCAAAGCTTCTTCATATGTTGGTTCATTAACATAAATCTTCTGGAACCTTCTTTCTAATGCAGGATCTTTTTCTATAAACTTTCTATATTCTGAAGGGGTTGTTGCTCCAATTACAGTAATATTTCCACTTGCTAATGCAGGTTTTAAAACATTTGCAGCATCCATAGAAGAACCTTCTGCAGCACCTGCTTCGACTATCATATGTAATTCGTCAATAAATAATATAATATCCTTATTTTTTTCCAGAATTTGCATTAATTTCTTCATTCTTTTTTCAAATTCACCACGATATTTTGTTCCGGCAACTAATGAGGTTAAATCTAGAGAAAAAATGCATTTATTTTTTAGTACTTCAGGGACATCGCCGTTGATAATTTTTTCGGCTAAACCTTCAACAATAGCACTTTTTCCAACGCCAGCCTCACCTATAAGTACAGGGTTGTTCTTTTTTCTTCTGGCAAGTATTTCCATTAATCTTCTGATTTCAACTTCTCTACCAATAACAGGATCTAATTCTTTTTTTGCAGCTTTATCAGTTAAATCCGTTCCATATCCTTCAAGCTGCTTTATAGCATTTTGCCTTTGTCTAATCCTTTCTTCATCCTCTTCTGCAAATGAAGAGTGTTCCCCTTTTATGTTTTCGCTTTTATTTAACATGAGATCTGCAAGCTTTTTTCTCATTTCAACAAGATTTATTCCCAATCTTCTTAATACATGAGCCGCAATTCCTTCCCCTTCTCTACAGATTCCAAGAAGCAAATGTTCAGCATCAATTTGTGAAGTACCAAGTATTTCAGATTCGTCATAAGCTAATTCTATTATCCTTTTAGCTCTTGGTGTTGGTTGTGGTGAGGAACCAACAATGTTATGTGAGGCATTAACGCCTACAATGTTTGTTATTTCAGATTTTATTTTTCCATATGTTAGATTATAGTATGAAAATATTTGAGATAAATATTTTCCATTTACCTTTAAAAGGCCTAACAATAAATGTTCTGTTCCCACATAAGGATGCCCCATAAACCGTGCTTCATTTTGTGCTTCGATGAAAACTTTCGCTGCTCTATCTGTAAAGTTATCAAACATATTATCACCTCCACGAATACCTATCAATATTTTAACACATTTTCACTAAATTATGAAGAATGTAGTTTTAAAATTAAAAGAATAGGTTGTCCAAAAAGTTAAAATCATTCAGACAGCTCGATTGCAAATCTTTAAAAATTATTCATTCCCAGCCGCCGCTCAGATTTTGCATCCATGCAAAAGCTTCACTCAAAAAAACATCCTGTTTTTTTGACGGCTTTCATTCATAATTTTTAAAGGCAATCTTCGAGTCTTCACTTCTTTTAAACTTTTTGGACAGAATAATTAAAAGAAAAACGTTTTTAAAAATTAAAATACTTTTCAAGATAACTTTAAAGAAAAAGAGTTTAATTAGTGTGTTAAAACTATCTAAATTGGAGGCGGTCTTATGTCAGAGTTATTGGTTTTGGGTATAGCTATAGTGGCGTATTATTTTATTATTTTTGCGAGAAGGATTAAAAAGTCTATTATTACTTTCTTTTTTGGTATTTTGCTTTTTATTCTTAAACCTGTAGAGGGTCTGGAATTTGAAAATCTTGGTAGAATAGTTAGTTTTGAGACACTTGGTATTTTGCTTGGGATGATGATAATTGTTGAAATACTTAAAGAAAGTGGTTTTTTTACATTTACTGCTGTTAATGCTATTAAATTAAGTCGTTATAAATTTTGGATAGTTTTAACTTTGCTTATGCTTATAGTAACATTATTTTCGGCATTTTTAGATAATTTGATTACAATAATGCTAATAGCTCCAATTATATTTTTGGTTGCAGATACACTTGAAGTGGATCCGGCACCTCTTTTGTTATTAACAATATATATTGATAATATTGGTGGAATGAGTACCCTAATAGGTAGTCCATTGAATATTGTTTTGGGATCTATAGGTCATCTGGATTTTGCTAAATTTTTAACTGTAATGTTGCCAATTACGGTTTTATCTTTTATAGCGGTTCTTTTAATGTTTAAAATAAATAATAAAGTTGATACAAAAACTTTCAATGAAAAGCTTAGAAAATTATCGGATATGGATCCTGAAAAAGCTATTGAAAATAAATCATTGATGTATAAAGGAGTATCTGTGTTTGCAATAGTTTTAACCGGATTTATGTTTCATTCTGTTATAAAAATAGATTTGGCATTAATAGCTATCGCAGGTGCATTAATCTTAATGTTGTTAACACAAAAAGATTTTGAAAGTATGTCAAAAGATCTGGACTGGGATACTATGTTTTTTTATGGTGGTTTATTTACAATAGCTTTTTCTTTAGAAGAAATTGGTGTAACTCAAGCGATAGCAAATCTTTTTAATCCACTATTACATACACCATTTTTATTAATGATTGTAATTATGTGGGTATCTGCATTTATTATTCCATTTTTGAGTGCTGTTCCTGGAACATTAATTTTGGCTCCTGTTATTAAACTTTTAGTATTGCATGGAGCACCATTTGAATTATGGTATGCTTATGCAATAGGAGCAAATTTAGGAACAAATTTAACTCCACTCGGAGCTGTTCAAAATATCGTAGGAGTATCTTTACTTGAGAA
CP069362.1_gap47	1550940	1551626	686	TGTGAAAATGGAAAAGATGGAATATGATGTGGTTATCCTTGGTGGGGTCGCGGCTGGTACGAGTGCAGCAGCAAGTGCTAAAAGAATAAATAAAAATTTGAAAATTGCAATATTTCAAAAGGAACCATACATATCTTATGGTGGATGTGGATTACCATATGTAATAAGTGGAGATGTTTCTTCACCAGAAGCGGTTATAGCATTAACACCAGATATCTTTAAAGAGAAAAAAGGTGCTGATGTTTTTGTTAAACACGAAGCATATGAAATAGATTTTTCAAATAAAATCGTTTATATTAAATCAGAAGAAGGTGAAAAGGAAGTTTCTTATAACAAATTGGTAATTTCAACAGGTGCTTCACCCATTATTCCACCGTTCCAAGCATGGGGAGAAAAAGGGATTTTTAAATTGAGGAATCCAGATGATGCAAAGAATATTTTAAATTTTATAAAAGAAGAAAATCCTGAAAAAGCAATTATTATTGGAGGAGGATTTATTGGTATAGAAACTGCTGAAGCTTTAAAAAAACATGGAATAGAAATTACTATTATTGAAGGTATGGATCATATACTTGGAAATATAGAACCGGAAATTCATGAAGAATTTATACATGGCATAAGAGAAAAAGGAGTCAATGTTGTATTTAATACATTTGCAAAAGATGTTATAAAAGAAAATGGGGTTT
CP069362.1_gap48	1591750	1594984	3234	TCGGAATTTTTTAATTCAATAAATAATCTAAAACCATTCATTTCTCCATTATTTTTTCATTTTGATGATAAAATTTCTAAGGAAGTTGAAGATCAATTTATGATAGGAAATTCCATAATGGCAACGCCTATTATTCAACCTAATGCCAGAGGAAGATATGTGCATTTGCCAGAAGCAAAGTGGTTATATTGGAGCGCATCAAACTTTAAAGAAAGAAATATGAAAATATATGAGCCAGGAGATTATTATATAAAAGCTGAGTTAAATGAGATTCCTATATTCATAAAAGAAAATTCTTTAATCCTATTAAATGAAGAAGAAATAAATTATGTAAATGAAAAACCGATAAAAGAATTAACAGTAATTGGTTTTGTTACTGGTAGTGCGGAATTTACATATTTTGATGATGATGGAGAAACATATAATTTTAAAAATGGAAAATATGTAAAAATAAATATAGTGGTAAAGAAAACAGAAAATGGATATAATTATGAAATAGAAAAAGATGAGTCTGAAGATTTTGTAAGTACAGTAGAAAGAATTAAATTTGAAATATATGATGAAAAAGGAAATAAACACACACAAATTTTTGAGATATAGAAAATCCCCCTTTTCAGGGGGATTTTATTAATTATTAGAAATTATTGGTTTATAAATTATCAATTTTTGACCAACAAAGATTAAATCAGGATTTTTAATATTATTCCATTTTGCAATAGTATAAGGATTTACATTATACATTCTACCTAATTTAAATAATGTATCTCCAGATTTGACATTATACATAACATCTGTTGCAACATACCAATTATGATCAACTTTTGCTTCTATAACTTTATGCTCCATAATATAATCAGCCATCAATTCTGAAACTTCCATCATAACTTCTTTTACAACAGGTTTTCCGGCGAACATTGAGTATCCACCACCGCCACCTGCTCTATAATTATTTAATACAATATCATATTCTTTATCCATTTCAACAGGTTTTCCCTCATATTCTAACCAAACAACTCTTTCTCCAACAGGTTTTTCAACATCAATAATGTAATTGATACCTTCCCACATATCATAATTATAATGCCTTGGTTTTGGTTCTACCCATGATTTGTTTACATCTACTTTACCATTTTTATATACAAAGTAATCTGCGCTTTTTTCTATAGCATCTTTTATATCTTTTCCTGTAACTCTTAATACTTTTAATGTGTTTGGATAAATATATACACCATTAATATCTCTTAATGTAATAGGACCTGACTTCCAACCTTTTATATCATTGTTAAATAATGCAGTTGAAGAAATTTTAACTCCGGAATATGTTTGTTGAACTGTGTTTACAAATTCAATTAAAGGGTGATCTGCCAATCTGACTTTTAATGGATCATATACATAAAAATCGCCTTTAGCTGTACCTACTGGTTGATCTAACCATTTTTGAACTTTATCTTCATAATCTTGCACAAGAGCTAATACTTCTTTATCTGATTCTACTGTTTTTGAATCTAATAATTCAGCTTTTTTAGAAACTACTTTCCATTTACCATCAGAATTGTCAAGAGTTAATTCAATTCTACCAACCTTTTTTCCCCAACTACTTGGCATTGTAACTGCTACATTATTATATACACCAGAAATAGATCTGTGTTGGTGCCCTGTTAATAATACATCAATACCTGGAACTTCCATTAATAACTGATAACCTTCATTTTCTCCGGTTAATTCTTCAGTTGGTTCTCCTGTATTCAAATCTCTTTCAAAACCGCCATGATATCCTACAATTAAAACATCAACTTTTTCTTGATCTCTTAAGATTTTTACATATTTTTTTGTGACTTCAACCGGATCATAAAAATCTAAATTTCTAATATTTTTTGGATCTTCCCAGTGAGGAATATACTTTGTGGTTAAACCTAGTATCCCGATTTTTACACCTTTATAGTCTATAACCATATAAGGTTTAAATATGGGCTTTCCAGTGTCTCCATCTACAATATTCGCGCTTAAAAATGGGAAATTGGCTTCTGAAATAGCCTTATTTAATACTTTTTTTCCATAATTAAATTCATGATTTCCTATAACAGATGCAATATATCCCAGATGATTCATAACTTTAACCATAGGATCTATAGGTTTATTGTCTATCCTTGCATGGTAGTATTCGAGTGGAGTTCCCTGAATGAGATCACCTGTATCAATTAAAAGAACATTAGGATTTTTCTCTTTTTCCATATTATAGAAAGTAGCAACTCTACCCAAGCCAACATAATAAGGTTTATTTGTTGCATAGTTAACAGGAAAAATATTACCATGTAAATCACTTGTGTGGAGAATAACTAAGTTCATCTGTTCAGCAAAAACAAACAAACCGAGAATTAAAATACTAAACAAAATAAGCACTTTTTTCATTTTTACACCCCCTGTTTTTTTAGTGCAAATTTATTATATCACTTTTTACAAAATAATAAAATATATATTAATAATATATATGTTTATATATTTCATCTTTTATTATATCAATAAATTTGAAATTAATTTTGTTTTCGAGTATATCAATTATTAAAATACTATGTGGAGTATTTTCTTTTGGAATAGAAACACTTCCTGGGTTTATTATGATTAATCCATTTTGTTCTTTGTATTTAGAAATATGCGTATGTCCGTGAATTAAATATTGACATTTATATTTTTTTGCTAAAGAAATAGAATCCTCTAAGTTAGGATCCCAACCATGTGTGAAGAAAAAATTATATGGACCATAACTTTCTACAACATAAGGTGTAGGTTCTGGAATGTTGACTAATTTTAAATCAATAGGAGAGTCACAGTTTCCAGTTATAAATGTCCTTTTTTTAAAGTTTTTCAATAATTCAGCTAATTTCATAGGATTATAGCCTTCGGGCAAAGGATTACGGGGGCCATGATATAAATAATCTCCTAAATGGATTATTCTATCAACATCTTTTAAATAATTAAAGGCTTTTTTAAAATAAAATAGTGATCCATGAGTATCGCTTAAAATTCCAAGTTTCATTTTTGTACCTCCTATTATATAAATAATATTGTTGATAGTCAATAATATTTTATCATAAAAACAGAATATAATAAATTACACTAAATTTTTTTAAGATTTAGTGTTTTATATATGTAAAATATGATATAATTAAGAAAAATCATAATTTTGAGGGGGAAATGGTATGGAAATTTTATTTTTGGGTACAGCAGCATCTGAAG
CP069362.1_gap49	1637693	1640530	2837	ATTATTGATATAAATATAATAAAAGCTATTCCATGTATTATAGACATAATAAGTAAAAAAAGAAGCATTGTGGTCAACCCGCTCGAAATTCCTACTACAATCATAGGAATAAATTCAAGAACAACACCAATTACTGGAATAAAATTAGTGACAGCAGCCCAAAAACTCAACAACAACTGATATTTTATTCCTAAAAAAGACATAGCTAAAAAGGCAGAAACTCCAACAAATGCTGAAGCAAATAATGTTGCAACGACATAATGTTCTATTTGATTAAAAGATTCATCATAAAAGATCTTTGCCGAATTACGTAAAGATTTAGGATACAAATATTGTAATTTCTCTTTAAATTGTTCAAAGTAAAAACTCAAATAAATAGACCCAATTGTTAAAAAGAATAAAAAGGTGAAAGCTTTTTGTCCATATGATGGAATTAACTCAATAAAATTAGAAAGCATTTCTATTAATTTAGGTTGTAGTGAATTCATAAAATTTTCTATATTATTAACAATATTCTCAGGTTGATTTTTCAACAAAATTTTCCATGAGCCTTTTTGGAAGAAATCATTAAGGAAAACAACGAAATTGCTGATTTCTCTTATTACAGTTGGTATTAATAATACTAATAATAAGTATAAGAAAAATAATGAACTAATTAAAGAAAATATAGTAGCAATTTTCATTGGGATTTTTAGTTTGTTTAATCCTTTAGCGATTAAATTAATTGCTAAGACAAATCCTATTGTGAATATAATTATAGTAAAGACATCTCGTGAAATGAAAGTAATACTTATGAAAAGTAAAAAATATAAAGCGGAAAATAAAGCGCCTTTTAAATTAGGGCTTAATTTCATTTTAATCAACTCCATTAAATTCAAAATATTTTCTTAACTCATCAATTTTATTTGTAACTCCTAAAGCTACAGTTAACTTGATTCTTGCCTTTTGCCCTGAAACTTCATTTCCAAGAATAGCCCCTTTGTTTTTTAGATCAGCTCCACCACCATGATAACCATATACACCTAAAACTCTTCCCTTAAAGCATCTTGAAACAACAATAACAGGTAATTTTTTCTCTTTAACAAGCCATTCAATTTTATCAGCAACCTTTGGTGGAACATTTCCACGTCCAAAACCTTCAACAACGACACCTTTAAATCCTAAATCTGGCAGAACACCCAAGATAGAACCATCATCACCAGTATACGTCTTTATTAGAGCAACTTTATCTTCAACATCTGCTGCATCAATGTGCATTCTTAACAGTGATTCCCTATAAAATATTATAGCATCTTCGTCAACAATACCCAATGGTCCATATCCAGGGGAGTCAAAAGTAGCAACATTACTTGTATATGTTTTGGTAACTTCTCTAGCTGAATGAATTTCATCATTTAAACACACGAGAACACCTTTATTAATAGCTTTTTTAGAAGACGCAACCCTTACGGATGAAATTAAATTAGCAGGGCCATCAGTGCTTGGTTCATTCCAATTTCTCATAGCTGCAGTTAGAACAATAGGTTTTTTTTCATTTAAAACAAGTTCTAGAAAATATGCAGTTTCTTCTAAAGTATCGGTTCCATGTGTAATTACAACACCATCGATATCATCTCTTGAAATAACTTTTTTAACAAATTTTGAAAGTTCAAACATAATTTTTGGAGTCATATGTGGGCTTGGAATATTGGTAAATTCAATTAATTCAGTTTCTGCAATATTTCGTAATTCTGGAATATCGTTTAAATGTTTGTTTCGCTCCTCAGAAGGGATAACACCAAGTAAAGGATCGTGAACCATTGCTATAGTGCCGCCTGTTGTGATGATTGCTATCTTTCCCATATTTATCCCCTTTCTTTTTAATTAATTTTTATTTTTGCCACATAAAAAGGAATTAACGTTTCATCAGGATAAAAATAATATCCAAAACCATCAAAGTAACTTTTAATTCCAAATTTTCCTAAATCTATTTCTTCAAACTCAACGTTTGAATATTTTTCAGAAATATGCTTCATATTTAAGGTATTTTCTTCTCTGGAAATAGTACATGTAGAATAGACAATAGTTCCATTCTCTTTTATTAAATTATTAATAGCATTATCTAATAATTGTTTCTGAATATCAGAGTAAGTATTAAAATCTTTTTTAGATACTCTATGCAATACTTCAGGGTGTATTGATGATGTTCCTAATGATGTGCAAGGGGCATCAATTAGTATTTTATCATATTTTTCGTCATTATATTCAATTCCAGAAATTAATTTTGTTTGTATAATATTTATTCCCAATCTTTTAGCGTTATTTTTTACTAATTCCAATCTATCGATATCTATATCCAGAGCCATAATTTCTCCACTATTTTTCATTATTTGGGCTAATTCAGTGGTCTTCCCACCAGGTGCAGAACACATATCCAAAACCTTTTCTCCAGGATCAGGATTTAAAATTAAAGGAATTATCTGAGAACTTTCATGTTGTATATAAAATAATCCACTTTTATAAAACTCACTAACTTCTATAGGAGATTTTGGATTTTTTACAATAATTCCTAAAGGAGAATGTGATGAAAGTTCTACATCGTAATCGTCATTTAGTTTCTCAAACAACTCTTCTCTTGTGATTTTTAATGTATTTGTTCTTAAAGTGAGAGGATTAATTGAATAACTTTTTTTCATAAAATCTTTAACATAATCTTCTGGAAAAACTTCAATCATATAATCATATAACCATTTTGGTATAGAATATTCGATCCACTCAGGTAAATTAATCTCATCTTTTTTCATTAAAAGATTTTTCAAAGTAGCATTAACAAAACCTCTAACTTTTCTGTTTTTTGC
CP069362.1_gap50	1643484	1644496	1012	CTTTGAAAAAATTTCTACCCGCTCATTAACTGGAATAACATTTTTTAAGCCTAATTCTTTTAAGAAAAAATTAACAGCTTTTATTTTTTTTTCAATGCTATCTAATAGAGTAAAATTTACTTCAGGAAAAATAATTGATAAAGGTATTCCTGGTATACCACCACCAGTCCCAATATCTAAAAAACTTGCATTATTTTTTAAATTTATGAATTTCATAAATGGATAAATACTATCTATAACCAGGGATTTTGAAGCTTCTTCAAAATCTTTTATTGCTGTTAAGTTAACTGGGTAATTTATTATTAACTCAATAAATCTATTTAATTGATTATATGAATTTTCGTTCAAAAAAAATTCATATTTTTCAAGAAGTCTCAATAAAAAATTCATTGACAAGTACCTCCTAATATGATATAATACTCCTCGGAGACGTAGCCTAATTGGCTAAGGCGTCGGTCTTGAAAACCGATGGGGTTGACGCCCCGTGTGGGTTCGAGTCCCACCGTCTCCGCCAATATTTAAACCGCCCGATTTAAGGGCGGTTTTTGGTTTATTTTACAGAACCGAATCTGTTATATGGCCAAATTCTTAAAAATGGTCTTCCTATAATATTTCTTTCAGGGACAATACCAAAATATCTACTATCAAAACTTTCAGTAGTATTATCACCCATAAAGAAGTAGAATCCTTTAGGCAAAACAATCTTTACTCTTCCATTTTCTTCTATAAAAATTTTATCCACATCAAGTTTTGCTAAATATTTTTCATAATATTTTGTATAGTCGAGATTTTTATTATAATATCTAAAAGCCCCTAAATCAAACATAGGTTTTCTAATTTCATTATAAGTTCTATAAATATCACTGCTATATTTTTCTGGATAAGCCATAAACTTATAATAGTCTTTTGAAGCAAATATCCCATCAATATAATAATACTTATCTTCAAATCCTTTAGGAATTTTTCCGTTTACATAAAGTTGAGCTACGGAATTCTTTACACTAGAAGGTAA
CP069362.1_gap51	1675431	1676743	1312	ATATAAAATTTATCATTTAACACTTTCATATTTATTGGTCTGGCTTTTAATCTTAATTTTCTGCTTAAATTGCCCCATTTGTTTATAACTTTAACGGATGGATCACCGTTATCTATAACATATAAGTAATTATTTATATAATAACCAGCCATTGGGCGAGAAATAATACCATTATCAACGTATAATGTAACATCTCCGTTAACATAATCGATTACCTTTACTGTCCCACTGTAATTACATATTGTGGCATAATTTCCATAAATATCAATATGAAAAGTCCTTTCGCCAACAGGAATCCTATCGACAATCTGGAAAGTATCAGGTGAAGCAAAAGATAATCCAGATATTAAAATAAATAAATATAGAATGATTTTTAAATTTGTTTTTAGCATATAATACCTCCAGCAATTCTTTATTTCAATTTTCGTTTATTACCACAATTCTTAAGTAATTATACATCAAAAATATTAAAAACTCAAAAAAGTAATTTTTAAAAATTTTGTTATCCATTATTATAAGTATAGCGTTATAATTAATTATACTTGACATAAAAAATCCTAATTAGGAGGGAAAATATGGAAATAGAATTAAAAAATACTTTGGGAATGCAATTTGTATCTAAAACACCATCAGGACATGAAGTAATAATTGATGCTTCACCAGAAGTAGGAGGAACAAATAGTGGTCCTCGTGCATTAGAATTATTTTTGCTTGGAATAGGTGGGTGTACTGGTATAGATGTTGCAATGATTTTAAAGAAAATGAAAGTTGATTATAAAGATTTAAGAGTAAAATTAGAAACAGAAAGAAATGAAGAACATCCAAGATATTTCAAAAGAATAAATGTGAAATATATATTTAAAGGTAAAGATTTACCAATGGAAAAATTAGAAAGAGCAGTAAAATTATCTCAAGAAAAATACTGTTCTGCTTCTGCAACAGTAAAAGGCATGGCAGAAGTTACATACGAAATTATAGTTGAGGAGGAATAATATGGCTGATAAAAAAATACCGTTTCACTTACCAGATCAAAATGAGTTGAAAAACATTAAACACATTATAATGGTAATGAGTGGTAAAGGTGGAGTTGGAAAATCAACAATTGCCGTAAATTTAGCAGTTGCTTTATCATTAGAAGGTAGAAAAGTTGGACTGATGGATATTGATATGCATGGTCCTAATGTTATGAGAATGTTAGGAGGTACAGAAAAAGATCATCCATATCAGGTTGGAGAAAAAATAGTTCCACCAGAAGTTAATGGAGTTAAAGTTATATCTGTTTCACAATTTGTTCCTGAATCAGGGAAACCAA
CP069362.1_gap52	1736768	1741320	4552	GAAAGTTCGTGATTTTGCAATTAAATATGGTCTTGGTCAAAAACGTGTTGCTTTAGGACATTATTCTTTTGAAGACAATGAAAGACTTTTTCTTGATTCTATTATTGAGAAGTTTTTATAATGGAATTAGTGGATACTATATAAATAAATATTTAAGAACTGAAGAAGTTGGAATAGAATAGGCCATAAAAAATTTTGTGTAAATAGAAAAAATAAAAACCCTCTTCTTTGTATAGTAGAATGCCAAGAAGGGGGTTTTCGATCTATTATTGGTATGTTATTTCTGAAATTATCAGGTTTTATATATTTTGTTTTATTTACTATACATAATTATCATTTTTTAAAACCCATGAATTCCTTGTTTTCTGGATTTTGTTTCTAATAATTTAAATGAAATTATTCCTGTTATCAAATAAAATAAAGATAAAATTAATAATATTATATATTCTGTTTTTATATCTATAATAGTATTTGTATTCATTAATAAGTAACGCATTATATCTAATCCCCAGCTAAATGGAAATAAATATGATATCCACCTCAAAAATGCTGGTAAAACCGTTATTGGAAAAAACATACCTCCTATTAAAGGAGCGGCATTTCCCATTAAACTAACCAATTCATCCCCATCCTTAAATAATAAAGTTATTCCAAAAAAGAAAAAAACATATCCAAATGATGCTAACATAGAAATTATAAATACAGCTATTGCACCTAAAAAATTAATAATATTAATTGTTGTTATATTTGATATTATTGCTAATATTATTATTGGTATTGATTCTATGGTTACTTTTAATATTCCCAATACAGACCATCCAAATATATAACCCAAAGGATTTATTGGCATCAAAAAAATTTCCTCCAATTGCCCTATTTTCATATGATGCCTTAATGTAAATATCACTCCCCACAATACTTCTATATAATTCCAATATGCTGCACCAATTAAAACATATCCGAATATATTTTTGGTATTGGTATTTCCATAAAAGAATTGCGTTAATCCGCTTTTTTCTCCGAAAAAATATAATAAAAAAACAGGTATTATTGTTAATAATGGTGTAAAAAATGCCCCATACCAATCTATTCTATATTTTTTTGCTGTTAAAAAATTTGCTTTTGCAAGATACAAACTATTTACCATGATTCCCACTCACCTTTTTCACGTGTATATCTTTCTACTTTGTTTAACATTAATATTCCTATAATTAAATATATTAAACTTATTATAGTTAGAACTATTAGAAGAAATATATCCTCTTTACCTATAATACCTTTCTTTATTATATTTCTTCCTAAAGATATTAAATAAGTTAATGGAATTATATAGGATATCATTTTAATATATATGGGGTAATACTCTATAGAACTTGTCATGCCTGATAGTAAACCCACAAAATATTGTACTGCATAGTTCATACTTCCTATCTTTTTTTTCCATAATGCCAGTGCGGCAAAGAATATTGAAAAAAAGGTTATGTATATACCGCTCATCAATAATAGAATAAATATCCATATACTCATTTTTATGGTTATTCCAGATATTGCAAAGAATATTAATGTAAATATGGTTAAATAAATATTTGTGAGAAAAGTATCAATACTTTTTGAAAATAAAAATTTCAACAAGGAGATAGGAGATATTATTATAGAAGTTAATGTACCTTCAGCTCTTTCTTCGCCAAACCCATCTCCTACTCCCCAAAAATATTGATTTAACCAATACCATAATAATGTTCCTATTAATATACTTTCAGAAAAGTCAATTTTTCCAAATAATTTAGATGTAAATATATATGGCCCTATCATAAAAAACGGTGTTAATGCCATATTTATCCATATGAACTTATATTTTTTTCTTATGAGCCAATCTTTTTTTACTAAAGTTAATAATTCTTTCATGCCAATTCCTCACTTTTCACTATATCTTTAAAATATTCATAGATATTGTCATTTTCTTCTTTTATATTACCGAACTTTGTTTTTAATCTAAACACTCCTTCTTTTAGTAAATATATATTCGTATTTTTAGAAAAGCCATGAAGAATATGACTAATCATAAATATAGTTAAACCATCACTATTTAATTCGTTTAAATATTCTATCATTTCATATGTTGCTTCTGGATCAAGACCATTTAATATTTCGTCTAAGAATAATATTTTAGGTTCATGAATTAGTGCTTTACATAGCATTAGTTTTTTTCTCATTCCCGTTGAGAAATTTTCAACTGGAGTATCTTTAAATTGATAAAGATTAAATTTATTAAGTAAAAATTCAATTCGTTCTTTTTTTATCTTCTTTTTCACTCCATAAATGCCACCAAAAATATCTAAATTTTCGTAAGCTGTTAATTTCCAATATAAGCTCCTTTCATTGGTAAGAACCACACCTATTTCTTTTGCTAATTTTTTCCATTCTTTTTTTACATCTCGATTAAGTACTTTTATACTTCCTTCATCTGGTAATAATAAACCTATTGCAATTTTTAATAATGTGCTTTTTCCACTTCCGTTTTTACCTATAATTACTGTAAAATCACCCTTATTAATGGAAAAGTTTATATCCTTCAAAACTTCTAAATTTTTAAAATTTTTCTTTAAATTTTTTCCTTCTATTATCTTCATAATATCACCTGATTTTTATATTTATAATATAGTTCTAAAATTTCTTCATATACTGTATCATGAAAGGCTTTCCAACAATCTTTTTTTGTTTTGTTTACATAAACATTATATCTGCATCCACCGTTGCAAATTGGTAAATATTTACAATCTTCACATATTTTATCTGCGATATGGTTTTCTAACATTTGTGAATATTTTTGTAAAAATCTTTCTGGATTATTAATAAATTCATTATATGAGCAAATTTTAAATTCTTCTATACCTATACCAGATATACAATTATATAGATCACCATTAGGAGCTATTATAATATCACTTTCTTTATTATATGTACATGGCCAAACATTTAAGAAGTCTACTACATTTAATCCATTTGTTAAAATATTTTTTAGTGTTTCAATATATATTTTACCATATACTTTTAAAGGAGGAATATTTTTTAATGTATAAAATGAAAATCCATCTGGATGACTTAATAATCCTATATTAAAAATAAATCTTTCTTTTAAAGTTTCAATACCAAATATTTCTATTAATTTTTTTATCATTTCCATATGTGTTTTAGAAAAATTAGCATTGTCTATCACACTATGCAAAACAATAATTGTTGATGTTTCTCTTAATATATTTTTTATAGTATTAATAATATAATTCCATGTGTTGTTATATTTTTCCGACTTTCTTCTTGAATTATGAATTTCTTCAGGACCATCTAAAGTTATTTGAACAAATTTAATTTTATTCAATACTTCAAACATATCTTTTGAATAAGAAACTCCGTTTGATATTAAGTTAAAATTTTTTATAGGTAAATTTAAATATTCTGATTTTTCAACCATAGATTTAATATATTGTGGATATAGGGAAGGTTCTCCACCAAAAAAAGTTACTACTATATTTTTACTCTTAAATAATTCATAAAGTAAATTCCATAACTCAATTCTTTTTTCTAAGTTTTGTGGTTTTTGATATCCTCTCTTATATGTATTTTGCTGCATGCAATAACTACATTGTAGATTACAATTTAACGTAACAACATCGGTAATTGATAAAGTATTATTAGTATATTTTATTTTATTCATAATATATTTATATAAAAATTTTTCATTGAAATCTTTTTTTACCAGTATTCCTTCATCAATTAAAAAATCTATATTAGAATGATTTTTTTCAATATTTTTAATTACATCTGAATTAATTTCTACATAATTTCTGATCAACAAATTATAGTAAATTTCAATATTTTTCTTACGCTTATGAATTAAATATTTTGAAAATTTATATTCCATTTCTTCCTCCTAGTTTTTAAGTTTATTTTTTTAATAAAATAAAAATATTATAATCTAGTATTCTACAATTTTAAAAAGTCCAGAGATTACTATCCTAATGCATATGATATAATTATAAATAAATCTAAAGATGAAAATAAATATTATTTAATTTAATTCTGATTTTATATTGTTTATATGAAAAACCTTTTTTTATTAAAAATTTTTTAATAATAAATATTTAGAATATTTTTTAAGAAAACTCTTTATTGTATATATATAAGAAAGTCGGCCGACTTTTTATCATTATTGAGTTAAATCAGCACATCTTTGACTTCTATTAGTACATCCACCTAACGGCATTTTTCCGGATATAATTCTTTTTAGAATATTCATTTTTGCCCTCCTTTCGGTTATATTATCTTCTAGTACTAGATAATAACAGCCGGCTGAAAAATTTTAATTTTAGTTTATAAACCACATTGTATTACAAAAGTGTCATATGTTATAATATTAATAAACAATCGAGTATAGAGCTATTTTTCATTCAAGAATTTCAATTTGAACTTGAGGATTAGTTGAATGAGTAGTTGAATTACTTTTATCATCACCACCATATACCATTGTTGAAGATAATATTATGATTGCCATTAT
CP069362.1_gap53	1785684	1787295	1611	ATAAAATAGAGGAAATAAGATTATATGAAAGAGGTGTTTTGCTTGATAAGATTATTTTTTATGTTTTTTAAAATATCAGCATTGGCTCTTGGTGGCGGATATGCGATGATTCCCGTAATGCTAAAAAATTTAACTGCAGCTAAACTATTGACAGAGGAAGAGTTTAAGGAGATATTATCTATTGCTCAGGCAATGCCGGGTCCAATTGCTTTTAAAGTATCATGGTTAATAGGAAAAAAAATAAATGGAATAAAGGGTTCGATAATAACTTCTTTAGGTGTATTAATTCCTCCCTTTTTTAGTATAGTTTTAGTAGCATCAATATTAAAAAAATATGCCGATAATAATTTTGTATTAACCTTTACAAAAGGAGCTTATGCTTCATTGATAGGAATGGTTGCCGGAATTTTATATGATTTTCTAAAAACCACCAAAACCAAAATATATGACATATTAATTATCATATTATCGACTACAATAATGTTTATTTATCCAAAATATACAGTATTAATATTTTTTTCTTCTATAATACTTTTTTACTTCTTAGAAAAAGGATTTGATAAAGATGCTTAAAATGATATTATTATTTTTTCAAATAGGTTTTATTTCTTTTGGTGGTGGATGGGCATCATTAGGAATTATAAAACAATTGATATTGGAAAATAATTTATTAACAGAAACAGCTTTACAACAGGCTATTTCTATATCCCAAATGACTCCTGGACCTGTTGCAGTAAATCTTGCAACATACATTGGATATTTAAAATATGGTTTGTTGGGAGCAACATTAAACACGATTTTTTTGGTTATTCCTGCAATAATATATTATTATATAGCAAAATGGCTTTTATCAAAACTCAAATTAAATAGGAAAAATATTATGCAGTCTTTAAAATTAGGAACGATAATTCTTATCTCAATGACATTTTTATCAGTATTAAAACCTGTTTTACTTGTAAAAGATTTTGGAAGTATTATTATAGCTATATACGCATTAATACTATTTACAAAAACAAAATTAGATCCTATTTATATAATATTGAGTTCTGCGATAATAGGAATGATACTTTTTTCTATTATATAAATAAAAGGGAGTAAAACTCCCTGCAGTTTGTAGACAAACTATATAATTAAATACAAAGTATTTTCAAAAATAATATTCACGCACATATTTTTAATACATAGTATTAAAAATAAATACAAGGCTTTACAAAGAATATTTAAAATTTTTTCGAACCAAAATATTTATGTTAAAAGTTTTTTATTTTCGCGAAGCGAAAGTTTGGGAATTTTCAAGTATTCGTTTATATTATTTTTTTAGAAAATACTTTGTCAACAGTCTGAAGGGAGTAAAACTCCCTGTTATTTATATAAAATGGTTTTTGTGAGATTTTCGAATAGAATTAGTGAGGTTATTTCACCAACTCCACCTGGAACTTCAGTTACATGAGCAATATCTCTCACGGATTTTTCAACATCACCAACAATTTTTCCATTAACAACATTTATACCAACATCAATTATTATAGAATTTTCTCTAACCATATCTTTTGTAATAAATTCAGGATGTCCTACAGCAGCAACTATGATGTCTGAATTTAATGTAATTTC
CP069362.1_gap54	1817273	1820131	2858	ATACAACTGGAGCACCGTTAACTTTGATCATTCAAAATAAAGGAAGTAATACAGAAAAAGAAGTTAGAAGTGTTCCAAGACCAGGACATGGTGATTACAATGCATATATGAAGTACAAAATTCCAGATTTGAACATCTATACTGAGAGAAATAGTGCAAGATGGACTGCGGTATTAACGGCATTGGGGTCTATAGGAAAGCAATTTTTAAAAGAATTTAATATTGAAATAAATGGATACGTTAAAAATATAGGAAAAATGAATATTAAGGATGGAGAAATAACCGAAGAAGTAAAAAAATATATTGATGAGATGAAAAATAGAGGCGATACATTAGGTGGTACAGTAAAAGTAGTTGCAAAAAACGCAAAAGCTGGTATAGGTGGATATTCAACTGTTTTTGAAAGATTGGATTCAAAAATAGGAAAAGTATTTATGTCAATACCATCTGTAAAGGGTATTATTATAGGTAATGAAGATTTTTCTTTAACTGGTAGTGAATACCATGATGAATTTTATATAGAGGAAAATAAAATTAAAAGAAAAACCAACAATGCTGGCGGAATAGAAGCAGGATTTACAAATGGTGAAAACATAGAAATAACCGTATTTTTAAAACCAATTCCAACATTGGGAAATCCCCTTAATTCTGTGGATTTAAAAGAAAAAAAGGAAGTGAAATCCCCATATATAAGATCTGATGTCACTGTAATTCCATCAAGTATAATAATTTTTGAAAATGCTTTAGCTTTAATTTTAATGGGGAGTATAATAGAAAGATTTGGAAATGATAATATAGATGAATTAGTAAGGAGGTACAATAGTGCCAATTTATTTGATTGGAATGATGGGTTCTGGAAAGACAACAATAGGTAAAATTTTAAGTGATATTTTAAATAAAAAATATATTGATATCGATGAAAAGATAGAAAAAAATGAAAATATGAAAATAAAAGAAATATTTTCCCAAAAAGGGGAAGAATATTTTAGAGAAATGGAGAGTAGAATACTTGAAAAAACAGAGAATGAAGATGCGATTATTTCAACAGGTGGAGGAATAATATTAAAAGAGAAAAATAGAAAAATTTTAAAGAAGCATAAAACGTTATTCTTATATGTTCCAATGGAGGAATTAATAAAAAGAGTAGAGGTAAAGAATAGACCGCTATTGAAAGAGGGAAAAGAAAAATTATATGAAATATGGGATAAAAGAAAAGAATTATATGAGGAATTTGAAAAGATAAACTTATCAAATTTAAATCCATATGAATCTGCAGCGAAATTATTATATTCTATATTAGAATCCGCTCAAGAAAAAATAGATAATGACTTTCAAAATGTAGTTTTAAAGATTAAGGGATTAAATGATTTAAAAGACAAAAATAATGTATTTGTTAATAAAGATGTATATAGGATATATAATGATAAATTCAATAATGTATATATTTTAGAAAATGGTGAAAAAATAAAAAAGATAGATAATGTAAAAAAAATATATAAATATTTAATAAAAAACAATGTAGGTAGAAATGATACAATTTATGCAGTTGGTGGAGGTACAGTAACAGATTTAATTGGATATATTGGAGCTACGTTTAAAAGAGGAATTAAATTTCAATTTTATCCTACCACATTATTATCTCAAGTTGATGCTTCAATAGGTGGGAAAAATGCAATAAATTTTGAAGGAATAAAAAATGTTATAGGAACATTTAAAGTTCCGAATAATGTAATTATAGACCCTTTAACAGTGATTTCGCAAAAAGAAGAAAATTATTTAGAAGGTATAATCGAAGCTTTTAAAATTGCAATTATCAATGGGAATGTTTCGTTATTTTTGAACAACATAGAAAAAATAAAAAAAAGAAATTTAAATTTAATTACAGATATTATAAAATATGCTGTAAAAGTAAAACTCGATATTGTTACCAAAGATCCTTTTGATAACGATATAAGGAAATTGTTGAATTTGGGACACACATTAGGGCATGCTTTTGAAAGCTATACAGGTATTTCACATGGTCTTTCTGTAGGTTGGGGGATAAAGAAAGAAATAGAATTTTTTAGTAAAGAGATTAAGTTAAAGGATAAAAATATTATTTTCGAATTTTTAGAACAAATTATGCCAGATGATGTTTTAAACAAAAAAATCAATATAAATAATTTATTAGAATATATTTTTCAAGATAAAAAAATAATCAATAAAAATAAAATTGATATTCCAATAATTAAAAACATAGGAAATGTTGAATTAAAAAGTATAGGTCTATTTTTGCAGTAACAATATTGGAAAGGTTGAGTTAAGAATAAAAATAATAAAAAAATTTATGGAGGAAGTATGATATGATATTAATAGTTAATGGTCCTAACCTTAATATGTTAGGGAAACGTCCTAAAGAAGTATATGGGAACTTTACTTATGAAGATTTAGTTAAAAAAATAAATAACTGGTCTGAAAAAAATGGTATTCCTGTTGAAGTTTTTCAATCAAATATTGAAGGAGAAATAATAAACAGACTTCAAAAAGAAAATTATAAAGGACTAATAATTAATGCAGGTGCTTATACACATTATAGTTATGCAATAAGAGATGCATTGGAAATTTTAAAATTACCAAAAATAGAATTGCATATTTCTAATATATATAAACGAGAAGAATTTAGAAATAAAAGTGTGATAGCCCCTGTGTGTGATGGACAAATTACAGGGTTAGGACTCGATGGATATCTTCTGGCATTGGAGTATCTGAAAAAATTATTATGGAAAGAGGTAGAAAATGGTAAAATTAGAAAAGTTTAGAGAGTTAGGTTTATCAGAAGGGACATTAAAAGCATTGAAAAAGAAAGGTTTTGAAGAGCC
CP069362.1_gap55	1824941	1826487	1546	ACATATATGATATAATTATATATAATAATTATAATATTTATCACATGGTTTTCAAATTATTAGCTTATCAAAAAATAGATATAATAATAATTTAGTAGTACTTTATTTGTCAAATGTATTTTTTATTAGTTTTTAACATATTTTGAATTTAATGATTTTTTGAAAATTAATCTATATAGCAACTTCTATACTTTCAATTAATTAATCAATGATAAAATTTTCAATAATATAATAATTATAAAAAAATATTAAAATTCGATTACGTTTCTATGTCTGGGGGTAGGATAATGAAAAATATAAATGTTAAAGAGTTTAGGGAATTGCTTTTTTATTGTGATTATTCGAAACCAATAATAAATATTTTAAAAGAAAATATTGAAGACAAAGAAAAAAAATCATTTTTTCAAAATTTAATTAGAATTTGGAATTTTGAGTCGGGTGATTTTATTTATTATCAAAATAAAGAGAAAGATATGATTTCTATGATTTCATTGAGAGAAATAATTAGATTTTTTAGGATAAAAAGATTAATAGATTTTAAATATTATAATACCGCAAAAAAAGAAATCAATATATTAAAAAGAAATTTATCGCATTTACCAGCATACATCAGGGAAATAATTATACCTACTATAGTATTTATTAGTATTGAAAGTTATGAAAAAACTTTAATAAGGAAATACAATAAAAAAGCTTATTCAAATGATTTTTTAGAATTATTATATTTAAAAATATTGCTTGAAAAAAATAAGGGAAAAAAATATTATAATGAGTTAGACAATATTTTATCTAAAATGTACGAATATTCTCTTGAATTAAAACATCCACATTTGATATGTAAAACTCTGGAAGATACTATTAAAGTTTTTAAAGAAAAGGATAAAATAAAAGTATATTATGCATATAAACTACTTCAATATTATACTGGATATTATTTTGATGATTTTTTTAGAATAACAAAATGGTTAAGTCTAACTTTTGAAAATCAACTTTTAAATAATGATATTAGTATATTTTTTACTGCACAGATATTATTTGAATATAATAAAAATCATAAATTAGAAAACAAAAAAATAAGAAAGTATTTACCTAACTTAAAAGCAAAAAAATATATTCTTGATAAAGGTTTAAAAGATTTTATTTCTAAAAAAACAGGAGAAAAAATAAAGTCAAAATTTATAAATTCTAAAAAGGTTAAAGAACTTATAAATAATAATAATGTTAAATATCTTTCAAAAAAACCTTATGCAATTAAAAATGAGTTATATAAAATACAAATAAAAGATATTTTTAATATTAATATAAAAAAATCAAAAAAAATGAAGAAAAATATGATTATTTCCAATTTCATAGCAACTGTAATTTCATATGTAAATAAACCTAGGTTTTTAAAAAAATCATTATTATCCCTAATTCTTATTGGAAATAAAGCGAATATTATAAAATATTTTTCTGGTAGTCATGACAAAATGCTTTTTTTTAATATAATGATTTCAGAAAATATAATTAATTGTGATAGTCCATTTATATTAGGAAGAAAAAAAAT
CP069362.1_gap56	1893856	1897548	3692	TAATATTTCTTTTGCTTTTTTCCAATTGCTATTAAATGTAACAAGAACAGGAATTTCATTCCATATATATCTAAAATCTTTTGTATAATTTGCCAGATTTTGATTGAAGATTATTCCATTAGGAATATGAACGATTCTCCCTGTACTTTGATCTGCATTAACCCAATTCCCTATTTCAAGAATAGTAAAATTTAATATACTTATATCTATAACATCACCTGAAAAATTCCCAATTTCTATTCTATCGCCGATTTCAAACGGTTTTTTTGAAATTATATAAATCCATCCAGCAAAATTTGTAATAAGCTCTTTCAAAGCTATAGCTAAACCAGCAGAAAATAACCCTAAAAATGTTGATAAAGATTGAAATCCCACAAACCATATTCTACCAACTGCTAAAAAAACTATAATAACTAATAAATAATTAGTTGTCTTATTCCAATAATATTTATATTTTGGTTCTTTTATTTTTTCTATAATGAGTTTTTCATTTATTTTTTTCAATAAATATATAATAAATATTACTATAAATGAATATAGTATTTTCTCTCCGTAGTTACTATTTATAAAACTATTCAAAAAATCCATAATTCACCCCATTTTAATCTAAAATTTTTTTAATTAATATATCTAAAGTAAATGGTTTTAAAATATAATTATCTATATTATACTTTGATAGTTTTCTTAAAGTTTCAGGTGATTTATCAGAACCTAAAATATTTATTTTCATGTCTTTAAAAAAGATGTTATTTTCTAATTTGTACAAAAAATTTGTTAAATCATCAAAGTCATTATAATCAACGAAAATACTATATACATTTTTACAATTATTAAATAAATATCTATATCCTTCCAAAAAATCTTTTGCTTCAATAACATTATAATTTAATTTTTCTCCTACAGCTTTAATTATTTTTCTAATTGTAGTGGATTCACTAATTACTAAAATTTCTTTTTTAAAAATAGTTTTTAGTAGTAGATTAACTAAAATATTTAATAATACTTTTTCTGATAAATCATATATGATTCTGATATTTCCTATTAGTTTTTCAATATTTGTATTTTTATCCTTTATATAAATCAATGAAGGAAGATTTTTTAATAATTCTATATTTTCTAAATAAATATCAATGTCTGTAAAAATAATATTTTTCCCTTTAATATTTTTAATATCGTTTAATATTGTAATTGGATAATTAATCTTTTTTGAAATTTTATCAAGCACATTAATTAATTCTTTATCTTGGCTAAAGATATTTAATTTAACATCTATGCTTTTGAGTATATAAGGTAATAATCTGGATAATATATTGTTTTTTGAAAATGGCTTAACTATAAAATCATTTATTCCCTTTTTTACTGCTAATAACACACTCTCCTTTTTGTATTTTTCTCCGGTAATCATAATAATTGGTATATTTTTTGTTTTTTCATTATGTTTTAATACATCTAAAAATTCAATACCGCTTTCTCCAGGTAAATTCCAATCTAAAAATATTAAAGAAATATCTTCTTTTTCTAATATTACATTAGCTTTTAATGTGTTCTCAGCAAATAATATTTCTATATATTCAGAAAATTCATAAAAACAATATTTTATATATTCTCTTGAAGTATTTGAGTCATCAATAACCAGAAATTTTCCCATATTATTCCCCCGCATTTTAATAAAATCATCATAAATATTATATCATAAATAAAAAAATTATATTATAGAAATACTGAGTTAAAAATTTATATATATAATTCTTAGAGAAAATATAAAGGAGGTTTTTTTAATGCAAGTATCTTTAGATCAATTGATAAATGTTATAATGGCAAAATTAGAAGGTTTAGAAATGTCTCTCGAAGATTTAAAATTCAGAACTAATATAGCTTTAAGGGTTTTATACAAAAATGAATTATTGACAGAAGATAATTTAGTAGAGGCTATAAAAGATGAATTTAAAGCAAATACCGAATTAGAAGGAAAGGCTATTGAATTACCTGATGAAAAAGCAAAAGAAATGTCTAAAGATATTTTAAATTGGATTAAAATTGATTTAGAAGAAATGAAGAAAAAAATGAAAGAGTATGAAGAACAATTAAAGCAATTGATGCAGCAAGCAGAAGCACCAGATATTAGCGTTGCTCCGCCTGATTTATTGAATCAATTAGATCAGATGAAAAAAACAAATAATAAAGGTAATAGTGGATTGATATTTTAAAAAGCTCGCATTTTTGCGAGCTTCTTTATTTAATATTAGGATTTCCGGTATGTTGTATATTAAATTTATATTGATTAATTGGATTATCATTGACATCGATAATCGCTATTACACCATTTGAAGATGCACAATATAAAAATCCATTTTTATCCATAGATAAATTATGTGAATATCCAAGATTAAAAATCTTTTCTATTTTTCCATTATTTCTATTAATAAATAAAATTTCATGAGTTAAATTATTAATAATAACATATTTATCGGTCAAAACCCCAGTGCCAGAAAAATATCCAACTTTAGATTTCCAGAGTATTTTTCCATCTTTTAAAGCATAAAGATATAAATCTTTTGAAGTAACATAAATAGTATGCGTTTTATTATCAATTAAAGGAAATGAATATGGAATATTTTCCATTTTATAAGAAAATAACATCTTTCCATTTTTATCGAGTACTGTAAAAGTTTTATCAGGACCGTTAATATATATATTATTATCAATATCTATATTATAGAAGTCAGTTTTACCATTTAAAGATAATTCAAATATTATATTAAAATTTTTATCTATTTTTTTTAGATTACCATTAATATCTAGATCTATAATGTTTCCTTCATAATCTATTAGAGGACTTCTTTTAGAAGTCGTTGTATTAATTGATGAAATGATATTTTCTTTTTCTATAAGATAAAGGTATTTACTCCATAAATGAATTAAATATCTATTTTCGTTTAAAATAGTAACGCCAGAATAAGGATCTGAAATATCGACTTCTTTAATTTTTTTCGATTTTAAATCTACTATAGTTAAATTTTTTCGAAAATTTGAAATATAAATATTATCATTATAGATTACAGGAAAATCAAACGAATATGAGCTAATGTTGTATTTATTTAAAATTTTTCCAGAATATGATAGTTCATATAAATTTTTAGAATAACCAGATACATATAATTTTTCGTTGTATGTAGAAATTCCACTGTAAAAAACATCAGGTAAAATAAATAAATTTATTATAGAATTTGAAATGAATTTAATATTTGGATTTTTAATAATTTCATTTTCTAAAATAATTTTGTTATCTTTGATTTCATAATTATCTAAGAAATAATTTTTATCATTAACATTAAGCCTAAATAATTTTTTAGATTTGATTTTTAAAGGCGAAAAAGAATGGTCTTTTAAAAATAAAATATTACTTTTTTGGATTTGAATAGAAAAATTATATATATAGAAATTAAATAATGAATTTTTTATAGATATAGAATCATAAAAGAAATAATCGCCATTAGTTAAATACAGAATATTTTTATTTTCACTTGAAATATTTGGTCTAAAAGATGATTGTATAGACTCTGAAGGTAAGATTAAAATACCATAATCGGTATTTACTTTCCAGAATTTATCAGAAATAATTTCAAGTGGTGAGAAGTGAAATCTCCCAAAATTGGTAGCTAAAATTTTTGATTCTACTCTTTTTTTTGATA
CP069362.1_gap57	1949272	1950973	1701	AATTCTTGGATGAACATCATCTTCCCAATCATATACAGAATCATCTATTACTATGGATTTTGTAGGACTTTTTGCTGAATCAATAGTGGAGAAAGATAAATCGAGTAATGAAGAATTTTTATCATAACCGTAAACGCTATCTTCATCCCAATTATATGAACCAGAAATAGCTTTGGCATATGGGTCTGAAAGTAGTTTATATTTATTAAATCTATATCCATTCATTGGGTCGTATATTCCATCAACGCGCCAACCATAAAACTGTCCATGTTTTATACCATGAATATATATATGCCATATATTTCCAGTTTTGTTCTTTACAGGATGAAGGTGAAAAACATGAGAAGGTTCATCATCATAAAAGTTTTGATATAATTCTAAAGATACATTTTTACCATTTTTTGTAAATAAAGCAAAATTAACTCCCCCAGCATCAACTGTGGCTCCTAATTTTGGGAAACCTCTTTCTGTTTTCAGTGGAACGCTTTTATCGGGGTTATCATAATAAAAATAATTTTCCATTTAATCATCCTTTATTTTTTCATTTAATGCTTTTTTCAACGCTTTTTTTACCTCAAAATCCTCCTGTTTCAATTCGTTTATTAAATCACCAATTTTCCAATTAACATTTGTTTTTGTAGTTGTAGCAAAGATAATTCTTGGTAATCCATCAACGTTTTTAATAGCTTTCATTATTTTATTTATTTCCTCACTATCAAATCCATTTAAAATAATTACAGGTGTATCTTTTACTTCGTTGAACATGCTTTAACCTCCAATGTGAAAATTTATCTATTTTTATTATACCACAATCTAAAAAATATAAATAATTACTATTTAGAACATTTAATATTTTTTGTTAGTTCTCTTGACAAAAATAAAAAAAAATAGTATAATATTTTTGGAACCATTACAAAATTAAAAAAAATAAAATTTAAAATGGAGGGATATTTATGAAAAAATATGTATGTACAGTTTGTGGTTATATTTACGATCCTGAAGAAGGAGATCCAACAGCAGGTATTCCTGCAGGAACATCATTTGATGATTTACCAGAAGATTGGGTATGTCCAATGTGCGGTGTAGGAAAAGATATGTTTGAAGCACAAGAATAATTAAAAAAATTAAGTGCAGCATATATTGCTGCACTTTAATTATTTATATAATATTCTTTTTAAATAATTTCCAGTATATGTGTTTGCTTTAATAATATCCTCTACGCTTCCTTGAGCAATAATATATCCTCCGTTTTCACCACCTTCAGGGCCAAGATCTATTATATAGTCTGCATTTTTTACAACATCTAAATTGTGTTCAATAATAATGACAGTATTGCCTTTCTCCACTAATTTATGTAAAACTTCAATTAATTTTTTTACATCTTCAAAATGAAGACCTGTTGTTGGTTCATCCAAGAAATATACAGTTTTTCCAGTAGATCTTTTCCTTAATTCAGAGGTTAATTTTATTCTCTGTGCTTCTCCACCTGATAATGTAGTTGCAGGTTGTCCTAATTTGATATAACCTACACCAACGTCGGTTAATAATTTGAGGATGTTTTTAATTCGTGGAATATTTTGAAAGAAATCTAAAGCTTCTTCTACAGACATGTCTAATATATCAGCGATAGATTTTCCTTTGTATTTTACACTTAATGTTTCTTTGTTATATCTTTTGCCTTTGCATACGTCACAGGTGACA
CP069362.1_gap58	1974447	1977588	3141	TGGCATGGTAAATGGATGATGTTCAGCAACCAATCTATTTTCTTCTTCATCCCATGCAAACATAGGGAAATCAACAACCCATAATACATCAAATCCATCTTTTTTATCCATTTCTTCTCTAATTAATTTAACTCTAATATGTCCTAAAATTTTATTTATTTCTTCTCTATTACCAACTAAAACAAATGCAATATCATTTTCTTTTAAAATATTATCTTCAACCATTTTATTTAATTCTGGTTCGGCAATTTTTTTAATAGATGATTTTATATTACCTTTTTCATTTTTTACCCATATTAATCCACCTGCGCCAACGGATTTTGCAAATTCTGTATATTCATCTATTCTTTTTCTTGAAAATTTATCAGCTTTATTTTCTAAAACAATTCCTCTAACTTTTTCTCCTTTTTCAATTGCATTTTTAATAAATGTTGCTCCAGTATTCTCAAATCTGTTTGTAAAATCTTGTATTTCTAATCCATATCGTGTATCTGGCTTATCAGAGCCATATTTATCCATTACTTCATCATATGTAAATCTTCTAAGAGGTAATTTTAAATCATAATTAACTAATTCTTTAAATAATTTTTTTAATAATCCTTCTGTTAAATTTAAAATATCATCCATTTCTACAAATGACATTTCAAAATCTATTTGTGAAAATTCAGGTTGTCTATCTGCTCTAAAATCTTCATCTCTAAAACATCTTGCAATCTGGAAATATCTATCAAATCCAGAAACCATCAATAATTGTTTGAATAATTGTGGTGATTGAGGTAAAGCATAAAAAGATCCTGGTTTTAATCTTGATGGAACTAAGAAATCTCTGGCACCTTCTGGAGTACTTTTAGTTAAATAAGGAGTTTCAATTTCCATAAAATCATTTTCAGAAAAATATTGTCTTGTAATTTGTAAAGCTTTATGTCTTAATAATAAATTATTTTTCATTTTGTCTTTTCTTAAATCCAAATATCTATATTTTAATCTTAAATTTTCAGATGTTTCCTCGTCTTTATTTACATAAATTGGTGGGGTTTCAGATTCAGATAGAATTTCCAAATCTTCAACTAATATTTCAATTTCACCCGTTTTCATATTTTTATTAATAGCATCTTCAGGTCTTTTTCTAATTTTTCCTTTTATAGCTATAACATATTCATTACCAACTTCTTTAGCAATATCATATATTTTCTTATTTTCTGGATCGATAACAAATTGGATTTTCCCATATCTATCTCTTAGTAATCCAAACTTAATGCCACCCAAATCCCTGATTCTCTCTACCCAACCATTCAAAATAACAGTTTTTCCGATATTTTTACTATTCAATTCACCGCATTTATGAGTTCTTTTTAAACGCATTTGAACACCTCCAGATTTATATATTTTTAAGGAATTTGTTATAATAATATAGAAAATAAAATTAGTATCATCTATATTCTAAAAAAGTTTATTAAAGTATATCATAAAAATGTGTCTAAAAATACCAATTTATTTTACCATTTTTTTTGAATTTTGTGGTAAAATAGTACTGAGAGTTTGAAAATAATAAAAATTTTTTGGAGGTGTTAGGATGAAAAAGCTTTTAATCATTTTAATGGTATTAGCTTTGGCTGTGTTTTCATTCGCAGCAACAACTTATAAGGATGTTCCTGTTAATCACTGGGCATTCGATTCAATTGAAAGATTATCATCATTAGGAATTATTGAAGGATTTCCAGATGGAACATATCAGGGATTATCTCAAGTAAATAGATACCAACTTACAGTAGCTTTAGACAGAGCATTAAAGTATGTAGAACAACAGTTATTTGCAACATTGGCCGAAAAGGTAGTTACACTGGATAAACAAGTTCAACAAATATCCAAACAATCAAAAGGATTATCAAAAGATGAAGTAAATGCAATGATTAAAAGTGCAATGGCAAATATTGACACAACTTCTTTAGATAATAAAATTAACGAATTAGAAGCATCAATAAATGAATTGAAGAGTGCATATGATGTTATTAGCTTTTTAAGTTCAAAGATCGATAATGTTGAAAAGAAAGTATCTGCGTTAGAATCAAACAAAACAGTTGAACAAAAAATTGCATCTTTAGAAAATGACTTAAATACATTAAAATCATTATCAACGGATTTAGATGCATTAAAGAAAGATGTTGCTTCAAATAAAGCAGCAATAGAATCAATAGGTGTTTTAGCAAATAAATTAGCAGATTTAGAAACAAAAGTAAATGCAATTGATTTAGATTCTGTTAAATCAGAAATATCTGCTTTTGAATCTAAATTAGCTTCAAAAGCAGATATGGATTCAGTAAATACTGCTATTGATACAAAAGTAGCAGAATATTTAAAGGATTATGCAAAATTATCAGATTTAGAAAATTTAAATATCGATTCTTTAGTAAACAGAGTTGCTTCAGTTGAAACAGACTTAAATACATTAAAAACCAATATGACAAAAATTGATGAATTAAGTACAAATCTTGAAAGTGTAAAGACTTCAGTAAATGCAAATTCAGAAAAAATAAAAGAACTAGGATTAAGGTTTGATAATTATGTAACAAAAGACACATTAAAAGAATATCCAACATTTGCAGATTTGAAACAATATGCAACATTAGGCGATTTAAATGCATCATTGAAAAATTATGCATTAAAAACAGATTTAAGCAAATATGCAGTAGCAGCTGATGTTGATTCTAAACTTGGAAATTACGTGACAAAAACAGATTTAGAAGCACAATTAGAGAAATACGCAACATCAGATTCTATTGTTGATAAAGCAAGAGTAGATAAAATTGAAAAAACTGCGAATCAAGCAAATATTTTAGCCTGGTTAGGAATATTAGCAGGTGTTGCAGGAATTGCTATTTACTTTATTAATCCTTCTAATTATTAATATTATTATTAATAATCCCTTCGAATTTATTTCGAGGGGATTTTTTAATTTTATGATATAATATAATATAAATTAATAATAATCCTTTTGGAGGTGAACTATGAAAAGAGATAAAAATTTTAGCTGGAAAGAAAAGTTTGATGAATATAAAAATAACGATGAAATGAAAGAAGAATTAAATAAATTTAGATCCGGATATTATAGAAGGAATGACGATTGTACAGAATGTTTGCAAT
CP069362.1_gap59	1979139	1980639	1500	ATAATATGGGGCCTGTTGCAATTTCTAAAAAAGTAAGAAGTTTAAATATTGATAATATGAATTTATCTTCGCTGTATAATTATTTATTAAATAACACTAGAAAAGAAACATCTGATTACTTAAAAAAAGTTTTACAATATGAAAGAAAATGGAATAAAATTTATCCTTAGGGGAGTGATTATATGAGAAAAAGAATTTTAGGTAAAACTAATGAAAAGTTATCTGTTGTTGGATTTGGGGGAATAATTTTAGATGGATTAGATGAAAAAACTGCACAGAAGTATATAGATGCTGCTATTGATTATGATGTAAATTATTTTGATGTATCACCTTCTTATGGGAATGCAGAAGAAGTTATGGGGCCTGTTTTGGAAAAATATAGAAAAAAAATTTTTTTATCATGTAAAACAGATTCATATGATTATGCCAACGTAAAAAAGGATTTGGAAACGTCTTTAAAGAAATTAAAAACAGATTATTTTGACTTATATCAATTTCATGCAATTACTGAAATTAGAGAAGTAGATATGATTTTTTCACAGGGGGGAATAGATGCATTAATTGAAGCTAGAGAAAAGGGTTTAATAAAATATATTGGTTTTTCTTCACATTCTCAAGAAGCAGCTTCAGCTATGATGGATAGATTTGATTTTGACACTATCATGTTTCCTGTAAATTTTGCTAATTGGGAAAAAGGTTATTTTGGTGAAATTGTATTAAAAAAAGCTAAAGAAAAGAATATGGGGATTATTGCCATAAAAACATTAGCAAAAAGAAAATGGTTAGAAAACGAAAACAGAGGTAATCTTAGAACATGGTATAAACCTGTTGAAAATAAAGAAGAAGCAGAATTGGCTATGAAATTCACATTATCTAAAGGGGTTACAACCTGCGTTAGTCCAAATGATTTTGAAAGATTTACCTGGATGTGTGAAATAGAAAAAGAACTTGATGAGACACTTTCGGAAAATGATATGAAAAAAATACATGAACTAATAAAAGAATTGAACCCTGTTTTTCCATTGTTAAAAAGGGATTAAAAAAGCTCCGGATTGAACCGGAGCTTTTTTAATTATTTGGATTTTGTGTATCTTCTGGATTTGGTCCAGGATTTGCACCAGCATTAGCTGTTTGTTGTGCTTGTTGATAAATAAATTGTCCTAATTTCATTGATTCATTTTTCAAATCTTCCATAACAATCTTTAATTTTGCAATATCATTCTTATTTATAGCATCTCTTACCTCATTAATTAATGACTCTAATCTTGTTCTTTGATCTTCTGGAACTTTATCTTTATTTTCATTAATTAACTTTTCTACTTGATATGCTAAATCATCAGCCTGGTTTTTAAGCTCAATTTCTTCTCTCTTTCTCTTATCTTGTTCTTCATATTCTTGAGCTTCTCTAATCATTCTTTCAATATCTTCTGAAGATAGTTTGTTTCTTCCTGTAACAACCATTGATTGTTGTTTTCCAGTACCTAAATCTTTAGCTGAAAC
CP069362.1_gap60	1984227	1988623	4396	TGGTATAATAAGGAGTTTTAATATAGACTTATTTATAGTATTGGTTTTAGGTTCAACCATATTTTCTTCATTATATAATTATAAAAATAGTAAGATATTCATCACATTAGCTTGGTTAATAAACGCTATTGCTATAGGGACATACATATATGTAAATATTTCAACTGCTTCTGCTTTGATTATAGGCATATTGGTATTTGCTTCAGGATTAAGAGATATACTACCAAAGAAGAAAGCTGAGGAGGATATAGTTGAAAAAGATAATCTTTAGACTTTTTAAATCCAATAGATATTCGATCGTTGCTTTAATTGCAGCAATTGAAAAAGAAAATATAAATATAGAAACAATATTAGAAAAAAACTTTAAAAAAATATTAGATTATAATCCAGAAGATACTTTAATAGTTTATTCTTTTATGAGTTTTGATATCTTTGATGTAGAAAAAGAAGTTCCTATATTAAAAGAAAAAGGATTTAAAGTTATAGCAGGTGGGCCACATCCAAGTGCTATGCCTGAAGAAACATTAAAAATAGGTTTTGATCATATATTTGTTGGTGAAGGTGAAAAAACCTTCACCAATTTTTTGAAAAATGGATCTAATGAAAGAATAATATATTCCAAAGAATTTGTTGATTTAAATTTTTATCCACCTTATGCAATTAAAAATAAACATTTTATGCCAATTGAAATTACAAGAGGGTGTCCCTTTGTATGTGGATATTGTCAAACACCTAATCTTTTTGGAAGAATAGTCAGACACAGAGATGTAGATATTATAATTGAATATGCAAAAGAAGGAATAAAACACAATAGAAAAATTGCAAGGTTTATTACTCCAAATTCATTTGGCTATGGATCAAAAAATGGTGTTATTCCAAATGTAGAAAAGATTGAAGAATTATTATTTAATTTAAAAAAAATAGGGATGGAAGAAATATATTTGGGGTCTTTTCCATCTGATGTAAGACCGGAATCAGTTACACCAGAAGTTTTGAAAGTAATAAAAAAGTATGTAAATAACAAAATGGTGATTATTGGAGCTCAAAGTGGTAGTGAAAATATATTAAATAAAATAAAAAGAGGACATAATTTAGAAATTGTTGAACATTCATTAGCATTATTACACGAACATGGTTTTATTCCTTATGTAGATTTTATATTTGGATTTCCTTTTGAAACCGAAGAAGATATAAAAAAGACATTTGATTTTATGGATAAAATCACAGAAAAATATAATGCTGTGATTCACTCTCATACGTTTATGCCTTTACCTGGAACTCCTTTATTTAATGTTGGACCTGGTAAATTAAATAAGAAGTATTATAAGAAGTTAGGAGATTTATCAAGAAATGAAAAGTTAGCAGGTTACTGGCATAAACAGGAACAATTATCTATAAAATTATATAATCATTTTTTTGGAGGCGAATAAAATGAAAAAAATGGCAGTATTATTAGTTGTGTTAATCCCATTGTTTATGTTTTCAAAAATTATTATTCAAAAGGATGTTGACTTGAATGGTGATATGATTAATGAAAAAGTTATATTAGAAGGTGATTATATTAGTTCTATTTATATTGATAATCTTAAATTAAGTATTATTGGTAAAGAATCAACAACAATTGAATTAGGATTTGGAGCATATAAACCTACAATGGAATTTTATGATTTTGATGGAGATAAAAAATTAGATATATTTGTAAAAGGATATTCTGGAGGAAGTGGAAATTTTTTATATTACTATCTCTATTCATATGAAAATGGTGAATTATTGAGTTCAAAAGATGAAATATTAGATCTAAAAACATCATTTATGGATAATTTTAAAGCCTTAGTAAAATACCAGGATGCTTTTACCTATCTAGATTTATCAGATAGGAAAGATGAATATATAAAAATGAAAGCATATAATAAATATGGTCAATTTATTGGTAAATTCAAAGAATTATTTATTGATGGAGTAGGAGAATTAGAACCTTTTGATTTTGGAAATGATGGTGTTTATGAATTAAGAGGAACAATAGGAATATCAGGATTATATCATGCTGATAGAATAGGATATGCACATTTTGTTTATTCAGTAAAAGAAAAAAGGATTAGATGGCTTGAAATATCAAAAGTTATTTATGTAAAATAAAACAAGATTTAATATTTGTAGCAAAAATTTTTCTTGATTTATTCTAAAAGTTATGCTATAATATACTTTGGAGTTGTTCCGGCGTAGCTCAACGGTAGAGCGGGTGGCTGTTAACCACTAGGCTGGGGGTTCGAATCCCTCCGCCGGAGCCATCGTAAAAGGCCCAGCGAAAGCTGGGTCTTTTATTTTTTTATCTTGACATTATAATTAAATTTTGATATAATACAAAAAATTCGGAGGGATTTGTATGAAACAACAATTATTTATTATTTTGAAAAAAATAAATAATTTATTAGAAAAATTCAATAACTACTGTTATTATTATGCAGGAGAGCACTTATGGTCTCCTGCGGGTTTTGTTGTTTAAAACCATCAGGATATAAAAAAGCAGTGGCCGTAAGTGCAATAAAAAAGCACTTGCGGCTTTTTTTATTAGAATAGTAATATTATAATTAAAGGGAGGGGTATATATGGGAACTGATTTAAAAGATTTACGTTTAGTTTCAAAAAAAAATGTGGGAAAAAGTTTAGTGAAAGTATCTAGTAGTTCTTTAAATTCAGAAGTTGTTTTTGGAAAAGATTTCGTATTTATTGCTGGTCCATGTTCAGTAGAAACAGAGGAACAAACTATTCAAACTGCAATTGCCGTAAAAGAAGCTGGAGCACATATGCTTAGAGGTGGTGTATTTAAGCCGCGAACATCTCCATATTCATTTCAAGGGTTAGGATTGAAGGGATTAAAAATTTTAAAAAAAGCTTCTGAAATAACTGGGTTACCTATTGTTACAGAAGTTCTTGATCCAAGAGATGTCCATTGGATAGCTGAATATGTAGATATGCTTCAAATTGGTGCTAGAAATATGCAGAACTTTTCCTTACTTCGTGAAGTTGGAAAGAGCAATAAGCCAGTATTATTAAAAAGGGGAATGAATTCTACATTAGTAGATCTTCTATATAGTGCAGAGTATATATTATCAGAAGGAAATAAAAATGTTGTTTTATGTGAAAGAGGAATACGTACATTTGAAAATTATACAAGAAATACTCTTGATATTTCAGCAGTTCCCTCTTTAAAAGAACTTACCCACTTACCAGTTATTGTTGATCCTTCACATGCTGCTGGCAAGAATTCTCTTGTAATTCCACTTGCTCAAGCTGCAGTTGCTGCTGGAGCGGATGGAATAATTGTAGAGGTTCACATATGTCCTGAAAAAGCATTGTCAGATAAAGAACAAGCATTAACTCCTCAGCAATTTAAATATCTTGTAGAAAATGCCTTGGCTATTAAAAAAGCATTGAAGAATGCAGAAAATAAAAAAATTATATAATATAATTAATAATTTTAAATCTTAAAAGGAGTTGGAAAAAATGATAAAAAAATTGAATAATGCAATAAAAGTAACTAAGTCTACAGTAAACGGTATGTGTTTAATTCCCCCTTCCAAGAGCTATTCTATTAGAGCATTATTTGCAGGATTACTTAATTGCGATGAAGCTAAATTATACAATATTTCAAAATGTGAAGATGTATTAGCTACAATTGAAGTTATAAAAAAATTAGGAGCTAATATATCTATAATAAATGAATCAGAAGTAAGCATGGATATATTAATTTCTGGTAATTGTGGATTTAGTAATTTTAATTCTAAGGGTATTTCTATTATTAATTGCGGAGAGTCTGGATTATGTGCTAGAATGATAATTCCTATACTTGGATTAATAAAAGATAATAAACAAATTTATACAGTTACAGGGAGAGGTTCACTTTTGAAAAGACCGTTTAATGTTATTAGTTTTTTAAAAGATTTTGGTATGAATATTCAATTAACAAATAGTAGTGTGCCGGTATTAGTTAGTGGAAATTTGAAACATCATAATGGAGTTATAGATCTTTCATTAACAACACAAGTTTTTTCAGGATTATTAATGGCATTGCCAATAATTGCTGGAAAAAGCCAATTAAAAATTATCAATAAAACAAGTATTCCATATGTAATGGCGACTTTAGAAGTTTTGAAAGATAGTAATATAAATATAAAGTATTCTAATAATATGAATGAGTTTGAAATTGAAGGTAATCAGAAATATTCTTTTTCAAAGTATATTGTTGAAAATGATTGGTCTAGTGCAGCTTTTATATTAGTAGCTGGAGCAATAGCAGGAGATAAAATTGGGATTTATGGCTTAAAAGAAAATTCCTCACAAGCTGATTCTGTAATAATAGAAATACTAAAAGAAATAGGGCTAGATGTTAAATTTT
CP069362.1_gap61	1997224	1999453	2229	ATACTTTACCTATTGATATTACTTTTGTAGATGCAAATGATGAAGTAAAGTATTTTAGTGAATCAAAAGAAAGAATTTTTGTTAGAAGTAGAGCAATAATAGGAAGAAAAGTTCAAAATTGTCATCCACAAAAAAGTATAGATATAGTTAATAAAATAGTAGATGATTTTAAGTCTGGTAAAAGAGATCATGCGGATTTTTGGCTAAAATTAGGGGAAAAGTACATATATATAAGATATTTTGCTGTGAGGAATGAAGAAGGAAAATATTTAGGTACTTTAGAAGTTACTCAAGATATAAAACCAATTCAGGAAATTACAGGAGAAAAAAGGATTTATGATGAATATTAATAAAATTATGGAGGTGTAGAATATGGGTATGTTTTGTTATCAATGTTCAGAAGCAGCAAGAGGTGTGGGATGTGACACTATAGGTGTTTGTGGAAAAACTCCAGAAGTAGCTACATTACAAGATATGTTAATATGGCTTACTAAAGGATTATCATATTGGACATTAAAAGCAAAAGAATATGGTGTAAAAGATGATGAAGCTAATTTATATGTTGCTGAAGCTCTGTTTAGTACAATAACAAATGTAAATTTTTCTGTTGAAAGAATGGTGGAATTTATTGAAAGAGCTATAGAATTAAGAGATAGAGTAAAACACAAATTTTTAGATGCATATGTGGCTAAAGAAGGAAAACCATTTGATGAAAAAGTTCCAGAAGCAGCTGAATGGTATAAACCGGGAGGGGCAGAAGTATATGAATTAAAAGGAATGGAAGTTGGAGTATTTCTTGATAAAAATGAAGATATAAGATCATTGAAGCAATTGTTAATATATGGTTTAAAAGGTATTGCAGCATATACAGATCATGCATATGTTTTAAAATATGCAAATGATGATATATTATATTTCATTCAAAAAGGATTAGTAGAAACATTAAGAGATGATATTACTGTAGATGAACTAATAAACTTAACTATGGAAGCTGGTAAATATGCAGTAGAAGCAATGGCATTATTGGATAAAGCGAATACTTCAACATACGGAAATCCGGAAATTACAGAAGTATATACAGGAACATATAATGCACCTGGAATATTAGTAAGTGGTCATGATTTACTTGATTTAGAGGAATTATTAAAACAAACAGAAGGCACAGGCATTATGGTTTATACACATGGTGAAATGTTACCAGCAAATGCATATCCAGAATTAAAGAAATATAAACATTTAGCTGGAAATTTTGGAAGTGCATGGTGGAAGCAAGATAAAGAATTTGAAGAATTTGGTGGAGCAATATTAATGACAACAAATTGTTTAGTTCCTCCAAAGGAATCATATAAAGATAGAGTATTCACAACAGGGTTAGTTGGATTTGATAAATTAACTCATATTCCAAATAGAACAGATGGAAAACCAAAAGATTTTTCACCAGTAATTAAGAAAGCGTTAGAATTAGGTCCTATTCCTGAAAGAGAAGGTAAAAAATTAGTTATAGGTTTTGCACATGAACAAGTATCTCAAGTAGCAGATAAAGTTATTGAAGCAGTAAAATCAGGTGCAATAAAAAAATTCTTTGTAATGGCAGGTTGTGATGGTAGACATAAAGAAAGAGAATATTATACAGAATTTGCAGCAAAACTTCCGAAAGATAATGTTATTTTAACAGCTGGTTGTGCAAAATATAGATATAATAAATTGGATTTAGGAGATATTGGAGGAATTCCAAGGGTATTAGACGCTGGTCAATGTAATGACTCTTATTCATTAGTAGTTACAGCATTAAAATTAAAAGAAGCATTTGGATTGGACGATATAAATGAATTACCAATTGAATATAATATTGCATGGTATGAACAAAAAGCAGTAGCAGTATTATTAGCATTATTGTATTTAGGTGTAAAAGGAATAAAATTAGGTCCAAAACTTCCAGCATTTGTTTCACCAAACGTATTAAAAGTATTAGTAGATAATTTTGGAATTAATCCAATTACAACAGTAGAAAAAGATTTAGAATTTTTCTTAAGTAAATAATATTAATAATCCCCTCTGTTTCTTAGAGGGGATTATTATTTTTTCTTTACGAAGAAGAAATGGTGTCAGATATATTATTCCTATTATTTCTCTTTTTCTTACTGAAAAATCCACACCTTTTATTGCTTCAGTTCTACTATGATATTGCTTTTTTACTCCTTTAAATTTTATTATTTCCATATATATCCT
CP069362.1_gap62	2165409	2167971	2562	ATGGAACTGCTAATGAAATAATAAATGGTATTTTCAATCAAAATTATGTTGATACAAAAGATATTGTTGTGGGTGTAATACCAACAGGAACAGGAAACGATTGGGGTAAAACTATTGGTATTCCAAATGATTATTTACAAGCGATTAATATAATAAATAAGGGTAATATATTTACACAAGATATTGGTAAAGTGTTGTATTATGAAAACAATGAAAAAAAAGAAAGATATTTTATAAATATAGCTGGGATGTTTTTTGATGCTGTTGTTACAAAAAATACTAACAAATCAAAAGACAAAAATAAAAGTGGAACATTTTCATATCTTTTAAACCTTTTAACGACATTATTCAAGTATAAATCTCAAAAAGCTGAAATAAATATTGATGGAAAAATAATAAAAGAAAAGATATTTACTATGGCTGTTGGAATTTGCAAGTATAGCGGTGGTGGAATGAAAATGCTACCTAATGCAATTCCAAATGATGGCTATTTTGATATTACTCTTGTAAAAGAAGTACCAAAATTCCAAGTAATAAGAAATATTAAAAAAATTTTTGATGGAACTTTTGTAAATTTAAAGTGGGTAAAACAATTTAAAGCTAAAAATGTAAAATTAACTTCAAAAGATAAAATATATTTAGAAGTAGATGGTGAAAATTTAGGATATTCGCCTTTTGAGTTTGAAATTTTAGAAAATGCATTAAATGTTTTTTGGGAGGGATAATATGGTACCTACTATTGTAAATGCTTTTGCAGTAATAATTGGAAGTCTATTGGGATTGTTAGCTAAAAAAGGAATACCAGAAAGGTTAAAAATAATATTATTCTATGCTGTTGGCTTAACTACTTTAGGGATAGGGATAAATATGTCTATGTCAGCTAATAATTTTTTAATAGTATTAGGCTCAATGGCTTTAGGAGGATTAATAGGCGAATTGCTTAATATAGAAGGATTTTTGAAAAGAATAGGAGATAATATGAAAGAAGGAGATTTCTCCACTGGATTTGTTATGTCATCTATATTATTTCTTGTGGGGCCATTGACAATTATAGGTTCTATTAATGCCGGATTAACTAATGATGGAACACTTATATATACCAAATCATTATTAGACGGAATATCTTCAACAGTTTTAGCGTCCATATATGGACTTGGAGTTATGGTTTCTGCTGGTTCTGTACTTGTAGTTCAAGGGAGTATTGTTTTATTAGCATCACAATTATCATTTTTAACAAATAAAATATATCTTAATGATTTAGTTGCAGTTGGTGGTATAATGGTATTAGGAATAGGGTTGAAGATATTAGACATAAAAGATACAAAAGTTGGAAATTTTTTACCAGCATTGTTTGTATCTCCAACTTTGGTTTGGATTGTATCCCTTTTTAAGTGAGGTGAAATAATGAAATTAATTAAAGATATTGAAGAGATATACGATGAGGCAAAACCCTTGGTAGAAAAAAGATGGCAAGAATTTGTTGAATTTGGAAAAAAAGGTAATGAATTAGAATTGTTTTCTGAATTATCTTTCTGTGTTTTAACTGCAAATTGGAGTGCGAAAGGTGGAATAAAGGCGCAGAAAGAAATTGGAGCAGAAGGTTTTTCAAAATTAGATATAGATGAATTGGAGTATTCTTTAAGAAAGGTTGGTCATAGATTTCCTAAAGCACGAGCACAATATATAGTGTCCAATAGATGGATTATAGGGACAATACGTCATCTTTTTGTTTTACCATATTATCAGATCAGAGAATTTTTAGTAAGGAATATTAAAGGGATAGGTTGGAAAGAAGCCAGTCATTTTTTAAGAAATGTTGGATATGGTGAAGTAGCTATTCTTGATAAACACATTATGAGATTAATGTTGGAAAACGAATTGATTGAATCTATACCAAAGGGTTGGACAAAAAATAGATATCTTGATTATGAAAAAAGATTAAAAAATGTTTTGGAAAGTCATTTTAATGAACCTATAGGGAAATTAGATCTTTACCTATGGTATCTGGTTAAAAAAAGTGTTGATAAATAAAGAAAGCCAGAGTAATTCTGGCTTTTTAATATATCTATAAATATTTTTTAATTTCTTCAATTGAAATATTTCCTATTATACTACCTCTATTTTCTCCTCCACCACCTTTAATCTCTGGATAATCTTTTTTAATGTTATTGATTAATTCTTTACAATTTACTTTCTTTGAAGAGATTTCAAATCTATTTTCTTTTTTTACAATATATATTGCCTCTTCCATTGGTAAAAATTTTGGTAAATAAGAAACAAAATCTTCGTATGAATCTAAATATATAAATTTAATTCCACTAATAATTTCTGCGCTATTAATAATATCTTTAGCTATTAATTCCGCATATTTTTCATTCAATTTTTCATATTTTGATTTATATTCTTTCATTTTATTTATAGTATCTTCTACTCTTTTTGGTGTATCTTCTATTTTTGAAGTCATTAAATTAGAAATAGTTTTTGTTATTTTTATTCTTTCACCATAATCTTTTAAAGCTCTATTTCCAGCTACAAAATAATATCTTATTAGATTACCTTTGA
CP069362.1_gap63	2186569	2189476	2907	AACTAAAATACGATTCATTTTTTCACCTCACTTAGTGGTTATTTTTTTAATTTTAACTCTAAACCCTTTTTACTAGCATACTCTTCAATAGTTTTTCTTAATCTTTTTGTTCCCTCTTCTAATTCTTCAAAAGAAGGTAAACAGAATGATACTCTCAGAGTATTTCTTTCTGGCTCATCAACGTAAAATGTTTCTCCTGGAATATAAATTATTTTATTTTCTTTAGCAATTTCAAACATTTCCATTGTATCAAATCCTTCAGGTAATTTGATCCATGAAAATAAACCACCCTCAGGATGTATCCAGTCGATTCCATCAATATCTCCCAAATATTTATCTAAAGCTTCCATAAATTTATCCTTTTTGGCCTTATATAATTTTATTGTTGGTTGGATTTCTTCAAATAAGTCATATTTTTCCATAAATCTTGCAGCAATTCTTTGAGTTAATGTTGAAGAACATAAATCCATTCCCTGTTTAGCTAAAACCATTTTTCTTATTAATTGTTTGTTCCCGATGATTACACCAATTCTTAAACCAGGAGATAATACTTTACTAAATGTGTTTAATAAGATAACCCTTTCACCGTTATTTAATTTAAAAATACTTGGTAATTTTTCTCCTTCAAATCTTAAAGCACCATATGGATCGTCTTCAATGATAATGAAATCATATTTTTCTGCTAATTCAATTAATCTTTTTCTTTTTTCTAAAGATAAAGTAGTACCAGCTGGATTGTGGAAATTACTTACAGTATATACAAATTTAAATTTATCAATTTTTCCATCTTTTTTGAGTTTTTCTAATTCTTCTTCTAAAATGTCTAAATTCATTCCATCTTTTTCTAAAGGAATACTTATATAATTAGGATTTCTTTGATTAAATGCACTACCAGCACCTAAGTATATAGGTTTGCTAACTGCACAATAACTATCTTCATCTAAAAATACAGTACCAATAATAAATAAAGCCTGTTGAGAACCTGTTGTTATCATAAGATTTTCTTCTGTTAATCCCGATATACCCTCATATTTTTCTAATAATCTAATATATTGCTTAATTAATTCTGGATCTCCTTCCGTAGAGCCATATTGTAAAGCAATTTTATATTCATTCATAATAACTTCTTTGGAAATTTCTGATAATTTTTCTATTGGGAAGGTTTCTGGATCTGGAATACCTCCACCAAAAGAAATAATTCCTTCTTGAGTAGCTGTTTTTAACAATTCTCTAATAATGTTAGATTTAATTCTTTTTACCGTTACAGAATATTTACTTTCAAAATTCATAATATCACCCCTCCAAATTTAGTTTCTTTCTCGATTTTATTTTACACTTTTAATTTAAAATTTACAAAGTTGATTATGGAGCCATATATCTGGTTATATACAATTATAAGTGATTATATGCTGTGTGAAAAATTTTTCACGAAATTTTTTTCAATATCAATACTGGTTTTTACAAAAATAATGTTGTATAATATGATCGAAACTAAAAACAGTAATGTACGTTAATTGTAAAATTAAATTTTATTTTGATTAAGAATTAAATCACATAAGGAGGAGTTAAAATGTGGGAAAATCTGAAAAATGTAGATCCAGAAATTTATAAAATAGTTATGAAAGAATTAAACAGACAAGAATATGGTTTAGAGTTAATTGCGTCTGAAAATTTTGCATCACAAGCTGTGATGGAAGCTATGGGAAGTGTATTAACTAATAAATATGCAGAAGGTTATCCTAAGAAAAGATATTATGGTGGTTGCGAATTTGTTGATGAAGCAGAAACGTTAGCAAGAAATAGAGCTAAAGAATTGTTTGGGGCTAAGTATGCAAATGTTCAACCACATTCTGGTTCTCAAGCAAATATGGGAGTATATTTAGCATTAATGCAAACTGGAGAAACATTAATGGGGATGTCTTTAAGTCATGGCGGCCATTTGACTCATGGAGCTTCTGTTAATTTTTCGGGAAAAATTTTTAATGTTGTTCAATATGGTGTGAATGAAGAAACAGAAGTTATAGATTATGATGAAGTGGAAAAATTGGCTTTAGAACATAAACCAAAAGTTATTGTTGCTGGGGGAAGTGCTTATGCAAGAATAATAGATTTTAAAAGATTTAGAGAAATAGCTGATAAAGTAGGAGCTTATTTGGTAGTTGATATGTCACATTTTGCAGGATTGGTTGCTGCAGGATTATATCCTAATCCTTTGGAATATGCGCATGTTGTTACAACAACTACCCACAAAACGTTGAGGGGACCAAGAGGTGGAATGATATTAACAAATGATAAAGAATTATATAAATTAATAAATAAAAGTATATTTCCTGGAATTCAAGGTGGCCCATTAATGCATGTTATTGCTGCAAAAGCTGTAGCTTTTAAGGAAGCTTTGTCTCCTGAATTTAAAGACTATCAAGCACAAGTAATAAAAAATGCAAAAAAATTAGCTGAAGAAATGGAAAAATTAGGTTTTAGAATCGTTTCAGGAGGTACAGATTCTCATTTATTCTTAGTGGATTTAAATGAAAAAGGTGTAACAGGTAAAGCTGCAGAAAAAGCATTAGAAGCATCTGGAATAACGGTTAATAAAAATACAATTCCAAAAGAAACAAGATCACCATTTGTCACAAGTGGTATTAGAATTGGAACACCAGCAGTAACTACAAGGGGAATGAAAGAAGAGGAAATGAAAATTATAGCAGAATTAATTAATGAAGTTATATCTAATATAAAAGATGAAGATGGAACTTTAGACGATACATTTAAGGAAAATATGAAATCTAGAGTTAAAGAGTTATGCGAAAAATTTCCATTATATAAAGGAAAAATATTTTAAAGTAAGCCCCAATTGGGGCTTACTTTTGTAGTCAAAGTACAAAATAAAATATTTAAAATAACAAT
CP069362.1_gap64	2347882	2351747	3865	AGGAGATCAAACAAAAAATCCGTATGGCGATTTTGATACTGGTGGATCAAGTTCTGGTTCTGCAGTTGCAGTTGCTGCAGATTTATGTTTAGCTGCAATAGGAACAGAGACATCAGGATCTATTTTATCTCCTTCTAGTTCAAATTCGTGTGTTGGATTAAAACCAACAACAGGTACTATTAGCAGAAGTGGAATTATACCAATTTCCTATACTCAAGATACTGCTGGACCAATTGCAAGAAATGTTGAAGATGTATATGAAATATATAACATTTTAATTGGTTATGACGAAAAAGATCCAGCATCTTATATTGCTAAAGATTATAACGTGAAATTAGAAAAATTAAATGATTTTAATGGTTTAAAATTTGGAGTATCCAAAAACCATTTAAAATGGTTGTCAGAAGATCAAAAAGATACATTCTATAAATCACTGGATAGAATAAGAAAATTTGATGGAGAAATTATAGAATTTGAATTTGATCATTTAGATAAAATAAATAATATAAATGTATTGTATTATGAATTTAAGCATGGTATTAATAATTATTTGAAAGACAAAAATTTAAAAGTTAAAACACTAAATGATATTATAAAATTCAATATTCATAATAGAGAAGCAATAAAATATGGTCAAAATATATTGATAAAATCTGATGGAACCAATTTAAAAGATAAAGAATATATTGAAAGTTTAATTAATGATAGAAAGTATTCTAGGAAATTCGGTATTGATAAGGTTATGGAAGAATATGACTTATTTGCATTAATATTCCCAGCAAATTATGGAGCTGGAATATCAGCAAAAGCAGGATATCCATCTGTAACTGTCCCTGCTGGATATACTAAAGATGGTCCTTTTGGAATAACCTTTACAGCAAAAGCATTAGAAGAAGGTAAAATATTATCTTTAGCAAAATGTTTTGAAGAAAAATATCCTATAAGAGAAATTCCTGAAATATAAGCAGCCTTAGCTGCTTATTTATTTTTTAAAAAAGCTAGAAATATTATATGGTATAATATAATTAAAATAATGTTAAACTTCAGGATATCGGAGGGGATTATGAAAATTTTGATTATTGAAGATGAGGATAGTATTAGAGATTTAATAAGGATGAATTTAATCTTGGAAAATTTTGATGTTATTGCTGCAGAAAATGGCAATAAAGGAATAGAATTATTTAAAAAAGAAAATCCAGAACTTGTCGTTTTAGATTTAATGCTACCGGATAAAGATGGATTTGATGTTCTAAAAGAATTACAAAGTATAAATTATAAAATTCCAATAATTATACTAACAGCGAAAAATAATCAAAATGACAAATTATTGGGATTGGAATTAGGAGCAGATGATTATATAACTAAACCTTTTGATAGTAAAGAATTGATTTTAAGGATACGCAATATCTTGAAAAGGATTAAAAAAGCTAATATTTTCTTAAAAAGAAAAGTTATAGGGCCATTATCATTAGAAAATGATTCAAGAAAATTTTTTATTAATAATAATGAGATATATTTAACAAAAAGAGAATTCGAATTAATGGAAATTTTTATGAATAATCATAATCAGGTTTTAAAAAGAGAAATATTATTAGAAAAAATATGGGGATATGATACATCTATAGATACAAGAGCTGTAGATATGGCAATTCAACGATTAAGAAAAAAAATGGGAGAATATGGAAAATATATTAAATCATTATATGGAGTTGGCTATAAATTAGAGGTGACTGATGAAGAATAGTATTAGAAATGAAATTTTGTTTTTAAATATCTCTACAACTTTTATTATTCTTATAATAATTTTTTTTATTACTCTAAATACTTTTCAAAAAAATATTATCAATAATACTGTCAAAAAAATGACTGAGTATAGTCAAGAAAGTCAAATATATTTTATGAATTCTCTAAAAGATTATAATTACAATGATGTGTTTGCCGAATTAGAAAAAATGGCTCCGTTTATTTCGGATTATTTATCTAAAAAATATCATCTACATATTGAAATATATGATATCAGAAAAAAACTTCTTGCTGATACCTCACCAGATATAAAATACTTCGTATATCAAGATGTTCACTATGCAATTAATAATTTAAAAAATTATATTTTAAAAAAAGAACGTAACCATATAATTTTATTTTTTTCAAGCCCAATTTTTTTAAAAAATGATGTTATTGGAGCTATACGTTTTATTTATCCTATGGATTCTGAATACCAATTAATATTGCAAGTAAAAAAAACTCTTATTATAATAGATATTATATCAATTATAGCAATAATATTTTTTAATTATATTCTTTCTAATTCTATTACAATACCTATAAAAAAATTAAGAAATGAAACAGAAAAAATTGCTAATGGGAATTTTAAAGAAAGAATAAATATAAAAAGTAATGATGATATTAATTCTCTTGTAAAATCATTTAATCTTATGGTTGATAAAATAGAACATTACATTAAATCATTAAAAGATGAAAAAGATAAGCAAAAAATTTTTATAAACAATATTACTCATGAACTTAAAACTCCAATAACCTCAATTTTAGGACATGCTGAACTCATAAAAAAACTAAATAATGAAGAAGATAAAAACATTTCTCTTAATTACATTATTAAAGAAGGAAATAGATTATTGAAGTTGGTTGAAGAACTATTATATGTATCCAAGCTTAATAAAAATTCTTTTGAATTTGAATTTGAAGAATATAATATAAAAAAGCTTGTGGATGAATGTATAAGTATATTGAAACCTCGATTCAAAAAATTCAATATCAAAATAAAGGCGAATGTTGATTTTATAGAATTATTTATTGACCATGAAAAAATAAAAGAAATTATTTTAAATATATTGGATAATGCAATTAAACATAGCAAATGTTCAAAAATTAAAATATATTCCGAAATAAAAAGAAATTATTTTTATTTAATTATAGAAGATGATGGTATTGGTATAGATGATAATGTAAAGAAAACTTTATTTAATCCCTTTTATATTCCTAAAAGAGAAAAAAGTAACGGTTTAGGTTTATGTATTTCTCAGGAAATTGCCAAAAAACATGATGGAGAAATATATTTGGAATCTGAAATGAATAAAGGATCCAAGTTTATTATCAAATTACCTTTAAATGTTAATAACAAAGGAGAAAGAAAGTATGATTAATAATAAAATTAAAATATATATAATCTTTTTTATTCTCATAGCAGCTATTTCTATAATTATGGGAATATATTTAAATAATAAAGATTATAATAAGGTTTTTTTTATAAATGATAATGACGAATTAATGAAAAAATATATTTCTTCTACTCCAATTAAAATTGAAGTTAAAATGAAATATTTACCCACATATGTTTTAAATAGCCCAACAGAAATTATTGAATTATGGAGAAAAATCATCGATTTGCCAACTTATAACTACATTTCTCCGAATTTAGATAATTCTGAAAATAAAATATATGGATATATATATTTTCTCGATGGTAGAAAAGTATATTATGAGTTTTCGAATAATTTATTAATAAACAATTTAACTTATGGATCTGAAAATGATGAAGATCTACTTTTTGTAAAGGAAAAATTAATAAATAAAATTTATTCTTTAGAAAATATATCAAGAGCTTTTCTTGATAATGATAATAAAATAATTATCTTTAACCATGAAAAAGGGGTTTATTTAAAAAACCCAAAAAAATTAATAGAATTGTATCAAATAATAGAAAAATCCAGCAAAATAAACTCCACAAAAAAAATAGGAGAAATTTTACAAAGTGAATCCAATCCAATTTATGTTATTAAAATATTAAGAAACAACAAAGAATTTTTAGTTTTAAACATATATAATGAAAAATATTTTTCTATAT
CP069362.1_gap65	2367473	2372233	4760	GTTTTTATAAATTCACTTCTTAATTTTAATTTATCATATACCTCAATACCTACTTTTTTATTAGTCCATTTGCATTCTCCAAATAGAATATTGTTTTTATCTTTTGCAACTATATCAATATCAAATGACTCACTTTTTTCATATGGTACTCTTCCCCAAGTTGATCCAATCTCTTCTGGAATAAATCCAAATGTTTCTGGATTTTCAATAATAAACTTTTTTGAAATTTCTTCAAATTGGAACCCCATATATATAAAAAAATTATTATATATTTTTTCTAAAGCTTTTTCTGGAGAAAACTCTAATAGAGAGTAATTTTTGTATATATTATTGAAATAAAAGTTATAATAATTATCTATAATAGCATATTTCATGTTTTTCTTTTTTTGATACAATAGAGGAGTTTTTTTAGAAATAATTTCATATATCTCAGACAACTCTTTTATATATTTAGAGACATTAGTAATAGGTATTCCTGAAATATCTGCTATTTCTGAACTTGTTTTTATATCACCAGCTAATGTTTCAAGTATAGAAAAATAAGATTTATGTTCTGATCCAAATTCTGAAATCAATATGTTTTTTGCTTCTTCTCTTAAAGGAGAAAAATCATCAAGAAAAATATCATATATAAGTTCCTTTAAACTTTTCTTTTTTTCAAATAACCACAAATATTTTGGTATTCCACCTATCATAGCATAAATTTCAAAAGCTTCTATAATATTATATCCAAAATCTTTTAGCATAATTATTGAATCCTTTAATGGGAATTCTTTTATTTTCATAATGTAATCATTTCTTCCATATAATGGCATTTTTTTATCAGTAAATATTTTTTTCATCATTCCAACATAAGAACCTAATACTATTAATTTAGTATTGTTTTTATTTTCATCCCAGGCATGTTGAAGTGAATATAATATTTCTTGATTAACTTTGAAAAAATTTTGAAACTCGTCAAATATTACATAATCATATTTCACAAATAAATCTGAAAAAAGATCATACCAATTAGAATATATAGCTTTTGAAAAAGATAAGCTAAGATCTATAAGTAATGTTTCTTCTTTTTTTACTTCAACAAAATAATATAAAACATTCTTTTTATTTTTAAATACTTCTTTAATTAAAGTTGTTTTACCAATTCGTCTTCTTCCATACATTACAACAAATTTTTTATTTTTTTCATTAATAATATTATTTTCAAAAAAATAAATTTCTTTTTTTCTATTATAAAATTTCATAATATCACCTCAAAAATTATACTATCCAGTATTATACCAATCAGTATTATACTGGACAGTATAATTATATACTTAATTATTATAAATGTCAATATATGGAATTAATCTTTTATTATTTCACTTAATGTATTTAAATCTATTAGTTTAATATTCTTAGACTCGCTAATATTTTCAAATCCTGATTTTGAGAATAAATAATATATTATTTCTTTGGGTTCAAATTTGATTTCATCAAGCATTTTATAGGTCTTTAATTGTAATTTCTGGAGTACTCTATCATCAACTTTTTTATTAGTATATTTACATTCACCAACAATTAATTTTTCTTCATGTATTGCTACTAAATCTATTTCAATATCTTTATCCCACCATTTTCCTATAATTTGAGGAGATTCAATTCTTTCTACATACTGTTTAGCTATTTTTTCAAAGGTGAAAGATATATACATACTTTTTTCGCTATTAATTTTATTTAATATCTTTTCACCGTGTTCTCTATATATTAGATCAATATTAGGATATATATATTTAAAATAAAATCTAATATATTCATCATCAATATAATATAAAGGCTTTTTCTTCGCTTTTTTTATAGAAAAAGGTAACTCTTTTTTTATTAGCTCAATTTCAAGAAGCTTTGATAAATAAGTGGATATTTTTCTGTTTTCAACGCCACTAAAATTGGAAATTTCATTAGGAGTTGTCTTTCCATCCGCAATAGCTTTCATTATAGAAAAATAATTTGATGGATCTTTTTTGAATTCTTCCATTGTTAAAAACTTACCTTCTTCTACTAAAAATTCTCCAGGAGTAAAGATTTTATTTTTTAATGCATTGTTAGAATTATTGTATTCTACAAATTCATTTAAATATAATGGAATACCTCCTGTGATGCTATAAATAAATATTTTGTCTTCAATAGAATAATTTAATAGGAATTTTGCAGAATCAAAAAAATCCATAGGCATAATCTTATATTGACCTGTTCTTCTTCCGTATAATGGACTATTATGTTCTAAAGCGATCTTTTCCATCATACCACTATAAGAACCACATAATATTATATTTATATTCTTTTTACTAAATTCTAAATCCCACCATCTTTGAAAAATTGAAATAAATGCAGGGTCTTGTTGAGGAATATATTGAAATTCATCAAAAATTATAGCATCATATTTTTTTTGCATTAATAACGCTTTTAATAATCCAAAAAAATCATCCCAAGATGTAACTTTTATATTTGTGGGCAAGGTACCCATTTCAGATATTATCATTTTTGAAAATCTATCTATTAAATGTAATGTATTAGAAAGATCAGCAGTAAAAAAAAGAACATTTTTAAATGTATTTTCTAATAAGAATGTTTTTCCAACTCTTCTCCTACCATATATTACTATTAATTCACTTTTATTAGTCTTTGCTTTTTTTAATAAGAATTCTTTTTCTTTTTTTCTATTAATCATTTTCATATTATTACCTCCAAAAATACAAAGATAAATTTTGCAAAGTTATATTTAGCAAAGATAACTTTTGCAAATTTCAATTATATTATATCATATATAAGAAAAAAATAAAAATAGAGATTAATTTAAAAGATAAAACAACTCTTTAAGCTTAAGGTTTTTGTTAAATGTTACGTAATATTTAAGTAATTTATTCTTAAAAAGAATTAGGCGATATAAGGGGTTTATAATGTTTTTGATGATAAATTAATCGTATTTGATATTTTCTTTTTATTATAAGCGATTTTTTTAGTTTGATAAAAAATATCCTAAATTAATAAAAATTGTTTTATGTCTTAACTTCGGTAAATCAAAATTTACCGAAGTTAAGAAAAAGCCTTTAATAATGCACAAAATAGCTATTTTATGAGTATTTTTGCTATATTTATTAATTGTTTTTGAGATATAATGTTTGTCATTTCTCCACAAGGACATCTTTTATTTCTTTAATTATTATATATTGTATAATTTATATATAATGTATATTATTAAATAAAATATATAATAAGAACAATATGGATTTACTTAATGGGATATTAAATTTATAATGTAATATGAAATATATAACACATACTATAATATAAATCATAATATGCAAATGATATGTGATATTTCGATGTATATGTTTCGTATATGGATATATAAATTAAAAATAACAATATACAATATAATATATATTTTATATGGATATATAAATAAAAATTCAAATAGAAAATTAAACTACATAATTGAAATGATATATACATTATATATGATATATACAATGTATAATATAGTCTGTATTAAATATTTCAAAACTTTTATATGAGTTGATAGTAAATAAAGTAAATATCTTTATTTTTATCAAAAACCTTATGAATAAACGTTTTAAGAATATCTCTTTACTTCGGTAAAGAATGATTTACTGAAGTTAGACTGCTTAATATTGCATAAATAGACGTTTATATAAAAAATTCTCTTCCTGAAAAAATATCAGGAAGAGATTTTTCATTTATTCTTTATATACATTGTTAAGACTTTTACATAAAAATTGCATGTTACGATTTTTTACTAAATAATCACCCAATATTTTCTTCTAGTTGCTTTGCAGCAATTATACCACTTCTTAATACATCCCATATACCCATTGCAGAATACAGCTGCATTTTTATTAAGAAAAAAATATTTACCATAGCATATAATGTTCCTGCATCACCAAGTTTAACTCCTCTATAAATAATAAAAAGATAAAATATTGCTGATAACAAATTCCTTGAAATATTAGATAACAATTGATCTATTAAATATACTTTTTTCGCCTGTTCCAGAAATTTTTTGTATATTTTTCATAGTTCTTCATTTCAAAATAAATTTTTTATTTATTCTTTATATATAATTCCGATTGAGCATACCATAAATTTCTATAATATTCTGACCTATTAATCAACTCTTTATGAGTTCCTATATCAATTATTTTTCCATTATCCATAATCACTATCTTATTACAATACTTTATAGAAGCTAATCTATGTGTTATTATTATTGCTATTTTTCCTTTGCTTATTTCTTCAAATTTTTCGTATAATTCATTTTCAGCTATCGGATCGAGTGCTGCTGTTGGTTCGTCGAGTATTATAATATCATAATCTTTAAAAATTCCTCTTCCTATTGCTACTTTTTGCCATTGACCACCTGAAAGTTCTACACCATCAAATTCCTTTGATAATATTGTATTTATGCCATTAATAAATTTTTTATTATTATAATTTATTCCTGCATAATTCAATGTATCTTTTATTTTTTCTTCATTATTTTCATTTTTCATATCACTAACAGATATATTTTCTTTCAAAGAAATCTTATATTTATTAAAATTCTGAAATACAGCAGTTCCTCTTCTTCTTATTGAATCTAAAGATAACAAAGAAGAAGCTATTCCATTATAATATATTTCTCCCCTTTGAGGACTATATAATCCCAATATTAATTTTGATAACGTTGTTTTTCCAGCCCCATTTTTACCTATAATTGCTAT
CP069362.1_gap66	2374828	2378866	4038	TATCTACTTTTTTAGATATTCTGATATAAATTTGTTTTGATATAAGATTTATAAAATAATTTATTAAGAACATCATAAAAAACAAAAAAGATATTAATATGAATTTTTTATCTATGGTTTTATTATTAATAAAAATTTGAACAGCATCAATAAATAATGCTGTAATTATTATTCTTATCCATGGCATAGCATAGCTCAATGTTTCTATAATAAAATATCCTATTGATAATAATGGTGATTTTTTAAAAGAGTATATTATAATGTATTTAAATAATAATTTTATATTTTCCATTTTTATATTCCTTTATAAAACTAATTCCTACAGGCTATTTGCCTGCAGGATTCCTAATTTAAAAAAATACACTTCTTGATTTTCCGTTACAAGTTCCACCTTTACATCCCTGAGTTTGGACAACTATTTTTGATACTTTTATAATAGGTTTTTTATATTTCATTTTTTCACCTCCCTTCCTTTTCGCATAAATATTTAAATACTTCTGCATTTCTTTTATCTAGAGACGAACAACCTAAAAAGGTGTTATCTTCAGAGTAAGCGAACCCTGGACATCTATTACAAAAATCTTTTAAATAACAAGTTTTACAATCTTTTAAATCATATTTTGTTAAAGAATATATATATTTGAGTTTGTTAGAGTTATACCAAATATCTTTTAAATTTTGTTTTTTTAAATCTCCAATTTTATATAAAAAAGAATTACAAGGATATACATTTTTATTAGAATCTATATATATACTATATTTTAAATTAGGGCAAAGATCGTCTGAATTGTTATTTTTAAAAATTCCCTTTTCTATTTGAATTGGAATATCTTTATAAAACTTTAATAAATCATTAAAATCAAGAGAATTTTTTTTAGGAGTTTCATCACCATTTGTTTTCGATATAATTATTGGATTTGGTGAATATTTAAATCCATTTTTTATACAAAATTCTTGTAACTCTTTGTATGAATCTTTATTTTGTTTCATCAAAGGGGTTTTAATTTCTATATTGATACCTTGTTCTTTCATTTTCATAATATTTGATAATATTCTTTTTAAAGATCCTTTTACTCCTGTAATCATATCATTAATTTTTTCATTTAATGAAAAAATAGTTGTAGAAAATTCCGTAATAAATAAATCAGAAAGACTTTTAATTTGTTGATCATTAATTATTGTAGCATTACTTAGTAAAGTTACACGAAATCCCATAGCCCTAGCCCTTTTTACAATATCTATTATATCTTTCCTAAGAAAAATTTCTCCACCAGTTAGAACTAATTCAAAAGTTCCCAGCTTTCTTAATTGCTTAAATAAATGAATAATAAATTCATATTCTAATCCCATGTTATTATGTTCTGGAATATAACAATGTAAACATTTCAAATTACATAAATTTAATATTTCAATAGTTGCAATTAATGGAATTCTTTCATTATAAGCTTTTTGGACAATATTTTGATAAGAAAAAGAATTCTCATCATATATCCTCAAACCACCTCTACAATTTCTTGATTTGCAAGAACTTTAACAAAATCTATAAAATCTTTTTGAATAAATTTATCTGAGATAAAATTAAATTTGTTTTTTAAATTTATCAAACTCTTTTTTATAGTTTCACACTTTATCAAATAAATCCAAAATTCATATGCTATATCATCTAATAAAAATATATATTCAGTTCTTTCATCTATAACATAAACACAATTATCATAAATTTGCCATGAAATCCATTTACATATTTCAATTTTCTTATTTAGTATAAAATCGTCCATTATAATCCTCCTTCTACAAAAATAAAAATTTAGAAAATTAGTCAAAAATAATTAATAATAAAATTTAAGTTTTAAATTCACAAAATTTTAAAAATAGATAAGAATATAATTAACTTTTTAGTTTATAAACACATTGTATTACAAAAAATCATATGTTATAATGTTAATAAAACAATTGAGTCTAGAGATGTTTTTTATTCATAAATTTCAGTTTGAATTTGAGGATTTGATGAATTGGTTGATGAATAATCATAATCATCTTCAGCATATAGTATATTTGAGAATAGAAAAAGTATAATTAATATTGATACTATAATTTTTTTCATCCCCATCACCTCCCAATTATTATTTATTTTAGCAATTCTAACATGATTTTCAACTATTACTATAATGTTAACAAAGCTTTATTTATCAGGGTTTTGTTTTTACGATAAAATTACATTTATGTTATAAAGTTTTTTGTAACATTATTTGTGAATTGCATAATACATTTTAATAGTATATTTTATATACTAATTCTTTTTATTTCACAATCTAAAAAATAGCAAGAATTATGATTTTAAATTTTTGTAAATTATGTAACTATTTGGTTGGTGATAATATATGAAGATTAATAATATGTTTCTAAAAAAGATTATAGATATAGTCGAGTACGGAAGTTTTTCAAAACCAATTGTGAATTATATTGAAAGTAATATTAACGATATTTCATTAAAATATTATATTTCTTTATTAAAATCAAAATGGGAGATGGATTTTTCTTCTGCTATTTACTATGCAAATAACTCTATTTCAACAACAACAACAACAACAATACTAAAGGAACTTTCAAGATATGAACTTGTGTTGTTGTATTCAAGAATGAATAATTTTGATAAATCAAAAAAAGTTTTCAATACACTAAAAAATAATATAATCAATATTTCACCGTATGCAAGAAGAATAATTATACCTGGGTTAAAAGCCTTATCAGAGAAATTAAATCAAAATTTTGAGATTTTAAAATGTTATGGTGATTTATATGAGGAAAGTTATGTTCAAAAAGCAATAATAGAATATTCAAAGGCCAGAAGATTATTGTCTGAAAAAAATATGATGAAGCTTATAATAATTTTTTAAAAGGTTTTTCATATGCTAAAAAATTTAATCACCCTTCAATGATGTGTGCAGGTTTAAATTCTGCAACGTGGTGGATAAGGAATGAAGATAAGAAAAAAGCTTTAATTATTGCTAATTTACTGGAATATTATATTGGTTATTATTTCGATGATTTTAATTATATATCTAATTGGATTGATACTATTATAAGTGTAAAAGAATTAAACAATGATATAAGAGTTTTTGGCCTTTTAGAAATTATACATAACGCTTTAATATTATTTCCGGATTTAAAAATACTTATTGAAAATATGCAATGCCCAGATTTTAAAATAGAAGAATATACACTAAATAAAAAATTGAATTATTTTATTTATAAAAAAAGTAAAAAAAGATTGAAAGGTAAAACATTAAATGTTGTGGAATTAAAAAGATTTATTCAAAAATATGGTTTAACATATAAGAAAACATATCCATATGAAATAAAAAATGAATTATATAAAATACATATAAATAAAACTTTTAAAGAAAACATAATCAAATTTAAAAAGAAAAATAAAATAAAAATACAAGAATTATTTTTTGCAACATATTCATCATTAATAGAAAAACCATATTTTACAAAAAGTTGCATTTTAAAATTGGTTTTTGAAGGAGATAAAGATAAAATCATTAAATATTTCTCAAGTTATTATGAGAAAATGTATTTTTTTAACTTAATGCTATCTGAATTTGAGGTTAAAGAATTTGAAAAAAGGATAATGAATCCTGATGATTTTGAAAAGATAAAACCTGATGTATCTCCATTTTTCATATCAAGAAAAAAATTAATATTTAATCTTTTAAAAAATGCGAAAAATTTTAAAGAATTTATTCTTAAATATTTCGAACTCAACGAGGAAGAAATAAGAACTTTTGATGTGTTTTTAAGAAATTGTGTTCGTTATGATATAATATGGCCTATTATTCCAAAAGTTGATGGTAATTTAAAATCTTTCGCTTTAAAATATAATATTACTCAAAAACGCGTTGCTTTAGGATATTATTCTTTTGAAGACAATGAAAGACTTTTTCTTGATTCTATTATTGAGAAGTTTTTATAATGAAATTAGTGGATACTATATAAATAAATATTTAAGAACTGTAAAAGTTAAAATAGAAT
CP069362.1_gap67	2383039	2384845	1806	AAAATCATATGTTATAATGTTAATAAAACAATTGAGTCTAGAGATGTTTTTTATTCATAAATTTCAGTTTGAATTTGAGGATTTGATGAATTGGTTGATGAATAATCATAATCATCTTCAGCATATAGTATATTTGAGAATAGAAAAAGTATAATTAATATTGATACTATAATTTTTTTCATCCCCATCACCTCCCAATTATTATTTATTTTAGCAATTCTAACATGATTTTCAACTATTACTATAATGTTAACAAAGCTTTATTTATCAGGGTTTTGTTTTTACGATAAAATTACATTTATGTTATAAAGTTTTTTGTAACATTATTTGTGAATTGCATAATACATTTTAATAGTATATTTTATATACTAATTCTTTTTATTTCACAATCTAAAAAATAGCAAGAATTATGATTTTAAATTTTTGTAAATTATGTAACTATTTGGTTGGTGATAATATATGAAGATTAATAATATGTTTCTAAAAAAGATTATAGATATAGTCGAGTACGGAAGTTTTTCAAAACCAATTGTGAATTATATTGAAAGTAATATTAACGATATTTCATTAAAATATTATATTTCTTTATTAAAATCAAAATGGGAGATGGATTTTTCTTCTGCTATTTACTATGCAAATAACTCTATTTCAACAACAACAACAACAACAATACTAAAGGAACTTTCAAGATATGAACTTGTGTTGTTGTATTCAAGAATGAATAATTTTGATAAATCAAAAAAAGTTTTCAATACACTAAAAAATAATATAATCAATATTTCACCGTATGCAAGAAGAATAATTATACCTGGGTTAAAAGCCTTATCAGAGAAATTAAATCAAAATTTTGAGATTTTAAAATGTTATGGTGATTTATATGAGGAAAGTTATGTTCAAAAAGCAATAATAGAATATTCAAAGGCCAGAAGATTATTGTCTGAAAAAAATATGATGAAGCTTATAATAATTTTTTAAAAGGTTTTTCATATGCTAAAAAATTTAATCACCCTTCAATGATGTGTGCAGGTTTAAATTCTGCAACGTGGTGGATAAGGAATGAAGATAAGAAAAAAGCTTTAATTATTGCTAATTTACTGGAATATTATATTGGTTATTATTTCGATGATTTTAATTATATATCTAATTGGATTGATACTATTATAAGTGTAAAAGAATTAAACAATGATATAAGAGTTTTTGGCCTTTTAGAAATTATACATAACGCTTTAATATTATTTCCGGATTTAAAAATACTTATTGAAAATATGCAATGCCCAGATTTTAAAATAGAAGAATATACACTAAATAAAAAATTGAATTATTTTATTTATAAAAAAAGTAAAAAAAGATTGAAAGGTAAAACATTAAATGTTGTGGAATTAAAAAGATTTATTCAAAAATATGGTTTAACATATAAGAAAACATATCCATATGAAATAAAAAATGAATTATATAAAATACATATAAATAAAACTTTTAAAGAAAACATAATCAAATTTAAAAAGAAAAATAAAATAAAAATACAAGAATTATTTTTTGCAACATATTCATCATTAATAGAAAAACCATATTTTACAAAAAGTTGCATTTTAAAATTGGTTTTTGAAGGAGATAAAGATAAAATCATTAAATATTTCTCAAGTAATTATGAGAAAATGTATTTTTTTAACTTAATGCTATCTGAATTTAAGGTTAAAGAAATTGAGAAAAGGATAATGAATCCTGATGATTTTGAAAAGATAAAACCTAATGTATCTCCATTTTTTGTATCAAGAAAAAAACTCATCTTTAATCTTTTAAAAAATG
CP069362.1_gap68	2391874	2396375	4501	AGTCAATAATCGTGCACCAATCAGGTGCAGGGCTACAATTTCCACCATCATAACCTGAACAATAATCAAAAGGAAGAGTACAATCACTATTCAAAGAATTCTTAGTTGTTCCATTAATAACCTTTATATGTTTCATAATATATCAACCTCCATTTAAAACTTGCTTTTCTTTTCCAGCCACAGAATTTAAAATTCATATTTTTATTCAAGTTTTAATTCATAAACTTCAAATATAAAAAGATTTTTATCTTCTTTTTTTTCTATTTCGTTTAATACACCATAATACTTATCTTTCATTTTAAAAAAATGTATTGCTTTATTCAAAATTTTATTTATGTTACCTGTTTCAAGATTTATTTTATAAATGTTTCCATTAAAAAGAAATATTTCAAATTGATTTTGTAAGTTCAAACTAACTTTAAAAGGTGTATTTGAACAGAGAAATGTAGCATAATCGGATTTTTTTAATTCGCTTTCCCATGATATTTTAAATTTATTATCTATTATTTTTCCTAATATTATTTTTGTTGTACTATCTTCCTGCACTTCTATTAATATTTTTTCATTTTTATAGGTATTATAGTGATAATTTATATTTCCTTCTTTCAAAAATGGATATATTTCTTCCATATTTATATTTTCTATTTTATTATTATCGAGATTATATCTTTTTATATTTATTTTTCCACCATAATTACCAAAATATACATATTTTTCATCTTGATATATATATGTATAATAGTTCATATCTGAAAATATTTTTTCATCTTTCTTTATTAATTCATAGTTTTTTGCATCAAATGTGTGTTTTAACTTTATGTATTTACTGTTTGAACCAAAAAAAGATGTCACACTTTTTTCTGGTATTGTTTCGAATAGATATAGTTTATCTTTATACTCTGCCATTTCTAATATCCCTGAAAAATCTTTTAATGTTATTAATTCTTTATACCAGTTTAAATCTTTATCCACTATCATTACCGTTCGTTCTGATTCATTTACTCCTACACTCATTATTATTTTATCTTTCAATTCATAATCAATCATAACTGCAAATGACTTTACTCCTAAATTAAGCTTTTTGTTAAATATATATTTTCCTTCTTTTCTTATATATTCATTTATTTCCATATCTCCATTTTTTTCATTTCCACATATTATCCAGAATTTATCATCAAAATTGTATACTGTTATTATTGTTGCACCTGTAAGTCCTCCGATCTCATATAATGCTGGAGCACGCATTTTTATTGTTTGTTTTGTATTATTTTTTAAGGAGTATATGCGTGTCTCAAAATCTTTTTCAGTAGTTACAACAAATGGTGTAATTATTGCTTCATTTTTTGTAAATGTTGCTATTAATTTTGGTGGTTTTTTTTCATTTTCTATTTCTATCTCAATTCTTTTTATCATTTTTAATCTATCAGAAAATAAAGAAATTGATATTGTTAATATAAATAAAATCATTAATATATTTCTTTTCATTTTATCATCTCCCTACTTTTAATTTTTCTACTCCTATTTTTGTTAGGTTGCAAGAAATACTTCGGCTTTTACTTTTTGTTAATAATTCATATGGGCATCCACCACCGCATATATTTCTCAATTCGCATAAACCGCAATCTTCTTCTATTTTTTTAACTACTTTCTTATAAAATTCCTTTTTATAGTTAATAAATTCTTCCCATTGCATCCCCACTTCTCCAAGTTCATAGTCTTTTTCACCTGTGAATCTCTGGCATGGGTATATTTTTCCATCTATATCTATTGATACTATTCCCAACCCCGCTCCACATGGATATTTTTTAATTTCTCCTTTTTTTATAGTTTCCCATACTCCACTTATATTTAACGGGATAAACCTTTTATCTTTTTCTTCTATTATTTCTTCAACTTCTTTGTATAATTTTTTCTTTTCTTTTTCTGTCCATTTTTTTGTGTAAGGGTATGATGCAATCGCAAAAGAATAGCCACCAACATTTAGCTCTTTTATAAAATGTTCTGCTATTTTTTTAATTTCTATTTTCTGATTTGTTACTGTTGCTCTAACGTTTAACTTTTTCCTTTTTTCCAGTATTAACTCTATATTTTCTGCTATTTTTTCATATGATCCCTTTCCTCCAACAAATGGCCTTTGAAAATTTTGTATATACTCACAACCATCTATACTTAATGTTAATGAAAAATTTTCTTTGATTAAAAAGTCTATTATTTCTTTATCCATTATCGTCCCATTAGTGGTTATTGAATATCCAATCTTTTTGTTATATTTCTTTCCTAATTTTTTTGATAATGCCACGCTTTCTTTTATTTTTTTGAATTCAAGTAATGGTTCTCCACCAAAAAACGTTATTGTTATTTTTTTCTTTTTTGTATTTGAAAATATATATTCTAAACTTTCTTTTATCAATTTCATATTCATACTTTCTGGTTTCTCTTTATGAGCATAGCAGTATATACATTCAAGATTACATGCTTTTGTTATATTTAATATAATATTTGATGGTTCAAATATTATGTCTGAATTATAGAATTTTTCGCTTTCTTTTATTTTTTTATTGATTATATTTTTTAATGTTTTTATATCTTTTTCAACATCTTTATTTTTTTTATTTTCTGTAAGATGTGAATAGGCTATTTCATCTAGTTCGACTAATGTTACACTATCAAGGTCCAATAGATACTTTCTTTTATTATTTTGATAGAGTTTATATTTCATTTTTTTCTCCTTTCTTTTTAATATTAAAAATGTATTGTATCATAAAACCTTATATGCTATAATTTAAATGTATTTTACAAATAACTGAGTATAAAGCTTTTAGTTTTCATATGATATCTTATTATCCTCTGGAATTTTCAATTTGAACTTGAGGATTAGTTGAATCAGTTTTATATTTATCCTCATTATCTCCTGCAAAAATAATATTTGTTAACATTAATAAAAAAATAATAAATAAAATTAATATTTTTTTCATCCTATCACCTCCGTTATTATTTTACTATTTCTAACATGGTTTTCAAGCATTTTTGGCTATTTTATAATTCTTTATTTATGGTATTTTTAATTTTTATATTTTCTCATTTTTTTATTAACTCCATCTTGTTACTTTATGTTAATATTAGCTATTTCCTTTTTCTTAATATTTTTAATTTAATCTTCTTCATTTTGTTTTTGTAAAAAATTACAAAATAAATCAGAGATTTTTAAGTAAAAATATGATTACAAATTTATTGAGGTGTTTTTAATGAAAAATAATATTTCTTTAAAATCCTTGATTGATATCATAAGTTTTGGATATTATTCTTATCCAATTATTAATTTCTTATATTTAAATATAAATGATATTTCTTTAAAATATTATCTTTTGTTATTAAAATCCAAATGGAAAAAAGATTATTATTTAGCTATTGATTATTCTAAAAAAACTATTTCAACAACAACAACAACAACAATATTAAGAGAACTTGCAAGATTTGAACTTGTTTCTTTATACAATAAAGTTGGGAAATATGATTTAGCAAAAAAAGAAATTAATATTTTAAAAAATAATTTTGATAAACTTCCATCATATGCAAGATATTTAATGGTACCAGGGTTAAACTTGCTCAATAAATCATATAACATAACTGATAATTTTAAAGTTTATTCAGACAATTATATTGAAAATGATTTAGATAAAGCTATTTTGATTTATTCAAAAGCAAGAGATTTCATTAAAGAGAAAGAATATTCTAAAGCATATAAAAGATTTATTGAGGGATTTTTTCTTTCTAAAAATTTCCCTCATCCTACTATGATTTGTAATGGTTTAAATGGTGCTGCGTGGTGGATAAGAGAAGTAGATAAGAAGAAAGCGTTAGTTGTAGCTGATTTATTAGAGTATTATGTTGGTTATTATTTTGAAGATTTACCTAAGATATATAATTGGTTTGATACTATTTTTGAAGTAAAGAAAATTAATAATGATATAACAATATTTGATATATCGAGTATTGTTATTAAGCTAAATAAATTAAATAAGGTTAAAATAAAAAAACAGTTTTTCCATTTTATTCCTGATATTTCTTCATCAACGTATAATATAACCAATGAATTAAAAAATTATATTTTAAAATATGTTGATTTAATGGTTAAAAAAGGAATAATAAATTCCAAAAGTATATTAAAAATCATAAATTCAAAAAAAATAAGTTATACCTCTAGAAAACCATATGCTATAAAAAATGAATTGTATAAAATGTATATAAATAAAACTTTTAAAGAAAACATAATCAAATTTAAAAAGAAAAATAAAATAAAAATACAAGAATTATTTTTTGCAACATATTCATCATTAATAGAAAAACCATATTTTACAAAAAGTTGCATTTTAAAATTGTTTTTTGAAGGAGATAAAGATAAAATCATTAAATATTTCTCAAGTAATTATGAGAAAATGTATTTTTTTAACTTAATGCTATCTGAATTTAAGGTTAAAGAAATTGAGAAAAGGATAATGAA
CP069362.1_gap69	2405571	2409027	3456	TCTCAAATTATTGGGATCAAATATACAACTGCATCGAAATCTGGTTTTATTGTTTCGCAATACATCATTTTTATCCCTATATTTTCCTACATTATAGAAAAGGAAAAAATAACTAAATATCAATCTGTAGGATTTCTTTTTTCCATAATAGGTTCTTATTTATTATCTGGTGGAATAAGCGGTTTCAATTTTGGTGATTTATTAATGTTTATTTGTGCAATAAGTTTTGCTTTACATATTGTTTTGATTACTAAGTTTAGTAAAATAGTTGATGAAAAACATTTATTGAGTTTTCAATTTTTGACTGTAACTGTTATTAGTTTTATAGCTCTTCTTATTTTCAAAAAAAGCATCTATGTAACTCCTGTATCATTTCTTACAATTTTTTATACAGCAATCGTTGGAAGTATTATAGTAATCTATTTGCAGCTAAAATATCAAAAAAATATAGGAAGCAATCTAACTGCAATATTATTTTTATCACAACCTATTTTTTCTGCACTTCTATCTTTTATCTTATTAAAAGAATCATTTACATTTAAACAAATAATTGGTTCTTCTATTTTGTTATTTGGAATTATAATATCTAATTTTTCAAATAAAAAAAACTAATCATGCAGATACATGATTAGTCAGACTGTTGATAAAGTATTTTCTAAAAAAATAATATGAACGAATACTTGAAAATTCCCGAAAAAATATGAATGAAGGCGGATAAAATCACATGGATGTGATTTTAAGAGAAATCAATCAGGATGTGCGTTTGAGCGACCGCCGAGAATGAATATTTTTGAGGATTTAGAATTTTCCGTATGAGTGAATATTATTTTTGAAAATACTTTGTATTTAATTATAAAGTTTGTCTACAAACTAACTGATCATGCAGATACATGATTAGTTTTTATTAGTTTTTAATTGTTTAACTGTTTTTTCAGAATTTTATTTAAATAATTTTCTTTAGCTAATATTTCAATTTCATATCCATTTTCCAATTGTTTTTGTTTTCTAATACCTATATCATTCTTTAGTTTTTCAATCTTCCACATATTATTGAATTCAATAAAGACTTTAGTTGACTTTATAACATTAAACTCTAATAACTTATCTTCTAGTTTTAAAAGAAACTCATGAACACTTTCTTTAGATTTTGCACTTACCAACAAAGCATTTGGATATAATGTTTTTATATGTTGTATTTTCTCAAAGGAGAGTTTGTCAATTTTATTAAAAACGACAATTCTGGGAATCTCTTCTTTTAATATATCATTTATTATGTTATCTACAACTCGCATCTTATCTTCAAAATTTTCTTCACTAATATCTATTAATTCTATTATTACATCTGCATAATTAATTTCATCTAATGTGGATTTAAATGATTCTACTAATTCTACAGGTAATTTTCTAATAAATCCAACTGTATCAGAAAATATTGCTGACAATCCTGAAGGGAAATGAATTTTTCTTGAGAGTGTAGAAAGTGTAGAAAATAATTTTTGTGAAACCAAAATTTTCTCATCTTCAGATAATGCTTTTAATAACGTAGATTTACCTGCACTTGTATAACCTAATATTGAAATTTGTGGGATATATGATTCATTTCTTTTTTTATTTTTAACTTCTCTAACTTGTTCTAAAGATTTTAATTGCTTTTTTAAATAATTAATTCTATCTTTTATATTACGTCTTCTATATTCTAATAATGTTTCACCAGAACCTCTGGTTCCAGTTCCTGTACCTCTTGCACCTCCACCTATTCTTGAAAGTTCTTTACCTAAACCTATTAATTTTGGTAATTCATATGTCAATGTAGCTAATTCTACTTGCAATTTTGATTCTGCAGTTCGAGCATTTCTTTTAAAAATTTCAAGTATTACCTCATTTCTATCTACAATCTTAATTTCTTCTCCTAATTGTTCTTGAATATTTTTTCTTTGAGAGTTAAAAAGAGAATCATTAAAAACAATTACATCTGCGTTATATGCTTTAACGATCTCTAACATTTCTTGGAATTTACCTTTACCCAAATAAAACTTTTTGTCTATATGATTCCTATTTTGATATATCTCAGTCAATATTTTAATACCTATATTTTCACATAATAATTTTAATTCTTCGATTTGCTTATCAAAGTCTTTTTCACCTATATTAACAGCTACTATTATTCCATTTAAAAATTCGTTCGTATTAATCTCCTCCTCTAACTTTTATATAATTTATTATACCAGAAAACATAATATATTATGCTTGAATTTTATAATATAAAGGAGTATAATTTATATGTAAATAAAATAATCAAATTTATAATTCCTATAGGAGGGAAAAATATGAGTAAAAAAAGAATATTTTTTATATCATTTTTATTATTAATCTTATCTTTTAGTTTAGTAGGATGTTTCTCTGAGAAAGTCCCTTCTGCTACAAAAAATGTTTCTTTAGATGTATTATTAACGGATAGACCTGTTAGTGACATTGATGAACTTCATGTATTTATTAAAGATATATACTTTACTTATGAATTAAATGGAGAAAGTTTTGAGTCAACTCCAGTAACTATAAACAAGGATTATGATATTTTGAGTTTAGCAGGAACAGAAGTAACTTTGTTTTCACTGGATATTCCAGAAGGATCTGAATTAGGTACTATACATATGGATGTTGAACAGGAAGCTACAGTTATAATAACAAATAATAATTATACCGCAACTGTTGCAGCTAATGGGAAATTGGTTATTCCAAATGCTGGAATAGATGTTAATGCTGATGGTGAATTAGTAATTGATTTTGATGCAGCTAGTTCTTTAAAACAAATTGGTAATACAAACAATTACAAACTTATTCCTGTATTAAAACCATCATTCCGAAGGAAGAATTCTACTGATATATTTGCTATAAAAGGAAAAGTTTTAGATGTTTCTGAAAATCCTGTTAGCAAAGCCATAATTACTTTGTCCGCTACAATAACAAATGAGCCGACCATTATAAGAGTAAGTTTAACAAATAAAGATGGAGAATTTTATTTAGGAAAACATGAAAACGGAAAATATGATATAAATCTTTATACAAACGTAATTTTACCAGAAGATGGAGAAATTAATTTTGATTCTTTGGCTTCAGATTATTCTACAACTTTATATATAAACAGTGAAGATGTGAATATAACCATAAATTTAAATCAATAATAAAGTTTAAAAGACTGGCTCCAGCCAGTCTTTTAATTTAATAAACAGCTATATATCCATCTGCTCTTTTTTCAGTTCCTGCTACATAACTTTTACCATTTTTAATTATTATTTGACCTCTTCCGAATGGCCCGGAACTTAAAGAAATTTTTATGTCGTGGCCTTTTCTTTCTAAATTTTCAGCAACATATGTTGGAAAATCTTTTTCTATTAATATCGTTTTTTTCTCAATCCATTGCCATCTTGGAGCATCTAACGCAGCTTGAGGATTTAA
CP069362.1_gap70	2415763	2420565	4802	TATTATTAACTTAGTAGTGTTTGGTTTTACAAATACTTCTTCCCTAGGACTATAATAATATGGAACTATTGTTAATAATGTCCATTTTGCTAATTTATAACTTCCTAAAATTTCTAAAGTTAAATTAAAACCTAATTCTTTATCTCCATGAATTAATTGTTTAATTCCTTCAGATAATTGTTTCTTTTCTTCTTCAGTCATAGCTTTAACAGCATCTCTGAATTTAGGTTTTTCAAATAATGAAACTAAAGATGCTTTGGAAACAATTTTAATTAAATTATCTGTTACTTTGTTTATATCCTCAAAAGCATCTAAATTAAAAAATTCTAATGCCATATTATGCATTTTTTCTGGAATATGTTTTTTTGCTAATTTTAGTAATTCGGGATTTGAAAAACCCCCAGGATAAACACTTAAGAATTTTTTTGATGCTTCTTCAATCTTATTAATATTCATTATTCTTCCTCCTTTTTAAATAATAAAATTCTAATTTTTCTTCATTATAATACAGGTTTAAATTTTAATATTTCTAGATAATACATATTATTCTCCCATTTAACAATAATAAAATTAATAATAATAAGTATAATAATTTTTTTCTTTATACTTTTTAGCAATATATGCACCAAATATAAATCCACCTATATGAGCCCACCAGGCTACTCCTGCACCATAATATGGACCCACTAACGATAATATACCATTAAATATTTGAGATAAAAACCATATTCCAATAAATATAAATGAAGGAATATTCACAAATATTGGAATCCATAATAGTAAAAATAATGTTTGAATTTTAGCCAATGGAAACAGGACAAAATAGATACCAATTACACCGGCAATTGCTCCAGATGCTCCAATAGTAACAATAGGCGAATTTAAATTAAAAATATAATGCGTAAAAGATGCAATAAATCCACTCGATAAATATATTAGTAAAAATTTAAAATGTCCTAATTTATCTTCTACATTATCTCCAAATAACCAAAGAGACCACATATTTCCTAAAATATGCATAAAACTACCATGTAAAAACATACTGGTAAATATTGTAAAAATATTTATTCCAATATATCCCATATCCCCATACGCAATAGCCTTCGTCAGTTCTGATGGCATAAAACCATAATATTGTATAAAAGATTCTCTTAAATGAGAAGGTAAAATCATTTCAAAAACAAATACTATAACATTTATAATTATAAGAGTTATAGTTACTACAGGTTTTTTACTACTTGGATTAATATCTCTTAATGGAAACATATACTTTCACCACTTTCAAATATTGTTTTTATTATATTATATATTATTATATTATTAAATAAACCCCATCCAAAAGATGGAGTTTAAATTATTTTCTTACAAGTTTCGCTACAGATTCAAGGTGTTTAGTATGTGGGAACATATCAACAAATACGAATTTTTCGATTTCATACATATCTTTTAAATAAATCATATCTCTTGCAAAATTAGCTGGATTACAAGACACATATACTACATTGTCAAATTTATTATCCATAATAAAATTAATGACATTCTTATGTAATCCCGCTCTTGGTGGATCAACTACTATTGTATCTAATTTCTCATCTAATAGTTTTACAATATCTTTTGCATCTCCTAAATAAAATTCAACATTATTTGCATTATTATCTTTAGCATTTTCTTTTGCTGCTTCAACAGCTTCTTTTACAATTTCAACTCCAATTACTTTTTCAAGTTTTTTAGCCATTAATAATGTTATAGTACCAGCACCACAATATAAATCAAATCCAGTTTTAGCATTTTCATCAATATAATCTAAGACCTTAGAATATAATACTTCAGATCCTAATGTATTTGTCTGTAGAAATGAAAATGGGCCTACCTTAAATTTAATTCCTAATATTTCTTCTTCAAAATAATCTTTACCATATAATTTTTTTAACTCATCTGGTTTAACTACTGTGGATTTAGCATCTGTTATAGTATGATATATACTTACTATTTTTCCTTCTAATTCTAATTTTAAAACTTCATTTACCCATTTTTCTACATGAGAATGATAATCTTCTGATGAAGTTGATATATTTAATAATATTTCATTTGTTTTAAATCCTTTTCTCATAACAAGATGTCTTAAATAACCACTATGTTTCTTATAATTTCTAAATGGCAAATCTTTAAAAAACATTTCTGAAAATTCAATTATTTTCCCAAAATCTTTTGGCGCAATTTTACATGTTTTTGCAGAATATACGTCATAAAATTTCCCTTTACCTCTTAATCCTATAGTTAATGGTCCATCTTTCATTTCATTTCCAAAAGAATACTCCATTTTGTTTCTATAATGATAAATTTCTGGTGAGCTTAATACACCTTCATAATTTTTTATTTCTATTTGACTATCTTCTAATATTTTAAGAATATTTTCTGTTTTTTCTTTTAATTGAACATCATAGTCTATATCTAAATAAGTACATCCTCCACATTTTCCAAAAACATCACATATATTAGACATTAGATACCTCCATTATTTTTGTAATTGTTTTATTTTATTTAATACATCTTCTGCATGACCTTTTACTTTTACTTTTTCCCATAGATAGGCTATTTTTCCTTCTGGATCTATTAATATGGTTGTTCTCACGACACCATAATATTCTTTTCCAAAATTCTTTTTTAGTTGCCAAACCCCAAATTTTTCTAATAATTCTTTGTTTTCATCTGAACCCAACTTTACTTTTAAATCATGTTTAGAAATAAATTTTTTATGTTTATCAATACTATCAGGACTAACTCCTATTACTTCTGCATTTAGTTTATGAAACTCATCAATTAATGATGTAAAATCTTTAGCTTCAGTTGTACATCCTGGAGTGTTATCTTTAGGATAAAAATATAACACTATCCATTTACCCTTTAAATCTTCACTTTTTATTATTTCACCATTTGTTTCTACAATTTCAAAGTCAACCTTATCACCAATATTATATTTTACATAACCCATTATACGGCCCCCTTACTAAAGCTTTTCAATTTTAATTTTAGGTAATAATTCCAAAACATCTTTTTTCCTACATAACTCTGTACCGGGAGTTAATACTGCAGCATTACCTGCCGCATTAGCTAATCTAAATGCCTCTAATTTATCTTCTTCATATTTCATTACATATCCTGCTAAAAAAGAATCTCCAGCACCTACAGCGCTTTTTACTTCTAATTTAACAGGATAGGCGTAATATGCTTCATCCCAATTTGCATAAACGCTACCGTATTTTCCCATTGAAACCAAAATTTCATTTAATTTATATTTTTCTAATGTTTCTTTTGCATATTTAGATATAGATATTTTATCTTTTTCGTCAATGTCTTTATCTAATAATCTAGATAATTCATGTGTATTTGGTTTTATACAATGTGGTTCTGCTTCTAATCCTGCTTTTAAATTTTTTCCATCCGCATCAAAAAATACTGTTGCTCCCCATTGTTTTAATGAGAAAATCAATCCAGTGTAATAATCTGGATCAACACCTTTTGGCAAACTTCCGGAAATTACAATTGTGTCTCCTTCTCTTACAAGAGAATGCAATATATCAAAAACTTTTTGCAGCTTTTCTCTTTTCACAGATGCACCAGGCATGCTCATCCTATATTGTGTTTTTTCTTCTAAAATAATATTCATACGAGTTTCATGTTCAATTCTAACAGAAGAATATATAACACCTTCTTCATCAAGCATTTCTTCTATTTTCCGGCCATTATAACCTCCAAGTAAAGCTACAGCAACTGATACTCCTCCTAATTCTTTAATTACTCTTGAAACATCTATCCCTTTACCTGCAGGATAATCAACCAATTTTTTTGCCCTATTCGTGTCATCTGGAATTAATTGATCAATATAGATATATCTATCAAGACTTGGATTCATTGTTAATGTAAAAATCACATTTATCCCCCCAATGTTTTAATATATTCATTCAATTTTTTCAAATACCTATTTAACGCTTTATCCAATTCCTCAAGTTTTTCATTTTCAGTTATTATATTTGCTTCAAACTCAGAAAATAATGTAGCTATATCATTATAAATCAATTCAACAACACCATATAAATTTGATTCTAAATTATTCTTTATTAATTCTTCACCTTCATCAAACTTTTTTTCTATCTTTTTTACTATCTTATTTTTCTTGAATGCAGCAAAAAGTGTTCCAGTCGCAACACCAAGACCAGTTATAATTCCTCCAGTTATATCAAAAATAGAAATTTGTGTTGATGCCATCAAGATGATTCCTAATACAGATAACCCAGTTCCGCTAAATACTGTAGAATTTATTGATTTTAATTTTTCTTCTTTTATTAAATCCATAAATTTTTCATTTTTTATATATTCATCAATTTTATTTATAGTATTTTCAATTAGTTTTTTTCTTTGTTCACCAAATTCATAATATATATTCTTTAAATCTACGGATTTTTCTATTTTTTTTAATTCTTCAAGATTTTTAATCAGCATACTTTTTATATTATCAATAAATTTAACAGATCTTTCAGAAGATATCTCTTTGGTAGAATTTAATAATTCATTTATAAATAGATTTTTTATCTCATCTTCGAGAACTCTCAAATTTTCTTTTTTAGAAAAAGATCTTTTTAATAATTTCCATAATGTAATTTCTTCCTCTAATTTAATTTTAACTTTTTTCGAAATATTTCTATAATTTTCTAAGATTATTTTTATCCATAATTCTACTTCATTTAAAGAATTCTTTTTTGAAATTTCTATATTTTTATTTATTATATCAATAATGTCTTTTT
CP069362.1_gap71	2443741	2444241	500	AAAAAATACTTTTGTCGTACAAGATGTAACAAAAGAAACAAATTATTTATCCTGTAGTGAAAAAACAAAATCTGAAATAGTTGTTCCTATATTAGACAAAAACGGAAATGTGTTTGGAGAGCTGGATATAGATAGTCATAAATTAGAACCTTTTACAATAGAAGACTCCCAATTTTTAGAAGAAATTATTAATTTATTCGTTGAAAAATTTCTTTAATTTTGTTAATTTTTATTTTTTTAACATATTCACAAAATCGAGAATAAAAGCTCATTTAATAGAAATATTTCTTAATGAAAGTAAAAAAATATTAAAATTATTAAATTTAGGATTATGCTAAAATTCGTTTTTGATAATAATTACATTGATTTAATTCCTTTGTTCACTAAGTTTTAAATCTCAACAAAGTTCATAAAAATTTTTCTTGATTATATATGTTAAATCTGATATCCTATATAGTGCTAAACATTCTTTTTATTTTTTTGGTCAGGGGGTAATTGGT
