gap_id	start	end	length	sequence
CP064958.1_gap1	49697	54375	4678	CGTTCGCTTTCACGCAGTGCTCGCTCATGAAGTAGCGTAGCATTTTGAAGCTTCTGTAATTCCCTTTCATAAGCAACATACTCTTCGTCGTACACTTCGAGTGCGCGGATCAGCTCTTTGATTGAACCTTCGACATTTTGTATATGTTCACTATCTTCTGTAGTTTCGCTTTGTGCTACATCTACTTTTTGGAAGAAAACCAATTTCTCTCTGACATTACGAAGAATAGGAATCGCATCAGACAATGATGCTGCTTCGATCGCTTCGGCAATCATAGCTTCAAGTTCTCCGATGAGCACTTCAACTTCTTCTTTCGGAATCATTGTTTGCTTTTGTGGAGCGTCTTTTTTCACTGTGAGTGCCTCGAGAACCCCCTCAAGACGTCCCAGATTTCTACTCGTATCATCTCGCTTTTTCTTAAGTGCAAAAATTTTCTCCTCTAGCGTTGCAATATCACGGGTGACACTCGCATCAGTTGGCGCCACTGCCGGCACCTCAACACCTGCGAGGGCTTCAGTGATTTTCTTGGCTTCGATTTCATGCTCTACTCGTTCTTTTTCGATTGCAGCTTTTTCGGTTGTTATGTAATATTCCTCATTTGCAAAATACGTCGTATATAATCCTTGCAGTTCCGTACGAAGCTCTTTGGCTTTTTCGATTTTTTCAACTTGTTTGCTCAAAAACGTAATATGCGGAGAAAGTTCCCGTCGTAGTGATCCTACTTCTTTCATATTGGCGAGTGTACGCTCGAGTTTGCGCTCACTTTCGCGGAGCTTGTACTGATAGACACGAAGTCCCAGTGCATCTTCGATCATGCTACGACGATCTTTAGAAGATGCATTGAGTACTCGATCTGCTTCACCTTGGGAAATCATATGGTGGCCAGAACTACCAATATGCACTGAGGCGAGAAGCTCTAAAATATCTTTAAGTCTCACTTCTGAACCATTGATACTGTATCGATTGGCACCATCGCTATAGACTTCACGACTTAGTGTGATTTCATCAAACGCAATATTTGGAAGTCCGCTCGAATTATTGGCAAATGAGAAAATTTTTTTGCGATTATCAAACACAATACCGACTGACGCACGCGAAGGTGCACTCAAACCTTTTGATCCCTTAAAAATAAGGTCAGTGCCAGATTTGCCACGCATTGACTTGATTGACTGCTCGCCCAACACAAAACGTATAGCTTCAACGACGTTTGATTTACCAGAACCATTGGGACCAACGATTGCAGTTACGGGTGACGTAAAATCAAGAACCGTCTTTTTGCCGAATGATTTAAATCCACTTAGTTCGAGGCGCTTGAGGTACATAATAATTGCTAATCAAGCCAGCCTTTTACTTTTAATGCTTCTTGGGCTGCCTTCTGTTCAGCTTCTTGTTTTGATTTACCTTTGCCTTGTGCAATAAGTTCACCGCCGAAATAAATGCCAGTGGTAAAGTGCTTATCATGATCGGGACCACTCTCTCCCATAACACGGTACAGTGGCGTCACGCCGAAATATTCTTGTGCACGTTCTTGGATCAAACTCTTTGGATCGCGCCATAGCTTCTTGGCAACAATCTCATCCATCAAAGTAAAAAGTTCATTTGCAATAAATTCTTTTACCGCATCGTAGCCTTGATCAAGATAAATAGCACCCAAGTAGGCTTCAAAGGTATTCGCGAGTATGTATTGCCTCGCTTTGCCCATATCTTTTGACTCACCTTTAGACAGGAGCAGGAATTCATTCATACCAAGTTTTGTAGCAACTTCTGCAATCGTATTAGCATTAACGAGTGCTGCGCGAAACGATGTGAGTTCCCCCTCGCTATGGTTTTCGTATTTTTTATAGAGATAGTCCGTGACAACAAGTTCGAGTACTGCATCACCGAGGAATTCTAAGCGCTCATTATGCCAAAGCCCAAGCCCCGGATTCTCGTTAATATACGAGCGGTGAATGAACGCCTGCATTAACAGCTTCTTATCGTTGAAAATAGTTTTTGTTTTTTGTTCAAATGCTCCAAAATCAATCATACTAGAGGTTAGACGTTAGGCACTAGGCGCTAGCAATTGCTACAGCCTAAAGCCTAGAGCCTAAAATTTACTTAGTAATAATTTCGACTGCCTTCGCCAAAAGCGGCAAGATATCATCGTAGGTCTTGATCTCTCCTATTTCATGCAAAGGAAACCACCGTGCACCATCGAGCCCACCAGAGCTCGAAAGCTTCAAATCTTGGTATGGTGCTTCTGCCAAGAAGAAATGTACCACCTTTCGGATCTTACCTTTTTCTGGGTGGGATGCAATATATTCTGACTCACCTAATTTTTCGAGCACTTTTATTGGCAATCCTAATTCATCATTGATCTCTCGAACGACTGCGACATCTTCTGCCTCATCACCATCAACACCACCTTTGGAAAGTGTCCAGTAACCGAAAACATCATGCACGAGCGCAAGATAAATCACATCGTTAGTCCTCGCGTAAATGACTGCGCCTGCTTTTTTCTCAACAGGAAGCTTGGTTATATCGATCGGTGTATCATCTTTCTTTTTCTTTGATGTTTGCTCTTTGCCTGGCTCACCGATTTCTTTATAGACAGCACCCAAGACGCCATTGACGAACTTGCTCGATGTCTCTCCGCCAAATGCTTTAGCGAGTTCGATGGCTTCATTGATAGCAACTTTTGGCGGCACTTGCTCGCGATTACCGAACAAAAGTTCCGCGAGGCCCAATCGTAAAATATTTCGATCAACAACAGAAATTTTATCGAGCGGCCATTCTGGAGCTGCCTTTTCAATAATTTCATCTATGATGGTACGTTTTTTTAATACGAGTTCAGTCAACTCATGCATGAATTCGAAATCCTCAAGCCCTGGACCGAATTCGCCCTCATTGCGCCTGAGTACTTCTTCTATATGCGCATCATCTTTGCTGTTGAAATCCCACTCAAAGAGTGTTTGGAGAACGATTGAACGTGAGAGATGCCGATTTGCCATAAATAAGGAACAAAGTTATAGATTAGAGTGCCACATAGATATGTATCTACTGTAACATATTTTTCTCTGGGGAAACAATACTAAAGCTACTTTTTGAGTGCCTTTGCCTTAGCAGCTTTTTTCTCTGCTTTTGCCGTCACATTCATGACGGTTTTGCCCCGATAGGTGCCAGTCGTGAGAGAAACATGGTGGCGCAAGTGTGCTACCCCAGTTTCTTTATCAATAGAAAAAAGCTTGCGCTTGAGTGCGTGATGAGAGCGTCTATTTGCAGTGTGACTGCGCGTATGTCGCATTCGGACTACCATGCGAGAAACTGTAGCATAGAAAATATTTCTTTACAAGTCTTGGTGTATATAGGTTTTGCGGTGGAGGGGCGATAGTCCATATTTACTGATTGCTAGGTAATGCGCCTTCGTACCATAACCTTTGTGGACATCGAATCCATAGCCAGGGTATTTTTTCCCCATGGTTGCCATATATCTATCTCGCAGTACTTTCGCACAAATAGAAGCACACGAAATCACTGGTTCTTTTTCATCACCTTTGATAATGGTTGTTTGATTTGTATATATAAACGGCGCCTTGAGTCCTCCATCGAGTACCATACGTTCTTTAGATTTGATTTTTAGTTTTTTGAGACAGTTGATCAATGCTTTACTAATTGCTTGATTAATACCGATTCGATCTATTTCTTTGGCACTAATCAAAACGACTGCAAAGTCACAATGCTTTTCTTTTTGCCATATCTTAAATCTAGCAAACCATTTTTCCCTCTGTAATGCAGTTAACTTCTTCGAATCCCGAAGCGGTAAGGCTATTTTTCTAATGAGCGATCTGTAATTTGAAATTTTGAATTCAAAAACTCCAACAGCCACAGGACCCGCTATTGGTCCTCGTCCCGCTTCATCAATACCGACAATAGTTTGCATAGTTTGATTGTAGCAAAAGAAAAGCCCGCCATCTTTTAGAGATGACGGGATGTTAAAAATTTCAATGACTCTGGCAGTATCAATACGAGTCACGGACTCGCAAAGCATGATATGTCTTTATTCAAGCCTTCAGGGAACACGGTCCCCTTTTTCGCCTCAAAAGTTCGAGTTGATGGTTTTACTTTCTGATGTGGAATATTGCGGCTAAAACAAATTTGAAGGCAGCGTTATTCGAAATCAAGGAAAGTCCAAAAAGTACGCTATTTTTTATTGGCAGAAGCGAATGAACATGAGCTAAAATAGAGTATACGCAAAATCAATTTTTTGTCAAACAAAAACCCCATCAGCATAGCTGTGGGATTGGGACTGTTAAGTACTTTTATTTATTCAGTTCTACACTCTTCTGTATTGCCAACATACTCTCTTAATGCCTTAAAAAAATCATCCAAGGAACCATTATCTTCTCTCCACAACTTCAATGCTGTGTTTGGTTTTTCTTCTGGCCCTTCAGGAATTCTTACATATTTTCTTTCTGGTGATTTACTACCAGATAAAATCATTACCATAACGAAAACTATGAATATCACTATTGCAAAAAAATTCAGTTGCATAGCAATATCACCATTACTTGCAGATGCATTATTAGCAATCAAGAGGAGCATCAAACTTGCTGCAACTTTTGAAAGTAACCTTAAATAATTGTATGCAGGTACCGGCTCAACTGTCGCCCATTCGTATTGATGGGCAGTTTGCGTAACA
CP064958.1_gap2	58326	60053	1727	GAATGGGTGTATATTTTGAATCTCTGGACGAAAAAATGTTTAACGTTATATTCTATACATTCCACCTTGACTTAAGTTACTGGCCCCGAGATGAAGAGGAGAAAATCGCCCCATCCATAAAAGAAGTAGATCTTAAACAAGCATTGAATCATGCAGTGGAAACTGAAAACTATGAGGAAGCTATTCGACTTAGAGAGGAAATAAGAAAGAAAAAGACACAAAATAAAAACCCTAAAAGCTGATCGCAAGATCAGTTTTTTCTTTTGACAAATACATAGTTTAGGGTAGGATGATACTGTTTTTCGTTCATTTAAAACTATACCCATGATACACATACCTGCTTATGTCATAGCCATAATGCCCAATAAAACCAGAAGGTTATTCATTAATGAAAAAGTCGCAGCACAATGTGGTGCTCGTGTTATTACCGAAAGTCCAAGCAGTACAATCTTTGAAACCAAGGCAGAATTGCGCGAAGCATTGAAACTCGAAGCCCGTAGAAATACTATCGAAGCTTTTATGAAAACCGTGGGTCACTCAAAAGATAGAGGAAGAATTGTGACGGTTCTGTCCTATACACCGGAAGAATTCTCAACATACCTCACAGCAAAAGGTATCAAAGTAGGTACTGCCGGTACATTGAAAAATCTGATGGTAACCAAGGGTTACTTTACGTTCTTTGACTTCCTAGAGCGAATAAGTTCACAGAAGCTCGCCAGCATGATCGGTTACGGAGATACATATATTCATACTATTCGACAAGTTATTGAAGAAGAAAAAATTCCATGGGAATTAATATTCAAAAAAAGGAAACCGAGGAAAATGAGTAACGAAAAAATTAAAGCTCTACTTAAAAAGCCGATAGCTGATCTTATCGAACTGGGGCTTGATCATAGAATATGCCTACGCATGCAACGTACTACTGGCGCGAAAAATCTGAGGGAGTTTATTACTAGCAAACAAGACTACGAAAACAAGGGCGAAGAAATCCATAGTTTTGGCAAAAAAGCTTTGTTAGAATTGGAAAATTTTTTGGAAGACAGAGGTATACCACGAGATATTGACCTCAATAAATACTTTTCTGAATAAGTTTATTTTTACTTTACACCAGCGAACCTGGTGTATTTTTATTTTTATTTTTTAGTACCATATCGTTTCTCATACAATTTGCTCCTATAATCTATATATACGGCCGTATATATAGATTATAGGAGCAAAAAGTGAAGAATTAGAGGATTAGGGGTTAAAGTGGTCGATGGTATCATTGACTTTTCTATTAATTTATGCTATGCTGTTTGCATTCATTGTTCATTGATAAAAAAGTATACACATGCAAAAGATAACCTTAAAGTCATTTAGAGATTCCAATCTCGGGTTAATCATCTGGGTTTTGGGATTAGTGTTTGGAGAAATATTAAAATTTATATTCTCCCCTTTTGTGTTTATGTTTTCACCCTCTAGGAAACTTGCATACAAGCTTGCCTGCTCAAAAAAATTCGTATACTGGCGTAAAATCACCAGAGATGGCAGTGTTATCACTGTAAGTGCCCATCATGGGCATGCTGAAAAACCTGAATTCGTGCAAATATATGAATTTGATACATCAAATAATACATACGAGGAATACAGAAATACCGACAACGGTAAACAGAACCACATAAAAGGAACGCTGAAAGTAGGAATAAAAAAGTTCACCTAAAAACAAACCCAGATGCAAAACATTACCG
CP064958.1_gap3	205384	209906	4522	ACAACTTGCTTGGCATACTTTTTATATTCAGGTGTCATGGCTTCTTTGAGTGCAACTGCAACACCTGCAATATTATTCTCATGCGGACCACCCTGAAGACCTGGGATAATAACCTTATCGATTTTCTTATCAAATTCTCGCGCATCGCGCTTTACGAATATCATCGCCGAGCGCGGTCCACGAAGCGTCTTGTGTGTCGTCGTTGTGACAATATCTGCATATGGAAATGGTGATGGATATACCCGACCTGCTACGAGTCCTGCAAAGTGGGACATGTCGACCATAAGAAGTGCATCTGAAGCATCAGCAATCTCACGGAATTTCTTGAAATCAACGATTCGCGGATATGCAGTAAAACCCGCAACGATAATATTTGGCTTTTCTGCGATAGCGATTTTCTTCAGTTCTCCGTAATTCAATAATTCAGTTTTCGGATCTACTTCATACGGCACCTGCTTCCAGAATTTACCTGTCATTGAGACACTCTGTCCGTGGGTCAAATGTCCACCGGAGGAGAGCTTCATACCCATGATCTTGCCACCTGGTGGTACAAGTGCAGCATAGACAGCAAAGTTTGCTGGTGATCCAGAAAGCGGTTGTACATTCACATGCCATTTTTCTGGTGTAAGTCCAAAAAGTTTGAGTGCTCGTTCGATCGTCAAACTTTCAACTTGGTCAATAATACTATTGCCGCCATAGTAGCGTCGTCCTGGATACCCTTCAGCATACTTATTGGTAAGCTCTGAACCCAATGCTTCGAGCACATCTTTGGAGACATAGTTTTCTGAGGCAATCAAATTAATCACGCTTTTTTGGCGCTTTTTCTCCGCATCGATTAATTTTTTGATTTGAATGTCTTTCATTTATTTTCCAGTGCTCCCAAACCTGCCTTCACCTCGAACAGATTCAGAGAGTGCATCAGCTTCTTCCAATGTTGCAATCGTAACAGGGAAAAGTATAAGCTGAGCTATTTTATCTCCTATCTCTACGGTATATGCTTCCTTGCCTACATTCATAAGCTGGACGTTGTATTCGCCTCGATATCCAGCATCATACACTCCACCCATGGTGTGGAGACCTTTCTTGGCCATACCGCTTTTATCTTTAACGATGGCAGCATACCCTTCTGGAAACTCTAATGCAAATCCAACAAAAAATATGTGCTGATCGCCTGGTAATAAAGTCATTGATTCCCGAGAATACATATCAAGACCAACATCTCCAGGATGACTATAGCTTGGTAACTTAGTATCCGAATATAGTTTTTTTATTTTTAATAACATAGCTTAATCTTAACAAAAAAGTTGAAATAGTAAGATTTGACAAGTTATTTTTTAAAGTGTAAGGTGAAGACAAATTTAAAAACATGAATAACGAAACAAGTGACAATTCTTTTGTTGTAAATCTTGAAGCAAACGCACTTCACCGAAAAAATGCAATCGAGTTTGCAATAAAACACATTTCAACTGATAAACGGATTATAGTTGTTGATGGTCTTGATCCTCAAGACAATGCAATGATTCAGGCAGTTTTATCTCGTGACCCAAAAAGTGTTCTCCCTCATCTAGAGAAACTCAAAAAGGAAGGTTCTGGAAAAATTATGGGACTCTTTTATGTAGGTTATGGCCATGGATCAATAGGTCAATGCGGACATACAACAATCTTCTTTGAAAATGTCTCAATGCTGGTTGCGAAAGCTGTGCAAGATTCAATAATGTATATTGGGCAAGAATCAAGTACTCGTTATCTAAATATGTCATTGCAGGCAACAAAAAATCCCGCCGGAACAATCTTCGGAGAAAATCTGCAAAAAGAAAGCATGGATTTCTATGAACAAATTCTTGCTGATCTTATTCCAGAGCTTACTGCACGTTTCCCAATGCCTGAACATAACGAAACTGATGTAGACAAAATACAGAGAAAAGTAACAGACTACAAAAAGAGTATCAAAGCAAAAGCATTTGATATTGCGCGAGGTTTCTTGCCAGCTGGAGTAACTACATATGTTAGTTGGCATACTAGCCTTCAAAATGCTAAGAAGCAATTGGATTACTTAACGCAACATCCTGTGGCTGAAGTATCTGTACTTGCAACACAAGCTATGCAAGCAATGAAAGAAGTGTACCCAGAAAGTTTTGGACACAAAGAACATCCAGAACAAACTGTCTATCTTGCTCATCTTGCTGGGAAATATGCTTATTGGGATTTAAAATATGATTCATTTTCTATTTTAAAGAATACGCTGAGCCCACATGAATTATGTCAATATGAAGAATTAATGACGAAACGACCTGAGTACGCCGAATTACCTTCTTTCTTAAATGAATGCGGACAAATTCGTGCAACATTCCCACTTGATTTTGGATCATTCCGGGATATGCAGCGGCATAGACCATGGGTAAATAAAATGCCTTTGCTGCATACTGATTTCGGATTTTTTGAATGGTATTTGGAACAGCTACCACAAGTACTTCGTAATAGAGCCGAAAAACATTTGGAGAAATTCGAAGCAAATCTCCAGGAAATAAAACTATCCCGAGAAGAGCTACAGAATTACATACTTATGGGTTATACGGTGCAAACACAAACAACTGGCGGATTGCCACAATATGTGTATGTTTGCGAATTACGTACAAAGCAAACAGTACATCCAACTTTCAGAAAACCTGAACAACAAATGGCCACATACCTACAAGAGTGGTTTAAGGAAAACGTTGGATTTGATCTCCCATTATATGTAAACATGGATACGGATGAATTCAGTACGAAACGCGGAACACAGGATATTGTGAAGAAAGAAGTTATATAGAAAACACCCGGGATCAACTGATCCCGGGATTTTTATTTTTCTGTCTCTATTTGTTTTCTTCAATTAAAATAAGTGCGAAAAGTGCATAATTAGCTATATCCATATAATTTTGGTCGATCCCTTCTGAGCTACCCGACCCATTAGATTCCATTTGTCGAATACGGATAATCTTTACCAAAATTTCGTCTGTTATACTCGGTATTCTCATCTGTCGCCACGCTTCACCATAATCATGATTTTTCTTTTGCATTAATTCGAGGATTGCTTGGCGATATTTTTTAAATGAAGCTAGTATCTTTTCCTTACTAACTGACTCAGGAATGATTGTGTTACCAATTTCAAGCTGCATTAAACTACAGATAGCATAATTAAGAATACCTTGAAATTCATCTTTGATCGAATTCCCTTTTCCTTCAACCAATTGCTCTTTCTGTATTTGCAATGACCGGATTCGATTGGCTTTAATAAACAATTTATCAGTTAAAGATGAAGGCCGGTACCAAAGAAATGATGCATTATAGTCACCTAATTTTGATTCAAAAATACTTTGAGCAAGGTCAAATTGTTCCTTGTACTGAGCATCCGTATTAGTTTTCATAAAAACAGTTTCACTAACATTATCTTGTTCAATGCAAAAAGTCAAAACCCGACCTTTTGGTCGGGTTTTACTCTAAAAAAGTTTAGAGTATGAATTGTTTTGCGAGTCTGGCACCAATCTGCTTTGCATATGTTCCGCTTGTTTGAGCATATAATTGGCTTGGAATATCCGCCATTTGCTCAAATTGCAATGATACAATTGGTTGTCCGTGATATAAACAGGTTTTCTCATAGACTCTAACTTCCAAAGTCATAGTATTACCCAATGTTTGATCATCAAAGCAATATCCAAATCCAGGATCAAAAAAACCAGCATAATGAGTTCTAAACTCCCCAAATCGTTCATCGATTGCTTTTACTTCTGCGGCAAATCCAGGCGGAATCGAAATACGCTCAGGTGTGGAAAGGATGTAGAATTTATCTGGGTCAAGTTCAATATATTTTGCTTTTTTAATTGGCTCAAAATATTTTTCCCATGACAAACAACTTATACCTCCCAAAGGAACTTCTGTTTTTGCTTTCTTTGCTTCATACCCAATAATATCTGTTTCATCATGACCCAAGCAATCAACCGAGAAAAGAATGTACCCATGATCTCCACCGCCTGTAAGAAAACCTCCATCAAGCACTGGTTCATCGTACTGATTTTTCAGCATGTGAAATTTAAACTGCAGTGACATAATCTCAAGCTCTGAGAGTCGAGTATCACTTGTCATTATACGCAACTGACTAGCTGAATCCTTGCCTGGTACATATGATATTGGAAATACTTGGGGTCGTAATAAATTCCAATGCTGACCAGACCACCCATGTGGAATTGAATCATATTGAGCAACACTATCTGCAAGTAATCTGGCATGAAGAAATGTTCTGCCGGTTGTAGACTTAGGATTTGCATATCCGTAAATCTGACTTGGAAAATTAAACATTTCTTCATGTAACACTAGATACTTTTCCCCTGGAATAAGCGTGCCACCTTTATGACGTACACCACCCATTTCATTTTTTATAAGCTTGTACACACTTTCTCCTGGCTTAGGAAATATTACTCTTTTGATTTTATAGCACTCTTCACTTAATACCAGATCAAGAGATGCTGGCCCAGGTGTTACTTTT
CP064958.1_gap4	215870	219125	3255	TCACCTTCCATTTTTGTTACCCGTGATTGCATAAGCTTTTCTATCTCAGCCCTATTTCTAGGAACAGGCATGGTCTTGGCCTGACTATTAGATAGGGGCAACAGTTTTGTTTTTGGTACCACTGTGTCGGTATTAGTTCCAGTATTTGTATCCATCTCAGTATTCGTCGTACTGACACTTTGAGTTTCAAGCTTTGGTGGCATCATATTGTTACCCGGTAATCCAATCGCATGAGCACCATGGGCGGAAACCATAAAAACCATAACAAAAATAGCTATATATGTTTTCATTTTTATGAAATTAAATTATAAGAGGCACTATAAGATGTGGCTTACAGATACCAGTGTAAGTATAGCAAACAAAGCAAATTAGCTATCCACATCTTTAGAGTTTCGAGAAGGACTAGCGGCAAGGCCTTGCCAGACTTGTTCCCATTCTGCAAGTTCTTCACAATGTACTTTCCTATAGAGAGAGAACGCAAGGGGTGTTTCTATTTCAATACTTTTATTTTCTTTTGTTTTCATGCCAAAAAATAAGAGTGGATCAACAGCAACTATCACATCTTTCTTACGGAACTCCATCTGGATGTGCACATGAGAAATAGTGCCATGTATATTGCCTGTCTTTCCTACGCGCCCAAGCGCGCGAGTAGCTTCAATAGGCAAAAGCGGATACGTATGGAAACTTATTTCACGCAGAAACTTCTGACGACGATTAAACTTAACCGTAAATTTTGATAAATGCATATACAGACTATACAGAACAAAACCGTCTTCTGTTTTTATTTCTGGGTGTGATAACAATACATATTTGCCATTTGTTTCGTTAAATCCAGAATATTCAAAAATACCAGATGCTATTGGATAGACCAAGGTTCCAGTGCGGTTGGGAATATCAATGCCAATATGGAAATAATTCGACTTGTGTTTGATTGGATGATAGCGAAAACCAAAATAGCCGAAATGCTTATCAATCTCTCGACTGCCGCGTTTTATAGGAAATTGCAATCCATCTAGTCGTTTGACTATTTTGTATAATTTCTCCCAGAATTTTTTATCTTTGTCTGGAATATAGTGCTCAATTTTTGAAGCATAAACACCAGGGCGTTTTTGTATGTGCTTTCCAATTGGTGGCAACAAAATCACGATACTTAAAGTATACTCCAGGTTTTTTGGGTTACCAACCTGCTTTCAATAAGCTACTATCTTAACTATTTTTCTCGATAGCAACAACTTCCCCATCGCGGAGCGTAATAATCCGATTAGCCAAATGGGCATACTCATCTTCGTGGGTAACCATAATAATGGTCTGCCCTTCTTTGTGTAAATCTATAAAAGCATCAAGCACGGCTCGAGACGTTTCGCTGTCTAAGTTTGCAGTCGGCTCATCAGCAAAAATAATTTTTGGATTATGCGCAATCGCTCGCGCAATAGCGACTCGCTGCTGCTGACCTCCCGATAATTGTGACGGTAAACTGTGCAAGCGATTACCAAGACCAACTCGTTCAAGCGCCTGCTCGGAAGCAAGCATCGCTTCGGATGTTGCAGCACCTTGCATCAAAAGTGGTAAACTCACATTCTCAAGTGCAGTGAGCGAAGGTAATATTGCATAGTCTTGAAAGACATAGCCCAAATGTGCAAGACGAAATTCTGTTCGCTCATGACTTGAAAGATCATTAGTGGCAATACTGTCAATAAAAATTGTGCCACTTGTTGGATGATCTAATAGTCCTAACTGATACAAGAGTGTACTTTTCCCTGATCCAGATCGGCCGGTAATAGCAATAAATTCTCCAGTCTCGACCCGAATATCAATATTTCGAAGCGCAGTAACAGGACCTGCACCACTTTGAAATGTTTTAGTTAATTGTTTTGTTTCGATCATATAATTATCTGCCAAGTATGGCATCAAGTGTATTTTGTTTAATGACAATTCTCGCAGGGATGTAGCCGGCAATAATAGTTGCTACAAAAAGTATAATAGCTCGCACCAGTGTCCCGGATATTGTGGCTACTAAAATACCATCTGAAAATGGAAAATCAATCGGATGTGCTGCAATAAGAGGCTTAAGAAGAAGAAAGACAATGAGCACACCAAATCCGACACCTGCCATTGAATAGAAAAGTGACTGCATAACATACGAGAATTGTATTGCTTGCCCAGAAATACCAATACCTTTCAGTATGCCAATAAATCGTCTGCGGGTAATGGCATTGACGAAAATAACAATGAATATTGTAATCGATGCTACCGCAAGACCGATCGATCCAATAATATTTCCAATGAGTGCAAATGTGAGTTTTATATCTTTAAGAAATTTAGGCTGAGCTTCCTGCCAGGTTTGAATGCGGGCATTTTCTGCGACACCCGAAGCAACAAGCGCTGCCTTAAACTCATCGGCCATCTTTGGGTCTGCAAGCTTGATCACAATTTCATCAAGATTCAGATCGCTTCGTCCGATTAATTTCCTGATTTCTGTATCAAGCATAAAAATTCTCGAGTCAACCTCACCGACTTTGCCTTTGATAATACCCTTTACTATTACTTCACGAGAATTACCAGCAATATTGAGTCGCACCTTGGATCCGACTTCTACATTTTTGAGTGTTTGAAATCCAGGGGAATCAATCGGCGTATATTTAAAAAGTAAATCACCTCCTATTAAAATACTGTCAGTATCACCTGGCTCTAAGTATTCCCCCTCTACAACGAGCGAACCAAGCCCAGTAACTTTATCTTCGTTAACTGGATCAATACCGGCCACTAACCCACCAGCACTACTAATGATTTGATTTGGTTTGAGCGTCTCTTTGTAATTTGATTCAATTTTACCACCCTGCGTATAACGTCCAGTATAAGCCACAAAGCCGGGTATAGTTTTTATAATATTAATTATTTCAGAACTTTGATCGATATATGAGCGATCAGAAAAAGGTGAAATGATAATATCACTCGTATAGTGGATTTTATTTGCCTCTTCAGAACCTTGAATGAGTCCAACGAGAATACCCGAGACAACAATGAGATTCAGAAACGTAAGTGTCATCACAAAAATAATAAGTCCTGTCGTCCATTTGTTGGCATGGATAATGTCACGATAAGCCAAAAAAGCCCCAACCTTTAGGGATATTCTGGTTTTCGCTAATTTACTCATACTCGATTTCTGCATACAACGTACTATAGCAGAAAAAGCATGTATTCATACTAGAGAGATACTACTTACTGTTCTACACACCGTGATTGCACGAGCCACTC
CP064958.1_gap5	405362	408114	2752	CGCGTCAGGGCATATGAGAATAAAATTCTCGATGCTTCAGTGAAGCAGATTATTGATACAGCTCGAAGGTACGATGCAGTTGTTGTAGGTCCAATCCCACTTCCGACAGAGATCAAAAAGTACACAGTCAACCGCGCATCGTTTGTCTACAAGAATACTCGAGAACAATTTGAGATGCGAGTTCACAAGCGAGTGATTGACATACTTAATCCTAATCAGAAAACGATCGAAGCACTGACAAACTTGAGTTTGCCGTCAGGGGTTGATATTGATGTCAAGATGATGTAAGGTATATCTCTAACCGAGCATGTCGGTTCGCCCGACCTCTACTATATGAAATTTATTCTAGCTACAAAGGAATACATGACAACCTATTTTGCACCGGATGGCAGAGCTATTCCGGTTACGGTTGTTCACGCAGGTCCTATTACGGTAACCCAAGTTAAAACTCAAGAACTCGATGGCTATGACGCTATCCAGTATGGTTCAGGCACTCAGAAAGAATCACGCATGACGAAAGCAGAAATTGGCCACCTCAAAGAATTACAGAAGACCAACATTCTCCGTGAAGTTCGGCTCGATATGCCAGCTGATGTCAAACGTGGCGATACTGCTGATGTTTCATTGTTTACGCCAGGAGATGTCGTCAGTGTTTCAGGTATTTCAAAAGGTAAAGGATTTCAAGGTGTCGTCAAGCGATATAACTTTGCTGGTGGACGTAGAAGTCATGGTCAAAAGCATTCTGAACGTGAAGGTGGATCAATCGGTGGAGGTTTGCGCTCGCGCGTACCGAAAGGCATGCGAATGCCAGGCCGTATGGGAACTGATATGATTACGGTCACTAACCTCGAAATTATCGCTGTTGAATCTGAAACTGGCACAATGCTTATCAAAGGTGCGCTTCCTGGAAGACGAGGTACGCTATTAGAAATCAAGGCAAAATAATACTTGTCCCGTTAGAAAGAAACCAAAAACAATATGACAACAAATCTGAAACAACCAAATACTAGTACAACCAAGCGAAATGAAACGCAGGTTGTTTCTGATGGTATGGAAGTAATAAAGAAACAAAAGAATACCAAAGCAAAGACTGGCAAACCAGTACTTAAGTCTTTGGAAGTGCCTTTGTATACGCAAGCTGGCAAATCTGACAGCATGCTTCCACTTCCACCTGAATACTTTGGTTTGCCTTGGAAAGCTGATTTGGTGCACTATGTAGCAAATGCAATGCTTCTCAATAAACGTGCAGGTACTGCCGATACAAAAAGTCGCGGTGAAGTTCGCGGTGGTGGCAAGAAGCCTTGGCGTCAAAAAGGTACTGGACGAGCTCGACATGGATCAAGTCGTTCACCAATCTGGAAAGGTGGAGGTGTGACCCACGGACCGCTCGCTGAGAAAAACTACAAACAGAAAATAAATAAGAAAATGAAAGTGAAAGCTCTCTTTACTGCACTGTCAGCTAAGGCTAAAGCAGGAGATATTCTTTTCATTGACGCACTAAAACTCGACAACACGAAAACTAAAGATGCAGTGAAGATTATCGGTGCAGTAGGTACTATCAAAGGATTTGAGCGAGCAGCAAAAAATACAAAACGCCAAATTGCGCTTATCCTACCTGATTTGACTTCTCTAATGGATCGCTCATTTAGAAATCTTTCCTCTGTTGAGCTTGTTGCGACCAAAGAGCTCAATGTCGTCAATATTCTCGAATACAAAACAATTATTTTTGTTGATCCGAAAGCAACCTTTGCATTATTCGCGAAGAAATTTGCATAAATTTTATGGCTACTACAACGACTAAAAATCTATACGCACATGTCCTCACACGTCCTCGTATAACTGAGAAGGCAGCACAAGTAAGCACAAAGAATGTGTACACATTTGATATTGCAAAGACGACAACGAAGAACGAAATTATGAAAGCTATAAAGGCTCTCTATAAAGTTACTCCAGTTGCTATCCGTGTAGTGACTATTCCACGAAGAAATGTTATACGACGTGGCAAGGCTGGTGTACAAAGCGGTGGTAAGAAAGCCTATGTATCACTTAAAAAGGGCGACAAAATAGAATTAATTTAATCGTACTGACATGAAGCACTATAAACCTACAACTCCATCACGACGTCACATGACCAATGTATCCTACAGAGGTGTTTTGACAGGCGTTAAGCCCCACAAGGCTCTGACGAGTGGCTTCAAGCGACATTCTGGTCACAACAACCAAGGCCGTATTACCACGAGACACAAAGGTGGTGGCCACAAACGACTCTATCGTGATGTTGATTTTCTATATAACAAAATTGATATTCCAGCCAAGATCACGAGTATTGAATATGATCCAAACCGAAGTGGTTTTATCGCTCTTGCTGTATATCGAGATGGTGAAAAGCGATATGTCTTGGCATCAAAAGCTATGACAGCAGGAACGAGTTTCATCGTTTCAGAAAAAGCACCACTAACTCCTGGTAATCGTTTGCCACTACGACTGATTCCAGTTGGAACTTTTGTATATAACATTGAAGTCAAACCAAAAGGCGGCGCTAAGATTGCTCGCTCTGCAGGTATTTTTGCGCAAGTCATCGCTAATACTGATGGTAAGACTCATATCAAAATGCCTTCGACTGAAGTACGCACAGTATCAGAGAATTGCTGGGCAACAATCGGTGAAGTATCAAATGAAGAATATAAATTGCAGAATTTCGGTAAAGCTGGCCGTTCTCGATGGAAGGGTATTCGTCCAACAGTTCGAGGTT
CP064958.1_gap6	435819	437305	1486	TGCAGAGAAACTTATTGAAGTCGAGACTCTCGAACAAGGAGCGTACGAAGATATCATCAAAATGCATGGCATCATGCCGAAAAAGAAAGAAGGACAAAAATCAGATCTTGTTGTAGCAGAATAAATTACAATAAAAGTCAAAACCCTCACTATAGTGAGGGTTTTGACTTTTATTGTAAGCAGGCGTATGGTAAAAGAAAAATGTTCATGGCACGTATCATACCATTTCGACATCAGCAAAAAAGAACTGCAGGTTTTGTTTGTAGGCTTATTTTTTTGAGCTTGCTCATAACTTCCGGTGTACTGTTTTGGGCAATAGCAGCGTTCGCCCTCTCTCTTAAGTTATTTATTTTCATGCTTGGATTACTGGCAGATCATTCTGTATTTACCTTACAGTTATTGCTATACCGTATCGGGGTCATTACTATTGGTGGTAGTTTAGTTCTTAGTTTTGTTATAGTTTTGGGTGTATATCGTAACAATATAAAAGACTACTCTGACTTTCTAAAGGGAGCAAAGGATGCAGCACTTTTTGCCAATATTGTTGTCCTACCATTCTATGTGGCTTGGCAGGCATGTCTCTTCATAAAGAAAATGTTTGAAAGTTTTTTGTAGTTTTAAAATAAAATGGACTCGTTAGAGTCCATTTTTTATTTCGCTTTATCTTGACCAATGGTTTGCAATTCACCGGCGACAATGTCGAGAAATGAATGATAGGCATCGAGTGCTTCATCGGCGAGCATCATGAGAGGCTCGTTACTTATCGTCTCCGCTGCGCCTTTGATAACTGCAAAATGCACCATACACGCTCCAAAGTAGAATCCATGCCATTCCAGTATCTCACTTGCTTCTTGCCATCCGTGTTCTAAGTATTCGTCTCGCATATCTCGCAACTCTTTGAGAGTTTCGTCACGCTTTTCATTGGTAGTTTCTTTTACACCACTTTCATTTACTATATTGGCAATGTTCTCTTCATATATGCTGCATTTCTCTGCCATGTCAGCAAAAACACCTTCACCTAAGACTGGTTCAAGTACTGCCTGCGTCTTTGAAAATGTTTCTTTGCCGATATTCATAAAGGCAATCACTTCACCTAACTTTTTTGCTGTAAATTCATTCATAGGTTTTTTAATTAAAGTAAATAAAATCTGATATAGCATTATATCATGGCTAATTAGATTCTTTTTTAAATGTATGCTTTTTATTGACAATGCAACAATTTTATATTAAGGTTTTGTTAAATTAAACTATTTTAAAATTCAAAACCTCTTCGCATGTTAGAAATTCAGATTTCACGGAGATGTGATTACTCTGTGCAAAACTTAAATAGTCGTTTATTTAAAGTACTAGAAGCATTAAACGTATATTTCACAACAAAAGAAAAAGACATTATTGATAAAGTATTTGCCAGTATTGATTTTGCTGATCAGATTATTGACGATAATTATATCGTTATTGATAACCCACAAAGACAAATTCTTGGTTT
CP064958.1_gap7	442825	446459	3634	GTTCCTTCTCTATCTCACTATACGCTTCATCACGCTTTGCTGAGGCAATGATTTTAGTAATGATAGGCAATCTCCCGTACGGCATTTGATCGAGAAGCGTCAGATCAAGATCGCCATAAATCGTAAGCGCTAGTGTTCGGGGGATAGGTGTCGCAGTCATCGAAAGCAAATGTGGTACCACAGTACCGAGCTTGTTATCTTTATGGACGAGCGAGCTGCGCTGCATCGTGCCGAAACGATGTTGCTCATCGATAATGACGAGTGCGAGATGCTTGAAGATGACACTTTTCTGAATAAGCGCATGAGTACCGATAAGTATTGGTATTTCCCCGTTGGCAACCCATTTCAAAAGTTGCGCACGCGAAATAGTCGTCCAGGTCGTTGTTGCAGATGCGACCTTGCTCGGGAATTTTCGACAGCCTGAGCCAGTCATGAGTCCGATCTGTATGCCAGTGTGCCTAAAGTAGGTAATAAAATTCTCAAAGAGCTGGGTGGCAAGTATTTCCGTTGGTGCCATATAGGCTACTTGGAGATTACCAAATGTCTGCAGTGCTGGGCGATTGGTGACGATACCATAGGCTGCTGTTGCGGCAATAGCAGTTTTGCCGGAGCCAACATCACCCTCTAGTAGTCGTGCCATAGGATGACCTTTGATAAGATCTGCAGTGATGCCTTTGATGGCACGCTCTTGCCCTTGGGTTAATGCAAAAGGGAATCGCTTGGTAAAGTCTGTGGTCGTCGCCTCTGGAATACTAATCGTGTATGAGCGTTCATTTTTGAATTTCTTGCGTTCTCCTTGCTTGATGAGCTGTATGAAAAATACTTCTTCAAATGCAAAGCGTTTGCGCGCAGCGAGCGCATGATTTTCGTTTTGGGGCGCATGGATCCAGATGAGAGCAGTCTGGAGCTTAGGCAAGCTATACTTTTTTAAAATAAATTCTGGAATAGGATCAATAATCGACTCGAGTAAATCACTTTTTAATATTTTTTGTATAGCATGGTACATAAACTTGGACGTTACGCCGCGGCTCTCAGGGTAAATAGGATAGGAAATACTTGCATGTGGTGTAGCGTCATTTGCAAAAAGTGTATGGTGTATGTCGATCGCAAGAGTAGGAGTTTTTTCGATTTCTGGATTGGTAAGTGTCAGACCATGTTTGGTTTCGGTGACACGACCGGTAACTTTGACACTATCGCCAACCCGAAACATTTTTGCTAAGTAGGCTTGATGGAACCAAACGATAGAAATAGTACCTGTCTGATCTTCGAGGGTGACTTCGGCCATGGGTACTTTTGTTCTGAAGGATTTTTTGGTATTTGCTTTGGTAATCGTACCGAGAATGGTTGCCTGTTCACCGACTGAGAGTTCATTAATAAAATGAAGTTCTGCAATACTCGAGTAGCGAGCAGGGAAATGATAGAGCATGTCCTCGAGAGTAACGATCCTTAAGCGTTTGAGGGCTGATTGAGCCTTGCTGTCAATTCGAAAATGGGTAGTAAGTAGATCACTTTTTTGCATGCAGGTCTATTGTAGCTTATTCTGTAAGGTTTTTGTTCTATTGACAAGATAGCTAAATTTATGCTATAATATACTCAAACCAAAACTGTTAAATAATGAAAAATTCCATAATCCTCCTAATTACCCTTGTTTCTTTTGTTACAATTTTTTCTTCTTGCGAAGACCATCGGTCTGGTAATCGTGTTCCAAGAAATAAACCATTTGATATTACCGGTGGACCATCAACTGTTGATACATTAAGCAATGAACCAATTCCTGTACCAATACCCGTATCGGTGAGTTACACTTTCACGCCCGATAGTGTTCGTGTAACTGAGCCCGAAGAAGGAGATTTTCTTTCTGGTGAGGGTCAAATTCCCGCTACCATGTATCGTACATATGTCTATTTCTTTGATTCCAATAACCATAAATTTGGTATTTGTTTGAATGAATCAGTATATAATGAGCCAAAAAATTATGCTGATTTAGGTGAGACAACACCTAAAGGTAAAGAAATAAAAGCAAGGAAAATGCTTTTACTGGATAAGGCCAAAGATTGTTTTGAACAAATAACAAAGGCAGAACTAAAGGATCTCATTGTGACTATTGAAAATGGTGAAATCGTTCAAGTTGAACAAAGAGTGTATCCAGTAGAAAGAAAAATCGGGAATGCAATCGTTCAACAAGATGCCACATCCAAGTTGTGGCCATATAACGCGTATTGAGTATAGTTAAAGTACATAACAAAAACCCCAAGCATTTACATGCAAGGGGTTTTCTTTTTTCAATCAAACTACTTATCTCCTGCAACTACGATGATGGTACCACCGAGTGAAGAATGCAAATGATCATGGAAGGGGAATGTGCCAGTTTCAGTGAAAGTATAACTATAGCTTTCACCCGATGCATAGCCTTTCTTGGCGTCAAATGCTGAATAGTCAGTGTGGGCAGGATGAGGATTTGATGCAACCCACATATTTTGAGTACCCTTGTTTTCAAAGGTTACCGTGTCGCCCTTATTGATGGTTACAGTTGCTGGACTAAAGCCTGTGTTGGTATAGCTGACGGCAACTGTTTGCGGCTCTGGAGTAGCAAGGAAGTCTTGGCTGTTGGTATCAGGAACGTAGGTATTAGTTTCTGTGGTAAATGTTGGTGTCGTCGATTCAGGTGTCTTCTTTTTATTAAAAAGTAAAAATCCTCCGACAGCGACAAGCACGATAAGCCCAATAATTGCTGATGTTTTGCTCATATATAAAATTTTAGATTAATAAAATTACTTGAGAATGCTCTTGATCTTTTCAGCCAATTCATCAAGTGTAAAGTTTGATTTGATCATGAAGTCTGTAGCACCGAGTTCTTTGGCATGGGTGATGTTTTTCTCTTCACTCAAATTTGAGAAGACAATGACTGGTGTCGCAGCAAGGGCTGCATTTTTCCTTATTTTATCGAGTGTCGTAAAGCCATCCATACCAGGGAGCACCAAATCGAGCAAAATCAGATCAGGCTTGTCGCTATCGGCGAGTTTGATTGCATCTTCGCCGTTACCAGCAGTCGCTATTTCAAAACCTTCTTTGGCAAGTTTGCCAGCAGAAAGGCCTTGGAGGAAAGAATCATCTTCAACAATCAAAATTTTCTTGTGCATTCAGTAGTGGTGAGAAAAGGATATCCTCTTCTACATAAATTAATTTAATAACGAATATGTTTCCGGATGTATAGTCTCAGTTTCTCTCGGATATGTATCGAGTATACACCTAGTGGGACGCCTTGTGCAAGGGAAGCGTTATCGTAAATGTTGTCCCTTCGCTATCTTTGCTCTCAAAGGTAATAGTTCCGCCATGTTCAGCGATGATATTTTTGACGGTATAGAGTCCGAGTCCTGAACCGATCTCTTCTTTTTCTTTTGCATTCGTTGCGCGGAAGAATTTCTCAAATATATGCTCTTGCTGGCTTTGGGGAATACCAATACCGGTGTCTTTAACCGTGAGGCTCACTGAGTCAGGATAGACATGGATGCCGATGAAGACCTTGTCGCCTTTGCGACTGTACTTGATAGCATTTTCGATGAGGTTTTGGATGACGACGCGGACTTTCTCCTTGTCGAAAGGCAAAAGTGGGATTGTTTCTTCTGGTCGTAGA
CP064958.1_gap8	542955	545001	2046	AGCATGATGGAATTAATGGAGAATAAGCCGGGAATCACCGTCACAGAAATATACGCCAAGTTGCACTTGGAACAGTCTGTGGCATCACAACATCTTGCTATCCTGCGACAGGCGGGAATTGTAAAGATCGAACGAGACAAGAAAATGATTCGCTATTCTTTAAACAAGGAGCGAATCAAAGAAATCGATTTGCTGCTTCAAAAAATTGTTGCAGGGCATAAGTCGATAACCAAAGCCTGAGTCAAAAAAGCATCCCAAAATACCGGGGTGCTTCTTCTTTTGTCAGACCTTCACCACATTCACAATGTTCACGTGCTCCGAATGTGAATGTTCGGAGAGTAATAATTGAAACTACTAGTTAAACAATAACAGTAAATTACCTTTATTTCTCAGCTAACTGCTTTAATGTTTCTAGGGCTTTTGGCCACATACCGTTAAACATATCCTTGTACTCATCTTTCACGTTAATGTCTATAATCAATTCAGTTCCACCATCTTTTTCCTTGAACGTGTAGTTTTCAAAATACAACTCATCAGGTCCATAGCTATTTTCCTTGCCCTGCATGATTTCACCCGAGTATTTGATAGAAATAAATTCACCTGGTCTGGATTCTTGTATTTTTCCGATCATCCCTGAAATAGTGCCATTTTTTTCCTTGCCTAAAAACTTAATATCACTTCCTTCATCCCAACCACCTTCAACATATGATTGTGCTGTGGGGTCAGGATTAAAAACTGATGTCCATTGCTTGTATGTTTCTTCGCCTAGCATTGTGTCCCAAACTTTTTGCTGAGGAGCATTGATATCAATTGTATAGTGTAAATGTTCCATATGTGTATTATTGATTATTCTAATAAAGTTATTATAACAAAACACCTGCTTTTAACAGATGTGTCTTGTTGGCTCCGAACCTGCTCGCCCGACCTCTGGTGGGGAGGATAATCAGAAGAGTTTGGCAAGGAAGTAAAAAAACCTGCTGGTGCAGGTTTTAAGCTAATCTTTAGCTAATGGTTAGTGATAGAGTACTACTTGTGGATCTGCTTTCTCAATTGCGCTGAAGATTATTGGAAGATGAGCTTTGTTCCAAAGTTTCTCTTCCAAAGAGAGTGCAATAGGGCCACTGTTCTGTATTTTGTTTAAGCAGCTCTGAAGTGTACTGATATCTTCTATTTCATTCTCTGCATGCAATTTGTAACAGACAATGCCATGGTAAGTATGGTCACTCTTCTTTATTTCAATGATCTCACCAAGTTTTCTCTGTCTAAAATAATTAAACTCTGGAACTATTTTAGTTTTAACAAGTAATCCTGCAAAACTACTCACTCCTTTTTTTGCGTAAAATTGGCTGCTTAAATCGTTGTATCCTGAGGGTGGGTACATATAGATACCATCTGTATTCAGGAGCACTGCAATGTCATGGCACCTAGTTGTGAGAATTGATTCGAGGGATACGTGTTTGAGTAGCATAGCTTTATTTATTGATTAGGAATGTGAAAAAACTATCTGGATATATACTACAATATCATTTTATTTAGTCAACTCATGCTCCAAGCTTGGGAGGATATTCGGAAGGGGATGGTAAAAATAAAAAGCCAACTAAATGAGTTGGCTTCTCTAATCATTTCCTTCTCAACAAAAAAGAAATTCCTTACACTTGTCTCTAACGGCTCTACAATGACTCATTTGTTTTAAGGTAGTGATAATTTCTAAATTTGGCTTATCTTTTTTGAGCAAAATGTTGACTGCGAAAAGAGCTTCTTCATCTGAATATTCATTATTTTTAGCCTTAGCTATCTTATATAGTTCATCATCGGACATTTTTTTGATTTGCCTTTTCTTCTGTTCATTTTGTACTTCAGTGGCAAGATTTTTTAGCTCTTCATCAGTCATGGTTTTTGTTTCTTTCATTTTATTACGTATTGAATTGGTTCCCACAAAAGCCAGAAGCTTCTCTGGAAACCAATCAAATACCATGTGAAAGGGCAGTGCTGTTCTCTACATTACTACGATATTGTTTTTTGTCAAACCTTCCTTCGGACATGTCT
CP064958.1_gap9	550455	552597	2142	AGGGGTCTAAAGTTTTTGGGCTCCGAACTTGGGATGATGTTCGAATGAATATAATGAGGAAATAAAAAAGCCCTTTATATCACTAAATGAGAAAGGGCTTTAATAAGTGAAAATCAAAGTTTATTTATTTCGTTTGCAATCTCTAAAAGTTTAGGATCGTTAGTTTTACAAAGAAAAAATAATTGCTCATAATTTTCTGGTGTAGTAGGATTCTGAGCTTTTAATTTTTCAAGGATTTTAGTTGTTAAATTAAACCACTCGGCCTCAAGTCTTTTTTCAAGAAGAGAGGCTTTTGCACCCCATCCCATTTTTGAAGAGTCTTCATAGACGTTTTTTATCAGTCTAACTTGATCTAGATCATCTTCTTTTTTGATATTTGCAAGAAGTTTATTAAACGCAATATACATTTGAAGACAGATGAGATCTTTTATTTCCTGAGAAGCTACACTAACCTTTTCGCCACTATAACCAAATGCATTTACACCATAATAAAGACTTATGTAATGTTTTAGTTCTCTGCATTTTGCTAGCACAGCTTTAGTTTCTTCAAGATCCCATTCCCAAATGTGGATACTATTAGCTTTGCTAACTAGATTTTCAATTGGAGAATCAAGAATGATTTCCATCTTTGTTGCACCTTGTCCCTGTGCTTTTTTAAAGAGTTGCATAATTTTGTGTTTATTTGATTGGTTTCCACAAAAGCCATTTATGCTCCTCTGAAAACCAATCAAATACTATGTGAAAGGGCCGTACTGCTTATACAATACTGTAATATCTTAATTTGTCAAATTTTGCTCCGAACTTGCTTGCCCGACCTCTGGCGGGGGATGATGTTCGGAAGAGTTTAAAAAAATGTTAATGTATACTCATGAACTCTAACCTCGCCCCAGAAATATTTCGCAAACGCCTTATTATTGAAGGGAAATACACGGTTGAAATAAAAGAGGAGCAATTTGTCACTGATTTCCTCTCTGATCTCTCTAGAGAGCTTGGAATGACAATTATTGCTGGCCCATTTATTTCGAGTGCCACAGGTAAGTCGGTACCCCTTCATGATGGTTATGAAGGTTCACTTGTGTGGGCAGAATCAGGAGCAAACACATATATTTGGACACGTTCGAAATTCTGCACCGTTGATATTTATTCATGCAAGGAATTTGATTCAGAAAAAGCAATCAGTTTTATAAAAGAACGATTTGGCATTATAGAATTTTCATATTTTGAATTACCAGACCCTATGGCTTCAAAGCAAGATTCTCGAATCGTATTACGACAAAGTGAAAATAAGGGGAACGGTGTTTTTGCCAATAAGGCAATACCTCAAGGAACAGTCGTTTCTTATGTGGATGGACAGATTCACTACGCTCAAAAAGAATCTGAAGTATATGTGCATGCTTCAAATCACGCAGTTCCTTTTCATAAATATTTTTATAGAAATGGCTTCAACACAGACGCAGTCAAATTAAATCACTCGTGTGAACCAAATTGCTATGTAAAAGATTTATTTTTCGTGACAACCATGCGAGATATACAAGCTGGGGAAGAACTTACATACTGTTATGGGCTTTTCTGTAACTCTGATTGGGAAAATCCCGAAGGTGTGTGTCATTGTGGTTCTAAAGAATGTCTTGGAAAAATTCTGCCATGGAGAGAGCTCCCTCAAGACTTTAAGATTAAATACTTTGACTACACCGCTGATTGGATTTTGTTTGATGAAATAAAGAATAAAGGACTTCTTGAAGAACTAAAGAAAAGCATTTAGGTTAGAATTTCTAAAAAGGTAACAAAAAATCACCTTGTTTTGAAAGGTGATTTTTCTGGCTCGGGAGGTAGGGTGATCTTTCGTTACACGAACAGTAGACCTTTTTGAAATGTTCAGAATATATTCTTCACATTTAGCAAAAAGCTTTTCGATCCCTACACGAAAGCCAAGCAGTTGGCTTTCTCTCCCTCGCCACAAAAACTAAAAACCCCCGAAGGGGTCTAAAGTTTTTGGGCTCGGGAGGTAGGGATCGAACCTACGACCAACCGCTTAACAGGCGGTCGCTCTACCGCTGAGCTACTCCCGAATCTATTTAAAGAAGGCTGTTTCGGCATCCTCTGCCTTCTCTACTCTTTAACCACTGAATAATTTTCTAACAT
CP064958.1_gap10	556286	558816	2530	GATATACGTGTTTCGGCATTCTTTATCCCCTATAGAATTAATATCGACAGAAAGATTTGTAGCCCCTGCTTCTTCGAGTATGGTCATCGTTGTCTTTATAGCGAGCGCATCCATGATAGCTTTGTCACTGCCTAGTATATCAGCGTCAAATTGCCAAAACTGTCGGTAGCGACCTTTCTGTGGGTTATCGTGACGAAAAACTGGACCGTATTGGTAGTACATGACAGGCTGTGGCATGTTTTGCATACCGTGTTCGATATAGACACGCATAAGAGATGCAGTATGTTCTGGTCGCATAGCGAGTTTGTCACCACCGCGTGTGCGGAGTGTGTACATTTCTTTGTCGATAATATCAGTGCCAACGCCGATCGTCGAAGTGAAGACTTCTTCGTTTTCAAGGATTGGTGTTTCTATTGGTTTGAAGCCATAGTAGATAGCGACTTCTTGTGCTTTTTCGAAAAATCCCTGGAAGAGGTAGTACTCTTCATCTTTGATATCACGCATGCCTTTGACGCTCATGGGCGCTTCTTTTTTAACTTTTTTTGCTTGTGGTGTAGACATAGAGATTACTGAATAGTATTAATAGCTGTCGTAGCTTCCTGGGAGCGCTGAAATTTCTTTGATGGGGAAGAGTCTGAGAAATGCTCTTCCAACGATGAGATCTTTTTTGACACTACCCCAAATACGTGAATCTGAACTTGCCGGTCGATTGTCGCCCATAACATAGTATTCATCTTGACCTAATATTTTTGTTTGTGCAATTTGATTGTGCATGTTGTTGACAACATATGGTTCGCTTAGAGTAAAGCCATCAGGGTGTTCACTATTTTTTATCACAATCGTAGTATCACCTTTGACCTCAACTGTTTCATTTGGAAGTCCTATTACTCGCTTGATGAAATATTTCGTCGTATCTTTTGGATAATGGAAAATAACGACGTCCCCTCGTGCAGGCTCGCCTAAATGGTACGAAAGTTCATCAACGATTAAATATTCGCCATCATGGAATGTTGGTACCATCGATGTACCCGAAACAATAAATGGTTGTGCCACCCATGTTCGGATCGGTATAACTATCAAAAGTGCAATGATACCAAAACGAACTACATCCCAAATACTTTCTTTTTTTGTTGGTTGAGGTATCGTCGTAGTCTCAGTACTGTTTTCATTTTGCATGCGATGATTGTACTACGAATATGTTGTTGACACAAAGGCTCGTTTGATGGTCTTTTTTAAAAACACGAATAATTTGCTGATGCAAATTTTCTTTGCTCGCGCCGTCGCGCTGCGCAGAGTCTTTAAAAAAGATCATCTGCACTCGCTTGCAATAAGAGTCGCGCTGCGCAGAGTCTTTAAAAAAGATCATCTGCACTCGCTGTGATGACAAAATTTCTGCGCAAGGTCTTTTAAAACACCATCTTCATTCGCATCCTACACTTTCTACTTTCCACTTTTTACTCTATACTAGCTCTATGTTTATTATCGTCGGACTTGGCAATCCAGGTGAAGAATATACGAAGACTCGTCATAATACTGGCAGGCAAGTATTAGAAATGATTGCCAAGAAATTGGCTTTTTCGCCATGGAAAGAAGATCTCAAGACAAAGTCCCTCATAGCAGAGGGGAAGATAGGTAAAACTAAGGTAGTCTTTGTGCTTCCGAACAATTTCATGAATAATTCTGGCAAGAGTGTTACGCCGTTTGTGAAAGTTAAAAAAGATCTTGAATCGCTTGTTGTGCTGTATGATGACCTGGATATTCCTATCGGCAGTATCAAAATTTCTCATAATCGAAGTGCTGGCGGGCATAATGGGCTTGGCTCTATTATCAAAGCGGTTAAATCAGAAGCATTCGCTCGTATACGTATCGGCATTACACCGACAACCCCTGGTGGAAAATTGAAGCGTCCCACTGGCGAGAAGCCGGTTATTGATTTCCTTATGAAAGATTTTCGTGAGCCAGAATATGCTGAACTAAAAAAAGTCGCGAAGAAAATTACCGAAGCACTCGACGTGATGCTTAATGAAGGTCGACCGAAAGCTATGAGTATGTTTAATAATTAAAATTATACCTAGTACAACTTATGTTCTTACCGCGGAACTCGCTCGACTAAAGTCGAGCTCAAACAGTCCTCAATAAGTACATTGACCTACTGGGTCGTTTCGGAAAAAATATTGCGTATAAAATTAACACCACTGATATTTAATTGTATGTCTCAAGAATCTCTCTATATATATGGCAAGCATCCAGTTGAAGAGCTGCTTACAAGTGATCCTAAACGTATCTCAAAGTTTTTTGTTAAAGAGGGAATTGATGCCCAATTTTTTAACATAGTAAAAGCTGCGTCAACCAAACATCGCATTCCGATCGCTCATGTAGATCAAAGGAAATTAGACGAACTTGCAGGAGATGGTATACATCAGGGTATTGTTGCACTTGTTACCGACGTGCCGTACCTTGAGCTTAAGGAATGGCTCAAAACAATAGATATCACTACGAATCCTTGCTGTGTACTTCTCGATGAAATTGA
CP064958.1_gap11	561056	564409	3353	ATCAAGTATTGTTATCCCTATGGATTTTGGAAGCATGCAATCTGGTGAGCTTAAACAGTTCCTCAAAGAAGGCGGTGCAGAAAAAGTGACTGAAATTGATAAACTAACTATCAAGAAGAAAGATTTAGAAGGCAAAGTTGGAGAGATCGTATTACTATCATATGGAGCATAATTATGTACCATCGCTTACTTACAACATTACATCAAAAACCAGAACACGTACGACAAAAAATTGCTCTTGTTAGTGCGATTTGTGTGACTGCTGTTATCGCTCTTGTTTGGATTAGTACGTTTCGCATTCATCCAGTATCGTCTTCTGCTGCGACTGCAATCAAACCACTCCTGCTCTTGAAAGAAGGTTTTGTCGGCATGCTACATACATCAGGATCAGGACTTGCAAATATTAAAGCCGGCTTTGATCAGCAATCACAACTAATTGTTCCAGGTAATTAATTCATATGGCAAAGAAAACTAATGAACCAATAGTTCCCGAACTTGCACCGCGACAAAGCGTGGTGGCGATGAATATTACGACAGAAATGAAAGATTCTTTCATTAGTTACGCCATGTCGGTTATTACTGACAGAGCCCTGCCGGACGTCAGAGATGGGCTCAAGCCTGTGCATCGACGTATTCTCTATTCCATGCATGAAAATGGCCATACAGCGAGTGCGCGAACGGTCAAATCTTCCCGCATTGTGGGAGACGTGCTCGGTAAGTATCATCCTCACGGCGACGCATCTGTCTATGATGCTATGGTTACGATGACACAGGAATTTTCTACGAGGTACCCACTCATTATTGGTCAGGGTAACTTTGGTACGATTGATGGTGATAATGCTGCTGCTATGCGTTATACAGAAGCTAAAATGTCACGAATTTCAGGTGAGCTCTTGCGGGATTTAGATAAAGAGACAGTAGATTTCAGGCCAAACTATGACAATACGCGCAAAGAACCAGTTGTGTTACCGACGGCCGTACCTAATTTGTTATTGAATGGAACTCTGGGAATTGCTGTTGGTATGGCGACAAGCATTCCGCCGCATCATTTGGGCGAAGTCATCGATGCAACATTGCATTTGATTGATTCACCAGAAGCAACTACAGAAGATTTGGTTACCTATATCAAAGGCCCAGACTTTCCAACCGGTGGTGTTATTTTTGATCAAAAGGAAATTTTACGTGCCTATGCAACTGGCCGCGGTGGTGTGGTAACTCGTGGTGAAGCTGAAATTACAGAACAAAAATCTGGTCAAGCACAGATCGTGATTACATCACTACCGTATCGAGTCAACAAAGCAGACCTTATTATGCATATGGCAGATTTGATTCGTGAGAAGAAACTCGAAGGCATCAAAGATGTTCGTGATCTTTCAACCCGCGATATACGTGTGGTGATCGATTTGAAAAATGGCATTCACCCACAGAAAGTATTGAACTTTTTATACAAACATACACAGCTTGAGAATACATTCCATTTCAATATTGTGGCTCTGGTTGATGGCGTACCGCAGACGTTATCCTTGAAATCATTGCTAACAGAATTTATCGCTCATCGCGATATTGTGGTTCGCAAACGTAGTGCCTATGATCTTCGCAAAGCCCAAGAGCGAGAACATATCCTGTTGGGTCTTAAAAAAGCGCTTGATCATATCGATAAGGTTATTTCAGTTATTCGTGCATCAAAAGATACAGCAATTGCTCGAGAAAATTTGATGAAAGAGTTCAAATTCTCAGAACTTCAGGCAATCGCAATCTTAGAGATGAAATTGCAAAAGCTTGCTGGACTCGAAAGAAAAAATGTTGAACTTGAGCTCAAAGAGAAACAAGAATTAATTGCATTTTTGACAGATCTTTTAGCACATCCAAAAAAGATTATGGCAGTTGTTGCCAAAGAATTAGCAGAAATCAAAGATAAATATGCGGATGAGCGCCGGACAAAAGTCATCAAAGGTGGCGTCAAAGCAATAAGCGATGAAGATCTAATTCCAGAGAAAGAATCAGTCTTAGTTTTTACTGAAGGTGGTTATGTCAAACGCACTGACCCCGTAGAATATCGTAGCCAAAAGCGTGGTGGAGTCGGTGTCATAGATCTCGAAACCAAAGAAGAAGATTTCGTTACGATGCTTTTAAATACCAACACGCACAGTGATCTTTTATTCTTTACGAATTTAGGTAAAGCCTACCAGATCAAGATGTATGACATTCCCGAAGGACGCAAAGCAACCAAAGGCAAATCAATTATGAATTTCTTGTCGCTTAGTAGTGATGAGCGAGTCATGTCAATATTACCTGTCGGTAAAGCTGAAAAAGGTAAAGAACAATATCTGATGCTCGTCACAGCTGGTGGTACGGCCAAGAAAATGGCGTATTCACAATTCAAAGAAGTCAGACGCAGTGGTATCATTGCTATCAGACTAGATAAAGATGACTCACTTAAAACTGCCCTCCTTATTGAGCGAGGGGATGAAGTCATGCTCGCTACTCGCGGTGGACAATCAATCCGCTTTAAAGAAAGTGATATTCGTGAAATGGGGAGAACGGCTGGAGGTGTACGGGCGATGAAGCTCAGCAAGACTGATACGCTCGTAGGAGTTGATGTTATCAAAAAAGATACCGCTAAAGATGCAGCACTGCTCGTCATGAGTGCCAATGGTCTCGGTAAGAAAACCAAGTTATCTGAATACAAAGTCCAGAACCGTGGTGGCTCCGGCATCAAGACCGCCAAGATAACTCCAAAGACTGGTCCACTCATTGTTGCTAAAATAATTACTATCGAAGAAGAATTAATCGCTATGTCAAAGAAAGGTCAGGTACTCCGCACTGAACTCAAATCAATTCCATCGCTCGGACGACAAACTCAAGGTGTTACTATTATGAAACTTCGCGCAGGGGATGGTATTGCATCGCTGACATGTTTCTAGAATATTTTATTAATTAAATGAAATGTACCAAATTAAAAATTTCGAACCGAACACTGTCTGAGTCCCGTCTTACGGGACGAGTTTGAGAGGAGAGAAATTTTTAATTTGGTACATTTTCTAACTTAGCGTATATGGAATTCATTGACCCAGCCTCAACAATAAAATATCTCGAATTAGCTGATACGATGCATGTGGCTGACATGGGATCAGGTTCAGGTCACTACACAATCGCCCTTGCGAACATCGTCAAAGCGGGCAAGGTGTACTCCTTTGAAGTGCAAAAAGAAGTATTGGAGCGATTGCGCCATGAACTTCAAAGTCTCCATATTACAAATGTTGAATGCCTATGGGTTAATATGGAGAAAATGAATAGCACGAAACTTGCTGACAATTCACTCGATGCTGCGGTAGTCTCAAATGTGCTTTTCC
CP064958.1_gap12	712209	715565	3356	AGCTCCTTTTTTCCCTTCTTCTCGACAAGGTATGGATGCGTCGAGTTCTTGATCGAGTCCGCTACGCGCGCCAAGACTTCTTGGGAATACTTCGCATAATGGCGTGACTGCAATGTCTGATTCACTGCTTTCTTCATCTTCGAAGCAGCCACAAGCTCCATGGCCTTGGTGATCTTCTTGGTATTACGGATTGACTTAATCCTTCTTTTTATTTCCTTTCCGACAGCCATATAATATTTATTGAAACATACTTGGATTAATGAAGTATGGAACCAAGACAGCTAACAGTAAGATAATTACTAAAATGACTATTCCAATTAATCCATATTTTTTTGATAAATCATCGAAAACAGGAGCTATCCGAACAAGGTATCTTCTGTTTAATTTGAATGATTTAATCTCTTTATCTTCAGTCATATATTTAAATCATTTAGTTAAACGTTGTTTTATGTTCTCCAATTACTTTCTTAAGCAATACTTCCCCACTTTCACTCCACATACCATCCTTCTTCACTTCATCTAAGAATTGCTTTGCATTTGATTCTACGTAGTCGATAAGCCCTTCTTCGAATTCTTTGATCTTGGACATTGGCACAGTATCCAAATATCCTTTCGTCAGTGCATAGAGGACGATGACTTGATGTTCAACCTTCATTGGAGAATACTGAAGCTGCTTCAAAAGCTCTGTAGCTCTGCGACCGCGTTCGATCGTGGCTTTGGTAGCTTCATCGAGATCTGAGCCGAATTGTGAGAATGCTTCGAGTTCTCGGAACTGTGCTAGATCAAGCTTAAGTGTTCCTGAGACCTTTTTCATAGCTTTGATCTGAGCAGCACTACCCACACGAGATACTGAGAAACCAACGTTCACCGCTGGACGAATACCTTTGTAGAACAGATCAGTCTCAAGGAATATTTGTCCGTCAGTAATAGAGATCACGTTCGTTGGAATGTACGCTGAAATATCACCAGCTTGTGTTTCGATAATTGGTAACGCTGTGATCGATCCACCACCAAAGTCTTTATTGAGCCTGCAGGCACGCTCAAGTAATCTTGAGTGTAAATAGAAGACATCTCCAGGATATGCCTCACGGCCTGGTGGACGACGAAGGAGGAGTGAGATTTCACGATATGCAACAGCATGCTTTGAAAGATCATCGTAAATGATTAAGACATCTTTGCCTTGATCGAGGAAGAATTCCGCAAGTGCGACCCCTGAATACGGTGCGATATATTGCATAGCTGCAGGTGCTGATGCACTCGCCGATACCATAATCGTATAGTCCATAGCTCCTGCTTCACGAAGTCGTGTTTCGATTTTCCTGAGTTTTGAATCTTTTTGACCGATCGCCACATATACACAGATCATGTCTTGGCCTTTTTGGTTGAGAATCGTATCAATAGCAATAGCAGTCTTACCGGTCTGACGATCGCCAATGATGAGCTCACGCTGACCGCGACCGATAGGGATAAGTGCATCGATAGACTTGATACCGGTTTGCACAGGCTGTGTCACTGATTCGCGAGTTATGACGCCCGGTGCTACTTTCTCGATCGGATAGGTCTTGGAGTTTGCGATTGCGCCACGTCCATCAATAGGCTGGCCGAGTGCATCTACGACACGTCCGATGAATGCTTCACCTACTGGAATATCAAGGATACGACCAGTAGCCTTCACTTCATCGCCTTCTTTGATACTTTCATAATTACCAAGAATGATCACTCCAACAAAATCTTCTTCGAGGTTAAGTGCAACTCCAATCTGCCCAGCTGGAAATGTCACCATTTCTGATGCCTTGATATCACGAAGTCCTGTGATACGAGCAATGCCGTCGAAAACTTCTGCAACAATGCCGACCTTCTCTCCCCCTTCAGTGAGCTTGAGATTTTCAATTTCTTTTCTTAAATTTTCGACAACAAAGTTTGATGACATAGTATAGTTAATAGTGAGTAGTAATTAGTGAATAGTAAATCATTTAGTAAACAGGGCTTGTAACTGTTCCAGTCTACCAGCTAGTGTGTAGTCATACACTATATCTCCGATCTTGATTTTCATACCACCAATGTTTTTCTGATCGATTATTTCATTGATGGCAACTTTATCTACTTTATATTTTTTCTTGAGTTCTTGTTCGAGGTTTTCTCTGTCATCATTTTCTAATTCTGTAACTGTAGAGATACTAATGTTTAAAATATTATGTTTCTTTGCATAAAGCTCTTCATATCGCTCAATAATCCTATTCAAATTCCCTGCTTGACCACTTTTTATTAAAAGCTTTGCAAAAGCATGGATTACTTTCTCTATTTCTGCATGCGTCTTACCTTCAGTTGTTTGAAGCAAAGTCTCTGCCAGATCAGTTGTCTTAATACGTTTCGTCATTTAAAAGTTAACTTTATTGAATAAGTATACAAATATGGTTGCCTTTCCGTTTCCTTCGCAAGGTTTATAATAACCATCTTCAATTTCTTCTTGTGAAGGAATGTACGGGAGTGATCGAAGCATGGTACATTCAACACTTTGGGTATTGTCGATCTTAATAATTGGTATTTTAAAAACAATAATAATTCCAATTATAACTAAGCAAATAATAAGAAATTTTTTCATATTACTTTAATTCTTTTACTGCATTATCGACTAATGCTGCATCAATCTTTGGTGTCATTGTACCAGTCAAAACTTTCTCTGTTGCAGAAATTACTAAATTCCCAAGCTCTTTCTTTGCATCATCAAGCATTTTCTGCTTCTCAGCTTCGAGACTTGCTTTACCATTTTTCATGAGTGCTTCTACGTCAGCTTCAGCAACTTTGAGTAGTTCAGCACGCTTCTGATCTGCATTTCTCTTTGCATCAGTTAGTATATCTGCACCTTCTCTGCGAGCTTGAGCTAACGCTTCGTCATAGGCTTTCTGTGTGTTTGCTAGAAGTATTGCATTTTCCTGACCTTGTGCTAAACCTTCTGCAATTTTATGAGACCGTTCATCCATAAGCTTTCTGATTGGCTTGATAGCAAAATACCAAAGCGCAAGAAACACAATGCCGAAATTAATCGCCTGTGCGAGCATAATTTTCCAGTCTATGTGAAATGTAGAAATAAGAGAGTCCATACTATTCGCTGTTCACTATTTACTTTTTACTACTTGAGCGAGAACGCGATAACGAGCGCATAAATAGCAATAGCTTCTGCGAATGCTGATGCAATAAGCATCGGGACGAGCACTTTGTTGGCTGCTTCAGGATTGCGACCGATCGCTTCCATAGCACGAGAACCAATCATACCAATACCAAGTCCAGGACCAATAGCACCGAGACCAATAGCGATAGCTTTTGCGAGTGGGATAAGATCCACAGCTGTGTTTTCC
CP064958.1_gap13	726980	727775	795	TGTAAATTATTTTCTATCATACAAGTGAGTATTTATTATATATCTTCTATTAAAACAAATCTGGGAACAGTTTTTCCTTCCCATTCAACAGTATTGAAAAACAATGCCAGTGGTCGAAAATAGACATTTCCGTCTTCTTGGCGTTCGTATGCAACCAACTCTTCACCGGACTCTGAGTGTTTGCCAAGTACAATAATTTTGTAATGTTTACCTTTGTAGTGCTGCCACAGTTGTCCTGGTTTAATTTCCATGCAAGCAATAATATTATAGCAAAACTTCACACCAAACAGGATAGTGGTCCATAAAATCTCCTCTGGCCAGCTCTTGTGTAACCTTTATTGTCTTGAACTCATTGCTCGTGAATATTCCATCAAATTCCATTCCAAATGGTGTATGTGACACCCCTTTGGTAATACAAGTCATAGTAGCTTCCAAAAGTCTATATGCGCGTTTGTCATTCTTAAATACAAAGAAATTCCCTATCTTCCAAAAGTTCATATCTCCGGTAATTATTTGTGGAGTTGAAGTATGTTTGATTAGTGCACAAAGTTCTTCTACTTGTTCAAGGCGTTTCTTTGCATAAAAGGAATTCAAATGCACAGGATAAAGATCAAGCAACTCAAAGGATATTTGTGTTGAAGCAAATGATTGTTTGCCAACAGTAAATGGTAGTTTGCTTGCTATAAGTATTGAATGTTTGTGATACCACGTCGTCACAAATGCCTTATAGGGATATGACTCCAGCATTGGAATCGACAACATATCAATTTCTTCATAGAATTCTTGCAAGCAGAC
CP064958.1_gap14	796784	797440	656	GATACTCACTTGTATCCGCAATCCCGTTCGTAACGACAGTCATAACACCGACCATGTTTTTGCCGCTCATGTGCGCTATATCGTAGGCCTCAATGCGGAACTTAGTTGCATTCCCTTCTTGGGTATTTTCTTCTTTGATAAGTGAGACATCTCGAATATGCTCGAGTGCAAAAATCTGACTTTTCACCTTACTAGCTTTTTCGAACTCTTGCCGTTTGGCATACAACATCATGTCTTTGCGTAAGCTTTTTAATATTTGCTGTTTCTTGCCTTCGAGGAGAAGTGAAATGTTTTTGAGATTTTTCTTATAGGTCTCCTTGGCTTCTATAGTTGTGATCTCAGGCGTCAATCCTAACTGCCGATAAAATTCATAGTTATCAGGCTTGGCAGAACTGCGATCAATAAAAGGAAAAATTCGGCGAATAATCTTGAGCGCTTCCCGCAAAGCGAGACCTTGAGTATACGGGCCATAGAGTTTAGCAATTTTTGCATTTTCAAGTAGACCGATAGTTTCTCCAGCCTTGTATTTAGCGAGCTCATGACCGCGGATAAGAAGAATCTTCGGAAATACTTCTCGGGTAATAACAATGTAGTTCCAACTCCTGTCATCTTTCTCTCGAGTATTATAGTAGGGTTTGTACTTCTTGATGAGGTTG
CP064958.1_gap15	807721	808221	500	ATCTGCCAAAAAGGCTTAGCAATCTTCATAAATATTCCCCCGAACACATGACCGAGCGACGTCGTGATAATAATAAAAAGAAAAAAAATGCCTACACAAAGACTGGCAATGATAGTTTGTTTTTCTTTTCTCCTTTTATCGAGGCGGTAGTTCATCTTTTTCTATATTGACCAGTACTTCTTTATAAAATTCCAAATTATCCAAAACGATACCTGCTCCGATAGCGACAGCTGAGAGCGGATCTTGTGCAACATAGACAGGTATCTTGAGCATGTTCTGTAAGAGTGTATCGAGGCCTTGGATAAGTGCCCCACCACCAACAATCACAATGCCGCGATGCATAATATCAGAGAGAACTTCAGGGGGTGTGGTTTCGAGTACTTCTTTGACACCATCGATAAGAATGCGAATCGAGTGACCGATGGCTTCACGCACATCACCGTCAGTCACGAGCACTTCTCGTGGTAACCCTGTCACGAGATCTCGTCCACGAACTTCTA
