gap_id	start	end	length	sequence
CP060233.1_gap1	26927	28378	1451	GAGATGGGTGAGTTTTTATTTTAAATGAAGTCCCCTATTAAAGACGAGTGGATGGCCATCCAAAAATGCTCGTAATTCTTCAAAAACTACTTCGATAAATCTATTTTATCAGATGAACCTAGATTTTGTGAAGATCTAGTATAAATCTAATGCTTAGATTTAAGTCTTTGGGCAGTTTTTAGAGTGAGGAATATCATAGCTATCAAGATTGATAGTAAGAGAATAATACTACCTATACTCCCTGTTTTAGGTGAGTTGGGGGTTTGGGGGCTATTTTGATTATTATTTGATGTTGGTGGAGCTGAATCACATGAACTATCATCGAATAAAGCTTCTACGGACTGTATGGTTGTCTGAAGACCAACTGTCTCGTCCTCAGCATCATGACCTACAGCGAGTAAAAAATCGTTATTAAGATCCAGACCACTTACATCCCATGTTGCCTCCATCGGCCCCTCGATACCTATACTCCACTCGCTTGTTGCTGGTGGGAAGTTTTCACTCCCGACACTCCATCTTCCGACAAAATGTGGTGCGACGTCAGGTGAAAAGCCTTGAGTAACTGGTCTTTGTGGGATAACTGGAGAAGAAGTTCCATCTACCACATTTGATAACGACATTACTGACCAGTCGGGGTTACCCTCTGTCTCTAGTGAGTTATTTGCAAGGATATGTAAAGAATGTAATGTTGCGCTTGGGCAAGGAAGTAAATCTGCTACATTAAAAGTCCATCCGTACCAGTGTCCTTCGTTTTCGTTTGTTACTTCAGTCTGTGCATTAGAAAATGGCTCTACATATGTATAAGTGCTTGATCCAACTATTTGTGGAGCTAGGCTCGAGCTTGCAGGCACCTCTTGCAATGTTACTGGCTCAGTCTTTAAGGCAAATATTTCAGAAGGTGTTATTAAAGGAGAAAGTACTGCTAATAATACAATTGTTGTTTTTGTGATGAGTGATTTGATCTTCATATTGTTACCGATTATCTAAACTTTATTACTTTATATTCGGACTTCATATGAATCTCAAGTATGGCATCTTACATCTTATGATATCATTTAGCTTAAGTTTAACAATTATGACTGTTAATTTCTAGTTTATTATATGAGCACAGTGATAAAAGAGGTGGATACCAAGTTTAGTCCAATAAGTTTATTGAAAGAGATTGCACGTAAATCTATACATGTAGGAGCTTGTGGAGTAGCTTTATTTTTGATTGGTAGGCAATTGGTAATTTTAGAAGTATTGTTTTTACCAGTAATGGCTCTAGGTTTTTACATATCAGAAAAAATTGAGTTTTTTGGCAAAAACATTTCTTTTGGTAAAGAAAGAAAATGGGGAGGAATTATATTAGCTGTTGGCTTAAGCTTAGTTATGTTTGCTCCGGTTGAATATGAGGTCAAAAAGTTTGCAATCTTAGTTTTAATGATTGCTGATGTTATGGCTGCTCTGGT
CP060233.1_gap2	35059	35974	915	TAGACTTCTTATCTGAAATATAGAAGCCAAGGCAGCAAGAGTAATTAAAGCTATTAAAGCTCTCTTTTTTTGATTGTCTTTTTTTATAATACTGGCTATAGAGTTGTTGGTCTTCATTAGTTCGCTAGCTAAAAATTAGAACATTAAGAATACTATAGATGGTAGACTTAAGCTTAATGAAAACTATACTACATAAAGATATGGATAATAAGCTTGATGTTGATTTAGCAAAATTGTTGAGCGCAAAACAGCCTCTTTTTGATTTTACAATTGATGATTTAGAACACGTCACTAATAGGTCTAGTGTAAGTACAAATTTAGCAAATGAAATACAGCTTAAGTTTAGTAGATTTTGCAAGAATTATCTTGAAATTGATTGTGAGAAAAGTTCTGGCGAAGAGGTTTATAAAAAGTTAATGGAATTAATTTGGAATCAAAATGATTTAGTTTTAGAGAAATACTTGGGTTTAAGAAGAGATGCTAGTCTAGATGAAATAATTTCAGCCTGTGTAAATTTTGTTGAAAAAATGGAGCTTTCAAAATCAGTTTTTAGACTTAAAAAATCTAAAGCAAGAGAAATGATAAAAAAGAGTCCCCCAAAAAACATTTTGAAATTATTAAATTATAAAAATGTAGACGAGCTGTTGAAAAATGAGCGGCTAGACGAAGTTTATGGAGCGCTTAGATTTGCTGAAGGTGATGTCTGGCTTGATGAATTTAATAAACAATATAAAAACTTAACACCAGATGACTTTACACTTGGCAAAATTGAGCTTATAAAAATGCCACTTAAATGGGCACCACTTACAAAGAGTTTTATAGAAAAAAAGAAGCATAATGTTACTCATTTAAAAGAACTCGGTATTGTTATGGTATTAGAGACTGAAGACGAAAGTTTAAGGCATGGCTTAGTGC
CP060233.1_gap3	37554	40545	2991	TATGAGGGAATTAGATATGCTTATAAAGTTACAGAAACAAAGATATTACCTCCAGAAGATTTAAGCTATATTCAGCCAACAGAAGTTCCAAGCGTTACATTAATTACTTGTGATCCTCCTGGAACTGCTCAAAAAAGGTTGTATATAAGAGCAATTCAGATATCGCCTGATCCAAGCTCAAACAAAAAAACTGAAAGAAGTAATCAGCTTGAAGAAGAGATTAAAGAAGTCCCGAATACCGCACCTAGTTTTTGGAGTAGATTCTTCTAGCTTAAAATATATTTCTCTAGGTGCTAAAATATAAGAGATGAGAAGGGTGGGCAAATCTCTTTATAAAAAGTTATCTAGATTTTTATATACAAGATTTAGACGTTATGCTACATGGCCAACATGGAGGTTATTTTTTAGCTCTTTATTTTTTTTAGTTATAGGAATATTCTTTTTAAGGTCAAACAATATCACCGCATTAGAGAAATATAGAGATGTTATTAAAGCAGATGAGAACAATGGGAGTGTTTATGAAAAGCTAAATGATTTACAAAGATATACCTTTGGGCATTTAAATAGTGGAGTAGAAAGACCTGTACAACTTGTAAATACTTATAACAGAGATGCAAATAAACTCTTTGATATTGCTCAAGCTAAGCTTAACGCTAGTGGACTCGGAGAAAAGGATGTATACCTTGAGGCTCAAAAAGCTTGTGAAGCCAAAGGCATCCCGATTACAGCTAGGGCGCAATGTGCTGCAGACTATGTATTAAGTAATAATCCAAGTATTAACGCAGAGCAGCTAAAGGTAAATTTACCAGATAAATCACTTTACTCTTTTACCTTTAGTAGCCCTCGCTGGGCTTGGGATGCTGCTGGAATAAGTTTATTTATATCTGTTTTATTCTTTTTAGGAGCGATATTCAGGATGCTATTAGCATGGTATTTGCGAAAGAGACTAGTAAAATGGGAATATAGATATAGTTAATACCTTAAACTTTTATTATTAGGCATGAAGAAATTTATTTTTATATTAATCTTAGGTGTAGCTTATATGGTATACCCACAAAGCAACACATTTGCCAGTAGGCAAATTGTATCCTACCCCACCCCCACTGCTACTAATGGCGTACTGTCTATGGCACGAGGAGATGATGGAAACATCTGGTTTACAATGCCATCAGAAAATAAATTAGGAAAGTCTACCATCACAGGCAGTATAGAAGAGTTTGATTTATCATCAAGCCCATCAGCAATAGCTTCCGGCTTAGATGGAAACATCTGGTTTACTCTAGGTGATGCAAAGAAAATCGCTAAAATATCTACACAGGGACAAATAACTGAGTATGACCTAAGTGGTCAAATAGGGTCAAGATCAACTTATGGTATCACTGCTGGATCAGATGGCAATATATGGGTGACTGCTCCCTCTTTAGATATCGGCTCATCTCCTGGAATGATCCTTAAGGTAAATACCTCTGGTACGGCAATTGATACCTATTACACTACAATTAGTCAGCAACCGGGAAGCATAATTTCTGGGCCAGAGGGAAATCTTTGGTTTACATTATGGCCATCTACGAATGGGGTAACCAACTACCTAGGGAGGATAACGACTGATGGTGCACAGACAAGATACCCGATTCCCTCCTATGGGGATGGTACCTCAGTACTTACAATTGGTCCCGACAGTAATATATGGTCGATCAGAATAAATAGTGCAAGCAATCCTTCGCTTTTAAGGACTATCACATCTTTAAATGGCGTAGAAGGGGACACTGTGGCTTTTGATCTTCCTAGCGATTCGATGGCTTTTTATGGTATCACTGCTGGATCAGATGGCAATATATGGGTGGCACTAACAGCACAGGGTAAGCTTGCAAGGTACGACTCTAACGGTATTTTAGTTGAAGAACTAGAAATGCCTAGTGGCTTAACACCTTACTCACTCATTAAAGGTCCTGATGACAGAATATGGATAGGAACGAGCGAAGGTTTGGCAAAAATAGAAGATACCCAAGGATCTGAGAGTTCAGATCCTTATGATACGCAACATTCTAACACAAATAATTCTACCCCAGCTGCGCCTAGAACAGGTAAAGTCGTTGGGGTTATTATCGCTATATCCTCCCTATTGGCTATGATAGCCGTAATTGCAAATGAAGCTAGGAAGTCTCACGGAATTAAAGAATCCTCTACTAAATAAGTGATTTTAATAACCAACTTCTACAAAAGTTAAGGCGTACCCTGTTTTACCAGCGCGCCCTGCACGACCAATTCTGTGGGTATAGTCTGCATAGGTTTGCGGAACAGTGTAGTTTACTACATGAGTGATATCTTTTACATCGATACCCCTTGCAGCGACGTCTGTCGCAACTAAAATATTAATCTCCGACTTCTTAAACTTATTGAGCGCTCTTTGACGCTGAACTTGAGTTTTAGCTCCATGTATCGCATCGGACTTAAATCCTCTCGAGTGAAGTTCTTTAGCAAGTTCTTCTACGGCTCTTTGAGTGTCATGGAAGATGATAGTTTTCTCGACAGTGTCTTGAATCAAGAGATCATGCAGTTTATCGATTTTCTCTCCCCTAACCCTATATTCAACGACGTCTTGATGAACATTATCACTCGTATCTCCAGTTTTAACAGATACTGTCACCGGGTCTTTAGCAAAAGTTTGGATTAAACTTTGGATACGTGGCTCCATTGTTGCAGAAAAGAAAAATGATTGTCTATCTTCGGCAAGCTCGCCCAAGATTGCGGTTACGTCATCGACAAAGCCCATATCGAGCATTCTGTCTACTTCATCTAGGACGATAATATTGAAATTTTTTGCCCTAAAGCTACCACGAGCAATATGATCTTTGACTCTACCAGGAGTTCCAATAACTACTTGTGGGTTGCCTCGAAGACTTCTAAGCTGTGGGGACATTGGTGTGCCACCAATTAATATAGCAGCTGCAAGCCCACTGCCTTTTGCAACTTTTCGGAATTCGTCATCAA
CP060233.1_gap4	238489	242823	4334	TGTGTTGGGTTTTTCTAGCCATGATGACACGCTTTCTAATGTTGGCACTTTTTTCACCGCTAGGGGCGTCTTTTAAGAGTAAGTTATGTTTAACTTTCTGGACTGTTAATACCATGTCTATACGATCAAGAAGGGGTCCAGATAGCTTTTTGCTATAGGCGAGAGCTTGAAGGTGAGAGCATGTGCATTCTTTGTCTTCGTCGAGCGCATAACCGCATGGGCAAGGATTTTGAGTAGCGATTAACATGAAATCGGCAGGATAGGAAGAGTTTTGATTGGCCCGAGAGATATTAATAACTTTATCTTCAAGGGGTTGTCTTAGTGCTTCTAGGGTGACTCTAGGGAATTCTGGAATTTCGTCTAAAAATAACACTCCCTTGTGGCTTAAACTTATTTCTCCAGGCTTAGGGATTTTACCTCCTCCGATTAGAGCTGCAGAACTGGACGTGTGGTGTGGAGACCTAAAAGGTCTGTTAGTTATAACCCCTTTTGTTTCTCCTGATAAACTATGGATTTTAGTTATTTCAATTATTTCTTCCTCGCTTGGGGGAGGTAAAATTGAAAGTAGGGCTCTGGCCATCATAGTTTTTCCAGCTCCGGGTGAACCGTTAAGCAAAACATTATGATGCCCTGCTGCGGCAATTTCTAAAGCTCTTTTTGCTTGGGCTTGACCTTGTATCTCGGCGTAATCTATTGGATTGTCATCTTTAAAGTTAATAATTGAAGGCTTCTTGATCTCTATAACTGGAGCTGTTCCGTTTTTAATTACTTCGACGACATCTTGTAGTTTAGAACAGGGAATAACATTAATTCCACTGACTAGCCATGCTTGAGAGCTATTTTCACTAGGGATAAAAATGTTTTGTAGCTTATTCTTCTTAGCAACTTCTATGTGGGAGATTATGCCTTTGACGGGTCTAATAGAACCATCAAGGGAGAGCTCACCAATGAAAGAGCTACTTTTTACTAAGTCGTTATTTGGAACTTCTCCCGAACTGACTAAAATAGAAAGAGCCATAGGTAAGTCATAGCTGGTTCCATCTTTAGGTAGATCTGCTGGTGCGAGGTTTAAAGTGGCCTTTTTGGTGGGCATCTTCAGGGCGGAGTTTTTAATTGCGCTTCGGATACGCTCTCTGGACTCATCAATAGCTTTTGCCCCGAGACCAACTATTGTTATCCCTGGTAAGCTGTTAATTAGGTCACATTCTACAAGGATTTTTTCTCCTTGATAGCCGATATTTGTAGAAGAATAGATAGTTGCGATCATATTTATAAGGGATTAAGGATTGGTATTAAAGGAAATTCGGAAAAGATCGAATCTAAGTTTTATTCTAGATTTAAGAGCAAGAAAAAAGCAATGACTTTGCGAGTTGCCATTGCTTTTTAAGTTTTAGAGAAGGAGTAGTGTTTTTGGTTCTTTTTATTTTTGAGCACTAATTTTGTTCAAGTGCTACTTATAGATAATAGAGCTTAAGTTTGGCGAAGTCAACAATTATTTTGATTTTTGTACAAATAATTTATCCACAGGTATTCAACAGGGGAGAGTTAATCGTAGATCTATGTATAGGGTCTGCTGTAGGGGCTTGAAATTGATAAACGCTTATGCTAGTATTTTATTTAAGAGATTGCAAAAGACAAAACAAAAACAACAAAAATATAAAGTCAAAAATCTCCAAAAAGTAACACCCAAAGTGGCCCTAAAGGCTGCGGAGGGTGATCGGTTAAAAGGTAATTCTGGGTGGGCAAGCGCTATTTATTTTTTACTTGAGCGTTAATTGTTACTCAGAATTCCTCCTAGATTCTTTAAAGATAGAAATTAAGTATTTCTAACTTTTGTACATAAAGTTAATAAAAAAATAAAACACTAAAATGTCTTTAGTTTTTAAAAGTGTGTGTAAGTTTGAGACTAAAGATATTTTAAAAAAGTTATAAAAGCCTAAAGATCTTATTGTTTGAGATGTTTAGGCTTTTATAATTTATTTCGAGAATAATTAGTTAAGAATATTACCTAATGCTGGTTAATGCTTGATGACTGATTATATTTAATGAGTTCTCTGGATTTATCTGTGGGGTAGAGGTATAATGCTTTGTATAAGTTTGTTAAACAAAAAAGATCTATATAACAGTGGTAGGGATGTTATAAACTTATTAAAAATGAGCTCTATAATATAAGAGACAGGGTGGAGAATAAATATGAATCCTCAATTACCTAAAGTAGAAGTCGGACCCATCGAAGGTGATGTTCAGGGCGAAATTAATAAAGCTTATAAGGAAGCCCCAACAGGGGAGGTTAATCCTCAAAGAGACCCATCAGAGTTGCTACGTGCTGGGGGGTCAGTCGGAGTTGAGGCGGGGTTAACTAATTTTGAAGCCGTTAGTGATGGTAAGACTACGGATGATAATTCATCTGATGATAACAGCGTTGATGATGTTGATGATGGTACTAGTCCCGTGGCGCCAGCTATAGCTAAGCCAGCTATAGGCAGTGCTGTGGTAGCCCAAACTCCAGCGGTAGCCGATGACAAAGATGATATAGAAAAAGAGTGGATTAGCAAAGCAAAACGCATTGTTGAACAAACCAAATTTGACCCATATTTACAGGAAAGGGCGGTCTCAAGACTCCAGGCTGACTATATGAAGAAGAGATTTAATAAAGATATCAAGTTACCCGAAGGAGACGGATAACCACTGTAAATGTTGTTTATATTAACTGTATTTCTATTAGTATTACTCATCTTAGCTTTAGTGGGTTTGGCAATTTTTATTGGTTATAGAAACACAAGCCGAGAGTTTAAAAACTATGAACGTGGTTTGAAGATGGTTTCTTTAATGATCCACTTACCACCATCCAGTGAAGATATCGAAGGGGGAGGAAGAGACAAGAGAGATGTTGTGGAGGAAACAATAGCACCAGCGGAAGTGATGTACAATATACTCGCTAGTACAACCTCTAAAGGTTTTAAAGCAAATTTTTATGGTCAAAAACATGTCGGATTTGAGATCATAGCTGTTAATAATACTATTAACTATTATGTTGCTGCTCCTGTTTCTTTAATTGATGTTATAACTCAAGCAGTGACTAGTGCTTATCCATCTGCGAGAATAGAAGAAGTTGAAGAACATAACTTGTTCAATGCGGTAGGTAAGATTGGGGGAACAATAGGAGGAGAGATACATCTGGCTAAGGAGTTCGCTTACCCAATAGCTACTTTCCAGGAAACTAAAAGAGATACAATGCAGTCACTTCTTAACTCTCTAATATCTCTTAATAAGCAAGACGGTGTGGGATTACAAATATTAGTAAGGCCTGCTAATGAAAACTGGGCTAAAACCGCAAAAGGTGTTGCTAGCAGAAAAAAGAAGGGTGAAAAAAGTAAAAAAGGACTTTCAGTCGCGAACATTCCGGTTAAACAAGTTGTTCAGGCTCCTTGGAAGGTGCCGGATTGGGGAGATAAAAAAGATGACAAGCCAAAAGACCTTTCTGGAACAGAGCAAGCTATTGTAGATGCTATTGAGAATAAAACCCAGTACCCTGGGTTTGAAGTCTTAATGAGAATCGTTGTAAGCTCTAACACATCTGCTAGGGCTCAATCTATACTAAATAATCTAACTGCAACTCTTGCTTTATATAACGCGGAAGGTAGAAATGGCTTAAAGTTCAGTGCTGCTAAAGATATTGAGAAATTTATCACTGCTTTTATATTTAGATTCTTCCCTCAGGAAATGAACAAAGATGTTTTAAATAGTATTGAGTTGGCCACAATATTCCATCTGCCTGATCAAAAAAATACTCCAACTTCACAACTTCAGAGGCAGGCCTCTAAACAAGTGGATGGTCCTTCTAATATGCCAACTGAAGGCCAGCTGATGGGATTCAACTTATACAGGGGTATTAAGAAAGAGGTCAGAATTACAGCAGAAGATAGACTGCGTCACATGTATATAGTTGGTCAGACAGGTACGGGTAAATCGACACTTCTTAAGAACTTAATGCTCCAAGACATGCTTGATGGTAAAGGATTTGCTTATTTGGATCCTCATGGTCAGGACATTGAAGACATTATGGGCATGGTCCCAAAGAACAGGGTAGATGATGTAGTTTACTTCTCTCCTAATGAGCTTGATAATCCAGTTGGGCTCAACTTATTTGAATTCCCTCCTGAGCATCCTGAGCAGAAAGACTTCTTAATTCAAGAAGCTATTAGTATGCTTTATGAACTCTATGATCCAAACCGTCAGGGTATGATGGGGGCACGCTTTGAGCAGCTATTCAGAAATGCAGCTTTAACTGCTATGGCTGATCCTCAGGGAGGAACTATTATTGATCTACCGAA
CP060233.1_gap5	243889	246768	2879	TAAGCGTAAGTAGTAACAGTGATTTTACTTTTGGAGGGCATGGGAATATCAAATTCCCTGTAACAAATATGGCTAAAGGCGATTATGATTCGAGTCAGATTCAAGTTCTTGAGGGCTTAGATCCGGTTCGTAAGCGTCCGGGAATGTACATTGGTAGTACCGGTTATGACGGTGTCCATCATCTGATTAAAGAAATTGCCGATAACTGTATTGATGAGGCTATCGCTGGTTATGGGACTAAGGTTCTAATAACAATTCTAGCCGATGGTGGAATCAGAGTTGAGGATGATGGTCGAGGTATACCAACTGATAAGCACGAGAAAACTGGCAAGAGTGCTCTTGAAACAGTACTAACAGTTCTTCACGCTGGAGGTAAGTTCGGCGATGGTGGCTATAAGATTTCATCTGGTCTTCACGGTGTAGGATCTTCTGTAGTAAACGCTCTTTCAACTAAACTTGTTGCCGAGGTTAAAAGAGACGGTAAATTACACCGAATGGAGTTCGCGACTGGTATACCTCAGGGAGAAATGAAAGTTGTTGGAAAAGCTGAGGGCACAGGTACAACAATTACTTTCTGGCCAGACTTTTCTATTTTCGAGAAAATCAACTGGGACTATGATTGGGTAGTTAATTACATTAGACATCAGGCTTATCTAACTAAAGGTTTATACGCAGAAGTAAAAGATGAGCGCACTCAAGCTGGCAGAGCTTTCTATTTTGAAGGGGGAATTAGCTCTTATGTTAGACACTTAAACTTTGGTAAGGAGTTGGTCCAAGAAGATATTTTCTATGTTCAAAAGAAGGTCGAAGATGTTGAGGTTGAAGTCGCAGTGCAGTATACAGATGCTTACACTGAGCAAGTACTTTCATTTGCCAACAACGTCCCTAACCCTGAAGGTGGAACTCATCTAACTGGCTTTAGGACCGCTTTAACAAGAGTAGTTAATGATTATGCCCGCAAGAATAGTTTACTAAAAGAAAAAGAGGAGAACTTAAGTGGAGAGGATGTCCGTGAGGGTCTAACCGCTATTATCTTAGTAAAGATTCCTGACCCACAGTTCGAAGGACAAACTAAGAATAAGCTTGGTAACCCAGAGGTGAGGGGTTATGTTGAACAAGTTTTTGCAGAATACTTCTCTTATTATCTAGAGGAGAATCCAAATTCTGCTAAAAAGATTATCGGTAAATCTTTGCTTGCGGCTAGGGCGCGCAAAGCAGCACGTGCGGCTCGGGATAATATCATCCGTAAGGGAGTTCTTGATGGTGCCTCAATGCCAGGTAAATTAGCTGACTGCTCTACCAAGGATAGAACAAAGGCAGAGCTGTTTATAGTAGAGGGTAACTCTGCGGCAGGATCTGCTAAAGACGGCCGTAACAGTGACCACCAGGCTATTCTTGCCCTAAGAGGTAAGGTATTAAATGTTGAGAGAGCTAGAATGGACAAAATGCTGGCCAATAAAGAGATTGTTGATCTTATTAAAGCTATTGGAACCGGTCTCGGGGAGCAATTTGATTTAGCCGGCTTAAGATACGACAAAATCATTATCATGACGGATGCAGATGTTGATGGAGCCCACATTTCCACACTTCTTTTAACTTTATTCTTCAGACACTTTAGAGAATTAGTTGATAATGGGCATATTTATATTGCTCAACCACCACTTTACGGCTTAAGAAAGGGTAAGAAATTGAATTATTTATTCACTGATGAAGAAAAAGACGCTATGATTGAGGACTTGATTAAAGAGAGAAAGTCTAAGGGTGCTGAGATTGATCCTAATCAAGATAAGATTAAGCAAGCTGGAGTAGAAGTCAACAGGTATAAGGGTCTAGGAGAAATGGATGCTGATCAACTTTTTGACACTACTATGGACCCTGAAAAAAGAGTATTATTAAAAGTTTCTATTGACGATGCTGAAAGAGCAGATGCTGTATTTAGCAAATTAATGGGTGATGAAGTTGATATGAGAAAGAAGTTTATTGAATCTCAGGCTAAGTTTGTTAAGGATCTAGATATTTAGGAGTTATTAGCTTATGGATGGTGATAAAGATTTAACTAATATAGAAGAGCACGAGCAGGTTCAGCAGGGGATTCCTTTACTTGCTGATGCTCAAGATGTAGCTCCTGGTAATATACTTGGTGCGAGTGTTGAGAAAGAAATGGAAAACCGTTTCTTGCAATACTCAATGAGTGTTATTGTGTCTCGTGCCTTACCGGATGTAAGAGATGGACTCAAGCCTGTACATCGTAGAATTCTTTTCACAATGAATGATAAAGGTATTCGTTCATCCGGAAAGACTAAAAAGAGTGCTGAGATTGTTGGTGAAGTTATGGGTAAGTATCACCCTCACGGTGACGGAGCTATATATGATGCTATGGTCCGTTTAGCTCAGACTTGGTCGCTAAGGTATCCATTAGTAATTCCTCAGGGTAACTTCGGATCTATGGATGGAGACGAAGCAGCGGCTTCTAGGTATACAGAGGCTAAAATGCACCAGCATGCTGAATTGATGCTTGAAGATCTGGAAAAAGATACAGTTGATTTCACTGATAACTACTCTGGAGAATACCAAGAACCGACAGTACTACCTGCTAAACTTCCGAATTTACTAATCAATGGACAGATGGGGATTGCAGTAGGTATGGCCACTAATATTCCTCCGCATAACCTGTCAGAAGTTGTAGATGCCACAACGATGATGATTGATAATCCTGACTCTACTGTTGAAGATTTGGGTACTGTTATTCATGGTCCTGACTTCCCGACTGGTGGTGTTATTTATGGTAAAAAGTCTGTTCAGCAGGCTTTTGCAACTGGTCGTGGTGGCGTTATTTGTAGGGGTATTGCAGAAGTTACTCAGGGGAAGACTGGTCGATC
CP060233.1_gap6	435059	438926	3867	GTTGTCTATATTAAAAATTAATCGGTATCTTCTTGTTTGGTCAAATAGGTCAAAGACTCTTCTTTCGCTGTCAGATTGGTCGGCATAGTTTATTCTAAATTTGTTGAAGGTGACCTGGTTCCCGCGGAACTCCATCTCTACCGGTTCGCAGATGAATCCTCCAGCATCCTCGTCTTCGAAGCGAGCTTTTACTTTTACTTGTTCGTTGATTTTTTGTGCTGTGCTCATAGTATCTTACCTTTCGTAAATTAAATTTGTTAAGTAATTTGATTCCTAAACTTGAACTTATCTATTGTTGGGAAAGGAGATGGCTTATTAATTAGAGAAGTTTTTTAGAAAGCAAAAACAGCCTGACGGTTATTTATCAAACTTTTAATTTTGCGCTTCTTGGCTCCTAAAAGCTTAGGCTGCTTCTCCGAGCACTAGAGAAACTCTTTCGGGAGGATTAACAGTGACCGTAAACTTACTGTAAGTTTTGGTATATTTCCTCTATCTCTTTTTGTTAATAAGCCTACAAGCTAAAAGTTTAACTAGTGCTTGTATCGCTAGATATAATTATAGACCTCAAAGAGCTTATGTTTCTAGTAGGTTTTGTTGTCTTTTGTGCTACAATGTTTAGTCGTTCTTTACTAGTCCAACATGCTGAGCATAGCAGGCTCCGCAAAGAGACTCGTAGGCTATATCCATTGAAGACCCATCGATAGCAACTTGGTCTCCCTCGAGCACAAACTCTCCATTGATTTTACGCCCATTAAATATTGCGTTGCTACCACAGCGACAAACAGTCCTTATCTCTTTAATTACGTGAGCTATTTCAAGTAGTCGTGTTGATCCTGGAAACCCCCGGGTTCTAAAGTCCCCCCTTAAGCCGTAGGACATAACTGGTATACCTGGATCTAAGGTTAGGGCAAAGAGTTGGTCTATTTGGTCAGGACTAAAGAATTGAGCTTCATCGGCAAATATACAGCCTATAGGTTCTCCTCCTACATGTTCTGGAATAGCTTGCCAAAGATCCATGTCTGGCGTAGCTACAAGATCTACCATCCTATCTATACCGACTCTGGAGGTTACCTTGTTTTCTCCCTTAGTGTCTGTACCAGGTTTGACTAGAAAGGGTTTCATTCCAATCTCTTCATAATTGTGTGCTGCCCTAAGTAGTTCTATGGTTTTGCCGCTGTTCATTGCCCCGTAGTGAAAGTATAGTTTAGCCATATGTTTAAGTTTAGCAAAAAAAACTCTAGTTTTCTGGTTGCATACCATAGGCCTTTTCGTAATCTGTGATGCCGCTATCTAAGCATTTTGAAAAGTTTCTGAGAATACCGATATTACCACCTCTTTTATTCTCAGCCTTTGAATCTTCAATAACTTTAATCTGTGTTTTTAGCTCGTTTTTGTCACCTTTAAGAAATGCAATTGTTCCGTTTACGTAGGCGTTCCAGCATTCCTTTTCATTTTCATAGCTTTTCTGAAAGCATTCAATGGCATCTTTGTAAAATTTAGTTCCGGCGTATCCAAAAGATTGGCCAGCGTGAAAGTAGAGTAAGTCAATTGGAAGGACTTCGCCACCAACTTTTCCTTTATTGTATTCATCAATTTTATTACCGCTAAGCTTAATGTATTGGAGAATTAGCTCAGCAATGTGTTCTTCACTTACTTCTCCAACTAATGATCTCCAGCCGTTAACAGCTTGATCAAATTCAACAGGATCCATCTCTAGGAACTTGCAATATCTTTTTTCTAACATGATGTTATTAAGTTTAGCTCAGGTCTGTAAAAGAATACAAAGCCACTAATGTGGCTATAAAATCCCTTATGGTGGAGCTGGCGGGAACTGCCCCCGCGTCCGATTAGTTAACTGATTGAATACTTTTCAACATGCTTATTTTTTCTTATTTTTTACGTTTAAAGAAGCTAAAGAAAAAAGAAAAATCTAAAATAAACGACGCTTTTCAAAGTTTAAATCTTAATGTAAGAAGCGTTACTCTTCGATCAAGATCGAGCCAGAAATAATATGACATCTTAAACTCTCGAAAGCCTGGCAAAAGAGAATAAGATGGCAAGCCTAAAATTTAGGCTGCTAGTGCGTAATCAGCTTTAAGAATTGCGATATTCTCGCGGATTCTTGCAGCGACTTCGCTAACTTTACTGTTTGCAGTTAAGTTGTCTTGCCCTGTAACGGTGAGCACACCCGACATGCATACACTCAATCTGTTAAAGTTCTATCCGTCTAGATGCTAAAAATGCTTCAGCCCCATCTATACAGATATTAACATAAACCTTATCTGTTTGTAAATGCTGGGCTTATGCTAATATAGTTTTTAAATATAGTCTTTGAACTTATCTCCTTAATAAATACCTAAACAATCCAAAAAGAAATAATACTATGACTATTTCTCAAAAAAAGAAACTTGCCAAGTCTGTCACCACTTTAATACTCATAGTTATCGGAGGATTTTATCAGCTTAAAACTAAAAACAATAACTTAGATACGAGTCAAGTTGGATATTATGATGTGGTTAGTATTGCCGATGGGGACACTATAACTGTAGATATGGAAGGCAAGAAAGAGAAGGTTAGGTTTATTGGAGTTGATACACCGGAGATATACCATGGTGGAGATACCTCTCCATCTGAATGTTATGGAGAAAAAGCCAAAGCTTATATTGAGGCCGCAATAGACAATAAAAGAGTTAAACTTGTGGCAGATGAAAAAGGATCTAATCGTGATAAATACGGAAGATTATTAAGATATGTTTATAATTATCAAAACTTAAGTTTAGATGAAACTCTGGTCTCTGAAGGATATGGCTTTGCTGTTGATGGGTTTGCGTATTCAAAGAAGCAAGAATATTTAAGCTTAATGAATGATGCTGAGAATAATAAAAAAGGTTTGTGGGCGATTTGTAAAATTGATAGGTCTAAAGGTTACCCGGAGGTAGCTAACTGATAATTATTTTTTTAGCTTTAGGGGTGACTTTGCGGCCACGTGGGGTTCTTTCTATTAAGCCTAGCCGCATTAGGTAGGGTTCGTAATAATCCTCTATTGTTCCCTTTTCTTCGGCAGAGGCGTGAGAGAGTGTGTCTAGGCCAACTGGGCCTCCGTTAAACTTTTCTATCATTATCTTTAATATCCTTCTATCACTTGCATCTAGGCCATGCTCGTCAATCTCTAGCATATTGAGTGAATCTAACGCAGTTTTTAAGTCTACATCATTTGGGTTACCATGTACTTGGGCGTAATCCCTTACTCGTTTTAATATTCTATTAGCAATTCGAGGTGTTAGTCGAGATCTTTTTGCGATTTCTGTAGCTGCATCATCGCTAAGTTTGAGATCCAATACCTTCGCACTTCTTTTTAAGATATCCGCAATCTCATCCTCTTTATAAAAGTCTAATTGATGCACAAGTCCAAAACGATCTCTTAGCGGCGCTGCTAAAGATCCAGTCTTGGTCGTCGCCCCGATAAGTGTAAATTTAGGCAGATCAATTCTAAGAGATTTAGCACTTGGACCCTTACCTAAAACTATATCTAAACCAAAATCTTCCATAGCAGAATATAGTACCTCTTCTATAGCTGAGCTAAGGCGATGGATTTCATCAATAAATAAAATGTCACCTGGCTGAAGTTTTGTAAGCATACTTGCTAAGTCCCCGCCTCGCTCAATAGCAGGGCCGGCTGTTATATGTAGATTTGCTCCTAATTCTTTAGCAACAACTCCAGCCATAGTGGTTTTACCTAAACCAGGAGGACCGTAAAGGAGCAGATGGTCAATAGTCTCTCCTCTACTCTTAGCTGCTTTTATGGCTAATTCTAAGTTTTGTTTGAGTTTTTGTTGACCGATATATTCTTTAAAAGATTTAGGTCTA
CP060233.1_gap7	470335	474473	4138	TTGACTTTTATTTAGGTCCGAATAGACAAAGCTAATTGGTATATACCATAACTTTTGATTGGGTTTATTAAAATCGTTTGATAAATTGTTTAGATAGTATTCTTTATGCTTCTTTTTAATATTAGGCTTAAGCTTAAGAGCGTCATTCTGTATTTTTTTTAAACTATCTTTTTTTTCATCCTCTGATAAAAATTGGGACTGTCTAAGAACAATTTGTTTACTGTTCTTGCCGACTGAGAGATCTACTTTTGGTAGACCAGGCTCTACTAACCATTTTTCTGTAAACTTAATTAAGTCAACACTTGTATACCTTTGCCAACATAATAATAAATCTTTTGATGTAGCTGAACTAAATTTATATTTTTCAAAATAATCTTTAAGACCTTTCAAAAAATTTTCCTCTCTTAATATACTGAATAGCATTCTGATCACACTCCCTGACTTTTCATATGCTATTGAGTCAAAAGCATCGACAGCATGGTGCGGTGCTTTGACTTTATTAACTATTGGACGTGAGCTAAGTAAAGAGTCCATTCTAATTGCATAATTCTTTTCTGTAATTAAATATTGTTCTAAGATATTCCATTCTGGATATAAATTATCGACAGTGTAGTATTCAATAAAGTTTGCAAAGCCTTCCTTTAACCATAATTCGTCCCACCACTTCATTGTTACTAAATTGCCGAACCATTGATGAGCAACTTCATGAGCTATTATAAGGGCTATCATTTGTTTATCAGCAAGCGTGGAGCTATCTTTATCAAATAGTAGTAAGTCTTCTCTAAATGTCAACAAACCCCAGTTTTCCATACCTCCTGCATCAAAGTCAGGAACAGCAACAAGATCTAATTTTTCTAATGGATATGACATACCAAATTTTTCTTCTAAAAATTTTAAACTTTTAGAGGCAAATTCAAGTGCGAAATCTACTGAACTAACCTTATCTGGAGTAGTAAAAACTCTTACTAAAGTATTATCAACTTTATTCTCTTTTGACTTAAGTTCTCCAACAATTAAGGCGAGCAAATACGTGCTCATTTTAGGTGTAGTATTAAACCTAACAGTTCTTAGTCCATTGTTATGACTAGAGCTTTTAATTGGTGTATTAAATAGAGTGACCTCATTAGTTGAAGAGTTTATTAAGTTTAACTGAAGGTTAAAAAATGCTTTAGCTTCGGGCTCATCAATACATGGGAGAAGTTGCCTTGCATAGTGTGGTTCAAACTGAGTGGTTAATATTTCTTTCTGATTACTCTTTTTATCAAGCCAAGAACTTGTATAAAAACCGTTAGTCCCTTTTGTACTAACTTTGCCAGAGTATTCTAATTCAATGGCATATTTACCCGATTTAACTTGTTCTTTTGTGTGTAGTCTTAATTCCTGTAATTTTTTATGGTGAACAATTCTAGTTACTTCAATTTCTTTTTTTATTTTCTTGTCATTAAAAACTATTCTAGCAGAAGTAACTTTCAGGCCTAGTTGATTAAAGGTAAACCTATACGAAGGCTTATGCTTTTTATAGCCATTAATAATAAGTTTGCCTGAAAATCTTTTATTTTTCTTGTCTAAGTCTAATTCTAAGTGGTAGTTATCAGGATTAAACTGAGATATTAATCTTTTACTACTGGGCATGGATGATCTTTAAAGGTTCTTTGAATAGTAGACTTTAATCGCTGCTTATTAATTAGCGAGCTCTTCGTCTAGCAATTGTCGAATCTTAGCCTTTCCTTCTGTAACACCACCTGGTTCGATTATTTTACCATTTAGTAAAAACGTAGGGGTTCCTTGAGCTCCGATCTTAGAAGCTGATAATAGATCACTGTTTATTCTGTCAGCAACACCTTCAGATTCATAGCTTGATTTGAACTTAGCCATATCTAGCCCTAGTTCATCAGCATAGTTTTCAAATTTACCTTGAGCGCTTTTATTATCGCCTCTCCATTCACTCCATCGTGCATACAATAAGTCATGCATGTCCCAGAACTTACCCTGAAGGGATGCAGCCTCAGCCGCCCTTGCTGCTGCAAATGCGTTAATGTGCTTATCTGTAAGAGGGAAATTTCTGAATATAAAAGCCACCCGGTCGTTATATTCTTCTTTTATTTTTAATAGCTCAGGTTCCCATGCGTTACATGCAGGACACTCATAATCTCCATAGGTTATTAGGTATACCTTGGAATCTGTCTTGCCCCTTACATGATCATCCGGTTGTACTAAAGATGGGTCTGCGATTTTTCTTGTGGTGCTATCATTTTTTTTGCTGGAGTAAATTGCATATCCAAAAACTGCTAATACTAAAACTACAAATATTATCCAAAATTTTTTATTCATATTTATAGTTTAACACAAGAAATAAACCAGTCTGTTACTGGTTATTTCTTTAGTTTTGCTCAGGACTCTTTTCAGTATTTTCTGGTTTGATGATATCAATCTCGTATCCTGTAAGCTCTCCGGCTAACCTGACGTTAGCTCCTCCTCGACCGATTGCTATTCTAACTTCTTCTTCAGAAACATAAACTTGAGCAGTTTTGTTTGATTCATCTAGCTCTATTCTGTCAATTTTTGCAGGAGAAAGGGCTCTTATTATATATTCTGAAGGATCTTCAGCCCACTCGACTATATCTAAGCGTTCGTTATCTCCAATTTCTGCATTAACTGCTTTAACACGAACTCCATGACCGCCTATCAAAGTACCTGCTGCGTCAACTCCTGGAATATCTGTAAAGACAGCTACTTTTGTTCTTAAACCAGCAGCACGAGCAATTCCTTTAATCTGAACCGCCCCATCAGATATTTCTGGAACCTCTTGTTTAAATAATTCAATTACAAGTTCAGGGCATGCACGAGATACGATCATAGTTGGGATTCTGCCCTCATCATCGATTTCTTTAATATAAAACTTGAGTCTTTCACCCATGTTATATCGTTCACCAGGAACTTGTTCCTCTTTTGGCATTAGAGCGCTGGCTCGGCCTAAGTCTACTCTTACAAAACGAGATTCAACTCTTTGAATACTTGCCGCGATTACAGTACCAACTCGGTCTTTATATTCATCAACCATTATTTTACTCTCTGACTCTTTCAAGCTCTGTATAATCGCTTGTTTGGCAGTTTGAGCGGCTATTCTTCCGAAGTCTTCTGGAACTTCTTGAGCTTCTTTTACGCTACTTCCTATAGATGCATTTTTATCTACCTTTTTAGCACCTTCAAGAGTAAGCTGAGTTAACTCATCCTCTACTTCATCAACGACTTCATAATTAACAAAGATTTCAAGTTCACCATTATTGATGTTAAATTTTGCGGATACGTTTTGACCGCGCTCTCCTTTATCTCTTCTCCAAGCTGCCGCAAAAGCGTTTTCTACAGCTGTAAATACTGTTTCTTCTGGCACGTTGCGCTCTTGAGCTAAAGACTTAATAGCCTCAGATAGCTGGTCTAATTTTAAGCTTTTCATATTAATTTTTATTCCTTTCTTTAGAAATGAAAATGCCGGGCTCAACTAGCTCGGCAAGACTTCTGTTAATTATAGATTATAGCAAATCTAAGTTTACTTATCAAACTTATGAACAGGAGTTTCAGTTCTAGTGAAAACATCTTCTTGCATATGTAAAATATCATCATCTTCAAAATCTTCATGCCACCAGTAACCAAGAATTTCTCTTTTTTCATTACTCGGTGAATCAATTGGATGCTTATCAATAATATGCGAACCATTAGAGCCATTAGATACGGCTTCCTTATCATTTATGATAATACCCACATGCTTAGTCGCCCATGCTCTATGAAGCTTGTTTTCACCATAAATTACTAATGCACCTGGTCTTGGCTCAGCGATTTCTCTCCAGCCGTTTTGAGGTAGTTTCGTAACTAAAGAGTTTACATTTGCTACCGCTTCATTCTTCCAGAGCTCACACATCTTAAGCGTAGTAGATATATGATATGCGCAGGAGAGATTACCGTCCTCGTATAGGTCATGAACATTGCCGTCAGAATCTAAAATAAAAGACTTTGACCACATCTTGCTCCCAACTGAGTTGTTTGCAATATATATTAAGGTTCGTCTTCTTAGCCAACGAACAATGTGAGTTTCTTGATTCTTATCCCATTTCTGCATATGTTTGTTTTGGATTTTGTTTAA
CP060233.1_gap8	486043	490964	4921	GTGGCAGAAGTTATAAGTGGATAATCCATCGGCTTTTATTAGAACTAAGTCGTCTATCGATTCAGGACCTGATGAGAGGTCACCCCTCACTTCATCATGCCAAGTATATTTTTTCGGATTTGACTTAAGTCTTAGTGCATTTTTTCCATACTCCCAAGGTACGATTCTATCTGTAGTAATGTAATCTCTGTATAAAAACGGCTTTTTTTTACTCTGGGCATCGTTGCGCCAATCTGCTACTTCTTCTGGGGTAACATTATCAGCGTATGCTAAGCCTTTTTCATAAAGCATTTGGCCATACTTTTTGTGGACTTCTTTATTCTCTGATTGAAGAGCAAATTCATCCCAGTCTAAATTAACTGCTTGGAGTGTGTCTTTGATAATTTGTACCCCACCCTCGATTTCTCTTTTTTTGTCTGTATCTTCAATACGTAAGATGAACTTGCCTTTATTCTGCTTGGCTATCAACCACACAAATAGACCTGTCCTAACGGAGCCAATATGTATGGGACCGGTTGGGCTAGGACAAAAACGAACAACTACTTTTTCTGACATCTTGAAGATTAATTATAGCAGAGCTGTACTATACTTGACTAGTTATACTTAGTCTTTTATAGTAAGATGTTTCACTTAGAAAAAAATTTATGAGACATGTAAGTAAGGATGGACTTGCCCTAGCAAAAAGAGCAGCTTTAGTTTGTCCAAGTCAGAGCCTTTGTAGAGCCACATCAAATCCATTCGAAGCGCTAAACCCTCATGATGGGGCTAAGCGTGCTAACTGTATTGCAGGGGTTTTAATAATACAAGCCTTGAAACCGCATACATACCCCCTCTTAACAGTTAGACATAGTGTTTATTACGGGCTCACTGGCCTTATCTCATCCCACTGGCTTGGTGCAAGCAGTTTTGGAGAATTTGTACATATAGGCCTAGGTCCTGAGGTAGAAAACAGAAGGAGCTATGCTGAAAGGTATGAGGCATATTTAAGAAACAATGGCGAGATTGAAGAATTGACTGCAAAAGCAGCTTACTTAAGAGAGAGCAACCCAGTTGAGCAGATAGAGGTTTTGGATCGTGATGGTGAAATTGAGATTCACAGAATAGCCTTAACGGATGCTGATTTATTACTCGATCATGTCGCAAATGGACGTACTATGGAAGAACTCAAGGAGATAGCCTCGGCCAAGTTAGAACAGACACTAAGAACTGTGTTATAATATTGTTTAACTTTGCCAGTGGTAAATTACTCTACTGGCTTTTTTAATCTCAATTTAACTCTCAAAACATATGGAAACAACAAAAATTAGAAATCTGGCGATTATCGCTCACGTCGATCACGGAAAAACAACTCTCGTAGATGGACTTTTAAAACAATCAAATACATTCCGAGATAATCAGTCGGAAATGAGCCAAAGCTTAATCATGGATAAACTTGCTCAAGAAAAAGAGCGTGGAATAACTATCACAGCTAAGATTACGGCAATAAATCATGAGGACTATAAATTCAATATCATTGACACTCCTGGACACGCTGACTTTGGCGGTGAGGTGGAAAGAACTCTAGGTATGGCAGATGGTTGTCTTCTAGTGGTCGACGCCCAAGAAGGACCAATGCCCCAAACAAAGTTTGTACTTGGCAAAGCACTTGCTGCCGGACTTAAGCCAATAGTTATTATTAATAAGATTGATAAGGAAGGTTCTAGAATTGCAGAAGTTGAAGATGAGCTTGCTGATTTGTTCTTAGAACTCGCTACAGATGAAGATCAACTACATTACCCTATATATTATGCAATCGGACGGGATGCAAAAGCTTGGGAAAAATTGCCAACAGATCCAAGTGCTCCTGGAGATTTGTCTTGCATATTTAAAGCGATTGTTGAGAAGATTCCGGCCCCTAAAGTTGAAGATGGCCCAACTCAACTGCTAATAACAAGCTTAGAGTGGGATAATTTTAAAGGTAAATATACCGTTGGTAAACTTGGTAGGGGTGGAATTAAGAAAAACCAACAAATGGTTTTAATGAAGAAAGATGGACTCCAAGTTAAGTTTAAAGTGGTGGATCTATTCACTTTTAAAGGCCTAGGGAAAGAAGAAGCAAATGAGGTACCTGCCGGAGATCTAGTCGCTTTTACCGGTGCTGAAAAAGCAGAGATTGGCGAAACAGTCTGTGACGAATCTAGGCCAGAAGCATTACCTATTTTAGAAGTAGAAGCACCAACTTTAAAGATGTACTTGGGTCCAAATACATCTCCGCTTAAGGGACAAGAGGGTGAGTTCACGACTTCTAGACAAATTGGAGACAGACTCAAAAGAGAGCTTGAGACAAATGTAAGTCTAAGAGTTAAAGACGATGGTATTGGATTTATTGTCTCAGGTCGCGGCGAACTACATCTAAGTGTACTGATTGAAGACTTAAGACGAGAAGGGTTTGAGCTCGAAGTTGGACGCCCTCAAGTTGTTACAAAAGAAGTTGACGGAAAAGTTATGGAGCCACTTGAAGAATTAACAATTGAAGTTCCTCAAGAGTTTGTTGGTGCAGTACAAACTGAGCTTGGTGCTAGGCGTGCTCAATTGCAATCTCAAGAAGTTAACCTAAGAGGAGTTAGGCTTGTTTACCAAATTCCTACAAGGGCTTTGATTGGCTTGAGAGGTTTAATGTTGACTGCTACAAAAGGTAACGCCGTAATGAGTAGTTTGACAATTGGATATCAGCCTCTTGGAGGTAATATCCCTCAAACTCGAAATGGTGCTCTTATTAGCTTTGAGACTGGCGTAGCCACACCTTATTCTTTAGAAAATGCCCAGGAGCGTGGAACTGTCTTTATTAAGCCAACAGAAAAAGTTTACATGGGACAGATCATCGGCTTGAATTTACGTAAAGAAGATATGGAAGTTAATATCTGTAAAGAAAAGCATTTAACAAATATCCGATCATCGAGTTCTGACGGCACTGTTCAGCTAACTCCAGCTACTATTTTAAGTCTAGAGGAGAGTTTAGACTTTTTAGAGGACGACGAATTACTAGAAGTCACTCCCAAAAACTTAAGACTACGAAAACGCTTCTTAAATGCCAACGAACGCAAGAAGAATAAGAAATAGTTACAGCTGCAGAGTTGATTGTTCTGAAGTAATAGCAGGGCCTTGTTGACGAACTTTTTTTGGTCGGTATTTTGACCACCAATCGAAAATGTGTTTGGAAGCAGATGCCTCCTGAATTTGCTCTTCTTTAGGTGCGGGCATCCCCGGTGGACGTACACTAAATGATTTATTAGAAAAGAGCTTAAATGCAGTCACCCCTGCTGGCTCTTTTTTAGGAGAGCTCTTGGATCGTATCTGTATGCCTATTAGTTCGGCAAATGCTGGTTCTGATATCTCAAAATCTAACATAGCTAATGGACACTTACCTAGCTCAGCTAGTATACATGACCTCTTACATTCAGATACTCCATAAGCTTTTTCATTCTCAGTAACTGCAAGCCTGGCTAGCTTCCTTACATTAGTTATAATGCTGGCAAGGTTAATATTACCTTCGTAAAACCTGTGCGGGGCCTGTGTTATCTCATGGAGGCACCTTTGAGTAGCTTCGCGGGCAAATGCTTGGCTCTTTTCTACTACACCAACAGAAAGATCAAAAAGTCTGTCGGGATCTTCCACCGGTAAAGGCGTTGCTGTTTCGTCTATTACAGTTTTTAGCCTATTATCTTCTTCGCCAGGTAGCACAGCTATTATATCGCTGCCTACTGGACCACCAGGATCAATAAAATTGGGATAACCTCCACTTGGACCATCGGGGCCTTTTGCCATTTCTTCTACCCTACTTTTGATTTTTAAATACTTCTAACAAAGACTATAGCACTAGATCTAATATGTTACTAAGACTATTAGCTACTAGTTGTTTGATCTACAAGGTTTTGTAAATTTTGGAGCTCTTGATATGGATCTGATGATTTATGTATAGAACCACCAACATAAAATACATCAATGCCTGCTTTTGCTAGATCTTCAATATTATCTTTATTGATTCCGCCATCCCATGCTATTTCTATATTAGACTTAATGTTCTTAATTTCTTTTATTTTAGAAATTAGATTTAAATCTGCGGTTCCTCCGTACTCGCCAAGGTTGCCAGAAAAAATCAACGCTTGATCAGCAAGTAATATTAGTTGAGAGAAATCTTTTGGATCTGACTTTTTGAGAAGTGCAATACCTAAAGAGCAAGAAGAATCTTTAATTAGCTTAATTGATTCTATGAGATTACTATCATCTGATTCTACTTGCAAAATAATCAATTTTGGAGGATGAGTTAAGTTTAAAAGAAACTTAATGACATCTAGAGGTTTCTGATACATAACATGTACTGAGTAAGTTAAAACAGGATCAAGATATGTATTTCTGAAATCTACTAGATTAGTAGAGCCTGAGAAGTCACTGCTTGCTAAATCTAAATGAGCGTAATCAGAAATACTGGAAATTAAATCTGTTTGAGTTGTAAAATCGTGGACACCAAGTGCGGTGATTGTGGGTACTACTATCCTCATAAGTCTTTAATCTCAATTTTTTAAGTATTTAGTATTCCAATTACCGGTAGTTTATTCAAGACTCTTTTACCATGCGGTGATTGATTAATAAGAGAACTTAAGTCTTCACCACATTTAGCTTGTCCGCCAGACGGTCCATGCTCGCCGTTTCTCCACTGCTCATTGCTGCTGGCATCATATACATTTCCGTCTACAGCGACTAGACACTTATTCCCATTCAATCCATTACTTTTATTTAACTGCTCTAGAGTTATTCTTTCGTTTGATGATGAACTTTGGGTTATATTACTTGAACTTACGTGATTATCGAGCGCAGCATCGTTTTTAACCCTGCTTTGACGAGATATTGCAAAGCTAATAAATAACATTCCCGCAAATACTAA
CP060233.1_gap9	492171	495360	3189	ACTAGTTTTGGGGAGTTTTGATCATCTTTGATTAATACTTGAATGCCTGGCTTCTCAGCATCTTTACTTGTTTTAGAGTAAACATATTTACTATTTCTAAAATTGTTAAAATCTAAAACTTCTATATCAATAATCTGCTCTTTAACTAAACTTACAGGGTTGTAAATTGCTAGTTCACCATTTTTATTTAAGTAAAGCTTTGATTTGTCGTCGTATCTGTACTGATTTATTCCTACTCCTACAGAATTAGTTAGATTAGTAGATTCTGCTGGAGCATCAACTCTTAGATTTATTAGTTCTTTATTATCATCAAAAGTGTGCTCTAAAAATATAGAGTCACCATTGGGGCTCCACTTATCGAATTTAATGTCACCCAAGCTCCCGTCAGCTTGTCGAGTAAAGATTTGACTTGGGACTATAATGGTATTACTTATGTTTGCAGGATCATCCTCTTTTAAGTTTAGCTCCTCAAATATGTAAGATTGAGCTAAGCTTAGACCACTTTTGGATACGGCTATTACTTTTGAGTCAGAGTTTAAACTTGAATAAGTCTTTTTAGGTATGTTTGTGAGAATGTCTTTAGAGACTAAACTATTAGGAATTAAATATGGATAATAAAACCACTCGACTTCTTCTGCTTTTATGCTAAAGTTTTTTTCCCACGTTCTGTAACCGTTAGCCTCTAGTCTTAAGTTGTGGCTCCCTTCATCAATCTCTAGTTTATAATCTGTTTTTTTACCGATGTCTTTACCGTCAATGTAAATTTTTGAAGATATGGGCGCAGAATTGATTAAAAGGATACCTCGTTTTTCTACTCTGCCATTTTTTGTAAATGTATAACCTTTTGCTCGGTAAAAGATTAATACGCTCAAAAAAATAGTTAGTGCTGTAAAAAAAGTATATAATGTGACTCTTTTTATAAATTTTGCACGAGGCTCATGAGCATAAGTCACCTTGTGATAGGAGTTTTTTCGCGGCTTTTTTGTTTTTGATATTTTTTTTGCCATCTAGTACTTAGATTTTAGCAAAAATAACTAAGAAATGTGATGATTATTTTTAATATGGCTTCTGTTAAACTTAAAAACATAAGAGTAATATATAAAGTGAACATATAAATGCCTCAATCAACTCCTACAGCAAACAAAAAAAGGAGAGCAAAGAATAATTTAAATAATTTTGACATTAGTCAGATCGAGGCTGACTTAATGGCGGTGGAGGCAGAAACTCTAGATCTTGATAACTCTCCAGAAAAGAAAAAAGTGGGGATATCGACTAAAGAGAGTAATACAGCATCTTCTATCAACTCAAGTACACCTAAATCAGTATCCTACGACCCTCGTCCAGTTAACGTTGTAGATTTTAGCCCAGATAGTTCTAAACTGCTTCACAAAGTCTTAAGAGAAGATAAAAAACCTAAATCAACTTCTAGTGCTTCGAGCAATGTTGTAGCTCCAAAAAAACCACCTAAAAATTTAAAGTTTAATTCTTTCAAACCTTCAAATAAATTAAGCTTAGGAGGTATGGACGGATTCAAGAAGAACTCAAGTTTTTCAACTTCCTTTAGTGTTGAGCCATCCGCTAACCAATCTAACGGTGCTGAAACTGAGCCAGCAAAGACTTTGGTTAACGAGTCAATTGTCAACCCTTCTGTAAGTACATCTAATGTTGCGCTTGCTGGACTTAATAGAGCTAACCAGTTCAATAGATACATGCTCGAACAACATAAAACTTCACTGCAAAATCAAATTGAAAAAAAATCACTCTTTGAGCGAAGTCTAGATGGTGATATTGAAATTTTTGACAAAGGGCTACAGACAAACAATGGCAAAAAAGTTTACAATGTAAAAAGGAGAAAATCTATGTTAGGCGGAGTAGATCAATATGACCTAGGACCTGGAAGAGTCAAAAAAGCTCTTTCTTATCGACCTATGAGGTTTATACTGCCTGTAATTGCATTATTTATTGTGGGTACATATGTAATGTATCTGAATATACCTTCGATTAATATTAAAGTGGCTGAGAATAAATCTGGAGTAGCAGTCTCAGAACCGAGTTATACACCGGAGGGATACAAGCTCTCTAACTCAATTGAAGTAGAAACTGGAAAAGTCGAATTAAGTTTTAAGAAGAGTGATGGTGATGCATACAATGTGTCTCAAAAAGTAAGTGATTGGGACTCAAAAGCTCTTTTAGAAAATAAAATACTTAAAGAAACTAAAGAATATAGTGCTTTTACGGATAGAGGCTTAACAATTTATGTTTACGATGATAAAGCAACTTGGGTAAACCAGGGCAAGGTTTATGAGATACAACTTGATGGTTCTAATATCGACACAGAAGAAATGGTTAGAATAGCTGGGAGTATGTAGATTTTATTCTAATGTTCTTTCTGGTTTAACTTTTGTAATTCTAAGTGATGTTAGCAATAAGATTAACATAAATACTGCTACGACTAAGAAGCTATACTGAAAAGCTATTCCAGTTAATATTAAGCCGAGCACTAATGTAAATATTCCTTCTCCAAATGAAGTTGCTGTTATAAATATTGGATAAGCACGCTCTTCTTCATCTTTGTCAGTTAAACTGAAGAAGAATACGTCACCTAACGGATCCAGGAAAGCTAACGGAATTGAACCGAAAATTAGGAGAGCTATAACAACAGTTGGAGAATTTACGAAATAAGCAATAATAGTTAGTACTAAAAGAGTAAAGAAACAGCTACTAAATATACTTTTAAACGATAAATATCTTAAGCTTTTAAGCGTGCTAAATTCTCCCAAAACCAATGGTAGTTGGGTTAGGCCTAATGCGGTGCCAATCTGAAATAGAGAATAGTTCTGTTGAAGCATATAAAGTGGTAAAAAAGTAAAAATGAATGACCACCATACATCCTGACCGGACCTAATTATATAGGCTACTTTTAAACCCTTAATCCTTGTAAAATATTTTATATTTTGTATTATATTCAAACTCGAATGAACCTCTTCTGTGATATGAGGGACTCTCTCAATATAGGCGACGACTGAAGCAATAATTAGTATCAGCCCACTTGTATACATTGCTGCTTCTGAAGTAAATTTATCCATAATTAAGCCTCCCATAACTGGCCCGATCATCCATGCAAATGCTATTAACCCACTTAAAGTACCTTGAGCCAATGTGTATACACTAACTCTTCTAAAGCTATCC
CP060233.1_gap10	524298	528344	4046	TCTTCAAGAGAGTAGTTCCAAGCTGCTGCCCAATCAGTCATATCTATAATCTCTTTGGTTTGTGCAGTAATAATTCTGTTGGCAAAGTCTTTTATCTCTACATGCTTAGCATTAGTCAGTGCAAGCTGTGCCATCTCAAGTGCACCACTGTGATGGATACTCATATCAGTTATAAACTGCTTATCTAGATCGTCGCCCTTCTTACCTTTGAGTGGAGCACTCATGGCATCTAGTGCTTGCTGAGACGGCTCTGTGAAGGTGTAGCCCCATTGTTTTGCCCATTGTCTCATCTGGTCGATCTCTTTTTGTTGATCGGCTTTAATCGCAACCCCTAGTCTGCGTAACTCTTGGTGCTTAGCATCTGAAACGACATAGCCAGCCATGTCGACTGCCCCGGCGTGATGTTCTGTCATAAGACTTAAGAACTTCTCATCAAAAGCATCGCCCTTTAACATTTCAAGCTCGGCATTCATACTGTTCATACTGTGATCCATACCAGCCATTGCATTGGTATCGTTGACGGGTGACTGTGAGGCTACGGACTGTTTATCTGTGTTTCTACTTTGGTAGTAAACGTATAATCCACAAATTGTCATCGTTACAGCTACCGCAGCTAAAATTAAACCGATTGTTTTACTTTTCTTCATACTACTAAACCTACTACTTTTAAGTTAATAAAATGCGAGTAGAAGACTGTTTAAATTCGATATAACGAGTACTGTTTATATATAGGTACTTTAGTGATGCGTCTTGCTTGTTTAAGTAAATCGGGCAATAAATACACAGAGTAAACTACTCCTATTAGCCCTACGATTACCAAAAACGGCGCGATTGGGTCCTTATCATCATTCTCGGTCTGATTAATGATTTGCTTTTCACTACTTAGAACAGGACACTGCTGTGAACAATCAATAACCGACGTGGCTGCGTGTGAGGGCATACTTGGTTGATGTGCTGAGTGAGTAGTCGAAACTAGTAATGGATTCACAAAGTGAAGCAAGCCAGTCAGTACGAGCGTAGTTGCTAATATTGCTTTTACATATTTTGTAATACTATTAATTTTTTGCATAAGCTTTTATATTATATATCAAATAATCGGAGTATCAAATTTGTTTACTCAGTTACAACGATAGTACCTGTGTGTCCTTGTTGATTGTGATTATGGAAACCCCAACCGCCTACCTTGTCAAATGTGAATTCAGTTTCATCCCCAGGAGCGGGTAAGGTGCCCAAAATCTGTCCCGTGTCGAACTCTGGATAATCGGTGTGAGCGGGGTGAGGGTTAGAGGCGACCCAATTTGGGACTTCGCTTGTCGTAGTAAATTTTACTGTCTGTCCTTTTTTGACCTGGAGCATCCTGGGCTGATAGCCATCCTCGCCATAGTTGATAGTAAGTATGCTATTTTCCTCAGTTTGACTAGGTTCTATAGCCGGTTCGGTGGATTGTGATACTACGTCTTCTTGTTGCCTAGTGCTTTGTGGCTTTGTATCATCCTGGCTCAGTACGAAATTCACTATAACTGCCCCGCTAATCAGAGTTACGAGCAAGGCTGATGTGCTCAACAAGACCTTCTTTCTTTTACCCATATCTACTCCTCGCTTATTTTATTATTATAACTCAACACGTCGAAGTAACTGAGCATTAGCAGCTACTATTATAGTGGAGAGCGACATAAGAGCCGCGCCGATCGCTGGTGATAGTACGAATCCAACTGATGCAAATGCTCCCGCAGCTGCCGGGACTGCCAGCAAGTTATAACCCGTTGCCCAGATAAGATTTTGGACCATTTTAGTGTACGTTTTCTTTGAGAGCTTGACGATCTTGGCGACGCCCCTTGGATCACTGCTAGCCAGGACTATTCCGGCCGATTCAATCGCAACATCAGTACCAGCCCCAATAGCAATGCCGATATCTGCCTGGGTTAGAGCAGGGGCGTCATTCACACCGTCGCCAACCATGGCTACTATCGATCCATCGGATTGAAGCTTCTTAACTATGTCAGCCTTGTTTCCTGGCAGAACCTCTGCATAATACTCATCTAGACCTAGTTCGCTCGAGACCCACTTTGCAACGCCTTCAGAGTCACCTGTAATCATAGCAACACGTTTACCAGATTTTTGTAGCTCCTCGACTGCTTTGCGAGACTCTTCTCGAATGACATCGGATATAAGTAATGCCCCGAGAGTTTGGTTGTTTTCAACAAGATAAATTATGCTTTGACCGTTTTCGTTAGCCTCACTTGTTGCCTTAGCAAAAGATGCACTTAGCGTAACTCCTAGTTCTTTCAACAGTTGTGGGCCGCCCAAATACAGTACCTTATTCCCGATCTTAGCTTTTGCACCACGGCCCTCTAGTGCCGAGAAACCCGTCACTTTAGCTGGCTTGAGCTTACGCTCATTTGCAGCCGCTACGATTGCCCGAGCAATTGGATGCTCTGACTCTTGCTCAACTCCGCTGGCAAGTTCTAAGATACGCTTAGAATCAGCTCCAATAACTTGTGTCACACCTTGTTCGCCCTTGGTAAGAGTACCGGTTTTGTCAAACAATACCACGTCTATATTACGGGCTGATTCCAGTGCCATTCGTTGGCGTACGAGTAGACCAGCATTGGCACCTTTTGAGGTGGAGATAGCTGTCACTAGCGGAATTGCCAAGCCCAGTGCGTGAGGGCAGGCAATGATTAGTACAGCGACGATACGCTCCAGTGTATAGTTGGCGCTGACATCACCAAACACAGTCCACGCAAAACCTGTGATAAACGCGGCAAGTAGAGCATAGTAAAAGAGATATGACGCGGCCTTATCGGCTAGCAACTGAGTTTTTGATTTAGTAGCTTGTGCGTCAGCAACCATCTTCATGATCCCAGATAGTGCAGTATCATCGCCAACCTTTGTGATTTTTATCGTCAGTGAGCCACTGCCATTAATTGTGCCACCAATAACTTGATCATTTTTAGATTTTTCAACTGGCTTAGATTCTCCCGTAAGCATTGATTCGTTAACTTTGGATTCGCCTTTAACAACCAGTCCATCCATAGGTATGCCTGCGCCAGGTCGAACTAAAACCTTATCTCCAACTTTTAGTTCACTAATAGATACGGTTTTAGTGCCACTAGTGGTAATGAGTTCAGCCTCATCAGGCAGTAACTTAGCCAGTTCTTTTAAAGCGCCTTGGGCATTGCTGATCGAGGCCATCTCCAACCAATGTCCGAGTAGCATGATGGTTATTAAAGAGGCTAACTCCCACCAGAAACTCATGCCGTCGACGATGCTTAGAGTAATCAAAGAGCTATAGACGAAGGCAACTGAAATTGCCATAGAGATAAGCGTCATCATGCCAGGCTGTCGATTAGCGATCTCAGCTTTAGCACTTTTCAAGAAAACCAGGCCGCCATAGAAAAATATGGTGATGCCCAAAATGGCAGGAATATACTGACTACCTGTAAACGAAGGTGCTGTAAAACCAATTAAATCCTGAATAGTCTGAGAAAAATATAAGACGGGCAAGGTTAGTAGGAGAGAGACCCAAAACTTCTGCTTAAACATGTTCGGGTTGTGACCGGCGTGTTTATCATGGTCTCCATGTTCGTGGCCTGATTCAATAGTTCTTTTTTCGAGTGCCATGTGACAGGTTGGACAGGCTCCACGTTGATCTTCTACTACATCAGGGTGCATTGGACAAATGTAGACTATCTTCTTCGTATTGGTTTGGTGTTCGTGTTTCATATTATCCTCCGCAGGTTGATTCACTAAGTGGTACTAAATTATTGAATCGGTCTATAATTTGCTGCTCAGTTGGCTCACTTTTTTGTACAAAAATAACTACATTCCCTATAAGGTTGTTAATCGTGGATAGCTCTTCGTCAGTCTTTGTAGATTCCGGAGACATGTTACTGTTCTGCTTAGCTTCACCGTGTGCATACGCCTTCTTGAAGAATAAATCACTGATACTGAAGTTGGATGACTCAGTGCTAGTAGTAATCCTACTCTCCTTACTGAAGAAGTCTTCCATATTCGAGTTTAAAAATTCATTCCAATCCCTCTTT
CP060233.1_gap11	626559	629220	2661	ACAACTAGTATGTTGGCTAAAATGGATATTACTGAAAACGTACCAAATACATGTGCGATGAGCGGTGCCGTCATTATTTGGGCGCATACAGACTCTATAATCATTGAGATGATTAATCCTGGTCTTTTATCTTTGTTTCTATATATTTGATCTGTTATTGCGGGAGCTAATATTAAGACTCCGAAAAATGCTAAAAAGCTAAGCCACCAACCAATGTCCTCTAAAAGATAGGTGGGATTAAAGATAGATGTAATTGCTGCGGATATTAAGATTAAGTTTAGTGGTGATATTTTTCTTCCCACAAAGCTACATGAAATTGAGATTATACATACTACTGCTGCTCGAACTACACTTGGAGAGAAACCAGTAATTAACAAAAAAGTAAATATTAAGCTTAAAGATATAAGCGCTCTTTGATACTTAGAAAGTTTTTTACCCAATTTACTTACGGCTAAGACTAAAATTGTTAAGTTATAACCACTAACGGCAATAATATGTGTTAAGCCTACTCTCGATAATTGATCTTGAAAGTCTTTGGTAATTGAAGATCTAACTCCTGCAAGAAAACCAATGCCCAGTGAAGCGTGAGGCTCAGGTAGGGACGAATAGACTGATGCAAAAAATTTTAACCTTACTTTTTCTAAAGTAGATGGACTTGAGTCTAAGACTTCAATATTTGCATACGAGATTGAACCTGTTCTAGATCCTAATGCTGGCTTAAGCTTGCCTTCAACAAATATACTATCCCCCCTGTAAACTGCGATATTTTGCTTAGTTCTAATTCTGATTCTGCCAGGTAAGTATTGTTGGTCTTCTATAAACTTTACTTTGGTAATATTAAATTCATAATCACCGTACTGGTTATAAGCTGCATCATCTTGAACGATGGCAATGAGACTTAACTGTCTCCCAAATAACTGATCATAAGTTTTTAAACTATTTTGAAAGTTTGATGAGCTGATAAATATTAAACCGGTACATATTAGTAGGGTTAATAGTCTGCCTGATTTATGTTTCGATTTATAGATTAAGAATGCTCCAGTAAATAAAGTTACAGTCCAAACTTTAGATATTTGTATTGTAAAGTTAAAAGTAAATATCTTACCTAAATAAATTGACAATAAAACAACTAAGCTTAAAAGGGTAATAAAGTGAGACTGGCGATTAAAAGGCTGTGGCTTGGTAAGCATAGGAATTTTCTGAGTTTTAGAAGAAAGGAAAAAGTGAGAGAAGAGGTGAACTTACTTTATCTAGTTTAGACTATAGAAATGCTAGAATAAAGATCAAATATGAGCAAAAAGCAAACTAAATTAGAAAAAGACTTTAGTTTTGAGCTTTCTAACTGGTTAAAGTCCGATAATACAAAATCACTACTAGAGCTTGACACTTTTTTTGGTGATAAGACTTTTGCAATTTTATTTATGTTTATGATGGCGGCAAGTGCTCTGCCGATACCAACAGGGGGTGTAACTGATGTCTTTGCGATCATTACTGTATTGTTTTCTGCTCAGCTTATTTTGGGGAGAAAAAACTTGTGGCTACCTAAGCGCTGGAGAAAGATGAAGTTAAACAAATTGTTTTTGAATAAACTTTTGCCTGGATTAGTAAAATTAATAAGATGGTTAGAAAAATATTCAAACCCAAGGCTTAGTTGGGTTTTTAAAGGAAGATTATCAGATATACTACTAGGATTATCTGTAGCTGTACTGGCAATTGCTACAATTGCAGCGCCTCCTTTTTCTGGGCTTGACACAATTCCGGCACTTGGAGTGGTAATAATATCAGCAGGCATAGTCTTAAAGGATGGACTAATGACATTAATAGGCTGGACAATTGGTGCAAGTGGGATCTTGATTCAGCTGTTGTTAGGTAAGGCTGCTGTTGAGCTCTTTCAAAGAGTTTTTTGATTAAAACATACAAAGTTGTGCATAACACAACTATTTTAATTACGTTAGTGCTTTTACCAATACACGTGAGAAGAATATAATTCAGAGAAAGATAGAATATCTAAATAAAAACTAACAATTTAATTAAATATGGGGGCTTATTATGGGCAGAAAGAAAACAATTACAAAACTAAGTGAAAGCTATGCTTTAAATGCATTTGTTGAGGCACCTATTTTTGATTGGAAACTTTCTAGGATTAGCTATTGGGCCAATATCATTACTCTTTCTGCTTTTACAACTTACTTTTTAGGAAGTTTGCACATGATAGATAAACTTTTTACCTTTATTATTAGTGGAAAAATAATGGGCACAAATTATGAGCTAACTTTTACTAATGTTTGCTGGATTAGTGCTGGGATAATAAGTAGTCTACTTGCATGGTCAATTTATAGCTATCTTAAAGTTGCTAAAAACAGAAACAAGATCAAACTCCGTATACAAGAGGCCCAACCCTTTACCCTCAATGTAAGAATAAACGCCTAGTTTACTAACTACTCATTGGGAGACGTTTACGCCAGTGGGCTGACTCAAACTCATGACGCATCATTAATACTAGATCTTCTTTAGTAGTACCAAATTTGACTCCTGGATTTAATATATTATATGGGTCAAAGATCTGTTTAACCCTGGCAAAAGCCTCATATATACTTGCTGGATACATTGTCTTCATATATGGAGCGCGCAAACGTCCGTCATTATGCTCTCCAGATATTG
CP060233.1_gap12	652070	655049	2979	AACTTAATGGGTTTAAGGGATCGTAATCTACTCTGTGATTTTCGCAAGTATTTTGGTCGTCCGCCATACCAACTTGTTTTAAATTTGATGGATCCCCCTTAGAAAAAATCTCTTCGATTCCGGAGCCAAGACTCGCAGGATCAGAGATGGATATATTAGGCTTACAGTTATACCCTGCAGGCTTTTTTCCGTTTATTGACTTGTAGCCGACCATATCTGCAAATAATCTGCTACTACCAAGTCCATTAATTAAACTTAGTCTCATATCTCCAGCTGACTGAAGATCTACATAACTTCTTTTTTCTTCACTAATTGTTGTATCTAAAAGATTTGCAACATCAAGCATCGATTGAGCGTTCTGCGAGCTAATAAAGTGCTGCAGTGTTCCGTCTGTTGCAAGATCTAAGGCATCCAGTACAGTCAGAGCTAACATAACCCAACCAATTACAGGGATCGCTTTTGTTGCAGTTTCTCCGAATTTTTCTGCTAAAGTCTCATTTAGCTTATTAATTAGATCTTTGACGATCTGTACTTCAATCTCTTGAAGGCTTTTACCACCATATTTATCTAAAAGTTCAGTTACTTTTTCAACGCCCAATCTATCAGCAGCAGCTGCGATCGCCCTATTCTCTTTAATTAGGTTACTAGGACTTGCCCTTGAAGATTCTCCACTTAGCAGTATCTCAAGAAGCAAACCGACCCTCGCATTACCTTTATTTACTACAAATTTAGTTAGGTATTTTCTAAAATCAGAAGTTGCCGTTTTCTTTAGCGCTGTTATGTCGTCAAGCTTTTTAGCAACTTTTTGTGGAGTAAAGACTCGGCCGGGTAAGCCAAGATCTCTTAAATAGCCCGCTTTTAAGTTCCTTCGCTTTAAGTACTGATGCCACTTAGTGTCGTTTTTAAGTGATGCTTTCATCTCCTTTCTTATAATTAAAGATGCCTCCCTTCTGCCAACAAACTCTGCAGTGTCTAAGTCTGGGACACCAAATTTTCCAGACGCTTGAAAATTTCCGCCTTCAGATTCTGGCCTGTTTATTGTGACCTTATAGGGTCTACCAGAATCTCTTTGTGAGTAATCATACTCAACATTAACACCATTTCTAGAGAGAGAATCTTCTATTTTGGCGGCTTGCCAGTCGTTAAAAAGCTGAGATAAACGAGTGTCTCTTTCTTCGATTCTAGGCCTACATGCATTGATTCCGGCGACATTTCCGGCAAGATTATAAGCGGTTTTACATTTTTCTACAGCTACCCTATTCTTCATATAAGAATAGAGGACTTTTTGGCCCATCTTATCGACAGCACGTTCGGTATAGGCAGAAACTTTGTTTTGTATCCAACTTTGCATTGCATGAGGAATAACCCCAAGTATTCCTATTGGCACTGCCACAGCTATAGCAAAAACTGCACCGAGAGCCAGCATTCTAACTCGCTTTCTTGCTCTACCACGAATATTAAGTCTACTAACTTTCTGACTTTCTACTTGATCAATCCTTTCTCCGATATCTTTAATCCACTGTTGATTATATTTATCGATGGTATCACTTAATTTTTGCGCTTCTGAATTACTCGAGATAGTTTTTGTTTTAGTACTCTTTTTTTTACTTGATTCTCCATCCGCTTCTTGCGACGATGAACCTATTGTCGGCCTAAAGCCTGATTGTTTAGTGCTTGGACTTGTTTGTTTTGCTGTACCAAAATTATCATTATAAAAATCATCAACAGGATTAACATTAGAGCTACTAGATTCGGCTTCGGCTAGATCTTTAACTGCGAGAACGCCATCTCTTAAGCCAGCTTCCATTTGATCTAATTCGGCCAATTCTTTTGGGGTTATAGAAGTGTCACCATCTGGCGCATTGGTAAATGGCATTGGTCTCTTAGGTTTTACACCAGGTAGGTTACGGTTATTAGTCTGTTGTTTAGCCATCTAATAAATTGACTCTATTAATTTTAGTTTTGAGGTGAAACTCCTTGGTTTGGAGATTGTATTGAAGCATTACTATTAACAGCCTCAAACCTTTGTTCTGGGTTATCTTGCTGAAGCTGATATGATGCATCTGCCATAGCAGATATTTCTTTTGCTTTGGCAAGCTGTGCTGGATCAGTTGTAATAATCTCAGTCTCTGTTGGGCTAGCCTCTACCTTTACATGTACATGGTTGGAGCCAGCAAACAGTAAACCTTGACCGACAGGGAACTGTGTTAACCTTTTCTTCTCTTCGTCAGTTAGCTTGAAGACCTGCTGAAGGATATCTACTGCAGATGTAGACTGTTTAAGAAGTAGTTGCATCGATGCGTTAGAGACAATAGCACGACCAGCTTGATCGGTCATCATATCCTCAACATCCTGAGTTACGGTAGTTAAGCCTAAGTAATACTTACGGGCTCTTTTTGCCAAAGAGAACATAAAGTCTGCAGAATCTTTATATTTTAACAACTGCCAAGCTTCATCAACAATTAAGTTTCTTCTCTTTTTATCGCTCTTAGTTTTGTTCCAGATGTGGTTCAAGACAATATACATCGCTACCGGACGTAATTCTTCTTCTAAGTCTCTAATATTAAATACGACTAAGTTATTATTAATATCAATATTGCTCTGTTGGGAGAAGATCCCTGCAAATGTACCTGTAATGTATTTACGAATCATTTGGGCCATAGCCGGACCAGTACCTTGCATATGAGCAAGCGTCTCGTAGAGATCTGATATGGTTGGAGGCCGAGATTGGTGAGTTAGTGGATCTGCAGTTATACCTGCACGAGCGTAAGTATCAATTAAAGCTTGGTCTAGATCTGCTTCCATTACTGGGTTAACTTGCCCACCCATCATCAATCTAAATAATCCGTGAAGCATGATTAAGTTTGCCCTTAGGGCGTTATCGGCTTCTTCTACATCAACGACTCTTGGTAAATCAAAAGGATTAATTCTAGTAGTAGAACTTAGGCTTAAGCGGATATATGTACCGCCTACAGCCTC
CP060233.1_gap13	687619	688892	1273	CGTACTGTACCACCGGCAATTAATCCAGTACCAAGTGAGGCTGGCTTTAATAAAATCTGAGCTCCTGCTTTTTTAGCAGTAACTTCGTGTGGGATTGATTGGTTTTTATTGCTTAATTGGATCTTCATCATGTTCTTGCGAGCAGCTTTTGCAGCTTTTGCAGCTGCAGTTGGTACATCACCCGCCTTTCCAATACCAATACCAACCATGTCATCACCATTGCCTACTACAACAAGGGCCTGCATACGGAAGCGTCTTCCACCTTTAACTACACGAGTTACACGATTTACGTTAATAAGTACTTCTTTGTCCTCAGAAAAATCCTGAGCTTCTTTTTCGATTACTTTTGTGGCGTTTGTTACTTCTGTCATAAGCTTAAATATATAAATCTAGAATTTTAGTCCACCTTTTCTAGCTGCATCTGCAAAAGCTTTAACTCGACCATGGTATTTTTTTCCATTTCGATCGAAGACAACTTCAGTAACTTTTTTAGATGACGCAGTTTTTGCAATTTCTTCGCCAATCTTTTTGGCTTTTTCAGCAAGTGATCCAGATGATTTTTTACCTACTGTGCTAGCTGAAGCAAGAGTTTTTGAAGTAGAGTCATCAATAACTTGAGCAGAGATATGAAGATTAGAAATTGTTAAAGATAGACGAGGCTTTTCTGAAGTGCCAGAAACTCGACTTCTAATTCGAGCCTTTCTTTGTTCTAGGTTATGGACCTTCTTTTTTACTTCTTTATTCATTTGAACTACTTACCTGAATTATTTACCTGATTTGCCTGCTTTTCTGACAACTCTTTCAGTTTTGTACTTTATACCTTTACCTTTGTATGGCTCTGGCTTTTTAAACTCGCGGATTTCTGCTGCAATTCGCCCAACTCTTTGCTTATTAATTCCACTTACTGTGATGTCCATCTTTTCGATTTTGACATCTACGTCTTCAGGTATAGTATAGCGTATTTCATGGGAAAAGCCAAGGCTCATGACTAAATCTTTACCCTCCAATCGGATTTTAAAACCAACACCATTTACTTCGAGTTCTTTTGAGAATCCTTCTGTAACTCCAATAACTAAATTATTAATTAAAGAACGAGTTAAACCGTGTTGAGCTTTTTGCATTTTTTCATCATTGGCTCGCTCGACTTGGATCATTTGACCATCAACTTTTACAGAAGAAAGTGGAGGCACTTCCATACTCTGCTCACCCTTTGGGCCTTTGACAGTTAAAGTACGACCTTCCAAAGAGGCACTGACACCACCTGGCATTTCGA
CP060233.1_gap14	690132	691332	1200	TTGATTGATGTTTTTTAAGCCAAACTCTTTTTGAATCTTTGGAGCGATCTCTTTGTAATGAGACTTTAGGTTTGGAGTGTATTGTTGTTTTTTATCTGCCATATTTATACCTCTAAACCTCTTTCCTTCCGTCTTGTACTGCAACACGGACCTTTGTACCATCATCTTTAATCTTATAACCTAATCTTGAAGTTCTTCCTGATTTTGTTACAAAAGCTACTTTAGATACAGCTATTGGCATAGTCTTTTCTTGTACTCCACCATTAGGGTTGGTAGCACTAGGTTTTTGGTGAGTTTTAACAATATTTACACCTTCAACAACTACTGAGTCTACTTTTGGCATAACTTGAAGAACCTTACCTTCTTGGCCTTTATATTTTCCGGTGAGAACTTTTACTTGATCTCCTACTTTTAATTTAATGCTCATAATTTATAATACCTCCGGTGCTAGTGAAATTATTTTACTGTAACCGAGGTCACGTAGCTCTCTTGGTACTGGACCAAAGATACGAGTACCTTTTGGTTCTTTTTTGTCATCGATAATAACTGCAGCGTTGTCATCAAATGAGATTGTACTGCCATCTTTTCTCTTAATAGTTTTCTTTGTTCTAACAACAACTGCTTTTACAACTGATTTCTTTTTTGTATTTCCAGTAGGAAGAGCGTCTTTTACAGTAGCTACGATGACATCACCAACGTGAGCATATCTACGACCTGATCCGCCAAGTACGCGAATACAGAGGATCTCTTTCGCTCCACTGTTATCTGTTACTTTTAATCTTGTTTCTTGTTGAATCATAGGCGTTTACTTTAAATTTCTACTCCTTGCAATTGTTGTTGAAGCTTAGTTACTTTTTTATCAACTGACTTAAGCGTCCAAGTTTTTGTTTTTGAAATTGGAGAGATCTCTTCGATAGTCACTTCATCCCCTTTGTTTGTTTCTTCTTTTTCGTCATGAGCATGGAACTTCTTTGATACTTTATAAAGCTTGTTGTATTTAGGATGACGAACCTCACGCACTACCTGAACAGTGATTGTTTTGTTCATACTAGTACTTGTTACTATTCCGCTTAATGTTTTTTTACTCATATACTACTTCTCCTTAACTTTCTCTTCTTTTTTAGACTTCCTATCATCTGACTTTACTGGTTTTACTTCTTTTGGAGCATTAAAAGCGGTTTGGATTCTAGCAATGTTTTT
