gap_id	start	end	length	sequence
CP065011.1_gap1	63683	67887	4204	ATTGTATTCATACAGTCTTTTCTTTTCTTAATCCTATCTTTTTTTCTTCTTCAAGTTTATCCAGCTCTTTACGAAAATTTCCTACACTTTTGAACGATTTATATACACTTGCAAACCTCATATACGCAACATCATCAATATCCCGAAGCTTTTTTAAAATAAGCTTTCCAATGTCTCTACTTTTTATTATTTCATTATGTCTCGAATGAATACCGTATTCTATATCTCCAAGAAATTTTTCTATCTGCTCAAGTGTTACGGGCCTCTTTTCAAAGGCTTTTTCTAATCCTTTCCGAATTTTTTCTCGATCATATTCCTGCTCTTCCCCCGATCGCTTTACTACAGTAATTTTTAGCACTTCAACTTCTTCATATGTGGTAAAACGTCGTCCGCATTTTTCACATTCCCTTCTTCTTCGAATAGCACGCCCCTCATGCACATCGCGGGAATCAATAACTTTAACGCTTGTATTCTGACAAAAAGGACATATCATAAAAAGTCTTTACATTTTCTAGATATTGTGTAGCTATCTTTACTTTCTACACAATATATTGTGGTTTTTTACATAATAATGAGTATACTCGAAATTATTTGCTTAAGCAAATTCGCGAGTATGAAAGAAAAAAAATGATTTATCCACCGAAAAGGAAGAGGTGCCTATTTCAATAATTCACTTAAAAAAATAATTCCATACAAAAACCCCTTTACATATATTTATCTAAAGGGGTTTTTCTTGATGAGAGAAATAACGTTCCTGAAAAAGTTATCTTTGAGGGAGTATTTCTACTGTTATTTGATCTCCCAATCTACAAGCATTCATGAGGAGTCGTATTGAGGAATGTGTTTTTGGCTTTCTCAATTCCTCTTCATATTGCTCTGCAAATCTCAAGAAAACGCACTCCCAATCCAAATCACGAAGACATCGAGCGACAATTCTCCGCATTCCATCTTTATTGGGCAAGGGTTCTCCCGAGAGATAAAGCTCTGAAGGACTTCTCAACAAGCCCATGAGCTCGGCGATAATAAGAATTGATCCTGATTGATTTTCAGGATCTAGACGATAGGGCCCAACCTTTACAATAAGTCTATCAAGATAATCCTCTCCGATTATTTGTTTGGCTTCACGCATCCGTCTAAGATTTCCCCTATCAAATACTGGGGTTTGAGAGAGATTTTTTTGTATCATTTTTCACCTCAAAGAACTAAAAAAATCGGATACTTTCCGACACAAAAACCCTATCATATCCCCAGAAAAAATCAAGGGGTACGTATATATTAATTTCGCCTATTGCTTTATTTTTTCAAAAATTTTTTCTTTATTCAAGCGAGGGAAGATCAGAAACTTCTTTTAGTTCCTGTGAAAGAATTTTATCCCCTTTTCCAAAATAAAATTTTCCTTGAAATTTTTTGTTTTCGAGAAATAATGGAAACCAATATTCATCATCTGCCCACATATCTTTATAAGGTATATTTTCAAAATTAAACCATTTTGGTTTCATCTCATCCGTTTCCTCAGGAAATCCCACAAAACTATCCACACAAAATATATGCACTACCATAATTTCATCAGGACGAGATTCAAAAATGAATTCATGCACGCCTCTGTATTCCATATTTTCAACACCTACGCCACATTCTTCAAACATTTCACGACGAGCCGCCTCAGGAATTGTTTCTCCCGCCTCAACTTTTCCACCAAATCCATTCCACCGTCCCATACCAAAACCCCTCTTTTTCATACCAAGAAGAATTTTTCCTTCTTTAGTAGCAAGACAAAGAGTAAAAAGTCTTTTCTTCATAGATTCTGCGATTATTTCCAATTAAGTTCTTGGTATATATCCATCGGATATGAAGATATAAAATCAAGAAGAAACGGTACTGAAAAAGCAATTGCGATAATAGGAAGAACAAAAAGAATAAGACTTATAATAAAACGGGTCATGAGATGCTTTCGTACTTTATGTACTTCTTGCTCGATGATATCAATCTTTTTTTCTATAGCATCAAGTTTTTGTGTAAGTTCTTCTTCATTCATACAAAATAATTATTTATTTATTTTTCAAAACATTTCTTATACTCTCTCATACATTCGCGAAAAAATATATACTTTTTTTGAACTAAATATTAAAATTTTAAGACCCAAAAAATTTCCTATACTTCCTAACGAGCCCGCGAGCGAAAGTTTACTTTCATTTGAGGTGAACGACGGGATTTCAAACTACGTCACGCACCGTGACAGCGTTTATATTTTTTTCCACTTCCACATGGACAAGGTTCATTTCTTCCTACTTGCTGCCTAGCTCGTATAGGCTGAGATTTTGATTCTTCTCCTCCGCTAGAATTCATCTTTGTTGTATCAAAACCTCCGAATTGCTTCACTTGTTCTGATGGTCCACTTAGTTTTACATTCTGAAGAGATATCCCTCCGCCAAAAACAGCCGGAGCAGATTCGAGACGAAATACCGAGGAAAGAACTGACCCTCGCACACTTTCCATAAGACCCGAAAAAAGATGGAATGCTTCTTTTTTATATTCAATAAGAGGATCTCTCTGTCCATACCCCCGAAGCCCAATACCCTGACGCATATATTCCATCTCATCTAAATGATTCATCCAAAGCATATCAATAGTTCGAAGATAAAGTGCTTTCGCAACTCGAGAAACATTTTCAGCGCCAAGCTCTGCTTCTTTCTTATTAAAAGCCAGCTTTGCTAAACCAAAGGCATGCTCACAAAGTTTTGTTCTTTTCTGATGCGATTCCAAAGAACGATCATCTCGTATTCGTTCAAGCTCTTTAATAACACTCTTATCCACTTTAAACATATCTGAAAGATTTTCTTGTATCCGAGCTACTTCCCATTCCATATCTTCTCCTACACATATATGAGAAAATTGCATTTCAATATGGTCATTAAGAGATGTAAGAAGAATTGATTTTATATCTCCTGTTTGAAGAATCTCCATCCTCTTTCTATATACAACTTCTCGTTGCTTGTTCATAACATCGTCATATTCCCAAACATGCTTTCTGATATCAAAATTAAATCCTTCAATTTTCTTCTGAGCACTTTCTATAGTTCGAGAAATCATTGCATTTTGAATAGGATCATTCTCAGGAAGCCCAAGAGTTGTCATAAGACTTTTAAGTTTATCTCCACCGAAACGACGCATAAGTTCATCTTCCAAAGAAACAAAAAATTGAGAGACTCCCGGATCTCCCTGTCGTCCAGCACGCCCTCGAAGCTGATTATCAATTCGTCGAGCCTCATGCCGTTCACTTCCAAGAATAAACAAACCGCCTAAAGCAGAAACACCTTCTTCAAGTTTAATATCAGTTCCTCGACCCGCCATATTTGTAGCGATTGTAACCGCACCCTTTCGTCCCGCTTGCGAAATAATTTCAGCTTCTTTCTCATGTTGTTTAGCATTAAGGACTTGATGTTTAATTCCTTTCTTTCGCAAAAGCTCACTCAAATATTCTGATTTCTCTATAGCAATCGTTCCCACAAGAATTGGCTGTCCTTTAGCGTAAACTTCTCTAATTTTTTCAACAATAGCCAAAAATTTAACTTTTTCAGTTTTATAAATAACATCGGGGAAATCTTTTCGAATCATTTGTTTATTGGTCGGGATCTCCACAACATCAAGCTCATACACTTTTGCGAATTCTTCTGCACTTGTCATAGCTGTTCCGGTCATTCCGGCAAGCTTTTCATACATTCTAAAAAAATTCTGAAAAGTGATAGTAGCTAAAGTTCTTGATTCTCGTTGTACAGAAACACCTTCTTTAGCTTCAAGAGCCTGATGTAATCCTTCGCTATAGCGACGCCCTGGCATAAGTCGTCCGGTAAAATCATCAACAATCATAACTTCCTCATCTTTCACCACATAATCTTTATCTCTTATAAAAATAGCGTGAGCCTTGAGCGCTTGTTCCAATTGATGAATAAGACGAATATTAGTTGGATCGTAAAGATTAGAAACACCAAGAATCTTTTCTACCCGAGAAATACCATCATCCGTTATAGCAACTGATCGAGATTTTTCATCCAAGGTATAATCTGTATTTTCTTTTAAACCTGAAGCAATTTGAGCAAATTTGGCATACATATCGACAGATCCCGAATCTGGTGCACTTATAATAAGTGGCGTTCTTGCCTCATCAATAAGAATAGAATCAACTTCATCTACAATAGCATAATGA
CP065011.1_gap2	70986	72857	1871	AAAAATCTTTCTCTCAAAATCTTTTGCCAACAATTTTCCATCTTTTGAACCCAGAAAAAATCTCCCGAAAACCTTAGAAAAATTTGTATCCCATGCAAGAACTTTTTCATCATTCGAAAAACTCGCAATAGCTCTCGCCGTATAGGCACCCACACCAGGAAGTTTTTCAAGCTCATTCAGATCAAGAGGAAAATTCCCATCATGCTGGGAAATAATTTTTTTTGCAGTATGGAGCATATTGCGACCACGGCGATAATAGCCAAGTCCTTGATAATAAGGTAAAAAATCTTCCCATGAAGTTTTCTCTAATATATCGAGAGTAGGAAATTTTTCAAGAAACCTTTTATAGTATACTTCTACACGAGAAACTTGCGTTTGTTGAAGCATAATTTCCGAAACCCACACCTCATAAGGTGAAATATTTGATCGTCTCCAAGGAAGATCTCTTTTGTTTTTTTCATAAAACGAAATAAGTTCTTTCACAAAGAAAGAAAGTATCTTTCTTTGTGAAAATTTTTCTCTATCTTGTTTCTTTTCGATTTTCAATACGATCTTTTCCGACATACTCTTGTAATACTTTCGGGATCAAAATGCTTCCGTCTTTTTGTTGATTATTTTCCAAAATAGCAATAAGAGGTCTTTCTGAAAAAGCAGTAGCATCATTCATATGAACGAACTCTAATGTTCCATCTAACCGCCTTACACGAGTATTTAAACGCCTTGCTTGAAAATCTCCAATAAGGTCTGAAGTGTGCGTTTCGCGATATGTATTCTGCCCCGGCATCCATGCTTCTATATCAATTTGCCTATAATCTGGCTTTCCCATATCTCCTGTACAAACAGCCAAAACTTGATAAGGAATTTCTAACGCTTTCATGAGATATTCTTGAATAGCCACGATAAAATCTTGTTCCACACGAGAAAATTCAGGAAGGGTAAATGTTTCCATCTCAAGTTTATTAAATTGATGCAGTCTTAAGATTCCTTTCATATCCTTTCCATATGATCCAGCTTCTCGACGAAATGCTCCAGAAAAGCCGACCATGCGAATCGGAAAATTCTTTTCATTAAGAATTTCATCAGCATACATCGCGCCAAGTGTATGTTCTGCGCTTCCAATAAGAGTAAGATTATCTCGATCAAGCATATACATTTCCTCTGGATCGAGTCGCCCCATACGCTTATGCATTTCAGGGCGAATCATCATCGGCGGAAATACTGGAATAAAAGGTTGAGTAGAAACATCTATATTATTTTCTTGTGCTATTTTTTTGAGAATATCTTCATTGGTGAGAGTGCGAAATGCGAACATCATCATTGCCCATTCAAGCATAACTAAATCACCCTTAAGATACACGAATCGAGAGCCACTCACCTTTACAGCTCGATTACTATCAATAAGATCCAATTCTTCTCCCAACACAAAATGCTCTTTAGGCTCAAAATCAAAGGATGGTTTTTTTCCAATCTTTCGTAAAACAACATTGCCACTTTCATCTTTTGCTATAGGAGTATCCTCGCTAGGAATATTAGGCAAAAGATACATATATTCAAAAAATTGTTCGTCAAGAAGCTTAAGCTCAGGTTCTTTTTTCTCTAATTCTTCTTTAATTCTTCTTCCTTCTTCAATAGCCCTCATTCGATATTCTTGGTCCGTTGTCTTCTTAATATTTTCATTTATCTCATTCTTTTTTGATCGAAGAAGTTCTACCTCAGCCATTAAAACTCGTCTTTTTTCATCCCTATCCAAAAGTTTATCCACATCAACCGTAATGTTCTTATTTTTAACCGCCGCCCGAACAATATCGGGATTATTTCGGACAAATTGAATATCAAGCATAAAAATATATTATTTATTTTCCCATTTTTAA
CP065011.1_gap3	253904	256539	2635	TTCGTGAGATTGCATACATAAATTACTTTTGCACGACTTTCTCGTATAGCTCGGGCAAATGGTTTGATTACAACGCTTGGCAAAATACTACAATAATGATTTCCTGGACCAATAATAATAACATCCGCCTGGTCAACCTGAATCAATGCCTTTGGATAAGCACCAACGCGCGATTCGTACCATATCTTTTTTACTCCTTTTTCTTGTATATCTGAATGATTAATAGCATTCTCACCTTCTAATATAGTTCCGTCACCAAGTTCCAAACGTAACTTTGCATCATGGTCCGTCACAGGTATGACTTCCCCGGAAACATTGAGAATTTTCATTGCATCTTCAATGCCTTTTCCAAAAGAACCATTAATTTTTTCTAAAGCACTTAAAAATAAGTTTCCAAAATTATGACCTTTAAGACCCCCTTCCGAAAAACGATAATTCATAAGTTCTCTCATTTTTCCCGACGATTGTGAAAGCGCCACAAGACATTGTCTCACATCACCCGGAGGCAATACTCCAAGCTCATCACGAAGTACGCCTGTAGAACCACCATCATCAGCCATGGAAACAATAGCGGTAAGATCTGATGGGTATTTTTTTAAACCCAAAAGTAATGTATATGATCCCGTTCCTCCTCCAAGCGTTACTATTTTTCTTACTTTCATATATTTTTTCTCTCCGTCAAAAAATTCTCAAATAAAATCTATTATTCTTTCTTGAGCCAAAACAAGCGCTTGAGGATTTCCTATAGGAAACCAATCTACTGCTCGAAGAACTTGAATATTATTTTTATCCTTCATATTCACAAGAGTTTGAGGAAGGCCATATTCTGTTTGTGAAATTTTTACCAAAGGATAAGAAAAATATTCTTGAGTTAGCATATAAGCAGCTGTATTTACCAAACGGAAATTTGGATCATGAGGACGCTCCAGAATATCCTTCAAATTTCCCTGATCATCCGTTTTCAGAACTCCAAATTGAGAAGAGTCTTCTACTTCTATAGCCAAAACAGCTAATTCATATTTCATCAAATTTTCCAAATCTTCTTTTTTATACAAATCATCTCCCATAATCACTAAAAAACGTTCTTTTAAAATACTTTTTGCGCTATGAAGGATTTTTCCTGTTCCATCAATTTCTTCATGAATAATATATTGGATTTTTTTTCCTTTATAAGTATCTCCAAAATAATGTATAATTTTTTCTTTCAAATAACCCACGATAATAATTACCTCATCAATAGCATCGGGGAGCATTTCAATTGTATATGCAAGTTTTGGTTTTCCTCTAAGAAAAAGCATGGGTTTTGGAATATCATTGCAAAGATCTCCCATTCTTGTTCCTCGTCCCGCTGCAAGAATTACACATTGCATAGTTTTCTACTTATTATTTTCATAATTCTCTTTTCTATGTTTTTACATCTTACACTATTGTCTTGATTTTTTCACCTTTTGCGTGTACAAAAAGGATGGTCAGCTCGACCCAATGAATCAAAGGAGATTCTTTCATGTTTCTGAAAAAGTTCTTTTTTTTCCTCTCTCTGAGTATATTTATGGCAATCTTTTTTTCGGGTTGCGGTGCGACATTAAGAGGTATGGAATCTGATCTAAAGAAGCTCTTAGAAAAAGGGTCTTCTTTCTCCTCAGCTCATCCCACAGAAGTGTGTGAACGTTTTTACAACAAGTCAAAAAATCTCTATAGACAATGCTTACATCAAGAGATTGAGACGAAATTATCACCCGAAGACCGAGAAAATTTGTACTCTTTGGGGCCATTATCCGGATGTCAAAAATATTCTCAAACAAAAAATAGAGCATCCTTTCAATCGTGCCAAATAAAAACTTTTGTTTCTCAAAAAGTTCGAGAGTTTGAATCTTGGCGAAGAAAAAATCCTCCCCTCTAGAAAAAAAGGAGGGATCATCTTCAAGCGAGTTTGTTTTTACAAACTCGCTTTTTCTATAAGATATATCACTCTTTTCCTATACTATGACCACCAAAAGCATTCCTCATAGCAGTAAGAACTTTCCCTGTATAACTAGGATTTCCTTGTGATTGTTTGCGAAAATCAAGTGATTGCTCAATATTTTTAACAGACACATCCCAGCTCTTTGCAATATCAACCGTCCACTGACCCTCTCCACTGTGAGAAACTTCTCCAGAAATATTTTCAAGATTCTCTCCATAATATTCCATACCCTTTTTGAGCCAGCCTATCAATCGAGATTCTACTACACTTTTATGATTATAAAGATCAGCGACATCACAAAGATTAAGATCGAATGGGGATTGTTTCATAAGAGTAAAACCCTCAGCAATCGATTGCATCATTCCGTATTCAATTCCATTATGAACCATTTTTACAAAATGTCCTGCACCAGAAGGTCCAAAAAATTTATAAGCATTCATTGCGGAAATATCTTGAAAAAGTTCTTCACATTTTTCAAAAATATTCTTCTCCCCTCCCACCATAACACAAGCCCCATTTTTAGCTCCTTCAGGACCACCTGACACTCCAGCATCTATATAATAAATTCCTTTTTCTTTTAACTCTTTATGTCTTCGTATCGATTCTTGAAAGGGAGAATTTCCTCCATCAATAATAATATCACCTGATCGAATGTTCTTAATAAGATCCGTC
CP065011.1_gap4	298797	303262	4465	AATAAAATGAGATAAAAAAAAGTTCCAAAAAACAAACCAGTAAAATTAGGGTAAGTACCACAAAAAAAAGCCTCTTTATTAATACAACGATCTGCAAGAAATTCTATACCCAATATATTTTCATCTATAAAAACAAGAGGAATTTCTATAAAAATAAAATAGAAAAAGGCAGTCGGAATCGCTCCTATTCCAAAGCCAATAAACTTAAAAATCATCATACTAGAAGGATATCCTGAAAAAAAAGCAACTCCCAAAGAAAACACGACAGGAAAAATCAAAAAAAGAAAAAGAGAGAATGTAAGTAAACTCGGCTTTATGACAAAACATTTCTTTATAAAATTCATAAGGCTATATATTTATTTGATTATTTTTTTCTTCATACATTTTTAAATTTCCAGATTTTTTCATTTTCTTCGTTAATCAGATGAATTAATCTCTACCCAAAACTGATATTGTCTTTTAAAAAAATTGCGATAATCTTCCTTCTATGCCACTTTTTGAAATCTTTGCAAAATTACAAATGTCATCAATTGAAGCACCATTTCAAGATAAAAAATAAAAATAGTTTTCTTCCCCTTCTGATTTCTTGTTAGATTTTTTTGCAAAAAAAGAAGTTTTTTTCTCTATTTTTTTACCTTTACTCCTGAAAGTTTTTCGAGATCTTCGAAAAGAATTTCCCTCACAGCATCAACTTCTTTCCCGGACAAAGTTCGGTCTACAGATCCGAAGACCAAATGATATGCCATACTTTTCCCCTCTTTACTCTCATATAGGTCAAAGAGTTCTAGAGATCGTAAAAGTTTTTTCGCACTTTTTTGTATAGTTTCTTGAATAATTTTCGCTGTAATTTTTGGAGAAGTTACGAGAAGAGAAATATCCCTCATGACACCTGGAAATTTATCCAAAGGAGAATATTTTTCTTGTACATTTTCCCTACATTTGAAAATCGAATCAAAATCAAATCGAGCCAGAGAAGTAGATACAGGAATTTTCCAAAGCTTTGCAAGATAAGGATGAATCATTCCTACATAACCAATAGTCTTTCCAAAAATTTGCACTTTTGCACTTTGTGATGGGTGGAAATAAGAGCCTCCTTCGTTTTTCTTCAAAGATTCAAATTCCGTTTCAGAAAAAAATAATTTTTGAGAAAGAGCTTGGATATCCCCCTTGAGAACGAAAAATCTTCGAGCATTTTCTTCTTTTTTTGTTGTCGAAGAAATCATACCGAATTGAAAAATTTCACAAACACTCGAATCCGATTTTTTCGTATACACTTTTCCAGCCTCAAACAAAGAAAGCGTGTCGAAACGACGAATGTTTTCTCGAAGAGAACGCATCATATTTACCAATATATCAGAACGAAAAAGTTCTTGATCAGGACTCATAGGATTGGCAAGTGAGAAATGATTTTCCTCGGGAAGTAAGAATGTTTTTGCAGTTTTTTGCGAATAAAAAGAATATGTTTTTATTTCATCATATCCCATGCTTATACAAATATCTTCAATATGTCGTTTTAATTTCAAGGAAGTATTTCTTTCTCCGATTTGAAGAGAAACTTTGGGTGCTACGGCATCAATTTTTTCATATCCATAGATTCGTCCTATTTCCTCTATAAGATCCTCTTCATGAGAAATATCTCTTCTTCGTGTTGGAATATGAACCAAGAAAATTTCTTTTGTTTTTTCTTCCAAAGAAAATCCCAAAGAAAGAAGAATCTTTCGAATTTCCTCTTTTTCTTTTTTAATCCCAAGAAGTCGCTCTACTTGAGCAATTTGAAGTTCCACCGTTTTAGAAAGTGAAACCTGTGGATACTTGTCACAAACACCCATTATTTTGGCACCTGCATATTCTTTGAAAAGTTCTAAAGCTCTCGATACAGCAATAGAGGCTCCATTGGGGTCAATATCACGTTCAAATCGATAAGAACTTTCTGTATCTAACTTATGAAAAATTCTACTTTTTCTTATGGATACAGGATGAAACCATGCTCCCTCAAGAAATACTGAAGTTGTATTTTCATCTGTTGCCGAATTTTTTCCACCCATAATACCTGCAAGAGCAAGAATTTCAGTTTTATTGGCAATTACAATATCGTTTTGAGAAAGCTCTTTTTTTGATCCATCAAGAAGCTCGAGTGATTCTCCTTCTTTTGCATTTCGAACAAAAAGAGAAGATCCTGAAATTTTTGCATCAAAAGCATGAAGGGGTTGCCCTGTTTCAAGCATAACATAATTTGTTATGTCCGTAGCAATATTAATACTTTTAATACCACAAATAGAAAGACGTGATTGCATCCACGAAGGAGTTGGGGTATCATTTTTTATTTCATAAAGAAGTGCCCCGATATAACGATTGCATCTTTCTTTATTTTCAATTTCTACAGAAATATTTTTTTCCGAAATCGAAGGTAGCTCATATTTTTCATTATCGAAACGCAAGGTTGTTTTCAAAATACAAGATAATTCTCGGGCGACTCCAATATGACTCAAAGCATCATGACCACGGCTGGCAAGAATATCGAGTTCAATACTGTCATCTCCTTTTTCAAAAATATCACAAAGCTTTGTCCCCAAAGGTATAGTTTTGTCCAAAAGAAAAATTCCACTATGATCCTCTCCCAAGCCAAGCTCGTCTTCAGCGCAAAGCATTCCCTCAGATTCAATTCCTCGAATCTTTGATTTTTTTATACAGAGTCCATGAGGAAGTTCTGTTCCTATAGTAGCAACAGGAACGCTATCGCCAATGGAAATATTATGAGCGCCACACACAATAGAAAGAATTGTTTTTTCTTGCTGATCAAGAGCAACTTTGGTCAATTGTAGTGTATCAGCATTTGGATGCGAAGAAATCTCAAGAATTTTTCCCACTATCACACCTTCATGCATACCAGGATTTTTTTCAATACTTTCAACTTCAAAACTATGACGCGTGAAAAGTTCCGCCATTTGTTCGACGGTTATGTTTGTCATTGCTAATTCATTGAGCCACGATACAGAATATTTCATACATTCGATTATTATCTATTTTGAACAACTACTTTCAAGAATTCATTTTACTCTATGAGAATTCTTTATTCCTTCGATCCTTATTATCTTTTTACAGAAATGGAGAAATTTTCTTTTCTATTTCCACTATTACACTTCTTTAAAATTGTCGTATAAATCTCAAATCTCCGCTATGAAACAAACGAATATCATCGATTTTATATTTCATCATGGCTAACCGTTCTACACCAAATCCCCAAGCAAAACCTGTATATCTTCCTCGTTCATATCCAGCAGAAACAAACACATTTTGATGAACCATTCCAGCGCCACCTACTTCAATCCAGCCAGATTTTTTACAAACACTACAACCAGAGCCTTTGCACACAGTACAACTAATATCAAACTCAAAACTTGGCTCAGTAAAAGGAAAATAACTCGGTCTGAGTCGGAGAGTAATATCTTTTTCAAAAAATGTTGAGAAGAAATCTTGAGCTATAGCCTTAAAATGAGAAACGTGTATATTATCCCCCACTACAAGCGCCTCAAATTGATGAAATGTATGTTCATGAGAAGCATCCGTTGCCTCATTACGAAAGATTTTTCCTGGCACAATAATTCGAAATGGTGGAGTATGTTTCTCCATATAGCGAACCTGTACCGCTGATGTTTGTGTTCTCGGAAGAAGTGCATTTCCTTTTTCATCTTTCTCTTTCATCCAAAAGGCATCTTGCATATCTCGCGCTGGGTGATCTTTCGGGATATTAAGTGCATCAAAATTATAAAGTTCTTGTTCAATTTCTGGACCTTCTGCAACCTCGAAACCCAAAGAAAGAAAAATATCTTCGATAGATCGCAGTGTCTTTGTAATAGGATGCAAATGACCAAGTATTCTCTTTTCTCCTGGAAGAGTCACATCAATACGTTGAGATTCCCAATCATAAGAATCCTGCTCTTTTTGTTGTATTCTCTTGTCCAAATCAGCCGTTATTTGTTGCCTCATTGCTTGGAGTTCTGGTCCACATATTCTTTTTTCTTCGGTACTCATTTGTGAAAGTTTTCGAAGTTCTTCGGAAATTTGAGATTTTCTCCCCAGGTGTTTTGTACGAACACTTTCAAGTTCTATAACTGTTTTCGCGCTATCAGCATCTTTTGCATAATTATCCCACAACGTTTTTTTCATACCTGTTTTAGTTCATTCTTTAGATACATTCAATCGAACAAAATGTTTTTTTCCAATACGAAGAATTTCTCCATTATCCGATAATTCTATCTTCCTTTCCACAAATAAACATTTTTCTTCTCCCAAAGAAACACCCCCCTGTTCAATCTTTCTACGAGCATCGCTTTTACTTTCTGCAAATTTATGAGAAACAAGGATATCCATTAAAGCACTTCCCGAAGCTACTGCAAGAATATCCAATGACTCCGCATTAATATGTTTTTTGGAAAATGTTTCAATAAAATATTCTTTTTCTTTT
CP065011.1_gap5	312593	313160	567	CAGCAACCCCCTCCACAACATCCGCCCTCTTCTTCCTTTTCAATTTTAAGATGTGTTCCATCGCAACGACCTTCTTCATTTTCTGTATATCCACAAGAGCAAAGAGATACTGTTTCATTTGCATTTTCTGCATTAGTCAAAATATGAGGTCCTTTTCCGATACCTCCCATTTTCGTAATTATATATTTTTTTTCTTCGTTCATATAAATTCTTCTTTACTCTATTATTTTTCCACCTTTTTTATCGTTAAAATGACTGTCCAATCATTCACAGTAATTTCCTTTTCTGCATCAGCATTTTCTATCCTACCAGAGATAACCTCTTTTGCCAAAGTTTCTTTGGCAATAAGTGATGCTCCAAAAAGAGAAAAAACTTCTTCCGCTCCAACATATCCCAAATGAATACGATTTTCTACGTCATATTTTGCTTGATTTCGCATTTCCTGAATAACGCGAATAATCGTTCTTGCGAGGCCTTCAAGCTTTAGCTCTGGAGTAATGTTTGTATCAAGTTCTACATCGAAACATTTTTCGTCTTCTTTGCAGATCACTTTTTTTACATTCAATT
CP065011.1_gap6	319738	323793	4055	GATTCGTTCTGTAGTAAATCCAGCAGAATCACACACACATTCAACTCGCTCCAAAGAAAAAGGATCCCGATGAGATTCTTTCAAAAATGCATCTATTTCAATAAGAAGTTTTTTGGAAAGGTCTGTATCTATAGGAAATGAATGTTCTTTTATTTTCTTTTCTTTTTCTATCAAAAAAAGTTGTGCTAAGTGTGAAGTAAGTTGTATTTGTAACACCATAAAAATTCGAAAAAAGAAATTGTCTATCTCTAACCTTTTCCCAGAATATCTGAAAAAGAAGAAAAAAACAAACTCCCTTTTATTTTTTATTTTCTTTCTTAATTCATACCCCTTTTATGAATTGAGAAACTTTCATAAAATAATAATTTCTCTAAAAATAAAAATTATTCCCCGAAGCGAAGAGATGATCCGCCGTTATAAAGAAGTTTTATTTGTTCATCGGAAAGGGCGTAGTTGAAAATTTGAACATCATCGATTTTTCCATTCCAATAATAATTTCCACCCCCACCATAATTACCCATTGTTATCGCTTGTGCCGAATAATTATGCGTATCTGGAGCTGAAGTTGAAAGATTCGCATTCAAATATGTATACGTTATTCCTGCTCGCCTCGTTACTAAAGCATGATACCATCTCCCCGTTACAAAATTTGATCCGAATCCAGTGGTATAGAGAGGACTTCCCGAACCAATAGTTGCATTATAATAACGTAAAATATTTGTATAATATTGTATCACACCTCCATTTGATCCATGATCTAAAACATATTTATTTCCAGTAAGATTATTTCCATTAATCCACGCAGACCATGTGAAGTCTCCTGTACCGTAAGCAAAAACGGGATTTGATGATATGTTTATTTTATCATCCGTTCCATCGAAAGTAAGTGACGAATTAAATTTCCCAGTAATGCCATTCCCCCATGCAGTATTGGGGGTTTGACAAGTACCTACTGATAGTTGAGTTCCTCCCGAACCACTCCACGTTCCATGATTATTATTTCCGGAGATATCGTGAATTATTGTTCCCTCACACTCATCCATATTCCAATACGCAATAGGTTTTCCACGATTATATTCCCATGCGATTTGAGCTGGAGTGCGAGCGTAATTATAGATACGAACGTCATCTATGGAGCCTGTAAAATAATAGCCTCCATTAGACCATTGTCCAAAATAATTTAAACTAATATTAATAGCTGGAATAGAAGAAGAAACGGAATTTGCTATAATTTCTTTTCCATTTAAATAAAGTTTAGTTGTGGCATTGATTGCTCCGGGTATTTTAACCGCCTCAAGATGATACCATTGGTTTGGATTTATTAATCCAGAGCTACTTCTATAACCAATCCCCCCATTAAATTCCGCTGAGACCGAGCCGTTGCCATTATTATTTATCATTAAGGAAAAATTGTGTAACGCTACCGTATCACCAAAAACAGCGATGGACTGTGCGGACGAAATTGAATCGGTTTTAAACCATGCAGAAAGAGATACGCTTGCATCACCGCTTATATTAAGTCCATTTACCGTTGAAGTACTATAGTCATTCGTTCCATCAAATTTTACTGCTTTTCCCACTTTTCCTACATCCCAAATGGGACCATTCGTGAGAGTTCCGTTATTATTTTTTCCACTCGTATCTTTGACTGTAGTTCCTGTTCCATCGTCAAATGTCCATTCTCCTACAGGAGTTGGATCAAGTCCCGAAGCGCAGTTCCCTTCTATATTTCCTGGAGGACAATATTTCTCATGAGCACCAGTTGCTGGACCACCTACCGTTACAGGATTTGCTGTTCCTTGTATTATTGCGCTTCCTCTATTGTATTCGACTTTAATTTCATCTTCAGTAAGGGCAAAATTGTAAATTTTTGTTTCATCGATCTTGCCTTTAAAAGCGTGTCCTGATAGTCCACTCCAACCAGAGCCATATGGGTATAATGTTCCAATTGCCAAAGAAACATTTCCATCGCTATAAACAGGTACCCAGCTAGAAATGTTATGCGTACCACTATTTGTTAGTTTTCCATTAATGTAAAGACTTACTTTTTTATCAAATCCTCTAATTGAAAAAGCTATATAATGCCATTTTCCTGATTCTATTGTTTTATTGAAACCCAAGCTATATCCCGTTGAACCCATAACGTAAAAAGATAAATTGGGGTTTACTCCACCTGTAGAACTTATTGAATAATTGTATTCGCCACTCCCATTCCATGGCTTGGAAATAATATTTCCTCCATCATCGGATGAGTCGGGTTTTACCCAAACTCCAACAGAAAAATCACTTCCGGTATACCTATTTGCTGATATACTATAAGGGACTTGAATATAATCATTACTTCCAACAAAATTTAACCCGCCTTATGTTCATATACATTCTTTTGACAAACAGGATCTCCTTTCATCAGAAACTTTCTTAGAAACGCAAAACCCTCGTCCACAATTTTCAGGATCAACCAACATAGCAAATGCTATCGTCGTTACCTCCATACAAAATACACCAAAAATTATTTTTAATGAGATTCCCGTTAATGATAATGGGTATTGGAGTCAAACACCCGAATCAGATCTCGAACCTGGATATTACACATTTTACATTTTTGTTCGGGATCCAAATAACTCAGCGATAATTTCCTCAAAAAATATTCCCTTTTTAATAACTGCTGAGAAAACTATAAAAGACTTAGGAAACAATATGCTCTCAGAAAAAATTCTTTCATCTTCATATAGTACTTCTCAAGCAAATCAACTATCACAGCCACCATTTGATTTTATCTTTTCTCTAAAAAATACAGCTGAACTTCAAAAAAAGAAACTCGTAGCATCAATAAAGACACCCAATTTTCCAGAAAAATATAGAGGGAAGGAATTTACAGTCAAGTTTTCTATTCTAAATGAAAACGGAAATGAAATTCTCGAGCCTTTTCATAAAACCATCGAGCTCACAAAAGATAGTACTTTAGATCAAAGTATTGAGATTCCTCTTTATGCAAGAAATGGCCTTCATTCAATACAGGCTGAAGTTTCATTTGAAAATTACTCTGTACATAAACAAAAATATTTTGATATGCATATAACTCCTGCAGTTATACGTCTCACACCATGAAAAATCAAAAAAGTTAGAAGTATTCCAAATACAAAATTTCTTTTAAAAAAGCTTTTTGTACACTTTTTTTCTGCATGTTATTTATGCGAACCACCTAAAAAGCAAAAAACCACTAGATTTTATTCTCGTGGTTTTATGCATTTTCATTAACTATTTTTATTTTGGAGCTGGTGGAGCAATTTGATTTGGATCAACACCTGAGGCTGGATTTACATTCGGATTTACTTCCCCCTTTTCTTCCCCTACTGGTTGAGCACCTTGACTAGGTATTGGTGTTTGCGGAGAAAGATTACTCTTTCCATCTCGAATATTTTGAATAAATTTCGTCAATTCCGTTTTTGCTTCTTTCGACTCTTCTGGCAAAATATCTAAGGCTTTTTGATAATATTCAATAGCTGTATCTTTTTCTCCCTTCCCTTCATGGAGAGCGCCCAGACTTAAAAGAGAATTAATTTCTTCTTTATTTACACCCAATATAGATTGAAAAAGACTTTTTGCTTTATCAATATCATCATTAGAATTTCTCATTTGATATAATCTAGCAAGGGTAAAGGTATAGGAAAGATTATTCGTTATTCCAACTTTTCGTACAGCATTCTCCATTTGCAAAATAGCCTCATCTTGATTTCCAAGGGTTTCTTCTACTATTGCTAAATGATAATGTCCGATAGGATAATTTTCTCTAAACTGCAAAGATTTTGAAAATTTTTCTTTTGCACTTTGTAATTTCTCTTTTTTTTCACGTTCCTCTTTAACTTTTTGAGAAATAGCTATATCAATCTGACCAAGTTTTAGATAAATATCAGGATTATTAGGCTCAAATTTAAGAAGTTTTTCATAAGCATCCTTTGCCTTATCTATAAAGGTTGGGTCAAAAAAAGCCATTCCGTCATAAACAACAGCAACATTTTCCTGAGCCACTGTATTTTCTGGCAACAAATCTCTTC
CP065011.1_gap7	459906	461873	1967	TTTTCTTTGGTGAACCACTAATGACATTGTTTGGTCCTCCAGAAATATCAATAGCATGAATGTATATATTCTTTTCACCTTGATTACGGAATGAGGAAGGAAGTTTACAGTCAAAGCCATGAGTTCCACTAATACCATAACCTTTGTTTATATCAGGTCTGGAAACTTTTGTTTGACATCCTGCTATAAATTTTCCTCCTTTACCATAAGGAGCTCCTTCATAAAAATGAACCCAGATAGATGTTCTGGAGTTATCAGGATCATAGGCCCAACCTTTTACACTACAAGTATTGGAGTCAGGACCATCAAAAGCTCCTATAGCAGGTTTAGCACTTGCAGCATCTGAAAATGGTAAATCAAAAGAAATTCCTGAGAAGATATCCCTTGTTGTTGCTTTTTGAATAAGAAGAATACTTCCAAGAAAAAAGCTTATGACAAGAAGAAGAGAAATGATTTGTATTTTAGAATCTTTTTTTTGTTTTTTTTTGTTTTTTTTTGTTTTTTTTGAAAACATAGTTGTGTGTTTTAGGTTATAGTAGTAATGATACTCTTTTGTGGGAGATGTTCAAGACTTTATAATTTTTCTCTATTGTAAAGTAATTTTCCAACGATGCAGTGCTTGAGAATTTCTTTGTGAACTGCATATATTAGTAGCGCTTGTTTTAAATTTCGCACAGTACACATAGAAAGATCCGTTTGCTATATGATTTGCGGAAGCATTATCACTAACTACCGTACAATATTGATATCCACCATCTAAGCCTTGTTGACTTGCTGGTTCTTCTACGATAGTTTTTGAGAATTCTCCCCTATTTATATATAAAAATTATTCAAAAAAGCATTCTATGTAATTCTTTTTCTACTACAGAGCTTTTTTAAAATTTTTACTTTCCAAAAAATGATTTTCTTTACTTATTGTAATTAAACACTTTTTCATTGAATAATTCTTATAGACAAAATAAAAATGTTGTGCTACATTTTCCTCATGGATGCGCCTAGTGATTTTTGGTTATGGATTTGGATTCTTTCTGGAGGAATAATATTTCTTCTTCTTTTTCTTACCTTACTTTGGATTTACGTTCGAAAAATTAATGAAACGTTAAAAATTTTTTTTTCTGGCACGCAAGAAGCTAAAGACTTTGAATCCGTTATTATAGAAAATATACGTCACACACAACAACTTGAAAAAGATGTAAAAGACCTCGCATCCTTCAGTAATAATGTTTATCGATTAGCCACAAAAAGTCCTTATAAAATGGGCCTTATAAGATTTAATCCTTTTAAAGATATTGGAGGAAATCAAAGTTTTGCCCTTTCTTTTTTGGATAAAGAAAAAACAGGTATGGTTATTTCATCTCTTTATACCCGAGAAGGAACGAGGATATACGCCAAACCTGTTTACAAAGGAGAGGCTCTGGATGGTTATGAATTTTCAAAAGAAGAAAAACAAGCTGTAATCCAAGCATCAATAAAAAAAATAAAAGGATTTCAAAAAAGTGAAAAGTAATTTTTTATTATCATAACTCTCAATTAATCATCATAGAATCATTTTTATATGACAACAACTACATCTCCTCAAAGTGAAGAAAAAATAATAAAAATCCCCGAAACAATAACTGTCCAAAGATTTTCTGAAATTCTTCAACTTTCTGTTTCTGCAGTTATAATGGAATTGATGAAAAATAAAATCTTGGCCACTATAAATGATGAGATTGATTTTGAAACAGCCAGTATTATAGCGCAAGATCTTGGATTCACTACACAAAAAGACTTAGATGTTACTGCTGGGGAAAGCGTTACCTTAGAAAAACTTCTTGAAATTTGTCGTCAAGAAAAAGAGAAGGGTTTAAGACTTACTCCTCGTCCACCAATAGTTACTATTCTCGGACACGTTGATCATGGAAAAACTACTCTACTTGATTATATTCGCAAAGCAAGCGTTGCTCAATCTGAAGTCGGAGGGATTA
CP065011.1_gap8	463235	464758	1523	GATAAAAATACCCTTAAAAACAAAATATTCCATCGGATACTTCTTCTTACAGTATCCGATTTTTTGACCTTGTGAAGAAAAACCATTACAGTAGTCTTTATGAAATATATAATTCCTCCATCAGTACTACACACTGGAAAAACTTTACTTGAAGCGGGTTTTGAGGTTTATCTCGTAGGAGGTTGCGTTCGGGATCTTCTTATGCAAAAAAAACCAAAAGATTGGGATTTTACGACAAATGCACTCCCGGAACAAATACAAAAACTATTCCCTGATAGTTTTTATGAAAATACTTTTGGCACCGTTGGCATCAAAGTTCCTGAAGAAATTTCCATAGATTCCAGTGATCGTATTATTGAAATCACTACGTATAGAACCGAATTGGGTTATTCAGATAATAGACGCCCTGATCACATACACTTTGCCAAAACTTTAAAGGAAGATCTCTTACGAAGAGATTTTACTATGAATGCTATTGCTCTATCCCCTCTTAAAAACGAGATTCAAGATTTCTATAATGGCGAGAAAGATATTGAACAAAAAATTATTCGTGCCGTAGGAGACCCAAATGAACGTTTTTCTGAAGATGCTCTTCGCATGATGAGGGCTGTTCGATTTTCAAGTGAGCTCTGTTTTTCTATCGAAGAAAAAACTCTACAAGCCATACAAAAAAATGCTTCTCTTCTCAAAAATATTGCGAAAGAACGTATTCGTTTAGAATTGGAGCGCATTCTTCTTTCCCCACATCCTTCTGAGGGAATAGAAATGCTTGAAAAATCAGATCTTCTTCAATACATAATTCCCGAACTTCGTGAAGGAATTGGTGTTTCTCAAAATCTTCACCACACGTATACTGTATGGGAACATAACCTTTTAGCACTTAAAACTTGCCCATCGAAAAAACTTTCCGTTCGTCTCGCTGCACTTTTGCATGACGTAGGAAAACCCCGAACAAAAAAAGGTGATGGAAAATTCGCCACCTTCTATAATCATGATCATGTTGGTGCTCGTATAACACGAGAAATTCTCAAACGTCTCACCTTTCCTCGTGAAATTGTAGAACACACAACCCTTCTCGTAGATCAACATCTCTTTTATTACAACGTGGAAGAAGTTACAGAGTCCGCCGTAAGACGAGTAATTGCGCGTGTTGGTCTTGAAAACATAAAAGATCTTATTGATGTTCGCATTGGGGATCGACTTGGAAGTGGTGTTCCTAAAGCTAAACCCTACCGACTTAGACATTTTGAATATATGGTAGAGAAAGTTTCTCATGATCCTATAAATGTTAAGGATCTCAAAATAAATGGAAATGATCTCACTCAAACTCTTACCCTTAAACCTGGACCAAAAATTGGCGCCATTCTTGACGTTCTTCTTGGAGAAGTTATTGAGGATTCTTCAAAAAATACTAAAGAGTTTCTTCTTGAGCGCGCTCGTAAACTTGAATCACAAGAAATTGAAACACTTCGCCATACAGCCAAATCTCGCATTGAAGAACAAAGAAAAAAAGATGAGGACTT
CP065011.1_gap9	583611	585805	2194	TGACAGACGTCCTTATGTGGAGCACCACGCAAATATTTTATTCGTTGAACAAGAGAATAAGCAAAATAATAACGTTCATCTTTTACAGAAGATGAGTTAACTTTTTTCAAAAAGAGTATCTCTGAGATACTCTTTTTTCTAAATAAAATAAACAATTTCTCAAACTAAATTTAGAATGAAATAATGAGAGAAATTTAAGAATGTTACATTTTCTTTTATTGCTTGTAGTTGTTAGAGTAAGCTCTCTAGGATAGTTTTTGATTTACAAATGAACGAAATAGAAGAAATTAAATCAAAAGTCAATATTGTAGACTTTATTGGAGAATATGTCCGATTAGTAAGATCGGGCTCAGGGTATAAGGGATTATGCCCTTTTCATAATGAAAAAACACCATCTTTTACTGTTTCCGAAGAACGACAGGGTTTTCATTGTTTTGGATGCCAAAAGGGTGGAGATATATTTACTTTTCTTATGGAAATGGAGGGTTTAGATTTTCGAGATGCTCTAGAGATGCTTGCCGAACGTACAGGTACAGAATTGAGAAAAAAAGAAAATTCTTTTGTAGCTATTTCTTCGGAACGATCCGTGGATCCTAAAAGATTATTTCTTCTTTTGGATTTTGCAACAGCTTTTTATGAAAAACAACTTTATGAGGGACAAGGAAAATTTCATGCCAGAGGCTATCTTTCGGAACGGGGAATGTCTGAAGAAATACTAAAGAAATTTAGAATAGGATTTGCCCCTGCTGGTTGGAATAATATTGAGAATTTTCTTGTTTCGCGAGGTTTTAGCTTGGAGGAAATAGAAGAATCGGGCTTGCTTATAAAAAAAGAAGAAAATGTGGGAAGATCTTCAATTCGAAGATATGACAGATTTCGTGAACGAATTATGTTTCCCATTATGGATTCATTAGGAAGGATTATTGGATATAGTGGACGAGTCCTTCCTGATTCGGATGATCAAGGTGCTAAATATATTAATACACCAGAAACCCTTATTTATCATAAAAGTAAAGCGGTATACGGCTTGTTTCAGTCCAAAGAAGCAATTAAACAAAAAAAGAATGTTATCGTAGTAGAAGGAAATATGGATGTTTTAGCTATGCATAAATCTGGATTCGAAAATACAATTGCTGTAAGTGGCACAGCATTAACGAATGAACATTTAAATATTTTGAAACGTTATGCTCGAGAAATTTATTTTTTCTTTGATATGGATGATGCTGGCCAAGAAGCATCGAGAAAAAGTGTAGAAATGGCTAATCAACTAGATATCCCTTCTTGTGTTATTGCTATTTCCGGAGGTAAGGATGCTGCTGATATGGCTATTGAACACACAAAAGAATTATCTCAATTTATTGCAGGAGCTGTGCCTTCTATGGAATATTTTCTAAATAGCTGGTCTTTGAAAGAAAATATGAACGATGCTCAGGGAAAGAGACGATTTGCAGAAAAAGCTCTTTCTATGATTTTTACTATGCAAAATGAAATAGAAATTTCTCATTGGATGTCACGACTTTCCGATCGTTTAGGGGTTGAAATAAATGCGCTTTACGCTATGCTTAAAAAAAGACAAAAAGACGAACGAGTGTACGGGAAGAAGGAAGAAAAAAATTTTAGTGATGAGTCGCGGAGTTTCGGAAGTCGAAGTAGAACGGATATACTGGGAGAAAAAATAGCATCATTTCTTTTTTTTCATAAAAAATTGTGGGAGAAATATGCTCAAGAATTTGAAGAAAAAACAAATCGTATGAAAAATATAGCTCCAGGAACTTTTCTCTTCGAAGTTCTTTTTCGAGCCCGGGATTCTCTTTATGATTTTGATTCTTTTCGACTTATTATTCCGGACACTATTCGAAAAATGGCTGAAAAAGCTCAACATGATATGGAGGTTCAAATAGGACAAACAGGAAATATTTCCCAGACAGATGCTCAAAAAGAAATAGAATATATTTTGGAAGAAATTCAGAAAGAATATTTGAAACAACAGTCCAAGCGAGTACAAGAACGATTGAGTGAAGCGGAAAAGTCTGGAAATTTTCAGGAAATTGCTCAACTGGGAAAGGAAATGACCAATCTTATGATGCAGATTCATAAGAAATAAATTTTTTAAAAAGAAGTAAAGTTATATAATTATTTATTTAAACAGAATGCCATACACGTTAGAAAATAATGTGTACAGTATGCTTTTCGT
CP065011.1_gap10	587041	590761	3720	CAAGTAGCTTCTCAAAAACTTCTTAAAAAACATATCGATGAAGTTCTTGCTGATTTATCACCAAGAGAACAGAAAATTCTTACGATTCGTTTTGGTTTAGAGGACGGAGTAACGCATACTCTCGAAGAAGTAGGTCAAGAATTCGGAGTAACTCGAGAACGTATTCGACAGATTGAAGCAAAGGCTTTAGAGAAGATTCGAGAGAATGATCGATCTAAAAAACTTAGGCACTATTGATTTCCTTTTCTTTTTTTGGTAACGTGGGAGATGTTGGTTTATGAAAGGACCAGCATCTCCTGAAAAAGTTTCAGAAAAGAAAAAAAGAGATAAGAAATAAAATTCCGGGATGGCGCTCCGCCAGCTGGCGGAGGTAGCGCAGTTGGTTTGATACATATCTTCATGTATACAGTGTACGTGATTTACAACAAACAGTGTGATAAGATATATATCGGGCAAACAAAGAATCTTAAGAAAAGATTACAGTTTCATAATGAAAAAGTATTCAAAGGATATACTGCTTGATTTGAAGGAGTGTGGGTTGTAATCTATTCTGAAGAATATAAGAGTCGAAAAGAAGTATTAGTAAGAGAAAAACAACTCAAAAGTTATCAGGGTAGAAAGTTTATTAAAAAATACTATATTCCGGGATGGCGCAGCGGTAGCGCAGGTGACTGTTAATCACTTGGTCGTCGGTTCGAATCCGACTCCCGGAGCAGAACTGGAGAACTAGAGTATAAAAGCTCTAGTTTTTCTTTATCTTCGGGCAAATTCGTAGGTTCGAACTGCTTGAATATCGTCTTTATCTCAGAAGAGATTTTTTCAAGGCCGACTAACTTATTATTGGCTTCAATATTGAGTTTTTTCTCAGAAAGTGAGAGGTTCGAACCAATTGCCTTGAATATCTCTTTTCGCTTTTCTTCGTCGCCATCCTTGAATTTTTCTAGTGCATCTTGGGCGAATGCAAGCCATTCCTTGGCTTCTTCAAGTTGGTCTATCCAGTTGGTTGAATTGCTCTCAGAAGCGTCCAAACTTGCTCTAAGGCGTGATTTTTCTTGGGATATGGTATCTTTCTTGGTAATGAACTCACCTTCGCTTAGCTCGCCATTTATTCGCATATCTAGGAGTCTATCTAGCTTTTTGTCACAAGCTTCGAATTCTTTTTTGTGATCCTCGAGTGCTTGTTTCTTTTCTTCGATTTCATCCCTATTTTCTTCCATCAGTTTTTTGATTGCCCATTCCAAGAAAGTTGGATGAATCTTTATTTTCTTGAGAATTTTTATAATTTCTTCTTCAAACTTCTTTTCTTCGACCACTTTTTGATCACATTTTGGATCTAGTCGATGACTGCAATGATAGTAGATGTAATAATGGGTGTTTCCATTCTGACATTTTTTAATTTTGTGTTCAGCTACAACTGATGCTCCGCATATTCCGCATCGTGTTGCTCCAGTATATTTGAAACTATATTTTCTTGGCCTAGTCGTTCCTCGTCGGCCGAGAATCATTTGAGTCTTTTCAAATTCCGCTTGAGAGATCATTGGCTCATGCTTTCCTTTATGCCATTGTCCGCTATCAGATGGGAATTCATACCAGCCATAGTAGAATGGGTTATTCATCATTGCATACCATGAGCTGATGGAAACTTTTTGACCATGCTTGTTTGTAAATTTCCAATCGCTAGTTCCTTTTCTATATGCCTCCGGGGGAGTGAGCTTTCCTGAAGCTACCATCTTCAGCATTTTTTGAATCGTTTCAAATCTTTCAGGGTCTTTTTCAATTTCTTTTTCACCTTTTAGTTTGATGGGATTGTGTTTGTATCCGAGTGGCGACCCATTAGGATACCAACCTCGCTCTGCTTTGTTTCGTAGCCCTCGCTTTGTGTCAGTGCTTAAGTCTCGAATGAATTGATTTGCCATTCCTTGCTCTACAGCCATCACCAGAACATTATCTTCAGGGTAATAACTTCTTCCGAATGTAAAAATATGTTTTATCATCTTACCCTGTAGCATCCAACTTATCGTACCGCTATCTACAGGATTTCTAGACAGGCGATTAAGTTTCCAACAAAGTATTCCATCAGCTTCACCCCGTTTTATTTTTTCAAACATTTCGTTAAAAACTATCCTCCCAGGCTCTTTGGCTGATTTGGATTCATGCATAATTTCAGATATATTCAACCCGTTTTCTTCTGCGAGTCTTTTTAACTCTTCTATTTGTGAGTCGATTGATGCCATTTGTCGATCCTCACTTTCGGATGATTTTCTGGCATAGAGGATGTATTTATTTGCCTTCACTTCTTGGTTCATTGTTTTTATATTAATTGATTAGTTTCTTCAACAAACATCATACTCTAAAACGTTACTAAAGCTAGTGGATAAAAAGCTACATTTCGTACCAGTTAACATCCTCATTAGCGTTGCTTTTGCTGTCCTTCTTTTCTTCTTTTTCCTCTTCATCGTCATCAAACATGTCCATTATGAGGCTTGGCTTTTTAATTTCAAGCTCTTTTTTCTCTTTGAATCGTTCAGGTTCCATCCTTTCAAGCCACCATGCTCCAGCCTTCCAATCTTTCAACATTCCTACTTTTATGCTCTTGTGAGCGAGCTTATGGGTTTCTAATTTAGCAGTCTCTAATCGTTCGCAAAACCCGCAAAACCTTTTTTTATGTCTTATGATTGTGTCCTCACTTATACCCACATAAACACATGCTTTTGATTGGCTCATGCCGTCAGACAGAAGGTTTATAAGGATAGTTTCTTTATCTTTCGTAATTGCAAAAGGACGACCGTTTTTACTGCCTTTGATTTTTTTGTTTGATTTAACCTTTAATTGTTTCGTCATGTTTTTGTTTGTTTCTTTTATGCCAGTTCAAGAGTGTTGAGATACAGAGAAGCCATTTGCGATTTAATTTTCGCATCATATTACTAGAATATTGGACTTTTCTTAGGATCCTTTCTTTCTTCTTTTATGCCGTGTTCTGTCGGATGAGGTTTTGATCAGAATATTATTCACTTTGATTCTGATAGAAGTTTCTTATGTTGCCTCGGAGATTTGGCCTTGGGGTTTAATGTGATGTTCTGCAAGGAGACTTCGTTTTGCAAAACGCCCAATGCTTCTTTTGAGTCGCCCTTGTTGACTACGACTATGACCTAAGATTTGCGGTGTGGTTACCGGCACTATCCTGCCCAATATTTTTTCAATTATGTAGCGTAGGGTTTTATAAGGATCACATTGGATCAGTTTAATCCCGACCTACGCATTTTTTTCGCTTGGTTTATATACTGCAGTTAACAAATCCAACAAAGATTGAGCACATTCAATAGCCTGTTCGTCGCTTATTTCTTCGCCGAACTCTCGTAGATGCATCTTTTTCAATTGTTGGATTTCTTCTTTTGATAACATAAAAACCATACATTATTTGTATGGTAATTATAAAAGTTATTATTTTTACTGAGTTACGCTAAGTGGACTACTTAATGTAACGCTTCAATCTGTGCTTGTTTGTTTTGAATTTTGAGATTGCTTTTTCAGGATCCTTGTCTATTTTATCTTGATATTTTTCATCATCATCGTGTATTCTGTATAAAATATCGAGGTAATTTTCAGTTTCGTACTCATTTGTGTTTCCATCGAGGGATGTTCTTTTTGTTATCTTTGAAGCTTTAATTTGTTCCTCGATGTTTTTAAAAAATGTCTTTGAAATTCTTCGCCTAGGTGATT
CP065011.1_gap11	653165	654605	1440	TGCCTCTCTATGTGTTTTATTGCTTTTTTCTTGGGATGATAAAAATATATACATTGATTACTGTGGATGAACAAGGTTGGATTACTAGGTGGGATAAAAGCCGTTTGAAAGCCTTTGTTTTCTTTCGAGATACTTCCGCTCATATTGCAACTCTGGCTATTTTAGTTGGTCTATTTTTTGTAGGATTTCAAATGAATAGCGGATCATTATCTCATCTAAAAGAAATGCAACAGAAAATTTTTGCTGCAGAAGAACGTGCTGAAAAAAGACTTTGGAAAACAGAAGATCAAAGTACTCTCGTGGATATTTCAAAAGAAGAAGCTCAAATATTTCGGGATACATTGATAGAAAAGATTGAAGCTGATGCTTTTGGATACTATCGTATCCAACCAGGAGAAACGCTTTCTGATGTGAGAAGAAGATTTTTTCTTGAACAAGAAACATCTTTATATACTGAAGAAAAAATAGTATTAAAACCTTTTGAAAGAGTATTTTCAGGAACAAGAATTGCTATTCCTGTAAAAGATCTCCGGACTCCTAATTGGAATTGGTATCGTGAGAAAAGTAGAACTCGATTTGTCGCTCTTGCTTATCCAAAAGAGAATGCGATACGAATAAGTGGAAAAGGATCTTTTGTAACTATTCCTGAATTAACAAATCGATTAAGAAACCCTTCAATACTAGAAAATTTAGGAAACGGAGAATTTATTCTTCGAAAAAATCTTTTTATTGATAATGGGGTTACTCTTCTTGTGGAAGGAGAAGATGTAAAATGGCTGAAACTTAGAAGTGGAGTAAATGATTTTTCTTGGATAAAATCGGAGGGAGGAAATATTTTTATACAAGGAACTAAAATTACTTCTTGGGATGAGGAAAATAATAATTATGATAGTAATTGGGAAGACGGAAGGAGCTATATTTTACAGAAATTAAGCGGAAGAATGGATATTATAAAAAGTGAAGTTGCCTACCTTGGTTATTTCGGCTCTCCTCAGCGAGGAAAACCCTTTGGGGGTCCTTATGGTGTTTCATGGAAGATTTCGGATGATTCTTTTCGAGATGAACTTTCAACAGGCGTGATAGATGAAAGTAGTATTCATCATAATCTTTTTGGTTTATATACCTATGGTATGACAGGGGGAATATTCACAAGAAATGATGTTTCCTATAACGTTGAATATGGTTTTGATCCTCATGATGATTCGAATAATTTATTGATCGAAAATAATAGAGCGACCTATAATGGAAATCATGGAATAATCACTTCAAAACGATGCTTTTCAAATATTATTCGAGGAAATGTTTCAAAATATAATCGTTTGCATGGAATTATGCTAGACCGATCTTCTAATAATAATTTAGTGGAAGGAAATACTCTCTCAGGAAATATTAATGGAGTTGCGTTGTATAATTCTATCGATAACGTTGTTGTAAATAATA
CP065011.1_gap12	780311	780944	633	AAGCAAAGACAACAGACACACCAGGAAATGTTTCTTTCTTCTCACAAACCGTTACGATGAAAGCAAATGGTATTCAAGACTTCGGAGAAGGTGGAGGAGGATCAGATCAAACCCCTCCTGTTCTACAAAACGTAACCGTAGAATCTAAAGACACCACAACCGTAACTATCACATGGGAAACAGATGAACTCTCTGACTCTCGTGTAGAATATGCAACCACTCCCAACACCTATACCAAACAAACAGGAGTCTCTACCTATGCTGACACCCAAGCACAATCAGGACTTCATAGAGTCACTCTTACCAACCTCACACCAAACACTCCCTACTTCTTTAGAGTTGCCTCTACTGATCCTCAAGGCAATACCGGAGTCAATGACAATAATGGCAATGGATATGAAGTCACAACGAATCCTGGACCTTCTATCAGTGGTGTAGCGGTATCAAGTGCTTCTAACACACAAGCAACCATATTCTGGAATACGAATGTCCCTGCAGACTCTGTACTCCATTACAGTGAAAACAAGAATGGATCTCTTATCGATCCTATCACTCTCTCCGGATCAAGTGTTCTTACAAAAAATCATCAAGTAACCTTAGATGCTCTTACTCAAGGAACCACCTACTATTTCT
CP065011.1_gap13	782122	785026	2904	AATCTTTTAGAAAACTCTACCTACCACTTCCGAGTAAAAGGAGAAGATGAATCAAAAAATCTCTTCTCTTCTTCCGACTCTACCTTTGAACCAAAGTCTCCACCACAAATCAAAGAAATCAAGATAGAAGTTCTTTCAGACAGAGAAGCAAAAGTAAACTTCCTTACTGATACTCTTACCGACTCTCTTGTAACCTACAAAAACAAAAACAAAGAAGAAGATCAAAAGAGTGAAGGAAATCCCTCCCTCCTCCAAACTCACTCCCTCACCCTCAAAGAACTCACTCCTGGAGAAAACTACGTTCTTACTGTACGAGTCAGAGATGATATGGGAAATGAAACTCTCTCTGATGAGATAGAATTCACTATGCAAAAAGATGAAACTTCTCCTACAGTAGAAAGAGTCTCTACCGACTCCGCTCTTTCACAAAACGGAAAAGTACAAATGATTATTAACTGGCAAACAGATGAAGATGCTTCTTCCTCCCTCATCTACAAAGAAGGAAGAGCAGGAGAAGAAAAAACAGTGAATGTAAGTTCTTCCCCAACAAAGAATCACATCATTGTACTCACCTCTTGGAAACCAGGAACTCTCTACTCTTACAAAGTCATAGTAAAAGATCTGAGTGGGAATGAAACCATAACCAAAGACTACATCACCCTTACACCACAAACAAAAGAATCTGTTGTAGAACTCATCATAAAGAACTTCAAAGAAATCTTTGCTTGGACGGGAGGGTAGGAGGGGAGATTTATAAGGAAGAGGGATCTTTTGACTCATACGGTCGAAAAGAGAGAGGAAAATTTATTTATCTTGATTTTTAGCAAGGTATATTTCTTAAGGGGACGAAGAGAATTTTTCTCGATTGTACACCACATACTCTTGACAAAAATAAAAAATATCAGTAAATTTTGTTTTACTTGAAGAGAAAATTTCAAGGTATTTTTCAGTTCTTTCCTAAAATAGAGAGGTTGTTCTATGAGTGTATTATCTGAGATTCGGAGAATTCTCTGCGAGAATCAAAATGTGATTCTCGTCGATGAAAAAGAGCAAGTAAATATAGGTGGAGAATACAGGCGAGGAAAGGATCATATTATAGACATGTTCATCGCTCCCAATAAAAGTGGGACATTATATGATCCAGACTCACTGCAAAAGTTGTTAAATTCTTTCGACTTTGGTTATGAAGCGTTCCAAACGAACCCTTTTTTAATTGAAGATGGAAGAATGGAACTAGGTTCTCTTTTTTTTGAGGAGAAAGTTGGGAAAGTTTCCATTACAACGCAGATAACTATCTTTGATGAAGAGTTATCAAAAAGTAGTCTATCTGGAAATGTAAAGGAGAAAACGACTTGTCGAGATATGTATAGACATATACATGTGAGGTTATTCCCCAATATAGAAATTGCTCAGATGGCAATTTTTGAGGGAGGTTTCATGTCTCGTATCACTCTTCGAGAACTTGAAAATTATAAAAAGAAAAAATAAAAGGATTCTATTTATTTTCCGTCGATACCTATGTATATCGACGGTTTTTTATTTTCAAATGTATGAATAGAAAAGAGAATAAAAGATAAAATTTTATTCAAAGAGAAAAATACTCCATGAAGAGATATTTCCAAATAAAATTTTTATAGAAATTTGACATTTATTTCGAGACTGTATACTATAAATGCAAATGATTTGCATTTATTATGAAAAAAGACACGAGCCATTTCCAACAAAAGGGAAAAAAAAGAATGACGAAGGTCAGAAAAGCTCTTTTGTCTTTGTTTGAAGTCCAGGACAAACCTTTTTCAGCAGAAGAAGTTGCTCAATATTTGAAGAGTTTAAATATAGTCTTTGATCTTACTACGGTATACCGACAATTACAGTCATTTAAAGAGGAGGGTTTTCTTGAATATTGCGATATTCCCGGTCAAACCAGATTTTATGAAGTAAAAAATCAACATCATCATCACTTTGTTTGTGAACAATGTGAAGAAAAAGAATGTTTTGAAGAAGATTTTATGAAAGAGGCTTTACAAAAAGCAATATTTTTTTTGGAGTCTTGTGGATTAAAGGTTCGATCTCATTCATTTTCGTTTTCAGGTTTATGTAAAAAATGTCAGATGTATAAAAAATAATGTATAAAAGGAAATATAGTCTTTATGAATAAGAAAAATCAATTTATTGTAGGGTTTGGTTTTTTAGGAATTTTTTTTATCCTCGGATCTCTTTTTCTTTTTCTAAAAAAAGATACTCAGGAAATAATGCCTGTTTCAGAAGAATTTGAGAAAAAAGAAAAGCTTCAAATAATTGCGAGTTTTTATCCAATAGCTTTTATGGCAGAAGAAATTGGGGGAGATCGTATAAACGTTATTAATATTGCGGAAGCTAAAGATGTGCATTCGTATCAACCAACTCCCGGAGATATTGCAAAAATGTTTGATTCAAACCTTGTTATTTTTCAGGGAAAAGGGCTTGAATTATGGACGGAAGATTTGCCTGTGCAATTGGAAGATAAGGGCGTAAAAACACTTTCTCTTTTTGACCAAATGGATTCGGTGGAAAGTATTTCTCAAGAAATTATAAAGGTCGACGATGAAGATCATTCATCACATTCAGATGAAAAAGAGGCATCTCTCGAAGAAGAACATAATCATGGGTCTTTTGATCCTCATATGTGGCTTGATCCAGTGCTTGCACAAAATATGATAGATTTCATAGAAAAGAAATTTTCAGAAATAGACAGTGAATACGCATCTTCTTATAAGAAAAACGCAGAAAATCTAAAAAATCGTTTTAAAGAAGTGGATAGAAAATATGCAGAAACTCTTGATGTATGTCAACGAAATGAGGTGATTGTTTCTCATGATGCATTTAGATACATTGCTCGTCGTTATGGGTTTACTACACATGCTA
CP065011.1_gap14	795324	797566	2242	TACAGACTCCAGAAGGTCCAAATATTGGACTTGTAGGACATATGGCAACATATGCTCGTATTAATGAGTATGGATTTTTGGAAACCCCTTATCTTGTGGTAAATCATTCAGCAATAGGAAAAGATGAATTAAAGGGACGAATTCTTTCTGAAAATATCAAAGGAATTGCTCAATCGGGAGAAAAAATTACAGAAGAGCTTGCTAAAAAAATTGCTAAAAAAATGGGAGATAAAGGAGTAATGGTTGTTCCTTATGTAAGTGAAAAAATTGAATATCTTAACGCTATTGTTGAAGATAAACACAGCATTGCTCATGCTGGCGTTACTATGGACGATGATTTTAACATTATCGATCCTATGGTAGATGCAAGAGATCATGGGCATCCAGGAAGTGTTCCTCATGAAAAAATTGATTATATTGACGTTAGTGCCAAGCAATGTATTTCTGTTGCAACATCACTTATTCCTTTCTTAGAGCATGATGATGCCAACCGTGCATTGATGGGTTCTAATATGCAACGACAGGCAGTTTCTTGTGTTTTACCAGACTCACCTATCGTGGGTACAGGAATTGAAGATAAAGCTGCTGCTGATTCTGGACAGGTAGTTTTGGCCCAGAAAGAAGGAGAGATTATCTCAGTTGACGCACGAAGGGTTATTGTTCGAGAAACTCCCAAAGATACTAAGAAAAAATATTTTGATAGAGAATATCCTTTGTTGTCATTTGCTAAATCCAATGCCTTTTCTAGTATAAATCAGACACCAAGAGTGTCTCGTGGAGATAAAGTAAAGAAAGGTGATCTTTTGGCTGACGGAGCTTCAACTGATAATGGAGAACTTGCTCTCGGACAAAATATTCTTGTAGCATTTGTTCCTTGGGAAGGATATAACTTTGAAGACGCTATTATTATTTCTGAGCGTTTACTTCAACAAGATCGTTACACCTCAATTCATATTGAAGATTTTGTTTTGGATGTGCGTGATACCAAGCTTGGGCCAGAAGTTGTAACGAGAGATATTCCTAATATTGGAGAAGATCGCCTTCGAAATTTGGATGAGACAGGAATTATTCGTATCGGTGCTGAAATTTCTTCGGGTGATATTCTTATTGGAAAGATTACTCCAAAAGGAGAGGGTGATTTGACTGCTGAAGAACGATTGCTCCGAGCTATTTTTGGAGAGAAGTCAAAAGATGTAAAAGACTCCTCTTTATATCTTCCTCATGGAGAGCATGGAAAAATTGTTGATATCAAGATTTTTTCTCGAGAACAAGGAGATAAATTGTCGAGTGGTGTTATAGAACAAATTCAAGTTTCTGTTGCACAGCTTCGTAAAATATCTGTTGGAGATAAACTTGCGGGACGTCATGGAAATAAGGGTGTTATCTCTCGAATTGCTCCTGTTGAAGATATGCCATTTTTACCAGATGGAACTCCTGTGGATATGGTGCTTAATCCTCTTGGAGTAGCGAGTCGTATGAACATTGGACAGATACTCGAAACTCACCTTGGTTGGGCAGCAAAAGAATTGGGTTATAAAGTAGCCACTCCTGCATTGGACGGAATTTCTGAAGATCGTATTAAAGAAGAATTAAGAAAAGCTGGACTTCCAGAAGATGGAAAAGCTCAACTTTGTGATGGTAAATCCGGTCGTCTTTTGGATAATAAGTCTACCGTTGGTGTTATGTATGTGATGAAACTTAATCACCTCGTGGAAGACAAATTGCACATGAGATCTATCGGTCCGTACTCACTTATTACACAGCAACCTTTAGGAGGAAAAGCTCAATTTGGAGGACAGCGGTTTGGAGAAATGGAAGTGTGGGCATTGGAAGGATATGGAAGTGCTCATACTCTTCAAGAAATGCTTACAATCAAATCAGACGATGTTTTGGGACGATCGAAGGCTTACGAATCAATTATTAAAGGAGAGCCTATTAAGAGTCCTAATATACCAGCATCTTTCCATGTGCTTATTAATGAATTGAAAGGATTATGTTTGGACGTTGAACTTATTGGAAGTCGTGAAGAAGAAATTGTTGAAGAGTATTCTAAAACGGACGAACAGAAAGAAGATCAAAAAAATAATTTGAAGGAAGAAATCGTAGATACTATTCAAGAAGAAACTTCTTCCAAATCATCAAAGTAAAGTATAAAAAAACGTTTCAATCACTATAACCTTTCTAGAAGAATACTATGGATATAATAACGAAATTGAGTGACTTTGAGGGAGTTCGACTCAAG
CP065011.1_gap15	804102	808943	4841	ACGCGGTTTTTGATGCGTGTCATAAACTTGGTATGCCTGAATGTGGAGTCCACCTTGCACAATGCGTTATCTATCTTGCAAATTCTCCCAAATCGGTAGTGGCTTATGATGCATATACATATGCAAGAAAAGATGTGCTTCAATATGGGAATCTTCCTGTCCCGCTTCATTTAAGAAATGCTCCAACGAAGTTTATGAAGGATATTGGTTATGGCGTTGGATATAAATATACCCCCAAAGAAAAAAGTGAAAATCAACGTTATCTCCCAGATGAACTAACGGGAAGAAATTATACACAGGGGAGTTTATAAATTTCAGCGTGATTTCTTGAGATATTCTTTTATTTGTTTTTTATAATCTTCCCATTGTTTTTCTGACCAATCCTTTGGTTTCTCGGTAAGATCTACGTCTTCCGGTTTAGGATAATTTTTTGGATCATCATAGACGCTAAAAAATTCTTTATCAATAATAATATTACCATTTGCATCAGAAACCGTTTGTTTAAAAACAGTTTTAAGTGTGCCATTTTCTTCATTTTTTTCTAGCGTTCTCGGTTCCTCAACTGTTACTTTTCGTCCGTCATTTGTTCCGTATATGCGAAAAATTAATTCTTTCCCTTTTATTTCTCCCTGAATAAGAATGTGTCCAGGGGTGTTATTGACAAATCGCATATCAGGCATAGGCACATAAACACTCGCATCAAAACCGATAGGTTCATAATATTTTACAGGGTAGGAGTGAGCTTGTCGCATAGTAATTTTTAATCCAGAAAATATAGCCGCACGAAAAAGAGTTGTGGATACCTGGCAAATACCTCCGCCATATTCTGGTTCAGTTCTGTTGTTACGGATAACGAGCTCTGGTCGCCAGCCGTTCTTTTCATCTACCTCTCCTAAAATTTCCACAAAAGAAAATTCTTCCCCAGGTTTTATGAGTGCTCCATGATATTTTTCATAACCAAAGCGAATATTAAAAAGACGATCTTGAGAAGATCCAGAGAAATTACTTCGACCTTCACCAATAAGAGAAGTTATCCCAAAATTTTCTGCATTCGAGGATGTTATTTTTGCAGGAATAATTTCTGTGGGAAGTGTGATGGTAATATCTTCTTTTTGTTGAGATGAAAATATCTTTTCTAAAGCATCTATGATGCTATCTGAGCTTTCTTGAATTTTTATTTGATAACCATCTGATCCTGGGTGAAAAACATCTACTCTATTTTCTTCAGTAAGTTCAAATTTTGCATTCACTGGAGCTACTTTTGATTTTTCAAAGAGTTTTTCTGTATATGTATAAACAGCTTGTTTATCAATGATTACTTCTCTCAGAAGTGTTCGTTGGTGAGCGCTTCTTGTGGATGTTTCAAGGCTACACAAAGGGTGAGGATTAAGACAAATATCCGTTTTTACAAAAGAGGAAGGTTCTGAAGTAGTTTTTATAAAAAAATCAAATGATCCCCATGAATTATAGGTTTTCCAAGAAAGGGTTTCAGAGAACTTTTCTCCAACAGAGAGAAATATCGCAGGGTTTGTAATCTTAATCTCCGCATGAACATCTGACGAAGAAATAAATAGTAAAGGAAAGACAAAAAAAACCATGAGTAAATCTTTATAAGAATGGTTTTTGGATGAAAACGTGAGTGAGATAGTGTTTACTCCTTTTTTCCTCATAAGAAGAGCATAGCGTATTTTTTGGTATTCGAAAAGGGTTTTTGTTTTTGATAGAACAGAAAGAGTACAATAAGAGATCTTCTAAACAGAAAGTTCATTCTTGAAGTTAAAAGAAAAAAATCTCTTGTAAATAAAAAGAAGAAGAATTTTGCAGGATTCTTCTTCTTTCTTTTTTTAATAGAATGGTTTAGAAACCGCGAACTTGAATTTTCTTCACTCTATTAATATCGGCTTTTGGAAGGCGTATAGTAAGAATTCCATTTTTAAGAGAAGCTTCAGATTTATCAGGGATAACATCGACAGGAAGAACGACAGAGCGAGAGAAAGATCCCCAATAACACTCTTGATAATAAAAATTATCACTACTAATTTCTTCTTCATTCGAACGCTCTCCTCGAATAGTGATCATGTCATTGTTGATAGCGACATCAAGATCTTCAGGTTTTACTCCAGCTATAGTGGATTTGATAACAATCTCATTTTCGGTTTGGTACATATCGATAGTGAGCTGTCCATCTGGATCATCAGAAGAATTTGAAACCTGACGCATTTGAGGGCGTGGTTCATCAGTTTGAATTTGTGGGCTATAAGCGGGTTGAGTGTGACGCATTGGTGTTTCCATATTTGTTGTTATAGGTGCTATTGGTTGAGATATTTCTTCTTCTTCATCGGAATAAACTGGCATAGCCCGTCCTTGGTGGAAGGATTCTTCGGCCTTTGCTCCAGTTAACCTTTCAAGAAAAGATCGTTTTTCTTTTGTCATACATTTTTGTTTATATTTACGAAGTTACCCTTTCCTTTTTTAATTATAATATGTTCGAAAAATCCATGCAAGTTTTTTGTTTTTTAGGAGAAAAATAACAAGAGAATACTGTTGTATAAACCATGGATAAATATTGCTAATAAGCCAAAAATTAAAATATAAAGGGTTGATGATTTTTGAATTCCCAAAGACCAAAATATTGAAGTTATGATGTGAATAAAAGAAGGAAAAAAAACAGCAATGGAAAATATGTTTTTTTCAGGAGAGGAAAATATAAGAGAAATTTCGAGAAGAGAAAAGCCTAAAGCAAAAAATAATCCTAGAATAACTGTATTCCAAATTGACTGTTGGGAAGATAATAATTTTTTGAGAAAAAGAAATTTCATTCCTTCTTCTATGAAAACAAAAGAAAATAAAAGGAAGAAAGGAATAAAGGCTGTGGAGGGAAATAACGTTACGAGAAATGATTGAAAAAGAAAAGAAGCTATAGCAGAAAATATTCCGTAAATAAGAGCTAAGAAATAGAATTTTGGAGAAAAATAAAGCATTACGCTATTTTTTCAAACATTTGTTTAAGTTCTTTCTTTTGTTTTTGAATTTCATGAAGTTTTTCTTGGGATTCTTTTACTATATTTTCAGGAGCGTTATTTCTGTAAGAAGGATTATCTAATCTTTTTCTGAGAGAATCTTCATAGAGAGTAAGTTTTTCAATTTCTTTTTGGAGGCGTAATTTTTCAGCTTCTTTATCAATGATATTTTCTTGGGGAATATGGAGAAGAATGTGAGCAGATACGGATTGTGAAAGACAAGGCATTTTTGGATTTTCTGAAATAAGAAATGAAATTTCGGAAATACCTGTTTTGAGAGAAGTAATAAGACTCGCATTTCTTTCCAAAAGATCGAAAAGTTTTTCTGAATTTTTGGGAAGGGAAATGATAAGTGTGATTTTTTTGGCTGGTTCTATATGATAATGAGAACGAAGATTTCGAATAGCCACTATAATATCAACAATGATCTGAAATTCTTCTGAATTTTTTACATTTTTTGAATAAGCATCCGCTGATGGCCAGGAAGAAACGAGAAGTAAATTTTCCTTTTTATTTCGAAAACTTTCCCAGAGTGTTTCCGTAACGAAAGGCATAAAAGGATGCCAAAGTTTGAGGAGATCTTTGAAAACAAACAAAAGAATGTCCTCTGTTTCTTTAATGTTTTTTTCGAATTTCACAGTTTCTATATACCAATCAGCAAAGATATTCCAAGTGAATTCTCGGAGACGTTCGCCTGCTTGAGAAAATCGAAAATGATCAAAATCCTCTGTGACATTTTCAATAAGAGCTTTCATTTTTGAAAGTATGAAATAAGAAGAATCAAGCGTTATATTCTTTGGTAGGGAGGAAGGGCTTTCTTTTGAGGAAGATCGGTCTAGAATAAAGCGAGCTATATTCCAAAGCTTATTAGTAAAATTTCTATATTGAGCTATTTTTTCATCACTAAGGCGGAGATCGTTTCCAGGAGTATTTCCCAAAAGAAGAGAAAGACGAACAGCATCTGTTCCATATTTTTCAATAACATCCAACGGATCAATGACATTTCCTAATGACTTGCTCATCTTTTTTCCATTTTCATCACGAACAAGACCATGAAGATAAACTGTTTTGAAAGGAACTTCTTCCAAAAGATAGGTGCTCATAAGGATCATTCGAGCAACCCAAAAAAAGAGAATGTCATAGCCTGTTTCCAAAACGTTATTGGGATGATAAAGAGAAAGGTCATTTGTTTTTTCGGGCCAACCGAGTGTGGAAAACGTCCAAAGACCTGATGAAAACCATGTATCTAGAGTGTCATTGTCTTGTTTCCATCCCAAACCTTTCGGGGGAATAACGTCGCAATACAACTCATCTTTTCGATACCAAACAGGAATGCGATGGCCATACCAAATTTGTCGTGAAATGCACCAATCGCGAAGATTGTCGATCCAATGAAAATAGGTTTTCTCAAACCGTTTAGGAAGGATGTTAATATCCTTATTTTTTACGGCATTTTGCATGAGTTTTTTGAGTGTGGTTTTCTTGTTGTTTCGTGTAAAAGTTTTATTTACATCAACAAACCATTGTTTTTTTATTTGAGGTTCTATAATGCCACCCCCACGAGAATTTATTGCTATATTGTGCTTGTAACCTTCTTCTATGCGGACAAGAAGATTTTTTTTCTTAAGTTTTTCTATGATTTTTTTCCGTGCTTTGAAAATATCAAGACCCAAAAATTCTTCTGAAATATTAAGCATCCGACCGTCATAATCAATGATTTGTTCTTTTTCGAGATTGTGGCGCTCTGCTATTTCAAAATCCGTAGCGTCATGCCAAGGTGTAATAGTCATAGCACCAGTTCCAAATTCTTGATCGATGGCA
CP065011.1_gap16	811933	812834	901	GTAAAATAAAAAAGTTTTCTCTTTTCCGTCTTTGTAAGTGTAGCGAAGCAATCCAGTCCGATTCGAATCATTGCGAGGAGGAGTCTTCGCGTGAAGTGGCAATCCAGAGCTAATTCCTCCCCCTTAGAAAAAGGGGGATTGAGGGGGATTTTCTTTGTATGAAATTCTTTTGTGAAATCAATACAAATCCCTCCCCCTCGAAGACTCGGGTACTCCCTTTTAGCAAAGGGAGAGAAGATATAAAAAAAGTGAAAAAACTCAATTTCCAAAAAAATAAAAAAATGATACTATAGAAATGTTATGAATAAAAAATAGAAGAAAAACAAATGTGAAGAATGACTTTAAAAAAGAATTTTTCTTTCACTTTTCCCTTCCTTTTCTTTTTGGAATTCTTTGTGTTTTCTTTTTTTCTTTTTCTTCTCCTACTCATGCTTCCACTGTAACCTGGACAGGAACAACAAGCACTGCTTGGACTACAGTAACGAACTGGAATACAGGAACTGTTCCTACAAGCACAGATGATGTTGTTATAAATTACACAGGAACGAATCAACCTACACTCGATGTAAATGGTGGAACCATTACTATACAATCTCTTACTCTTGGAGGAGGAGCATCAACTTCTACTCTTACTATGAGTAATGGGTACAACGGAAATGATACAAACAAAAAATTGAATGTTACAGGAAATGTTACGATTCTCAACAATGGTTACCTTACCCACACCGCAAACACTACTACAGAAACCCATAGACTCTTTATGGATATCGGAGGGAATCTCGATGTTCAGACAGGAGGGCAGATTAATGTGGATGTTAAAGGATATAGTAGTGGACCAGGAAATGGGGGCTGTTCAAGTCAAGGCGCTTCTTATGGTGGACAAGGTGGCTGTGGTTCTACT
CP065011.1_gap17	819320	820784	1464	AAAGAAATTTTCAAAAAGATCTTATCTAGAGTATAAAGAAAGAATATTCTTAAATATCTTTTGAAAAAGTTTAGAGAAGCAGATTGTGTATGGAGTATAGATATTCAGCTATTATTTTGGGAAAGAAAGATATCGGAGAAGCTGATCGAATGTATATTTTGTATACAAAAGAAGAAGGAAAAATTGTTGTAAAAGCCCCTGGAAGTAGAAAAAATGGAGCAAAACTTTCTTCTCATTTAGAAACTGGAATGTTGTCTTCCGTTTCGATTATGCGATCACGGGGCATGGGTCGAGTGACGTCTGCTTTCTGTGAACAATCTTTTTTTGAAGAAGATCTGATATTTCCCATTGCGCATGAAATGATGAATATTCTCTATTACATGAATCGATATACAGTAGAGCATGATAAGAATGAAAATATTTTTGACCTTTTGATGTCTTTTTTAAAAAAAGCAAAACATTTTTCAATCCTTGGAAAAGAAGAAAGATTCTCTTTAATGGGAAGTGGTTTTTTATTTCAATTACTTTCTCATATGGGATTTTCTTTTGAAATATCGCGTTGCGTTTCTTGTCTGGAAAAACTTGAAGGTGAGCAATTCTTCTTTGGTATACAACAAGGAGGAATTTTATGTAGCAATTGTTCTTTAATAGAAAGTGTAGGATTAGAAATAGAAAAAAATAATATAAAATTATTTCGATTATTTGCCACGAATGCTATAGAAAATTTAGGAAAAATTCATGTATCTAGAAAACAGAGCGATCAAATGCGTAATCTTCTAGAAATGTTCTTTCGAAATTTGGAATAGCTCTAATAAAATTTTAAAAAGGCAAATATTTTCATAAAAAATGGATGACAAGGAAAAGAAAATAGCGTATCATTGTATTTCGGTTGGATGAAAGAATTATTGCCAAGCTCCGCTTTTTACTACAATTTCCAAGTTTCGTTACGAAAGGAGAATATCGACAGCCCTATAAAAGAAATAAGCGAGATAAAACAATTATGATTGAGCATTCGATAAAGAAATCTTTTCCAAGAAATCAACTTCGAAAGAACATTCTTTCTACGGTATGTTACTTTGACGCGATAGAAAAATCACTTACAGCTTTAGAAATTTGGCGTTTTTGTTTGGACACGCAATATCTTTTTGGAGAAAATTCTCATCGTTTGGAGCCGGGAAATGTTTCCTATAGTGAAATTCTTCGAGTTTTAGATGATCTTGTGAGAGAAAATTTCTTAGTTTTTTCTGAAGGATTCTATATAATTTCTTCAAAAAAAGAAGAACATGAGATAAGAAAAAAGAATAAAAAAATTTCAGATGAGAAACTTTGGAAACTTCATTCCTGGGCTTCTTTTTTGCGATACATTCCTTTTATTCGATCAATTATTGTTACTGGTGGATTATCGTCTGGAAATGCAACAAAAAATAGTGATTGGGATGTTTTAATAGTTGTCCGACGAGGGCA
CP065011.1_gap18	848518	849169	651	AAAAATTCTTTTAATGTTATCATTGCATGTGCTGTTTTTCTGGGAGCTATTCGCTATTTTGACAAAGATTCATAATAGCGACGATTTTGAAGTGAACTAATAAGAGTTTGTTCATCAGCATGTTCGATATCTCCACCTGTCGCGAGTCCTCGTGCTATGCGACTTATTCGAATATGAGGGAATTGATTGAGTTGTTGACGAATATAAAGAGCTGTAAGATCTCCTTCGGAAGTCGGATTGGTCGCTAAAAGAATTTCTTGTATATTCTCTTTTTCTGTTCGTTGTAAAAGATCTGAAACAGTAAGAGGTGCATCTATTTGCTTTTTATTTTTTCCTGGTTCGATAACACCACCAAGAATGTGATATCTTCCACTGAAAACGCCAGTTCTTTCTATAGCGATAGCATCCAAAGCATCTTCTACTACACAAAGAATAGTAGTATCTCTTTTTGGATCACGACAGATGGAGCAGTATTCTTGATCGCTTATAGCATAACAACGTTTGCAAGAAGAAAGTTTAGTGAGAGCTTCGAGTGCGTGCGAAAAAGATATAATATCTTCTTTGGATTGTTTGAAAACGAAAAGTGTTAATCTCTCAGCCATTTTTGGTCCAATAGAAGGAAGATTTACAAAATGTCGTATAAGTTCTTGA
CP065011.1_gap19	876823	877867	1044	ACCTCCTATGCCGTATCTCGTGCAATACATTTTCTTCGCTCTGTTTCAAAAAATTATTCTTCGGATGCTTGGGTAATACGACTAGATATAGCGGGGTATTTTATGTCTATTCGAAAGGATATTTTATTTTCTATCTTTGTAGATCTTTTAGAACGTCATCGAAACGCTATGTTATATGACTTTGATCTTCTTTTTTGGTTAGGACAAAAAATTATTGATAATAATCCAATTTTTTCTGCTAAAGTGAAAGGAAAGAAAGAGGATTGGGTTGGGTTGCCGAGAAATAAAAGTCTTTATTGGGCTGAAAAAGGTTGCGGATTACCTATCGGAAATTTAACAAGTCAACTTTTTGCAAATGTATATTTGAGTGATTTTGATTACTATGTTCGATCTATAGTTTCTCGTCTTGGGGGATGTTATGGGCGATATGTAGATGATATTCTTATTTTTATACCTAAGAATAAGAATATTCGGACAGTTGTGCAATTACTCGAACAGCATCTTTTTAAAAAAAGACGGCTTTATATACATCCGAAAAAAATTTTCACACAACCGTATAAAAACGGTTTTTCTTTTGTTGGTAGATATATCCTTCCTTATAGAATATATATAAAACGAAAAACAAAACAGAATATGAAAAAAATTTTATTAAGAAGATGAATACAATTTCAAAACGAAAGACAAAATAATAGAACTTGTGAAATTCATTCATTTCATGCTTGTTGGATATCGTATGAAGGTATATTTGAATATTGTAATGCTTATAAAGTAAGAGAAAGATGGACTTGTGTTTATAAAAAGAAGAAGAAAGAATTGGAATTGATAGAAATGAATACTATAAGAGTGTAACTGATGCAAGTCATTGGGTTCTTATTAGAGGGAAATAAAGAAGATTTTTTGAAAATTTTTTTGAAAATAAAAACTATGGTATACTTGGAGGGTATGAAATTTCTCAAACAAACAGCACAAAAAAGGAAAATACAGTTTTTTGTAGGAATGTTTTTTGTGGTGCTTGTGAATGTTTTTTCTGTGGGAGAGGCGAAG
CP065011.1_gap20	918249	921082	2833	AATCAGGAAGTGTTTTTAAACCCCTTACTTTAGCTATGGGTATTGATGCTGGAAAAATTACTTCTCAAACAACGTATACAGATACGGGAGCTGTTACGGAAGCGGGATATACTATAAAAAATTCGGATGAGAAATCTTACGGAAATCAAACCATGAAAGAGGTATTGGAAAAATCTTTGAATACAGGTACTATATTTGTTCAAAAACAATTAGGAAATGTTTTATTTCGTGACTATGTGAAACGCTTTGGTTTTGGAGAAAAAACAGGAATTTGGCTTCCAACGGAATCAAAGGGAAGTATAATGAATTTGGAAAATACAAAAAGTACTATCAATTTTTACACGGCGTCATTCGGACAAGGTATTTCTATGACTTTGCTTCAGTTAGCTTTGGCATATGATGTTATTGCTAATGGTGGTATCTTAATGAAACCTCAAATCGTAGATCATTCTATTCAATCTGATGGAACGAATGTTCCTTATCAACCTGAAGAAGTTCGACGGGTAATCTCTGAGGGAGCTGCTAAAGAAGTAAGAGAAATGCTCTATTCTGTAGTAAAAAATGGACATGGAAAAAAAGCTGATGTTCCTGGCTATCGAGTTGGAGGAAAAACAGGAACGGCGCAAGTTGCAAAAAGTGATGCGAGGGGTTATTCAGAGGATGAAACCATTGGTTCCTTTGCGGGCTTAGCTCCCATAGAAGATCCACGATTTGTCGTTGTGGTAAAGATACGAAATCCAAAAGATGTTATTTGGGCTGAATCAAGCGCTGGACCAGCATTCAAAGAAATTATGCAATTTCTCTTAGAATATTATAATGTGGAACCTACAGAAATTTTGGAAAATAATAAAGAATGAAAATTGTATGAAAAGAAGAATTCTTTTTTGTATATTAAAATATTTAGCAAAAATAATTATTTGGCGTTACCGACCAGTGATAATTGGAATTACAGGGTCAATAGGAAAAACAACAACAAAAGATGCTGTTGCTTATGTCCTTTCTGATAAATATCGAATTGGAGCGACACGGAAAAATTTCAACAATGAAATCGGGCTTCCTTTGACAGTACTGGGAGAGAAAACAACCCCAGGAAAAACTTTTGTTGGTTGGTGGGGAGTTTTTTTTCGAGCCCTTTTACACATATTCTATAGCCAAAAATATCCAGAAGTACTCGTTCTTGAAATGGGTATTGATCGTCCTGGGGATATGAAATACCTTCTTTCTATTGTTCGTCCAACTATAGGAATTGTAACAGGTGCATCATCAACTCATTTGGAATTTTTTAAAACAATAGAAGCGATTGCTTGGGAAAAGGGTCTTTTGATACGATCTCTTTCAAAAAATGGAACAGCTCTTTTGAATACAGATAATATGTACTCTTGGTCAATGAGAAAAGATACGGCGTGTCGGACAATTCTTTATGGTTTTTCCAAAAAAGCTACTATACGAGCTTTTAATAAAGCACTTTTATTCGAAGGGGATCAAAAGGGTGTTACCTTTAAATTAGAATATAAAGAAAAAGTTATCCCTATACGATTAAAAAATGTAATCGGTATTCATCACATCGGAGCAATTCTTCCAGCAATAGCTATTGGAGAGCTTTTGGAAATGAATCTTCTTGAGATAGCTAAAAAATTAGAATCCTTCATTCCTCCACCAGGAAGATTTCGTTTGATAAAAGGAAAAAATAATTCATTTCTTATTGATGACACCTATAATGCTTCTCCAGCATCAACTCGCGCAGGAATTATTTCGTTGGGAGATTTTAAGAAAGAAGAAAAAATATTGGTTTTGGGAGATATGTTAGAGCTTGGAGAAGAAGAGAAAAATCTTCATAGCTCTTTATGTGAAGATATTCTTAAAATAAAACCGCATAAGATTATTCTTGTGGGAAAACGTATGAAAATACTTTTTGAGTCTTTGCAATGTTTTGATAAAGAAAAAGATATTTTTCATTGGGTGGAAACTCCTTATGAAGTTTCTGCTCTCATTGTGCCTTTCTTGCATGAAAATTCTCTTATTTTTATTAAAGGATCTCAAGCAATGCGTATGGAATTAGTCGTCGAAGAATTAATGGAAAATCCTCAAGATGCAAAAAAACTTTTATGTAGACAGAATAAAGAGTGGAAAGAAATCCCATTTTTAAAACCATAATAAAGAATTTTTTGTTTTTTCCTTTTTGTGGTGTACAATAAAAAGAGAAAAAATATAAATGCATAGTACTATTTTTTATGTTTGATGTTGTTGTTATTGGAGGTGGTCCTGCTGGAGTAGCTGCTGGAATATATTCGGCAAGGAAGCAAATGAATACTTTATTTCTTTCTGAGTCTATCGGGGGGCAATCCTCGGTGAGTGCGACTATAGAGAATTGGATAGGAGATATTTCCTTGAAAGGTTTTGAGTTTGCTCAAAAATTAGAATCTCATCTTCGTGCTCAAGAAAGTATCGATATTCGCCTTATGACGCGAGTAGAAAAAATAAAATCTTTTTCAAAAGGATTTTTAGTAACTACTCAGAAAGGGGACGTATTTGAAACACTTTCTGTTATTATCGCAACGGGAGGAAGTCACCGACATCTTAATGTTCCTGGAGAAGAAAAATTTATAGGAAAAGGTGTTGTTTTCTGCTCTACTTGTGATGCTCCTTTTTTTCGAAATAAAACTGTCGCTGTCGTGGGTGCTGGTAATAGTGGCTTGGAGGCATGTCAAGATCTTTTTCCCTATGCAAAAGAAATTTTTCTTCTCTCAAATACAGATCATTTGGGTGGAGACGTTGTAAATCAAGATGTTGTAATTGGAAATAATAAAGTTACTTTGGTGTATAATAGTGTAAC
CP065011.1_gap21	936797	937890	1093	AAAGCGCTATGATTGGTTGCTACGACAACTGCCTTGGCTTTTTTGAGAATATCATTGAGAGATTTTTCCGTTGAATTTTCAGGAAGATAGGGATCAAAAGTAAGTACATTCGCTTTGTGTTTTTTGAGAGCATCTACAATTTTGAAAGAGGGTGATTCTCGTTTATCCCCAACATTAGCTTTGTATGCCATACCAAGAATGGCGATGGGGGTTCCGTTGAGGGGCATTTTCTTTTCATTGAGAAGGTCCTGGAGAATTTCGACGGTATATTCTGGCATGGAATTATTTATTTCTCGAGCAAGTTTGAGGAATTTGTGATCAAAGCCACTTTGTTTAGCGCGCTCAATGAGATAATAAGGATCGACAGGGATACAATGGCCACCAACTCCGCAACTAGGCCAATGAGGCATAAAAGCAAAGGGTTTAGTAGCGGCTCCATTTATGACATCTACTACATCAATTCCGAGTTTGGTAAAAGATTTTGCTAATTCATTTACGAAGGCAATATTAATATCGCGGAAAGAATTTTCCATAATCTTCGTAGCTTCGGCCTCTCGTATGGATTGCATGGGACGAACGGGTGCATCAAGGATGCTTTCATAAAAAGCAATAGTTTGATCACGACCTTTTTTTGTAAATGATCCTGCAACTCTAGGAATATTGGAAACATTCCATTTTGGATCTCCTGGATTAATTCGTTCTGGACAATGAGAGAGTTCATAATGTTTTCCCACTTCGAACCCTGCCTCTTTAAAGAGAGGCTCAACAACTTCTTCACATACTCCGGGATTGATAGTTGATTCTATAACAACAAGCGTTTTTTTCTTGGGATTGAGATTTTCTACGATAGATCGAACAGCACTTCGTACGGGCTCTAAATCTGGTTGATATAGTTTATCGACGGGTGTAGGAACACAAACGAGAATAATATTCGATTCATGAATAACAGAAGCATTTGTCGTGGCTGTTATTTGACCAGCTTTGAAATGTTTTTCAAGAAATTCATCAGCAAGAAAATTTTCTCCAGCATTTACTTTTTCAACTTTTTTTTGGGTCTTTTCGAGTCCAAAAACTTTATATTTCTTTTTGGCGC
CP065011.1_gap22	942807	943878	1071	TTTTTGTGGTATACTTCATTATGGTATGAAACAAAAATATTTTTCAAAAAACCATAGAAATCTTTTATTTTTTTATCTGCCTCTTTCTCTGTGGATTTTTCTTATTTGGTTTTTGAGCTCTCATAATTGGACAATACATTTTTATTCTGATACTTGGAATCAGGAAATGTTTATCCGAAAACTAGCTCATATTGGGGAGTTTTTTATTCTTTTTATTTTAATCTTTCGAATGATCTCTCTTCGAGAAAAAAAATTCTCACAAAGTGTTATAGGTGCTCTTGGTATAGTATTTTGTATTTCGATAATTGACGAATGGCATCAGACTTGGGTTTTTGGAAGAGAGGGAAAAATAGGGGATGTTTTTATAGATATGTCGGGGGCTTTTCTTGGAAGTATTGTTTTGATCGAATATTATAGATATATTCAGAAAAAGAATAAAAAATGAAATAAAATTTTTCCGAAAAAGAAAAAATATGGAAAAACAAAAAGAGCGAAATACACGAATACCTTTCTATACATGGCCATCAAAAAAAGTGGTAGATTTTTTTCATTCAAGACCAGAAGGTCTCTCTCAAGAAGAGGCAAAAGCACGGTTTGATAGGTATGGAGAAAATTTTATAGCGGACAAGAAAAAAGTACATCCTTGGATTATTTTTTTTAGACAATTTCGAAGTGTTTTAATTTATGTTCTTTTGTTTGCTGCAGCTATTTCTTTTGTTGTAAATCACTTTTTAGATGTTTGGATTATTTTGGGAATAGTTGTTTTTAATGCATTTCTTGGATTTTTTCTAGAATATAGAGCAGAAAGATCTATTGAGGCATTGAAAGATATGATGGCTCAAAATGCAAAGACTTTGCGTAATAATAAACTTTCTCAAATTGATTCTCGGCTTTTAGTTCCTGGAGATATTGTTTTTCTTGAAGAAGGAGATAGAATTCCAGCCGATGGGAGAATCCTTTTTGCTGATGATGTTCGTGTAGTTGAAAGCTCACTTACGGGAGAGGCTTTTCCGCAAAGTAAATCGGTAAAAAATCTTACAGCAGATCTTCCCTTGGGGGATCAAAAAAATA
CP065011.1_gap23	1052902	1057320	4418	GATTTTTGGAACAGCGACACTTCTTACTTATATATACACACTTCAAAATAAATCTTCATCACGATACATTTGGCTTACAGGATTATTTTTCGGTTTATCCCTTGCAAGTAAATATGTCAGTATTATCTTTATTCCCTTTCTTTTGTTACTTATGGGACTTTGGTATATTTTTCACTTTGAAAATGAATTCAATGATAATGCGAAGCGAAAAAATTTCTCCAAACACCTAACAAAAAATATTCGTAATTTTATAGCTATCATCGTAGGAAGTTTTTTTCTTTTTGCTCTTATGATGCCAGCTGCCTTAGTAGATCCTGTAATATTTTATGAAAGTACTATTGGTTTTCCTGGTATGCCCCCAGTTTTCGTTCTTATAGCTCTTTTTTGTTTCATCATCCTTTTAGATGCTTATTTTTTGAAATCAAAAATAGCTTTTTCTATTTTTTCTTTTTTATCAAAACATTCAGTATTCCTTGAACGTATTATTTATGGAATTCTCATAATTTCTTCCCTTTTTGTATTTTTCAACTGGATTTCCAAAAATAGTATTATTGATCTTTCTGGAATTCCATTCTATGCGAAAACAAAAGCATCATTTACAACAGATAATCCCTATTGGGTCCGTTATGTTATGGAATTTGTCCCTCTCGTTTTTGCACTTACGCCATTAACATTTTTTCTTCTTTTGCTCTATTGGATACAAGGATTTTTTCAACAAGTAAAGTATCGATTTTTTGGCTTTTCTCTTTCTCTTTTCTTTTTTATATTCTTTATTGCTGTAGTCGAGCAAGGACTTCTTGTAACCGTACGTTATAACATAATTCTTTTTCCCCTAGCTTGCATCTTGGCTTCGATGGCACTTATCGAAAATACTTCCTCTCTAAAAATAAAAGAAAGAATTCCAAGAAAATATTTCTTAATTGCATTATTAACACTTATTCTTACAGCTTATATTCTCAATGCGTTTGTTGGTTATCACAGTTCCCAAGAAGCTTCTTTAAAATTTCAATTTGAATATATTATTGGAATGTATAGAAGTATTATTTTCCCCCTTATTATTATTCTTTTTTCAGGATCTCTTTATTTTCTCTTTCGTTTTATAGATCGATCCTCATTTTTTCAAAAAATCAAATTTTTCTTTTTTTCCTTTCCTGTCATCGCATTTGGAATAGTAATCATCGCAAGTATTTCCCTTTTCAGCGCCTACCCTCATTTTTTTCTTTATACCAATAGTTATCTTCCTACTCGTTATATTCTCAATCATCCCTGGGGTTATGGAGGATATGAAGCAGCTCAGTATCTCAATGAACTTCCCGATGCAAAAAATATCACTCTCTGGGCTAATGCTCATGGGGTTTGCGAATTCTTCGTAGGAAAATGCATACGAAAACAAAAACTTGATATAGAAAAATATCCTATAGATTATTTATTTTTTGCTCATATGGGATCTTTGCAGGCTAAGTTTGAAACTGAGTCAGAAACAGTTTGGGCCTATTACCCTGATAATCGAAAGATAAATTTCGTAAAATTAGAAAAGAATGATTATCAAGCATCTTTAGAAAAAGCCATGCTAAAAAAATATATTGAAAATTTTACCCCTAAACTAGATCAGGAATAAAAAAACAAAAAATAATATGACAGCATTCTTTAATTTTATTAAAAAATATTATCTTCCTTTCGTTTTGTGTATCTTTTTTGGAATATATCTTTTTTTGGGAATTTCTACTCTAGGAAATTTCCAGACAGCCGATGAAGATCTTTGGTTTGCTGATCCTGTCAAAGGAAGGATTCACACCTATTGGGAAGCTATGCGTACTAAAGATTGGGAAAGAACTCGAATTAACGATAAACCTGGTGTTTCTTCAGCTATTTTTTCTGGTATTTTTGGTCTTCGTAATGATAGGGAGCCAGAAAAAAAAATAATAAAAGATGGGAATATGATTGATCAATTTGATCCTCAGTATTCTGCAAATGCTGTATTTTATTATCGACTTGGAATTCTTCTTACTAATGGTATTCTTGTATTTTTTGTCGCTTGGTTCCTTTGGGCATCTACAGCAAGCACTCTCGTAGCACTTTTTTCAAGTATCTTTTTATTTCTTTCTCCTATACTTTTAGGAATTTCTCAAATTGTCAATCCTGATGCTATGCTTTGGTCTTTTGGAATTGCAACAGCGACGGGGTACTTCGCCTTTCTCGTAAGAGGAAAATGGTATTATTTACTTTTGGCAGGTATTTTTTTTGGGTTCGTTCTTCTTTCTAAATATACAGGATCTTTTCTTTTCTTCATTCTTTATGGAATGACATTCGCTTCATTTTACTATATAGGTTCCTATTTAGAAGAAGAAAAAACCTACAGAAATTTTGTGCTGTGGCGACTTATAGGTTTTATTTTATTTTGTACAGTTTCTGTAGGTATATTCATTCTTTTTATGCCTGCCGCAAAAATTGAACCGAGATACCTTTATGAAGGAACTTTTAATTTTAAAGGTGCTTCTAATATGCAATCCATTCTCACTCTTATGGCTTGGATATACGGAATTTTTCTCTTAGAAGCAATAGTCATTCGTTCAAAAATAACCTTTTTTCTTTTCAAAAAAATTCAATACATAAAAGGACTCCCTTCGTTTCTTATAGGAATCATTCTCCTTTTGGGGGTTGCTTTTAGTATTTTTAATTGGAATTTTAATAATTATTTTCAACTTCAAACAGCGCCCTTTGATGCCGGAAAGGAAGCTGTATATACGTCAATTACCGATACAGGAAATAGACTCGCTCTCCAAATAAAACCTCTCATTTTCACACTTCCTCCTATTATTATTTTTCTCTTCTTTTTTTCTTTTTTTATACCTCTTTCCTTCTGTAAAAATCTTTTGAAAACACAGAAGCAAGAAAATGCTATCCGTTTGGGAATATCTCTATTCGGAATGCTTATTATCTTCTTCTTTTATGCAGCATTACAACAAACCGTACTCGTCCATGTTCGCTATTCCATACTTCTCTATCCGATTATTTCAGTTATCGCGGGAATATCTCTTGCCTTACTTATTTCGATCATCTCTCAAAAAAGTAATGTATTAGCCATGGCTTTGGTAGTTCTTGCTCTAGGAACATCATTTTATTCACTCATTTCCATACGCCCTTTTTATTTCAATTACACGAGCGATCTTCTTCCTAAAGATCAAGATGTTGTAGGAGCTTGGGGATACGGTGGCTACCAAGCAGCTATGTATATAAACGACCTCCATTTATTTCCAGAATACGTACTCGCTTGGTCTGATTATGATGGCTTTTGTCCATTTTTTAAAGGTGAATGCATTGAGGGTAGTCAAGTAAAATGGCATAAAAAAGGAACCTATGCTGGTATTGATTATTTTGTAGTAACAAGAAGAGGTCTTCTTAAAAACGAAAGTACTTGGAATAAAATACAAGAGCAAAATATTGTTGAATCTACGCCAATTTGGTCGCTTTATATCGGTGACAGGCCAGGAAATTTTATTGAAATCTATAAAGCGAAAAACTTCACTCCCAATGAATAATTTTTTCTTTCCTATGGTTATTTTAAACTAATTTATTTCAAATAAAATATTTATTTTTTATGGAGTTACTCTATGCTTAAAGCCCCCCCTTTTTTACTTATTCATACATAATAAAAGTACGTCTTTATTTCGAAACAGAAAACATTTTAATCAGATTTAAAAAGAATTCGTTAATTAAAACGAAAATCATTATCAAAAATTTTCTTTTTTAAAAAAAGTAAAGAAATTTAGCCAAAAGCCTGTTTTATTTTTCTAAAAATTTTCTTCGCACACTTTCTTATAAAAGCCCTAATTGCTTTTTCATTTGGAAAACTTGATGCTTATTCATTTGACCAGACTTTTCCATAGCGTCGAGCATCTCCAAGATTTTATCTTTATTCTTTGCAATATTTTTGGGATCAAGTGCTTTTCGCATTACTTCTCCTTGTTGTTCTGGAGACATTTTTTCGAATTGCTTCATCGCCATTTTTGCAAAAAATCCCATATTTTCTGGCTTTGTTGGATCTTTTACTTCTTCTTTTTTATCCTTCTTTTTTAAAGGGTTCCACATATATCTTTATAAATTTATATTATTTAATTATTTTGTATATTTCTTCTGAAAATGATAACTTGTCACCAAAAGAGCCGAAGCAACAAAAATTGAGGAATACGTTCCTGCAAAAACACCTATAAAAAGAGCAAGAGCAAATGATTGTATCGACGTTCCTCCTAGAAGAATAATAGCAAAGAGAACAACCAAAACAGTCATTGAAGTATTTATCGATCGAGCAACCGTTTCATTTATAGATCGATTTATAATATTTTCGAAACTTTCTTTCATACCATGTCGGAGAAGATTTTCTCGAATCCTATCATAAACGACTATAGTATCGTTGACAC
CP065011.1_gap24	1081433	1085143	3710	TTGCTACACCAACAATCCATACAATAATAATAACGCCAAGAAACCGCCAACGCACATCGGAGGGGATTTTTTCTGTAAGATAAAAGAAAAGTCTTTGAAACATAGATAATAAGTGAAGTCTATTTTTTAGGAATTTTTGCTGTTATTCGAAATCTCTCTAGGCCAAACTTTCTTTTCACTTCATCTTTTGAATCAGTATAGCGAACCCGTACATAAATAAGGGCAGTATCTCCTTTCTCAGCTGTAAAAGTAAAAGAGTATTCTTGAGATTTTCCATCTAACTGAATATAAGGAATTTCTTTCCAATTTTTGGCATCATAAGAATATTCTAATGCGATCTGATCTTCATAATTACCGTATTGACTTGCTTGGATAGTCATTTCTGAAAAAGGAGATATTGTTGAAATAGGATACATAAAGTATTCTCCCACTTTGGAATCCCCTAAAACTCGGGATTCTTTTGGTTTAAAAGAAATGCTTGGAGTTGCTTCAGAAATATTAGCAAAATCAGAAATTGAATTATTACTTCTATACTCATAGCGAAGATAAGGACCAACATCTTCAATTTTTGCACCAGGAAGGAGAAGATTTTTCTCATTTTCTTCAAATGCATGTCGAATCTGAGCTACAACAAAACCCTCTTTTCCATCATCAGAAGTAACACGAGAAAATTCAAGAGTTCCTTTTTTGTCTTTTTCACGATAGCGAATTCCTAAAGCATAGCTTTTTCCTGGTTTTAATGAAAAAGGAAATGGAATATCAGACATTCCAGTTTTTTTCTTATATTTATCAATATCTGCTTCTGGAAATGATACCGAATGAATAATTTTTTTATCGACAACTTTACTTTCAGGATCATAGCCAAAAATATCGAGAACATAACGTTCGTCAGAAAGAATATCTCCTCGTCTAGCAGGGATAGAAACTGAATACATAACATCCCCAGGAGAAACAAAAGTTCCCCAAGAAATATAATTAGAACGATCAGGAAAAAAGATCTCTTTTTCAACTTTATTATCCACGAAAACACTTGCTATTTGAGATTTTCTTAATAGCGTAGGTTGAAGATTTTTTATAGCAGTTTCATCCGTAATTTTTAATCTTGTGGTAAATATATCTGAAATTATAACTTTTCCTCCTCTCCATCGATCTTCTTGTGTTTCCCCACTTTTTCTAATAATAATGTCGTGATAGAAATCATTCAATTGGAAAACGAATTCTTTAAAAACTTCTTCTCCGGAACGATCTAACTGTACTATTCCTATTTCTTTCTCTTCCCCCCAATCTGAAATAGCAAGAATATGGAGCTCTTCATCAGAGTCTAATGCACGAGCACCGACACCAATACGATACCAATCACCCTCTATAGAATCCAAGATATCAGGATATATTTTCTCTGGAATACTTCCAGAAAGATCTGCAGAGATTTCAGATAATTTTTCTTCAGAAACTTTAAGGGCATCATTTTTTCCAAGTTCATCTGTTGGAACAACTACTACATTATACCAAATAGAAATTATAAAAATAAAAAGAATAGCTCCATATTTTCCCCTTAAAAATAAGAAGAAATTCTTAAATAAGGAAAAATATTTATGTATCCATTCATAAGAAATCTTTTTTTCTTTCATATAACCATATTCTTTTTATTATAACCGATCTATAAATACTCTCTAAAAACCCATTCTATACTCTCTTATTATTTTTTACTAGAGGATCTCTACTATTTAACCCTATAAAATAAAAATATTTTTTAAGTCTATACTATTTTCCCTAAATTTTAAAATTTAGGGAAATATTTAAAAAGGCGCCTTGTTTTTTACAAGACGCCAAAAAAGAAATGAGACCCGATAAGATCAAAAGCTATCCAGGAGCGGATATCATTCGAACTTCTACGGATTTAAGTCCTCTCTCAACATTTCCGCCAATTTCCAAAAAAGTTGCCACCGTAGCATCTACTCGGTTTTTTCTCGTGCACGATCTTTTGGGACAACGATCCGAAGCAAAAGCTCTCACAGATTTCCCTGTTTTCGGATCTCGTATTTCCAACATAGATCCTAAGGGAAAGCGAGAATCTACTGCTACTGTTAATGAATTGGGATCCATGACAGCACCGCTTGCGGTACAACTGCCAGTTGGATGATAAAAAGAAAGATCTATCTTCATCCACGACTTTTTTATCGTTCGGGAATCAGAAGAGTATTCTTTTTTTACGGAAGATAATGATTTACAGCCTCCACTCCGTTTACGTACATTCTTACGCAAACTGTTCGTTGGTTCCTCAGAAATTTTTTTCTTCTTTTCTAAGGAAAGAGACTGACTTTTTTCAGCTTTTCTTACTTGGATTCTTTCCGAAGCGGATAAATCCATTGTTTGCAAAAAAAGCGAAGAAAGAATGATTAAAAACTTTGTTTTCAATGAACCATACCTCAGTTGAAAAAGTGTCACAAAACACTTACCCAAAATACACAAGTTTTTCTCTCCCGTCAAATTTTGTACGGTTATCTAATCAAAATTACATTTTGAAGATTTTTGATAATTACTCTTACCAAGAAGAAAATACAAGTAAACGACTACTTTTTAAAAACATTTTGCAAAAAAAATAAAAAACCCGTTGAATGTTTCCAAACAACGGGCAAAGTGGGAGACTAACTCTTAGGGCTTAAAAAACGTATAAGAATCCCCCAAAAAAGTTGTTCCGAGCGGAAAATCCCACATATCTACCGCAACATACAGATCTCTCTCACCTGCTTTACAGACCAGGAATCCATATGTGCCAAATGGAAAGTTGGGAATGTCTGCGACTACCGTATAATCATCCAGTTTCTTTACAGATCCCTGGATATAGGTAAAGTCAGGATTCCAAAATTGAAATCCGCAACTTGAAAGTTGCTCAGAATCCATGGGCTCCATAAGGCCATCCTTGTCCGAAAGGGCATAGATTTTATTGGTTCCGAAGTCCATTCGAACGGTATTGGTATTCTTGTCGATAATGGAAACATTTGGTTCTCTATAGTTTCCCATAGTGAAGAGATATTGTGCATCCACAGAGAATGGCTGTCCGGTCACATTAGTGACCGCCCAGTATGCCATATTAAACGGCATGTAATGGAATGTCCCTTCTTGACATGAAACTCTCATCCCGAAATATCCTTTAGCGGGATAGTTTGTCGGAACAATCATGAGGGGTCGAAAGAATTTGGCCCACGAAGCATTCTTCTCTTCCCATCCATTAAAATCGCTATGGAAAGCAACTTCGTAGGTTTCCTTTATGGGAGTACATCCAAATTCTTCAGGTGGAGTGTCAACAAGCCCGGTAAACGTAACCCGCAAGGGAAGGATGGCAAGTATCACACCCTCTGGCGTGATACGAATCTGCCCCACGCAGTTTCCCCATCCATTGTTTTGAGCTTCGCAATTGCGCGAGCTCACCTCGACGATTCCCGCAGCCGTAAATTGCTGCAGGGAGAATGCATTCTCTGTCATGCTGACAAAGAGAACAAAAAAAATAACAACAAGTAGCCTTTTCATTGGGAACCTCTTTTTCTTAAGGTGCTTTGGAAAAAACTTTTGAATACCTATTCAAAAGTAACCATTCGCATCTATTCACATTTTCTTTATTTTGTCAAGACTTTGCACAAGATAATCGCCTAGGTAACTAACTCAAAAAATCTTTAAAATAAGCCTTTAGAGAAGATGGTCGCACATCTTCA
CP065011.1_gap25	1186098	1186598	500	GGGAGAACATCAATACCTTCTGATGGACTATACACTTTTTCTTCTTTATTTATTGTCAAACGACAACTTTCAATCTTTACATATCCTGTAGTTATACCTGCAATTTCTACATCTTTAATACTACTCTGAGCAAGAGTTAAGCCAGAAGAGTTTGAAACTTCTATACCAATATCATACGTACCATTTGGAAAGAAAGGAAGTTCTAGTTTTTGAATGATTTTTTTTGTTTCATCATTTTTAAGAGAGATAGGATCTTTGAAAACATTTTGAAATAATGGTATTCCCTCTTTATTAAGAAGAAGCAATGAAGTTATGATATCTGTTTGTATCCCCTCTCTGTTGTTTATATCATAAGCAACTTCTATAGAAGTTCCTTCTTTTGATACCACTACAGGATTATATACATTCACGCTCGCTATACGAATTATTTCCATTTCTTGTATCATCTCTGGATTTTCTGCTTTTATTCTATCGAATTCTTCTCGAGGAAAGTCTTTTGG
