gap_id	start	end	length	sequence
CP064994.1_gap1	9374	10491	1117	ATGATTCTCTTTTCCCTGAGAGCTCCCTGAGGGAACAAAAAAATACAAGAACGAGAAATTACGAAAAATGATAAGAGGCGCTCGAAAAATTTCTCTCTGCACGAAAAACGTAAAGGAATGCGTGATGTCGAGGAGTGAAGTCGCGGATTGGCGGGAGATACAAGAAAAAAGAGCCATCTCCCCTTCTCTCAGAAAGAACCTCCTCCCCCTCCAATTCCTTTCGCACCAAAGGAAAGAAATTTTACGACTGTTTTTCCATGCGGACAATCTGCGCGCCTATTTTTTGAAGACGCTTCTCGATAGACTCGTAGCCGCGATCGACCTGATAGATATCCTCGATCGTGGTAACGCCTTGAGCTGCGAGAGCCGCGATAATGAGCGAGGCTCCAGCACGAAGATCGAAGCTCTTAATCGTGGTCCCGCGAAGAGGGGCCGGGCCATGGATCACGGCTTGATGAGGATTGAGCACGGTTGCCCGAACGCGCATTTTTTCGAATTCGGAAATGTAATTGAAACGACCTTCGTAAAAGTGTTCGTGAATGAGCGTTTCACCTTCCGCACGCGTCGCAAGAACTGCAAAGAGAGAGAGCGCATCGGTCGGGATACCGGGATACAATTCTGATTTCACTTTTCCCGGGGAGATGAGTTTTCTGGCAGGAAGCACGGTTATACGATCCGACTCAATCCGAAAGTCGACTCCGAAATCTCGCATTTTGGAGAGCACTGCCTCAAGGTGCTCCTCGCGTGCGCCCGATACGGTAAGCGTGCTTCCCGTCACCGCCCCAGAATGAGGAAAGTGGTCGCCTCTATCGGATCGGCAATAACCGTGTGTTGTGCTCCATGGAGGACACCGCCTTCGATAGTGAGCGTATGCGAACCGAGTCCCGTGATACGCGCACCCATCGCTTTCAAAAAATTTCCCAGATCTTCGACGTGCGGCTCTCCCGCGGCAAGGAGAAGCGTTGTCTTTCCTGGAAGAGACGCGGCAAGCATGAGGGCATCCTCGGTTGAAGTGACTGAAAATTCCCGTTGCACCACTTTCCCCGCTCGACGATCACTCGCATCTACTTCGTAGTGTTTTTCATGTTTCGTGATGCGAATGCCGAGCTGTTCCAGA
CP064994.1_gap2	13035	17607	4572	TGCCGCGTCCATCGCCTCGGAAATTTCGTTGGGCTCAAACACGGATTTGTCTTTGAGCGAATGTGCCCAGACTCCCGCAAGACAATCAGCCTGTAGCTCCATCCTCACCGATTCTTCATTGGTCCGTGCAGCCGTTTTCAGTTTTCCTAAAATATTTTGTACGTGGTGACCTCCCTCGTGAGCAATGACATACGCCTGTGCAACATCGCCGCCCTTCGCTCCGAGTTTCTGAGTCAAAACATCAAAAAATGTTTCATCGAGATAGAGAGTGGAGTCCAGAGGACAATAGTGAGGACCAATACTCGACGTAGCACCTCCGCACGAAGACGGGGTTTGATCACGAAATAAGACAAGCCTTGGCGGCACATATTGCTTTCCGATCTTTTCAAACGCCGACCGCCACACTTCGTCGTTCGAACCGAGTACCGTCGAAGCGAATCGTTCGTACGAATCCTCCCCTTCATAGTCCACATGGTTGCGCGAAACATTCGAGGAAGACATTTCCGGGAGAAGCTGTATCGCCCGGTCCAGCGTCTCCGGAAGCGAATTTCCCAAGAGAAGATTTATCCCTACAAACAGTGCGATTCCAGTGAGACCGATTCCGCTCACGCCGGAAACCATGCCCCGGCGATCTTCCACGCTGCCGCGAGCCGAAATTTTATCCCAGAATGCCATAGGTGATTTGATAGCGAGAAAAGCAAAAAGTCGAGAGAAAAAGGGTTCATCATAATGAGGGGGCGCGAAGAATACTGACGATTGGAAAGAGTGAATGGTGCAAGAAAAAAGAAGTGTCATTATCATAAAGGATATTCGGCAACTCAAAAAGAAAAACCGAATTGGAAGTGCTCTGCGAGATGGGATGGAGAAAGGGAGAACGGAATTTCGGAAATTGAATTACCGGAGGTCTTTTTCGCCAGGGTGAGAAAATTCTCGGAGATAACTCTCGTTCAGAAAAGCTTGTCATGTTGCCAAGCAGATGCTCTCCTCTGAGGGCACAAAGGGACAAGAAGGCAAAAGTTTCATTTTTCCTTCTTGAGAACACGCTTCAGATAGACCCCGGTATGAGATCGCGGATTCGCGGCCACTTGCTCAGGAGTCCCTTTCGCAACAAGCATTCCGCCGCCCGCACCACCTTCCGGACCAATATCGAGAAGGTAGTCCGAATTTTTCAAAATATCAATATTGTGTTCGATAAGGACAACGGTGTTCCCTTTCTCAACCAAACGCTCGAGAATTTCGATGAGCTTTTTCACATCGTCATAATGAAGTCCGACGGTGGGCTCGTCGAGGAGATACATGGTTCGGTGAAGATCGGGCCGATAGAGTTCGCTTGCGATTTTCACGCGCTGCGCCTCGCCTCCCGAGAGCGTCGTCGCCGACTGGCCGAGTTCCAAATAGCCAAGTCCAACATCGAGAAGGGTCTTGAGGCGATCAGCAATTGCCGGAATATCTTTAAAAAATTCAAACGCTTCTTCCGCCGTCATGCGGAGCACTTCCGAAATGTTTTTGTTTTTGTATTCGATTTCGAGCGTCTCTTTCGTAAAGCGCTTCCCGCCGCAGACATCACAGAGAACATAGACGGTCGGAAGAAAGTGCATCTCGACTGCGATCTCGCCGTTTCCTTCGCAGGCCTCGCACCGCCCACCACGCACATTAAATGAGAATCGCCCCGGCTTCCACCCACGAAGACGCGCTTCCGATGTCATTGCAAACATATCGCGAATATGCGTCCACATACCCGTATAGGTTGCCGGATTCGAACGAGGCGTTCTGCCAATCGGAGACTGATCAATCAAGACCGCACGCGACAAATATTCGGTTCCCGAAAACGAAGTGCAATTGATCACCTTCGGACTCTTGTATCGGCGATCCAGTCGCGCCTGCAGATTTTTGTACAGTATTTCGTACAAAAAGGTAGATTTCCCTGATCCCGAAACTCCGGTAATCCCGACCATCCGTCCGAGCGGAATATCGGCATCGAGGTTGGTAATGTTAAACGCTTTTCCTCCCCGAATTTTGATCGCTCCTTTTTCTTTCGTGCGGCGACGCAGAGGAAGGGGGATAAACGATTCGCCGCGCAAATACGAAAGCGTGCGCGAGCCCGACGTATTTTTCTTCGCGGTAAGGAGTTCTTCCAAAAATCCAGACACAACGACGGATCCGCCGTGAACTCCGGCAGCGGGTCCGATATCAACAATATAGTCCGCAGAAAAGAGCGTGTCTTCATCATGCTCCACGACAAGAATCGTATTCCCAAGATTGCGAAGTTCGAGAAGCGTTTTGATGAGGCGATCGTTGTCACGCGGGTGAAGTCCGATCGTTGGTTCATCAAGAACATAGAGCGCTCCGACAAGCCGACTCCCGAGTTGTGAAGCGAGCCGAATACGCTGCGACTCCCCGCCCGAAAGGGTGTTCGCGCGCCGGTCGAGCGAGAGATAATCGAGTCCCACATCGAGAAGAAAAGCGAGTCGCGCACCAATCTCTCGAAGCACTACCGAAGCAATCGCGCGTTCCCGATCGGTCAAGTGCGCCGTATCAAGAAATTGTTTCGCTTCACCGATCACCATACTCGAAAACTGCACGATATTTTTGTCGGCTACTTTCACATGAAGCGCCTCTTCGCGAAGACGACTCCCCTTGCAGAGAGGACACGGCTCCGATCCGAAAAAATGTTTCGTTCCGAGTCCGTTACAGTCCGGACACGCCCCGAAAGGCGAATTGAAAGAGAAGAGCCGTGGCTCTACTTCCGGATACGAAAAGCCATCGTACGGACACGAATATTTGGAAGAGAGAAGCTTCTCTTCAGAGCCGACCACAATTTTTACAAGTCCTTCAGTTTCTTCAAGAGAACGCTCCACTGCTTCCCGCAAACGCATCCCGGCGTCGGCACTCCAGATCGCACTCTTCATTTCCGAAACGGGAATCGTATCAACGAGCATATCGATATCGTGCGTCTTGTACTTTGAGAGCACCACTCGCTCACGAAGACTTTTCATTTCGCCGTCGATCCGTGCTTCGGAAAATCCTTTTCCGAGATAGTCGTAGAGAAGCTGATAGTACTCGCCCTTTCGACCGCGCACGACGGGCGCAAAAATTCGAAGCGCCGCATTCGGTTCGGCATGCGTCGCGCGCTCCGTGATGAAACCAATCATTTCATCTGTCGAGAGCTTAGAAATTTCCCGTCCGCACGTGAGGCAGTGAGGGCGGCCAATGCGCGCATACAAGACACGCAAGTAGTCATAGATTTCGGTGACGGTCGCTACAGTCGAACGCGGATTCGACGAGCGCGATTTTTGGTCGATGGATATGGCAGGCGAGAGACCCTCGATTTCATCGACATCCGGCTTTTGCATTTGATTCAAAAATTGACGTGCATACGCCGAAAGCGACTCGACATATCGTCGCTGCCCTTCTGCAAAGATGGTATCGAAGGCGAGTGACGATTTTCCGGATCCTGAGAGTCCCGTAAAGGCGGTCATTTTTCCGCGCGGGATCGATACCGTAACATTCTTCAAATTGTGCGTCCGCGCCCCTTTCACCGTAATCCATTCTTGCGGGGAGTGAGGTTCGTTTCGTTTGTGCGCCATAAATAAGTGCGATGGAATCTCTTGACGAAAGAGAATCAGTATATCGTGAAACTCGCCTCAGATCAACTCGCAGAAATTCACCAACAAAAAGAGAGGAAAGAGGAGAGACGAAGCTGCTTCCCTCTCGAAAAAGAAGGCGGCTGAGCGCCGCCTTCTTTTTATTCACTGTTCACTTCTCTTATTGAAGAGAGAATGAGACACACGCTTGTCTCGAGAATCCTGATTATTCTTTTTCAAGTGAACGCGCTTTAGGTTGTTCCGGGGCGCCCATTTCGATCGGAGCATCGAACGCTGCCTTCAACTCGGCGCGCGCACGGTCAACAGATGTTTTAAATTCTTCAAGTGCTTTTTGAAACGCGGTTCTCTGAGCTTCGGCGAGCGCTTTTACTCGAGCTCCCACCGTAAGAGAAGCGGCACGATCATCGCGCGTCGCGTTTCGCGCCACATCAAGACTTGATCGCAATTGATCGCGAACCTCTTTTGCCGGCACTCCAGATTCACAGTCGCGACGCGCTGCTAAGAAAGCCTGTTCGGAAGCAGACTGAAACCGAGCAACACTTCCTTCCATCGTCATCTTTTGGAACCGATCGCGGCATCGACGCCCGTTCGAAAAGTCTTCTTTTCAGCATCCACAGCACTCGTTCTCTTTGCTATTGCGTCTTCAACTGCCAATCTGAAGGCATTCACGGCATCACTCTTCTTGGGATCATCTCCGGCTTTCTCCAAGAGTGTGCGATACATTTCCTCACGCTTCTCCTGCCGCTGTGTCCGAAGACCAGCAAGTTTCTCATCACGTTCGGATCGCTTTTCATCAAAAACAGTGAGTCGCTTTTCTTTTCGTTCGAGCATTTTTTTCACACGTTCACTGAGGCGATCGCTCGTTTTTGCTCCTCGTTCCAAGAGCTTTGCGCACAGCTTCTCTGTCTGTTCCTCACTCTCTTCTTCTTCTTTTTCGACACGCTCGGTTGAGAAATTTTCTTTTCGC
CP064994.1_gap3	18645	19813	1168	TTCTTCTACAAAGGTAAGCGCATATCCGATATTTGCACCGCGACCCGTGCGCCCGATCCGGTGTACATAATCTTCGTAGGTCATTGGCAAATCATAGTTGATGACATGGGTGATGCCATCGATATCGAGACCCCGAGCGGCGACATCGGTCGCGACGAGAACTCGAAGATGATCTTCCCGAAAGCGTTCGAGAGAGCGACGACGTTCGGCCTGAGAAAGATCACCATGAATCGCGCCTGCCTTGAATCCCCGTTCGAAGAGCGAGCGCGCAAGACGATCCGCGCCGCGCTTCGTCTTGCTGAAGACGAGCACTTTTCGAAATTCTTCTTTGAGAAGAAGTTCATGGAGCGTCTCTATTTTTTCTTCGACCGTTTTTATAGACACGATATCTTGATGAACGTTTTCACTCGTCGCGCGCGTTTTGACGAAAATCGTGATGGGATTCTCGAGAAAAGTCTTCGCCAAATCACGCACAGCCCCTTCGAGCGTTGCCGAAAAAAAGAGCGACTGGCGATCTTTCCGAACCAAAGAAAGGAGGTACTTCATGTCTTTGACGAATCCCATATCGAGCATGCGATCGACTTCGTCGAGAACAACGGTATTCACAACCGAGAGATCAAGGAGTTTTCGTTCCACCAAGTCGTTTACTCGCCCGGGCGTGCCAAAAATAAAATTGGGACGTGCACGAAGATCGCGGACTTGAAGTCGCATATGCGCACCGCCGATGATGAGCGCGGAAGCGAGTCCCGACCCTTTCGAGAACTCCGTAAACTCTTCTTGAATCTGAAGCGCCAGTTCGCGTGTCGGCACCAGTACCAGAACAAATTCTTTTTTTGGTGCATGGAAAACTTTATTGATGAGCGGTATAAGAAAAGCAGCGGTCTTCCCGGTGCCGGTATTTGCAATGCCAATCACATCGCGTCCATTCAGAACGTGGGGAATGGCGCCGTCTTGAATAGGCGTCGGGTCCGTAAAGTTTCGCGCGGCGATGTTTCGTTTCAACTTTTCGTGAAGCGGAAAGTCGGCGAAATGAAATTCTGGAACAAACGGTTTTTCAGAAGCGGGTGCCGCCCGTTTCACAAATTGCGTCACATCAAGCTCTTTTCCGCGTGTGCGCGAAACAGAAGTGTTTCTGCTGCGGGAAAATCCCGTTCGGCCTCCTCTTTGG
CP064994.1_gap4	21639	25868	4229	AACGATTGGCGATCAGAAAAAACCTCAAGAAGATAAAGAGGGAATGCTATACTGAAAGAAGTGATGGCACTCATTCGAAAAATAAGAACAAGATTCCTATGTCACTTTCCGAATCTTCAAAAACAATATCGCCGCTCACGCTCACGACACTTTCGCCGGAAGAAACACTTTCGAAACTCGGCTCTTCGTGGGGAGGACTCCCAACCGAAGAAGCCGAAGCGCGTCTTGTCACGTGGGGAAAGAATGAACTCAAAAAAGAGCATCGCCTTCGCTGGAGTGAGATTCTTCTCCATCAGTTTACTGATATCCTCATTTGGATTCTCCTCACGGCCGCGTTTTTCTCACTCATCTTCGGTGAATTTCGTGACACCACTATTATTCTCATAATCGTGTCCGTGAACGCCTTGATCGGATTCGTACAAGAATATAAAGCCGAGCGCATCCTGGACCGACTGCGCGAACTCGAAACCGATCGCGCGATTGTTATCCGAGACGGACAACGAAGCGAAATCAATTCGCGCGAACTGGTGCCAGGCGATATGATCGCTCTTGATGCCGGAACAACGGCGCCCGCCGATGTACGACTCCTCGAGAGTTTTTCACTCAAGGTAAACACGATTCTTTTTACAGGTGAAGCTCATCCTCGCAAGAAAAACGCGCTTCCCCTTTCTGAAATGCCCGCCTCTCTTCCTGATGCCGAAAATATTATTCTCTCCGGAGAATCGGTAACGACAGGAGAAGCGCGCGGAGTTGTCATTGCGACCGGAAGCGCAACCGAGCTCGGCCACCTTGCCACCATGACTGCGCGCATCGAAGAAGAACCGACTCCGCTTCAGAAAAAAATGAGCCGCCTCGGAAAAGCAATCGCACTTCTCTCGCTCGTGATCGGCATTGCCGTGATAGCAATCGGGCGAAACGGCGGCCTCTCGTGGTACGACAACTTTCTCTTGGCGCTCGCCCTTGCTGTCTCGATCGTGCCTGAGGGGCTTCCGGCCGCCATCTCGATCGCCTTTGCACTCGGCATGAAGCGACTCCTCAAGTTTCGCATTCTCGCGAAAAAATTGAACGCCGTCGAAACACTCGGGTCCGTGACGACCATCTGTACAGATAAAACCGGCACTATCACAAAAGGAGAGCTCACCGTTACCCATATTATTCTCGGACACGACCTCTACGACGTAAGCGGCGAAGGCTACGAACCGCGTGGCGGATTTTTTCGAAACGGAAAAGCCGTAAGTCCCGCAAGTATTCTCGGCGCCGAAACGCTCTTCAAGATCGGGGTCCTGGCAAACAGCGCGAGCCTCATCACGCGGGATGATCGTGTGGAAGTGGTCGGCGACAGTACCGAGGGCGCCATCCTCGTCGCTTCGCGAAAGTACCATCCGGATCCCGACTTTTTCCGCATCGGAGAAACAAAAATTTTTGAACATCCTTTCTCCTCGGAACGCATGCGCATGAGCGCGCTCTTCCAAAATTCCGGTGTGACATCGTACGTGAAAGGCTCCCCGGACGTTCTCCTCGCGCGCGCCACAAAGCAACTAAAGAACGGGCGCGAAGTTCCCTTTCCAGAAACGGACCGAAACAAAACAAAAGCGCTCTACGATGAACTCTCCGCAAAAGCGCTTCGGGTTCTCGCTTTCGGGTACCGCACGCTCACGACGCTTCCAGAATCCGAACGAGCAGACGCCATGGAGCGCGACATTGTCTGGGTCGGGATGATGGCCATGGTCGACCCGCCACGTCCAGGCGTTCGAGATGCCATTCTCGAGTGCCGCGATCGCGGCCTTCGCGTCGTCATGATCACAGGAGACTACGAAGTGACCGCTGCTGCAATCGCGAAAAACATCGCTCTCATCGATGAAAGTCGTCCGTACAAAATCGTGAACGGGAAAGATCTCGCGACCCTTTCGGACGACGAACTCTTTTCGCAGATTCAAGAGAAAGATGCGGTCTTCGCGCGAATCACTCCCGAACAAAAACTGCGTATCGCAACCGTCCTTAAGGATCGCGGCGAAACAATTGCCATGACGGGCGATGGAGTGAACGACGCCCCTGCCCTCAAGAAAGCCGATATCGGCGTCGCGATGGGAATAACAGGAACGGACGTTTCAAAAGAAGCGGCGGACATGATCCTTCTCGACGATAATTTTTCGAACATCGTCTATGGTATTCGCGAGGGCCGCACCATTTTTTCCAATCTCAAAAAATTTGTTCATTACGTTTTCACCTCGAATGTGAGTGAGCTCTTTACCGTGCTCCTCGGATTCGCGCTCGGTATTCCCGCCCCTATTCTCGCGGTTCAAATTCTCGCAATCGACCTCGGCACCGACGTCTTCCCCTCGCTCGCACTCGGTGTCGAACCCGAAGAACCTCACTCGTCAAAACAAGGGAGCGCCGAAAATACCGCTTCCGTCATTGATAGAGAGGGCGTGGGTCGACTCCTTCGATTCGGACTCCTCATGGCACTTGGCGCTGTGACCGCCTTTCTCCTTTCTCTCCTTCGCGGCGGCTGGCAGTGGGGCGACGCAATCGACACACACTCCGCTCTCTATCAGAAATCGACCGCGGCGACCTACACAACACTCGCCCTCACGCAAATGGCAAACCTCTTACAATCACGCTCGGCGACCCTCTCGTTTTTTTCACTCCCCTTCTTTTCGAATCCGTGGATCTGGATCTCCATGACATTCTCGCTCTTTCTCCTCTGGGTGGTGACCTCTTCTCCCCTTCAGTCTCTCCTCTCTCTGCAGACGCCAGACGCACTCGACTGGATGACCGCAATGACGTTTACGGTCCTTATCTTCACCTACGAAGAAATCCGAAAGCGACACGCACTCAAAAAAGCGGGTGTTGGAGAGAAATCTTAATCACAAAAATTCTCAAGCGATGACGAGAGTTGCCCAAATGAAGACACGGAACGCTTGTGAAAAAGAGGAAAAGAAGTGCCTTCGGAACCGATATCAACCCATATGAGGGCAAAAACGATGAAAGATCGCTTTCTGAAAAAAGAAGATGAGCCCGAGAAAACTCATCAAAAAAACATCCGAAATACGGATGTTTTTTATTGGAAGTGTTCACTCGTTTTTTCCTTTCCAAAAAATTCACATTCTTCGAGTATCGTACGCCCACTGGAGGAGCGCTTGCCGTTGTCGCGGGCGACACAAAAAATCTCCAGGACGACAGTGGTATGAAATTTGTGCGAGGTGCCGACGCATCGCTTTCCACCGAGCGATTTGTCGACGATCGTCAGGATGACGACGCCCCGAAAAATACCGAGAGTACCACTGAAACCATCCGCGCGGATCGTCGGGATGAATCCATCCTTTGGCTTGCCAAACCGAAAGCGACTGTCCCGCGAGCATACCGAAAAAATTGAGTGACGGATCGCGCTTCCCGATCGCGAGCTTCGCTTCGCGAAACCAGTCGGGCGGAAATTCCTTCACGCAATCGCGCATGTAGACACCACCAAAAATTCCAAGCCGGAGCATTGCTTTTGGCGAAAGATCTGGAGTAAAGTCCGCGTCAAAGTGTTTCCCCATGGGTTCGGTACGGACATACCGGTATCCGCGCTGCATGCGATCGTGCACCCTTACCCGCTTCCTCTCCATACGCATATTTCACAACCATTTCTGAAGCTTTCCTTACTCATCAATCGATGATTTCGTAGGTAATCATTACCTGAAGATTCTTGTTGCGAGATCCCGGTTCCGGCGTGGGGACGCCTTCCCCGGCATTCGCTTTCATCTGAGCTCCCCCCATTCCCTCAAACGGGAAGGGCGGGTCGGTCGTTTCCGAAATATTCACAAGCTTTCCGATACGAAACTTCCCGGCCTTTGAGAGCGCATCGGCCTTTTGCGAGCCACTTCAATCGCTTTTGTGCGCGCTTCGTTTCGCGCCTTGGTGTCGTCATCCGTTACAAATCGAATATCGGACACACCAGTCGCACCTTTTTCGACAACGCCGGAAAGAAGCGCTCCTGTTTTCTCTCGGTCTCGCACTTTGACCACAAGAGACTGTGTCAACGTATAGCCAATTTTTTTCTGCTCCGGACATATACCACTTGCGCACGAAAGAGCCTCATACCGCGGAGCAAGCGAATATTCCGACGTCTCGAGATCCTTGGCATCAATGCCCTCTCCTTTCAAGAAATTCGAAATCGCGTTCATTTTTTCCGCATTCTCGCGCAACACGTTTTGTGCATCCATCGATCCCTCTGTCACCACCGAAAC
CP064994.1_gap5	49444	51571	2127	CGTCGGCTCATCGAGAAGCAAAATATCCGGATCAGAAATGAGTGCTGCCGCAAGAAGGAGGCGTGCCTGCTGACCCCCCGAAAAATCCCGGATTTTTTTCTGAAGAGGGGGCATTGGCAAGTGCACGGTCTCGAGAACGTTTTCGATACGAGCCGGGAGATTCCACTTCTTGTCTCTGAAACACTTCGCGAAAAATGCTTCGACCGACAGGTCGAGCTTATCCCGGCGTACCACCTGCCGCGCGATCGAAACACTTGCCTGCGGATCAATCGAAATTCTTCCACTGTTCGCAGTAAGCTCACCCAAAATAAGTCGGAAGAGAGAGCTCTTCCCGGCCCCATTTTGACCCATAAGCGCTGCTTTGAATCCGCTGCGAACAGAGAAACTCACCTCTTCCAAAAGAGGTTTGTTGTGACTATATTCAAAGGAAACATTTTCGAAACGAAGTACCGTTTTGTCGGTCATAAGAAAACTCAGTTGAGAGGAAAAGAGAAAGAATGAAGAATGGTGACGAAGAGAGAAAGGGCAAAGAGAAATCGATTGAAAAAGACGCCAAGGCGCCTTCCACCATGACAGAAAAATTCAAAGGAAGCAAGTGATTCTCTTTCAGAGGCTGATCTCCCATGCTCACGTGAAACCTTTTTTCTCACCGGCATACCTCACAAGACAGATCGCCCTCCAAAAAATATATTCCCAAAATTTTCTTCTCTCTGACTCGTCAACAGGAACATTCAGGTTAGGAAAAGAAATGGATTTGCTTTCGATTGAGAATTATTTTCGAGCGATACGATGGAAAACCATCAATCAGCCATGAGGAAGAGTAAGAACAACGGATCAATCGAAGCGCTGCGTCTTAGATTCATTTCAACTCGTCGTCCATTTTTTTAAGCCACTCTTCGAGTGCCTTCCTCTGGTGAGTCGCCAACTTTTTCTGCTCGTCGAGCCATCCAGGAACTTCAGAATCGACTTTCGTCTGAAATCTTCTTGCTTTTTTTCTCATCTTCATCGGTCCAACCTTCCAGTTTTTTTCCGGACATTTTCCGAATTTTCTTGCTAGATGATCTCAATATATCGAGAAAGCTCTTTTTCTCCTCGACCCATTGCTCTCGTGTTTTTTCTTCGCTGGAAGCAAGCTCTTCTTGCCTTTCTCTGGGTACATCCAAAACTGATGTCATATATGTATTTAAGAACGTATGAGGAGAAAATTCTCGCCGCTTCACTTTTTGAGGAGTGCCCTTCTGCGGCACCATTTTTCTTGAATAAAAATTTTTCCTCCAAGAGAATGTCCAGAAACCATCATTCTTCTTTTTTCTTTGAGAAAAAGCATCATTCCATCCTCACCAGTTTTTCAAAGAGTCGCTTCGCACCTTCGACGGTCGCGAGATAGAGAATCGTAATGCCAAGAAGTGCTGCAAAGAGCGCGGGCGGAAGCGGCTCGAAACCAAACACCTTCCCGAACGGCGAGAGCGCAATTGTCCAGCCAATAAGGAGAATAATCGCGGTATTGAGAATCAGAAACCCGCTCGGCGTACTCCGAAAAAAAGGGATACGCCTCGTTCGAATAATAAAGATAACGAGAACTTGAGTCGCGAGCGATTCCAAAAACCAGCCGGTCTGAAAGGTGCGTTCCCCAAGATGAAAGACGCCGTACAAAATACCAAAGGTGAGAAAATCAAAGACCGAACTAATGGTACCGAAGACAAGCATATATCGGCGAATTCCGCGCAGGTTCCACCGCGATGGCTTTCGAATGGAAAGTGTATCGACGCGATCCGTAGGTAAGCCGATCTGCGCCGCGTCGTAGAGAAAGTTGTTCAATAAAATCTGCTGCGGCGCCATCGGAAGAAACGGCAAAAATGCAGACGCTCCCATCATCGAAAACATGTTGCCAAAATTCGAGGAGAGCCACATACGAATATACTTGAGCGTGTTCTCAAATGTCTTTCTTCCCTCTTCGATGCCGTCTTTTAAGACAGAGAAGTTTTTCTCAAGGAGAATAATGTCCGCCGCATCTTTGGCAACGGGGACTGCATTTTCAACGGAGATGCTAACATCGGAAATCTTGAGCGCCGTCACATCATTGATGCCATCCCCCATATAACCCACTACGGTCTCGGAATCGTGCGG
CP064994.1_gap6	54719	56651	1932	AATGTCACACTCATACAAGATCTTCCTGAATGCCTTTCAAAAACTTCGACAGAATCAGGTCCGTCCAAGAAGAACTTTTACAGCGCCTCTCATAGAAAAGAAAGTGTCGTATGGATCGCTCTCTTTTGAGTATAAAACGTTTCGGGAGTTTTCGGAAAAATAGCCTTCCCCCACTTGAAACTCGAAATGCTTTTCGGATTTCATCCAAAAAGTGAATTGCTTAAGGGTTGAGCGATTCCCATGCGAGTATCGCTTTCTTTCGACGAGTTCCCCATCGGTACCCACCAATCGTCGCATCGGATCGAATCACGCGGTGACACGGAATAAAAAGTGAAATCGGATTCGCGCCGATCGCCGTACCAACGGCGCGCACGGCCCGAGGATGTCCGATTCGTCGCGCGACTTCGGCATAGGTCGCTGTCTTCCCGCGCGGAATATCAAGAAGCGCCTTCCACACGGCGCACTGAAACGGTGTGCCCGAGAACCGAAAGAGCACCCTGGGCAATGTGCGATTTTCCGAAAGGAATGTTTGCGCCTTCTCATGCCATTTCGCCTCCCCTTGAGAAATCGAGGCTTCTGGAAACTCATTTCGGAGAAGAGCTATTGCCGCATCATGACCTGCCTCAGAAAATCCTGCGAAACAAATTTTCTCGGCTGTGCCCAGAACCACCAGAGATCCAAAAGGCGCTTCATACCGAGTGAAAATGAGTGCTTCTTTTTTCATACGCTCCTGAGGACCCGAGAAAAATCATGCACCCCTCACCTCCCACATTCGCCTCACACATTTCTCTTACATTTTTTCTCGAATTGTCTTGAGAACTGAAACGCTCACAAGAAGAATGGAGGCTGGAGAGGCAAGACGTAACAAGTCAGTAATTTCCAAATGAAAACGACGAAACCAAGAAGTGGTCCCAAAAATTCGAGCAGATTGAAAACCCCGAACCACAGTACCGTCACAAAAAAGGATTCGTGTTGGCACCTGCATCGACCGCATTTGGTCTATTTGCGGGACGTCCGACCGAGAAGTCGGTCAACAAAAGTGCGCAGAAGAAAAATTCCCGCGACGACTAATACCTTTCTCAGTATCGTTTTCATATGAGTGAAGAAAAAAGTTATCAAAAAAGAGACTCAGCCAAAATTGCACAACATCGATCAGAACGTGAATAGGTTTTCCTCAAGAAAAAACATTTTCCGACAAGGCGTTAGAGAGATCGCTTGCGAGGTGATGTGGCGAAGATTGCAACTGCTTCCGCGCCCAAAAAAAGAATGTGCGATGAATAATAAATCCAGAGCAGAATAAGAAGTATGGAGCCCGCCGCGCCGGAAGAAGAAACCGCGCCGCTTCTTCCCAAGTAAAGGCCGAGCAGGGTTTTGCCGATGACGAAAAGAACAGCCGTAAACAACGCGCCGCGGAGAATTGGTTTCCACGAAAAGCGCGTATCCGGAATAAAACGAAAGAGAAGAGCAAAAATGCCAAAGATCAGTAGGAAAGAAAGACATCCACTCAGAAGACTCCAGATACCCGCCGGAAATATGGGGAGGAGATAAGAAGCGGAGTCCAACAAAAACTGAGGACTGCGGTAAGAACAAGTGAGACAAGAAGCAGAAATCCCGTCGCAATCACCATCCCGAAACTGAAAAAGTTTTGTTTCAAAAATCCGAAAATCCCACCTTTTTCTCGGCAATATCAAAGATACGATTCAGACTGCTTTTGAGTTCCTTGAAGACACTCGCCGCCCCAACAAGCAACAAAACAAATCCAAGAAGAGCGAAGACCCCTCCTTTTTGAAGCCGAGTCGTTCGAAGCCATCATACTTCTCAATGTCTCTTCTCCTTCTCTTCCCAAGAATGCGCTCGCTTCGGAAAGGACGACCCGTTCCGCTTCCGTCGTCCCAAAAACGATGCCAACGATACCAACCAAAATGATAAGAA
CP064994.1_gap7	100267	101573	1306	GTCTATAAAGAATTCCCAGAAGGAGTTTTGACCTCCTACAAAGAGACCCTTCACAAGTATGGGTAATTCCCGGCAAAGCGAGGGCTTCACGCTCTCAGCTCTCGTCTTCACAAAGAGAGACTCACTCGGTAGAGCTTTCCGTCTCTTCTGTTTCTGAAAAAAAGTGATGTTTCTTCGGCATCGATCATGAGAGACTCCGCGTCGAAGCTCTGTGTAATATCTTTCGTATCGACAACACGAGATTTCTCACCCGTTTCTACATCCACTTTCCAAAAAGTATCCGCGGTCAAAATGGGTTTCTCGTAATAGTCGTTGGGAAGAATACTTCCTTGGGGGAGGGTCCCCGGAAGCGCATAGTAAACAAATCGTCCATTTCGAGACCAGACTGCCTTTCCTACCAAAGAAGGAATGAAAAGATTCCGATAATTACTCCCATCCAAATCAATAAGGCCGAGCGTCAGCACTGTTCCTTCGGATTGCGTGACACCACTCACGAGAGTCTCCCCACCACGAGGAGAAAATAAGTAGTCGGTACCATACATGCCGGAAAACACTTCTGTCGGTTCCGTCGCCAGGGCCGAAAACACGTGGAGACTGGTCTTCTCAAATGCGTTCGGCGCATTCCAAAAAGCGATACGCGCGCTCTGCGGCACAGCACTTATCGTCAAGCGGTCGAAGGGAGTCGTTCCGATTTTCTCCCAACCGGTTCCGTCTGGAGCAGCAATATTCACGGTGCGCTCGCCTGTTCCTAAGTCGGTATAATGGTAAATGATGCGGTCTCCAAGCGTTGTCCAGGCGGGAAATTCTATTCCCTCAGGAAGGGGGAGAAGCTCTTTCGATTCCCGAACAAGCAAGAACCATTCGGAAGGTTCCTTTTCCACAAGCGCCTTATCGCGAGCATTCGACCATACAATTCCACGTGGCGGAAAGGGAAACTCTATGAGAGTTTTTACTGTTTCTTCAAGAAGAAATCTTTGTTTCACCGCACGCTCATCTTTCGACACATACAAAACCGAACGACTATCGGCGTCGAGAACCGGCAGAGTCACTTCTTGTTCGGTGAGTGCGGTAATTTTTTCGATACTCTCTTTCTTTGTCGGTCCTTCATCTTTCCCAAATTCCACTCGAGTATTCGATCCTCCGGAAGACACCTTTCCTTCGAAAGGGTTGTTCTTGAAGAAAAAGTTGTAAATGAGAAAGAAAACAAGAAAAACAAAAAAAAGAGACGTAAGAACAATGAAGAACTTCTTCATAGATCAACTATGACCATCGCAGCTACACCCAGAAACACTTATGTGTACGTGAT
CP064994.1_gap8	107895	110348	2453	ATAGTGAAGAATGAGGTACATCGCTACCGGCCGCAATTCTTCTTCGAGGTCTCGAATGTTAAACACCACAAATTGATTATTCATGGTGATATTGCTCGCGTGGTTTAAGAATCCGGAAAATATTCCTTTCGTATATTTCTCGAGTCGAGCCGAAAGCGACTCGGTTCCTTCCATGTTACGGAGCACTTCATAGAGATCTCCTATGGTGGGGAAGCTCGAAGGGGTGAGCGTTGAAAGATCAGTTTTTCCCGTGATATCCCGAACGGCATATGTCTCACGAAGAGCCTGATCAAGAATCGAGTCTTCCTCGGGCGTCACGCTTCCGAGCATCAAATGGAGAAGACCAATCAAGGTAGCAATATTGCTCCGCAGAAGCCCTTCAAAATCCTCTTCTTCATCGCGCTTTTTGGGAAGATCAAACGGATTGATATGAAAGGGCGAATTGAGACTCATCTGAATAAATGACCCATCAACGGACTCCGCAAGATGCTTGTACTCATTCTCCGGATCAATCACGATCACATTGGTATCGAACATCATGGAGCGCAGGATTTCAAGTTTGACAAAGTAGCTTTTTCCTGCGCCTGACTTCGCAAAGATGACCATGTTCGCGTTTTCCAATTTAAACCGGTCAAAGAGAATGAGACTGTTATTGTGTCGATTAATTCCATAGAGAATACCGTCATTCGAAGAGAGGTCAGCGGAAACAAAGGGAAAGGTAGTCGAAAGCGGCGCAGTATTGAGGTTGTTTGCCACATCGAGTTCGTCCATGCCAACAGGGCGCGTCGCAGTAAAACCCTGTTGCATCCGCATGACCGCAGGTTTGATATAGACAAGTTGAGATTCGAGAAATGCCTCAACGGAACGACTCATGCGATTGAGCTCCTCGACAGAAGAAGCGTAGAGCGAAATGTAAACGCCAAAACGAAAGAACTTTTCCGTTCCCTGCTGAAGTTTGTCGCGAAGTTCTTCAATATCGTGAAGCGCGGTTTCAAGAATGGGACTGCGTATCTTCCCCGCTTCCGCCTCGATTTGAATTGAAGACTCAACCCGAGTCGCCGATTTGAGGAGGTTTCGCAAAATGTCCCGCGTATCGACGGGGTGCACGAACATCGAAACATCCATCGGAAAATCAAGGTTAATAATCGGAGAAAACCAGTTCGTGTTCAAAAATCGCGGATAGGCGATAATAAAATGCGTGCGTACCAAAGTTTCTCCCGCCTGCAACGAATTAGCACTAATTTTAATCGCCGACGGCGCGATAAGATCGCGAATGCGGGCCACTCCCTTTTGGTAGAGCGCCTCACTTTGCAAAATTTCGTTTTGTTCTCCGTTTGGATTGAGAAAAGGAACGCGCATAAAAAACGTTTTCGTTTTCTTGGCAAAGGTTCATCTCTCCTATTTTCGCACAATGAAAGAAAAGAGGGAACCGTCGAGGACTTCGTTCAGGAAGAAGGGATAGAGACACAGCACTGTTTCCAAGAGAAGCAGTCGAAGAATGCTTCTCCTTAAGCAAGGAATTCCGCAAGGTTTCCTTCTGTGCAAAGAAAACGAAGCCTTCTTTCCTGCTCTGCTTCTGTAAGCCCCTTACCGCTCCACCTCAACATCGATCGCTTCAATATTTTTCGTAAGACGCGTAGTGAAAAGCGAAGGATTGTAAGAGTTATACAAAAGCTCGATAATTTCTTCCGTATTGAGGGGCGCTACTTTGAGACCCGTTTGGGAGAGTCCGAAACTCACATGATCGACACGCTGCCACAACTGATTTTTGTAGGTCTCAAAAAATTCACGTCGTTCCGAAACAGCACCCGCCGGATTAAACAGCGTAGTAAGTCCTCGGAATAGCCCTTTCTCTTTGTCTTCAACCGGAGAAAACGGCACAACGACATAAAAGAGCTTTGACATAATATTTGATACTTCCGAAAGACTTTTGATAAAAGTTTGGTACTCCGAGATCTGCATCCGTAAAAGATCATTTCGCTGCTGATTCTCTTTGTCTTTCAGAAGTTCGATGTAGGGACGGATATCAAATCGGCGCGAGGAAATGACCATCTGTATAGGAAAATCGAGAGAATTGAGAAAATTTTGGTACTGAAAAATAATAGCGTCTTGTTCCTCCGCAGATTTGAGATCAAAGTTGAGCGAAGAAACAAGGAGAATGGACCGCAGTGAACCGTTTTTGAGGACAATCACGCCATCACGTATTTCATTCACGTCGACATATCGCTGCGTGCTCGACGAAGCGTCCTCGGAAACAGGTTTTCGTGAGGGAGCGAGGGATTCCATATGACAAGAGAATAAACAAACTCCTTTTATTTGCGATCGACCAATCGCGCGAGATCACGGATATCGCGTACCGAGAGCGGCTGAGGCGATTCTTGGGTCACTTTTTTCTCCACCGTTTTCGGCGCCTCCTTCGTCGTCATACCAGGTCGATCCCATGTATAGACTTT
CP064994.1_gap9	171011	175909	4898	TTTTTCTGGAGCCACGCGAGGCGTTTAAATTCATTTTTAAGTCGATCAGCTATCTTGAGATAAGCGTTTTTTTGGTTGATGTTTCGATCCGGATAGACGATACTTTGATCGCCGTAGAGTATCGTAGAGTATCTCTGTTGCGCGGTGGGCGTTGAGTTTTTTTCTTGCCCAATCAAGAAAAATCGTGTGAGTGGTAATCTATTTTCATATGCTTATTTCTATAGATTCAGTATAAAATAAAAAGAAAGAAATCGCACTGTCGTTTTACAGGGCGCTTGAGTACTCTTGGTTATGTACTGAGAAGTCTTTGGGCGCTCTTACTTACCTCCTGAGCTCCACCTCGCACCAGTTCCCGCCACGTTGTGAGTTCGGGGTGGGGATCGCCAAGGAGATTGACTATGTGTCTGGTGCCGGAGAGAGGACTTGAACCTCCATGATGTTTCCATCGTCAGCTCCTAAAGCTGATGCGTCTGCCATTTCGCCACTCCGGCAAAGGGTATTCATGAGGAATTTTGCTTCTTTATTATTTTACCTCAAAGAGAGGGATCGTTTTGAAAAGCACGCATTCAGTCGAGACTTCTTTCCAAGGGCGAAAGGGGAAAGTGGGCACAGCTCCTTTTATTATATCGGACTCACCGTAGAATCGTCCGGAGCCGGACTAGAGAGTGCTTGGATGCGCTCCGCTTCTTGTTTCAAAATGCCGGACTCTTCATATTCGCCGTGGTGACGCGTGTCGTCGCCGTAGGTCTCTCGTTTCTGGTCGAGGTGAAAACTTGCTCGAAGACACTCGCCCTCAATCTGAACATACAGGTGGAATCGGGGATATCCTCCTCCTGCAAGTGGGCGAACGAAACTCATTTCACTCCCTTCGCGGCGCTGAAAAGTATAGCCGGCGCGACGCAAGAGATTTACGGGATTATCACTGAGGTCATGTATCGTGAAACGCATATCATGAAATTGATTTTGAGCCGAAGGGAAAGGGCGTCGTTACGAATGATGTTTTGATTTGTCAAGATCATTGATGTATCCCGCTATGCTTTTTACATTCGTTGTGATGGTTTTTCGGAAATTTTTCATCATGAGGGGCTCGCCTATTTTGGCTGATACTCCCTTGAGGAGAACGGTTATTTCTCCTGTTTCATTCGCACCGCTCCTTGCGTCTGTGATCGTGCATGTCGTGGGAGTTTCTCTTTTGAACGTATACACATTTTGAGAGATGGTAGTAATTTTTACGACCGCAAAGCTCTCCAGAAGATCACTGAGCGAGAATCGCTCCGCTCGTTCTCTCTTTTCGTACTGTTCTCTTATCTCATTTTCTCTTTGTCTCCGGTTTGCTTTTTCGATTAAGTCAAGAACCATAAGGAGCAGAAGCTTTTTTATTTCTTGTGCTCCTCATCGCATGAGGGCAAAGATTGAGACTTTTGATTGGTGCTCGATAGGGAAGCAGAAGTGCTTCGAAGTCTCGTCAGACTTTTTCGGTTCGTTTTTTTGAGAACCGTAATCGTTGCGATTTTTCCTCTCTCGACTTCCAATGTCGGGGCACTGGGAATTGAACCCAGTCTACACCCACCCGAAGGGTGCGTACTACCGGTATACGATGCCCCGAAACTCTGCTCTCTATTATGAAACTCGGTGACGATTTTTGAGTTTGTCTTCGTCTTCCGCTCGTTTTTCTTGTATGGCCTCTGTGGCTCGAGCACGCAGCGCATCTTCGTTTTCTTTGGCGAGTATGCGCGCTTGCTCCAGGAGAAAAGGGACGGTATTTTTCTCGGGATCTTCGATTACTTCCGCGAGGAGTGCGTCGAGAATGATACCAATTTTTGGGCTTGGGCGAATGTCGAGCGCTTTCATGATATCGTGCCCGTTTACGGCGAGCATTTTTACGGAAACCGGATCGTTCGAGACTTTCTCGATCATGTATTCGAGGTGGCGAAGTTTGTAGGGCTTCGCCTTCGGCGTGCCGGATCCCAATCGATCGGCGATTCGAATATGCATGAGGTCGCGCATATTCTCGAGTCCCACTCTTTTTATGAGGCGGCGTACCGACGCGGCCGTTACTTCTTCCACATTATAGTAAAAGAGATGGTTGTCAACGAGGAGCGTTGCTTGTTCGACAATGCGTGTCGGGAACCGCAAGCGCGTAAGGAGTGATCGAGTCATGCGGGCGCCTACGTGGTCGTGATTGTAGAATGTGGATCGGTACCCATTTCCCCTTTTGGTGCGGGGTTTTCCGACATCGTGGAGGAGGGCGGCGAGCCGCACTTCGAGACGGGAAGAGGGGCATGTCGCGAGCGCGCGGAGGTTATGTTCGTAGACGGTATAAATATGGTGCAGATTTTGTCCTACTCCCACTCCCTCTTCGAGTTCGGGCGCAATCTGTTGTAAGAGTCCGCTTATTCGCAAGAGATCGATTCCTTGTGCGGGGTTTTCCGACAAAAGAATTTTCGAGAGTTCGTCAGAGATTCGTTCGGCAGAAATGTTTCGAAGAGCGAAAGCATGCCGGGTAAGAGATGAAAATGTTTCAGGGTCGATATGCCAATCGCTTCCTTCGTGGAGTTTTGTGCTCTCGTTGCGTTCGTTCATAAACGGCTCTCCGGAAAGCGGTGTCGGCGTACGAAGTTCAGAGAGGAGGCGAATTGCTCGCAACATGCGGAGAGCGTCTTCGGCAAAACGCGTGTCGGGATCTCCGACCGCGCGGAGAGTTTTGTGGCGAATATCTTCTTGACCACCGAAAGGATCAATCAATACAAGATCGATGTGATGATTGTCTTCTGTTTGCTTCAGCGAGTTCTCGAGCCGAATCGCCATTGCGTTTATTGTGAAGTCGCGACGCGCAAGGTCTTCCTCTATCGTTTTGACGAAAGCGACTCGTGACGGATGGCGATTGTCTTCGTAGTGGGATTCGGCGCGAAATGTGGTTGCTTCGATAACTTCTTCGGTCGCGTTCTGTTCAATCCCCTTTTTCGAAAAAGGCGGAACCTTGATGCCGACTGTGCCGAAGATATTTTCGTAGAAGCTTTCCGGAAACAGCGTTTGAATTTCTTCGGGAGTGGCGTTCGTTGCGATGTCCCAGTCTTTTGGGACTCGCTTGAGGAGGAGATCACGAACGGATCCGCCAACCACGAAGGCTTGATACCCAGAACCATTCAGGGTTTTGAGAATTTGCCGAACCGGTTGGGGAAGCATGTTTCCGTGAAGCACTTCCATAAGAATTTCGGTACGCACACAAATAAGAGGGTGAGGAGTTCCTTGAAGAAAAACTCTTTCTGAAGCGTGTTCTCTCTCGCGCCTTCCCGAGACGGATTGTAAACTTAAAGGGAGTTCCTTCACAACCTTCGCTCCTGTTTCTTTTTGATTTCTCGAGAGCGGAGGGGGGGGCGGTGTTTTCTGAAAACCGCTCCTCTTGGAGGGAGAGAGCGGCTTTTTTCGAAAAAAGAAGAGCGAGTGTTAGAGAGTTCGACGTTTTTCCTCGAGAGTAAACGAGAGTAGCGTGTCTCCTTCTTTTATCTTGATCGGAGTTTCAATCGTGAGGCCGCATTCGTTCCCACTCCCGACTTCGTCGGTATTTTTCTTGTTCTGTTGGAGATTTGCAAGGCGACCCGTTCCGAGCATTTCTTCGCCGCGGTGTATTTCTATCTGTGAACTTTTTGCGATCTTTCCGTTGCCGACACGGCCACCCACGATCATGTCGTGTTTTCCGGTTTTAAAGACGGCTAGTACACTCAGGCTTCCGAGATCGGTGCGGATGATTTCGGGCGGGAGAAGTGCGGCGAGTCGCTCCTTCACGAATTCAACCAATTTATAGATAATGGAAAAACTCCTGATTTCGATCTTCGCGTTTTCCGCCATGCGGCCGGCGACGGGAGTGGGTGTCACGTTAAATCCCACAATGAGCGCCCCTGAACTTTCCGCCATTTTGACATCGGATTCGGTGATAGCGCCAATGCCACGCGAAACAATGTCGAGGGCGATTTCTTCGGACTGAATGGTGCCGAAAATCTGCTCGATTGCTTCGAGAGAACCATGAACGTCTGCCTTGACGATGAGGGGGAATTTTTTAATATGCTCATCTCGAACGGTTTGCATTTCTTTTTTGTTCGCGCCTCCCGTTATCCGCTCTCGCGATTTGAGTCGCGCGGCAACTTTGCTTCCTACAACCTGCACGACATCATTGGTGTTCGGCGTGCCGCTCAGTCCGTAGAGTTGGACGGGCGTCGACGGGAGCGCGTACTCGATATTTTTTCCGGAAAAATCCTCGAGCCGGCGAATGCGTCCGTGGGCCGATCCCACGGTTACGTCTTGACCTACCTTGAGCGTGCCAGTTTTTACGAGTGCGATCGCGACTGGACCTTTTTGCGGATCAAGGTGTGACTCAAGTACGACGGCCAAACCATCACGCTTCGTGTCACTTCGAAACTCGCTGATTTCAGAGACGATCACGATATGTTCGAGAAGTTTATCGATATTCTTTCCGTGTTTTGCGCTGATTTCTATTGCGGGAACGTTCCCACCCCATTCCTCGATCAGAATGCCATGATCAGCGAGCTCCTGTTTCACTCGCGCAACATTTGCTTCTGGTTTATCGACTTTGTTGATCGCGACGATGGTAGGAAGTGCATGATCCCGCAGGTAGGCGATCACTTCTTTGGTTTGGGGACGAACACCGTCGTCTGCCGCAACCACGAGGATGGCGATATCGGCGAGTGCCACGCCGCGTTCGCGCATGGATGAAAAAGCCTCATGGCCAGGCGTGTCGATAAACGTAATCAGTTTTCCGCGCTTCTTTACTTGATACGCGCTCATTGCCTGTGTGATGCCTCCCGCTTCCTTTCCTGCGACGTTTGTTTTCCTGATGGTATCGAGGAGCGTGGTTTTTCCGTGGTCGACGTGTCCCAAAA
CP064994.1_gap10	199170	203217	4047	GCGTTTCGAAACGAGCCGCGCGCCAGGGTATCAACCCGCAGACCAAAGCAAAGATCAACATTCCAGCAATGACTGTTCCCAAATTTACGGCTGGCAAGACTCTGAAGGACGCCGTGAAATAAAGAAAATAAAAGATAGAAACAAAATCTCCCGAAGAGGGAGATTTTGTTTAGGAAAATATACCACAGAGGCGTTTTTCTCTCATGCTATTCGAGTAATATTGATCCACCGAGAACGAACAGTGCTTTCGAATTAAAATCTTTCTTCCATATTCTTCGCTCGATTGCGTGGAAGTGCGAAGCCCTGCCTCTTGGCGTGAATGACAAAAAGAGAAAGAGGCGAGAAGATACCGAGAACATACGGGAGTTTTTCTCTTGCCAATAGTGAGTGAGTCCGTTTTTTCTGTAGCGGTTAGACAGAGATTCTTTTGCTGTGGTACAAAGGAAGTGTCTCTTCGGAGAGTCGTATAGTGGTAGTACGCGTGCTTTGGGAGCATGTAGTCCGGGTTCGATTCCCGGCTCTCCGACCAAAATGAAACTTCTGGAAAATCTATGCAAACATTTTTCACCCGTGTTCTCGAAAATCGCGAAGTGGCGCGCGGGACGCAAGCGCTTACGCTGGAAAAGCCTTCGGGATTTTCTTTTGTTGCCGGGCAATATAGTGTCCTCAGCACTGTCGAATTGATGGCGCCTGATCCAAAGGGTCCGCACCGATGTATGTCGATCGCCTCGGCGTCCTTTGAAGAGCATCTTCTTTTGCAATGCGCCTTTCAGAGAGTGGGTACAAGCAAACGATAGCGAAACTTCTGCCGGGAGACCGTATCGAAGTCGGCGCTCCTTTGGGGCACACCACTCTCATTCCGGAAGACCCGCGTCCTGTTGTTTTTTTGATTGGTGGAATTGGGATTACACCCGCACGAAGTATCCTTTTTCAGGCAAATCATGATCGTGATGATCGAGAGTTTTTTTTGTTTTATTCGAACTATGATCGGGAAGACGCTGCGTTTTGGGAAGAGCTCGAGCATTTTCCTTTCCTTCGCTACCGATTTATTCCGACACTTACCGACAGTAAGCTGGGGATGGAGTCATGGGGTGGTGAGCGAGGATTTATTTCTCGAGCTCTCCTCGAGAAATATTTGCCCGACATTCGAACTCCACTATACTACCTCGTTGGAACGCTTGGCTTTACTACGGCAATGACGTCAATCCTTATGGAAGCGGGGGTTCAGAAAACAGCAATACGACAGGATCCTTTTATTGGGTTCTAACGGATTTTTCTTTTCTTTTGGATTTCCTTGACAATAAATTTTGCGAAAATAAGATCCATTCGATCCCATTTCACTGTGTGATATTCTGGAAGGGCTTCTTTGTTACGACGTTAAAGAAGTGCCGCGACGTTTTTTTGAGACAAGACCTGAATTTTTCTTCTCACTGTTTCGGAAAAAGTTACGACACTTTTTGATGAAGAATGGCTCATATTCCTTCATGACAAGCGTGTTTGAAAAAAGAAAAACTTCCCCTTCATCTTTTTGAAAGGAAGGGGAAAGGGAGTTTCACGCTTCTCCTTTCTTCCAGCAAGAGAAAAGAGAAGTATCTTTTGATCAGTGTTTTTCTGTCGAGTAATTCAAAAAGTCCCACCATTTTCTTTGGTATAAAAATGTTTCCCTCTTGTAAGTCGATAGCGAAGACTCTTCCTGGTCTGAATTTCAGTTCTTTTATTTTCCCTCTATCTTTCCTCTCTTTTTCCATCGGAAGGCAGGCTCGCTCTCCTGTGATTTTTGTATTCCCGCTCGGAACATCCTCGTGACTATTTTTTGAAAGAGAATCCGTTCGAGAAAGGGGGCTATCACACCCCGAGCCTTGTTCGAAGGAAACGATTCTTCGATATCATTTCGTTTTCTGGTATACTGAAAAAAAGTTTTCTGGGAAAATCTTTCGTCATTGAATTTTTTGAAAAAGTCTCGGGAGAACGAATTTGAAGAAGTCAGTCTATTTTCTCCTTTCTTTTTTCCGATCGAACACTCTTCGCTCAGAGAAAATCGAAATACAAAAGAAAACCTATGTTAAATTTTTCCTCGCTTCGATCCGCCCCCTCTCTTCCTTCGCGTCCCACAAACTTTTTCGTTCCGTGCCTTGTCTTTCTTTTCGCTGTTTTCGGTGGACTCATGTGGTACATTCATTTTACAGGACAATCTCTTTCCGCGTGGACTCTTCCTCTCACTCCTCGCGAAAAATCGCCTGTGGATACTTTCGCTTCTCCCGCAGAGCAAATCCGCTCGCTCTCCAAAGAATCCCGCTCTTTCCTCGGAACAATTGAACAAGTAGTGACCTTGAAGACAACCGGGACGCGCATTCTTTCTGTCCGTTCCTCAGTACTTGATGAAGAGAAGTTGGATCAGGTGAATTTTGACTCGGACTCCGTCAACCTTCCACAAAAAGAACATGTTTTCCGCGTCGCGGTTTCTTCGGATGCGACGCTTCGAGGAAAAGGAGCGACCCTTGAGGCTCTTCGATCTGGCGATATGGTTTCTGTGACGACCAAAGAAACGCTTTCAGATGCCGAAGAGTTGACCGCGGAAAGTGTGGAGAAAATTATGGAAGGACCTCTTCTTGAAGTGTCTCCAAACAATACTCAGCCAGAGGGGAGTGAATAAGAAATTGGGAGAGCTCTTGAGGAGGATTCCACTGTTTGGTACGGAGACGATTGGAAAATTCTTTGGACAAAGAGGAGAGCTTTGACGCTATGTTTGCCGCGCAATTTTTCCCGTATTTCACCGTAAACGGAAGTGGTCATTGAGAGACAGCGCTCGTCTCTCAAGGAATCTGAAAGAGAGGATGCATGAAATCCCTCCTTCGTTTGGAATAAAGGAAAGAGATGTTCGGACTGAGTTTGTTCTTCTTGTTTTTATGAATCAGTGTCGATTGTTTCGTGGGTGGTTCTGGAGAGGAGTTCTTCTCGCCACATTTTTTGGCACCTCGTTTTCGTGTGCGTTTGCGGCGAATGAGCAAACGGTTCGGGTTATTGGCGGGCCCGTCTCTCTTTCCGAGTTGTGGGGAGGAGCGCTCAATACTGGTTCGTTAGCCGAGTGGGGACAAGGAATCGCTCTCCACCGAATGGAAACCGATCGTGAAAACCTCACGCTTCTTTCGGGGGGAACGCTTTCGTTTTCCTTTGCTCCCGATAAGCCGACAGCATTTCTTCGGGGAGGTATTTTTTCTGGGACGACGGTTGTCGGCTCGTGGGCGGAAAGTTTGGAAAGGCGAGATGTCTGCGATGCCACGCCGGCAAATTTTTCTGCGGGCGAGAAAGAATATTCGTTTGCACTCTGTGGGAAGAAACCATCTGTTTCATTGCAATCGAGCGATGAAAATATTGTCAGTTGCTCCGGCATGTCGTGCGTGGCACATCAGACGGGCTCTGTTCGGATCACCGCTACTATTGCGCCTACACAGACGGTGCTGTGGGCGAAGCAGAATACCGAAACCAACTGGCAAAGAGCGGGAACAGTAACACTCTCCGAAGGTGTATTGTCGTGGCCAGTGAGTGTGGCATCTCCGCCCACGCTTTCTTTCTCCATGAAGGAAACAAATCCGCTCCCGTTTGGATCGTCGGCGACACTTGTATGGTCAGCGGAGAATGCGGTTCGCTGTGAAGCATCGGGCGCGTGGCAGGGCACCCGAGAGCTTCAGAGTGGGGGATTCTCGACGGGTCCGATATTCGCTCGGCGCGATTACGGACTCCGATGTTGGGGGTCGGGAGATGATACAGTTGAGAAAACAGTGAGCGTTTTGGTTGGTTCGCCAACGCGGGGCCCAGTTGTCACGCTGACCGCGGGTTCCACGCTTATTCCTTATGGCAGCGATACTATTTTGTCTTGGTCGTCCGAAAATGCCGACGTGTGTCAGGCAACGGGCGCCTGGGTAAATCCTGGTCCTGGAACACGGGCTCCAACCGGCTCTCAGAGTACCGGCAATCTTCGAAGTGATAAAACCTATATTATTGAGTGTTACGGTTCGGGTGGTTCGCAGGCGAAACAGATAACGGTGC
CP064994.1_gap11	313453	316430	2977	TCCCGACCTTCACAAAGAGGTGACCGATACTATTGTCGTTCCTTGTGAGCGCTGCACCGAGATGATGCGACGCGTTCCTGATGTGCTTGATACGTGGTTCGATTCGGGATCAATGCCGTATGCGCAGATGCACTTTCCGTTTGACAATACCGAACAGTTCGAAAAAAGTTTTCCGGCTGAATTTATCGCAGAAGGGATCGATCAGACGCGGGCCTGGTTCTACTATCTCCATGTAATCGCGACCGCCCTGAAAGAGAGTCCGGCATTTCGGCATGTGATTGTCAATGGTATCGTGCTGGCGGAAGATGGCAAAAAAATGTCGAAAAAATTGAAAAACTATCCCGACCCGATGCTTCTTTTTGACCGCTATGGTGCGGATCTCGTACGGCTCTATCTTCTTTCGTCACCGGTTGTGGCTTCGGAAAACATGATCTTTTCCGAAAAAGAAGTTTCGGAACTCCAGAGAAACGTCTTCCGAATGCTCTGGAACTCGTACTCGTTCTTTGTGACGTACGCAAATGTCGATCGATGGGATCCCGCGCGCGAGACATCCGCGGCGCCCGCAAACGAAATGGATCGGTGGATACGCTCTGAGGCGCAACTTCTCATCGAAGAAGTGAAGAGCGCCATGGAATCGTACGAACTCAATAAAGCAGTGCGTGCGTTTGCGCCGTTTATCGATCGTCTTTCTAATTGGTATATTCGTCGAAGTCGCAAACGGTTCTGGAAAAACGAAAATGATATCGAGAAAGAGTCGGCGTACAGGACGCTCTACGAAGTGCTCATCACTCTTTCGAAACTGATGGCTCCCTTCACGCCGTTTCTTGCGGACGAGATCTATCGGAATTTGACTGGAGCCACCTCTGTTCACCTCGAAGATTTTCCGAATGTTGACGAACATTTTGTTGATCGGGACTTGACCGATCGTATGCGCCGCGTGCGCGCCCTTGTTTCGATTGGTCTTGAGAAGCGAGTTGAAGCGAAGAAAAAAGTGCGTCAGCCGCTTCCTTCTATCACGATTCGAGACGCTTCGCTCGGTAGTGAACTTATGGAAATTTTGCGGGAAGAACTCAATGTAAAAGCGGTGTTGATCGACGAAAATCTCTCAGAAGCACTCGTTCTTGATGCACAGCTCACGCCTGAACTTGTCTTGGAAGGCGAGGCGCGGGAAATCATTCGCGCGATTCAGGAGGGACGAAAGAAGGCGGGCTTCAAAGTGGAAGATCGAATCACGATTGGATACGCCGGAAAAGAATCGGTGTTTCGGGGCAATGAGGGCGAGAGGCTTTCTGGATATTCGGATATGATTGCAAAAGAGGTTCTCGCGACCGATGTGAAACCGGGTGCTCTTTTGAACGCGGACTTCGAAGAAGAAGTGATGATTGAAAAAGAGCCGTTTCATTTTTGGTTAAAACGGATGGAATGATCATTCGATCCAAGTGTCGTTTCGGAAGAGAGAATATTGAAGAAGTTCGGAGCCAGGACAAAGAAGACCAGCGTTTTGTTGCTCGAGCGAAGAAGAGGAATACTTTTGCTCGAGCAAAGAATCCGCGTTCGGGCGACTGTTTGATCCATCTTTTTTTCTCATGGAGTTTTCGTATACCGCTATTGTTTTAAAGAAACGTGATATTGGGGAAACGGATCGATTGTATTCGTTTTTTACGGCGGAGGGAGGGAAGGTGAAGGCGGTTGCGCGCGGCGTTCGCAAACCATCGGCGAAACTTGCGGGGCAGCTCGAGACCCTTACTTTGGCGAGTGTGTCAGTGATGCGCAGTCGCGGACGGGGAAACGTCGTCGGTGCCGTTTCGGAATCACTGTTTCACCGGGTACGCGAATGCGAGGAAGCACTTCGCACAGCCCTTCTAGGCGTCACTGTTTTTGATCGACTCGTTGAAGATCACGAAGTTGATCGTGAGCTTTTTTTTCTTCTCCTCGGATTTTTGCGATCCCTCGATATTGTGAGCGCGCTTCCTGCCGAAACAAAAGTGCAAGAAGAGCGTCGAGGTGAAAAAATTTTTCTGTTGTCGCAGGGATTTTTGTGGAAGGTCCTCTCGAGGCTTGGCTATGGTGTCGAGCTCTGGCAGTGTGCCGTGGGACACGAACCACTCCTGGCGGGAGATTCGCTTGCATTCAGTCCTGACGCGGGTGGAGCGGTGTGCGGGGAACATGGCAGTCGCGCGCGACTTCGATTTCCTTTCTCGGAGAACGCGGTAAAATCGCTCAGGATTTTCCTCTCTCACGACTTGCCCCTTCTTCCCAAGCTTTCCCTTGATGCGGAGACGAAAGGAATGCTTCGCGGAGCCTTACGCGGGTTTCTCGACTGGGTGCGATGACTTTTGAGAGACTCGCTCGAGTTTCGGAAAGTGATATACTAGGGGGAGTCATCCGTTTTTGTTTCGCGGTACGACGAATCTTTTTCATGTATTGTTTTGTTCTATGGGTCTTCATGATCTCGAAAAGGAGTTGCATCGCCACGAAGGAGAGATGCGCGAGGCGCATCCGAAGAGCGAGTTCGATCCGATGAATACGGAAGCGGTGCGGGATGACCGACTTTCCCTCAAGACACCGTGGAATGCTTCGCGGGAAAATTTTTTCTTGAAGAACCGATCCATTCTCCAAAAAGCCGCGATCGCGGTCGGCGCATTTGTGGTCTTTATGGTGATTGTGGGGAGTTTCATCCGCATCCAGCGCTCGCTTTTTTCGGAATCTCGCGTGAGCGTTTCCGTGACAGGCCCTCAAAATGTGAACAGTTCTGATCTCTCGCGGTTTACTCTTTCTTATGAGAATGCCAACCGAGCGGCGATTCACGATGCGCAATTGGTAGTTTCCTATCCACCGAACTTTAAACCCGAAGGAAACGATAATGTTTTTCGAAATGATGCTGTTTCGAGTTCGGTGACGATTGGTGAGATTCCGGGCTTTGGGAAAGGAACATATTCTTTTTCGGGAAAATTTTACGGCTCCAAAAATTCGGTGG
CP064994.1_gap12	336283	338170	1887	GGCGATTGGAGTCGTCTCTGCCATTGGCATCGCGTTTGGTGTTCTCCTTGCCAGTCTCTCGGGGGGATTCACAGTCGATCTCCTGGGCCTTCTCTTTGGCAATATTCTTGCAGTTACGACAGGAGAAGTCATTTCTTCCATAATTCTTTTCCTCCTTGTTTCGACGGTTGTCATCTTTCTTTACTGGGACCTTTTTTCCGTCACTTTTGATGAAGAATATGCGCAATCGACAGGGGTGCGAGTTGAACTGCTCGATATGCTTCTTGCGGTCTTGACGGGGATAACTGTTGTTCTCTCACTCAAAATTGTGGGAGTCATGCTGGTTTCAGCATTTCTTATTCTCCCTGCAATTACCGCCCTCCAATTTTCCAGAGGATTTTTCAACACGATTTTGATTGCGGAAGGAGCTACTCTTTTCTCGATTCTTTTTGGAATTACCTTTTCTTTCTTTTGGAATATTCCAGCAGGCGCGACTATTGCACTTTTTTTAGCAACTCTTTTTGTCGGATCTTTCCTCATAAAAAGTTTCTCACGATTCTCTAAAAATGCGCGAATGTTGAGGGAGAAGAGACAATTGTTCGAAGCGAAAGTGCCCTGTGTGTTTGAGGAGAAAGCCGATTCATTTTTTGTTCAGATGAAGGAGGATTTCTTCTTTTTCCCTTTTTAGAGCCATATTGTCACAGTTCAGGGAGGATGAGAGCGGGAAAGAAGGTGCTGACATTTCTCCCTTGAAGAGGTCTCATTCTGAACCTATGGACAATTGCTTGACAAAAGAAAATCATGTTGCTAAGCTCTCACAAGTGCTCGGGAAAGACCGAGTGTTTCTCTTTCAACTGTACTGCTTTGGTTTTTGTGTGATATACTGTTCGCAGTTTCCGAAATTTATTCCTCGAAATCTAAATCGTTAATTTACGAGAGGCGAGAAAAACGTACTCATATCCTCACAGGAGGACAAAACTTGGCGGTATCTCGAACCTTACTTATGGCGGAGCAATTGCAGCGGAGTAAACCGCACGTGAATGTGGGAACTATCGGTCATGTTGACCACGGGAAGACGACTCTGACCGCGGCCATTTTGCATGTCCTCAGCATGAAGGGTCTTGCAAAGGCAAAGAACGTTGATGAGATCGATAAAGCTCCAGAAGAAAAGGCTCGCGGTATTACAATCGCGACTTCCCACTGCGAGTATGAATCCGAGGCTCGTCATTATGCACACGTCGACTGTCCGGGGCATGCTGACTACATTAAGAACATGATTACCGGTGCCGCTCAGATGGACGGCGCAGTTCTCGTGGTGTCGGCAACTGATGGTCCCATGCCGCAAACGAGAGAACATATTCTGCTTGCAAGACAGGTGGGTGTGCCGGCTATTGTTGTTTTCTTGAACAAGGTAGACATGGTGGATGATCCTGAGTTGGTTGATTTGGTTGAAGCGGAGGTACGAGAACTCCTCTCGAAATATGAGTTTGATGGTGATAATGCATCCATCATTCGCGGGAGTGCTCTTAAGGCTCTTGAATCCAAGTCTGCCGACGAAGCCGATGCAAAGCCGATTCTTGACCTCATGGAAGCACTTGACAGCAAAATTCCGGAACCGGTTCGAGATACTGACAAGCCGTTCCTCATGCCCATTGAAGATATTTTTTCCATTGAAGGGCGTGGTACCGTGGTGACGGGACGCATTGAGCGAGGGGTCGTGAACATCAACGAAGAAATTGAAATCGTTGGTATTCGTCCCACAGTAAAAACCGTTGTTACCGGTATTGAGATGTTTAATAAGTCGCTTGATCGCGGCCAAGCCGGAGACAATGCGGGACTCCTTCTTCGTGGTATCAAAAAAGAAGATGTAGAGCGCGGACAGGTGCTTGCAAAGCCTGGCTCCATTAC
CP064994.1_gap13	419413	420685	1272	GGTTTTTGGAAGAGTGTATTCACTTGGTGGTTTTTCGAGGGCTTCTCTGATTTCTTCTTTTTGTTCTTCTGTGAGTTTACTTGCGTTCTGATTCCCCTCATGTCCGGTGAAGATACTCGCCATGCGTTGTTTTTCCCAGTTCTTCATCCATACACCGATAGTATTTTCGTGTCTCGAAACAATATCGGCGATGTCTTTCAGAGGCATTCCTTTTTCTCTCGTAAGAATCGCATGGCATTTCAGGCGAACGAGAATGAGCGGGGATGTTTTGAGATACGCTTTGAGCAAATCTTTCTCTTCGGGGGAGAGTTCAGTTTTTGTTTTTGCGGGCATGAATCCAATATACCAGATCCCCTATTTTGTTTTGCGGGGGATATATCTTTGGCTCATTCTCAGCTTTCCATTGCGATACCTCAATTTCATCATGTTTGTCGTAGACTCGTCCCGGCTTATGGTAGGTAAACTTGGCTTGTTTGAAGACCAGATACAGAGATGTTTTGGATTTGTATTTCACTTCGTATTTTTCTTCAATCCATTTTCCAAGAAATCCAGTGGTCCAGTGCTCATTGGTATACCCGAAGTCTTTCGGGGTTTTGGTTTTGATCGTTTCAAGCAACTCGTCTCTTTGCAGCTTGGTGAGGAGTTCCTTTGGTTTGCCTTTGCGCTTGTCAATGAGACTTTCTCTGCCCTTTCTGAGAAAGTTCTTTTTCAAACGAAAGGATTGGGCTCGACTGTAACCGGTAAAAGAGCGGATGACCTCCGTATCCATTTCATTGTGAAGCAACAAAATGGCTTGAGCTCGAAAAGCCTCTTGTTTTCGTTCCGCTTTCCGTATCCACTCGGCGAGGACTTCTTTTTGCTTTGGTGTGAGTTTTCGCATGGGTTCAGTGTATCATGGTAAGTCTCATTTCATGGTGTGGTGGGTATAAACGGAGAAAAAAAGTGAAAGTTGAATTTTCCCACCACATCGATCTGCAGAATTTGGCCAACTACTGCGTAAAAGAAGGTTGGCTTGAGTTGGAGCCAGGTTGGACCAGGGAAGGCCTGGTTTACCGGACAAAGTCCGGTTCAGCAAAGATGACCTTGACCCCGAACCAGGGGGTCTATGAGGGGCAGCGCTCCCTTTTATTTTCGCACGGAGTATTTTCGTGGATTACCAAGGAATGGTTGGAAGGGAAATTAGATTTTTATTATTGGGAAAGTAGCACTGGCCAACACCCAATGGAGTACTATGGAAGGTGCTATATGAGGGGATTGAGGGATGAGGTTGCA
CP064994.1_gap14	421883	426210	4327	GCGACAAAACCGGAGTGCCAAAAGGGGTTCTCTACGGATTTCTCAAGATGGAGACGAATCTCGGGGTGAATACGGGGCAGTGTACGTATCAAGAGGTAGAGAAAGGAGCGGTTGCCCGATACAAATCACTTCTCAAAAAAATAAAAAGTGGCAAGCGTCGATCGACACGCTCTATCGCCGCCAGAAAATTTTCTATACTCTTGTTGACGACCTCGGCTACGGAAAGAACAAGAAAGTTTCCTGTAATCCGAAAGGATATATCGGGCAGGGAGGTGCGATGGGAGTGCCGCAGTTTATGGCGGAAATTTGGCAGTCATACGAAGCGGACATTCGTGCCAAAACGGGGCACCGCACACCGGATCCGTGGAACTTGACTGATGGCGTGATGGCAATGGCCCTCAAATTGAAGCGCGCGGGTGCCACCTCAAGCAAAGAGTCGGTCATCAAGAAGGCATCTGTCAATTATCTGGGAACGTTTTACGCGAATTATTATAACGGCATTGTCTACTGGTCCAAAAATTACGAGAAGTTGTTCCGATAAGGAGATGGTCTTTCGAAATCGATGTTCTTTCGCGCCTTACGTTCGTTCTTTATATCGTGTGACAGAAAAGATCTCCATGAATCTTGTGCCGATTTTTCGAGAACAATGGAAAATTTTCCTCGGTTCTCTGCGTGCAAATAAAGCAGCCTTTCGCTCAGATTTTTTGGCATACGAAACAGGCTGGCACGCGCTCTGGAGCGAGGGTGAGGAAGAACCGTTTTCGTTTCAGTGATTGTTCTCCGTTTGGAGAGAGGCTATGAATATCAAAAACGAACAGTTGGTGGAGTTGTTGGAAGAAGCGGGCGCCGTACCCGAAGCAGATCTGCGCGCCTCGCTCGAAGAAGCGGCGGAAAAAAATATTCCGCTCGGCACGATTCTTCTTGAGAAAAAACTCATTTCGGAAACGGAGCTGCAAAAATCCTTCGCCTATATTCTCGGTATACCGTTTGTGGATCTTTCGAAAGAATCGATCCCCACAGATATTCTCCATATTGTTCCCGAACCGATCGCGAAGAAATCGAGTGTCGTCTCGTTTGAAAAGACCGGCACGAATCTCAAGGTGGCGATGCTGAACCCGGAGGATCTTCAGACCATCGATTTTATTAAGAAGAAAACGGGGCTCACGATTGTTCCGTGTCTCACCACGAAAGAAAGTATCGCGGAAGCACTTCGTCAATACGAGAAAAGTTTGAAGGCGGAGTTTGGCGATATTTTGAATATTCATGAGGATGCGGAAGGCATCGAAGGCTATGTGTCGGAGCCAGATCCGGAGCAGAGCATGGAAAAGATCGCGGAAGGAATCCCAGTTATTCGCGTAGTTGATACGCTTATTAAACACGCGATTCTTCAGTCCGCAAGCGACATTCACATTGAGCCCGAGGAAAAAGAAGTTCATGTCCGCTATCGCATCGACGGCATTCTTCACGAAGCGATGACGCTTCCCCATGATATCGCTTCGGGAATCGTGGCGCGCATCAAAGTCTTGTCGAACTTGAAGCTCGACGAACACCGATTGCCGCAAGACGGACGCTTCAAAATAGAAAACGATGAACATCGAATTTCTTTTCGGGTCAGTATTCTTCCGGTTTTCGATGGTGAGAAAATTGTGATGCGTCTTCTCGACGAATCGTCGAAGGGGCTCACGCTTGAGAAAATGGGATTTGCGGGATTGCCGCTTGAGATCGTGCATCGCGAAATCAAAAAACCAAACGGCATGGTACTGGTGACGGGTCCCACAGGAAGCGGCAAAACGACGACGCTCTATACGGTGATGGACATTTTGAATACGCCGGAAGTGAATGTGAGCACCGTGGAAGATCCGGTTGAGTATCGTATGCCGCGCGTCAATCAAACGCAGGTGAATTCGAAAATCGGCATGACCTTTGCCTCTGCGCTTCGCGCGCTCCTGCGTCAGGACCCGGATATTATTATGGTGGGAGAAATTCGCGACGAAGAAACGCTTGAAATCGCGCTTCATGCCGCCATGACGGGACACCTTGTTCTCTCGACCCTTCACACGAATAGCGCCGCCGCTGCGATTCCGCGCATGATCGATATGGGCGCGGAGCCGTTTCTTATCGCTTCCACGACGAACGTCATTATCGCGCAGCGCTTGGTGCGGCGACTTTGCGGAGAATGCCGCGAGGAGTATCATTTGGAAAAGACCGAGATCGCGACGCTGAAGAAAACTTTTGATCTCTCAAGTATTCTTGATGCCATAAAAAAGCATTCCTCGGTTGCAGACAAGCTTTCCTCAGTTTCCGATTGGGAAGCGGTGCCCCTCTTTCGTGCGAAAGGCTGTGATCGGTGTAGTGGGGAAGGATACCGCGGTCGTGTCGGCATTTACGAAGTTTTCGAGATGACGACCGAAATTCGCAAGCTCATCATGGAGTCGGCGACTTCGGAGATGCTTGAGAAAGAAGCGAAGTCGGCTGGCATGACGACCATGGTTGAAGATGGATTTCTGAAAGTGATTGAGGGTATGACCTCGATCGAGGAAGTGCTTCGTGTCACGAAAGAGTGAATCGCTCGAAGTGTGTTTCGAGAGCCCAGGCATTCTTTGTTCAGCTTTCGAGAGGAGCGCGCTTCATGGTATGTCACTGAATTCGGAATGATATATTTGGAGCGTGGTCTTGTGAAGAAGTGTTCGAAAGGGTGAGTGACACTGAAGAAAGAAGGAAGTACTTTTGTTTTGCTGGGAGATGCTCTCTTTGAATTTGATATTCTCTTTTTAGAATTGATATGAATCAGGATGCGGGAATTCGTTTTGAGGCGCGCGAGCGAGAAGTGTTTCGTCCTCGAGCAAATACTCTTGGTGCGGAGCATTTTTTTGCAGGAAAGGAGCGTGATCCATTTTCAAAATCGAGAGTGGCTCCCGAAGAGCATGAACAAAATTCGTCCTCTCGCGCGACAGATATCCTCGACACCGTCGTCACTGTGAGTCTCTTCCTCATTTTTTTTGGGTTCCCGATCTTTTTTTTGGGCCGATCTCTTCAGGGCATTGTTTTTGAGAAAGAAGTCTATTTCTTGACGGCTCTTACTCTCGCGGTCGGCGCGTGGATCGGAAAAACGATGCTGAGTGGCCGGCTTCGGTTTCGTCGAACGCCGCTTGATATTCCGCTTCTTCTCTTTTGGGGAGCGAGTCTTCTTTCTGCAGTTTTCTCGGTGAATCGGTCGCAGAGTTTGTGGGGAACTTTTGGAGATCCGTCACGCGGAATGCTCTCTCTCACGGCGATTGTTTTGTTCTTTTTTCTCGTGGTCTCTGAAGTCGATCGCCGTCGCCTCAAGATGCTTCTCTTTGCGAGCATCGCCTCAGGCACATTGGTTGTTCTCTGGACGACTCTCGCTTTTCTTGGTGTTTCTTTTCTTCCGCAAAGAGCTCTTTCGTTTGCCCCACTCAGTCTTTTCGGAACCGTGCGGGCGCTTCTCCTCTTTTTATCGATAATGCTCCCGCTTTTTCTGCTGGGATTTGTTTTGTTGTCCCGACTCTTTCAACAAAAAAACGCCTTCTTTTGGTTTTCGTTCGCATTTCTTGGCGCTGGATTTTTGGGAAGTCTTTTTCTTCTCTTCTCCGCGTTTTCTTTTACACCGTGGCTTAGCCTCCTTTCGGGAATTGGGTTTCTTCTCCTCTTTCTTCTTGCGAAAATAGTGCCGATGGGGAAGGGATTTGAGGGAGCGGCGATGGCTCTCTTTGCGACCCTCCTTCTCTTCTTAATGATCGGTGATCCAGGAGGAGCGCTTCGCTCTCCGAAGATGGTGCTTCTTCCTGAAATGGGACTCACGTTCTCTGCTTCGTGGGATATCGCTCAGCAATCTCTTCAAGAATATTTTTTGGTGGGATCAGGACCGGGCACGTACGGCTATTTGTTCTCTCGTTTTGAGCCGAGCGCACTGAGCACGCTTTCTCTGGGCCCGCTTCGTCTCTCGCAGAGCGGGAGTTTCTTTTTGGAGTGTGTTTCGACGATTGGCGTGGTCGGCGCGATTGCCTTCCTCGTCTTTCTTGGTTTTCTGATACTCGTTGTGGTCGTGGGGCTTTTGCGCTCGCGAAGCGTCGCCTCTCCTTCGATCCTCTCTCTTCTGCTCGCGTCGTCTCTTTGTATTTTCCTTGTTGCTCTTTTCCGAGGATCGCTCGACGGCTCGATCCTTTTGTTTGGCTTTCTCTTGGTGCCGCTTCTTGTTGTGGCTCTTCTCGAAGAAGGCGGGCTTGAAGATCGGTGCCACCGTGTTTCCCTTCAGATTTCTCCGGGACTTTCTTTGTTCGCTGCGCTTCTCTTTTTGATTTTTTCG
CP064994.1_gap15	607533	608048	515	TATTCATAAAGCGTTGCTGCGATGAAACATCGGTTCTTTTGAGCTTCCCGATTTATTCTGATCGGTGAGTGTCCAGAACCCAGGAGAACGTACCCTCATTGTACGGGGAAGGCCTCAAAAAGTCGAGAGAAACTAGGTGAATTCAAACCCCGAAGCCCCTTTTCTGGTATACTCCGGCGTTAACTTCCAAAAACGCTATGAATATGCCAAAAGGAACGTCCATAACCTTCTTTGAACGAGAGCGAATCGAAAGCTTTCTCCGCATGAAGAAAAAGAAAACATGGATCGCGGAGAAACTTGGAAGAGATTACTCCGTCATCAAGCGAGAGATACGAAGAAATTCGAGTCCGCACCTTCCCTATGTTGCCATCCGAGCTGAAGCGTATGCGGAAAGACGAAAGAAAAATACCAACAAAAGAAAACTGGAAAAATGGCAAAACGAGAAACTGAAAAAGTTTGTCGAAAGCGAACTCCTGAAGGGACATTCACCGGAGCAGATAGCCGGCCGGTTGAAA
CP064994.1_gap16	791515	792315	800	AAGCTGCTTTCCGTATTCACTCTGACTTCGCGAAACGGTTTTCCCGTGGACTCCCGGAGCATATGCCTTCCGTGTAAGGGCACATTTTGGACTAAAACAACGCTCCCCTTTCAAGAAGAGTTTCTCTCCAGCTCGTCGGCACAGTCTGCATTTATCGAGATTTCTCGCCATAAACAATTGAGTAGAACACAAACAAAACTTTCAAAATGAAAACGTTAGACACGGCGGGGTTTCCGAGGTCGACATCCTCCATGTGGCAGCGGGGTAATATCGCGAATAGAAAGCAGTATGAGTCCGTTGTTCGCAAGAGCGCGAACCGCTGCCTCTCGCCCGCTTCCCACCCCTTTTATAAACACTTCTACTTCTTGGAGACCGAATTTACGAACTTTTTCTACCACTTCGCTTACGACCTGAGTCGCCGCATAGGGCGTCGATTTCTTCGCTCCCTTAAACCCAAGATGTCCAGAGCTTGACCACGCAAGCGTCGCTCCGTTCATATCGGTAAGCGTTACAATCGTATTGTTATAGCTGCATTGAATACTTGCGCGACCACGAGCCACTTGATTTTTCCATTTCTTCTTTTTCTTCGCCAGAGCACCGGCCGAGTCAAGAGCAGAATTTTCCGAAGAAACAGTTTCTTCGGTTGACTCTTGTTCTTCTGATTTTTCTTTACTTCCGTTGCGGTCATAATTTGAAAATTCACAAACACTGTTCTTTTCTGGAAAGAGTGAAACCCTCATTCACACCTCCACAACGTTTTTTAGGTCTTATCCGCTGCCTTCTTTCGTCCGCTTCCCATA
CP064994.1_gap17	858497	860183	1686	CGGAAGCCTTGACCACAAAGAATACCCTTCCATTCACTTCCCGAGTGCGCACTGAGTGTTTCGATCCTTGTTTCACCACTTTTCGTAACTCCTCAAAAGAAGCGGATTTGAGATATTTTTCGATACGCGGAAGAAGAATGTTCCAATCGCCCACCAGAAAATAATGATTGAGCTGTGCCCCAGTTTGAATGAGGCGCGCCGGTACTGGAAGAGAAAACAGCTTGTTGCGGAGTTGGTCTGCTTTTTCTTTTTCTCCAAGAAGACTCTTTATTTCTATCTCAAAATTTCCCATATTCGTGTGTTATAGAAAAATGGTTCATTCCCCCTTCCCTTTCATTCCCGAAAAAAGCGGCCCATACATATCATCTTCCACTGAAATGGAAAGCTCCGAAGGATCAATTACCTCACAGAATTCCACTGGCGGATCGGTAATAACGGCAAGGGGACATTGCTCGTTTCCTTCCCCCATTCCCAAGACCGCACTAGCGGCAAGGCTGTCGGCCACATCAGTTCTCGAGAGACGAAGAAGTCGGCCGAAAATGTCCGGTTTCCCTCGGTAATCACGTACCCCTCGGAACCCCGCATATCCGAGAGCAACCCCAACCACTCCCGCACGAAATGGGAGCGTCCGACTATCAGAAATAATAACGCCGAGCGATCGAACTCCGTACGACTCCTTCAGTTCCTCGCGGAGAAGCGCCGCGGAGCGAAACGAATCTTTCGGCAACAGGATAAGCTTTCCATCTCCATTCGACTCATCAATTCCCGAGGAAGGCATCGGGATTCCCTGCCGAACGGTGAGCCAACAGTATTTGGTATGAATTGCAAACTCACTTTCTTCACGTATCAACTCTTCTTTGCGAGCATCGGAAGAAAATGGTTCGACGCGACCTTCCGCAAGCGCCACGATCTTCGAAGTCACCACGAGAACGGATCGCTCCGGAAGCGATGGGAGAAATTCCCGAAGAAATGGGAGGAGTGACTCACCCTCCGTAAAAATTCTCGTCTTTCGGACGTCAACATTCATATCGGGATTGCAGAAAATACTCTTCTGTTCTTTCCTTGCATTTTTTCTCTTCGACTGCGAGTCTTGGTTCTATTCCGAACGATTTTTTGCGCCGAGACGCTCAAAAGCGCGAAGCACTTCAAGCGGTACAGCAAAAACCACAGTATTCGATTGATCGGAAGAGATATCGTTAATCGAATGAAGGGTGCGAAGGTGGAGGGAGCCGTCGTGCTGCGCAAGAATACCCGCCGCACGAGAAATATTTTCCGCTGCGATCACTTCCCCTTCGGCCTTAATAATGACGGCACGGCGTTCACGTTCCGCTTCCGCTTGTTTCCCGATGACGCGCTTCATTTCTTCCGGGAGCGTCACATCTTTGAGTTCCACGGAACTCACCTTGACGCCCCAGGCATCGGTCGCCTGATCCACAATGCCGCGGATCTTTTCGGCAATCGCGTCTCTATTCGAAAGGAGCTCATCGAGATCGACTTCGCCTACCACGTTTCGTATAGTAGTCTGCGCAAGTTGTGACACCGCATAGAAAAAGTTTTCTACCTCGATAATCGCTTTCTCAGCATGGGAAATCTTGTAGTAGATGACGGCATTCACAGTCACAGAAATATTGTCCTTCGTAATCGCTTCCTGATCCGGCACATCGACGGCGCGGATACGCATATCGA
CP064994.1_gap18	864891	869311	4420	TTCCCATCGATTCGATACGCTGTGTGAGATTTCGAGAAACATTGTCTTCATAGCCAGAGTAGGTGTGAAGCACATACCATGATCGGCCATGATGTTGCGTTTGCTTTGCCATAAAAAAAGAGAAACGGATGTCGAAAAAAAATCTTGTGATCAGAAAGAATCGCGAGCCTGAGAAAAACGGAAGGTTGTTTTCCACTCTCAATCGCTCTTTCCCAAAACAAGCGCTGGCAATTTTTGTCACTATTCCCCAAGAATAATCTTCTTGAAAAGCATGCCGAAAAACGAATCGAGCGTTCCCAAGAGAACAGCAACCGCCGCCGAAACACTGAGTACAATGAGTGTATATCGCACCACCTGTTCTCGCGAGGGCCACGTGATTTTGAGCGCCTCCCCTTTTGCAAGGAGGAGAAATGAAAAGAGGGATTTCATAAATTTCGGCTTTTTTAAAGAGCCCTTGGGGCTCTTTCTGCTTCCACCATACGCGAAACGACACAAGCTGTCAACCTGACATTTCTCACAAAATAATTTGATTCCTCTCCATTTTCAAATCACAGAGAAAAAGCCGAGCCTCCCCAAAAGAAGAAACTCGGCTTCTGATAGTCCTCCCCACCACTCCCCTCTTCCAGAGACGATTCTCACGAGGCAGGGCTCACTTACTACGGAGCAACCTCGGTCCAGTTATCAGCACACTCTTTGGTCCCTCCAAAGCAGGCATTCGCACGTCCGCAGGTATCGGTCCACTTTTCATTGGGGCAGTGATTTTCTCCGGTACATGTACAGACTTCACACCGAGAGCCGTTCCACTCACCGACGCCGCAATGAAATTCGCATTTTCGAGGAGTATTCGTTTCTGAGTACTGCCAGGACAAGGGGCCCTGACAAACCAGTATTGTCTCCTTCGAAGGAAACGGCGGACGGTGGGACGGATCCGCTACACTTTGGTGTTTCTGCGATTATCTGAACAGAGCTCATGATGAAACCCGCGCCATTCGACTGGGCACATCGAATTCCATAGGTATATGTCCCGGGAGCAAGGTTCCCCGTGGGGACTCCCGCTCTGTTCTGAGCTAAGCCGCCGCTTGTCCAAGACGCGTATCCCATGCCATCTATGGCATAGCAACCCGAAACGTTTGTAGAAGTCCACACAAGATTGGCTGACGAATAAGCAGGTATCGTAATGGAGTATCCTCTTGTCGGTCTCCCTTGGGGACTCTCTGCAAGAAAGGCGACGCTTCCATTTTGTACCGGTGGTGGTGGAGGAGTTCCGCGCACACAAGAGTTTCCACTAAAAGTAAAGCCGGCACGACAGGCGATGCAATAACTTCCGCTCCCCCCACTACAATCCCAGTCCCATCCCGACCATTCTCCTCCAGTAAACAATGCGAAAGGATTTCCTCCCGGCTCTGTCCCAGCATGACCGCTCGCCGTTCCACTGGAACACAGTGTAAACCCATCTACTTCCGGACCTCGCTGCGTTGGCATCACTTGACCGTGAGCCGTGCCACAGGCTCCATTTGTCGGTCCTCCTCCACAATTTTTGGCACCTTCCACATTATTGCATCCGTTCCAACACTGTTGTCCGATACAAGTATTGCTCGCGCAATTATTACTTGGCGTGCAGCCGCCTGGTGGAGGTGTACCCGGACCAGACGGTGGATCTTCCACGCTGCGCTCCATGCATCGATAAACATTTTTCGCCACTCATTTTGTCCTTTTCGCTCACAATTACAGGTAACCGTCAATCCTTCAGAACAAACGCTTCCCGGGGCCGGGCAATTCTGCCGATAGTTCGGGTCATACGGTGTTCCCGGGCCACACTCGCGATTACCCTGCCTCACCCATTCTCCACACTCCGCGCAGGGCTCGCAATGTGCAACGCCTCGGAACCTTCCATCCTGCTGGCATGCACCACATTGTCGCTCGCGACCAGAATTCTTACAATACGTTCCCGTGCTTGGGCAGGTGAGGAGAGGGTTGGCACTCGCTGAGCACGAGCCTCCGGGAGCAGACACTCGCCATTTTCCGGTTGCGGCTTGCGCTGATTCTGGAGAGAGCAATGCAAAACCCACTCCAAAAACAAGTGCGAGAGCCCCAAGGAAAATATTTTGCTTCCATGCTTTCCGAGAAATGAAAGATATATTCATACGATTCGAGATCGACACTTAAAATTCAAAAAAGAAAAATGAGGAATTTCGATACTGAGAAAAAGTAAAGATCCAAACCCCTTACTGCGACACAGTTTCCTTCTTTTCACCAGAGGGGATCACTGCATCGCCGTAGACATATTCTTTTGAAGAAGCATTCTCGAAGTGAAGGATCGTGACAAACACTCCACTACGAAGCTCGTCGAATCCTTCTGTGGATTCCTGTACGTAAAAAAGAGACTCAACTGAAGAGGATGCCTTCTCAGCATTACTCTCGGGAGCCGAGACGAGTTTCACCCAGACTCCATCGGCATCGTCTTTGGTTATCATTTCTCGAACGAAGCCGGAAGTTGATTGCATGTTTTTCTCTACCTCCTTCGAAAGATTCTCCGGGATACTTTTCTCGCTCTTTGGTCCAGGAGCGTTCGAGATCATATCTTTTCCTTCGGGATTGTTCTCGCCCACAAAACGAACGGAGCGCCAAAAAAACCATCGCCACCATGACGATAATGAGGAGGAAGAGCGCCCAAAAAAGAAGCGGGCTGCTTGAACGGGAAGGGAGAGGTTGCGACATAGCGTTTTTGTTTTAGAGCTGAGGAGCACAAAAAAAGAGACTTTTGGTCTCAGTATACCATACACGCTTTAAAACGAGCGCGCTCTTGTCAAGACTTCCCTCTCCCGAGCGAGGAGGGTAGAATCGAAATACGGCTCGTCTTTCTCTAAAAAAGAAAAATGTGGCTGAATATGAAGATTCCCATCTCTTTCGAGTTCCGTTTTTTCGTTTTTGACTCTCTGTAAGACTTCATGCAATTCCGATTGATCCTCCTATGCCCTTCGCTCACCTTCACGTTCACTCGCACTACAGTCTTCTGACCGCTCCCGCGAAAATTGATGCACTTCTTGATCGCGCGAAGGCACTCGGTATGGAGGCGCTCGCGCTCACAGATTACAGCGCGCTCTATGGTGCGGTCGAGCTTTCGGTTAAAGCGAAAGAGCGCGGCATGAAAGCAATTATCGGTGCCGAAATATATGTCGCGAAAGACATGAGGAGTCGCACTTCGAACGAAGACCGTCGGCGCTACAACCTCGTACTCTTGGCCGAAAATGAAGTCGGCTATAAGAATCTCATGAAGATTATTTCCGCCTCGCATCTCGAAGGCTTCTACTACAAACCCCGCGCCGACAAAGCGCTCTTGCGAACGTATCGCGAAGGACTCATTGCCCTTTCAGGATCCGTAACGGGCGAAGTGCCTTCGCTCATCATTGCAGGAAGTGACGAGCGCGCGACGAAAGCGGCCCGGGAATACGAATCAATTTTCGGAGCAGGAAACTTTTTCTTGGAACTTCAGCCGCACCGCGACTACGAAAACCAGCTCCTCGCGAACGCGGGACTCGTGCGAATATCACAGGAAACCGGCATTCCGCTCGTTGCTGCAAACGATGTCCATTATGTGCACCCTGAAGAAGCCGAGCTTCAGGATATTCTGCTGTGTATTCAAAACAACTGGAAAGTTTCGGACGAAAATCGTCTCTCCCTTCGGCACCTCGACCTCTCCCTTCGAAGTCCAGAAGAGATGCGCGCGTTTTTTGAAGACGTGCCGGACGCGTTCGAGAATGCAGCTCGTATTGCCGATCGCTGCGACGTGCATATCAAACTCGGGGAAACACAACTTCCCCACTTCGATGTGCCTGAGGGAAAAACCGCAGAAGTATATCTGCGCGAACTCTGTGAACAAGGCCTCGTGAAGCGCTTTGGCGACCGCGCGGGAGAGACGCACCGAGCGCGCATGGAATACGAATTGGGCGTCATCGAAAAAACTGGTTTCGCTTCGTACTTCTTGATCGTGCAGGACTTCGTAAACTGGGCGAAAAATAAAGGCATCGTGGTCGGCCCGGGTCGCGGAAGCGCCGCCGGCAGCTTCGTTGCGTACCTCACGGGCATTACGAACATGGATCCAATCGAGTATCGCTTGCTCTTCGAGCGATTTCTTAATCCGGAACGCATCTCAATGCCCGATGTCGATATGGATTTTTCCGACGACCGTCGCGACGACGTACTCAACTACGTTCGAGAAAAATACGGTCACGACCATGTCGCCCAAATCATCACTTTCGGAACCATGGCAGCGCGCGCCGCGATTCGCGATGCGGGTCGAGCGCTCGGATTTTCCTATGGTCTCTGCGACTCGGTCGCGAAACTCATTCCGCAGTTCCACACAATAGAGAAGGCACTCGCCGAAGCGCCGGACTTCAAGGCATTCACCGAGAAAAATCCC
CP064994.1_gap19	900772	902044	1272	CATTAAACGACTTGCTCTTTGTCTCTTTCGACTTCCCAAGGAACGTATAGCGGTAATAATCAATTTCTTGGTTGTCTTCGGCATCCCACCAGAGCTTCTCTCCGCGACGAATATTGAAGAAGAGTGGGAGATCGGTAATAACAGGTTCTCTTGTATCCACACGCACCTCATATTTATCCGACGTGGCAATTACGTTTCCATCTCGATCAATATAGCGAACCCGATAATCATACGTGCCACTATTTTTTTCTCGAACTTTGAGAGACCATGATCCATCGTCTGCCACCGTTTCGCTTTTTCGAACATTGTCTTTTCCAGAGTAAACTTCTACCCTTCCACCCTTCAAAGTCTCTTCCTTTCCGGAGAAAGAAATTCGATTACTGTCAGTCAGAATTCTTTCGGAGCTTGAAAAGCTTACTTTTTCATCTTGTATCTCCACTTTTCTCTTCCCGCACACTTCTTCCACAACTGGACTTCCCCCAGCACACCCAGCAGGCATCATGTTTGTGATAGAACGTGTTCGCTTCCCATTCTCACCGCACGTTCCCCATTCCGAATACTCGAAGCTGGTACAAGTCGTTTCTTGACCCGTATAGGTACACGCCTGTGTAGATGAAGGTACGGTAGTCCCCGATGCAGGCGTACAGTTTGCTGGGACTCCGGCGACACTTCGGAATTGTCGATTGCTCGGCTGGCATGCGCCCCATGCGCCCACCGTAAAGCTGGTACACGTTGTTCCTCCTCCGGCATAAGTGCAGTCCTCAACGTCGCTCGGCCTTGTGCCCCCAGTACAACCCGCTGGCACACCAACCACGCTTCGGAACCTTTGGTTGTCTAGCTGACATGCGCCCCATGTTCCCACGGTAAAACTCGTACAGGTCGGCGGAACATAGGTACACGGCTGTGTAAGATCTGGCGTCACGCCCCCGCACATCCTGAGGGGAGTTCCAGAAACGACCGTTCTCGTTTGTGTTCCATTCTGCGCGCACGTACCCCACGCGGAATAGGTATAACTTGTACAAAGTGGCGCTCCTACCAAAGCACGGATACCAGTTGCACTTGAAAGCAAGTCGTTCGATCCACCACTTTCTATGACATCTGAATCGGTAGCGTTATCCGCGCCCACGAAGGTATAGACAATATTATTGGTAGACGAAGAAACTGTTCTCAAACCACGGAAGGTAAGCGTTCCCAAAACTCCCGAATTTGTTTGAACGCCTGGAAGCGGTTTGGCAAGCGTAAGAACGATTCTCCCGTTCGCTGTATCGTTTT
CP064994.1_gap20	1048319	1048819	500	GCGCATCGAGCACGCGGGTGCCAAGTTTCGAAGCCTCACCGAACACATTGAAACCGTGAGTCCTGCCGGCAGGATGCTCGTACATATGCTTGGGAGCTTCGCCGAATTCGAGCGGGCGATGATCCGGGAACGAACCAAGCGAGGTTTAGAGTATGCAAGGGCACAAGGAGAATCGGAGGAGACGCCTGGAAGCTCTCCCTCTTCAAGAGGAGGCTCTGGCTCGCATGGTGACTTCGGGCGAAAGAAGCGGCGCGGAGGCGGGCAGGCTCTTTAAGGTGAGTAAGGCGACGGTGTCAAGGGTGATGAGCAAGAGAAAGTTTCAGAGGAAGGAGTAACTCATGTGGGACTGGATTGATGATTTTGTTCAATTTCCGGGACGTTCGGCTGTACTGGAAGCGGCGAATATATGTGAGTGTCGCCGCTGGATTCTTCTTCGTGTTCGTCTGGTCCAAGCTCTTCCCAAACGAGAAGCCTTCGGTAGGGGGAATAGTCTGCTGCTT
