gap_id	start	end	length	sequence
CP065001.1_gap1	3050	5136	2086	TAACAAAAAAAATGCTTTTACTTAAATAATCTAAGTTTTCAAGACTTGTAATTATTAGTTATATCACTCTAATTCATAAATGCGGGGAAAAAATGAGAAAGATAATTTCAATTATTCTATTCATCTCTGTTCTGACAGACGCACAAATAGTTTTTGAGCCCACCTATAATTTATCAAACACTCCGAGTGCAACTTCGGATTACCACTCGGTTTATTCATTTGATATGTTCTACTATGTTGTTTGGGGTGATAACGGCGAAATAAAGTTTAAAGGTTCAAACAACTGGGGTTTAAGTTGGACCAGTAATGTTACAATTTCAAACACATCAAATATTTGCGGGTACCCTGTTATTGCTGGTGTTAGTATGAATAATATTTATGTTCTCTATCACACTTTAGCTGCGGGCGGGAATTATGAAATAGTATTTCAGCATTCTACCAATAGCGGCTCGTCCTGGTCCGCGATGCAAAAAATTTCCGGAACGGCATCCGCAATTACACCGCAGCTGATTTTAATTGGATATACCTTGTACGCAGTCTGGGAGGAAAGACCAAATAATAATTATGAAATTTATTTTTCAAAATATTCCATTCTTAATAATACCTGGTCAGTTCCGCAGAATATTTCAAATACATCTACAACCTCAAGATGGGTACAACTTCAGGGTGATGGGCAAAATCTGTATTGCGCGTGGATAGAAACTTCGACTTATCCTCTCAGCGATATTTACTTCTGCAAATCCACAAACGGGGGTGATAACTGGACAACACCAGCTAATATCACAAATGATGACCGTCCACAAAACAGAATTTTTATGAAGTATGATTACACAAATAGACTATACATTGCGTCAGATGATATTATAACATTTAATTTTGATGAAATATATTTATTAAAAACATCAGATGGTGGAGAGACCTGGTCAACTCCCATTAACATCACAAACAATTCCGGTAATTCAAATACTCCCTGTATTGAAACACTTGGAGACCACATTTTTTTCACCTGGTCTGATAATACACATTCAGCACCGGCTTACGATAACTCTGATATCTTTTACAAATTATCTTTTGATGGTGGTATTACATGGATTGATTCAATGAATCTTTCGAACAATTCCGAAACATCATCACGACCACGCATTTGTTATGGATGGGATGGTCCAATCCCGGCTCCGTATATAAGACAAACTGTTGTTTGGTATGACTATTCTACTGGTGATGCAGAACTGCTTGCAAGAAACGGAATATACCAGTTTGTCCCGGTTGAACTTGTTTCATTCACAGCATCAGTAGATAAAAATAATGTTGGACTCAAGTGGGTCACCGCCACAGAAATAAACAACAGGGGATTTGATGTAGAGAAGAGAATAGCAGGCAGTAGTCAATATTCATCAGGCAATAATGATTGGCGTTCGATAGGATTCGTTGAAGGAAAAGGAACAACCACAGAAGCGCAATCATATTCGTTTGTAGATGAAGAAGTAATGACAGGAAAATATCAGTATAGATTAAAACAGATAGACTTTGATGGAAGTTATGAGTATTCAAATGTAGTTGAAGTGGAAGTGAATCTTATAACGGAATTCTTACTTGAGCAGAATTATCCAAATCCATTTAACCCGACAACAAAGATAAGCTGGCAATTGCCAGTCGGTAGCTTTCAAACAATAAAGGTGTATGATGTATTGGGAAATGAAGTAGCCACACTTGTTGATGAATATAGAGAAGCAGGAAAATATGAGATAGAGTTTGAAGCAGGTAACTTATCAAGCGGAGTTTACTTTTATAAACTGCAAACAGAAAGTTTTATTCAGGTAAGGAAGTTGACCGTATTAAAATAATGGGGTGATTTATGAGAATGAAGGTAATATTGGGCATTATTCTATTTTCAACAATTACTAATGCCCAATGGATACAACAAAACAGTGGAACAACACTCAATCTAAATGATGTTTCATTTTTAACTGATCAGATTGGTTTCGTTACAGGGGACTTTAGTTCTTTTCTTAGAACTACTAATTATGGCGAGGATTGGCTTAACCTTTCATTCTCGGCTTATAGTTTATCAAGAGTTTTCAGGGTG
CP065001.1_gap2	19204	22660	3456	AATTTTTCATAACAGTAATAACTGAAAACCCACGCAAGCCCGAATCCATTTATCTTCCCTGTATTTTATTAAAGTTCTAAACCCAATTTAATTGATACCAGCAATGAAGGCAAGATTTTTTTAAAACAATCCGATGAGACTGAAAAGAAGTCGCGATTTCCGGACTTGAAACTGTTAAAGCATTTGCGAAATAGTCTCGGTTAGTTCAGCTATAATAAACTGGTAATCGTTAGGCGAGATTTTTTTCCCTTTACGGTCAAGCACATAAAATGAATCGACAATATCATCACCTTTGGTAGAAATCTTAGCAAAGTAGATAATCAGTCCCAGTTCGTTCATTTTGTTTGTAACCTGGTAAAGGAAACCAAGGCGGTCGGGAGAAAACACATCAATGATAGTGTACTTTTCATGTTTCTCAAAAACAATTTTCACTTTGCCTGTTCTTTTGAAGAACTTACTTTCAATACGCCACCAGCGTGATTTCATCTTGGTAAATTCCTGGTTAAGCTGAAGCATACCTGTTACAACGGATTCAAAGTCCTGTTCAATTCTTGCATACCTGTCTTTGTCAATCATTTTGTGTGTGCGGAATTCCGTTACATTAAATGTATCGATTACTATCCCGTCTTTACGAGTAAAGATCTTTGCGTCATGAATGTTCGCATCATTTATAGATAATACTCCGCACAAACGTGAAAGCAGTGATGGAAAATCTTTTGTTATAACAGTGATGTTTGTAAAATCATTCAGTTCGTTAAACAACACTGAGATAATATTCCCTTTGCGAATCTCTTCTATATGCCGCGCAATTTCTTTTTCACTGAACTGGCTGGCATAGGCAATATCATTGATCGAATCAAAATGTTCCTGCACGTGCGATTCGGAAATATTTTTTGAATGCTTGCTTATTTCTTTGTGCGCAATGTAAGTGGATGAAATGAGGAGTTCCTCACCGCTCATCTGTTCTTCAAGCATTGCTTTGGCTTTTCGGTAAAGCTCTGCGAGCAAATCACTTTTCCATGAAGTCCATACTGCCGGATTTACAGCCGAGAGGTCGGCGAAGGTTACAAGATACAGCAGATCAAGTTCACGTACCGAAGTAAATTTTGATGTAAAATTATTAAGAGTTTCCGGATCATTAAGATTTCTTCTGAATGCTATTTGCTCCATCAGCAGATGGTTACGGACAAGGAAAGTTACCATGTCAATTTCTTCTTCACTGTAGCCCAGCCGGTACATTACTGTTGCAGCCATTTCAGCGCCTATAATTTCATGACCTGATATATCAACAGGTTTTGCAATATCATGAAAAATTAATGCAAGATAAAGTATTTCCTTCTCTTTAAGTGCAGTAAAAATTTTACCGAGAGATGAATTTTCTTTTTCAAGTTTTTCAACATTCTTAATTGTGATAAGCGTATGTTCATCAGCCGTATAACAATGGTAAACACCGTGTTGAAGAAAACCGACAAGGTCCTTAAACTCAGGAAGGAAAGCAGCTAGTATCCCAAGTTCATTCATTATGGAAAGTGTTTGTCCCACATTCTTTGGGAGTTTAAGTATCTCCCTGAAAAAAACTGATGAACCCGGATCGTCAGCATCAGCCTCTTCATCATTTTCAATTTTTTCCACTATGAGTGAACGAAGCTTTTCATCGAAGTGCGCGCCGTGCAAACCGCGGTAGTAGCAGGCTCTCAGAATATCTGAAAAAGTCAGTCCTTCATTCTTAACAGATGATATTGTTTTACCTTTTATTGAATAACTGTCATCAAGGTCGATTGAGAATGAATCCGGTAAAGTATAGGAAATTGACTCGTTGAATTTTTTAATGAGTGCTTTCGCAAACCGGTTGATCACATTCGTTGCTCTGAAATATTCACGCATAAACTGCTGAAGTGCGTAATCGCCCTGGTAGAACATACTCGCAATTTTTTGCTGATGTAAAAATTCAAATCTGTCGTTTTTCTGTTCAGAAATTATGTGCAATAAATTTCTAACTGAAATAAGAAGGTTGTAACTATCAATCAGTCTGCGGCATTCATTAGGTGTAGTATAATCGAAATGTTTTATTTCATCTATAAAAATTTCCGCCTGCGTTTTTTCAATCTGTTTATTTAAAAGAATATTATGCTTAAGCATAAACATCCACTCAATGGACTGCAGGTCCCTTAATCCGCCTGCTGACAGCTTAAGATTTGGTTCAAGAACTTTTGGTGAATCGCCGTACTTGTCCCATCTGTCTGACATATCATCAATTAAATCACGAAGCAGTTTAGGTGTGGTTTCATCATTGAGTACGGAAAAGATATGTTTATTCCATTTTTCATAAATGACAGATGAACCAAGCAAATACCGCGTTTCAAAAAACTGTGTGAATGTGTGAAGGTCGGAATTAATATATCGTTCAATGTCATTAAACTCGCGGACGGTATGTGATGCTTCAAGACCGTTATCCCAGAACAAAGTTACAAGTTTCGAAATCTGTTCAGAGTTTTCCTCCACCGATTCTGTTATGAACATCAGATCAATATCCGAATAAGGAGAAAGTTCTCTTCTGCTGAAACTACCTGCAGAAGCAAGTGTAAAATTAAATTTCTCTTTGCCGCAAAGTTTTCTTATAAATTCTTCAACCAGTAAACTATACTTTATGCTGAAAGCCAGGGCATTCTTTTGAACATAATTCTCTGAAAAGAGTTTTTCTTTCTTCTCAACAAATTCTGATTTTATTTTTGCCGATGCTTCAAACATGTTTTTATGATTGACTTACTTATTAAAAGTTATTTGAGTCTGCTGGTTATATTTTTCTTGTATTCCACTTCCACTATCGATGAAATTCCGCCACGAACATTAAACTCAGCAGTAAGCAGCATATACCTTGGCTTTGTCGCTTTTACAAGATCATCAAGGATCATATTAGTAACGCTCTCATAAAAAATCCCATCGTTCCTGTAAGCGTTTAGATAAATCTTTAGTGATTTAAGTTCAACACAAAGTTTATCTGGAATGTATGTAAGAGTTAAAGTAGCAAAATCCGGCTGCCCAGTCTTCGGACATAAGGACGTAAACTCAGGCGCAATGTGTGTTATGTGATAATCCCTGTTTGGGTATTTGTTATCAAATACTTCGAGTAGTTTATGTTTGTTGGTCATAATGAAATAATTAATTGTTGAATGAATAAACCGGTCTTTCTAAATACTTTATCGGGTCTTCAAACCCAACCTGCTGAAACCCGCGTAAACGTAATGCACAGCTGTCGCATACCCCGCATGCTTCGTCTTCATTCTGATAACAGCTCCAGGTTAAATGAAGCGGTGCATCAAGTTCAATTCCTTTGTTTACTATTTGTGCTTTTGAAAAATTTATTATCGGGGTGATGATATTTATTTTTGTTTCAGGTTTTGTTCCAAGGTCGATTATTTTTTCATAAGCTGAGAAAAACTCCGGTCGGCAGTCAGG
CP065001.1_gap3	50863	55523	4660	AACATTGTTAAAGTATTTGATCTCGGTAATGTGATCACCTCCGATGATGAAGATATTCCGTTTGGCAGTTATTTTTTTACGCTTGAAGTCTTTGAAGCGACATCACTGGATAAGTTTGATCTGCATCCGGATGATGTGAATGAAATTATAAAACAAATCTGTTCAGTACTGCATTATCTGCACCAGTCAAATTTTATTTACTATGATTTAAAACCTGAAAATATTTTAGTAAGGCAAACCGGAGATAAACCTGAAATCAGATTTATAGATTTTGGTCTTGCTGAACATCTTCCAGATACAAGAAACTATCAGCCTAAAGGAACAGCACAATACATTGCCCCCGAGATATTAAAAAAACAGGATCATGATTACAGGGTTGATATTTATTCACTGGGAATTCTTTTATATCAATTGGCATACAAAAAATTCCCGTTCGATGTAATTGATGAATTGCAGATTTACAAAGCACACCTTGAATCTGAATTTGATTTTCCTGATTACGCGCCTGATAATAAATTACCCGGAGTAATTCAAAAATCTCTTGCTAAAGATCCTGCAGAAAGGTACGACAGTGTTCTAAATATTCTGATTGATCTTGATATCCCCATTGATAAATCGCTCACAAAAGATTTTTTAAAAGCGAAAGTATTTACAAATCGCCGGGATGTGCTTGCAATCTTAAGGAAATATATTCACGACGCCACGAGTTATGAGGTATTTACAATCCGCGGTTATGAAAGTATGGGGAAAACTTTTCTGGCAGAAGAAGCTGCCAGGATTTATGAGAATGTTATTCTTATAAATGAACTTTATAACAATACCGGAATAGAATTTATACGTTTTGTAATCAGGAAAATTTACTATCAACTTTCTTCTTTTAAGAAACTTTCCGAAAGCACAAAAAGTCAGTTAGGTAACTGGTTGAGTCCGGGTCTCAACTTCAACACATACGAAGTAAAAAAAATATTTTCTCTAATCGCAGCGGAAACAGATTTTATTCTTGTATTTGATGGCTTTAATAAATATGATACAGCCAGTCAGGAACTTCTGCTTGAGATAATTCCGATACTTCAGGTGAATAAGAGGAAAGTAATTCTAACAGAAGAATCAGATTACACTTACACATCTGAACAGTTGAATAATCTTCAGGAAATAAATATTTCGCCTTTCACTGATGCTAACCTTTCGGAGTATCTCGCAAAAAGTTTCTACAAAATTTTCCCAACCGATGAAGTCAGGCAGCTTATTTTACTTTATGCTGACTTGCTGCCCGGAAGTATTGAAACATTTTTGAAAGACATTCTGCTTTTCGGAGTAGTTGATTATCAGTCCGGACTACCGCAACTGCTTAAGACCGAAGAAATAATCCGACTCTTAAAAAGTTCTCATGACGAAATTTATAAAGCCAGGCTTAGTATCCTCAGTAATGATGAGATTGAATTTGTCCGTCTGTTGTCATTATTTGAAACTTCGGTTAATTCCGAAGCACTCAGATTTCTAATACCAAGTGATTTTAGTGATGAAAAAATTCTGCTGGATGAACTTGCAAAGAAAAATATTCTTCAAAATAATCAGGCATCATCTGAGCCGGTTTTTACTTCGTCGGGACTTAAAAAGTATATTTATTCTACGATCAAAAATGTATCGGAACTGCACGGCAATGTTGCGTTTAGGCTTCGGGAAAATAAAGCTAAGATCGGCAGGATTGAATTAGCACGTCAGTTTGAATTAGCCGGCTTGTACGATGAAAGTTACAGCCTCCTTATGCAGGAAGTGGAAGATGCGGAAGAACATTCGGCACATTCCTATCAAAAAAAGTTACTTACACACATAAATACATTCCCGTTAAGTTTTCCAAAGACAGAAAAAATTATTTTAGCTTTATTGAAAGTATCAACTAAACTAAATGATCATACAGGTGTACTCAAATTAGTTGAAGGTCTTGATGTAAATACTTTCTCATTGGAATCACAGGACCAGATAGAATTATTTAAAGCCAAAGCACTTGTAGGAGCCGGTCAGTTAGCCGAAGCCCATGAAATAATGTCAGGTATGCTTATCGACCGGGAAGAAAATCCTGACAAAATAAAATTGATGCTTGATTTAGCTTATGTCGAATTTGATCTTACTAATATCAGCCGTGCAAAACAAAATTGTGAACTTGTGATCCAAAGTAAGTTTGCGGATTATGAATCACTGGGACGAGCGAATAACCTGCTTGGTCTTATTGCTTATTCACACTATGATAACTTTGAAACTGCACTCAGTTATTTTATCAAATCTTCTGAAATGTATGAAAAAGCAGGGCAATCCCTTAATCAATTAAAAATTGAAATCAACATTGGAAATATGTTTTACCTGAGAGGTAATACAGAAGAGGGATTAAGGTATTGGTCCAAAGCACAGAAGACAAATGAAGACGTTGGCAATCTTGAATATGAAGCGCTGATCATAATGAACCTTGGGGCTTATAACTTTGGAATCGGAAAGTATGAGGAAGCCGAAGAAAATTATAACAGGGCAAGCGGCGTATTCATCAGCATTGGTAACAAAATGAACTATTGTAATGTGCTTAACAATCTTAGTGAAATTTATATTGAAACCTGCAGGTATGATGAGGCTTACAACAGTCTGCAGGATGCAAAGCGTTCTCTTTTTCTTATGGAAAATTATGAACTTGAAGCAGATGTGCTCTTTACGCTTGGCAAATTTTATTTTTATTCTGACTCGGAAGAGTCGTTAAAAAAAACTATAAGTGATTATGAAAAGGTTTTAAACAAAGTGGTGTTGTCGGATCGTTACTATAATAATTTCAATTTACTAAAATTATTGACGCGGATTAATAATAAGGATGAAGATATAAAAGATGAGTTAAAAAAACTGATCAATAATTTTTTTGAGTTTGATGATAAATATAATTTTGTAAAGTTTACATTTATATTAGTCAATTATCTGTTAGAGAGAAAAATGTACGCGCATGCTTCTGAAGAACTGAATAACAAGACGATCATTAATTTATGTTTAGCACATAATATTCATGAAGTTGAAAGACTTTATCTGTTGGCAGAATTAGCTCTATCCGGATTTGAAGATTTACCACAGCCGGCATTCAGTTATCTAAACCAGGCTTATGAAAAACTTGAATCTGTGAGTATAACTGATATTACCTGGAAAGTGCTTTATGCGCTTGCTGAATTTTACTATGTGCGCGGCAACAAAACCAAGTTTAATGAATTGTTCGGATATTCAAAATCAGTTATGAATTATATGATTCAGCAAATAAAGGATGCAAATCTGCGTTCAAAATTTCTTAATAAAGCCGATAGAAAAAAAACACTGTTAAAATTTGATTCATGGGAGATCAATATAAATGGCTGAACGCCCGGTGAAGATAAAAGTATTTTCTAATTACAAAGATGTAACTGTTATAGACAATGCTATAAGACAGCTCGCCTTCAGAAATATTCAGGCTAATGCTCTGTATCCAAAATCATTTGATATTAAAAGCAATGATATAGTCATTCTCCAGATAAAAGAAATTGAATCACAACTCTTAAAAAAAATTATTGAAAAGAAAAGTGAACTAAAAAACAAATTCATATTTCTTATTCGCGAAAATGATGCTACACTTGTAAGCTATATAGCCAAATTGGGGTTTAATGATATCTTTACCATACCATTTGAGATATACCGATTTAACAATCACCTCTTCGAACTAATTTCAAACAAAACTTATATAACTGATGAAAAAGAACCTACGATCGAAGAGAAGGAAAATGTTTTTAAGAATATAATTGGTAACTCAGAGCAATTCAGCAGAATAGTTGAATTAGCTAAAAGGGTTTCTGAAAACAGATCAATCAGTGTGGTAATTCTTGGAGAAACAGGAACCGGAAAAGGTATGCTGGCAAGTGCAATACATAATTACACCAATCCGGGTAATCTTCCATTTGTCGATATTGTTTGCTCATCAATTCCTGAGAATCTGCTTGAATCTGAATTGTTTGGATATGAAAAAGGTGCATTCACAAACGCACTCTCTCGTAAGTTGGGCTTGTTTGAACTCGCTGAAAAAGGAACTCTTTTCCTTGATGAAATCGGGGATCTAACTCTTAATCTTCAAGTGAAATTATTAAGGGTAATTGAAAAAAAAGTTATCAGAAGATTAGGCGGGGTAACAGACTTACCAATTGATATAAGGATAATCTCTGCTACAAATAAAAATTTGCTTGAACTGGTTGAGCAAAATATTTTCAGAAGAGATCTGTATCACAGGCTGAATGTTGTTTCGTTGGAGTTACCTCCGTTAAGGGAAAGAAATGATGATGCATTGCTGATTGCAGATTTTTATGTAAAGGCCTATAGCAAACAATTTAACAAACAAGTAGTATCTATAGATAGCGATGTTTTACAATTTATAAAAAATTATACCTGGCCGGGAAATATCAGAGAGTTAAAAAATGCTATCGAACGGGCTGTGCTGCTGAGTGATAAAAAGAGTCTGAATATTAAAGACTTTTCAAATATTGTTAAGAATATTCCTGTTGAGTCACCGGAGTTTAAAGATACTTTAATCAGGCTGCCACAGTTTATACGACTTGATTTATTATTTGAGCAGACAAATTTGAAAAATCTTGAAAAAATTTATGCCCGTGAGGTT
CP065001.1_gap4	58172	59327	1155	TGTAGAAGTTGAATCTGATCTTGTACAAAATAATTTTTTACTGGAAACTCTTTATTATTTATACGGAGGCAGGTTCGCGACATATCTATACATTAAGTTTGGCTATGACAAACTTTTTAAATGGTTCATAACAGAATCTTCCGAATTTTATCCCGGATATAAATCCAAATTCGAAGATGTTTTTGGTGAATCATTTGATGAAGAGTGGCACAAATTTTCAGAATACGAAATAGCTTTTCAGAAGGAGAATATTAAACGCATAAAATCTTCCGGACTGACCGATTCAAGAAGAGTAGGGAACGAAAATTTTGGCTGGGTTACTCAGCCATATCTCGATTCAAAAAATTCAAGAATATTGTTCGGATATCATCGCCCTAATTCACTTGCGACTCTTGGATCAATAAACTTACACAATGGTTCTCAATCTGAATTACTTTCATTACCGACACCGAGTTTGATAAGTGTTGCTTCAACCGCGTATGATGCGCAAAATGATTTATTCTTTTATACGACAAATAATAACGAACTTTACAGGGATCTTTGGGTGCTTGATCTGAAATCCGGTGATAAGAAAATGATTTTTGAGAACGAACGGATTGGGCACTTGTGTCTGACACCTTCAACGAAAGCGCTGTGGGGGATTCAGCACAACGGCGGAAAAGCTATTCTTGTTTATTCTGATTATCCATACAATTCCATAAGACAATTAATCGGATTTGATATAGGTGACGATGTACAACAACTTACCTCGAATTTTTCAGGGACTATGATTGTTGCAACTCTGCATAAATCTAACGGACAGCAGATGTTAATTGTTTTTGATGGAGAAAAACTTAAACAGGGTGATATCTTCACCTATGATGTGCTTACTAACTCAGGGTCACCTGAGAATCCATCCTGGAGCGAGGACAATAAGTATATTTACTGGAATGCTTATACAAACGGAGTTTCCAATATCTATCGCTACAGTATATCAGAAAATAAAACCGAACCACTATCGAATACATTGAAAGGATATTTTAGACCGATTGAAATTTCAAAGGATTCCATTTTTGTATTTGAATTTTCAACTGATGGATTTATTCCTGTTGTTATTGCTAATAAACCAGCGGATCATTTGCCGGCTATTCAGTACCTTGGACAACAAGTAATCGA
CP065001.1_gap5	79081	82582	3501	AAACGCCAAGTATCGACAATGAAATTAAACTAAGCGGTTGAAAGTGAAACAAACCAAAAACAATTCCGGTAATTATAAAACTTTTCATCCCGTTTGTACGTTCCATAGTTCGCTGCACATATCCCCTGAAAAAAACTTCCTCACAGACTGCGGGTGTTACGGCTATCACAAGTATCAGCATTACTAATTCAAAAACTGAATTGGCGGTGAACAGCTGCGCTCCCATATTACGAACCACTTCAGGAATTTCAAGCCAGTCAAGCAGAAGGTATGATACATAGTAGCAGAAGGGCAGCATCGCAATTGTAATCAGCACGGCAAGTATAATTTCTTTGAATGAACACCATCTTATCCGTAAATACTTTTTTATTTCGTGTGTATGCCAGCGTTTAACAATCCAGATAGTTGGATAAAACATAAAGACGAATTGAGAAATCACTAATGCAACGAGTATCGGCACTTTAAGTGTTTCTGTTATTGAATTCATCCTTTCCATAAAATCACCGGATATCTCTCCAGGTGAGATTGCCTGGTATATAAAAAAGATCATCATCATAACAATGGACTGAACATTGAAGTACAGTACACCAATCCCCAGCAAAGCCGCATACGCAGCGGCTGTTATACTTCTTCCTTTTTTTTCCCAGGAACCGTTAAGTTCTATTGAATCATTATCATCAATTAGAACAGCATCCGGATGATTTTCTGTTTCGGGATTATTCAATTACTATTCCTTCATTCGTTAGGTTTGTTTCAGGATTCTCTGCAGGAAAATCATTCTTCCTTATCTTCAGATCAAAATACATTACAACATTTATTAGCGGAGTAACCAATGAATCAAATATGGTACTTATGATTATAATTATCCCAAATGAAAAGCCGAATGATTCGAACATCTTTACCATACTTGATGGATCATTGTTGATCATCCCGCCTTCCGCAATCATTTTAAAATACTGAGAAAAGAAATCCCACATCAGTATAAAGCTAAGAGGGGTTGTGATGATCGAGATTCCAAAATCAACAATGAGCGAGGTGAGCAATAAAATTCCGAATACACGCCACCAGTTACCTTTCACTAAGTATGAACTTTTAGAGAAGGAATCGAATACATAGTTGTCTTCGCCTACAATTGAAACAAAAGCAAAATACCATTTGTAAATCAGGTAGATCATCAGGAATATTCCGGTAATGATAACTAACACACCAAGTATAGTTATTCCCGTCATACTTGCGGCGGCTCCAAGTCCTATTATAAATATTCCGACAAAAATGCATGCTGAAACCACGAAACCCAGCAGGATTGATTGACCAATGCATCTGAACAAAGTAACAGAGAAAACTTTTGCGAATGCTTCACCGACAGAGATTCTTTTTCCCTGCATTTCACTGAAACTGATTTTTGTTATTCCTATCATCACCCCGAGATATCCGAATGCGAATGCAAAAATTGCAAGCATATATATTCCAAGATTAGCAAAAAAGTTTGCCGGCAGCTGCGTTTGGGTATTGCCGTACTCGTACGAGGATTGAATGGATTCTTTCGCTGTTTCCATAATTGAGGAAAAGAATACATTAAAACCATACGCCATTAATAATCCGACAGGTACTAGAAAGGCGACGGCAATAATAATGTTACGTGAAAAAGTTTTCTTGAAAAGATTGAAAGTGATGCTGAAGATATCACCGAGTTCGAAAGGTCTGGATTTATCAAACATATTTTTCTCCCTTAGCCCATTAATTATTTGAGTTGGGTTTAAAATAGTTTAAATATTTGTTAGTTGGAACGGGAAAAATTTTAAAGTTCAGACTAGCTTAGAAGATGCCTAAAAATTAATTCGCAGAATATTTATGCTCACATCAGGCTTATTTAACTGGCGGAAGTCACTGATTGATGAAGTGTGATTTACCCGCAGTAGGTCAGTTTGATTAAAATCATTCTGCGGTTTCTCAGTCGCAAAAACATAATAGCCTAAAATCTCGAATGGAATTGCACTTAATAATGCGCCGAATAAATACTCATAACCATCGAGGGTTTTGTTTTCTATCAGCAGTACAAATAATGAAATTCCTACTCCGCCGCCTAATGCCGTGCCCCAGTAGCTGCTTTCATAATCACCTATTCTGCCAATAAGATATACGCCGAGAGTTGATCCGAAAATCCATCCGGCAACACCGTATACTGGGTTTGTTTCTCTGAACGGAAGTAAAAAAATTAATCCTGAAACAGCGCCCCCAAGTAACTGTCCGCTAATTACAAAAGGACTTATCGAGCTTTCAGATTTTATTGAATCGATTGGTTGCTGAATGTTTAATGAATCCGTAACCTGCCCATAGTTAATTGAGTGAAAGAGCAAAAATGTTATTATCAGAAAAGTTTTATTGAAATAGATTTTCGGAAATGGATTCGCAGAACTATATGAAACTTCTTTACCCAAAACATCAAGCCCATAAAATTATTTGATATCAACTTAATGCTGCAGAAAACTTATGTCAATTCATTTTTTTAAGGAAGGTTGATTTAGAATGGTTTTAAAGATAAACTCAGATGTCACACTTCGATGAACTCAGTGTGACATCTGTAAAATTATATCATACTTTTGATGATTGTTGTCTTACATTTACTTAATCACATTACCATCTGCATCAAGATATTTCACTTCACCTAAGCCAAGTTCCTTAATGCCAGCTTCAATTTTTGATTTATCACCGACAACAACCCAGATCAGATTATCAGTATGAATAAGTTTATCTGCGCATCTGCTCACTTCGTCCTTCGTAAGTGAACGAACCATACCTTCATACTTTGTAAAGTAATCATCGGGCAGATTATAGGTTATAATTTCTGTTAATGAACCTGAGACAGAGCCGGCAGTTTCCCATGTGCCAGGCAAACTGAGTGTACGTGAGTTTTTATCTTTCATAAACTCTTCATCGGTAATCGGCTTTGTGGATTTAATATCGTTCAGTTCATTAAGAACTTCCGTCATAGCTTCTTTTGTTTTATCTGTCTGAACTGGTGCATAAACAAAATACGGGCGCTGACCTTTAGCACCCCATAAAATTGAAAATGAGCCGTAAGACCAGTGTTTATCTTCACGAAGATTCATATTAATTCTTGAAGTGAAAACACCGCCTAAAATATTATTGAAACTTTCAATTGCGATTTCATCATCGGCGCTTCTGCGCGGAGCTACGTGACCTGCGAAAATTATTGACTGCTGAGAACCCGGTCTGTCCATAATATATATCACAGGTTTGTCGCTTCGTTTAACGTCCGTAACATTCTTTTGAGGAACGGTTCCGCTTTTCCAATCCTTAAATAACTTTTCAAGTTTGGATTGAACTTCACTCATTGTAATATCACCGACAACAACAAGCGTTGCGTTATTAGGTTTGAACCAGTCATTCCTGAATTTTACAAGATCATCTTTTGTAATGCTGTTCACAGATGCCTCTGTTCCGGAACCAGTAAATGAATTTCCATAAGCGTGATTGCTG
CP065001.1_gap6	133434	134303	869	ACAATGTCTAATGTTCCTTTTATGGCTACATACCAGGCACCGGATATTGCTTGTGATAAAGATTCAGTTTATTGCATGCTGTTACCGAATGTGAATAGCCAGGATAGCCTTGTAATTTCAAACGTAACTTCATTCAACTCTACACTGGATTATTCAGTTGAACTTACAAATAATACTTTCCCCGGAAATATGAGAGCGTACATCGTACCGATAAACGAAGATAAAGTGAGTTCCTTTGCGGATGATAAAAACTTTGTAATCAATAAAGCAGGAAGCAGTATTAAAGGAAGCGGCGGTCCTGATCTATTCGGATATGAATGGATTGACAGTGATGATCCGAATGGTCCGGACTATGTATGGAATGATATAGTTGCAACAGGCACACAGATTACAAACTGGGTATCAACTGGTTCCAGCGATCCTCGTGATGACGGTGTTGCAGGTCCATTCCCGCTTGGATTCAATTTTAAATTTTACGGTAATGTTAAAACACAGATTTATGTATATACAAACGGTATCTTCGCGTTTGAACCAATAACTGCTAACTGGTATTCTAACACTTCAATACCAACTGCAACAAGTCCCAACTCATTCATCGCTCCTTTCTGGGATGATCTTGATGGAAGAACACAGGGAACAGTCCATTACAAACAGGATGGAAATAAATTTATCATTCAGTTCACTAACTGGCAGAAGTACAGCGGTACAGGTTCACTTACATTCCAGGCAGTATTTAATTTAAACGGAAAAGTTCAATTCTATTACCAGACTCTTACAGGAACTTTAAATAGTTGTACAGTCGGTATTGAAAACGACTTAGGTACTGATGGTCTGCAGGTTGTTAGAGATGCTGCTTACTTAAAGAATAA
CP065001.1_gap7	174114	176988	2874	GAAGATGAATTCGGTCCCCGTTTCCCTGATATGAGCGAGCCATACAGTCATCAGCTTATAAATATTGCAGAAGAAGTTGCACTTGATAATAAAATTAAAATTCAAAAAGGTGTTTATGTTGCTGTGCCGGGACCCAATCTGGAAACAAAAGCTGAGTACAGGTTTTTAAGAGCAATCGGCGCAGATGTAGTTGGTATGTCAACCATTCCTGAAAATATTGTAGCAAACCACATGGGGATGAAAGTTCTTGGAATGAGTATCATAACAGATGAATGTTTTCCTGATTCATTAAAACCTGTTAACGTTCAGGAAATAATAGCTGCAGCCATGGCTGCCGAACCTAAAATGACTTTAGTATTGAAGGAAGTAATCAGGAGAATCTAACATGAAAAAGGGAAGATTGTTCAATTACTTTGTTGCACTGTTGCTTGGATTGCTTATGTTTGCATCCAACTTTTTGAACACAAGCCTTTTCAGCTTTGGTGATAACAATTTTGCAGTTTGGTTTGTTATATCAATACTGTGTTTTGCCTGTGGATGGTACATCAATAAAACACTAGGCTGGCAGTTTGGCGGTAAGGTTGTATTTGCAATGATTATTGCAGCAACCTTTATAAGCATTGTTATAATAACTTTTTTCCAGGAGTATTTTCATACAAGTGAATTGATAGCAGAAAACCTGATACTATACAGCTTAAGGAACATCACTCTTGGTTCAATGGCAATTTTCGGAATGGCTATTGTTGAAATTTTATCATTACAAAAAGAGATGATGCTTCTTAAAGAAAAGAATAAAGTGTTTGAGGATCTGACAATCGATGCAAAAAAGGAATCGGAACTGGAAATAAAAGAAGCTAAAGTGAGAGCAGAAAAAATAATGAATGAGGCTGAACTCGACTCAAAGAAAATCTTAATGATGAAAGAAAAAGTTGAACGGGAGCTTAAAGAGTTCATCCAGGCTGAAAAAGAATTAATAAAAAAATACGAAAACCTATAAGCAATATTTTTTGAAAGTAGTTCACATAAATGTTCAAGCAGAATTTAGATAAAGCGGGTTATCCTGAAATTGAAGAAAGAATATTAGAGTTCTGGAAACAAAATAAAATTTTTGAAAAAAGTGTAACGTCAAGAGACGCATCAAAGTCATTTACATTTTATGAAGGTCCGCCAACAGCAAATGGTAAACCCGGTATTCATCACGTTATGGCGCGCGCACTTAAAGATCTTGTTTGCCGTTACAAAACTCTGCAAGGTTACAAAGTTGAAAGAAAAGCCGGCTGGGATACTCACGGACTTCCGGTTGAAATTGAAGTTGAAAAAAAGCTCGGTATAAAACACAAAAGCGAAGTTATCGAATACGGAATTGAAAAATATAACCAGGCTTGCCGCGAATCAGTTTTTACATATTTAGACCTTTGGGAAAAAATGACAACCCGTATGGGTTACTGGGTTGATCTCGATTCCGCTTATATCACACTTACAAATAATTATATTGAATCTGTCTGGTGGGCACTTAAAACTCTTTTTGATAAAGGACTTATTTATAAAGATTATAAAATTGTTCCGCAGGATCCTAAATCAGAAACAGTTCTTTCATCACACGAACTTGCACTTGGTTACCGGGAAACTAAAGACCCGTCAGTTTATGTTCTCTTCAAAATAAAAAATAAAGATGAACACTTTCTTGTATGGACAACAACTCCATGGACATTGATCTCAAATGTTGCACTTGCTGTCGGCGCTGATGTTGACTACGTGAAGATAAAAAACAAAGGAAAAGTTTTAATTCTCGCCAAAGCCCGGTTAAGTGTTATTGATGACGAATATGAAATCATTGAAGAGATGAAGGGTTCATCACTTGAAGGAACAGATTACGAACAACTTCTACCATATTGCAGTGTTGATAAAAAAGCCTTCTATGTAGTAAGCGGAGATTTTGTTTCCACAGAAGATGGTTCCGGTATTGTACACATCGCACCTGCGTTTGGTGCCGATGATTATGAGTTGTCGAAGAAGTTTGGTTTGCCAATGCTTCAGCCTGTTACACGCGGCGGTTTGTTCACGAAAGAAGTAACCGACTTTGAAGGACAATTTGTTAAAGATGCTGATAAGGACATTATCATAAAACTTAAAGAGCAAGGTAAACTTTATAAGAAGGAAACGATTGTTCACTCTTATCCTTTTAGCTGGCGGCATGAAAATGTTCCCGTGATTTACTATGCGAGAGAATCATGGTTTATCCGCACAACTGAAATTGCAAACCGGATGGTTCAGTTAAATAAAACAATTAATTGGCAGCCTCCGGAAGTTGGTTCTGGAAGATTCGGCAACTGGCTGGAAGAAAACAAAGACTGGGCTTTGTCACGTGACAGATTCTGGGCGACACCGTTACCAATATGGTTAAGTGAAGACGGCGATGCATTTGCAGTTGGCAGTATTGAGGAACTTAAAAAAGGTTTCATTGAAGAAAATGGTAAACGAGTACCGGTTAAAGATGTAGCGGACATCGATCTTCATAAACCTTTTGTCGACAAAATATTTTTTGAGCGTGATGGCAAAATTTATAAACGAACACCTGAACTGATTGACGTGTGGTTTGATTCAGGGGCAATGCCATTTGCACAATATCATTATCCTTTTGAAAATAAAGAATGGTTCGAAAAGAATTTCTTCCCGTCAGATTTTATATGTGAAGGAATTGACCAGACAAGAGGATGGTTCTACACACTTCATGCTATCTCAACAATGTTGTTTGACAGTGTTGCTTACAAAAATGTAATTGTTAACGAACTCATTCTTGATAAGAATGGCTTGAAGATGTCCAAATCAAAAGGCAATACAGTTGATCCGTTTATGCTTTTTGATAAGTACGGT
CP065001.1_gap8	178321	179426	1105	AAACTTCCACCAAAAAACCGGCAGCTAAAAAAGCATCACCTAAAACTGCTAAAAAGAAAACAGTGCTAAAAAAAGCTGCACCAAAATCTGGCGGTAAAACAATCGTCAAGAAGAGCGCCAAAAAAGCAGCTCCTGCAAAGAAAACAGAAAAGAAAAAGGTTGTAGCAAAAGTGAAAGAGACTAAGAAAAAAATTGTTCCAAAGAAAATTACAGAGAAAAAACCACTGAAAAAGATGACAGAAAAACCGAAGAAGAAAGATGTAGTTCCTGTTGTTGAAGTTATTTCAACAGCGGAATCACGTGCAAAAGCAATTGAAAAGATCAAAGGTTACGGAAAAAAGGATCTTGAGCATTTCAAAGAAATTATTCTTGAAAAGCGGGATGAGATTATCGAACAGCTCCAGAATCTTAAAGATCAGATGCTGGACCCGACGACCGGAGAATATATTAATGAAAATTCTCCATACTCACTTCATATGGCAGAACAGGGAACAGATGCTATGGAAAGGGAAAAAACTTTTCTATATGCACAAAGGGAAAATAAATTCCTTGGTTACCTTGAAGACGCATTAAAAAGAATTGAAGCAGGAACATATGGTATTTGCATTGAATGTATTGAAGAACCTCAGCATCTTTGTGATACCTGTCCGCTGATTCCAAAAGCAAGGCTTGAAGCTGTTCCTCACAGCCAGTTATGTCTGCCAATAAAACAGCGACAGGAAAAAAAATAAATTAAACGATCTGATGAATCCGGAACTACCGGCTTTGAATGTTAAGGTAAAAGATTGAAAGTTTTAATAGTTTCATTATGTATTGTATTAGTTGACCAGGTATCCAAACTTATCGCCCGCGGAATTTCAATACCCTTTCTCGGCATTGACTGGCAGGGATTAAATCACGGGCAGCGAAACACTGTTTGGGGAGATGTATTTAATATTACGCTTGTTGAAAATCCTGGAATTGCTTTCGGGATCAACCCGGGCACTGAATTAAAACTTGTAATATCAATTCTTACACTTGCTGCCTGCATAGGTCTCTTTATTTATCTGTATAAAATCAAAACCGAAAAATTATCATCTCGTTTTGCCATCGCTATGATTCTTGG
CP065001.1_gap9	321602	323822	2220	ACATTTGGATCTCAGGGAACTACAATCACTATTGTTGATAGTGCTCATTATAATACTATTCATTCGATAGCTCTTCAAAGTGATGGTAAAATTATTGTCGCTAGCGGGTATTTCGGAATTTTAGCGAGATACAATAATGATGGTACTCTGGATAACACATTTGGTATGAATGGATTCATACAAACTGAAGCTGATTTTCTGGAGTCTGTAGTCATACAAGATAATGGAAAAATTGTAGCTGTAGGAAGCAATAAATTAACCAGTTCTGAATATGATTTCATTATCGTAAGATATAATCCTGATGGGAGTATTGATTCCACTTTTGGATCTAACGGGTTGGTTACAACACACACCGGTGCAGAATGGGAAAGCTTTTTCACAGTAAAGATCCAGGATGATGGTAAAATTATTACCGGTGGTTTAAAAGGTTTACCCTATGCTGAAAAAGATGCCGTATTGATGAGATTCCATGAGGATGGTAGTCCGGACAATTCATTCGGTGTAAACGGCATAGTAATAAGTCCAACTCTTGAAATAGTAAATTCAATACAGTTACAAGCAGATGGTAAAATTGTAGCTGGAGGTAACGTTGATAGTGTATCACAAAACAGTAAAGACTTTGCACTGACACGCTATAATACCGATGGAAGTCTTGACATTTCATTTGGTGATAATGGAACCGCGATAACAGTTTTTGAACCAGTCGATTTACTTGATAATGATATTCAAAAGGTTTTAATCCTCAGCGATAGTAAAATTGTAGCAGCAGGATCATCCTCTTATAGCGCAAATGTTAGAAAAAATGTTTTGATAAGCTACTATGGCGGTTCAAAAATAATCGGGAACTACTATTTAAGCTGGCTTCACTCTGTAAGTTTTCAGGGTTATGAAATTTATGCTCAGAAATTAGATGTGAATGGAAATTTATTATGGACACAAAACGGCATACAGGTTTCAAATAGTTTAACCGCTTATGCTGATGATGAAACCACACACCAGATATTTTTTAATGGTGAAAATATACTTTCAACCTGGCAGGATACACGGGCAAATACAAATGGTATCTATGCACAATTAATTTCTCAGGATGGTCAACTACTTTGGGGAAACCAGGGAATGCGGGTTTCATCACTGACCGCAAGAATGAATTTTGTAAAATCACAATCGCAGTTAGACGATGCTGCAGTCATTATTGCATTTCACGGAAATGGAAATCCTGTCGGAACATTTTCAAATGTTTATGCAAAATATATTTCATCGGAAGGAGTGCTGCCAGTTGAACTGACTTCCTTCAGTGCAGAATTAATTGATGACGCTGTAAAACTAAGCTGGGTTACAATGACGGAGGTGAATAATTTTGGCTTTGAGATTGAGAGATTGACTGAGATCAATCCAACCTGGCAAAAGATAGGATTCGTTGCGGGCAATGGAAATTCAAACACGGTAAAAACATATTCATTTGTTGATACTGATATTACAGCAGGCAGATATGTTTACAGGTTCAAACAGATAGACAATGACGGGAGGTATGAATACTCTCAAGAAATCGAAATAAATCTTGGAATGCCGGATGCATTTTCATTGGAACAGAACTATCCCAATCCATTTAATCCTGCAACGACAATTCAATACACAATACCAAACGTAGAGACGAGGGACGCCTCGTCTCTGCACGTGATGTTACAAGTCTATGATATATTGGGCAGCGAAATAACAACATTGGTAAACGAAGAAAAACCCGCCGGCACTTATGAAGTTGTTTTTAACGCGAGTGACTTACCAAGTGGAGTTTATTTTTACAGCCTTTCTGCTGGCAACTTCAAACGGACAAAGAAATTTGTATTAATGAAATAGATAAAGTGAAACGTCAAGGGTCAAACGACAGACGTGAGATGAATAAGAAGGCGATCATAAATGGTCGCCTTTTTTGTTGGGGGAGAATTTTTTTTAACCACTCAGGCACTAAGAACACTGAGAAGCACTAAGGAAGAATTGAACGAAGATAGTTACAGGTTACTAAATGCTTGTTACTTGATACTGGTGACGAGATCCCGGATACCTGATCTCAAATACATTTTTGTAAAGCGTGATTGCTTAATCTTTTTATTCATTCAGTCATTCAATCAATCAGCCATTCATCTTTCCGGACTCAGCCCTCCAAATTAAACACTTAACATTTAGTATTTAACATTTGAAATTAATTTCCCGTTGCTTTAAGTT
CP065001.1_gap10	350508	352508	2000	TTTACTTCCTTATTCAAGATTGAAAATATCCCCGGGTAATTCTGTTGCGAACGGTAAACTGCGCGGACTTCGCCTTCACAAAGATTTTTTCCCTGAACTTGAGCGGCTGAACCCTGATTTTATTCAACGGTTAATTGGTTATATGACCGAACGTGCAAGAGCCTTTGCAACAACTCAGATGCAGCATGAAAAAGTAAGTGCGTTGGGAAACCTTGCTGCTGGTATTGCACATGAACTTAACAATCCTGCATCCGCAATAAACAGGATATCCTATGAGTTGACAAACCGGTTGTTTCTTAACATAGAACTGACAGAAAAACTGTTGAGTTCAGGCATAGATCCTGACCATATAAAATATTTCAGAAAGAAAATCGAATCGAAAGATAATTCACCCCAGCAAAAACTAAGTGCATTACAGCGGATGAATAAAGAAGATCAGTTAATAAACTGGCTTGAAGAAAAAGGACTTCCTGTTGATCAGTTAGTAGTTCAGACTTTTACTGATGCAGGGTTCTCCGGCAAAGATCTTGAATCAATGGATCAAAATATCCCGAAGGAAAATCTTTCTCAGATACTGATGTGGATTGAAAACCTGTTAAGCTCCCAGAGAATAATAAAAGACCTCGGTGAAGCATCAACAAGAATATCAAATCTTGTCGGCGCTATTAAAAGTCATGTTCATATGGACAGGACAAATGAATTGCAAAGCACGGACATTCATAAAGATATTGACAACACTCTTACTCTGCTTGGTCACAAACTGCGCGATAAAAATATCAAAGTAACAAAAACTTTTTGTAATGATCTAAAAGAAGTCCCGGCGTATATCGGTGAGCTGAACCAGGTTTGGACAAACATTATTGACAATGCTATTTATGCGCTTGGGGCAGGCGGTGAGCTTACAATCGAAACAACTTGTGATAGTAAATATGTTAACGTTAAAATAATTGATAACGGATCAGGAATTCCCCAGGAAATTTTATCAAGAATATTTGATCCTTTCTTCACTACAAAAAAAGTTGGTGAAGGAACAGGCATTGGACTCGACCTTGTAAAGAGAATTATCAAACGTCATAATGCCGAAATAAAAGTTAACTCAAAACCGGGAAGAACAGAATTTCATATCTGTCTGCCTTTATCACACGAAAAACATTCAACAACATGAAACTTCCATTAATAATAATCGTTGATGATGATGAGCAGGTGCTAAGAGCAATTCAAAGAGATGTCCGCTCAAAGTATCACACTGATTACAGGATAACAGCTACTGATTCGGCGAACGAAGCTCTTGAACTTATTAAAGAACTGAAATTGAAAAATGAAACTGTCGCTTTGTTTATCTCCGATCAGCGTATGCCGGAAATGGAAGGCGTAGTGTTTTTGGAAAAAACAAAAGAGATTTATCCCGATGCAAAATTAGTTCTGCTTACTGCTTACTCAGATATCGAAGTTGCGATTAAAGCGATCAACGAGATTAAACTTAATTACTATTTACTGAAACCATGGAATCCACCCGAAGAAAAACTTTATCCTGTTGTTGATGATCTGCTTGAAGAATGGCAGGCACAGTACAAACCGGACCACGAAGGCATACGCATAGTTGGTTTTCAGTGGTCACCCAAATCTCATCAGCTTAAAGAATTTCTTTCAGGAAATCTTATCCCGTATATGTGGATTGATGTTGAAACCAATCCTGATTCCGAAAAATATCTCAGGAGTACCAATGTTAATCGTGATAACCTGCCGTTAGTAGTATTGAAAGACGGTACGTGGGTCAGTGATCCATCCCTTCCTGAAATTGCTGACAGGATCGGACTTCAACAAAAAGCATCTCAAAAAATGTACGATGTTCTTATCATTGGCGGAGGACCTGCAGGTCTTGCAGCCTCTGTTTATGGATCCTGCGAAGGTTTAAAAACTATATTGATTGAAAAAAGTAATCCCGGCGGACAGGCAAGCAGCAGTGCACGTATAGAAAATTATCTCGGCTTTCCTACAGG
CP065001.1_gap11	405165	407756	2591	AAAATGTATAAGTATGACCCAAGCAGGAAAATTCAGGACTACCTGGTTTTTGGTGAGTTCGGTGATGTAAATCCATCAATTACTGATTCATCAACATTTACTTTTATGAGTCCGGAAAAAATGAACGAACTTTTCGACCACGAAATAGAAGGATGTTTTCTGTACTCACGTCATTGGAATCCTTCAAACAAATATCTTGCTGATGCACTTGCCCGGCTTGAGGATAGTGAATCAGCGATTGTTACTTCATCAGGAATGTCTGCAATAAGCTGCACAATTTTGCAATTGTGCAATTCGGGTGATGAAATAATTTCAAGCAGAACTATCTACGGCGGTACATATGCTTTATTCAAAAATTATCTTCCTAAGTTCGGGGTTAAAGTCAGGTTCGTTAATACACAGGATCTTAAAGCCGTAAAAAATGCGATTACAAAAAAGACCAGACTTATTTACTGTGAATCAATGAGCAACCCGCTACTTGAAATAGCTGATATTCCATCTCTGAGTAAAATTGCAAATGCTAATAAATTAAAACTGATAGTGGATAACACATTCAGCCCGATCATCATTTCACCAATAAGACTTGGAGCTCATGTTGTTATTCACAGCCTGACAAAATTTATTAATGGAACGAGCGATTGTGTCGCAGGTTGTGTTTGTTCAAGCCATGAATTTATTTCACAATTGACAGATATTAATTCCGGCTCGGCAATGCTGCTCGGTCCGGTGTTAGATAGTTTCAGGGCGGCAAGCATACTTAAAAATTTACATTCACTTCATATCAGAATACACAAGCACAGCCAGAACGCTTTGTATCTCGCGAAAGAATTTAAGAAAATCGGGTTGAAGGTTTATTATCCCGGACTGCCGATTCACAAACAGCACAAGCTCATGAAAAAAATAATGAATAGAGATTTTGGTTTTGGCGGAATGGTGGCGGTGGATGCGGGTACATCAGAGAAAGCCGATAAACTGCTTACGAAAATGCAGGAGGAAAAAGTCGGATATCTTGCAGTAAGTCTTGGTTACTTCAAAACACTGTTCAGTTCTCCGAGCCATTCTACATCTTCCGAGATTCCTGAAGATGAACAGAAGAAGATGGGTTTAAGCAGCGGCTTAATCCGCTTTTCAGTTGGACTTGATGAAAACATGAAACAAAGTTTTGAAAGGATTAAGAAAAGTATGAAGCAGGTAGGGGTGATTAAATAATTTTGATTTACAAAGAAGCTGTACACTTGCTTACAGCTTCTTTGAATTAATAAGTTTTCAATTTCAGTACAAATCAAATCGTTAAAAGCTATTCTTAAATAATTTTAATATTTTAGTAATAGATTTTTTAATAAATGAAATGAGCTGAATGAACAAGCAGGTGCAAAAAATCGGGCTTATACTGGTGCTTATCATTTTACTTCCTGCAGCCATTTTTACAGTTTTCGAAATTACATCACTCGATGATAATGAACGCGTGATTGAAGAAATTTACCGCAATCAGCTTGAAGCGATTTTATACTCCGTAAATCAATACTCCGAAGACGCGGCGAGTACGTGGGCAAACAGGATAGATAATTTATTTTCAGGCTGGAACATTGAAAATAAAAGCTATGACTGTAGGGAGTGTGAAAGATTTTTAACTGAGAATAATTCCATCACAGGGATATTCAAATCAGATACTTCTCTTTCCGGAGTTAACAGATTTTTTTCGTCTGGTTTGAAAGACAATTCTTCTATTCCAATTGTCTCAGGGATTGAAGACTCACTTCAAAAGAAAATTAACAATTTAGTACAAACCAACAGAGCAGGAATTGAACGACTGCTGTCTTATAAATCGGGAGGATACAGAAAAATACTTCCTGCTGTGACTGGAGATGGTTCAGGAGAATCGATCCTTTTGTTTATCTCCGGGGATAATTCTACTACAAGGTATTTATATGGAATAGTTGTTAATGCAGAAACATTCATTGAATATGTACTTTCACCCAAGATACAGGAAATTGCCCGTGATGAGTTTACTATTTCAGTAACAAATGAAAAATCCAAGCAGCTTGTTTATACATCCGGAAAAGAAAGCGGTGAAACAATTCAACAGAAAAAAAGTTTATGGCTGCTTCCTGAATATTCGCTGGGGATTGCGCTTCGTGGTAATACTATCGATGACATCGTCAGGGAAAGGATGTACATCAATCTTCTGCTGATATTAATTTTAGTACTGACACTAGTTATTGGCGCGTGGATAATATTCAGGAATGTAAAACGCGAAGTGGAACTCGCACAGATAAAATCAGACTTCGTCTCAAATGTTTCGCATGAACTGAGAACACCTCTTGCATTAATAAGTATGTTCGCCGAAACACTTGAAATGGAAAGAGTAAAAACTGAATCCAAAAAGAAAGAATATTATTCAATCATAAGTCATGAGGCGAACAGATTAGGAAGGATTGTAAACACAATACTTAATTTCTCGAAGATGGAAGCAGGTAAACGAAAATATACTTTTGCGATGGAAGATCTTAATGATATTGTTGTGTCGATTTATCAGAACTACAGCTACCATCTGTTTAATAAAGGATTTGATTTTGAATTTGAACCAGGGA
CP065001.1_gap12	548865	550492	1627	CCAAATGGCGGCGATCTTGGATTTTTTGAACGCCGGCAAATGGTTAAAGAGTTCGATGAAGCTGCTTTCAAAATGAAAGTCGGTGATGTGTCTGATGTAATCAGAACGGCTTATGGTTATCACATAATTAAATTGACCGAGAAAAAAGCATATCCTTCATTCGATGAAGAAAAAGAAAACCTTAAAAAAATCTATAAGCAGACTCGCTACCAGTCAGAACTTGATAAACTGATGACATCATTAAAAGGAAAATTCAGATATAACCTTAACGAAGATAATCTGAATACTATTGTAGCAAAAAGTGACTCAGTAAAATTCAGTACCATGCATCCTAAAATGGAAGAGTTAAAAGACCTGACCGTCTTTACGTACAGTGGAAAAACTTACCCGGCTTCAAAACTGTTCGAGATTCAGGGAAGCATGAATGATTTTTCAAACAGGTTTATAAACATAACCTTACTCCACGATGCAGTAAAAAAAGCTACAGAAGATGTGCTGCTTGAAGAAGAAGCATTGACTTTGGAAAAAACACGTCCGGATTTTGCAGCATTGATGGATAATTACAGAAATGGTACTTACATCTTCAAAATACAGGATGATGAAGTCTGGAAAAAAATCGAGATTGACAGTGTAAAACTTTACAATCATTATCAGCAGACAAAAGAAAAATATGTTTGGCCTGACAGAGTTCGTTACAAAGAAATTTTTGCAAGGAAAGATTCGGTGATAAATCATTATTATGATTTACTTGTTGCCGGAGAAGAATTCGACTCACTTGCATTCAAATACACTGAGCGACCAGGCTTCAAAGAAAAACATGGAGACTGGGGAATGGTTGATGTCAACTCTTCGGAAAATGCAAAGCTTGCATCTACACTTGAGAAACCCGGTCAATACACCAAACCTGTGCAGAGTCCAAACGGTTATTCGATTATTATGCTCGTCGAAAAAGATCCTTCTCGCATAAAAACTTTTGAAGAAGCAAAAGCAGAAGTTTCCGGTTCATTCCAGGAACTTGAAAGCAAAAGGCTTGAGCAGGAATATATCGAATCATTAAAGATGCGGTACAAACCGGTAATCAATTACGATAAACTTGAAAAAGCATTTAAACAAAATTAAATTCAATTCAATAATATTCATTATCGCAGCTCTAATTTGGGGCTGCGATAATGAAAAATCCCGAACCGATTACGTAGCAAAAGTAAACGACTCCTACCTCACCGGTAAAGAATTAGCTGAGTTAGCCGATACTTCAACCGGGAAAAAGTATTATAAGAATGAAGTTATTAATAACTGGATAGAACGTGAATTGTTATACCAGGAAGCTGTTAAGGAGGGTATAACAAACGAAGAATCCTACAAACAGCTTATTGAAAACAGCAAAAAGGAACTTGCGGTATCGATGTATCTGAATAAATACCTTGAAGAGGAAACGATAAGATATACGCGAAAAGATGTTGAGAGTTATTTTGAGGAAAATAAAAATGACTTTAAACTGATAGCCGATACCTATATTATTAACCGTGTTGATTTTATAAATGAGGATAAAGCCATACTCTTTCGTAATACTGTGATTGAAAGCAACTGGAACAAAGCCCTGAACAGTTTTAATTCCGATTCAGCTTTC
CP065001.1_gap13	567957	571504	3547	AAGGTTTACCAGCAATCGAAAGAAAAAAAATATTTTATAAAGGTAAACTTCTTGATGAAATGGATGTGGATTCAATTCATCTTCACAAACCTGAAGTAGTTCTAGTTGATGAACTGGCTCATACAAATGTTCCAGGCTCTAAAAATGAAAAACGCTGGCAGGATGTTAAAGAACTTATTGAAGCGGGTATAAATGTTATAAGCACCGTAAACATACAGCACATTGAAAGTATAAATGAAAATGTTGAAAAGATAACAGGCATTAAGATCACTGAAAGAGTTCCCGACAGCATTATTCATTTAGCTGATGAGGTTGTTAATGTTGATCTTACAATTGAAGAACTGATCGACAGGCTTGAAGAAGGGAAGATATATGATCTTAAAAAAGTACCAATCGCTCTTCAGAATTTTTTTCAGAAAGAAAAACTCTTACAGCTTCGTGACCTTGCATTGAAAGAAGTATCAAGGCAGGTGGAAAGAAAAATAATCAAAGAAATTCCATTACCTGACCGCGAAAAAATTAATTCTATAGTAACTGCACTAAGCAGCAACTATGAATCGGGTAAAAGACTTATAAGAAAATCATCGCGGCTTGCCGCATTGTACAATTCAAAATGGTATGTTGTGTATGTTCAAACGGATAAGGAATCATCAGACAGAATTGATACAAAACTTCAGCGCCTGCTGTTGAACAATTTTAAATTAGCTGCGGAACTCGGTGCTGATGTGCAGGAGATTACCAGCAATGAAGTAGCGATTTCAATTGTTGAATTCGCTAAAAAGAAAGAAGCATCATTGATAGTAATAGGTAAACCTGTGTTTTCAATTCTTTACAGGTTAAAACTAAAAAATTTTTTCAGGGAACTAACTTCGCTTACATCAAAAGAGAATATTGATATTCTCATGGTTTCATCAAATGAAAACGCTAAAAAATAAAATTAACATCGGGGTTATCTTTCTTTTCTGTGTTGTGCTGCTTGTAAGCATACTCAGCATAGTCTTTATTAACCAACTCGCACAAAAAACCAAAGGTACAATCGTTGATAACTATGCATCGGTTGATTACATGCTTGACATGCTCACGAACCTTAGTGATATGCATACATTGCAGGTGGAATCACTTGTCGGAAAAAAAGATGCAAGTAAGAATGAAATCAAAGTTTATACTGATTTCAAGAATGCATTCGAAATGAATCTCCAGGATGAAACAAATAACATAACGGAAAAGGGAGAAGGTGATCTGGTTGACGAACTTCATTCAATGTATAATGATTATCTGAAGTATTACGATACTTTAACACTCAACAATGAATCAGGAATAGAATTAGAAGTGTTATATGAAAAATATTTGACGCTCAGATCAAAGATACTTGGCTTGTATAAGCTTAACATGAATGCAATAGTAAATAAGACCGGCGAACTTCAAAAAACTGCTGATGAAGTTATTCTCTATATGTCTATTGTTGTAACATTGAGTATCCTTATCACGCTTTCTTTCATTTATAATTTCCCTTCTAAAATAATTGAACCGATAAAAACTCTTACCGACAGGATCAAAGCCATCAGTGAAAGAAATTATGATCAGAAACTTGAACTTAATTCTAATGATGAACTTGGCGAACTTGCCGCTGCGTTTAACATAATGGCCGAACGACTAAAAGTTTATGAATCAAAACATATTGATCAGTTATTGTTTGAACAGAAAAGAATGAACTCGTTAGTTGAAAACCTTGAAGACGGTGTTCTGTTAATCGATGAGAACAGTAAAATTGTAATCGCTAATAAAACACTTCTTGAAATTACCGGATTAAAAAGAAATGAAATACTGCTTCATTATATAGCAGAAGTTGCAGACAGCAATGATCTTATAAGGGAAATTTATAACACGAGCAAAGTTCTTAATGAAAATTCGCAGTCAGAGATTAAGCCAATCAGGATAATTAAAAATAACAAGGAGGTGTTTTATAAGATTGAGGCAGAAGATATAATTAGTTTTTCAGAATACTCCCAGCAGGAAACATTCATCGGTAATCTTATTCTGCTGCGTGATATTACTCATTACCAGGAGCGCGATAAAGCTAAAACAAATCTGCTGGCAACTGTCTCGCATGAATTAAAAACCCCATTAGCATCAATCAATCTTAGTTTGAAAATGCTGGAAGATAAACGTATCGGTCAATTAAATTCAGATCAACAGGAATTGTTAGACGCTTTACGTCAGCAGAGCAACAGGCTTTCGCGTGTAATAAATGAATTGCTTGACTACTCGCAGATTGAAACCGGTAATATCAAACTAAAATTTAATTCCGTTCGTCCTGAAGATATAGTTGAACTTGGAGTAACAGCTTTAGTGCTTCAGGTTGCCGATAAAAGCATAGATATGGAAATTAATATTGATGAAAATCTCCCTTCCATTAATGCTGACGTTGAAAAAACAGTTTTTGTTTTTGTTAATCTTCTGAACAATGCAATACGTTATTCGAAACAGAATGACAAAATTGTCTTGTCTGCAACAAAGGTTAATAATGAAATTAGATTTTCTGTTATTGACAATGGACCGGGTATTTCAAAACAAGACCAGGAAAAATTATTTCAAAGATTTTCTCAGATAGGAAATAAAACAAAACAGGGATGGGGTCTTGGTCTGGCTATATCAAAAGAATTTATACAGGCGCAGGGAGGCAGTATATGGGTCGAAAGCGAAACCGGGAAAGGAAGCACTTTTTATTTTAGTCTTCCTGTTAAGGCCTAAGTAAAAAACTTTGTAAGTTTATCAACAGCATCCGGCAGGGAGAACACAACTACTTTATCATTTGCTCTGATCTGAGTTTCACCTATAGTAATAAAACTTTCATCACCCCGAATTATTCCGCCAATGATTGCTTCTTTAGGGAAGTGAAGATCTTTAACTGGTTTTTTTGTAGCCGGTGAGTCCGGCGCAGCGCGGTATTCAAGTACTTCGGCATCTATACCTTCAAGAGTTGCAATCGCAACAACTTCACCTTTGCGGATAAATCTTGAAATGTTATTTGCTGCAATAAGTTTTTTGTTGATGAGTGAATCAAGTCCGATAGTTTGTGTTAGAGGTATGTAATCAACTTTATCAACAAGCGCGATAGCTTTTGTAACTCCAAGATGCTTTGCCATAAGGCAGGAAATAATATTTGTTTCAGCGTCTTCGGTAACGGCAATGAAAGCATCCATATCTATGATTCCTTCCTGCGCAAGAAGGTCAATATCTCTTCCGTCACCTTTGATAACAAGAGTCTTCTGAAGTAAGTCCGCAAGTTCAAAACTTTTTTCCTCGTTTGATTCAATCAGCTTTACACGCATTTTATCTTCAAGCTGTTTGGCAACGCGTCTTCCTATTTTTCCGCCGCCGAGGATCATTATATCTTCAAATTTCAGGTTTTGTTTTCCTGAAAGTTTAAGTATCATTTCAATGCCGTTGGGTGTTGTTATGACGAACACCTGGTCATTTGGAAGAAAGGTATCATTACCTTTGGGTATAATTGTTCTGAAGTTTCTGTGAATAGCAACTATTCTGA
CP065001.1_gap14	587723	588444	721	TTGTAGTAATAATAATACAACTAAGCTGTAAAGAAGATGGAATTGCTCCACCACCAAAGAATAATCCACCCGGCTGGCAGGAAGATATTCCCTGGCCAAGTTTAGCCGATAGTCCCTGGCCTATGAATCATCACGATCCGCAGAATACAGGAAGGAGTAAAGGGTTGGGACCGCAATTGGGAATATTAGAAACAGTTATTACTACGCCAGAATTGTATTCTGGTTTCGCAATTAGTAGTGATTCGGTTATATATTTTACTTCATCAGATCGAAGCAACGGTGGGCTTTTTGCTTATAGCATTGACGGTCAAATGAAGTGGTTTTCAAGTGAAGGGGGTAGGTCGTGGACCGCTCCAATATGCAGTAAGGATGGAACAATTTATTATTTAGGGCAGGGAGCATTGGTTGCTATCAATCCAAATGGCTCATTAAAATGGGAATACCCTTATCAAAATCAGACGATGAAATTATTTTCGATGGATAGAGTTGGAAATCTCTATTTCTTAGATGGATTTGAAAATCGATTAAAAATTATTAATCGATTTGGAAACTTGGTTAATTCAATCTCCGATCCTGATTTTTCATCAGCGTTAAACCTTAGCTTCGCAAATGATCTATCTTTTTCACCAGATGGCTTGACGTTGTATATTAGTGGAGCGGGCTCAGCTCTAACAGCAATAGATATAACTAATCCCAAAATAAAATGGCATTTTGGAATTGT
CP065001.1_gap15	595053	599906	4853	TTGAGTCACCGATTTACATTGATGATACTCCCGCTCAATCAATACTTGAAATAAGAGCTAAGGCAAGACGGCTGAAAGCTGAAAGAGACATCGGGATGATCATTATCGATTACCTTCAGTTGATGCAGGGACCCGCAAAAGTTGAAAGCCGCGAGAGAGAAATTTCACACATCTCGCGTTCACTTAAAGCACTTGCAAAAGAATTGAAGATACCCGTTATAGCACTCGCACAGTTGAACCGTGCAGTTGAAGAAAGTAAAGACAAACGTCCGCAGCTTTCAAACCTGAGAGAGTCAGGATCAATTGAACAGGATGCTGATGTTGTTCTTTTCCTTAACAGACCTGAATACTATGGAATAAAAAATTTCAGTGATGACGGAAGCTCAACCGAAGGAGTTGCGGAAGTGATAATCGGAAAACAGCGTAACGGTCCGGTTGGTGAAATAAGACTCGCGTTCATAAAAGAATACGCGCGGTTTGAAAATCTTGAACGTATAAGGCAAATCGAAGAATACTCCGTCGTTCCTACCAGCGAGGACATCATTTAAATAAAGTTGAGTGTTGAATTTTGAATGTTAAATTTTTTGAAACTGTTTTCATCATTACCATTTGCATATCAGTTAATTCACTTTTAATTTCTCAGTCATTTTCTGATAACGATGTTGTGATATGTGATTCAAAATTTAGAATGGCTGTTGATAGTTCGCTGCATTCGCTTCCTTTGAATGAGATAATGGTTAAAGTTGGTGAGTCGTTTATCGGTACACCTTATGAAGCATTCGCGCTTGAGAAAGACAGCGTTGAACAGCTTGTAATTAATTTTTCAGGATTAGATTGCACAACCTTCATTGAAAATGTGCTCGCGCTTTCACGTTGTATAAAGAAAGAAAAATATTCATTTGAAGATTTTCAAAATGAATTGCAGTTGATACGTTATCGCGATGGGGTAATCCATGAATATCCTTCACGCCTTCATTATATGAGCGACTGGATTTATGATAACGAACAAAAGGGTATTGTAACAAATGTAACTGATGACATAGGCGGAGAAAAAACAAGATTCAGGTTTAACTTTATGTCAACGCACCCGCAGAGTTATAAACATCTTAAAGACAATCCCGGGTTTGTTTCTGAAATACAAAAACAGGAAATGGAGATAACAAGGAGAGATCATTATTACATTCCTAAAAGCAGGGTCGGGTATTTTGAGAACAAGATCAACTCCGGTGATATAATATTTTTTACAACTTCTATAGAAGGGCTGGATGTAAGTCACGCAGGGCTTGCGGTAAAAACGGAGGGCGGTAAAACACATATTCTTCACGCGCCAAATAAAAACCTGAAAGTCCAGTTGACTGAAAAAACTCTTGTCGATTATCTCAAGTCAAACAAAGGAATGACGGGGATAATTGTTGTAAGGGCTGCGGAGTAGCGGCTTTAATACACAAAGTAAGAAGTTTAATGGTACACTGATCAGCGGGTAATAGCAGTGCTTTATGATGGTTATGATCTCCACTGATAAAAAAACATTAATAAATCTGTCACTAATTTTTCTGGTTATAATATTTATTGCCGTTAGTTTTAACTGACGGAGGAGTGAACAGTATTGTATTGACTTTAGTCACATTCTAAAATTTATAATGCGGCTAAAGCCGGTGTTACCTGTTTATATTCATCCGTCTGCTGAAGCAGACGGAAATAGAATTAAAATTGTTATACCGTGTTTATGTCTGAAAAAACTTATTCATAATTGAACCTACTTTCCAACTGCACTATACCGAACGACCCTTTCCCCGTTTCACCCATTCTCCCATTCTTTTCTCCTCCGCCTTAAATCAATTTCCCCGTTTCTCTCATTCAACAATTCCATCATCCATCACACATCATACCTCATCCATTATCCATTTGCCCTTTGTTTCCCATTGCATTAAGTTGCTATTGAATTTATAGTGCGCCCCAGTTACCATAATCCAGAATCCCGGGGCAGAGCTTTGTGGCAGTTGTACAGGTTGTGCTTGTATGTGGAAAGCGAGTCGGGAGAAAATATTTTACGCGAGAAGTTAGATGAAAGAAGCGAAAGGTTTTTTGCGGGATAACATTCTTTAATATAAGTCATGTTATACCGAAGAAAATTTTGAATTTAATTTGAAACAGATATTTTATTTGTAATCTAACATGCCAGCCGCCGGAATGTTAGACTGAATGGTGGCGGGATAAGTATAAGTTATATGCTCAAATGAGAGTTGAATGGAGAGTTTAAAAATATTACTTGAAAAATATAGTCTTGGTGATTTAGCAAGTATCTTTGGACTAATTATTACAATTATTGGATTTGTAATAACATTTATTAAAGTAAGACAATCCAAAAATGCAGCTGAGCTCGCACAAGTAATATCTTTGAAATTAAGAGAGGACCTTCAAAGAACCGATACTGTTATTGAATTTTCCGCTGCAATTATTTCGATGGACGAAATTAAACGTCTCCATCGTCAAAGAGCTTGGGAAATATTACCAGAAAGATATACTTCTTTACGTAAATCACTTATTAGTATAAAATCTAGTAATGATAAACTATCAATTGAACAAATGCGAAAACTTCAGTCTGCAATTCAAAATTTGAAAAGTATTGAAGAACAAGTTGATTTTGCAATTATTCATAAAAAAGAACCAGATAATGTTGATAAATTAAATAAAATAATTGCGCTTCAAGCAGATAAATTAACAGAAGTTTTAATTGAAATTAGAAATAAAATTGGGACATAAAAATGGAAAAAAATAAGCTCATCACTTTAGTTGAAAAACTTTCTTCAAGAAGTATTAAAGGCGAATTAGATTGGGAACAAACAGATAAAGAAGGGATATTTCAACTTACTCTCGCTAAATATACAATAAGAATATCTGCTCATACTTCCGAAGAAGATCCTACCTCATTAGATATTTTCTTAACAATTTATAATGAAGAAGGAACTTTAATAGAACGAACAGTAGATTATGATCTGAAAAATGATATTCAAAATTCTTATCAAGTATTTAAAGAGATATATAATAACGCACGAAGAAAAGCTATGGGTGTTGATAAAGCATTAGATGATATATTAACTAGCCTTGGCGATGATGATGATTCTCCTTTTTAATATCGCATATAACAAGTTTTTCAAGGCCGACCGCTTTTAACGTAACGGTATTTGTGTGAAAATAGGTTTGTGTTACAAAAGTTAGTTGCTCCTTGAATGTAGTTAACAAAATGAATTAATATATAATTATTGGCGTTGGCTTTTTAGTACTGCTTTACTGTTTTGGGCGGCGGCTTAAAAACCACGTTGTTAGTCTAACATAATATGAAACCAATATGGATATAATACTTCACCCAAATAGCGAAAAAAAATCTTTGAAGGATTATTACAAAAAAGCTTTTAAAGAAGGAAACGAAATTTTAATAGTAACTGCTTATCTAACGAACTGGGATATTGATTTGCCACTTAATAATAATTGTGAGGCATTCAGTTTAATTATAGGAACTGACTTCGGCATTACAAAAAAGCAAGCTTGTTATAAAGTATTAAAATGGTTACCAAAATATTTTAAAAGTGATTTCTGCGCCGCTGATTTCACAAATGGATTCCATCCCAAAGTAATTATATGGCGAAAGAACAATGAAGATTATTATGCAATAATAGGATCTTCCAATTTAACTCAAGCTGCTTTTGATACAAATTATGAAGTAAATGTTTTTCTAAAAATCGATGAAATCGAATATAGAAGATTAAAAAAATGGATTCACGAGATAAAACGGCTTTCGTCTCCCATATCAAACGATTGGATTGCAGGTTACAACGAAATTAAAAGAAACTATAAAGGTAAACATTCAGTACCACCGCGAATTATCACGTTCAATTTGCCAAAAGGCAAATCGATAGTAGAATCAATTAAATCAAGAAGAAAACAACAGAAAAGTTTTTCATTAATTAAAAGCAGACTTTTATCTCTAATAAAAAAATGTGCTTCAAACAAAATAAGCAACCTCGATTTTTATTATAAACTAATGAATATATGGGGATATCATAAATCAAGATTCCAAGGACAAGGTTTTCAGATCAAAGGTAAAAATGGAAATTGGCAAGTGGTTTGTAATTCATTATATAAGATTCTAACTGTTCATCAGGATATAAGTATTGCTGAAAGAGACAATTTAGTTAAAAGGGAAATTGATTTTCTCGCAAAGAAAAATAATCCTACTAGGGGCGCTTGGTTAACCGAGATACTATGTCACTATTATCCGGATTTTTACCCATTAGTTAATAAACCTATTGAAACCTGGTTACGCTTTAATAAATTCCGTTCACCGAGAAAGTCGAGTGAAGGTTCAAAGTACATAGATTTATCTTTAAAACTTAGGCAAGCAATTAGCGAATACAAAAATTACCCAGCAAAAAATTTGGCTGAATTAGATGGAGCAATTTGGAAATGGTATGATAATAATTATAAATAGTAGCCTAATGTCTTTTCAATACTGTAAAAAGAAAAAAACAGTTTTCAAACTCTACACACTAAACAAAAAATAAGTTCTTAGATAAATCAAGGCTCATCCCAATGGGATGAGCCTCAATCATTCCAATCTTCTACAAACTAACCCTAAGTGATTCAATAAAATTTCTACCCGGCGTTGTTATACCGGATGAGTACGGTCGGTATAACTCGTCGGTTATATTTTCGACTCCGCCAAATATCATAAGGTAATCAATTAGACATAAAATATATGATTATGCCGGAGTTGTTTTCAGAATCTCGGCAAGTGATTCATCGAATGATCTTAGTTTTATCCCGAAAGACTGAAGTTTATTTGTGTTCATTGA
CP065001.1_gap16	604363	605058	695	TTTCAAGCCCTTCTTTTATGAAGGTTTAACAAGTTCTTTGAAAGAGTGAGTGCATTTAACCAGTCAGTTAAATGGTTTCAACTAAGCGTCTAAACGCCAAGATTACAAAATAATTAAACTCTACAACGGAGAGTTTGATCCTGGCTCAGGACGAACGCTGGCGGCGTGCTTAACACATGCAAGTCTACGAGAAAGAGGTAGCAATATCTTGATTAAAGTGGCGCACGGGTGAGTAACACGTAAGCAATCTACCCAATGATTTGGAATAACCCCGCGAAAGCGGGATTAATACCGTATGATGCAGCGGCATCGCATGATGATGTTGTTAAAGTTGCAGCAATGTAACGTCAATGGATGAGCTTGCGGCTGATTAGCTAGTTGGTAGGGTAACGGCCTACCAAGGCAACGATCAGTAGCTGGTCTGAGAGGATGATCAGCCACACTGGAACTGAGACACGGTCCAGACTCCTACGGGAGGCAGCAGTGAGGAATATTGGGCAATGCCCGGAAGGGTGACCCAGCAACGCCGCGTGGAGGATGAAGGTCGTAAGATTGTAAACTCCTGTTAGAGGGGAAGAATGTTCATAATTCGTAAGGGTTATGATTTGACTGTACCCTCAGAGAAAGCCCCGGCTAACTACGTGCCAGCAGCCGCGGTAATACGTAGGGGGCAAGCGTTGTCCGGATTTACTGGG
CP065001.1_gap17	611249	615586	4337	ACCGCAGCGATTCTGCTTATTGCGACTGCAGGATTTGTTTTCTGGTATCCGTATAGTTCAAACACAGCCTTTGATGTTTTTACAGCAGTTCTAATTGTCGCCTGCCCTTGCGCGCTTGCCCTGTCGATCCCATTTACACTTGGAAATGTAATGAGAATTCTTGGCAGGAATAAAATGTATTTAAAGAACACAGCAGCAATTGAAGAAATGGCAGGAGTGGATTCAATTGTATTCGATAAAACGGGTACTCTTACTGAAACAGGTAAAACCAAAGTTGAATATATAGGTGAACCACTAAATGATTTTCAGAAGAAATTAATAAAATCAGTCGTTAGGAATTCAACTCATCCATTGAGCCGGAGAATTTATCACGCTGTTGATGTGGAAGAACTCTTTGACGTTACTGATTTTCTTGAAATTCCCGGAACAGGATTACAAGCGATGGTACTTGGAATAAATGTAAAGGTTGGTTCAATCAAAAGTAGTTCTCTTGAACAGAGTAACGGTACTTATAAAAATGTAATATCCGGGAATCCGGCTTCAAATATCTTCATAACAATTGATGAAAAAACAATCGGATATTTTTCTGTTGCAAATTTTTATCGGGAAGATGTGGAAAAATTGATGCAAAATCTTTCCGAAAAACATGAACTATATCTTCTTTCAGGTGATAATGAATCGGAAAAAGAAAACCTGATGAAAATATTTCACGATGAAAAGAATTTATTATTCAGACAGTCACCGCAGGATAAACTTGATTTCATTAAAGCACTCCAGGCTAAAAATAAAAAAGTACTAATGGCTGGTGATGGCTTGAACGATGCCGGCGCTCTGACACAAAGTAATGTTGGAATTGCCGTTACAGAAAATATCAGCAATTTCACTCCTGCCTGCGACGCAATACTTGATGCTGCAAAAGTAAGTAAGCTTGGAAATTTTCTTGAGTATATGCGATCAGGAATAAAAATAATTTACCTGAACTTTGGTATTTCAATACTTTATAACCTTGTTGGGCTAAGCTTTGCAATCCAGGGAAATCTTTCACCGCTGATTGCCGCTATACTTATGCCGCTTAGTTCAATTTCAGTTGTGGCTGTGGCTACTTTTTCTACAAACTTAATTGCGAGAAGGAGAGGTCTGTTATCTCTGTAATTGCTGTTCTGATTGGATTCAGTTTACTGGTTGCTGTAGGTTTTTTGGTAGCCTTTATATGGGCTGTAAAAAACGGACAGTACAGGGATACATATACTCCTTCAATAAGAATGCTTCTGGATGAAAATAATTCAAATAATAAGGAAGAAAAATAATTAACACTTCATACATAGGAGATAATTTATGGGGTTAGATAAATTCACTTACGATAACGGAATCGTCCGCAAGTTTGGTATCGCTACAATGCTTTGGGGTGTTGTAGGCATGCTTGTTGGAGTAATTATCGCAACTCAGTTGTTTGCACCTGCACTTAATTTCGGAATACCATACCTGACTTTCGGAAGGATAAGACCGCTTCATACAAACGCTGTTATTTTTGCTTTTGTCGGAAACGCAATCTTTATGGGAATATATCATTCGCTGCAAAGATTATGTAAAGCAAGAATGTTCAGTGATATGTTAAGCACTTTTCACTTCTGGGGCTGGCAATTAATTATTGTCGCCGCAGCCATTTCTCTTCCATTAGGATTGACGACAAGTAAAGAATATGCTGAACTTGAATGGCCTATTGATATTGCCATCACATTAGTGTGGGTTGCGTTCGGAATTAACATGTTTGGGACAATAATTAAAAGACGCGAAAGCCATATGTATGTAGCGATATGGTTTTACATTGCCACTTGGGTTACAGTAGCTGTTCTTCATATTGTTAATTCAATTGAACTTCCCGTAGCATTCATGAAAAGTTATCCGATTTATGCCGGTGTGCAGGATGCACTTGTACAATGGTGGTACGGGCATAACGCCGTAGCATTTTTTCTAACAACACCATATCTCGGATTGATGTATTATTATCTTCCGAAAGCTGCTAACAGACCGGTTTATTCTTACAGGCTTTCGATAATACATTTCTGGGCTTTGATATTTATTTACATCTGGGCTGGACCTCACCATTTACTTTATTCGGCTTTACCAGACTGGGCACAATCACTCGGAACAGTTTTTTCAATTATGTTGATTGCACCTTCCTGGGGTGGAATGATAAACGGTTTGCTTACTTTGAGAGGTGCGTGGGACAGGGTTCGTGAAGATGCTATTCTAAAGTTTATGGTTGTTGCAATTACCGCTTATGGTATGGCAACATTTGAAGGTCCGATGTTATCACTTAAAAATGTAAATGCACTTGCTCATTTTACTGATTGGATTGTATCACACGTACACGTCGGTGCATTAGGCTGGAATGGATTTTTAACTTTCGGAATTCTTTACTGGTTAATACCCAAACTTTATAACACAAATTTGCATTCAAAGAAACTGGCTAATCTTCACTTCTGGATAGGAACACTTGGTATTGTATTTTATGCTTCATCAATGTACTGGTCAGGTGTTACACAGTCATTAATGTGGAAACAATTTACACCGCTCGGTGTTTTGCAGTATCCTAATTTTCTGGAAACAGTTTTACAGATTGTACCAATGTATGTCATCCGCGCGATCGGCGGAACATTATATCTTGGCGGTATGATAATTATGGTTTACAATCTTGGTATGACAATCAAAGCCGGTAAATTTGTTGCTGAGGAACCAGCAGAAGCTCCGGCTCTTATCAAACCAAAAGATCAATTTAAAAAAGGTTCACGTCATCGCTGGTTAGAGGGAAGACCAATTCAATTTCTTGTTGCATCATTAGTTGTAATACTTATAGGTGGTATTGTAGAATTTGTACCGACATTTTTAGTTCAGTCGAACATCCCAACTATTGCAAGCGTTAAACCTTATACTCCGCTTGAACTGGAAGGTAGAGATCTTTATATAAGAGAAGGCTGCGTTAGCTGTCACTCGCAATTGGTTCGTCCATTCAGATCAGAAACAGAAAGATACGGCGAATACTCTAAAGCAGGTGAGTATGTTTATGATCATCCTTTCCTATGGGGTTCAAAAAGAACAGGACCCGATTTACATCGTGAAGGTGGAAAGTATCCGAATCAATGGCATTACCTGCATATGGAAAATCCAAGATCAATGTCTCCCGGATCACTTATGCCACCTTACCCATGGCTGCTTGAAAATTCACTTGATGTATCAAACCTTGAATCGAAGATCAATGTAATGAGGTCACTTGGAGTTCCATACGCCGATGGCTATGAAAATCAGGCATTGAGTGATCTGAATAGTCAGGCAGAAATAATCGCGCTTGATCTTCAAAAATCCGGAGTGCCTGCTGAGCCGGATAAAGAGATCATCGCGCTGATAGCTTATTTACAGAGACTCGGTACTGATATAAAAGGTAATCAAACTGCGTCAACCAACGGAACGGTGAAGTGATGTATAAAAATATTCTTGTTTCAATTGAAGGCATAGATATCTTCCCGATAATTTCGATGATATTATTCTTCGTGTTCTTTATCGGGTTGATTATCTGGGTTTTGAGAATTGATAAAAACTATATCAAAGAAATGGAAAACATTCCGCTTGATTTAACGGAAAGTTCCTCTTATAAATTTACAGGTGAGAATCATGAAAAATAAATTTTTTCAAACTGCTTCCTCAGTTTTACTTTTTACGGCTGGTTTAAATGCGCAATCCGGTAATCCTGATCTACCGGACAACTATTACAGTTACGTAGCCTTTTTCATATTTCTGATAATCTTTCTCATGATACTTGGTTTCCTCTATTATGGAATGGGCGAAGGCGAAGTTGTTGAGGTTAAAAAAGTTTCTGCGTTCAAAAAGTTCAGGCAGTTTGTCACACGTTCTGTGCCTATGGAAAAAGAAGATGACATTTTGCTTGACCATAACTATGACGGAATAAAAGAACTGGACAACAGGGTTCCGCCATGGTTTAGTTATTTATTTTATTTCACAATTCTGTTTGCTGTTTACTATATGCTCGACTATCATGTTTTTGCAACAAGCAAACTTTCGGGAGATGAATACCTTGAAGAAGTACAAATAGCCGCGGATAAAATGGCTGAACTTATGAAAAGCGGCGCTTTGGTAAATGAAGAAACAGTTACCGCGGTCTTTGATGAAGCCTCTGTACTCTCAGGGAAAAAAATCTATGATGTTAATTGTGTTGCCTGTCATTCAGCGGACGGCGGCGGTCTGGTTGGACCTAATCTTACCGATGAGTACTGGATTCACGGCGGCGGAATAAAAAATGTTTTTAAAACAATTAAGTACGG
CP065001.1_gap18	695204	697854	2650	TCTCTTCACCCATTCCTTATACAGGTCTAGTACTATATTTATTGGAATTGCAAAATTTAGATTTTGACCACCACTTGCACTACTTGAACTAATACCTAAGAGTTCGCCCGATTGATTAACAATTGCACCCCCACTGCTTCCGTGCGAGATACTAGCAGTAATTTGTAAATGATTTATTCCCGTCCCTTCAAATTCTCGAAAGCCACTGACAATTCCTTCAGATATTGTATTTTCAAATCCTAACGGACTGCCAATAGCATATATTCGCTGACCAATCTGTATTCTTTTTGCGGAGCCTATTTTTATTTTAGGAGAGTTTTTTATACTTGTCTCAAGAACTGCTATGTCCTTTTTTACATCAATGCCCAAGATACCTTTCAGGGGATAGAAAATATCTTTATGTTTAAGCTCAATTCGATAACAGCCATTAACAAGATGATAATTTGTTATTATATGACATTTATCATTTAAAATAACTCCGCTACCTTGTTTAATAATAGTGTTATCATAATCATATCCATATAAAACTACTAATGAACCTACAACTCCATCAAAAACTTTTGATGCGTCAGAAGATTGACCGAACAGACGTTGTATAAACAAAAAAAATAATAAAATGACAATCAGGGGCCCTCTTACAAAAACGAAATCCAAAGAAAAAAAATTTAGTCGACTGTATACCATAGTTACCTCATTTAAGTGTATTATTCAACTGCTGCTTAGTTAGTGGGTTGACTATATATTTCAAATAAATTCTTTTTCTAAAAGACAATATTTACTTAATAATTGATTTGAAAAGCGTTAAAAAAAATCAGGTAAATTCTTTCGCCTCAATAATAATTCATCTTGTGTTATCAATTTCATCATATACAATACATCGTTACCAAGGCTTGTCCAATAGTATGAGTATTCCACTTGCTTACGACCATTATTATCTCGGGAAATAGTATTTAATCCTAATAACCCAGCATTACATAGATTTTTGATTCCCAAAACATCTTTTTCAAATGAACTATTCTGTTCTTCGTTCTCTGATTCTATTGTAAAATGACTAACACTATATTGTTTAATGACTACTTCAAAATCGTAAGGCCCAAGTGACATTCTTGCTTTTTTAATTACCTTTTCTAAATCAATATTATACATTTTAATTGCTTCAACTATCCATTTTGCCAACTCAATACTTGAAGCTTTAAGATTTTCTTTATTGTATTTAAAAAATATTAAGTCTTTTGTGTCAAATGTTGGGTTGTAATCTTTGTCAGCTATCAAAATTTGTCTTTGAATGGGTTGCGTCGCGTGTGCAATCCCCATTTCGTAAAATACATTTGGATTTTGATCGGTTAATACCCCCATATTAATTTGTGCTGTCATTAAATGTTGAAGTACGTTAATCCATCCACAGGTAGTTGCCCGATCTTCTTTTGTTCTAAAAGCAAAAAGTTTTTCATGATCTTCTGAAAATTTTAAGATTTCATTAGCATGTTCAACTGAAGTATTAATTAAGTCATTAAAAATAAAGTCATATTTAACTGCAAATGGCATAATCACAAAAATTTTTTTATGGTCAATACCGGGACTTTTAAAATTATACGGGTACATTTAGCACCAAATGTTTTGTTTATTTTTAAAAGTAATTATGGCGATCCATTAGAATCGCCATAATTATTTTAATATCTAAATCTCCACGTGACTAACACTAATCACATTCGGATTTTCACTCATCTTTTTCAGCATATCTGCAGTTGCAGCGTTTTGTAATTTCATTGTACAGCAGGCTGCAATGCCGCCTTCAAAGATTATGTTCTCAATCTCTTCAATATTAATATTTCCTTCACGGAGAACATCAAGAATTCCTGCAAGCACGCCGGGTTTATCAAAATGTTTAACTACAAGCTGGAAGTGTGCATCGGTTATCTTTGCCCTGTTAACCCAGTGATCAATAACACCGCTGTGTACATAGTGTTTAATGATGTTCACTGTTTCTTCTGCAACTGCATCCTGTGCCTGTTCTGTTGATGCGCCGATATGATGCGTTACATAAATGTTCGGGTTGTTCTGAAGTTTAGATGAGACTTCTCCTGATTTTCCTTCCGGTTCACCTTTAAATACATCCACAGCAACTCTAATATTTTTTTCTTTTATTGCTTCAAGCAGATCGTCTTCAACAATAATATCCTGTCGTGATGTGTTAATAAGGTAAGCACCGTTCTTCATATAACTGAACATCTGTTTGTTGAACAAACCTTTTGTCTGCGGAGTAGCAGGGAGGTGAATAGTAACAATATCACAGAGAGGTAAAAGCTGATCCATCTCGCTGAAATCTTTTATCTGAACTCCTTCAATGCGGGTAATGTCTTTTCCATAAACGTTCATCTCAAAAGCGAGTGCGCGTTTTGCAACTTCTTTACCGATGTTGCCGACACCTATTAGTCCGAGTGTTTTTCCTTTAAGTCCTTTACCTTTTGAAAATTTATCTTTGTTCCAAACACTTTTGTTAAAGTCACTAACGTTGTCAGGAATAAACCTGTCAAGTGAAAGCATAAGTCCGATAGCTAACTCAGCTACTGCGACTGCATTCATACCGGGACAATTAGTTACGTAAATTCCTTTTTTGTTTGCAGCAGAAATAGCAATGTTATTTACTCCT
CP065001.1_gap19	699030	702005	2975	TCAATCCAGTTGGCGAGTAATTTATTTTCAGGGAATGCTTCTTTAACAGCTTTATCGGTTACATAAATATCTTCAGGATCACCGGAAAGTGCTGCCCATCTGAATGGACCTTTACCATCGCAGAACAACGGACGGATAAATTCAGGAACGAATCCCGGAATATCAAAAGCATTTGAAACGCCGTTAGCCTGTGCTTCTCCGCGAATGTTATTTCCGTAATCAAAAACTATTGAGCCGAGTTTTTGAAATTCAAGCATTGCCTGTAAATGTTTAACAATAGTTTTCTTTGAAAGCTTTATGTACTCATCGGGATTTGATTTACGAAGATTCAATGCTTCATCAAATGACATTCCCATTGGTACATATCCATTTAAAGTATCGTGTGCAGATGTTTGATCAGTAACTACATCAGGAATTATTTTTCGGTCAATTATCTGTGGAAGTATTTCTCCCGCGTTACCAATTATCGCAACTGATAAAGCTTTTTTATTTTTCTTCGCATCAAGAACTAAAGATAAAGCTTCATCAAGGTTATCTGTGATAACATCAAGGTAACCGGTTTCAATTCTTTTTTGAGCGCGTGAACGATCAACTTCAACACCAAGAAAAGCAGCGCCGTTCATAGTAGCTGATAGTGGTTGAGCACCGCCCATTCCACCAAGTCCGGCAGTAAGAACAAATTTACCTGCTAATGTTCCGCCAAAATATTTTCGTGCGCATTCTGCAAAAGTTTCATAAGTGCCTTGAAGTATTCCCTGGGTACCGATGTAAATCCAGCTTCCTGCTGTCATCTGTCCGTACATAGTTAGACCGAGTGCTTCAAGTCTGCGAAACTCTTCCCACGTTCCCCATCTTGGAACGAGCATTGAATTAGAAATTATAACTCTCGGTGCGTTTGTATGTGTTTTAAATATTGCAACAGGTTTACCTGATTGTACAAGAAGTGTTTCATCGCCTTCAAGATTTTTTAATGATGAAATGATAGCTTCATACGCTTCCCAGTTGCGTGCTGCTTTTCCGCTTCCGCCGTAAACAATTAGATCAGATGGATTTTCCGCGACATCCGGATCGAGATTGTTCATCAGCATTCTCATTGCTGCTTCCTGTATCCATCCTTTGCAGGAAAGTGTATTACCTGTTGGTGCTTTAATTATTTTTGTATCTGTTGTTGTGAGCATCATTATCCTTCAAAATGATTTGCTAATAAATTTTCATATTGTTTTTGCAGTGATTTGTACAACCATCTTTTAAAGAACCAGCTCTTTTTAATTTCCTTATTCATAAAGTCAACATTTTGTTTAAGCTGAAACTTTAGCCGTGTTCTTTCATCTTTTGTAAGTTTTATAACATCATCTGAACCGCTTAGTTTGGAAATTATGGAGTTGAGAGATTTTGATTCTGCGAAGTACTTACCATCCCCATCAATTTGTTTTAATGACTGTCTGCAAAAACTAAGCAGAAGTTTTTTTTCATTTTTGTTTAGTTCAAGATTATAGTTTGTGAATAGTTTTTTCATGTTCTCCTGTGTGGGTATTAAATGATAACAATTGTTCCCTGATCTTCTGGTAACCCGGTTTAATAACATTGTAGATGTAATGAAGTCTTTCCTTGTAAGGAATAAAAGCAGACTTCATTGAGTTGATTGAAATTTTTTCCACATCTTCAAGATTCAATCCGAAGTATTCTATTGCTGTTAAAAATTCTTTTGTTAGAGTTGTATCGCTCATCAAACGGTCATCTGTATTAATTGTGACACGGAATTTTTCTTTAAAGAAAATTCCGAACGGATGATTTTCAATCCTATCAACTGCACCGGTGTGAACGTTACTTAATAGACATATTTCAAGTGGAATTCTTTTATCAAGAACGTACTGGGCAAGATCGCCGAAGCTTAAAACATTCTTCTTCCCATCGATAACAATATCCTCAATAAGATGAGTTGCGTGTCCGATACGATGTGCACCGCACCATTGTATAGCCTGCCAAATCGATTCTTTACCGAAAGCTTCACCGGCATGAATAGTAATGTTAAAATTTGCTCTTTGAATAAACTGGAAAGCTTCGATATGTTTTTTAGGCGGATAGCCGCCTTCTTCACCGGCGAGATCAAAACCAACAACACCCTCATTTTTAAGGTTTACCGCAAGCTCTGCAATTTCAAGAGTGTTTTTCATATTTCGCATTCCACAAAGTATGAGTCCATAACCAACACCGAAATCCTGTTTCCCTTTTTCTAATCCATTCAATACTGCAGTGACTGTGTCTTCCTGGTATAATCCTTTTGAAAGATGAAATACAGGTGCGAATCTAGTTTCTACATAACAAACATTATCGTTCTTCATGTCTTCCATCATTTCGTATGCAACGCGTTCAAGACTTTCTTTTGTCTGCATAACAGCACAGGTATGCTCAAATCCTTGTAAGTATTCAACAAGGTTTCCCTTGTTAGCCCCGCGATGGAACCATTGTGCTAATTCACCGGAATCATTCGTTGGTAGTTTGTTGTATTTAAGTTCTTTTGCGAGATCAATAATTGTTTGAGGTCTTAGTCCGCCATCGAGGTGATCGTGCAGAAGGACTTTGGGAACAGCTTTTATTACATCTTGAGTCGTCAAATCAACCTCATTTTTGCTTGTAAAAATATCCTTTTTGGGCTGGAAAATCAATTTAAATGGTAACGACAATTGCTATTAATAGCAGAATAGTTCATAAATAATTTTAATTAGATTGAAATAGTCGAGGACAAGAATATGAATTACTAGCAATGAGTTTATTCTTGACTCTGCATAGCCAATATGGTAATTTTGATCCCATAATTATTGACTAAAAGCGGAGTTGAAATGCAAATCTCAAAAAGAATAATCGTGTTAATATTGTTTACCGGGCTCGCCTTTATGGGCTTCCAATGTTCATCAACAGAGTTAACCAGTGCTAAATTGTATATACAGCAAAAGAATTATGATAAAGCATTGGAA
CP065001.1_gap20	709672	712502	2830	AAAATGTATTTTCAGATTCCATTATTTCCATTGAAAAGCTTGATATTAAACCTTCAACAGATTTTTATCGATATGTAAAAAACAATCTTGGTTTTGAAGGTGCTGCTGCTGATGAAAAATATTTCTATTTTGGATTTGAAGGCTTTTATGAAAATGGAATATTTACTGACAGTACAGTTATTTATATTGTTGATAAAAATGATCTGAGCATTGTTAAGGAAATAAGTACACGTCCGTTAGGTATTCATACCATCTGCGGTCTGTATTCAGATGAAAATTATTCTTTGTATGGAGTTGACCGGAACAATAAAAATATTTTTCATATAAGTTTTGATGAGGAACTGGAAATCAGTAATTCGGTTTTAAGAACGGTAACCACAAATATTCCATCACATCCGGAATTTGATTATGTGGTTTCACTTGAATCAATCACCATCGATGATAAAGGCAATATTTTTCTTGTTGACGATCCGTGGAGAAATTTTTTCATACCGCCCGGCGAAGTACTTCAGAAAATTGATGAACGATCGGTTAAAAATTTTAAAGATTTCATTCCCGTTATTTATAAATTCAATCTCAATAATAATTAAGGAGAAAAAAATTGGAAGAAGTGATATCCTATATCAGGAACAATAAAGATTTATACATCGAGGAATTAAAAGATTTCCTAAGAATCCCCAGTATAAGTACACTTCCTGAAAATAAAACAGATATCAATAACGCAGCACAATTTGTTGCTGATAAACTTACATCGGCAGGAATGAACAGGGTAGAAGTTTTTCAAACGGAAGGACATCCGTTGGTTTACGGTGAATGGTTGGGTGCACCTGGTAAACCCACAGTATTAATTTACGGACATTATGATGTGCAGCCTGTTGACCCGATTGAGTTATGGGACAGCCCACCATTTGAACCCGTGATAAAAGATGGGAAAATTTTTGCTCGAGGCGCTACCGATGATAAGGGACAAATGTACATGCACATAAAAAGTGTCGAAGCATTTTTCAAAACTGCAGGTAGTCTTCCTCTCAACGTAAAATTTTTAATTGAAGGGGAAGAAGAAATCGGAAGCGGTAATCTTGAATCGTTCATTAATCTTAAAACTGATTTATTAAAATGTGATGCAGTACTCGTTTCAGATACATCGCTTTATGGACCAGGCATACCGACTTTAACTTATGGCTTACGCGGTTTAAGCTATATGGAAGTTGAAGTCACCGGACCAAATCGTGATCTTCACTCAGGTACATTTGGCGGGGCGGTAGCTAACCCGATTAATATTCTGGCTTCAATGATTACAAAACTTCAGGACAAAGATGGAAAAATTACCATCCCAGGTTTTTATAATGATGTTTTGAAACTGACGAAAAAAGAACGAGAGAATTTTAAAGCGCTGAAATTCTCTGAAAAGAAATTCGCAAAAGAACTTGGTGTCGCAGAACTAAAAGGTGAAAAAGGATTTACAACACTCGAGAGGATCTGGGCAAGACCAACGCTTGACTGTAATGGAATATTTGGAGGGTTCACCGGCAAAGGAGCTAAAACTGTACTGCCTGGAAAAGCCACAGCTAAAATCAGTATGCGTTTAGTCCCTAATCAAGAACCGAAAAAAATTGCAAAATTATTTACCAAGTATATACATCAGATCGCACCCAAATCCGTAAAGGTGAAGGTATCTGATTTACACGGTGGTTTACCCGCAATGACACCACTTGAAGACCCTGCAATTCTGGCTGCTTCAAAAGCTATATCAAAAGCATTCGGCAAGAAAACAGTTTTTATGCGTGAGGGAGGTTCTATCCCGATCATAACTGTATTCCAGAGGAAACTAAAAGCACCGGCAGTATTAATGGGACTTGGTTTGAATACCGAGAATCTTCACTCACCAAATGAGCACTTTGATCTTAATCATTACCAGCTTGGTATAATGAGCTCTGCTTATTTTCTGAAGGAATATTCTTTATAAACTAAAATTTATGGAGACAGCATTTTGTGCTGTCTCTACTATTTTAAATAACATTGAAAATGTTTAAAAGACTTAATTCTATTGTTAGGATAGGTTGCATAGCTTTACTGATTATTATTCAGTCATGCGGAAATGAAAATTCTGATAGTGGAAATCATGACGGGAATTTAAATGTCGCAAACCTACCTGATAAAGATGCTCAAATTCAAAGATATAATCTCAGCATAAAAAAAGAACAAGCACTTTCCAGGACTGTATGTGATACCATTGCACTCACCGAATATATCCTTGATACTTATCCACCAGGTACCTACCTGGTTGATTTGGACAAAACACTTACATACAACATTCCTTCATCTGCCGTTATTTACTCGGATAAATATATCTTTGCAGTTATTGCAAGTTCAAAACCGGGTGAACGCCTGATCGATACAAAAAATATTGTTGGATTTGATCAGAGTTATATTGATCTGGATAGTACAAAACTCGGTACTGCTTTTTTTTATTTGGTTTTATTTGAATGTGATAATGGAAAATTCAAAACAATCTGGGAAGCACCGGTACCATCTCACGGAGGGTTTAACACGCTCTCAATGGAAAAATGGAATTATCAAAATACACCATATATCCGGTTAAATTTTCATTATGCCCAGGGTGTCGGACACATTGATTACAATTATTTTCTTGTTAATGGTATTACATCAATGCCGCACCTGTTAATGACCTACAAAGGATTAAGATTTCAACGAACTATTACTAATGCGAATAATGATATCTATCCCGATTACTATGAATATGTGTTTTACGAATCAGACAAAAAAATCGCTGTGCATGACTCTGTTGTTTTTCTATGGAATATGAAAG
CP065001.1_gap21	912254	913685	1431	AAATGCTGAACTAAACCCGGATACAATGTTTTTATCTGCAAACTTCCTATTAAATTCACTTTTAATGAATTCATCATCCGGAATTTTTAGTTCCTCATGACAGCCCGTGCAAATAAAGTATTCTTCAGTCAAAAGTTTTTTAGAACAATGAACACAAAATCTGGGTAAAACAAAATCAAGGAACCGATTTAGATTTTTTCTGATCGCTGATTTCATATTCGAAACTCTTATAACATTCCCGCACGCTTGCGAAGGAACCACTCAAGTGCAAACAGGAAGACTGCCAGGATTAACATCCATTCATTTGACCAAAGTTGAAATTCGCTGACATCAGTTTTTTCTTTCGATGAAATTGCTTTAAGCTTATCCAATTCAGCAAAGAGTCCGTTTTGATCCCCGGCTCTAAAATATTTTCCTTTAGTTCTTTCGGAAAGAAGTGAAAGAAAGTTTGCGTCTGCAGAAGGATTGAGCATTTCTATGTTTACATCACCGATATTAAAAGTGCCTTTATCTTCACCGAGTTTTACCTGGTCGAAAATTACAGTACCGGTAAATTCAAAGTCACCTGAATTCAAACTTTGATATGAGCCTTCGTAGAGACCACTGCCAAGCGAGTTAAGTGTTAACTGAGCCGCAGAAGTATTTGATTCAGCAATCGCTTTATTTCTCAGGTTTATTTTTACTTCTGCATTAGAAACAGGTTTTAGTGTTTCATCATATACCTGTGCGACAAACTCAACATTTTCACCGCTGGAGTATAACTTCTTTGTTGTCTTTATTGAAACCCGTTCAAACTCCGATGATGTATTGAGCCACTTAACAGAGTTCTGAATAAACCTGTCAAACAGATCGAGACTTTTTGTTCCGGTCAATAATTTCCATTTCCAGATTTCAGATGCCAGAACAGCTATAGAAGCATTGCTGGCAACACGTCTGGTTAACATCATAGGGCTGTTTGATTGTACGTTGTTGACTTTTGCAAAGGCAACAATTTCACTTTCAGGTCGCGGGATAATATCTGAATGAACCTGAATTACAGGCGGGAGAGAGTTCCATGCTGAAACAGGATCGGCTGAATTGTTTGATATCAGAGAATTATTTCTTTGGTTCGTGAGCACATTAAGTTGAACTTCTGTTGATCTGGAAGAAGTATTCCTTATAACAAACGGCAAGAAGTTTTGGAGTTCATTTAGTTTGTTTATATCGGTTGATTGTGTAACGGAAATAAAAAACGGGATGTGATCTTTACTTATACGTGTTTTAATCCTGTTCAACAATTCAGAAGTTGTTTCTTTTGATGGAAAACCGATTAAGAAAAACACGTCTGCGCTGTCAATCATTTGCTGCTGGTCGTTCTTTTCCGCAAATAGATCTTTTGATACCTGGGTAATAGATTCCACAGATAGATTTTCATCAAGCTGAAGGGACTTC
CP065001.1_gap22	921370	923868	2498	TGATGTAGGCGGCGGAAGCTCTGAATTTATTTACGGCGAAAAGGGAAGTATTAATTTTGCTGAAAGTATAAAGATCGGGGCAGTAAGGTTGAGCAAAAAGTTTTTCCCGGACTATATTTTAAAAAACCAGGCGATTAAAGATTGTTCTGAATATGCTGAGGAACAGATAACAAAAAACTCAGGCATCAACTTCAAAATAGATTTTGAATATGCTGTCGGTACATCTGGCACAATGCAGTCCGTTGCGTGGATGATAGCTAACCCGGGCAAGATAAGAAATAATAAAAGTCTTAACGGGTTTTCTTTCACTTATGAACAGTTGAAAGATATTACGAAGATGATACTAAGCTACAAAACGTTAGATGAACGAAAACTGATAAAAGGTATAGAACTTAAACGTGCAGACATACTTCCTGCCGGACTTATAATCCTCAACAAAGTATTTGAACTCTTCAATATTAAATCAATGGTGATATCCGAATACGCAGTTCGTGAAGGTATTATTTCAGAGATGTTATCATCTGACCACAAACAGAACCTCACCCCCAACAATTAATTTCTGACAAAAATTAACATCTGAAAAATATTTCTTGCGTTAATCATTATTCTTATTTAGATTAAGTCTGAATAATGATAATATTTTATGAACTATCCTGAACTATGTTTATGAAAAATCTTTTACTACCTGCAATTGTTGCGATAATTATCATGACATTTTGTGTACCTGTTCACTCACAGAAATTATTTACAGATGAAGTAAATGATGCTGTCAGTAATGATTCACTTATGAAAAAGTATGATTTCCCGCAGATTGATATTATCGGCAGAAAACAATCTTTGCTTCAAAAAATACCTGGCTCAGCAAATATTATTTCCTTTGCATCACTATTAAATATACAGCCTGCAAACGGTAACGAAGTGTTTAAAAAAGTATCGGGCATAAATGTAGTTGATGAAGAAGGTGCCGGATTGAGAGCTAACATCGGAATCAGGGGACTTGATCCTGACCGAAGCAGAACAATATTAATGATGGAAGATGGGATCCCGATCGCCCTCGCTCCCTATGGCGAACCTGAAATGTATTACACGCCGTCAGTTGACAGAATGCAGCATATAGAAATACTGAAAGGAAGCGGTTCAATTTTATTCGGTCCACAGACTATTGGCGGAGTGATAAATTATATCACAGCAGATCCTCCGATTGAAAGCAGAACATCAATAAGACTTAAAGCCGGTGAAAAGGGATTTTTTACAGGCAGTGCAGCTTACGGAACTACAATAGATAATGTGGGTTTACAGGTCGGATATCTTCACAGAAGAGCAGATAAACTCGGCTTACTCAACTTTACAACAAATGATTTGACTGCAAAAATCCGTTTTAATTCAGGTGAGAACTCACGCATCGGATTAAAATTTGCGGTGTATGATGAAATATCAAACTCTACCTATGTCGGACTTACACAACCAATGTATGATAGTGGGGAATACTACACAGAAATAGCTCCTTATGATAAACTTGACATAAAAAGATATTCAGCAAGTTTAACACATGATTATTTTATTTCAGATCAATCATATTTGCGAACGACATTCTTTGCCTATACAACTACCCGGAATTGGCTGAGACAGGATTTCAGCCGTTCACCTGCATCGAACATGACAGGTGTTGTGTTTGGTGATACAAGCATATCCGGAGGAGCAATCTTTATGCGAAACACAACCGGCAACAGGGATCGTCAGTTTGAAGTTGCCGGGGTTGAACCAAGATTTTTTTATTCATTTACAACCGGCAATATTAAAAATGAATTTGAAGGCGGCATTCGGTTTTTATATGAAAAAGCTTACGAACAAAGAATCAACGGGACGAAAGCAAACGCTCTTTCAGGTACTCTTGCAGAAGATGAAACAAGAACCGGTTATGCGTTAAGTCTTTTTCTTCAGGATCGAATCCTTTTAAGTGAATCAATCACTGTAACTCCCGGTGTAAGAGTGGAATCATTTAAATATGAAAGAGATATTTTCAGGATCAGCTCGCGTGACACAAGTTTGATTGCCAACGATGATGTTTTGTCAGTCGTGCCCGGTATTGGTATAAATTATTATGCCGGTGAAGTTGTAACACTATTCGGCGGAGTGCACAGAGGATTTGCACCGCCAAGAATTAAAGATGCAATTTCAAACAGCGGCACATCATTGCAACTCGAAGCGGAATTAAGCTGGAACTATGAAATCGGAACAAGACTAAATTTTGAAAATATACTTTTGGTTGAACTAACCGGTTATATGCTCGACTTCTCCAACCAGGTGATTCCGGTATCTGAATCATCGGGTGGCGCAGGCACTGGATTAGTAAACGGCGGAAAGACAAACCACAAAGGTATAGAAGCTGGTTTAACTTTAGATCTTGGAAAATTATTAAAGTCTGAATATGGTTTACAAATCGGCACAAGCGCTGCATACAGTCAGTCCCAATACAATGCAGACAGGTTTGTAACACG
CP065001.1_gap23	925890	929447	3557	ATATCTTTACAGAAGCGATCAATTTGAATTTTGATTTCATAAATACTACCTCGTTAAGTGATTAATTATTTCACTTCAAAAGTAGTATTACTGGGAGTACGAGTGATAGGACAAAAACGCAGTTCAGTTGGACTTAACTAAAATTAGATCTGAAAGCTTCGGGTGAAAGTCCAGTATGTTTTTTGAAAAATCTTATAAAGTACGATACATCATCATAACCAAGATGATAAGCTATTTCCTTAACTTGGTTGGATGTTGAAAGTAAATATCTTTTTGCCTCGAGAATAATATGCTCATTAATAAATTCCGAACTGGTTTTGCCGAGCGATGTTTTTGTAATTGTATTTAACTGGTAAGGGGTAAGATTAAGCTTTTGTGCAAAGTATGATGGCTGTTTGTTTGCCGATACATTCGCATCTAACAGTTCAGAAAATTCTTCTAACCTGTCCCTGTTAATTGTTGCGGTGTGATCAGTATCATTTTTATTGTCTCTTAAAAGTTCAATAAAAAGAATTTCAAGATCGGCTTTTATTACATCTAAGTACTTTTCTCTTTTATGCTCATACTCCTGGATAATATCTGTCACTAAAGAAAATATCTTTAAAAACTTTTTAGCATCGTGCTTGTACATATTATTGTTACTGACCCTTCGTAACAACTGGCGAGAATCTTTATCAGCGGTGGAATAAAAATCCTTTTTGAACTGTATAACAAACCCGGTGCTGCCGGCTTTTATTTTCAGTTTGTGAACCTGTCCGGGTCGCATAAAGAAAACGGAATGATCCTGAATTTTATACGGTATAAAATCAATAGTATGTTCGCCTTTACCTCTTTTAAGAACCAGCATAAAAAAGAAATCATGTCGGTGAATATCCTGAACCATATCCTTACCAGACAGCAAAACACTTAAATCTCTTATACTGAAGTTTTCAGTAAAAGCCAGGTCTTTTGGAATATTAATATTTCGTATGGGAATATTTTTCATGATAATTAAATGAGTGCCGATAATATATGAAGTATTAATGCTTATTAAAAAATCTTGAAGGTTTAGATAATAAGTAGATTAAAATATTTCTGAGAGGAGTCTAAAGTTGTGTGGGTCTAGATCGATGCAGTGAAGAATTACGAATTGAGAGATGATACAAACTGACTTAATATGTTTATATAGTCTTCCTTCGAAAAATTGAATGGACCAATATCTTTGTATTCTTTTAACACTTTATCTTCATAATTGTTCTCATAAGTGAAAGAATCCCAGGTAAAATATCTATCATCCTTTGTAATAGAGATTGTGATTCCACCACACGCTAAATCACCACATTCAGAACAAACATAGATCGGAACTCTACCAGATGTTAATTCAGCCTTTTCATTTAACAAAAGTTTATTTACGGCTTGAATAGTAAACTCTTTCCCAAAGCTGCCAATCATTCCAACTAAATCATGTTCAGCAAATAACTCAAAAAGATGTTTATCATTTATAACAAAATCTTGAAAATCTTTGTCTTTTACTCTCTTATTTCTTAATTCAAATTTATCCATTTTACTTTAATAACCGGGTGTTATAAAAACTCCAGACCATATTTAGTTCTATTAAACTTTACTTACCTGTCCGTCTCTTAAAGAATAAAGCGATTAGGTGTTAAAAAGAACTAGAAAAAATCCATAACCTGATAATATGGAAACATTAAAATAACTAACAATAATATTAAGACTATGAAAAGAGATAAAAAAAAATCAAGCTTATTTATGAAATTGTTGAAAGATGAATACTTCTTTTTAAGAATAAAGAAAATAATACTCATTGATATTATAAATAAAACTACAACTACTGAATAACCTAAAGGATTTAAAGGTTTTTCGCCAGAAAAAATAAATCCGACACCAGGTAATAAAATACTAACTGATGTAAATAAATAAGATTGACCGAATGAGATATAAAAATTCGTATTGAAGATAAATTGTACTAAAAAAGATAAAATAAAAAAGAATAGAAATAGTTTAGCGCTAGTGAAAAGTGACTTTAAGTATAAGCTGTTAAGAAATGACATAATTTTTAATAGTGAATTTAAAGAACGCCTAACGGCGTATTATGTTAATGCACAAGGCCATGTTCATAATTGTTACAAAATTTACTGTTCGAATTAATCTCAAAAAACTCTGCTTAACTGAATCGACCCGAACTATTTTTTTTTACAGTATTGTTTCTTTACTTACCTGTCCCGTCTTTGAGGGATTAAAGAGGTTAGGTAACTGTTAAAATATTTTATTGCTTTTTAAATTTGCTCCACCAGTCTATAATATCTTTTTTGTTCCATACATATTTGCTTGAATTTAATCCAGATGGATATTTTCCCTTTTGAAAACTTAATATCATATATGCCGCTTCTTGTGCAACCGTCGAGTAATTCATATCTGCAAAAGATGAAAATGCATTTTTAACATTAGCACAAGATTCTTTATTATCTAATAACTTTATGAGAACAGGAATATCCTCTTCCTTAACCCAATCCTTATATTCTTTCCATAATGTAAAAGTTGGGACAGAAAATTCTTTAAGTATTTCTATAAATTCTAAAGGAGTAAAATTGTATAAATTAAAAGTGGTATCTACTGACACTTCAGATGAGTCTTGTTCATAAATAAATATTTGATAATCCCTAGAAAATAGAGAAGATGGAATAATGCTAATAACAAGAATGAATATTATTTTTTTCATAAATGATTTAAGTTACTTAGCGGTTGTTATGTCAAACCATAAAGCCGTATTTATAATTATTTAAAAATTTTCTGTGGTTATTTCTCTAACAACACTATTCAAAAGATCAACCCGAACTGTTTATTTTCTTTTTACAGTATTTACTCTTTAGTAATTAAAGAGGTTATACTGCTTTTATTTTTCTAAAAAGCAAACATCTTTTCTAACTGAGTTTTTCCATTCCGAGCTAAATTTCTCAGTTAAATACTGAAAAATAATTTTGTTGTATTCCTCGATACAAGCATATGCAGGTGGAGTGCAACCAAAATCATAATATTTAATTCCGTATTTCAACTCGAATTCACTATCCATTTTTGAATTTGCGATTGGAGCTATACTGCCAATAATCAGAAGTTTTGGTTCTCCATTTTTAATATCTTCTTTTGCTGAATTGGTATTGAAAGCGCATATAGTATTTAATTTTATGACTAATTCACGGTGAATATTTTATGTTAAAACTATAGAAGTATCAAAAACGTCATAGCCAAATGCAGAAATTGAAAAAACGTAATCGTGGTTTAGTTCTAAATTATTAAATAAGAACTTACCCACACTATCGGTTATTTCGCCACGTGAACTTCTTTTTATAGAAACATAACAACCGCTAATTGGTTGATTGTTAATTGCAGAAATTACAAATCCAGTAAGATCAACCGATGTAACTTGGACCTGTGAAAAAACTATATTGCTTAATATTATTAGAAGTAAAAAAACAATTAACTTTTTCATACAATTTTATTAGCAGTTTGTAAGAATGATTAATTAATAAGAACACTTAGAACAAAATCTCAAACAAAAA
CP065001.1_gap24	937833	939161	1328	TCGACAAAATTAATTCGTGAGTTTAACGTTCTTTTTACAACGGCACCAAACCTCTTTACAACTATACTGCCTGTTGGTGATGGTATTGGTATAGGAATTAAAGTCTGAGTTTAAAACAAAAACCCGGAGAAAATCATGGCAACTGAATATGTGAATATTTCGAATGAACTTTTAAGGGCAGTTGATGAATTTTCCGATTACCAGCTAAAGGATAAAAAAGGTTTGCTGCTGATCTTCGAGGAATCAGTAACCAATAATAAAGAAAAACAACTCGAAGAATTATCGTTTAATGCCAAGTATATCAAAGGTCTTTTGCGAGTAATTAAAAACGGGACAGGCAATGCTGAGATCACAAATATTGAATCAATTAAAAAAGATTATTCCACATCTATGGCAAAGGTTGTTGAACAAATAAAAGAAATCATTTCATCAGCGAGTGCAGAGACGAGAGAACATTTTGATCATACGTATTTTGAATTGAACCAGCAGAGTTTTCATAATCTAAATGAGTTGTTGACCGATCTTGAGTGGACCAAAAAATATCTGAATGACAATAAGAGAAGCAACTGATTTAAATCCGGTTTAAAATGAAAAGTCCCGGCATTGACCGGGACTTTTTATGTTTAAATCAAACTGTATTATTGAACTACAGGATAATTCATACATTCAGTATCAACCCACTTTGTTCCTGGCATTGTATCATAGAATAAATTATTTGCGCCAAATGAAAGTGATTTAGCGTCATAACCTAAAGCTCTTAAAAATACAGCGATGTGAGCTGAGGTTTGACCTGTGTAACAATAAACAACAATTGTTTTGTTTGTTGGTAATGTCTTTAAGAAGGCAGCAAGTTTAAGATCGGTTCTTGGTGTGTATTGAATTGCACCTTCAACGTGTCCAAGATCATAATCAGCTACCGGCCAGTAATTCACAATGTAGTAGTTAGAAAGATTTTGATACATAACATCTCTTGAAATACTTGCGACTCCATAACCTTGTGCTAAAACTGTATCAAGTCTTGTTGCAAGAATTTCTGCGCCTGCAGTTTTTCCTGTACTGAGTGTAGGAAGGTCTCCTGCATTAGCTTTAACATTAGCTGTCATCTGTTTGGTTATCGGATTAGTTTGACCGTTAATCATTGTGTTATGCCATCTTGCACCATCACTCCAGCTGCACATTCCCCATTTCAAATCGAATACATTTGTATAACCTGCTAATCTTAACACGGCTACTGCAAATGCTGCTGATTGACCTGTGTAGCAGGTAACAACAACTTTAGCTTTTGTCTGAAGGTTATTAGTCCTGTAGTAGTTAAGGATATTAGCAAT
CP065001.1_gap25	946067	948615	2548	AAAATTTTAACAACCAGAGCTATTGTATTTGATGTGCTGGCTCTTGCTTTTATTTACTTCACTCCGGCGCTTTCACACCTTGTAAATTTTCCGATTTATTTGCTGGAACCGATGCGAATAATGGTGATTTTATCTTTAGCCCACACAGACAAAAAAAATGTTTTCCTGATTGCGGTAACGTTACCGATCTTTTCTTTTATCATTTCCTCACATCCTTCTATAATCAAATCGACACTTATCCTGTGTGAACTTTCTTTGAATGTCTGGTTATTCTATTATCTCAGCAGGAAATTTAAAAACATTTTTATCACTGCTTTTTCAAGTATTCTTCTGAGTAAAGTATTTTATTACACTTCAAAAGCCCTTCTGATTTATTTCACAATCCTGACCGGAGAATTAGTTTCCACACCTATATACATTCAACTCGTCATGAGTTTGGTATTTAGTTTTTATTTGTGGTTTGCCTTAAAAGGTTCTGAATTAAACGGTTGAATAAAATCAGAAAAAGTAATCTTATTACAAGGTTATAGTCTTCGTTTAAAATTTAATGGTAAATCACTTACTACTTACATCCAGGCTTATATCCGTAGAATGCTGGATGTAAGTGAGTAGGAAACTAATAGAATAGTTCGATTATGTTCAGGCTGTTTCTTCCTCTAACCTGAACCCGGCAACAAATTCAAAATGCGCATCATATGGCTCAAAAGTATGAGTGATTCTGTAATGCGCAAATAATGATTCAACGTTTAACGGAAAGTGCGGCGGCATACATAAATAAAAGTAGATGTGTGTGTCACCCTTTTCTTTAATACTGTAGAGTGACATTCCCTGCGGACGGTTGATCCTATCAAAAAACAAACTGAATTCTTTAACAAACGCTTTATCTTTACCTTTGTTTACTTCCGTCTGGGTAAAGATAATCTTATACCATATCATCGTATCTCCCCTGAAAATTTACTACACAAAATTACGGAAAATTTTCATTTATGAAAACAAATGCTGAAAAATTACACGAAGTTTTCAATCATAAATTTGTTTTGGTAACCATTTTGTTCACCTATGCCGATCATCAAATATTACAATGAGTTAAACAAAAATGTTTTTTATATTTAACGGGATTTTGAAACAAATTTATAATTGTTGTGGATCAAAACATTAACCAAACCAGAAAATATACCGGAAAATTATTCCTGCCTTTACTTTTTCCGCTGATTATCTGGTTTATCTATTTCGGTTCCGAATTTTTGCAGTTGTCCCTAAGCAGTTATGGAGTTTATCCTAGACATTTTTCAGGGATTTTAGGAATTATAACTTCTCCGCTTATTCACGGGGATTTTTCACATTTGTTCTCAAATACAATTCCACTAGCAATACTCGGTACAGGTATATTTTATTTCTATCCTAACGCGGCGGTAAAGGCGTTGGGAATAATTTATTTATTAAGTAATACTTTGGTCTGGTTGTTTGCTCGTGAAGTTTTTCACATAGGCGCCAGCGGAATTGTTTACGGTTTTGTTTTTCTTTCTTTTTTTTCAGCGGGGTTTTTCGAAGAGATAATAAATCGATAGCGCTTGCATTATTGGTAACGATACTTTATGGAAGCCTTGTTTGGGGTTTATTTCCGGGCTCGCAAGGAATTTCATGGGAATCACATTTGTTTGGTGCTGTATCAGGAGTTATCGCAGCTTTCACACTGAGAAAAACTGATCCGACTCAGAAATATGATTGGGAGGATGAAGAACTTACTGAAGATGAAAAACCTGAAATTTCCTATGACAAAGAATTAAATAATTTTTAACCAAATATTTTTCAAAACACAATCATGAAAAAAAGTACATCAGAAACGCGCAAATATAGAACTGAAATGAATGATAAAATTCTGAACTCAGGGTTCAGGGATTTCAATAAATTTTTTGCTCTGGATAACAAAGCTTACATTAACGGAGCACTCAACGCAAAAACAAAAGAGCTTATGGGTTTAGCGTCTTCTATGGTGCTGAGATGTAACGACTGTATTTTTTATCATGTTGACAGATCAATACAGGAAGGAGCCAGCAGGGAAGAGTTGATGGAGACTTTCAATGTTGCATTGATTGTCGGTGGATCAATTGTTATTCCGCATCTCAGGTATGCTTTTGAAGTTATGGATGAAATTTTAGCTGAGTCAAATACCTAAGATGAACGAAAAAAAAATTATCATTCCTTCAAGAATAGTTTCAGCAGATAAAAATAATACTGTTTATAGAAATCACATTCTGGAAATTTCCGGTGATAAAATTTCGGGGATAAAAGAGTTTAATGCCGATGAAATAAAAAATTTTGGTGGCGAAGTTTATGATGCACAAAACCTTACACTTTGTCCCGGATTTATCCAGACTCACATTCATCTTTGTCAGACACTTTTCCGCGGGTTAGCTGACGACCTTCAATTGCTGGACTGGCTTCAGTACAAAATATTTCCATTTGAAAATGCTCACGATAAAAATTCACTGAGAACTTCGGTACGGATAGGACTTAACGAGTTACTGAAGGGAGGAACGACAACGAT
CP065001.1_gap26	978323	979765	1442	ATATCATCCAAAACTTTATTAAGAGTATCTAGATAGTTTTCATTTGTTATTTTCATAAAATTTCCTTTTTAGTTAATCATTAAATATTATTTGTATCAATTAGTAGAGTCAATGACTTATTGTTAATAAAAGAGGCCCGATGTTATTAGTGTGGCAGGAACTAATTGTGCCGTCCTAGGCTTTCGCCAACATCGGACCAAAATATTAGTCGGCCCAACTAATAAACATCGCTGGACCTGGCTGTATTCTTAAAGAGGGGAAATGAGACCCTTGCCACGGAATACTACTACCATTACAATTTTGTGGCGAAACAGTAACGGCTTATAAATATGAAGGGCCAGTGCCGGTAGTAAGGGATCGGAACTACCTGGATCCCGTCGTGGGCTTTCACCACATCACTGACCCATTAAAATTTCTCTGTACAGGTAAACCCCTTTTGGACCCAATTATTATGCTTGTCAATTACGGCTGTATTTACGCAACCTATCTTCTACATAATAACTACCTCTGGATTAAGTAGATATCATCAAAAGGCGTTAATCAATCTGTCTTTATAATTGCCTAGTGCACTCTCTTTAATCTCTATCATCTCTTTTTCAACCTTTCGGACATATTTGGAATCAATTTCATCGATGAAAGTAAAGAGATATGCCTGCTCATTTATTTTATATTCATCTTCTTCTATCAGATCCAGGACAGATATAATCAGATAGTGGGCAATTTGATGCCTATCTTTACATTCAAATGCATAAACACCCTGCACATCATTGTCCTGTACTTCTCTATCCGTTTTCCAAAATTTCATAGTGTCCCCGCTATTATTTTGAACTCCTAAAATATTTTGACCCTTGAGTAGTGTTTGGAGAAAAGGATCTTCGTAAGTTGGTTTTGTAATAAACATTGTACTAAATAAAGGAAATTTCATAAAATTTCTCCTGTTTGAATTTTTATAAATGTGTTAATTATTAATCATAGCGTAAAATGAAAAACATATGTTGAGATTCCACAGCTTTATATACCAAATGCTGAATTAGCACCTGGTCTGAAAGTAACTTTTGTTTTTCTTTTCAACTTTAATTTCCTAATTAATTTGAGGCGGGTTATCCCCGCCCCTTGTTTGAATTATTCAAATATTACCATCTTGGGAAAGAATGGCCTGCTCCCATCCGAATTAATTACATCCATCACCATTACATCTTTCTCGACGGTCATATCGTACTCGAATTGATAAACATAAGGTTTACCAGGTACCACTTTTTTTATTCTATCAACTTTGAAAGTGAAAAATTTATCATATACCTTAACACCTGTATTCTGATCAACATCAAATATGCATGCACCTACCTCATCTGTACCAAGTGAATAACTAAATGCTGCCTGCCAATTAATCGTATCTGGACGATTTAATAATTGGTCTATCCACTTATCTGCATCGTGATAAC
CP065001.1_gap27	981112	982348	1236	CCTTCAAAGCGAAGCGCTTGAAATAATGCTTCGCAAGTTTTGTATTGCGTATCTTGGAATGTAACTGGATAAGCCGACATACAACTAAGCCAGCCGCTTTCTTCTTTTACTTTTGTTATTGTTATTTCCATAATTAAACTTCCTATTTTTAAATTGTTAATATTGTGTGACTGATACCAGACCAATTAAATTATCGCCTCATACCCTAATTGACTAAACATCTAAAATGGGACTCATTGTATATAAAATATTTCCAGTTCAGAGAGGTATCCTAGCCTTCCTTACCTTAGTACGTTATAAATACAACTACCATTACAGTTTGTAGCTAACCATGACAGCTTTGAAAATAAAAGGGGTCCCAGCCGTGACGTTAGTCTCGCGGTGGAAGCAGTCACGTCTGTCCATATTTCCGATTGACCGTCGGGGATTTCTCCCGCTGGGACCTATTAAAATCTGAAGTGAAGTTTTCCCCCTTACTTATTAATGGGAAAGAAGAGCAGATAATGTTAACCAAATATTCAGTCCCAGCCGTGACGTTAGTCTCGCGGTGGAAGCAGTCACGTCTGTCCATATTTCCGATTGACCGTCGGGGATTTCTCCCGCTGGGACCTATTAAAATCTGAAGTGAAGTTTTCCCCCTTACTTATTAATGGGAAGGAAGAGCAGATAATATTAACCCGGCTAAAACCATAAATATTACCTTAACCAATATAATTTTTAATAATATTTTACTGATTATATAAGCCTCGCCTAATTACATTTCAGTTAATAGTTCCTTTAATTCTTCTACTTTGGATAATCTTATTAGGATTTTATTTACTCTTTTTGAAACCGCAGGATTGGAAATTTTAAGTTTTTCTCCAATCTCTTCATAAGGTTCTTTTTTGATTAAGTGTTCATCTAGTAATTCTTGTTCTTCTGTATTACAGTATTTTTCAATTATGTCTCTGAAAAAAAAATCTTTAAGATTGATATTAATTGCCCTTTTTACATCAACACCAGGTTTTTTAATAGACATTGTATAATAGTTAATCTTATCTATTTCAGTTTTTGAAGTGTCCTCTTCCAATACAGAAAAACTCTTAAAATGTCCCGAGAGATTAAGCATTTCACTCTCAGGTTCATCATAGTCTATTTCAATATCTTTTAAATCAATTACTTCATATTTAGAAATTTCAGTTTCTTTTTCGTTTTTCTCCACTTTGAATGCATCAAGATCTTTTTCATCCCAAGATG
CP065001.1_gap28	1135640	1137870	2230	GGTAAGATTAAAATTATATGATACTCTTGTAGTTAAAAAATCTTTGTCATTGCCTGTATGTCTTAATAAAAATAATCCCGTCGACTTTATAAGTTTAGGATTGGTAAGAATATTGAACATGAAGTATGAATTCATTCCACAGCCGCCGAAGACTCCTATTGGTCCGTTAAGTCCCTCAGGGGTATATCCCGCATCTTCAAGCGCTTCCCAGGAACATTCCAAAAAATGCCTGTGCTGCGGATCCATTATTGCCGCTTCTTTAGGACTTAATCCGAAAAACCCTGCATCGAACATTTCGACTTCATCAAATACAACTCCGGCTTTTACGTAATTCGGGTTGTTCAGATGTTCTTCGTCTACTCCGGATTTTCTCAGATCCTCGTCGCTAAAAAAAGTAATTGATTCCTTTGCTGATACAAGATTTTTCCAGAACTCGTTGTAATTCTTTGCATCCGGCAGGCGGCATGCCATACCTACTACTGCAATGTCGGAGTCATTATAATTCAATTGTTTCTCCATTGTTATTCAGCCTCCTGAACATCTACATCATTCCCGCTATCGTTATCTCTTGACCTTGCTCTTGCAAATCTTTGTTTTGACATTTTTGCTCTCTTTGATTCACTCTTAACAGTTGTAGTTTCAGTTGTTTTGGTTTTCTTTTCGATGTATTCAACAATTGTACTGATAGTCGGAAATCTGAATATATCAATTAGTGTCAGTTCATCATCAACAGATTCTTTTAATCTTGCGTGAAGTTGAACCGCTAAAAGTGAATGTCCGCCGATATCAAAGAAATTATCTTTCAATCCTACTTTTGGAAGTTTCAGGAGATCTTTCCATATCTCAGAAATCTTCAGCTCAAATTCATTATTTGAATGAACTGCTTCATCTTCATCAGATCTTGTCACTGATGAAGACGGGGCGGGGAATGATTTCCTGTCAATTTTTCCATTAGGTGTTAAAGGGAATTTTTCCATCACAACAAAATTTGATGGAACCATAAACTCCGGTAATTTTTCTCTCATCATTTCTCTGATGGAGTTTATATCAATCTTATTATTTTCTTGTGGTACAATGTATGCAACCAATCTCTGGTCACCTGGAATATCTTCCCTTGCCATCACCACTCCTTCCCGGACACTATCATTTTTACAGAGAAGAGTTTCAATTTCACCAAGTTCAATTCTGTACCCTCTCATTTTAACCTGATGATCCAGTCTGCCAAGGAATTGAATTGTACCGTCGTCACTATAATAAGCCAGGTCTCCCGTTCTATAAAATTTTCGCTTTTCTTTTCCAACAAATTTATCGTCGACAAATTTTTCAGATGTCAGCTCAGGTCTGTTAAAGTATCCATTGCTTACTCCCTCACCGCCGATACATAATTCGCCTGGTACACCAATAGGATTTAATTGCAGACTTTCATTTAAAATATAGATGTCGGTATTAGCAATTGGTTGTCCAATCGGAATCATATCCGGTAATGTTGAATCAAGTTTATATACAGTTGACCAGATTGTTGTCTCGGTAGGTCCGTACATGTTCAGGATGTCACCTTTTACTATTTTTTGAAGTGATTGCGCAAGATGTAGCGGGAAGGCTTCACCGCCTACCAGCATAACTTTCAGAGATGATAACGCTTCTGCCGAATCTTTATCCATTGTGAGCATTTTTGCCATTGAAGGTGTGCACTGCATATGTGTAACGGAATGTTTTTTTATTAACGAGGGGATAGAATATTCACTTTGATTCTCAGCAGCATGTAATTGAGTGTTTGATTCTCTGCGCAACTGGTTCAGGTAATATAAATGAGCAAGAACAAGATCAGAATCAACTCCAAAATCTATTAAACATGCGATCTCATCGACGTCAATTTCTTTAAGCTTACTAATTATTAGTTTGCATGATTCAGGTGTACCAAATAAACCGCTTGTTGAATAATATCTTTCAAATGAATAATCAAGAATGGCATCAAGATCTTCAGGTGTCAGATTATCCATATTAAAGTTACCGTCTTTACCGGTGGTAGCATTTTTAAATACCGGAAATGACCAGGCTGCTTCTTTAACAAGATTTACTGCACTTTTGAGATAATGTTTCATTGGTCCGCGTACCGTTTCTTTTACCATCTTTTCATCTGTGCCGATAAAAGTATGAAGCATTAGTGTAAGTACTCCCTTGCCTTTATGTCCTGCTTCTTTCCATGCCTTTCGGTAGATACTTATCTTTT
CP065001.1_gap29	1139793	1142116	2323	CAAGTACAATTGTATATACAGTGAGATTCTTTTCTTCTGCAAATGCGATTATAGCTTTTGTTAGTTCTTCAGACAGGTAATGATAGTGAACATCATAACCTGTTTTCGATTCTTCGTTTTCATATTTGAATTTATTAAATCCAAGTGGAGTAGCAGATTTGAAGCCTGCAAGATATTCTTTCCAGAATTTTATTGAATCCGATTCATCACGATTAGTCAGCCAGTCAATATATTCTCTAAACGGTTTGGAAACCGGTAAAGAGTCTCCGGAATCTTTCTGATTATAAAAGTGGAATAAATCTTTAAGTACGATAGGGAATGATCTTCCATCAAGAAGTATGTGGTGGAATGTCCATACACACACAAATTTCTGTTCAGTTAGTTTGAATAAAGCCACACGCATTAACGGCGCGGAATTTAAAGAAAATCCTCTTTTACGATCTGAGGAGTAATAGTTTTCGAGATGGTCTTTCTGATGCAATTCATTTTTTTGTGTCAGGTCCTCAAATACAAAATCTAATTCAACATTGTCATTAACATGCTGAATCGGATTTTCAAGACGTTCCCACTCAAAAGAAGTGCGAAGTATCGAATGTCTCTGCAGGATGTTAAACCAGGAATTCCTGAACTTATTCACATCTATTTTTTCATTCAGTTCGGCAACAATTTGTTCAATATCCACACCTGAACCCGGTGAAAGCTGTGAATGAAAGAACATTCCCTGCTGCATTGGAGATAGATTATAAGATTCCTGATTTTTCAGATCGCTCATATAGATTTTTCTTAGTAAAAAGGTGTAAAAGGATAGAATTTCAAAAGCGTAATGCCAATATACAATCTTTACAAAAACAGTAAAATATATCAGTATTAATTCTATGAAAACTTTTTGTTGACTGTCGTAATTATTGAGTTTAGGAAATACTATCCAATCTTAGTCATTCAATCATTTTAAACGTTTTAACCTTTGTTTTGATAATTCAGCTCGTTTTGAAGTGACGGGTTGTTTAACCACTTCTTCATCATTCTTTTTCTTTTTGATGTAGTCAACTAAAGAAATTATTGTGGGGTAACGGAAAATATCGATGAGGGTTAATTCTTCGTTTACTGATTTCTTAATTTCCGAATGCATTTGAACAGCGAGTAAAGAGTGCCCACCAATGTCAAAAAAATTATCTTTTACTCCGACTTTGTTAGTATTTAGCAGTCGTTTCCATATATCGGCAATCGCAATCTCTAACTCACCATTTGGCAGTACAACATCAACGGTTAACTCGTTTGTAGCTTCATTCAAAGGCGGAGGAAATACTTTTCTATCAATCTTTCCATTCGGTGTTAAGGGGAATGACTGCATATTTACAAAATGTGCAGGAACCATGTACTCAGGTAATTTATCTTTCAGGAATTGTTTTAGAGCATCCGACTCAACCAGGCCATTCTTTGAAATAATATATGCAACTAATCTTTGATCGCCGGGAATATCTTCACGGGCAAATACAACTGATTCACGCACATCAGGGTGTGAAGTAATTTGTGATTCAATATCACCAAGCTCAATTCTGTAACCGCGGATCTTAACCTGGTTGTCCGATCTTCCTAAAAATTCAATTGTTCCGTCGGGTGAATAACGGGCGAGGTCTCCAGTCCGATATATTTTATTTTTCGTGTCTTGTGAAAAAGGATTTTGTATAAATCTTTCATCAGTAAGCTGCTGCCTGTTGAAGTAACCGTTTGTAACGCCATCGCCGCCAATACATAATTCTCCTGCAACACCAATTGACGAAGGATTGTTTTGTGAATCCAAAATATAAATTTGTGTGTTGGCAATAGGTTTGCCAATGGAAATCGAATCCTGAATTGGTTCCGAAAGTTTATATAGCGTTGACCAGATTGTGGTTTCTGTTGGTCCGTACATATTCAACACACTACCGCTAACAGTGTTAAATAATTTTTTTGCAAGATTAACAGGGAAAGCTTCACCACCAATCAGCATTGTTTTTAATCCCTTTAACACTTCTGATGATTCGTCACTTACAGTTAACATCTTTGCCATTGAAGGTGTGCATTGCATATGTGATATATTATGCTTCCGTATCAGCCATTCAATTGAAAAACTTTCTTCATTTAAATCGTTTACATTTTGATTGGAAAGAACTCTCAACTGATTAAGATATTGCAAATGAGATAGAACAACTTCTGAATCGATACCAAAATCTATAAGGCATGCAATCTCATCAACTCCAATTGATTTTAATTCATCAACTATTTTTTGACACGATTCAGGAGTCCCGAATAAACCGCTGGATTGATAGTATCGCTCAAACGA
CP065001.1_gap30	1184520	1187552	3032	TTTTGACTGAACTTACTTCCAACACAGCAACCGCTCAGATGATACTTCCTGTTGTAGCATCTGTTTCGGTAGCCATAGGATTAAATCCTTTAATGCTTATGATAACCGCGGCATTGTCGGCGTCAATGGCATTCATGCTTCCTGTTGCAACTCCGCCAAATACTGTTGTTTTTGCGAGCGGAAAACTGAAGATCATCGATATGGTTAAAGCCGGAGTTATTCTTAATATTACTTCGGTAATAATAATCAGTTTACTTGTATATTTACTTGGCTCAATTTTATTTTCACTGCATGACTTTCCTGATTGGGCCATTATCAAATAATTTTCAGGCGGATGAAATGATACTTTACAGCGTTACTATCAGTGTAAAAAAGGATGTAGAATCTGAGTGGAAAAAATGGATGAACGAAATACACCTTTCCGACGTGATGGCAACGGGATATTTTTATGAATACAAATTTTATAAAGTATCAATTCCCGCGGGCTTGCCCGATGAATCAACCTACATCGTTCATTATAAGTGTAAAACAATTGATGATTACGTGGCATATGCTCAGAAAGAAGCCAACAGGCTAAGAGAAGAGCATTCATTAAAGTTTCCCGGAAAGTTTACGGCGGCAAGAGCAATAATGGAAGAGATCAAAGAAGAATAAATGATACTCAAGACAGAATATTTTTTAAACCGTTCAAACTTTTTCCCTTTACAAAACATCTAAGTTTTAACATCTTGTAACCAAAGTTCGCTATCCTACAAAAAAAATAAATCGGAAATAAAAAAAGGAGTCTTTGTGATGAAAAAAACTGTTATGCTTGTCGTATTCGCTGCGTTTGTTGCTTTAGGATTTGTTTACATGCCTGAAAATTCCGTCATCTTAAATAAAAACTTTGCAGGTGATATTAGCTCAGTCGAAAACTTTACTTTAAAAGATGTTGAAGGAAAATCTCATTCCCTTAATGATTACAAAAAATCAAAAGCGATCGTGATAATATTTGTTTCCACTCAATGCCCGGTTTCAAATGCTTATAATTCCCGTATGGCTGAATTGTACATGGACTATAAAGATAAGGATATAACCATACTTGGTATTAACTCGAATAAAGCTGAGGGTGTCGGCGAAATAAAATCCCACGCAGAAAAAAATAAATTCGGTTTCCCGGTTCTTAAAGATGAAAATAATGTTATTGCTGATAAGTTCTCAGCAAGTTTTACTCCTGAGGTATATGTACTTGATCCTTCCTTTAATGTTGTTTATCACGGAAGAATTGATGACAGCCGTGATGCATCATCAGTTTCTGCTAAGGATCTGGAAAATGCTTTGAATGAAATCCTTCAAGGGAAAAAAGTGAGTGTAAATAAAACAAAAGCTTTCGGCTGTACAATTAAGCGGGTATAACCTTGAGATTAATTCTGCTGATATTGTGCGCAGCAGGTTTTCTTTTTATTTCATCCGGCTGTGAATCAAACAATGGGAAAAACTCAACCGATGTTGATAAAAATAATTTATCAGTCGGAGTAATGGGACTTGACGATCTTAAGCGAAAAATTAATAATCGTGAAGGCAAAATTCTTTTTATTAATTTTTGGGCTACATGGTGCAAACCTTGTGTCGATGAATTTCCTGCCCTGGTTAAACTCGCTGAAAACAATAAAAACAATGATGTTGAATTTTTGAGTTTAAGTGTCGATCTTATAAAAGAAATTAATTCAAACGTTATTCCGTTTATTGAAAAACAAAAAGTAAACTTTCCTGTATTTGTTATTCCGGAAAAGGAGAGTGATGAAGTTATCGGATTCATCAGTGAAGAATGGAACGGAGCAATTCCGGCGACTGCCATCTATGACACGCAAGGGAAACTTGTTGAGTTTATAACAGGTGCTGAAACGTATGAATCATTTCAGCAGAAGATTGAAAAAATTCTTAATCAATGATATGATTATCTGTAAAAAAATAATTTTACTTGTCCTGATCTGTACGGCGTTTATATTAAATTCCTGCCGGGAGGAGATAGTACCTCCCGGTAATCCTGCCGGCAATATAAACGAACCCGTGCAGGAAAGTTATATCGACTACTACACCTTCAAGATCAATGCTTCAAATATCACTTTTTCAAAAATCGATTACACATACTTTAACGCAACAACTAACTACCTTTCATTTTCACTTCTGGATCATAAAAGCGGACACGTTGACCTTGAAATCTGGAGCCGGAATAATGTAATAATTTACAGCACGCGCTTCACCAAAGATTTCAGCAGGACGATAATTACAATTGACGGAAATGTGCCCGAACTGATCAGAATAAAATTGAATGACTTTACAGGCAAAGTCAGTATAGAGTTAAGCAGGTATTAACACCTCAGAATTTTCCAAGATAGATATTAAAAATAAATCCGCCCGATGGATATTTATCATGCAGATTAATAAATAAACCGCTTCCTAATCCTAAAAAATCAGTTATATCCTGGCGAAATTCTATTTCCAGAGGAATACTAACAAATGTATTGCGCTCAGATTTATTTGAGTTGATTAAATGCCCTTCAATTTCAGCATCAGGAATTTTTTGATATAAATTGTACGCAATTCCCGCACGCCATAAAATTTTATAATTAAAATCCTTTTTAATTAACAGCATAAAAGGAAACGGAAGCAATAAACCCCTCATCTTAAATTCTTTCGCTCTACCGTATTTTAATTGAAAGGATTGAATGGTTTCTGAATGATAACTAAATAAGGCAAGTTCATAAAGTTTCTGATAACTGAACGAGAACAAGTTCCTGTCTTTTTCAAATGTTAAGGTACCGTTGAATCCCAAACCGAAATCAGTATCTGAGAAGTTTGTAAATCCTAAACTGTAGCCGCCGTTCGCCCATAAGGAAAAATTTTCTGCTGATCCCTGATTGCCGGAATTGTTGTCTCCGGTTTCATAATTTAAATTCTGTCCCTGCACTTTACCGGCAGTCACCAAAATAAAAACAATAAAACACTTTGTTAAAGTCTTCAATTGAATTAACCCCTCTAAATATTAAAAT
CP065001.1_gap31	1216985	1217625	640	ATTTAAATTGCAAAATGATTCGTTTAGTTCTCTGGCAGACAAATCTGATACAATAGCGCAAATATTTTTTTTTGATTTTACAAGTAAGGTTGAAGTCGTTTGAGATGAGAAAGAATAGCATCTACCTTCATCAAGAAAATTTAAGAGATCTGGTGTAAGCTTTAAACGTTCACCAGAAACCAGTTCCGTTTCATCAACCTGGTATAAGTAAACAATTTTGCCATCGGAATTAGTATAAACATGGTGTGCACATTTTTTACCTTGTTCATCGGACACCACCGCACCCAACAACGTAAGGTTTTCAAATACAGGAACAATTGTACTATACTTAACTCCGCTCTGCTTAAAGAATTCCTGAATAGTCTGAGCATTATCCGATAGAAGCTGTGGTTGAAGTCGACCTTGAATTATAGCAGAAAAATTATTTTGCGCCTGAACAAACATGTTATCTTTTCCTTGCTGTCCAGCTGCAAAGTTATAAGTATCAACTATAGGCGGACGATTGAACAAAATTAATATGATTGCTAACACGATAACTGCGGCGGTAGCATATGTCATAAATGACGGGGTGAATATAAGTGTTAAAGCCGGATCATTTGCAGGAGTGGTTTCTCTTAACAATCTACGATTTATTTTTTTG
CP065001.1_gap32	1399954	1401107	1153	AGAGCCGGTTTTAACTGCATAAATGTTCTTACCCGTCACTGAAAATGACTGTTCATAAGTCACTAAGCCATAGCCCTGCAGTTTTTCTTTAATGTGTTGTGCTGCAAGATTATTTCCCGGATAATTTTTGTGCCTGGATACAATTGTTTGTGTCACTCCACCTACGATTACAGGAACTTCTCCTGAAAGTTCATTCACAAATTTAGTCAATGAATCAATGTTCACACGATTTATTATTGCCTCAACATCAGGATCAACCTGGGCAATTAAGGAATGACTTAGAAATAAAAATAAAAATAGACTGTAGAGTTGTTTCATAATTCACCTCTGAAGTTTGGAAACGGTATGACGAATCTATGATGTTGCATACAACTATCATTGATTTGATGAATTTTGCGACTGGTAAAAACCAATCCCCTTTATTTATCCGCCTGCATGACAATTAGTGCATAGCAGGTCTTCTATTTGCTCTCCTACATCAACCGGATGCTGGAATTTTAATCCTTTCAGATCTACACGTGTGTTGCCGAAGTTGTCTGTCTGCGAGATGATGGTATGACAACTGTTACAATCATTTGATATAACTTTTCCATCATCACTAACGTGATTACCGTCATGACAACGGAAACAGCCCGGTGTATAAACGTGTGAGATATTATCTGGAAAATGTTTCCAGTCAGCATTCATATAGGGAAAATAATTTCTTGAATATATTTTTTTTACCTGCTCGATATTCGATTCAATTTCATTTTTTCTGTCGCGATAGATCTTCGGATAGTTCGTCATATAGAAGTTATTAATTCCATAACTGATGCTGTCTAAAGCCGCCGTCTTTGTTGTATATCCTTTTTCAAGCGATTGCACAGAAATACTTTTAATAAACGGCAGACTCTTACTCATTTTCCCCTGAGATAAAAATAAGTTAACCATCTTATCAGGCTGGTGATAAATATGAGATGGTCTGTTATGACAATCTATACAATCCATTGTTCTAAGATTATCTGCATTAAAATTCTTCTCATCAAAGTTAACATCCTTTTGCCGGAAAATAGTTTCCTTGCCTTCTTTAGATGTTACCTTTACCCATGGAATTTCAAGCCTGCGTTCATCAGTATAAATGTATGAAATGATATTATCAGGATTAACATGCCAG
CP065001.1_gap33	1518163	1519069	906	AACGTCTGAAAAGAAATGCTGGTTGTTATAAACTCGTGAGAAAGCAGTTATAGAAGCTAATCCATAAAATCCAATTCTTGCCCAGAGATTATCAAACCGTTCGGCTAATACTGTGGATAAGGCGAATGCGACAACTGTATGCCCCGAAGGAAATGATTGAAATTCATTATCGATATTAAAACCCTTAAACGCCCATTCACCTTCATTATAATACGGACGTACTCTTCCGGCAATGTATCTTGCAATCATAACTGTAATTCCCGAGTAAGTAAGGCTCTCCAAAAGCAAACGACCTGTCACCCGAACATCATCTTCCCGCGAAAGTAATCCGGTTACATATACCCCGGCACTGAATAAATTAGCGTAGGTTACGACACCATAGCTTGTACCTATATCCCAAAAATCATCATTGAATGAACTGATAGTATTTCTTCCAACTTTATTTTTTATCTCTTCATCAAGACTAATCATTAATAATGTAGTACCGGTAAGCCCTGCTGTTAATAACCAATCGTTGGTATCAAACCGTAAGGGGAGCGTGAAGTAACTGCCGGCATCTTCAAGAAAAATTTTTCCGTCATACAATAAATCATCTGCAATTGAAGAACGAATATTAGAAGTATCCTGTGAATGAATTGAAATTCCATACACAAACAAAAGTGCTGAAATTATTTTTGTGTTAAATGTACAATACTTCGGGAAAAACATGTTAGTACTTAAATGATTTTGTGATAATTTTAAGTATGAATAAATTGCTTTAAAAATAAAATTAATTCGTCATCAAAATAACATACTTGAACACAAAAACAGACTATGAAAAAAAATATAAAACCAGAATTGTCATCATTAATAAGATTACCCGCTGAATGGGAAAAACACCAAGCTACATGGATCGGCTGGCCTCAC
CP065001.1_gap34	1521329	1524996	3667	ATGGGTGAACATTAATGATCAATCCGTTCTTAATACATATCCTAGAACTATCAAAATGTTCAATAAGAATATGGTGTTTATAGGAGGAAACAACTTATTTGAAAAACAAGGTCAGAGTTGGACATATAGATCAATTGGAAACTATGGTACTATAGAAAAAATATCAGGTTCAAAAAGTAATAACATATTTACAGTCGGTTTTTTCAAAGAATTGTATCACTTCAATGGTATCACCTGGCACTTTTATGAAGAACTAAAGGCTCAGCACGGTGTGTTTAATGGAGTGATTACTTTAGGTAGTAAAGTATTTATTGCAGGACAAAATCAAAATATGACTTCCGCAGTAATTTTAATTGGTAATAATTAGGAGGGAAAAATGAAACTGATAATCGTGATTTTAGTATTTGTAAATTCAATTCTTTATTCTCAACATCAACCTGAAATCTATATTAACGTCTATGATTACTTTCTTAGAGATTGGGATATCCGTGCATCAGCAATTAGTAATGTTTATAATAGACAAAGAGATTTCACGCCATTATATCAAACCGCAAATGAATTTATTCCTGCAAATGGTTTGGCACGTTATGGATTTGATTTCATTACAGATAATACTGGTTTTGGTACGTGGGAAATCATCGCCTTTGGCACATATACCATTTCCTTCTTTCCAGAGGATAGTGAAGAAGAAATCTGGAGTGTCACAATTGATTTCAGATACTGCGATCCTTTGTATACTTTTCAAGATATTTATCTCTCACTATATATCGATCAAAATAATAACATTTCATTCAGCTGGCATTGGAGTGCGTATCCTCCAAACTTTATCAACAATAATTCATCATTAAACTATTGGGAAATGGTTAATTTTTCTTCAAACCAGGAATGTTTTGATGCAGAATTTTATTCACACAATTATTTAGCCCGCTTAACAGGGCTTGAGGATTATGGTGTTCTATATATTGACAATGAGAGTTACAATTCTGGCACTGATTTATTTCAAACGATAAAGGGGAACACTCACAATTTTAGAACATATCCAACCCCGATTGAAAATGAAAATTTTTTGTTCAGAAACTGGAATATCTTTCAAGGCTCATTTGAAAATCCGAATGACATAAGGATTATAAATAACAGTGATATTGAAGCATACTTTTATCCCACCCAACCTCTCACTGTCACAAACAGCCTCGAAGGTGGGACTGGTGGAAATTATAATTTAACCTGGACTAACAAATCATTAATTCCCGAACTCTGGCAATATGGTGCGGTTTATAATGCATTCGATTTTAATTTAAATAATCAGGATAGATATAATATTGAAGCCCCGGCTTTAACTAATGTATTAGGAACAAACTGGCACTTCAAACATTGGGAAAATGGTTGGACAAGTAGTACCCGAAACAATTTAATAATACCCGATTCTATACCAGCCTTGGGTATTTCACAGCCAACTACAAGGGACATTTAAGAAGCAACACATCATCAGCATACAACCCAACTCAACGCAAAATGTGGAGGTTAAACAGCGGAGATTACCACACCATCTATGAATCAATAGACAAACTCTGGGCAACAATAAGTTCTGAATCTAACTTTTTAGGTCAATGGCAGGAAGAGCAGGATATACTTTTGAATTTGGACTTTCCCTCCACAGCAAAAGCAAAAAATCCATCTATCGATGTAATCGGAGATTCAGTACATATAGTATTTGAATATCTTGAATCAGAAAATGCGACCACTGCTCAAATTTATTATGCTACTGCAAACTTTGACCGACTTGTTTTAATCGATTCATACCCGGCTGCTTTCTTTGGACAGGCAAAACCAGTGATAGCAAGGTTTTATAATACAGGAATTGATGAAATATTTTTTCTGTATAAAAAGAATAACACCGAAGGCATCTATTACAAACGAAGATATTTAGATGTTAATTATTACTGGCAATCCGGAATTTTGCCAAATACAAATAGTGAGTGTATAAATCCGGCCATTACTGCTATTCACGGCAACAGTGAGTGCCCCATTCATATCGTTTGGCAGGAAGGGCTTCAGATAAGATATCAACTATCAAAATATTACCCGGTAAGAGGTCATTATTTCTATGAAAAAATTTCTAAAGGCAGCGGCTATACACATAATTATTCTCCTTCAATTAGTATTACCGGAAATGGCACAGTGATTACGGTATGGACAGTTAATAATCAAAGTGGTATTGAAAAAAGAACTTTAAAAGAAAATGATGCAGTTGTGTACAAAGCAATGGCAAGAGTTATGCAGAACGGCGTGTGGGGAAACTTTTTTATAGCCGGGGATAATGTAGCCAACACAACAAACAATTCAACTTCATCATCTACTTCCGAATCTGTAATTGCCTGGTCAGAGAACAGTGGTGCAAATGCAAAATGGGTAAGAAGAGTCGGAACAGAATATAGCTGCCTGTTTTCACTCAGCCCTTCCGGATCAGTGCCGGTAATCTGTAATAGTCCTGATCTCATATCTGCTAAGGCTTTGGTCTTCAATCAGTCATCTCTACCTTACGTAATAGAAAAGAGCACAACCAACTTTAGTACTGCCTGTGAAGGCGGCGGAGGCGGAGGAGATCAGGGGAAAATTACAAATGAAGATGGAACAATGTATGGCAGACGCGGTATTGTAATGAAAAATGGTGTAGAGTTCATTTTCAATATTGGTGATGTTGTTGTAGATGACAGTGTGATGAATTTTATCCCAAGAGCTGATACAATTGCTTATACTGATTATACTCAACTAAATGATGTTGTAAGAACAGTTCCGTTTCAACTAAATCAGAATTCAGAATTTTATTTTAGTAATCTTTATTACACTCTTTACGGCGAAGTTGCAGATACAGCCTTAACCGAAATCGATGCTGTTTCATTCAGGGTAGAACTAGTTGACCAATTTACTCAAACTGTTGTAGGTACATTTGATGATATTACTTATAATAAAAACAATCTTGAGAAGTATGAAAATATTTCTTACCAGGTAAATTGTTCAAACATTCAACCTGGAGAATATTATCTTAGATTGGTTACAACGGCTGTGGGTTCAACGGAATATAATCTGGCAAATGTTCAAACAAGCACATCTAATCTGGCTAAGAAGAATTACGAAACTATATTCTTTGATGGAAAAGGATTACCGGAAGAATATTCTCTTGAACAAAATTATCCTAATCCGTTTAACCCTACTACACTTATTAATTACCAAATACCAAAAGATGGACTAGTAACAATAAAAGTCTATGATATAATAGGTAAGGAAGTAACAACACTGGTGAATGAAACCAAATCTGTTGGAAGATACTCGATAAATTTTGATGGCAGCAATTTGGCTAGTGGTGTTTATATCTATCAATTAAGATCGGGTGATTTTGTTTCATCTAAGAAGATGATGCTGATTAAGTAAACTTTGTAAGAATCATCAAAACACCGGCTAATGGCTGGGCTTTATTATTCCCACTTGGAATCAGTTAATACTATTCTATTTTTTCCTTCCCAATCTCATCCGCAAGCATTTTATTTATTGATGCTGCGGCTCTTCTGCCTTCTCCCATTGCGAGTATAACCGTTGCGGCACCGAGTACAATATCACCGCCTGCAAAAATTCTGTCAACACTTGTCTTTTGGGTTTCATCAACTAAAAT
CP065001.1_gap35	1572251	1574490	2239	GATCGTTTGCCGCAGCTTTGTTCGGACCGATTCTCGGACACAACAAAGATCTTCCGGTAAAGGAAATAATCGGTTCTATTACTTCAATCCATTTATCCGCTGAGTTTGATGACGGCGTATCAATTGAGTCTGTATGGGAATTCAATAACTCAAAGAACGCTTACCTTCTTGCAACAGCAATTAAAAGTGCAATCGCGGTCGGTATATTTGCGCAGAAAGATGTAACACTCGGAAAAATTGTTGAGGATATGACTATAAGCAGGTACGATACAAAAATAAAATTTACACTTGAACTTGAAAAAGATAAGCTGAATGAGATCAGGCATTCAACATTGAATAATAAATTGGATCTAAATTAATAAGGATAAAATATGCAGGGAGAAAATCTGAAACTTGAAGACCTGTTGGAAAAAACTAAATCTACCGATGGACAGGAAAGAATAAATAATATAGCTATTATCGGTGCGGGAGTTATGGGTCAGGGAATAGCCCAGACAATAGCCGCCGCCGGAATTGAAGTACTTCTCATTGAAAGAGATGTCAATCATCTTGAAAAAGCTAAGAGTTCACTAATTGAATATATCGACCGTGAAATAAAACGATGGGCTCTCACAACTTCGGAAAAGAAAGCGATACTGAGCAGGATTAACTGGTCTACCAACTATGATAAACTTGGCGAATGCGATCTTATAATTGAAGCTGTTGATGAAGACTTTGAACTGAAAAAAAATATTTTTCAGCATCTCGATAAACTTGTAAAAGACGATGTGATATTTGTATCGAACACATCAACATTAAGTCTTACAAAAATTGCTGAAGCTACCGGAAGACCGTCAAAGGTGATCGGGATGCACTTCTTAAACCCGGTACCAAAAATTCCGATGGTTGAACTTGTAAAGTGTCTTCACACTTCCAATGACACTGTTGAAGCTGTTAAAGTTTTTGCAGCGAGAATCGGTAAAACTCCTGTTGAAGTTTATGAATACCCGGGATTTGTTACTACAAGAGCAATTGTTCCATTGCTTAATGAAGCAATGCATATTCTGCTTGAAGGTGTGGCAACTGCAAAGGACATTGATACCGCGATGAAACTTGGTTACAATTTCCAGTATGGTCCGCTTGAAATGGCTGATATGATGGGACTCGATGAAGTTCTCGCCTGGATGGAAACTTTGTGGAAGACTTTAGGTGAGCCTCGTTACCGCGCCTGCCCGATTCTGCGTAAACTTGTAAGGGAAAGAAAACTCGGTAAAAAAACCGGCGAAGGTTTTTACAAATACAGTGAGAGCGGATTTATAATAGACACTAAGTGATGATAGAGTAAAATAAATTAAAGTTTATGATGCCTTGTCACACTGAGCCTGTCGAAGTGTGACGACATCTAGTACGTCAGTCTTCGATGCCCGGATGATACGGGAGAATGGCAAAAAGTGTTTGAGAAAAGTAGAAATCAATTAAGAAAAATATAGTTAGTATTCATTTATAGAAAAGAAAGATCATGAAAGTTTTAGTTCTAAATTGCGGAAGCTCTTCAATTAAGTACCAGTTCTTTGATACTGATAAAAAGGTTGCACTTGCCAAAGGTCTTGTTGAACGTATCGGAATGACCGGTGCTGTTCTAAGTCATACCAGATATGATGGCGACCAGATAAAAGTAGTTGGTGAAATCCTTGATCATGCAATCGCTATCGAATATGTTCTTGCGGTTATGTTAAGTAAAAATCACGGTGTGATTGATAACAAAGAAGATATTGAAGCGGTTGGTCACAGGGTTGTTCATGGCGGAGAAACATTCTCCGGTTCGGTTTATATAACTGACGAAGTTATTCAAGTGCTGCAGGATAATATTGAACTTGCACCTTTGCACAATCCGCCAAATATAAAAGGTATCCAGGCTGTTAAAAGAATAATGCCGGATACACCACAGTGCGGAGTATTTGATACAGCTTTCCACACAAAGATGCCTCCTAAAGCTTACCTTTATGGAATTCCTTATGAGCTTTACAAAAAATATAAAATCAGAAGATATGGATTTCACGGAACCTCCCATCTTTATGTAAGTAAACGCGCCGCTGAAATGATGGGGAAAGATTTAAGTGAATTAAAAATTATTACCGCACATCTCGGGAATGGCTGCAGTATGGCTGCTGTGGACAGGGGTGTTTCCGTTGATACAACAATGGGATTCACACCGCTCGAAGGTTTGTTAATGGGAACAAGAAGTGGTGACATTGATCCG
CP065001.1_gap36	1582517	1584090	1573	TCGTTCTCAAGTTCCTTAATAAGTCTGTCTATTGATTCAACGCCTTTATTACTAATTCTTCTGTATAACTCTTCAAATTTTCCATCCGCATCATAAACTTCGCTGAAGTCAAGGAAGATTTTATATTGGTAACCTCGAAGATTTGTGTGGAAACCGTGATCTGAAATTTCTCTTCCAGAAAAAAGATATTGAAGATTAGTCTTGTGTTCGCGGCAGATATAATAAAACTTAGAGGAAGACTTAAATCCAAGTGCTGACGCAACCCGCACAAAACCATTCTGGTATTCAGTTGATTCACTATAAGCTTTCGCTACAGAAAAATTAATTGTTCCCTTACATTCATTATATGAATTGTTGTAGAGAACAAGTGCAACTTCACTTCCAGCTCTGTTTGTATATGCGTATACATTTTCGTTTATGTTGCCGTGACTATCTATGAAATCATAGAGCTGGAAAAATCCTGCCTGGCTGAACAAATATCTTTTCTTTAACAGAGGAAATATTTCCTGCTGATGCTGCCATATCAAATGCTGGTCTGGAATTTCATTGTAGTAAGCCCGCTTATATTCCATTCCATATTTTTCAGAGAAACCTTCAACTTGTCCGTGACCGAACATCGGAAGTCCGGGAAGAGTGATCATCATCAAAGAAACACCGAAATATTTATCGCCTTTACCGAACTGGTTAACCGCTGTTTCTTCATCGGGGTTGCTCATAAAGTTGACGTATCTTTTAAGAATTTCAGGATTGAAATCCAATGTGTTTTTTACAAGCAGCCGGTACTTTTCATTTTCCTCCTTCATCATCATGTGCATGAACGCGCTGTTGTAAACGCGGTGCATACCAAGTGTTCTTACAAAATAACTTTCCATTAACCAGAATGCTTCGGCAAGCAGAAGAGTGTTAGGCATTTCAGCATTTATCCGGTCAACAACCTCACGCCAGAATTCAACCGGAAAAAAATCATCGAATGATCCTCTTGTCATTGAAAAATCCGAACGCGAAGGAATAGCTCCGCCTGAGCCGGGTTGCGGATACCACAAACGCTGATAATGTTTTTTTGCGAGAGTCATAGCTGCGTCAAATCTTATGATGGGAGTTTTCCTCGCGACATGCATTATCGTCTGTATGAGTGATTCTCTTACTTCAGGATTCAATAAGTTAAGCTGAGCTGTGTCATTCCACGGCATGTTTGTTCCGTCGTTACCGTGATAAATATATTTTGCGCTGCCTGTATATGAATCAACTCTCTGGAAGACTACAGCAGCATCTGCTCTTGAATAATATTTATCTTCAATCCTTACCTGCACACGCTCATCTTCTGAAAGATTCGGACCAGTGAATGAGTACGATGGATAGGGCTTATCATCACGTTGTATAAAATAGTCTGGTTTTTCGACAACCCATTTTGAATAAATGCCAGTGTGATTCGGAACCATATCGCTTGCCATTCTGATTCCGCGTAACATTGCGCGGTGTTTCAGATTATTAAACGCATCTTCTCCGCCAAGTTCAGAAGCTATCACATAATCAAATAAGGAATATGCTGATGATGTTGCATCTGTATTACCGG
CP065001.1_gap37	1734327	1735998	1671	CCGCGTGCAAAAATACTTAAAGCCTCTGCTGACAGGGTTCTAAGTGAGCTTGGTGTAAAAGATCCGCTTCTAGATATCGCAAAAAATCTTGAAGAGATTGCTCTCAAAGATGAATTCTTCATTGAACGGAAACTCTATCCCAATGTTGATTTCTATAGCGGAATAATCTACAGAGCTATGGGTATTCCTACGAATATGTTCACTGTGATGTTTGCGTTGGGTCGTTTGCCCGGATGGATTGCTCAGTGGAAAGAAATGAGAGAAACACCCGGCGTAAGAATAAACAGACCAAGACAAATATTTACCGGTTCTGTTAAAAGAGAATATACAACGATAAATAAAAGATAAAATTTGATAAATAAATTATAATTTAAGCGTGCGTTTATGCACGCTTTTTTTTTAATATGAATGCAAAAGAAATAATCAAAATATTAGAACTTGAAAAACATCCCGAAGGCGGATACTTCAGGGAAGTTTACCGTTCACGGGATGAAATTGATTTCAATAAACCCGGACAATCATTTGAGGGTAAAAGAAACATTTCTACTTCAATTTATTTTTTGCTTGAAGGGAATGATATTTCAAAGCTGCACAGAATTAAATCAGATGAGTTGTGGCATCACTATTCAGGAAGTTCAGTACGATTATTTTTAATTGATCTTAACGGAAATATCTCACAAAAAATTTTAGGGAAAAACATTCAAGAAGGAGAATTGTTTCAGTTGACGATAGATGCGGGGTTATGGTTCTGTGCAGAGCCTATAAATAAGGATTCTTATACGTTGGTCGGTTGTACAGTAGCTCCCGGTTTTGACTTCAAGGATTTTGAACTTGGAAGCAGAGAACATCTCTTAAAAATTTATCCAATGCACAGGGAATTGATTGAAAGATTCACCTGAAAATTGTCCATCAAAAAATAGTTGATAAAAATTTACCTTAACTCATGTCAAACTTTCATTTAAGTTGCACCTGTAAATATTGTTTAATACAAGATTTCAGGTTGAATATCATACTTAAATTATCTAATTTTTTCACCCGAAAAACAAATTATAGGAGAGCTATCGGATATTTTCTACAATATTTAATTAATGTAAAATAGCTTTCAGGAACTCTTATTATCTACAACCGAAAAAATCTTGTTCGCGAGAGTATCCGCATCACTATACTTTGTGCGGTGGTGTTTTTTGCTGCCATAAATGTCGGCTTCAAATCATACAGCTCATCACAAGTTAACAAATCTCTCTGGATAGATGCCTGGTTCAATTACACAAGGCAGCTCAATAGTCTCAGTCTGTCGCAGTCCGGATTAGATTTAGCTCAAACTCAATCCAACGAAGGATTTCAATCCCCAAAATCGAATTCAGTTTTCTTTTCACCCCCCGATTCAATCATAAATGAAAAAGATGGACTGAAAGAAGTCCTGACGGATTCTATGAAAATTGTGGATTCCATTCTGTCAGCAGCGGATACCGTAAAAGTTGACTCAATGGCTCTTGATTCAACCGCGAGGTTAGAGCAGTTCCGGTATCAAAGAAATGATGACCCTGTTGTTGGATTAAAAAAGAAAAGAGGTAATTCATTTTTTGCTGAACCTTCTGACAATATGAAGGTAAGGTCAATAAAGATAGATTCAACCGGACAATTTGTAGAGATAACAGAAAAAATAGGCGG
CP065001.1_gap38	1737190	1738822	1632	AACATTTATCCTTTGAATGCAAGAAACCTAAAGAGGGACGGTTTTAAGTTTGATATTAAATATGAACAGGAAGGCTCCGAGCCGGTTAACAGTATAAATTCCGTTCCTTTATTAACGGCTTTTGGATTAGATTTAATTAATTCTAGTGGTCAAGCCAACAGGGATGATGAGTTTGACTGGAGACCCGATATAACAATTATTCCTGTTACAGGCGAGATTATATTCCCCGTACTTCAACCCTTTGGATTGAACATGCCTGGATCCTTGGATACTTCATACAGGTTTCAGGATATTTATGAAGTACAACCAAGTATTGCCAGACAAAATAAAACTAAAGATAAATGGGTCTTAGTAGGTAAAAGTTCTGGTGATGCAACATCAGTATATCAGCTTGGTTTTAATATTGTTGAAAACTCGGTTCGTGTCAGACTAAATGGAAGAGAACTTTCTCCCGGCATTGATTACTCAGTTGATTATAACACAGGACAGTTAACTTTAAGAAACAGTGAAGCCACTTTACCAAATGCTGATCTGAAAATCACATACGAACAAAATGATTTGTTCCAGCTCGCTTCAAAAACACTGCTTGGTGCGCGCGGCATTTTTGATTTTTCTAAAAAAACAAAACTTGGTTTTTCTGTTCTTAACTTGAATCAACAAACATTAAGTGATAAAGTAAGGATTGGCGAAGAACCGCTGAGTAATACAATTTACGGTGTCGATTTTGAAACTGCTGCCGACTTACCATTTGTTACAAAAGGTCTTGATAATATTATTTCTACGAGGGAAATGTCGGCATTCACCATTAAAGGTGAATATGCTTATATGAACCCTGATCCAAATACAAAGAAGAGCACAATTGCATCCGATCAGGGGAAAAGCATTGCATACATAGACGACTTTGAAGGAGCTAAAAGAATCATTCCGGTTGGCGTTGCTTATACTTCATGGAGAGATATAAGTCCTCCATTGGGGATAAACATGTTTAATGGTTTTAGCCCGCTGGAAATGATGGACTACAAAGCAAAAAGTTTCTGGTTTACCGAGACTCCATCAAATGTAGTTGTATCCGATCTTTACGGAGATAGAAAAAAAGTTGCAACAACAGATCAGCAGATAACTGTAATGGACTATGTGTTTGTTCCCGATACACCCGGTACTTACAATTATTCCAACACAATATCACAGAAAACTGATTCTACCTGGGGTGGAATAATGAAACCCCTTTCATCAACCGCAACAAATTTGATTGAAGAAAATATTGAGTTCATAGAGTTCTGGCTTCAGATAAATGCGGCACCGCAAAACACACAAATGTATATCGATCTTGGAAGAATAAGTGAAGACGTTATCCCAAATAATAAACTGAACTATGAGGATCTTGACCAGAACGGTGCTATTACAACTGAAGCCGAAGATACCGGTTTAGATACGTTATTGGATGACAGGGAAAGGGCGCTTTACGGAAGTACAAAAGGTGATCCAAGCGGTGATAATTTTGAATTCAGAGGAAGCAGCCAGGTAACGGATATCTTTGATTACTTTAACATAAACGGTACACAGGGCAATGCTGTTCTGACTGACCTTGGAAGAATCCCAGATACAGAAGATCTTAACCGTAACTCAACACTT
CP065001.1_gap39	1802692	1804438	1746	AAAAATATTTCCCAATAAAAAAGGATTACTCTTTACCACTAAAAAAGAGGTGCTGAACTTTAATAACTCCACTCAACAATTTGAGAAGGAAAAGGATTACGGGTTCAATGAACACTTCGGAAATATTGAAATACTTTTCATACTGCAGGATAAAGATGAAAACTTCTGGATATCTGCGGTTAGAAATTCATCTGAACTTTTGATAACAAAAGCGACATTAAACAAAGATGGCAGTTACCAATGGAATGATCTATCATTCCTTAAAAGTGTAATTGATTTTTCAAACAGCAATGCGGTGTTCAGTATTTTTAAAGATGAAGATAAAGGCACGGTATGGTTCTGCGGCGCAGATGGCATTGTTTGTTTCAACAGCCGCTTTAGTAATTTCATTTCTGACGATGATAAATTATTCCCGCCGATGATAAGAAGAGTTACAATTGATAATGATTCTCTTCTCTTTGCCGGTGATGATATTACAAGAACACAACTTGGAATTACAGAACTTACTGAATTACGTTACGGATACAGTTCACTAAGGTTTGAATTTTCATCAATGAAATATGATGACAAACTCGGTGCTTACCAGTACATGCTCGAAGGGTTTGATGCTGATTGGTCGGGTTGGATAAGTGAAACCAGAAAGGATTATACAAACCTGCCTGCAGGAAAATATGTTTTCAAAGTTCGTTCCAAGGATATTAATAACAACATAAGTGAAGCTTCTTTATTCAGCTTTACAGTACTAGCACCGTGGTATTTATCCTGGTACGCATATGTCTTTTATGTTTTTATTATCGGCATAATGATTTATTCCTTTGTTAGGATCAGACTTCAATATCTTACTCAAAGAAATATTAAACTGGAAACAATAATATCTGACAGGACGAAACAAATTCAGGAACAGGCAGAAAAACTTAAGGAACTTGATGAAGTTAAATCCAGGTTCTTTACAAATATTTCTCACGAGTTCAGAACGCCGCTCACATTAATATTAGGACAAATAGAAAGTTCTTTAAAAACATTAAGCGACAATAAGATCATCAACAAGCTTCAAATGAGTTTCAGAAATGCAAAACGTCTTGAAAGACTAATCAACCAGCTTCTTGAAATATCGAAGCTTGAATCCGGGAAGAACCATTTAAGAGCTGCAAAAAGAGATTTTGTGAAATTTGTCCACAGTACATTCTTTTCATTTGAATCCTATGCTGAACAAAAAAATATTTCACTTCGTTACTCGTCCGGTATTGATAAACTTGATATGTACTTCGATCTTGAAAAGATGGAAAAGGTATTCAACAATCTTTTTAATAATGCGATAAAATTCACTGATGAAGGCGGTGTAATTGATCTGAATATTTTATTAAGCGAAAGAACTGATTCAGAAAATCAGCTTTTGAAAATTTCAATCAAGGATACCGGGCTAGGGATTCCAAAAGAAAAACTACTGCACATATTTGACAGGTTTTACCAAGTTGAAGGTATAACAAGAAGTGATGCTGAAGGCAGCGGAATTGGATTAACCCTTAGCAAAGAATTAATTGAACTGCACTCCGGTACAGTTTCAGTTTCAAGTGAAGAAGGAAACGGAACTGAATTTATTGTGCATCTTCCAACAGGTATTTCACATCTCAACCAGAATGAAATTGTTGAGATTAAAGATGAACCTGATTATGAACCCGAAACAAAAATTAATGAAGAGCCGGTACGTGAAAAATCTGATACTGAAATCGATTCGATTGCCGGACG
CP065001.1_gap40	1824992	1827634	2642	GATGCGAAATGAGTTTTGAATACTTTTACTTTGTCAATAAGTCTATCAATGTCATCAAGATAAAGCGAGTTATAATCCTTTAAGACGATGTCCTTAATCTGCAACAATGGTTGAATGATTTCCCCGTAAGTTAAAATTCTGTTATCGTTAAACATCGATTCATATAAAGCGAGTTTTAAATCAGCTATTAGCACAGATGTTTTTTTGAAAGTAATTTTCTTTTCAAGTTTTTTTATGTCATTGTAATAACACTTCATCAACGCAACGCGTAAATGATCAGCGACTTGTATTGTTGTTTGAGAAGTGACAAACGGATTTCCATCACGGTCTCCGCCAGCCCATAACCCAAGCTCAATCAGCTTTGTGTTTTCAGAATCACTTGGAAATATTTTCTTGAGACTATTCACAAGTTCACCCACACCGTCATAATAAATATTCCGAAGAAAATAAATCAGGCTCATCGCTTCTTCTTCAGGAGTGGGTTTCTTTCTGTTTATGAGAGAAGTTAAACTTAACTGTTTCAGTAGTGTATCAACTTTGTTGACAGATTGTTTTATGATACTTTTTCTCAACCGGTTGATGATATCCAGAACCGGATCAGAATAAAACTGAGTAGGATGCGCAGTGAATACTAATCTTATGTTATAACTTTTTAACTTCTCTTCGATTTTATTTTGTTCCGGTTTGCCCTTTGACATTTGAAGATAATCTTCAACTGACGGTTCACCTTCAACAAGCTTGATTTGACCGAAAGCAGCATCTTCAATACTGTCAAAAAGAACAATCTGCCTTTCGATATACTGAATGACTTTCAGAAGATAGCCAATCTTTTTTTCTTCAGTATCCGCAATTGTGTAAGTTTTGAAAAATTTATCAATGATCTCTTCAGGACGTTTGCCTGCTTTCAAGCCCTTCGTACAGGTCTCCTGCAGTACCGGAATTAAAGTTCCGATGGATGTTATTTCAGGCAAAGAAAGATTCAGGAAAAGACTATTATAAAGTATAAACTGCTTTTGTACTTCTTTTTCAAAAACTTCGACTTGTGAATTGCTGTTCATTGACTCCTTGATTTATGAAATAAATTCTTTAAAAATTAAGTGACAAGATTGATTTCAAATATTTAAAGAAATCTATTTATGTAATTAGAGTTCCTTGAGTCCCTTCGCATCTACAAACAAAACATCCCCGATAGAACTATAGCCATCAAAAAAATCCGCTCCTTCATGTTTTATCAATGCCTCTTCAAATCCGAGTATTGTTAATCCCGCATCAGCGGAATGAGTGTTAACCAAAGTTTTAAAATCCGTATCACCGTTTAACTCAATGACCTTAATATTTTTTTCGAATATAGGTAATCGTCCTTTTAATACAAGCTCGTCGAGTCTTCTTTTTTCCTCTTCAAGTTCTCCTTTAGCGCACACACTGAAAACTTTTATGAAAGCTTTTTCCCAATCAGGGTGACCCAGCAGAATGTAACTCAGCAGTATCATCAGGTTAGCGTTTTCAATATCCTGGTCTCTTAGCCAGATGTGAATACCGCTGCTGTAATTAATAGTTCGCTGAGAAGTCCCCATTATACAAACATCAAAATCACCAGCCTGAATCAGTGCTAAGTTATCGATTATCTTTTCAAGAGTTTCAACTGAATGCTTATCATACTCAAATATTATCATATTGTTTTCCATCCCGGAAGGACTTGGCAACTGCACAATCTGTGCGATAGCGGATGTGAAGGATGGTGAGATAATAGTATCGATATAAATATTTCCTTTAACACTTCTCGTTCTATTAATTAATTCTGATAAAACTTTTTTTGATTCTGTGTTATTTGATTTTGAATAGTAACCTTCGATAAGATGAATATAAGTTCCGAATCCAAACCTGTAAGAAATCCAGCTTAATAAAATCAGTGCTTTATCCCTCTCGAATGAATCCCTTGATACACACACAGCCGATGGTCTCCAGTTTTTATTTTGATCAGCCTTTTTTGTTTTTTGAAGGTACACAAAAACGTTCCTGCTCAACTGGAATATTGCATTCTGGAATATTGTTACAAGACCGCCGCGATCTTTGTGATAGCTATTAACATACAAATAAAGAATGACCATACTTAATATTGAAAATAGGGCATAAGGCGTGCTTATCTCAAACATAAGTATTACACATATCAAAAATCCGAGCAGAGACAAATACCAACGTGACCGGAATTTTGGTCTGTATGAAGGATCAGCACCAAAATGATAAAGAAATGAAATAAGACAGAGAGAACCATACGTAACCATGAAGAACATTGTTATGATTGTAGCTACTACATCCACATCACCGAGCATAACAAATATCAATGCAATTACCGACACAACGATGGAAGCATTCCTTGGTTCGTTTACACTTCCAACGCCTTTGGCAAGAAACCCGTTTGCGAATGGCAGCGGAAAACTTTTATCAATACCAAGTGCCTGTAATGTTCGCGGTGCGACAAGGAATGAGCCAATCGCAGATGAGATTGTTGATGCCGCCAATCCTAATGGAACAAGAACAGCACCGAACAAAGTGATTTTGGACATAACAAGTTGATCACCGAGTAATTCTTCCGGACTTGCTGATATTGCAAGCTTATGAATGATGAAGATATAAATAACAAA
CP065001.1_gap41	1895878	1897998	2120	GTTCTTTGGTGAACTGTTGATCATAACTATCGGTGTTTTTCATCTCAACTTATTTTACGTTCACAACTTTAAGGTAGCTGTACAAACCGGTGCTGCAATATTCTCTGTGTGGATGGTTATAAAAGTTTTTGTTGCCGCAGCAATCTTTTCAAGATTTAACAGAAAATAAAATTATAGCTACTGCTTCTTTTTAAGTTCAACTTCTCTCAAACAATTTGCGGGATTTATGGGTCTGAAGAACGGCATTTTTATTATCATTTTTATTTCTGCATCAGTATTCTTTATAAAGAATAGTTTAAACCTCATAAAATATCTAAAGGTTGGTAAAAAGCAGGATAACCGGTTTGATAATATTCCGGCACGACTTAAAAAAGTCTGGACTATTGCTTTTGCACAGTCAAAACTTCTGAGAGATCCTGTTGCAGGTACTCTGCATCTATTAATCTTCTGGGGTTTCGTACTTTTTTTATTCGCAGTTATTGAAGCAATTATTCAGGGTTTTTACTCATCTTTCAGTTTATCCTTTTTAGGGCCTTTTTATTCAGTGATAACTATTATCCAGGATTTCTTTGGTGTACTTGTAATTATTGCCGTGTTAGCCTCTCTCTATAGACGCTTCATAAAAAAAGTACCAAGGTTGATGGTTGACAAATCAGGACAGATTGATGCGGCTTTTATCCTTCTGATGATAATGTTTGTCTGCATTACGATGTTTGGACAGAATATTTCACTCGTCGCCAATAACAATTTTGTACTTCATGACTTTGAAATAAGACCCATATCAGCATTGCTAAGCCCTGTATTTTTCTCTGGGGCAAACAGCTCATCTAATATTTGGTATGAGATATTTTGGTGGGCTCATATTCTGATCGTGTTTGGATTTTTAAATTTTCTACCTTTTTCAAAACACCTGCATGTACTCACATCAATTCCGAACACTTTTTTCTCAAATAAAGATGAAATACGCAATACACTAAAACCTCTGAACCTTGAGGATGAGAATGTAGAAGTTTACGGAGCCTCAGATATTGAACATTTTTCATGGAAACAATTATTAGATGGGTACTCATGCACTGAATGTGGAAGATGTACTGCTTCTTGTCCTGCGGCAACGGTAGGCAAATCCTTATCGCCGAGAAAAATCATTGTTGATATACGTCACAGAACAATGGACAAAGCACCATTAATCGTCAACAATATTACTGAGAGTGAAGTGTTTGAAAAGCCACTTGTACACAATTATATCAGTGACACCGAACTTTGGCAGTGCACTACTTGTATGGCTTGTGTTCAGGAGTGCCCGGTAATGATTGAGCATGTTGATTCAATTGTTGATATGAGAAGAAATCTGGTGTTAACCGAATCGGAATTTCCGGCAAATCTGAATTCAGTTTTTAAAAGTATTGAAACAAATTATACTCCATGGGCTTTTAATCAGAGTGATCGTGCTAATTGGTCGGAAGGAATGAATATTAAAACTCTGGCAGATGATTCAGGCGGCGAAGTATTATTCTGGGTCGGTTGCGCTGGATCATTTGATGCACGTTACAAAAAAGTGACTGTTGCATTCGCTAGTCTTATGCAGAAAGCAGGTATAGATTTTAGAATACTCGGCAATGAAGAAAAATGCAATGGCGATACTGCAAGACGTCTTGGTAATGAATATCTTGCCCAGACAATGATGCAGGAAAATATCACAACACTGAACGGATATGGAGTAAAAAATATAGTGACTGCATGTCCACACTGTTTTCATTCTCTGAAAAACGAATACAAGCAATTTGGCGGTGATTTCAATGTAACTCATCACTCCGAATTTATAACATCACTGATCAGTGAAGGTAAATTAGAACTGAAAACAGAAAATGAAAAACAGAAAATAACTTATCACGATTCATGCTATTTAGGAAGATATAATAACGTTTATGAGCAGCCGCGAAAAGCTTTATCATCAATAAAGCACAATGATGTGGTTGAGATGAACCGGAATAAAAGCAAAGGCTTTTGCTGTGGTGCCGGCGGCGGTAGAATGTTTCTTGAGGATGAAGATGGCGGAAGAATCAATATTGAAAGAACACAGGAAGCTTTATCGACAAATGCCGATACAATAGCTTCTGCAT
CP065001.1_gap42	1905791	1907325	1534	CTTGGTATAACTAAAGTAGCGGCTATTGAATCAAGGGGATTTATTTTTGGTGCACTGCTGGCAGAGAAATTAAATGCGGGTTTTGTACCGCTGAGAAAACCAGGAAAACTTCCTTCCCAAAAAATTAGTGAATCATATCAATTGGAATATGGTAACGATTCTATTGAAATGCATGTTGACGCAATTAATGAAAATGATAAAGTTCTCATTCATGATGATTTGTTAGCTACTGGTGGAACTGCCGCGGCAGCCTGCAGCTTAGTTGAAAAAGCTGGTGGTAAAATTATGCAGGTGTCGTTTGTTATTGAGCTTTCATTTCTGAACGGAAGGAAAAAACTGGGAAAGTATGATGTTGTCTCTTTGATCGATTATGCAGATGAGAATTAATTCTCTGATTTCCAATTTAAGGGTGATATAACAACTACAAATTCACCCTTAATCACTTTAGTATTCAGAGTGTTCAAAATTTCTTTGGGATTACCGCGCCAGGTTTCCTCAAACTTTTTTGTAAGTTCACGGCAAACAACTATAAATCTTTCCGGCATATACTCATTTAGTTCATTTAACAATTTTTCAATTCTATAGGTAGATTCATACAGCACGATAGTTCTATCTTCTTCTGCCAGTTTGGACAATAATTTTTGTCTGCCTTTTTTCTGTGGAAGGAAGCCTTCAAATATAAATGAATCTGTTGGCAAGCCGCTGATACTCAATGCTGATATCAATGCTGAAGGTCCTGGAACGGATACTACTTTTACTCCAATTCTAATGAGTGCTGAAATAAGTCTTACTCCCGGATCTGAAATTCCTGGTGTTCCCGCGTCGGATACTAACGCTACAGATGTAACAGTGGTAATCCTTTCAATGAGTTTTGGAATTTTATGTTGTTCGTTAAATGCATTTAGTGAGATAAGTTCTTTTGCAATCCCGAAATGGTTTAGCAGATTCCTTGTAACACGAGTGTCTTCACAGATAATAAAGTCAGACGATTTAAGAGTCTCAATAGCTCTCAATGTTATATCGCCAAGATTACCAATAGGTGTACTGACTATAAAAAGTGTTGATTCCAAATTCATTTAAAATGATTACGGCTCCTTTATGGAGCCGAATCATGCAAGTAGTTTAACAAATTAATTTTTAGTTCGATAAAAAATTAAAACTTTTCTAACCAAATTCAAACCTTCGTCCAACTCATCAGTCGTAATATTTAATGGTGGTCTGAATCTGATAGATTTTTCTCCACATCCCAAAATAATCAGATTGTTCTTGATGCACTCATTCCTAAACTCATCTCTTACCTTTGAAGTTGGCAAATCAAAAGAACACATCAAACCAAGTCCTCGGACATTGGTGATTAATTCAGGGAATTCAGTCTGAAGTTTGAACAGTCCATTTAACAAATGCTCACCGCTTCTTGCTGCATTATCAATCAGGTTATCTTCCTCAATAATTCTGAGTATATGCTTTGAGCGAACCATATCTGTAAGATCTGAACCCCATGTGGAGTTTATTCTGCTTGATTTACGGAAACAGT
CP065001.1_gap43	1976888	1977392	504	ATACTTTTTCTCAGGCTCAATGGATCTCAATCGATAATAAAACATCCGTATTTACAAATCCAGCCGTAACTTTATTAAGCGATGATGCATCCGGAACAGTTATTAAGATTGACATTCCGGGCTATTTACTTCAGCAATTTAATGCTAACGGAAAAACATACTCTTCAATCAGTATAGATGATGATGAAGGTATTACTTCAGAAAAAGGTTTGCCTGAAATTCCACATATAGCTAAAGTACTTGCAATACCTGACAGAGGAATAGTAAGTGTCGAAGTTCTGGAACTTGGTGAGAAGCATATTTATAAAAACGTTGACATCGCCCCTTCAAGAGAAAGCTGGAAAGAAGGAGATCCCGAAACCGATTACATCGAGAATAGTAAATTTTATTCATCGGGTGAGTTGTACCCGGAAGTTCTGGCAAGTGTTGAAGAACCATCCGTATTCAGAGATTTCCGTATAGCAAGGGTTTCAGTTTTTCCTATAAGATATTCACCTGCAAAAA
CP065001.1_gap44	2065516	2069649	4133	TCAGCAGCGTCAAGTCCTTCATCAGCTCTTAAAAGACCTGCATGAAATACAGAAGCAATTGGTCCGCGGGTATTTGAGCAAACATCTTTCGCCGCTTCAACTCCGCCTTCTTCAAGTGCTTTTCGTACTTTTACAATAAACTGTTTTGTGTTAACTCTAGCCCTTGAGAGGGTCCAGAATCTTTCGATACAAAAAGCAAGACCTATGACTAAACTTGCAAGAATTGGATGCATAAAGAAGCCACCTGCTTCATATTTTTCAGCTAGCCAATTCAATGCGCCTGTATCATTAGTTGCTTGTGCGATTATATTAAGAGTCGATGAGAGAACACCTGTAAATTCCATATATACTTGACCTCCAAAATATTAAATAAGTTAAGCTAACAAGTAGGAAAACCCTGCTAACTATTTCAAAAATATGGTGCTACATTAAGCATTATAGAAAACAAAGTCAACAAATTATTTGTTGCGATTTCTTTAAGAAAAACTTAAAAACACAGAATTTATTTGCTTTTAAATTGCAAACCTGTTTGTCAATTTTATAACATTTCCTGTAACAAAATTGAACCGGGTAAACAAATCATGAACGAGTTCTCCGACCTCTTCTGGTTTGATCCAGGAACTATAATCTGCTTCTTTCATCCAGTCTCTGTTGGCTGGAGTATCGATTATGTAAGGAGCCAAAGCATTAACACTCAGATTTATTTCTTTACCTTCAAGTGCAAGAGTTTTAACAAGGTGAATCAGAGCAGCTTTGGAAACTCCATAGACACCTTTACCCACTTCTTCTTTAAGACCTGTTAATGCCGCAGTAAAACAAATTGAACCTGCGAGAGAATCTTTTACAAGTTTTGAAAAATGTTTTGCGATTAAAAAACTGGTTTGAAGATTGATCGTCATCATTTTCTGATAATCAGCGATTTCAGCATCCCAGATTTTCCTTCCGCCAGAAAATCCGCCGATTGTGGAGTAAAGAAATAAAATTTTATCCTTGCCGGGACTGACTTTACTGAGAACATTCATAACATTGTCCTCTTCTGATAAGTCAGAAGTATCAATCAATACAACATTCTCTTTTTCTGTTTTTATTTTTGAAATGTCAAAATCGAAAAGATAAATTTTATCATAATTTTTTGATAAAAGAGATGATGTAATTCCTTTTCCCAGATAACCGCCTGCACCAAAAATTAAAAGCTCTCTTGTCATTACATTTCTCCTTTCAAAATAAACTTTGCCGTTACAGGGAAATGATCACTGTATCCTCCAAGGTATCTTGAACCGCCGTAAGTCGGGAACGGTGTTCCGGCAAATTTTCCAGTGCGTGTAATCATCACTGAAGGTTTGAATACTTCAAATGAGTTGCACAGGTATTGTACTTTATTACTATTAAAAAAGTTTCCCGTAATTATTATCTGGTCAAGCATATTCCAGTTATCCTGGTATTTATAACTTCCTGAACCGGATTTATATGGTATATATGCAAGGTTATATAACTGAGTGTCACTGATAACAACTGAAACGGAATCACCGCAGTTATCCGGTACAGCCCTCAAGTGATCAGTTATTGATTTATTATCAGGCATATCATTAAAATCACCGATAATAATAATCTGTCGTTGTGAATTTAAATTAAGTAGTGAATCAACATTTTTACGCAGCACCTTTGCAGCATTTATTCTGTTTGGTTCCGATTCAGTTTCTCCGCCTCTTCTGGATGGCCAGTGATTTACAAAGACACATATAGTATCACCATATTTACTAAGCAAAGTACAACCAAGAATTAATCTTGTCGGGTATCCGTCATCAAGATGTACTGTATCTCCTTTAACGGATAGTAATGTAAACTTATCGGAATTATAAATTAATCCGTTATCAATACCTCTTTCATCGGGTGCTTCTAATGCTGCTGTTTTATAATTAATATCATTAAGAAATTTAGAAGTTAGTGAATCTATCAGTGCCTGGTGTTCTATTTCGCAAACTCCCAGTATATCAGGACCGTAGCTATCGCCCATCATTCGAATCACTCTTGCAAGATTATATAGTTTTTTTTCTAATCTATCAGCAGTCCACTCTTTGTTTCCCGCAGGGAGGAACTCCTCATCGTTTTTAACAGGATCATCAACAACATCAAATAAGTTTTCGAGGTTCCAGAACCCAACTGTAATTGTGTCCGCCGTAGATTGCTGAGCACAGGAACACATTATTCCCGCAGTTGAGATGAACAGGATCATAAAAATTTTATACACTGATTTCTCCATCTATACTTTTCTAAATTTCTAATCGAGTTACCACACCATGTAATTTGTTGTACGGCAATTTATAAAATCTGACAAATGGCGGTGTTATCATTTTAATGAATGCAAATATCTTTAGGAAGAATTTCTTTGTTTCGATATCTTCAACACCATAGAAAATTGCTTTCTCATCAATATTGTTTTCTTTTAGTACGCCTGCAAGATCAAGTATTTCAAGATATCCCTGGAAGATTTCAAACCCTGATAATCCGGTTTCAATATTTTCTGTTTTCTTAACGCTAATTCCATACGGATGATCCGTTACATGAATTGAAACAAGTACATTGTTTTCGTAAATGATATTCCCTCTGATAATACAATGAACTACGTATGGAGGAATTTCATTCAGGTTCTTACTAAAGAATAGCGCTGTTCCTTTTATGTTGTTACCAAGTTCATAAATCTGCTTGTAACTAATAAGAAACACATCCATTGGCAATGCACGGAATGATTTGTACATAGAATTGTTGCCTGTTATCCATAGTTTGATCAACAGGAAGGGTATCAAAGCAATGATTATAGACCAGTAACCACCGTGCGGTACTTTGTCGAATACAGCAATCAGGAATATTACGTTCACCACAAAAACAAAGATGGCTGCAATGAATTTTAATTTCCGTTTCTGAATTTTAAAAATCCATATCATGAACGTAGCACTGATAGTCATAGTCGCTGTAACAGCAAACCCGTAGGCAGCAGCAAGGTTAATTGATTTTTGAAAAATGAATATCATTAATAAAACAGCAATTAATAAACTCCAGTTAACAGCCCCGATATATATCTGGGATTTAATTTTTGTTGAAGTGAATTTTACTTTCATCAATGGAAAGATGCGCGTTGTAATACCCTGGTACAACAGCGACATAACAGCACTTATCATTGCCTGTGATGCAATGATAGTAGCAAGCAGTGTTATTATAAGAAAAGGTATATAAAAATAAGGCGAAATAGATTTCACCATTTCAAACAATATGAATCCTGATTTTTTATGTGTCAGTAAAAATGCACCCTGACCGAAGTAGTTCGCTATTAACGCAAAGAATACAAAATACCACGCACGTCTTACTGGTTTACTTCCAAGATGTCCCATATCCGCATACAGAGCCTCACCACCGGTTGCACACAATATTACTTCGCTTAGTATCAGAAATCCTGTTAACCCGTTATCGAGCATAAAGTTTATTGCATAGTAAGGACTAACAGCCTCAATTACATGCATTGATTGTGACATAGAAATAATTCCGGAAACGAAAAGTGAACCAAACCATATTATCATTATTGGTCCGAAGGAAGATGCAACCTTATCTGTTCCCTTGGATTGAAATGAAAACAGAATTATTGTAATCACACAGGTGATGATCATTACTGCTTCAGTTTCGATGTGACCAAACCCGGGTATGAGTTCAAGTCCTTCAACAGCGGATAAAATACTTATTGCCGGAGTGATAACACCATCACCCATGAGTAGTGAAACACCAACAAGACCAAGAAAACCTGCAAATGCAATTTTCTTTGCTGATTTAATTGAGCCGGTTAATATTTCTTTTAAGACAATGATACCTCCCTCACCTTTAATACTTAAACTCATTGCGAGCCATGCATATTCAATGGATACTATCACTATCAGCGTCCAAAAGATTAAGGATAATATTCCAAGGATATTTTCAACTGTGGGTGCAGTTAATGCAAATATGATTGTGAGTGTATATATCGGACTTGTTCCTATATCCCCAAATACAAGTCCCAGTGCTTTAATTATTTCTTTAACAGAGGAGTTAAGCTTTAAGAGATTCATACAATATTTTTCATTTTACACAGAAGCGGACATAAGTTTAAA
CP065001.1_gap45	2223377	2226680	3303	CAGATCAAAAACTATTTACGACTGCAACCATATCAGGATTAATCGTCTTCTTCATATTTGCGATGCAATGTTTATCAACCGTTGCCGTGTCAAAAAAAGAAACCGGCGGATGGCGAATTCCTTTGCTGCAGGTTGTGATTTTTACATTTACGGCTTATGTACTGATGTTTATGACTGTTAATGGATTGCGTGCTATCGGCATCAATTAACACAACTCAAGCATGTTAGATTTAGTTGTGTTGCTATTAAATTCAGGCTGTGATATTTTTGTTCATCACCTAACGAACCAGAAATAAAAATTGAAAAATTTACACGCTGCAGAAATATTCAGATCATTTTTGAAGAGCGAAAAAAATCGTATAACACCGGAACGCTTTGAAGTAATGGATGCTGCACTTGAGTATGAGGGTCACTTCGGCGCTGATGATCTTTATATTTTGATGAAGAATCACAAATCAAGAGTATCACGTGCAACAGTATATAAAACACTCGAACTTTTATCTCAATGCGATCTGCTGAGTAAAAGAAATTTCGGTGATAATATGACCAGGTATGAAAGCAGTTACAAACGACAAAATCATGATCACCTGATCTGTATGGATTGCGGACGAATCGTGGAATTTTCGGACCCAAAGATTAAAAAAATACCTGAAGAGATAAGTAATAATCTTGGCTTTGTGTTCTCAAGTTATTCATTCAATATTTTTGCGCGATGTAAGAATGCAAAAAGCTGTAAACATTATAAGGAAAGATAATCTCTCAACAACCCACAGATGTTCTTAGGTTAATATTATGCTTCATCAAAAATATCCTCTTACCTGGCAGAAAAATAATTTCAGTATTAAAATATTCTGTTCTATCCCTAACATCGCCACAGGTATTCTGTTAAGAACGCCGGATAATCATTTCATAGTTGACCCGGGAGATGGTATACTGCGTGATCTGAATAAGGAAATTGGGACTAAAGGTATTCTTAACATTTCAGATATTTTCGTTACTCACGGTCATCATGATCATGTTGGAGGGGTTTGGTCACTCTTAACTTATTTGAGAGTGATGAAAAAGAAATCATCCGTTTCAATTCACTATCCAAAAGGATGTGTGGAAATAGAAAGTATCTTCAATGCGTTTATGAGGGTTTATTCCAGAAGCATCAGCTATAAAATTTTTCTAAAACGAATTGATAATCCTAAAAAATTTTCAACTAAAAAAGTTAATGTTGAACCTTTCCCTGTTATTCACAAAGAAATTTTGCCGAACGGAGTTGATACAAGACAGGTTCCTGCTCTTGGATATAAATTTAACTCGCAGGGTGTTAAGATCTGTTATGGCGGTGATACAGCGTATTGCGACGAACTGGTTCAGCATGCAAAAAATTCAGACCTTGCTATAATTGAAGCAGGTCACGATGATGATACTCCCAATGATATGCACATGACTTTGAAGGAAGCTACAAAGGTTGGTTCACTCGCAAAAGAATTCTTCCTTGTACATGTACCTGAATAAAAATAATTTCATTAATAAACTAAGAGAATCATGAAGTTTAACATAAAACTAATTTCGTACCTGGCTTTTTTGATAATCTATCAAACAGCATTTGCTCAGCAATCAGATAACACAATAGATACTTATCGAATGCCCGGGGAAAGTAAACTGTCCAACATCAGAATGCTGACTGAGGATGGAGAAAATGCAGAAGCCTATCTTTCCTTTGATGAAAAAAAGTTAACATTCCAATCGACTCATGGTCAATGGAAATGCGATCAGATATTCACAATGAACATTGACGGAACAGAAAAGAAATTAGTCTCAACCGGTAAAGGCAGAACAACCTGTGCCTACTTTTTACCGGGTGATGATAAAATATTATACGCATCAACACATCTTGAAAGTGATGATTGTCCTCCCCCGCCGGACAGATCAAAAGGTTATGTCTGGAAACTCTATGAATCGTTTGACATTTTTAGTGCAAATGCAGACGGCAGTGATGTAAAACAACTTACCAACACACCTGGCTACGATGCAGAAGCTACAGTATCTCCCAAAGGTGACAAAATAATATTTACTTCAACAAGAGACGGCGACCCCGAACTGTATGTAATGGATATCGATGGCTCAAATCAGAAGCGTTTAACATTTGAAAAGGGTTATGATGGCGGTGCTTTCTTTTCACAGGACGGAAGCAAAATTGTTTTCAGAGCAAGCAGACCTAAAAGTGAAAAGGATCTTGAAGATTATAATGATCTTGTTAAAAACGGTTACGTCCGACCAACAGCACTTGAAATTTTTGTAATGAATGCGGACGGCAGTGAAATGAAACAGATAACCAATCTTGGCAAAGCCAGCTTCGCTCCTTTCCTTCATCCCGATGGAAAGCGGATAATTTTTTCATCCAATGCAAACAGTAAATCAGGAAGAGATTTCGATTTATATACAATAAACATTGACGGAACAAATCTCCAACAGATCACATATTTTGAATCCTTCGATGGCTTTCCAATGTTCACAAGAGATGGTAAAAAACTTATCTTTGCTTCAAACAGGTTCAGTAAGAACGAAGGAGATACAAATATTTTTATTGCTGACTGGACAGACTAAGTAAAGGATTAATATATCAGGAGGAAAACAAATGAAGAAAAATTATTTAATCGTGTTATTATTTACCGTTGTTGCCTGTGGTTTCTACCCCGGTGATGAGGATAAAAATCCGGCTATAACAGCACAAGAAATTATTGATCACATTACATATCTGGCTTCAGATGAACTGGCAGGACGATTCACAGGAACAGATGAGTGTTATAAAGTCGCAGAGTACATAAGGGATGATTTAAAAACCAGCGGACTATCACCTCTATTCGATTCTGATTATTTCCAGGAATTTAGTTTCATAGCGGGGATTGAACCCGGTTCCGAAAATTCGATTAGTTTTAGCAGCAGTGGATCAGTAAAAGAATTAGAAATGAAAACTGATTTCATAACTGCTCCTTTTTCAGGAAAAGTTTCTGTTAAAGGAGAATTGGTATTTGTCGGTTATGGAATTTCAGCACCAAAACTTAAATACGACGATTACGATGGAATTGATGTTACAGGAAAAATTGTTGTGGCAATGAGGTATTCACCTGAATACGATAATCCTCATTCTGAATTTGATGAGTTTGCATCTTTCCGTCACAAAGCTACAATTGCAAGAGATAAAGGTGCGCTCGGTATTATTTTCGTCAACGGGCATGCACCTAAAGACGAAGAAGATGTGCTGATGAAATTTTCTTATGACCGTGGCGGATCAATCCCGGAATTTGCTGC
CP065001.1_gap46	2237779	2242156	4377	AACTAATTTTACTGCTTCTTTTACTTTGTTTGATTCGGGGTAAGGTGCACTTCCAAAATTGCTGAATGATAACATTGCAATTCGGGGAATGACATCAAATTCTTTTACCGTATCGGACGCTGATATAGCAATCTCAGCGAGCACTTCTGCACTTGGATTTACATTAACCGTACAATCAGCGAAGAAGTAAACCTGCTTCTTTGTTACAACTATGTATAGACCCGCAACAACTTTAAAACCATCTTTTATACCAACACACTGAAGTGCTGGTTTGATTGTAGTAGGATAATGTGTTGTTAAACCACTGATCAATGAATCGGTATCACCGGCATCAAGCATCATTGAACCGTAGTAGATTGGCTTCTTCATCAGTTGACGAGCTTCCCTTAAAGTTGCTCCTTTACGCTGACGTTTTTTATAAAACAGTTGAGCGTATTCCTCAGCCTTTGTATTGTTTTCAGGATCTATGATTTCAAATTCATTCTGGTCATAACCTAATTCTTTGATCTGTTCCTTAATGATCTTTTCATTACCGAGCAAAATTGGTTTTGCAATATTATCCTGGTAAACAACATGTGCAGCGCGGATTATTTTTTCTTCTTCACCTTCGGGATAAACAACTTTCTTAGGATTCTTTTGTGCTTTATGGATCATCACACGAATAATTTCTTTAGATAATCCCAGACGTTCTTTTAACTCCTCCTCGTAAGCAGTCCAGTCTGTGATCTGATATTTAGCAACACCTGTTTCCATTGCCGCCTTAGCCACTGCAGGAGCAACGTGCCATAGTACACGAGGATCAAATGGTTTTGGAATTATATATTCTCTGCCAAAAGAAAAATCTTCGCCGCCATAAGCACTGATAACCATTTCAGGAACTTTTTTCTTTGCAAGTTCCGCCAGTGCCAGAGTAGCCGCCATTTTCATTTCTTCATTAATTGCGGATGCTCTTACATCAAGCGCACCTCTGAATATGAACGGAAATCCGAGTACATTATTTACCTGGTTTGGAAAATCACTTCTTCCTGTCGCCATAATAAGATCTGTGCGAACAGATATCGCTTCATCATACATGATTTCCGGATCAGGATTTGCCATCGCAAAGATAATTGGATTTGGTGCCATTACCTTTACCATCTCTTTTGATACAACGCCACCGACGGATAATCCAACGAAAACATCAGCGCCTTTAAATGCATCCAGGAGTGATGGGAAACCTTTCTTTTGTGCGAATTCTTTTTTGTATTTGTTGAGATCATTTCTATCCTGTGTCAAACATCCTTTTGAATCGAACATATAAATGTTTTCACGCTTTGCACCAGCTCTTACGTAGAGTTTGCAGCAGGATATAGCTGATGCGCCTGCACCATTAACAACTATTCTTACCTGGTCAATTTTTTTACCGGCAACTTCCACAGCATTTATTAAAGCAGCGCAGGAAATTATTGCAGTGCCATGCTGATCATCATGAAATACCGGAATTCCCATTGTTTCTTTAAGTGTTTCTTCAATTTCAAAACACTCAGGTGCTTTTATATCTTCAAGATTAATTCCGCCAAAAGTAGGTTCAAGCATTTGAACTGCTTTGATTATTTCCTTTGTATCGTGACTTCTCAGTTCAATATCAAAAACGTCTATATCAGCAAATCTTTTAAATAGAATTCCTTTGCCTTCCATTACGGGTTTGCCAGCTTCGGCACCAATATCGCCTAAGCCTAATACTGCAGTTCCATTTGATACTACGGCAACAAGATTTCCCTTGGCTGTGTATTTGTAAACATCTTCAAGATTTTTTTCAATTGCTCTGCACGGTTCAGCTACTCCAGGTGTATATGCGAGTGATAAATCCCTTGAGGTTAAACAAGGTTTTGTCGGGATTACTTCAATCTTCCCTTTTCGTCCCTGGCTGTGATATTCAAGGGCTTCTTCTTTACTGATTTTCATTTCTATTCTCCTTTGGAAAAGTCTCGTTAATGTTTGAAGGGAATCGTCTCCGGTCTTTATCAAGTTCTGTCAAGTTATAGAATTCAAAATAGGTAGAGTTAAACAGATTTGTATTTGAGGGATGTACTAACTGATAAATTACATTATGTTCAAAAAAAACAGGGCTCACACAACAGATTCCCACTTCAAAAAGTAATTATATTGATCATTTTATTTCAAAATTACCTGATCAAAAATACAAATATTCCTTACCAAAAGTTAATAATTTGTCATAGGAAAAATAAATAGCATTCAAAATTAATAAAGTAAATCAGGATAGAGTTGCCTCATCCATCAGTTTTTCTGAAACTTCTTTGCCAAGGTATATATCAATTACATAATGAATAACGTAGAGTATTGGCGTTAAAATTACAGCAATCAAAAACTTGTAGATATAGTTGACAATTCCTATCGCCAGAACCAGTGATAATTCCCATCCGGCACCGATATAAAACGCAATGAACAAAACAACAAAACTGTCAATAAGCTGCGAGACCAGTGTTGAGCCTGTCGCTCTTAGCCATATTTTTTTTGAACCAGTTATTTTTTTTACATAGTGAAATACCGTTACATCAACAAGTTGACCAATAAGAAAAGCGGTTAATGATCCAATGATTATCCAGAGTCCCTGACCAAAAATTGAATTGAATGCCAGATCCATATTAATTGTACCGGAACCAGTCTGACGTTCAATCCAAAAATCTGCTGGAGTTAGTCCCATTGAAAAATAAACCAGTATGAACGCATATAAAATCAGTGTTGCTGCGGTAAATGAAAGAAATCTCACTCCCCTTCTGCCAAAGTATTCATTTATTATATCTGTCATAATAAATACAACGGGCCACAATAGAACGCCCGCAGTCAGGTTGAATGAAAGATCCGATATTCCAAGCAACGTAAGCTTTATCGGCTCAATACCAATAGTTTTTTCGAGGGAAAAAATTTTAACGCCGATAAATTCAGCAAGAATAGCATTAGCGACAAAGAATGCTCCGAGAATATAGAATAGTTTTGTGCTTTTATCTTTCATCTTTATTCCGAATTGTTTTTACAAACATATTTGATGTTGATTTAAAAACAAAAGCGGTATCAGTTGAAGACTGATACCGCTGTCTTTAAGGAGATGAGGTTTGAGAGGGAATTATTTATCTGCGTTTTCTTTCTTCATTTGTCCTGTTGTTACCGGAACTATTGTTCCTTCCTGTTTGAGTATTTTCACGTCGAACCTGTGTTTCAGTACGTTTCTGCTGTTCCTTTATTTCAGTACGTCTCTGTTCGTTTGAGGTATTGTTAGAACGATTTGTATTAGTTTCTCTTTTTACTTCTGTATTGCGGTTCGTTTGTGTTCTAACATTATCATTACGATTCTGATTTGATTCTCTTTTGATTTCCGTCTTCCGTTCAGTTACAGGAAGTTCTCTTTTTGTATTTGTTTCTTTTCTTTCAGTCTTAACATTTGTTCTGTCACGAGTTTCAACTTTCCTGGTATCATCACGTTTTATGATTTCTCTGTCATTCGATTTATTTCTCTCGATTATTTCAGGACGTTTTTCCTGAACCTTTATATCTCTTTTGTTATTATTTCGATCATCAGTAACAACTCTCTGTGTCTCACGGGTCTTTGTTTCATCCTTACGGACATCTTTTCTTCTGTCGCCGAGTTCAACATCGTTTGTTCTCAGAGTACTTTTTCTGTCAGAGCGTTTGATTTCTCTTGTATCAAAATCACCTCTTGAAAGTTCATCCCGTGAAGCCACAAATGTTCTTATTTCATTTTTATCTTTTCTATTCCGTACTTCCCTGACATCTGATACACGATTCAGTTCGCGTTCTCTTATATCACGTCCGGATCTTCTTCGAACGTCATCTATGTCCATTCCGCGGTTCTGTACTCTTCCATCAAAGTACCTGTAATCATGACGGTATTTAGTATTTGCATGGATTCTGTATTTGTACTTATGTCCAACAAAATGATTGTAAACATAAGGATCACACATATATCTGTATTTTACAAAGTGCCAGTGATTGTAAGGAGTATAATAGTCGTATGTAAAGTGTATTCCGACACCAATGCTGAATACTGCGTAAGGAGAAAGCGGAGCCCATCCAACATAAATGTCATCATATCTCCATTCGACCCAGGCAGGAGCCCAATCATAATCAGGAACCCATAACCAGCCGTAGTAATCATCATAGTACCATCTTCCGTAATGATATGTTATGTATCCGAAGTCTTCGTATGAATCCCAGTACCATCCATCGGAAGTCCATATCCATTGACCGGTTCTGTAAGGAGCCCAGTCACGCCTCATTACTGTCGGGCGCCACACAACAACACCGTAATCAAGTTCCATCCACGTTCCATAAGGAGTTAGTGAGGAATAGAATATTCCG
CP065001.1_gap47	2254907	2257644	2737	ATGAATCGAAAAAAAATAACTGATCTTCCTGTTGAAGAAGCTGAGTTTGCTGTTGTTGACGTTGAAACAACAGGGCTCAATGCACGTTACAATAACATAATTGAAATAGGAATTGTAAAAGTTTCGAATCAGAAGATCACCGGAAAATATCAGTCACTAATTAATCCTGCTAAAAACATTCCTTACTTCATCACACAGATGACAGGTATTTCAGATGATGATGTTTATAACGCACCGATGTTTGATGAAGTTGCTGAAGAGATAAAAGAATTTATCGGTGCTTCAATTTTAACAGCGCATAATTTTTCTTTCGACTATTCATTTCTTAAAAGAGAATTTGAAAATGCTGGCGTTGAACCACTATCAAACCCGCAACTATGTACATTAAAGATTGCCCGGCGAATGTACCCGATGTTAAGAAGTAAATCACTCGGTTCAGTTTGCAGTCATCTGAATGTTAAAAATAAAAATGCTCACCGCGCACTTGATGACGCTGAAGTGACAGCAAAGATACTGATCAAGATGATTAAAGAGCTTAAGAAGAGCGAAGAAGTACTAAATGTTCCTGAATTAATTAATTATCAATATGTAATCTCGGCGTCAGCGCCAAAATTAAAAATCAAAAAAGAATTAGGTGATGACATTGTATCACTGCCTGATGCGCCAGGTATCTATTCCTTTCTGAATAATAAAAACGAAATTATATATATCGGGAAAGCAAAATCACTCAGAGCGAGATTAAAATCCTACTTCTCACCTACCGCTCCGAGAAAAACAAAAAAAATTCTTAAACAGGCAACAAGATTAAAAATTGAAATTACCAACTCCGAGTTAACCGCTCTTTTAACAGAAGCAGAAGCAATAAAGATCGTTAATCCGAAGCACAACACAATGTTGAAGAAATACGGCAACAAGTATTTTATAAGGATCAACACATCTCATCCTTTCCCTTCAGTTGAATTGATAAATAGTTTTGACTTTGACGGCAATGACTACTTCGGATTATTCACAACCAGAAAACAAGCTGTACAGGTAATGGAAATGCTTGATAAAACTTTTTCATTACGTGAGTGTGATGAAAAAGAATTTAACCGAGGCAAAGCATGTTTTCTTTCTGAAATAGAAAGATGTACAGCGCCATGCATCAATAAAAATAAAAACATATATGAAGATGAACTTGAAAAAGTTTATGAGTTCCTTTATGGTAAAAACCAGTTTGCTTTGAACAGGCTATTAAACAGAATGAAAGAATATTCCGACTCGCAGAAGTATGATAAAGCGGCTGTTATAAAATCACTTATTGATCTGATCCTAGCGCAGACTCACAAATCCTCCCTGCTTGCAGAGCCTGTTAACAGCGCTAACGTATTATTTGAAATTACCGAGAACAGGAATAAAGATTATCTCCTTTTGTTGTCAGGCAAAATTTTTATAAAAAAGTATCTGCTTGATAGCCGGCATAACTTCGACACAGCCATCGATGATTACTTTGAAGGGACAATACAGCAGAACATTATGCCCTCGGAAGAAGATCTCGAAAAGATGAAAATCACACTTAACTGGCTGGTTAAAAACAGGAATAAAGTCCGTGCTTTTTATTTAAAAGAATATACATCGAAGGAAGAACTTTATTCAGTAATGAGCAGAAATAATTTCAGGCAGGATTTTGTTTCTGAGTCTGTCTTTGATATAAAGAATTTTTTGCGTGAAGAAATCCCTGACTCAATTCTGCACGAAGATTAAAATCATCTCTCTATCAGTTTTGCACATTAAATTCATTCTTAATAAAAAATTAATATTTTGATGTTACTCCTGAATATTCACCTGGATTATATGTTTACTTTTAATTTGAAATCTTAAAGTTAACATTAACGCTGATGCAGAAAGACCGATCAATAAACCAACCCAGATTCCTATTACACCAAACTCCATTGTAAAACCTAACAGATATCCGACAGGCAAAGCAACGATCCAATAAGCTATAAATGTAATTACGGTTGGACCTTTTACATCAGTCAATCCGCGCAGTATTCCAATTCCAACCGCCTGAACGCCATCTGACAGTTGGAACAGCGCCGCGATTAATAGAATAGATGATGCAAGTGAAATAACCACCGGATCATTTATATAAAGTTTTGGGAGTTCATCTTTGAGGATGATAAAAATTAATCCGCATAAAAACATGAATGATGCAGAAAGTAGAATTGCTGAAAAACCTGCTCGTCTTGTTTCATGAATATCCTCTCTGCCGACTTCATTACCAACTCTTATACTCCCTGCTGCGGATATCCCGAGCGCTCCCATAAATGAAATTGATGCAAGGTTGATGGCTATTTGATGTGCAGCCAGTTCTTTAGCGCCCAGCCATCCAACCATAATAACTGCAAATGAAAATGCACCTACTTCAAAGAAATACTGGAATCCGCTTGGCAATCCTAATGATAATATCTTTTTTATAACTGAAATGTTAGCTGGTTTGAATTTTAATGAAAGATCGTAGTTAGAAAACTTTGATAATTTTCTAACGTACATGATGAGCATCGCTGCCATAAAAAGCCGTGATATAAAAGTAGCCCATCCCGCACCATCCAATCCCAATTTAGGGAAACCTAAATTCCCATAGATGAGCAGCCAATTTGAAATGATATTACTTACATTCGCCGCGATTGTAATAACCATCGCAGGGCGCATCATTGAAAAGCCTTCGATGAACTGTTTATATGTTTGAAATAACATT
CP065001.1_gap48	2266552	2267216	664	TGCCGGTGATGTGAGTATCACAAAGAAAATGGTTCTTGCTAAATAAAACAATTGTTAATACCCCTGTTAACAATTAAAAGAGAAGGTTTATGCCTTCTCTTTTTTTTAGTAGTTGACAATTCCGCCAAGAGATTTAAACGCCTCAAGAGTATTTTTTAAAGCTCGTTTATCATCAGCATCGATTGTATTGTCTTTATATCCGGTTCTTCCTTCAATTCTGAATTTGGCAGAACCTGAATTAATTATATGATCAATTACTGTGTAGTTTTCCTGGTTCAACGGCATCTCACACCACTCCCAGTATTGCCCGCTGCTGCTATCAATGTATACTTTTTGAGGGGAAATTTTATAAATCCTGTCATCTACCTTAAAGTTGTAAGTATGAATATTCAAAAGCTTGGTAGAAATATTCTGAATCCTCAATAACAAATCACTTGCACGCGGCTTGTCTTTATATTTTCTGAAGTATAAGAAAAATCCATTTTCATTTGCATACCTTGGAACTGTTCTGTCCCTGTAGTATGTAACCTTTTCGTTAACATCATAACTGGAATGCATCGCTTCAATGCTATATTTTGTTTCAGTTTTTTCGGGCTTGGTTTCCGGCTCTACAGGTTTGGTCACCTCAACGTTTTCCTTTATGCTCTCGATCATATTCTCAACC
CP065001.1_gap49	2276854	2280257	3403	TGTGCCGGTACGCATTCACTCAGCAAAACAAAAAGTATTGCAGCAAAGAGGAGATTTTTTTTCAACAATAGTTTACCTGGTTATTCGGGAATCCGGTGAGCCATGTTAACTAAGATAAATTATTCCAATCTTTTTTTAAGTGTATTGATGTTGTCAATTTCAGATGGATCATAACCTCTTAACAAGGCTGTGTAATAAGTTATCCAATCACCTAAAAAAATCAAATCCAATATTCTTACCTTTAAATCTTTCTGATCACTTTTCAATTCCAGGATTTCAGCACCCATTGAACTGATGAGTTCTGAGCAGATGGAAAACCTTTTTAATACCTGGGGATGGTAAGATTCATCAACCACAAAAATAACTTTTGAATTAAGATTTTTAGGAAGATAAGATTCCCACCCGATGATTTCATTGTGGTTCATTTCGGGTAGTACATTATGAAATGCATGCAGTTTGGAGTTTTCATTGAACTGACATTTCAACCTGTAGCCGGCAGCTTCGGTGATTCCTGAACAGGTATATATAACAGGAATAAATCCAAGCATTTGGCAAGCAAACTCGAAAGCGGTATTCCCTTCCTTTGAAAATTCAAGCCCGCGTTTTTTCCAAAGAGATACAACATTTTTAACTATTGAGTTTTGTTTATCAATCAGTGAAAGATTCTGAAGGATTTTTAACAAGGAAAAGAAACTTAGACCAAGAGAATATCTCGGTTGAAAACCCGGCTGTAATTTCACCAGAGGAAGTTTATTTGCTTTTGCAATTTCTTCAACTTTTCCTCCTGTAGATACGCAAACTATTTTACATTTTTTCTTCAGACCTTCTTTCAGAACAGAAACGGTTTCTTCTGTATTTCCCGAATAAGATGAAACTATTAACAATGTATTTTTATTTGCGAATGATGGAAGTGAATAATTCCTGTTTACAACCACAGGTACTTTTAATTCATTGTTCAGGAAATTTACAAGTAAGTCAGCGCTTATAGCTGAACCGCCTAAACCGGAAATTACAATATTCCTTACCTTCTTATCTTTTAATGAAGCAAGAGGATATTTATTACTCCACGCAAACTCAACCTGTTTATACGTATTGATGAGAACCTCAAACTGGTTTTGAGGATCATATTTTTTTACATATTCTTTAATTGTCATTTAAATCCTATAAAATATTTCTTGTTCTGAATATTGAATTATCTTTAAAAAATCTTTCAACTCTGTCTACAATTTCAACTTCGTGAGTATATGAAAGGCATTCTTCGGCAAGATCCTTAGCTTTTTTAAATTCAATCGAACTGATGATTCTTTTAGCATACAGAATTGTAGCTGGAGACATACTCAACGAATCAAGTCCAAGACCTAACAGAAGAGGTAATGCTAATGTATCCGCAGCCATCTCACCGCACAGACTTACCGGTTTATGTTCCTTTTTTGCTTCGGCAACAATATGACTTATAGTTCTTACAACCACCGGACTAAATTCCTGGTATAAATCCGAAACAAGGTCATTACCGCGATCAACCGCCATCATATATTGAATCAGATCATTTGAGCCAATACTTAGAAAGTCAACTTCACGTGCAAATTCACGCGCCATAACTGCGGCAGATGGTACTTCAACCATTATCCCGAGTTTTAAATTTTTATCGTACTCCATTTTTTCAGAGCGTAATTCTTTTTTGCATTGCTCAATTATTCCCTTGGACTGATGAATTTCATTTATTGTCGACACCATAGGAAGCATGAACATTATATTTTTGTTCTGGCTGGCGCGAAGTACTGCACGAATCTGAGTTTTAAACAAAACCGGATTATTCAGCAGCAGTCTTATACCGCGCATACCTAAGAAGGGATTTGGTTCCTGAAAATCCAGAAACCTGAATTTATCTCCGCCAATATCGTACGCTCTTATTGTAAGAGGTTCAGGATAAATTCTTGAAGACAGATTTGAATAAATACGAACCTGTTCATCTTCACTTGGATATTCGCCAACTTCGTCAAGGATCTGTTCAGTACGGTAAAGCCCGATTCCCTTAGCGCCGCAGGTGATCACCATATCAATCTCACCGGAAACATCTACGTTTGCAAGAAGTTTTATTTCCTTTCCATCTTTAGTTAAGGCTTTTTTCTCTTTGTATTCCTCAAGTCCTTTTTGAAGATCAACATGTCTCTGTTTTTTTTCTTTAAAGAAAATAATTTGTTCTTCTGATGGATTAAGAAGTATGTAACCGTGGAATCCATCAACAATAATTGTATCACCTTCTTTAATTTTTGTTGTTGCGTTGTGTGCACCAACAACCGCAGGAATATTAAGCGAACGAGAAATAATAGCGGCATGGGATGTCAATCCGCCGTGATCTGTAACAAAACCCTGTACATTACTTCTCGATAACAAAATTGTATCAGCAGGTGTAAGCGTATCGCTTACAACGATCATTCCCTCAGAGATTTTTGACTGCCATCGTTTCTTCTGAAGATTCCTGATGATTCTGTTTTTTATATCCTCAATATCATTCGCACGGTCTTTCATGTAAGACTCGTTTGATTTTTTCATCAGCTCCTGGTATTTACTTATCTCATCATTAACAATGTACTCGGGCTGTTTACATTCTTTTTCAATTCTCGATTCTATATTTTTTAGAAGAACGGGGTCATCCAATATCATTACCTGCGCTTCGAAAATAGCTGCCCTTGTTTCCTCCATTTTTTCTTTTGCTATGGCAAATACTTTATCAAGTTCCTTCTTTGATTTTTTCAGTGCTTCTTCAAAATTTCTTTTAGCTTCATCAATATCTGTAATCGGGCTGTCATTAATCTCAAGTTTTTCTTTTGTGAACAGATAAGTTTTCCCAATAACAATACCGGGTGCGGCGGCAATTCCGGCGATTTTATTTTCAGCTTCCTTATAAATTTTTTTAAAGCTTCTCATAATTCGTCAAACCCCCGGTTGAAATAATCAATAATTTCCTGTGATGCAGCTTTTTCATCCGGACCATCAAATGACAATGTCAGCTCTGAACCCATCGCAGCAGCCATAGTCATCACCCCGATTATACTTTTCCCGTTGATGTTTAGTCCATCGCGTGAGATAAAAAAATCGCACTGATATTTAGATGCTAACTTAACTATTGTCGCAGCCGGACGTGTGTGAAGCCCTGCCTGATTTATTATTTTTACAGTTACTTCGATCATCAACTGATCCTGTTAATTAAAGAATGAGCCAGCCATTCAAAAAATTCCTGGTCTGATTTGCTTCTAAGAAATTTTAGTTTGCTTAAAGCTTTAGTAGTATATTTTTTTATATCCTTTTTTGCATCCACGGTGATACCAAGTTTTTCATAAAGGTTTTTATATTCCAGAACTTCAAGCCCGGAAATACCTTTATTCCTAATAACATTTTGCAG
CP065001.1_gap50	2290832	2291988	1156	TGGTAAGACACTTTCAATTCCTGATAATTTAATTTATAATTACTTTGAACTTGCAACGGATATTTCAAACCAGGAATTAATTGAAATAAAAACTAAACTTGATGATGCTTCAAATAATCCAAGAGATCTCAAGCGTTATCTTGCAAAAACATTGGTAAGAATTTATCACAACTCAGAAGCTGCAATTGAAGCTGAAGCTGAGTTTGACAGGATATTTATCAAAAAAGAAATTCCTGATGATATTCCTGAGATACAAATAGATGAAAAAGAACTCAACATACTTGACCTGATAATCAAAGTCGGATTTGCACCGTCTAAAGGTGAAGCAAGACGGTTGGTTACTCAGGGTGGTGTTATGATTGATAACAATAAAACAGAAGATATTAATTCAACAATCAAATTAGATAAAGAAATAATCCTTAAAGTAGGAAAAAGAAAATTTATCAGAATAAAAAGCAAGTAATAGAAAGGAGATGATAAGTTGTATGTACCAACAAAAATATTTTTCACAAAGGGTGTCGGAAGGCACAAAGAATATCTAACATCATTCGAGCTGGCGCTTCGCAGTGCTAATATCGAGATATGTAATCTTGTTACAGTAAGCAGTATTTTTCCGACAAACTGTAAAAGAATTACCAAAGAAGAAGGATTAAAACTTCTTCAGCCGGGACAGATTACATTTTCTGTCATGGCAAGAAATTCCACCAATGAACCGAACCGCCTTGTAGCCGCTTCAATTGGGGTTGCACTACCCGCTGACAATAATGCGTATGGTTATTTGTCGGAGCATCACCCGTTCGGTCAAACTGAAAAAGTTGCTGGCGATTATGCTGAAGACCTTGCCGCAACAATGCTCGCCACTACATTGGGTGTAGAATTTAATCCTGATATAGACTGGAGCGAAAGGGAAAATATTTATAAAATGTCCGGAAAAATTGTTCGTTCATTTAACGTAACCCAAAGCGCTGAAGGTGATAAAACCGGAATGTGGACAACTGTTCTTGCCGCGGGGATACTACTCCCTTAGTTATGCTTGACTTTTTATTGAACGAATTCGCATTCTGGATAATATTTGGCGTCATCGTTTCAATACTCTTTTTTGTTGACCTGTACGTTACAGATCACCGAAGAGGTACTATAACATTAAAAGCCAGTC
CP065001.1_gap51	2343802	2344519	717	AATTCTATTATTGAACCATCTGCTAATTTACTCCTGATTGGAATGTTATAAATAACTGCTAATGATTCAGCCTCAGCTCGCTTTAGATTATACTCATTAGTCATTTGACTGGAAAAATCCGATAACCATCTTTTTTGAACATCGGTTTGAGGAAAAGTATTTGCAGAAACAATTAGCGAAAAGAATAATAAAAAGAATTTAGGTGCTCTATTCATTTAGAACCTCTGGTATTAATCGGTTGAAAAGTGAAATGAAATTAAAAAAATCTTTTTAATTAAGAAACATAAAATGTATCAGCGGGAAATCCTGCCATCATGGTGAAATATTTCGGTATGGCAACTATTCCTAAACTTAACGGGACAGTATGTTAAAATTATCTTAAATTAAAACTACATTTTTTATTTACTTGGTAATCAAATAATCCTTTGGAGTTGAAATGGGAAAATTTAATCTTGAAAAAATTCAATCTATATTAACTAAAGCAAATCTTGACGCATGGCTGTTTTTCGATTTCCGGGGCAGTAATGATCTCGCCCACAATATACTTGATATTCCCAAAGAACGGCACCTTACCAGGAGGTTTTATTATTTTGTTCCCAGGGAAGGAATACCTGTCAAAATTGTAATGGGAATTGAAGCCGGAAACCTTGATCATCTGCCCGGTGAAAAGCTGAAGTACTCAAGTCATGAATCACTTTCAAATCATATCAAGAATAC
CP065001.1_gap52	2347563	2348825	1262	ACTGCTGCCGAGCCACAAGCAAGCAGAAGCAGACCAAGCGCTGGAAGAATTACGCGGGAATTAATTTCTCCGGCTGCGCTGATAAATCCAAAGACCATGGTAACGGTAACAAAAATTGTTATCCTGATCTTGGTTAACTCTGCTAATATTTTTAATCGACTCTTCAAGCGATAATTAAATTTGATTACTTCGAAACAGTTAATGAATCAATTGCGGATGATTTACCGGCTGTGTCAGCCCAGACTTTGTATTCAGACTCAGCAAGTACCACAACTTTGCTGTACATATAGCTATGATTTAATCCGCAGTATTCTGCACAGGCAATATCATAGGAACCGGTTTCACCTGATTCAAACCAAACGAAACGATCCTGTCCCGGCAGAACATCTTTCTTAACTCTGAAAGCCGGAATAAACAATGCGTGGTTTACATCAAGTGAATTTAAATTAAGTTTTACCGGACGATTAACGGGAACATATAACGTATCAGTAGTTGTACCGTTTTCATATTTGAAAGACCATTTCCACATCTGTGCAGTCACATCAACTTTCAATGAATTCTCAGGAGCCTCCGCCATATCCATATATCCAACCCATCCATACCAGAACATAATTAATACCAATATTGTAGGAATGACTGTCCAGGTTATTTCCAATGCAAGATTACTGTGAACATTTACTGCTTTAGGGTTTCTTTTCCTGTTGTACTTCACAACAAAGAAAATCATTAACGCTGTTATAAGAACCAGGAAAAAAACTGATACAATCAGGACAAAGAGAAATGTGCTGTCAACTGATTCTATAAAATTTGATGGTCCGGCATACATAATTTTTTACCTTAAAAAGAATAATCTGCAAATAGAAGAATAAATGATATTGCAAGAAAAAATATTGCAACCCCGACAAAAATTCTGAAAGCTTTTTGTTCAGATCGAAGATGCATAAAAATTGTCAGCACTAAGTAGGTTTTAACTGATGCTATAACCAGCGCGGTGGCGACCGTCAGTGCGCCGAAATTAATCCCCGCAACAGCAACTGTAATTGAAGTCAGTGCCATTAACGCAAGCCAGACGAGGATATAAATTCCGTATCCATGTCCGTGCTCAGCATGTTGTTCATGATTTTCCATCTGCTAAAACATCCTTAAGTTATTAAGTAGAATAATGGGAATAAGAATATCCAGATAATGTCGACAAGGTGCCAGTAAAGTCCTGCTGCTTCAAGTTTTACATAACTATCCTGGCGGATGACACCGTTCTTTGT
CP065001.1_gap53	2368746	2369502	756	CCTTCAATACTCTTCTCATCGATCTGTTCACCGTAATCATAAGACCTGGCAATATGAGTGGCGGCGATATATATTTTCCCTAATGGTAATTGCGGATAGTCTCTATCCATTTTACTAAAAAGCGATAATGCATTATCATAATCCTGCTGAACAATTTTTTTTATTCCGTCTTTTAATAACAAATGAATTGATTCATCAGGATAGTTTTGACCCAACACCGTAAAATTATTAACGAGAAAGAATAAGAGAAAGAAAATGTTGAATGAAATTTTAGAGTGTACCAAATGTTCTGTCTCCTGCATCGCCTAAACCGGGCAGTATATATCCTTTATCATTTAATTCCCTGTCTAATGCTGCGCCAAATATTTTAACGTCAGGATGGTCGTTTGAAATCCGATCAACGCCTTTTGGTGCTGCAACCAGGCATGCAAATACAATATCAATTGCGCCGCGTTTCTTCAAATACTTAATCGCTTCCGACGCGCTGCCGCCGGTAGCAAGCATAGGATCAAGCAAAATTACTTTTGATCTGCTAATGTCCTTCGGTGTTTTATAATAGTATTCAACCGGAGTTAGAGTTTCTTCATCCCTTTGCAAACCTATGTGACCGACTTTTGCTTCGGGAATTAATTCTATAAACCCGCTTACCATTCCAAGTCCGGCACGAAGCACTGGTACAAGAACAACGTCCTGGTTTAATCTATGTCCTGTTGTTGATTCAAGAGGAGTATTTAGATTGAACTCACTTAGTTTTAA
CP065001.1_gap54	2378692	2379482	790	CTGTAATTTTAGCAAAAAGAATTTTTTTCTCACCCGGCATAAAACTAATAGTTGATCTTACGCCGCTGACAATTTCTTTTTCTGTTTTACTCTCAATATCATAAAGATAAACTGATGCGGGAGAAAAGTAGTCTGAGTTCTTGTTAGATATATAAATTATTTTTTTGCCGTCTGATGAAAAAACCGGATAAAAATTTCCAAAACCTGTTTCAGCAATTAAATCTCCGGTAACTAAATTATCGCGAACATTTTTTATTCGTTCATTATAATCTTTTGTTAGATATTCTTTCCACTCTTCATAAAGTTCGCTACCTGATTTTCCTATAACATCTTCGAATGCAGCATCAAAAGTAAAATTAAATGTACTGCCCAGAGCATTGCTTACGCGTCTTAATTTATCCTCACCATATTTTTGTGCAATGTACCGGGTAAGTGCAAAACCGGAATTATAAACCGATTCATTACCAAGACTTGTTTTTTCAAACACACCCATCTGGTTCCATGTCAGCATATTGTTATCTAGTACGTATGATCTCAGGATCATATCACGATGAGAATCCCAGTTATCGTAATTAAATTCTTTTCGCATATACTGCGCAGTTCCTTCAGCAAACCAGGCAGGCATATTTATGGTCGCAAGCGGATATGAAACAATAAAATTAGGAAAGCCATAAAGTATATCGGGTCTTCTCTCATCCTCATAATTCAGCATCTGAAGAAATACAGCGGGTAAAGTTCTTGTAGCCTTCATCGAAGCCTGTATCTGCACCAGGTGAGTAAACTCGTGTGA
CP065001.1_gap55	2395559	2396060	501	AGGAAATTTTTTCAAGTTCTTTTAATAGCTCTTCATCTTTAATATCCGACAACAAGAGGGAATCGAGTTCATCATCCAGAGTTGTATCCAGTGCTTCAACTTTATTTTTTACTTCGATAGTTCCTGACAGAGGAAAAGTCAACGCCGGATCAACAACATTTTTAATGACTTCGTAACCCGTAATAAGTTTCTCAGCTTTTGAATTCAAAAGTGATTCAATTTCCTCACCAGCAGGCACAGAAATATTATTTTCACCGGGTACAGAACCATTTATAACAGGTTTGGAAATACTGAGGCTGAAAAATTTATCGAGTGCATTCTGTTTGGGTTCATCAGTCGATGGCACGGTGAAGAAGACAGAATTCTCCGAACTTGTTAAAATCTCATTAGCTTCATCTGTAAAGACAATTATATCAGTTGTGTCCGGATCATTTTCATTTTGTATGGGCTGGAATTTGTAACGAGCATAATATGCCGTTCCTAATCCAGCTAATTTTATTC
CP065001.1_gap56	2408842	2410167	1325	TCCCGGCACCGTAAATTCTCATACCCTCTGGTTTGCGAATTAATCCGAATTCTACTGTGAACCAATGAAATGTTTCAAGATACTTTCTGTTCATACCTTCGGCATTCAAAGCTGCCTCACCAAACATCTGATAGAAAGCAGCAAAATTAGGATCAGTGAGTAACGGCATATGACCAAACATGTCATGGAACAAATCCGGCGCAGGTGTATAATCAAGTTCATCTTTGCCGCGTATATAGTCAGTCGATGGAAAAACTTTTCTCCTTAACAGTTCAAAAAAGTTTTGTTCATGGATCAGACCGGGAACACGTGCGACTTTCCATCCGGTAGTTTTTTTAAATACTGAACTGATTTCTTTAAGTGAAGGGATCTTGTCCGGAGTAAAATTTAGTTTGGATACACCGTTAATATATTCCTCGCAGATTCTCCCCGGAAGGAATTTAGTCTGCCTTTCATATAAAAATCTCCAGGTTTCATGATCAGACTCAGGATAATCAGGATATTTAATTTCTTCATCTTCAGGTGCAGGTTCAGTTAATCTTTGAGGAATGCATCTTGGATCAATTCCCTCTTCCGCAGCTTTTTCATACGCTGATAAAATTTGTTTGTCATCCTGATTATTTTTCATGATACTTCCCTTAGTTAGTTTTTCAGAAGTTAATTAAACTGAAATAGGATACTTTAATTTAGCATCCGGCAGGAAAAAATTTTTGATTACACTAAATATTAGATAATATTTACTTCCGCTTCAAGCCAGATATCGAACTTATTATAAACTTCTGTTCTGATCCTATCCGCAAATGAAACAAGCTCTTTACCTGATGCATTTCCATAATTCACAATTACTAATGCCTGACTTGAATGCGTACCCGCATCACCGACGCGAAATCCTTTCAAGCCGGCTTTCTCAATCAACCAGCCAGCGGGTATTTTTATTTTTGTTCCTGATTGATATGCAGGCATTTCAGGGAACGTACTTCTCAGTAATTCAAATTGATGTAGAGTGATTTCAGGGTTCTTAAAAAAGCTTCCCGCGTTTCCAAGCTGCTGCGGATCAGGAAGTTTATTCCGCCTTATCTGACTGATCACATTTCCTACATCTTTAATAGTAATCTTACGAAGGTTTAATTTTTCTACTTCTGATCTTACATTACCATAGTCCAGACTAAGCATTGGATCCTTTTTTAATTTCAGGCTTACAGATGTAATAACAAGTTTATTCTTTAATTCGTTTTTGAATACGCTGTTCCTGTAGCCAAACTTGCAATCATCATTAAGAAACACTACTTCGTTATAAGTATCCATCATTACAGCTTTCAGACTGA
CP065001.1_gap57	2510392	2511630	1238	ACTGATTATTTAAGAAACTGTTGCCTGTATTTCCTTTTGCGGCAGTCGTGCTTAAGAGAACAACCGCACCGCTTGTAGAACTGGTATTCTGCGTATTAAATACTGAATTCTTTACAACATTGTAGGATGCATCATTCTCCATCCTGAAGACAGGTATTGATGAACTACTATTTGCAAATGTCATATTACGTGTTGTTCCCGAAGTCTGGTTCGATCCATCAAACACAAAATACTTCGCACCATCTAAATGAAACATTGCTGTTACCGGCGATGCTGCATTGATAACAGTTGTAACACTTGTCGATGGTTTTATTGTTATTGTATTTATCGCACTGGAACCGACCACGTTACCTAAAACAATCGGATATGTTTCAGTGTAAGAGGCATCTGTAAGCAGAAGTCTTACCGGACCAGATACGCCGCGCTCATTAACGTCTGCAATTGCAGCAGAGATTGAGGGATACAGACCTTCAATAACACCGTCTGCTTGTCTTTCGTCATAAGACTTCCACTCAAACACAACTCCGTTTTCAACAAGAACAGTATATTCCTGATCGATTTCTTTTTCAACGTAGTTCGTAACTATCTGAGTTTCTGATTCCTCTTTGATTTCATTGGAAACATCTTTCCCCTGGTTTGATACGATAACTGTCAATTCATCATTCTGTTTAAATGAAGTCTTCAGTTTCATATCATTGTTTGTCTGCAATGAAGATTTTCCATCCAATAAAGTTTTGTTCAATTCAGATTTGTTTTTCTGAACTTCCACATCAACAGGAACTTGTATTGTAACTTTCCTGGTCCTGGTTTCCAATTTCAGATTACGATTATTTAGTCTGTTGAACTCACCTATGCCAACCGTATAATCACCGGACATAGGCGCACCGACAATTTTATATGCATATGGAAAATCAGGTGCCGATGTAACGCTTGCTACAGTTGTTGCGGCGAACCCTAACGAAGGATTTGCACTTACCTGCGGTGTGGTAAACAAATCCTGTGCAGTAACAAAGTATTGCACAGTATCGTTCATTGTCACCGTTCCGCCGAAAATTTTTGAATAATCAACAGTGAAACTAAATGGTGAAACTGTTTGTGCAGTTTCAGTCCACTTCCATCCGTTGTCGCCACTTGTATTTCCGCCAAAGACATCAGCGTCAGTCGATTTTTTATAATATATCCTTGGTTTAAAAGTTGTTACGTTTACACCTGAGAAATCATTTATTGTAACATCTGTT
CP065001.1_gap58	2512656	2514539	1883	TCGTTATTGCCTGCGCCTGTACCTGAAGTAGAAATGGTTGTGCCTGAAGCGATTATTCCGAAAGTTGATGTGACTGAATTACTTCCGGCGGAAATATTACAATTCTTTATTGTATTATTTTCAGCGCCTGCACCGGTTCCAAGGCTTGATACCCAAACAGCAGCAGAGCTTGTAGATGTACTATTATTTGTTATTGTCAGACTCCTGTCTGTTCCTCCGCTGTTCGAACCATCGATGATTATATAGTCAGCGCCATTCAGTTTTATTATTGATGCCGCTGTTCCGACCACGCTTGTTGTAACTGATGCAGCCGGTTTAATCGTAATTGTATTTACGGCACTGGCACCTGTAACCTGGTTAATAGTCACGGGGAATGTTTCTCCTGTGCTGTAGTTTGCGTCCGTCAAATTGAATGTTACCGCACCACTTACACCATTGGTATTTAGCGCTACAACAGCGTTTGTTAGTGAAGTAAATACATGTGAAGTACCAACATTATAATTACCCGACAACACACCAAGTATTGAACGATTACCTGCGGGGTTAGTTACTGTTGGAGTATATGGAGTTGTACTTAATGTAATACTATTACACTGTGCATCAACTGTGTTGCCGCCTGTTGGATTTGCCGGTAAATCAAATGTCAGCCAGAAATAATTTGTGCCTTCAACAAGAGCCTGGCTTCCTGTTACTGAAAACGAAGCAGTAGGTACTGCCAAAGTAGTTCCAAATTGAACCGCAGTTGCAAATACAGGACTTGTACCTGAGTACCATACTTTTGCATTTGTTATATCTGCAAGATTTGTTGTACCGGTAGTTGTTATACTAAGACTCTCTAATATTAAAGGATCATTTGCTCCTGTTGTTACAACCTGTATCCCGATAATTTCATTGTTTGTACTTCCATTTAACAAATAACCAGTATTAGTCTGAGTAACGGTACTTGATGCATAAACCATCGGAACAGATGGAACACCATCAAATTCATCAACACCGATATCAGGTGCCGTTGCGCCGCCGTTTACAGAACCAACCGGTCCCGGTCTGGCATCATTATCAAAATCAGTATTTATACCGGCGATTGTTGCACCGCCTGATTCAAGTACTGTCGGCGTTAAACCTGAATTTATATGTAAGTTCAGATTACCAGTGAAAAGCGGATTTGCATTATATGAACTGGCATCCTGTCCGCTTGCAAATTTCCATCCTGTTAAAGTTGGAATATCTACACTCAGGAATCCAAGTACTCCGTTCGAACCGCTTACAAAGTAGTCGTTATTATTTATTGTGCCGAAGGTAACGCCTGTGACAGCGTAAATAGAATATACCTTGCTATTAACAGCACCTGTCATACTGTTTGCAAAAATATTATTACGTATATCCAGTCCCGTAACAGTATTGGAAGTTATTTCAATGGCAGCACTTATATTATTCGTGTCCGGTTCAGAGAACGCACCGAACATATTAATACTATTGAAATAAACTTTATGTCCCGTGCCGCCTGTAATGCGAATACCAAAAGGATTAAAAGTAGTGCTGTTACCGTCACCATAAGTTCTTAATCCGGCAATTGAATTATTTGCAATTGTAATTCCGGATGTTCCGGTGCCGGAAGAAATAAAAATACCATATGCACCGTAACCACCTGTATTATTCGTTTCAAGAGTATGAATATAATTTTTGGATAGTGTTGCATCTGTAACATTTGTTCCGAGTTCTATTCCAGCAATAGATCCGGTTGCCGTCATAAAAAAGTTAAAGATGGTGTTGTTGCTTACATTAGGTGACGATGCATTTGTAATATCAACACCTCTGAATAAAACATAGTCGTCAACATTGGAAGAACCAATTGTATTTTGAGTTATGTTCAATCCATCAGTAAG
CP065001.1_gap59	2559851	2560802	951	AAGGAACTCCACACCGTTAAAATATATTTCATTCTCATGTACGTTCAACGGATCTTCTCCGAAGATCAGCAGTCCTTTTATTTCACCCTTTTTTAATTTCAAAGCAAGGTCAACTGGTTTAAAAATGTTTGAAAGGTTTGTATTCCATGCATCACCGATGATATTAACCTGATCGGTTTCATCATACTTTACAAAACCGGGAAGATATTCCGGAAGTACTCCCATATCGATCAGACCGGTAGAGTTATTGTACTCACGCAGTATAATTATTCCGTTCTTATCCTTCCCTGTCCTGCCGGTAAGTGTAAGGAAATTAGAGATTGCTTTCAGATCGTTAACTGATTTGTCTGCCCTTGAATCAATATTATAAATAAAAATAATATTGGAGAAAGTTTTCATGGTTGATATAAAATCATTGAATACATTTTTATCAACACCAGAATAAAGCATCGCTTTTTTAATATCGATTTCTGAAAGACTTGCTCGCAGTTCCTTAAAATTTTTCGTTCTGCTGTTGATGAATGATTCACTTACGTATCCGTCTTCAATTAGAATTTTATTCAAGCTGTCTATTAAATAAGTATTGGTCCCTTTTCTGCTGTCGATCCAAAGGTCTGCATATTTTGTCAGTTTTATTTCAGAGGAATTAATCAAAACCAATTTGGCACCACGCTTCTGCGCCTCTTTGATCTTAAGTTCCATCACAAGGTTTTCTTCGGAAAGGTTCGAATTAATGACAACAATAACATCAGCATCGTTCAGATCATCCATCGATGCTGTTGATGATGTGAATCCCGTCATTGAATCCAGTGCGTTCAATTCATTCCCGTAAATAAGGTTTGAGAAACTTGAAATGTTATTATTCTTCAGACCAACACGGGCAAATTTTTGCAGCAGGTACAATTCTTCATTTGAAAGTTTAGGTGAAGCTAAAACAGCGACAGAATCAGG
CP065001.1_gap60	2573043	2577509	4466	TTTGAATATACTGCAAAACGTGAGATGCTAAAATAAAATCAAAGGTTGTTCCAATGTAGTCTTCAAAAGCAATTTTGTACAACTCCACATTATAGATAGTTTTCATTTTGGGAATAAGCAAATCAATGTAGTCTTTCGATATATCAATAGCGATAATTTTATTATCTGGGAACATTTTACTTAGAAAATTTGTATGTGTACCAAGTCCACAACCTAAATCTAGTATTTTTTTCCCTGTATCTCCTTTTTTAATTGGTAATTCATTATTGTTAAATGCTCTTAGTAATTCTTCCTGCAGCAATAGTTTTTCATTAGTTCTTTCAACATAGGCTAAATAATTTTTGGGAGAAGTAAAGGTATAGTCTTTTATCATAATTTCTGCAAAACTCATTAATAAAACATTTAGTATTAAAATTATAAAATAAAACTACTAAATAAGTTGTTGAGATATATCTTTTATCTTTAATTATTTTTTGATTATTATTTTTCCCTTCCCAAACTCCCTCTCCCACATCTCCCTAAATATCTCATCAGTAGATTTCATCACTGGTTTCTTCTGATTGTATACTGGAAATCTCTGATCTATCCTTACCGTATTCTCATCAATAAACTTTAATATCTCCCTGACTGCAATCTTAGGTCGATTCCCCACTCTCATAATTCCAACTTGCCATCTCTGATCAGTTTCTTTAGCGTATCCCTCCCGATTCCCATTCGTTTAGCAGCCTCACTATAAGAAAGCAAAGCAATCTCATCTGCACTTTCAGGATTACTATTCATCTACTTAACTTTTAATTTGGACACAAGGACGACTTTTATACCTTTTATAAATTACAAATAAATTTATATCAAAATCTCGTCCTCCCGTCCTTTTATTTTACTTCCCCCCTCTCTTTACCAAGTCTCTGCCGGCTTTACGGGGGAGAAGGGTTGGGGTTTACCCGCCTCTGGCGGGGTGAGGTTTTATGCAACCGCCTTCCCCTCCCTAAACTCAATCATCCTCTCCGCTCCCGACTTCGATTCATTCACGCGATAATCATTTATCTTCGCCCAAACCTTCAGCCACTTTGTGAACTTAATCTGTGTTACACTCAACTCCGGATTTTCTTTCTTAAAGCGTTCAAATATTTCTTTCTTATTATAAATTGTATTCGTTGAAAGTTCGGAACAGAACTCATAAAACTCCTCACACGTTTCATTGTACAATTGTTTCTTCTCTATATTAATATGTTTGTATGCCACGAGTCCATTCCCCAAATAGTACTGGCAGTATTCCAGCATCACTTGATAAAACTCATTCCACTGATTTTCATTCCACGATTCAAAAAACCTGTGACCGAATTCGTGTTCCGGCTGATGTCTTTTGTTGTAGTGCCCAGTATATTCGATAGGAAACTGCCTTGCCATTGTTGAATCATCAACCCCTTTAACTGAATAATTTGTCGTGATCGCTATTTTGGGTGACTTAGAGTAAGGCAGGTATATTTCATCTTTGCCTTTTCTTTCGATTGTTATCCCATCGGCTATTGTGGAAAAAAGTTTGTCGAATGGAAATTTCTCGTCCAGATCTTCAAAGGCAATTATGTTTGTATCTATATCCACTCTCTGAAAAGCAAAACTTTTTGTAGGATTAAAAGTCCTTCCATTTATCGGTTCAACATTTCTTAGTTCTGAGATTGCTTTGATAGTAAGTCCTTTACCGCTTCTTCCGGATGCACCTTCTGACATAATCTCATCAATTAATATAACGGCTTTTTCTTCTCCTCCCTTTTTGCATCTGTGCAGCAGAAATCCTATCCCGGATTTTAAAGCGTTCATTCTATCTTTATCATTACCGGTTGCATTAAATAGAAAATCCTCAAACTCACTCCTGTTGTTTGTGATGATATATTCTCTTCTTATAATATTTCGTTCCCATATACATCCCCTCAATTCTTTATAAGGTTTTGTGACTATCGCATCTTTTTTTACTTCAACAAAAACATTCTTAAAGAAAAAATAACTTGTTTCTGCCGTGTCCTCACAAAACTCCAATCCGCGAGTGATAAGGAATTCATAAAACCCATCACTGAATATTTGTGTACTCCCCTTCATCAGTGCATCGAGTACCGCTTCCCTTGTTGTGCCCTCAAAATCATCTGCAGGAATTTGATTTAAATACGCCAGGATAAATTCTTTTACCTCTGCACTTCGCATTTCATTAACAATATTATTTTCTACTTTCACAAAGATGTATTCATTGCCGATTTTAATTTTACCATACCCGTACTCTTCCAGCAGTCTCTTAACTTTAGTTCTTGAAATCCTGGTTATTTTATTATCTCTATACCAGAACTTCAGGTTAGCAGGCTTCCATCCTTTTTCCTTTGCTAAGAAAAAGATTGTGCCCGGTGTTATTCTCCCGTCATATTTTTTTTTAAGATCAGCAAATTTATTTCTTACCTCATCTTCAGTGTCGGTGTAATGGGGATTCCTTTTGCTCAATTGAACAAAAAAATCTTCTCCCGTTTTTTCCAATGGAACAAGTGCAAACCCGATTCTCAGCCAATCCTCGTAACAATTTTCACCAAGACTATCAGCAAGAAACTCTAATGCACTGAATAACTTGTCTTCATCATAGTAAGCATCAGCAGCATCTTTTATTGATTCACTTTCATTTATAACTAGCTTTGTGTTCTCTTTAATAACACAATACTCTTTCAGACATTCAATAAGTACCTGCGGTTCGATCTGAATAGGTTTTTCAAACGGATCATTTCCTAAAAAAGTATAAATCCCTCCGCTCGGATGAGTTGAATACGGAAGTACCGTATAACAATCCTTCCAGCGTAATTCGATATGCTTACAGTAGCCGTCAGTCTTGCTTTTGAATTTAATGACAGCCCGTTCAGAACCTAATAATTTTTCAAGCTCCTCATTCCACTCACAATAAAAATAAATATGATAACCCATTCCGCTTCCGCTTTGAACAAGCCAGTCATACTGTTCAGAAAATTTTAAAGCTTCTCTGAATTTCTCAACTAACTCAAAATTCTCAACACCATCAAAATCAAAACACCGTAGATTCTCTATTCCCATTACTGCACTAACACCGCTGCAGTTCCAGTCCATAGATTCAATATCATTGATTGATTGCTTTTCCGTTTGCCATCTTTCCCATTGAATAGTTGGCTTCTTACCATTTAATGGTAACACATTGAAACCGAAGTTTACAGCGAGCTTACTCGCGAGTTCCTTGAACATTTTTTTCTCCTTCTATTTTTTTATAATAATTTGTTTGTCACACTGAGTGGCAATGCCATCGAAGGGTGACTGTTTATATCTTTCCAGTATCAAGTATCCAGCATCTTCAAATCTTTCAATCTTTAAATTTTCTTCTTTATTTTATCCAGCATCCGGTATCCAGTACCAAAAACTCCCCTTTGCCTATTTACCCGCCTCTGGCGGGCTACCTATTCCCCATTTTCCATCTTCCATCACCCATCAACCATCTTACATTCTATTCACCGCCTCCCTCATACTATCAAGATCAGGATGCAGATAAATACTTAATGTACTTAATTGAGCGTGTCCGCTGATCCGCTGAACTACTGGTAGAGGTGCACCTTTTAAAATCATTCTGCTTAAAGCACTGTGACGCAGATCGTGGAAATGATAAGTATTTCCAAACCCTGCAGCCTTGCACGCACACTTAAACTGCTTGGAAAAATAATCCGGAGTAAAAGCAAACCCGTTCCCCTTACAAAACACAAATCCATTCCTATCCCCTCCTCGCCTCTTTTCTATCCCCTCCTTGGAGGGGATTAAGGGGTGGGTTTTTCCATCTAACATTTCCCATTTACCATTTACCATTATCCGTTTTGCCCTCGCGAGTAAAACCTCCCTCACCTTACTATGCATCGGCACTTCCCGTTGCTTGCGACTCTTCGTCTGAAAACTTTCACTCCCTATCACAATCACATTCCTGATAAAATCCACATCGCACCATTTCATAAAAGTTAATTCACTCAGCCTGCACGCTGTATAGAAAGCCAGCACAATAAAATCTTTTATCATATCGGTAGAGATATGCGAAAGAATTTTTTCAAACTGTTCATCAGTGATAAATTCTTTTTTAACAGACTGTCTCTTAGCTAACCTTATTTTACCCACAGGATTTTCCTGGACATAATTCCATTCCTTAGCTTTATTGAACATTGCTTTAAGCACACGTAGATAAACATAAACTCCCCTTGGAGCTTTCCTTTTTTGAATATCTAAGAACGTTTCTAAATCCTTAAGCATAATTGTATTCATAACACGATCAGCCGAATAATATTTTAACAGCTTTTTAGAAACGAGCATAACCCCGCGCAGAGTTTTAGCTGACCTGTTCATTCGCACAAAAGATTCATACTCATCCAGAAAAGTTTTAATAGTCACAACAGGAAATTGCGGAGTAAGTCTTTCAACTAATTTCTCAATAA
CP065001.1_gap61	2582427	2583148	721	TCGAAATGTTTTGCGTTTCCATATCGATTATTTTAAACCTGAAAAGAAAGTTGAACCGGGAACAACACAGCACAAGAAAGCAGCAGTTGAAAAAATTCTTGATAAACACGATGCTGCCACACACAATAAAAGGTTTAACGGAATTTTTGCCACTTCCTCAATTAACGATGCGATTGAATATTATGGATTATTCAAAACAACTCAGGCAGAAAAACTAAAGGAAGATTCTAACTATCAAAGCTTAAATATTGCTTGTGTATTTTCACCGCCTGCAGAGGGAAATAAAGATGTTGAGCAGCTTCAGGATGATTTGCTTCAGGAAAAAGAAGATAATAAACAAGCACCCGAAGAAAAGAAAAAAGCTCTTGAAGCAATTATAAAAGATTACAATAGCCAGTACAGTACAAACCATAAATTAAGTGAATTTGATCTTTACTACCAGGACTTACAGCAGCGTATAAAATTTCAGAAATATACCAATGCCGACTATCCGCATAAAAATAAAGTTGATCTGGTAATTGTAGTTGATATGCTTCTCACTGGCTTCGACTCACATTATCTTAATACTTTATATGTAGATAAAAACTTAAAGTACCATGGTTTAATACAGGCTTTTTCCCGCACCAATCGTATTCTAAATGCTACAAAACCATATGGCAACATTCTTGATTTTCGCCAGCCTCAAAGTGAAGTTGATAAAGCTATAGCTTTATTTTCTGGT
CP065001.1_gap62	2586249	2589693	3444	TTAATTATGACAGCAATAGAACAACAAAAACTTGGTAGTACATTGTGGGACATAGCAGATAATCTACGCGGTGCAATGAATGCAGATGATTTCCGTGATTATATGCTTTCGTTTTTATTCTTACGTTATTTATCTGATAATTATGAAATCGCTGCAAAAAAAGAATTAGGTAAAGATTACCCTCAACCTAAAGAAGATAGTAAACTAACTCCGTTAGCACTCTGGTATGAAGCGAATAAAGGTGATGTAGATGACTTCGAAAAACAAATGCGTAGAAAAGTACATTATGTTATCAAGCCGGCTTATTTATGGAGCAACATTGGCGAACTTGCAAGAATGCAAAAAGGTGAGTTATTAAGTACTCTCGAGGAGGGTTTTAAATACATTGAAAATCATTCTTTTGAAAGCACATTTCAGGGTTTATTCTCAGAAATCAATTTAAGTTCAGATAAACTTGGTAGAACATACGAAGAACGAAACAGCAAGCTTTGTACAATCATTCAAAAAATTGCAGAAGGCATCGCAAAGTTTTCTACAAATACAGATATACTTGGGGATGCTTACGAATATTTAATTGGACAATTTGCCGCCGGCTCAGGTAAAAAAGCTGGTGAGTTTTATACACCACAACAAATCTCTACTATACTTTCAAAAATTGTAACACTTGATAGTCAGGATCCAGGTAAAGGCAAAAAGAAAAAGCTTGATAAGGTTTATGATTTTGCTTGCGGTTCAGGTTCTTTGCTATTAAATGTTCGTAAACAAATCGGGTCAAATGGCATTGGTAAAATATTCGGGCAGGAAAAAAACATTACTACATACAACCTGGCACGTATGAATATGCTATTACACGGTGTTAAAGATTCAGAATTTGAAATCTATCACGGCGATACACTTACAAATGATTGGTCAGTACTTAGCGAATTAAACCCCGCAAAAAAATTAGAATTTGATGCTGTTGTTGCAAACCCCCCATTTAGTTATAGGTGGGAAGCAAATGAAAAAATGAGTGAAGATTTTCGTTTTAAAAGTTATGGGCTTGCACCAAAATCCGCAGCAGATTTTGCTTTTTTATTACACGGTTTTCATTTCCTCAGCAAAGAAGGAACAATGGCTATCATCCTTCCTCACGGAGTTTTGTTCAGAGGTGGTGCAGAAGAAAGAATTAGAACAAAATTATTAAAAGATGGGAATATAGATACTGTAATTGGTTTACCATCTAATTTGTTCTTTTCAACTGGCATACCTGTTTGTATCCTTGTACTAAAGAAATGCAAAAAGACAGATGATGTTTTATTTATTAATGCAAGTGAACATTATGAAAAAGGCAAACGACAAAACAAACTGCGCGAAGGTGAGAATGGTGAACCAAATGATATTCAGAAAATAGTAGACACCTATCAGAATCGTCCGGGAAAAATTGAACGATACGCTCGTACAGTATCAATGGAAGAAATTGAAAAAAATGATTTCAATCTTAACATTTCCCGTTACGTTAGCACTTCCATAGACGAAGAAGAAATTGATTTACTGGAAGTAAATATAAAACTTGTAGAAATAGAAAAAGATATTGCTAAAGCAAGGGAAACACATAACAAATTCTTAGAAGACTTGGGGTTACCTCCGGTTTAATTTAGTGCAACTCTCAGTGATAAGGAGAAAATGAATTATTTATTCATAATACTTATAATAGTATTTGCGTTTTATTTTTTTCACAAGTTTAGACATAATAAAAACGTAAAACTTCCCACACAAAAGTTTGATTTTATTATAACGGATGAGATCAAAGAAATCATCAATCTTCTAAAAACCACAAATGAAAGTATATTTATAACTGGAAAAGCAGGGACGGGTAAATCATCCTTATTAAAACATTTTATTAAATCCACCAGGAAAAAATATGTTGTGTTGGCTCCAACAGGTATCGCAGCACTAAATGTTAGTGGTCAGACTATTCATTCATTCTTTCGGTTCCCACCTACTATCATAAATCCTGATCAAATTCAACCTGATTATGTTCGTGCTGAACTATTTAAAAATTTGGGAATGGTTATTATTGATGAAGTATCAATGGTTAGAGCAGATTTAATGAATGGGATAGATATTGCACTGAGAAAAAATCGTAATAGAATAAACGAACCCTTTGGCGGTGTTCAAATGATATTCATTGGTGATCTGTTCCAGCTTCCTCCCGTATTAACTGATAAGGATCGGTATCAAATTATAAGAACTTATGGGGGGCAATACTTTTTTGATGCACCAGTATTTAAATCCTTTAAATACAACTTTAGTGAACTCACAACAATATTTAGACAATCCGAAGAGCAGTATCAATTCAAAACCTTGCTTAATCACATAAGGAATAATGAAGTTTCTTTTGAGGATATGGCTTTGCTAAATTCTCGTCACAAAGATAATAAGGGCGAACATGTTGATTCAATTTTTCTGACTTCAAGAAAAAATATTGCGCGTCAGATTAACAAGGATAAACTTGAAAATCTTCCCGGTAAAAAATATTCATTGGTTGGTACACTTAGTGGTAAATACGCAAAAGATAAAGACTCTGATAATGATAAATTGGATGATAATTTACCTGCCCCTCATAATTTAGAATTAAAAATTGGGGCGCAAGTTATGATGTTGAGAAATGATCCTGCGAAACGATGGGTTAATGGTAGCATTGGCAAAATAGTAAAAATAGATGATAACAAAATTGTCATTAATTTATATGGTAACAGGTATAATGTTGAAAAGGAAAGTTGGAAGGAAGTTGAATTTGTCTTAAACAATAAGACGAAAGAAATTGAAGAAAAAATTATTGCCGGATTCAGTCAGTTTCCAATTCAACTTGCCTATGCAATGACAATTCACAAAAGTCAGGGGAAGACATTTGATAAAATCACCATAGATATTGGCTCGGGTGCATTCGCTCATGGTCAAATATATGTAGCTCTCAGTAGATGTAAAACTTTAGAAGGAATTATCTTAAACAATCCTATTCAGAATAAAGATATTATTGTAGATCCTCGTGTAATAGAATACTATAAAACCAATTCCACTCCAGTTCCAGTTATTAAACCAGAGCCACAAGATTTTCAACCAATCATACTTAACCAATTAAAATCGGCAATAGATAATGGCTCAACCGTAAAAATTTTATATGAGAATTTGAATGGCGAAACTACAGAGCGTATTTTAAGTAATCTTCAATTCACTGATGAGTTCAATACTTATGGCTATAATCATCAACACATAAAAGCATATTGCCATTTAAGAAAAGACGAAAGAAATTTTAAAATTGAAAGAATAAGAGAAATATCGGTTGTAAATCAATAGTAATTCTTTATACAGCTGTTATGCATAATTTCGTGACATCAACTCAACTATTTTAATAAAGTAAAAACACGATGCCAGACATAAAACTCTTTAACATAACTAACAACA
CP065001.1_gap63	2626758	2629874	3116	TGTCAGATAACGAACACCTGCATTTACAAAATGATATTGGAATCCCGCACCAAGGCCAAATCCTAATGCTAAATTAGATTTGTATTCTTGTGTTGCCGTTTCCTCCTGGTATCTTATAGTTATATCAGGAAAACTTGAAAACAGTAACCCCAAATTTCCGGAGAGATAAATCCTGGTGTTTTCAAATGTTGCATGACTTAATTGAAGTCCGGGCAAAACCCACGTCGTATAATAACTGCAAGAGTTCACAAAAACCGGTGAGATAAATTGTGAGAGTGACTCTTCAATTTTATAAACATTCAGACCGTTATGGGCGACAGCTGTTAGCAATGTTAAATCTAAAATTTCAGACATCGGTTGTGTCAGTTCCAGCATTCCTAATAGACCGGGAGTTGCAAGCCCTGCTTTCTCGCCTGAAACAGATGCAAAATCACCCATCGGAATGGAAAGCCCAGTGGATAACCTCAATTTTATTTGAGAATATTCCCTCTCATGCTGTGCAAATAATGTTATGCTGATTATGCAAGTGAAAAAAAACACTAATACTAAATTTTTCATCATAACCCCTTTATTTTATTTCTTGTTTTCGACAGTTATTTCTTTTTAATACTTAGTTATTCGATTTTTCTCCATTCACTCTATAATAAGTTACAATGTCATCCCAACCATCAGGAGTAATTCTGAATTTGGTAATATTGCTTTCCCGGATTTAAATATTCCATTGCCGGTAATTTTTTGTGAATATTTTGCTGTACCTGTTAAGTAACGGATCGAAAAATTGTAATCCTTGTATTGAAAGCCTGTACCTATTCCATATGCAACTGCAATATCAGATTCAAATATGTTGACCAAAGTGGTGTCCCCATAACTATATTTAATATCGGGTAAACTTGAAAAAAGTAATCCAATGTCAGCTATACAGTATAATCTGGAATCATCGGATAGATATGAACCAATCTGAAATCCTGTTAAAAACCAAGTTGAGTAATAACTTCCGGATGAAGCACTATAAGGCACTACATTTTTAGTCAGTTCGGAAGCGTTCAATTTATTTATTGAAACATTTGAAAGCAGTTCCCATTCAACGTATTTAGAAAGCGGGACAGAACCTTCAAGTGCAACAAAAAATCCGAACATTGCATATCCCGCAGTATACCCTGAAGTTGAAGCAAATTCTCCTAGTGGAATTGCCGCACCTGTAAACAGCTTAATTTTAAATTCTGATGAATTTTTATTTTTTGTTTGTCCAAATGATGCTGTAAAAGAACAGAACAAGATTAAACCCCAGATCATAGAACATTTATTGATAGCTTTCACAAACACCTGCAAAAAATATTAATTGAATCGTATACTTTACCCGAATGATACTCCAAGCATAAGTAATAAAATTCCTAAAGAGGAGGCAGCACTTGTGCCTGGATACAAGATATTTCCAGTACCTGAGTATTCAGGAAAACCATGCAAATATCTTATTCCAAAGTTTAATCTTTCAAACTCCACACCGCTACCAATACCAAAAGCGAATGCAACAGTATTTTCGCTTGTATGCTTAATATTATTAACGATGAGTTCAGGAAAACTCACATACAATAATCCTATACTTGCAGAGAAAAAAATTTCAAAATTACTTTCACGTTCTGGTCCACCTTGTAAACCAGCTAACAACCAGGTTGAATAGTAACTTTCCGTTGATGCAGTGAAGTTCCAGGTTCTTTTGTCAAGTGTTTCAACATCTAACTGATTTATTGAAACCGCCAGGGAAAGCATCAGATTTAAATTTTCGTTTAGAGATTTCAGCCCTTCAACCGAACCAAAGAAGCCTGTATTCGCGTAACCGGCTGAATTGCCGGAACCGGATCCAAAGTTTCCCATCGGTAATGATAGACCTGAATAGAACTTCATTTTGATTGAAGGTTTAAATGGCTCATAATCCTGAGCAAGTAAAATAGTCCTGCCGCAAAACAGTATCGCAAATAATATCACAAATTTTTTCATATCAGCCCCAGGTTATTTTTATTAAATCCTGAACTATTATCAGTTGGGATTATCGTTCACTGAAATAATCTGTTTGAAACGGGGAATGGACAGTACTCAAGAATTTTTATGACCAATCCATCAATTACCATTGCCCAACTATCTTTTGTCATTCCAAATGGTATGGCGCATTCTTCATTTATTCTGCCATAAGAGGCAAGTTTTTGATTTTGATTATCCCAAAGTGCAAAGGTTAGCTCATGAAACAAAGTAGCGAAAGAACCGCCAGAATGTTGATTCCCTGTCCAATATCCGCTACTGCCGGAAATCCTTGACACATTAAGATTGTCGATGAATAAAATAAATTCCGCAGTTAGCGAATCGCTTTTAATTCCTTCATTCTCTTTGGGCAATAGAATTTTTAATTTTTCCTTATCAGAAACAACAAGTGTTTGTTCAGTTAAATCTGAACCGGAATATCTACCAAAATAATTTACTTCAGAGCAGCAGTTACTTGTGTTGAATGAATTAATAAAATTCTGTTTAAAGAATGAGATATAAACTTCTTCAGGAATGCCTTCACCTAAGTCATCCAGAACATCATCTTTATTTGATATCAAAGGTTTTTCAAAAAGCTGAACAATAGAAACAGTTTTATCACTTAGCTTTTGATTTGAATATTCTTTTGTTAAGATAGCTGTCGGTGCGCCGCAACCGGTTAAAAACAAAACAAATGAAATGACTGCCGTAAACAAGTAACCCTTCATGTAAACCCCTTATTATTTACAACTCAAACTTATATTGAATTGTTTTATGAATCAATTAAAAAGTTTAAAACAGTAAAGATGTGATATTGTATGTCCGGTTGTCTGAATTAATGAGAGTAAAAAAAAATTAGTCATCCCCTTAGTGCCTCTTAGTGTACTAAGTGTCTTAGTGGTAAAATCTCTTCATCATTTCTACATTCGTCATTGCTAGTTCGATATTCAAAATTAGTTTCAACAAAAAAGGCGATCATTCCTGATCGCCTCATTAAACATTTAGCATTAAGCCTTTAACATTATTCTTACTCCATCATCAGCACTTTTTCAATTCGTTCCATTGCCCAGTCTATTTCTTCTTTCCTAATTACAAGTGGAGGT
CP065001.1_gap64	2631230	2632916	1686	GATAACAAATGTATTTAAGGTTACTGATATTATTTTTAATAACAGGATTTACATTTACGCATTCTCAGGTAATTGTTTCTGTGCCTGAATTCCCTACTGAAAATGATTCCATAAAAATTATTTTTAATGCGCAGGAAGGTGCCAACACTCCGGGTTTGCGTGGCTATACAGGAACTGTATACACTCACACCGGTGTTATAACAAGTACGTCAAACGGACAGTGGGCGCACGTAATTGGTTCATGGGGAAATAACACCACACAGCCAGCATTAACCAGGATTGGAACTGACCTCTATGAACTGGTTATCGGAAAACCAAGACAGTTTTATTCAGTAACTAATCCTTCTGAAAAAATACTAAAACTCGCTTTTGTTTTCAGGAGTTCAAACGCATCTCAGCAGACAGAAGATATTTTCCAGGATATGTACGAACCGGGTATTACTGTTATTGTAACTCAGCCAAATGTTATAACAAGTTTCGGTGATCCGCTGCGTTCGCCTGTTTTTGCAAACTCAATTGACACTATTGATATATCAATCGGAACCGCAGCAATTGGTACTGCAGTTGAATCATTAACACTTTTTGTAAATGGATCACAGGTTTCTCAAACAACTTCTGCTACACTTGACTATTCCTTCATTGCGGCTAATCACACAGCAGGTGTAAATTATGTTGATGCGGTTGCTGTTGATACTGCTTCTAACTCAGATACAGTTTCATTCGCCATAATGTTAAACCCGCCGGTGACAAACGCTTTACTTCCAGCGGGAATCGAACATGGAATTAATTATATAGATAACAATTCGGTCACACTGGCTTTGTACGCGCCATTTAAAAATTTTGTTTATGTGCTTGGTGATTTTAATGACTGGAAAGTTGACACAACTTATTTTATGAAACGTCACCAGCAAACATCCGATAGTACTATTTGGTGGCTGACTATCGATGGACTTACACCATCACAGGAATATATTTTTCAGTACCTTGTTGACGGAGAGATAAGGATCGCAGATCCTTACTCAGAAAAAGTAAGTGATCCATGGAATGATCAGAGTATTTCACCAACAACATATCCTGATCTTATAGATTACCCAACAGGAAAAACTGAACAGCCTGCAACAGTCATTCAAACAGCGCAGCAGCCCTATCAGTGGCAGGTAGCATCATTCCTAAGACCCGCTAAAAAAGATATGGTGATTTATGAATTACTGATACGCGATTTCCTTTCATTGCATGATTATCAGACACTTGAAGACACTCTCAACTATTTGAAGACACTTGGTGTAAATGTAATTGAACTTATGCCAATAATGGAATTTGAAGGAAATGAAAGCTGGGGTTACAATCCAAGTTTTCATGTTGCGGTAGATAAATATTACGGACCAAAAAATTCTCTGAAAAGTTTTATTGATAAAGCACATCAGATGGGAATGGCTGTAGTACTTGATATGGTTTTAAATCATGCTTACGGTCAATCTCCTTTAGTAAGATTGTATTGGGATGCGGCAAACAACAGACCTGCAGCAAATAATCCATGGTTTAATGTTACATCGCCTAACCCGGTTTTTTCATTCGGATATGATTTTAATCATGAAAGAAATGCAACAAGATATTTTGTTGATCGTGTGAATAAATTCTGGCTGGAAGAATACAGGTTTGACGGGTTCCGTTTCGATTTTACAAAAG
CP065001.1_gap65	2648847	2649791	944	TCAGCCTTCAGCAATACGGGTCTTACTGATGTGACGATTCAATATACACCTGACGGAGGTTCCCCCCAGAATTATGCTATGAGTTTCAATCCTGTTGAGAACACAAAAATTGTTGATGAAGCTGACAGATGGATAGGGACTATTCCGCCGATTGGCGCAGGTCAAAGCGGAAAATTTTCTATCATTGCAAAAGATAATTTAAACCAGACTCAGACATATCCACGTAAAAATCCTATCGTCCTTCGTACCCCGGCTGCACTTGGGAATGATCTCGTTATAAATGAATTCATGGCAGACAATGAAACAACCATTCCTGATCCATCGGGTGAATATGAGGACTGGATTGAATTATATAATCCGACTGCATCACCAATACTGTTAACAGGCAGATACATAACAGATAAATCTGATAACCTTACAAAATATTTATTCACGCAACTTGATCTGTATGTAAATCCCGGCGAACATCTTGTTATATGGTGTGATGAACAGCAATCCCAGCCCGGAATTCATACTAATTTTAAATTAAGTAATGATGGTGAATACATTGCGCTCGTGGAAACTGACGGAGTAACAATAATTGATTCAATATCGTTTGGTGTGCAAAAAGCCGATACATCATTCGGTCGTTCACCCGATGCTTCGGCAAACTGGGCATTTATGGGACCAACCCCCGGCACCGCAAATTTAATTACAAATGTTGATGAAGAATTTATTCCAGTTGGATTTGAACTATCGGCATATCCTAATCCATTCAACCCTTCAACTACTATCAGGTATTCAATTCCGGAAACATCTGATATAACATTTACAATATTCGATATACTCGGTCGCGAAGTCTGGAGTACATCAGAACAAAATAAAACTCCGGGCACTTACGAATTTAAATGGAACGGAAGAAATAATTATGGAAATGAATTGAGTTCCGGTGTTTACTTTCTGAA
CP065001.1_gap66	2664940	2669229	4289	ACACGTTGACGGAGCTTTTGGTTTATGGGCGGGTGCATCAAAGTCTTATTCTCATTTAACCAACGGGTATGAACTTGCTGATTCATGGGCAACAGATGCACACAAATGGCTTAACGTGCCTTATGATTCAGGACTCGTTTTCTGCAAGCGTTCAGATGATCTGAGAGCAGCGATGTCAGTTTCAGGAGATTATTTAGATCAAACGGGTGGAAGAATCCCTTATCAATTCACTCCTGAACTTTCACGTAAAGCCCGCGGAGTAGAGATATGGGCAGCACTAAAAACTCTTGGTATTAGCGGGATTGATAATCTTATTACCAGAACATGCGACTTCGCAAAATTATTCAGTGATATCTTGCTTTCGAATGGAATTAAAATACTTAATGATGTTGTATTGAACCAGGTACTTGTATCTTTTGGAAGTGATGAAATTACAAGTAAGGTAATGAAATTAATTCAAAGTGACGGCACCTGTTATTGCAGCGGCACTAACTGGAATGGAAAGTCTGCAATGAGAATAAGTATTTCATCATGGGCTACAACCCAAAAGGATATTGAGCAGAGCGCTGATGCTATTATCAGAATATTCAATTCAGTTAAGTCATAACCTGAAAATGAAAAGAATAATTAATCCTGTATCAGATTCAATCAGATCTATCGAATCAATTAAGATGAATCCATTTACATTATCATTCGATTCGACAGAGATGAATAAGACTTTTGCGAATTACCAGTCATGCAAATCACTAAAACTTTTTCGACTAAGTATGCTGCTTGCAATTGTTCTTTATGTTGTATTCGGATATCTGCGCGATAACTTTATTACTTCTTCTGAAACAGAGTTCCGTATCATACAAATTTGCGGTATAATTTATTTTACTGCCGCGACGCTTATCAGCTTTACAAAATTTTTTATTAAAAATTATCAGCCTGTTCTGCTGGTACTGATGCTTGGCGGCGGATTAAATGTGATGCTATTCTCAATTTATGGCGGGCATTCTCTTTATGTGGGAATTATTCTTTCAGTGATGTACGCGCACAGTCTTCTGCGAATGAGATTTATATTTGCCTCAATTGCAACATGGGTTATCGCAATCAGCTATGAAATAATACTATTTAATTTTATTTCTCTGCCAGCAGCCGAAGTTTTCACAAGTTCATTTTATGTGTTATCTGCTAACCTGCTTGGAATGTTTGCAAGTTATGGCATTGAGTATTATATGAGAACAGTATTTTTAAAGTCCAGCCTGCTTGAAGAAAAATCAAAAGAACTGGAAAAGGAGTACCTAAGAAAAACTAATGAACTTGAATCTGCCAGACGATTACAATTATCTATGCTTCCTCAAACAATACCACAGCATCCGGAACTTGATATTGCGGTAATGATGAGTACTGCTTCTGAGATAGGCGGAGATTATTATGATTTTCATTTAAGTGATGACGGCGTACTTACTTTTGCAATCGGTGATGCAACCGGGCACGGTGCGCAGGCAGGTGCAATGGTAACAGCAATTAAATCATTATTCTCTAACTACTCGATGTGCATGGATCCTGCAGAGTTTTTAAGGAAAGCAAATCATTTTTTAAGGCAGATAAATTTACCTAAACTTTATATGTCACTAGCAGTCGGGAAAATAAAAGATGGCGCTCTCCATCTTTCAGCAGTCGGTCTTCCACCATTGCTACACTATTGTTCTGAAACAAAACGCATAAAAAAAATTCCAATGAAAGGTCTGCCGCTTGGCAGTGTTGGCGAGATACGGGTGCTGAAACACGAAATAAGATTAGCACCAAATGATACAATTTTACTTATGACTGACGGTTTGCCTGAACATTTCAATTCGAAGCGTGAAATGTTTGGGTATGAAAGAATATATCGAATGATGGAATCATCAAGCTATAAACACGTTGATGATTTTATGAAAGAATTTAAATACAGAATTAAAAAATGGAATGAATCCGATCAGCATGACGACATTACAATGATACTGATTAAGAAAAAAAGTTCGATAGTGAAGTTTAACGCTGATACTTCTTCGGGAAAAACTCAGCAAGCCTCCGGTCATTTTCCAGAAATAAATTTTGAACCTGATGCTGTTGTGATATAAATTTTTCTTACGATGCTTATTCCAAATGGTATGTATTTAATATAATTTTAGAATAACTAATAAGAGAAATTTATGTTTATCACATTGCTGCTTGTAACATTTGGTATAGCCTTACTTGTTTCCTTCCTCCTCGTCAAAATTTTCACTTCACCGATCAATAAAATCCTTGAGCGGATAATCGCTGATACAATAAGCATCGCGTGGTCAAAGTATCTTCGCTTTGCTATGTATGTAACAGGCATTTCAAGCGGGGTAAGGATATGGCAGCTTGAAGTATATATAACACCGGAAGACGGAACATCTGTCCGCGCTTTGACTTCAGAAAGATGGATACTGGAAGTCTACCGCACAATCATAGAAACCATGCAGGGAATTGCCTGGATGCTGCTGGTATTCTTTATTTTTGCACTTATCGCATTTGTAATAGTCAGAGTCTTTGAGCTTAAAAGAAAACTAAAAGATGAGAAAGTATCTGACTAATATTTACTCAACAATTACCCGTATACCTTCTGAGTGACTTGAAAACTCAGGTGCATACATACATTGAAGAGTGGTAATCCCATTTGAGAAATCTCCTTTATGATTTACTCTTAACGGATACTCAAATACATAAGTACCTTTTGGCATTCGTTCAATAAAGAAGTTTGTGGCAAAATCTCTTGTGTTTTCATAATGCCAAAGTCCATCCTGGTATTTATGTGTCGATAAAACATTAATAGGTTCAAACCCTGATGCGCGCATATCTTTTAGATGAACATATTCCATATCCCTGTCAACACGTATTTCAATTCTTACAATTATTTTATCACCGGGTTTTAATTTAGTTGACTCATCAACAGGAGTAATTTTCTTTCCGGCTTCTGAATCAAGTTCAAGAAATAGTTTTTTATTTACTTTAAGTTTTGTATCTGCCTGCGTTATCTTATCAAGCTGCTCAAAATATTGCCAGTATAATGAGCCCCAGGCAACTACATCGTTATTATTCGTCACGGTTACATTTGACATCTCAGGTTTTATCTCATCACCTTTCCACGAAGTTTTGAAATATCCTGTCCCATCTTCAATGTGAATGTCAGGATTATTCTCAAGCAATAATTTTTCTCCGCCAATTATTATATCCGGTAATTTAGTTTCTGCAAGCCAGTCTGATCCTCTCAACAAAAGTGCATAACAAGCTTCGGCAGTTGCTTTGGTTGTCTTCCAATCCTGTACCTGTTTTTGTTTCAACAGCCAGGTTTTCATCTGATCGACTGAGTTTTGATCGTTCGTAATTTCATTGAAAGCTTCAATCAACAGTGCCTGCGATTCAATTGGTGATTCGTACCAGTACCATCCGTATTCCTGTTTGAAGTACATCCCCATTTCATCATTGTACACTGCGTTCTCTAAAATAGATTTAATAATATCCTTTGAAGTTTGTACTTCATTAAACCTGTATAAAGCAAGCGCGATCATTCCCTGCATATACTTGTTATTTGGCAGCCAGTATTTGACTGCCTGTGATTTCCAGTACTCAAATGCATCCTTATGCTGATCCATAACAGGAAGATCAATAAAATAACTTCTTCCATATAAGTACTGAATAATTATCTGGGTTAAATTATCCGCACTCAACATGAACTTGTACTTTTTAAGATTCATATAGTACTCATGCATTCTTGCATCAGTATAATAAACTGCTTTTCTTACCATCTCCCACGTGGATGGATTCTGGCGGAAATTTTTAATTCCAAGCTTATCCAGATGTCCCATTCCTGAAACAATATATTGGGTGATATACCAGCTATCCGGACACCCCTTAAACCAGGACCAGCCTCCGTTTGAATACTGATTTAGTTTTAAAATCTGCTCAGCTTTGGTTTTTTCTGCAGACATTTTATTAAGATCAAACAGTAATGCAATTCTTTTTTTCCGTTCAGATTCATTTTGCGCATGAAGCACCCAGGGTGTTTCTTCAAGTAGAATATTTTTTAGCTCCTGGTTCTTCTCAAGGTTAGAAAGTAAAGCATCTTTATCAATCGTCTCCCACGATTTAAAAACTTCTTTAATCTTAGGATCAGTATTAACAATGTGCGAAGCAATACTGTTTGCATAATACTTGCTGAATGTTTGTTCATTGCATTCATACGGGTATTCCATAAGATATGGAAGTGCCTGAATTGCATACCAAGCAGGGTTTGA
CP065001.1_gap67	2677131	2679824	2693	ACAGGCGAAAACACAGACCAGACAACGGGTGTTAAAATAATCCAGAAAGCTCTTGAAGAACCGTTAAGACAAATAGTAAACAATGCCGGCATCGATGGTTCAGTTGTTCTTGCTAAAGTTAAAGAAGGTAAAGACGATTACGGATTTAACGCAGCTTCAGAACATTACGAAAACCTGATTAAAGCTGGTGTTATCGATCCTACAAAAGTTACAAGAACAGCACTTGAAAATGCAGCTTCTGTATCATCACTCTTAATTACAACTGAAGCAGTTGTTTACGAAAAGAAAGAAAAAGAAGCTCCGGCTCCAGCTATGCCAGGCGGTATGGGTGGAATGGACGGAATGTATTAAAATATATTTCGTGATAAAGTTAAAGGCGGATACCATCTCCGCCTTTTTCTATTTTAAATCATGAACTCAGTAAGATTCAATATTCTGCAGTTCATTAATTTTTTTCTCAACCGCTCTTATTTCATTTAACTCATCAAGGATCATTCTTCTCTTTAAATAGAAATCTTCCTGAAGATAACTGGCAATGCTTGTATCATGAGATGAGGGACATCTTAAGATCATTCCGGCATTATGAATCGCAGCTTGTGAATCCCCCGTGTTGCTGATAATTATGTCATCCGCAATATCAACAGTACCTATATCCTGTAACGAAGGAATCTGTTCGAGCAGATTTTTATACTCAAAATATTTTTCAATTTGTCTTCTTGTAACTGCATAGATTTGGTGAAGTATTTCAACCTTCCGATCCGCCTTATCAACAAATTTCTTAAAGTTTATGCTGCCGGCGAGGCCATGCGGTATTCTCTTATTTTCTATTAATTCTTTGAAGAGTTTTCTTAATTGTCCAGGTTTAATAAAAATATCATCATCAATTATTATAAAATTATTGTTGCTATCAGAGAGTGCTATTTCCCAACGGTTGCCTACTCCTTCCCTTTTCGATTGCTCAATCAGCATTACCCTGCTGTCCTTGAATTTCATGTAGTCAGTCAATTTGTAGTCAACGGGATTGTTATTTGATATGATCACCCTGCTTATAAAAGAGCATTTAAGCGCGGACTTAACAATCGGTTCAATATTCCGGATCCGTTTATACGATAGTAAAACCAGTGTTATACTTTCCCTGGAAGCAAAGTGAACTTTTTTTCCAAAGTGAATTCTTAGAATCCATACCCAGTACAGTAACCACTTGCCCAGAAATTTAGCTGAGTCCTTCATTTTCACTGGATTTAATTTTCCATACGAAAGCTTGTAATTGTACTTAATGATCCTGAACATTTGATACCTGTCAATAAATTTCAGCGTTTGGAACTTTTCCTTTGTGTAACTCGATTTAATTGAAAACTAATTTGCTGTAATATTTTGAACCATTCTTCTCAATTATTCTCAAACGAATGAATTGAAATACTAATTAAGTATATTAACTATTGAATTTAATTGTTTTTACAGGGCATAAATTTTGTTTAACTAACCAAACTAAATTTATTGATTTTATAGTTCATTTTATATGCCACATTTTATCCAGAAAAAAATCTTTAATTGAAATCAGTGGAAAATTCTTTCGCCAAAGCTATATATCAAAAGGTCGATGATCTGATTGAAAATTCTGAAAAGAAAACTCTGAAGATCAGATTACTACTTTATTTACGATGCATCCGGATCAAAGAAGTAATACTCATAGGCGGTGTAACTTTTCTGGGACTCCTTTTCTCAGTTCAAAATCTTTCATTTGCGCTGCTAATGGATTGGGCTCTTGTAATGATCTCCACATATCTTCTGCTGGGACATGTTTATCTTTACAATGACTGGCAGGGTTATGCTTATGATAGAAATGATCTGAATAAACAGGACAAACCTGTTGTGAGCGGAAAAATCTCTTTAACAGAAATAAAAATTCTGGCTATAATATTACTTCTGGTTTCGTTATCCATTGCGTTATATTTTTCTGTCTGGATGATGATCGTTGGACTCACTATAGCCTTTCTGAATTTTATATACAGCAACAATAAAATATTTCTTAAAAGTGTACCGGTTATGTCTTCAATGCTTCATGGAGTTGGGGCAACACTCGGATTTAAATTCGGTACATTATACCAGGGTGAATGGACTGCGTCAGCAACTCTGTTCGGTATATATTTCGGAATAGTTTATGCAGCCGGACATTTAAATCACGAAATCACAGACTTCGAATCTGATAAGAACTCAGGTGTCCCGACACACGCTGTGGTATTCGGAAAAACCAAAGCGTTCAAGGCAAGTTTTATTCTGTTTTCAGTTTCATTCCTTTACATTACTGCACTTTCATTTTACAATATACTTCCAAGGCTTCTTATAGCCGGAGTCTCTCTAGCTTATCCTATTTATGTGTTCTTCTACATGAATACGCTAAAACAAAATTTGAGTCACGGTTCAATGATAAACTTCAGAACACAATACCGTATGCTTTATTTGCTGTGGGGTATTTTTCTGGCAATTTGTATCGCCATATAATTCTGAATATTAAAGAGCTTTAACTTGACCCATCAATCAAAAAATATCCGGAATGAAGTGCTATTTATTATTGGATTTGTGATTGCACTTCATATCCCCTTCCTATCACAGGCATATCACGTAGATGACTGGGTTTATCTTACTGCCGCACAAAAATTTTTGGAAAAAGGATATAGCTCCTTCCATGGATT
CP065001.1_gap68	2722613	2726049	3436	CATTCGTGGAGGCGGGATTAAGAAAAAATAATTTTTCAGTCTACCCATCGTTTAAATTTTTCTTAATCCAAATTACAAGAAGGAAATGAAAGAATCACGCACTTATTTTTAACTTTGCGATTTCTCTGCGCTACTGAGCCTGGTTTGAATTCAGCTTTGCGATCTTTGCGGTAAAGAAAAAGGCAATGGGACACTGATAATACAGATGAAACTGATTTTCACTGATCTGAGACTTTAACTCATTGTTAATACAACAAATTTTTTCAATTCTTTTTATTCAATTATATTTAGTCTATTCTTGAACAGAAATTGATTCTTTAAATGGATAAAAAATATCTTGTACTAAATCTATTTCCCGAATACAGGCCCGACCTGGAAGATCTTCCATGGAATATTCCGCTTAATGAGTGGACTGATAAACACGCTAAGTTCCTTGATATAAGAAAAGGAGTTTCTAAGCATACTGTCCGTTTCATAAAAACAAAAGATTATGCTTTTGCAATTAAACAGACATCCCCGCTCAATGCATACTTTGAAAGCGAAACTTTTTCACGTCTGCTAGAAAAAGGAATTCACACTCTTATTCCTGCCGGTTATATTTTTTATAAAAAAGATTTGTTCGAAGAAAAGACTAATGAAAAAGATGCTCTGTCATTCCTCGTAACAATACTTGAGGGAAAATCAATCCCGCATTCAATCCTGTTCAAATGGGATTTTTCTGAAACCAGCCGTAAGTCCATTTACAGAGCTGCAGCAGAGCTATTGGCGGAACTTCATTATAAAAATATTTTCTGGGGCGATGCTTCCCTTTCGAATATTCTTATCAAGTTTATTAAATCAAAAGATGAAAAAGGAAAAACAAAAACTGAGTTAAAAGCTTTTCTTTCTGATTCGGAAACTATTCAATTCTTAAAAAATATTTCCGCTGAACTGAAACAAAAAGACCTGCAAAGATTTTTTGAATCAATGAAAAACATAAGCCAGGAACTGCCGGATAAATCTGATTCCGTTGTAAAGGATGACCAGGAGTTTTTCAGGACAGAGTATCAGAATAATTATTCGCTTCTTACAAAAGCGGCTGACTTCGAAAACAAAACCGGTCTGAACATACGGAAACATTTTTACAGGTTTACTGATCAGTACTCAGTTGATTCTATCTTCAAACAAATCGAAGAACATAAATGGTACCTGAGTGAGAAAGCCGGACACGAAATAGATATCAAGGACGCGGCGAATGAATGGGTGAAAAAAATTTATAAGCCAATCATTAATGAATTCAATAAGATTAAGCTGTTCGATTATTTTCCGGATACAAATTCTGTTAAACTTTATGCGGATATAATGGCTCATAAATATTATCTGAGCATTGAAAAAGGTGAAGACATCGGCATTGAAACGGCTATACGAAGTTATGGTGAAAAATATTCAAATAAGGAACAATCGATATTCACCAAATTTATTGAGAGACTTTTAAAACGAATTACCAAAATAGTTCCTCCTAATTACAATCTTTAAAATGAAACATCCGCTATTAATAGACTTTGACGGTGTAATTAATCTGAATGGGAAAATTGCCCCGGATGCAAAATCTTTTTTAGGATATCTTGTAAAAGAAAAAATTCCTTCTTTAATTCTCAGCAACTCAACACTTAAATCTTCGGCAGATATTCAGAAGTATTTGGAAGTGAATGGAATAGATTTAAATATTCCTTCTATCACAACTGTGGATGCTTCAGTTGAATTTCTTAAGAAGCACTATAAAACCGCAAGCGTTTACTGCGGTGAAAAAGTCAAACATCATTTTTCTGATATACCTGATTCAGAAAATCCCGAAGCAATACTTATCGGTGATCTTGAACAAAACTGGACTTATGAAATTCTGAATGAAATGCTTTTGAAAGTTTTAAACGGCGCTGAAATTATTGCGATGCAGAAGAATCGTTATTGGAAGAAAGATGAAAAGATTCTGATGGATGCAGGTTCATTTGTCTCGGCACTTGAATTTGCCTCATCAAAAAAATCATTGCTGATAGGTAAACCATCGGAACTATATTACAGCAATGCTCTTGCCGAACTTGGATTCACAAATAATGAAACTTTTTTTATGCTGGGTGATGCTGTTGAAAGTGATATTGTTCCGGTTCAGCGAATGAATGGAAAAGGTATTTTGATTTATTCTGGCAAAACCAAATATCCTTTTAAAGAGAAAACTGTGAAACCTGACTACGAAACTTTTAATTTAACTGATGTGATTAGAATTTTATCCGAACTGTAAACTCAATCTGAGTTTATTTGCCTGTCATCAAGCCTAGAGTTCCTTCAAAAAAACCATTGCCGTTGTTTCTTTTATTTCTTTCAAGTGCAAGTTCAACAATTCTCTGTAAAGCTGTACCGTATGTAAAACCCGCAGCTTCCGCCGAACGCATAAATCCGGCGCCTTCAGTAAGGTCGGGATTTGGATTGACTTCGAGAACATACAGTTCACCTTTGTGAGACAGGCGCATATCAATCCTCGCGTAATCTCTGCATCCCATAATCTTGAATGCCTTCAGCGCGTTATCTTTGGCTTTAGCTTCAATACGTTTTGGAAGTTTTGCCGGACATATAGGAATTGTTTTATGATAAGATTCATGCAGCGGATCCCATTTTGCCTGGTAGCTTACAATGTTAAAAAGATGTCCGGGCATTTTTTCAAAACTGATTTCACTGATGGGAAGTGTAACCGGGTTTTTATCTCCCAGCACCGCAACATTAAGTTCTCTTCCATCAATAAATTCTTCAATCAAAGATGGCTGTAAAAAATGATGATGCACATATTCAATACGTCTGCTTAGCTGCCTGTCGTTTGATACTATCGATTCATTCTCAATTCCAACACTTGCATCTTCGTATGCCGGTTTAACTATAATTGGAAATTTGAGTTTATGGTTCAATCTCTTAACGGGTTTATTAACAAGCATAAACTCAGGTGTCTTTATGCCTGAAGCTTTCAAAATTCTTTTAGCAAGAACTTTGTTCTGGCAGTTAGCTAACGCATCTGAAGGTGCCCCCGTAAAAGGAATTCCTATCAGCTCAAGTAAACCGACGATATTCATTTCAAGGCGTGCATTATCTTTATAAAGTTCAATGAAATTGAAAAGCACATCCGGCTGATTTTTTTTTATTTCCCTCAGAAGCAGGTTTAGATTATCGCTTATATTTAAAGTATATGCGTCAAGCCCTAACTTCCTTAGTGATTCAGCAATAATTTCAAATTCTTCGATAGGTGTAAGCTCATCGACTTCAAAATATGGAATGAAGTCCAATTCTTTAACTTCATGGTCTACAGATTTGGCGTAAAAATCCGGGTGAGCTTCGTTATATACAATTGCAACTTTTGTTTTTGTTCTCATTCTAAAATAAAAATAAAGAAAAATAGCATTTCAGCAAAATTTTA
