gap_id	start	end	length	sequence
CP064962.1_gap1	20955	24348	3393	GCAGCTCAGCGCACTTTACTTTTCTTTTTGCGCGTACTCCGTCACGAAGATGGAAAGCGTGGTCGCCACTGGCACAGCCATGATCATGCCCACGACACCCAAAGTTTCGAGCCCAATGAGCATCGCTAAAATAATGATGATGGGGTTGAGCCCAACGGCTTTTCGCATGACCAAAGGCACCAGAATGTGTCCTTCAATTTGTTGCAGCAGCGCAATAAGACCAATCATCCAAACAGCCAACCAAGGGGATTCGTTAAAGGCCACTAAAACGGCTGGAATTCCTGCGGCAACGGGGCCCACGACAGGCAAAAGTTCTGCAATACCCGTCATCATGGCCAAAGTGAGCGCATTGTCCACACCCAAAATCAAGAGTCCGATGAGACTCATGCCAAACATCAGAAACATGAGCGTGAGCTGTCCTTGCAGCCAAAATCCAACCTTATTTTGAACTGTTTTGATTTTGTGAGCAATGTAATCTCCATGCTTGGAAGGGAAGAGGGAGATAAAAAATTCGCTCACCGAGCGTTCGTTCACCACCAAGAAGAAGGTGAGCACCAAAACCATCACAAAGTTGATCACTCCATTGAAAATAACTTTAATCGCTCCGAAAGTATTGCCCGCCACAGCTTCCAATTGAGTGGAAAGATTTTCCAAAGAACCTTTGATTTGGGCCACCACGGTTTCACGATCGATTTGATTCAAAAAGTCTTGAATGGCCGGTTGAATACTTTCTCCAAAAGGCAGATCCAGTTCATTGCTGCTCAATTTGTCGAGAATGGTCGTCAAACTGTGTGCAAGCTCAGTGAGCTGGGTGGCCACCAAAGGAATGAGTTGCGAAATGAAGAACACCAAGAGGAACAACAGTAGTAAATACATGCCCAAGACGCTGACCGCTCGAGGAACATGTCGTTTTTCCAAGAAATCCGCTGCCGGATTCAAGGCAGAAGCAAACAAAATGGAAATGAAGAACAATATAATAACAGAACTGATCTCTGCCAAAAACTTACTCAAAGCCATGAGCACCAAAACAGTAATGGTCGCTTTGGCCACGTTGCCAATCGAGAAGTAAATGAACGTTTCTCCTGGCTTCGCTTTTTTACTTTCAGGGGCATGAGGCTTTCGTACTGGATGCAGTTGAGCCTCACGTTCATCCTTCAAATTCTTTAAAGTTTTTCTTAGACTTTTTAGATTTTTACTGGTGAATTGAATGAAGTTTGAAAGATTTTTTTCCATGGCTATTGGGTTACAAGAAGAAGAAGAGCATTGACAATGAACCAAGAAACCAGCACCAAAACATAACCACCAATCGCATACGTAATAATGGTTTTTCCTTTTTCTTTGTCTTCAGTGACGGCGCCCAAAATATAATAATATCCACCCACCACAATCATCAGCACCACCAAAATACCCGCCACATTGATGACAAATTCCAGGGCATAATTGATGAAATAAGGCAACATCCAAAATTGCATGTTCCCAGATTTGAGGGCGCAAGTGAGCATTTGCTCGGAACTTACGACAAAGCCATCAATCGTCTGAGACTCAGGCATTCCGTTATAACCATTTTCTGCATAGTCGGCAGTCCAAAGCTCCACCATGTCAAAACACTGCGCGATGCTTAAATTGTCCGCAACAGAATCGTCCCCTCCCGGCAAAAGCCCTGTTGCCGCTTGGCTGAGAGGAACTCCAAAAAGCATCAAAATAAAGACGGAAAGAGGAAGGAACTTTTTAAGAAAATTCATGCAAGTGCGTGTGAATTCACTTTAGAGGCTAAGTCAAAAAAAGACCAGGCCTTTGGGCAACCCTTCTTCAAAAAGCACCGTGCCCAATCGTAGCAAGGTGGCCCCTTCCTCAATTGCCAAAACATAATCTTGACTCATCCCCATAGAACATTCCGGCAAGGCTCCTTGCAAAGACTTTAAAAGCCGAAATTGCTGACGTGCAAGCTCAGGTTCACGAGTGGCCATGCCCATCACGCCTTCCACTTTGAGGCCCGGCAAAACCCAAGCAGCTTCCAATAAATCCTTAAAAGCTTCAGGGGAAACTCCACTGCGTTGCGAAAGGCCCGACACATTCACTTCAATATAAATGCGCAGAGTTTTTCCCAGCTTCAACGCCGCATCCGAAAGTTTTTGTGCCTGCTCTAAATTTTCTACGCTTTGTACCCCATCAAAAAGTCGAGCCACGTCCTTAATCTTGCGCGATTGCAACTTGCCAATGAAGTATTTTTCAAGCCGCTCAAACCTGTCACCAAGCAAAATGCGTAGCTCCTCGAATTTTTCCGACGCCTCTTCCACCCGATTCTCTCCAATGCGAAAAAGCACGGGGTTTTCGCGCAGCAACTTCACAATTTCAGCCGCGCTGCGTCCTTTAGTCACGGCAAGCACCTTGTACCTGGAAGAAGAATCCGTTATCATCTGCAATATATGTCAGCTGTCGTCGCCATTGTAGGCCGCCCCAACGTGGGCAAGTCAACCCTCTTCAATCGTTTGGTCGGTAAACGCCGTGCCATCGAATCCAATATTCCCGGGACCACTCGCGACCGTCTTTACGATAAAACTCTCATCGATGATTATGAAGTTCTTCTGGTGGACACGGGGGGGCTGGAACTGGGTAAAGAAGGGGAAAGCATTGAGGCCAGCGTGCAAGAACAGTCCCACATCGCCATCGACGGCGCAGACGTGATTCTTTTTGTGGTGGATGTGCGTGAAGATCCCACGGCCGAAGATTTTCATGCCGCAGACCTTTTGCGCAAATCTAAAAAACCCGTATTGCTTGTAGCCAACAAATGCGACAACCCTCGTTTTGAGGAACAACGCTACAATCTTTACGAACTCGGTTTTGGCGAACCCATCCCTGTGACCGCGCTGCACTCTTTTGGCATTGATGAACTCGAGAGTCGCGTGGGCGACGAACTCAAGGATCAAGGCTTTGAACGCGATGAAAAAGCCGCAAAACCCCATGAAGAACGCATCCGCATCGCTTTTTTAGGCCGCCCCAATGTGGGCAAGTCCACCATGGTCAATGCCCTGTTTGGTAAAAAAATGGTCGTGGTTTCAGATGTGCCCGGCACCACCCGCGACGCCACCGAAATCGACTTTGAATACAAAGATTTCAAATTCACCCTTGTGGACACCGCCGGCATTCGCCGTCGCGGAAAAATTGAACAAGGCATCGAAAAATACAGCATCCTGCGCACCATGCAATCGGTCGACGAAGCCGACATTTGCGTGCTCATGCTCGGTTTCGACGAAGGCATCACCAACCAAGATTGCCACGTCAGCCAATACATCCTCGAACAGAAGAAAGGACTCATTCTAGTTGTAAACAAAATGGACCTCGTTGACCCAAAAAAACGAGATCAAGGGGAGCACATGTTTGTGCACCGGCTCA
CP064962.1_gap2	52015	54253	2238	TTCCCCATCATGGCCTTTGGAACGGGTTTCATGGCACTCACCTTTTATTTTATCGGTAGACGCGTATGGGAACTGGGAAAAGAAAAAGGCTACATGACCCCCCCTCAGCTCATGGGAGATGAGATGAAGAGCCCTTGGCTCCGCCGTTTAGTTTTTTTGGTGATGCTTGTGTTCTCTCTCCCCTATATCGCTATTCAGCCCATCGCCGGAGGGTACACCCTAGAAGCGCTCTTGGGCATTCCCTATTTTTTGGGAGCAAGCTTAGTAACGGGTATGATTCTTCTTTATACATTTTGGGGAGGATATCGCTCCGTTGCGTGGACCGATGTGGCACAAGGCATAATTATGCTCACGGTTATGCTGCTTACCGTGTGGGGCATCGCGGAAGCAGAGGGGGGGGTTGTGGCAGCCAACACAGCGGTATTTGAAAAAATGCCGGAGCTTTTTTCCCGTCCCGGTGCCGGTGAAGTTTATACTCCGGCGCTATGGTTCAGTTACATGATTCTTTGGTTTTTTTGTGACCCTCTATTCCCACAACTGTTCCAACGATTCTTTGTGGCTAAAGAAAAAAAAGCTTTGAACCGAACGATGATTTGGTACCCCCTCGTGACTGGCGTTTTCTTTTTACTACCCATGGTGATAGGAGTTTTAGGTCACTTGAGCATCCCCGGCCTAGAGGGCAAAGAAGCCGATAGAATTTTCCCGATGCTCGCAGAGCTGCATTTTTCTCCGGTCACTGCGGCCTTTATTGTAACAGCAGGTCTCGCAGCACTCATGTCCACTATGGATTCACAAATGCTCACCCTCAGCTCCATGTTCACTAAAGATGTTTATGAACCACTCACCGGTCGGCCAGTGAAGGGCAATGGTGTGGGTCGAGCTTTTAGTGTGCTTTTAGCTGGCCTGGGTTTGCTCATTGCCTACTTCAACCCGAGCTCAATCCTGCAGATAACAACAGAAACCTTCACAGGGCTTGCAGTTCTCTTCCCAGCCTTAGTGGCCATTTTATATTGGCCACGTACCCATGCTGGGGCTGCTTGCACTTCGATATTGATGGGAGAACTCTTGGTTATTTTGTACCATTTCAAACTCTTACCAACGGGCGGCTTTTTATCAGTTATTCCCATCTTAGGATGCACCACAGTGATTTTGGTCTTGGGAAGTTACCTTGGGAAGGCAAAACCTCGTACCCTACCCAAAGTGCCTAAGTCCACTTGGATTTGGGGCATGCTTTTTTACAGGGATTTTTGCTTTATCCTTAGATTTTTGGAATTGGAGTCAGACTCCTACTTTATGGGGGGGCTTGCCTCTATGGGTGTGGGCTACTTTAGCCTTAAATGGGATCACCGCATTGGCTTTTTGGGTCTTGAGTTCAAGGAAGCAAATCAAAGAAAACTAACACCTTTTCTCAGGATTGAAAGTATCTTTATAGGATACTCGTTGACTTTTGGAAAGTTTAAAAATTCCCACATGGATCGTTCAATGGGAAATACAAACTGCACGTGATGGCTGGCCACTCGGGTCTAGTACCCTTTTGACCTGTCTCATTGTAGTGTCTCTTGCCGTGAGACACAACTATGGCGTTTCAGGATAAATGAGACACTTGAGACAGTATAAAAAAGCTAGGAAGAACGAGCCGCCCACCGAACTTTGGTAGGTCTAAATCCTTGTCGCTCATAAAAATGCAGAGCAGACTCGTTCCCCACAGCAGCGCTGGTCCAAAATCGCCCCACTTGCCGTTCAGCAGCCCAGGTTTCAGCAGACTTCAAAAGACTTTTTCCATAGCCCTTGCCGCGAACTTTTTCGAGCACCATGAGTTCCAAAAGATAAGCCGAGCCATCGTCCTCCAGTTCCACCACGCTGAACCCCAGCAACTCTCCAGCCTCAAACACCCCATAAGCCGCCGCCGTCCCGTCTTGAAGTTTTTCATCGATCTCTACAAGGTAAGCATCGATTTCAAAAACCGCCGGATCAGCAAAATACTCAGTATCCAATTGATAGTGAAAAGCTTGCTGTTCAAAAAGCAAATCTTTGAACTGACGAACATCAGACAAAGGAACTATCTCCGGACTGACAACATGGACTTGAGGAATTTTCTCAATAAAAAGAAGCCGCTTTCGAAAGCCAGCGGGAGCTTCCACCTCTAGCGGTAAGTCGATTTGAATCCATTGTTTGGAAGCTGCAGGGACAGTAAAATCCGACCCAATTTTTTGTGACAAATCCAAGTACAAATAATCC
CP064962.1_gap3	188188	189272	1084	TAAAAAGAGCCGCCAAGAAGCACGGGACATCAAACACGGTGGACGCACTCGAGCTTCAGAACGAAAACAAGCGCGCTGGGAAGCGCGTGGAGACCGCCGTAGTGCAAAATGGGAACGTCGCATGGACAAGCGAACCGATCGTCTTGAGCGACAAGTAGAAAAGACCGACAAAGAGTTGGTGTTTAAACTCAGAGAAGCGGGTCTCAGACCCACTCATTTGGGGATGGAAGGGCCTGAAAGAGACCGTGCCTTGGCCTTGGCCTTTGCCGATGATCCCGAAACTCTGGCCTATTATAGAGAAGTTTTAGCCGAAGGGCCCGAGTCCCCTGAATATGAAGAAGTGATGGCTGAACTGCAAGAACGCCAAGGCGAACTGCAGACCTCTGAAAGATACCGAGAGACCTTGGACAAGACTGACGTTGCCCTTAAACAATTGGAAAGAGCTTCTTTGCAAGACAATTTGTGGGGCAAGTTTGGCGATTTGATTGGTGATTTTGGAAGAAATCCCGGTGCCATGGCAGCCATGGCTGGAGTACTAGCGGGTGTTTACTTTTTTAGAGATAAAATCTTCACCAAAGAGGTGGGTTATGTCGTGGGAGGCTTGGCCCTTCTGGGAAGCGGAGTTTACACTGCCGACTTTTTGATGGAGAAATTGGATAAAGAACATCGAGGTATTTTTGATCGCCTAGGATGGAAACCCAGTGATGCTTTGGCTCCTAATGTTTTAGAGAGTTATAGAAAAGAACACTTCCCTTATCTTCCTGAGAAAGACAGGGACAGCGCAGATGAAATGATGCGAATTTTCAATGTTCCGATGAGTCGAGTGAACGATGTCTTTGGACAAGCTGTGAATGAACATGAAACCAGCATCGATACCAGGAAGTTCTTGGGAGAACAAGCTGACGATAGAAAAGACGCTGTAGATACAAAAAGTGAAAGTCATATGGATGGAACGGACCTTTACCGTGGCCTGCGTTCGTTCTACATGGAATGTGCCGAGCGTTCATTGGGTGAGCGTGGCCTTTCAAAACTTTCAGAAGACCAAAAAATTCGAGCGGGTATTGCCTACTCAAAGGCTCACTTC
CP064962.1_gap4	334829	339723	4894	AATTTCACTGGGAATGGCACGAAACGCCACCGCAGGCCCATCCGTATCCCAAAACACATTCACACGAAACCTCCCCGAACCCATGAGCGCATAAGAAGTATCGATTTCTTCGCGTTGTTCAAAAAGCACTTGCTTATCGGCAGAAAGAATCTGATCAATCACTTCTTTCATATTTTGAGCCGTCATCACTTCTGCATTTTGCATTTCATACAAGTCCCCATTGGGCAAACGCACCAGCGGCACGCGCCCGACTTTAAGATGCAGATCAGGGCAATTGTTTTGTACGACTTCTTTGAGATAAGTATTGATATCCATAAAAGGGTTTATTGAGGTTCATCGAAGCTTTCTTCAAATTCATTAATCGGTCGGGGAGCATGAAGGGAAGCTAAAAATGTAGAATCAGGGTTATTGAGGTGCGCCAATGCACACGCTTCATTGGGGTTCATGCCATTGTAAACATGAATGGCAGCCACCAATTCAGAGGAAAGTCCCACCAAAGGAATTTCTTCTTCCCAAGCGGCTGCATACAAAGCAATGAGTTCCCAGTTCAATTTTTCATTCAAATCTTCAGCGGAAGGGGACAAAACAATGTGGCAATCTTTGGGTCCAGGAGGGGGGACGGTAGCGAGCTCTCCTGGCAAAAGCACTTTCACTTCTTTGCCTGCCTTAGCCGCAGATTTCTTCAAAATATTCATCGCAAAAAGAGACAAATCTCTGTCTAAAACCAAACGGGCTTTCGTAGGCAAAGGGAAAGCGGGAGCTTTTCTTTCAAAAAAATCCACATCCATATTCAACCCGTCGGCAGGAGCTAAAAGATGATGGGATTCATTAAGCTCCTTAAAAATGCCGCTCTCTCTGAGTTCAGAAACATCAGCAAACGAAAAAGATTCTCCCTTTTCAAACTTTTCAAAGGGCCACATCCCAAAAAAATCATCGAGCAACAAAGCAGCACGTGCCTGAACATTCAAAGATTCCGCAAGTTTCAGCTCATCAATCTTGGCCTTATCAATAATATTTTCCGTTCCAATCTCATGAAAATGCGCATAGGTAGCCTTCAATAAATCTTCATCCGATTCCAAAGCTGCTTTCACTCGTCCATCCAAATCAAGACCCAGCAAGTCGTTTAAAACCAAATAGGCCAAGCCTGTGATCTCCTTCGCATTGTCTGTGAATGCTTTTTGAACGTCGAAGTTCGTCATGCTTGGGATTTTTTAGAATTCACTTTTTGCAGAAGATTCATTTTTACAGATTCAAATTGTTGCTTCATTCGTGTATTTGCCACTTCATGACGGCGTGCGGCCTTCTTCTCCACATCCATCTCCATGTCTTCAATTTCACGCAAAATCAGTTCACAAGTGTGCAACTCTTCTTCAGGCCAACGTTTAAACACGGCTTCCCATTCCTCAATACCGCCTTTACGACCAAAATAATGGGCTAAAACCTCATTTTTTGACGCGCGGAGGGCGAGAGCGTGAAAATCCATGGCGTTTTTTTGAATTTAAATCTCATCATTATAACAAAAAAGCCCCCTTTTTACAAGGAGGCTTTTAGATTAGAGGCCAGCTCAAAAAACGACCGGCATTTTACATCATCCCGCTCATGTCGGGCATTCCGCCTGCAACCGGCTTTTCTTCGGGAATTTCCGTCACCACTGCACCCGTCGTAAGAATGGTTCCTGCAACAGAAACCGCATTTTCAAGAGCTGAGCGCGTCACCATGGTGGGGTCCACAATACCCGCTTCCACCATATCGAGGTAGCGATCGTTCAACGCGTCGTAACCATAAGTTTCGCTGCTTCCACGACGGATTTCCGTCACCACCACTTCCCCATTTTTACCTGCATTTTCTGCAATTTGACGGGTGGGCATCGAAAGCACGCTGGCAACCAGACGGGCCCCGATGTTCTCATCTTCATTCGCTCCTTCAAAACCTTCCAAAACCTTCGCCGCATGTAAAAGGGCACTTCCTCCTCCGGCCACAATGCCTTCTTTCACAGCCGCTTTGGTCGCATTCAAAGCATCCTCAATGCGCATTTTCTTTTCTTTGAGTTCCACCTCACTGGCAGCCCCCACTTCAATCACTCCCACTCCTCCCGAAAGTTTCGCAATGCGTTCCATCATTTTTTCACGATCGAAGTCGGACTTGCTGTGTTCCATGGTGGCTTTGATCTCCGCCACACGAGCCTCAATGGCCTTGGCATCGCCCTTCCCATCCACCAGCATGGTGTGGTCCTTGGTCGCGAGCACTTTTCCGGCGCGGCCCAATTGTTCGAGCGTGGCATTTTCCAATTTGAGTCCCAGTTCATCCGAAATCACGGTGCCTCCGGTGAGCACGGCAATGTCCTTGAGCATTTCCTTGCGACGATCCCCAAACGAAGGCGCCTTCACCGCAAGAATGCTGAAGCCTCCGCGAATCTTATTGACGAGCAAGTTGGTGAGCGCATCTCCATCCACATCTTCGGCAAGCACCACCAGCTCTTTTTTACCCGATTGAACCAGCGCCTCCAGCAAAGGCAAAAGCTCCTTGAAGCTAGAGATCTTCTTGTCGGTAAGAAGAATGTGCACATCGTCATACGACGCTTCCATGCGAGCCGGATCAGTCACCATGTAGGCAGAAATATAACCATTGTCGAATTGCATTCCCTCCACGACTTTATAAGAAAGGCCCATCCCATGTTTGGTTTCTTCCACGGTGATGGCTCCATCGTGACCCACTTTTTCCATGAGTTCTGCGAGCACTTCCCCAACCTGTTCATCTTGAGCCGAAATGGTTGCGACTTGAGCGATTTCTTTCTTGGTTTTCACAGGCTTCGCCAAGGTATAAAGTTTTTCAACCACTTTCGCAAGTGCCTTGTCCATTCCTTTTTTCAAAAGCACAGGGTTGGCGCCAGCCACCACATTGCGAATTCCCTCTTCCACAAGCGCAGCCGCCAAAACGGTTGCCGTCGTGGTTCCATCCCCAGCCACGTCGTTCGTGCGTGTGGCCACTTCTTTTACAAGTTGAGCTCCCACGTTTTCTTCGGGATCTTTAAGGTCAATCTCCTTCGCGATGGTCACTCCATCGTTGGTGATGAGCGGCCCTCCAAATTTTTTCTCAAGGAGCACATTGCGCCCTTTGGGCCCCATGGTGATGCGCACCGCAGCCGCAAGTTGATTCACACCCGAGAGCACTTTTTGACGAGCCTTGTCGTCGAAGATGATTTGTTTTGCCATGGTTTAAAGTTGGTTAGTGAGAAAAATAATTGAACTAATTATTTATTCATGAACAATTAAATTATTCGATAATTGCAAGGATGTCCTCTTCTTCCAAAAGGAGCATTTCCTGCCCATCCATTTCCACTTCCGTAGGTCCATACTTTTTAAAGAGTATTAAAAAATCAAAAAGCTTCTTTTCATTTTTTGTTGTACTTCCCTTCCTTCCTGCATCTCTCTTGCATAAATCCTGTATCCTAAACCCATGAATTCAGCTCTCATCGAAAAAGCAAAAGTAAATCCTGACGCCTTTGGCAATCTCTACGAGGCGTTCTACGATCCACTCTATCGTTTCGTATACATAAGAGTTAAAAATCAAGACCTCTGTGAAGACCTACTCAGCCAAGTCTGGGAAAAAGTCCTCACTCATCTTAAAACCTTGAAAAGCAACGCACCCGAAGTATTCAGAGCATGGATTTTCCGAATCACCCTCAACACCATCCATGAGCACTTTCGCCAGCACGGTAAAACTCTACTCCCTTTCCCAGAAGATTGGGATCCGCCAGGAAACGAAGATCCCATAGAAGAGCTTCATGGAAAAACCCTAGAAGAAAGCATCACTCTAGTGCTCCACAGTTTGCCTCCAATAGAACGTGAGATTTGTAGCCTTAAAATTTTCGGGGAACTCAAGAACAACGAGATCGCAAAATGCGTCAATCGATCTGAAAATCTAGTGGCAGCTTATCTTTCACGGAGTCTAAAACAAGTCCGCACACGCTTATCCTCTCACCTCTATTAATATGGAAAATCACAACGAATTCCTCAAAAAACTGCAATCGGCCTCTGTACCACAAAACCGTAGCTTCAAAGCTAAACTCAAAGAAGCCTTGATAGCTCGTGCTGAGCAAGAATACCCACCCAAAACTCGGTTCAATCCTTGGCTTAGAGCACTACGCATACCCTTTTCCGTGTTGATTTTAACCTTGATCATCACGCAAATTGCAATTCCAAGCGGCGATGATTCCAGCTCCACCAACGCCCTCAGCGCCTTCATTCAAGAAGCAAAAGCCAGCTATCCCGAAACTGAAGGGAAAATCTACCATGCCAAAATCAAGGGAGAGATGGAATACTATTTTGAAAGCGAAACCTTTAAAGGTTGGCAAACGGTAAGCATCATAGAAAAAGACATGTGGACAGCACCAAACGGAGAGCTAAGGCAGGAAATGAAGATCAGCTCTTTCAATGGTCCCAATGAGTTCGGTGACTTTGAACAAGTGGACCAAACCGATCTAGGCCTATCCAAAAAAGACAGCTATGGAAACATCATTCCTTACACCTTGCTCCAAATCACAGGCACCACAGATGGATCAGGAGGAATAGATGAGCCCATTGGCGAGCCCATTTACAATGTCCATCCTGGCAAGCAGTACGATGATGCGGATTTGAGCAAACAATTTTTAAACCAAATCACTTGTGTGACCAAGGAAGCGGGAGAAGATTTTGATGCCTACGCTTGGTCCACAATCAATAAAGACAGTCTAATATCGGAGGGTCTGATAGTAACGAGCTTCCCACACGATAACAAATACAAAATAGTGGATGAATTGTTTGAGGCCGCCAGCGGCAGCCTTTCCAGTCAAGAAGTCATTGCAATTTTGGAAAAAGTACAAGATGAACCCCAGATCACCTACGAAACCATCGAA
CP064962.1_gap5	345177	348572	3395	ACAGGCTGCCCCGCCACAACCACTTCCAGTGGAGCGATCTCCACAACCTTAAGAATCTCTGCCCTTTACCCCAACCCCAATACCGGTGAAGCCGAATGGATTGAAGTGACGAACACCGGCACTCAAACCCTAGATCTCGCCAACTACACCTTAGAAGACGCCACAGGCAACCCTTGGGCCGCTAGCGGAAATCTGGAAGCAGGCGAAGCCATACAAATCACTGGCTTCTCTTTTCAACTCAACAACTCCAATGAAACCGTGACCTTAAAAACCAGCACCGGCACCCAAGTCGACACCTGGACTTATGCAAGCAGCAGCAAGGGCACCATTCTTTATAGAAACGCAAGCGCAAGCACCTCCAGCACTGAAAACACCACAAACGCCAGCCAAACCGAACAAACCACCTCTGCCCCTGCCAGCACCCCCACCGAATGGCCCACTTTCTCAGAAGCCATGCCCAATCCTGAGGGTTCAGACGGCAGCGAAGAATGGATTGAACTTTACAATCCTCACTCTCAAACCTTAAACCTAAACGGCTTACAATTGGACGACGGCGAAGAGGGCAGCAGCCCTCACACACTCAGTGGAAGCCTGCCCGCAGAAAGCTATTTGCTCATCAGCATCCAAGACAGTCATTTGAACCTCAACAACACCGAAGATCACGTTCGTCTGCTCGGGATCAACAATGAAATTTTATGGGATCACCCCTACTCAGACCCAGACGAAGGCAGCAGTTTGATTGCTCATGGAAGCAGCACTGCCTGGACCACCACTCCCACCCCTGGTGAAGAAAACGTACAAAGTGGAAATCTAAGTGAAGAAACAGAAGAGGATGAAGAAACTTCCAGCGAAAGCAATGAAAGCGATTACCAAAACGGAGACCTTTCCGAAGAAGTGACCGTGACCGAAGTGTTTCCCAACCCCGAAGGCCCCGACAACGAAGAAGAATGGATCGAGCTCACCAACGGCGGTGGTGAAGCAGTGAATTTGGGCAACTGGACTCTCACCGATGCCTCAGGTCGCAGCTACACCTTTCCCGACAGCACCGTGATTCAAGCCGGTGAAACCCTCGTGCTCTACCGCACCGAATCCGCCATCTCTTTGAACAATTCCAATGAAAGCCTAACCCTGGCCGATCACACCGGCGAAGTGATGAGTGAAGTGAGTTTTGACTCCTCCCAAGAAGACGAATCCTATTCTGAAATTCAAATCGAAGAAGTCAGCTCGACTCAAGCCTCGGTGTCAGGACTCGGCAACCCTGTGCTCACCGTATGGCAGTGGGTCACGCCCAGTCCTGGGAGTCAAAACCCAGTTTGGAAACAGATCAAAGGCAGCGTGACCGAATTTGATGAAGGCCTGCTCACTCTCTTCGATGGCATCAGCTCTTGGACCTTCAAAACGGCCAACGCCGCAACCGACGAGCTGCTCTACGAACCCGGCAACGTGCTGCTGGTGCAAGCCTCCCTCAAAGACGAACTGTATGAAGTGATGCACGCCGAACTCGTGCAAAGCGCCACAAGCACAGATAAAGGAGGCTCCTTCCCTTGGAGTACGGTGCTCAGCATCACCGGACTCAGCGCCTGGGGCGGCTATGAACTCTACAAACGTCGAAAATCCATTTTGAATTTTAGACCCCAGGCCTTACAATGAGGGGGATCAATTCCCTAGCTACTTATGAACCGTCTCCCCTCGATTCAAAAACTCGGCTTTTTCGACCCTTGGGAAATTCAACGAGCTTGGCAACTACAGTTACGATACAATGAAAGAGCGATGGCAGAAGAAGGAATGACAGAAGGAGATAGACTAGATATACAAAGACAATACGATAATAACAAAGCAGAGGGAAAAAGAACTTTTGAATTGGCAGATCACACTTTAGACAGAGAAGGCAAAGAAAAAAAAGAATTCCTTACAACCGCCCTAAAAAGATTCCAAGATAAGACTGGTATCAACGAAGAAAAATATATCACACGAGTTGAAGAAGCCATAAGCATGAGTGAATTGAAAGAATTGGAAATGAAATTTAAAAAAACAGGGATCCAGTATTACAAAGAACAGATTAATAAATCAGGTTTATTCATTCCTATAGACCACCGCGAAACCGCCTTCGTGAACGATGAGAAAAAAATATATTTTGACTGGATAGAGAAGCAACCATTAGATACGGAAGATTCTGACGAGCCCAGCATCATCGAAGCGCTTTCCAACCTTCAAGGACACTTAGACGAAAGACGTGAGGGCAGGGATCGATTGAAAAGACAAAGCAGTTATGTCAAAGACGAATTCTTCCGACAACTGGGAGCCATGGGTACGAGCGGTTCAAAAGACAAACTGTTAGAAAAAATACTGAAAAGTGTAGGGAATTTGGAAAAAGAACCCTCCTCAATTCAATTTGAATTTAAAAAAGGGAGTAAAACAGCCGAGGGTAAAAAAGATACAGCTGCATTATTAAAAGAAGTAAGAGAAGAGCACGAAAAAAAAACGAAAGCTTATGAGGGCATTTTAAATGCCAATAGCATGTACTTTGGAGGGAAAAAAGTAAAAACCCCAAAAGGTGAAATGCGCGAAGCTCAATGGGAGTTCATGAAGTGGTTCCAAGACATCAAGAAATTTTCAGAAATGGATACGGCTTTGGAACAGTTAGAAGACACCGTAATTCCAGAAAGAAAAGCCGTTTACCAAGAAAGAAATGAACTGGTCAACGCCTTACCAGAGCCAAGAAAAACTGCCATTTTGAACAAAACAAACGAAATGCGCCTTCACACTCTTAAGGCTTACCTCAAAGAGGCAGGAGGAACGAACTTAGAAGAAAGTGCCATCGCATTGGAATACATCGCAGAGTTAGAGACTGCTGAATATGACGGCTATCCCCTCTTCACCAACGATGAAAAACGTGAGCTTAGAAAGGCAGTTCAGAAAAGCAAGCCTGAGCTACAAGAAGCAGAACTCAAAGTGTTACTAGGACGACTCATCCCTACAAGAGAAGCAGAGGTAAGAGATTACTTAAACTTAAGTGTACATCTAAAAGATGATCAAAAGTTCTTCACTGCGAACGTCTATGAAAAAAGGAAGTTCATGCGAGAGGCAATCGCTAAACAAAATCGAGAACTCCAACATCCTTTCGATATTGACAACCTAAAAGACATGAGTCAGGAAGAAAAAATGAGTACTTTACTGACAAAATTACAAAGCAGAGAAGGACAAAGAGATCTAAAGTCTGCAAGAAAAGAGTTGAGCCAAGAAGGAAAAACCCAACGAACCGATACTCAACTAAAAGTCATGGATGTAATGAGTAACCAATGGAAAAACATGCGGACCAAAGGTCTAACTCAACCTGAAAACTACATGACAGAGATTTACAAAGGTGCCAAGGTGAACAATTCACAACTTTGGCG
CP064962.1_gap6	349652	353811	4159	GCAAAGACCCCATCTTCAAAGTGCAATTTGGTGTGGATGTGCACGAAGCTCGCACAGTGCTGCTGGCCACCGGAACCACTTATCGCAAACTCGACGTGCCCGGGGAAGCCGAACTCGCCTCCAAAGGAGTGTCCTATTGCGCCACTTGCGATGCACCTTTCTACAAAGGAAAAAACGTGATCATTGTAGGCGGAGGCGACAGCTCCGTGAAAGAGTCCCTGATTTTGGCAGAACACGCCAAACAAGTGACCATCGTTTACCGCGGCGAAAAGATCACCAAGGCCGAACCCATCAACATGAAACGGGTGGAAGCGACCCCCAACATTGCGATCCGCCTCAAGGCCAACATTGTGGAAATTCTCGGAGACAAGCGCGTTCAAAAAGTAAAATTCGACGATGGCAGCGAAATGGATGTGGACGGCGTATTTATCGAAATCGGACGCATCCCCCTCACCGACATGGTGAACGATCTGGGCGTTGAAAAGAATGAAAAAGGAGAAATTAAAATCAACCTGATGAGCGAAACTTCCATACCCGGCTTCTATGCCGCCGGCGACGTGGCCGACACCGAATGGAAACAAGCCATTGTCAGTGCGGATGAAGGCTGCAAGGCCGCCTTCCGTGCTTTTGAATTCGTTTCCGCTCAAAAGGCTAAACAATAAATGCGCTTCGCGCTTAACCCCTAACCCATGCTCCCTATGTGCTCCTCCAACGGTTCCTGCAACTGCGGAAAATCCGCCTGCTCTTGTAAAGAAAAAGCTTGCCTTCAAGTGGGCAAAGCCGCTCCCGATTTCACTGCTGAAGCCCTTTTCAAAGACGGCGTAAAAACCGTGTCCCTCAAAGATTATCGCGGAAAATGGCTGGTGCTCTTCTTCTACCCGCTCGATTTCACCTTCGTCTGTCCCACCGAAATCACGGCTTTCAACGACGCCTACGACGACTTTGCCGCCATGAACACCGAAGTGCTCTCCGCATCCGTGGACAGCGTGCACGCTCACATGGCCTGGCAAAAAGACCTCGGCATAATGAAATTTGGAATGCTTTCCGACCTCAGTCACCAAATCAGCCGCGACTACGGCGTGCTCATTGAAGACAAGGGCATTGCTCTACGTGGGGCCTTCGTGATCGACCCTGAAGGAGTACTCAAAATGGCCGTGGTGCATGATCTTGCCATCGGACGCAACGTAGATGAAATCGTTCGCGTGGTCAAAGCCTGCCAAAGCGGTGAACTTTGCCCCATCAATTGGAAACCGGGTGAAAAAACGCTGGGAAAGGCGTAGACTAAAAACTCCAAAAGATATTTCTTACCCCCCTCCTTATGAAAAAACTTTTATTGGCCCTCAGTTTGACTTTAATCCTCACGGCTTGCTCCGAAACAGCTCCCGTAGAAACCGACCCCACCGATGAAACACCGACCAAAGCGGTGGACATTGAAATCGACAGCAGCGATTGGGTAGCCCTTCAAGGACAAGGCTTTTATGTGCTCGCTCCCGCTGGATGGACTCTGACCTCTGAACAAGGCGTCGAAAGTTACGCGGGCACCATTTCTGGTGATGGAATGAGCCTGAGCTTTGATTACGGCGCCTTCGTAGACGATGAATTCAAAGACCAAAATGCCGATTACGCCAGCAGCAAAGAAAACATTGATGGAAAAGACTCCATCATTTATTTGCCACGCAACACCATTGAAGGAAAGCTGGGTATTTTCATGAACGTTTCCGAGAACGAAAAGCTCTCCATGACCGGAGAAGCCCTTGATCTCAATGAACGTCTCACCTTGCTCAAAGTTTTACGCAGCGTGGAACTGGATTGAAAATCACTCAAAAGGTAAAAACTCTTCCAGCTTATAATAGTGATCCATCACTTTAAAGCTGCCCGGAGCCTCATAATAAAGATGAACAGTGAAGCCCGCACCCGCTGCACTCAAAGAATAAACGTAAAAGATGGGCCGACTACTTTCAGCATAATTTTGAGGATCGTAAAATTCTTCTACTTCTCTACCTAGTCCTTCTTCCAGAGCAGTGAAGAAGAGATCATCTTCATAATAATCGACGGGATGGCCACCATCATCGACCCAATCCGGCATGCCTCCTTCTATTACGATGATGTAGACATCTTGGTCAACGTACAACTCCATAAGAGGATAGGTGCCTGTTTTTTCTTTGTATTCCTGCAGCAGATTCATGTAATAATCATAGTGCGATAAACGCGCTGCGTCGGCTCCTTCTTGATAGGAGTCTTCAATGTACCCACATCCCGAAAAAATAAGAAAAGCAGCCGCGAGAGTAAAAATTATTTTTTTCACGTGTGGAGAGATTAAAGTCAGTCAAGATATATCAAATTTCAGAACCCACCACAAGCGACCTTTTGCGCAAGTCAAAAGGTCGCTTGTGCCCTTCGCAAATACTCTAAGAAAAACTAGAATGAACGACCTAGCCCTATGCATGAGTTCAGACGCACTCAACAACTTTGCCCAAGCTAAAACTTTGCTCGATCAGGCAAAGCGCGTTGTCATTATTGCACATAAAAATCCAGACGCGGATGCCGTGGGCTCCAACCTAGCCATGCGCGAAGCACTGGAAAACAATGGCAAGCAAGTGCTTTCAGCCTGTGTCGATCCCATCCCAGAAAATTGCCGTTTTTTACACAAGGCAGAAACTTTTGTCCAAGACTTCAATCCCGCCGATTTCGACCTCATCATCACTCAAGATTGTGGCGGACATAAAGTCATGGCTTTTCATGAAACAAAACCGGAACTGCTCGACCGAAGTAAAACGCTGCTCCTCAACATCGATCATCACGCCTCCAACGACCATTTTGGAACCGTGAACGTGGTCATGCCCGAAGCCCCAGCCACCTGCTTCATCCTCTTTTTGATGTTCTCGACCTACGGCTGGACCCTCACCCCCACCATGGCCACCGCTCTTTTGCACGGACTGTACTACGACACCGGCTCCTTCATGCATTCCAACACCAACGCCACCGCACTGCGCATCGCGGCTCGGCTTCAAGCCATTGGCGCCGACCACTCCCGCAGCATCAAAGAGCAATTTCACACTCATTCCCTAGCTCAACTCAAGCTGTGGGGCCGCGCACTCGAACGAGCCAGCCTCAATTCCAAACAAGCCGTGGTCACCGGACTCAGCAGCAAAGATTTTCAAGAACTCGGTGCCAACAAAGACGATGTTTCAGGACTCATCAACTACCTCAACCACGCCTCACCCGCCAAATTTTGCGTGCTGCTCACCGAAGAAGGCAATGGCATCATCAAAGGCTCCATGCGCACTCAAGACCCCGACATCGATCTCTCTGCCCTGTCCCAACTTTTTGGCGGAGGGGGCCACACCAAAGCCGCCGGCTTCAGTATTCCAGGCCGCTTGGTAGAAAAACGAAGCTGGGGTATAAGTTGAGCCATGGCTTCCATTTTCATCTTTCACGGCATAGACGGCTCACCCGAAGAAAATTGGTTCCCTTGGATGAAATCGGAACTGGAAAAAAGAGGGCATTCAGTGATCGTACCCCAATTTCCTCATGGCAAAGGGCACAACCTAGCCACTTGGTTGGAACATTTTTCCAAGTACGAAAAAGACCTTACCGACGATAGCATTTTAATAGGCCACAGCATGGCAGGCGCCTTCATGCTCACTCTTTTAGAAACCCACCCCGTTCGTGCTTGTTTCTTAGTTGCAGGATTCATTGGCCCCTTGGGGTTAAAAGTGTTTGATGAAAGAAATGCCAGTTTCACTGAAAAAGTTTTGCCTGGCAGAAAATCCGCAACAACTGTGCTCATTTTGAAATTTGCCAAAGCGACAACGACCCCTACGTCTCTATAGAAAAAGCAGAGGAACTGAGCCATCACTTAAACACGCCAGTGACCCTTGTGCCCAATGCAGGACATTTCAATCAAAGTGCCGCTTACACAAGGTTTGATTTACTGTTGGAAAGCATAGAACGGCTGACCTAATCTGCCGGTGCAGACTTTTTAAAGCGCAGCAAATCGTTCATTCATCACCTCCCAGTTGAGGTTTTTAACAAAGGCATTCAAATAGTCAGGCTTCTTGATGCCGTAGTCGATCATGAACGCATGTTCCCAACAGTCGAGCGCCATGAGGGGCACTTGATGCACTGGATAGTTCATGTGGTGTTCAAACATAATATA
CP064962.1_gap7	399297	399936	639	CTTGGTCGTCACGACCCGTGGCCAAACGGGCTTTCACCAGCGAAAGAGTTTCGCCATTTTGACGCAAAATGCTGGAAGGACTGTCCACACTGCGCAGCACCGCCACATCTTTCAAACGCAAAACCGTGCCGTCTAAACTGTAAATAATGGTGTTTTCAATTTCTTTTAAAGAATCGGGATCGGCAGCTTTTTTATCCAAAACAATATCCACATTTTCCCCATCAACACGAACCGTTCCCACCGCTTCCCCTCCGTCCACTTGAAACAAATTCGAAAGTGCCCTATTCACAAGCAAGGTGAGTGGTGCATTGGGCACAGCGAGTTGATTGCGTTCCAAAACATCGCGGTCAAGAAGCACTTCAATCACCGTAGATTCCTTGCCTGTGAACCCATCATCCACCTTCACCACCAAAGGATTTGCACAGTCTTCCTGAACGGTGAAAACATTGTCCACTTCACAAACCTTGAGCAAAGTCGCCGCGACCTCTTGAGCAGCCCTTTCCATGAGTTCCAAATCTTCCGTTTGAACGGCCAAAACAACCTGATAGGCCCCTGTTGGAGGCCCGTTGGAAATCACCCCAGTTTTCACATCGAAGAAGGCTTCTCCCACCTCACGTTCAAGATCAGCATTGATGGCCT
CP064962.1_gap8	591276	593651	2375	TGTTTTCCGCCACAAGAAAGGTGGACCTCCAATGCCTACCCAAGAGGCTCCAGCTGTAGAAGCTGCTCCTCCAGCTCCCACTGAAACTTTAGACCCTAATAGCCCGGCTCAATGAAAGTCCGATCCTCTGTAAAAAACATCTGTGAAAAATGCCACAAAATCCGACGCAAGGGAGTGGTGCGCATCATCTGTGAAAACCCCAAGCACAAACAACGCCAGGGTTAACCTGACACTTTCTCTAACTGAATAAATAATCTCATTATGGTCCGTCTCGCTGGAGTTCAACTGCCTATGGAAAAACGTGTGGAAGTGGGTCTCACCTACATTCATGGTGTGGGCCGTGCCATTTCCAAGAACATGCTGAACGAATTGAACATCCCTCTAGATAAGAAAGTGAAAGACCTCAGTGAAGATGAACTTGCTAAACTCCGCGATGCTCTCACTAAACTTCGCACCGAAGGTGATCTTCGCCGCAAAGTACAAATGGACGTCAAACGCCTGCAAGACATCGGTTCTTACCGTGGTTTCCGCCACAAAAAGCGCCTCCCCGCTCGTGGACAGCGCACCAAGACCAATGCTCGTACCAAACGTGGACGCCGTATGACCATGGGCAGTGGACGTAAGAAAGAAACCAAGTAAAACTCACTCCAACTATTAATTTCATTATGACCGAAGAAACCAAGACTACCGCTGCAGCAGGTGCTGCAACCGCCACAGGGACTGAACCTGCTGGAGAAGAAAAAAGACCGTGCGTCGCAACAAGAGGAAAACTGTTGTGAGTGGTACAATCTATGTACAAGCCGGTTTCAACAACACCATCATCACCTTCACTGATGCTGATGGAAAAGTGATTTCTTGGGCCACTTCTGGGTCTTGCGGATTCAAAGGATCAAAGAAGGCGACCCCCTACGCGGCGCAAATGGCCGCCGAAGCCGCCGCTGAAAAAGCCAAAGCTTATGGATTCGAACGTGGAGACGTATTTGTAAAAGGAATCGGTCATGGACGTGAACAAGCCCTTCGTGGACTCATTGCCCAAGGCATCACCATCCTCAGGATCGTAGACACCACTCCGGTGCCTCACAACGGATGCCGTCAACCTCGCACTCGACGAGTATAACTTAACTCAATAATTTAAAGCTCATGTCTCGATACACTGGACCAAAAGGACGCCTCGTACGACGCTTCGGAGTCGACATCTTTGGCACCGCCAAGATGACGGCCCTTCTTGAAAAGCGCCCTCAAGGACCTGGAATGCACGGTGGAAACCGCCAAGGAAAGGCCTCCGAATACAAGAAGCAACTTTTGGAAAAGCAAAAGATGCGCCTTATGTACGGACTCACTGAAAAACAACTCCGAAACTATTACCTTAAGGCAACAACCAAGAAAGAAGCGACCGGTGTGGCTTTGCAAAAAATGCTCGAAAGCCGCCTCGACAACGTGGTGTACCGTGCAGGATTTGCAAAAACCCGCGCTCAGGCTCGTCAAATGGTGAACCACGGGATGTGGACTTTGAACGGCCGCCGCGTGAGCATTCCTTCTATGCAAGTGCACGAAAACGATGTGATTGAAGTGCGTGAAAAATCAAAAACCAGCCCCCTTTTCACCGCAGTGAAAGAGGACAAGGATTTCGGATCTGCTCGCTGGCTCAAAGCTGAGCAAAAAGGCCTCAAAATCGAGGTGAGCTCACTTCCTGAACAGGAAGACCTCGATAAAATCATAGACACTCAGCTCATCGTTGAGTTCTATTCCAAATAATCCATAACCCGCCGATATGCACATCATTCAAGCAGAAATCGGTCTCCCAAAAATCTCAGAACAGAAGATGGGGGACTTTCACTCCACGTTTGCTATCAGTCCTCTCCCTCAAGGTTATGGAACCACGCTCGGAAACGGACTGCGTCGTGTGATGCTTTCCTCTCTTCCTGGAGCCGCAGTGACCGGAGTCAAAATCAAAGGTGTGACTCATGAATACGCCGCTCTCAAAGGCGTAAAAGACAGCGTGCTCGACATCATGCTCAATCTGAAGCAACTGGCAGTCAGCCTCGATGGAACGACCAAGCAAACGCTCAGCCTCAAGGTGAAAACCGGAGGAATTGTGACGGCTGCGGACATCGATGCTCCTTCTGGAGTGACCATCCACAACCCAGACCTCTACATCACCACCATCGATAAAGGAGGTTCTTTGGAGATGGACATCCGCATTGAAAAAGGCGTGGGTTATCGCGCTTCTGTGATCGGTCAACACCAAGATGACGATGCCGAAATCATTGAAATCGACGCGGTATTCTCCCCATTGAAACGCATCCACTACACCGTGGAAGCCACTCGTGTGGGTCAAGAAACCAACCTCGATAAACTGCTGCTCGAAGTGAAAA
CP064962.1_gap9	603339	608170	4831	ACCTTCTTTCAAAGCATGCAAGGCATTCGAAAAAGGCCCCACTGCCGCAATCGCCAGATGCAATTCCACTCCGTTGTCCATCGCCACAGAGAAGGGTTTTTCATCGAGACGGGGCAGCCACACCATCACAAATTGACCGGGCTTTGCACCCAGACTGAGGTCCAGCACAAAAGTTTTAACCTGTTCATTTTCTTGAACAATCTTTTTGATTTTGACGACTTGTGGCAGTGTATTGAGAATGAGCATGGCTAGTTTTTGGGATGAGCTTTTCCAATCAAATCTGAAAGTTTTTTGACTCCATTCGCATCGCACCACTCGTTCATTTCGTTCACAATAAGTCCGAATACTTCTTGCCCACGCGCCCACACGGCGGTGCCCACGCCCACCAAAGTGGCTCCCGCCATCATCATTTCAATGGCATCTCGGCCGGTCAAAACGCCTCCAGTTCCAATGATCGGGCATTTTTTAGCCCTATAAATGTCATACACATACTTCACCGCGAGCGGCTTAATAGCAGGTCCCGACAGCCCTCCCACTCGATTCGCTAAAATGGGCTGAGCCGTTTCAATATTGATCGCCATGCCCGGCCCCACGGTGTTGATCGCCGTGATTCCATCCGCTCCTGCTTCCAAAACACTGGAGGCAATGCTCACAATATTTTCCACATTCGGCGAAAGTTTCACCACCACGGGCAAGTGCGGCGCACCCGCTTCTGCCAAAGCTTCTTTCACAAGCCGCGTCACTTCCGAAGACTTGGCAATGGAGCACGCCATCGGTTTACCCAGTTCATCCTCCACATTCGGACAAGAAATATTGATTTCCACCAGATCAGGCTTCATCAAAGCCACTTCTTTAGCAATCGCCACATAATCTTCCATCTGGCCCCCCACAATGTTTGCAATAAAAGGCGCATCACACACTTCACGGTAACGAGCCAGTTCTTCCCGCGCTTTTTCAGGTCCAGCATCAGGAATTCCCACGGCGTTGAGCATCCAATGTTCACTCGTGATGATAGTGGGATTCGGATGTCCCTTGTGTTCATAAGGCCACAGCGACTTACTGGTCACACCTCCGGCTCCATTTCGCACCACTTGGGCCATGCTGTCAGCAGTCACGCCAAGCACCCCCGAAGCCAGAACAATAGGGTTCTGGAAGTGTACTCCACAAAATTCGACGGAGAGGTCTGCCATAGCTAAGAACAGCTAAGCATTTTGGCTAGCAAAAGGCAAGAACTAGGCCGGCAACGAAAACAAGCTTTTCGGCATGCTGCCCATGCTTTAAGCTAAGACTGGCCCCTTTATTTCAATCATGAAAAAACTCATCAGCCTCATGCTCGTCAGTTCCCTATGGGCAAGCGCTTGTTCTAAAATCAGCTATAGCCCCACCCTGACTCGAGCCCACTTAGAAGAATCCCTGGCCCTGGGCACCGAATTTTTGCTCGCCAATCAAAAGAGCGCCGGCAACTTCAATTACAGTTACAACTTCGAAACTCAAACCTTCAGCGAAGATGACAATCAGGTTCGCCAAGCGGGTGCCCTGTGGGGGCTCAGTCTGCTTTATGCCCACCAGCCCAGTCCTGAACTTGAAACAGCCATCATCAAAGGCCTCGACTTTTACGGCAAGGACGCCTTCCCCGAATATCCCGGTGATGAAGAAGGAAAAGCCGGCAGCCTCGCCCTGCTCTGCCTCAGCCTCTTGGACTTTTTAAGCGTCGAAGAAGCGCCCAAGCGCCAAATTTACGAAGCTCAACTGGAAACTTGGCTTGCAAGCCTAGTCCAACTCCAAAATAAAGACCAAACCTTTTATGGAAAATACGAATACGATACAGGAGAAGGCAAATCCAAAAATTCCCCGTATTCAGATGGCGAAGCCCTGTTGGCCCTCAGCAAAGCCGCCAACTACTTTGAAAGTGAAGAATACTTCAACCTGGCCAACGAAGCCTTGGACGCCATGTGGCAGGACCACGTCGAAGAAGCACTAGAAGAAAACCCAGACAGCGACGACACCAAAGGCTTTTACCAATGGGTCACCATGGCCCTCTATGAAATGGACCATTTTCAAGCAACTAGAAACACCTTGCCCTCTAAAGAATACATGGAAAAAGCCGTCGAATTGGCATACTGGATGATCGATGTCCACAAAACACTCGACCGCACCCGAAACACCGCCTATGCCTACGAAGGCCTCATCACGGCTTATGAGCTGGCAAAGCGCTACAACACAGATGGCGATTACGATCGTGAGCTCCAAAAACTCTTCGAAACAATCGACATTGGAATGAGCAAACTCACCAGTTGGCAAGTCGGTCACTCCACTCAAATTCTCTACATCCAAGAAAACGCCAAAAATGACCCTCTCGCCCGAGGCGGCATCACCAATTCCGCGACAGAAGCAGATCTGCGCATCGATGTGACTCAACACCAAATGCACGCTGTGATCTTGGCCTTAAAGTGGGTCTACACCAAGTGAATCACAGCCGCGTCCCTTTAAAAGCTCCGCGCAATTTTCCATTTTCCACCACCACTTGTCCATGGACCATCGTGAGCACGGGCCAGCCTTTCAAGTCGAAAAATTCATAAGGAGTCCAGGCGCACTTGGAATGGATATTTTTGGCCTCAATCGTCTGCTTTAAATGCATGTCCACTAAGACAAGATCCGCGTCCATTCCAACCGCCAAAGAGCCCTTATTTTTGAGGTCAAAAATCTGAGCCGGACCTTCACACATCAGAGCCACCACCCGTTCCAAACTCAAGCGCCCTTCATTCACGGCATTGAGCAATAAGGGCAAAGCAAATTCCACGCCCGGAACGCCCGCAGGAGCCGCCCAAAGTTCTTGCTCCTTTTCTTCTCGGGTATGAGGTGCATGATCGGTAGCAATGCAGGTCACTGTGCCATCCAAAAGAGCTCGCCATAGCGCTTCCACATCCATAAAAGTACGTAGCGGAGGGTTCATTTTTAAAAACGCGTCTTCCATGTCTTCCATGGTGAAAAACAAATGATGCGGAGCCACTTCGCAGCTCAATTTGGGGTGTTTGTAAACGCGCAAAAGTTCCAGTTCAGCCTTGCTGCTGAGGTGAGCAATGTGCAAGCGATTTCCAATTTTTTTACGAAGTTCCAAGGCCAATTCCACCGCCTCGCGAGCACATTCCGAAGACCGCACACGACAATAATCTGAGGGCTCTTCGCCCTTTCTTCCCATGTTTCTTTGAATGCAAGCCTCGTGCTCTGCATGCACCACCACCGGAATGTCTTTTGCCTTGGCGATTTTAAAAACCTCTTCCCAATATTCAGGTTCTTCCAAAAGCAAATCCCCCGTAGAACTGGCCATGTACAGTTTAATCGCAACCATCCCCTTCATGGCTTTGAGCGCCGCAAGGTCCTTACTGGCCCCGGCATAAAAACCATAATTCACATGGCTACGCCCTTGAATGCCCTTCGCCTTTTCATCCAAAGCTTTTTGGGTGAGCGTAGCAGGGGAAGTATTGGGCATGTCCAAAACGGTAGTCACTCCACCGAATGCTGCGGCTAAACTGCCACTCTCAAAATCTTCCTTATGAGTGCCTCCGGGGTCTCGAAAATGCACATGCGGATCAATCACTCCTGGGAGTAAAAATTTTCCTTCACAGTCCAAAATACGATCCGCCTCTTTTTCAGAAAAAGCGTCCACAATTTTCCCATCCGCCACAAACAAATCCCTGACTTTGATGTTTCGCGACGTGACCACCGATGCCGATTTAAAAATGAGTTTCATAACCCTAGGAAATGAGCCAAAAGAGCCATGCGAACAGCCACGCCATTTTCAACTTGCTCAAAATATTTGGCGCGCGGATCACTGTCCACGGCAGGATCAATATGATTCACTCGCGGCAAAGGATCGATCACAATCATGTCTTTTTTAGCCTTGGCCATGAGCGCGGGCGTCAAAACATAAATCCCATTGTACTTTTGGTACTCCGCCTCACTTTCAAAGCGTTCCTGTTGAATGCGCGTATCCGAAAGCACATCGCAAATCGCAATAGCAGCCTCCAAATCTTCTGTTTCAGTGACTTCAAACCCTTTAGTCTTCAATTTTTCCACAAGTTCCGCCGGCATTTTCAAAGCTTCTGGCGAAACCAGGATGAATTTCACTCCTTCAAAATGCAGCAAATACTCACATTGTGAGTGCACCACTCGGCTGTTTTTTAAATCTCCAACCATGGCAATGGTGAATGTGTCTAGACGGCCCAAGGCTTTTTGAATGGTGAAAATGTCCAAAAGCCCCTGTGTGGGATGATCCCCCGCCCCATCACCTCCATTGATCACAGGCACCGAACTGCCCTTGGCCAGTTCCGCGACACTGCCCTTCGTGGGGTGCCGCATCGCAATGACGTCTGCAAAAGTGGAGATCATTTTGCCGGTGTCGTATAAACTCTCGCCTTTTTTAGCCGAGGAAGTGCTGGTCATATCCGCATTCGAAATCACGTGACCGCCCAAACGCAGCATGGCCGTTTCAAAAGAAAAACGGGTGCGCGTAGAAGCTTCATAAAACAGCGTGGCCAAAATTTTTCCTTCCGCCAAAGGGAGGCGTTTGCGCTCTCGAACGATTGGCAAAAATTCCGCCGCTCGCGAAAGCAAAGCAAGAATCTGTTCACGGCTGAGATCCTGAGAAGAAAGAAGGTGTTGCACGAGGCCTATTCTAGAGGCTGTCTAAAAAAAAGGGAAGAGCTCTCAGTACGTGCAAGTACCCGCCGGAAATTTCTCGGATTTTTAAAGTGGACTTCGAATCCTGTTTAAACTGGTCTGACTCACCTGGGTGTACCGTTGCGTAGTGCGAATGTTGCTGTGCCCAAGC
CP064962.1_gap10	620203	622120	1917	CGAGTAATGAACCAAGATTTGAAAAAGGTGGCCTTAAAAGCACACTCGGAGCTTTCTTTTCATTTGCTGGAGTGTCAGCTCCTGCTTGTGAATTTCCATTCTCCAGTAAAGACATAAAATATTAGGAAGGGAGACCATCAGAAAGCTGACGATACCGCTTTTGGAGAATTTGTCAACCCTCTCCCCTAACTCAGAGGGTAGACTTCCAGCAAAAACCTGCTAGATTCTGAGCGATGAAAAACCTCACTCTCACCCTCAAAGACGGCACACAAATCACTGGAAAAGCCTTTGGCTCTTTTAAGGAAAGTGAGGGGGAAGTCGTGTTCACCACCGGAATGGTGGGTTACCCCGAAAGCCTCACCGACCCTTCCTTTAAAGATCAAATCCTGGTGCTCACCTTCCCTTTAGTGGGCAATTATGGCGTGCCCAACGAAGCACTGGATGAAGACAAAATCAGCCGCTTTTTTGAAAGCGAAAAAATCCATCTCAAAGGGCTCATCGTCAGCGACTACAGTGAAGACTACTTTCATTGGAATGCCGGGAAATCCCTGTCCGATTGGATGAAAGAATACGACGTGCCCGGCATCACCGGAGTGGACACCCGTGCTCTCACCCAATTGCTGCGCGACGGCGGTTCTCAACTGGGACAAATTCATCCAAGTAATGAAGCGCCCCACAAAGAATTTTACGACCCCAACACCATTAATCTGGTCGCGAAAGTCAGCCCGACGGAACCCAAAACGTATGGCGAAGGTAAAAAACACATCGCCCTGATTGACTGCGGCATGAAGTTCAACATTTTGCGCAGTTTCTTAAAACGTGGCATCAAAGTGACTCGCTTCCCCTGGGATCACAATCCTTTCGATTACGAAGCTGCCCATGGGCTGAAATTCGATGGCGTCTTCTTTTCAAACGGACCTGGCGATCCCGCACGTTTGCCCGAACCTGTCGCCACCATGGAAGCCTGTTTCGAGCGAAAAATTCCAACCTTTGGCATTTGTCTAGGTAGCCAAATCATGGGTCTTGCAGCCGGAGCAAAAACCTACAAGCTCAAATTCGGACACCGCAGCCAAAATCAACCCTGCATCGACACTCGCAGCGGACGCTGTTATATCACTTCTCAAAACCACGGTTTCGCAGTGAACGATGAAACCCTTCCCTCCGACTGGGAGACCAGCTTCACAAACGCCAACGACGGAACCGTAGAAGGAGTACGTCACAAAAAACTCCCCTTCTTTTCAGTCCAATTCCACCCCGAAGCCACCCCCGGCCCCACCGACACCGGCTTTCTTTTTGATGAATTTGTGGAAATGCTTTAAACTGAACCCGTTGTGACACTTAGCCCAACGCCCATGCACCGCTACTTCTTCACGATCCTCCTGCTCGCGATCAGTTTTTCCTTGCCACTGGCTCTTTCGACGCAAGAAGCCAAACAGCAAGTGGAGCTCGCCACCCTCCCACCAACCGACACCGACATCGCGGACGAAGAACCTGATGAAAATCCCGCACGACCTCCTTTAACCGATATTCAAGGCCATTGGGCTGAGACGCAAATCAACAATCTGTATCAAACCCAGGTCATCAACGGTTATGGAGACGGCACCTTTGGCCCCAATGATCCGGTGACTCGCACTCAATTCCTCATCATCGCCCTGCGCGCCTTCCATTACGAAGCGCCGGATGAAAATTATGCCGATTTTGCTCACAGCATCGGCCTCATCAACAACCTGGATTATTGGAAAAATCACGGAGATGCCCACGTCACCCGAGCGGAAGCTTTGAAAATTTTGTTGAACGCAGGCAGCCTCACCGTGGGAGACGAACTCAGCCCCAACTTCCCAGATGTGGACATTGTGAATGACTGGTTCGCTGTTTACAGCGCTTTCGGCAAAGCTCAGGGCATTGTAACCGGAGACG
CP064962.1_gap11	625821	630499	4678	CACAAACGAGAGCCCCTATGCCTTTGATGAAGATGAAACGGTCATCACTTACGAGTGGAGTATTTCCGAATGTAACTGAACAAAGAACTGAAGAACCAAATCAAACCGATCACAAAGAACACCCACACCACCGTTTGATCAAAGTGACCCAAACGTCGGGTCCAACCTTCAATTTCCACGCCAAAAACATAGTGGAGTAAGAGCTCAAACCCAGAGAGCAGCGTCACAAAAACGCCAATCCCAATCTGTAATTGCCAAGCTTCTTTTTCTTGCTGAGGGGTCAGAGAGCTTTTCATAGCTACATCTTAAATCGCGCTGCCACATTCAGCAAGGCTTCACTGGGCCTGACTTACTTGAGCAAATCGCTTACGAGCATTTTCACACAGCTCTTGCGCCGAGGAAGCAAATTCACAGTCGGGATATTTGCCTGTTTTTTCATCTGTGTTCTCCCAATTCCATGGCTCCATCTTGTTTTTTGGGTCCTTCCCATAAGCAATACTACATGTCCTTGAGGAATCATCAACACTCAACTGCGCTAGCGGACTGTCTTGGCCAGGAAAGTTAACGAATACCCTTGTAACTGGTTCATCTCCCATCGTAATCGTAGCTGAAACTTCAATCTCCTCAATATAAGGTTCCCAACCTGTAACCGAAAAGTGACAAACAGAAGCTCTTTCCTCATAATTTTTAATCGTGAGAGCAGCTTGTTTTTCAACAGCTGTCATGAAACGAACCAAACTCATAGCATCCATCTCAAAAGAAGGCCCTGTTGAAGCTCTTTCAAATAAATTCAGATTTTTGATACCAGCATGTTGTCCCGGCGCACAGGCAGTCAACGCCGCTCCAAGTGCTAAAGGAAGTGATCTCATAAGTAAAAATTTAATTGAACAGCGTCCGAATACCGCATTCTCCCACAAAAAAGTGCAGCTGTACAGCTTTTCTTTAAAAGAAAAGTAAACTGTTGTTTAAAACAAAATGGCAAAATTCATGACAAAAGGGCCTCCCAGAGGCTAAACTTGGCATTGTACGCAAAATAGCCTTCCCAGTGCTAACCCTCGCAAAAAGACCTGCCCGGTTTCCCACTTCCTGAATCTTGACTAAAGATTTGCAAAGATACGCTTTATCTTGTACGGTCAGATCTTAATTACAACATATTTCATGGTTTTGGGAGCTGCAGGCCAAGAAGACCACCCCCATCCAGAAACATCTGCATCTGTAGGAGCTACTGCAGTATTCTTAAATCCAGAGCCAGGGGATGGAGGAAAAAGACACGAAGGAAAGGGTGTCAAAATTTTCGCACGTGTGGATGGAAAAAACGAGGACCCAAATACATGTGAAGATCGCGTTGGGCTTATTAAAGAAGGAGATCAAATTGCCGCTTGCGCAGTAGACGGCATTGGAAGCGGTACCGATAAGCCTGCCACGGTAGCCCTGGCAAAAGCACTTGCCAAAAACATCTCAGAGGATCTGCTGGATCCAAATGCCGAACTCATCGCTACAGCCGATCAATTCAAACAGAGGATAATAAGCGCATTAGAAAGGACGATTGCTGAGGTGAATGGGGAGCATGCAAATGTAGAGAAATTGGGAGCATGCATTACTGTTCTTTTGGTGGACCTAAAAAAACGCATCTCCTGGATTTTAAGAGTAGGAGACGGATTCAACGGATGGATGACTCCAGATGGACAGATAGACCCTTTTTTCTGCCGCAAAGCCCTGCTGCCTGAAACAAAAAATGTCTATGAATTACTGCAAGCCAATAGGAACGTAGGTCAGGTCATTGAAGAAATCATTAGGAAAGGTAAAGGATCTACCTTAACAGATGCCATCTGTGCCGGGAAAAGAACAGACAGGAATAGGCTGGACATTTTGAAGCCAGAGACCCTTCATATTCCCGAAGGAGGAGGAACCTTCTTTATAGGCTCAGATGGAATCATGAGCTTTGCATTGAACTTGGGTGAAAATCAAGAGGGGGGAACCGAGAAGGTAAATTGGCTTCACGAAGAGGCTCATAAAGCAAAACTTGATGATGTCGCCTCAATAGCCATTACTGTAGGGCCTCTCAGTCGGATGCAAAAATTGACAAAGTTTTTCAGCCGGATACTCTTAGGATCGTGAACTCCACCGACCTACAAATTCTCATTATTACAGGAGGTCTCTTTATCCCGGTGCTAGCCTTCATCAGCTGGCTTTCTTACCGCCACGGAGACAAAAAACGCCGCATCTGGGAAGAAGCTTTGCAAAAAGATCTACCCGGCTTCAAATTGCAGCATTTTTACCGAAAAGCCTTTTGGATCGGGACTTTGCAAAACCACACCGTAATCGTGCATCTTCAATCCAAAACCAGCAAAATCATCAGAATCAAGCTGAAAAGCTCTAAAAAACTCTACTTGGCCGTAAAACCGAGCGCCTCTTCCAAAGAATTGCGCAACTGGACAGGGTGGGAAAACCCCGAACCCGGTTTTTACCTGCACAGCCTCCCCCAAGGCCCGAGCAAAGAAGAAAACCTCAGTCATTTCGCACGGCTGCGAAGCGGCACAAAAAGACAGCTGCTTCAGGAGGCAAACGCCTGCGAAAGCCTCAGCCTTTCTCCCGATTGGACCAACGTATTGATCGGCAAAGAAAAAGCCCTCCAGTTCTACGATGAAAACGAAACCCTGCTCGCCAGCCCCGAACTGATGCTGCAACTGCCCCACGGTACCTCCGTTCCCGAAACCGTCGCAAAAATAGCCCCTCTCTTAAAAGAATTGGAGGCGGATCTTACTTAGCGGCTTTGTCCAAAGCATCAGAATCCAGAGTGTCATGAAGAGCTCGATCGGTGGATGAGACCTGAGCCGCTATAGGAAAACGTTCGTCAAAAACCTGGGTCCAATATTCCTGAGGGCTGCCACCCGCTGGCCTCCCTAAGCTAGAATCTGGAAAGTGCATGCTCAATGCCTCTAAGAGAGAAGCAAATGGCCCTCTCCAGAGAGAGGCACTCTCTGAAGGAATACAAGCCAAAATGTAGTTTGGAAAAGTAAGGGGCTGTCCTTGGAAATCACACTGCACACGGAGAAACGTACTAAGAGTATTGTCATGGCTAGGTGTCACTCTTGCCAAATCTACAACTAAACCTGCGCTAGGCAACACACTCTGCGGGGTGACCGGCATTGACGCTTCGTTGCTTAACATTCTGATTAACCCTGAAATCTGAGCAATGTCAGTTGGGTCTAAAAAGATGCGCTCACGAACCGATGATCCGCCCCCATCCACATCATTTTCAACATCAATGGCCATCATATAAACAATTAACTAGTGAACTGATTAAAAAGGTAAAAGCTTCGGCAGTCAAGGGGTTTTGCATTCCCAAGAAGAAAGGCACATGTAAAATGCGGTCAGTTTAACCCATCCACCCATATGAAAGGATTCTTTACAAAAGCTTTCTCTGCTGTACTCATCACTTTGATGTGCAGTCAAGTGAGCATGGCCGCCCTCGTTTTGGGCAGCCGAGACGATTTACTGCAAAGTTCCATCGTCACCAACAACTTCACAGACGTTGAAATTCCCAATCTGGAGGATTATTCCACAGAAGAATACTACCAAAACCTGGGAGCCTTGGTGCTTTCCGTCATGTCTTTTGCAACCCAAATTCAAGGTTTGGTGGGCTATGAAGCAGCCGATGGATCCCGTTATTTCAGCCCCAACAACACCTTAACCCGAGCCGAAGCCGTTAAATTCTTCAACAATTTCCGTGCAGAAGTGGGAAGTGGAGGTATCCCCAACGAAGTCTGCTTCACCGATTACAACAATTACAGTGAATCTTGGTGGAAGGATTACGCCTGCTACCTGAAACACGATGGCATCATTTCAGGTTATGCGGATGGAACGTTCCGCCCCAACAACACCTTGAACGGAGCTGAAATCGCCAAATTCGTCAGCAACACTTACGGCCTACCTACCGTGAATGAGTCCGCCTACAACCATTGGTACGACGGATACATCGAAAACCTGCAAGAGTTCAACATTGCTCCTGAAGGAATAGATCCCACCCACAGCGTGACTCGGGGCGAAATGGCCAGTTACATCTTGCGTGGAGCCGTAGTGGAGCACTTTGGAAGCACCGAAGCTTTCACTCCTCGCCTGCTCACTCGCTTCTTCGAGGAAATGGGCTCCAGCACCAGCTCTTTGATCTTCTTCACCCACAACGAAACAGGAAGTTTCTACCCTTACAACTACATCTATCACCCTGAAGATTTTTCAGCAGTCTCTTTCATCAACGATGGTGAGAACGAGTCTCTCACGCTCAAAAATCACGGCAGCAGCAGCTTGGATGTGAGCGGTTACTACGTCACTTTCTTGGATGCCAGCGATTCCGGCGACTATGAAGCCACCGATGTCAGCTTCACCTTCCCAGAAGGCAGCACGGTTGGTGCTGGAGAAAGCGTGACCATCAACGGCATCTTGGGCGGAGAATTTGCCTTCGAAAACCCTGAAGGCCCTTATGGTGACGGCTTCTTGAACGACCATTTTGGAGATTACCTTTACCTTATCTACAACGCCGACGCTCAACTGATCGACGTGGTGGTCTTCCAGGTGGAGTCCTAAGCCCTAGCTTTTCTATACCAAAAGCCCGAAGTTCTTGGATTCAAAATCCACCTCCGGGCTTTTTTAAAGGCTATTTTGCAGCTGCAGATCCTGC
CP064962.1_gap12	636732	639498	2766	TTCTCGTCTTCGGAAATAGCTCGAGTCCGACCATAAGTGGCCCCGTCTTGTGTCTGTAAAAAGAGAGTTAAAAACCCCTCTTGAGGCAATTCTGTTTCAAAAAATTGAGCGAGTCGACCAGATGGATCGAGAGAGTCTACAAGAAAAGTGCTGCTAGACTCATCTATATAAACCGTCCTTAAGAAAGTCCTCCCTTCGATGTCTACGTGCTCTTCAGAAAAAGTGAAATCAGGGTTTTGAACCCGTTCCCAAACCCCGCCGGGTTCATAAGAGAGCTCGGGACAATGCTCTTGAGTGAGAAAAAGTTTGACCCCACCCGTTTCAAGAAAGTCGTAATAAAAGTCAGTCAAAACCTGTCCATTCAAAAGATGATCTTCTACAAAGAGGCGCTGATGAGAGCCGGCTTGCGTATAAAGTTCATCGCAGTTTTCACCTGGAAAAGGGTATTCATAAACCGCTTCCACTTGAGTGCCACGAAGCAGAAACACCTTATTGGCAGACGATTCCCCTGAAGAAATCCATGCCGGATCAAAAAGCAGCGCGCCATCTGCAAGCAAATAAAGAAAAGGCCCACCGGAAGAGTTGGAGTTACAGTTCATAGGAGGGATTTCTACAGGACTATAAACACCCGAATCGAGTTCATAAAGTCCAAGAGCACAGTCGCGAATTCCCGTGCCAGAAACCAAATAAACCGCATCTCGCTCCAAATTCCATTCATAAGCCAGAATGGACTCAGGTTCAATGGATGCATCCACCTGCAATTTTTCCTCAATCAGAGGCAGCGCGCCTTTATAAGGAGACTCCTGCACAGTAGGGGATGAACACGCGGTCAAAGCAATAAAAAGCGCAAGAACAAAGATTTTTTTCATGCCTAAAAAATACCGTAAGAAGCTTGTAAAGACAAAGGCCTTTCTTGCAAGCACAAGCGGGCTTAAGTAAAGTAAATGCATGGAACAACGCTACGCGCCCAATCGAAGTCACGCTCGTCATCTTTTTATTTTCATCCTTTTTTTTGTGGGGGTGTGGTTCATGCTGGACCCCCTGTTGAGTGATTCAAGCAAAGTGAACCGTTGGAGCAGTTTCGATGAGCTTTCTACCAGTTGGAAAATGTTTCTCCTCGCGATTCCTAGCTTTCTTTTTCTAGTGGTCATAGAAAAAAGCCTGTCTTTTCGAATGGACGAAGAAGGCATTTACTATAGAAATTTCCCTTTTTTCAAACAAAAAAGCATCCTCTTCAGAGAATTAGCTCCTCAAAGCAAATCGCTCCCTTACACCGTCATCATCGCCTTCCAAGAAAGCCAGCGTTACGATCCAGCCCACTATGTTTTTACTTTCAAAACAAAAGAAGGCACTTTTCACAATTTGAAATTCATAGATGAGAAACTAGCCCTAAACTTTAAAGAAGATTTGAAAAGAAGAGGGTTGAGCTTCAATCCAACTCTATACGTGCACCACACGATTTTTTCCCACAAATGCCACGAGCTTTGTACGGACAAAAAAGCAAAGCGCTAAAACTACTTCAACCCTTCGTCACTTGCTTTTCACCTGCTTTTCCACGGCAAGTTTTTCGCCCTGCAAGTACTTGATTTCGTAGTCACTGAGGTCGCCCTTCACGAGCTCATTTTTCAAGAATTCCAAGTATTCCGCCGCATTCTTATAACTGGTTTCGCTCACCTCTTCACAAGCAAGGCAAAGCAAAAGTCCCTCGTTTTTCTTATGGTCAAAGGTGAACATCCCGCTGCGCGCCGTGTATTCCACCGCCCTATCCTCTTCCTGAATTTTCACTTTGGAAGAAAGCAGTGTGGTCGTGTAGTGGGCATGCAAAGGAAGGATTTGAACGCGTCCATCTTCAGCATCAAAGCTAAGAGACTGAATTTCTCCATTGAAAACTTCTTTTTCGGGCGTGCGAATGATGAGTTTGAAAGTAGACATTTCTCGAAGAGATTTTAATTATTATTTCTTAGCCGCTTCATGCTTCGCCACCACATCTTCAATGGAAGGCGCCATGTAGAAGTGTTGTTCGTCGATGTGGTCGTATTTTCCTTCCAAAATATCCTTGAAGGAACGAACAGTGTCGGTCACCTTGTAGTATTGACCCGGCATGCTGGTGAATTGTTCCGCCACGTAGAAGTTTTGAGAAAGGAATTTTTGAATCTTACGAGCACGTTGCACGGCCCTTTTGTCATCTTCAGAAAGTTCATCCATTCCAAGGATTGCGATCACGTCTTGCAAGTCTTTGTAACGTTGCAAAATCAGACGCACCTGAGTGGCCACCCAGTAGTGTTCTTCACCCACAATGTCCGCCTTAAGAGCGGTGGAGGTGGAATCGAGCGGATCCACAGCCGGGAAGAGACCCATGGACGCTTGTTTACGAGAAAGCGTGATGGTCGCATCGAGGTGGGCGAAAGTTGTTGCAGGAGCAGGATCGGTTAGGTCATCCGCGGGCACGTAGACCGCTTGTACAGAGGTGATGGACCCCTTCTTGGTAGACGTAATGCGTTCTTGCAAAGCAGCCATGTCCGTCGCGAGCGTGGGTTGGTACCCTACGGCGGAAGGCATACGTCCGAGCAGCGCAGACACCTCAGAACCGGCTTGAGTGAAACGGAAAATATTGTCCACGAACATCAGAATATCGAGCCCTTCGTCACGGAATTTCTCAGCGATGGTGAGACCGGTGAGAGCCACACGCATACGAGCTCCGGGAGGTTCGTTCATTTGTCCAAAAACCATCGCGAGCTTGTCGATCACTCCGCTGTCGCGCATTTC
CP064962.1_gap13	684824	685512	688	AATGCGTGGGGAACGCATCACCCTGCACGAGATCGAAAAATCAGTGAAAAGAGAAGTCGATAAATTAAAAAAAAAAGATTTAAGCGCAGTAAAAAACGGAGCTCGTAAAATTGAACTCGTCCTTCAAAAAATCTTCCACGCACTCGGAAAAATCTTCTGGATGCTCGTAAAAGTTCTGCGCATAGCAAGCGGAGCAGTTCTGATTTTGGTGAGCATCGCCGGAATCTCTATGCTCAACGTGGGTCTCACATGGCAAATCACCGACGGAAGAATCCCAAGCAGCCCTTACACTCTCTCCACCTTTCTGCCTTTAGAAGCACACATGCAAACCGTCTTCCTGTTCTCGGCTTACTTCACCGTGCTGCTCCCACTGCTTCTAGCTCTTTTAGGAGGCTACAGCCTACTGCGCAAACATTCGGTCATTAAGGCCTCCACTTTGCTCATTTTTCTTATGCTGTGGCTCACCGCCCTCGGCGTGACGGGCACGTTTATCTTCGATAATTGGGCAAGCATTTCAGCATTCTTTCAATCGTATTCCAGTTTCTAGTCGTAACGCGTTTGCCAAATTTTTTTTCAATCACGGCCATCGCGTCCACCGTACCCCGATCCTCCCCGACCACCATCACACTGAACAGGGCTCCTTTTTCCAGCTTTAAAATGCAGAAGTCACAAGCAGGATCTTTGTACG
CP064962.1_gap14	703177	707801	4624	TCACAGAAACACTGGAAGAACTGGAGGTGGCTTCCGATTGATAATTCACACTGAGAGCAGGTTTGGCAGGCACGGATTGATCCAAAGCTTCATCCGAAACAGTACGCAAGACAGCAGCCGCACTCAAGCTTTGAGGCTTGGTGGGGTCTTCAGAAATTTGTGTGTATTCCTCTCCATCGTAAAGACTGACAAAACGCGTGGTGGTGAAGCGAGGTTTATAACTCAAATAAATGCCGTCTTCAATGCCATCGTCGTCATAATCTCCATTGTAAGTGGGGTAGTAATAATAGGCAGTGACTCCGGCAAATTCAGCGGATTCAAGTGTGCCCTGGGTGGTGCTCACCGACATACTGCGGTCTGAATCGAAGGTGAAAGTCATGTTCAAAATTTCAAGCCCAATGCTGTTGCGACTCGCCGATCGTTCGTAAAAAACATCGGCTTTGTTATAAAGCGTTCCTCCGGGGTAAGGACAATTTTTCTGCGCTGTTGCATGATCCACTTCAAACCATTGATCGCGATAAATCCATCGGCATCCCTCTCGATCGGTTAAATTTTCAAAATCCAAATCGCTGTCACTATTGATACCCAGCATGTTGGACGTGGGTGCTCCCGAAAAAATAAAGAGGTTGGCACTCCAAGAGCCATCCACCACTTCGGTCATGGAACAATAAGCGCTGGCCAAATCGGTGCATCCCACAGAAGGATTGTAAGCAGAAACCATAACAGGATCGCCCGTATTTTCAATTTGATTCAAAAACATATCCCCCACCAAACTGGGCGTGAAATTCAAGCTGCCGGCCACAAAGTCATCTTCATCTAAAAACTGATGGGCCGTCGCATCCCAAAATTGAACCCGAATGCGCCAATAATCATATCCATCCGCCAAAGGAGCCGTATCCAAATCCACCGCATTGGGCCCGAGTTCGGTGTCACTGGCAAAAATATCCACATACACTTCCACTTCATGCGGAGGCAGTTCCATGGTCAATTGACGGAAAGAAATGAAACCCATGTCGTCATTCCAGGCATAACCAGTTACAAGTCCCGTGTCCAAATCCGTTCTCACTCGGTAGGATTGATTGTTGATCCCACTGCCACAACTGGTTCCAGAGCCCGAAAAAGCGTCGCCCATCACACAGTTCCAATCGAACCACACCCAGCGATTCGTGCCGGGATAGCTCGCATCCGTAATATAACCATAACCGGACCACTGCCCTGTCGTTTGATCCACAACAGCCCCGTAATTGGAGCCCACCAAATCCACAGTGTAGCTCACTGCAGAGCCCACGCGTACTCTCACATGTGAGTCCCGATCAGAAGACAGAGACAACACAGGTGCCTCATATTCATAAAAATACCCACTCTCATCCGCACAAGCTTGATTGGCATCGGGAACCGCATCAGCATCGACATACATGCTGTTGTAAGGCAAAGAGCCTCCCATCAAAAACCCACAAGGATCACTGGTTTCAAATCCATCTCCAGGCGTATCTCCGCCAAAAATAACGGCAGAGGCGGACTGACTGTTCGAAAAATACAATCCTGCAACGGTTAAAGCCGTCAACAGAAAGACGAGGGGGATGTTTTTTTTCATTGTGGCGTGAAAATGGATGCTCTCATCCTAGAGCTTAACTCAAAAAAAAACCAGATAAAAACGTTGGAGGCTGCTGCGGATCTTTTTTGAGATGGCCTCTAGTCTTTCTGCGCTTCAGCTTTCTCCTCAGCGGCCGCTTTGAGTTCAGCAGCATGCTCGCTACTGCTGGGTTTTTCCCAAAGCGCAAACTTACACTTTGGAAAACGGTTACAGCCGTAAAAAGCTTTGCCACCCCGCTTGGTGTGGCGTTCCACAAGTTCGCCTTCTTTGCATTCGGGACACTTCACCCCGATGCTTTTCAAAATGCTTTCTGTACCCTTACAAGTGGGGTAATCGGTGCAAGCTAAATAATCTCCAAAACGACCCGTTTTCACCTCCATGGGCTTGCCACATTTGGGGCATTTTTTGCCAGCAAATTTCTTACGGAGTTCGTCCAAATTCTTCTCCTTTTCGGGGTCAGGCGTTTGAGCCCCCTCCCCCTCTAAAGGTTTGGCATTTTTGCATTCCGGGAAATTCGTACACGAAAGGAATTTTCCAAAACGACCAAATTTCACGGCCATAGGCTTGCCACAAAGTTCACAAATTTCATCGGTTTTCTCCGTGATCACATCTTCTTTTTTGATGGTTTTCATTTTCTCATCCACAAGCTCATGAAAAGGTTCATAAAATTCGCGGATTTCAGATTGCCATTTTTCATGCCCTTCCTCAATTTGATCGAGCATGTCTTCCATTTTCACCGTGAAGTGATAATCCAAAATTTGCGGAAAATGTTCCACCAAAAAGTCGTTGACCAAAAAGCCGATCTCCGTAGGACTGAGTTGTTTTTTCTCGCTTTGGATGTAGCCGCGCGTTTGCACCGTCGAAATAGTGGGAGCATAGGTAGAAGGTCGCCCGATGCCTTCCGATTCGAGTTTTTTCACGAGACTCGCTTCCGTGTAACGAGCCGGCGGTTTTGTAAAATGTTGCTCGGGGACATAACGCTTTAAAGCGGGTTTTTCACCAACCGTGAGCACCGGCAAATGTTTTTCGCCGTCTTCATTTTCTTCTTCCTCATCGTGTCCTTCCATATACACCTGCATGAAACCCGGAAACTTCACCGTCTGACCCGTGGCACGGAAGATATAATCCTTGGCTTCAATATCCGCGCCCACTTGCTCCAATACCGCCGCCGCCATCTGGCAAGCCAGCGTGCGCTTCCAAATGAGTTCATACAATTTCAGTTCATCTTTAGACAAATGCTTTTCTAAAGTTTCAGGCCTTCTCGATAAATCCGACGGACGAATGGCTTCGTGGGCCTCTTGAGCCCCTTTCTTCCCTTTGTAATAACGCGGTTCAGGCAGGGCAAATTCTTTGCCAAAATGAGCGGCCACCACTTCTTTAGCCTGAGCCAACGCAAGAGGAGAAAGATTCACCGAATCCGTACGCATGTAAGTAATGAGCCCTTCGTGTCCACTGTCCAATTCCACTCCTTCGTACAAATGCTGAGCCACCATCATGGTTTTCTTCACCGAAAACCCGAGCTTACGAGACGCTTCTTGCTGCAAAGTTGACGTGGTGAAAGGCGCGGCTGGATTGCGATTCACTTCTTTAGCCTCCACATTCTTCACCACAAAATGAGCTCCTTCCAAATCCTTCAAAACCGCTTGAGTTTCTTTTTCAGTCTTCAGCTCAATGGCCTTGCCCTTGTGCTTGGTGAGCTTGGCCTCAAACAGTTCCTTCTTTTTTTCCGTGCTGAGTTCGGCAATCAAAGACCAATATTCTTGCGCTTTAAACGCTTGGATTTCGCGTTCCCGTTCCACCACCAAACGCACGGCCACGCTCTGCACTCGCCCCGCCGAAAGGCCGTACTTGATCTTCTTCCAGAGCAAAGGCGAGAGTTCATAGCCCACCAATCGGTCCAAAATGCGGCGCGCCTGCTGAGCATCCACCAGTTTTTTGTTGATGCTGCGAGGATGAGCCACCGCCTCTAAAATGGCGGGCTTGGTGATTTCATGAAAAACGATGCGCTTCAAATCCTTGCGTTCACCCAAATGCAAGGCCTCCACCAAATGCCAACCGATGGCTTCCCCCTCGCGGTCTTCGTCTGTTGCGATGTAGACCACGGTCTTGGGCCCAATCTTGGTTTTCAAGCCGTCCACCACTTTCTTTTTATCCTTGCTGACCAAATAAGAAGGTTCAAAATTATGTTTTACGTCGATGCCCATTTTGGTCTTCGGCAAGTCCCTCACATGACCCATAGAAGCCATCACGGTGAAGTCCGATCCCAATACTTTAGAAATGGTTTGAATCTTTCCAGGAGACTCAACAATCACAAGATTTTTAGCAGCCATAACAAAACTTTAGCGTGGGACTACCATAAAAACTCAGACATGGAATTGTCAATCATTTGCGCTTGTTAAAACGAGTTCCACGCTTATAATGAACGGGATTTATACTTAATCCACCGCCATGACTAAAGGTGACCTGATCGATATTGCCGCTCGAGAAGCTGGCATCACCAAAAAGGCTGCTTCTCAAGCAATTGAAGCCGTTTTGGAAGCCGTAACCAAAAGTCTCTCTAAGGGACAAAATGTAACCCTCACTGGGTTCGGGACCTTCCGCGTTTCCAAACGTGCATCCCGCACTGGAGTGAACCCTCGCAACCCTTCCCTGAAGATCAAGATCCCATCCATGACACTGCCCGCCTTCAAGGCCGGGAAGTCCCTCAAGGATGCAGTCCGCTAAGATGCCACGGTCTTGGCCGCAAAGGCACAAAAATAGATTCATTCTTAAAAAACCTCATCCTCGGATGGGGTTTTTGTTTTGACTCTAAAATCAAAGATGTGTATAGTAAGTGTGTAATTATTATACACATCAAATGATCATCGCAGCTGCTCGACGAAAACGAATCAATTGCATGATGGACTCCGACCTGCTGGACCGATTGGGAGAACTGATTCCTCCTGGAGAAAGAAGTGATTTTGTAAATGAAGCAGTCGAAGAAAAACTTTTACGATGGGGCAGGCAAAAAGCTTTTGAGGAGCTAGAGAA
CP064962.1_gap15	722232	726919	4687	AATCGAACAGGGCGAACGCATCCTCATTGAAGGCCCCAACGGCTCCGGAAAATCCACCCTACTCAACATTTTAAGCGGCACAGACAAAGCCTTTGATGGTGAGCGAAAACTTCGCGAAGGCACCAAAATCGGACTGCTCGGTCAATTTTCTCGCCTTGATCCCGAAAAAACAGTGCTCGAAGAATTTGGCAACAACACGCGCATCGAATACTCAAACGGACGCAGCGTACTCGCCAACTTTCTTTTCCCAGCCGAACTCGTCGACTCCAAAATCAAAACCCTCAGCTACGGTCAACAGCGCCGCCTTGAATTCGCTATCCTGCTCACCAACAAACCCGACCTCCTGCTGCTCGATGAACCCACCAACCACCTCGACATCTTCCTACGCGAAGACCTCGAACGCTTCCTTGCGGATCAAGAAATCGCCATGGTGATCATTTCACACGACAGCTACTTCATCGGTAAAATTGGGGTCACGAAGAAAGTTGAGCTTCCCTCGACAGCTGGCCTCTAGGAGCTGTTAACATAAGACTTTGAGTAAAAGTGCCACAAGGCAGAGGGAGATAAAGGAGGCATACATCAGGTCTAATTTGTCATAGCGAGTTGAAATTCTTCTGTGATTTTTCATTCGGTGAAATAGGCGTTCAATCTCGTTGCGGTAGGCATAAATGTTCTTGTTGTATTCCCACGGAAATTTCATTTTTGCCTTTGGAGGAACGACTGGAGTTATGCCTTTTTCTTTGCACAGCTCCAGAACTTTGTAGCATGAATAACCTTTGTCCATAGCCAAATGATCTACTGTTTTTGGAAACGAATAATCTCTCAAAATTTGTTTTCCAACTTTCACATCGCTCACTTCACCACCTGTTAAAACAAAGTGCATCCCATGATCTGGATCTCCAGCAATCATGTGAATTTTTGTAGTGTACCCACCTCTACTTCGGCCTAACGCTTGTGGCCCCTTTTTTCATGGCTCCCGCTGCACTGTGGTGCGCTCTATTTGTTGTACTGTCCAGGAAAGCTATTCGCACTTGAAGTACATCTGCTACTTCAAGTGCTCTAAGCATTTGTCCAAAAAGTCCAGATTCGCTCCACCGTTTGTATCTTGTATAAATCGTGTGCCAGTCATTCTCTTTTTCTCTGTAATCGTAGGGCATTTGTCTCCATGCGCACCCTGTTTTAAGTACATAACAAATGGCATCCATGCAACGTTTCAGTGGAATCTTTTCAGGCTTTCTGGGCTTTGGAAAATAAGGCTGGATCAGTTTGAACTGTTCATCCGTTAGCATCTGGTACATGGCGTTAGGGTTAGAGTAACTTCACTCTACACCACTCCTCTATTTATGTTAACAGCTCCTAAAAGAAGAAATCCACACTAAAGCATCATCGTCCTCCATAGCTTTTAAGGCTGCCTGAGGAGTGAGTGCGTCCCCTTTATTTTCAGGTAGATCCACCACAAAAGTTGGGTTTTTGTCCAACTCATTCAACATCAAATTTATAGTATGCCCTAGAGCAGCGAATGGATAAACAGCGGAGCCAAGAGCTTTGTCCTCCTCAGAGTTCACTACCACGGCCTTCACTGAATCATCAAAATCCTCAGGAGCAATCAATCCTTCAAGAACAGAGAGGATTTTCTCTTTAATTTCGTGGAGTCCTTCTTGAGGAATGGGATGAAACAGTGAACCCTCTTCGCGCTGCTCCATCCAGCCATTCGTTTGAAGATGGTCAAAAAGTTCGGGCAGATGTCGGTCTTTCAAATCTTGCTTGGCAGCTTGGAAGAGGTCAGACATATAAGTAGAGTATTTTTAATTAAGCGAGAAGATTACAACAAAACCAACATTATATCAACCCAAAATTATATCAACCCAAATCCACATGAATCTTGAAACTTACTCTATGGCTTCAATAAGCCAATCTCCTGGATTTTAGTGATTCAAAAAGATAGCTCTTCATCAGCTCCTGTTTTTTACAGGTTAAGACTCCTCCCCGGGGAGGATTTCCCAGATCAAGTCTTACAAAATCAAACGAACGACTTTCCTCACTCCTGAACTGAAACTGCGGTTTCAAGATTCACGTAAGTCCCACCAAGCTCCTTTTCTCCTCCCTCGTCATCCGTTTGATCTCCGCCTCTCGTTTCCGCGCCGCGCTCAAATCTGCACACTCTTCTTTGTAAATCAATTCCACTGGCCGCCGCGATCGCGTGTACTTGGCCCCCGATTTCAAAGTATTGTGCGCGTGTAAACGCTGCTGCACATCTGCCGCAGTGCCGGTGTACAAGCTGCCGTCACAACACCGAAGCATGTAGACAAAGTGGCTCATCTGTCCAGTTCCAGCGTATGATCGATGCGAATCTGCCATACAAATTCCGGAATATGCGACACCAAAATCATTGCGCCTTCGTACTTATCCAGCGCCTCAGCAATCACCGGCAAATGACGGAAATTGATGTGGTTCGTGGGCTCATCCAAAATCAAAAGCCCGGGCTCCATCAAAACCAAGCTCGTCAGTGCCACCAGGCCCTTCTGCCCCTCCGACAAAGTTCCAATCTTCGCATTGATCCACTCCTTGGTGATCAAAAATCCCGCCGCCGTCATACGCATTTTTTCTTCTTTGACTTCCTGACCCGATTTTTTCATGGCCTGCAAAAGTTCCTCACGCACCGTGTTTTCAAAATTCAAAGTGGAAAAATCTTGTCGATAGTAACCGATGCGCACTTCGGGCTTAATAAACGCGCCCTCCGCTTTTCCACTTGCGAGCGCCTCCAACAGCGTGCTTTTCCCAATTCCATTCGGCCCACTCAAAAGCAGATGCTCTTTTTTGCGGAGAGACATGTCCACTTTTAGGATCGTAGGTTGATGATGCTTGATGACTTTCACAGACGTGAGCTTCATGAGTTCACCGGACAAATCCGCTTGCACAGGAATTTCAAAATCACGGATGGTCTTGTCTTCGCGGCGCACGTCCACCATGGCCGCCTCCATTTCTTCGGCTTTGTCACGCATTTTCTTAGCCACCAAACGAAGTTTTCCCCCTTTATGAGCAAACGTATTGGCCTGCTCTTTGTTCTTCAAAATTCCCTTCGCCATTTGAGCGTTTTTCATGTTTTCCTTTTCACGTCGTGCCTCAATCGCCGCCACCGCATCATAATAATTTCCCACATATTGTTCGACTTTGTGCGTGAATACATCCAAGTACAAAACCCCCTGAGTAAAGCTGTTCAAAAAGTCTGCATCATGTGAAATCACCATCACTGTTTTTCCGTAATTGATAAGAAATTGAGTGAGATGCTCAATCCCCGCCGGATCCAAATTGTTCGTGGGCTCGTCGAGTAGCAAAAGGTCCGGGTCTTGGATCAAGGCAGCCGCGAGCAAAAGACGTGCTTGCTGACCGCCAGAAAACGACTTCACAATGCGATCGTGAGGCGCCTTCAAGTTCACCACTTCCAAAACTTGATCGATGTATTTGGGCAAATCATGCCGTTTTTCTTTAAACTGCTTTTGAAAAAATTCGAGCACCGTGAGTTCGCGGTCCCCCGGCTTCATCACCTGATGAGAAGTGGCCACGGTGAGCTTAGGCACCGTATTCACCACCCCACTTTTCGGCTTCAAACTCCGGTTGATGAGTTGGAAAATGGTGCTTTTACCGGCTCCATTTTGACCCATGAGCGTGATCTTGCTTCCCTGTCGTACATTGAAGTTCACACTGTCGAGCAGTGGCTTTTTGTCATCGTAGCCAAACGAAACGTTGTCGAAACTGAGTAGGGTTTCCGTGTGAGACATGCGGAACTTATACAGGATAAAGCCTCACTGTACCAGCCCAGGGACTTTGTCGGTTGATTTACTCAACCTCATTTTCCTGACCCATGGGCGCCATGCTCATACAAAGATCCATCACGACTTGAATAGAGAAGGTGGGAGTCTCGGAAGACGTAGGCTGACAAACGACTTCGGTTTCTCCATTTTTGAATCCTGCAAGCACACCAAAAGTATCTGCGGTTTCATAGTAAACACCCGCTCCATAAGGCCCCACTTCTTCTTCCACAACAGTGTAAGAAAAGCCCCAAGTGTCCAGCACCTCTTTCACTCCCTCCACCGTTGCCAATTTTTCCATGTCAAAATCATATCCTTCATGAAGCTCCAAATCAGCGAGCGTACCGCCATCGGAGGAAACACGATAAATCTCGAACCCTCCTTCGTTAACCATTTCAACCACAGCTCCTTCAGGCGCAAGAACAGAAATGCCCAAACCAGGGATTTCAAGGCTTACTTTTTGCATACATCCTGCAAAAATAAGGCAAGAAGAAAGCAGCAAAAGAACTTTTGACGAGAAGGATTTATTCATAAATAGGTTTAAAGACAGCCCATCCTACAACGAACTGGACAAAAAGAGCAATGCTTTTTTGAGGATAGGCACCCTTGATTTTAAGCCTCCGCTCCCTGAGCTTGAGCCCTGCCATAGGCCTGCGCAATGTGCGCAGCGGCATAGAAAGTTCCGAATTTGCCAAGCAAAAAGTGCACCAGCGCCTTTGTCGACTTGAGTTTTTTCTTTCTCATCTTTTCCGCAATTTCTTCGAAAAGTTTACCCATGGCGTCCTCATTTCCTTGAGGTTCAGCAATTTGAACCATGTCTGCCTGGACTTCCGGCGAACATGCAAAGTTGACACAAACATCTCCAAAGGACCAGCCTG
CP064962.1_gap16	770657	775360	4703	CGCATCGCTTCAAGCGGAGGTAAGCCGAACCCTTCGTAAAGAGAAGGAAAAACATAAACTTTGGCCGCCTGATACAGCGCCACGAGTTCCGCTTCAGAAACCATGCCCGTGTAAATCACATGATGATCCAGCCCCAATTCGCTGACGGTACGTTTCACTTCGGGGTAATAAGGATCTTCCTCACCCGTGATGACCAAAGAAAGATCAAAACCCTCATTCCCTTCGCGCAGCAGGGCAAACGCTTTGACCAAATTCACCAAATTTTTATGTCCACGCCACACGCCGGTGTAGAGCAAAAAGTCCTTAGAAATGCCATATTTGCGCTTCACATGCTCAATCTGCTCTTTGTTTTCACGCGGACCAAATTGTTCGCACACTCCTTCATAAATCACGTCAATTTTGGAAGAAGGCGTGCCAATGACTTCCATGAGGTCTTGCTTGGTGTTTTCAGAAACAGCGATGACTTTTTTACTGTGTTTTACCGCAGATTTCAGCACCCAATTGTAGGCGGTGCGATAAAAAGCCGAATTCATTTTCTTGCCCGGGAAGAAAGAAAGCGTCAAATCGTGGATCGTCACCACGCTGGGCTTGCTGTACAAAATAGGAGCATTGAAATGCGTGAAATGCATCAGGTCGAGCTTGGCCCTTTTCAAAATGCGCAAGTAACGAACTTGCTCTTTTAAAGTGTAATGCCGCGCATTCACCAAAACCTTTGAAAAGCGCTTGTTTGGGGGCTCAAACGCATCGTATTCAGGGCGATTCATAAAAATCACATACTCATTTTTCTTGTCCAATTCAGCCAGGTGACGAATGAGTTCATACACATAGCGGCCAATTCCTGTGAACTCGGCACTGTACATGCGAGCATCGATTCCAATTCTCATGATGTGCTTTTAAGCCTAGCCGTTCTACACGAAGTTCCCGGTGGGGTCAAAGGGCTTGCAGGCCAACAGTGCTGGCCAAAACATCTACCAGGAAATAAACCATTGTGCTATACCAAGAACATGAAAGAATTTTTCAAGAAGAATTTCGCCATAGTGTTGGCCTTTGCCTTGCCGGTTGTGTTTATAGCCGTCATCGCTTTGAGTGCCTACCTCCCGTCCATTTTTCTCTCTACAAATTATAATTTCGTATACACATCTTGCACCGATGGAGTGGATTACTACCCCTATTACTGCAGTGACTATCTTCAAAAGCGCTATTCAGTGGTGAATGGGAAATTTGTCGTGAATTCCATGGATTTTGACGGAAATTATACAGCGCGTGTTTTCTTGCACGACACAAAAAACAATGAGAGCAGAGAAATCACTTTAGAGGAAGCGCAAACCCTTTCTTTAAACGGGCTTTTAACATCACCTGACGGCGTTACTGTTTCCAGCAACTACGACAGTGGAACAGATTTACTCTTTTTTGATAGCGGCTCTTCATATGGTTACTACCTTACAAAAGGCAGCAGCCGGAGCAAGCTCAATTTGATAAATAATGGGGATGGGTATTACCAAGACAACGTCCAATTTATTGGATGGGTTTTGCCTGGCAGAGATTAAAAAATTCAAGACCATGGACAAAGAAAAACTCTTGCAAGAACTTTCGCTAAAAATGAGCACCGGCGAAATAAGTCGCGAAGAAGTTCTTGGTCGACTCAATCTTGTCGCGTCCGCGAAGTCCCCACAATTTTCCGTGACGAAAATCTTGTATATTTTGGGCGCAGCAACAGTCATCATTGGCATCAGCATTTTCACTGCTCAAGTGTGGGACGATATGGGCTCTTTGAGTCGTATAGCAATCACATTGGGCCTCGGCTTACTCATCGCAGCCATGGGCTCCCTGCTGCTCAAACAAAAACCAAAGGACAACCTGGGTGCAATTTTCCATTTCATCGGTGGCATCTTGATCCCCGGTGGCGCAACGACAACGCTTTACGAGCTTCGAGTGGATTCTGTTTCTTTGTGGCTTCTTGCCATCACATTTGGCGTTATCTCCGCATTTTATTTGCTGCTGAACTCAGCTCACAAACATCCCATTTTGACATTTTTCGCAATAGCAAATGGAACAACGTTTATTTATCTCCTTGTTGAGGCGATGCTTGAAGCAACTCACCTTCCCTACGAAGATTTGTATGCTCACCTCACTATGATTATAGGGGTGAGCTATCTCTTTCTTGCGCACGCTTTTCGTGGTGGGTGGAATAAAAAATTACTTGGCGCACTTTATTTCTTTGGTAGCGGCGGATTTCTCGGTGCCGCATTCTCACAGGTTTTCGATTCTACTCCGTGGCAGTTGTTTTACTTCTTCATTGTACTCGGAGGACTATTTCTGTCTGTTTACATGAAAAGCCGCAGTATTCTCGTCATGAGCACACTTTTCCTCATCGCCCATGTTTCATACATCACAGGCGAATATTTTGCGGACTCGCTTGGCTGGCCGATTTCTCTTGTGCTTCTTGGTTTTACATTCATCGGTCTTGGCTACGCCTCGGTTACCATCAACAAGAAGTACATCAAGGGTGCTAAATGACCAAAGGGTGTTGCTTGTGTTTTTTTGAGATGACCTCTAGTATCTTTGCTATACGAACTGCTGTTTTATGGAAACGCTCATGAGTTTGAAAATACCGAGTGGGTGGGCGGTGAGTTACAATCGATTTCTTGATCTATCGATAGATGATAGTGCTCTACCGTCTGAGGATCTTGAGTTATTTGGAGAAGATATGCTTCAACTGCAGTCTATGATCCTTGAAAAAGGAGTTTGGCTTATTCCTCCGGAACATTTCTTAATAGATTTGGGTTGGTATCCGGAAGCAGATCCAAAGGGACAGTATAAGCTGCTATTGGCTCATGTGGATCGGACAAAAAACAAAAAATGGAAAGAGCTCAAGACGTTTCGTTCGAAGGATCGTTTTGAGATAAGAGAGATGCTAGAATCCTGGATTCAGGAAAAATATTGATAAGCTGTGGAATTGGTATAACACATGACAACAATGGTTCAAAAACACCCCTATTCATGGGAATTCAATTGCTCAAGACAAGGACATTGAGACTTTTCTACGAGTGATTACTCCCTGGCGCATCCTTTGCAGGCGAGCGCCCTTTTTGAAGGGAATACTTTTAAGGTGTAACGTAAGTAAGCAAAGGGCTTGCAGGAAAGCGATCTGCATGAGATATTTACGCTCTGTTTTAACAAATACGATATGCCAGATAAACCAGACGATACCCCCCAAGAGCACAGAGTCGATCGCCGTGGGGGATGGCAGGCCAGCGAAACCCCCGAGGACACAGGTTGGTCCAACGAGCGTAGGCATCACCCCCATGAGAGACCATCTCTCACTGAGGAGTCACCTGAAGCAAGGGCAGCCAGGTCAGCAGAACTTAAGGCAAAACTCGAGGTAAAATTGAAGGGAACGGGGGTAATAGTTAAGTAGAGGGAGATCCAAAGGAGCCCCTGAATGACCCAAGCCGCCCTTCACCACTCTCCCGATAAAGCTATTGCACCTCAAACAGGCTTTTGCTAAAGTGCATCCGCTCCGCTCAGGAGAGCCCTTTATGGGATGGTAGCTCAGTTGGTTAGAGCGCTGCCCTGTCACGGCAGAGGTCGCGGGTTCGAGTCCCGTTCATCCCGCCATTTTAGGAGACAATCCTATAACATCTTCGTGTCTTTCACTGTATGAACACAAATCTTAAAAAGAAGCCAAAAAGCAACGCGGTACGCATCCTCCAAGCCTTAGAACAATTGCCAATGGGCTCTTCTACCCTAAAGGACATTCGAAAAGACTATGGTGGCGAGTCTCGACTATGGGAAAAACCTACCTTTTAGACACCAATGTACTTTCGGGTCTCCTCTCAAAAGACCCCATCTACACACGCGGTGTTCAGGCTTATGCAGATGGGAACTGGGCTATTTCATCCATCACGGAATTTGAACTTTTCCTGTACAAGGAAAAGTTCGGTTTGCCATCCAACTTATTTCAGGATTTTTTAAGTGCTTTCATCGTTTATCCATTAGATACTGTGGTTTATGAAGTCGCAGCACGATTGTTTACTAAACGCCAACAGTCCAAGCCTCATATGGCCGATTTATTGATTGCTGCAAGCTCTATTGTTCATCAGGTGCCTTTGATCACAGCGGATAAGGACATGCAGAAATTATTCTGCTGAAATGAGCATGAACTCTATAGGATCAGAAATCCCAAAAGAAGATCCCCGCCCACAGTTCTTGTGCAAACTCCTTGATGGGGAGTATGAGAATGTAGGCATTTTTCGAAGCCTCTACTGAAACAATTTTCAGGTGAGTGACCACAGATTGAGGCCTGATTCCTTATAGCCAGAGTATTAAGCCGATGTAAACTTTCCGCTCGTTATTGAGGACCTGGGCGATATGCGTATTAGCCGGGTCGTCATTAGGAAGATGAGACAAGTCGATTGTAGGCCAAAAGCACACAACATTCACACCACGCGAAAAACTCATATGCGTAAAGTTCTCACCAGGGGCTGCAAGCACCGCTACACCTATCTTTCCCTCTGTACATTCAACGGCATCAACATAACGCCCCCTGCTTACGGCTTCATAGGCGGCAACGGGGCCTGGCATTTGTGGCGTAGGATGATCCCGATCTGCTCTCTGGTATGCGAACCGTATACGATAACCGGCTGTTTCCGCTGCCTGGACCATTTCATGAGGGTTTGCCCACGTACCCGAATCTAGCTGCA
CP064962.1_gap17	785348	790171	4823	GATTATCTGTTCACAAGAGCGAGGCACATCAATTTTAAAGAAGGCATTTCGGAAGTGCTTTGGAAGTGCTAAGCTTAAGAATCCTTTAACCCAGTTTCTATGCGAGTCCAAAAACGCATCAAAAATTTAACGGAGCCTGAAAAGGCACAATTCGAAACCTATCTCGAAAAAAAACTGGAAAACTTAAGGCCCCTTTTGGATGCTCACCATCCCGATGAAGATGAAGTGATTGTGCACGCCAACATGCAAAAACACGACAAGCACACGGCTTTTGAATTTGAATACGTGTTCGAATTGCCTCGTGCACGGCTCAATGCCAGTGAGGTCAAACACAGCATCACCGAAAGCGTGGATTTTGCGACCGAAAAACTGGAACAACAGTTGATCAAACACTTTAAAAAATTGGCCCGCGAATGACGGTAAAAATGCCTATTTATTTGGACTATGCTGCGGCCACCCCCTTGGATCCGAGGGTATTGAAGGTCATGCAACCCTATTTTAAGGAAGAATTTGGAAACCCTTCCTCCATTCATCAATTTGGACAAGGCGCGCGCCGTGCCATCGACGACGCGCGCCTCAAATGCGTGCAACTGCTGGGCGCCTTTTCTGTGCACGAAATCCTTTTCACTGGCAGCGGAACAGAATCTTGCAATGCCGCCCTTTTCGGCGCCGCCTTTGCAAGGCAAAAATCCAAAAACCGGCCTGGCCACCTTATTGTCTCTGCCATCGAGCACCCGGCTGTACTCGAATCCGCTCGCTTCCTTCATGACAATTTCGGTTTTGAACTGAGCGAAGTGCCTCCCGATGCCGAAGGTCTCATCCACCCCAAAGCCATTGAAGCCGCTCTTCGCCCAGATACGATTCTCATCAGTGTCATGCTGGTGAACAATGAAGTCGGCACGCTTCAGCCTGTGAGGAAAATCGCCAAACTCGCGCGCGAACGGGGCATCCTCATGCACACGGATGCGTGTCAGGCACCCGGCTTCACAGACATCAATGTGGATCATTTGGGCGTGGACTTGCTTTCTCTCAATGGATCCAAAATCTACGGCCCCAAAGGAATTGGACTTTTATACGTGCGAGAAGGAGTAAAAATAATGCCCCTCATCCACGGCGGAGGTCAGGAATTTCGCATGCGAGGAGGAACCGAAAACACAGCTTTGATTGTAGGCTTCGCTAAAGCTTTGGAGCTGGTTTTAAAAGACAGCAAAAAGGAAGCAGCTCGTCTAGGGAAACTCCGCGATACACTTCAAAAAGCACTGCTCAAAATCCCCGGAGTGAAAGTGAATGGATCGCTGGAACGTCGTATTCAAAACAGCCTCAACGTACAGGTGTCCGGAGTGACGGGTGAAACCCTTGTGATGCGCCTGGACCTCGAAGGCCTCGCCGCCTCCAGCGGCTCGGCCTGTTCCTCTGGCAAAACCGAAGCATCGCACGTGCTGCTGGCCATGGGCCAAGACAAACAAAGCGCCCTCGCGTCCCTTCGCCTGACGCTCGGGCGCTTCACCACTCCTTCTGAAATCAAAAAAGCGACCGCAATCCTTAAAAAAGTGATATAGGTCCATGAATGGCCGCAAGCAATTGTCCCGAATTTAACTTTCGTTTAGAATCGTAGCCCCGCAAAGTCACATGAGGTTCATCAACAGAAGAATGGAAAGCACCTCCGACGTACCAAGCCCCCCCATCGTGCAGAAAGAACCCTTCCTCGTTTAGAATAGTGATGGCCTGCGCAGATGAACCATTAGGTTGCACATTCGGGGGAAGAGTGTAGAGCTTCGTTGCCAGACGGGTTGCCCAGGTCCACAGATCTGTGCCCCTCATATCAATGGGTAAACTACGTAAAAATTCCGTGCACCGAGTTTGCAAGTCCAACTCGGGCTTATCCCCGCTTTGTGGGCTTCTTTGATATAAATCCCAATACCATGTGGGGGTAGGGACGCCAGGCTTGCCATTTATGAGTCGGTTTTTAACATTAAGATCGATACTCAAAAAAGGGTCTTCGCTCTGCCTTTTTGCTCCACCTACACCCAACAAGGCCTTTAAAAGATCTATCCTGTCACGTGGCCACATCAGTTTAGTCTGATAATCGAAGTTTTCCGCCTCAATCATAAAACTCACCCGGTCCCTTGTGAGTGCTGCTTGAGCCGAACGAATGGCGTGATCCTGTTTGGGCATGGGAGGCACGCCTTTTTTACCAAGGAGAACAGAGTTCACAGATTCTGAGAGTTGGAACCCCCTCAGAACTTGTGTTTCGACCCAATCTTTTTCAGACGAACTCAATCTCAATGTCATAATGTATAGTACAAGTGCAGCTCAGCCCGTCCAGTGCCCGTATGCCCGAGTCGGATATAATACAATACTAAACACAGGAGTCAAGGCTTCTTCCCGTAAAAGGGTCTTTTGCGCTTTATCTTTGCACCATAATAATGAGATGGGAGTTTACCCCGAAACGCTGTTTCCGAAATGGCACTGGGCTACGAGCAGTCCATTAGTACCATAAAGTCCCACTACTCTTGAGGGGCGCTTTTTGCCTCCTCTGCCGCCATGCGGACGCGCATATACTCAGATGGAGGGGGTCGCTCTGCCTCTCTCTGCCTTTGTCTGGCAACGCGCTCAGCACGACTTAGAATAGCACTTTTTCTCTCACCGTGGAGATATTCAGCACTCTCTCGATCAGGTTCGCCCTCAAATATACCGGATAATATACCGCGCAGTGAAGCCTGAAACAAATCTGCCGTTCTCAGCACCCTTGCATCAACTCCGAATCCACTCAAAAGCTGAAGTAATTCATCTCTCTGACGGTCCAAAAGCGCCTCAACCTCCGCCTTCTTCCTCTCCATCTCCGCATTATTATCAGGTGAAACTTTTTCACCATGACCTTGCTCCTCCGCAACGCCTGATTGTTCTTCATGAGTATCAGCCATAAGAAGAAAACCCTAGATTCTCATTTGAATCCGAACACTTGGTAAGATGAGTTCATGAAAAAAACGCTAAGAAGTTCTCACAGCTTTCCAAAAGTGAGAGGGATGAAATATTCATACTGAAGGGGAAAGGATATTCGCTCAGAGCTATCGCTAAAAGTCTGAAGAGAAGTGTTTCAACTGTTTCAGATGAACTCAAACGTAATGAAGTGAATGGCAGCTATAACCCGAAGAAAGCACAGCAGAAAAGCTATGTACGAAGGCGCTCCGCTCGCTTTCAAGGGAAGAAAGTTGCAATGAACAAGAAATTGAGAGATTTCGTAGAAGAAAAACTAAGAGATGATATTTCTCCAGCCGCTATTTCTGGGAGACTCAAATGCCAAGAGGGAGCTCTTCCTTTTGCCTCCAAAGACAGTATTTATCGCTTCCTAAAAAGCCCCTATGGAAGAGCTTTGGAGTATGAACGTGAGCAGAAAACAAAACATCGAAGAAAGAGGCCCAAAGTACTTTCAAAACTTTCGGACAGAACGTTCATAAATGAGCGTCCTAACAGAATAGAAATGAGAGAAGATGTGGGAGACATTGAAGGAGATTTCATAGTTTCAGGGAAAACGGGAAAGGGTTCACTTTTGGTTGCTGTGGACAGGAAACTAAGAGTTTCATTTCTTGAAAAGATCTTCCCAGTGACGATTGAAGAAGTTCATGAGGCTTTTTTGCGAATCCAAAAACGTTTTCCAGAGCTTCAAAGCATGACTACGGACAATGATATTCTCTTCCAGAAACACAAGGAATTGGAGAAGCTGCTGGGCATTAAAATCTACTTTTGCCACCCTTATCATTCATGGGAAAAGGGCACAGTGGAAAACACGAATAAAATCATTCGGAAAGATATTCCTAAAGGCAGTGATATTTCAAAATACAGTAAAGCTTTCATTCAAAGGCTTGAAGAAAAACTCAATCGTAGACCGCTCAAGTGTTTGAATTATCTCACCCCAAAAGAAGCTCTTTTGGTGCACCGCGAAATCACAAAACTCAAAAAATCCTAATCCATTAAGTGTTCGGATTCAGCCCGTCCAGTGCCAACAAGATATAAGGCCTAATTATACCACAGAAGAAGCGGCAGGCAAGGCCTTTGACGTGAGTGGCAAAAATGTTATAAAATATACGCATGAACGAATACGGGCCAGAATATCCCACATTCGCCTTAGGATCAGAGCTGGAAGCCCATCAAACCCTGGTAGGTCAATTCCGAAATACCTGCCGAAGTGAGCTCCAAGCCCTGGAAAATTCCATAGACAGAACTGCTTTTTACGGCTTTCTAAAAAGATGCGAGTCGCTAGACTTTGAAAAACAACTCGCCTCCCATTTACCCGCTGCCCATAAAATAACCACTGCCATCAAAAAGTCAGAAACACAACTTTTAGAAGGGTGGATTGCATGGGGCAACGAGGGGTTGGCCATCCCCCTAGAGGCTTACCCCTTCAACCCTCAGCAGGGATTGCTTTCGCTCGTCCCCTTGTATTTTCCAGACTACTTCCATTACGCCACTGGTTTGCGCAACCCTGACGACATCCCACCCGCTCTGCCGCTTGCAGCCTAAACGCGCTTCCCTTTTTTCGACTTAGCCTCTAAACTGACTCCACTTAATAAAGTTCATGTTTTTGAATCTTTTAGCTCTCATGGTCGGCCTTGCCCTTTCGGTGGGCACGGTTTTCCTGTTCACGCGCGGTGAAAATCTCGAGAAGGCAGATCCAAACGAGGCTCTGAAAAAAGCCGAAATCGAGGCCAAACAGATCCATCACGATTCCAAAGAAGCCATTGAACGCATCCGCCGTGCCATGGAGCGCGAAGAAAAGGATGCCGAGGAAATCCTAAGCAAAATGGAGGCGACCCTCGCGCAAA
CP064962.1_gap18	796453	797241	788	TCACTGCGACGCACACTGAAACGCCGCCCCAGCACATCTGCAATCGCGTCTTTTGCCCCCGTTTTCCCCACGCTCCCCGTCACCCCCACAATGAGAGGACGAATGGCTCGCAACCTCCGCTTGGCAAGGGAGCGAAGAAAGTCTAAGGCCCAGCGCTTAAAAGTGGCTTTCATAAACCTGAGTGTAAAGGCTATCTCAAAAAAGGGAAGGCTTGTACCCTAACAGAAAGACCCCTAAAATACAATCATCCGCTCAGTCAATCGCCTTGCTCAAAAAACTGAACAGCCTCCTCTTGTACTGCTTACTCGTGAGCCCGTTTTTATTGAGTTTTTATCCTCAAACCAATCGCTTTGAAATCATTCGCGAAACCGGGCCTTTGCTGCTTTTGGGGGTGGGAGTCTTGGCCTATCTCGCCAGCCTTCTATGGAGCCGCCCGTGGAAGGAGTTTTCCAGCTCCCGCCCGTTGCTCCTATTACTGCTGGTTTTCACAGGTTTCAGCATCCTCAGTTGGATCCATGCGGGTGTAAAAATCTTTGGCTTCGCCGAAATTTTTGTTCTGTTCATCGGGGTGCTGCTTTATTTGATCTTTGCTCAAGAAAAGACAGGGGCTCAAAAGCTCACTTGGGCCCTTGCCCTCACCCTCGTGGCTGCCGCCCTCCTCGGGGTCCCTGCCTATCTCAGCACCGACCACAGCCGCTTTTTCGGCTTCTTTTATGATCCGCTCATCAAAGCCGATGCCTGGCCCAATGCCTATGCAGACTTCTTTCTACTCACTTTCCCGTTTTTAG
CP064962.1_gap19	798818	799936	1118	TGCCGACCAAATACTTCTCGTCCCCCAGTACACTTTTCTAAGAAACGGAAACTTTATGTTCAACTCACGAGCTGTGTTGGCTTTTATTATTCTCACCACCTCTCCCACTGCTATTTGTGGAGGTATGGAAATTAAAATATGTACATGGTCTAAATCCGTGTTTACCTCTTTCACCACCAGTTCCGGATAGTACTTCGGAATATCCTTCATCACTTCCTGCAGAAAAGCCAACACACCTTCGTTGAATATCTTCCGACGGTATTTGGTCGGCCAAACTAAGTGATAGTCACAGATGAAAACTGCGTGTGAGCTTTTTCGTAGCTTCTTCATGCCTCCACTTTACACCACCACGAAGATGCGGGCACCCACTACATCCCTCGGGCTTACGCCCGGGGAACTACGTCAGTTGATTAGAATTAAGGCTTACCTTTTCCAATACCTAATATGAAACTCTCAGAAACAGCATGCTTAGTCGCTTTAGCTGCCACAACCCCAGCCTGTAATCTCTACGCTTTTCAGAATGGCCAGGAAGATCAAGGTGGAGCCTGTACTGAAATCCCAGCCCTCACAACAGGTGTATCTGCACAAGTAAAAATCAATCTAAGCGGAGATCCAATGGTGCCTCTAGCGCCTACCCGTGAAACTGTTCCCTCCCAAGAATAAAACCCGCATCCAAGACCCCCCTCGCCCCCCAACAAAAAGAGTCCCATCGAGGACTCTTTCAGTTTTTTGTAAGGTTTTTCCTATATCCCGGTTCTTCAAAAACTCAGAGCAGTTTATTTCACTGCGGCCACGATTTTGTCGAACACAGCAGGTTCGTGAATCGCGATCTCAGACAGCATTTTGCGGTCGAGAGCCACCATCTTCTTAGAAAGACGGTACATGAGTTGGCTGTAGGACAGACCTTGAGCTCGAGATGCAGCATTCACACGTGCGATCCACAGACGTCGGAAGTCGCGTTTTTTGCGACGACGGTGTGCATACGCATGCATGCCCGCTTTCATCACGCGTCTCTTCGCAATGGAATAGAGACGACCTGAGAGCCCTCGGAAGCCTTTAGCCGCCTTCAAAATTTTGTTGTGACGACGACGTTGATTCGTCCCACGTTTGACGCGTGC
CP064962.1_gap20	803946	804735	789	AGACTCAGAAATCGAAGAGCCCACTTCCGTAGCAGTTGAACCTGATCTTGAAACAGCACCCGCCGAATCATCTCCAGGAGACGCTGTGGAGACTGAAAGAACAGGAGTGATAGGTGGCTTGCAAGCATGGTTTAAAAAATGGACGGGGCCGAAAAAGTAAATCCTCGCTGCTCAGGCCATGCCAACCTAACCCCCTCTGGTCTTTTTTTGAGATGACCTCTACACTGAGGCTCTTTGACAAAGCTCAATGCCCATCCTCCGACGCAAAACTCGAACCTGTACCATTGGCGCCGATCCTGCGCGGCAAGTGCTCGTGGGCAGCGAACACCCCGTGGCTATTCAAACCATGTGCATGGGCAAAACGGAGGATATTGAGGGGACCATTGCCGAAATCAAAACCGTCGAAGACAAAGGCTGCGACCTCATTCGTCTCGCCATGCCCAGTTTCGATGCCGTCAAAGCCATTCCCCTCATCAAGGAGCGCACGTCGATGCCCATCGTCGCAGACATCCATTTTGACCCTCGTCTCGCCATCGCCGCACTCGACTACGGTGCCGACAAAATCCGCATCAATCCCGGGAACTTTTTTGACCGCTCTTATCTCGAAAAAGTCATCACCCTCGCCAAAGAAAAAAAGGCCGCTATTCGCATTGGCGTGAATGCTGGTTCACTTGAGAAAGATTTGTGGAAAAAACACGGCGCCCCCACCGCCGAAGCCCTCGCCGAATCGGCTCTGCGTTGGGTGAAATTCGTGGAAGACCTCGGGTTTGGCAACTTTGTCGTGTCCAT
CP064962.1_gap21	901919	904455	2536	TTTATTCAGGCCGCTCTCTTTGTATTCATTAGGATGGGGCCTTTGCCTCACATTTTTTATTTTTGCAGACGCACTTTTCTTAGAATGGCATAACGCAAGCATGCTGTTTCTTTTGCTCGCTTTTCTACCCCTTTTGGTTGGACATCATTGGTTTTTCTTTTACCTCTTGAGCCGTGAACTATCTCTGATTGTCATCACAGATAAACAAATTTTAAAGTTTGACTACCTTCCTCTCATCAAAAAAGATTTAGAGCTAGTGGTGGTCCATAACATTGATGAAATTGAAGAAAAACAAGAAGGCATTTTGCAAAATATTTTTCATTATGGAACCGTGCTTATTCAGACTTCATCAGCTCCACTGCCAGTTCTTTTATGCTACATTCCTCATCCGACGGGGTTCATTCGAAAAATAAGGGCTTTAAAATAATTTCACCATTTCATCCAATGACAAAATCCTCTAAATTTTTTCTCTTCCTCTTACGCATCAGCCTAGGTTGGATGTACCTCTACGCAGGGCTGACAAAACTTCTAGACCCCACATGGACTTCTCATGGGTACTTGGAAGGAGCGAAAGGCCTGAGTGGTTTTTATAACTGGCTGGCAACGCCCTCCGTGCTGCCAGTGGTGGATTTTATGAACGAATGGGGTCTTACTCTCCTGGGCGTTTCACTCATTCTGGGAATCTTTGTTAGACTCAGTGGTGTCTTAGGAGCTCTGCTCATGCTCCTCTACTACTTGGCATTGGGCTTCCCTTATCCAAATGAGCACGCACTGATTGTGGATGAACACATCATTTATATTTTTGCGCTCCTTTATTTAGCGGCCATTCAAGCTGGACGCACTTGGGGGCTTGATGAGTGGTGCAGCCGGTTGCCCATATGTAAGCGCTTTCCGAAAGTCAGGATTATTTTAGGTTGAACTTACTCCCTCCAGTCCTTGGAACTTGACTCGAATACCCCACTGGGGTATTCTCGGAACATGAGAAAAGACATCAAGACTAAAGCCGTCCGCCGTCTCAAGATCATTGAAGGGCAGATCCGTGGCCTTCAAAAAATGGTGGAGGATGAAAGTTACTGTGTAAACATCATCACCCAAGCCAGCGCAATTAAAGAAGCTCTTTCTGGCGTGGAAGACTTGGTTTTAGAAAACCACCTCTCCACTCACGTTATTGAGCAGATGAAAAGCGGGAAAGAAGAACAAGCTGTGGATGAGATACTGAAGGTTTACAAACTCGCCCAAAGGAAAAAATAACCAATAGAGTATGGAAACAGCAAGCTTCAAGATTGAAGGGATGACATGTGCTTCTTGTGTAAGCCACATTGAACACGACCTCAAGAAAACGAAAGGGGTGCATCACGTGATGGTAAATTTTGCGATGGAACAAGCTGCTATCCACTACGACCCCGCACAGGTTTCTGAAAAAGAGCTGATCGAAGTCATTAAGAGAACGGGCTACAAAGCGGACCCTCTTGAATCCAAAGACCATCATGACCCTCATTCTGGTCACGAAGATCACTCTGCCCATGCAGGTGCCGAGAGTTCCGAGCAAGTTATAAAAAGAAGAAGCCTATTCATCCTTTCCGCAGTCTTGAGCGTTCCTCTGCTTCTCATGAGTTTCTTCATCAACTGGAAGTTTGAGCACCATGCCATGCTCGTTCTCGCAGCGAGTATTTTGCTCGTGGGGAAAGAGTTTTTCGTTTGGCTCTAGGAACGGGAGCCGCCTTCATTTACTCGATCTATAGCCTCTTCTTCACCAATTCCATGGAAGAGTACTTCATGGACACCGCCATCATCACGACGTTTATTCTTCTGGGCCGTTATTTAGAAGCCCTAGCAAAAGGAAGAGCCAGTGCAGCCATTCAAAAACTCTTGGCTCTTTCAGCAAAGGTGGCGCATCGAATCCATGGAAAAGAAACGGAGGACGTACCTGTGGATGAAATTAAAGAAGGTGACATTCTTTTGGTAAAACCGGGCGAGAAGATCCCCGTGGATGGAGTGATTGTACAAGGCGAAGCAACGCTTGATGAGTCGATGGTTACAGGCGAAAGCATCCCCGTGGATAAAACGGTAGGAAGTCGAGTGATCGGCGCCACCGTGAACGGGAACACCCCCTTCCAAATGAGGGCTGAAAAGGTAGGGAAAGAAACTTTGCTCGCTCACATTGTTGAACTCGTACAGCAAGCGCAGATGTCCAAAGCGCCCATTCAAAAGTTGGTGGATCTTATTTCAGGGTATTTTGTGTGGGCAGTGATGGCGATTGCACTGGGAACCTTGATTTTTTGGATTGTGCTCACAAAAGAGGGGCCACAGGCGATTCTAGCCACCGTAACGGTGCTTATTATTGCATGCCCCTGTGCCCTCGGTCTTGCGACTCCAATCTCAATCATGGTGGGCAGTGGCAAAGGGGCATCCTTGGGAATTTTGCTCAAAAATATGGAGAGTTTGGAAACGGTGCATAAGGTGGATGCGATTGTGTTCGATAAAACAGGCACCTTAACAAGAGGCAAGCCTGAAGTCAGGGAGTGGGAATCGGTGG
CP064962.1_gap22	935269	938354	3085	ATCCTGATCTTCATTGCATTGGGCTTGCTAAATATAAAAAGTATGGTATATTGAGCTTAATATGGGCGGAAGATTAAACACTGCAATCGGGATAGGAGCCGTATTAGGTCTAGCTTACCTCGCTTTCCCTCATGCCTTAAAAGAGGCCGAAAAAGTAGAAGGGGTGGCCGTTGAGGCGACACCACCTCGAATTCTGAAAGAAGATGACCACTTTCCTCAACTTCGCCGTTCCATCGCAGAAGAAGCCTCCGACTGCGTGAATGGAATAGACTACAACTCACTCGATTATAGAAGTTCTACTCATACTTGGGCCTGCGAGCCAAATGACGACAATCCTTTTGAAATGCATTGCACTGGCGAACATGTTTCAATGCCAGGAATAGAATCCGACACAAAGAAGCCAGAATTAACCTTCACTTTGGATGCAGACGAAACCTGTTCTGCTCTTCTGAAGAGATTCGAAACGGAAGCCTACTATGCAATCGCAGATGCAAGGAATGATCCAGATGAAGAAAGGACTAAAGAAGAAACCCGCAAGAGACTCAGAGCGAAGCTATCCACACTGTTGGACGGTGGAGCTGACTGCCAAATCGGTAAAGTCACTAAAAAAAGTGAAGGTGGAACTTTTGAATACACGGCCCTCAAATGTATGGATGGTGGTGAAGAGCTTTCTGATCAACCTGAGAATGGAATCCTTAGTGCTTTTATAGCCACCGACGCTGACAAGCTTGAACTAATAGGCTCCCCAGACACAGTTGAAAGCTGGAGTTATCACCCTTTGACATGGGAAGAGGCCTGCAGACAGTGGAACGACGATCTGATCCAAGCAATTTACAGAAAAGGATGGGTCACTGAAGCCAAAGAGGGATTGATCAAGGAGTACCTTGAAAATTGTCAATGATCCAACTGGCGGTCACCCGCGCTTGCTTTGATTTAAATTTAGGACTTGTTAGGCTTTGTCGTATCTTATTTCACCAGGCAGGCCTATGATTAACGCATTCAAATGACACAAACGATATGACCACCACAAGTTGGCTGTCCATTCTACCTCCAGTCATAACCATTGTTTTAGCGATGTGGTCAAAGAAAGTTTTGCCATCCCTCCTATTGGGTTTATTGATAGGCGCTTACTTGCTGAATCCAACGCCGATAGGAGGCCTTGAAACAGCCTTAGAAAACATCGTGAAAATCCTGTCCGATCCCATGAACTTGCAGGTCTTGCTGTTTCTTTACCTGTTCAACGGTTTGATCACGCTCATTAAAAACTCTGGCGGGATGGATGCGTTCTCCCGCTGGCTAGGCAAATATGTGAAGAGTGACCGTGGAGTCCTTTACACTTTGTGGGCACTCATTCCTGTTACTTTTATTGACTGTGATTTCAGAATCGTTGGATCGGGTTCCATCATGCGTTCTCTGGCTGAGAAAAATAAAATTGGGAAGGAGCGACTGGCCTTCATGATCAACAACACGGCAAGTCCAGTGGTAGAACTGATTCCTATCGCCACGACTTTTGTGGGATTCAACATCGCCAACATCAGCCAGGCATTGGAAGCAGCTGGAGTACTCGAAAAACAATCCGCCTACAGCGTTTTGCTCCACGCGATTCCTTTTGAGTTCTACAGCATTGTGGTTTTACTCATCACATTCAGTACCATTTTTTTTCAATGGAAGAAACCTTCCGCAGAAAAAGAAATGCACCACACCCAGGAGGATCACGAAGGAAAGGATATGTCCATGGGCGCTGAAAAGCCACAAATAAAACCACGCATCTTCAACCTGATAGTTCCGATGTTAACAGTGGTCTCCCTCAGTTTTATTTTCTTCTGGAATTTCGCCACAGACCCGAACATGGCCATGTTACTGGCTTTGTCGATTTCAATAGTTGTCACAGGCATACTTTACGTCTTCCAAAAGTACCCTTTAAAGAAAATGACCGAAGATATGATCTCGGGAGGAAACGAACTGATGAGGATATTGATTATCCTCGTAATCGCATGGGCTTTGGGTGACGTTTCGCAGGAATTAGGTTTGAGTGATTTTATTCAGCAGCTTTTGGGGAATCAGCTACCCATATGGAGTATTCCTGTATCACTTTTTCTCATCTCTTCACTTGTGACTTATTTTATTGGGGAGGGTTGGGCCACAGCTTCACTAATTATGCCTTTTGCAATTTTTATTGCTGTATCCAGTGGCGTCTCAATTCCAATTTGTGTAGCAGCAGTCATAACTGGTGGAACCTTTGGAGACACCACTTCACCAGTAGCCGGAATGACCAATATGGCATCTGGTGTCACCGGCGCTGATCATATGAAGTATCTAAAATACGCTAACCCATACAACTTCGCTTCAGCAGGCATCGCCGCAGGTTTGTTTTTAATAGCAGGATTTTTGTATCATCAATAATTGGGACAATTCGATTAAGAATGAAGCTCTAATCAAACTGAATAGTTCTTTCCTCCAGACTAGTACTAAAGCGACCATTTTCGTGTTTGACCAAGGTGGATCTCGGCTTTAAGCCTAGGATCAGGTTTTCCTTTATGAGAAAAACAAAACAGTAAGCATCGTCATCTTGAGATGTGATGACCCTGGCTTTCAACTTGCCTTGTCGGATGAGCTTCCGCGCAGTTTGATGTTTAATCTTGAAGTAATGATCCAGTTCCCACATGGAGTACCACGAGTCTTTGTCCTGACAGATTTTCCCAGGCACTACCCGCTTCTCCACAGCACGCTGGCAGACCAAGCACTTGATTCCATATTTATCGTACCAAGTCTCTTCATCACTAACGTATTTGCCACATATAAAACAAGTGTATGGACCGCCATTGATATGGAAGCCTTTAGGCTCATCTTTCAGCCTCAGTTTTCTCGCACGTTCTACCTGAGCCCCTTTGAGCAGAACTTCAAAAAGGCCTAAAAGCCTACTGGCGGATTCATAAGCCTCAGCATGAGAGATCTCTTTCCCATACTTTTTCTTATAAATCTCCTGAAATTCACGAACAGCTTCATCAGATAGTTTCATAGAGGTTAAAAGTTAATCAAATAAATTTAACCTTAAAATAGCAAGAACGGCTCTCTCATAAGCAAT
CP064962.1_gap23	1004836	1008075	3239	CGGACAGGGAAACTGTAACGCTACCGCTTCTGTAACTCGTGCTGAATTCGCTAAAATGGCAGTGAGCGCCGCTGGCCTTTCCAATGATGGAACTATGGCTAGCGACTGGTTCTCTGACGTTCAAGACGGAGCTTGGTACGATTCTTACATGGGCACCGCTGTTGCATACAGCATCATGGGAGGTTATGAAAATGGCCGCATGGGCCCTGGTGACTCTATCACCCGTGGTCAAGCTGCTAAAATGACCTACAACGCCATGAACCCCGTCTACAATCCTCCGGTTGATCCTGGAGACGATGATGATGACGACGATGATGACGATGTACCTACCGAAGGCGGAGATCTTGAGGTGATTCTTTCTGACGAAAGTTCTGAAGACTACACTTACTTCGCAGCAGGAACCAACGCTGAAGTTGCAGTATTCGAAGTTACGGCTTCTGACGAAGACGTACTCATTACTTCCTTCGCAGTGGAACTTGCTTCCGGAGACGCCGACTCTATCGTGGCTCTTGCTCTCTACAACGAAGAAGGAACTCGTATTTCTCGAGTGGACACTTCTATCGACAGCGACGACATTGCTCGCATGACCATGCTTGAAGGAGGCTACACGGTTGAAGCTGGAACTTCTGAATTGTTCCGCCTCGTGAACACCTTCGACACCATTGTTGGGGGCGCCAATACCTCTACTCTCTACAGCTACGCTTTCGACTCTTCTATGATCGAATCCAATGCTGGAGCAGTAGAAGTTGAAAACGACCTCGTTACGGGAATCTTCGGTCTTCTCGATGAGGACACTGGAGAACTTGCCGTAGACGACGGTGGAACTCTCTCTAGCATTCAAGTTGGAGAAACCAATGCAGTCATCGCTTCCTTTGAATTGGAAGAGACCAGCAGCGACAAGGACGTATGGCTCTGGGGTATCAGTCTTGAGAACACCGGAACCGCTAACCTTGAAGATGCAGTGACCGATCTCGCCCTTTACTGGGATGGAGACTGGGTGGCTGACGGTACTCAATATGGAGAATACATCTCTTTCCAAATGGATGAAGAGACGGCTCCAATGATTGAAGCTGGAACCAACGAAGAATTCGAAATCCAAGCTAAGATCATCGGTGAATCCACCGAAGACGTGATTTTCAACGTTGAAGAAGCTCTCGATGTGCTCGCTAGCGACGAAGACGACAACAACGTTGCCGTTAACGTCAGCGCTTACGCAGGAACCACTGTTGAAATTGAAGCAGGTGCTGTATCCGTTGTTGGATACGACGCCGTCTCCGACAAGTTCCGCCCTGATCGTCAGGATGTCGAACTTGGACGCTTCGAAGTCACTCCCGGAACCGATGGTCTCGAACTTGAAACCCTCAACATTGACTTCGACATCACTTTAGGTTCCAACACTGGAACATGGTATGTTTCCGATCTCTTTGAGAACTTTGCTGTAGAGTTGAACGGAACCAACTATTCCATGGACCTCAATGGTGCTGAAGGAACGGGTGAAGAATACACCGTTGATTTGGACAGAACCCTCACTGAAGGAACTGTCTACGAATTCGTTGTAATGGCAGACACTTTCTCCACTACTGAAGCCGACGCCAATGGAGGAGTGATCGTGGATTACACGACCTTCACCATGGACATGGCTCTTGAAAACCTCGGAGATGGACTTTCTACAGACGGTCTCGTTCTCAGCGAAGTTGCTGACAACAACCCCGTTACTGATGTGACGCCTTCTACCGTATCCTTCAGTCAACTTGAAGGAGAAACGGCTGGAGTGGCCATCAACGTGGTATCCATCTCTTCTGCTCGTAGCGTTGTAGTAGGAACCGAAGACGTTCTTGCTATGGAATTCGAAGTAGAAGAAGAAGCAGACGTTTCTGACCTCATCTTCTCTCAAGTAGCTATCGAAGAAGCATCTGGAACAGGTACCTTTGACAACACTGAAGTGAGTCAAGTATCGCTTTACCAAGTGAACTCTGACGATTCAGAAATTTTGCTCGACGCTGTGTCTGGAAGCCAACTCGCTTCCAACACCGCTGACTTCGATGACTTCGAAGTGATCATTGCTTCTGGAACCACGGAAACCTTCCGTGTCTACATCGACTTCGTTGATGATGACGCCAATGCTGCTCTCACTTTCGTTGCTGCCATCACTACCTACGATGTAGAAGATGATGACAATAACCAAGTCTACGATGCAGACGACACCAGCGCTGATGGAGACTTCAACTCTGAAGGGGATCAACCCACTTCTGCTCGTACCATCACTCTCGTAGCTTCTGGTATTCTCTACGTTGAAATGGATAACGAAGACAACACCTACGACACTGCGAACCGTCGTTGGATCCAAATGGGTGAAGATGACGAAGGTCTCGCCGCCCTCGCTCTTCGTGCTGATAACGAAGATGTGACTCTGGAAGAATGGAAATTGATTCTCAACAGCACTGCTTCAACTGCAGTTACTGGTGACGCCGACGTTACTGCGGCAACTGCACTTGCATTGCCCACTGCTGTCGCTGGACAGTTGAAGAAGACCGGTGCCGCTGGTACCGCCTTCATCCCTGGAACCGACGGTGCTTACACCGACGTGGACAATGATGGAACCGTAACTGCAGGGGACATCCGTCTCGTTGCAGGAGGAACCATTGCCAACGGTTACGGTTACGCCAACGGAACCACCGTTGCTGCTGGAGACACTGATCTCACAACTGCACTTGCATTACCCACTTCTATCGTTGGTCAATTGCGCAAGACGGGTGCTGCTGGTACTGCCTTCGTGGTTGGAACCGATGCTGCTTACCTCGACGTTAATAACGATGGAACCGTAACTGCAGGGGACATCCGTATTGTTGAAGGAAGCACGGCTGCAACTGGACTTGATAAGCTCGGAAACCTTTCCGATGTCTTCTCAGATATCAGTATCTACAACGAAGACGGAGTCCTCGTTGGGACGAAGAGCCTCTCGAACCAAACCAACATGATTTTGTTCGACTCTACTTCAACGGAATTGTCCGCTATGGTAGACACCACCACCACGTACTACATCACTGGAGATCTCAACAACTACGGTGAAAACTACGTTGGTAACCTCTACTCCACTCCGACAGTGGGGGTAGGTTCAGCTCTTAGTACTAACCTCTCAACCGTAACAGCAGGATTCCAGGCCAACCTTGGATGGACCGTCACTGCCGTTGAGGCAACTGGAGACTCCTCCAATGCAGCCCTCGACGAAAATGGAAACG
CP064962.1_gap24	1049813	1053104	3291	AATTATATCAGATTTGACCTGAAAAACAAAGCTCTGACAGAGGGGCTGGTGATACTTTTTGAAGAGCTTTGGGAGAGTCCACACTTAAATATTCTTCTTTGGAATAAGCTTGGTTAAAGATATGGAATTCCTTTTGTTGAAGGTTCACACATCCAAAACAATTCTTGCATCCCGTACAATTTTTAAGAAATGCGCTGTCAAAACAATTCGTACAATCCTGACTGTATTTTAAATTATAACAATTTTGACAATCCACACATTGATAAAGCAATTCAGATTGCAAAACATAGGAGCAGTCCACGCAAGATCGGGAGTGTTTAATGACATTTCCATAAAGACAATCTTCATTGAAATCAGAATCAAAAACCAAGTAGCAGTTTTTGTTATTCCCTGCATAGTTCGTGTAAACACAATTCATCTCAACAATATCACTCGCAGACACTACGTGAGGAAGAGGCACTTGCCGTAGAAGTTCATCGAATTGTTCAAAAAAAGGTCGATTGAAATCGAAGTCTTTCCCATACGAAAGAGGATCCCAACGATCGCCCCACCACTCTTTTTGATCGTAGACCTTATAAGGTTTTTCAGGTGAAATATTTGAAATAAGTTCACGTCCCGTCAGATCACATTTACGATGGTAAAGATTGCGTTCATTACGAAAAATCATTCGTCGTCTCATGCGTTCTTCGGGGCATAAGGTGGGTAAAGGCACATCTATCTTGGCATAAAAAGCCTGATCTTCATCAGTGATGATAAAGGGTTTCGTACTAACCCGACAAATTTTTTCTAATGCAGTCATGAATGAAAAAGTTGAGTGTAACAATGATTGCAATAAACTTGCTCGTCCTTCTCAAAAGGCACACGAATCCCTTGCTTGCAGTGTATGCAATTTCGGTCCCACAGTCGCCTTGGATTTCTCAACTTCAACCGATCCAAATAACGTTGTTGAGGGGCCCGTCTCGGCAGTGCAAGCCCCAGACTTTTATAAAGGGTCAGTTCTTGAGGGATGATCTTATAAAGCTTTCCTGAAACCTCGCATTTCAAGATTTGTTTACTGAAATCTTCAGGCACATCTTGAATGGAATCAGGGATAGTTATAAAAGCCCCCTGATAGTTGTCCTCAGGCTTTTCATCAATCCAATTGTATCCTCTGGCCTTTGCCTCCTCAGCAGTCAGCGGGAAGTATTCTTGTGCCAGTGTTTCATTGTAAGCGAAGGGGCTCAGCGTGGCTGGAAAAAACTCACCCCATTCACCCGTCTTTTTCATCTGATCAATGATTTGTGCTTTCAACGTTTCAAACTCCTCTTTGGAATATTCTGTATTGAGAATACAGTACTCACTTCGGTGAACTCCCACACAAGCAAAAAGATTTTTGCTGCTTTGGCATAAATCTACATAAAGGCTGTCGCTCACATCGTAAGACACGTTTCCGAATTGAATATTCACACTTCGATTGCATCCATGACAGTTGTATTGAAGTTCACAAGCAAAGGCAGATTCATAAGTATCAAAACAGTCTTTGGCATAGCCTGTTTCATAGCAATAACGACAATCTTGCGAATAAATAACGTCGAAAGAATCAAAAACGTTTTTAGACTGATAAATGCAATCTCCCGTACAATTTTCACTGATCAAAATAACAGATTGTTTCGGCGACTTTTGAATCATATTTTCGTACTCGTCCACGAAGTGTCGCAATTGTGCATAGGACCCCAAATTCACAGTTTTCATAAAGGCTTCATACTCTTCTTTAGTGAGTTGCTTGTTATAAACGCAGTAACTTTTTCGAATGAGGCCATTGCACATGAAAGAGTCGCTACAGTTGTAGCAGTTGTAAAGAAAAGCAGAATTAGAATTGTTGTCTGAAAGGAAATTATAGAAAGAGTGATAGCCTCCGACCACATACTGACATTCGTAACACAGCTCACTTTTTTCAATATTGTAAGAGTCCGCGCAGTCTTTATTTTGAATCATCCATTTGGAATAATAGACATTTTCGCAATAAGAAGAATCCACACATAAATAGCAGTTCCGATTGTTCTCTGCATGGTTGGTGTAGTCACAATTTTCACTGTTTTTTTGGACCAAAGCCAAGCGAGGAACTTTCAATTGCAGTTCTTTCAACTGTTCAAAAAAAGGACGCGAAAAATCAAAAGCTTTTCCAAATATTTTTGCATCCCATTTGTCTCCCCACCAGCATGAATTGCAATAAACGACGTAAGGCGAGTCTGCACTGTACATCGAAATGATTTGTTTCTCACAAAGGTCACATTTTCGATGATAGAGGGTGCGTTCATTTCTAAAACTGAGGCGCAATCTTTGCCTTTCATCTGGACACAAAGTCGGCAATGGCACCTGCATTTTCGCATAAAATGCTTGATCATAATCATCGATCAAAAATGTTTTCCCACTCACTCGACATGTTTTTGTAATCGGAGTCATCAGTAGATCGTTTTTAAATAACACGCTTCACAGAATATCTTTTCAGGTTGATCCGGTACAAAACTGCTTTGCAGTTGAACTCCGCATGCGCCACAACTGCGCAGCCACAAATGGCGTGGATTACGTTTGGCCAAACGAGCTTTATATCGACAGTCAAAACAATTCACAGGAGCAGCCACACCCAGGTTTTTATAAAGGGCCAACTCTTGTTTGATCACTTTGTAACTCTTCTCACACGTGTAACAACACAAAATTTGACTCAAAAGGGTCTCATCCGTGTCTTCAATGCGTGCAGGAGGACTCAATTTTGGTCCCGAATAACTATAATTTTTCTCCTCATCCTTCCACTTCAAACCGAGAGCCAGCACCTGTTCCCGTACGAGAGGAAAGTATTCCTGTGCCACCGTTTCATTGTAAGCAAAGTAGGCGAGAGATGGAGGGAAAAACTCGCCCCATTCACCGGTCTTTTGCATATGCTCAATGATGCGCGGAACCAGAGCTTCATACTCCTCTTTAGTGTATTGCTTGTTCAGAATGCAGTAGCGCTGTTTGTTCAGTCCAATGCATCCAAAAAGATCCTGAGAATTGTTCACGCAGTAGTGGCAGTAACGCAGGTTGCTCACATCGTTCCAGCATGAATCGGAAAAAGCGACATTGTAAAAATTATTCCCGCACAAGTGGTTTTCGTAGCCAAGCTCACCCGTGATGCCCCATGCATAACAATCCTGACAGTCACGGCTGTTGTGGAGCCAGGTGCAGTAGCGACAGTCTTCCAGATGGGTACAGTCATAGGAGTCATAAACATTCTTTGAAAACGCGATATGGTCTCCAGTGAAAGATTCATTCTGT
CP064962.1_gap25	1106431	1110114	3683	GCTACACGAACGTGCTGTTCGTGACTTCGAACGGCGTTTAAACTACATCAAAAAGGAATGGGGAACCAATCCTCCCAAAGGTTACGAAATAGGAAAAGACCAGTGGATAGCAACCTGTAATGCTTTCTTGGAAGAGGCACGAAAGATGCCCAAATTCGATTCAGACAACCCCGACTTTCCAGAAGGATCGGCGGTTTTCGACCGCTTGAAACGTTTGTGGGGAGGGGTCAACAATTTGGAATTGAACCTAGCAAGTTTCCGCGAAGGTCAAAAAGAAGGAGGAGCCTTGAACGCGCAAGGTTTGAAAAATCGATTGGACGAAATCATCGCCAAAAAAAATAAGGTTTTCAATCAAAAAACTTACGGAGAAAAACACGATCAAAGCTTCGACGATTGGCACCACGGAATCATTAAGGATGTTTTGGCTCGCATCGATGAAGTCATCCCGCTTTACGAAAACCGTGTGAAGAACGAAGTGGGCAATCAATCAGCCGTCGATGAGTACTGCCACCTCAAAAATAACTTGGAAGAAGTCAGTGCGCAGGCAGAGGCTGATCCCAACGATGAAGCAATCAATACACAAAAAAAGAAACTCCAAAAAGAGGTGGAAGGCTTCGAAAGTCGACACCATCTCAACAAAGAAAAGATGGAAGTTTTGCAGCATTTGGCAGGGCTCAAAAGCTTACGTGGAAGCATAGAAAAGAGCGGAAACTTGGGCGAAATCTTTGAAAAGGCCATTTATAACAAGGAAACCTACCGCCCCGTAGAAGGAAACATCCCTTACCCAAAAGGCATTGAGGCACAGCTCGATTGGATTACAAAGGTGAACGTTTCCCCAGAGCAGCGCAATCAGATGTTCTTCCGTTTCAATCAAGTCTTAGACACTTTGGACAAAGACATTGAAGGGGCTGAAAACTACGTCCAAACCAAGTTGGGTGTGAATTTATTCAAGAAAATCAACACTCTCAAATACGACCTTGAATATAAGCCCGCTGAGAATAAATGGAAAATCCACTGGATGAGTGGCTTCAAAACTTACGACACTGTTGCCCACACGGTGACATCAATTTTTGAACGCAGCTGGAAGCGTGACGACCAACTCAAAGCGGGAATGTGGGGGAAGGAAGCCTTCAAGTTTTTGGACAAAGTCCCTATCCCTATAGACAGCTTAAAACCAATTCGAGAGTTGCATGCAGAAATGGCAAATGAAGAGGAACACGCCATGATGGAAGACATCAGCCATTGGTCCAAACAATACGAACACGCTTCCGTCGCTCACGTCACACACCAGATGCATGTGACCAAAAACAAGTTTGAATTCCGTGCTTGTATTGAACATCTGTGTAAGAAAGGGCTGATGCGTCTTTTGGACGATGAGGCATTCTTCAAGCAGCTCAATCGCTTTCAAACCAGCGTGAGTGTACCGGTCAGCAAATTTTGGCACAGCGAAAATCGTTTCGATTCTGAAGACGTCATTAAGAAGGCAGTTTTTGCCATGTACGCCGACATCGACCTTTTCGACACCTGGCATTCCCAAAATTCGGGAGCCATTAAAAGTGAAGGAGGCAAATACAATGAAGAATTCAGTCAAATCGCAAACGTACCTGGAGGAGTGTTCAAACTCGCCAAGAAATTACTGGATGATTACAAGCAAGACATCGCCAATCCAGCCAAACATGGTCAATCCGATATTGATCCCAACAAATACGAAGCAGCCCTCCATTATGCCATCGACAATGGGAAAATGAACGCCGAAGATGTGCTGTACCTTCTCTTGCAAGGTATAGCCTGTGGTCTTTTGTCTTTTGATCGCAGTGCCATCTTCACGGGTAAAAACAACAACTATCCCGCCATTGAAATTTTAGACGATGCCACAGAAGATGGAAATGCAAAACCCACGCTTCAAAACATCAAGGAATGGGCCAAAATCGGAGAAGATTACGACAAAAACTACAATGAATATTTGGATTGGTTCCACTCCTTTGTCATGACCAACGAAAAGGTCGTTCAGCGTGTCAACAAGGCCCAAAGCCAAGGTATGCGTTTCGACCACGACTACTTCACTGGATTCGCCGGCCACCTCAACAGTAGTACCATCGAAAGCATGCTGCAGATGAAAGGAGACGGAGGTATGGGGCTGCAAGTCACTGCCATGCAAAACGGTGCGGTGGGTATGCTCTTCTCACTCGATTCCTTGGCGGAAAGTTACGGCGATTTGGGCAGCCGTGGGGGCGCCATTTTATCGCAAATGGTGGATTCCATCATCCGCTTCGATGCCATCCTCAATGCTCGAATGTATGCCAATCAAAGTCAGTACTACAAAATCGACAACGCAACCCTCAATGGTAATCCTCGTTATGCAGGAGCTTATAAAATTTATGGGCGTGGACCGATGAGCACCGCCGATCACTTGGACATCATGCGCAAATACTTCGCAAAATTGGATGTAGACCCTGCAGGCACCAACCTATTAGGCAAGTTGTTCAGCAATCAACTGAAGACCGAAGCAGACATCCAAGCGGTCATGGTGCCTCTATTTCGAAATCATAAAAACGCCTTCGGAAAAGAAAAGACAGCCAAAGATTTCAAGACGGTAGAAGACATTTATCGCAACTTGGGAGCCTACATCGACTACGCAATTCAACAGGATTATCCTTTAAGGAATTTCTTGGGTGCTATTAAAGAAGATCATCGCAGAGCCAAGGAAGACGGTACTGGAAAGGACATTGGAAAAATCCGCGCACATGCCAAAGAACAACGCATGGCATTCAAGCAAGAATTCGCAGCCCAAATGCAGAGAAACGAAATGGAGGAACCCGATCACCACGCCCATCACGGACATGGCCATGGAGACGATCATGGACACGATGAGCATGGCGAAGCTCCTCATGGAGCTCATCCACCTGCCGCTCACCGCAGTACAGACCCTATCCCACCAGTCAGCGCCTCTCGTGATTTTGGAACTGGAGCCGGTGGTTTTTTCAATCGCCTCTACGAAGAACAATTTCCAAACTAAACCTCCCCTCTCTCCGGCAAACTTCGTTCAGAGATTTCTTTGGTCACGTTTTCAGCAAAAGCATCGAGCGCTAAAACATCCTGTTTTTTGGTGTGATAATTGCGAGCGGCCACGGTTTTTTCGGCCATTTCTTTTTCACCAACCACCAACATGTACGGGATTTTTTTAGCCTCTGCATTGCGGATTTTCTTACCCAAACTTTCAGAGCTGTCATCGATGCTCACACGAATATCTTGAGCACGCAAAGCCTCTGCGACTTCTTCCGCATAACCCAGGAATTTATCGGAAACAGGTAGCACCGTCGCCTGCACTGGCGCGAGCCAAGTGGGGAAGGCTCCTGCGAAATGTTCGATCAAAAATCCAATCAAACGTTCATGGGTTGAAAGCGGTGCACGGTGCACACAAAGAGGAGTTTTTTCCTTGCCATCGCTGTCCACATAAGTGAGATCAAAACGCTTGGGCACCGCGAAGTCAAGTTGGTTCGTGGCGAGCGTGAATTCACGTCCAATCGCAGACCAAATTTCTACGTCGATTTTTGGTCCATAGAACGCGGCTTCACCCGGAGCTTCCACAAAATTCACTCCTGATTTTTTCATCCCGTTGCGCAATTTTTCTTCAGTTTCAAGCCAGAGTTCGGGCTCATTCACATATTTTTTTCCAAGGCCTT
CP064962.1_gap26	1122152	1123398	1246	ACGACGGAGATGGCCTGGTGGATGAAGATTTAGGGGACGGTTTTTTTGGGATAGACAACGATGGCGATGGTCTAGTGGATGAAGACGGCTCCGCAGATAATAACAACGACGAAGATCATTTGACCGACGAAGATCCTCCAGGGGATGCCAATGCCGACGGCTGTGCAGGGTATTGTGGCAAAGACGACAATGGGGACGCTTCAGACAGCGACGGAGACGGTTACCCCAATGGACTCGAAACAGTGCTGGGCACCGATCCTGCCGATGAAAGTGAACCTTGGAAATCGGTGCTCACCTTTTCGAATGCCGAACCTTATTCCTTCAATTTTTCTACTGCGGATGAAGCCACCGACTACTGGGCAGCAGCTTTCACGGATCAATTTTTTGCTGGAAATGGACTGGACAGTTCCTGTTATTCGAATGGCGCTTATCACCCTGAATGGGACGACGATGAAGACGGTTTCTGCGACGAAGATGGTTCCATCGAAATGCCTGCTGGAGCTTTTTGTGCGTACAACGATGCCGACTGCGACGGCACGGTGGATGAAGACACCCAAGGCTTGCAACCGCGCGCTTTGTTTGAAAATTTACCCGACTTGCAATCCAAAAAATTACTGGAAGGTTTGACTAAAAAATACGTCGAACTCTTCAGTGAGCCCCAAGGAGTTTGGAATCGAGTGGTCAGAGGCACGGGCCGCTACGAAGCTCAAGCGCTCGATTCGAATGAAAGGGCGCTCAGCGATTACGACACGCCGATTTCTCTCATTTCTAAAAAAGATGAATACACTCTAGAGTATTTGCGTGCGGTCAACGACACCCTTGAAAGTTTGACCAACGACTTGGTCAACGAAGAATTGGCTCGTCAAATTCCCGTCATTGGCATGATGGAACTCAGCGGCACCTACACTGCCGAAGAAGAAGACAGCGAAGCACAAGCCATTTGTACGGCGGGGGAAGCAGCAGATTTGACCAGTGACGCCTGTCTACAATTTTTCAATTCCGGATCCAGCGATGGAGTTTTTGATTCGGTGGATTTGCCGCACAATTCCATGGCTGAGTATGTCTCGTCCAACGACGCAGATAAAATTTATATGAACGGAACAGCCCTCACCGACATCGACAGTCCCGCGGCTTGTACCCTTTTCGCAGGGACTTATGAAGAGGACGGTCAGCTCTCGCAATTCAATGCCATGTACAGTACTGATCAGTTGGATTTGAACGTGAATGAAGTCCAGGATTACAAAAA
CP064962.1_gap27	1164175	1166906	2731	GCCGTCGACCCTGCTCTTTGCCCTGATTTTCTCGATCACCACTGCCGCCCACTTTCCGCACATGGAAGGGGGCAGAGCCTCTTTGCTTTCTGAAATTTGGCCCCAAAAAGAACCTGTGCCCGAGATCAACTTGCTCATGACCGGAGACATCATGCTCGACCGTTACATCGCCACCTTACGCGGCCGCGCCATCGCCGACACCGATCCTGCCAACGATCTTTTCCCCTTCACCTTCATGCCCAAAATCATCGACGCGGTGGAAACACAATTGGCCACCTCGCAGCTCGACCTTGTGCTCGGAAATCTGGAAGGACCCATCACCGATTCCAACTACGTGAACGACGGCACAGCGATGATTTTCAACTTCAAACCCAGTGTCGTCGAACAACTCAAAAACGCAGGATTCACCACCTTCACTTTGGCCAACAACCACACGCTGGACATGGGCAAAGACGGCCCACAAAAAACCCATGAATACCTCGCTGCAGGCGGCCTCGACTCCTTCGGTCATCCCGACACCCTCAACGGGGACTTCAGTTTTCTGAGCTATGAATTGAATGGCATCAAACTCGGCTTTTTGGGCCTCAACGATGCAGTCATCAAATTGGACATACCTGCCGCTGTTCGAAAAATCCAAGAGGTGGATACGCAAGTGGATGTGCTCATTGTGGCCATTCATTGGGGCTTTGAATACGAAGCCACCGCTCGCGAATCCGTGGTGAATAAAGCCCATCAATTCGTCGATGCGGGTGCAGATTTCATTTGGGGTCACCACCCTCATGTCGTGCAAAACAGCGAGCTTTACAAGGACAAACACATTTACTACTCTCTCGGCAATTTCGTCTTCGATCAATATTGGTCCACCGAAACGCAAAAGGGATTGGTACTCGGTCTTAAAATTTTAAAGAATGAGGAAGGTGGCTTCACACTCACGCCTGTCGAAGTGCCGGTGGATTTGGTCAAGCAAGGGGAGCCGACTCCCGCAAGTCAGCCCCAGTGAGTGAATTGCGAAAAACAGAAAAAACTGCTATACTTTAAGGAATATTTTAAACTCAAAACAATGAAACTTTCTTTCTACGGTGCCGATCGCGAAGTGACGGGTTCCAGACATCTTTTGGAAGTGAACGGCAAACGCATCTTACTCGATTGTGGAATGTTTCAAGGACGCCGCCAAGATGAAAAAGAAAAAAATAAAAATTTTGGTTTCGATCCCAAAACCGTAGATGCCGTAATTGTATCCCACGCCCACATCGACCACTCCGGCAATCTTCCCAACTTGGTTAAGCAAGGTTTCAACGGACCCATTTATTGCACCAAAGCCACCGAAGATTTGCTCAAATACATGCTCATGGACTCTGCGTTCATCCAAGAAAAAGAAGTGGAATATTTGAATGAAAAAAAGAAAAAAATCGGGGAAGAACTTCTGGAACCGCTCTACACCGTCAAAGACGTGAATGAAACACTGCCCCTCGTACAAAGCATGGATTATTCTGCCGTTTGGAAGCCTTTTGCAACAGATGACATTCAAGTGACTTTTCATGAAGCCGGACACATACTCGGTTCCGCCATCACCACCATTCTGGTGAAAGACCAAGCAGATGGCCAAAGCAAAACCCTAGCCTTCACCGGAGATTTGGGCCGCCAAAACATGCCGCTCATCAAAGACCCTTATCAATTGGAATCCGTGGACTATCTCCTCATGGAATCCACTTATGGAAATCGCCTGCACGAATCCATACTGCAAGCTGAAAGCAGATTGGCGGAAATAGTGAAAACAACTGCTGCCCGTGGAGGGAAAATCCTCATTCCCGCTTTTTCACTCGGTCGTACCCAAGAAGTGGTTTACTCCCTTCATAAATTGATGGACGAAGGAGCGATTCCTAAATTGCCCATTTATGTGGACTCGCCACTCTCGGTGAATGTGACGGCCGTTTTCCGCAAACATCTGGGATGTCTCGACGAAGACACTCAAAAAGTTTTCCTGGACGACAAGCAAGATCCCTTTGCTTTTGAAGAACTTCGTTACATCGAATCTGTGGAAGAATCCAAGGCCCTCAACAATCACAACGGGCCCTGCGTCATCGTTTCTTCTTCTGGAATGTGTGAACACGGACGCATTTTGCACCACCTTAAAAACTCCATTGAAGATCATCGGAACACGCTTGTGATTGTCGGCTTTCAAGCGCAAAACACACTCGGACGTAAACTCATTGAAAAAATGAATCCGGTGAATATTTTTGGAAAGCCTCACGAAGTGCGCATGGAAATCAAAATCATGAATGCTTACAGTGCCCATGCCGATCGTAGCGACTTGCTTGACTACGCCAAAAAGGTCAAAAATCTCAAAAAACTCATCCTCGTGCATGGGGAAGATCAAGCATGCGAAGATCTCAAAGCCGCCATGCTCCACAACGGGATCAAGGAGGTGCTAGTGCCTTCTTTTGGAGATGTACTTGAGCTCTAGTAGCCTATCCATCTTAAATCCCTGCATGAACCGCATATACTGCCGCTCACACAGGGATTTTTTGCTTGAGGAAGTTTCATCCCCTGAAACTATCCGTTCACCAGCAAGTCGTAAATCATATTTGCAGCATCTTCACGTTTGACGGAATCTCCTTGAAGGGCGTAGTCAGAACTGTCCACACCATAATTGCTGAAGATATTCTTAAATTCTGCAGCCGTCATGTAAGCATTGGCATCCACTACCTCTCCCATCAGGCCTGCTTCTTGC
CP064962.1_gap28	1168999	1173636	4637	GGCGGTCACCAAAAGACTGAACAGAAGGCTCTGAGCAAGGAACTGTTTAATCATTTTCATATGACGGAGATTATTGATGACTATATTTAATACCTATTTCAAAATATGTCAATAGATTTTAACATGAATCTTATTTCCCACCGTCTTGTTTTAAAATAGCCTCCGATATTTCCTCAACTGCTTGGCATTTCTAAACGTTTAGAAATGCCAAGCAAACAAACTAGGTTTTCTTCTGCTCTGGCTGTGTGCCAACTGGGGAAGAACCCTCTTTCTTTTCATTACCCTCTTCCTTTTTATCACCGTCTTTATGGTGAGGGCCTTGATCGTTTTGCTTTTGATCTTTTGGATCTTGGGGCTGCTTGTCCGGAGTTCTTTCTTTAGTGTTGTCTTTATTAGTATTGTCGTAGTTCATAAGTTTATAATTTAGATATTAAAAGTAATGACAGATTTTCTCTGCAAATTATCGATCGACAATTTCTTTGGGTGCCTATCCCGAACTTTATAAAGTGATTCAACTGTACCGCTCTTCCATTTCAGAAACGAATAATCTAGCGAAATAAAAAATAAATTCCACTCACAAACCTCATAAAAAGCCCAAATATTTGTTGGGAAAATGTTTCTACATTTTATCTTTATAGACTAGAATACCCACCATGATTTCCGACTCCGATCAACTCCGCATTGTAAGCTTCCTGAAGCATTTTGCTTGCAATAAGAATGAAAGTCTTACTTACCTTGAAGTTTTGACGTCAGGAACCACGTCGGTTCAGGAGCTTTCACGTAAGCTTAAGCAAAATCGTATCAGCGTCTATTATTCTGTGCAGCAGTTGATTGAAAAGGGATTCCTATTTGAAGTAAGAAAAGGGAAAAAACGTTTCATTGCAGCTGAAAATCCAGACATCTTATTAAAGATGATTGGGCAACGGCATAACGAGTTAAAATCTTTGGAAGTCGATGTGGGGTACATTTCTAAGTTGCTCAACTCTATTCCTACGATAAAACATGAAATCACGGTGGTGAAGCTATATGAAGGGGCAGAAGGATTTAAAAAAATGCTAGAGGAAAGCTTAGGGGCTAAAAGTGAAATCATTGTTTTTAGTAATACAGCTATTTTTTCCGAAATGCTTGGGGAAGAGGACTACGAAAATTATTTTTCCAAAAAAGCAATACGAGACATTCCTTCTCGGATTATTTATGCAGCCTGTCCTTTCGCAAAAAAACTCGACGCAAAAAAAGAAGAATACAAAATTGATTTAAGACTCTTACCACAGAATCGCAGCTCTGAAGCTGGTTTTTATGTATGGGATAACACTGTTGCCATTGAATCCCTAAAAGAAAATAAAATCAGCTGCACGGTCATCGAAAATAAAGACATTGCTCAATTTTTCCGTGACAACATCTTCAACCACTTTTGGAAGGAGGCAAAAACCACAAACGTCGACTACCAGTCCTAGGTCTCGACTGAACACCTCACAAAGCCCCAATGATTTGGCAGCTTACAGAAAGCGCTTGTGCAAGCGCAGCATCCTTTTTTTCAAACGCAAAAAAGGCAGCTTCCAAGGCCGGCAACTGAGCTTTAAGCCATTTCACTATTGCTGCCTGTTGTTCAGGGGTGAATTCCTTTTTCCAATAATATGAACCCCACACAAAATCAGTCAATTTTTGTAATTTCAAAGGAGTCCACTCCTGTGCCCAGGGTTGCAGTAAAAGTTTCAAATCCTCCACCTTCTTTACGATTGCATAAAATTGCCAATCATCAAAAAAAGGATCTTCCTCCAGACTTGCCCGATTCCACGCCACTAAAAAGTTTTGGATTGCGGCCTGCTCTTTTTCAGGCCAAGTTTTCCACTGCGCATAATCCAACTTTCCAAGCACAATAAAGGCATCCGCGCCCAAGGCCCCTGTCGCCATTTTTTCAAACAACATGGGCAAGTGATGCTTGAAATCCGCCACACCACCCCATGTCGTCATGGCTTTGTACGCAAAACGATCCCACTCCTCTTGAATATCCAGCCCCTTCGGGTAAGCAGAAAACACTTCATAAAGGTCTTGAATGGCTGTTTTTAAATAAGATGTCATCGAAAACGAAGGTAAGGACCCGCTTTGCCCGCCTCCATCCAAGAGGCAAGGGTGTACACGGCTTCTTCAGGCTGCTGCCCCAATTCAAAAAGCGTATCGCTACTGCTGCCACTGATCAAAGCCAAACGTCCTTCCTGCAAAAAGGGGAGGTAAGCAGAGGCATCGGCATGCACTTTTTGATGAACTTCTTCCTTAAAAGTAGGATTCCATGCCACTTCCATTTGAAGCTGAGCCCTGGAAAACAGCGTTTTTTGCATTTGCTCAAGCCGATCCGGATGAACGAAATTAAGAGTTTCAATCTTATTTTTATCGAAAATATTCAAGCCCAAAAAATACCAATGGCCCTGAACTCCCAGGAGTACATGGGTGGACGTGAAATGAGCTACATTTTCCATGACTCCAATCTAACAAAAAAAGAAAGAGAAAGCCATTTGCAAAACTTTGCAAAGTCTGCTATAATAACACGATGTTCATTGAAAAACCGCCTGGGTCTAAACACCCAACCCCGCTTGAAACTTAGCGTCAACCGGGTCGCAAAGATTGCTGACGTTGCCTCCTCACCGAGGGACGCCCACGCCTTCTTTGTTGCCCAATGCGCCCTAAGTTTCATAGCCATAGTAAGCCTGCTTCTTTATCACTTCCCAAAGTATTTAGGGGCACTATCACCTCATCTTTCCAACGGGATTTTGTCTGGAGAGAAAAAGGATCAGACAGATTGTTACTATGAGAGTCCCGGTCTCGAAAGAGATCTCCTGTTCCCTCGTAGAAACTGGAAATACGCTTCGTGAGAAACCTTTTCCACCTTAAACCCTTATCTGATGCTGAAATGACTATGAGACAATTAGGGCGCTTTTTTTTTGTGTCTAAGCGGCAGGAGCGCTTTTAATGTATCGGTGGGACTTCCAATAAAAGAATCCGACCACCGTAAAAGTCACTGCAGGGGAAAACCATTCGGGAATATGCAGTCCAAAAGCATGGCCAATCATCACGGCACCGAGCACCAAAACAGAGTACATGGCTCCATTTTTAATGTACAAATAGCGTTTGATGCGTTCCACATTGCCCACGGTGATTTGACGCACCACAATGGCTCCCAGCCCGTTTCCGAGCAAAATCAAGGGCACCGACAGCGTGAAGGCAAAAGCCCCTAAAACTCCATCAATAGAGAAGGTTGCATCAATCACCTCCAAATACATGATCTTGCTGAGGTCAGAAAGCCCGCCTTTATTGCTCAGCATTTGAGCCTCTGCCTTTTCGGCATTTTCTTTGAACCCATGCGTAATGAAGAACGCTGTAGACCCGATCACTGCTCCAAAAGCCATCAGCGGATTGACTTGTAAAGCGTACCAAACCAGCATACTGAGCAAAATCGAAACCACCGCATAAAACCAAACACCTTGAGCATAGAAGAATTGTTCCCCTTTAAGTCCATAATTTTTCTTTTCCAAAAAGAGCCAATGAAAAAACAAAAAGACCAAAAAAGTTCCTCCTCCTGCCATAAGGATGGGGGCGGAGCGCTCAATGGCGTCAATAACGGCAGGGTCGCTGCTGAAAGTCGCGGTCAAAGAGCCGCAGAAACCGAGTGAACGGACGGTGGCCCACACAATCACCCAAGGTAAAAGTCCGCGAACCATGAAAACGGCGATCAAAATGCCCCAAAACAAAAACCAACGCCTGCCTTTAGGAGACATGGTGTGAAGCACCTCGGCATTGATGATGGCATTGTCGATGCTGCTGATGGTCTCAAACAGGCAAAGCCCGGCGACGGTGAGAAAAATACTGAACCAATCCATGCGGGTATCCTAGCGAAAAGAAACGAGCAAGGAAAGTGCATTGGAGCGAGCCCCTAACCCTCTCTAAAAGAATGGATTTTTAAGGCGATTTATGCTAGAATGACAAGATTGAAAAGGCCCAAAATGCGTTCACAAGAACAAAAAGAAAAAATCAAAAAAGTATTGCTGCTTGCACCTCTCTTTGTTTTGTATTGCTTCGGAAGTGCCCTAACCGGCATCATCGGCAGAGTGCTTTTTGTGGAACATTTAGGCACCGAATATTTGCCTCACACCTACGTGATGGGGGCAATTTTAGGGTCCCTTTTAACTCTTTGGATTTCTGAAAAAATGAAGAAAATAAGCCTGGCAAAACTCCTGCTCAGGCTTTCCATTTTTGGAGCCGTGATGTTTTTTGGAAACTACCTGTGGATGAGCCATGAAAAGACCTGGTCTTACACTTTTTTCCTCGTGGTCAGCAATGCCTTCTACCTCATTTTAGCAGGAACCGCTTTGTGGCGCGTGGCAGGGACTTTGAACACTTTATTCGAGTCCAAAAGCACTTTTTTATATTACTCTTTGGCTGCCAGCGCTGGAGGGGTTTTAGCCGGATTCATTTCCAACACTTTCGAAGAAAAAGTCGGAGTGGCTCAACTCATTGTGTGGGTCTGCATAAGCCTTTTGATAGCAGCCTTCAATTTATTTTGGATTGAACACCGCTACAGCAAGCAATTTGAGCCCGATTCTGAAGTAAAACAAGTGTCAAAATGGGAGTCCATAAAAGATGAA
CP064962.1_gap29	1179510	1180943	1433	ACTAGTCTCGCAAATTCAGACAGCTATGGGAGGCGTATAGCCAATATTGGAGATTTGGATGGGAATGGAGTCACCGATATGCTCGTTGGAAGTCCTTTGGACGATTCCAGTGGAGCCAATCGCGGTGCAGTTTACATACACTATTTTGATAAAACCACCTGGACCATTTCGGGTACAGTCTATTCCGATGAAGGCACCACACCCATGCCCGATGGTGCGACCATTCGCCTGCTTTTAGACGGAGTTTCGGTGGGAACCGACACACTCAATTCAGGGGATGGAACCTATTCTGTTTCGAGCATCGATCTCACTCAAGGCTCCGTGCTCACCGCCTACATTGATGACGACACAGCCAACGGGGCCACGGTGACTTTAGACAATACGGCAACAATATCGGATCTCAACATTTATCAAAGCCATTTGATCGTACGTTCCGAAACCGCCTCAGCCGTCACCAACACCCACTTGGATACGGCCAACAATGCAGATCCCGGCACTTCCAGCGACGATCTCACTTCCCTTTATGATGTGGCTGGAGGCACCCTCACCCTGCAAAGTGGGAGCACACTTTTGGTGAATAGTGGAGACACATATCAACCTGGAGGAGCTTTAGATGTGAACGGAAACATCATCATTTCGGGTACTTTGAACAGCGCTGCAAACAGCATCAACGCGGCGGGGGCCTTTAAAAATTTAGGCACCCTCACTCACACAGGAACTCTCACATTAGACGGGACGAGTGCGCAGACTTTCAACCCCGGTTCATCCACCATCGGTTCTGATATCATCATCAGCAACACCACCGCAGCCGTGAGTCTTTCAGCCAATGCACTCAACAATGGAGCCAACGACTTCACCCTTCAAAGTGGGACGATTTTCGACTTCAACAATCTAAACATCACCATTGGTGGAACGTTTTCCAATTTGGGAACGGTTCGCTTGATTGGAAGTGAAACGATCAGTCTCACACAAGACACCAATTCTGGAACTTGGGAATATTTAGGCAACGGAACAGGCTCGGCCGACACGCACACCATTAAAGATTTCGGCTCCCCTGATTATTACCATCTCACCATCAACGACAGCGCCGCCAGTAATTCGGATACCTTTCAGGCCGGAGGAACCTTGCGTGTGGATGGAGATTTAACCGTGACCGATGGAGCCTTTTCAGGCTCAAACCAAACCCTCGATTTCAATGGGGCCGTGAGCATAGGGGCCGCCGGAGCCATGACCGCCACTTCCGGCACTATGACTGTGGCCGGCAACTGGACAAAAAACGGAACCTTCACTCACAACTCAGGAACGGTGACTTTTGATGGAACCAACCAAAGCGTGACGGGCTCCACGACATTTAATAATTGGACCAAGGCCGTGAGCAGCGCAGCCACGCTGACTTTAGCCGCTTCCTCCACCCAAACCATTGTAGGGACTTT
CP064962.1_gap30	1195707	1199161	3454	TGGTTTGCCAGATTTCGTTATTTTATACAGTTTCGACACCGCCATCACTGGTGACCCTGCAATAGATCTCTTTCATCGTGTATTTCTAAACACAGGTGAAGGTTGGGAATTGAAAGAAGATTGGCAAATGCCAGTGTATTCGAATGGAACAGACTTCCGGGGTTACAATGGAGAATATAATTCTTCTATCGACACCCAATTTTTAGATGTAAATGGAGACGGTTTACCGGATTTCGTTGTTTTATATAGTTTTGTCAGCCCCATCACCGGGGACCCTGCCGTGGACAACTTCCATCGCGTATTTTTGAACACGGGTGAAGGTTGGGAATTGGATGAAAATTGGGAAATGCCAGCGTACTCAAATGGAACGGATCTCCGTGGTTATAATGGAGAGATGAGTGGTTCCATTGACACTCAATTCTTAGACGTTAACGGAGATACCCTTCAAGATTTTGTGGTACTACAGTATGGCTCCATCACCGGGGACCCTGCCGTGGACAACTTCCATCGCGTATTTTTGAACACGGGTGAAGGTTGGGAATTGGAAGAAGATTGGCAAATGCCAGTGTACACAGATGGGACGAACACTTATGGTTATAACGGAGAACCATATGCATACCTCCATACACAATTTTCAGATATAAATAGTGACGGCCTACTCGATTTTATAGCCTTACAAAGCTACAGCAGCCCCATCACCGGAGATCCAGCCCAGGACAACTTCCATCGTGTCTTCTTAAGCCAAGGTAAAGCCTCAGACCGCCTTTCTGAAATCACCCTCTCTTCTGGTGGGACCGTATCTGTCACCTATGAAGAAGAGCCCATAGTGGATAGGAATCCTTATGGTGAAACGCAAACCTTTTACGCAGTTTCACAAATCACAAGGGACGATGGCTATGGAGAAAACAGCTTGAACTATGAATACGCGGATGGGAAATTCTACTTTCATGAAGATCAGTACCGCTCGTTCACCGGTTTTGGCACAGTCACCGTCACAGATGAAGAGGGCAATGCCCGCGTGGTGTATAGACACCAGGGGAACGAGAGTAATAGTGATCTGGGTGAATACAACGATGCAGTTTCTAAAATTGGACTCGTTTACCGCACCGAAGAATATGATGAAACCGGGGCGTTATATAAAGTCACAGTACAGCAGTGGTACGAAACGAACCTGTCCACAGGCAGGGATTTTGCCAAACAAACAAGACAAACGTTTCTCACCTATGACGGCTCCAGCCACAAAGATTCAGCCACTGAGTATTCCTATGACGACGCCACAGGGAATCTCACGACTGAAACGCATTGGGGCGAAGTGAGTGCCAGCGAAGACGGTTCCTTTCAAGACCTCAGCACACTGGATGAAAAGTTCATCATCACCTACACCTACGCCGTGGATTCAACTCAAGTGGTGAAAAACAAAGTGGCCCAAAAGAAGATCACGAGCAGCAGTGAAACGGAAAAAACGCGTTACTATTACGACGGCCTTTCTTACGGAGCCGTGAGCCTGGGAAATATAACGCGCGAAGCCCGAAGTTTCAATAACAGTTGGCAAAATATTCACTATACCTATTCTGCCGAAGGGCTGGTGGAGACGGTAAAAAATCCACGCAACTACACCACGACTTATAGCTATGATTCAGAAAACCTTTATCCTGAAACGGTGACGAATCCCAAGGGCTATACGGTGGAATTTGCCTATGACTATTCCAGTGGAAAAATTGTGAGCAAAACGGATGAAAACGGCATCACGAGCCAGTATACCTATGACGGTTTTTCCAGACCCTTAACTGTTTCTGTGCCAGATCCCATAAGTGGCACCCTGACCTTGCTTTCCAGCACCACTTACAATGACAATTTCCCAAGCTCGTCCACCACAGTATCCACGGTCAATGGAGTAAACACTTTGCAAAGCCTATATTTTGATGGATTCAAACGGGAAGTGCAGCGTCTGAGCTCTGCGGAAGGGGGAACGTATACAGCTGTAGACACTTGGTACGACAGAGGCAATGTGATCCAGCAAACTTATCCTTATGAAACGCAAGGTGCAGGAAGAGATGTGACAAAGCCCAGCATTGTCAACACATACGCCGCGCAAAATAGACCTTTGACAGTTACAACCCCTCACAGCAGCACCACCTATAGCTACAGCCTGTGGGAAGTTTTGACAGAAAACCCCAACTTTTCCTACAAAACCTTCGAATACAATTATGCAGGCCAATTGATTTCCGTGGAGGAACAAAACGGCGGACTCACCTATGCCACGACCTACACCTACGATCCTCTCGGACGGCTTATAAACCTCACAGATGCGGAGGGCAATGAAAGGAATTTCATTTATGATTCATTGGGAAGAAAAGTGAGTGAGGAAGATCTGCACCGTCCTTCTGCTACGACGATTCCAACCTGGACTTACACTTACGATGCCAATGGAAATCTAGCCACTCGCACAGACCCCTTGGGGGAAGCGACCAGTTGGACTTATGACAATTTGGACCGTGTGCGTTATGAGGACTCCAGCCTAACTGGAAGGGAAACCACTTATACTTACGACACCGCCACACGTGGACTTATGAAAGTGTATAAAATCATTTCGGATGGGGGCGGGAAATATGTCCAGTATCCGATTTATGATTATTTGGGCAATCCAAGCAAAGAGCAGATTTATATTCAAAAACCGGGACTTTCGACTTATTACAGCTATGTTTACCAAACGACCTATGACCTGTTAAAACGTCCAACGCGAATCATCTATCCCTCAGCGGCTCTAACCATAAATTATAGTTATAATGAAGCAGGGCTTTTAGAAACAGTCACGCGCGGGACCGCAACGGCTGTAGTGAATATGGATTACAACGCATTGGGCCAGATTGAAACGCAAACATATGGGAATGGGAAAATATTAACAAATACTTATGACGAAACAGGGCGTTTAATGCGAAAGCAAACGAACAATTTAGAAGATTTGAATTACACTTACGATGCAGTGGGGAACATTTTGCAGATTGTGGACAGTGTAACTCCCAAAACCATCACTTACAGTTACGATGCTTTGGATCGTCTGGTGCGAGCGACCTCGAGCGGCCGCGCAGAGGGGGATTATGACGAGATGTATGAATACGACAGTTTGGGCAACTTGAGCTACCGCACGTCTTTAGGAGAACTGCTTTATGAAGGGGCGCATCCTCATGCAGTGAGCAGCGCAGCAGGCCTGACTTATACTTACGATGCCAATGGCAATCTTCTCACGGACGGCGTGCACAGTTATGCTTGGGAAAACAACCGGCTCATAACTGCGGACGGAAAGGCGTTCGGCTATGATTTTAGTGGAAGTAGATATAAGACAGTGGAGCTTGGGGATTATAGCTACTATATAAATGCTTACCAGGAGCAGCGTGGAGGAACCGAGACAAGCGCAGGGAATACGACTTACTATATTTTTGCAGGGGGACAGCGC
CP064962.1_gap31	1202960	1204284	1324	ATATTCGACTTTTCCTTGGAAGGTAAATCTGAAAATAATCTAATAAGAGGAGAGCGATTGAAACAAGACAGGATACTAATGAAAAAATTATTAGTAATAGCAATTTTTATCAATATAGTAAGTATTTTTTTAGCCAATGACGAGTATTACCATTTCACAGAAGATAAAATCAAAATAAATCCGATTTGGAATTTAAAAGAAACGGTATACGACTGGAATGAAGTTGAAAAAGGAGAAGTGAGCGTATCGCACAAAACATCTAAGACAGGAGAAATAACTACGATTATCCCTATTCTCAAAGTATATGTTCATGATGATATTTTTACATTTCAATATGACCCTCTTTTGAATTTTGACGGTGCTGATGATTTCTTAGGATTAATCTCTTTAATGCAAGCTAAGAATATTGAAATAGATTACATCCCCATACCTGAAAACCTTCAAGTTGCTTTGCAAAAGAACACGGGGAAAAGGGCTGATCTAACTATGCAGTTATATTCAACGCAGATTAAATAAAATTAGATAGATGCTAAATGAATAAAAATAACCTTATGAAACACGACGCATTGCAATTTCTTAGCCTTGTAAGAAAAAAAGTCCTAGGATACGGAATTCTTTTAATAACTGTAGTTTACATTATAGCTTTATGTTTAGGCTGGAAAGATTTTTCAAGTGCGAGTGTCTTCTATATTACTTTGGGTTTAATCATGTTTTTTTTAAGCACATAATCACCCACCCATGCCTTCCAAAAACCTCCAAAAACATATTGAAAACTATGATTCGATAAAACCTTTGCAATCTTACAGAGGAATCGCAGTCACCCTGTTGATTGTGTTTGGGGGAATGAACTGCTTATCTGCCTTAACAAGTGGGGCCTCTACACAATTTATTTACAATTTGCTCGGGCTCGTCATTTTAAGTCCAATTTTCTATTCGATTTATAAAGGCAAAAAGTGGGCAATGATTTTGATGATTGTTTTGCTGGGCTTAAATCAACTCTTAATCCTGATCAACGGTAGTTATTCAGGCATTGCGATGGCCATTGCAGTTATTTTCTTCCTTTCTCAGGCCATAACCGTCGAAAATAATAGGAAAACAAAAGAAAAAATCTAAACGCCGAAAGCTTTTATCACTTCCCATTCCTGCTATACTCACAAACGAATAATTCCACACTCCAACCATGTTCACTATCAATCTCCTATTTCAAATCCTATTGGTTCTATCGCTGGGTCTCGCAGCAATCTTCTTTTGTTTTTCATTGGCTTTGGGTTTAGACGCCAAACCTAAAGAGAAAAAGGATCTAGTTTCCAATAAAGTCCTCTTT
CP064962.1_gap32	1337551	1338973	1422	TTTCTGGAAAGAGATGGCTACGAAGTGAGTCTTTCCAGTGTGAAGAGAACACTCAAAAGGAACGAGATGACCAAATACAGCAAGTGGAAGAAGTGGCACCAGTATGAGGAAAGACCGCGGCCTGAAAAACCAGGCATATTGGTGCAAATAGACACGATTGTGGATGGGCCTTATTATGACAGACTTTATGTATACACTATGCTGGACGTGTGCAGCAGATGGGCCTCTGCTATGCCGGTGATGAAGATTGGAACCCACGCAAGTTGGGAGTTTATTCAGCACTCACAAGAAGACATGCCCTTTGAACTTAAAATGATCCAGACAGACCATGGAAGTGAGTTTTCCAAGTGGCTCACTAAAACGCTTGTAGCTAATGAAATTCAGCACAGGCATTCAAGAGTACGAACACCCACAGACAATGCCTATGTGGAGAGATTCAACAGAACCATCCAGGAGGAATGCCTCTCCCGAGTCCCAAAGACTTTAGAGGCTTACAAAAAAGCAATCCCTGACTTCCTTCACTATTACAATTTTGAACGTCCTCACATGGGTCTTCACATGCTAACTCCTAACGAAGTGATGCAAAGCTATTGATTACAAAACAGTATTTGGGCTTCCATGATAGGCAATACGCACCTCCCCTCAGAGCTGATTCTTTTTATTCCTTGGACACTTCACCTCTGGAAGATCAGAAAGAAGTGGCTCGAGGATTAAAACTCGTCTTCAACAAATTGGTTGCGGGGGTTGGATTCGAACCAACGACCTCCGGGTTATGAGCCCGACGAGCTGCCACTGCTCTACCCCGCAGGGGGACTATACGGAAAAAGAGTCCTGCGAGCAAGGGCAAGAGGCCCCTTCGTTAAGGGGATATTTCAGATTTGGTGGCTGGAGGCAGATTTGAACTGCCGACCCCGGGCTTATGAGTCCCGTGCTCTAACCAACTGAGCTACCCAGCCGCGAGGAGCAGTTTATTCAAAAACCCCTTTTTTGGCAACTAAGATTTATACGGATTCGAACTGAAGAAAAACTTCCACCATTTTTTAGGGTTGGACCAGCTGGAACGAATCTGTTCCGACAGAGCAGCCGTATCTTCATCTTGAGAAAGCACCACCAAATCCTCATCAGGGATCACCACCACCTTTTCACCTGGATTGATAAGATTGAGGTTTTGCTTTGCGATTTTATCGATGTATTCATCTGAAATGTAGTACTGCAAATCATCCAATTTTTGTTTATTTTCTTCTTGGAGTTCAGCATTTCGCTTTTTAGAGTCGGCAATGTGTTGCTCAATCTGATAATTGTCGTAAATCGAAACCGTGAGATTGTAAAGCATGTAAGCCACCACAAAAAAACCAATCACCAAGGTGAGACGCATCATATCGAACGGACTGTCGTAGCTTTGAGCCATGGTCTTTGTTAAAC
