gap_id	start	end	length	sequence
CP064975.1_gap1	100483	104704	4221	TATCCTCGTGGGAGGAAACCCGGCTTCACAGATTTATGTCGGACTGAAGGCTAAGGCGGCTCAATCGGTCGGGGTGTATTTCGAGAAACAGGTACTCCCGGTGACCGCAACGACCACTGAAGTCCAGGCAGTGGTACGCTCGCTCAATGGACGACCAGACATCCATGGCATCATCGTCCAATTGCCACTCCCTGAGTCGATTGATGCGGACAGAGTGATCGCGACTATCCAACCGACGAAAGACGTAGATGGGTTTCATCCAGAGACAGTGGCGCGGTTCCTGACTGGCACATCATCGGTGCCACCGGTTTTCCCACGGGCTATCCTCGCCCTGCTCCAGAATACGGGCGTGCCGCTTGAGGGGAAACGAGCATGTGTTTTCGCGAACTCGCCTTTGTTTGCTCGTGTCATGGCGATAGCTCTCGGCCGTCTAGGTGTCCAGGCCGATGACAATCTCAGTCACACCCCGACCGAGATGGCAGCGAAGCTCGGCCTGGCCGATATCATCATCACTGCCACGGGCAACCCACATTCCATCACCGGGAGTATGGTCCGTCCAGGAGCGATCATCATCGATGGTGGGATCACACGAACCGGCGAGCAAGTGATGGGGGATACGGATCCTGAGAGTTTCGTCCGGCTTGAGGGGTATCTCACCCCTGTCCCGGGTGGCGTGGGTCCAGTGACAGTCGCGCTCCTCATCGCGCGCGTGACCGAACTCGCATTGGGCGATAGTCACGAGGAGAGTATACTGTAGCTGTATGACAGTCAGGAAAACAAATCTTAAAGGATCAACGCTCGGTTTTTCTCTCATGCTGCTTTCGCTGCTCCTGTTTTCGGGGATCACGCTCCTCAGCGTTTCGGTTTTGGAGCGGAAAGCGAGTTTCGCGACGCAGAAGTCCGTCATCGCGTTTCAGGCGGCGGATAGCGGCGCGGAACGTGTCTTGAAACGCATCTATATCGATAATTCGCCGCTGATCGCTTCTGTGCCAATCAATGGTCCGATGCCGGATAGCACACTAAACACCCTGGCTGGCAACCTGTCTTCTGTATCTAGTGCGAGCTGTTCGAGCGGTGTGATCAGTGCAACCAATACCAACAGTCCCGCATCGTCAAGTCCGAATTACACCTTTCAGGTCACGTTCTTTGATAGCACTGGTACGGCCATCACTTGTTCGGCGACCGACTGGCGCGACAAAGTGGTCCGAATCCGATCGGAAGGATTCTTTCAACGGACTTCGCGGGCGATCGAAGTCGGAATCCGCGCCCGAAAATAAACGAGCACTTTGCTTCGGATAGATAAACAGGTTTCAATTGTATTTGTGCCGCGGGAGACCCTCCGCCGCTCTTCGAGCCTTGGACGGGCAGGGACTCTCCAACTTGAAACCGTCTGCTTGGAGTGAAAGTTTTTTGTGGGCGAGGAGGGACTTGAACCCTCACAGTATTGCTACTATTGGATTTTGCCCTCCCAAGGCGGGTAAAAGTCCAACATTTCTTCGGTGCCGCGGGAGAGACTCGAACTCTCATGATATTGCTATCGCGGGATTTTGAGTCCCGTGTGTCTACCATTCCACCACCGCGGCATGTGTCTGGAGCATTGCCAGAAAAGGCTCTCTTTAGGGAAGAGTAGGCAATTGATAGAGTGTTGTCAATGGAATATAATGGAACCAACAACCCACGACTCACAACCTACAATCGGAAAGGGTGAGGATTATTTTTTTGTTGGTTATCGGATATAAGTTGTAGGTTAATTTCATGGCCAAAGTCATCGCGTTTGTGAACCAGAAAGGCGGGGTGGGGAAGACCACGACCACCATCAATGTCGCTCGCTATCTCGCGGAGGCGGGGAAGCGCGTCCTGTTGGTCGACCTCGATCCACAGGGCAATGCCTCGTCGGGCCTGGGGGTGCATATCCGGAATCTGGAAAAGAATCTGTACCATTCGATGATTATGGGGCTGCCCACCACTGAGATCATCCTCGATATCGGTATCCCGAATCTCTACCTCATCCCGGCGGCGCAGGACTTGGCAGGGGCTGAGATCGAGATGGTCCATATCGCTGAACGCGAGTTTCGTCTCTACCAGGTCATTCGTCAGATCCGTTCGGAGTTTGACTATATCCTCATCGACTCTCCGCCGTCCCTCGGTCTCCTCACGGTGAACGGGCTCGTCGCGAGTGATGGCGTCATCGTGCCGGTGCAGACCGAGTACTACGCGCTCGAAGGTTTGTCCCAACTTCTCGGCACGATCGAGCTCGTCCGGGAACACCTGCAGCCGAATCTGAAGATCTTCGGTGCGCTCCTCACCCTCTTCGACCGTCGGAATCGGCTGGCGCGACAGGTCGTCGAAGAAGTCAGGCGTCATTTTCCTGGTCCCGTTTTCGACTCGGTCATCCCGCGCTCCGTTCGTCTCGCCGAGGCGCCGAGTTTCGGCAAGTCCATCCTCGACTTCGATGCGTTTTCCAAAGGTGCCCGAGCCTACAAATCCGTCGCGCGTGAGATCATCGCCCGCGAAGAAGCCGAACACGACAGCGCTAAAGTGGTATAGTAGAGAGGATCACGTGTTTGATTATTGAGATTTTCATTTTACATTGACCGATATGGCCCAGCAGTATGGACTCGGACGGGGATTGGCATCGCTCATCCCGCCGAAGCGAAATCCAGTATCTGACCCCGCTCAGCCAGTGGCGATTGGTGACATCCCGGTTTCGGCACTTCCACCGACCACTGTCTCACATCCCGATGTCCCGCTGACGCGAGAGGTCGCCATCGGTGATATCATCCCGAACCCGCATCAGCCCAGGCTGCATTTCGACGAAGCCAAACTCACCGAACTCGCTGACTCTATCAGGGAACACGGTGTCCTGCAGCCACTGGTCGTATCGGCCCTCGGTGATGGGAAGTACGAGCTCATCGCGGGGGAACGACGGCTGCAGGCGGCCAAGCGAGTCGGCCTCGCCACGGTCCCGGTCGTCATCCGCGAGACGTCGGGTGATCAGGAAAAGCTTGAGCTCGCCATCATCGAGAATATCCAGCGGCATGACCTGAACCCGATCGAAGAGGCGAAGGCCTACTTGCGGCTCACGGATGAATTTGGCCTGCATCAGGATGCCGTCGCGAAGAAAATGGGCAAGAGCCGACCGAATATCTCCAACACACTCCGGCTCTTGACTCTCCCGGTTGAAATTCAACGGGCCATTATCGAAGGCAAGATCAGTGAAGGTCATGCCAAGGCGCTCCTCTCCATCGACAATCCGGAAAAACAGCGCGCCCTCTTTGATCTCATCATCAAGGAAGAACTGACCGTCCGTGAGACTGAGGAAAAAGCCCGTGAAGTGTCGGTCCGTTCGCATCTGCGTACGGCGCGTGAGCCAGCCCCTGAGCTCGCTGCCAAAGAGGAGTGGCTGACCGAGCAGCTCGGGACGAAGGTGAAGATCCAGCCCAAGGGCAAGGGTGGCAAGATTACGATCGAATTCTACTCGAACGAAGAACTGAATGGCATCCTCGGAAGACTCGCGTAGTTATTAGTAATTAGTTTTTAGTTGTTAGCCGCGACCGTATCTGCTAGAAACTAGCAACTAATAACTAGCGAGTTGTAGCTGCCATGTCCTCTTACTCTCTTACCAAATCTCGAGCGTTCCAGTATGTTGGGATATTGTTGGCGCTGGCCACCCTCGCGGCGGGTTATTGGTATTTCTCCGTTCGCGCGAGTACGCTCAATAAGTCGCCCACCAGCTCCCTCACGAGTGGTCTGGTCGGTTACTGGACCTTCGATGGAGCGGACATCAGTGGCACTACGGCGACGGACCGGAGCGGCAATGCAAACAATGGCACCCTCACCAATGGCCCGACGAAGACCGAAGGCAAACTTGGCCAGGCTTTGTCCTTTGATGGAGTGGATTCAACGGGTGGCTACATCGGATTACCCGGAGTGGTGATGACGAACACAAACACCATTTCGATGTGGGTCAGAAAAACAAGCAGTTATTATAAAGCATTATTCACTCAGAATGTCAGTGTAGGAATAAACTGGTTAGGAGCAAGCGGAATCTGTGGTTGGGATGGCGATCGAATTAGTTTTACATATTCGGGTTCTGAACATTGCAGCACTGGGACGGTTGTAGCGAACGAATGGACACACATCGTGATTACGAATAACGCAGGGACGGCAACGTTCTACATCAACGGCGCCCAAAGTGGAACGACAACAAGCGCCCCAGGC
CP064975.1_gap2	118459	121226	2767	GGGACCGAAGGCGGCTCGCTGGGCATCCTCCTCCAACCCTCCGCTGATGCCCTCTCCGCTACCACGAGCTCAGGCTCTGGCCTCCAACTCCTCGCGACGGGTCTCACCTTGCTTCAGGGCTGTGCGAACAATGAGGTCTTAGCCTGGAATGAAACGACGGATGTCTGGAGTTGTGCCAGTATTGCCGGTACGGGTGGAGTCACCGGCACCGGAGCCACAGGTCAAGTCACCTACTGGACGGGCACGAGTACGGTCGCGGGTGAGAATCAATTGAATGTCTCTCGGGGCGGCACCGGGGTGGATGGCTCAGCCGTCACCAATGGGCAGCTTCTCATCGGTCACGATGCCAACAACAATTTCTCCTCGCGGCTCTGACCCAAGGGACGGGTATCACCGTCACCAATGGCGCGGGGAGTATCACGGTGGCGTCCACCCTCGGCACCAGTGTTGACCTCACCACCGAAGTCACCGGGACGCTCCCGGTCGGAAACGGCGGCACCGGGGCAGCCACCCTCGCGAGTAATGGCGTCCTCTACGGCAATGGTACGGGCATCGTCCAGGTCACCACCGCGGGCACCACCGGTCAATTCCTCGTCGCCAATGGTTCCGGGGTCCCGACCTTTGTCTCGCTGAGTAGCGATGTCACGATCAGTAATGCAGGGGTTGCCACCATCGCCGCCGATGCCGTCGCTCTCACCACCGACACGACGGGGAACTATGTCGCCAATGTTGCGAATGGCAACGGCATCACTGGAGGCAGTGCTGGATCTGAAGGGGCTTCCCTCACCCTCACCCTTGATCTCCTCGACTCCGCCGATGGCACGGGTTCTACCTCCTCTAACTCTGGCCTCGAGTTCCAAGGTGCGTCCTCCAATGAGCTCGCCCTCCTTCAGGGGTGTGCCGACAATGAAATCCTCTCTTGGAACAATACGACCAATGTCTGGCAGTGTGCCACCGTCAGTGGTGTCGGAGGCATCTCAGGCACCGGCACATCGGGTCACGTCGCCTTCTGGACTGGCACCTCTTCCCTTTCCTCGGAAGCCCAACTCTCAGTCAGTCGGGGTGGCACCGGCCTCGACGGCTCAGCGGCGGCCAATGGCACCCTCCTCATCGGTAATGGTACAGGCTACACGCTCGCTACCTTGACCGACGGCACCGGCATCAGTATCACCGAAGGCGCGGGCACGATCACGGTCGCGAGTACCCTCGGCACTTCCATCGCTGCGGGCGAAGTCGACGCCGACTCCCTCGACTTCACCGAATTCCAAGACACCCTCGACCTCGATGCGGCTCTCACCTTGAACCAAACCACCAATACCTGGGCACAGACCTTCACCGGCACAACGACCACGGGCTTTGCGTATACGGCCACCTCGCTCACCACCGGGAGTGCCCTCAACCTGACGACGACGAATACCGCCACCGCCAACACCGCCCTCACTCCGGTCAGCTTCAACCTGACCAATGCCCAATCCACCCTCGCCAACACCAATGGTGTCACGGGCCTGGCGGTCAACTTCACCAACAATCCATCTGTCGCCGGCAACAGCGAGTACGCCGTCCGCATCCAGAATCAAGACACAAACAATACGACCGACAATGCTCTCTCTGCCCTCCTCCTCCTCGACAATGCGGATACGACGACATCCGGCACGACCATCGTCACCGATGCCATCGCTATCACCAACAGTGGGGGATCAAACTTCACCACTTTCCTCAATACCCCAACCCTCGACATCAGTGCCGCCGGAGCGATCACGGGCGCGACTGGCATCACCTCCTCCGGCAATATCACCTTCTCTAGTCTCACGGCCAACAGCTTCCTCTACTCCGGTACGGGTGGCCTCCTCACCACGACCAGTGCTCCCACCAATGGTCAACTCCTCATCGGCAGTACGGGTGTGGCTCCCGTAGCGGCCGCTCTGACTCAAGGCGCTGGCATCACCGTCACGAATGGCGCCGGGAGTATCACCATCGCCTCGACTTTGGGGACGAGTGTGGACGGGAGTGAGATCACCGATAACACCGTCGAGGAAGTCGATCTCGAGGTAACCAATGCGCCGACGGGCGGCTATGTGCTGACCTATGATGCCGGTACGGGCGGCTTCACCTGGGTCGATGCGGGCGGTCTCGGCAATTCGAAGTGGACCGATTCGGGTACGCTCACGTATCTCACGCAGACATCTGACGATGTTGCTTTCGGCGGCTCGACCACGACCTCGGCGCGTTTCGTTTTCGATGTCACCACCGGCAATCAAATCCTCTTTGAGGGCACCGGCGCGGATGATGCGAATGAAACGACACTCGTCATCACCAATCCGACTGCCGACCGGACGATCACCCTGCCGAATCTGACTGGTACCGTCGCCACCATCGATGGGGGACAGACGTTCACAAGCGCGACCTGGAACGGCACAGCTATCAGCGCTCAATACGGTGGCACGGGTCTCGACGGTTCAGCCGCGGCCAATGGCACGCTTCTCATCGGTAATGGCTCAGGCTACACCCTCGCCACCCTCACCGACGGTACCGGTATCACTATTTCTGAAGGCGCAGGGAGTATCACCATCGCCTCGACCCTCGGTACCTCGGTTGATCTCGCCAGTGAAGTCACCGGGACACTCCCTGTCGGGAATGGCGGCACCGGCGCCACCACCTTCACGAGTAACGGCGTCCTCTATGGCAATGGCACCGGTGCCGTCCAAGTCACTGCCGCTGGCACCAGTGCTCAACTTCTCGTGGCCAATGGCTCCGGGGTCCCGACCTT
CP064975.1_gap3	153497	157867	4370	AAAAAAGACGCAAAGACGTCTAATTTCCGCAAAAACACAACGTAGCTAACCACCTTGATATTATCTTTTAAAAAGTCTTAAATCAAGGTTAGGGGGATTTCTTATGAGAATGAGTATGATACTGGACACCAGGAAAGCTTTTAATGCTGGCCGTTTTCAAAGCCAAGAGGAGTTCCTTGCCTTTCTGCTCGGCGATACACTGTACGAGCACAGAAATATTTATTTTCAATGCGATAGCCAGATCTATTATTCTATTGAGGAGAGCCTACGTGATAAAGAAAGGAAGAGATGTTTCCGCGTGGAAGTCTCTAGGCTAGAGGGCTATACCGGATATTTTTTTCTGACAAATATCAGCAGAACAGCCCTAGAGAAGAATGATTCCGAATGGCCGAAAGCAAAGATTAATCGAAGCCTGAAAAACGAGGCTCTAATGTTTGATACAGAAAAGTCATTGATCGCGGGGAAGACTGCCGTTAGTAAAATCAAACCTAATACTAAGGAGAATGGGCTTTGCGTCTTTTTGTTTAAGCAGAAGACAGACCACTTTGTTGATTGGTCTCTCTTTATGGAGCACTGCACTGGGAGTGAGTACAATATGACAAAAGATGACAAAGCAAAAAATAACAGTGACAAGAAGATGATTAAAGATACTATCGATCGAATAAACAAAAGGGTTCAGAAGGACTTTGATGTAACGGATGAACTGTTTCAGTTCGAGAGAAATTGTATCAAAAGAAACTTTTAGATAAGCCAAAAATCTTTTGTCGGAAGTGAGTCACGGGGGTAAGGCGTAGAGTTGGGGCATAAAACCTCAACTCTTTTTTATGCAGGACAATCACTTTTCTACTTCTGACTTTTACCTAGCCGCCTATTGTGTCGCCCAAGGGATGAAGATAGCAGGTATCAGCCGGAGCGGATCCGGTAAGGCAACTTTTCTTTTGGAGGGTGCGCCAAAAGGAAGAGAACTAATGAAAGAGTTCTTATTTAGTGACCCGAATGTAGAGGCCAAGCGTTTTGTTTCGGCAATCAAGGAACTGAAGCAATTACTTTATTCGGTAGCGTAGCGTGATGATCTCCATTGAAAGATGCCGACAACTAGTACCTGATCTCAAAAATCTCTCTGATGAAGAGGTTATTGAGATTAGAGAGAATCTCTATGAGGCAGGCTTGCTTGCTTTAGAGGTTTGGGCCGAAGAGAATAGTGGTTCCAAAAATCCCCCTTGGGTATTGCCCGCCAGGCCTTAAGGAGTACCATAGTAGTAAACAAAAATGAGTATGAAAAGTTCTGATACAAAAACTGGGATTATATACTGCCGAGTGTCTTCACTGGAGCAAGTGGAGGGCACAAGTCTTGGAACGCAGGAGAAGATCTGTCGCGAATACGCCAACAAAGAAGAGATCAAAATCCTTAAGGTATTTGTAGAAAAAGGAGAATCTGCAAAAACAGCTAATAGAACAGAGTTTAATAAAGCCATCGCTTTTTGTGCAGACAAGAAGAATCAAACAACTTTCTTCATTGTTCACAAAGTAGATAGGTTTGCGCGTAACCAGGACGATCACGCCATTGTAAGGAGTAGCTTAAAACGTCTAGGTGTTGAGCTAAGATCAGCGACCGAGCCAATCGATGAGACTCCTATGGGGCGTTTTATGGAAGGGGTCTTGTCGGCCACTGCAGAGTTTGATAATAGTGTCCGTTCAATTCGTACCACACAAGGTATGAAAGAACGTCTCAAAAATGGCATCTGGGTATGGCAAGCCCCACTTGGGTACCACAGACCCTACAGGGGTTCAAATCTCTTTCCTGAACCAAATATAGCCCCTCTCATTAAGCTAGGGTTTGAGGAATACTCAAAAGGAACCTACACCTACGAAAAGCTTGCCTTGTTTCTTTCTGAAAGGGGTCTTAGATCTAGAGCCGGAAAAGCTATCACTCCTCAGTTAATGGAGAAAATCATAAAGAACCCTCTCTATTGTGGAGTCATCAAAACCTGGGGTGAGTCCGAGGGAGCTTTCGAGCCCATCATATCGAAGGAGTTATTTTTCAAGTGCCAGCCGGAAGGCATAAGATCAGCACAACCGAATCCGCGCTCACTCAATAACCCTCTTTTTCCGTTAAGGCGTTTCATACAGTGTAGCAACTGCGAAACACCTCTTACAGGTAGTACGTCGAAAGGCAGGGACGGGAAAGGGTATCCATACTATCATCATCACCATAAGGGCTGTGAGGAGGCTAAATCTGTACCCAAAGAAGCTTTCGAGCAGCTCTTCATCCAATTTTTAGATGATATTTCTCCGGATGCAAAGTATGAGAAGCTTTTCAAGGCTATTGTTCTGGATATTTGGAAGAATAACTATAAGAGAATTGATGAGGAAAATGCCAAAATAAATAGAGCTGTTACTGCTTTAGAGAAGGATAGACAAAAAATCTTTGATCTCCATCGTTCTGGAAAGTATTCCGATGAAGACTTTGATGAGCAAAGGAAACTAATCTCTGTAAAGATAAATCAGAAACGACTCCTACTAAGGGAGAAATGGGATGAAGAGTTTGAAATGGAAAAAGTTTTAGACTACTGCTTTATCTATGTTCGAAACAGTGCTGAGGCGTGGAAGAAGGCCCGGTATGAACGAAGAATAAGACTACAGAAGCTAGTCTTCGCCGGAAGGATAGATTATGACGGAAAGAAACTTGGAACCACCGAATTACGGCAGATCTATCGGATAAATCAGGCATACCAGTCTGATAAATCCTCTTTAGTAGCCCCAAGGGGAATCGAACCCCTCTTACCAGGATGAAAACCTGGCGTCCTAACCGATAGACGATGGGGCCGTCCTGCGCTAAAGCTTCGGAACGGCAAGCCTTCAATAGAGACGAAAAAAGCCTCTAGAAAGGCATGGCTACTGTATCATACGGGATGATTTTGGCAAGCCACTAAGAGCGATGAGAGAGCAGAGTTGACAGCAATCGTATACCGTGATACACTCCACAAGTTATTTTGGTTCCTTTTTCAACAGCAAGACCTCAAGGGGGGTAGAAGATGCAGGAAATAATTCAGCAGGTGAACCAGCTGGCGATGCTGGTCGGCTACGGGGTTTTCGTAGCGGGTGCCGGGTACATCGCCTGGCAGGCAAATCGAGCCTTGGCTCGCCGCCGTAAGAGGAGGCTTGCCAGTGCTCCGCTGGAAACAGTACTCTTCAACCCGTTCGGAGAGCAAGAAATTCCTCTCGGGACCGAAAGCTGGGGAGCGGCGGCTGCAATGCAGAGCCAGACGAACAACTAAACGCCAGTCAGAACTAGAAGGCTGGCAAGACAAAGATCCCTGCTACGCATTGCGCGGCAGGGGTCTTCACTTTTTTACTCAATTTTCCGCGCGGTATTTTGTGATGAGATCAGCGTAGAGCCGGGCGCTCGGGCGGATGGTGCGTTTCTGGGTGATGCGGTCGACATGGACGAGGCCAAATTTCAACCAATAGCCCTTGTCCCATTCGAAATTGTCGAGGAGCGACCAATAGAAGTATCCACGGACATCGACACCGTCATGGATCGCACGCTCCATTGCAGTCAGCGCGGCGGGGATGAACTTCTGGCGCAGTTCATCGCTTGCATCAGCGATACCATTTTCTGTCACATAGATCGGCTTGCCATATGACTTCAATTCGACGAGGGCGTGGTAGAGCGACTCTGGATAGTATTCCCAGCCGAAGTCGGTCTGGATTTTGTTTTCATTTTGGTCGAACCAGCCGTCGATGCGGTGGTGATTGTAGTGATTGAGCCCGATGAAATCTTGCTCAGCGTCAATCTTGTTGAGGAACCAATGATTCCAAAGCTGATCAGCAACTTTCTTGAGCAGGCGGTTCCACATCGTACTGCCTGCTGCTTCGAACCAGATATTATGTTTGGCGATACCGACTTCGGCGTGTGGGAAGTGGTTCTTGATGGTTCGGTAGGCGAGCCGGTGGGCACGGATCAGGTTGCGGAGGACAGCGAAATACAAAATTGGATTTCTTCGTTGCGGAGGCCAAGCGCCTTTCAGATACCCATGTGAGGCGACGACATCGGGCTCATTGAGCGTGACCCAATACCGTACGTCATTACCGAAAGCCAAAACCATTTTTTCAACGAAATATTCGAAGTAACATGGAAAATTTTTTGCGGCAATTCCACCCTCTTTGGAGAGCCAGAGCGGGAGTGTCCAATGCCAAAGGGTGACGAAGGGCTCGATACCTCGGGCGCGGAGAGCCTGAATCATTTGTCGGTAATGTTCGATGGCGGCTTCATCAAATTTCCCCATTTCTGGTTCAATACGCGACCATTCGATGGAAAAACGATAAGCACTGAGGTTGAGTGATTTCAGAATGTCGAAATCCTCCCT
CP064975.1_gap4	261594	262105	511	CTTCGCCAGCATGGGCGAAATCCCGGTCGTCTATCGGAGCCGCATTTCAGAGCGGACCTTGGACGGTCGCTGTTGAGTACCAGCAGGGGAAGAACCGACAGCCATTCATCGACCGCGGGTATTTCAGGAGTAGCGGGAAGGTATTCGCTGGTCTACAGTACCAGTTTGACAAGTCCACCTCGGTGTACATGGGGGTCTCGAGCAGTTTCTCAGCGGGTCTCCGCTGGGTAGGAAAGGAGGGTGATGAAGCCGCCCTTACCTTTGCTGGGTCTCCCAATGGGGAGATGCGGAAATTGTTCTCTGGTTCGTCACCGGAGAATCTCCGAAATGTCATCACACTGACCTATCGGATACCACTTGGTCCGTGGTAGGAGAGAACGGAAAGGATTTTAGGGTCACTACTCTGACCTGCCGAATGCCCCTCGCCACGCTTGGCAGAGGGGTTATTTCTTGGTAAGCGAGCAGTACCTTTCCTGTGGTGCAGCCAAAAGAAACCTTTCTCGCTCGTCCC
CP064975.1_gap5	316930	317790	860	ACCGCTATTCTTTTCTTCGCCCTGCTTGCAATTGTCGTATGGTGGCAATTAGATAACCCATATCTCGCCGTGGCTATGGTTTCCATCATTGATGTTATTGGGTATATCCCTAGTTGGCGGAAATCTATTAGCGCTCCCTGGTCTGAAGCAGTGTCATCGTGGATAGCTTCCCCAGTTGGGTATATCTTTGCCATGCTTGCGCTGATGGAATACAATTTTCTCACCCTTACCTACCCCGTATTACTTGTGCTGGCGAACCTTATCCTAGTAACGATTTGTCTTTACTACAGAAGAACAATTCCTAAGCCACTACCAATAGGCTCTAAATATTGTCTGTCGGATGGGATAACTAAAAAGAGCCTTACAAAAGCCTCTTTTTAGTGCTCGTAAAGTACGCGTGCTATATTGAGTATGTATTTATGAAGAGACAAACTTAGCCATATGTCGATTGAATCGAAGTTTTATGCTGTTCCGGATGAATCCAGGATACCTTCAGGAAAAAAAGATAAGGTGATGACTGAGGTGGATAGGTTGCAAGGGACATTAGAAAGGCTATTTCCCATGCCATGCAAATACGGTGCATGTGGGGTTGGGGAGTACTCGGGGGTGACTATAATGGACCGCTTGATCGACACGGAAGAGACCAGAATAGGAAAAGCCCCCACGGACAAGGCAAAAGAACAGCTTACAGGCGTTGCTAACAGAGCTGTGGAAAATAATAACCCGCTTGCTTTGGTTGGAATTTATGGAACGCCCAGAAGTTTAGATCGACCGGAATTAAATGTTGCTCAGCTTGCGGATTTGTCAGCTATTATGATGGTGCAGGCAGCCATGGATCGGATTCATTCAGCTCATTCTCC
CP064975.1_gap6	354288	354941	653	ATATGCAGGTGATCGCTGCGAAAGCGGTCGCGTTTGGCGAGGCGCTCCGGCCAGAGTTCCGCCGCTATGGCAAACAGGTCCTGAAGAATGCCAAGGTTCTCGAGCAGGAGTTGCACAAGCTCGGATTCAAGTTGCTCTTTGGCGGGACGGAAAATCATATGGTGCTCGTCGATACGGTCGCCAGTCACGGGGTGCCGGGGAAAGTCGCACAAGAGCGACTTGATGAAGCCGGGATCACCGTGAACAAAAATGTCATCCCGGATGATCCACGCGGTCCGATGGATCCGTCGGGGCTCCGGATCGGCGTCCCAGCGCTCACGACACGCGGGATGAAAGAAAAAGAAGTGCGGCAGATCGCCCGCTGGATCGATGCTGCGCTCCGTTCCGAGGGCGATGTCAAGGTACTGGGGGGCATCCGAAAAGAGGTGAAACAGCTGTGCAAAGAGTTTCCGGTGTATAAATAACAAACAACCGACAACAAACAACCGACAACGAGTAAATCATTTCTTTATCAGTTGTAGGTGGTAGGTTGTAGGTGGTAGGTTGAATTATGAAAGGCATCATCCTCGCAGGCGGCAACGGCACCCGGCTCCTGCCCCTGACCGCTATCGCTTCCAAACAACTCCTCCCGGTCTATGATCGGCCGATGATAT
CP064975.1_gap7	373815	376749	2934	CGCGGTTTGGAAAAGACCTATGAAAGTGATGGCGTTGCAACGCGCGCACTCATCGGGGCGAATTTTGCAATCGAAAAAGGCGAGTTCCTCGCGATCATGGGACCATCAGGATCGGGCAAGTCGACCTTGATGCAGGTTTTGGGCTTGCTCGATCGGGCGACGGGTGGAGAGTATTTCCTGGATGGCAAAGATGTGACGAAGTTTTCCGATGATGAACTGGCGCGACTCAGGAATAAGAAGGTCGGGTTTATTTTCCAGGCGTTCAATCTGTTGCCCAAGACGACGGTTTCGGAAAATGTTGAGCTTCCGCTCCTGTACGATGATGCCGCTGACGCGTCGAATCACGTGCGGGTCGAGGCGGCGCTCGAAGCGGTCGATATGACTCGCCGAGCGAATTATCTTTCGAATCAGCTTTCCGGCGGGGAAAAGCAACGGGTTGCTATCGCCCGCGCTTTGGTAAACGATCCGGACATTATATTTGCGGATGAGCCAACCGGAAATCTGGATTCCAAAGCTGGACTCCAGGTGATGGCTATCTTGCAGCGACTGAATGAAGGGGGGCGAACCATCATTCTGGTAACGCATGAGACCGCGACGGCAGAGCATGCGAAGCGCATCCTCCGAATGGTTGACGGGGAAATCATCGCGGATGAAGCGGTCGAGAAGCGGCGAATCGCGAACAGCGAAACCGAGCTGCTCAAATAGTACCGGGTGGAAAGATGGATTTCGGTGGCCCGCAATGAAGAGTCTATGAAGATATCAGATCCGATAAAGATAACGTATCGATCGTTGACAGCCTCCAAGCTGCGCTTTTTTTTGACCGTGCTTGGAGTCGTGATCGGGGTTGCAGCGGTGATCATGGTGATGGCGATCGGGGCGAGCGCTCAGAGACTGGTGCTGTCTCAGATCGAGGGTGTCGGATCAAATCTCGTCGCCATCTTGCCTGGGGCGTCCGAAGAAAAAGGTCCACCCGCTTCAGCGCTCGGTATCGTAACTACGACCTTCAAGAACGAAGATCTGAAAGCACTTCGAGAGCGCCGGAACGTGCCGCATTTGTCAGCTGTATCTGGATATGTGAGTGGCTCGGCGACTATCGAGTCCGATACTGAATCTTTTGAAGCGAGTTTTCAAGGGGTTTCTCCGGAGATGATCGCCGTCGAGAATATCAAGGTGGCCCAGGGGCGCTTTTTCTTTCCGGAAGAAGAAAACGATCTTTCGCGGGTAGTAGTTTTGGGAGCGACGCGAGCGACGGATCTCTTCCCTGGTCAGGATCCGATCGGTCAGGTTGTGACCATCAAGAAAAATCCTTTTAAGGTAATCGGCGTTTTGGAGGCGCGCGGCTCGGCAGCTTTTTCCAACCCCGACGTGTTGGTGTACGTTCCTCTCGGGACCGCCCAGAAGATCTTGCTCGGAATCGATTATCTCAATTTCGGCCGCGGCAAAGTGGATGATCCGGCCAATATCGAACGGACGCTTGTTGATATGACCCTTCTCCTGCGCAAGCGGCATCATCTGGAAGATAGCGAAGAGTCGGATTTTTCAGTGCGGAGCACCAAAGCGGCGATTGGTATCCTGACAACCATCACTGACGTTCTGAAATATTTCTTGATCGCGATCGCCTCTATCTCGCTTCTGGTAGGCGGTATCGGAATCATGAATTCGATGCTGATTTCGGTTTCGCAACGCATACGCGAGATCGGCTTGCGGAAAGCTGTGGGTGCCCGGCCGTCGCACATCATCACGCAGTTCCTCATCGAGTCCTCGGTGATCACTCTGGTGGGCGGCTGTATCGGCATCATATTTGGCATATGTATAGCATATGTCGCTGCACTCATCATTCCGCGCCTGGGGTATGAGTGGCAGTTCCTGGTCCCGCTTTCTTCCGTGGCTATCGGCTTTTCGGTTTCATTGGTTATCGGCATTACCTTCGGACTGTATCCTGCCTTCAAGGCGTCCAAGGTGAGTCCGATGGAAGCGCTTCGCTATGAATAAAAGACGCTTCACCCCATTCCTTTTCGCTGTCCGCACCATCCGTACGCATCGAGCACGGACGGCTCTCGCCTTGCTCGGAGTAGTGATCGGCGTATTTGCCATTGTCGTCGTGACCGCGCTCGGTGACGGTGTGAAGGGGTACATACTGGGGCAGGTCGAAAGTTTCGGTTCGAATTTGATTCAAGTTGAAGTAAAAATTCCAAACACGACAGCGATGTCAAGTGAGAACTCGACGGGACGGGCGCAAGGGACGCAGATTACCACGCTGACCGTGAAGGATGGTGAAGCGATACAAAAAATTGCCAATGTCGGAGCAGTTTATGCGGGCACCATCGGTCAAGAACGAGCCACCTATGGTTCGGTCGGGAAACGTATTTCTTTGTTTGGTACGGGCCCCGATGTCGCGCTCGTCGATCAGAATCTCAAGCTGGCCAGTGGGAGATTTTTTACAAAAGAGGAAGATGCAAGCCTCGCGCAGGTGGCTGTATTGGGGAGCGACACCAAGGACACGTTTTTTGGATCGAGTGATGCGGTGGGGCAGTATATCACTTTGAAGGGTGAAAAGTATCGGGTGATCGGGGTGCTTGAGTCACGCGGGGCTGTGGCATTCCTTAACTTCGATACCTTCACTTATGTACCGGTACAGACGTTGCAGAAAAAACTGCTCGGGGTGAATTATGTTCAGTTTGTCTCGGTCAAGATGGAAGACGCAGCTCGCGAAGCGGAGACGGTAGCCGATATTGTGGCACTCCTTCGGAAACGGCACGACATCACCGATCCAGACCAAGACGATTTTTCAGTGACATCGACCAAGGAAACTCAAAAAACACTCGGGGACGTACTTGGCTCGCTGTCCATTCTCCTCCTCGCTCTGACGTCTATCTCGCTCGTGGTGGGCGGTGTTGGAATTATGAATGTCATGTACGTGTCTGTTTCGGAGCG
CP064975.1_gap8	388761	392574	3813	TCCTGGCGGGTGTCGCTACGAGCAAGGGTGAGGCGCGGCGCAAGATCGAGCAGGGAGGCGTGTCGGTCAATGACACAAAACTTGAGGATTTTCTGGCCACAGTTTCAAAAGACCAAAATGGCGCCGTCGTGAAAGTCGGGAAGAAGGATTTCTTTCGAATTATCCTTTAGTGCATGTATGTCACTGGAACACCCCGTCGAAGCGGGAAAAAAGAAAAACGATTCCGAGAAGGCGAATCGACAGCGAACGGTTACGGGGTCCCCAGAGCACGAGATGACTCGTCAGAGGATGGCATTGCTTGAAAATATCCGGAAAGAACTGAGGAGCACGACGGATGCGTTGGGGGAGCCGATTGAAGCGGGGATTTTCGAGACGGTGGCGATATTGAATGCGCTTAAATTTCCGACCTATCAATCTTGCGAGGGGCATCCGGATGGAGGGGGTGAGAAAGGGCGCATGAGTCCATGGGTCGTCGTCCACCCAGAAGAGCCGGAGCAGTCAGATTGGAAGGAACAAGAGTCGCTCCGGACACAAGTAGTCCAGATGAGTGAGGCACTGCAGAATAGACTAGTGAAGTTATTGGATGAATTCTACCTGAAACGACAAGCCTTTCCTGATGTCCGGCTGGCGCTGCGGCCCTATAACTATGGGTTCTCATTGGAAAGCAAAGGGATGCAACTGTTACCGAATCTGAAGACAATCGAGGAAAGAACGAATCGCAGTGCGCTCTATCGGAGGGAAATGGAGGATTTCACAGCGTTTCTCCAATCTCAGTTTTTTTCCCAGGAAAAATAGCACGCCCTGTCTTTTGGGTAGTGTGGATGGGACCTGTGCGTGAGTGTTCTTCTTAGGGGTGGAGAGTAGAATTTTGACCGACGGGGAAGCAAACGATAGAATGACACTATGACGCTCGATCGACTGGAGGCAATAAAGAAAGAGGCACTCTCCGCGCTCGCCCTGGTGGCGGACGAAGCGGGTCTTCAGGCTTGGGAAAATACGTACCTCGGCCGAAAAAGTGAGTTCAATACGCTCCTCCGGGGAGTGAAAGAACTCTCGCCCGAGGAACGGAAAAAAGTTGGCGCTGCGGGGAATACTATCAAGCGTGAGCTGTTTGAGGCGTTCGAAGGAACAAAGAAAAAGAATACAATGACGGTCCGGGCTTCGGATACGGAGCGGATTGATGTGACACTGCCGGGTGGGGGGGATGGTACAGGACACTTACACCCGATCACGCGGATCGAGCACGAGATTGAGGATATCTTTGGCTCGATGGGATTTTCAGTGGCCGATGGTCCCGAAGTCGAGAGCGAGTGGTACAACTTTGATGCGCTGAATTTTCCACCCGACCACCCTGCGCGCGATATGCAGGACGCCTTCTGGCTCGCCGATACGTGGGGGAAAAAGAAATACTTGCCGCGTACTCACACGTCTTCCGTCCAGGTTCGGTACATGGAGACGCACAAGCCACCGTTCCAGATCATCATCCCAGGTCGCATCTTCCGTAACGAAGCGACCGATGCCTCGCACGAGCATACTTTTCATCAGTTCGAGTGTTTGGTGGTCGGGGATACTGTCTCAGTCGCAAATTTTAAGTCGGTCGCAGAGACGTTCTTCACCACATTTTTTCAGCGAGCGACGACGGTGCGGCTTCGGCCAAGTTTCTTTCCCTTCACTGAGCCGTCATTTGAGTTCGATGTAAACTGTCTCCTCTGTAACGGTCAGGGCTGCCCGGTGTGCAAGGGGACAGGCTGGCTTGAAATCGGTGGCGCCGGCATGGTCCATCAGCATGTCTTCGAAGCCGCCGGGTATCCCAAGAATCGCTATCAGGGGTTCGCCTGGGGCTTCGGTCTGACCCGGCTCGCGATGATGAAGTACAAGATTTCCGATATTCGTCTCTTCATGTCGGGGGACCTTCGTTTTATCCGCCAATTCTAGTTTATGCTCTTTTCTTATCACTGGCTCAAAGAGCTCTCGGGCACGAAGAAAACACCTCAGCGCCTGGCGGATATGCTCATGGCGCATGCGTTCGAAGTGGAAGCAGTGATGCCGTACGCCCATGGTCTTTCGGACGTCATCATCGGGAAAGTCATGACCGTGAAGCCGCACCCGAACGCTGATCGACTCCGGGTGGCAACCGTCTCGACCGGCAAGAAGACTATTCACGAGATAGTTTGTGGTGCCCCCAATCTCGCCGCTGGTCAGAAAGTTGCCGTGGCTCTGCCGGGAGCGAAACTCCCGGGTGGAATTGAAATTAAATCAGCTGAGTTACGCGGGGTGAAATCCGACGGGATGATCTGTTCGGCGCATGAACTGGGACTCGGGGATGACCATGCGGGTATCCTCGTCTTGCCTCCGGATGCACCACTAGGCAAGAGCTTTAGCGCGTATGCGGGGCTCGAAGATACCGTGCTGGATGTGAAGGTACTACCGGACCGCAGCTGCGATGCGCTCTCGTACCGAGGGATGGCCCGTGAGATCGCCGCTCTCGAAGGCGGAATCGCTACCTTCCTTTCGTTGACGAAGCGACCCGCTCGTCTGCGGAAGAGCGCCAAGGTACCGAAAGTAACCCTCAGGACCGATCGCGCCAAACGCTATCTAGCAATCCGGATGGACCACGTGACACCGAGTCCGAGCCCGCTGCTCGTTTTGGCACGGCTCAGCCTTTCGGGCATTCGTCCTAGACAGGCGATTGTCGATCTCACCAATTACCTCATGCTCGAGACAGGACAGCCGGTGCACGCCTTCGACGCGGACGCAATTCCCAAGGGAGGTATCGTCGTGCGTTTAGCGAAAGCGCGCGAGCGACTCTTGCTTCTCGATGGTACGCAAATTGCTTTGTCCAAAGACGACATCGTCATCGCAGACACGAAGAAGTCGTTGGCGCTCGCCGGCGTGATGGGAGGAAAGCATTCCGCGATTAGTGAGAAAACGCAACGGGTGGTTTTCGAGATCGCAAGTTTCGATGCTCCGAGTATCCGTCGGACGGAAAAACGTCACCGCCTGCTGACCGACGCGGCCTATCGGTTCGAACGGGGTGTTGACGTCGATCGCCCGGGCGAGACAGCTCAGCTATTGGCGACCTATGTCGAAGCGTGGGGGATCGGGCAGGGACTGACAGTCCGTGACGTCGCTTCGCGCCCCGGGAAACCAACCGTTATCCTCCTCGAACTGGCCTATCTCGAACGCCTACTCGGGACGAAACTTCCGCTCTTCCAGGCCGTCCAGTATTGCGCCTGGCTCGGTCTCACCGTGAAGAAGGTGCCGAATCAACCAGTCCTCCGAGTAGTCGTCCCGTCCCGGCGGCCGGATCTTCGCAACCCGGAAGACCTCATCGAGGAGATTGGCCGACTTCATGGGTACCACACCATCGATCCACTCCCGCTTCTGCGACCGGCGGTGCCGCTAGTGCGAGATCCAGCCAAGACATTTGAACGCACGGTCAAGACAACACTCGCCGCGATGGGCTTCGACGAGGTCATGTCGTACTCGTTCTATGGAGAGAAGAGTCTCGCCCTTGTTGCGCTGCCGAAGGAAGAGCATCTCGCGGTTGCCAATCCGATGAATCCTGAGCAGGCATTCATGCGCGCGAGTCTCTTCCCTGGGCTCTGTCGGGCTCTCTCGGCCAATGCCAAGCAGAGCAATCGTCTCAGTCTCTTCGAGTTCGGAAGTGTTCATAAGCGAGGGGACGGTGGTCCGCAGGAGGAGAAACACGTGGCATTGGCCGTCCTCACTCCGGCAGGAGATTTGGCCGAAACAGATTTTCTCCGTTTCAAGGCCCGGGTAGAAGCGTTCTTCCAATCGGTCCGGGTAGAA
CP064975.1_gap9	397231	401145	3914	ACAGTAGGGGAAGAGGTCTCGACACGATGAGCTATAGCGACGGTATCCTGAAAAGAGTATGAGCACAATGAAAAGTCCGGCAAGTATAATGCCGGGACCCTTGGTGAAAACTCCAATGAGTGTTGCGACAAGAGAGATGCCGACCGATTGAATTGTCAGACCAGAGGAAATCCAGAGGACTCCTCCATAAAAGAACAGTGAGAAGGCGAAAACGAGGAGGATATCGATGTTGACGACGGAACTCGTGGCGAGGAGCATCGGTTGAAAAGCGATGAGTGATGCAAACAGGGAGGCGATGATGGGTGACCAACCGAGTCGACGTGCGCTTAAATAAGCAACGAGAACGGTTAGGGCCCCAATGGCCACAGAGAGCAGACGAGCGAAAAAGAGTCTGTCAAAGATGGAATTGTCTGAAAACAGTCTCTCAATACCTGAACCGAGCCAATAGTAGAGTGACCAGGTTCCGGAAGTGTTTGCTGGGTAGGTGTCGATATACGGTTTCCAATTATTGTTCCGAATTTCATTTTCGGCAGGACCTTCTCGTGTTGCGGAAAAGTGCTGAGTATTGTTGGGTTGCCACTTGATCTCATCGAACTGCATCCGATAGACAGTCTCTCGGACTTCTTCCGAGAAGCGGTATGTACGAATGTCGTCACCCTGGTTGAACTCGTGACTTTCAATGGTAGGCCAGGTTTTCTCGCTCGGTTCTGCCCAATGCTGGATGGTGGCGTAGTGGACCTGCTCATCGGGACCCTGGAAAAACGGTACGAGGAGCGCGATCCAGGTTCCAAGGATAAGAAAAAGTCCGACAAGCGGCATCCAGATGAACCGTTTTTCTACTCCGCGAGTGGTCGCTTGCTCAGTGGTCATATATGGCAGTATACTACCAACAATGGCTTTATGAAAGCTTTTTTGTTGTATGCTTGATCGGTACGATTCAATTCTTATCGGTGGATCTGGGTTTGTTGGTACTCAATTGGGTGCACATTTGGCCAGAACTGGTGAGCGGGTTTTGAATGTGTCTCGGCGCCCACCTGCAGAGCCTTTAGCCGGCGTGGATTTTGTCCCGATAGATTTTGAAAACCAAGAAGCAGTAGCGAGCTTTACACTCCCTCATGCAGATTCGATTATTATATTGATCGGACAGATTGGCCCAGGTTTCGATCCTGAGTCCGACCGGCGTGCACGCCGAACTATTATTGATCTTGTGAACGCTCAAACGGAGCTGATGAAAGTGCTGTATTGCTCAACCACCCTCGTCTATGGCAACAGTGATACGCCAGCGGAGGAATCTGATCCGCTTCAAGCGATCGAACCATATGCGAAGCATAAGGCGGAAAATGAAGATTTTCTGAAAAAACATCTCTCCCCGAGGCATCACCTCGGTATCCTAAGACTGTCCAATGTTTTCGGGGATACCCGGAGCCGGGGATTCGTATCGCTCGTCATGAATCGAATCCTCGCATCCAGTACGGAGAAGTTTCGAGTCAATGGTGATGGGAATCAGGAGCGTGACTATATCTACATAGACGATCTAGCAGAGGCGATTGCGAGCGTCAAAGCTCGTCTCGTAGGAAATGATACGGTGAATATCGCGACAGGGGAGAGTCGGACACTTGTCTCGGTCCTGGGCACGGTCCAGTCGGTATGTAGTGAAAAGCTCGCATTTGAAGTCACTCATGAGCCAGTGCTCGAGGCAACACGGATACGGGTTTCCAATATGCGCCTCTGGGAAAAATATGGCTATGTCCCTCGCCATACGTTTGCCGAGGGTGTGGCGCTGATGTGGAAGCACTCACGGGCTATCAAGATGAACCATCCATATTAGAAAACAGATTATGAACCAGCACAATATACTGATTGTCGGAGCAGGTCGAGCGGGACGGATTCTTGCTCGTGACATAGCTACTCACCATCACGATTGTCACATGGTTGGTTTTGTCGACGACAACGTAAAGGTTTCTGGAGCAGTACTCGGAGATATTAGCGCGATGCCAAAACTCCTGAAGCTGTGGCGAGTCGACGAAATCATCATCGCTATTCCATCGGCTGACGGTGCACTTATCCGTCGGATTCTGCTTACAAATATCAAAAACCGGATACCAATCCGTATCGTACCGCGTGATCAAAGAATTATTAGTAAGAGCGATGTACGGTATGCAGAGGTCCGTTCACTTGATCCGGAGGATTTTCTCGGTCGGCCATTCAAGCGGCAGCATGTTGACCGGCTGACTGATTACTATCGAGGAAAGACGGTGTTCGTTACTGGCGGAGCAGGATCAATTGGCTCAGAGATCGTCCGTCAGCTTATCGATCTCCAGGCGAAGCAAGTCATTGTGTATGACAATTCCGAATACCTCATTTTCCTTCTCGAGCAGCAGTTGAAAGAACGTGGTCAGCGCGATAAGTGCGAACTTATCGTTGGGAGTATCCTGCATGACAATAAGTTACTCGCGCTCCTTACTCGTTTCAAACCGGATATCGTTTTCCATGCGGCAGCGTACAAACATGTCCATCTCATGCAGGACAATATCGACGAAGCTGTCTATAACAATGCCATTGGTACGCGGCGGGTCATTGATGCGGCGATGGCTGCTGCTGTCCCGCAGTTCACATTTATCTCGACGGACAAGGTCGTCAACCCGACGAGTGTGATGGGTGCGACAAAAAAACTTTGTGAATACTATATTCAATCGCTTCGAAATACAAAGACAAAATTCAATATTGTCCGTTTCGGAAACGTCATCAATTCGAACGGGTCGGCTCTGCCACTTTTCGAGCGTCAAATGGAACTGCATGGTTATGTAACCGTGACCCACAAGAAAATGCAGCGTTTTTTCATGTCGATCCGCGAAGCGGCCTCACTCGTCATTGAAAGTACGGCGGATGGAAAGCCGAATGCAATCCATATCTTGAATATGGGCGAGCTCATCAATATCTACGATGTGGCACTCTGTCTTATCCGTTCCAGGAATCATGTGCCTGATGAGGATGTAGAGGTTCGGATTACTGGGCTCCGGAAAGGGGAGAAGATGATCGAGGAACTCTACACCGAAACAGAGAAGGGGAACCTGCGTCAACTTAAAGGTGGTAAAAGTATCTATACGTTAAAGAATGAAGAAGAATGTCCAGTCGATATTGTCAACGTGCTGAATGAATTAGAGGCTATCGTAAAAGAAGTGGATGCCAAAGGTGATCTTCGAAAAAAAATTCGCCAGATATTTCCTTCACTCAAAAAGATCTAAGTCTCATGTACAAGCAACTTGTAGATTTTACAAGTAGAATATTGAAAGTAGACGCGGGATATTTTTTCCGGAATGGATTCTGGGTGTCATTTCGTTACGCCTTTGTTTCAATTATTGGCCTAGCGACGACAATTGTGTTTACGCGGATGGCCCCCAAGGAGGTGTATGGCGCGTATCAGTACATCCTCTCTTTTGTTGCTTTCTTCTCTTTCCTTTCTCTCCCAGGGATGAATATAGCTGCCCTCAAGTCTGTGGTGAATGGTAATGACAGTGCGGTTTTCCAGGCGATTAAGTGGAGTTTCCTTTCCGGACTTCTCGGTATCCCATGCATTATCGGTTACAGACTGTATTATCAAGGCACGCAGGAAATACCAGCAATTCTTTTTATTATTATTGCCCTTGCTTTTGCCCCATACTATGCACTCAATACGTGGTACGTATTCTATGAGGGTCGGCAAGACTTTTTTTCAGTCGCCTGGAGAGCACTTTTTGCTGTAGTAGTTAATTTCCTAGCGCTTTGGATCGCACTTTTATTTGATGCGTCGCTTACGATGCTCATAGCAGTCTATTTCGCTACGGGAATCATTACTTCAGCAGTATTCTGTTTTGAAATATGGCTCAAAACAAAAAAGAAACTCCCATCCGTACCTCCTTTATCCGAAGACAAAC
CP064975.1_gap10	438176	439257	1081	GAGAGTGGATAGCCATAGTCGCGGTGGAAGGAGAGCTTCATCCAGGCGTCGGCGGAGAGGTAGTTGTGGTCCTTCAGGATCATGGCGCCATCGGCGTGGTCGGCCAGGTAGCTAGTCGCCGCAAAGGTCTGGACGAGTTCCTTTGAGCGGTCCTTGGTGCTGAGCGAGCTCGCATTGTCGAAAGAGCCCGAGCCGACGAGGAAGACGAGGATAGCAGCGGTCGCGAGCATTCGGAAATCCACTGGGAGGTTTGATCGACTCCAGAGCGCGCCAGCGAGCCAGGTGAGTGCGAAAGCGGCCGCGAGCGCGAGCGGATAGGCCAAGTAGCTCCCGATGCGGCTCGAAGGGATATCGAGGAGGAGAAGATGCGGATACATGGCCATGACGAGGAGGATGCCGCCCCAGCCGATGACAAACCCGCTCTCGATCGGTCGGCGGCGGACGAAGCCAAGCACGAGAAGAATGCCAAAGACTCCGAGCGCGACTTTTCCCATGCCGATGGAGTTCGAGACTTGGAAGAAGGAAAGCCCGGTGCGCGTCGTTTTGGTCGGGGTGCCGATAGCGGAATCGATCGCGGCGGTATCGAGATAAGTCGGGAGCAGGGCGAATCCCATGAAGAGTCCGGCGAGGAGGAGGACTGATAGTACTGCTGGAGAGAAAGCGAGGCGAAGCCAATCACGGAGGAAGTTACGCTTGCTCATCATGAGGCCGAGCGCCGTGATGGCGATCGTGCCAGCGAGGATGAATGCCAGGACAAGGGTCGAGAGATGATGAGTGTAGGCGAGGATGAACGCGAAGAACAGCCCAACCGCGATGAAGACCGAACGTCGCTCATGGAGCCCGCGATAGAAGAGGAGTAGCACCGCCGGGATGAAGAGATTGCCAAAGAGATTGCCCACGACGCCGCCAGTCACGAATTTCGCCTGGGGTGAGGCCAAGGCGAAGAGCGGCCCGAGGATGAGGAGAACAAAGAGTGCGACATACTCGGGACGGATGTCTTTCTCGAACGGCTGCGCGACGCGAAACGCGAGCGCTGTCACTGCGAGGACGGAGAGGAGATTGATGATATGCAGGAAGAGAA
CP064975.1_gap11	440551	441678	1127	TTGGAATAACGAAAGCACGTTCGGGCGCGATACCGATACGGAGGGCGACTCGTTTCGTTTCCTGACTCACGCAAATAACACCATCGAGGGCGCACAGCGAAGGAAAGTGAAAGAATCGGTAAACGCGCGGCAGGAAGCCTGACTTTTCGGCAAAGGTGAGATCGAGGCCATGGACGACTGATACGACTGCTTTTCGTGGAAAGAAAATTTTCGCGATAGCACCAAGTGGCGCGAGGACACCGTCACCGAGGAGGAGGGCATCATGACTTGGGAGGAGGAAGAGAGTTTTGACGAGCGCGAATGGAAAAAATATCGGAAGGAAACTCTTCCCGCGGCGGTTGGCGATGAGAGTCAGCTCGCACTGACCCCCAAGAAAACGGGCGAGGTCAGCATTCTGCTGCTCGATACCGCCGATGGTCGGTGGGAACGCACGTGAGACGAAGAGAATACGCATACATTCTGAAAAATCAATTAGGAAGCGTTTTCTATGATCTTCCAGATATAAGCTAGGGTTTCTGGAGGGTTGAGATTATCCGTCTTGATAATGATTGCGTCCTTTCTTGTTGTAAGAAATTCTTTCATGGCATTGTGGAATTCGATAACAGTCGTAGGGGTAACTGATCCATCTGGTCGAAAACCCCTCTTTTCAGCACGCTTCATCAGTGTATCCTCATCAGCCATAAGAATGAATTCGAAAAAAATCCCGCCTTGTGCCAATGTTACAGATCGATAGATATCGATTGCTGATGCCATTTCTCCATAAGAAGGTTCATCAAAGAGCATCTTATCAATTACGACATCGAAACCGTCAGATACAGCTTCTTCAAGAATACGTTTTGTGAATTTTCGCGCAACCGGGTAGCTTATTTCTGGGAATTGCTTTCTAGAAGTTATCAGATGTCGAATCTCATCTATATTGATTCGTATGCACGGCTGAGGAAGCTTTTTGCATAAGAGCTCAACAAGCGTTGTCTTCCCGACCGCCCCAGGTCCGTTTATCAGGATAACACGAGGTATTCTATTGGTCTTTGTCATAAAATAATCAGAAACTCATTTTAGGCCTGAGATTTTTCTCAGATATTCTTGCTTCTTTTCTGTCTTTCCGCTTGTCAATGATTGTTCGTAGC
CP064975.1_gap12	443350	448340	4990	AATACACCACGACGGCCATACCCGCGAGCCAGATCAACAATCGCACGAGGCCGAAGATCATAGTGGTTAGGCGCGGCCGATGCCGTGATAGCGGATCCCGTGACGGGCGAATTCGGCCTTGCTGAAGGCGTTCTTCCCATCGATGAACACCTTCACCCCGTGCTGTTTCAGGAGTTCCGGCGTGATGCCTTCACGGAACTCACGGTGGTCAGTTGCGAGGATCACGGCGGTTGATTTCTTCAGGAATCCAGCGAGCGTCTTTTCCGTTGAATGAGCCGGGACATGCGGGTCATGGGTGATGACATTCGCTTTGTGGCGCTTCAGTGCCGAAATGATTTTCAGCGCCGGGGATTCGCGGAGGTCATCGATGTTGGCTTTGTACGCGACCCCGAGGACGCCGACCGTCGTGCCATTCACTGCTAGCTTTTCATCGTTCAGCGCGTCTTGGAGTAGCTCGACGGCATACGCGGGCATGCTGTTGTTGATCTCGCGAGCGATTTTCAGAAAGCGGTGATCGAAGCCAGACTGCTTGGCGCGTTCGATCAGGTAATAGGGGTCGACGGGGATGCAGTGGCCACCGACTCCACAGGAAGGGTAATGCGCCAGGAAAGCGAAGGGCTTGGTCGCCGCTCCATCAATGACGTCTTTCGTATCGATACCGAGGACGTCAAAGGACTTGGCCAGCTCATTGACGAAAGCAATATTGATATCGCGGAAGGAGTTCTCGACGATCTTCACTGCCTCGGCTTCTCGGATGGACTTCATCGGTCGGATTTCTCCGTCGACGATGGATTGATAGAAGTCGAGCGCCTTGGCGAGACCGGCTGCATCAAAGGAGCCGACGACCCGCGGGATATTGGTCACATTCCACTTCGCATCACCAGGATTAATCCGCTCCGGACAGTGAGCGATGAAGACGTCCTTGCTGACTTTTTTGCCCTGCTTTTCGAAGATGGGTCGGACGATTTCTTCGGAAACACCCGGGTTGACGGTGGATTCCAGGACAACCAGCGCGCCTTTCTTGGCCTGGCGGGCGACAAGCTCGGAGGCACTGATAACGGGTGTGAGGTCGGGATAATACGATTCATCGACGGGAGTGGGGACGCAGATGAGGAAGATATCAGCCTTTTTGAGCTCTTTCTCGTCCGAGGTGGGGCGGAATTTGAAGTGGCCGATGTTTTCTTTCAGGAAGGGGTCTTCGATCGGAGAGACTCCTTTTCGGAGAAGCGCGATCTTTTCCTTACTCGTATCGAAGCCGATCACATCATAGCCACGCTCGCTCGCACGCAGAGCCAAAGGGAGTCCGACATAGCCGAGACCGATGACTGCGACTGTTTCCTTCTTCGCCATAGACAGAGAATAAGAGTGAAAGTTAACAATGCCCGTATTCTACGGAAAAATGGCTTGTTTGACAAGTTGTACTGGCTTCATCCGTCCTCTGGACAAGAGTGGCAAAAGATGCTATAGCGGCCAGTCCGATGAATCCTCATCGGCATGACAACGGAGGGTTTGAGATGGCGAAAGATCTTGGTTTCGTTAAGCTGCGTCAGGGGAAGGAAAACCTGGTTCTGGAAATCCACCCCATTAGTTCCATGCAAGTCGTATGTCACCGGTTTCTGCAAGACACGCCCCACTTGATGCAAGTGGAAGTCGGGTCGCAAGTCTTTCCCGTCCCAATTGAAACCGTCAGGCGTCACTTGACGCTGGGGCAGATGGTGAGTGGGTACTTCGTTACCTACTGCGGGTCTTTGACTGATCCAGTCTGTGTCTCAGCTGATTTCTTTCCGACGCCTGAGCCGTCAGTGGACTAGTGGTCCAAGGCTCTCGTAAATTCGCCCTCGTTGCATCGCAGCGGGGGCAATTCTTTTTTGTCCTACATTGGCTTTCCCTTGGGGGGAAGGGTAAGATAGCGGTAGAGCTATCAAGGGTTTATGTATGTTTCTCACTGATCCAATCTTTCGGGCGATCGAGCGGGCCACCGCGCTTCATCATGGTCAGATACGCCGCGTGACGGGTGTGCCGTATATCGTCCATCCGTATGCGGTTGGTTTTCTCTTGGCGCATTTCACGGACGACGAGTCGGTCATCATCGCCGCACTCCTGCACGATGTGCTCGAAGACGTGCCGGGCTATACGCGGACGATGCTTGAAGCTGAGTTTGGCTCCGAAGTTGCACGACTCGTCTCTGAGGTGACCGAGGACAATGCACTCTATGCCGAGCATCCCGAACTTCCCCACGGTGATCGCGTCGGATTGAAGAAAGCTGATTATCTGCGACGACTTGCGGATGATTCCGAGGGCGCACTCTTGATCGCGGCGGCGGACAAGATTTGTAATGCACGCTCCTTCCTCGCTGAGTACCCGAAACTTGGTATACATTTTTGGGCCAAGTATCACGGGACGCCCGAACGCTATCTCCTCTTTTCACGCGCGGTGAACGCAATTATCCAGGAGAAGCTCGCGCATCCGTTGGCCGAAGAGCTCGATCGAGTGACAAAGCTAGCCGAGACCCTTATCCGGGAAACCGAAGAAACAGTATGAAAATCGGCATCAATGCCAATTATTTCCAGAAGCCCTCAACGGGGATCGGTGTTGTCACGCGCGAATTCATGCGGGCGCTGGCGGATAGGCCCGAAGGACGCTCGCATGAGTGGATATGGTATTACGAGGGTGAGGTGCCGGCCGGGCAGTGGCCAGGCAATTGGCGTTTTGAAAAGGTATCGACCTGGTGGACGCGCGATGATATCCCACATCGGTACTTGTGGGAGCGCTTTTCATTGCCGCGCGCGGTTCGACGTGACCAGTGCGACACTGTTTTCAGTTTGTATCAGTCTGTGACGCGTTTGCCACAGTCGGTCCACCACGTGATGCTCGTGCATGACCTCATCCCGAAACGTTTTCCAGCGTATCTCGGCAATTGGCGGCAGCGACTTTATTACCATGCCATCGAACGATCCATCTGTTCAGCCGATCGAATTGTGACGCCTTCGAAGGCGACGAAACATGATGTGGAACAATATCTCTCCGTCCCACGCAAAAAGGTCGCCGTCGCATCACTCGGGATCGCGACCGCGTTCCAGACACCGCTCGCGCCAGCAGATCGGGATGCGGTACTCAAGCGATACGGGCTGCAGCCAGGGTATCTGTATCACGGCGGCGGACTCGAGCTCCGGAAGAATACGGAAGTCTTGTTGCGGGCGTATGCTGCTCTCATGTCGATGCTCGATCGTGAGTCACTCCCGCTGCTCGTCGTGAGCGGCACGGTCTATGCAGAGACGAATCCTCTGGCGACGCCGGTCCACTCGCTCATCGCCGAACTGGGTCTCGGCGACCGGGTCCGATTGTTGGGTCAAGTACCGGAGACTGATTTGCCCGCGCTGTACCAGGGGGCGCTAGTGTTTATTTATCCGTCGCGCTTCGAGGGCTTCGGATTGCCAGTGCTCGAAGCCTTTGCCTCGGGGACACCAGTTATCACCACCGCAGCTGGATCATTGGGCGAACTAGCCGAGGGTACGGCTGAGATCGTTGCTGTCGATGATGTCGACGGGTTGGCCAGAGCGATGCAGCTGGTCGCGACGGATGAGACAGTCCGGGCAGGTCTCTCAGCACGGGGCCGAGAGCGCGCCCAAGAGTATGCGTGGTCACGGTTTGCCGATGCGACTGTGGCGGCTTTGCTACAATAATCATATGGATACCTTGTTTCGATGTTTTCGTATGTGGTCAGCCGATCCACGGACGGTTTTCGGTATAGTCGGATTGCTCATCGGCGGACTGGGGGTCATGCTCATGCTTGTCGGTGCCTTCCCGCTCGGCGTCATCAATCTTGTTTTTTTTACCTTGCTGCTTTTCCTCATTGCTCTGTATCGGCCGAACTGGGGATTTTTGGGACTGGTTGCGGTGCTCCCATTTGAGACTGTGAATCTGCTGCCCGCGTCTGTGAGTGTCGCGTTGCGGCCGTATCAGTGGATCTTTCTCATCGTTGCCCTCGCTCTAGCGGTACGAGTCGGATCGAGGCGGACGCCCTGGTCGCTCTTCCGTTTGACCTCACTCGATGTCCTGCTGGCGCTCATCCCGCTCGGAGCCGGGGTTTCCGGACTCATGGCGGGTGGAGCGGGGGTACACAATGCGGTGATCCTCGCTTCTTTCTTTGCGCTGTATCTCCTGGGTCGGGTATTTCTCCGGACGCCGGGGGACATCGGTGTCGCCGCGACTGTACTGGCCGCTTCGGGGCTTGTCTCACTTAGTTTCGGCATCGCGCAAAACATCGCCTTCGAACACGGCCAAAACCTCGCCGCGGTCATGCCCGGTCGGCCAAATGGAACTTTTGCCGAACCAGATTGGCTGGGCTTATTTGCCGTGATTATCTTACTCCTGCTCCTCGCTCAGCTCACACCTGCTTCCAGAGACCGTTCGGATACGCTCGTCGATCAACTGCCGAGCATCGTTTTGCTTGCTTTGCCGCTCACCCTCGTGATCGTGACCCTTATCCTCACAGTAAGTCGGAGCGCTTGGCTCGCGGCCTGTGTCGCCATCATCAGCTGGGCGAGCGCTCTCCTCATAGCGAAGGGGAAAGCAGCCATCTCTCTCGTTCTTCAGAGCGCACGGGTGCTCGTCATCGTCTTTGGGCTGGCGCTCCTCATCGTGGTGGATATTCCGTTGACCCGCTTCGACCTCTTGAATCGGGCGGGGAGTACGGCGACGGGCCTTCAGGAAATCACGGTCGCGTGTCCTATTCCGACCACACTTCCGACTGAAATTGCCAGTGTAGACGACCTGCGTTCCTTCGGTTGCCGCCACATCGATCTCGAGGAACGAGCCACGCTCGCAGCTCTCGGACAATCCATCCAGACGATCTACCGGCCAGACCCAAATGTCGTCATCCGGAGCAGTATTTATCAGCGCTCGTGGGAGGAGATCCGCTCTCAGCCGGTGTTCGGCATCGGCTGGGGGAATATCGGCACGGTGCTCGGTCGCGACGAGCATGGTGCGG
CP064975.1_gap13	453117	457429	4312	GTGATCCACAGTTCGATCGGGCTTGGGCGGTGCTCATGTCCAAGACATCTCATCAGTAATGTACAAATATGAGCTCATTTGAAACGTTTGAAGGAGGGCAAGAGGACCGTCTGGACAGTGCGTATGAGACAGAGCTGGTCCAATCGTCATTGCTCCAGCGAGCGTGGGCGGAACAGCGGACCAGAGAGAGGCTTGCAGCAGATGAGGATGGAAGCGAAGGGGCCATCATCGAGTGGATCTTGGCCACAGGTGAATGGTTTCGACACAATGTCATGGAATTTAAAAGTGCGCCGGGGGAGCTAAGTCGGAAGGAACATTTCCTCGGGTTGTTTGATGATGACCCCGAAGCGGCGGTTGAGGAACTCGATGAGCTCTTCAACGCGACCCGTCACTGATCCGAATTAGCACTCACTTGACGAGTCTGCTAAGTCTGCCTACAATTGGGACCAGGGTACACCTGTTCGGTAGTTGGATAAATGGCGTAACAATTTTTAACACTATGTCAAAGCTGCAAATTCAGCCCCTTGGGGAAAACGTGCTCGTTCGGATTGGGGCAAAGGAAACAAAGACTGCTTCGGGTCTTTTTCTACCTGAGAGTGCTTCGGGCGAACGCGAACAGCAGGGGACGGTCGCTGCGGTCGGTTCCGATAAGGCGATCGCGGTCAAGAAAGGAGACACCGTCATATTCAAGCGGTATGGAACGAGCGAAGAGCTCAAAGTGGGCGATGTCGACCACCTGCTCCTGAATTACAAGGATATCCTGGCCATCGTCATTTCCTGATGCGATTGAATGGATGAAAAAACAGCCCCGCAGGGCTGTTTTTTCCCCTCTTGTGTCCTCCTTGCTTACCTGGTAACTGAGGCGCGATTACTTCGCTGCCGGCTCGATTGGGAGCCCCTTCTCTTTCCAGGCTGCAAATCCTCCTGAGATGATCCGGATACCGATCGATCCCATATCGAAGAGCCGGGCACCGGACTGAAACGTATCGTTTTCATCTGTGCCATACACGAATAAGGAGCCGATCGGGATGGACTTCCGATCTTTTTCGAGCCGAGCGAAAGGAATGTTGATTGCGCCTGGGATATGGCCTCGCATGTACTCGCTCTCGCTCCGGACATCGACGATGACGCTCTGGACAAGTGTCCGCTGAAGTTCGATGACCTTCTCCGGAGCGATCGTGGTGACCTTGGTCCGATCGACATATGAGTTTGGATCGCTGATCGCGACCACTCCTCCGCCTTTGGCGACCCATTGCCGGATACCACCTTCGAGGAATGCAAATGTCATCTGCTTTGACGTGAAGCGGTTATGGATCTCTCGGAGCTGCTGGCTAGAATTTTCGTCGCCGGTGACGATGACGACGAGTTGGCCCGTCGGTGCGCTGTAGGTGGCGATTTCTGCTAATCCGAGCCATTCGGAATCGATGAGGTGGTACTGCTCGAAAACCTCTCGGGGACGAACGTCGATCAGGTGAATGTCCTCACTGTGTTTAATTCGTTCAAGAATATTTTCTGGACTGATGAAACGGAGTTCTGTGAGGCCTGATGTCTCCGACGTCTTTGTAGAGTTCGTCTGGTGGTTCTTGTACCAGGTCCGGCCGAGCATCACGATCGCTCCGCCGAACATGAGCACGGCCAGGAGTAGCACAACACGGCCTTCGCTCGAGGCTTTTCGGCGCGAACGAAACGTCCTTGGAGGGATGCTCATATGAGAATGGTGCCGATGAAATCAGGATAGCCTTTGACAAAATCAGTGATGCTGACCGGATCTTTGCCTTCGAGTTGGAGCGTCAGAGGAAAGACGACGCCCGCCCCAGTGGTGATACCAATTTGTTCACCAATTTCGAGCACTGTCCCAACCGGATGACTGATCGCGAGCGGAGTTTTCTGAACTGTCAGCGTGTGCAACTTGATCCGAACTGCTCCTTCAGCTTCGCGATTCCAGTGAGTGAACAGGCCAGGCCAGGGGTACAGGCCACGATAGCGATTGAAGATGTTTTCGGCGCTCTCATTCCAGAAAATACGCCCGTCTTCGCGCTCGATGAGCTGACAAAGTGTGGCCCCTTCTTCGGGCTGAGGGGTGGGGGAAATCGTTCGAGTGATCCAGAGCGGCAAGGTCTTGGCGAGCAGGGTGGCGCCGAGGACTGCGAGGCGCATGAGCAGTTCGGGCGCGCGCTCGTCTAGACTGATGGGGGTTCGTTCGATAGCTAGGATATCGCCCGTGTCCATCCCTTCATTGAGCTGGATAAGGGTGATTCCTGTCTCGGTGTCGCCCGCCATGAGCGCATTGGCAACGGGGGAGGCACCTCGCCAACGCGGCAAGAGCGATGCGTGGATATTGATGCAGCCAAAACCAGGCGCCGTGAGCAGGCTTTTAGGGAGTAGTCTGCCGTACGCTGCAACGACAATGACATCAGGTTTCCAAGATTGGATGGTGCTGACAGCCTCCGCATCGAGTTTTTCCGGCTGAAGTATCGGCAGCCCGTGTTTCACGGCGAGCACCTTCACTGGCGATGGAGTGAACTCTTGTTTGCGGCCGACTTTCCGATCGGGCTGCGTGACGACACCGACGACATTGTACGAGTGTTCGATGAGGGTGGCGAGGGCAGTACAGGCGAATTCCGGCGTACCCATGAAGACGACGGAAACTTGCGGTGGTTTGAAACCTTCGAGCGTCGCGGCGGGTGCATTAGAGGGCGTAGACATGTTTGTTTTTCTGATGTTTATATCGGTCTGAGATGAGCACCCCATCGAGATGATCAAGTTCATGCTGGATGCAGATGGCGAGTAGTCCGCGGGCCCGAAGCTTCTTATCGCGTCCGGTTTCATCGAGGGAGCGGACGGTCACCTGTTCGGAGCGTTCAATTGCAAAGAATTCTCCTGGGAGACTGAGGCAGCCTTCTTCGAAAAGGATTTTTTCAGCGCTGGCACTGGTGATTTTTGGATTGATGAGATATCGGAGGACGCCGTCAATTTCAATGACGCAGATCCGGAGGTTTTGGCCGATTTGTGGGGCGGCAAGTCCGATGCCATCAGCCGCCCGCATCGCCTGGACCATCTCGGGAAGGAGGGCTTGAATTTCCGGTGCGAGTGGATCTTTCACCGATGCATTTTCCGCATGGAGAAGCGCGTTATCAGCTCCCGTGATGATTGGGACGGGCGTTTTCATAGAAAGTTTCATCCGAGGAGCGAGAGGGGATTATGAGTGATACGGATATTCGGACCCAGGGCCGTCAAACAAAGCCGCAGCTTTTCAGGGAGCGCGTGCCCGACAGGATACCGGATAAGTACATGGTAGCGGTTTTTCCGGTTAAAAGGCAAATATTTCGGTAAAATATCGATCTCTGGGAGCACGAGCCGATGCAGGAGCGCCTCAGCCTGTTCGGCCGCAACCAGCGAGGTGGAACCTTTCTGGGGATAGCATTCCAGTTGGATGAGATGATAATAGGGCGGGTAGCGAAGCGAGCGGCGTTCTTCGAGCAGACCTTCTGCAGTTGTCTCAAGTGGTTGCTGTACCCAGGTCGTCCAAAAAGCGGATTCTGGCTCAAAGGTCTGGACGGAAAGTGTTCCGTTGGTCCGGAGCTTTGCTCCGAAGCGCCGGAGCTCGCGCCAGAGTCGCTCCTCGGTCTGATAGTCGGGATAAAACAGTCCCTGATCCGGTTCGATCAGCGCGATGAGACCAAGCGGAGGCAGGGGGAGACTATAGGCTGTTTCATAGGTGGCGATAATGATGGGTGGTTGGCTGGGTTCAGTGAGAGCAGCGATGATTTTCTGGAACCCTGACTTGAGTTGCGTGGTATCTCGGTCGATGACGATTATCGCGTTGTCCAGCCCCTCGCGTTGCAGAGCGCGTTCGATCGCTTGGGTGCCAGCACCAAAACTTTTGAAATGCATGTGGCCACAGCTGGCGCAGGCAGGGAAGAGCGCACTCTGGTAGCCACAGGTGAGGCAGCGGAAACGACCGTCCTTCATCTCGCTCAGGATCGTCTGGCATTTCGGGCAGCGTTGCGGCGTATGGCATTTGGCGCACAGCGAGAAGCGCGACACCCCACGTTGCTTCACGAGAATCAGTATGGCGGCAGGCTGGGCATGGGCCCGTCGGATGGCCGCGATCAGGTCCGCCGATAGGACCGGGGACGTGCGGTGACGAGCATAGGACTTGCGGAGATCGATGGTCGTGAGCGCGTGTTTCTGGGAAAACACGAACGGCTTACCGGTGCGCTTGAGCGGGAGGTCTTCGGCAAAATACCTGATACCGGGAGCCACGGAAAGTTTAATACATGGAATAGCCTGTCGCTGGGCGATCCATTCT
CP064975.1_gap14	459405	460954	1549	CTTGCTATTTTCAAATTCGCGCCCGAATATTTTTCACCACAAAAACCTATCCCCTATAACCTCGTTTTTTGCAATTATGGTGCGCCGCTCCAGGAAATTGTCCTCGCTGGGCTGCGTCAAAATGCGGGCGCAATTCGACTGGCCATGGGTGTCGGCGGGGCAATTGATTTCCTCACGGGGCGGATTCCGCGGGCGCCGAAAGCCATCCGTACACTTGGCCTCGAATGGTCCTGGCGCCTCTGGCAGCAACCCAAGCGCTTCCGTCGCATCTGGAACGCAGTAGTCGTGTTTCCGGTGAAAGTTCTCTCACAGAAGTAACGTATAAAAAGAAGACCGCCGAGAGCTCGTGAAAGTCTCGACGGGTAAGTGATCCATTCGGATCGCGAATGTTTTAGCGGAGGGTGACTCGCGTAAATCCCAGTTTTTCCAATTCCTTGAACTTGGTATACATGTCAGCGATTTGTGCTGGTACGTTCTTGGCTTTGGACATCACCGTTCCGTCCAATGTCGCAAGGCTCAGGTCCGTAACGCCGCCGAAGGCCGTCATGGAGTTGTACGATGCTTCGAGCGCTACGCCGTGACCCCACGTATCGCCTGTCGATCGACAGACCATGTCGATAGAGATGCGGAATCCTGACTGCCCGGTGGCTCGGACAATTACGCTGGACTGTGCGCTGTGGTCAGCTGTTCTAGCAAGCCGTTCCCTCATGTCTTCCGGCACCTCGTCCCAGTTATACGGGTAGTTGATGGCGCCAGCTTGTACGAATGCATCAAGGATGTCTTGCGCTGTTTGAACGATCCGAGCTTTCTGGTTAACATCCTGGTTGCAGTTCTCTGACATCGACGTGCAAATGTACGTCACCAGTGAGGGTGTTGACGGGCCGCATTTTACGAGGAGGTTGGCAAACAGTTCTGCTTGCGCGATTGACTTGGCTACGTGGCGGAAATATCTCATGTAACTCTCCTGATGATGTGGCTGAATGGGCCGGTTAAAGTACGAATCGATACCAACGGTACCGAAGCGATATATTAGCATATCTTGACTCTAAAGTCAATTGCTAAATATGGCTTAGATAAAGGGCGTGCCTCTATACCAATGCATCGGTGTAGTGGTATAATCAAGCCATGTCAGACTCCGAGAAAAAGCCGGGTCCGGTTGTTCGAGTACGCTATGCACCCTCGCCGACAGGCCTGCAGCATATCGGCGGCCTCCGGACGGCGCTCTACAACTATCTCTATGCCCGGCAGCTCGGCGGGCAGTTTATCTTGCGTATCGAGGATACCGACCAGAAGCGTTTTGTCGAAGGGGCGCTCGAAAACACAATTCAGTTCCTGCGTGACTTCGGACTCCACTATGACGAGGGGCCGATTCTTATCGCCGACAAAGATCCTGACAATGACTCTGTGGGGATGCTGTCGAGTCGCTATCCGGGTGTGTATGAGCTCGGGCCTCATGCGCCCTATATTCAGTCCGAGCGCCTAGATCGGTATCAACAGGCGGCCGATGGACTGGTGAAACAAGGGTTCGCGTACCACTGCTTCTGTAGCG
CP064975.1_gap15	466461	470981	4520	GCTACTGTTGGTGCTGCAGTCATTTCAGTCTCGCCGGAAACGTATTTCCCTGCAGCCGTGTAGACGCCGCCCCCGACTCCAGCCGCCTTTCCGATGAAGGAGTCTGGATCTTTTTGGCTATAGTTGGTGAGTCCACCGCCCACGGCTTGGGCGAGGCCCCCAACTTGCGCGCAGCCACTAATGGTGATGACCGCTACCACCACCGTCACTCCCCTCAAAAAAGTAATGCTCTTCACTTTGTGCTCCTTTTCTCTAAAAATCCGGACCAAGCGCCGGTACTTCAAGTTATAGGATATCTCCCTTATTTCGTCAAGGGATGCTGATTCATGACAATGCTTAGGCGGCCATTTTGAGCGGCTCAAAGTTCGCTCTCCAATCAGGCCAACCTAAATGCCGATTCCGGCTCATATCGAGGAAAGCAGCCAGTGAGGTGTATATCGCACGGTCGCCAGTGTCCAGCCGAGCTGTCTCTAGCTCCAGCATTTCATCCGCGATCCAGAGGTAGGCGATATAGTCCTGAATCAACCCTTGTTTGGCATGCAGAGCGAGGACTTGCAGGGCTTTGAGTGGCGTTCCTCTCTCTTTGTAATGGCGCTTGCTCAGCATCGCATTCTCAACATCGGCGAGATGGATGATGTCGGCCAGATCAATTGAAACCCGCATCGTCCCGACGGTAATCCGGTACTTCTTATCCTGGCTCGAGTGCTGGTGATGGGCTCCGGCGATCTCGCCCTCGACACCGTAGCCGAGTGTAGTGAGGATCTTTTCGGAGTACGCGTCATGGGTCCGCATGATTTTGAGTAGGCTGTCTTCGGGCGAACAGCCGCAGTGAGCGAGCTGCTCGATTATTTCAGTGTCGAGTGGCTGGTCGAGGAGGAGCCAGACAGGCGTGATCTCTTGAGGGCGGAGATGCAGGGTCGTATAGAGATACTGCAACAAAGTCCGAGAATCCTGGATAGCGTCCGGTAATGCGAACTGTTCGCCAAACTTTTCCTTGAGGCGTGGAAGCAACACATCATCTCGGTGTTCGAACAAGATCTCGGCGCAGCGTGCATCTGGTACGTGATTCCCGAGGACAGCATGTGGTACCTCGATCTTGCCGATATCATGCAGGAGGCAGGCGCGATAAAATTGACGAAGATCAACACTCTCTTGCCGGAAGGTATCAGCGAGCACCACACCATTCCAGAGCACCTTCTCGACTTTTTCCCGAGCTATCTCATAGGTGCTGATGCAATGCTGCGCCGTCTCGGGATCGAAGAGCTCGAGCACAGCGAGCAGTTCCCAGCAATCCTCCCCGAAGTCATCTCGCATATCATGCATCTCCTTCTCGAAGCGTTGCTTGACCCGGTCGACAGCCTCACTGAGCAATCCTTGGTTCTTGAGCGTGTCGAGAATCCTGAGTGTGCGAAACTCGTTCAACTGACCGTGCTCTGGGAGCAGTTCGAGATCGCGGGCGATGCCTCGGGCCTTGGTGTACCGGTCTTCGGGTGGTTCCGGGGTCTCCCAGTGATTCATATCGTATATTCAGCGGTCGTATTCTCCCTCTATACTCTTGTGAGCGCTTGCCTCACAGCGTCGCAGCCTCTGCTCCGATCAGTGGGCGTAAAGTCTGATCCATTCCGGTGATATGCTCAACCCACCATGTTTCGAGAAAATCGAGAAGCTCTTCAGCTCGGACATGCGAGTCGCCCGTCTTGAGCAGTAGACCATTGAGGTTTTTCTTGTAGGCCTGATGAATAGCGAGATGCTGTTCCTTTTCCGGATACTCATACCGTGAGAAAAATGTCTCCTCAGTCTGAAAGTGATACTCTCCGTAGTTGACGGCATCCTCGAAGAACTGCGTCAGGTCGATCTCGGAGGTCGACGTCAGTAATTCCTGAAACAGCGCATTGATAATCTCGATCATATGCTGATGCTGCTCGTCGATCACTTGAATGCCGACACTGTACCCGCTATGCCATTGAATGGGGGTTTCCATACGCGCTTCAGACTCATTGGTTTATGTGTAACAAAAAAACCGACGGCTTTCCATAATCCGATTGTAGCACACGGATACTACCCCACCTCAACGGAGGGTATGGCTGAAGGGCTAGATATCATTCAGGGTATGCCGGATAGTCAGCTTTCCTGTAGCGGGGTCCTTATGGAGGATGCCAATCACGTTTGACAGTTTCTTTCTTCGAAGGTTCAGTTCATCGAATTCATCTTCCGTGAGGTCGCCCTCTGGATTCCATTGTGAGAGTGGCTCGGAGAGTGACCCCGATTTGTTTAATCGTATGAGTTCAGGGTAAATAGTCTTCTCGAGGAACGGCTTGGCCAGCGATCTCATCCGCATTGCCTCGTGGATGTCCTCCACCTCTTTATAGATGAAAGTCGCAACATCCACGGTTCCAAAGATGGCCTCTGCCTGATCAAATGCCGCGTAAAGCTGTCGCAGTTCGGGGGTCCTAATACGTTCGATCAAGCCCTCCCCCTCTGGGAATTCCGCCAACTCACCACCAGTAGACAAAGTGGTACGTTCCTTGGCTTCTTCTGCTGTGTGCCCGGCTGACTCGCTATCGGCGGGCACAAAGGTCAGTCTCTTGGCTCCTTCTGGAGCAACTTCTACAGCGCTGCCCTCGATGATCACTGGCGCTGTTCGATGAGCGGTAGATGATAGTGTCTCTTGCACCTCCTCATCGGTCCACTGATCGGTCCATTTGCCAGTAGCTTCATCGTACGTAGAAAAAGTAGCACCGCCAGTACACCGATCTTCATTGGGATCATCCAGGAATGCGCCCGCATAGTATGCGACTTCGATATTCGTCGACAGGGATCGATCGCCTACCCGTCGGTATGTATAGAGCGCGTCGTTTCCATCCAGACCGGTTACGGCCACTTCATACAGTAACACTCCACCTTGTTCGTCTTTCTGAACCCGCACCTCCCGGAGGCTTTCTTGTTTGGTCAATTTCTCAAGTCGGACTCTCAGCTGCTCCTGGATTTCTTGAAGTGTAAGAAACCGTGGGCCTTTTTCTGGGGTCGGTGCTTGGGATGGAATGTCGTAATTCATAATGTTTGAAATACATTTGCTGCAACTCTGGGACGAAGTTGGAACTTTTATCTCACGACTTCACTATCATATAGATGCTCCTGAAAAGCAACTTGATTCATGATTTCTTCATCAGAATAGGCTATTCCTTCTGGAACCACCACAAGCTTATCGTCATCATCATTTCTTCTATGAATTATAGCAATGCAAATTCCCTCCACTTTTGTGAGTGGTTCATTAGCGCCTAAGAAGTAGGCGTCCAGGTCATCTCCATCAGGAGCTAAAACATGGGGTACATACCCATAATTTACAGGGTAGGAATCAATTTTATGAGGCTCGTATGAGGAGCCGATTGGTTGGTCAAATTCAAGCTGAACTTTTTTTCCAAGAAAAGTGCGAGCAATTTCTAGTGATTTAGAGACTTCTTCCATTTATTAAATTTATCAGCTGGGGAGGAAGGGAATCTTACTCGCTTCGCTCTTTGAGAACCCCTCGGTTCTCAACACTCGCAGACTCGCTGCTCTCCGCCACGGGAAAACTCCCGTTTTCCCGACCCCTGCCTACCGGCAGGCAGGCCTTTCCCTGTTCGATCCCTTACCTTTCCATTATAAACAAAAACACCCACAAGGGGTATTTCCGTTTACAAAAGCTGAGGCTCTGGGACGAAGTTGGAAATTTTATTTCGAATTTTGACGCTTAATAAATGAAAGCATATGACATATTGGTTTTCCGCTTTTAGATGCTGATTTATTCATAATAGGTTTTTCTACGATTAGTTCAAAACCGGCTACGTTTGCTGATTCTCGAACTGATTCAACTGGTCTCAGAATATCAAAAATAGTACTGGTAACACCGCCACCGAGGTTCCGTTCTATCTTTACTTCTATGGCTCCATCAGCTAATTGACGGACGATTTCAGCCATAACAATATGTTTTCCTTGACCGGTCTCAGAAGAGAGTTCATCGTCTTTATCTCCCATAACAAGAATAAGTTTTCCGTTATCCGCAAGAAGTTGACTAATTTCTTGAAAAGCAACTTGCAGGTCTTCGATGTGTTCAATGACCATCACCGCAAAAGCCGTGTCGAACTTTTCTTTCGTTGTTTCCGAAAACTTTTTGAGCGTAGATAGATGTGAAGTTGCCCATGGATATTTTTCTGTACTTGTTTTTATATTTGCTTCTGATGGATCGATACCTTGAATATCGCTAGCCCCTTTCTCTTTGAGCCAGTTAAAAAGGTGACCTGTTCCTGATCCTATATCTAGTATTTTTTTATCTTTTATCGCATCAATTTCGACAAACGAATCCAAAGACTCTCGCAAGTATTTGCGAGAAGGTGAATCTTCCGCTCCACGCAAGTGCCACTGCGTCTCAGGAAGATCATATTGTTTCGGATCTGTTGCTTTTGGAAATTCTCCTATATTCATAATTTTATTTGTTGTCCCTATGGGACGAAGTTGGAACTTATTTGATTTTCTCTACCTGA
CP064975.1_gap16	474578	477160	2582	GCGACTTCAAGAATAGTTCTCTTTTTCTGGCTTCAATGAGATTATCATACTCTTCGCTATACGCAAGGATGAAGGGACGGCGATTTTTTGTAGAAATGTTTTTGCCAGCATTATGCTCGTCTAATCGGCGCTTTAGGTCGGTTGTGGATCCAACGTATGTACGATGATCTTTCTGACTGAGCAATATTATAGACATGTCCTTTCATAGGGCCCCTGCCTTATCCGTCTTCATTGCATTCAGCCGAGATAAACCGCTTGGCTTGCCTCGGCTCACCCTAGGGTGAGACGGGCTACTCCCCAATAGCTTCGAATCAAGAATAAGGAATCAAAAATCATGAGCTCGGCATCATGATTCTACAGCCATGAGACCCCCTTTCCTCATTCGAACTTCTGTTCAAAAAGACTCCCCTATCCTAGCGGAAAATGATATCCGAATCAAGTCGGCAGACCGCAAAAACGATAGGCTCTACGTCTTCAGGTAACGGTGAATCGCGATGAAGCTCGAAATGACCCCGAGGAAAACACCGAGGCAGATGGTTGCGACCGAGAGGGTTGGGAGATAAGCGAGGAAGACCTGGAAAATATTGCCTTGAGGAAAGGCACCCTGGGTGAAACCGGCCAAGCCATACGAGGCCGAAGCCACGAGGGCTACCGACACGACTCCCGCGAACAGTCCATAGAGGATACCCTCAAAGATGTACGGCATCCGCACATACAGGTTGGAGGCACCGACGAGACGCATGATTTCGAACTCTTGGCGGTGAGAGTAAATCGTGATCCGGATCGTATTGAAGGTGATGAGAACCGCGATCAGTCCGAAGGCGCTCCCAAGCGCGATCCCAAACTTGCGAGCAGCTTGTCCGATAGCGTTCAAGCGCTCGAAAATCCTCCGGTTCTTTTCGAAATTAATCCGGTTAATATCCGCCTGATACGGAGAGGTTTCGAGAAAGGTCGCGATTTTCTCATAATCAGCTTGGTTTTTGGCTCGGATGACGAGTGATGCGAGCAGCGGGTTCTCCCCGATTTCGTCGATCGCTTGGCGGATAACGGGGTCAGCGCCATTGTTGGCGAGGAAGTCTTCGAGCGCCCGTTCGCGAGAGACATACTCAATCGAGGCAATCTCACGCGCCCGTTCCAGATACTGCTTCATTTCGACCATGCGTTCTTCGGTGACATCCGGATTGAACGAGACAGTGATACTGATCCGATTCTCAAGATTGTTCACGATGAGCCGCGTACCGATCGTGATCAGACCAGCAAAACTAATGATGAAGAGTGAAAGCGAGAGAATCGTAATCGTCGCAAAAGACAGCCAACCATTGCGCCGGAAATTCGTCAGTCCCTCTCGAAAGGTGCGCCAGAGTTTCAGTGTCCGTTGCATAATTAGAGTTTGATATTGTATTTCCCGCGCGCTTCATCGTGCCGGAGTCGCCCCTCGACGAGCGAGATGACGCGCTTGTTGAGTTGGTCGACGACTTCGTTCTTGTGAGTCGCGATGATGACGGTGGTACCGTACGAGTTGATCTCGAGCAAGAGATCAGTCACCTCACGGGTCGACACGGGATCCAGATTGCCGGTTGGTTCATCGGCACAGATAATCTGTGGGTGATGAATAAGGGCCCGAGCGATCGCGACACGCTGCTGCTCCCCACCCGAAAGCTCACGTGGAAATTTGTGGCCCTTGTTCCCAAGGCCGACGATTTCGAGTAGCTCACTTACCTCCTCACGGATTTCTTTGGCGCTTCGGCCATCGACTTCGAGCGCATAGGCGATGTTCTCAAAGGCTGTTTTTTGCGGCAAAAGTTTGTAGTCCTGGAAAACGGTGCCGATATTGCGTCGGAAATACGGCAGATGCTTACGATTGATGTCTTTGATCGGTCGCCCTTTGAAGTACACGGTGCCATCGGTCGGTTCCGCTTCAGCATAGATGAGCTTCAGGAGGGTAGATTTCCCAGCGCCGCTCGAACCCACGAGTGAGATGAACTCGCCCGGAAACACCGTGAATGACACTCCGTACAGCGCATTGACGCCACCAGGGTAATCCTTGGTCACATTCTCAAAAACAACTATCGGCTGTCCTTCAGTCTTGGGCATGGAGTTATTTTTTCTGTCTTTGCTCATATTGTAGCTCACTTTCGATGAAACTGTCCAAGTCACCATCGAGTACGGCCTGGGTATTGCTCGTCTCAGTGTCGGTCCGATGATCCTTCACCAGCGTATACGGATGGAGGACATAAGATCGGATTTGGTTACCAAAGCCGGCAGACTTGAATTCACCCCGAATCGCTGCCTTACGCTCCTCCTCATCATTTAGACGTTTCTGGAGTAGTTTCGATTTGAGGAGCTTCATTGCCTGATCGCGATTCTGCAGTTGAGAGCGCTCGCTCTGGCACGCGACGACGATGCCACTCGGCAGATGGGTCAGTCGAACGGCGGATTCGGTCTTGTTCACGTGCTGCCCACCGGCTCCGGATGCACGCAATGTGTCGACGCGCAGTTCTTCGGGTTTGATCTCGATAGAGCGGTCGGTATCGGGTAGGACAGGCATGACTTCGACCGAGGCGAACGACGTCTGGCGGAGA
CP064975.1_gap17	655715	658177	2462	TCAGCTACCCGTAACCTCATCAGGTCTTTCAGACTCATATCGTAGACGTCTGCCACTGCTCGCAAGAGTGGTCTCACCGTTGAGATAATACGATTGAGGTAGTCCGTACGATAGGTGCGGAAATACACCAGCTCTTTTGCTACTCTTACTATCTCCTTCTCTTCACCTGAGAGATTGAGGCGCTGTAGGTATTTCTCAGACTCAACACTATGCTTTTTTTTCCTTTCAATATTTTCAACACTCTCTTTTTCAAAATCAATATCCATCCCGACGATACGGTCATAGATATCTTGCGGACTCCAGCTTTCATCGAGTCCCCCGCGCGCGTTGATCCAACCGTACTCATCAGCATGTTGGACCAGAAGCCTTTTCGCCTGGTCGGAAAGTGCTGCATAGGAGGAGGCCTCTTCCGCGACAACTACCGCTCCTATCTTATAAAGATTTTCCTGCTCAAAAGCAGCGAGATTTTCCTTTTCTGGAAAGGATAAAAATGAGAGTGCCTCATCGGGATTGCCTGCTCTCTGTGCAATTTTCCTCAATGCCTTTTCAATCGGGCTTTCGAGATAGAAACCCAGCAAGGAAATCGAAAAAATCTTGTACCTTTCAAAGAATTCACGTGCCAATTTCAAGACATCTCCTTTCTTCATGTCTCGATAATCTCTCTTTGAGAGTGCGAGAGCCACATCGTATACTTCTTCACCATACCGATAGATATTGGTGAACATGGTATCAAAATATCCTTTCTCATTTTTTGATTTCTCGTAAAGGTGTTCCCCAAATCCAGTGGCATCTGGTCCATAATTATATGTCCCACTCACATACGCAGAACGGACATAATAATCCGTGAGGAATATCTTCTGATACGTGCCAAAATCGGCGTACGCCTGGATGAAGAGATCCGATATCAACGGCACATACTCTCGAGCAACGACCTTCTTCAGTTTCGATCCGCCAAAGGAAGCCTGCGAGAGTATGACCCGCACCATCCCGTGGTCCGCCACGCCTGAGGACGGGCAGGCATCGACCTCCACCAGGTCACCGTCTTTCAAAACCTGGGTTGCGATCTTGGTCCCGATGATGCAGGGTTTCTTCATCTCCCGTGCGACAATCGCCGCATGGGAAGTGATTCCGCCCAAATTTGTCACGAAAGCAGAGGCTTTTTTCATGCCCATGATATATTCCGGCATCGTTTCATTGGCCACGACGACATCGCCTGCCTGTATTTTCTCGAGATCTCTCACATCAATAACAATCCTTGCGACACCGGTTACGTGACCCTTGAAGGCTACCGTTCCAGAAACAGATTGCTGATGAGATAAATCTACACTTCCGAATATTTTCAATTTTTCCTCAAGTTCCTTTCCAAAATAAAGCCGGAAATCATCTCCGATGAAAGACATTCCGAAGCTATTTGATCGCTCAATGAGATTTTCAGGTAAGCTACCCCCCCGACACAAATCAGCGATTTCAGCAGGCATCATCAAGTCAAGTTCTGTCCTCGTAATACCGAACTTCAAAGCGAGCGCATCAAATGCATCCCAACAGGTACACATGACCTTGTTGATAGTCTCCGCATTGACTGACCGATAATAAATAAGTTTCCGAAGCACTGAAAGTTTTTCAGTCAGAGATTCCCCTAAGAAGGTAATATTTTCTCCGGGCTCCTGTATTCCCTCTGCGAGTGCCATCACCTTTTCATGTTCAATCTCCTCTCGTTTCAATTTCTTCCCACCGAGATAACTCGCTCCCATCCAATAATATTTTTTAAGAAAATCTTCTTCCTCTCCGGGAACCAGATTCCGAAGCGCTTCCTTATACTGCATCAGATACGTCGGCTTGAAGGGAATAAGCAACTTCGCAAAGGTATCCGATGACAAATCGCATTCCTCCGCAAACTCGGGAACGATCGGCTCCAACCCCCTGTCACAAAAGTGTATGAGCATCGAACAGCAGGCAATATCGGCGTATGCATCCATAAGAGCAGGGATGTCTTTTCCCAGAGCAGCCTCATTGGCGCGACGCAATGATTCCTCGCATACGGAGAAAAAATCTTGAAACCAGGATCGATCCTCTGAAAACTTTTTCTGAATGAATACCTCGAATAATTGATGATCCTTTTCCAAGGCATAGACAAAGCCATCCACATTTATGGCACCCGCCAAAAATCCATCCGGCACTACCAATTGCTTGTATGCCCGGCTGCGCGCATAGCAATTCCATGGACCATTCCCGAAAATAGACATCCTCCATCTCCCCCAAAACCGCCACTTATTCACATTAGTAAGGAGATCCCATTCCACTTTGTCTACTACCCGCACCACCCCGTTGTCTGCATCGACTTCGACCAGGTCGCCGTCATGCAGGACCTGGGTCGCGATCTTGGTCCCGATGATGCAGGGCTTTTTCATCTCCCGTGCGACAATCGCCGCGTGGCACATGACACCGCCCTCGTCGGTGACAAA
CP064975.1_gap18	723094	724898	1804	GAGTGCGAGGACACCCATCGGCACCACCATGATCCAGGAGACTTCCTTCGCCGCCTTTGCCTCCGCCGAGCGTGGTCGAGCCAAGAACGTCGTACCAAAGACCTTCACAAAACACGCGACCGCTAATCCACTGGTGAAGACGAGGCTCGTGAGAGCGATGAGGAAGGCGATCTTCACGGCGAGCGGCGACCCGATCACACCAGCAAACAGAACTTGAAACGTGAGCCACTCACTGACGAACCCATTGAAGGGTGGGAGCGCCGCGATCGCCAGCGACCCCACCAGAAAAAAAGTGGCGGTGTATGGCATCACCCGCAAGAGTCCACCATAGGCTTCCAGGTTACGCGTTCCCGCCCTGCTGACGACTGATCCGGCTCCGAGGAACAGGAGCGACTTGAAAACTGCATGATTGAGCAGGTGATACAATGCCGCCGCGAGCGCAAACAGCGCTACCCGCTCCTGCCCCAATGCAAAAAGCGTCAACCCCGCACCGAAAGCAATCGTGATGATACCGACATTCTCCACAGTGCTGTAGGCCAAGAGGCGCTTCAGATCACGCTCGGCATTTGCATACAGGATACCGAGCAAGGCCGAGACGGATCCGATGATGAGGAAGGTGACCCCCCACTCGACACGGGCCCCCTGGAAGAAATCAAAGAAGAATCGGAACAGCATGAAGAGAGCTGTCTTCACCATGATGCCAGACATGAGAGCTGAGACATGGGATGGAGCGGCCGGATGCGCCTCGGGGAGCCAGATATGGAGTGGGATGAGCCCTGCTTTGGTCGCAAATCCGATGAGTGCGAACCCGAGGATGAATGCTTCGCCAGTCGGCGAGAGCGTCCCGAAGGCTTCACGCCAGGTATCGAAAGAAAATGATCCGGTTGCCTGATAGGCGAGGAGACAGGCGAGGATGATGAAAGCTGTCCCGAAATGCGTCATGAGGAAATACACGAATCCGGCGCGGACATTTTCGGCTTTCTCATGTTCGAAAACAACGAGGAAGTATGATGCAAGTGACATCAGCTCCCACACCAAGAGGAAGAACAGTGCCTGGTTCGCAATCGGGATAAGCAAGAGACTACCAACGAAAAGATTGTAGAAAAAACCAAAAGACCCCAATCGACCACTGCCAATGAAATGTCGGAGATAACCATAGCCATACACCGATGCCAAGAGCGCGACGAGTGAGGCGAGGGCGAGGAAATAAGCCCCCATCCCATCGATACGAAAGGAAAGTTCCAGGAGCGGGAACGGCCCCGAGTATAGCCAGGCTACTCCCCGACCCCGATACAGTACGGGAAACGCCATCCCGAGACCGACGACCGATCCCAACGCAGCCATGGCATGCGCCGCCGCATTCGCCACTCGCCCGCCATCATTGATCCGTGCCCCAGCCAACAGCGAAGCGACCGCTCCGACGAGGAACAGTCCGATAAGGAGAAACAAAGCATCTTCTGAGAGAAAGAATTCCATAGGCGCTAGGCAGGTGTCGAACGGTTTTGATCAATCGTGTCCAGAATTTTCAACAATGCCTTCAGTATTTGCTTTGGAGACGGTGGGTCACCAGGGATCATGAAATCCACCGGGACGATATCCTCCACCCGATCATAGACCGCGTACGAGCCACGATAGATGCCCCCATCGATCGCTCCGTCCCCGACTGCGACGACCCATTTCGGTGTCGGCATCGCGGCATAACTGTGGCGGAGACCATCGGCCATATTGCGGCTGACTGGCCCCGTCACAAAGAGCATGTCCGCATGCCGCGGCGAGGCGACGAAACGGACACCGAAGCGCTCGA
CP064975.1_gap19	747592	749636	2044	TCGAGATACTGATATTCCGGGTGTCTTTTTTCCATAGTTATTTCTTAGGACGAATGAGCTACTCCATACGCATGCCAATCTTTTTCCATGTTTCTAAAGAGCGGTTCCCCCATCTTCTTACTCACAGCCAATTGAAGCTTGTCGAACTTCTCTAATTTTCTCTGGATAGAACTCTCGTGTCCTTCCCTGAAGGCCCATTCAATGTACAACATATATAGGCGTTTGTCTGAAGGGAACGCTAATACGTCTGCTTCCTTGATAATCTGCATTTCAATCCCCTCGTCCTCGAAGGCCACCAGTTTCTTCAATTTCTCAAGCCGAGGCCGAGATATATCCAACGTGCCTAAGAAAACCTCTGAAACGGGCAGATTAAAAGTCTCATGTTCGAGATGAAGCGTCTTTTCATCTGCCTTGTAGGTTTTCCCAATATCATGAAGCAGTGCCCCGACCGCGACCAAGAGTTCATCGCAAGCTACGCTTTGCGCGATCGTATGTGCTATTGACTCGACATTACAGGAATGATCATACATCACTGTCCAATCGTGGAAGCTAAAATGAGGATTCTCAATGAACGCCTGTTTCACAAAGCCCTTCACTTCTTCAACTATCTTTTCCTCATCACTTGAGAGCATACCGGCGCCTCTGATTATTTCTTTGACTTTTTTACGGTCCGCTTTTTCGCTACTTTGAAATTCTCCCAATTGTTCTTATTGAAGCGGCCAGTCTTGGCATAGTTCTGCTCGACCGGACTCGTCAGTCGGGAAAACACGAGCTGAGCGATCTCCATCCCCGGCCGAAGGATGATCGGCATACGGTTGATATTGGAAAGTTCAAGTGTGATGTTGAGGAAGTGCCCGGGGTTGATGAGCCCAGCCGTATTGTGCACGACGAGACCGATCCGCGCCAGGCTCGACTTGCCCGAAATCTGGATGAGGAATTCGTCGCTCCCGACAAAGTCGCGCACCTTGCCGAGTACTGTCTCGCCCGGATAGAGACAAAATGGCTCGCCGTCTTTCACGTGGTGTTCTCTCGTCTTGGGAAAAATCTTCTTCACCGGATCGATGAGCAGCGTATTGTACACGTCCGTCACGATGAAATCATTGTCGAGGATCACATCATAGCTCGCCGGCGACAACCGGGCCGAATCGAATCCCTTGATGATGATACTCCCATCCTTCACAGCCTTCTTGATATCGACGTCAGAGAGAAACATACACGTTTCAGGGGTTAGAGATTAGGGTGTTCGGACTATGAGAGAGTAAAGATCTTTTCTGTGCCGTAGTACTCCGGCCAGTGCTCATTGTAAAAGGCGAACATGCGCTCCAGACGATCCTGCGGCAATTCTTCGGCCCCGAGCTCGGACATGAGCGCCCGGATTCCGTCGCGCGCTGCTTCAGCTTCCGCCGGTGTCGCGACCATGCGTTCGAATTCTGCCAGATACCCATAGCCCGCATTGCGATCGAGACAGACGACTGTCCCATCCGCGAGCGTATATTCTTCACGGTCACGTGACCACTTTGCCTGATACGCAAAGCCTGCATCGAGCAGCACCTGATCGAGCGCGGTGATATCGAGCCCAGGGACTTCTTCCTCGAATTCGATCCGGAGGAGTCCGTTGGAGCTCGTCGTGTCATCGATCGACGCTTTCAAGACGAGGAGTGCCTTACCGTCATTGTACGTCCGCGTCCGAACGGAGTGCTGCTTCCCCTCGGTCAGGATGTGGCGCAATTTTTCCTGTTTCACCTGATCGAAATACCCCTTGAGGCTTTCAAACAACTTCTCCACATCACCTGGCAAGAAGTAGTGATTGAGCTGTGAACTCTGCCCTTTTAGCGTGGCCGCATACGGTGCCACACTGATTTTCTCTCGCAAGCGGTCAGCCACCGTCTGCTCACCGAGGAGCGATTTCACTTCGACTTCGATTTGGTTCATAGCATCCAGAAATGGCTGATTACTCCCCTAGTTTACGGCACAAAAAAGGCTCGGTCAAACTGCCCCACGCCCAAGAAAAAACCCCGCCCAGACGAGTCAGAGCGAGGCTTTT
CP064975.1_gap20	787072	791672	4600	TCTTCTGGCTCGTCTACACCCGCCTGATACGCCGTGAATTCATGCCAGGCTGGTGCATACTCGACTGGTATGGTGGCCGCTGGTGTGGGGAAAACTGGCGGATCATCTTCCGGCTCCGGAGGAGGGAGCGCGGGAGTCGGTGGCTCTACCGTCACTCCGGCGACACCAAAAACAAACACCGACAGGGAAGATATCAAAACCCGCTTGGAGGCCGCGTATGCAACTGCTGTGCTCGTCATATCAACCGTTCTATCATTCCATCCCCCACGAGGGATCCAATCAGAGTATCAGTCCACACCATCACACTGCACCGACACGCGTACTCACTTCTTCCCCACCGCACGCCCCTCTATTCTAGAGCACATCCTCAAATCCCTGAAGACCCAGAGAACTACCCCTCTCGTCCGGACACTATCGCGTGAGGAGGCGCGATTGTCAAGCAGCGATCCAGTACCCGCCACGCATACAAAAGAGTGATGATGGCCGCCGACCAAGTGATACCAAAGATACCCCACCACACACCATCGATCCCCAGGCCCAAGGCCGTAGTGAGGAGCGGGAAAACGAGCACCGGGGCGAGGATCTGCCGATAGAGTCCGATCGCGACAGGATAGACCGGGCGCTTCATCCCCTGCAAAAGCGAGACCGCGACAAAGAGTATCGCGTAGGCTAGAAAGATAAAGGCTGCGATCTTCAGGTAGTGACTCCCGATATTCGCCACGTCAGCATCGGCCGTGAAGAATTCCATCAGAGTCCCCGAGAGGAAGAATACCAACACACTCCCGACCGCCATGATGGTGAGGCCATACCAGAGGCAGAGACGAAAGGTTTCCCGGACCCGGTCGAACTGCTTGGCACCATTGTTCTGTCCGACGATGGTCAGGCAGGCGATGGTGAGACCGATCGTCGGGAGGAGGGCAATCTGCTCGATCCGGGTGGCGATCCCATAGGCCGCGACGGCGTTCTCGCCAAAGCCAGCAATGAAGTGCGTGATGATGAAAATTCCCACCCCAATCGTCGCGAGGTTCAGACTGGCTGGGACGGCCTGCCGGGCGATTTCACGAAAGATCTGCATGTCCGGTACGAAATCTCTGAGCGACACCTGAGCGATGAAGTCAACCCTGACGACCTGTCGGTAGAGGTAGAGGACGCCGGCGATCTGGATCAGTATGGTCGCGAGTGCGATCCCTCGGAAACCGAGGGCTGGCAGTCCGAATCCCCCATACAGAAACCAGGGATCGAGGAGCACGTTCAGAAAGAAACCAACTATGAGAAAATTCCGATACGTGCGCGTATCACCGGCCGCCTGCAGAAACGCGTTGAACACACTGAGCAACATGAAACAGACCGACCCATAGAAGATCACGTCCATGTATTCGAGGGCGAGCGCCAGTGTCGTCCCCTCGGCTCCGAGCAACCGAAAGAGCGCCGGAGAGAACGCCAGTCCCGCGAGTGTCAGGAAAAGCGACAACACAAGCGCGAAAGAAACCGACTGTGCGGCATACCGATGCACGAGGTCCGTTTGCTTGGCACCGATCAGGTTGGCGATGAGCGCCGTGATACCCGTCGATGTCCCCGCATCAAAGATGATGATGAGAAAGAAGACCGGAAAGGAAAACGTCAGTGCGGCCAGCGCCTCGGTCGAGACCTGTCCGCCGAAATACGTATCGACCACATTGAACATCGTGTTGAAGAAGAACCCCACCATAACCGGCAAGGAAACCAGCTTGATCAGTTTCGGTATCGGTGCGGCGGTGAGACTGAGTTCAGAGGCCATTAGGGTAGAAATATTATTACGCTCACTCTTTCGTTTCGGTCCACTCGGCTTTTACTCCTCCACTATAAGGCAAATCCGAGAATCCCTGAAGGGCCGGCGGATTCCGTGCACCGACTCGAAAGATTATGGCTTGATAGAGGGGCGGCACCGTGCTACTGTGGCAAAAGCATACCGCATTGGAGAGGTGGTCCCGCTTGACGGGACTGAAGGCACTTCACTCCGCCAGGGTGGGGCCGCGTCCCGCTTGATGCGGGACTAACATGGCAGGGATTGCTCTCCCTCGAAAATGTTCTCAGACAATAGAAATTGGAGAGGTGGCCGAGCTGGCTGAAGGCACCACACTGCTAACGTGGCAGGGATTAATCTCCCTCGAGGGTTCGAATCCCTCCCTCTCCGCCATGACCAATCCCCGGGCCTCTTCAGAGGCTTGGGGATTTGGTTTATAGTGGGAGAGTGAAGGAGATGAGAAGTTTATACCCCGGAGGGGTAAATCCCTCCCTCTCCGCCATCTTAGAGATAGCACGAGCCATTTTTTAATTGTTTCCCAATTTTAGTGTAATGAAAGCTAATTTTTCAAGAATTTTTTTCTATATCTGGCCTCATGCTCGGAAACATTGGGTATCTTGCACCCTAGTGTTTTCAGGCTACGCGGTTGGGGTAGCGTTCGACAGTATCCTTAGGCCGTATATCTACAAAGAGCTCATTGACGCGCTCTCTTCGGGTGGGGAAAGAGAAGTAATTATTGAGCGAACCATGTTTTTGTGGTTCTTGCTCTGTGGTTCGATTATTTTACATAACATTGGTTTTCGTATGGGAGATTACGCGAACTCGTATTTCCAAAGCAACATCATGAAGGAACTCCATGATACGGCATTTCGAAGACTGCTTCGTCACTCGTACCACTTCTTTTCCAATAATTTCTCAGGGAGCATAGTCGCTAAAGCAAAGCGTTTTACCCGATCGTTCGAAACCTTTTTCGATGTCGTCAGTTTCCAACTCTGGTTCTCTTTGTTGGTATTGACCGGTATTATTGTTGTGCTGTTCATCAAAGCACCGGTTTTGGCGTGGATATTTCTTGCCTGGACCGCCGTGTACATTTTCATCACCGGCTTGTTTATCCGGAAGAAAATAGGATATGACCTGAGTGAAGCGGAAGCAGACTCTTCTGTTACCGCTCGCCTAGCCGATTCCATACTCAACGTCCTCAACATCAAAGTGTTCGGTGCCGATAAGCAGGAAAGGAAAAGCTTCCAGGCCGTTACGGCAGATGAGGAAGAGAAGCGTCGCCGGGCGTGGAACTATGGTAACTTTCAGTATACTGTCCAAGGGTGCCTCATGGGAATCTTGCAGGTCTCTGTTATTTTTCTTTCTATACGGCTCTGGTCTGCAGGAGAGCTTTCCATTGGCATGATCGTGCTGTTGCAGCTTTACATGCTTAATTTGTTTGATATTCTCTGGAACCTTGGGAAATCTCTTACTAAAGCAGTGAAGGCGATGACCGAGATGAAAGAAGTGGTGGATATTTTTGACTTGCCTATTGAAATTGCTGACCCAGCCTCTCCGCAAAAGCTAGCGATTAAAGATGGCCATATTGTTTTTAATGACGTTACCTTTCGGTATCAGGACGGCGTATCTGTTTTTGAAAGTTTCTCGCTTGAAATACAGCCGGGAGAGCGCATCGGCCTGGTTGGGCACTCTGGCGCCGGCAAATCAACCATTACCAAGCTTCTTCTTCGGTTCGCTGATGTTAACCAAGGAAGTATTCTTATTGATGGCCAAGACATCCGGACACTGACTCAAAACGACCTACGCTCCGTTATCTCTTATGTACCCCAAGATTCCATTTTGTTTCACAGGAGCATTCGGGAAAATATCGCCTACGGAAAGCCAGAAGCCACTGACCAAGAAATCCAAGAAGTGGCTAAAAAAGCCCATGCCCATGGATTCATTGCCAAACTCTCTAATGGCTACGAAACATTGGTAGGAGAGCGCGGCGTAAAACTCTCGGGCGGTGAACGCCAGCGCGTCGCCATTGCGAGGGCAATGCTAAAGAATTCTCCCATCCTTGTCCTGGACGAAGCGACCAGTTCTCTTGATAGTGTGAGTGAGGCTTATATTCAAGAAGCTTTCATCGAACTTATGAAGGAAAAAACCACGCTCGTGATTGCTCACCGCTTAAGTACCATTCAAAAAATGGATAGAATTGTCGTCCTGGAGGACGGCGCTATTGTTGAAGTTGGTACCCACAAAGAATTGCTTGCCAAACAAGGCGTATACGCGAATCTTTGGAGTCATCAGAGTGGAGGCTTCATCGAATAGAGCCATATTCATTTCTTTGATAGAGGTTATCCCGCACGGGATGCGTCGAAGAAAATCTTGAAATCGTGCTAAAATCTCCTTAACTGGCTTGATTTCTGGAGGTTCTAACTCGAGATGGCCCGCAGCGTAACAAAGTGAAGCAAGGATGAGGAGAAAGTGCCCTGCGGCACTTTCGTGAGGGTGAGAAAGACGGAGCGATGTTTTGCCGAGCACGCAAAACCGCGAGTCGGGGTCGCGGAAGTTCATGAGCGACGGCGAGTGAACTATCTGTGACCGAATCCCTCCCTCTCCGCCATGACCAATCCCCGGGCCTCTTCAGAGGTTTGGGGATTTGTTCTATAGTGGAGAGGAAGGAGATGAGAAGTTTATACCCCGGAGGGGTAAATCCCTCCCTCTCCGCAGAAGGAAAATTTTTATTCTGTTTTTGAGAAGAAGCAGTAAAGCGTAATAGGAAGATACTAGGGACTTCCATTTTAAGCTATGCCTGAACCAACCTGGCCAAAA
CP064975.1_gap21	796465	798457	1992	TACGCCTAAGCGAGACCTTGCTCTTGCGGCATGGGAAGGCTACTTAACGAATAATCTTTACAACGAGATCTTCCAAGAATTGGAACCTTATTACTCTCGTGCTATTGAATTAAAACGAGAAGATTATACTCCACGAGAGTATTTCAAGGATCTTGATGAAGTATTAGCAACGCATGTCGCGCTAGCTTTTATGCATTTTCCCCAGTTCACTTATGAATCAGCGCTTTTTAAAAAGTTCTGGCAAGAAAAGAATCTTAAAAGACAGACTGAATTTATCTCATTTATCGGTCGTTATTCTATATCTCGAGACCAGGCTAAGGAATGGTTAAAGAAAAGTAAAATAGATTCTAAGAAGTTGGAAAGTTTTTGGGATTGGATTTTAGAGGCACCAGTAGATCCAAAGGTGTTTGAATCATTTGGATTTTGGATGGATGCCGAATGGAATGTTTTTGATCCTGCTTGGCAAGCTGAGCGCACACGAAAGACGCTAGAAAAAACAGGTGGTGCAATAGAGTGGAATCATAATCTTCAAGAATCGCTCCCTATCTTCGCAAAGGTATCCCCTCAAGACACTCTAACAATACTGAAATTGCATCTAGAATATGTTGCTAAGAAAGCTCCGCAACAGGGTTGGTTTCATCTTGATGACAAAGTTCAAGAAGTATTTCAGTTCCTCTACGAAAATCCTGAGACTAAAAAAGGAACTTACAACCTCATAGATATTTTATTGCCGCTTAGTAATGGAATGTTCTGGAAACTTAAAGATATCGTGAAGGAGTAATTTTGGAATAGTAAAAACCGCCTGTGAGGGCGGTTTTTACTAAGTTACTTATTGGATATTCACGAGTGTCTTACAGCCCGTATCCATAGTGCCCGTTACTTTCGCTTCTTGTTCTAGGAACTCACAGGAAGCTTTCTTGTCGAAGTTCTGCCAGTTAATCTTTCCATGGGTTGGCTTATCGATGAAGTAGGTAAGCACAACATCGTTTTTCTTGTTTCCATAACGATCAGTTGTTTCGGCATAGTACCAGACAATGACATCGTAGGCCTGGATACTCGGAACATCGTACACCGTTTGGAAGATGGAGGTGGAAAGTTCTCCTGTATCCCTGAGAAGCGAGTTTTTACTGTAGAAGCTTTTGAGGTCAACTTTAACCGTCACCATTTTGGTATCTTTGGGACGAGAAAGCCAGCTATACCAAGCTTGGGTTTGAGAAGCCGGTTCTAGAGAAGGATGTTATCCTCGGATTCGGCCTCCAAGATGCCAAATCAGGCCGAGGAGAGTATGAGAGCCATCATGAACTCCAGAAACTTCTCAAAGATGCTCTAAGCCCTACAAATTGGCGTCTCATGAGCGATGGAGTCACTTATCGCCTTGGATTCCTCCAAGGGCGCTTAAGGGGCGTAGAAGGTGAGGAAAAGCTCAAAGACCTCCTAGAATCCGAGCAAAAGAAAAGAGACAAGAAAGTAATTAAATAGCATTAATACCTCTATGCACCGAAAACCATTTCTCCAGCTTCTCAAAGAATACGAGTTAACAGCTTCTCCTGACGAGAAAGAAGCTGTCGCAGAGCTTATTCAATATGTTTCAGAAAATCCAAACTGCTTCGGACGAGAAGCGAAAGATGGTGCCAAACATATTGCTGCTTCGGTCTTGCTCATCACGAGAGATTTCAAGAAAGCACTCTTTCTCTGGCATACAAAGATAGGGAGGTGGACACAGCCAGGTGGCCATGCCGATGGCAATCCCGACTTGCAAGGCGTTGCGCTCAAAGAGCTTGAGGAAGAAACAGGAATTACAGGCGCTCAGCTGGTGAGGCCCGCTCCCTTGGACATCTACCGCTTTGATTATCCGTCTGAAGTCTTCGGTTATCGGAAAAGTATTTACAATCTTTGTTTTGCTGCTTTCCTGCCAGAAGGACAGGAGCCAAAGATAATGGAGCCTGAGAAATGTAAGGAAATGCACTTGGCTACTCCCGAAGAAGCCTTGGT
CP064975.1_gap22	816453	821146	4693	TTGAGCCGGCTCCGTCATACCTGGGTCAACAGTTCATAACCGTCCCGTGTGATAAGCACCGTGTCCTCCGTGTGGGCGGACAGCTTTCCGTCCCGGGTGCAGAACGTCCAGCCATCATCAGCCAGTCCTACCCGATATGTCCCCACGTTCACCATCGGCTCGAGGGCCACAGTCATCCCCGCCGCAAAATGGAAGCTCGGTAGACCAGAGTCAAGATAATTCGGTATCTGCGGGTCTTCGTGAAGCTCACGACCGACACCATGTCCGACCAAGTCACGCACACAGGCATACCCGGCCGCCTTGACTATATCCTCGACCGCTTTGGCGTACGCATCCGAAGTCGACCCATCATGGAGCGTCGCCACCCCAGCCGATAGCGCCGCCTCGGTAACGGTTTTGATCCTCGTTGCCTCAGGTGAAGCGGCGCCGATGACCTTCATCCGGGCCATATCCGAGACCATTCCCCGATAGCGCATCCCGATATCGATCTTCAAGAGATCGCCATCCGCGAGGACACGATCGACCCGAGGGATGCCATGGACGACCTCTTCATTGATCGAAAGGCAGACAGCTGCCGGAAAAGGCGGGGCACCCCACGCCTTACCGTATCCCTTGAAAATCGGCTCGCCACCAGCTTGCTGAATCAAAGTTTCAGCCAATTCACCTAGCGTCCCAGTCGACACGCCCACAGCAGCGGTAGACAAGAGCTCTGTCACGACTCGAGCGAGCCGCTGGCAGGATTCCCTGAGCGCGGCGATCTCCGTGTCGTCTTTTATCCAGTGCTTGGACATATCAATCCGGCCGGACATGCTCGAGGATAAACTTGAACACCCGGTAGGTTTCCTGATTCCCGTCGACATGGAGCAACTGGCCGGTCGACTCGAAGTATCGAATCACAGGCAAGGTTTTCTGGTGAAATATCTGATGACGCTTCCGAACTCCATCCTCGGTATCATCCACCCGTTGCGCGATGTGTCCACCGCAATACCGGCACGGTTTGGTACTATCGATCAGATTCTTACCGAGGATATAGGTGCGTTTGCAACCCTCGCAAGCATAGCGTTTGGAAATACGTTCGACAGAAACTGCTTCCGGCACATCGATGAAAATTACTTTATTCAAAGTCCGACCAGATTCTTCCAGAACCTTGAGAACTTCGTCAATCTGACTCTCCCCTCGAGGGATACCATCAATCAGCAGCCCAACCGTCTCGGGTACAGAATGCACCGCGTCAACGAGCACTGCGAACACGGTATCGTCGGGAGCGAGTTCGTGCTTCACATTGATGAACTCATTTACCTGCCGCCCGAGCTCAGTATCATGCGCCGCGACCGCCCGTAACTCCGCACCGATATCGATATGTGCCAGATGAAGCGAGCTCTTGAGCAATTCCGCTTGGGTGCTTTTTCCGCTGCCGGCCGAACCGAGCAGAATATAGGTGTCTTTGAGAGGCATGTGGTTAAAAATTTCTAATTACTCAATTTCTCATTTCTAAACAATTTCCAATGAAAGAAGTCTCGTATTGAAACATTGCTCCATTGTTTGAAGATTGTGAATTGAAACTTGAAAATTCTCTTAGAGTCCTTCGTAGCTGCGCATCATGAGCTGACTCTGAATATGCTTCACCAGCTCGAGAACGACCGACACGACGATGAGGATACTCACGCCACCGATCGAAAGTGCTTGGATACCGGTCATCCCCTGGACCGCTATCGGGAGGACCGCTATAACCCCGAGAAAGAGTGCTCCCGTGAAGGTGATCCGTGTGATGATGTGATGGAGATACTCAGCCGTAGACATCCCGGGCCGGATACCGGGCACATAGCCGCCCTGCTTCTGGAGATTCTCCGAAATCTTCACCGGATCAAAGACAACTGCGGTGTAGAAATAGGTGAAGAGTACGACGAGGACGAAGTACGCAATGCCGTAGACCCACTGGTTCTGGAGAAATGTCGCAACGGAGATAGCAATATCCGCAATCCGGGCATTTGGCGAAGTGACAAAAAAGTTTGCGAGCATGGTCGGGATGAGGATAAGCGACACCGCAAAGATGATCGGGATCACGCCCGCCTGGTTCACTCGGAGCGGCAGGTGTGTCGCCGATCCGCCGTAGACACTTGAGCCGCGCACCCGCTTGGCATAGGCGATAGGGATGGTCCGCTGTCCTTCATTGATGAAGATCACACCCGCAACGGTGATGAGCCCCAGCGCGAGGAAGACGAGATAGGTGAAGAACTGCGATGGATCCCACGTCGCCAAGAGCCGCGAGGCCCCCGTCGGCAGCGCTGCGACGATCCCCGCAAAGATGAGCATGGAGACACCATTGCCCAACCCCTTCTCGGTGATGAGTTCACCCAGCCACATGAGAAACACGGTGCCCGCCGTCGCCGAGAGGATGATCACCACGATCGTAAACGGTGTGATATCGGTGAGGATGTTCTGCGATCGCAGAAGCGAGATCATGCTGAATGACTGGAGCGCCGCCAGAGGCACGGTAAGCCAGCGCGTCCACATATTGAATTTCTGACGGCCCTGTTCACCCTCTTCTTTGTACAGCTTCTCGAGCACCGGGAAGATGGTCTGCATGAGCTGCATGATGATACTCGCGGTGATATACGGCGCCACACCGAGGAGCACCACCGAGATATTGGACAGTCCACCACCTGAAAAAATATTCAAGAGACCGAGGAGCGCATTGTCCTCAAAGAGTCGCTTCAACTGAAAGACATCCACCCCTGGCAAGGGGATATTCGCGACAAGCCGGTATACCACCAAGAGCCCCACGATAAAGAGGATCTTCTTACGAAGGTCCGGGGTGCGGAAGATTTGAGAGAAAATATCGTACATAGAGGCGTCAATCACTCCTGTCCATTCGGCCACAAAACATCCTCATTTTAGGCCAAAACCAAGGAAATGGCAATCGTCAGAAAAATGCTACACTAGAGGCAGAATTTCTCTCTCTTTAACCTTATGTCGAATCCTTGGGAACAGTCATCGATCACGGTTCCAGCAGCAGAACAGCAGACCATCACTGAACTCCTCGACGCCCGGCTCGAAAAGCTCGGCATTGACGAGAACATCCGAGAGAGTGTCATAGCGCTCAACCAGCTCAACTTTGTCACAACCGAGTCCTGCGAAGGCCACCTTGACCACGGCAATATCGCGCCGCGCATCCGCTTCGAAGCCCCTAGTCGGCCAGAATGGCGCTATATCGGCGAACGCGAAGCGTTCGAATCTGTCGCCCAAGCCAATGGAATTACCGTTGCAGACATCCGCGAAACACAAAGACCGAAATACGGCGAGGATGTCGGGCACGATGAAGCACTAGAAGAACGTGCTTTCCAAGCACTCCAGCAAGCTCGCACCACAACACCGCACGAAAAGGAAACATCTGAATTCATCCGCTTCCGCGAAGCGACCGATGTGCTTGCCGAAAAACTAAAGGCATGGATCACCGAATACGAACGGTCACACGAGAGCGATGTCAAGCTCACCGTCGATGTCTTTGATGATCCAGCGTTTGGCCAGTATGGTTATTTTCTGCATGTCGGTGGCGCGGACTATCTCGATATGGCCGACCCCGAAGCGCTCCAGCAATTACCCGAAGCTGAACAAGAAAAACGCCATAAACAACACACCGCCTATCGAGAAGCCATGAAGGCCTTCACGGATTTCCTACGACAGAAAATCTAAGAAAGAGAGGGTCTCGGTGTCATCTCCGTTAACTGGGTGTTATGAGGACCCCTCCTATGCTGCTTTCGATCTAAGAATCTTACTCTCTCCATCTTTCACCAAAACGGCCTCGTCGTCAGCCAAAGGAATGAATTGATATTCTTTATACTCTCTCTGCATTACCTCAAGCTCATCTCTCTGCTCTTCTACGAAGTGAGGCCAGGGCACAAAGTTGACTAACGACAATCCCTCAAACGAAGTTAGTCCAGGCGCTCTCCCTGGATCATCGGCATCTTTTGCCAGTTCGACCGTGGGTCCCGCGAGAAGTGCGCCCGCACTCGAACCAATGTATACCGCTCCTTCCTGGACTCTTTTCTTCACAACCTCATTCAGTCCACTCTTTCTTACCTCCTGAAGAAGATAAAAAGTATTCCCTCCGCTAAAGAAAATTACATCTGCTTTACTTATTTTTGGCATCCACACTTCCTTAGCAACAGAGGCGACATCTATCACTGCTACTTCTTGAAAAATTTTCCGACAAGCTTCAATATCAGCTTGAAGCCAAGGTTTCGGACCGTCTTCTACGGTTGCAGCTGTATCAATAAAGATCAGGTTCATTTCGCTCGCAGGTCTTGGAAGTGCAGACACGAGAAGATTCAAAGTTTTCGAGGCAACAGAGGTGAGATAAAGAAGCATAAATAGTCGTTAATCTTACGCCAGTATACCAGGTCCGAATGTCATATCCGGAGTACGAAAAAGAGGCTCAGATAAGCCTCGGATTTCGGTGCTCCCATCGATGGAAGAATCTGGACTCGATTATTTCGGCGCATTTAAATCGTTAAGCATGGCCTTGAGCAGCTGCTGTGTATCGTCTTGTGTTTTACCTACTTTCAATAATATTTTTCCTAAATAATCCAAACCTCCCCCAACCACCACTTGGTTATAAGATGTTGTATCGCCAAATGGACCAGGGCCAGCTCCTTTTTTGGCAAGACTAATAATATCCTGGACATCCTCGATT
CP064975.1_gap23	823734	825698	1964	TCATTCGGGAAGCCGGAAGAGCAACGCTCGGATGGCCGGCGCGCTGGGCATTCCTGATTCGAGTAAGCATTTCTGCGATTGGGTCTAACATAATCGAGTGTGATGTTTGAGGATCTCGTAATTACCACGATGACTTCCGAACGCCTGGTATCTCGCCTTTGCTCGCGAGCTCACGGAAGCAGATGCGGCAGATATCGTACGCCCGGAGATACCCATGCTTCCGGCCACAGCGCCAGCAACGCCGCACGATCCGAGTCGAGAACTTCGGCGTCTTCTGAGAGCGAGCGTAGGTCGATGTTTTTGCCATATGCTTCGTGTTTAGTGTGAGGCTTCTTGGGTAACCGTCTGGAGTGGGAGACCGAGGGCACGGAACAGACATTCGCCAGCTGTTTTGTCTTTGGCGGTCGTGACAATCGTGACTTGGAAGCTGAAAACGGTCTGGACTTTTTCCGGAATGATTTCTGGGAAGACCATGTGTTCTTTGATACCGATATTGCAATTGCCATAGGTATCGACCGATCGGAGTGTGATGCCCTGGAAATCACGCACGCGCGGCAGGGCCACATGGACGAGCCGGTCGAGGAAGTCCCACATCCGCTTGCCGCGTATGGTCACACGCATCCCGACTTCGAGCTCTTCACGGATCTTGAACCCGGCGATGGCCTTGCGCGCCTTGGTCGCGACGACCTTCTGCCCGGTGATCATCTCGAGTGACGAACGAATCTCTTCGATCCGGTTCGCCTCCTTGAGGAACTTGCCGACGCCCACGTTCACGACCACCCGGTCGATTTTCGGGAGTGCATTCGGATTCTCCGTTTTGAGGAGCTGCTTCAGCGCCGGGAGAGCCTTCTGTTCGTAATTTTTCTTGGTGAGGGATGACATATCGCTAGTTCAAATCTTTGCCGGATTTCTTACTGACGCGGACTTTCTCGGTGCCACTGACCCGGTACCCGACACGCGATGGCTTGCCAGTCTCCGGGTCAACGAGCATGACATTCGAGACATGGATCGGCATCGCCAGTTCCACACGCTCACCCTTTTCACCCGCTGTCTTAGCCTTGCGATGACGCTTGCCCATATTCGCTCCTTCGACGATGACCTTATCGAGCGTCGGAAACACGCGAGACACGGTGCCACGCTTGCCCCGGTCCTTGCCGGCTATTACTTGCACTTGGTCGCCTTTCTTGATCTTCATAACCTTAGAGTACTTCAGGAGCGAGTGAGACGATTTTTGCGAATCCCTTTTCGCGCAGTTCACGGGCAATCGGTCCGAAGATACGGGAACCCTTCGGATCCTGCGTCGTGCCTTCGAGGATGACGGCCGCGTTCTCATCGAAACGGATATAGGAGTTGTCCTTGCGACGATGGGCGGTCCGCTGGCGGACGATGACTGCCTTTACCTTGTCACCCTTCTTCACGAGACCACGCGGCTCCGCGACTTTGACCGAGGCCACCACGATATCGCCGAGACCAGCATACCGGCGGCGTGTGCCACCGAGCACCTTGAAGCACTCGATGACTCGGGCCCCGGAGTTGTCTGCGACGATCAGTCTGGATTCTGCTTGGATCATAGTCTAGTCTCAGGGAGCATTTATTCAGCAATGACGATATGGTGTTTCTCTTTCGAAAGCGGGCGGCACTCGCGAAATGTCACCACCGTACCGAGCGCGTATTCCTTACCCTCCGTTTCCACCTTGTAGCGCTTCGTTGCTTGGTACTGTTTCTTATATTTCGGGTGCGTCTTGAGGGTCTCAACAGCGACCACCACCGTGTTCTTCATGCGATTCGAAACCACCGTGCCTTTCCAGGTCGGGGTATTCTTCTGCTTACTGGTGTTCGGTGCTGTCGTCATACACTTGTTACATTCATCGGGCTTAATCTTGTTTCATGCCTTCTTCACGCTCGAGCGTCAGGAGCCGGGCGATATCGCGCCGCGTTTTCCGATGCTCGCTGTGCTGCTTCGA
CP064975.1_gap24	981840	983994	2154	GTTGGGCATGCCGCCACTGTACGACGCATGGCTCCGGTTCGTCCAAGTGGTGACGCACTGTCACACCTCGACCATCGGCCGACAGACAAAGCTGAGTCCCTCTGACTACCTGAAAACCGTGGTCATCATCCGGTCCCTCGTGGCACGTGATTGCGCCCTCCAGATGGATGTAGCAGTCACCGCCACCCATCTCACCAACGTATGGTCCAGAGACATCAGCGGACTCACCGGGCTGGATGGTAACGTCCTCGGCATAACCTTGTTCAACGTGGTAACCGAAAGCGATGATGGGATACGATGTCTTGTTAATGACCTTCATGCTTCTACCTCCCTCGATGTAGGTTGGATAATCTGTCCTCGAGCTCAAGGACTTATCAGACTACTTACTTTAGCAACTTTAGTCAATACATGATGTTTGAATCCCATCCGTGATAACAATAAATAAGGCTGTTACAGCCCTTCTTTGAGAGTATTCCCTCTAGTGAACAAACTTAGGACTTTGGATTGGAGAAGTATTGGGAAGATGGTGGGAGAGATGGGGACAGTTTTAGCGTAAAAAAGGGAGTGGGTATTGCCGTGTTAGGCTCACCACTCCTTTGTTCGTCTCGGCCGCTGCCACGCTTGCTTTAGGCAAAAATGCAGTTAGCGACCCAGATGAGGGCGCCTAGAACGCCCGATATGAACGCCATCAGTCCGACGTTCTTTTCCTGCCACGCTTGGCGCAGAGAAATCTTTGGGGTACACAGATACGCGTTCGGTATCATGCTCAACTCCTCTCGTAAAAAATGATTGCTTTACCCTAACCAATTCACCTCCTACTCATGTCCAAACTGGACTGAACATACTATCAGAGTTTTACATAAAGTCAACAGAGGGCAACAAAAAAGGTTCCACTTTAGAGCATTACCCATCTCGAAATAATTCAGCGCCTTAACATCTTTTGAAAAAGGGGCTTAAACATATCATCCTCGATATCAATGTGAAGCTCATTCCGATTCACTCTTTCACAAAACTCTACTGGCACATCCTGAATAAGAGCGAGTGGTTGTTTTTCGTCTCCCTCGCCCATAAGGAGAACTGCCGCGGTTGCCAAACTATCCGCCACATCAGTACTCGAGAACTTGAGCTTTCGACCATAGATATCCGGTTTCCCTCGGTAATCTCTGAGACCGCGAAAGCCCGCATACCCCAGCGCTATTCCGACCACACCGGAGCGGAGCGGCATCGTTCTGCTATCCGTCAAAATGATCCCCAGGTTTTTCACTCTGTAATATTTCTGTAGCTTCATGCGGATGAGAGAGGCAGATCGAAAGCTATCCTTTGGTAACAGAATGAGTTTGCCATTGGCATTTGATTCATCGATGCCGGCTGAGGGCAGGATCATCCCATCTTTGATAGTAAGCCAAACGTATTTCGTCTTCAGTGCAAAGCTACTTTCAGCACGGATCGCTTCCTCTTTCGTTTTGGAATCCTTGATAATCACCGTTCTTCTTTCTGCAAGAGCAACTATTTTGGAAGTAATAACAATGACTGACTTCTCAGGAATTTTTTCAATATAAGAAGTTATAAATGGTAGAAGATTCTCTCCTTCCAAAAACGTCCGAGTTTTTATGGCTTGAGTATGCATATAGATGAAGGTACTGATTATTGTTCATTATCTTTGAGGAGATGAATCCCTATGTAGGAAAGGGGCGTATAGAGCATCCCCATTGCGACCTTATACAACCACCAGGAGAAAATAATGCTCACCAACGTGGAAGCGCTGTAGACACCAGCAAAGGCAATGACCATAAAAATAGTCGTATCCAGCAATTGCGACCACAGATTAGACAGAGATGAGCGGAGCCAGAAATACTTTATTTTCAGCTTGTTTCGAAAGAAAAAGAAGGAGAAGACATCTTGATACTGTGCGATCAAGAATGCGGCGAGTGAAGCAAGAGCAATCCGTACCGAAACCCCGAAGACTTGATCATAGCCATCCCGTACCCAGCCCCCAGCCTCAGACCAGGGCATAACAAGCGACACAAGTGAATATGCGATGAACAGTGCCGTACTCAAAAACCCAGCGAGAACGAAATATTTTGCCATGCTCTTCCCATATACTTCGCCGATTACGTCATTCATCAAGAACACGATGGGGAATGAAAACACTGC
CP064975.1_gap25	1002171	1003993	1822	TTGCGCTTTCATTTTCTTGAAATTCCCCGCAACAGTCCCGGCATGGTCAGATGTGCCTGTCCAGGTTCCCGTTGCAACATCTGGTTCATAGAAGTCCCCAAAAGCAATATCCCCTTTCATCTTCGCATTTTCACCGAAGTTATGCATGTGTTTCATAATTGCCTGTTCGTCCACGCCCACATCCTCCAGAATTTTTTTCATGGTGTCCTTATAGCTCTCAGTGATATCGACCAATCCGGTGACCGGATCAATACTTGCCGTACCCAACTCATGCGCGAAATCCGCTGCAACGTTATCCAGACCATTTATCCGAGACAGGAGCGTACTCGCTGCCAGCACTTTTGCTGAATTACGTTCCTCATAACCCTCTTTAAGCGCTCGTCGTACTACATTTTCATTAACCTCCCCTCCTCCCTGTTCCTTGATCTCTGCTTCATAATGAGCTTTTTGTTTATTCTGCTCCAAGAACGCATAGTTGGTTGAATCCGCGTGTGTAAACTTATTAACAATTGGGATGCTACTAAATGCTTTATTTAATTCATCGTGCATCCGCGCCTTTGCCATATCGATAGGAAGTTGGTCCTCATGATGCTGAGCCTCACTACGCTGCTTGAAGGCGGATTTCAACACGGTCGGGCTCAAGTACTTCACCCATTTTTTATCAGATGCAGCGAGCTTCGTCTCAATCTTCCTCCCAGCATATTTGGCCGTCCCAGCTGCGCCCTTCCCCACCAATCTCACTGGTGCCATCGCTGCGCCCTGCACCTTCTTCCGTGCCCAATGCGCCGCCCCATAGCCCATACCGACGACAGCTGCCGAGCCGGCGATGGCGAATTTGTTGGCCAGGCCGATGGTCGCCCAGATGAGAATGATCGGGATCGTATAGAAAATCACATTGGTGATGAGTGTCGATCCACTAGCGCTGACACTGGCATTGGTCGACACCTGGTCCACTGATCGCCAGACATTGGCCGTCTGGGTCGCCTCGAGAAATTTCAGCGAGACCACGAGCATGAGCGCGGCCGCCGGACCGAAAAAAGCATAGCTCCAGAACTTACTCCACCATTCCTGTCCGTATTTGTTGAATCCTGGCAAGAGCGACCCCGCGAAGCCGATCGGCGAAAAAACGAGGAGGAGGGTGAGTGCGATGAGCCGAACGATGAGCATGACCGAGAGCACCGCGAGCGAAATACCGAAAAGGAAGGCGAAGATGATCGCTGCAAACGTCGGGATATAATCCGTCGTCAGTGCCGCCGCCGCCGTACCCGAAAACCCGAGCAGGTTGTTCATCGCGATCACCGCCCCCTGGCCACCCCCCGCACCGATGACGTCATTTATGAAGTAGTACATCGGCACATTGGCCACATCGATGAGAAAGCGCGTGATAGGAAAACTGAAATTGATGAGGAGCGCCGTGAGGAGGATGTTCTTGAAGATATTACGGATATTGAAGCTATCTACCTGGAAGATGGTCGCGAAGGCCGAAAAGAGCAGAATGAAAATGAAGAACAAATTGAAGAAGTCCCGGATAAATTGCCAGAGCGTATAGACGGCGGGGAAATTCAGGATGCCGTTTGGACCAGAGACATTGGCCGGATTGACCACCCAGACGAAAAGCGCAGCGGCCGGGGAAGCAATGATGAGGATGATCGCACTGCGAATCAGATTGAGTAACCACAGTGAAAAGTCCTTCAAACATCCGGTGATATTGCCTATATTGCATCCAGTGGACACATCTCCAGTGGCTATCCCTTGGCCTTCTTTCACACCCGCGTTAGTCGCCCCACCCACCGTCGCAGCCTCGACCGGGGTCTGGATAGTC
CP064975.1_gap26	1132027	1135751	3724	TGGCAAGACCACGACGACCAAGCTCATCGCGGCTATCGTGGCCGAGAGCGGGAAGAAAACCGCGTATGCCTCGACAATCGAGTACGGCATCGGCGAGCGACACTGGACGAACGCCTCGAAGTTCACGACTTCGTCAGCGTGGCAGCTTCAGAAATTTTTGTCAGAAGCCAAGCGGGCCGGCTGCACCCACGTCGTCCTCGAGACATCGTCGCATGCCATCGATCAGTTTCGGACCTGGGGGATAGCTTACACCATCGCGGTCATCACCAATGTGACGCGGGAGCATCTCGACTATCACAAAACGATGGCCGAATATCGGCGTGTGAAACGGAAGCTCTTTGCTAACGTCCAGATCGCCATCGTGAATATCGACATGGAGCAGCCAGAGGACTACTGCATCGCCGCGCCCGGGAAAACACTCACGTATAGCACGAAAGACGTGGCGGCGGATGTTGTCGCGACCGAGATCGAGCTTGACCTCACGGGGACGCGTTTCCTCGCGCTAGGAAAGTCGTTTCGGACAAAGCTTCCTGGACTCTTCAATGTCGAAAATGCGCTCGCGGCCATCACTACGGGTCAGGCACTCGGTATCGATACAGAAACGATGAAGCGCGCCCTCGCCACTGCCACAGGTATCCCGGGCCGGATGGAGTCAGTTCCAAATGATCGCGGGCTCGACATCCTCATCGACTACGCGGTGACGCCGGATTCGTTTGAGCAGCTCTATCGGGCGGTTGGTCCGATGCAAATCCCGGGGACGAAAATCATCCATGTCTTCGGTGCGTGTGGGGAACGTGATCGGGGCAAACGCCCGGTGATGGGGCAGATCGCATCGGAACACGCGGATGTCATCATCCTCACCAATGAAGATCCGTATCATGAAAATCCTGAGCACATCATCGACGAGATCGAAGCGGGCCTGCCCGAAGCGCTTCGGAATCCGCCAGCTGGCGGAGCATCGATGCGGGCGGGGGTGACGAAAAAGAAAGGACAAGATTATTTCCGTGTCTTTGATCGGCGAGAGGCAATCGCCAAAGCCATCGTGCTGGCCGAAACCGGCGATATCATCCTCATCACGGGCAAGGGCGCCGAGGAGACGATGGCGGTCGGTGATGCGCGCATCCCGTGGCGCGAGCGAGCCGTCATCGAGGAAATACTGCGGATAAATAAAAACGGCGGGGACTGACCCGTCGCTATTTTCTTGAGTAAAAAAATGCAGCGACTATGGAGTAGGTTCTCCTTGGTCGCTGCGGGGCGCTGGGGGCAGGGGTGTCAGGTGGTGATAAGTCTCCTGGACTCATCACCAGGGGCGGCGATAAAATCCTCTTTTCGAATGAACCGATCCGATGGTGCATGGGTTAGCCATCCGAAGAGGTAGGGTTCGTTTAGGTACGGGCTACCTTCGTGTGGTTGAGGGTACACTTCAACCAGGAATTGCCTGCCTTTTTTCGCATGTACCTCGAACGTTTGGGTATTGGATCTGCCGTCGTCTATATGGTAGACCCCGTTTACCTCAACATTTTTGGCGGTATATACAACCGGTGGCTCGTAACTATCTGGCATCGAGCGCCACCAAAGGAAAAAGCCTATCGCCAATATAGCAAACATGCCGCTGTACATCCAGCTTGGCGACTCCTTGATAAGATCAATCATGATTCACACTCCTTGCCTTGGTGGAATTTTTTGGGAAGAAACTACTACAAAACAAGCAGCACGTTCACAGGGTACACTATTTTTATGAGATTGTCAAGGGCGCGCTAGCCCAAGATGCGGATGAGGATGGTGGAGAGGAAGAAGCCGACGAAGCCGCCGACAAGCACTTCGCTGGTGCGGTGCCCGACGCGTTCTTTCAGGCGGGGGAAAGCATCAGTTGAGAGCTTCAGAGTCTGGACGAGAGTGTTCAGGTAGCGGCCCTGATCGCCGAGGTACATGCGGAGCCGGACCGCGTCATCGATGATGAGGAAAGCAACCGCAACCGCGACCGCAAAAGCCCCGGATCCGACGCCCTCATAGTAGCCGATCGAAGTGAGGAGTGAGATAGCGAAGGCGGTGTGAGCGCTCGGCATGTGGCCGTGGGTGGCGAGGTATTCGAGCTTCCAGCCATGCTTCAGTCCGAACATGACGAACTTGATGATCTGGGTGACGATACTCACGACGATCGGGATGATGAAGATAGCGTGAGCCTGGAGAAAGTCGTGCATAGTTTCCCTTAGTATAGCACCCTGCCAAGCCACTCGTGTGGCGACAACTTCTTTCCGGATGGGCAGATTCTGCTATAATGAAGGCACTGAATCCCTAATCATACATGTATGCTGAGTCTTCCACTCATCCTCATCGGTGTCGCCGTGCTGGCCCTCCTCTATGGTGTCGTGCTCTACAATGGGTTCGTCCGGCTCGCCACGCGCGTCGATGAGGCCTGGAGCGATATCGATGTCCAGTTGAAGCGCAGGTATGACCTGATCCCAAATCTCGTGAATACGGTGAAGGGCTATGCCTCCCATGAAAGCGGGCTGTTCCAAAAGGTGACCGAGGCGCGGGCACAGGCGATGCAGGCCGGCTCGGTCGGCGATCATGCGGCGGCCGAGAATATGCTGGCCGGGACATTGAAGAGCCTCTTCGCAGTCGCTGAAGCCTATCCGGACCTGAAGGCGAACACAAATTTCCTCGAGCTGCAGCGCGAATTGTCGGATACGGAAAACAAGATCCAGGCCTCACGTCGTTTCTACAACGGCAATGTCATGGAGCTCAATGCCAAAGTCGATATGTTTCCATCGAATATCGTCGCCAACATGTTCAAGTTTGTGAAACGTGAATTCTTTGAGATTGAAGAGAGCCAGAAGGAGCCAGTGAAGGTGGAATTCTAGCCGTATGACCCGGAGTTTTGGCAGGCAGGCCGTCGCGCTTGCCTGTTTTATTATTGTTTCTGTTGTCCCGGTAACTGTTTCGGCACAAGCGCAAGAAGAGAGTGAACACATCGATCGCTTTGAGAGCGATATCGTCATCGCATCGGACGGTACAATCGCAGTCACCGAGACGATACGCTATGCGTTCGGTCTAGCGGAGAAACACGGCATCTATCGGGACATCCCAGTCAATTACGCGACCTCCCTCGGCACGCGGACCGCGCTGGATATCACGGTGGAGAGTGTCACAGATGAGACAGGTAAGACGCTGACGCACGAAGAGAGTCGCTCTGGCGGCAATCTGCATATCCAGATCGGGGATGCGGACAAACTCGTCACGGGCGGGCGCACCTATGTGATTCGCTACCGGATTGATGGCGCGCTGGCGTTCTATCAGGATTTCGATGAATTGTACTGGAATGCAACGGGGCATGATTGGACGGTGCCGATCTCAGCCGCGTCTGTGATGGTCCGGACGCTTTCACCGGTCGCTGGTTGGCGGTTCGCCTGCTATGTCGGGCCGCGCGGTAGCACCGAACGTTGCGATCCGGAGCGGTCCCGTGATGTGGCTTCGGCACAGAGTGAGATGCGCATCGATTGGGACCAGAAGCTTGAGCCGGGATCGGGGATCACCGTAGCACTCGGTTTCGACAAAGGCTATGCCATCGAGCCGAGCTGGCTTGCGCGGGCAGCTTCATTCCTCGCAAACAATCCGCTGATTCTCTTGCCGTTTGTGGTGTTTGGATTCATGTTTCGGCGTTGGTATCGCGAAGGGCGAGATCCAGAGGGTCGCGGGACGATAATCCCCGAGTACGATGTGC
CP064975.1_gap27	1216828	1217328	500	GCATGCTCTGGCATCGCCCTGGCCGTGAAACACCGAAGCCGTCGCATCTGGTCCGACTGGCCGGACAGCTCAATTGGCCATTTACGGCCGTCACGCTCATCCTCTCTCCATGGGCACCTATCTTGTGACGGGCGACATGGAGAGCGCGTTTTCTCGCGGTGCTCGTCGTCGCGCTTTCCGTGTCCGCTTCTCATCGCTGCCCCGATCGCCTTCCTCGGTGGATTTCCAGCCTGCGCGCCGCCGCATCATCATCAAGACTGCGAGACCTGAAGCGGCTCGCTTAAGACAACCACCATTTTCTTCCGGTAAGAGCGGACGCTCACCTCGGCATCCCGGCGCTGCGAACGATCGTCCCCCTCGATGTCGCAGTCCCAGGACCAACCCCTGGCCCTCGCTCGGGCGCTCGAAGAACACTCGCTGCACCCGTTGGCCCGAGCGTTGGTCTCGGCCAATCGTGAACATTACGGTGAGATCTCGATGCGACTGGTGTCACTGAGAAT
