gap_id	start	end	length	sequence
CP064993.1_gap1	12381	14457	2076	AAGTGAGACCGGAAACAGAGTGCCCGACTGTCCGGTGGCTCAGAGAACATGGGATTGAGCACCTCCGCATCCCGCCGTCATCGCCACATCTCAACGGTCGAGTCGAGCGACCGCACGGAGTAGACAAGGATAGATACAAACGGCTAACAACGAATTCGCACACACTTGTCGAATTAAGAGAGTTTTGTAACGAAGATTGTCTCGACTACAACTTTTACCGACCGCATAGTATGCTAGACATGATGACACCGATTGAATACCTGCAAAGCTTGAAGGGTTACGAGCAGGCGACGGTGGATACTAGTGTGCTAGATGTTCGGTAGGTGGACCGCGGTTACGAAGACGGCTATTGACTATAACGTACGAATGTGCTACAATACTCACTTATGATAGACCCCAACCACGAAGCTTTATCGAGTCCACAACCATGGGGCGGTACTACTGACCCTGCAGTACACGACCCGAGTAATTTCCGATATCTTGTACATGCCGTCAACCCATCCGCTCGATTGAACGCTCTGATTATAGCTTCGTATGATACGACGGCCGGCGTCACGTATGACCCTAGCTGGGGTGACCAGAAGATTAGTATGTACGACCAGCCTGAGCGTGCTGCCGACAGAGTTTCCCTTAGTACCTCGCTCATAGACACAGAACATACCGGTACTTGGGGTGAAGCTGGACTCATACTAGAAGCTCCTGAACCTAACGTTATACTGACTTCAGACACTGACGTCGGAGCACGCAATAACAACCTTGATGCTTTACTCAAGCAAGCTGATAATCACGGCGTTATGGATGCTGACAGTCTTTTGGCACAAACGTACCCTTCGAGCTATAACGAGGTAGTAGTTGTTGCAAAACGTGACGAACAGCCGGTCAACGTTAAGGGTTTTTTCTACAAGGTTACACAGTCTGGGAAGCCTTACAACCCACAGCTGGCACTGCGTATGCAGTCACATGCTGAACGTCTCGGGTTACCGGTTGTGCCAATAGTAGAAAAAGGTTTGTATGCAGACGATAAGGTCGAAGAGTGGGATGGTAAAATTGCTGTACACCACGGTGGGAACCGGGTACTTCTTACGGGTTTTGAACCACAATCGCAATTTCGTGTATATGACGAACGACAGAGGGCTCGGTTCGCTACACCGGAAGATATTGACGGAGCACTGAGCTTCGCTACACAGACAGGTAAGCTCGAGTTAACGGAAGCACAATTAATAGCCGAAGCTTACCGAACCGCCGACAAGAAACGTCAGACGCCTGCTGTAGAGTTCGACGAGGACGGTACGGTTAAAGGTATTGCATACATTACCGGATACGGCGATGCTGAGACAAAAGTTTCACTCGGCAAGAGGGGTCACAGCTACCGCACCAACTTAAAGCGACAATCTGAAAAAATTCAGGAAGTACTGTTAAGCATGGGAGGTCCAGGGATGATAGGTTTTGACAGTGATAATGATTACCAGCCGATATCTCCGTTTGAAGCCAGCAGCATGGTAGAGCAGGCGTGTGCAGGACTTGACGATGAACATGCCGACCAAGTACGTCAATGGTACCAGAAGCATCGTGGCGTTACTGAACAGCAGTGGCAGCATCACCAATCATCTAGAAAGTTGCTAGGCTCATACGGTATGCAGGACTCCGATTACAATTTCGACAAGGAATATCCACGAGCTCGACAACACTAACGACACCTTCCGGACCTTCGATATAAGAATAAGCGGCGATGGTACCTAGAAAGCGGGTTTATACGGGGGTATAGACTAAATTCATATACTGCCAGGCTGTTTATTTAAAAAACTTGCCTCAGCATCGCTGGGGCTATTTTATTGGTTGTTCTCAGGAGCCGGACTTCGATTGCGAACGAGCGAACGCGAGTGGCAATGGGGTTCGCTAATCCCCCGTCCGCCAACGGGCCGACTAATGGGCGGATTATACCTTAGTATTCTCCGTGAGGTCACCGACATGAGACTCATCAAACTTAGATGGGTCTTTTTTGTTTGTTATGATAGTTGTAATGGACAATAAAAAACATATTCAATCAGTCGAACTGGTAGCAGATAAGGTGAAGAG
CP064993.1_gap2	24173	25929	1756	AACAAAAATAAGTGGGGCTACATATAGAATTGCTAGTACTAACATAGTCAAAGAGTAAGCGGCTGCGCGCACGGCAAATGCACGAATATCAAAAAGATTATGGCGCACCATTGCATAGCCGACCATGATAACAAAAAAAGCAGAATAAACAGGCGTTAAAGCAATGAATCTCAAGTCACCCTCAGCGGCTGGTAAATACATACTTGTTATCGGGGCTAGAAAAAGTACAGGTAAAAAACCGATGAGAAGGTATAGCGACTGTGCTCGTATATGAGGTTTGTGATTACGCCTGAAGCCATCACTTAATTCCCGGGTGATTAGATAAACAAAATAACCCACCAGGACACCGTATAGGCTCATCCCCCAACCAAATCTTAAAATCTGCCGCGGCCCTTCGTTGATGAAGCCGCCAATCACAAACGGCGTCAGGCTGAACACTACGGCAATAATACCTATTCCAATTCTAAGCGGCTGCAGATTATTTTTTTCAGGGATTTTGACCAAACCCACGATCAAGAAGTACGTACTCATTATCGCTGTTGCAGTACATGCCATAACAAGGCGCGCATATACAATCTTTTGCTCTCCTTCGGCACCCGTCGAAAGAAAGTTGAACAAACCTAGCAAAACGTAAGCAAGAGAAGTAAACAGATATACTTTATCTGTTTTTTGTCGAGAATTTTTCACCCATACCACCAAGCCGGTCAACACACTCAATAATATACTAATCACAGCAATTATTAAGGCGGCACTCATTGGTTTTAGTATAACTGAATAGTCATTAAAGCATAGGCTGAATTGTATTTATCAGCTCAAATACATCTTGAGTAAGCTAACCGTTTGACTGATTAGCACGCCTCCTAGACTCCGCGTAAGACTTTACTGCCAGTGCAGTTCTTATCCAGGTTAATAAGTTATGCTCTGGACCCAGATTAAAAGTATCACGGGGGTTGTCGTAATATCTGCCCGTTGGCAAGTCGTGCCCAAGAAGAATCTCTGCTGCTGCAAACTCAACGTCGGCACCACCCCTTGTAGCTGTCGCGCCTTTTTGAGGCATCCCTCCTAAGTGTGCGTCGCGGCTCATAACCGATTGCATCATGCGAACGGATAGGTTTGTAGCACCGGTATGCGCCAACATCAAACTTTCTTTTTCAGCTTCAGAAATAGGGAATTCGCTTATACGGATTGTGTCGGCGCGCGATATTCTTCCCATGAACGGTAATTTACGTTTCTTATCACGTAAATCGTGACGCTCCACGTCTATCATTGATTTGTCATGCAAGTCAGCGGGCATAATCAAAGGTATTCTTCTGCGCTCTGCAAAAAGCCTTAATAAGGCTTTAGCAGACATATCATCGACTGCCTCGACAATAATATCGACGCCTGCTTTGAGGAGCACTCTCTCGTCCCCCGCGTGGAATCCATCCGGCAAGTGAGTCTGTTTAATCCATGGATCAACCTCACTAATATGACGAGCGAGGATAGCTACCTTACTTGCACCGACATCTCGAACCGTTCCGTCAATACGATTCAAGTTTGAGCTATCTAGCGTGTCACCGTCACCGATAACATAATGATTTCCTATACCCGATTGGACCATACTCCTGGCAGCCTTGCTGCCAACACTAAGCCCGATACAAGCAATCGTTTTTTCACGAAGTGTTCGCTGTTGATCGCGCGTCCGTAGATCTCTGTCACGATAATTTCTCACCCCCCTGTGGTCCTCTTCGTCCAAATATAAAACTATTTCCCCAGA
CP064993.1_gap3	78316	81828	3512	GACTACGAAATAAGCCGTTTCCATGAAGCTACCAGTAACACCCGGCATTACATAATGCGCTTTGCTAACGCACATCAACGACAAATGAACGTCATGGGGGTAATGAACCGGATTATAATTGGCGGGGCTCTGGTTGTTGCCCTGATATCAGTTATCGACCAGCACGCAAACATCGGCACAGCCTTTCTAATTTTCAGCTACACCGCAACAATTGCCGAGCAGCTGTTTGAATTTGGCAACGCCACGCTGCGCTCATACAACCGAGCGCTTAGTGACGCTCGTGAAATGGCCGTAAAACTGACGCAGGAGCCAAGTGTTAAAGACCCTCACGTGCCAGAACAACTTGCCGTTCACAGTGGCGCCATAGAATTCCGTAATGTCACGTTCATTCACAGCGGAGCAGAGGATGCCATCTTCGAAAACTTTACTCTCTCAATCAAACCAGGAGAAAAAATTGGGCTTGTTGGTCACAGCGGATCTGGCAAAACAACATTTACGCGTTTACTGCTGCGCTATTCTGACATTCAGGCTGGCGAAATCACCATCGATGGACAAAACATTGCAGCCGTCACGCAAGATGATTTGCACGCTTCAGTCGCCTACGTGCCCCAAGAGCCACTCCTGTTTCACCGCAGTATTCGCGAAAATATAGGCTACGGCAACTTAGCAAGTACCGAACAGCAAATTGAACGTGCCGCAAAGCTAGCCCACGCACACGAATTCATCGAGCAATTACCTCAGCACTACGACACACTCGTTGGCGAACGTGGCGTAAAGCTGAGTGGTGGGCAACGGCAGCGTGTTGTCATTGCACGGGCCATGCTAAAAAATGCGCCTATTTTGGTGCTCGACGAAGCAACTTCGGCACTCGACAGCGAAAACGAAATGCTCATACAAGATGCACTATGGACACTCATGGAGGGCCGCACGGCCATCGTAATCGCCCATCGACTTTCTACCATACAAAAAATGGATCGGATCGTCGTGCTCGATAATGGAAAAATCGTCGAGGAGGGCACTCACAAAGAACTTCTAAAGCATGGCGGTACATACGCCAAACTTTGGGCACATCAATCGGGCGGATTTATAGAGGAATAGCAATGGACAGTGACATGGGACAGACTGATACGAGCACAACCGACCAAAAACCCCGGCATGCCTTTCGAACCGGGCTTCGTGTCTTACGATTGACCTGGCAAGAACGGCCAGTGGCAGTTTCTGTCTACGCTATGGGCGCATTTCTCGAAATTGGCAGCTCACTCCTTTCAATGTACGCAACTGCGAAACTCGGCAGCCTACTAGCCGCATACTTGACCACTAGGGAGGTTGGGGATATTTGGTTCTGGCTATGGATCGACATAGCCTGCGCGGTAGGCATAGCGTTCGGTTTTTGGATGATGAGTGCAAGCAAACGGCTCGTGTATTTTAAAATGGTGCGCTGGGCAACAACCGGCTTTCAGGAAGCAGTATCCCGGCTAGATCTTGCTGATTACGATAATTCGCTCGTGCGTAACCAGATTAACAAAGTGAGTGCTGGTTATACTTGGCAAGTACCAAATCTTGCCGAATCGGTCATGGATTTTTGCTATTCGCTCATACGGTTCGCGGCCATCACTGCTGTGGCAGCGCAAATTGGATGGTGGGTAGTGCTGGTGCTGGCTGTCTTTTTGCTACCAAGCTTACTGGCCGAAAATCGCCTGCAAAAACTACAGTGGTTCGTGTGGGATTATAAGGGCGATAATCGACATATATTTTGGGGGCTTGAGTGGATGTTACGTCAACACCGTAACATTATGGAGCTACGGAGTATGCAGGCGCGAGAATATTTGCTGCGTAAAGTTGAGCATATGAACGAAGACTTTTACAGCATACAGGAGAAGGCATTTCGACAAGTGAGTCGTGTTATTGTGCCTTCAAAGTTATTTGAGGTCGGCGGGACTGCCATAGGAGCAGTGGTACTCCTGCGACAATTTCTGGCAGGAAGTATCGGGCTAGACCGTTATTTTTTCCTGTCAGGCGCGCTGCTGCGAGTCGGCGGTGCCCTGAATGCTGTTTTTGGTTCAATCAGCCGCATGCAAGAACAGTTGCTCTTTGCTGAAGACTTTTTTGAACTCCTGGAAAGAAAACAAATTATTGTAGACCGACCAGGTTCCAAGCAGCTCTCTGGCACAATTGTACCAAACATAGAATTTCGCAATGTTTCTTTTACCTACCCTGGCAAGAAGCGAGAAGTTTTTCATAAGCTTTCGTTTGTCATAGCACCTGGCGAACACGTCGCACTGGTTGGCGAAAATGGCGCAGGCAAGACCACTCTCATAAAATTACTGCTCCGATTCTACGTACCAACTGGTGGGCAAATACTTATAGATGGAGTCGATCTTCAGGCTATTTCTATAGAATCATGGTACGCTCGGGTTGCGACACTTTTCCAGAGCTTTAATGAGTACCCCTTCCCCATACATGAGAACGTTTCTATTGGGGATCCAACCGTAGGGTTAGACCGCTCACGTCTGCAAAGTGCCGGTGACAAAAGCGATGTTACTGAAATGGTAAATCACTTGCCTTACGGCTGGGATACAGTGTTAAATAGCAGCTTTGAAAAAGGCATCGAGCCAAGTGGCGGACAATGGCAGCGCTTGGCGCTGGCTCGAGCCTTTTACCGTGATGCGCCGGTGCTCATCCTTGACGAACCAACTTCTGCCATTGACGCCAAAGCCGAATACGACATCTTTAATAACATATTTGAACACTACCAAAACCGCACGGCCATTATCATTAGCCACCGTTTTTCGACTGTCCGCCGAGCTCATCGTATTATTGTTCTTGACAAGGGTAAGATAGCTGAGCAAGGCACACACACTACGCTCATGCAGTCAAAAGGCCTCTATCACGAGCTCTTCACTAAACAAGCCGAAGGGTATAAGTAGCCGAACTCGGCGTAAACGCCGAGTTCTAAAGGGGCGGGCTCGCCCGCCCCGCTTATACAACTGGAATTAATCCAGTTGTATAAGCTCCCCACCCCTGAAGGCTTCGCTCTCGCTCGCTTAGCGCCTAAAGGCGCTGGTTGTGGCGGTTACACCTAGCTGGGGTTAGGTAACACGCTATTTATATGAACGGGGTGAAAAAGCACCCCATATAACTGGGGTGCTTTTAAAATCCTAAGTCAAACTACTCTTTTGAGGAGTCGGCTGGAGCTGTTTCGGCGGCTGCGTCTTCGCCTTCGGCTTCTTCGGCCGCGGGAGCCACTTCTTCGGCGTCACCACCCGCTTCATCGTTGGCGGCAGCGAGTGCACTTGGCTCAAAGACTGCTGCGACCGCATGAGCGGCGTCAGTTTCAACGACAACACCCTCTGGAACATCTAAGTCGGATACGTTAACATGATCACCCACTGCGACAAGTTTTTCGGCATCGTAAAATAGCTCGTTTGGTAGGTTCTTTGGTAACGCTTTGACCTCAACTTCGTCTAGCTGCGTCAGTACGATCAAGCCAGCACGCTCAGCCGGGCTTGATT
CP064993.1_gap4	91354	94256	2902	CTGTCGTCGCTGCGGTACGCTGGAAAGTTTCGGGATAGAGATAGCCCTCAAGATTTGTTCCGGCAGGTTTATCGACAAACGCGGGGTAATTGTCATACTGCTGCGGAACCAATGCCGCGTCGACGTCGGCTTCGGTGAAACCTTGGTTTATAAGTGATCGCCTGATCTGGTCAAGACGCTGGCCGGGGAGAATAGTGACATAGGTTGTGGCGACCTTTCCGTGGGTAAGTTGCGACACAATTTCGGGAACGTTTTGGCGTTGGCTTATTTCGTAGGACCCGGCCTGGAGGTAACTGCTGACTTTGTGAATCCGCGCGTAATATTCAAACGTTTTCTCGCTACGTATTAGCTCTGCCGATTTCAGTTTTGCAGCAATGCTTTTTACTGAAGCGCCCTGCTCAATAGTGATGGTTTCGGTACGGTTTCCGCCGACAGCTTCTAGCCCAGCGGTGTAGTCTCGCCAGAAAAAGAAGGCGCCTACACCCAGTAGGGCAATGATCGCAAGAGTGCACACTGCAATGAGTTTACCCCTGCGCCGTTTGTTCTTGCCTGATGGTGTATAACCTCGTGCTTTATACGTCATATGCTCCTCCTTGTTCTTCACGGTACCGCTCGAGAATCAATGCTGCCGACATTGCGTCAATATCCGATTTTGTATATGCCTTACCAATGGCTCGTAGCGCAGCTTCTGCTTCCTCGCTTGAAAGTGTTTCGTCTGTGGTGTACACGGGAACGTTTACAACATCACCAAGCCTACGCGCAAATGCTTCGCACTCCTGGCTCTGAGTGCTCTCGCTGCCATCCATATTACGCGGCACACCAACCACAACACTAGAGACGTGTTCTTTTTCAATCAGTAGCTGAATGTCACTGAGCAGCTGGGGCGTATGGATGAGCGTAGTCAGCGGGCGCGGCAACTGCGCCACCTCGTGCATTAGCGCAACACCAACCCGTTTTTCACCATAATCAATCCCGAGAATGTAGTCGGCTGCCATACTAGCGGGCGGTTGTCGGCTTTGCAATAGTGACCGTTATTTTACTTGTATCTTTTGGCGCAGATGACACCCAAAACGGACCATAACTTACTTCAACTTCGGTTACACCGGGTAGCGCACTTAGGACTTGCTTTATTTCGTTGGCCTTTTTCCCCGCAATTTGTTTCTTTAGGTCTTCGACATTCAGCTCCGGCCCAGCGACAGATTCGACCCGCGCACTCACTACAGCACTTGTTGCCGTACCGGGTGTTTGCTGTGTGAAAACTGTTTTTGCGACGCCATTATCGAGAATTTTTTGCTTTTTTGGGTCAATCTGCTCTTCGACATTGGCAACAACTAACGCCTGCAGGTCAATTTGCTTAATGCCCAGCATGGTGTACGGTACAACTGATGTCACAGTGATGGTATCTGCCGATTCGCCTGGGCTAGCGCTGGAGCTAACTTGTTGGTCTCCCGTCAGAAACGTGGAGGTTATGGCCAATAAGCCCTTGGCTTTCAAAGCTGTTTCCATTTCTAGTTTTACTGACGTAGAATCTTGGGCGGCAATTTTTGATTTTGCAGAGTCAATATCTGCCTGGGCAACAACTTTGACGATGTTGTCGGTTCCGCCCGCAGTAGAGCCTGTACCGCTCGTCCCACCTTGCCTCGTAAATGTCGTACCCGATGTCATGTTGTACTCAGCTCCGGCTTTGAGCGCAGTAATATTTACGTTGTTTGTGGTGTATTTTACGCAGCTACCACTTGCTCCGTTAAATGAATATTCTCCTTTTTCCTGCGTGATAAATGTTTTACCTGCGGCAGTCACGCTTGAGCCAGTTGTAACATCACTGGGCGCGCCGACATCGGGGGCACATTTGGTAACGGAAAATTTGACCGTGCCAGTAGCTTTGTCTCCTGTATTTTGCTGGCCGGTGGCCGCAACTTGCTGTGTGTAAGATTTTTGCTGTGTCTGGGCAGTTGCTGGAATAATTTTATTTTCTTCGTCAAGCTGCTTTGCGGCGGTATCTAGTGTAAGGTTTAAGTTACTTTTGACAACCTGTGAATTTGTCTTTATGGCAACGCTGGCTTTCGGCAGTAAGGTTGTTGCAACAACCCATCCAACTACGAGAAAGATAACCCCAAAGACGCCAAGAGCAATACGAAGACGAAACTTGTCAAAGTTTGGAACGGCCAGCTTCTTATTTTTTTTGACCGGAATGACGTCAAGCTTTTCGTCCGTATTAGCGCCGGCAAGCTCGCTACCATTATCCATGATTACTTCTTCGATTGGCGTCTTGCTAGCGGCAATAGGCGGTAAGCCCGCTAGCTCACCGACAGGGATTTCACCGGACGCATCGGGGTCAAATTCGTCTGCTACCGTGCCGCTGTTGTCGGCAACGGGCAGTGGCTCGTCGACATTTTCTGGTTCGTCACTAGGTAAATCAGGCCGCGGTGGAATGGCTGGTTTGCTGGAGGGCGTTTCTGCAACATGCATACCGATAAGCCCAGCTAGCGGTAACAAACTAGCCTCCGATGTCACAAGCACAAGGTTTTTGTTGCCAGCTTCGGCCGCTCGCTTCAGAAGACGCATATTGACTACGCTTTGGAGTACTGTTGCGCGCTTCGGCAAAACGAGCGCAATAATACCACCCTTGGATTTGCCAACCCTTTCAATAATGGCTGTAATTTCATCATCAACATCGACATAAATGGTTTCTTTGGCAGTTGTGCCCGCCACCGTACTAAGCTTTGGGCTAGCCGCCCGAGACTGCGTAAGCTTTTTCGGTTTGGCGGGTTTTGGAGATTTTAGTTTCAGTTTACCGGACTTTGCGACTATCATATTTTCATCATCAGACATGGAGTATCCTATCGAGCTTTTCTTTCATGGTATCGCCAGTGCTACCGGTATATTGTACCGTATCAACCCC
CP064993.1_gap5	103483	106117	2634	ATGTGGGTCAATTTGCCGCAAGCGCACAATTAGCGGCGAGTAATATGAATGCGCCCAACATATCTGACAGCGGCATTTTGGTAGTCCGGTCATTAGATAGCGCTTACCCTATTTTCAGCTATGGCTCTCCAACAAATGATGAACAATTTCAAGAAATAAGCAGCTTTCAATACGACGGCAAGGGCGGCATGATTGTGGACAATCCCAATGGTAGTTATCCAAGAGAACTGTCCCGTTCAATATTTGACAGAACGACTGGGCACGTTGCAATGCAGGGTATTGTGTCGGTGTCTGACAGCGCGCTTAGACTTCGTAATGCATTACTTTACCCGCGCAGAAAAGTCGTGATCGATCTTATGGAGGCTCCTGCCAAAATATTGGAGGCACTAATGGACGCCGGGCACCTCGGGGAAGGCGCGCGCAAAATTCCTGAAAAAGATACACTATTCCTTAGCGAGATCCTTAGTCGAAAACGTGAAACCGACATCATCGTGGCGTCAATGCTAGGATCCTCGGCTGTAGTGCATGCGGTCATTAGAGAAGGTGGCGGAATGCAATGGGTTAGCGTTCCCCAAACATCGACTGGTGCGCCAGGAATAATTACAGACACTACTAAAGTTGCTCGGCTCAGAGGAGAACAAGCAGGTAGACCCGGTCAATCCGGCGACTATGTCATGCAGAGTACTCGGCGTCGGGGGTGGGGAGAAAGGGGCGGCACGCACATCGCAGGAGTTGCGTTGAAAGACGGCGTGCCTTTACTGTCAAATAGTATTTATCCAGATGTTAGTACTTGGGTCATGCCTCATTCAAGTTTACTATTTGATGGTAGGAGGAAAAGATAATGTCGGAATTTGGTGGCATAGCCGTACCAATAGGCGAAGACACTAAACGACCACTGCCGAACGTGAGTAGTGGCTTAGACGAACCGGAACATCAGCCAGCGACACCCTTAGAAGCACGGACAATTATAATGCCGGTGGGTAGCGATACAGAGGGGCAAGTACTAGCAGTACAAATCACATCACTTGGTGTAGATAGCTCAGTTGTCATTGAGAATATAAATGAGCTTCCACCTTACTTTACCCTAGGATCTCGTGGTGAAGTCTCTGACGATGGAAGTAAACTCGGTGTTGGGCCTGTATTTAACCACCCAGCTCGCTTACCAGACACCATTCCCCAAGCAACAGATCCAGAGACATTAGTTGGATTGTTGCAAAGAGGTACATTATTACCAGCCGATTTGGGTAAACTAACACCGGTTGAGGGTGTTTCTGCAGCAGACCTGCTGAAAGGCTTGACACAAGCAGAGCGGGAAGCCAATAACAACGGGCAACCACCCCTCAAAGTTGCTGACTTACTTGAATCGGTTAGCGGGGCAGTATTTTTCTCGACAGATGCTCCTGGTCATGGTCGTGGTAATACACTACTCGGCGGGGCTCGACCAGGTGGCACCATTGTCGCTCTCAGCCTCACTCCGGAAGGCGCAGTGCAAGTTGAAAAAATACATCCCCTGGATGACGGAGGTACCATTCGATATATTGGATCTGTCGCTATTCAAAAAAAAACCGATCAAGCTGGAGAGGGTACGACAGTCATTATATCAGGCCCTGGTGTCATATTAGATAAACGGTTTCCTGAGGGAGTGCATCATTTAGACGTTCATACCGGTTTACCTCCGGGTATTACCAACTTAACGCCTAAGACTCAGCTGCCGCCCGTAACACTGGATCTCGACACAGTCAACAAAGGCCGGAGAGCGCTCGGCTTACCCCTAGTAGCTACACCTAAAGTTAACCTGGCCTCTCTGACAAGTTTACCCCCGCAACCACAAAACGGACATGCTCAAAACAATGGTTCTATTGGTAACCCACCATTATCTGGAGGAGAGGGTACTGAGTCTGGATCTGCTGACAAAGTTACACAAGCGGGTAGCGCAGAAGAAGTGCCGCTATTTGATGCTCCAGAAAGAAGACCGTTGTGGCCAACTCGGAGGTAACTAACGATATGACGTCTTAAAGCAAGTAAACCGTAATGAATAAGCAATTACAAAGGGAGCAGCTATGCGAGGAAGTAAAAGAATAACATCATACGCAGGGGAAGGAGTTGAAGTGCCCGGGTTTAGGGACCCGAAGACAACAGGCGATAGTACTACGCACTTTACTGATGGCGGGAAGCTGGGCATTGAGACCCGATGTACTCCTGAGGCTTTCCGCAAAGCGTACCCTATACCAACCGTTCTTGGCTTTATGCTCAGAAAAGTGCACTGGGTTCCGCGTGCCATAATTAGCCCGGAGCATTTACATGTTGACGATGAATATAACGCTAAGCTCAAGAGTGTTGCTGTTGATCGTGCGCATAAACGAGGTAAGCTGGGAAACGTACTAGATCCTTTTAGCCATGGTAAGGTTGTACGGAAAGAGTCACACGGCCTTGAATACCAGCGCCTTAGGGCAGCCCGTATTGGGCTGGTTGGCCTAGCAGCCACAGCGTTGTTGACCGTCGCGACTGATAACGTACCCTTTATAGAAAGGCAGAGTGGCTCCATCGAAGCCATCGATACCTCTCCAAGGGCTGGCAGCTCAATCTTAGACGGTGGAGTAATCGCTGGAACGGGACAGGAAAAGGCTAATGCAA
CP064993.1_gap6	183913	188293	4380	TATACCTAAGGGTGGCTGGTATAATGTAAGGGCAATGCCAAAACACAAAAGGACAATGTACACTGACTACACCAAACTGCAAAAAAAGTGGCGGCGTTGGAAGTACAAAAATACGGCGCTGCTGGTTATAAGCCTGGTGGCGTTTATTTGGCTGGCTCAGACGCCACAGGTCGACTCAGTCGTCAAAAGCGTGGGCGATCTGGGCTACGTAGGAGCGTTGCTTACAGGAATGTTTTTTGTTTCAACTTTCACAGTTGCACCGGCTGCTGTGGTGCTGTTTCACCTCGCCACAGTACTCCACCCAGTAGAAGTTGCACTTTTAGCTGGTTTTGGCGCTATGGTAGGCGATTACATCATTTTTCGTTTTATGAAAGACCGCGTATTTGCCGAGTTACTGCCACTCGTCCACAAGCTACAAACACCGCGGCTAAAAATACTATTTAAAAGCCCGTATTTTGCTTGGGTGCTACCAGTGGTTGGCGCATTTGTCATTGCCTCTCCCCTGCCCGACGAAGTTGGCGTGAGCATGCTGGGGCTGAGCCGTGTCAAAAAATGGCAGTTTTTTCTGCTGGCCTTCGTCCTCAACACTATCGGCATATTCATCGTGATCTCCGCGGCACGTCTAACTCATTAAAAAAGCACGGTGTTTAAAGCCGTGCTTTTTTGGATATGCAGTTATTTATTGCTGCTAAATACTCGGCACCGTAACCACGCGATGATGCTTGCTGGCTTCGTTGCTTTGAAAGTATGCCACGCACTGACCTTGATTTTTGAACGGCTTAGAGTCGCTTGTACTCAAATCTTTCCAGCCATTTTTCTTACAATCGCTTGACACTGTTGGTTCAGAAACGAGTACCCCATTGACCCTAACGTTATCGATATAAGTTGAGCCTGTTTCGTCAATCATTATTTCTAAGTAGTCAACTGTAACTCCACTGGGAACGACTGGGAAACTTTGGGTAGGGTTTGACACGTCAAGATCAACTCTTGTCCAGCCGTTGCCCAAATCTGTTTGAGTTCCATTGCCGCAACCACCAACAAAGTAAAGGTTACTATCACTGCCCACTAGATTGAACCGTGGTGATCCGCCCGTACATAGTCCACCGTTTTTATATTCAAAACTGAGCGTTTCTACCGTTGCGCCTGCTACATTTTCAATTGTTGCTCCTGCCGCAACACAGTCGGTAAGTGGCACATTTTTTTCCAAATACAGCGACGGGGCTGGATTGCCGACCAAGCCATCCATACGAGCTACGGCGCCCCCAGGCGTGCCTTCGCTTCCGCAATCTGCTACCGTTCCGACATACGTCCAAGGCGCGAGTTTGTAACTTGAAGCAGCGCTTGCAAAAGGAGCTGCGACAAAGACAATTGCACAGGCAGCCAAAAGACTAAGTTTGATAATAGATTTTTTCATAGTTGAACCCTCCAACGTTTAATAAGTTTCAAACTCGACTTACGATAGAACTCTCCCCCCTTTCAGACTCACTAGGAGCATTCACATGCCACCTTTCTCTTGTTTGGCGGAATTACGGCTCCACCTCATCCAGAGAAAATGTCTTCTGACTTGCTCCCAGACGACACTGAAGACGGGGTGTTTTCGGAAGTCGTGTTTACTATACCTGTTAATAATGCTTGCCGCTGTAATCAGGCTTACTAAACATAAGTGCATCTAGAAAAATGTTGCATATCGTACGATTTGTGCTACTATACAGTTCGTGTCAAAGACAACTTTCAGCTTTAGCTTTTTTACCACCCCTTCTAAAGGAGGCCGTGTAAGCTTGTAGCAAAAACAACCAAGCAACTACCCGCCTCCACCAGGAGGCTTTTTTAATACATGAGAAAGTAACACAATCACGCATTTCGCACTTTAACTCCCAACCTGCATAATTAGTAGCAGGGCGTTAGCCCTGCAAAACTAAGCAGGATAAAATAAACATGTCTCGATCAAAATGTTCTCGCGATCTGTATTGTGCTTTCTTGGAAGTAACATCAGATAGATATTCAGCATTGTCACTGAGCGAAGTTGCTCCAGATGGATCGACACTGTCACATGACAGCATCTCTCGTTGGCTTGCAGACGAAAAGGTACAGCCCAAGGATCTGTGGCAGGCTGCTAAATCTGAGGTAGCCTCTAAACCTGGTATCCTTGTCTTTGATGATGTAGTCATAGACAAAAGTCGTAGTGGTAAAACTGAATTAGTAAACTGGCAGTATGCCGGCTCGAAGCACGACATAACTAAAGGTATTGGTGTAGTTAATGCCTTATGGCAAACCAGTAAAGAAGACTACATACCGATGGACTACCGTATATGGAATCCGTCGGAAGATGGCAAGACTAAAAACAACCATTTCAGGGATATGCTGACAGCTGTGAAACAGCGTCAACTTACGCCTGAAATGGTTGTTGCCGACAGCTGGTATTCCAGTCTAGATAACCTTAAAGCCACTCGCTCTCATGGCTGGGATTGGGTGATGGGGTTACGTAGCAACCGTTTGGTCAACAAACCACATGTACAGATTAAAACCCTCGAGATACCAGATGAAGGTCTGGTCGTACACCTCAAAGGATACGGATGGATCAAGCTATTCCGGTTCGTGACCAAACACGGTCGCACTGATTACATTGGTACTAGCAAGCTCGATCTATCCAGGAGCCAAGTCAAAGAGTACTTTGAAAGACGTTGGAGCGTCGAAGTGTTGCATCGTGAACTCAAACAAACCTGTGGTTTTACTCGCTGTCTGGCCAACACTGGCCGAGCACAGAGAAACCACATTGGGCTCTCTATGCTCACCTGGATACAAAGACACAAAAGAAGATCTCAGGACAGGCTAAACAATAGACAAAACAGCATGTACCAACAAAAGTGGGAGGTCATAAAACCGAGCATCCAGCTAGCGCTGGCTGCTCGTATGCGTGGTTAAGGTGCGAAATGCGTGACAATGTCAGAAAACTTACGTGTCGGCATCCAAACTCAAGCCCCAGGCTCGTACCATAGCATCGCTGGACAAGGGCTTATTGGTAATCAAAAATATGATGAAGTATGGTACCGGGATTTTCCGTCATTGTACCGTGGTCTACATAAAGGCCAAGTTGACTGGGCTGTCGCTGCGTATAGCACAGTAACCGGCAAGGCCCAGCGTTCCGTAGATGAGCTCATTAACCCGGAACTTAGAAGTTGGGCTCACAAGAGAGGTTTGTTACCAGTTGAGATTAACCTTGTCGCAGGTAGTGCGGAGGTTTCATTAGACGAAGTACGGGCAGCTATTGGACATAAAGAGGTTCGGGTATACACACAACTTGAGGCCTACATGCAGTGTGTAAAAAAACTAAAGAGTATACTACCGGGTGCGATGCATGTAATTGTTGATGATACTGCTGGGGGTGTTCAGCAGGTAGTCGAAGGAGGCAATTCGTTCCACCTTGCCCTTGCTAGCCCTCATGCTGCGGCAGCTAACGGCGGTACTGTTATTTCCGACCGATTAAACAGTGCCCATGCAGTCACCAGCTTCATGCTTCTCTCCCGTGAGCCTGTACCCAACGATGCGGCAACCAGTAGTCTGTTTGTCGTCCAAGAAAAAGGAGATAAGCCCGGTGGACTCATGCCCATTTACGCCGCACTAGCAGAACGTGGTATTAATCTTGCCTATTTTGAAGGTTTAAAAGAACTTGGACGGTTCGTGATCGAGGCCGAGGCGGGTCTACATACACCTCAGATGCGTGATGCAATTATTGAAATTGAACAGCACGCTGCATCTGTTCGTATAGTCGGTAGTTTCAATGATGTACAACTTGCGGCCTAGCATATGTCACCGGTAATAATTGAGTAATCATCAGTAGTAGGCTATAATTTAGCCCAATGTGGCTCTTTAGCTCAGTTGGTAGAGCAGAGGCCTGAAGAGCCTTGTGTCCCCAGTTCGAGTCTGGGAGGAGCCACCAAAAAAGGATTATCGTCAGATAGTCCTTTTTTCTTGACTGGAAACTACTTGGCGACAGCTAGACTATGCGTTAAGAGTTAGTTTAGCTTATGGCGGTGCCGAAAGCGCGGCCAATGGCGTAAGTTACGGCCATTGCTATCAAACCGCCCACGAGCACACGTCGGACGGCTGCAGCCTTGTTGGCACCACCGAACTTCGCACTGTAGTAGCCGGTAACAAATAGCCCGAAGACTACGGCCACAAGTGTAGTAAGTATGCGCGTATCATCAGGTGACAACACTGCTGTCAAAAGTGGGACAAGTGCTCCGAGCCCAAACGAAAAAAACGACGCTACACCAGCGGTCATTGGATTTGTCAGGTCTGCTTCATCGAGTTTGAGTTCCGTTTCTAGGTGCGCCTTCAGCGGGTCGCCTTTAGTTAGCTCTTCTGCAAACTGCAGAGCTG
CP064993.1_gap7	190582	194051	3469	GGCTTGGAAAAAACGGCGAGAACCACACGGCATCAATCCCCAATGGCTCTTCCCCACCCTTGAGATAACCAAGGCGCTGAATGATCCCCTGCAAATCACCCACACCGTCCCCGTTTCCATCCTGAAAGCTCCGCGGATATATCTGGTAAATAGCATTCACGTCTTTCCACGTTTTTGTTTGTGTTGTCATGCCATCATTATACCGACACGCTACAGAAAACAATACCACTTTCTAGAAAGCCGAGTTTATTGACGGGTTAGAAAGACGCTCGAGGCAATAAGGTTGTTGCTACTGTCGCGCGCACCGACAGCCATGATAGTGTCATTCACTACAGCGGGTTTGTCGTCGCCTTTGTAGACAGTGTTGTCGTTCATAATTACCTTTGTGCTTGTACCGTTGCCAGAAACGGTGGCGGTGTTGCCGTCCACCGCAGTCACGACACCCATGACGCGCGTGCTTGTCGCTGAGTTGACATCACCCCTCATACCACCACGAGGACCGGCACCACCGGCTCTTGCACCACCCTGCATACCACCACGCATATCGTCACCATAACCACCGCGTGTCATAATCCTATCGCCCATCCTATCAAACTGGCCACGGTCATCGCCGACGTTCTTGCCGAGCATAAAAGCCGCGCACAGTAGGCTAAAAAACACGAGTGCCATCAGGATTAGACCGAGCGCTGAGGAGCTAGGCGTCTGCCAAGGTTTTTTACTTGGTTGGGTGTTTTTTACTTCGGTGGCCTTTACTTCATTTTGCGTTTCTTGAGCCATCATCTTCTCCTTAGTTTTAGCTACTACACTCATATATACCATTTGATGCTGAAGATATGCTGAGTGCAGTCAGCTAACTACCCATAGGAAAGATAACTTGAGGCTATGGACGCTTGTCAATAAACTCTTGGCAGAAGCGTTCGAAAACAGCGTTCGTCCAGCCAAAGCCGGTCTGGCTGGGGTAAACACCTTTTTGAGGTGGTTTGTCTGGATTAACGACATTATATTTTTCAAGAAATACACCATGCTCGTTGAACCAGTCTAGATTAGTTCGGAGCCATTTCATGGCGATGCGCTCTGCATCTTCATGGTAACCATATTGCATAAGCCCCTCGACGACAATTAGGTGCAACGGCGCCCAACCGTTTGGAAACGCCCACTGTACGGGCACGCTGCCCGGTACGAATTGACCAAGTGGCAGCGCGTCGGTGGTCGCTAGCCCACCTTTGTTTTCAAAACGACGCAGTGATTTGACGAGTACGGCAGCCCGCTTTTCACTTACCATTCCTGCCCACATAGGATAGTAGGCAGCGAGGCTACTAGTGTTACTACGTTTTTGTTTTTTGTAATCGTAGTCGTAGTACAACCCCCGCATTTGATCCCACATAAGTTCGTTCATTGCTTTTTTACGTTTTTCGGCAGCGTCAAGCCATGCTACCGATTCCTTTTCGTCGCCAAGTATCCGGGCGGCACGAGCAAAGTCAGTCTCGTATTTGTATAGCAGCGCATTTAAGTCAACCGGCAGGTAGTTGAGCGCCTTGCGGCCAAAGCGCGGCGTCATATCCCAGCCACTTTCCGCCTCGGCAAGATCATGGAGATAATTGATATCGTAGTACCGGCTCAAACCTTTGTGTACCAGCCGCTCATTGGGCTTTTTTGTACCACGCCAGACAACATTATATTCTTGCTGGGCGATGGCGATGGCTCGCTTTAACCATGCAGTGTCTAGTTCATAACGGCCGTAAACGTCAAAAATAAAACTTGTCAGAAATGGTGGCTGAGAACGTCCGGTCAAATAAGTACGGGATGCATTTGGTATAGCGCCAAACCGCTCAAACAGGTAAAGCAAATCTTCCAAAATGCCTGTCGTCAAGCTTCGGTGCGGCTCATCGAGCATTCCCTGCACCATAAAGTAACTGTCCCAGTAGTACATTTCGTTGTAGTCGAAGCTGGCAGTCTCGTCAAAACTAGGGACGAGGTATGGGTTTGGCATGCCCAGCAAACTTTCATCGTCTACTGGGTGAAACCGTTCGAGTTTTACCCAATATTCAGCAATGTACTCACGTGCCTTTTGCACGTCGGCGCTAGTGAGGGGTTCTGGTTTTGCGGGCAGCAAACGACGCGCCGCTTGTTCGGCTGCAATAAGCGCTTTGTCAAACAAATCGTTGCCTTGCATATGCTTATCGTATGTTAGTCAACGACAAGCGTCAATCAGCATTAGAGACCGTCTTTCAGGCGGCGAGTATGACCGGGGTTATCACGGGCGTAGAGCACCTGATGCAAAATACCCATGACAGCTTTTGCTTGGTCGTAGCTCATGCCAATGCGGGATACGGTGAGCGGAGGATTATTTGGCCCTGCGGTCTGGGAAAAATTTACAATGACGCCTTGTTTGTTTGAAACTACTTCAACGCTGTCGCTGTACATTACCCGTGGGTCAAGCATGATCATCATCGCAGCAGTACGCTTCATGTCACCCTGATCACTAGCTGTATGCTCGTGGTCATCTTGTCCATGGTCGTGATCATGGTCGTACCTTGCATCGTAACCGGCCAGCTCCCAAAGCTCGTCGGCATGATCCTCGCCTATACCAAAATGGCTGATGAGGAGCAGGAGAATGTCTTCACTTGGGCGATCTTTGCCTCGCTCAATATTTTGCAGTTGATTTTCTTCAATTTCTACAGCGCCCGACACTTCGGCTAAGCTCTCGCGGCGTTGTTCGCGTAGCTTTCGGAGTCTTGCGCCGAGCGGTCTGTATGGAGTTGAAGTATCTTTATCTGCCATAGACTACCATTGTACCCCTGTTAACGTGTCATTGCAACCCCAACATGTACCTCTTTGGCTACCAAAATACCAGACTACGAGCTATTATACTTGGTATGCTGCGCATAGATGAACACGTATCCCTCGCACAGTATTCCACCATGCGTCTTGGCGGCGAAGCGGCGTATCTTGCTGAAGTTCATAGTCGTGACGATCTAAAAGAGGCGTCTGCCTGGGCATCAGAGCGACAGCTCCCCCTACTCATGATTGGTGGCGGTAGTAACATTGTTTGGCGCGACGAAGGTTTTCCGGGACTTATTTTGGTCAACCGTATGCTAGGCTACGAAACTTACGTGTTACTTGATAGCCATTTCGTAACAGTCGGTGCTGGTGAAATATGGGACACGGTTGTCGGCCGTACCGTGGCCGCGGGGCTGACAGGCATAGAAGCACTCAGTCTTATACCTGGTACCGCAGGAGCTACACCGGTACAAAATGTGGGAGCATACGGCCAAGAAATTGCCCAGACACTTACTAGTGTGGAGGTTTTTGATAGAACAACTGGCCAGTTCACTACAGTACCTACCGAAGCGTGTGGCTTTTCCTACCGCCACAGCAAGTTTCAAACCGAATACCGCGACCGCTTTTTTATAACCGCAATTACCTTGCACCTCATAGCGGGAAACCCATTCCCTCCCTTCTACAGTGC
CP064993.1_gap8	246580	249085	2505	TACATTTTCTGCGACACTTCCGTACGTTAGATTAATGACTAGCTTTTTGATAAGGTCATTTTCGGCAGCTACTTTTATGGCAAACAACGTTCCCATACTTACACCGAAGGCGCCGTAGCTGATACAACCTTGCCGCTCAAACTCAATAATCCGTTTCTGAACAGTAGCGCTGAGACGTTCGCTAACTTCTAAGAAGCTTTCCGCATCACCCTTTCTAACGACTCCCGGATGAAAATCATATGCGACTACCTTATAACCATGACGTACTAAGCGGTTTATGGCTCCCGTGTACAGCCAAGTCCGAGTCAGCATGCCAGCAAAGAAAAACAGCACCTTTTTGTTATGTTCGCCAAAAATATACTCGTTAAAATGCGGCAGATTTGCTAGGTTTTTTCTGTTCGTTAACATATTTTGCTGAAGTTAAGGAATGTGAGTGGGGTCCCAGCAGGTACGGTAATTTTGGTCGAGTTGGGCGAGTCGGCGTAGGTCTTCTTCATCTAGCTCAAAATCGAAAATGTCTATGTTCTGATGCACGCGTCCCGGTGTGACGGATTTTGGGAGTACAACAAGTCCTTTTTGGATGCACCAGCGCAACATAACTTGCGCGTAGCCTTTGTGGTGTTTTTGAGCAATAGCGACAATGGTTGGGTCGTTCATTTTTTTCCCATGCGCAAGTGGCGAATATGCTTCCACGGCAATATTATGCTCCTGGCAATATTTCAGCAGTTCCGGTTGCTGCAAAAACACGTGCAATTCCACTTGGTTGACTACTGGCATCTCTGTGGCGTACAGCTTCATTTCCTCAAGGTGCTTAATGGTATAGTTACTGACACCGATGCTTTTTGCGCCGCCCTCAGCCTTGATCTTCTCCAACTCCAACCAGGCTTTTTTACGCTGGACAGGTACAGGGAAGTGCAGGAGCAACAAATCAATGTAGTCCATGCTGAGCCGTTCTAAGGATTGGTTGTAGCTTCTACGTGTTTGGCCAAGGGTGATAAGCTCCGTACGAATTTTCGTCGTTACAAAGAGATCTGCTCGTGGTTTTCCGCTGTTTCGCAAAGCCTTACCCAACCACGTCTCGTTACCGTAGGCGTGTGCATCGTCAAAATGCGTATAGCCAGCGGCGATTGCAGTCTCGACCGCCGCCACAACCTCTGTTTCGTTTTTTACCTGCCACAACCCCAGCCCAATTTGTGGGATTTTCACACCATCTACCAATTTTATCTCTGGTATTTTCACTTCGTTGTCTCTATTTTACGCAGTAGTTCCGACTCGTCTCCCCAATATTCAAGCTTGTCCGCACATGCAAATAGTTTCGATTCTGATCCCCTCTCTGCATAAATCCATATTGACTTTTTTCCGTACGCATAACCAATTTCCGCAGACATACCTTCGCTGGCTGAGCCGAGTTTGTAGATAACGATGAGTAGATCACTCTCAGCGATATGCTCAAAAGCTCGCAAAAGCTTATTGCCGTCATCTGGCTGTGGCGGCGCCAGCTCTGTGATGTACGGTTCGACATCGGCAGACCTTAGAGCGTCCTTGAGTGCCTCTAGAAATGTAAGCAGCTTTTCTCTACTTTCGCCAGACACACGCGTCGCCACAAATGCTTTCATATCAGATTTACTCATGGTTTTACGTCTGCTTCATAGTCAAGCGGCACGCGGCTAGAACGGTTTGTCTGCCCTGGAAAATCATCTGCCAAACGCTGCCAATCTCCTTGGCTCAGCTCCCAGCCGAGGGCACCAAGATTTTCATCAAGATGTTTGGGACTGGATGTTTTTGGGATGGTGATGACATTTGTTTGAGTGATGAGCCAGTTCAGCGCGACCTGGTAAGGTGTCTTCTGGTATTTTTTTGCCATTTCATGCAGTAACGCGGCTTCTTCAAGTGTGCCTTTGCTTAGCGGACCCCAGGCAGTAACTAGCACGTCTTTCTGTTGGCAATACTCTAGCACGTTTTTGTCGATTATTTCTCGGCAATCCAGACTGTAGTGCAGCTGGTTGCACACGAGTTTATTTTCAGTGACTGCCTGTGCAGCCTTGAACCGGTCAACAGTTAAGTTGCATGCTCCGATACTTCGCACCATTCCCTCTGTCACGAGTCGATCCATCGCACGCATGGTGTCTCTGATGTCCGTACCGACATCCGGGAAACGGTGAAGCAGATAAAGATCAATGTAATCAGTTCGCAGTCGCTCCAGGCTTGCTTCACATGAACGCAATATATCATTGTAGCCTTGGTGGTTACCTGAGACTTTTGAGGTAATGACAAGCTTTGAGCGATCAAACCCTTGCATTGCATACGCAATCAACTCTTCGCTATGCCCGTTACCATAGCTTTCAGCAGTATCAAGATGGGTGATGCCTTGGTCTAGGGCATAACGTATCGCATGAATTTCTCTTTCGTCTTGGGACGTATCCGCTTCCCAACCCCCACCCATCTGCCATGTACCTAGGCCATAGACGGGCAGGGAAAATCCCGATTTCAGGGTCTTAATTGGAA
CP064993.1_gap9	267745	271009	3264	TTTTTATTGACCGCTACAACTGACGGCGTTGTGCGGTTTCCTTCGCTATTTGCAATAATTTCTGGCTTGCCAGACTGCATAACTGCCATGGCGCTATTTGTTGTGCCTAGGTCAATTCCGATAATTTTACTCATGTTGTCTACCCTTTCTTTTTAGCAGTAACCTATATAGAGTGCTAGTGTATTTTACATTGTACACAGTTTGGCACTCACATGTCAAGAGTGCTAATACATCTGTTACCTAGTGTGACGATTTTTGCCCTAGTATATCTTCAATGTAACTTCGCGGTAACAAGGCATGTGACCAGCGGCATGACTTCCTAGTATTACTTAAGCGCTGTTTGTAACTTTCGTAAATCCAGTATCGTGAGAAGGTGTTCGTCTTGAGACATTAAACCTTCATCGAAAAGCAGCTCCAAGGACCTACTTGCTGTCTCTCGGTTCATGTTTATGGAATCTGCAATGTCCTGGTGAGTTATTGGTGCGTTAATGACTACAGCTTTACCGTGTACCTCACCAAACCTTTCAGCTAGGAAGAGTAGCTGTGCAATAATTCTGCCGCGAGCCGAACGAAATTCCAGAGCTTGTATCCGCTGAGTGTAAGCAGTAATTATATTGACCGCTTGCTTTAATATCTCCTGGGAGAGCCAGCTATTATTGCCCATAGCAGTTCGTAGCTTGTCTTTAGAGGCTCTTAGTACGGTTACGTCATCCATCGCTTCATAAAATAATCCCGTCGTGTGTGCACCATCCAAAGCCCAAGGTAATGGTATAAATTCACCAACCGAATGAATTAACAGCAGATTTCCATGACCAGCATGTGATACTGAGTACGCTTTAACAAATCCTTTTTTAATAAGATAGATGCCCTCGGGTTCCTCAAGACCATTGACAATCGTTTCTTCTCTCTTGAAGTGCATAAGCTTGCCATAACTAAAATGGGCAATTATGCTTTCGTCCCTGGTTTCTTTAGTCGGCATACCGGCCTGTAAATGTGTGCCCATAAGGTCATTATATACCTCGGTGCAATTTACGGCTGTGACACTGCGCACATACACCTCTAAACAATAGCGTTATCCTAGAGTTAGCAAGCAACAATTTTACGCACATTATTGGAAGGGAGGGTGCTAACGAAACTGCCAGGCTTTGTTCTGTAAGCTAATAATAGGAGGGGTAATATGTCACGAACATATTCAGCAATAAAGAACAAACACCAAAAGCACTCAAAAGATCATCACCAAGCGTATCTTTATAGCCCAAATGAGCCTAGGGAAGATACTTTTACAAACACCTCAGCTGAGCTGGAAACAGAGTTACTAGAAAAAAGTGATCCAATGAGGCGGGAGTTCCGACACCTTGCCTACAGAATGAGAAACCGATACGCCTAACCAGCGCAAAAAGACCTCCAATAACGGAGGTCTTTTTTTGAATTTGCATGTAGTACTTGGGGTACCCTTTGGGAAAATTCTTTTATTTTCAAACTGGCGTATTTCTTGGAATGGCATATCCTCTGACGAGTTGTTTATACATTGGAACTGCTAAGTTCTCGTTAACGTTTAACAAAGGTCTTGCTAAGGTCGGATACCGGCTAGCTCTGTTTGTGCTCTGAGCATATGCCAGCTTTTTGCGTGGAGTAGTAAATAGCGACAGCACGTAGCCAAAACTTCTACTTATGAACCTAGATCTTTGAGCAGAAAGCTCGACGCTAAGTACGATTGATAAAATACCCCCTTCAATTAGCGTAAGTGAGTCACCGAGTAGAACATAAGTAGGGGCGTGGCCTAGTAAAGAGGGTGAGCCTATGCTCATCAGTCCAAGCGATAATAGGAAAATGCCACCTAGCCTTAGCATAGCTCTTGCTGTGTACAGCCGTAAGCTGGGAACGAAAACATACAATAACAGGACCGCGACTAATGCAAGGCGAGCGTAGATAAAAAGCACACTGGTATTCATAAGAATCTGCACATAGTAGGAGTTGCTAGATAAACCGTAAAAACTAAAACCCAGCAGGCAGCTACTAAACAGTAAAATGCTAAACTTTTTCATTTTACTTATCTCCTTTCACTATAATGGTCAACCATTATATTCTGCGACAGCCTCCACCTCAATAATGTGCGGCATAACTACCCTGCTACTTCCATAATAGACCCACGGTTTTGAATTGTATGTGCGCCAAGACACAAAATTAATTCGTGAAGGGGCTATACACTAAAATTACTGCTCTAAAAGCAGTAGCTGATGGATATTGCAAAGTCGCTTTGGGTAGATTCATTTCCCAATCGTTCGGTCAGATCGCCCTAGACAAGTTTATGTTGCGAGGTTACTTTACCTGTGTTGCGTCCTGTTGTTCCACCTCCAATAATCACTACGTCTAGTTTTAGATCTTCGCTCAATTGTGGGTATGTTGAACGGAGGTACGATTCTTGCCGGTAAGATTTCTCAAGCTTTGGTAACTTTAGCATGCTTTCATTTTAGTCTGTAATAATTAGATATCCTGTGACCCCGCGCACAGCAAATTAAAAAAATGAGTTCATACTTATCTATACACATAAAGACCTCATATATTAAGTCAACACATTAATCCCAAAAACTGAGGTCGTAATTTTTCTCGGTGATCCATACCGCTCTCGCAATAGTGAGGAGCTTCCGCGCAACAACGCAGTTGGCGACCGTGTACCGCTTACCCTCAGCTCTTTTCTTGTCATACAGCGCCTGGAAGTATGGGTCGTGTTGTCTGGCTATGTTAGCGGCTATGAATAAGCTCCGTCTAAGATAGCTGGAACCGCGTTTCGTTAACCGCCCCGTGCTGTTTAAGCTTTTGCCGCTTTGCTTAATGCGAGGGTCGAGTCCAGCATAAGCAATAATAGACTTGGTAGTAGTAAAACGTCGCATGTCTTGTACCTCACCAATAATACTGGCAGCTACGTACGGTCCGATGCCCGGTATAGTTTGAAGCCGGCGAAAAACTATACCATCCGCCGAAACCGCTAAGTCTTTGTAGAGCTGCGCCCGTGCTTCTTTGATGGCTACCTGAACACCGTCAAGCACTTCTCTCAGCTCATCGCTCATTGTATCGTCAACGAGCGCACTGAAGTGGTTTTTGTATTGCCGGAACGAGCTGTTCAACACAGATAGTCGTTGGCAGCCACGACCATAATACTTGGTGGTTTTGTACGGATCGGGTGTATATGGCCTACCTTCGCCACGTAGTCCTAGTCGGGCGATCACGAGAGCGTCGGTTCGATCGGTTTTCTTCCCTCGTACC
CP064993.1_gap10	297087	299339	2252	AGTGTTCTGTACGAGCCGTGACCGTCACTGTGAACTATTGAGCCATCCTTTACGTTGCTGAGTATGAGGGGTCTTAAAACACGCACACCAGATGATTTAACGTGCCATATCTTTACGTCACCACCCCGCTGCACTGCTCCAAATAGTATCTCTCCTTTACGTCCAGCATTTGTTCCATATTTACGCCTAGCAGACGATCTCTTGTAGGTATTCGGATGAATGTAAGCCTCATCTACCTCTACGTTATCTTCTAACTTTGTATCTTGATTACCCATCATAGAGCGGATTTGGTGCATCATTCGCCAAGCTGTTTTATACGTCACACCAATCTCACGCTGTATTTGCCGAGCGCTCGTACCAGCTTTATTCGTACTCATAATATAAATAGCGTGAAACCAATCCGTTAGGGGCGTGCGTGACTTATGAAATATAGTGCCTGCAAGCGGGTAAAGATGATGGCGACATTTTGAGCAAACGTAAGAACGGCGACCTGAAACTTTATAATGTTTGGTCACATCATCGCACCTGGGGCAGATTATTCCATTTGGGTACAGGTACTGCACGAGCCATTCAAAGCACGCAGCATCGTCAGGAAAATCCACCAGTAATTGTTTTACGGTGTATTTCATAAGTCTAGACAGCTTATCGTGCAGTATTATATAATTTTTCATTTCTTAAAGCAAATCCACTTTGGGTATATTTAATAGACCTTTTGAAGTTCAAAAGGGCGTATTAGCTCATTTAACAATCTTGCTGAAACTAGTTTCTAAAGCTTTAAGTTTCCGTTGAATCTCACGTTGTAATTTCGCGGGATTCAAGCTGTCATATTGTGATTGTAGCATGGCTTTCTGCTTGTCGCTGACGTTAGGGTGACTCATCAGCCGTTGGTAGGGTGTTTGAGCTGGGTAATAGCGTTTGGTTTTCTTGCCCGTAGCCTGGTCTTTAACGGTTTCTTTAACTTTCATAGTTGGTTGGAAAAATTAAGGTACTGCCTCCACTCGTTTTGGTAGAGGTCATTTAGGCTTTCTAGCTGTTCATTTGTGTCCATACGTTGGTAACCCACTAGTTGCCGTATGGCAGTCCAGTTCTTTTGTTCGACATGGGCTTGGTCGTTCTTTCTGTATGGCCTAGAACGGGTAAAGGTTAATCGATTATTCTTAGCATAGCGCGCCATGTGCCAATTGATGAATTCGCTGCCGTTGTCCGAATCAATACCCAGTAGTTTAAACGGCAAACGCTTACGGGCACTGTCAAGGCCAGTTACAGACGCTCGTTCACCCTTGCCCATAATAGCCACCTGCTCACTCCAGCTAGTAGCTACATCCGTTAAATTTAGACTGTAGATAAACGTGCCAGCTAATGTGTCGCCACAGTGGGCTACGGTGTCTGTTTCGCACCAACCCGGTGTTGTTTCGTCCCAGCGACCATAACGCACACTAATCTGCCGTTTTAGCAGACTACCTGGTTTGGTTGTACCGCCAATTCGGATGATGCTGCGTCGCTTCTCGCGGGAGACAATGCGTTTAACAGTAGCTAGACTAATTTGCCTAAGCTGATCATCGATTTCGGGTCTTACGGCCAGTTCGCCGCACGCTACTAGCTTATCTAAAAGCTCTGGCATGAATGGCTGCAAGCGTTCAGCGCAGATGTTACTAGTGGCATGCCAGAGTAGCAAAACAACTTGCTTAGTTTCGACCGAATAGCGAGCAGTCCGCGGCTTACGGATAATCGCCTTGGGCGGCGGGGAGCGCAGCAAGACGCTAGCATAGGTTCGGTGATAGCCAGTAATGTCTACCACGTCACTAAGTAATTTGCTGGGTTCTTTTTCTGGTTCTTCTTGAGACGTTTGTATTTCTTTCGCATTACGCCAAGATATTCCTGGCGGGATAATCTGCTCATTTGATAATTCTTTCCGTTTGTACTCATAGTCCTGACAGCGTAGGGCTAGAGGTAGCTTTTTGGAAACATTATTAATGAGCTAACGAATACTATTTCGGAAAGATTTTAGATGAGCTAAGTCGAAGGGTAGCGCTTGGAACAGTCACTTGCTATACTAGGAAGTGACTAGCCTGCCTGCCCACTATTTGCGTAGTGGGCTTTTCTATTACTGGCTTTTGTTTTGAATTTGTATTTTATGGTGGAGACACGGGGAGTTGAACCCCGATCTGCAAGGTGACTAGCCTGCCATTTTACCGTTAAACTATATCCCCATAACGGCAGTTGAGATGCTGTAAACAAAAAAGCCGCGGATG
CP064993.1_gap11	308445	312363	3918	CAGTGGCAGGTAGTTCGTGACCCCTTGTAGCCATTCAGGCATGAGGAAACGAGGGAAGAAACTGCCAGAAAGGAACATCATGGGAAAGGTGATAATCTGTGCCAGCGGCGCTGCTTGGCGCTCGTTTTTGGCCCAACCACCCACCGCAAGACCTATCCCAAAGAGCATGATCGCACCGAAAGTAACTAGCAAACCAAGCACGAGGTAGTTGCCGCGCATGTTCAGATTAAACACCGTCAGGCCAACCACGAACATGGTGACGATTGACATGAGCCCTACAAACGTGTTGGATATGACGTTACCGAGAAAATACTGCCATACCTTAAGCGTTGTCGTATGGTAGCGACGTAAGACTCCCCTTTCTTTCAGTTTCGGGAACACACTGGTTGGGCCAAATATGCCAGCGCCAAGGAGCGAGAACCCTAGCAGCCCAGCAAACACATAGTCGAACTGGGTTAGACCCTGTTTGGCGGTGGACTTTGCCGTAACAGTAAAGGGCTTTTCGGTAGGGACAAATTGTTTGTTTATGCCTTCAAATATACTGTTTAGAACTGAGGCAAGCGTTTGACCACCCTGCTCATTGCTTTTGTTGTACAGCACCTGTGCCTCTCCCGTCGGATAACCCTTAGCACCCACTTGACCGAATTCTGGCGGTAAAATAATAGTAGCGTCTAGCTCGCCGCGGCTCATTTTTTCTTGCGCTTCATCCAGATTTTTCACCTGGGAATCTATTTTTAACACCTTATCCTTTTGCCCCATTTGCTCAAACTGCCTGGCAAACTCCGTGTTCGACCGGTTCAAAAAAGCAACGTTGAAGCTAACACTTGTGTTGTTTCGACCAAATATACCACCAAAAACAAAGAGGAATAGTAGAGGGAAAACAAACGTGAAAAATATCGCCAGTTTATCGCGGAAAAGGCGACGAATGTCGATTTTGGCAAAGGTTAGTACTGGCAAAAAAGCTTTTTTCATACTTTAGTCCCTAAGTGCCTTTCCTGTGAGGTCAATAAACACGTCTTCCAAGTTGGCTTGTTCGACGTGCTGTTTTTTCTTGAAGCCCCTTTTCAGTAGCGCCCGAACCAGATTTTTTGGCGTATCGAGAGCAATAATCTTCCCCTCGTCCATCACTGCAACACGGTCGCAGAGCAGCTCAGCCTCATCCATGTAGTGTGTAGTCATAATCACTGTCACGCCGCGGTCACGCACTTCCTGTATAAGCTCCCAGAGATTCCGGCGCGCCTGAGGATCAAGTCCTGTTGTCGGCTCGTCCAAGAAAAAAACTTTCGGCCCATGCACTAGTGCCGCAGCAATAGAGAAACGCTGGCGCTGACCGCCAGAAAGCTGCTCAACGTAGTTTTTGGCCTTGTCTTCAAGCTGTAGATCCCGCAAAAACTTCATGGTATCTACTTTTTCGCAGTAAGCAGCCGAGAAAAATTCTAGCAGCTCAGTAAGTTTCGTTTTTTCTTCAAAAGATGGTGACTGCGGCTGCACACCTATAAGCGCTTTTACCTTACTCTGCTCAGAGGACACATCCAAACCATTCAGAGTGGCCGAGCCGCCGTCTATCGGTCGGAGCGTCTCAAGCATCTCCAGCAGAGTCGTCTTGCCTGCTCCGTTTGGCCCCAAAATACCAAATATCTCACCCTCGCGAACCTCAAAACTAATACCATCTACGACAGCCTTGCCGTCGTACTTTTTCGTTAAGCCTGTTACCGTCACTATGGATGCATTTTGTTTCATTATAATAGGGTACCACGACGCTTAAAATTCTCTGTAACTACCTAGGCAAAAACGTCCGGTAAATCACCGGACGTTTTAGTTTTTAACGACGTAACTTAGCTGCGCTTGACGGTCAGGAAACCATTGCGTGGGTTTTCGTTCACGCTAAAGCCTTCTGGTAGGTCAGATGCCTCTGGGCGGTTGTCTTTGCTAAAGTAGTAAATGGTTTGTTCTTTACCGCCGCGAAGTGTGACTTTCTTTGAGTTTAGGTGGTAAGTAACACCTTTTGAGTTCTTGTGCGTGTATGCCATATGCGTACATCTCCCCTCTATAACATTAAGTTAGTATCCCTAACATACATCGGTGGCAATCTGTTTGTCAACACCTTTGGCACCAATCACAACAGCTTGAGGGATTTGGTGTTGCCTGAAGATGGCTAGTGTATTACACTTATGGTTGTAACTATTTAACGTCTTAAAAGGTGGAAAAATGGATTTTCGACAATTTGGTTCAAACCCTTCGAACAAACAAGAGGCTTCCGTTGCGCCAGTCAGCGCGACCGTGACACCTCCACAGCCTCACCAGGCTGGTAAAAAAGTGGCTAGTAGTGACACTCCAAAGTGGCTCAATGTTCTTTATGTTGCTACGCTTTTCGGTGTCGCAATACTATTACTGCTCATTACCATTTTGATTGCCCGTGGAAACTCTGGCGGTAACGAATTCACCTACGTGAAAGAGAAGCAGTACCAAGCAGTTTTTCTAAACAATGGCCAGGTCTACTTTGGTGACATCCAAAACCTTAACAGCAAATACCTAGACATAACCAACGTCTACTATTTAACACAAAATGCAGCCACCGGCTCAAGCGGCCAACAGCAAGCAACCGGAGACTACACACTGGTAAAACTCGGTTGTCAGCAAATTCATTCCCCACTTGACCGTATGCTAATCAACCGCGACCAAGTAACATTCTGGGAAAACCTAAATAGCGATGGTAAAGTTGCTAAGAGCATCGAAGAATTCGTAAAGCAAAATCCAAAGGGTCCTGACTGTAGCGAGCAAACAAGTCAAACACCGGCAGAAAATGCTCCCAGCCAAGCTAGCAACAACGGTTCGACACCCCAAAACAACGCTACAAACAATCGCTAGATAGCAAACTGTCCGCCGGCATCTCCGTTACATGAAGAGTGCTGGCGGCTACTGCCCAGACGAATGACGGATCTGCAACATACGGCCAGCTATTACGGTGCCACGCCGTAAGGCCATTAGCTCGGCTTGCAGAAACCGCCCGCCACTGTCTCTTCAGGGTCATCCAGGAGTAAGTCAAGCAGCGGTTTCTCCGGTAGGGATGTAACCGTCGCACTCCACAAAACGATGTTCCTGATGAGTGTGGGAGTGTGGAGTTTTTCGTAACTCGAGTATAATCATAAACAAGATGGATAAATCAAAATTACACCATGTCTGGCGTTACCTGAAGCACGTTCACCCGTGGTACTTTTTGGTGATTGCGATGCTTTTTGGCTTCATAGCCGTTAAGGCATTGCAACACAATAATATCGAAATGGGCAGGTTACGTGACGCCGTCTTTGTTGCCGATAAGAATAACGGAGATGTTGAGGCAGCTCTTAGGGCATTACGAGAACATGTGCACGGACACATGAACACCAGCCTGGAGACAGGTACAAATGGAGCGCACCCGCCGATACAGCTTAAGTACACGTACGAACGGCTACAGGCAGAGCAGCAAGCACAGCTGGGTCAAAACAATAGCTCGCTATACAATCAAGCACTCCAGGAATGTAGTTCCCAGGGTCAGACTGCAACTGCTCAGGACACGATAAATTGCATAGAAAGTTATACCGAAGCTCGCGGAGTCCGACTGGCAGACATTCCAGATGCACTGTACAAGTTTGATTTTGTTTCGGCAAAGTGGTCTTCTGACCTCGCAGGCTGGAGTTTGGTTGTTGCTGTATTAAGCACTATTGGATTTCTTGTGAGCGTGGTGTATCACTGGCTTATTAAGAAGTACCTCGGCTAAGCTGCTGGTCGCGCTGTAGCCTATAGACAGAACATTCAGAGCCACCAACTGGGGGCTCTTGATACTTGATACCCAATACCTGATACTTAGTGGCATGCACATATTTTTCTCTGGCATAGGCGGAACAGGGATAGGACCCCTTGCGCTGGTGGCAAAACAGG
CP064993.1_gap12	314635	315635	1000	TTATAATACTCATGGCCGTACACAAGCGAAGTTTCTTGGACAGCTTTGCCGTGTTTGTCGACCTCAATATTGTGCCAAGCGCTGCGTTCAATGTGGTGGCCCTGAACGAGCTCCAGTTGTTCCCGCTGACGATCGATTTCAGTTTGTTCCGCCTTTGTTACTACTCTTTCAGCTTCTTTGTGCTCAGCGACCAGTTTCTTCTCTATTTCGGCCTTAATTTCGGTGCGTTGCTGCATAATCTCCCTGGCTGACTGTGCTTGCTCAGTTCGATTGGCTTCAGGACGAATCGCGGCTGATGGCCGCTCAACGGTGCGGTACTTTTCAGCGGCCGCTTCACGAACCTTTGCAGACTCGGCCTCGCGAATCTGATCCCAGCGCTGGTTTTCAATATTTCTCGTTACCTGTTTGCGCTCAACTGCAAATTTACGCTCCATTTTTTTCTCGCGGCGCTTATGTCGAATATGCTCGATACCACCGCCAACAATCAACCCCGCTACCAGACCCTTGTTCCTGCCACGTTTATAGGCGTAATACTCAGCATCCTCTACGGCACTCGCAACGTTTGCAGCAGACACAGCCGTATTGGCCGCAGCCGGTGCCGTGTACACTGAGCCGGGCGCGAGCGGTGCAGTGTAAGTCGTTCCTGCTGCGTAGCGTCGATGCGGGAATAATGGACGTGCAGATGATCCTGCAGAAGATCCTACAGGCGGGGGCGGAGTTGGTGGGCGAGTTCCGCCAGCCCCAGCTGCAGCGTGGGCGGCGGGCGTTACTGGCGCTGCTCCCGAGCCTGTTGTTGAAGACGTAGCCGCCGCACGACTGCTTGCCGCGGTACGCGTAGTATAGGCGGGGGTACTGTCGTCTTCGTTATCACTGTCTTCAGCCGTTTCAACAATAGTACCGGCCTGCACCTCAGCAGCTGGTATTTCCTGTGCCTCTTCCGTGTATTCAGGCAGATCCAGTTCGGTCGTTGCAACAACAGGCACTTCCTGCTGCGGCTTCG
CP064993.1_gap13	337467	338157	690	GGCGCATCCTTAAACGTCTGACTGATATAGTATTTGGCAGCTTACTGCTCCTGCTTAGCTTACCGTTATGGCTAGCCGTGGTGGTTCTTATAAAGCTGTCTGACACTTCGGGGCCAGTGTTTTACAGGGCGAAGCGGATGAGTCGGTTCGGCACAACTATACGGGTCTACAAATTTCGTACCATGAAGCAAGCCTACAACAATATGTCTCCCGAGGATGGTTTTGCTAAGATGGGTCGACCAGAACTTGCCAAGAAGTATCGGGAAAACGGTGACCAGCTTAAAAATGATCCGCGTGTCACGTCTGTTGGCCGTTTTTTACGCGCTACGAGCCTCGATGAACTGCCGCAGCTATGGAATGTGGTTCGGGGTGACATTAGTCTTGTCGGGCCGCGAGCACTCGATGTTTACGAGCTGGAACAGTACGACAAAAAAAATCTCATACTCAGCGTAAAATCCGGCCTAACCAGCCTGGCGCTTGTTTCTGGACGCCATGCTATGAGTTTTGAGGAACGCCGCAAGCTCGATTTGTACTATGTGCAGAACTGGAGCTTTTGGTTAGACATCATTATTATTACCAAGACAATACGAGTCGTGCTGGAGCGACTGTTCCGACACGGAGCACGGTATCGTACGTTAGATGGTAGATAAAAGATAGAGCATAATCTCTAAAATGACAAAACAATCGCCA
CP064993.1_gap14	441794	443479	1685	ACGATAATACCGGAGTGTGCGGTGCTTCAACCGGCACGGCTAACACATCTGGTGGCGGCCTGGCCGACACCGGAACGATGGTCATTGCATTTGTTGGTGTCGCAGCACTGATAGTCCTGGCTGCCCTGCTCGTACGAGTATGGCGCCGTCCTGCAAAGCAAGGCAAGTAGTCTTTGCATTATTTGATCAACCCCACTCCTAGTGGGGTTGTAGCTGCGCGCTAGCTAAACCGACTTGGAGTAAGCACCGAGTTAAGCTTTTCCCAACCCTGAAGGCGCTAGCAGTCGAAATTACACCGAGGTTAATTAGCTGAATAAAACATTCTGAGCATTGGTGTTGAGGTATATCAATAAGCCAATGCTAAGCCCGAGCAGCCCGAGCAATATGAAGAATTTAGTTTTTTCTGTCATAACGACTCCTCCGTATTCGGAATAGGTTTTGCGACAACAACCAAACGGCTGACAGGATTCCATAGTGGGGTGCAAGTATACAGCGTCAGGCGAGTGTCATCTGTCGGCTCTTGAACGTAAGTATCAGTTGCGGCATGAGTACGACTGCTCGCGACCGTGTAGCGGTAGAGCTTGCCCTGGTACCACAGGCCAATGTCATCGCCCGGCTCAAGTTTACTTAGAAAATAAAAGACACCGCGTGGTCCGGTGTAGCTAAAGCGGTGACCGGCAATGACGGTGTTGCCGCCTTTGTCTGGGGTACTGCCAAAAGGTATGCGCCAGGCGCCGGCATTCAGCAGGCGGTAGCTATCTTTTTTTGGGCCTTCAATGAGAGGTGTATCGAGCAGCATTTTTGGGATAATAAGGCCATCATGGGAAGCATCCGAGTGAAAAACATCAGGGGTAGAGGGGGCATCCTGGGTTAAGTTTGGCTTTGTGAGACGCTCAACTAAGGCCTTTTCGGTCGAACCATTGCGGTTCTGTAGCCAAAAAGAGACGCTTGGGAGAAGTGGTAGCGCCATGACATAGCAGTTAATGAGAACAATGACTATAAGTAATGCGGTGTTGGCTCGGCGCCAGTTTTTATCGGGCATAAAAATAAGTATCAAGTATCACGGCTGAAGTGGCAAGTCTGCGGTTCTTTAGCCGTTATTTTTTTGTGTAAAATAGTTTATTTCGTTGATAACGTCTAGAAGGGCTTGAGCGCGGGCTTTATCGTCAGTGATGTCTTTGGCAGCAGCAAGGGCATCTTTTAACAGTGCCTGGTTGTCGGTACTTTGAATCATCATCATTGTTGTTCGAAACTTTTCGTCTGGTGTCTGCTCTAGGTGATTCACAAGGGGAGTTAGCTGGCCAAGAGCTTGTTGTTTGAGGTTCAGTAGTTCGCTGCCGTCGTCAGCGGTCGGTTGGTCGGTAGAGTCGTTGGTTGCGGCTAAGTCATTTGGTACGTCATTGTCAGTAGCCTGCGCAGCCTGTGACACGTCAGGCTGATCACCGACTCGTCGGCAAGGGGATTATCAAACGCGGGCGCGCTCGGTGCGGCAATATCGGTTGCAGTCGGGAAGCCGGTTGAAGGTACCGGATCGGTAACGTTTGTTGGCTGAGTCGTATCCGGTGCCGTTACTGAACCAGCTGATGTTTGTGTTAAATCGTCTTGATGTCCAAAAAGCATTTCCACCCCCTTGCCTGGTTTGCAGGCAGTTCCCATTTAGCAGTTATCAATTTACAATGGGTATT
CP064993.1_gap15	490915	495766	4851	TAACGTTTCATACGTGTAGCTACAGTCAGTATAGTAAAAGCAAAAAAGGGGCAAGCATATGGCATCACGATTACCAACACCAGGAGGGGATGACGGTACCTGGGGGGCCATCCTAAACGATTATTTAGCACAGGCACATAAAACCGATGGTTCCCTGAAGGATAACGTCGTCACCGCTGCCGCTTTGGCTTCAGGTGCAGTAACTGCAGTGGGAATCGCCGATGCGACTATTTCTGAAGCAAAACTTGACTCAGCACTTCAGGTTAAGGTGAACGGTCTTGGCGGAGGCGGTTCGTTGACGCTTGCCGGTGATGTAACAGGTGCAAGTACAGCAACAGTTGTCGGTAAGGTGAACGGAGTAACTGTCTCGGGTGTACCAACAAACGGTCAAGTTCTGACGGCATCTGGTGGTACTGCCGCAAGTTGGCAGACGCCTGCAGCTGGCGGTGGCGTGACTAGTGTAGCTGGTAAGACCGGAGTCGTTACGTTGGCTGCTGGTGATGTTGCATCGGGAACCTTTACAGCGGCTCGACTTGGTTCGGGTACAGCAAATAACACGACGTATCTCCGTGGTGATGGCACATGGGCTGCAGTCTCGGGTGGCGGTGCGGTAACGACTGTTGCCGGACGTACCGGCGATGTTGTTCTCACGAAAACCGATGTTGGCCTTGCAAATGTTGACAACACAAGTGACGCGAGCAAACCTGTTTCAAGTGCAACTCAAACTGCTCTTAATGGCAAATCTGACACAAGCCACACGCACACGCTTGACGCTTTAAGCGACGTGAGTGCATCTGGAGCTAATGACGGACAGTCGCTCGTCTATAACGGTGGCACTTGGGGTCCCGGCACTGTCGGGACGGGTGGATCTGTCATCGATGCAACCACCACTAACAAAGGTGTAGTACAACTCGCCGGAGATCTCGGTGGAACGGCCGCATTGCCAACAGTTCCAGGTCTAGCCGGAAAAGCAGACACGGCTCATACTCACGCTGCAGCTGATATTGCTTCTGGTACAGTAGCGACCGCTAGGCTCGGGTCAGGTACGGCCGATAACACTACTTTCCTACGGGGTGATGGTACATGGGTAGCACCAGCGGGCGGCACTGTCGCTGACGCTTCGCCATCGACAAAGGGTATCGTCCAACTTGCCGGAGATTTGGCTGGTTCGGCCACGTCACCTAGCGTCGCGAAAGTGAATGGTGTAGCAGTGAGTGGAACGCCATCTGCCGGACAAGTCCTGAAAGCCACTAGTGCCTCTGCTGCCTCATGGCAAGCTGACGCTACGGGTGGCGGAGGTAGCTCTTGGAATTTTGTATCGGTCAGCGCGAACTCGACCGCCTCAAACGGTGATTATGTACTGGTTGATACCTCGACCGTCGGAGTGACTATTACCTTGCCTGTCGCTGTAAGCGGTGGAGTTGTGCGGGTAAAACGCATGACAGCCGGTTCTAATAGTGTTCAGATGGTTCCTCAAGCACCAGCTCTAATTGATGGTTCGGGTGTCGGCTCAGACGTACTGGGTAACCAATGGGATTCAATGGAATATGTCAGTGATGGTACTAACTGGTACAGAGGATAAGGGAAGGATAAAAATATGCCATTTACAGGAACAGGTACCGGAATACAAAACGCAAATGATGTCTTTTTCAGTGGCGTGGCACAGGATAACGTTTTAAAATTCAACAATACAACTGCCAAGTGGAATAACACTCCTGTGGTCGGTTTCTCAGCACTCGCCTATAATGGCGGTCTGGAAACAGTATCTACCCAGACGAGTACTGCTTCCACGACACTTAACCTTAGTAACGGTAATGTCTTTAATGTCACACTAGCTGTTGCGACGACGACGTTTACATTTAGCGGTGCGACTGCTGGTAGAGCTTGCTCTTTTGCGGTCTACCTGAAACAGGATGCTAGTGGTAACCGCGCAGTCACATGGCCAGCTTCGGTAAAATGGTCAGGTGGTGCACCGACGTTAACTACGAGTGCGAACGCAATCGATATTGTCGTGTTTGAAAGTATCGACGGGGGAACGACGTGGTTCGGCTCTCTTGTAGGTACCAACTTTGCCTAAGAGTAGGGATTTGGGATGTTCAAGCTCTATTACTACTACACCATTTGACGGTGTAGTAGTGCGTATACGGGACATATGTTATCCGGGCGATCGTACTTATTCACAATTAGTAACCTAACAACTGGAGCATATTTATGCCATTCACAGGAACCGGCACCGGCATCCAAAACGCAAACGACGTATTCTTCAGCGTCCTTGCTCAAGACCATATCCTTCGTTATGACAACGCTACTGCCAAATGGATTAATATTCCTCTCTCAGTAGCGACAACAGCCCTAACCGATAACTCAGTTACCGAACCAAAGCTATCTATTAGCAACGCACCTACTACCAACTACGTCCTTAGCTGGAATGGTTCAGCCATGACCTGTGTTGCTCAAGCCACTGGAGCCGATGCAACCACTACCACAAAGGTATTGTCCAACTAGCCGGTGATCTCGCTGGTACTGCTGCTGCACCAACTGTACCAGGACTGGCTGGTAAAGCAGCGACGGTGCATACGCATGCTCAAGCTGACGTCACAGGACTAGTCGCTTCACTTGCCGCCAAAGAGGCGACAATCACAGCTGGGACTACTTCTCAATATTATCGTGGTGATAAATCATGGCAAACCCTAGATAAGTCAGCTGTTGGCCTTGCTAACGTCGATAATACTTCAGATGCTAGTAAACCGGTTTCGACTGCGACAACTACAGCGCTTTCAGGCAAGGTGGATAAATCGACAGCGACATCCAAGGGCGACTTGTTGGTGGCAACAGCAGCCTCGACACTTACGCGTCAAGGGGTAGGCCTAAACGGACAGATACTCACGGCCGATAGTACCCTCGCTAACGGAATAAAGTGGGCAGATCCAATCGTAAGTTCGGTTGCGGGTAAAACAGGAGTTGTCACGCTCGTCAAAGGCGACGTCGGCCTTGCAAACGTCGATAACACGTCAGATGCTAGCAAGCCGGTTTCGACCGCCACACAGACTGCTCTTGATTTGAAAGTCGACGAGACCATAAGCGTGACTGGTGCTACTTCTCTGACCGGTGGCGGCGTCCTTACAGCCAATCGAACTCTTACCCTTGTCAATGACGCGGCCACACCTGGCAACAACAGATACTACGGTACGGACGGCACAGGCACAAAAGGGTTTTATACTATTCCGGCAGGTGACCCAAGTATGGGCGGCGACTTAACTGGCACTGCTAGCACTGCGCAGATAGCTGCCAATGCCGTCACGGCGACAGAAATAGCTAGTAATGCGGTCACGACAATAAAAATTCTTGATAGTAACGTCACTGAACCGAAGTTGGATGTAGCTAATAGTCCTTCAACCGGCCAGGTACTGAGCTGGGATGGTACAAACATGGCTTGGGCTGGTGCACTGGCATTTGCATTTACAAAAGTCAGTGTCTCGACGAACTATACAGTTACAGCTTCGTTTCAGTATGTGTTAGCAGATGCTACAGCAACTGGGATTACTATTACGCTTCCTGCTCCACAAAATAACGCATATGTACGCGTGAAACGAATGTCGACTAATGCAAATAGCGTACAGGTTGTGGCTCCGGCTGGTTCTTTTCTTGATGCACCTGCAGTAGGCTCGGACGTACTGAATAACGCTTATGACAGCGCTGAATACTGGAGCGACGGAACAAACTGGTATAGGTAGAAACTAAGTTATTGTTCGTTGCCGCTGTAGCTGCATGTATGAGTACTGTTTAGCTGGATGATTTTGTGGATGCAGACTCAACCGGTCGGCTAGTGCCGCAGCTAGTCAGGGAATACCCTCGACTTGTATGGTTGGTAGGTTGGTGGGATGAATATGGGTATGTATTATTAATACCATGAGCATAACAACAAGACGGCTACAAAGAACCCAACAGACAACCTCAGCAATCTGGCCAGATGCGACCAATACTGGTTACAGAGGAACGCTGACAAATTACAGCGGCGGCTCGTCAATTCTCGTTAGCACAACTCTGGTGAATAAGAGGATTTCAACAGCGCTTCAGGTCTTTTCGGGAGCGACACTCACACTAAACAACTGCTGGGTGGATGGTGGCTTTATTGATGGTGATTATGCCGATCAACCGATCACCCTTACTGACTGCCAGATTGATGCTGGAGAGTGGCAGGGGGCGGCGGTGACGGGGTACAACATTCACATTACACGCTGTAACATCACTGGTGCTCAGCATAGCGTTTTGGCCTCAGATAATGTCACGGTAGAAGACAGTTGGCTACATGATCAGTACGGTGGCCCAGTCGGCAGCTCTTATCACAATAACGCTTTTATTTCGAACGGTGGCAGCAATATCATGGTGAGGCATAATCGGTTGGATTGTTCGGTACCGCTGAATGGTTCGGGTGGTGGACCAACCGCCGATGCTTCAATCTTGGTGATTTTGCTACGATGACCGATGTCACTTTCGATAACAATCTTTTTATGCCAACAACTGGCGGCTACGGTGGTACATTTGGCTATAATCCGGCTAAGCCATACGGGAGCAACCCGAGCTATATTGTAGTTACAAACAATGTCTTCCAGCGCGGCCCGACCGGCATATGTGGTGTCTACGGCACAGTCACGTCTTTTTTGAGTAGTGGAACGGGTAATGTTTGGTCTAACAATACCTACGAAAACGATGGCACGATCATACCACCTGCCGAGTAAATTTTCTCTGACTACCTCCTCAAATAGCAATATTCTTTTGCCGCTGAATATATTCACCACATTTACCGCTGGTAGGATTATGCTAAACTGGAAACCATGAGCAGGTTTGCAC
CP064993.1_gap16	504870	505652	782	TTTCATCCATGTTTTCACTATAACACCTAATACAAACATATGCGCTATAATGTATCTAAAGGGGAAAAGTGTGTTAAAACGACGAGCACAACAAGCCGCAGCTGGAGCGTTACTTACGACTGAAACTCAGTTTACGTTTATTTCGATTCCTGACACTCAGCAAGACAACAGCAGCGCTGTACGTACCGCCGTGTTTGCCGAGCGTATGACCTGGATACGAGATAACCGTGAGGCACTCAATATTAAGTTCATGGTACAAGTCGGCGACCTTGTCGACTGGGACGACGAAACTCATAGCCATTATGTGCGAGCCGATACCGGTCTCGATATTCTGGACGCTGTAAATTTTCCCTACGCACTTTGTATCGGCAACCACGATACAGCCGCCGTGCAATATGGCGGTAGTGCCGCACCTGGTGACGTTAACGCGAACCTTCGCAATACGAGTACGTTTAACAGCTATTTTCCCGTCTCACGCTTTCCGAATATTGCCGGTGTGTATGAAACTGGAAAAGTTGACAATGCCTACCGCACGTTTCAAGCAGCTGGGCTCAACTGGCTGGTCATGAATGTTGAGTTTTGTCCACGCGCGGGGGTGTACCCTTGGGCAAATGGTGTCATACAGGCTCATCCTAATCACAATGTCATCATCCTGACACACATGTATCTCGAAGGTAACGGTGCAGTCAGTGGTAGTAACGCCGGTTACGGCGATACGAGCCCACAAACCATGTACGATACAATCATCAAGAATAACCCAAATGTTAAATTCACGTTTTCTG
CP064993.1_gap17	549109	551931	2822	AACAAATCAGCGTGGCGACACCATTGTAGAGGTGCTTATTGCAATTGCTTTAGTTAGTTTGGTTTTAACATCTGCTTATGCTCTTACGAATAAAAATGTCCGTGCCACTCAAGAAGTTCAAGAACAAAGCTACGCTCAGAAACTTGCCGAACAACAGGTTGAATTACTGCGCGCTTCTAACCCAAAGCCAACAGCGAGCAGCTGTTTTGACCCGAATACAGGGGCAACATTGGCACTGATTAGTGTAGCCTGCAGACCTACAGTGGGCAACGTAAACTACAGCATTGAAGTAGCCAGAGATTCGGTTGTACCTGAAAAGTACAGCGTGAGGGTGACCTGGGATACGTTAAGCGGTCGTACTGCGAAGGTAACTGTGTATTATAAGGTGGCACCGTAATGACTAGACATTCTGTGCGACGCCATTCTGGAGGCTTTACCATTGTTGAACTGATGATTGCAACAATGGTTTTCTCGGTTATTCTTACTGTGGTGACTATGGGGGTTATTTCGTTTAGTAATCGCTACTACAAGGGAGTGCATACTTCGGCTACCCAATCTGCTGCGCGGTCAATTATGGACACGATTACGCAATCAATTCAGTTTGGTTCGGCCACAGTTACACCAAGCGGTAGCAATAACTTTTTTTGCGCCGGAGGATCTGTTTTTCTGTTCGATACTAACGGCGTTATGTTCAATAATACGCCCGGCCAAAGGGGTGTCTATGTCACCCCAAAGACGGGGGATGCCTGTGTTGACCAGGCTGTAACTGGAGGCAGGCAGCTACTAGGCAACCGTATGCGGGTGGCTTCTATAAGCGTTGCTCCACTGGGTGGAGTCCCAAATATGTACCAGGTAAGTGTTGTTGTTGCGTACGGGGACGATACGGTTCTATGCGCACCTTCGTTACCGCAGCAATGTCAGGAAACCGCTAGTTACACCGCCCCTAGTTTTATTAATCTGCCAGATATTACGTGTAAACCGGGCAATGGTAATCAGTATTGTGCAGTCAGTCGGCTGAAGGCAAGTGTTCAAAAAAGAGTAGTGCCGAGCTAAAATAGAAGGTATAATGAAAATAAGCATGAGCAGAGTAAAACGACAAGATGAACGAGGACTGGTATCGTTTATGATTACCATTGTCATGATGGTGGTTATTTCTCTCATTGTGATTGGTTTTACACAAGTTGCAAACCGCAATCGCCGCCAAGCGCTTGACAGGCAGCTTAGTACGCAGGCGTTTTACGCCGCCGAATCTGGTGTAAACGACGCTATACGGGTGATACGTGCAGCCCAGGCATCCGGATCACCGATTCTCGCCCAAGATAACTGTGATGACACGACATACTCCACCAATGCAACGTTAAACAACGACCCGCTAGTAAAGTACACCTGTGTGCTCGTCAACCCGACGGTACCAAATATTGAAACAGTAGCTACGACCCAGGCTTCAATGGTTGTGCCACTGAATCTTACCGATTCCACCGGCGGTAACTTACCGCCAACCGCAACCGTCCCCCTCACGTTTACATGGAAGGTGGCGGCCAGTGCAAACCCAGATCCTGCGCTGTGTCAGACAAGCGGTAACTTTGTCCCAAATAACGCTGCCAACCAGTGTGGCTATGCGCTGCTACGCGTCGACCTGATGCAAATGGAAGCTTTTTCTGACGCAACATCCGCTGCTAACAACACAAAAACATTCTATATGCAGCCAGTTTCATCAGGCGCGAGTTCGTCCAGTTTTAGCAATTTTGGAGCTCCAAAAGCCACTATTGTGCCCGCTGCTTGCAACGCGGCAGCACAAACCTGTACGGCCACCCTTGATATGACTGGCTCTGCAAAAAATCCCTCGCGCTACACAGCCCGAGTAAGTGCTATGTACAGAGATAGCCCGTTAGTTATGATTGACGGTGGGACTGCCGGAAATGCTTATTTCAGCGGCGCACAAGCAAGTATTGATGTAACCGGAAAGGCACAAGACACGCTGCGCCGTATAAAAGTACGTGTACCGCTCAGAGACTTTGCGACCGAGAACTTGCCACTAGGTGGGGTGCAATCACAGTCAACAGTCTGCAAGCGGTTTACGGTAAACAATTCGTTTGTTCGGGATGAGTGTGCACCGGCACCTGTTCCACCTGGCCCTGGCCCTGGCCCTGGTCCTGGCCCTGGCCCTGGACCGGGGCCAGGTCCTGGCCCTGGACCTGGACCGACTGTGACCTGTGAAACAGTAAGGGGGACATTTTCTGGTGACGTAACCGTATTTGGACCTGGGCATGGGGTAGCTACGGCTAACGCACCGCTAAACGGACCACTGAAAGCAGGCTGTACCTATAACTATGTAATTACTTACGGAGACGATAATCATGAGAGCTCTCGAAATGCGTGTAACGCAGGTGATAGGGGTGCATGTGACGTGTGGCATCAGCCAGAGGAGCGTTTTTATTCACAGGCTGTTACTAGCACCGGCCAAGTACTTGCGACATTGGCAACCTCAGGAGATGTTCCAGATAATGTCGGTAGATCAGACGGTAGTAGCCGGTTAAGTTTAAGCGGTACAGTGACAATTCCGGGGGCTACTGATAGCACGTCATTCTTACGGTTAGTGCACGCACCCATAGCATCTCCTACCGGTGTCGACTGGATAGATGGCAATAGCGTTCACATTTACGGTATGGTATTTACGCCGGTTCCCTAAGCAGTCAGTGAACCTAGCTCGACGCAAAGACTAAGTACTAAAGTGGTGCGGGTTCGGTGGCCCCGGAAGGCTTCGCTCTCGCTTGATAGCTCGAAGCGCTGATAATCGTTTTTACCAACGAGTCGGGGTTATT
CP064993.1_gap18	553740	557840	4100	TGGTTCGATTCCAGCTCGGGATACCAAAAAACGACTATGAACTCAACTCACTATGACGTTATTGCATTTGGCGGATGCTACCTAGACATTATTTCTACGGGTTTGCCCTTCGAGGCAGCAGGTGTCCCCGTGGAGCGAGAAATGCGAGGCAATAGCTATCTGGCCCAGCCTGGAGGGTCGGCTATCAACATGCTTAGAACTCTCCAAAAACTGGGTGGCAAGGGTATATTTATTGGAGTAAAGGGTGATGACGTCACCGGTAGATTATTGGAACAGCAATGTACAAACGAAAATCTTACTGTAAAACTGTTTCAAGCCGACGGTCGCCAGACTAACTTTGGGCTCAATATGGTTGGCCAGGAGAGCAGCCACGTGCTGTTTAGTCTCGGTAGCGCCAATCAAATGCTTACATCTGACATGCTTCTCCCTGCACTAAGTGAAATACTAACGGAAAAATCCTTTCTCTATATGGGGACACTTTTTAAACTTGATGGGCTTGCGCCCGATTTTTATAAAGTTCTTCGCCTTGCGAGACTGAAAGGTTCGAAAATTGTGGTTGATCACGGCCGCATCTCCCCTGGAGCGCCAGCCGATCGTTATTCTCAAGTGCAAACAGTGGTATTGGCGGCGGATTACTACCTTCCAAGCAAGGCAGAGTTTCTTGAAATGTGGCAAGTAAATACCATTGAAGAAGGACTGCGGCGACTTCATAGTCAAGCGAAAGACTTGACCACCGTAGTAAAAGATGGCGGTAACGGTGCTCACTATTGGGCAGACGGCAAGGTGTGGCACGTTGCGGCTCGTAGCGTTACATACGCGCAAAATATTACTGGAGCCGGCGATGCCTTTAATGCAGGCTTTTTATGGGCCGTATCTGCGAAAAAAGCACTAGTAACCTCTGTTGAACATGCCGTTGCCGTCGCCGCTGAGCACGTAGGAAATGGCCGCAACGCGTGACATAATCTGTTACAATACGCTTATGGCCAAAGATACGCAGACAGCCGTGACCCCAAAAGGGCAAACAAAATATTTTGAAGACCAGATGGATGACGAAGAAGTACTTTATGTATTTCGTAAGCACCCAATTGTTATGCGTAAAGGGCTCATTGTGGGCTCACTGGGTTTGCTAGTCGGGCCTCTGTACACTCTTATTTTGACCTATACACAGCCCAATGATCCGCCGAGTATGACGTTTTTTTACTTGAGTTTCTTGGGTAGTCTTGCGCTTAGCGCTTTATTGTTCTTCCCATCATGGATGAGCTGGCATTTTAGTGTGTTTATTGTTACGAACGAGCGCTTTATACAGATTACACAAAAAGGTTTTTTTCATCGAAGCGTGGTTGATATGGGCCTGAGCCAGATACAAATGGTTAATTACCAGGTGAAAGGACTGCAAGAAACATTGCTCGGCTATGGTACTATTATGATGCAAACGTTTGTGGGCGACCTGCTTATACACTACATACATCACCCGTCAAAAACCCAAAAACGTCTGCTCGAAATATTGCGCACACAGGGGGTGGCAGCGGCTGGGATGCCGCAGGGTCAAGGATAGATATATGAAAAAACTACAAATGCGGAATTACTCTCAAGCAAAACACGCAAAAAAAGTTCGTGCTATTGTTCCGCAAGTGGCACGACGTTTTCGCAAGCCAACGCTGCAACAACAAACAGAGACAGCGCTTAGTGAGGTGCCACGCATAACAAACGAGACTGTAGCGGAACACCGTGAAGAAGTCCTGAAGGGCGCACGGAAGTACAAGTATCCACTTGAGCATTCGAAACGCAAAATTGTCGCAGTGTCATCGACCATACTCATTCTCGCTGTTGTTGGATTTTTTATTTACACCGGGCTCAGTCTATATAGGTATAAGACAACTTCACTTTTTATGTACCGAGTCACGCAGATTATACCGTTTCCGGTTGCAAAGGCTGGGAGCAAGTGGGTTTCATACGAAAGCTATCTTTTTGAACTTAGGCATTCCATACACTACTACGAAACCCAACAAAATGTTGACTTTACTGACACTGAACCTGGCAAAACAAAGGGTAAGGCACAGCTTGATGCTTACCGCTCAGTCGCCCTGCAGCAAGTTATTGACGTGGCTTACGTAAAAGAACTGGCAGCCAAAAACAAACTATCCGTCACCGAGCAAGAAGTTAGCGATGCTATTACAATGTTACAGGCACAAAACCAGCTTACGTCTGATGATGATGACGAGCTTGAAGCTATCATGCAAAAATTTTTCGGTTGGTCTGTTTCTGACTTAAGCCGTCGGCTGAAGGAAGAACTTTTAGCACAAAAGGTTGCCGCCAAGCTTGATACGGCTGCATACTCAAGGGCACAAAATGTACTTTTGCAACTACAAAATGGAGCAGATTTTGCCGCGCTCGCTGCACAGGTTTCGGACGACACAGCTACCAAGGCCACCGGCGGTATTTACGCTGACATTGCAATAACTATGAAGAGCCAGGAGGTTCCCCCGCAGGTTGTACGTGAGCTCGCAAAGCTGCAACCCGGGCAGCTCTCTGACATCATTGTTACCCCAAACGCTTTTGAAATTGTAAAACTCGTGGGCAGTGAGAATGGGAAATATAAGGCTGCGCATATACAAATAAACTTTTCGAGCATAGATAAGTACATTCAACCACTCGAGAAAAAAAATCCTCCCAAGAAGTTTATTAACGTTCAGCCGCTTAAATAGTTGCTTTTTTTGTGCCTACTTGGTACACTGACCTCTGTTAGCTTGTGCCTCGCATGCTGAGGTGTAACTATTTGGGACTGGAGCTCGACGAGAGAAGTATCAAATTTGTTTCGTCACAACGGACTTCGTGTTGGCATACTCTGACGAGCGCCCGTAGCCGAAAATAGGCTTGCATGTTTTAAGCGAGTCCCGCAGGAAGGAGCGCGCCAAAGGTGCGCGATATCCGGTCGGTTCCGACCATTTTACAAATAATCTGATACAATCAGAGTTAAGCGCCCGTAGTGAAGAGGCCTATCACGCCTCCCTGTCACGGAGGAGATCGCCGGTTCGAATCCGGTCGGGCGCGCCAGAAAAATACCTCAGCGAAAGCTGGGGTATTTTTCTGGTATGTCTGTTGGTTTTGAACCGGTGATAACCAGCAATGCCGGTGTGTTTACTTAAGCCAAAGCGAGAACGGCCGCTTTTTATTGCGCTTAAAAAAGTGCTAACGTATACTTCGAATTACAACGGGGATAATAAGAAGGAGACATGCAATGGGAAAAACCAGTAACGTAAAGGGATTCGCAGATTTTGTACGGGAGCAGGGTGTAGTAGGTTTGGCAGTTGGTCTAGCTATTGGTGTTGCAGCAGGTACCGCAGTTAAGGAAATTGTTGACCAATTTATTAATCCACTTGTTGGATACATTCTCGGCGGCGCCGATTTGGCTAAGCTGAAATGGAATACCGGTCTTAGTCGAGGCGGTGAAGACCTTGTTTTTGGCTGGGGTGCTATATTGGGTGCCATCATAACACTACTCGCAACAGCTTTTGTGGTATACCAGCTTGTTCACCTTGCTAAACTTGACCGTATAGATAAGAAAAAGGACTAACTACAATGGTTAGCTAGTCGACTTATAAAAAAACGGCGCAACTGCTCCGTTTTTTGTTGATGCAGCATCATTAAACAGGTTAGGACGATACTGCTATCTGATTTTAGTCCATTACCTCTGTAACTAGCAGCTAGACACGCTCTAATCTACACATCTCTTGAGCTTAAATCTAGCTCGTAAAACATTACTTCGCCGTCTTCTTTTGTAAGTTTAAAACCGGCCGCTTCATATGTTCTTTGTGCACTTAGTTGCTTGCGATTGGTATCCAATGTTATTTTATGGAAGCCAGCTTCTTTGGCCTCTGCTAGAGCAGTACGTAGCAGTAGGTTCCCGAAACCCTTGCCACGAAATGGTGGCCTTAAGTACATCCGCTTTAGAACAACCTCGTCAATTGTGTCACTTTTGAGTGCCACTGAGCCTACTACTTTGTCGTCATAAACCAAGACCCAAATATTACGATAAAATGCTTCAGGTTGGGACAAATCTTGATCGAGGCTAGGATTGAGCGCAAACCCAAACTCACTAT
CP064993.1_gap19	562739	564126	1387	GCCACTGGACAAAGTTCAAAGACGAATTATTTCGGATAACCACCCGTGAGGGGCACGAGTTCGCCATGAAGCCCATGAACTGTCCTCATCACACACAAATTTACGCGTCACAACCGCGGAGCTACCGAGATTTACCCATCCGTTACCGCGAATCCACCATGGTTTACCGCGACGAACAGAGCGGGGAACTGGGCGGGCTTAGTCGGGTTCGGGGGATTACCCAGGACGACGCGCATGTTTTTTGCCGAACGGGTCAGATTGAGGGCGAAGTGCAAAAGCTATGGGATATTATTGAGACATTCTATAAAACGGTTGGCTTTGAAGATTTGGAGTATCGGCTGTCAACGCACGACCCAGAAGATATGAGCCAGTACGCTGGCGGAATAGACAAATGGGATTCATCTGTCACTCAGCTAGAAAATATCCTAAAAACTAAAGTTGGCGACAAATACTATGTTGGGGTAGGAGAGGCAGCTTTTTATGGTCCGAAAATTGATTTTATGGGGCATGATGCCATCGGTCGAGAGCACCAGGTAGCAACAATTCAGCTGGATTTCAATCAGCCGGAGGGGTTTGATCTGACTTGCACCAATGAGGATGGTGGAGACGAGCGTATTGTCATGTTGCACTGTGCCGTAATGGGTTCGCATGAGCGTTTCTTAAGCATTTACATAGAACATACCGCCGGAAAGTTTCCTGTGTGGTGCGCGCCGGAACAGGTGCGGATACTGAGCGTTAACCAAGAGCCAGCAACACTTGCGTTTGTTGAGAGTTTGCAGCAGGCAGGCAAGGCGCTTGGCCTGCGCATTGAAGCAGACAACAACAACGAATCTGTTGGTAAAAAGATTCGTGCCGCCGAAGTGTGGAAGGTTCCATATACAATAGTGATAGGTGAGAAAGAGATTGGGGGCGGGGAGCTGACACCGCGTATCCGTAAAGACCTTGTCGTGTCGGAAGATTTGAAATCATACACGGCCGAAGAATTCTTTAGAACCGTTGCCAACGAAGCCAAGTCCCGTGTCAGTAAAACCTCGCTATAAAAAAGTCGGGTACCGAAAAAATGTTTACCGTAAATTTTGAAGTTGGGTTTCGGGAGCGAGTGGAGTCGGTAGTACGGCAGATTCCTTGGGGGCGGGTTATGACATATGGGCAGATTGCGGCGTTGTGTGGTAATGCGCGGGCGGCGCGGGTTGTGGGTGGTACCGCCCATTTTGGCGACCCGGATTTACCCTGGCAAAGAGTGGTTAACAAAAGCGGTGGTTTGGCGAGTGGCTACCCGGGTGGTCGCCGCGCACACGCAGAACACTTGCGTAGAGAAAAAGTCATTGTTTCTGAAGACATGAAAGTGGATGTCGAAAATCTGCTGTGGTGGCCGGAGGGCTAGCGT
CP064993.1_gap20	758399	761756	3357	TGCAATCTTGGAATGTCGTGGAATGGTCCAGCGACGGGCGGCACATTTTGACGCAGAGGTCTTACACGGCCGCGGGTACTCAGGCACAGGAATATCTCCTACTTGATCGCCAGGACGGCACTGCAGCAAGGAATATCACCAAGGAGTTGAGTCTGGCACCTGCTGAGCAAGTGCGGCTTTTTGATAAGAAGCAGAATCTATTTTATGTATATAACACCGAAACAAAGGTTTTGCGGACGCTTGCGCTGAACGGTAGTCCTCCCGCGACACTACAACTGCAACGGGTGCTGGCGTATAAAACCTATGAAGACAACACTATTTTATACGTGACCGACACGCCGCTGGGGAGCCAAGCGACACCGGGTTTTGTTTGGGTTGTTTTGCAACAAGGTACGCGTAGCGGTGTGCTGAAGCGTTTGCCGACTGCGAGCCGGTACTTACTTGATATTGCCCAGTACGACGGTAAATGGTACGTTGTTCTAGGCTCAGACGCATCAAAAGGTGTATATACGTACCTTAATCCACTTGACGCTGTGCTTGCAAAAGCATCAGATATGCCAGCTCCGTTTCGTTTTTTGAAGCTACCTTCCCCGCAGTATGTATCTTTTTCGGCAAATGCACAGTTTATTTTGGTTGGAAACGGCTTGAGACACACCGTGTATGACCTGGAGTACCAGGCAGTTTACCACTATATAAAAACTGCCCCCTTTGACGCATCTCAGGCACAAGCTGTGTGGATGGATGGTCATAGACTGACATACATCTCCGATGGAAAAGTTGTGGCATATGATTACGATAATCTTAACGAGCATGTGTTGCACGCGGCGCTCCCGCAGTACGGTGTGTTTTTTGCTCCTGACTTTGAGCATAGCTACGCGGTAACTCAGGTCGCAGGTGAACTGCCAAAACTGACACAGACTGCTCTAATCGTACCTTAGCCACACTCGGTATAAGCGTCGAATTCTAGAGGGGCAGGCTCGCCCGTGGCTGAAGGCGTTAACAGGGTTATTTACACCGAGCTATGGTTACCTGAGTGTTGCTACCGCCAAAACTCAATACTTCGCCACATACGAGTCCAGAGCGTGGGGCCATTGCTTGTGATTTGCACGGGCTCTGGTACAGCGGGCAAAGTGCCTGGTGTAGTGTTGGAGGCTACGTTCGGGCTAATTTGCTTGCCCCAAACAACTAGTCGGTTAGTACTGAAACCAGGCGGATCGCACGTAATAAGAACTGCCGTCGCTTGTTCTCCCTTAGTGTCGCCTAGAACACTTACTTGTGAAGGCGGAACGATTTCTTTTGCAAATACTTGGTAGCCGTATACTTTTCCTTGGTAGGTTACGTAAAAAATATCACCAGTGGTAAGCTCACGGAGTCGTACAAACGCAAATTTGTACTTGCCGCTGTTTAAAAGGTTCTGGCTTGAATGTCCAAAGTATGCACCGTTGCCGTTTTGACCGGGTTTTACGGTGCTGGAATAGTGCACGATGCCGTTTTCCAGAGAACTCTGTATTGTCGATTCGTCAGTGGTAGTGAGGTTGAAGTCTATCGGGATTTGAATATTTATTTTCGGTACAATTACTGTTGGATTCGCGGCTTGGTCGGCGGATATGTTGCTGACAATTATGGGCATGCTACTGACTTTACTGCTCGGCTGGATAAACGGCGTGATGATGTACTCGTTAAAAAAACCAAACAACAGAAATAAAAGCATGATAGCTCCAACACCCAGACCGAATAGGAGTGACTGAATGTGGTGGCGTGCCTCTAGTCTGCCCCCTGCACTCACTTTCTGTTGAATCTTCTGCTTTATGTGTCGTGTTTTTTCCGCTGTCCGTGAGTCGGCAACTCGGCGACCTACTTTGGTTTTGCGAATGAGCTCACCAGTTTTTTTAGCGGCACCAGACTTTCGTTTTTTTCTTTTCGTTTTTGGGGGCAACACTGTTCTGGGGGTGGAAAGATCCCCCACCATTACGCCGTTCAGGGCAGTTGCGTTCTGGTCAGGCACGTACGGAGTCTGGGCGGCATTAATGACGCGGGGCTCTATTTGTGCGCGCGATTGAACTGGTTGTTGCTTCTGGAATAGCTTTTGGTACGGTGTATACTCGTTTGCGGCATAAAATTCATCCCATACCTCACGTTTTTCGTCATCTGGTAGCTGTGTATAGTAGTGATGCCACTCTGTCTGCACTTCGGCAAGATTTTTTCCTGCCTCGGCGAGCTGTTTCATAAAAAGCTGGTGTTTGCTTGGAGCCCGATCATGCTTTGCTTTAACTAGTTCTTCGCTCGCTGACGGCTCTTGGCCATATGCGCGGGAAACCTTTTGCCGTATGAGCTCCACGGCAGCGCTGTCGGCCGGTTCAGGTCGGAGGGGGTTGTCAGGAAAAATTGGGTGTGTGCTCATATGCGTCTATACGCTAGCAGACCACCGCCCACTCGCGTTTCATACATAAGTATAGTACAATACACCCCTGGTGACTATGGGTAATCTCCATAGTTATTGCGCGCAAAGCGAGTAGTGCAACTAGTATATAAACATCACTTTGTTCATTGAAAAATAAATGTGCTGCCGCAGTGGTGGAATTGGTAGACACGCTAGACTCAAAATCTTGTGTCCTTACGGACGTGCCGGTTCAAGTCCGGCCTGCGGCACCACATTAATTTTTCAAACAATCGTGCCTATCGCACCAGGCCAGCTTACTTACGCCCGGCAGGGGTTTGTTTGAGTAAGGAAAAGGTTTTCTTATACCGATTTTAAGCCCGTAACAATGGCGATTCCAAGCGTATTGAAAATAATGTCAGAAAGAGAGTTTCGCCAGCTTTCGTAGCCGAAGAGAGTGCCACGTTTTGCCAGTAAGGGCGAAACCACAAAAATCTCAAGCGGTTCCCAAAGCGTGACGATAACAAGCGCCGGCAAAGGCCCGATTAGCCAAGCGAGCGCTCCACTGCTAACTACATGTACGAAACTCCATACGTCAACAAGTTTGTCATTGCGTTTGTGTTTCTTCATTGCTCAAAGTATAACAAAAAATGAAGCTCTGGCGCTACGTTACGCGGCAGCTGCGAGCAAACAGACGCCTGACATAGCTCTTATCCGAGAAGGTCCGTGTTTTGTTAGGGCTTGAAGAAAGGGGCCGCCCCCTCCTTATTTTTTTTTTTTTTTTTGTGTGGGGGGGCCCGGCGGGGGGGCACCGCCCAAAATATAAAAACCACATCTCTTTTTTATGGGGTGTAGCTCTGCGGGTTTCTGGTAACCCATACTTTTGGGGGGGGTAATTGGGGGGGGGAGTTTTGGGTGTGTTTTTTTTTTTTTTTCTGTCGCTCATCCCCTCCTGTTCTGTGCGGTGCGGGGGCGGGGGA
CP064993.1_gap21	861285	863276	1991	CCATTGCGCGTTTGGAGAGTGGTGAAAATATGGAATCGACCGGCGTGGTGACTCGCGTGGGTGACGGTGTGGCGTGGGTGCATGGCTTGCGCGACGCTGGGTACGCCGAAGTGCTGGAAATTCAGACCAAAAACGGTGTTGTTGAGGCTTTTGCGCTCAACCTTATGGAAGATGAAATTGGCGCAGTTTTGCTTGGTAGCGACAAAAATGTTGTCGCAGGCAGTGCGGTGAAATTGAAAGGCACAGTGCTGGAGGTTCCAGTTGGGCCAGAGCTGCTTGGCCGCGTGGTGAATCCGCTTGGTCAGCCAATGGACGGTGGACCGGCCATAAAGGCTAAAGAAACTGGTCGCGTCGAGCGCGCGGCTATTGGAGTAATGGGCCGCAAAGGTGTCCACGAGCCACTGATGACGGGAGTTATGTCTATAGATGCTATGTTCCCGATTGGTCGCGGACAGCGCGAGCTTATCATTGGTGACCGTCAAACTGGTAAAACGGCTATTACACTTGACACCATGATTAACCAAGGAAAGCAGAAGACTGGTGTGGTCAACATTTACGTTGCTGTTGGCCAAAAACTTTCCAAAGTTGCTCGGCTTGTGGAGCGGCTGAAGCAAGAAGGCGTTATGGATCAAACCATTGTGGTGGCAACAAGTCCAAGTGACCCTGCCTCTCTGCTGTATCTTGCCCCGTACGCTGGCGCCGCCATGGGCGAATGGTTCCGTGATAACGCCAAGCACGCCCTCATCATTTACGATGACCTTACAAAACACGCCGTTGCTTACCGCCAGATGTCCTTGCTCCTGCGCCGCCCACCGGGTCGCGAAGCCTTTCCTGGGGATGTGTTTTACTTGCATTCACGCCTACTCGAACGTGCGGCTAAGCTCAATGATGATTTGGGCGCCGGTTCGCTAACAGCCTTGCCTATTATTGAAACGCAAGCCGGTGATATTTCTGCGTATATTCCAACTAATGTTATTTCCATCACTGACGGTCAGATTTTCATGGAAACGGATCTCTTCTATCAGGGTATACGGCCGGCAATATCGGCAGGACTTTCAGTGTCACGCGTTGGTGGTGCAGCCCAGACAAAAGCGGTTAAATCGGTTGCGGGTGGTCTAAAACTTGGCCTCAGCCAGTTCCGCGAGCTTGCAGCTTTTGCCCAGTTTGGTTCAGACCTCGACGATGCCACGAAAAAACAGATTGAACGCGGCCAACGCCTGACAGAGTTGCTCAAGCAGCCACAGTACAGCCCACTTGGCATATGGGAACAAGTTGCCTCCATTTTTGCTGTCAACGAAGGTCATTTTGACCGCGTGCCCCGCGAGAAAATCAAAGATGCCCAAGCTGCTTTGCTAGCCAAGCTCGCTAAAGAACATGGCAAAGAAATGGACGCCTTAAACACAGGGGCTGAAAAAGTTGAGTCTAGTGGCCCAACCGGAAAGCTTTTGGCGAAAGTTGCCGATGCAGCCGCGAAAGGGTTTGAGGGCTAGCATGAATCATGAATCTGGAATCATGAACTGGGTACGTGAGACTGTCATTCGCAGTGCGGCTAGTTTGTACTTCTTGATTCCGCGACGGGTGGTTACCAATGGCTAGTACACGGCAGCTTAAAGGGCGGATTCGCTCTGTCAAGAGTACCAAGCAGATTACTAAAGCCATGCAGATGGTGGCGGCGAGTAAAATGCGCCGAGCGCAAGATGCCACAAAGGCTTCGACACCATACTCTCGAGTTGCCAATGAAATTTTGACACACCTTGCCAATCAAGGTGCGACCAAAGACCATCCGCTGTTTACTGAACGCCAAGTTAGAAACCGTTTGTATATTGTGGTCACGAGCGACAAAGGGCTGGCTGGAGCGTATAACGCAAATGTGCTGAAAGCCTATTTGTCAGAACTGCGCCGAGATGAAGCACAAAACCACAATAGTCATACGATTGCAGTTGGCCGTAAAGCATCGCAATTTGTTGCTCGCTTAAAAGGAGCTTCCCTGC
CP064993.1_gap22	943583	947865	4282	GCGCTGTGATTCATATGCTGGGTATGTGCTAGCTCATGACATATAACATAATCGATCTGCTGCCAGCTGAGTTGCATAAGGAAAAGGTTTAACGTTATGTTGCCATTGCTGTCGCAGCTGCCCCAGCGACGTTTCAAATGTTTAATTGTCACGGTGCCGCACGTCAGCGAGTTTTTTTCGGCCTTTGCTTGTAACCGAGGCACCAGTAACACACGAGCTTCCTTTTTTAGGGCGCGTATAGCGGCTTGCTCGGCGCGCGTTTGCACCGCTTCTGAGGTGAGGGTTTCACCTGGGTGGTAATATATTATCAGTTTTGTCGCTGTTACGCGTGACTTCGCTTCACTTCGTTCTGGAATTTGCTCAAAATGCAGGTTATGTAGTTTTCCAATTTTGTCGCCCTCTTTCAAGGTTGTGGGAGTTGTTTTTGCAAGCTCAAGGCGAATCCAATCAGTGTGCTGGCGTACAAAAGTTACAGCAGTAAAATAGGGCGTCCAGCGTGGTAACGTCACGCGTACACCGTGCGCAGTTACGCTTATACGTATTGATTTACTTTGAGCTGTTTTTGTAAATGAAACAAAGCCAATTTCGGGCACCTCAATAATTTTGGTGGCCATTAGCGGACGCTTATGTTGCGCCGAGACAGATCTACTCGACCGGCAGCAGGGTTTGGCACAATGTTGACAAGACCGGGTTTACTTAGCTGTGCTGGGGTGTTATCGAGAGCTATCAACCGTTTTTCGACAAGGTAGCGAATAACAGCGTTTTTTTGAGTGTTAAAGACATGTTTACCGCTAAGAACAAGGTAGTTTTCGGTAATTTCAGGGTTTTGCATGCCAGACATGAGCTCACGGAACGTTCCTGGCTCCATTTCTTGAGCGTAGTGGTCATCGTGTTTGCGGCGGTCGCGTTTGCTAGAGCGCTTAAAAGCCGAGTCTGGGTCAATTTGCAACCACAGCAAAATAGGATGAGCCGCGGCTTTGATAGCAAGATTTCTAAGGGCACGGCGCTGCGATAATCGCATAGCGTTTGTGTCGAAAACCACGCTGATCCCTGCCTGTAAGAATTCGCTGGTCATGTACGCCATCAGGCTGGCAACGATATGATTTTCTTCTTTGCTGTACGATGGATTTTCAAAAAGTTCATCCCGAATACGATCGCCTTGAACGTGGGCGGCCGCAAGTTGTTCGCAGAGTTGCCGCGAAAAAAATGTCTTGCCTGACCCGGGCATGCCATAAAGCATGATAAGCAGCGGTTTTGTCGGTTGTAATTTTACCATGGTTCTTTACAGTATATCAAATATGGTGGGTGATGAGGGACTCGAACCCCCGACCCTCTCGGTGTAAACGAGATGCTCTAGCCAACTGAGCTAATCACCCGAATTGTGCTTCTGTGGTGCGGACGAGAGGACTTGAACCTCCACCCCTTGCAGGACTACCACCTCAAAGTAGCGCGTCTACCATTCCGCCACGTCCGCCCAAAGTGACACAGCCTACATGGTATCTATTTTTGAGCGAAAACTCAAGTAGTAAATATTCGGTCAGACGTGCGCCGAGCCTTCATATGCCCGGTAATCCAGTTTAACTCCGGGGCATGTGTTTGTAGAGAGAATCAAGTGAATAATTTGTTCGCAAAGCCGAGCGACTGTCTTCACCAGTCATGTTGATTTTGACACCGGGGTTCAAAATGGAAAACGGGTCAAATATTTGTTTAATTTTCTTAAATAATTCATAAGCTTCAGCGCCGTACATTTTTTCTACGTATCGCTCGCGCAAGCGACCATCGTTGTGCTGTCCGGTTGTTGAACCACCCAGCCGAATAACAAGATCGTAGTATTGATCCATTAGTTTGAACGCTTTTTGCCTGTCACCTAGCTGGCTCAAGTCTAGAAACGGCTGGACGTGCAGATTGCCATCACCCATGTGGCCCCAAATGGCTACATCGAGCTTGAGAGCGCCAAACAGGGCGTATATTTCGGCAACAAATTCGGCAGTTTTACTGATGGGCACAACGCCGTCTTCTATGAGGGGAATCGATTTGTTCTGACCTTCACTATGCGACAGTAAGCTTGCCGAGGCATGTCGTATTTTCCATAATTCAGCTTGAGCGGCAGGCTGGCTTTCTTCGCGAAAGGTTTGTGCGTGTTTTTCAAAAATGTTACGGATTTTTTTGACATTCTTTTTTCTTCGACGGTCGTTTGGGTTATCGAGCTCAACAATCAAAACACCGGCTGGAACGACGCTTGGTATGACAGTCTTTAACTGGTTGGGGTTGAGCTGATTGACTATTTGCAGCAGCTTACCATCCACAAATTCTATTGCACTAGGGGTATCGGACAAATCTCGTAATTCTTGGGCTGCATCTGCTACTGCTTGTATGCTTTCAAAAAAAGCGGCAAATACAATGTTTTCGGGGTTATGGGGTTCAGTTTCGCAGGTAATTTCCGTCACAATACCGAGTGTGCCTTGAGACCCGACAAACAGAGGTGTCAGGTCAAAACTGCCATCTTTGCGCTTAATATCAAACAGGTTATAGCCAGAGTTATTCTTACTAGTATTTCGTACGGTTTTTTGGATTAAGTCGCGGTTTTCTTCCATAATCGTGTCAAGGGAGCGGTATACCTCACCTTCAAATGTGGTGAGCCCAAGTTTTTTACTTAGTTCTCGTCGAGTAATGCGCCCTGTCTCAATAACTTCGCCATTAGCCAGAACGACGCGTAGTGACTTGACATAATCACGTGTAACACCGTATTTAACAGATTTTTCTCCAGCGGCGTTGTTGCCTACGGCTCCCCCAATGGTACTGTATTCGATACTGGCGGGGTACGGTGGTAAAAAGCGTTCGTGAGTTTGCAGTGTTTGTTGAAGCCGACCGTAGTTGAGCCCTGGCTCTACCACCACAATACCGGTTTTTTGATCAAGCGAAACGATACGATTCATGTGAGCAGGAAAAACGACCATAATGCCGCTGCCGAGTGCGCCGCCAGTGACATCGGTGCCCCAGCCACGTGGCGTTATCGGTATAATGCGTCCTCGTTCGGCTAGTTGCCAGGCAAAACGTGTTGTTTTACGAACATCTTGCTCGTTCCTGGGGTAAACAATTATGCTTGGCGCAACACTAAAAACACTGCAGTCTGTCGAAAAATAACGCCGTGCATCGATGCTGGTCATTACTTCACCGAGTAAATGCTCTTGCAAGTAGTGTGCGACTTTACTCATGGCTCCCGACTAACTCCTTATGTTTCTTCGTTTTATCATAGCATAAACAGTTTGGCATTTCATAGCATTGCCTAAACTTGAAATACTACTACAAAGCAGTTATCCTACCTTTGGCAGTACATGCGGATGTGGCGGAATGGTAGACGCGCTAGTTTCAGGTACTAGTGGGGGCAACTCCATGGAGGTTCAAGTCCTCTCATCCGCACCAAATTTTAAATATCAAGTTTTGGCTTGGTATTATAAATTTGGCATTAATGTGCATGAATCGATACGCGCGTGGAGGTGAGGAGTGGAAGTCTTCACTCCTCAGGGACGGAGACAGATTTGAAGCTATGCTTCAAATCTGTCGAGTTGGGGTAGCCGAAAAGGTGACCAAGTCCTCTCATCCGCACCAATGTAAAAACATAAGTATAACGTTTTCCAAACTTACAAATACTGTATAGTTTGGAAAGCATTCTTTCCAAACATATATCATTTTTATACAATCCAAGCCCCTGTCAGCGGTTTGACTTAAATTTGATCCACCCTGTGGAGCTTTCTAGTTTGATTACTTGGGGAGATATCCGGTTTTGACTGCCCACTCAGTTACTGAGTAGTAGCGGTCGGCGTCAGTGTTTATGGTGTGTTCCACCAGGCCATTTACCTGACCGCGCGTCAGGTATAGAGCAACCGGTTGGTATAGCCCAATCGCCGGTGTGTCTTCTTGCCATGCCTTCAAAAAAGGTTTGTATTTTTGCGCGCGCACGAGTGGGTCTTGACGCGTTCTTCCGCCTTCAAGCGCTGCGTCAGCAACAGCCGATTTATATTCAGAGAAATTTAATCTGTTATTACTGCGCGGGTCAGCCTGGGTACTGCTCCAGTAAGCGTATACATCGGGATCGGGGCCAATGGATATACGGTATAGTAAAGCAGCGTATGAATGTGTTTCTACAGAACTTTGGAAATCCGACCTTGGTAAGAGTTGCACCTGTATGTCGGCGCCAATGCCCTTCCAGAGCCCCTTCACCTGCTTTAAGAGGGTTTGATTATCAGGCGTATCTTCGCCAATCACAACAAAACTCAGCGGC
CP064993.1_gap23	1008408	1010998	2590	CAACGACGTGTTGGTTTATGCTGGTACCTTCGTTGGAGCGCACAAAATGCTCTGCGTCATAGGTGACGTTGCCTTCTTTGTATTTCACAACAACCTGGTCGGCGTTGGCTTTTAGGACCTCGCCCGTACCTTCTGCGATAACTAGTTGCCCGGTATTTGCGGCGGCAGCAGCCTCTACGCCCGTACCAACAATTGGACTCTCTGGCGCTATCAGTGGCACTGCCTGACGCTGCTGGTTACTACCCATTAGCGCACGGTAGACGTAGTTTTTTTCAATAAACGGAATGAGACCGGCACTGCTACCGATAATCTGGTTTTGGGCAGCGTCAATGTGTGTAACATCTTCTCTGTCAACTGTGGCTGACTTTAGGCCATCACGCGCACTGACACGCTCTTCGACAATTTTGCCTGTTTTGTCCAGCTTAACACCCGCACCGGCGATAACCGCATGTTCTTCAGCAGCAGCGTCAAGGTAGACAATTTCATCAGTCAGTTTACTGTCCACCACTTTGCGGTAGGGTGTTTCAATAAATCCATAGTCGTTTATACGGGCAAAATTCGCGAGATTAAGGACTAACCCCACGTTTGCGCCTTCAGGAGTTTCCACCGCACATATGCGACCGTAGTGAGTCGCGTGGGCATCACGAACTTCAAAACCAGCACGTTCACGGCTGAGGCCACCTGGCCCCATAGAGCTAAGGCGTCGTTTGTGAGCCAGTTCAGACAGCGGATTGATTTGATCCATAAACTGCGAAAGCTGTGAGCTCGCAAAAAACTCACGCACAGCAGCCACGACAGGACGAGCATTTATAAGCTGGCCCGGCTGGACTGTTTCGATTTCGCTCATACTCATACGATCTTGGGTGTTACGTACCATGCGCAGCAGGCCAATCCGGAACTGACGCTGTACCAACTCTCCAACCATTTTGATACGGCGATTGCTTAGTGAATCAATATCATCGCCTGGTTCCTGTGTGACATTCATGCGTATTAGCTCAGCGATAATAGCCACGAGGTCTTCAAGGCGCATAATCCGGTTTTCGGCCGTATTTGCCACATCTAAATGAAGTCGTTGGTTAATTTTGTAACGGCCAACGCGTGAGAAGTCAAAACGCTTAAAGTTGTAGAACATGTTTTCAAGCAAACTGCGAGCATTGTCGACAGTTGCTAGATCGCCCGGACGAAGCCTGCGGTAAACTTCAATTAGTGCTTCGGCGTGTCCTTTGCTTGGGTCTTTGTCGAGTGTTGACTGCAAAAAACTATCTTTTGCCTGATCAACGTTTTTAAACGCCTCTTTCATGGTTGCTTCAGTCATACCCAGCGCGCGCAGCAGAGTCGTTACTGGGATCTTACGCTTACGATCAATCTTGACATACAGCGCACCGTTTGCGGCGGTCTCAAACTCAAGCCAAGCACCGCGACCAGGGATAACCTTGGCGCTGTAGAGGCTGCGAGTACCATGCAACTCAGCCGTATAAAAAACACCAGCCGATCGAATCAGCTGGCTTACCACGACGCGCTCGGCACCGTTAATAATAAACGTACCGCGCCTAGTCATCCAAGGGTAGTCTCCCAGGTAAATCTCTTGCTCTTTGACTTCGCCGGTGACTTTGTTTGTCAGCTCAACCGTTGCCTTTAAGGGCGCGTCGTAACTAACATTATTCTCCCGAGCTTCAGCTTCAGTCAGTTTTGGTTCTTCAAAATGGTACTGTTTAAAAATAAGACTCAGTTTTGTACCGGTATAATCATCGACCGGACTGATTTCGGCCAGAAGCTCACCGAGCCCCTCGTCAACCAACCACTGAAATGATTTATTTTGATGGTCTACCAAATTAGGCAGCGCAAGACCACTGTCTTGACTGTCGTCGGTTAGGTAGACACGTGATGTTTTGCTCGCAGTTACTGCTTTAGCCATACGCGCGTGAGCTCCTTATAGATAAGTAGTTAGTAAATCGTAGATTAAGTAACATCTACGAATCGTTTTGATAAATTATCAGAGTTTTTCGCCAGTAGCGCACCGTCGGTAATACTAAATAACCAACTACTGCCTACTAACTACCTTTTGGAAGATACACTAAGCGGGAGATTTTGGTGCTTAACTGGTTTGGCGCCTAAGCCAGCACAGCCCCAACTTATACTACTTCTTACATACCAGAGTACAGCGTATGACTGTATTCGTCAAGGCTTGCAGTGATAAAGCTCACAGACTTCTGGTTACTATGACGTTGTTGGTGCGCTAATGACCTTGTCGACTAGGCCGTATTTTAACGCCTCGGGGGCGGTCATCCAGCGGTCGCGTTCCATGTCTTCGTGGACTTTCTCTAGCTTTTGACCAGTGTTTTTTGCCATGATGCTCTCAAGTAAACGCTTGACTCGTAGTGATTCTTGCAAGTCAATTTCTTGATCGGTTACTTTGCCGCGCGTGCCACTGCTGGGCTGGTGAATCATTACGGTAGCATTTGGCAATAAAAATCGTTTGCCTTTTTTGCCGCTACTGAGCAAAAACGCAGCTGCACTAGCCTGAACTCCTATGCCAAAAGTCTGCACGTCGTTCGCTATGTACTGCATGGTGTCATAAATGGCCAATGCG
CP064993.1_gap24	1086586	1087266	680	CTCGATGAACAAGCGAGAACAATTCTAAAAGCAAACGACAGAGGTAGTTACACCATCCCAGCCGAAGATTTGTACCCCCACCAGTGGCTGTGGGATAGCTGTTTTATTGCAATTGGCCTCAGACATATGGACGTTGACCGGGCTCAGACAGAGCTACTTAGCGTTGTAAAAGGCCAGTGGAGTAATGGCATGTTGCCAAACATGATATTTAGCAATGAGCCACAATACCGACGAGATCGAGATTTTTGGCGCAGTTGGGTGAGCCCTCATTCGCCTGATGGCGTGACCACTAGCGGTATTACCCAACCTCCCATGCTCGCTGAGGCAGTTTGGCAAGTCGGGCAAAAACTTAGCCTTGCCGAACGACGTGGCTGGTACCGCCTTATGCTTCCGCACATTGTGTCGTTTCATGAGTGGCTATACCGAGAACGTGACCCGCACGGTGAAGGGCTTGTACTGCTTTTTCATCCCTGGGAAACGGGGCTAGACAACACACCCCCCTGGACAACCGAACTCCATGATCACCTGCTCCCTGCCTGGATTCGTTTTATACGTTGGGCTCGACTAGACGGTATTATTGGCTTTTTTAGGCGAGACCGCCACTACATACCACCTGGGCAACGGCTTTCGACTATTGAAACGCTCGCTTTTTTTGATGCCCAGCGCCGGCTGCGACGTAA
CP064993.1_gap25	1103454	1108348	4894	GTATATATGTACACCGCGCCTTGGTCGGTCTCGACACGTGGTGCTTCGTATATATCAATAGCGTCCTCAAGATTGTCTTTGTTAAGGCCGTACGTTTCAGAAAGCATGTTCAGCTCATCGTCTGACGGCGCAGTAACAGCCACCCATGACCCAGCACGAGACTGCTCAAGTATTTGAAGCGCTCGCTCTCGAGCACGGCTGTAATAAATAGTAATCATATCGGTTTTATCTTACAGCCGCAGTGTACCACAAACGGAATGGTTGTACCATAGCATTATATTGACTATTGCACCTTTTTATTGTTACAATACACTCTATTGACTGCTCTGTGCAGCCAGAGGAGATGGGAATGATTTTAAGTTTTCGGCGTCGCTTAGCGACTGTCGCCGGGTTTATGCGCCTTTTTAACAGACACTCTCAGTTGTTTATACTGTGCCTGCTGATTTTTTGCATACACACAGATATTCTGCGAATTAGCAGCCACTCACCAGTGCTGCAGTTGGCTGCTATTGCAAAGGCACAAGTTGTGCCTCTCCCTTCCACTGTATCATCAACCGACAGTGGGTCGACCGCTGCAACCGCCGAACCTACTGCAGCCGCTCAAACAAGCCCAGCTCTTTCGCAAACAACTATCGTTCTTTCGCAAAAAACTATTGCAACGTCTCAGGTATGCACCGGGTATGCCTACGCATTGCCGGCTGCAGTGGCGCTTGGTTCGGCCGCGCCTGGCCTATCCCAGCAGATAGATGCACCAACCTACTACACAGTGTACGGTTCAAGTGTCAGCTCGTTGCGGAAGGCTGTTACAAACTGCCCCCTGCGCAAAGCTGCCGGGGCGTATCACGCAGCTACGGCGTACCAACTCAACTGGGCATATACACCGACTGTGACGAACGGTTTTTGTAGCATAACTGATGTCAAGGTCGGCCTCCACGTCAACCAGCTTATGCCAGCTTTTTCACCTGGGAATGCCATTTCACCAGAGGTAGCTTCCGCCTGGGATAGTTACGCTCATGCACTCAAAACACATGAAGACGGTCACGCGGCAATTGACACCAACTACGCCACCCGCCTCACTGTTGCGCTCCAAAATCTCGGCTCGATTGACTGTAACGCCATGACTTCGCAGGTGCAAACAGTTATCGACAGCTACGTCGCTATGCTTGACACGGCCAATGAACTTTACGACGCCCAAACCAACCACGGCGCCACCCAGGGCGCAATACTGTAAATGAAAATCCTTGACTTACGGCGATCAATGCATATGACGGCAAACGGTGAAAATCCATGGCCAATGTATAAAATTGCTGAGATTGGGGGGGCGGGCGGAACAATGTGTGTTGACCCCACTCGAAAACAATTACTCCTCGACAACATTTTTCCACTGTTTGAAGTAATTACTGGCAATCTCGCGGCATCTGCCCAAGTAGGATCGGGCAGCTGGGGAATCGTCTCAACTCTCACCATAGCCGAAACGAAACTGGCATGTAAGCGCTCGCGTAATCCAGGAGAGGTTGACAGGCACATAGGCTTTGCGGCGACAAAAGCTCTCGTTTCACTATCGCAAGGTATCGAGGCGCTGCGAAAAGGAGGTGCAAATACCATTCAACACGAAGACCAATCTTTTGAATTCAACCCAGCTACACCATTGCTCATTTTTAAGCCCAATAAATCTTCCTCTCAGGGCGACAGGATCCGGACAGTTATGATAAGTGAATTTATAGAAGGCTCTGGTGCTACTGAGTTAGAAGCGCCCCCCCTAAGGCAACCCAGACTTTGGTCGGAAAGGCTCTTCGTGAAAGCGGAGTAGCAGTAGAAAAAGTTGAGGCAGACATTTATTACCGTGCCCCAGCAATAAATCGAATGGGGCTAAGGCCTGGTAACCTTATTGTGACAGGCTCAGATAAATCCCAGGTTAAACTCGTGCCTATTGATCCCTATGCTAAGGCAGTTCTGAATTTTGGCATTGTGCGTCCTTAAAGCATAAACGGTCATTTCAGGCGTTTGCGCTTGTTGGGGTCGAGTTCTTTTTTGCGTAGGCGGAGGTTTTGAGGAGTGACTTCAAGCAGCTCGTCATTTTCTATAAAGTCGAGGCACTGCTCTAGGCTAAATACCGTTGGAGGCGTCAGTTGGACTACACCATCGGACGATGTCGAGCGCATGTTGGTTAGGTGCTTTGCTTTACAGACATTCATTTCCATATCTTCGCGGCGGGTGTTGAGGCCAATAATTTGGCCAGCATACACCTTCATAGCTGGTCCCACAAAAAGCGTGCCACGCGCTTCGGCTGTTTCGAGGCTATAGGGCATAGTTGTACCAGTTTCGTAGGCGATCAGTACGCCGTTGCGGAGTTGCTCCAGTGACTGGCCAATTGGGGCATAACCAGTCACGAGGGTGTTCATAACAATAGTGCCTTTTGTGTTGGTCAGTAGTATGTTTCGCATACCCAAAAGTGCGCGTGTAGGCATTGTGTAGACAAGCTTGGTAACACCCTTACTGGGACTCATGAATTGCTCTTTGAGCATCGCACGACGTTGACCAAGCTCCATTTGCACCGTACCAACCTGCTCGGCTGGTACTTCGATGATGACTTCTTCAATAGGTTCAACTTCTTTACCGTCCTCGACGTGAGTAACAACCTGTGGGCGGCCGACTTCAAATTCGTAGCCTTCTCGGCGCATAGTTTCTATCAGTACGCCCAAATGTAACTCGCCGCGTCCCGCTACCGTAAAGCCAATCCCGTCATCGCTTACCTGTAGGCCAACATTTGATTCCAGTTCTTTTGCCAATCGCTCGCTAATTTGCCTAGAGGTATTAAACTCGCCCTCGAGACCCTTAAACGGACTAGTGTTTGGGCCAAGGTAAATTCGCAGCGTTGGTGCCTCAACTTCAATGGTTGGCAGCGCTTCTGGCTGCTCAGCATCGGCCAAAGTTTCGCCAATTTGCGCTTCACTTATGCCAGTAAGCTGGACAATGTCGCCGGCGACGCCTTCTGGCACCTCATATTTTGTGACCCCGCGGCTCATGAAAACCAAGTCGACCTTGGACTTCTTGATAGAACCATCTTTCTGGCACAAGGCTACCTGATCGCCTGCTTTTACCCGACCACGTGTAATCCGGCCAATGGAGTATTTGCCCTTAAAATTATCCCACGCTAGCGCTGTTACCAGCATTTGAAATGGTTTGTCGAGTTCAACTGCCGGTGGCGGAATATTTTTAATAATGGCGTCAAACAAAGATGAAAGGTCAGCTTTTTCACTTGAATCGATTGGCGGTGTTGCCCACGCCTTACCCTCTCGCCCAATAGCGTAGTATACCGGGTAATGCAGCTGGTCTTCGTGTACGGCAAGCTCGAGAAACAAGTCGGCCAGTTCGTCTTCTACTTCAGCGATGCGAGAACCTGCCTTGTCTATTTTGTTGAGCACTACTATTGGTTTCAGCTCGGCCTCGAGTGCCTTTTCCAGTACAAATTTCGTTTGTGGCATTGGCCCTTCTTGGGCATCAACAATTAGCAGGCAGCCGTCAGCCATGTTTAGCGTCCGTTCTACTTCTCCAGAGAAATCCGCGTGTCCAGGCGTATCGACAATATTTATACGGTAATCGTCATGCTGGACTGCAGTTATTTTCGCTGTGATGGTAATGCCACGCTCCCGCTCTTGGTCACCACTGTCCATAATGAGTTCCTGGCTCATTTCTGCTTGGTTATCACGAAAAGTGTGGCTTTGTTTCATAAGCCCGTCTACCAACGTCGTTTTGCCGTGGTCAACGTGCGCAATAATTGCAATGTTTCGAATTTTACTCGGGTCTTGTGTTGTAGCCATAAAATAAAGCGCCGTCTTTAGCGCCCTTACGTTGTAATTATATCACAAAACATAACGAGGTAAAAAGCCGTTCACTTGCAGCCGTCGTCTTTCTTCATCAATTGTCATCTGAATCCAATCGCTGTTTTCGGTATTTTCGGTTTTTTCGCTGTTTATTCCGCTGAGAAACCCAAATAATCCTGATGACCACCGCCGGGGACGGCGTCTCCGAGAGTCATCCTGCTCATCTACAGGATACAACCTGCCTGTATTGACTATTGTACGCCGATCATTACTTCCAAATTTATTTTGCTCACGAAAAAGCAATACGTTGATCTGACGCTGTCTGAGGTTAAGCTCGGTACCCTCGGTGCGTGTCAGGCCTACGGTTCCAAGCCGAACGTTGATAGCCGTTATCCGTCCAGTTAACTGGTTCTCATCAAGCTGAACCGCAGGAATTTCTTCTGGTACCGACAATATACCTTCTTTTGGGGACAGCCAAACATTTGACACTAAGCGGGGGGCGTCTTGCGGGCTAATTGCGCGGTTGACGTTCGGTTCGACAACTGGGGCGTCTTGTGGGCGTGGTGTATACCGGACGGTTACACCAATAACTGCTGGCATTACCTTTTCAAAAATTACCGCAAGTGCTGCCTGTGCTGCTCGAATCTCTCCACTAGAGCTTACTACACTGCTGGTAGCATCACTATAACCTGAGACAAACGGAATAACCGAATTAGGGTCGGGTTGGGATACAAAACTCATAAGGTCATCAAATACCGCTCGCGCAGTCAGACGCTCAATAGCATCGCAGTGTTGGTATGCTTGCATCAAACCATAGAACGGCGGCCAAATATCTGTAGGAAATCCGTAAATACTTTGGGCACTGATACCAGTTTCAGACATGCCCATAGAATAGACTATTTTAGTTAACAAGCCTAAAGCGGTTTGCAACAGGGGTGGTCGTACGCTATACTGTTTCACGTTGTGGACATACTAATACTCGTTATTGAAGTAATGATTCTCGTTGGGATTGCCGCGATTTGCTCAGGGCTCAATGTGGCGTTTATGTCGCTAAACCTTGCCGACCTCAA
CP064993.1_gap26	1111169	1113954	2785	TAAATAATATGCCTCTCTCATCTCAGCAAAAACTGCTTGTCATTGTGCTCAGTGTTGTCAGTATTGTCGCAATTGGTCTGCAAATTCCTACCATTAGCCAGCAAAAAGCTAAAGCGTCAGACCAGCAAAAAAGCCAGGACATCGCTACTCTCCATTCAAGCATTGACACTTATAATTCTTCCCGCAACAGCCTGCCAAAAACCCTAAGCGATTTGAAGAACATTGATGACACAAAAGACCGACTTGATGATTACAAATATAGCCCTAGCCAGGAGTCATACAAACTTTGTGCTACATTTAAGACAGACACGACGAAAGATACCGAGTCTTCGTACACAGCATACAGTAGTAGCTACAATAGCGATGTTGAGGCCGACCCGTATAAGCACGGCAAAGGCAATAAATGCTTTACGTACGAAGTCTCTTCGTACGGTGGAAGGTATTTTGATACCTTCGACTCATCATCGTATCCGTCAGATTCAACGAACAGCTCATCTTCCAGTAGCATTCAAGACAATGCAAACGATGCTCAGCGCAAGTCAGACATAAACGCTGTCCGGTCGTATATTGAGGCCAGCTACGCCCAGAACGGCTATTACCCGACTTTGGCAGAAATCAACAATACCACTTGGCGAACTACCAACATGAAAGGTCTCGATACAACCAACCTCATAGACCCTGAAGGCGTCGACAATCGGATTAGCAATACGCCGGGCACAAATCGCTATTCATATCAGCCCAAAACTGCCAGCGGCAAAACATGCGAAATCGCCAGTGAATGCACAACTTTTACGGTCACCGCCACCCTATCAAACGGCGACCTGTACACCAAATCTTCACTGTAACCGCCCTTGCCCACACGTAATAAGGGTCTTTTTGCGCTTTTATCCCATCTCTGACTTCTATTTAGGGTAGTCTTGCTTCACTCGATTGAAACCGTGACTCGTGACCTGTAGGCCGGTATACTGTAGCTATGGATACAAGGCCGTTGGCGGAGAGGATGAGACCTAGTAAGCTCGATGATGTTATTGGGCAAGTCCATTTGGTTGGTGCTCAGAAAATCATCCGACAGATTATAGAGAACAAAGAACCGACCAGTCTCATCCTGTGGGGTCCGCCTGGCACGGGCAAAACGACCCTAGCGCGAATTATTGCAACCGAAACGGGTGCTGAATTTGTCGAGATTAGTGCCGTGACAAGTGGCAAGGCCGATGTTGTCAAGGTAATCGACCGCGCTGGTCAGAACCAGCGACTTGGTCTGCAAACGATTTTATTTGTTGACGAAATACACCGCTTTAACAAAGCTCAGCAGGACGCTTTTCTGCCACATGTTGAGTCCGGCGTTATTACTCTCATTGGCGCAACCACCGAAAACCCAAGCTTTGAAATCATAAACCCCCTGCTTTCCCGCGCCCGGGTACTCGTGCTCGAGCCACTTAGTCGAAGTGAAATAATTGCAATTTTACAGAGAAGCGCGAAATTGATGAAGTTAAATGCCAAAGTTTTGCCCAAGAAATCTGTCGAACTTTTAGCAGATTTGAGTGGCGGTGATGCCCGCGTGGCCCTTGGCAATCTTGAGCTTGCGCAGCGCCTGGCACTTGGTAAAACAATTACATCAGAACTGGTTGAGACGGCAGCGCAAACTAAGCTGCCAGGCTACGACAAAAAAGGCGAAACACACTACAACGTTATTTCAGCTTTCATAAAAAGTATGCGGGGAAGCGACCCCACCGCCACGCTCTATTATTTAGCACGAATGATTCAGGCCGGTGAAGACCCAAAGTTTATTGCCCGACGCATGGTGATTTTTGCCAGCGAAGATATAGGCCTGGCTGCACCAGCCGCTCTCAATCTCGCCGTGTCGTGTTTTTTGGCGGTGGAACGAATTGGCTTACCAGAAGCAGAAATAAACCTCAGTCACGTAGCAGTCGTACTTGCCAAATCGCCAAAGTCGCGCGAAACCTACGACGCGTGGAGCAAAGCCAAAATAGCCGCCAGCGAGCACCCTGACTTACCCATCCCGCTCGGCCTGCGCAATGCGCCAACAAAACTTATGAAAGACCTCGGCTACGGCAAGGGTGCCAAATGGGAGGCCGGCTTCAAACACCCCAGCGGCTTTTTACCCCCCGAGCTCAGGGATATCAATTTGTTTTCTGGCTCAAAATAACCTCGGCACGTTTTCTCACGTCAACAAACGATGGTTTGGGGTTCTGCGCAGCACAAGTCAAGTCCTAGCTCAGTTCGTAGGGATACTAACCGATTCGACGGCTAGTATCATGAGGACGCCAAAGCTAAAGGTTGTCATTGTTTCAGCCATAAACAAGACGTGTATAAGCCCAAAATAGGTCAAGCCAGAAAGTATGAATCCCGTGATAAACAGGCCAAGCAACCATCTGGCAGTAGTAGTTTTTGTTAGCCGAAGCGCAAACCATAACGCCAGCGGTACTTCCGCTACAAAAAGTAAAACGGCGCTGTACACATGTACAAGATCAAAAAAACGATTAACTTTGTACGTGTAAGTAGAGAATGCGACAAGCAAAGTCAGGCCACCCACTAGAAGGAGTGTTGTACGGAGTCCTGCACGATGAGCGGTGGCTACCGGCAAACTCAGCGCCGCCGCACAAACTAGTAGCCCACAGCCTATAAAGCCGATTGTAAACGGCCAGATTGTTTCGCGGTGCACCCCGTAGTTACTTATGCCACCCTGGTCGCGACTAAATAAAAATTGCGGCAAAATGATAGTGCAAACCACAATTGCAGCCGCCAGTACAAACTGGCTAAGGAA
CP064993.1_gap27	1158704	1162790	4086	CTTGCTACTAGTCGCAGCGGCGAGTTTCTTACCGCTTTCACGACGCGTTGTATAGACCTTAACAGGTGATTTTTTGTTTACAGCTCGTGCCAATTTTAGTAGTAGGTGGCTGCGGCGTGCGCCTGTGGCGCGTGGACTGGTTCGTTTTTTTGGTTTACCCATATATGTGCTAACTCCTTCTTGGAAGTTTTATCTGATATTTAAGACTATCATACGCTATTTTGACCTATATCTCAAGTCAGTGTGGAGGTTCAATACATCGAGGACACTTCTGCCTCCAATTGGCTGGTATTCATCGGGTGACAAGTAGCCGAGTATTTGGTGCAGACGGTAGTTGTGGTATTTGGTGAGTACTGGTCAATAATCTCCTGCTGGCAAGCAGGCTTATCTACCGTAATCTTACTTATTAACCTCCCATACATCTTGCACACTTTCATCACCTCACTAAAGTAGAAAGGAGTGAAAGTGAGATACCGCAAGATGACAGAGAAACAATTGCTCGTGTATGGAGCACGGATTCGTTTAGGGTGGTTTCGTAAAGCCGAAGAACTCGGGAATGTTGCGGCAGCCTGCCGGTTCTACGGCATTCCTCGACGAACATATTACTACTGGCATAGTCGCTGGGTGAGTCAGGGCAAAGCCCTGACGAGCCTGTACGATATGCCTCGTACGCCAAAGAGCCACACTAATGACGCCGATGACGAGGTAGTGAGTCTCGTCGTGCAGCTTCGCCTTGGTCTTGGTTACGGCGAAAATGCTCTTGCGCATGTCCTCAGGCGGGATTACGGCGTCGCCACATCTGTGCACGGTGTCCACAACATCCTGAGCCGAGCAAAGTTACTAGAAGAGCGCAAAAGAAGGTACGCAAAACCCGCCAGCTCAGTGACCGTGAGTATTACCCGGGCGAAGTCGGACAGATGGATGTCAAACATTGGAAGCGCAAAGGCTACCAGTATGACATCGTCGACTGTGCTACGAGGATAAAATACAAACGGATCTATCCTGGATGCGACCCTGCGACAACGGTAGATTTTCTTGAGCATGCGGTCAGGTTCTTTGACCCAGCTTTCAGGTTCAAAGGGATTCAGACCGACAATGGCACAGAGTTCACCTACGACCATTTGCCGCAAGTGAGACCGGAAACAGAGTGCCCGACTGTCCGGTGGCTCAGAGAACATGGGATTGAGCACCTCCGCATCCCGCCGTCATCGCCACATCTCAACGGTCGAGTCGAGCGACCGCACGGAGTAGACAAGGATAGATACAAACGGCTAACAACGAATTCGCACACACTTGTCGAATTAAGAGAGTTTTGTAACGAAGATTGTCTCGACTACAACTTTTACCGACCGCATAGTATGCTAGACATGATGACACCGATTGAATACCTGCAAAGCTTGAAGGGTTACGAGCAGGCGACGGTGGATACTAGTGTGCTAGATGTTCGGTAGGTGGACCACCGTAATCTTACTCAGCTTGCCTGTTGCCGACATAGTTATAATACTGCACAATCCGCGGATCATCTTGGTACATGCGCGTCAGGAGAAACAAACTTTTGGCTCGTACGACCGAAGACCAAGGCGCAAGCGCTCCATAATTATTGTTATGCGCTCCATAATTATAGTAGTATGGCCAAAGAATTATTTCACCATTTACAGCCTTGTCCTCCGCTACATCTGATAGCGCGTAATCACGATGCACGATGGCCTTGCTGAAAAGTTCATTATACTTAGCAGTATAAAAGGCATTCTGTTCTTTGGTAAATACTGCTTTAGCGGACGCAATCTGCCATTCATTTATCACGTCCTTTGCTGCTTGCGAATTACTGGTATTTTCCACAGTAAGGCTTGGGTTTGCCTCTGCTTTAGCTTTGTATGCAAGCATACCGACATAAGTCGCAGCCCCATCAGGGTTTAACTCAGTAAACGAAGGATCTCCATAAATCCCATCCCTTCCAGTGCATTGGTTTGCATCCCATAAATGAAAAATCTCGTGATGAAAAGTTGCCGAAATTGTTGGCTTCGTTGCATCTATATAAAACCGTCCAAAATCTTTTGTCTTAGTTGCCGTTTCGGCTCGACCCAAAATCGTTTTATCAGCAATTTTCACTACGATCACTTCTGTCAAACCAATTTGATTCACTAGCTCCACGGGCAGCTCGGCAGTACTCCTAACCAGTGTTACGTAGTTTTGCTTGATAGCAAATTCATCTGACTCAGTAATAGTAGCGCTGGACAAAGGTACTATACCTCGTAGCGGGTATGTTGTGACGTCAGTTGGTTGAATCACACTTACCCCGTATCGTGCCATGAACTCCTTGGCCATAAGCTGGTAGTCGCTCAATGGTATGTTTTTGCCATTGTTTTCATAGAGGTTACTACTGTACCGATCAAGCGTTGCCCTTGGGTCAAAGACATGGAGGCCGTTTTTAGCAGCCGCTTCTTTACGCAGCCGCCAAAGACTATCTTGGGTGCTTTCTTTTTTATCTTGAGGAAATTTAGGCAGAGGGTGGGCGAACAATGCATCGACGACAGCCTTGTCTTCGGCTGTAGGCTCATCGCATCGTGAAAATAGCGACGCACCAGGGATCGCAGAGCAGGCCGCGCTGCCCAACAATATAGTGAACGAAAGCAGGCTCACCGTCGCGCATTCGGTGAAACTAGGTAAAAAGGGTACTCGGCCGCAATCATTACGTTTCATTATGTTTATTTATAATATGTTTTACGCTAATATGCAAACTACTTCAGGACGAAGCTGACCAGTTTTTTGGGGACATAGATGGTTTTGATAATTGCTTTACCCTCTAGATGTGCCGCTACTTTTTCGTCCCGCTTGGCAGTTTCTACGATGTCAGCTTCACTTGATTCGTTTCCGACGTCGATAGTTCCACGCAGTTTACCATTTACCTGGATAGCTATTGTCATCGTGTCCGTCACTAAGTACTGCTCGTCGCACAGCGGCCAGCTATCCTGCTGCACTGAGGATTCCCTACCTAGGTCGTGCCACAGCTCATCGGCGATATGCGGCGCAAAGGGCGCCACCAGGGCAACGAGACTCTCGAGCGCAAACTGCCAGGCGGCACGGTCGGCAAAATTATCTTTGGTTTTCAATGCATAGAGTGTATTGGTAGCTTCCATCATGGCGGCGATGGCAGTGTTATAGCGCTGCGACTCAAGATCGGCTGTTACCTTTTGGATTGCTGCATGAATCGCCCGCAAAACCGCCGGATTTTGTACTGGAGTATTGGCGACTGACTCTCGGCTCGTTGAGGGCATGCAGAATTCTTGCACCAGATTGAACACGCGGTTTAAAAACCGGTACGTACCTGGTACACCCTGCGGATCCCAGCGCATCCAAAGGTCGAGCGGGGCCGCAAACATCAGGTAGGTGCGCAACGCATCGGCGCCGTAGCCTTGGGCAATAATCTCAAGCGGGTCGACACCATTTCCCTTGCTTTTACTAAACATTGTGCCATCACTAGCGGTAACTTTGCCGTTGAACAAGAACCTTTTGAATGGTTCAGGGCTATCAACAAGCCCAAGCTTATGGAAAAAGCGGGTTATGAACCGCGCGTATATCATGTGCGCCGTGGCGTGATCGCCTCCATTGTAAAAATCTATCGGCATCCATTTGTTGGCAATGGCACTATCGAATATTGCGTCCTTGTTTGCTCCGTCGAAATAGCGCAGGTAGTACCAACTGCTGCAAATGTAGGTGTCAAGGGTGTCTGTTTCGCGCTCGGCTGGACCGCCACACTGTGGGCAGTCGACTTTTAGCCAATCTTCGGCCCTCGCCAAGGCAGAGCGGCCATCACCACTCGGCGCAAAATCGTCGAGCTCTGGCAGTATCACTGGCAAGTTTTCGTCGAGTACAATTCCGTCTTTTGGACAGTGAATGATGGGGATTGGCGCTCCCCAGTAGCGCTGCCTACTGACGCTCCAATCACGAATTTTATACTGTGTAACAGGCTCTCCTGAATTTTTAGCTACAAGTGCGTCAAGCATAGCTTGTCGGCCCTTTTCAAAATCCATGCCATCGAATTCTCCTGAGTTGGAAACGATATACTCTTTACGGTGCGGCTTAATG
CP064993.1_gap28	1165170	1166635	1465	TGCATAACCCCAACTCGGCGTAAGTGCCGAGGTATTGAAGGGGCGAACGGGCGTATCGGCGAGCTTCAGGCAGAGTGGAGGGACATTTTAGGACCGTATGAGTCAGTGGTAGTTATCAGTCCAATCGTTTTGCATGAGTACAACGTCACCCGTCGCAACAAAGTTCGATAGGTTAGTGTAAAATTCGAGCGGGTTATCTTGGACGAGAAGCTCGCCTTTGTAGTCAGTATCATCGAGTCCCGCCTGTATGTCTGCGGTAACAGAATTGCGCATAAGCACTACTACATCTGGTTGGGCGGCAGCGATCAGACGACCAACTTGACGGTGAATATCGGCGGTTTCTTTTCCTTGGTCAACTAGACCTGGCGTTATATACATCTTACGCTTCGCCTTTAGCCCCGCCAGCAGCTCAGTCCCTGCGCGAATTCCTTCGAGGTTGCCGTTGTAGGTATCGTCTATAACCCAGGCTCCAGAAAGCTTATATGGTTGCATACGGTGTTCAAACGGCGTCGTTTTGCCAACACCAGTTTTGACTTCTTTTTCACTTAGCCCGCACGTTAGCCCAAAAGCGGCGGCAAACGCAAGCGGGCCAACCTGGTGAAGCCCGACTAGGCCGCTATGAAACTTCAGATGCTTTTTTTCTTTTACCAGCTCAAATGAGGTTCCGTCCAGTCCTGTCCGAGCCTTGTCCACTCTCCAGCCGAGCACATTGCTACGAGAATAGGTTTGGTATTTCGGTTTTATAAAACCAAGCATCGCGTCAGATTCGGCATTGACGTACATGTTGTCAGGCGAGACGTAACGCGATAGTGAAAAGATGTCTTTTCCAGCGGCTTGCAGCGTCTTGTATTGGTCTAGGTGAGCTGGCGCCAAACCAGTAATGACTGCCTGTGTCGGCCGCACCATGGCACTAAACTGCGCCACATCGCCCGGCTTACCTTCGCCAAACTCCACGAGTACAACGTCTTCCTTGCCTGTGAGAGTTTGAGCAAAAAGTAAGTGAGAGCTAACAACATTCATATTTGCCGGCGTGGCCGCAACCGCAAGACCTTCACTAAGCACTGTTTGGAGCAGCTCTTTCATGCTGGTTTTTCCGTAGCTTCCGGCTATGGCAATACGATTTCCAGGGTGTTTTTGGAACAATTCAGCCGCCTGGATAGCCTGCCTGTTTTCGCGTGGTTCCGTAATTATGATGCGACCAAGCGCCAAAAATAGCGCAAGCATATGCGCCCAAACGATAGGGTAGGAAACAAGCAGCGCCAACCCATACCATCGTATTTCATCGTATGGTGTATTTTGACTGACATATATGAGCGAAAAGGCCAAAATTATTTGGCTGAACATCCCTGATAACAGCCCGAGGCGTAGTAACCGCGCAGCTCTGGTCGGTTCCAGCGAACGACGCTGCATAACCGCCGAAAAATCCTGTATCTGCCATAACCATCGCAGAAATGGAAATGATTGG
CP064993.1_gap29	1178008	1180323	2315	TGCAGCCCAACCGAGAAAGTTGCCTAAACTTACTGCCCCTACCGCTCTGCCTGGCACGTTGGCAATTCGCTCAAAGCTCGTACGATCTTCTGGCTGGTACAGCAGTCTCAGGTAGGCAATGAGGTCTTTGATTTCCTTGCGATCATAAAAGCGCACACCACCAACCACTCGGTACGGCACGCCGTATTGCACAAAAACTTCTTCGACGCTGCGGCTCTGGGCATTGGTACGATACAGCACAGCACAATCTTTGTACTGCCTGAACCCAGTATCGACTGCTGTGCGGATGGTACGGACAACCGTTTCTGCCTCACTGCGTTCGGTCATAACTTGTGTGAGCTGAACCTTTCGGCCGTCACCCTCGCTTGTCCATAGCTGTTTCTCGCTACGCTGAGTGTTTTTGGTTACAACACCATGCGCCGCGTTCAGAATATGTCCGGTACTGCGGTAGTTTTGCTCTAATTTAATGACGGCACAATCTTTATAATCTTTTTCGAAACGCAAAATATTGCGAAAATCTGCCCCGCGCCAACTATATATCGACTGCCAGTCGTCGCCCACCACGGCAAGATTGTGGGCGTCACTGACGAGCATTTTAACGAGCTGATACTGGGCAGTGTTTGTGTCCTGGTACTCGTCAATCATAATGTGGCTAAAGTGTTTCTGCCATTTACTACGAACTTCTTTATGTGCCTCTAGTAGTTGCACTGTGCGCCAGATGAGGTCGTCGAAATCGAGCGCCATAGCGTCTTTCAAAGCCGCCTGATAGCGCGGATACACCTGTTTAACAATGTGAGCGGTCGGACTTTTGGCAGTCTCTGCGTATTCGGCAGGGTCAATCATGTCATTCTTGGCGCTGCTGATATAGCTCGAAATTGTGCGAGGTGTAAATGACTTTTCGTCAACGTGCAGCTCTTTACAAATGCGTTTTACCACACTCAACCGATCGCTTTCATCAAATATGACGTAAGAACGTGGTATGCCGATATGTTCACCGTCCATCCGAAGCAACCGGACACAAATACTGTGAAAGGTGCCCATCCACGGCATAAATCGCCTATCATCAGCCGACTGGCCAAGTAAATCCGCGACTCGGGTACGCATTTCTTTTGCTGCTTTATTCGTAAAAGTGACGGCTAAAATGCTATACGGCGTGGCTTGACGGGTTGCAATAAGATAGGCGATCCGATGTGTAAGCGTTTTGGTCTTGCCGCTGCCTGCCCCAGCTTGAATCAGAAGCGGTCCATCCGTCGTCAAAACGGCGCGTCTCTGCTCGTCATTTAGCCCTCTGAGTAACTCTTCTTGCACCTATCTATTCTACCAGACGATGCCGTCCAATAATCTGTGAAATGTTCCCCTGTCAGAGGCTAGGCCCTGGAAAAAACTTCTAAAAAAGCCATGTTATTGAACCGTCGAAAATACATCATTGGCACCATAACATACATCGCCCTTAAAGGCGTTGCGTAAATCCGTAGTGTTATATTCAGAGCACAAAATATCCTGCTGAGTGTTCCTGAAGTACACCCATGGATCATTATTCTTCTTGTAGAGTAGTGCAGTTGAGCCACCACCGCTATCAATACTACCTTGGCTGATCTGTGCTTTTTGGTAGCCACTTACTTTGCTGTCAGTAATTTTCAGATTCATAAGGACCGTCGATTGCTCTACATTGGGCATGGCACTAGCAATCGGTTGCGTTTTCGCGGCCGTTTCTTTGTATGCGTCAATACGCCCACAGCTAAGCCCAGTTGAGCTTGTTCGAGAGGCCGGTGCCTCAATGACACAAATCAACCCCCTACCTCTATATACGTCTGTTGCGGTACCATCATCTGTTTTACCGTTGGTTCCTGTTTTTGTTAGTCCAAAGTCTTTTAATATATCTGCTACTTCTGTGCGGATTGTCGTATCTGCTTTACGTGGGAGAGTATCAGAATCCCAATTTACAGGACCAACCATTAAGAAAATACTTGAGCCACCATCATAATCCGTGTAAAAGTTGTAGCCCTCAGCTTTTTGGGGTGGCGCACTCTTCGAGAGCCTGATACTCATCTCCCCTTGTTTTGGCTGGTTGTTTTCATCAATGTCTAGAAGCTTATACTTTGATTCGTAGCTACTCTTTATTTTGGCAGTTACATCTTCTGGCTGAAGTGCTGCTGTGCTGTTGGTTCTTGTGGATTTATTTGCTTGCGAAGAATTGGTCTGGTCTGTTTGTTTAACATTACCCCCCAGTCTATTAAAGGCAATCCAGCCTATAGTACCTACGAGACTAAGCACGAGTATCACAATTAGTATTTCTACTATGCTAAAACCATCTT
CP064993.1_gap30	1182554	1183435	881	CGTGCGCACTCCAGTCGACAATACGCGTCGGAGCAGCAGAGTCAAGTTTTTTGGCGACCACACCGTCTTGAGGTAAGTAAAACACAAAATCACGCTGTTTTTTTACCTCGGTAACTGTGTGCATGATTTCTTTGGCGAGAGGGAGATCATCTGGGTCGATTTTGCTTTTGCCAACCTTGAGGCCAGTGGCATGAAGAAACGTATTTGCCATAGCCCCACCAACAGCTACGGCGTCTGCAATACCAAGAAATCGCTGCAATATTTCAATTTTATCGGCAATCTTCGCCCCGCCTATCACTGCTACAAGCGGACGTTTCGGGTTCTCCATGGCTCCAGATATGGTATCGACTTCTCTTTCGAGTAGTAAACCGGCCGCGCTCGGTAAATAATGTGTTACACCTTCGGTACTAGCATGCGCCCGATGCACCACGCCAAAGCCGTCCTGTACGAATATATCGGCCAGGCTAGCGAGCTGCTGGGCAAAGGTAGCATCGTTAGCTTCTTCTTCGGCATGAAAACGGAGATTTTCGAGCAGTAGCACTTGACCTGGCTGAAGATTGTTCACCGCCTTTTCGGCTCGTTCGCCCGTGCAATCCGGAACAAACTCTACCCCTGTTTCTAGGAACTTCCCAAGTGATTTTGCCACTGGAAAAAGGCTGTACTTTGGGTCTGGCTTACCGTCTGGTCGGCCGAGGTGAGAACAAAGTATGAGCGCGGCGCCATGCTCCAGAAGGTATTTGAGCGTTGGCACGCTTTGCTGGATACGATAGTCGTCCGTTATTTCACCCTTGTCGTTCAGCGGCACGTTGTAATCTGCCCGCACAAGGACTTTTTTGCCTGAAACATCAATATCCCGAATTGTTTTTTTATTGAAGCTCATC
CP064993.1_gap31	1184983	1187913	2930	TCATAGTTTACACCATTCGCTGTCTGTGACAAATGTCACTGGGAAGTGTTTAGTAATCAGACGACTGCGACACCTAGATTAACACGAACTTGGAGTAAGCGCCGTGCGGGCTCGCGCGCCTAAAGCCTGGAGACGCTAACAGTGGTACATACAGCGAGCTGGAGCTGCTCTAGCGGCCGAGGCTTTCTTCGGTTTTCTTAAGGTCTATAGTAGTTTTGACGATAGTATCGGGCGCAAGAGAGATGCTGTCTATACCAAGTTCGACGAGAAAACGGGCAAACTCTGGGTAGTCCGAGGGAGCCTGGCCACAAATGCCAATTTTGACGCCTTTTGCTTTGGCAACACGTACTACTTCGCGGATCATGACTTTTACCGCTTCGTTGTTCTCGTCGTAGTCATGCGCCACGGTGTGGTTGTCGCGGTCAACACCGAGTGTGAGCTGCGTTAGGTCGTTGCTGCCTATTGAGAACCCATCGAATCGCTCTGCAAACTGCTCGGCCAGGATGACGTTACTTGGAATCTCACACATTACATACACCTGGAAGCCGTTTTCGCCGCGCCTTAGGCCGTTTTCTGCCATAATGGCGATTACTTTATCGGCTTCGTCGAGGTTACGGCAAAATGGAACCATTGCCTTAATGTTGGTAAGTCCGAACTCATCACGGACTTTTTTGAGTGCCTTACATTCTAGTACAAATGCTTCTTTATATTCTGGACTGTAGTAACGACTAGCGCCCCGCCAGCCGATCATGGGGTTTTCTTCTTTCGGTTCAAATTGCACACCACCGATTAGACCAGCGTACTCGTTGGTTTTAAAGTCACTGAAACGAATAATGACATCATTTGGGTGAAACGCTGCGCCAATTATGGCAATACCCTCAGCCAACTTATCGACAAAGTATTGCGCTTTGTCGTCGTAGCCCTTGGTAAGCTCCTTGATTTGTGCTCGGACAGCCTTATCTTTCACTTCCGGAAAGCGTAGTAGCGCGAGTGGATGTATTTTTATATGGCTATCGATAATGAACTCTTCACGTGCCAGCCCCACGCCGTCATTTGGAAGAAGCGAGTAGCTAAATGCGTGGTCCGGGGAGCCAATGTTCATCATAATTTTCGTTTTTGGCCGTTCAAGATTAGCAATGTCTGTTCTTTGAACCTCAAACTCAAGTATGCCGTCGTAAACCGTGCCTTCGTCACCACCGCTACCACAACTGACTGTCAAATCTTGATCGTCGTGAATTAATTGTGATGCATTGCCAGTACCCACAACACAGGGTATGCCCAGCTCGCGGGAAACAATCGCTGCATGACAGGTGCGTCCACCTTTGTCGGTTACAATTGCGCTCGCAATTTGCATAATAGGCACCCAGTCGGGGTCAGTCATTTCGGTCACAAGCACGTCACCTTCTTTGAAATCGTCGATGTCTTTGACGCTCATAATCTTGCTGGCCTTACCGCTACCAATTTTGCTACCGACGCTTGTGCCCTTAACGACCACGCGGCCTTCCTGCTTGAGCTTGTACTCTTCGACGACGTTGACATCGCGGCGCGACTGCACCGTTTCGGCACGGGCTTGGACAATGTACAGTTGCTTGTCGTCATCGTCTAGGGCCCACTCAATATCCATCGGGTGACCGTAGTGTTGCTCGATAAGCATGCCCCAATGAGCCAGTGTTTTTACTTGTTCATCTGTAATACTAAAACGCTCTTGGTCATGTACCGAAACATCGTTGTTTTTTGTACGGCTATTGCCAATAGGAATCATCTTCATTTTTTTGGTGCCAAGATGACGCTTCAAAATCGCCATAGTTGGCTTGAAGACTATAAACTCATCTGGGCTGACATGGCCCTGAACAATGTTTTCGCCAAGACCGTAAATGCTACTCACCACGACAGCGTTTTTGAAGCCGCTTTCAGTATCTATGGTAAACATGACACCGGCACATTCGCTGCGAACGGCAACCATTTGCTGTATGCCGACAGAGAGCGCCACTTTCATGTGGTCAAACCCGTTTGTCACGCGGTAGACAATGGCTCGGTCGGTGAAAAGGCTGGCAATACACTCTTTGACCGAACGGAGCACGTCCTGCTCACCAGATATGTTCAAAAATGTGGCCTGCTGCCCGGCAAATGATGCGTTTGGTAAGTCCTCTGCTGTGGCAGATGAGCGGATGGCAACCACCAGATCACCTTTGGGACGGCCGCATTTTTCGCTCAGCTCTTTGTAGCCGAGCAGTATTTCGTCTTGGAAGTCTTGCGGCATTTCTGCGGCAACAATCATGTCACGGATGATTTGTCCACGCTTGGCAAGCTCAGGAACATTTGTGACATCCAGCCCCTCGAGCGTTTTGGTAATCCCCTCACTTAAGCCAGCATCTTTCAAAAAGTAGCGGTAGGCATCGGCCGTTGTAGCGACACCATTTGGCAAATTAACCCCTTGCGGCCGTAGGTGATGGTACATTTCGCCTAAACTAGCGTTTTTGCCCCCCACCTGTGGAATATCGTTTATGCTCAGCTCTTCGAAGAACTTGAGGTATTTATACATATTGCTCGCCCACCTTTCAGATAGTAAGATTTTTTACTTTTTTATTCTTATGCTTTTATCATACCTCCAGGCCGAGTTATTTCAAAATATTTGACATATCTAACAATTGTTGTTATAGTGTACGCATGCTAGGAATTCACACACCCCCAGAGAAAAATGAGTTGTTCGATGCTGTAATGGCACTTGAAACAATTCGACAAGATATTCAAGACAATGCAGCAGCTGCGAATGCATTATGTCAAATACCCCGAGAAATTATTGCTAATGATTCTGCGACTGACGAGGATCACAACCGTGCAAAATTTGACATTGCCACCGTAAGGCATGAGTTGCGCGAAACTCATAGGCTCATGCTTGCACCACGTTTTGCATATATTATCAGGAGCTT
CP064993.1_gap32	1205517	1206921	1404	AAGAAATTCTCGACAAGATGGACAAAGAAACCGGCAAACGCGCTGTAAAAGACGACCGCAAACTCGACCTCGACGACGCTCGCAAGCTAGAAGTCGGCAAGCAAACCAAAATCAACGAAAACACCAGCGTGATATTAGGCGAAAGATCTACGCCGCCAACATCGAGCGCCTAGTAGACAACGCAGTCAACTACGAGACTGCCGACGAAACTCTGGAATCTTTGCCTGGTAGTGTCGACGCCGTTGCTGAGCCACTCATAGCCAAATACAAAGAAACCTACAAGCTCACCCAAGCCGAAGCTGAAGAGATCAAACAAGAAATCGGCGAAAAAATACGGCTTGCCACCACCGAATACGAAAGTAGCGACATCAAAGACGCCGAGCAGCTAAAGCAAAACCTCACAGCCATCATCGAACACGACTTTGTACAAGCAAAGGTCGAGCAGCAAGAGACCAAAGCCGTAGAAACAGTTCAAAAGTCCAAAGAAGAAGAAGTCCGCGAGCACCTGCGTGCCTTTACCCGCACTATCCCGATGTTTGTTATGGCGAACGCATCCCGTGACGTCATAACGATTGATAATTTCGACGAGCAAATCAGTGACGAAGACTTCATAGACCTAACGAACATCACCAAAGAAGAATTCCATAAACTTCGTGACGGCTTCGACTACACCGATGACAACGGCGAGCGACAGCACTTCGACGGCGTATTCCATAAGTACAAGTTCAATGCCTCTATTGCAGAGTTTGTAGCTGAAAAGCACAAACGTGCCGATTACTTCAAGACAGACGAAGACATTTTTGAACTGATACCAAACCAAAAGAACAACCAGATATTTACGCCAAGACGCGTCGTAAAGATGATGGTAGATGGTCTCGAAAAAGAGCAGCCAGAACTATTCCAGCGCACAGACAGCATGTTCATAGACCTGTACATGAAATCTGGTATGTACGTCACCGAGATTGTGAAGAAGCTTTTTGCTGGTACCCGCCAGCACTATAGTAGCGACGCGGAGTGCCTGAAGCACATACTAGAAAACCAAGTCTATGGCCTAGCGCCAACAGGCGTGCTTCACGGCATCACCACGAGCTACATTTTCGGGTTTGATGTTGACCACGACATAAGTACACGCAACTTTGCGATGCACGATTTACTACCCGAGGCAAAAAGTGGCACCGCACCAGCAAAGCTCGCACAACTATTTGGAAATGGAGGAAATACTATGAAATTTGACGCTGTTGTGGGGATTCCGCCGTATCAAGAAGTATGGATGGCGGAAAGGACATGCCGATCTATCCGTATTTTTATGATTTGGCTGAAAAGGTGTCTGACCGGTACTGCCTAATTTCGCCAGCGAGGTTTTTGTTTGGCGCCGGCGCGACAAGATTTGAATGGAATAATAAG
CP064993.1_gap33	1208030	1211496	3466	AAAAATACCGCACTAAAGACAAGGCCGAGGTATTTACGCCACTTAAGATTGTGAAAAAAATGAACATGGCGATAGACTGGGCGAGCAAGAACTGGCCCGTCAGTGAAGAAACTTGGGTGGATTACATTTCAGAACGCCGCCTAGAGATAACCTGTGGTGAAGCGCCGTTTATCGCTGGGCGCTATAATCCTACTGCAAATACTGGTGTAGTGATCACTCCAAAAAATCGTGTGGGGTTCTTTGACCGCAAACTTCAGGTGGTGAGCGAGTATAGCAAAACCAAAAAGGAATGGCTACACTACGCAGAGATTGCTCTAAAAGCTACTTATGGCTACGAGTGGCAGGGCGACAACTTGCTAATCGCTCGTGAGAACGTACTACTGACTCTCGATGATTTTTATAAGGACTTTTGTGCCAACAAACTAAAACTAAAGTCTAAGCAGAGTCTCACTGACGAACAGCTCGAATATTTTGCAGAAATAATCAGCTGGAATATATGGCAAATGGACGGGCTCAAATACGTGATACCTCTCAGTGGTAACCCGCCGGCTCCTTATGTAGATAAAAAGTCAGCTCGTGCTTGCCCTTAGTGCCGTTGAGCCCGACAAAGAAATCGAAAGCCCCTGCGACCCACATCGGAAAATACGCCAAAATCAAAGGACTGGGATAAAAATAAAGCAGTGAGATTTGTAGATATAGTCAACAGCAAGGAGATAAAATGAAATTCGCAGACTCAACCATCAAAAAATACCTCTACCAACCAGGAGCCGTTTTTGAAATTCCCGAATTTCAACGACCATACACATGGAAAACCGTAAACGCGCAAGAGTACCTCAAGGATCTAGAGGAGTGTGTCTCGACCGGAAAAGGACACTATTTTGGAACAGTGGTACAGGTAGAAGATGAAGATGGCGATGATGCCTACTCAATCATCGACGGCCAGCAGCGTGTTACTACATCATTGTTATTAATTTTTTCTATCTACCATCTCGTCAAAAAAGATCCCGCTCTACTCGGCGAAGGCGAGACTACCACAGAAGACATCCTAGACAATTATCTAATAAATAAAAACCGTAAAAATAATCGCATCAAACTTCGCACCGTAACTACGGATAATGAGATCTTGCAGCATATATTCGACTCAAATGGCGATGCGAGTGAACTAAGTGATAAAGATAAACTAAGCAACCTGTACACTGTCTATTCTGTTTTCAGAGAGTACTTCAGCAAAAAAGAAGATCTTTCGAAATACATCAACGGCCTACGGCATTTTAAAATAGTTTCCATTACCTTAGAGCAAGGTGACGATAACCCGCAGCGTGTTTTTGAAAGCATCAACTCTACGGGGGAGCCATTGTCGGACGGCGACAAGATTCGAAACTTCTCCCTCATGCTGAATAGTAAAGAATCCCGCAATCATGTATACCAGGAATACTGGAAGCCACTAGAACGCACACTCACAGATGTAAACCGAGATAATATAACCGACTTCTTTAGGTATTATCTGATCTCGAAGCGACAGGCTAACGTCAAGTTGCCGGAAGTCTATTCGGCTTTTAAAGACGAGTTCGAGAATGCTGTAGGTAAAGAGCAGTCACGCGAAGCATTAGATGAATTTTATGGTGATATCAAACGCTCACTTAGATTCTATAAGTTACTCCGTCTTATCGATACAAACCAAATCAACAAAAACAATGAAGAATGGTCTAGGTACACAGGCATAGCCGATACGATATTTAAGATGCGCTACATACGCGTTGATTTATATATTCCGTTTGCAATCTCAGTGCTTGCATACCATGACGACGGAGACCTCACTGACGAACAGCTCATCGATGTGTTCAAGCTCATCGAATCGTACTTCTCCCGACGTATAATTGTAAACTTCTATACGACTAGTGTTGATCGACTTATGTCATCGCTACATAAACAAACTCTGAACTATATTAAACGCGATCCATCCGCTGACTACGTTGACGTACTGAAATACATCATCCTAAACGAAACCGGGCAGACTAGGATTCCGAATGATATTGAATACGAAAAGGCTATTCGTACATACCCATTCTACGAACAACATGGTGGCAATATACGAAGCTATGTATTATCAGCGCTGGATAGCTCAAACAAGGAGGCGAAGTCTACATTACGTCTTATTGCTGAAGATAACATAGATCTTACCGTCGAGCATGTCATGCCTCAAACTCTTAGCCGCGATGAGTGGCGAGAGATGCTCGGTAGCGACTATGAACGAATACACAACGAATACCTTCACACACTAGCGAACCTAACACTGACTGGCTATAACTCTGATTATTCGAATCGTCCGTATCAGGAGAAAATGGTGCTCGAAATCAAGAACAAGAAAACGGGCGAAATTAAACAAGTTGGCTTCCCGATTTAGCCCTCTCCCTATGAACAAATGGATCGCAGCCCATGACGTATGGGACGAAGATGTGCTCACGGAAAGACGGGAAATGTGGGTTAATAAATTACAGAATACTTGGCCAATGCCGACTACTAGTTTTCAGCCGGTCACCGGCGCGTCGGTTGATCTACTAGATAACATTAGTCTACGCGGTGAGAATATTAGGTCCGTTAGCGTACTTGGAGAAAAAACAACCGTCAGTACTTGGGTTGAGGCGCTCGATGTCATTGTGGACACGCTCTTTGGTCTGTATCCGAACATGCTCGATACCATCGCTCATGATGAGTTGCTCTCAGGTTTCATAAAAAATGACTCTACGGCGTTTAGATCTAGTATTGAAATAGGCAGCTCTGAGCTCTACATTGCTACGAGCAACAATACTGATACAAAACTCAACATTATTCGTAGGATTGCGACGCTATTAAACTTGTCGTCTGGAGATATAGAGGCTGAAATTGTTGTAGAAGATGACGAATAGTTGTAAGTGGACGAAACAAACCACCTAATCGACTACTATAGTCTCTCCGCTCATGGGCTCCTGAGTTTCAACCCCAGTAATTCGACAGTAGAAGTTATAGGCCGATAAGTTCGAGATCTCACCCTTCTCGATATATGGCTCAAACAGAGGCAGTAACAGCTCTTCGTCTTGCTAGGACTACCCGTGCGGAAGACGATTACCGTCCCGACGTTTGCTAAGATAATATTTACCATCTTTTGATCGTCTTGCTGCTGTGTACTTTGCTCTGCCATCCGTCAGGAAAACCTTGTACTTCCTTGCTTCACTAAGCATCTGCGTGAACGATAGGGTCGCGAAGTTCTGGAACTCATCGACGTATAGGTAAAACGCTTTGCGGTCTGCCTGCTTTTTCTCCGCACGCTTCAGCGCGGCAAGCTGAAGTTTGGCTAGGATTGTGACGCCAAATAACATCGACGTATCTTCGCCAAGTCGACCCTTTGAAAAGCTACAGATAAGTATTTTGCCGTCAAGGATTTCATCAAAGTTAATCATGGATTTCTCCTGCTCAAGCATCGCGCGAG
