gap_id	start	end	length	sequence
CP060499.1_gap1	5399	9119	3720	TCGGTATGAACGAAATGGGTCTCGCCTCCAATCGGGCCTACCGCAAATCGGCGAAGATCGTGGGCGAGATCATGGGCAATTATCATCCCCACGGTGACTCGGCCATTTATGACACCCTTGTGCGCATGGCGCAGGATTTCAACATGCGCTATCCCCTCGTTGACGGGCAGGGCAACTATGGGTCCATGGACGGCGACTCAGCGGCCGCCATGCGCTATACCGAAGCGCGCATGACCAAACTGGCCGAAGAGATGCTGGCCGACATCGACAAGGAAACGGTCGATTTCGGCCCAAACTATGACGAATCGTTACAGGAACCCCTGGTGCTACCGACCAGGGTGCCGAATCTCCTGGTCAATGGAGCGGGTGGCATCGCGGTGGGCTATGCCACCAACATCCCGACGCACAATATCGCCGAAATCATCGATGGATTGCTTCTCGTGTTGGAGAACCCGGAGGTGACGATCGCCCAGCTGATGAGGAAGATCCCGGGGCCTGATTTTCCCACGGCCGGATTCATCTACGGCATGAGCGGGATCAAAGAGGCCTACGAGACGGGCCGAGGCCTCCTCACCTTGAGGGCGAAGGTTGCGGTGGAGACCGATGAGCGCACCGAACGCGAGCGCCTCATCGTCACGGAGATTCCCTATCAAGTCAACAAGGTGTCATTGATCAAGAAGATCGCCGAGTTGGTTCAGGAAGACCGGATCAAAGGCATCTCGGACCTACGAGACGAATCATCGGATCGCGAAGGGGTGCGGGTGGTGATCGAGCTCAAGCGGGGTGAAATCCCCTTGGTGGTGTTGAACAATCTGTACAAGCATACCCCGCTCGAAATCACCTTCGGCGTCATCATGCTGGCCTTGGTCAACAATCGACCGGAAATCCTGAATCTCAAGCAGATCCTCCGTCATTTCCTCGAACATCGGCGCGAAGTTGTCGTGAGACGGACGGCGTTCGAGCTCAAAAAAGCGGAGGAACGGGCGCACATTCTGGAAGGGCTCAAGATCGCGCTCGACCATCTCGATGCCGTGATCGCGCTTATCCGCAGGTCCCAATCACCGGACGAAGCGAGAGCCGGTTTGATGCGGCAATTCAGCCTCACCGAGATCCAGGCCACTGCGATCCTGGATATGCGGCTCCAGCGCCTGACACAGTTGGAACGCGCCAAACTCGTCGAGGAATACCAGGAAGTGCTGAAACAGATCGAATACCTGAAGTCCGTGCTCGCAAGCGAAGCGCTGGTCCGAAACATCATTAAGGACGAGCTGACGGAAATTCGTGAGGCTTACAAGGACGAGCGGAAGACCCAGATCATCAAAGAAGAGGCGGAGATCAGCCTTGAAGACCTGATTGCGGAAGAAGAAGTGATCGTGACCATCTCGCACGCCGGATACATCAAACGAAATGCCGCGTCCCTCTATCGCGCTCAGCGACGAGGCGGCAAGGGCAAGATCGGAATGGGTATCAAGGAAGAGGACTTCGCCGAGAATCTCTTTACCGCCTCCACCCACGATTCACTCCTCTTTTTCACGGACGCGGGAAAGGTCTATTGGCTGAAAGTCCATGAAATTCCCGAGGCCAGCCGGGCCGCGAAGGGCAAAGCCCTGGTCAATCTGCTCGCCTTGTCAGGCAATGAAAAAGTCACGGCGACATTGCCGGTGAAAGAATTCCGAGACGACCGATATATCGTGATGGGCACCAAGAAGGGCGTCATCAAGAAGACGGAACTGTCCGCGTTCAGTAACCCGAGGCAAGGCGGGATCATCGCGTTGGGACTTGAGGGGGGCGATAGACTGATCGGCGTGCAACTGACCGATGGACAGCGGGAAATCCTTCTGGGGACCCGCCAGGGCATCACCATTCGGTTTAAAGAAGAAGAAGTGAGGCCGATGGGCCGGACGGCATATGGAGTCAAAGGGATTACGCTCGAAGAGGGCAATGAAGTCATCGGCATGGAAACCATCACTCCCGATTCCACGACCTCGCTGTTGACCGTTACGGAAGGGGGCTACGGCAAACGGACACCCGTGGGCGAGTATCGCATTCAGGGGCGTGGCGGCAAGGGCATTATCAGCGTGAAGACGACAGAGCGAAACGGTCCGGCCGTCGGGTTCCTGCAAGTACGAGACGGCGACGAAATCATGCTGATCGCCGCGCAGGGAAAGGTGCTTCGTTGCAAGGTGGACGACATCCGTGAAATCGGCCGGAATACCCAAGGAGTTCGCATTCTGGATCTCGACGGCGAAGGAGACCGCGTTGTGAGTGTCGCGAGACTGGCCGAAGCCGTCGAGCGAGAGGAGACGGCTTCGGAGGGCACGGCGGAGACTTAACCTGACCCCGCAACCAGGTTCAATGCACCAGCAGGCATCCTCTCCCATGCCATCTGCCGGTCCTAAGGCCAAGAAGCCGCTGGACATCGTCGTCAAATTCGGACTCGCCGTCTTTGTGGGATCCTTCGCCCTGATCTGGGGAGGCATGTATCTCAGCCGTCCCGATCGATCGATTCCTCCCTATACCGTCGGTTCTCAGTCAGGCCATGTCGTCGCGACGGATGTCCCGTCAGGGACTCACGATGATCAGATTGAAAAGTTACTGAATCGTTTCCGGAAGGTCGGTCATGAGACACGGGATTTCGGTCGCATGAAGATCTATCCCACGACCCCGGGCGATGCGGGGGGCCGGTACAGACAGATCGTGATTTATGTATTCGACGATCACGGATGGACCGATCCGGAAGTATTGACAAAGTTCCTGGCGGGAGACGCGACGACGATCAAGAACTATGAACAAGCCATGCGCGGATACTATCGCTTGCTGGACCAGGAAGAAGAAGGAGGCTTGGGTCCCATGCCCAAGAATGGGCAACTCTCCGGCGACACACGGATCCTGTTCAAGGGACTTGTGACGGACCCTTTGCCGGTCGAGACGGAACGCGAAGAGGGTATCTCGATATCACCTCTCTAAGCCGCTCACGGAGAGAGGGATCTTGTATCGCGGCGGTATGCGAGGCGACCTCAGCCCACGATTCCTTTGTCGGACCTGAGGGCAAGTCGGGGCCGTGAACAGTTGGAGCATCCTCGTTCTGACTGGGAATCTCTCCGACCCGAAATGCAATGTCCGTCACAAACCCCGCTCCAGCCTCCGTCTCCAGCTTCGCCAAGAGCACAGGCTTGAGGAATGTCAGTTGTTGTAGCCAGACGGGATTCCTGACGATCAGGTACAGTTTCTTGAAGCGAATCTGGACCGGCCAGGTGTGGGAAGCCGTGGGCTCACCCACGATGGCATGCCAACGACGCTGCAGGCGAAGTTCCAGCAGCCTCGATTCCAGACCAAGCCGCTTCGAAAGACCGGTAAGAATGCTGCTGAAGGAATCGAGTGTCCGAGGTCCAGTCATGTGGCATCATAGGCGGTAGCAGAGAAAGAGATCAAGGCGTAGGGTTCAGGACATGGCAAAAGAGGCGGACGATCAGCGGAAAGTCGTGGTCACGAATCGGAAGGCGTACCACGATTATTTTATCGAAGAAAAGTTCGAAGCCGGGATTGTGCTTAAAGGGACCGAAGTGAAATCGCTTCGTGACAGACGAGTGAATCTACAAGACAGTTATGCAACCGTTAAAGACGGCGAAGTCTTTCTTCAGCACTGCCACATCAGTCCGTACAGTCACGGCAACATCATGAACCACGATCCGATCAGGACGCGCAAACTGCTCCTTCATC
CP060499.1_gap2	10584	11261	677	GAGCGCCACCTCCAGGTTGCCCTGTAGGATCGTCAGAGGCGTCTTCATCTCATGGGCGGCGATCTCGCAAAAGTTCCGTTGGACTTCACTGCCTCGTTGGAAATGATCCAACACGGAATTGACTGCCTGGGTCAGGCGGCGAAATTCCCGATACGGCGAATCCAGCGCCAGCCGTTTTCCAAGGTCGGCTTCCGCCATCGTTTCGGCGCCCGTGCACAAGGCCTCGATCGGGGCCAGCACCTTCTTCGCCAGCCAGAGGCTGCCGACCCAGGCGACAAAAAGTGTCGCCCCGGATCCGAGCGCGAGCAGCAACACGAGGCCATTCAAGGTCTCCTGGTAATGGAGCAGCGATGTTTCCGCCTGCAAGATGTACTGCACATGGTTTCTGCCGACGAGGAAGAGAAACAAGTGCCGCGCAGGGGTCCCATCGCGCGCGTCGAGGGTGTCGAACAGGATGTTCTTGAGGCGGACTTGTTCACGAACACGAGTGGGGAGCGAATCTTGTTTACCCGCGTGAGGACTTCTCCACAAAAGCGAGCCGTCGGCTGAAAAGACGCGAAGGGCGTGAGTCACGTCGGGCAGGACATGCTGCTCCGTGCCATTGGGAGTCAACTCGCTGGTCGAAGCGGTGTCCTTGCCGCCGTGTTCGAAGATCTCCGGATGCCGCTCGACAAACT
CP060499.1_gap3	21668	24695	3027	TCCATGTCGGCTATTTACCCAATAAGAAAGTCGTCGGCCTCAGTAAGATCCCGCGAATTGTCGATACTTTTTCGAGGCGATTACAAGTACAGGAACGGCTGACGGTCCAGATCGCCGAAACCCTAAATACCAAGCTGAATGCGAATGGTGTCGGTGTCGTCGTCGAAGCGCGACATCTCTGCATGATGATGCGCGGAGTGGAAAAACAAAACACGATCGCCGTCACCAGCTCCATGTTGGGAGCCTTCCGCAGTCAATCACAGACGCGTGAAGAGTTTCTCAAGTTGATTCGCCACGGCAGCGTCGGCGATCCAGACTGATTGCTCGGCGGTTTCCCTCCCGTGCCCCGTTATCTGGTTGTATTCAACACAAAAGAGCGGACCGCTTCGTTGAACGGGCCCGGCTGTTCCAGGTTCGAGAGATGGGCGGCTTGTGGAATGATGGTCATGCGGGCATCGGAAATCTTGTCTGCCATAAGTTGCGCGTCGGATGGCGGAGTGGGAAGGTCCAGTTCACCGACGATAATGTGAGCTGGACAGGTGATGTGGTTGAGAAGCGGCAGCGAATCGGCTCGCGCGGCCATCGCCATCAAATCCCCCGCAATGCCGCTGACTTGATTGCCTTCGATCATTGTCCGCACTCGCTGTACGAGTTCCGGTCTCGTCCGGATCGTGGCCGGGCTCAGTAGTTTCGGAACCATGATGTCGGCAACGGCACGCGGCCCCTGCTTATACGCAAGCTGAGCCATCTCAAACCGCGCGCGCTTCCCTTCATCGGTATCTGCCTGGGCCTTCGTGTCGGCCAATACCATTCCTGTCACACGGTCGGCATATTTGCGATAGAACGCGAAGAGAATGTAGCCTCCCATGGACAGTCCGACGAAGACCGCCTGCTGGATGGACAGGTGGTCAAGCACACCTCGCACATCATCGGCGGCTTGATCGAGGGTGTAGTGCCACAGCGGGGCATCGGATTCGCCGTGCCCGCGCAGGTCGATGGTGATGATCCGAAACTGCGAAGCGAGCGCGGTTTCTTGTGGAGCCCACATCATCCGGTTGAGGGGAAAGGCATGGAGAAATACGATCGGGACTCCACGCCCCTGCTCGTGAAACGCGATCGAAATGCCGTTGATCTTGGTTTGCACAAGCGGCTCCGTGACCGAGGCTGTTCGTAGCATCGGCGGCGATCGGGGGTCAAGAGCCTGTTTGCGCCGCAGGCCACCGGTGTATACAATCCATTCATTTTAGGGAGTCTGTGATGCCTCTGTCACATGATCCAGGGCCTGATCTGTTCACCGCGTCAGCGCCGCGGAGCCAACCAGCGGCTCCGCTGGCGGAACGGATGCGCCCCCAAGACTTTAACGACTTTGTCGGGCAGGACGACATTGTCGGGCGGGATCGTCCCTTACGAAGAGCGATTGAGTCCGACCGATTGTCTTCCGTGATTTTCTGGGGACCGCCGGGATCGGGGAAAACCACTCTCGCACATCTGATCGCCCGACATACCAAGTCTCACTTCGTCGCATTTTCAGCGGTGACCGGGGGCATTCCTGAGCTGCGCGAGATCATCAAGACCGCTGAACATCGGCTGGCCATACAGCAACAAAAAACCGTCCTGTTCGTCGATGAAATCCATCGTTTCAATAAAGCGCAACAGGATGCGTTTCTCCCGCATGTAGAGCGTGGGACGGTGGTTTTGGTCGGCGCCACCACGGAGAATCCTTCCTTTGAAGTCATCAGTCCTCTGTTGTCTCGCTCCCTGGTCGTGGTGCTCAAGCCTCTGGACGGCGCGGCATTGGAGCAAATCATGAATCGCGCGTTGGAGGACCGGACCGTTGGATTGGGGGGAAAGCATGTTCGCTGCTCACGCGAGGCCGGACAGCGATTGATCGCGTTCGGCAACGGAGATGCCCGAGTCCTTCTGACCGCGTTGGAATTCATTGTCGAGCAGTGCGACGCGGGACCGGATGGGATAAGAGAGATCGATGCACAGGCCGTCGATGCAGGATTGCGGACAAAAGCGTTGCGCTACGACAAGTCAGGGGAAGAGCACTACAACCTGATCTCGGCCTACATCAAAAGCCTTCGCGATTCAGATCCTGACGGGGCGCTCTACTGGTTGGCTCGTATGCTGGACGCCGGCGAAGATCCAAAATTCGTCGCCCGGCGGATGGTGATCTTTGCTTCCGAGGATATCGGCAATGCGGATCCGTTGGCCTTGGTCGTCGCCACATCGGTGGCGCACGCCGTCCAATTCGTCGGGCTCCCTGAGGCGCAGATCAACCTGGCTCATGGCACCACCTACCTCGCATCACGCCCCAAGGACAACGCGTCCTACGTGGGCCTGTTGGAAGCGTTGAAGGATGCGAAAGCTCACGGTAATCTGGCGGTTCCGCTCCATCTCCGGAATGCCGTAACCTCGCTGATGAAGGAACTGGGTTATGGAACCGACTACCGTTATGTCCATGACGACCCACCGGCACGAACGGAGCAAACCCATTTGCCGCCGGCCCTGAAGGATCGACGGTATTACCGCCCTAAGTCGCAAAAATAGGGCCAATTAGCCAGTTTACATTCCCGTCTAATCGGTTATACTTACATTTGTGAAGCGAACAGAAGGAAAACCATCGGCCGGTATGGTGGCGCTGAGCGAGCGGAGAAAATTTGTCCGTGCGACATTGGTCGGATCCGCATTGGTGTCGCCGAAGAGCGGTGGGCGGGCCTGTACGGCGGTGTTGGACAATGTGAACAAGATCGGGGCCGGGCTTCACACGAAAGATCGTTTCCCTCCGAACGAGAAAGTCACCGTGTCACTCGCATTCCTGGATTCCGATCGAGTCGAACAACAGGAAAAGCTCGATGGGACCGTCGCCTGGGTGAGGCCGTGGGAAAAGAAAGGCTACCTGATCGGGGTGGTCTGGGATGAATTGGTGACCAAAGAGAAAAACCGCTGGCTCTATTACTATCTCGAAGAAACGCTCAAAGCCTCCGTCTAATAGGGCGTTGAACCCCCCATCAGCTTCGTTCT
CP060499.1_gap4	28206	28780	574	GACGGCTGCAAAGAGTTGAAGCTCTGCATCGGTTACCGACATGGGAGCACCGTGTATAAGACGATGCCGGCCGATCTCGATGTCTTGTGCAACTGCGTGCCGGTCTATCAGCGGATGAAAGGGTGGACCAGCGCGACGACCGGAACCACCAGCTATAAGCGACTCCCCGTGGAAGCGAAACGCTACGTGGCGCGCATCGAAGAGTTGGCGCAGTGCCGAATCGATATGATCTCGACCGGGTCCAAGCGCGCCGAGACGATCATGCTGCGGAATCCCTTGGACTGTTCCCGCCGCCGTCCCAAACGCCCCTGACAATTAGTCAATGGTCATCGGTGATTGGTCAATGCTATGATGCGGCTGTGTTCTGGGCCGATCCCATCCCCGTCGTTTCATGAATCACGAAGCGAGTCTGTACGCCAGGATGGTCAAAATGGTCGCTGACAAGGCCGCAGCGAGTAAGAACCCGAGTCGTACAGTTTGATCGTACGTCGCAGGGTTTGAGCGACGCGAGAACGCAGTAAGGGGCCGTTTTGAACATCTTGAAGTGAGCCGGTAGCTCAGTCGGTAGAGCATC
CP060499.1_gap5	34928	35429	501	CTTCACGATCGCGAGCTTGGCCCGCTCCATCCCCTCGGTCAGCACCTTCCACCAGTCCAGCAGCGGTGCGTAATAGCGATCCTTCGGATCATCGGCTCTGGTGCAGTCGCGGAAGTCCACCGCCGTGCGGAAGACACCCACGATGTAGCGTTGGAACGCCTCCTGATCGAGCGTGGACAGTGCCAACCCCACCGCCTGCGCTCTCTCGTTCTTCCATTCCATTTCCCACCGCAGCCACGAGCCTTGAACTGGTCGCTCCTTCGCTCGCTGCTCGGCAGCTTTGTCGTAGATCCGGAGATAGGTGTCGGATTGCCGAGAACCTAGGCAGAGGGTTTTGCCGGTGTCCGAGCCGGACCCAATATCAAGGCCGGCGATCAGGCGGGACTGGCGGAAGTGGGAGACACATTGGCCGATGGCGACGGCTTGATAGAGATGATCCACATCGATCAGCCCGCTCCGATCGTCGAGGGCAATATCGATTCGCCCGAAATGCCCTTGCTT
CP060499.1_gap6	40673	41662	989	AAACGAATTGCGGATATCTATCAACGTTGCCGGACCCCTCAGGAGATCAAGACCTCGTTCGACCAACTCCAAAGCGAACTGGGTACCCAGATAGACGAGGCAATGACAAGAGCCCGTCAGCTGCTACTAGAACACTTTGACGACGAGGTGAGGGAGAAGCTCCGAGTCAGCGACGAAAGTTCACGGCAGTATCTGAATCGGTACGAACGTATGTTGATGGATCTCACTCGCTTCGAGTTGTGGGATCATGCAGATTTTCTGTCGGACAGCGCTTTTAGACTGAACTCCTGTCCGTTCAAAGGTGAGATCCCCCTTGGTCTCTACGAACTGCCCCGCCGGACGGGGGATGCGCATCTCTATCGCCTGGCTCATCCCTTAGCAGAACAGATTCTAGAGCAGGCCAAGCGCCGCATGCTCGATCCAGCGGAATTGGCCTTCGAGTATGGCAAACATGACGGCAAAGTTAGCGTAGTAGAGCCGTTCATCGGCAAATCCGGCATCATGAGTGTGTCATTATTCACCGTTGATGCATTGGACCAAGCGGAGGACTATCTGATTTGTACGGGAGTGACGGACCACGGCGAAGTCTTGGATGAAGGAGTGGCTCGGCGACTGCTCTCGCTTCCAGGAATAGTGACCAAACCTGCAAGCTCATTATTCGACCATCTTGCCCTTCGTGCAAGAGCAGAAGAGCAACAGGAAGTCATTCGCAAACAGATTTCAAGACGCAATGCGGAGTTTTTTGAAAACGAAGTCGATAAGCTCGATTCCTGGGCAGACGATCTGAAAGTGGGCCTTGAACGGAACATCAAGGAGTTCGACCGCCAGATCAAGGAAGCCCGCAAGGCAGCCGTGGCAGCCATCACGCTTGAGGAGAAGTTAGCTGGGCAGAAGCAGATCAAGGCGATCGAGGCCGAACGAAGCAAGCTCCGGAGAGCGTTGTTCGACGCTCAGGACGAAATTGATCGTCGACGTGAACAACTGATCAA
CP060499.1_gap7	42794	44879	2085	CTCTATCAGAGGGCTTCACTTCGCTGCCTTAGACCCACTTCAAGAGCGTCTAAGACAGGACCTCGCAATATCAGGAGTGACATATTACTATCGACCTTCAGCAGAGGCTGCGAAAAAGGGACCTAACGTCATCACATTGGAAGAAGCGGCAGTATCGCTCGCGAGTCTAAGCGGCAAAACGAAAACGATCGTCGCAGCTAAGAAGGAAATCGGGCAGATCTACGATCAAACGGGCGTCTATTACAAGGGCTTATTCCGGGATGATTTAACAGGAGTGCGCCTTTGTCGGGCAGTTCGCATATACAGGCATCTAATGTGTATATTTTTGGCCTCAGAATTAGCGGAGATGCCACACTCTCGGCGGAAGATGTTCTATCGACATGGGGCATTTTTCATTCTTCATATCCTGGCTAGACGACATCGCTCATTAGTCGACAAACCTCAAATGGATCTAGCGGAGGATGATCAGGCAGAGCTGTCTCGCGTCGGGCTAGAGATCGCGGAGCTAATTTACACAGTGGCAGAGGAAAAGTTCCAGCAATTGGTCGGCTATCTATCTATTTTTAGAAATATTACAGATGCAGAAATGCTTGCCTCTGAGGTAATGCAGCGACTAGCCAAACAGGATGCTCATCGCCAGTCTCAGGCGCAATTCGTTGGACAGACCGCTAGCCCTCCATCAGAAACATCTTCAGGGGCGAATTCGGCATGACAAGGAAAACAAAACTCGAACTCACTTGGATTGGAAAAGAGAATCGGGCGAAGCTGGAGCCACGCATTCTGCTGGAGGACTCGCAAAGGTCCTACCACGCCCCTCATCGTGTTACCGACCACGACATCTTCGACAATCGGCTCATCTTCGGCGACAACCTGCTCGCGCTGAAAGCTCTCGAGCAAGAGTTTACCGGTAAGATCAAGTGCATTTACATTGATCCTCCGTACAACACTGGAAGCGCTTTTGAGCATTACGATGATGGAGTAGAACATTCACTCTGGCTCTCGCTGATGCGTGAGCGGGTAGAACTTCTATGGAAGCTTTTGAGTCACGACGGTGTTCTATGGATTAGCATTGATGATAACGAAGGTCACTATCTGAAAGTTCTCTGTGATGAGGTTTGTGGCCGGAAGTCATCCGTGGCAACAGTCATTTGGGAGAATTTCTACGGTCGTAGCAACGCTGCCGCGATATCACCCGCACATAACTATCTTCTTGTGTACTCACCTCTTGGGCAAGATTGGAAAAACGTCCGCAACCTTTTACCTCGAGATGAAAAGAGTGCGAGCAAATACACTAACTCGGACAATGATCCACGTGGGCCATGGCGCTTGGGACCAATATTCGCTGCAGAAGAACGGCACGAAGGTTTGATGTATGAGATCACAACTCCATCAGGACGAAAAGTAAAGCCACCCAAAGGCAGTCATTGGCGCATGGTTGAGAGCGAGTTTTGGCGATTAGTAGAAGAGAAGCGTATCGCCTTTGGATCCCAGGGAGACAATGTGCCAGCTGTCAAACTCTATTTGAACGAAGTTCAGGGTGGTCTTGTGCCTCGAACTTGGTGGCCGCATACCGAGGTTGGTCACTCACAGGAGGCAAAAAGAGAAATCCAAGCTCTTTTCCCTGGAGTTGTACCTTTCGATACACCAAAACCTGAAAGACTTCTCCAAAGAGTGATCCAGATGTCGTCTAACACTAGCGACTGGGTCCTGGATTCATTCGCCGGTTCTGGAACTACGGGAGCCGTTGCCCATAAGATGGGGCGTCGGTGGATCATGGTGGAACTAGGCGAGCATTGCCATACACATATCCTCCCACGCCTGACGAAGGTCATTGATGCCGAGGACAAAGGCGGTGTCACTGAAGCTGTTGGCTGGAAAGGTGGTGGAGGGTTCCGCTATTATCGCCTTGCTCCATCGCTATTAGAGAAGGATAAATGGGGCAACTGGGTCATTAACAAAGCATACGACCCGGCCATGCTGGCGCAAGCTGTCTGCAAGCTGGAAGGGTTCACCTATGCTCCAAGCGACGCAGTCTATTGGCAGCACGGACACTCCACCGAACGGGACTTTATCTACATCACCACG
CP060499.1_gap8	50288	51266	978	TCGTTAGAACCCCAACAACGCCTCTATTTTCAAGATAAAACGGGGAACCATCGCAAAACCAAGCCATTGCGGTAATTCAACCTTTCGATCTTTTAAGGCGAGAGCCCTGGGTTTGAGGCCGACCGGTGTCTATCTCGCTTTCAGCTTGTTCCTCCTCCTATGACATAAACTCTTTGGCAAGAAACTAGACCAACTCGCATAGAGTCTTGGCATACCTCGTCGACCCTAGCCCGGTAGTGGTTGTTAAAATACATATTTAGGTTTCCTCACGCCTTTTAGCTAGCAGTGCACACTTGACTATAGCGAAGGATTGGAGCAACCTTAACCAGCTTCTCTGGTTTCCGAGGGCTCGCTTATGCGGGTGACGGAAGATCAAAACCAAGAGCGAAGCTGTGAGGCGTGCACTCACTTCCGCAAAGCCAAGCCTGGCGATCCACTTGCGGGATGGCGGGTACAATCTCCCAAAATATTCGAACTCCGGTCGCGTTGGGAAAAGCACTTAGCCGAGCGTGCGCTATTTGAGCAGCAGCGCTTCGAAGCTAATCTGGCGTTCGACTTCGAGCCCCAGGCGTATCCATACTGCGCACATTATAGTAAAGAGTACGGTACGACCTCAGCGGGAAGGCCTCTCCAGTTCATACTCTGTGATCGACAGAATCCGGATAAAGATTGCCCAGATTTCGTGCCATTCGTGCCAAGCGAAAAGATACAGAGTACAAGATGACCAACAATCTTCGCTTGGGCAATGAAATGTCGATTGTTAAACGTCCTAAACCCGTGATTGCCGACGCTCTGCGAGTCGTACGACCGGACCGTATACCTGTTTGGAAGGGTATCCCGCTGGATCTTTCGCACGCTCAACGACCGTTCGAGTATATCTTCAAAGATACAAACCGCGAGGTTAGTCTCACCGGCGAAGGATTAGGTCAACTTTACGTGTGCTTTGGGGCACCCGGGACCGGGAAGTCGTATTTTATG
CP060499.1_gap9	56494	59772	3278	ATGAGGTGCTTCGGACCATTCTCAAAAAAGATCAATCTATAGAAGAAGTTGCATCACAAAATGGGGTGCCGTGTTTTGAAGTAACAAATCTATTAAGGTTCCTGTCTTCTTTTGATGAGTAGAAAAATGTTTGAAAAGCTATCCGCTCCTCTGATGTCAACAATCGACATCACTGATCATTGCAACCTCACATGCAGTTACTGCTACGCTCATAATGGGAATAGCGTTTTTATGGCACGGGACCTAGTGGTCGATACAGCCAAACAGTTGCATGGACGCGGTGTCTGGCAAATTGTGCTCGGTGGTGGTGAACCTTTTCTGCATCCGGAAATTATTCCTATCCTCACCGAGCTGTTAGGTGCTGGGATTACTCTCGGTGTCATAACTAATGGTACAACGCTTGGCACAACGGTACTCAACAAGATTCAAGGTCTTTTCTCTAAGTTCCCAAACCAATTACATATACAAGTGTCCATAGACAGTGTTAAACCTGAAATCAACGATCGGCTGAGGGGACTTGGACATAAGGCACTTCTAGCCGCGAATGAGTTGGCTAAACGAAGTGTGAGCGTCAGCACAGGAACGGTCTTACACAAGTACAACGTAGCCGAAACTCACCTAATAATTGAATACTTCTATCCCCATATCAAAAAATTCCACTACATGAACCTCATGCCTTCTTATTTAGTTAAAATGACGAAAGAAGATTTATTTCCTGCGCCGGAGGAGCTGGCAGGCGCCTACTCCAGGCTACGAAGCTGCCAACAGAAGTATCCAGATACCATCATTACATTTCCAGATCTCCAAGCCATCATATCCGACAAACAATCTCCTTCACTTTCGTGTGTTGGATGTACCGCAGGGATCACTCGCATGGATATCAATGCACGGGGAGATCTATTGGCATGCAATATCGCGGATGGTAGCCGTTTTGGCAACCTTAGCGATGGATCAATTTGGGAAGCATGGGACTCCGTGTTCGTTGATAGTCTTAGAGCTAGCAATGAAGCGTTATGTATGAATGGCGGTCTTATCCAGATAAACACATTGAAAACGAGATAACGGAATTTAGAAAGGCAGGGCACCATATACTTAGAAACATGGATTGAAAATATTCTTCCCCATTTTTATCCAATTATGGACTTCCCAGACTTTTGTGGACACATCGTTAAGCCTGGTTTGACATGGCTTCAAACGCCTCCGGACTGACCCCGCTGAGATGGCTGTGTCGACGAGTGCGATTGTAGAACTTCTCGATGTAGTCGTCGATCTCAGCCCTCGCGATCTCCCGTGTTGTGTAGATGCGCTTCTTGATCCGCTCCTTTTTCAAGCTGCTAATAAATGATTCTGCCAAGGCCATTCCGCCTAGTTTGGCCACCGGGGCATCTCTCAATCAGCGTGTCGCAGGTTCAACTTTACGAAGTTACTAAGCTGCTAAAGTGATTACGGCAATTGTGAAGGTAAGGATCTCGCTTCCCGCTTTAAAATATCCCCTTCAGGACGCCATCCTCGTGAAGTCTGCATTGAACTTCATAATGTGACAAATTTGTGACAAGAATTTGCTGGAAAGGAGGGAATCAGATGGAACAACATAGAACTAATAGATAGATTTAAGTTATCGGAATTGCAACTAATTTGGGGAAACCGTTGCAATAGCGAGCACTTGTCAAAGTCCACTGATTTGAACTTTTAAGGCGAGGGCCCTGGGTTCGAGTCCCAGCCGGCTCACCACTTTCGACAAAAGACAGAACTTTCAAAACTACCTTTATCCTTAATCCATGAGGTAGCCCTCCGCCATACAGGGCTAATTAAGCGACGAACAGGGCAGCTATGGATCGGAAACGACTCGCGGCGGCCTAGCGCGTACAGGTCTCTTCCAAGTTCAGATTCATCCTTACTTTATTGCATAGGATTTCCTGAGACCCACGAGGTTGCTGGAAGGTCATGCGACAATAGCAAGCGTACGTAACGTAGACATTCTGAAGACAATACCTGACTTTGTTTCCACCCCAAAAGCTCTTGCCGGAACATCCAACTTGGTATAACTGCGGTTGTCCCAGTTGGACCATTCCGCCATAGTTTCGAATACTGGCTTGTTTCTGAAGCGTGAACAATTGAGGTCGATACCCCCATCCGGCGCAGTAGACCTGGAGCACTCGCACGATCGCTCAGAAAATCAGGCCCGCAGCCACCAAGAGCGGCGCTTGTGATGTGGCGGATCGAAGCCGTGGACATGCCATACCTGATCGCTCATAAAGGTGGCGATAATGAGCCGACACCGGCGTTGTGGTCAAAGCATTTTTTCGTGACACCTTTGACGTAGATTTTTCCGCGTCACGCCATATGGTTTGCGTCTTATCACGGGCGTCTGCTATCCTCCGCTCCGCTGCGTATCTCTGGTTGGATCTCTCTCTCACCCCCAAGAAAAACGGTACGGATATGACGAAGGTGGACGCTAGACGGCGTATGCTGGACTGGGTCGTACCGCTTGGATTCGGGATGATTCTGTTCTTCGCGGTGCCTTTGCAAACGGCTCTGGAATTGAGTTGGGATGAGGGATACGAGCTGATGAAGGCACTCCTTGTGAGCCGCGGCCACGCGCTCTACCGCTCCGTATGGAGCGATCAACCTCCGGTCTTCACTGAGCTCCTGGCCCTGCTTTTCCGCGTTTTCGGAGCATCCGCTTTCGTCGGTCGGCTGCTGATCCTCTGTTTTGCCATGACCCTCGTGTGGATGGTATGGAAGCTCGTGAGCAACAGCTTCGGATCAGCAGCCGGTCTGATCGCGACAGCATTGCTGGTGTCGTCCTCGTCATTTCTTGAACAGAGCGTCGCGCCCATGATCGAGCTGCCGGCAACGACGCTGGCTCTCGCGTCATTACTATCAGCCTCACACTACGACTCCACGCGCAGAATGCTGTGGCTGGCGCTTTCGGGCGTGCTATTCGGTTGCGCATTGCAAGTGAAACTGACCAGTGCGATCTTTCTGCCGGCGATGGCTGTGGCATACCTGGACAAGAATGGCCGGAATCTTCGCACCGACCTGCTCCGCGACGTGGCGGTTTGGTTCGGAGCGGTCCTCGTGACGTCCGGCCTCATCGTCCTGAGGTTCTACGGAACGGATACCGTGTGGGAGTTCTGGGCGTCTCACTTCTCCGGATCGACGAACGCCGCTGTGCCCGACAGGTATACATTCAAGCCCGCTGCATTTTTCTTGGGTGCACGGTCGCTATCGGCTGCGACCGCATTGGGCATTGCGTTGCTCGCCTCGAAACGCCG
CP060499.1_gap10	60841	63152	2311	AGAACCGTTGGTGTATCGATCGGCGACTGCGCGGCAGTGAGCCAGTTCGTCGAGTATGAAATGATTTTCGATGGCGTGAGCGGATTTCTTTCTGCATAGGGTCATAAAGATCTAATTGGAAGAGCTACTTGTCCTTATTCGGAAGATGAATTGGAGGATTCGAGCGGAGTCACTACTATCTGCCCGCTTTAAAATTGGAAGCCACATGAGCGTTTGGTTCTATCTCGCCCTAGAGCAAAAGATCCGAGTGTGATCACCAATGTTTGAACGAATAGCCAAATGGGAAGTGTGTGAAGCAAAGACTCCCATAAGATAGAGTCTCCAAATAAATGGCAAGCGCATGTTTCTCGATACGTGGGGTTTGTATTAGAACAGCATTAGGACATCTTCTTTATGGCTCTATGATGGCCTTGTTCTTATTGCAATCAGGGTGTGGGGCTATTGAATTGTGGTTACATAGGCCTAACACTGAGCAAAAGGCTATCACTGAGAGTGAGGATTGGAACGAGTGGAAGAAGTGCCCTCAGATGTCCTCTTCGTCAGCGGGGATTCAGCACCCTGTTTATTGTCTGGAGAAAGATTCTAACTCAAGTGATGCTGACTCCAAACCACCTCTGCTACTGCTCCATGAACTAAATGGATTGACCCCGCAGACACTCCGTTATGCTGCGGAACTCTCTCAGGATTTCACCGTTTACCTTCCAATGATGTTTGGCGAAAAGGGCAAGACATCATTTTTGAACAGGAAAGGATTGTGGGCGTACTGGGACTGGTTCGGGAGCGAATGGAGCGTTCCTTCAAAAGGCAGTTCTCCAATAGTGAATTGGCTTCGAGATGTTGTATCTGACATTGAGCAAAAGCATAAGTCTTCGCCAATACGCATCATCGGCAACTGCATGACGGGCGCCCTTCCACTTGGACTTCTTGGTAAGGCTGACGGGACAGATAATGCGAATATTGATGCGGTGGTCTTAGCGCAACCAGCGCTACCCATGAGGTTCTGGTGGTGGCACACGGAAGATGATTACAAGTCTTTGGGCTTATCGAATGACGACTTGATGGCAGCTCAAAAAAGTAAGGCTAAAATACTCGCTTTGAGATTTCAAACCGACTGGATCTCACACCCAGGGAAGCGGGAAACTCTCCGCAGCAGCGAATTAGGATTCGGGGATCGACTCAGTGTTGCCGAAATATGTGCGAGGGACTATGACCCCGAAGGCAAAAAACTGAGACCCCATAGTACGCTGATCGGGGAGTACGACGCCGTTGGAAAAGTGGGAGAGCTGTCGAAACGCACTCGCGAAACCGTGCGTAACTTTTTATTGCATCCAACAAATACTGTTGTTGGCAATAGCGAGTGCTCATCGAAGGTAAACGCGGGAAGCACACTCGACTCGGCGAGGTAGCGAAGTTAGACAGTTGGGGAAAAGAGCCTTGGAAACGGGGGAGAACCCAAGATTGATGAAGTGGATGACGCTGCATAACATCTTCTGGAAGCCATTAAAGAACCTACCAAAGCTTACACAATTTAATAGGGCCGAACAGAGAGGACGTTGTGACAAACGATCATGAACCACCGAATGATAGGTTTTGCGACCTGGTAATGAAAGGTGGAACTACAAGCGGTGTGGTGTATCCCAGGGCAATTGCGGAATTATCTCATCACTATCGTTTTAGGAGTATTGGAGGAACATCAGCTGGTGCAATTGCTGCTGCGGTAACAGCGGCTGCGGAATACCAGCGGCGACGCACCGGCTCACGGAAAGGTTTCGATGAGCTCAACAATATTCCAAACGAACTTGCTGATGAAGTTGCGCCAGGTACACGCAAGTTGCTCACCTTGTTCCAGCCGCAGCCTTCCATGCGCCGACTCTTTTCGGTGTTAGTCTGGGGTTTGAACCGCGAGACCACTTCCTTGCGCATAGGTTGGACCATCATAGGATTTCTGCGTGTCTACTGGCTGGCTACACTAGGGGCGGTGGGATTGGCCGGCTTGTTCGGAGCTGTTTTTGTGTGGCATTTCGCCGTCATTGGATTAAGCTGCATCGCCGCATCCCTGATATTTGTTATTGCATTGCCGGCATTGGTTGGCACGCAAGTTTTTGCTGACATTACGAGACGGCTGGTAGACAACAACTTTGGTCTATGCACCGGTATGACCGTAGATGCAACTGCAGAACATTCTGAGGAGAGATCTAGAGAGACAGCTAGAGATGGGCTCACCCCATGGCTGCATAATCTGATCCAAACGGCGGCGGGACGTAGTATCGAAAGCGATCCCCTCACGTTCGGAGACCTGTGGGACGCACCT
CP060499.1_gap11	83812	88128	4316	GAAAGTGTTCGAAGCGCCGGAGGTGCAGTGCGTCTCCTGCTCGGCAGGGGGCGCCGGCGCCGCCTGCGGGATGCAGCAGGCGTTTCCTTTGGCCGATCAGCACGGAACGGTCGAGTCGATGCTGGTGCTGTTCAAGCCGGTGCCGAGGTCTCCTTGTCGGACAACGCCATACGATTCTTTCGCTCCAGCCGAAGACGATCGTCTGGGAAATTTGCTGGGCCGAAGTCCGGCTATGCGTCAGCTGTTCGATATGACACGCCTGGTGGCGGAGAGCTCCGCCACGGTACTCATCCATGGCGAGAGCGGAACGGGCAAGGAACTCCTCGCGAGAACGATCCATGCACTCAGCAGCCGACGAGATCGGCCGTTCGTGGTCGTCGATTGTGGGTCATTGCCGGAAACGCTGCTTGAAAGCGAGCTGTTCGGGCATGTGAAAGGAGCCTTCACCGGCGCCGTGGTGAATAAACGGGGCTTGTTCGAGGAGGCAGAGGGCGGAACGATCTTCCTCGATGAAATTGCCGATACAAGGCCGGTCTTTCAGGCGAAGCTGCTCCGTGTGCTGCAGGAGGGCGAGATCAAACCGGTCGGTGGGACGAGATCGATCAAAATCCATGCGCGAGTCATCTCGGCATCGAACAAGGATTTGGCGGAATTGGTGAAGGCCAAGACGTTTCGAGAAGATCTATACTATCGACTGGCGGTGTTGCCGCTATATATACCGGCTTTGAGGGAACGGCGCGAGGACATCCCCTTGCTGGTGCAGTCCTTCGTCACCGCTTCTTGTGCGCGACATCACCAAGCGGTTCGATCTGTCGATGAAAAAACGATGCGGGCATTATGCGCGGCCGCATGGCACGGCAATGTCCGAGAATTGCTGCACTATATCGAGCGCGCCGTCGTGACGACAGCCGGTCCGTGGCTCGTATGCGAGGATCTTGTGTCAAGCGGAGCCGTTGCTGATCACGAGAGCTTGCGGTCAGCGTCGAGAGGGGTTGTGGCCAAGACGGAGCGTACCCGGATTGTCGATGCCCTCAAGAAGACCGCGGGGAACCGATTGAAAGCAGCCAAGTTGCTCAAGATCAGCCGAGCGAGCCTCTACAACAAGCTGCGTGCCTATTCCATCGAGTAGCGTTCGTCTGCCCTTTTCCACCTCTTTCCTCGTCGCAACTGTCCAAGTATCTGGATTGTCTAACCTATTGAAGTCCTGGACAACGGTTCAGCCGCATGCCGGAACTGTCTATTCGCGTAGATTTTTTGATCGGTCTGAAAAGTAATGAGATGGCTGAAACGTTGACGATCACCACTGCTACGCTGCTGACGCGCAATTCTTGATTCCTGCGCACAAAGCTTGCTCAACCCATTCAACAGACGCTGAGCTGGCTGACTGTGAAAACGATGTGTCGTGTGAACACTCTCGCAAAGGGCCTGTGGTCGGCAAGGGTTGGTCATCATTTGTTTGTCTGACAGAAGGAGGGAGAGAGCATGGCTTCTGAACGTTCCAGGAAAATCGATGCGTTTTGGTATAACACGATGCCCCTCAAGGCAGGCTGGCTTGGGATGCTGGCGATCGGTGTTTTCTGGGTTATGTACCAACGTATCTTCGGATATTCGCACGGGTTAGACTCCATGACCCCCGAGTTTGACTCGGTGTGGATGGGACTGTGGCGCTTTAACATCATCGCCAACGCCATCTTCTTCGCTGTATCCGTCGGATGGATTTGGACGACCCGTGATCGTAACTTGGCCAACTTGGATCCCAAGCTCGAGCTCAGGAGATACTTTTATTGGCTGAGCTGGCTGGTCTGCTACATCTGGGGCGTGTACTACGCGGGGAGCTACACGCTGGAACAGGACGCGGCCTGGCACCAGGTAATCATCCGAGACACGAGCTTCACCGCGAGCCATATCGTAGCGTTCTACGGAAGCTTCCCGTTGTACATTACGTGCGGCGTGTCCAGTTATCTCTACGCGCAGACCCGATTACCGCTCTATGCGCAGGCAACATCCTTCCCGTTGGTCGCGGCGGTGGTTGGACCGATGATGATTCTGCCGAACGTGGGGTTGAACGAGTGGGGCCATGCGTTCTGGTTCGTAGACGAACTGTTTTCAGCACCCTTGCACTGGGGCTTCGTGACGTTGGGCTGGTGCGGATTGTTCGGCGCGGCCGGTGGGGTGGCGGCGCAGATCGTCTCGCGCATGTCAAACTTGGCGGACGTGATCTGGAATGGTGCATCCAAAGATATCCTCGATCCGTTTTCCAAACAGGTGGGCACCAAGACTACGTACTAAGCAGAGGCCAGGAAGTCGGGAAAGGCCAGTATCAGGCTGGCGCCTCCATTGGTCTGACGAGGCCCGGTACTCCATGATCGGGGTACCGGGCCAAATCATGTTCCATGGTGGTCGTCGTACCAGTCGGTGGATCGTCCTTCACCTCATTCTTTCCTCACATGTGCGAACGATGAGGGTATCCTCATCGTTCTGATGTTGTTTCGCATCGATGAATGCGGAGCTTGAATCCCGCATATCGACATGCGCATCCCCTCGGCTTGAGGTATCTGCTTGTACAGCGCCGAATAGTCCAGACGCCTCTTGGGTGTTCCATTTCTCCCTTTATCTCGCAGGTGGACGTCTATCGGTATGGACAGCATAAGTGAATGATATCTGAACAATTGAGCGAGGACCCGTTTGCGATTGTCCAAACTGATGGATTGCGTCCCAACCGCAACAGCCGCCGATACTCGATGTGAAAGTCCCTTTGTCGCTTCTGGCACGCGAACGATCAGGTTGCGTGACTAGGGACGATCATGGCACGAACGTTGCGGAAGTCTGGGAAGCATACGGAGAGGCCAGGCTCTGTGGGTGCTGGATAATGAGGCGCCCTGTCACTATCCAGCCCATGTTTCCAAGGTGAGCGGTTGCCCCGACCGCCACGTGTCAGCGGTGAGGGGGTCACATGTGAGAGTGGCCCCCTCATTTTCCATTCGCATGCAGCGTGTGTGTGATCGGTCTGCGGGGTCCGGACCGGTCCCGACATAGAGGAGGTCCCATGCCGTGCAAGACGATCGATGTGGAGGATCACCTGAATCGCACGGTGGCGGGAGTGGATCTTGAGCAGTCAGGCCATACCTACTGGGAACAGAACGAATGCCTCATTCTTAATCGGTTCATCCCGAAAACAATCGTCAACCCCTGTCTCACCGAGGTCGAACTGCTCCGGAAAAACATCTTTCGCAATTATGTTCCTGGCCACAAGCAGGGGGGCAGCGTCAGTTATTATGCGATTTGGAACGAGTTCCATGAGTCATCCGCCATTGTCTCGCTCTATCGCTCCCCGGCGTTGCGGCGGTTTCTGAGCACAATCGTGAAGGAGGAGTTGCTGCTCTGTCCGGAACACGATCCCCATTCCTGCGCGCTTTATTACTACACGAAGCCGGGTGACCACATCGGATTTCATTACGATACCTCATACTACAAGGGCAAGCGGTACACAGTTCTGATGGGCTTGATCGAGCGATCCGAACAATGCCATCTCGTGGCCAACCTGCCTACGCCCGGAATGCAGGAGGAAGTACACGAGCAGCCCATCCCGCTCGATCCGGGGTCGCTCGTGATCTTCAATGGAGACAAGCTGTGGCATGCCGTCACGCCGCTCGGGTCCAGGGAAGAACGAATCGTGCTTACGCTGCAATATGTGACTGACCCGGAAATGGGCCCTTTTCAGCGCGCCTTTTCGAATCTGAAGGATGCCTTCGCTTACTTCGGGCCGGCCGCCATCATACATCGGTCCGATCGATCGGCACCGTATTGAGTCCATTCACCAAGCTGATGCCTTGGGCCGGCGAGCGCCGATCAGCGTAGCCGTTAGGAGGCATCATGCAGTATCGGAGGGGTACATGGAACGTTGGAACGTGGGCTGTCGCAGTTGCGATTGTCGCGGGACTGGCCACGTTTAGTGCCTTGCCGGCTTCGGCCGAAGATACGACATCGACCGGGAACCGCGTGTTCTTTCGCGGGGGCGCCGCCGGACTTACAAGTGATCGTGCCGGCGAGCTGATCACCGACGGCCATGGCGTTGCCGGCAGGAACGATGGGTCGTTCGGCTATTCCATCGGCGGCGGAACGGATCTTATGGTCACCAGAGATCTGTGGGGCATGATGAGCGGCGTCGCGGTTGTGGGCGAGATCGGATTGGAATTCAAGCGATGGAGTTCCAACAATGTCGCGAATGGGGATACCACCGGCGTGACGGGGGTGAGTAACGGCGGTCTGAGCAAGGTACAACTGACCATGCTGACCGTGAGCGTGGCGCCCAAGGT
CP060499.1_gap12	186551	188917	2366	ATGAGTAATACCGGTTCCAAGTCAGACACCAGCCATCCATCGGCAAACGAAGGGGATTGAATAAAGCCGAAATAATGGATTACTGTTAAGGCGAGATGTTTATCTGAAAGTCGGCAAACAATACTTAATCTACCAAGACTTCGGCGTTCAGAACAACGGACAAAACTATCGAGTGAGACAGAATATTTGTCCAGTGTTCTCCCGATGTCGGTCGAGGCACAATAGGCGAGACAAGAATGCATAATACGCTCAGTAAGGGCCAAGCGATGGCTGATCGTACGGCAACGGTGAGCCGCCTGGAAGAGGTGGTATCGACGTCGGATGAGTTCGATCAGGTCGTTTCACAAGCGTTACCGAGTTTGTTGGATCGAGCGACGAGTTATACGAAGCGGTTCCTACGGGAAACCGGCCAGTGGAATGACGACATCGAGCACGAAAAATTCGCGTTGCGTTGGGGTTCGGAATACCTTGAACGTTTTCTTGTCTGTGGACGCAGCGAAGTTCCATGCCGGCCGTTGTTCCTGTTCGACTCATTGGTGGCCAAGCAGCACAGCAAACCGGAACCGTTTTGTTATCACCCGGATTTACTGAGGCCGCTCGGCCGGTTTCTCGACGGGCTTGTCGCGCGGGCGGTCATCAGCCGTGACGCCCTTATCGCGTTGTATCGCCACTGTTACGGGTGGGGTGCAGGGGAAGTGATTGCGGTCACCGGACTGAATGGGTTGGAAAGCCAACGTATCTATAAGAACTTCCGGCGCTGGCGTGAGAGCGGCTGGCAGCGTACGATGAATGAGGTGGGTCTGACCAAGACAGAGTTAACTGAGTTGAGTACCCAGCAGCAGCGCCATCGTCAACGATTCAACAGTGAGGCTGAACGGCTCATCCGGGTTGCCCAGGCACATTACCGAAAAAGTGAGCCGGATCATTACCCCTGCCTCTCACGGTCTCAATGGGGAGAGATGTTCACTCAAGGGTATGGGTGTGATTACCGGATTTGGCATCTCGCGCTTTGTCTGGATTGCATGCAAGCGGCCTGGGGACTTGGGGTCAATGGATCGTTGAGCGGAGAAAAGCCACGTCTGGAATTGCAAGTTCGGCCGTAAGGAGGCTCTATGAGTCACGAAGAGGATGTAGAAGTCTATCGATCACAACTCCTTGAGTCGCTGAACAGTCGCCCCAGCCGCTCTACCCGCGACACATCGGATCCAATCCAAGTATATGTCAACGAGCGGCGTGTCGGGGTGCTTGAGGGTGCGAACATCGGTGCGACGCTGCACGTGCAGAGTCTTGAACGTATCGAGACAGTCCAGCTTCGGACCGAGGAAGGATCGCTCCTAGGCGGACTTGCCGCCCCTGAATATGGGTTCAGAACGGATCGTGTTCGGCTGTCTTCCGATGTCGTCGAACTGTGTGTTCATAATACGGCCCAAGGGGGATCACTCAGCGCAGTGTTTGTTCCCGCGCCAAGTTTCTGGAGTCAGGCCTGGAAGGGCTTCGCTGCTGTTGTCGATACGTTGGCGGTCCGTCGTTCGAATGCCACCGTCGCGCCGGGTATGCGCAATCTCGCCTTCGCACAAGTGGTACTCGTGATCCTCATCGGCGGATTAGTCACAGACCGAATGACAGGGTGGATGACTCCAGAGCAAGTCTCAATGCCGGTCGCCCAAGAAGAGGTCTCGCCACCTGCGTCACTTGCTCAAGTGGCAAAACTCGAACAGCAATTGGATGAGCTTGCGCGAATGCAAGCAAAAGTCGGAGAAGCCCTTGGCTCTCACCAGAAAGGCATGGCGCAACTGCAGCAAGCCATGGTCAAACTCTCGTCGACGCAGGACTCCGTCGAGTCCAGCGTGCTGACCGTCAGACAGGAATTGGAAAGGCAGCAGGCAACAAGCCGGGAAGTCGAGCGCGTGGTGCACCAGCCCTCGAACAAGGCACAAATGAGACATGGACAGATCGAAGCAGCCATTCGAACCCTCACCGTCGACAATGACCGGCTATCCAAGGAAGTCGCCGGGCTGGAACAGTACAATCAAGACCTGAAAAACAAGTTGCTTGCGGCTGGCCTCGGTGCTTCGAAAGGCTCCGATGTGAATCCGGACAAGCTATTGGCTCGGCAAGCTGAGGTGATGCAACCGGCCCAACAGGCGGTACAGAATGGTCAATCGCAACCGTTTCTCTTCTGGGTCACCTTCAGTGAGGGAACCAGTCAGGAAAGCATTGACCAATGGTTGAATGAAATGAAGGGCCATAAAGGAGCAGTGAACGAAGGTTGGCAGGAAGTACGGATCGTTCCACCGGCAGTCCCGCCCGATCGATTCTTGGAGCAGATCAGAGGGGAAAAAATCGTAAAGGCTGCGCGGATCACC
CP060499.1_gap13	195088	197002	1914	CGATCTTCATATGTTGATCTCGAAGACGCCACAGGGGCTCTATCCCTATGCCGGAGTGCCTTGGTTCAGCGTCCCGTTCGGCCGGGACGGTATTATCACGGCGTTGCAGATGCTCTGGGTGAATCCGGCTGTCGCGCGAGGGGTGCTGGGGTTTCTGGCGGAGACCCAGGCCACGGAGGTTCGGCCGGAACAGGATGCCGAGGTCGGAAAAATATTGCATGAGACGCGTCGAGGAGAGATGGCGGCGCTGGGAGAAATTCCCTTCGGCCGATACTACGGCAGCGTCGATGCCACGCCGTTGTTCATTGTTCTGGCGGGTGCGTACTACGAGCGAAGCGGCGATCGCGGGTTCCTCACGAAGCTCTGGCCGCATATTCAGCGGGCGCTCCAGTGGATCGATCGCCACGGCGACTCGACCGGTATGGGCTTTACCACCTATGCGCGGCGGTCCGCCGATGGACTGGTGCACCAAGGATGGAAAGACTCCCATGACGCCATCTTTCACGCGGACGGAACGCCTGCGGACGGGCCGATCGCGTTGTGCGAGGTCCAGGCCTATGTGTATCAAGCGAAGCGAACGGCGGCGGACTTGGCCTGGCTTCTGGGCGATATCGATCAAGCCGATCGTCTGCTGAAGGAGGCCGAATCACTTCGAGAACGGTTCGAGCGAGCGTTCTGGTGTGAGGAGATCAATTCCTACGCGCTTGCCTTGGACGGAAAAGGACGTCCCTGTCGTGTGCGCTCCTCGAACGCGGGTCATTGTCTGTATGGCGGCATCGCCGGGCAGGAACGAGGGCTGCGGACCGCGCGCACACTATTGAGCGAGGACTTTTTCAGTGGATGGGGCATCCGGACGATTGCGACTTCGGAGGCTCGGTATAACCCCATGTCCTACCATAACGGATCGGTATGGCCTCACGACAACGCCATCGTTGCAGCCGGTATGGCGAACTACGGCTATAAGCAAGGGGCCATGCAAGTCTTGGCAGGGCTCTTCGACAGCAGTCTGTTTCTTGAGCTCTATCGGCTGCCGGAATTGTTTTGCGGATTCTCCCGGCGCCCCGGAGAAAGTCCGACACTCTATCCGACGGCCTGCGCCCCACAGGCCTGGGCGGCCGGTTCCGGCTTCCTGCTGCTTCAAGCCTGTCTGGGTTTACGGATCGATGCCCCTCGCCGCCTCGTGAGTTTCGTCCGTCCCGCGCTCCCGCCGTTCCTCGAGCGAGTCGAGATTCGAAACCTCTCGGTCGGAGCCGCGCGTCTTGACCTCGTGCTCGATCGTCATGAAAACGAAGTGGCCTTGAGGGTAGCCCGCCGAGTCGGCGAGGTAGAGGTCGTCCTCACCATGTAGACGAGACGTTGTCCTGTACGCGACTTGCCTCAGAACGAACCTCAGCCCCCGAATAAAAGCGCCGCTTCACCAACTCAGCGGTCAGAATATAGCTGACGAGGATCGCTGCCAAGAGTAGAAGAAAGGACAGCGGCATCGGCGTCAGTCCGAGTGGTGCGGCGACCGGCGCATAGGGAAGGAGCAGCGTTGTGCCGACGACCGCGAGAGTGGCCAGCACGAGATACTTCCCCGGCCTGCTGGCGAGGAAGGGTCGTCTCGTGCGAATCACCAGCACGATGGCCGATGCCGAGATGACCGACTCCACGAACCATCCGGTCCTGAATTGGTCCTGGGACGCGTGTAGAACGAACAGCAGCGCCCCGAATGTCAGATAGTCGAAAACTGAGCTGACGAACCCGAACGTCAGCATGAATTTGCGAATGAAGCCGATGTCCCAGCGTTTCGGCTGATCGATCAGTTCATGGTCGACGCTGTCGGTGGCGATCGTCATCTCGGGAATGTCAGTCAGCAAATTGGTCAAGAGAATCTGTTTCGGCAGCAGGGGGAGAAACGGCAGGAACAGTGAG
CP060499.1_gap14	242436	247135	4699	TGATTCTCGCCTATAAAATGGAGGTGGTCTCCGGCAAGGAACAGATTCTTGAAACCTACTTGAACCAGATCTACTTCGGACAGGGAGCCTATGGGGTAGCCTCGGCTGCTCAATCCTATTTCGGGAAAGACATCAGAACACTGACCCTGGCGGAATCCGCATTCTTGGCCGGACTGCCGAAGTCTCCCAGCCGGTTTTCCCCTTTCACCGCTTATGAGCTCGCGAAAAAGCGGCAAGAGCATGTTCTCAGCCGCATGGAAGAGGTCGGGTTTATTACTGCAGCCGAGCGGGAAACGGCCGCGCAAGAGAAATTGAATTTCCACCGGCCAGGGAGCGAGCACCTTGCACCGTACTTCGTCGAGTATGTTCGCCAATTGCTCGTCGCAAAGTACGGTGAGTCGATGGTGTACAAGGGCGGCCTCCAAATCTACACGACCTTGAATTTGGAGATGCAAAAGGCGGCGGAAACAGCGTTCTTGTCAGGGATTCGCGAACTCGACAAACGTGAGGGGTGGCGAGGATCTCGACGAACCGTAGACTTGGCGACTTTTCAGCCTTCCCAGCAGGCGTCGTCGGATCAACCGCTGAAGTCCGGGAGTTTGGGCGAGGGAGTCGTCTTGAGGGTGGCCAAGGATCACTATGTGGTTCAGGTCGGGGCATTTACCGCAAAGCTGGCGTTCGACGACATGGCCTGGGCGAAGCGGATTCTTAAGGGACCGGATCCCACGGTCGACTTCGTCGTCAATCCGAATCTGAAGCAACTCCTGAAGCCGGGAGATGTCATCGAGATCGCGATCAAAAAGATCACGAAGGAGGGCATCCTCCTCACTCTGGAGCAGACACCCGTGGTCGAAGGCGGGTTGATTGCGATCGATCCGAAAGTAGGCGCAATACGGGCGATGGTCGGAGGCTATGATTTCTCCCGTAGCGAGTACAATCGTGCAGTCCAGGCGCATCGGCAACCCGGATCGGCGTTTAAGCCGCTCATTTATGCCACGGCAATGAGCCAGGGGTTGAGTCCGGCGACCCAGATTCTTGACGCCCCGGTCGTGTATGAGCAGGAAGAGGACGACAAAATTTGGAAACCTGAAAACTACGGACGAAAGTTTCACGGCATGGTGAGTCTTCGGGATGCGTTGGCGCACTCGCACAATCTTGCGACGGTCCGGTTATTGGACAAGGTCGGGGTGAAGAACGTGATCGAATTTTCGCGATCAGTCGGAGTGACGAGTCCGCTCCCTGCCGATCTGTCCTTGGGTCTTGGTTCATCATCGGTCGGCTTGATGGAGCTGACCTCGGTCTATGGCGTATTTTTGAACCAGGGGAGTCGAGTCGACCCGTTTGCCGTCAAATTAGTAAAAGATAACACCGGTAACACGCTCGAAGTGGTTGAACCCGAGCCCCATGAGGTCATCGCCAAAGAGACCGCCTACCTGATCACAAACATGATGGAAGATGTCGTGCAGAAGGGAACCGGGCAGGCTGCAAAAAGTCTGGATCGTCCAATCGCCGGGAAAACCGGCACGACGAACGACTACATCAATGCCTGGTTCATCGGCGGCACGCCGAACCTGGTCACCGGAGTGTACGTCGGGTTCGACGACCGCCGTTCGCTCGGGGAAAGCGAAACGGGGGCTCGTTTGGCCTTGCCGATCTGGATCGCCTTCATGAAAGAGGCCCTCAAACAGCTTCCCGTGGTGCCGTTCGAAATCCCAGACGGTGTGACCTTTGTAAAGGTCGATTCCTCGACGGGACTTCTGGAGTCGGAACAGGAAGGAGAAGGTCAAAAAGGAACAGTGGAACTCTTTGCGAAAGGCAGTGAGCCCACCCAAGCGGCTCAACGTCGATTGGATCCCACGGACTTTTATAAACTTGATCAGATTCCAGAGGGACAACCGGCAGGAGAGGGCGGTTTCTAGCCTCTCAGGCTACGACTTCGAATCCTGATATTCCTCATGCCAGGCCATTTGAATCGCTTCTAAGATTTTCTCGTTCGATTTCTTCGGGTCGTCCTTAAACTCCGGCAGGGCAACGATCCAGGCGTGCATGTCCGTGAAACGCACGGTCAGCGGGTCCGTCTCGGGGTGTTCTTCCACCAGCCGTATGGCGATATCTTGTCTGTCTTGCCACTTGAGATCCATGGTCTCCTCGTCTTTCGTCGTCCGTGAGGCGGGTGGTGATGGCGGAAGGTCTTTCTACGACACCTCGAACACTTTCTTCCCTTGCAGACTTTTCTTGAGAGAATCGTCCAGCATCACGACGTTCAAGCGCTTCGCGGCCTGTTCGAGCGCTGCCATGTGTGCACGGATGGCGCGAGGGTCGGGGCCGTCCTTCGCATTAGTCAACTGAGAGAGTGCCGCACGTATGCCCTCGGCTTCTTCCGGCGCGATCAGATGGCCGGCGTCGACGAGCGATTTCTCAGTCGTTTTCATCAACGCTTCGGCGTCCAGTCGAGCTTCGATCAGCTTCCGGGCGTTGATATCCTCCGTGGCAAACTTGAACGAGTCTTCGATCATCCGCTCAACTTCCGTGTCCGAGAGTCCGTACGACGGCTTGACGTCGATCGACTGACTTTGGCCTGTTCGCATGTCCTTTGCCGTCACGTTCAAGATTCCGTTGGCATCGATCAAAAAGGTCACTTCGATGCGCGGCACTCCTGCCGGGAGGGGCGGCACTTTGAGCCGAAATCGCGCGAGGCTCCGATTGTCTTTGACGAGTTCGCGCTCACCCTGCAGAATATGGATATCCACTCCGGTCTGACCGTCGACATAAGTCGTGAACATTTCTTTGGCGCTCGCCGGAATGGTCGTGTTCCTGCGGATCAAGCTGCTCATGACCCCGCCCATCGTTTCGATGCCGAGAGACAAGGGCGTTACGTCCAACAGCAACATGTCTGTCGTCCCGCCGCTCAGAATATCGGCTTGAACGGCCGCCCCAAGTGCGACGACTTCGTCCGGATTCAAGTGGCAATGCGGCGTCTTTCCGAACAGCGCTTCCACACGTTGCCGAACCAGCGGCATACGCGTTGAGCCCCCCACCAGTACAACCTCGTCGATATCTTTTGGAGCGAGCCCGGCGTCTTTTAACGCCATGCGACAGGGAGCCAATGTGCGTTCGATGACACGCATCGCTAGGGATTCGAGCTGATCACGCGTCAGCTCCCTGGTGAAACGTCCCTTGTCTTCCGGTAGCTCAATCGTGACGTCGGTCTTCAACTCATCGGACAAGCGGACCTTGGCCCGCTCCGCCTCCAACCGAATCGCCTGCATGTGATCGGGGTGGTTGCCGACGTCGATTCCGTGCCGGTCTCGGATCTCTATGACGAAAAGATCGACCAGCAGACGATCGAGATCGTCTCCGCCGAGGTGTGTGTCACCATTGGTCGCCAGAACCTCAAAAATACCGTCTTTTAACTTCAATATGGATATGTCGAACGTGCCGCCGCCGAAATCATAGACCGCGATCGTGCCCTGCGTTTTTTTCTGAAGTCCATAGGCGAGCGAAGCGGCAGTCGGCTCATTGATGATGCGCAACACCTCCAGCCCGGCAATGAGGCCGGCGTCTTTCGTCGCCTGTCGCTGGCTGTCGTTGAAGTAGGCAGGAACGGTGATGACGGCTTTCGTGATGCTTTCGTTGAGATGGGCCTCCGCGCGCAGCTTCAATTCCTTGAGGATCATGGCGGAGATCTGCGGCGGGGAATAGCTCTTCTGGCCGAGACGGATCCGAATGACCCCGCCCGTCTCGGTCAAATTGTAGGGGAAATACGCCAACTCGTTCTGAACATCAACCAAGCCCCTACCCATGAATCGCTTCACGGAGTACACCGTCCGCTCCGGGTTGCGCGTCAGATGTTCTTTCGCAGGATTCCCAACGATCAAGCCGTTGTCCGTCAAGGCGACAACTGAAGGCACCATCGTCCGACCGTGACGGTCGGGAACGACGCAGGGCTGGCCATCCTTCATGTAGGCGACCAATGAATTCGTAGTACCGAGGTCAATGCCGACTATGCGTGCCATATCAAAGACGCTGAAAAAGAGTTTCCTATTCGATGGTTGCTGCCAGATCGTTGACGATGTTGTCGATGTAGGTCCGGTGCGAGAGGAGATCACGCATCTGCTTCAAGATTCGGTCCCGTTCGACCCTCGCCTGGCTTGTGGCTTCTCCACGGTCCTGCAGGGCATCCCAGTCCGTAAACAGCTGCCGAAGTTGAGACTCCATTTCTCCCTTGCGCTGCTCCAATGCCTGTTGTTCAGTTTGGAGCGTGGTGCGGAGACGATGGCTATTATCGGAGTCGCGATCCGATGCCCGGTATTCCTCCAGGGTGTCCTGCAATTCCAGAATTTCCTCGAAGAGATCGGCAGGAGGAGAGGTTCGTATGTCTTTGACCGAGCCGGCTTCAAGACCTAAAAGATATTCAGCGCGTTGGATAGGGTCACGGAGTGTGCGATAGGCCGTATTGAGAACGGCGGCGTTGCTAAGGCTGATCGTCTGTTCCGTCGGACTCTTAGTCTGATAAAAATCAGGATGAAAGGCCCGGCTCAGTTCGTAGAATTTGGCTTCCAACTGCTGTGGATCCAGCGAGAGACGCCGTGGAACCCCCAAACAGCTAAAGTAATCGGTATCCTTCGAAACGGGTTGGACCTTTACGCACCGTTCACAAAAGTATTCTCCCGACATCTCGGATTGGCAATGCCAGCAC
CP060499.1_gap15	296866	297955	1089	GTCCGCCATGTCTCAGCCAAGCCCTTTTTTCTCACGAATCTGCCCTCCTGGCGGCTGCAACGTATGCCAAGTATAGCAGAAGGTTTCTCGGCCCCATGATAGGTTGAAAGCCTTGTCATTCAATGGTTTTACGGCATACACTAAGTGCAAATTTTGACTGCCTCCGAAAGAGAAAAAATGACTGTCACAGCGCTCTGCCATAGAGAATTCCTTCGTCGGCTCGGGGCAATTCCGGTGCATGGGCTAGGGCTTTCCGTCGATATCCATTCCCCCGACCTCACTAGCTTGCGGCGAAGACTGCAAGAACGTCAAGTGTCACCTGTTTATCTTGAAGTATTCCGCACCACCACGAAGGCCTTGATCTCTGCCAAGAAGGAGATCGGCAACGGCTTGCTGGCCTACCATGGCGAAGGGTTGTGGGTCACCCAGCCTGGGGTGACGAAGTCTCAGGCCTTTAGACAAGCCGTCAGCGAAGCGGTTGACCACCTTCAAGTATTGCAGAGTGCGTGGCTCAATCACGAATGTGCAACCAAATTCCTTGCCGGCTATTACTACGGCACCTATGTTCCCCCTCTCTATACTCAAACAAGCGCCGAAGTGGTCGCTGATAATACACGACTGACACAAAGTCTTCTCGATCAACAATGCTGTCTGACGAATGGCGGCACACCATTGATGTTGCTGGAAATGCCGCCCCTCACATACTTTGTCGCCGGGACCCTATCTATCCCGGAGTTTTTTCGGGTCGTCACCGATCAATCACCATGTGGCCTGGTCTTGGATGTCGGCCATCTCTGGACGGTGTTTCGCTATTCCGGAGCGTATCGAGCCGTGTCGCTTACAAAATTTGTCGACACCTTTCTCAGCGAGTTCCCCTTGCACCGTGTTGTGGAGATTCACGTCGCGGGTTTGGCCGTTCACGAATCAAGCGGAGCTCTCGCCTCACGACCGTCAGGGTTGACAAGCGAGGGGACCCTGCCTGCATGGATCGATGCGCATGCGGCGCCCATTCCATGTGTCTTATTCGAGATGCTCGATCAGATTCTGGCGCATCCACGGCTCACCAGCCTGAAGGGGCTTGCCTTGGAG
CP060499.1_gap16	387345	390660	3315	TGACTGAGAGCGACTTCTATCTTGCAGCCAAGGCCGACCGGGAATTCGAACCGTTCAGGACAGGAACCTAGCTCACACGATGTTCACGAAGGCCGTCGTTCTCATCCGCCCACCCCGGCGCGCCGAGACGCGACTTTCACCTGGCAAGGCCGCAGCGGGCGAAGAGGTGAGGCGTACGCTTTCTGGTACGGTGAGCTTCTGAGCGATGCGAGAACTATGCTGGGAGGCGTACTCAACGTCCTGTTACGAGGCAGCAGATGAGCGACCAGACTCATATCGCGCTCGTCAATATGCCGTTCAGCTACGCCAAGTATCCCTCGATTCAACTCGGTACGCTTTCTACGCTTCTGAAGTCCAACGGGATTCCCGTCGATTGCCATCATTTGAACGTGCGCTTCGCCCACCTGATCGGGGTGAATTTGCACGAGGCGATTTGTGAAAAACGGGCGCTCTTCGGTGAATGGCTGTTTTCCTACCTCCTGTTCCGATCCAACCCAAAACGTGCCGAGTATCCGCGGGTGTTCAAGCCGGTATTTGAGCAGTTGGCTCAAGAGAGTGGGAAGCCGATCGGATATTTTGAGGAAATGGCGACGCGCATCGCCCCGCAGTTTCTGACCTGGGCGCTTCGCTCCATCAATTGGGGGCAGTACAAGGTGGTCGGATTTACCTCGACGTTCGACCAGAACGTGGCGAGTCTGACAATGGCCAAGTTGATCAAGGATCTCTATCCGCAGGTCACGATCGTCTTTGGGGGGGCGAACTTCGACGGCGAGATGGGCCATGAGTACTTCAGGGCGTTTCCCTTTATCGATCATGTCGTAGTCGGTGAGGGTGAAGAAAGCTTCCTTCCGTTGGTACGACAGATTCTGGCCGGCAAGACAGAAGGCTATCCGAACGGCGTGGCCTATCGGCAAGGGGAGCAGATTGAGTTCACGGAGAATACGGAGCTCTTCTCCGATTTTTCGAAGACCGGACCACCCGACTATGACGACTATTATCACCTGCTCGCGGAACTCGGCCAAACCGCGCAAGGACTGGATCGCATTCTTCTGTATGAAGGCTCTCGCGGCTGTTGGTGGGGGGAGAAACATCACTGCACATTCTGTGGGCTCAATGCGCAGAGCATGAAGTTTCGGGCGAAAGCGCCACAGCAGGTCATGCGGGAAATCGCTTATCTCTCACATCGGTACGATGCGGTACGGTTTCGTATGGTCGATAACATCATCGACATGTCGTATATCGAAGAGCTGTTCGGAAGACTCGCGGCGGACCATTGCGACCTGGATGTATTTATCGAAACCAAGAGTAATTTGCAGAAGCGCCAGATCAAGACCTTGGCGGCAGGTGGGGTGAAATGTATGCAGCCCGGATTGGAAAGTCTGAGTCTTGCTCAGCTGCATGCCATGGACAAGGGCGCCACGCCGATGCAGAACATCATCTGCCTCAAATGGAGTCTCTATTATCACGTGACGGTGCTCTGGAATATCCTGCTTGGTTTTCCAGGGGAGACCAACGAGGATTATCAACGCCAGCTCAGCTTGATCCCTTCGCTGGTCCACCTCCAGCCGCCGGAGGCGACGGGAAAGTTCTGGTTACAGCGTTTCAGCCCCTATTTCACCAGACCACACGAGTACGGAGTGCGCATTACCGGGCCGGGAATGGCGTACGAGTATGTCTATGACGCAGAGAGGATCGACCTGAGGAAGATCGCCTATGATTTCGAGTACGAACTCGACAACTGGCCAGTGGATCCTCACGCGTATCAAGAGCTCGTTGCAGCGATTGAAGGCTGGCAGCGAATGCATCGGTCGAGAGAGCGCCCGTTCCTGTACTATTCAAAAGCGCCAAACTATGTGACGGTCTATGACGGCAGGGATCCAAAGGAGCCGGTTCGCCGGAGATATGAAGGTTTGGCGGGGTCGGTGATCGAGATCTGCAACGAATCGGCGAAGAGCATCGAGCAGATTCGTACAGCAGTTGCGGGACGAACCGAATGCGATGACGCAGCATTGTTGCCAATCCTCAACGACCTCACGGCACAGCGTGTCTTGTATCAAGAACGCGGCAAGTACTTGACACTGGCCATTCCGGAGAATCCCTATCTGTAGAGACAATCGCCTCCACGGGATTTGCCTTCGATTTGAAAAGCCGCTGAATGGGATCGGATTGCTATTGTGCCTGGTACTAGACAGTTTTTAGTCCCCACGCTACACTCCCGCCCATCAAACCGGGTCTTTACGTAAGAGCCGCTCGGATCTGTCTAGAGAGGTGGCCATGACGGTTGCTCCGACCGTTCTGGGTTTATTCCTCACACCACACTGTGTGCCTGCGCTGCTACGTCGACCATTATTCCTAGTTTCACTCTATAGGTGACCAATTGAAGGACTCAAAAATGCGTTGCAGAGGTTGTCGTCTGGAATCAGATATGTAGTTCTTGAACAGGACACGGCCTTCCATGTCGTTTGAGAAAAGAAACTTGAGGGTATTCTTGAGTTCCAGTATGGGCGAATTTCGTGCCCATAGAACCGCTGTAAAACACGAGCTGGATTCCCTGGAGATTCCCAATTTTGTGTTTGAAAGAGAGGGTGCATCCGATCAAGCACCGGAGGAAATCTTTCGGGCGGCGGTGCGGGGAGCCAGTGTGTACATCGGGGTGTTTGGAAAAGCATGTGGAACGTATACGAAGGAAGAATACGAAATGGCTCGGGCACAGCGGGTTGCCTGTCATTTGTATGTTCAACAGATGAGTGATGACGAACGCAGCGAAGAGCTAAAGGAGTTTTTGAAAGGTCTAAGCGGAGTTTCGGACGTACCGACGCTGTACTATTTTCAATCCACAGACGATCTGGTTGCGCAAATCAAGCGCGACCTCTGGGCCTGGAGAGATCGGTTGGTAGGTCATGAGAATTGGGATGAAAACCAAATCGATCTGAAAGACAGCCTGCCGATTTTGTGTGATCGAGACCTTCAGGAAATTCAATTGGAGACGCAGGTTGTCTCCTATTTCCAAGTGCGCTCCACACGACCGTTGTTGCTGATTTTGCCCGGACCAGTTCAAGAAAAACATGGGCTCTATCTAGAAAGGGTCAAGTTGTGTTCCTTGGGTGAATATTTGGCTAAGGCCAGCATTCGGGGCGAGAAAAAAATCATCCGATTCCGGAAGTCTCCCTGCGCGATGACCACTCCTGCTCATCTCCAGATGGAAATCCTGGGGCTGCTGCGTGGGCAGGAGACGGGAGACGACGGAGTGATCGTGGCCCATATCAAACAAGCACGGATAAAGGCGCTCTTGATCGAAATACAGCTGCTGGCTTC
CP060499.1_gap17	394508	398704	4196	GAAGTGTTCCTCAAGCGTGAAAACGGGCGTGTGGAACGCTGGGGGCAGAAAGGCCCGGAGTTGGTTCTCCTGGAATCGGGTGAGGAAGGAGCCCTCGCCGATCGCGTGCACAAGGTCACCATGGGGCAACTTCGCGTGGCTGATCCGACGAAAGAGTTCGAGCTGACCTATGAGAAAGAGGGGCTGCTCCGTGTGACCGTGCATGAGGATGGACGGGAACTCGCACGAGAACCAGCGCCCGCGGCTCAGGTAGCCAGTCTGCATTGGCCGGCCGGTTTCGACGCATTCTTGGTAGTGGTCCACGCAGACGTTCCCGACCTAGTGAAACTCAATGGGCTTGAGAGCTTGCGTCAGCGGGAGATTGCGAGAAAGACGGATGAACAAGCATCTGCTGCAGCGAAGGCCGACGAGGCCGAAGCGAGGGCCAAGGTGAAGGAGGCGAAAATAGCGGAAGCCAAGCGGCAGGCTGAATCCGCTGCGAAGAAGAAAGCCGCCGGAGATGCGCTCCAGGCGGCTGATGAAAAGAAGCGCCCACAGTCCAACGAGACAACATCAGCCGAAAAGTCGGCACCGTCGACGGACATCAAGCAAAGCGGCGTGCGTGAACCGGGCCTCTCCAGGTCAGCGCAACAGCAGTCGGGACCGAATACTCAAGAACACTCTCAGAGCCAACAACTGGTAATGAAGCAACCATTACAGGAGCAGCTGGTTGGGAAACCGCCTTCAAGAATCACCGGTAAAGATGGTGCTCCGATGGTGCTCATTCCGCCAGGGAACTTTCTGATGGGCAGCACGGAAGACGAGGTGGATCGGGCGATCCGATCTTGTGTCAATGAGTTGAAGAAAGATCAGCAAACCTGCGACGGCTTGTACAAGCCCGAACTCCCTCAGCACCAAGTCCGAATCGACGAGTTTTATCTGGACAAGTACGAGGTGACTAACCGACTTTTCCAACAGTTCGTTCAGCAAACCGGCCACCAGACCACAGCGGAGGAGAAAGGCAGCGCGATGTCCTTTAGCGAGAGAAAAGTGTGGGAGGAAGTGAATGGGGCAACGTGGAGGCAGCCGGAGGGTAGCGAGATAGTCTTTGCCTCAGAGCGTGCGGAGCATCCTGTGGTATCTGTGTCTTGGGATGATGCACAGGGCTATTGTCGGTGGGCCGGGAAACAGCTACCTACAGAGGCGCAGTTTGAATATGCGACCCGGGCGGGCACGACGACGGAGTACTGGTGGGGGCAAGGACATCCAGGGGCCAGACGAGTCGAAAACCTTGCAGACGAATCCGCTAGAGATCTCCTAAGAGGCATCATCACCGGCTATGACGATGGTGTGATGCGCACCGCACCCGTCGGATCCTATGAGGCAAATCCCTGGGGGCTGTATGACATCACTGGAAATGTCGCGGAGTGGACGGCGGACTGGTACGACGCCAACTATTACAGCAAAAGCCCGGCTCGCAATCCGACAGGGCCCTCTAACGGCCAGTATCGTGTGCTCCGCGGTGGAGCCTGGTCCACTGTACTGGTCTACCTACGTTCTGCATACCGCCTCTGGAGCACACCTGCGCATCGGAAGAGCAATATCGGGTTCCGTTGTGCCCAGGACATTCCGAAGTAACCTGTACTCTTTGACTCCGTTTCCTTTTCTCCGGCTCTTGTATTTTCTATGGCCTGCGGGGTGCATGTGACCGGGTATTGAATTTTTTTGCATTCCTTTGTTCGCCCTGAGCTTGTCGAAGGGCCCCCGATTCCGTGTCATTCCGTTCGTGGTTCGACAGGCTCACGACGAACGGAGGATCGTGCGAGGTCGGTAACAATTCATTGATCTACTCAAGACAGGACAGCTACCCACTTTCATAGGAGGATATTATGGCTGACGACTATTTCCTCAAAATCGACGGGATTGAAGGCGAGAGCACGGATGCGCGACACAAGGGAGAAATCGCACTGGATGCGTGGTCGTTCGGAGGGACGGCTGGCTCGGTTGCAGGAAAGCCGTCAGGACCAACAAGGCCGGGTATCGCCAGCGGAAGATTCAACGCGCAGGACTTTCAGTTTACGGCGAAAGCCAGCAAGGCCTCACCGAAGCTCTTTGAGGCATGCGCTACAGGGACGCGCTTGAGAGATGTCACGCTATTCGCAAGAAAAGCAGGAGACGAAAAACAGGAGTACTTGAGGATCAGATTGACCGATGTCGGGATCTCTTCCTACCAACAGGGCGGATCAAGTGGGGTTAGCGATGCACCTGCCGAACAGGTATCGTGCAACTTCGCCAGCATTGAAATTGAATACAAAGAGCAAAGGCACGATGGTTCCCTTGGCGGCTCAGTCACCGCGAAGGTCGACGTAAAAAAGATCAAGTCTATTAGAGCAAAGAGTCGCTGACTCCTACGGAGAGGACGAGATCTCCGCTCGAACTGAAAAGCTTCCCTAGTTGGCTGAACGCCTGGGACGGTTAGGAGATCTACATCGACAACTTCTCGACCACGTTTCTCATCTGCATGCCATGAACCAGTGAGGCGCCGCCGCAGGTCGCGCAGGAGTGGAGCAGGAAAGAAGCGAGCGGTGGAACGATCAGGCATGACCGGGAGGCATGGGATCGACATTCGAAAGGGTTTCGGAGAATCGATTGCCTACGATGTCGGTGACCTTCGCCATCAGATCCGTTACCTCTTGCCATTCTTTGGGCAGTAAGTCGTGCTTCAATTGAGGATGGATGGCCCATTGAGCTTCAACCTGCGTCCCTGTCCTGCTGACGAGAACGCGGAGCAGCTCCACATCCCACGCCGAGTCGGTACCTTTATTGCTGGAAGGGGTCATGTTTGGTTGTCCGGAAGGAGGAACCGCGCGTGCCATGAGATGACCTCGGTCGTGCAAGTTCATGTAGCATACCGTATTCAGAGTCAGGTTGTATATCCAGAGATCCACGGGCGAAGGATATCTTGACGTGGATCAAGGTATCCTATCGCGATCCGTCTTGCGCGAGAACCTCAAGCATGGCCGAGTGGATGGGTCCATTGCTGGCCACAAGTTCCTGCCCATAGATGGAAAGGTCTCTTCCGCGGAAATCGGTCAGCCGCCCTCCGGCTTCCCGCACAATCACCGACCCGGCTGCCATATCCCATGGATGAAGCCTGACTTCCCAAAAACCATCGAAACGTCCCGCTGCCACATAGCAGAGATCTAGGGCGGCGGAACCCGTTCTTCTGATTCCCTGCGCCTTGAGGGCAAACTTGGAAAAATGATCGAGGTTGTTTCGCGGCGATTCCCTGATGTCATATGCGAATCCCGTGACCAAGAGGCTGTTGTCGAGCGTGATCGTGTTGGAAACGTGAATGGAGCGGCCGTTTAACCGGGCACCGCCGCTTTCGATGGCTGTGAACAGTTCATTTCGTGAGGGGTCGTAGATGACTCCGAGGGTGCATCGCCCATCGTACTCAAGGCCAATGGACACGCAGTAGGCTGGATAGCCATGAGCGAAGTTGGTCGTCCCGTCCAGTGGATCAATGATCCATAGATAGGGCGACGGAGTTTCTTCGACAGGCCCACGCTCTTCGGCCAAAAACCGATGGGTCGGAAAGCGAGTCCGGATAGAATCGATCACGCACTGCTCCGCGGCATGGTCTGCATCGGTCACCAAGTTGATCGGGTTCTTGTACTCGATATTGAAGCCGGCCCCGGCATACTCGAGAAGAATGGCACCGGCTTTTCGACTGGCGGCAACCGCTGTGTCTAGGAGGAGCTCCGCAGGAACTGATTCGTGAGGAATCGGCACACCCTCATTCTAGCACGACACAAACTGTTCATATGAAAAAATCATGATCCTTTCAGTAGAACAAGGCTTATCCACAGTAATGAGAAAAGTATTACTTGCGTGCAAAAGTATATGTTCAGTACGAGATATATTATTCAAATAATATGTCTTGACACAGATTACAAGCAATGCTATAAAGCAAGCATGCTTTAGTCGGAGTGCTTGTGGAAGAATTAACAGACATTCTGGTTGGGCTGGAACAACGAATCAACGCGTATAAGAGCCGCTTCCAGGACCTGGAGAAAAAGCGTCGTCGACTTGACGACGAAATCGCGACCATTAAGAAATACCTCGAACTTGCTGAAACCCTCTACCGAGTCGAGGCCGACAAGGCCAAGCTGGCCAGCCTCTCAAACCAGATCATTCCTACAGATGACTCCAAA
CP060499.1_gap18	420065	424285	4220	TCGCGTGACATCCGACAACATGATCAATTCGGAATTCACGATGGCCACGATGCGATCCTGCAAATGAGCGGCTGAATAGGCTGCAGGCCAGGTCGACACCACCAACAAGGCCAACGGCAATTTGAATCGGATCAGCCAATCTGATCGGAGCGAGGCGAGTTTCATGATCCTTTCACCCGGTAGTGCGTGTGCCGACAATTCTACATGAAAAAGATAGGTCTGTGGAATCGGGTCAGGCTAGCGTTTCCCGGTGTCCTCGGTGATATAGCGGGAAGCCTCGGCGAAGCGAACAGCGGCGTTGGTCCGGATATCGGCTATGACTTCATCGAACCGTTTGCGGCGCTTATCGGCCAGTAACTCTTGCCGAAGCCGTTCCTGCGTCGCCAGGTCGGCCTGGATAATTGTCTCGTCAAGAGGGCTCAGCATGACCAAATAATAGCCGTTCTCAGCCTTAATGGGCGCACTGACCATCCCCAGTTTGAGCGTATGGATGACGGAATCAACTTCGGAAGGCACCAGCCCCTTTCGGTACGGCCCGAGGTCGCCCCCTTTTGCTTTTGTCTTCTCATCGATCGAGTACCGCTGCGCGAACTTCGCAAAGCTTCCACCGCGATTGACCTGCGCCTCGAGGTCTCTGGCTGCATACACATTGGGCAGCAGCATCAGCGAGACGTTGGCTTTTAAAGGATCCAACAGCTCGCTTGCATGGCTCTCGTAGTAGGAGGCGAGTTCCCCCTGTGTGAGCTCGACCTTGGATTGGAGTTTGTCCTTCAAGAGCTCGTCAAGGATCAACTGTTCTTTATATCGCTGGGTTTTGTCCCGTATGGCATCGTTCTGATCAAGTCCGCGACGGCGGGCTTCCTGCATCAGCAGCTCTCGGGTGATGAGTTCATCCAGGAACCTTCGCTTGCCGCCTTCCTTTTCGTAGCGCGAACGCGTGGCCTGGGAGAGTTCGCCCCAGCGCAGGTCAAATTCGGTTTGAGTGATGGCTCGCCCATTGACCAGAGCGACAACCGGCTCTTCCTGCCGCTCCGCGCAGCCCGACAACACCGGACCCCACCCGGCCAATAGGCTAACAAGAAGGAAACACAGGCGATATGTGCTGCCGAGGATGGGGAACCGGAAAGGCATCATATATTGTGGCACATGCGGGTCTCGGTCATAAGGTAGTCGCATCCTTTTGGAGGGACTTGGTATCACAGAGATCGAGGCTTTGCAAGGTTGCGTTGAGTTCCAGGAAGAGTGACGGCCAGTCGTCATGGGTCATCTGGATTTCAAAGGAGAGAGGGGTCAGGAAGTGCAGCCGCTTTTTGAGCTGGTCCATCAAGCGGTGGACTGCGCGCTCCGGGATTGCGGCTTTCGGTTGGAAGACGATCTTTGCCGACCGGCCATGCACCTCAATGGCAGCCATGCGAAGACGTTTGGCATGAGTCCGAAGTTGCATCACTTCGAGAAGTCGTTCGATCGGTTCCGGAAGAGGGCCGTACCGGTCCTGAATTTCTCCGTGTAACAGGGCCAGCTCGCCGACTTGGCAACACGCTGTCAGTCGTTTATAGAGCGACAGACGCTGATGTGGATCGGCCACATACTGCTCGGGAATAAAGGCGGAAACCGGTAGCTGGAGGGTCGGGTCCGGCTCTTCCTCGACAGCCTGGCCCTTCAACCGCTGGACTGCTTGTTCCACCATTTGCATGTAGAGATCCAAGCCGATGGCGGCGATATGGCCGGATTGCTGTTTCCCCAGGAGATTGCCGGCTCCTCGAATCTCAAGGTCTGCCGCGGCGATTCGGAATCCCGATCCGAGTTCCGTGAACTGCTGAATCGCGATCAATCGTTTCTGAGCATCGCCCGTGAGCGTTCCTTCGTCGGGGATGAGGAAGTACGCATAGGCCTGCTCTCCGCCGCGCCCGACTCGTCCACGCAACTGGTATAGCTGTGCGAGGCCGAAGAGGTCGGCCCGATTGACGATGATGGTGTTCGCGTTCGGGACGTCGAGACCGGACTGGATGATGGCCGAGGCAATCAGGACGTCGGCTTCGCGCTTGACGAATCTCAGCATGACGGCCTCCAACGGCCTGCCGTCCATCTGGCCGTGCGCCATGACCATCCTGGCTTCGGGAACCAACTGGTGCAGCCACGCTCCGATCCGCTCCATGGTTTCGACCCGATTGTGGACGAAATAGACTTGTCCCCCCCGTCCGAGCTCACGCAGGATCGCGTCTCGCACCGCCTTGTCGCTGGATCGGATCACCTCCGTCTTGATCGCCAACCGCCCGGCGGGCGGGGTATCGATGATAGAGAGATCCCGAACACTCGACATGGCCATTTGAAGGGTGCGCGGAATGGGTGTGGCGGTCAACGTCAGCACATCCACCTGAGTGCGCAGTTGCTTCAGTCTCTCCTTATGCTTGACGCCGAACCACTGCTCCTCGTCAATGATGACCAAGCCGAGTTGCCGGAACGCCACGTCCTTCTGAAGAAGACGGTGCGTGCCGATCACGACATCGATGGTCCCGGCCGAGACTTCTTTGAGAATAGCTTTGGTTTCCTTGGGCGACTGAAACCGAGAAAGCAGTGCCACCCGCATGGGAAACGGTCCGAATCGTTCGGCGAAGTTCTCGTAGTGTTGGTGAGCCAGGAGGGTGGTCGGCACCAACACGGCCACTTGTCGGTCATGCTCCACGGCTTTGAAGGCGGCGCGCATGGCCACTTCCGTCTTCCCGTATCCGACGTCCCCGCAGACCAGGCGGTCCATCGGCTTTGTCGATTCCATGTCCCGACCGATGTCCTCGATGGCTTTCAGCTGATCCGATGTTTCTTCGTACTCAAAGGCCGCTTCGAATTCGTGATAGAGGGTTGTCGTCGAGCCGTACGCATTCCGTTTCACCAATTCGCGGTTTGCGTAGAGATCGATCAGTTCTTGAGCCATCTCTTCGATGTCCTTCTTCACCCGAGCGGTGGTTTTGGCCCAACTGGTTCCGCCAAGGCGATCCAGTCGAGGGACATGGCTTTCGGCTCCGCTGTAGCGTTGGATCTGATTCAAACGATCGAGCGGGACATAGAGCGTATCTCCGCCGAAAAACTCCAGAATCAGGAAGTCGCTCTCGAAATCCTGCACCAACAGGCGTTTCAGTCCGCGATACTTGGCGATCCCGTGCTGCACGTGCACGACGTAATCGCCCACGTTGAGGTCTTCTAAGGAAGAGAGGAAAGTTGCCGTTCGGCTCTTTGGCTGTGGTTTATGTCGGGCTCCCTTCGCGAACAGTTCCTCTTCGGTCAACAGCGCAAGCCGAAGATCTCCGGAGAGAAACCCGGTCGAGAGATCGCCGTGCAACACATAAAATGGGAATTTTCCGGTAACCGGACTTGACCAGATCGACGGTTTCCATGGATCAGCCGGCAAATCGTGCTCTCGGAAAAGCGCCAGCAATCGGTCGACCTGCCCGCGGCTCCGCGCCACCACCACGACACGATGCTCATTCCGCAGGCCTTCCAACAGACGAAGGGTTTGACTGAATGCGGCCCCCCGGACTCCGAGGCCTATGCTGCCGGGCAGTTGAGAGGAAAATGAAAACGTCGGATTCCACGTTGAATCCGGTGCCGTCAACGGTTCGAGCGCCAACATCGGCCAGCCCGCAATCCGTTGTTGGATATCGTGCCAGGTCAGAAACAGTCGCTCAGGTGAAGGATAGGGGGACGACACGTCACGATCGACATGGCGAAGATATCCATCGTCGATCTTTTCCCACGCCGTCTCACACGTCTTGTTCAGCATGGCCGGCTGATCGAGGGCCAGAAAAGGGAACCCGGTGAGATAGTCGAATAATGTGTCCATGGAGTCGTACAAGTCGGGGCTTCGCCACTCCGCGTCGGCCTGAATCGGCGCGATCGTATCCGGAGCGTCTGCGGGACGAATGAATTCCCGCGCCGGTAAGACCCAGGCGTCGGTCAGTTTTGTGATGGAGGTCTGGGTTGACGGGTCGAACAAACGAATGGATTCAACCTGATCGCCAAGAAATTCTACCCGAATGGGATTGGCATACGCGGTCGAAAAGATATCAACAATGCCGCCCCGGATGCTGAACTCTCCTGGAATTTCCACAACGGACACGCGTCGGTATCCCAGGCGCAGCAGATTGGTGGTGAGCAATTCCCGCTCAACGCTCGCCGCCGTCTCGAAACGAAAAATCGCCTGCTCGAATGTCGAGCGAGGGAGCAAA
CP060499.1_gap19	425831	429536	3705	CGCTTCCGGCCGAAGACGGCACCGTGCAATCGGTTCTGAGCGTGCTCCGGGATGTGACAGAGGAAAAGCGTAGCGATCGCCGTCAAGCCCTCCAGCATGCCGTGGCGAAAGTCCTTGCAGAAGCCTCTACGGTCGAGCAAGCGATTCCGGAGCTTCTCCGGGCGATTGCAGTCAGCTCGGACTGGCACGCCGGGCTGTTTTGGCGAGTTCAAGAAGACCGGCGCTCTCTTCGCTGTGTACAGGCTTGGTGTGGCAATGGAACCGACCTGTTGGATTTTGTCAGGCTGCGAAAACAGGAAACGTTCATGTCCGGGTCCGGTCTCCCTGGGCGTAGCTGGGCCCGCGGTGAGCCCCTGTGGGTGGAGGACATTGGAAAGGACGCCGGAGTCGCGCCCGGATCTCTTGAATCCACTCGTATGTTGCACGCGGCATGTGTGTTTCCCGTTTGGCTGAGAGCCCACGTCTACGGCGTCATGGAGTTCTTCGGCCAAGAAGCGCAGTCGCAGGATTGGGATCTCCTGAAAACATTGGGGACGATCGGAAGCCAGATCGGTCTTTTCATTGAGCGGGCCGAAGTGGAAGCGGCGCTCCATGAGAACGAAACCCGCACGCGGCTGATCATCGACACAGCGCTCGATGCCGTGATCACGATGGACCATGCCGGTCGAATCACGGAGTGGAACGCCCAGGCAGAGCAGATCTTCGGGTGGTCTGCGTTTGAAGTTCTTGGACGCGATTTCGGCGCCACCATCGTTGCGCCGTCCCATCGTCTGAGTTACCAGGAGTATGTTCGGCGTCTCCTTGAGCCTCAGGACATATCCATCGCAAACATGTTGATCGAGATGACCACCCTTCGACGTGACGGCCGTGAATTCCCCGCTGAAATTGCCATGACGCCGTTGCCGGTCGAGGGCTCCGTCATCTTCAGCGCATTCATTCGAGACATCACGAGCCGGAAGGAAGCAGAGCAAGCGCTGAAAGATTACGCCCAGCAGTTGGAGCACATCAATCAGCAGCTGGATGCCGCTTTGAGGGAAGCCAAAGCCGCCACCGAAGCGAAATCGTCTTTTTTGGCGACGATGAGTCACGAGATCCGCACCCCGATGAACGGGGTCATTGGGATGACGGGTCTCCTGCTCGATACGAAATTGACTGATGAACAGAGAGAATATGCTGAAACAGCTCGAACCTGCGGGGACCATCTGCTGACGATCATCAACGACATCCTGGATTTTTCCAAGATTGAAGCGGGAAAACTGGATTTGGAAGTGATTGAGTTCGACCTTCGCCTCGCCATCGACGAATCGTTGGACCTCGTTGCAGAACGAGCGTCATCCAAGGGGCTCAATTTGGCCTGTCTCTTTCACGCCGATGTGCCGCGCAATTTACTCGGTGACCCCGGGCGCTTACGGCAGGTCGTGATGAATTTGATGGCGAATGCGATCAAATTCACCGACAGCGGCGATGTTATCGTGGAAGTGACGGTTGAGGCTCAATCGATGGAGGATTCGACCATTCGTGTCGCAGTCACGGACACAGGCATCGGGATTTCCGGCGAAGCCCGCGAAAGGCTCTTTCGGTCGTTCAGTCAAGCCGATGGGTCCACCACGAGGAAGTACGGCGGGACCGGTCTCGGCCTGGCGATTTGCAAACGACTTGTTGAGATGATGGGTGGAACGATTGGCGCGACCAGCCGGGTTGGAGAAGGGAGTTGCTTCTGGTTTACGGTGAACCTGCGCAAACAGGCTGAGGGCTTCCACAGAGCTGACCCGCCCAATGCCGTGTTGGAGGGTCTCCGTGTCTTGATTGTGGACGACAAGGCCATCAATCGAAAGATTCTTGAGCTGATGACCAAATCATGGGGGATGGAGCCGACGCTTGCCCGTAGCGGCCCCGAGGCATTGGATGTGTTGAGCCGTCGACACGGACGGTCACGGTTTGATCTCGCGCTGTTGGATGTGGATATGGGATCGATGGAGGGAATCGAACTGGTGCGTGCGATAAAGACCCGGCCTGAAGGAGCTGAGATCCGGCTTGTGTTGCTCACCTCGCTGGGCCGGCGAGGTGACGCCAAGATCGCCAGGGAAGCTGGGTTGGCAGCCTACTTGACAAAGCCGATCCGTGAGCGGCAATTACACGATTGCCTTGCCGCAGTCATGACACAGCTCTCGGCATACGTGCCGACAACGAACGAACCGCTCCCTCTTATTACTCGGCACACACTTGCAGAAACCAATGCCAAAGCGGATCTTCGCATTCTCTTGGCCGAGGATAACATTATCAACCAGAAAGTTGCCGTTCGTCTCTTCCAGCGGTTGGGCTATCGAATCGACGTAGTGGCCAATGGGCGCGAAGCCATCGAAGCGCTCTCTCATGTTCACTATGACGTGGTCTTCATGGATTGCCAAATGCCGGAAATGGATGGTTTCGAAGCCACGAGGGAGATCAGGCAGCGTGAAGCGTCCAAAACTGTTTCGAGTTCCGGATTACGGGTTGCGGGTCCAAGGCAGGAGCATTCCCGTCTCCAACCAGAAACCGGCAACCAGAAACTAGAACCTTCCCATCACGTGCCGATCATTGCCATGACGGCGAATGCGATGCAGGGGGATCGCGAACGGTGTCTGGCGGCAGGAATGGATGACTATCTCTCAAAGCCCATTTCTGTCGACGCGTTGGCCGGGGCCCTGGACCGCGCGAATCGGGAGCGTTTACGCTCCCAGTCCCCCAAGAACCAAGAAGCCGCGTAATCCGCCTCCCTCTATCACGCTTTGGACGATCACGCTAATTTCAGCGTCAGTTGCTCCGGCGCATCGACGAGCCTGCCCGGTCGGGCGGATGGGTGCATGATGTCTGATACGCGAGCGAGGTAGGGGAGAAGCCGATTCTCGATCGATCTGGTTGGTGACATGAGCTCTTCCAAAGAGCCTCGACAGGCACCGCAGTGGTGATGCTTGGGCTGGATGGATTTTCGTTGCCGTCGATAGACCCGCCCGCAGTCTTTGCAGCGCCAGGCAAATCTCGAGAGCGCAAGGACTTCTTTCTCCAAGGAGTGATGGGTCGTGACGGCCACTTCGCCGGACCGGTTGATCTCCGTCATTTTTCGCAAGAATTCCAGTCCATGATCGGGCCGCCGCTTCAGCACATCGAACTGCCATTGATGGATCATCTCATGGACGAGGGTGTTCAGGAGTTCCTGTTCCGCGTACGGTGTCCGTTCGGCGAGCCGCTCGAACAAAGGAAGCGACAGGCGAATCTCTCGACGGCTGCGGTTGCCGGCGGGATATCCTGCTTTCGGCCCTCCACGGCTGGCGAACATGCCGACTGAGGAGGTGAGGCGCCGGCTCCAGCACATCGCAATCGGCGGCAATGAACCGGCAAAGTACCGTGCGTTCAGGCGCTGCCAATGAGCCTGCAGATCTTCGGAAGACAGGAGGATTGAAGCAGTCGTGGCCGCCATGGCCGGTCTCATCCCAATTGCTCCAGCACCGCCGCGGCCAGCAGCGGCAGCATGATTTCGTGGTGACCGGTCAGGGAATAGCCCTGGCCGCCCTTTTTCGTGGGACGTCGCACGACATTGGTCTGCGGACGGTAATGAGAGAGGAAATCCATATTCACCGTGGTGATGTTCGTAATCGGATGGCCGAGATTTCGCCCCAACGACAGTGTTTTTAGAAACACCTCGGGAAGTATCACGGCCGATCCGAT
CP060499.1_gap20	508420	512284	3864	GGCATGGCCGACAATCGTGAGGCCGATACCGGTGTTTCCAGCCGTCCCTTCAACGATGGTGCCGCCCGGTTTGAGGAGCCCTCTCGCCTCGGCATCCTGGATGATCCCGAGCGCCGCGCGGTCTTTCACCGACCCGCCCGGGTTCATGAATTCGGCCTTCCCGAGTATGTCGCAGCGTGTCAGTTCTGAAAGGCGGCGCAGGCGGATAAGCGGGGTATTGCCGACGTGGCCATCCACCCCGTGATAGCGTGATGTATTCATCGGATTATGTGTGCAGCTGCATCCCGGCAATAGTCGTAGTTCTTCTGGATACTGCTTTACGGCACAAAACGCAAGGGGGTTCGCAAGGACGAAGCCGAATCGGCGAGTATTGGCCGCTTGAACAAGTGGATGTTGCAGCCGATCGACGGGTGCTAGAGCACGTCACTCCACGGCGGACTGACGGCAAACGCGGCATTGATCAAACCGACGTGCGAATAAGCCTGTGGGAAATTACCGAGCTGGAGGCGGGTTTCCGGCACGAAGTGTTCGGCAAAGAGCCCCACGTCGTTGGCTCCGGTGAGAATCTGCCTCATGATCTGCTTCGCTTCGGTCAGGCGGCCGAGTTTGGCCAGTGCCTGCACGACCCAGAATGAGCAAATGACAAAGCTCGATTGCGGTTTTCCGAAGTCATCCTGTCGCAGGTAACGAAAGAAGAAGCCCGTCTCCTTCCCGTCGCGGCGTAAGGCCAGGGCCTGCTTGATCTGCGTGATCGTCGTATCGCACACTTCCCGATCCGGAAATCCAAGAATGGCCAATTGCGCCAGGGACGCATCGTAACTGTCGTCGGTCGGCCCGTTCCGCAACGCCTTGTCTTTCGTCGCTTGCAGCAGGGCGTTCGCCGCTCTGGTCCGCGCCGCGTCGAGGTCGGTCGTCAGATCACGGAGAAAGCCCGCACGCTGCATGCGGTAGGCCCGATCGAGCCCGGCCCAGTTCATCAGGTTGGTGAACGAGTGCTCCTTCCAGCCGTTACGAATCTCCCATGGTCCGGCGTCCGGTTGAGAAATGCTTCGCTCGCAGAGTCGGACCAAATTCGCGACCAGCGCCTCGTGGTCTTTGGTCCGCAGGTCAAAAAATCGGTTGTCGAAGAAGATCGGAGCGAGTGTGAGAATCATCTCGCCGTAGACGTCGTTTTGTACATGTTCGGCGGCTTGATTCTGGCTCCGTACGGGACGGCTGCCGAGAAAACCCTGCCAATTGGTGTGTTCGGTTTCCGGGATGGGCAGATCTTGGCTCAGCGTATAGACGGGCGCCAGGCGATCCTGAGAATGCTCGTACGCATATCCCACGTTGAGCAGAAATTTCAGGAACCCTTCCATTTCCTCGAAGTGCCCTAGGTTGTAAAAAGCGGACAGCGAGAAGTGCGCATCGCGGAGCCAGCAGTAACGATAGTCCCAGTTTCGAGGGCCGCCCGGCTCTTCCGGCAGGCTTGTCGTCAGGGCCGCGAGAATCGCCCCGGTGTCTTCATAGCAGTGGAGTTTGAGTGCAAGGGCCGAGCGGATCACTTCCTCCTGATACACGACCGGGATCGAACAATGTTTCACCCAGCTTCGCCAGTACTTGGTCGTTTGGTCCAGAAATTCATGGCTGACCTTGACCAGGTCGTCTTCAATGCCGATTCCCCAGGTCAACGCAAAGTAGAGCTTCGATGTCAGCTTGACCGGTGATTGTTCGCAGAGGTACGTGAGCGGCATGTTGGTGAGCAGACGCAAGTACTCACCTCGAATATCGTACCGGAGATGGCTGCTGCCGCGGACCGAACGGACCGCGCTTTTCTCCCAGCCTGAAACCGGCTTGCAACAGACACGAATGGAAGGCGACCCGTTCAGCGGCTCCACGATTCGAAACAGCGCGGCCGGCCGGTAGACACGACCGTACTGCAGAAAACGAGGGCAAAAGTCGGTGATCTGGTATGAATCCCCGTTGGAAAGCGAGACGGTCGTTACGAGGATATTCGTGTTCGGGAGATATCGTTGAGTGGTGGTCGTTTCGGTTTCGGGTGCGGGCGAGGAGATGGAAAAGTGGCCGCCCTCCTCATCCAGGATTTTGCCGAAGACCGGAGGACTGTCCGGCCTCGGGAGACACAACCAGTCGAGTGATCCCTCCGCACTGATCAGCGCCGACACCTGGCAGTTACCGATGAGTCCGTACGAGTACACACTCTGACCATATTTGATTTATCCTCGAAAGTAAACTAACTTGTTCCTATGAGACTCTTGAGGCTCTCGCTCCGGTTTGTTCTCCCGTTGGGGATCGTGTTGGGGGTGATTGCCTTTGGAGTGATCCCGCTTGTCGACTCGCTGGAATTGAAATGGTTTGTCCGCGACCTCGACATGCGGTCCAAACTCATGGTCAATACCATGGAGGGACCGCTCGCGGATCTCCTGGTCTCCAACTCAAAGGGCAAGATCCTCGCATATTTTACTCGAATTATTCAGGATGAACGATTGTACGCGCTGGGATTTTGTGATCTCGACAACCGCCTGCTCTATGAGACTCAGGCGTACCCGCATGATATAACCTGTCAGGACACGCTGAGCCTTGCTCCCAGCTCCTCTACGGTGCGGTCGTTCGGCAGCGGACCTCTCTATATTACTTCAGCCTCCATCGAATCAAACGGTCGCCCGCTCGGACGACTCCTGCTCCTTCACGACATGAGTTTCATCCAGCAGCGCAGCAGCGATACGAAGTGGTATGTGTTCTATCTGTTTGCGGGCCTCGCAGCGGTCGTCTCGCTGGTCACCGTCTTGGTCGCACACTTCAGTTTGAAAGGGTGGGTTGCCGGGGTGCGAGCCATGCTGAAGGGAGAACGACTTCTGACCCCTCTGAAGCATGAAGAGCACGCGCCGGAACTCCAGCCCTTGGCGAAGGACTTGCGCTCGTTGGTGCTGGCGCTCGAGACTGATCGCCGCATGCGCGATGAGAGTCAGATTTCATGGACCCCGACAAGCCTTAAGAAAATTCTTCATGAACAGCTGGCCGGCGACCAGGTGTTGATCGTTTCCAATCGGCAGCCGTATGCCCACTATTGGCAAGATCAAAACATCGTGGTGCAAGTGCCGGCAAGTGGGCTCGTGTCGGCCTTGGAGCCGGTCATGCGGGCCTGTTCAGGAACCTGGGTCGCGCATGGAAACGGATCGGCGGACCGGGAAGTCGTGGACGAACGGAGTCATGTCGGCGTGCCTCCGTCGCATCCCACTTATGAGATTCGTCGCGTCTGGCTGACCGCGGAGGAAGAGGCCGGGTACTACTATGGGTTTGCCAATGAGGGGCTGTGGCCGCTCTGCCACATCGCCCATGTCCGTCCCACGTTCCGCTCATCGGATTGGAAACATTACGTGGCCGTCAACGAACGGTTTGCCCAGGCCGTCTATGAGGAGGCCACGACCGACAATCCGGTCGTGCTCGTGCAGGATTATCATTTTGCGCTGCTTCCGAAGTTGATTCGAGATAAATTACCGACTGCGACGATCATCATGTTCTGGCACATTCCATGGCCGAACGCGGAAAGCTTCGGGATCTGTCCCTGGCGCGAAGAAATTCTGGAAGGGTTGCTCGGAAGCAGCATTCTGGGATTCCACACCAGAGTGCATTGCAACAATTTCATCGATTGTATCGACCGGCAGCTTGAAGCGCGGATTGATCGAAACAGCTCGACGGTGTCCTATGGAGGCAAGATGACGGCGGTCAACCCCTATCCGATTTCCATTGAGTGGCCCCTGCAATGGCTCGGCCAGCAGCGGCCGGTGCCGGAATGCCGAATCAAGCTCCGGGAAGCCTATGGGATGCCGTTGGAACGTCTCATCGGCCTAGGAGTTGAGCGCC
CP060499.1_gap21	548046	550137	2091	GGCCGAATCCCTGCAGCCGGAGAAGAACTCCGCATCGAGAATTGTCGCTTGGTCGTCCACGAGGCCGACCCGCGCTCAATACGGAGCGTGCATATTTTCAAGGAAGAGAAGGTGGCTGTTCCGGTCGAGGCTCCCGTATGACCCTATGTGTTGCCCGATCCACGGATTAAGTCTCCGAATCCCTCCTCATTGAGGATCTTCACCCCAAGTTTCCGAGCCTGATCATGTTTCGATCCCGGGTCTATGCCTGACACCACATAGGTCGTCTTTCTGCTGACGCTGGAGGAGACGGTACCGCCACGCTCTTCGACCAGAGCCCCGGCCTCTTCCCTCGTCCACCTCGACAATCCGCCGGTGAACACGAAACTCTGTCCCGAGAAAGGCAACGCCGCGGCGCTGCGGGATATGGGGGTGTCCAGGATCGAAAGCCCCAGCATCCGCAGTTGATCGATCACCCGTTGGTTCGCACTTTCTTGAAAATAGGCAACCAAACTCGCCGAGATCTCCGGTCCGATCTCATGGACTGCCTGAAGCCGATCTTGATCGGCCGACATGATGGCCTCAAGGGACCCAAACTCGCGCGCAAGCACCTTTGCGATGTGCTGCCCGACCTGGCGGATGCCCAAGCCCATCAAGAACCGGTCGAGAGACACGATTTTGCTTCGTGCGATAGCATCAAGGAGCAAGGTAGAAGACCGCTCGGCAAACCCTTCGAGCTTCAAGAGTTGCTCCTGATCGAGTCGATAGATGTCTGACAGATCCTTGACGAGTCCTTGATCGACTAATTGAGCGACGGTCTTCTTGCCGAGACCTTCGATGTTCAGGGCGGATTTCGAGGCAAAGTGTTCGACGGCTCCTTTCAACTGGGCCGGGCAGACGGCTTGCCCGGTGCAGTAGAAATACGCGCCCTCCCGAGCGACCGCTGACCCGCACACGGGGCAGTGGTCCGGCATGGCAAACGGTGCCGCTCTCGATTCTTCCGGGACCGGCACGCGTTCAGTGATGGCCGGGATGACGTCGCCGGCGCGCTCCACTTTGACTGTGTCCCCGTCGCGCACGTCTTTTCGAGCCACCTCGTCTGCATTGTGAAGGGTGGCTCGGCTGATCGTGACACCGCCCACTTCGACCGGATTCAGCAGCGCAAGCGGCGTCAAGGTGCCGGTCCTTCCGACTGAGACGATGATCTTATGAACCTTCGTGACTTCCTTTCGAGGGGCGAATTTATAGGCGATTGCCCAACGGGGGCTTCTGGACTTCATGCCGAGCTGCTCTTGCCAGCTGCGCCGGTTGACCTTGACGACGACGCCGTCGATTTCATAGAGCAGATCGTCACGCTGCCCTTCGATCTCATGGTGAAACGCCATGACGTCATCGATCGTCTCGCAGCGCCGGCGAAGAGTGGGAATCGGAAGCCCCCAAGAAACCAATGCGTCCAATTCGTCCCAATGCGACGAGGGTGGTGTTCCGTCGACGGCCATCATCTCGTAGCAGGTCACCACGAGGGGGCGTTCGGCTGTGATGCTCGAGTCCAGCTGCCGAAGAGAACCGGCGGCGGCGTTGCGCGGGTTCGCGAAGGCGTCGTCCCCCCGTTCCGTTATTCGCCGGTTAAGCGCATGGAAGTCTGCAAGGCGCATGTAGACTTCACCCCGCACGGCCAGGTGCTCAGGGTGTGTGTCACTCTGTAATTGCAGCGGCAATGATCGAATGGTACGAAGATTGATGGTGATATCCTCGCCGACACTGCCATCGCCTCGAGTCGAGCCCCGAACAAACCTTCCCTGTTCGTAGACCAATTCCACAGAGAGGCCATCGAATTTCGGTTCGACCGTATACTCGATCCGGTCTGTTTCCAGCTCGCGTTTCATCCGTTGGTCGAAGGCCAGCACTTCTCTCGGATCGACCAAGGAATCAAGGCTCAACATGGGGTGCACATGCCGGACCTTGCCGAGCGTATCCAACGGAGGGGCACCGACACGCTGGGTAGGAGAATCGGACGAGATCAGTTCGGGGTATGCCTGTTCCAGCTGGACCAATTCCCGGAACAACCGGTCATACGCTCCATCTGAAATCTCGGGATGATCCTTGACGTAA
CP060499.1_gap22	578858	580476	1618	CATCTTCTCACGGTGAAGTATCGAGGTTGTTTCACAAGCCCCCTGCCGCTCTCGGCCTCTATTTCCGGCGACGCTCGTGACGAGGTTCGTGCGCTGCGTCCTTCCTCAACCGTCGCCGAGGCCCGTGCGCTCGTGGATCGAGCGCTTGCCTCGGGACAATTTACGCTTACTCGACACTCGCCGCGGGGTATGCCAACCGGCATTGAGGATCTGGTTGAAGAAGAGGTTCGCATGGCTGCGGCAAGAGCGCTTGGGTGGTTGGTGCAGAGACAGGCCACGGTGGCGGACCCGGAGGTGCTCCGCTTTGCTGTCACGATATCGAAAGCGTTGAACATGGAAATCCCTTTCGACATCGCGACCGATGTGTCGACATGGTTTCCTCGAACTCAAGGGAACACACATATCCGCGTCGTGAACCCCATGTACGAAACTGCATTGGATAAACCCTCCGGTCCCCAATTGAGACGAGTCATGGCCGAGCAAGATGGAGATGGACTGTCAGACACTCGCCGCAAAGCCGTCGAGCGCACACCATTGCCCACTCAGGCAGTAGGAGGTCCGTCATCCTGATGTACGAGTCCGAGAAGGACCGGCGTTCAGGCCACTGATAGGTCATCATGATGAAGATCTGTCGGGGAAGGGATGTCGTTGTCCCTCCCCGTGAACGGGAGGAAGGAGCCGAGGGTGCTCTATCTCAATCCGCCATTTCATCTCATCAACGGCGTCTCACTCTTTCGTGACCACGAAGACGGGATGCACTGGTATTACCAATCTGCCGTGCCCTTGCCGGTAGGCATGTCGGATGGTGCCGGCGGCGTGCTACCTCACGTCCAACTCATAAAATTTCACGGAGCGGCGGGGAACGGCGGTTTCCTAAATTTTGACGTCCATTTGGGGCTGCGCGAAAATCCTCAGGAAGAAGCGAACGTTCTCGACGAGATTCGCCGGGAACTGAAGAAGCTTGAGGATCTAAAGGGCTTGCCGCGCCTCTCGCCCGTTCCCTTGGTCGACGGCTCGGTGAAACTGATGCTGTTCGACCTGATGGCCGGGACACCGCAGTCGGGATCGCCTGACACATTGCCTTCAGGCGCCGCCGCCCCACCGTCACGTCCTGTTCTGAAGGCCAATCACAATGCGAAGCCTGCCTTGTTTGGAAAGAACCAGGCGACCTTTTCGGTCCAGCTCTCAGTGGACGGGGTTGCGATCTTGGAAAAGGCCCTTCAGGGAGAAATGTCTCCGGTCGGGATTGTGTACTCGCTCGACTTCTTGGGCCTGCGGCCCGCCTATTCTGTACGGGCCGACGTGAATTGGAATCGGGTGCAGGCTCACCTGGAAGATCACTTCAAGGTGGGAAATCCGCACATCACTCAGTCGGGCATAGACAAGATTGTCGCCAAGCTCATCGAGGAACAAGTCATTCGTATTGACGTGGATAGCTTCGTTCCCGAAGGGGACGAGACGATCGGACTCATCTCTGGCCAAGATCGAGCCGTGGCCGAGGTTCAGGATATGATCACGGAGACGTTCTTCGAACCAAGTCTCGACCCCATGACGCGCGAAGATTTGCGTGATTCCGGTAAGGCCGCGCGTATCATTCAGCTTCTTCATACGCACGGCA
CP060499.1_gap23	590634	593443	2809	GCTTCTCCCAGGCCTGTGATACGAAAGGCTGTGTCAAGAAACGGGTGATGCAGGGAGAGGCCGTAGAAAGTTTGAGTCTGGTGGATGGTAGCCCATTTCTCTTGACGGAATCACGGAACGGCCGTGCCGTCTGGGATACCAGGACCTGGAGGGAAATTGACAAGCCGGTCGGGCTCCCGGATGTGTGGGCCGGTCTCGGATGGAAACGTCCATTTGTTTCGACGACCATTCGTCCTGGTGATCCGAAGGTCTTCACGCTCGCTGTCTGGGATACCAAGCGCAATGGTGTCATGGCGAACCTCGACACCTTCACCAAACGGGACACGGAAATAGTCGAGAACGGACCGACGGTGGCATTGGGGACATCGATGGCCGTCGATCCGCTGTATCGATGGGCGGCCACTCGTATTGGTGAACATGTGTCAGTGTGGGATCTTTCTGTTCAAGCCAAGAAGAAGACCTTCCATGTGAAAACCCCCTCTCATCTCCACTGGACGAGCGATGGAAAATATTTGCTCGTCTCCACGCTCGACCGGAAAATGCTTGTCTGGTCCGCGGAAACCATGGAACCGGTCCATTACCTGCGGGATCCTTCCATCACACGATGACAACCTTCCGATACACTCAACCGGCAGTCATCACGAGGTCGTGATTGCGATCCATTTCTGAGCGACGCACGCAATCCCTGAAGATGGCCTTACGTGACGGAGCCATTTGGTGCCATTGTTTCCGTGAAAGTTTTGTGGTACCAACAGTGAACGCTTGTTCCTCTGAGAGGGTGAATGGCAACAAAGAAAGCATCCGCGTCACATACTGATTCAACACCTTCCGCTCCTCCGTCGATTCCTGAACCAGACGCGAAGAAGAAAGCCGCCAAGCAGGCAGAACGGGTGACCGCTGTCGAGATGGGTGCGCGGCAGCGGGAGATTTCCGTCTCCGAATTTTTCACGAAGAACCGGCATCTGCTCGGGTTCGACAACCCGCGGAAGGCATTGTTGACGTGCGTCAAGGAAGCAGTCGATAACGCGCTCGATGCCTGCGAAGAAGCCGGAATTCTTCCGGACGTGACGGTCAAGTTGGAGGTTGTGCCGAACGGGGAGCCGGTCGCGCCAAGCCAAGCCAGCAGGTTTCGCGTCACCGTGACCGACAATGGCCCCGGCATTGTTCGCCAGCAGATTCCCAGAATTTTTGCGAAGCTGCTCTACGGATCCAAGTTTCATCGTTTGCGCATGAGCCGCGGCCAGCAGGGGATCGGCATTTCCGCCGCCGGGATGTATGGGCAGCTCACGACCGGGAAGCCGGTCAAAATTATTTCCCGTATCGGCCCTAAAGCCGCCGCCCATTTTTTCGAAGTCCAGATCGATACGAAGAAGAACGAGCCGCTGGTTCACGAGAATAAACAGATCGACTGGGAGCAGCCTCGGGGCACCCAAGTTGCGCTGGAAGTCGAAGGTAAGTATCAGAAAGGCCGAGCCTCCGTCGATGAATGGCTCGAACAGACCTCCATCGCCAATCCCCACGTCAAACTGATCTATCAGACACCTGAAGGAGAGACAAAGGAATACCCCCGCACCTATCACGAATTGCCCCCGCAACCTCGCGAGATCAAGCCGCACCCATATGGCATCGAGTTCGGCATGTTGCTCAAGATGTTGCAGGACACGAAGAGCCATTCGGTTTCCGGTTTTCTCGCCAGTGATTTTTGCCGGGTGTCTTCCCCTATGGCCGATGAGATCTGCAAAGCGGCGAAGATACGACCGGATCTGAGACCCCGCGATCTGAAAGGGCCTGCCGCAGAGACGCTCTATAAAACATTGCAGGACACCAAAATCATGGCGCCGCCGACCAATTGCATTTCACCGATCGGCGAAAAGGCGATTCTCTCGGGCCTCTACAAGCAGATTAAAGGCGAGTTTTATACGGCCGTCAGCCGGCCACCGGCGGTGTATCGCGGCAACCCATTCATCATTGAAGCAGGGCTTGCCTACGGCAATCGACCGCAGGATCAGAACAAGCCGCAACAACCGGCCAGGCCGAAAGCCGAGGGAGAGCACGAGGAGGAAGACTCGGAACTCGCCCGGGTGATCCGTTACGCCAATCGGGTGCCGTTGCTGTATCAGCAATCGGCCTGTGCGACGTTCAAGGCCGTCATGAGCACGACGTGGAAGAACTACGGCTTGACGCAGTCGCGCGGCGCCTTGCCGGCCGGACCGATGGTCATCTTCGTCCATATGGCCTCGGTGTGGGTGCCGTTTACAAGCGAGTCCAAAGAAGCGATCGCCGATTACGACGAGATCCAAAAGGAAATCACCCTGGCGCTTCGCGAGTGCGGGAGGCGGTTAGGACTGTTCATTCGTCGGCGTGAGCGGGCGGCCAGTGAATATCGGCGGCGGAATATTTTCGAGCTGTATATCGAAGAAGTCGTCGAGGCGTGTAACCGGTTGAAAGGCGGCAAGCTGCCGAAGGAAAAACTGAAAGCACAGCTCCAGAAGGTTGCGACCTCCCGCACGGGCGGTCAGAAAACCGATGAAGCGCTGGGAAAGACCGGTGCAGGGCCTGAAGGGTTGCCTCATTCGATTATCGTCACGGCGGAGGGAGTGGAAGGCGAGACGGAATTGGCCACTCAGGTCGAGGCCGATCGGGTTGCAGCGGCGCCGGCGGCTGAGCCGGATCTGCTGAGTGACACACGGTCGGTAGACGAGAGTGCTTCGATAGAGAAATCCAGCCGACCAAAAACATCGGAAAAGTCGCTCAGGAAGAAGAGATCGAAACCAGATCAAATGGCGCTCTTTGCCGGCGGGTCTGGGGC
CP060499.1_gap24	608809	612843	4034	CTGCGAGCGCGCTACGGCTTCAGCGCTGAAACGATTGCCGCGCGTGCCCAGGCCGGACTCAAAGATCTTGAGAAAGCCCAAATCGGCACCCTTCACAGTTTCGCCGCACACGTGCTGCGACTCCATCCGTTGGAGAGCGCGGTCGATCCCGATTTCAAGGAAGACGACGGCTTACGCTTTGAGGAACAGTTTACGGCCGCGTGGGATTGCTGGCTTGATCAGGAATTGAGCCGCGCGGGACCACACCATCGTCTGTGGCGATCCGTCTTGTCATCGACCACACTCGAAGCGATCAGAACCTTGACCCGGTCCTTATGCAGTGAATTGGTCGATCTCGACGCTCTGCGGCGGCAACTCGAATCAACAGTGGAGACGCCGGCTGTATCACGCTGGATACAGCAGATGGATGATCAGGCGGAGCAGCTCTTGAAGGCATACGACCGGCCTAAACGCCGTAAAGTCGAGCACATGCTCGCCGCCACGGTGTCATTGATGCACCTCATGAAAGAAAAAGGCTTGGCCGGCCGGAACGATCTGACGACGGCGGAACGAGAATGGCTCGGCAAGGATCTCGGGAGTGCCGTCGCCGGATGGGAGAAATCTGATTTCCGTGAGGCAGGCATCCTCGTCGAGACGGCGCAACAGCTTCTATCGGTCGACCATGAGTTCTTAACCAATCTTCTGAAGCTGGTCATCCCGCTGGTGCGGAACATTCGTGACCACTTTGCTCGGCAAGGCTGGATTTCGTTTGATGGTCTATTGGCGCGGGCGCGAGCCCTGCTCTTCGAGCATCCGTCCGTTCGTGAGCGGATCAAGCGGGACTATCGAGCCGTGTTGGTCGATGAGTTCCAGGATACGGATCCCGTGCAGTACGAGATCATCCTCGCGGTCTCCGAGCGGCAGGGGAACCAGGCCGTGCACTGGCAGGAGATGGTCCTGGAGCCGGGGAAACTCTTCATTGTGGGAGACCCCAAACAATCGATCTATGCCTTTCGACGCGCCGACATTGAAGCCTTTGATTTGGTCGTGGAGAAAGTGACCGCTGACGGTGGAGTGAGCCAGACGTTGACGACGAACTTCAGGAGCGACGCGGCCGTCTTGGAGCCGGTGAACGAGGTGTTTGATCGGTTGTTCGAGCGACGGTCACTGATCCAACCGGCGAATGTTCGATTGGAGGTTCGCCCTCAACGGCGCCCGGCCTCGATAGAGCCGGGTGTTCGCCTCTGCGTGACGAGGCCGTCCGGTGAAGACGAGACATTCGATGCGGCGGGAGCGACAAGGGCCGAGAGCGAAGTGCTGGCTCGCTGGTTGGTAGACGAGGTCTTGAGCCGCGCTTCGATGAAGCCGGGCTACGTGGCGCTGCTGTTCAGGAAGCTCACGCAGGCCGATGCCTATCTTGATGCCTTGCGACGGCACAATATCCCCTATGTCATCGAGGGGGAAAAGCATTTCTATCGCCGTCAAGAAGTGATCGACTTCGTCAATCTGTTGCGCGTCTTGGATCATCCTCATGACGAGATCGCTCTGGCCGGCCTCCTCCGTTCACCGCTGGGAGGCTTGACCGATCGGGACCTCTACGAGCTCAAGCAGGCGGGGCAGTTCGATTATCTCCACGCGGTGCGTCTTGAAACGTGGCCGCATAGGTGTGCCGCCGCTGTTCGGAGACTCTTCGAACAGCTGGCTTGGCTCCATCGAGCTATTGCAGTTCTACCATTGGTCGAGGCCATCGAGCTGATATGTGACCGATTGCCGGTGCTCGATTTGGCCGCGGCGTCGCTCCATGGCGAGCAAGCCGTGGCGAACCTCATGAAGATCAAACAGACAGCTGCCGCATTGGCCGACCGGCCTCACATGACCCTGAGCGGTTTTGTGGATCTGATGATCGCCCGGCTTGAAGAACAGCCGGATGAGTCGGAGAGTCCCCTTGCCGAGGAGTCTCTCGAAGCGGTGCATGTGTTGACGATTCATAAGGCCAAGGGGTTGGAATTTCCCATCGTCGTGCTGCCGGGGCTCCACCAGGGGAGCGGTCGGGAGCGAAGTGCGCCGCAGGTCTCCCATGATTGGTCGAGTGGAACCTATGGTCTCTCTCTGGACCGTTATCAGTCGCTCGGGGCGCTGCTCGTCCACAACAAACTACGGTTGAGAGAGGAGGCGGAACGGAGGCGTGTACTCTACGTGGGGATGACCAGAGCCAAAGAGTTGTTGCTGTTGTCGGGAGGCGTCACCGCGCGTTCGGTCGGCGAAACGGTCTTCGAGCTATTGCAGAATATCGGGACGGGCGAGATCGGCGCAGTCTCGACTGGTGCATTAAGAATCGGGGGCAGCTCGATCCCCCACCGGGTTGTCGCAGCTCCTGAGCGAAAGCGGCCTCGCCGACGTCTGGGCAATGCAGGCGGCGGGACATTGATCGACCCACATCAAATTGCCGAACTGTGGGAAGCAAGGACAGCCCGATGGAAAGAGCTTCGCGAAACCCCACCTCATCTGACACCGACGGTGTTGGGCAAACGAGTGGTGCCGGTCCGACGTGACACCACTTCTGTTCGACCGGATGCGGCGATTGGGCGGTTGGCCGGTGTGGTGGCTCACCGCTTGCTCGAGCGGTGGGATTTCTCACAGGACCCCTCCGGGTTGCGTGAGCAGGTTGCTCCTGCCATTCAAGCGGCTCTTGGACCGGACGACCAGTCCTATGCGGGCGCAGTCGCCGAGTCCGTGCACGATCTCCTTGCGACGTTTGGCCGATCGGAAGCCTATGCACGCCTCCGTTCCGCCCAGATCCTTGGCCGTGAAGTTCCGTTCGTCATGCCGTGGCGAGACAGGCAGGTCATGGAAGGAGTCATAGACCTTATCTACCGGTTGGATGGAGAGCTCTGGGTCACCGACTATAAAACGGATACTGTATCACCCGATCAGGCCGCGGCTCGCGCAGAGCTGTACCGACCTCAGAGTGAGGTATATAAAGTTGCGGTTCGACAAAGCCTCGGAGTCGAAGCGGTTCGATTCCACTGTCTGTTTTTGCGGTGTGCGACGGTAGTAGAGTTATAGAAGTAGGATCCCGGGAAATGGCTGGGCGCAACCATATCTCATCCGATGCCTTTGCAAAGCTGGTGCAGCAGGCGATCGCTGACTTGCCGCCTCCCTACGCCAAGCTGATGGAGTCGATTGCCGTGGTCGTCGAAGAGGAGCCGCCGGAAGACGTGTTGCGAGACCTGGAGATGGACGACGAGAGCGATTTGCTGGGCCTTTATCAAGGACAGTCGCTGGCGGCCGATTCTTTCTTTAGGCCCGGTGGTGAAGCCCCGCCGCAGATCTCCATCTATCGCGGACCGATCCTTCGCCTTTGTGAGACCCCGGAGGTTGTGGTGCAGGAAGTCTACGATACGGTTGTCCATGAACTGGGTCATCATGTGGGCCTTGATGATGACGAAATGCCGTATTAAGAGTGGGCGGCCTGCTGCCGCGCTTTTTGGTAGCCCAAGACGAGCATGACTGCTCCAATCAAGACCATGGGCAGGGAGAGAATCTGACCCATGGTGATCGGTCCCAAGATAAAGCCCAAGTGTTGATCCGGTTCACGGAACAGTTCGACGATCAGTCGGCTGAGGCCGTAGCCGGTGATGAAGCTCCAGAATATCGTCCCAGGCGGGGTCGGGCGTCGATCGATCCACCACAAGGCTGTGAACAACACGAGGCCTTCCAGCGTGGCCTCATACAATTGCGAAGGGTGGCGACAGGCAGGGCCTCCGGTCGGGAAGACCATGCACCAGCTGACGTCGGTTGATCGACCGTACAGTTCGCCGTTGATAAAGTTCCCCAACCTGCCGAACCCCAGACCGATCGGCGTGACGGATGCGGCCAGATCTGCGGCGATATAGGTTGGGATACCCTGCCGCTTGCTGAACCAGACCAGCGCGATGATGGTGCCGAGGAGCCCGCCATGGAAGGACATCCCTCCTTCCCAGACGGCAAGAAGTTTCAGAGGGTTCTGAATGTAATACGAAAAATTATAGAAGAGTGTATAGCCGATTCGTCCG
CP060499.1_gap25	616732	621345	4613	GAGAAAAAACTGAGCTCTTTGTGGGGTACACATACGAGCACTTGCGGGCGGAAACCGCCCAAGGATCCGGTGAACACATCGCTTCTCTCGCTGTCCTCGCGGGAATTCCTTCAGATCGCCACGCTCAATTTCAGGAGAGCATGCGCGATTCCTATTCGACGATGTTCAGCGAATCCTTGACTCCTCGCGAATCGAGACTTCGCCTTGTGAACGCTGCGTGGTCGGAAGGATTCGGCAGGCTGGAATCGGATACCATTAAGCATCAAGAGACCGGTATCAGCGATCTTGACCTAACATTCGTGAAGGCGCGGAAATCGACTCCCCTCATGACCCAGCGATGAGCAGCGTCTGAGATTGTGTGGAACGTAATGTGATGGATGAGCCTCTGACCCGATTACAGAGGGAGGCTTACTGGTCACTTGGCTTTCGCTAAGAGCGTCCTAAGTTTCTCATAGCCCGGCGCTTCAGGATGGCAGTAGTACTCGGTCAAGGATCCGTTGCCGTTTCTGATGGAGATGCGGAAGCTCTTGCCGTGGGCCTCGATCTTCACCGTCTCAACGATGTTGAGATAAAGGTCCTGATTCACCTGGACGATGTTATCCACCGCTCTTCCTCCAACCAGTCATGCCCTCAACGCGTGTTGCCATGCAGGTCCATCGAGAGTGCCGGGATGTCATACGCGAACCGGTTTGTAGATGACCCAGGAGCACTGGGCGCAATTTAGAACAATGAATAGGAGATGCCGCCACAGCCCACCGCCTTTCTCACAAGGTGTCGGCGGTGGGCCTTCCTCGACCCGACGGCAGGTTGTGGTTGGATTGTGGAGGGAGAGCCTACGCGCTCTCGTCGGGGGTGTCAACAAGCACACGCTGAGAGAAGCTGGAATTGTATCTCATGTGGTGAGCGCCGCACGGATAGTCCGGTATAAGTCTTCCGGCGCAGTTTCTTTGCTCAGGTACGCTGAAGCGCCCGCGGCATCCATTTCATCGGCAACTGCGACGCTCGTATTGACCGAGAGCCCTATAATAATGACGTCTGGAAGGTTCGCTTTGATGCGGCGTGTCGCCTCGATCCCATTCATGTTGGGCATGTGAACATCCATCAGGATGACATCGGGCTGCAACTGTTGCGCAAGCTCGCAGGCCTGCGTACCATCTTCCGCTTCACCGACGACCGTGAACTCACGATAGAAGCTGAGAATGTTCCGCAATTCTTGGCGGAGAAGACGATGGTCATCGACCACGAGGACGTGAACGGGTTGTGGTGAGACCGTCCTGCCATTGTCTATGACTTGTTTCTGTTCCATATTCATAACTCATAGAGCACTGGCTGAAACATAGACACACTTGTCGCCTTTCCTAAACTAGCACACCCCTAGTGGAGGTTATACTGGGAAAAGTCTTAGGGATGAACAGATAGAAAGGCCCAGTGCTCATTGTCCTGGGAGGATGCGGGACGCATACCCGAATCGAGCGAGACGAACCCTGGTATAGGGACCGCTGGCGGAATCGACTCTGGGACAGGGTCTGGATCTGGTAGCAAGGGCTTATCTGGTGGCACAGGATATGGTGGTGGTATGAGTTCATCCGGTGGGGCGGGTGGCAGTGTAGACTACCGTGCTGTCATTGTATAAGTGAAGAGGGTGGGGAGCTACAAGTCTCACTCCACCCTTCTATTTTTAACCACAGAGCTGGTTTTTTGGAGCTGGGCCAAATGTAACCTTTGGCTCAGTTTCCACCAGGACATATTTGGTCATAAGATTCCCCGCGTTTTGAGAGTGTTGTTTTCCAAACGATGACTAGTTTGATGAATCAAGCACTCGTTGGCTTGGCCAAACGGGCCACATGATTGGACATCTCGGAAGGAATGCCGTGTCTGTGAAGGAAAGACAGGATGGAAAAGGAAAGAAAGAAGCGGAAGAAACTTACCCCAGCGGCCCATAAAAACTCCTACCTGATCATGCCAGGCCGGAGTCATTAGTCCTCTCATGCAAGAGGACGGTTGCTGGTGAACCCCATCACCAAATGAATTATCGTCAATTCTCTTTAATTCATGTCGTCATTCCTTGTCAATATAGATCACCTCGATGATGTCACCGCCGTTTGAGCACCTCGTCATCCCGTTTTCAGGGGAGATTCCGGCCCGCGTCGCCTAATGCCATCGAGAAGCAGATTAGGAAGCACTGGGCCGGAGAGCCCTCTGGTGTTTCGGTCAGCGGTCGCCGCTTACCAGCGATCGCGCTTTCCACTGCCACCACGGCCACCGAATCCACCACCACCACCACCGGAACGCTGCTCCATCGGTTTCGCTTCATTGACCGTTAACGTGCGGCCACCCATCTCAGATCCATGGAGCGCTGTGATCGCGGCTTTCGCCTCAGCATCCGATGACATTTCCACGAAGCCGAATCCACGGGATTGGCCGGTGAACTTGTCTGCGATGATCCTCACAGAGGCCACTGAGCCATGCGCCCCAAACAGATCATTGATTTGCTGCTCAGTCGCCGAATAAGGCAACCCACCGACATACAATTTTGAACCCATGGGGTTCCTCCTTTGAGAATGACATTGTTTGACCGTGAGAAGAATTTCACGATGGGAAGGGAGGGCGAAGACGCAATCAGGGGACCGGCTTTGCTCAGGCTTCCGATCAGATTCTCGGCAACAACATCGGTGATAGGCCGTCTTGAACGCGTTTCATGCGAGGCCCTCCGCAGTGAAACATTCGCATCGTACCAGATCGCGCGAAAAAATAGCCACCAGCCGTCTCGAACGTCATGTGTTCCGTCAGCAGCACAGCACGGTGATCGCTAGACCCTTGATGAGGGTGGCCCATGCCAGACCAAGTAGGGTGGCTTTTTTATGACGGCGGCGGCCCCTGGATAGCGACGTAGGGCGTAGCTGTAGGCGGACTCTTGAGCGCTCATGCAGGTCGATGCAGCAAATCCGTGCGAGACAATTTGTAACGCCATGCGGTCATCTTTCTCTATCATTGCGCTGTACAACACGCAGGAGAACTCTCCCTCTGCGGAGTGTTGTGTACTGATCACAAGATGCGATCCATCCGGAAAGGTCATAAGCGAATCTACGTTGAGTCGACTCATAAGTGGATGCTCCTTCGGTTGGTTGGAGAGAATGTACCTATGAGTGCAGGGGAAAGGCAGGCCAATTTTACCTGACATTGTCGAGCACATAGAAACGCACTGTTCATTTTGCTTTCGCTAGGAGGCTCTTGAGTTTTTCATAACCAGGTGCTCTGGGGTGGCAATAATACTCGGTCAGAGCCCCATTGCCATTCCTCATGGAAATACGAAAGCTCTTCCCGTGGGTCTCGATCTTCATCGTCTCAACAATGTTGAGATAAAGGTCCTAATTCACCTGGACGATATTATCCATGACCTGTCCCCTCAGCGTTTATAAATATGGGCGCAAGAACTACATTTTACTCGCGTGGCCTTGGATCTTCGTTGATGTGAACAAATGACTGCGACGATTTCGAACATGGAGCGCATGAACGACCGCTTGCGTCGATGTGGACCGTACAGCCTGAACATCGGATAGCGGGTCATGATTTGTGATCGCATAACTTATCCCTGATTAGGCCCTCTCATCATCGAACAAGACGGAGAAGCGTTTGGATATGTCTCTCTCGGTCCCGCTTCTCATCCGCACGGTGCCCCAGTTCTAAAACCCGTCGGCGCGAGAATATAGTCTCGTGCGCCTTGGCTTGCTCAAATGAATCTAAGCATCCAATGGAAGGTCTCGATCGCCACCGAACAGGACAGATAGGCGTTTCGAGATGTCCATCACGGCCTCTGCTTCCTTATCCGTCAACTGCGTTGGAATGTGACATGAGGTTCGTCAAGATCAGCCGGGAAACTGATAATAAGAAACATCCCCCGTCTGTCCACATTTGTCGCACGTCCCCTTCGGGTCGACCGGACGATGCTGGCGCTTATCCGTAAAGTAAAGCTGTATCTCAGACTCAGTGCTGGGTCTTAGCATCGATAACAGATCAGCCCATCTCGAACAGTAATGAACGGTCATGGTAGCCATGATGACGCCCTCCTCAAGTTGTGCACTCGACTGAACGAATAGCCTAAAAAGATTCGGTAGGTCACGGTACTAGACTCGCAAATGTGAACGAGGAGCCGGAGACGCTATCTCAACTGAACCGATGCTCAAGCGGAAGACCGCCTCTTAAGCGGTCTCCGGTGAGATCCTATGCCTCGCGGTCAGATCAGCCAAGCACTGGAGGTAGTCCTCGGTCGAGGCTTTGGCCTTGGTATAACAGTGACAACTCCGTTGTTCCAACCCCGTCTGGTTCGTAATTGCGACGGTATTGCGCCCCTGCTGCACGAGACCGAGTGACTCAAAGTGCGTGAATAGGTCTTTCACGATTTCGGACGCCACCCCCACTTGGGCGGAAAGAAACTCACTCGGGAACGGAAATGAATCAATACCCGTTCGCTGCCAGTGTGTCTTTAGCCACCGGGCAAGCCGTTGCGCCGGAGAATGGAACTGGCTACACCCTACCGACACCACGGCGAGATTCATGATCAGGAGATTGTGACGCGTGAGTGCGCCTTCCAGGTAGGGCAGGCTCGAGCGGTG
CP060499.1_gap26	693999	695807	1808	GCTCGGTGCCGGAGGCGATCCGGGCAAGGTGGAATCGTTCAACCCCATTTTCATGATGGCGGATTCCGGCGCTCGAGGCAGCTCGCAACAGATTCGGCAGTTGGGCGGTATGCGCGGTTTGATGGCCAAGCCGTCCGGTGAAATCATCGAGACTCCGATTACCGCCAACTTCCGTGAAGGGTTGACGGTGTTGCAGTACTTCATCTCGACTCACGGCGCTCGTAAAGGTCTCGCCGACACGGCGTTGAAGACCGCGAACTCGGGTTATCTGACGCGGCGATTGGTCGATATCGCTCAAGACGTCATTATCAATGAAATCGATTGCGGCACGCGCGACGGCATTATCGTCAGCGCTCTGGTCGAAGGCGGTGAGATTATCCAACCGTTGGAGGAACGCGTCCTTGGTCGCTTGGCGGCAGAGGATATCCGCGACCCTGTCACGGGAGAAATCATCGTATCCTGGAATGAAGAGATTAATGAAGAATTGACGAAGTCGATCGTTGAAGCCGGGGTGGACCGTGTCAAGATCCGGTCCGTGCTGACCTGTCAATCACCGCGCGGTGTGTGTCGTGCCTGCTATGGCCGTGACCTGGCCCGTGGGCGTCTCGTGGAAAAAGGTGAGCCGGTCGGTGTCATCGCCGCACAGTCAATCGGCGAGCCCGGCACGCAGTTGACCATGCGGACCTTTCACATCGGCGGCACGGCCAGCAAGGTCGTCGAACAGACGGTTCTTGAGGCGAAGCATGCCGGGCGAATTAAATTCATGAGCTTCGATGCCAAAAAGAACGCGGACATTCACAACTCTGGGATCGCAGTGCGGAACAAAGAGGGCGAATGGGTCGTCATGAATCGCAATACGAAGATTGCGATCGTCGACGACAGCGGGCGGGAGCGTGAGAAATATCCCGTCGTGTATGGGGCCAAGATCAAGATCAAAGACGGAGATCCGGTGGTCGTGGGTCAGAAATTGGTTGAGTGGGACCCCTACTCTCTCACGATTTTGACCGAGGTTGGTGGAAGGGTCGCCTACGGCGATATCGTCGAAGGTGTCACGATGAAAGACGAATTCGATGAAGTGACCGGCTTATCGCGCAAGGTGATCATCGAACATACCGGCCAGACTCTCCGCCCTCGTGTGTCGATCAAAGACGACAACGGCAAGACGGCGAAAGTGCCCGGCGGATCCAATGCCGTGGCGAGGTACTTGTTGCCGGTCGGAGCGCACATCTTCGTCGAGAAGGGCGCCACCGTGTATGCCGGGGACGTCCTGGCAAAGATTCCTCGTGAAACGACCAAGACGAAGGACATCACCGGCGGTCTTCCGCGTGTCGTCGAGCTCTTCGAGGCAAGGAAGCCGAAAGAACAGGCGGTCATCACTGAGATCGACGGAGAGGTTTCGTATGGCGGGTTCGTGAAAGGCCAGCGCAAAGTTCTTGTCGACAACAAGATGGGTGATGTGAAGGAATACTTTATTCCGAAGGGCAAGCACGTCAATGTCCACGAAGGTGATTGGGTGCGGGCCGGAGAGCCATTGATGGATGGATCCGCGAATCCTCATGACATCCTCGATGTGCTCGGCCCCAACGAATTGCAGAAATACCTGGTGGACGAAGTACAGGATGTCTATCGATTGCAAGGTGTTTCGATCAACGACAAACACATTGAGATTATCGTGAGACAAATGCTGCGCAAGGTGCGGGTTGAGGATCCGGGTGACACGCAATTCTTGCCGGGCAGCCAGGTTAGCAAGAGCCTGTTCGAAAAAGAAAACGAACGAGTGCTCACCAAGGATGGGAAGCCGGCCTTGG
CP060499.1_gap27	856370	859934	3564	GTCGAGAAGGCTCTGGTGGAAAACGGGCTGGCTGGGGCGGTGTACGGCAGGCCCAAGCATCTCTACGGCATCTATCAAAAGATGAAGAAGCAATCGATCTCGTTTGAAGAGGTCTATGACCTCACTGCGTTACGGATCATTACCGATACCAAGATGAACTGCTATGCGGTACTCGGGGTGATCCATTCGCTGTGGCGTCCGTTGCCGGGCCGTTTCAAGGATTACATCGCGATTCCCAAGTCCAATCTCTATCAGTCGCTCCATACGACCGTGGTCGGACCGAAAGGCGAGCATGTGGAATTTCAGATTCGCACTGAGGAGATGCACCGTGTGGCCGAATACGGGATCGCGGCCCATTGGAAATATAAGGAACAGGGGCGGGTGCAGGATAAAGACAGCAAAGCATTTGGATGGCTGAGGCAATTCATCGAATGGCAAAAGGACTTGCCGGATAACCGCCAATTCATGGATTCGGTGAAACTCGAGCTGTTCCACGACGTCGTGTACGTCTTTACGCCTAAGGGAATGGTGAAAGAGCTGCCCAAGGGGGCGACCCCGGTGGATTTTGCGTATGCCATTCATACGGAAGTGGGCGATCACTGTGTCGGTGCGAAGGTCAACGGTAAGATCGTTCCGCTCAAGCATGAGGTGACGAGCGGTGATACCATCGAGATCCTGACGTCGTCCAATCAGACTCCGCACAAGGACTGGCTCAAGTTCGTCCGAACGTCACGGGCAAAAACAAAAATCAAACATTGGATCAAAGCGGAGGAACAGAAGCGAAGCCTGGAAATCGGCCGGCGCTTGCTCGAAGCGGAGATCCGTCGTCATGGGTTAGCTCCGGCACAAGTGTTGAAGTCCGATTCACTGCTCGAGATCGCCAAACAAGAAGGATATGAATCGACTGACGAACTGGCCGCAGCCGTTGGATTCGGCAATGTCGCCACGGCTCAAATCGTCGGAAGGTTGATCACCCCTGCATCCGGGAATGCGCCTGTTCAGCCGGAACCTGTGACCCTCCCAAAAGTCCCAAGCCGGGGAAGAGAAGAACGGGGAGTTCAGGTGAAGGGCGGCCGTGATCTTTTGATGCAACTGTCCCGCTGCTGTAATCCGGTTCCCGGTGACAAAATCTTGGGATACATCACCCGCGGAAGGGGTCTGACAATTCATTCTGTCGACTGCCCTAACTTGGAAGCGTTAGATTATGATCGAGAACGGTTGGTTGAAGTGGAATGGGATACCGCCACGCCCAGCCAACACGCGGTAAAAATCGCCGTGATTGCGGAGGATAAGACCGGGGTCCTGGCGAATGTCTCGTCGGCCATCGCTGAGTGTCAGGCGAACATCAGCCGGGCCGAAATCATCACCAGGGAAGACCGCAAAGCCGAGCTGGATTTCGTGGTCGAGGTTGCCGATACGGATCACCTGAATCGAGTGTTGAAAGCCATCGAACGGGTAGAGGGTGTCATTACGGCGAGACGTCTGAGATCTTGGAGACAAAAATCATGAGCGAGTGCGTCGCAGGAATAGACTTAGGGTCTGCCGAACAGTAATTTTGTTCCTTTCTCGATCTTATACCCATCAATCGTACCGCCTGCAATCTCGAGGACGTACACGGCATCATCGCTATTCGGACGATATTGAGGACATGAATCGTCGGTCTTGGTGCAAATCGGCACGTTCCGTTCGACATGCGTGACTCGCTTTTTATCGTCCAACCAGATCAGATCGAGCGCAATCTTGGTATTCTTCATCCAAAATGACCACGCCTGGGGTTCGCTAAAAAAGAACAACATCCCATGGTCTTTCTCGAGGTGATCTCGGTACATGAGGCCCTGAGCACGCTTTCTCGGCGTGTCGGCGATTTCGGCCTGAATGGTGACGCCTGAAGGAGTCTGGATCGAGACGAGCCCGGAATCGGCCGCGAGACCGATTGGAATAGTGCCGAAGAGTGACCCGGTGAACACCAAGGCGCAAAGAGCGAGGAACGAAGGAGCCCTGCCACACATGAGCGCATCGTAATGATCGCCTCCTCTTCAGTCAAGAAGGCCATCCGATGAAAATGGCGGCCGGCCCGTCTCCGGTTCCGCGAATATTGCAATCATGTCGGAGGTTGTGCCATCCTCCTCCGGCCGGATTCGACAGAGAGGAAACTATGCAGGAAAAACGGCGGGTGCTCTATAAAAAGGGAGTGTTCGTGTGTCCAGGATGTCGCCAATCTTACGTCCAGGAGAAATGGATTGAAGAATGGCGGATTCGTTGCCATCGCTGCACGTATCGTGGAACGCTGACGGAAGTGTCGGTTGAAGAACACATGGAGGAAGAAACGTTTCGGCACTAGCGCCTCTCGTTTCTCCCATATCCTGGTCGTGACGTTGTGCCATCACACCAAATACGGACCGCTAGGCTGAGTGAGTGGAAGTGGCGGCGTCTCTTGGTCGTCGCGCTGACGCTGGTCACGGTTTGCGCCGGCTGTGTATCGAAGTCTTTAGCGGACGAAGCCTCACCGTCGATCAAAATCCTCGTGACTTACCATTCTCTCTCGGGAAACACCGAACGTATGGCAGAAGCAGTGGTCGCCGGCGCACGATCCGTCTCGGGCACCGAGGTTGTGGTCAAGCGTGTCGGACAGGTGACCGCGGAGGAACTGTTTGCCGCCGATGCGGTAGTGGTCGGCTCGCCCGTGTATTGGTCCAACATGTCAGGGGAGGTGAAAACCTTCTTCGATAACTGGCAATTCAAGTTCGGTGTCTTTCCTGAATTCAAGATGAAGAACAAGGTCGGTGCAGCCTTCGCCACAGGGGGGCAAATCTCAGGGGGTAAGGAAGTCACCATGTTGACCATTCTTGCCGCAATGCTTGGGAATCAAATGATTGTGGTGAGCGGCGGTGGCGCGTTCGGGGCGTCGGCGACAACCGAGGGTGACAGCCCAGGGATCGATAATAAGGAGCTTGCAGAGGCCAAAGCGTTAGGCCAACGTGTGGCCGAGGTCACGAAGCTCGTCAGAGTTGGTTCGCCGCGTTGAATTATCCTGTGAAAGATGCGAGGAAGGGACACGGAATCTCTTCTCGTAAACCGGCGCGTGCGGGGAACGGATGGTTACCGGTCCACAGTGCTGGTCGCTGCCCCTTGGACCGCGATCTCTACAAATTCATGAATATTCCTCGCGCAGCGGCCACAACTGCCGCTTTGCTTGAGGCCAAACTTGGATTTGAGCTGACATGGCATCACAAATCCTGCTCGCCCTGCTTCACGAACATCAGCTTCTGTAATTCCTTTGCACAAGCAAACGTACATCTCTCCTCCAGATGAACGATTATGAGAAGCATTCTCAGTATTTCATGACTTCGAGAATTTGTCAAGTCCTTCCCAGGCGGTAACCAGAATCAAGGATTCACTTTGTAGATTCGACGGATAGAGGCTACGAGAGGGTCAGTTCCAGCTGATCGACCATATCTCGGACGGTATTGAATCCCGACTGCCAAAAAGCCTCTGATCCCATATCAACCCCCACCTTGCTCAGGATGTCTTGCGGCGATTGAGATCCTCCGGTTGCGAGCAGGT
CP060499.1_gap28	960559	962321	1762	GCGCGAGTTCGGATGTGGTGTCGTAGCGAAAGATTTTGCACCGGCCTCCCTCGCGCGCGCGCTCAATCACCTGACATCGTCCGATATTGATCGGATGAAAGCCGGCTCCGAGCGGGCGGCGCAGACCCATACTGCTGAACGCAATGCCGAGAAATTGGGCCAGGTGGTGGCTGACGTACTTGGAGAGTTGTAGCCATGTGTGGTATCGCAGCGCTCTTTTGTCCTGATCCCTATCCCTTGGACGATCTTATTCGAAAGATGACCACGGTGGTTCGCCATCGAGGCCCAGACGGCGAAGGGGCTGTGATGTTTTCAGCTCGGGATTTCGTATCGACACCGGTTGGAGGAACGGATACTCCGGACGAGGCGTACGACTCAAGACTGACCTATGCGCCCAGGCGGAATGGTAGGCCGGTCATTGATGCGGTTATGGCGTTGGGCCATCGCCGTCTTGCCATCATCGATCTCTCCGTAACCGGTCACCAGCCGATGTGCACGGCGGATGGCCGCGTGTGGATCACGTATAACGGAGAAATCTACAATCATCTCGAACTGCGGCATGAGCTTCGGCAACTGGGGCATGTCTTTGTCTCGCAGAGCGATACGGAGGTCATCCTGCAAGCCTACCTCGCCTGGGGCGCACAATGTGTCGATCGATTCAACGGCATGTTCGCCTTCGTGCTCATTGACCGAAGGGCAGGGCGGGTGTTTGCCGCACGCGATCGATTCGGCGTCAAACCGCTCTACCTTTGGCGTTCGCCGGAGGGATTGGTCGCCATGGCATCGGAGATTAAACAGTTTACGGTGCTGCCGGGGTGGTCGCCAAGAGTCAACGGGCAATCAGTGTATGACTTCTTGAACTGGGGATTGCTCGATCATAGTGAAGAGACGATGTTCCAAGGTGTCTGCCAGCTCAGAGGAGGCGAGTGTGTAGACGGATCTATCGAGGATCTTCAAAAGACTTTTCCGGTTCGCAGGTGGTATCAACTGACGCCACGTCCTTTTTCAGGGGACATGAAAATGGCCGCCGATGAGTTTGTTGCGCTGTTTACGGATGCGGTACGGCTTCGTCTGCGCGCCGACGTCCCCGTCGGATCCTGTCTGTCCGGCGGGCTCGACTCGTCGTCGATCGTCTGCGTGGCGAATCTGCTCCTCCAATCCACCGGAGCTGGATACCACCAGAACACCTTTTCGGCTTGCGCCACGGAGAAACGATTTGATGAGCGGAACCATGTCGATGTCGTTGTCGGGCACACCGGTGTGAAATCTCATTACGTCTATCCGAACCTGGACGATCTTTTCAAAAAGCTTGATGCCATGACCTGGCATCAGGATGAACCGTTCGGTTCAACGAGCATTTGCGCCCAATGGGAGGTCTTTGAGCTCGCGAAGCACGCACGCGTGAACGTGTTGTTGGATGGGCAGGGGGCAGATGAGCTGCTCGCTGGTTATCACGGGTTTTTCGCCTCGCATTTTGCCGGACTATTTGTGATGTGGCGATGGGGGACATTGCTCCGAGAGGCGCGCGCGGCTAAGCATCTTCATGGGCTGAGTTATGCCAGCTCCGCCAAGTACCTTGGGAACACAGTCCTGCCCGAACCGTTGCGTCAACCTTTGCGCCGGCTCTTTGGAAAACGATCGTCGGTGCCTTATTGGATCAATCGAGAACGGCTTGCATTTGATGCCCGAGATCCCAATCTCACCTACGGCGTCAAAACAACCTCAGTGAACCAGATGGCCCATGCCATGCTGACAGCCACCA
CP060499.1_gap29	997907	1002565	4658	CATGGACCATGTGATCAAACGGACACTCGATCGGGAGACCCTATGGCTGGCTCAGACCCCGCAAGCCTTCCGGCGAGATTGGTTGTTGGCAGCCCATCGGAAGGCTCATGGTGAGGGAGTTCGCGCGACGGATGACGCTTATTTGATGGAGTGGTGCGGCTATCCTGTGTCTGTGGTGGAGGGGAGCGGAGAAAATATCAAAGTGACGAGGCCGGAAGATATGGCGATCGGCGAAGCAATCTTGTCGTCACGCCGATCGGACAGCATGAAAGGATCGACATGAAAAGAGGCTTTCGTATCGGCTATGGCTACGACGTCCACCCACTCGGACCGGGCCGTAAATTGATTCTTGGGGGAATTGAAATTCCGCACACGAAAGGATTGCTCGGCCATTCCGATTCCGATGTGCTGGTGCATGCGGTCTGCGATGCGTTGTTGGGCGCGATGGGAGAAGGAGATCTCGGGCGGCACTACCCGAGTTCAGACCCCAAGTACAAGGGGATCTCGAGCTTGAAACTGTTGGAAGATGTCATGGCGAAGCTGAAGGCCAAGGGGTATCAGGTGGGAAACATCGACACCGTGATTGTGGCCCAGGCTCCGCGGCTCGGCCCGCATCTGGCGGCGATGCAGAAGACAATGGCGGAGACTGCGGACATCGATCCTGCCCTGATCAATGTGAAGGTCAAGAGCGGGGAAGGATTAGATGCGGTCGGGCACGAAGAGGGAATGATCGCTCACGCTGCATGTTTGATCGAGCCGGTCTGACGTCGTACGCTACTCAGTCGTGTTGACGAAGATCAAACAAGACCTCCAGGCGATTTTTGATCGGGATCCCGCGGCAACCAGCAAGCTGGAGGTGGTCCTGACCTATGCCGGGTTTCATGCCCTCCTGGCCTACCGCTTCTCCCACTGGCTGAAATCACATGATGTTCCGATTCTGCCGCGTGTTGTTTCGCAGTTCGCCCGTTGGGTGACCGGTGTTGAGATACATCCTTCCGCCAAGATCGGGACCGGTTTTTTCATCGACCACGGGATGGGAGTCGTGATCGGGGAAACGGCCGAAATCGGCGATTATGTGACGCTCTTTCAAGGAGTGACGTTGGGCGGCACGGGCAAGGAGCGGGGGAAACGCCATCCCACTCTGGGCAATCACGTCGTGGTCGGGGCCGGTGCCAAGATCCTTGGCGGCATTACGATCGGCGATAACGTGAAAATCGGCGCAAATTCCGTCGTGCTGAAGCATGTCGCGGCCAATTCAACCGTGATCGGCGTGCCCGCCCGTGTCATTAAGACCCAGGGGACGCGTTTACCAGATGCGACCATGGATCAGGTCAATCTGTCCGATCCGATTTTTGACCGGCTGATCGCCCTTGAACGCGAATTGATCGAGCTCCGCAAGAAGCTCGAAAACCCGGACAAGCCGCGTCCCTAGGTTTCTTCACTCGACCTCTTCGTTTTCTCCTCGCCCGCCGCTTGAGTGCACTCATTTTCTCCGATTCTTTAGGCCGGCAGTCCCAATCCCGCCGGCCGATCTTCCAATTACCTTCCATTAGCCCCAGCTTCTCGTCTGTACACTTCACCGTTCTAATTCATCACCGTTCTCCGGACTGAAGGTAGGAAGATTTCTCCCGGGGAAATAGGGTATTCTCTCCGGCGAGCCATTAAGTATAGCGGCAGCCGTATCGAACAGTATCGGCAGGAATAAGGAAGGGAACTCATGAGTTCAACACCAGGCAGCACACCGGCGCGCCAATTTAAGAAGCTCCTGATGTCCGAGCAGTTGGAATTCATCTGTGAAGCCCACAATGGTCTGAGCGCAAAAATAGTTCAAGAAGCCGGCTTCCGAGGTATTTGGGCCAGCGGCCTTTCCATCTCGGCGCAATTCGGTGTCCGCGACAACAACGAAGCCAGTTGGACCCAAGTCCTGGACAATCTGGAATTCATGTCCGATGCGACGACGATTCCGATTCTTCTCGACGGCGATACCGGATACGGCAACTTCAATAACATGCAGCGTCTCGTCCGTAAACTGGAGCAGCGCCGTATTGCCGCGGTCTGTATCGAGGACAAGCTTTTCCCCAAGACGAATAGCTTTATCAAGGGGGACGCCCAACCGATGGCGGACATGCAAGAGTTTTGCGGCAAGATCAAGGCAGGCAAAGATGCCCAGACCGATCCGGACTTTTCCATCATTGCCCGGGTGGAAGCATTTATCTGCGGCTGGGGGCTGGCGGAAGCTTTGCGGCGAGCCGAGGCCTATCGGCAGGCAGGTGCCGACGGCATCCTCATTCATAGTGCGTTATCGGTACCGGATGAGATCCTGTCGTTCAAACAAGAATGGGGAAACCGATGCCCGGTCGTGATCGTGCCCACCAAATACTACGCCACGCCCACCGATGTGTTTCGGCAGCATGGATTTTCCATGGTGATTTGGGCCAATCACATGCTGCGGGCCGCGGTGGCCGCCATGCAGAAAACGGCGAGGATTTTAAAAGAACAAGAACATCTCCTCTCCATTGAAGACAAGGTCGTGCCGGTTTCAGAAATCTTTCGCCTGCAAAATGCTGCGGAATTACAGGATGCTGAAGACCGATACCTTCCCCGCGGCGCCGAAAACACGTCCGCCGTCGTGCTGGCCGCCTCCCGCGGGGAGGAACTCCGGGAGTTGACGGAACATCAGCCCAAGACGATGGTGAACATTCAGGGCGCGCCGATTCTGTCTCACATCGTGGAGGCGTACAACGCCGTGGGGATCAAAGACATCACGGTCGTGCGCGGGTATAAAAAGGAAGCGGTGACCCTGCCGAACTTGACCTATCTCGACAACGATGACTTTGCTGAAACCGGTGAACTGGATTCCCTGGACAAAGCTCTCCGGGCGCGGAAAGGCCTGGCCAAGGACCTGATCGTTTCGTACGGTGACGTGCTGTTCAATAAATACATCCCTCAGGCGCTCTGTCAGGAAAAAGAAGACTTTGTGATCTTCGTGGATAGCGATTGGCAGAACCAAAGCAGCTATGCTCGCTTGGGCGGTTTTGCCGAATGCTCTTTGCCCAATTCAAAGAAGGCCTTTAACGCGAAGATCTATCTCAAGCAATTGGGAGATACGGTTCCGAGAGAACACACTCATGGAGTCTGGATGGGTTTTCTGAAAACTTCTCCTGCTGGAGCCGTCCAGTTACAAACGATTCTGACCGCAATGCTGGCCGATCCCGTCAATCGCAAAGCCGGCATCCCCCATCTGTTGCAAGAACTGCTAAGGCGTCAGCATCCGATTCGCGTGCTGTATACGGTCGGCCACTGGCTTGATATCAACAGTCTCGATGACGTGGTTCAAGCAGGTAATTTTTGACTTCTGCGCGCGTTTTACGCGCGCGCACTCATCTCGTCATGATGGGGTCGCCGCCGGGTAATTCGGGATCGCCCCACTTGCAACGTATTCGTACTCAATCGTTCTCTATGGAGAAGAGTCCATGCTGAACCCACAGGAATTTATTGAATGTCTGAAAGAGAATGGCGTTGAGTTTTTTACGGGAGTGCCGGATTCCCTGCTTAAAGATTTGTGTGCCTGCATCGCTCATACGAGTCGAACCGATCGGCACATCATCGCCGCGAATGAAGGCGGAGCCGTGGCTTTGGCACTGGGGTACCACTTGGCAACACGGAACATTCCCCTCGTCTATCTACAGAACTCCGGGTTGGGCAACGTCATCAATCCCCTTTTATCACTGGTTGATGAAGAGGTGTATTCGATTCCTATGCTGTTCGTCATTGGCTGGCGTGGCGAACCGGGGTTTCACGATGAGCCTCAACACAAAAAGCAGGGTCGAGTGATGCGTCCCATGCTTGAGGCCATGGAGATTCCCGTTTCCGTGTTGGGGCCGGAATTGGATCATGCGGCCACGATCGTGAAAGACGCACTTACCTATGTCCGAAAGACCAGCGGCCCCTATGCCCTCATCATCAAGCAAGGTACCTTTGGCACCTTTGTTGCGCCGCGGACTGAGAAAACGGAGTTCCCACTCACTCGGGAAGAGGCGATCCAGCAGGTGATCGATGCCCTGGAGCAGCGAGATGTGGTTATCTCTACCACTGGCATGCCTTCTCGGGAAGTGTACGAATACAGAAGCAAAAGGGGTGACGGCCATCAGCGCGATTTCTTAACGGTTGGCGGCATGGGACATGCTTCTCAAATCGCGCTTGGCATTGCGCTTCAAAGACCTGAGCGCTCCGTCTATTGTCTCGATGGAGACGGCGCGCTTCTGATGCACATGGGGGCTCTGGCGCTCAATGGAACGCTCAAGCCCAGAAATTTTAAGCATATTATTCTGAACAATGGCGCCCATGATTCGGTCGGTGGTCAGCCGACAGTGGCACGGGATATTGATATTCTGGGCATTGCTCGTGCCTCTGCCTACGAACAGGTCCTGAGGGCTCAAACGAAGCAGGAACTCCAGTCGTGTCTGGAAGAGCTGAAACGCGCAATTGGTCCGAGCCTACTGGAAGTCTGCGTACGCCGCGGAGCGAGGAAGGATTTGGGCAGACCGGCCACCACGCCGGTTCAGAACAAGAACGCCTTCATGGAGTTTATCGAGCGCAACGGTTAGCGAATACGCGAAGCTGGACGTAGGTTAAGTGCTACATGTGGTCCTCGTGGA
CP060499.1_gap30	1115322	1117792	2470	CCGAAGTTCTATTCATTGTGGTGTTCAGCAAGTGACGCCGGCATGGCAAGAATACGTTCTTCTATCCAGGGAATGGAGCCCAACGATGCGAAGGACTATCTCTACTTTGAGCACCGGCTCCAAGGATATCTGCATACGGCAGCGTATTATAAACAATTGTATTTTGATCATCGGAACGTCTTATTGGACGACTCCATCCTTGAATTTCTCGCTCGGGTCCCCCCGCAATATCGACTCGATAAGGGGTTATTCAGAAAGGCAGTTCATGAGCTGAATCCGATGTTGGCCACCATTCCCATTGCCAATCGAACCGGGTATGAAAACTGGGGAAATGAATTAGTGTCAGCCTCGTCACTACGGGAATATACACAAAACCAACTGAACGATACCCAGAGCGGGGTATGGGAGTATTTTGATCGGCCCGCCGTGGTGAAATTGTTCAACGCGCTTTCTCTCACCTCGCCGTCCACGGCGTCACGAGAACAAGGGAAAGCAGATTATCTTAAGAATCGGATCAGAGCAGGAAGAAATAAGGCATTGTTTGCATGCTTCCCTCGCTATGCCACGGAGCTTCGTGCCAGCCGATTGCAGCGAGCGTTGCTCCCCTATGTTGTGATCCTTCGTTTTCTGGTCTTTAAAAACTGGCATGACCGGTTTGTTTCAAAATCCGGCGCGCCGTCCTCTCATTAATTGACCTTCGGGCCTGTCGTCGGTTGCGGAGTTGATACCCTATTGCCGACGGATCTCGTTGACACGGAAGCGTACATGCACTTACGCTGAACTATTATTCTGGGCTGTTATGGAAATTGGTGTATTATCTCGGCATGATCTTGTCTGAGTGCGAACGCTCCCTACAAAAGAGGACTTTCCCACAGCCCGGCTCTATTCGAGAATACTTGTTGTGTTCCGCCTGGCCTGTTAAACCGGTGTCTCTGTTGGAAGGGCGTAGGAATTTGTCCACATCATTTGATTTTTGGGTTGTCAATGGTGTGGATCCCACGAGGCGAGCCAGTAATCTTTAGAAGCCAGGACGACGCCTCTTGGTGCTTGGTAACTGATGGCTTGGGAAAAAGTGATGAGCGTTCCCTCACCCTATGTATCCATTATTATGCCCTGCAGGAACGAGGTAAAGGATATTCGTTCCTGTCTAGAATCGGTTGTGGAGAGTGACTATCCAAAGGATCGGCTGGAATTGCTTGTCGTCGATGGGCAGAGTGATGATGGGACCAGAGATATAATCGATAATTTCAGCAAGCAGTATCCATGGATTAGACTTCTCGACAATGATCGCAGGATTACTCCTGCGGCATTGAATATCGGCATTTGCGCTGCTAGAGGACGAATCGTGATGCGGATGGATGGTCATACGGTGTATCCATCCGATTACGTTTCGAAACTCATTGACTGGAGCGAACGGACTGAAGCCGATAATGTGGGTGGAATATGTATCACACGACCTGCCAATGACACCCCCAAGGCGCATGCGATTGCTGTTGGGCTCTCTCATCCGTGGGGGGTAGGAAATTCGCACTTTAGGATCGGAGTCACAGCGCCCAAATGGGTGGACCATGTTCCGTTTGGATGCTATCGAAGAGAAGTCTTCGACAAGATAGGGTTGTTTGATGAGAGGCTTATACGCAATCAAGATGACGAACTGAATCATCGATTGATCAGGCACGGAGGACGCGTCTTACTTGTGCCGGAAATCGTGTCCTACTATACCGCAAGAGATTCTCTTAAAAAACTCTGGGTTATGTATTACCAGTACGGCTACTATAAGCCGTTTGCTGTGCGAATGATCGGCGCAGTGATGACGATGCGACAACTCGTGCCATCAGCGTTTGTTTTGTATGTCGTTCTCACTGCGGCGCTTGCGCTCCAGTCGAATATTGCAGCGGTGTTGTTGGCGGTCGGCGTCTTTGCATATATGACGAGTAATCTCAGTATTGCGGTTGCTGTAGCGCTGAGCAGAGGTGTGCGGTGTGGCCTTTGGTCGACGATCGTTTTCCCCATCCTTCATATAAGTTATGGGGTCGGGTATTTGAAGGGAATTCTCGACTTCTTGATTCTGCGAAAACAAGAAGCGTCTGATTCGTTTGCGATTCGACTGTCGCGATAAGTTATGTTGGTCTCTCACGTCGACATTTCTTTTGTACTTCGTCAGGGGTGTGTTCGTGAACCGTGTTATTCAAACCGGAACTGACCTTGCTGATGCTGAACCGGACTTTCAAGGATGTCTGAGGCCATGAGATACAGTACGCCGGTCATCTCTATTGATGTGGAAGATTGGCCGCAATCCACCTGGGACCGGAATCTTCCAATCACGGAACGAGCCGTTCGGAACACGCGTCACCTCTTGGGTCTTCTGCGGGAGGAGGGGGTGCAGGTGACGATGTTCGTGCTCGGCAAGTTAGCCGAACGCTTTCCCGAGGTCGTTAAAGAAATACATGCCGATGGTCATGAAGTGGCG
CP060499.1_gap31	1119997	1121518	1521	CGTCCAGCGGAAACGACGGCGTGAGTTATCATCATATCGGCGGGACCCGCATGGCACACACGGTTGAAAAGGGTGTTGTCGATAGGAACTGTCGTGTATTCGGACAAGGGAATTTGTACGTTGCCGGGTCATCGGTTTTCCCAAGCGGCGGGGAAGCCAATCCGACTCTCTCGATCATTCAGCTCTCATTGCGATTGGCTGATCACTTGCGGAATATATAAACTCAACGGTGTCGTGGTGTCTTGAGCATATACCCACCTGCGTAACATGTGCATTATGTACACGTCGATACCTCACACTTCGCTTCGATAAGAGTTTGAAATAACCCAATGTATCGATATCTCTTATGCGTGTGAGCCGATAGCGAGGATGTGGTGGCGTCAAATTTACCTCCCTTGATACGTGATCCTTTTCCTTCCGGACAACACGACTCCCATGTCGATTCCAGGAGCCCGGCTCCTGTCGTTTCACAGCAAGACCTGCTCCTGCTCGTCTCGCTCATTCTTTTCGAATCGTCGATTGCGACTCTCGCGATGGCACTGTACATGAAGGGTGAGCGGTTCTTGGGCACATTCCTTTCCAGTCGCCCTGGCATTGCGGCTCTGTGTGCAGCCGGCATCCTCATTGTGAGCGGCACTGTCATTGTTCGTCGATGCTTGGCGAACATGCGGTCATCCTCGAGCCATTTCCGCTTGATCGTGACCATGAATTTTGTCACCGTTCTTCTCATACTGATCACAGGCGAAGCCGTGGTCAGAGTATCGGCTCGGCAGTCCTTAGAAGGCGAGACCCTGTTAGGCAAGGCGTTGGTGCCAAAAAATTGGTCCGGGGTAGCGCTCCGCAATCGTCAGCTTCTGAATGAGGCCGGTGCACGCCTTACCTATCTGATATATGATGATCGCCTGGGATGGACGGTCGGACCGAACAGGCGAAGCGCCAATGGGCTCTACTATTCCAGCTCCGAGGGACTGCGTGCGCCCCCGAGGGTGTCTCGCTCACCACGGTCACTGAGAGGACGCGCATTGCTTTAGTAGGGGATTCCTTTACATTTGGCGAGGACGTGGCATATGAGGATACCTGGGGACATCTCTTGGAGCAAGCGCTAGGTTCGGATGCTCAAGTCTTAAACGCCGGGGTGGGGTCATACGGTCTGGATCAGGCGTTCCTACGGTACAACGAAGATGTCCGTCGGTGGAGCCCTAAGGTTGTGATATTAAGCTTTATCAGCGCTGATGTGGTTCGCACGATGAGTGTGTATCCGTTTATTGCCGCTCCTCATTGGCAAATTCCTTTTTCAAAGCCGCGCCTTGTCTTGCGTGACGGTGGCCTCCACACACTCAACATTCCTCCTGTGGCACCTGAGGCCATCTTTTCCAAGGGGTCGATTTCCGAGCTTCCTTTTCTCGAACAGGATAAAGGATACATCGACAGTCAATGGCTTCAGAACTCGGCTCAGCTTTCATACCTCGCCCGGGCATTCATGACCTTGTTTCCACGTTGGAGTCCTGTCCTTTCTGATGT
CP060499.1_gap32	1264860	1267003	2143	AGCATCTATCAATCCGGACTCAATCGTGTGTATTTAGAGAAAGATCCTGCTCCTCACGTGAACACTCATCCAGCGGCATTAACTCCAAGCGAGGTCGGTTCGTTGTTGAGAGGGGTGCGCATTTGGAAACAACGCAACATGGTCCATCAACTCCTTTCCGGAGAAGCCGAGCGAACAAGGGCCTTTCGCAATGAAGAGGTAGCGGTGCTCGCACCGGCAATTTCCAGGGCCTTGGAGCTGGCCTCGCCGGATCAGCGTGTCTATTTTCACCTCGGTCAGGTGACTGAGTATGGAGAAGAGGAAACGACATCCGGTTGGCTGTCCGTTCAAGGCAATCTGCTGTATCTCGCCTTGAGCGAAGCCCATGACCGCCATAGTCCTGGGCCTGACATCAGCAAGTATGACCGTCAGATGCCGAATGTGCCCGAACAGGCTCCGGCCTTTCATGCGACATTTGAGCCGGAAGAGTATTTGCACTCCACCCGTTCCGGTTGGAGCTTGTTCACGATCGACCAGCGGGAGGAACTGCAGATTCGGTACCGTGACGCACTTGACGCGCTCACAAAAAGTCCCCGCTCGTGAACGAGCAGTCCGGTTCGACCGGTCTGAACGGGATTGCTGTCGTGGAGGCGATTGGGTCATGAAGACTGAGAAGAGAAAGGAGCATGTTGTGCGGATAAAACGGTTAGCACCTATATCTATAACGGCAGTGTTGTCTGGATTGCTTTTGCTGAGTTCATCGCTTCAGGCTGCCGAATCGGTGGTCATCTTAAATGTGTCCTATGATCCGACGCGGGAGCTGTACCAGGAATTCAATGCGGCCTTTGCCAAGTATTGGCAGAAGGAAAAAGGCCAACCGGTCGTCGTCAAGCAATCGCACGCTGGGTCCAGCAAACAAGCGCGGGCCGTGATCGACGGCCTGGATGCCGACGTGGTGACGTTGGCCTTGGCCTATGACGTGGATGCCATCGCCAAAGCTCGCCTGTTGCCGGCAAATTGGCAGACACGGTTGCCACACAACAGTTCACCCTATACCTCGACTATTGTCTTCCTGGTGCGGAAGGGAAATCCCAAAGCCATTCGTGATTGGGACGACCTCGTGAAACCCGGAGTGGCGGTCATTCCTGCCAATCCGAAAACGTCGGGGGCCGCGCGCTGGGCCTATCTGTCCGCATGGGGCTATGCACTGAAAAAATATGACAATAGCGACACGAAGGCTAAGGAATTTATCGGAAAGTTTTACGCGAATGTGCCGGTGCTCGATTCGGGTGCACGGGGTGCAACCACGACATTCGTTGAGCGCGGAATCGGGGACGTGCTGGTCGGATGGGAAAACGAGGCATATTTGGCGCTCAAGGAATTCGGCGCGGGGAAATTCGAGATTGTGACCCCGTCGGTCAGCATCCTCGCTGAGCCGACCGTATCGCTCGTCGATTCGGTGGCGAAGAAAAAGGGCACCGAAACCCAGGCGCAGGCCTACCTCCAGTATCTCTATTCAGATGAAGGCCAGGAGATCGCAGCCAAGCACTTTTACCGCCCCCGTTCGGAGGCGGCGTTGGCCAAATATGCGGGCCAGTTCTCGAAAGTGAGTTTGTTTACGATCAATGACGTATTCGGAGGGTGGCAAAAGGCACAGCAGACACATTTTGCAGACGGTGGAGTCTTTGACGAGATCTACAAGCTGAAATAGCTCGCCGAGCGCGGGGCTAATGGCGGAGGCGGCAGGGAGTCGGGGGTGATTCCGCCGAAGTGTTCCGGAAGCGGTCGGGCGGCAGAAAAAGTCGCGTAGAGCATTGGACGGGGCGCAAGCATCGTGATCTGGTGCGATCGATCCCTAAAGGCACTGAGGCAGTCGTCGTGGTGTTGGACCGGGTGAGTCATACATTGGCAAGAAGAGTGCGCGGTGAAGCGTCGCGCCGAGGATTGCCTGTGTATTTTTTGAAGCGAGGCCGACAGATGGATGTCGATGCGCGCTCGGAATCTGTTTGTTTTGATTCTCGTCGATATCGGGAACTTTCTATCAATGGGTAACCTCGATCAAAGAATTCCGCATGTCGGCATTGTCGCCGGAACGGCTGAGGGAGCAGCCCTCTGTTACCGGACCTTGAGTCTGGAAGCGGAGCATGTCTTGGGGCGCCGAGAT
CP060499.1_gap33	1268586	1270670	2084	ATCAATAGGAACCTATGAATTCTGTCACGACTGCCGCCGACAAGGATCTGGAGTGGAAAGATTCGCTCACGACCGAGAGCTCTCTCGTCCGTAAGCTGTTGATTGCCGCCGCGTTCCTCTATTTGACGCTCTTCCTATTCGTCCCGATTGTCGCCATCTTTAGCGAAGCGTTGAAACATGGACTCGCCAGTTACTTCGAGTCGTTTCTCAATGAGGATGCCCTTGCGGCGATACGTTTGACCCTCCTGGTCGCGGCTGTGGCTGTGCCGCTGAACGCCGTCTTCGGGGTGGCGGCGGCTTGGGCTATCGCCAAGTTCGAATTCATCGGTAAGCAGGCGCTTATTACCCTGATCGATATGCCGTTGGCTGTCTCTCCCGTGATCTCTGGATTGATCTATGTCCTGCTCTTTGGGGCTCAGGGCTGGCTGGGGCCGTGGTTGGCCGAGCACGATATCAAGATCATCTTTGCGTTGCCCGGTATCGTCCTCGCAACGATTTTTGTGACGGTTCCGTTTGTCGCCCGCGAGCTCATTCCCCTTATGCAATCGCAAGGGCGTGAGGAAGAGGAAGCGGCCATCACGCTGGGGGCCTCGGGCTGGCAAATGTTTACACGCGTGACGCTGCCGAACATCAAATGGAGTCTCCTTTATGGGGTGATTTTGTGCAATGCGCGTGCGATGGGTGAGTTCGGCGCGGTGTCGGTGGTCTCAGGCCATATCCGAGGGCTGACGAACACGATGCCGCTGCATGTCGAGATTCTATACAACGAGTACAACGCTGCGTCGGCGTTTGGCGTCGCCTCACTCCTGACCCTGTTGGCGATCGTAACCCTCTCGGCAAAGGCGCTGATCGAGCGGAAAACAGCCTCACCGCATCAGCGCATGCCCTAGCGGTCACTGGACACAGATGCCTATATTAGCCAGGAGTCCATCATGAGTATCCGGGTCGATCATGTTACGAAACGGTTTGGAACGTTCACGGTATTGAACGACGTCAACCTGCAGGTTGAGGCGGGAGAACTTGTTGCGCTCCTCGGCCCGTCCGGTTGCGGCAAGACGACGCTGCTGAGAATTCTCGCTGGATTGGAACGACCGGATCAGGGACGCATCTTTCTACACGGCACGGAGGTGACGGATCAACGAATCACCGAGCGCCGAGTGGGATTCGTCTTCCAGCATTATGCGCTGTTTCGGCACATGACCGTGGCGGAGAACGTCGCGTTTGGACTGAACGTGCTTCCTCGGACACAACGCCCTTCTGTAGCGCGAATACAAGAGAAAGTTCAGGAGTTGCTGAGGCTTGTGCAGCTGCAGGCGATGGCTGATCGGTATCCCAGTCAGCTCTCGGGAGGCCAGCGACAACGTGTCGCACTGGCCAGAGCATTGGCGGTGGAGCCGAAACTTCTTCTGCTGGATGAACCGTTTGGAGCATTGGATGCGAAGGTCCGTAAAGAACTCCGCCGATGGCTCCGGCGGCTCCACGACGACTTGCATATTACGAGCATCTTAGTGACCCACGATCAAGAAGAAGCTCTGGAAGCGGCTCATCGTGTCGTCGTGATGCATCAGGGGAGTATTGAGCAGGTGGGTACACCGGATGAAGTCTATGAAAATCCGGCAACTCCGTTCGTGTACCAATTCCTCGGCGATGTCAATGTGTTCCACGGGCGCATTTCACATGACCGACTCTTGGATAAGGAGGCCGGTGAACGGGCGCAGGCCGATGGAGATGCTTCCGATCATAAGGAAGTGACGTTCGTGCGGCCTCATGATTTTGAGCTCAGCCCGACTCGGACCGCACCGACACAACTCGAAGCGACCGTCCAGTTTCTCATTACGGCCGGCGCACGAGTTCATGTGGAACTGGTGTCGAAAGAATCGTCTGAAATTATCGCGGTCGAGTTGACGAAGGAACGTTATCGTGAGTTGAAATTACAGCAAGGTGATGTCGTCTTTGTGCACCCGAAGCAGTTGCAGGTGTTCAAAGTGCCTCATGCGTAATTCCGCTCGCCAGATCGACTGTCGATATATGAAAGTCAAGCCATGACATGGGAGGCGGTCGGTGACCGATCGACGGTATAACAA
CP060499.1_gap34	1281820	1285770	3950	AAACGGCGTCGATCAGCGAGATCCTGGTGGGTGAGGAGAATCTGCGCCACCTGAATCCCCAGGCGCTCGAAGGCCTTTTCATAGGCCCACATCAGTCGGCTTTGCCCCACAGCCGCCGCAGCCTGCTTGACTGGAAGGCTTTTGGGATAGTCTTTCAGCTGTAACTTTCGAATGCCGGAGACGATGGCACCGGAGGAGACGATCAGGACCTCACGACCCTGAGTCCGGAGAGAAGCGATTTCACCGGCCAATCGCTCGATTTGGTGGGGGCGTAAACCCTCTGCACGCGAAGCAATCAGACTGCTGCCGATCTTGATGACGATCCGTTTGGCCTGTGCTAGGAGTGTGTCTCGCATGGGATCGTCCGCAACGTCTCCATCTGCTTCCCGACGTGAAGGATCAGGTTGTCGAGCCCCTGATTGGTGGCGGCCGAAATCGCCAAGCAGGGATAGCCTTGCTGCCGGCAATAGGTCTGCAACTGAGCCAGCCGCTCACTTTGGCCGATCACATCGATCTTTGTCGCAACGACCGCAAATGGGCGGCGGGTGAGTGTCGGGTCGTAGGCAGCAAGTTCCTGCCGCAGAGTTTCGAAACTGGCGACTGGATCTTCAGCGGCCCATTCTGAGACATCGATCAGGTGGAGTAAGAATGCGGTGCGTTCGATATGACGGAGGAACTGTACCCCCAGACCCTTTCCTTCGTGAGCGCCCTCGATCAAGCCGGGGATATCGGCTACGACAAAGCTGCGGTCGGATCCCCAGCGAACAACGCCAAGATTCGGAACCAGCGTGGTAAAGGGATAATCGGCGATCTTGGGACGCGCCGCTGAAATAGCGGCAATGAGCGTTGATTTCCCGGCATTCGGAAATCCCAGCAGCCCAACGTCGGCAAGCAGTTTGAGCTCGAGCCGCAAGGTCCGTTCTTCTCCCTGGGTGCCGGGAGTGCATTTTGTCGGCACTCGATTGACGGAGGTGGCGAAGTTGCTGTTCCCTTTCCCACCCCGCCCTCCTTGTGCGATCACGGCTGTTTGGCCATCTTCGATGAAATCGACGACTATTTCTTTCGTCTGGTCATCGTAGACGATGGTACCGACGGGAACGGTGATGGTGACGTCTTCTCCCGAGCGGCCGGTGCAATTGGACCCCCCACCGGGGCGCCCATCTTGGGCTTCATACTGCTTCTGGTAGCGGAGGTCGAGCAGAGTCGTCAATCGATGGGACGCGGTCATGATGATATCGCCGCCGTCGCCGCCGTCGCCGCCGTCCGGACCTCCGCGTGGAACGAACATCTCCCTTCGGAAGCTGCAGATGCCGTTTCCGCCGCGGCCGGCTCGCACCGTGATGTGTACCTCATCGACGAACATAGCCTGGTAAACCCTATAGACGGTTTATGAAGAGATGAGAAAGTATACCTGACCCTGAGCCGAGGAGGGGAGGGAGAATTTACCCAACCATGATCGTTAGGGACGCGAGCGCAAACGAGATTCAGGACTTGGTTGGAACAGGGTACACGCTGACCTTTCGTCTGCCGCGTCCACCCTCAAACTTGACCACGCCGCTCATTCTGGCGAACAAGGTATGGTCCCTCCCAAGGTCCACATTGAACCCAGGAAAAAACTTGGTGCCGCGCTGGCGGACGATAATGCTGCCGGCGGTAACCGTTTGACCGCCATAGGCCTTCACGCCTAAATATTGAGGATTGCTGTCGCGGCCGTTACGTGATGATCCGCCGCCTTTGTTTGTCGCCATGGTAGGTCCTTCTCGTCCTAATTAGGCCGTTGCAATATTCGTAATCAACAGCTTGGTGAATCCTTGTCGGTGTCCACGGGTGCGGCGGTAGTTCTTACGGCGTTTCTTTTTAAACACGGTAATCGATCGAGTCCGTCCGTGCCGCACGATTTCGGCTGTGACTTTGGCACCGCTGAGGAGCGGCTGTCCGATCATGACACCGGCGTCGCCGTGTACCAGATGAACCTGGTCGAGCTCGACCCGAGCTCCGACGTCTCCGGGCAAGCTCTGGACCTGAATCGTAGAACCTGTTTCGACCCGATATTGTTTACCACCCGTTTCAACGATTGCGTACATAATCCATATCTCCACGCTAGAGGAACGGTTCATTTAACATGGGGGTACAAGGGGTGTCAAGCCGAGCGCCTCATGAATCAGCGATCACCCGCAAGCCCCCTCTTTCGTGGGCTAGGACGTTGGCCCCGCCCGCACGTATGCTGAGCGCCACCAAGAGATAGCACCGCTCCGGTGCTTTTACAGTACAGACGGGGAGAAGACAACGAGACCATGCCTGCTACCAACAAATTTGTGATTCGTACGTATCACCGGATTCCCGTTCGCTGCGAGGTGTACTACCTGGGCGGAGATTTTCTGGGAAAGGGAACCGTCATGAACCTGTGTCGTAACGGATTCCGCGTCCTAGGTGATCATCAAGTGGTGCCCGGGATGGAGCTTGTCATTCGGCTCACCCTTCCTGACAAAGATGAACCGGTCGAAATCCAGCGTGTTCTTGTTCGATGGGTGCGTGGTCTGTTGTTTGGGGCTAAAGTGGTGACCATGAGCCCGGATGGGGAAGATCGAATCGGAACGTTTTTGAGTTCCCGCCTTCGCGCCTATTGCGCCTCTTCGTAAGCGATCGCATCACCCGGCGACCATGTTCCGGGCTAGGTGTCGGTCCGTTTGCTTGACCCCCGTACAGCCTCACGCTATAGTCGGTCTCGTTGATCGAGCCGGGGTTGCATCATCCTGAACGGGAGATTGCCTCCAATGCTGGAACCAGTTGAAAAAATCTGGATGGACGGAAAGTTTGTGGCGTGGGAGGAGGCCAACGTCCACGTCCTCACTCATTCGTTACATTATGGTCTGGCAGCGTTTGAAGGACTCCGGTGTTACAAGGGCAAATCGGGATCCGCAATTTTCCGGCTGCAGGAGCATGTCGATCGACTGTTTGATTCGGCCCACATCGCCATGATGGCCATGCCGTACGACAAGAAACAGATGGCCGACGCCATTGTGGAAACAGTTCGCATCAATCGTCTCGATGCCTGTTACATTCGTCCCTTGGTCTACATCGGGTACGGTGCCATGGGCGTGCACCCGGGCGACAATCCGATACGGATGGCCATTGCGGCTTGGAAATGGGGCGCGTACCTGGGCGACGATGCGCTGGCCAATGGGATGCGTGCGTGTGTTTCTTCCTTCACCAGGCACCATGTGAATGTGTCCATGACCAGAGGAAAAATATCCGGATACTATGTGAACTCCATCATGGCCAAGCGGCAGGCCAAGGCCGACGGATATGACGAAGCGATTCTTCTCGACCCCGAGGGCTACGTAGCCGAGGGAACCGGAGAGAATGTGTTTATCGTTCGCCGGGGCGTTCTCAAAACGACGCCGCTCACGTCGGTGCTGGAAGGGATCACGAGGAATTCCGTCATCCAATTGGCCCAAGAGCGAAAAATCGCCGTGGCCGAAGAACGATTCACGCGCGATGAAATGTACATCGCCGACGAAGTGTTCGTGACCGGCACTGCCGCCGAATTGACCCCGGTTCGAGAAATCGACAATCGGCGAATCGGAAATGGCGCGCCCGGACCGATTACGCGTGCCCTCCAACATGCCTTCTTTTCAATTGTGCGTGGCGAAGATCCTGCCCACGAGTCCTGGCTGACCCGGGTCTGACGATCGAAGCACCGTAGAACGATCATTGACCGGGTGAGCGGCCTCCCCGCGATATTCCCGTTTGAAGAAAAACACGAAGCTGGTTCCGCTCGGTTAGTGGCCGGCTGCTGGAGTGTCTCCTGATGGATGCGATTCCGAGGATGGCTGGGAGGGTGGCGCCGACGGAGGTGCCGCCGGTTCGCTTTTTTGCTGCAGGTCAATCACGGTCGAGGAAAAGTTCCGTTGCTTGGCCAAAATTGCCAGCGTGAGCGACGTGACCAT
CP060499.1_gap35	1293408	1298322	4914	GCGTACACCATCAGCATCACGTGCAGCCTCGGATCCGGCCGCGGATGGTCGTCGGCCCGCGTCGAATCGCGTTCGGCCCCCCATTCCCAGTTGACGGCGCGGCTTTCCCCACGGTCACCCAACAATCGTTCCCGCTGCAGGGTGGCCATCCCTTCTCGGAATTCACGGGGAAATTGATTCAGCACCTCCGCAGCCACGCCTAACGCGCTTAACCCATGGCTGGTGAAGGCGACATGCACCGCGCTCGTGCGCCTGGGATGATCGAGAGCAAGCCGGCTGACCCGTTCGATCTGTTCGACCAAGCCAGCGAGCCATGCGTGGGCACGCTCAGGATCCGTCACCTGGCACAGGACGAAGATCGCCGAGGGCAGCTCCACATAGTCATGCTGGACCAATCCTTGAATGTCGTGATACTCCAATCGACGTTCACCGTATGGAATCATGCTCGACCTCTCATCACATGCGCACCGTTACAGACGTCGCAGCCAAGCCGCTTGCACGTCGCCGGTCAACGGCTGGAACAACCCCTGCGCGATTTCGGTATTGCCGTTCACATTGGTAACACTGAACCGAGGATAGGCGCTGTACCAGACCTGAGTCGGAACTTGATGGTCTCTGGTCCACCGCTTGAACTCCTGCTCGCGTCGCGCGCCACCTTCAAACACATGCACTGCGGGCAGCCACGAGAACCACGGCAAGAATCGGAGAACGAACATCGTGAGACGCACCAACCCGCTCACAGTGTGGATCCGGGTGCGCGGGAACAAGGTCGTATTGCACCAGATACCAGTGAGTCCATCCGATGCCTGATCAATGAAATCGCCCAAATAGCTTTCCCAACTGAAGTCGTAATTGCTGAAGAACAGCAGCCTCCGGTTGTCGTCGATCAAGACCCAGCGAGCAAAATGTATCGTGGCGATCCCTGTCAAGATGCCGCGCACGAACAGTGTATGGGTCAAAAAGTTGCCGGTCGCCAACACCGTGCGCAAGAGCGCAAGCCTGACTATGCCCGGCTTCACGTTCACCACATGGGTCAGTTGGTTCTGCACCAGGGGTCCACGGTCTTCGAGTTCCGTCACCATCCGGAGACGGACGTCGCTCCGGTCGGCCACATAGGGGTCGATCGACCCATCCACCTGCTGCGGAGGCCCTTCCCGTTGCAAGATCCGTTGTTCACGTCCATGCTCGATCCGATTGAGCAGGTTCAGCAGCGCGGCGAAGAGCGCGAATGCCAGGAGAGGCATGGATACCGTGAAGAGCACGCGCGCCGGAATCTGATCGAAGAGGTGCGTCCCAATTCCGTACAGAATCCCCAGCGGCGTGAGTCCTGCGAAGGCCACAAGGACAAGCGTTCTCGTCGCGATTCCAGGCGGCGATCCGCTTGACGGCGCCGATTTCCACCCGCTTCGGCCTGTCGCCTGCCGTAATCTCTCAATGATGGTGGATGGAGTTGCCGCCCTCGTGGCATGAACCCGATCGAGCTCCAGTTCCAACACCAGCCGTTGTTCCTCTTCGCTCTGATTGTCGACCGTCAGGATCTGCTGAGTCGATCGCCCGGGATGTCCTCGATAAAACGCCGCCTCCTGTCGCCGATGCGCCGACAAGTAGGCCTGCAGCGACTCATTCCCAGGCGATGGATCGCAAAAGGAGTAGATCGCGCGCAGGGCCGGTTCGGCAACCATAACCAGTTCATTCACGTGCTCTTCGAATGGACCGTCATAGTCGGTCGAGAAGGCCAGGTTGGCCGCGATGAGTCCGCCCGTCGCATCGCGTGCCGGCTCCAGAAGCACCCAACGGAGGAAATGCACCGTCGTCAGCCGACCAAACTCGATGAAATGTGGACCCTGTTGAATCGTGTGCGATGGAGGGAGATAGTCACGAACCCATTCCAGTTTGACGCTGCCCGCTCCTGGCGCACCCGGATTGGTGATGTTCCGGCCGACGGCATTCAACAGCGCCTGAAGCCCTTCAATCTTCTCATCAGGTACAGGCACGATCACCGTCAGCGCGTGTTGTTCAGACATGTCTTTCACCAGCTTCCACGAGAGACCACGCTCGATCAACCCGCCACCGTGAGGAGTAACCGATCCGGGAAAGGGCCATCCCAGGCGACGCGTCCGTCCCACCCGCATGCTCGGGATACCTTGCCAAGCCGAAGTACGGCAGCCACCAGCAGTGGGATCTGCACGCCGTTGATGTAGCGCCCCTGGCAGGCATGGAGACCCGAACTAGAGTGCAGGTACTCTGTTGGATTCCTGTCGGTCCGAAATTGCCCGGGTTCATGAAACACCGTTCGGTCGAACATCCCAGAGAACGTGCCAAAGATGACGGTCTTGCCCTTTGGGAGGCGTCGCTCGCGTGGGGTGTTGCGACCGACGGTGGCCCCTTCCTGGCTGTACCGGGTCACGAACGGGTTATGCGGATTAAATCGCAAGGCTTCAAATACATACCGCGACACCGTCGCCTCGTCGCCGGCTAAGGCGGCCTCACGAGCGGCGGCCCATGCGGCGGGACGTCGTAACAGTTCGTCGATGGCCCGAACCGCGGACGCGCTGGTCGTGTCGATCGCCCCGATGATTAGGCCGGAGATATTCCGGCGCACTGTGTCGTCGTCCAGCCAGTCCATGCCGGGTTCGCGCTGTCGACGCAGCATGCGGGTGAGCACGTCATCAGGAACATCCTGACGGCCCGAGCCAATCTCGTCCTTCCGCCGAGCGATCCACCCGAGAAGATAGGGCCGCAGTTGGTCGAACGATTCCTTCGCCTGACGCACGGTCCGCGGACAGTCGAAGGGATTGAGGAACAGATCGTTGAACAGCGTCCGCATCCAACGCAACATCACCGCATCGTCCGGCCCTGGCACCCCAAAATACTCACCGACCACGCGCAGTGGGACAATACGGGTCAGCCCACCAACTACATCCAGCCACCCCTGCTGGCGCACGTGTGCCATGCATTCCTCGGCCTTGGTCGAGACCATGGCACGAATGCGTTCAAGATCCGTGCGATGCATGACCTCGTTCAAAAGATCCTTTTCACGGTCATGTTGCGGGGAACGATCCATGCTCAAGACGAATGGGCCATTGTCGCGATTCGTGCGCTCCGCGTTGATCTCGGCAATCGTGAACTCGGTGTCATGCGCCAACCCGTCCACCACATCTGCGTGCCGGCTGACAATCACCAGTTTGCCCAGCTCTAGGACCGGTGCCCATCGTCTCAAGATCGCGTTGAATAGACGAAACACCCACGGCGCGATCAGCCACGCTCGAATGGTGTCACTGCGGGGGATAAGACAGGAGCGCCACGTGGAGGGAAGCCGGGACATGTGATTCATGGGGACACCAGGCGCCTCTGACATGCACAGAACAATGTGATTCCAATTCATCCGCCGTGTGCGAGTGTGCCTAATTAAAAGGTTTCATCCCCAGTCGGCTCATAGTGCGGCTCAGCGTTCATGTCGTGTCGCAACTTCGATAACTCGAAATACATGCGGCGCCGTGCCCGGCTTTGATTGCCGAGCGGGCGGTGCTCGGCGATGCAGTGCCACGGGTTGTACGATAGGCGTCGCGCGAACGCGATCTGCGCCGGTGAGTCAAACTTCTGCTTTGGGATGCGCAAGGTGGCCACCGAGACCCGGGGCGACAGTCGCTCCGGCCACATCACCGCATTGTTTTCGATCGGCATCAGATGAGGATCGGTCTGTAACTGCAAGCGAATATCCAGCTCGACATCGCCCTCATCGAGGGCGGCGACCATGGCCTTGCGCAGGTAGTCATCAGGCGGCCGCAGCGGCAGGCGTGGGATTGGGGTTTTCTTGTTTGATTTCGGCCACACCGAATACTGCATCGCCTGCCCTTCTCCCAGCAGATAGGGCACGCAACTGAAGTACGGCGCCTCGAATGGACTACTCTGCGTCTTGATCCACAGTCCCTGCATGATGAAGTCCAACAGGTGGGGACGGTGAAGATTGAAAAAGTAGAACATCTGCGCATTCTTCAGGCTCTCAAGCTGCAACTGAGCGTTCGCGCGCGTGTCCGGTGTGACAAAGGTCGGCGTGGACACGCCAAACATGTCCTGCGTGAATTTCTCCTCGTCCATTAATTTTGGACCGGGAACTCCCATCAGCTTGATGCTGATGCTCATGAACCCCACGTCGTCGATGTCCGGCGTCACGTAGGGCCCGGGCCCGGAAAAGCGGACCCATGCGCGATAGGTCTTGGGCTGCGCGTAGATACCGTGTCGGAACTGCGACGGCAGGCCGTCGTGGACGATGAACTCCGCGCGCACGATGCCGTGGGTCTTCGTATTTCCGCCGCGTTCGAATCCGCCCGGCTTCCACAGCCCGCGCATCTGCTTTTGGAAGGTATCGATAATCGATTGGAGCGAGGTTTCTTCGTCTGGTTGCACCCGTTCCTCGGCAATCTTCAGCCCTTCGTCCCGACGCTGCCGGTTGATCAGGGCGGTGGTCAGACTCGTGATCGGGTCTCGCAGCACCGCATCGAAGGCCGGACGCATCCAAGGATCGATGCGCCGCTGCAGTTGCACCAGTCGCAGGGACGTATCGCTGATCCAATTGAGGACTGCCGAACCCGTATTGGAAGGCGGCACCGGACGGCTCGTGTTTGAACCCAACACGTTCCTTGTCATGGTGACCCCTTTCAGCGCGCCTTTGCGAGGTACCGCAATGCGCGAATACCGGGCAGGAAAAAGTAGGCGCCGCCTTGCACGGTGACGAACTGTGGCAGGCCGGTCAGCCGTCGATCCGGACCATCGGCTTGCGGAATCGAGAAGCCGTCGGTGGGAGAATCTCCGGGGTCCGGCAATCGATGGCCGAGCAGTGGGTCGCTTTCGCCGGTGAGCCCGGCAAACTTGCTCCCGATCAACCACGCGCTTTGCACGAACTCGAACTGGCGC
CP060499.1_gap36	1331355	1332981	1626	TGGCGTTTGAAAACATGACGCTGACCGATTCAGACGGCCGTTCGGTCACGGTGCGATCGGAACTTGCGCATAATGTGACGGCCCTCGCCGAGAAGAGCCTGTCGGAACGTTTGCCGGCGATTACCGCGAAGGCTCTCGCTCGAGCCGCCACGAAATTCGCGATGGCGGAGGGAGTGACGAGAGGAGCTCAGCATGCCGCAGGCAAAGATGCCGCTCCATGGGTCGGACTTCTTGTTGAGTTGTTGGCCAAGGGGCTGGCGGTAGCGTCTGAGGAAGCCGACAAGCGAAGTTGGCAGACCTTACCGGACGAAATTCATGTCGCCAGGGCATGGGTACCGCCGGGTCAGTACCGAGTGTCCATTCAGCCGTCGGGATCGGGAGTGGCCATAGGGCAGAACGGGCAACCGCTCTCGCTTGCCGCCGGGCAGACGACGTTCATTATTCAGCGTGTGATGCAATGATGCCCAGTCGTGGATCGGCCTTCAGGCAAAACCCGGCGGTCTTCATCAGTCTGTGCTGCCTCATATCCATATCGACCGGGTGTGCGTGGTTCGCCGGAAAGGGAAAGCCGGAGTGGGTCGAGGGCCGGAGCTCGGAGTATCCATCTACCCAGTACCTGACCGGCGTCGGCCAAGCCGACAGCCGGAACAGCGCAGCGGACCAGGCCTATGCGGCCGTCGCCCGCATCTTCAAGGCGGAAGTCGCAGCGCAGGCGAAAGACTGGGAATCCTATTTGGTCGTTGAGAACCGCGGTGTCTCCAATGCGGAACGACGGTTGGCGATCGACAACGTGACGAAAGTTTCGACCGATAAGGTGCTCGAAAATGTGAGCATCATGGATGCGTGGTACGACACGAACGAAGGAATACACTATGCCTTGGCGGTGATGAACCGTTCCCAGGCTGAGTCATCGCTCATGGACAAGGTCTCGACGTTGGATCGCGCGATCGACGCCGATGTCGCCGAGGCCCGGCAGGCCACCGACAAGCTTGCCAAGGTTCACGCCCTTCGGCGGGCCGGTCGCAATTTGGTGTTGCGCGAGATCTACAATACGGATTTGCGTGTGATTCGCGTGAGTGGACGAGGAACCCCGTCCGCCTATCGGGTCAACGAATTATCCGGCGAACTGGAGCAATTTCTTGCCACGAATCTGGTGCTTGCGGTACAAGTGTCGGGTGATCATGCAGAGCCGGTTGGACGGGCACTTGCAGAAGGGCTTGTCCGTGAAGGATTTCACGTGACGACCAAGGCGGCAAGCACGGAAGCCGGTTCTGCGGAATTGGTCGTTCGAGGCACGGTCCGGCTGTTTCCCATCGATGTCCAAGATCCATACTTCAAGTATGTCCGATGGTGCAGTGATTTCGAGATTATGGATCCGGTGGCGCAGCGGGTCGTCGGGGCAGTGGCACGGGGTGGGAAGGAAGGGCACTTGACGGAGCGCGAAGCGACCGCAAAGACACTCCGTGTCATACAACAAGAATTGTCGTCGGATGTGGCCAGGGCGATCGCCTCGCATATCTTCGGCGAGGGCGCGTTGCCCGAGGCGGCAGTGATGCCGGCTGGTTGCCCGCGAGAAGAATCATCGGTGAGGCGGTAAACGAACATTCTTTCATGAGGAGGCGGCGA
CP060499.1_gap37	1344041	1348470	4429	AGTATAGGTATGCTGAGCGCCTGACGAACACGTGAGAGGAATAGGGCTATTCGATTGGACCGAACAGAAGGAGATGAAGTTATGGTCGAAGTGAATTCCATGTATCATTCGCAATCCCGAAGCGATGCGCTCAAGTCGCAGATCGAAAAGCTCGAAGGCCTTGCTCACCACACGGCCGTCCATCCTACCTTCGATCAGTTTGACGCCGATACAGAAGAGATGCTGATCAAAATCTATGGGGCTGATCATCGATATGTGGAATCGTACAAATATGCTACCGTGGGCGAGGCCGAAGCGCTCGTCAATTTGCCCGAATCAGCTCAGGAGCCTTTGACGCGAGACATCCCCAAGAAGGGACTTCAGCAACGCCGGCAGATTCTCCAGACCATTGTGACGGAGCTGGAGGCACTTGAAGAGCAGGAAGCCGAGGTGCTCACCGGAGAAGATCGTGAAGATCCTCCGGGTCCCAGCTAAAGAGGCAGGAGTCTCTTCTTCGAGGCGCGCACTTCGCACAATGGAAGAAGCCCGTGCGCTATACAGCGTTAGCAACGAGGGAGGCTCTTATGCCTAGAAGTTCGCCTGACGTGAAAGCTTCTCTACTCCTGACTCTCGTGTGTGCCTTCGCGGCCTGTGCAGGGAACAACACCGTTTCACTCGTGGAAGTTCCCGGAGAAAAAGGCTCGACAAAGGCCACGTTGGTGGAGACCGGAGCGGTTCTGCTTCAAGGGAAGACGCCCATTGATGCCTTGAACATCTACTTGGATGGATTTCACTTTTATAATGGCCAGATACAGGCGCAAGTGGAAGCGCACCATTTCTGCTCCAAGGTCAACGAGGAGGTGAACCAGTGCGTCATTTTCGACGGGAACACAAAGGACGCCAAGATCATTGGGGTGGAGTACATCATCAGCAAACGTCTCTTTCAGATGCTGCCGCCTGAGGAGAAGAAATTGTGGCACAGCCACGTGCATGAGGTGAAAAGCGGGCAACTTGTCGCCCCCGGTATTCCGCAGCAGGCGGAGCACGAGTTCATGCAGAAGCTCATCGCGACCTATGGAAAGACGTGGCACACCTGGCATACCGATCAAAGTCTGGTGTTGCCGTTGGGCCATCCGTTTTTGATGATGGGCTTTACCGCCGATGGTCAAGCGCAGGCAGGTCTGGTCGCGTCGCGGGATCGGCGTCTCCAGATTCAGAGCAAGGAAAAGCGCAAGGATCGAAAAAGCATCGTGGCCCCTCCGATCGCGTCGGGTGCCGATGCATGGCAGCAGGGTCACGTCCTGCAGCTGACTCTGAAGTCCCTCAAACAAGACGCTGTCGTGTCCCACCCGGACGATCCCACGAAACGCGCGCCGGCCCCCACGCCCCGGTAGGGACTCTTCTTGCAGGCGCGCGTACCGTCAAGCCAGGCGGCCGGCGGAACCGGATATTGTGAAGCATTAGGGGTACTTCACGACAACCCTCTTCCATTCGTGTGTATTGATCAGCCAAGGGTCGCATGTAAGGCCAGTGAGTGAAACGTGCGGCATCTCATGCTGCTCCGGATCCCGGCGGACTTACTTCCCTCTCGACAGGAAGAGCACCGCTGCTCCTCTATATGGGGCGGTGAACTGCTGCCTCGCTCGGCCAAGTGCCGGCTGGTCCCGGATGATCGTTCCTTCGACCGGAGCTATCCAGTCGACTTGAAACGAACCGGTTGCCGATCGGAGATCGACCGTTACATTGCCACCCTCCGGCAGATAGGCGATATAAACGGCGTTAGGCTGTGCAATGCAGTAGCTCGTCGAGACGAGGTCTTCACATGGGGTCATTGCGGCTAGATCCACCCGATCGGCGAGGCGTCGTGTCTGGCCGAGGCTTGCGCGAATCGCATCCCAATCGGTTGGGGGAGCTTTACCCAGAATGCTGTTGTCGTATGGGTCCATGAACAACGGGGAGTAGCCGCGGGTGAAACTCTTCCATACCCAACCGACATCACCACCGATACCCCACAGATGATCGGTGTCTAGGAGGACCACTTTGCGACCGTCGGCTGGAGGAGGATCTGACTGGTACTGACGGCCATCGGGCACGTTGCTGCCAGGAGAAACCCAGTCGGCGGGACTGTCGAAAAGTGCCTGGTTCGTGCCTCGATGCAGTGGATTCTTGCTCCATTGAACCGTCATTCCCACGGGGTGCTGCTTCTCGCGCGTGGCTTCGTATTCCTTGATGAAGCGAATCAGGTGAGATTGCCACTCAGTCGAGTACGCGCCGCTTTCGTTGGAGATTTCATAGAGCACATTGTCGAGATCCCCCACGGTGTCGATGACGTGCCGGATGTAGGCCTTTTGCAGATGCGTGACAGCCGGAATGTCGAGGGTGTGCGTTTCCAGGCCGAGCCCGTCATCATTCGGGTCTCCGTCGATACCGCTGATGTTGTTGTCCCGATGAAATGGGTGGTCGTTCCATGAGTTGGGCACGTGCTGTAGCACGTAGCCTTCGAACAACATGACAGATGCGTAAATCCCACGTCGCCCTGCTGCCTCAACACGCAACCGGAGCCGCTCAAAATAGGCTGGGTCGAACGTGTTGAGATCAAACTTCGGTTTCCCATCGAGGGCATTGCCCGGACCGGTCCGCGCCCAAGGGTGAGGGGCGATGGTATGACGCACTCGGTGTTTGACGGCTTCGGGACTCGACCTGGTATCCCAAGCCGTCTCTTCCTTGCTCCAAAGACGAATGAAGTTGTGGCGATGTCGTTCCAGGAAATCGAGATAGGCATCGAAGTCAAATGCCGGGGGACTGCTGCCTTGACCCGTGTCCGCCATATTATTCCAGGTGTGTGACCCGGTCAGGTAGACGGCACGCAACGACCCATCCGGGTTCTTGGTACCATCCGTGAAATAACGGGGGTTGATCGGATGGACACTCAGAGGCCCACGGGCTGGTGTCGGCTGCTGCAAGGCAAAAGACGATTGGCCTATCGCGATGACGCAGAGGACCAACGCAGTAATGAAACGCATAGTTAAGACACTGTAACTGCCGCAGTTCTTTCTCCGACAGCGGCTGAGCTTGTGATTGATGGAGCCATGGCGTGGCGCAAGTCGGACCCGCTCTCACCACGATCTATTCTTCAGCGAGCACATCCCCGCCGTTCTCTTGAGAGGCGCTGCGTCTTCTCTGCGCTCAGCATAGGCTCCTGGGTCGGTGCCGGGATCGCCGCCGAGCTGATTTTTCAACCAACAGGCGTAGACGAACGTGCCTGTTCTGTATCATGTCCGATAGCAGCAAGTTGAATGCCATGAGAGACGCATCAAGAAACATCTCGGACAAGTTGTCTTCACTTTAGAAATTCATATGTTTGTCATTAGATACACACCAGACTGAGTTCGTGAGGCCAAGCGAAGGATATCAATGTAAAGAGTCAGACGTAGGATGATACGATTGGATTGTATGGTGACGGAACTAGGCAGACACCTTATGGAAGCCTTGGGCGTTGATCCAGCCTCTGTGAAGGAAAGTTTTTGGTCATCGTGATCTTCAAACAACGCTCCGGTATTCACATCTTGCGCTAGGCGACTGAGAGAAGCAGCCGATCGAGGAAGCCTTGCGGCTAATCGTCACCAAGGCCGCCACCAGTGATGAACTGAAAGTAGGGAAGAGAAGAAAATTTGTTGATTCATGGTGCGCCCGACAGGATGAAATGCAATAGACCCAGATCCGTCAGCAAGGGAATGGGGAAGGAAACGCTGGAGGTGTTCATCCGCGCGCGGCAATCAAAGAGAGGCTCCGCCTGATGAGCCGCCGGCACGAGTGAGGCATGGAGGTTGGGTAAGACTACTGGAGGTGTTCATCCGCGCGCGATAGTTACCCTAAAACGATGAAGAGCGCGCGGTACACGCCAAGCAAGGTTTGGTGCGCCCGACAGGACTTGAACCTGTAACCCCCAGATCCGTAGTCTGGTGCTCTATCCATTGAGCTACGGGCGCATGCCTACCACTGCTGCGGTATGAGTCCTGAGGTACAGGGCCAGCTTGAGGACGATGGTGACGGATGGAATCTCGTCTCAGCACTCAGCGCTTCTGTCTCAGCACGTACCAGAGGGAGTGGTTATACAGTTCCGGGAGAGAAGGGGTCAAGTGAGGATCGGTCCAAATCCGGATTATCGGCAGATGGCGGATACTGAAACAACTTGGGGGCTCCCTACTGAGTAGGAAGCCCCCAAGCAAACTAGCATCGCTCAAGACGCAGGAGCTTACTTGCCCTTGTCCTCTTTCTTCTCACCGAAGGTGTCGGCATGGCCGCCCTTCTTCTCTTCCTTCTTGTCGCCGTAGGTCTCGTCAGCCTTGCCGCCCTTGTCCTTCTTCTCGTCGCCATAGACCACCACGTGGCCGCTCTTCTTCTCTTCCTTCTTCTCGCCGGCGAACGCAGGCGCGCTGAAGGTGACCGC
CP060499.1_gap38	1457706	1460812	3106	CGGGCAAGGACGTGGTGATCAATGCCGGAAAAAGTATAGCGGCCAGCGCCGGCGAGAATATCAGCGAAAGCGCAGGAAAGGATGCCGCCGTTAAAGCCGGCAAGAAACTGGTGCTCGATGCCGGCGATGAAATCACCATCCAGACCGGGAGCGCCAAGATACACATGAAAAAGAGCGGGGACATCGTCATCGAGGGGAAGAAGATTTCGCTGAAAGCGTCGGGTGATCTTGTGCTGAAAGGCCGGAAGATTCAGCAGAATTAGGAGAGACCTTTGGAGTGCATGAAGATACGGGAGTACCTTGAGGAATAGATAGATTCGCGGGAGATACTTTTTGATTGACCTCGTGCGGTGTTGGCGTGAGAGGCTGGCTCGCGTAGCATTGTTATTCTGCGTCACACTTTTGTGTGGCCTCCCGGCGGCATGCGCGCAAAAACCGATGCTGACTACCGCGCCAGCAATGCATCACAAGACAAGATCGACGGGAGACGGCGCTGAACGAGGGGTCTTACCCGGCCTTGTCGTGTCCAACGCAACCGTACAAGCGATCGCGCCGACCGCGAGTCTCACCACTGTCCGAAACGCGATCCAGGTGACGTCGAAGAGCGTCTCCGTGAACCTCCGCATCGCCCCGAACCTCCCGGTGACGGTCCCCGTCGAGATCAGCGTCGCATATATCTCTCCTGCCCAAACCCAGCGTCAGACGAAAACCTATAATCCCGCCACCGGTCTGACCCTTCTGTATCACGAGGCCGAAGGGGACGGTAAGCCTCGATCCATGCATCTCGATATCACTGTGCGCGAATTGGTTCCCAATGGGCAATCCTTCTCCTCCGGCAAAGATTTCACGATCATCCCGCTCTACGATGTCTCGCTCAGTCGGTTGAGGTTCGCGATGCTTGCCGGGTGTGATATCCATGGGAAAAATGACATCACCTTGCGCTGGGACTCGCCTGACGGACGGAGAAGAGAGGTCCAGTTTGGCGTCGCCAAACACGGGGAAAGGGTGATCAGGCAGTTCTCGTGGGGCCACAGGGGCATCAGCACAGAATCAACCCTCGTTGAGCCCAGCATGCAATTTTTTGAACGTGATCCTCTCCCTAATTTCGGCTTCAACCCATTACGTCGCTCATCAACACCGTTGGTGCCGGGACCGAAAAAGCAGGTGTTTGACTTTGTTTTGAACGAGAAGGCATCAGGGCCATCGGGCCAGACCACCGTGATTGCCGGTTGTCAGGCGAGGATTAAATACCGCATCGACCGCAAGGTGATGACGTTTGATCGAATCTAAGGCCAGTGAACAAGGGATGTAAGGAAGTAAATCCAAATCCACACCAGCGTCTAACTCCACCTGTGCTGGCCAGGGAGGGACATGGCTAACTCTACATGGCATGGCGTTGTTCAAAGAATCGAGCGCTCGCCACCGAGATCGACATCTCGGGCACACCCGACTTCATCGTTGAAACTAATCTGGTACCTGGAGTGTTAGATTTGAACAGACCAAAAAGTTAGTTGCGAAGAAACAAAGGGAAGCGAAGAACCAAAGGGGTCGGGAGTCTTTGTTCCGTCTTGCATTTTCGCGGTAAGTAGTGCTGCTTCAACAATTCTCGCCGTTCTCATCAAGTCCAGAAGCAGGCCGTTGCTGGTTCAGGGCGCACATGAAATCGATATGAAACGACGGTGACCTCGGGCGCGCTTGACGAAGCCAATGAACTTGCTGAGAATGTGCATAATGTATTCGAAACTTTCGCGGACCCAGCGAAACACTGTTAAGCCGCCGGAGGGGACTATGTCTCATCGGTTTCGCGTGTTCATTGCCTCGCCAGGTGACGTGCCGTTGGAAAGGTCTGCTCTTGTACGGGCTGTTGAAGAAATTAATGTCACCACATGCCCTCTAATTGGGTGCACTCTTGAGGTCGTCAAATGGGAGAGCAACGCGGTTCCTGATGCGGGCCGTCCACAGCAAGTCATCAATGATCAGATCCCTGATTTTGATATCTTCGTGGGTGTAATGTGGCGCCGATTCGGTACGCCAACCGGCATAGCAGAGTCAGGTACAGAGGAGGAGTACCGCATAGCTTGCGCGCGTTGGCAGAAGGAGCCATCCATGCCCTTGATGTTCTACTTCTGCCAAGAACCCTTCTATTCTAACTCTCTGGAGGAGCTAGAGCAGTTCAAGAAAGTCCTGTTGTTCCGGAAAGAGCTTGATGGCAAAGCCCTGACCTGGACATACGGTGAACACGCGGTTTTTGAAGGTACGATCCGAAAGCACCTATGCCAGAGACTTCCCAAGCTGGTCGAAGCTAGGGAGGGTACACGGCGTTCACGCGCCACCCCAAGTGAGGATTCAATCATGGCTCTTCACGATCTATGGCCCAAGCTCGATGCTGGTACTCAACGGGCGATCAACATCGCCTACAATGAAAACCGACTCGCTGGTGACCCTGGCATTCAGACGCGCGATCTGTTCTCGGCGCTGCTACGAGTACAAGACGCGCCGCTTCAGCAGGTTGTTCTTGAAATCCCGGAAACAGCGCTTCCGAAGCCGACTGCAGGTCCGGTTACCGATGAGCCATACATTCTCGCGGAGCGACCCTGGCTCTCAGGTTGTGTGGCTTCGTCCATCCGCAGGTTGAATAAGTTGGTACCCGCAGGCCACAAGATCACCCCAACCGACATATTCGCCGACATTGCCAAGAACGGTACCGGCGCTTCTGTAGCACTCTTACGTGAGCATAATGTCGGCCCTACTGACATAGATGCCATCCTCCGGCGAAAGGGCATCTCAGCGCTTGGAGTCTGAGTCTGTTGTCCAACTCCTGGCTCAACATGCGGCTCTAGGAGACAGGATGCCTTGCCTCGGGGAGACATTAGCTCGCATGTTCAGCAGTCGATAATACTCACCGGCCTGTCTCATCAACTCTTGCTGGAGTTCTACCAGCGCTCACTCGGGTTTGACCTCGCGTGGTCGTGGAGCACTCCACCGGAAATTTCCGCCGTTTGCTGGGCAACGTCAGTCTCCCCAACTCGCCATAGACCTGCCTCTCTCGAAAACGTAGAATGTGCCCAGCTGTCCTTCCTTCGTGGAGATCAAGAGCTAAGGGAAT
CP060499.1_gap39	1462651	1465063	2412	TTCTTCCAAGTCTTGCAAATCCGACCACGCAGTGATGTCGGTCCGTGATGGATCGATGGCGGCAAGGTATTCTTTGAACCGTGCCGCGCTCGCAGGGGAACTCGGCCCGCGGGCCAGCAGCTTCTGATTCCATTCTTCCAACTCGGCAGCCGTCCGCGGCCGTGCCTGCCGTTCAAACCATCCCACGACTCCTTCATCGGCAGGATTGGCCTGGACAGCGTCCGTGAATTGCCCGCTGGTGATTCCCGCGAAACTCATCAGCCGTTCGTCCATCGGGCAGGGATAGATGTATTCGCCTTCCGTGCCGGCCAGCACGGCGCGACATTTGTCGATCATGCGCGCGAGATGGGCATAACCCGCCAGCCTGAATCGCATGCTGCGGGGGAAGTTTTTCCGCAGGTCCATGATCAGAGCAACTTGTGGTTCTTGAACGCAAGGTGTTTGACCACGACCTGCCCCTGGTCGTAAGAGATAATCCGTCTCGCCGCCGGCAGGTCGCACGCGCCGACGCGGACATGGCTGTCGGTGAAGCTTTCGACATTGGTCAATTTGCCGTCGGTTGGTGAATAGTAATACACCGTGTACCTGGTGGTGAGATGCTTCTGATCCTGCGTGACCGCGCTTTCTTCCACATTGATCGTAAACGCAAACGGATTCATGCCCGGATGGGCCATTTTTCGATTGATCTGCGTGATGCGATTGTCTTTGACGCGGTAAAAGGAATTGGAGCCATGGATGTTCAGCTTGGCGCCGAATGGATGGCCGTCTTCCTCCATCGTCAGCGAATACTTCCCGTCGGATTCTTCGAAGCTCCGCGGCCCACGATGGACGGCGATCATGCCCAGCTGCTCCTGCGCCCACTTTTGTGTCTCACCGTCGGTCAACTGAACGGAGACCTCGCGGGGACTTTTGACAAGCACCGAGCCGCTGGTTTCTTTCCCGTTCACATTCACCGTGAGATCCGCCGTGAATCCCTGAAAATCCTTCGGCCACCGGGCGGTCGATTCGAATGCTCGGCGCAGGACCGAACGAGCCTGCGGGTCATCGGGTATGGTCGATGCTTCTTGCGTGTGTTCCATGATGGCTCCTCTTAGAGAATGTACAAGATTGCTATACTTATACCGAGGCCCGCGGTATTGCTCAATAGTGAAATCCACTGACCCGGCGGTATCTCCTTTTCAAAAAAGCGTCAGGACGCATCGCGAGGAGGCCACACATTCGATATTCAAAAAACTTTATAGTTCTGATATACTTCGACAATTTTTAGGTCGGGATGTTGAGATCTTGTTGCCCCGATCAGCCGTGAGTCTTTGAGAAAGGGTGGGCATGGAACGACGAGCTGCTTCGCATACCGAAGAAGAGGAGATGAACCAACGCCGTAAATTGTTGAATGCGGCAAGGCGAGGCGACACAAAAGCTATCAGCAAACTGTTCGAGCTCTATCAAGTGCGTGTGCTCAGCGGAGATCAGCTGGCCAAGGTCAACAAAACGTCCATGTACATGGCTCCCGTGAAGAACTCACATGGGAGCAAGTCCAAGACTGCGGAGAAAAAATCGAAATCGACCGTCTCGGCGCCGGTGAAGAACGCGAAGACGGTTCCAGCGAAACCAGCCCATAGCAAGCCGGTCAAAGCCGCTAAAGGCAAATCCAAGCGTAAGTGAAGGAAGGTCGGACTACTGCACAGCCACCCGTAACCCACCCCCTGCGAGTTTTGCCGCAATATCGTCCGCCTGTTCCGTCGACCCCGCGAAGACGATCGCTTCTCCGTCGTGATCGATACGCCAAGCCAATTCAAAAGCTTTGGTGGAAGTCATACCGGGAATGAACCGGCAAAAGAGCTCGATGACTTGTTGGTAGGTGTGACAATCGCAGTTGTACACGACCACCCGCGACTCGAATCCGACGTCCGAGCCGATTTGCACATCTTCAGTGGTTCCCGGAATCGTCTGTGGTGTGGAGGGTGTCGGCATCGAACAGGAATTCTAGCAGATCCGATGGAAAGGGTTTCTCTTTAACCGCTCGATCGCGAATCAGTAAACCGGATTTCTACACCTTGTCCATATCGATCACTTCGGTCGCGTCCCATAGGTTTTTCAATTCGGCGTCGGCCAATTCTTTCTCTCGATCCTCGGCGGTTTCTGCGCCAAAAGTTTGGGCCGGTAGGTTCGATGCCGTGCTCGTGGACGTATCCGCAGGAACCGGTAAGGTAGCCGGATGAGAGCGGCGACGTTTCTTCGTCGGATCCATGTTTACCGGCATGAGGTGCTCTCCGAAACCTCCGTTAGTGTCCTCCGGTTGCGAGCGTCTTGTCAATCCGGGAAGCGCCCGTTCATGTATGCGGGGACAATTGGAATAACCTTGCCGGACTCATGATGCGTCTGGCTTTCACTCAGTAGAGTTTCTCCGCCACG
CP060499.1_gap40	1484488	1487279	2791	CAAGGGTGAGGGAGACTTGGTTATCTGACGCGACCGTTTCCAAACCTTCGGCAACGGTTGTTGCAATGTGACCGATACAGACATGTTGTAACCGAAGATTGTCGGAACGTAACCAATCAAGCAACTCATCCGCCAATCTCGCAAGCCGAGCAACGCTGTGTTTGATGCGTGTGAGATAGATACGCTGCTGTTCGGTGAGCGGTCCTGTGACGCCGTCGAGCATGTTCTCCGCGAAACTCCTGATCGCTGTCATAGGAGTCCGCAGCTCATGTGAAACGACTTTGACATACTTTGATCGGCGCGTGTCGTGAGCCTGCAGCTGTAAGTTGGCGAGTGACAACTCTTCCGTCCGTTGCGCGATGCGCTCCTCGAGATGCTGCGTGAGCTCGGTTAGTTCGGAGTAAGCCTTGGCATTATCGATGGCGGCCGCGACGTGGCCTGCAATCGTCAGCAGGATATGGAGATCCTCTTCGGCGCATTGGTAAGCGCCGCGGTCTCCGCCTAGGTATCCGAGGATTTTTGTATGACTTTGGAGTGGTACGGCGACGAACGACCGCACCCCTGAGTGACGCATCAAGTCAAGCACGGGCGGGTGCATGCGATGCGCGATGGTTTCGACGTCGCTGATCAGCACCGGTTTGCCATGAATGATGAGTTCGGCCGTGATGCTGCCGCTCACGACGGGTATTTCCAACCTGCGACTTGCCTCTTGGATCTCCGGCGCAAATCCAAGGCTCCGAGCGATGGAGGCGCAGCCCCGTTCCGGATGATGAAGGAACACGACCATTCGGGAAAAACCTAGGTTCTCGACGAGCAGGTGGAGCACCGAATCCAGCAGTTGGTCCATATCGAACATGTTGGTACTCGCGATCGCGGTGCTGGCTTGATGGACCGTGGTCAATTGTCTGACCTGCTTCCTGATCGTGTCGAGGTTCATGGTGATCGCATTATTGCGATCATGAAGGGACTGTGTCATCACGTTGAATACCTGTGTCAGCTCACCCACTTCGTCGTGGGTGGAGGCCGTGAGTCGAACCGGTGCATCATTTCCTTTTGCGAGTTGCCGAGCGGAGTTGGCGAGGCTCCGGAGCGGCGTCGTAATGCGTGACGTGAGCAGGTGAGCACCGAGGATGCCTGCCGCAATAATGAGCATCGTTAGAATCGAGACATTGTGCACGATGGCGAGTAGCGCCTGTTTGGATTGCGCGTCGGTGATCCCGATGCGCACGAGGCCGATCACCGGGGAAAGTGTTGTCGGGGTCATTGCACCTTGCTTGTCCTCCAATTCGACCGAAAAGTGGGGTTGGGCGGGCTCGGACGAGGATTTCCGAAGGACCGGCATCGCAAAGTCGAACAAGGTTTCCTTGCGCACGAGATAGGGGAGGAGCCAGTCTGAATACTGTTCTTGGGGGACCAATGTCTGCTCCGCAGACAGAACGAGTTTGGTCATGAGCGGAACGGTCAGCGGGGCATGGAGCAGTGATGCTGAGATGCGGTCGTCCGGGTAGAGGGGCTGTTCCGTAGTCGGAGCGGACTCGTTCACCGTCCTCCGTGTGCGTTTGCTTTGCTGTTCCAGGATACGACCGTCGGCGGAAGTGATGATTACGTAGACGACGTGATCGATCGTCATCAGACTCTGTATGAATTGGCCGAGTGTGATGCGATCTTCGAGAACGACACCGGCGATCCGAAAGTGATCGTTCCGAACGGTATTGGTCAGCAAGATGTTTCCGAGTTCTTCCAGGTTGTCCGTCATGGCTTGGCGCCGAGTTTCGAGGAAATACCAGCTCAAGGACGAACAGGTCATCACGAGAATGAAGCCGAACAAGCTTACGAACTTCAAGCGAAGGCCGAAAAACCGAGCGGTGGACTCCGATTCCCGCCTGTCGCGAAGGTGTGTGCCCATGATCAGACCGGTCAATACGTTTCGTCGATAAGGCTGTCGAACTCTTTTGGGATGGTGATGCCCAAATACCGCGCCATCTTCTGATTGACCGTAATTTTGATTCGGTGAACCGAAATCGGCTTGAGCGGCAACTGTTCGCCGTTCAGAATCCGTTTGGCCAGCAGGCCGGCTTCACGGCCGACTTCCCCGTAATCGATCGAGATGCTGAGTAACGCGCCGAGACGTGTAAATTCTGATGAGAACCCGACGACCGGAACCCGTTTGGCGACCGCCGATTCCAGAATAAAGCGAATCGATTCATCCGTCAGGACGGTCGAGTCCGGAATGAACCATAAGGCTTCTGATTCCGATAGAAGTGACCGCAGTTGCTGTGGAACCTCTTTCTCGTTTTCCACCGGAAACCCCTGTACTTGAAACTCATGGACGGCGGCTTGGGACTCTGCCTCCTTGAGCTTGGCCGCAGTCTTGTCGGCATTGTAGATCACGCCGATCCGATGAAGGGCGGGGAGGAACGTGCGCATGACCTTGAACTGACGATCCATTGGAACTTCCAGCATCACGCCGGCCATATTGGCGGCGGTGAGATGGTGTCTCAATGGGTCGAGAATCATCATGTAGAGAATGGGAACGTCCACAATCTCAAGCTGAGCCGCCAGCGCTGCCTTGAGACCGACGGCCACCACGAGTGAAGATGTCGAATTCCGGATTGTCCTGGCAAGTTGCTTTCCCCGTTCCAGATCACCTCGCAGATCGTACTCAGCGTAGATCGAAGTTCCCGGCGCCGTCACCTTGAACCCTTCGATTGCCTCGTTATAGGCCTTGAGATCGGACGACTTCAAGATGGCAATCTCGACCCCGGCAGCTGTCACGCTCGCAGGGGCAACG
CP060499.1_gap41	1494519	1499234	4715	GTTGTGTCGACGAGATAGCTAGGCTCGAATGAGTCGGAAGTCGAGATGCCCTCAAAATTTGCAGCCATAATCTGTATGTCACCGGCACTGCCGGTCCCACTCGTTCTTGCTGTGAGCGCCGGACTGTTGCGCGTATCAGAAATCAGAATGTTCCCCGCAACATTGATGTCAATAGATGTCGGAGCGCCATCGACGGTGACTGTATCGGCTGAGATGGTACCGTCGTCAATCACTAATTGACCACCTCGAATGGTCACGGTACCAGCCGCGTCACTTGATACATCAAGAGTCGATCCCTGTGTGATGCTAATGCTTCCCAAGGTCATGCCTGAATCCAGCAGAAGGTTAGTTGCTAGGATTTCTCCGGGTGAGGCTGCGCTTCCCAGGGAGATCTGTCCACCAGGAGCGAAGATCCGGGTTGGTTGAGTTGTGTTGTCATCTAGGGTTCCGGATTCAACCGTAATGTTTCCTCCGACGAGCGAAATGCCTTTTTGCTCTGATACGGTGAACTGACTCCCCCGAATAGTGATAGCTCCTGGACTTTGACCCAAGAATCCAAACGCAACTACCGGCGCTGTAGTCAGGAGATCCGGTACACTTGGACTCAGCGAGGTATTGAATCGTCCCCCATCAGTCAATCGCAGATAATCGGCTGATGTAAAGGTCACTATTCCGCCGACATTCAGAGCGGAGTCCGGCCCGAACAAGAATCCGGCTTGATTCATGAGAAAGAGATTGGCATCCCCGAAGCCGGTTGTTTGGACGGTGCCGAAGATATTGGAAATATTTCCGCCGCTGACACGACCTAAGATATTCGAGGTGGGCGGAAAAACTCCGTTCACCGCAGTGTTCTGGAAGTTGGCAACATCGGTTGCCCCCACGCTAAAGTTTCCAAAACTATGGAAAACATTTGTGCCTACCCTGGTGCCATTGGTAATGTTGTAGATATGGTCGTTTTGCGTGATTGTGGTGTTAAGATTTCCAGTGCCAGTTGTAACTGTAATGGAAGTCGTGACTTCAGCTCGGACTTCTGCTTGGAAGAAACTAGAGATAGAGATGAAAGTGAGGCAGATCGACGCAATAATCCGCACAGAGTTAAGCGAAGTTGCGAGAAACGCCCCTCTGTCTTGCATGATGAATGCTCCCCAGATATCGCTACTAATCGAGAGAGTTTGAATCCTCATCACTGCATAATGAGATCATGTGACCCAAGAACGTGTTGGTTCGCACATCTCTGACTCAACCTCATCGAATAGTGCTCTCCTATCTGCTTCTACATTGGCACATGCACTGATGTGTTTCATTATTCCATGTGTCCTTACAGGTCTTGCCCGGCAAACACGCAAGCCCTTGTTGGGAGCATGCACTGTTGGAAGCGTGTTCACAAACTGCATCATCAGGGAGTACACCGATAGGGTTAATTTGGATAGCGCCGGGAGGTGGGGCGCTGCCTTGGGGTAACGAAATATTAGGCGGACATGCCCCAGGGGGCCGTTTGTCCTTGACCAAAACCATGAAGCCGTTACCATCATCTTCACAGGCCATTACAGAATCTGGTTCTGGTATGGCGGAAGCAGGAGCCATTTCGCACAAGAGAACCCCGATAACGAACACTAATGAGAGGAGGGAACGAAAATTGCTAGCACGTCGCATCTGCACCTCCATGATATGCGAGGAGATTATTCTGGTTCCCGAGGTTTGACAGAGCTGCTGGGCTTGCGAGGCTTTGCAGTCGGCAAAAGCTTAGAGAGTTGTTGAAAAACGTCTGGGGCTCGTCTCCATACATGTTTTTCCAATTCTAATCCTGGTCGACTGTTAATCGATGACAGTAGTAATTTCCCATCCTGTTGGCGCTCGCCCAGAAAATAAAGGTTGAGTTCCGGTATCCAGACTACGACGAATATGTCTTTGTTTTTGGGTTCTGGAATTTCGAGATCTATTAACTCACCGATGAATCCTGGTGCACCCCATCCCGTCACATCCCAGGTCCCATCCCGTAATCGACTGACAGTCATAGAAGACCGTACTCTCTCGCCGACCTTAATGGGATAGATGATGATATCTCGGTCCAGCAGCAGTTTCTCTGCGTCATCACCTCGTTTGAACTTTCTTAACGCGTTTAAATCGACGGTATAGGTTTTCAAGGGGAAAGCTTTGTCAACCGTCGCTGTGGACGCTTCGCTCATTGAGGTGAATCCTAGCCCTTTCGCGGTATCCGATGTGACCAAGTCAGGCAGTTGAGCCAAGCCTTCGTCAGCCGCCATGTCGGCCGTGGGAGCGGCTTGAGAGTGAATAGGCATATGAATCCCATGCCAGAGTACGAGGCTTAAACCAATCGCAAGAATGGCAGAAGTTGTTATCCGCACTTACCATCCATCATGGTTTCGTAGGGGCAGATCTCAATATAGTCATAGGAATGCTTTGCTTGTCCACCCCAGGCTTCAACATAGAAATACTGAAAGGATCGCCAGCGATCTTCTGTGGCCGTCGGGTCGCTCTCGTCAATCCCGAGAGGATCAAGGACATATATCAGTCGCTTGCCGTTTCCCAACACTCTGTATCCCGCCACCACGTATTGGTGTGAACTTTGGCTAAATTCTAAGGTGATAACAAGCGGATGGCCGCGGCAGATTTGGTCCGTTATCTCCTCCCAACTAAGACCCTGCGCGGGTCGTAGGTGTGTTCTAATCGTATTAAAATTTTTTTTTGGAAAGTCCGGCCAACTTGGGCGAGAACAAACTGGATCTAACATATATTCTGGGTCGCAGCAGCTACGGACATTGCGGGAAATCCTCCGCTGGCCGCGTAAAATCTCTGTGACGAGAAGACACTGAGGTATTGAATACTGATTTCCATGGGATTCCATGACCATCTGTTGGGTCGCTGCCCAGCACCACTGGCCAGTTTCTTGAGATCGCGGTGTAACTGTTGCGAATCCGTAATCGGGAGTACACGTCTGTGCCGAGCTAGAATCGTACAGTGATAATGTGAAGAGCACAAATACACTTGCGAGCATGTATCTTTTCATCTTCTCTTGCCTCTTGCCATCCATGCACTTCCACTCGTTACATGCACTTGCACATACAAGCGTTGGTAACTGAATTCCAAGTGTCTTTACACGTCTTCCCAGGGTCACATGCGAAGCCCTGACGCGAGCATCGGTTATGGGCCATGCCGGTAGCGCACGATGCTCCAGGTGGAAGGGGCCCAGTCGGGTTCACCTGAATGGCACCATTTGGCGGAGGGCCAGGCTGCCAAGACAGCGGAGGAGGGCAAGCACCTGGCGGAACTGGTTCTTCGACGCCATCCTTCGTCGTCATCGTGCCCTTCTCACAATCAATGGTAATCGTCACGGTAGCAGCGTGGATCGGTACTGACCATGTGGCAATCATCCCAACAATTAGGCATACCAACAACAAGTGTCCCCCGAGTGGAACGAACAACTTTATTTCTTGTCTCATTGTTTCTCCTCTCATATGAATTCCAGAAACCCTAGCTGTTTGCCGGCAGTCTAGACTTACTTCGTGCGCATGCTGTGACTGGCCTATAAATGGGAGGTGTCATCCACATCCCTCAGCACCTAACTTGCAATTTCGCAAATTTATTGAACTACTTCTTACCACAACCCAACTCCAACCTAGGCGGCAAGTTCTTTGACGGCCTGCTGATTATTCCAATCAATCATTTCCTACAATAACCCTTCCGAGTGTTCGCATTCTCCTTCAACGTCCATGGCCCAGTTTCAGCTCATGTTTCTCCACCGTATCTTGTGGTGCCAGTTTTAATTGATCCAAATATCTCGGCGCCACCCCATTCGTATAAGTCCATTCAGCACTAACCTGCGAATTTACGATTTGACGATGGCTGCCCGTGGATTGAATCGACACGCAATCTCAAAGCTACGGTCATCGGGATAGGCCTTTGTCATCTCATCGCCGATACGATCGCGCTCGCTGTGGCACTCCTGGGATGTAGGATACGTCTGTAGCAAAGTGACCGTGCTTATTCCGGGCACCGTGTTCAACAGAATGATGACTAACATCCACATGGTGCCTTCCTTTCGGTCGACACTCTGGTTTTGGTATCAGCGATTCCTTGGAATTGTGTAGGGATATGCCGGTCCTTGAGATCCAATGCTTGCAATGACGTCGACTCGGCCCGCGTCGGCGTCGAACCTATCGAAGACGCGTACGCCTTGAGCCAAACCCATCAGTGATGAGTCGGGTATCAAGAGACCAGCGAGACGCATACAGCCCTCCTTCCTGTGAAAATGGTTACATACAAGGAACCCTGCCACTTGCCGATCTCTTTCCGGTCTGATCGGCCCTATAGTCTGCTCGCACTAGCAAAGGACGAGCCACTCATGCAACTTCGAATTCACACGCACACAAAGATTCGCGCGAGAGCTTGACTGTCGCGCTGCTGCCACGTTTGTGCGCGGCAAGATTTCTATTTCTTGTTTTAAGGAATGGGAATAATAGTGAACCCAAAGAGATTCAACCTGAATCCAATTTGATTCACCGCACGCTGTGGACTCTGACTGGAATGGTGATGAGGAACTTATGAGATGCTTTACTTGACCACGTCACAGGACGATGAATACATGGATGCCTCTGAGCCGAAAGACCTCAGAGGGTTCTCATTGTCTCATGAGAAATAGGAGGGTGGTTTGAGGCGGCGGCGAGCGGAGCGCCAATCAAAGACAGAGGCGAAGT
CP060499.1_gap42	1510834	1513630	2796	CCTGGAACATGTTCCGTCCCTAGTAAGGTCCCTCGGCTTTGCGTCCCACCCTCTCGGGTGGTTTGCCTTTTTCACCCTGTCGAAAACTATATCGGCCCTTTTGCCTGATACTTGAGCGAACGACTAGTTGAAGTGTAGCAGAAGCTGGGGTGTACTAACTGAGAGCGGCCGTCACCAACCAGCAGAATCGAACACTTAGGTTGCAGGTGGGCTGTTCACCCTCAATCGAGAATGGCAACTTACGCGGGACACTTGTGATGCGCAGGCGCAGACTAGGATCAATAAGGCCGCATCGATCCTGTGATGTCGACAGTGCTTCCGACGAGCCTCCAAACACCGTTGTTCAACGCCGAGCGACGATCTTGTTGGGCATCTCTTGTCTGTCGTATGTGAATGTCAGAGTAGACTCCGGCGAGCCACTTCTGTAAAGTGGCGCCATGGTTTCTTCCGACAAATTTGTTCTCTATAGCGATTTCAACTGTCCTTTTTGCTACGCCCAGCATGAGCGGCTGCATCAAATGGATTTGCTGCATCGCTGTGAATGGCGCGGAGTGCAACATGCACCGCATCTGCCGAAATCGATGAAACCTTGGCAAGGTTCGTGGGAGGCTGAACTGCGGCATGAAGTGGCGGTAGTACAACGACTGGCTCCCGGTCTTCCCATCGCATTGCCGAGCGGTAAACCGAATACTCAGGCCGCGATCGAACAAGCGATCTCGTTGTTAGGACAGGATGTTGCGCGCGGAATGGATTTTCTTCAACGGGCATACCGCGCTTTCTGGTGTGAAGGACAAGACATTTCCGATCCAAAGATCCTGGAGCAGTTGGCGGGAGAGCATTTCACTGAAGACGTTGACGGGCACAGTCGCAGTACCACTCAGAAATGGGAAACGGCATGGCACGCAACGGGCCAGACCGGTGTTCCATTGATCGTTGCTCCGGATGGAGATTTCCTGGTCGGCTATGTATCGGCAGATCAGGTACGGTCCTTCTTTTCGGGATAGGCCAAGCCGCAATCAACAAAACCGCTCCCCACACGCCAGCCACGTAAGCGCGTTGTGTCATTGCGCTTGCTTGGTAATGCCTAAACAAGTGCTGCGGCTAGCGCAGCCCTTCACGGTCGAGAAACGTCAATTCGGCCACCGCCGATTTATCCAAGTCACCTTTCCCCAATTCAATCAAGCGACGGTATTGGCTCAGGGTCGCATGGGCGACCGGCAGAGAGAGTCCGGCACGGTGAGCCAGGTCGAGCGCGATGGTCGAATCTTTTGCGGCATGGGCGGCGGAGAAATAACATTCGTGCGCGCGTTGCTGCATATCTTCTCCGTCGGTTTCCAGCACACGGGAGGCCGCGCCCGTTTGGCCGAAGACTTCGCGCAGTAGCGTGAGGTCGATTCCAAGCGCCGCTCCCAGTCCCAACCCTTCCGCCAGCGCGGCCGTATTACTGTTCATCACCATGTTGACGAGTGCTTTCACTTTTGCCGCTTCGCCGGCCTGGCCGATATATCGCAAGGTGGTTCCGAGCGCTTCCAGGATGACCTTCGCCTTGGCAAAGACCTCGGGGTTGCCGCCGCACATCAGGTACAGTGTGCCTTGTCGAGCTTGGGTGATGCTCCCCGCCATGCACGCTTCCAGGCATGTCCCACCCTGTGCCGTGACCAGCCGTTCAATATCTCGGTGAACGCCTGGGGAAAGGGTCGCGCAGTTGATGAAGAGCCGGTCTCGGGCTTTCCCAAGAAGGCTGGCTTCGTTGTGCTCAGAGAAGATTGAACGCATTGCCGCATCGTCGGAGATGACTGTGATAATGACGGTGGAACTGCCGGCTACCTCAGCCGGAGTTTTCGCAGCATGGATCTTGAGCTCAGCGGCTAGTGACAAGGCAACCGCTGGTTGTAGGTCGTAGACCGAGGTCAGACGGAAATCACGTTCGTGAAGTCGGCGCGCCATGTTGGCGCCCATGCGGCCTATTCCGACGAACCCGATGCCGACTGCTCTGTTCGCCATGAGAAAGGTTCCTTTCCGGGGGAGCGTGATCGGCGAGCGCGATTGCTAGAGCTGACGATCCTCTACCGATTCAGGACGAAGTTTGCTCCATCGAAGATTGGTTTTCCCATCAGTCGTCGTAAAGCCATGGTCATGGAGGGCAACGATGCTGACCCGTTGTTGCTGTTTTTGGACGGGGTGGAGTTGTGGGATGCCGTCTTTGGTCTGTACGGTTCCACGGAGCGTATCCACGATCAGCAAGCCCGTGGCCGCAGAGGGTTTGATCGCCCACACGAACGTGGCGGATCCGCCCGCATAGGTGCCGGTTCCTTCCCACGCGCCGACCAAGTCCGGATCGACCGTTTTGAGTTGGAATACCGGCACACTGGTCGCTTCTCGCCGCAGTTTCCACAGTTCAGCCGGAATGTGTGGCGGGTCTTGATCGATCGAAAGCCTCGTCCAGGTCGCCTGGACGCTGCCGGTGCTGGCGAAGGAGTTCGGGGAATTCTTGCGGTAGGTCCCTTTCCATCCAAGACCCTTGAAGGTGTTCGCTCGTTCGAGAGACCACAGCCCTGCTTCGGCGTTCAAGACACCCTCAAATTGCATCATCGAAGAGAGCGACCATTCCAGGTTCGGCTGGATGATGAGCAGCAGGTCATGTTGAGCCGTACCCTGTGTCACACGAGTGCGCCACGTTCCTATCAAGCTTGCGGGATTCAGGGCGGCCGCTTTCTGGGGCCCGACCTGAGTCCCGGAGGGAACAGGATGAGTTTGTGTGAGCGCGACGGGAGCTGTGAGCGGGATGGGTTCGGC
CP060499.1_gap43	1521130	1524561	3431	CAGTTGCGTCCTCTAGCCCATAGCTATTTACATCCAGCGCACCAAGCATGAGGATAGGGAGGTTCTTGGAATTCATGAATGTTACGAAGGACGTGGATTTTATGAGCGTGATGTCGTCGGATAGAGGACTGGCCGGGAATGATGAAAACAGAGCTGTTCCCACGTTCCACATTTCTGGCAGTTTCCAAACCACTCAGTGATGAGGAGTGTCATGGTTGGTTCCGACGTCACACAGCACGTTCGGCAGAGAAACCTGGTATGAGGTGTGTTCATGATCAACCTCTCTCCAAAGGATCAAGTATAGCTGACAGTGGAGAAATCACATGGCGAGAGGAAGTGCCGCAATTCCGGACATATAGGGGCTGTTCGTGGCCTGGTTCAAACGAGGGGGCAGCGGCGAGGGGACACGTAAGAAGAGGTGTGACGAGCTTGCCCTCGATCAAACACGCCAGTATTCTACGACCTCGTCCAAGGGGGTGAGACATGGGGACCAACGAGTCTGACTCCAAGTTACGTGTGGAGTGGCAAGTGGTGAAGCACGCGCCAGCGTCGTTTGGCATAACTTTATTGACGGTCTGTTCTCTGATCGGAGGAGGGCTTTATTGGCACTTTCACGCAAAGCTGGTACTCCAGACAGACAAGATCGCATTTCTCAGAGAAGAAAATGACCGGTTAAGGAACGAAATCGAAAGGCTGGTGAAGATCAATACTCTTCAAGGCGCAGCATTGAAGGAGATCCCAGATACGAAAAAATAGTTGAAACACGACGGAGCTTTCTTTTTTGGCGTGACCGTCAACAATCGGCCAGAGGGAAGTGCGCCGTTGACGATCCAAGCTTTAGTGCGTAGGCTACAGGTCGAAAAATCCTGACACTCGTCGGTCTTAGGCGTGGTTCTGTTCCACTGCGGGAACGCTACGAAAGATTTTTCTCTTCGACGGTGATGTCCTTATACTTTGAAATCTGAATTCGTTTGCCGGGATTCTGCTGGACCTTCTTGATGACCTTGTCGATTACGAATTGTCGCAACTCCTGGATGGACATGGGGTCAGCTAAAAACTCCTCGTTGATCACGAGGTGCCAGGACTGCTTGCCGACGCCGTTGGTAAAGCTAAATGTCGGTCTTATATCCTGACGGAACTTTACGTCTACGAATTGCTTTTCGAGACATTCCCGGATGGACTGAAGTTTTGTCGGAACCATTCCACCTTTTCCACTCTCAGTGTCCACGGAATCCTCCATAACGTATAGATTGAAGTCTGGTCTGCCTAAAGAGCACGGAATGGATGGCCTGGTAGAAGTCCTCCGGCGAAGCTTCCTTCGTCAGGTAGGCCGACGCGCCCGCAACCTTCATGTCCCGAGCGACTCCGCCACTTGGGTTGACTGAGCCCGATAATGATGATGTGGGGACCCGTCGTCGTAATCCGTCGCGTCGCTTCGATTTCATTCGTTCTGGTCATGTCCCGATCCATGGGGATGACCATCTGGATGTTCCTGCTAGGTAACCTCACAGGCCTGCTTGCCATTTTCGGCTTCGCCGATGACCTCGAAGCCGTCGTAGGAACAGATCAGGCTCCTCGACTCTTGGCGGAGCAAAGATGGTCATCGACCACCGGTACGTGAACGGGATCTGAGGGTGCCATCCTACCATTGTCGAAAGCTGAGGTTCATTCCTTCATGACGCTGAAGTGCTAGGCGGAGCGATCGGCTTAGTCACATATATACTCTGGTGATGGGGGAGTCGGCAGGGCCGCTTCTCTCTCATGGTCAGGAGAAAAGTGGCCCTAGATGAGTTAGGCCTTGGTTAAGGGCTGCTTGCCCCTAGTATACTTGGTCACCACGGTGTCCTTAGCTTCATTAAGGGAGTCTCCCAGTACCGACCGAGACAAGGAGACGATAGCATGACACTAGAACAGAGCAGTGGAAACATGACGAACCGGTAACGGAAACGCTATCGAGGGCTTTATGGAAATATTGCGCTGTTCGTGGGGCTCCGTTCTTGAAAAGGACGGAGCTTTCTTTTTGCCGCCAACGATTGGGGGCCTCACGTCGGTTTAACACGGAGTCCTAAATGCGGATCCTTGTGGCAGTGGACGAATCCGAAAACGCTTTGCATGCCGTGCGATATGTGGGGTCGCTTCTCCAGCAGACACCAAGTGTCATCGTTACGCTCTTTCATGTACTTAAACCCATACCACGTGGCTTATTGGAGCATGGCGGATCTGAAAATCCCCACATGGAAGAGGTGCTGAGCGATCGTTTGAGGGAAGAACGGGAGGCGTGGGTGAGGAAGGAAAAAGAGGCAGAATGCCCAATTCTCGAGCGAGCCTGCGAAACATTGATCCGTGCCGGCTTTGACAAAAGCAGAGTCGCCCTGAAGTTTGGACATGAGGACAACATCGCGAATACCATTCTCGAAGAGGCGAAAAAGGGAGATCACGACACCATTGTCGTGGGACGCACGGGCACGACTGGAATCACGCGGATCTTCGGCGGCGGTATCACTGACCATCTACTGCGTGATGCGCAAGACGTGGCGATCTGGATCATCACAAAGCCTTGAGCATTCATAGAACACCTCGTCGGTAATCCGAGCAGCTACTCTGATATGATCATGGCGTCCGCTGTCGATCCTCTTCCGCCACAACCCATTCCGCCCTCGCCGGTCCCGCCACCAAAGCCTGAACCCATTCCTCCCGGGAATCCGCAGTCACCCCCAAGCTCGCCGTAAGGCTCATCGTCTTGATGAATAGGTGATGTCACTTCCCCTCCGGTAGGTGGTCCTGTGCGATAACCGGCGGGAACTTTACCCATTGAGTTGATGATAGTGAATCTCTGCTTGTAGCAGATTCTTACAACCAGGACATAGAAGAGTGATCCCGGAGTATTTGTTGCCCACCCCTTCGTAGTTGCCAATTGGTTCGATCTTGAGATTGGCGATCCTCTTTCCACAGTAGGGGCACGTTCCGGTGTCCGGCATAGTCCGGGCTATCCATTGGCGGTGGATGACACTGCATTGATAGATGGCGGAGGGGGCGAGATTTGAACTCGCGGATGGGTTACCCCATCTCCGGTTTTCAAGACCGGCACGTTCGGCCGCTCCGTCACCCCTCCAACCCTGCTTGACCCGACCGGGAGCCCTTAAGATGGTTCTTGGCGACCGAAAATGGTTCCCCGAGTGGCTTCTGTCTGGATTCTTTCCAATCCCCCCATACGGCCGTAACACGACGGGAATTTCAACTGAACTGTCCGGCCGCTGGATTTTCCAGGATGGCACGGTCTTCGGCGCGCGCAGCCATTCTTCGCATAACAGACGTGGGCGGTCAAGAGATCGTGACACAATTCAAGCAATGAAGCAGAACACAAAGTGTCTCAAGTCGGTGTCTTGCGGTATTTCAATTTCGTCGGTGGAAGGCATTTCTTAACTGCGTTG
CP060499.1_gap44	1685921	1687978	2057	CTGTCGTGCGCCGATTGCACGACGAATTGCGTGACACCGGTCGTGGAAATCATTCATCGCCATCTCGGGTTGGTGAAGGCGGTGATGACGACTGCGCATGCCTACACGGCCGGCCAAGCATTGGTCGATGGGCCGCATACGAGGAAACGCCGGGGGCGAGCGGCGGCGACCAACCTTGTGCCGTCATCGACAGGGGACGCTCTGGCGGCAACCCGCGCTTTGCCCGTTCTCAAAGGGCGATTTCAGGCGGCGGCCATACGAGTTCCCATCCCGATTTGTTCGCTCTCCGACATCGTGATGCTGACGGAACGGGAGACGAGCGTCGGGGAGGTGAACGCGATGTTTTTGGAGGAGGCGCGCAGTGACCGCTATGCGGGGGTCCTGGGAGTGACGGAAGATCCGGTTGTGTCGTCCGACATCATCCAGGATCCGCGCGCCTCGATTATCGATGTGGACATGACGCAGGTTGTGGACGGCAATCTGGTCAAGGTCATGAGTTGGTTTGACAATGAGTGGGGTTATGCAAGCCAGATGGTTCGGCAAGCTCTTTCGATGGCCCTCATCGTTCCTGTCGAAGCGTAGGGGAGCAGGAGCCGATTCTGCTTCAACGTATCGGTGGGGGTTCCGCCCATACATCGGCTGCTTGCGCTTGGGTCTGAACATTTTATGGGTTTGACACCATACAGAAAGAAAAGAAACTTCTCCCGGACGCCTGAACCACGAGGCTCACGGTCGAGAGAGAAACCTTCCTCACCGCTGATCTACGTCGTCCAGAAGCACGCTGCAAGCCGCCTGCATTATGATTTCCGGCTTGAATTGGATGGGGCGCTGAAAAGCTGGGCGGTTCCCAAGGGACCCAGTCTGAATCCGGCCGACAAACGGCTTGCAGTGCACGTCGAAGATCATCCCATGGAATATGCCGCTTTCGAGGGCATCATCCCGCCGAAACAGTATGGCGCCGGCACGGTCATGGTATGGGATCAGGGTCAGTGGAAACCGGATGGAGATCCCCGAACGGCCTATCACAAGGGCCGGATGAAATTTTCCCTGTTCGGAAAAAAGTTACAAGGCCGCTGGACGCTGGTGCGGATGAGCGGAACAGAAAACGCAGACGGTAAAAACTGGCTTCTGATCAAGGAACGAGACCAGCATGCGCGGACGGCGACTAGGTCGAATTCAAGTCTCACGTCGTCCCACAGCGTCATAAGCGGAAAGAGCATGGAAGAGATCGCGGAGACCAAACCCGACGTATGGCACTCTCATCGTGCGTCCGGTGACGGAAAGCGTAGCAAGACTTCCCGGAACCTCAAGAAGAAACGGGGATCAAGAACCAGCGTGGATACGGTCAAGTGCCCCGAATGGATATCGCCTCAGCTGGCAACGCTCGTTGATGAGATTCCGGAGGGAGAAGGTTGGATCCATGAACTGAAGTATGACGGGTATCGCATGCTGTGCAGAATCGAGCTGGGCGTAGTGCAACTCTTTTCAAGAAACGGTCGGGAATGGACCAAAAAGTTGCCCGAGCACGTGAAGGCGGCCGGCCGATTGTCCGTTGAAAATGCATGGCTGGACGGCGAACTCGTTGCCATAAAATCGGACGGGTCGATGAGCTTTCAAGCATTGCAGAATGCCTTTGACGGTGGATGGTATGGCCGGCGTGTGTACTATGTCTTCGATCTCTTGTTCTTCAACGGGAGAGACCTTAGATCGTCCCCTTTGCACGAACGCAAGCGCCTTTTAGCGTCGCTTCTACGCGGGCAGCCGGAGAGCGGCCTGGTGGAATACAGCGCCCATACCCTTGGCCAGGGACCCACAGTCTTCGAGACGGCTTGTAGCCGAGGACTCGAAGGGCTGATTGCCAAGCGAGTGGACGGGCGATATACCGAAGGCCGAAATCGAAACTGGGTCAAAGTAAAGTGTCGACGTCGCCAAGAATTCGTCATCGGCGGCTATACCGAACCGTCGGGCTCCCGGCGCGGATTCGGAGCGCTCTTGCTCGGTGTATATGAGAAACCGGGAGGATTGGTCTATGTCGGACGAGTCGGGACGGGATTCTC
CP060499.1_gap45	1825201	1826215	1014	GTCGCCGCAGATCAAGATCGAATCGACACAGATCACCATACAGGCGAGTTCCATGGGTTCGGTAAAGCTCACGTCGGGCGGGGTCGATATCGGAAACGGGGCCATGAAGATAGGCGCGTAGCGTATGCCCGGGTACATTCTCACGACCATGAGCCAGGTCATGTGCACGCATGGGGGGACGGCGGTACTCACCACGGCCAATACGATGATTATGGTCGATCATGCACCGGCACTGCTGGAATCGGATATTCATTCGGTCGTCGGTTGTCCGTTCACGGTGCCGCCGGGTAAGCCTCAACCATGTATTCGAATCGAATGGACGATGGGCGCGACCATGTGCAAGGGCAATGGAACCGGAGTGCTGACTCAGTCGAGCATCGGCAAGTGTATCACCGCCGAGGGGGCCGTTCAGGGTCTGGCGATAATTCCTCAGACACAGGTCAAGGCGAAGGCGACGTAAAGAATGAAGCCGGTCAACGGAGAGCATCTATCATTTCCCTTTCGCGTCGGGACCGATGGACGGATGGCGACCGTTCAATCGCTCGAAGAACATGTCCGTGATGAGATCGTCCAACTCGTGTTGACGAATCAAGGAGAAAGGCCGTTTGTAGTCGATTTCGGCGGCGGCGTCAGGCGGTTGGTGTTCGAGGCGGCAGACGATGCGACGGCGGCCATGGCCAAGGCTCAGATCACACAGGCGATCAATCGGTGGCTGGGACATCGCGTGACCCTGGAATACATTCAGGTCGAGGTACAGAATTCGACAATTTCGGTGGACATCCGCTACCGCTTAGCCGGGACGGATGATACGCGCGTGCTGCGTTTCAAGCGCGAGGGAAGCTGAGTCGCGTATGTATGACGAACCAGCCCTGCCTCTAAGAGAATTGGCCAGGAGCGAGCCGCTACGTGAGCGCGCGCGCTTGATGACCGATTCGCCGGGACCAACGGCTCCGAATGGGATCAAGCTGTTGCGTGTCGTCGAAGTGGACAATGTTTTGGATACTGCCGTGCTTG
CP060499.1_gap46	1862187	1863088	901	CCCAGCCAAGGATATCGTCACGGTTGAGTTTGTCCGTCAACGTTTCTGGGTGGATGCGGATGTGGGGACCGTCTTTTGGCACGACCACGCATTTGGAGCGACGACCTGGCCGCACGGCGGCTTTGGCACATTCATCGCCGAACCTGTGGGATCGACCTATCACGATCCTACGACCGGGAAAGAGGTGCGCAGTGGTCCTATCGCGGATATTCACACGAATGAACCTGTGGGACATGGAGTGAATAACAGCTTCCGTGAACTGATGGTTCAAGTGCATGATACGGTGCCGCACACCGTGAATATTGTCACGGCGGGCAATCCGCCGGGGCAGCCTGTGGAAGTGGCGTTGGAAGCAGGGAAGACCGTGTCCTTCGCCATGCCGGAACATATCTATATGACTCCCATGCCGTTCTTGAACGGGGGGACACATACAACCGGAAGCGGATTGAACTTCCGAGCAGGGCCGATCGCCCAACGTTTAGCAACGAACCCCGATGCATCTCAAATCTTCAACAGTCAAATCCATGGCGATCCGTACACGCCGCTTCTGAGGGCGTACACGGGTGATACGATGGTATTTCGGCTGTTGCATACGCTCATGAACGAGACAATGACTTGGACGTTGTCCGGCCATTCGTTTTGGACCGAGCGGTACGCGCCCGATGCAAACCGGAAAAACTCCATACACATAGGCATCGCCGAGCGGTATGACTTAGTGGTACCGGAGGCTGGTGGTCCTCGGCATCAATCGGGTGATTTCATACATTTTAACGGTCGGTCATCGAAGTTGTCCGAAGGCGGATGGGGAATTGTGCGGGTGTATGACAAGGAACAATCCGATTTGAGAAAATTACCGGCAGGATTTTCGAATAAAGGGGAGATTCCGAAGGCCTTGCCGGTG
CP060499.1_gap47	1864174	1867720	3546	GGCGATAGCAGGCTCCAGTCGTTGGGTGCCGCTGGAGTTGGTTCCAAGCAGGCAGAAGTTGAGTATCAGCCCAGGGTTCTTCCAACGGCGATAAAATAGGGCACTCAAGTATTCTTGGCAGGAAGAGAGGGGGAGCCGTGCTGTAAGTGCGGCTCCCCTTGTTCTTTATGCTCTCCATACATTCTGTAATCGCGGGTGGAAGTCGGTATAATCAGGAATCGAATGTCCGACTCCCACAACTTTCGATAGTAGGAGGAGCAGACCAATGAAGGTAACACAGTGTCTCTTAACAGCGGTGGCGACGATAGGTTTGTGTTCGTCGGCTCATGCCTATAAGGAGGTGACGGTCTCGGATGGTGGTACCCTGACAGGTGTGGTGAAGCTGGATGGGCAAGTTCCCAAGCCAAAAGGTTATAACCTCACGACGTTACCGGACGCGTTCTATTGCGGGCGCATTTCCGACGGCGAAGGCTGGCGTATCTTGCAACCTTTTAATGTCGGGCCAGAGGGTAAGTTTCGAGACGTTTTGGTATACCTGGAAGATGTTGAGAAAGGTAAGCGCTTCGGGGATGAGAATGTCCAGTATATTGAGGCAAGAGATTGTCTCTTCGTTCCATTCACGACGGTTGTCCGGGACAACCAATCGGTGACGGTCATCAACATGGATCCGGTCATGCATGATATTCAGGCTTACGAGACGTCACATTTGGGTCCACGCGTGTTATTCAACGTTCCTCTCCCGATGAATCCGGCGCATCCGCGAAATTTTAAGGACCGCAGTGACGCCGGGATGTATCACAAGCATATGGCTGGTGCGCCAATGAAGCAGTTCGTCAACTTGAGCAAGGGGAGGCGCGTATTCGTGATGCAGTGTGGATTTCACGCGTACATGGAAAGTTGGGGAGTGGCCGTCACCAACCCATACTTTGCTAAGACGGACGAAGAGGGGCGGTTCACCCTCACTGACGTACCTCCAGGGACTTACAAACTGGTCGTCTGGCATCCCTATATACGGAGCACGACCGAGCAGACCGTGACGATCGGCCCGAATGAAACGGTAGACACTCAACTTGCGGTCTTGGCCCCGACAGGGCGGCTCTATGCCAATGAGGTGTTGGACCATGCATACAGTCGGTTTAGCGTAACCGAAGACACGAAGAAAGAAATCGAGCCGATGATTCACAAGCAGAGTCACTGAATAAGCCGCGGGACGAGGAGAACAAATTGAGCATAAGGAGTCTATTCTGTGTTCTTGGAATCGGGGGCCTGACCCTGTTACTGGGAGTGGTACCAAGTCATTCATATGACGTTGTGGAGGTTGAGCATGGGGGAACGATAACAGGCACGATCACACTGGCTGGAGCAGTGCCTCAACCGAAAGGGTTCAATCTCATTACCTTTCCGGACCCTGCATATTGTGGTCGCATCTCCAACGGGCGTGGATGGCGGTTGCTGCATGACTTCGTCGTCGGTCAGCAGGGAGGACTGAAAGATGCCATCGTGCTTCTGGAAGGTGTTGAAGCCGGGAAAGCGTTTGAGGTGTCTGTTCCGTTGATCGAGGCTCGCGATTGCAAGTTCCAGCCTTTTATGACGATCGTTCGGAACGGGCATGCTGTCGAGGTCATCAATATGGATCCTGTCATGCACGACATTCAGGGCTATGAGACCTCCTTGGAAGCGGGAACTCGGGTGTTGTTTAATACGCCTCTCATCATGAACCACCAGCACAGGCGGGGAGATCTTCATGCGATTCATAATCATGCCCCGGGGAAATCACTGGTCGGGCCGATTTATTTGAACAAGGGCCGGCGTACTTTTTACATGCAATGCGGATTTCACGCGTATATGGAAAGCTGGGCCATGGCTGTGAACAATCCCTATTATGCCCTGACCGATCCCGAAGGGAAGTTTTCCATCGATGGCATTCCCCCCGGCACGTATCAATTGGTGGTATGGCATCCACAGACAGGACCTGGAATATCGAAGTCGGTTGTGGTGCAGCCGAATGGAACACTCATCGAACAGATTGCCGTGCCCGCTCCTAAAGGAAGTAGAACCCTATACAAGGTCATGGATAATCCCCGCTTTGGCCTGGAGTCTTTAGGGCATTCTATCGATATCCAACCGTTAGTCGAGCATCAGCATTGACCGCCGATGGTTTTAGGTGCTGCAGAAAGGAGCGGTAGGTCGGTACTTCTCGCTTTCGTCACGGTCACCGCGTTGTGTTTGCCAATCTCGATTGTAGAGGGCGGCAATACTCTTCCCCTTGAGCCTCAATTTTCAGGTACGCTCGTCAAACGAGTCAACGGCAAGACCTATCGGGCTCAAGTATTCGCAAAAGGTGACCGGCTGCGAGTGGAGTACAAGTATGCCATTCGAACTGAACTCGGGTTCGCAACGATACAGATTATCCGACCGGACTTAGCAGAGGTATGGTATCTCCTGCCTCAACAGAAACAGTTGTTGGTGGTGCCGTTGACGGGCGATGTTTTCACGACCCATCCTGAATTGATTGGAGAAACAAGCAGGACAGCCATTGGTGACACCATGGTGGCAGGTCGCAACGCGCGGGTGTTCCATGTTCAAGCGGATCGCAATGGGCAAATTGAGAGATTCTACGAATCGGTCGACGAGGAGACCGGCGTTGTCCTCAAGTTGGTCAGTCAAGACCGTGACTGGTCCTTTGAGTACGAGCGATTGCGGGTTTCTCCGCAGCCGAGCGTGTACTTCGATGAACCACCGGGGTACAGAAGGCATCCGAGCACGCCGGCCAAAGGTGAGAGAGCGCGCGGATGAACGAAGTGGCTATTCGGCAAGCGCTGCTCGTCTTGTTCACGTTGACGTGGTTTATTCCTTTCGTTGGAACGACTTATGGGGAGAGGGTATCAGGCATCCAGCAGATCCAGACGCTCTACGAGAACGGAGAGTACCAGAAGGCACTTGAAGAAGTCAGCAAGCTGGACACGGAGCAAGCTTCCGTACCGGATGCTCGTCGGCTCAAAATCCGCACGTTGCTGAAACTCGATCATCCCAAGGATGCCCTTACCGAGTATGACAAACTCAAGCAGAGGCTAAGGCAGGATGATCGGCAGATCCTTCACGAGATCGCACTTGGGTTCGTTGTCGTCCTTACAAAAGATATGCGGGAGCAGATGCGTGGGGCAGCCTATACAGCTTTGAAGGAATGGCAGAATCCCGCCTCAATCCCTTTCTTGGAGGATGGACTCGGTGACGATTCCGGTCTTGTCAGGGCTCTGGCCGCCGAAGGGCTTGCCAAACTGGACGCTGGACGCCGTTCAGTCAAATTCCGAGGGGCCCTGGATGATCCGGCGGTGTTGGTAAAAGAAGCGGTACTCAAGGGATTTTCAAAATCCAGTGATACATCGGTCATCCCGCTTGTCGAACCGGCACTGAAGGATCCCGAGGTGCGGGTGCGAGTCGCTGCGGCTGAGGCTCTCTGCCATCTGAAACCTCCGAAGGGGTGCGACATGCTCCTGCAGTCCGCAAGAGCGCCCAACCCAGATGAACGAACGTCGGCGATTCGCG
CP060499.1_gap48	1870447	1875183	4736	GATATTCCACGATCCAGCTCCCGTCCTTTTTTGCCAGCTTCATCGGAAAATAAATATCGGTGGCAAGCCATTGGTAATACTGCTCCATATATTCGCCGTGTTTCGTCGTGACTTCATAAAGGATGGTAGGATGCCCTTCTCGCTCTTCCGTGCCGATTTCTTCACGCGAAATCTCTCCTTCCAACCGCTCGCTGACTCTGAGGTCCTGATCGGGGTCATACGGAATAGTCTTGAAGTGCTTCATTCTTGAGAGCAGCAGCCAGACAATTCGCTTGTCCTTTCGCACAATGCTCACGTTGACCGGCCCTGTGGTTCGATGTTCAATGCGCCACATTGCATCGCGATAGTAAATATATGCCATGCGCGATTTGCCATCGATCTTGGTCACTTGATCTGCGGTAAATTCCAGTGCGGATGCCGGCTGCCAGGGCGCGAGCGAGATCCAGATACATAGAATAATCGACCAATGCGGTTTCATCGGCAGAAATACTATCATAGGGACGGTTCATTTTCCTCTGGAGTCATGAGACAGCTTGGGAAGCCCGCTCTGCCCCGTGCTTTTCATGCAATGAGCGAGGGCTAGGGGGAAGCGGTCCCGAGCGATCGCGCGCACCGGAATCCAATTGTCGCAGAACGCTGATCTGGAGCCGCTCCGCCCCTGGTCGCCGTGCGGAGCATGATCCGGTTACTCTTCCAGGAACCTCCGCGCACGCTTTTATAGCGGCCAGAGGATGGGCCTGGGGGATTGCGAGCAGGCATGTAGGCATAGTAATCGAACCCAAACCAATCCTGCACCCATTCGGCGATGTTTCCCGCCATATGGTGAAGGCCATAAGGGCTGTTACCTTCGTTGTGAGAATCTACCGCTGCAAGAATGGGAATTTCATGCATGTGATGCTGTCCGAACATCGCAAGCTTGGAGGTGGGTAAGGCTTCCCCCCATGGGTAAAGGCTCCCCTCTAACCCTCGCGCTGCTTTTTCCCATTCGGCTTCCGTCGGAAGCCTTGCACGCTTCTCCGTGCAAAGGCTGTCTGCCTCAGCCCATGTGACATAGAGCGCAGGCCACCTGGCCATGGTTTCATCCTGGACGAAATGGACGGTAATGAGGTGCCAGATCAGCTTCTGTAGTTCATTGGAAGGAGAAAGCTTGTGCTTCTGCAAATAGGAGAGGTATTCTCCAAGACTTGCCTCTTGGCTGTCTATCTCGTAAGAATCTAACCAGACTCGTTGCTGAGGGAGTTCCGTATCATCGAACTGTGTCCACTTTCCATAGGGATCATTATCGATCCTCTTGCTTCCGATTAAAAACAGCCCCGCCGGGATCTCCACCATCGGCGACGGCCTCGCCAGTCTGGCGATCCGATCCAAACGCGTCCTCAGTTCCGGTGAGAGTTCGGAATCAGATTGTGCCATAGCGGGACATGTCATGATCAGAAAGAGCCAAAGAGCGATCATCGGCCTCGTGCAACGGTCTTTCATCACATCTTTGTCCAGCGGGTTATACTAGGCTTCCATTAACAGAACTTCCAACTTGATGTCGATGGCTCACGAACGTGGTCACCGTCCTGCATAAAACGAATGGGGTAACGAGTGGCACTCGTACTTGCGCATTGTCTATAGATGATTCTGTGGCTGAGATGAAGGGCTACGGCGACATGGTATTGAAGAACCGCATAGGGCAACCCCGTTATAGCGTTAACCAGATTGCATTGGGTGATATGAGCCATGCCGCCACGCTTCCGAGTAAGCACCACGTCGTGAAATTGCCAGCTGTTCGGGTATGAATCGCCTTCGAAAGGAGCATCGAATGAGCAGCCATCATGGTATAGGCACTCGCTTTGTGCGTTTGTCCCTGTTCGGCATCTGGATCGTCACGATGACGCAGGCCTTTACGGTGAGAGCCGAGACGGTACCATTTAGCCAGGACACATTGCTTCGAGCGAGACAGGTGACGGTCGGAATTCTGGCGGACACCCAAGATCCGCGATCGCCGGAGCGGTCTGCCAAAGTTGTCGTCCGAGGAACCGGATTTCACTTCCGAGACGGCTATGTGATTACGGCAAGGCATGCCGTGGAGAAACACGATCTCTCGACGGGTATGAACGTTCAAAAGCACATCTTCATTCTAACGCATGATCTGCATGAGCTGCCTGCCGATCTCGTGGGTGACAGCGCATTCATGGACGTCGTCGTCTATCGGATTCCCGCACCCCATCGTTTCAAACTGCAGGCGGAAGCGTCATTTTCCCCAAGGGAAATTTCACCCGGCATCGAGATTTTCACGGTTGGCTATCCGCTCGGCTGGGGACCGACCCTGGCGTTTGGGCGATTGGGAAATATCAACGCCTTTTTGCACACAGTCGATACGCGACTACTCCAGGCCGATCTTTCGGCTTGCAGTGGGAATTCAGGAGGAGGGCTGTTTAATGTGCAAGGAGAAATAGTGGGGATTCTGCATGCTGTAATCCAAACAGACAAAGAGGAGAATCAGACCCATTGCAGTCGTATGACGTTTGCCATTCCGGGGAATCTGGTGGAACGTATCGTCGATGCCGTTCTTGCAGGAAAACCGCTTGCCTTCTCTAGGCTGGGCATCCATATGAGTACGGTAAAGGATGGAACGAAGTTGCGTCTAGCCGTCAAGGATATCGATGAGCCGGCAAAGTCGGCCGGCATTCAGAGACATGACATCTTACTGGCAATCGAAGGCACAGAGATCCTTGATGGCGCCCAGCTGAAAAATTATCTGATCGAGCGTACGCGCCCAGGCCAAGAGGTAGCGGTCAAGGTACGACGGGTCGATGTTGATCTGACCTTTCACGTCATTTTGGGAGGTGGGACAAAGTAAGCGCCCGCTGACGGGTTGGTTGAACGCCAACGGCCAAGACATCCGGACAAAGACCCGCATCGCGATTGCTATGTGGTCGTACGAAACACAGTCACCCGCTTTCCCACTGCGCATTTGTTTTGAGAGCTACGAGACAGCGCTCTTTAGCTTGAAGGCACCCCGACCGAGTCGGTCGACGCGGCATTGTCTATATCAGTGTCTCCGGTCGTATCAGCGCAGCCAAGGTGGAATGGCCATGGTGACCGTTCATGTGTACTTCGCCGAGGCGATTGCCGGTCTGCTTTCCTCGTCCAGGCCCCTGGAGTTTTCGTGGCCCCGACGCGTAAAATACGGGATTATCTTAAGAGGCGCCGATGGGAATTCGGACTATTCGCGGACGAATCGTGCTGGCCATTGTTCTTGTAGGATGTATCCCGCTGTTGATCGGACTCGTTCTCGCGTATGTGTCGGGAATGCGGTCTCTTCGCGATGTCATCGGAGGAAATCTTCAGGCGGTAGCCATCCAAGCAGCTGATCGTGTCACGATGCTGGTTCAGGGTGAAGTGCAAGCTGTCCGGTTGCTCGGATCCACTCCACTGCGGGTTCGTCAGCCTGTTGAAGCTGCCAATCGCTCCTATCTCAATCTCATGCTCATGCAAAAAAACAGTGTCCAGCGTGTAATCGAAGAACGAACCAGAATGTGGCAGAACGGGGGAGAGAGCGGCGGACAGCTGTTGGATTCGGAACTATCCAGATTTCTGGTGGAAATGAAAGTTCGGGGAGGGGATAAAGTCGTCGGTCTGCTGATTGTCGATCAATATGGCTCTCTAGTAGCGGCAAGTTCTGATCCTGGTCAATTTTATTTCGGTGATGAACCATGGTGGAAAGCTGTCGCGGTTGGGAACGGTGATCAGACATATGTCAGTGGTTTGATTGCAGCGCAAGAGGGGGCGTTTCGGACATCTGAAGAAACGATTGATATTGCCGTGCCCATTCTTGACGAAAGGCAACGGGTCGTCATCGGAGCGGTCAAGGCTTCGTATCGATTTGATACCCTCCTAGCCATGATTAAGGAAATCCATATCGGGCAGACCGGCCATGCCATGCTCTTCGACGCAGCCGGGAACCCCCTTGTGTGCCCTATTCTGCCGAGACAAGCGCATCGGATACCGAGCCAACTGATGGCGATGATTGTTTCTTCGGAGCCTGGTTGGGGAATTGCCGAGGATGATGGACACGGGGCCACCGATACGGTGGTAGGTTATGCTCCGGTTTCCCAACTTCGACTGCCGGACAATCCTTGGCATGTGTTTGTCCGGCAGCAGCCGGCGGAAAGTTATGCGCCGATCCGCGACCAATTGAGGAATCTTGCGATGATCGGGCTTGTCATGCTTGGGCTTCTGTTGGCGCTTGGACGATATGTTGCGGCACGCATTGCCCATCCGATTCAAATTCTCCAAGCCGGTGTCGAGGCCATCAGCCAGGGGACCTATGATCGTCCGCTTCAGATCCCTACGGGCGATGAATTTGAAGAGCTCGCTGCCGCAGTTCACCGCATGGCCGACCGGCTGCAGGCGTCACGCGCAGAGTTGGAAGGGCTTAATATGGAGTTGGCTCGTCGTGTGGATGAAAAAACGCAGGAAATCACCAAACATATGCGCAGCCTCGAGCTGGCCGAACGGCTCGCGACGTTGGGCAAAGTTGCCAGTGGAATTGCACACGAGATCAACAATCCTCTCGGCATTATCTTAAATCGTATTGAATGTATGGAGGCAGATGCCACTCGTGCGCCGATCCCGGCGCAGGTTCAGCGTGATCTGGTGACGGTCAGGGTACAAGCGGAACGGATTTTGAGAGTGACCAAAAGTATCTTGACGTTTTCACGCGGCACGGTTTCCACTCTCAAGCC
CP060499.1_gap49	1881004	1883898	2894	AAGGTGACCTGAAGCCGTTGCCGGGCCGTGAGCAGATTCAGAAGTCTGCTCCATCGGTTTGTCCGGCAGATGCGCCGGTGAAGACCTTCAACGTGTCGGCGATCGATCAACAGCTCCGGTACCATGATGGGGCGCCGGGGGTCATGGAAGTCGATCTCGAGCGCAAGATGGTCTTCGGCAATGAACAGGGCAAGATGTATGTGCTCGACGGCGATCGCGGACGGGTCAAGGCCGGAGAATTGAAGCCGAGCCCACTGACCCTGCACGTGAATGTCGGCGATTGCATGAAAATCAATCTGAAGAATGAAATGGCGAAAGAGCGAGCCGGGTTCCACGTCGATATGATGGCGTTCAACCCGAAGGACTCGTTCGGCGCCAATGTGGGCAACAATCCCGGTGATCAAACCGTCGGCCCAGGCGAGAGCAAGACGTACACCTATTATGCCCATCCGGAGTATGGTGAACTCGCTGCCCTCATTCAGGACTGGGGGAACGTGGTTGAGAACCCACGGAACGGGTTGTTCGGCTCCATCATCGTCGGTCCAAAGGGTTCACGATATCGGGATCCGGTGACCGGAGATGACGTGACGATGAAAAGCAGTTGGCGCGTCGATGTCCTGGTGGATCGGACAATTCCGGGAAACGACAATCGGAAGAACTACCGGGATTTCTCGTTGATGTTCCAGGATGAGGATAATATCGTCGGCGTCAGCTTCATGCCCTACATTCAACAGGTAGCCGGGATCACCGCGGTCAACTACCGGTCTGAACCGACTGCCTGGCGGATCGAAAAGGGGTGTGAGGTAGCCGAGGTCTTCAGTTGTGTCAAAGCGGGTGATACACCTTCAACCCCGTTGTTGCAGGCACACGTCGGAGACCCGGTGGCCATTCACGTGTTGGGCGCGTTCAGCGAGCAAGTGCAGTTGTTTACCGTTGATGGCCATGAGTGGCCGCACGAGCCCTACATGCAGGGTGCCGACCAGGTGAGCACCATGGAGTTCGGCGGATCCGAGGTTATCAACGCCTACCTCACGGGTGGAGCCGGTGGTCCGAACAGGATCGTGGGCGACTATCTGTGGAAAAATCAGCGGCCGGCACATGCCAATGCGGGACAGTGGGGTCTGTTTAAGGTCCTGCCAGTCGATGATCAACGGATCAAGCCGTTGATGCCGCAGATTCCGCCGGCCAAGACGGCGGAGCAATTGCTCGGCGAGGGAAAAGCTTCACCGACGTCGCTGAATGGACAGTAAGTGAGATCGGGCGGCGTACGTGCTGAACAGCACGTACGCCACTTTTGTGAGAAACCTATCTGACTTGATACCACTGGGGAGCTATAGCTCCCCAGTGTGTTTTTGACAGGAGCATACCTATGAGATGCTTCACTCGTGGCTTCGTGTCCTGCTTTCTCGGCATAATGCTGCAGGCGCTCGCGGTCGGCATTGGTGCTGCTGAGCAGGCCTCCGCGTATGAATCCATGGCAGTGGTTGATGGAGGGGCGGTCAAAGGGATGATCCACTTCAGCGGTACGTTGCCTGATCCATTTGTCTTCAAACTTGGTCGCTATCCGGACCAAGCGTATTGTGGCGCCCTATCGGATGGATCAGGCGATCGTCTGCTTCGCGAAGTGATCGTGGGCTCACAGGGCGGACTCAAGGATGTGATCGTGACGATCCATGGCATTACCAAGGGGAAGCCGTTTGATCTCGAGGAAACGAAGCTGGAGGCGAATATCTGTCAATTCGTGCCCTTCGTGTCCGTCATGCGGGATCAGCATCCTCTGACGGTACAAAACCTTGATTCCGTTGCCCATGACTTGCAGATCTATGAACGTGACCGTGAGCATGTCTTTATCATGTTTCACCGTCCGGCTCTGACCAAGGCCGGAACTCAGGACGTCATCCGTTTCACCGGGGACCGTCGTGGGGTCATCATGCAATGCGGAATGCATCCGTACATGCAGGGGCATGGGCTCGGGGTCGATAATCCCTACTATGCCGTCACAGGCGGAGAGGGCACGTTTGATATTCGTGATCTCCCGGCCGGAACCTACCGGATCAAAGCCTGGCACCCGACACTTGGGGAACAAGAGCAGGAATTTACCGTGGCCGCCGGAGGGAGCGCTTCGGTAGAATTTACCTTTGCCGCCAAATAATACTCCATGCGTCTGCGCCGATATCTGATCAGTTTGATGCTCACGGTCATGGCAGGCTTTCCTGCCATGATACCGGCCTTCGGTGAAACTCCACCGGCACCGGCGGTGAGCCGGATCGAGGTGGTACTGGCCTATCAGTATCGAACTCGGGAAGCAGAGCTCAAACAGGAGTTTGCGCAAGCAGGGCTTCTGAACGTTCACTTCCAGTTCGCCCGTATGGGTCAGCCACCCCAGAACATCGGGCTTGGTCGAGACGTACCGGCCGATAAGGCGCGAGAGGCGATACGGCTGGCCCTCAAGTACAATGTGGGTGTCGGCATCTTGCTGCCGGAGAGACTGTTTCCTCCCCGGTTCATTACGATCGCCTCGTCGAACTATGATGACACCGTCGAGTATCCCATCACTGAGGGCGCCCTTGCCAAGCTGCGGGATCCCGAATTGAGCACAGAGGGTTTTCATCGCCTCTATCGGGATCTCACCTCCGTCACACTTGAGCCGAAGGGGCGGTATTAGGGCCGGTTATGAGGCTATGTTCAAAATACAGGTCAGGCATACTGCCGGTCATCGTGCTCTGTGGTCTCATCGTGGGCAGTGTTCCGACGAACGATGGGATGACTGTCTTGGCTGCCCAGCCAGATCAAAGCTTACAAGAAGCGGGGGACAGTCTGAAGGTGAATGTGGAAGAGATGATCGCGCATGGCGGAATGGGGGATGCGAAGGCGATTCTCCATCACTGCGGGGA
CP060499.1_gap50	1886647	1890482	3835	ACAATTTTATCGACTACCTCGATCCCGCGAAAGACCTCTCCGAATACCGTATAGCGCCGATCCAAACCACTGTTGTCTCCCACGCAGATGAAGAATTGCGAGCCATTATCATTGAAGTCGCGCGTGCTGTTACTCTCACGCGGCATTTTCGCCATGGACAGAGCCCCACGTTTGTGCGGGCGATCGTTCGGCTCAGGTGTAAGAAAGTAGCCCGGTCCTCCGGTGCCATGGAGCGTACGGTCGGAATGTTTGCTCAGAGGATCGCCGCCTTGAATGATGAACCCAGGCACAACCCGGTGGAAGGTCGTGCTGTTATAGAATCCCATCTTCACCAGATTGATAAGGTTCTCCACGTGGCGAGGTGCCGCGTCTGAGTAGAGGCGAATCTTGATCTCCCCAAACCTCGTGGCGATCGTCACACGGGGGTCCTTCTTTTGAAACTGCAGTGTCATGGTTACGAATGTAGCAAGGCGACCTTCCTGGTGACAAGGACCGCGTTTAGCGCTGATTGATGGATGGCACGTGTTCAGCGCTCAAGTCTCCGCGCCCAGTGTCTTCTCTTGCGAGTCCATCTCCAGGCTTGATGCGTAACCACATGATTCCGCCGATGAAGGCCATGAAGGCTGCGAAACCGAGTGAGGCGGACCAACCCCACTGTTGAGCGAGCCACGGCGTGAGCGTGGGAGAAATGGCCCCACCGAGATTGGCTCCCATGTTCATGAGGCCTGAAAGACTGCCGGCATGGGTCGGTGAAAGATCGCTCGTCGAAGACCAATAGGCGCCGATGGTGAAGTAGAGCCATCCGGCGCCCAACGATAGGCTGGCGATGGCGAGATAGGGAGATTCCAGCGCCGAACCCAGCGCGATGGAGCCTGCCGCCAGCCCCATCCCCACCATGCCTACGATTTGACGGCCTTTCGTTACGCCTTGCCTGATCGTCAATCGATCGGTGACCCACCCGCCGAGAGGACAGGACACAAGAATTGTGAGGAAGGGGGCGGCCGCAAACAATCCTCCGCGTAAAACCGTGAAGCCGCGCTCATTGACGAGATAGAGGTAGAACCAGGACATATAGACGTACGCGACATAGCCCAGGCATCCGTAACTCAGCATGAGCCACCAGACGCTCGGTGTGTTTCGCAACGTGGTCCAAGGAATCGAGGGTCGTGTTGGGGGAGCAGGCGTTGTGCAAGGGGTCGCCACACGATGCATTGTCCACGGATGAGTTGCTGGACGGTCGGCAGCCAAGAACCACCAAATAGCGGCGAGGCCGATGCCGATCCCGCTTGAAAGATAAAATGCCGTTTGCCAGCCATAGTTGACCATGACCCAGGCGGTGAGAGGCGGCGTGATGGCTGCGCCGATCCCAATGCCACCTATTGCGGTGCCGATGCCCAGACCTCGCTCATGGGCCGGAAGCCAGTCCGTGACGGTTCGATTGAAGGTCGGCAATGCGGCCGCTTCTCCGACGCCGAGAAGAAATCGGACAAGAGCAAGCGCGCCGACGATTCCCAATGATCCGGCCAGAAAAGACGTTGCCGCCATGGCGGTCCAGGCGGTAAAGCAAGACCACCAGATGAGCGCGATCGTCAGGACGATACGAATCCCCCACCGGTCGCTGAGCCATCCGCCGGGAACCTGGAACAGCGCGTATCCGACGACGAATGCAGAGAAGACGTACCCCATCTGTTGATCGGTGAGCCCCAAGGCCGGCATCATGTCGCGGGCGGCGACGGATATATTGACTCGGTCGATGTAGGTGACAACGCTGATGGCGAACAGTAATCCGAGGATCATCCAACGTAGGGGAGAAGGAGGGGAAGGCTCTCTGCGATCAGGATGAATAATCTCGCTCACGATGATTCAAGCATCAGCTGCCTGGAGAGAAATGGATGCTGATAGTGGAAGGGTTCGAATGCATGAACGGATTGCCGCCTCTTTGTCAGAGGCGGCAACGACGTCTTTACTTGCTGGGGATTTCGAGTAATTCCACCTCGAATACCAAGGTCGCGCCGGGTTTGATGTTCGGCGGTGATCCGCTGTCTCCATAGGCCAGATTGGACGGGCAAACCAGCCTGCTTTTCCCTCCGACCTTGATGTGCTGCACACCTTCCGTCCAACACTTGATGACCTTGTCGAGAGGAAATGTCGCAGGTTCCCCTCGCTTGACGGAGCTATCGAATACGGTCCCATCGGTCAGGGTGCCATGATAGTGGACTTTGACGGTATCCGTTGCCTTTGGTGATGCGCCGGTGCCGGGCTTGATGGGGGTAATCACGATGCCCGACTCGGTCTTGGTCGAGCCTTTCTCCGAAGCCGCTTTTGCGGAGAATGCAGCACCGGCCTTCTTTTCACCCTCGGCGACAAGAGCCAGTCGAGACTGTTGAAGAAGTTGAATTTTTGGCCCGAATGTCTGGAGATCGGCCTTCGGAGGACGCTTCAGCACGCCGTCGGTCATGCCATTCTTGACCATATCGAGTTCGGTCTCACTCAAGGAAAAGGTTCCCAGTGATTGACTGATGGCCAACCCAAGGGCATACAACGTTTTCTGGTCATCGTTGACTGGATCTTGCGATGCCGCCAGTAGCGGCGCGGTGAAGACAAGAAGCCCGGCGGCAAGGCACAATGTACGAATTCGCATGGATAGAGGGTCCTTTCTTGTGATGGGCTAATGTAGCACGTAAGAATACGATAGCTTTCCTGATCTCACAATAGAAATTTTCTCCAAAGCGTAATGAACTCATCGTGGAGATTCAACGGGATGACAGGATATGCCTTGCGCCGCTCGCTCCTCGGGTCTGGATGACCATGGAGGGGGGTGTCCGTGGGAGGAAGAGGACGCGCCCACGCTGATCGGTGTTCCATAGTACTCAGAATTATTTGTTAGGGGCGCTCAGAATTTGACTTCCCGGCATGAAACCCGTATTCGTAGAGGCCTTCGTTTTCCTTATCCACCGGGCGTATCGAATGAGGAAGTTCGGTCATGGGGACGAATGAGTCATATCTCGTCACGGCTTTATTGGACGTGAACGATGTACAAGACGTCGACGATCGAGCAGAAGCACGTACCTACCTCATATCCGACCGTAGGTCCGGCATGGCTGCCATTGTTGACTCCGTCCTAGAGAACATCGAACGTGATTGCAAGGTCATTCGAGATCTCGGTCTTACCTTACGCTTCGCTCTCGAAACACATATCCATGCAGATCACATTACGGGCGCTTCGCTGCTCAAAGCTCGGACCGGTGCACAGATTGTCTATGGAAGCGGTGCAAAGGGTGTGGTGATGGGTGCGGACCGTTTTCTCTTCGACGGCGAGACATTGTCGATCGGCGAGACGCGCATCCAAGGGCTCGCCACACCGGGGCACACCGATAGCTGCATCAGTTATGTGTTATCCGGCGCAGTGTTCACAGGAGATTCCTTATTTATCGGGAGCAACGGCCGCACGGACCTGCAAGGCGGCTCGGCGGAGAAGCTGTTCGATTCCGTACGCCGACATCTCTTTGCTCTTCCGGACGACACCATCGTCTATCCCGGGCATGACTATAACGGTCGGGTGTCCTCAACCATCGGTGAAGAAAAGCGATGCAACCAACGACTGAACGTGTCGATCTCGAAAGCCGCATTTATCGACACGATGAATGCCAGGAACGTGCCGCCCCCCGCAAAAATGAGCATCGCAATCCCGGCCAACATGCGGGCCGGTAATATCTGATCGAGCCTCACAGCCTGATGAAGGCCTGATCAGAAGCTCCTAGAGCGTTAGGCCGGTCGCTTCTTCTTCAGGGGTTGCCCCATGAAGCCAGTCTTGTACCTTGATGTGGATGGTGTG
CP060499.1_gap51	1916378	1919377	2999	GATATCACCGAACAAGTTCTGATGGAACAGGAGAAAGCGCGGCTCGAGGCGGCCAATGTGTACTTGCAAGAAGAGATCAAGGGGAGCCATAACTTCGAAGAGTTGATCGGCTCATCGACTTCACTGAAGAAAGTCCTCAAAGGCGCCGAGCGGGTTGCGCCGACTGATTCCACCGTGCTGATCACCGGCGAAACCGGCACCGGCAAGGAACTGATCGCCCGGGCCATCCATAACTTGAGCCCGCGGAAGGACCGGCCTTTAGTCAAGGTCAATTGTGCGGCTATCCCCGGTGGATTGATTGAAAGCGAGCTGTTCGGTCATGAGAAAGGAGCCTTTACCGGAGCGTTGACCAGGAAGATGGGCCGTTTCGAAGTGGCCGATAGGGGAACGATCTTTCTCGATGAAATCGGTGAACTCCCGCTCGACCTGCAACCCAAGTTGTTGCGTGTCTTGCAGGAGGGTGAGTTCGAGCGAGTCGGGGGAACACAGACCTTTAAAGTAAACGTGCGTGTGATCGCCGCCACGAATCGAAACCTTGAGCAACTCTCGAAATCGGGTCATTACCGGCTCGACCTCTACTATCGCCTGAACGTGTTCCCGATTCATATCCCCTCCTTGCACGAGCGAGAGGGAGATATTCCGTTGCTGGCCCAGTATTTTGTGCGAAAACATGCGAGCCGCCTCGGAAAGAAAATTACCCATATCCCGGAGCGAATGATGACGGCATTGCAACGCTACCGGTGGCCGGGAAACATCCGCGAACTGGAGCATGTCATCGAGCGAGCGGTCATTCTGAGCGAAGGCTCGGAACTGGAACCGATCGACTGGCTTTCACCTGTGGGTGGAAAGGCATCCGGCAACGGGCAAGCACTCACGCTCGAAGAAATCGAACGACAGCATATCGTCGAGATTCTGGAACAAACCGGTTGGCGCGTGAGCGGCCTTAAGGGCGCGGCGGCAATTCTTGGATTGAAACCCACTACGCTCGAAGCCCGCATGAAGAAGTTGGGGATCAACCGTCCTGCATGAACAAGCGGCCACTGCTTATTGCTAAGATGAACGTCCATATGCCGATTCCATTCGTGGCCCATGTCGCACTTTCCCTCGGTGTGCTTGCAGTGCTGCCGCCGTTCAGCATTCCGACGACCGCTGTCGCGCAGGTCCAGTGTTGGACCCCGCGTCAGGACGAAGGACCGGTCACCGACAAACGATGGGCGCGGTACTTCAAAGCCATGAGCGCCGCCGAAGCGATTGTGAAACAATCACGCGAACTCATGGATTCACCGGTCCCGGTTCGCATGCGGACCACGATGGCGGCCAGTGCGCATAACCCATGGAACTCGCGCTTGTTCGTGCGTGCCTACCCGGAGCAGACGTCGGTGGGTATCAAAATCTGGGAGGGGGACTGCAGGGTCAACCCTCAGGCGGACCGAGTGGATGGATCGATCGGGAGAGTCAGTGTCTATTTCAACTATCTGTCCAAGGAGATGTTCATGGGGCGCGATGACATCCCGAAACGGACCGGTACCGTGGCCGGTTATCCCGACTATGGCGGATGGGTGATAATTTCCAAGAATGAGCGGCTCCCATGGATCCCTCAAACACTCGGGGATCGGCTTGATCGCCTTGGCGCCTCGCGCGAAAAGGCCATGGCTGACTGGCATAGGGGTAAGGCTGCACGCAAAGCACCCGATCGAGCGATGGCTGAACGCACTGCGGCACTGCTGAGAAGGAACGATCCAGCCGGCGCCGATAACTACATGGAGAACATAAAGCGGCTTACTGCAGATGTCCAAGCAGCGCAGGCCAGAGATGCGCTGCGGGATGCATACCTCTCAAAATTGCTCGGTGAATACCGAACCTACCGGGCATCGTTCACCGCCGAGCAACTTGCCAAGCCGGCAGTGTGGGCTGATCCGGAGGACTCTGCCCGCAAGGCGGTTGAAACCCAAATTGCCGCGATACAGGAGCTGAACACGGACGACCGGCGAAGAGTGGACGAGGTAATGGCTCAAAGTTTGGCGCTGGAACGAGAGGCGGTGGCAGCAGAGAATGCCGGCAATCGGGCGGAGGCGCAACAGCTGCGTGCTCAAGCCGGCAGCTTGTCGATCGAAGCTGAACGGGATCTCAACGACCACATAGAGCGTGCGGCCCTGCAGGCAGAGGAATTACGAGACGCCTTCGAATTGAAGAGCCTGAAACCTGGCACCACCGATCAGGCACTCGCCTACAAGATGGACCCGGCCTTCCCGGATCGGAGTAAACCAGGGAAGATACAGGTCATCGCCGTCTTCGTCCCCACACTTACCGAAGAAGAGGTGTACAACCGGCCTGAATTGGTCCAGCGCAAAGCTTGGTTGGACCAGGTCAAATTCTCAATCGACTACGCGTCGCTCGCAGCGCTCTTGGACTGATGGACTCCGAGAAAAGCAAAGCGGCGAGTTCGGTATGGCGCGCTACTTCAACCCTGGCTGCAACTCGATAATCTAAGTCACTTTCTTCTCTCTAGACCCACCGTAGGTTTCCCATTATGCCGTGACGGTCCCAAAATTTTGGGAATGCCCATTCCTGTGATATTCGATTCTCCGCAAAGTCAAAACCTGAAATCATAATTTATTCAGTAACTTAGAACGACTTCAGGCTGTATCGGCCGCATGGCATTGCGGTTGCTCAATAGCCGGCATCAGGCCGAAACTGAAGGAGACCGGAAGACGATGCTGAAGATCACAAGAATTCAGGAGAACGGGCGAGACGTGCTTCTCAAGCTGGAAGGAAAAATCACGGAGCAATGGGCGGCGCTGCTTGAGGGTGAATGCCGTTCGTATCTTCGAAAGAAGAAGGCGGTGCGTTTGGATTGTTCGAATGTCGACTACATCGATGCAAATGGAATCGAGGTCATCAACAACCTATCGAGGACAAACGTGACCCTCATGGGCGCCCCGTCGTTCGTCACGGAGTTGCTTCACATTGGAGGCCGATCATGAATACAGCCACGGGAA
CP060499.1_gap52	1988334	1990546	2212	CCCATTGAGACAAGACCAACGTCAGCGTAAACACACACAGGGAGAAGAGCAGGACCGGCTGTGAGAGACGGAACAGGCTCAACCCGGCCGCGCGCATGGCCACCAATTCTTTGTCGTAGGACAACCGGCCGAAGGCCGTGACCGACGCGATGAGTCCGGCGATGGGGAGCGTCAGCACCAGACCTGACGGGAGCAGCATGGCAATCACTTTGAGGACCGCCCAGAAGCCGACTCCCTTGGAGACCAGGAGTTCGACGAGACGCAACAGCTCCCTGGTCAACATGACAAAACAGAGCGCGCCGAGGCTGAGGCCAAACGGGGAAAGGAGTTCCGTGAAGATGTAGCGATCGAGGAGCGTTCGTAAAATCACAGAGTTTCTGGGGAGGAGAAGATTGGGCACACTATAGGGAAGTCCTTCTCCCTTGTAAACACAGGAGAAAGTCTGTTCCCTAAAGATTCGCTTGACAGCGCACCAGCCCTATGTTACATGCTCCGCGACTTTCTTCACAAATGATGGGTTCCGTGAGCGATGTATCACTCCTTCAGGTGCCCGTCCGTTTCTCCCCGCCGAATTTTTGTCCAATCTATTCTCCGTTTTCGAACTGCAGAACGATTGTGTGGGTGACGCTACGCAACTACGCGTAGTTGTTGAAAAAAGGAGGGGTTCTGTGAAGACAAAAGGAACGGTCAAGTGGTTCAACGATCGGAAAGGGTTTGGATTCATCCGGCTGGATAGCGGAGAAGATGTCTTCGTCCACTACTCTGCGTTGCAAGGAGATGGGTTCAAGACCCTCAAGGAAGGTGAAAACGTCGAATTTGATATCGTGCAGGGGGCCAAGGGCCCTCAAGCCGCCAACGTGCTCAAAGCGGCTATCGCTGCATCGTAATCGTCTCGCCTGATCCGGCGAGAGAGCCTCCTCATCCGGGCGGAAGAAACGTCGTCTTCCGCCCGGATCGCTTCCGGCCTGATTCCGCCATTTTCTCGACAAATCGCACTGACACTGTTAGCGTTTGGCTGTTCCGTCCTTGGAGGTCTGTCGTGCCCCCGGATCGAAGTCGCGTTCTCCAGCAAGCCCAGCTCCTGGCGTCCCGCGGACAGTATGACGCGGCGATTGCCGAATGGAAAAAGCTGGCCGTCGAAACCCCGGCCGACGGCACCATTCACAATTCCATCGGTGACTTGCAATTGAAGCGAAACGCTTCCTCTGAGGCCTCCGCCTCGTTTCTTCAGGCCGCCGCGGCATTTAGGACGGAGGGCGCCACCCTCAAAGCGATCGCCGCATTCAAGAAAGTCCTCAAGTGCGATCCCACGCGGTATGAAGTGTATCGCCATCTCGGCGACCTGAACATCGAACGCGGGTTGGTGAGCAGTGCGGTGCAGGATTACCTCACGTTGGGGAAATATTATCTGAAGGAACGGCGCGGGAAAGACGCGCTCGAGATCTACAAAAAGATCGTCGTCCACGATCCTTCGAATCTGAGCGCGCAGCAGCGTGTCGCCGAACTCTGTGTTCAAGAAAATCTACAGGATGAGGCGACCACGGTCTATCTCCAATTGGGTCGCGAGCGCTCGGCGCAAGGGCGATACGACGAGGCCAAAGACGCATACCTCGCCGTGCTGAGAATCGATCCGGCGAACAGCGAAGCCACCCAGTTCGTGGAAAGCCTGAAGAAAGGTGGAACCGGGCAGATCAAGGCCGTCAAACCGGCGTCCTCCGCGCCGGCGCAGAAATCCTCAGAGCCGCTTGACCTCCTGGCGGAAGCGACCAGGAGAATCGATGAGGGACAGTTCGCCGGCGCCGAGGCCATCTTGAATCAAATGCTCACGAGAGAGCCGGGGAACCCCCAGGTCTGCCAACTGCTCGCGCGGTTGCACTTGCAGCGCGGGGACGTGCAGGTGGCGCTTGGAGAATACCGCTTCCTGGCCGGCGCGGCGCTCAGGGCGCAAGACCTGATGCTGGCCGAATCGCTGATTCAGGAGTTTTTGTCTGCGGAGCCGAACTCGGTGCCCTTACTGGAGTTGAAGGGCGAGCTGCACGAAGAAAAAGGAGATCGCGCGGAGGCCGCGCGCCACTATGCCAGGGCCATCGAACTGTTGTTGGAACATCCGGAGCCTGGCATGGAAAGCCTCCACGAAGAACTTTTTGACAAGGTGCGCTCGCTGTCGAACGATGAGAACTTGGTCCATCAGCTGGCGGAGAGGATGAGGGGA
CP060499.1_gap53	2024985	2025692	707	GCAGTAGCCCGACTGCCTGCGATCGATCCTGTCCGCTGTTCTCCCTCCTCATGGATGGAGTGCGGAGCTGTCGCCGCCACAGATCAGACGTTCGTTGCACCCGTTCAATCGCGGCGCGGTTCACCGTCAGGCCGGTGGAATTGCGCTGTCCCCGAAGCGTATCCATCCTGATGCGCAGATCGGCATTTTGCCGTTCACGTGGTCCCTGAAGAATATCGCGCTCACTCAGCAAGGCCGCCACATCACAAGCCGGATGTGCAAGACCCAGCGGGATTGCTCGGATCAGCATATGTGCCAGACGAGGATGGAGGGGAAGCTCGGCCATGCTCCGGCCATGATCCGTGAGATGTCCCTCACTCGAGAGGGCTCCGAGCCGCGTGAGCAATTCCTTGGATTGTGCGATTGCTCCGGGCGGCGGCGGAGTGAGCCAGGACAACTCCGACGGATCCCGGGCGCCCCACTGGGCGAGGTCGAGCATCAGAGGCGCGAGATCGGCTTCCAATATCTCAGGCGGACGATGGGCTGTCAGTGCACTCTGCTCCTTCTCGGTCCATACGCGATAACAGATACCCGGCTCGAGGCGCCCCGCTCTTCCACGACGTTGTTCGGCGGAATCCCTGGCGACACGGATGGTCTGTAATCGGGTCAAGCCTGAGCGGGGGTCGAAACGCGGGGTGCGCAACCAGCCCGCGTCGATCACGACGCGG
CP060499.1_gap54	2108517	2109892	1375	GGAGGAGAATGAATTCGGGTTGTCGTAGTCCAAATGGTAGTAATCGAATGCGAACGTCGATCGAATGGTCCAGAATTCCGGCAGGCTCAATCCGACCGACAGACGATGCGCCATATACGCCCAATCGGCGTGGGACTGCACGCCGGGTGTCGCGACCGACGGACTCCCGCCGCCTGTACGGTCCGTATCGAATGTGTATCCCATCCGAACATGTCCGGTCCCGTCAGAAAAATAGACGTATTGCGTGATACCTGCCAGCCAGTTGGTCCCGTCTCTGAAAGAGTTTCCGATGAAGCGATCGTCCTGGAAGTTCTTATTCTGATACCGGATCTGAATTTGGGTAAACAGGCTGTTGCTCTCCGCGAAAGTGATGATGGGTTGTATCGCATGGGTGAAGAGAAACGGATCCTGGCCGACCCGCACGTAGTCGAAAGCATACTGCAGCCGGGCCGTGACCATCCCAAGCTGCCGCTGAACGAAAACGGACGGTGCGTGATCCTGGATGTCGAACGCGGTCAATTGTTGGTGGAAGCTCTGATAAAAGCCGTACGCAACGCCGGCTGTCCAAAGGGATGTCTGAATCGGCCGATACTCACCGCGCGCATAGATGGTCGTGCGGAAGTCGTCTCTCTGGGAAATTCCGGTCGTGCCGCCGGGCGGCTGAACGCCGAGAGGAAGCAACACCACGTTGGTATCATACTGGCCGCTGGCGCTGAGGCTCAGATCCCACTGTTTGACTCCCTTGGGAACGGCGGACCGTTGCTGCAGGATCGCGCGGGCGGTGCGGGCTAGTTCGGACTCAGGCCCCCCCGCCGAAATGGCTGCTTCCAGTTCTTTCTGAGCCTGATCAAGCAGACCTCGTTCATAGTACGACATTCCTGTGTAATAGCGGACTGTCGGCGTCAGATCCGGGCTGAGCGCCATGGCCCTCGAGAAGAGGGCGGACGACTGGTTGAATGATTTCAGTTCGTGGGAAACGACGCCTTGATAAAAGTAGACGAGCGGATTTTGAGGATCAAGCTGTTGAGCGTGTTCCAGTGATTCCAGTGCCTCGCGATATTTCCCAAGTTGGCTCTGCGCGATGGCGAGTCCCAGCCAAGATTGAGCGCGTACGGTCTCGCCGATCGTCAAGTTCTGGAACAACGCCTCGGCTTCACGGTACTTCTTCAGGCGTAACCATGTCTGTCCAAGGTACTCAGCCGCCTCTGCATCGTTCGGCATGGCCCGACGGGCTTGCTCGAAGAAATCTGCAGCTTGCTCATAGTGTCCACGTCCGAACTCGACCACCCCTTTGGTAATACTGAAATCATAGGTTTCATTCGGAATCTGGGCCCAGGTAACGGGTTTGATCGCGAACCATATCACGCACACGCAG
CP060499.1_gap55	2120353	2121913	1560	CCGCCATTCCCCGCCAGCTGATCGTCCCCGCCGAGCCCGAACAGCTCATTCTCGGTGTCGAACCCCGTGAGGGTATCGTTGCCGCTGGTGCCGGTGACCACGCGGAGACGACTGATGATCTCCGTCTCCCCCCAGATGGTCCCATCGGCGAACTGAATCGCGCCGATCGTGGGAGTCCGAAGGCCGGGCTCGATCAAATAGTTCTCCACCGTGAGCTGATCGGCTGTGCCGACAATGTTCATCACCAAATGGGTGCCCTGTCCCTCAAACGTCACCTCAGCAGGCGCCACGCCGGCCTGCATGTGGATGGAATCGATAAAGGTCGGCGACGCATAGGTCTGCGTGCCGGTCTGAATCACATCCTGCCCGTAGTCTCGTCCGAACACATAGAGATTGTCCCCGAGCCCGATCAGCGTATCGTTGCCTTGCCGCCCATCCAACACGTTGGACCCGGTCATCCGGTTGTCCTGTTGGTTGCCGACCAGATCGACCGCCCCGGAGAAGAAGGTATCCTCGCGCAATTCGATATGCTCCACGGCCTCAGGCACCACAAAGGATCCGGGGACCGCGATGCGGACCGTATCATTGCCTTCTCCAGCAACCTCGACGATCACATGGCCCGTCCCAAAGAGTTCATACAGGTCATTCCCGGCCCCGCCCACTAAACGATCGGTCCCGAGGTCGGCGCTCAAGCGGTCATCGCCGGCACCGCCGTCGAGCACATCATTTCCCTCCGACCCGAACAGCCGATCATGGCCGGCGCCGCCCTCTAAAATGTCGTCACCAGGACCGCCGTCCAACACATCGTTCCCCTCTTCCCCCAGGAGCGTATCCGCGCCGGCCAGGCCGGAGACCACATCGTTTCCCGCACCGGCGGCCAGGTGATCGATGAATGCCGTCCCCGTAAGGGTCTCGCTAGTGGCCGTTCCGCTTTGGTGGAATCCTCGCCCGATCAGCTGGCTATAGGTAAGCACGGTCCCATCGGCCCATTCGAACGTGTCGATGGGATGCGCGCCGGTTGGGACCGTCACGCCGAAGTTGGTGATCCGCACCGTATCCCCGGCCGTGCCCATGTGAAGGACCAATGTATCGCCCACCTCCATCCCCAGCGTCACCGACCCGGAGTCGCCCCCAAAGACCAGGCGATTACCTTCCCCCGCCGCCTCCACGATCGTATCGGTGCCGTCGCCCTGATTGAACATGTAGGTATCCTGCCCCCCACCGCCGACGAGCGTATCGTTGCCGACCCCGCCCGTTAACGTATCGTTCCCAAGCCCGCCTTGCAGTTCGTCATCGCCCTCTTCGCCGTCCAGCCAGTCGTTCCCGCCAGCAATACTCAGATCGAGCGGATCATCGCCAAACAGTGAATCATTTCCTGTTCCTCCAAACAGCGTATCGGCTCCACCGCCGCCTTGAAGGTGATCTGTTCCCTCTCCCCCATCGAGCGTATCGTCACCTGCTTGCCCCTGAAATGAAGTGGCTTCGCCAAAGAGTAGATCGTTGCCTCCCCCGCCATACAACACATCGCTCCCACTGCCTCCTTGTAACTCGTCGTCTCCC
CP060499.1_gap56	2123095	2127327	4232	GGCCCCTCAAATAACTGAATCCCGAACTGCCCGCTTTCAAAGTTCTCGTTAACGGTCAGGATCTGCGTGCCGTTCAGCTTCACGACGAGATCGCCCCCTGACAGCTCGTATTTGATCGTGCCATCTGCGCTTTCCCAATCCGTGTGTCCCGCCTTCTTCACGCCCCCCACGAGCATCCGGCCGTTGACGAAAATCGCTCCCGTGGCATCGGCGTCCTCAATCCGATCGTTCCCATCGCCCGTCGAATAGTAATAGGTGTCGAAGCCTGTTCCGCCGAGTAAGGTGTCATTGCCCCCACCGCCATCCAGTGTGTCAGCACCAGCATTGCCTACCAGCAGATCGGTCTGGGTGCCTCCGGTCAGCGTATCGACCCCCCGGCCACCCACCATGAATGCCCCGCGGTTCTGGGTGTCGGTTGCATCCATCCCACCCCTAACCGCCTGTACATACCAGTCCCGCAGCGTGGGCAGTAGCGACTGAATCAGCTGGCGATCGGTATTGGTAAAAGCGGATGAGTTGAGATAGTTCTCAAAGTACAGGGTGTAGCCCTTGGCGTCGCCGAGCGTGGTGGCCACATCGGCCCGATCAAAGTGGACGCCGCCACTACCAATGTCTGCCGTGGCAAGATCGGTGAACAGTTCCTTACTCGCGTTCGTGGCATTAACGGTGTCCTGGTAGTACAGCTGCATGGCAAAAGCGATCAACGTCTTGCTGACCAAATTCGTAGCAGGCGTCGGACCATCCGCCATCGTCAGTCCCCCATCGTGGGCCAGTTTCCACAGATCCTTGGTGAACCGCGTCACCATCGCGTTGCCCTGTTCATTCTGGACCAGACGCTCGAGGAAGTTTCGATTCTGAGGGTCAGTGGTCGGATGCGCAAACAAGCCGCTTGAAAAGATCATCCCCATCAGATCGGTGAGTTTGGCAGTGACGCCGTTTAACGTCTGTCCTGACACGGAGGTCTGCATACTCTGGAGAAATGCGGTCAGCAACGCATGCGAATGCAGATCGCCCCCGGACACGCCCGGAGCATCAGTCGGGAGATAGGTTGGCAGACCAATGCGGTTCGCCAGGACATTCCAGGGCACCCCAGCGAGAAATTCCCCTTGCACGTTGATGCTGCTCACCAGGTCAGCGTTTGGAATTCCGCCACTGACCGCACGGCGTTGCAGAAAGTCGGTCAGTCCGGCCAAGGCCGTTACGCTGTAACCACGGGTAAGCAGATCGGAGAGGAGTGTCTCGGCGACATTTGGGAACAGGCTTGGCGTCGCCGAGTTGGCGAATGGTGCTTGATCGAAGGTCACCGCCTGTTTGCCGAAGAACACACCCATGAGGGCCGCCAACCCGCCACCGAGGCTATGACCTGTGAACGTAATGGTGGCGCCAGGATTAGCCGCCTGAACTCGCAGATAGTATTCGGCCGCCTGTAACAACTGCACAGAGCCTATACCGGAGGCAAGCAAGATATTGGCCGTGTTGTCTGGACCCGGCGGTAGGATGCCGTCGTTAGGGTTGGTGCCTGCGAAGGAGATCACGATCTCATTGCCGCGCTGAAAATACCCAGCTTCAAAGCCAGTGACTTGATCTCTTTCCCTTTCTTCTGGAGGCTCTAACCAGCCATAACCACTTAGGACCGGGAACCAATTCTTTTCGGCACGAGTGGACTGATACGCCCGACCAGCCATCAATGCATATTCAAGTTCCGTCACCATGGTTACTCTCCCTTTTCCTTAAACAACGTGGCACAGGGACATCGCTCCTTCGGCACGTTCCTCTTTTCACAATACTTCTCACAAGCACTGAGTGAAGCCTGTCTCTTAAACCACCCCAACCCAATCCACCTACCTTTTCCGGTATCAACCATTTCGCCACACTGGCTTTGCCCATGCTCCTTCACCGGTTCTCGCAGGATCGTTTGGTATTCAGGCTCGGGAATCTCATGATTGCGTTGCCGAACGTGCTCCGCTGACACGACATGCAGGTGGACCATCTCTTTGACATATCGTGAATCCAAGCTAATCGCCACGTTCATGGTAATGAATTCGACAGGAACATCTGCAAGTGGAATACGCTGCCAAGCTTTGCCGTTGTACTTGAAGAACACATAGGGCGGATTGGGTCGGCCCCACTTGTTGTACGAGAGACACAAGTTTGGTTCCGCAACGATGTAGGGCGTTCCATTCAAAACATGTACGGCCAATAAGTGAAAATTGGTGCGCCCGAGGTCTTCCCCATATTCGCTGGTCCAGGTGATACGCTTGGCCGACCCCGGCGGCGTGAAGGTAATGGTATGTTCCTTGATCGGCGATGGCTGGCCGATTTCGCGGCTCCCACCATAGGTTTGTGAACGTGTGATGACCATCTTGCTGCCGTCATGGAGCAGCACCTCCTCTCGCCAACTGTCTCCGCCAAAGCCGAAAAGACCAGCCTCGACACTTCCGCTCACACCCGCAAACACCACCAGGCCAATCGTTTGAACAATTCGTCTCACACGCTGTCGGCTACTCAAGCTGCTTTCCTTTCCCTCCGAAATCCCGAAGCTGCAACATTGCCACCGCAGAAACGTTTGCTTCTTTTCCAATCGATGCGATTCAGGAAGTTCCAAGGCATCCCGGATAAGAGTTCCCCGGCCATATTGATGCTGTCCACCAAAGTGACGTTCGAAATCTCACCCACAGGCACAGCAGCGCGGAGCACCGCAATTGGCTGGTCTTTCATTTCACTCATGCGTGGATTCCTGGAATGATAAATGAGGGGAGATGGCCTAGCTGCAGCTTCGTGAATTATCCATTCTTACGAGAGCACTGTGTTGTACTTACACCTACGTTATAATAATTACTTTCTACTGTTGTACATATCTCTTTCGAGGGGGTCGCCCCTTCGGTCCGACTTCCGCTATTCATCAGCGGATCATTGCTCTCATCACTTTCAAAGTTCTCGTTGACGGTCAGGATCTGCGTACCATTCAGCTTCACGACGAGATCGCCCCCTGCCAGCTGGTACGTGATCGTGCCATCTGCGCTTTCCCAATCAGTATGCCCGGACTTCTTCACGCCCCCCACCAGCATCCGGCCGTTGACAAAAATCGCTCCCGTGGCATCGGCGTCCTCAATCCGGTCGTGTCCATCCCCGGTGCTCCAGTAATAGCGGTCGAAGCCCGCCCCGCCCAGCAATGTATCGGTTCCAACCCCACCCGTGAGACGATAGAACCCCGTATTCCCCACCAGCAGATCGGCACCTGTACCACCAGTCAGTGAATCAGCGCCACGCCCACCCAGCATGAACGCGCCGTGATTCTGCGTATCGGTCGCATTCATGCCGCCCGCTCCTGCCTGTACGTACCAATCGCGCAATGCTGGCAGTAAGGATTCGATCCGGTCCCGATCGCTGGCGGTAAAGCTGTTGGCGAGATAGGTCTGGAAGTAGAGGTCGTAGCCCTTGGTCGTCGTCAGCGTGCTGGAGACATCCTCACGGTCGAATTGGATCCCACCCGTTATGCCCGTGAACAATTCCTTCGTCGCCGTCGTGGCATGGGCCGTATTCTCGTAATACATCTGCATGGCAAAGGCGATGAGGGTCTGGCTGACCAGTTTCACCGATGCAAAGGAATCATCCGCCATCGTCAACCCACCATCCTGCGCCAGCTTCCAGAGATCGTTGGTGAAGCGAGTGAGCATGGCATCGGCTGTGGTTACACCGGGAGCATTTCCGTTTTCGTGGCGAACTAGGCGCTCAAGAAAATTTTCTTGGCCTGAATTTGAGGCTGTTGAAAACTTGTATAAATTGCCATCAAAAACCATCGCCAACAAATCCGTCAACTTGGACGTGACTTGGCGGAACTGGTCGTTTTGGATGAAAGTCGTGAGCAAGGACTGTGCGTGCAAATCAAAACTTGAACCGAACCAATCAGCGGGGCCGTGCATTAAGGGAATTGCTGTGCCGATCGCACTAAAGGTATTAAATGGTGCAGTGGATGAGACGAACTCCCCGGTCACAGAAAACGCCTTTATGAGGTCAGTATTCGGAATTCCACCAATAACTTGTCGCTCTTGCATAAAATTAGTGAGTCTTGACAGATCACCCTCGCTGTAACCTTGACCAAGCAGGTAGTTCTTCAGGTTTGCGGCAACGTCTGGACGCACGGCACTTAGTTCCGCAGATTTGGCAAACGGGGCCTGGTCAAAGGTCACGGCCCGTTCACCAAAAAACACACCCATCAATGCTGCTAAACC
CP060499.1_gap57	2268801	2273542	4741	TCCGTTGAGGACGGATTTTTCTGGGAAGCGGAACAATGTCCGGTACCATCGTGATGCCGCTCTCTTGTTCGAGCCGGATTTGTGCGGAGAGTCCGGCGACCGTTGGATGCTCAAAAAACTTTTTGAGCGACACCTCCATGCCGAACATGTCCTGCACGCGGTTCAAGATCTGCAGAGCGGCCAACGATTCGCCGCCCAACGTGAAGAAGTCGTCATGCAGACCGACATGATCGACCCCGAGAATCTCTTGCCACACTAGCGTCACCGTTTCCTCGATCGTTGCGCCGACCGTCTGGTTCGCCTTGCCACCGGACACGTCACGGCTCGAGTCTCCTCTCTTGGCCGTGAAGCCAACGACCTTCGACAGCGCAGCTTCCGCGCTCTGCCTCACTAAGGAGGAACAGTCACGAACAGAAACGATCACCTGTGGTGAAGTCCATCCGTGCAGTATCCGCCCGAATACGTCTTGTGCTTCCGACGCCGCCATGCCGTCAAACTCCGAAGCTTCGATCTGCAAGGCCTTCAGCCGTGCTTCGGCCTGTACAGCCATTCCAATCTGATTCCAGCGATCGAAATTCACCGAGATGACGCGCGACCCGCGCTTTGAGAATGCGTGAGCCATCGCATCCAAGGTGGAATTGGCGGCACAATAGGCGACTTGGCCCACTCCTCCCGTCAAGGCATTCAACGAGGAACACAAGCAGATGAAATCCAGGGGTCTGTCACGCAACACATGGTCGAGGACGAGCGCTCCGGCAATCTTGGGGCTAAACTCTGCCTCCGCAGCCTCCTCGGTTTTGAGATCGATCAACCCTCCGCCCGGTACACCGGCGGCATGAATGACTCCGTGCATCTGGCCGAACCGATCCACAGCCTGTGCCAATGCCGCACGCATCTGCTCCGGATCCGCCACATCCGCCTGAATGGTGAGAATTGCGCCGCCAGCCTGTTCAAGCGTCTTCAATCGCTGCACCTGCTCCGTCGTCGGCTCCGAGCGGCCTACTAACACGAGACGTGCCATGACCGTCCGAGCTAAATAGTCCGCGAGTTGAAGACCGACTCCTCCAAGTCCGCCCGTGATGAGATACACGCCATGCGTCCGCAGCAGGGCCGGCCGTTCATTCGGATGGTCGAGCTTCATCGGCTCGAAAGACTGAATCCATCGGTGTGTTCCCCGATACGCCACGACAGGTTCATTCCGTCGATCGGTGTGTTCGGCCAGAAGTCGGGCGACCACGCTCTCTGTCAGCAGTTGCTCTCCATCCTTCGATGTTTCAAGATCGACCACACGACAGGTGAGATTGACGTATTCCTGAGGAATCACCCTGCAAGCCCCCAGAATAGGAGCGAGCTCCGGATGCAATGCTTCTTCACCGGTGACATCATGCAACCCGGATGTCAGAACGCAGATGTCGGTCGGCTCCGCTGACGTTCTGCTTCCCAAGGCCTGTGAGAGGAACAGAAGGCTGTAGAATCCTCGGTCTTGCGCGTGGCGGAAGGTTTCGACGGTTAACGAACTGTCGACGGAATGCAGATTCCAACAATGCACCACTCGTGTCGGCCACAGCCCTTGCTCACGCAAATCCTGAATCAATGTGTGGTAATCTTCACGAACCCCCGGTCGGATCGAATACATGCGTTTCGTGAGCCGTCCATATCGCTCACCGGCCGATACCGTCACAACCGGCTGACCGGCTGACTCCAATCGCTGGACAATTCGAGTCTCAGTACCCCCCTCATCGACAAAGACCAACCACGAACCGTCGTGCGCAGGCTCTGCCGGTTGACGCGCGGTCGATCGTTTCCACGACGATTCATAAAACCAGTCGCTGATATTCGGCTTCCTGGCAGGCACGGTTGTCTGGCCCGCTCCAGACAAGCGCTTGATCGGTTCTACCCAGAACCGGCGGCGTTCAAATGGATAGGTGGGCAAGGGAAGCCGCCGCGGGTGTTCGCCTTGATACAACCCTGACCAATCGATCGGCATGCCGGTTGCCCAGAGACTTCCGACCGCTTCGAGAAAACTCGAAGGTTCGGAGGCTTCCGATGATTCGTTGGGCGACGTTCTCAATGAAGCCAGTGCCATGACCGGGCGTCCGTCGATCTGACGTTGAACCAATGAACACAACGTTTGCCCCGGTCCTACCTCGAGCAGAATGCGCTCCGGTTTCCGGCACAGCGTCTCGATACCGTCGGCGAAACGGACAGTCCTTCGCAAATGATTGGTCCAGTACGACGGATCCATGGCTTGAGCGGGCATGATCCAATCGCCGGTCACGTTTGAAACCCACGGAATCGTCGGACTGTGACGCGCCACACCCGCAACTTGTGCGTTGAAGGATTCCAGCATGGGGTCCATCTGGCGCGAATGGAACGCATGGGAGGTTTGGAGTCGTACGCTCTGTATGCCTTTTCTGCTCAATGTGTCCTGCAGATTTTTGATAGCGGCCTCTGGTCCGGACAGGACACACTGCTTGGGCGCATTGACCGCCGCCAGGTCCAACTCTTCGTGCAGGAGAGCTGTTGCATCAACTTCCGTCATGGAGACCGCCAGCATCGAACCCGGTGGCATGGTTTGCATGAGACGCCCGCGAAGGGCGACCAACCGCAGCGCATCTTCGAGCGAGAAGACACCGGACAGACAGGCGGCCACATACTCCCCGACACTGTGTCCAATCATGCCTTGAGGATGCACACCGAGGCTCATCCAGAGTTTGGCAAGCGCATACTCCAGCACGAATAAGGCCGGTTGCGTAAAGGCAGTACGGTTGAGTCTGTCCGGATCCTCCGAATACTCGTCAAACAGAATCGACTTGATATCCATCCCGATGTGGGAACTGAGAATGGCTCCGCATCGGTCTACCTGTTCGCGGAAGGTCGGTTGCTGGGCATAGAGGCCGCGGCCCATCTTGCGATACTGGGCACCCTGCCCTGAAAACAAAAACACCACCGGCCTTGGTTCGCCGGCCTGACAACTCGCGTTCTTGGAATCCGGCCGGCTCAATATGCGCACCGCCGCTTCGACGTTGTCGGCTACGGCCCATCGGCGATACGGAAATGCCCTCCGGCCGGTCTGCAATGTATAGGCGACATTCTCCAACTCGGTTTCAGGGTGTTGCCGGAGATGGGCGGCCATGCGGACCGCCATCTCGTTCAGTGCCGAGTCGGATTTGGCGGACAGGGTGATGAGTCGCTGGCGTCTCTCGACACGATGAGAATCGCGTTCGACAGACGGTGCTTCCTCCATGACCACATGCGCATTGGTGCCGCCGAGGCCAAATGAACTGACACCGGCACGCCGAGGGCCGTCGTGCGCATTCCAGTCAGTCAATTTCGTATTGACATAAAATGGAGTCTTGGCAAAATCGATTTCCGGGTTCTGGGAAGAAAAGTGCAGGCTGGGAGGAATCTGTTTGTGCGACAGGGCGAGGGCTGCCTTGATCAGCCCTGCGATCCCTGCCGCTGCATCGAGGTGCCCGATGTTGGTCTTCACTGATCCGATGGCACAGAAGCCGTTTCGGTCCGTGCCGGTGCGAAATGCCCGGGTGAGCGCCGCCACTTCAATCGGATCGCCCATGGGGGTCCCGGTACCGTGTGCCTCGACATATCGTATCGATTCCGGCTCAACCCTGGCGGCTACATGCGCCGCTCGGATCACCTTGGCCTGCCCTTCAACTCGCGGGGCGGTGTACCCGACCTTATGCGCTCCATCGTTATTGATCGCGGTCCCCTTGATCACCGCCAAAATATGGTCGCCGTCGATTCGCGCCTCTTCCAATCGCTTCAAGAGTACGATTCCCACTCCGCTTCCTCCGACCGTTCCGCGCGCATCCGCATCGAAGGCCCGACAGTGTCCATCGGGAGAGGCAATTCCGCTCTTCTGATAGAGATAGCCGACCTTTTGCGGCACATTGACGGAGATACCTCCCGCCAGAGCCATGTCGCATTCACCTGCGAGCAACCCCTGACAGGCCAGGTGGACGGCGACCAGGGAAGTGGAACAGGCGGTCTGGACCGCGATGCTTGGCCCTTCCAGATTCAATTTGTAGGACACGCGGGTGGGCAGCGAATCCTTCTCCACGCCAAGCAGTCCCGCCATATCGGAGGCCGACTGCAATAGGACGCCCTCAGGAAAAAGATTGAACAGGTAGCCACTGGTGCTGGAGCCCGCATACACGCCGATCGCTCCGTGGAACCGTTCCGGGTCATATCCCGCATGCTCGAACGTCTCCCACGCGCATTCGAGAAACAGCCGATGCTGCGGATCCATCAGCTCGGCCTCTTTGGGTGTCACGCCGAAGAACTCGGCATCGAAGAGATCGATCCCTTCGATGATGCCTCGCATGCGGACATAGTTCGGATCATGACGCAGGCGTTCCTGAACGCCTGCGGATCGCAAATCCTCCTCGCTGAGAGCAGCAATCGATTCGACTCCGTCGCGCAGATTGGTCCAAAATGCCGTGCTGTTTTGGCTGCCGGGGAAGCGACAGGCCAACCCGATCACGGCAATGTCCAATCCATCGTGCTCGCTGGTCTGCTCGCCGTCGTTTCGATCCATCTCAGATGCCACGTGTCATCGTCCGTCGTTGTTCGCGCTGCCGCTTCAACCGTTGCGCACCCGCAACATGCCGTTCCTTCACCTGTTGTGTCTGTTCGACTTGACCCAACGAATCACGATTTTCTCTGAGAGCACCCTCACCGGCGACATGGGCGGCAAGCGTCTGCACGGTGGGATACTGAA
CP060499.1_gap58	2296852	2299578	2726	TCCAATTGGCCATGGCGATCGTGCCGCCCGGCACACAGACACGGAGTAATTCGTGCGCAACGCGATCGGGCCGAGGCGCGAACATGGCGCCGATGAGGCTTGTCACGACGTCGAATCGAGCATTCGCAAAGGGCAACGCCTGAGCATCCCCTTCTTCGAAGCGAGCGGACAGTCCTTCCGCCTGTGCGCGCGACCGGGCACGCTCCACCAGATTGCCCGCGATATCCACACCGATGACCTCTGCGCCATCACGCGCTGCAAGCAACGCCAGTTGACCTGAACCACAGGCGACGTCCAAAAACTGACAATGAGGAGCCACGTTGAGTCGTTCGTAAAACTCGCGGGCCCCGCCTTCCATGTACCGTGAAAAGCGATCGTAGTCGCCGGCTGTCCAGATCCCCTTGAGGCGTACCATGACATCCGCTCCCTCAAGCACCATTGCACGTGTCTCCATTGCGCACCTCCTTGTCTCTATGGTTGACCGTTCATCCTGATAGGCTGCTGTGTCTCAATGGGGCAACTATAGGCGAAAAAAACGTTGGCGTCTTAGCCTAGCGTCTGGCTCTCTTAGCAGCGGAATGATAAGCTACCAACCCGATTAGCCGGGCGTCCGAAATCATTGCCCGACTGTCGCCCATCTAAAGGAATCGCTGCATGGACGTGCTCTCTGAAGTGCTGAAAGCCGTGAAGCTCGACGGCGCTGTATTCTTTAACGGTGAATTCTCTGCGCCCTGGTGCGCGCTTGAGCCGGACTCGTGCACCATGGCCGGGTACCTGTCCGCCCATTCCGCGCATGTGATCATTTTTCACTTGGTGACCGAAGGACAGTGCTATGCGCGCGTGGAGGATGGCGGCACTCCATTGGCTCTGGAGGCCGGCGACATTGTGATCCTTCCCCATGGTCATGCGCACCGCATGGGAAACGGCCCAGCCGTCGCGCCAATGAATAGTGCACAGACTCTGCGTCGCGTACTCGCGGAAGGCCTCAAACTCTCCCGATTCGGCGGGGGCGGAGCACTCACCAAACTCATCTGCGGCTACATGACGTGCGATCTTCAGCTCAGTCACATGCTGCTGGCCGGTCTCCCGGACATCGTGAAGATCAATATCCGGGACAATGCGGCCGGGCGTTGGTTGGAGGACACCCTTCGCTATTCAGTGGACCATGCCGAAGCCTCTGGTCCCGGCGGGGCGGCCGTGGTGGCAAAACTGTCCGAAGCGCTCTTCGTGGAAACGTTGAGGCGATACATTGCGGGGCTGCCTGCAACAGAGACAGGCTGGCTCGCCGGGGTCCGAGATCACGAGGTCGGGAAAACATTAGCCCTGCTGCATCGCGAGCCGGCTCGACCCTGGACGATCGCCACCTTGGCGAACGAAGTCGGCATCTCTCGTTCCGTACTCGCCCAGCGGTTCCGCAATTACCTCTCCGACACTCCGATCGGGTATTTGACACGCTGGAGAATGCACCTCGCCGCACAACTGTTACAATCGACATCGAAGAGTGTGGCTGAAGTAGCCGGCGACGTGGGATACGAGTCCGAGCCATCCTTCAACCGGGCCTTCAAGCGAGAATTCAAACTTCCACCTGCGCGATTTCGCGCCGACACACGATCCCGCGTTCGAAGAGCGGCTCTATCGCCGGTTTTGGTTGAATCCTAAGCGCTCATTCACTGAATCGCCGTTTGCCGCTGTGCTAACCAAGACCCAACTACTCACCGTGCATTCTCAGCCGTTGTCTAGTTATCTATGACACTTCCTTCCAGCCTGCACCCCCCCTGGTTCGTTTCTCCCTTCGATCTTGTATTGACCGTCAACAAGACGACGGCGTCGTTGCCTCCGGTCACTGTATGCTGAAGCATGGATGTGTCTGTGATTTTCGGCTAGACTGATTTATCAGAGGTGGCCACGACTGTCTCCGTGCACGAGGCCCCGTACCCTCCGACCAAGTTACAGATGCAACGGCAACTCCCGTGACCTCATCGCCCGATAAGACACACGACGGTAAGCGACCGCATGGTCTGATGCAGGTCGTGAAGGCCGGCGTTATCTATTTTCTCGTCGCGATTGGAACGGGATTTGTTCTCGAGGTGATTCGAATGCAAGTCGTTGCGCTGCATGTCAGCGAACGGCTGGCTGAGATCTTGGAGATTCCGAACGTTCTGCTGGCCACGATCGTCGGAGCGCGCTGGGTCATCGACCGATTTACGTTGCCTCCCCTGCCAGGCATCCGACTTGGCGTGGGTCTCGTGGCCCTCTGCCTGATGCTTCTCCTGGAATGGACGGTCGTGCTCCCCATCCACGGCCTCTCATTCAGGGAATACGCTGCTGGACAAGAGACCGTCGTAGGAATAGTTCCCGTCGGAGCGCTCGGCGTCTTGACGGTCATGCCCTTTCTCGTCGGGTACCGATGGGAACACTGATACGATCTCAATCCGTGTAACGAATGTGGGCTACCAATCTACTCCCGCTACGTCTCCATCATCTCCAGCCTGGTATCGAACTCATGCCCGCAGGCCGTGCAGCGGATACAATCGGATTCCACCACGAATTCGTCGGTTCGGACCCCCATCCCGCCGCAATCCGGACACCTGGCCAGGTGGACCCGCTCGTCGTTCACCGTTTCGTACTGAGTCCCACGAAGACAATAGACCGGCTTTCCATCGAGCAACCACGGCTGCCCTCGCTTGTCGACGACCGGCAACACGAGATAATGATGGTTCACATAG
CP060499.1_gap59	2316530	2317993	1463	AACCCAAGAAAAAACGACACGAAATGCGCAGCGGTGGTTAGGACCAATCCCCCGAAGGTGGCCAGCAGGAGAAGCACATAATATTCCTCCACACCCTCCTTCTCACGAAACTGGAAATTCAAGTATCGGTACGATAATGCGATGATGACCATCGTGGCAGTCAGGACGAGTCCCATGTACAACAAGGCATGTCTATCCACGACCAGTAAGGTCGTCACGGCTCGTGGGGCCGCCGTGGCCGCCCAGGGTAATGTTGCCAGCGTGAGGAGACATGACACAAACGCGAGGATGGCGATGCGCGCATGGTGTCGCCGACAGGCAATCGAGAGCATGGTCACAAGGGAGAAGACCCCAAGATCTAGGAGTGGTGAAAGGGCAATGAAGTCTTGGAGTGTCATGGGGCACTCCCTTGCGAGGTCCCAATGTGGGACGACAGCAGAGGTCCTGATGGCGAGGGAGTCGGATGGGGTGACGCCACCGCCGACTGTACAAGCTGTTCCATGACCGGCCTCGCGGTGGTCAATACTATCTTCGGGTAGAGACCAAGCCAGATCTGCAGGACTGCCATGAAGAGTAATGTCCCAAACGCGACATTCGACAGGTCCGGAGCCATACGGGCATCTCGTTGCTGGCCAAAGAATGTACGTTGCATCATGCCTAACGAATAAATGGCTGCCATAACCATGCCGATGGATGCCAGGATGATCATGAATGGTTGAACCGCATAGGATCCGAACAGGATGAGAAATTCACCGATGAAATTGGCCATGCCAGGCAACCCCAGTGATGCGCAGGCAAAGAAGAGCGCCATCGAGGCAAGGCGTGGCGTCACACTCCACAGTCCTCCCATCTGCCCCATCTCCCTCGTCTGGTAACGCTCCTGAAGCGCGCCAGCCAACAGGAAGAGGCCGCCGGTGCTCAACCCATGCGCCACCATCTGCATCACCGTTCCTTGAAGCGCCAACTCCGTCCCAGCAAAGGCACCGAGCAGGATGAATCCCATGTGGCTCATGCTGCTGTAGGCCACCAGTCGTTTGATATCCGTTTGTGCACAGGCCAATATCGCTCCATAGAGAATACTGAGCGTCCCAAGTCCCATGACGAAGGGAGCAATATCACTGATCGCTTCCGGAAACATCGGCACCGTGAACCGCAGCAAACCATAGGCGCCGGTTTTACCCAAGATCCCGGCGAGGATGATCGTTGCTCCGGTGGGCGCCTCTGTGTAGGTATCCGGCAGCCACGTATGGAAGGGAAGCGCCGGCAGCTTTACAAGAAACCCAATGAGAAATGCGAGCATCAACCACCTGGCCATCTCGCTGGATAGGGTCAGTCCCATCAGGTCGGCATAGTCGAAACTCGGCCGCCCTGTCGCCTGTTGATGCAGGAGTGCGAGGGCGACAATCGCAACGAGCAGCACTAAGCTCCCCGCCTGCGTAAACAAGAAGAACTTGAATGAAGCG
CP060499.1_gap60	2341418	2344749	3331	GGTCTCGAGTTCCTGAACTCTGAGAAGACCTTGTCCGACATGAACGTTCCACCCGTTGATTCTCATCGTCGGGGCGCGCACCGTTGCGATCATCGGTCCCCCGTTGCAACGAATCGCTGTCAGATCGCATTCCACTGTCAGCGGCTCCGATAGATGCAATGTCAGGGTTGAAATATGCGTCGTGCCGCGTCCGATCTGTTTGGCCGTCACCGAGGATGACGGCGACAGAACTCCCTGCACATGTGTCCGGGCCAGTTTCACCGTCCCTCGGACTCCTCCCATCGCTTCTTTGGCCGAAAGGAATTCGGTGACTGCTTTCGGGAGGATGCCCTCCAGATCGTAGGCCCCCTCGGCCAACACCAGCTCATTGCCGAGACCTTCGGCGCGGGTCGTTTCAAACTGTGCAACGAGCGGTCCCGGTGTCCGCCCGTAGGTCACATGTAGTGGCCCTTGCGCCACCATGCGTACCGGCGCTTCCGTCCAATATAAGGTCCCCTGCACGGGTTTCCTATTTTCGATCCGCACCGGTTGATCACCGCCGGGGAGAATCAATCGAACCACTTCTGGAATGATACGCGGTTGGGTATTAATCGTGGCCGTGAGCAGAACACCGGGGCTCAATGCCCACTCGACCTGTTTCGCATTACCTCCGAACGTCCCCTCATAGGCCACGGCGATGTCCTTGGCCACACCCTTCAAAGCCGGAAGCGTGGCAATGACTCGCATATTGCCGTCCAAATGCGTGTGTTCGTCTTCCCATAACGAACTCAACGTCGCTTCCGCCGCGGCGTTCCCGGCCCAATCTATCGCCACCTGTCCCGTGACCTTCTCCAATTCGGGACCGATAGGAACAAGAAGCGCAATAAAGGGGGCCAGTTCTTGCACATTAATCTGAAGATTTCCATTGACTTGAATCTGCGAGCCGTTTGGATGCGCCTGGGACTGCCATGACACAATGGGTGCTGCTTGAGGCCGTTGGGATGCCAAGGTGGCCGACCAAGTACTTGCGGAATTCCCGACCACGGCGAGGCCGTAGGAGGCCGTATCGCGTCCCCTGAACGACAAGTGACCTCCCAACTCTCCGCCTCGATAGGTGAGACTCCCTTCTATCGTCACTTTGCGGAGCGGTCCTGTCGCCTGTTCACGAAAAATGGTGAGATGATCGAGTTGTAACTCATCGAACGGAAGAATCGGCAGGCTCCGCAAGAGATCGCCCGCGGTCAACAAGCTCCACGGTGATTCTTCGTCATCGACGCGATCGTCGGCCCTGCTGTCCTTCTGAGTTGGACCTGTCGACGGAACGTTCAGCACATGGACCGCAGCGTCTCGAAGCACAATATGACTCACACGACCTTGGAGCAACTGAGTCAGATCATATTGGATCTCCGCATCCGTCAGGGAGACCATCAATCGTTCTTCACCCAAATCCTGTTGAAACGAAATGACCGGGATGCGCATCCGGTTCCAGCCCGGATAGCCGAGTTGAAGGATGACGTTGCTGTATCCATGCTGGCGAAGGCCTCGCGTCAATAGATAGGAGACACTCAGCGGCAGCAGTAAATAGCTGCTAAAGAGCGCCACCAGTCCGAGCAGCACAACTACTTGATACCGTTGAGTCAGCATGGTTTTCCTGACCCTGATTAGAGAATGCGATGCTGGTTCTCAAACAAACTCTCAGGCTCTGTCAAGATGTCCGAACGGCTCTGCACAAGATTTAGTCCGATAGTCCCACTCGCGTCGTGCTGATATCCGGACCATTTCGTCGCCATTTTAAACCTGTCCGCGTCTTTTAGCACAATTGAGAGTCCATCTACGCATGCTTCCCGCTATCACGACGGCAAGAACAATAGCCGATCAGCTCCGAGCGTAAAACAGACGACCCAGAGCTAGGAAACGCTTGTTCATAAGTTCGGAAGGATTACTTGAAGCAGAAGTTCATATCGAGCAACCCATCTGCCGCGACGGTCGCCTCGCCCCCTTGTCTGCAATTGGCTTTTGCTGGGTTACCTCCTGCCCCAGCACCCGCTCCGCCCGTTCCCTGATCTGCGGAAAGGGCTCCGCCGGACTCAGTTGCGCCTCCACTCGGTCCAGCAAGCTTCACCGGATCGGTCCTCTGCAGAAATGTCCCATCCTTGCTATGCGTCAAGACCAAAGCCGGCTGTGTCTTTTCGCTGGAAAGAGGAACCGCACTTGCTTGGAATGATGCTCCTCCTTTCTCTAAGCGAACCGTCACCTTGTAGTACTTGAGAGTCGAGCTCAACGAAAACCCGATCGCATTCAGATCACCCGAATACGTTCCATGGTTGGCGTAGTAGAGCGTTTGAAGACGGTCGATTTCCGCCAGCGCCACCTCGGCCTCCACCGATCGCGCTTTCTCCACGAAATGTCTATGCGAGATCATGGCCAATGCGGCGAGAATGCTGAGAATGGCTAGGACCATCATCACTTCAATCAACGTGAAACCCGTGCTTTCTCTGATTCGTCGAATCATCGGAGTTTCGTGGGTAACTCACGACGCGATCCGAAGTCGAATCGCTGTACGGTTGCAGCAATGTCATCGAGGGCGTTACGCGCCTCCTCAACATCCGACGATCCAACCTGTTCGATTTTCAGCAACGCCGCTCTCAGCGTATGCGCCTGGTGCTGAATATGAGCAAAGGACTGCTCAATATTTTCCAAGGCCTGATTGGCGGTCGCAGCCAGTTCGTCCAATCGGTCACTCGAGCGAAATTGCATTCTCCAACGAAGATTTCCCTTCGCCCATTGCTGAATGCTTTCATCGAGCCGATAGAGCGGGCCTGCAACACGCCGTGTCACAATGAGACTGAAAATGACCGAACCAAAAAACAACACCGGAACGGCGACCCAGACCGTCTTGCTCAGCATCAGCATTTCTTCCGCGGCAACTTGGCGTTCTTCCATCGAATCGCTGGTATACAGCGCCACCATGGGTTTGATATGGGCGCCATAAAAGGCCATCGTGAAGAACAGCGCCGAGTAGAGGAACAGTAACAGTCCGATCCAGGCGACATAACCCTTTTGAATTCGATGGACAAAAAACCCGTTTCGACGGTCGACAGTGGGGGAAGCAGGTTTTGCGGCGGTGGCTGTCTTCATCTTTCCTCCCGTTAGCCCTGGCATGACAACCGACAGTATCTCTGCGGTTCAAGGTATCACTGAGTGTGTCACTGACCAAGGAAATGGGGGCTTTTGTGAGGAAAGAGAATGCTATGGCAGGGCTTGTTCGGAATCCCGGGGGACCTCAGCCGCAGATTCCTCGCACTTCTTGCAGTTCAGGATAGAGCCTAGGTGCTGGGTGCGCCCGGCCAGG
CP060499.1_gap61	2349493	2350189	696	TGCGTCCAGTCGGAATTCCTTCCGCGGAGTCGCTCGTGAGGAGGATCCGGCATTCCTGGATCGCCGACAAGCCAACGCTTCAGGTCATAGTGGTAGAACTGTTTGCTCCACAATAATCCGGCGAATGCCTGTCGCTGCACCCGCCTCGCGTCCTCGGAGAGATCAGGTGGGGCCAGTTCGTCATAGAACTCGTCGGCCTCCTGAATCCGCTTCTTAAAGAGGCCTTCACACTTGGTCACGTCGAAGCCGTTTGCGTCCATTTCATTGGTCAAACGCAAGCGAACGATGTCCGTGGCGCCGGGAGACAAAGTGACCGTATAGTGCGCAGCAGCTTTTGAGCCCACCTTCTCGGGACTCACAGCATCCTTCCGCCCCCGTATCACGTAATCGTGAAAACTGTCTTTGACATATTGGGCACCCTCTTGATCGCCGTACAGTCGCCGGGTATTTGTTTCATTCTCAGTAAACAGCAACGTGGGTTGCCTCTCGCACCAAAGGCGACGCCGGCCGTAATATTCGTGATCCAGTTCGATCACGCTCATCTCGTTTACCGCTTTCCCTTCACGTAGCCTCGGTCGGCGCGCATCCAGTCCCCACGACCAGGTATTCCGAAACCAGAGAGTGGGCAACAGTGTCACCTCCGCCTGATCCGGACCACGATTGGTGATGTGAATACGAACATAGAGATCTTCTGCG
CP060499.1_gap62	2351693	2352432	739	TTGACGAGGGTGTTATTGAGCAAGACCGCCGTTGCCTGATCGCCCACCACCACAGCTTCGAACAGATTTTTCGTGATGACGTTTCGTTCAAGCCGGAGGGTGGACTTTCCGGTCACATTCACACCATGATCGTTGTCATGGATCACAGTGCCGGTCAGCAAGGCCTGAGAATCAGAGAAGTGTACCCCCGTCGTTTCACTCCCGCCGATCACACAGTCCTCGATACGAACGCCTTGCACCTGCTGGCCGAACACCATCCCCTTCACATGAAGATGACGGAGCGTGATGCGGTTTCCATTAAAAATACCGAGGGCATGCCCTCCATGTTCATTGATCGTGAGATCACTGATCTCGATATCCGTCGCCCCGTACGGCCACTTGCCCACATGCAGCACGCCGACCATTTCGCCTCGTCCAGACAACACGACCTTGTCCGTTCCGGCACCGGCGATCTTAAGCTTTTCTTTACTGTGGACGGTCAGGTCCTGCGCATAGACACCGGCCTTGATCAGCACCGTATCGCCTTTCCCGGCGCTGTCGACTGCCTCTTGGATGGACGAGAAATCTCCGGAGCCGTCGAGCGCCACAGTGATCGTCCGTGGGACCGGTATGGCATTCTCAGCGCCCGCGACACCGATCCCGGCGATCACGAGAAAGACGCACATCGAACAGAGTAGAACCTGTCGCATACGGAGTTTCATACAAGCGGGAAACCAGCGATGTCAATCGCGGTTTCTTG
CP060499.1_gap63	2353511	2355658	2147	CCTTGATCATTGCAACCGGTGCGTCTCCAATCACGCTTGGGCTCCCCAACGAAAAGCGTTTGTGGGGTCATGGGGTTTCGAGCTGCGCAACGTGCGATGGATTTTTCTTTAAAGGTAAGGAGCTCGTCGTCGTGGGTGGCGGAGACAGCGCGATGGAAGAAGCAATGTTTCTCACCAAGTTCGCGACCAAGGTATCGGTCGTTCATCGTCGGGACAAGCTGCGCGCGTCCAAGATCATGCAAGACCGAGCTATGAAGAATGAGAAGATTGCATTTGTCTGGAACAGCGTTGTCGAAGAGGTGCTCGGGCAAAACAGCGTCACCGGCGTCCGGGTCAGGAATATTGTCACTGGAAAGGTTTGGGATCTGCCCTCCGCAGGCCTCTTCTTGGCGATCGGCCATCGACCGAATACCGCACTTTTTGGCGGTCAGCTGAAGTTGACTGATACCGGCTATCTCATAACGAGTCACGGCACGGCGACAAGCATTCCCGGCGTGTTTGCTGCCGGAGATGTACAGGACGCCAATTATCGCCAAGCCGTTACGGCGGCGGGTACCGGCTGCATGGCTGCTATTGACGCCGAACGATTTCTTGAAGGCATGGAGAAGAGCTAACCCTACGGTCCCGTCAAATCAAGAATCGCCGGTTGTCCACGATTCGCGCTGGGCATAGACGAACCTGCAATCCATCATGCGCTGTGTCATTGTCCACTATCATGAGCTAGCTCTTAAAGGTCACAACCGTGACTACTTCGAGCAATGCCTCATTCGCAATATTCGCACTTGCCTCAGAGACACAAGAATCCAGCGGGTGGAGAACCTCCACAGTCGTATCCGGATTTGGCTCCCGCCTGAAGCGAACCTCGAGGTGGTACGTGACCGGTTAAAGCGGGTGTGTGGGATCGCAAATTTTTTGCTCGGCCGTGTCATTCTTCTTCAGTTATCTGATCCGGACTTAGAGGCTCTCGCCACGGCCGCCGTCGAAGAGATTGACGCACGATCCTTTTCCACCTTCAGGATCACAGCCAGACGGGCCGACAAACGCTTGACCCTGACGTCAATGGATATCGAAAAAGCGCTTGGTGCCGCGGTCTGCGACAGAACCGGCAAGAAAGTCAGCTTGAAGAACCCTGACTTGACGATTCATGTCGAGCTCCTCTCACGGGATGCATTTTGTTCTGCCGAAAAAATCGAAGGACCTGGCGGCATGCCGGTGGGTGTCAGCGGGAACGTCGCGTGCCTTACTTCGGGGGGTATCGACTCGCCGGTGGCCGCCTATCGCATGGTGAAACGCGGCTGTGTCGCCGTCTTTGTGCACTTTTCCGGCCGCCCCTTGGTCAGTCGAGCCTCTGAGGATAAGGTTCGTGACCTCGTACAAACCCTGACGGCGTATCAATATGATTCCCGCCTCTATGTGATCCCCTTTGGAGAGATCCAGCGCGAGATTGTCGTCAACACACCCGCCCCGTTCCGTGTGGTGCTGTACCGGCGGATGATGGTTCGAATCGCCGAGGAACTGGCAAGGAGGGAGCAGTGTTGGGCGCTGGTGACGGGTGATAGCCTGGGCCAGGTCGCCTCGCAAACACCTCAGAACCTCTGTGCTGTTGAAGATGCAGCGGAATTGCCGATTCTCCGCCCGCTCATCGGAATGGATAAGCGCGAAATCGTCGATGAGGCAAAACGTATCGGCACCTACGAAACCTCAATCGAACAAGACGAGGACTGCTGCAAACTATTCGTGCCGCCCCACCCGAGCACCAAAACTCGTCTCGACGATGTGCGGAAAGTTGAGCGTATGCTGGATGTCGTGGCTTTGGTCAAACAAGGACTGGAAAAGGCTGAGCTGATCGAGTGTTCATTCCCTTCTGCAGCTGAGGCCATTGCAAAACCTCATCGGCCAAGGTAAGCTCGGCACACTCATCGGGCATGTTATCCTCACCTGCTCGATAATCAAACACGCCGACGATCTATCATACCGGAGAGGTGCGAGAGCGGCCGAATCGGGCAGTCTCGAAAACTGCTGTCGAGGTAACTCGACCGTGGGTTCGAATCCCACCCTCTCCGCCATACCACACTTCGTGTGTACCGCCGGCTCACCAGGCGCAGCCTCTCTTCATTGTCGCCGGCGGATAAGCACCTCTAGTGTTG
CP060499.1_gap64	2539890	2543909	4019	ACAGCGCGAACAGTTGCAACGGATCGCCGGTTTCCCGGAAGCGCTCGACTTTCCGCCGTATATCGGAGGTCAGGACGTTCCATTGCCGGATGTCCTTCTCATACATCGTCTTGTAACGGCGGTAGATGGTTTCGATCGTATAGTGTGTGCCATGGCGGCCTTTGACATCCGGGTGCAAAATCCACTTGATGCCCCGCGCACCCATCTGATCGAGCAAGTCCATTTCACTGGCCTTCACATCCTGGAATGACAACTCTTTGAACATCGCCGCGCGGTAGATCTTCACGCCCTGAATCGTGAGCTCACGATCGTCGTCATACAGATGAAAGCAAATCATACCGACATGATCCGGCGCCGCCTTCATCGCGGCCTCCATTGTGGCGACGGCGTCCGGCGCGAGGATCATGTCTTCGTCGACCTGAATACAATAGGGTGTGCGGCAACGTCTGATCATTTCCTGGGCGGCCGCGCTGAACGGACTGACATTATGGATGATCTCCAGCTTGAAGGGTGCACCCCGCTGAGCCGCCAAGGCCGCCTTGCAATCCGGAAACGCCGGATCTCCCACTGTGAGCACGAAGACCGTGGTCATGGGTGTGACCTTCTCGTCGATTGCGGCTGCGGTCGGCGGAGCGATCGCCTCGGGCGTACGTCCGTGCCGGTCACGGGCCTCTTCCTCCTTGCAAGGCCTGAGGGTACGTCCACCCTCAATCCAACTCAGCCATTGCCGTCCGCGATGCTCGGTCGTGTGATCCCGGAGCAGCGCTGCGCGAGCCTTTCCGGCAATATCTTGCGCATAGCCGGCATCGCGTGCGATTCGTTCTAGGTGCTCTTTCAAGGCTTTCGGAGTGTCTTTTGGGTAGAGCAAGATTTCTTGCCCGTGCTTGAAGAGCGCGGAGGTCTGAGGTCTGCGAGGGATCTCCCAGGAGACCGCCGGACGTCCGGCCGCCATGGCTTCCACGACACGTCCGGCATAGGCTTGAAAGAGACTGGGAAGATTGACGACGGCACTCCATGTCTTCAGACTCGTCAACCAATTGACGAAGATGGCTTCTCGCAGACGGCGCCATAGACCTACATATTCCGTGAGTGCAACCGGATCAGGACGCCACCCGGACTGCAACCGTTCGGACATCTGCCGATGTAACGTATCGAAAAGTTGAGGAAACTGAGTCGACGCTTCCGCGGACGGAGGATGAATCAGCAAATTCTTCAAATCAGGTCTCGTCAACCACTCCTTCCGCTCTCCATACAGTTCCCCATGAAACACCGCCTCACGGCGGGACGGTCGCTCGATCGTCGCGCTAATGAAGCGAGATGGTACGGCCGCCGGCCAGAATAATGCTTGGACCAGACCTGCTTGATTCAACAAATCGGCATCGCGCTCATCCGCCGCCAGCGCATGCGTCATATAGCTCAGCTGTCGCTCGACAAAACTCGCTCGTTCCCGCAAGTGTGGCCAGCGGCGGTAGTCCTCTTCGCTATACCGTAATGACTCCATGATAAGGCCGACCCGCACCGGCGCCAGTTCGGCGAGCCATTCGAGACACGTCTCAGAGTACCGGTTATGGACCAGCCATACCCAGACTTGGTCGAATCGTTGACCGGCCAGAAGGTCTTTCGCATGGTGTAACCAGGATGACGGCGAGCCGTCGGGCGCGTCGCAGAAAACCGGAAGCGTCACACACTCGCACCCATTGGCCCGAAGACCGTCCTCAACGGCGAAGTTTCCCACGTACGACCAGGCTTTGGCCTGCGCCCATTTGCTGAACTCCAACTGCACCAGAAGCACTTTCGGTTTCACCACACCTGCATCGTGCTCCACCGCGGTTCGCAACTTGATTTGTCCGCCGGTGAATACTTGCTGTCGGCGTCGCCGCCATTCCTCGAAGGCCGGATCGTCCGCTCGTCTTGACGTCAAATGCGGAGGTATCCGGTCTTGCGCGCAAACGAACCGGGAGAAATCGACGGAGCTCCAGCGATCCCCCTCTCTGCGGACCGCCCAAAATCCCACGATGTTGGACACCGTGCCAAGCAGTTCACCCACAGCCAAGGTGACACCTGGATGGAACTCCTTGCCCGTCGCGGGATCGCGGATGTAATCGGCCTCGAGTTGCGTGCGGGCATAGCCGATATCGATCTCTGAGAGCTGTAGCTCAAGGTCATCGCCGCAAAGAATTCCGCCATCACGGACGAGTTCGAAGGCGGCTTCAAGATCCCTCCGCACGGCGGCGTAGCTATGATCTCCATCGATGAACACCACGTCGAACGCATGACGCGGAAACATGGGCAGCATGGCGCCGCTGTCTCCTCTCTGCGCGAGGACGATATCGTCATACCCCGCCGAGCTGACATTGTGGAGGAACAGATCGTAGATCGTGTCGTTCGCCAGAGCGGCCGACATGGCGCGGTAGACCGGCGCATCCGGGCGCTTCGCTGGATCAAAATACGGCTTCCACGGATCCACGCATACGACGCGGCCCTGTCGCCGGTGATGGCGGGCGAGCGCTTCCGCCCACGTGATGGCTGAGCCCCCGGCCCAAGACCCCACTTCGAGAATGTCGAAGCGCCGGGTCCCCACTCGCGACGACTCATACCGTATCAGTTCCTGCATGGCGACGTGCCGAAGAGGAAGCCCCTGCGAAGCCCACATGATCGGGCCGAAATAGGGCCGCCTCGTCTCACGGCAGAACTCGTAATACTCGAGTATTGAACGGTCCTCGGAGGACAGTCCGGCTAATGGGTTGAGATCACGTTGTGTCACAGTATGCTCACGGTTGCATCGGTTTCACGACATCGGGATACTCGGGGCTCATCCAACCTTCCGCCGGTTCGATCAGCATGTTGTTCTTGAACTCCTCACGAGAGATATAGGGGTACATGTCCTCGATCGGCGTCTTCCATCCGAAAATTCTCGGTTCGTACGTATGGTACTCATCCATGTCCACGTCGCACACGACGGGCCCATCGTGACGCAGCACTGCGTCGATCCGGGCGTCCATTTCCGCATGATTGGCGATCGTCACGGTTTTGATCCCGTAGGCCTGAGCCAACTTGACGAAATTCGGCGGCCGATAGCCTTTCGGCCCGCAGGCCTCCGCCCGGCCCTGGAAGTTTGTTTCCTGATAGGCTTTCGTAATCCCGTAGATATGGTTGTTCAGGATGAATGTCTTGACCTTGACTCCGTAGTTCACGAATGTTTGCATTTCCTGAAGGTTCATGTTGAACCCGCCGTCGCCGATCGTACAGACCACCTGTTTGGAGGGATCGGCAAACCAAGCCCCCATGGCGCCCGCAAATGAAAAGCCCATGGGTGAGTTGCCGTTGTTCGTCAGGTTCCGCTGGCCGTACTTCGTTTCGAACGCATGGTTGCTGACGACAATGTTGCCGCCGCAATCACCGACGAGAATGTCGCGCTCGCCCAATTTTTCCGACAGGCGCCGCATGAAGGCATAGGGATGCACCCGTTCCCGCTGCTCGAAAAACTCCGGTCGGACCGGATCGTATTTGCGCTTCCAGTTCATGACCCGTTGAGTCCATTCAGCGCGATCAGGCAATGGTTTTCGCGACCGTTCCAGCGCACTGAGGAGCCTTCGAATGAAGACTTTTGCGTTGCAAAGAATGTTGACGTCGAAGGGAACTTGCTGAAACTTCCGCTGCACCATGGCCGGATCGATCTCAACGAGATACTTCCTGGCTCCCCGCGCGAAACTCTGCACGTTGCCCCCGGTGATGCGGCCCGAGATCCTGCTTCCGATCGACAGGAGTAGATCGCTGTTCTGAATGCCGAAATTGCGCCCGGCTCCACCGTAAGTCCCGACCCGCCCGCCGTACCACTCATAATCGGAAGTAATGACGTCCAATGCGTTCCAGGTTGGGAAACAGGGAATCCTCAGTCGACGGCCCAATTCCCGCACGTCGTCCTGTGCGTCGGCGAGGCGTACACCGCCGCCGACGAGGATCACAGGCCGCTCGGCCGAACGCAGATCGTCGAGTAATCGTTCGATCTGTGAGTCGAC
CP060499.1_gap65	2556988	2561421	4433	AACCAATCAAACTGAACGAACTGCGAGCCGCACTTTCACGTTGGATCCCCACATCGTCCGATACGAGTGCCTCTCTATCCGAGGAGCCTCTTTCTCCCACGACCGACCCCGTACGGGGCATTTTTGACCCCGCGAAAATGTACCAGAATATCGGGCGCGACAACGAATTGTTCGCTCAACTCGTCTGCCTGTTTCTCGATCGACACCAAACGATGCTGGCCGACATCAGAACGGCGTTGACCAATGCCGACTCGACCGCCGTTGAGCGGGCGGCGCATTCCTTCAAGGGTACAGCGGGAAATCTATGCGCCTCCGAGGTGGGACTCACCGCCGGCCGTCTCGAAGCGGTCGGTCGCCTGAATACACTCCATGATGCGCCCCCCGTCTATGCGCAACTCGAGCTCGAAGTCGCTCGGCTCGTCCGTGTGCTGGAAGCCTACCGGCAGGGATACCAGCCTCTCCCCCGAGCAGCCGCGTAAGGTAACCACCCTCCTCGACAACACAGTACCTACTCTGGCTCATCGCCAACTCAATTATCGGTATTGGTGGGATCGGAAGCAGGCGGATTCAGAGCGCGTAATTCCAACCCTTCTATTTCTTGAATCGTCTTCCCCGCAATCCCCTGCAGGTCTCCATACATCCCGGCCGTGGCCTGCATCACGCGATCAATCTGCTCTTCTCGTTTGGCCCATTGTTTGATGATCGCCTTTTTCTCCTTATCGAGATCCTCCTTCATTGAATCGAACGCCTCGACGATGGCCTCGACTCGCTGCCGGAAACGCGGGCCCGTCAGGTACTGATAGATCATCTCGGTCTTGGTCTGTTGCCCTTCGGAAGCCTGCCGGGCTGACGCCACTTCGATCAGCGTGTGGCGGAGAGTGACGGCCAGTGGGAGTATGGTCTTGGGGTGCGTCACCCAAACGCCATCAATCACTCCGAAGGTTTCTACTTCTTTGGGGAGCGAGTGACTGACGATGACCGCGATCTCCGCTTTGGCGGCGCGTTGGTCCTCACGAAGCTTGGCCAGCCAGCCGTCACTCCAATTCTTGGTCCGTTTCGATTCCCAGATGATCGTGCCGCACGGCTGCCCGCTCGACCCGGCGACACGCTGAAGCGCGTCCCCTCCGTATTCACCTTTGGGGACGGGCTCGATCGTATCCCGCGGGAATTTGGCCCGGAGCAGCGCTTCCAACTCCAATTCCTGCACCTCGCCCTGAAGCTGCTGTGACCCCTGTTCGGCCTTTCGTTTGAGATCCTCGATCTGTTTTTGCATCGAAGCGATCGTTTGCTCTGCCTCCATCACCTTGAGTTTGAGACTTTCTTCCGCTTCTTTCTTGGCCTGTTCACGGGTCGTCGCCAATCCTTCTTGGACGCGCTTTTCGACTGTCAGGTCCAGCTCACGCTTGGCATCATCCAGTTCCCGCTGTTTCCTGATCAGGTCGGCCTGTACCTTCTGCGCTTCCGCCAGCTTCGTGTCACGTTGCCTCAGAATGTCATTCAGATCAGCAACTTCCTTGGCCTTCTGGTCCAGGTCGTTTTGTAAAGCGAGCTTGGCCTTCTTCCCTTCTTCAACCGCAATCTTGCCTCGCTCCAGCTTGAGTGTCTCTGCCACCTGTTCATCGAGTGCCTGCTGTGCCTTGGATAGGGCTTCTTCCCGATCCCGTAAGACGGTATCGCGTTTTTCCACATCGGCATCCTTCTGAGCAAGGCGCTTTTCGTAATCACGGCGTGTGGATTCGATCAGCGGAGCAGCAAGGGACTCAGTCAACTTGATTTCCGTTTTACAGGAGGGGCAGATGATGGTTGGCTCGCTCATACTGAATTCGCCCTCAGTGTATTGTTCAGAGACTCACTGCAGTAGTGGTTAGGTGAATTCTTATTCGACGTACGCGTCGTGGGAGCAAGTGCGTACGCCCTTGCCTATCTTTAAAGCCGGCGAATTGACCTAAAACTGGCGAAAAGGCTTACCGGTTTTTGCTGGAGAAAGCAATCGGTTCTGAGACGGGCAGATCAAACGGGGGAAACTTTCGGTGTCAGGAGATCGGAAACTGCCATGATCATGGGGTAGCGGGGTTGACCTTCGTGCCCCGACGGGATACGGTCAATTCAAATAGGAGGATGAGCATGATACTTTATGATTCAACGACTGTGAGCAGCCTTGCGAGATTGAGCACAGGTGAACTGGCATGGCTTGAGCAACGTGAAGAATGGGACAGAACTCATAAATGCGAATGCGGTCAACCATACCACCAGATGCTCGGAGGTTCTAAAGTTACATGCCTCTCCTGCTACCCTTACATGATGTTTGATATTAGGGAAGTTCTCTACTGCCCTCCTCTTGAAAATACCTGTTCTCCTCTTACAGCGAAGACACACCAGCCCCATGTTCCACTAAACGGCGGATAGTGATTTTCCCTTGTTCTTTTCGCGCCTGCGCAAGGTCATAGGCGGATTGCATGGATAACCACATGTCCGCACTACCCCCAAAGGCTTTTTCCAATCGTAAGGCCATATCTGGCGAGACGGCACTTTTCCCCCGCGTGACGTTATAGAGTTGTTGCCGCGTGACTTTCATAGCTTTTGCCGCTTCGGCCACACTCAAGCCTAGCTCTTCTAAATTTGCTTCAACCAATTTCCCCGGATGGACAGGATTTTTCATCATCATACATACCTCTGTTTTCCTTGCAGTTAATGGTAATCCTCTAAACCAACGTCATAGGCATTGCCCTCGCTGAATCGAAACGTAACCCGCCAGTTGGCGCGGACAGTGACCGCCCAAACCCCTTTTCTACCACCCTTGAGCGGATGCAACCGAAAGGTTGGCTGGTTCATATCTTCAACGCTTCTGGCTGCATTCAGTGCCGACAGGATTAGCCGCAGCCTATCCGCCTGATTTGCTGTCACCTTCCGCCCGTCATCCTGTTCAAACAGGAGCTGCAAGCCCTTGTGTCGAAAACCGTCTATCATCTACCCAACTGTAAAATGTCAATTGACATTTGTCAATTATTAAGTCTGCACAGGTATCGTTGGCTCGTTTCCCTGTGGACGGTTTCACCTCTAGCCATGTTTCACGAGTGATAATATAAGCGTAGGAGGTTTTACGAAACCGGAGATTTTACGAAAGCTGGGTATGCTCTTGCGTGACGGCATCACTACCGAGCTTCAGGCTGTCTCTCTCATGGTAGAGATACGAAAGCTTTTAGAGCAGCAGGACGCAAGACAACAGTATCCCTACCTGAAATTTCATTGCGATTGGGCGTTGCACAGCAAGCTTTCTGGTAACGTAGCCCAGAGTGTTTTGAACCATTTCAATCTGGCGAATACCCATCTCAAAACCGGCAAGCATCTTCATGAATTGCCCCGCGATCAACGAATCGAGATCGACAACATATCGCAAATGAAACTCTTCGAGAGTGAGCTTGAGCCGTTCTTGAAGGCGAATGAGCTTCCTCCTATAGATGCGACTCGTCTCGATGGCTGGGCGCATTTCCTACACTTCTATGTCGAGGTGATATCAGATTGCCCCTTAGTCATTTCCAGCAACAACACCGCATCAGGAATTGAAAACGTCACGGTAAATGTTGGCCTTGCTCATCAACCAATGGGCGATGAAATGGTATTCCGGGTAACCTGGAAGATTCGGGGCAAGAACGGACTTTCAGGGTTGCTTGAGATTTACAATTCGTTTTCCCTCAATCGGGTACGCGGCGAGTAGGCAAGGCGCAGTCTGTTTCATAAATGGTCATTTGAACGTGAGTTAATTGTCGAACGTACCAAAGCCGGAGTACAGACAGCGAGGCGGCGGGAGTGAAATTTGGCGTGAAGCCGAAATTATCCGCGAGGCAACTTGACCACGCACGCCAGCTGAAGCCCAACCGTTGATAAAGCAATGGCAAAAGAGCAATCCGTCATGTAGGCATGAAAACCGCTAGAAAGAACATTCTCTAGGTTCGGACACAGAAGTGGCCAGAGTATTAGATCGGTCAGAGTGGGTGCTTATTCGCTAGACCCGGCATTCGGCGGCAACGCCGGCTTGTGTCGTTTCTGGTGCCGGACGCTCGGAGATCGGAAACAAAGGGTGTCTGGTGGGATATTCCTCTGAAAGAACCAGCTGTTTCCCGAGTTTGGTCTTATGGCTCATGACGAGCGGGCCTCGCAGATTGGCCGTGATCCGACCCGGATCGTCCGACGGTATCGTTAGGACTACGACCAGCGCGAGGTCCTCGCCCTCTTCACCTTTGATTTCGGCTAAAGCGTCGGCGGGAATATCGACGTGATAGTCGGAATAGAACGTGGTTGGGTCCAGGATGACAAAGGCCAGCCCCGGTTCTTCAACCGACTGGAGCCACCGGAACGGGGCTTCGGTATCATGATCCAACATCACGTACCGTTGTTGGTCAGGAAAACCAAGGAGCCCTGAAGGAAAGCGTATG
CP060499.1_gap66	2565148	2565756	608	AGGCTGTTGATTTCGCCGACCGTCTGCTTGACTTGGAAGTTCAGTGACTGTCGCGACGTGACCAGGTCGGTGGAGGCCTGATTGATGCTCGACGCCAACTGTCTCGCGTTCGCCAATACGACGGAGCGAGCCGCCAGCTCCCCCGGATTGGTGGACACATCTTGCAGGGCGCTGAAAAAATCATTCATTCGCGCGGCGATGCCTTGATTATTGCTGTCTCCGAACAAGTTCTGCAGGCGGAACAACTCGTCCTTCGACGAGGCCAGGCGTCCAAGATCCTGCTGAGAAATGGTGAGTTGCCGGTTGATGAATTGATCCGTGTACCGTCTGATGGTCGTGGCCATGACGCCGGTCCCCGCCATGCCGGGCTGTCCGTCCAGCGGAGGCCGCTCGGTGAGCACCGCTTCCTGTCGCGAATAGCCCGGAGTATTGACGTTGGCGACGTTATGGCCGGTGACAGCGAGCGCTTGTTGCGAGGTGGTCAGTGCGCTTCGCGCGATGTCGAAGAGCGACGATAGACCGATCATGATTAGCCTTGCTGATGAATGAGTACGTTGACGTGAGACGCGACGAACGATTGCCCGTCGGCGGTATACAACTCCCGACCC
CP060499.1_gap67	2585896	2587370	1474	CCACAACTCGTTGAACTGCTCTCCTGCCTCATCGCCAGGCTGCTGCCCATGTGGGAAGGCCCACCGCACCCTCGCTCCGATGTCTTCTGAATTCCCAAGGGCTCGCCCATAGTAGGCGATCTGTGTGGAAGCGGAATGGTCTTGTGGAACCTCTTCGAGCAGAACCGAATCCGGCTTGGGGGTTTCCGGTTTACCGTTTGATGACACCGCACCAAGGTAGGCGTGAAACGCCCGCCGAACCACCGAGTCTTGTTGTGGAAGGGCCGCGTTAGGCTGCGGCTCCACAGACACCGGCTGATTTTTTCCGCTATCCGTCACGGCTGCGCCGCTGTCATTCACAACGACATACGGAGTCTGCCTTACGACTTGGTCGGCTTGTGAAGCATTCTTCGCTTGAGTCGCCGAAGCATCCAATTTCTGTTTCGACGGATCGTGCGGAGGAGTGCTAACCGTATTGGGAGAAGGATGGTCTTCAGAGGGGTGGGACTCCGTCACCGGAGCATTCACCGTCGCCGGCGAGATCAGCGGAGGCTTTGGGAGATCGCCGGAAGCCTCAGTGCCATTCTGAGACGGGTGAATCTCTTCGCCGACCGCAACCTTGTCCTCCAGGTGAATCTCTCCCTCCGTGTGAACCTCGGTCTCATCGATCGCTTCAGGTGTCGGCTGAAAAGGAATGACCGTGAGTAGAGGCGAAGATTCTTGCCCCTGAGCATCGGAACCTGCATGGCTCTCCTGTCCGGAAGATTCCACGTCTGTCTTTGAAACATCAGTGTTGCTCTCAGTGTTACTCGATCGGCCGTCGTCCGTTGCCTGAGCGGGTGATGCATCAGCCCGCTCCGTTCGAGTCGAGGAACCACTCAGACCTCTCGTCTCCTTCGTCGGGGACCCCTCATTGGACTTCGTCGCCGATCGACTGTCATCCGCTTCGCGGGCGTCTGCCCTCTCCCCTTCTCCACGAGCTCTCTGAAGAACCGTGGAAAAACTCTTTCGAACGCTGCTGGAGTTTGGAGAAGTCGTTGCCCGGACCGGCTTGGAACTCCCATCCACAGAGGGACCGGACGGAGCGGAGGACATATTAGGAGCGATGAAATCCATAGTAGGTCGGTCTCGTATGATCCGTGCCGAAAGAATACAAGCCCCATGCCATCTGAAGCGGCCTTGTAAGAGCTCAAATTATGTGAGATTTCTGATGAGGATCTCGACAACGGTATGGCGAGAGAGGAAAACTTTACTGGGCACTAGGCAAAAGTGACCGGCAAAACGATAACCATCGCTCTTTGCCCTATTACAACGGAGATTCAAACTGCAGCGGGAGTTTCTTTGAGCGGTCCTCGGGCAGCTTGAACCTGAAATGCCAATCACGCTGCCCGGTCTCCGGTGAGGAGCGAAACCAACCCTCTGCGGTAAGATGTTGATCCGATTTCGACTTGCCCTCGGGATAGAACTTGAAGCGCAAATGCTTGTCTTTCCCGTC
CP060499.1_gap68	2588830	2589513	683	ATCGAGACTCATGCCGTCTTCTGGGCCAGCGCCTCAAGCTGCTGCACCGATGCGGCAAAACTCGAGGACTCCTCAATGTCCTGCCTCAAATACGAGTTGATCGCCTCCTGCGCCTGAACGGCGCGGTCGAGTCCGGCATTCATCCCCGACTTGTAGGCTCCCAACAGCACCAAATCCTCGGATTGGCGATACCGGGCCACTAATTCGAGCAGACGCCTGGCGGCATCGTACTGCGGTCGCCCGACGATATCCCGCATCACCCGGCTGGCGCTCTGGAGAAGATCGATCGCGGGAAAATGATTGCGCGCAGCCAACGCGCGCGATAAGACGATATGGCCGTCCAAGATCGAACGGACCGAATCCGCGATCGGATCACTGAGGTCATCCCCATCTACCAGCACGGTATACAATCCGGTAATGGTTCCCGGTCCCGGTCCGGTTCCGACGCGTTCCAAGAGCTTGGGCAACAGCGCGAACACAGACGGCGTATAGCCTTTGGTCGTCGGAGGTTCGCCGATCGCCAGCCCGACTTCACGCTGGCCGTAGGCCAATCTGGTCAGCGAATCCATCAACAGCAAGACCTGTTTCCCGGCGTCACGGAAATACTCCGCAATGGTTGTGGCCACCAATGCCGCGCGTATCCGCACGAGAGGGGCTTGGTCGGAAGTCGCGACAACTACGAC
CP060499.1_gap69	2592187	2593732	1545	TTGACGACAACCGCCGTCGTGTCGGGATTCTTCCTGGCCATGTCGATGATCTGAGCTCGATCCGGTGCGTGCGGCAAAGAAGCTTCCCCCATCCCCACAGCGCCGGGTAATGCAGAGGCGACCGCCTCGGCCGGCATCTGCTCCGCCGTCGAACCCAACATGGCCAGCAACGGACGGACGACGAAGAGGAGAATCACCGTAAACAGCAGAATGCCGACCCCGTAGCGGAGATACGGCAGCCACGGCCTCGGGCCTTCCGCCATGGCCTCTGCCGTCGCACCCTGTGCTTCCTCCGGCTCCGTGCCGAATTGGACATTGACGACTTCCACTTGATCTTGCCGATCGGCCGAAAAGCCCATCGCTTTCTTGACGATGTCCTCAATCCGTTTTAGATCTTCCTCCGAACGCGGAGTGTATTTTCGTGCGAGGACCGGCGCGTCCGCCGATTGCCCCTCGCCGGCTTTTGCGGTTTCATAGATGCCGTCGACCAGCACCGCGACCGATAATTGCTTGATGACCCCCACCGGCTCCACGATTTTTGAGACTGTTCGGCTGATCTCATAGTTCACCGTCTCGTTTTTCGTCTGGCTGCTGCTCGAACTGGTCTGAGGCGGTTCCAGATCCGTTCCCGGCGGTACATTCGACTGCACACCGGGAACCCCGCCGCCGACCCCGTTGGAGCCATTGGCCTTTTCCTGCCCGCGCTGCTCGCTCCTCACCACCTGGCTGTTCGGATCATAGCGTTCTTCCGTCGTCTCAACCTTGCGGAAATCGACCAGGCTGGACACACGGACCACCGCCTTGTTGGGCCCGACGATTCGCTCCAACATCGTTTGAATGCGGGTTTCCACATCTTTTTCGATGCTGCGTTGATATTCGAGCTGCGAGTTGGTCAACCCCGACGTTTCGTCAGTCGCCGTGGACGACAACATGCGGCCGTGTCCGTCCACCACCGTGACATCGCGGGCCTGCAGCCCTTCGATGCTGCTGGAGACCAGATGGATCACCCCTTGCACCTGCGACTGAGTCAGCTGTTGTCCGCTGCGGAGCGAAAGAATGACCGACGCGCGCGCTTTTTCCTGTTCGCTGGCGAAGAGACGCCGCTCCGGAATGGCCAGATGCACCCGGGCCCGTTCGACTTCCGGCAGCTGCGCGATGGTTCTCGCCAACTCGCCCTGTAGGGCGCGACGATAGTTCAGCTTCTGGACGAATTCGGACATGCCGATCGATGTTCGATCGAAAATCTCAAACCCGACCCCGCCTCCGTGGGGAAGCCCTTGGGTCGCCAGTTGGAGCCTCAGATCATGAACCTGAGCGGTCGGAACGAGCACTGTCGATCCGCCGCCGGTCATTTCGTACGGCACCTTCGTCTCTTTGAGCTTGTCGACGATGGCGGCTGCGTCTTCAGTGCTGAGGTTGGTGAACAGCACCTGCATGTCCGGTTGCTGCGTCCATAGGGTCAGGGCAATGAGCCCCGCCACCGATCCGGCCAATGCAATGAGGATGATCATCCGCTGGTTGATGGAGAATTTGGAAAATATACCT
CP060499.1_gap70	2598782	2602302	3520	CCCTGTATGCCCCAAGCGCCCGATTCATGTCATTCGCATCTTCGTACCCCTTCCCCAGGTAAAACAGCGCCTCGCCGCCGATGGGAGTATCCGTCTCTTGCGTCGCGATCGCCTCCAGCAGCGCTCGGTAGGATGTGTCGGTCTGATCCGGGACCGGTACGTCGTGCATCATGGCGCGCACCGTGAGCCCGACCCAATTTCCTCCGGCCGGGAGCATGTTTTCCCCGCGAAGGGTGGCGATCCGCAGCCTGGCCGTCGCCGCCAAGGGGCTTTGAGGGTACAGCGAGGGAATCAACGCATAAACAAACTCCGCGAGCGGCTGTTTGGACCCCGCCCGGAAGCTCTCGGCCGCCTGCAGCAACGCTGCAGGGGCGTACTCGTGGTGTGGATGCAGATTGTAGAAGAGCATCATGAGCTCTCGGACAGGCGCCTCATGATGCAATTCAACCTGTGTAACAGCGTACCACTGGAGAGCCAGAGGGTCACCCCTGAAGAGGGTCGGCCATCGCCGATAACTCAGGTCGTAGAAGATATGCGCTTCCGCAAATCGTCGCTGCCGGAACAGGGCATGGGCCAATCCCAGCGTAGCCCCTTGAAGCAGCCGGTCATCCTCGCTTCGCTTTCTCACATTGGCATAGGCGTGCTCGGCATCCTTCCATTTGCTCATCGCCATGAACGTGTGTCCCAGCCCGAGCAGAGCCCGATTCGCGTCGAACGGAAGGTGGGCGGAATGGGCCATGGCTTGCTCGTAGAATGCCTGTGCTTCCTGAATCCACCCTTGATCAATGTATAAATCCGCGATCCGCCATTCCGCTCTTCTGGCATTTGCAGACTGTGGATGATCATGGAGAAGCTTTTTGTACTCCTGAATCGCGTCCAACCGATGTGGCGTGGAGAGATCGTCACGCAGCGACAGCTCGACCAAAAACGCCTTCGCCGATGGAACGAGGACGCTTGCGGGATGTTCTTTGACGATCATCTCGAAAAATCGTCGCGCTTCAACCCAGGACTTCTTTCTATAGGCAGACTGGCCTTCTTCCCACGCCAGACCTTCAATTCCTTGAGAGAGGCCTTCCAGACGGGGTCCGTCGTCGGGCAAGAGCTGGAGGAGCCGGTCGACCGGCTCCGGATTGCGCACCGAGGGGGCCCGCTCGGTGACGGCGGCCGACAAGGTGGGAGGAGATGAGCGGCCGGAAGACTCCCCAATGGCTGAGGGAGGGATCGCCATCCAGACGGCGGTCCAGAGAATCAACGGAGCATATAAAGGGCGGTATCGATGCACGGCGATAGGGCATCAGCAAGGCTCATGCCCTGTGCATCCGCAGAAAACTCGAAGGAAATCATGACACTTATCGTGAGCGGTCGTGAACCGCGGCCGGCGGCGTCAGGATTGGCGTCGGCTAGGTCGCGATATCGTCAATCTTTTGACTGGATGGCCCGGGCCACAATGGGAGCGTTTCCAGGTGGGATCGCGGATCAACGCCTTTGCGTTTGAGTTTTTCGACCAACGTCGTCCGATTGAGATGGAGAAGTTGAGCGGCGCGAGACGTGACGCCGTTTGCCTTGCGTAACGCCTCCATGATGAGGTGCTTTTCGTACTGCTCGACCTCTCTGGAGAGATTGATGCCGTCCTCACTGAACCTGAAGAACTGTTCCTTGAATTCAGGGGCGGCCGGTTTCGGACCGATCTTCTGCGGAAGATCCTCTGCCGACAGAATGCCGTGCTTCTTCAGGACGACCAGCCGTTCGACCATATTCTCCAGCTCTCGAATGTTCCCAGGCCAATCGTACTTGGTCAACTGGTGCAGCGCCTCGGGGGTGAAACCCGACACCTCGGTGTGCTTGCTCTGATTGAAGCGGGTCAAAAAGTGATCGATGAGGAGCGGAATGTCGCTGCGGCGGTCTCGGAGGGGCGGGATGACGATCGGAATCACATTGAGCCGATAGAACAGATCCTTGCGGAATCGCCTTTCCTCCACGAGCGTTTCCAAATCCTGATTCGTCGCGGCGATGATCCGCACGTCCACATGAATCGTCCGATTTCCCCCCACCCGCTCGAATTCCCGTTCTTGCAGCACACGGAGCAGCTTCACTTGCAGCGGGAGGCTCATTTCCCCGATTTCATCGAGAAAGATGGTCCCGCCATGCGCCAACTCGAAACGGCCCATCCGCGGATGGGTGGCACCGGTAAACGCGCCCTTTTCGTGCCCGAAGAGCTCCGATTCCAGCAGATTTTCAGGAATGGCCCCGCAATTCACCGGGACCAACGGACGATCTCGCCGAAGACTATTGAAGTGGAGCATGCGGGCCACCAGCTCCTTGCCCGTGCCGCTCTCCCCTTGAATCATCACCGTGCTGTCGCTGTCGGCGACTTTTTGCACGAAATCCATCACCTGCTGCATCGGCTCGCTGATGCCCACCAATTGCTCCAGCCGGTATTGATCCCGCACGGCCTTTCTCAAGAGGTGGTTTTCTTGACGCAGACGATGAAACTCCGCCGCCTTCCGCACCACCACCGCAACAGTCTCGAGATCAAACGGCTTCGTAATGAAATCGAACGCGCCGGATTTCATGGCACGGACAGCGGTTTCGATCGTGCCGAATCCGGTCATCATGATGGGAATGATTTTCGCGTCGAGCTTGGCAAGGCGATCGATAATGGCAAGTCCGTCGATGTCGGGCAGCTGAAAGTCCGTGATCACGATATGGACCACGGCCTCCCTGACCGCGCGGATCGCCGCGGTCCCATCCTCCGCAGTCGAGACGCTATACCCCTCCTGCACGAGCGTTTCCTGCAGAATGTCCCGGAGCGCGGGATCGTCGTCGACAACCAAGACGTGGACTTGACTCATGCTCGATACCATTGGGAATACGAAGTACGCGGCGGGGTTAGGATAATCACCAAGGGCATCCAATGCAAGTTATATCAGTTACCCGACAGCGACCTGATCGGAGGGAGATTTCTTGACGGGCTCTTCGGCCTATTGGTGCTGTTCGACACACCATGTAGACGGTGAGACCACGCACAGGCTGGGGTAGCTCAATCAGCAGAGCGGCGGTCTTGTAACACCGTTCCGACGCTTCCCTATAAATCTAGAATTTGCAGATTGCGGGAAAGAGGCTACGGAGAGAGACGGGATTGAGCACGTCAAGCAAAAAGCCTGAGGAAGTCGTCCAGGTGGGTGACTCTGGACGACTTCCCTTAGGCCAGCCAACAGCGGGTGATTGTCAGGGTAACTGATCCAGCTGTTGAACTCTCTGGTACCGCTGAACAATCGGGAATGGGGCACAGTCCCGGAAGGATTTTGGGGAGCATGCCCTTATTGCCAATTCACAAAGCCTCCGTGTCGTTCACAGAATGGGTGTCGCACAGGTCAACGCCGCGCGAGTTGAAACACTTGGTACACCAACCCACCGATGGTGGCCAACAAGAATACTTCTATGAGGATTGTCATAATGTGTTCACCTCCCTTCCTTATCTGTAGCTTATCCTGCGAACATGAATTCTCGATGACGACTT
CP060499.1_gap71	2608200	2610631	2431	CGTGGGGGCCTCATCTTGTGTTTGCTTGGCATATGCAATATTCGAACGACTGAAACCCATCACTGCCTCCTGTCCTCTTTGCACAAATTCATCGCCGACCGTCTAGTATCCCCGAGGACCGCTTCTTCCATGTCATATATCTCTTCATCCCACTCCCGTAAATCATCCTTCACGCGATTGGCATAATTGCAAAACATGGCACGGAGCTCTGTGCCAGATCGAGGTGCAAACAGCAGTACAGCACCTGCCCCAAGCAATGCTCCAGCTATAAAAGAAGACCACTCCATAGCGTTGTGCATAATCACCTCCTGTTCGGTGGTTACATACAAGGTAGAGGAACCGGGTCTATGCTTGAGTGAACATTCCTCACGTAAGTCACTCTCCCCTGGCCATTCTCCCAGTCGGAAATGATTGCGAGGTGACACCGGCATTGTCCTACATCGACGAATGAGTCAGTTTAGGGTGGGTCGGGAACTTCTGACCAACCTTGAGGAGATAGTATTGGAGAAGTTCGAGTTCGATGTAGGTTAGGTCTTCTGTTTTGATGGTACCGTCGAGCAAGCTTTCCGAGACCACCATAAAATGCCTAATCTCATCGCGTAAGGTCATAAGAGAGCCGCTCTTCTGGAATCGTAATGGCGGTCAATATGGACGCATTTAGCAAGGAACGACTTAGTTATGCATTCGGCAGGGTATCTTCCAAACTAGGAACACCCCTAGCTTATGTGCAGTACGGTCCTCTTGTGGGTATGCGTACATATGCGTCCCACAATATCTAGTGCTCATGAGTCTTCCTACGTAAACGAGCCAGGCATATGTTGCAGTCCTCGCTTTCTGTTGCACGGTAGCGACATGATGATATACAACTCATCCACTTCGTCGACTGCTTCATAAACACGTGTAATAGATGACCGCCTAGTAGAGAGCGAGCGGCATTTGTGAACGAACAGGACCTGTCTCTGTATTGCATCGATGAGTTCTCCTCGCACTTTCCCTCTGAGGTGACCGCAGACTGGACGGAGCAAAAGCTCATTTTGCGCTGCTCGTGTGAGCTCGCAGAATTAGGAAGTCTTTGCCCCCATCTCAGAGCACTCATTAATAATGTTCTTTCTATCCTTGCACACCCGACAAACCCGGAGCAGATCACAAGCCTTGCTCTGTTCCAAGTCTGGCTCGCAGCCACCAGTTGCCGGGATGATTTGAACAAATTGGAGGAGCTTGAGCGCGTGGTTGAAGAGCTCCAGCGCCTCAAAGGTTTGGTGAAGGGCAGACTGAGGGCAGGTTGGAAACGAGAATCCTGTATCAAAACTGATTCGTAGACGCCGTGAGAAGAGCAATGAGAGGATTCAGCGTCTGGCTGTTGGAGAGGGCTGGTGTTGGTGGTATCAGAAGTATGCGCCAGGTGACACGCTACTGGAAGGATTGGAGAATGAGGCGAAGAAGGCAAAGAAGGGGTTATGGATTGATCATCACCCTATCGCATTATGGGAGTGGAGAGCTTCAAGAAAGAAGAGTATGAAGCCCTAGCTAGATCTTCAAATATCGTCGCTAGAGGCCCAACCGACAGACCGTTAGCATACTCCTACAATACCACTTTCTCAGGATCACGGCTTTGTGATACTCCACCGTCCGCGAGGCAATGTGCAGACGGCCCCCAATTTCTTTAACTCTCAGCCCATCCCAGACCGCTTCAACAATCTGGCGCTCGCGAGGGCTCAACTCTTTGTAGTCTTGGGCACTCATGCTCCTCCCCTTGCATCAGGTGAAGAACAGTACCACAAACACCTGTACCTCTTGCAGGATTCTGAATGCCCACGGCTCAATGGACCCATAACGAAGCTGATTTTTTGAAGGCGCTATCGTTCTACGGGTGGTCGGACTAGGGATTGTTCCAGTAGGATAACTGAATCCATACTCGTTCTATATGAATGAGATCGATTCATCGTCTTGGGGGGAACGGCATGGTGGAGTCCTAAGAAAAGGGCATATGATACGATTCGAGAGATACAAAGGCTTCACCATTCAGCCCAGACCGCGATATCTCGCAGAGACTGAGACGTGGGGATTGAACCTCCGCATTTCTTGGACCACTCAAACAAAGGAGGAGGCCGTTTATCGATGTTCCACAACAGATGTGTACGCAACAGAGGAGCAAGCAGCGGTCCACTGTATTAGCTATGGAAAACTCATCATTGACGGCAGGATTCCCGGCTCCTCGGTGGGAGAGCCAAGCCGGTGTGCTGGGGTCGATAATCCTCAATGACGCGAGATACATTCTCGTCAAGGCACATCCGGCTGCATATTCGGCATATGAATGGTCCGTTGATGCATAATGCTTCTGATGCACACGATCCCGGTGTACATGGTTCCTAAAGACAGCTTAAACGGCGCCTTTTAGTCACAAGATCTCTTTCGATCGTGAGTAATCAAC
