gap_id	start	end	length	sequence
CP060223.1_gap1	154467	157156	2689	TTGAGTGTTTTCAACTCATCTCAAACAACTACAATCGTCGAAGGCAGCAGGCGACTTCAGAATTGACCTCATGTTTGCAAGATTGTAATCGCGGATCTCGTAAGTCATCCTGTACCGCAACCGCAGTATGGGGAAACATTCGAGACATTCAGGATTTCTCAGTAGAATTTCAAACTTACTTTAAGCCTGAGCAAAATGATATTGGTCAGATTCTTACCCTTTTCGGCTTGACTCAGCAAGCAGAAGAAGAGGCGAAGATTGCCGAAGAGACAATTCAGAATAGTAAGTTAGGCGCGGTAACTTCAACGCTTCGTACAGACATCCTTACCCCGGCCAGCTTGGTAGAAGAAAAAGCAGCCCAGCCTATTCGAGAGTCTTCAACAATTGATACTACGCAAACCGGATCCTTACTCGCTGATGTGGGTAATATTTTTGCGAACACCTTAACGCAGCGTTTAATGGAGAGATTCTTCCGCAGTAAGTGTGGATTAAATCCAAGCGCATGCGAGGGCCCAGGCCAAACAGACTCCAAACTCGGCTCCTTACTCTTTAGCACACGGACTCCAAGCGGTCTGGCAGCTGCGCGACTCCAGTTCGCCAGCTTAGCTCGAATCGATTACACAACAGGAGATCCAGGTCGTTCACAAATAGCAGTATCAAATCAATTAGAAGCGCAAGGTATAATTAATTCCGGTTTCCGACAGGCTATTGATGAGCACATGACAGTGCGAGAAGCGTTGAACGCCGGCTTGCTAAATGCCAGCGCAACCTTTGGCTACGACGAAACAGACAATGAAGCGGAAAATGGAATTCCATACCGCTCCATCCTTTATCTGCGTAAATATCGAGTCGTCCCTGTTGGCTGGGAGTTGGCCGCTGTGTATATCGGTTCAGATGCAGATAGACAGTCACATGGCTTAGGCGAACTCGTCGACCTCTATGATTGGTGTGGACAGGACGCTGCACATGGTTTACCAAATCCAGATGATCCAGAGACACCATTGCCTTCACCATTCTGCGGATTGGTTGACCCGAGTTGGGTATTAAAAGCTCCTGACACGTACTGTCGACGTCAGGGCGCTGGTGATGAAATTATCCAACGTCGCTATGTGTGTGACACTGATACCAATGGCGATGGTCGAATTAATTGTAGCCTGAGCGATTTGGGTGGAGGGGATATTGGCTCCTGGATTATTTCACGAAATCAAGATACCTGCGTTGATGAGCCTAGCTGTGTGGCCGAAGATAGTGATGGGAATTGTCTCGCCTATGGATATTGCTATGAAGAAAAGCCGATTTGGCGTTTCGGCGGTGAAACCTGTAACGGGTACTATGCTTCTTGTCGATCTTATACAAATTCAAGTGGCATTCAACTCGCTTACTTAAAAGATACCCTTGATGAGGGCGATTGTAATCCAGAGAATGCCGGTTGTCGCGCGTACTGCAGCGATGGCGAATACAATGCCGTAAATCAGACCTGGAGTTGTCGCTCTGATTCAGGTGATACTATATACTTTGATCGGGACGCGAGCTCATGTCCAGATGGTGCGGTTGGATGTACTGAATTAATTCGCACCGAAGCTGGATCAAACGTTTTAGCAAACGCTGGATTTGAATACTATACAGGTACCAGCGATGACGGCACTCGAGATACTTTTGGCTTCTGCAGTAATAATGGCGCTGCCTGTCAAACCAATGGAGACTGTGGACTCGGGGCAAGTTGTGAAGGTTGGAAAACTGATAACGGTGCCGTCCAACTACAAGCAGTCAGCGATGATGTGAGTGGCGTTGGTTCACCAGACACCATTGCAGTGCAAATGAGCGCCGGGGTTGGCAAGCTCATTCACGAAGCTGATGCCTATCAAGATTTGAGCGGCATGCAGATGACTTTCTCATACTACGCAAAAGCGCTTGGAGCAAGTTGTAGCGGCACCTTTGGCGTACAAAGCGCTGATGCAATTTATGTGCCAGCCGCTGATGAAGAGGGTAGCGCTGAGTACACCGATCTCTGGCAGCAATATGCTGGAGTCTTCACCTTCCCAGAATCAGCTTATACTAAGAGTAAGGTGCAGGCGTACATAAATAATCCGGGCTGCGGTATTTTGGTTGACTCAGCTAAATTAGAATTTAGTGCTGCGCAAACAGTGTACTCGGATTATCAGACGGTGAATGAAATTTCCATGCAAGTTCCACAGACCACTCTGCTGTCCAACGGAGACTTCAGCTTAGATGATGGAACTGACTTCTTTAGCTACCCAGCCCCAGTTGATGGAGATAACTCTACCGCAGATGACAATATTCCAGACGGCTGGACACCACGAGCAGTAGGAAGTATCGCAATTGATCGCACGCAAGGCCACTTTGATGATGAATCACTTCGGATTGACGCTAGTGGAGTGCGTAGCTATGCGGGCCAGCTTGTTCCAGTTGAACAAGGTAAAACCTATGAAGTGAGCGGTTGGGTAAAGAGTCAATTGACTCCAAGTGGTGGTGATACTCCATTTGGCGCACTCATGACCGAATGTGTGTACAGTGCCAGCCATCCAAATGCTTACGAAACATTTAATCCTTCGGCTGATGAGCCAAGCGAGTGTCTCTTGTCTAACTTCGAAACCTACATTCGTCCTTCAGTTGAAGACGGTAACAATTATTATGTAACAACTGGGACGAGCGACTGGACTTATCTCCG
CP060223.1_gap2	337693	340635	2942	GGACTTTCTCTCGCCGTGCTCAGTCCGTCATTTGATGCCATTTATTCACATTTTGTGAAGCGTAAAGAAGAGGCCTCAAATTGGGGTATTTGGGAAGCGATGAGTTATGTAGTGACCGCCATTGCCGCGATCATTGGAGGCTATGTCGCGGACGGTTTCGGTTTCCGCACCCTTTTCATTGTCATGTTTGTTATTTCCTTATTTGGTACAAGTTATAGCATGCATTTGTATCGAGGTAAGAAGTATTTGAATCGGGGATGATTCGAATGAATATGAGAAGAACAGGGACCACGCGAAGGCATAGTCCCTGTGTTCTGCTATTCACCGCTTGATCCGGCGCCGATCGAGGCTCCAAACACCGTCACTCCGTCGCGTTGTCCGATCATCAAGTCAACCGGTGGGAGTTGGATGAACTTCATCACATAAGGGTTCAGATACTGCAGTACCCGGAAGTGGGCAGCGTATCCGAGTATCGGGTCAAATCCGTCCGAAGGTTGGAAGCCAAGCGTTGCTGATACACCGAGGAAAGGAAGCGGTTGCACATGGACATGGCCGCCCAACATCCAGAGGATTTCCTTGTCCTCGACCTGCAGGCAGACTTGGGGTCCGACCGAGAGGTGGCTGAGAGGAAAAAGTCGATGGTACTGACCGTCGAGACGCAGTTCGTCTTCTTCATCGACTCTGGTGTCGCCACCAACGATGATTGCTCCGAACTTGGGATGAGTATCGTCGTCAGCCAGGCTTGTCCCAGCCATCAAGCCTAGCAGTAACAGTGAAAAAAGAACGCACACTTTCATGGCACACCCTCCGTATGCATAGTGGAAACTGACGCTTACTATGGTACTCCAGGAGGGACTATCTCGCAAAAAGTGGAGAAATAGCAACTTGACAAACAGGCGCTTTTTCGGTATGTTCGCATGTGCTGACGTGCGCCGGATGACTGCTCCGCCTTAGGTGGAGAGGAAAGTCCGAACACCCCCCAAGCCCCCCATTTTTGAGAGGTTTGTGGAAGTAGGTCGTTCCGAAAGGGAACCGAGCAATTGGTTGTAAGCTTTCGGCCGAATAACCAATGGTTTAGGGAAAGTGTCACAGAGACAATACTGCCGATGATCTCGCTTAGCGGGATACAGGTAATAGGTGAAAAGTAAGGGCCTAAGAATCCTTTCTCTTCATAGGTGACTATGAGGAGTGAAAAACCCGACCTGGTGCAAGATCGCATAGGTCTAGTCATTCGACTGGACGGGTAGATCGCATGATCCCGACGGCGACGTCGGGGCTAGAGAGATAGTCATCCCTCATTATGAGGACAGAATTCGGCTTATAGGTGTGCGTCAGCACCTAAGAGAATTTATGAAAAAGCTTGAATTGGTAATTAGCGCAATTCTTGTACCGATCGACTGGCTTATGATCGTTGCTGCTGGTTTGGCTTCGTATTACCTACGTTTCACCAGTTTTGCTGAATTGCGACCGGTTATTTATGAAATGCCATTTGATGAGTACGTTAATATCGTGCTCGGAGTGGCAGTGTTATGGCTGCTTATTTTTGCCATGAGCGGTCTCTATAGCTTAGGTGGTCGTGTCCGATGGGTTGATGAATTCGCAAAGGTCTTTTTTGCCTGTTCAACCGGAGTTATGCTCCTGATTATTTTGATTTTCTTCCAGCGTGAACTTTTTTCTTCACGTTTTATTATTGTATCCGGCTGGGTGCTTAGCATACTTTTTGTGGCCCTAGCCCGCATTGTGGTTCGCGTTGTACAACATTCCTTATATGTGAAAGGTGTGGGTGTGCATCGTTTAGCTCTGGTAGGTAATAGTGGATCTCAGCATGAATTACAGAATCACATTAGCAATCATCCTGGGTTAGGCATGCGTGTGGTGCATACCTATGGGCAAGCAGATGAAAGCGTTCTTCCTCAGCTGGAAACGCTTATGCAACAGCGTGCCATTGACGAGCTAGTGGTCACTGATGCACGGATGCCAAAAGAAGCTATGTTGAAGTTGATCGAATTGGCAAATGATTATCATGTAAATTTTAAATATGCGGCAGATCGTTTTGAGACCATGGCGTCAAGTATTAGTACGCAAACGCTGGGTGGTATACCGATCATTGAATTGTGCCGCACACCGCTCGATGGTTGGGGTAAGATATTGAAACGCAGCTTCGATATTTTTGGCGCGGTGATAGGTCTCATCATTCTTATTCCAGTCGGCGCAATAGTCGCCTTAGCTATCTCCATAGACAATCCAGGTCCGATCTTTGTTCGACTTGAGCGGATAGGTAAAGCAAATAAACGATTCCATCTTTATAAGTTTCGTTCCATGGTGCCAAATGCGCATGCTATGAAGCCACAACTCATGCAAATGAATGAGCGAAATGATGGACCCCTCTTTAAAATGAAAAACGATCCACGCATTACGCGAGTTGGTCGCTTCCTCCGGGTTTCCAGTATTGATGAGCTACCGCAGCTATGGAACGTGTTAAAAGGTGAAATGAGTTTAGTGGGCCCTCGTCCACATGAGCCAGAAGAGGTGGCAAAGTATTCGCGCAACGATCGCAGCCTGCTGACTGTGAAGCCGGGGATTACCGGCCTGGCACAGATTTCCGGTCGTTCTACACTTAGCTTTGAGGAAGAGGTGCGCTTGGATCTCTATTACATTGAGCATTGGTCGCTTCGTCTAGATCTGCATATACTCGTAAAAACACCCGCAGTCGTGTTGTCGACTCGTTCCGCCGCATGAAAAAACCACGCATCGCTTTAGTTCATGAGCACTTAGCCCAGGACGGGGGAGCAGAAAAAGTGCTGAAAGTGTTTCAGGAAATGTTTCCTGAGGCGCCTACCTATACCTTGGTATTTGATAAACGCAAAACGAATCGGGCCTTTTTAGGAAAGGATATTCGCACGTCTTTTATTCAAAAGTTGCCTTTCGGGGTACGTCATTAT
CP060223.1_gap3	347651	349459	1808	ACAGGATCTACAGATCATTCCGGTTATGAACAAAATTGATCTGCCGAATGCTGATGTGCCGCGGGTGAGGCAGGAATTAGCCCAACTCATCGGTGTGGACCCCGAGTCAATTTTAGCTGTTTCTGCCAAGACGGGGGAAGGTGTCGAAGCAGTACTTGAGCGAATTATTGCTGAAGTGCCAGCACCCAAAGGTACGCTTGATGCACCAACCCAGGCGCTTATTTTTGACTCCTACTTTGATGACTATCGAGGAGTGATTAGCTCGGTGCGAGTGGTCAACGGCGCAATTCGCAGCAATGAGGATATCCGTTTTCTTGCTACCAAAACGCAAACCAAAGCGCTCGAGGTTGGTCACTTTGGCATGGAGTTTCAACCAAAGCCTGAAATAAAAGCCGGCGAGATTGGATATATCGTGACCGGACTGCGTGACATTGAAAAGGCAAAAGTGGGTGATACGATAAGCACCACGAAAAGCGTTGCCACAGCACTGCCGGGATATCAGGCAATGAAGCCAATGGTTTTTGCCGCACTCTATTGCCAATCGGGCGATGAGTTTGAGCGATTGCGCGAAGGAATTGAAAAGTTAAAATTGAACGACGCTGCCTTAGACTACATTCCTGAGCATTCGCCAGCACTAGGTTTTGGTTTTCGCTGTGGTTTCTTAGGCATGCTGCATATGGAAGTGGTAGAGCAGCGTCTGAAGCGAGAATTTGGTATCAGTGTTATTGTGAGCGCCCCATCAGTGGCCTATCGAATCACTACAACAAACAAAGAAACAAAGGATTATGCAAATCCGATGGATTGGCCGGAAGCGAATCACATAGTGAAAGTTGAGGAGCCGTGGATGAGTGTAACCGTCGTCAGTCCAAACGACTGGATAGGCCCGGTCATGCAGGCAGTGACTGATCGGCGCGGGGTGTACAAGACTACCGAGTATCTCGAAGGAGGTCGCTTAGTGTTGCATTATGAAGTGCCTTTATCCTCGTTGATCAGCGATTTTCATGATACACTGAAGAGCGTATCGCAGGGTTATGCTTCTTTAAATTACGATTATTTAGGCTTCCGAGAGGCAGACGTGACTCGATTGGATATCCACGTTGCCGAAGAGATGGTTGATGCGCTCACCATGATTGTGAATAGCGATGAGGCGTATCGAGAAGGTCGACGCGTGGTTGATACCCTCAAGGACATCCTTCCTCGTCAACAGTTTGAACTCAAAATCCAAGCCTTGATTGGCGGTAAGGTGATTGCCTCCAGCCGAATCGCTCCATTGCGCAAAGATGTCACGGCAAAACTCTATGGAGGCGATGTCACTCGTAAGCGTAAACTCTTGGAAAAGCAGAAAAAGGGAAAGAAGCGCATGAAAACCATGGGGCGCGTTTCTATCCCGGCTGATGCTTATATTAAACTGTTGCGGCGTTAATTCCCTTATCTAGCTGAAAAACGGTGATATCGTAAAGAGTATCATTGCTGCCAGCATGATGATGGAAACAACCAGCCAAATCTTGTGTGCGGTTTTCTTACGTGCCATATGCTCGATTCGTATATTAGCAAAAATTTAAAAGATGGAGAAACGGTCTTGCGGATAGTGAAGCAATTTCCCTTTATGGTGGCATTTCGACTTTCTCTGCTGGGCATTGTGCTGCTGCTCGATTTCTTCTTTTTAACCTTTTTTATACAAAGAGGCACCTGGGGCTTTCTTCTCTTTTGCTTGGTGCTTTTAGCGGTGATTTTTTTCTCATGGCGTCAATGGTACATGTGGTCAATGAATGTTCTGCTCATTACCAACCAGAGGATTGTTGATATTG
CP060223.1_gap4	385178	387995	2817	ACGTGGAAGTCAAAAGGTGCTACGGACAAGGGCCAGCGAATACCTTTTTCATCATTGTGTACTTCAACAATGGTCCCAATTAAACGCGAAACGCCAATACCATAGGAAGCCATGATAATAGGCATCTTTTTACCTTCCTCATTCACGAAATGAGCTCCGATGCCATCGCTGTATTTTGTGCCAAGCTTGAAAATATTACCTACCTCAATAGCTCGGCTAATCTGGATGCGATCCTCTGGATTATTTGGACAAGGATTACCCTCTTTTACCTTTGCGATTTCTTTATTTTGCGCAAAAGTACAATTAGGGCAGTAAAATATATGATCTTCACCTGCTTCGGTGAGCACCTGGAACTCGTGTGAGTATTCTTTAGTAAAGTCACCGCCGGATGCTTCAACAATTTTTGCATCCAGGCCACATCGGGTAAACACATTGAGATAAGCAGTTTTCACTCTCTCATAGTATGCATTCATATCATCTTCACTGGTATGCAAGCTATAGAGATCCTTCATGCTAAATTCCCTGCCACGATTCAAACCAGACTTTGGTCGAGCTTCGTGACGAAACTTTGTTTGAATCTGATACAGCGCAACAGGTAAATCCTTATATGATTTTACAAATTGCCGAGCGAGTTCAGCAATGACTTCCTCGTGTGTTACACCTAGGCCTACGTGCTTTTCAGAATGATCGAGGAACTGATACATGACAGGTTTCAGTCCTTCCCATCGACCAGTTTTATCCCACAGCTCTTTTGGTTGAAGGGCCGGCATGAGCACTTCTTGTCCATCAACCGCATTCATCTCTTCTCGGATGATGGTTTCAATCTTCCGAAGCACACGCAAACCAAGCGGAAGATAGCTATATGCTCCAGCCATGTGCTTGCGAATAAAAGCTCCCTGCTCTAGCAAGCGGGCATTAATACTTTCCTCGCCTCTTGGCGCTTCACGTAATGTGGTGCCAAAGAGTTGAGACTGTCGAACAAGGTTAGGAACCGAAGCTTTGGAAGAAATCACGGACGCGATCTCCGATGTTAAAACGATTAATGTCTTGAATGCTAATAACTAGAATAAAAAGAATGAGGGCATAAAAACCTATCGTATGCACTAGACCCTCAACTTTTGGACTGACTGCTTTGCCACGCACTTTTTCGAGAAGAACAAAGAAAACTCTTCCACCGTCTAAAGCTGGAATTGGAAGAATATTCATCACTGCTAAGCTAAGCGATAGCACCGCAGTGAACTGAAGGACATAGACGAAACCAAGTTTAGCTACCTGCCCAGTCACAACAGCGATACCAATCGGGCCTGCCACGTCAGGTGAAACCATTCCCTGAGTAAATAGGAGCTTAAAGAGCTCAAAAAGCGATACGATAATTAGCCAGAGCAGCTGTAGCGTATACCAAGGACCCAACCAAAGTGCTTGATACCATGGGTAGCGTACGAGACCGGTTTCGGCGGCCGCTACACCAATCTTCGGCGTCGTATCACCCTCGGCGATCTCAGGAGTTACCGTGAGTGTTTTACTTTCATTTTCATGCGAATACTGCAGTTCGAGCGCTTCAATAGGTTCTTGTGAGGTGGCGGCCTGGAGATCGCTCACCGTGCGTATTTCCTGACCGTTAATTTTTTCAATAACGTCATTCACAGCTAAGCCAGCTTTTTCGGCTGGTGATCCTTCGACTACCGTCACAATCTGTAGCTTATGATCAGAAACCTGACCACCTGATGCGAGCTGGTCTTGATCTAAAGCGGATGGAATACCAATCCCAAAGGCTATACTGAGTAATACCGCCGCAGTAATTACGTTCATGAGTACGCCCGCCGAGAGGATGACGACGCGTTTCCAAGGTGCTTGGGCTACGAAGCTATCAGGATCGACATTTTCGCCAGACTCCCCTTTTAAGCGTACGAAGCCACCAAATGGTATCCAGTTAATCGAATAAATAGTATCGCCACGTCGGATTCCGGCAATGCGAGGCGGGAAACCAAAACCAAATTCCTCAACCTTTACACCTAGTTTACGAGCAGCGCTGAAGTGTCCAAATTCATGAACAAAGACGACTACACTAAATACGACGATAAATACGATGAGGGTAAGTAACATAGCTTATACAGTCATTATTTCTTCTTCTTTTGCTTTGGCTAAGTCGCGTAATTGCGTGTGAAATTTTTGCAGTGATTCTTGCAGCTCTTTTTCCTGCCGTTCAACAATGTCTTCTGAGAGTGAACCCTCTTTTCCTTGATCACGCCAAGTTCGCAATACTTCTTCGCGGGTTTTTTTCATTGCCACCTTTGCCTCTTCTTCAAACTGCACCACAACTTTCAACAGCTCTTTACGACGCTCTTCAGTTAATTCAGGTAATGGTAAGCGAATAGTTGTGCCATCGAGGCTAGGTTGTAGCCCAAGCGGTGAAGCCTTAATGGCCTTTTCAATTTCCTGGACCATTGAAGCATCCCAGGGTTGGATGACTATTAAACGAGGCTCAGGCGCGGAAATATTTGCCAATTGCTGCAGAGGCATATTTGAACCGTAAGCTTCAACTTTTAGATTTTCCACTAGGGCCGGATTTGCTCGGCCGGTTCGCAATGTTGCTAATTGCGATTTATAGAAATCAAGTGCTTTTTGAAATTTTTCTGTATAGGTGTCGGACATATTATTTCTCTACAAAAAGTGTACCAATAAAGTGTTGATCTGGACGTTGAGGATGAATCGCATATACCGTGACAAGTCGACTGGTGGGAATAGTAACTACTTCCCAAGTAGCTCCGGCGTCTTTGCTGATATGCAATTTATTTTCTGTTGTGAAGAAAATATTAT
CP060223.1_gap5	389821	393054	3233	GGCGTTTTTTTGCGCCCGCTTAGGAGTTTTTTTCTTCATCAAAGCGAATCGACTCTACCATATCAGGGGCTTTTTCGCAAGCTACATTTGCTCAATTAGGTCTCGTATTTGTTGACCTGTTTTTTGCCAGCTAAAGCCTTTTACTTGTTGGAACCCCTTTTCACGCAATTGTTCGCGCAGCTCGCTTGAACCATTCACATCCTTTAGTGCCTGGGCGATGCTCTCTGGTGTATCATCTCTCAAATAGTAAGCTGCATTGCCAGCCACTTCAGGCAAAGACGCAAATTTTGAGCATATCACTGGCACGCCGAGCGCCATGGCCTCTAAAACCGGTAATCCAAAGCCTTCGTATTTACTTGGGAAAAGGAGCATGCGGGCTCCAGCCATAATTTGCGGAACTTCCTCGTGTACTCGCTCAAGTAAAAAGATTTGTTTCCGCGTTTCTTCATCAAGTGCAGCCCAGGCTTCGTCAAAGCCCGTACCCGGCTTGCCAATCAAGACAAGATGCTGATCTTTGTTTTCTTTTTGAAATTGTGCAAAACCGCGCAAAAGTCCATCTATGTTTTTTTTCTTTTCCCAACGCCCAATAAAAAATACATATGATTCAGGAAGCGCATATGTGTGACGCGTTTGCGCAATCTCTTCTTCTGAATAAGTCTTTGCGTAATCAGGGTGTAAGCCATTATGAATAACCCGAATGCGCTCTTTAGGAAAAGGAAAAAAGTGGCAAATTTCATCGCGGGAGAAATTCGAAACGGTCAGGATCTCGCCTCCATGTTGTAACGCCATGCGGACACTAAAGCGGTGATAATCTAGCTCGTTGTTTCCGTAGCGTCCTAGTGAGAAAAGTCGCACAAAAAAACTAAAGAGGTAGCGCAATACTCCTCTTTTTGGCCCAATGGGATGCTGCGCATAAAGTTCTGGAAAGCGTTCAAATCCCACGTCATGAATAGTCGTGATAAGTTTTTTGGGATGGATAAACGGAATTGTATGAGCAGGTACAAAAAGTATCTCAGGTTTATTCCAAAACATTTCCCAAGATAGCCGGAAGAGATTCCAAAGAAATTTTGGCGGCCATTTTAGCACTCGTATCTCAGCTTTTTCAGCCAGATAGTGCATATCAGCAACTAGGGGCTCCTTCACATACAGTACGTAGCTATTTTTTGTATCTTGCTCAAGTAACTCCTTGATAACAAAAAACGAGTACCATTCTGTGCCGGTACGGTGGAGCGTATTGGCGCGAGATGCATCAATACCGATTCGCATTTACTTTGTCATTAAAATGCTGCGCTTGTAGGATTCGAGGTTTTCTAGAGCAACTCCGGTGCCGCGAGCAACACAGAGACGGGTATCATCAGCCACATAGGCTGGCACACCGGTAGCTTGAGACATGAGTCGATCAATGTTGCGTAGCTGTGAGGATCCGCCACTAAGTACCATGCCTTTATCAATGACGTCGGCAGAGAGCTCAGGAGGAGTTTCCTGGAGCACTGATTTGACTGCTTGGATAATCCCAGCCAGCTCATCTTGAATTGCCTCAGTCACATCGTCAGACAGCACGGTAATGGTTTTTGGTAGACCGCTAATAATATCGCGTCCGCGAACTTCTAGAGCCAATTTCTCATCCATTGGTAAAGCAGACCCGATCATTATTTTGACTTGCTCGGCTGTTTGCTCGCCAATTGCTAGGCCATATTTTTTGCGTATGTATTCCTGAATTGCGGCATCTAATTTGTTTCCTCCAATGCGCACTGAGGTATTTGCCACAATACCACCCAGGGAAATGACAGCAATTTCTGAGGTACCACCGCCAATATCGATAATCATGTGCCCAGAGGCAGATCCGATCGGGATATTTGCACCAATAGCCGCTGCAATAGGCTCTTTGATAATATACGCGGCCTTTGCTCCAGCGGCTAAGGTTGCGTCGACCACAGCTCTTCGTTCAGTTGAGGTAATGCCGGCCGGTACAGCAATCATAACTTCAGGGCGGAAAAAGCGGACACCGCCAGAAGCTTTATTAATAAAATACCGCAGCATTGCTTCAGTCGTGCGATAGTCGGCAATTACTCCATCGCGAAGTGGTCGATATGCCACAATAGTGTCAGGGGTTCTTCCTAACATTTCCTTTGCTTCATCACCCACTGCGAGCACCTTCTTGTCCATCAATGAGACTGCCACCACAGACGGTTCATTAATCACAATACCACGCCCGGGCACATGGACGAGCGTTGACGTGGTACCAAGATCAATCCCCAATCGTTTCAAGAAAAAAGCCATGCTATTTCTCCAGGATGAAGGTCAGGTCGTGTGATAATGGACCGCTTAAATATACGCCATCGTTTTCACTTTGCAGATACTCGAGTGGTGTAATGGTGTGCGACTTATATCCAGGGTGGATACGTATTTCTAAGCTATGTGGCTCTGTGCCTGGCTGCTTCTGCACATCAAGCTGATAGTCACCCTTCTTTAGAGTATCTGTAATAGCTTTTGGTAGACGATATTGGATGTGTAAGTCCCCTTCTTCAAGTGGCTCAATCGAAGTGAAGCCTTGAATAACTGTTTTGCCTAAGTCTTCGTCAAGAGTGGGTTCAGTTGCTTTACCATTCTGAATTTTATCGTTGGTCAGGAAACCCTCTGCACTAATGAGCTCACTGCCAAGCGGGACGTAGATGCGAGTGTAGGTTCTATAGCGGGTAGACTTCCAGGTAATTGTCCCCTCGTTGCGGTAGTGCACGTTAAGCGTAGCAATAGCCTCACCATCAACCATTTCAACTGAGTAGCTAATAGTTCTCTTTACTCCCGGGTCACTCTTAAGCGAAGCCATGTTTGCATCAACAACATACAGGTAGTCATCTTCTGTTTCCTTTACTTCTCCACCCCAGTTTTCGTCCTGAATAATCGCCTGCAGTTCAGGATCCTTGAGATAGAGCAGAATTTGCTTTTCCTCAACATTTTCTAGGAAGGTTGACCAAAGTCTATTCCAATCCGATTGAGGGAGCGCTAAAAGACGATCCATGAGGATTTGTGACATCTCGCCGATGATTTCTTTACGTGCTAATTCGTCTATACCTTGTTGATAATATCCCTGTTCAACTTGGTACTGTAATGTGTCAACGAAGTTGTCACGTGTAAATTCGATATTTTGAACAGTTATACTGCCGGTTAGTTCGATCAATGACTCAATAAAACTTGGAGTAACCGCGATTACTCCATCAAAGGATTTTACTGGA
CP060223.1_gap6	512582	516934	4352	TTCAGCTTGGTAACCCGCTTCGCGAACCGCTTGAATAAGCTGGTCAGCCTTTACCTCATCACCGTGCGTAACCTCGGTGCGTGCTTTCGCATAATTAGTTTTTGAAGAATCAACACCAGGCAAATCCTCAATACTATCATCAATGGTCATGCTACATGAAGTACAATGCATACCACTAATTTTTAGAAGGGTCTTTTGCCTATCGCTTTGTTTTTTACGTTGAAAAAACATAATTGGATATTGTGAATTAAATAACTTCCATCACGCCTGTATACATACCCATAGAACATGAATATGTATATCGGCCCGGTTGCGTTGGAGTAAATTGAAAACTTTGTCGGTCAGTGGGACGCAAAAAAGTGTCAATACCAAATTGTCGAAAAGTAAAAGCAACCGCACAAGAATATACGTCATTACTCTGCAATATCAACTCCACTGGCTTATTCTTTTCAACCGCAAAATATCGGGGCGAGTACCCTTGACCCAACACGTTAATGGTTACTCGCTGCACACCGTTAGTAAGTACCACTTCATCACTAACAGCCTTTGGTGTGCTTGTGTTCTGAAATTTTGCAATAATTTTTTCATACGTAATTGGTGCATCATACACATTAAGGATCCCGTTGAAGCTGATAAGCGACAAGACAATCAAAATAGCAGCGGCAGTTTTTTGAAACCATCCATGCATCGTATCTGAGAGCTTCGCGGTCATGACGCCAAGTAAGGTAAAAATTGGTGAAGTACCAAGCACAAAGAAAAACATAATAAGGGCTCCAGCTATAGGACTGCCACTAGTAACTGCCACCACTTCCATTGCCTGAGTAACGCCGCAAGGGATAAAGACGGTCAAGACCCCTAATACTGCGGGGGCAAATAAAGTATCGCTCTTACTTGATTTCTTCACAAAGCGCTGCAGCCAACGCGGTGGCTGAAATGCTAAGAAGCGAAAGATTGGATGCACGTTTAATAAGTTCATTGCTGTAGCAAACATAAACAACGCTGCAGCAAGTTGAAAAGCGATACGCACATTTAATCCTATCGCTAACACTGAACCAAGCCAGCCAAGCAAAAAACCAAAGGCGGTGTGTACAATTAATTTCGCTAGTAAAAAAATACCTACTGGCCAAATATCTGTTCCGCGGATTCGTGCATCGCTAGATTTTAGTGATGTTTTTCCGTTTTCAGATCGTTCCTTCTGATTAGCTATCACGCCTGCCAACAACCCCCCTTGGACAGCTAGGCAGGTTAAGCCACCGGTAGTTAAGCCTGCTAAGAAAAAAACCCAATAATTCATATGTGTGATCGAAACGTTTTTAATCGTAAGGCATTAAGCACAACTGAAACACTTGAAAAGGCCATTGCAGCGCCTGCCCAAATTGGATTGATAGTAATTCCCCAAATCGGCGCTAATGCTCCCATGGCAACGGGTATGAGAAGAACATTATAACCAAAAGCCCAAGCAAGATTTTGCCAAATATTCTTCATAGTTGCTCGAGAAAGCGCAAGAGTCACTGGAATTAACCGTAAGTCTGGACGAAGTAACACAACTCCAGCGGTCGCAATAGCAACATCAGTTCCCTGCCCCATTGCAATACTTAGATCCGCCGCTGCCAAGGCAGGCGCGTCGTTAATTCCATCCCCAATCATTGCGACGCCTTTTTTCTGCTGCTGCAGCTCTTTTATTCGCTGCTCTTTTTCTTGTGGAAGCACCTGTCCGATAACTTGCGAAAGTTTAAGCTCACGCTGCACGTGCTGCGCTGCTTCTCTAGTATCACCAGTGAGCATTATGGTCTGTATGCCCTGATGATTTAAGGCGGCAATTACGCTGGCGGATTCCTCACGTATCGTATCAGCAATACTAAAGGAGACGAGGGCTTCATGATTGTCGGCCACATATACACGAGACATATTCACTGGCATGAATTGAGCCTGGTCTGCATCGATTTGGATATTCTCTTGAGCCAACAGTGAGGCACTACCAATATTCATTTGACCGATAGTATCCTTAGCCCGAACTCCTTTTCCGGGCACATCAATTATTTCAGGCGCTGTTTCTGCGCTAGGTATTCCTTTGTCATTGATATACTGCGCAATAGCTTTTGCTAAAGGATGATTTGAGCGTTCTTCAATTGTCCGGACACGGCCAAGTAACTCTTGCTGCTCCTGGACGGAAAAAGTACGCATCATTTGTATATCTTGTACACGGGGCTTGCCTTCCGTTAAGGTGCCAGTTTTATCAAACACAATGGTCTGCACACGTCTCCCCAATTCAAGCGCTTCAGCATTTTTTATAAGTATCCCAAGCTCTGAACCCTTACCAATGCCGACCATAATTGAAGTGGGAGTGGCTAAGCCGAGCGCGCAGGGACAAGCAATAATAAGCACACTCACCATGCTTACAAGTGCGTGTGCCCAAACTGGATCTGGTCCAAAAAATAACCAAAGTCCAAAAGTGAGCAATGAAAGAGCGATAACAATTGGCACGAAATATGCTGAGATCTTGTCAGCTAAATTCTGTACCGGGGGTCGAGATCCTTGCGCTTCTTCAACTAAGCGTACGATTTGTGCCAGCATAGTTTCATCACCCACTCGTCTTGCTTCCATCTCAAAAGCACCGCTAGTATTCATAGTTGCGCCAATTACCTGGTCTCCTGCCTTTTTCTCTACTGGCAAGCCTTCCCCAGTCACCATGCTTTCGTCTACCGCAGAGGATCCAGACACAATATTCCCATCAACAGGAACTTTTTCACCTGGCTTCACTAAAATACGGTCTCCTACACGCACGTCAGTAAGGGGAAGATCCTGCCAAGTTTTTTTTTGAAATACATGCGCTATTTTTGCCTCTAGCTTCAACAAACGCTTCATTGCTGTAGCTGCCTGACCTTTTGCTCGCAACTCGAGAAATTTACCCAGTAACACTAATGTAATTACCGTAGCTGAAGTTTCAAAGTACGCTAGCTGACTAATACCTAATGCCGCTAATTGATTTTCGTAAACTATTGAGAATGCTGAGGAGGCATAGGCTACGCTAGTTCCTAAGGCGATAAGCGTATCCATATTGGCCGTGCGATTTTTCAGCGCAGACCAAGCGCTCAGGTAATAGTTTTTTCCAGCCCAAAACTGTACCGGGGTGGCAAGTATCCACATCAACCATGACTGACGCAGCCAATCAGGCGCTCCTGGCACCATCGCGCCAATAAGCAATAGTACAGTGAGTGGGAAAGAAACAAACAATCTCTGTCTCAACTGACGCAACTCTTCGACTCGTTCCTTTTCCGTAAGATCGCCGTGATCATGTACGCCTATGTGCGCTTTATAACCCAACTTTGCAACGGTTTGCCCTATTTCATACTCTGGAGTTGCATGAGGGTCGAAGCTAACTGCTGCTTGATGATTTCCATAATTTACCGTTGCCTCTTTTACACCTGGAAGTTTCTTTAGACGACGTTGGATATTTGCCGCACAGCTTGCGCAATGCATGCCAGACACATGAAAATTGATCTGTTGGACATTATTTGGCATATTTTCCTGGATTTTTTTGAAAAGCCTTTTTACATCCACTCGCGCAAAAATAATATTTCTTCCCCTGATATTGCATGGCCGCGCCGGCCGTACTCGGAGAGACACGCATGTGACATACAGGGTCATGCACGATTGGCATAAGATCCTTCATTGTCCTACTGAATTCATCAGGTTTTTTATCGCCCTGTTGAACAACAATAATGTCGCGAATAAGTTGACTCGCCTTAGCAAAATTCGGATGAGCTAAATGGTATCGAAGACGCTTTCCCAGCCGATGATAACTTACCGCTCCAGCATCACGAAGTATTTTAAGATGCTGACTGAGATTTGCTTGTGGCAAACCAAGCATGTCTTGCATTTCCTCAACCGTTGCTGGGCCTTCTTTTAGTAAATGTAAAACCTCCAAACGGCGCGGATGTGCAAGCGCTTTTAAAAGCTTGGCGTGGAGTTTAAAAACTTGTTCATACATATTCGCTATTTCGAATATATATACTTCAGAAAAAACTGTCAAGAAATCCCCTATCGAATGTAGACGACCGCGCCTGTGCTAAAGGTGTTTATATCTTTACACGCCTGACCTGGAAAAACCTCAGCCCGTAATTTACGACTCTCCAGCATCTCTACCATAAAACATCCAGCTGAACTTGTTCCTGAACGCAGCTCCAGAGTGCTGCTCAAACTTGATCTATCCCAAACTTGGCCATCAGCGTAATAGACTTGCTCGTAAAGGTCATAGGCTACCCGGCCGTTTTCTGGACTAATATCAACTGGCTTAGCAGCGTCGTGAGCAATAGTGAACTGTGAAGCGCCATCTGGCCAGTTACCTATTG
CP060223.1_gap7	524692	528223	3531	GAATGGTCAATGTCACAATGCCAGTGGAAAAAGCTCGATTCTGCAATATCACTGGATTCATAAGGGGCACTAAACCATCTGCACGTTGTGAACGATGTAAGCGTCGCTGCCAAAAACCAAAAAAGATGAGTATGAGCACGCCAAGGGCTACTGCTATTGGGGTAATGGAAAGGTCAAAAGGATGTATAGCAATATCGCCCATAGAATAAATCTCTTTTGCCTTCCACCAACCGTACTGACTTGCTTCCAAGAGGCCAAACACCACCGAACCAAGACCAAACGCTGACAGGATGGCGCCTAAATAATCAAGCTTCTCGCGTGAAGCATCATGCGTGCGTGGATCACGAATATAGCGAGCCAGAGCGAGAATAACTATGACAATAATCACCTCAGTAGCAAAAGCCCAGCGCCAGCTAAAATGCGTAGTCATATAACCGCCGAATAGTGGTCCAAGTGCTGCAGTCGCGCCAGCGGTGCCGCCCCAGATGCCGAAGGCAATGCGCAAATCCCTGCCGCGGTAATTCGCCAAAATAAGCGAAACAGTAGCTGGCATCATCAATGCCGCTCCAATGCCCTCAATAATTGACCAGCCTAATATCAACACATTTACGTTCGGACTGAGTGCGGCAGTGATAGTGCCGGTCGCATACACCACTACGCCGATAAGGAAAAGCTTTTTGCGGCCATACATATCACCTATTCTGCCACCAGTGAGCATAAAGGCTGCCATAACAAGAGAATAGATGGTGATGGCCCACTGCACATTTCGCAAGCTTGTACCGAGATCATGCACAACGTTTCGAATAGAAACATTAAGCATGGTGGTATCAAAGATGATAATCACCAAAGCAAGGCTAAGTACAACTACTAGGCCCCACTTCTGGAACCAAGCGCGAATAGGATGTGAAGTATTTGTTTCCATAATTGCAAAAAAATGAATGGCCGTACTCACCCGGAGCACTCCCGGATAATAACGTAACGTCAAGTATACTCGCCGCTCAATAACTTGTCGAGACTACGGCATCATATCTTCCGAGCGTCATAGGCCCAGTGTAGCAGCGCCTGACGTTGCCGACGGCGACAAGCCATATCACGAGGCGCGCAATACTTCTTGATTTGACCAACGTGACGACGAATAGCTTTCCAGCGCTTTATTTGACGCTCATCCTCCCTGGGAATACGACGGCCTGAATAATAGCGACAGTACCATTGAAACCAACCTCGTGGATCCTCTGGATAAATCCAGCCTTTGCGCTGCCACTCTGCTAAAGATTGACTAGCGTCGACAGCAAAGAAATTGAGGTGGGGATTATGGGTGGAGGATAATCGTGCGCCGCGAAACCATGAAGCGGGAAATTCTTTTTGACAATCATTGAGGTACTTACCCCCAAAAACACCTAGTCGCAGCATCTGCGCAGGACTTAATTCAGGCGTAAACTCTGGAGCAAAGTTTCGGCCAGGCGCTTCTGTCCGGTAGTATGTGTAGGCCTGCTGAAAGCTATCGTTTACTTTAACTTTTTTCTTCATAATCCCCTGTTGAAGCTTGCCGCACCCAGCGCTGCTCAATATAGAGCACTCGCCACCACCATCGCCCTAAGAAATACCCACCAATCGCTCCAAGTAGTAACAAGCCAATTTGAATGTATGGTGGAAGCGCACATCCCCAGGTCCAATGTATAACCTGTCCATTTTTCTCAGCCCAGCTTAAATACCACTGCTCAATTCCTAAATGTAACAGCAAACTTAACAGCACGCCGAACACAGTAGCGCTAATGAGATAAAGTGCATGTTTGAACGGGGTTGCTTTAAGTGGTCCGCGATGAAACATATTTAGAAAAGATTTAACCAACCAAAGAGGTCTTGCACTGATCCTAGGATTACCTGCACAACTGTTTGTTCTTGCTGTGGAGTAAGAATAGTCAGAGGCTCAGACACCGAGGTCTGTCCACTGGAATCCGTGCTCTCCACCTTGAACTGATACACCGAACCTGGCTCAAAACTTGTCAAAACGACAACGTGCCGTTTCGTATAGTTTGTATCAAGTGGCGTGGCTTCGGTAATTGCTTCATCAGCACTGGCAACACCCTGTCGATAGTACACTCGACTAGTGGCTGGCTCATTTGTTAGCCAGCTGATGATGGTTTGGACTTTAGTATCACGGCCCGGGGAAAGGGCTGAGTCAGTTTGAATCTGCGAGATAAGCGGAGGCGCATTCTCATCGCCGGTCACAAAGGAGTCAAGCGTCTTGGAAACCGTATTGCCATCTGCATCAACACTTACCAACTCAATTGCGTAAGTCACTCCAGACTCAAAACTATCTACAGTCACCTGATGAATAATGGTTTGCGTATCATCTCGAACACTGCTTAACTCATCGACCGCTTTGATGTTATTGCGATAAGGTATCACCCGTACAGTGGCATCTGCATCACGAGTGGTGGTCCAGCGGAATACCGCTTCCTCGCTTGATATTTTTTCGACGGCATAATTTTGAATATCAAAAACCTGCGGATCAGTAGTGAAACTAAAGTCTGCACTTTGCGTTGTCTGGCTAATCTTTGTTCGACTACGCACTTGGTAATGATAGGTTGTATCAGGCTGTAAGTTGTAAACCGTAACTGAATGGGTCGTGCTATAGGTTTCCGCATCACCCACCACCTGAGTATACTGTTGTGCCAGAGCAAAGTCAGCATCTGAAGCGTAAGCTACCAGGGCATTAGAGTCTTTATCAGTTCTCCATTGGATAGTGACTGAAGTTGGACCAACATCCACGCGAGGCTCTCCACTAATAAGCGGAGTAGGAATTATTTTTGATAACTCCTCGATGAGTTGATACTGCTCTTCTAAACTTAGCTCTAAAATATCAATGCTAACATTGCCATAGAGATCATTCAGTAGATCAAGATTTTCTTCAAGGATATTCTTAATCTCATCAGGATTGTTTCTATCGATTGGTGCAGTGCCAGACGTAGTGAATGTTTTATCGCCGGTAATCGACGTGTTGCCGCTTGCATCAACGGAAATAACTCGATAATGATAAGTAGACCCACTGTTTAATTGTTGCAGAGTAAGGCTATGACTGGTGGCATAAGTCCAGTCACCATAAATAGTTCCGTAAACTGTGGTAAGGCCAAATTGAATAAAGCTATTCGCTTCCTCACTTGTAGTCCAACGCACAGTGGCAGCGCTATCGCTAATGTTTACCACCTCGATGCCGGTTATGCTTGGATTTGTCTCATCCTTACTACCATCAATAGCATCTTGTTCACGTTGCTCTACATCTGATTCCTCAGACAGCATTTCTAAAGTGCTAAAGGATTTTTCTGTACTCGTTGTGCTATTACCTGAAGCATCAACTGACGAAACAGTGTAATAGTATGTCGTCTTAGGGCTGAGATTACTTAAGGTAACTAAATGGGTTAGGTTGAGACTTTCGTCTAAGCTCGTTGTAACCGTATAATTTCCCGAGCTTGTCCCATAACGCAATTGAGATGTTGCTCGCTCGTTACTTAGCCAGGTAACTACTGCTCG
CP060223.1_gap8	532875	533545	670	CCTGGAAGTGGATCTGGCCGGAAAAGCTCTTCAAACGCGCAGTTTCTGTTACCTCTGGTAAATCCTCTAGATTCTTTAAGGATGCGTCATCCAACACAACCAAGCCGGAATCTCCAGGGGCAACATCTAAGCTTAACAATGCATCGGCGGTGGTAATTTGGCTTAAAATAACTCTTTGTAAACCATAGCCTAGCGATACGAGGAAGAGCACTGCGCCAATACCGATACCCACGCCTAAGATCGTTAAAAAGGTCCGCATTGGACGGGTAGTAAACATACGCGTCGAAAGTGAAAGGAGATCCGGAATACGCATACTTACTCGACCTGATACTTACCTAACATAATTAGTTCTAGACGGCGAGCTAATTTACGAGCTGTTTGTCTGTTATATCCTAAGCCGCCCTCATCCCACGGTAAATCAAATTGACGAAAAGCTTCTTTTTGATCAATAACACCCTGTAAACGATTTTGAAGTACTGTATTGAAACGACGCAGTTCATCCGCGCTCCTCATATGAATAGCAAACACATCGAGGAGATAATGTCGAATTGTGTGCACTCGTTCTTCTTCGCTTGTAGCTTGCGCTTCGCCCTCTCTTTGCTGAAGTAGTTTAATTTCCTCGACAAGCTGGGCGATCTTTTCAGTCATCTTTTCTGCGGTGCGATGATCC
CP060223.1_gap9	541839	545697	3858	AACATATACGCACCATAACGCTCATGCACTCGATCAATCACTGCTTCAACAGCATCGTGATTTACCTCGGGCCAAATCTTGAGCTGACCGCTCCTTGGGCGTAAGCGAAAAGTGCCTATGCCTAAAAAAGTAAGGAAGCGTCCATGAACTTCTGGTGCTAACATATCCCAGGCCAATTGAAAAAGCTTTCGCCCTTCGCGTAGCCCATCACCTAACTTACGCTGTCCACCGTGTGAAGCGCCTTCAGCCATACGGGTATATTCACTTGGCACACTGCGAGCCATTGCCCAGATGCCATGGGCTTCTAAGTTCTTCTGGCGCAATTCCCGAGCAGTCTTTTCGCAAAGCTTCATCAACACCGCTCGGTGAAAAGTGTGATCGCGCGTACGTTCACGCAAGACATGCGTATGTCCAATTGACTTCGGGTCTCGCTCCTCCTGCACACCGCCTAATTCAATCCCTTGCACATTTGCCCAGAGCTCATAGCCACGCACTCCGAGAGCCTCCATTAGATTAGTAACTGGATAGCGATAAAGATCCTCGAGAGTAAAAATACCTAAAGCATGCAGGCGACGTTCATAGCCCTTATTAATCCCCCAAGCCTCAGTCACTGGTCGGCCGGCCAAGTAGCTTGGCACCTGGCGCCGCTCAAGCACAACCGTCCCACCCTTTGGCGCAATATCAGAGGCGAACTTAGCTAACCAGCGAGTTGGTGCTACCCCAATGGAACACCGCAGCCACTCGCCCACCTCGCGAAAAATACGCTGACGAAAAGCCTCACCTATCTTCGCCACTTCATCAAGTGAATGGGCGTCACCAGTGAAATCAACAAAAGCCTCGTCAATTGAGTAAGGCTCGATATCCTCAGAGTACTCAGCCATGATACGAAAAATTGCTTCAGTGGTGGAATGATACTTTGGTGGATCAACCTCTACCACCTTCAGGGCAGGATAAATGTGCAAACCATCCTTCACCCGCATACCAGTCACAATGCCTAACGCTTTTGCTTCTCGTGAAGTGGCAATCATGCAGCCTCCCGGCGCCATGGTGGCGGCAATGCCGACCGGCCGACCTCGCAACTTCGGATTCGCCTGCTGCTCGACTGAGGCGAAATACGAGTTCATATCGAAATGGAGAATGAGGCGAGAATGAGACATACGATTACTTAACTAGATTGACAAAACAAGCTTATGGGTGGTAAGTAAGAGGACTGTCTGATGCCCCTGAATCGGGTGTCTGTGAGCACTTACTCACATCCGTGGTGGAGACAGTGTTCCTTACACAGGAGGTAAAACCTATGAGTCGCAAGAGTGCTCACCAAACGAGGACTCCATCAGACATCAACGAAGAATCACCCTTTCTCAGAACGCTCTACTATTCCTTGATGAAGTGGAGTACGGTCCCGAGGAAAGAGATCGTGCCCGAACTACAGGACGAAATGAGACTGCGAGCTGAGACAATGGGTCTCAGCGTCACTCTCTCCAGCGGCGTTCAGGGACCGAGCTACACCGACGTCGTGCTTGGGCTTTACGTCCTGCTGACCCGTAGCTACGTCGAGAGGTCTATCCAGAACATCATCTGGGGAGTCCTGGGTCACTGCACAAATCATCAGTTCGCCAAGTTCATCCGTTTGACCAACGCGCGGCACAACCCTAATCCCGAGAGCAGGACAAGGGCGATGAGGGCGCTCTATGAAATCGCTTCATTGGGCCATAGTCGCTGGCTCAATGTTGGGAAGTCCTGGCAACGGGGCGCGAGGTGGCGCATGAACGAGCTGATCAACTCTGGTCGCTTCGAGGCCCCAATCTATTGGTAAGGAAGCTACATAGCCCAGACACTCCGGTGTGCTGGGCTTTTTTCTACTTCACAAACTCCACCTTTTCACACTCACTGCAATACATAGGCTTCATCGCATGCGTCACAAAGGAAGGTAAAGCACGCATAGGCTTAGCGCATTGACTGCAGCGCTTTGTGCCCCGCTCCTGTTTTGTTTCTCGAATCGTACGCGGTGTCATATATTTTCGTTTGCCCTCCATAGACACCATTCCAAGCGTATGGTGTCAAAACAAAGATCAAAAGTGTTGTCCTGGCTTGAAACAGCAAAATGATAATAAAGCTTATTGCCATCTCGGCGCCGATAGGTCAGATTCACCCGCTCCACTCGATAGCGCTTCTTGCCCCAATGAAAAGCAATCGGCGTAACCTGACGGTCGCGAAAGGCTACTAAGACGCCGATGGGATCAGCTTCCTGGGTATATGCTTCGGATTGCATGGCTTTTTCGCTTTTACTTACCTTTCTAGTATAACCGAAGAAAAACCGAAAGTCAACCCCGAGTGCAAACGAGGAGGGTGACTTTCGTCTCGCCCTTGCCTATCCCCCGCCTTTGCTCTAGGCTACACTGCAGACCTTTGCTCTTTACCGTCCTGACCAAAGGAGGCACTATGGTCATCGGAAACGTCGGAGCAGCGCTACTGCACCAACGTCATGGTGTCCGAGTCTTTCTCTATGTTTTGCATGCAACGCGAAAGTGCGTGATCGTGCCACTGCAAACCGAGTCAGCCATCCTCACCACGGCCGAAGTTCCAACGGTCATTAGGAGAGTCCTGGAAGTCGAAACCAGCCTCACGAAGGGTGCGGCTAGCTTCAGTCTACTTCTCCGCTCTCGCCGAAACCCTGATCGTCTGGAAACCTGGGATATCGAAAATCCTGAAGGAGATATCACCTTCAAGCCCGGAGCTACAGCAACGGAAGTCACCAACCGTGTGAGAACAGCGATCATGGCACACCAAGATCGGGAACGCGTGTTTCCCGAGCTCGAACAATCTACCACCGCGGCCTAGTGCTGCGGTGGCTTCTTATGTAAATTTGATAACCTGCCCAGGTTGAAGAGACTTACCTGATTGCGTCTGTGGCTGACTATGTTTCTCTTGTGCCTGAACAGACTTTGACTGCTCAGCTTGCTTCGGAGTATTTTTGGCTGGCTGACTCTTTTCCTGAGGTTGCTTCTTCTTAGGCTTCGCTGTGAATTGCACAGGACCTTTACTCAGCGCCTCGTGTAAGCTAATTTCTTTTGGTGGCTCAGGAGCTACTTCACGCAACTGCTCAGGCTCAGGTGCCGTTTGTGTAAAATTCGGTCGATCGTTTCTTCCCTGCTCTCGCTCATTGCGTGGACGGGAGCTGTTTTGATTACCTTGAGGATTTGGTTGACGATTTCGGTCATTCCCGCCTGATCGTTGTCGAGATCCGCCGCCTTGATTTTGACGCGGTCCACTTCCCCCTCGACGATCATTTCCACCCCTATTACCGCCGCTACGATTTCCGCCACCCTGGGAACCCTGTCCGAGGAAGATTTCATCAACTCCAGTCCATCGGCGGATTTTATCTTCTACAATCTCTCGCTTCTTAGCATAGCGCTCACGTGACACCTCAATCACTTTTTGCCCATTACCGGTTGGACCGCTCACTGGCTCCAGAGTTGTAGCGGAAAAAGGCTCAGAAGCTACTCCATCAATCATTAAGCGGAGATAAATATCGTACTTGGTCAGGTTTACTAAATCAGTCTCAGTGAAGGTGGGATCAAACTCTTTAGCCAAAAACTCTGCATCAGCGGCACCAACACGGAAACACACGATCGATCCGACGTTGCCAAAAACAGCCGCGCGAACTTGCTCATCTAACTGCTCAATATACTGGTGAGCCATGATAAGATTTAAGCGATACTTACGCGCCTCTGACAAAATGTTGGCAAAGCTCTCAGTGGCAAAGTTTTGAAATTCGTCAACATAGAGGAAAAAATCTTTACGATCTTTTTCCGCAATGTCTACGCGACTCATGGCCGCCAACTGAATCTTGGTAAT
CP060223.1_gap10	579919	581156	1237	GGGTGTGGAGAAGTGGTAAAGAGCTCAATCGATCTTGTTGAGCTTCTTGCTGATAAACTATCACAGGAACTTTACTTTTTTGCAGTTTTTCTAACGCCGAAACATGAGCTGAACTAAGCTGACTAGCTGGATCAAGCTTCACGAGAACTCCCGGTGCTTTCATTACCTCGCCGCTCAATCGATCGGTGATTTGCATACCTGGATGCACATCAATCACCACCATGTCTGAGGCAAAGTCAGTGGCAAATTTCACTGCCCGATTACTCTGTTTCCTGATCGGTGGGAATAGTTTCAAGCCGAAATCAACTTTACCGAGCAAAATTCCGGACAAGGAACGGAAATACTGTGCATCGGGCGGTGCCACTGTAGTCAATTCAATCGCGCGATGAATTTGATTACCAAAGACCGCACACACATCACCGAAGGAGTATTCAGCTACATGCAGGGCATTCAAGAGATTATCCTTTTGTCCTAAGCCTCGTGCATGGGCGAACAGCGCCCGTATGTTTGCCGGCACTTTTGGACGCAGCAAATCATGCGGTGAGGCAGTTAATACGACTGGCTTACCTGTGTTTCCCAGTGCTGCGCCCAGGGCGGGTGCGGTATAGTGCAGCGTTTCTACTTCATGGCTAATCACAAAGCCGTCGAACTTGGTATAGTTGTCGCTAATCACCCGACCGATTGACTGCCACAAGGCTGGCGAAACCCCGGACCCTTCGGCGTTTGCCACGTAGGTTGCATCGATTTCTGCCATGATGCTCAACTCTTGCATTTCTCGCATCCAAGCAGCCACCTCGCGCTCACTCTGCACCAGGCGCTTTTTGCCTGGACCATACGACAGCGCTGATCCGCTGACGAGAAGTATAAGAATGCGTGCACGTTGCATGAGGTGTGTATTTACGCCGTCGTAACTATTTTAGAGACGGCGCTTTATTATACCCAAAAACTCCCCCTTTGGTCAAAACACTATACTTTACGTTATGACCTCAGCCACTCTCTCCCCTGTCGTACGAGCAGCTCTTCTGCTTCCTCGGGGTCCTGGAGAAGCTCACGTACCACGCGCTCAAGTCGCACTGATTGCGAACCCTTCACCAATACGATGTCATGCAGACCTACTACCGAGCGGAGAAAAACCACTGCAGCTTTTGCGTCGGGAAACTCGTGCACTTCCTCCTCAGGAAAACCTGCTTCACGTGCTGCAGCTGCGATCTTGGCACCCAGCTTGCCAACGGTCACG
CP060223.1_gap11	589552	593244	3692	AAGGAGCGGGACGCGAAAGTCTGGAGTATCTGCAACGTGGTTGGATCAGCACTTACTCGCATGAGTAATGCTGGTATGTACCTGAGAGTTGGCCAGGAGACCGGAGTGGCCTCCACTAAGGCCTTCACCAGCCAAGTCGTCGCAGCGACTTTGACCGGGCTAGCGCTCGTCCAAGAACGCGAGCCCGACAGACTTCACACTCCTGAGATCAAGGCTGTGATTCAGGCGATTCTGGATTTGCCTCGGCAGATTCAGAACGTGCTTGATCAAGCAGCGAAGATCCGAGAAGTTGCTGAATCCATTGCATCAAGCACCGGGGCCTACTTCCTGGGTACTGGCTATAGTCTTTGCGCAGCACGTGAAGGCGCTCTCAAGCTCAAGGAGATTTCCTATATTCATGCCGAGGCCTATCCGGTCGCGGAAATGAAACACGGGCCCATCGCCTTGATCGACGAGAACATGCCAGTGATCTTCGTGGCCGTGGATGAAGGAGGACCCAAAGAATGGGCCCAGAGCCTTGGAAGCAACATCAGCGAGGTTCGTGCTCGAAAGGGCCAGATCATCGTGATTGCGGAAGAGGACTCCGAGCTCGCTGGCACAATTCTCAGTGAGGGCTCTGGTCAGGTACTGTACACTCCCAAGACCGTTGGTGTACTCACGCCTGTGCTGAGTGCCGTCGTCATGCAGCTCCTGGCCTACTACGCTGCAGCTGAGTTGGGACGCGAGATCGATCAACCTCGCAACTTGGCCAAAGTGGTCACCGTAGCCTAAACATCGCACCTTAACCTGGCCCGCTTCGAGTAAAATCGAGAAGCGGGCTTTACTTTTTTATAAAGCAGACGTAGTTTTTACATAGACATCCATGCTTGAAGGTATATTTTAGTGTTAATAATTTTGCTTACTAGCGCCTCACTTAGACCATTGCCACGTGTATGAAAAAACTCATTCTCATAGTCACCCTCTTCGGCCTTATCCTCCCTTTTGCCATCCAAGCCCAAGATCAAGCTGATGCTATACCTGATCAAGTGATTAATGTAGCAGAAGATGAACTATTTCAAGCAAAGGTCATACAAATATTGGATGCGCGAGAAGTTGACTCCCCTGACGGTGAGACCTACCAACAGCAAAATTTACTTCTCGAGGGCACCAAAGGAGAATGGAAAGGTAAACAAGTAACGATTGAGGGAATTTCTGATATCCAAATTGTGAATAGTCTCATTTTTAAAAAAGGAGATCAGGTTATTGTTGCGGCCAGTCCTAGTCCTGATGGTGAAGTGCGATATTACCTGGTTGATGCGGTTCGCAGTCCTTCACTGACCTGGTTAACCATCCTTTTTGTAATTATCGTGCTCATTATCGGAAAATGGAAAGGACTGCGTGCGCTCATAGTGCTGGGATTAAGTGCAGCGGTGATTCTCTGGTACATTGTGCCGCAGATATTAAAAGGAGCTGATCCCCTGGTAATCAGTGTTGTTGGTGGTGCAGTAATTATGGCTTTAGCAATTTTCTTCACTGAAGGTTATAACCGGCACGCTCGCCTAGCTTACTTCAGCATTCTCATCCTACTGGCGATTCTTTTACTCTTATCAAAATTCTTTACTCTGGCCGCTCATCTCACCGGATTAGCAAGTGAAGAAGCAATTTTTATCAGCGCGCTACAGGGTGGGATAAATGTAGAGGGCCTCTTACTCGCTGGAATGATTATCGGTACCCTTGGTGCACTGGATGACGTTATCCTCAATCAAATTGCTGTAGTGGATGAATTACGCGAAAGTAATCCGGAACTCAGCACAAAAGAGTTGCACAAAAAAGCCATGCGCGTTGGCACGACCCATATCTCATCAATTGTAAACACGCTCTTCCTGGCCTATGCTGGCGCCTCACTCCCCCTCCTTGTGCTCTTCTCAGTGCATGAAGCACCTTTTCTCTCTTTCAGCGATGTTATCAACAGTGAAGTCATCGCAACAGAGATCGTGCGTACTTTAGTGGGTAGTATAGTGCTTGTCTTAGCTGTTCCGCTAGCCACCTTCTTAGCAGTGCGCTTCTATGACAAAACGCATCCAACGCATGGACAAGAAGCTAATGCTGAGGCAAGATAAAGACGTTTATAAATATTCAACTCTATGGATAAAACCTACAAAAACTGTCAAAGCTGCTCAATGCCCCTCAAAAGCGATAAAAACGGTGGCGGCACCAACGCTGATGGATCGAAAAGTACTATGTACTGCAGCTTATGCTATCAAAATGGCCAATTTGTAAACCCGGACTGGACTGCGCAGCAAATGCAGGACTTTGTAAAAGGAAAAATGAAGGAAATGGGTTTCCCAGGCTTCATGGCCGGATTTTTCACTCGCGGCATACCAAAGTTAGAACGCTGGAAGCAGTAATAAGTTCACTAAGGATATGACTGCATACACGAAAAAACGCATACTCCTCATTTTAACCGGCGGCACGATTGCTGGAAATGTAGCGAGTAATGAAATTACCAAGCAAGAGAAATCTCAACCAGACAGCTTCCTGTCAATTTTGAAAGACTCCACTGAAATCGTCAAACGAAATTGGAGTATTGAGATTGAAGCCAGCACCAAGGAACTGTTTAATGTTGATAGCTCTGATATGCTACCGGCCAACTGGTCCGCTATGGCTGAGACTATTGCTGAAAACTACGACGAGTATGATGCCTTTATTATCCTCCACGGTACAAATACTATGGGCTATACTGGCGCCGCCCTGTCATTTGCATTGGAGAATGTGAACAAACCGGTTATTTTAACGGGTGCACAGGTTCCACTGGGTTACCTGGGCTCGGACGCAACTACCAACTTAGTAAACTCACTTCGTTTAGCAGTCTGGGGCTATCACCCGATCAAAGGGGTGATGGCTGTATTTGGTAGTAAAATTATTGCCGGTACGCGAATTAAAAAAGGCACGGATTTTGACTACGATCCCTATAGCTCCTTTATTGCCGGAGCCCTAGGGCAGATTGGTCGATTCATTCGCATTAACGATGCGGCGCTTGATAAATATATTAGCTACTTGTCAAAAAGTAAGCCTCTGGCAATTCAAGCCCGGGTGCTTAGTGTGAAAAAGGACTTTGACACAAAGAGCATTGCCTCGCTTACTGAATTTCCCGGAATGTCACCTGACATCTTCCAGACCCTGGTTGAGCAAAATGGCATTAAGGCTTTTGTGTTCCGGGCTTTTGGGGCTGGTGATGCCAGTCAGCATCTCTTCAAAGGCTTTGAGTATTTGAAAGAAAAGCAAATTCCAATCGTGGTTACCTCTCAAGCCCCGCAAGGTGTGGCTAGTTTCCAGGTAAACGAATCTGGAAAACAACTCAAGGACCGAGATCTGGCTATCCCCGCCTATGATATGAGCATTGAGTCCATCACAACAAAGTTGGCTTGGCTCTTAGCGCAGGGTATAAGCTACGAACAGATCAAATCTAAGATGCTCGAAGACCTCCACGGCGAGATCAATATCGAGAACGAATTACTCTAATAGCAAAATTCGTTAGCACCTCCCCTTTCGCTGCTTTTTCATAACTCCGCGAAGTAGCACCTTCACGGAAGTTTACCCACATCCTGAACGCGGTAGCTCAGGAAGTTGTTAGCAATGTACCGCTTTACACATTCTACCCTCTTCCCCTAGACCGTCGCTGCTTCTTCTCCTCAAGCAAAATGTCGAGGACG
CP060223.1_gap12	625814	630361	4547	CTTCAATGTAATGCAAGGCCTGTTCAGATGTTCGGGCGCATACTACAGAAAAATCTCGACTTTCAAGTTTTTTTTGGATTGCGCTGGCGAGAGGGCGCTCATCCTCAACTACAAGTATAACCTTATCAATTTTTTGTACCATAGCGTAATATTATGAACTTATTAAACCCTTATTTCCCTGCTGTGCTCGCATACCTTTAATAGGCAGACTTACTAAAAATGTCGTACCCTTTCCCTCTTCTGAAACAAAGCTGATTTTCCCTCCGGCCATTTCTACGACCGCTTTTGCAATATAGAGACCTAGACCAGTACCGTCTGTCTCCCTTACTTTTACATTATCAGCTCGGAAAAGTTTTGTGAAGATCTTATCTTGCTGTTTCTGAGGTATGCCATAACCGTTATCTTTAATTTCCACGATGGCATTTTTTTGTTCAAGATACATTTTAACCCAAATTTTACCTTTTTCGGGGGTATACTTTACTGCATTGCTAAGGAGATTATCAAACACTATCTGAATCAATTTTGGATCAAGATGGATTAATGGGATCCCCTTTTTAGTTTGCATCACTAACTTAATTTCTTTTTCATTGATCATTGGTTGAAGTAGCGACGCGCTCACTCGACACAGCTCGGTAATATCCGTTGGTTGAGGATCTACAGCTAAAGTTCCTAGCTCTATGCGAGAGACATTTAATAATGCATTTACCAAATCCACCATGCGTTGATTACCGTGGTATATTTCCTTCACATATTCAAGCTGATTTTTTTTCAGCTTACCCACGTCACCATCTAGCAGCATTTCAGCATACCAATTAATCGCTGAAATAGGCGTACGTAATTGATGAGAAGCTAGAGAAACAAACTCAGTTTTTGCTCGATCGATTTCTTTTTCCTTTGTAATATCTCTTTCAATACCTACAAAGAATAACACATTGTTATCGTCATCTAATACCGGACTAACTGTCACCGATGCTTCATATATCTCACCGTTCTTGCGCTTATTTTTTACCTCACCTTTAAAAGTAAGCTTCTTTTGAAAAATTGTAGTCCAAAACTTGCTATAAAATGCTTTTGGCATGAGGCCGCCCCAAAGCTCTCGCCCACCCGCCTTCTTACCTATTATCTCATTGGCTGAAAAACCAGTTATTTTTGTTGTTGCGTCATTAGCATATACAATAATCCCATCCGGATTTGTAATTACTATTTGATCGGAAGCCTGATCTACCGCTAAGCCAAATTTCTTTAAGTCCTGAGCTAAGAGTAAGGATCGATCTTTTTCTTGCTTCACATCCTTCAGAGACTGGGTTAGTTTAGCTTTTGATTCAGCTAAACCTTTTTTTTGACGCTCTACAAGGGTGAGATTTCGACTAAGTTCAGCGGTACGATCTGCTACTCTTTTTTCTAAAGTACTGCGATTCTTTTCTACTACGCCACGCATTTTCTCAAACGATTTTGCTAAGAGAGAAATCTCGTTGCTTGCACTAAAACGATTAAGCGGTAGAGGTTTTGAAAAATTATTTTGCGCTATGGCATTAGATGCCTCAGTGAGGGTGCGCAACGGTGAGGTGATAAGGCTCGCGAGCAGAAAAGTGATCGCGGTAATGGCAATAAGACTTAACACACCAATCCGAATCGCCTCATTACTAAGCACGGTGACTGGTGCGAACAAACTACTCTCCGTGTACACAGAGATGAGCGCCCAATAACGTTCAGGATGAGCTGGGTCATAAAAAACCTTCTTCCAAGTACGGAACTCTTGATCATCGCTATCTCGCTCAATCGCCTCATCAAACGCGGCTACACGATCCTTCATTTCTGGATGAAGTACAAAATAATTTGCTCGGTTAGGCAGGACAAAGCCGTAAAGCAAATAAGAATCCGGATGTATAAGTATATTTCCCTCACTATCAATGAGGACCTCGTACTGAGTTTCGGTGCTTACACTTCGGAGACCTTCCTGAATAACATCATTTGCATGCAAGTTGAGCACAACATAGCCCTCAATGACTTTAGTCTCGTCGTTTCGAACCTTGGCTACAACTCTCAGCACTGGCACATAGGGCTCTTGTATTTTTCCATACGCGATATTTAAATCATATGGGGAAATGAAAACATCAGTATTAGAACTTTGCGCTTCCTGAAAGTACTCCCACGCTGATTCATCCTCAAGTTGAGATCCTTCTACTATTTGAACAACCCCGTTATCTCCGTCTACACGCACCATCTCTTTGCCATCCAGATCGAGATACTTTATACGAAAAATTCTTGGGTCGGCCTTTAGAAAAGATTGAAATATTTGTTGAGTCTCGGTAATCGCCTGAGTACGAGCCTCGTTTTCACTGCCTGGTAATTTTGTGAGGCTTGGATAATCACGCAAAGAAAGCACAAGGCGGTAATACGTTTCTAGTTCATCTTCCACATGTACAGCCTCTGACTCCACTACCCCTTTTTCTTGTTCTAAGATTCTGGCTTCTAAATTTGTCCTAGCCTGAAAAAATACTAAAAACCCCAGCACAAGCATAGGAATAGCAGCGAGTACTAGAAATATGAGCGCAAGTCGTATTCGTATACCCATAAAACCCCTCTTATGAGCTAATTATCGCTCCTTTTTACGGAAATCGTAACGCAAGCAGCCCTCGCAGCTGCAATTAAGAAAATTTGTCATACTGGCTAAACGTCGACCAAGGAGCCGGGCTACCTTCTTATCGCCCTGACTCAACTTCTTCTCTCCTCGATGCCCACTTACAAAAATACCCCCATATGGACTGCCGGCATCAAAATCAACACCCTCCCCTTGTACTGGATAAGGGATACCTACTGGAATCATGCCTAGATTTAATAAAGGAATAATCAATGAAAGTAATGTTGCTTCTTCACCAGAGTGAATACTACCACCTGAACAGAATACTGCAGCTGGCTTATTCACCAACTTCCCCTCTAACCATATAGGTGATAAACCATCAAGGAATTGCTTCAACTGAGAAGCAAAAGAACCAAAATGCACCGGGGTTCCCAGCGCGACTCCATCAGCGTTAATAAAATCGTCTAAACTTGCTTCAGGGAACTCTTTAGTCAAGCTATTATGCACTTTTTTTAACTTTGGGTTTTTTCGAAAAAAAGAAGCGGGCAAAAGCTCGGGAACTCTCATTACCTTCACTTCAACATCACCTATCTCTCGTGCTCCCTGCGCAATAATTTTAGCCAACTCTGCTGTCTTACCGGTAAAACTATAAAAAAGCACGAGCACTGAAAGCTTTTTTGTATGAATTTTTGTTTGCATAGATGAATTGTAGCTTTTGCTAATAAAAAAAGCAAAATTGACTTTTTCATAAGGATAACATAAGCTCCTAATGACTTACATTTCCTACATGTATGACATAATATGAAGACCATGAAAAATACACATCATGATGCTCACCACTTCTTTGGAACGACCACGCTAGGTGAAAAAGGTCAGGTGGTAATACCGGCCGAGACGAGAAAGGCGCTGAATTTAAAGCCAGGCGACAAACTGCTAGTCTTTGGCATGGGTAAAAATATGATCACGCTGACAAAGTTTGAACAGCTCGAGAAATTTACCAATATTATGAGCAAGCGACTCGACGGCCTGCGTAAAATCCTCCGAGACGCTTAATATGCGCACACTCCTCCGCTTCGTCCGTCCTTATACATGGACCATAGTTTTATTGGTTGGCTTTGTGTATGCCAGCGTGGCTGCCAACCTGGCTTTGCCCGATTATATGGCCAATATTATTAATAATGGCATTGTGGGTAAGGATATTGGCCTGGTCTGGCGAACAGGGTTGGAGATGCTCGCAATATCACTTGGTGGAGCAGCGGCCAGCTTCTTTGTTACCCTACTCGCCTCTCGTATTGCCAGTGGGTTTTCCCGTGACGTGCGAGAAGCGCTTTTTAGTAAGATCGAAAGCTTTTCTTTAAGCGAATTTAATACCTTCTCAACCGCTTCACTCATTACCCGCTCAACAAACGATGTCCAACAGTTGCAAACGGTGCTAGTCATCCTCCTACGTATGGCCCTAATGGCGCCAATTATGGGTATCTGGGCGATTATTAAAGCCTACACAAACGCTCCGTCAATGACCTGGCTCATGGGTCTAGCAGTCGGTGTATTATTAGTGATTATTTCAGTTATTCTGGCTATTGCGATTCCGAAGTTTACTGCCCTGCAAAAGTTAGTTGATAAGTTAAACCTTGTTACTCGCGAGTTACTCACTGGACTTCGGGTTATCCGGGCCTTTCACCGCGAAGAAGCTGAGGAAACAAAATTTGATAAAGCGAATGTTGAGCTTACGCAGCTTAACCTCTTTGTGAATCGACTCATGATCCTCCTGCAGCCAATTATGATATTCATCATGAATGTTACTACATTGGCAATTGTTTGGTATGGCGCAAAGTTAGTTGATGCAGGAGACCTCCAAATCGGTCAAATGATTGCCTTTATGCAGTATGCCATGCAGGCCGTCTTTGCTTTCCTGTTGATCACTATGGTCTTTATTATGGTCCCTCGGGCTTCTGTCTCGGCTAAG
CP060223.1_gap13	631983	634541	2558	TGGGAAATGACTCTCGTGTCTTTAGTCACCCTGCCAATGAGTTTTGGATTGCTTCGCGTCATTGTTGTGCGCTCGCAGCGTTTCTTTAAGCAGCAGCAAGATACGCTTGGACATTTGAATGGACATATCGAGGAAATGTTTAGCGGCCACACCGTTATGAAAGTGTTTAATGGTCAGAAGCGTTCGGTGGCCAAATTCACTAAAAATAATGACGAGCTCTATGGGAGTGCCTGGAAGTCGCAATTCCTTTCTGGGCTCCTCTTCCCGCTTACCAACTTTGTCGGCAACTTGGGCTATGTTGGCGTGACCGTCGTTGGCGGCTATTTAGCTCTGCATGGTCGGGTGAACATTGGCGATATCCAGGCCTTTATCCAATACGTCAACCAATTCAATCAACCAATTATCCAAACCGCAAATGCGGCAAATGTGCTGCAGTCCACAGCTGCTTCAGCTGAGCGGGTATTTGAATTCCTGGCTGAAGAAGAGCAGAGCCCTGAAGCTCATCTGGAGAAAAAAGTATCGCAGGTCACCGGATCGGTCGAGTTTGAAGATGTAGTTTTTGGCTACACTCCAGGGCAAACGATTATTAAGAATTTCACTGCGCATATCAAAGCTGGTCAACGGGTAGCCATCGTAGGTCCGACCGGTGCAGGTAAAACCACCATCGTGAACTTGCTTATGCGCTTCTATAATGTAGACAGTGGGACTATTAAAATTGATGGAATCGACACACGCACAATGTCGCGCGCTGAAGTCCGAGAGCTCTTTGGTATGGTATTACAAGACACTTGGCTCTTCCATGGCACGATTAGAGAAAACCTCCTCTACGGCAAGCCACAGGCAAGTGAAGAAGAGCTCATCGAAGCTGCGAAGGCCGCGCATGTTGATCACTTCATCCACTCACTCCCCCATGGCTATGACATGGTACTTGATGAAGAGGCGAATAATATCTCGCAAGGTGAAAAACAATTACTCACCATTGCACGAGCAATGCTCATTAAATCACCAATGTTGATATTAGATGAGGCGACCAGCTCGGTTGATACTCGCACCGAGATCCTTATTCAAAAGGCTATGGATCGACTGATGCATGCAAAGACAAGCTTCATTATCGCCCATCGTCTGTCCACTATTAAGAATGCTGACCTCATCTTAGTCATGCGTGATGGTAATATTGTTGAGCAAGGCAAGCACGAGGAACTGCTCAAGCAGCAAGGCTTCTACGCCTCTCTCTACAACAGTCAGTTCGTGGCACCACTGATCGAAGAAGCAGAGCCCGTCACTCAAAAGCTGCATTCAGTCCCGGCCTAGGCTCTCCCTTGTAGTCCAATGAGAGTGAGATAAGTGAGTAGTGATGCGATATTAGCTAAAAAGGTAATGAGGCCCCACTTAGCCCACTTCTGCTGGGACTTTTTAAAATCTTCCACACTTGCCCATCGATTTGCCTTCCATGCCATTTCATTTCCTTTGATACCCATAACTATCCACCATACATAATTAATCAATGGGATGTATGCAAAAAAACCAAACCAAACTCGATATGCGATGCTCCATGCCGGAGTAAGAAATGCGGCTGCCCAATTCCATCCTTTTACTTCTTCTGGCACTTGAGCTAACTCATCCCCTGAACGAGCGTCATACCCCGACAAAACCACTTTCTCTTTCCGACGAAAATATACAACACAAACTATGACACCAACTATGGTGGCAGGCACCATTAAAAGTATAAGCACGCTAAGTGTCAATTGAATTGGCACAAGTATATCCTCTCTGTCTTGTAAGAGGTACACTGTTACGCTCCAAATAAAAATTAAAACAGCTACTAAAAGTTGTGGAATAAAAAATGCTAAAGCGCCCTTTACACGATTTCGATAAGGTACTTCTATATACTCTTGTGCTTTTGTGGTTTTTCTTTCAGCCATGAATATTCAACCTAAAAATAACGACTGGCGATTTTGTAGCCAGCCCAAATACCGAGTATACCACCTATCCCACTAAACACAGTCGCGGTAAACGAAAGCCAACTTACTCCCCAAAGTCCGGGAATGGCGCCGCCAATCGTCGTACCCAGGATCGCACCGATCATGACAAAGGGTTTTTTATTCACTGTATTCCTAGTTAATAAACTCACTGAGTTCCTGCTCCCCTCCTAGTGGGGTCACCATAGCGGGCAGAGAACCAAGTAGATAGGCCGCGTTATCAGTGTATTGCAAATCATCAATACGGAAACCAGGAACTGCAGCAATCTCTCGATTAAGCACGTCTTGAGCAGCTTCTTCGATTTGATTATAGTATTTCTCTGGCACAGTCAGACGGCCAACTTTGGCTTTTTGTAAATTCAAGGAAACCGATTGAGTGCCAGTGCGCGTTACGTCTACATCAACATAGACCGGTGCTTTGATATAGGGCGAAACAAAAGCGGAAATCTCCATGCCGCCTTCGCGAAAGCGAACTTGAATGTCACGGACAAAACGCCCATCGCCATGATAGTGTTGAATAAAAGCTGTCACCTCTTCGGAACTATGTTCATCGTCAATGGCCACCTGACCCGCAAAGCT
CP060223.1_gap14	659692	664329	4637	AAATCAGCGCTGCTATCACTTAGCTCCTGGGCAAGTAAGACTTTAGTGCTTGGTCGGGTTGTAGGATCAGTGATCTCAGTATTTATATCAGCCACATCCTCATCCACATTCACTGACTCTTCAGCATTTGGTAAACCAGTTAACCCTACCACTACAACGATAACTGCAACTATAGCAACAACGGTCCAGATGGTAGAAAACCCTCTAGGCGATTCGGCTCTATGCTGCGTAAATAACCAAAATCGACGTAGCATTGACTTTAGCATAGCATAGGAATGAAGAAACTCTAAGCGCTTGTCAAGCGTTCTTCAAGAAGCTTTTCTAAGACTTTAGGGTCAGCTCTCCCCTGTGTCTCTCGCATAGCCTGGCCCAGGAAGAACTTGAGTAAAGCGATTTTACCTTTGCGATACTCTTCAGCTTTCTCTGGATGCGCATCGAGCACTTTTTGCACCACGTCTCGTAAAGCACCCTCATCGCTCACCTGCCCTAAACCTTTCTGCGCGACAATATCAGAAGGATCGCCACCAATTTTTACCATTTCCTCGAGAAGTTGTTGAGCAGCCGGCGCATTGACCGCACCTGATTGCACAATCTTCACATACTCAGCGAAATTCTCTGGTGTGATATCTTTAGCATTCGACACTTCATTGCGAAGTTTTTCATAGCGATGCACAAGCAGATTGGCAACTTGCTTGGCATACTTTCCTTTTTCCTGCTCCCAAACCAGCCCCGGCTCGTTCTCTGCTTCCATCCAAGCGCGCAGCTCTGAAACAACCTCTTCAGCAAATTTCCCTAAATGCTGGTCAGTCACTAAACGCTCTATCACTTCGACCGGGAAGCCTAATTCTGACTGATAACGCTGACGACGTGCAGCCGGAAGCTCGGGCATAGCAGCAGCAATTTTTTCGAGATACTCAGCGCTAAAATGTAGAGGTGGAATATCCGGCTCAGGGAAATAGCGGTAGTCGGCTGCTTCTTCTTTCGTACGCTGCTCGACTGTTTCATTCTTTGTCTCTTCCCAACCGCGAGTGGCTAACTGCATCGGCGGCATGCCTGCCTCCCATAATTTTGTCTGACGCTCGACTTCAAAAGTTAACGCGCGCTCGACTGAACGGAAGGAATTCAGGTTTTTAATCTCGGTTTTGGGATAGAGCTCAGTATCACCCTCTGGACGCAATGAAATGTTTGCATCAACACGCAGTTGACCTTTTTCCATATCAGCATTCGATACGCCAAGGTAACGCATGAGTAAGCGTAATTCAGTTAAGAAGATGCGCGCTTGAGCTGGGGTCTGAATATCCGGCTTGGTGACAATCTCAGCTAAGGGGGTGCCTGCTCTATTAAAATCGATTTGCGTCATCTCCTGACCCGGTTCGTGTAAAAGCTTGGCTGAATCCTCTTCTAAATGCAGACGCTCAATCCGCACCCGATGCGCTTGCTCGCCCTCAACCACATCCAGGTAACCATTCTCCCCAATCGGCTGATCCAACTGAGAGATTTGATAACCTTTCGAGAGATCGGGGTAAAAATAGTGTTTACGGTCAAACTTTGACTCAGTGTTTATTTTGCAGTTGAGGCCGAGGGCAGCCAAAACTGACCAGTCAATCGCTTGCTGATTAGGCACAGGGAGAGTACCTGGCTGCGCAGTACAAATCTCACAGATAGTAGTGTTGGGGGCTTGTCCTTCACCGGTATTATCACAAGCGCAAAAGAGTTTGCTCTTCGTTTTTAGCTGTACGTGAATTTCTAATCCAATAATTGTTTCGTAGGTAGCCATGAGATTATTTTAGCACTTCTTGTACAGTCTTCCAGACTTGCTCAGCAATATGTTCGCGATCCTGCATCACGCCATTTTTGGTACACGTTATCACCTTCCAGGAAAAACGTGCTGATAAGCGATGCGCCATTTCCCAACTCGTCTGCTGATGACGTTTATTCTTTTCCAGACTATCGACAGCCTTTCCGCCCAGGTAATTACGATGACCTTTTGCTCGTACGAGCTTACGTCCTATGGTATGCGGCACGGAGAGAAAAACAGTCAGATCAGGCTTGAGCACTCCAAGTATGTGATACTCCATTTCTTCTAACCAATGGAGATACTCCTTCTGCTCCAAAGCTGTTTGAAACTTGGCCGCCTGATGCATCATGCTTGAGGAAGTATAGCGATTACAGACAACTACTTTCCCTTGCGCTAACCATTTATTCAACTGATCCTTTGCCTGCCAACGATCAAGTGCATACAAGAGTGAGGCAAGATAAGGATTCACTTTTAGTGTCGGTCCAAATTTGCCCTGAATGAATTGACCGACCATGGCCCCAAAGAAACTTTCATCATAACGAGGAAAATCAGCTAAGGCAGTCTGATACCCCTGCTTTTTTAGACGCTGAATAAGGAGACCAGCTTGCGTTGCCTTGCCAGATCCATCCACCCCGTCGAGTACGATCAGTTTTCCGCTTTGCTTCTTTTTCACAGGCCAAGTTTAGCATACGCAAGAGCCAAATTCCAAGTTTTTTATCCAATGATGCATCACTTGAAAAAAGCTGTAAAAACACCTACAATCCCCATGCTTTTCCGCTAATGATTCCACCCATGCCTACATTCACACCCGAAGAAATCGAAGTGCTCAAAAAGTATATCACCGACCCCACGGGTGATGTTTTTTGTATTAAAAACATGCCTGGTCTGGTTGGAGCAGCCTATGCCCGCTACAGCCGTGCCCGTGGCGGATTTCGAGAAGTACTACTCAAAGAATTTATTAGCGAAGGGGTGGTAGACGCCGAGCATGCGGAAGATCTTATCGAGCGTGTCTTAATTGCCTATGGCGATGATTCAGTTGGCGAATTAGAAGGCGCTCACATCTCTTTTGAAAATATCTCCATACTTGCCACGAAAGAAATTGAAGAATGTCGCATTGGTGGCTCCCCCATCGAGCAATCCACTCGTTATGTTTTCTACGACCAAAAAGATGCGCAGGGAAAATATAAATACATTGTCCCGCCTGAACTAGAAGGAAGCGATTTAGCAAATGAATATACCGAGGCCATGGACTTCCTCTTTGACACCTACTGCCGCCTCATCGAACCCATGAAGGAATTTTATAAGAAGCGATTGCCCCTGAAGCAAGCTGAATATGATGTGCTAGGAAATGGCAATAAGCAGCACTATGAAGAGCTGGAAAATGAAAAAGACCAAAAAGCCTTTAAGACAACTTATAACATGGATATTCGCACAAAGGCCTGCGACACTTTGCGCTATATCCTCCCACTAGCAACGACCACCAACGTCGGTATTTTTGGCAATGGCCGATTCCATCAAAGCATGATCTCTGCTCTACTCTCCAGTCATTTTCGAGAAACCCAAAGGCTGGGCGATGCGGCTTTGCGAGAGCTGAGTAAAATAATTCCGGTCTATGTGCGGCGCGCCAAGCGAGATGAATATCGCACCACGATTGAACATGACATGGAACGCTTAGTAAGCGACTTACTCGCCAATGTGGAGGCAGAAACCCCGACTGAAGAAATACACCTTATGGACGAAGGCGAGGCGTATATTGCGAAACATTTGAACGGCCAAAGCGACCCTGCGGCGCTTCGTCAAGCTATAGCCCGATATCGTGATACTTCCCTCCTGGCCCACATCCTCTATGCCTACGCCCAGCATCCTTTGTCACAGCTAATGGATTTTGTTGAGCAACTTTCAGAAGAAAAACGTAAAGAGATTATTGATACCTACATTGGTCAGCGCCGCACCCGTCGTGACCGCCCTTATCGTGCTTTTGAAAGCGGCTACCCCTACACCTTTGACCTGGTTACCGACTTTGGCAGCTACAAAGATCTCATGCGCCATCGCATGACCACGCAGCTACGTCAGCGCTTCTCGCCTGAGCTGGGCTTTGCCATGCCGCAAGATATTATTGAGGCAGGCTTCAGCGAAGAGATTCAGGCTTGTCATGAGCGCTCACAAGAACTTTATCGCAAGCTAGCCAAGCAACTTCCTCAGATTGCTCAATATGCTGCCCTGCACGGCTCTAAAGTGCGCTGGGTGATTGGGATGAACGAACGAGAGGCCTATCACCTACTTGAACTCCGCACCACTCCACAGGGCCATCCTGCCTATCGTAAAGTCGGCCAGGAGATGCACAAACGTATTCAGGAGCGTTCAGCTTGGCGCGCCGCCCGTATGAGCTTTGTTGACCACAACAGCTACACCTCTGCTCGCGGCGACTCAGAGGCAAAGCAGCGAGTCAAAGAACGCAAATACGAAGAAACGCACGGCGCCTAACTAAAAGCGCTGAACCGAGCAAAGGCTTGCCCTTCAAGAAAAGAACTGCTAGGGTGGTTTTGTTCTTTCCGGTGTTGTGGATGAAGTCTGGCGAAGTCTTAGGACTCGCTGGATATACGTAGAGTCCCTTTTTCCCTCTCATTCGGGGTATCTCGTATCCGAGCTTAGGATCTGTCCGATGGACTAGGGAAATACCCTCCTTACGCGGGACAGCGCGGTTTCCTGATGTGAGCCCATTGTCTGATTGTCTCCCCCACTCTCACAAGGTCGGAGAGGAGCGATCACGCAAGTAACTCACAAGATCGGCACACCAGGCCCTCGGCATTCACAACAAACCACCCCTTGCTCTGTCCAA
CP060223.1_gap15	688839	691288	2449	CTCCGAAGTTGTAGGGAATGTGCAGTGTTTGAGACGAAAGAACGATACTGAAAGTGTCCGACAAGGTGCGATATTTTGGGTTTTTATTTCGGAAAAGATCGATTTTGTCTGTGCTTCACCTTAATGGTTCAGGGCCAATTTGTCAAGCTGAAAAATGTGCCTCTCCTCAGCGCTTTTTGACCCTATTCCCCACCCAAAGTGGCCAGCTCTTCACATTTTTTTCATATATGGTAGTATGGCCTCGCAAGTCTTTTCGGGATATCTCGCCGTAGGGCGTAGAGGTGAAAGGTCTACCGAAACAGATACGCACCTCTTAGTAGTAAGTGGAAGTAAATGGCGAAGAAACTCTACGTCGGAAACCTTCCGTTCAGCGTCACCGAGGACAGCCTTAAGGAGCATTTCTCCCAGGTTGGACCGGTTGAATCGACTCAGGTCATCCTAGACCGAGCGACCGGACGCTCACGCGGATTCGGTTTCGTCGAGATGTCCAACGATGAGGACGCGGCAAAGGCAGTTGAAACCTTCAACGGCCAAGAAATGGAAGGCCGCGCGCTCGTTGTCAACGAAGCTCGACCAATGACAGATCGTCCAAAGCGAAGCTTTGATAACTAAAGCAACGTGATGGAATCAAAAACTCGGCTGCCTAGGCAGACCGAGTTTTTGATTATATTCGAATTCGTGCTCTTACTGCATCGCTTCCTTTAATCGCATGATGCTGACCAGGGCGCCTCGCTCCTGCTCATCCAATTTGCTGGAAATGTATTTCACATTCCGCTCAATCTCGGGAACAAAGACAAACTCAAGTGCATTCACACGACGACGCGTCTTCTCAATCTCAGCTGAGAGTAAACGAGCTGAGTGCTCGGTCTGAGCTAACTCCACGATCTTTGGCAGCGCATCTGAGAATGTTTTCAGAGAAGTATCAAGTCCAGAGGAAGTAGTTGCCAAAGAGTAGCTCAGGAAATCACCTGACTCGGCATACTGAAACTGTGGCACCTGCACACTCATGACGTTCTTGGTTGCCACCTGCAATTGAATTTGCTTCGTGGTGACTGCCAGCGCTTCCTCGGTTACTTCCGGACGCATATCAGCTGAAGCGATAATGAAACTCTGGAACGCTTGACCGAGCTGAGCCTCTACTTCTTGTCGTAAGCTGCGAGTCTTTTTGATGATACCTAAGAACTCCTGCATCAAGCCTTCGAGTTTTTCCTCGAGTAAAGAATGACCGCGCTTGGCCATCTTGAGCTTACCCTTGAGTCGGATAAGCTCCATGCGTGTTGGGTTAATCGTTTGCGCCATAGGGTAATGAGTGTTCGAGCGTATCCGCCCAGAGCGGAGAAGTCGAGAACCGAGCTTAGCTTCTCGACAAGCTCGAAGACTAATTAGGAGTCAGATTTGGGTAAATACTTCTCAATATATTCTTCTTTCACACGCTTCAGTTCAGACTTCGGCAAGATGGAGAAGAGTTCCCAACCGAGATTCAAGGTCGTGAGAATATCGCGATCCTCATACTCACCTTGGTTGATGTAGCGTGACTCAAACTGCGTGGCAAATTCCACGTACTTCTTATCAACGTCGGACAGAGCAGCTTCACCGAGGATAGCGGCTAATTCCTTTGCCTCAGTGCCACGAGCGTAGGCAGCATAGAGCTGGTTAAAGACTCCGGAGTGATCCTCACGAGTCTTCTCTTCTCCGATACCCTTCGGCATCAGACGAGAGAGACATGGCAGCACATCAACTGGAGGACGAATACCGCGCTTGTGCAAGCCGCGGCTTAACATGATTTGTCCTTCGGTAATGTAGCCGGTCAAGTCAGGAATTGGATGTGTCTTATCATCTTCCGGCATGGTAAGAATCGGGATCTGGGTAATTGAACCCTTCTTACCCTTGATCATACCAGCGCGCTCGTACAGGGTAGCTAAGTCAGTGTAGAGGTAACCTGGGTAGCCACGGCGACCTGGGACTTCTTTACGAGCTGCCGCAACTTCACGCAAGGCTTCACAGTAGTTAGTCATGTCGGTCAGGATAACCAAGACGTGCATGTCCTTTTCAAAAGCCAGATACTCGGCAGTGGTCAGAGCCAAGCGAGGTAGAGTGATACGTTCAACCACCGGGTCATTTGCCTGGTTCAAGAAGAGTACCGCGCGGCTGATAGCACCGGTCTTGCGGAATTCATTTACGAAGTATTCTGCTTCTTCAAAGGTGATACCCATAGCGCCAAAGACTACAGCGAATTGGGAATCCTCTGCTTCCACTTTACCCTGCGGGGAAACGCGAACCACTTTTGCCTGACGAGCGATTTGGGCGGCCATGGCATTGTGTGGCAAACCAGCGCCGGAGAAAATCGGTAGCTTTTGTCCACGCACTAAAGTATTCAATCCATCAATCGTGGAAATACCGGTTTGGATAAAGTCATTTGGGAAGTTACGGGAGTATGGGTTAATCGGAT
CP060223.1_gap16	707693	709317	1624	TGAGGAAAAGCGCCGCTACGAACAATAAAATCACCAGCACTTTTACAATGCCGCTCGTGGTAACTCGTAAAAAGACTTCGTTGTTATTGTTTTGCGTGGCCATACGACACAAAGTATAGCTTTGTTTCTAAAAATAGCCAAATCTTCCCGGCAAGTGTCAATAACAAATCAACGAGTAGCGAAAAGACTTTTTATTACTTCTTCACCAGGTTCTCGAAGCGCTTTGCGTCCTTATAGGGCCCAATAATTGCGAGATTCATCTTCTGCGGATTGATAATTTTGCGAGCCAGAGCATTTACCTCTTCCCTCGTCACCCGTTGAATCTTTGCCATCTTTTCAGCCGGAGTTTCAATCTTCTTGGTGAGTAGCCACTGCTTCCCAAACCAGGCGCCAATATGATCAGAATCTTCTAATTCCAGAACCAGCTTACCTTTAATAAATTCCTTCGCTCGTTTCAATTCCGCTTCCGTGATCCCCTGTTTCCGAATCTTCTCCAGCTCCACCAAGATTGCCTTGATCGCTTCCTCGGTTCGCTCTTTTGCCACACCGGCTTGAATATAGAGATTGCCAGTATCCTCATACACGGTTGGCGTACAGCGAATAGCATAGGCCAGACCGCGGCGCTCTCGGATTTGGATGAAAAGACGTGAGCTCATGTTGCCACCAAGGATGGAAGTCAGTAAAGACAGGGCGGGTAAACTCTTATCAAAGTAAGAGGCTGCCGGATAACCAATGCCAATCTGAGCCTGCTCAGTCTCTTTGTACATAACCCGCACTCGCGGCTTGGTGCCCGTGTAACGAAAAGGCTTGAAGGTAAGCTCCTTCTGCTTGGTAGCTGGCACCGTGAAAAGTTTTGCCAATTGCTCATCAATAGTCTCTTCATTATAGCGACCCGATACGACCACCATCATATTGCTGGGGAAGTAGTGCGTCTTGTAGAACTTCAAAATAGTGTCGCGAGTCACATTACGAATCACCGAACGAGGCCCGGCGATTAATTGACCAAGCGTCGAGCCAGCGTACATGGTTTCCTCAAAAATATCCTCGAGGTACATGAGCGGGTTATCCTCGTACATGCTTATCTCTTCGATAATCACAGTGCGCTCTCGATCGATTTCCTTGGCGTCAAATTTAGAGTTCGCCAACATGTCTGCAATAACATCCAGGGCAAGGTGAAGGTGTTCCGAATTAATTTTAATGTAGTAGCCCGTGTGATCCTTGCCGGTGAAAGCATTGTACTCCGCTCCCACACCATCCAGTAGGCGTGAAATTGATAAAGTGCTGGGTCGTCGCTTCGTGCCCTTAAACATCAAGTGCTCAACAAAGTGGGAAATACCATTTACAGGCTTGCTCTCATGTCGTGAACCAACTTTGGTTAAGACAAGCACAGTCACCGCTTTTGTCTCGTGCAAAGGCACCTTAAGTACCCGCATACCGTTTTTAAGGACCGAGGTCTGGTATGGCTTCCCTGTCGCAGATTGTTTAGGCATGAAATTTCTCCTGGAAAAATGATGGTAGGTCTGCCAGTGCCACGCGTTCCTGTCCCATAGTATCGCGATCACGCACTGTTACTTTTTTATCTTCAGGTGTATCGAAATCAACTGTGACGCAATATGGCGTGCCA
CP060223.1_gap17	831264	833011	1747	CGAGCTATCATAGGAGAAAATCGGAGTCGAATTACCCGGTTTGTATACCTGCAAGATATCTCTGGCGAGTATAAACTCCGGGCCAAATTCTAGATCTACATAAGCAATAGACCAATACCGTGATGCAGGATCAGGCAATTCCCAAACTAGCGTCTGACCAAAAGCCGACATTGTAGAGGTGATAACCATTGTCAAAAGAGCGATCACGTACGAAAGGCAACGCATGATAAGCCTCCTATGTTTTGCTGCCCACTGTATGATTACTAATTATCGAACTTTTTGTCCAGTCGCCTTACTCTTCACGCACATAGCGCAGGACTAAACGAGAAAGTCCAATCGCGCTGATGTACCCGATACTCACCCCAGCGATCAATACTAACCATGGGGTAAATCCTAGCGCAACGAGATGGAAGGCGTCTCGAAGAGGTGTGTAAATGAGTAGTAACTGGAGAAGCACTGAAGCACCGAGTGCCAATACTAACCAAGGATTTGAAAACCAACCTAATTTTTCCTGTGAGCGGATCGTCCCAATCCGAACAAACTCATAGAGCACGAAGCCGGTAAAGAGAGTGGTGCGAGCGGTGTCAAAACCAAGCGGCAAAGTGATTAGGAATGTTGCGAGTAAAATAATCGTTTTCTTAGTTCCTATCACTGCCACTAACCACCACAGCTGACGGGTGAGAATTGAGGAAGCACGGCGAGGCGGATCTTTCATAATATCGCTGCGGGCAGGATCGACGCCCAGCGCAATCGCCGGTAAGCCATCGGTGAGCAAATTAATCCAGAGAATGTGCACTGGTAGAAGAATCGGCTCAGAAAAAGGCAAAGCAACTGCAGCGATAAAGAGTACGGCGATCTCTGCCACGTTTGAGGTAAGGAGATAATTAATAAACTTCTGGATGTTTTCAAAAATGCGGCGACCTTCTCGTACGGCTGATTGAATCGTAACAAAGTTGTCATCTAGTAATATAATATCGCTTGCCTCACGTGCCACTGCAGTTCCGCTTTTACCCATTGCAATACCTACGTCAGCTCTTTTCAACGCCAGGGCATCATTTACTCCATCGCCAGTCATGGCCACATTGCCATCCTTTTGAAGCGCTTCCATAATGCGAATTTTTTGCAACGGCGAGGTACGGGCAAAAATGTTTACCCCACCTTGCAGTGCCCTACGAAGCTGAGCATCGGACATGCTGTCCAGTTGCGCACCCTCAATAGCTCCATTACTAGTGAGTTGTACTCTCTGGGCAATTGCCTGAGCAGTCAAGGCGCTATCTCCGGTAATCATCACCACGCGAATTCCCGCCTGTCTACATTGTGCAACTGCATCCTTCACCTCTTCTCGCGGAGGATCAATGACCGCCACTAGTCCCACCCAAGTCATATTCTTCTCTTCAGCTTTGTTCGCATCCTTTGCACTAGCTCGCGCAAAGCCCAACATGCGTAAACCTTGACTGGAAAGTTGCGTAATCTGCTGGGTAATTATTTTACGCTGGGCAGCGCTAATTTTTTGCACTTTATCTCCAAGCAAAACTTGAGTGCAGCGCTGTAAGATTTGTTCGGGAGCGCCTTTGGTATATACGAGAAGCTGCTTATCTTGCTTCGCGCGCGCAATAATACTCATCATCATTCGATCTGAGGTGAAAGGAATCTCATGTACTCGCTTCAAGGATTTTTGAATGCGCTCGCGAGATGCCGGAAAACGCTCAGCGAATTTGAGTAGCGCTATTTCAATTTGATCACCGAG
CP060223.1_gap18	842149	845453	3304	AGATTATCCGCTTCATGCTACTTGGCTTAGCTGTAGTGAATCTACCTCTTTCCAAGCGCTTTGCAAAAACTATTCTCTGGATGATAATCGGTATCGCCGCACTGCAATCACTTATTGGATTAGGTCAATCACTCATCGGCGCCCCAGCTGATAATATACTTATCCCAAGCGAAGAACGACTCTTTGGCTCAATTTTACTTACCCCAGGAACTGATCAATATTGGGAAGGTGGACAGCGTATTACTGCCACCATGGGACGCTATGACCAACTAGGCACTTTTCTCTCTTTTGTACTCCTCTTAGTAGTTGGCTTATTGTACGAGCATCCCAAACTGCAAACTAAGCGTAAGTTGTTAGCCATACTCATGCTTGGAATTGCCGCACTCGCCTTAACATATTCACGTGCCTCCTGGTTTGGTTTTGCTCTGGGTTTTGGGGTGATAAGTGTCTTTTTGAAACGCGACAAACGAGTCATGATTGCGGGATTTTTACTCATCGCTTTTGTTGCACTCTACCCATTCTTTACCTCGCTAGTTGTTGACGACCTAATTGACCAACCGAACATGCCGATTGTTGATCGCTTGTATGAGGCTTTTTCCTATGAACGCTGGCGCAGTGAATACTATGGTCAGGGACGCGTCTTCTTTATTATTGAAACTGCTACAAAGGTGTTCCCAGCTGCCCCGGTCTTTGGCTTTGGGCCTGGTCAATACGGAGGTGGAGCGGCTGCTGCACTTGCTAACACTACCGTCTACGATCAACTAGGTATCCCTTTTGGTATCTATGGCTATACCGGACAAATTGATAACAACTGGCTGGCCTTACTCGGTGAAACAGGCGCAGTCGGCGTCCTCCTTTATATGGCGCTCTTCCTCAGCATCATTCGCTATTCCTGGCGCGTCTATCGACAAAGTGAAGATAAGATGATTGCCGGATTTGCGCTTGGCTTGATTGGTGCAATCTTGGCTGCTGCTTTTGAGGGCGCACTTGGTACTCACTTTGAAGTACGTACCCTGGGTGTCTATCTCTGGCTTTTCCCGGCTTTGCTTTTTGTCCTGCACGAAAAAACCTCCGACTATGAAAATCGTCCAAGTCAATAAATTCGCTTATCCCCGCGGTGGGGCTGAGCGACATATGCTCGACCTGATTAAAGTGCTGCAAGCCCATGGCCATGAGGTGTCGGTCTTTGCTATGCGTCATCCTGAGAATCTGCTCTGGCCTGATAGCGACCTCTTTGTCTCACAGGTCAACTTTGAGCATCCACGTAGCTTTAGTGAAAAGTTGCGAGCTGCCGGACGAATGTTGTGGTCATTTGAGGCAGCGCGTAAATTCGGTGAACTGCTTGATCGACGTCAACCTGATCTTGTGCACGTACACAATATCTATCATCAAATCTCGCCTTCAATATTACGTGAAGCAAAGAAGCGCGGCATACCGGTCGTCATGACTTTGCATGACTTCAAATTCATTGCGCCAAACTACTTACTATATGCCGATGGTAAAGTGAGTGAAGCTACTAAACCGAATAAATATTGGAAGCTCATCCCACATCGGGAAATTAAACACTCCTTTGCTGCCTCATTACTTTGCGCTTTAGAAATGTATCTCCACAAAACGCTGCGGGTGTATGAAAAGTATGTTGATGTGTTTATCGCACCAAGCCAATTCATGGCTGACAAAGTGCGTGAGTATGGCGTGCAAGCTAAAAGAGTTGAAGTGCTAGCAAACTTTATGCCTCAGCGCGACTTGCCAAGCTCGCAAGAGAAAGGCTATGCGCTTTTCTTCGGCCGCTTAGCAAAAGAAAAAGGTGTAGATGTGCTCATCGACGCCTGGCGCGAACTCAAAGACATCCCCCTGAAGATTGCCGGTACCGGACCGGAGGAATTAAAGCTGCGCCAACAAGCTGCTAGTGTTGCTGGTCATCAGATTAGCTTTGTTGGACATCAGAATGGTAAAGCTCTAGACAAATTAATTGCCGGCGCCCGTCTCATTGTGTTCCCTTCTCGTTGGTATGAAAACCAGCCCATGAGTTTAATTGAAGCATTTCGATTTCAGAAGCCGGTCATTGCCTCACGCCTAGGCGCCATCCCTGAACTCGTGCATAAAAACGACGGTGGGCGCTTAGTACCACCGAATGATTCCGGCTCTATTACCGAAGCAGTCCGCGAGCTTTGGAATAATGCCGAGCTTCAACGCATGGGTGAATACAATTACCAGCGTAGTTTACTTTTTTCCAGCGAAGGGTATTATGAAAAATACCTATCGCTCTTTGATGAGATTAGTGACAAGTCTCAGTCTCGCACTGAAACTGCTCAGTAGTCTTGTCTTTCCGCACCTTACAGCACTCGCAACCTTGGAGGGAGTATGCGACGTTTCTTTTTGGCACTAGGCTTTTTGAGTGGCTTGGGACTCGTGCTCGGCGCTTTCTGTTTCTTCGTCCACATTACCGTGGACTGGCATGAGAGTCGAAATGAGGTACATCGCATCGGCAACATCGCCAGTCATATCATCAAAGTGAAGGAGGCAACGGGCGAATGGCCGAGCAGGATCGAAGGCGATGAAACCGACTTCTGGGGCCAACACTATCAAGTGATTCGCGAAACAGCAAGCGTCTGCGCCCTTGTCTCAAAAGGGCCAAACGAACGACTGGACACAAACGGTCGCTCGCTGATCAACAGGAAGAAAAATGGAGATGACATCGTCATCTTGATCGAGTCTCAAACGGAGGGACAGGGATTTGTCCAACAAGTGCTACGCTAGGAGATGAGGCAGTATTGTAGGGATACAGTACTGCTTTTTCTTTTACCACGGCGAGGCAGAGAAGTCCCACCTATGTGTTTATTATTACCCAATAGCCAAGGCGTCCCGGCCTTGGCAGTTTTTTTCTTTTACCTTACGCATTGACAATTTTCGTATTTTAGGGTAGAATGCTCAGTCATAATCTGACACCGTTTTTTGACACCGTTGACGGAAAGTCGTCAACAAGAACTCACGCAACCCTATCAGAGGAGGGGCGTCATGTGCGACTTGATCCGGGTATACTTCGACTGTATGCGACACGGGGAGAGGGAGGGAGATCAACTCACCGCCCTCGGAACCAGGCAGGTCTCTGCCTCGGCTGAGGCCAACCTGGCTGGAACGCGCTATCTCTTGGCCTTCCACACAGGGATGACCCGCACTTACCAGACCGCCGAGACTATCCTTTCTACCCTGGAGGGGGCCGGCTCCTTGACCCCTCGAGCAGAAGAGGGCTTCGGCGTGGTTTGGGCACTGAATCAAAAGTGGCCTATCCAGACCGCCCAAG
CP060223.1_gap19	847541	849159	1618	CCTGTTGGGTAATTTCATCGCCTAGTTTACCTCCAACTTTATCTACTAGTCTCTGGCCTATAGAAGGATCTTTTGTCGTTGTTCTAGGCTGCGCTGCTTTATTCGCGACCTCTCCGTTCCTTGCTCGTTTTAGTGCCGCCTGATTATATTGCTGAGGCCTCTGTTTACTTGAAACAGAATTGGCAGGCTGCGCACTAGTTTGTGTTGCATCTTGCCCTGCAAAAGCTTGAGAGGGTGAGTTTACTTGTGCCTCGTCTTGTGATTCCTGTACATCAGCCTGAGCATGACCAAGACTATCTGCAGCAATCGCTGTGCCTAGATTAGCCGCATCATTAAAAGGCGTCCCGGTTGCTAAAATAGGTCGTATGTTTTGCGGATTGGCTTTTTTTTGACGCGCCCGACGTCGTAAACGACTCAACAAACGTTGCTGCACCTCTGGATTTCGAGGCTCAGTCGCTTGTGTGCCAGTCCCTCGCGATTGTGTTTGTTGCTCCATGCTCACTAAACTGTACGAAAAAAAAGACTTTCGAGCAAGTTCAAGATAAAATCACTTGCTGATCAAATAAACATAGAGTAGTATGCATTTGTCGGGGTTCTACCGACTTTGCACCTTCGCATCGAAGGAGGTCTCCATGCATTCATTGCTCACTTTCAGCGTTTCAGTCGCTGCATACATCGTCTTTGTGATCCTATCGGCCCGCTTCTGTGGAATGAACGATCGGGCTATGCGGCTCGCCGGTTTGATTGATCGGGTTTCTTACCCGTCCAAGATCGAGCCCGAAGACAAATCGGCGTGGCCCCGCGCTCGCACCAAGGAGGAAGTGCCATTAGCGAGTTGATCTCAGAACCGGTCTGACGCCGTACCTAGCAAGGTGCGGCGTCTTCTTTATGTAAAACCTTTTTCCTCATATGCGTGATAAGAAGACCAATTCCAATCCTTTGGATCTTTTACCAAGCTAGCACGTACTGGATTGTAGTGGATATAATGAATGAGATGGTGGAGATATTGGTCAGTATCTACTACGCGGTCATAAAAAGAATCTTGCCATATCTTTTTCATGCGACGGCGGGACAGAGACGCCCCGCCTATATGTTTATTATTACCCATAGCCAAGGCGTCTCGGCCTTGGCGGGGTATATCGGCGTCTCGGCCTTGGCGAGACTTATACATTTGTTGAGTCGTATAACTTTTAATACTATGCATCACCTCCGACACATTCTTCTTCCCTATTATCTCAAACAACACATGGATGTGATCTGGCATCACCACGTAGGCTAGCAGCCGTATCCAATGTTTCTTATGCAAGAAGAACAGAGTCTCAACGACAATCCTGGAGAGTTCTTTATTCAAGAATAGCTTTTTCCGTCGGTGGGTATTTGCGGTGACAAAATACACCCTTGTTTCAGCGTTGTAGGTACGACGAAGACGAGACATGAGGACACCTCGTGCCACCGTTTGTCTATCTTCACACTAAACTAATCCTTTTACCTTGGCAAACTACCCATACTTCGCCAGAAGTAATCGGGCTGCCTCGCGAATATCTTCCACCCGGTAAAAGATAAACTTACCTTGCGTGCTAATGCCCCATTCTAGTATTAATCCCTTCTTCGGCATACG
CP060223.1_gap20	864965	869742	4777	CTGCCAGAGTCAGTGCAGGGACTCCATCATGCTCTTCTCTTTTTCCACCTGGCACCATCTCCTCCTCTCCGGGTGTGTAGACGAATTCCCTGACGCTCTTTTGCAACTGCCGTTGCAGATCAACAGGACGCGAGGGCCGAGCTGCCTTCACCTGCATCGTCATGACAAAGCCGACGCCTTCTCGGACTACCCGAACGCCATGCTTTGTTTGCTGGAAGGTAGCCGGACTAGCTACGGCTTTCAGACTAATCTCAGCAATTGGGTCGGCAGTAACCTTCTCTACCCCGGCCTGACGCTCCAACCACGCAGCGAAGGCGCGTGATTCGGCCTCCATCTGTTTGAGCGACGGCACCTCAGGCACCTCGACTGAAACGATGCCCTTCTTTGAGCGAGGCGGCCCTCCACGTGCGTGCTTCATCTTCGGACTCCTTTCCTCTTTGAGCGTTTGTGCAAAAGCTCTGATGGATTCGGAGCCCTGAAGCTCCTCGTAGTAACTCTGCCACATGAAACCATAGTCTCGTGCATACACCTCAAAATCGATCGCCCAACCAGCCACATGCAAAGTGACGCACATCCTTGGGTATTTGGTTTCTAGATACAAACCATTCACCCTATCGCTTTTGAATGCATGCCAATCCGTCGGTTGCACCCAGCCAACCCAAGGAAAAAGCCAGAGTAATTGATGCAATAACTCTGCATTTTCAATCATTTGAAGCGGGCATGACTCCGGAAATCGCATACCAGCCTCCTTGAATTGTAAAGGTGCCTAAAACCTGAGCTTACCCTAATAAGGAAAGTTCACTTCGTCAATATATTATACAGCAAGCGTCGTAATCGGGCGGCTTTGCGTCACATAAAATTTCTTCTTTTCCTTGGCCCACTCGACATCCACCGGGAAACCATAATGCCGCTCTATCAATACAATCAATTTCGCCAGGGAGATAATTTCTGCTTTTGTTAAGCACTGCTTCCCGCCCTTTGCTGCGCTGAGAGATTTCCAAGAATTTCCACCCTTACTTGAACGGGCCAGCATCTTTTCCTGCTCCACAACATTCACGTCCAACAGTTTGAAACCGCGCTTATCAACCACATAACTGTCCGGCGTAATCTGACCCGAAACAACTGCCTCGCCCAGTCCAAAGCCAGCTTCAATGATAAGCTGGTTCTTATCTTGCGTCACCGGATGTACGGAAAAAGCAGTGCCCGATACTTCGCTCTGTACCATCTTCTGCACGACAACTGCAACGGAAATCTTTTTCTTATGCAACTTTTGCTCGAATCGATAAAAAATTGCCCTTGGGGTAAAAAGAGAAGCCCAGCAACGCTGTACGTTTTTGAGAAGCTGCGCTTTCGTCGTATTTAAATAAGTATCAAGCTGCCCTGCCCAGGCAGCCGACGCGCTGTCCTCAGCCGTCGCACTTGAACGCACGGCCACATAGGACGCCTGAAGACGTGCATGTGCCGCGCTAATTTCCCTAGCAATATCTTTTGGCATCTTTGCCTTGAGGATCAAGCCTTGAATAATTTCACTCGCCAAATCAATAGTGTGCATTTCCCTCTTATCAACCTTAGCGAGTTGTGCTTGAATCTCCACCCCTAAATCTGTCTCAGCTAAAAAGCGCTCAAAAGCCTCAGCTGCAATAACAAAACCTGGCGGGACTGGAATTCCTGCCTGTGTCATCTCACCTAAACTAGCCCCTTTACCACCTGCTAAGCCCGCATCTTTTTTACCAATCTGCTTGAAAAAATGTATGCATTCCATAGAGAAAGTATAGCACAATGGAGTATGGGCGCTCTTTTTGGTAAACTACTAGCATATGATTATACGACGTGAAACCTTAGTCACCCTGGCAGTCTCTTTTGGTATTATTATCCTCCTAAGTATTGGTGTGTACTACATTGGCACCTCGATCACACCTCAGAGCAGCAACACGAATACGACAACGAATAGCAATCAGAATGTGGCTCCCGGACTGAAGCGTTTTGTGTCAGCTGAGGATTTCTCCCAATATCTGACAAGCGCAAGTCGACTCAATACCCAGTATGGACTCCGTGATTCAGTTCTCAATGTAGTTACTCCTACTGCTTTTGAGCTAGAGTCAAGCGGTACTAAGAGCACAGCTGATCGCGTCTCACAAACCAACGTGCAGGTAATGGGTATTGATGAGCCGGATATTGCCAAAACAGATGGGCAGCGTATCTACTACAGCCAAGATACCTACTACGGAGCATTGGAGTATCGAGGTATCAGCGATGAGTTATTAAAAACCTCACCTGCCTATACGCAGACTTCAAGCATTCTCAATGCCATACCAGCAAACGCACTCGCTGTCGCTGGCACATTACCCACTAGCGGACAGCTGCTCCTGACGGACAACGAAGTGCTTGTCCTGGGCTATGACGGCGTACATGCTTATCCGGCAAATACGAGCACGGTAAGTGAGGCGACTTGGGAGATGTCCTACGGAGATGCCACTTCATTAGTCACTGCGCGTTTACGAGAAGACACACTCTATCTTGTCACCAGCACCTCACTGAATACCACCCAGCCATGCCCGATCACGCCACTACGAATTGCTGAAGGAGATGTGAGCATTGCCTGTACTGATATCTTCCACCCAGTGAATCCAACGCCAATCGATGTTGTCTACACTGTCTTTGCCATCGACCCAAGCAGTGGTGAAATAAAACAGGAATTAACCCTCAGTGGCCTCTCAGGACAATCTGTTGTCTATGTTTCGCCCGAGACCCTCTACCTCACCTATACCTACACGAGTGATTGGGTCAATTCATTCCTAGATATTCTCATCACTGATACTGCTGATATTTTACCTAGTGAATTAATTGCAAAATTACAAAGACTCCGCACCTATGACTTGAGCGCTGAGGCACGCTTAACCGAGCTCGCCACCTTGCTTGGTGAATATGACGCAAGCATTTCAAATGAGGAGAAAGAAAACTTCCAAGAACAACTCACCACTGCAGTTGAACAAGGTGTGAAAGAGCGGCTGCGACAATGGGAACGAACTGGGATTATTGCGGTTGATCTTGATCGACTGCAAGTGGCAGCGACCGGTGAAGTGCCTGGTCATCCCCTGAATCAATTTTCACTTGATGCTTATGCCGAGACCCTCCGTATTGCTACCTCCAGCGATGCTCGTTTTGTTGCCTCTTTCTCCGCCACCAGTCAAACAAATAATGACCTCTATATTCTCGACAAAGACTTGAAGCCCTTAGGCTCTATTCTCAATCTCGGGGAAGCAGGGGAAACTATCTATGGAGTACGCTTTGTCGAAGATACGGGCTACCTTGTTACCTTCCGTCAAACCGATCCCTTCTACGTCTTAGACCTGAGTGATCCGAAGAAGCCTATAGCTAGCGGCGAGTTAAAAATTCCTGGGTACTCTTCTTACCTGCATCCTATTGCGACGGATCGCATCCTCGGAGTAGGGCAGGATAATTTTCGTGTGAAGGTTTCTCTCTTTGATGTGAGCGATAAAAATGCGCCAAAGGAACTATCCACGCTTACATTAGAAAATGAGTACTGGTCTGACGTGCTTAATACTCATCACGCTTTTCTCCAAGATGCTGATCACTCCATCGTCTTTATCCCAGGATCGCAGGGAGGACATGTTATCTCCTATACGAATGGAACTTTAAGCGAGGTGAAAAAGATTGAAGGCTTCGCTGTGCAGCGGGCACTCTACATTGATAATACGCTCTATGTCCTGGGCAGTAGTGAGGTGAGTGCAGTCGATGAAACGAGCTGGGAAACCATAAGCAGCGTAAGTCTCAACCAAAATAGGACAGGGGTTGAAGAGCCACAAAGCACGGAACCAAGCGTTCCGATAGAGGACCTGCCAACTACTGAAGCAAATACTGGCGAAGGCACTAGTGCTACAGGCGATTCGACGGAATAGTCTTTGCGCTCACTGAAGCCTTGTCCTCAGTGCAGCATTTTTTGCTGCAACCGTTTTGACAACAGCAGCAATCACACTTCCGCCGCCAAAACATAAGCAGAAGTATAAGCAGTAGCACCAGCAGGCCAAGCACTAGGATGCCAATGGCAATCCAGGAATAAAGCCAGAAGATTCCCGCAAACCAGAAACCACTCTCGGGTGCATATTTCACAACCTCAACACTGACGGAACTGCTCCGAATATTACCCGCATTGTCGATCGCTAATATGGTTATGGTGTGTGTTCCGTAGCTTAATTCCGGTAAGAGAAAAGGCTCCGTTGCTCCAGGTAGAGCAATAATGCGCTGCACATCATCAATCAATACTTCGTAGCGATCTATGCCTGACAGGGCGTCCTCAGTGCTGAAATCGATATTGGGTCGTAGATTGGTTGTTGGTTGATCACCCTCAACTCGGACTGAAAAAGGAAGTGGTGGGGTAGTATCAATCCGAACACGGAAATGGGTAGCCTCACTCCAGCCCGCTTCGTTTTTCGCTTTAATGTGGAAGTACCAAATACCATCTTCCTTGTCCTGATATTGGACGCTTAGCTCAGTGCCCTGCCCATCATCATTAGGAATCGTACCGGCACTTTGATCTAGGAGGTAACTAAAATCCTGCGCCTCACCATCAACACTCCAGGAAAGTAGTGGGTCAGCGTTGGCGTACCAAGAGTCCTGATTCGTGTGCGTATCAGACCAGACTGTTGGAGCAGGTAGTGGCTGCGGCTGAGGTGGTTCTTCTTCCGGTTGTTCTGGCTCAGTGCTTGGCCGTGATGGTGGAGGAGCACTAATAACAAGAATGGCCGTGCCAGTTGAT
CP060223.1_gap21	876387	879709	3322	ATTAGCGAAATCAAACCGATAATAGTCTGCGTCAGCATCTACACCAACTGAAGTAATAAAATAAATCTCATGATTTGCAGCAGTATTTTGAGTAAGCGAGCTTAACGTATCAGAAATACTCGTCAAATTGGCAGCAAAAACCGGTCGAGCTGGGAAACTCAACACCGTTACAAAAACTGCTATGAGAATGGCTATTTGTATTTTTTGTAGCTTTCCGTACATTCTAGAAATCGAAAACATCCTAATGAATAAAACACTATAGAACTTAAGACGTCAACTGACTAGAATTTGCCAGTTACCACGTAAGTGATATCGGTTGAGTAACTTCCAGCTGGGGTCGTACCAGCCGCATTAGCAATGTAATATATGCTGAAATTCTCAGTGGCCGTGCTACCAGCTTCTGAGGCAATGGTTGTGGTGGTATTTGCTACAAAGGAATAATCAGCTGGCGAAGTAGCATCATAACCAGAGGCGATGGTTGCGTCACCGTCTGTGGTACACGCAATGCCAAACTGCTCACTCCCAGGTGCGCCATCATCATCATTGGAAATAGTGGCCGCATTAATATCATCAGACCCACTGGTAAGTAATGGTCCATAATAGGTAAGCGCATATCCATCATCCGCTGAGGTACGGACTGAAATAGTATGCGCCGAGGTTTTTGTACCCGTGCCTGATGCATCGCCGGTCGCGTATCTGGCGCCAGAGGTACTTAGAGGACCAAAGCCAACGCTGGTGTCAGAAATACTGAATTGCACTGCGTCAAAATCCCAGTTAGTTGTGTTTTGGCAATCAATATTTGAAACATGACTTGAATCAATCAAGTCACCGCCAGAAGCATCAGACCGACCCACATTTACAAACTTCACTGTTTGCGCGCCACTCACGTCAAGCAACCAGGTACCTGAACCCAAGCTAGAATTACGGAAAATTATTTCACTGCCATATGTCTGCCCATCCCAGTTAATATCATTCATGGTATAGGTTGAGCCAGAGTTATACTCTACTTTTACATCACTCGTAGTAATAGTGTATTCACCTGCTGTAGTTGCTGCCGCCGCAAAATCAACTCCAGGGGTAAAGGAAGCTGAACAACCAGAATACGACCCACTACTGTTTTCAATTGCTAAGTCATAAAATGACGAAGCGCTTGTCATTGTTCCGGATAACGTTTGTAGCGAGGAACCATCTAAAACAACTCGGCTATTACCATGAGTAAAGGTGTCACTATTTGCCCAATCACCGGCCAAAGTCAGCTCAGGTGAAAAGGCTGTAGAATTTACTTTTTGCTTTGTGCCACCTTCGTTTACACGTAAGGCAACCTGAGTTGGACTTGATCCTCCGCAAGAAGGAATAGCCAACCATATGGCAAACTCTACATAAAGCACTTGATTAGTAAGCGTTTCTTCTGGGATGCCAGTAATAAAAATGGCATAGTCATTCGTTCCTGTGCTTATATTCACATTTTTCCATCCTGAGATTGCAACCGGATTTGCTAAGTCAGCATCAGCCTTCCATAATCTTGCGTTCACTTGACGTCGTCCGTATGAGCACGATCCGGCAGTATAGACCGTTGTGATATCTACCGACCAGGTACCAGCAGCGAAGGTTCCAGTAATTGGCTGACCATTGTTAAGCATCCATCCGGTATTAGTGATAGCACTCGGAATGCTTCCATCCCATGTGGTACTTGTATTCCCTGGCACAAAAGTACAATATCCACTTTGACCTGTGCCGGTATCGTCGCATTTCGTCGTATCATTCGATGAGCCACTCGGGTCAACCGGCTTCATGCGCCAGCTCGAACCATAACCACTCGTGTCACTGGTCAAATACCACGCTGTAGGACCACTCAGATCAAAGGTTCCGCCAGTAATGTTTACATCTCCGTTTATATCAAGAGGATAAATGGTTTTATAGGTAGCGCTCCCCCCAGCATCGTTAAGCTCAAGGTTATTTAAATTAGTTGCCGCTAGAGATGACGCTTCACTAGTGTCGATATATTGCGTGCCGCTTGTAGCATTCAATACTAAGTTACCAGTCGACTCAATAATAGTATCATTGTTGGTAAAGTTGCCAGCAACATACAAAGTATTTGCTCCATTAAAATCAAAGGTGCCGCCATAAATAGTGAGGTATCCATTGACATCCATGTCAGTCAGGAGATTCCACTCAGCCCCACCGCCGCTATCATTAAACTCAACATTATTAAAGAAGTCACTCCCTGTTCCATCTGCATCTATATCATAGGTACCGCTGCCCGCCTGGAAAAGCACATAGCCCGATGTATGAGAGAATGTACCATCGTTGTTCCAACCTCCACCTAATATCACAAATGATGACCCCACACTCAGGGTACTATTATCAATATGTACATCAGCTGCCTGAGTGGTAATGTTGCCGGCTGGCGCATAGGTATCACCATTCCAAATATGCAGCTCAAAACCCGAATCAAAGGTTGCCGCTGATCCTGAAACACTATATTTAATATCATCGTCACCACTATCGCCGGTATTTAGATTGGCGTTACTGATTGATCCAGTATCAGCTCGAACAATGACTGTATTCTGATACAGATCTATATCTGTCTTTGCCACACCATCAGACACAAGCACAGTTGTTGCCTCCTCTGTTTCGTCATCGAGATATACAGTGACAATGTCGGTTGAGTTTGCTGGCACGCTTGTAATAGACCAAGCGCCGCTGCTGTCGGTAATTTCATCAGTGTAACTACCACTACCATTCACTTTCAGTGTGACCGTTTTGTTTACACCGCTCCCATCAAGTGGTGTAGTCCCTTCATTAGTATAGGCAATACCCGAAAGGTTAATGCCAGCCGCAAAAAGCCAGTTGGTGTTGTTTAGACAGTCAGTGTTTGTACCATCAGAAGCATCAATCTGATCACCACTAGAAGCGTCAGATCGGCCAACATTCACATAGGAAACTGCAGTTTGAGTACCCGAAACATCCAGCAGCCAAGTACCTGAACTTAAATTAGAGTTTCGGAAGATAATATCATTACCAGTAGAAGCGCTCCAGTTAATATTTGTAATTGTATAAGTGGATCCGGAATTATATTCCACCTTCACGTTATTAGTCGTGATGGTGTAGTTATTGCTTACTGTTGCGCTGTCAGCAAAATCAATACCGGGAGTGAAAGAGGTTGAACAACCTGAGTAGCTACCTGAACTGTTGGTAATGCTAAGATTATAGAAAGATTCTCCATCAGAGGTTATTGTTTGCGTCGAGGACCCATCAAGAATAACAGTTGACTGATCCGCGGTGAAAGTAGCGCTCCCACCAAAAATCATGCTCCCAGCTA
CP060223.1_gap22	1043085	1045965	2880	GGTCGTTAAGCTCATCAGCGCTGATGATACTACGGGGCATACCGTTGGGAAAGTAAGCCAGTGCCGGTTTATCAAGAAACTCTTGGAGAAATTCAGGAGTTTTTTGTTTTTTTGCCCGTGTGCTAGGCTGTAAATAAGGATGTCGGGGATAGTTCTTTGGAAAAGGAGGACAGGACGCATGCGACCTATCATGTTTGTTATCTGGCTGCTGGTAGTCAGCAGTATTGGGCTTGGGATCGCCCAAGCCAACCCTCGCACGGATCGGCAGGACCTCCTGATCGAGGATCAGGTAGCTCCTCACTTTGAGTTGAGGGAGGCACTGGGTAACGATGGCTACAACACCATCTTCGATGGCCAAGTCATCGAGGCTGACCAGCTGACTCAGCTCATTGCGGTTGTCGATACGATGAGCGCCAACGACGTCGAGTACGTGGAGTTTGTCTGGCGACCCATCGGCGAGACCAACTGGAACCTGATCGATGCAGATCTGCATATCAAGGACGGTGTCACTTGGGAACTCGGATCCTGGCAACCGGTGGATCTAGGCTATCCTATCATCGAGCTGGCTCCAGTCGGAGTTGACTACGTTGGAAATGTGGATTGGAATCCGGAGACGCTGATCATCAGAACCTCGGCTTCAGCTCCATCGGCACCAGTGCGGCTGCGAGTCTACCGTGCTGGAGATGCTGGATATCAATTCCAGCTCATGTCACAGGGCGTACCTTCGGAGATTCAGATCTTCAATGTCGCCGGGCGTCGAGTCGCCCTACTGCCTGTACCGAGCAATGCGGAGCGCGTTACTTGGTCAGGTCGTAGCATGAGCGGCGAGCAGGTCGCCAACGGCGTTTACTTCGCCCGAGTAGCTGACAGCGATCAGCAAGCTCGAGTCGTGGTTCTGCGCTAGTCAGTCTTCAAAAGCCCCATCTGGAAACAGGTGGGGCTTCTTCTTGACACATTTTTCCATGCCTGACAAAGTATGTCTGGTCGTTCTTTTTTGAGTAGTGGAGGTGAACGATGGACCGGCCTGAGTATACCTTTCAGAATGGAGATGCGGTGTTCCGATTCACGGGGCATCTTGGTCGAGGCGGCGAGCACAATGGCGGATGTCATTGCGGACAGGGAATGAGCGATCAGGCACACTATGTCCTGGCCACCCAGATTGACCCCGCCGGATCAGCCAGTGATCGGAATAACTGGCAGGTGGTTGCGGAGTTCTGTGATCCCTGGCGTGACTGTATGGCAGCCGAGCGTGGCAGCCGAGGTGATCGTACCTCAGCAGAACAGTGGGAGAAACCCGAACGAATTCAGGAGGCCTTGGAGCAGCTCCAGTCCTAGGATACATAAACGCCGTCGAGCCTGTCTCCGCGGCGTTTTCATAGCTCGCTACCCTATTCAGTAAAGGCGTTTTTTGGTATACTCATACCACGCAGAAACGGTATGACACCAACAACGCAAAGGAAAGCAAATACAGGACAACATCGACGACGTCGACGATCCCGCAATCAAACAGCACCGGGACAGTCTTCTCCAAAGCTACGCCTGATACCCCTGGGTGGCATGGAAGAAGTTGGGCGAAATTCGATGATTTTAGAGTATGGGAAAGATATTCTCATTATTGATTTGGGCTTGCAGTTTCCTGAGGAGGATATGCCGGGCGTGGATTATAGTATCCCAAATATTTCCTACCTCAAGGGCAAGGAAAAAAATGTACGAGGAATTCTCATCACGCATGGTCATTATGACCACATTGGAGGCGTGCCACATTTAGTGCATAAGTTAGGTAACCCAACCATTTACGGATCAGACCTTACTCTGGCGTTAATAAAGAAGAAGCAGGAAGATATCAACCCGCAGCACAAGCTGCGTTTAGTAACGGTAAAGAAAGATACGAAGTTAAAAATTGGCCCTTTCCGTATTGAGTTTGTAGGCCTGTCTCATAATATCCCTGCTAGCTTTGGTATTATCATACATACCCCCCTCGGCCCAGTGATGCACACGGGTGATTTTAAGATTGACCATAAGGGTGGCTATCGCAACGAGACTGATATTCAAAAAATCGAGCGTTTGAAAAAAATGCGGATGTTGGCGCTCATGTGTGATTCAACCAATGCCCCACATCAAGGCCATCAACTTTCTGAGAGTGAAATTACTCAGAACCTAGAAGAAATGTTTAAGCGAGCAAAAGGACGCATAATTTTTGCTACTTTTGCATCTTTGCTTACTCGCATTCAGCAGATTGTGTGGCTGGCCGAGAAGCACAATCGTAAAGTGCAGGTTGAAGGCTTCAGCATGCGTACTAATATTGAGATTGCGAAACAGCTAGGCTATCTCAAGTCAAAAAAAAACACTTTTGTGAAAGATAAGGAAGCAGCGAAATTGCCCGACAGTCGCCGTGTGATTCTTTCCACCGGCGCGCAAGGTGAAGAGCGGGCAGTGTTGATGCGTATGGCAAACGGCGAACATAAGTATTTGAAAATCCAAAAAGGCGACCTAGTCGTATTTTCATCTTCCGTGGTGCCGGGGAATGAGCGGGCAGTGCAGCGCTTAAAGGATGGACTCTTCCGCGAAGGTGCAGATGTATATGACAACCAGATGCTCGATATTCACGCTGGCGGTCATGCCAAAAGCGAGGATCTTCGCTGGTTCATCCGCACGATTCGACCGCAGTACTTTATTCCTATTGAAGGCAATCACTCTTTCCTACGCATGAACGCACGCTACGCTATGGAGGAGGGCATGGCCGAGGATCACGTCTTAGTCGCTGATAACGGTCAGGTGATTGAATTTACGAAGCAAGGTGGCAAGTTGACCAAGGAATATGTCCCAACCGATCATGTTTTTGTGGATGGCTTAGGCGTGGGCGATGTTTCTCATGTGGTG
CP060223.1_gap23	1082086	1082586	500	GCTGCTACCTGTCGGATGAAGCCAGCTCTTTCGAGTAAGGCGTGCGAAGGAATGAGACCTTCGCGCACCTCGCGCCGTGTTCTGGGGAAGTGAGCAGTCATGCGCACACTCACAAAAACCTCCCTTGCTTTGTTGTTCTTCGCACGTGTACCAAAACGCCGCAGGGTGACTTACATCACACTTCGTTGTTAAGGTCCTACTAAATTGTTGGGTACTGTACGTGGCTATGCGCGACCTGTCAAGGAAAACAAAAATGAAGCGCATACTTCATCATACATGAGATAAAATCTTGATTAATTTTTTTCTAAGGACTCGGCGATTTCCTGCGCTCTTTTAAATGCAGCCTGCAGTGCCTTGGTCCAGGCAGCAGTGCTCTTTGCGCGCTGCATTATCTTAAGCGCTTCCTCAGTTGTTCCTTTTTTCGAAGCAACCTTTTGGACCAGTGCGAGAGGTTCGTCGCTGGCATCTTGATAAAGAGCAGCAGCACCGAGCAGCGTTTC
