gap_id	start	end	length	sequence
CP064974.1_gap1	8145	10450	2305	TCATCTTGCGCTATTTCGGTGAAGTTTTTCCAGAATCATGCGATGCCTGTGATGTGTGTCTCTCCGAACGGACGACATTTGATGGCACGCTTATTGCGCAGAAATTGCTTTCGGCAGTCTTTCGTCTCCATGAGCGAGTTGGTCTTGGCTATACTATAGGACGTGCTTCGCGGATCGAAATCCGAGAAGATCTGCCCTGAGCATCGTGCCATAAAAACTTTGGCGCGGGCACAGACACTTCTCGGGAAGCGTGGTTTCGCTATGCCAAGGATCTCATCGCATTGGGATTCCTGAAGCAAGTGGGCGAACCATACCCGACACTTTCACTGACAGAGAAGAGCGCTGCTGTACTTCGTGGTGAGACACGGGTAATGCTGACCGCTTCAGTGGAAGTCAAAAAGGAAGTAGAGGTAGTCATTCCTGCTCACGAAGCGACACTTCTCGATCAACTCAAAGCGCTTCGTACGGACTATGCGCAGAAAGAAAACGTGCCGCCCTACATTATCTTCTCCGATGCGACACTTCTCGAGCTTGCCACATTTCTTCCATCGGACATATCCGAGCTTGCGAATCTCTGGCTTCGGAGAAGTGAAGACGCGGCGATATGGCAAAGCCTTCCTCAGTGTTGTCGCTACCTATTGTCGAGAACACGGACTGTCATCAAAATGTCGGAGAAAATTTCGGTTCGGTTCTCGCGAAAGATAAGGTGACGCAGAAGTCTGTTTGCCGAGAGACAGGGGTCTCAGCGCGATAGAGACGCACTTTTGGAAAGTTGAGATTTCTCAACTTCGCTCGGAAATGGCTATGGCTTCCGCTCTATCGTTTCAAGCAAAGTATTTTCTCTCGTATTCTGCGGAGGGCGAGTTGTTTCAGAAGATGCGCGTGTGATGATACAATGGTGATATCAAAACCCCCTCTATGAAACTCTCCCTCACATTTCCTCCAGTGGGGCGGCATCGCCGCCGTGCTGCTTGTTGTCGTCGGACTCAAACTACGATTTCGAATCCAAAGCCAGCATGCAGCTCAATGGTTCTGTCGAGAGCTCGCTCTCCCAATCCCTCCGCGGCTACTGGAAACTCGATGACGGCTCCGGCACCAACGCGACCGACAGTAGCGGAAACACGAACACCCTCGCCATGACCGGCTCCCCCGAGTTGGACGACGGGGAATATCGGTCCATACGCTCTCGACTTCTCCGGCTCCGGACAATACCTCTCCGTCGCCGATCCCGCAAGCGGTGTCCTCGACTTTGCCGATGGCGCCGACTTCTCCATCACCGGCTGGTTCAACCGAGACTTTTCACCGCCGATCACGATCGTCGCCAAGAAAACAGATCTAACGACCAATGCCGGCTATGTGCTATGGATAGATAACAATGGAGGAACCGATTACCTCAACTTCGAGATCGCCGATGGAACCGATACCTACAGCGTCGCTTCCTCTACCGACTTCAGCGCGACCGGTTGGCACAACTTTGCCGCCGTCTGGGATGACTCGAACGGCATGTATCTCTATATAGATGGCGGTCTCAACAGTAGCACGACCACATCAACCGCAAGTATCGGCAGTCTCGCCAATACCAATGCCTTCCGTATCGGCGCGGAATCAGATGCGGGCGTTCCCTTTGACGGGAAGCTCCGACGATATTCGCGTCTATGGCTCCGCCCTGAGCGCAAGCGATGTCTTGAAGCTCTACCAAACGACCGCGCCGGCACAGCCGGTCGACACAGGGCTCGTCGGGCACTGGACCTTTGACGGACCGGATATTGCGGGGACGACCGCGATCGATCGGTCAAGTTTGGGAATAATGGAACGATAACGGGAGCGGTACCGACGATCGGGAAATTGGGCCAGGGGATGGGGTTTGATGGGACGGCGTCTACCTCAATCGATGCCGGGTCGGGGAGTTCTCTCGATAATCTGCCTGCCATGACCATAGCTTTCTGGGTGCGCATTGAATCCTTCCCGACCTTAAAGAACTATGTCCTCTCGAAAGATTTGAATTGTTGCGGCGCGTCGGTCGGATGGATAACATCATTCCATTCGTACTACAAAATGTTTGCCCTCGAAGTACAATACGATGGCGGAACGAATTTGAACGCGAGTACACCGGACAATAGTTTCACTAGCAGTGACTTCGGAGTATGGACGCATGTGGCAGTCACTTGGACAGGAGCCAGTCAACATCGGGTATGACCTTCTACAAAAAACGGAGTCAGCTTTGACAACAAGCAATTGGGATGACGGAATAGGGGAGCCGTGCTGATGATAGCGGCTATCCGGTTACAAATTGGCGCCGCCCCAA
CP064974.1_gap2	14800	16780	1980	TGCCAAGGCTCCGTCTCCGCGACGATCACGGATGCCAATGTCTCCACTTCCGGGACGGGCTCACCCACCTACCTGGTCGGGATGACCTGCAGTGTGCAGGGAGGTGGGTGGAAGTGTGGGTGTAGAGATACGACGTGCGCGAATTTTTCGTGGCAGATACAGGGAGCGGGGATGTAGAAACGAAGATTTTGCGTCCCAATTATCTTTCCAACCTATGTTTTCTATCCGACTCTTTCTTGGACAATCATTGCGCTTTTTCTTGCTGTGGGGGCGGGGTTCTACTGGAAACACCAAGGGCAGAATGAATCAAAAGCCGGGACGACGGTGAATGCGCCCGAAACAACAATCAATACGCTCACGACCGGACTCGTCGGGCATTGGACATTTGATGCCCTCGATATCTCCGGGACGACGGTAACGGATCGGGGAACCGGAGGAAATGACGGGACGATCACGGGAGCAGTGCCAGCCTTGGGGAAACTGGGTCAGGGGATGGGGTTTGATGGGGGTGGGGATTATGTTTGCATGGGCGATGTCCTTGCATTCGAACGTACCGACCCATTTTCGCTTTCGGCATGGGTTCATCTCGCGACAGACTCGGATGTAGACGGTTCAATAATCGGAAAGATGGGTCCTACCCCTGATCAGCGAGGATACGACATCTATGCTTCGACCGCTTCATGGAAAGCGAATATTCGAAACAGCGATTCCGGTTCCAATGGCATCACCGTGAATGGACTTTCCGATATCGCCGATGAAACATGGCACCATATCGCTGTGACGTATGACGGTTCCTCGAGCGCTTCGGGGGTCACTCTGTACGTCGATGGCGCGGATGATACGGGCACGACTGACATGGATACGCTTTCCGCTACCATTGTCTCGAGTGCGGATTTTTCGATGGGCACACGAAACTGCACCCCTTCGCCCATCTTTGATGTTAAGGGGGTGATCTGACGATGTTCGCATCTACTCCCGCGCGCTCACCCAAGCGGAAGTCTACCAGCTCTCCACTGCCGGCGTGGCGACGGTGAACGCTCCTGTCGAAGACCCCTCTCCCAATCCCTCCGCGGCTACTGGAAACTCGATGACGGCTCCGGCACCAATGCGACCGACAGTAGTGGAAATGCAAACACCCTCGCCATGACTGGCTCTCCCGGTTGGGTGACCGGAAACATCGGTCCCTCTGCCCTCGACTTCTCCGGAAGCGGACAATACCTCTCCGTCGCCGATCCCGCAAGCGGTGTCCTCGACTTTGCCAATGGAGCCGACTTCTCCCTCACAGGCTGGTTCAATCGAGACACTTTCACCGCCGACCACACCATCGTCGCCAAGAAAACCGACCAAGCTACCAATGCCGGCTATGTCGTCTGGATAGATGCCTCTACCGATACGGTCAACTTCGAAATTTCTGATGGTACCTATACCTACGAAGCAGACTCTACCACAACATTCACATCAACCGGTTGGCATCACTTCACTGCCGTCTGGGATGATAGTCGTGGTGCCTCTGTCTATATCGACGGAGGACTCAATGGAAGCACAGAAACCTCTACCAGTAGTATAGGAGACCTCTCGAACGCCAATGCCTTCCGTATCGGAGCCGAATCCGACGCCGGAGTTCCTTTTGATGGCAAGCTCGATGATATCCGCGTCTATGGCTACGCTCTCTGCTGACGAAGTAAAGAAGCTCTACAATACCACGAGCCCCGCCCAACCCGTCGACACCTCCTTGGTTGGGCACTGGACGTTTGATGGTCCGGATATTCAGGGAGTACCGCAATAGACAGGAGTAGCTTCGGGAACAATGGGACGATAACGGGAGCGGTACCGGTGAAGGGGAAATTGGGCCAGGGGATGAGTTTTGATGGGGATGGGGATTATGTGTATGCCGGGTCGGGGTCGTCGCTTGCCAATTTGAGCGCTCTCACGATTTCATTTGGATGAATTTGGATTCGTTTGGCCAGAATAGCCAGGGAA
CP064974.1_gap3	32845	33430	585	CTGTTGAAGATAAAGATCTCAACGCTTTGCTTCATAAGACGATTAAGAAAGTATCGGAAGATATCGAAGAAATGCGGTTCAATACGGCGGTGTCGGCGCTGATGATTCTGGCGAATGAGATGGAAAAACAAGAAAGCGTTTCTCTCGATGTCTATTCTACATTTTTGCTTCTCCTCTCGCCTTTTGCGCCGCATATTGCGGAAGAACTCTGGCACTTGCTGGGAAACAAGAAATCGCTTATGTTGGGATGTTGGCCTAAAGCCGACCCTCGCTTTCTTGTTGCTGAGGCGGTTGAGGTGGTGGTGCAGGTAAACGGCAAGCTTCGCGCGAGGCTTCGGATTTCAGCAGGTACTTCGCGAGAAGATGTTGAGCGTTTGGCTCGTGAGGAAAGGACGGTCCAGCAGTACCTCGAAAACGCAACTGTTCGAAACGTAGTTTTCGTTCCGAATCGGCTGGTGAACTTTGTGATTTGATCTGGAGGATGTTGCATGACAACTAAAGTAAGTAAGCAATGCGGTAAATATTGTCTTCCCAGAAAGAGTGAACTCAAATCGTTGCTTCGGAATAAGCGCTTGATTGGATTGA
CP064974.1_gap4	44669	45238	569	TGGAACAGCTTATACCTCATGGTGCAATTCTACACCCTATTCCCTCTGCCCCTCTTCGCCCGGGACGTGGCTGCAAGGAAGCGACAATCCTTTCGTCAATGTAACTGGTTTTAATTTTAATCTTAAATCTTCGATTTCTGGCGCATCTCCCATTAATGCTGGAACGGCGCTTGGCGAAGGCTTTGACTCAATTGACGGAAACGGAAATACCCGCGGTGCCGACGGCACCTGGGACATCGGCGCCTACGAGTACACCTCCGGCTCTAGTACCCCCGACACCACTTCCCCCACTTCTCCCACCGGCCTCGCCGCAAACGCCACGAGCCAATCGAGCATCACCGTCTCCTGGACCGCCTCGACCGATCCGATAGTCGCGGGACAGACCACCTCAGGTATTTCCAATTACATCGTCGAGCGCTGCCAAGGCTCCGGTTGTTCCACCTTCACCCAAGTCGGCACTCCGACCACCTCTCCCTTCGTCGACTCCGGCCTCACGCCAAACACCTTTTACAACTATCACGTCCGCGCGACCGATGCCGCCGGGAATCTCTCCGGCTGGTCCAATGTGG
CP064974.1_gap5	46522	50227	3705	CTGCTCCTTCATCCTCCAGCATCACCGTCTCCTGGACCGCCTCGACCGATCCGACAGTCGCAGGACAAACCACGTCAGGTATTTCCAATTACGTCGTCGAACGCTGCCAAGGAACAGGCTGTTCCACCTTCACCCAAGTCGGCACTCCGACCACCTCTCCCTTCGTCGACTCCGGCCTCACGCCAAACACCTTTTACAACTATCACGTCCGCGCGACCGATGCCGCCGGGAATCTCTCCGGCTGGTCCAATGTGGTCGGTGCGACGACCCAAGCTCCTGATACGCAAGCGCCCACAGCTCCGAGCAATCTCCAAACCTCCGTCGTCTCATCCTCCAGCATCAACCTCGCCTGGACGGCAAGCACAGACAATGTCGCCGTCACCAATTACACCGTCGAACGCTGCTCCGGAACTTCCTGCACCACCTTCACCCAAATCGCCACTCCAACGACCAACTCCTACTCCGACGCCGGTCTTACGGGAACGACGACCTACCGCTACCGAGTCCTCGCAACCGATGCCGCCAACAACACTTCCCCCTACTCGAATATTTCTTCCGCCACGACCCCCGAGACACCTCCCGTCTCCCAGTATCTCCAGGCGGGCTACAACTTTGCCGAAGGCACCGGCACCACCACCCAAGACATCTCCGGTCACAACCACACCGGTACTCTCTCCAATACCACCTGGTCGACGAGCGGCAAATACGGAAACGCTCTCGACTTTAACGGAACGAGCAGCTCTGTCGGTATTGGAAACTGGAACATTCCCGGAAGCGCCATCACCCTAAGCGCCTGGGTACGGGCGGACGACTGGAAGACGGACGATGTCCGCATCCTCTCCAAAGCAACCGACAGTACCGAACAGGGTCATACCTGGATGCTCTCCGATTCCAATAGTCTCCTCCGCTTCCGCCTCAAAACCGGTGGCACAACCACAACCCTCGTTGCAACGAGCGGCACTCTCCAAACAAATGTCTGGACTCATGTCGCCGCGGTCTATGACGGAAGCACGATGACACTCTACAAAGACGGACTCGAAGTCGGAAGCCAAGCCAAAACCGGCACCATCGATCAAAACACCGCCAACATTTCAATCGGAGCAAATCCCGAAGGCTCCAACTCCTTTGACGGTACGATAGACGATGTCCGCATCTACAACAAGGCGCTCACGCAATCAGAAATCCAAACCGATATGAATACGGCGCTTACTTCGGGAGGAGGCGGTACGGTCGCCTGCAACACCGTGACGACCGCGAACTTCTCCGATGCCGCTTACAACAGTTACGGCGCGCCTTTCGATGCGTTTCAAACGAGTACGAATCTGATGAATGCACTGTGCACCAGCGCCGACACGCATACCATCACGCTCACGACCGGAGTAACGGGAGACACCGCGAGAATCGTCTACACCAAAGGCTACTGGTACGATGCAATAGGAAGCGCCTGGCGACAATACACCGGCACCTGCACGGGAGCGCTCAATGGCGAGTGGTGCCAAGGCTCCGTCTCCGCGACGATCACGGATGCCAATGTCTCCACTTCCGGGACGGGCTCACCCACCTACCTGGTCGGGATGACCTGCAGTGTGCAGGGAGGGAGTTGGAAGTGCGGGTGTCGGGATACGGCGTGTGCGAGTTTCAACTGGCAGGTGCAAGGGGGAGGGATGTAGGTGGATGGAGAATGTGGAAATTCAGAAGTGTGATACAATGGGGGCATATATTTTTGTGATGCGTGTATGCCGCAGCCACATGGTCTTGGAAGAGGGTTGTCTTCGTTGATTCCTCAGAACCAGAAAAAGCAAGATGCGACTCCTCCGGAGAATGCTCAATCTTTTTCATCCTCAGCTTCTACTCAGAAGACGAGTCCTTTTGGCGTGAAAATGGCACCTCTTCAGAAAATGCCCACAGCGCCTCCTGTTTCCATAAAGAAAGAAGGTGAGTCCGACTCATCCGTTCAATCAAGATCTTCAGATGCGCCTCGTGAACCTCGGGAGATTTCTTCGCCAGTGTTTGATATTCCCGTGAAGACTATGCAGGAGACAGCGCCACCACTCACGAAAGATTCTGTTGCAGTGACTGCTCCAGCAGTGTCTACAGGGGAAGGTGCGGCGCTTTCGGTACCGATAGGGAATGTGGTACCAAATCCGCATCAGCCACGCATCCAATTTAGCGAAGAAAAGCTCATGGAGCTCGCGCAGTCAATCAAGGAGCATGGTATCCTTCAACCACTCATTGTGACGCGTGTCGGGAGTAATTTTGAGCTTATTGCGGGGGAGCGTCGACTGCAGGCAGCGAAAATCGTCGGACTTACGGAAGTGCCTGTCATGATACGTGAAGCGGAAGATCAGGAAAAATTCGAGCTTGCTATTATCGAGAATATTCAGCGGCATGATCTCAATCCCATTGAGGAATCTCGCGCGTATGAACGACTTTCGAAGGAATTTCAGCTCTCTCAGGAAGCGATAGCGAAGAAGATGGGGCGAAGTCGGAGCGCTATAGCCAATACGATGCGACTCTTGCAATTGCCCATTGATATACAACGTGCGGTTGCCGATGAAACAATTTCCGAAGGACACGCTAAGGCGCTTCTCTCTATCGATAATCCTGAGAAGCAGCGAGCGCTTTTCGATTTGATTGTCCAACAGGGTCTCACGGTGCGCGAGGCGGAAATGAAGTCGCGAAACGTCTCGACTCGACCGCCAAGAAAATCCGCATCGAAAGACCCGGAAATCGAAGCTCGCGAGAGTGCTTTGTCAGAAATATTTGGCACAAAAGTGCGTATCGCAAAAACCAATGCCGGAGGCATGATTCGCATCGATTATTTTTCCGATGAGGAATTCAGAAATATCTTCTCGAAACTCGCCAGCAAAGGCGAAGAAAATATACAAAGATAAGTGATTCTTTAATTCACCTTGCGAGAAATGAGGTGTCACTTTCGTCGTGTCCCAAACGAAACAATCCCGCCAAGTCGAGAAGCGAGGTAGATTTTGGTTTATACAGATGTGCAGCGCTTCCGGAAAGTTGAGATTCTTTGACTCCGCTCGGAATGACATAGATTTTGTCCTGCGCGCAGCAAGTTTCTTAACAAGCGCTAGAGATATTCCTCGCCCTTTTCTTGTTTTATTTTTTCCAAGAGTGCTTTGATATCGGAAACTTTATCCTTGCTTGCAACGAGGATGCAGTCATTGGTTTCGACGACGACGATGTTTTCCAGACCGATAGTGGCGATGAGTTTTTTGTCGGAAAGGATGAGGCATTTCTTGCTTCCGACATCGACATGATTGCCGCGCGCGATGATAGAAACCTCGTGTTGTTTCTCGAGGAGGTCGAATATCGCTGACCAATTGCCAACATCGCTCCACTCGAGTGGCGCGGGGATGACGGCGCGTTCTTCTGGGGGGAGTTTCTCGATAATGGCGGGTTCTATCGGGTCATTCGGGAGGCTTTCGAAGAGCGCTTGTCGTGCCTTCGGATTTTCTCGTTCTTTTTCCATATGTTCGAGGGTTTCGAACAGTGTGGGCGTAAGGGATTTCACTCGATTGAGGAGCGTTTGCACAGAAAAGATAAAGTAGCCGGCATTCCAGAGATACTCCCAATTCTTGAGATATTCTTCGGCGGTTTCTCTATCGGGTTTTTCTTTGAAAGCTTCAATCGAGAAAACACGATGATCTCGAATCGTGCCGAGATCATCACCCATTTTTATAT
CP064974.1_gap6	176096	180190	4094	ACGTCGGGTGAGAAAATCGAAATCGATGCCGATCGCGACGAAAGATATTCCGGATGTGTTGCAAATTCGTAGATAAGTGGCGCAGCGGTGACGAACATACCAATGGTAAATGCAAGTGCGTGTTTCCAATAGCGCTTCAAAAACTCTCGGTAAGACGCCATGCACCCGAGCGCTACAATGAAAAGAATGAGTGGTGCGACGCGGAAGGCAATATAGGTATGAAAGCCGATACCGAATATAAGGCCGCTCACGAGAAACGCAAGCAAGCTTTTGGTGCGAAGACCTCGGAAGAAGAAATAGAATGAGAATGAAAGAATGAGTGGCACCATGATGGCGCGAAATCCAATTCTCGAAAAGTTAATCGCCCAATAGGAAAACGTGATGAGAAATGCGGAGAAAAGTGCGACGCTTCGTTTCTGCCAGAGCTCTTTGGCAAGGAGATAGACGCCGAGAACCGTTGCTGTGCCGCATATCGCCGAGAAAAGCTTGAGCGCCGCGATATTGACGCCGAAAAAGAGCATTGCAAGCGCCTCAAGGTTGATATAGAGTCCCTCGCGGCCGTTGTTATTGGGGTAGAAGAGCTGATAGTTGCCGGTCTCATTGGCATGAATCGCATCGACGCCGTTCATTGCTTCGTCTGGATAGAGCCCAGCTGGGATATGTTCGATATTCCAAAATCGCAGAAAAAATGCGGTCGCGAGCAGAATAATGAGTATAGACGTTGCGAGGAGCTTTTCTGCTGTAAAAAAATACCCGAAGAAATGTCGTCGCATAGTGTTGGTGTTCTATTTGTGTCTTGACTTTTCGCTCGCGCGTCTCGTCGGCGCATTCAAATGATGGTATAATTATACCACGAATTATTTTTTTGTTTTCAGTATGTCCATGGAGCAGGAAACTGATATATCCATCGAAAAAAAGGCACGAGGGAAAAAGGGAACTTCCGGAACGAACCCGGCAGTTGCTAGTGTGAATGTTTCTAGAAAAGGTGATGTTCCTGTGACTCTTTCGACTTCTGAAAATGAAACACTCAAATACTCCAAGTCAGTTAATGGTGATATGCAAAAAAAAGAAATTGATCGTGTATTGAAAAACAATGTGCAAATGGAACAAGTGATAGAACTCGAAAATGGAATACAGGATGCTCGACGACAGGCAGAAAAAGAAGCTTTGGAAAAGCTTCTTCCGAAGTTGAAAGATTTGTTCCCGAATGATTGCAAACGCTTAGTTCGCAGTGGTAAAGATAAAACCGTAGTTGAGTCTGCAATGCCAGTCTCTCAGGATGATCTTATAGAGAAATTTTTAAAAAAACACTCGAGTGAAGTATGTAAAAACCTTTTGAAAGGAAAATTAGGAAATATAGCAAAGATAATCTTTACTTTCTTCAAAAGTAGTGACTTTACACAATTCCTTGGACTTAAAACTGATAAGGAGAAAGAAATGGAGAAACACCGCGTGAAAAAGCTGCTTAAAGAACAAGGTTTAAACGAATGGTCAAATGAAACGGAACCCCAGAAAGCAGGCTCTGGTACTAGGAGAATAGTTGATGATTTGGAAGAGATGCGTAAGACGAATGGAGATGATGCGGATATGTCTTCGAATGATGGCGATGCTCAAGGTAAGGATATTGCAGAAGGAGATCAAGAGGTAAAGAGTGATACGAATGGCGGATACTTTGGGGCGCCAGATTATAAGGAAGCAATTGATGATGTGACGCAAGAAGAACAAGAGAGTATAGAAAAACTCAAGCAGATTAGGGGTGTAAAAAATTTCGAGGAACTTTTGATGCTTTTGGATGATCCGGACTTCCCGGGTATTCAGGGGTCGAAACAATTTTATTCTGGTGATGATTTGAGAAGAATTGTCGCGGGAGCTCGAGAAATGGGGGTGACGAATTTTGTGACGAGTTCTCAAGGGTTGCGTGATACAGTGGAGCGTCTGTTGCATCAAGAAAAAGAGGGGAAGATTGAAGCTATGAAAGAAGATGGTATTGTGGAAGGTTTTGGAATGGTTGGTGGTGATTCGGGAGTTGAAGATTCCTCGGAAACAGGGGATGAAAATGCTCTTGAAGATGAATATTTCCCTCAAGGAGAAGTGTCCACACAAGAACTGCATAGTCGTGCTCAGGAATTGAAGAGTGAAGCTGATGCAGCTCGGGACGATTATTTGAAATTAAAGCATCGAAATGAGTCGAAATGGTTGGCGGTCAAGAGAGCACTGTTTGCATCACGCTCCAAGGAACCGCCAAAGAACCTCGTGGACGAGTTGGCGGTCTTGGAAAGCAACTGGAAATATAAATTGACGCTTTATAAAAATGCTGTTGTTGAACTAGCGAAACGCGAATCGGAGGATCGAAAACTGGATGGAAAAGGAAAGGGCTTACTCATGGCGGAGGCGATTCGCGGGCTTGATTTTCAAGGATCGATTGAAAATTACAATGCCTGGAAAGATGCGGCATGGGGAAATAGGGAAGACTCCCGGTTTCTTCGCGGACTCGGTCGTGCGAAGGATTGGACGGAACAATACAGAGCGCTCGATTGGAAGAAGCGCATGGCGATTTCCGCGCTTGCTTTGGGTACAGGTGTTGCCGGGGTTGCCACGGGGTCTGCGGGATTGGTGGGTCTTGGTGTCGCGGGAAGCACGCTGATTCGATTGTTGGGGTCGTACGGCGTTGGACGTGTTTCATATGAGTATCTGGAGGGTCGAGCGAATAGAAAAACGGTTCAGTATCACGAGGCAGCACTCTCGAATATTGAGAAGATAGAAGATATAGGATTCTTGGAGCAGAGAATGAAATCGTATGCCGATCGTACACAAGAGAATCTCGATCGAGCAATCGCAGGAAATCGGAAGCGGGTCGTGACGAGTGTTGCACTTGGCACATTGCTCTTTGCTGGTGGATCGGCATTTGCTCATCATGGAGCGATACGGGAAGTTTCGGGAAAGGTTTCAAGTGGCTTTTCAAAGCTTCTTGAGCAAATGAAAATCATTACCGGAATCGAGGATTTTCACAGTGCTCCAATTTCACTAGATGCCTCTCCTCTCGATGTCTACAATGTCCCTCCGAGCGAACTCACCCCTTCTCAACCGAGTGTATCAGTTGATACAGGTGCTTCTCCTGCTCGTATTGCTTCAGGTGTGGGAAGTGTAGAGGTTTCCCCTTCCAGTGCGACGGAAGTCGTTCGTCAGGTGAGTCCTCCCGCATCAGAAAGTGTGAATGTTGGTGCTGGCATGAGAGAACTGGTTATCAATCACCAAGGCGGTTCCATTGAGGAAGTAATGAACAAAGCTGGTATTGACGGGGCGGAGAGTCATCGAGCGTATCTTCGTTTTTTGGAAGAGATGAAAAAAGCTGGAAAGAATATCGCTCAGCTCGATAACGTTCTTCAAAAGAGCATGCATATAGGGGATGATGTGAGCGTGATTATAAATCCGGATGGCACAGCAAGAATTTTGCAAATCACCCGAAAGTCGGGAGAGGCGATTCTTCAGAATATCACGGCACCTGGAGCGGGAGATATTGTCCACAGCGCGAGAATTGAACTGACTTCTCCTTCACCGCAGTCAAGTGCAGCTCCACTTTCGCGGTCAATTGCGCCGCCAACCCCTTCTCCTGACGTCGCTGTATCGAGTCCTCCTATTCCTGCCGAATCTATCCCTCAAGTGCCTCTCGAGTCGCTTGATATTTCTGCTCAGGGAAGTGAATATTTGAAGAATGTGGGTACAATAGTGAAAGAGAGGTTGACATTTCTTCCTCTCTCTCAGGGACAAAAGGATCTTATAGAAAGTATTTTTGGCGCCAGAGTTCCGGTTTCTGGGACTGAACCGACGCCGAGCTCTGTGCTTTTTGTGAAGGATTCGCTTGGGCGAGCACTTTTTCCGTCGGAAGATGTGGCACGTTGGATGCGGAATGATGTTGAATACATAAAAGAGAAAGTGAATAGAGCTGTGTACGCTGGTATTGTTCGCATCGGTGGCGAATCACTTCGCATTGGCAAAGTAATTTCACCAGGTGAAACCGTCGGAAGCTGGCTTACAAAAATGGCGAAATATATTCTTACCCATCCGCTTGAGTCGAAAAAATAAACATAACTTCT
CP064974.1_gap7	186910	188193	1283	GTTTTCGCGGACACTTGCGACGACATCGTCGGCTTGCTTGTAGTGTGCGGAGTCTTGCTCGATAACCTTTGATGAGCGTCCATTGTAGAGTCGGACACCTTTGGTCGCGAGCTTTTGGTCGAGCTCGGTTTTGTTTTTTGGTACAACTGTGTCGGTTTTGTCTTTGGATTTTCCGGCGCCGTGATTAGCGGAAAAAAAACTGGATTCATTTTCGTCTGTACCGACGCCGAGATAGGCCTCGGTTGACATAGATGTCGGCATGAAAGCAGGTTCACCGGTCTCGCGGAATACCGGGTGATCGCTCATGCGCGATGGTCCATAGGCGCGACTCGTGCCATTTCGGTGGACCCAGATATTTTTACCGAAGTGCTCTTCGCGAGAGACGAGGATATGTGGCATGTCGTAGAGGAGGTCGAATTCCGGATTGCGATTGAGAACACTCTTAATTGTTTGTGAAATATTGTGTGTGATGACCGCACGATTGGCGTGGGCGAAATTGGAGCAGGCATTGCGTGCTGCCAGGTAGGTTTTGCCATCTTCGCCGTCGCCATCAAAGGTAATGAGAGGTTCTTTCTTGCCGAAGTCGGACTCGCGAATTTTCCGAGCGATTTCATCTATCGCTTTCCGGTGCGGCGTGTTCCAGAAAAATCGCCCGATATTCATCATAATTGCCGTCGAGAGATGCTCGCGTTTCTTCGCGGTGTACATATACATAGTATATTGTCCCAAGATGCCCGAACCGCAATGCACCATGAAGAGATAGTCGCCATTTTTGATACCGAGCTTCGCTGCCTTGTCACTGTCTTCAATGCCAGTCACTTTCATAAGATCGAGGAAGTGATTGCCGGCGGCGCCGAGGACACCGGAGCGAAACTGCGCGAGGAAGAGGAAGAATTTCGGAATAATATGGTAGATATCTTGTCGGGAGAGCTCGCGGTCGAAGAAATTGCCTCGGTCGAGAGAGTTTTCGGCTTCGTGGACTGTCTTGATACCGAGGTGCTTGATGAGTGGCTTGATGCCTTGCCGGCAGATGTCGGTGATGATATGGAAGGGGAGGAATGTACCGAGATAGGCTTTGGTCGGCACTTTTGACACGAGTGCTTCGAAGAGGGTGTCGATGTCTTTCGGTGAGAAATTCGATTCGTTGAGGTTGGTGCGAACAAGCCGCATGCCACAGGCGGGGTCGGAGTCGTTCACTTGCGGCAAGATATATTTTTCGGAGGCGACAGTGGTGCCGGTTGCATTCTTGCGTCCTGGTTTGGAATGCACGTCTGCCATCGCCG
CP064974.1_gap8	194342	196778	2436	AGGATGTCTCGTGCGCGGTCGCTCACATACCCGAGGAGTTTCACGCGCTCGAATGTTTTGGTTTCTTCGATGGCATTTCGGATATTGTCGCGGTCGGCACCGTCTCCGGCGACGATATAGACGGTTTCTCTTGGGAGTGTTGGGAAGACATTTCGGATAAACCAGGCGACACCTTTGCGACGAGCGAGTCTCCCTGATGTAAGGATGACCGTTGCATCTTTGCGCACATCACCGATGATGCCTTCAAGGTCCTTGCGGGTGAAGTTTGGGTTGTAGTGTTTTTGCGGGTCGATACCGTTGGGGACGAATTCGAATTTTTCCTTGGCTATTCCATGATGGACGCCGAGCATGATGGTTTCATTGCCGACAGCGATGAGTCGGTCGAGCTTCGGGATGAAGATGCGAACCCAGAGTGCCTGATAGATAAAGAGTGGATAGGTGATGTCGAGTCCGTGAATAACGGAGAGTACGGCTTTTTTTGGAAAGCAAATCTTTACCGCCCAGCCAACTACGGAGAGAACGCCGTCGCCAAGGAGCACGGCGTCATATTTTCGCGACAGAAAAAGCGCTCGGCAGAGGGCATAGGGCAAGAAAATCGGCAGGAATTTCTTGCCGAATCGATTGGCTATCGTGGTAATCTCAGCGTGTTCTTTGAGCCAGAGAGAGAGCGCGGCATTTTGATTTTCGATGCCACCAACAATCGGTGGATACGCACGAGAAATAAAGAGAATACGAAGAGGCATAGCGGGACGGAATTTCAAATGATACATTATTTCAAAGAGAAACTCATGACAGAGAATGCTCTCGGTGAAGAGTGGGATCCACTCATTTTTTGTATGTTTTTTTCTTTGTGAGATAGAGCTGTTCTTCGATGAGGCGACGGTTGGATTTGACCATATCGGCAAGGAGAGCGAAAACGACGAACTGGAGTCCGATGATAAAGAAGAGTGCGGAAAAAAAGAGGTAGTTTCGATAGGGGGAAATTTTGAAGTCTTGAATATAGAAAACAAAGAAGGTGCAAAACAGGAGAAACGCGATGCCGATGAGGGTGAAGCCGGGGATGCCGAAGAACTTCATCGGGCGAACGTCTCGCACGGCTTTTACGATGATGCGTGAGCTTTGTCGGATATAGTTTACGATGCTCTTCGTCATTTTGGATTTCCGTCCAGCGAAATAGGTGACGGGAACAGGAATCCAGATAATCTTGAGTCCTTTGCCAATTGCGTCGATGATAACTTCTTGTGTGTAGGTGAAATTCTCGAGGAGATTGAGACGCAAGAGCGACTCACGACTGTAGGCGCGGAAGCCGCAAGTGAGATCTTGTATTGGTGTTTTGAGAAATCTGGATATAAGGCTTGCAGCGAGACGGTTGAGGCGATCTTTGACGAGGGGAATATTTTGTGCGGCGTGTTCGCCGAAACGGTCGGCACTTACGATGTCCGCCTCTCCTGAGAGTATGGGCGCAATGAGTGTACCAATATCGTTGGGATCGAACTGTCCATCGGCGTCGATGTTTACCATGATGTCCGTATCTGATTCGAGCGCTGTCTCGACCGAGGTGCGAAAGGCTCTTCCGAGTCCCCGGTTGCGTGAGTGTATGATCACGCGGTCGGCGCCTGCTTCTCGAGCGATTGAGCCGGTATTGTCGTTTGATCCATCATCGACAACATGCACGACCACCTTGTCGATGCCCTCGAATGATCGGGGAATTCTCCGTATCGTTTCACCGATCTTTTCCGCCTCGTTGAACGCGGGAATATTGATAACAAGTTTCATATCATTTTTTCTTTATGAGTTTTGAAAATTCAAAACAGGCGACTTTGCAGCGGGCGTTTTCGGTTCCGTTCTTTACGATATCTTGCTGGCATTCGAGTGCGACGCCGAAGCAGCGACTCTGGCTCTCTCGGATATACAACCAGTCTATTTGGTAGTGGAAGAAATTCAAAAGGAAACTCCCGACGACGATTGCGCCAACTATCCAAATAGCGAGACGAAGAAGATGAAACATACGTGTTATTAGCAGTGTGTTCTGTGCTATCGCCCGATACCTTTGTAGACGATTCCGGACTTTCGGAACAAATTTTTATCAAACGCGTTCTTGCCATCGATGAAAACTTTAATCTTGTGTTTCTTGAGAAGAGTGGGGGTAATTGCTTCTTTGAATTCCGCATGATCGGTTGCGAGGATGAGCGCGGTGGATTTCTTGAGTATGGCGTCGAGAGACTTCAGGCTTGAGCGATCGAGAATATGCGGATCGAAAGTTTCTACTTTTGCTTGGTGTTTCTTGAGATGCTCGATGATGCGCACGGATGGTGATTCGCGCACGTCGTCGATATTCGCTTTGTAGGCGATGCCGAGAACGCCAATAGTGGTGCCATTGAGAGGGAGCTTAACCGTGTTGAGCGCATCTTGGAGGAGCTCGACCGTATAATCTGG
CP064974.1_gap9	252564	253122	558	TGCAGTTTCTCATATTGATAGTTTCTTTGAATCATTGAAGTAGCGAGCCAGCCCGAACTCTGAAATTTTCCTTCGGAACGTTGCACTAAATTTCAGCCCTTCGGGGAATATAACAAGTATTATGAGGTTACGAAGTCTTGCAGACTTCTCATAATCCTGACATTAGCTGAAATATTCCTTTAGTCAGGAATTTTGATAAGCTTTTCAGTAGGGGATAAATTTAATTTTTCGTATACTATAGGGAGCGGTGGAAGGTAATAGAGTGCTTTCTTTCACTCTGGTACAGAAAACGAATTGTTTTTAAATCTTTCATCGGTAATGATGATATTATGAAAATTACAGTTCAAACAACGATATCAGCAGACAAAAAGAAGGTTTGGGATCTTTATACAAATCCTAAGCATATTGTAAATTGGAATTTTGCATCAGAAGACTGGTGTTGTCCGAGTGCGGAAAATGATCTACAGGTTGGCGGGAAATACAAGGCACGAATGGAAGCAAAGGACAAAAGTTTTGGTTTTGATTTTGAAGCAACCTACAGTGAAGTTGTCGAGGGTG
CP064974.1_gap10	270261	272593	2332	TTTTGTAAGAAGTTTGGAGATTGGATATGGAGATGGAGTTGCTTGCGAAGATGACTCTGTAATGATCGGTAATTATAAACATTGATTTCACAATGGTACAGATATTGACAAAAATATAATTACAGTATATTTTCAAGTATACTTCTCTTGAACCCTCATGAACCAGAAATCCCTCATTCTCTCTATTTTGATGGTTTTGCTCGTCGCTCTTTTCGGCGGGTGGCTTGTGTTTCGTGGTCAGAAGGGTGTTTGGAATGCTCCGAAAGGGCCATCTGTAGCCTCGGAACAGCCGGTGCAAACGGTGGAGAAACCGCAAGATGTTCAGGTTTCTGATGCCGACTTTGCCAAGTACAACAAGGTGCTTTCACGCGACAAGATTACGGGTGTCCAAGACCTCGAAGGACCGTACAAGAAGGTGACGGTGAGTAACGGAGAGTTGACCTTTTCTTTCGAGGTCCCCGATAAGTGGCTTGTCGAGACGCGGAATTCAGGGGAAGTGACAATGAATGAGGGGGAGTTGCGGGAGTTTTTGGGAACGAATTATGACGGGGATATCCGATCAGAAGAGGTTTGCACCAACGAAGATGTTTATGATGCAAACGGAAAAATGACGATTGAGAAGTTTTGTGGGAAACCGTACTCCGACTATTCTGGTATGGATTGGAATACGCTTAAAAGCATCTCGTATAAGGATATGCAGAAACGATATCTTGATGCGAAAAGTGAATTTTCTCCTGGATTTCCAAATGCAACTGTAACACCCGACAATAAAATTTGGTACACAGATACCGGATGGGATCAGGTGCATTTTTACATTCTCGATAAAGTTTTGGATTCTCAGTATAAGTATATTAGGGGCATTACTTCTTTCTGTTATGACACGGAGTGTCTTCAAAAAGACTACCTTGAATATAGAGAGAATATCGAAAAGAGGGCGAAAAGAGACGAAAACAGGAATGTTATCATAGACAAGGGAGAAATGCATGGGTTTGCGGAAACGATTGATCTTGGCAATAACAAGGTTCTTAGGATATGGAAAGAAGCCTATGCTGAAGGCGAGTTCGAAGATGGGTTTAAACGTCTCATAGACACTCTCACGTTCGAGTAAATTAAATAGAAATCTGATTTATGGAAAGCAAATGGAAATCAATTTTATTTCGACCAGTTTTTACGATTAGACTTATATCTGACTACTCTCTTGTGTCAGCTTTTCTTCGAGGATTTTTGCTGAACTCGATCATTGTTGTACCTGCGAACATGTATGCGAACTTTTTCAATGTTCATGATGAGGTTGGTGATGCTACAATAATAGCTGTTTTGTATTTTGGATGTTCTCTGGTGTTTTTATGGGGCACCATTTACGGATTTTTTTCTGATAAAAGATTGTATGTCATTGGTCGTTTTTCATTCATAAGCCATGCTCTCCCTATACTATGGTCGTCTTGTTTGCTTTTTGTTTTTGTGGTTGTTGCGTCTTTTTCTTTTGATGATATATGGACATTTCTTCCAAATTCGATTTTGATTGGGATTACCTCAAGCATTATTGTTTTTTTGATCCCGTTTTTTTCTGGTTATATTTTTTCTCGTATTGTTCGATTTTTTCTTGGGATATCTTTCATGAGAAGCAAAAATGTTTGATAGTGTTTTGTAAGAAGGCATTCGATTTTCCACACAAATTTTCATGAAAATTTGTGTGGAGCACCGAAGTATTCTGCTCCAAGTGCACATTGACAATCTGAATTTTAGTTGGAGGAAAAGTGATGAATGTCAAGTTTGTGGTTTTGCTATTTGTATGTTTTTTCTGTCTTTGGATGGAACACGCTGTTGGTTCTGAAAGGAGTTCGTCTTTGGCGGAAAGTGTTTGGTATGGCGAAAGGCCGCTTGTATACGGGACGATCAAGACTGCGATATCTGTGCCTAATGGTCCAGCGGCTTGCGGTGACCCCAATGACACAAATGACAGAATCATGTTCTTCGATGTATCGATTTTTCGAAGAATAACCGGAAGTTCGTTTGATCCCAAAAAGATATATATCTATGGGGTGACGTTTCTTGGGGATACTGCCATTGATGTCTGGAAGTCAACAATGCCACATGGTGTGATTGAAGTATCAGCATCTCTTACGGATTGGGATAATACCGTTGCCATTTGTCTTGGCTTGAGGGCGTGGGCGTTTACTGCTGGCGGTATTGGATTTTCAGATGTTGTTCTCTGGTATGATGGTCTTGTTTCCCTTCCACCCGCCGACCCCGAATCCACCACTCCACCTCCTCCACCGTCCAACCTCCCAAGTTTGGTCTCGGCAGGAACAAGCAGTTCCGCCCCCAATCT
CP064974.1_gap11	278141	281416	3275	AAAAAAATTAAGTTTTGGAATTTCCCAATGAAAGATATGACTGAAGCAAAGCGTGTGTGGGAGAAAGCTGTTGAATGTGTGAGGGAAGGGCACTATGGAGATTTACCAAAAATGAGCGAGAGTGCCATTGCGCACGTAAGACCACATGGGAAGGATTTGACGGATACTCTTGAAACGCCACAAGGAACGCGTGAAGTAAAGCGATGTTTTTGGTTGAATGCAAATTATATACGAAGAGTGGTAGAGGATGACTAATCTAAGCCGTAGTTGATCAATTTTCAGTACTCTGCTACCATTGTTGTTGTGGCGTTTAACTACCTTTCTTGGTATGAAGAAGATACGAATTGTTGAATTGTTTGCTGGAGTTGGAGGATTTCGTCTTGGTCTTGATGCTGCAAGTAGAAAAGATTGCAAATATGAGGTTGTCTGGAGTAGCCAGTGGGAACCTGACGCTAAGATGCAGCACGCTTCCGGTATTTATGTTCACAAGTTTGGATCTAAAGGTCACTCATGTGAAGATATACGACAAGTAGTCGAGAAAAAATTTGAAGAAATAGTAGACCATGATTTGCTTGTTGGAGGTTTCCCGTGTCAGGATTATTCCGTTGCAAGGACATTGAGTCGAGCTGAAGGCTTGAAAGGAAAGAAGGGAGTTCTTTGGTGGTCGATATTTGATATTCTGAAGAAGAAGGGGAAAAAAGCTCCTCGATTTCTTATGTTGGAGAATGTTGATCGGTTGTTGAAATCGCCAGCATCACAGCGTGGACGCGATTTCGCAGTCATGCTTTCTTCTCTTGCTGACCTTGGTTATGCAGTTGAATGGCGGATTATAAATGCGGCAGAATATGGATTTCCGCAGAGGAGAAGACGCGTTTTTATTCTTGGGTATAAAAAGGGTACAAACCTGTATACAACAGTGAATTCTGAGAAAATGAAGTCAGATTGGTTGCAAAGTAATGGCGTTATAGCAAAGGCATTTCCTGTTGAGAAATCTACTAATAGTGCCCGTGAATTTCTTATTGAAGGAGATTTTGCTGAGGTGACAAAGAATTTTTCAGTCGGAGGTCCAGCGAAAAGTCCGTTTGAGAATTCCGGGCTGATGATTAATCGAAAAGTCTATACATTGAAGACGATTCCAAAGCAGTCGAAGCATAAGATTATTCTTGGAGATATAATTGAGACTGACGAGAAGAAGATTCCAGATGTCTTTTTTGTAGATGATAATGAGATAAAGGAATGGGAGTATTTGAAGGCAGGAAAAAAAGAACGACGAGAGACAAAGACTGGGCATGTATACCATTATTCGGAAGGGTCGATGATTTTCCCTGACTCATTAGAGAAACCATCACGTACAATCGTAACTGGTGAAGGAGGACGTTCCGCATCGAGGTTTAAGCATGTTATTAGAACAAACTCTGGGAGACTCCGCCGATTGATGCCAATAGAACTTGAGAGGCTCAATATGTTTCCTGATAATCACACGCGGTTTATGGGGGAAGGACTGGAAGTTTCTGATGTGAAGCGAGCGTTTATTATGGGAAACGCACTTGTTGTTGGTGTCATTAGAGAGCTTGGGAAGTCTCTTCGAAAAGCTATTGAAAAAGAATAAAGATGAAACACACTATATAAGTGGGCGAGAGCATTTATGGGAAAATTTTAACAAAAAAACTTATGAAAAAATATACGGGTGGGTGTCAGTGTGGGGTGGTGCGGTTTGAGATGGAGGTGGAGGATATCAAGGAGGTGCTCTCGTGCAATTGTTCGCGATGTGAGAAGGCGGGGTGGCTTTTGACCTTTCTCCCCAAGGCGCAATTCACGCTCCTCTCGGGAGAAGACAATCTGACAGAGTATCGCTTCGGCGACAAGAGTATCGCACATCTTTTTTGTAAGACCTGCGGGATTGAATCATTTGCGTATGGTTTGGGGACAGACGGTGTGGAGACGGTAGCTATCAATGTGCGGTGCGTGGATAATATGGATGTCGACTCTCTGACGGTGAAGAAATTCGACGGAAAGTCGTTGTAAAATTGAGAATGACACAGCATCTTTATGGAGACATTTTCCTTTCTCGGTATTGATTGGGGAGAGAAGAAGGTGGGAATAGCAATTGCGGATTCGGAGACGCGGATGGCATTTGCCCTTGCGACACTTCCGAATGATGCCCGACTCCTCGATGCACTTGGAGAGATTGTCGAGGCGCGCCTGGTACGGGAAGTCGTCATCGGCATTCCGTCTCATGTGAATCGCGAGCAAGTCGAGTATGGTGGGGAAAAGCTGGGTAAATTAATTGCCGACCGTTTCCACCTTCCTGTTCACTATGAAAATGAAATGTTCACGACCAAAATGGCGCGCGCCGAACTCATCGCCCGTGGCGTTCGTGGACACCTCGACGCCCAAGACGACCGCGAAGCCGCTCGTATCATCCTCGAGAGCTTCCTCGCGGGGAAGGGGAAATTGTGATACACTGGAAGTGTTCAGGGGTATAATTTCTCTTCCCTTTATTTTTTATGGAATCACAGCCTTTTGTTTCGGTCATTGTACCAGCGTACAAAGAAGGTGACCGTATCGGGACAACGCTTTTGGAAATCGGTAAGTACTTCAAACAGAAAGATCTCACCTATGAAATCCTCGTCGTAGTGGACGGGTCGCCGGACAATACGGCGGAAATTGCACGAAACTACGCGCTCCATATAGACAATATTCGTGTCATCGACAATCCGGAGAATCACGGCAAGGGGTATGTGGTTCGCCAGGGACTGCTTGAGGCGAAGGGGGAATATCGGCTCTTCATGGATGCTGATGGATCGACGGCGATTACGCATCTCGAGACATTTCTGCCGGCACTTGAGGCGGGGAATGATGTGGTGATTGGGTCGCGCGATATCGAAGGAGCATTTGTGCAGGTGCATCAGCCGCGGTATCGGGAAATCATGGGCGATATGGGTAACTGGGCGATCCGTATCGTGTTGGGGTTGTGGTCGTATCCGGATACGCAGTGCGGATTCAAGATACTCTCGGCGCGTGCCGCGGAAGCGATTGCGAGCCGTATGGTTGTCGACCGATTTGGCTTTGACTATGAGCTCATTATCTTGGCACACAAACTGGGATTTACCGTGAAACAATTGCCGGTTCGCTGGCTCAATGAAGAAGGGTCGACAGTGGGTGGACTCTTCGGCCCAAACGGTTTTATACAGGTGCTTATCGATCTCTTCAAGACAAAGTGGCGACTTATGACGGGTGTATACAAGATAGGAGAATATGTGTCGGATGAGAAG
CP064974.1_gap12	287012	288088	1076	GTTTTCCCGTGGGAGAGTTCCTCGCTTGATAGGAGGGCACTTTGGAGGTATGGTTGAGGTGGTAGTGTGTTGACAATTGTACTATGTCTGAACGACCGAAAGCGACGAAATTTGTGTTTGATTCCTACGACTTTTCTCTCGAGGAGAGAAAAGCGTCTTTTGTGTATCGGATGGAATTTGAGAATCGGGAGCCAATGGTGTTTACTGATGCACTCCTTTTTCCGGGGTTGCCGGAAACAGTGGCTGCCTCAGAATCATTGATTGATGCGGTGCTGCAAGGAGTGCATATCGCTCTTGGTGTGAGTTACTACAAACTTTCGTGTCCGGAACATATCGAGGTGACCCATGCGCTTTCAGAGAAGCAAGCGAACTTTTGGAATACTGTCTATCGCAAAGGACTGGGTGAATTTTTCTTTCGAAATAATCTTGATCCGCGAGGGAGAATATCGTTTCCATATGATGCGACTCTCTCCCGGGGAAGCTATGGCGCTCATCCCGAAGACCGTGCGCTTCTCGGCATTGGTGGTGGCAAAGACTCCATCGTCGCCGGAGAACTCCTCAAAGAAATGAAGTATGAAACGACGGCATTTCTTTTTGAAACAGGGAGTCCGGTACCGCTCATTGAAAACGTCGTTGAGACGATGGGTATTCCAACAATGAAGGTGCAACACTTCCTTGATCCGCAGGTCTTTGATGGTTATGACGGGGCGTACAATGGGCATGTGCCTTTCTCGGCGCTCGTTGCATGGGTGGGATATCTTTCGGCGGTTCTCGGTGGATATCGATATGTCATTGTGGGAAATGAGCGGAGCAGTAATATCGGCAATGTCGAGTATCTCGGTGAAACAGTAAATCACCAATGGAGCAAGTCTCTTGAATTTGAGACGATGTTTCAGGAGTATTCGCGAGCATTTTTGTCGCCGGATATAACGTATTTTTCACTGCTTCGCCCGTTTTACGAAATTCGGATTGCAGAGATGTTTGCTTGTCATGAGAAATATTTTTCTTCTTTCTCAAGTTGCAATCGGAGTTTCAAAGTACACCAAAGGCGTTCGGAAACGCTCTGGTGTGGCGAG
CP064974.1_gap13	293734	295730	1996	ATGGGTGGTTTGCGCTTGTCGGCGAGACACCTGCGATAAGTGATGCACGTGTGAGTAGAGGAAGGATGTTTGCTCTCGCGTTTTCCTTGGGGGTATTCTTTGGATTTTTTGCCGTGTTGTTTCGATGGTATTGGGATGGTGCTTTGCCAACAAAAAGGAAGAAATGAACTGATGATTTCATGAAAATCGGGATTGATATTCGCTGTCTTATCGGAGGGAAACGGACGGGCGTTGAAGAATACACGTTGGAACTTTTGGAGCATCTCTTCGCAGTGGATTGCGAGAATGAGTATGTTTTGTTTTGGAGTGCCTGGGAACTTCCTGTGTGTCCTCTTGATTGGAATAGTCGTTTTTCCAATGTCCGACTTGTATCATTAAGAATTCCGAATAAGCTTCTCAATTTTTGCCTCTGGTATTTTCGTTTTCCATATCTCGATAGACTCATTGGTGGCGTCGATGTTTTTTTCATGCCAAATTTGAATTTTGCGGCGTTTTCCCGAAAAGTAAAGGTTGTGTTGACAGCCCATGATGTGTCATTTGAGAGATATCCGGAGACGTTTTCTTGGAAGCGGCGATTGTGGCATATGTTCGTGAATTTTCGTCATTTGGCACTTCGGGCGGAGAAGGTAATCGCGGTTTCGCAGTCGACGCGAGATGACCTTGTCGAAGCAATTGGCATTGCGCCGAAGTCTGTGACGGTTATACGAAGTGGCATATCAGAACGATTCTGCCAAATGAACAGGAATGACTCGATGCTTTCCGATGTGAAGCGTCGGTATGAGTTACCGTATCGATTCATTCTTTTTGTTGGTACGATTGAGCCTCGGAAAATATTCTCTCACTTGCGCGTGCTTTTGATTCGCTAGTCGAAAGCAAAGAGGCGTTTGACTATGATATGGTTATCGCCGGTACACATGGTTGGAAATGCGAAGGAATGCTCGAGGAAATCGATCGCTTGCCATCGCGCGCGCGGATTCATTTCACAGGGTTTGTCCGTGATGAGGACAAGCCAGCGCTCTACAATCTTTCGAGTCTGTTTGTCTACCCATCTCTCTATGAAGGATTTGGCTTTCCGCCACTCGAGGCGGCAGCGTGCGGCGTGCCAGTTATCACGTCGAATACCTCGTCTTTTCCTGAGACGATTGGTGAGGGCGCGATGATGATTGACCCCTTGCGCCCCGACGATCTTTCTCGCGCACTTCGAGAAGTTCTTCGAGATAAGACGCTTCGAGACATGCTTTCTCAGCAAGGTGAGATGTGCGCATCGAAGTTTCAGTGGAAAGACGCAGCTCGGAAGACGCTTGGCGTGTTTCGGGACGTGATTCGCCACCCGTAGGTAGAGAGTTGCCTCTTTTTGGGATATTGGGCTATAGTTGGGAGAGAATATTGCAAAATGTTTTTGTATGGATTTCTCTTTTTTTCTCTGCTTATGGAACAGGTTGTTTTTGGGATATCAGGTGAACCGGGTGCAGGGAAGGACACAGTGAAGGAATATCTCGTTGAACAGTACGGTGCAGAGAGTCTCGGATTTTCACTTATCCTGAAAGATATTCTCAATCGACTTTCGCTTCCTTTGGAGCGGGCAAATTACGCGTCACTTGGGGAAGCCCTTCGAAATTCATTTGGGGAAAATATCCTTGCAACCGTGCTTTCTCTTGATGTTTCTCGGATGTCGACGTCAGTAGTTGTTATTGATGGCATACGGAAATTTGGGGAGCTTGAAGAACTCCGGAAACTCAAAAATTTTAGATTCCTTTTTGTGGAGACAGATATGCATGTTCGGTATGAACGAGTGAAAGCGCGCGGAATCAAAGCTGATGATAAAGAGAAAACATTTGAGGAGTTTGTACGTGATCGTGAGCATGCTGCCGATCGAGAAGTGCGAAACTTGAAGAGCGAAGCCGATGCGGTAATTGAAAATAACGGTACTCTTGGAGAGTTGCATAGACACGTAGATGAGGTTGTGAGCGGTTTGTCTTAAAAATTCTGAAGAGAC
CP064974.1_gap14	334660	336152	1492	ATGGAGGCATGGGAGCTCAAGCGTTTGTTTGATATATATATGGAGAATAAGGATATGAAGTTTGCTGAAGATACCGTGGTGGACAATTCCGAGAATGGACTTCTCTATGCTCCGGAGAACACCGGCGGCGCTGGATATATCTTGCTCCCGAAGGGTGACAACTACGACAAGATACATGCCTTATTTGAATCACTTCCTTAACCCCCTTTAAGATAGCTGTTTTTTCGGGAAAATTGAGAATCTGAGAGAATGTATTCTTCTGTGAGTTTCACATGTTTCCTGCAAACAATATGGATGAAGCGACACCGGTAGTCGAGAACAAGAATATCGGAAGACAATTGCAGAGAAAGAAGCAATCATTTGCCTCTATCTTCTTTGTGGCGTTTTTGATTGCTCTTGCGTATGTGATTGGTGTCGAACGAGGACAAATGGAGGGAAGTTCAAATGAAGCCTCGACATTTTCTTTGCCGACATCATCGATATTTTCTCCTGCCAAGAACTCTGACCACCCTGACATGAGTGTGTTTTGGAAGACCTGGGATATTTTGCATGAGCGATTTGTTGATCGCGAGCATCTCGATACGACGGCACTTCTCTATGGCGCGATAAAGGGGATGCTTGCAGCAACTGATGATCCGTATACGACCTTTTTCGATCCGGAGGAGAACAAATCTTTCCAGGAAGATATCGCTGGGAGTTTCGAAGGAATCGGCGCGGAGATTGGCATGAAAAATAAGATTTTGACTGTTGTGGCACCGCTTGATGACAGTCCGGCACAGAAGGCGGGTATTCGATCGGGCGACATGATTGTCAAAATAGATGATGAAAGCACATCAGAGATGAATATAGATGAGGCGGTCAAGAAAATGCGCGGACCAAAGGGAACCGATGTGAAACTTACTATTTTCCGTGATGGCGAGAAAGAGACGCGAGACATCACGATTCATCGCGGTACTATTTCGGTAAAAAGCGTAAAACTCGATTGGAAGGGAGGCGATATTGCGATAGTGAAGATCAATCAGTTTGGCGAGGAAACAGTGGACGAGTTCGCTGCCGCCGTGAAAGATATTCGATCGCGACCGACGCGTGGCATTGTGATTGATCTCCGTGATGATCCTGGAGGACTTCTCGACGCCGCGGTGGATATCGGAAGCCTTATGATTCCAAAAGGAAAGCCGGTTGTACTCGAAGAAGATAGTAAGAAGAATCGCGAGACGCTCTCGACGCGTGGCGGCGACGTTTTGAGTGGTATACCGACGGTTGTGCTTATCAATGAAGGATCAGCGAGCGCTGCGGAAATTCTCTCGGCGGCGCTTCGTGAGAATCGCGACAATGTGACGCTGATTGGCAAGAAATCTTTCGGCAAAGGATCGGTGCAGGAATTGGTATCAATCTCGAAAAGTACCTCGCTCAAAGTGACGGTGGCGCGGTGGCTCACGCCCAATGGCGAACAGATAAACAAAGCGGGTATCAAACCGGATATCGAAGTTGA
CP064974.1_gap15	340013	343355	3342	CTTTAACCAAGTTCGTGAACAGCTTTCTCGAGATCCGCGATTATTCCCGACATTGAATCTAAATGGGGAAAGAGAAGAGATTGATGATTTCGTGTTTGAAGACTTTACGCTTGAAGGATATGACCCATATCCGGCTATTCGTGCTGAGATTGCTAATATAGGTGGATTTGAGAAAAAATAGTCGACTTGCCTTATCTACCTGTCTATGAATAAGGGAAAAATTAGCGTCATCGTTGCAATCGGTGAGGGGAATCGGGTGATTGGAGACAGAGGGAAATTGCCATGGAATATTCCGGAAGATTTGAAGCGATTCCGGGCGATTACAACAGGGCATCCGATTATCATGGGGAGGAATACCTTTCTCTCCATTGGTCGGGCTCTTCCTGGGCGGACGAATATTGTGCTTTCGGATACACCTTGGGAAGATGCGCCAGAAGATATTCTTCTTGTGTATTCACTAGAGGAGGCAATAGAAAAAGCGCGGAGTACTTCGGGGAGTGATGAGATATTTGTTATCGGTGGAGGCATGGTATATAGGACAGCGCTTCCGTATGCAGATCGACTCTACCTCACACTTATTCGAGGAAGTTTTTCCGGCGATGCGTTTTTCCCGGAGTATGAGACGGCCTTTTCGGAAGTAGTGAGTCGAGAGGAGCGGGAATCAGAGGGATATCGGTATGAGTTTCTTGTTTTGGAGCGAAAATGACTTTCTGATTTCATGCTACAATAGGGGCATCATAAAATATCTCTATGCGTGTCGGTATCAATGCGTCATTTCTACGGAAACCTGATACGGGAATTGGGCAGGTGACGTTGAATTTTTTGCGGAAAGTCTCCGAGAGTTCTCATGTGGAATTTATTTTGTATCTCGAAGAGGATCTCCCAAATGGGCTGAATATCCCGAAGCATTTTCGCAAGCAAGTATTACTGCCATTGTGGAAGCGCGATGATGTCGTGCGGAAATTGTGGTGGGAGCGGTGTCTTGTGCCGAAGCAGGCGAAGCGCGATGGCTGTGATGTTTTTATCAGTCTCTATCAGTCAGCGAGCGTGATGCCGAAGAGTATCCGGCACATAATGCTCGTACATGATATTATTCCAAAACTTTTTCCGAAGTATCTCAACAATTGGCGTAAGAAACTGCACTGGAAATCAGTTGAGCGCGGTATCTGCCATGCGGATAAGATTTATGCAGTGTCGTCGCGGACAGAGAAAGATTTGATACGACATCTGGGTATTTCGCCATCATCTATCTCGGTCAACCGCATCGATGTCGACCCGATCTTCAAGCGAGTGGTGACATCGGAGCGAAGTGCGGAAGTGATGCAGAAGTATCATCTTTCACCCGGCTATCTCTACAACGGAGGCGGACTCGAAGTGCGCAAGAATGCCGAAGGAGTCCTTCGCGCTTATCGCGCATTGCTTGATCGGGAGAAGTCTGATCATTTGGCACCGGCGACACCGCCGCTTGTTATTTCCGGAAAGCTCTTGCCTCAACTCGCGCCGCTTGTCACGGATATTGAGCAAATGGTAAAGGATTTTGATCTCACGCCGTATGTTCGCATTCTTGACGCGGTTCCGCAGAGGGATTTGCCGGCGCTCTATGCGGGGGCACGACTCTTTCTCTATCCATCGCATTATGAGGGATTTGGACTCCCAGTGCTCGAGGCGATGAGTATTGGGACGCCGGTTGTGACGTCGAAAGTCTCTTCGCTTCCCGAGGTAGGGAAAGACGCTGTGCTCTACTGTCGACCGGACAGTGTAGATGATATTGCGGCGACCATTCGCAATGCGCTTGCTCGTCGAGATCTCCGCGATATGTTGTCCAGGCGTGGGAAGGAACGCTCGATGCTCTTCTCGTGGAATGAGTTTTCCAAGAAGCTTCTGCGTTCTGCTATCGGAGAAGTGTGATTTTTGAGATTGTTGATTTGATTTCTACAAGAGGGATAGATTTCACTTCAAAAAAGAATTTTAGACAAAGAGACGCGTATGATTCGCATTACCGAGGGAGCGCTTTTTCTTGGCGCGTTCTCGCTCTCACTATTTTTCCTCTTCTTGGGAAACTCCGCTATCTTTCCACTTGATATGGCAGATTTCACATTTTTTGTGATGATTGCTTTTTTCTTCGCGCTCTATCGACCAGGATGGGCGTTTTTGGTCTTTCTCTCGCTTCTCCCATTCGAGATGATTAACCTTTCACCGGAAGCGCTTGCATTTTCTCTTCGACCCTACCAGCTTCTTGGTGGCGTTCTCCTTCTCTCGATGTTGGCGCGTTTTATTGTTCATCGTCTTCCGTTTCCCGTCATGCGATTTCGATGGTTCGATATTGTGCCGATCGTATTCGGATTGGGAGGATTCCTCGCGATAGGTTTTGCCTCTGATGCTCTGAGTACCACAAAGCAGGCAGTGATTGCTCTTTCCTTTGTTGCACTCTATTTTTTATCGCGGCAATTTCTGGGAGAGGCGCGTGATGTGCGGCGCGTGATGCCGTTTCTCGTGCTCTCATCAGTGTGTACAATGCTCTTTGCACTCTGGCAGAGTGTTCAGTTTACTGCGGGACGGATTTCATTTGAGGTAATGTCGGGGCGTCCGAATGCGTTTTTTGCTGAACCGGATTGGCTTGGGATGTTTCTGGTGCTGTCGGGGAGTGTCGCGCTTGGTCTCCTCTTTTATTATCTTGACCAACATCACGCTAAAGAGCCTATAGAAAATACCCCGTTTGCGGAGTCGTCATTTCTCAATCGGTCTATTTATGCGCTGAGCCACTATTCACGAACGCTCTTTCTGCTTTTTGTATTTTGTTTTCTCACACTTTCTTGGCTCGGGATTCTCCTTACCGTAGCACGTAGCGCTTGGGTTGGCTTTGCCTTTTCGACACTTCTTTTCTTGAAGCTCCTCTTAGTCGGGGGGCATTCATGGTCTTTTCGTAATTGGCGATGGAAGCTTTTTGCTCAGGGATGCGTTGTCGCTGCAGTATCTTTTGCTGGGGCACTTATCATGGTGTGGGGATTCCAATTGACGACGTTTGATTTGACCAATCGAGCAGGGAGTACCACATCGGGACAACAAGAAATCACCGTATCTTGCGAAGCTCCAGCAACACTGCCAGAGCGCATTGAAAATGTCTCGGAATTATCTTCGTATGGATGCCGGTTTATTCGGTTGGAAGAAATTGATGCAGAACAATCGGCAGGAAGGTTTGTGTCGACTGTTTCTCGTCCTGATCCAAGTATTGAAGCGCGTCGTGTCATTGGACAAAAAACATTCGAAACACTCAAGGCACACTGGTTCTTTGGTATCGGGTGGGGAAATATTGGGAGTATTCTCGGAATGGATAATCGAGGT
CP064974.1_gap16	441629	445763	4134	AATATCGAGCACGATCACGCGATCTGCTGCGTCAAAGCTCTGTGCAAAATCTTCAAGCAACGCTTTGGTTCTCGAGAAGGTATGCGGATGAAAAACTGCGACAATATTTCGCTCGGGAAAAAGCTCACGAAATGCGGAAAGTGTCGCGCGAATTTCTTCGGGATGATGCGCGTAGTCATCATATACCAAAGCACCCTGATATTCCCCCACGTGCTCAAATCGTCGCGCCGTTCCAAAGAAATGCTCCATGCCTCGACGAATTTCTTCGATATCGAATTTGAGCGCAAGAAGCAGTGTCACAACTGCAGCGGCATTTTGTGCGTTGTGTTTCCCTGCGAGACGAAGTCGAAAACATCCAAGGTCGCGCTCTCCTTCGAAGAGACGGAATTGCTGGTGAAAGGGTCCTTCGCGAAGCGGTTCGTAGTCAACAATACGAATATCATTTTCCGGAAGGAAGCCATACGAACGTTTCTGCGCACGCGAAGATTTCGCGACATCGAGGACAGCTGCGCTGTCCCCCCAAAACACAAGAAAACCATGCGACGGAATACGACGAAGCAGGGCGCGGAACGTCTCAACATAAGACGCCACATCTGGGAAAAAATCAGGATGATCCCAGTCGAGACTCGTCAAAATCACGCTCCAAGGCTCGTAGTGTCGGAACTTATTCTGATATTCATCTGCCTCGAGCACGAAGTACTCTCCTCCCCCGAGAAGCGCATTGCCACCCCAGCTCGCGATAGCGCTCCCGACAAGCGAGAGCGGATCGGCGTGCACCGCCTTGAGTGTCTCGGCAAGCAGCGCGCTCGTGGTCGTCTTCCCATGCGTGCCAGAAACGAGTATCGAGAGACGCTCTCGTGTAAGTTCACCAACTGCTTCCGGATAACTCATCACGTGCATACCCGATGCCTTACTGCGGGCCACAGCAGCTGCAAGTTCCGCATTGCCCTCTGGCGTATACGCCGTCGAATAGATAATGAAATCGGCATCATGAGGGATATTGTCCGGAGAAAACCCCTCGGAAAAACGAATACCACGCCGACGAAGCACTTCATCGGTAAAGAAATGCTCGCTTGTATCAGAGCCACCGACGAGTAAACCGCGCCCAACGAGAATTTCTGCAAGCGCCGCCATACCAGCACCCTTTATGCCAATCATGTGCACTCGTTTCGCATCAGCAAAAGATTTCGGTGTCATAGTAGAGAAGGCAAGAATCAGCTAGGCGCGAGTCATCCACCGTTGAAATATCGCTCGTATCCGATCAAAAATAGTTTGCTGTGTTTCCTTATCGCGGATAAGTGTCACCAGAGACTCGACAATTCTCACTGAAGCGTCTGCGTGATAAAACACTCGAAACGAGGACGCCATTTTTTCTCGAAGTGTGGCATCATCCATAAGCTCCTCTATTTTCCCAGCAAGGAGATTCTCTCCGAGATTATTTTCCTCAAGAACGAGTGCTCCACCCACTCGTGCAATCTCATAAGCATTCATGCGCTGTTCGTCATTGGCAGCCGACGGAAGTGGAATGAGTATTGCCGGCTTCCCGACCGCCGCAATTTCCGAAATCGTGTTGGCGCCTGCTCGCGAGACAACCAGATCGGCAAGAGCGAATGCATCGGAGAGTTCGCCAGTATCAAAGAAAGGCGCCATGTGCAACTTCCCTGCCATATCTCCAAGTGCATGCTCTTCAAGACGCTCGCGCGTTTCGTCGTGATTTGATTGTCCTGTTTGATGAATCACAAAGAATCGCTCAAGGAGACGCGGAAGTATGCGCACTATTGCTCGATTCATCGCCTGTGATCCCAGGCTCCCTCCGAGGATGAGGATCGTTTGTTTCCCTTGCGGACAACCGAAGCGCTCGCGAGCCCGGTCAACATTTCCCAAGAGCAACCCTTCTCGTATCGGATTCCCCGTAATTGCAACTCGTGCCGGTTCGAAGAACTTCGTCGCCGACGGATACGCAACCGCGATGCGATCGGCAAATTTCCCCATGATGCGATTGGCAACGCCGGGCATCGCATCGGAATCCTGTGTGAGAATCGGAATCCGATACACCCATGCCGCAAAGACAACCGGTACAGCCGCATAGGCACCCTTGGAGAAGACGGCATCCGGCATATGCACATACAGATAGTAGAGCGACTGAAAAAAGCCGGCAATATTTCTGAATACATCGCTCGCATTGCGAAGATCGAAATAGCGTCGCCACTTACCGCTCAATATACGAATCGAGGCAATGCCCGCCTCACTGATAATCTTTTTCTCAAGCTCGCCTGCCGGACCAAAATAGAGGAGTTCTGTATTCTCGCCGAGCTGTGCACGAAGTTCTTTGGCGACTGGAATAAGAGGGAAAATATGACCCCCTGTTCCTCCGCCCGCGAGTACGATGCGATATTTTTTGTTCATAGATTGGGACTAGTGTCCTTTTAGTGTAGAATCTTTCCCAATTCGTATCAAGATACCCATCGCTGCCATGAGGAATACTACCGAGGTACCACCATAGCTCACAAAAGGAAGCGGAATGCCCGTAAGCGGAATAAGTGCGGTTGCCGCCGCAATATTGATAAATGCCTGGAAGGTCACCCACGACACAATCCCCGCTGCTGCATAGCGCCCGAAATCATCTGGCGAGTGACGCGCAATGCGCAGCCCCTGCCACGCGATAAACACAAAGAGCGCGATCAAAAGAACTGAAACAAAAAACCCCCATTCTTCAGAGAAAATAGCAAAGATAGAGTCCGTCACCGGCTCAGGAAGATAATTGAATTTTTGTTGGCTATAGCCAAGTCCAAGCCCGAAGAGTCCGCCACTTCCAATAGCGATAAGTGCCTGACTCACCTGGTACCCCGCTCCCTTGGGATCGAAGTCGGGATTCATAAAGACCAAGAAACGCTGAAGCCGATAGGGTGCCACCTTGATGAGTATGGCAAGCATCGCCATGCCAGCAAGAAAAAGCCCGAGGAGATGAGATATTTTTGCCCCCGCAACAAAGTAAACCGAAACCGCAATGAGGAAAATGAGTCCAAATGTCCCCGTGTCCGGTTGTTTCATAATCAGAAAGCCGAGTATCCCCAAAACGACGAGAAACGGTACCAAATCCTCGATAAAGTCTCCCACCATCTTGCGATTTTTGCGTGAAAACCACGCTGCGAGATAAAGCACAAATGAAAATTTCGCCATCTCCGACGGCTGAAAAGAAAATGGCCCGATAGAAAGCCACCGACTCGCGCCATAGACACGATCTCCGATACCGGGAATAAGAACGGCGACGAGCGCAAGAATCGTCACAACAAAAAGCGGAAAGGCGAGCTTGCGCCACAGATGATAGTCGACATACTGAAAGACAAAAAGCGCCAAAAGCCCGACGCTAACGCCAATGAGTTGTCGCTTCAAAAAGAAATAGTCATCACCAAAGCGTGTCTCGCCATAGAAGACGCCTGCACTCGCGATAGTCACCAGCCCAATCACAACGAGTGCGAGCACCGAAAAGAGCAGGCTTCGATTGTGAAACGATAATGATGAAGAAGATGAGGTCGATCGCACAGTATTTGTATATTTGAAAGCAAAGAATAGTCGGTCTTAGAGTCTGTCAAAGAAGTATCAAAAAATCGTACTTCTCGAACTATCTTTCAGAAAAACAGACTTTCTTAACAGGCTCTTATGTTTTCAGTGGACGGATAGCATGTTCCTCACGCCACCGCTCGATGTCGGCATGATTGCCAGAAAGCAATGCTTCCGGCACGCTCCACTCATTGAAACGCTCTGGCTTGGTATACTGCGGATGCTCGATATAGCCTGGTTCGCGATGCGACTCCGTATCAGCACTCGTCTCATTGCCGAGAACACCCGGCACGAGTCGCGCTATCGCATCAATGACGACGAGCGCCGGTAGTTCGCCACCTGTAAGCACAAAGTCGCCGATTGAAAGCTCCTCATCCGCCACATGCTCTGCAACGCGCTCATCGACACCCTCATAGCGCCCGCAGATAAAAACGAGTTGGTCGTAGGTCGACAGTCGCCGCGCATCTTCTTGTCGAAAGGTCTTCCCTTTCGCTGAGAGAAGTATGATGCGACGCGAAGCCGTAGGATTCTCTACTTTCAAAGACTCAACCGCTTTCCAAATTGGCTCCACCT
CP064974.1_gap17	447423	448897	1474	CGAGTCAGTTCCAGCAACCATTTCGATTGCAGCGCTGAATGACACACGCATCGTGTATATAGGGGTCATACTGAAACGATTGGCAGGACTCGAGAACTCGCTCAAGGACCTCGTACTCCCGAGCATCCTTGTCCAAAGGAGTAACGCAACCACTCAGAAACAATGCGATAACCAGTACCGAAAAAAGAGCAACAATGAATATTGGACGGACAGACATGCTATATCTCCTCGGATTTGAGAAACTGCAGCGTAAGGTACTCAACTGACCCTTATAGTATATGCACAATTTTGAATATTTGTCAAGATATACCAAGGAACGTTTGTATTGACATAAATATAATAGATGTGTTTCAATAGGAAATGCACATTAACAACTACTCAAAACACACAAGGTGAAGCCGTGAAGAGGATACGAGGAGTCATTCTGGTAGCAGTTGCCATTCTTGTCCTTTTTTCTGAAACATTTCCCGCTATTGCCTCCGCAAGAGAGGCTCGCCTCGTCTTCGATCCAAATAGGCACACGCTCACATATTTCTCCGCAACGGGAGCTCGCAAAGTCTATCGGGCAACCGGTGGCGCAGACTGGTGCCCAGATATCAAGCGCCCCTGCAAGACACCTGCCGGCACCTATCGCATCGGCATAAAATACGGCCCCAAGTACCGCTCGAAGACCTATCCCCTCGCCTGCTATCAACCCTGCAAAAATGGCGCATGCAAACCGAAGCCGGCTTGCGGAGCAGCAATGCCTCATTTCATGAAATTCGCCGGAAAACGTTTCGGTATTCATGCGGGAACTGTCTCACGAAACAATTCTCACGGGTGCATTCACGTCCCATCCTCGGTCGCTCGTTTTCTCTCAGACACCCTTCCTATCGGGACACTGGTCACCGTGCTCCCCTATATTCACCGATAGGAAAAGATACTATCCATCCTCAACAACAAACGACCCTCCAAACATGGATTCGGGTCGTTTTTTTGCGAGAATATTTAACCAAGATTTAATGACTCTCCAGAACAGTGTGTTCATCAGAATGAGAAGGGGGAGATTGCGCAGAGGGCGATTTCGCACTATTAGCGTCGTTATCTTTCACAGAGGAATCTTCTTTGGAAAAATGCTCTTGAGATTTCCCTTCTTGAGTATCGTCGTCCAGATGTGACGCCGTATCATGACTCGAAAGAGGAGTCTTCTCGTCTGATAGAGATATTTCTTCTGAAGCAGACTCGTCATCACAGACTTCGCCCGGAGAAGATTCTCCTTGATCACCCGCCTTCTCGAGAGAATCTCCACTATCATGAGATTCATTATGTTCCTTGTCTTTCTCTTTATCTCCTCCCTCTTTTTCTGATTCCTCTCGAGACTTTTTCTTTTCTGATATATGAGAAAACGTCTTTCGAAGGACATCACTTCGCCACGTATCATTATTCGGATGAAATGCTCTTGCCTCGAAATCGACTTGCTTCCCCTCTGGAATTT
CP064974.1_gap18	478014	479050	1036	ACCAGATGAACAAGATTTATACCATTAAATATAATGACATACTTTTTATAGAGGTCCTTCGATAATGCCATAATTGTCGACGAATACACAGTCAACACAATCTGAAGTGTAGCCAGAAGTCCAAAACTCACGATATAGACTAAACTCTGCCCATACTGACTCCCAAAAAGAAACATAATGAAATAGATGATAAGGCACAGCAACAGAAAAATCGGAGCTGCTCCGAGAAGGAATACCCGGTCAAGCTTCTTTATAAACAAATTATCGGATATTCTTGATATAGCTGGGAAATAGACATTCACAAACATTTGAGTCGCCTGTGCAATAAGATTGGTTGAAGCAGTAAAATACGCCATGTAAATCCCCAACTCTTGGATACTCAGATATTGCACGATAATAATCTTATCCATAACATTGAATGCTACCCCTAGAGAGGAACTCAGTACAACGACCCATGCATATGATAATTGATGTTTCAAAACACTAAAACGAAACTTCGAGAAATACGTTCTGAATGTCCCTACCCCGTAGATGATAAAACCGATATACCCGATAAACAAAACGAAAACATAAGAACGATAGGATGCTTCCTGCAAGAAGAAAAAAATAGCGACAAAAGAAAAAACCGTAAGGAAAACCTCCGCTATTCTTGAAAAAAACTGCTCCTTAAAAAGATGGAGTCCGCGAAAAAAAATATCAGTTATTGATCTGAATATCAAAGCAATGGAATATACAATCGTGACCACCAGAAATATGGCGTCAAAGTGAAAATTCTGTCTGAAAAAGAAAAATACTAAAAAAGTCGATAAGACTGTCACAATACTCGAAAAGCTAACAAAAATTAGTGTCGTAGTGAGATTATCGGATTGATCTTCTCTTTTCTGACTTCTTGAAAGGAAATGGAGGCCAGCGATATCCATCCCGAATACCGCTGGCAACATCACTATCTGACTAACTGCAAGTACAAGACCATAAAGCCCGTATTGTTCCGGTCCCATATACCGTCCCCCAAGTACGTTTACAAAAAGCATCGCTA
CP064974.1_gap19	480192	485020	4828	TCCTTAAGGGCGTGTTCTTGGCGACGCTTTTCCCGATATTCACCGGGCAAGACGAAGCGCGACACTACAATACGCTTCAGTACCTCAATCAACCCGAGATACCCACCGAGCAGACAACTCACCGCCTTCACATTCAAAACAAAGAAGATTTCTCCGATTACAATTTCTCTGAGGAAATCGTCAATACTGGGAAAACTGCCGGAATAGATGATTTACGCCACGGACTCTTCGATACCCAACGGTTCGTCCCGGAGAGCTTCGATGGAGCAAATGAATCAGAGATTACCCGACAAACCTGGAAGCCCTATAATTTCACCACGCCAGCAGACGTCGTCGGATCGAAAAGTCTCTATCACACGATTGCCGGCGCTATCGAGTCAACGCTCTCACAACAAGACATTCTCACCCGATTCTATGCCATTCGAATTTTCTCCGTCCTCCTTGGGACAATCGCCGTATTTCTCACTTTCCTTATTGCAAGATCACTTCAATTTGACCATTTTATCAGCACTCTCTTGGCAGCGCTCGTCGCCTTCCAGCCAAAGTTTTCGATGTACCTGACCAATATCAATTATGATGCCCTCCTTATCCCAACATTCTTTCTCTTCACCTGGGGAGGTGTCATAAGTATACAGAAGGGACTCAACTGGAAAAATTTCAGCATCATGTTCCTCGCTGTTGTTATCGGACTCCTCACCAAAGGCACGGCAATCGTGCTTCTCATGGCTTTCCTCGGAATCATTTTCTATCATTCCTACCGCTTTATACGCGCCCGGCATCAGTTCAAGATTACCTTCCTTAGAAGCGTATTTGCAGCACTTTTTATCATTGGCATCGTTGCATTATCAAGCGGACGATATCACTACACAACGCTCATCCCAATCGGCACGTCATTCTCCGTCACCGCAACATCACTCGGACAATATCTCGACAAAAGCCTCACCTTTGGACGATTCGGACTCTCGTCTCGCACCTATTGGGGATCCCTCGGATGGAATGACGATTTCCTAGCACGCCACTTCACAGATATACTTTGGCCACTCGAGGAAATCGCCATCGTCGGTATCATTCTCTTCCTTTTCAGCAAGAAAAAACCCAACTTCCTCCCAGAGAAAAAGCCTGTCATATTTCTTATTGCCATGATTATCGCGCTTCAGTTTGGCATTCGCGTAGCAGATTGGAATGTATTCGCACATACCGGATCGCTCGACCTCGGCACGCCCGGGCGCTATTTCCTCCCCAATCTCGCAACTCATCTCATTCTTGTTTTCCTCGGAATCGGCACGCTTCTCGGAACACGCGAACGATTCAAAAATATTCTGCTCGGCGGAGTTATCTTCATGTGTTTCTTCTCAATGTTTCTCACTCTCGATATCATTCTCCCGAGATTCTATCTCTAAGAAATCACTAGAGAAACATCAAAAGGTTATTCTTTTGAAAGACAACCCGCTTTCCTTAAGAGACGCTAAAAATGAAGAACCAGTCAACTATGTTTCAGAACCTCTCACAAAAAATATTCCTCATCTCCATCATTGGATTCACGGCTATCGTGATTGTAAACCTTGCACACCAATGGGGATTTCCTGATACGCAGTTCCCACTCGAAAAGAGCGAGAAAGTAAAGCTCGATGAAACCGGAGCAACACAAACATTTATCGCCACTCGTAACGAGCTCTCAGGCATAAACATTCTCTTCGGCGGATCACAGACCAAGAACGGTGGGATGCTGTCAATTGCCCTTCTCGATGCATCTTGCCAAGAAAAAATTGTTGAGCAGAAAGGTTTCACAACATCATTTGATACAGAAAATTCCTTTCGATTCTCTTTTCCTTCCATCTCTGATTCCAAAGGAAAAACATTCTGCCTCACAACACACTTCGCACCAGCAAAAGGCTCCAAGAAAGCTGCTATCTTTGTCACCACCAACACTCTCCCTCAAGAAGCACTCTCGCTTTCCATAAACGGGGAGATACGCCCCAATGAATCACTCTCATTTCGCCCCGTCTATCGAAACAAAACGCTCCTTGCTGATTTCGTCGAGCTCAATCAGAGAATATCACAGTACAAACCCTGGTTTCTGAAAGGCGTCCCTCTTGCAATCATCACCATATTCTCAATAGGACTTACCCTCGTCTTCCTTATACTGGCAATCACCAAAGATTCAGCCAAAGAAAGTAGCAAAGAAAAATAGTTCTTTCCCAGTACATCCATTCGAAATTTATACGAATACACAAAAGAGGTGGCATCAACCACCTCTTTTTTCATCCCGAATTCCTCTCAAAAAGAGAAGTCTCCTACACCTGATAATATTCCCGGTACCAATCAACAAAGTTCTTTATACCAACATCAATGCGAGTGGTTGGCGCCCAACCAAGCATGCGCAGTTTCGAAATATCGGCAACGGTCGAAGGCACATCGCCTGGTTGCATGGGCATCATTTTCTTCTCCGCGGTCTTCCCAATATTCTTTTCAATAACTTCGATAAACCGTGTCAATTTTTCCTCCGCATCACCACCAATATTCATAACCCCAACAGGAAGATTAGCATCCAAAACCGTAATCGTCCCCGAAACAATGTCATCAATATAGGTGAAATTCCTTGTCATCTTCCCAAAATTGTATACCTCTATAGGCTTCTCCTCAAAGATATTCTTCGTAAAGTTGAAGAGTGCCATATCAGGGCGTCCCCATGGACCATAGACCGTAAAGAATCGCAGTCCCGTTGTTGGAAGTCCATAGAGATGACTCCATGTGTGAGCAAAAAGCTCATCTGCCTTTTTACTTGCAGCATATGGTGAAATCGGACTATCCACAGAATCATTCTCGGAAAACGGGATTTTCTCATTACCACCATAAACCGATGATGAAGAGGCGTAGACAAAATTCTGTACATCATGTTTCCGAGCCGCCTCGAGCAAAACGAGAGTTCCATTTATATTCACATCCGCATACAAAAACGGATCCTTGATTGAATTCCGCACTCCCGCCATTGCCGCCAAGTGCACCACCTTCTCTATTTTTTCTTCCAAGAATATATTTTCAACCAACGCTGTATCACGGATGTCACCTTCGTACAATTTGAAGTCAACGCCCTTCAAAAATACAGCGATACGATCCCGCTTGAGCTGCGGGTCATAGTAGTCATTGAAATTATCGAGAATCACCACGCGATCACCACGCTCAACCAATCGCTTCGTCACCGCCGAACCGATAAACCCCGCCCCTCCAGTCACCAAAATATTCATAGTCGCGCTCTTAGAAAATTATCATACTCAGTGTCAATTACCGTATCAGTGATATATTTTTGCACAGCTGTCTCTCGAGCTTTCTCCCCTAGACGTTTCCGCAAACGTTCATCGCAAATAAGTTCGACAAGCCTTTCATACCATCCCTGTTCATCTTTGGCAACGAATCCATCTACGCCATCGGAAATCGCTTTTCGAAACGTCTGCGTTGCCGAAGCAACCGTCGGAACACTCACAATACCCGCTTCAAAAAATTTCAGTTCGCTCTTCGCCTCGCAAAACGGGTCGCCGATTTCAAGGGGGGCAATATTGATATCGACACGCGCAATATTCTTGAAATTCTCGGCACGCGGTACAAAAGAAACGCGATCAATACGGGCGAAATATGCATCAAGCGTATTGGGAAGCACTAATGGTCCACCGATAAAAAGTCGCAGGTGTGAGAACTCGTCAAGAAGCCGCTTCAGCACCGGCACAACAACCATGAAATCCCGGTCATGCCCCGTTGATCCGCTGAAATATCCTATCGAGACCTCATTCAAAGACTCGCTTCGCTCCCGATGCTTCTTAGGATTCGATGCCAAAATTTCATCCGCTCTCTCCACATCCTCTCTATTCAATCGGTTTGGTAGCACAAATACGGGTTTCCCAAAAACACAAAGCCTCTTGGCAAGAAACTCCGTACTCGTTGTCAGGGCGCCAACAGAGGAGTCGTTAAGAAATTCGGCACCGACGCCGTGTGCATATTGTCTTCTCTCAAGTGCATTCATCGCCCCATAAGCAGCAGTTTGTTTGAAAAGCACCTCATCAAATACCAAATCATCCGTATCGAATATCACTGTCTTTTTTAGTGTCTTCAATCTATCGACAAATGCGGCAATCGTCGGCGTCCACGAAGTTCGGTGAAATACAAAAACCGAAAACTTGCCCGCAAATCGCGAGAGATACGGAGTATCCTGTGGAGTCACCGCCACGCGGAAACCCCGCAAGCGCAAAGACTCTGCGATATGATGGCAGCGATAGCGAGCGCTATCGCCGACGCCACTTGCGATAAACAAGACCTCTCCCGAACCGACCCGATGAAAAAACATCGGTATCGAAGCAAGAATCCTTCGACTCCCCTGAACTATTCCGTCACGCCGAAGCAATGACCATACCTTGCCGAGTTTTATAAGAAAAGCATTCATCAAGAGAATCGCTAGAGGTATTTCGCAGGATTGATATGGGCACCGGTTGGGATTAAGAGCCCCTTTACACTACTTGATTTAACTATCTCAAACGACTCGCTCGTGTAGACGCCGAAATGCACATGAGATCCTGTTGAATATCCCGTCGAACCCATGAGCCCAATCTTTTCTCCGCGATTGACCTTCTCTCCGTTTTTCACCAGTTGTTTGCTCATATGACCATAGAGCGTCGTCAGACCATTCTTGTGTTCAATAGCAATCCATTTCCCATAGGCATATTTCCCTTCGTCACCCATGCCAACCACTTTCCCATCTTCAGCAGCGAGAATCGGCGTCCCGACCGCATCGGCAAAATCCATGCCGTTATGAAAAGTATACCATTTGGTAAATGTCGTT
CP064974.1_gap20	488806	491426	2620	CCGCCGGAATACGAATCCCCAAAAATATTTTTCGCGCTTTCATATCAGGAAATGCAGATTCATAATTTACAAAAAGTAAGGCAAAGATTCTTTTTGAGATAGGCTCTAGAAACTCACTCAACTCTCTTATCCTATTTCTCGATTTCCCGAAGTGCTTCAAATAACTTCCGCTCTTCGCGAGAGAGATGCTTCGGAATACGCACGGTCACCGTCACCAAATGATCCCCTCTTCCCCACGAGCTCCCTACAGGGAGGAGCCCTTTGCTTCGCACGCGGAATACTTCACCAGACTGTGTGCCTGCAGGAATCTTCATAGAAATATCCCCCTCAATAGTCGCGACACTCACTGTGTCACCAAGTGCGGCACGAACGGAAGAAATCGAGATATTCGAAAGCACATCATTTCCCCGTCGCGAAAAAGTCGGATGCGGTCGCACATGAATTGCAATCAGAAGATCGCCCGACTGACTCCCTGCTTCACCCGCCTCACCCTCTCCCGAGAGGGAGAGCATCTGCCCATCCTCAATGCCCGCGGGAATATCCAAGGGAATCTCCTCCGACTTTTTCACATGTCCTGACCCGCGACATTCTGAACATTTCTCCGCATACACTTTTCCTCGACCCTGACAGTCACCGCAGACATCCGCCTGCTGAAACGTCCCCAGGATACTCCGCACTGTTCGTCGTATCTGTCCTGTTCCATGACATGTCGAGCAGTCTTTTTCTTTCGATCCTCGCTTCCCGCCTGTCCCCGAGCATGATGAACACGATACTTCTCGTCGAAGCGAAATCGTCTTCCGTACGCCGCTCGCCATTTCCTCAAACGAAATTTCAACATCAACCTGAATATCCGAACCGCGTCGCCGAGACCGCCCCCGCCCCGATCGACCACCGCCAAAAATATCCGAAAATATATCCTCAAAGCCCCCTTCAAAGTGGAAATTGCCATTTGAGAAACCCTCGAAACCGCCAAAGCCAGCTCCTCCACCACCTCCGCCCCCTTGCGAAAATGTTTCTCCGAACTGGTCATATTGCGCCCGTTTCTCCTTGTTCGAGAGCACCTGGTACGCCTCATTTATCTCTTTGAACTTCGCCTCGTCGCCCCCCTTTTTGTCTGGGTGATGCGCGTGCGCGAGCTTTCGATACGCCTTCTTGATCTCATCCGCCGACGCACCCCGAGCGACGCCAAGCATCTGATAGTAGTCTTTCGCCATAATCAGAAAATATACATACAATGTCCCCAGTATAAACCAAAATAAAAAAATTAGCAATCACCGAAAGTGAGTGCTAATTCCAAGCATTCAAACATCCAGAAACCCCAAAAAAGAAAAGAAAACCCGCCAACAGTCCAAAGACATGGCGGGCAAAGTATACCAATCAATCCGCTCAAAACCTTATCCAAACAATCGTCATTCAGACTCGCCGGATACCTCCCCTTCCAGAATCGTGAAAGTAAATGAGAAAACTGTCGTGGAGCGATCGCTCTGTGTGACAATTTCCGTATAGTCAACTTCCGCAGTAACGGTATAGGCGCCAGGTGTTGTCGGCACAACGAAGGAAAACTGCTCGTTGGCAATATCTCCCGTCCGAAGATGATCGCGCCGCGTCTGGTCGAATCCGATGATAACTGGATTTTCTCCGTATTCCGGTCCTTGGATCCGATACTGCGTATAGACGTAATCCTGCCCAAATGGCGTCCCAGTATTGGAAATCGTCACCGCCACGTCTACAGTCTGTCCCGAAACCACTTCATTCAAGAAGTAAAACTGAATGCCCAAATGAGCATTTTCCTTGATAACGAACGAGTAGGCATTGCTCTTGTTATTCGTCATCTTCGATTCCCCAAACGACTTGTCCGAATTGGCAACCGCCGTGAAGCTATACCGACCCGGATACGCCGGGTAGTCACCATCCTTGAATCCAACACAATGACTCACGTTCTTGGACTTCCCAGTCCGCATATCCTTTTTACTGATCATTTCGTAACCGAAATGTCTCGGACTTCTGTCTTCATTGTAGCCTTTGGACAGGTAGAAACTCAGCTTGACATCCTTTGGCGCATCGCCATCACCTTTGCTCTTGACGTATGCCGTGGGACAGAGTGTGCTCCCCCAGTCGACATCGTCATGTTTGCGTCCACTACTTCGCTCGAACCACTCACCGGATATGCCAATATCCGGAAGTTTCCTACCACTCGAAGGAGTAAGTCCAGTCTCAAGAGTCTCCGAAGGATCTGGCTGATACCCTGAGTACGGGTCAATAGCCTTGTCGCCATTCATGCCCGGACCATCCGTAAGTACCAATATTTCCCGATTCGTTCCGGCGATGGCATACGCGACACCAGAACGTTCAACAGATAATGACTGCTGAATATATTGATCTGCTGCCTGAGCTGGATATGTCCAAGTGAACATTGCTTTAATTTCAGACACCACCGACGAAAGCCACGAGATAACAGCCGAACTAGCCCGTTTCCACCTACTGTCCACAACCTGGTCAGTTTTAACGACTCCATTATTCTCTTCACTAGACCGGAGCATCCGCTCCACCGTATCGGTGACTCCCTGACAGGCTTCGTTCTGAGAAACAACTTCCGTCACCCAGTAGTCATCTCGAGAAG
CP064974.1_gap21	493703	496946	3243	CGAAGAGATGATATTCTTTGCTTTACTATCTACAAAAGTAGAAATTGTGTAGGTCTTATTGCGATACACCAAAGAAAATAACCAAACTAATCTACAAAAGTAGAAATTGTGTAGGTCTTATTGCGAACCAAGCAAAGAAACTTGAGAAGAATCTACAAAAGTAGAAATTGTGTAGGTCTTATTGCGGCGCGTGAATAACTCTCTCTATTAAATCTACAAAAGTAGAAATTGTGTAGGTCTTATTGCGATACGCGAGCATAACAAAGCCTTCAATCTACAAAAGTAGAAATTGTGTAGGTCTTATTGCGGTCACCATTTTCAGTGCCGATTTTGATCTACAAAAGTAGAAATTGTGTAGGTCTTATTGCGAGGGAACACCCGGGCTTGTTTCCGAAATCTACAAAAGTAGAAATTGTGTAGGTCTTATTGCGTTCGATTTCTGGGAAGTTCTCACTGTTATCTACAAAAGTAGAAATTGTGTAGGTCTTATTGCGAGGAGATGGATGGTGGTATGCTAGAATCTACAAAAGTAGAAATTGTGTAGGTCTTATTGCGTAAAAATCCTTGATAGCAATAATGAAATCTACAAAAGTAGAAATTGTGTAGGTCTTATTGCGCAACTGGAATTAACCAGCATCGTCCCATCTACAAAAGTAGAAATTGTGTAGGTCTTATTGCGGTGAGGAATATGGATACAGTGATGGAATCTACAAAAGTAGAAATTGTGTAGGTCTTATTGCGGATCTTTGAGAAAAACGAACTCGTATATCTACAAAAGTAGAAATTGTGTAGGTCTTATTGCGGTGCGGTCATTGGGTACTGGATCAAAATCTACAAAAGTAGAAATTGTGTAGGTCTTATTGCGGCGTGTCGAACGAGAGAAGCAGGCTATCTACAAAAGTAGAAATTGTGTAGGTCTTATTGCGGTCTGCTTTCTTACTGCTTCGGCGAGGATCTACAAAAGTAGAAATTGTGTAGGTCTTATTGCGCGTCGAAGAAATAAAGAGCAGTCAAATCTACAAAAGTAGAAATTGTGTAGGTCTTATTGCGCCGATGTGGCTAAAGCCATATCGTTGTATCTACAAAAGTAGAAATTGTGTAGGTCTTATTGCGATGGATTCATCCAGCCCGTCGTCATATCTACAAAAGTAGAAATTGTGTAGGTCTTATTGCGATGATAACGCCTACCGAAGACGCACTATCTACAAAAGTAGAAATTGTGTAGGTCTTATTGCGATGTCCATGTAAACCTGACCACCCATATCTACAAAAGTAGAAATTGTGTAGGTCTTATTGCGAGTATAGATATTGGGTTGATAAGTCGAATCTACAAAAGTAGAAATTGTGTAGGTCTTATTGCGAGCCATAAAGGCTTGGATAAGCCAAGAATATACAAATCCCGAAAAAATAGGGACGAACTCTTGGCTTATCCATGCAAAACCCAGATATTCAGGTCGGGGTTTTGCGTTTTTCTGAATACAGACGCAATAAAAAATATAAGGCCCATTTCAATTTCCACCTAAAAGGTGATTGAATTGTCAAGGTTCTTCTTGCGGGGAAAAGTCATGAGATCATGATAACCGTCTCTTCTTCACGTTTTGCATACCCGTAGCGCTTCACCTTCTTGGCGCATCCTTCGCACACCTGGAACACCACGATGCTATCCGCTCCGGTAAACGTCTTCTTGTACTTCAATTCTATCTCAATCAGCACATTTTGCAAGACCCGATCGCTCTCGCGCAACTGGAATACGCTGTATTGGATTCGCCTACCGTATTTCTCCAGAAACTTGGAAAAACGAGTGCGCGTTCGATTATCTTCAAAGTCGTAGGAAACTATTAGCATAAATATCAACGGATGATAAACGACTGAAAACTTTCTTCATCGTCATTCAATACTCGGTAATAATATCCTCGGACGAAATCGTATATTTCGTTCTTGTGTTTCAAAATTTCTTCGAGAAATATCTTCGTATATCGCGCGCCACTTTGATAGTTCAACTGATAATTTCCATTTTTTACGGAAAAGTCCTTTGAATCAAAACGGTTCAAAGTGTGAATCTTGAGAAGTGAACGATCAACGATGCACCGAAACGGCTCCATCATATCGCATGCAAGCGACTTACGTTGGAAAAACAACTGATGATACACGCCCTTATAGGTATCAAATCCAAAGAGACGCAAGAGCGAATCAGTGAAATGAAAGAGGTAGGTATATCCCATATCGAGCAATATATTATTCTCATCCACTTTGCCACGTGGCACTCGCCGATACCAACCAAGCGACCCGAAATACTCACGAAAATACATCCGCCCCACCGTCCCCTCTATACCGCGAAGCGTTGCCAAATCCTCTGCACTCGCTATTTTTTCTTCCCATTCGCGCTTCCGATCAAGTAGCGACTTCCCCGAGAGTGACTCCTTGCCAATCGAGCGAATCAATGCAATCTGATTTCTAATTTTGTTCGAAACAATCTTGCGAGAAATTTCCAGGCATGCATTCAAAGAAAGATTGTATTGTTTTTGTCGCAACAAATAATTTCCTTCGGCATACGGACAGACAGAGGCGTATGTTCGAAACGACCGGTCAAGCAGGAACAGTGATACGCCGTTCTTCGAACAATTCGCAACGAGCTTTGTCGTCAAAGTCGCCTCTCCGTGAAGAAATATAGCCACAAGCAACTGAAGTGGCACTTTTTCTTTCGTTCCCTCTTCATTCGCAATAACAATATTTTCATTTCGAAACGAAAGATCGCACTCACCGAGTGTTGCGGTACTGATAAAGGCGATCTGTTTTTTCTCGAAATCCGGAGCAGTCAGCATAGGGTATGAAGTCGACTATGAATTTTCTTCCAAAACAACACGAGGAGCATCACCACGACACAACGTCCGATAAATACACCCGGCACATTTCTTCTCGTCGGCTATCGGATGCGTCTTTGATATATCGAAAGTCCGAATTCGATCGATCAAACCGAGAAACGACTCCCAGTCCTCAGCAGAAATATCGACGGGATATTTCTTGTTATCCGAAAGCGAGTGCAACACCGCCTCCCGAACTTCGTATCCTATTTCTTCGAGACAGAGGATTTGCCCCAAGACTTGCCACTTGTACCCGGGATATACAAATCGAATCTTCGTCTTCCGCTCAATGAGCGTCTTTGTCTCCACATCGTATATATCAATCTTCCCGACCAACCCGTATTTCTCGGACGAGACGCTCATCCCCTGCCGATACCGACTC
CP064974.1_gap22	575633	577543	1910	AAAAAGAAACATCAAAGTACTCAACATCAACAAGTTGCTCAATAAGAACAATGCAAGGTTTTCGTTTATCTCGTCCACGCGCACGATAAAGCCGCTCGACAGCATGAGGAGATCGAGCTGATGCAACAAATCCATACAGCGTATCAGTCGGAAGAATACCGATATCGCCACGCGCAATCAAATGCGCAGCCTCCGAAAATGAAGCATTCATCATACGCGAAGTTCCAACATCACCGGACAATGATCGGACCCAAGGACATCAGAGAGAATATTTGCATTCACAACTCGCTTCTGCAATTTCTCGTCGACAAAGAAATAATCCAAGCGCCAGCCGACATTTCGATCGCGCGCACGCGTCTTCATATCCCACCACGTATAGTATCCATTCCCTTCATGAAACATCCGAAATGTATCAATGAAACCACGTTCGACAAGCTGATCAATCCACTCGCGCTCAACTGGCAAGAATCCAGATACACCAGCATTTTCCTTAGGACGAGCGAGGTCGTATTCAGTGTGCGCCGTATTCACATCGCCACAGAAAATAACATTTTTCCCCAAGTCACGCAGTTCAAGCACATGCTGCAAAAATTCCCGATAAAATTCCAACTTATATCGCAGTCGCTCCTCGCCCGATCCGCCATTGGGGAAATAGATATTGAGAAGCGTAAAGGACGGATACTCGACTTCGATAATGCGACCTTCCTTCGAAAGGAGCGTCTTTCCAAAATCCGTCTTCACCTCAATAGGCGCCTCCTTCGAATACACCGCGACACCGCTATAACCTTTCTTCTCAGACGCCACATGCCAAAACGATTCGTATCCACGTGGCGTACGAAGCTTCTCAGACAACTGATCCGGATGCGAAACCTTCGTCTCCTGCACTAAGACAATATCGTATTCACCCTTCTCTATCCATTCGACAAATCCCTTCCGTTCCGCCGCCCGAATCCCGTTTACATTCCATGAAACAAGAGAGATAGTTTGCTTCATATGTTCTGAAGTGAGAAGTGAAAAATGAAAGGTAATGGTCAACTTCGCCCCTATCCTACCATGCCAAAAAGAAAAGAAAAAACGCCCCGGTTCAAATATTTTTATACATGAACTTGGGCGTTAACATGTGAAAGAGGGGTTTGAGACATCTTATTAACTTCTGTTAGTCCCAAGATGGTAAACGGTCAATCCCACCTTTCACCCACCGGAGTAGTGAGAAAAAACCGACTACTCCGAGAAAGAACAAGGAAATTCTCGGATTCTCGAAAGAGAAATTCACCAAAAACCCGATGAAAAAAATAAGGAGAAACAAAACTCCGAGAGCGCCAATCGCGCAAGCGATATCGGAAAAGAGATAGCTCCGTACCTCCACTTGCGAAACTTCATCGTCCGCAAGGGAGCCCGTTATTCCCTTCGATTCTTTAACCCTTGAAAGGGCAATCTTAAACGACAAGGACATCATAGTCAATCCCTCCACTTTCATTGATAAATCGAGGTAATTATTCCCTCGAGGACTATCTCTCTTTTACCATAAAAAATAGAATCAGTCAACACAAGTGTGTCACTTCTTATTAACAAGAGAATCAAGCTCTTTCCAACGACGTTTCTTTTCTTCGTACGGGACATCGTCCAGAAATTTTGACGCCGCCGTCCCCGGGCGTGGAGAGTACCGAGCGGTATAACTTTTCTCAAATCGAGCTCGCTTCGCAAGATCAAGTGTTGCCTCGAAGTCTTCGCGCGTTTCTCCTGGGAATCCCACGATAATATCCGTCGTAAAACGCGCCCCTGGAATACACTTGCGAATCCGATCAATCAATCCCAGGTATTCTTCTCGGGAATACCAGCGATTCATCCGCTTCAAAACATCATCACTCCCCGACTGCACCGGCAGATGAAGCAGTCGATCGATATTTTCA
CP064974.1_gap23	632540	636585	4045	AAAGCCCGTTTATTCCAAGCAGTCTCACTATGTATTTCCAAGATCTCATCGGTACAAATATTCGCCTCTGGAATATCCTTGAAAACAACAAGGAGATTATCGAATCACTCGAGGCAACCAACAACTCTCTTCTCTCAAACAAGCTCGACCTCACCATGAAGGTGCTCACTATCTTCTCTGCCATCATGCTCCCAATGACTGTCTATTCGAATGTGCTCGCCATGAGCGCAAGCATTCCTTTTGCCAATAGCCCTTATGCCTTCTGGATCCATGTCGGCATCATGTTCTGCATCTCATTCGCCACTATTATCGTCTTCCGTGCCAAAAAGTGGTTTTAGAGCGCATACCAAAAGGAAGAGAGATCTCTCGAGAGATTCTGACACAGAACATACCCGAACAATGCATTTTTCAATAAATGAAATCTACACAACAGACACAGAAAGATACAGAATATTTCATCAGCAAGATTCAAACCTATGCCTTTCTACCAATCCCCCATCAAAAACCCCGCCGTCACATCGCTCACATTTCTTCTTGGCGTGATGGTTATCGTGGCAATAACGCTCTCTCTCCGTGTCGCCGACGCAGAGCGTCTTGCTAAAAATGCCGAGCCCAGTATCGAGACCATACCGATTGACCCGAAACTTTCCGAGATCCAACGAAACATACAAGCAGACCGGGAACAAAAACTCAAAAGCTCCACCCCCGCCCTACAGAAAACCATCACCGAAACAAAACCCGTCACAACTACAACACTTGTCCCTGCTCAGCAGACAGCATCAACCAATCCAAGCTCCACGACGACTCCCAAAAAGTCAAACCGAACAACGAAAACATCTTAGAATATACGCTCCCTTATGAAAAAACGCCTCTTCTTCATATTTTCCTTTCTATTCCTTGTCTTCGGTTCGGTAGCACTCACCACCTATCAAAACATCCTCCATGCCGAAGATGACGAAGAAGAACACGAGGAAGAACATGATGAAGACGACCATGAAAGCAATGAAACAAAGAAAACGAATACAGATAATACATCTCCTACCAAACAATCATCCATTACCAATCAGCCAACATTGATTCCTGTAACCACAGTCACGCAGCAAGAAGTCACGACTGTACTCACGGACAGTGACGGAGACGGGCTCTACGACAACGAAGATCCTCATCCAAATATTCCAGAAATTTACATCGTGCATGATGATAACAAAAATGGCATCGCAGATCGTTTCGAATCTTCCCCATAAACCACCCTCTTTTTCGGAACGTCCATGACTCCGAAGCATCACAACTCGAAGGAGGCGCTTCTCTCTACAACCCGTCTCTTTCGTGCTATGGGAACGGAAACGTATCTCGAAATAATCCACCGAAAAGGCGAGACCCGAAGAGCAGAAGACTCACTCGCAAAAGCCGTCGAGTGCTGCTTTGAAAAAATAAAGATCTTCAATCGATTCGACCTCGAAAGTGAACTTTCACAATTCAACAGACATATCGGAGAGTTTCGAAACGCTTCACCTGACATGCTCGCTATCGCGCTTCATGCACTCTCATTTCACAAAAAGAGTGATGGCCTCTTTGATCCGCGTATTCTCTCCGTTCTTGAACGTATCGGATATAGCTCGGACTTCTCCAATATACAATCCCAATCGCCGATACTTGAAAGGTTCTTCTCCCCGCGCATCACTCCACTCAAGCACGATCTCAAAGTCTGGGGTGAAATGGTGCAACTCGACACACCTATGGACTTTTCCGGAATCGCCAAAGGATATATTCTAGACAAAATGGCAGAGCAAATACAAAGTGATGGTTGGCACAATTTCCTCGTTGACTCGGGTGGTGATATGATGGCGCGTGGCACCAATCGTGAAAGAGGACGCTGGAGCATCAATGTCGAAAACATCCCCGAAGAATCCTTGCTCCTCGAAATCACCGAGAAAGCGATAGCGACGTCCGGCATTACCAGAAAACAATGGACGTCCTCCCAAGGGAAACGCTATCACCACCTCATTCATCCCAAACATCCAAACACTTTCTCCTTCAATCTCCTTTCTGTCACTGTCATCTCACATTCTGCCGAACACGCCGATTTCCTTGCCAAAGTGCTATTCCTTATGGGAATCAAGGACGGATTCTGCTACGCCAAACAACATTCCATCCCTGCTATTTTCATCAAAGCAAGCTCCAAAGAAACGTCAAAAATCTCCTGGAACCTCACTCCCGAAATTAAGCATTTTCTTTCCAAAAAATAACGCGACTCCTATGAAAAGAGTTTTCGTATCTGCATTTATTGCATTCGTATTGGGAGTGATCGTATTCGCGTCGCCAATCACTCGTGCCGAAGAGCCCATGAACTTTCTCTCCTATCCCGACGGTCCCATACTCGATTCCGATCTCGACGGACTAACCGATGTTGGAGAAACAACACTCTTTCAGACCGATCCAAAAAATCCCGACAGCGACAGTGACGGCTGGTATGACGGAACAGAGATACTTGCGAAGACCGACCCGCTTGATTCAACATCACCCTCAGCGACCACCATCATCACACCAAATCCATCCTCGATACAAACTCCTTGGGTCTGGTACATCACCCGCGCCTCGGGACTCATCGCTTTCGCTTTCGCTTGGCTTACTATTTTCCTCGGTGTTGCCATTCGACTTCCCGGTCTCAAGAATATCATCCGTCCCGTCTATTCTCTTTCTGTTCATTACACTCTCGCAGTACAGACACTCTTCTTTGCATTTCTCCACAGTATAAGCTTCCTCTTTGATCCATTCATGCTGCCGACACTTGCTGACGCATTCATCCCCTTCCATATCAGCGCCGACAAACTCGACCCCCTCTCACTTGCCCTTGGCATCATGGCACTCTACGGATTCATCGTTCTTGTCTTCACGAGTTGGATCAAACCCATGATTCCACAACGTATCTGGAGAATCACTCATTTTCTCAATATTTTCGTATACGCGACTGTCGTCGCACACGCACTATTCCTCGGTACAGATATGAAAATTCCTCTCTACCGAAACATCTTCATCGGCATAAATATCTTCCTTGTCATCCTTCTTTTCTCGAACCTCGCCCTCAAACTCTCCAACGTCCTCCGCCGCCGCGCTATACAACAACAGCCAGTATCATCAATTACTAATCAAAGTACGTAGCATAATTGAAATCACAGGAGTCTGAAAAAATAACTAGAGCTTATACCAAAAATAGCTTTCGACGATTTTTAGGAAATTTGAATGGAAAGTTATGAAAAACAAGAAGGAATATCGGGATATTTCGACGAGTCTTGAATGATTTTCCGTCAAAATTTACAAAAAGTAAGGCAAAGATTATTTTTGAGATAGGCTCTAGAAAGAAAACCCTGCATTCCTCATAATGCAGGGTTTTGTTATATCTCAAGCTTTGTTCTCCTCCTTACAGCTCCTCGGAACAAACGTTTCTATGTAGTTGACATAGTCGTTTATTTACATCAACCACTTCCCCATTGAACATTTTGTACTCAGGAGGAACTTCCGGAAGAATATCCGCATCCCCCTGACTAAGAATTACCGAGCCATGAGGAACAAATCGATTAGGTGGAATTTTCACGCCCATAACAAGACAGTGAAATCCAACATAGCAATTCCGACCGATAACCGAGCCCCAAACAGTAGATCGAACGCCAATAAAAGTTTTCTTCCCGATTACAGTCGGACCGTGAATACAAGCGCAGTGTGCAATTGAACAATGTGATCCAATATAAATAGACCACGGAATGCCATCAACCTCAAACTGCTTGTCGCGAAGCCCATGGAACACCACTTGATCCTGAACATTCGTTCCATGCCCAATAAAAAAGGGGGCTCCCTCATCCGCACGAATAGAGGCATGTGGAGCAATAATGACTTGCGCTTCAACGGTAACCCGACCAATGACAACTGCGAGTGGATCAACATAGCTCAGATTGTGGATATCCGGAGATCCAAATCTGCCTTTTTCATGAACCATACAGCCTCCTCAGATTGCAAAACCGCCATGAGAAATTCAAAGGACACAAAAGAA
CP064974.1_gap24	638584	639339	755	CAATGATTCCTCGCGACTAAAGAGCGCTGTTCCCATACGAAGTCCAAACATATAGCCAACAACATTTCCCAAGACCGCTGCGGTAAAAACAATCATGAGAAGTATCGGGAGAGACAATACCCCACCGCTCGCCAGAAGCCCCGCAACAAACAAAAGGCTATCCCCTGGCAAAAAGAATCCGAGAAATAACCCTGTCTCGGCAAATATGACCGCAAAAAGACCAATATAGCCGATAGTGAGAATAAACTCCGAGAGATTGACTCCGGGCAACATAGCAATTTCATTAGGCGAATAACCCCCACAGTATAAGCAACTTCTCAAGAAAAAGGAAGGGCACCTCTTGAATTCACTCAAGAATACCCTCATCTTCCATTCCAGTGAAGAAGCTTCTTTTCGAGTATCAAAAAGCACATATTGAGCGCATAGCCAACAATACCAGAAAGCAAAATTGCCGCATACATTGTGGGAATTTCATAGGTGACTTGAGCATCGATAATCCTTCGTCCCAATCCCGACGATGTCCCAATAACCATTTCTGCAGCAACAATGACCACGAGTGACATACTCAAAGCACTGCGCAAACCAACGAATATCTGAGGGAGACTCTCCCAAAAAAGCACCAAACGAAATATCTGCGTCTCTGTCGCGCCCATAATGGTCGCTGCGAGTATGCGAGATTTTTTCGCATACATAACACCGTGAGCAGTATTAAAAATAATCAAGAGCATCGAAGTAAACGCAGCAACAGCTATTTT
CP064974.1_gap25	826629	827367	738	TGTCTGCGTCCAGTAATTCATACCAAAAACCCGAGGAACACGCGTAAAACGAAGCATCACTTCCCGAAGCCACGCCGACTGCTCTTCATCCGTCATGTCTCCATTTATATCTGGAATCGGCGCACCAAACTCTCCCAAAAGAAGCTGTCCACCACTTCTCGAAATAAAGTCTTGCGCATCCGTTGCAAGAACCTCAGGAGTCTTCACATAGTGATCAACCGTCACCATACCGCCAAGTATTGCTGTTGTATCCTTGTCCATGACGAGTCGAGCGATATCGCCATTCATGGAAAAAAGATTCGAAGAGATATTTTTTCCGAGCTTTTCAAAACTTGCTTGCGTCGCCGCATATTCATCAACGAGAAACTTCCGATATCCCTCGATATCACCATTCAATCGCGGGTCACCCGGACCGCCATTCTCACATTCGGGGCATGCAGAAAAAGCATCGCCATCTTGGAAGAGCTCGGGATGTCGACGAATAAACGCCTGCGTCTTCGAAATATGCTCTGCGCGAGATATTCCTTGGTATCCAAACCAGCCTTCCCATCCCGAGAAATTCCCACGAAACCACACGCCGAGATGATACTTCCGCGCCGCGAGAACCCATCGTTTGAGGTATGGAACAAATTCCTCATCATAGGGCGTCGCAATCGCTACATGCGTCGCGCCAACCTCAGCAATATCGCGCACCTCTCGGTCGATAACCATATCATAGGAACCATCATGAAGCTTCTC
CP064974.1_gap26	925942	930325	4383	GAATATCCACTTCTTGGACCCGGAAGAGGTAACATCATAAGAATTGATGAAAACACCTATCACATACACCCATTTCATAGGGTGAGGAAGTAACAAGGAAATATCCTTTAAACTCTTTCTATCGTTTACGCAAACAAGGAACCCTAGGGTTCCTTTCTTATAGCAATTAACAACCACCGACTTCCCTGACAATACGCGCATCTTCCCTGGGAACGAGCTTATAAGTACATACAGCAATTCAATCCTGCCCCACCAACTCAAGATTAAAAGAACACTTGCAAGGATTCTTTTGCTCGTAAAATAGAGAGAAAAATGACTCACTACCTCTTAAAACGGAAGACCAAGAAGTCTTCCGTTTTTTCCATTTTCTCATTCAAGAAATCACATTCAATTCCCTTTCTTCAACATTTCCAATACTTTCGGTATCTTTGCGAAATCTTTCATGAGCGTTTCGCGCATACTACCGTTGTAGAGGGCGGCGGCGGGGTGATAGAGAGCGAAGAAGACATAGGTTCCAAGCTCTGGCACCGTACAACGAAACGCTTTGCCATGTTCGACGGAAATGCGCTTTCCCGGCACAAACCGCTCAAGAGCGTGCCGACCAAGAAGTATGATAATTTCCGGATCAATAAGCTCCACCTGCGCCCGAAGCCACGACCAACAAGCCGCCACCTCCTCAGGAAGCGGGTCGCGATTGTTTGGCGGGCGATATTTAACGACATTAGTGATATAAATATCATCCCGATTGAGCCTGATAGATGCAAGCATCTCATTCAAGAACTTCCCTGCTGCCCCAACAAACGGCTCCCCTATTTCATCCTCCTTCTTCCCTGGCGCCTCTCCGACAAACAAAAGCCGTGCATCCGCATTTCCAATACCCGGCACAACATTGCGCGCGGTGTTCTTGAGCTCGCAGGTGCAGGCTGCTGCCATATCACGATTAAGTGTAGCAAGAGCCACTTCTTTCTTTTCATTTCGCATATATATCCAAAATCTTTTCTCTAAAATTCTCTCTTCCCCCTCTCTCAAGAGAACGAACAAAAATGTGGACAACCTGTGAAGAAGTTCTCAGGCGTTTTCTTTTTCGTCATCCTCAATCCCATTATACCACCGCCCAGCCATTTTCTGCTCTCATAATTTTCCCTGGGATCTCAAATCCGCTCGCCAAGCGATGGCCACCACCGCCAAATCGGTGCGCAATCTCCGAAACATCCACATTGTGTTGTTCCATAGAGCGCAAACTCGCCCGAACTGTCTCATCGTCTTGTTCCGAAAGCACCATTGCAAATTTCGCTTCCGGAACAGTGCTCAGTATAGATGTCACGTGATAAATATCCTCAACAGATGCCTGACATTCCTCAACATCTTGCTTTGTCACAGCCGTCACCAACATGCCATTCTTTTCATTGAGCACAGATCGCTCAAATGCCTTTCCCCAGAGCCGCAACGCTGGAATACTCTTATTGGTAAAGATTGCATTCACGATTCTATCGAGGGGAGCGCCTCTCTTCATCAACACACCGGCAATATCCATCACGCGAGGTGTTGTGCAAATATGCTGGAAATTGCCCGTATCAAATATGATGCCCGTAAGAAGCGCCGTTGCAATCTTCTTGTTGCATTCCGCGCCAATCTTTTCGAAATACGTATAGAGAAGCTCGCACGTTGACGAATAACGAGCGTCAACAATCTCGAGATCACTCGGAACGGCGATATCTGGATGATGATCCATGATAACCGTCACCTGTCGACGAGCAACCCTTGCGAGTACACGATCAAACCCGCGATCAACGGAATCGCAGGCGATAATAGCTCCGTAGCGGGAAATATCCAGCTGATCTGGATGGAGGAAGGTTTCAGGTGTTTCAGAAAGCAATGCTGTAAGCTGGGGCGGAAAGGGGTCAAAACAAGCAAGAGAAACTTCTTTCCCTTGGCACCTCAAGAATTCAGCGAATGCTACCGTCGCACCAACTGTGTCCGCATCCGGACGAGTGTGCGCAAAAAGCAGAAACGACGGCGATTTCTTTATGATATAGGAAAGTGTCCGAAATTCCGAGGAGAAGGTATTCATAGTGAAACGGTCTCGTCCTGTTCTTTCTTCAGCTCAATGAGCATTTCTTCGACAACCTGCGCACTTCGCTCTGTCACGTCGTTCTCAAAGATAATCCGCGGCAACGGACGCATATGAAGACGTCGATTAAGGAGCCCTTGAATTTTGTAGAGCTCGTATTCAAGCGACTTCATCACATATTCTGTCTCGTTTTCCGGAAAAGCGCTCACTGAAACTCGAGCCTGTTTCAAATTTGGCGTAACACGAACCTTGGCAATCGTCACAAAAACACCTGTTTTCAAGGAAACTTCCGCTGAGAGAATCTTCCCCAATTCCTCTCGCAAAAGTTCATTCACCTTCTCAAGACGCAAAGATGCCATATGTCAAACCAAAAAGCGAAAGAAACTGCAGTATACCAGCTTCCTCCCATTTCATCAAGAGTACAAGTAACAAGGGATATCCTTTCAAAGCAGCACTGCCAATCACCTCACCATTGCAACACAAGCACATTTATCCCATATGAGTGCCCCCAGTATGAATCGAACATACATCGCTCCCTTAGGACGGGACCGTTCTATCCGTTGAACTATGGAGGCAGATATGTCAAGAAAATTTTCAGTGGACTACCTACTACTCAATTGAAACCCTATCATAGCGGAATTGCAATCTCGGCAGGAATTTGGAATAGCTATTGAGCAAACCAGTTACACATCCCATTTATCTTAGACACTCCTCGACCAATTCCGAAAACTCCCCTGTTTTCATATCTTTGAGGCAGAAATGTCCGTAGCTGTGAAACTCTTTATAATCAATACCCTTAACCTTGTCTCGAATAATTTGAACTGATTTATGAATAGTAATATCATCATTGTCCGAATTGAATAGAGTGACACCCTCCGTACGTTCAACTAGTCCCCGGTCTATCTCAAACTCAAAGAAATCAGCCGTGTCATAAATAGGATTATTTTCAGGATTGAGCCAAGGTGCAACCAAAACAACCTTACTAACTTTTTTATCTCTATTCTCACTCAACCAACGAATCAAAAAACCACCTCCGCAACTATGGCCAACTAAGACTGTCTCTGGCGTGATATCAAACCTTTCAAACTCTTTCTTCCAAGTATCATAACGAGGCCTCCAAGGTTCTGGCAGCTCAATTGCTACTGCAAACACATCATTAATTTGAAGTTGCTTTGATAACCAAGGAAACCAGTGATTATTACTATTCGTTGGACACTTTGGGTCGTAATATTCCTCTTTATCTGGTCTGCCTGGAACTAAAATCGCATTCTTCATATTTCGAAATTCTCTCGTTATACCACGTGGACCGTAGGAGAATCGAACTCCTTACCTCTTCCATGCCATGGAAGCGCTCTACCAAATGAGCTAACGGCCCAAACAAACATTTTTCAGGGGATATCCACAACTTTTCCACAGAAATCCCATGGTACATCGTAAGATATCGTATCATGTTTCCCTGCTTCGTCAAATAAATACCCAAGAAATACCATAATACTCGCACAATCCACAATTGATCTTTATTCCACAGTGTGAAGCAAAAACAAAATTCCATAGATATTGTTCCACATGTTCCACAGCACTCGAACAAAATGTCTATTTTAAATGGGCTATCATATCCTAGCGCTTTCACGAAAAATACGCATCGAATGCTCCCCATGAAACAAAATACTACAGCACAAAAAAATGTTTCACAAGAAACATAGATTCTTCAAGTACTCCTTCTTCAGCTCTCACAGATATCAAGAACTCATACAAAAAAATCAGAAATGCCCCACCATTAGCAGCCCTGATACACATAAGATTTGTCTCTACTTCTTCCCATAAAGCTACTTCAATCCTATACATTGTTCCACACGAAACACAATATCGATCGCTATGAAAATAACACATGTGCTTCACGTGGAACAACATCGTTATTCTCCGATGCCTAAGGAATCTATGTTCCATATGAAACACCACTCAATTCCCTTAAAAATGATTCCGAAAAATGTACAACTAAGAATATTCACAAGGAAAACATATCAGGAGGAAAACAACTCTCCACCGCTATTGGACTAATCAATGTTCCACGTGAAAGAAACAAATATCAAATAATGATTCCTAGACGTACAAAAGTGTGTTCCACGTGGAAAATATTATCAAGTTCATGTTCATACCGACCCTGATTGCAAAGGCACATTCAGTACTGATTATTCCTGCGATAGAAAATTATTGTTCCACATGGAAACTTACTTCCGAGACACGCGGCAACTCACACAAAAATGTGTTCCATGTGAAACATAAGAACCACCAATCCACACTGGACCAAAAAG
CP064974.1_gap27	952249	956101	3852	AGTGCCTGATACACTAAGAGGAGAAGAGCGCTCTTCATATTTACAATTGCTGGAAGAAATATCGACGCCACAAAAAAACCACTCCCAATCGCTCCATAGAGCGCAGGGGACACATCCCCCATTGGGAGTGGACGAGAAGTATTTGTCTCACAATCAATCGCTCTGTCAAAAAAATCATTTGCCACAACCGACGCAAGCCATGCTGAAACTATCCCCACTAGCAAAAGGAAAAGCGCAAAAATATCGAAGAGCCCGAGAGCTGAAAGAGAGAATGTCGCATCTGTCACAACAAATGAGAGCCCCATACCAACAAAAAAAAGTCCGGCATGGTACACCGCCTGCGGAAGGCGCGCATTTCGAAACAGCGCGTAAAAAATTTTCCTGTGAGAAAAAAAGAGCCATATTCCCACGACAAAAGGGAGCATCGCACCATACGTCAGACTCATCTTGATATTCAAGACTGACCGAGGATCTGAAATTGTGTGCAAAAAGAGAGAAAGTGGCGACAAGAAAATTGCCGCCACATCGGGAGAACGAAGCGTCCATTGTCCTTTGGAGACTCCATCAATAAGAAGTGCCGCCCATGAAGGGAATGTCCCCAGAAAAAAGAGGAGGGTATACGCCGAAAGAGCTGCCCAACAAGACCAGAGCACTCGGCGCGTCTTCCAGAAAACATAGAGCCCAAAGCATATCGTCACCAGAGCCACTTCCGCGCGAACGCCATAGGTAATACCAAGATCCGGTCGATCCCCAAAAAAGGTGAGATACCGCCCAAGGAGCCCAGAGAATCCATCAAAAATATAGAAACTCCAGAGTCCCGTCCCGCCAGAAACAAAGAAGTCAATAATTGGAGGTGAAAGAATAATAAGGAAACCAAACAACAGCATATTCGACGCAACCGCCAACGAAACACGTGTAAAATGCTGAAATATCGGAAGAAACAGCAAGAAAGACAAGAGAAAAAACAAAACGTTGTGCGTCCATTCAAAGAAAAGAAATCCTACTGAAAGACTTCCGAAGTCAAAAAGCCATGACTCCACCAAAAGCCGCAGAGTAATAAGACCAAAAAAGGCGCCGAGCCACAGTCCGAGACTTGTCTCAGACTTCTCAATCGCTTGAATAAGCGCTCGCGGAAATTTCATACACGAAGCATAGCAAATCAAAAGCCACTCGCACAACTTTCGGCAATCATGATAGAGTGTATCCATGACTCCACTCGCCTCAAACCTCAATCCAGAACAACGTCGTGCCGTTGAAACAACCGAGGGTCCTGTGCTCATTGTTGCGGGCGCCGGAAGCGGCAAGACAAAAACCCTCACCCATCGCGTCGTCCATCTCATGCAAGAAAAGGGCGTTTCGGCACAACACATACTCGCCGTCACTTTTACCAATAAAGCGGCCGAGGAAATGAGAGGGCGCGTGGCATCACTCCTCTCGCAAACAACGAAAAAACCACCTCTCTTTGGAAAACAGCCTGTCGGACTGCCACACATTGGCACTTTTCACAGCATTTGTTCACGCATTCTCCGCAAAGATATCGCTGTACTCGGATACAAGACAACCTTTACCATACTCGACAGCGATGATCAGCTCGCCCTCATGAAGCGCACCATGAAATCCCTCGAGATTGACCCAAAAAACATTCATCCTCGTGCGCTTCTCGATGCCGTCTCCAGAGCCAAAAACCAGCTCCTCGACGAGCTCGTCTTCGAATCCCGAGCCGGAAGCTATTACGAAGAACTCGTCGCCAAAGCCTATCGGAAATATCAGGAAGAGCTTCGCAGCAATCACACACTCGACTTTGACGATCTCTTACGGCTCACCATACAGATCTTTCACACACATCCAGAAACCCTCAATCACTATCGAAATCTCTTCCACTACATCATGGTGGATGAGTATCAAGATACCAATCACGCACAATATACCCTCATTCACCTTCTCGCTGAAAAACACCGCAATCTCTTTGCAATTGGCGACGACTACCAGTCTATATACGGCTGGCGACAGGCAGATATCCGAAACATTCTCAACTTCGAAAAAGATTATCCCGAAGCTACTATTGTCACGCTCGATCAAAATTACCGATCAACGCAAACAATCCTCGATGCCGCCGGAAGCGTGATCGCCAAAAACGCCAACCAGCGACACAAAAAACTCTGGACATCGCAAGAGGGAGGAGCGCCGCTCACTATTTTCGAAGCCGAAGACGAACGAGGCGAGGCAGACTATGTCATCCGAAAGATTCAGGAGACTGCCAAAAATGCCAGTAAAGACATAGACGCAAAACAAACTCGATCATTCTCGGAGTTTGCCATTCTCTATAGAACCAACGCACAATCCCGAGCACTCGAAGAAGCCTGCCTCAATCACTCCGTTCCATACCGCATCATCGGCGGACTCAAATTCTACGGACGTAAAGAAGTCAAAGATGCCATTGCCTATCTGCGGCTCGTCGCCAATCACTGGGACACACTCTCACTTGCAAGAATTGCCAATGAACCACCACGCGGAATCGGCAAGAAAACTCTTGAATCATGGCTTAGTGGAGCCAAGAGTGCAAAAACAGACCCCATCACCTTTGCTCGAGAAGATGAAGGAAAACAGCTCAATATAGCCATTTCCAAACAAAAGTCTGCTGCACAGCTCGCAAACATCCTTCACAAAAACACCCAAAAACTTCTCGAAAAAGGCTCCCTTTCCACATTTCTCGCCACTCTCCTTGAAAGCGTCGGCTACATCAAAGCGCTCGAAGATGGTACAGAAGAAGGCTCTGCACGCCTCGAAAACGTCCGTGAACTTTTCTCTGTCGCAAAGAAATATGACGGGACACCACTGGAAAACGCCATCACATTTTTCTTGGAAGAGATTGCGCTTGTGTCCGACACAGATGCGATTGACGGCAGTGAAAACGCCGTACAACTCATGACTCTCCATAGCGCCAAGGGACTCGAATTTCCTTTCGTCTTTCTTGTTGGACTTGAAGAAGGAATTTTTCCACATTCACGAAGCGCCCTGTCTCCTGCCGAACTCGAAGAAGAACGCCGACTTATGTATGTCGGGCTCACACGCGCCAAAGAAAAAGCCTGGCTCATATCAGCGGAAACACGTATGATATTCGGCTCAACACAGATGAATGCTCCATCGCGATTCATTAGTGAAATCCCTGAGCACCTTGTCAGAACAGAAGAGCGAAAGAAAGGGAGAGACAATAGTGAATATGCCGACAGACACCAAATGCAAACACATACATCTCATAGCACAAAACCGCCCACACCACACAATCAAGCAACAGTGGAGAGTCTGCGTCCAGGAGACGCCATATCCCACCCCACATTCGGAAATGGCATCGTCATCAAAATAGAAGGAACGCTCGCCACCATAGCCTTTCGAACCAAAGGAGTAAAGAAACTCGCCCTTGGCATTGCTCCGATTGAGAAAATATAAACAACTCAAACTCCCCCACAAAAGAGTTGCCTCACGATTTCTCCCGTCCTTTCCCATGAAATTTCTCATGCACTTCGCGAAGTCCCTCATCAGTGACATGCGTATAGATTTGCGTGGTAGTAATAGAAGAATGTCCGAGAAGTGCCTGGACACTCCGAATATCGGCGCCATTTCGCAAAAGATCCGTTGCGAAGCTGTGTCGCAATGTATGAGGATGAACACTTTTTGTGAGTCCCGCTTTCGCGGCAAGTCTCGCAACGATGCGCTCAACGGTTCGCACTGTAATACGCAAATCTTCAACAGAAGATTTCTTGGCAAATCCGCGACGCGTCGAAACAAAGAGTGCTGGATCAACATCATGTCGCGTATCGAGATAGGACTGCAATGCTAAACGCGCCCGATCCG
CP064974.1_gap28	957461	961568	4107	GATGAGATTCGCCCTGGCGACCAGATATTCATTCTCCCTATCGCTGGACTCAAATACATCGTCAAAGAAGGCGACACCATACAAGATATTGCCAAGACATACCATGGCGACACTGAGCGCATTATCGCCTTCAACAACCTCCCCGCCAATGGTCGACTAGAGACTAACCAAGAGCTTATTATCCCCGACGGCTACAAAGACACACCAAAGCCTGCATCTGACAGCCTCCTCGATCGTCGCCAATATGCCACATCGAGCGGCGGAGCAGCAACAGACATCTCCGGCTGGCGCACCCTGAGTGGCAAAGCCGGCACAGGACACACCTTCCCTTATGGCTATTGCACCTGGTATGTCGCTCAAAAACGCTATGTACCATGGGGAGGAAACGCTGGTACCTGGCTCTACAATGCCAAGGCGCTTGGGTATAAAACCGGGAAATCACCACGAGTTGGCTCTATTGTCGTCACCACAGAAAACCGCTATTACGGACACGTCGCCCTTGTAGAGAAAGTGCTTGATGATTCTATTATCGTAAGTGAAATGAACTATGTCGGCTGGGGGAAAACTGACCGACGCACCATTTCTTTGTCAAATAGAAGTATAAAGGGATATGTTTATTAAAATTCCTGAGTCATTCGAGTGCCACATAACACCTATTACAATTCATCACATAAAGAACTCCCTTCCTGGAAGTTCTTTTTATAACTCGCCCTTTACGCTAGATAACAATAATCTCCCATTTAAGTCGCCAAACAAAAAGTTCTACCATTCTGAGAGAAATTGAGGAATCCAACCTTTCAAGAAGCATCCCCTCTATCTCCTCAATTGAGATTCCGATCTGTCAACGGAGTAGACCATTCACGCTAATACCTCAGATGGCGCGCACTCTCGTAGCAATAAAAGAAGATGAAGTGCTTTTGAAAATTATCCACATAGTCCTATACCTTTGCATCTCTCCTTACTAAACAGACACGTTTGTTTATATCCTGTGTACAACTAGGGTATTCCTTGTGAAAAAGTCTGGAAAAACTCTGTGCATTACTCACACAAAACGTGCACAAACCAACCACTACATCCACCAAGACAGCAAGATCATCTCATACACACTGACTCACCACATATCACCTCATTTGAAAAAGGTGAGAATACCCGCACATTCTCCACTTCTCCACTTCTCCACCGAACTAATAGTAATAATATTAAAAAATATTAAAAAAACAGTTACTGATTAATGCAAGGGGAGATACTTTGTGAACTCATTTAGGAGAAAAGTAAAGGAAATTTCTCTTATCAAGGGATAGGTGCTCTGCGTTGTAGTTGAAGTGACACGTGGATATTTTGGAATTCCTTGACAGGTGTTTTCGTGGTATACTTTCCACTAGAAAACTGTTTTTGTTTTTTTGTTGTGTGAACAAAAGTAGTAAAACAAAAAAAACTCTCTTGTTTCGGGCTTCTCTTTTTGTGAGAAGTCATCCAGCTCTGCTCCTTGTGGTACTTGTAGGGTGTTTTTTGTTGACGCCAAACATGCATGTAGTGCAGGCTGGTAGTTTTTTGGATTTAGTAACAACGCCGAGCGCGTGGATTAATGCGCTTATATATCCTTTCTTTTTGTTTTTTTCATGGATTGTAAATCTTGCTGCAGGGATTTTTGTTTGGGTTATCAATGCGACAACGTTTACAAAACTCATGAATGCGGGGGCCATCTATGAGGTGTGGCTTATTGTTCGAGATTTTCTGAATATATTCTTTATACTCGTACTTCTTTTCTCGGCATTTGCTACGATATTTCAACTCGATAGATATGAATACAAGAAAACGATTCCCATGTTGGTTATTATGGCGCTTTTGGTGAATTTTAGTTTTCCTATTGCGCGTTTTGTGATTGATTTGGCAAATGTGCCAATGTATTTCTTTTCACAAAACATATTTGGAGTGGATGGGCCTAACGAGATTACCTCTGGAGTATTGAGTGGGACAAAGATGCAAAATATTCTTATACCAGGAATTAATGATGATAAGTCATTGGTAGATTTTAGTACAACCCATCTCCTTGCAGCGACCATCTGTATGTTTTTATTTGGTATTTCTTTCCTTGTTTTGTCAGTGTTGATGTTGGTTCGTATGATAGCGCTTGCTATTTTGGTGATGTTTTCACCAATTGGATTTGTAGGGATGATTACACCGGCGTTGCAAGGTTTTGCGAAGGGATGGTGGGATAAACTCTTTAAGTGGGCGTTCTATGGTCCAATAGCAGTCATGTTTGTGTTGGTGTCGGTAATTGTTATGAAGTCTGCTGGAGACTCAATATATCCAACAGCGGGTGCTGGAGGGGTATTTCAATCCACGGGAAATTCCGTGAATGATAATATGATATCTGCTGTTGCCTTCTTTACTATCCCAATAGTGCTTTTTTGGATCGCTATTACCTCAGCAGAGAAATATAGCAATGATATGTCAGGTATGAGTGTGAAGTTTGGGTCGCAACTAGGGAGAAAGGCTGGGGGATGGGTAAGAAAGGGCGCTTGGGGAACTACGAAGTGGGCTGCAAAGGCTCCATTGAAAGCGATTGATAATGTTACCCAAAATAGAATCTCCGGAACTACTCTTGGAATTCGTGATGCTTGGAGGAATAGGCAGTCTGCATGGTGGGGTGGGAGTGATATTGAGAATCGAAGAAAGAAAGTTTCTGATGATGTGGCATCTTCATTGAAACGCAAGGGAACGAGTACTCAAGAGGTTCAGAAGAAAGTTGCTGAACATGAAAAAGAAAATACTACTGAGGCAGATTTGAGGGAGCTTGTTAGAAAAAATGGTGATATTGCTGCTGCAATGGTGCTTGTGAAGCAAGGGAAGTTGACGGATGAGGAGTTTGCAAAGGTCCGAGTTGACCTTGATGATACTAAGGATAAAGCCTTAGTTGATCTTCTTGAAGGAAAAGTAAAGGAGAAGCGGATTGATTTGGTTATGAATTATAAGATTAACCAGGAAGCTACTGAATTAATGAAAAGATCTCCTGGTATGTCGAGGGAGGCGGCATTGGCTCGTGTTGGGGAGTCGGTAGCAGAAAAAGAAATCAAGAAATTAGCGCCAAGTAAATGGAAGGAGCAGAGTTTGAAGGATTGGTTTAGTCTTAAGGATGCTGCTGGAAAGGAAATCGACTATGACATTGATGATTCAACTGGTGTGATTGAAGTGAAAGATAAAGTTACGGGTGCAGTTATTCACTCAGAAGGAGCGGAAATTTTGAGGGCGAAGGTTGCAGCTGCTCGAACCACATTTGGTTCATATCATGGTAAAAATAAGGATAAAGCAATTGATGATATGACTGGAGAGAAATTCACAATAGGGCAGGATTTGAAGATTTTTGTGTAAAAGCTTCCCATTTAGTTCGGTGCGAATTGTGTTTTATGATTTACCTAAAACTTACTGACGATCAAAAAATAGCTAAGGCAAGTACGCCGGTGCTTGTTTGGGCTACTAAGAATCCAGATGATGAAACGAGAGAGCAAGTTATTGAAAATCATGAACGATTTCGGAAGCTCCCATTTGAAGCGAAGTATAAACTTGGGTTCCAATATACTCCTGAGGTTATTAAGAAAATAGGGGAAGAGTTTGGAATGGATCCTTTGAAGTTAGCAAGTATTTCACGAGCACTTCGTAATTTCTATTTTGGTGATATAAAAAAAGGGGATATTTCCAGATTTTTAGGGGAAGAAATGGAGATATCATTGGAGCAAGCGAATAGGGTAGCTAATACTATAATAAAGAGGATTATTGAGGCTCCTATTCCAAAAGAGGCTTCTGAACAAGTGGATAATCTTCCACTTCTTGATGCGATTGCGAAGTATCAGCGGCTCTCTGAGCAGACGGTGACGGAGGATCGTATTGTGGTGAAGGGGGAATCTTCGCCGGTTCGCGGGTCTCTTCGCAATTGGTTGCGACATTATCGTGATGTGGTGGGTATACGGAAGCATTCTACGATGGAGAGGGGACAATTTCTTTTTCAGGGGGATAATACCAAGCGGCTTTCTGCAATAGAGCGAGAAAGAGTTTCTTTTCTTTTGAAGTCACTTGATGAGAATACGCCAGTATCAATCGATACTGATC
CP064974.1_gap29	1071773	1072481	708	GCGTATATCTTCCGAGCGTTTCGGGAGCAACTCCCGATCAACTTTGCCGTTCAGGATAGCTGCAACGGCGATCGGGTTGATATCAGTCATGGATCGATGGAGACACAGTGACTGTAACTGAATCAAGGAAGATTCTTTGAACAACGAAAAAACAGGGCGTTCTGGAAAACCAGGCGCCTTTTTAACTTCTCGGAAAAATTATATGTGCTATGCTAAAAAACAGCTGGGATCGCGAGGAGTTGTCCTATTTGAATGAGTGTTCCTTCCGGAGAAGGTATCGCTCGTTCCCATTCAAAGGTTCGAAAGCTGTCCCGCCAGGCGAGCAATGGAGAATAAGAGGGGTTGAAAGAACTTCCTTTTTTTGCGAAGAAGGGTCTTTTTCTTTGTTTTTGACAAAAATTAGTGAATGGAGTACTATTATCGTATACTATTCACTAAAAATATGGCTATAACCAAACCGATTCGAGATCGTATCCGCGGGCTCAAGGAAGAATTTGATGCTCTGAAGAGAGGAAAAGAGGCACTTTTAGCGTTGATTGATGAGGCGGAAATTCCGGAGAGTGTCTACAATTCGAATGCCATTGAGAATTCTACGCTCACACTTAAAGAAACGGAAAAGATCCTCCTCGATATGGAGGTGTCACGCAATGTATCCGTGCGCGAAGTGTTCGAAGCGAAAAATCTTGCCCGCGTGGTGAGTTTTATCCG
CP064974.1_gap30	1094809	1097996	3187	ATATGGGACTTGCCGAAGAGCGAAGTCAGAAGAACCCGGTCTTCTATGTACAGTATGCTCATGCGCGTATGGCGAGTATTTTCCGGAAAGCCGAAGAAGAACTTGGTATGAATATGCAAGAATTCTCTGTCAATCAAGAAGAAATACACCTTCAGAATTCGAAAGAGATTCTTTTGGTGCGACACTTGGCGAAGTTTTCAGAAGTGCTTTGCTCTGCCGTTGAAACGTCTACTGTGCACCAGCTTCCTCAGTATGCGATTCGTCTCGCCGATCTTTTCCACTCGTTTTACAACGAATGTACGGTTCTTGATTCCGGGAATATGCCCGTGACACGATCACGTCTCGCGCTTGTCGGTGCGACCAAGAATGTGCTCGCGGAGACGCTTCGATTGATTGGTGTCTCTGTGCCAGAGAGGATGTGAGGCAATTTTCTTGTGGCGCGTTCTTTGACAGTGCTTGGCGCTTTGTTATGCTGACCAAAGTGTCAGTTTTTCTTTTCTTTCTATGTCCACCCCGCTTCATATTTTGAAAACGCAGTTTGGGTTTGATTCGTTTCGCTCTCATCAGGAGGCGATTATCGAAGCAGTGCTCGCTGGGAGAGATGCCTTTGTGCTCATGCCGACGGGCGGTGGGAAGTCGCTTTGCTATCAGATTCCAGCGCTTCTTTTGCCAAATGTCACTGTGGTTATTTCGCCACTCATCGCGCTGATGAAGGATCAAGTGGATGCACTTCGGGTGGCTGGTGTTGCGGCGGAATATCTCAATTCGTCGCTCTCGCCCGAAGAGCAGGATCGGGTGCTCGCCTCTCTTGTGCGCAGGAAGACGAAGCTCTTGTATATTGCGCCCGAGCGACTTTTTGGCGCGTCATCCCTTGTTCCGTTCTTGCAAGAAGTGGGCGTGTCACTTTTTGCGGTTGATGAGGCGCACTGTATCTCGGCATGGGGACATGATTTTCGTCCGGAGTATCGCTTCCTTTCCGACCTCAAGAAATTCTTCTCTGCGACGCCGACGGTCGCGCTCACGGCAACGGCGGACGATTTGACGAGTCAGGATATTGTCGAACGACTCGCGCTCCACTCACCGCTCTTTTTCAAATCGAGCTTTGACCGTCCAAATATCCACTATACTATCGAACCGAAAGCAAAGAGTTTTGAGCGATTGATTCGCTATCTTGCAACGCGCCGCAATGATTCCGGTATTGTCTATACGCTGTCACGGAAATCTGCTGACAGTGTGGCAAGGCGACTTACTGAAGCAGGATTCTCGGCGCTATCCTATCATGCAGGGCTCGATGCGAGTGTACGAGACAAACATCAGGGTCGATTTCTCCGCGATGAGACCAAGATTATTGTTGCGACGATTGCTTTTGGTATGGGAATCAACAAGTCCAATGTGCGATTTGTTGTCCATATGGATCTCCCCAAGAATATCGAGAGCTACTATCAGGAGACGGGGCGTGCTGGCCGGGATGGTCTTCAGAGTGAAGCGCTCCTCTTCTATTCGCCGGCAGATGTGCAGAAGCTCGCACGGTTTGCACTCGTTGATGGGAATGAAGAGCAATCGGTCGTTATGCTCCGCAAGCTCAAACAGCTGGCAGACCTCTGCGAGGCAAATGTGTGTCGACGACATCTCATCTTGCGCTATTTCGGTGAAGTTTTTCCAGAATCATGCGATGCCTGTGATGTGTGTCTCTCCGAACGGACGACATTTGATGGCACGCTTATTGCGCAGAAATTGCTTTCGGCAGTCTTTCGTCTCCATGAGCGATTTGGTCTTGGCTATACTATAGACGTGCTTCGCGGATCGAAATCCGAGAAGATTCGCCCCGAGCATCGTGCCATAAAAACTTTTGGCGCGGGCACAGACACTTCTCGGGAAGCGTGGTTTCGCTATGCCAAGGATCTCATCGCATTGGGATTCCTGAAGCAAGTGGGCGAACCATACCCGACACTTTCACTGACAGAGAAGAGCGCTGCTGTACTTCGTGGTGAGACACGGGTAATGCTGACCGCTTCAGTGGAAGTCAAAAAGGAAGTAGAGGTAGTCATTCCTGCTCACGAAGCGACACTTCTCGATCAACTCAAAGCGCTTCGTACGGACTATGCGCAGAAAGAAAACGTGCCGCCCTACATTATCTTCTCCGATGCGACACTTCTCGAGCTTGCCACATTTCTTCCATCGGACATATCCGAGCTTGCGCGAATCTCTGGCTTCGGAGAAGTGAAGACGCGGCGATATGGCAAAGCCTTCCTCAGTGTTGTCGCTACCTATTGTCGAGAACACGGACTGTCATCAAAAATGTCGGAGAAAATTTCGGTTCGTTCTCGCCGAAAGATAAGGTGACGCAGAAGTCTGTTTGCCGAGAGACAGGGGTCTCAGCGCGATAGAGAGACGCACTTTTGGAAAAGTTGAGATTTCTCAACTTCGCTCGGAATGACATGGCTTCCGCTCTATCGTTTCAAGCAAAGTATTTTCTCGTATTCTGCGGAGGGCGAGTTGTTTCAGAAGATGCGCGTGTGATGATACAATGGTGATATCAAAACCCCCTCTATGAAACTCTCCCTCACACATTTCCTCCAGTGGGGCGGCATCGCCGCCGTGCTGCTTGTTGTCGTCGGACTCAACTACGATTTCGAATCCAAAGCCAGCATGCAGCTCAATGGTTCTGTCGAGAGCTCGCTCTCCCAATCCCTCCGCGGCTACTGGAAACTCGATGACGGCTCCGGCACCAACGCGACCGACAGTAGCGGAAACACGAACACCCTCGCCATGACCGGCTCCCCGAGTTGGACGACGGGGAATATCGGTCCATACGCTCTCGACTTCTCCGGCTCGGGACAATACCTCTCCGTCGCCGATCCCGCAAGCGGTGTCCTCGACTTTGCCGATGGCGCCGACTTCTCCATCACCGGCTGGTTCAACCGAGACACTTTCACCGCCGATCACACGATCGTCGCCAAGAAAACAGATCAAACGACCAATGCCGGCTATGTGCTATGGATAGATAACAATGGAGGAACCGATTACCTCAACTTCGAGATCGCCGATGGAACCGATACCTACAGCGTCGCTTCCTCTACCGACTTCAGCGCGACCGGTTGGCACAACTTTGCCGCCGTCTGGGATGACTCGAACGGCATGTATCTCTATATAGATGGCGGTCTCAACAGTAGCACGACCACATCAA
CP064974.1_gap31	1101598	1102331	733	CTACTAGCAATCCGTTTGTTAATTATCCGGGTGGCGATTTGCGATTGTCCGGTACCACGGCGGCGGGTTATTCTCTGGGTTCACCCTACAACGCGGATTTATTGGGCAGCACCCGCGGTGCCGACGGCACCTGGGACATCGGCGCCTACGAGTACACCTCCGGCTCTAGTACCCCCGACACCACTTCTCCCACGTCTCCCACCGGCCTCGCCGCAAACGCCACGAGCCAATCGAGCATCACCGTCTCCTGGACCGCCTCAACCGATCCGATAGTCGCGGGACAGACCACCTCAGGTATTTCCAATTACATCGTCGAGCGCTGCCAAGGCTCCGGTTGTTCCACCTTCACCCAAGTCGGCACTCCGACCACCTCTCCCTTCGTCGACTCCGGCCTCACGCCAAACACCTTTTACAACTATCACGTCCGCGCGACCGATGCCGCCGGGAATCTCTCCGGCTGGAGCAATGTGGTCGGCGCCACCACACAAGCTCCTGATACGCAAGCGCCCACAGCTCCGAGTAATCTCCAAACCTCCGTCGTCTCATCCTCCAGCATCAACCTCGCCTGGACGGCAAGCACAGACAATGTCGCCGTCACCAATTACACCGTCGAACGCTGCTCCGGAACTTCCTGCACCACCTTCACCCAAATCGCCACTCCAACGACCAACTCCTACTCCGACGCCGGTCTTACGGGAACGACGACCTACCGCTACCGAGTCCTCGCAACCGA
CP064974.1_gap32	1110822	1111322	500	GCAGGATTCCGTTTTGCGAAGCGCTTCTGCGGATCTTGTATGACACTTGCTCTTTCTCTGGTAAGTGTTTTTCTTGGTGCAGTTTATCGGTATTGCACGACGATTGGTGTTGCAAAATATGCGAGAGCAAGTTCCTCGTGAGTCCTTTTCAGAAACCTTATGGTGTTAGGACTTTCATACAGGACTTTTGGAATTGATGGGGAGAGCGACGCGTATTTATTTCGTTCTCATTTCATCTCTTTGGAAATATTTTTGCCGGGGAAGTACTTCTCATCGTTGTGCTCAATCTTGTGCCGTATTTTGTGCCGCTTCCGTTTCTTTTCCATTCTCTTTGTGGGTCTGGTGCAGGCGGCGGTGTTCTCCATTCTGACGCTCGTATTTCTCAAGATGGCGACACTTGAGAGCAAGAGCACGCGCATTAGGTTTGTCCAGTTGTATTTCAAGATAGTCATGGGAGCAGTTCCAAATATTTTTAGTTTTCGAGGTTTCTTTTATTGTCT
