gap_id	start	end	length	sequence
CP076323.1_gap1	3844	5153	1309	TCTCTTACGGTGACCCTGTCCTGATAGCAAAGAAAATCTACGACTTTGGGAAGGAGCTAAACAAGGACAACCCCTTAGAGAAAGTGAAAGGTGGTTACATGCAAGGTAGGTTTTTAATGCCTGCGGATGTGCAATCTCTTGCGGAATTGCCACCTGTGGAAGTCCTTGTCTCCAAGCTTATGGGTACCCTTCAGGCGCCTCTTATAAACTTTATTATGGCCCTTAAGGCGGTGCCCCAAAAGCTGGTTTTAACTTTAAAAGCTTTGGAAGAGAAAAAATCTTAAAGGAGGTTTTACAGATGGCTACACTTACCATTGACGAGATCGTTGAGGCAATTGGCAACATGACCCTTCTTGAGGTTGCCGAGCTGGTAAAGAAGCTTGAAGAGAAGTTCGGTGTATCTGCAGCTATGGTAGCTGCTGCACCAGCCGCTGCACCGGCGGGACCTGCTGCCCCTGCGGTAGAGGAAAAGACAGAGTTTGATGTAATTCTCAAGAGTGCTGGAGCCAACAAGATCAATGTGATAAAAGTGGTAAGGGAAATAACAGGCTTGGGACTCAAAGAAGCAAAGGATCTTGTGGAATCAGCGCCAAAGCCGGTGAAGGAAGGAGTTTCTAAGGAGGAAGCGGAAAACATCAAGAAAAAACTTGAAGAAGCGGGTGCAGAAGTGGAAATAAAGTAATCCTAAGGAAGGTATGAAACTCTCTGAAGGTGAAGCCCCCAGTGCAGTGTGGGGGTTTTTCTTTTTACTTGACTTTTTAGTTAACCTACTTTATACTTATAAGTTTCCCAGAGTATATAAAGAGGGTTAGACCATGAGAAGAAACTTATCCTTACCTAGGAAGTTCTTTGGAAGAAGGTCAGAAATACTTGAGCCTCCCCACCTTCTGTTTTTACCAAAAGAATCCTTTGAGAGCTTTCTGCAGTTTAAAAAATCTCCCCATGAGCGCGAATCTAAGGGTCTTGAGTATATATTCAAAACCTCCTTTCCCTTCAAGGACCCAGATGAGAAGATCACCGTTGAGTACTTAGGATATGAGGTAGGCGAGTGGGAGTGCAATAGGTGTGGATACAAAGCATACAACGACCAGAGTTTTCTTGGTGGATATGGAGTAAAATGCCCCAAGTGTGGTACATTGCTTACATACAAGGAAAAGTATACGGTAGAAGAGTGTAAAACTAAGGGATTTACTTACGCGGTACCCTTGAGGGTGCTTGTGAGGTTAAAGGTGAAGACCAAAAAGGGGGAAAAGGCTCTTGAACCCAAAAAGGTTTACTTTGGCGAAATACCTATGATGACAGAAACAGG
CP076323.1_gap2	48047	52174	4127	AGCAGTCCAAAAAGATAGCAAAAGCGCTCAATGTCAGAGGTCTTATAAACTTACAGTTCGCTATAAAGGGGGGAGATGTGTATGTGCTTGAGGTGAATCCAAGAGCTTCTCGGACTGTCCCCTTTGTCAGCAAAGCCATAGGTTATCCCCTTGCCAAGATAGCAGCCAAGGTAGGTGTAGGAAATAAACTCAGACAGCTCTTGCCAGAAGTCTTTGAGAGGATAAAAAAAGGTGATGTTCACATAGCCAGCGATTTTATGAGTGCGGATAAAAAGCTGTATGCGGTAAAAGAGGTGGTCTTTCCATGGAAGAGATTTCCAGAAGTTGACCCTATACTTGGACCAGAGATGAGAAGTACGGGAGAAGTTATGGCCATAGATGAAGAGTTTGGCATGGCATACTATAAGGCTCAACTTGCCGCGGGACAGAGGCTACCCATACGGGGTAAAGTCTTTATAAGTGTTGCAGATAGAGACAAACCAAAGATAGTTGACCTTGCTAAAGGTTTTAAGGCTTTAGGCTTTGAGCTTTGCGCCACCACTGGCACTTACAGGTTCTTAAGAGAGCACGGTATAGAAGCAACCCATGTGCTTAAAGTGTCCGAGGGAAGACCCCATGTGGTGGATATGATAACTAATGGAGACATAAACTTAGTGATAAACACGCCTACAGGTAAGAAAGAGAGAAGCGATGCCTATTACATAAGGAGGGCTGTTGTGCAACAGGATGTGCCTTACACCACAACTATACGGGGAGGTTATGCCATGCTCTCAGCTATAGAGTGTTTTCTTAGCCACGGAGGAAAGCTGAGAGTTTATGCCCTTCAGGATATACATAAATGAAGCTGGTTATAACTGGTCCTCCTGGTATAGGCAAAACTACCCTTGTAAAAAAAGTGGTAAAACGGCTAAAGGATAGAGCTATAGGCTTTTGGACTGAAGAGGTAAGAGACAGGATAAAGAAAGAAAGGACTGGCTTTAGGATTGAAAGCACCGATGGCAAATCTGCCATCTTTGCCAGCAAGTTTTTCAGGTCAAAACATCTGGTAGGCTCCTATGGGGTAAATGTGGAAAGGTTTGAAAGTGTAGCTCTGTCCATCCTTGAAAAAGCCAGAGAGAGCAAAGACAAGGTGGTGGTTATAGACGAGGTTGGGAAGATGGAGCTATTCTCCAAAAAGTTTGCAGATACGGTGCAAGAGCTTTTCTCTGACCCAAAACGCTATATGCTCATTACCCTTCCCATAAGGGATGTGCATCCGCTGGTAAGGTGGATAAGAAGACATCCGCAAGTGATACTTCTGGAACTTACAAAAAGCAACAGAGACAGCTTGGTGGATGAGGTGGTAAACCTCCTCAGGGCAGAAAAATGACTCTCAGATGCTGGTCAAAAACAGTGCCTACAAAACAACCCAGTGAAAGGAAAGGACCGTAAGGCACAGCAAAAGATAGATTTCTGTTTTTGAATATGATGGGAAGAGCGTACAAAAGTCCAAAGATAGAGCCAAGAAAGACAGCATAAAGAACTCCCCAGATACCTGTTACAGAGCCTATAAAAGCCATGAGTTTGACATCCCCAAAACCCAAGCCTTCCATCTTTCTAACCTTCACATAAAAGACATATATGAAGAAAAAAGGCACAGCACCGACCAACGCTCCGGCAAGGCTATCTAAGAAGCTAAAGTCAGTCCTAAACAGAGAAGTGATGAGACCAAAAGCCAGCCCTCCCAGATTTAAACTGTCTGGCAGCAAAAAGGTGTCCCAATCTATAAGTGAAAGGACAAGGAGAAGGGAGAAAAACACAAACATTACAAAAGCCTCAAAACTAAAACCCCACTTGATATAAGAGAGAATAGCCAGAAGACCAGAAGAGAGCTCCACAAGAGGATATCTGATGGAAATACTGGCAGAGCAGCTCCTGCACCTACCCCTCAGGACCAGGTAAGATATTACGGGTATGTTATCGTACCACCTTATCTTTGAACCACAAACAGGACAGTGAGATGGTGGCTTTACTATAGATGTTCCTCTGGGAAGGCGGTATATGAGCACATTGTAAAAACTCCCTAAAACGCACCCCAACACAAAAAGGGCTAAGTAATCCATACGTTTATCATTTTATCCCAAGAAGGGTTATAATTATTATCATAGGCAACGTGGCCGAGAGGCTAGGCGAGGGACTGCAAATCCCTTTTACGGCGGTTCGAATCCGCCCGTTGCCTCAAAAAGTAATACAAGGAGGTTGTAAGCAGTTAAGGAGTAATGTACAATGATAGACATTACAAGAATTGGTGAGAAAAGCTCTCAGCGTGAGTCAGGGAGGGCTGATGGGTCAACCGATGGAAGGAACCTGTCAGCTCCGAAGTTCCCGAAAGGGGCTTCGTACAGTCTCTGGCAAGTGCTGAGGGTAGCGGTGCTAACCGCACTCTCCCCTGAGAGGCGAAATATTCCCAGGTGTCTCTCTCCCTTGAAGCCTTTGATGGTTTCAGGGGACGTGGGGAGAACCCTTAACGGGCGTGAGATCCTGCGACCTGGGGTAGGGTCTATGGCTGGGGAAATAGCGCCTGCCGAGTTTATCCCCAGCCTGAAGAGGCGCTATACAAATAGCTCGGCACCTGAGCTGTGCGCTAATGTGCAGTTTAGGTAACCAGGTAAAGAAGGTATGCCCAACACTAAACAGGCAGAAAAGCGTATGAGAAGAGACGCAAAGAGAAGACTCAGAAACAGATACCACCTTTCTAGGATGAGGACCTACATAAAGAAGTTCAGAAGGATGGTGCAGGAAGGCAAACTTGAGGAAGCAAAGCAGTTTTTACCGGAGGTTATAAGCGTTGTATACCACACAGCATCAAAGGGTGTTATCCATAAAAACGAGGCATCAAGAAGAGCATCAAGGCTGAGCACCTTGCTTAACAAAGCCCTTAAGTCTGCCCAGCAGAACCAGGGATAAGGGTTCCTTAAGGGTAAGCAAGCTAAGAAAGTAGACTACCATGGCAAGGGGTATAATGACCAGCGTGTAAAGGGGATTTATCATCAACTCTCTTAGCAAGATAACCACCAGCGACATAATAGCAGAAGCCAGAAGTGGTCTAAATACGAGTTTTAAAAGCTCTTCTACAGACACTGCTTCATCTCTTGCTTTTAAAAGTAGGTAAGCAAATCCTACCAATGAAGAGGTGGATGTCCCAAGAGCAAGACCCACAACACCCATCTTTAGAGTAAAGGCATAAAAACTTCCCGATAGGCCTTCAGAAACAACAGCTATCAAAGATGCCTTTACAGGGGTTTTTGTATCACCTTTGGCAAAAAATACGCTACTTAAAACCTTCTGCAGAGAAAAAAAGGTAAGACCCAGAGCGTAAGCACCAAGTACAGAAGAAGCTACATAAACATCACTTTCCGAAAATCTACCCCTACCGTAAAGCAGGGCTATTATATGCTCCGAAAGGACTATTAGCCCGATGGAGGCAGGAAGGGAGACAAGAAGCACAAACCTGAAGGCTAAGCGTGTATTGACTTTTGCATCTTCGCCTCTGGAAAGAGTTGAAAGTAAAGAATTAGCTATACCCACAGACACGGCACCAAGAGGCAGTTGAAATATCCTGTTGGCGTAGTAAAGGTAAGATATAGAACCAAGAGCCAGAAAGGAAGCAAGGAAGGTGTCTATGAAGAAAGAGAGTTGTGCAACTCCAAATCCCAAAAGTGAAGGCAAAAGCCTCTTTACAAGAAGTTTAAGCTCCGGGTCAATGCGAAGGGAAAGTCCAAACCTCACACCGGTTTTTATCAGGGAAGGTATATTAAAAAGAGCCTGTGCTATACCACCCAAAATAACTCCAGCTATAAGGGAGTAAAGACCCAGCCAGCCGACGCTAAGAGCCACCACGCAGGAAAATACTATGTTAAAGACTGCCTGCGCAAAGGCGGGTACAAAGAATACCCCTTTAGTGTTGAGAACAGCCATGAAGAAGGAACTCAGCCCCACAAAAAACAGGTATGTAAAGAGCCAGCGGGACATGAACACGGTAAGCTCAAAGTGAGGCTTGTTTCTTATACCTGGCGCTATGAGGCTCACTATGTATTCTGCAAAAACAATGCCCAGAAAAGTTATCAGAAGGTTCAGCAGGCTATAGT
CP076323.1_gap3	146711	147871	1160	GCTTTTAATTGCAGGAGATATATACGACAAATCACATCCAGACCACGAATCACATAATCTCATTATGGACTTTCTTACAAGGATACATACGACAGGCATACACACGGTGCTAATAGCTGGCAATCACGATAGCTATGACTTTATAAAGTCTTACAAAAATCTTGGAAGAGTTGCCAACATACATGCCTTTGACAGACCTTGCAAAAATCCAAAAGACTGCATCATAAAATTGGGAAACATCACCATTGCGTGCCTCCCCTACCCCAGCGAAAGGGTTATCACTCATATAGGGGAGCATACGCAGAGGAGTTATACCGAAAAAGTGGCTAATTACCTGAAGGCACTAGCTAAAGAAGTAGAAAGCGCGGACTACAGTATACTTTTGGCTCACATCATGATAGAAAAGGCAAAAGTGTCTGGGACAGAAAGACAAGCCAGCATAGGAGAGTTTTACGCCATAAAGCCAGAGCACATACCCAAGGAATTCAATTATGTAGCGCTCGGGCATGTACACAGACACCAACAGATAATTAGTTCAAGAATTTATTACTCGGGTAGTCTATACCAGATAGACTTTTCCGAAAAGGGCATGGAAAAGTATGTAAATTTGGTGCTTCTTGAAGAGCAGGAGGTAAAACCCATAAAGCTGGATTTAAAGAGGGAGCTTTACGAGGTCAGGATAGGAACAAAGGATAACTTTAACACCGTGCTAAGTTATCTCAAAGAACTTAAAGGTCTTGTGAAGGTGGTGTTAGAAACAGACATAAGGGATAGCACCATACCCATTAAAAAGAAGAATTTGGAAGATGTGTTGGGAGAGAGACTTGTCAGGTTTGAAATTGAACCCATAGCGGAAAACAACGCAGAAGAGAGTTATAAGAGCGAGAAGCTGGACCTTGTCTCTGCTTATGAAACTTATTATAGAAAAACTTACAGATGCCAACTGCCCGAAGATATAAAAAAGGAATTTATAAACATACTTGGGAAAGCAGAGCATGAAGCCCATACTGCTTAAGCTGGAAAACTTCACCACTTACAAAAAACTTCAGGAAATAGACTTTTCTGACCTTAACTTTTTCATAATACAGGGGAGGACCGGAGCAGGAAAGACAAGCATAATAGATGCCATGTGTTATGCCCTGTATGGAAAGGTGCCAAGA
CP076323.1_gap4	154377	156666	2289	GCGATGTAGGTTCCTTTGAAGGGCTCTACAGGGTGCTTCCTTCTAACCATAAAGGCAATGTCCATGTGGGGGATACCTTGTGCTTGGACTCTGAGAATACCTTAGCATATAGCACTGATAGATTGGTGGCATTGATTGGTGTCAGGGATGTGGCAGTGGTGGAAGAGAGGGATGCGGTGCTTGTCCTAAGCAGAGATGCCTCTCACAAAGTAAAAGACCTTGTTAACCATCTTATAAGTATGGGCAGGAGAGAAGCCAAGTATCATGTGGAGCTTCACGAAAGGTGGGGGAAAAGACTTTTGCTTGATGAAGGAAATGCATACAAGATATACAAGCTAACCATCTATCCAAATAGGGAGATAGGTCCGCATATGCACATGCACAGCACAAGAACCTGGATGGTCCTTAAGGGAACTCTTCTGTTTAACTCCAAAGGTGAAGAGTCTTTTGTTAGCGTAGGTGATAGCCGTTTTGTTAACAAGGCAACTCCATACCTGATAAGAAACAGCGGATTTATACCTGCAGAACTTATAGAGGTAAGAGTAGGCGAATACATGGAAGATGACGATGTTATTCCCCAATAGCCTCAAAGGCTCTGTAAGAGCTTCTGACATTAGGACCGCTTGCCACATATCTGAATCCCAAAGAAAGAGCAATATGGCGCAGTTCCTCAAACTCCTCCCGTGTGTAATACTTAACTACGGGATGGTGGTTAAGGGAAGGCTGGTAATACTGTCCTATGGTGAGAAAGTCACACTGAACTTCCCTTAAATCCCTCATAACAGATATTACTTCCTCCTTGGTTTCTCCAAAACCTAAGATGAGGGCAGATTTGGTAAAAATGGAGGGGGAAAGCTCTTTGGCTTTCCTCAGTATATGCAGGCTTCTTGAGTAATTGGCACCCTTTCTCACTTTACCGTAGAGCCTTGGCACCGTCTCCACATTATGATTTAAAACATCAGGTCCCGCACTCAGCACCTTTTCAAGAGCGGTCAGAGAACCCTTAAAGTCAGGCACCAACACCTCCACCTTAACATCTTTAAGATGGTCTTTGAGCACCCTTATACATCTGGCAAACTGCTCTGCTCCACCGTCGGGAAGGTCGTCCCTTGTCACGGATGTTATCACCACATACTTAAGTCCCAGCTTTTTAACTGCGTCAAGAAGTCTGTAAGGCTCCTCCTGGTCCAAATATCCCGGTTTACCTTTGGATACATTACAGAAAGTGCAACCTCTTGTGCAGATATCTCCCAGGATCATAAAGGTGGCCGTCTTGGCACCAAAACATTCAGAAATATTGGGACAATGTGATTCTTCGCATACCGTGTTTAACTTTAATCCTCTTAGAAGTTTTTTTACCGCATGCGTCTCAGAAAAGATCAGTTTGGGCTTACCCATTAACTTATAAGTATATCTCCTGAACAAGCTCCCCCTTATAAGAGAGTCTATCAAGCAGGGCTTTTGCACGCAGTGAGTTTAAGGGTATCTCCACCGTATGACTACCTTTCTTCACCACTATTGCCTGGTCGGTTATCTCTATGCTGTCGGGCAGATCACTTTGTATATAAATGCCTTTTCCCGCAAGCTCTTCCCTTGTGTATAAATTCTTCATTTTTCACCTCCTCTGCTTGGTAAAGGATACTCCTCAAAAACTGCCCTTCCATGATACCTTTCCATATGCACTAAAATCATATACCGATGGAAAAATTTATTGAGCTGTGTCTTGACTTAGCCAGGAGAGCCTATGAGCTTGGGGAGACTCCCGTAGGATGCGTAGTGGTAAAGGAAGGTCAAGTTATAGCTAAGGCACACAATCGTGTTGAAGAGCTAAAAGACCCTACTGCTCACGCGGAAATGTTAGCCCTCCGTGAAGCATCCGAAAGCATAGGCGGAAAGTACCTCTACGGATGCGAGATTTATGTGAGCTTAGAGCCCTGTATCATGTGCACTTATGCCATGATACTCAAAAGAGTGGAAAGGCTCATCTTTCTGGCGCAGGACTACAGACATGGAGGTGTTATGAGTATGTATAGCTTGCTGGATGACATGAGGTTCCATCACAGAGTAAGATGGGAGTATATGCCTGTAGAGGGGGCGCAGAAACTCCTCAGGGACTTTTTTAGAAACCTCAGACTGCGTCAGCGATGATTTGTCATTACGTAAGCTACTATTATGGTGATTAAGTAAGTGATGAGCACTATGGCAAAGAGGGATATGGCAACTGTCAGCGCTTTATCATCCTTTATCTTCCTGTAGCCCATGATAAACTTGTCCTCTTAGTAACAACCT
CP076323.1_gap5	188970	189511	541	ATATAGTGCGTTTAAACTTTCAGCTATACCGTATTTATGCATATTCAAAAGTTTTTCTTGTATTTCTATTAACATAGTTTTCTGTTCAATCACTTTATCCACGATCAGATTATAAAATCTAAACGCAAATATTAATATTATTATGTGAGCTAACAACCTTATAATGTGCCAATACCACCACTGCAAATTCCATAGCTTAGATTCAGGGAAAAGAAGGCAGCTACTTGCAAAAAGAGAAAAACTTATAATGAGGGGAGTATATAAATATTCTCTGTTTCTTAGATAATCTTGAATTAGGAACAGTGATATTGCATAATATATTACTCCGTTGAAAGTATTTATGATTTTGGTATATATAGAAAAACCTGCACCGTTTCTTATTATATCTATGTCCTCAACATAAGTTTCTAAAGGGTGCGGTAAAAATATGGGGGTAGTTGCCAAAGAAATTACAGAAATCAGTATCACTGAAAGCTTAATCGGGAGCTTTTGAATTAGAGTTACATTTAGAAATTTATAAGCAATCATATATAAAAAGATT
CP076323.1_gap6	219295	222892	3597	TTATGTGTGATGGTTTTAAACTGGATGCATACCAGAGAGCGTCCGCCAGCGTTATCCTCCCCTCTGCGTCTGTGTTGTCCACCTCTATGGTCTTACCGCTCATGGTCTTTATGATGTCATCGGGTCTGTAGGCGCTGCCGCTTGGCATGTTTTCCGCCGCGCCGATAATGCCGTGGACCTCTATCTGAGGCTTTAGCTCCGCAAGAGCTTTCATGATGCCCAGCACAGCGCAGGCACCTGACTTATCCATCTTCATGGTTCTCATATAATCGCCTGTCTTTATGTTTAGCCCTCCGCTGTCAAAGGTTAGGCCCTTGCCCACTATGGCTATTCTGTCCTTTGGCTCTCCCTGTGGTCTGTAGGTGAGGTGTATAAACCTGGGAGGGGTTGCCGAACCCTTGCCCACACTCCAAAGAGCGTGCATACCCATCTCCTGAATCTGCTTCTCATCGTAAACTTTACACTCAAGACCATACTCTCTGGCAAGATTTTGAGCTATCTCCGCCAGCGTTATAGGATTTATCACATTCCCCGGCTCGTTGACCAGGTCCCTTGCATAATTCTGCGCTTGCGCAAGGATTTTGCCTATCTTTATACCTTCCTCGTATCCCCTGTAAATGCTCACCCTCTCTACGCTAAAAGGCTCCTCCTCCTTTTTGCTTTTGTACTTATCAAAGCTGTAGTGTCCGAGAATCAAGCCCTCAGTTATGGCTTTACTTTTCTTGTAATCTATAATTTCTCCGGCGTATATGTGTGCAAAAGGCACTTTATCCTTCTTGAGCCTTTTTATGAGTATAGCTGATGCTCTCCTGTAGTCGTCAAAGCTTGCCTTATCCTTTTTACCAAGACCTACCACATAAAAGGTCCTGATAGTATCATCCTCCAGCAGAGGAACTTTTATCAGCGTATCTTCCTTCCCTTTAAAGTTTTCAGCGGATAGCACCTTATTTAGCTTCTCAGAAAAGGCATCCGCATACTTAAGGTTGCTAAAGTCCTCCTCAAACACAAAGATGGCCAAGGGTGTATCCTTTATCTCTTGGTAAGATTTTTCGTAAGAGCTCACTTCCATGGCTGTTCCTCCTCTGTGTTTGCTATCTCTCTTTTTAAAGCTACTTTGCCGGTTCTTGCCATTTCCATTATGCCAAAAGGCTTTACCAGTTCTATAAACGCATTTATCTTGTCTTCCGTACCAGTTATCTCAACTGTGTAGGTGCTTTGCGACACATCCACTATCTTTCCCCTGAATATCTCTGTAAGCCTCAAAACCTCATCCCTAGCTCTGGGTGTAGCGGTGTGAATCTTTATGAGGGCCAGCTCCCTCTCTATATGGGGTATGTCGGTAAGGTCTCTCACCTTTATTGTGTCTATGAGCTTTCTGAGCTGTTTTACTACCTGGTCTATTACCACATCATCACCTATCACCTCTATGGTCATGCGCGAGAGTCCCTTCTCGTGAGTTTCTCCTACAGAGAGCCCCTCTATGTTGTATCCTTTACCGGCTATTAATGTGGCTATCCTTGCAAGAACTCCCAGCTCGTTTCTCACCAGCAGGGTTATTATGTGCTTCCTAACACGCCCCTTTTTTATCTCCCTCAAAGCGGGTGCCTTTACAGCTGTTATATCGCTCATTTTAAACCTCCTCTATCCTACCAGATACATAGTATCCGCCTCAACGCCCTTCTTTCCGTCTTCCAGTATCATATCCCTGTAAGACTTACCAGCTGGCACCATAGGAAGGACATTCTCTTCCCTGTCTACATGAAAGTCAAGAAGCACTGGTTTGTCCTGCACTTTCATAGCCTCTTCTAATACTTCTCTGACTTCTGAGGGTTTCTCAGCCCTAAAGCCCACCGCTCCACAGGCTTCTGCAAGCTTTACAAAGTCTGGCTGGATGCTAAGGTCCACCTCAGCATAGCGTTTTTCATAAAAAAGCTCCTGCCACTGGCGCACCATACCCAGATATCCGTTGTTTATTATGGCTATCTTTACAGGCACACGGTAATGAGTGGCCGTCACAAGCTCCTGCATAGTCATCATAAAAGAACCATCTCCATCTATCACAAAAACTTCCTTTTCTGGCTTTCCTATCTTGGCACCTATGCCAGCAGGAAGACCAAATCCCATAGTACCCAATCCACCTGAGTTTATAAACTGTCTTGGGAAGGAGTATCTGTAGAACATGGCTGCCCACATTTGATGCTGTCCAACACCGGTGGCTATTATGGCATCACCTTTAGTGACCTTCCATATTTCCTCAATTACATACTGGGGCTTTATCACCTTGTCGGATTTTCTGTAGGTGAGTGGGTGCAGCTTTTTCCACTTTTCTACCTGCTCTATCCACTTCTGCCTCTCTTCGGGATGCATAACTTTTGCGCCTTCCTTTTTTATCTCCTCTATGAGCTTTCTGAGGACTACTTTGACATCACCCACTATGGGCACATCCACCACTATGTTTTTGGATATGGAAGCTGGGTCTATGTCTATGTGTATGATGCTTGCCTGAGGCGCAAACTCTTCTACTTTACCTGTTACTCTATCGTCAAACCTTGCTCCTACCGCTATAAGAAGGTCGCAGTTGTAAACAGCCATATTGGCATAGTATGTGCCGTGCATACCCAGCATGTGAAGAGCAAGAGGATGAGACTCTGGAAAGGCTCCTTTACCCATGTTAGTGGTGGTAACCGGCACTTTCATAAGCTCTGCAAGCTCTACAAGCTCCTTTTGAGCTTCCGCCTGCACTGCACCACCACCCACATAAAGAACTGGCCTTTTTGCCTCGGCTATGAGTCTTGCCGCTTTCTTTATCTGCTGGGGATTTCCCTCCGTGTGGGGCTTATAACCCGGAAGGGAACTCTTTACTTCCTCCAAAGATGGGATCTCCACATCTGAGATTTTTTGAGTTATGTCTTTGGGTATGTCCACAAGAACTGGTCCGGGTCTTCCCGTCTTGGCTATATAAAATGCCTGTCTTAGTATCATAGGAAGGTCTTCTATCCTTTTTACCAGAAAGTTATGCTTGGTTATTGGTCTTGTTATACCCACTATGTCCACCTCCTGGAAGGCATCGTTGCCTATAAGATGAGTGGGCACCTGACCTGTGATGAAAACAACAGGAACCGAATCCATATAAGCATCGGCTATGGCAGTCACCAAGTTGGTGGCACCAGGTCCAGATGTGGACATGGCAACACCTACCTTTCCAGTAGCTTTTGCATAGCCTTCCGCCATATGACCCGCACCCTGTTCGTGCCGAGTAAGTATGTGCTTTATGCTTCCATCCCTATAAAGAGCATCGTAAACTTCCATTATGGCACCGCCTGGATGTCCAAATATGTATTCAACACCTTCCTCTTTTAAAGTCTCTATCACTATATCTGCTCCTTTCCTTGCCATAATAAAACCTCCGCTTGAGAAATTATAAAAATATAAAATATAAGGCTTTTGTAAAGTTTGTTTTAAGAATTAAAACCACTGCTTCCAGAAACCTCTTTTTCCTTCCCTCGCCTTGCGCTGAGCCGATAGGAAAAGGTCTTGATACTTAACATTGGGTGGTATTGTGTATACCTGTGCGTATCCTTCTTTGAGAAGCACCTC
CP076323.1_gap7	224003	226658	2655	TGAGAGATGCTGCGTGCCACACGCCAATCCATCCATAAGGTAAAAAGTTTTCAAGATTGCTAAAGTCTATGTGTCTTATACCGAATAAAAGGAAGGTTATCAGGGTTAGAAGTTTCAAGACCACTATTAAGGTGTTGACGGTAGCACTTTCCTTTATGCCCAGTGTAAGTAGAAAAAAAACGGCTACAACGCCCAGGAAAGCAAACAGGTCCATCAGAGTGCCTTTGGAAGGGTCGTAGGCACCGGTTAAAATGTGTGGCAGTGTAAAGCCAAAGTTCTGCTCCAAGAAGGTGCGCAAATATCCAGACCAGCCGGTGGCAACTGCCGCTGTAGCAACACCATACTCCACCAGTAGGTTCCAGCCTACCAGCCACGCAACTATCTCACCTATGGTAGCGTATGTGTAGCTGTACGCGCTTCCCGAGATGGGATATGCTGAGCTTAGTTCCGCATAAACAAGAGCGCTTATTCCTATAGCCACAGCGCCCAGAAGGAAGGAAAGAACTATACCCGGACCTGCATAGAGTGCAGAAGCCTGCCCAGTTATCACAAAAATCCCCGCACCTATTATGGCACCTACACCAAGAAAAGTAAGGTCAAGAAGTCCAAGCTTTCTGGGGAACCTGCCCTCGTCAACCGCATAACACTTTTTTCGGAAAATCCCCTTCCAAAGCATCTCCTTAAAGATTATACAATAACCTCCAAAAGCTCCCCCACATCCAGCAGGGACAGTCTCTCTATACCGTAAGGAGCCTGTAAATAACCCACCTTTAAAAAGTTTCCTTCCGCAGATTTCCACTTGTTCATCACCCTGTAAACCTTAAACTCTTTAAGATGCTTTTCAAGGTCAAGAGCCTCTTCAATAGAAAGCCTCTCTTCGTTAGCAACTGCAAAGATGATGGCTTTTTCTTTTAAAATTCTTACAAGTCTTTCCACCTTCTCCCTTCTTTTTTTAATAAGGTCAAAAACTTTATCACTTCTTCCCATAAAGGTTTCCAGCTTTTGTCTTTCCTTTGCCACCTTTTCAAGGAAGGAAAACCAACCTTCCACCATCTTCACCGTCTGAAATATTCTCACCATCTGTCCTGTGGGAGCGCTATCCACAACCACAAACTGAAAGTCAGCCTCCAAGTAATCAGCAATGCCATCAAGCACGGCAGTTTCCAAAGCGGTGGGAGAGTGTTTTACATACCTGGCATACTCTTTAAGCCCTGACTTTAAGGAAGGCATCATTTCACCGATAGCTGAAAGCACTTTGCTTACATAATCTTCAACAAGTCTCTCTGCGCAGAGTTCAACCGCAAAAAGGTTTTCCCTTATGCGGACGGCATTGCTTCCCACTTGGACCTTCAGGATGCCTGTAAGGGAGTGAGCTGGGTCTATGGAAACAAGCAAGGTTTTTCCTTTTTCAGACAGCCTCAGAGCTGTTGCACACGCTAAGGTGCTTTTACCTACACCTCCCTTACCTCCAAAAAGTATGGCTCTTAGCAGCACGGTATAAAATCAAGAGAGCTTTTTTCTATTCCCAAGCTTCTGTGCCAGAGGTGGAACTCCTCCATAAGATAAGGATAAAGGTCAAGGGCGTATATCCCCAAAGGATTGTCAAGCCCAAAGTACTCAGTAAAAAGAAAGAGAAGAAAAGTGTCCCTCAGGTAAGACTGAGAGACCTCCACTGGCTTTTTAAAGTGAAGCTCTATAAAACTTCCAAAAGATGCCTTTACTTCAGGGAGAGGATCCACTGTGCCAGCTCCTTTGCCTCCTCATCCGTCACATTCTGCGGTGGCATAGGAACTTGCCCCCAAGTGCCAACTCCTCCGTTCTTTATACGTTTGGCAAGCTCATCAACCGCACCGGGCTGTCCGGCAAACTTCTTGGCTACATCCTTGTAGGCTGGTCCCACCTTTTTGGCATTTATATCATGACAGGCAAAGCATCCTTTCTGTTGAGCCAGTGCAGTCATGTCTTTTGCTGGTCCCTGAGACTTTTGTTCGGCTGGTTTCTGCTCAGCTGGCTTTTGCTCACCAGAAGGTTGCTTTTGCTCTCCTGCAGGTTGTGAGGGTTGAGCAGGTTGTTCCTGTGCAGGCTGCTGCGCAGGTTGCTCTGCTGGGGCTGTCTCCTCTGCTTTCTTCTGACACGATGCAAGAAGGGCAATGCTCAAAACTCCGCTCAGGAGCACTTTTTTCATACCTCTACCTCCAAGATAAATTTAACTTTGTTAATTATACGCTCAAAAAATGAAATTTTTATGAAGAGGATTTATAATTGATGCCATGATGGATATAAGGGAGATAATGGAAGTATTACCGCACCGATACCCAATTCTCTTGGTAGATAAGATCCTTGAGATCCAGATGGGCAAAAGGATAGTGGGGCTTAAAAATGTTTCCATTAACGAGCCGTACTTTCAGGGCCACTTTCCTGGTTTTCCTCTCATGCCCGGCGTTTATATACTTGAGGCTATGGCACAGGTGGGGGGCATACTTATGATAAAATCCTTGGGTTTGGAGATAGGCAAGTACGCAATAGTTTTTGCAGGTATTGATGAAGCAAGATTTAAAAAGCCTATTTATCCTGGGGATCAACTTATAATGGAGCTGGAAGTTGTCTCCCTTAAAAGGACCTTATCTAAGATGAAAGGCAAAGCTAGCGTTGACG
CP076323.1_gap8	265415	268860	3445	CTGAGAGAGTGCCACACATCCTTAGCTTTTACATTAAGCTCCTTTTGTATTTCTCTGGCTATCTCCTTTACACTCTGGGCATTAAGTTGCCTATCTTTTATCTTTTCCAAGAATACAGAGAGTATGTCATACACCCTTGCATTTTCAAGCTCGCTCCATGCATCCTGAGATATATCAAAATCATCAACAAAGAAGGGTTTTAGTCTATCAACGGCTTCCTTAAAGGTTTCAAAGGAGTCTCTTGTCTTTTCAAGCACCCTTTTGAGATAATCTCTATCGCTGACATCATAACCCGCTTGCTTTAAGAAAGGTGTTATGCCATCTATAAGCTCCTCCAAGCTTAGCACTTCTCTTATGTAAACTCCGTTCATCCATCTGAGTTTTTCTTTGCTGAAAACTGCTGGGGATGTGTTTATGTCTTTTAGGTCAAATATTTCTATGAGCTCCTCCTTGCTGTATATTTCTTTGCCTTCTTTGGGTGAAGACCAACCTAAAAGGCACAGGTAATTAAAAAGCGCTTGGGGAAGGTATCCCTCCTCTCTGTAGTTTCTCACAGAAACCGCTCCATGCCTTTTGGAAAGCTTGCTCCTGTCTTCACCGAGTATGACAGGCAGATGTGCAAACTTAGGCACATCAAAGCCCAGCGCTCTGTATATTAGTATCTGCTTAGGTGTGTTGGGTATGTGGTCCTCCCCCCTTATTACATGCGTTATCCCCATGAGTGCGTCGTCAATAACTACCACAAAGTTATAGGTAGGTGTTCCATCGCTTCTTATTATCACAAAGTCCCCAAAGTCATCGGTGTTTATGGCTATGTGTCCCTTTATGAGGTCTTCAAAGACTACATACTCTCCGTAAGGCACCTTAAAGCGTATAGTGTAGGATTTGCCACTTTCTTTTAGCTCCTCCACCTGCTTCTTATCCAGAACTCTGCATTTTCCCGAGTACCTGTAAGGTATGCCTTTCTTTTCAGCCTCTTGTCTTTCTATGCTTAGCTCTTCTGGAGTGCAAAAGCACGGATATGCATGTCCTAACTCTATGAGTCTTTGTGCATACTCTCTGTAAATGTCAAACCTCTCGGACTGCCTGTAAAATTCGTCCCAATCAAGACCCAGCCATTTGAGGTCTTCAATGAGCATAGCCTCAAACTCTTTTGTAGACCTTTCTAAATCTGTGTCCTCTATTCTGAGTATGAACTTTCCTCTGTTGTGGCGCGCAAAGAGGTAGCTAAAAATGGCTGTCCTTGCATTACCCAAGTGCAGGTATCCCGTTGGACTTGGGGCAAACCTTGTGATTACCATTCAGTTAATTATACCTTACCTTCTCTCTCCAAAGAGCAATGTGCCAATTCTCACTATGGTGGCTCCCTCTTCCACTGCCACTTCAAAGTCCGCAGACATACCCATGGAAAGATGTGGAAGTTTTACCAAGAATTCGGATTCTAACTTCTCTTTCAGCTCTCTCAGCTTTGCAAAGTAAGGTCTTGCTTTTTCGGGGTCTTCCGTGTAAGGCGGGATACACATAAGCCCCAACACCCTAAGGTTTTTATAACTCAGAAGGTGCTGGTAAAAGGCAAAAAGCTCCCCTGGAGCAACACCTCCCTTTGTAGTCTCTTCACCTATATTCACCTCTATGAGAACATCCTGCACCGCACCTGCTCTTTTGTTTATCTCCTGCGCTAAGCTGTCCCTGTCCAAGGAGTGAATAAGGCTAACCTTACCTAAAATATACTTGACTTTATTGCTCTGGAGCCTTCCTATAAAGTGCCAATCTATGGCAATGTCCTCCAAAGCTTGGTACTTTTTCAAAAACTCCTGCACTCGGTTTTCCCCAAAAGTGGAAAGACCGCATGCATAGAACTCTCTTATCCTCTCCGCAGGTACGCTTTTAGAAGCTCCCAGCAGGACCACTTCCTCTCTCTTTCTTCCTGCCCTTTCACAAGCCTTCTGCAATCTCTCCTCTACTTCTCTTAACTTTTCGCAGGACATTTTTAAACTATGGCGTTAAACTAACGCTTGCTTTTTGAGCCTCAGCCAGGTTTAAAGGCCGGGACATGGGTGCCTGCAAAGATATCTACCTCTTCCTTTCCTGCAACAGCAGAGAGTTTTCTATTTAGCGTATCAAGCTCAGCCTTAACAAAGGAGCTACTGACAAACTCTATGCTCTTCTCAGAATTTAGCAAGTACAGGGTAGGCACCACCTCTACACCATACTTTTGGGAGACCTGGTAGGTTGGATAGTCTATCAGCTGGGGAAAGGTAAGGCCGTACTTATTGGCAAACTCCTTTGCATCTTTATCACTATCCTGAACTATACCGTAAAAGGTGATGGCATCGCCGTATAGCTTATACATTTTTTCTACAAAAGGTAGAGTGAGCTGACATGTGGGACAGGTGACTTTGTAAAAGGTAAGCAGGACATACCCCGGCGTCTCGTAAAGGGAATACTTTTTGCCTTCGTAAGAAGAGAGGTCAAAATCTTCTGCTCTTTCTCCTACCTTTAGGGGCATGTTAGCACCTCCAGCTCTTTTATTATAATCTCCTTTAGCCTTTCCAGACCTTCGCCCGTAAAGGATGATATAGCCACGAAGGGATAGCCCATCTTACTAAATTTCTCCTCAAGCTTTTGGAGAGTATTCTTGTCGGATAGCATATCTATTTTTGTACCCACCACTATTTGCCTCTTTTCCAGCAGTTTGGGGTGATACTTTTCCATCTCCGCATTTACCTTTTTAAAGGCATCTATGGGGTCAGTTTGCCTAAAATCAGACACATCTACAAGGTGAAGCAGTAGCTTGGTTCTCTCAATGTGTCTGAGGAATTCAAGGCCAAGACCCTTTCCAGCTGATGCACCCTCAATCAGACCCGGTATGTCTGCCAACACTATCCTTCTGCCGTCTTCTAACTGCATAACACCCAGAACCGGTGATAAAGTAGTAAAGGGATAATCTGCTATTTTTGGCTTTGCTTTTGTAAGTTTGGATATGAGAGTGGATTTTCCAGCATTGGGAAGTCCGATGATACCTACATCAGCTATGAGCTTTAGTTCAAGCACTATCCACCTTTCTTCTCCCTTCTCTCCCTTCTCTGCGTACCTTGGTGCCTGATTGGTAGGTGTGGCAAAGCGAGCGTTTCCTCTTCCCCCCCTTCCACCCTTTGCTACCACACACCTTTGCCCTTCCTCTGTAAGGTCGCACAGCACTTTGCCACTTGAGGCATCTATTACAACAGTTCCCAGTGGCACTTCCAGAACAAGGTCCTCCCCATCTTTGCCGTGCTGGTTTTTACCTCTGCCCTTCTCTCCGTTTTTTGCTCTAAAGTGCCTTTTGTGCTTAAAGTCATATAGAGTGTGTTTTCTTGAAGTGGCAACAAGAATTACATCACCTCCCTTTCCACCATCACCACCCGCTGGTCCACCAAAAGGCTTGTACTTCTCCCTCAGAAAG
CP076323.1_gap9	270492	271078	586	GTTGTTGCGGTAAACTGCACTTACGCAACAGATGTGTGCTTTTGCGCCACGCTTTCATCAGGTCCAGAGGTGAAAGAAGGTTTTGACATATGCCTTACTGAAATTAGGGAGGGTTTTGTTGTGGAGGTGGGAAGCAACAAAGGTATGGAGCTTTTAAAAGACATGCACTTGAAAGAGGCAAACAAGGAGCAAATAAAAGAAAAAGAGAGAAGAGTAGCAAACTTAAAGGTAAGAGAGGAAAAACTACCAGAGGATCTCAGAGATAGACTTTACGAAGCTATGGAGCATCCTTTTTGGGAGCAGGTAGCAAAAAGGTGTCTTGCATGCACCAACTGTACGCAGGTATGTCCCACATGCTTTTGTTTTGATGTGCTGGAGATCAATGACATGGATCTCAAGGAAAGTGTTAGGATGAGGGTTTGGGATTCGTGCTTCAATCCGTCCTTCGCAACACTGCACAAGTTTAACCTTAGGGAGAGCATAATGTCTCGCTACAGACAGTGGCTGATGCACAAGTTTGCCTATTGGGTAGATCAGTTTGACACTTTGGGGTGTGTAGGATGTGGGCGCTGCATTACCTGGTGCC
CP076323.1_gap10	311726	314102	2376	TTCTCCAAGTTTTCAACAAGGTCAGGGGGAAATATCTCCTGTCCCAGGTAGGCACCTAAGTAAGCACCCACCAAGTATCCTATGGCATCCGTATCCCCTCCAAAATCTCCGTATGAATTTACCGCATCCCAAAGAGCCTTCATAGGTTCATCTATGTTAGAGAGGAATATAAAGAGAGAAAGAGGCAAGGACTCAAAGACATATGTGGAATTGCCCAGCGTATTTATTGCTCTCTCCAAATTCGCACCCTCTTGGAGAAGCTCAGCTACCCTGTCCAGGTAAGTTTTGTGCCTGTCGTATTTTACAAAAAGCTTAAGTTCCTCCAAAAGTTTGAGCCTTTCGTCCAAGCTATCAAGATGGTAAACATCTCTTATAAGATTAGATATCATAACAGCAAGCACTGCTGACGCATCGTACACCTCCGGACTTCTGTGGGTCATAATAGAAACCAGCCTTGCCCCTTCGGAAGCCAAAAGAGGGTTGTAAAAGTGAAAGAGGCCTACCACTGTGCACCTGAGGATACCCTCAACAGAAGCTGAGAAAAAACCAGCTTCCTCAAGAGATATACCAGAGGAGAGAAGGTCAAGAGCGGTAAGTAGAGCCGGGTCTGGATACCTGTGTCTCTTTTCATCTTCCCTCCAGAGGATGAGCCTTTTGTAAAAATCTTGCGGATCTATGGCTTTTTTGTCCACAATGCTCTCAAGAAGGATCAAAGTGATCTTAGTCTCGTCAGATATTTCCTCTGGATGAGAGCCATAGGATGGACTAAGGGGATGAGGTTCCACAAAGCCTTCTACCCTTGAGCCGTAAAAGTCATAAACTTCTTCTTTCGTGATATCCTCTACACATTTACCTATAGCATCACCTAACGCAGCCCCCAGCAGTGTCCCTCGGAACTTACTCCTTAGCATTGAGCACCCTCCTGTAAGACTCCCTCACTACTTCCTTCCAGTCCTTTTTGCCCTCCTCAACAGCATCCAGGTTATCTTCCATGTATTTGGTAAAACCATAATCCATAAGATGGGGGAATTTTTCCATAAGGTAGTCCACCACCTTAAAGGCCGTCTCGGTAGGCTTTAGATAGCCCTTCTCCAGAACTACATAGCCTCTGTCTTTTAAAGTCTTTATTATTGTTGCATAGGTAGATGGTCTTCCTATACCGAGATTTTCCAAAGTTTTCACAAGACTGCCTTCTGTGTATCTGGGAGGCGGAGGCACCTCCACCTCTTCAATATATACCCTTTTGGGCTTTATGACCTGCCCATCCTCAAGATGGGGAAGCGCTCTGTCTTTTACCTCTTTTGGATATATCCTTGTCCATCCATCAAAGACGAGTAAGCAGCCCTCAGCGGTAAACTCAAGCGTATGGTCAGATAAAGGAAGGAGAACTACCAAAAACTTTTCCCTTATGGCATCGGAAGAAAGACTGGCAAGAGTCCTTGAGCTTATCAAGCTCCAGAGTTTTAGCTCCAGACCACTCTCTGGCTTTTTGTCTAAACCTGTGGGTCTTATACACTCGTGGGCTCCCCAAGCTAGTGCCTTCTCTTTGTATTTTCTGAGCCTTCCCACATAATCTTTCCCATAAGTCCTCTCTATGTACTTCATAAACTCCTGAGCTTTCTCCTTATTCATTCTGTAGCTGTCAGTCCTTGGGTAAGTGATCAAGCCCTCCTCGTAGAGTTTTTGAGCCATCTTCTGCACTTTATCAACACTTATACCTAAAATTTTGCTTGCCTCCGCTTGAAGGCTCACCGTATTGAAAGGCTTTGGCGGTGGTTCTTTTTGCATCTCTTTACTCACCGACTTTACAACAAACATCACATCTTTTAACTTCTTCATGAAAGGTTCTGCGTTAGATGGCTTTTCAAACCTCTGTTTAAAAACCGCAGAAAACTCCACACCATCCACCACAAATTCCGCTTTTATGTAGTAATACTTTTTCCTTTTGAAGTTCTGTATCTGCCTCTCCCTTTCCACAATTAGCCTGAGAGCGGGGGATTGCACCCTTCCCACAGAAAGCCCCCTTTCTTTAAGGTCTCTCCAGAGGAAGGGCGAGAGCTTATAACCTATGAGTCTGTCAAGCACCCTTCTTGAAAACTGCGCACTCACAAGATTTAAGTTTATATCGCTTGCCCCTCTTATGGCTTCCGTAATGGCTTTTTTGGTAATCTCATAAAAGGTAGCCCTATAGATGGATGTGTTTACTTTCAAAAGCTCCTCCTTTAGAAAGTAAGCTATGGCTTCTCCTTCTCTGTCTGGGTCTGTTCCCAGATAAATCTTCTGAGCCTTTTTGGCTATCTTCTTTATGTTATCCAATAACTTCTTTTTGCCTCTGAGCCATACATACTTAGGCTCAAGAGTTTTCATGTCCACCCC
CP076323.1_gap11	319309	322366	3057	GGCATATTAGACCCTCAGGTGGATGCACAGATGATAGAGATGGTGCATACAATACTGACAAAGCTGGGCATAAGTGCTACCATAGAGATAAACTCCATTGGGTGCAAAGTGTGCAGGCCTGCTTATAGAAAAGCTTTATCTGAGTATCTTGAAAGTGTTGTAGGACACCTGTGTGATGTGTGTCTTGACAGAAGGGACAAAAATCCCCTGCGGGTGCTGGACTGCAAAGTAGAAACCTGCAAGGAAGCGGTAAAGCAAGCTCCCAAGATGGTGGATTACCTCTGCCAAGAGTGTGCAACTCACTACGAAACTCTAAAGTCCTACTTAGACATGCTATCTATACCATACAGAGAGAACCACCATCTAGTGAGAGGCTTAGACTACTACACCAAGACGGTGTTTGAAGCTGTCTCTGATGAGCTGGGTATAACTATAATAGCGGGGGGAAGGTACGATTATCTGGTAGAGGAGCTGGGGGGACCACCCACACCAGCTATAGGCTTTGCGGTGGGCATTGAAAGGATCTCCATACTGGTAAAGAACCTTCCTCAGGAAGAGCCACTTTATATGGTAATTGCCTTTGGCGATACGCTGGATTACGCTTTTGAGGTAATAAAGAAGCTGAGAGATATGGGAAAGAGGGTAGAGACATCCTATAAAAAGGCTAACCTCAAGAAACAGCTGGAGCTTGCCAACAAAATAAAGGCAGACTATGTAGTCCTTATAGGAGAGGATGAAAAAAGACAGAATACTATAACCATAAAGGACATGCGTACAGGTATGCAAGAGAGCATTAGCTTTACAGAACTTGCACATGAACGCCTTTGAAGAGTTTATAAAGACTTTAAAAGAAGGTATAGTGTACGAAGGAAAAAGACTATACATATCAAAGAGGGATAAGGGGAGGTTTGCGGAGGAGGAGAATCTCACGCTTAGCCTGGATGGAAGGAGTCTTCTTTTTGCAAAGGTCTTTTACGGTAGGAAACCCTACTGGAGAGAGTGGATAGAGCTTTTTAACATTGAGCCGGAGTTTTTCTCAAGCCCCTTTGAAGATGAACTTTACCAGCTCATATCACGGCACTTTGGAAGGATATTCGTTGAGTATTATGAAGATAGAGAAACATCTCTACAGCTTGAAAAGGGCGTGCCTGCAGAAAAGACAAGGCTTGGACAGAAGCTCATAAAGTGTGGCTACAAATACCTCAGAAACTGGTACTATCCCGAAGGTTGGATGGAGGGCGGACAAAAACTACAGGGAGAAAAGTGATATGGTATAATACTTTTTTAGGAGGTTTTTATCATGGAAAAAAACATGGCAACCTGGGACAGGGTGGTCAGGGTTCTGCTGGGCATCATATTTCTTTACCTTGCCTTCACCAAAGGGGGAGCATGGTGGATACTGGGTATAATAGGGATAGTGTTTATAGGAACTTCTGCAGTTGGCTTTTGTCCTCTTTACAAGGTACTTGGCTTTAAGACGGGTTGAAAGTACTGGCTCTTGATTATGGAAGCAAGCGCATAGGACTTGCCATAGGAGATACATCGCTCAACATAGCTTCTCCTTTTGGTGTTTTTGAAAATAGGGAAGGGGTGATTGAGAAGATAAGGAATTTAATTAGCGAGTACAGAGTTTCTCTACTGATAGTAGGGCTACCACTTACACCACGAGGGCAAAAAGGACAGAGAGCAAAAGAGGTGGAGGAGTTTGTAAAAAAATTAAGAGAGAGTTTGCCTAAGGAGATAGAGCTTTTAATGTGGGATGAAAGATACACCACAAAAGAAGCTTACTGGCTTTTGCAAGACCTCCCACCCACCAAAAGAAAAAAGTTAAAGGATAGTTTATCTGCGTATATAATACTTAAAGAGTACCTGGAAAGCTTATGAAACTTCTGAAGTTCTTAGCTCCTTTAAGTTTGATAGTGGCTTATATTTTTTACTCCTTTCTCCCCGTCTCCTTAGAAAAAAAGACGGTAGAGATCCCTTACGGCATGCCTTCCACAGACATAGCCTGGTATCTTTACAGGGAGGGAGTCATAAGAAGCCCTCTATCTTTTCTGAGCCTTCATCTGATAAAAAAAGGTGAGCTTCAGGCTGGAGAGTACGAGTTTGATGGACTTGTCTTTCCTTGGGATGTTTACAGAAAGATACACTATGGTCTTAGGAAAACATACAAAATCACCATCCCCGAGGGATCAGATGTTTATGACATAGCCAGAGTGCTGGATAGTTACAAAATATGCAAAGCAGAGGATTTTTTAAAGTATGCCCTATCTCCAAAAACTGCTCAAAATTACGGACTAAACACCTTCAGTATGGAAGGCTTTCTGTTTCCAGATACCTATTCATTTTCTAAAAATACGCATCCGCTTGCCATCATATCCGTCATGTATAGGAACTTTCTGAAAAGGACAGAACCTTTAAGAAGGGAGCTTGAAAAGTCTGGTATGAGCCTTGAAGAGTGGGTAACCATAGCATCTTTGATAGAAAAGGAAACCGCTTTAAAAGAAGAGAGACCTCTTGTGTCTGCAGTTATCCACAACAGATTAAAAAGGGGAATGAAGCTTCAGATAGACCCCACCGTCATATACGCTATGAAGAGAAAAGGCATCTGGAATGGAAAGCTCTCCTCAAAGGACCTTGATATAGATGATCCTTACAACACCTATGCTTACTTTGGTCTTCCGCCATCACCTATATGCAATCCCGGACTTGATTCCCTTGCATCTGCACTTCGTCCTGCAAAAGTAAATTACCTTTACTTTGTTGCCAACGGCAGTGGAGGACACAGGTTTAGCTCCACTTACTCGGAGCATCTTGCCAATGTGAAGGCATACATAGAACTGAGAAGGTAAGTTTCAATCGTTGTTTCAATCCCTCAGTGTTTGGAAAAGTAAGATTATAATTTTTAGCATGAGTTTAATAGTCTTTGTGAGTATGACACCTTTGGGGAAAGAGGAGAGCGTAAGCAAGTATGTGGCACGAGTTGTAGATATAGTTGACAAATCTGGGCTTGACTATGTGCTAACTCCTATGGGAACCATTGTAGAAGGTGAGGAC
CP076323.1_gap12	328994	329756	762	CAACCTTGTAAATGCCCATTATGAGCCTCAGGTCTATAGCCTCTGGCTGGTAGAGAGCTATCATCCTTATGCAACGCCTCTCTATCTCCACCTCCAGCTGATCTATCTCGTCATCACCTTTTATTATGCTCTCCGCCAGCTCAATATCCTGCTTATTAAGAGACTCTATGGCTTTCTCCACTGCATTCTTTATAAGACCTGCCATTTTAAGCACCAGCTGTTTTGTTTCTTCGAGCTCCTCGAAAAGTTTCATACTTAACCTCCTTACTTATATATTAACCAACCGCTGTTAAGAATTCGTTAAGTCCTTTTAAATATTTTATAAACAGCGGAAAAATCAAGCTCTCCAAGACCCATTGACCTTGCTTTGCCATATGCTTCTTTTACATTCTGAAGTGCAAAGGAGAAGGCTTTTACATCTCTCAAAAGGTCCTGTGCATAGTGAAGGTCTTTGTATATGAGGTCAACAGAGAAATGTGTTGAAAAGTCCTCATCAAGCAGTTTTTGCTTTTTGACATCAAGTATGTAAGATTTGCCAGCACCCTCAGAGAGTATACTTATCAATAGTTCTCTGTCAAAGCCGGCAAGCTCACCAATTGCTATAGCTTCAGCCAGTATCTCCATAATCCCACCCAGCACTATGTTGTTTATGAGCTTAAGCTTTGTGCCGTTTCCCGCTTTACCTACATAGTAAATCTTTCTGCAAAATTTCTCAAATAAAGGTAAGTTTTCTTCGTACTTCTCTTTATCACCTCCTACAAG
CP076323.1_gap13	347105	351801	4696	TGTGTCCCTGCAAAAGATGTGCTAAGCTCCCTGTCAGAGAGCATGCAAGACCAAAGCCTATGTCTACTCCCACTGCTTTTGACGGAGGAAGTTTGGTAAAGTAGAGCAGTAAAACCATTCCCAATGCGCCCGCACCCGCCGAGGTAAAGCCCACCTCAAGACCTATGAAAAAGCACACAATGGGAACCAAGTAAAAGTACTTTGCTAAGTCCATCCTCTTTTTCATGAGGGTAACAAGAAGGTTGAGAATTACTGAAAGGATAACGGTTATACCGATTATAAACATAATAAGGTTTTTGAGTTTATCCGCCTGAGAGAGCCTGCTTAAAAGGGAAGAGCCAAGAAGGACGCCGGGCACGCCCCCGAAACACATAAACATCAGCAACCTGTATTCAACATTCTTATAGAGGGCGTGAAATAGAAAACCTGGAAACTTTACCAGTGTTGAGAAGCTCAGGGCTGAACCCACAGCTTGTGCTGGGTTAAGTCCCAAAAGTATTAGCACTGGCGCAGTAAGCGTGCCAGCACCTACACCTGTAAGTCCTATGGCAAAGGCTATAAAAAACCCAAGAAGTAAATACTCAAGCATAGCTTCCTCCTTTGGTGGGTAGGGAGAAACCAAGGGTCAGGGCTAAGCTCTCCACCTCCTCCCTTAGAGCCTTCATACCTTCCGAATGTACTCTTGAGCTTTCTTCTTTGGGTAGGGAGAGGAAGTAAGGCTCTTTTTCCAGCACTGCCACCCAAAGGTAGTCATTAAACTCTTTGAGCATAGCCTGCCTTGAATTAAACTTGCCTTCATTCCAACCTCTTTTAAAAAGCTCCTCCTTAAGCTTCTCTATGTTTACCCTTTCAAGTATCCTCAGAGCCATCCTTTTCCTCCTTTATCACTTTGTCCGCTATTTTCTCAAAGCCTCCAGTTTCTATACTGCAGTGCATACCGCACTCCTTGGGTGCATCCTTCTCCCACCACCATCTGCCCGCTCTTGGGTCCTCAAAAGGTGCTACAGGTCTTGTACAAGGCTCACAGCCTATGCTCCTGTATCCCGCCTCGTAAAGCTTGTTATAAGGGACGGCATTCTTCTTTATATACTCCCACACCTCTCTCTCGCTCCAGTCCGCAAGAGGGTTTATCTTAACTATCTGTCCGTGGTCATGGTCTACCTCAATCTTCATTATGTTGTGCCTGCTCGCCCACTGCTCACGCCTAAGCCCTGTTATCCAAGCATCTACCTGTGATAGCGCTTTCAAGAGAGGTTTTACCTTCCTAACATGACAGCACAGATGTCTTAGCTCAACGGACTTGTAAAAGCAGTTAATTCCGTATTTCCTCGTCAGCTCTTCCACATCCTTTGCGTCAGGAAAGTAGACTTCTACCCTGACACCGTACCTATCCTCCACCTCCTGCATGAGCCTGTAGGTCTCCTCGTGTAGCCTGCCCGTATCCACAGCAAAGACTCTTACATCTGGGTTTATCCTCCAAGCCATGTCAAGGAGCACCATGTCCTCCACCTGCCCACTCCAGGCTATGTAGAGTCTTGGGTGGAAGTTCTCTATAGCCCAGGCTAAAAGTTCCTGTGCGGGTTTTTCTTCAAACTCCAGAGCAAGCTCATGGAGCTCAAGCTCATCAAAAGTGTGGGAACCTCCTGCAAGAGCGGGATAGAGCATAAGCTCATCTCCATCTTTCAGCGGTGTCTCAAGACCCTTCAAGAAGGATACATCCTCTTCGTTTAAAAAGACTTTTACGAAGGGCTTTAGCTCACCCCCTTCGTCAAAGAGTCTACCCTTAAAACCCTCAAACTCTTTTTCAAGGTGCTCAAGCGCTGTGCGCACCGTGTTGGCACTTACTTCAAGCTCGGAAAGACCACCGGAAAAGCGCGTAAGAGGTCCAAATATGCGGATCTTTACACTCCTTTTTACCTCCTCTTTTGCTTGAGTAGCTTTGCCTTCCATAATGCTCAGAAGCTCTTCATCACTCTTGGAGTTTACGAACTCATAAAATTCTTCAAGTTTAGAACTCCTAAAGGCTAAGATAAGCCTTTCCACATAAACCTTCACCCTCTCAAGAGGTACCTTCTTAGCCACTATCTTCCCTATGCTTGCTCTCCTTCCGTAGCCCCCTCTCAGTACGAGATTGTAAGTTGTTTCTACAGAGCCATCGGGATGCCTCAGGTGTGTTGCCTGAAGTCCTATGTCGTTAAGCCAGTGATGAGCGCAGGCGTGGGGACATCCATCAACACCTATACTCACTCCTTCAATCTTCCCGAGCTTTTCTTCAAGATAGTCCAAGAGTTCAAGGAGTGCCTCCTTTGCGGAACCGACCGAGTAGTTGCAGAAGGGGTCGCTGGTACAAGCAACGGATATGGCTCTTGTTTCCCCAACATCAAGCTTGAAGCCAAGCTCTTTTACCCTATCCCTCACTTCCCTAAGGTCTTCCTGTGATATGTTTACCAGGATTATGTTCTGCCTCTGCGATAGCCTGATGGACAGGTTAAACTCCTGAGCAAGCTCCGCAAGTGCCAACAGCTGACTTCCTCTCACTCTCCCAGCTGGTAGGGGAATACCCAAGTAGTAAAAGCCTTCCTGTTTTTGTCTTCCTACGCCTGTGTGAAAGTACCTCTTTACAGGCAAAGGCTCCTCATCAAGGGGTTGCGGTGTAAAATCCAATCTCTCCAAAATCATGCTCTTTATTTTCTCCACACCTAACCTGTCCACCATGTACTTGAACCTCGCCTTTACAAAGGACTTTCTGTTTTCTGGGTCGTCGCTCCAGAGGTCTACGACAGCTTTTGCCAGAGAGAGCACCCTTCCCTTTTCTACGAAGATACCCAGCTTCCTTGCTATCCTCGGTGTGGAGGACAATCCACCACCTATCCATACTGCAAAGCCTTCTTTACCCTCAAAGACAGTGCCTACAAAAGCCAGGTCGTGCATCTCAGGCATGTTGCAGTGATACGGGCATGCGGAAACAGTTATCTTGAACTTTCTCGGTAGATTGAAGTAGTCCCTATTTTCCGGATGGTGGAAGAAGCCTTCAAGCTTCTGCACGCACTCCCTCACATCAAAAAGCTCATCCTTTTCAAGTCCACACAGAGGACATGTAGTTATGTTTCTGACGGTGTCTCCGCAGGCACCGACCGGGAAAAGGTTCACACTCTTTAAAGACTCAAAGACATCAGGCAAGTGTTCAAGCCTTATGTAGTGGAGCTGTATATCCTGTCTTAAGGTTATTTCCGCATAATCTCCGAACCTACTGGAAAGCTCTCCCACGGCTCTTAACTGTTCTGGATTGAGTATGCCTCCAGGCACCTTAACCCTCAGCAGGAAGTAGCCCACCCTTGGCTTGTCGTGATAAAGCCCGTACCATTGAAGTCTCACCATATCTTCTTCGGGTGTATCTTCATAACCTCTATCTATTATCGTTGGCAGTTCCTCCAGAATGTCTAAGGGATGCTTTTCCGCCTTAAGTCTTTCTCTCGGATTCTTCTCCATAACTTCATCTCTCATAGCGCTACCTCCTGTCCAATACAGTGCAAACTAAGTGCCAAGAAAAAAAAGCAGATAAAAGGCCTGCAAACTGGTTATATCTTGATTTATATCATGTATATTTGGTAATCAATCTGTATATTTCTTAAACCATGGAAAGGCTTCTGTACACCAAAGACCCACACTTTAAACTTGAGGACTTTGAAAGGGTTGAAGAACTGCCAGAGGACATATCCAAATCCCTCGTGATTGTAGACATAGACAGCGTAGGACTCTCTTGTCTTCCGGACTTACTTGAAGGTGAAAACATACCTGTGGCTATCACAGGTAAGAGGATACCTGGCTACACCATAAAGCTTGTGAGTCTTGGCTTTTACCATGTGCTTTTTAAGCCAGTCAGCAGCAATAAACTGAAAGAGCTGCTGAGAAGTTTGGAAAGTTTAGAAAGAGAAAGGGATGTTATCTTACTTCCTGAGAAGGAAAATTTATCTGGTGAGCTGTGTAAAGAGCTTTGCTCCATAGTGGGAGACCCTGAGGGTAAGATGAGAGATGTGCTTTTAAAGATAGGAAAGGCTGCAGCCCTTGATGTGCCAGTATTACTGCTTGGTGAGACGGGCGTAGGTAAGGAGGTTTTTGCCAAAGCTCTGTGGAAGACTTCCAAAAGGTGGAACGGCCCCTTTGTGGCAGTTAACTGCGCGGCTATACCACCAGAACTGCTGGAGGCGGAGCTTTTTGGATACGAGAAGGGAGCTTTCACCGGAGCATTTTCCTCAAAGGAGGGGCTTATTGAATCAGCAAAAGGTGGTGTGCTGTTTCTTGATGAAATAGGGGACCTCCCTCTTCATATACAACCCAAGCTTTTGAGAGTCCTTCAGGAGAAGAAGTTAAGAAGGCTTGGGAGTACAAAGGAAGTTCACTGCGATTTTAGGCTTGTTTGCGCCACCAACAGGGATATAAAGAAGCTCGTAAAGGAAGGGCTATTTAGAGAAGACCTTTACTACCGGATAAGCGCTGTGGAAATACATATACCACCACTGAGGAGTAGGAAGGAAGACATTCCTTTGCTGATAAACTGTATGCTGAGGAACCTCTCCAAGGAAACAGGCAAGAGAATAAGGGGTTATACGGAAGGCTTTTTGAAAAAAGCCCTCACTTACACCTGGCCTGGCAATGTAAGGGAGCTTGAAAATGCCCTCAGGAGAGCCATAACCCT
CP076323.1_gap14	363028	364933	1905	GGCGCTCATATCAGACAAAGCCCGAGCCCACAAGCTTACCGAAACATCCTTTTCAAAGGAAGAGGTGCAGGACATAAACGGTGTAAAGAAGATAGTATTAAAGGCAGGTTATACTTCCAACAGTGTGGAAAGTATACTCAGATTTTTAAAGGACATAGAGGCAAGCGGTATTATGATAGAAAGCCTTTCTCTTGGTATTGACAATCCATCAAACCCTAGTGCATACTATGTAGAGTTGAGAGTGTATAAGCTATGGATGCAGAGGTAGGTAGGCACATAAATCACGAGTTTCTCAGCGCCAATGGTATAGCACCTCTGGAAGAGGGAGAGAACTTTGTAAAGTTTGCATGCCTTAAAGAAGATGCATACCTTAAAGAGCTTTTAGAGAGAGCTCTGGGCAAGAAGGTGATCTTTGAGTTGGTGGACCAAGAAAAACTCAAAAATCTCCTTGAGGACCCTATTAGCATAGGTTTAGAGCTGGAAGCTCTGTCTGAGGATGCTCTGGATGAGAAAAAACTTGAGAACATAGCAGAAGAAGCGCCAATAGTGAAGTTTGTCAACGACACCATAAAGGATGCCATAATGAGGTCTGCAACGGACATACACATAGAACAGTTTGAGAACCATGTAGTGGTCAGGTACAGAATAGATGGTATTCTCTACACAGTTAGGGAGTATCCCAAGTACATAGCACCCCCTGTTATATCAAGGATAAAGATACTCTCAAGACTCAACATAGCGGAAAAGAGACTGCCTCAGGACGGGAAGCTCTCTTACTCCCTAAACGGTCAGGATTATGACATAAGGGTGTCCACAGTTCCTTCTGTTCACGGTGAGGGTGTGGTGCTTAGAATACTAAAGAGGGGAGAGATTAACCTGAGTCTTCACACTCTGGGATTTAGAGAGCAGGATGTGGATGCTCTTCTATCTTTCATAAGGAAGCCCTACGGTATGATACTGGTTACGGGACCTACCGGCTCTGGTAAAACTACCACCTTGTATGCCTGCATGAAGGAGATAAACACGGGCCAGAAAAAGATAATAACTGTTGAAGACCCTGTAGAGTACAATTTAAGGGGTGTTGTGCAGATTCAGGTGATGCCCAAGATAGGACTTACCTTTGCCAATGCTCTAAGAAACATACTCAGACAAGACCCGGATGTGATCATGATAGGAGAGATAAGGGACCTGGAGACTGCCAGCATAGCGGTTCAGGCATCACTCACGGGACACCTGGTGCTTGCAACTCTTCATACCAACGATGCTGCAAGTGCTTTTACAAGACTCATAGATATGGGCGTTGAGGAATTCCTCTTAGCCTCCGCAGTGGTAGGCGTAATATCCCAAAGGCTTGTAAGGAAAGTATGTCCTAACTGCATTTACGAATACAAACCCACAACTTTTGAGGAAGAGGTGCTAAAGATGAATGGTATAGAAAGACCACAAAAGCTATACAGGGGGAAAGGGTGCGAGCGATGCAACAACACGGGATACTCTGGAAGGACGGTGATAGGTGAGGTGTTAAAAGTCACGGAAGATATAAGGAGTCTTGTGGTGAAAAAGTCCGATGCTGGAAAGATAAAAGAACAGGCTATAAAGGATGGTATGGTGCCTCTTCTCAAAGACGGACTTTTGAAGGCTGTGGAAGGCATAACAACCGTAGAGGAGATACTCAGAGTTTACAGAGACTGAGGGAGCCAACGCTCCCCCGCAGTTTATCTTCTCATAAACCTCCTCATCAGGAGAGCGATGGGTAATGACAGCCATGCCATCAGTGTTGAGAAATTACCGTAGCTAACGCTGCATCCTCCACCTCCACCGGAGCCAACCGAGGGTAGCGATGGCGGTGTTGTGGGAGGGTTAGAAACTGCCACCTGCGCGGTCATAGGAACGCTTACAGCCTGA
CP076323.1_gap15	366785	368481	1696	GCTCCATATGACCCTGTAGCTGTCAAAGTACACGGGTGATGGGTTAGGTGTGACTGGCTGACCTGCGACATTTTTAATGGTCTCGCTCTTTATTTTTATGTTAATGGCATCATCCTGAAAGGTGAGCTGGCATCTCTGACCGGCGTCCCCCACAAACACCACCGTGTCGCTGTTTACCTTGGCAGGCACTAGACTGGTTATCCCCACCAGTACAGTGTCGTAGCTTCCGTATATACCCGAGCCACTTCCCCCACCGCATGAAAAGACCGCAGAGCTTAGCATACAAAGAAGGGCTAACTTTTTCATTCTCCTCCTCCTTGTGTTCTAATTATATAATAGTAAGTCCATGAAAAGCAAACTAAACATCACCATCGCGCAGATGGATACTGCCGTAGGAGATGTGGAGGGCAACGCAGTAAAAATACTCAAGATTTGGGAAGAATACCATCGGGTATCTCATTTAATCGTGTTTCCCGAGCTGGCTCTGTCTGGCTATCCTCCGGGTGATCTGCTCTTGAGGATGGATTTTATCAAAGAGTGCCAAAGATGGCTTGAGCTTATAAGAGATGCTTCTGCCAAGTTTGAGGCAATAGCTCTAATAGGCACGCCTTTTTACGAAGGTGACCTTTACAACTCCGCACTCCTTGTAGGAGGAGGTAAATTACTTGCCTGTTATCACAAGCACTTCTTACCCAATTATTCCGTCTTTGATGAGAAGAGGTACTTCAGAAAAGGTACATACGGCACTATGGTAGAGCTGGGTGAGGTAAAGATAGGTATATCCGTATGTGAAGACTTATGGCATCCCGATGGTTTAGAAAGGACATATGCTATTATGGGCGCACATGTACTTATAAACATAAACGCATCTCCTTATTACTTTGGTAAGTATGAGTTTAAAGAGGCTTTTTTGAAGGCAAGGGCAGAAGATAATCTGTGCTATGTGGTCTATGTAAATGCCGTAGGTGGGCAGGATGAGCTTGTCTTTGATGGTAGGAGCTTGGTAATAGACCCAGACGGACACATCTGTGCTCGGGCAAAGGCTTTTGAGGAGGATGTGCTGACAGTCAGTTTAGATGTTGAAAAAGTAAAAAGAAGAAGGCTCTTAGACACAAGGCTCAGAGAAGGTAAAGAAAAGTATCATGTGATTTCTTGCGGTGCCGGCACATACAGAGAGTTGGAAGCACTCCCTCCAAGAGTAGAAAGAAATCCAAAAGACGAAGAAGAAATTTATACAGCTCTAAAGACTGGGCTTGAAGCTTATGTAAAGAAGAATAACTTCAGTAAGGTGGTTTTGGGACTTTCCGGTGGTATAGATTCTTCGCTGGTGGCCTGTCTGGCGGTAGATGCGCTGGGAAGCGACAGGGTTGTGGGGGTTTTTATGCCTTCTGAGTTTACATCTCAAGAGAGCAAGGAGGATGCCATAACTCTTGCAAAGAACTTAGGTATAGAGCTTTATCAGTTTCCCATTGATGTTATCTTTAGGAGCTTCAGAGATACTCTTGGCTCTACTGACTTTGGCGTAGCGGATGAAAACCTTCAGGCGCGCATAAGGGCAAACATCCTCTTTTACCTATCCAACAGATATGGATGGCTTGTGCTTTCTACCTCCAATAAAAGCGAGGCATCTGTGGGATACACCACCATTTACGGGGATATGGCCGGCGGTTTTGCGCCTTTGAAGGATATTTATAAG
CP076323.1_gap16	374711	376338	1627	AGCACAGGTTTTTTAACCTTTGCTTTTACACTTTCTACAAGTCTTCCCAAAACCACAGCATCGTGTCCAAAAAGCATACCACCCTTCTTTACATTGGGACAAGAGACATTTAGCTCATAAGCCACTATCTTACGAGCATCCTCTAAAGCCATGCAGACTTCCACATACTCCTCCTCCGTCTCGCCAAAGATGTTGGCTATAAAGTGTGTGTTTAGCTTTTCTATATGCGGATATATCTTTTTCAAAAAGCCTTCCACTCCCGGATTTTGAAGACCTATGGAGTTGAGCATACCGCAGGGAGTTTCTGCTATGCGCTCTGGAGGATTGCCCTCTCTTGGCTTTAAAGAGATGCCTTTGGTCACCACCGCCCCCAACAAAGAAACATCGTAAATCTCCCTCGCCTCCAGCCCATAACCAAAAGTTCCACTTGCTACCCAGACGGGGTTTTTGAAGGTTATACCAAAGAGAGTTATAGACAGGTCGCAGGAGTCTGTTTTAACTTCACCAAACATGCTACCTTAAAATATTTTAGTATTTTAGAATAGCTAGGGTGGGAAATAAAGCATATATGCATCATTTCTGTTATAATAATTATATGTATTTGCAATTAATTAACAATTAGGAGGTAGAAGCATGAAGAGAGCTTTAGCTGTTGTAGCTGTGGCGGTTGGAAGTGTGGTCCTCGTAGGAGCGAGCAAGTCAAGCAAGCCAGAAGACCTAAAGCTTTTAGAAGAGGCAAGGAAATACTTCCAGCCATTGCCTAAGGTAGCCGAAAGTAAGGAGAATCCCATAACACCTGAAAAGGTTGAGCTTGGGAAAATGCTGTATTACGAGCCTAGGCTTTCAAAAAGCGGACTGATAAGCTGTAATACTTGCCATAACCTTGCTACTTACGGTGTAGACAACCTACCTACATCAGTTGGCCACAGATGGCAGGTAGGTCCAAGGAATGCCCCCACAACGCTGAATGCAGCTCTTCATACATCTCAGTTTTGGGATGGTAGAGCTAAGGATGTTGAAGAGCAAGCCAAAGGTCCTATTCTGAATCCCATTGAAATGGCTATGGATTCACCAGATGAGGTAATAAAGCGGCTCAAGTCCATTCCCGAATATGTAAGATTGTTCAATAAGGCTTTTCCCAATGAAAAGGAGCCTATTACTTATGACAATGTGGCTAAAGCGATATCTGCATTTGAAAGAACTCTTATCACTCCATCCAGGTTTGACAAATTTCTGCAGGGAGATCTAAATGCGCTTACAAAGGAGGAAAAGGATGGGCTTAAGATTTTCATGGAGGTTGGGTGTGCAAGTTGCCATAATGGGCCTGCTCTTGGCGGAAACATGTTAGTAAAGTTTGGTATAGTTGAAGCTTACTGGAATGCAACGAAGGATTATGTGACGCTTGACAAACCCACTATGCCAATGGATGTTGGAAGGTTTGCTGTCACACACAAAGAAGAGGATCTATATGTTTTTAAAGTTCCCTCTTTAAGGAATGTTTCCAGGACATACCCTTACTTCCACGATGGGTCTGTATGGAATCTTGGCGATGCGGTTCAGGTTATGGCAAAGGTTCAACTTGGAAAAGAACTAACGAAGGATCAAGTCAATAAAATAGTTGCTTTCC
CP076323.1_gap17	377592	381180	3588	TGTGCATCTGCCATCAAAGCGGGAAAGGCTATTTCCAAGGAGGAGGCTAAGGAGCTGGTAAAGGCTTGGATGAGCCTTGAAAATAGGGAGGTTTGCCCTCACGGAAGGCCTATGTATTACAGGCTTTATCTTGGTGATATTTATAAGAGCTTGGACAGGAGGAGATAATGCTTGCCAAAAGGATAATACCTTGCCTTGATGTGGCTAAGGGAAGAGTTGTAAAGGGGGTAAGGTTTGAAAACCTGGTGGATGCTGGAGATCCTGTAGAGGTGGCTAAAGCATACGAAGAGCAAGGAGCGGACGAGCTTGTCTTTCTTGACATAAGCGCATCATACGAAGGCAGAAGTATTATGATAGATGTGGTAAGGCGTGTGGCGGAGCAGGTTTTTATGCCCTTTACCGTAGGAGGTGGCATAAGAGACATAGAGGATATAAGAGCCCTTCTTCTGGCTGGTGCTGATAAAGTATCTATAAACACGGCTGCAGTTAAGAACCCAGGTCTCATAAGGGAGTCGGCTATAAGATTTGGGTCTCAGTGCATAGTGGTTGCTATAGATGCTAAGCAAAAATACGGTGGCTGGGAGGTTTACATTAATGGTGGTAGAACTCCCACAGGTTTGGACGCAGTAGAGTGGGCTAAAAAGGTAGCATCTCTTGGAGCTGGTGAGATACTTCTCACTTCCATAGATGCGGATGGCACAAAAAGCGGATACGATGTAGAGCTTACGCGGGCGGTTGCAGAAAGCGTAAACATCCCCGTTATAGCATCCGGGGGTGCAGGCACCTTTGAACACTTTTACAGTGTCTTTACAGATGGAAAGGCGGATGCTGCTCTTGCCGCTTCACTCTTTCACTTCAAAGAAATAAGCATACACGAGCTAAAGGAGTACCTCCACAGTAAGGGTATACCGGTAAGAAGAGTCACTTCCACACAAGAGGTGCTATAAGGGCTGTAAACACCAAGTTAACAAAAGTAAGAGGTAGCATCACTTTCCATGCTGTGGAGGTGATCTGGTCTATTCTGTATCTTGGAAGTGTCCAGTGAAGCCACAGCACGAAAAGAAACAAAAGTCCAACCTTTAATATAAACCACACGAAGGGAGAGAGCGGTCCCAAGAAGAACAGGGGATCAAAAAAGCCTACGAAAGGTATGTTTATAGGAGACCAGCCACCCAAGAAGAGAATAACACCAATGGCAGACAAAGACAGCGTTTCTACATACCACTCCACCAAGGGGAAAAGTCCAAATTTCATACCCCCGTACTCTACAGTAAAACCAGTCACAAGTTCTGCTTCAGCTTCTTGTATATCAAACGGGACTCTGCCCGTTTCTGCCAGCATGGCAAACATGTAAACCACAAAGGCTACAGGCTGAAGCCATATGTACCAGAGCTTTTGATCTATCTGGCTTTGGACTATGGAGTAGGTGGAGAGGCTCTGAGCCAGTATGATGGGGCCCATGGCGGCGAAGGTTATTACCACCTCATAAGATATGACTATACCCGCTTTTCTCATGGAGCCTATAAGAGCGTACTTGGAGTTAGAAGCCCATCCTGCGAGAGCTATGGCATAAACCGCCAGAGAACCCAGAGCAAAAAAGAGCAAAAGACCCACATTCACATCTGTGAGTATAGGCTTTACCCGAATGCCCAAAACTTCAAACTCTGGACCAAAGGGAACAACAGCAAACACCAAAGAGGCAGGCACCAAAGCCATAACTATGGCAAGGTTGTAGAGGAACTTGTTGCCGTACCTTGGAAAGAGATCCTCCTTTGTGAGGAGTTTAAGACCATCTGCCAGAGGTTGCAAAAGCCCATGCCAGCCTACCACCATAGGCCCGGGTCTTCTCTGGATGTGAGCCGCCACCTTTCTTTCCACCAGCGTCAGGTAAGCACCAAGCCCCAGCACTATGGCAAGGAGAACAAGTATTTTTATACCTACGATTATCAAACTTGCCACTATGTTTTCCATAAGCACCTCCTCACCTGTCTATCTCTCCCACTACCGGGTCAAGACTGGCAAGTATGGCAACCGCATCCGCTATCACCCTATCCTGCATAAGCTTGGGATAGATACAGAGGTTGTACATGCTACCCGGCTTTATCTTCACCCTGTAGGGTTTTACACCCCCCGTTGAGTATATGTAAAAGCCCAGCTCACCCCTTGGGTTTTCTCCCGAGGAGTATATTTCACCTTCTGGCACCTTAAGACCTATCCCATCTAAGGAAAGCTTTATCTTCTTGGGGTCCGGAGATTCTGCAAAGTAAGGAGCGGAAGGGGGAAGCTTTTCAAGGAAGGCTACGCACTGCTCTATGATTCTGACGCTCTGCCTCATCTCCTCAAGCCTTACCAGGTATCTATCGTAAACATCTCCATTTTCACCCACAGGAATGTCAAACTCCACAAAAGGATAAGCATCATAAGGCTCCAGCTTTCTCATATCGTAAGCCACTCCTGAACCTCTTGCCACAGGACCCGTAAGTCCGTAAAAGTAAACATCTTCCTTGTTTATGACCCCCACTCCCACATTCCTTCTGAGCCATATTCTGTTTCTGGTGAGTATATTCTCCCAGTCTCTGAGCTCTTTGGGAAATCTCTTTATAAAGGCTTTTATGACTTCTAGTGCCCCTTCTGGTAGGTCCATCCTCACTCCTCCCACTCTTGGGTAGCTTATGGTTAACCTCGCTCCTGTTATGCCTTCTATGATGTCCATAATCTTCTCTCTCTCTTTAAAGGCATAAAGGAAGATGGTTAAAGCTCCCAAGTCCAGTGCGTAGGTGCCAAGCCAAAGAAGGTGGGAGTTTATCCTCTGAAGCTCGGACATCATAGTCCTTATGTACTTGGCTTTTTCAGGCACTATGTCTTCTATACCCAAAAGTCTCTCTACCGCCACCACCCAAGCCTGATTGGAACAAAGAGCGGATATATAGTCCATTCTGTCTGTATAGACCAAAAACTGGTTGTACATCTGGCTCTCCGCCAGCTTTTCCACGCCTCTGTGTAGCTGACCCAGTATCACATCGCACTGGACAACCCTCTCACCCTCCAGGTCAAACAGAAACCACATGGTGCCGTGAGTGCCAGGATGCAAAGGTCCCCAGTTTAAAACTATCTGTGCCTTCTTTTTTAGCCTTTTCTTTTCGGTTATCTCAAGGTCCTCAAGTGTTGGCACAGCTGTGTGCATTCTGTCATAGTTCATAGTTCCCGTAAGCTCGTCACCTCTTAGCACCTCGTTGAGAGAAGGTAGATATGTATTGGCATAGCCTTCCAAGGGAAAGTCCTTTCTTAAAGGATGGTATGGATAGGTTTCCCACATGAAGGCTCTCACAAGGTTTTCATGTCCTTCGTAGCGTATGCCAAACATATCGTAGCACTCTCTTTCTGCCCACTTGCCGGCAAACCAAAGCTTTTCTATGGAGGGGAGAGTACCGTCCGTCCATGTTTTGACCACTACCCTTTTTCTCTCATCCACGTTGTAGAATATGTAAAAAGCTTGGAACCTGGGCTTTTTGTCTGGAAAGTCTATAACCGAGTGGTCCACAAAAAGCTTAAAACCAAGCTGGTCTTTCAAAACCTTTAGCAGATCTA
CP076323.1_gap18	546345	549631	3286	CATATCCTTTGATTATGAAAGAGATACGCCGGAAGTAATTAGAGAGTATAGCAGGTCCTTGTACACAACCCCTAACTGGGTTTTTTTAACAACTGAAGGTGGCAGAGAGTTGGAAGGACTCCTTTCTGATTTTGGTCAAAGAGTACAAAAACTGTACGATGAAAAAGGAAACTGGCTTGGGTTTAGGCACACTCTCAAGGTTTATCTTGTTGACAAAAAGAACTGCATAAGAAACATTTACAGTATAGGTATGCTTTACCACAAGCTTGTTCTAAATGACATCAGAACCCTCCTCCTTGAGGAAGTCAAGTGAACATATTGCACATATAGCGTAAGCATACAGATATTACCAGAAGTGTTATGCTCTTTCTTCAGCCGTTTATTTTGCTAAGAGGATCTGACAAATGCGAATTTCTCACCCGGTGTGTATAGGAGTTATAATTAATTCTATGAGCGTAAGAGTGGGTATAAACGGCTTTGGTAGGATAGGAAGGTCCTTTCTGAGAGCGTGTTACGGAAGAGAAGATATACAGATAGTGGCTGTTAACGACCTTACAGATACGAAAACCTTAGCTCATCTTTTGAAGTACGACTCAGTGCACGGTCCTTTTTTGGGACATGTAAGCGCAGATGACGATAACATATATGTTGATGGTAACAAGATAAAGGTTTTCTCTCAGAGGGATCCTTCCCAGATACCTTGGGGAGATGTGGGTGTGGACATAGTGGTAGAATCAACAGGGATGTTCACGAGTAGAGACAAAGCACAGCTTCACCTAAGAGATACTGTAAAAAAAATCATCATATCCGCACCAGCCAAAGACCCAGATATAACTATTGTATTGGGAGTAAATGAGGAAGCATACGACCCAGAGCACCACAGGATCATATCCAATGCATCCTGCACCACCAACTGCCTCGCACCTACTCTGAAGGTGCTTCAGAAAAACTTTGGAGTAAAGTACGGCTACATGGTAACGGTTCACGCCTACACCAACGACCAGAGAGTGTTGGACCTGCCTCATAAAGACCTAAGAAGAGCAAGAGCTGCGGCAATGAACATAATACCAACCACAACAGGTGCAGCTAAAGCTATAGGCGATGTGATCCCAGAGCTTAAGGGTAAGCTTGACGGCACTGCAAGGAGAGTACCAGTTCCTGATGGGTCCCTTATAGACCTCACAGTAATAGTAGAGAAAAAACCTTCGGATGCTAAAGAGGTAAACCTTGCTTTCAAAGAAGCTTCGGAAAACGAATTAAAGGACATACTTCAGTATACGGAAGAACCCATAGTTTCTCAGGATATAATAGGAAATCCTCATTCGGCTATATTTGATGCCAGCCTTACCCACGTTATAGAAGACATGGTACATGTAGTTGCTTGGTATGACAATGAATGGGGATATTCGTGCAGACTTAGGGATCTTGTAGCTTATATCTGGCAGAGGGAGGAGGTACTAAAGACTTAAACTCGGGGTGTAGCTCAGGTGGCAGAGCGCTGGCTTTGGGAGCCAGAAGTCGCAGGTTCGAGTCCTGCCACCCCGATGATACTATAAGGAAAAAAAAAATAACCTTCAAAAAACAGGCGATGCTTTGCGGTTTCAGTTCATTAGAGGTTGGAAATGCAAAAGCTTTGTATTTCTTTAATCTTTTAATCATAGAAAATCGGGGTGACGGGACTTGAACCCGTGACCTCTGGCCCCCCATGCCAGCGCGCTTCCACCTGCGCCACACCCCGTTAGCTAAATTTTACATCTTTTGGCAAGCAGGTTCAACTTGGTGGTGAGTTTTTTGCTTGGTTTAAGCTGGATGGTACGCTTAGAAAGTATCACTCTTGTCTCACCAGTCCTTGGGTTTCTACCCCTCCTGCCCTTTGTATGCCTTACTCTGAAGGTGCCAAACCCCGAAAGCTTCACCTCTTGACCTTTCACAAGAGCCTGATTTATTTGGTCAAAGATATAATTAACTATACTGTATAGTGTTTTTTTTGAGAGACCACTATTGCCATCTTTCCAAAGATCATCAACTATGCTTTTTCTTGTCATCTCACAGTTTCATCTTTTTCTTGAGTATGTCACCCAAGGTGAAGCCGCTCTCGGAGCTCGTACTGATGACCTCCTCCTTTTTTTCCTCCTTCTCCTCCTTCATGCTTAGCGTTATTCTCCCTTCCTCTGGAGCTATCTCAAGTATTTTTACCTCTACCTGCATACCCTCTTTTAGGTCGGTGCCTTTTGGTATCTCAGATAGGGGTAGAAGACCGTCTACACCTTCCGGAAACTCAAGAAAGACACCAAAGGGATGGGATGATTTAACTTTTAGCGTTATCTTTTGACCAACTGTATAGTTTTTGGTTATAAGTTCCCAAGGATTGGGCATAAGTTGCTTCAATCCTAACTTTATGAATTTTCCTTCTAAGGCAAGAACAGCAAATTCTCGCTCCTGACCTTCCTTTAACACTTCCTCCACTCTCCCAGGTTTTACCCACGAGAGATCACTTCTGTGCACTATGCCCTTTACACCATTACCCAGGTCCACCAGAGCTTTTGCCCCCTCTATGCGTTCTACCCTACCCATTACCTTGCTACCTGCAGGATGATCTTTGAAGAACTCTTCCCAAGGTTTTGGCAATGCCCTCTTTACGCTTAAGATGAGCCTTCTCCTTGATGGCTCAAACTCAAGCACCTTGACTTTTACCTCAGACCCTTTTCTGTAGCTTACACTTCCGTCGTAAGATATCTCTTCCTTAGGTACAAAGCCTTCTACACCTTCCTGCAGTTCCACCAGCATGCCTTTGTCCAAGACCTCCACAACCTTGGCAGAGAGCGTATCTCCTTTGTTTATCTTGTCCCCTATCTTATCCCAGGGGTTTTCCTTCATCTCTCTTAGGCTTACGAATATGAACTCTCCGTCTTTGGGTATGCGTTTTACCTTTACTCTGAGTTTTTCGTCTATTTCTGCGTAGTTGTAAGGGTTTTTATCCCTACCCCAAGAAAGCTCCTCTTTGGGAAGAAAGGCACGCAGAACCCCTTGAACAAGCAGTGTTATGCCCTTCTCGGGGTCTATTTTTATCACTCTACCTTCTACCACTTCACCCACTTTGAGCTTTGCTATCAATCTCTCTTTTTTCCTTTTCTCCTGCTGTGCCAGATAAGCTCGCTGGGATACTTTCAGCTTTATACCTTCTTTCGTGCTCTGAAAATCCGTTATCTTTACCACCACCTTTGAGCCTTCTCTGAGCTTTCTACCTGCTTCACTCAGAGGCATAAAGGCAGTGATGCCATTGATG
CP076323.1_gap19	718071	721993	3922	GTAAAACTCTGTCAGGAGCCTAAACTCTTATCCAACTGGCTTTTGAACGACCTTCTTGGACTTTTAAACGAAACAGGCAAAAGCATAGAGGAGTCTTTGGTAAGTCCCTCACACCTTGCAAAGCTTATAAACTTTATAAAAGATGGAACTCTGTCTTCAAAACTTGCAAAAGAAGTTCTAAAGCTCATGGTGGAGACAGGGAAAGACCCTGAGATTATAGTAGAAGAGAAGGGACTAAGGCAATTGAGCGACGAAGAGAGCATAAAGAGACTGGTAGAAGAGGTGATCAAAAACCATTCCAAAGAGGTAGAAAGGTATTCAAAAGGTGAGGAAAAAGTCTTTGGTTTCTTAGTAGGACAGGTGATGAAGGCAGCCGGAGGTAAGGCAAATCCACAGGTGGTAAACAAAGTTCTCAGAGAGCTTCTAAAAGTCTTCGCAACTAATTTCAAAAATTCTTGACGCATACTCCCTCATGTGGTAAATTATGAACCATGAAGTTATCAGAGTAGGCAAATGCCCTTCAGAGCAATTGAAGTAAAACACTTTGCAAACAAAGGGAAAGTTCAGAAGATAAAGGCTCTCTTTCCTCATGTGAGAAAAACCGCAAGAAAAATAGCCAGCTATCAGTGGCATGTCTTCTTCAAAAAAGGTTCCTTCAGCAGAAAAGCCAACATAAAACATATAAAAAGCACGCTCTCCGAAAGATACAAATACACAATTCAGTATCACATAGTAGTCCCAGTCCTTGAGAGTTTTCTCTCTAATGTCCAGAACAGGTTTGAAGAGATAGTCTTAAATTCCAGCCTTCCAGAGAAGACAAAGAAGGTTCTCCTGTATCTTTGCTCAAGGAAGGAGTTCCTTCACAGAAAAAGCAACAGAGCTGTATGGATTAAGGTCAAAGATGGGGAAGTTCTAAAAGAAGAGCTTGAAATAACTGAAGAGGAAAGACACCTTGCCAAAAAGATTTTCAAACACATTCTCAAAAGATGGAATAGACCACGCTTCAGCAAAGTTCAGCTTGTGCTTGACGCAAAGTGCGGAAAGATAGAAAAGTCAAGAACAGATACCTTTGACTATTGGATAAGGGTTTCCACCCTTGAGAAGGGAAACCCTGTTTATGTTCCTGTCTCTCTCCATGAGTATTTTGAAAAGAGGGAAGGCAGTCTCACTCAGGTGGTTCAGATAACAGAAGAAGGAGAAGGAATAAAGGTCAGGCTTGTCAAAGATGTTTTTCAAAGAGAATACGAAGGGAAAGGCGCTATCGCTCTTGACTTTGGGATGAACATACTTTTTGCAACAGACGGAGGAGACCTGATGGGGAGGGAGTTCTACAGGAGAGTAGAGGAGTATGCAAAGAAGATAGATGAGCTTGAAAGAAATTTAAAAAGACAAGGGATAAAACCCTCAAAAAGCAGGAGATACAGGAGACTTCAGGAAAGACTGAGGGCTTATGTAAAGAATGAGGTCAGGAGAGTTTTAAACAGGATTGTAGAACTTTACAAACCAGAGACGATAGTGGTGGAAAACCTGAGAGGGTTTTTAAAGGAGGTGATAAACAGGTTTTCCAAGAGTGTAAAGAGAGTTCTTATGAGGTTTGGACTTGGAGAACTAAGGAGGAAGTTAAAGGAGCTTGAGGAGGATTATGGGGTAGAAGTGGTGGAGGTCAACCCTGCCTACAGTTCGCAGGCATGTTCTTGCTGTGGTTATGTGGACAAAGAAAACAGGAAGACAAGAGAGGGGTTTGAGTGCAAGGTGTGTGGCAGGAAGCTCCACGCAGATGTGAACGGCTCTTTAAACCTCAGGGAGCGTTTCCTTGAGGGATGGGGTCGTTCACACTGCGAGAAGGAGCAAGCCCTCAGAAGGCAGGTAGAGAAGTTTTTAGAAAACCTGTTTTCTGAGCGGTATAAGTGCCTTTGGAGTAAGGCACGGGGCTTACTCACTCAGAACCCATACTTTCTAAAAGTTCTAGGTGATAGCCCCAAACCCGAGGTATGGACATCTGTCTATTTAAGAGATACTTGTCCATGCTGAGGGATACTCTATACAGTTTGAGCCTTCCTATTTCCTCTTAGTAAAAACATCAGCACAGGTGAGAGGACTATCATGAACAATGAAACCACCTGATTCCATGTAAGACCCAAGCCCGGAATGGGAGGCGTAACACCTCTGTAAAACTCAAGAAAGAACCTCAAAAGCCCATAAAGGAGCATGTACAGCGAGAAGACAAACCCATCAAACGGCTTTTTTCTGTAGGCAGAGAGCAGAACCACAAAGATAAGGACCAGTCCAGCAAACTCCATCAGCTGTGTGGGATAAAGTGGAGTGTAGGGTGGTGCCACCGCGCCCTCTGGAAACACTATGTAAAAGAAAGGAAACCTGTTAGAGAGGTGTATGCCGGGTGTGGAAACACCTTGCACAGGGAAAAGCTGACCATAGCAACATCCTGCGGAAGTGCATCCGAGCCTTCCTACTGCGTGTGCTATCGTCAGAGAAAGCACAGCTATGTCAGACACCTTCCACACAGGGAGCTTATACCACATTATGGCTAAAATGGCTCCCAAAACACCTCCCAAAAGCCCTCCAAAAAAGTCCATACCACCGTTCCATATGGCAAATGCATCTATAAAATTCCTCATCTGCTCGGGATGCTCTATCACATAGGCAAGCCTTCCGCCGATCACTCCAAGAAGCAAAGCCAGGAGCAGTGCATTCTCTATGTGGGATGTGTTTAAACCTTCCCTCTTTGCAAATCTGAGACTCAGAAAGTATGCTATAAGCGCACCTGTTGCAACAAGCACGCCATAGGTGTATATCTTGATACCAAAAAGGTCAACCAGCACAGGAAACATAACTTTCTACCTCCGTAGAAACATTTTTACCCATAGCCGAACATCAGGTCAAGTATGCCCGCCTCTATCTGCACCTCCCAGCGCTTGAAGCTCTCGTCTTTGTTAAGAACCGTAAGGTAGCCTTCCCTCTCAAGGTAAAGGATGAGCTTGGCAAGGTTAGAAAGCCCGCATATTTTAGCACTCTGAAGGTCCTCTATCTTTATACGAGGTTGAGGTACTTCCGCTTCCTTGTAAATCCTCAGAAGTTCATCCTTGAGATGATAGTATAGGCTGTCAAAGTCGCACACTCAAAACCTCCTTCACCACATCTGAGTCCTTAAAAGGGTATTTAACACCTTTTATCTCCTGATAGTCCTCGTGTCCTTTACCTGCAATGAGAACTGTATCACCTTCCTCTGCAAGGCCTATAGCCATCTTTATGGCTTTTTTCCTGTCTTCCTCTACAAGCACCTTGGAAGTGTCTTTTACTCCTTGAAGTATATCCCTTATTATGTCCATGGGGTCCTCGTCTCTGGGATTGTCGGATGTGATGACCAGAAGGTCTGACCACTTTTCTGCAACACTTCCCATGATGGGTCTTTTTGTTCTGTCTCTGTTGCCCCCCGCACCAAAGAGGGTTATAACCTTTCCCTTAGAGAGCTTTCTTATACTTTTTAGCACATTTTCAAGAGCGTCAGGCGTGTGTGCATAATCCACAATAACTAAAAACCCATCTCCCCTGTATGTTTCAAATCTTCCCGGCACATAAACCTTTTTTAGACCTTCCTCAATGGCTTGCACCTCCACTCCCAAAAGCATGCAACACAAAATACCAAGTGCCAGATTGTATGCCTGAAAGTCTCCAACTAAGTTAGAGTAAAATTTGTAAATTTTTCCCTCATATTCTACTCTCAGCTTTGACCCTTCAAAGCCGGTGTCAAAATCCAGAATCTTAAAATCCCCTTCCCTTCCATAAGTTATAGCTCTGCCTTTGAGCTCCCTTACTATCCTCTTTCCATACTCATCGTCAGAATTTACAACTGCATACTTGTAAGTGTACTCTTTGAAGAGTCTTAGCTTTGCTTTAAAGTATT
CP076323.1_gap20	839147	843564	4417	TGCTGCAAAACCGCTCTTTAGAAAACTCTTTAAAGTGAAGGTTCATGGGCTTGAAAACCTTCCAGAAGGTGGCTACATAGTGGCTTCTAACCACAGAAGCCATCTTGACCCGCCCGTTTTAAACTCAGTATTCCCTAAGCATCTTACCTTTATAGCCAAGGAGGAACTTTTTAAGGTACCCCTATTGGGTGCTTTGCTTCCTCACATGGGAGCTATACCCATAAGGAGGGGTGCAGGAGATATAGAAACTCTTGAGCTTTCCCTGGAACTTCTTCACAGAGGATGCAGGCTGTGCATATTCCCAGAGGGAACAAGGGCAAACCCCGGAGAGTTTTTAAAGCCAAAGCTTGGAGTAGGACTGTTGGCTATAAAAAGCGCAAAACCTGTTGTGCCGGTTTACATAGAAGGCACAGATGCTGTCCTTCCCAGAGGCAAAAACTTTCCATCACTCGGACACCCCATACATGTCCACATAGGAAAACCCAAAAGATATGACTTTTTGGAAGATAACCCAAAAGGCTACAGAACCGCCTCCAACTTGATAATGGAGGAGATAAAAAAGTTAAGCTTCAAATCTTAGTAGTGTGCTATACTTATAAAGCCTTATGCCAGAAGGTTTTTCTTTTGAAATTCTTGCTTCTGATGGTAATGCAAGGGTAGGAAGGCTCATAACTCCGCACGGCGTTATAGAAACTCCTGTCTTTATGCCTGTGGGAACTCAGGGAACTGTTAAGGCTATGATACATAGACTTTTAGAAGAAATAGGTGTGCAGGTGATCCTTTCTAACACCTACCACCTTTACCTTAGGCCAGGTGTGGAGGTCATAGAGCTGGCCGGGGGGCTTCACTCTTTTATAGGGTGGCAAAAACCCATTCTGACGGATAGCGGAGGCTTTCAGGTTTTTTCTCTTTCAAGGAGAAGAACAAAGGATAACAGGTCGGGGGTAAGGGTGTTGGAGGAAGGTGTGGAGTTTAGGGATCATCTCTCTGGCTCTCTTCACTTTTTCACACCAGAAAAGGTAATAGATATGCAGGAGGTTTTTGGTTCTGACTTTATTATGCCTCTTGATGAGTGTGTGGAGTACCCTACCACTTACGCCTACGCTCAGGCATCCGTTGAGAGAACTCTGCGGTGGCTTGACAGAAGTATAAAGCACAAAAAGAGAGAGGATCAGGCTCTGTTTGGTATAGTCCAAGGCGCTTTCTTTGAGGAGCTAAGAAGATATTCCGCCATGGCAACCGTTGAGAGAGAACTTTTTGGTTATGCCATAGGTGGGCTTTCGGTAGGTGAGCCAAAGGAAATTATGTATAGTATGGTGGAAGTAGTGTGTGAGTATTTGCCATGGCAGAAGCCCAGGTATCTCATGGGTGTAGGCATGCCAGAGGATCTGATAGAATGCGTAGCAAGAGGTATAGACATGTTTGATTGTGTGGCACCCACAAGGATGGCAAGAACTGGCACACTATTTACCTCTCAGGGAAAGATAAACATAACCAACGAAATCTATAAAAAAGACTTCTCTAAAGTGGACCAAAAGTGTAACTGTTATACTTGCAGAAACTTTACAAAAGCTTACCTGAGACACCTCTACAAAGCGGATGAAATATCAGCTTACATACTTGGCACAATACACAATCTTAGCTTTTATCACAAACTAATGGAAGACATCAAAGCAGCCATAAAGGAAGGCAGGTTCAGCGTGTTTAAAAAATCCCAAAGCGTTGATTAACAACACTTTGGACGCCCGCCCATGCTGACAGCGAGCTAACCTGACTTGCCACTCCCTTCCAATCCTTTGAGATAACTACTCGCCTCAAAAGAGAGAAGTCTCTTATGAAGAGCTTCCCAAGAAGAGAGATGACAAGGGCTACCTTAAGAACTTGCCAGAGATGGTAATGAGTGCCAAAGCTTGTTCCTTCCAGAGGCTCTAACACTCTCTCTGGCTCACTCTTAAGGCTTTGACTTATCAAAATGCTCCACTTCCTTATGCTTAATAGCTCTCTTTTTATGGCTTTTCTTTTATACTTGTTGGTTTCTTTATCATACCTTGCTTTGATTTCTTCATACATGTCTTTTAGTCTCTCAAGACTGTAAGTCAGAAATTCTTTATCTTGGAGTATTTCTTTATAGTTTTTGGGAATTTTCTCCTTAAGCCCTAATGCCCTTCTTCCTATTACATACGCCCCTGCTATGTCTTTAGTTATGTTGTATATGGGACAGTACTTTAACTCCCCTATCACTGATGTGTAAGCAGGAGCTACCTCCGCCACCTCTATTCCTTCCCTTCTTGCCAGTGCCTTTATTTTGTCTGTCAAACCCTTGTATATCCAATGGTGTAGCCTTTTCCTTAACTTCCCTTTCCCATCTCCTCTCTGTCCTTTATTTACTCTGTTTAGCTTCTCTATGGCTATGGCTTTTCCTTTCTCTTTTGCCAGCTCTATTATCTGGTGTGCCTTCTCCCAAAGTATCTGCTTTATCTGGTTTCTGTCTTTGTTTATTATCTCACTCAGTGTTATCTCTCCGAAAGAGTTCAGGTTTCCCTTTTTATCTACCTGTGCATATGCTATGTGCAAAGGGCTGGCGTTTAGGTCTAAGCTTAGCACTCCGCTTTCTTTTGTTATCCTTAGCTATTGTGCTTGTAATAATGAGTTCATAAAATCTATCCACTTGTCTTTTTCTCTTTTGACTGTCCTTTGCACTTTTGCGTATATTCACTCTCTACTACCTGTGTTTATCTTCAGGTAAAGGCTATTGTTCTCAAGCTCAAACCTTGTATTGTTATTCCCTTTAGCTCTTTTGTTGCCTACTGAGTAAAGGCTTCCCTTTCTTCTCTCCTGCCAAAGCTCTTTCAGTTTCTCTCTTTGTTTTCCGTTTATGTTTCTTCTTTGCAGTTTCTCAAAGAGGTCTCTCCCTCCAAATATTACCTTTCTTGGGTTTTGGTTTCTCTCTGTGGAAGATAGCAAGATGCTTTTAGCCTTTATAACTGCACTTTGTGAGTATTTGGCGTTTAGTCTAAAAACTTTCTGAAGTTCTTTGGTAATGTTGTTGAATGTATCTAATGACTTTAGATTATTACTTCCCAGCAGTCTATTGTAGGCGTATCTTACTGCTGAGGATTGGACTCTCATAAGTTCAAGCAGTTTCTTTTTGTTTTTCTTATCAAGTATTAGCTTGCATTGAAGAGTCAGCATGCGGAGTATTGTAAAACTAAACTTACTGTGCGTCAAGCTCTTGGAGGGGTTAACTTTCAAGCTGTTGATATACAAGGATTTAAGGATTTTTAAACAGGCTCAGGTAGGTTTGAGAGCTTAAGAAAGGCTTGGCAGGTTTAAAATAAGGTGATACATTTTAAACTATGAGAACGCTTAGCAAAGAAGAGTTAAAGAGACTATACGACGAGGACTTCCCCCTCTGGGCGGAGATTAACTTAGAGCTTCTCAAAGAGAAAGCCTACGACCTGGTAGACTGGGAGAACCTCTTGGAGGAAATAGAAGATATGGCAAAGTCAGACCTAAAAGCTTGCATAAGCTACCTGGCAGTTATTTTAGAACACCTTTATAAGTGGGATAACTTCAAAGACTTGGCAGGAGAAGAGCATACGGGGAGAAAGTGGATTAAAAGTATTAACGGTGCAAGAAGGGAAATAGACGCTAAATTCAAGCAATATCCCAGCCTTAGGAATAAATTACCCCAAGAACTTGAAAAGGCTTGGATTGAGGCAAGAAAGGAGCTATACAACTGGCTTGAAGACAACGACTACGAACCAGATGATTTTTACATCCCAGAAGAATGCCCCTACACCTACGAAGAAGCCATGAGCAGAGACTTAAAGAAGGAGCTTAAAATTTAACTTATGTACATTTACGAAGAGCTCAGCCCAAAAAGACTCCTTATTCATCTTCACGGCTTTGCCTCAGACTTAAAAAGCTCCAAAGTGAGAGCGCTAAGAGACTATGCCCTTGAAAGGAAGAGCTTTTCCTTCTTTGCCATGGACATGGATTATCATACTACCACTACCAGCAAAACCTTAGGAGTTTTAAATGCCCTTGTGAGAGGCTTTTCTCACACTTACCAGCAAATACTCCTTTCGGGTAGCTCGCATGGTGCTTATGTAATTCTCAATTACATAAAGCTTTATAGCCCAGAGAACATAAAGGGAGTTTTTCTTTTTGCTCCCTCATACTCCACCTTACAGCTAACTGTAGCTCAGGAAGGTACTCAAAAGTGCGAAAGGTGGTTAAAAGGTGAGGAAGAGCTAAAAATAGTTGAGTGTGAAACAGGGATAAGTCTAACTATACACAGAGACTTTGCAAAAGACATAATGGAAAGAGGATACGAGATAATACTTAACGGTGAAGTACGCTTTCCTCAAAAACCTCCCGCTGATATACTCATAGTGCATGGCACGGAGGATAA
CP076323.1_gap21	869014	872919	3905	AAACAAAGAAGAAGAAAACAGCAAGGTAACCCATTACATAGGCACCTTCCTTTAGGGTCATATAAGGATGGAAGGGAACGCCTTCCTTCTTCTTGTCTATCTCTACACCCTCGGGGTTTGATATACCCGCAGCCCTGACGAGGTAAAGGTGAAAGCCCACAAGTCCTAAAAGTATAAGGGGCAAGAGCCATATGTGAAGTCCAAAGAACCTTCCCAGGGTTATCTGGCCAAGCTCGTATCCGCCCTTCATCCAGACAGATATCGTCTCACCTAAAGCGCCGGGTATGGCAGTAGGTATCTCTGTGGTGACCACCATACCCCAGTAGGAGAGCTGTCCCCATGGTAAAAGATAGCCTGAAAGTGCAGTAGCTAAGAGTATGAAAAATATGAACCATCCCACTATCCATGTTAACTCCCTGGGTTTTTTGTAAGCGTTGTAGTAAATGCCGGTGAACATGTGAAGGTAAACGAGCGCCAGAAAGAAGTTCGCTCCTGCGGCATGCACATGTCTGAATAGCCACATGAAGGGTATCTCTTTCATTATGGTGTAGTTGGCGCTGTCAAAGGCTGCATGAACATTGGGCTGATAGTACATGGTAAGAAATATACCCGAGATGATCTGTATGGCAAAGGCTACGAGAGCCATAACACCAAAGGCATACGGAAAAGTTAAGTTCTTAGGCACTTTGTATTCCACCATCTGTGACTGCCAGAGTTCGCTTATGTGAGTCCTTTCATCTATCCACTTTCCTATCCTTCCAAACATGCCTCAACCTCCTCAGGTTTGTTCTTTTATAAATCCGGGTTCACCTATGACCAGCTTATTACCTTGAAGGTTCTGGGGTGGTATGTGAAGAGGCAAAGGAGGAGGACCAGCTATGTTATCACCCCACGGTGAGTAAAAGCCTCCATGACAGGGACAGTGAAAGACTGGATAGTTGTATTCAGCTTCACCCTGAGGTTTCCAAAGAGGAATGCATCCAAGATGCGTGCAAACCGCTATGAGAGCATAAGCACTGTGCCCCTCAAGAAGTTTTCTGTTTTTATCCTCCTTGGTAGTACCGTTCCACTGGAAGTTGGTGGGCAGATGCACCACGAAAACAGGCTTGCCCTTCCATGAGACAACCCTTACAGTCCCTTCCGGGATTTGTGATATGTCCACTTCCACCTTAGCAGCAGCTAAGGATGCGGCACTGGGAGCAAGAGTCTTAATTATGGGATACAAAACCCCTGCAACACCCACTACTCCCAGCCCGCCTATGGCAAGACTTATGAGGTCTCTCCTTGAGGCTTCCATGGTATTACCTCCTGATGCATATTCATAACGGATTAATTATATCACCAAAAAGCAAAAGAGATAAAAGGAGTTTTTAATACCTTTTACTTGTGATGGAAATTCTTATATAATTATAAGCTGGTGTAATAAAAGTTTTTAAGGAGGTTAAGTTATGAGCAAGCACATAGTTATACTTGGTGGTGGAATGGGTGGAATAGCCACCGCTTATGATCTGAGGAAGCTGGACAAAAGTCTTAAGATCACAGTGGTGTCAGGAAGACCCTATTTTGGTTTTACGCCTGCGTATCCTCACTTAGCCCTTGGTTGGAGAAAATTTGATGACATTACTATGCCATTGGCTCCCTTACTTTCCAAGCACGGCATAGACTTTATTAACGAGAACGGGGAGAGCATAGACCCTGATGCTAACAAGGTAAAAACTACAGGCGGCAAGGAGATCTCTTACGATTACTTGGTTATAGCTACTGGTCCCAAGCTGGTCTTTGGCGCGGAAGGCCAAGAACAGCACTCCACATCCGTATGTACTGCAGAGCATGCTATGGAACTAAACAGAAAACTTGAGGAGTTTTATAAAGACCCTGGACATGTGGTGGTGGGTGCCATACCCGGCGTGAGTTGCTTTGGTCCTGCTTACGAGTTTGCCTTTATGCTTCATCACGAGCTTAAAAAGAGGGGTATAAGGCATAAGGTGCCCATAACTTACATAACTTCAGAACCTTATGTGGGACACATGGGGCTCGGTGGTGTGGGACCCTCTCGCAGGCTTATGGAAGACACCATGTCAGAGAGAAGTATAAAATACATAGCCAATGTGAAGATAACCAAGGTGGAACCTGATAAAGTTATCTACGAAGACTTAGAGGGAAAGACCTATGAAGTGCCCTGCAAGCTTTCCATGATTATGCCAAGATTCATGGGTCCTGATGTGGTGGCTTCTGCGGGAGATAAGGTGGCAAACCCTGCTAACAAGATGGTTATAGTAAATAGATGTTTCCAGAATCCTACATACAAAAACATATTTGGCATAGGCGTAGTAACTGCTATACCTCCTGTTGAACAAACACCTATACCTACAGGCGCACCCAAGACGGGCATGATGATTGAGCAGATGGCTTTGGCTGTTGCTCACAACATAGTAAACGACATAAGAAACTCCACAGAGAGGTATGCACCTGAGCTTTCTGCCATATGCGTGGCAGATATGGGAGGGGATGCTATGGGATTCTTTGCTTCTCCAGTCCTTCCACCCAGGTCTGTGGTCAAATACAAGAAGGCTGTCTGGATGCACTGGTTTAAGTCCGCCTTTGAAAAGTACTTCATGTGGAAGGTAAAGACAGGTGATGTAGCTCCTTTCTTTGAGGAAGGCATGCTAAAGCTTATGTTTAGTGTCCATCCTATACATCTGTGCAAGGATTGTGCGGGTTCTCCAGGATCTCCCTGTTAATCCTTTCGTAAATACACTATGGAGGCACCTGTGCCTCCTTCCTTTGGATAAGCCTCCCTGTGAAAAACCACCAGGTCAGAATTGGACAAAAATTCCTCCACAGTTTTTTTCAGAGTTCCATGACCGTGAATTACCTTTACATTCTTTGCACCCAGCTTGTGAGCCTCCTCCAGAAAAAGCTCCAGTTTGCGGAGCGCCTCATCTACGGAAAGTCCTGTAAGATTTATCTCAGAGGGCAAACCTCTTCTTATCTCAAAACTTACCACTTCCTCACTCCTTGTGGGTGGGTCTGTTTTTTTTAGGTCCTTCAGACTCACCCAAGCTCTCACACCACCAAAGATAACGCCAGCTCTGTCACCTTTTATTTCAACCACTCTACCTTTTGAACCCATAAGCTCCACCCAATCGCCAACTCTTACTTCTTCTACGGAGAGCCTCTTCTCTATGTCCTTTCTCTTTTCTCTTACAAACTCCCTGAGTCTTTGCCTCTCTTTGGCACTTTTGAGCATCTCTTCTCCCTCCCTTTTGAGTTTTTCCAAGTAATCAAGTGCATCCTTCAGCACCTTTTCCCAGCTTTGCTGTCTCTCTCTTTCAAGCTCATAAAGGAGTTTCTCCTGCTCCTTCCTTGTCTTCTCAAGCTCTAACTTTAACTGCTCTACCTCCTTTAGCTTCTCGGTGTATTCTCTAATGTAATTTTCCAAGTTCTCTCTTGCAGTTTTGTACTCTTCCATCCCTTTGGGAAGATGCTTCCGAGATAGCTCTAAAACTTCCTTAGGCATTCCGTACCGCTCTGCAATCTCAAAAGCCATGCTCTCTCCTACCGTGTTGTAAAGTATTGCATACTTGGGTTCTAAGCTCTGCCTGTCAAAGGCTACGCTTGCAGGTGTATAATAGTCAGAGTTTATGGCGTAAAGCTTTATGGGTGTGTGATGAGTGGTTGCAAACACATAAGCACCCTTCTGGCTAAGATACTCCAAAAGTCCTATTCCTAAGGCGGAACCTTCTATAGGGTCCGTGCCAGCACCCAGCTCATCCAGCAAAACAAGGGACTTCTCGTTTATTAGAGGTAAAAACTCCACTATGTTGGACACATGAGCTGAGAAGGTGGAAAGGTTTTGCTGAAGGCTTTGCTCATCACCTATATCGGTGAATATGCTTTCAAGG
CP076323.1_gap22	875034	876160	1126	GTTGTTGGGACTTTTCTCAAGAAGGCTAAGAAAGTATTCAAGCCTGTCCATTGCTTTCTTCCCTCTTTAGTTTCTCGTATGCGGATATTATGTATCCCAGAAAAGCGTTTTCTGGCTGCGCACCCACAAACTCCACAAGACCGTTGTTTATCACTATCTTAGGCACACCTACCACCTGAAACCTCTCAGCAAGGTCAGGGTTTTCGCTGGCATCCACCACCAGAGCCTTAATGTAGTCGCTGGCAATGGCAAAGTTCATGGCGGTTATTGCCGCAGATGGACAGTATCCACACGAGGTTGTAACAAATACCATAATTTCCAAGGGCTTATCTATGCTCTTTAACATCTCAACAGTCTTTTCTGAAAGTCTGGGTGCTCTCTTGGACACCTGCACTATACCCTGCACTAAGGTGCTAAACTCAAGACCCGCAGGCAGTCCTATGTATCTGATGCCGTAGTCCTTTTCACCCTCTATAACTATGGTAGGTACTCTTTCAACAGCATAAACCTGTGCCACATCTCTTTCTATAAGCGGTGAATAAACCTCAAGCTCTATCTTTTCGGGTTTTATCTGTGAAACTTCCTTTAGGAGTTCTTCAGCCACCTGACATGTTTCACATCCTATAGCCTGAGAGAAGAGTTTTAGCTTTACTTTGTTTTCAAGCTCTTTGGAGAGAATATCCCTTAGCTGTGATCTTACCTCAAGACTCAAAAGCATCTTCACACCTCCTTAAGAATATAATTATATTCTTAAATACATTAATGCAAGTGCCAACAAAAAAAGCATTATATAAAATTTTTGGAAACTCTTAACAGGATATAGTAAGTAAGGTAGTAGAAGATGCGCTCAGGTAAAAGAGTCCTCTCCATAAGAGTGAGCGGAAAGGAGAGAAAGAAAAGGATAAGAACTATGCTTTTAGACCTTGCCCACTTCAGGAACCTGCTCGTCATCCTCATCAGGAAATACTACTTGCTCTATAGGGAACACCTGCTAAATCAATCCATCCTCTACGGTCTGATAGCTAAGAACTACACGGGTAAATACAGGGAAGAGTTTGAAAAGACCTTAAAGAACATAGGAGAGGATACCGAGCTAAAAGAACTCCTTGAGAAGCTAAAGGCTCAG
CP076323.1_gap23	900370	905355	4985	CATGCCTTATGTAGGGGAGAGTGCTTTTACCCACAAAGCAGGCGTACACGCCTCTGCAGTTATGAAAAGGTCAGAAACATACGAACACATAGACCCTTCTTTGGTGGGAAACAGAAGGAAGGTGACAGTGTCTGACCTTTCTGGAAGGAGTAATATACTTTACAAGCTCAGGGAAATGGGGCTTGAGGTGGATGATAAGTCCCCTGAGCTTATCAAACTCCTTGAAAAGATAAAGGAACTTGAGAAGGAAGGCTACCACTTTGAAGCAGCTGAAGCTTCTTTTGAGCTTCTTTGCAAGAGGCATTTTGGGCTTGTTAAAAACTATTTTGACCTTGATGCTTACAGGGTGCTAATAGCCAGAAGGAGTACAGACCTATCTCCTGTTTCGGAAGCCACCGTAAGACTCTATGTGGAAGACATAAAGGAGCATACAGCAGCTCTTGGTAACGGACCAGTGAGCGCCCTTGACAGAGCCCTCAGAAAAGCCTTGGAAGAGTTTTATCCAAGCCTTAAAGATGTTCAGCTCATAGACTACAAGGTGAGAATAGTTAACGAATCGGAGGGTACATCTGCCAAAGTGAGGGTGCTTATAGAATCTACCGATGGTAGAAGAAAGTGGGGAACGGTGGGAGTTTCGGAAAACATAATAGAAGCCTCTTGGATAGCCTTAACTGATAGCCTCGTATATAAACTCTTAAAAGACGAAGAAGAGGGTATAATGTGATCCTATGAAGAGGGTGCTTTTCCTTTTCTCTCTCTTTCTCCTTTCCATGGCAGAACCAGTAAAGCTCAGCAAAAACATACATATAAAAGTTATTGATGCGGAAGGTATTACCCACCATCTGAGAGGGATAAGCTGTAATGGTAGGGATTATCTGAAAGTTAGTGAGGGGAGCATAGAGTATTCTATACCTTTTGAAAACATAAAACACATAAAAGTGCTCTCCCAAAAGGAGGGTATCCTTGATATAAATGTGGAGCTTACAAATGGAACAGAAAGGCGCATAAGCGTAAGTGCCAACACCTATTGCACATCCCAGTCTGAACTGGGCAGGGCAAGCTTTTACATTAAGGATGTGAGAGATATCTTTATAGAAAAAGGAGAGCAAAGATGAAGAGAGTTAAGTTTTTGGGTATCCTGATACTTACCTTTGGTATAGGCTTCGTGCTTGGTACAGCAGGTGGTTTTCCCAAAAATAGTGGTGGTGAAGATGATTACAGGTATTTTAGGCTCTTCACTGATGTTTTCAAAGTGGTAAAGGAGAACTATGTGGAAAATGTTAGCACCAAGGACCTTATATACGGTGCGCTAAATGGTATGATGAAATCCTTAGACCCCTTTTCCGCCTTCTTTACACCCGAACAGTACAGAGAGTTTAAGGAAGAGACGGAAGGTGAGTTTGGTGGTGTAGGTATTGAGATAAGCATGGAAAAGGGAAGACCCATAGTGGTCTCTCCTATAGAGGGGACACCAGCCTATAAAGCCGGAATAAGACCCGGGGACATAATACTTGAGATAAACGGAGAAGACACATCTAACATGATGCTAATGGATGTGGTGCAGAAAATAAGGGGCAGGCCAGGTACAAAGGTAAACCTGACTATAATGAGGAAAGGCTTAGACAAGCCACTAAAGTTTGAGCTTGAAAGGAGTCTCATAAAGATAGAGAGCGTAAGGTGGACAAAGCTTGAAGATGTAGGTTATATAAGGCTCTCCCAGTTTAACGACGGTGCGGGTGCTCAGATGGAAAAGGCTATAAAGAGTCTCTTGTCCGAAGATGTTAAAGGTTTGGTGTTGGACTTAAGAAACGACCCAGGTGGTCTTCTCACGGAGGCGGTAAATGTAGCAGAGCTTTTTATTCCCGAAGGTAAGCTCATAGTTTATACCAAATCAAGGGATGGTGAGATAAACAAGTACTTCTCAAGAAGAAAACCTATTGTGCCAGAAGACATACCACTTGTAGTTCTGATAAACAAGGGCTCTGCAAGTGCTTCAGAGATAGTCACTGGCGCACTCCAAGACTATAAGAGAGCTGTTATAGTTGGAGAGAAGAGCTACGGCAAAGCTTCAGTTCAGAACATCATGCCCCTTGAGGACGGCTCTGCTATAAAGCTCACCATAGCATACTACTACACACCTCTTGGAAGGCTGATACACAAGAAGGGTATAACCCCGGATGTGCAGGTTAGCATGGACGAAAAGCAGGAAGAGCAATTGCAGGAAGCCATAAGACAGAAGAGGATGCAAGGAGACCATCACAAGCTCATACTTCTTCCCGAGCTTGACCCCCAGCTGAGAAAGGCTATTGAGATTATAGAAAGAGGTAAAACTTTGAAAAGAGCTGCATGATCACACTTGCCGTTGAGACTTCCTGTGATGAGACCGCTCTTGCCCTCTTTTGCTCAGAAAAGGGCATAATAGGAGATGTCATACTCTCTCAGATGGTACATTCTGATTTTGGTGGAGTGGTGCCAGAACTCTCCGCAAGAGAACACACCAGAAACATACTCCCCCTCTTTGACAAACTTTTAAAAGATACAGGTATGGACATCTCCAAGATAGACTTTGTATCTTTCACTCTCACACCGGGATTGATACTATCCTTAGTTATAGGTGTAGCTTTTGCCAAATCTCTGGCTTATGCTTTAAGAAAGCCCTTGGTGCCAGTGCATCACTTAGAAGGACATATATACTCCATCTTCTTGGAAAAACCCATAGATTACCCTTTTATATCCCTTATAGTGTCTGGAGGGCACACGGACCTCTACTTGGTGGAAGACTTCGGAAAGTATATCTTTCTGGGTGGCACTCTGGACGATGCAGTAGGAGAGAGCTACGACAAGGTGGCAAAGCTTATGGGACTTTCTTATCCAGGTGGACCCATAATAGATAAGCTTGCCCAAAAGGGAAGACCAAGCTATCAACTCCCAAGACCTCTGATAGGGGAAGATAGTCTCAATATGTCTTTTAGCGGGCTAAAGACTGCTGTGAGAAATATCGTGATGACTGAAAATTACTCTAAGGAAGATCTGGCTTGCTCCTTTCAGCAAGCGGTGGTGGACGTTCTGGAAAAAAAGGTTATAAGAGCTGTAGAGCTCACAGGAGTAAGAAATATAGCCGTTGTTGGAGGTGTATCCGCTAACTCGGAACTAAGAAGAAGGTTTAAAGAGCTATCCGAGAAGCATAACTACCAAGTTTATTTCCCTAAGCCTAAATTCTCTACGGATAATGCCTGTATGATAGCTTACGCAGGTGTAGAGAGATTCAAAAGGGGCATTATCGCTCCTCTTGATATAAACCCAGAGCCCAACACACCCTTAGAGCTATTTGGAAAAGAGTGGAGCTAAAGAAAGTGCCTTTTTGAGTATTTCCTTGTCCCCTTTATACTTTACAAGGTTCTCAGCCTCCTTCCATGTAAAAAACCTTGCGTCTAAGACCTCCCACGAAGCCTTAGGCTCTCCAGCCTTGTACCTCATCAAAAAGTAAAGGACTCTCTTCTTTATCCTTTTTCCTTCCCTCATGTAAAAGTACTCTATCTCTCCTATCCTTTGGAGAATCTCCCCCTTTATACCCGTTTCCTCCTCCACCTCCCTGATGGCGGCATGTTCGGGACTTTCTCCGGATTCTACTATACCTTTTGGAAAGGTCCATATGCCCGAAGGATTTTTCACCAGCAAAACTTCTCTGTCTCTAATGACAACACCACCTGCGGAAAATTCGTGCATCACTGTGTTAAAATATTGTCAAGGAGGATGAGCTATGCAAGAGGAAAAAAAAGAGGAGATGAACCTAAAAGAAGAGATTGAAAGGCTGGAAAAGGAGCTGAAAGCTCTCAAGGAGAAGATAGGTATTGAGGAAAAATCCATCTTGCAAGTACCCATTGAAAAGGCAAGGGAGATTACTACCAGCCTTTTGGATGTTGCCAACAGGATCATAAAGGTAGCTTCAGCTGCAGCATCAGGTGCCATAGAAGGTGCTAAAAAGGAGCTGGAAAAGTCAAAGGAGGAGCAAAAGCAGGAAGAAGAGAAAAAAGAGCAGTAAGTTATGAACTATTGGCGCGGTATAATAAATAAATACAGGGAATATCTGCCTATTTCAGAAAACACACCTGTTATAACTCTCTGTGAGGGAAATACTCCTCTTATACGTGCGGAAAATCTCGCCAGGGAGATAGGCTTTAAAGGGGAGATATATCTCAAGTATGAGGGACTAAACCCTACGGGATCCTTTAAAGACAGAGGGATGACCCTTGCCATATCAAAAGCTGTAGAAGCTGGAAAAAAGGCTGTTATATGTGCTTCTACAGGAAATACCTCCGCTTCTGCTGCAGCCTATGCTGCAAAAGCTGGGCTCAAAGCTTATGTGCTTCTTCCCAAAGGTGCAGTGGCACTGGGAAAACTCTCTCAAGCAGTTATGTACGGTGCAAAGGTTATAGCCGTGCAGGGAAACTTTGACGATGCTCTTTATATGGTGAGAAAGATAGGTGAGCTTTTGCCGGTTGAAATAGTCAACTCAGTAAACCCCTTCCGTATAGAGGGGCAAAAGACCGCAGCCTTTGAGGTATGTGATGCCTTGGGCGAAGCACCAGATTATCACTTTATACCAGTAGGCAACGCAGGAAACATAACCGCTTACTGGAAAGGATACTTGGAGTATTACCGCGTGGGGAAGATAAAGAAACTCCCCAAGATGATGGGATGGCAGGCGGAAGGTGCTGCTCCAATAGTGAAAGGCTATGTTATAAAAAATCCGCAAACTATAGCTAGCGCCATAAGGATAGGAAATCCTTACAGCTGGCAACAGGCTCTTGCCGCAGCTAACGAATCAAAGGGAAGAATAGATGCTGTAAGTGATGAGGAGATCCTAAATGCATACAAGCTGGTAGCATCCAAGGAAGGTGTCTTTTGCGAGCCTGCCTCCGCCGCCTGCATAGCGGGACTCATAAAGCTGGTAAGGGAGGGCTACTTTAGTGGTAAGGAGATGG
CP076323.1_gap24	916652	919278	2626	CAGCCCGCGACAAAGAGCGTGACAAAGAGCGCGACAAAGGAGTGACACAAAGAGCGACAAAAAAGCGACTTGACGCGACAAACTTAAGGAGCCTAAAATTTGCCAGAATCTTTTAGGGAGGTTTTTAACATGCGAAGGCTGAAGCTATTAGCTTTTGCTACGGCAGTGCTTGCCTATTCGTGCGGTGGAGGGAGCGCAGGCTCCGGCTCTGCCACAAGCCCAACTGCTCTAAAGCCCATGCAGACATGCGACTTTACCGTCAACTCTACTGCAGACACGGTGGATTCAAGCCCGGGGGATGGACAATGCAAAGATGCGAGTGGCAACTGCACCCTGCGGGCAGCTATAATGGAAGCCAACGCACAGGGAGGCACAAAGGTCATATGCCTGGGAAGCGGTCAGACCTATAACCTGAGCATAGACACGGCGGCGGGAGACGACGACACAGCGGCGGAGGATGACCTGGACATAAGCGCAGACATCACCATCGAGGGCAACGGCTCCACCATCCAGAGGGACCTGAGCCTTACCTGCAACAACGACGGCACGAACCAGGTGGGCGAATTTCGCATATTCGAGGTGCATCCCGGTGCAAAGCTCACCCTAAAAGACGTGACGGTGAGAAATGGGTGTGCGGATGGTTTGGCAGCTGGCGGTGGCATCTGGAACGCCGGCGGCACGCTGACCTTAGAGCGCAGCACCATTTCGGATAACAGCTCAAGCAACAACGGCGGCGGCATAACCAACAGCCATGGCGGCACGCTGACTATCAACAACAGCACTATCTCGGGCAACAGCACCCAGTACGGCGGCGGCATAGAGAACTCCGGCACGCTGACCGTCACCAACAGCACCATCTCCGGCAACAGGGCCAAGAACGACGGCGGCGGCATCGACAACTACAGCGGCGGCACGCTGACGGTCACCAACAGCACCATCTCCGGCAACAGCGCCAGCTTCGGCGGCGGCATCTACAACGGCGGCACCCTAATCGTAGAGAGCAGCACTGTCTCCGCCAACAGCGCAAGCAGCACCGGCGGCGGCATATACGCCACCGGCCCCGCCGGCACGGGCGGCACGGTGACGATCACCAACAGTACCATCTCGGGCAACACTGCCGGCAGCGGCGGCGGCATTGCCAGCGCGATTGGGACGGTGACGATCACCAATATCACCATGTCGGGAAATAGGGCCAACTTTGCCGGTGGCGGCATCCTCACCTTCGCCGGCACGGTGAATGCCAGTTTTGTCACCATCGCCAACAACACGGCAAACAGTCAGTCCGGGGGAATTGTGAACGGCAGCAGCGGCACCTTCAACATCAAGAACTCCATCGTGGCAGGGAACACGGCGGGGGCCAGTCCCCGGAACTGCGGCATCGCCGGAACTTTCCAACCCTCAGGAGTAAACTTTGCGGATGACGGCACCTGCACGGGCTTTACGCAGGTGACTTCTGCTGCGCTCAACCTCCAGCCCCTTGGCAACTATGGCGGTCCCACCCAGACCCACGCGCTGGGGGCGGGCAGTGTAGCCATTGACTCGGTAACAGACTGCACAGACCTTAGCTCTAACCCAGTCAGCATCGACCAGAGGGGAGTGAGCAGACCTCAGGGCTCGCGGTGCGACGCGGGAGCTTATGAGTATCAGGCTGTTAGCACCACCTACACCCTCAGCATAAGCCCAACGCCTACAGGTGGTAAAGTCACCAGCAACCCCGGTAGCATCGACTGCGGAAGCGGTGGAAGCACATGCAGCAACAGCTTTACCTCAGGCACAACAGTTCAGCTCACAGCCACGCCAGACACTGGCTATGTGTTTACAGGATGGACTGGAGACTGCTCTTCATGCGGCACAAATACTACATGCAGCATAACCATGAGCGGCGCCAAAACATGCAGTGCTAACTTTAGCGCAAGCACTGGAGTACTGGAGTAGAACCGCCAAAACTTTCCCACATCACATCCCCACAGTTTGGCGATCCGAACAACCCCAACGCCATAAACTTTAGAGAAACACCCATAAACACCAGAAAGGGAGCGGCTATAATAAGGATAGAAAGCCGTAGCCCCATATTCATAAGCGGTATAAGGATAAACGAGTTCAGGACACCATCGCTGGGAGGTGCCTCCATAAGGTCTAACGCCAGCGCAGCAGCCCTGCAGCTACAGCAGACGCAGGAGCAGAACTTCATACTTGATATGAGCGCAGGAGAAAGACCATGCGGCAGCACATCCTTTAACCTTGCAGGCTACTGCACAGTGGGAGTGATATTTGAGCCAAAGAGCGCAGGCAAGAAGGAGGCATACCTGGAGGTCTATTACAACACTCCCGATCCTGTGAAGATATACATGACAGGCACAGGAGTGGCGCAGCAAAGCCAGCCACAGCCACAACCACAACCATCTCCACAGCCACCAGGCGCAGGTAGCGGTGGCTCATCTGGCGGTAGCGCTGCAGGCGCAGGCACAGGCGGTGGTGGCGGATGCTCTATGGTAAGTAATGCATCACCCATAAACGCTCTTGCGTGGCTCATACTCCCCGGCGCGGCTCTCCTCAGAAGGATAAGAAGGTCATAAACTTCTCTGGGGCTTTTGCCCCCTCTTTTTTCTTTGGTGCGTAATACCCA
CP076323.1_gap25	970549	971783	1234	AGTGGAGGACAGTGGAAGGGGTATAAAGGACACTCAAAAGGTCTTTGAAAGATTTTACAGGGAAGCGCAGGATAAGGAAGGTTTTGGGCTTGGACTTACCATAGTGAAAGCTATAGCTGATGCTCACCACTTTGATGTGCATATTGATAGCAGGGTGGGATACGGTACAAAGGTAAGCTTATGCACTAAATCGGGATATATTTATTAGAATGCCCCTTGCTATCATGATCTGGGGTAAAGAGGAAAGGGAGCATTTTTATCCAGAAAAGATCCTCTGGCTTGTGGACAACCCTCATCCCCACTGGATAGAAACAGTGAGGGATAACCTCAAAATGGACTTTAAAGAGACAGGTTTTAGACAGTTTATAACTTTGAGCTCCAGGTACATCATAACGGATGCCATGCTCATGTTCGGTCTTCAGTTTTGTAGCTCAAAGGAAAAGCTCCTGGAGACTCTAAACCCAATAAGGCTTATGGTGAAGGTAAAACCCGGTAGCTTTCTTGGAATGAGCCATCACTTCTTGGGAGCTCCCTTTGAGGTGGAGTGTGATGAAGTTTTAAGGGAGTTTCTCATGTCAGCAAGAAGAGAGCTGGAAGATAGTGGCTTTGGACTTGATGTTCTTATAATATCCCACAGTCCTTACATTGAAGACCTGCTCTTGTGCAACTTGGATAGAATAAAGGGTTTAAGATTTAGGTTTTACAGTACGGGAACATGATGGAAAAGGATTACAGAGGACCTTTCAGCAGGATGGGAGAAGGTTTGCTGGAAAAGTACATAGAGGACCTCAAAAAGGAGCTGGAAGGAAAGCCAGATGATCCTGACCTTAACTTCAAGCTGGGCGTAGCTTACGCAAGGCTAAAAAAGATAGAAGAAGCACGCCAAATATACAAAAAACTCAAGAACATAAATCCTGCTCTTGCCAAAGAGCTGCTGGATGTTATATACGAAGTGTAAATGAGGACGCTGAGCAAGGAAGAGCTAAAAAAAAAGCTATATTAAGCTTCCTCTGGAAAAGGAGGTAAAGTCTTAAACCAGAATATCTTGAAAATCATTTCTAAATGCTTTATATTATAAACCACTATGGTTAAGGATATGGATGCCAAACTTGAGAGGTTTATAGATAAGTGTAAAAGTATGGGACTCAAAATCACACCCCAGAGGGTGGCGGTTTATGAGGTGCTTCTGAATAGAGAGGACCACCCTACGGTAGAGGAAGTTTATAACGAGGTA
CP076323.1_gap26	1051077	1054658	3581	ATACATGCAAAATAAAGATTACAAGTTTGTTATAGGTATGGAGATGTTTCAGCAAAATTTTCAGAAATACTTGGACGAGTATATAAATTGTAAACTATCTGAAGAAGATATGCTTGAAAAAACTCAGTACAGAAAAAGGTGGGGCTTTGACCCCTCCCTTTACTCACCCATTTGGCGCTTTGCCAAGGAGAAGGGGATAAGGCTTTATGCTCTCAATGTACCCTCTGAGCTTCTTACAGAGATAAGGCAGGTTGGTCTTGATAATGTGGAAAGTCCGCTTTTACCAAAACCCATCATAGACCAGACTCCTCAAGAGAAAGAGTATCTTCTGAGTATACTCAGGTCCCATCCTAAGGCAGACGAAAAGTCCTTCTTTGAAGTTCAAAACGCATGGGACAATGTAATGGCTTATGCCATAATTAGGATACTTAAGGAAAATCCTGGTATAAAGGTGGTAGCCCTTGTGGGTAAAGGGCATGCACACAATTTAAAAGCTGGTATTCCCTACAGGGTTGAAAAGTTAGATCCCCAGGTCAGACAGGTGATACTCACCAAGGATCACTTTCTGTTTTCTATGGACTTTTCTAAGGAAAGCTCGTCTGCAAACTCTATGAGGGTTCCAAACTGTAGTCCGTAAGACATTCTCGTTATCTTGAGATTTGGAAATCTTCTCTTGAGGAGCTTTATAAGGTAATTGGCTGTTGCCTCACCCTCCACATTGGGATTTGTTGCTACTATGACCTCTTTGGGTTTGTACCTCTCTATTCTTTGTATTAAGCTATCAATGCTAAGGTCCTGTGGAGATATGCCCTCCAGCGGTGCTATCCTGCCACCCAAGATATGATACACACCCGTATACCTTTCCAGTCTTTCTATGGCGTAAGCGTCCTGAGATTCTTCAACAACGCATATGAACTTTTTGCTTCGCTTTTCATCAGAGCAGATAGCACAAACTTCTCTATCGGTGAGCAGTCCGCATTCGGCACACTTTTTAATGCTTTGCGCCAAATTTTGTAAAGCATTCACTACGATGGTCCTTTCCTCCTGTGGGAGTTTAAGAAGGTTGTAAATAAACCTGCTTGCACCTCTCTCACCGTAGGTGGGTATCTTGATGATGCTTTCTATCGCTTCCTTCAGAGCTTTTGGAAAGACATCTTCAAAAGCCAAGTATTCCTGGTTATCCAAAGTGCATAAAACTGCACTCTGTGCTGGGGTATTTGTATCCCGCCTCATTCAGTTCTGGACATATCCCCAGCTGGCGGTATTTGTCCAGAACATAGCCCCTGTCCCAAGAAACAGGAGCTAACCTTCTTGCTACCCTGTCCCAATCCCCTGAAACTATAATAGCTTTCAAGGGTGATAAATCCCTGCTAAGAGATTTACCCAGAACAGGGAAAGCAAGGGCTACCTTTACAATTTGCCACAGTTTGTAGCTTGCCCAAGACAAGCCCCTCACCTGTTCCTTCCATCGGTTGACAGGCTCTTGGGTCTGTGGCTCACTGTAAAGGCTTTGAATTATTTTTAATTGCTTATTCAATTCGTTTATCTTGCTTTTGAGTGGTTTTCTCTTATACTGATTGTTTTCCTCTTTTAACTTCTCTTGCGTTTTTTGTTTTTCTTCTTGTAGTCTTTCTACTACAAAGTCTAAATACTCTTTATCTGTTATTAGTTTTTCGTAATTTTCTGGCAACCTTTCTCTAAACCCTAACACTTTTCTCCCTATTACAAAAGCTCCTGCTGTATCTTTGTCTAAGCTATACTGTGGTGCATACTTTAATGCTCCTACAACTGATGTGTAAGCTGGGTTTACTTCTATAACTTGAATGCGTTTTCTTTTGGCAAGTGCCTTTATTTTCTCCAACAAGCCTTTGTATATCCATTGTTGTAATCTCTTCCTTAACTTTCCATTGCCATCTCCTCTTTCTCCTTTTGGCATGCTGGATAATCTTTCTATGGCTATAGCTTTATTCTCTTCTTTGGCTATATCCGTTATCTGATGTGCTATTTGCCAGGATAGATATTCTCTCTGATTTTTTGTCTTGCCTAATAGAGTGTGTAGAGATATTCTTCTTATCTTTTCTAAATTACCATCTGGTTTGACAGATACCATAGCTATATGAAATGGGCTTGCGTTTATGTCTATTCCTATCACACCACTGTCTTTAGTTATAATGGGTTCTTCCAACTTCACCTCTTCATAGCTTATGAATGCATAAAAGTTATTGTTTATCTTTCTTATCTCTACTGAATACAGGAAGTACTCTCCTGTTTTTTCTGCTTGTAATAAATCTGCTATAAAGTTTATCCATTTATCGTTTTGTCTGTTTACTGTCCTTTTTATGTTTGCTTTTATCCAGCCTCTCTCTCCTGTGTTTATTCTTAGCTTTAGGTTATCTTTTTCAAATTCTATCCTTGTGTTTAGGTTTCCTTTTTTAGTTTTGTCTCCTCTTGAGTATAAAAGTCCTTTTCTTCTTTCTTCCCATTTTTGCCGTAGTTTTTCTGATTGCTGTCCATTTAAGTGTTTTTTCTTTAATTTCTCAAAGAGTTTTCTACCACCAAATATCACTTTTTCTGGGTTTTGCCCTGTTTCTTTGCATAGGTTTATAAGACTTTGTGCCTTAAATATAGCATCGTCACAATATCTTGAGTTTAGGCAGAATATCTTTTGCAGTTCTTTTTTAAGGTCTTTTCTCTCTTGTTTTTCAAGTAGTCTACTGTATGCATACCTATAGCAAGAGCAAAACCTCCTCATCAATTTGAGAAGCTTTTCTTTATCCTTTTTGTTTTCAAAAGCTATTTTACAGTGTAGCGTTATCATTTTTTCTTACCACCTTGTTTCCCATATATTCTCGCTGTCAACTGTTTTTAACCTCCAAACCTCTTTTTGATGGCTTGCATCATTTTAAATCATCTCCCTTTTCTGTCTTAGCTCATCCTTAAGGCTTTCCAGCAAACCCTCAAAGTCTTTAAGGCTTTTTATAAGCTCTGCTATGTTCATCTTTCTCTCTCCCCCCTTATGAACTCCTCCACCATCTTTCTTGCCTGCCAGTCGGGATATTGGATGGGTGGATGTTTCATAGTGTAGGCACTTATAGAATAAAGAGGTCCACCTATGCCTCTATCTCTTGCCAGCTTACAGCATCTTATGGCGTCCATCATGGAACCTGCACTGTTGGGAGAGTCCTCCACATCAAGCTTTAACTCCACATACATAGGTACATCTCCAAACTGCCTTCCTTCTATTCTTATGTAAGCTATCTTCCTGTCTTTTAGCCACGGCACCCAGTCAGATGGTCCTATGTGTATGTTATGCTCTTCCATAGGATAAGGTATAAGAGAAGACACAGCCTGAGTTTTTGACACTTTTTTTGTCTTTAGCCTCTCTCTCTCTAACATATTTAGAAAATCCGTATTGCCCCCAAAGTTGAGCTGATATGTTCTTTCTATCTTCACACCCCTGTCTGTAAAGAGCTGTACCAGAGTCCTGTGAAGTATAGTAGCTCCCACCTGAGACTTTATGTCATCACCAACTACGGGAATGCCTTCCTTTTCAAACTTCTGCGCCCATTCTGGGTCGGACA
CP076323.1_gap27	1058587	1060470	1883	CATAGCCAGCAAAGGAAAGCCCGTAATTATCTCCACAGGTATTGCCACCCTCTCGGATATAGAATTAGCTCTACAAACATGTAAGAGTGTAGGAAACCAGCAGGTTATTCTCCTAAAATGCGTTTCTGAATATCCAACACCTTTTGAAGATGCCAATTTGAGAACCATACCCAACATGAAGGAAACCTTTAAAGTTCCGGTGGGTCTTTCTGATCACACTCTTGGTATATCTGTGCCTATTGCTGCAGTGGCTTTAGGAGCAGTTCTTGTAGAAAAGCACTTTATACTTGACAGGAGTATGGGAGGTCCAGATAGTGCCTTTTCATTAGAGCCTGATGAGTTCAAAGCTATGGTAAAAGCAATAAGAGAGGTGGAAAAAGCCTTAGGTCAGGTGAGCTACCAATTAACGGAAAGACAGGAAGAGATGCGCAAGTTTGCAAGAAGCCTGTTTGCTGTAAAGGATATAAAGGCGGGAGAAGTGATAAATGAGGAGAACATAAGAAGCGTAAGACCGGGTTATGGCTTGCATCCAAAACATCTCAAGGATGTCTTAGGTAAAAGGGCGAGGGTTGACATACCAAAGGGAACACCATTAAAATGGGAGTTTTTAGAATGAGATTTTTAGAAGGCAAGTCCATCCTTATCACGGGAGGTACTGGCTCTTTTGGTAGAGCTTTTGTGAAGTTTGTCCTGCGTCATGCAAACCCTAAAAGGTTGATAATTTTTAGCAGAGACGAGTTTAAACAGTGGCAGCTTCAGAAGGAATTTCCCGAAAGTGATTACCCTCAAATGAGATTCTTCCTTGGGGACATAAGGGACAAAGATAGGCTGAGGCTTGCTTTTGAAGGCGTAGATTACGTGGTACACGCTGCTGCTCTCAAGCATGTTCCTACGCTTGAATACAATCCCTTTGAGGCTGTAAAGACCAACATCCTTGGAGCCCAGAACATTATAGAGGTGGCTATAGAAAAGGGGGTTAAGAAGGTGGTGGCTCTCTCCACCGACAAGGCTGTGAGTCCAGTAAACCTTTACGGAGCTACCAAGCTTACAATGGAGAAGCTTTTTGTAGCAGGTAACGCCTATGTAGGTGCAAAAGATACTTCCTTTAGCATAGTCAGATACGGTAATGTGGTAGGAAGCAGGGGAAGCGTGGTGCCTCTTTTTCTGAAACTTGTATCTGAAGGATGCAGAGAACTGCCCATAACTGACGAGAGGATGACACGCTTTTGGATAACTCTTGAAGAGGGTGTAAGACTTGTTCTTTTTGCTCTTGAGGAGTCTGTCGGTGGTGAAGTCTTTGTTCCAAAACTTCCCAGCGTGAAGGTGGTGGACTTGGCAAAAGCCATATGCCCAGACTGCGTTTTTAAAATCATAGGCATAAGACCTGGAGAGAAGCTTCACGAGAGTCTTATAGCTGAAGACGAGGCAAGGGATGTGAGGCTGGTGCAGCACCAAGGTAGAACTTACTATGTATTACTTCCCACTTTTTCCTTTGAGAGCAAAAAAGCCATAGAGAAATGGAGGGCATACTCCAAGATGCCTGAGGGCTTTTTCTACAGAAGCGACAAAAACGACTGGTGGCTGAGTGCTGAAGAAATTAGAGAGCTTTTAGAAAAAGCTAAAGAGGATATAGCTTACTCCAATGATTCCTTACGGTAGGCAATACATAGATGAGGAAGATATAAGGTCGGTAATAGAGATACTACGCTCGGATTTTATAACGCAGGGTCCAAAAGTAGAGGAGTTTGAGAGGGCATTAGCCGAGTATTGCGGTGCCACATACGCAGTAGCTTTCAACTCTGGTACATCTGCGCTATACTGTGCATACAGAGCATTGGGCTTAAAAGAAGGAGATAGTTTTATAACTACGCCCATAACCTTTA
CP076323.1_gap28	1062689	1063587	898	GCCAGCTTGAAAGCGTAGAAAGAAGCCTTTCTACAGTATTTAAACAGGAGGATGTCAGAGCTTTCCTTGAAAACAGACTCACCATAGACGGGCTAATAAGGAAAGCCTTGGAGGATAGCGCGCTTTTAAAACAGGTAAAAGAGCTTGGTCTGTCTCCAGACAGGGTAAAGGATATTATCGCCAAGAGAGTATTTGGGAAGGAGCCTACCTTTGACTATTCGGAGAACTTGGTAAAGGTTATAGAAAATGCCCAAAACAAGGCTCTGCAAGAAGGGTTAGCTCAGGTGGAGCCTTATCACATAACTTCTTCACTCATAGAAGCAAAGGAAACCATAGGAGGTAAATTATTAGAAGATGTAATAGGAGGTGAAAAGATGAAGGATGTTACGGAGCAGCTAAAAGAAGAAGAAAAATCGCCTCTGGAGAGGTTTGGGGTGAGTTTGACCAACATGGCAAGGGAGGGGAAGCTTGACCCTGTTGTGGGAAGGGAGAAGGAGATCAATCAGGTGATTGAGGTGCTTTTGAGAAGAACTAAGAACAATCCCGTGCTTGTAGGTGATCCTGGTGTAGGTAAAACCGCTATAGTGGAGGGCTTGGCTCAGAGGATAGTGGCAAAGGAAGTGCCTGTAGAGCTTCAGGATAAGGAGATCATCGCCATAGATATGGCTTCTTTGCTGGCAGGGTCTAAGTATCGCGGAGAGTTTGAGGAAAGGCTTAAAAAACTTCTTGAAGAGGTAAAACAGAAGGGTAATGTCATCCTCTTTATAGACGAGATACACACAGTGGTAGGTGCAGGAAAGGCGGAGGGTGCGGTGGATGCCAGCAACATGTTAAAACCTCCCCTTGCAAGAGGTGAGATAAGAGTCATAGGAGCAACAACGGTGGACGAGTACAGAAG
CP076323.1_gap29	1151574	1153986	2412	ATGGCATAGCAGGGATGAGGTACTCCATATCCGATACCGCCAAGTATGGTGATGTGACAAGGGGTGAGAGGATATACAAACTGATAAAACCCCTCATGAAAGAGGTGCTGGAGGAGATACAGAAGGGAGAGTTTGCCAAAGAGTGGATCTTGGAAAATCAGGCGGGAAGACCTGTATTCAATGCGCTTCTGGAAAAGGACAGGAAGCACGCCATAGAAGAGGTTGGCGAGAAGTTAAGAGAGATGATGCCCTGGATAACCAGCAAGGAGCTAAAATGAATCTTACGAAAAGAAGAGAAAGCCTAAAAAAGGTTTATGCGCCTGTTGGTATTGTGCTATACAAACTTCACTTTCCTCCTAACCTCATAACCTTACTCTCTCTTTTGCTGGGTATGGCATCCGCCTATGCTTTTTACCATGGTAAGCTTTTGACTGCTAGCAGTTTTCTGCTTTTGTCTGGACTTTTTGACCTTGCCGATGGTACTGTTGCAAGACTCTCAGAAAGGACTTCCAAGTTTGGAGCGGTGTTTGATTGGATAGCGGACAAGTGGGTAGATGGCTTTGTTTTGGGAACTGTTGGGTACTTTTACGCAGGACCTTTTACAGCCATAACTGCAGTAACTGCATCTATGCTACACTCCTTTATTAAACCTGTTGTTTATTCGGAGATAGGCTATGAGGCACGCATAAAGGGAAAGATAAAAGACCCACTTGAAGGCGTTGGCTTTTTTGGAAGACCGGAAACTCATATAACTCTGATAATATTTGCCCTGTTTGAGAGGATGAACGCACCTTTTGGACTCTCGGTAGGTATAAAGCTGATCGCTCTTTTAACCTTACTATCGCTCCTTATGAGGATACTGTACCTATACAAGCACTTTGGGAGGAGTTATGAATAGACCTTATGTGATTATAGTTTCGGAGGTAAGCGTTGACGGAAAGCTTACCCTCTACAGGGGAGCATCCAGCAAAGAGCTTATGACACTTATGGATCAGGAAGCATACAGGTATCTTCATGAGATAAGAGCCAAGGTGGATGGCATAATGGTAGGATGTGAGACGGTAAGGACAGACAACCCAAGCCTCACGGTGAGATATGTTCAGGGAAAGAACCCTGTGAGGATCATACCCTGCTCAACAGCCAATGTTCCTTTGGATGCTAACATATTCTCAAAGGACGCACCTACCATCATAATAACTACCAAAAGAGCTCCAGAGGACAAGGTAGAAAAGATAAAAGAAGTAGGTGCGGAGGTCTGGGTAGTTGGTGAGGACCTTGTGGATTTTGATAAACTTATGCCTATGCTTGTAGAGAGAGGCATAAAGAGCCTCATGGTGGAAGGTGGTGCTTCCGTAAACTGGGAATTTATCAAAAGGGGTTTTGTTGATGAGATAAGACTCATTCACCTTCCCGTCATAGTGGGAGGTGAGAATGTTCCTACACTGGTAGGTGGAGAGGGCTTTAAGAAGCTCAGAAATCTGCTCCATCTTAGGCTCAGAGCGCACTTCAAAAGGGGTCATCACCTCATCACCGAATGGGAGGTGGTGAGGTAAGCATCTTTTCTATAACTTCTTTAAGAACCACCGCGCTGTTATGTTTCTCATCCTTGGCAGAATAAATTAGTGTCAATGTACCTCTTTTTGCCTCGTCCACAAGTTTAAGTAACAGATCTTCTTTATTCTCCAGCTCCTTTATATACCTTTCTTTGAACTCTTCAAACTTTTCTGGATCGTGGGAAAACCATCTTCTGAGTTGATGCGAAGGTGCTATATCTTTCATCCAGATGTGTATTTTTGCTTCTTCCTTTTTTACCCCCCTTGGCCAAAGTCTTTCTACAAGAACCCTCCTCCCATCACTTTCTGAGGGTGGTTCGTACACTCGCTTTAGCTTTATCATACCTCTTTCTCCTTAAATTTGTGGTGGCAGTAAGGACATACTTTTGCTTTCCAGTGGACTTCGCTATAACACATAGGACACCTCCTTTTTCCTTTCAGATAAAGAAATATGTTGAAGTGAAAGAGGGACTTAAGAAACAGATAAATGAGAAATACGCTGAAGATGATGCTCCAAGCTTTTAGCGGGGTGATGACTTCATACTTTGATACCCAAAAAAAGGTGGAAGACACAGAAGCTATCCAGAAGGCTACTCTTCTGTCCAGAAAGACCTGAGCTATCACCTGAAAGAAAGCCATCCAGAGGAAGAACTGGATTAGAGGGTCAGATAGCAGAGGTTCAAAGGTTTTTAACCAATCCATTGAAAACCCAGCCTCTGATTATAAGATGAAGCATCATACCCACATGGAAGGCAAGAATGCTTAAAATGAAAGTTTCCAATCCAAAGCTTTTCAATAAGTATAGAAAGTAAATGCCAACAAGAGCAACCCTGAAAAAGCTTGAAAGGTAAAGTGTTCT
CP076323.1_gap30	1159158	1162151	2993	GCACTATCTAACATAATGTTTGCCTTTGTCATAGGTATAGCGGTGGGCACGCTCTCTTCCATATTTGTTGCAAGCGCTCTGATGCTGGACATAAAGAGTAGGCTCTTTAAAGTGGGGCTTCAAAAAACTTAGTATAATTTTCAACAATGGGATACTCAGTTATAAGGATTGCGCTCCTGTTGGCGGGGGTCTGTCTCTTGGTGGGTGCTTTTTTAGGCTGGAGGTGGTGGGAAAGCAGAAGGCTCTCTAAGATCTCCTATCAGGAATACCAGATAAGACGGGAAATACAGTCTGGAAACTATCAGGAAGCTCAAAAGCTTATAAAAAAGGTGGCAGAGGAAGAATCGCCCTATACGCCTCTTGTTTTGTCTTACCGGCTTTACTTGGAGCGAGAGGGAGGTCTCCAAGTAGATGAGGTAAAAACTCTCCAAAGCATAATAAGCTCTCTGAAGGATAAGGACATTTTATCCTTATACAGGGAGAGGCTTGCCTACGCTTACTTTACTGCAGGAAACTACCAGAAAGCCCTTGAGCTTTTAGAGAGCATCAAGGGGGATAGCTTAAATTACTATTCGGCGCAGATTCTGAAAGGCTTAGTGCTTGAGAAAGTGGGTAGAAGAGACGAAGCAAAGGCAGTTTACTCACAGGTGGAGAAAATGGCAAAAGGCACTTACTTTGGCAACATTGCCTCCGCTCTTCTGATGGAGGAAAGGTGATGGACCTGCTCATAGAGATAGGTACGGAGGAGCTTCCAGCTAAGGTGATAAACCACATATTGGAATATCTAAAAGAATCCTTTGGAGAAGTGCTTGGAAGAAAAGATGCCAAGCTTTATGGAACCCCAAGGAGGTTAGCTCTTTACTACAGGGACTTTGAGAATGCAAGCACTCTGCAAGAAGAGGTGATTGTTGGACCTCCTGTGAGCGTGGCTTACGATAGCGAAGGAAAGCCAACAAGGGCACTTTTGGGCTTTTTGCAAAGAGTTTCTGCGTCTTCTGAAGATGTTATGAGAATACGCAAAGGTGATGCTGAGTACATAGCCATTAGGAAAGTTTACCAAGGGAAGAAGCCGCTGGATGCTTTAGCGGAACGCTTTGAGGATATACTGCTCTCTGCACCTCTTCCTAAAAGGATGAGGTGGGACAAGAGTGGTTTGAGTTTTTTAAGACCTATAAGGTGGATCTGCGCCCTTTACGGTGGAGAAGTTGTGCCTCTGAGTTTTGGGAGTGTAAAAGCCAGCAGAAAAACCAAAGGTCACAGGTTCCTCTCACAGGGATGGATAGAGCTAAAAGATGCCTCTGAGTATGAGGAAAAGCTAAAGGAAAACTATGTGATACCAGACTTTAAAGAGAGGCTTGGTATGATCCTTGCCTTCCTCAAAGAGGAAAGCTACTCTTTGGGTGGATATCCCGAATATCCAGAGGGGCTTGACCAAGAGGTGGCTAACTTGGTGGAATTTCCCTTTGCGGTGGTGGGTGAGTTGGAGGAAAAATATTTAGAGCTTCCGGAGAGAGTTATAGTTACCGTTCTTGCACATCACCAAAGATTTTTCTGTATAAAAAAGGAAGGAAGGCTTTTACCTAACTTCATAGGCATAAGCGGAAACCTGCCAAAGGACAGCCTGATAGTGATGGGTTATCAAAAGGTCATAAGAGCAAGGTTGGAAGATGCCCTCTTTTTTTATAGGGAGGATCTGAAGGTAAAACTTGAACATTTAGTAGAAAAGCTTTCACAGGTGGTCTTCCATCCAAAAGCTGGCAACATGCTGGAAAAGACCCAGAGGCTGGTTTCTTTATCGGAAGAGATAGGAAGGCATTTAATGCTAAACGAAGAGACAATTGCTAAGATAAAAAGAGCCTCTTACCTTTCAAAGGCAGACCTTCTTACCAACATGGTAAAGGAGTTTGACGAGCTTCAGGGCTATATGGGATATATTTACGCCACTTTGCAGGGTGAAGACAAAGATGTATCCTATGCCATTTATGAGCATTATCTTCCTATGCCTGAAAGCACCGTTGGAAAGGTGCTTTCTCTGGCTGACAAGATAGATAGCATTGCCATGTTTATAAAGGCAGGCGAGATACCTTCCGGTAGCTCAGACCCTTATGGTTTGAGGAGACATGCTTATGGTATCTTTGCCATAATGGAAGATGCACTATGGGACATAGACCTCAGAAAGCTTATAGAAAAGTTCTATGGAGGTACAAATCCTCAGTTGGAAGCCTTTTTAAGGGGGAGGCTTGAAGCTTATCTTGAAGTGTATGGATACGATGTTGTAAGAGCTGTTCTTGAAGTTCACGACCCTTTAAAACCCTTGAGCTGTATAAAGATGGTTAAAAGGATTGCCAGTTTAAAAGAAGAGCAGAAATTTAAAGATGTAGTGAGCGCTTACAGAAGGGTGGTTAGGATACTACCCAAAGAGTGGGAGGACTGCATGGTAGAGGAGGAGGTGCTTAAAGAAAAAGAGGAGATAAACCTGTGGAAGAAGGTAAAAGAGCTAAAGCTTAAAGCTGAGGATGTGCTGGACCTTCAGCCTCTCAAAGAGAGCGTAGATGCTTTTTTTGATGCAGTTCTCGTTATGGATAAAGATGAAAGAATTAAAAGAAATAGACTGGCTCTTCTTTGTAATGTCAAGCAGTTATTTAATAAATTTGCTGACTTTAGCATGTTAGTTTACGAGGAGGTATAGATATGGCTAAGCGCTATTTGGTTTGGCTTGATGAGGTAAGCATTGAGGACATACCCTTAGTGGGTGGAAAGAATGCTTCCCTCGGAGAGATGATAAAAAATCTCTCTCAGCTGGGCATAAACATACCTTATGGCTTTGTAGTTACCTCCGAAGCTTACTACGAATTTGTAAGATACAACCAGTTAGAGGAAGAGATAAAGAGCATACTTAAAGGACTTAACACGAGTAATGTGGAGGACCTTGCCAGAAGAGGACATCAGATAAGAGAGCTCATCAGAGGTGGAGAGTTTCCTAAAGAGGTGGA
CP076323.1_gap31	1194399	1199147	4748	AGGATAGGTGAGAGCAACGCGGAAAAAAAAGCGCTGATCAGAGCGGTAGCAAACAGTCTGTGTATGTATGGCTCGCTCAGGGAAGCGCTATCCTTTAGAACATAATAAGCCATAGAAGAAAGGACCTCAGCATACTCACCCATCAACCATACAGAGAGTATCTCAGCAATGAATCTCGGACTCTTTATTTGGGAAAAATCAAGCTTTCTGGCAGGGATTTTTATGTTCCTAAATAATAGCATGGAAATAAGGAATGCAGAATAAAGCAAAGCTAGAAGGGATAATGATAACTTTTCCAAGAAGAGAAGCATACCTAAAGCTAAAAAACCTGCAGCATAAGAGAGTCCTACGATGATTTCAAATTTTTCAAACTTGGTTGCCAGCACCTCGTACCAAAAGAAGAAGGCGGTATGAAAAACCAGAAAGAGAAACAGCAGAAAGAGGACTATGGAAGGCAGAGAGATGAAACTCATAGATAGCGAGAGGATAAAAAGAACAAGCAGGTAAAAGCTGTAATTTAATGCACTAAAGCGATAAAGACTTAGCCACAAAAGCACGAAGCCAAGAGCGTTGAAAAGAGTTATCAGGTAACCATAGTAGCTTGCACTGAAAAGCCCATAGCTCTTTGATGGAAGGTAGATATAAGTTAGAAAGGACGAAAATATGGTGTCCATAAACTCAAAAAGCACGTAAATTAGAAAAGCCATCACCTCCCCTCTGCCACTTGCAGTTCTAACACCGCAATAAACAGCTGAACATCCCTTTTAAAACTGAGATTTACTGCAAGTCTTTTTGCAATTTCGTCCACTATAGTAAGCCCCAATCCGTAAGACTCATCGTCCATATTGAAATGTTTTTCGCCTTCCGCCACATTACTTATAGAAATTCTGAGTTTGTTATCTTGCAACTCACCCATCACTTGGATCTCAGTATTCTCTTTAGCATACTTTACTGCATTATCCAGCAAGTTAAGAAAGAGAGTGTAGAGAAGCTCATAATCAGAAAGCACCACCGCTTTTGGCACTTCATCAGCGTTTATACTCAGATGCTTACTGTAAAGATGGGGTCTGTAAAACTCTACAAGCTCATTTATGAGACCCTTTACATTGATGAGGGTAAGCCTGTGAGGTTTTAGGTGCATGTCCGAGAGCACTTTTAGATTTTTTGTTAGTTTTATAATACGCCTTATAGCTCTCTCTATGGCACTTTTTATTTCATTATCTGCCTGTACATAGGGTGCGTTCATAAGGATTATACTAAGAGGTGTTTTTATCTCGTGGGAAAGATAAAGGGCAACCTTCTTAAGTTCCTTTGAGTAAAGCTCATACTCGCGCAGGTATTTCCTTATGTCAAGTACAGACAGAAAAGCTATAAGTATGCTGGTTATAAACGTTGCAAACATTGATGAGAGTAAGAGTACATTTATTCTCCTTTCTATCCTTGATTTGGGAAGTGCTACAATGGCTTTGCAGATAGAAGTTTTGCACGGAAAGATGTTTACATAAACCAGGTAGTTTCCTATGTCCTGGATATTACCAGGCTGAGTTTTTAACTCTTTGAAAGTGTTAATATTTATAATATCTTTCATCTTCATGTTAGAGCTTAGCAACTGACCTTTCTGGTCCATTATAAGTATTAGGTAGTCGTTGCCCAAATATTGATTGTCTAATAGATCTTCGTCGTGACTCAAAAAATCCACAAGTTTCTCTCCAGTTCTCAAAAGGTATTCGCTCTCCAAGTCAATAATATCGGACCTGAAGCTAAGGAAGGTAAAGGCAAAGAAGATGCCTATAGGTAAAAGAAACTTTAAAAAATTGAGAAGAAAGAGCTTATACAGACTCTGTGGACTTTTCATACCTTAAGGTGTATCCTACACCAGGATAGCTTATTATGTCAAAACCGTAGTTTCTGAGTACTTTTCTGAGGTTATGGACATGTGTCCTGAGAGCGTCTATGCTTGCATCCTCATAAGAGACCCATGCATAAGAAAATAGGGTGTTGTATGATGTGACTCCACCTATGTTTTCTAATAGCTTTATAAGTATCATAACCTGCTTTTTTGGTAAGAAAATTGCATGTCCATTGATACGCACGGTCATGGAGAAGGGGTCTATCTCTAAATTCTCATACTTTATCGTTCTGTTCCTGGTGATGCCCTTTACCCTTCTGAGTACTGTTTCTATCCTCGTCAGAAGCTCTTCAGGGCTGAAGGGTTTTACCATGTAGTCATCCGCACCCATCCTTAGACATCTTACCTTTTCTGACACATCGTCCACTACGGTAAGGACTATAACTGGTATGTTTCTCTCATTAAGTATGGGAATTAGCATACTTCCACTTTCTTTTCCCAAAAAGAGGTCAAGAATACATATGTCAAAAGTTTCTCTCTCAAGAAGATCAATGGCTGAATTTATGCTTTTTGCCACAGCACAATCCCAACCTACGGAAGAAAAGAGCTTGCTTATAGGAATGGCAAGGTCTACTTCATCTTCAACCAGAAGTACCTTCATAATTTAACCTCACATAAAGAAAGCTCTCACCAAATAAGCTAAACCTTCTTACCTTAATTAATTTATAACCAGAGTTTTTAAGTATTCTATTTATCCTTTCAGAGAAAAACCAGGAAAAATGTGGTTCTATGAGAGCAACGATGTGCATGGGTTTGAATATTCTCTCTATACTCCTCATTATGGGTATAAAGTATGATGCATCGCTCACTACCAGATCCTCAATGTATATACTGCCCTTTCTATGACTGTATACTAAATAACCCACTTCAGCAGTCCCCGAAGTGAACATGTACGCCCTTTTACTTTGTAGTAGCTCTCTAGCTTCAATGTCGCTCAATCCCTTCCATACTTTTAATTCGAGGGACTTTAATTTCTCAAAAAGGAAGGGTGTATTTACCTCCACTATCTCCACTTTTTAGAAGTTTAAATTAGGGATATAAATTTTTTATAAAGTCAGAACTCCACATTAAACCAAATAACATACTGATTTATGTATTTCCTCTTGTTGGTGAGGTATTCAAAGTCTGTTGGCGTTCTTACTCCAAAGTTAAAGCTAGTCATTTTGTCCAAATTATAGCTGAACTTTAGGTCTGGTTCCATGCTTTTGGGAACATTCTCCTCACTCTCTACTGTGAGCAAAAGAGCCATCATCAAAAGTCCCAAAAGTCTACCTCTCCTCCACATGTGTGTACCTCAAAAGAGATGGGACTACTAATAATATAAGCCCTCCAGAGATTAACATACCACCTACCACCACCACAGCGAGTGGCTTCTGTATCTGGCTTCCAACACCCTTTGAGAGGGTGGTAGGTAAGAGTCCCATGGAGGCGGTGAAACAGCTCAAAAGCACAGCTCTGAACTTTTCTTTTGCTGCTCTCTTTGCAGACTCCACTGGCGAAAGTCCATTCAGCACATGCTCTTTGTAGGCACTCATCATAAAGGAGATGTTCAGTATAGATATGCCAAGTATGGAAACAAAGCCCACTATTGCAGAAAGGCTGAGCGGGAAATTTGCAACAAAGAGACTTACAGCACCCCCAAAAAGGGAAAAAAGGACTCCACTCATGGCAATTAGTGTGTTCCTAACCGAACGGTTAAGTATGTATAGAAATGCGGAGAGAATAAAAAGCGCCAAAACACCCGAAAATGTAAAGCGTCTGAGTGCTTCAACGAGACTTTTGAACTGTCCGCTCCACTCCATAAAGTAGCCTTCTGGAAGTTTTACATTCTTTACTTCCTCCTGAGCTTTCTTCACAGTGCCTGCAAGGTCCTTTGAAACCACACTAAACTTTATAGGTATGTACCTCTTGTAGTTTTCTCTGTATATAAAGGAGGCCCCAGTGGTGAAATACACCTTAGCTACGGAAGATAGACTTACATAAGAACCATTGGGAAGTATAATTGGGATGTCTCCTATCTTTGAAGGGTTTTGTCTTAAGTCCTCTGGAAGGATGACCAAAAGGGAAAATCTTTTGTCTCCCTCTATCACTTGTGTTGCTTCTTTTCCACCAAGCGCGGCAGAAACCGTATCCATAAGCTGCTCTACACTGAGTCCGTAAGCAGCAAGCCTCTCTCTATCCGCTTCTATCACGAGATTTGGCTGTCCTATCTCCCTGAATACACCTACATCTTCAACGCCTTCTACCTTCTTTAGCTTTTCTTCTACCTCGTCGGCTAACTTATCCAGCTTGTAAAGGTTATCCCCAAAGATCTTTACCGCATTCTCTCCCTTCACACCTGTCATAACCTCATCAAGATTGTCCTGTATGTATTGGGATATATTAATATCGGCATTTGGGAAGAGCTCTCTCACTTTCTTCCTTATGGCTTCTTCAAGGACCGCCTTATCCTTAAAACGCTTCCATTCCGAATAAGGTTTAAGGTCTATAAAGTATTCGGAGTTGAAAGGTCCTGTAGGGTCTGTGCCATCTTCGGGTCTTCCCACCTGAAACTCTACCGTTTTTATCTCGGAAAAGCTCAGAAGTATATCTCGTACTTTTTTGGCATTTTGGTAAGTCTGGGAGAGGGATATGGAGTATGGAAAGATGATACGCATGTATATGTTGCCCTCGTCCATCTTGGGTATGAACTCAAGACCAAGGTTTTTAAGGATTAAAAAGCTCACCAAACACAAACCTATTAAATACATAGCTATCCATCTACCCTTTATTTTTACAAGCTTTTCTATGACTCTGTCGTACAGTCTCTCTAAAAGCTTTACCAGACGCATTTCATCGC
CP076323.1_gap32	1208313	1211884	3571	GTTCCGATGAAAGAAGATCCTCATCAAACTCCACATAGACCCTCCCCAGCTCAAAGGAGACTTCTACGCTTTTTACACCTTTTAACCTTCTCAGATTCATTTCTATGGACCTTGCACAGTTCACACAGCTCATGCCGTCCACTTGGAGAGACATTCTCATAACATAAAAAGATCTCTGAGGTCTTGAGTTAATTCAAGGGTTTTATTTATCTACGCTTTTGGACAAAACTTTAACGATGATTTTAACTCTTGTACTTTCTTAGAAAGCTCCTCAAGCTTTCTTTCGCCAGCAAGCTTTACCAATGCGCTTCCCACCACAACCCCATCGGAAAGGTCACCTATAGCTCTTGCCTGCTCCCCCTTTGAGATGCCAAAGCCTATTACAACAGGTTTTTGGCAGATTCCCCTATATCTGTCTATATTTCTTTTTAGCCCCTCTAAAGGTAGCTCCTCTCTCTCGCCCGTTGTCCCAGTGATGGATACCAGGTAAGTAAGGTCATCCGTATGCTCACATATGAGCCTTAGCCTCTTTTCGGAGCTGGTGGGTGATGCAAGAAGGATAAGGGAGAGTCCATACTTTTGAGTGTACTTTTTTAAATCCGCAGACTCTTCCGCTGGTAAGTCGGGTACTATCAGTCCGTCAATACCACTCTCTTGCGCCAGAGAGCAAAACCTCTCAAGACCTACCTTGAATACAGGATTGTAATAGGTCATGAGTATAAAGGGTACTTCTGGAAACTCCTCTCTCAGGGTAGAGCTTATGCGCAGAACATGCTTCAGTTTTATCCCTATTCTCAATGCTTCCTCGTGAGCCTTCTGTATAGTTGGTCCATCTGCCACAGGGTCTGAGAAGGGATAGCCTATCTCCAAAATATCTGCACCACTCTTTAACACAACTCTAAAAGCCTGAAGGGATGTTTCGTAGTCAGGATAACCCGCCATAAGATAACACACAAGGGCTTTCTCTTGGCTATCTTTTAAAGTTTCTAACTTTCTCTGTAGTCTCTCTCTTCCCATACCTGTATCTCCACATCTATTTTGGTGGATTTACTGAGCATTGCATAGACACTACAGTATTTTTCTATGGACAGCTTCACAGCAGACTCCACAGCTTTTTTACTTACATTTTCTCCTACAACAGTGTAGGTTAACTTTATGCTTTCGTAAACTCTTGGAAACTCCTCTCTCCTTTTCCCCACAGCATCGATCTTTATAGTTTTTACCTTCTGCCTTTTCTTTCTGAGGATGCTGGACACATCAACGCCGGAGCAACCTGCGAGAGCAACAAGAAGAAGCTCCATAGGTCTGTATCCACGCTCACCCACTTTTATCTCACCCGAGGATGTTAAAGCTGTGTAAGTATCCTCTTCCTCAGAAAGGGTAAGACTTACACGCTTTTCTTCCATAACCTAAACGCTCGTATCTATCAAAAATAGGGACTGGCCATACTCCACCGTCTCTCCGTTTTCAACAAGTATCTTTACCACTCTGCCTCTTACATCGCTCTCTATCTCGTTCATGACTTTGAGAGCTTCTATTATGCAAAGCACCTGACCGGGGGATACTATGTCGCCAACCTCCACAAAGGGTGGGGCACCCGGTGAAGGAGACCTGTAAAAGGTACCTACTAATGGGCTTTTTATCACATGCAAATGCTTCTCTTCTGCAACCTCTTGGGAAGGAGGCAGTATTTCCACATGCTTGAGCTCTTTGTGAGCCTCTCCTCTGTGCAGTGGTTCCCTCTGATAGGTTTCTATGTGGATTTTGAGCCCCTCCGCTTCTATGCTTACAGTCTTTATGTCGCTTCCCTTTACGAGGTTTATGATCTCCTTTATAAAGTCTTTGTCCATCACTTCACTCTCTCAATATAGATACCCTTTCTTGTATCAACCTTTATAATGTCTCCCTCGTTCACAAAGAAGGGTACCTGAACCACCGCGCCAGTCTCCAGCTTGGCAGGTTTTGAACCACCAGCTGCGGTATCTCCCTTAAAAGCTGGGTCTGTCTCAATAACTTTGAGTTCTACATGCTTGGGAAGCTCTATACCTATAGGTTGACCCTTGTAAAGGAATACTACAACCGTCATGCCCTCTTTTAAAAACTTTATTTCCTCCGCTATGTTCTCTGCAGGGACGGGTATCATCTCGTAGGTTTGCTGGCTTATAAAGTAGTAATTGCTACCATCGTTATAAGAGTATTCGGCAAAAACCTGTTCAAAGTCTGCCAGCTCAATAGTGTCCGATGATTTGTAGGTAATTTCAATCACATTGCCCGTTTGCATGTTTTTAGCCTTTATCCTAACAAAAGCCTGTCCCTTACCTGGCTTTACATGTTCATAATCAAGCACTCTGTATGGCTGTCCTGCATGCTCAATGAACATATCTCTCTGCACGCTGTTTATGTCTATCTTCACCGCCATACAAGTATTTTAGCACAGGTTAAAATTTTACTGTTGTGCGACCCATTGTGGCTTTGCTTACGGACTTTGGCACAAAAGATGGTTTTGTAGGTGCTATGAAGGGTGTGATGCTATCTATAAACCCTGACCTTCAGATAGTTGATATAACCCATAATATTGAACCTTTTAATATTCTTAAAGGTGCTTTGATACTTAGGGCTCATTACAGGTACTTTCCCAAAGGTACCATATTTCTGTGCGTGGTAGATCCGGGTGTGGGCTCTGAAAGGGAACCTCTTGCCATTGAGTGTGGCAAATACACCTTTGTAGGTCCTCACAACGGAATTTTTGATCTGGTTTTGAAAGACATAAGTATGGATATACTCGCTTATAAGATAGAGCGTTACACGCTTCCAAGATGGAACGAAACTTTTCATGGAAGAGATGTCTTTGCCCCTATCTGTGCTTACTTGAGTACCGGATTGCCACTGCACGAAGTAGGGAGATCCTTTGAGTACAATTACATGCTAAAGTGGGAAGATCCACTTTCTGATGGGAAAAAGGTAAAAGGAAAGATAATTTACTTTGACAGATTCGGAAACTGTGTAACAAACGTTCCTTGTGGCAATTTCACAATGGGCGAGTTCAGAGGAGAAAAACTACGCGTAGTATCCCATTTTTTGCAGCAGAAAGTGAAAAAACCGGCTCTCTTGTGTGGAAGTTTCGGCTTTATGGAGCTTTTTATACCTCTTGATAGTGCGAAAGACAAGCTGAAAGTAAGTCTGGGAGAGGAGATCATCTTCTATCTTCCTTAACGGAATCTTAACAATTAGCCTGTAGAATTTCGTATGCGAAGGAGGTAAAAGTCATGAAGAAACTTTTCATAGCGCTGGCTTTGAGTTTGCCAATCTTTGCCTTTGCGGGCACAAACCACCCTGCTTTAGACACGCTTCTTGAGCTTCTTACAGAAAAGGGAGTAATAACACCTGAAGAGGCCATGAAGGTAGCCGACCAGCTAAGAAAGGACGTGGATAAAAGAAACGAAGATATACACTCCATGATTAAAAAAGTCCTTGAAGAAGAAAAATCCAAGTAAGGAGGTGTTAAGATGAAGAAGTTAGCCTTGGCTGTAGCAGCTTTGGCAGGCACTGCTTTAGCTGTTGAAATTACCGG
CP076323.1_gap33	1401787	1406610	4823	TCAGCCATTTTGTACACACCTCAATACATTAACAAAGGGATGGAGAGAAGTCTCTTTTTGTTTGCGTACCCTGTAGGCGGTTATGTAAAGATGAATCAGGATTTTCTGTATAAAATGAACAAAGTACTCTTATTGGTGGGATATGTTTTGATGCCTGTTGTTATTTACAAGTTTTACAAAACAGGAGAGCCTGCCCCTCTCTGGGGAGGGTGGTTTGAAGTAGGCATATTTTACTCCATATTTTCTCTTGTAGCCTTAGCCCTCTTTGTAAAAGACAGAAACTACTTTTATCTTGTCAGTTTTTTTATCTTTGTTAGCTTTGTGTTTTTGAGTGCCAGAAGGTCCTCTTTGCTTGCCCTTGGAGCTACACTTCTCATTTTTTTCTTTCTTATGAGGAGGCACATACCCATAAGATACATTACGGCAATTAGCTTGCTTCTTCTTCTCGTTGGAGGCTTTTCCTCTTACCTCCTTGTGAAAAAGGACGAGAGATTTGGCACTCTTTATCAGATTATCATCCGTCAAAAACCCATCAATGACGAAACACTAAATAAGATATCAAGTCTAAGATGGAAAAACTTAAAGGCGGGTGTAGAGGTAATAAAGAAAGATATATCTCAGGGAAATTACCTACAGCTTCTAATAGGGCATGGTGTAAATCCCGGATACCATCTTGAGCCAAAGTCTCCAATAGGTGGTGCTTACGAGTCGGTTATGTTTTTGTCTGAGTTTATACAGAGTGGCGCTCTGGGACTTATAGGCATACTGCTCCTTTATGTAAAGTATTACACTTTTGTGCTGAGGTTTCCTTTAGATAAAGAGAATGTGCTTTTTGCACCTTTCTTGCTGACACTCTCTATTCTGTTTGTGGGAGCCATCTTCACAGGTTTTTGGGATGCCCTTTTGCCCCTTTATCTTATTTGGTTTAAAATGACGGAAGAGCACAGAACTTGACTATAGTAACACATTGGTATAGTATTTTTATGCGTGAGAGAAGCACTTGAAAGTAGTATAAAGGAGACAATAAAGGAAATTTACGGAATTAATATAGAAGGCTTTACTGTTGAAAGACCAAAAGAGGAAAGTCTGGGTGATCTCTCTACAAATGTTGCCTTTCTGGTAGCAAAGGAGCTCAAGATAAATCCAAAGGATGTGGCACAGGAGCTGGCAAAAAAGCTGAGCAATGAAAAGGTTTTGGCAAAAGCAAGCGGTGGTTTTATAAACTTCATCTTTTCTGAAAATGTTTGGAGAGAGGAGTTTGAAAAGCTCTTAAAAGAGGGGGAAAAGTACTTGGTGGAAGATATTGGTAAGGGGGAGAGTGTGCAGATAGAGTTTGTGAGCGCAAATCCTACAGGACCACTTCACCTGGGTCACGGTAGAGGTGCAGTGGTGGGAGATGTGCTGGCAAATCTTTTAGAAACATACGGCTATCGTGTGGTGAGAGAGTATTACATTAACGATGCTGGTTATCAGGTTTATCTTCTGGGGCTTTCTGTATTCTGCAGGTACATGGAACTTTTTGGGGTGGAAGACAAGGAGATAAAAGATGTTTTTGAGAGGGAAGGATACAAGGGTAGTTATATTAAAAAACTCGCAGAAGATGTAAAAGCCTTTTACGGTGATGCGCTTCTCAAGGAAGAAAGACAAAAAGCAATAGAAAGGCTCAGAGATTATGCAGTAAAAAGGCTCTTGGAGGAGATAAGAGACGATCTTGAACTTCTAAACATCAAATTTGATGTTTGGTATAGCGAAAGGTCCCTTTATGAGGAGGGGAAAGTTGAGCAGGTGATAAACCTACTCAGAGAGAGGGGCTACACCTACGAAAAAGATCAGGCACTGTGGTTCAGGTCCACAGATTTTGGAGATGACAAAGACAGGGTGCTTATAAGGTCTGACGGGACTTACACTTACTTTGCCAGCGATGTGGCTTACCATTGGGAAAAGTATAAAAGAGGCTTTGCTCGTGTGATAAATGTATGGGGAGCAGACCATCACGGCTACCTTCCAAGATTAAAAGGAGCGCTATCCGCCCTGGGAGTGCCCCAAAACTGGCTCCATGTGCAGTTTGTTCAGATGGTGAGGCTCTTCAGCGCAGGACAGGAAGTAAGAATGTCCAAAAGGACTGGAGAGTTTGTAACCCTTAGGGAGCTTGTGGAAGAGGTCGGGTCTGATGCAGTAAGGTTTACCTTCCTGACCAAAAGAAGCGATACTCCCTTGGATTTTGACATAGACCTTTTGAAGAAGAAAAGCTCAGAAAATCCTGTATTTTATGTACAGTACATGCATGCCAGAATAAGGGGGGTGTTTAGAGAGGTGCTCTCAAGATTTGGCATAGATGCAGACAAGGAAGAGCTTAATAAATTTGTCTATAACTTAAGGGAAGAGCAGGAGCTAAAACTTGTAAAGAAGGCAGTATCTCTAAAAGACTCTATAAAAGAAGCAGCCCTTAGATGGCTTCCTCACATAATAACCTATGAACTTATAGACCTTGCTAAGGACTTTCACAACTACTATAACCATTATCGCGTTATAGTTGAAGACAGAGAAGTTATGCTTTCACGGCTTGCTCTATTCAAAGGCATTGAAACCTCAGTAAAGTTTGCACTAAAATTAATGAAGGTATCCGCACCAGAAAGAATGTGAAGGAGGAAAAAGATGAAGAGGGAAAGGTTGGTAGTCTTGCTAGGCATCTTAGTAGCCTTAGTCTTCTTTTATTTAGGACTAAATGCTTGGATTAAAAATAAGGAGGAAAAGATCACGCCACCCCCTGTAGTAATACAACCCAAACCCCAGCATACAGCACCCCCAACTCCACCATCTGAACCAGCACAGCCACCCGCAGAAGAAAAACCCAAGGAAGAAGAGAAAAAAGCCAAAAAGGTGGAAGAAAAGCCTATTGCAAAAAAGATAAAACCTGCAGAGGAAAAGCCTAAGGAAGAGAAAAGGAAGGAAGAAGTTAAAAAACCTGAGAAAGAAAACCTTAAACAAAAGACTTACTTGGTTCAAGTAGGAGCATTTTCCAAAGCTGAGAATGCGCAAAAAGCTCTTAAAAAAGCAAAAGACTTAGGTTATAAAGGTTCAATAGTGGAAGAAGATGGTCTTTATAAGGTAAGATTGAAGATCACTACAGCGGATATAAGGAGGGATGTGAGCAGGTTAAAGGGTCAATTTGGTAGCGTAATTATCAAACAATGAAAAAGTCTATTTTTTTTATATTTCTTGTCCTGCTATCGTGTGCAGTCAAAGATGAACAGACAGCAAAAGAATGGCAGTACTACTACGATATGGGTATGTCCTCCTATGTGGCCAAGAATTACTCCGATGCTATAGCTAACTTCTTTAGGGCTACGCAGATAGCACCTAAGGAGCCAAAAGTGTGGAACGCCCTTGGACTTGCCTATACGGAAGCTAAGGAGTTTCAAAAAGCAGAAAGCTCTTTTCAGAAAGCTTTAGAAATTGATCCCGCATACACAGAAGCCAAAATGAACTTAGGCATACTTTATTACAAAGCAAAGGACTACGAAAAAGCAAAAAACATCCTTGAGGATGCGCTAAAAGACGAAACTTTTTCGCAGAAGCACATGGCTTATTATTACCTTGCAAAGGTTTATAAGGCACTGGGGGAGGACAATAAATATTTGGAAAACTTAGAGAAGGCTACCGCGTACAACCCACTATTTTTAGAAGCTCAGATGGAGCTTGCAGAAGAGTACGAAAGGAGAGGAGAGTACGAAAAGGCAAAGTATGTTTATACAACGCTTCTTAATAACAACGTAGATATCCCTTTAGTCTCTCTTAGCCTCGCAAGAGTGGACTTTGAACTTGGCAATTACGAAGAGTCCAAGAGCATCATAAAAAGTATTCTTGAGAGGAAGGATAGCGATAATTTTGTAAAAAGTCAAGCATACAGTCTATTGAATAAAATACTTATAGCTGAACAAGAAAGATACATACGCAGTTTATCCAAAGGAGTGGAAAAAAAAATGGAAGAAGAACAAAAACCAACAACATCACCATTCACTAAAGAAGTGCAACCTCCGGTGCAGGAAAAGGTCTATGCCATACAGCTGGGAAGTTTCTCTTCTTACGAGAGAGCAGATGCTTTTAAGAAGAAGTTAGAAGGTTCACTCAAAGATGTGAGAGTGGTGGAACAGTCGGGGATTTATAAGGTTATATACGGAAGATTTACCAGCAGGGAAGAGGCAGAAAAGAAGCAAAGAGATCTTCTAAAAAACTTTAATATTCTGGGGTTTATAGTGGAACAGTGAGAAGTTATAAAAATATGAAAGAGATAACCATGAACGATTACTTAGAATTCATAAAAGAAAACGATTTTGTCATTATTGAAAGTGTAAAAGTAAAGTTAAACAAAACTTGGAGCATCAAATCATACGGTCCTAAAGAATACTTTCCTGAAAAAACAACTGTCTGGAGTTTTCCCAATAGAGGGAGTTGGGCAACTCATAAGGGAAATTACAGAGGAAACTGGTCTCCTTATGTTCCAAGAAATCTTATTTTAAAATACACAAATAAAGGGGATTGGGTCCTTGACCAGATGATGGGAAGTGGAACCACGCTTGTTGAGGCAAAATTGCTGGAGAGAAATGCAATAGGTGTTGATATTAATTTGGACGCTGTAATGGTTGCTTTAGATCGTTTAAACTTCCCTTACGGGCAATCAACTATAAAAACATACTGGGGAGATGCAAGAAACTTAGATAAGATTGAGAGCCAAAGCATTGATTTAATCGCTACGCATCCACCTTATGCCAATATGATCTCCTATACAAAAAACAAAAAGTTAAGTGATGATCTTTCACTGC
CP076323.1_gap34	1435344	1439610	4266	CTGAGTTTGATTATTAGTTTATCTCCTTCTTGCTTAAAAGTGTTAGCGTTTCCTTCTGCTGAGAAGTTCATCAAGTATTTGAGTTTTTTGGGTTTTGGGGTTCTTGGTACTTCTTTGAACCTCTCAGGATTGGCTCTAAAATTTTCAACAGCTTTGAAAAAGCTCTTAAAGTCTCTTATAACTTGACGAATGACGTATTGAACATAGTGAGGATTATCTATCCTTTCTTTCTGGGTTTTGAGTTTTTTAAGTAGTTCTCCCAGCTTAGGATTGCTCTCTATGTTTTTTAAAACCTTTTCAAACTCTTGTCTATATTTACCTGTGTAAGTTTTGGCAACAAGACCGTAAAGAATGGACTGATGGAGAGGATACATTCCATAAAGCTCCTTGTATTTTGTGATAAGGATTATGAGCATGTTTCTAAAGTGTACAAGGTCTAAAAGTAAAGTTCTTACCTTTCTTTTTCTTTCCTTCCCGCCTACTCTTATGGTAAGAACTCTTTTACTTGAGAGCATCCTATACCGCTTAAAGTAATTACTTGACTACATTTTACCAAGAGTTGCTAAAAAATTTCAGTTATATAACTTATCACCTCCTCAAGGCTCGTACTCTCGTCCATGTGAAAGCCTTCAATGGGAAGGTCTCCCAGCACTATCTTTTTTACGCCTTTGAGAGATTTCCACCCTTCAAGTATAACTATGTCAAAGTCTGAGAAGTATCTCTCCACTATATGAAGGGGGTCATCCTCTACTCTTTCCCACAGCGTCAGCTTTCCCTCCGTCAGGAGGGCCACCTTATCCAGCACTTTAAAGAGCCTGTATGTATCGCTACCCTCTTTGTCAGTAATGCCATGACCTTTGGGGTCGTGCTTGATGTATCCAACTTTATAACCTCTTAAGGATAGTTCCTTTGAAAGCTTTTCTATAAGGGTGGTCTTTCCAGTATTGTGATATCCAACAACGCCAACTATCTTTGGCATACTTAGCCTTCAAAAAGCTTTATTCCCTCCTGTAGCACTCTCTCCACCTCTTCCTCCGTAGGCATCTCCACATACACCCTTATAAGAGGCTCAGTCCCAGAAGCTCTGAAGAGTATCCAGCCATCGTTTTCAAAAACCAGCTTAAGACCGTCTAAGGTGTTTATCCTTATTACCTTATGTACTGCAAGCCTCTCAGGGGGATGGGATTTAAGCTGGGCAAGCTTTCTCTTTTTATCCTCCTCCGCACGCATATCGTACCTTCTGTAGTAGGCACTACCGTAATCTTTAAATATCTCCTCTATAATCTGAGAAAGGCTTTTGTCCTTTAGAAGCAAAAGCTCAAGAATGTTAAGACCAGAAAAGAGACCATCCCTCTCTGGAAGGAAGTGAACTATGCCATAGCCTCCGCTCTCCTCACCTCCGAATATAACTTTCTCTTGGAGTATAAGCTCGTTTATGTTCTTAAAGCCCACCGCCACCTCTTTTAGCTCAACGCCTTCTCTCTGGCATATCCTATCCGCCAAATAAGTGGTGGATACGGTTTTTACAACTATACCATCCTTTAATCCCTTGTTTTTCAGAAGATGATAGAGCAAAAGCACATAAACAAGCTGTGCATTAACAAACTTTCCTCTCTCATCTACCAGAGCTATCCTGTCTCCGTCCCCGTCGTTGGCTATACCCAGAAAAGCTCCAACGCTCCTGACTTTCTCCATAAGTGGCAACAGGTGTTTTTCCACAGGTTCTGGCGCATGACCCCCAAAGAGCGGATCTCTGTAGGACCTTATGGGAATAGTGCTTATTTTAGTTCCTGCCAGCACCTGCGAGTAGGTGTTTACCGAAGAGCCATACATGGCATCGTGAACTATAAGCACCTCCTTCTCATAAAACAGCTCCGTATTTATAAAGTCCTTTACTTTCCTTATATACTCTCCCCACACATTTATAGACTCTACCTTTATACCTCTTGTATCTACAATTTCCGCACTGCTTAGCTCTTGCTCCACCCTCTTTACAAACTCCTCCGTAGCAGACCCACCGAAGCTATCCTTTATTTTGTATCCGTTATACTCGGGAGGATTGTGGGAAGCGGTTATCATAACCCCACCGTCAAAGCCCATGTATTTGACAGCAAAGGACACCATAGGCGTGGTGCAAGACCTGTTGGTTATGTAAGCTTCAAATCCCAGAGCCTTAAAAACTCTGCAAACCTCCTGTGCAAACATCTCTGACATGAACCTATGATCGTAGCCAACAATAACTTTGTTTTTGCCTTGCTCAGACAGCACCTTAGCGTGAGCAAAGGCAACCCTTTTGACATTCTCAAAAGTGAAATCCTCCCCTATTATAGCTCTCCAACCGTCAGTACCAAACTTTACTTGCATCTTGTCAACATTATACCAGATTCGTATATTTTATATAGAGTATGCAGGGGGCGAATGGATTCGACGGGGACAGTAGGCAGAGAGTAGCAGGCAGGTTGGCAACCTCAACAGCCAAAGCGAAACACTTCCCGAAGCTGAGCTCGCTCTCGCCGCCTAACTAAAGGCAGCGGCTCACCGGTGGCTGCACCTCTGGGTTGCCGGATGGGTTCAGAGACAGAGGTGTAGGGAGAAGGTGCTGTGGGGTGCACCTCTTCCGAAAGCTAAACCCCACCTGCCTTCGGAGGTTTGCAGGTGGACATCCGGAGGTCAGTACCAAAACACCTGCTAAGCCTGTAGAGGCTCCCTAGCCGGGCTGTCCTCGGACGGGAGTTCGATTCTCCCCGCCTCCACCAGAGCAAATACCTACTCTAGTTTTTCTCTATCGGTTTAATTAACATTCTCCCAGCGGGCTCTGTCTTTGTAGCTGTATGGGTCTTCAAGCTGTTTTTCTATAAATTCATCGGAAGCTCTTTTAAGAAAGAGCATACCAAAGATATACTCCTTGTATTCGTTTGGGTCCATCTTCCCCCTGAGAATATCTGCTGCCTTGAAAAGGTGGGTCTCAAGTTCCTGAAGGGTTATCCTCTTTTTTTCCATTTCTTAGGGCACCTCCACCTTGGTGAGTATCTCTTCTATTATAGCCTTGGGGTTTGTGTCTGTTCTCGTTATTATTCTGTGAGGAAGCACCAGCGGAGCAAGCTCTATTACATCTTCTGGGACTATAAAGTCTCTGCCCTTTACATAAGCCAAAGCCTTTGCACAGCTAACCAAATGGATAGCACCTCTTGTGGATACTCCCAGCAACACATCCGGGTGATTTCTCGTCTGGTTTACTATCTCCACAACAAACCTGCCCACATCGGGGGAGACATAAAACCTCTTTATCTGTTGTATGGTGCTTATAAGTTCCTGTGGCTTTACTGCAGGGTTTAGCTTGCTTACCTTCTCAATAGGATTTTCCCCCCTTATAATCTGCACCTCCGTGTCCGGGTCCGGATAGCCTAAGGATAGCCTCATGCTAAATCTGTCTAACTGAGATTCAGGGAGTGGGTAAGTGCCATACTGCTCCACAGGATTCTGAGTTGCTATCACAAAGAAGGGAAAGGGAAGCTCGTATGTTATACCATCTACACTTACTTTGCCCTCAGCCATAGCTTCCAGCAGCGCGCTCTGTGTCTTGGGAGTTGCTCTGTTTATCTCATCCGCCAGCACTATGTTGTGGAAGATAGGACCTTGCTTAAATACAAAGGCTTTTTTGGACTGATCGTACACGCTCACGCCTGTTATGTCGGAAGGCAAAAGGTCGCTGGTGAACTGCACTCTTGCAAAAGAAAGTCCAAGCACCTTGGAGAGGGCAAGAGCAAGCGTAGTTTTGCCAACTCCCGGCACATCTTCAAGTATGAGATGTCCACCAGAGAGAAAGCAAACCAGACAGTAAGTTATTACCTCGTCTTTACCTTTTAGGACTGAGCTAACATCCTGCACAACTTTCTGCACATCCATAAGCCTTTACCCCCATGCTATAATTTTAAACATGCAGATTAACGAAAAAAGTATTGTGGAAAAAGTAAAAGAGCTGGCAGAACCTATAATTAAAAACTTAGGTTTTAAACTGTTTGATGTGGAATTTAAACCAGAAAGAGGGTGGGTTTTGAGGATAATACTGGACAAAGAGGGGGGTATAACTGTAAGCGACTGCGAGGAGGTAAGCAAAAGACTAAGCGCACTTCTTGATGTAGAAGACATAATACCCACATCTTACATACTTGAAGTTTCATCACCGGGTCTTACCAGAGAGCTTACAAAACCTGAGCATTACGAGTTTTTTAAAGGTAGGTTGATAAGAGCAGTTTTAAGAGAAGC
CP076323.1_gap35	1440808	1443242	2434	CTTTGTAAGATACGCAGCGCCAATGGAACTCCTTTCTGCAGAGGTCATAAAAGAAAAGGGGGACCATATAGAAGCTACCACAAAGGAAGTTATAATCAAATCACCCTCACGGAAAGACCCACCCTGCAGGTATTACTACTACTGTGGAGGTTGTCAACTTCAGCACATAGATACAGACCAGCAGGTGAGGATAAAAGAAGACATCCTTATAGAAAGCCTCAGGCGTATAGGAAACCTGGAGATAAGCGCCTTAGGTGAGAGCATAAGGTCAGCGCAGGATTTTGGATACAGAACACGGGCGCAGTTTAAGGTCAGCAATGGGAGTTTAGGCTTCTTTGCGTGGGGGACTCATGAGCTTGTAAAGATAGACCAGTGCCTTTTGATGCATCCGGCAATAAATGACCTCATACCATCCTTTCAGGAACTTAGCAAGAAGATTCTGCACCTTCAGGAATTGCATGTGCTTTACTCACCAAACGAGGACGAATTTCTCCTTAAAGTAATAACTCCCACCACTTACGATGCTGAAAAACTCAGGAAGCTAAAAGAAAATGTCCTGCCTAAGAAAGTGGTGGGTATAGGAAACTACTCAAAACTTGGGGATCATCTTTTGAAGAGGTATCACATAGGAAGGGGTTTTACCTTTATGCAGGTAAAAAATTACAGATACAGAGTAAGCAATGACTCGTTTTTTCAGATAAACTTCACCCTCTGGGAGGACCTTCTAAACAGTGTAGTGGTGAGGGATAGAAGAAGAGTAATTGAACTTCACTGTGGAGCAGGATTTTTTAGCATACCTCTTTCTGAGGGAAACCACTTTGTCATCTCATCAGACACCAACGCAACTGCCATAAAAGACGCTCAGTATAATGCCAAGCTTAACTCAAGAGATAACATAGTCTTTTTCCACGAAAGCGCACATCAAACTCTCAAAAAGCATGCAGGTGAAACCATAGACCTTCTGTTCCTTGACCCACCAAGAGGAGGACTGACCACCGATGAGCTTAGCCTCATTCTTCAGAACAAGCCGAAGGAGATCGTTTATGTTTCTTGCAATCCCACAACCCTTGCCAGAGATCTTGGTAAAATGGTGCGTGGAGGCTACAGCTTGAAAAGTGTCAGGCTCATAGATAACTTTCCTCAGACCTACCACATAGAGAGCGTTGCACATCTTGAGCTATAAAGAAGTTGTCGTACTTTTCAGTATTTACATAAAAGCTGTCAGAATTATAAACCTTAAGGCTTTGGAAGTTTGACGGATGATCATGGTAGGTTTATCATTCAAGTGGGGGAAGGTGTTTATAGGTAGCCAATTGCCGCCTGCTGGAAGATGGCTATCTACAAAAGGGCGGGATACAAATACACCAGCCATAGGCTTTTGACAGCCTATGAGAGGGAAAGAGCCATGTATGTAACAAAGAGGAGCGGTGTTGGAGAGCCTATGGACATATCCAAGATACGCATAGTTATAGACTTTGCATGTAAAGGGTTAAGGGTAGATCCTCTTGAGCTGGAGGCAGATGCTCAGATACAGTTCAGAGAGGGCATATCCACAAAGGAGATACAACAGCTCCTTATAAGGACAGCTGCGGAAAAGGTATCTCCGGAAAACCCAGATTGGCAGTATGTGGCAGCAAGGCTTTTGCTTTACGACCTTTACAAAGATGTGGGACACATAAGGGGATACAAGGTAAAGGACAAGATAAACGGCAGGTATAAGCCTTACAATCCCGAAAGCTTTTATAACCTTGTAAAAAATTACGCTGAGAAAGGCATATATGGAGAGTATCTGCTCAGGGAGTATTCCAAAGAGGACTTTCAAGCTTTGGCAAGCTACATAAAGCCAGACAGGGACTTACTCTTTAATTACACAGGCATAAAAGTCCTGTATGATAGGTATCTGGTGAGGGATGAAGAGGGAAATGTTATAGAGCTTCCACAAGAGATGTACATGCTAATTAGCATGAGCTTAGCCTTGCCAGAGAAAAAGGAGGAGAGGATAAAGTGGGTTAAAACTTTTTACGACCTTATGTCTAAACATGAGGTGTCTTTGGCTACACCGACGCTTATGAACTCAAGAAGACCGCATACACAACTCTCCTCCTGTTTTGTTTTGACTGTAGATGATGACCTTTATGACATATTTGACAACGTGCAAAAGGCCGGGCAGATATCCAAGTTTGCAGGAGGGCTGGGCGTATACCTGGGCAAGATCAGAGCAACAGGCTCACCTATAAGGAAGTTTAAAGGTGCATCTTCGGGAGTTCTGCCAGTGGTCAAGATATTAAACGATGTTATGGTTTATGTGGACCAGCTTGGCATGAGGAAAGGTTCTGCATCTATAACCCTTGACATATGGCACAAGGATGTTATGGACTTTCTGGAAGTAAAGACCAATGTGGGAGACGAGAGGAAAAAAGCTCACGATATTCAC
CP076323.1_gap36	1501088	1504083	2995	GGCCGGTCTTATAAGGTCGTTCATTCCTGCATCAACTATTACAAAATGTTTGTGTCCCTTGTCTTTTAAAAACTCAACGCGAGTTATTAAAATGCCTGCATTGCCCACTATAGACCTTCCGGGTTCAAGGATAATCTTAGCATCTATACTTTTCAGCGCAGGCATGACAGCTTCTGCCAGGTCCTTTGGCTCTGGATTGGATTGGTCTGGTTTATACTTTATGCCCAGCCCCCCTCCTATGTCCACATACCTGATCTCAAAGCCAGACCTGACAAGCTCATGATACAGATCCACCACTTTTTCTACTGCTTCTATGTATGGAGAGACATCAAGGATCTGAGAGCCTATATGACAGTGTATGCCCACCACCTCAAGGTTTTTCAGCTTTCCGGCGTATTCGTATTCCTGCCTTGCATGTTTTATATCCACTCCAAACTTGCTTTTCTTCATACCTGTAGATATGTACGGGTGCGTTTTTGGGTCCACATCCGGGTTTACTCTTATGGCTATTCTTATCTTTTTCCCTGAGCTTTCTGCAAGATGGTTCAAAACATCCAGCTCCATACGGGACTCTACATTAAACATGAGTATGTCGGACTTTATAGCGTATTCCAGCTCCTTTACAGTTTTTCCCACACCAGCATACACTATCTTGTTGGGGTCAACTCCGGCCAGCAGTGAAGCATAAAGCTCACCGCCTGATACTATGTCAGCACCTGCACCTTCCTCTTTTGCGACTCTTATGATGCTTGGATTGAAGTTGGCTTTTACAGCATAACATATAAGGGCATCTGGGAAAGCTTCCCTGTATGCTCTTACTCTGTCTCTTATGTGAGAGGCACTGTAAACATACAGAGGCGTGCCAAACTCCTCTGCAAGGGCTTTAAGAGAAACACCTTCTAAGTAAAGCTCTCCATCTATGTACTCAAGATACCTGTTGTACTCTTTTAGCATGCTACTTTCTCTCCTAAGAGCTTTTTTCAAAGGTAGTATATTTTATCAGATAGTCGTACATAGAGATATAAGCAAAAAACACTGCTATCCATAGCATCCATCCACCTAAGGGGCTTCCTGCCGAGAGTAAGACCAAGCTCAGGAATTCAAAGAAGGTTTTTGTCTTGCCCAGGTATGAGGCCCGCATTGTATAACCTTTCTCCGCACCCATGCTCCTCAAGAAAGAAACTAAAAGCTCCCTTATTAGCAAAAGAAGAAAAGCTACTGGATTTACTTGTTGCATGTAAAGAAAGGCAGAAAGTATAGACAGGAAGAAAATTTTGTCCACCAGAGGGTCAAGGAGGGCACCCCATTTACTTTCCTGTCTGTTCTTTCTTGCTACGCTACCATCCAGCAGGTCCGACAAGGCTCCCAAAAGTATCAAAACTAAAGCCCACCTTAATTGCCCCAAAATAACAGTATAAAAGGCTGGGAAAGTGATAAGGAACCTCAGAAGGGTTATCAGGGTAGCCATCCTAAGGATTTTAACATGAGCTGTCCCTCTAAGTCCTTTATTAGCTGGTATGCAGCTCTTCCAGAAAAGCCATACCTTTCCCTTGCCCAATCTAAGGCTCTCTTTTCAAGCTCCTCTTTGTCTATAGCCAGACCTTTTGCTTTTGCATAGTGCATAACTATGTCCAGATACTCCTCTTTGCTAAAGGAGAAAAAGCCCAGTCTAATTCCAAACCTTTCTACCAAAGAGACTATCTGAATACGCCTCTCCTCTGGAAACTTCTCTTCTTCCAGGTTTTCTGGCATTAAGTTCCTTCTGTTGGAAGTTACATAAATTACCACATTCTTTGGTCTTTCTTCCACATCGCCATCAAGAAGAGATTTTAGCACATTTACCTGCTGGTCGTGTCTTTCAAAAGAGAGGTCGTCAAAGAAAAGTATGAACTTCTGGCTTGTTCTCCTGAGAAGTCCGTAAAGGTCCGAAAGGTGCAAGATGTCCATCTGATAAACCTGCACAAGCCTTAGCCCTTTGCTGGCAAAAAGCCCCAGCATAGATTTGACCAGGGAAGACTTTCCTGTACCTCTGTCCCCCCACAGAAGCGCATCGTGAGCAGGAAGGTCCATAACGAGCTTTAAGGTATTTTTCCTTAGCTCTTCTTTCTGTCTTTCTATGTGCAGAAGGTCTTCAAATTTGGGAATGTGGGGGTGCTCTATGGGTTGGAGCTCTCCATCTTTGAAGCGGAAGGCAAGAAAGCTGTCAAAATTTATCCCCATCTTAACTTCTCCTTTAGGATCTCAAAGAATCCTCTTTTGGGGTTTGGATACATAAGGCAGTAATGCTTTGACTTTTTAATAATAATCTCTTCACCCTTTTTGAGTGCCATACCCTTCTGACCGTCAAGGGTCAAAAAAGCCATATTATCTGGTGATAGGTTTACTATCCTTATCTCAAAATCGCTGGGAAGTACCAGAGGTCTATTGGAGAGAGTGTGGGGGCATATGGGTACAAAGAGGAGGTTTTCCGAGAGGGGATAGACTATTGGTCCTCCGGCGGATAGTGCGTAAGCTGTTGAACCCGTAGGTGTTGAGATGATAATCCCATCCCCGTATACCCTCATCATGAAGTCTTTTCCCGCATAAGCGTCAAGCTCCAGCATGCGTGCTATGGTACTTTTGGAGACCACCACATCGTTTAGATAATCGCCTAAGAAGTGTTGCTTGCTCCCTCTTTTTATGTATGCACAGACCATCATCCTTTTTTGAATACTGAGCCTACCTTCTAAGAGAAGCTCCAGCATCTCAAAGGCATCTTCCTTTTCTACCTCCGTAAGAAAGCCAAATCTACCCTCATTTATGCCCAGTATAGGTATGCGGTGCTTGGCTACCAGTCTTGCACCTGCCAAAAAGGTGCCATCACCCCCTATCACCAGAAGGAGGTCCTTGTCTTTGAGGTTTAGCCTGCATCTGTTGCCTCTGAGGTTTACAAATATCTCTGTGGATATGCCCTTTCCCTTCAGAAACTCCTCTATCTTTCTGGATGTTTCTATGG
CP076323.1_gap37	1505269	1508143	2874	AGCCATTTGCTCTGCATCCACATCCTTTGAGAGCATGTCCTCCCAGTCTGGTCCCCCCACCACTATCATGTCTTCCAGCCTGTTTAAAACCACCTGTCCCCCAAGACTTACCACTTTTTGGGCAAACCACTTGAGGTGTCTCATCTCCTGCCTTGCTATGACCTCTATCTCCTCCGTTATGTTCTTGTCGGTTATGAGGAAGATATGATAAAGGTACTGGACTATGGCGGAGTGTTCAAGGGCAACATTGTAAAGAAGCAGGTTGATAAGCTCTCTTTTGTTCATGTTCATCACCTCAATCCTATTTGGTACACCTTACTAATATACTCGCTTACCATCCTGTGGGTATTGAAAAAGGGTCCCACTGTGGCTATGGAGTTCTTCATCATGAATACCCACTGGTCTTTGCTGGTATAATACATAGGCAATATAACATAGGCGAGTTTCCCATATATGTCCTCCAGGTCTTCCTCGTCATTAGACTCGGACATATCGCTCCAGCTGGGTCTGGGACCTATTCCCCAGCCGTTTATGCCCTCTATGCCACCCTCCAGCCACCAGCCATCCCATGTGGAAAAGTTTAAAACTCCGTTCATGGCAGCCTTCATACCGCTGGTGCCACAAGCTTCGTAGGGTCTTTTGGGATTGTTGAGCCACACATCGCACCCAGCCACCAGAAGCTTTGCCATGTCTATGCTGTAGTTTTCAAGGAAGGCAGCCTTCACTTTGCTGGTTCTTTGTTTTAGAGCCTGAATTTTTGAGAATATGTCCGCTATCATCTCCTTGCCCATCGAGTCCTTGGGATGAGCTTTGCCTGCAAAGACTATCTGAAGCTCCCCAAAGTGCTCCGCTATGTAGATGAGCCTGTCTATATCTCTGAGTATTAGGTTGTTCCTCTTGTAGGCTGTGACCCTCCTTGCCACTCCTATGGTCAGCACATCATCGCTGAAACCAGCTCCTGTTGTCTTGTTTATGTAGTTTACAAGCTCGTTCTTGACTTTGTTGTGCTTTTTGAGAAGAAGTTCAGAAGGCACTCTGTAGACCTGATTTAGCAACACCGGGTTTTCGTCCCACGCGGGCATGTATTCGTTGAAAAGCTCCTGAAGCTCGGGATGTATCCACCTTCTGTGGTATACGCCGTTGGTTACATACTCAAGCTCACAGGGACCCTCTGTGGGAACTTGGTCTATCAGTATGTTTTTTGTCACAAACATGTGCTTGTAGGATACTGCGTTTACCTTGCAGGAGTATCTCAGGGCAAAAGCGGACAGGTTTAGAAAGCCGTCAATGGCTTCCTTGTTCCAGTCTATGTGGTCATAGAGCTTTAGCTCCTGCTTTACCATGTCTATGGGGAATTTGTCGTGTCCTGCAGGCACAGGCGTGTGAGTGGTAAAAACGCATCTGCTTCTTACCTTCTGGAAGTCTCCTAGCTCTCTCAGAAGCTCCACCACCAGCAGGGCGGAGTGGCTCTCGTTTTTGTGATAAACGCTTATGTTGTATCCGAGAGCTTTCAAAACCCTGTAACCTCCTATACCCAAAAGCATCTCCTGCCTGAGCCTGTATAGACCCTCGTCAAGGTATAGCCTTTCGTTGAGCCTCCTTATGTCCGGCTCATTCCCGGGAATGTCAGCATCTAAGAATATGACCTTTATGTCTCCGTGCCCCCTCAGTGTGTACTCCCAGGCTCTGACTTTCTGTTCCTTATCGCCAAAGTGCATCCTCACTTCCACATCAAGGGGGGTGAGTACTTTCTTATAATCCCAGAGAGTGTCAAAATCCAGCTGCATCCCGTGATGCGTTATCTTTTGAAGCGTATAACCTTTCTTGTAGAGGAGGGTGATACAAACTGCGGGAATGCTCAGGTCCGCAAAGGAGTAGAGGGTATCACCCGCAAGGGTTCCAAGTCCTCCACTGTATGTGGGTATTCTATCCTCAAGACCAAGCTCCATCACAAAATACGCTATCATAGCCTTAACCCGGCGGAGTATATTTTGACAAAGTACTCGCTCACCATCCTGTAAGTGTTAAAACACGGACCTACAGTTGCTATGCTGTTTTTCATAAGCTTTACCCACTCATCCTGATAGTTATAATACATGGGCAGTATTATGTGCTGGAGTTTTCCGTATATGTCCTCCAGGTCTTCATCGTCGCTGGACTCGGACATATCGCTCCAGCTGGGTCTGGGACCTATTCCCCAGCCATTTATGCCCTCTATGCCACCCTCCAGCCACCAGCCATCCCATGTGGAGAAGTTTAAAACTCCGTTCATGGCAGCCTTCATACCGCTGGTGCCACAAGCCTCATAGGGTCTTTTGGGATTGTTGAGCCACACATCGCACCCAGCCACCAGAAGCTTTGCCAGCCCTATACCGTAGTTTTCCAAAAAGACCATCCTCAGGCTCTTTGTTTTACTTTTTGCATAGCTTATCTTGTCGTTTATGTCCTTTATGATAGCCTTGCCATCGCTGTCCGCAGGGTGAGCTCTGCCGGCAAAGACCACCTGAAGACATCCGAACCTCTCGGATATTCTTATGAGCCTGTCTATGTCTTTGAGTATGAGGTTGTTTCTCTTGTAGGCTGTTATTCTCCTTGCTATACACAGTATGGGACACTCGGGCACGAAACTAACATCGTAATTTTTGTTTATAAAGGTGATCAGTCTCTCCTTAGCTTCTGAGTGAGCCTTGAGGAGTTCTATGGATGGTATGTCATGAGCCTGTTTGAGAAGGGCAGGGTTATCATCCCATCCTAGTATGTATCTGTCAAAGAGGTCCTTTATCTCCTCGCACACCCATCTTCTGTGATAAACTCCGTTGGTGATGTAGTCTACATCTCTGAAGGCATAGCTCCTGCGGGTTATAAACCTGTGCC
CP076323.1_gap38	1603139	1605017	1878	AGTTTGAAGGTGAGGATCTGCCACCTGTCAGACACGGACTCAAGACCAGGAGGAGATTCATTGACGACAGGGGTAACTGGGCAGAGGAGGACCTCTACCTTGAGGTGGCACAGCACATAGGAGAGAAAAGGGTCAGATGCATAGCCATGGGAGCTACGGATGGATTGGTAAGAAGTCAGGAGGTTGAGTATCTGGGGGGTCCCATAAAGGTACCTGTGGGAAGGCCCACCTTGGGAAGGATATTTAATGTGGTAGGACAGCCTATTGACGAGGCAGGAGAAGTAAAGGCTGAAGATTACTGGCCTATGTTTAGAGAACCTCCCCCCTTAGAAGAGCAGTCCACCAAAGTGGAGATATTAGAGACGGGTATAAAGGTGGTGGACCTTCTTGAACCTTATGTCAAAGGCGGTAAGGTAGGGCTCTTTGGCGGTGCGGGTGTTGGTAAAACCGTCCTCATGCAGGAGCTTATTCACAACATAGCCAAGTTTCACAAGGGCTTTTCGGTAGTCATAGGGGTTGGAGAGAGGACGAGGGAAGGTAATGACCTCTGGCACGAGATGAAAGAGTCTGGCGTCCTTCCTTACACGGTGATGGTTTACGGACAGATGAACGAACCACCCGGCGTGCGTTTCAGAGTTGCTCAAACGGGTATAACTATGGCAGAGTACTTCAGGGATGTGGAAGGTCAGGATGTGCTTGTGTTTATAGACAACATCTTCAGGTTTGTTCAAGCAGGGTCTGAGGTTTCCACACTTCTGGGAAGGCTTCCTTCTGCTGTGGGTTATCAGCCTACGCTAAATACTGATGTGGGTGAGGTTCAGGAGAGGATAACTTCCACCAAGAAGGGGTCTCTCACATCCATACAGGCGGTGTATGTGCCAGCTGACGACATTACGGACCCTGCACCTTACTCAGTCTTTGCTCACCTTGATGCCACCACCGTTCTTGCCAGGAGGCTTGCGGAGCTGGGCATATATCCAGCTGTGGACCCCCTTGAATCCACATCCAAATACTTAGCTCCCGAGTTTGTAGGTGAGGAGCATTACACGGTAGCCATGGAAGTAAAGAGAATACTGCAGAGGTACAAAGAGCTTCAGGAGATCATAGCTATACTGGGTATGGAAGAACTCTCCGAAGAGGACAAAGCCATAGTAGGCAGGGCAAGGAGGATACAGAGATTCTTAGCTCAACCCTTCCATGTGGCGGAGCAGTTTACCGGTATGCCGGGCAAATATGTAAGACTTGAGGATAATATAAGAAGCTTTAAGGAGATACTCACAGGCAAATACGACCACCTTCCCGAGATGGCTTTTTACATGGTAGGCACCATAGAAGAGGTGGTGGAGAAAGCCAAGGCTCTTGGGGCAAAGGTTTGAGGAAGGACGGCAGAAAGCCTAACGAGCTAAGACCCATAAGAATAGTCAGGGATTACTTGCAGCATCCCGAAGGCTCTTGTTTAATTGAGTTTGGAAACACTAAAGTCATATGCACCGTATCTGTTCAGGATGGCGTCCCACCCTTTTTGAAGGGGAAAGGTCAGGGCTGGATAACTGCGGAATACTCCATGCTCCCAAGGGCAACCATCACCAGAAACATAAGGGAATCAGTGCAGGGAAGGATAAGCGGCAGAACCCACGAAATTCAGCGCATGATAGGAAGAGCTATGAGAACTGCCCTTGACCTTACCAGAATAGGGGAGAGAACCTTTTGGATAGATTGCGATGTTATACAGGCAGATGGTGGAACAAGGACAGCTTCCATAACGGGTGCCTTTGTAGCTCTCGCAGATGCGGTTATAAAACTGTACAGTGAGGGTATTTTGAGTAGCACGCCTATAAAGGACTTTGTAGCGTCTGTGAGCGTTGGCATGGTAAGCGG
CP076323.1_gap39	1645809	1646695	886	TACAAACTCATTCCCACTGATCTCTTCTACGACAGTGTCTGGAATAAACTTTATTTTAGGATTTGAAAAGACTTTCTCCTGAAGGTGCTTCTGGGCCCTCAGCTGGTCTCTTCTGTGAATAAGGTAAACTACGCTCCCAAACCTTGTAAGGAACAGTGCCTCCTGAGTTGCAGAATCTCCTCCACCTATAACAGCTATGGGCGAACCATCAAAGAGAGCACCATCACAGGTGGCACAGTACGAAACGCCCCTATTTAAAAACTTATCCTCTCCGGGAACTCCCAGCTTTCTTGGATTTGATCCGCTTGCCACTATGAGGGTCTTTGCTCTAAGCACACGCCCATCTCTAAGATGTACAAACACTTCCTTACCGCTCTTTTCTATCTTTGTGGCTTCCGCTTTTGCCACTTTAAGTCCGAACCTCTCCGCCTGCTGCTTAAATCTCAAAGAAAGCTCTTTGCCACTTATGCCCTCGGGAAAACCAGGATAGTTTTCTACCAGGTCCGCTATAGCTATCTGGCCGCCGATAGTGCCCTTTTCAAGAAGAAGAGTGTTGAGTTTTGCCCTCGCTGTATAAAGACCAGCAGTCAGTCCTGCTGGCCCACCACCTATGATAATGCAATCGTATAGAATGTCTTCTGATACTTCCACCATCAGATATGGCTCAGTATCATCTGCTTAAGGGCTTCCTTTGGTTGCACACCTATTCTTGTATCTGCTATCTCTCCCTTAGAGAAAAGCATTATGGTAGGTATGGCTCTTATACCGTACTGCATGGCTATGTTGGGATTCTCATCGGTGTTTAGCTTGCCAAACTTTACTTTATCACCGAGTTCCATGGCAAGCTCTTCTATGATGGGTGCTATGATTCTACAAGGTCCACACC
CP076323.1_gap40	1669901	1673819	3918	TCAAACTCTTCAAGAAAATCCCCAATTTTGGGGGTCCTTCCTCCTTATTCAGTTGCCAAGATGACAAGGGGTTTCTAAACCCCTCAATTTTTCAGAGTTTTTTATTATACATCCCATTTTTACCTTTGTCAAGGGATCTTGTGATCCCTCACAACAAGCTGGATTATTATAAAGCATTTTTGGGTTTTGTCAAGTCCTTTTCAAGGGACCTTGGAAATCCCTCTTCTTCTGTGTATTTAATATATACCTAAAAAGAAAATGTGTCAAGAGGATAGAAGCCTGTTGAAAAAATCGTCATGACTTGGAGAATGAAGCGAGAGGAAGCCCATTTAATCCTCAAAAGGTTAAGACACAATAAAAGGAGCTTCGCAAAAACCAATGAACCTTCCAAGCACATAAAGGCTAGCTATATGAAAGTCATACACCCTGTCCCCAAACTTGGCATAAATTACTTCATTATGCTGGGAATTCTTAAAAGGAAGGGAGAGAAAGTAAAAAAGGATAGATCCGGTATAAAGGTAGGTATCCCCAAGTTTTTGAACATATGGGGAACACACCAATTTTGGGTCGGTTTTTTTAACCACTTGGGAATCAAAGTAGTTTTTAGTTCAGACACTTCCGAAGAACAATACAGACAGTACGGGAAAGGTAGGATCACCATGGACAGCTGTTTTCCTGTAAAAGCTTTAGCTGGACATATAGGTGAACTGCTTGCAAAGAATGTGGACATACTCTTTGTGCCTATGATCTACTCCCTGCCATCCTTTCTGAGGGGACATGTGTTGGATACGGTGAGCTGTACGAGGGTTATGATGGCTCCGGAAAACATAAAGGCGGGTTTCACCAGAGAGAAGGATGAGTTTTCCTCAAGAGGGGTAAGGTTTATTTCACCCTTCGTGACCTTTGGAGAGCCAGAGCTCCTTCCCAAACAACTTTACGAAGCGCTAAAGGAATTCCTTGACCTGTCTTATCAAGAGGTGACTCAAGCAGTCAAGCATGGACTAAGATCCCTTGAAGATTTTGACGCTTACATAAGGGGTAAGAGTCTGGAAATAGTAAAATGGTGCGTAAAAGAGAACAAGCCGGCCATACTTGTTCTTGCAAGACCTTACCATATGGATACAGGCATAGGACACGAGATAGATGTGGAGTTTCAAACTTATGGATATCCCGTCCTTTGGTACAATTACCTACCCTTAGATGATTGGCTATTGAATTGGCTCTTTGGTCAAGAGGTGAAGGCGGGCATTATAAAGAGTCCTTTTGATATATCCGATGTTTGGACATCTTCTTATAGTTCAAACACCAACGAAATTATATGGGCTGCCAAGTTTGCCTGTAGGTTTCCATGGATAACTGGAGTTATAAGACTTTCCAGTTATGAGTGCGGTATGGACCAGCCCACTTTTACCCCAGTGCAAAGGATAGTTGAAAGCAGAGGGACTTTGTACTTTAAATTTGGCGAGCTTGATGAGACAAAGCCTGCGGGGAGTATCAAGATAAGGGTTGAGACTATAGTCTATTACTTGGAGAAGTATTCGGCAGACATAATAAATAAGAAGCTTAGTATGCTACCGCCTCTACCCAAAGAGCTTTCTTGAAAAATACGGACAAAAGGTGTATAATTTTAAGCATGAAAAATGACCCTCTCTTATCGTGGGGTTTTTTAAGGCACACCTAAAACCGCCTGCTGGGGTAGGGTGTGCTTTAAAAGGCGGGATACAAATACCCCAGCACCGGGTCTAAATGAGTAGGTCCGGTTTTCGGGAATAAGTAATGGATTTAGAACAGAAGGTTAAGGAGATAATAGCGGATCAGTTGGGAGTTGAGGTGGAAAAACTAAGCCCAGAAGCCAAATTTGTTGAGGATTTGGGGGCTGATTCTCTTGATGTGGTGGAACTTATAATGGCTTTTGAAGAGGAGTTTGGCATTGAGATACCAGATGAAGATGCGGAGAAGATAAGAACAGTAGGAGATGTGCTTGACTACCTTAAAGAAAAAGTAAAGAGCTAATGCGTAGAGTTGTAGTAACTGGCCTGGGTGTAGTCTCACCCATAGGTACAGGTGTAGAAAAGTTTTGGAAGAATCTCACGGCTGGTGTGAGTGGCGTTGATATTATAAAGAGGTTTGATCCCATAGAGGTGGGGCTATCCGTCCACATAGCTGCAGAGGTAAAGGACTTTAATCCTGAGAATTACTTTGAGAAAAAAGAATTACCAAGGGTTTCCGACTTTATAAAGTACGCAGTAGCTGCATCCGAGGAGGCTCTCAAAGACAGTGGTCTTTTGGATGAAAAGTTTGACCCTTACAGAGTGGGTGTGATCATAGGTACAGGTATAGGGGGTTTAAGGGACATAGAAGAACAGCAAAAGATCCTTTTGGAAAAAGGACCAAAGAGGGTTTCCCCCTTCTTTATACCTTACGGTATATCCAACATGGCAGCGGGTCTGGTTGCCATAAGATATGGCTTTAAGGGACCCAATTACTGTGTGGTGTCTGCGTGCGCAACAGGTAACCACTCCATAGGCGACGCCATGAGGCTTATACAGAAGGGGGACATAGATGTGGCAATAGCTGGTGGCTGTGAAAGTGCCATAACACCCTTAGGTATAGCGGGATTTGCCTCTATGAAAGCTCTTTCAACAAGGAATCATGAGCCTCAGAAGGCATCAAGGCCTTTTGACTTGGAAAGGGATGGTTTTGTTATGGGGGAAGGTGCTGGGATCCTTGTGCTGGAAGAGTATGAGCACGCAAGGGCAAGAGGTGCAAAGATATATGCGGAACTTGTTGGTTATGCCGCAACGGATGATGCTTACCACATAACCGCTCCGTGTGCTGACGGAGAGGGGGCTTACATGTGTATGAAGCTGGCTCTTGAAGATGCCAAAATAAAGCCCGAGGAGGTGGATTACATAAATGCACATGGCACATCCACACCTCTTAATGACAAAGCGGAAACATTAGCCATAAAGAGTCTGTTTGGTGAGTATGCCTACAAGCTTAGCATAAGTTCCAACAAGTCCATGATAGGGCATCTTCTCGGTGCTGCGGGTGCAGTTGAAGCCATAGCCACAGTAAAGACTGTGCAGACAGGTATAATACCCCCCACCATAAATCTTGAAAAGCCCGACCCCGAGTGCGATCTTAATTATACCCCCAACAGAGCAGTTCAAAGAGAAGTCAACATTGCCATATCCAACTCCTTTGGTTTTGGTGGAACAAATGCCTGTCTCGTCTTCAGAAGAGTATAAAGAGTTAGAAGAGAAGCTGGGATACACCTTCAGGGACAAAAAGCTTCTGGAGCAAGCTCTTACCCATAAGTCCTACGCTGTGGAAAAGGGCGTGAAGAGTTATGAGACTCTTGAATTCTTGGGTGACGCGCTTATAAACCTCTTTGTGGTGGATATTCTGTTGCAAGAATTTCCTCAGGCAAAGGAGGGACAGCTTGCACCTATGAAAGCTTTCTTTGTAAGTGAAGAGTTTTTGCACCAGCTTGCGCAGGAGCTGGAGCTTGAAAAGTATTTACTCTTGGGTGGAAAAAAGGGAAAGTTTAAGGTAAATGTGTCCATATTAGGTGATGCCTTTGAATCCCTGTGGGGAGCCATTTACATAGACACAGGCAGAGATGCCAACTCTACCAGATCCCTTTTTGAGAGGCTCTATAAAAACAGGATCATAACCATGGCCAGGTCCTCCGACTACAAAAAGGACTACAAGACCATACTTCAGGAAATAACGCAAAAAAGGTGGAAGGAACGCCCTACCTACAGGGTTGTATCCGTAAGCGGTCCCCAGCACGGCAAGGTCTTTGAGGTGGAGTGCTCTGTAAGAAACATAAGAGCTGTTGCTGTGGGAAGCAGTAAAAAGGAAGCGGAACAGCTTTCTGCCAAGAGAGTGCTTGAGATCCTTCAAGAGCTT
CP076323.1_gap41	1675622	1677007	1385	GAGAGAAGGAAAAAAGATAAGGCTATCCTTGATATCTCACCACCAGATACCACACTCTCAAGAGGTTTTTCATCTTTACCATAAGAGGAAAAGAGGAACTCCACCCTTTCCCTTCCGTATCTGCCCTCCTCCTGGGAAAAACTTACCTTAAAAGAAGACCTTTCTAAACCCATATCCCTAAGAGTTTCCATTACTCTCTCTTCAAAGGTCTCTTTTGCCGAGCGCCTCCCATCTGATAGCTTATCTGCCAAGCTTTTTAGCACACATTCAAGCTCTTCTATTCCTTTTTCAAGCTCCTCTTTGCTATCCTCTTCCTTTTGGTAATCCTCTATCTGCGACCTTAGTTTCCCTGCGTAAGCAAGTATATCTTTATACTTCATGCCGTAGCGCCTTTCCAGTTTTTGCACCTGATAAACCTTCTCATTGAGTCTGTTTATCTCCTCAGGATCTAAGTCCAAAAGCTTGGAACTGAGAAATTGCCTCAGATACTTTAGCTCATCGCTTATGTTTTCCATACCTTTTACAAAGGGTTCTACGGTTTTGTCATACCTGCACAGCTCAGACAGCGCCCTTTTCAGGTCCAGCATCCTATCAATTAGACCGCCTTGGGTATCAAGATGATCAAGAGCGCGTCCTACAAGCGCATTTATCTTTTCCATGTGCTCAATAGTGCTGAGCTTCTCTTTTATATCTTCGTACTCTTGATGGCTTAACCCAACTCTCTCTATGTCCCTCAGCTCTTCAAGAATTACAGCAAGTCTTATTTTTCTCTCTCTCTGTCTTTCGTTCCAATCTCTCAGTTTTTCTTTAAGATGTACAAGCCTTGCGTAAAGCTTTTCGTACTCCCTTCTTAAGTCCAGCACACCAGCAAACCTATCGTATAAATCCCTCTGAAAATCCCTTCTGAGAATCTTCATGCGGTCGTTCTGACCTTGAAGAAGCACCATGCTGGAGACTATCTCTTTTACCACCTTCTGAATGCTTCCTACACCGTTCAGGTAGTATCTGCTTTTGCCCTTCTTTATCTCCCTTCTTACCAGTATCTGCTCCCCATCCTTTAAAAATTCAGCTTCAACCGCAGTACCCTCTGGATAGTCCTGTTGATGCCCCATAAGAAAGAGAAGGGAAGACACAGTTAATGATTTGCCTGCGCCCGATTCTCCCGTAAGCACATTCAGCCCCTCTCCAAACTCCACCTCCTGATGCTTTATGATGAAAAAATCCTCTAAGTATATGCGAACTAACATGGTATAATTTTTATTAAAGTTATACAAGGAGGTTTGCAATGGCAACACTTACCTACGAGGAAGCTCTGCAACTTCTTAGGGAACACATAAAGGACTTTGAAGCCAGCGCAAGGATGGAAGAGATCGGCGTGGTTTACT
CP076323.1_gap42	1681277	1685879	4602	TTACTTTGTTGTCACATCCAAGCTCAGAAGATATACAAAGAACGAGAAAAATGAGGTGACGGTGAATAAAATTCTCCTTCCTTGCACTGCATCTATAAAACCTCTGATGCCAGACATAAAGGTGGTGGCTCGTGCCGAAGACACTGCCAGGTCCAATCAGGATAACTACACACTTTTGATAGCTGAGCAGATAGCACCTACCAGCGGTGGATACTTTTGTCTTGCCGGAACCTGTGTCTTTTGGGACAACTATTCCATAGAGCTTTATGACAACTTAGCCTTTTCTCTAAACCTTCTCAGACACAAGACACCACTAAAAACGGTGGGTGGAAAGCCGGTGGTCTTTGGTTTGTGAGGAAAAAGATGTTGTGGGGAAGATACAGAGTATCTCTTAAGCCTTGGGAGCTTCCCGATGTGGACCTTTTAGAGTACGAGGAGTCAGAGGGGTTGGTAGATTTAGCGGAAGAACCAAAACCTTACGATGGAGAGCCTTTGCAGGAAGGTATAACTGTTGCTTTCGTGGATGGTGTGAGAAGAACCGAATATGCCATGTATCTTATAGATGATAACGGGTCAAGCTACGAGGGAGCTTTTGTATCTCTCGGTGCTGGTGCGGTACTTATAGAGCTTGGCAAGCTCAATCTGGTGAAAGAATCTATGCTTCATTCTATTGTCAAAAGGTACCTGGTAGTTAGGGGAGATATAGAAGGGATGCCAGCCAGAAGCGCCGAATTTGAGGTACGCATCACCCAAGAAGATGTTTCTAAGGAAATAAACAGGATCATGAGGGAGGAGCTTGAGGTGAGTGTGGCAAGAAAGCTTGCCCAACAGGTAAATCCTACCCTTTTGATATGCGATGGAACACTCAGCAACAGACTAAGAGGAACCACCTGCGTAGGCTATATAAAAACCATAAAAAAGCTTTTCATAAGAAGAGAGGAGGCTAACTTACTTGCCCATTTAAAGCGGGGTCAGAGAACACCCATAATAAAACTGCACTATCAGCATAAGCAGGAACAGAAGGAAAAGGTGGAAAAGTATACATGGTATGTAAAGCTAACAGATGCGGAAGGTGTGGGCTCTCTTGCAAGACTTGAGGTTTTTGAGAATGTGGGTCTAAGTATGGCAAAGCGTATTGCCAATATGACTGCAAGCATCCTTCCTATGCTCGTAAGCACTGCTTTTCAGGACAAAAGGTCTCCTCAAAATCTCTTACCTATAAAGAGCCTTGAAAACTTCTTGAGAAGGCACTTGGGGTCTTATTCCATAGTCAGAAGAGAGATAGAGCGGCTTATTTATGCTTGAGGTTCTTCTGATAGTTGCCTCAGGTTATCTATTAAGAAAGATAGGCGTATTCAAAAAAGAGGATGCAAGGGTTTTTATCAATTATGTAATTTATCTGGCGTTGCCTGTGGTAAGTTTCAGGTCAGCGCACAGCCTGGGCATTTCAAAAAGTGTAATTTTTGTGGTTCTTCTTGCCTGGATAGCCATTATCTTCTGTTTGGTAGTGTCCTTCATCTTGGGTAAGGTGCTTAGGCTAAAAGGCAGTGATTTGAGAACTTTCTTACTGGTATCCTCTTTTGGAAACACCGCTTTTTTGGGATATCCCTATGCACTTTCTTTCTTTGGTCAGGAGGGGCTAAGGTACGCAGTCATATACGACAGCCTGGGTTCTTTTCTTTTGGTTTCCACTGTAGGCTTTCTTATATCAAGGGGAAGCGTTAACCTTAAGGAGCTTTTCACCTTCCCTCCTTTTATAGGTCTCGTGCTGGGCTTTTCACTAAGAAGCTATAACTTTGATACAGCCTTGAAGGGGGTGTTAGATACTCTTGCCTTTTCTCTCTCGCCGGTCATCCTGTTTGCCCTGGGTCTTTCTGTAAGTTTTGTAGGCATAAGAAAGTACCTTAGCATAAGTCTCTTTGCTCTCTTTATAAAAATGGTCGTATCCTTCCTGATAACTTATCAGGTGGCTAAGGCGCTGAAAATGGAGCATCTTGCCTTTAAGATTTCCCTTCTGGGGTCCAGCATGCCCAGTATGATGATGTCTGGTGTCTTGGCTCTCAAATATGGACTCAATCATGAGCTTGCCTTTGCCAGCATAGGTCTTGGCTTGCTCTTCAGCTTTGCTGTAGTTCCCCTTCTCTTTCACCTTTTCTTAGCATCTCTTTAAACCAGTTTATGGTTATCCTGAGCCCATCCTTTAAGCTAACCTTTGGCTCCCAAGAAAGAAGCTCCTTGGCTTTTTTTATGTCTGGACAGCGCCTTTTGGGGTCATCTGCAGGAAGGGACCTGAAAACTATCTTTGAAGAACTACCTGTCAGCTCAAGAATCAGTTTTGCCAAATCTATTATGCTGACCTCCTGCGGATTTCCAAGATTTACCACCTGTCCCGATAGTCCATCTTCTGTTGATAGTCTGAATATGCCTTCTACAAGGTCGTCAATATAGCAAAAGCTTCTGGTTTGCTTTCCGTCTCCGTAGACAGTCAGAGGCTCACCTTTTAGCGCCTGGGTTATAAAGTTGGGTATCACCCTTCCATCGTTTATCCTCATACGAGGTCCGTAAGTGTTAAATATCCTTGCTATCCTTACATCGATACTGTGTTCTCTGTGGTAAGCCATGCACATAGCTTCAGAAAACCTCTTTGATTCATCGTAAACGCTTCTTGGTCCAACAGGGTTCACATATCCCCAATAAGTCTCTGGTTGAGGGTGGATGGTGGGATCTCCGTAAACTTCTGATGTGGAGGCAAATACATACCTTGATTTTTTCAACTTGGCAAGTCCAAGGGTGTTTAGAGTTCCCAGAGAATCCACCTTCATGGTGTGAATAGGATGAGAAAGGTAATCTACAGGTGATGCAGGACAGGCAAAGTGAAGCACCAGGTCTACAGGACCCTCCAGGTATATGTAGTTTATGACATTGTAATGTATGAACTTAAACTTGGGATGACCAAAGAGGTGTGCTATGTTGTTGGGTGAGCCTGTGATAAAGTTATCCATACCTATGACTTGAAAGCCCTCTTTTAGAAATCTTTCGCACAGATGAGAGCCTATGAATCCCGCAGCACCCGTTATAAGCACGCGCACATGGATTATTATATGATATAATTCCAACTAAAGGCGCGTAGCTCAGAGGGAGAGCGCTGGCCCGACACGCCAGAGGTCGGCGGTTCGAGTCCGCCCGCGCCTACCATGGTATAATCTTACATATGCCTCTTGAGTTTGAAAAGGAGCATCTGGAACTGTATCAAAAGATAGACCAGCTAAGGCGTCTCTACCAGCTTGGAGAAAAAGATAAAGAGGCAGAGTTGAGAAAACTCCAGAGAGAATTCAGAAAAAATGCAAAGGAATTGTATAAAAAGCTGGACCCTTGGAGCAGGGTGCTAATAGCCAGACATCCTCACAGACCACACACGGTAGATTACATAAGCCTCATCTTCAGAGATTTTACGGAGCTTCACGGAGACAGATGCTTTGGTGATGATAGGTCCATAGTAGCGGGCTTTGCTTACCTGGATAATATGCCGGTTGCCATCATAGGTCATGAGAAGGGAAGAAGCACCAAAGAAAAGATGGATAGAAACTTTGGCATGCCACACCCTGAAGGCTACAGGAAGGCTATCAGAGTAGCCAAGCTGGCAGAAAAGTACCGTATGCCCGTTATAACCTTTGTTGATACACCGGGAGCCTACCCTGGCATAGGTGCGGAAGAGAGAGGTCAATCGGAAGCCATAGCTCGTAGCCTATACACCTTTGGATACTTAAAAGTGCCTTCAATAGCTGTAGTTATAGGAGAGGGGGGTTCTGGAGGTGCGCTTGCTCTGGCAGTTGCCAACAGGATTCTTATGCTGGAAAATGCCATCTATTCGGTAATATCACCTGAAGGATGCGCTGCCATACTGTGGAAGGACCAGTCAAAAGTCAAAGAGGCTTCAGCAGCTCTCAAACTTACGGCTCAAGACCTTTTAAAGTTGGGTGTTATAGACTACATAGTCCCAGAGCCTCTGGGAGCTTCCCACATAGATCCCAAAAGAAGCGCCAGAGTTCTAAAATACTTTCTGAGAAGATGCCTGAAAGAGCTGATAAACAGAAGTCCCGAAGAGATCCTCAGCGAAAGAATCAAGAAGTTTGAAAGGATGGGGGACTTTTTGGAAAAATGAACACTTTTGTAATTCACGGACACTTTTACCAGCCTTACAGAGCAAACCCTTATGTGGGTGATGTTATGATAGAAGATACAGCATACCCTTATGAAAACTGGAACGAACGCATATACAGAGAGTGTTATCTTCCCAACGCTTACGCCCACCTTAGAGTAGACACAAAGGTAAAAGCCATAATAAACAACTATACGAAAATGAGCTTTAACTTTGGCTGGCCACTTTTAGACTGGATGGAAAAGAACCATCCTCAACTTCTGGATAAGATAAGAGAGGGTGCTGAAAATGCAATAGCCACATCCTTTAATCACACCATACTTCCCCTTGACCCCCAGGAGGACAAGGAGATCCAGCTCTTTTGGGGCATAAGAGCCTTTGAGAAGTTTTTTGGCAGAAGACCAACAGGCTTTTGGCTTCCGGAGCTTGCCATTGACAAGCAA
CP076323.1_gap43	1688918	1692948	4030	AAACTCAAGGGCTTCCGTTTCTGCTGTGCCTGTCATACCCGAAAGTTTTCTGTAAAGCTTAAAGTAGTTCTGAAAGGTGATGCTTGCCAGTGTCTGGTTTTCCTGCTGAATGGGAACACCCTCCTTTACCTCAATAGCCTGATGAAGCCCATCGCTCCACCTTCTACCCGGTAGAACTCTGCCGGTGAATTCATCCACTATGAGCACTTCTGAATCCTTAACAATATAATGAACATCCCTTTTGAAAAGCTGATGCGCTCTGAGTGCCTGATTTACAGCGTGAAGAAGGTCTATGTTTTTAACATCGTAAAGGTTTTCAATACCCAAAAGCTCTTCTACCTTTTTTATACCTTGCTCTGTAAGTAATACAGTTCTGTTTTTTTCGTCCACCGTAAAATCTTCGTCCTTTTTGAGTTTCCTTACCACTTCATCCGCCTTATAGTAAGCGGATGTATCCATCTGAGATGGACCCGATATGATGAGGGGAGTTCTCGCCTCGTCTATGAGTATAGAATCTACCTCGTCCACTATGGCAAAGTTGTGTCCCTTCACCTGAACTATGTCCTCTAAAGATATAGCCATGTTATCCCTCAGATAATCAAAACCAAACTCGTTGTTGGTACCGTATGTTATGTGGGCTTGATAAGCTTGTTTTCTGTCACACAGCTCAAGCTTTGTAAAGAAGGCTTTTTTTGCCTTTGTGTCTATAAGATGGGAGGGGAGAATCTCTTCAAAATATCCTTTTGGCCACACACGAAGGTCCTCTTCTATGACTTGCTTGACCACCTCCTCATCCACCCACTCTACCCTGTAAGAGGAGTAGTCAGAATTTATTACACCCACATCAAGCCCAAGAAACTTGTATATGGGACCCATCCACTGGGCATCCCTTCTTGCAAGGTAATCATTTACGGTGACAACATGCACACCCTCATTTGTTAGAGCATTTACATAAACTGCCGATGTAGCCACCAGCGTTTTCCCTTCTCCCGTCTTCATCTCCGCAATCTTTCCCTGATGAAGCACCAGACCACCTATCATTTGAACATCAAAGAACCTAAGCCCTATAGTCCTTTTACCCGCTTCTCTAACCAAGGCAAAGGCTAAAAGCACCTCCTCTGTTATATCCCCCCTCATTATCCTTTCCCTTAAAGACTCATCACCCATTACCTTAAGGTGAAGTTCCTTAGAAAGCTCAATAAGTTCCCTGTTGGTGAGGGCATCAAGCTCCCTCTCCTTTTCCGCTATCTTCTTAACATACCCTCTTAACCTCTTTACTTCCCTTTCATTTTTTGTGCCTATGAGCTTTTTGATGATCCAGTCTATCATAACTTTATAATATAGCACAGATAGGGGGATAAAGTGAGTAGAGATGAGAGTCAATATAAACGGCAGTTTTTATACCTACTGAATACTCCGTGAATATGCTATTCCTTTTTCAAAATGACTATATATTCGTGGCTCATAGTTGTATCTGTTATTCCAGCTATATTACTTGGACTATTTCTTTTGGGCATCCTTTTATTTGGGATTTCTCTTATTACAGTTTTTATATGTGAAAATCCATTTCTTTCAAAGAATCCTACAGTTATTTCATCATTTGGTATTTCAATCCCTTTTACTTTCCTGTTGCCAACTACATAAGCTACGATACCATTTTTTTTAACCACTTTAGAAATGTTGTTTATTGATTTTTCATAGTCCATATAAAAGGATAATACATCGTATGCTCTATTTTTGTCTATATCTGCAATTCGTGATAATACTTCATCAAGAAGTTTAATGCCGAAATTTTTAATCTCCTTTTTTCTTATCCCGCCCATACATCTTTTGTCAACTTCATTGAGTTCTTCAAGTCCAAGCCATTGGTTGCTTAATCGGGAGAATTGTCCATATGCTACAGTTGTTCTTGAGTCGCCATATGGAGGTGAAGTTATTATTATATCTACACTTTCTGGGGGTAGGATGCTTTCAGGAATCTCATAAACTGTGTTAAAATCGTAAACTTTAGATATTGCATCATTATTCTTTATACTGATATAATCAGCCATTCCATTTCTATTTCGTATTAACTTTTCAGTCATTACAGACAAAACATCTGGATTGAATTTTTCTATTTGTTTTTTTGTCATTCTGTATAACTTAAATTCACCGTTTCTTGTTAACGAAACCTCCCTTACAGTTTCACTAAACGCCACCTTAAAAAAATCTTGAATATCTTTATCTTTAATCTTTTGCTCTATATATTCTTTAATAATAGCAAGCCAGTACTGTGTTTCTTTTTTGAACCAGTAATCAATATTCTTAAAATTGGGGATAATAGGTTCAATTCTTTTTTCTCCGAGTCGTGCTGAAAATACAAAATCGTTAAAATCTTTTAGATACCAGTCCAATGATTTAAGCGGGATAACTGTTGTTTTAACTTTTGCGATTAATCGTGCTAATGGATTTATATCTGTACCAATAGCATTTATTCCTCTTAAATTGGCTTCTACCAATGATGTCCCTGTACCACAGTATGGGTCAAATAGAATCTTAGCGTCTCTTCCAAATTCGTCTAAAATCCGCCCAGCAACTTGTGGGATCATCATCGCTGGATATGGGTGGAAACAATGAGTATATTGTTTCGTATTTGCTGTTTTGAAATCCCAAGTTTCATCTCTGTATTTTTTAAGTGCTATAGTTTGCATTTAAATCAGCCTCCTTCTATTCTCATAAAGTTCAATTAAGTCCTTCTCTTTAATGCGAAATGCAGTCCCTCTATTTCTTACAGAACCGCTCTCTTTTAGGTGCATTCTAATATCAATACCTATCAATGATTCTTTAAATGCCTTTAAAAAGTTCCGAGAACTTGGCTCTGATAGTAAGTAAGCTTCATTGTAATGGAAATATTCTATATCTTGCTCAGTTTTTCTATCAGCTATAACAATTAGTAATCTACTTAGTTTTGTCATAAATTTCCCAACTATGACATAAACATCCCAAGTAGCTAAAACTTCTTTAGTGTTAACATCAACTAAATGTATTGTATTTTTGCTTTCATCTACATCCAAAGCCAGTCCTTGAGAAATAGGTCTCCCATAAAACACTGTATTTTTCAAAGCGAGTCTACCTTTCTGGTCAACATATCCGTATGTGTTGATGAGTTCATTTTGCTTCATATGCCAAACACCTCTATTAAAAGTAAATAAGGTTATTAAAGATTGAGAGTCCCTTCTGATTGTTTTAATTTCTACTCTACCCCCTATATCTGGAATTGGAATATTATTCTCTCTAACGCCGAAAAGCATTTCAAATGAACCCTTTGTCCCTTATTGTCCTCAGTTTATTTATTACTTCCTCCAGTTTCATTACCGCGGTTTCTGGAAACTATAAGATATATAATATAGCGCAGCCAGGGAGATAAAAATAATGAACGGTAAACTACCAAAGGTGATGGTCATCCTCGGCACTAGACCCGAAGGGGTAAAGCTTGCACCGGTGGTGCTAACGCTGAAAGGGAAAGGTTTTGATGTAAAGGTGGTTGCCACAGGACAGCATACAGAAATGCTCATGCAGGTAACAGACTTTTTTGGTATAGAGCTTGACCTGCTTGACTGTATGAATACGGACCTTCTGGAGAATACTGCCTGTATGGCAAAAGCTCTCAAGAAAAAACTTCTTGAAGAAAAGCCCGATGCGGTTATAGTCCAGGGGGATACCCTTAGCTGTTATATGGGTGCTTATACAGGCTTCCTTCTCAAGTTGCCGGTTATGCACGTTGAAGCAGGACTCAGAAGCAGTGATAGGTTCTCACCTTTTCCGGAGGAGCTATACAGAAAACTCACCGACACGCTATCGGATGTCTTATTCGCTCCAACACCTAAAGCTGTAGACAACCTTTTATTGGAGGGAGCGCCTAAGGATCGCATACTTCTTACAGGTAATACAGTGGTGGATGCAGTGCATATGGCTCTCAAAAGGCTAAACAGAGAGAAAGTAAAAGAAGAAATAGAGAGTATGACTGGTAAAAAACTGGATGCTTATGAGG
CP076323.1_gap44	1711233	1715809	4576	CAGAGTAGTGCACTTCACCAACATAAGGCTTGGCTATCCTTATGGCTTCTTCTATACTTATACTTGCAGGACAAGAAAAGGCATAAGCTGTTGTGAAAAGCATAATGGCAAATTTCCACATGCCTTAACTTGGTTACCCAAACTGTGCAAAATTGACACAGCTCAGGTGCCGGGCTATTTGTACCCCGCCCCTTCAGGGTGCCCATAGACCCGGCTGGCGGCATTTGAGCACCCATAGACCCCGCCCCAGGTAGCAGGGTCTTGCGCCCCTTTCCGGGGGTCCTCCCACTTCCCCCTGCCATCACGCAGAGGGAGAGCAAACCTGGACTATCTTTGTGCTCAGGGAGGCGGGCGGTTAGCCCCGCTACGGACTGCACTCGCACGAGATTGTACAGTGCCCCACTTAGGGAACACCGCAGTACCCCGGTTCCTTCCCTCGGCGACCGAGATACCGTCCCATACTCACACAGCCCGCTTTTCTGCACGCTTTTACCTCCTTCTGCACATTATACCTTAGCTGTTGCTAACCTCCCTTTTTTATGATACCTTTCTGTAGTCTCTGTGTCAAGCACACCCTTATCTGCTGTACACCATAACCTTCCTTATGAGGGTTGCTGGTTCTACCTCCTTTGGACATACATGATTGCACTTATTACATGATAGGCAGTGGTAAAGATTACCCTTTTCTACAGCTTGCACAAGTCTCTCTTCCCTGTCCTTGTCTCTTGGGTCTTCAAGGAATCTATACAGTTTTGCGAAGATGAGGGGACCCGCATAATTTTCTTCCAAGACCTGAGGGCAGTAAGATTGGCACGCTAAACAGAGGATGCAATCTGCAGCACTTTCCAACTTTCTGCTGAGGTCAGGTGGTATTCTGCACTCGTCGGACCCTGTCCTTACCCATCCGTGAATCTCTTTTAACTTCTTTATGATTTTATCATTGTCTACCGCAAGGTCTTTTATTACCTTAAAGCCTCTGAGTGGTTCTATCACGACCCTTTTTTCTAAAAGTACATAAGGTAAAACTTGTTCCTTACAAGCAAGCTTGGGGAATCCGTTTATGTAAATAGTGCATGTGCCACATATACCCGCTCTACAAAAGTGCCTGAAAGTCAGCGTTTCATCCTGATACTCCTTTATCCTTTGAAGAGCGGTGAGAAAGGTCATGCCATCTTCGTAAGGTATTTCAAAGTCCTGGTAATTACATATACCACTCTCTGGGTCTTCTCTTCTTATACTCAAGCGCAAAATCATAGGAGAAAAATATATGCCTTTTTAAAGAGCGGGCGACGGGACTCGAACCCGCGGCCTGCTGCTTGGAAGGCAGCTGCTCTACCACTGAGCTACGCCCGCTGGTGGAGGGGGCAGGATTCGAACCTGCGTAGGGCGGAGCCCGGGGGATTTACAGTCCCCTGCCTTTGACCACTCGGCCACCCCTCCTTGGGGCTTACAAGCTGGCGGTGGGACTTGAACCCACGCCCGCGGGATTACAAATCCCGCGCTCTGCCCACTGAGCTACGCCAGCTTTAAATGCAATAAGATATTATACTTCAAGGTAAGGCTTTAGTCAATCAACCCACAGCACCTTTTGCCTTATCTTCAAGAAGCCTTTTCAAACTTACGGATATGTCCTTCATGACTGGCTCAAACTTGTCTTTTAGTTCAGATAGTGATGCATAAAGCTCTTCTGGGCTAACTTCCCATGTGCTTATGAGTTTGTTTTTTAGCTGTGTCATCTTAAAAACATCCATGTAGCGATCCTGTCTTATTACACCTATCTCTACCAGCTTAGAAAGGCAGTCATCTCCAAATTTTTTTACTCCAAACTTAGGAGCAAGATGTTTGCATATGTCAAACAAGCTATCATATGCAACTTGGTAAAAGTATTTTACTCTATCGTAATACATAGGCTTAGTTTTAAACTCTTCTATGCCTTGAGAGAGGACAAAGTCTATCTTTTTGACGGATTCTTTAACATGCTTTGCCTTTTCGTTAAGCATGTCAAAGTCAATAAGCAGGTAGTTGCCTGTGGTTTTTTTTATGTGCTCCACCACTGCCTGGGCATACTTTTTAAACACTACCAGGTTTTCCTTCAAAAATTCATAAAGTTCCTCAGCGGAAACGCTGTCTTTTAGGTCTCTGTATTTAAAGTAAAAGTCTGTAAACCTCTGAAGGGTCTTTATGTCTTCCATACCTATATACTCGGCAAGTTTCAAGAGGCAATCCTTTGAGGTGGTTTTAAGTCCATAGAGGGTAGAGAGGTGTCTGCAAGGTCTCATACTGCTTTCAAAGGCCAAGTTGAAGTCTATGCGAACCTTGTCAAGAACAAGCTTGTTGCTAACAAACTCCTCTTTTGGAAGGGATAGGTTTTTTTTCAGGTCTATGTATGCCTTCTCAAGGTTTTGGAAGCTCTCCACTATAAGGCTTATATTTGGTCCCTTCTTCATAATTTTTAAGTTAATGCTCAGCGGAGTTTTTTCACCCGATATCCTCTCAGAAAGTCTTCACCGCTAACCCTTTTACCTTTTGGATTTATAAGCTCAAGGATTTCAACGGACTTTTCTCCGCAAGCTACCTGAAACTTCCTTTGGTGGATCAGCTCGCCTGGCTCTCCACTCTCCTGACAGACTCTGACTTTCAGCACTTTTATCCTTTCACCCTCCTCAAGGAAAGCATAGCAGTTGGGATAAAGCCCTCTCACTCTATCTTTTACACTTTGGGCAGAAGCCTTCCAGCATATGCGGTACTCCTCCTTCCAAATGGGTGGTGCATAAGTAGCTTGCTGATGATCCTGAGGAGTGGGTGCTATCTTCCCTTCAAACCAATCTTTGAGGGTGCTAACTAAAAGTTTTGCACCTTTTGTAGAGAGCTTTTCGCTCAAACTCAGAAGATGGTCATCTTCATCTATTGGCACACTTTCCTGCCTTAGTATGGCTCCTGTGTCCATACCTTCATCCATGAGCATCACCGTATTGCCAGTTAACTTTTCTCCTGCCATCAGGCATCTTTGTATGGGAGCTGCGCCTCTGTACTTTGGGAGCAAAGACGCATGAAGGTTTATGCATCCGTAAGGTGGTATGCCAAGCACCTCTTTTGTCAAAATCCTCCCGTAAGCGACAACAACTACACAGTCAGGCTTTAGCTTAAGAACAGTTTCCTCTATCTGGCTTTTTTTCTCCGCCTGATAAAGGCAAAGATGGAGTTCAAGAGCCATCTTTTTGACTGGCGAAGGTGTAAGTTTTTGACCTCTGTGGGCTGGTCTGTCGGGCTGTGTGATAACTCCCACCACCTGAAAGTTTTCCACCAGAGCCTTTAAGCTTGGTACTGCAAAGGATGATGTACCCATAAAGACAATTTTCATAGCTTCTTATACTCAAGTCCTACGTCATCGCCAAATCTGTATATGCTTTTAAGCATATGCCTTTTGGCATCCAAAAGCTTACTGGTGCCTATATCACCTATACCTATACCTTCTCCTATCAGTATGGGTGCTAAAAAAATAAAAAGCCTGTCATAAAGATCCTCCTTTATGAAGCTGGTGATGGTTTGGGCTCCTCCTTCAACAAGAAGGTGCATAATCTCCATAAAGTAAAGCTCTCTCAAAACCTCCCTCAGTATCAGCTTTCCTTCCTCCGCGGGAGCCAAAAGTACCTTTATGCCCTCATCCTCCAAAATTTTCATCTTTTCTTTGTCTTCGGAAGCAGTTATTATAAGGGTTTTTGCGGTTTTTTCCCTTACCAGTTTGGATGTTATGGGTATCTTCAGATGGGGGTCAAGTACCACTCTTATGGGTTGGCTTTCCCATGGTATGTGCCTTACCGTAAGAGATGGGTCATCCCTCAAGACGGTGTTTATACCTACAAGGACTGCCGTTGCCTGCGCTCTTAGCCTGTGAGCAAAGGTTCTGCTCTCTTGGTTAGTTATCCACTGGCTTTCTCCATGCTTGGTGGCTATGCGCCCATCTATACTTTGAGCCAGCTTTAGGGTTATGTAAGGTCTTTTTTGGGTAATGTAGATAAAGAAGTCCTCGTTAAGTTCTCTTGCCTTATCTTCCAGTACGCCCACACACACATCTATGCCTGCATCCCTGAGCTTTTGTACTCCCCTGCCCGACACGAGGGGATTAGGGTCAAGAGTAGCTATAACCACTCTTTTTACCTTTGCCCTGATGATGGCATCGGTGCAGGGGGGAGTTCTTCCGTAATGGGTGCAGGGTTCCAGGGTTACATAAAGGGTGGAGCCTTCTGCCTGCGTGCCTGCCTTTTCAAGAGCCACAGCCTCCGCATGTGGCATGCCCGCCTTTTCGTGATATGCTTCTGCTATTATCTTTCCATCCTTTACTATCACACAGCCTACAGTGGGGTTGGGATGTGTTATACCCTTTCGTAGCTTTGCAAGTTCCAAGGCTCTTCTCATAAAGTGATGGTCAGTTTCTCTCATCATCAAAAAGTATTATTTTTTCATCACTTTTCTGGAGTTGCATGTATTCTCTAATAAACCTCTCTCTGTAAGTGTTGGGATCCTCCTTTATAAGCTCCAGCATGTTTTCAAGCTTGTCGTTCTTACTCTTTATTTC
CP076323.1_gap45	1765340	1766742	1402	CCACTCAAAGGATTGCTCTGTAGCCATGTACATCATTTCCATGCTTTTAAGAAGGTCTATATGTTCCAGCGCAAAGGATAGGTCTTCCCCTATCTCTTCCACAAACTTTACCACCTCATGGGTAAAAGCGCCCTTTCTGTCTGAGTAGAGGTTGAGAGTGCCTATAACTTCATCCTTAAGTCTTATGGGATAGGCACAGCTGGAGAGATACCCTCTTTTTAACATCTGGGTGCGCCACTCAAGCACGGAAGGCTCAGTCTCCGTATCGTTGTTGACCTGCACCTTCTTTTCCAAAACCGCCCTTGCGGAAGGACCTTTGTTTAGCTTTTCGCTGTAAATGTTTATGCTTATGCTTTCAAGATAGTTCTCCACATGTCCATACCAAGAAACTGGCTTTATGTTTCCCGCATCGTCAAGAAGACCTATCCAAGCCATCCTAAAGCCCGCTGCCTCAACCGCAATCCTGCATATTTCTCCAAATATCTCCTCCCTGCTTTTTGCCTTTATCAGCGTCTGATTTACCAAAGAGAGCGTCCTGTACATATTGACCATAAAGGAGATACTCTGCTTCTCGTACAGATTTCTTATATGAGTGGAGGCGCAGAGAAGTATCCCTATATCCTGAGCATCCCAAGACCTCTCGTGCTGAGATTCGCACATAATAAACCCATCCAGCTTTGCCTCTTGCAAGAGGGGGACTATTGCCAGAGCCTTAGTATCTACAAAGCTAAGGTACTCTCCCATACAATCCTTCAGCATTTGACCCTGAAGCCTCTGCGCCAGAAAGACACCCTCTTTCTCCAGCGTATGCAAAAGTTCAAGGCATTTTTCCCTTCTTAGCAAAAGTCCACCCATAAACTCGTCAGTGCTTTTTATGTACATGTGCTCACAAAAAAGTATCTCTTCCTTCACAGTCCAGAGGCTCACCCTTTCCGCATTCAGAAACTGTGCGCAGAGTTTTAAGAGGTCATTTATGTTGCCTTCAGAAGCGTACAAAGCCCTGAAAAAGCTCAGAAGTTTCATAAATCCTCCCCCTTCCTGTTAACAATAAAATGCTTGAAAATCAAGCACTTCAGAATCGGGGGGTGAACGCTTTTTCACTTTTCCCAGTCTCTTCCTTCATGGGAACATAATTTAACACTTTTTAACATGGTGGCAAGATTGTAATTTTGCAGAAAATATGTTCCACCTTTTTTGTGAATTTGAGCATGATTCTGGGACATATAGAAACATAGGGGGATTTTGCGGGACATTGTAGGACAAGCTTTATAAGAAAATAAGAATATAATTGAAAAAGTGGAACACATTTTTTGCAACAAAAGTGGAACACATTTTCTGCAAAATTCAAGTAAAACATTGAGGCTGAAGGACTTTCTGCAATGTTGATGAAATTCTTGTCTGT
CP076323.1_gap46	1767986	1769697	1711	TTACTTCCTTTACCGCAAGGATATACGGAGTGAGGTCTCAGAAATTCAAGAAGATAAAGGAGATACTTGAGGATGAAGCTACACAAAACGCTACTGCTTAAGATTGTAGAACCTAACGAAGGGAAGAGGAAGAAGTTAGAAAACACGATAGAGCTTTACGCAAAGGTTCTGAAGTTCTACCTTGGAGTTATCCCAAAGCTCGGAATGTATCGCATAGCAAGTATGGACAGCAAATCTGCTCTTACCTTCCTTGAGTTTAATACAGTTCCCACGAAAACCCATCCCAATCCTCTCTACCCTATCTTTGGAGGAGTTCAGACCAACATAAGAAGGAGTGCAATAAACAAAGCGGTTGGGATGATAAAGAGTTACCTCTCCAACCTTTTGAGATGGCACAGGGAAGGGAAAGAGCTTGAGCATTCAAAACCCTCTTATCCCAACCCCAAGAACTTCTCCTTTACCTACTACGCTACAGATGTAGAGTTTGAGGATGTTCTCTCCGCTAAGGAGTTCGCTTTTGTGAAACTCAAGGTAATAGACGAGAAGGGAAACTACGAGTTTGTAAACTACCCTATCCTGCCTTACAGGAGGTTTTACGAGAAACTCAGCGAACTTAAAAGTGAAGGGTGGAAACTGAAGAGAAGTGCAACCCTGATAAAGAAAGGAAAAAGCTTTTACGTGGCTCTTACCCTTGAGAAGGTAGTAAAGAAGGTAAAGCAAGAGAGACCAAAGTATGTGATAAATGTGGACCTGAATATTCAAAGAAACCTGGCGTGTATAGGTATATTTGAGATAGATTGGGAAAAGAGAGAAAGCAGGCTTTACGGGATAAAGTTCATAAAAAGAGAGCTAACAAAACTTGCTTACAAAAGGGACTATTTGCTTGAGGAGATAAGGTTAAGACAAGTTCTCACAGGGCGAAGTCCTGAAAGGGGGGATAACAGAAAGCTGTGGAGGAAGATTTACAATCTCAACAGGGATATTGCTCTGAAGGTGGCAAAAGAAATAGACGAAGTGGCAAAATACTTTAAGGAGAAAGGAGAGGTAGTAGTGGTATTTGAGAAGCTAAAAGGACTAAGAGGAAAGAGAGGGAAGGGTAAGAGATTAAACAGGAAGCTTTCTTACTGGATGAGGAAAAGTGTTCAGGAAAGGGTTGAGTATTTAGCCTTTGAGAACGGTTATGGGATAGATTTTGTGTATCCACACTACACTTCAAAGAGGTGCTGTGTATGTGGGTTGTTGGGAGAGAGGTTCTCTCCCAATGGCTCAAAAGCCCTCTTTGGGTGTAGTAGATGCGGATACGAGGTAAATGCAGATGTGAACGCTGTGTTTAACCAGCACTTTGTTTACCTGTCCCATCTCCTACATGGAGGTGGGGAAGCCCGCCCTGTGGTGCGGGTTGGGGTTTCGCTGAAAGGTCTCCGAAAGAGGAGACACAATCTAAGCGGAGCCTCTAAAGCAATGGCTACCTTTGCCTATTAATGTGTATGTTTTAAGGTAGCTGTTGCAACCACGAGATGTGTATATCCCATCCAATACAGCTCGCAGGTGAGAGTAGCTCACTCCCACTTCCCGAGCGAGAGCTACAAGAGATATTCCCTTCTTCTTGAGAGCTTCCTTTACAATACTTTTTATGGTGCTGGCTTGCATGGTAAGAAATATTATAGTTCAATTTTTGAACTTGTCAAGAGGTATAGTCCACAAACTGAAT
CP076323.1_gap47	1791221	1793828	2607	CTGGATAAGGCAGAGGTCAAGATGGATAAAAGGTTACATGCAAACGTGGTTAGTGCATGCAAGGAACACAAGGAAACTCTACAGAAGTGTAGGACTGCGTGGATTTGTAGCTTTTCACCTTCTGATAGGTGGCACGCCTTTCACCTTTCTGGTAAATCCCATCATGTGGATCATCTTCATTTTTTGGCTTCTTACCCAGACAAAAGCTCTTGATGTATTTTTCCCACCTGCGGTGCTTTACCTATCCCTCTTCAACCTACTTTTTGGAAACTTCATAGGCATCTACCTTAACATGCTTGCTGTATTCAGAAGAAAATACTACGAGCTTTTGCCTTATGCACTTCTAAATCCTCTTTATTGGATACTGCATTCTATTGCTTCTTACAAAGCTCTTTATGAGCTCTTTACCAAGCCCTTTTACTGGCAAAAGACTCAGCACGGTATTACAAAGTATAAGCCTCCCCTTCAGGAAGCTCCCCAATGAGCAGGTTTTTGGTGCTGTATGGTATGTTCCTCCTGATTTTCTTTGTGTTGTCCTTCTTCTCTTATAACGCTTATCATCTTGGATACGCTCATCTTAATTTACTCTTCTACGCAGAAAAGGTGCTTTTGGCAAGGGAGGGCGACCCACCAAGATTGGAAAACATAGGCTTTGTATATCCACCCTTAGCCTTTTTACCTTTCTGGATTGTGAAGGACTACCTTTTGGTCTCCCCGATGGTCTCAGCCTTTGTTTTAACAGCTTTTCTGTCCTTCCTTTTGCGCAGATGTCAGGCTCCCGTATATGCTCTTTTGATATTACTGCTTTTAAATCCTCTCCTGCTTTTCCTTGCAGTTTACAGGTTTGAAGTGCTTACCTTCTACCTTTTACTTACCATGTCGCTGGTTATGCTGATCCTTCACATGGAGAAGGGCTACACCCTTTACCTGTTTGTAGGTGGATTTTTGTTTGGTCTTTGCTTCTTTTTGGATTTTAGGAGTCTTTTCCTCACTCCCTTCCTTGCTTTTGCCATATATCTGAGTACTAAGCAAGAGAGTTCAGGTTATAGATGGGCTCTTATGATAGTAAAGCTCTCACTCATCATCTTTTTTAGCCTTGCTTGGCTCTATCTGAACTGGATATTTACAGAAAGCCCTTTTACCTTCATTACAAGTCCTTACTCATTTTTCAAAAGCGAGCCTATAGACCCATCTGTTCTCTCTGTGCGAGGAAACCTATTAAAGGTTTTAGAGTACACCACCTTAAAACTTTTAAATTACCTACCTCTCATACTTCCATACCTTCTTGTACTTTTTAGCCTCAGGAAGTATAGATACATATATCTTACACCAGTATATCTGGTTTATCTTTCTCCTGTTATTTTGATAATGCTTTCTGTTTACTTTTCCACCTTTTTCCCCGCCTACTATCATACGGTTCTGTTTTTACTCTTTGCCATTACCTTTCAAGCGAGCTTTGGCATAAAAGCCTCAAGGTTTTTACTTCTCGCCTTTATACTGTCTTTTCTGTCAAGCTGGCTTTTACCTTTGTTTTCAAAGGAGGAAAACGAAAAGAACTTTGTGAAATTTTTAATCACCGGTGAGATAAAGGGTAACTTGGAAGAGTACAAAAAGGTAGCGCAGGTGTTAAAGGATTGTAATAAGGTGCTTATAGACGATGCAGGGGGCTTTCCTATAGTTTACTTAGTAAGAGATCCCAAAAAGTTTTATCTGCCTTACATGTATGAGTATTATACGGTGCTTTCTTATCCAGAAATCTTTGCGGATTGCCTGCTTGTAGATAAAGCTAACGCAAATGACAAGGTGATGATGCGTTTCCCCAAGGCGGGTATGGGCTTTCTTAAAGGATACTCTCTGGTTTACGAGGGTGAAACATATAATGTTTTCAGGAGGTAAAGATGGATAGGAGGGAGTTTTTAAAGATTTTATCCGGTGGGCTTGTGGGGGCTATGGTGGGATGTGGAGGAGGCGGGGCTGGTGCTAACCTTCCAGCTACTCCACCAACCACACCCCCAAATCCACCCACTTCAAAGAGTGTAAAGTTTGGGCTGGGTGCTGACCCTGAAAGGATGATAGACGCCTACGACCCCGATGGTAAAAGAGTGCTTAACACCTTAAAACCTGACATAGTTTGCATGTGGATAAACGGAGGTAGGGATATCTGGGGAAGGCTCTACACACCAAGTATGGACTACATAAGAGATTGGGCACTAAAAGGGAGGTTTTACGAGTGGTCTCAGAAGGGCTACGAGCTTATGATAATAACCTGGGAAAATTACGATGGACAAAACCCTTCTCTTGGGATTCCCACATACGGCGATTGGCACATATCCGACCTATTTTTATCGGACCTTGAGAGAACTCTAAGATACTTAAGGGAACAGTTTAAGAGTAAACTCTATTTTGCACTGGCTACCGAACAGTCTACTTATACAGCCTGCAGATACGATAGAACTTGCTCAAATCCGTTGGCCTACTCTGATAGAATAAACAGCATCACAGAGGAATACTACAGTAAACTTAGAGAAAAACTGATAGAAGCTATAAGGCTTGTAAAGAGTTATTTCCCTTCCGCCCATGTGGGCATGTGCTTTGGAGGATGGCTCG
