gap_id	start	end	length	sequence
CP074691.1_gap1	169020	172801	3781	GCGCCGCTCAGGTCCGTCGAGACGATGACGAGGCCGGCGATGGAAAAGAGATCGCCGCTGGCCGGGGAGAGCTCGCCGATCTGGCGGAGTCCTCCGTCGGCGATGAAGGTGCGGACCGACGAGGCGACGACGCCGCCGAACCCGTCATCGACGGCGAGCTTCCAGAAGCGTCTCCCGTCGGCGTTGCTCAGGGCGTAGCCGGTGGCGTCGGCCGAGAGGGGGACGATGTCGTCGTCGGTCAGGGCCTCTTCGGTGCCGAGGTAGAGGACGTAGGTCAGGGCGTCGCCGTCGGGATCGTCGTAGCGCCAGCTCAGTCTGCCGTTGGCGGGGATGTCAACGGCTCCGTCGGCCGGAGCGCGGCTTGCCTCGACGGGAGGCCTGTTGGCCGTCTCGAAGACCTTGGGCGTTCCCGTGACGGTGCCCACGTTTTCGACGACGGCGTCGACGGTGACGGTGTAGGTGCCGTGGCCGACGAGACCCTCAAGGAAAAGTTCCGTGGCCGTCGTCTCGCCGCGGAAGACGACGGTTCCCTCGGCATCGCGGACGGTGACGACGTAGCTCACCGTCTCGCCCGCGCCCAGCCCCTTGGGGGGCTGCCAGGTCAGGGTGAGGCCTCCGTCGGGGATGACGATTTTACCTCCCTCCAAGGAGGGGTTCTTGAAGTCGATGTCGCCGGAGGCGACGGGATCGAGGGCAACTCGGAAGGAGGTCCGTTCCGACAGGGCACTTCCTCCCCATCCGTCGTCGGCCGAGACCTGCCAGAGGTAGATCGCTCCGGCGTCGAGAGGTTCCGTCCAGCTGTGGGCGGCGCCCGTTCCGGCGTCGGCCGAGAGGATCCTTCCCGACTCGTCGGTCAGGTAGAGGACGAAGGACAGGCTGTCGCCGTCGCCGTCGTCGGCCGTCCAGGAGAAGGTCGGCTCGGCGGCGACGTTGAGGGCTCCGTCGGCGGGCGCGTCGTTTCTGACGGAGGGAAGGGCGTTGAGGGTCGTGAAGTTGCGGGCGTCGCTCTTCGTGTCCAGCTCCGGCTTGTTCTCGACGCGGGCCGTCACCCACCAGCGGTAGATGGTGTGTCCCCTGAGGGGCTCCTGTCCCGAGGGCCAGGCGAGGGTCGTCGTCGTCAGGCCTTGGGCGATGGGGAAGCCGCCGATGAGCACGTCGTAGACGACCGCCCCCTCGTCGCTCGAGACGGCCTGCCAGGAGAAGGAAGGCGTCAGGGAGACGTCGTCGGCGTCCGTCTCGGGGCTCAGGAGGGTCGGCTTGGGCAGATGTCCGACGGGGCCGTCGGCGAAGGCCTTGAGGCAGACGTTGGCCGTGGCGTCGACATCGGTCAGGTCCGTCCAGGTCGTGCCGTCGACGGAGACGAAGCTTTCTCCCCGAGCGGCCGTGGCCTTGTCGGAGTAGCCGCGGCTCCTGTTCTCGACGGCCACGGGGTAGTCGTAGCCCGGCGTGGTCAGATCGACGACGATGGAGAAGGTCGTTCCCGCCGCCACGTCGACGGGCTCGTCGAGATGGATCGTGTGATAGCCCGGGGCCTCCAGCGTGGCTCCCTGGCTGTCGATGACGCAGAGCCCCGAGCGGGGAGCTCCGGCCTCGACGCCGGTGTGGACCGAGATGTAGGCCACGTTGTCGACGCCTCCGGCGTAGAAGGCGACGGACTCGATCCGTCCCTCCTCGGCGGCGGTGAAGACGTTGGCCATCCAGGCCCTCTCCCCTCCGTCCGCGGCGGGCGAGTAGGAAGTGACCCAGCCCAGAGGGTCGTGCTGGTAGATGCGCTCGAAGGCGTCGACGGTGGTCCCGATGTAGACGGCTCCCGTGTCGAGGGCGGCGTCCTCGTAGGAGAGGTAGAAATAGCCCCCGTCTCCCCAGGAGTCGCCCCAGCTGTTCTTGACGATCCAGGCGCCGTCCCCTTCGGGCCTGTTGAGGGCGTTGAAGTTCTCCCGCGAATAGGTGTCGTCCCAGCCGACGACGGTGACGGCGTGGTTGGCCCAGCCGACGGTCAGGCCGTCGGGGTTACCGGCGGGGATGAAGGCGGCGCTGGTGGCGCTGTTGAAATAGGGCGAGAGGTTCCAGTTCCCCGTCTGGGGATCGCTGGCGTAGACGCCCACCGAGGCGGCTCCGTAGAAGGCGACGGCCCTCTTGATGTTCTCGACGCTGGCCTTCTGGTAGCGCGTGCCGCTGTCGTAGTAGAAGTTGTAGACCGTCTCCAGGCGCCGCGAGAGCGGCGCGGCGCCGTCGGGGATCTCCTCGTAGGGGGCTTCCGTCTCGTCGACGGCGCCCGTCCCCCGGGCCAGAAGGGCCGTGGCCCGGAAGTCGTCGCCGCCCTGGTCCATGAGAGTCTGAAGGGGCAGGGTCGCGGCGACGTCTTTGAAGCCGGGAAGTTCGGGCGACCGGTCGACGCAGCCGAAGTATCCCAGGTGCATCTCGGCGTAGTCGGGGCTGGCGATGCCGGCCCTGAGGGCCGTCGACTCCAGCGAGGCCATGGCGGAGAAGGTCCAGCAGGAGCCGTAGGGAGCCTGATCGCGGACGGGCGACGACAGGCCCGATTTCCTGAGGTCGAAGGTGGCGGGGAACCAGGCTCCCTTGTCGCCGGCCGAGGTGAAGAGGCTCTTTCCGGCCAGGTGACTCAGGTCGACGGGAGAGGGGGTGCGGCCCCCCTCGGTCCTGGCCGTTCCCTCCGAGGTCGCGCGGGCCTGGTCCTCCACATAGGCGACGAAGGCGGGGTTGGGCGGGGCGAAAGCCCCGGCCCAGGCCGCCAGAGAGGAAAGCAGCAGCAGGAAGAGGGCGAAAAGGGAGATCCAGGACAGACGGTGACGCGGCATTCTCGAACACTCCTTTCGATGGATGGATCGTCTCGGACCCGAGGGCCCGGATGGAGTCGGCGCGGTTACCGGTCTCTGCGCAGGAGGAAGAGGAGGGGAAGGCAAAGCAGCGCCGCCGTCGGCGTTCCCGCCGCACAGCCTCCTCCGGATGCGGGGGCAGCCTCTTCTGGCGTCGGGGCCTCGGGCGTAGGCGCCCGTCAGGGGGTGTCCTCCTCCTCTTCGTCGGCGTGGGGCAGGCGCAGGGCGGCCAGGGCCAGGATCAGGGCCCCGGCGCCGTTGGCGACCAAGAGGAGGGGGAGGGACAGGAATCGGTTGGTGAGGCTGAAGAGGATGAAGGCCAGGGGCATGACGGCGTAGCAGATCGTCGTGAGGAGGGCGAAGAAACGCCCCTTCACGGCGTCGGGGACGATCTTCTGGAAGAGGGCCGGCGCCGTGGCGTTGACGGTGCCCAGGCCGAGTCCCACGGCGAAGAGGGAGAGGGCCATGATCTCCCTGTGGCCGACGACGCCGAAGAGGATGATGGCGGCGGCCGAGAGGAAGAGTCCTCCTGCGATGCGGCCGTAGGCGCCGGAGAAGGGGCGGAGGCTGAAGAAGAGGGCCGAGAGGAGGGCGCCGAGGGCCAGGGAGCCCTCGAAGAGCCCCACCCAGAGGGGGCCCTCGCCGAGGATGAAGCGCACGGCCAGGGGGATGGCCAGGAGGACGGGGGAGAAGAAGAAGTTGAAGGCGCCGAAGACGGCCAGGAGAAGGGCCACGGGGCGGTTCTCCCCGAGATAGGCGAACCCCTCGGCCATGGACCGGCCCCAACTCGGCCGGGGTCCCGGGAGGCGAGGCGCCGCCAGGTCTGTTCTGATGGACAGGATCAGGGCGAGGGAGAGGAGGAAGGTGGCGCCGTCGAAAAGGAAGGCCCCAAGCGAGCCGAGGGCCGCCAGGGCCGCCCCTCCCAGGGCGGCGCCGATGACGGC
CP074691.1_gap2	178369	180323	1954	CGTCAGAATCCGCTCCAGAGGCACCCTTCGGAAAGAGGCCGATCTCTCCTTCAGCCGCCCCGGGTTGAGCCAGCGCCGGGCGCGCTCGAGAGGCAGATCGTCTCCCCTTTCCCAGGTCCCGAAAAAGAAGTGAGCCTGCTGATCCATCTTTGCACCCTCCTCTGCCGAATGAAGACGAGTCCACTTCGCGACGGACATGGACTCATTTTAAGCCATGGGCGGAAGAGAGAGAAGTGGACGGACTTGAGTCAACTGTTTTATTTAAATGAGTTTTCTTTCTCGGCAAGGGGGAAAGGCGAAAGCCCTGAGGCGATCTCGTCGAGGCGCGGTCTTGTCCGTTGTGGAGAGGCCTCAGGGATTGAAATTAAATTAAAGAAGGTTCTGTTAAGGCTTCGGGGTAAAAAAGGACGAAAAAACGGGATTTGGGACGTGGTGCCGAGGTTGATCGCTCCCCCGATCGGACGAGTCTGCCGGCGAGGGGAACTCCTGTCGCGGGTTTCCTCTGAGGGCGGAGGGAGGTGCCCCGTCGCGGCGGGACACCTCCTCTTCTGTCGCCGATCGCCTTTTTCTCAGGCGGGGAGGCCCTTGGCCACGGTCCGTCCCAGCTCGCGGCAGCGCTCCAGGGCCTCGCCGTCAGGCTGCCACTTGGCCGCCACCCCTTCGGCGACGACGTCGATCCTGGCGCCCTTCATGTGGTCCTCGATGCGCTTGAGGCCTTCGCCGCTCCAGCCGTAGGAGCTGAAGGCGGCGCCCACCTTGTTCTTGAACTTCAGCCCCCGCAGGTCCTCCAGGATGGGTGTGATCGTCGGCAGGATGCCGCCGTTGAGGCAGGGCGAGCCGACGATGACTGCCCCGGCCTCGAAGATGGCCGTGATGGCGTCGTTGCGGTCCGTCAGGGACATGTGGAAGAGGCGGTGATCGACGCCCGATTCGGCCAGACCCTCGCCGACGGCCTCGGCCATCTTCCGCGTCGCCTCCCACATCGTGTCGTAGAGGATGACGGCCTTGCGCTTCGGCTCCTGGCGGGCCCACTCCTGGTACTGGGTGACGATCTGGAGGGGGTCCTTGCGCCAGATGACGCCGTGGCTGGGGGCGATCATGTCGACGGGCAGGCCCAGGGCGAGAACCTCGTCGATCTTCTTGAGCACCAGGGGGCTGAAGGGGGTGAGGATGTTGGCGTAGTACTTGAGGGCCTCTTCGTAGAGCTCCTCCTGATCGACCTCGTCGTTGAAGCGGAAGGCCGAGGCGTAGTGCTGGCCGAAGGCGTCGTTGGGCATGAGGAGGTTGCTCCCCGTCAGGTAGGTGAACATGCTGTCGGGCCAGTGGAGCATGGGGGCCTCGACGAAGAGGAGGTCCCTTTGGCCCAGCGAGACGGAATCACCCGTCTTGACGGGCCGGAGTCTGAGGTCACCGGCGTGACGGTAGTGGCCGGGGACGGAATCCATCCCCTTGGGGGAGACGAGGATCTCCGCCTGGGGAGCCAGGGCGGCCAGGGCCGGCAGGGCGCCGGAGTGGTCCGTCTCGGCGTGGTTGACGACGATATAGTCGATCCTGGCGGGATCGACGACTTCCTTCACCTTGTGGAGAAACTCCTCGGCGAAGGGTCCCCATACGGTGTCGATGAGGGCGATCTTCTCGTCGACGATGAGGTAAGAGTTGTAGGTCGACCCCCGATGGGTCGAGAGCTCGTGGCCGTGGAAATGGGTCAGGGCCCAGTCGATGACGCCTACCCAGTAGACGCCGTCCATGATCTGCTGCTTCATGTGACGCACCTCCTTGTGGATTTTGGCGCTTCCTGCGCCTGATGCGAGAAATCCCTCGGGGCTGTGTCAGAAGGGACGGATGTTCCTGACGGGAGAAGGATGTTATCTCCAGGGGGGGCGCTGGGGCGGATCGGCGGCTGGCGCCTCAGCCCTTCGACGGCGCCGTAGACGAGAGGCAGGAAAACCAGCGT
CP074691.1_gap3	211795	213598	1803	AACGACTACTCCCTCTTCGAGCCCCTGGGGATCCTCCTCGTCTTCTTCCTCTCCTGGCTCCTCTACCGCACCGTCTGGGGGCTGAGGCTGCGCAGCGTGGGGCTCAATCCCCTGGCGGCGGAGACGGCGGGCATCCCCGTCTTCCGGCGCAAGTTCGAGGTCATGCTCTACTCGGGCGTCGTCGGCGGCATGGCCGGGGCCTACCTCTCCCTGGGCTACTCCCGTCTTTTTGCCGAGAACATGACCAACGGGCGGGGCTTCATGGGCGTGGCGGCCATGTTCTTCGGCGGCGGCGATCCGATCAGGAGCTGGATCGGCTGCCTCATCTTCGGCTTCACCGACTCCGTCGGCTCCCGCCTCCAGTCCCTGGGGCTGCCGCCCCAGTTCATCCTCATGATTCCCTATGTGGCGACCGTTTCGATCCTGGCCCTGGCCATGGGACGGAAGATGGCCGCCCAGCGCCGGGCCCGCAGCGCCCTCAAGTGACGCTTCGCCCGAAAGGAGACCCGTTTCCATGACAGCAGCGCCGAAAAAGATCATCCTCGACGTCGACCCCGGTCACGACGATGCCGTGGCCATGATGATGGCCCGCATTCATCCGGCCATCGACCTTCGGGCCGTCACCGTCGTCGCCGGAAACCAGACCCTGGCCAAGACGGCCCGCAACGCCCTTCTCGTCGCCGAGGCCATCGGCCTCGCCTGCCCCGTGGCGGCCGGCATGGCCCGCCCCATGGTGCGCGAGCCGATCCTCGCCGGAGACATTCACGGCGCCTCGGGCCTCGACGGACCCGTCTTCGGCGAGCCGGCCCTGGCCCTCGACGGACGCCACGCCGTCGACCTTCTCATCGAGACCCTCCTCGCTTCCGACGGCGACATCGCCGTCGTCCCCACAGGCCCCCTGACGAACGTGGCCATGGCCATGCGCAAGGAGCCGGCCATCGTCGAGAAGATCGAAAGGATCGTCCTCATGGGCGGATCCTACCAGCTGGGCAACGTGACGCCCGCCGCCGAGTTCAACATCTGTGCCGACGCCGAGGCGGCTCACGTCGTCTTCTCCTCGGGGCGGCCCCTGGTCATGATGGGTCTCGATCTGACCCGTCAGGCCCTCTGCGGCGCCGACGTCGTCGAGCGGGCCCGGAGGCTGGACAACTCCGTGGCGACGCTCTTCGTCGAGCTGATGGAGTTCTTCACGAAGACGCAGAGGGAGGTCTTCGGCTGGACGGCTCCCCCCCTTCACGACCCGACGACGGTGGCCTGGCTCATCGACCCGACCCTCTTCGAGACGAAGGCCATGCGCGTCGACGTCGAACTCCGAGGCGAGCACACCTACGGCCGGACCTGCTGCGACTACTTCGGCGTCACCGGCAGGGAGCCCAACGCCGAAGTGGCCGTCGGCCTCGACGTCCCCCGCTTCTGGGATCTCCTCATCGACTGTCTGGCCCTCTACGGCCGGTGACGACGATGGAATCCCGGCTCCGCCAGACCCTCGACGCCGACAGGGAGAGCTATCTCCGGCCCCTGCTGGAGCTGATCGCCATCGATACCCAGGTCCTGGGCCACGGCATCGACGGAGGAAGAGAGGCCCAGGGCCAGGTCTACATCGAAAAGCTCCTGCGCTCCCTCGGCGCCGACGTGAGGCGTCTGCCCATGACGGAAGAGGCCGTCGCCGAGGCGATCGCCCTCTGGGGAGAGGGAAACGCCGGTCACGTCTACGACGGCCGCTGGAACGTCCTGGGCCGCTTCGGCGGACGGGGCGGCCCCTCTCTCCTTTTCGACGGCCACGTCGACACCATGCCTCCGGGA
CP074691.1_gap4	230410	232173	1763	GTCTTCAGCGCCAGGCTGAGGTGGTTTCCCTCCTTCGGCCTGCGCACCTGGAAACACTATGTCCTTCCCGTTGTGGCCCTCGGGGGCTACTCCCTCTCCTTCGTCCTCCGCCTCACCCGGTCGAGCATGCTCGAGGTGCTCCAGCAGGACTACATCCGGACGGCCCGGGCCAAGGGCGTCTCGGAAGGCTCCGTCGTCTTCCGCCATGCCCTCCGGAACGCCCTCATCCCCGTCGTCACCTATATCGGCCCCCTCATCGCCTCGGTCATCACCGGCTCTTTCGTCGTCGAGAAGATCTTCGCCATTCCCGGAATGGGCAAGTTCTTCGTCGAAAGCGTCACCGATCGGGACTACACGGTTCTCATGGGGCTCACTCTCTTTCAGTCCATCCTTCTCTGCGCCGCCATTCTCGCCGTCGATCTCCTCTACGGCTTCCTCGATCCCCGGATCAAGGTCGGAAAGTGAGGCGATTCCCACTCATGACCTCCCCGTCCCCTTTCTGCCGGCCTGCGGAAGCTTCCGACGGAAGGATCTCCTCCTCCCTCTGGGAGCCCCTTCCCGCCTCGGAACAGCAGGGAGAGCGCATCGGACGTCCCAGTCTCACCTACCTTCAGGACGCCTGGCGGCGTTTCCGCCGCAACCCGACGGCCCTCTTCGGCCTCGTGCTGCTGGCCCTCGTTTTCTCCTTTTCCCTTCTCGGGCCTCTCCTGTCGAACCACTCCTACCGGGAGCAGGATCTGGACCGGGCCTACGAGTTCCCCAGCGCCGAACACTGGTTCGGAACGGACGCCCACGGCCGAGACCTCTTCGTCCGCGTCATGATGGGCGGACGGATCTCCCTCCTCGTCGGCATCATCGCCACGGCGACGAGCTGCGTCATCGGCGTCCTCTACGGAGGCTTTTCGGGTTTCATGGGGGGACGCTGGGACAATCTGCTCATGCGCATCGTCGACGTGGCCTCGACCATTCCCCTCATGCTCTATTCGATTCTGCTCATGGTCCTTCTCGGCACGGGGCTTCACAACATCCTCATCGCCCTGGGGCTCGTCTACTGGGTCGGCATGGTCCGCATCGTCCGCGGTCAGGTCCTCTCCCTGAAGGAACAGGAGTTTGTCCTCGCCGCCCGCGTCCTGGGTGCCGGGCAATGGCGTCTTCTCACGCGCCATCTCATCCCCAACGCCATGGGGCCCATCCTGGTGACGGCCACGATGATGATTCCCGGCGCCATCTTCACCGAGTCCTTCCTGAGCTTCATCGGCATCGGCATCTCGGCGCCCATGGCCTCCTGGGGCTCCCTCTGCTCCGACGCCCTGGGAGGACTCCGCTCCTACCCCTACCAGCTCTTCTTCCCGGCGGCGTCGATCTGCGTCACCATGCTGGGCTTCAACTTCGTCGGCGACGGCCTCCGGGACGCCCTCGACCCGCGGCTGCGCAAGTGAGGAGGGAGAGCCGATGACGGACGTCGATGCAGGACGGGCGATACGGTCTCTCCCTTCGGACGAGGCCTCTCTTTCGGGAGGCGCGGCGCCCGAGCTCCTGCGCCTCGAAGATCTCCACACCTCCTTTTTTACCCACGTGGGGGAGGTGAAGGCCCTGCGGGGCATCGACTTCTCCCTCCGCGAGGGAGAGGCCTTCGGCATCGTGGGCGAGTCGGGCAGCGGCAAAAGCGTCACCTCCCTCTCCATCCTCCGCCTCCTTCCCTACCCGGGGCGGGTCACGAAGGGACGGCTGCTCTTCCGAGGCGAAGATCTTCTCGCCAAGAG
CP074691.1_gap5	234724	237287	2563	CGACGGCCGAGCCCTGGGGAGGGAGAGAGGGGGCCTGCCGGGCCCTCGACATCCTCCTCCACGTTCGGGCCAACGCCATGCTTCTGCGTTATTTCACCGAAGAGGAGTGCCCCCTGGCCCACAAGCCCGGCGGCCTTCCCTACGCCCAGCACGAGGCGGGTATTTTCTTCCCCGACCCCCCCGACGGGGTGCCCTATTTCTTCGGCGTCTTCACCACCGGTCTTCCCGAGCCGGAGGCGAAGGAGCTCATCGGGCGCCTGTCGCGTTACGTCTACGAGACGAGAAAGGAGTGGCTCCATGACTGACGCCGTCATCGGTCTTCCCCTCTGCACCCTCTATGTCGAGGCCCGGGAGGGGAGCGAGGTGGCCGACGAAGTCCTCCACGGCATGAGCGTCACCGTTCTTGGCTCGGAGGAAGAGTGGCTTCACCTTCGCACGTCCTACCGCTACGAGGGATTCGCCCGCCGCGAGGCTGTCCTGAAGCCCTCTCCCGACGGATGGGCCGAAAGGGCCCGCTCCGTCGTCATCGCCCCCTTCGCCGACGTCATGGACGGCCCCGCCTACAGGAACACGATCGTGACGACTCTCCCCCGAGGGGCCCGGCTCCTTCAGGGGGCTGCCGTCGAGGCCGACGGTCAGTGGTCTCCCGTCGCTCTGGCCGACGGAAGGGAGGGCTTCGTCCGCTCCACCTCCCTCCGTCCCCTGCGGACCTGGAACGAAGTCGACGAAGAGCGGACGCGGGAGCGCCTCGTCGAGGACGCCCTTCTCTATCGAGGCACCCAGTACCGGTGGGGAGGCAAGACGCCTCAGGGCATCGACTGCTCGGGCCTCTGCTCCATGGCCTACCTCCTCAACGGCCTGGCCATCTACCGCGACGCCGCCATCAGGGAGGGCTTTCCCGTCAGGCCCGTCGCCGCCGAAAAAGCGCGCAGGGGCGATCTGATCTTCTGGCCCGGCCATGTGGGCCTCTACCTCGGCGAGGGGCGGTACGTCCACTCGACGGGCTTTTCCGGCGCCGTCGTCGAAAACTCTCTCCTCCCCGGCGACGGGTACCGCGACGACCTGGCCCGCTCCGTCTCGGCCTGGGGAAGCGTCTTCTGATCCGATCGGGGTTTTTCCCCTCGGCCACAAGAGACCTTCCGCAGGGCTCTTCCCCGCCGGGTCTTCCGACGGCGGAGAAGGGCCGACGAAGCAGCAAAAGACACATGAAGGAGGGTCGCGCCATGAAAATAAGGAACCTGCGTCTTCTTCCCCTCTCCGTCCCGCTGCGCCGCGCCTTCAAGACGGCCCGGCGTTCCGTCGATCACCTCGACGACCTCGTCCTCTTCGTCGAGACCGACGGGGCGATCGAGGGACTGGGAGCGGCCCCCCCCACGGGGCTCGTCACGGGCGACACGGCGGGTGCCATCGCCGGAGCCCTGACGGATCACATCGCTCCGGCCCTCGTCGGCCGCGACGCCGAGGATCTCGAGGGCAACCTGGCCGTTCTGGAGGCCTCCATCGTGGGCAACGGCAGCGCCAAGGCCGCCGCCGACATCGCCCTCCACGACCTCTGGGCCAAGGTGCTGGGCCAGCCTCTCTGGGCCCTCTTCGGCGGCGGGGGCGCGCCGATCTTCACCGACATCACCATCAGCGTCAACGATCCCGACGAGATGGCCCGCGACGCCGTCGACGCCGTCGGCAGGGGGTACCGGACGCTGAAGATCAAGGTGGGCAAGGAGAGAAAGCGCGACTTCGAGAGGATCGCCGCCATCCGGTCGGCCGTCGGATCGGGGCCGGCCCTGCGCCTCGACGCCAACCAGGGGTGGAAGCCCGGCGAGGCCGTGCGCCTTCTCGAGGCCATGGAGGAGGCCTCTTTCGCCATCGAACTGGTGGAGCAGCCCGTCGCCGCCCACGACCTGGAGGGCATGGCCCACGTCACGGCCCACAGCCCCGTTCCCGTCGTGGCCGACGAAAGCGTCCGCACCTCCAGCGACGCCCTGAGGATCTTTCAGCTCAGGGCCGCTCACATGATCAACATCAAACTCATGAAGTGCGGCGGCCTGGGGGAGGCCCGCCGCCTCATCGCCCTGGCCGAGACCTTCGGCGCCGGAGTCATGTTCGGTTCCATGCTCGAGGGCAAAATCAGCGCCGCCGCCGCCGTCCACCTCGCCTCGGCCCGGAGGGCCGTCGGGGCCATCGACATCGACGGCCCCCTCCTCTGCGCCGACGATCCCTACCTGGGCGGGCCCCAGTTCCTCGGCCCCGAAATCGTCCTCTCCCGCGAGCCCGGACTGGGCGTCCGCGGTCTGCGGGATTCCGCCCTGCCCTGAATCGGGGCCTTCGGAATCAGAGCGAGATGCTGCCGAAGCCGAGTTCGGCCTCCACGACGAAGGCGCGGAACCGCTCGGCGGCGGGAGGAAGGGCGCGCCCCTCCTTCCAGAGAAGACTGATGTCGCGGAAAAGGGGCGGAGAGGAGAGCTTCAGGGCCGCAACGGGGTAGGTGTCGAGAAGGGGGATCCTGGGCATGATGGTCACGCCCTGGCGGGAGCTGACGAAGGCGGCCATGGCGTTGCACTCCTCC
CP074691.1_gap6	261978	266767	4789	GCCCGGAAATGGACGGCCGCCTTCGTCCGCTGGTACAACGAAAAGCATCGCCACAGCGCCATCGGCTTCGTCACCCCCGACGCCCGCCACAGAGGCGACGACGTCGAGATCCTGAAGAGAAGAAAGCTTCGCTACGAAAAGGCCCGATCGGCCCACCCCGAACGTTGGAGAGGCAAAACCCGCCGATGGGAATCCATCGGTCCCGTCTTCCTCAACCCCGACAGATCGGGTAAGGAGGAAAAAGCGGAGAAGGACCCCGGCTGAACGATCGCGAAGGAGATGCCGGAAGAGGAAATGTCAACCTGATGCATGCATGACTCTTGGGCGACAACTATATTGACAAACACCGTGCCGGTGATGAAGGCCGGCGACATGTCGATGGTAAAGTCGCTGACCTGATCCGGGCTACCTCCGTGCCCTTCGAGGAAGCTTTTGAAGGCTTGAAGGACGTCCTTGCCTTTGCCTTCCGTCACAAAGACGGCGCCTTTACGCTCGAGATCGACAAAGGCCGAGATGTAGTTGTGGCCCCGTTTTCTGGCCGTTTCATCGACGCCGACGGCGGTGACATGCGAAAGATCCTGCTTCTCGACAGCCTTGTCGACGTAAGGGTGAGCGATGCGCCAGATCCGTGTGTCCCACTCGTCGAGAATCCGGGCCGCCGAGGCCACGGGCATAAAACGGATCAAGGACATGGCGAAGGCCTCAAAAAGCAGGGTAAAGCCGCTACCCTCCCGAGCCCAGGGCACCTTGGCCGTATGGATCCCATGGGAAGGGCAGTCGACACGGGGAAGGCGGGCGTGGAGATAGGCCTTGTACTGGAAGAGATTCATGTGTCTCCAGCTTTTCATCGTCGAATCGTGGACCTTGCAGCCGCCGGTACCGCAGAGGGGACAGGAGAAGGTCCCGCCCTTCCTGAAGTCGAGATAGATATCGATTCTGACCTGTTCCTGATCGAAGGTGATCTCATCGATGAACCAAGGATCTGCCAGTTCCAGAATCGTTTCGAGAAAGGGCTTCAGGTCATTCACGGCGGGACCTCCTGATGGAGAAGAATGAACTTCGTCCCCTATCCTAGCAGGTGGCTCTGATCTCAGCTGGCCCCCCTACCCACACTAAATAGCGAGGAGCCTCTGCCTGTGAGTTCCACGTCCAGGCGGTGTCATTGCAGGGCGCGTTCTCTCCGGGACAGGGGGCTCGATCCCGCCATGGATATGCGGAACGGCCTGACGCTGGCTCTGGCCGTGTCTGCCGCCATCGTCTGCCAGTCCTCCTCTCTCCGCCGCTGGAGCTCCTCCGTCTGACGTGAGGTCTCTGGTCCCCTCATCAGGAGTTTCCTTCGTTTCGTCGAATATTCCGGACTAGATGGCGAGGGCCCCTTTCTCTTCGGACCCGCTCTCTCGTTATCTTCCTCGTTCCCGCGACGACCTCAGGGGAGGGGGGCGCACCAGACGGCCAGGGCCGTCCGGCTTGTCACCAGGCGGGGCTGGCCGTCCATTTCGACGACGAGGTCGTGCGACCCTTCGTGACCGAGAGGGACGAGACAGCGGACGACGGCGCCGGGGACGAGGCCGAGGCAACGGCCCGTCTCCTGAACGGCTCTGTCTCCGAGGAGGTGTTTCACCAGGCCTTCCTGATTCTTCTTGAGCAGGCTCAGGGGAAGGGGGGCGTCGTCGCCCTCTTCGGCCTTTTCCCGGACGAGGTTCGGAAGGACCCCCCGCTCGAAACGGCTGGCCAGGATGTCCATGACGCCGAAAAGATTCCGTTCCGTCTCTTCGTCGAGGTGGTGCTCCATCTCGCAGGCCAGCAGGGCGGCCCGATCGGAGGGGAGGGAGAGGACGTTTCCCACGAGATCGCAGAGAAAGCGGTGCCGGCGGTAGATGCGAAGGGCTCGTTCCCTTCCCTCCTCGGTGAGGTGGATCTTCCCGTACTGCTCGTGGAGGACGAGGTCCGCCTCGATGAGACGCTTGACGCAGGAGACGACGGAGGGCTTGCTGACGCTGAGCCTTTCGGCCAGGGTCGTGACGGCCACGTCGCGGCCTTCCAGCTCGAGGATCAGGGCGGCCTCGAGGTAATCCTCCATCCTTCGGGTCAGAGGAAGGGTAGAGGCCCTCGACGGCGGGGAGGTGACCGGGGCCGTCACGATGCGTCTCTTTCCCTTCCGGAGCGGGGAGACGGAGCCGCCCCGCTTTTGCGGCGGAGAAGGGCGTGTTCGCCTCTCTCCCCGAAGGCGACGGAGCGGTCTTTCCTGCCTGTCGTGACGGCGGTCCCGGCGCGGAAATCGACCTCTCCCGGGTTGCGGCATCGGCCGTCACCGCAGGAGAGACGGCAGCAAGGGCCTACGCGACGGCAGGCCGTCAGGGGTGAGCGGTTCTTCTTCATGATTCATCCCTTCCCGGTCTTTCGATTTGCCCGGGGAGGCCGACACGGTCCTGAGGGAGGTCAGGCCGTCCGCTCCTCCGAGGGGGAGAGGTGTTCCTCGCCTGTGTCTTTGACGGAGCCGTCGGGAAAGGCCCGACAGATGGAGAGGATTTTTTCGAGGTTTTGCAGGAAAAGATCGACGACGGCGGGCTCGAAGTGCCGTCCCCGCTCCGCGATGAGTTCGTGGACGATGCGATCGAGGGGCCAGGGAGCCTTGTAGACCCTCCTGCCGGCCAGGGCGTCGAAGACGTCGGCAATGGCCACGAGGCGGGCCTCGGGAGAGATGGCTTCGCCGGCGAGCCCCTGCGGGTAGCCGCTGCCGTCCCATTTTTCGTGGTGTTCCAAGGCGATGGAGGCGGCGAGATCGAAGAGGGAGCCTCCTCCGCAGGCGCTCAGGATGCGGTGCCCCATCGTCGTGTGGGTGCGGACGACGTCGAACTCCTCGGCCGTCAGTCTGCCCGGCTTGTTGAGGATGGCGTCGGGAACGGCGATCTTTCCCACATCGTGAAGGGCCGAGGCCAGGCCGACGAGACCGGCCTTTTCGGCGGAGCAGCCCTCTTCCAGGGCCAGAAACTCCGTCATGGCGGCGACGCGACGCACATGATGGGCCGTCTCATGAGAGCGACTCTCGATGACTTCGCCCAAGGTGAAGGCGATCTCCGATCGCGTCCGCACCAGCTCGGCGTGGAGGCGGGCGATTTCACCCTCGGCCTGCCTGACTCTCTCCAGCTGGGAACGGAGCTGGCGCGTGCGGACGGCGACGCGGCGTCTCAGGGAGACGATCCAGAAAAGGCCTCCCGCGACGCCGATGCCGATGACCTTCAGTCCCCTCTCCAGCTTCTTTCCGTCGATGCTCTCTTGGGCGAAGGGATTCTCACCCTTGCCTTCAGGGAGGAGACGGAGAGGGGCAAGGCCGCCGGCAGAGGCCGGAAGAGGCGGGAGAAGAAGGACGAAAGCGACGAGCAGGGCCGGAAGAAGTGATGTGTGAAGACTCTTTTCGGACTCTGCGATCATGAAACGAACCTCCGCCTCGGGAGTGTCATGCCTTCAGCGTCGCGACCGGCGAAGGGGAGGGCGAGGCCGAAAGGGGCTCTCCCCTTTCGGCCTCGCCCCGGGCTCAGTCGTCGATGCGGAAAGAGAGGGTGGAAAGATAGATCAGGTCGTCGGCCTTCGTCTTGTCGGGGTGGGGTTCGGAATATTCGACCTCGGCGAACCACTGTCCCGCCTTCAGGGGAATGATGTCGATCTTGCCCTCGAGATCGGTCCTTCCCTGAAAGGCCTTGTATTCCTTGTCGGAGAAGCCGGCGAAGACGGCCTCGACCTTGACGGTCTTGGCCGGCTTGCCCTTGTAGAAGACCTGGACGGGGAACTTCTCGCCCGTCCTGACCTTAGCGGGATTGACGAGAGGCACGATTTCGAGGCCCTGTCCCGCCGGTTTGGAGATGAAGGCGTCGTCACGGCCTCCGTCGACGTTGAGGACGGTCTTGGCGAACATGAGCACCTCTTCACAATAGGTCGCGTCGGGGCGCTGGAGTCGGTTGGTCTGAGACCAGCCGCCCTCTCCCTTGGACCAGAAGGTGGGGAAGTAGGTGCCCAGGACGAGGTAGCTTCCCCTCTGGAGGTCGGCTCTGCCCTGGAAGGCGTAATTCTCGCCGACCTGGTCGAGCTTCATCGCCCCTTTGGGCGTCACCAGTTGGAGAGCGTCGAAGAGATGGACGCGGTCTTCTGGAATCGGCTCTGCCTTGGGGAAGTCGTGGCCGTAACCGATCTCGGCCTTGACGATGCCTCCGACGGGCTCGGCGGCGTTGACCCAGAAATCGTGAGCCTGAGCGGCGGGAAGGGCCGAGAGGGAGAAGGCCGCGACGGCCAGGGCTGTGCGGAGCGTTCTGCCGTTGAAAAGGGAAAGCATGAATAAAATCCTCCTTTTGAAACTTCTTTTGAAGCGTGGAGCGTATCTTGTCGACGCCGAGTTTTAGTTATAAAACTCGGGTTTCGATACGACGATGCCCCCTGAAGGGGCCCCGTCGCCTGTCGGATTTCCCGACCGTTTCGCCCTACTTCATGTCCCGGACCTGGACCCAGAGAACGGCGTCCTGGCCCAGCTCGGCTCCCTTGTACTCCAGGGTCTTGACGCCCAGAGCGGCGAAGCCCCACCAGCCCTCGCGGGGAAGGGCGTAGACGAAGGTGCCGTTGGCGTCGGCCCTGATCGTCTGGGTGACGAAGCAGTCCTGAGGCGCCTCGACCTCGCCTTCCTTGGCGAAGCGGTTGTTCTCCACGTCGGGCCTGTGATTGAGGAATTCGACCTCGATCTCGGCGAAGGGCACTGGCTTGCCGTCGGCCTTGACGACGCCGCTGAAGACGTTGCCCGTCC
CP074691.1_gap7	267986	270195	2209	TCTTCCTGCTCGCGCATCCGCTCGCCCACGGTCTGGTTCTCGTCACCCTGGGGGCGGTAGATGACGCCCAGCGTGGCGACGCTGCTCTCCTTGGCGGCGAGGGAGCTGAGAAGGGCGACGTTGACTTTCCACGTGAATCCGGCGAAACGGGTCACCGGTTCGAGGGCCTTGCCCATGCGGCCCAGAACGCTGTTGTCGAGACGGGCCGCATCGTACTCCTGCATCAGGGTCATCCTGTCGCGACGCAGGCTCTTGAAGGCCCTGTCGAGCTTCTTCCCGTCACCGTCGCGGAGCTGAAGGAGATCGAAAAAGACCTTGTCCTTCTCTCCGGAGAACTTCCGCTCCAGGGCGGTGCCGTCCAGTCCGGCCAGGCGGCTCTGGCGGTAGCGCTCCTGAACGTCGAGGTAACCGAGGAAGAAGGCTTCGTCGGCCAAGGGTGAGGCATAGGGGCCGTCGGCGATTTCGCTCAGGAAGGAGGCGTGGATCGCCTCGGCTCGGGCGGCGAAATTCGCCTCTTCCTCGTCGGGCAGCTGGGGGTAGCGGGTGAGGAAGAAGACGGCCACGGCGACGAGGGCGATGACGGTGATGATCTTTCGGCAGAAGAGCCAGGTCCGCTCGACGGAACGCTGAAGGACGCCGAAAAGGGTCGGCACGTGATAGGGGGGCATCTCCATGACGAAGGGCGAGCTGGGGCGGTTTTTCAGGATCGTCAGAGTCAGGATCTTGGCGACGGCCAAAGCCACGATGAGGGTAACGGTGGAGATGAAGATCATCATGGCCCCCTGGTGGGAGACGAAGAAAACGCTCACCAGCAGCGTGTAGAGGGGGATCTTGGCCATGCAGTTCATCAGGGGAACGATGAGAATCGTCGCCAGCCGCGCCTTCTCGTCGGCGATGACGCGGGTGGCCATGACGCCGGGGACGGCGCAGCCCCCGACGAAGACGCCGCCCAGGATGAGGGGGAGCGTCGACTGGCCGTGGAGGCCGAAGCGGCGGAAAAGCCTGTCGAGGATGAAGGCCATGCGGGGCATGTACCCCACGTCTTCCAGGACGGCGATGGCGGCGAAGAGGATGAGGAAGATGGGGATATAGATGAGCACCGAGTTGATGGAGGCGACCACGTCGCTGACGAGACTGCGCAGGAGCGGTTCCTGCAGAAGCCCCGCCAGGGGGAGGCGCTCCTCGACGGCCATGTGGAAACGGGAGAGCCAGGGAACGACATAGGCCGTCAGCTTGTAGCCCTGGACGATGGAGAGCTCGTAAAGGCCGTAGATGACGCCCAGAAGGATCAGGGGGCCCAGGATGCGGTGCACGATGACGGAGTCGATACGGTCCGTCCAGGTCCGTCCGGCGGGGGCGGTCCTTCGGGAGCAGAGTTTCTCGACGGCCTCGGCCCGACGGTGACGGACGAGACCGATATGGCTTCGCGTGTCGTCGCCTTCGACGCTCTCGAAGCGCTTGGAGAGGGTGGTGACGCGTTCGAGAAGCGCCTTGCCCCTCTCGCCGCGGGCGCGTACCTGGTCGGCGACGGCCTCGTCCTCCTCGAAGAGCTTGACGGCCATCCAGCGGCAGGGAAGCCCTTCGTGGGGAAAGAGCGCCTCGAGGGCCGCCGTCGTCTCCTCCAGGGCGGGTTCGAGGGGGCCGTAATCGAGGCGGAAGGCCGACGGACCGGCTCCGATCGCGATGGCCTCCTTCAGCTCCCGGCCTCCCCTGCGGCGGTTGCCGACGGTTGGCGCCACGGGAGCGCCCAGCTCCGCCGCGAGGGCGGCGGAATCGACGGAGAGGCCTCGGCCGGAGGCGACATCGGCCATGTTGAGGTCGACGACGAGAGGGGCCCCCATCTCGAGGATCTGAAAGGTCAGGTAGAGGCTGCGCTTCAGGTTCGAGGCGTCGACGACGTTGACGACGAGATCGGCCTTGCCGGAGAGGATGAAGTCGCGCGTCACCTTCTCCTCCGACGAATAGGAGGTGAGGCTGTAGGTCCCGGGCAGGTCGACGAGCTCCACCTTTCCCAGTCCCTGGCGGAAGGTCCCCCGCTTGACCTCGACGGTGACGCCGGGGTAGTTGGCCACGTGCTGGCGCGATCCCGTGAGCATGTTGAAAATCGTCGACTTGCCGCTGTTGGGCTGGCCGACGAGGGCGATGCACCGTTTTTTCATGGAAGGTCGACCTCGATGAGGCGGGCCTCGGCGTGGCGGAGGCTGACGTG
CP074691.1_gap8	274626	278331	3705	CCGCTCCGGCCTCATCGACGAGACGGGCCTGCCAGGCGCTGTAGGCGGTGATCATCGTGATGACCTCGCCCCTGGCCTTCATTTCCTTCAGGTGAGGGATGGAGATCTTCTTCATCGCGAATCCCCTCCGTTCATCTCGCCGATTTCGGCGACGGCGTTTCTCTCGTCGACGCGGACCACCTTGGGGCGATGCGTCGATGCCTCGCGGCCGTCGAGGAGGCACCAGGCCATGACGATGACCCGATCCCCTACCGTGCCCTGTCGGGCGGCGGCTCCGTTGAGGCAGATGGCGCCGCTTCCCCGGGGCGCTTCGATGACGTAGGTCTCGAAGCGGTTGCCCGAGGCCATGTCGGCGACGAGGACCTTCTCGCCGACGAGAAAGCCGGCGGCCTCCATGAGGTCTCTGTCGATGGAGATGCTTCCCCGGTATTCGAGGTTGGCCTCGGTGACGCGGGCCCCGTGGAGTTTCCCCTTGAGCATCTGAAGAAACATGGTCCTCACCCTCCGATGACGGCGTTGTCGATGAGGCGCGTTTTGCCCACCCTGACGGCGAGGGCGACGACGGCCGGAGCCTCGACGACGTCGAGGGCCTCCAGGCTTTCGGCGTCGCGGATTTCGGCATAGTCGATCTGAAGGAGAGGGTCCCGAGTCAGCCGCCCGCGGAGGCCTTCGAGAAGGGCCGGGACGGAGCGCTCGCCGTCGGCGTAGGCCCGGGCCGTGGCCTCGAGGGCCGACGAAAGGGCCAGGGCCGAGGTGCGCTCTTGTGGCGAGAGATAGGTGTTGCGGCTGCTCAGGGCCAGGCCGTCGGGCTCGCGGACGAGGGGACAGCCGCGGATCGTGACGGGGACGCTGAGATCGCGGACCATGCGCCGGATGACCTGGAGCTGCTGGTAGTCCTTCATGCCGAAATAGGCCCGATCGGGACCGACGATGTTGAAGAGCTTGAGAACGACGGTGCAGACGCCCCGGAAATGGCCCGGCCGCGAGGCGCCGCAGAGGGGAAGACTCAGAGCCGCCTCGTCGACGAAGGTCGAATGATCGGGCGCGTAGAGAGTTTCCGCCGCCGGGGCGAAGAGGAAGTCGACGCCCTCCCCGTCGAGAAGCTCGCGATCGCGGGCCTCGTTTCGGGGATAGCGGCTCAGATCCTCGCCGGGACCGAACTGAAGGGGATTGACGAAAAGGGAGACGACGGAGACGTCGTTCTCCATCCGGCTGGACCGGACCAGTGAAAGGTGCCCCTCGTGAAGGTATCCCATGGTGGGCACGAGGCCGATCGTCTGACCTCTGCGCCGCCTCTGCGTCAACAGGGAGGACATTTCCCGGGCCTCTCTTACGATTGTGACCATTGTCGTGCCTCCTTCGTCGTAAAACAGGAAAGAATGGACACAAGATAGCTCAAAGGGGGCGGGAACGCAATGTGACGGACCTCAACCCGAATCCGCCGGCTCTTCAGGGGGTCGTCGGATCCACCGATTCAAGGTCTGTTCCAATCACCTCGCCGGTGCGGGGTCGAGGCAGCCGCCTCCGTTCTTCAGACACCTCCTGGCCGGACCGATGGACTCCCGCCCTGTTTTTGCCTGCGGATCGGGGCCCGATGCCGTGAGGGCGACAGCGGGATTCCTGCCGTCGGGCCTCCGTGGCGCTTTGCCCCTTGACTCTAACGGGTTGTTGGAGTTTAGCTTTGGTGGAGAAAGACCGGGCCTGTCTCCGTCAGCGTCGTCGCGGAAGAGATCCCGCCGCATAAGGGGGCCCAAGGGGGGGGAGGCGCGAGGCCGACGGCGAGTCGACGGAGTGTATCGGGTGAGACAGGGCCGGCTTTACCGGGCGGGGTCCGGATCTCCTGCCCGTGACGTCCCGTTCCGAGTCCGCATCATCGAGTGAGGTTTCATAGAGAAAGGGGTTGTCGCTTTTGGTCCGACGTCTGTTCGCTTCCCGCGCTTTCCTTCTTGCCCTGCCCCTCCTTCTGTTCCTGGCCCTGACGGCCCAGGCCGGGACCTTGGCCCCCCTCAACCCGGCCTTCGTGGACTACCTCGCCGCCCGGGCCGAGGGGGAACTGGAAGGGGCCTCCTCCTTCCTCCCTCGCGGCGGGCGAATCCCCTCTCCCGTCGATCTCAGCCACCTGGCCGGCAGGAGCTATTTCGAAGGCCTGTCCAAGGCCGATCTGCCCGAGGCCTATGACCTGAGGACCCTGGGCTTCGTGACGCCCGTCCGGGATCAGAGCCCCTACGGAAGCTGCTGGACCTTCGCCGCCCTGGCCTCCCTCGAATCGTCGGCCCTGCGCGCCGGCGTCGTCAGTCCCGACTATGCCGAGATGCATCTGGGTTACTTCGGCGCCGTCGATCAGTCCGGGGCCCTGCCCGGCTTCGACGACTACGCGGCGGACACCCCCCTCGACGAACTGATGGACGCGGGCGGCGACGACTTCCAGGCCGTCGCCCTCCTGGCCCGTGGGACGGGAGCCGTCGACGAGGCGGACGCCCCCTACGGACAGGTTCCCGGCGCGGCGGTTCCCCTGTCGCGGCGTCTTGCCCACGTCTACAACTTCTACTACGATCTCGACACGCGGTATCAGAAGGCGAGCGTCGACAACATCAAGGGGGTCCTCCAGACGTACGGAGCCGTCTCCGTCGGCGTCTACGCCGACGACAACATGGGCGGCAACGTCAGCGAAGATCCCTACTGGAACGGCACGCACAACGCCTACTACGTTCCGGCGGGGAGCGGCCAGTCCTCCAACCATGCCGTCACCATCGTCGGCTGGGACGACGCGTTCAGCGCCTCCAATTTCAACAGCCCTCCCGCCGGAGACGGAGCCTGGATCGTCAAGAACAGCTGGGGCCCGGCCTTCGGCGACGGAGGGTATTTCTACCTTTCCTACTACGACTCCGTCCTCGACACGGGGGCGGCCTACGTGGGCGACGTCGTCGACAGTTCGGAGCGGATCTACCAGTATGACCCGCTGGGATGGGTCCTCTCCTACTCTCCCGTCACCGAGGGGAACGAGACGGCCTGGTTCGCCGCCCTCTTCACCGCCGGAGTGACCGAGGCTTCTCTGGAGTCGGCAGCCGTGGCCAACGACGAGCTCCAGTCCGTCGCCTTCTACGCCGGAGGCGTCGGAAACGAATACGAGGTCTATGTCTATGCGGGAGGAACGGGCGCTCCCCGGTCGGGAGCGCTTGTCGCCCAGCAGGCCGGAACGCTGGCTCTTCCGGGCTTCCATACGGTTGTCCTCGAGAATCCCGTCGTCATTGAGGCCGGGACCCGCTTTGCCGTCGTCGTCAGGCTGAAGACGCCGGGCTACGCCTTCCCCGTGGCCATCGAAGCCATGAGCGAGGGCTATTCGGACAAGGCCGAGGCCAACGTCGGCGAGACCTTCGTCTCCGCCGACGGAACGACCTGGGCCGATGCGACGACGATCGACCCCGCCAATCCCACCTCCAGCGTCTGCCTCAAGGCCTTCTCCAGGGCCACGACGGACGACCCCACGCCCCTTCCCTCCTCGGGCGGCGGTGGCGGCTGCAATCTGGGAGGTAGCGGGACCCTCCTTGCTCTCCTTCCCCTCGTCCTTGTCTTCCGATCCCGCCGCTGACGCTCTTCCGATGAGGCGGACCGGTGCCGGCCGTCACCGGTCCGCTCCGCCGGCCACCAACGGGGAGGAAACCTTCGACGAGGAGGCCGATGGGGTCAAAAAGCTGAGGGAAATGA
CP074691.1_gap9	426828	431462	4634	CGAGGCCCTCGTCCTCACCGGAGAGGACAAGTTCTACGCCAAGGCCTCCGAGCTGGGGCGGCTTTTCATCCCCTACGAGAGGGATCAGCCCATCGATCTGCGCGTGGCCCGTCATGTGACGGCCATCATGAGCTTCGTGGAAATGCTGGGGATGGTGAAGCCCGAGGCGGAGATCGCCGTCGACGGCGTTCCCTCCTACGGGGAGATCGTGGAACGGGGTCTGGGCGCCTTCCTGGCCCCGCTGCCCCGGAGCTAGGCGGAACGGTCTCCTTCCCTCAGGGGGGCGGCCTTTTCATGACGGTTCCCTCGGGGACCGATTCGAAGGGAGGAGTGGTTTCATGAAAAAGAGAGTTATCTGTCTCCTGGCGGCGCTCTGCATCGTCCTGACCGGTGCGGCCTGGGCCGTCGATTTCCAGGACGTGACGGCCCGTCACGGCATGGTCTCGTCGGCCCACGAGCTGGCCTCCAGGGCCGGAGTGGAGATCCTCCAGAAGGGCGGCAACGCTATCGACGCCGCCGTGGCCACCATGCTGGCCCTCAACGTCGTCGAGCCCAACGCCTCGGGCATCGGCGGCGGCGGCTTCATGGTCGTCCGCTTCGCCGCCACGGGGGAAGTGGTCTTCCTCGATTACCGCGAGACGGCCCCCGCCTCGGCGACGAAGGATCTCTTCGCCTCCGAACAGGCCAAGGCCGAGAAGTGGTCCATCCTGGGCGGCAGGTCCGTCGGCGTCCCGGGACAGGTCCTGGGCATGTTCACGGCCCTCGAGAAGTACGGCACCCTCTCCTTCGCCCAGGTGGCCGAGCCGGCCATCCGCCTCGCCGAGGAGGGCTTCGAGGTCCATCCCATGCAGACGGGCATCATCGCCGACAACTTCGAGAAGATGGCCGCCTACAACGACCTCGATCGGTCGGCCTTCTTCGAGGGAGGCCTTCCCATCGAGGCCGGCAAGACCCTCCGTCAGCCCGGACTGGCCAAATCCTTCCGCCTCCTGGCCGAGCAGGGGCCCGACGCCTTCTATCGGGGCCCCCTCGGCGAGGCCGTCGTCGCCTCCGTCAACGCCTCGGGCGGCGCCATGACGATGAAGGATCTCCAGGGCTACGCCGTCAAGGTGGGCGAACCCGTCCAGGGCAGCTACAGGGGCTACCAGATCTTCTCGACGCCTCCCGCCTCCAGCGGCGGCACCCACATCATCCAGCTTCTCAACATCATGGAGACCTTCCCCGTCTCGAGCTGGAGGCACAACCAGCCCCAGCATCTCCACACCCTGGCCGAGGCGATGAAACTCGTATTCGCCGATCGGGGCAAGTACATGGCCGACACGGCCTTCGTCAACGTCCCCCTCAGGGGCCTGACCAGCAAGGAGTACGCCGCCAAGCTGGCCGGCAAGATCAAAAGCGATGCCGTCATGGTCGACGTCGAGGCCGATTATCCCTGGACCTACGACAACCAGAAGGCCATGGCCTATGTGGGCGGCACCGATGACCAGCACATTTCGACGAGCCACTTCTCCGTCGTCGACGCCAAGGGCAACATCGTCGCCTCGACGAACACCGTCAACTATTTCTTCGGCTCCGGCGTCGTCGTCCCCGAGTACGGCTTCGTTCTCAACAACCAGATGGACGACTTCTCCTCCGACCCCCAGAGCGTCAATGCCCCCGAGCCGGGCAAACGTCCCCTTTCGTCCATGTCGCCTTCCGTCGTCCTCGATCCCCAGGGCCGTCCCTTCATGACCATCGGCGCCGCCGGGGCCTGGAGGATCATCACCGCCGTGAGCCAGATCATCATGAACGTCGTCGATTTCGGCATGACCATGGATGAGGCCATCGAGCAGCCCCGGATCTTCACCTACGCCTCGGGCGGCAAGCGCGGTCCTCTGCGCATGGAGGACGCCATCGATCCCGATGTGGCGGCCCTTCTCGAGTGGCGCGGCCACAACGTCGAAGTCCAGCCCCGCGGCGGCTATTACGGAACAGCTCAGGGCATCCTCTTCGTCGACGGCGTCATGCACGGCGGGGCCGACAGCCGCCGTCTCGGCGTTCCCGTAGGCTACTAGGCGAGGGCGGGGGAGGGGCGACAGGCTCTTTCTCCCCTTCTGGATCGACGATCTCCGATGGAGTAGTCTAAGGGGGCGGCCCTCGGGTCGCCCCCCTTCGTGGGGAAAAGAGGAGGGAACGGGACTGATTCGACCTGTCTATTCCGTCATCGTCACGGGCACGCGGGGCAAGAGCAGCGTCGTCCGCCTTCTGGCGGCCGCCTTTCTCTCTCTGGGGATCTCCTGCCGGGCCCGTTTCACCGGCGTCGTGCCCACGGAGATCTCCCCCGAGGGGACGCGCACCCTCCTCCGTTCCCAGGGCGGCCACATCGAGGAGCTCCGCTGGTGGCTCCGCCAGCTGCCGCCGACGGAGGCCGTCGTCGTCGAAAACAGCGCCGTATCGCCCGACCTGCAGCTCCTGGCCTCGCGCTGGCTCCGGCCCCGCCTTCTGATCGTCACCAATGTCCGGGCCGATCACGAGGAGGTCTGGGGGCCCGGCAGAGAGGGAGCCCGCCGTGCCCTCCTGGCGGGCATCTCCCCCTCCGTTCCCGTCCTTCTCGGCGAGGAGGCTTCCGGTGACGCGCCCCTCCGTTCCGCCCTCGAGGCCCGTGCCTCTTCCGTCCACACCCTTCCGCCGGGCGAAGGGGGCTACGAGGCGGGCAACCGTCGCCTGGCCCTGGCGGCCCTGGCCTTTTTCGGCCTCGACCCCTCCGGCGTCGATTTCGACTCCCATCTCGCCGACGATCGGGGCCGCTTCCGCCTCGTCCGGGTCGGATCGGGCCTGCTCGCCTGTGCCTTTGCGGCCAACGAGCCGGAGAGCACCGAATTCCTCTGGCGCCGGACGGGGTGGTCGGCCGAGGAGACGACCCTTCTTTACAACCATCGCCGGGACAGGCCGGGCCGCCTTCGGGCCTTCCGCCCCTGGATCGCCTCCAGGGCCTGGAGAGAGCGCCTCCTCTGCGGCGACCACCCCTGGCGATTCCACGGCATGGCCTGGACGCCCCTATCCTCCTTCGAGGAACTGAAGGACCTCGCCGCGTCGCGAAGGCGCCTTTTCGGCTGCGGCAACGCCTCCGGTCTGCCTCTGGAGGCCCTCGACGCCTGCGAGGAGGTCCCCCTGCGATGACGTCCTCTCTTCTCGTCGCCCTTTCCGTCGCCCTCGGCATGGCCTTCTACGGCAGGACGGGCCTTTCCGGAGGGGGCATCCTCTCTCCGGGGCTGTTGGCCCTCCAGGGCGCTTCCTCCCGTCCTCTGATCGCCACAGTGGCCGCCGCCCTTCTCCTTCTGCCCCTCATCGAGGGGGCCGTCCGCCTTCTGGGGCTCTACGGACGGCAGCGCCTGGCCTTCGCCCTCCTGGCCGCCCTTGCCCTGCGAGGGTTTCTCCCCTTCCTCCTGCCTCCGGGAAGCGGCGTTCCGGTCTGGGTGGGATGGGTCGTCCCCGGTCTCGTCGCCGCCGATATGGAACGCCAGGGCATCGTTCCCACCGTGGCCGCCCTGATCCTTCTCACGGCCTCGACCCTTCTGCTGGGAGGCCTCCTGCCGTGAGGGGCCGTGCCCTTGCCGACGGTCTCGTCCAGCTCCTCTTCGGTCCTCCGGCGCCGCTCAAGAGGCGCAACGTCGCCCTCCTCCTGCTGTGTGCGGCCCTGGCGGCTCTCCTCTGCCTCGCCCCGTCGGGCCCTCTCTCCAATGAGGAAGAAAGGGCCTGGGAGAGAGTCCGGGCGGCCCAGGACCACCTGGCCTCCTGCCGGGCTGCGAGGGGGATGGGGCCCTCGGCCGAGGATCCCTTCTCGACGGGGCTCATCGGCGTCGAGTGGAGTCCTCTGACGACGACGCTGGGCTCGCTGCCGTCGAAGCAGGCCTCGACGAACCCCGTCTGGGCCGTCCTCTTCCTGCGCTGGTTCGACCGGTTGGGCCTGAAATCGGGAGACCGCGTCGCCTTCCTTTCGTCGGCCTCCTTCCCGGGGCTGCTCCTTTCGGGGTTGGCCGCCGCCGAGGAGCGCGGTCTCGACGTCCTCCTCATCGCCTCCCTGGGCGCCTCGACGTGGGGGGCCAACGAGGTCTCCTTCCCCCTGCCCGTCATCCTGAGCGAGCTGCGCCTCGGCGGGTATCTGTCGACGAAGGCGGCCTTCTACTCACTGGGAGGCGATGACGAGAGGGGCGGCGGCTTTCCCGACGAGGGGGCGGCGATCCTGAAAGAGAGCGCCGAGGCCGAGGGCGTCCCTCTCGTCTTCGGCCTCGGCTCCGTCGTCGAGGCCAAGAAAGAGGCCCTCCGGGCCTTCTCCCCCCGCCTCGTCGTCCAGATCGGCGGCGGACGGGCCAATCTCGGCGACGACGAGGTCGTCCTCTCCCTGCCGCCGGGCCTTCTCGATGCCTCTTTCGCCGACAGAGGCGGCAATGGACTGATCGCGTCGGCCCTGCAGGAGGGATGGCCCGTCCTCCACCTGCTCAACCTGGCCGAAGTGGCCCGCCGCGAGGGGATCCCCTTCGACGGACGGCCCGTCCGCCGCGGTCCCGCCCCCTTCCGTCGTCTCCGGGCCCTGGCCGGAGGGGGCCTTTTCCTTCTCCTTCTGGTCCGCTACCGCCGCTGGGAGCTGAGCGACT
CP074691.1_gap10	439781	444119	4338	CCGGCAGCAGCTCGTCGACGACGACGGGGTCGACGATGAAGGCCTTTTTTCCCCCGGCCTCTTCGGCCAGGTCGCGGGCCAGAAGCCCCCCCAGATTGGCGGCGTGGACGCCCCAGCGGCCCGAGAGGAGATCGGCGGTCATGACGTCGTCGACGACGTAGGTGCCGCCGTCGAGAGGGGCCGTGAGCCCGCCTCGGCCGACGAAGGCGTCGATTTCCGCCAGGGGGCGCCCCCGCTCCTTAAGAACCTGGTGGATCACCTCGAGACGCATGGCCCTCTGGTCGAGGACGTTGGGAAAGGCCTTGAGCGTTTCCAGATCGTAGCGCTGGCTCTGACTTCCCAGGATCCGGTCGTCTTCGTAGAGGGCGATCTTGGTGCTCGTCGATCCGGGGTTGATGGCGAGGATGCGGAAAGCCTTCATCGGGTCTCCCCCCTTCAGACCGTCTTTCGTGAAGAAATCAGCGGGCGCGGTGGGCGGCGAGGGCGACGGCGGAGGCGATGGAGAGGAGCTTCGTCTCGGCCGAATCGGCCCGGCTCGTGAGGACGATGGGAGCGGCGGCGCCCAGCACCAGCCCCGCCGTGCGGTTCTTGGCGAAGTAGACGATGGCCTTGGCGAGCATGTTGCCCGCCTCGATGTCGGGGACGAGAAGGACGTCGGCCTTGCCGGCGACGGGGGAATCGATGCCCTTGTGGCGGGCCGACTCCTCGCTGATGGCGTTATCGAGGGCGAAGGGACCGTCGACGTCGCAGCCCTTGATCTGGCCGCGCCGTCCCATCTGGGCGATGGCGGCGGCGTCGAGGGTGCAGGGCATGGCGGGGTTGACCACCTCGACGGCGGCGAGGACGGCCACCTTGGGCTTGGCGACGCCGAAGGCCTGTCCCAGCTCGACGGTGTTGGTGAGGATCTTCACCTTGTCAGGCAGCTCGGGGTACATGTTGAAGGCCGGGTCGGCGATGAAGAAGATGCGGTCGTAGCCCTCGACTTCGTGAATGTAGACATGGGAGATGAGGGACTTGCTCCTCAGTCCCACTTCCTTGTTGAGGACGGCCCGGAGGAAGTCGGCCGTGTGGAGCATGCCCTTCATGAGGATGTCGGCCTTGCCCGACGAGACGAGCTTGACGGCCTCGAGGGCGGCCTTCTCGTGGCCTCCCTTGACGTCGACGACTTCGTACCTGGCCAGGTCGATCCCCAGAGGCTTGGCCGCCGCGGCGATCTTGTCGGCGTCGCCGACGAGGATGGCATTGGCGATGCCCTGCGACCGGGCGCTCTCGACGGCCTCGAGGACTTCGGCGTCTTCGGCGGCGGCGACGGCCACCGTGCGGGGGCCGACGGACTGGGCGTAGGTCAGAAGCTGAGAGAGGGAGCGGATCTGTTCCAAAACAATCTCCTCCTTATGTAAGGTCAGAAACGGAACGTGTCGAAAACCGCAAGGCCCGGGGGCCCAGAGAATTATACCCTATGACAGAAGGACGCCGAGGGCGATGGAGAGGAGTTTCGTCTCGGCGCTGTCGGTGCGGCTCGTGAGGATGACGGGAGCCTTGGCCCCCAGGACGGCCCCCGCCCCCCGGGAGCCGAGAAGGCTCAGTGCCACCTTGCCCACCAGATTGCCCGCTTCGATATGGGGCATGAGGAGGATGTCGGCTCTGCCGGCCACGTCGGAGTCGATCCCCTTGAGGTGGGCCGAGGAGAGGCTGACGGCGTTGTCCAGGGCCAGAGGACCGTCGACGAGGCAGTTCCTGATCTGGCCCCGGCGGTTCATCTGCGTCAGGGCTGCGGCGTCGAGGGTGCAGGCCATGGCGGGATTGACCGTCTCGACGGCGGCCAGGACGGCCACGCGGGGGCAGTCGACGCCGAGGCGGCGGTAGCAGGCGACGGCGTTCTCGATGAGGTGGACTTTCTCCTGCAAGGTGGGGTAGGTGTTGAGTCCGCCGTCGGTGATGGCGCAGACCCGTCCGAGGCGGGGGATCTCGAGGAGGAAGAGGTGGCTGAGGACGCTGCCCGTCCTCAGCCCCTCCTTCTTGTCGAGGACGGCCTTGAGAAGCGTCGCCGTCTTGACCTGTCCTTTCATGACCATCCGTGCCTCGCCGGAGGCGACGAGGGCGACGGCCCGTCTCGAAGCGGTCTCGTCATCGGCCACGTCGACGATCGGACACGACGTCAGATCGAGGCCGAGATCGTGGCACATGGCGGCGATGCGGCCGGCCGAGCCGATGAGGATGGGCTCGACGATGCCCTCGCGGCGGGCGCTGTCGAGGGCCGTGAGCACGTCGGCGTCGTGGGCGGCGGCGACGGCCACGGGCGACGCCGACCGTCCCCGGCAGCGTTCCAGGAGAAAATCGAGATTTTCAAAGGCCAAGGCGTCGGCTCCTTTCAACGGCTTCCCTGTAGCTTCGGGCCTCTTCCTCCCCTTCGAGGACGGCCCGGGCCCCTTCGGCGAGGGCCGCCATCTCGTCTTCTCCGGGGTAGGCCAGGACGGGGGCGATCCACTGAAGGCGCGCCGTCAGATCCGACCGGAGGTGGCTGTCATGGGCCATGCCTCCCGTGAGTATGACGGCCTCGACGTCCCCTCCGAGGGCGGCCGCCATCGATCCCGCCTCCTTGGCGATCTGAAAGGCCAGGGCGCGCAGGACCAGCTCCGTCGCCTCGTCGCCGTCGGCGGCGCGGCGACGGAGCTCGCGCAGGTCGTCGGAGCCGCAGTAGGCCAGGAGTCCCCCTCTTCTGATCAGGGAGTCGATCATGTCCTTCTCGCTGTACCGTCCGGAAAAACAGAGGCGGACCAGGTCTCCGGCGGGAACCGTTCCGGCCCGGTTGGGCGAAAAGGGGCCGAATTCGTTGGCGTTGTTGACGTCGATGATCCTGCCCCGTTTCATGGCCGCCACGGAGATGCCGCCGCCCAGATGGGCGATGACGAAATTGACGCCTCGCCAGTCCAGTCCCAGCTCTCTTCCGGCACGCTTGGCCGTGGCCCTCACGTTGAGGGCGTGGACGAGAGAGTGTTTGGGAAGCTCGGGCAGCCCCGTGACGCGCACCTCGGGCTCGAACTCGTCGACGGAGACGGGATCGACGATGAAGGCGGGAACGGAGAGGCGGTCGCCCAGACAGCGGGCGATGAGTCCCCCCAGGTTGGAGGCGTGCTCCCAGGGGCGTCCCCTCCGGAGGTGCTCGATGAGGAGATCGTCGACGATGTAGGTCCCGCCGGGGATGGCCTCGACGATGCCGCCTCGGCCGACGACGGCGGCCAGCTCCTCCAGGGAGGAGCCCCGTCTTCGGACGGCGGCCTCGACGGCCTCGAGACGGAAGGAAAACTGATCGGTTACGGAGGCGAAAGGGGCAAGCTCGTCGGGGCCGTGGAGGAGATTCTCGCGCCACAACTCCCGATCTCCCAGAAACCAGGCGATTTTGGTCCCCGTGCTGCCGGGATTCACGGCAAGGAGGGCCTTCAGCTCCATCGTCATCTCTCCCCTGCTCAGTCTTGGCAACCTTTTGAACCTTTTGCGACCTTTCCATTATAGCCACGGGACCCGTGTCCGGAGAAGGAGAGCAGGAGAACATTTTTGCTTTCCTCCGTGATTCTTGGGGCCATCTGCCTTATACTCTCTGGGTCGAGGGCTCGACGATTCCTATCGGAGAAGGTGAATCACATGAATCTCTGCTATCGCAACGGCGTCTATCTTCCCGTCGACGAGGTCACGCTCCCCGTGACGGATCTCCTCGTCCAGCGCGGAATAGGCGTCTTCGACTCCATCCGGACCTACGGCGGTCGCCCCTTCGCCCTCAGGGAGCATCTGCGCCGCCTGGAACGTTCGGCCCGGGAGGCGGCCATGGAGCTGCCCCTTTCCATCGAGGCCCTGGAGGGCGTCATCCGCGGCGGCATCGCCCGCATGGGCGGCGATGTCACCGTCCGCCCCTACGTGACGGGAGGCAGGGTCATCGAAAACTGCCGTTTCCCCGAGCCGGACCTCTTCGTCCTCTTCGAAAGGACTCAGGCGGCGCCGAGGGAGCGCTACGAAGAGGGCGTCTCCCTGCTGCCCATCCCCTTCACCCGCGCCTATCCCTCTATGAAGAGCGCCGACTACATGGTCCCCTACATCTCCCGCCTCCGGGCCGGCGGCGGCGACTTCGAGTGCCTCTACTGTCCCGACGGGGCCGTGACGGAATCGACGGCGGGCAACTTCTTCGTCGTCCTCGATGGCGGCCTCGTGACGGCTCCCGTCGAGGATGTCCTGGAGGGAGTGACGCGGGGCCTCATCCTTCAGCTGGCCCGCGAGGTCTCCCTTCCCGTCGAGGAACGTCCCCTGCGCGTCGAGGAGCTGGCCCGCGCCCGGGAGGCCTTCATC
CP074691.1_gap11	446643	448894	2251	TTAAAACCGACTCCCTGGCCCTGAGGGCCTTCATCGGCGGGACTCCCCTCTTCCCTCTGCCCCGTCGCCGCGGGGCGACGGTCCTGGTCAAACTGGAGGGGCAGAACATAGGCGGATCGGTCAAGGACCGGGCCGCCTGGGGCATGCTCCGCAGGGCCGAGATCGACGGACGTCTCGGGGACGGAACGGTCATCGTCGAACCGACCTCGGGCAATACGGGCATCGCTCTGGCCCTCCTGGGCCGGGCTCTGGGGCTTCGGGTCATTCTGACCATGCCCGAATCGATGTCCGTCGAGCGTCGGGCGGTCCTGGCCGCCTACGGAGCCGAGCTGGAACTCACCCCGGCGGCGCGGGGCATGACGGGAGCCATAGCCCGGGCCCGCGAGATCGAGGCCGAGCTTCCCGGAGGCTGGATGGCCGATCAGTTTTCCAATCCCGGCAATCCCTGGGCCCATCAGGTTACGACGGGCCCCGAGATCGTCGCCGACCTCGCGGGGCGTCCTCTGGCCGCCTTCGTCGCCGGAGTGGGAACGGGAGGGACGCTTTCCGGCGCGGCGAGGGTCCTTCGGGCCGCCTATCCCGAGGCCCAGATCGTCGCCGTCGAACCCGCGGCCAGTGCCGTCCTCAGCGGCGGTCCCGCCGGGCCCCACCCCATCCAGGGCATCGGCGCCGGTTTCGTCCCGGCCAATCTCGACCGGTCCCTTCTGAACCGCGTCGTCGCCGTCGCCGGCGAGGCGGCCCTGGCGGAGACGGGCGAGCTGGCCCGAGAGACGGGCCTTTTCGTCGGCATCTCCTCGGGGGCCAACATCTGGGCGGCTCGACAGATCGCCGAGAGTTTCGGCGACGACGAGGTCGTCGTCACCATCGCCTGCGACCGGGGGGACAAGTATCTGAGCACCGACGCCTTCAGGCTCACTCCCGGTTGATCCTCTGGGAGTTGAGCAGGACGGAGATGGAGCTGAAGGCCATGGCCGTCTCGGCGATGAGGGGGTGGAGAAGGGCCGCCATGGCCAGCGGAACGGCGATGACGTTGTAGCCGAAGGCCCAGAAGAGGTTCTGGCCGATGACGGAAAAGGTCTTGCGCGAGAGGGTAACGGCCTCGGCGACGGCCGACAGCCCGCCGCGGACGAGGACGATGTCGGCGCTGTCGATGGCCAGATCGGTTCCGCTGCCGATGGCCAGCCCCACGTCGGCCCCCTTCAGGGCGGCGGCGTCGTTCATGCCGTCGCCGACCATGAGCACTTTGGCCCCCCGGGCCTGAAAGTCGCGGACGAGATCGAGCTTGCCCTCGGGGCGGACCGAGGCGTGGACCTCGTCGATGCCGGCCCGTCCCGCCACGGCCCGGGCCGTGTGCCCGTTGTCGCCCGTGGCCATGACGGGACGGATCCCGAGAGCCTTCAGGCGTCGGACGGCCTCGGCGGCGTCGTCGCGCAGGGGGTCCTCGACGGCGATGAAGCCGAGGCTCTGTCCCTCGCGGCGGACCTCGACGACGGTCCTTCCCCGGTCGAGCTGGTCGCGATACCTCTCGGCGTCGTCGGGCCGTCCCACCGAGTAGAGGATGCCGTCGACGCGGCCTGCGACGCCCTGTCCCACCTCTTCGACGACGTCCGTCGCCTGGCGATGGGCCGGGACCGCCTCGGCGATGGCCTTGGCCAGAGGGTGGCTCGACTGGCGTTCGACGGCCGCTGCCGCCGCCAGATCGTCGGGCGAGAGGTCGTGATCCACGACGGCGGGCCGCCCTTCGGTGATGGTCCCCGTCTTGTCCATGACGACGATGGAGACCTCCCGGGCGGTCTGGATCGCCTCGGCGTTGCGGATCACCATGCCATGTCGGGAGGCCCGGGCCGTGGCGGCGATGAGGGCCATGGGCGTCGCCAGCCCCAGGGCGCAGGGGCAGGCGATGACGACGGTGGTGATGAAGGCGAAGAGGGCCAGAGAGAGGGGGTCGCGGACGGAGGTCACCCAGGGAAGCAGGCGTCCGGCGCCGTCAAGGAAGGGAGAAAGGGCGGGGGCGGCGAAAAACCAGGTCGTTCCGGCGACGAGGGCCAGCCCGACGATGACGGGGACGAAGACGTTCGTCACCCTGTCGGCGAAGGCCTGGATGGGGATCTTGGCCCCCTGTGCCTCCTGAATGAGGGCGATCATCTGGGCCAGGAAGCTTCCGTCGCCGATGCCCGTCACCTCGACGACGACGGAGCCGGTGAGGTTCAGGGAACCTCCCGTCACGGTGGCTCCCTCTTCCCGCCCCACG
CP074691.1_gap12	452888	453710	822	GAAGCTGCGTTAGAACGCGATGGCTCTCTCCTTCGAGAGAATGTATAATGCGATGCATTATATCTGATCCGGACGAGGAGGTCTTTTCATGCGCTCCATCCGCTCCAAGATTCTTGTCGGGTTCACCCTCTCCTCTCTTGTCGTCCTCATCCTGTTGGGGCTGGTGCTCCATCGCGACATGAAGGGCACCCTTCTCCCCCTGGCCCGGGAAATGTCCGAAGAGGTCCTGACGGCGCAGGCCCAGGTCCTGTCGATGATGCTTCACGCCAACCTCCAGGATCTCAAATCCGTCTCGGAAGAGGAGGCGGTCCGCTCCATGTTCTGGAACCTGATGCGCCGTCGCCTCGAGGTCAAGATGGCCGATTCGGAGGGGCGCTACGAGGCCCTTTTCATCGCCAAGCCCGACGGCCACTTCTGGAACACCCTGGGCCAGGAGGGGGACGTGACCGACAGGGATTACTTCCAGGCCATCGTCAAGGAGAAAAAGGGGCACTTCATCAGCAACGCCATGATCTCCCGCGGCTCGGGCAGGCCCGTCGTCGTCATCGCCACCGAGGTGTACTCTTCCTTCGGAGACGAGCACGCCATCCAGGGCCTCTTCGGCGCCACCGTTCTGCTCGATGCCCTTGCCGATCAGGTCGGCTCCGTCCACATCGGCAAGGCCGGGTACGCCTGGCTCATCGACGGCCAGGGGAACGTGCTCTACCACCCCGACAGAGAGAAGGTGATGTCCTTCAGCCTCGCCGACAGCGCCAAGGAGGGCTTTCAGGGGCTGAGCGGGCTTGAAGGACGCATGACCGGCGGCGAGACGGGCGAGGGGAC
CP074691.1_gap13	455084	458595	3511	GACGAACGAGACGGTCAGGAGGCGTCGATGCCCAGGAGAGCCCTCTCCCGGTCGTCGAGCCCGAAGGCCTTGGCGAAAAGGCGGTCGACGACGCGGTCGGCCTCTTGAATCTGGCGGTCGACGACGCGATTGGCCCACTCGGGCTTTCCCGACTTGCGCTCCCGGCAGAGGTGGCTCAGACGGTAGATGGCCGAGATGATTTCGCCCTGAAGGCCCCGATCGCGGCGGTTCATGACGTTGAAGACGGGCAGCGGCAGGTCGAGGGCCTCTTCGGCCGAGAGGTGTTCCTCGGGGAGGACCTTTCTTGCCGTCGCGGCGGCGATGCGGCTGTTGAGGAAGCCCAGAAGCAGCGTGGGGTGAAAATCGCGTTCCCGGGGGAGGACGGTCAGGATTTCGGAGCTCGTGGCCTGAGTCTCGTCGGTGAAGGCGCAGGCGAGACGTCCTCCTAGGGGACGGGCGTTGAGAAGAAGTCTGGGACCGGAGAAACAGCGAAGGGGACGGAACTCGGTGAGCCTTTTGTCGTAGCGGATGAAGCCTAAAGGGCCGGGAACCATTTCATAGCGTCTGATAAAACCGGTGAAGGCCGCCAGACCGTTGAGTGACGGCCGCTCACGCAGAGGTTCGAAGGGCGTCAGCCCGTCCATGATCTCGGCCTGATCGCCCAGGAGAGGGCCTCGGCTGCGGAGTTTTTCCCCCAGCTCGTCCAGAGCCTCCTCCTCCGGAGATCGGGCGAGTTCAAACATGTTCCCCGTCAAAAGGCTCGCCTGCCTTCCCAAATAAAGATTCCATTACCGACTTTTCTAACTGTACCACAAAGAAGGGCCGACGAGGAGCGCTGCGGCGCCCCTCGTCGGCGAGCGTTTCCCCCGCCTTTCCGGTCAGGGCCGGGAGGCTGTCACGAGGCATCGGCAGGCGAGGAAAAGCGGCGCCAGAAGCAGAACCGATCCGATGCGGCCCGGGCCAAAGGAGCAGCCGCCGTCGGAAGATTCGAGCGCGGCGGCGATCACGTTGTCGGCGCTCTCCGTCTCGTCGAGCTTGTAGTGGATCAGGAGGGTCACCTGCCCCGCCTCTCCTCCGTCGCCGGAATACTCCACCTCGAGAGGCACATGACGGCCGGGAAGAATGCCCTCGATGTACCTCTGGTCGAAGGGTACCCCCTCCGTGTCGGTCCCCTCGAAAAAGCTGACGAAGACGTCCGTCGCCGACCGGTTCCCTCCGTTGGCGATGTCGGCTCCGATGCGCCAACGGTCCCTCCCTGCTCGGACGATCTCCAGACGCCCGTCCAGCTCGTGGAGCTCCACCTTCTTTTCCGCCTCCTCCGAACGTTCCGCCTGAAGCTGCGACGGGGTCTCGGCGACGAAAAGCTGGAACCAGCCGCGGTTGTTGTCGCCGGTCTCGCCCAGCCCGTGATGGGGCAGCTCCGTGACGGTCCCGTAGGGATCGACGGTGACGTGGATCCTGTAGGTCCCCGCTTCGAGGGCCGTCACGTCCCAGGCCATGTCGGCCCAGGCCCAGTTCCGGCCGTCGTTCCAGGCGGCGATGGCCGGGAGAGTCACCTCGCCGATGAGCTCCCGGGGATCCTCCTCGTGTCGGTCGGGATGGAAGCGGGCCTGTTCGAACCGGACGATGACGTCGCGAGCCGTCGTGTCCCTTCCGCCGGGAACGCTCATGGCGAAATTGTGGACGCGACAGCGCAGCGTGACGGGACGACTTTCGGAGAGGGCCATGCCCGCCGGGTTGCCGTCGCCGTCGTAGACGAAAAGGCCGCGGATCCGTCGGGCGTTGGGATTGCTCGTGTCGCTTTCGTCCCAGACCCAGCCGTCCGTGCCCGAGGCGACCCACAGGTTCGGGAGGTTGAGGGCGGGATCGGGCCATCGGCCGTAGCGGTCGTACCACCACTGCCGGTTGCCCTCGGGAATGTCGGCCGTGTAGCTGACCTTCATGGCCTTCGCAGGCGTGAGGTAGACGAAGGGCGAGACGAAATAGGCGTTGCTGTTGTTCACCTGGGGAAAGGAGGCGGGAGCGAGCATGGAAAAGCCCGTCTCGGTGCCGAAAGAGCTCGACTCCGACGACGCGCTCATCCCCGCGTCGTCCCAGGCCGCCCGGCCTTCGACCTTCACCCCTCCCTTGTAGCCGAAATAGGAGTATTTGCCCTGAAGCGACGACGCCACCTCTTTCCTGTGCGTCACCGTCTCGGTGTGGGTCCTCTCGCGGCGGATCTTGTCGTTCCAGCTGACCGTCCACTGCGTGGCGTTGGGGCCGACGAGGAAATCCTGCCCCTCGCCGATGCGCTCTTCGGCGGCGTAATCTTCCAGCTGGGAGGCCTCGCGCGGGTAGGACAGAAGGTTCCCGTTGCACCAGGGAGGCTGGAACCAGGGGAGGCCGGCCCCGGCGAAATTGACGATCCTGGACGGGGCGGGAATCATGGCCGAGATCCAGACCTGCTCGCCGTTGACCTGCCCTTTCTGCCCCAGCAGAGGGTAACGCCAGATGTCGAGGGTGCGCAGGCGGTAGGCCACGTAATCGTCCCTGTTCGTCGAGGCGGCGACGCGGTCCGACGTGGAGCGGTACGAGGCGCCGTAGCTCTCGTCCTTCGTCGCCCAGCTCTTTTGGATCTTCCCCTCGACCTGAAGGGAGACGTCGAATCCCGTCGGTCCCTTGAGCTTGTACCCCTGGGAGACGGTGGCCCCGGCGCTCAGGGCCGTCGAAACCTGCGTCGACTGCGAGGCCGTCAGTCCCTTTTCCGACGACTGGCCCGAGTAGAAATCGGTGCGGAAGGCGGCCAGACGGCTCAGGTTGAGCGCCCCGTAGGTCGAGGGTCCCGTCGTGAGGGTGTAGTCGAGATGCTTGGGAGGTTCCTGCATCACCACGACGGGCGTGACGTGATCCTCGACGACGATATGGACCGGCTCGCCCAGGACCAGCCCCGAGCGGGTGAAGTCGCCGACGAGAAGCGCCGCTGCGCCGCCCCCGGCGATTTCGGTCCCTCTGCCGTCCTGCAGAAGCCCCTTGTCCCTGTCCCAGAAAAAGGTCCGGATCACCTGGTTGCCCCCCTCGACCCAGGAGGCGGCCAGATGAGCCCCGTTGTCGTCGATCGCCCCGGGCCGGATCTCGCCGGTCAGATTGCCCGTGGCGAGGTCGATCTGCCCGATCCCTCCGTCGCGGAGCTTCATCGTTGTCACGGAGGTGCCTTTCTCTCTGTACGATGCCGAGGCGAGACGGAGAGCCCCCTCGAAGTCGGTGTAGAGCAGGAAAAGCTCTTCTTTTCCATCGCCGTCGATGTCGGCCGTCAGGCACCGGTGGGCGACGTCCGCGTTGGACTCGAAGATGCTTCCCGTGCCGTAAAGAGGCTTTTCCCCCGCGTCCATCCTGGAGAAGGCTCCGTTCACGATCCGGTAGAGTCCCCAGCGGAGACCGTAGAGACCGTCGCCGTCGTCGTGGCTGTAGGCGGACCAGAAAATCTCGTCCTGCCCGTCGCCGTCGACGTCGCCCATGGCCACGTCGAGGACCT
CP074691.1_gap14	482412	486273	3861	CATTCCGCCCTACATCGCCGAGAAGTTCTCCCGGTCCCTGCTGGGCATGATGGTCCGGGCCACGGTCCTGAGCCTCTTTTTCACCCTCGTCGGCCTTCTCCTGGCCTTTCGCTTCAACGTCACCTCCGGCGCCGCCGTCATCGCCGTCGCCGGGACGGGGTTTTTCCTCTCCCTTCTCTTCCGTCGTTGACGACTTCCCCTTCGAGGTGTACCTTTCACCTATCCGATTCTCGGGGCGGGGTGAAAGTCCCCACCGGCGGTGTCCCGGTTTTTTCCCGGGGAGCCCGCAAGCGCCTCCAAGGGGGGCGCCGATCCGGTGCGAAGCCGGGGCCGACGGTTACAGTCCGGATGGAAGAGAGGAGGCAATAGCGTGAAGGATCTGTTGTGTTCTTTCGGCACGCCCTTGCAGCGGGTGGAGAAGGCCCTGGAGGCCCTCCGGCGCGGCGAGGGCGTCCTTGTCGTCGACGACGAGGACAGAGAGAACGAGGGCGATCTGATCTTCTCCGCCGAAAGCCTGACGGAGTCCCAGATGGCCCTTCTCATCCGCGAGTGCAGCGGCATCGTCTGTCTCTGTCTCAGTGGCGAACAGGTGGACCGCCTCGGCCTTCCTCTCATGGTGAGGGAGAACAGCAGCCGTTATCAGACGGCCTTTACCGTCTCCATCGAGGCTGCCTGTGGCGTCACGACGGGCGTCTCGGCCGCCGACAGGGTCCGGACCGTGAAGGCCGCCATCGCTTCCGACGCAGGTCCCCAGTCGGTCCACAGGCCGGGCCATGTCTTCCCCCTCCGTGCCCGTCCGGGCGGCGTCCTTGAACGCCGAGGCCATACGGAGGCGACGGTGGATCTGATGAGCCTCGCCGGACTGGCTCCCTGCGGCGTCCTCTGCGAGGTGACCAACGCCGACGGGACGATGGCCCGGCTGCCTCAGATCGTCGACTTCGCCCGCCAGAGGGCCATGACGGTCCTCTCCGTCGAGGACATCGTCGCCTACCGTCTTCATCGGGAGGCCCTCACGGGCTGAGACGAGGTCCCCTCCCTCGAGGGGACGGAAAAAGGGCCGCCGAGGCCGACGGCCCCTGACGAGGCAGAGGCTCCCCTTAGGGACGATCCTCCGCCTCGTCCCTCTTTGCGCCTCCGGAGGTCTTCCGATCGGCGCCTTCTGCCGGTTTCTTCCTCTTCCGCCTGAGGTACAATGGTCTCAACAACGGAAAGGAAAGGTGGGATCGCCCGTGAGCCTTTTTCGCGCTGCCGCCCTCTTCTGCCTCCTCTTCGCCTCCGCTACCCCTCTTTTCGCCTCCGAACCGGTGCCTCTGGCCTGGTACGGCGTCGCCTCCTCCCATTACGAGCCGGGGCCGGCCAGGGGGGCCTGGATCCTGGCCGACGAGGGAGACCTTCCCCTCGTGCCCCCCACGTTGCGCCTCAAGGCCCAGGAGGCCCTCCGGTCCCTGGAGCCCAGGGAGACCCTTCTCTTCCTCTCGGCGGGAATGCGCTCCACCGGCGGCTACCGCATCGCCGTGACCGACGTGCGCTGCGACGGATCGAAAGTCCTCGTCCTCTGGGCCGTCCAGGGGCCTCCTCCCGGGGCCATGGTCAGTCAGGCCCTGACCCACCCCATGGCTCTCGTCCGCATCCCGGCCCCTCTTCCGGCCATCGAGCTCCGCGAGGCGACGAGGCGGTCCGACTGAGGCCCCTTTCTCCTTGCTCCAAGTGAGCTCCCTCCCGCACAAGGCCTCCGTCCCGATCGGGACGGAGGCCTTTGTGCGACTCCGGCGGTCGGCCGCAGCCGAAGCCTTGACAGCCCGTCAGGAAGGGGACGTCTCATCTCCGGAGTAGGCGAACTGGTCGGCGCAGATCTCCTTGGCCAGGCCGATGAAGGCCCGGGCGGCGTGAGAGAGGTAGCCGTCGCGGTTGTGGGCGATGACGTGTTCCCTTCGGGCGTCCACGTCTTCGAGGTGGTAGTAGGCCGACTGCCATTGCGGCGGCGTGTTGCGCTGGCCCGTCGTCGTGATGAAGCCGATGCCGATCCCTCCCGTGATGAAGGATTGGATCGTGTTGCTGCTGCGGCTCTCGAAGACGACGGGAGGGGCGATGCCCGCCTGGCGGAAGAGGGCGTCCGTGACGGCGCGGAAGCGGTGGCCCGGCTTCATCAGGACGAAGGCGTCGTCCCTGAACCAGGAGAGCCTGACGGAGCCGAAGCGTCCCGGGGAAGGCGCCAGGGCGTCTGCGACGGGGTGATCCCGGGGCGTGGCCAGGAGGATCTCCTCGAAGAAAAGGTGGTCGCAGAGGAAATCCCCCGCCCCGACGGGCGCGGTGAAAAGGGCGAAATCGAGCTCCCCCATCGCCAGCTTTCGCTCGAGAACGCTGGAGAAATCCTCTAAAATGGTTATTTTGATATTTGGATAGAGTTTTTTATATTTTATAAGAATATTTGAAAAGTAAATCTGTCCGTTGTATTGTGATATGCCGACCGATATTTCGCCTTCCTTGACGTTCCTGATGTCGTCCATTTTTTTCCTGATCTGCTCGCTCAGCATCAGGATTTTTTTCGCGTCCTCGACGAAAAGTTCTCCGGCCCTGGTGAGAGAGGTCTCCTTGTTTTTCCTGATGAAGAGCTTGGCTCCCAGTTCGTCCTCGAGGCGTTGGATGGCCTGGCTCAGGGCCGGCTGGCTGATGTAGAGCCTTTTCGCCGCCTGGGAAAAGCTTCCGGTTTCGGCGATGCCGAGAACGTATTCGATGTTGCGCAGCTGCATCGGTGTTCCTCCTCCGGCGTGGGTCCTCCAGCGCAGATCATTGCAGGGGCTTATGGGGGGTATTGTGTAAACAAATTTCACTTTTGGGTCTGGCGAACTCTATAATATCGCAAAGCAGGCGTGAGATCTCCCCTCTGCGGAGGTAAATGTCGTGAGATGGAGGGCTTCCCCCGCCTTTTTTCGGACGGGACGGCTTCCGTCCTCTTTCCCAGGGGAAGAGCGAGCCCCCGTCGGATGTGGCCGTCCCGAGAACCTCATTCCTCCTCCCCTGTCCTCGGGAAAGTTTTCGGTCCGATCGGCGGAAGGGGAGCCATGCCTCCAGATCCCGCGCGTCTGGAGGGAGCCCAGGGTTTTCCCGGGCCCGGCGGCGGTTCCGTCGTGGAGTTCCACGGCGTCGGGCTCGATTCCACATACGCAAGGAGGGGGAAACATTGAAAAGAGCCATCTGCTCCGCGCTGTTCGTCCTGTCCCTGTTCTTCCCGGTCCTGACCGGAGCCTCGGCGTCGGCCGCCGAGACGAGCTACAAGGAGTCCCTGCTGTGGGGCGTCAACGCCGAGGCCTCCTCGCTCGATCCGGCGACGAGCAAGGATACGGTGACGCACATGATGATGTACCAGATTTACGACGCCCTCGTGAAGGAGGCTCCCGGCGACTACAATCGCCTCGTCCCCGGCCTGGCCGAGAGCTGGGAGTTCAGCGACGACAACAAAACGGTCACGTTCCATCTCCGCAAGGGCGTCAAGTTCCACAACGGCGACACGATGACGGCCGATGACGTCCTCTTCTCCCTCCAGCGTTCCCTCGAATCGAGCTACTCCAGCGGCATCAGCGGCGCCATCGACCACTTCGAGAAAGTCGACGACGGGACGGTGGCCTGTGTCCTCAAGTATCCCTACAGCCCCATTCTCGACGTCCTGAGCAACATGACCTTCGCCATCGCCAGCAAACGGGCCGTCGAAGAGGCTCAGGCCTCGGGCGTCGACTTCGCCCGCAATCCCTGCGGCACCGGCGCCTACCGGATGGTGACCTGGAAGAGCGGCGATGTCCTCGTCCTGGAGCGCTTCGACGACTATTACGGCGGGCCGGCGGCGATCAAGAACCTCACCTACAA
CP074691.1_gap15	493930	496580	2650	AGGTGACGCCTTTCGCCCGTGACGGAGAGGTCGTCGTTGCTCGCCTCCCCGTCCGTTCCCAGCCAGGGGAGGATTCCCCGGGCCAGAAGGGCCGGAAGGTCGGCCTCGCCCGTCCGGACGCGGTCGTTCATGCGGCCGTCGAGGACGACCTTCATTCCCCTCTTCGCGATGATCGCCCTCTCGTCGTCGTCGATCCAGCAGCAGTCGGAAAGGAATAAAGGCTCCAGAGAGGGAACCTGGCCGGACCGGAGGAGGCTGTCGAAAAAGGCCAGGGGACGCAGTCCCTGTTCCTTCAGGGCGATGTCCACGTCCTGGCTGTCCTCGGAGAGGTGGAACTGGAGGGGCCGCCCGTCGCGCCAGGCCAGCCGGAGCCCTTCGACGATGGCCTCCTTCGACGATCCGTGAAGACTGTGGAGGCTGGGGGCGACGGTGATTGTGTCCGATTCCTCGTCTTTGAGCTCCTCGTAGGCCCTGCGGGCCTCCTGAGGGCTTTCGAAGTAGGCGGCCTGCGAGGCGGCCTTGGCCGGGTAGGCCCCGGGCGAGGTCCGGTCGTAGTTCATGCGGCCGAAGAGGAGGCGGATGCCGCTTTTCCTGGCGGCGGCGATGACGGCCCGGTCGAGCTCGTTGCCCCGCCTGCCGTGAAGGTAGTAGGAGACGGCGACGGAGGTGACGCCCTGAGCGAGCATGCGAGAGAAGGCCCGAAGACAGCCGAGGCCGATCTCGTCGGGGCCCAGGTGGGGGCTGAAGCGGTAGATGGTGTGGCGGCACCAGGTGGCCAGGTCCCACCGCCTGTCGACGAGGTCCGTGTAGAGGGACTGCTCGGGGTGGCTGTGGGCGTTGAAGTCGCCGGCCTCGAAGAGGAGGCCGTCGTCGAAGTCCGCGTCGGGTCTGCGCGGCGGCTCGCCCGATCCGAGGGCGACGATGAGGCCGTCGTCGTCGGATTCGAGCCAGCCTCGAGTGGCGGCGGTACCGAAGCGGAAGGTTGCGGCGATAAGGTGGCTCATGGATCTCCCTCCTCTTCCGATGGTGAAAGATGGCTCGTTGCGGCCTGTCCGATCAGCAGCGGCCGCTCAGGGAGGAGCGGCCGAAGCCGATCAGGGTGGCCGTCAGTGTGGCCAGGGCCGTCAGGGCCGAGGCGTAGAAGACGCTTTCCAGCCCCCAGCGGGTCAGGACCCATCCCGTCAGGAGGGGGGCCACGGTCTGGCCCAGCTTGAGGGCCATGGTGTTGATGGCCATAAGGCCTCCCCGGTATTCGGGGCAGGCGAAGGAGACGAGGAGGCTCAGCAGGACAGGCATGTTCATTCCCTGGCCGAGGCCGAAGGCGACGGCGGCGAGGAAGACGGGGGGCAGGCTTCGGGCCTGGGGGTAGAGGAAGAGGGCCAGGGAGAAGAGAAAAAAGGCGAGGACGAGGCGCGACCGGGGAGAGAATCGCCTGGCCAGAGTGCCCGACTGGGAGGCGGCCAGGGCCGTGGCCAGAGACTGAGAGAGGAAGACGAGGCCGATCTCGAAGGAGGAGGCGCCGAATCGATCGGCCAGGAGGAAGGGAAGGAAAGCCGTCACGGAGCCGAAGAGGACGATGAAGGTGCCCGTCGTCGCCGTGAGGATGGCCAGGACCTCCCGCCGCCTCAGACCCTGACCCAGGGCGCGGAAGTAGCTTCCCAGCGTCTCGCTCTTGCGCTCGAAGGGAACCTCGAGGCGGAATCGGACGGCGAAGGCCACGGGAAAGGCCATGAGGGGGAGGAGAAAGGGCCAGCGCCAGCCCAGAAGGGCCAGGGCGCCGCCCAGGACGGGGAACAGGGCTGTGCCGAGGCTGATGACGCTCGAGTTGTAGCCTGTGGCCCTCTCCCGCTCCGGACCCCGGTAGAGATCGCCGATGAGGACCATGTTGAGGGAGCTGAGGCTCGAGGCCCCCAGGCCCTGGAGGAAGCGCAGGAGGACGAGGAGGCGGAAATCGGAGACGAAGGCGCACCCCGTTCCGGCCAGGCCGAAAAGAAGGAGGCTGGGGACGAGTATCTCGCGACGGCCGATCCTGTCGGCCAGGATGCCCGTCAGGGGCGTGAAGAGGATGCCCGGCAGGGTGAAGGCCGAAATGAGGAGGGCGATCTCGCGGGCCGAGACGGAGAGGGCCCGGGCCGCCTCGGGAAAGGCCGGCGTCACGCTGGCGATGCCCAAAACGGAGATGAAGGTGACGCCGCCGATGATGGGAAGGACGCCTTTTGCCGGACGGTTTTCTGCCCTGTCTCGTCTCACGGAACGTCTCCCCTTCTCTTCCTCGCCTCGAGCCAGGCGAGAGCCTCGGCTCGTGTGGCGATGGCGCCTCCGGCCCGGGCGTCGTCCAGGTCGTCGAGGACCTGACCGACGGCTCTTCCCGGAGGGAGGGCCAGAACCGCCATGACGTCGAGGCCGTCGAAGAGCCTTTTCCCGCCGTCGCTCAGCTCCGCCGCGAGGGCCCTCTTCCGTTCCTCGAACCATCGTCGCCCCTCGGCGTCGCCGTCGAGGCCGGCCCGGGCCAGAAGGAAGAGCCCCTGCCGTTCCCTCGGACGCCATCGGAGATGGCGCCCGGCGAAGAGGGGCTCGCCTGGCCTCGGGGCTCCGTCGGCCAGCAGCCTCCGGACCGTCGCCGCGATTTCGCGGGGCCATCGCCAGGAGA
CP074691.1_gap16	646887	647863	976	TTCTTGCCCGGATAGGCCGTCATGAAGGCCAGAAGAAGCCTCATCTGGGCCGCCTTGCGCCAGCCGTCGCCGGCCATGCGTCTCCAGAGGGAGCCCTTCAGGTGAACCACCTCGTCGTGGGAGAGGGGGAGGACGTAGCGCTCGCTGAAGGCGTAGAGGAGGCCGAAAGTCAGGTTCTCGTGACGGTAGGACCGGTAGAGCGGGTCGAGGCCGAAGTAGGTCAAGACGTCGTGCATCCAGCCCATGTTCCACTTGAAGGTGAACCCGAGTCCCCCCAGCGACGTGGGGCGGCTGACGCCGGGCCAGGCCGTGCTCTCCTCGGCGACGGTGAAGACGTCGGGGAACTCCTCGCTCAGGACATCGTGGAAGTGACGCAGAAAATCGACGGCCTCGAGATTTTCCCGGCCGCCGTAGCGGTTGGGCGTCCACTGCCCCATTTCGCGGGAGTAGTCGAGGTAGAGCATGGAGGCGACGGCGTCGACGCGGAAACCGTCGACGTGGTAGTGGCGGCACCAGCAGAGGGCCGAGGCGACAAGGAAGTTGCGCACCTCGTTGCGGCCGTAGTTGAAGATCTTCGTCCCCCATTGGGGCTGTTCTCCCCGGCGGGGATCGTCGTGCTCGTAGAGGGCCGTCCCGTCGAAACGGGCCAGTCCCCAGTCGTCCTTGGGAAAGTGAGCCGGGACCCAATCGACGAGGACGCCGATCCCGGCCCGATGGAAGGCGTCGACGAGTTCCTTGAACCCGTCGGGGTCGCCGTAGCGCGACGTGGGGGCGAAATAACCCGTCGTGAGATAGCCCCAGGAGCCGTAGAAGGGGTGTTCCGCCGGGGGGAGGAACTCGACGTGGGTGAAGCCCATCTCCCTCACGTAGGGGACGAGGGTCCGGGCCAGGTCGCCGTAGCTGTAGAGGCGGCCGTCGAAATGGCGCTTCCAGCTGCCCAGGTGGATCTCGTAGATCGCCAGGGGGCGGGAGGCGG
CP074691.1_gap17	683910	686881	2971	CAGCTCGTTGTGCAGATCGCGGGCAAGGCGGGGAATCACGCCAGCCCCCCAGCCTTCCTGTTGCTGACGGCGATCGATCATGGCGCCAATTTCCCAATAGAGCCGGACAAGCTCGGCGTTGACCGCCAGCATCGCCCTTGTCTGAGCCTGTCCAATCCGCTGCTTGATATCCGTCAGCAGCCCCGCATAATCCGCGGGAAGGTCCAGATTGTCCTCTTTGCCCCTTTGGCCTGTTTCGCGGCTCATAGCGAGCGCACCTCCGTACGAGGCGACATCTGCCTGAAGACCTGCTCCACGTTGATCTTGACGGCGTCGGAGACGAATCCGGTGTCGCGGAACACGACCCGCAGCGGCTTGAACCGGGCCAGCTCCTTGACCAGGTCCTCATTCACGCCGCCATCGAAGCAGGCGACAAGATCGTAGGGCGGCTCATTGACGAAAAAGACGGTCTTGCCCTGGATGGTCTCTTGCCGGATCGGCAGGGCGAGATCGACGCCCCAGTCCAGCAGCACCTGAAAGAGCAGGTCTTCAGGCGTGCGGTCCGGCCTGATGTTGTCGGTGAAGATCTTCAGCTGACCTTGCTCGATGGCGTCGGGCCTGTAGTAGACGTCGGCCATGTTGGAGGAATCGATTTTGAGGACGCGGAAGCCCAGGTCGCCCTGAAGGCCCGCCAAAGGAGAGCGCAGCTCCGCGGCGACGTTGCGGACGCGCGTCAGGCCCATCTCGAAGATGGACTCCATTCCCGGCTCGGGCGTTGGCAGCGGCTCGGAAACCTGTATGCCGATGAAACGCCGGTTCCCGCCGTCTTCCGCGTTCTGCTTGAGTACGGCGTGAGCGGTCGTCGCGCTGCCGCTGAAGAAATCCAGCACGATGTCCCCGTCACCGGGGCGACCTGACAGCTGGAGGATCCTTTGCAGAAGTTCCACCGGCTTGACGGAGTTCAGCACGTTTTCGGTGTTCTCGAAGGGCACGTACTTGAGCAGGGCCTTCTTTGCGTCCTGGGTATGGCCGACGTCTTTGTAAAACCAGATAGTTTGCGGGGTACGCCCTTGCTTTACTTCAGCAAGAAATCGTTTCAGACGAGGCATGTTGTCCCCGTCTTCTCCCCACCATATTCTGTTGTCTGCATCAAGCTTCTTGAAACTCTCTTGACTAAGAGCCCAGTACCTGCCCCGAGGTGGTCCCTCAATAACTCGGCCGGATGGACAAGTTACAGGATATAATCCGGCATCATATTTGTTCCTGGCCGTCAAGTTATCAGATTGCCATGCTCCCCTTGGATCATTGTCTGGGTTTTTATACCGAGCGATCATCTCTTCCGTTTGAGGCAAAAGATTTGGAGCCCAAAGGAGTTTGTTTTTTGCGAAAATAAGCACGTAGTCATGGTCCTCCGAAAACCAGCGAGCGCTGTTTTTCGGCGCGAAGACCTTCTGCCAAATGACCGTCGCAACGAAATTTTGCTCCCCAAACACCTCCGAACAGATCTGACGCAGACTTTGAAACTCATTGTCATCGATGGAGATGAATACCACTCCGTCATCGCGCAGGAGATTTCTCGCCAGCTTCAGCCGGGGGTAGATCATGGAGAGCCAGTCGGAGTGGAATCTCCCGTTGGCCTCCGTGTTCGCCACCAGCCGGTGGCCTTCCTCGTCGACCTGATTCGACCGCTTCAGGAATTCGTCGGCGTTCTCGGCAAAGTCGTCCTCGTAGATGAAATCGTTCCCCGTGTTGTAGGGCGGGTCGATGTAGATCACCTTGACCTTGCCGAGGTAGGTCTCCTGGAGCAGCTTCAGGGCCTCCAGGTTGTCGCCTTCGATGAACAGGTTCTTCGTGGTGTCGAAATCGACGCTCTCTTCCCGGCAGGGACGCAGGGTCCTGGCGATGGGCGCGTTGGCGGCAAGCAGCGCCTCCCGTTTCCCTGGCCAGTTGAGGTGGTAGCGTTCCTGGGGGCCTTCCACGATGGATTCGGAAAGCTCCTGTCGCAACTGGTCGAAATCCACAGCAAGCCTCAGCTTGCCCTCTTCGCCCCGGGCCTCGGTCACGCAGCCGGGAAAGATCTCGGCGATGCGGGCGATGTTCTCCTGGGTCACGTTCGGGGAGTGCATTTTCATCTTTTTCATGTCAGCGTTCTTCCTTCGGTCCGGGCAGTTTGCCGGATTGTTTTTCGATCTTCTTTTCCTCGCCCCTGACCCGGCGCTCCAGCTTCCTGATGTCCTCTTCGGGCGGAAGCTTTTCAGGCCTGATGCCGCGTTGGCCGAGCATGTCGCGCACACTCACGTTGTTCTGCACATGCTCGCGGGTTATTGCATGTTCGCCCCGCAAGTCCTCCTGGTGGACATTATGGTTGGTCATCTCGGTTGCCAGGTTTTTCGCGGCTATGGTCAGGGTCGGCAGGAAGTCGGCCAACGGGCGTGTTTTTGTGATCCCATAGAGGTCTTTCATGGCCTGGGTGGCGTGGCCGCCGAAGAGAGCGGCATCCCCCTTGGAGCGAATGCGACCGAATCCGGCGTCGTCCACGCCCCGTTCATAGATATTCTGAGACAGTGTCTTCTCCGACTCACGAAGCCTTTCCCGGGCGTCCAGTCGGGCCTGCAGGCGTATCCGGTCCTCGATCAATTCCTGCCTACGGGTCTGGCAGGCAAAGTAGCTTTGGGCAAAAGCGATGGGTTCCTTGCGCGGATCGCCGTTCTGTGCGATCAGGTAGCAGGCGTATCGGGTGAGCATGAAGTCATCAATGGCCCGTTCGGCCCCGCTGCCCAGCTTGACCATTTTCGTGACGCCACGAAAATGGTTGTCCGGGTCATATCCCGTTGTTGAGCAAGACTCAATAGCCCGTTTAATGGCCGTCAGGAAGTTCTCCCAACGGGCATAGCCAAGCGGTTCCATGAGATCGCGGGCGAACCAGAACTCCACATTTTCGCCGGGGATGGATTGGCTAAGGGCATCAAAGCCGTTCTTCATCTGTTGAATC
CP074691.1_gap18	689549	691514	1965	CCCCTTCATAGGCCAGAGCGAGCTGATTGCGCAGATCGCTGAACCGGTTGTTGACCGGCGTGGCCGAGAGCATCAGTACCTTGGTTTTCACCCCGTCCCGGATGACCTGATTCATCAGCTTCCGGTAGCGTGTCTCTCTGTCCTTATAGGCGTCGTTGTTCCGGAAATTATGGGATTCGTCGATGACGATCAGATCGTAGTTGCCCCAGTTGACCCGGTTGAGCGGTATGCCGAAGGATTCGCCCGATGTTCTTGAGAGGTCTGTGTGGCAAAGAACGTCGTAATTGAAGCGGTCCTTGGCAAAGATATTCGTCTTCAGGTTGCTGTTGTAATTCAGCCAGTTTTCAGCGATCTTCTTCGGGCAGAGGACCAGCGCTGAACGGTTTCTCAGCTCGTAATATTTGATGACGGCCAGAGCCGTGAAGGTTTTACCCAAGCCGACGCTGTCGGCAAGAATGCAGCCGTCATAGGTTTCGAGCTTGTTGATGATTCCGATGGCGGCATCTTTCTGGTAGTTGAAGAGCTTGTTCCAGACCAGAGTGTGCTGGTATCCCGTCCGGTCGTTGGGCAGCACGTCCTCGTCGATCTCGCCGAGGAACTCGCTGAAGATGTTGTAGAGCATCAGGAAGTAGATGCGTTCGGGAGAGTTCTCCCGGTAGACCGATGCGATGTGGTCGCAAATGGCTTCCGTGACGTCCTCCAACTTCTCCGGGTCTTTCCAGATCTGTTCAAAGAGCCCGAGATAGGTGGCGGTGAACGTGGGCTCGTCAAATTTGTTGACGATATTGGAAAGGGCATCGCCGCGCTGATAGCCAAGATCGACCGTCGTGAACCCCTGAAGCGGCATATAGGCCGTTTCGTCCCGCTCATGCCGGATACAGGCAAACTGCTGCATCGGCGCCTTTGTCTTGTTGGAACGGAAGGTCGCCTTGCGTCGCATCCATTCGGCACACTCACGTGCTATGGCTCGCTGCGTGAGCCTGTTCCTGAGGCGGATCTCAAATTCCGAACCGTAAAGGCTTCGTTCCCGATCCGCCTTGGGAATGAAAAATTCTCTGCCTTCCTTTCGGAGCTTGTCCGTGACTTCGTCTGCGACAAAGGTAGGCGCCGTAAAAATGAACTCCAGCGACTCCACTTTGGCAAGTTCCGACTTGAGAGCTTCGTACGCATAGATCGAAAAGCAGGAGGCCGCTATCTTCAGCCTGCTTTTCGGGCGAAGAGTCGCCTTCAGATCGTCGCCGAGCAAGGCGTTGATGTTGTCGATGATCTTCATCGGTCCGAGTCCCGGTTGTCGCTCTTGGCGGCGCCTCCGGTCTTTACCCATGCGTCGACCTCGTCTTTCTTGAACTTCCAAAGACGGCCCATGCGATGGGCGGGCATGGCGTGTTGGGTGATTCGGCGGTAAACGGTGTCGCTGCTGACGCCAAGGTGCTTGGCGATCTCGCCTACCGATAGCCAACGGTCTTCCATCTCGGCCATTTCTCCAGCTCCTCTCGAGCGATAGCTCTTCTTGACGCGCTGAAAAGGCCAACGGGGAATGATGGGACGTTCTTTCTGTTCTAAATGTTCTTCTAATATATTTCGCCGGAGACTGCTTGTCAAATGGATTCATCCAGATAAAACCGCAAAGGCCCGCTTCAGGGTGCAGCCAGAGGCGCCTGCGACAGGCTGTTCCTGATGGGGGGCATGGGGCACCGTCGATCGGGGCCGAAAACAGGCCAGGTCTTGCCGGGACCTGTCAGGGTGTTTGCCTGTCCCGGAGAGCCCTCCCGGCCTCGCCCCTTCTCCCCTCTTCGTCAGGCCCCTCCCGGGGGTCGCCCATCGGGGCCTGACGGTATATACTCCTGCTGCTGCGGGCTCGGTCCGCCCTTCGCTTCCGAAAGGGAGGCGAAGGCTCTTCGGAGGGACGACGGGCCCGGTCCGATCCCGGGGTCTCTTGTCCCGTCACCGGGAGGGGACATTTTT
CP074691.1_gap19	709520	713913	4393	AGGGCCAGGGCGTTGGTGCCGACGACGACGTCGAGGATCCGCTCGCGGAAGGCCGACTCGACGAGGAGCTTCTCCTTCGGGAGCATGCCCCCGTGGTAGATGCCGACGCCGCGCCGGAGGGGGGCGTCGATGGAGGGGACGTCGAGGATGGCCGCCAGGTCTTCCAGACGGGCCTGTCCCTCGTCGGAGACGGGGGGACGGTTTTCGGCGATGAGGTCGGCCAGCTCGGCCGCTCCCCGTTGGGAGAAGACGAAGACGAGGGCGTCGTGGATGCGCGCCGTCGAGAGGGGGTGGCGGGGCTTGTAGAGGAGCTTCGTCGCCCGTTCGTGGCTCTCGAAAAGCTCGAAGGGCCGTTCGGCCAGGTCGGTCAGGTACCGTCCCACCTTGTCGGCGCCGCCGAAAGTGGCCGACATGACGAGGATGGGGCTCTCGGGGTGGGTGAGGCGGATTCCGTCGATGTAGGCCCGGGCCCGGTCGGGGTCGTCGAAGATGTAGTGGAACTCGTCGATGACGAGGCCGATGCCGCGTCGCCGGGCGTACTTCATCGTGTAGATTTCCTGGGTGCAGCAGATGATGGGCGCCTCGGAGTTCTTCTTGAAGTCGCCCGTCTCGATGCCGACGTCGAAGCCCATGCGGCGCAGATCCATGTAGCGCTCGTTGCTCAGGGCCTTGATGGGCGCCGTGAAGAGGATGGGGCGCGAGGGGAGGTGCCGTCTTCCCTCGACGTCGACGAGGCCCGCCCAGAGGTAGGCGACCCAGGTCTTGCCGCTGCCCGTCGGCGCCGAGAGGACGGCGCTCTTGCCTTCGAGGCGGCGGAAGGCCTCGATCTGCCAGGGGTAGAAGGAATAGCTGTCCATGTAAGGCTCCTCTGTCGCTCAGATGGGGCCGGAGGGCCCTCTGCGCTATTGTACCCCAAGGCCTCCCGATGCGTGCCTCTCCGGGAGGGGGTGACCTGTGCAAGGAGGGGAATCGCCGTCGGCCGCTCCGGGAAGGCCTGGCGGCGATAGAGGCAGGGGTCGAAGGGAAAAGGCCCCGGATCTGTCCGGGGCCTTTTCCCTTCGACCTCGAGCCGGCTCGGAGCGGTCGTTCAGCTTCTTCGGGCGGGCAGAAGCCCCGAGGGTGCGGAGGCGTCGGTGCGGAAGAAGGCCACCCGCCGCTGAAGGTCCTCGCCGATGCGGGCCAGTCCCTCGGCGCCCTTGGCGACGCGCTCGGCCGCCGTCGCCACCTCGACCACCTGGTCGCGGACGTTGCGCGCCATGGCGTTGGAGTCGCTCACCTTGCCGGCCATGTCCTGGACGGCCGAGGCGATCTCCCCGCTCGAGGCGGCCTGCTCCTCGCTGACGGCGGCCAGGTCCTGGGCCGATCCGGCGATGTTCTCCAGCCCCTTCAGGATGAGGCCGATCTTCGCCGAGGCCTCTCGGACGAGGCCGTCGGCGTTGCGGGCCCCCTCGCGGTTCCGGTCCGCCCCGGCGCGGACCGAGGCCAGGTCGGCGGCGATGGACCCGGCCAGGTCGGCGATGTTACGGGCCGCCCCGTTGGACTCCTCGGCCAGCTTGCGCACCTCCTCGGCGACGACGGCGAAGCCCCGGCCGTGCTCGCCCGCCCGGGCCGCCTCGATGGCGGCGTTGAGGGCCAGCAGGTTCGTCTGGTCGGCGATGCCCGAGATGACGGCGACGATCTTCTGGATCTGGGCCGCCTTCTCGGCCAGGGCCACGGCGGCCTTCGACGAGGCCTCGGCCTCCTTCGTCACCTCCGTCATGGTGACGACGGTCCGCGTCACGGCCTCCATGCCCGACTCCCCGGCCCTGCGGGCCTCTTCCACTTCGGCCGAGACGTCGCCGCTGCGGTTGGCCGTCGTCGTGGCCCCGGCGGCCACCTCCTCGACGGAGGCGTTGAGCTCTTGTCCTATGGCGGCCAGGTTCTCCATGGCGCCTCCCACGGTCTCGACGCCGCTGCGGGCCTCTTCGACTCCGGCGTTGGATTCTTCGGCCAAAGAGGCGAACTCCTGGGCCTCGTGACTCAGGCGTGCGGCGATGTCGGCCACGGCGGCGATGACCTCGCTCAGGCTCCGCCCCATCTTTTCCAGGGCCGAGGCGATGGCGGCCACCTCGTCGCGGCCCTCGTCGGCAAAGGAGACCGTCAGGTCCCCCTCGGCGAAGCGGGTCACGAGACCCTGAAGGCGACTCAGAGGGCGCGTCACCGACGAGGCCAGCAGAAGGCCCGAAAGGGCGCTCAAAGCGAGGGAGCCCAGGGCCAGGGTGACGAGGAGCCTGATGGAGGCCGCCGCATCCGCCCTGTTGGCGATGTTGACCTTTTCCGCCGTCTCCGCGGAGTGGGCCGAGAGAGCCGACAGCCTCTGCTGGTAGTGTTCCAGGATGGGCAGCGTCTCGTCGCGGAAGAGGGCGTAGGCCTCGGCGTTGCGGTTGGCCATGGCCAGTTCGATCGTCCTCTCCTGGCTCGCGCGGGCCTCTCCGATGTACTGCCGCGCCGCCGCGAACTGTTCCTTCTCGAAGGAGTCGAGACGGGTCTTGCCGTAGTTGGACAGATCGGCGTCGGCGATGGCCTGGCGCCGCTCGATGTCGGCCATGAGGGCCCTGTTTTCGTTCTCGTCCGTCGTCAGCAGGAGGGCGAGGATGTTGGCCCTGACGGCCTGGGCCTGGACGCGGGCATCGGTGAGCCAGTAGACGGGAAGGAGACATTCGTTGTAGAGGCCGTCCATGTCGGCGACGACCTGCGACTCGCCCCTGTAGCCTATGAAGGCGACAAGGGCCGTGAAAAGGCAGAGAAGGCCCGTCAGGGCCAGCAGGCGGAATCGGATGGAGACGCTGCGCATTCCTCTCATAAAGGCATCATGCTCCTCTCGGGGAAAAGAGTGGATGGGGTTTTGCCCTTTTCTTTCCTTTTCCGGCTTTCGTTTCGGATTTTGCGGCCGGGGCCTCCGAGGGCCCGGCGCGCGAGTTGCGTCAAACACCTCCTCGTTTCCCGGCAAAAGACCTTCAGGGCGAAGGGAGAAAACCCATTCAGCCTCTTTTGGCAAACATAAAATAAGACGACCCCATCGGTCTGCTGTTTTTGGGTTTTATCGGACCAAACCCGCCGTAGGGTCGAAGTTGAACAGAATTGACGGTATAAATGGAAAAATACATTATCCATTATATTTAACGTAAAAATGGGAAATGCCACCAACGTCGAGAAATATCTGTTTGAATCCGCAAACTTATCTTTGCGACGGGCTGTAGTTTGAAGAATACCCTATTTCGTTGATCCTGTCGTTAAAAAATTAAAATATTTATAGTTCAATCTGGGGAAAAATTTTTAATAGTGCACGATCTTGCAGGCCTGGAGCCGTAAGGGGGGCGTTTCTCGAACGGGGGAGGGGGGAACCGTTTGCGGCGTTCCGGGAGCGCGTCGCGTCGTGCCGATCGGAGGCTCTCGGGGCATTTCGAGATCGGCGGGCAAAGAAGGGCGGAGATTCCGTCGGTACGGTCGCGAAGCGCGCGGGCTCGATGGACCTGTCTCGAAACGATGCCGACGAAGCGGTAGAGCGACCCGGGGTTGACGATCCTGCCCCTTCGCCCCGTCCTTTTCGGAAGGGGTCGGCGACGGCCAAGGCCGAAGCAGAGAGGCCGTCGTCGGCCGCTCCTTGCCCTCTCTGCCGGGCCGGCTCCGTGTTAGACTGAGGTCGCAGAAGGACGTTCAAGGAGGTCTTTATCGTGTCGGAAAAGCGTTTTTTCATCGGATCCGATTTCCGCGCTCTCTTTCCCTCGGCTCGGATCGGCGTCGTCGTGGCCTGCGACATCGACAACGGAGGCGTCTCCGAGGGGAAGGCCCGCCTCGAACGGGCCGGAGCGAAGGCCCTGGAGGGCCTGGGGCAGACGCCCTTGGCGGACCATCCCGATCTGGCCTGCTGGCGCAGGGCCTACAAGGTCTTCGGCGCCCCCAAGGGGCATCGAAGTTCCGTCGAGGCCCTCGTGCGGCGTGTGGCCTCGGGGAAGGGGATTCCCACCATCAACCCCCTCGTCGATCTCTACAACGCCCTCTCTCTGGAATTTCTCTTCCCCGCCGGAGGGGAGGATCTCGACGCCGTCGTCGGCGACGTCCGCCTCGTCCTTGCCGCCGGAGGGGAGTCCTTCGTCCCCCTCGGAGCGGACGAGAGCGACCCTCCCCGCCAGGGCGAGGTGATCTACCGCGACGACGAGGGGGTCCTCTGCCGCTGCTGGAATTGGCGCGAGGCCCGGAGGACCTGCCTTTCGCCATCGACGAAGAGGGCCCTCCTCGTCATGGAGAACCTCGATCCCGGCCGGGACGATGCCTTCGGCGCCGCCCTGCTGGCCCTGGCCGAGGGCGTCGAAAGGCTGGGCGGCAGGGGGGAGATCCACCTTCTCGACGGGGA
CP074691.1_gap20	715378	717110	1732	GGGCCATGGCCCTCGTCGACGGCCTCCTGTCCCTTTCGGGCGAGAGGGGACCCCTGGCCGTCGTGGGCTACCTCATGCCCTGCTACCCCCACAGGTCCAATCGGGAACGAAGCGACGGCGACCGGGCCATGGCCTCGGCCGTCCGCTCCCTCGTCGTCGAGGCCAGGGAGCGTTTCGGCGTCGAGCTCCAGATACGCTCCCTTTACGAGGGCGTCTGTGACCTGAGCTACTGCGGCCTTCCGGAAGGCCTTGAGGCCATGGCCCCCTTCGAGGCCAACGTTCCGGGCTACGGCAGGCTCTACCGGTTGCCTCTGGCGGAGATGGCCTCTCTCGACATGGCCATCGTCAATCTCGGCCCCATCGGTCGCGACGCCCACAAGCTCTCGGAGCGGATTCACCTGGGCTACGCCCTCGACGTCCTTCCCCATCTCGTGCGGGGGCTCGTCGATCGCCTGGGTTCCTGATCGGCCTTTCTCCGGCCTGAAAGGGCCGACGGAACGGCGGGACCCTTCGTGCGGGAACGAGGCCGGGCTCCGACACCGTCGGAGCCCGGGAGAAGTCTTTTCTCTTCCCCGGCGACATTCTCTTCCCCGGCCCTTGACGGCCCTCTTTTCAGGTGCTATAAAAGCCGCAATCGACGAAAGGGGTTTTTCTCGTGGCGCGTGGTTTCCTCCTCTCCTGTTGGTCCGGCTCGGCCTGCCGTTCATCTCTTTTCGGGATGAGCGCGCTTCGCCTATAGACCGGCCGGAAGCCTGATCGTCGGGAGAGCGGTAAGCCGCCAACCCCTTTTTCGAAAACGACGGAACGCAGACGGGCCGAAACGAGGGCCCGTCTTTTTTATCCCCGGAAGGAGGTTCCATGATGGCAGAGTATCTTTTTACGCCCGGCCCCGTCACGACGTCACCTGAAGTGCTTCTGGCCGGAGCCAGGCCCATGATGAGCCACAGAGGGCCTCGTTTCTCGGCACTTCTGAGGCGTCTTCAGAACCGCCTCAGAGATCTTCTCGACGTGGACGGTCCCGTCCTGCTTCTGCCCGGATCGGGAACGGGAGCGCTGGAGCTTCTGTCCATGAATCTCGTGACGCCTGAGGACCGTGTCCTCTCCCTCTCCTGCGGCGTCTTCGGCGAGCGTTTCCGCGAGATCGTCGCCCGCCGCGGCGCGACGATGGCCGCCGTCGATGTCGAGCCGGGTCGGGCCGTCACCGTCGAGGGGCTGCGTCGGGCCCTGGCCGAGCATCCGGAGACGACGGTCCTTCTCCTGACCCACAACGAGACGTCGACGGCCGTCACCAACGACATCGGGGCTCTCGTCGCCTCTTTGCCCGAAGAGGGACGACCCCTGGTCCTCGTCGACGCCGTCAGTTCCCTGGGAGCCATGGCCTGTCATCCCCAGAGGTGGGCCGTCGACGGCCTGGCCTCGGCGAGCCAGAAGGGGCTCGTGACCCCTCCCGGCCTGGCCCTGGCCTGGCTTTCGCCCCGGGCCTGGGAGAGGGCGTCGGCCGTCGCCTCGCCGAGTTATTTCTTCGACGCCGGACTTCACCGCCGTTTCCTGGAGAAGGAGGAGCCCGAAAACCCCTACACGCCTCCGGTGAGTCTTCTCTTTTCTCTCGACGAGGCTCTCGCCCGGATGGTCGAGGAGGGCTTCGTCCGTCGCTTCGCGTCGCGCCGCCGCTTCGCCTCGGCCCTTGTCGCCGGGGCCTCGGCTCTGGGGCTTGTGCCTTTCGTGGCCGACG
CP074691.1_gap21	726092	728766	2674	TGACCCTTGCGGGGAACGACCCTTTTACGTAAGGAGAGAGAACGATGCTTGACCTCGAGTTCCACATCCTCCGCCGCCCCTCCGCCGCGTCGAGACGTTCCGTCGAGGCCTTTCTCGACGCTCAGGGGCTCGCCTTCGAGGGCGAGCCCGACGTCACCGTCGTCGCCGAAGACGGCGACGGGCAGGTCGTCGCCACGGGCAGTCTCGACGGCAAGGTCATCAAGATGGTCGCCGTCGATCCCGGTCGCCAGGAGGGGGGCCTCTCGGCGGCCATCCTCTCCCGGCTCCTTCAGGTGGCCCGAGAGGAGGGGCGGACCCACCTTTTCGTCTACACCAAGCTCGAAGCGGCCTCGCGCTTCCGCTCCCTGGGCTTCGTCGAGCTGGCCCGCGTCGAGCCCTCGGTGGTCCTTCTCGAGATGGGCGAGCCCGGCGTCGCCTCTTTCCGGTCCTATCTCGCCTCGGAGCGCGTCGAAGGCGAAGGGGAGTCGGGAGCCGTCGTCGTCAACGCCAATCCCTTCACCAGAGGCCATCGATTCCTTCTCGAAGAGGCCCGGAGGCGATGCGATCGTCTCTACGTCATCGTCGTCGAGACCGACCTCTCCCTTTTCCCCTTCGAGCACCGATTCGATCTGGTCCGCAGGGGTGCGGCCGATCTCGACGGCGTCGTCGTCCTTCGAAGCGGAGACTACGCCGTCTCTCGGGCCACCTTCCCCTCCTACTTCCTTCGCGGTACGGGCGACGACGAGCGGGCCCTTCTGCAGACCCGCCTCGACGTGACCCTTTTCGCCGAACTTTTCGTCCCCGCCCTGGGGCTGTCGCGGCGTTTCGTCGGGACGGAGCCCTATTGTCCCGTGACGCGGCGCTATAACGAGGCCATGAAGGCCGTTCTTCCCCCCAGGGGCATCGAGGTCGTCGAGATCCCCCGCCTGGAAAGGCTGCCGGGCGTGGCCGTCTCGGCCTCGTCCGTCCGAGAGGCGATCCGCGGCGATGACTGGGAGGCCATCAGAGCCCTCGTCCCCGACGTGACCTACGATTACCTCCGCTCCTCCCGGGCCGAGGCCGTCCTGGAGCGGGTGCGCCGGAGCGAAAGCCGTCACTGAGCCTCGGATGGAGGGCCCAGGAGAGAGGCGAGAGCTTCCGCGACCGTCGCGAAGTGGAGGTCGTCCTCGACGATCGGTCCGATGGCGACGAAACGGCCTCGGCCGAAGCTTTTCCAGGCCTGACGGTCGCTTTCGGTGTCGCCGAAAAAAAGCGGGCTCGAGGCGGCCATGCGTCGGCAGAGGAGGGAGAGCCCTTCCGGCGAGGGTTTGCTGATTCCCTCGTCGGGCGTGATCGCCCTTTCCCGGGGCAGGTCGCTCCACCCCAGAAGGCGCAGCCCGAGCTCCAGCTCGGCCCTCGGTCTTCCCGTATAGATTCCCACGGGAAGGCCGAGGGCTTTCCAGGAGGAGCGAAGCAGGGGGACTTCCCTCTGCCAGAGGCCCGCCGTCTCGGAAAGACGGGCCCGTCGCCCGCGCTTCTCCCAGAGCTCCTCCCCTCCGAAATAGAGCTCCTCGCAGAGATTGCGGACCTCCTGGCGGGGGAACGTCTCGCCGAAAGAGCGTCTGACCCAGGAGACGACGTTGGCTCCCTCGAAGGCCGCGAGTTTTCGGGCCCATCCCTCCGCGGTGGGCAGGGCCCGGGAGAGGAGCCTTTCGCCCGTCGCCGCCGCCGCGCAGAGGAAGGCCCAGGCGATGTCGTAATCGTCGTTGAAGGCCCTGTGGCGCTTGCAGATCCTGTAGTGCTCCCCGGTGAAGGACGCCTCGTCGGTGCGACGGCGGGGGCTGAATCCCCAAGCCCAGCGGATCGCCTGTCCGACGAGGGTAAAATAGGAGTCGTCGGTGTCGATGAGCACGCCGTCGACGTCGAAGATCAGGGCGTCGTGACTGAAGATCATGCCATCACCTCCCCTTGAAGTGGAACGGCAGCAGAGGACCATCTACGCATTTTAGGCAATCGCCGAAGGAAAGGCAAAGGAGGTAGGTCATGCTGGAAATACCTCTTCAGCGGGGAACGTCCTGCCCTCTCTACCGACAGATCGCCCGGCACCTGAAGACGATGATCGACAGAGGGACCCTCGCCGCCGGACTTCGCCTTCCGGGAACGCGGGAGCTGGCTCAGGCTCTGTCGGTGAGCCGTACGACGACGACGGAGGCCTACGGACTGCTCGTCTCCGAAGGCTACATCGTCGAGAGAGGACGGAGCGGCAGCTACGTGGCGCCTCGTCCTTCCGCCCCGCCGACCGTCGCGGCCGCCTTCGTCGAGCCCCTCTGGGATCTCGCCTCGGAGAACCCCTCGCCGGGCCTGCTCCCGTCTTCGTCGGTCCGGGGCCTGATCCGTTCCCTCCTGGCAGAGGGAGGGGATCTCTTCGCCTCCTCTCCCGTAGAGGGGCGCGACGACCTCCGGTCGGCCCTCGTCGCCCACGGCGCTCTTCGGGGCATTCCCGCCCGAAGCGCGCATCTTGTCGTCACCGGCGGGGGGCTGGAGGGCCTTTCCACGGCTCTCGGAGCCCTCAAGGAATTGGGAACGAAAAAAGTGTGGGTCGAGGAATTGACCTTTCCTGACTTTGTCGCCATGGCCCGCTCGGAGGGGTTGGACGTGGGCAGTCTGCCCCTCGACGAAGAGGCCCTTGTCGGGT
CP074691.1_gap22	731537	734351	2814	GTTTGCCTCGTCCCTTGTGCAGGAGCCCCTGCGCTCCTTCTTCCCGGTAGCGTCGTTTGAGCCGAAAGACCTGACGGCGGCTCAGACCGAGCCGATCGGCCACCTCCTGAACCGTCAGGTTGCCCGCGACAGCCTCTTCCACCAACCCCAAGCGCCTTGCTTCTTTTGTCTTCATGAGTAGGTCTCTCCTGGTCGTCATAAGTGACATTTTCCCTGTCCTCTTCACGAGTGACAATACCATTGTCCGGCGACACATTTCGCTTCGTCCGTCTTGCGTGGGGCGCAATTTGTGGTACAATGCCCCTGCTTTTGTCGTCTCTGCGGCTATACCTACTGAGGGGGTCTCCGGGAGAGCCCCCCTTTTGTGCTGTATGCGGCGGAAGCCGCTGCGACGATTGTCATTCGTTGTATCCCATGATAGACTAGTCTGAACGTATAGCATTTTGATATTTGTGCAGTGAGGGTTTATCTAACCCAAGGAGGGCATGGCTTTGACTCGTGAACCGAGACTTTACACGACTTCTGCCGATTACGTCTATCAGGAGTTGCGCCATAAGATCATAACAAAGCAGCTCAAGCCGGGACAGCGTCTGCCCGAGGTCAATATCGCCGTGCAGATGGGCGTGAGCCGCACTCCTGTCCGGGAGGCTCTGCGCCGTCTCGCCAGCGAGGGGCTCGTGGTGATCATCCCCAACAGCGGCGCCCGTCTCGCCTCGCCGACGAAGCGCGAGATGGAGGACACCTTCGTCGTCCGCGAGCAGCTCGAGTGTCTCGCCGTTCGCCTTGCCGCGGGCCGGATCAGCGAACGCCACCTGAGGCGCCTCGAGGAGACGCTCCTGGACGAGGAGCGTTCCTTCGAAGAGCAGAACCTGGAGCTCTACCTCGAGGTGAACGAGACCTTTCACCGCATCATCGCCGAGGCCAGCGGCAACAAGGTCCTCGCCGACTATGTCGAGAACATCCTGGCTCGGACCAACGTCTACATGGTTTTCTACGATCCCTTCCTCGGGCACCGGTCCGGCCAGACTCTGCCCAAAGATCACCCCAGCCTGAAGGGGCACCGTGTCCTCATCGACGCCCTTCGGGACCGCAACGGGGACCTGGCCGTCGAGATCATGTGCCGCCACCTCACCCTTTCCAGCCAGGGACTGGAACAGCCCGAGGAATAGAGGCCACAGAAGCCGTCCCGGGAGGGATACTTCCCTTGAGGGAACGATGATCTTGAGGGAGAGATCCCAAGCCCGAGGAGGCTCGACGATGAAACCCGATTACCTGCCCACGCTGGACCTGAAGCGCAATTACCGTAGAGTGAAGGAAGAAATTCGCAGGGCGGTCGATGAGGTCCTGGAGGAACAGGCCTTCATCCTGGGACCGGCCCTGTCGGCCTTCGAGGCCGACGTCGCGACCTATCTGCCCGTCCCCCACGCCATCGGCTGTGCCTCCGGCAGCGACGCCCTTCTTCTGGCCCTGATGCTTCTCGACCTGAAGCCCGGAGACGAGGTCATCACGACGCCTTTCACCTTCTTCGCCACCGTCAGCGCCATCACGCGCCTGGGGGCGAAGGCCGTCTTCGTCGATGTCGATCCCCATACCTACAACATGAGGACCGATCAGGTCCTGGAGAGGCTGACCGACCGGACTCGGGCCGTCGTCGCCGTCCATCTTTTCGGCCAGATGGTGCCGCTGGAGACGATCGAGGAGGAGCTCCGGTCCCGAGGCGTCGTCCTCATCGAAGATGCGGCCCAGGCCTTCGGCAGCTGGCGCTTCGTCGACGGGACGCCCCGCCGGGCCGGGTCCTGGGGCGATCTCGGCTGTTTTTCCTTCTTCCCGACGAAAAATCTCGGCGGCTGCGGCGACGGAGGCATGGTGACCTGCGGCGACGACGGGTACGCGTCCCATCTGCGGAGCCTGCGCGTCCACGGTTCGGGCAAGATTTACTACCATGACGAAGTGGGGCTCAACAGCCGCCTCGACGCCCTCCAGGCCGCCATCCTCCGCGTCAAACTGCGCCATCTCGACGAGTGGAACGAGGAGCGGCGTCTCGTGGCCGATCGCTACGCCCTGCTCTTTTCCGAGGCGGGGCTCCTCGGCGACGTGACGCCCCCTGCGGCCCTGGAGGGCAACGGCCACATCTACCACCAGTACGTCATCCGTTGCCGTGAGCGGGATGCCCTGCAGGCCTTCCTCGAGACGGAGGGGATCGCCTCCCGCGTCTACTATCCCCTCTGTCTTCACCTGCAGCGCTGTTTCTCCTTCCTCGGTTACGGCGAAGGAGATTTCCCCGCGGCCGAGGCCCTCTCGTCCGAGGTCCTGGCCCTTCCCGTCTTCCCCGAGCTGACGGGAGTCGAGCAGGAGCGCGTCGTCGAGGCGGTGGGGCGTTTCTACCGATCCCGTCAGTCCTGACCATTCTTGCTCTTTGCGCCCGATTCGTGTAGAATTACCGATGGCAGGATCTGATGCCATCGGTAATCTCGTTTGAGAGCATCGCCATCTTTCGAGGAGGTGAGGGGCCATGATGTACCCCTTTTTCTTTGATCCGACGTTCATGCTGCTCATTCCGGCCATGCTTCTGGCCTTCTGGGCCCAGATGAAGGTGAAGAGTTCCTTCGCCCGTTTCAGCCGCGTTGCCTCCCGTCGCGGCGTCACCGGCGCCGAGGCGGCCCGGGCCCTTCTCGACCGCCAGGGCCTTTCCGACGTGCCCGTCCGGCGCGTCGCCGGCAATCTCTCCGATCACTACGATCCCAGAGACCGGACGCTTCACCTTTCCGATTCCGTCTACGCCAGCACCAGCATCGCCGCCATCGGCGTCGCCGC
CP074691.1_gap23	736155	739017	2862	TCTGGAGGAGCAGCGCCCTCCTTCCCGACGGGCTGCCCTCGTCTTATGTCCCTCAGTCCGAGTCGTCGGCGCGCCTGCTGCCCTATCTCCAGGAGCGCCTCTCCGGTCGGGAGGGATTCTGTTTCGGCAAGCCCCAGGAGGAGGGACGCCTCCTGTCGCCCAGAGGGCAGGTCCTGCCCCTTTGGAGCGGCGACGAGGGGGCGATTCCCCGAGGCTTTCGAAAGGCCTCTCTTCCCACCGAGCCTCTTCCCTGGATTTTCGTCGAGCCCTCCTGTTCGGAGAGCGGCTGTTGGGCCCGTCTGCCCGAGCGGAAGTGGGCCTTTCGCCGAAATCGCCTGGTCGAGTTGGCCAGGGAGCAGGAGGAGTTCCTGTCGACGGCTCTCGATCACCTTCTTCCCGGAGGAGTCGCCATCTATCGGACGAGGAGTCTCTTCAAAGAAGAAAACGAGCAGGTCGTCGCCCGTGTCCTGGCCGCTCGGCGGGATTCCGTCGAGTGGGCCGTCGACTTGCCTCGAGATCTGGCCCGCCGGGGCCGTCCTTGGGGGTATTATGTCCTTCCCGAGAGCCCCTGGGCCGATGGAACCTTCGTCGCCGTTCTCGTGCGGCGCAGCTGAGGAGGAAAGCGAGATGCGCAGTCTGTTCCGCCTATCAATGCTCATCGTGTTGCTGGTGATCGTGGGGTCGGGCATCATGGCCGTCTACACCGTCTTCCTGGGAGGGCGTTCCGTCGCCGTTCCCTCCCTGGAGGGCCTTTCCGTCATCGACGCCGTCGACAGGACGCAGTCCTTGGGACTTCTCGTCCGGGTCGATCAGGTCGAATCGCTTCAGCCTTCAGGGACGATCCTCTCCCAGTGGCCTGCAGCCGGGGAGCAGGTCAAGCCGGGCAAGATTCTCGTGCTCAAAGTCAGCCAGGGAGGAACGCGCCTTCCCCTTCCCGACGTTCGCGGCATGGAGTTCACCCAGGCCACGAGTCGCCTCGAGGAGGACGGCTTCAAGACCGGAGACGTGCTCCGCATTCACGATGAGGGACGAGCGGCAGGCATCGTCATGGCCCAGAGCCCGGCCGCTCCGACGGTGATGTCTCCCGGGCGGGCCATCGACCTGCTCGTCAGTCTGGGGCCCGAAAGCAGCGAAGGCATGGTCGTCGTGCCCGATGCCGTCGGCCGCTCGGAGACGATCACGCGAAAGCTTCTCCGCGAGGTGGGGCTGACGGTAAAGGCCGTGAAGTCCGTCTACTCACAGGCCTCGCCGGAAGGACTCGTCATGCGCCTCGAGCCCGCTCCTGGAAGCAAGGTCCCCTCCGGTTCGGGCGTCACGGTGACGGTGGCGACGCTGCAGAAGCCGCCCGCCGCCGAGGCGCCGAAAGTTCCCGGTCTGCCCTCTCAGGCGCCGTCGTCGGTTCAGACGACGCCACCTCCAGGACCGGCGACGGTCTCCACGGCGACGCCGCCTTCGGGAACGGCTCCGGCGCCCCTTCAGCCCCCCTCGACGGCCCCCTCCGGCCCGACCTCCGCACCCGCCGCGCCGACCAAAACGGCCAAAATCCGCTACCAGGTGCCGCCCCTGACGCGTCCCATGGAGCTCAAGATCGAAATCGTCGATGCGGCGGGGACGCGGGAAATTCTCAATCGCGAAGCCAAAGGCGGCGAATACGTCTCGCTTGACGTCCCCTACCGCGAAAGTGCCGCCGTCACGATCTACCTGGGAGGGATGTTCGTATGGCAAGATCGCTATCGCTAGAGAGGGGACGCCCCCTACTGGCACCCTCTCTTCTGGCCGCCGACCCTCTGTGCATGGCCGCGTCCATTGACAGACTGGGCGGAGAGGCCGATGCTCTTCATGTCGATGTCATGGACGGCCGCTACGTTCCCAACATCTCCTACGGGCCCGGCCTGGTTCGTGCCCTGCGGGACCGTTACGCGGAGGCGGTTCTCGACGTCCATCTCATGGTCGATGAGCCGGAGCGCGGCATCGAGGCCTTCGCCGCGGCCGGAGCCGATTACCTGACGGTCCACGTCGAGGCGACGAGACATCTTCACCGCCTTCTGGGCCATATCCGAGAGCTCGGCTGTCGTCCCGGCGTGACCCTCAACCCCGGTACCCCCGTCGAATGGCTTCGTCCCGTCGTCCATCTCGTCGATCTCGTCCTCGTCATGTCCGTCAACCCCGGCTTCGGCGGCCAGACCTTTCTGCCCGAGGTTCTGTCCAAGGTCCGTACCCTCTGTCAGTGGCGTGCCGTCGACGGTCTCTCCTTTCTGATCGAGATGGACGGAGGTCTGGGGCCGGCCAATGGAGCCGACGTCGTCCGAACGGGCTGTGACATCCTCGTCGCCGGCAGCTCCGTCTTCGGGGCCGCCGATCCTCTCCTTGCCCTTCGGGATCTGAGGAGAACGGCTCAGGGAGGGATTTCTCATGGCAGATCGTGAGGAGAAGCTTCTGGAACTCTGTTCCCGATTGAGGGGGCTCCGCGAAGAGCGGGCCATCTCGCTTGAGGAGGCCTCGGCCAGGACGCGCATCCGCGTCCCTCTTCTGGAGGCTCTTGAGGAGGGGCGCCTCGACGCCCTTCCGGGGCTGGTCTATGCCCGAGGTTTCCTGAGAACCTATCTGAATTTCCTGGGGGCCTCCCATCTCTGGGAGGAGTTCGAGCCCCTTCTGCCCCAGCCGGACGCGGAGGGATGGGGGAACGTCATGGGGGGCGCCGTCCCCCCGGCGCGGGGATTTCGCAAAATTTCCCGGCGATGGGTCTACCTTCTCCTCTTCCTGGCCCTTTTCGCCGCTCTCTATGTGGTCTGGGACAAGCGGGGGCAGGTCCGTCAGCCTCTGATGCCCCCCTCCTCCGAAACGGAGAGGGAGCATGAAACG
CP074691.1_gap24	915407	918815	3408	ATCGGCACCTGAGGGAAAGCCGCTTCGAGATCCTGCCCGACGGCGGCCATGCCCTGGCCGTGACGGAGAGCCCTGCCATGGCCCGGATGATCGCGGCCTTCGCGGTCTCCCTGTGAAATGAGGAAAAAAGACGCAAAAAAGGGGAAGGCGGACCCAGTCCGCCCCCCCCTTTTTTGCGTCTGGGCCCCTTTCCGGCCCGGTGGTTCTAGAAGAGCCCCGAAACGCGGCCTTTCTCGTCGACGTCGATGGCCAGGGCCGCCGGTCTTTTGGGCAGGCCCGGCATGGTCATGATGCTTCCCGTGACGGCCACGAGGAACCCCGCCCCGGCGGCGATGCGGACCTCGCGGACGGTGACGGTGAAGTTCCGGGGCCGTCCCTTCTTGGCAGGGTCATCGGAGAGAGAGGCCTGGGTCTTGGCCATGCAGACCAGAAGCCCGTCCAGTCCCAGGGCGCTGACGGTCTTGAGGTCCTTCTCGGCCTGGTCGGTGAAGGCGATGTCGTCGGCGCCGTAGATCTTGGTGGCGATGGCCCTCATCTTCTCCTTGGGGGGAAGGTCGGCGTCGTAGAGGAAGTGGAAGGCCTTGGGCTCGTCGCAGGCGGCGATGACCTTCCGGGCCAGATCGAGCCCTCCCTCGCCGCCCTTGGCCCAGACTTCGGAGAGGGCCACGGGAGCGCCAAGGGCGCGGCACTTCTCCTCGACGAGGGCCAGCTCCTCGGGACGGTCCGTGGGGAAGGCGTTGACGGCGACGACGACGGGAAGGCCGAAGCCCTTGATGTTTTCGATGTGCTTCTCCAGGTTGGGGATGCCCGCGGCCAGGGCCTCCATGTCGAGCTCGCCGAGCCTCTCCTTGGCCATGCCTCCGTGCATCTTCAGGGCCCGTACGGTGGCGACGATGACGACGGCGTCGGGCTTGAGGCCGGCCAGGCGACACTTGATGTCGAGGAACTTCTCGGCGCCCAGGTCGGCGGCGAAGCCCGCCTCGGTGACGAAATAGTCGGCCAGCTTGAGGCCGTACTTGGTGGCCATGACGCTGTTGCAGCCGTGGGCGATGTTGGCGAAGGGGCCGCCGTGAATGAAGGCCGGAACGCCCTCGAGGGTCTGGACGAGGTTGGGCTTGAGGGCGTCCTTGAGGAGCATGGCCATGGCCCCCGGAGCGCCCAGATCGCCGGCCGTGACGGGCCTGTCGTCGTAGGTGTAGGCGACGATGATCCGGGCCAGGCGTTCCTTCAGATCGGAGATGCCCGAGGCGAGACAGAGGATGGCCATGACCTCGGAGGCGACGGTGATGTCGAAGCCGTTCTCCCGGGGCACGCCCTGGGCCTTGCCTCCCAGGCCGATGACGATGTTGCGGAGGGCCCGGTCGTTCATGTCCATGACGCGGCGCAGGACGACGCGGCGGGGGTCGATGTTGAGCTCGTTGCCCTGCTGGAGCGAGTTGTCGACCATGGCGGCCAGCAGGTTGTGGGCCGCCGTGATGGCGTGGATGTCGCCGGTGAAGTGGATGTTGATGTCCTCCATGGGGACGACCTGGCTGTAGCCGCCTCCGGCGGCTCCGCCCTTGACGCCGAAGACGGGGCCCAGTGAGGGCTCCCTCAGGGCCAGGGTGGTCTTCTTGCCCAGCCGGGCCAATCCCTGGGCCAGGCCTACGGAGGTCGTCGTCTTCCCCTCTCCGGCCGGCGTCGGCGTGATGGCCGTGACAAGGATCAGCTTGCCGTCGTCGTTGCCCCTGATCCTCTCCCAGAGGTCGAAAGAGACCTTGGCCTTGTACTTGCCGTAGTGTTCAAGATCGTCGTCGCCGATTCCGAGTTTGGCTGCGATGGCATCGATGGGCTCCATGACGCACTGCTGGGCGATGTCGATGTCGGAGAGGTGCTGGCTCATATTAAACCTCCTAGGCATGTTGGAGTTGGCGATACACCGGACATATTAGCATAAAACGACAAAAAAGTTTGCCACTCAATAGAGGAGCATGGCGATCGGCGAGGCGATGAGGATCGTCAGGACGACGCGCTCGAACCAGATGACGAGGATGTCGCCCATCTTGATGGGAATGTCGGTGCCGACGATGCAGGGGATGATGGCCGAGAAAAAGAGAATTTCCGAGATGCAGAGGACGGCCATGGTGAAACGCAGGACCATGGGGGCATCGGCCTTGGCGACGAGAATGGCCGGGAGGAACATCTCGGCCAGGGAGACGGCGGCCGCCTTGCCGGCCAGAAGGGCCTCGGGCATGGAGAAGAGCTTGAAGAAGGGGTAGAAGGCGTAGCCCAGGATGTCGAAGATGGGCGTGTGGTTGGCTGCCAGAAGCCCGAGGAGGCCGATGGAGGTGATGGAGGGAATGACGGCCATGGCCATGTTCAGCCCCTCCTTGAGGTTGGATGCCATGAGGGAGGCCACGGAGGGGGCGCCGGCCGCCGTGTCGAGCCCCTCTTTCCAGGCACGGGCGAAAAGGGAGCCCTGAGTCGTCTCCTCCTCGGGAGCCCTGCCCGTGTAGTAGCTGTCGGCCATGGAGGCCAGGGGCCAGAGGCGCGTCGTCACGGCCGTGACGGCGAAAGTGACGGCCATGGAGACCCAGAAGAAGGTGCCCCACTCTTCCATGAGCCCCAGCGTCTTGGCGACGATGAGCATGAAGGTGGCCGAAACGGTGGAGAATCCCGTGGCGATGATGGCCGCTTCCCGGGCCGAATACTTGCCCTGACGGTAGACGTTGTTGGTGATGATCAGGCCCACCGAGTAGCTGCCGACGAAAGAGGCGACGGCGTCGATGGCCGAGCGGCCCGGCGTCCTGAAGACGGGTCTCATGACGGGCGTCATGAGGACTCCGGTGAATTCCAGCAGGCCGAAGCCGACGAGGAAGGCCAGGAAAAGAGATCCGATGGGGATGACGAGCCCGACGGGAATGGCCAGCTTGGAGAAGAGAAAGGGGCCGACGCCGGGATCGAGGAGCCAGGCGGGACCGACCTCAAAGTAGATCATGGGACCGATGACGGCTCCGGCGACTTTTGCGAAGGAGAAGACGAGGTCCGTCGTCGACCGGTTCCAGGTCTTGCGGAGGAAGGGGGCCGCTGCTCCGGCGACCATGACGGCTATGGCGTAAAGGGCCGATGCTCCGGGCAGGCTGTTGCGGATGGCCGTGATGATGTGATCGACGGGGATGGTCGAGTTCCCGCCGAGAGTCAGAGGGAAGAAAAACATGAAAAGACCAAAGAGACTCAGGCCCAGAAAACGAGCCAGAGCCAAGGTGGGACCGACTGTCGGAGAAGTGCCTTTGTTCGAAGACAAGGGGGATCCTCCTTAAAAAAAGATGAGGTGTGCCGTTGCGCCGGGAAAAAGGGGTGATGAATGAAGAGGACAGACAGAAGCGGGCCGTCGAGATAGGAAGGGCGTCCTTCTTTCGCCTCGGGAGG
CP074691.1_gap25	922640	925767	3127	GAGGAGGCGGGCTGTCTTCTGATGGAGGCCTATTCCCGAACGGGGCGGAGATGCGAGATGATCCGCACCTACCGCCTTCTGACGGAACGGCTGGCCTCGGAGCTGGATCTGGGGCCCTCGGAGGAGACGATCGCCCTCTACGGGTATCTCCTCCTCCGAGAAGGGGGCTGTGACGGGGGGGGGAGGGATCTGCCTCCGGAGGGGGGAGGTTTTTTCGGTCGCCAGGTCGAGCTGGAGTCGGTGAGAGCCTGCACGGAACCGCCTTTCGACCGCTGCCGCGCCATCTTCGTCTCCGGAGAGGCCGGCGTCGGCAAAAGCCTCTTCGTCTCGCGGGCCCTGGGCCAGGCTCCCCCGGGAACGCTCGTCGTGACCTGCGGCGCCGCCCGGGGGGAGGAGCGCCATCCGCTTCTCCCCTGGAACGATCTGCTCGAGGGCGTGGCCGCCCGGATCGATCTCGACGGCCTCGACTTTCCCCCGGCCCACCGTTCCCTGCTGGCCGAGAGTTTTCCCGCACTGGCCGCGACAGCCACCTCCTGCCACCCCGCCGGGCCCTTCCGTCTCGGCGCCGCCATGGCCCGCCTCTTCGACCTTCTCGCCCGCTTTTGTCCCGTCGCCATCGTTTTCGAGGACCTGCAGTGGTTCGACGGCGACTCTCTCGACCTTCTCGAGAGCTTCCTGGCCCATCGGCGGGCTCCCCTTCTCCTTTTCGTCACGACCCGCCACAGTCGGAGCTGCCGGGGACGGGACCTTTTCCGCAGCGCCGCCCGAGTCGGACGCTGTGAGCTGAAGGAGATCGCCCTGGCCCCCTTTTCCCGAGGCGAGACGGAATCCTTCTGCCGCCTCTGTCTTCCCGGAAGGGATCTGGCCGGCGCCGATTTCGACCGCCTCTACGGCCAGACCGACGGCCTGCCCCTTTTTCTGTCGGGGGTGATCCGCCTTTTGGCGGCGGGCCGCTCTCTCGACGAGGCTCCCTCCAGCCTCGCCGAGACCTACGAGAGGCTTCTGGCCGATTTCTCCGACGAGGACCGTTTCCTTTTGGAGCGGCTCTCCGTCTTTTCGACGCGCGCCGAGTGGGGGCTTCTCCGCCGCTTTTCGGGGCTTTCCGAGGCGGTTCTGACGGAGCGCGTCGAAAGGCTCAGAACGGGGGCGATCCTGGCCGAGCGCCTCGACGAGGGGGAGAGGCTTCACATCGAGTTCAGCCACGTCGCCGTCAGAGACCACATCTACCGTTCCCTCTCCGAGGCGCGACGACGCCTCCTCCACGGAGAGCTGGCCCACCTCCTGATGGAGGAGCTGGGAGAGAGGCGCTGGAACGATCTCCTCTGTTCCCGCATCATCGGCCACTGCCGCCGGGCGGCCCTGGCGACGGAGGAGCTCGACTATTCCATCCGCCGACTGAAACTCCACATTCATCTCAACTACGAATTGTTTCCCCTCCTCAGCGACGATGTCCTCCGAGGGGCCTCGGCGCCTCTGGAGGGGAGAAAGGACACCCGGGAGCAGCTGGCGGGCCTGGAAGAACTTCTGCGCCGCCTCCGCCGCGAGGGTACGCCCTCGGCGCGGCTGGAGCGTCTCGAGGCCTCTTTCCGCGCCCTCAGCGGCGGCTATCGTCTCTGGTGGGGCGACTACGTCCAGGGGAAACTGCTCGTCGCGAAGGCCCTCGAAGAGGCGCGGCGGCGGCGGGACGGGACGTTGGAGCTCGAGGCCCTCCAGCATCTCTGCTACTACGCCATCCAGACGGAAGAGCCCTCCCTTCTGGAGCGCCATAGTCGAAGTCTCCTCGAATCGGCGGGGAAGGCCCGCCTCGAGGCCCTCCGGGGCGTGGCTCTGCGTTTTCTGGGGATGGCCCGTCTCTTCCGGGGAGAGTATGACGGAGCCGAAAGGGCTCTGGAGGCCTCCATCGATCGTTTCCGCGCCGTCGAGGCCCTCGACGAGCCTTACACCCTCCAGACGGCGGCGGCCCGAAACTATCTGGCCGACAGCGCCCATCGCAGGGGGCGGCTCGACGAGGCTCTGGATCTCTATGGGGCCTGCGTCGGCCAGTGCCGTGACGAGGGGCTTTTCCGCGGTCTCTGTCTCTTCCACAGCAACGCGGCTCACGTGGCCTTCGACCTCGGCGACGATGAGGCCTTTCTGCGTCATCTGGAAGCGGCCCGGTCCCTGCAGGAGGAGAGCGAGGCCTGGCGGGGGAACGGGATCCTCTTCAGCCTCCTTGCCTGGGATGCCGCCAGGGAGGGGGAGGAAGAAAGGGCCCTGACGGCCCTCCGACGGGGTGACGCCCTCGTCGAAGCCCTGGGGAAACGGTTCTGGCTGGCCCTGCAGCTCGAGGTCAAAGGGCGCATCAAGGCCGGAGTCCGAAGGGGAGGCCTTCTCGACGAGGCCCTCACCGAGACTCCCGAGACCTATCGCCGAGGCGCCCTTTCTCTTTATCGGGCCATGGCGGTCCGCCACAAGGCGAAGGCCGTCACCGAAGCGGCGGGGATGCGAGGGGGTTTCTGACCGCCTCGTTTCTCCGTCGTGACGGAAGGTGTGGATGGCAGGTGCCTTTCCGTTCCCGCCGAGGGGCGGGAACGGATCGTCTGATGAACGAGGAGGTTTCATAAGAAAATGGAACGCATTCGGATCAAGCAAGTGGACGCCTTTTCCGACGTCCCTTTCGGCGGCAATCCGGCCGGCGTCGTCACCGATGCCGATGGCCTGGACGGGAAGACGATGGGGCTTATCGCCCGGGAAATGAATCTGAGCGAGACGGCCTTCGTCTTTCCCTCCGATCGGGCCGATTTCAAAATCCGCTTTTTCACTCCCCACAGAGAGGTCGATCTCTGCGGCCACGCGACGATTGCCGCCTTCTTCGCCCTCCACGAGGAGGGACGTCTCGACCCTTCCCGTTCCGTCTTCACTCAGGAGACGAAGGCCGGCGTCCTGGAGGTGGAGCGCTCCTTCCGCGCGGATCGGCCCGTCTTCACCATGACCCAGGCCAGCCCCCGCTTCGAGGAGGTCGAGGCGACAGGCGGTGACGCGGCCCGTCTTCTTGGCGTCGACGCCAAGGATCTTCTCGATGCGATGCCCCTCAAGATCTCGACGGGAATCTGGTGGTTCGTCGTGGGCCTGAAACGTCTCGAAGGGC
CP074691.1_gap26	926993	929986	2993	ACCGCAATTCAGGAAGGTGAAGCTATGCACTGGAAAAAGAGAATGCCTCGGGCCGTCAGGGAGATGGAGTTCGCCGAGTACGGGAGCGCCAGGGAAGATCGTCCCGTGGCCGTCGACTGTGCCCTGGGGACGAATCCCCTCGGCTCGCCCCGATGTGTCGCCGAGACGGCGGCGGAGCGGGTGGTGGGGGATCTCTGCGCCTACCCAGGCGACGACCTTCCCCTGAGGCGGGCCCTCTCCGACGCGTGGAGAGGGGCCTTCTCTCCCGAAGAGGTGGTTCTCGGCACGGGATCGATCGGCCTTCTCGTCGGTCTGGCCAGGACTTTCTGCGCGCCCGGAGCCCAGGTCCTGGGCGTTCTTCCCCAGTTTCCCGACGGGCCCATGCACTTCCAGCTTTCGGGTGCCTCCTACAGGGCCATCCCCCTCTCTCCTCCCGACTACCGGCTCGACCTGGATGCGATGAAGGCGGCCATGACGGGAGAGGAGTCGCTCCTCTACCTCGACCGGCCTCACAACCCCACGGGGCAGGCCGTCCCCCTGGCGGAGGTCGAAGGCCTGGCACGGGCCTGCGACGAAAGGGGGACGCTCCTCATCGTCGACGAGGCCTACGGCGATTTCCTCCCTCCCGACGAGTCGGCCCTTAATCTCTCCCGTCCCTCCCTCGTCGTCCTCCGATCCTTCTCCAAGGGAAGGGGGCTGGCAGGCATCAGAGCGGGCTATGCCGTCATCCGCGACGGGGAGGCCCGCCGTTTCATGAAAAAGACGACGCCCCCCTTCTCCGTCAACTCCATCGCCCTGTCCCTCGCCTCGCGGGCCCTCGGCGACGAGGCCTTCCTCCTCCGGTCCAGGGCGGCCGTGGCGGCCGTCAAGAGACGAATCGTGGAGGCCGTCGAGGCGACTCCCCATTTCTCCGTCGCCGTCACCCACGATCAGGTTCCCATTCTCCTCCTCTCGTCGCGCATCGAGGGGGACGATCTCTACGATCGTCTCATGAGGCAGGGCATCAGGACCGAGGCGGGCACCTGTTTCGAGGGACTGGGCGCCGAAAGCGTGAGGCTCCGCGTGCCCGCGCCGGAAGAGCTCGACGCTTTTCTCGAACGCTGGAGTGCCGCTGCGAAAAGTTGACAAGGACACCGGGGTGGTATAGACTCCCCGGAAAGTCACCTTCCGTGAGGCGGGACTTTCCCGCCGATGCGACGGAGGGGGGTGGCGTTCTTTCTGCATCGAACCTGTCAGAGGGGCCTTTTGCGCCCCATTTGTAAGGGAACCGACCGAAAGGGGGCCCTTTCCGTGAGTCTCTCAGCCGTGACGATCGACAGCTTTATTTATGCAGGTCTTCACCGTCACGTCTCGGGGGCGCCCTCCTAGCGCGGTCGGTTCTTACCGTTCCGCTCGAACGTCCAGGAGAGAGGAGGCCCCCGGTTCAAGGGGCCTCCTCTTTTGAATGAGTTGAATGAGTCGCGGAAAGGAGGATCCGAGGAGGGCTTTTAAAAGGAACTCGAGGCCCTGAAGAGCGCAGGGGAGATCTTAACTGAAATCGAAAGGTGTGAGCCAAGATGAGCGCAGCGTCAGAGAGCAAGCAGGGCTTCTTCGGCAAAATGATGGCCTCTTCGGCCTACAAAAAGTACTTCCTTCCCGGTCTGATTTCACAGTCCGTCGTCGTCGCCGGGGGATACGGGACGGGGCGGGAGCTTGTCGAGTATTTCGTCAACTACGGCAGCCTCGGCGGCGTTCTGGGCATGGCTTTGGTCACGACGGTTCTCTGGTCCCTCGTCTTCGCCGTCAGCTACGAGTTTGCCCGGACCTTCAAGGTCTACGACTACCGCAGCTTCTTCAAGGAACTCCTCGGTCCCGGCTGGGTGCTCTACGAGGCCTGTTACATCGTCCTTCTCCTCATCGTCCTCGGCGTCGTCGGGGCCACTTCGGGGAGCATCTTCATGCAGTCCTTCGGCCTTCCGCCCCTTGTCGGCGCGGCCCTCTTTCTCGGCGGCGTGGCCACCCTGACCTTCTTCGGAAGCTACGTCATCGAAGTGGCCATGTCCTGGTGGTCCTACCTCCTCTACGCCGTCTTCCTCGTCTTCCTTCTCGTCGGTCTCTCCCAGGTGGGGGGCCAGATCGGCGCCAATCTCTTCTCGGGCGAGATCAAAGAGGGGTGGGCCCTGGGCGGCTTCAAGTACGCCTTCTACAACATGGGCACCTTCCCGGCCATCCTCTTCGCCCTGAACTACATCGAAAACAGAAAGGAAGCCGTTCTCTCGGGGATCATGACGTCGGTCATCACGATCCTTCCCGGCTTCTTCCTCTACCTCGTCATCATGGGTTTCTACCCCGCCATTCTCGAGACGGAGCTTCCCACCTACGCCATACTGGAGAAGATCGCTCCCTGGCTTCTGCCCGTCTACATGGTCGTTCTCTTCGGAACCATGATCGAGACGGGAGCCGGATTCATCCACGCCGTCAACGAGCGGATCAACGCCTGGCTCGTCGATCGGAAAGGTACGGGACTCACCAGGGCCAACAGAGGGCTGCTGGGCGGGCTCATGGCCCTCGTCGGCCTGGGAATCGCCTCCTTCGGCCTCATCGGCCTCATCGCCAAGGGGTACGGAACGATCAGCTGGGGCTTTTTCATCCTCCACGGAGTGGCCCTGTTCACGATAGGCATCTACAAGATCGGCAGGAAAAAGGTCGACGCCCGCTGACGTCGACCGGAAATCGGAGGCAGCGCCATGGACTGGAAAGCTCTTGCGGCGTATACGGACAAGCCGATCGCCCGAAGCGGCGAGATCATCGAGAGAGAGGAGAGGGTCCTGCCCAAAGCGGTGGCCATCAAGTATTTTCCCATGGCCATCGAGCGGGGCCGGGGTTCTCTCGTCTGGGACGCCGACGGCAACCGCTACATCGATTTCCTGACCAGCGCGGCCGTCTACAACGTGGGGCACGGCCATCCCGCCGTCGTCGAGGCCGTTCGGGAGCAGGTCGGCAAACTTCAGAAT
CP074691.1_gap27	933696	934872	1176	CACAGATAACTCCCTTCGAGAAGGGCGCGGACGAAGTTCAGGCTCCGGAGTGGGCCGTCATAGGGGCGGAAACGGTAGGGGGCCGGGTCGAGGGGAGAGACGTTCCCCTTGAATCCCTCCATCGTCAGGGCGTAGGCCAGATCGGCCGTGTCGATGAGTCTGTCCAGGGCGTCGACGAGGAGGACGGCCAGCCCCGCCCCGAGGGCGTTGGAGCTCACAAGGGAGAGCCCGTCCTTGGGGCCCAGGGTGACGGGATCGAGCCCTCTCTCTTTCATGGCTTCGGCGGCGGCGACGCGTCGGCCCCGGAAGGAGACATCGCCCTCGCCGATCATGGCCAGGCCGATGAAGGACATGTTGGTGATGTCGGCCTCGCCCACGGAGCCCCTCAGGGGAAGGCAGGGATGGATCCCCTCGTTGAGGAAGTCGCTGTGAAGGCGGACCAGATCGGGGGCCATGCCCGTTCGTCCCGCGAGGAGGCTGTTGAGGCGGACGACGAGGACGGCACGGACCTGTTCCTCCGAGGCGAAGGGCTCGATGCCGTCGCAGTGGGCCAGAAGCATGTTGCGGTTGTATTCGCCGTAGTAGCGGGGAGAGATCTCCCGGTCCTTGTTGGCGCCCACTCCGGTGTTCATCCCGTAGACTTTCTGCGAGCCCGTCAGGGCCATCTTCTGCAGAAGGGCCCAGGAGCGCTCGACGCCCTCCATGGCCTCGGGGGCGATGGCGACCTTGCGGCCCCGGCGGGCCACGTCGATGACCTTGGCGACGGTCAGACCTCGGCCGTCAAGAACGAGGGGATCCATCTGAAAACCTCCTTATGAATGCAGGGCGGCGACGATGCGCTCCGCCGTCAGGGGCAGCTCCGTAAGCTCCGTCCCCAGGGCCCTGTTGACGGCGTTGACGACGGCCGCCGCCGTGGGGACGGTGCAGATCTCTCCGATGCTCTTGGCGCCGTAGGGGCCGCCGGGTTCGCCCTCCTCGACGAGAAGGATGTCGACGGGAGGCATGTCGGGGGCATTGACGAGAGGGTAGCGGCTGAAGGCGTCGTTCCGGGGGCGTCCCGAAGGGTCGTAGGTCAGCTCCTCGGAAAGGGCCATGCCGATTCCCATCTGGACGCCGCCGTAGATCTGCCCTCGGAGCAGGCGGGGGTTGATGGCCCGTCCCACGTCGTGCACGGCG
CP074691.1_gap28	1013717	1018460	4743	GGGGGTGCCTGGTCAAAATCGTTAATTTGGGCTACGCGGAAACCGCAAAACACGGAAAAGACATTTACGACTGGTTCGAGGAGGGGCACTCGAAAGAGGAGCTGCTCTCGCTGGCGGCTCCCGATCCGCTCTCCAGTCCGGACCGGCAAGTGGAAGAGCTTCGCGAAGGTCCAGAGGATCCAGAGGATGAGGATCTCGACGTCCAGGCCCGACATCTGACGGACATCGGCAACGCCGAGCGGTTCGTCAGGCTCCATGGCCAGGATGTGCGATACGTACACGCCTGGAAACGCTGGCTGACATGGGACGGCAAACGGTGGAACGAGAACGCCCCGTTCCTGGTGATGCGAAAGGCCATCGAGACGGTGCGCGGGATGTACCGGGATGTAGCCGACATTTACGAGGACAAGGAACGCAAGGAAATGCTGGAACACGTGAAGCAGTCAGAACGAAAAGGTCGGCTCGACGCCATGATCGCACTCGCTCACGACCTCGAGGGGATCCCTGTGGCCCCCGAAGAGCTGGACTCCAACCCATGGTTGGTCAATTGCCTGAACGGGACCTTGGACCTGCAGCGGGGCAAGGTCTATCGTCACCGCCGCGAGAATCTGCTGACCAAACTCATACCCGTGCCTTTCGAGCCCGACGCGATCTGTCCCAGGTGGGAATCGTTTCTGGGGCAGATCATGAACGGCGACGACGAGCTCATCTCGTTCCTGCAACGGACCATCGGGTACTCCCTGACGGGGTCAACGGAGGAACACTGTCTGTTCGTCCTCTACGGGACGGGCCGGAACGGCAAGTCGACGTTCCTGAATACGGTCAAGGCCCTCTTCGCCGATTACGGGCGCCAGACGGCCGCAGACACGTTCATGGCCAAGAAGAACAGCGGCGGACCAGGAGACGACGTGGCAGCCCTCAGGGGCGCCAGGTTCGTCACGGCCATCGAGACGGAGGAGAACCAGCGCTTGGCCGAGGCCATGATGAAGCAGCTCACGGGCGGCGACACGATCCTCGTTCGCCGGCTTTACGAGAATTATTTCGAGTATCGACCAGAGTTCAAAGTCTTCCTTGCCACGAACCACAAGCCTTCCATCAGGGGCACGGACCACGCCATCTGGAAGCGCATCAGGCTGATCCCCTTCACGGTGACGATTTCCGAAGAGGAGAAGGACACGGAACTGCCCCAAAAACTGTTGGCTGAACTGCCAGGGATTTTCGCCTGGGCCGTGCGTGGCTGCATGGCCTGGAAGCGCAACGGCCTCGGTGTGCCGGAGAAGATCCTGGAGGCTACGGATGCCTATCGCAGCGAGATGGATATTCTCGGCGGGTTTCTGTCCGACTGCTGCTGCGTGAAGAAAGCGGCCAGGACGCTCTCGCAGGCCATCTATGTGGAGTACTGCAGATGGTGCGAGGAGGTCGGGGAGAAACCCGTTACGCAACGAAACCTCGGAAATCGCCTGAAAGAGCGGGGATTTGAGGCTTGCAAAGGGGGAAAAGGACAACGCTATTGGAAGGGTATCGGTCTGTTGGATAACTCGGGACGTGCTTTTGATGACAACAAGGACAACATCTTGGAATTCTCATATTCATTGAGTGGCGCAGATGGAGCCAATAGAGAGGCTGTGCCCCCCATGAGTGGCGCAGAGGTAGGCATCCCAAGCCAGTGCCCATCGGCGCAAGTGGCGCAGAGTGGCGCGGAGATACCAATTCCCAGGAACTTTTCCTATAGACCCCCTACACGAGAAAGTTTCCTGAAAATCGATCACCCTGCGCCACTTGCGCCACCCATTCCACAACAATCTTGGGATTTCGAGGATGACCCGGAGGAACGGGAGGCCATCCAGAGAGAGCCGGAGGGGAGTTGATGATGTGCGGATACAGCCGCGACCGTACCAGATAGAGGCTATCCAGGCCGTAAAAAACGCTCGGGACGACGGCGTCACCCGCCAGCTTCTGAGCGTCCCCACGGGCAGCGGCAAGACGATCATTTTCTCGCTGTTGATCCGAGAGATGAACACAAAAACGATCATCGTCGCCCATCGCGAAGAGCTGTTGCAGCAGGCCTGGGAGAAGATGAAGATGGTCTGCCCCGAAATCCCGGTGGGGCTGGTGCGCGGCAACCGCGACGAATATGACGCACAGGTGGTCATCTGTTCCGTCCAGACGGCGACGAGGCCCAATCGTCTGGCGGAGCTGCGACGGCGTGGCTTCAGTCTCATGATCATCGACGAGGCGCACCATGCGGCAGCCGAGAGTTACAAGAGGCTCGTGGCCGATCTGGGGTTCGCCGGCGATGATCCCACGAAGCTTTTGGTCGGCGTCACCGCTACGGCCTTCAGGGGTGACGGCAAGGCCTTGGGCGACGTTTTCCAGGAAGTGGTTTTCGAACGAACGATCATGAGCATGATCCGCGGTGGATATCTCACCGACGCTGTCGGTCTGTCCGTGTCTACCGATGTCGACCTTTCCGGCGTGCACAGCCGCATGGGAGATTTCGTAACCAACGAGCTGGCCGATGCCATCAACATCCCGGAGCGGAATAAGGTCATTGCCGAGAGCTATTTGGCCCATTCGGCGGACCGAAAGGCCGTGGCATTCTGCGCCGATGTCGAGCATGCCCGAGATCTTGCCGAGTCTTTTCGTAAGGAAGGCGTTCCCGCCGCCCCGATATGGGGTGACATGGATCGCAGCGCAAGGAAGCATTTGTTGCATATGTTCCACTTGGGCAATGTCAGAGTCCTGACGAATTGCGCGGTGTTGACGGAAGGCTTCGACGATCCCGCTATATCGGCAGTGTTGTTGGCCCGCCCGACGAAGAGCGCCGGACTCTACTGCCAGATGGTTGGCCGTGGCCTGCGGCTGTATCCGGGCAAGGAAGATTGCCTGGTGATGGATTTTGCCTGCAATACGGGCAAACACAGCCTTTGCAGCCTGTCCACCTTGGTTGGAGATGCAAACGTCAGGCCCAGGCAAGGGGAAACCCTGTGTGAGGCTGTAGATAGAGCCGAACTGGAGCGAGAGCAGGAAGAGCGGGGAGCGATCAATCTGGGCAAGGTCCACACGGCGCAGATCGATCTTTTCGAACGGTCGGCGTTTGTTTGGACCGAGGTGCCTGGCGGGCATTTCCGCCTTGCTGTGGAGGGCGCCGAGTACCTTTTTCTGAAATGTGTCGGGATTGATTCCTACGTCGTGGGGCTGGTCAAAAATGGCGCGTTGGACCACAAGCTCTCCGATCTTGCCTTGCCCCTCGGGTACGCCCAGGGTCTGGCTGAGGATTTCGTCCGGCAGCGGGGGTCGCTCCTGGCTCGTAAGAATGCCAAGTGGCGGAAGAACGAGGTGTCAGAGGGGCAACTGCGACTCCTCGATAAACTCGGAATTGCCTTCCGCCAAGGGATGACCAGGGGGGAAGCGTCCACGTTGATCGACAAGGAGATAGCCGCGCGTGACGTCTGGAAGATGGAGCCTGCGACTCCCAAACAAATGCAGTACCTCCGCAAGGTCGGGGTTGAAATTCCAGCAGGGATGACCAAGGGGGAGGCTGGAAGGATTATCTGTCGCTACAAAGCCAGGGAAGAGGCTGAGGCGCGGGCGCTGAAGGAAAAGGAGGAAGTGGCGTGACAAATCGACTCTCTATCGGCATCGATCCGGGGAAAGAGGGCGCTGTTGCCTTTGTTGATGCGGACACCTTGGCTCTGCTTTGGATAGGCGATTGCCCGACGCTCTCCTCCGGCGAGGGTGGGAAAAGGATATATGACGAGGCGGGGATGCTTGGTATCCTGCGCGCCCGTCTCGAGTATCTCGCCGAGGGGGGGCAGGCCATGTGCACCGTCGAACAGCAACAGGCCATGAGCCGATCCGGAATGAAGCAGGGGGTTGTCTCTACGGGGCAAACCTGCGAGTGGTATGGGTTTTGGCGAGGCCTCGTGATGGGACTCGGCATCCCGTGCTCGATTGTGAATCCCAGAAGATGGCAGGCGAAGCTTTTCAGGGGGCGCAGCATGAGCGGAGACACGAAATCGCGCAGTATCGCCAGAGCTGCGACGCTTTTCCCGGGGATTGAACTGACGCCTCCGCGTTGCCGTAAACCTCGAGACGGACGGGCCGACGCGGCGTTGATTGCCTATTACGGCGCCATGATCATGAACGGACGAGTCTGAACGATGAGGACACTCTCGCAACGACCGGAATCAGCGCTGCTGGCCAAAAAGGAGGAGCTTGAGCGCGAGGCCGAGAGATCCCCTCTCGGCTCGGTGAAAAAACGCAACCGGCGCTGGGTAGCGCAGATCGACGCCGAGCTGGTGCGGCGGGCCGAAGAATTGGAGCGAGCCCAGGGGCGGTTGCTGTGAAGATTCGGCTGGAGAGGTTGCGCCCACGGGAGAGACAGGTCCTTGCGTCTCTGCGGGTTACCGGGAGCTTGAAGGTCACGGCACAAAATCTGGGCCTGGCCGTGGGGACCGTTCGCGAGACGATGAAGTGGGTCAAGAAGCTGCTCGGCTTTTCGGGCATGCATTGGCGTCAGGCCTTGGACGCCATCGAGGAGGCGATCGAATGACGGTGGGCGAGGCCCGCAAGAACGACGGAGGAAAGCTCCGGTTCGACCTGATCCCGCCGGGGCCACTGAAGGATCTCGCCGTCGTCTACACCGTGGGGGCCACAAAATACGGCGACCGCAACTGGGAGAGGGGGCTGGCGTGGGGCCGCGTCTTCGCCGCCATTCAGCGTCACCTCTGGGCCTGGTGG
CP074691.1_gap29	1069693	1074466	4773	TGCTGACTCGCCGTGGGGATCTCGCCACGTTAGGGACCTTTCCTCTGCCTGTCCGCCGGCGGCATTCCGAATGCCTTTCACTCTTTCTCTCCCTGCCTGTGCGATAATGGGGAAAAAGGCGATTTCCAGGTAGATGCGAAAGGAGTGTTGTGACCTTTGAGCCGCTACGTTCTGAGCGTTCCCGACATGGCCTGCCATCACTGCGTGGCCCGAATCACGAAAACGCTGGAGAAAGAGGGACTGCCGACGTTCAAGGTCCTTCTGGACGACAAGACCGTCGACGTCGAGACGGAGGCCCTCGACGCCCTTCTCGGCGCCCTCGACGATGCCGGTTATCCCGCCTCCGTCAAGGAAGGGCCGATCTGACGAAGGGAGACCATGAAAAAGGGGAGTCCGGGGCGTCCCGGCTCCCCTTTTTTCTTTCGGGCCGAAAGGAACCTCTCCTGGTCCCTCAGGCGAAACCGGAAGAGGAGCTAGCCCAGGGCGACGTCGAGGATCATCATCATCGTGAAGCCCACCATGACGCCCAGGGTGGCCAGATCGCTGTTCCCCTTCTGCTGCGACTCGGGGATGACCTCCTCGACGACGACGTAGATCATGGCCCCGGCGGCGAAGGCCAGGGCAAAGGGGAGGATGGGACGGGAGAGGGTGACCAGGGCGGCGCCGATGACGGCGGCGAGGGGTTCGACGATACCCGACAGCTGGCCGTACCAGAAGCTCCTGCCCGCCCTGAGTCCGTCGCGGCGGAGAGGCATGGAGACGGCCATTCCCTCGGGGAAGTTCTGGATGCCGATGCCCAGGGCCAGGGCCACCGCCCCGGCCAGAGAGGCCGATGGAATGCCTGAGGCGACGGCGCCGAAGGCGACGCCGACGGCCATGCCTTCCGGGATGTTGTGGAGGGTGATGGCCAAAACGAGAAGCGTCGAACGCCGCCAGTCCGTGGGGATGCCTTCGGCCTCCGAGCGGGGCAGGCCGATGTGAAGATGGGGGACGACGAGATCGAGGAGCCTCAGAGCGGCCCCTCCGGCGAGAAAGCCCAGGGCGGAGGGGAGCCAGGGTATGAAGCCCATCTCCTCCGACATTTCAATGGCCGGAGCCAGAAGGGACCAGTAGCTGGCGGCGATCATGACGCCGGCGGCGAAGCCCAGCATGACGTCGAGGAGCTTCTGGCTCGGGTCGCGGCGCAGAAAGACCGTTGCCGCTCCCAGTGCCGTCATGGCCCAGGTGAAGAGGGTGCCCAGAAGGGCCTGTAGGGTCGGGTGGAGCTGGGCGATGAAGTCCATAGTCTCTCTCCTTTTTTGTGTCCCTGAAGGACCGGTCCCTCTTTCGGCGAGGGGGGCGTCCTTTGCCCATTGTAGCTTTCTTTTTGGACTCCGCAAACTGGTATGATTTTTATTTTTGCGGTTCGAGCCCTGTCGGCTCCAGCCGCTCTGTGCTATGATTCTGCCGTGGGGGAAGGGATCTTAACTTTTTTCATCGAGGAGGTTGACCATGACCCGATTCCCAAGGAACGACGGCGGCGATGTCTCCGTTGTCGTCTGTGGCGCCGCAGGGCAGGGCATTCAGACGGTGGAGGATCTGCTCGTCCATGTCCTTCGTGGTGAAGGGTATCATGTCTTCGGCAGTCGGGAGTACATGTCCCGCGTCCGAGGCGGCAGCAACTCGACGGAAATCCGCGTCTCCTCCAGGCCCGTGCGGGCCCTCGTCGACCGAATCGACCTTCTGATTCCCCTCGACGGTGCCGTCAGGACCAATATCCGAGAGCGCATCGACGGAGAAACGATCATCATCGGTGACGGAACGGAGCTGGGTTCGGAGTTCGGCGGCTACGAGGAGCAGTTCGTCAGCGCTCCCCTCCTGGCGGAGGCTCGCCAGGCCGGAGGGAAAGTCTATGCCAGCGTCGTCGCCGCCGGTCTTCTGGCTGGCCTTTTCGATGTCTCGACGGAGCCCGTCGAGGACTACTTCGTCAGGCGTTTCAGTTCCAAGGGCGACGCCGTCGTCGAACAGAACCGTCAGGCCCTGAGCCGAGGGCTGGCCCTCGCCGCCGGTCTCCGAAAAGAGGGGCGCTTCTCCATCGACGTCAAGCCCCGGAAAGGCGCGAAACGCGTCGCCGTCAACGGCAACGACGCCGTCTGCATCGGGGCCCTGGCCGGTGGTTGCGACATGGTCACGGCCTATCCCATGTCGCCGGCGGCAGGTGTCCTCTCCTTCATGGCCCAGAGGGCCCGCGACTTCGGTCTCGTCGTCGAACAGGTCGAGGACGAGATCGCCGCCGTCAATTGGGCCGTCGGCGGCGCCTACGCCGGGGCGAGACCTCTGGTGACCACCTCGGGGGGCGGCTTTGCCCTCATGACGGAGGGACTCAGCCTGGCCGGAGTCATGGAGGCTCCCATCGTGATCCACCTGGCCCAGCGTCCCGGTCCGGCGACGGGCATGGCGACGAGGACGGAACAGGCCGATCTCGAGCTGGCCCTCTATGGCGGCCATGGCGAGTTTCCCCGCATGCTTTTCGCCCCGGGCACGATCGAGGAGGCCTTTTCCCTGACGCGGCGGGCCTTCGACCTGGCCGCCCGTCTCCAGTCTCCGGCCATCGTCCTCACCGACCAGTACTTTGTCAATTCCTTCTACGACCTTCCTCCCTTCGATGTCGGAGAGAGTCTGCCCGATAAACACCTCGTTCCGGCCGGGACCGGTTATCGCCGCTACGAGGAGAGCCCCGACGGAATCTCGCCCCGGGCCGTTCCCGGCTTCGGCCCCGGCCTCGTCGGTGCCGACAGCCACGAGCACGATGAGGTGGGCCACGTCTACGAGGATTTCCACCTTCGCCGGCGCATGAACGACAAGCGCCTGCGCAAGTTTCAGGCCCTTCTGGCCGAGACAGTGGCGCCCACGCTTGTCGGTCCCGAAGACTACGACACGCTCATCCTCTGCTGGGGATCGACGCGGCTCATCGTCGAAGAGGCCCTGGCCGAGCTGGGGCGTCCCGGTCTGGCCATGGCTCACTTCGGCCAGGTCTGGCCCCTCCACCCTTCGACGGCCGGCCTCCTGAGTCGGGCCCGACGTCTCGTCTCCGTCGAGGGGAACGCCACCGCGCAGCTGGCCAGACTGATCCGTCAGACGACGGGCATCGAGGTGAGGGATCACCTGCTCAACTACTCGGGGCTCCAGTTCTCCGTCGAGCAGGTCCGTGACGGGCTCAAGGGCCTTTTGAGCTGAGGGGAGGCACGACGATGGCCAACGTTTTCGATCTGGAAAATATCGAGATCTCCTGGTGTCCCGGCTGCGGCGATTTCCCCATCCTGGAATCGCTCAAGAGGGCTCTGGCCGAACTGGAGCTGACGCCCGACAGGGTCGTCTTCGTCTCCGGCATCGGCCAGGCGGCCAAACTGCCTCACTACATCAAGGGACACTTCTTCAACGGCCTCCACGGCCGGGCCCTCTCCAACGCCACGGCCATCAAGGCCGCCAATCCCTCGCTGAAGGTCATCGCCATCGGCGGAGACGGCGACATGTACGGCGAGGGAGGCAATCACTTTCTCCACACGATCCGCCGCAACCCCGATATCACCAACTTCGTCCATAACAACATGGTCTACGGCCTCACGAAGGGACAGGCCTCGCCGACGAGCCAGGTGGGCTTCAAGACGCCCGTCCAGGTCGAGGGCGTCTTCTCGACGCCCGTCAATCCCGTCGCTCTGGCCCTTGTCCAGGGGGCGTCCTTCGTGGCCCGGGCCTTCGCCGGAGACATCGACAGGACGAAGGAGATCATGAAGGAGGCCCTCTCCTTCAAGGGCTACGCCCTCGTCGACATCCTCCAGCCCTGCGTCTCCTTCAACAAAGTCAACACCTACGCCTGGTTCAAGGAGCGCGTCTACTATCTCGACGGGGATCACGACGAGGCCGATCGCATGAAGGCCCTGGAGAGGGCCCTCGAACCCGATCGGTTCGCCCTGGGCGTCCTCTTCCGCCGAGAGCGCCCCTCTTTCGAGACCTCCCTCCCTCCCTATGACGGCGACGACCGCCCTCTCTACGCTCGCTCCGTCGATCTCGGGAAGCTCGACCGTCTCATCCAATCCCTGTAAAGTGCCGAAGGAGGCAACGATCATGTCCGAAAGAAAGCCCATCGAAGTGGGGAGCTTCGTCCCCGATTTCACCCTCAAGAATCAGCACGGCAACGAGGTCTCCCTCGCCTCCCTGAAGGGGAGGAACGTCATCCTCTCCTTTCACCCCCTGGCCTGGACGCCGGTCTGCCGCGACCAGATGAAGGAGCTCGACCTCAACTTCGATCTTTTCGTGTCGATGAACACCGTTCCCCTGGGCTTCAGTGTCGACTCCCTGCCCTGCAAGACGGCCTGGGCCGAGGCCATCGGTCTCGAGAGCCTTCAGATCCTCTCCGACTTCTGGCCCCACGGCGCCGTCGCCCAGTCTCTGGGGCTCTTTCGCGATTCTCACGGCATCTCCGAAAGGGCCAACGTCATCGTTAACGGCGAAGGCGTCGTCGTCTTCGTCAAGGTCTACCCCATCAGGCAACTTCCCGACATCGAGGAGATCGTCGCCTTCGTCAGGGAGTACACGGGCACGGAGGTCAGCGGTGACGTCGAGGTCCAGCACTGCATGAAGACCGAGACGGGAACGACCTGCATCGATGACGGCCGCAATCGGGGCATCAACGCCACGGGAAAGTAGTGTCGACGCGACGCTCGCCGGGAGGTTATCGTCCATTGAAGGAGGGGATGTCCATGAGGTTCACGATCACCGCGGCTCTTCTTCTCC
CP074691.1_gap30	1089186	1093898	4712	GTCGCCTTGTGCAGGAGAGTCTGGCAAACCTTTAGGCAGGCCTGTTTTTCCCGGGGCCGGACGGATTTCCCTCGTCCGGCCCCGGTTCTTGACAGGAGGGAGGTGCCCTGATTGCGTTGTCCCCGTTGCGATGCCCTCGAGACGCGCGTCATCGAGACGCGGATGGCCAACGACGGCCGCGTCGTTCGCCGCCGTCGCGAATGCCCCTGCTGCGAGGCCCGCTTCACGACCTACGAGCGCCTTGAGGAGTGGCAGACCCTCTGCGTCATCAAGAAGGACGGTCGCCGCGAGGCCTTCGACGCCGACAAACTCCTTCATGGCCTCTGCCGTGCCTGTGAGAAGCTGCCTGTCCCCCTCGATCGCCTCGAGGAGGCCGTCGACCACATCGAGACGAAAGTCCGCGATCTGGGCCAGCTCGAAGTCGCCGCCTCCCTCCTGGGCGACCTGGCCATGGAGGAGCTTCGCAAAATCCATCAGGTCGCCTATGTGCGTTTCGCCTCCGTTTATCGGGAGTTCACCGACCTGTCCAACTTTGCCTCCGAAATCGCCCGTCTTTGCGATACCCTCTCCGACTCGAAGGGGAGGATGAAGGAGGGGGAGTCCTGCGAGGAAACCGGAGACGCGAAAAGAAACGGTTCTCAAAGTCGCGATCCTTTTGTATAATTGACCCACCATTTCTGATCGGATCGGGAGGGATCGAACGGTGAAGAAATTCGCGATTTGTCTGGCTCTTGTGGTGGTCCTCGGTCTTGCCGGGGCGGCTCTTGCCGAAGAGCCCATTCGCATCGGCGTCTACCTGCCCCTGACGGGACAGAACGCCTTCGGTGGGCAGCTCGAGCGCGACGGCATTCTCATGGGCAACAAGGAAAAGCCCGAGGTCCTGGGCCGAAAGATCGAAGTCATCGTCGTCGACAACAAGTCCGACAAGGTCGAGGCGGCCAACGCCGTCGTCCGCCTCATCGAGAAGGAGAAGGTCCATGCCATCCTCGGCACCTACGGCTCCTCCCTGGCCATGGCCGGAGGCGAAGTCTCGGAGAAGGCCGGCATTCCCGTTCTCGGCACCTCCTGCACCAACCCGCTCGTCACCCAGGGCAAGAAGTACTACTTCCGAGCCTGCTACATCGATCCTCTCCAGGGGTCGGCCGCGGCCAAGTTCGCCATGGATGTCCTCGGCGCCAAGCAGGCCGCCGTTCTAAAGGATGTGGCCCAGGACTACTCCGTCGGTCTCTCTGCCTATTTCAAGCGCGCCTTCGAGGCCGCCGGCGGCCAGGTCGTCTCCGATCTCAACTACCAGTCGGGCGACCAGGACTTCACGGCCCAGCTGACGACCATCATCGGCCAGGGCGCCGAGGTCCTCTTCATCCCCTCTTACTTCGCCGAGGGCGCCATCATCATCAAGCAGGCCCGCGAGCTGGGCGGCACCTTCCACATCATGGGCGCCGACGCCATGGACAATCCCGACATGATCACCATCGGCGGCAAGGACATCGAGGGGTTCGTCTACTCCACCTTCCCCTATGCCCCCGACATGCCCGGCATGAGCGAGATGGCCAAGACCTTCACGGAGAACTGGAAAGTCCAGTTCCCCGACAAGGACCCCAACGCCAACTCGGCCATCGGCTATGACTCCTACATGCTCCTCGTCGACGCCATCGAGCGGGCCGGAAGCACCGACCCCGAGGCCATCACCAAGGCCCTGGCCGAGACGATGAACTGGGAGGGCGTGACGGGATCGACGACGATCAACGAGACTCACGACGCCGTCAAGCCCGTCGGGTTCAAGAGGGTCGAAGGGGGCAAGCAGGTCTACGTCGGCTCCGTCATACCCGAGATGTAGTTCCCTGTCCTTCAGGTTTGAAGCGTCTGAGGGGGAGGTCCGTCCTCCCCCTCCTTTCTTGCGAGGAGGGCTCTCATGAGCGTCGAGATGTTCATCCAGCACTTCCTGAACGCGCTCACCCTGGGGAGTCTCTACGGCCTGATCGCCATCGGCTACACCATGGTCTACGGCATCCTGAGGCTCATCAACTTCGCCCACGGCGACATCTTCATGCTGGGGGCCTATTTCGTCTTCTGGGGAGGAAGCCTCTTCAAGCTCCCCTGGATCGTCTCCGTTGTCCTTGCCATCGGCGTCACCTCCCTCTGCGGCATTCTCGTCGACAGAGCCGCCTATCGCCCCCTGCGGGAGGCTCCGCGCATCTCGGCCCTCATCAGCTCCATCGGCGTCTCCTTCCTCATCCAGAACCTGAGCATCGTCACCTTTTCGGCCATTCCCCGCGCCGTCCACGTTCCCCAGTGGCTCGGCCAGGTCCACGTCATCGGCAAGGTCCGCCTTCTTCCCCTGGCCCTCGTCGTCCCTTCCGTCTCCCTCCTCCTCACGTCGGGGCTTCTCTGGATCGTCTACCGCACCAAGCCGGGATTAGCCATGCGGGCCATCTCGAAGGACATCGAGACGACGCGCCTCATGGGCGTCCCCGTCAACCGCATCATCGCCCTCACCTTCGGCCTCGGATCGGCTTTGGCCGCCGCCTCGGGCATCATGTGGGCCCTCCGTTATCCCCAGATCAACCCCTTCATGGGCACCATTCCGGGATTCAAGGCCTTCATCGCCGCCGTTCTGGGTGGCATCGGCTCCATTCAGGGCGCCGTCCTGGGCGGCCTGCTCCTGGGTTTCATCGAGATCATGATCATCGCCTTCTTCCCTGCCCTGTCGGGCTACCGCGACGCCTTCGCCTTCGTGCTCCTCATCGTCATCCTTCTCATCAGGCCCTCGGGACTGATGGGTGAGAAACTGGAGGAAAAGGTCTGATGGCTGCCGATAAAAAGACGTTCCTCAACCTGGCCTCTGTGGTCCTCCTGGGACTCTTCCTCTGGTGGGCCCAGGGCCATCTCGACGGGTACAAGATCCAGATCTTGAACCTCGTGGCCATCAACATCATCCTGGCCCTCAGCCTCAACCTCATCTACGGCTTCACGGGCCTCTTCTCCCTGGGTCATGCCGGTTTCATGGCCATCGGGGCCTATGTGAGCTCCCTGCTGATCCTGCCCGCCGCGCAGAAGGCGACGATCTTCCTTCTCGAGCCCCTGGTCTGGCCTCTGTCCGTGCTCCAGGCTCCCTTCTTTGTCGCCGTCCTGGCCGGTGGGATCGCCGCGGCCCTGTTCGGATTTCTCATCAGCTTCCCCGTCCTGCGCCTGGGCGGCGACTATCTGGGCATCGCCACCCTGGGATTCGCCGAGATCGTCCGCGTCGTGGGCAACAACCTCTCGGGGATCACCAACGGCGCTCTGGGACTCAAAGGGATCCCCAACTACGCCAACATCGGCTGGAACTACGGCTGGTGTCTTTTCACCCTCTATTTCATCGCCCGCCTCGTCAACAGCAACTTCGGCAACGTCCTCAAGGCCATCCGCGACGACGAAACGGCGGCCCGGGCCATGGGCATCGACGTCCTGCGATGTAAGGTCGTCTCCTTCACCATCGGCGCCTTCTTCGCCGGCGTCGGCGGCGCCCTCCTCGCCAGTCTCCTGACCACGATCGATCCCAAGATGTTCCTCTTCCTTCTCACCTTCAACGTCCTCATGATCGTCGTCGCCGGAGGGCTGGGTTCGCTCTCGGGGACGGTCATCTCCGGCATCGTCATCACCGTCCTCCTCGAGTGGCTCCGCTTCGTCGAAAACCCCGTCACCATCGGCTCCCTCTCCATACCGGGCATTCCCGGCATGAGGATGGTCCTCTTCTCTCTGGCCCTGCTTTTCATCATCCTCTTCCGCCGCGAGGGGATCATGGGGATGAAGGAGATCACCTGGGACGGGCTGGCCTGCGCCTGCAGGAGGAAAGGAGGCGACGACCGTGACTGAGCGGGAGACGGCTCTTCAGACGCAGGGGGTCACGATGCGCTTCGGCGGACTGACGGCTCTTCACGACTTCTCGATCCGCGTCTTCCGCGGCGACATCGTCGGCCTCATCGGCCCCAACGGGGCGGGCAAGACGACCTGTTTCAACGTCATGACCGGTTTTTACCGGCCCACGGAAGGGAAGGTCCTCTTCGAGGGTAGGGATCTGACCGGCATGGGGCCCCATCAGGTCTGTCGCGCCGGCATCGCCCGAACCTTTCAGAACATCCGCCTCTTCGCCAACGAGACGGTCCTTCAGAACGTCATGATCGGTTGCCACGTCCGCCACCCCCTTCACTGGTGGGAGGCTCCCCTTCACTTCGGCCCCGTCGCGGCCAAGGAACGGGCCATCCGCGACAGGGCCATGGCCCTTCTGGAGGAGGTCGAACTGGCTCATCTGGCCGGCGAGTGCGCCGCCTCCCTTCCCTACGGGGCCCAGCGACGCCTCGAGATCGCCCGGGCCCTGGCCACGGAGCCCCGCTTCCTCCTCCTCGACGAGCCGGCGGCGGGCATGAACCCTCAGGAATCGCAGAAACTCCTGGCCTTCATCCGTCACGTTCGGGAACGGTTCAACGTGACCATCATGCTCATCGAACACGACATGAAGGTCGTCATGGGTGTCTGCGAGCACATCTGGGTCCTCGACTACGGCGTTCTCATCGCCCAGGGAACCCCGAAGGAGATCCAGGCCAACCCCCGCGTCATCGAGGCCTATCTGGGAGAGGAGGCCGTCGCCGATGCTTAAGGTGGAGAATCTCAATGTCTTCTACGGCGGCATTCATGCCCTGAAGGACGTCTCCATCGACGTTCCCCGCGGCAAG
CP074691.1_gap31	1096971	1100348	3377	ACGGCCTTGATCCCCTCCGCCTCCGTCGCCGAGAAGGCCTCCCCTGCCTTGAAGACGTTGGCGAACCAGGCCGTGTCGCTGCCGAAACCGTAGGCGGAGACCCAGCCCAGGGGGTCGTACTGGTAGATCCGGCTGTAGTTGGAGGCGTCGGCGCCGGTGAAGACGACGGACTGACTGATGGTGGGATCGGCGTAGGAGAGCCAGAAGTAGCCCTCGTCGCCCCAGCCCGTTCCCCAGCTGTTCTTGACGAGCCAGGCGCCGTCGCTGCCGGGACGGACGACGAAGTTGGCGGCGGGATAGGCGTCGTCCCAGCCGATGATGGCCACGACGTGACCGCCTCCGGTGGCGGCGGCGTTGTGGAAGGCGTGCGTCGTCGGGTTGTAGACATCGGTCTCGTCGAAGGGCCAGACGATGCGGATATGGACGGCTCCCTGCGCCATGAGGGATGCCTTGACCCTGTCGGCGCCGGAGAAGGCGCCGCTCATCGAGAGAAAATGGACCTGCTCCAGATGCTTGGCCACGGGGTCCGACGCCGAGGGGAGTTCGCCGTTGTAGGGTCTGTCGCTCTCGTGGACCGCTCCCGTCCAGCGGGAGAGGAGGGCTGTCGAGATCCAGGGATTGCCTCCCTGGTCGAAGATGGGGTCGCTGCCGAAGCCGGGGTCGCTTTGAGTGAAGGCCGGTCTTGCGGCGCTCTCGTCGACGTAGGCGAAATAGGCCAGGTGCCACTCGGAGAGGTCGAAGGTGCCCTCTCCGGCCTTCCTGAAGGTCGATTCGAGGGAGGCCATGGCGCCGAAGGCCCAGCAGGTGCCGTAGGGGTTCTGGTCGCGGATGTCGGTGACGGCGCCCTCGACGCGCAGATCGTAGGAGGCGGGAAGGTCCGCCGCCGAGGCGAGGTCGATCTCCGGGGCGGTGACGTGGGAGAGATCGAGAGGGGAGGGGCGGTACCCCAAAGGCCTTGTGTCGGGAAGGGCCGTCTGCGGCGATGAGCCGGACCGCTCCTGGCTGTATCGGAGGTATTCCGAGTCGAGGGGGGCCCTCTGCCCCACGGCGGCGAAGGAACCGGCAGCTACGGCGACGGAGGTGAAAAGGACGAGGGCAAAGAGGGCGAGACGGAGACGACGGTGATTCATGAACGGACACATCCTCTCTCGTGAAGAGATTTCTCGTCGGATCCGGAACCGTCGGGCTCCCGATACTCTGCACTGGAAGAGGGGCAGGGAACGAGGCGGAGGCGATCCTCCTGTGACTCTTTAACTGTATCCTGCAAATGGAACTGCTGTCAAACGGCGCGAGGTCTTTCCCGGAGGTTTCGCCAGAGCGTGATCTCCATGGCGGCCACGGCGACGACGAGGCCGATGCCGACGCCGCGCAGAACGAAGCCGTAGCCGAAACGTCCCGCGAGGGCGGAGACGCAGAGGGGAGCCACGGCCCAGGAGAGGTCGACGGCCGTGCCGAAAAGGGTGAAGATTTCCGTGTACTCCTCCTGCGGCGTCCGAGCCGAGAGAAGGGCGTAGAGAAGGGGGAAGGTGAGGCCCATTCCGACGCCGTGGAGGGTCCCGCCGACGATGAAGGCCGCCGTGGAGGCGCCCCAGGTCGCGACGAGGGCACCCAGAGCCAGGGTGCTGAAGGCCGGAAGGAGCAGTTTCGCCCCCCTGCTGTCGACGAGATGGCCCAGGAGAAAGCGGACGGCCAAGGCGGCCAGTCCGCTCGAGAAGAGGAAGGCCGATCCCGTCGTCGTCCATTCTCGGGCGGCGTTGGCGATGAAAGGCATGATCGGCGCCGCTCCCAGGGCGAAAAGGGTCCCCGAAAGGAGAATCGTCCTCAGATCGGGCCGGTTCCAGGCCGGAGCGAGGGCCTTCAGGAAGGAACGCCCTTCCCGGGCCTCGAGCCCCTTTTCCCTGAGAAGGCCTGTGAGGCCGAGGGCCAGGAGGCAGCAGGCGAGGCCGACGGCGAGAGGGATCCGGGGGAACCCCTCGAGAACGAGGCCTTCGGCGGGAGGGATGAGAAGGATCTGGGGGATGAGGGGGGAGAGTCCCGAAAGGCCGAAGCCCCGGCCGCGGAGGTTTTCCGGGAGGATGCGGGCCAGATGGAGAGGATTGGCCACGGAAAAAAGCCCCCACCCCAGTCCCTGTAGGGCCCTGCCGAGGAGCATGAGCGGGAGGGGAGGCAGCGCGACGAGCAGGGCGATGGCACCTGCCATGAGAAAGGCCCCGAGGGCCATTCCCGCCCTTGTGCCCCTTCGGGCCAGGAAGGAGCGGTTCCAGGGGCGCCCCGCCAGAAGGGCCACCTCGAAGGTGATCCAGACGAGGCCCACCGTCGGAGCCGACCAGCCCCTGAGGGTCAGGACGAGGGGGTAGAGGAAAAAGAGGGCGATGGAGACGTAGGCCGTCATGTTGACGGCGAAGGCGACGTGGAATTCGCGGGGCAGCGCTCTCATGGAAAGGCTCCTCTCTCGGGGGTGGCGACGGGTCCATTGTAGAGGGCTGGCCGTACGGCGCAAGTGGCGGAGGCGATCTTTCTCCTCGGGCGGAAGGCCCTCCGGCGGGAGGCTAAGAGGAAAAATCGGGCGGAGGGCGATAGTTTTTGACGCTCCCGGCGCGGGAAGCCTATAATGGATCGAATCGACTCGAGAAATCACGGCTGACCGGCCGATAGTCATGAGGTGACCTCTATGTTCCAATCCCTGAAGAAAGCTCTGGGGCTCGATCCCAACGATCGGGTCCTGAAACGGTACAGCGGGCTTGTCGAACGCGTCAACGCCCTCGAGGCGACGATGGAGCCCCTTCCCGACGACGAACTGGCCGCCCTCGGCGGCGCCTTCCGATCCCGCCACGAGGCGGGAGAGAGCCTGGACGACCTTCTGCCCGAGGTCTTCGCCGCCGTCCGCGAGGCCTCGCGGCGCGTCATGGCCATGCGTCATTTCGACGTGCAGCTCATGGGGGCCATGGCCCTCCACGAGGGGAAGATCGCCGAGATGCGCACCGGCGAGGGCAAGACCCTCGTGGCGACTCTGGCCGTGGCCCTCAACGCCCTCTCCGGCAAAGGGGTCCATCTCGTCACCGTCAACGACTACCTGGCCCGACGCGACGCCCAGTGGATGGGGCCCCTCTACCGTTTCTTCGGCCTCTCCGTGGGCGTCATCTATGCCTTCATGCCCCCCGAGGAACGGACGGCGGCCTATCGCTGCGACATCACCTACGGAACCAACAGCGAGTTCGGCTTCGACTACCTCCGCGACAACATGACGATCCATCCCAGCCAGCTCGTCCAGAGGGAGCCCAATTTCTGCATCGTCGACGAGGTGGACTCGATCCTCATCGACGAGGCCCGGACGCCTCTCATCATCTCCGGCCCCTCGGAGGACTCGACGGAGCCCT
CP074691.1_gap32	1115566	1116080	514	AAATCCTTTCCCTCGTCGGAGAATCCTGGAGCTCCGGCGGGGCCCCCGTCGACGTCACGCTCGAGACGCTGCGCTATAATGCTTTCGGGGCCGACGTCGTCGGCGCCGCCCCTGACGTCAGGGACATCGAGGGCCTTCAGGCCCGCCTGAAGACGCAGGGACTGGATTCGCGACTGGGCGACATTCAGCAGACTCCGGGGGGGAAGCTGCGCTTCTCCCTCTCTCTGAGGTGGGAACAGCCATGAGTGCCCTGGAACGTCATCTGCGCAAAGGCTTCGACTGGCTCCGGACCGACAGACAGGCCCGGAGATCGTTCCTTTTTCTGCTTCTGGGAGCGGTCCTCTGGGTGACGGCCATCAGCCTCTGGGGAGAGGCCGGCGATCTCAGGAGCCGCATGATCCTTCAGGAGGATCGCTTCCGCCGTCTGGCCCAGGTCGTCCGGAGCTACCGCAACCAGCCCCGACAGGAGACGAAAAAGGCTCCCTCCGGCGACATCCTCTCGATCCTCTCGTCC
CP074691.1_gap33	1149575	1151134	1559	ATGAGGTGAGGGATCGCCATGCCCTTCCTCTTTCTCTAGGCGGAAGGATCGTGGGCTGCGTCCGTCAGGGCCACGACGTCGACGAGTGCCTCGAGGCCTATGTCCTCCTGGAGAACCTGGCCTGCAAGGCCGGAGGCGTCCTGGCCCTTCTGCATCTCTTGAAGAACGCCGCGATGGCTCCCGAGGAGGTCCATTACGTCATCGAGTGCTCCGAGGAGGCGGCGGGAGACATGAACCAGCGAGGCGGAGGGAACTTCGCCAAGGCCGTCGCCGAGATCGCCGGCTGCGTCAACGCCAGCGGCATGGACGTCCGGGGCTTCTGTGCCGGTCCCGTCAACGCCGTCATCGCCGGGGCCTCTCTCGTTGCCGCCGGAGCTCAGCCCAACTGCGTCGTCCTCGGCGGCGGAGCCGTTCCCAAGCTTTTCATGAACGCCAAGGACCATGTCCGCAAGGGGCTGCCGGCCCTCGAGGACGTCCTGGGCAATTTCGCCCTTCTCCTCGTCGCCGACGACGGAACGATGCCCGTCATCCGCCTCGACGCCCTGGGCAAACATACCGTCGGGGCCGGAGCCTCGCCTCAGGCCGTGACGACGGCCCTGGTCCTGGAGCCCCTTCAGAAGGTGGGCCTTTCTTTCGCCGACGTGGACCGCTATGCCGCCGAGCTTCACAACGCCGAAGTGACTCTGCCCGCAGGGGCCGGCGACGTGCCCCTGGCCAACGCCAAGATGATCGCCGCCCTGGCCGTCATGAAGGGGCAGCTCGAGAAGGCCGACATGATGGATTTCGTCGCCCGGCGGGGGCTGATCGGCTTCGCCCCCACTCAGGGCCATATCCCTTCGGGCGTCCCCTTCCTGGGCCATGCCTGTGACGCCATCTCGGCCGGAACGATGAGGCGGGCCATGATCATCGGCAAGGGAAGTCTCTTCCTGGCTCGCCTGACCAACCTGGCCGACGGGGCTTCTTTCCTCGTCGAGGCCGGTCGTCCCAAGGAGGTCGCCGCTCGGGGCCTCGACCGTGAGGCGGTGCGACAGATGATCCTCGAGGCCCTGGGCGATGTGGCCCGGGCCCTCAAGGGCGACTGAGGCGGTGATGAGAGTGAGCGGACCGTCTCGCCTCGTCGGCGAGCTTCTGGAGGAGATCCTCTCTCAGGGGGCCGGCCCGGCTCCGACGAAGATCGGCCTCATGGCCTACGGCAGCGAACTGGGGGCGGCCGAAATCGTCGCCGGAGCCCGCCTCGCCCAGGAGAGCCGGGATCTCCAGGTCCTTCCCATCGGTCCCCAGGTGCCTGAGGGAGAGGGCCTGGACTGGATCGAGACCGACGGCTGCGAGGCCGACGTCGTGGCCGCCATGGAAGGAGCCCTTGCGGAAGGGCGCATCGACGGGGCCGTGGCCCTCCATTACCCCTTCCCGCTGGGGGTGGCCACCGTGGGCCGCGTCGTCGTCCCCGCCGACGGGCGGGATCTTCTCGTCGCCACCTCGACGGGCGCCTCGGCGACGGACCGCGTCGAGGCCATGGTGAAAAACGCCCTCCTCGCACGAGCCGTGGCGCGAAGCCTGGG
CP074691.1_gap34	1196800	1198299	1499	ATCGTCCTCTCCAAGCTCTTCGAGGAGTTCGTCGAGGAAAAGCTCATCCAGCCCACCTTCGTCCTCGGCCATCCGACGGAAATCTCCCCTCTGGCCAAGAGGAACCCAGACGAGCCCGATTTCACGAACCGCTTCGAGCTCTTCGTCTACGGCAAGGAAGTGGCCAACGCCTTCAGCGAGCTCAACGATCCCATCGATCAGAGGGGACGTTTCATGGATCAGCTCCAGAAGAAGGAGGCCGGGGACGACGAGGCCCACGCCTTCGACGAGGACTTCATCAACGCCCTCGAGTACGGTCTGCCTCCCACGGGTGGCCTGGGCATCGGCATCGACCGCCTCGTCATGTTCCTGACCAACTCCCGCTCCATCAGGGACGTCATCTTCTTTCCCACCATGCGCCCCCGAGACTAGGGGGAGACCGTGACCGTTCCGAGCCGCGGCGAGGCCTCCCGGAGGATCGCGATCCTCCGGGAGGAGCTGGCCCGCCACGAACACCTCTACTACGTCCTGGACAGGCCCGAGATCTCCGACGATGTCTATGATTCCCTCATGACCGAGCTTCTCGGGCTCGAAAGGGCCTGGCCCGACCTCGTCGAACCCGACTCGCCGACGCGCCGCGTCGGCGGCAGGCCCGTCGAGGGCTTCGAGAAGGTCGAACACGCCGCGCCCATGCTGAGCCTGGAAAACGGCTTCTCCGAGGAGGACGTCCGGGCCTTTCTGGCCCGCGTCGAGCGGACCCTGGGCCGCCTGCCTCCTCTGTCCGGCGAGCTCAAGATCGACGGCCTTGCCGTCTCCCTCCTCTACGAGGAGGGGCGTTTCGTCCGCGGCCTGACCCGCGGTGACGGCCGCTTCGGCGAGGACGTGACCTCCAACCTCAGGACGATCCGCTCCCTTCCCCTGCGCCTCCGCGAGGCTCTGCCGGGGCGGCTCGAAGTGAGGGGCGAGGTCTACATGAAAAAAGAGGACTTCGCCTCCCTCAACGCCGAGAGGGAGGAGGAGGAGCTCCCCCTTTTCGCCAACCCGCGCAACGCCGCCGCCGGGAGCCTGCGCCAGCTCGATCCGGCCGTGACGGCCTCGCGCCGCCTTTCGGTCTATCTCTACCAGATCGTCGAGGCCCCTCTTCAGGGTCTGACGAGCCAGAGCGCGGTCCTGGAGCGTCTCCGCGAGCTGGGTTTCCCCGTCCAGCCCGGTCACGCCCTCTGCCGCGACGGCGACGAGGCCCTGGCCTACCTGGAGCGGTGGAAAGAGGAACGCTTTTCCCTTCCCTACGTCACCGACGGCGCCGTCCTCAAGGTGGATGACATCGCCGCCTGGGAGACTCTGGGCGCGACGGCCAAGACGCCCCGCTGGGCCCTGGCCTTCAAGTATCCCCCGGAGGAGAAGAAGACGCGGATCAGGGAGATCATCGTCTCCGTGGGGCGCACCGGTGCCCTCACCCCCGTGGCCCTTCTCGATCCGGTCCCTCTCTCGGGCTCCGTCGTCCAGAGGGCCAGCCTTCA
CP074691.1_gap35	1298339	1299345	1006	TCCCGTCGAAGATTCTCGTCCGACGCTGTCATACCTTCCCCGGTCTCGACGATGGCTTTGTCCGCCTCGCCGTCCGATCGGAAGAGGAAAACGGCCGTTTTATCGAAGCCCTCGACGCTCTGTTCTGATATCTCCCGGGGAGATGAAGAAGGAGGAATCGCCATGCATCGTCTGTACGTCTACTCCTCGACGGGCAACAGTCTGGCACTGGCCGAAGGCCTGGGCCGGCGGCTCGGCGCCTGTGAGCTGATCAACATGGCCCGCCATCCGGAAAAGGAAGAACGGGCCTCGGGCGAGACGGTGGGGCTCGTCTTTCCCGTCCATGCCTTCGGTCTCCCGGTCGTCGTGCGCCGCTTCATGGAGCGGCTATCGACGGACGGAGCCTCCGTCTACCTGCTTCTGAACAGCGCCGGCATGCCTCTTGGCGCCTCGGCTCTGGCGGAAACGGTGCTCCGTCGACGGGGCCTCTCCGTCCGGGCTGCCTTTCATGTGACCATGGCCGGGAATTATCCGCCCCTCTCCAATCCCCCTTCGGGACGGCAGAGGCAGAACCTGGCCGACAGGGGAGAAAGAGCTCTCGACGCCGTTGCCGAGGCCGTCAGGGAGGGGCGCGAGGTCCCTCCTCCGTGGAGGGCGCTCCGTGCCCTCTCGGAGTTCATCAACGGCAAGGCCTTCGAGCGGGTCTCCGGCGAGGATCGCCGCTTCTTCGCCGACGGAAACTGCGTCGGCTGTGGCCTCTGCGCCGAACTCTGCCCCGTCGGCAACATCGTCCTCGAAGGAAAACGGCCTCGGTGGCTGCACCGCTGTGTGGGCTGCTTCGCCTGTTTCCACTGGTGTCCCCAGAAAGCCCTCCAGTACAACAGGAGCTCCTCGGCCGGGCGAAACCGCTACAACCATCCGGCCGTCTCTTTGGATCGCTACCGTCGATGGTGCCGGGAGTGAGGTCCTCAGTTCCCGGCCCTGGATCGAACGCCTCTCAGCCATCGTCCCGCCGCGGCGGCGAGGG
CP074691.1_gap36	1305434	1306385	951	GGGAACGGCCTGTGGCGCCTCGGGCCAGACGGAGGGCCGTCATCGTCGCCTCCGTTCCGGAGGTGACGAAACGTATCTTCTCCATGGAGGGGAAGGTGCGACGAATCGTCTCGGCCAGCTCCGTCTCGAGAGGCGACGGAGCGCCGAAAGAGATTCCTCTCTGTGCCCTTTCGCAGATGGCCCGGACCACCTGCGGATGGCTGTGACCGACGATGAGGGGCCCCCAGCTGCCGACGTAATCGACGTAGCGTTTCCCCTCGACGTCTTCCAGGTAGGCGCCCCGGCCTCCGACGAAGGAAAGAGGCGTGCCGCCGACGCCCTTCCAGGCCCTTACGGGGCTGTCGACGCCGCCGACGAGGACCGACGTGGCCCGCTCAAACGCTTCGATGTTATTCATGATCGATCTCCTTCTTGTCTTTTGTGATTTTTTCGAGTCCCGTCAAGGCTGCAGGGGAAAGTTTTTCAGAGGCCTTTTTCGATGATGCGTTCCAGACTTTCCACATCGAGGTTCCTTTCCAGGTGATCGGCCAGCCTGTCGTAGGCCTCGAGGCGCATCTCGTGCCCCGATCGGGCCCGGCCTGTCAGAGGCGTCAGACCCTTCCTCTCTCGAAGCCAGTTGACCAGGGCTCGCCGGAAGAGGGGATCATCGGCCAGGCCGTGGAGGTAGGTGCCGAAGATCTGGCCTTCCCGTGCCGTCGCTCCGTCGGCGATGTCGGTGGTCTCTTCGCCGCGCCGACGAAGACGCAGAGGCGGCGGCGAATCGGCGGAGGTGAGGCCCGAGTGGATTTCATAGCCTCGAATCGTCTGTCCCCTGATAGCGGAGAAGGGGCCGGGGGCGTCGTCGGCGACGCGGGCCTCGGCGGGAAAGGCGGCCTTCTGAGGGGAAAAAAAGGTCGTCGCCTCGAGAAGGCTCAGTCCCTGGGCCTCTCCCTCTTCTTCGACGCCGTCGAC
CP074691.1_gap37	1353904	1355809	1905	TCCTCGACCGGCTTCGTCGCGTCTGGCGGCTGTCCTGGGTCCACTACTACGGGCCCCTGAAGCCGATCCGATCGCTGGCCCTCTGCGGCGGCTCGGGCGCCGATCTTTATCTCGAAGCGTCGATCGGCGGCGCGGACCTTTTTGTGACGGCCGACGTGAAGTATCATCAGGTGGAGGCCATTCTGGCCGAAGGTCTTGCCCTTGCCGTCATCGATCACGGGGAGATGGAGCGCGTCTCCCTTCCCGCCCTTGCCCGGGGGTTGGCGTCCCGTATGGGCTGTGACGTCGCCGTCTCCGATGATCGCGCCCTTCCCGTCCCTTTCGGAACGGTGTTCCCTTTCTTTCATGACAGAGGTGATGGTTTATGAATCGTGTGTTCAGCGGTATGCGCCCCACGGGCAAGCTCCACATCGGTCATCTGGCCGGTGCCCTGACGAACTGGACCCGTCTTCAGGACGACTATGACTGCTACTACGGAATCGTCGACTGGCATGCTCTCATGTCGGATTACGCCGACACGAGTCGCCTCGGGGAAAATTGTCGGGAGGTGCTCCTCGATTGGCTCGGATCGGGAATCGATCCCGAGAGGAGTTCCATCTTCATCCAATCCCATGTCGTCGAGCACGCCGAACTGGCCCTCGCCCTGGGCATGATCACGCCTCTCGGATGGCTGGAGAGGTGTCCGACCTACAAGGAGCAGATCCTCAACCTTCAGAACAAGGATCTGGGGACCTACGCCTTTCTCGGCTATCCTGTCCTCATGGCGGCCGATATCCTTCTCTACCGGTCGGAGAAGGTCCCCGTCGGTGAAGATCAGTCGGCTCACCTGGAGATCACCAGAGAGATCGCCAGGCGCTTCAACTATTTCTACGGTCCCATCTTCCCGGAACCGGAGACGTTGCTGACGCCGACGCCCAAGGTTCCCGGCACGGATGGAAGAAAAATGAGCAAGTCCTACGGCAACAGCATCAACATTTCCGACGAACTGCCCGAGATCTGGCAGAAGATGCGGACGATGAAGACGGACCCGGCCAGAGAGAGGCGCTCCGATCCCGGAGATCCCGACAAGTGTCCCGTCTGGGACCTGCATCGCGTCTTCAACCCTGACGGGGGGGAGAGAGAGGAACTCGCTTCGGGCTGTCGCTCGGCCGCCATCGGCTGTATCGACTGCAAAAAGAGACTCTTCTCCCATGTCGAGCGTTATCTGGCTCCGATTCAGGAGCGGCGCCGTCACTACGAGGGGCGGCCGGAGCTGCTTGACGAGGTGCTCCGTCACGGTGCCGAAAAGGCCCGCAAGGTCGCCCGTGAGACGATGACGGCTGTCAGGGAGGCTCTGGGGCTTCTCCGGTGACCCCTTCGTTTGACGTCGATTTCGAGGGGTTTTCAGGTCCTCTCGATCTGCTCTGCCTCCTCGTCGAGACGAGGGAAATAGAGGCTTCCTCCGTTCCCCTGGGCGATGTCGTTCACCGCTATGCGGCTTTTCTGGTCCGTTCCCGCGAGGTCTCTCTCGCCAGGGCAGCCGAGTTCCTCTCTTTGGCGGCCCGTCTTCTCCTGGGTAAAGTGCAGGCCCTTTTCCCCAGACCTAAGGAGGAAATCCTCGACGAGAGAGACGACGGAGCCGACGAGGAGGCGTTGCGAGCCCTTCTGGAGCGTTATCGCCCTTACCGCAAGGCGGCCTCCTTTCTTTTCCGCCTTCAGGCTCAAAGGCAGAGGTCTTTCCTCCGTCCGCCCGAAGAAGGTCCCCCTCTCTATGATCTGGGCGATCTTTGGGGGCTTTCTCTGCTCTGGTGGCGGACCCTGGAGATCTTTCAGCGCCGTCAGGCCCAGGACGGATCGGGATCCTCCCGTCACGATGAAGGCTATGACGAGGGGATTCCCGAGGCGATCCCCGAGGAGGTCCAAGTC
CP074691.1_gap38	1380262	1384316	4054	GACCTTCAGTCCCGTTCGCTGGGAGGAATCGATGCTTCACCTGGGAACGCTCGGCGTCGACCGTTTCCTCGAGGTCGGTCCGGGAAGGGTCCTGAGCGGCTTGGCGAAGAAGTGCCTCAAAGGCGCGTCGACGGCGAATTTGGGCGATGTGGGCGACATCGAAGGTTCCCTTGCCTTCCTGAAAGAGGGTCAATAGAATGGGAGAGAACGGTCGCGTCGCTCTCGTCACGGGAGCGGGAAAGGGTATCGGTAGGGCCGTCGCCCTTGAATTGGCGGCACGTGGTTTTTCCGTCGCCGTCAACTACAACCGGTCCGAGAAGGAGGCCCAGGAGGTGGTCGCTGCCATCAGGGAGAAAGGCGTCTCGGCCTTCGCCTTCGGTGCCGATGTCTCTTCCGCCTCCGACGTGAAGAAGCTCTTCCTTGCCCTTTCGGAATCCCTCGGCCCCGTTTCCGTCCTGGTCAACAACTCCGGCGTCACCCGCGACGGTCTTCTCCTGAGGATGAAAGACGAGGATTGGCAGTCCGTTATCGACGTCAACCTGTCCTCCGTTTTCTACTGCAGTCGGGAAGCGTTGCGTTCGATGGCCAAGTCCCGCTGGGGGCGCATCATCAATATCGCTTCCGTCGTGGCCCTCTCCGGCAATGTGGGTCAGGCCAACTACACGGCGTCCAAGGCCGGCATCATCGGCTTCACCAAGACGGTGGCTCGTGAGTTCGGTCCCCGAGGCATCACGGCTAACGTCGTGGCTCCCGGTTTCATCGAGACCGACATGACGGGGCAACTTAAAGCGGAGATCCGCGAAAACCTTCTCAGCCAGGTTCCCCTCGGTCGTCCCGGAACGCCCGACGAGGTGGCTCATCTCGTCGCTTTTCTGGCCTCCGAGGAAGCGGCCTATGTCTCCGGACAGACCATCGCCGTAGACGGCGGCATGTCGATGCACTAGACAGACTCCCGTGAAGGAGGTGAAGAACGTGAAGATGGAAGAAATTCAGAAGCGCCTGAAGGATATCGTCATCGATCGCCTCGACGTCGAAGAGGAGCAGATCAAGGCCGATGCCTCCTTTGTCGAGGACCTTGGAGCCGACTCCCTCGATATCGTCGAGCTCATCATGGGCATCGAGGAGGAGTTCGATATCGAGATTCCCGATGAGGACGCCGAAAAGCTGACCAATGTCGAGGAAGCCATGAATTACGTCAAGAACAAGCTGGGGATCGAGGAGTAACCTTCCCCGCCCTTTCCGGGGCGCGGGAGCGATTCTCCTGCGCCCCGCCTTTCCGCCTGTCGCAAACCCGGGGAAAGCCCCGAACTGAAGGAGTGACTCGCTTGAAAAGAGTCGTCATCACCGGTCTGGGCGTGGTAAGCCCCATCGGTCACGGAAGAGAAAATTACTGGCAGGCTCTTAAAGAGGGGCGTAACGGCATCGGCCCCATCGAGATGTTCGACGCCACCGATTTCTCCGTCCGCATTTCCGGTGAAATTCGCGATTTCTCGGCAGAAGACTGGATGGAGAGAAAAGAGGCCAGGCGTTCCGATAGGGTCATTCAGTTCGCCGTCGCCGCTGCCGATCTGGCCGTGGCCGACGCCGGCCTTGACGTGAAGAGCCTCGATCCCTATAAATTCGGTGTCTACCTGGGAAGTGGAGAGGGCGGCATCACCACCAGTTTCGAGAACATGCGTGCCCTCATCCAGAAGGGCCCCTCCCGGGTCAGCCCCTTTTTCATTCCCATGATGATCAGCAACATGCCTGCGGCCTATGTGGGAATTCGCTTCGGAGCGAAAGGGCCCAACCTTGCCGTCGTCACGGCCTGCGCCACGGCGACGCACACCATGGGCGAGGCCTACTATGCCATCCTCCGCGGCGATGCCGACGTCATCCTGGCAGGAGGCGCCGAGGCGGCCATCACGCCCATCAGCACGGCCGGTTTTGCCGCCATGAAGGCCCTTTCGACGCGCAACGGCGACCCGGCTCACGCCTCTCGTCCTTTTGACGTCGACAGAGACGGCTTCGTCCTCGGCGAAGGCGCCGGAGTCCTCGTCTTCGAAGAGCTCGATCACGCCCTGAGGCGCAAGGCGACGATCTACGCCGAGGTCAAGGGCTACGGCTCCACCTGTGACGCCTATCACATCACCGCTCCCGATCCCGAGGGCGACGGCGCCTCCCGCGCCATGGCCCAGGCCGTGGAGAAGGCCGGTTGGCAGCTTTCCGACGTGGAGCTCATCAACGCCCACGGGACCTCGACGCCTCTCAACGACAAGATGGAATCGATGGCGATTCGCCGGCTTTTCGGCGACCTCGCCGACGCGATTCTCGTCAACTCGACGAAATCCATGATCGGTCACGCTCTCGGTGCGGCGGGGGCCGTCGAAAGCATCGCCGCCATCCAGTCTCTCGTCGAGGGTGTCATCCACCCGACGATCAACGTCGAGAACCTCGATCCCGAATGTCCTCTCAATATCGTCACGAAGACGATCGAGAATCACCCCGTCCGGCGCGTTCTCGTCAACAGTTTCGGTTTCGGCGGCCACAACGCCGTGCTTGCCCTGGAGGCCTACAGATCCTAGATGGAACCTTACCAAGGAGGACGCGGAACATCCCTTCGCCTTCTCCAGACCCGCCTCGGTTACGTCTTTCGCGATCCCTCGCTTCTCGACAGAGCCCTGACTCATTCGAGTTACGCCCATGAGTCAGGGCTTCCCTTTTTCAACGAGCGCCTGGAGTTTCTTGGCGATGCCGTTTTGGAGCTTGTCGTCTCCGAAGCCCTCTTTCAGGCCTATCCCGATTGGGACGAGGGGCGACTGACTCAGGAGAGGGCCTCCGTCGTCTGTGGTCGTTCTCTGGCCGAGTGGGGGCGTCTGCTCGATCTGTTGCCGACTCTTCGCCTCGGCAAGGGCCTGGAACTGCAGGGAGGCCGGGAAAAACTTTCTCCCGTCGCCGATGCCGTGGAAGCCCTTTTCGGCGCCGTCTACCTCGATGGAGGTCTCGACGAGGCGCGTCGAGTCATCGGCCGTCTCCTGTGGCAGCGAACGTCGCCATCGACGCTGGATCCCAAATCACGCCTACAGCAACAGTTGCAGGCCGAGGGGAAGGAGCTCCCTCTCTACCGTGTCGTTGCCGAAGAGGGGCCTCCTCACGAGAGGTTTTTTGTCGTCGAAGTCTGGCTGGAAGGAGATCTCTTGGGCATCGGCACCGGCCGCTCCCGCAAGGAAGGCGAGTTCGCTGCCGCTGAAAAGGCCTTGGAAGTTTTGGTGCAACCGGTTGCATCGAAACGCGAATCCTGATATGCTGGTTCCCGAAGAGAGATTTTCTCTCTGAGGAGGTGGCCGGCGTGAGATCTGTTGTAGGCGCTTTTGTCCATGAAACTGTCCGTTTTGCGGGGATCACGGCCTCCACCAAGGCCGCGGTCCTTTTTTTATGATGGGGAGGTTGGCGAAATGATGCTTCGTGAGAAGGCCAAAGTTCTTTCATCGGAGGAGATGGAGAGAGCTCTCAAGAGGATGGCCCATGAGATCGTCGAGAGGAATGGAGGTCTCGACAGGGTGGTGCTCGTGGGGATTCAGCGGCGCGGGGTCTTTCTGGGACGGCGGTTGATGGAGTACCTCCGGACCATCGAGGAGACGAAGCTCCCTTCTGGAGAGCTGGATATCACGCTCTACCGCGATGACCTGACGCTTCTCCACGATCAGCCCGTCGTCCACAGCACCTCCATCCCCGTCGACATCAACGGGATGAAAGTCGTCCTCGTCGACGACGTGATTTACACGGGTCGAACGATCAGGGCGGCCCTGGATGCCCTGATGGATATGGGCAGACCTCAGGCGGTGCAATTGGCCGTACTCATCGACAGAGGTCATCGGGAGCTTCCCATCCATCCCGATTATCAGGGGCGCCTGGTTCCGACGTCCAAGTCGGAGATTGTCGAGGTCCGGGTTCTGGAGTATGACGGTGCCGACGAGGTCGTCATCTGCGAACAGGGGGAGAGTGCCGATGTTTAGCTGGAAACGCCGCGATCTCATCGATCTCGATATCTGGACTCGTGAGGAAATCACCCACC
CP074691.1_gap39	1386412	1390163	3751	TTCTTCAGGGGTGGCCTATCCTGACCCTCGTCGACGGCGTGCCCTTCGAGCCCAGAGGGTAGGTCCGTGGCCGGCTCTTCCCTTCCCGTGGATCATCGGGGTGTCGTCGTCTCCCTCGAAAGGCTGGGAGGCGATCTCGTCGCCCTGACCCTGGCCCTGAAGGAACCCTTTGCGGCCACGCCCGGTCAGTTCGTCCTCGTCAGGGACAGTCGATGGGGCCGCGATCCCCTTCTGGGGCGTCCCTTCGCCGTGGCTTGGCAGGAGAGAGAGCGAATGGGGCTTATCTTCCACGTCCAGGGCCGGGGAACGGAGGCCCTCTCCCGTCTCTGCGAGGGAGACGTCGTCGACGTGCGAGGTCCTCAGGGCAGAGGGTTTCCCGAGCCGACGGGTAAGAGACTCCTGCTCGTGGCGGGGGCTATGGGCGTGGCGCCTCTGCTGGCGGCTTGGAAGCGCCATTCGGCGGAGATGGAGACAGAGCTTCTCCTGGGCGTTTCTTCTTCTGCATGGCGAGGACTGCTTCAGTGGCTCGACGGCCGAGATTTTCCCCATCGCGTCGCCTGTGACGATGGCTCGCTGGGCCGGAAGGGAACGGTCGTCGACCTCCTGGCGGAGAGGATGAAAGAAGGCGACGAAGTCTGGGCCTGCGGACCTCGGGCCATGATGGCTGCCGTAGCCGCTATCGTGCCCGGGCGTATCTCCGTCAGCCTCGAGGCGAGGATGGCCTGCGGTTATGGCGGCTGCCTCGGTTGCGCCGTTCCCCTTCGCTCCGGAACTCTTCGCGTCTGTGTCGACGGTCCCGTCTTTGACGGAAAGGAGGTCCTCTGGGATGAACTTCCCCGTTGACCGCTCCCTCTCTGTGGGCTCGCTTCGGCTGCCCACGCCTCTTGTCGTTGCCTCGGGGCTCTGGCCTTTCGACGGAGCCTTCTGGTCGGAAGAGGCCCTTCGCGGCGTGGGTGCCATCTGCTCCAAGGGGCTCACCTGGCACGCACGCCCGGGAAACGGAGGCATTCGTCTCTGGGAGACTCCGGCAGGTCTGTTGAATAGCATCGGCCTTCAGAATCCGGGCGTTAAAGTCTTTGTGACGGAGATTGCTCCTTCTTTGCCACGTTGTCGCCCTCTCGTCGCCAACGTGGCCGTCGAGAAACTCGACGACCTGGAGCGGTCCCTTGACCTGTTGCTCTCCATGGAGATGCCGCCCGAGGCCGTGGAACTCAACGTCTCCTGCCCCAACGTTTCCTGCGGGGGAATGGCCTGGGGCGTGGATCCCTCCGGTGTCCTTCAGGTCCTTCGGGTGGCCCGAGGCGTTTGGGAAGGCCCTCTCTGGCTGAAGTTGACGCCTCAGGCCCCTCGATGGGCCTCTGTCGTCGAGGCCGCAGAGCGGGGAGGGGCCGATGCCCTCGTCGTCGCCAACACCTGGCTCGGCATGGCCATCGATGTCCACCGCCGCCGTCCCGTCTTCGAGAGGACTTTCGCCGGTCTTTCCGGGCCGGCCGTCTTTCCTCTGGCCCTTCGCCTCCTCTGGGAGACGGCGGGAATGACGGGGTTGCCCCTCGTCGGCTGCGGAGGCGTTTCCGGCGGTGCCGATGCCCTGTCCATGATTCTCGCCGGCGCCTCGGCCGTCGAGATCGGAACGGTTCTGACCGGCGACTTCGGGGCCCCGGCACGGATCTGCTCCGAAATGGAGGCTCTCGTCGTCGAGGCCGGCGAGAAGAGTGTCTCCGCCCTTGTCGGAGGCGCCCGAGAGAATCGAAAGGAGAGACTATGAAAGACTCGAAACTGATCGCGGCTCTCGATCTTCCGACTATTCCCGAGGCTCTATCCTTTCTTGACGAGACGGGAGATCTGCTTCCCCTCGTCAAGGTGGGGCCGGGGCTCTTCTTTCAGGGGGGGGGAGCGTTCCTGGAGCTCCTTGTGAGGCGGGGGCATAAGGTCTTCCTCGACGTCAAGCTTCACGACATACCCAACACGGTCGCCCTTGCCGTTCGTGCCCTGAGCGGCATGGGGCTCTGGGCCCTGACGGTCCATACCTCAGGCGGCGTGCCCATGATGAGGGCCGCCGTCCAGGAGGCCGGCACAACGCTGATTCTGGGCGTCACCGTTCTGACCAGCCTTGACGAGGGACAGTGGAGCGAGGTCCATCCCTCCTCTCCCATGCGGAGCGCCCTGATCGCCAGGGCTTCTGCGGCCCAGAGAGCCCGGCTGGGAGGCCTCGTCTGTTCCCCGCAGGATCTGAAGACAGTTCGTGCCGCGTCGTCGCTGAAGACCATCGTGCCCGGGATTCGTCCCGCCCTGCTTGGCGACGATCAGGCCCGCACGGCGACTCCGCGGGAGGCCATCGCGGCAGGTGCCGATTATCTCGTCGTCGGAAGGCCCATCCTGGCGGCGAAGGATCGGCGTCAGGCCGTGGAAACGATTCTGGAAGAGATCGAGGAGGGGTTGTCCTGTCTCAGCTGACGGAAAGGGAACGTCTTCAGGAGATGCTTCTTCGGAGCGGTGCCCATCTCAAGGGGCATTTCCGTCTGACATCGGGCCTACACAGTGCCGACTACCTGCAGTGTGCCCTTTTGCTCCGCTATCCGGCCTATGCGGCCTTTGCGGGTGAGGCTCTGGCCCGTCATCTGGCCCCTTACAGGCCTGAAGTCGTCCTCTCTCCGGCCATCGGCGGCCTCATCATCGGTCACGAGGTGGCCCGGGCCCTGGGCCTTCCCTTCCTCTTCTGCGAACGGGAGGAGGGGGCCATGCGGCTTCGACGTTTCCCTCACCCGGGACCGGTCCCTTTCGTCGTCGTCGAGGACGTGATCACCACGGGAGGCTCTTCTGCGGAGGTGGGGCACCTGATCGAAGAGGGGGGGGGCCGTTGGGTCGCCACGGGGTCCGTCGTCGATAGAAGCGGCGGTTCCCATCGTCTCTTTGGTCCTCTTCATTCACTCTGGGAGGCCTCTTTCGAGACGTGGAATCCCGAGGTCTGCCCTCTGTGCAGGCAGGGCACTCCGGCCGTCAAACCCGGCAGCAGGACATGACGTTCCGACGGACGGCCTGACGGGAAGGTCGTGGTACAATACCCCTCGATATTCCCTGGGGGAGGTGACAGACGACGGTGTTGGTCATGGACGGGCGCGAGCCGGCCCGAAAGCGGCTCGACAGTCTCAAAAGGGAGATCGAGGAGATGGAACGTCTCCAGAGATGGCGACCCTGTCTTGCCACGATCCAGATAGGTCAGGACCCGGCGGCGGCCACTTATCTGAGAAGCCAGGGAAAGACATGTGAGCGCATCGGCCTCGAAGCCCGCCGTTTCGTCTTTCCTGCCGACGTCTCCATAGAGGAGGTGCAGGAACTCCTTCTCCGCCTCAATGCCGACGACGACGTCGATGCCGTCATGGTCGAGCGCCCTCTCCCGCCCCGGTGGGAGTTGAGCGGTCTCATCGATTGCGTCGATCCCGTCAAGGACGTCGAAGGCGTCCATCGGTTTAATCTAGGCAGCCTCTATCTCGGTGACAGGAACACGCCTCTTCCCTGCACGGCCAAGGCCATACTCTCCCTCCTGGGCGAGTATGGTTTCGCCGACCTGAAGGGCAGAAACGCCTCCGTTCTCGGTGTCAGCCCCACGGTGGGAAAGGCCGTGGCCATGCTCTTCCTCCACAGGAAGGCCTCGGTGACCCTTCTGCACAGTCAATCCGCAGAGACCGAACGGTCGCGGGCACTGGCTCAGGCCGACCTGGTCGTCGTCGGCATCGGAAAACCTCATGTGCTG
CP074691.1_gap40	1430759	1433639	2880	AAAGTGTCGCTTTCGAGGGGCTGAAATCGCCCCCGTCAACAGCCCGCCTTGGCTTTCCTCCGCGGCGGAGGTCCTTCTAGGGAGGGGAACCCGTCCCTTGCTCGGAGCCGACCGCCGCGGCAGGAGGAGCGGGATTCTGTCGCCAGGGATGGTCTGCCGCCGGCTTCCTCTGCTTCTTCGTTTTGCATGGAGTGCCTGTCTTCGTCTCGATGACAGGCGGGGGAGTCGCAGGGGGCTCTTTGTCGACGGCTGCGAGATCGTAGAGCCCGTCATGGACAAGAGCCAGGAGTTTCCCGTCGAGCTTCTCGATGACCTTGACCGCCTGTCCTCTGGCAAGAAGCAGGGGGCGTCTGCGGGGGCCTATCAGGGCGTACTGTTTTCCGTCGAGGGAAATCGTCGAGTCTCCCGAGGCCTTCCGGTCGGTCTGGCGAGTCAGGAGGAGATCGAGAGCGGGTCCGTCCGGCGGAGGGAGAAAGGCAGATGCCCCCTCTGCGGGAGGACGAGCGAACCTCGGGTTATGGACCTCTCCCGGGTAGGCGGCGAGCAGGACGTTGGCCTCTTCGATCGTTTTCACTCCGGCCCGTCGGAAGGCGACGACGAGACGATCCTGAAGAGTTCCCCAGAGCCTTTCGATCCGCCCCTTCGCCTGGGGAGACCCTGCAGGGACATAGCGAGTTCCGAGAGCCTCCAGAGCGCGGCCGAACTGGGTTACAGGCGCCGAGTCCTCCAGCTCCTCCTTGATCGTCAGTTTTTCCGACTTGGGAGAAAGGAAGATGGTGTGGCGGTCGGCGTAAAGCTCGCGAGGCACGCCGTGGCGATCAAGCATCTGACGGAGCACGCGGAAGTAGCCGAAGAGGCACTCATTCCTGGCCATCCACAGACCGAGGACCTCTCCTGTGGCATCGTCAATCACGCCGTGGAGAGTGCAACGCTCACCGATCTCGAACCAATCGAAAGGAGAGGCGTCCATCTGGACCAGATCGCCTCGTCGGGACCGTCGGACCCTGCGGGAACGCCGCTTCGGGGCCCGGTGGCGATGAACGAGGGACAGGTTCTCCGCGCGAAGGAAACGGGCGATGCTCTTGGCGCTCAGCACGAGATCATGCTCTTCGGCAAGGAGTTCGGCCATGTGCTGACAGCTCGTATCCCTGTAAAGACCCTTGGCCAGACTGACGACGAAATCCCGTGTCTCCTGAGAGATTCTGCGCCGGGACGGTTTGCCTCGTCCCTTGTGCAGGAGCCCCTGCGCTCCTTCTTCCCGGTAGCGTCGTTTGAGCCGAAAGACCTGACGGCGGCTCAGACCGAGCCGATCGGCCACCTCCTGAACCGTCAGGTTGCCCGCGACAGCCTCTTCCACCAACCCCAAGCGCCTTGCTTCTTTTGTCTTCATGAGTAGGTCTCTCCTGGTCGTCATAAGTGACATTTTCCCTGTCCTCTTCACGAGTGACAATACCATTGTCCGGCGACACGAATGGCTCAGAGGCGTGTCAAGGGACACTAAAAATGTCATCTAAAAAGAGGGTCTGAGGGACAATGAAAGTGTCGCTTTCGAGGGGCTGAAATCGCCCCCGTCAACAGCCCGCCTTGGCTTTCCTCCGCGGCGGAGGTCCTTCTAGGGAGGGGAACCCGTCCCTTGCTCGGAGCCGACCGCCGCGGCAGGAGGAGCGGGATTCTGTCGCCAGGGATGGTCTGCCGCCGGCTTCCTCTGCTTCTTCGTTTTGCATGGAGTGCCTGTCTTCGTCTCGATGACAGGCGGGGGAGTCGCAGGGGGCTCTTTGTCGACGGCTGCGAGATCGTAGAGCCCGTCATGGACAAGAGCCAGGAGTTTCCCGTCGAGCTTCTCGATGACCTTGACCGCCTGTCCTCTGGCAAGAAGCAGGGGGCGTCTGCGGGGGCCTATCAGGGCGTACTGTTTTCCGTCGAGGGAAATCGTCGAGTCTCCCGAGGCCTTCCGGTCGGTCTGGCGAGTCAGGAGGAGATCGAGAGCGGGTCCGTCCGGCGGAGGGAGAAAGGCAGATGCCCCCTCTGCGGGAGGACGAGCGAACCTCGGGTTATGGACCTCTCCCGGGTAGGCGGCGAGCAGGACGTTGGCCTCTTCGATCGTTTTCACTCCGGCCCGTCGGAAGGCGACGACGAGACGATCCTGAAGAGTTCCCCAGAGCCTTTCGATCCGCCCCTTCGCCTGGGGAGACCCTGCAGGGACATAGCGAGTTCCGAGAGCCTCCAGAGCGCGGCCGAACTGGGTTACAGGCGCCGAGTCCTCCAGCTCCTCCTTGATCGTCAGTTTTTCCGACTTGGGAGAAAGGAAGATGGTGTGGCGGTCGGCGTAAAGCTCGCGAGGCACGCCGTGGCGATCAAGCATCTGACGGAGCACGCGGAAGTAGCCGAAGAGGCACTCATTCCTGGCCATCCACAGACCGAGGACCTCTCCTGTGGCATCGTCAATCACGCCGTGGAGAGTGCAACGCTCACCGATCTCGAACCAATCGAAAGGAGAGGCGTCCATCTGGACCAGATCGCCTCGTCGGGACCGTCGGACCCTGCGGGAACGCCGCTTCGGGGCCCGGTGGCGATGAACGAGGGACAGGTTCTCCGCGCGAAGGAAACGGGCGATGCTCTTGGCGCTCAGCACGAGATCATGCTCTTCGGCAAGGAGTTCGGCCATGTGCTGACAGCTCGTATCCCTGTAAAGACCCTTGGCCAGACTGACGACGAAATCCCGTGTCTCCTGACAGATTCTGCGCCGGGACGGTTTGCCTCGTCCCTTGTGCAGGAGCCCCTGCGCTCCCTCTTCCCGGTAGCGTCGTTTGAGCCGAAAGACCTGACGGCGGCTCAGACCGAGCCGATCGGCCACCTCCTGAACCGTCAGGTTGCCCGCGA
CP074691.1_gap41	1440092	1442869	2777	CGACAAGGGTCTCGAAGGGGAACCCATCAAAATCGACTGCGACATCATCTGCATGGCCGTCGGTCTGACGCCCACGTCGGAACTGCTCTGGCAGGCCGGGTGCGACATGAAGTTCGTGCCCGAACTGTGCGGCTACGTCCCCCGTCGTGACGGACAGATGCGCACGAGCCACCCGCACATCTGGGTTGCCGGAGACGCGGCGGGAATCGAAGAGGCCTCGTCGGCCATGGTGGAGGGTCGTCTGGCCGGACTGGGAGCGGCCCGCAGCCTGGGACACGTCAAAGACAGCGTCTACGACGAGCGTCTTGCGGCCTACTGGCAGCGACTGACCCACCTTCGTGCGGGAGAAGTGGGCGAAAAGATCCGCTGCGGCCTGGACAAATGCTGCTGTGCCTGCTGGGAGGACTAAAAAGATGACCGACAACGAGAAACTCTTCAACAGCGGAATCCTGACGGAAAGCCGTCCGGGAGCGGAGCAGCCGCCCCTGTCCCTCTGGGAGGGGAAAAGAAACGGCCTGGTCCTCATCGAATGCCCCCAGCGCATCCCCTGCAACCCCTGCGCGTCGAGCTGCCCGACGGGAGCGATCCTCCCCTTCGAGGACATCAACGACACGCCGCGGATCGACTACGAGAAATGCATCGGCTGCGCCAAATGCGTGGCCATCTGCCCGGGCCTGGCCTGCTTCGTCGTGGACCTCACGGCAGGAGGCGAGGGCAGGGCTCTGATGAAGCTGCCCTACGAAATGCTTCCCCGCCCGGCCAAGGGGGAGGAAGTGGCCTGCCTGAACCGTGAGGGTGCGGAAGTGTCCCGCGGCACGGTGAGGGCCGTCACGGAGCCACTGAAAGACCGTACGATCGTCGTCCACGTCGACGTGCCCCGTGACCTGGTGAGCGTCATCCGAGCCATCAAGGTGGTGAAGAAGTGATGGAAAAGGAAATCGTCGTCTGTCGCTGCGAAGAAGTGACGATGGAGGAGATCCGCAAGTGGATCGACAGGGGCTACGACAGCTTTGACGAGCTGAAGCGGGTTCTGCGCGTCGGCATGGGGCCCTGTCAGGGCCGGGGCTGCCGGGACATCATCCTCAAGGAGATCGCTCGGGCCAGGAACGTCCCCGTATCCGAAGTGGATCCCGGAACCTTCAGGCCCCCCGCAAAGCCTATCAAATTGGGCATCCTGGCCGAAGGCGGTGACAAGTGATGACGTGGAAGACGAAGGCGGAAGCGGTTGTCGTCGGCGGTGGCGTTCAGGGGATGGCCACGGCCTACCACCTGGCCAAGATGGGAATGAAGGATGTTGTCCTGCTCGAGAAGGGGACGGTCTGTTCCGGTTCGACGGGACGTTGCGGCGCCGGTATCCGGGCCCAGTGGGGCCTTGAGATGAACTGCCGTTTCGGACTGGCCTGTGTCGACCGGTTCGAACACCTCGCCGAAGAGCTGGGCATGGACGTGGGCCTCAACCAGGGCGGCTATCTGATGGTCGCCTACGAGGAGAGCGAGTTCGATCAGCTCAAGGCCAATATGGCCCTCCAGAACAGGCTGGGAATCACGACGCACGTCGTTTCCTACGACGAGGCCAGGGAGATCTGTCCCGGCCTTTCCGCAGCCGACGCCGTGGGCTTCACCTTCCACGCTCGTGATGGTCATGCCGATCCCTTCCTGACGACTTTCGCCTTTCAGGAGGCGGCCAAACGTCTCGGCGTGACGATCTACAAGAACACGGAGTGCACGGCTGTCCGCGTCGACTCGGGCCGCGTTGTCGGCGTCGATACGACCGGGGGGGCCATCGCCACGCCCATCGTCGTCAACGCCGCAGGTGGCTACTCCCAGTTCATTGCCAAAATGGCCGGCGTCGATATTCCCAACTACTCGGAGCGGCACGAGATCCTCATCACCGAGCCCGTCGAGCCCGGCGTCTGCCCGCCCATGCTCATGAGTTTCTCCGGCAACTACTACATCCAGCAGCGGCCTCATGGCTCCATAATCGGCGGTTGCAGCCCCGAAGGGCATCCCGCCGATTACGAGCTGGGCAACAGCTGGGACTTCGTCGAGCAGATGTCGCGGACCATCACCAAGCTTCTTCCCCGGACCAAGGGAGTCCGCGTCGTCCGCCAGTGGTCGGGACTCTATAACATGACGCCCGACCGGGCTCCGATCATGGGTGAAGCCGATACGGTCAAGGGATTCTTCCTGACCTGTGGCTATTCGGGACATGGCTTCATGTTCGGACCTGTCTCCGGTGATCTGATGGCCCAGCTCATCCTGACGGGCAAAACTGCCATCGACATCGAGCCCCTGCACTACAGAAGATTCGCCGAAGGCAAGCTGCTCATCGAGCCGGCCGTGGTCTAGGCGTAGACTTAATTTGCTGAATAGTCAAATAAAAGAGGAGCCGGGGCGTCCTTGGGGGTCTCGGCTCCTCTTTTTCTGCCTTTATAGTAGGACTTTCGAATCAAATTAACCTATGTTGTAGAAAAAAAGGCAGCTTTCAGCTCCGTGCCGGAGCTTGTGGTTGGTGAGCTTTGTAACTATAATCGCTGGGGAACAATTGTCGCTCTAAACCGTACTTTTCTTCGGGGAGGAAGGTGAGTTCATTGGCAAAAAAGTTTCAGGTTACAATCCATGAGCCCTGGTGCAAGGGTTGCGGACTCTGTATCGCGCTCTGCCCCAAAAAGGTGCTTGAACTGAACGATCGGGTGAAGTGCGAGGCCGTTCGTGTGGAGGATTGCATCGGCTGTCGGCAGTGTGACAATATCTGCCCTGACCTGGCGGTGACTGTG
CP074691.1_gap42	1445647	1448842	3195	TCTCCATTCCCGTTGAACTCGACGACGGCACCATCCGCGTCTTCGACGGTTTCCGCGTTCTCCACTCGTCGGCTCTCGGCCCCGGCAAGGGCGGTGTCCGCTTCCACCCCGACGTCTGCGTCGATGAGTGTGAAGCCCTCGCTTTCATGATGACCTGGAAATGCTCCCTCGCCGGCATCCCCTACGGCGGAGGCAAGGGCGGCGTTTCCTGCGACCCGCTTGAGCTCTCTCCGAGGGAGAAGGAGCGCATTGCCCGCACCTTCGCCGCTCGGATCGAGCCCTTCGTCGGCGCCTGGACTGATGTGCCCGCTCCTGACGTGAACACCGGCGGACCGGAGATGATCTGGTTCATGGACACCATCAGCAAAATGCGTGGTCGCCTCGAACCGGCCATCTTCACCGGCAAGCCCATCTCCCTCTGGGGATCGAAGGGTCGCACGGCCGCCACGGGACTGGGTGTCGCCACCTGCGCCATGGAGCTTCTGAAGGTCCTGGGCAAGCCTGTCAAGGATGCGACCGTCGCCGTTCAGGGCTTCGGCAATGTCGGAACCTATGCGGCCAAGGTCCTTTCCGAGGCTGGAGCTAAGGTTGTCGGCGTCAGCGATATCACGGGTACCTACTTCTGCAAGGATGGTTTGGACATTGCCAAGGCCATGGCCCACGTGAGCAATCATCCCAAGAAACTCCTCGAGGGATACCAGCAGGCCGGTCTGGAGAAGTTGCCTCTGGCCGATGTCCTTTTCCTCGACGTCGATGTCCTGTTGCCCTGCGCTCTCGAGGGCGCCATCAACGCTAAGAATGCCGACATGGTCAAGGCCACTTTTATCGTCGAAGGCGCTAACGGCCCCGTCACGCCTGAGGCCGATGCCGTTCTCGATGCCAAGGGAATTCTGATCGTTCCTGACTTCCTCGCCAACAGCGGCGGTGTCGTGGGCTCCTACTTCGAGTGGTGCCAGGACCTTGCCGGCTTCTTCTGGACTGAGGAGGAGTACAACGAGAGACTCCTGCGGATCATGCGCGACAATTTCCACCGCGTCTGGGAGTACTCTCAGGAGAAGAGCATCAAGATGCGTCGTGCCGCTTTCATGGTCGCCATCAAGCGCGTTGCCGACGCTGTCCGCATGCGCGGCATCTTCCTCTAGACATCTCCCTCAGCGAAGAAGAGAGGGGCAGGCGCAGCCTGCCCCTCTCTTCTTCGCGTCTTTCGTGAGGAGTAACCTTTTCAAGGAGGTGAGACTCGATGCCCCTTCAGGGAGAAACGCGGCTGCTCCGTGCCCGTGGCGTCAACAGCGAAGGCGACGGGCTCTGTGATTGCGACGATGGCCTGGTCGTCTTTGTCCCCATGATGTTGCCGGGAGAGGAAGCTCTCGTGCGCCTTGTCAAGGTCAAGCGCTCCTATGGAATCGGCAAGGTGCTGGAATCGAAGGCCGTCAGTCCAGAGCGGGTCACGCCCTTCTGTCCCTGGTTTGGCAAATGCGGAGGCTGTCGCCTCCAGCACGGAAGCTATTCCCTTCAGCTTGAGATCAAAGAGGGTTTGCTTCTGGATGCCATGATGCGTCTGGGCGGGTTCCTACGGGAAAACATCCCCCTCCGCCCCTGTGTCCCCTCTCCCCGGCAGAGACACTACAGAAACAAGGCCTCTTTCCCGATCCAATCCTTCCGAGGTGTCGTCACCCCCGGTTTTTTCCAGAGAGACAGTCATCACCTGATTCCCGTAGACCGTTGTCCCCTGATAGACCCCTCGCTGGAAGAGCTGATGAAGGTCTTTCGTGAAACGCTGCCGACTCTTTCCCTTCGTGCTTACGATGAACGCAGCCAAAGGGGGAGTCTCCGTCACGTCCTTCTTCGCAAAGGCAGTCATTCCGGCCAGGGAGCGGTCCTGCTCGTCCTTAAAGAGCGGCCTTCGTCGGCCCTTTTCGACGAACTACGCGTCTTTGCGAGGAAAACGCGGGCCCGCTTCCCCCTTTTTTCCTCCTGGGCGATCAACATCCATCCCGATCCTGGCAACGTCATCATTGGTTCCAGAACGTTGCCTCTCTCCGGAGCTCCCTACATAGAGGAACGATTGGGGAAATACGTCTTTCGCATGGACCTGACGGCCTTTTTCCAGGTCAATTCCTCTCAGGCCGAAAATCTTTATGAAAGCGTGAAGGCCTCCCTGGGACAGGAGGAAAAAGGCGATATCCTAGAGCTCTACAGCGGCGTCGGCAGCCTCACGGCCTATCTGGCCTCGACTGGACGCCGCGTAACTGCCGTCGAATCATGGGAGCCATCGTCGCGCAGTCTGGAACATAACATGAAAAGCAATGCCGTGAAAAACGTCTCCGTCTTCAGAGGCAGGGCTGAGGACTACTGTTCGACAGGTGTACTTCCTCCCTTCCGAACGGTCGTTCTCGATCCTCCCCGGAGCGGCAGTACTCCCGAAGTGATCGCTGCCATCAGTCGCCTTTCCCCGCTGGAGATTCTCTATATCTCTTGCAATCCGGCGACTCTTGCCCGAGACCTCCGAAGCTTCGTCGATACCGGCTATCGGCTGATCTCTCTGACCCCCTTCGATCTTTTTCCTCAGACGGCTCATGTCGAAACCCTCGCAATCCTGAAACGGACCCGGTGAAATGAGGCTGGGCCGTTGCCAAAGAGGGCGCAGCTCGCTATACTACATGGCGTTACAGGCGGACATAGCTCAGTGGTAGAGCATCGGCTTCCCAAGCCGAGGGTCGCGGGTTCGAATCCCGTTGTCCGCTCCAAATCCGACAGAGAAGGGGCGCAAGCCCCTTTTATCATAGGGACATCTCCTGCCTTCTGAGCCAGCTAGGTGACGCAGGAGCTTTTTTTTAGGTAAAATATCCAGAATTTTCCATTTGATCTTCGTCTTCTTGCTGAATAAGCCTTGTTAAAATTGACACATTACCGGCATGCCTATACAATGCGGAGGGGATGTATTTCGGTAATGGCATGACAGCCGATTTATCCCATCGGAAGGAGGACTGGCGATGAGTTTCAATGTAGCAGACGAGATCCGTTCAGCCGAGGAAGAAGCCCGACAGATTCTCTCTACGGCCAAGGCGGAAGCGGCGAAAGTCCTTGCGGAGGCCAGAGCCACGGCGGAGAAGACGATACAGGAGGCCAAACAGCACTCGCACAGAAAGATGACCGAGGAAGTTCAGCGCTTGGAAGCGGATGCAGAGTTGAAAG
CP074691.1_gap43	1451639	1454703	3064	TCAGAGCTAAGTTGGCCAAGGATGAACCCGAAATTTTTCGCCGGCGTGACGTTGTCGCTCGTCTTGATGTGCGAAAAGTAGACCTGGGTGCGAAACAGGAACTTATCGATCAGTCCTTTACTGAGGCTTTAAAAAAGCTACAAAGCATGGATAAGAAGAAATATATGAGTTTTTGTGGAAAGCTTCTGGAAAAAGCTATAGTTACAGGTGATGAGTTTTTTATCGTCGGGCAGGAAGAGAAAAATCTCGATTCTGCATGGCTTGAGAGTTTTAACCAGAAAAACACGACTCGACTCGTCTTTGCTGAAAATAGACTTCCTATCAAAGGCGGTTTCATCCTTCGTCGTGGTCTGGTTGATGTTAATTGCTCTTTCGAGATGCTGGTCCGTTCCCTGCGCGAGGAACTCGAGAAGGACGTTGTGACACGTCTCTTTTCGAGTTGATCCGGGGAGGTGAGGTGATGGCCCAATCGGAGCGTTACGGCTATGCCGTTTCGAGGCTCCGTGCTATGGAGAGTCGCTTTATCGAGTCATCCCTTATGCAACGTATGCTCGATAGCGACGATCTCTCTGGGGCTCTAAAAGTGTTGGGAGAGACCGGCTACGTTCAGTGGATGGCTGATAGTGGCGGAGAGGGACATTTTGACCGTATCGTGGAGGCCGAGCTCGATTATGTCCTCCGAGAAGCGCAACATTTCGTGCCCGATTTGCAACTCGTCGACCTCTATCGGCTTCCTTACGATTTCCACAACGTCAAAGTCATCCTGAAGAGCCTCTTTCGTAAGGCTTCGGGCGAGGTAAGGCGGTGGGATCTTCTCTCCTCTCTCGGTACGGTGCCGTCCGACGATTTGATCACGGCTATTGAAAGTGAAGACTACCGAATGCTTCCTTTCGGACTGGCCGCTGTCGTTCCGGCTTGCATCGCCCTATGGGATCAGAACGGAACGCTTCCTGAAATCGAGAGGCGCATCGATGCTCAGCTTTTCCGGACCATGATGGCTTTGGGGCGCGAGGTCCCTTCCGAAGGGATCTCCGATTGGATCTCCGCCCGCATCGACGCCGAAAATGTTCGTAATTTGGGAAGGCTGAAGAGAACGGGTACGGATCTTTCCAAGGTTCGCCTCTTTCTCCACGATGAAGGACATGTACCGGTGGACCATCTGCTGTCCATCTACAGCGAACCCTTCGAGTTCTGGAGCAGGTCCCTTGCCTTTACGGCAGTGGGACCCACTCTGATCAGTCTCTCCGCAAGGGGGTCCGATCTGGGGCTTCTCCTGGTAGAGATGGAGAAAATGTTGGATGACTATGTCTCTTCAGCCATCCATCCCTATCGTTATAGCCCCTTCGCTCCGGAGAACGTTCTTCGCTATCTGTGGATGAAGGAAATGGAGACGAAAAACGTTCGGATTCTTCTCGTAGGTAAGAGCAACGGGGCTGAAAAGGAACTTCTAAGGGGGTTGCTTCGCCATGTTTAAGGAAAGCGATCTCAAGCTTGCCGTTGTCGGAGACTACGAGAGCGCTCTCCCCTTTCAATCCGTCGGAGTGGAGCCTCACTATGTAGACGGAGAAAAACGGTCCGAATTTCCCTCCCTGATAGCCGGACTGGCTCGTTCCGGTTATGCCGTCATCTTCCTTCTGGAAGATCTCTATTTCCAGCACAAAGCGTTGATCGACGAGCTCAACGAGCAGCATTCCGTGGCCATCATCCCCATCCCCGGACTTAAGGGATCGCAGGGGGTCGGCATCAACTCCATCAAAGACAGCGTCGAGCGCGCCGTCGGCATGGACATCTTTTCCGTTCAGTAAAGACAGGGCTGGAGGCGATACAGAGTGGCCAACGACAAGATCATAAAAGGGTCCATCGCTAAAATATCAGGTCCTCTCGTCGTGGCCGAGGGCATGGCGGGAGCTTGCATGTTTGACGTCGTTCGCGTGGGGGATATGGGGCTCGTCGGAGAGATCATCGAGCTCCGAGGCGAGACGGCCTCCGTCCAGGTCTACGAGGAGACGTCGGGGCTCATGCCGGGCGAACCGGTCACGAGCACGGCCGAGCCGTTGAGCGTTGAGCTCGGGCCCGGACTCATCGAACAGTTTTACGACGGCATACAGAGACCTCTCCGTCTCATCGAAGAGGTAGCGGGAAGCTCGTTCATCCCCCGCGGCATTTCCGTCCCGTCCATAGACAGGACTCGCAAGTGGGCTTTCGTTCCCAAGGTGAAAAAGGGCGATCGCGTTGCGGCAGGAGACGTCCTTGGCGTCGTCCAGGAGACGGTCCTCGTCGAACACCGCATCCTCGTCCCGCAGGGCCTTGCCGGCGAGGTGAGTGAGATCCGTGCCGGAGAGTTCACCGTCGAGGAGACCGTCGCCGTCATTAAGGACGGAGCCGAGAAGACGAACGTCACCATGCTGCGGAGGTGGCCTGTCCGTGTCGGACGTCCCGTGGCCAGGCGCCTTCCTCCCGTCGTTCCTCTCTCGACGGGACAGCGCGTCGTCGACATGCTCTTTCCCATCGCCCGAGGGGGAACGGCCTGCGTTCCTGGGCCTTTCGGATCGGGCAAGACCGTCATCCAGCATCAGCTGGCCAAGTGGGCCGACGCTGAGATCGTCGTCTACGTCGGCTGCGGCGAGCGGGGCAACGAGATGACCGACGTCCTTCTCGAGTTCCCCGAGCTGGAAGATCCCCGTTCGGGACAGCCTCTGATGAAGAGGACCGTCCTCATTGCCAACACCTCCAACATGCCCGTGGCCGCCCGAGAGGCCTCCATGTACACGGGGATCACCATCGCCGAGTACTATCGGGATATGGGCTACTCCGTGGCTCTCATGGCCGATTCCACCTCGCGTTGGGCCGAGGCGCTGAGGGAAATGTCGAGTCGCCTCGAGGAGATGCCTGGCGAAGAGGGGTACCCGGCCTATCTGGGAACTCGCCTCGCCTCTTTCTACGAGCGGGCGGGAAGGGCCGTCTGCCTCGGTTCCGACGGAAGGGAGGGTGCCATCAGCGCCATCGGTGCCGTCTCCCCCCCGGGAGGAGACCTTTCGGAGCCCGTCACGCAGAACACGTTGCG
CP074691.1_gap44	1460026	1460842	816	AACGAAGATGGACCGCTTGACATGCGCATGTCACCTCTCTTACGGAAAAGTGCCTATCATTGGATCAACAATTCCTCCCCGCAAGAATTGTCGGAAATTTTTCGACTCTATGGGGAAGAGCGTTATGCCTGGCCATTGGCCAAGGGAATCGTTCGCCATGTCTTTCAAAAGGGGCCTATTGAAACGACAGGGGCGCTGGTTTCCGTCGTGAGAAGTATTCTGCCCGCGCCGATTCAGCGAAAAATGGGTGGTCACCCGGCCAGGCGAATTTTCCAGGCTCTTCGAATCGCCGTCAATGATGAGATCGCAGCCCTTGAGGAAGCGCTTGATGCCGTTGCGAAGATAGGAGCCGATCCCTGTCGTGTCATCGTCGTCAGTTACCATTCCCTAGAAGATCGCGTCGTGAAACATCGTTTCCGATCGTGGAAGCAGGAGGGGTTGGGCCGGGAACTTACGCGTAAACCTCTCATTCCGACAGAAGCGGAGATAGAGGGTAACTATAAAGCCCGAAGCGCCAAACTTCGAGTCTTCCGTCTGGAGACAGAGGGGGAGGGAGAGTATGGAAATTGAGAGGAGGCTGAAGAGAACCCAATGGGCGCTCTTGCTCCTTTCCGCCTTTCTCCTCCTCCTGGGGCTTGGGAGTATGCGCCTTTACGCGGTTTATCTGGAGCATCGCCTGAGTGAGGTGACGCGCCTTGTCGATGAAGCTCAGGAGCGTCAGTTGCTGTTGAGGCAGGAGCTGGCTTCTTTACTCTCTCCAGCGAGGGTGTATAGTTATGCCCATGCTGAACTCGGCATGGGCTACGCAACGCGAAT
CP074691.1_gap45	1475067	1479733	4666	GGCAATCGACGGATCAAGCAGGCGGAGATCGGTATCGCTAATCTGAAGGATAAAGTTGATGCCCTGATTGTCATCCCCAACGACCGTCTGCTGCAGCTTTCGGACGCAAAAATGAGCTTGTTGGAAAGTTTCAAGATGGCTGATGACGTGCTCAGACAGGCCGTTCAAGGCGTCACGGACCTCATCCTCAACCCCGGTATCGTCAACGTCGATTTCGCCGATGTCCGTACGGTGATGAGCAATGCCGGTTCAGCCATCATGGGGATCGGAGTTGCCAAAGGAGAGAAGCGGGCTGAAGAGGCCGCCAAGGCAGCTCTTAATAGTCCGCTTATGGAAAAACCCATGACCGGGGCTAAGGGCGTGTTGTTTAACGTCGCAGGCGGTCCCAGTGTGGGTATTCACGAGATCAACCAAGTCGCAGCCATCATCAACGAGGCAACGGACGAGGACGCGACAGTCATCTGGGGCAGCGCTCTCGACGAGCAGATGGAAGATTCCATCCGGATCACCGTCATCGCCACGGGATTCTCCGTGGATAACCAGCATCCCGGCGTCGAAGGCCGAGGGACGCTGGCCTCTTCTTCTCGGCGAAAGAGGGCGACGGTCGAGCTGGAAGAGGCTGAAGTCAAAGCGGCTCCGGAGGAAGATCTTTTCCGTCTGTCCGGGGTTCCCGCCGATAAATTCGATGAACCTGCCGTCGTTCGGCGTCGCAAGACAAAGACGTGAGGTCTTGACCGTTTGGGAGGTCCGGATGCCTTGCCGTTTCCCAAAGGGAGGTGAAACACCTTGAATGATCGAAGGACACGACGATACAAAGAGAAGAGGCCTCTTTTCCCCTTTGGACAGCTTATGCTCCCCATCGTCGGCGTTGTTGCCCTGGGCATACTCATCTTGGGCATTCGACTTTTCTTTCTCCCCTCCCATTCTTCCGTCTCCTCGGAGCGGATCGTCCCCGCAACGCCCTCCGTCCCTTCGTTACCTGCCGAGCAGGAAGAGCCTGCCGCGTTTTCGGAAACTCCGGCTACGCTGAAAACGGCGGTGGTCGCGGTTCCTGTCTCGGCAGGGGAGGCGTCTCTCTCATCGCCGAAGGCGGCTCTTCCTGCTCCTCAGCAACAGCAGGCACAACCCAAGACCCAGCCCAAAGCACAGCCCACGACGGTGGCAAAACCCGCTCAATCTCCACCGGCGCCGCCGCTCAACTCCCCGCCTTCGGCTTCCTCTGCGCCGAAAGGCGGTTGGGGTGTGCAGGTAGGGGCCTTTACCGCTCCCTCCGCTGCGGAAAGTCTGGCAGCCAAGCTTCGTTCTTCAGGAGAATCGGTCGTCGTCGTCAAGGCGAGCGTGGGAGGGAGGCTCTATTATCGCGTCCGTGTCGTCGCAGGAGCGACGCGACAGGAGGCCGAAAAGAAGTCGGTAACTCTTAAAGCACAGGGGTATCCGACGCTTGTCGTCTCTCTTTAGCCTGGGGGAACGTCAAGGGTCATAAGGAGGTCGGGTGGATCCCATGTCGGGATTTGTCGAAGAGCTGGCCAATCGCGATGAAGCTGTGGAGAGGGTCTCCTATGCCCTCTCCTTTCCGTGGTATTCGGAGGAGGAGAACGTCTCTCTCGGAGACGCTTTCGGCCGCAGGTTGGCCCGGGATATCCGCTCACCGGAATCTTTTCCCCCTTTTTCCAGAAGCCTTCGCGACGGCTATGCCGTTCTTTCCGATGATGTCGTCGGCGCAAGCCCTTCGGCCCCAGTCTTCCTTGACCTAGGGGAAGAGGTTCCAATGGGGCAGTGCCCGGCCTTTCGCCTCGGAATCCGAGAGGCCTCTCTGATTCACACCGGAGGTGTTCTCCCGGTTGGCTCCGATGCCGTCGTCATGCTGGAAGATGTGGAGGCGTCCGTCGGCCTCGTCGAGATCAGGGCTTCGGTCCAAGCGGGAGAAAACGTGATGCCCGAGGGAGAGGAACTTCTGGCCGGAGCTGTCGTGGGGCGCCGGGGAGACCTTCTCGACCATCGTGCCCTTGGGCTGTTGGCTGCCCTCGGAATTTCCCGTGTTCCCTGCCTCAGAGTCACCGTTGGCATCATAAGCACCGGCGATGAGGTCGTTGACATGGCGGTTGAAAAATTGCCTCCTGGCTGCATTCGCGATGCGAACAGTTGGTTTTTGTCCGCCCTGCTCCGAAAGGAAGGCTTTTATCCCGTAAGTTTCGGGATCGTCAGCGACAAGGAAGAAGACCTCAGCGAGGCTATAGCCTCGGCACAGACGCAGTGCGATGTTCTGCTCGTCAGCGGGGGCTCTTCCGTCAGTATTCGTGATCATGTCTCTCAAATTTTCAGTAAAGTGCCCTCTCCAGGCCTTCTGGTCCGAGGCTTGAATCTCTCTCCGGGAAAACCGACCTTGCTGGCCGGTTCCCTCAATCCCCGAAAACTCCTTCTAGGTCTTCCTGGACACCCTCTTTCCTGTGCCATTGTCGCCCTTGCCGTACTTAAGCCCTTGCTGCTTCGCCTCGTCGGCTCCGAAGAGACACAGGCTTCGTCGATCATGGAAGCGGGAGCCGATATTTTCGGTCGGGCTGGTCTTGAGGAGTTTTTGCCCGGCGCTGTCCGTAGTGGGCGGGCTGTTCCTTTGACGGCCAAATCCGGTTTTGTCGGTGCTCTCCGGTCAGCCACCCATTTGATTCGGTTGCCCCAGAATACGGAAACGATCCGAAAAGGAGAGGAGGTCGAGCTTTGGCCGCTGTAAAGAGTCTGCAGCACGTTAGCATGACGGTGGCTCTCCGGTATCTGCGGGAATCCATCGCTCCTCTCGTTCCAATGCGTGAGCGAACAGCGGTAGAGGCCTCCCTTGGGCGAGCCCTGTTGGAGGACGTGACGGCACTGAGAAATATCCCTCATTATCGCGCCTCTGCCGTCGACGGGTATGCTCTCCGTGCGACGATGACGGCAGGAGCCTCTCCGGCCAGGCCTGTGCGTCTTTCTCTCGAAACGTGTCAATGGGTCAACACAGGAGGTCTTGTCGAACCCTCTTTCGATGCCGTCGTGATGGTCGAAGACACCTCCCTTGACGGTTCGGAACTGCTCGTCTCAAAAGCCATCACCGTAGGTGCGAATGTTCGTCCTCCCGGAGATGATGTGATGCGAGGTCAGATTATTGCCCGAGAAGGCGATGTCGTGACGCCTCAGCACCAAGCCCTCCTGCGCGCCGCGGGTGTTGAAGGGTTGTTGATTAGGGCTCTGCCTCGGACGCTTTACCTCCCGACGGGAGACGAAATTCTCCCTGTTTCCTACGAGGGGCCTCTACCGGCTGGAACAGTCCCCGAGACAAACTCGATTTTACTGAGAGGACTTTTTTCCAGATGGGGTTTCCCTTTGACGGTTGGCGATATCATTCCCGATGATCCTGCTAGGTTAAGACAAGCGCTCGAAAAAAACATGGATGCTTACGACCTCCTTCTTGTGGGAGCGGGGTCGGCCAAAGGCAAAAAGGACTATACAGCGGAGGTCTTCTCTTCTCTGGGCGATCTCCTCTTCCGGTGGGTCCGGACGCGTCCGGGAAGACCGGCCATGGCTGCGCGGATAAAGGGTAAGCCCGTTCTTTGCCTCCCCGGTTTTCCCATGTCCTCGGTCGTGGTTGCCATGGGGATTGTCTTTCCGCTCCTCGCTCACCTTCAAGGTCTTCCCGCCGAAGAGGAAAAAGCCCTTTCCCGAGCCCTGGGCTCGTTTGGATCCGAGGAGGGTGAGCTTCTTTTCGCTCATTCCTCTCCGCCTGGAGTAGAGGAATGGCTTCGCTGTCAAATGATCCAGATCAGAGGTAAAACGATCGTTTGGCCTCTTCCCGGAGGAGCCAGTTCCATGCGGGCCATGTCCGAAGCGGATGGAGTTGCCATCATCGCGGAGGAAAAACTCGAATGCCCTAAGGGTATGAAAATCCTTCTGCATAAATCGAAAGAAATTTCCCTGGAGCGACGGATTCTTTTTCAGGGTTCCAACGACCCGGCTGTGGAACGGCTTATTTCTCCGATTCGCCGTCTAGGCTGCGATATGGTGATGCGCTCCGTAGGGAGTGTCGGCGGTCTTGCGGCCCTTTCCCGGGGGGAATGTCACCTTGCTGCCTGCCATCTTATCGACCCGGAGACGCAAAGTTACAACGACAGTTACATTGTCCGCTTCCGAGGTAACGCGCAATGGAGACGTCGACAGCTCTTCTTCCGTCAGCAAGGTCTGATCGTGGCGAAAGGCAACCCCAAGGGCATCTCTTCCGTCGAAGATCTTGCCCGGCCGGATCTATCCATCGTCAATCGTCAGCCGGGAGCGGGTACTCGCGTCCTTCTCGACTACCTCTTAACCGAAAAAAACATTGCCCCCTCCTTCGTTAAGGGTTATGACCGGCAGTGCATCACTCATCTCGATGCGGCAAGCCGTGTTGCATACGGTTTGGCCGACGTGGCCCTGGGGATAAAAATGGCGGCTGAAGCGATGGATCTTGATTTTCTGCCGATAACCGAGGAACCTTATGAGATTGTCTATCCAGAAGAATGTCATGATCATCCAGGTATAGTTGCTTTTCTTGAAGCCCTCGAAGACCAACAATGGAGGGCTGAAATTGATAAAATAGGTGGTTATCGATGGATTTGTTGAAAGACAGATTAGGACGAGAAATTTCGTATGTACGAATTTCCTT
CP074691.1_gap46	1528181	1530997	2816	TAGGTAGCTGGGATGGAATTGTGGCATCAATTCAACTCCGCGCCACTTAAACCATTTCCCTCGTAAGGCAGTTATTCCTTCAGAAGTTTTAAGCAACCATCTCGTTGGAGTATTGCCTAAAGTTATAATTATTTTTGGAGAAATTAAAGCTATTTGCGATTCAAGAAATGAATTACAGGCAACTATTTCGTCAACAGTTGGCACTCTGTTGTTGGGAGGTCTGCATTTTACTACATTAGTAATAAAAACATCTTTGCGATAGATTTTAGCTGCTTCTAGTATTTTAGTTAAAAGTTGACCAGCCTTGCCGACAAAAGCTTCTCCTTGAAGGTCCTCATCTGCGCCTGGTCCTTCTCCAATAATCATAAGCCCTGAATTAATTGACCCTTGACCAAAGACCGTTTTATTCCGTCCTTGGCAGAGGGGGCACGCCGTACACGCAGCTATTTTTTTGTTGATGATTGTTAATTCATTTTTTATATAAATTTCTTTTTTTTGACTATCATAGATATTGAAAGCTTGTTCCAAGGCCGCCACCGTCCCAACTACAGATCTAAGCCTGAAACAATAACGTCAACTGACTTGACTGTTAGCCCTGTGAAATACTCTAATCCTGTTTTTATTCTTTTTTGTAACAATTTGGAAATTTCAATAAAATTTCTTGATCCAATTTTAATGAATATCTCTATGGATATATGTATATTGTCGTCTTCATTTTTTATTTTGTTGGATTCAATAGATAAAACTTGGTCTGTATGAATAGCAATATAGTTGACTATTTGGTTTAAAGCTTCAGGATCTATCTTTAGATCTCCATAAAAAGTAAAAGGAGGCCTAACTATTGTTTTTTCTCCATCTTGAGGATAAAGAGGCTGCAAGAATACTCTAAATTTTCCAACCAACTGACCAGCGAAGTTTTTTCGAACTTGAACTTGTGAAACAGGTATCACATGTTGTTTTTTATCTCTCCTTTCTTTTTTTGCTTTTTTTATTTCAGATGCAGTGGCTACTTCTTGGATTGAAATATATTTTTCTGGATCAGGTAGATTTAACGTTTTTATTATCTTTAAAGCCATATCCTTGGACGTGGCTAGAAGCATAACTCGGCCACTTTGCTTTTCGAGGAAATTTTTGACTTGATTCTTGTGGTCTTTGTATTGAAACAAGGCTCTTCTGATTGCTTTTATCTGATTTTTTTCGGATTTAGCGCTTTTACCGCAAGCTATCCGGCCTCTATGTATAACAAGGCCATCATCAATGATAAAATCAACATCTAGATTTCGTGCGATAAGCTGAGCTCTTCTGCTCTTCCCCGTTCCAGCAGGTCCATGGAACACAATAAGACTAAGTTTGGGGTGATTTTTATCGTAAATATTGTTTATGGACTTATCTGACTCCAAGTCTCCTCAGTACCTTTCTAAGAGTCGCAACAAATCTCTCGTTTTCTTCTTTAAGGCCTACTGTGACTCTAATGTGATTGGACATGCCAAAATCAGAGCCGGGTCTAACGATAATCCCCTCTTTAAGAAGTGCATCGCATATCAGATCTGATTTTTCTATTTTTATAAGCATGAAGTTGGTATGTGTTTGGCTGACTTTTACGCCCATTTCTTTGAGAGCTTTTGTTGTCTTTTCTCGCTCTGATATTGTTTTTTCTCTAATATTAAGTATGTAATCCTGCTGATCCAACGCTACGACAGCTGCGGCTAATCCGGCTTGGGTTACGCTAAAAACCCTTCGTACTTTTGCATACGAATCTACAATGGGCTTGGGAGCAATGGCATAGCCAATTCGTAAACCAGCCAAACCGTAAATTTTAGAAAAAGTTCGGAGAATAACAACAGTTCCCAGTTGGCGGAAAAGATCAACTCCATTTAAATAAAATGGATCTGAAACATATTCCGCGTAGGCCTCGTCAATAATTAACAATGTTTGTTTGCTCTCCAGTTGATTAGAAAGCTTAATAAGGTCATCTCTGGCTACAAAAAGGCCTGTGGGGTTATTGGGATTACATAAAACGACAGCTTTGGTTTTTGTGGTACAACTATCCGCCAACCCTTGAATGTTAGGCATAAGATCTTCGCCCAGGGGGACTTCAATACAAACAGCTCCTGCTGCAGTAGCTGAAAGGCGATAGAGAGAATAGGTCGGAACAGGAAAAACAACCTCATCGCCCTCATCGATTATCGCTTGAAAAAGAGAATACAGAACACCCTCGGTTCCCGTGCCGACCATGACTTCCGAAGGAGAAACGCCCCATTTTCTCGCAATAGCGCGCTTAAGGTGGTAAGCCGCGGGATCGGGATATCGTGAAACATCAAGAGCTGCGTTAAGAACCGCCTCCCTGACCGGTTCAGGCAGGGGCCAGGGATTTTCGTTCGAGGAGAGTCGAACGACGTTGTCAAGGCCCAACTCCCTTTGCACCTCTCCGATCGGCTTTCCCGGACGGTAGGCCTCTAGGTCCACGAGAGATTTTCGTGTCAATCGATCCAACCAGGCCAATCTTTTTTCCTCCTCACTGATGATTCGCGAAAGCTTCCGGCGTCTCGACGGGAAAGGATGCCTTCCCGTCGTCGTCAAGCACCGAGATCAGGCCGCCGATCTGTCTGATCTTTTCGACAAAAGCTTCATAGCCTCGCCACAGGTGGTGGACATCGCTGATGACCGTCGTTCCCCTGGCGGTCAGGCCAGCCAGGACCAGAGCCGCGCAGGCCCGCAGGTCCGTTCCCCGCACTTCGGCCCCATTGAGAATAGGCGTGCCCGTCACGATCGAGGTATTGCCCTGTAACTCAATTTTCGCTCCCATGCGTTTCAGC
CP074691.1_gap47	1536676	1538136	1460	ACGACGTCCGCTCCGAGGTCTTTGCTGCACATGCCCAGGTAGCTCCCGCCGTAGGCTTTCCTGAGGACGAGGGTGATTTTGGGGACCGTGGCCTCGCTGTAGGCGTAGAGGAGTTTCGCCCCGTGGCGGATGATGCCTCCCGTTTCCTGCGCCAGGCCCGGCAGGTAGCCCGGAACGTCTTCGAAGGTGACGATGGGGATGTTGTAGGCGTCGCAGATGCGGATGTGGCGGCTCGCCTTGTCCGAGGCGTCGATGTCGAGGCATCCCGCCATGTGTTTGGCCTGGTTGGCGATGATGCCGATGACTTTGCCCCCGACGCGGCCGAAGCCGGTGACGATGTTCTGCGCCCAGTAGGGCTGGATCTCGAAGAAGTCCCCGTCGTCGACGACTTTGACGATGACGTCCCGCACGTCGTAGCCCCTGTTGGGGTTGGTCGGCACGGCTCCTCTCAGCTCCGGGACGGTGCGGTAGACGTCGTCTTCCGTCTCTTTGTGGGGCGCCTCTTCCATGTTGTTGCTCGGCAGGTAGGAGAGCAGTTTGCGGACCTGGGCCCAGCATTCCCCTTCGTCGGCGGCGAAGAGTTGGGCCACTCCCGAGACGCGGTTGTGCGTCATGGCCCCGCCGATCTGTTCGCTCGTCACTTCTTCTCCCGTCACCGATTTGATGACGGCAGGGCCCGTGATGTGCATGATGCCGATCTTGTCCACCATGAGGGTGAAGTCCGTCAGAGCCGGGCTGTAGACGGCACCGCCCGCGCAGGGACCGGCGATGACCGAGATCTGCGGCACGACCCCGCTGGCTTTGACGTTGCGGAAGAAGATGTTGCCGTAGCCCGAGAGGGCGTCGACGGCCTCCTGGATGCGCGCTCCGCCCGAGTCGTTGATTCCCACGACGGGCACTCCGTTCTGCAGCGCCATGTCCATGACTTTGCAGATTTTCTTGGCGTGCATCTCGCCCAGAGATCCGCCCAGGACGGTGAAGTCCTGGCTGTAGACGTAGACGAGGCGGCCCTCTATGGTCCCGTGGCCCGTCACCACTCCGTCTCCTTCGTAGAGCTTCTTCTCCAGACCGAAGTTGACGCAGCGGTGCGTCACGAATTCGTCGATCTCGACGAAACTCCCCTCGTCCAGCAGCGACGCGATACGCTCTCGGGCCGTCATCTTTCCCTTTTCCTTCTGCTTCTCGACGGCCTTCGCTCCGCCTCCCTGGGCGGCCTTCTCCCTGCGCGACAACAGCGCCTCGCAGAGCTGGTCGATCGTCTTTTCCGACATGCTTCCTTACCTCCTCGGATGATGTCCTCTCCGTCAGGCCTCTCGACTGAAAACCCTGTCAAGAAGTTCTCCGGCAACTGAGTAGGGATCAAGAGTTCTTTCCGCGAGACCGTTGAGCAGTTCCACGGTTTTCCTCTCATTCCAGGAGTTCTCGACAACGCGGGAAATCTCGCGTCGCATGATCTCCTC
CP074691.1_gap48	1546826	1548760	1934	AGCGTGACCCATATGGAGAGATCCCGTCACGTTAGGCGGGGGAATGACGATACAGAAAGGTTCTTTCGTTTCGTCGACGTCGGAATCGAAAAGTCCCTTATCGAGCCACAACTGATACCATTTGTCCTCGATGGGTTTGGGATCGTAATTTTTCGACAGATTCTCTCTGATCACAGGTCGGACCTCCTCGGGTCAGGTCGTTGATGACAGGCGATCTCTCTTTGCGTCACTGAGGCCGGGATTCGGCGACGATTCCCTCGATGAAGGAGCGGAGCTCCTCTATGCCCGTTCGGTCCGTTCCGGAGACCAGTAGCGGCTCGGTCAGGGAGAAAAAACCGGCCTTGTGGTAAGCGGCCAACACCGATTTGCGCCTGCCTCGGCTGATCTTGTCCACTTTGGTGAAAACGAGCTGAACCGGGAGGCCGATCCGGTTGGTCCACTCCTGAAGATGGCGGTCGTTCTCCAGGAGGCCGTGGCGAAAATCGACGAGCTGGATGGAGAGGAGAAGGCTCTCCCTGTCGGCGAGGTAAGACTCGATGAGCTTCTGCCATCGAGCCCTCTCTTTTTGGCACCGGGAGGCAAATCCGTAACCGGGGAGGTCGACGAGCCGGAAAGGCCGGGCATGACGTACATCGAAAAAGTTGATGCTGCTCGTCTTGCCCGGTGTCCCACTCACGTGGGCCAACCGACGCCCCATCAGGGCATTCAACAGTGTCGACTTGCCCACGTTGGACCGTCCGAGAAAGGCGATTTCGGGCACCGTTGCGTCGGGGAACTGATCGGGAAGGAAGGCCGTGGCGAGCAGTTCAGCCTGCCATGCGCTCACGGCAGATCTCCGACGGCAAGGGCGAACCGAAAGACCTCGTCGACGGAATCGACGAAATGAAAGGCCATTCCCCGATGAACCCAGCGGGGAAGCTCACCGATGTCTTCCCTGTTGGCCTGCGGAAGGATGACATTCATGATTCCCTGTCGTCTGGCGGCCAGGACCTTCTCACGAACGCCTCCGATGGGCAAGACTCGTCCCAGAAGGGTCAGCTCCCCCGTCATCGCCACATCGCAGCGTATGGGACGTCCGGTGAAGGCCGAGGCGATGGCAAGGGCCATGGTGACTCCGGCCGAGGGACCGTCCTTGGGGATGGCTCCCTCGGGTACGTGCAGATGGAGGTCCAACTCCTCCCAGGGGACGGATGTCTTGCCCAGCAGCTCGGCATGGGACTTGAGACACCCAAGTGCCGTCTTGGCCGATTCCTGCATGATCTCGCCCAAATTACCCGTCAGAGTGATCTGTCCCTTCCCCTTGAGCTTGACGGCTTCGATGACAAGAACATCGCCGCCCGATTCCGTCCATGCCAGTCCGATAGAGGCCCCGACGGTCGGAACATGAGGAATGTCGGGGCGATGGGATTTTGCCGTCCCCAAGAAATGGACCAGTCTGTCGGCCCCGATTTTCACGGGCCGTTTCACGGAGCGGCTCCCCTCGTCGGTCTCGACCAGCAGGCGCGTCACCTTACGGGCGATCTTGGCAAGTTGGCGTTCCAGGTTGCGAACGCCGGCCTCTCTCGTATATTCGGAAATGATGCGCTCCAGGGCGGCCTCGCTGAGGGAGAAATCTCCTTCGGTAAGGCCATGCTCGCGGAGTACACGGGGTAGGAGATGACGACGGACGATATGTTTTTTCTCCTCGGCCACGTAGCCCGAGACGGAAATCGTCTCCATTCGGTCCAGGAGAGCCTTGGGAATGGAATGGGTGGCATTGGCCGTCGTCACGAAAAGAACGCGGCTCAGGTCGAAGGGAACCTCGAGATAGTGATCGGTGAAATGATCATTCTGCTCAGGATCGAGGACCTCAAGAAGAGCCGCGGCCGGATCGCCTCGAAAATCGGCCCCGACCTTGTCGATCTCGTCCAGGAGAAGAACGGGATTGCGCGTCC
CP074691.1_gap49	1552593	1556092	3499	CCGTCACTTTTTGGATAAACTCGCTGTCTACCTCGGGAAGAAAGGGTTCCTTGACGGCCTTGACATTGAAGAGGTAACGGACGGTTCTCCCGGCGACTTTCTCGTCAGGGTAGTCATCGGCGAGGGCGATAGAGACTTCCACCTCATCACCAGCGGCCCTGCCCAGCAATCCCTCGCGAATCTCGGGTCGAAGAGCCGGAGCGGACAGATCCAGAAGGGTATTCTCCTCGTTCCCGCTCTCCTCCGGCCCGTCGGCACCGACGATTGTCGTTTTGTAGGAGACGTCGACGGCATGATGGGCTTCGACGGCCCCATCAACGACGTTGTACTGGACCTCTTTGCGCCGAAGCTCCATAATCGTCTCGTCGACCATGGACTCCTCGAAGGCGACGGAGGGAATCTCCACCTCAAGGGACGAGAGGTCAGCCTGAGTCACCTCTGGGCGAACCTCGACAGTCAAAGTCAACTCCAGAGGATGGCCCTCCTGGATCGCGCCCAGTTTCAGATGAGGTTCAGCGATGGGATCAAGCCCATACTCCTCGACGATCTCCCGAAGAGCGGCGGGAATGACACGCTCAAGGGTCTCCCCCTGGATCGCATCTTTACCCATATAGAGTTCCAGGACGCGACGGGGTACTCGGCCTTTCCGGAAACCCTTGATGTTGGCCTTCTCGGAGAGTTCCCGCAACGTCTCCCGGAGAGCGTGTTCAAACGCGTCTGCTTCTATTTCTGCCTTGATCGTGACGATGTTCCTCTCCTGGGAGAGAAGCTCACTCTTCACCTGGTGACAACCCCTTTCGGACCTCTTATCGCACGCCTAACCAGCGAAGTATAACACAGGACATGATCCAAGGAACAGGCGGAGACCTGTGATTTGACGCTGAACGCCGAGGAAACACACAAAAGAGAGGCCTCCGAGAGCCTCTCTGTCTGGCCTGAAAACGCGCCACCGGATATACGCTCCGGAACTGGTGCGAAGGAGGGGACTCGAACCCCTACGGCCTAAGCCACTGGATCCTAAGTCCAGCGTGTCTACCAGTTCCACCACCCTCGCACTCAAAAAATTGGTGGACCATACAGGACTCGAACCTGTAACACCCTGATTAAGAGTCAGGTGCTCTACCAATTGAGCTAATGGTCCACTGAAGGGCGAGCCGCCCGCCGCTGATGGAAAGGACGATCCAACGCCGGACTAGGGCATTATAGAGTGGTGCAACGCCTCTGTCCATAGGACCATAGACTCATCGACTGCTCCATCATGGCGTTCCTCTCGCCGAGCTTCGACCGCGTCCTCTCCGTGATCCGACCTGCGAGCCAGACGCTCTTCCCCCCGCCGGTGACCGATCGAGCCTCGTTACGGCGAGGCCCCCTCAAGGTTCGGAGGTTTCCTGCGACTCGAAGGGAGCATGATCCTGCTGTTCCTCGATGGTACCAGGAGTGCTGGCGCCGACACCGTCGCTCTCTTTGCGGAATTCCTCCTCGACTTCTTCCCGTCTTTTCCGCTCAGGCGCCGCGTCGCGGGTCACATAAGTCGTATTGGAGGGGAAGGCGAAAGCCGTTCCCGCCTGATCGACGATTTCTCCGATGCGAAAGAGAATGTCCTCCTGGACGGCCAGAAAAACGTCCAAGTCGCTGGTTGCGATGTAGGCCCTGACCGAAATGTCGAGAGAGTAAGCGTTGAATCCGACGAAGCGGACCCGCGCCTCAGGGAAATCGTGCACTTCGGGGTGGGCCAGAAGCATCTCCCGCAATCTCGCCAGAACCCAACGGAGCTGATCCAAGGTGGTCTCATAACGGAGTCCCAATGTCGTCTCGAGGAGGATATAGTCACGGCGGCTGACATTGACCAGCTGGAGTTGAGAGAACTCGGCATTGGGAATGGAAGTGACCGTCCGGTCCAGTCCCTGGATCCGGGTGGAACGAAGGCCGATCTCGACGACGGTTCCCGACGTGCCGCCGAAACGGCAGAAATCGCCCACTCGGACAGGACGGTCGGCGAAGAGAGTGAGGCCGCCTATGACATTCTCCACCGTCGGCTTTGCCGCCAGGGAAAGAGCCAGGCCGACGACACCGAGACCGGTAATGACGGGAACGATGGAGACGCCAAGCTGACCGGCGCCGTAGAAGAAGAGGGAGAGGGAGAGAAAGATCCCGATCAGGTTGGCCATCGTCCGGACCATGCTGCCGTCGATCCCCCGGGAATCGATCCGTGGAGAGAGGACGAAAAGTTCAGCCAAGAAATTGCAGCCCTGAAAGACCAGGCAGGCCCAGAAAAGAAGGCGCAGCCCCACAAGAAATCCCACGACGACGAGAAGAGCTCGTCCCGTAATGTTGACGACGTCGTCGATGACATAAGCCGCTGCAGTGAGAATGCCTACGGCCAGAAGCATAAAAAGGATACGGAGAGCTCTTTGCCTCAAGGCGGCAGCCTTCCCCCTCATTTTAGCGCGGTAAAGACCTCCGGCAAAAATGATGGCTTTGACGGTCACTAAAAGGGTCAGAAACAGGGCAAGCCACTGCCAGATCGTCTGGTCCCAGATCTCGCGCACAAGCCAGGAGGGTAACTCGGAAAAGCGCACCAAACTCAGGAGCCAACGGGGAGGAAGGAGGTTCCCGGGTGAAAGGCTGTACCACTCGAAGAAGCCGCCGATGACGCCGGGCCTGTAGGGAAGGTGGCGGACGCGGCCATAAAACGTCTCCAGCTGAGCAACCGTTTCGGCGGAGAAAAGGAACTGCCCCTCACGATCTCCGTTGTCGACGCGCCTGATGGTAATCTCTGTCTTGGGGATGCGCCATTGGCGCATCGATTCATGGGAAGACTCGGTTTGGACCGCCTCGTCACCCGGAATATCTTCCCAGTCAGGCAGGGCGATGCGATCGAGAATCTCTTTGAGGAGCAGCACCGCCTCGCGACTGACATCGGCACGATAAACGACAGGAATCTGGGACGTATCGAGGCATTGGACAGCCCGGCGAAAGTGGGCAATGCCCGCATCAATCAAGGGTCGAGCCTCTGAAGGATGGTTGAGACGATTTCCGGAGAGATCGCTGACAAGAATGGCTTGGTTGAGGTATTTCCACGCTTGGTTGACGTTTTCGATGAAAGATATCATCGTTGCCCTCGGGCTGGATGTATCGGCAGGCTGAAGAGGATTTTGCCACGAATATTCAATCTGCAGAGCATGTGAAGGCGAGGCCAGAAACATAAGAAAACAAAGAGAGAGCGTTATCTTTTTCAAACGAACTTCTCCCTTCATAAATAAGGAATATTTTAAAAGACAAAAAGGAGAGGTCTCCCCAACGGAGCCTCTCGTCTCTTCAACAAAACGAGCCTAAAAGAGCGAACAAGTGACGTCTCTTCTAGGCTCGCGCTAAAAATGGTGGACCATACAGGACTCGAACCTGTAACACCCTGATTAAGAGTCAGGTGCTCTACCAATTGAGCTAATGGTCCACATCTAAACGGAACGGAACGACGTCCGCTATTTACTGGGGTGAG
CP074691.1_gap50	1583126	1587302	4176	GAGTCACCCGATCGGCGAATCCGATGCTTCCCCCCACGGGAAGGCCGTAGGCCAGACGGGAAACGCGGATCGTCAGGGGACGGAGGGCTTCGAGGACGGCATAATAGGTCATATCACCCTCGATACGCGGGCTCGTGGCGAGGATCACCTCTTTGAACTTTCCCCTCTCGAGGCGCCCCGCCAAACGGCCCAGGGCCTCAGGAGGCAACTCCTCTCCGTCCAGAGGAGATATGCGACCGCCGAGGACGTGGTACAGCCCGTTATGAACGCCCGACTGTTCCAGGCTGATGAGGTCCTCGGCCGTCTCGACGACGCAAAGCGTCTCCCTTTCCCGCAGGGGATCGCGACAGACGGAGCAGGGATCGATGTCGGTCAGATTGCCGCACTCGGGACAGGGATGCAGACTCTCGCGAAGGGTCACAAGAGCTCGCGCCAACTCCCGAGTCCAGCTCTGAGGCTGTTGCAGCAGGTACAGAGCCATGCGGCGGGCGCTTTTCTCTCCCACTCCGGGGAAACGCCCCAGAAGGCCCGTCAGTTTCTCCAGGGGTTCGGGAAGGGACAAGGTCAGGGCCGCCTAAAAAAGGTTCGGCATGCCCAGGCCGCTCGTCAACTGTCCCATGCGATCGTTCGAAAGCTCGCGGGAAGCTCGAATCGCTTCGTTGACGGCGGCCAGAATCAGGTCCTCGAGCATCTCCACTTCCTTGGGGTCGACAACTTCCGGATCGACATGAACGGCGACGATATCTCCCTTGCCGTCGGCCACCGCCTTGACCATCCCGCCGCCGGCAAGTCCCTCGACGCGCTCCCTGGCCAGATCTTCCTGAACCCGCGCCATTTGGGCCTGCATTTTCTGGGCCTGCTTGAGAAGCTTATCCATTTTCATCGGTCCATACCTCCTGAAAGAACTAAAAGAATGGTCGAGCGGGTCAATGATGGTACGAGGTGCCGAGACGAATCATGACAGCCCGATACAGTTGCTCCGCGACGAAAAGCAGAGCCAACTCGTGGGTCAAGGTCATGGGCGAAAGAGAGAGCAGGGCATCGGCCCTGCGCCTGAGATCTTGCCCGACACCGTAGGCACCTCCCACGACGAAGACTATTTTCCCCGAAACGTCCTCCAGCCGACTATAGAACCATCGAGAAAAGGCGGGGCTGTCCATCATCGCCCCCCTTTCGTCGAGAAGAACGACGAAATCCCGCTCCCCAAGGGCCTTGAGAATCCGCCGCGTCGAGTCATCCCTGCTCGATGAGGCATTCAGTCCTTTCGTCTCGGGAAGCTGGACCCACTCAAGGGGGAGGTGGCGCTCGACGCGCTTGAGGTATTCCCTCACTCCCTGAACGACGAAAGGCTCCTTCAGCTTCCCCACAGAAAAGAGGGAAAGCTTCATGAGCTCTCCACTTTAGTGACCGCTTTCCGGAGAAGGTAGGGCTCCATCAAAAGCTTTTTCCCGCAGCCAAGACACTCGATCTCGACTTCAGCACCGAGACGAACGACTCGCCACTGGCGGCTTCCGCAGGGATGAGGTTTGCGGAGACGAAGGATCATTCCGGGCTCCAGGCGCTCTTCCATCAGCGTCAACGGAGAGTCACTCCCTCTCTGCTGCGGCCCAGGAGAGGACGACGTCCACGTCGCCCTCTCACGCCCGTCTCCCATAGAGCCCGAGACGGGTGGCGACGACGAGAGAGACGAAAAGAGGAAGATGACAGACACGGCTCCACCGCCAAGGCTCCTGAAGGGTCCGGTAGAGCCACTCCAGTCCGAGATCCTGCCAGATTCGAGGGGCCCGCCTGAGATTCCCCGAGAGGACATCGAAAGAGCCTCCCACCCCGACGAGTACGAGAGGGGCGAGGCGATCTCGGTTTCTGGCGATCCAGGCCTCCTGGCGAGGCACACCGAGCCCGACGAAAAGGATCCTTGCCCCGGACTCGACGATCGCCCGGACAAGAGCGTCTTCGTCCTCGGCTCCTCCATAGCCGTCCGCCGTTCCCCGAACATCAAGGCCGGGATAGCGGAAAGCCAGGCGTTTCGCTGCCTCGGCGGCCACGCCGGGCCTGCCCCCCATGAAGTAGAGAGGAAGAGCCTCGGCCGACGCCGATCGACAGAACTGCTCCAAAAAATCGATACCCGTGATGCGCTGTTGGACGGGGCATCCCAGGAAACGCAGTGCCCAGACGAGCCCACGCCCGTCGGGAAGGACCAGAGAGGCCCTGCTGATCCATTCTCGAAAATCCCCGTCACGGAGAGTGCGCAAGGCGGAGAGGGCATCGAGGGTGGCAATGTGCTCCGACCGCTCTCCGTAACGCGCCCACGAAAGGGCCCTGCCGAGTGCGAAGGGAAGCGAGACGTTGTCGACTTCGACTCCCCAAAGGGATGAACGACGCCCCGGTGCGGAGGTGTTTCGGGAAAAGGCCCCCTGAATGACGAGGACGAGAAGAAGGGTGACGAAAAGACCGGCCGCCAGCCGCAGGGGGGACGAAAGCTCCATCTGCAGAAGAGCGACGGAAACTCCGACGGAGGCGCAGGTTGCCGCCGTCATCCTGACTGCCCTGGGGTGATTGATGCCCCTGCCCACGAGACGGTGATAGAGAGAGATCTCCCCCATTTCAGCCAGGGGCATGAAACGGGAACAGACCGTCAGAGAAATCTCCAAAAGGGGCAGTGCGAAAAGCCCCAACGGAAGCATCATCAGGGCGGTAAAAGTAATTCCCTTGCTCACGCCTAAAATCGAAAGTCCCGCGAGGAAGACGCCCCAAAAACCGCAGAGGGACTCGCCCAGCGTCCGGTAACTATGCCCGTGGCGACTCCAGAAGACCGTCAGAAGGGAGATCCCGCAGAGACCGAGGAAAAAGGCCTCCGGAAGGAACTGGCCACTGAAGGCCGTGACAAGAAGCATCAGGGCCAAAGAGACGGCGACCATGTGCCCCGCCAACCCTCCGACGCGGTCGAGCTGGCGAAGGACGAGAGGAAAAAGTCCCACCCAAAGGGAGGTGGCCACGACAGACGCCAGAGGAGAGAGGTAGTGCAGGGAGCCGGGCAGACCGATGAAATCGATGCCGGGCCCCTCTAAGGCCAGCAGGAGTCCCACCAGAAAATAGCAGGGCCAAAGAGGAAGCCGATAGAGGGAAATGGCGAGTCCCACTCCGGAAGCGAGGAAGGCACAGAGAGCCACCGCCTGGACAAGGACGTTGCCGGACCAGAGGCTCGCCACGGAAAGGACGAAAACGAGTCCCAAATCGCGCAGATAATCATATTGCTCCGCGCTGAGGTGCCTTTTCAGCCCCTTTTCGGCAAAGAAACAGACCAGAAAGAGCAGGACGGCCAAAACCAAACCGGTCCTATAGGCATCGAATGCCATCGACTATCGGCAACCTCCTCGTCGTTGAACGATTGCGTTCGCTCCTTTGACGGTTATTGTACCATGTCTCAGTCATGATAACCGCCTGAAGGGTCATGAAGAGGCCGGTTCCAGACGGGTGACTCCCCTCATGTAGGGGACGAGAACGTCGGGGAGATCGACGGAACCGTCCTCCCGCTGATAATTTTCCAGGACGGCGATGAGACAGCGGCCTATGGCAATGCCCGAGCCGTTCAAGGTGTGGACGAAACGTGGTCGCCCTCCGCCTTCGGGGCGATAGCGGGCGTTCATGCGTCTAGCCTGGAAATCGCCGCAGTTGCTGCAGGAGCTGATTTCACGGTATTTCTCCTGCGAGGGGATCCAGACCTCGATGTCATACGTTTTCGCGGCCCCGAACCCCATGTCCCCCGTGGAAAGACAGACGACGCGGTAGGGTATCTCCAGTAGCTGAAGCACCTTCTCCGCACAGGCCGTCAAATGCTCCAGTTCCTCGTAGCTTTTTTCCGGGTGGCAGATCTTGACCATTTCGACCTTGTCGAACTGGTGCTGCCTCAGAATGCCCCGCACATCGCGGCCGTGGGCTCCCGCCTCGCGCCGGAAGCAGGCCGTGTAGGCCGCGTAGTAGAGAGGAAGCTGACTCTCCTCAAGGATCTCATCGGCATGGAGGTTTGTCAGAGGGACTTCGGCCGTCGGGATGAGCCAGAGGTCGTCGTCGGCACAGCGATACAGGTCTTCGGCGAACTTGGGAAGCTGCCCCGTGCCGGCCATCGCACGAGAATTGACGAGAAAGGGGGGGAGCACCTCCTTGAATCCATGCTCT
CP074691.1_gap51	1677502	1682112	4610	GAGAAGGGACCTGCCTTGGCGCCGTCACGGAGGGTGCTCTCCCTGACGTGGACATGGCCGACAATCTCGACGAAACGCCCGATGCGGGCATCGCGGAGGACGGAAAAACTGCCGATGCGGCTTCCCTCGCCCACCTCCGTCGCCCCCCAAAGCTGAACGTGAGGATCGAGAAAGACATCGGGGGCAAGCATGACGCGGGGGCCGACCCAGACCGATTCGGGATCGATGCACTTGACTCCGGCCGCCATCCAGGACGCCAGAATCCTGTCGCGGAGGGTCCGCCCCAGAGCGGCGAGCTGAAGGGGATCGTTCACGCCAGCAAGGTCATCGGCACGGTCCCAGAGAGAGGCTTCGACGAAACCTCCCTTTCGGGCGATGGCGGGAATGACGTCGGTAAGGTAGTACTCGCCCTGGGAGTTGTCGCAGGAAAGTTCCGAAAGAGCCTCATCAAGGGCCGCCGTCTTGAAAAGATAGACGCCGCTGTTGACCTCGCGGATCGCCCGTTCCTCGGCAGAGGCATCACGATGCTCGACAATGCGCAGCCCCTGCGGGGAGCGGACAACCCGCCCGTAGCCTGCGGGATCGTCGAGTTCGATGCTGAGAAAAGTCGCATCGGCCCTGCTTCGGAAGTGTCCCTCGGCCAACGAGCGCAGAGCGGGAGCGGAAAGGAGGGGGACATCGCCGGGGAGAACCAGAAGATGATCGAAAGCCTTCCACCAGTCGCGGCCGACGAGGACGGCATGACCCGTCCCCTTCTGCTCCCTCTGCCAGAGGACCTTCGTCGAGGGCCAGGACTTCTTCAGGTAGGCCTCGACGCGTTCTCCTTCATGACCGACGACGGCGGCAACCTGATCAAGCCCCAGGCCGGCGAGAGCCCTCAGCGGATAGGAAAGAAGGGGCTCCTCCAGAAGGGGCAGAAGAACTTTGGGCAGAACGCTCTTCATTCGCGTACCCCGACCGGCCGCCAGCACCAGAACGGCCATTGAAGCAGAAACGGACATGGATCTTCCTCCCCGCAAGAAATGATCAAAGGCCATCCCCTTTTCAAGGCGAGCCTTCGGGGACGGCAAAAAAAGCGGGAAGCCCCAGGGCTTCCCAGGCTTTGCAGTCTGGCTGGGGTGGCTGGATTCGAACCAGCGATGGCGGATCCAAAGTCCGCTGCCTTGCCGCTTGGCTACACCCCAGTAAGGCCCAGCCATTATAGCCCGTTTCGACGGGAGGATGTCAAGATTGAAGGCCGAAAAGAGAGGATTGTCCGCCCCATTGGGAAGGGAAAGGTTTCGGGAATCGTCTATTCGGATGAGGAAAGATCACGAAAGCGATCTCGATCTCCCGGTTAACCTAGGCCTTTCACGGCGCACGGCGCCTTCCTCCGGCCGAACCTGCGGAGGATCTTGATCGAACGGACCGGCCCTATCCGCCCCCAGGCCGGTAGAGACTCCCGTAGAAACCCAAAGCCTCGAGGATCCCTTCGGCGTCCTCGCCTGAGATGCCGACGGATCGCCCAAAGGGATGCCGCGACGGGCCGGAGATACTCCAGATGGCCCTCGTCGAGCGTTCTTCCTCTTTTTCCGGCCCGATCCGAACCCGGCCTTTCATTTGCCATATAAAATAATAAAATTTTATATAAATTAAATTTTGTCCCAGTCCGGAGAATAAATAAACGTAAAATCAATAAATATCGTACTCCTGGCCGCATAAAATGAAACGGTTCAACGTCTTCCCCCCTTGCCCTCCATAAATCTCCATCTTTCTTAACAAAAAAAAGTGTTAATTATTTTCTCTACGGTCTTGCCAGAAATATCTCCAGGCCCTAATATATTGAAGCGGGTTCAAGCAACGTGGCGTCTTTTTCACAAGTCAGGGAACAGGGAGGTAGAAGCTATGTGGACCGTCGAAGAAGGCATTTCCAGGCTCCGTGAGGGCGGAGCCAAGATCACGTCCCAGCGCATCGCCATTCTCCGTCTGCTGAAGGGCAGGATGGATCACCCCTCGGCAGATCAGGTCTATAGCGAATTGCGCGAGGACTTCCCCACCATCTCATACGCCACCATCTACAGCACGGCCCAGCTCCTGGCCAATTCGGGCCTGATCCAGATTCTCAGCATCGACGACAAAAGAGTCCACTTCGACCCCGATCCGAAACCTCACGGCCACTTTCGCTGCGAATCCTGCGGGGCCCTTTACGATTTCCCCATCGACGAGGAGATGCTCGACCGTCTCCGTCACGGTTCCTCGCAACAGGCCCACAGCGTCCAGATTTTCGCCTACGGCCTCTGCGACGACTGCCGCAGGGCCGCCTTCGATCTGACGGAAAGGATCGCCGCGGAAGAAGAGGTCCTCGTCGAAGCCTAGAGGAGGGAAAGACGCGACCGCGTCCGATCGGTCCGGCGCCTTCTTCCTCTTCCTTTCGGATCGGCTTGCCGGACGGGGAACGTCGCGATCCGCTCTCGCCGAGAGAAGACGTCGGTGCGACGCGGAGAGGACGGCCCGCACGTCCGAAAAAGCCGCCCCAGAGCGTTTGCCCTCCGCGGGAGAGGACGAAGAAGAGGCCTTTCGGGCCTCTTCTTCGGTGAGAAGCGTTCGGGAAACGTCGAATGGCAGGAGGGCTGCGCCATGATGGCCATGTTCGTCGCCGCAACGATGCTCTACGGTCCCTATCTCTGGTGCCGGTTCCGCCGCGAGACCTTCGAGACCTACGGTCTCCGATGGACTCTCCCCGCGGGGGCCCTGAAGGAAACGGCCCTTTGGACGGCTCTCACCCTGCCGCCTCTGACTTTCATCGCCCTGGGCTGGCCCGGCCTCTCGCTGCCCCATTCCCCCTCTCTGCAGACGGCGACAACTCAGATCACCGCCGGCTTCGTGGCAGCCATCGTCGAGGAAACCTTTTTTCGCGGTTGGGTGCAGTCTCTTCTCTCCCGGCGCCTCGGCGCCCTCCCCTCCATCGTCGTCGCCTCCGGCCTGTTCGCCCTCAGCCATCGCATCGTCAGACCCGAGCCGATTTTCCTGGCCACCTTTTTCCCCGGCCTCGTCATGGGATTCCTGCGCCATCGCCACGGCAGCGTCGCCCCCGCCGCGCTTTATCACGGGCTGGGGAACATCTGGGCCGTCTGGTTTTTTCCCCTCCCTTAGGGAGAGCTTTATTACGAAAGGAAGTCCGTTATCGTGAAACGTGCCGCATTCGTTTCGACTCTGTTGACCCTCTTCTGCCTTCTCTGTTTCCCCCTCTCCTCCGAGGCCGTTGCTCTTCCCTCCGGCTTCCCCTCCGAGGCCTTGGCCCAGCGGAAGGAGCGATTCCTGTTCCGAATGGAGATCCCCCTTTCCATCGGAGCGGAGACCCTTGTCCGACTTCCTTCCGGGGAGATTTTTCACGGGGGGAAGGTTCTCGCCCTGCCCGGCTCGAGCAAGTGGCCCGCCTACACGGCCAGCCGCTGGGCCCGCCCCGGAACGGTGGCCGCCACGGCCGTCAACGCCATCCATCTTCTTCTGTCCGTCGAGGAGGAGAGGGGACGGACGATCAGCCTCCTTCCCGGCGAGACCTTCGCCCCGGCTGCCGGAGAGGGCAACGCCGTCGTCATCGATGTCCCCGCAGGCAAGGGCTTTTTCGGGGCCTGGGCTCCGACGGTGGGATCGGCCGTGACGATCATGGCGCGCGACGGGAGTCTGCGCCCGCTCAACGCCCAGACGCCACCCCTTCCGGGAGAGAGGCTGATCGTCGACGTCGTCGAACGTCCAGGCCCCTACATGGTCGAAATCGACAACCGGCCCGGAGGCGACGTGCTGGCCTGGATCGACGGCTACGGCGCCCGCAAGATCGCCTCCGTCGTCCGCCCGCTTGGTGGCGTGGGACGCTTCGGCGGCTCTCAGTTCCAGTCCCCGAGCCGTCTTCGAGCCAACCATACGGGCGTCGTCTGTATCAGCACCTCCCCCAGGGGGGACGTGGGCGGCTTCCAGATCCTGCCTCTCCTCCACGCCCATTCCCCGGAGATGAAAAGCGCCTGGGAACTGACGCAGTGGCTCATCGTCGAACCCGTCGACGATGGCGATCTCGTCGGGACGGCGCCTCTTTTTTCCGACTATCTCGTCCCGGGACCGGCGGAAGACGAGTCGCTCTGGGATCTCTGGTCCACCTACGGGCGACGCTCTCTCGTGCTCTGCCGCCTCGACGACGGTCCCTGGCGGAAACTGCCCGTCCTCGTCGGGCGCGACGACGGGGCCCTCAAAGCCGTGACGCGTCTCAAGATCTATTTCCCCTGGACCTCGGAGCCGGGGAAATAGCTCCGGGGAAATAGCGCTCTTCCAAAAGGGGAGAGGGGCCGCAAGGCTCCTCTCCCCTTCCTTTCTTGACTCCTTGAGGCATCGCTCCCCGAGGCGGACGGGTTTTATTCGACCGTCACGCTTTTGGCCAGGTTACGGGGCTTGTCGATATCGCAGCCTCGCCTTTTGGCGACATGGTAGGCGAAAAGCTGAAGGGGGATGACGGTGAGGAAGGGAGTGAAAGCCTCGTCCGTCCAGGGAACGGTGATGATGTGGTCGGCGTAGCTTTTGAGGAGATCGTCTCCGTCGGTGCCGAGGGCGATGATGGGTGATTTCCTGGCCTTGGCCTCGAG
CP074691.1_gap52	1684035	1687111	3076	CAGTCGTAGCGGCGCCCCTTGTAGGTCACACCCCACAGGGGTTCCTCTTTGAGAAGGCGGACGAGACCGTCGGTGAGTTGAATCTCGCCGCCCGCCCCTCGGGGAAGGTCGCGGAGAAGGTCGAAAAGGCGAGGAGAGAGGACGTAGCGCCCCATGACGGCCAGGCGGCTGGGAGCCCGGTCGGGAGCGGGCTTTTCCACGAGATCGGTGACGCGCCAGAGTCCCTCTCCCGCCTCGGTGGCGGCGACGATGCCGTAGCGGGACGTCTCCTCGGGAGCCACCTCCTCGAGGGCGATGACCGATCCCCCCCTCTTCTCGTGGACGTCGACGAGCTGGGCCAGGACAGGCGGCTCGCCGATCATGACGTCATCGGGAAGAACAACGGCGAAATAGCCTCCGGAGCAGAGCGCCTCGCCGCAGAGGACGGCATGGCCCAGGCCGAGGGGCTCGGGCTGACGCACGGAGGAGAAGGAGGCCAAAGTGCTGATGGCGGCCATGGCCCGTGCGACGTCCCCTTTGCCCCTCGCCTCGAGCATCCGCTCGAGATCGAAGGAACGGTCGAAATAGTCCTCGACGGCCCGTTTGCCCCGCCCCGTGACGAAGACCATGTCGCGGCAACCGGCACCGACGGCCTCCTCGACGCCGTAGTGGATGAGTGGCCTGTCGACGAGAGGAATCATCTCTTTGGGAATCTCCTTCGTCGCCGGCAAAAAGCGCGTTCCCAGTCCGGCGACGGGGAAAAGACAGCTGCGAACCGATGAGACCATGGGCTGAATCACTCCTTCGATGGACGCCATTCGGAGATCGCCGAGGAAACCTCTTCGACGAGTTCCTCCATGAGCAAGGCGTCTTTGGCTTCGACGAGGACGCGGACAAGAGGTTCCGTTCCCGAGGCCCGGACGAAGATCCTCCCCCACTCGCCCAGACGGGCCTCGGCCGAGGCCAGAGCCTCTCGGAGCGCAACGGACTGGAGGACGTTTTTTTTGTCCGATACGGCGATGTTCCTGAGAAGCTGGGGATAACGTCCGAAACGGTCGACAAGGCTGTCGATCTCTTCGTTCAGCTCGCGGCAGGCCCTCAGGAAGGCGAGCCCCGTCAGCAGGCCGTCGCCCGTCCCGACCCAGGGGCCGAGGATGACATGGCCCGATTGCTCTCCGCCGAGTCCCATCGTGTTTTCCCGCATGGCCTCAAGGACGTAGCGGTCACCCACGGGACAGCGGACCAAGGGAATTCCGGCCTCGCCGAGACGTTCCTCGAGGGCCATGTTGCTCATGACGGTGGCCACGACGCCACGGCCCAGATCTCCTCTCCGGGCCATCCACCGGGCCAGAACCCAGAGCATGATGTCTCCGTCAAGAAGTCTCCCCTGTCCGTCGCAAAAAAGGACCCGATCGGCGTCGCCGTCATAGGCGATCCCGAAGGGGGCGCGACGGGTCCGGACCGCCGTGGAGAGCGATTCCATGTGCATGACGCCGACGCCTTCGTTGATGTTGAGTCCGTCAGGCGAGGCTCCGATGAGATGGGCCGAGGAACCGAGACGCTCGAAAAGGCGGGGGACGAGGGCGGAAGCGGCGCCGTGGGCGCAGTCCACGACGAAGGCCTCTTTCACGATGCCGGAAAATTCGGCCAGACGATCGAGATAGGCGTCGGCGACGGCCCCGTCGCGGACGACGGAGCCGACGGAGCCGCCCGTGGGACGCCAGTCGTCGAGGAGGGCATCGCCCAGGGTCTCCTCTATGGCGAGCTCCTGGGCGTCGCTCAGCTTGCCGCCCTGACCGTCGAGGAACTTGATGCCGTTGTATTCGGCCGGGTTATGGGAGGCACTGATGACGGCTCCCCCCGCGGCGCCGATCTTCCCGACGGCAAAGCTGACGCCGGGCGTGGGCAGGACATCGACAAGGGTCACCTCGGCCCCGGCCGAGGTGAGGCCCGCGACGAGAGCCGCCTCGAGCATGGGACCGGAACGGCGCGTGTCGCGCCCCACGACGACGGAGGGGCGAGGCGACCCGGCCTCGGTGAGACAGAAGACGAAGGCCCGCCCGAGACGGAGAGCCATCTCAGGCGTCATGGTCCCTCTGTTGGCCACGTCGCGGACACCGTCGGTTCCGAAAAGACATCGTACAGCCTTGCTCAATGGAGTCACCTCATCTTCGAATAAGGGGGCACAGCCCCCGGAGACATCAGTCCAGAAGAGCGTAAACGGTCACCTCGGTCGGCTCGGTCCGAACGAGTCGGATGCCCGACAGGGGGAGTTTCACCTGTACGGGAACCGTCAGTTTCTTGGAGACGATATTGGTCACATCGACGACGACTTCCGGTGCCTTCCCCTCGCTCGCGAGGGCATCGAGCTGCGAGGGGATCCCTTCGACGACGACGTCGATGACTTCCGGTTCCACGCGCCATCCGGGATAGACGCTCCGTCCGATCGTTTTGACGGGGAGGGAGGCGTAAAGGCGCGTCGTCGTCCGGTTTTCGAAGAGGATCTGGACCTGGACCGCCCGCTCGGCGGCATAATTGAGCCCCTCGGGGAGAGCGGCCAGGGGAACGACGAGGGTCGTTCCCTGGACCATCTCCGAGAGATCGATGGCCTCCGTCGTCACCTCGGCGAGGGCGTCGAGATGGGCGAGAGGTCCCTGAACGGGGACTTCGGCGGGCTCGACGATGAGGCCCGCGAGGGAATAGTCCCGGTTGGCCTCGCCGACGAGGCGAGCCCGAACGGCCAATTTGCGCGTCGGAAGGCCTTCGAGGACCTTTGCCGAAAGAAAGGCCTTTTCGGGCGTGACGGAGACGGAAGAGCGCCGATTTTGAGGCAGGTCGGGAAGGACCACGGCCAGCTCGACCGGTTTCCCAAGGCGGAGTTGGTCGATCTGCGGCTCCAGACGGGCCGACTTGAGGCCGGAGATAACCTCTTCCGGTCCTCTCACCGTGATCTCCGAGGGCGTCATCTCGACGGCCTCGAGCAGGAGGCCGGGAGGAAGGCCTCCCTTGACCTCGGCCTTGAGGGGCAGGACGCGCTCGACGATACGGGTCAGGTTCACCTCGGCCAGAGAATGGGAAAGGGAGACGAGGCGCATTT
CP074691.1_gap53	1774642	1775768	1126	ATGATCGCCCCGCCCCATCCCGCCTCGAAAGCCCTCTCGATCATCTCCCGACTGCGCGTCGGAGGAGCGGAGGCCAGCAGGAAGGGATTTTTCAGCTTCACCCCCAGAAAGGTCGTCTGCAGCGTCACGTCCATATTCTTTCCCCCTTCGTCGCGATCTTCAGCAAAGATTCGTCATCGGGCGCAGCGGCGAGAGATTTCGTTCCGAACGAAGGGCGACGTCTCGTCCCCCTTCTCCATAGCGGCAAAGAAGCCCTCCAAAAGAGACATTCCGCTCCCTCTCCCCCCTCCGGAGACGTCGCTCAAGTTTCACCGGTTTCTCGTCCCCTTCTCTTCTTCTGCCTCTCCCCTCTTATACCGCCATTATCACCACAGGCGACCGCCCTTGTCACCCTCACTCCGGCACCATCCCCCGCGCGCTCGAAAAAGGGGCAAGCATGGCCACCGCCTCAACCTTCGGGGAAGAAAAGCCCTGAAGCCCTTCTTCCCGACCTCGATCCGACAAGAGGCTCCTGCCGCAGAGCGACCGCGGGAACTCTCGTTCGATCGGTCTGTCGGTATGAAATCATCTCCGCGTCGGCGAGGAAGAAGAACATTTTTTGGATATTTGACTGATATGTGGCCAATAATATGTGCTACAATACGCTCTGTGGCGCCTGCAAATCGAGGCTGTCGAGGGAAAAGTGTACAGTGATCGCCATGACAGCGGAAGAGACGGTCAAACCTCCGAGGCTGCCGGCCTATCGTCAGGAGGTGTTTTCGATGTGCGCGCACGCCTGTTCCGGGAAAGGAGCGCTCCACGCGCTCCGGCACGTGATCTCCGTACCGACCGTCTTCCCCCTTCCCTTCCTCCTTTCCTTCCTCCTTTTTCTCGGTTTTTCCATTACGGCACCGCCCGCCGAGGCGACCGACTACGACAGGGACCCCTACGAGAAAGAACACGGTCTCATCAGAGACGACGAGTTCTTCCTCGTCCGGCAGGGAACGGAAGGGAATTACGCGGGCGTCTGGTATTTCGAGCCGGAAAACGTCCTCGACGCGCCCTCCCGACGAGCGCCGAATCAGTGGCAACATCTTACGGGCGATTCCGTCTGGATGAGCAGCGGGTTCAGCCCATGGGACCATGA
CP074691.1_gap54	1812918	1816253	3335	TGGCCCATGATGATGGCGCTCATGGAGGCGATTCCTATGGCGAAAGCGACGGGCACGCTGAGCGCGATGAGGACGATCATCCCCACGAGCAGGAGAACACCGATCTCCATTTTTTCCGCCCCCTATTCCGCCAGACCGGTCGAAGGGCTCTTGACGTTGATTTCCAGAAGCCTTTCGACGAGGGCGAGAAGCATCATATAGTGGACCCCGAAAACTGGACCACGAGCTAAGTTGCAGTTGAAGTCGGGCTGTATCATAGGGTCCCAGAAAGAGAGGGGACATCATGGCAGCCAAGCGACAGAGGCGTTCAGCGGAGTTCAAAAGCAAAGTGGCCTTCGCTGCCCTGAAAGGGGATAAGACCCTGGCTCAATTGTCGGGTGAGTTCGAGGTTTCCGCCGTCCAGATCGGTCAGTGGAAGAAGCAGCTTCTGCAAGGGGGTCCGGAGATCTTTCAACGCAAAGGCACTCCGATGGATGTCGAGACGTTGATGGCCCCCCTCTACCAGGAGATCGGTCGGCTCAAGATGGAGCTCGACTGGCTCAAAAAAAAATCAGGCGCTGACGCTTGAGGGAAAGCGGACCTCCATCGATCCCGAGCACCCTTCGATCAGTGTTCGTCGGCAATGTGACCTCCTTGATCTTAACCGGTCCAGCTTCTACTACGCGAGCTCTTCCGCGACGGAGACGGCGGAGAACCTTGAAATCATGGAGCTCATCGACGGCCGGTACACCTGCGCCCCCTCTTACGGGAGCCGCCGGATGACGGCCTGGCTGCGTCGACAGGGACAGGACGTGAACCGCAAACGGATCGGACGGCTGATGAGGCTTATGGGGCTCGAAGGGATTGGCCCCAAACCGGGAACCAGCAAGCCTCACCCCGAACATGAGATTTATCCCTACCTGCTCCGGAACGCCGTCATCGTCAGACCGAATCAGGTCTGGAGCACCGATGTCACCTACCTCCCGATGAGTGGCGGTTTCATGTACCTCGCGGCCGTCATCGATTGGCACAGCCGCTTCGTCCTCTCCTGGGAACTTTCCAACACCCTGGACGCAGAGTTCTGCGTCGTCGCCCTCGACAGGGCTCTTCGGCAGGGAACGCCGGAGATCTTCAACACCGACCAGGGCTGTCAGTTCACCAGTAAGGCCTTTCTGTCTCTGCTCAAGGAAAAGGAGATCCGGATCAGCATGGACGGTCGTGGCAGGGCCCTCGACAACATCTTCGTGGAACGCTTCTGGCGGACCCTCAAGTATGAGTGGCTCTACTTGAACGACTATGAGCGGGTCCGCGATCTCCGCTGCGGCCTGCGGGAGTATATGGACTTCTACAACGACGAAAGGCTTCACTCCTCACTGAACTACAGGACACCGCGGGAGGTTCACTTTGCCGACCGGGAGGGACCGATGGCGGTCTGACTTTAACTAACTTCGGGCCTCAAATGGTCTTGACAATGGGGTCCACCATATCAGAACGGCACCGACAGGGATGCTCATGTACATGAACGACATGGGAACGTGCAGACCCGCCGAGAGCTGATTGCCCGTCTTAAGGGCGATCTTGAACCCGTATACGGCCAGACAAAAAAGGAATGACCCCATAGCCAGACAGACGAAATTATTCAGGACCCATTTCGATCTATCTGAAAACCCGTCGACAAGAAAATCGATCTTGATGTGTTTGGAATTTCTCATGGCACTTGCCGACCCAAGCAGCACCACCCATATGAAGGCATATCGGGCGAACTCTTCAGCCCATATGTTGGCGGCTTGGAATGCGTACCTCAAGACGACCTGGTAGAAGATGACGATCGTCATCAGCATCAGCAAAACGGAAATTATTCCATTGATCAGCTTTTCTCCGACATCAAAAACCTTCGTCATCCTGTGCATCACGAAGAGCCTCCCCCAAGACCTCAATGGGCCCCGCCGGCAGGGAGTAACCCCGCGACAGAGCCCACCTCAACGGTTTACTGCACCGATTTGATCTTATCGACCCATTCGACCAGATCGGGGAAATTGTCCTCGACGACCGTCTTCGTGGCTTCGCGGAAGCCGTCGATCTCGGGATCGATAATCTCCGCTCCGGCGTCCGCCCATTTCGTGAAACATTCGCTCTCGCCGTCGGTGATGAGCCGGCTCGCATAGGCGGCGGCCTCGTTCCCGGCATCGATGATGGCCTGACGGATATCTTCCGGAAGTTTCTCGAAATAGCCCTTGTTCATCATGAAAACGTCGGCACTCCAGCGATGATTGGTCCTGATGAGGTATTTGCAGGCATCGGCCAGGCCGAAGTTGTAGGAAAGAATGGGAGGGTTCTCCTGGGCCTCGACGACGCCCTGCTGGATGCCCGTCAGGACCTCGCTCATGGCCATGGGCGTCGGGGTGGCCCCCAGGGCCTGCCAGGTCTTGACGCTCATGTCGTCGGCGGGTACGCGGATCTTGAGGCCTTTCATCCCGTCCACATCGGTGAAGCGCTTCGTCGACGTAACGACGCGGACGCCCCGGTAGGAGGGACCGAAGAGCTCCATTCCGGCCTTCTCTCCGGCCTCGGCGAGGAGTTTTTCACCCATCTCGCCGTTCCACATGTTGTCGAAGTGAGCCCTGTCGCGGAACATGAAGGGGATGAGGTCGAGAAGGGAGAGACGGGTGTAGGAGGCGATCGTCCCGAACCCTTCGATGACGACCTCGTTCGTCCCCAGCTGAAGCCCCTCGATGACCTCGCGGACATCGCCGAGGACGCCGGCGCCGTAAACCTCGATTTTCACCCTGCCGCCCGTCTTCTCCTCGACGAGTTCCTTGAACTTCAGGGCCTCCTTGTGCTTGGGATCGGTCTCGGCGTTGATGTGAGCGAGACGCATGACGATCGCGCCGTCTGCGGCCTCCGCGACGGAAACCTCCGACGGGAACAGACCCCACGAGAGAAACGCCGCCGCCAGAGCCAGACCGGCCAGAGCCACCAGAACTTTTCTCATGCCACTCGACCTCCTTCTGTGATGGGAACCGCAAAACGCGAAAAACACCTCATCTAGATTCCACATGTCCGAAGCCTCGCCTCGGACATCGTCGCCCCACGGACTCCGCCGTCGGGAAGGGCTGCCCCTTCCTCTCCTAATTCCCGAAGCTTTCGGCCAGAGCTTTCATGTGCTCGATCTTCCCTCTGGAAGAGGCATCGATGGCATAGTCCTCGCAAGCCCGGATCACATGTGTTTTGACGGCCCGGACAAACCTCCGCTCGTCGAGAGCCGCAAGGGCATCGATGATCTCCCTGTGTTCCACCTGATTGAGCTCGAAGTTCTTCCGAGTCAAAGGCATCTGATTGTTATTGAGATAGGCGAA
CP074691.1_gap55	1872094	1875447	3353	TCGATGTTCCACGAAGACAGAGCCTCGACGACGAGGGCCGGACGCCAGTAATGACTGAACTGAACGTAAAAGGTGGGATCGGCGACGACGACGGAGGCTCCGTGGGACTGAAGAAGCCGCCAGTCATCCTCGTCGAGGCCGAGAGCCTTGTTGCCGCAGCTTCGGATGCACTCGCCGCAGTCGATGCAGAGTTCGGGGATGATCCTCACCTGGCCGTCGATGACGCGAATCGCCTCGGTGGGACAGGAGCGGATGCAGTTGACGCACCCCCGACAGGCCACGTCGAAAATCTTGACCCCTTGGGCCATCGTCGTTTCCCCCCCGGTTAAACGCTACCTCCCTCTGAATCGAGCTCGATGACGGCCCTGAGCGTCGTTCCGACGCCGACGGTCGAGTCGATCTCGAGGGAATCCGAATTTCGTTTGATGTTGGGCAGGCCCATGCCGGCGCCGAAACCCATCTCGCGGACCCTGTCGGGAGCCGTCGAGTAGCCTTCCTTCATGGCCATCGCCACGTCGGGAATGCCGGGCCCCTCGTCGCTGGAGATGATCTCCAGTCTCTGGGGCGTGATGAGAACTCTGAGAAGGCCGCCTCCACCGTGAATGACGAGATTCATCTCAGCCTCGTAGGTGATGATGGCAGCCCGACGTATGACGGGAGAGGGCATGCCCAGCATCTTGAGAGTGTCCTTGACGCTTCCCGACCCCTCGCCGGCGGCCAGAAAATCGTCTTTTTCGACTTCGAACTCCACAACGTAGGGGGCGACCAAGTGAGGCTACTCTCCCCTCTCGGGAATGGAACAGGGAGCCAATCCGGCCTTGAAAAGAAGCCCCGACGTCTCGTAGAGGCTTTTGTCGGAGAGGAGAAGGGGAATGCCCACCTGAGAGGCCAGGCGGACCATCTCCTCCTGAGGATGCTTCCCTCGGACGAAAAGCACGGCGGGCAGGTCGAGCATCTGGGCCGTACGGACGATCTGGATATTCATCAGTCCCGTCAGCAGAAGCGTTCCCGGTTGAGCGAAGGCGAGAACGTCGCTCATCAGGTCGGCGGCGTAGACGTAGTCGGCCTCGGCCGTCTCCAGCTCCGCCTCCCCGCACAGAATCCTGGCATTCACAAGCTCGGCGATATCCCGAACCTTCATGTTCCGTCAACCTCCCCTTCGACAATACACGTTGACACGCAGCGAGTGTCCCTCTTCGGCGGCCTCTTCCTCTTTCAACACCCTACCAGGAGCGCAAGACTTTGGCAAGAATTTCTCAAAGTGATCAGGGCATCTCGAGACGGCCGTCGGAGACCTCGAAGGAGCGCACGTCGACGAAGGCCTTTTCGATGAGGCGCCCGCCAGGGCCTACTTCGAGGACGGCCAGGACCGACAGGAGGGGGCGGTGGGTGCGGGAATCGATGGAGAGGAGCTGGCTCCCCAGGGCGATGGACTCGACGTGCCCCAGGGCCTCCGCCAGAGCGGAAGCCTCGGGCCCCGCCGCCTCAAGAGCCTTGGCGAGCCAGAGCCCTAGAGAATAGGCCCTGGCCGCGGCGGCCCCATCGGCGACGCGGAGCCCCTCGTCGAGCCAGAGATCGTCCCTCAGGTGCTCCAGTTGGGGATCGGTCGCCAGGGGATAATCCTGGTCGGCGAAAAGAAGCCCCTCGGCGGTGCCCAGAGGAGGGCCGAAGGGACCTCCGTAGAGAAGGCTCAGAGAGTACCCCATACGCCGCGTCAGGGCCCAGAGGTCGAGAGTCGCCAGAGGATCGAGGAAAAGCAGAGCGGAGGTAGCCCGGGCCGCCAGGACCTCGTCGACACGAGAGAGAAGGGCATCGTCGGCAGAGGTGCGGAAAAGGAGAGATCGCGTGGGCATCCCTCGCGCCTCGAGGCGGTGCCGGGCCTCGTCGTGACCACGCAGAAGGTCCGGCTCGAGAAGATCGGAGAGAAGGGCTACGACGGGTCCTCCCTGTCGGAGGACGTAATCGCTCAGGGCGTTGGCCCTGCAGGTCTTTTCCTGGCTGAGGGCGAAGAGGTAGGGAAGAGGGGATCCCGAGAGATCCTTGAGGGAAAAATCCTCCCCTCCCGCGAAGAGAAGCGGCGGCCCCTGACGTCCCATGGCGAGGGCCAGAGCCCGATCGGTCTCGGGAGAGGCGAAACTCAGGACGGCGACGACGCCGCGGGCGCGCCATGCCTCCACGCGATCGGGGACGGCATCGGGCAGGAGGGCGTCGTCCCAGGAGAAGATGACGTCGAAGCCGCGGACCCCCTCGGCGGGCTCGTTGAGGCGGCCCTGAAGCAGGAGGAGGCCGGCCCGCACGGCGACCCCCTGCTCGGCCAGCCATCCTCCAGGCGGGGGGACGACGGCGACGGACCAGATCCAGGGTGCCGCAAGGGGATCGGCCCCGCCGGAGACGGCGGAACCGACGAGGGAAAGAACGAGCAGCGCAAGGACGGCAATCTTCTTCATGGCGCCTCCCCATCGATAAGGGCTTGGTTTTCCTGTCTCCCCTTAGAGTATCATAGGGGCGGAGGTGGTCCACCCTGAGAGACTTCTATTCTACCGCTCTTCTCACTCTCGGCGCCTTTTTGCTCCTCGGAGTCCTGGCCGGAAGAAGGACCCGAAGCGGATCGGACTACACCGTGGCGGGCCGGAAGGCCGGGGCCGGGGCCGTGGCGGGCATCCTCCTTGGGGCCCTCGTCGGGGGCGCCTCCACCGTCGGTACGGTCCAGATGGCCTACGGCCACGGCTTTTCGGCCTGGTGGTTCACCCTCGGGGGCGGCATCGGCTGCCTCCTGTTGGGACTGCGCTTCGCCGGGCCGCTCCGCCGATCGGGACTGGAGACGATTCCCCAGCTTCTCGGCGCCCACTACGGCGCCGGAACGGGAAGGCTGTCCATGGCCGCAGCCTCGGCCGGAACCTACATCTCCATCGTCGCCCAATTCCTCGCCGGTCTGGCCCTCCTCCGCTCGGTCCTCCCCCTCTCGACGGGACAGGCCTCTTTGGTCCTGGCCCTGTCCGTGACGGGATTCATCTTCTTCGGCGGCCTCAAGAGTTTCGGAGCCCTGGGGAAAGCCAAGATCGCCCTCCTCTACGTCGTCATGGCCTCCTGCGCCGCGGCCTCCTCCCGAGGCTCTCTCCGGGCTCTGGCCGCGCTCCCCTTCTCCCCCTATTTCAACCTCTTCGGCCGAGGTCCGGCCAAGGACCTGGGAGCCCTGACCTCTCTCATCGTCGGCGTCTTCACCACCCAGATCTACATCCAGTCCTTTTTCGCCGCCTCCGACGAAAGGTCGGCCCGTCGCGGCGCCTTTCTCTCGGCCCTCCTCATGCCCCCGCTGGGACTGTTGGGCATTCTCGTCGGCCTCACCCTGAGAG
CP074691.1_gap56	1877507	1878130	623	CCCATACGTCCCTTGCCGCCCTTGTCGATGACGGCCTGCTCGACCTTCTTGAGGATGGCGGGAAAATCGCCGTGCTCGGCAGAAAGGTCGATGCCGAGAGCCCCGGGGTAACCCATGAGAGGCGACGGCAGATCGGCCTCGACGAAGTAGCCGCCGCTCTCGGCGATCCGCTTCAGCAGGGGCTCCGTGTGGGCGTCGTTGGTGCAGAAGAAGGCCGTGCCCTTGCCGTACTCGCCGATCCAGGCGGGAACCTTTTCGAGGATGAACTGCTGGGCACCGGCGACGCCGACGTCGCTGGTGGGATCGGGAGCGGTCTCGAAATGGAACTTGAGCCCCAGGTCCTTGCAGGCTTCCTCCATGATGTTGCGGCGTCGCGAGAGCAGCTCATAGCTCATGTGGCGGGGGAAGGAGATATGGACGAAGTCGGTGGCCCCCATCTTCTTGGCGGCGGCGATGATGAGATAGCCCCGGGCGATGTTGTCGGCGTTGATGACGAGGTCGGCGGCCGCCTCGATGACGCCCGGATCCTCATGCGCCTCTCCGGCGAAGCAGAGAATGTCGGGCCGTTTCTCCTTGACGCGGCGGAAGGCCTCCGTCGTGCCGGGGATGGCCTGGTTGACGAT
CP074691.1_gap57	1883320	1884612	1292	TCGATCCGGAACTCCTCCTCCTCGACGAGCCCGCCGCGGGGATGAATCCCGAAGAGGTCTTCGCCCTCAACGACCTCATCGGCGCCATCCACCGCGACTTCTCCCTGACGATCCTCGTCATCGAGCACCACATGGACCTCGTCATGGAGATCTGTCCCCACATCGTCTGCATGAACTTCGGCGCCAAAATAGCCGAAGGGGGCCCCGAGGACATCCAGAACCACCCCGAAGTCCTCAAGGCCTATCTGGGAGAGGAGGCCGTCGAAGCATGACCGAGCCCAAAGCCCCCCTGCTCTCCGTCCGCGACCTCTGCGTCAGCTACGGCGCCATCCAGGCCGTCCAGAACGTCTCCATCGACGTCTTCGAGGGCGAGATCGTCTCCGTCATCGGCGCCAACGGGGCGGGCAAGTCGACGCTGATGAACGCCATCATGGGCGACGTCCGCCGCGAGAGGGGCGAGATCTTCCTCGACGGCAACCCCCTCGCCTCGAAGAGTTTCCAGGTCGTCGCCCAGGGCGTCTCCCTCTCTCCCGAGGGGCGGAAGGTCTTCGCCCCCCTGACGGTCATGGAAAACCTCATGATGGGGGCCTTCCCCCGGAGCGACAGGCACAACGTCGACGAGGACCTCCATAAGGTCTTCACCCTCTTCCCCCGCCTCGAAGAGCGCCGGGGGCAGTACGCCGGCACCCTCTCGGGCGGAGAACAGCAGATGCTGGCCATAGGCCGGGCCCTCATGTCGCGCCCCCGGATCCTCCTCCTCGACGAGCCCTCCCTGGGGCTGGCCCCCATCATCATCAGGGAGATCTTCAAGGAGCTGGTCCTCGTCAACAGACAGGGCATCACGATCCTCCTCGTCGAGCAGAACGCCCGTCAGGCCCTTCTTCTCTCCCATCGGGCCTACGTCCTCCAGACGGGTCTCCTCGTCAAGGAGGGACTCTCCGCCGACCTGCTCAAGGATCCCGACATCGAGGCGGCCTACCTCGGCGGCGGTCGCCGACGCCGCTGAACGGTCCTCCTTCCCACGAACAGGGGCCCCCGTCGGGGGGCCCCTGTTCGTGGGAAGGAGGACTCGCGTATCGTCGCTTCTCCTGAACGCGCTGCCGTCTCCGTTCGCTTCGGAAAGAACGGAAAGCTCCACATCGCGGCCGTCGCCCTTCCCGGGAGCATTATCATCTCGGCCGCTTCGAAAGGAACGGAAGACTCCACGTCGCGGCTCTTGCCTCTCCTGGGAGCGTGGGCATCCTGCCCGCGCCCGCCCCGAAGGGGCGGCGGTTTCCCTGCACGTCTCCCTC
CP074691.1_gap58	2062708	2065692	2984	GGTTGCCGCAGCCGACGCCCGCCTCCTTCGAGGCCTTTTGGAAGCGCCGCGCCGAGGCCTCGTCGGGGAGAAGGAAGACGATCTGGGTGGCGCTGTCGCCCTCGGCGTCGGCATGGACGCGGCGGGACAGGCCCAGGTCGGCCACGGCGTCGACGACGGTCCGCTTGATTCCCTTCAGCCTGGCCAGGGCGCCGTCGAGCTTGGAGAGCTGGACGAGGCCCAGGGCCCCCTGAAGCTCGCTCATGCGGAAGTTGAAGCCCAGGCAGAACTTGCCCTCGGCACCCCGATCGATGGACTTGTCATGGATGTGACCGTGGTCGTGGTAGTACTCCATGCGGCGGTAGAGCTCCTCGTCGTCGGTGACGATGAGTCCCCCTTCGCCGACGGTGATGATCTTGTAGGGGTCGAGGCTGTAGGTCCCCCAGAGTCCGAAGGTCCCGGCGGCCTTGCCCCGATAGGTGGCCCCCATGGCCTGGCAGGAGTCCTCGAAGAGGGAGAGGCCGTGATCGGCGCAGAGGCTGCCGTAGGCCTCCATGTCGGCCGCCGCGCCGAACATGTGGACGGGCATGACGGCTTTGGTCCTCTCGGTGATGAGGGGCTCGACCGACTCGGGATCGAGGTTGAGGCTCTCGTCGACCTCGGCCAGGACGGGAACGGCTCCGCACTCGAGGATGGCCTCGACGCTGGCGATGAAGGTGAAGGGGGTCGTGATGATCTCGTCGCCGGGGCCGATGCCGCAGGCCTTCATGGCCACGTAGAGAGAGGCCGATCCGCTGCTGACGGCGAGGGCGTGGCGGGCGCCGACGCGCTCGGCGACGGCCCTCTCGAACTCCTCGACGCGGTAGATCCCGTCGCGGCTGTCGTTGAAGGAGTAGCGGTGCACCATTTTGCGGTTGATGACGTCGGCGAGGGCGTCGATCTCCCTCTGGTCGAACAGATCGAAACCGGGCATTATTCCATCGCCTCCCTGTAGATGGAGATGCAGTCTTCCTTGGACATGACGCGGGCGTTGTTTTCCATGGGACGGGCCACGGCGAGGGCCTTGGCGGCCATCTCGTCGAAGTGGGAGGGCGTGATGCCGACTTTGAGCTGCTTCAGCGTCCGGGGCAGGCCCAGATCTTCGATCAGCTCGTCGAGGGCGTCGGCACAGAGCAGGGCCCCGTCGCGCAGGGGAAGTTCCTCTTCGATGTAGCCCAGGAGACCGGCGGCCTCGGCGAACTTGTCGGGCCGTGCCAGGGCGTTGAAACGGGCCACGTAGGGGATGAGGAGGGCGTTGGCCTGGCCGTGGGCGACGCCGAACATGCCGCCCAGGGGGTAGGAGAGAGCGTGGCAGGCCGTGACGCCGGCGTTGGCCAGGGCGATGCCGCCGTAGAGGGAGGCCAGCATCATCTCGCTCCGGGCCTCGAGATCCCTGCCGTTGAGGGCGGCCACGCGCAGCCAGGTGCCGACGCGTTCGATGGCCTCGCGGGCGAAGAGGTCGCTGAAGGGCGAGGCCTGGCGGCTCGTGAAGGCCTCAAGGGCGTGGCAGAGGGCATCCATCCCCGTCGAGGCCGTCACCTGAGGCGGCATGGAGAGGGTGAGCTCGGGATCGAGAAGGCTGTAGTCGGGGAAGAGCTTGTCGTCGTTGATGCCGCCCTTGACGCCGTCGCTGCGGCGGATGAGGACGGCCGTGAAGGTCACCTCCGACCCCGTTCCGGCCGTGGTGGGGATCATGATCTTGGGGACGCCGGGCTTTTTGACGAGGCCCAGCCCCTGATAGTTGGCCGCCGACCCCTCGTTGGTGATGAGGACGCTGACGGCCTTGGCCACGTCCATGCTGCTGCCGCCGCCGAGACCGACGACGATCTGACAGTCCTGCTGGCGGGCCAGCTGGGCCACGGCGTCCGTCGTCTCCACCGAGGGCTCGGGCTCGACGCCGGTGAAAAGGCAGGTCTCGACGCCGGCCTCGGTGAGGTGGTCGCTGATCTTCTCCGCCAGTCCCAGCTTTTCCATCGTCTTGTCCGTGACGAGGACGGCCCGGCTGGCGCCGAGCTTCCGGGCCTGAAGGCCCACCTGGGAAGAAACGCCGGGACCGAAACTGATCCGGCCCGAGAGGAACATGTTGAAATTCATCCGATCATCTCCTGTTTTGGGACAAATAGGGTTCCATCTGCGTCCAGGCCCGGGAGGCAGCTCCCCCCCGGACGGCAAAATAGCCTTTCGATCCCGCCGAGGCCTCTTCGGCGAGATTCCCGTCGAGGCAGTCCCGCCAGAACCGCGCGAGCTGGACCGGGTCGATCACGGTGCGGGCCACGCCGAACCGGGCCAGATCGCGGGCGGCCACGGCGAAGTCCTCCATGTGAGGGCCGTGGGCGACGGGAAGGGCCCAGCAGGCCGGCTCGAGAAGGTTCTGCCCTCCCCTGGCCACGAGGCTGCCCCCGACAAAAGCGCCCGAGGCGAGGCCGTAGAGGTCGAAAAGGACCCCCACCTGATCGACGACCAGTATATCCCACCCCGCACCCCTTTGCGACATCAGGAACGAGGAAAAGTCCTTCCCGCAGAGGGCACGGACGGCCCGGGCCCGTTCCGGGTGGCGGGGGACGACGACGAGACGGGCCCGGGGGACGGTCTGCCGCAGAAGACGGAAGGCCTCGACGACGACCTCCTCTTCCCCCTCGTGGGTGCTCCCGGCGATGAAAAGAGGCCCCTCTCCGGCCAACTCCCGCCGCAGATCCGAGAGATCGGCCCGATCGTGGCGGTCGAGAAGGGCGTCGATCTTGAAGTCGCCGACGAGGTGAAGCCTGTCGGGAGCCACGCCCAGGCGGAGGAAGCGCTCCATGTCGTCGTCGGCCCTGACGAAGACGGCCTCGAAGAGGCCGTAGGCCTTCCTCCAGAAGGAGGGCCAGTGGGACATCCGCCGAAAGGAGCCCTCTGAAAGGCGGCCGTTGACGAGAAAGGCGGGGATGGAACGCCTCTTCAGCGCCGTCAGCAGGCCGGGCCAGATC
CP074691.1_gap59	2084957	2086194	1237	TCGGGAGGCAGGCGAAGGAGAGAGGCCAGGGCGGCCCTGATCGTGCCGCCGTGGCAGACGACGAGATAGGTCCCCTCGCCCTCGTGCAGCAGGGGAGCGAGGGCCTTGCCGACGCGGTCGACGGCGCTCAGGAAAGGCTCCCCTCCGGGAGGTTCGACGGAAAAGGGATCTTCGCGCCAGGCTCGGTAGAGATCGCCGTGACGCTCCATGACCTCGGCGACCGACAAGCCCTCCCAGAGGCCGAAATCGAGTTCGGCCAGCTGGGGCGAGTATGTCGTCGGAGGCGCCTCGAGGAGGGAGGAGCTCACGAGGGAGGCCGTCTCGACGGCCCGGACGAGGGGACTGGCGACGATCCGGACCAGCGGCTCCCTCTTCAGGCGGAGGCCCAGGCGTCGTGCCTGCTCCCGCCCCCCGTCGTCGAGGGGGACATCCGTCGTCCCCTGGTAGCGGAAAGTCCTGTTCCAATCCGTCCTGCCGTGGCGGGCCAAAAGAAGTCTTCTGTGTTTCACGTCAGCACCTCCGAAAGGAGTCGCGGGGCGCGGAAAGGGGGAAAAGGCGCCCCGTCTCGAGTGCGCAAGAGGCCGCACGAAACAAGGGGCCGCGGGAAGACCCGCGACCCCTTGCCGATACGCGATGGAGCCGGTGTGCGGACTTGAACCGCAGACCTGCGCATTACGAGTGCGCTGCTCTACCAACTGAGCTACACCGGCGGAATGGCGGTCCCAACGGGATTCGAACCCGTGCCGCAGCCTTGAAAGGGCTGTGTCCTAGGCCACTAGACGATGGGACCCCAACATGGTGAGCCGTGTGGGATTCGAACCCACGACACCCGGATTAAAAGTCCGGTGCTCTACCGACTGAGCTAACGGCTCAAGGCAAGCGCAGACCACTATACAGAGGGAGGCGGTCCCTGTCAAGACATGCCGCGCGCCGCCGTTCCCATCGTATTACAGGAATCCCCCCGCGACAAGTCCCGAAAGGAGGCCCGGATCGGCGGTCTCCACAGGACGGCTTCCGTCGGGCCCGCCGATTCGGGGACCTCTCGAAGCACCCCGTCGGCCGGCTTGGGACGGGTCCTTCAGCGCCACGGCCGCCCTGACGGAGCTTCTCCTCTTAAGCTGTCCGCGGATTCAGGGGAGGGGACGAAAAGTCAGAGGGGCCACCCCTCGGAAAGGAAGCGCCGCCCCTCGCCGATGGCCTCGGCGACGCGGTCGAAAGCCGTACCGCCGAACGTCCT
CP074691.1_gap60	2087459	2092269	4810	TCTCCTGGGCAAAGCGTCCTTTCCACATCGGTTTGAACCTGCCTTTCTCTATCTCGACATTCGATTCCGAGCGCCGTCCCCTTCTCTTCCGAAGATGGGGACGCACTCCCACGGGAAGACTCCCTCGGAGGAGGGGGAACCCGCCGCGAAAGACCGGATTTCCCGCCGCCTCAGAGGCGGACCGACGAGGGAGAAAATCCCAAAGCCAGGGCGCGACGACGGGCCATCCCCCAGAGAAGGTCGCACTCGCTGTGCCGGTACGCCTCCAGGCCCAGGTGAGCCATGAGGGTCTCGATGACCGTCAGACCGGCGACGATGATATCGGCCCGCTTCGGATCGAGGCCGACGACGGCGCGCCTCCGCTCCGCCGTCATGGCGGCCAGGTCCCGGGCCATGAGACGGACCTGCCATCGGGAGAGAAGCGTTCCGTGAAGTCCGTCGGGGCGATAGAGCTCCTTCGGAAGGGAGCGGACCATCATGGCCAACGCCGACGAGGTGCCCCCCACTCCGGCCAGGGAGGCGGCCCGCGACAGGCCCGACGCCTTCAGAGCGGCCAGGACGTGAAGGGCCATACCTCTCCGATTCCCGCCGAAAAGGTCCATAAGGCGGACGGCCCCCAGGGGAAAGGAGAGGGCCCCGTCGGCGACGATCTCGAGGCTGCCGCCGCCGAGGTCGAAAACCGCCTCGGCCTCGATGCCTCCGAGGCGGACGCCCTCGCAGCTCAGGCGGGCCTCCTCCTCTCCGGGGAGGACCTGCAGAACCGCCTCCGCTGCCCCCTCAAGAACCGGGACGATCGCCCCCGCCGACGAGAGGGCCCGAAGCGATTCGGTGGCGAAGAAGGAACGGCCCTCACCGGAGACGCCGAGGCCGTCGAGACGGGTTTTCAGGCCCCTGAGCACGGCGAGGGTCCGATCGAGGGCCTCGGGGCGGGGCGAGAAGGCTCCCTCGCCGATCCCCTCGGTGAAGCGGGTGATCGTCGACGTGGCATCGACGAGGCGGAGCACGTCGCCGTCGACGTCGACGGCGAGGGATCGAACGGAATTGGAGCCCAGATCGATGACGGCAACTCTCACGGGCAGACACCTCCGCAGGGACGACCTTCGGGATCGTCACAATCGAGAGGTCCCAGCCGGGAACGGAGCCAGGCCTCTCCCGGATGCCGCCCCCGGCCGAGCCAGGAGGCGACCTGAAGATGGAGACACTTGACGCGAGGCCGATCCTGGAGGCGAACGCCTCCCACTCCGCCGCGAAGGCCCTCCCAGAGACGGGGCCTGAAACGCCTCACGAAGGCCCCCCGAGCCCCTAGAAGGGCGAGCCTCAGGAGGACCGCCTCCTCATGATAGGCGATCCAGGCCTCCCTCCTGTCGACCAGAAAACCTTCGAGACACCTCACCGCCCCCTCCCCCTCGAGGGTTCCGCAGAGACGATCCAGGTAGGGACAGGTCAGCCAGAAGGTCGTGGGGAAGGGACCGGAAGGCCCCATCGGATCGCAGAGAATCACCTGGGGAAACCCCCAAAAGCAGCGGCGGGCCACGGCCAGCACGAGCGAATCGTCGAAACGGCGGCAGGACATCTGCCGGCGGAGAAGAGCCCTATCGCCGGGAGCCAGGGGGAGAAACGCAAAAAGGGGGCGAGAGGCCCCCTTGAACGTTCGACAGGTCATCGCTTACTTGCGGCCTTTGCGCTTCCCGCCGCGGGCGTCCTTCATCTTGCTGTTGAGATCGGCGATCTTCTGGTCGCTCGTCTTGATGAAGAGGGAGAGGCGCTTTTCGAAATCCTCCTCCGTCGACCGCCGCGGAGGTTCGGGGGCTTCAAGGCTTTTCAGGGAGAGATCGATCCGTCCCTTTTCATCGATCTTGATGACCTTGGCCCGTATCTCCTGCTTCAGCTCGAGGACGTCCTCCACCTTTTTCACGTAGCGGTGGGAGAGCTCGGAGATGTGCACCATGGCCTTCTGCCCCGTCGTCAGGCGGACAAAGGCCCCGTAAGGAGCGATATGCTCCACCGTTCCGGCAACGATATCACCGACGTTGACCGTCCCTGCTGGCGAGCTGTTCCCGTCTACCATGAATTCTTCAGACCTCCACAGTCAGTATGTCTTGCCCGAGGAAACTCCTCGGCCCTCACTCCCCCGGCAGGGGGAACCAAAGCCACTCCAGAGACTGCCCCTTTTCATTCCTTCTCCTGAGAAGGACAAGGAAAAAGGGCTCCATCGCCCTTGAAGAGGGGTTCACCCAGCAAAGCAGGGAACCGGTCTGCTTGTCGAGAACGGATTTGAAAAGACTGTCCTTGATTATAGGCGAAAAAAGGGCCAGGGCGCTAGCCCCCTCAGGTTTCCACCGGTCGCCGAGGAAGCGGATACGATTGGACCGCTCCTGGGGAATCGATACCAGGCGGCGTGCGTCGACCCTCCGACAGGCGATCTCCATGACCGAGAAGGCCCGACGGGGGCTCACGTCCTGGCGAAGGAGAGGCCCCCCGTGGCAGGTCACCTCATAGCGCAGGGGGCCCATGGCCGTCGTGCGGACGGGAAGACGGCCCCAATCGAGACAGCGGGCGCCGTGGACCTGGGGAACCAGACAGAGACGGGCGATGGAGGGCACCCGCCGCGAGGAGGTGACGACGGGCTCCCTCGGAGACACCTCAAGGCGCCGGACGGGCAGGCGGCCCACGAAAAGGCGGGCCAGCTTCTCCGCCAAGGCCCCCAGGCGGCCCTTTCCCTCAGTCGCCACGCCCCTCTTCTCCTACGATCTCGAGGGCCTTGCGCATTCGCGCGAAGGGCTCGACAAGCTCCATCGACCGGGCCGCCTCCAACAGGATCGGGGCGAGGAGGTCGGCGGCCTGGCCGCCGAGGGGCGCCGTCAATCGCAGAGGCGCGCTGACCGGATCGGCCTGAAGGAGAATCGAACCGCTCTCGCCCTGAGGCTGGATCTCTCCGACGTTTTCCAGCGGAGCATGGCTCGTCGGTTCGACGAGGAGAACGGGCAGGGCCCCCTGTTCGGCCAGGGGCTGCAGAAGGGCCCTGTCGCGGCAAAGCCAGAGGTGGGGCCGGATCTCCAGGACCTTGAGAAGGTTTTTCAGGAGAATCTCCTCGCGCAGGTAGATCTCCAGGGCCTCTCCGTAGAGAACCCGTTCGAGACGGGTCGGGCGGACGGGATCGGTGTAGCGGAAATCGAGAGGAATGCCCCGGGGATCGGTGACCATGACGGCTCCCTGGAAAAGCCCCTTTTCCTCGTCGATCAGGACATAGCCCAGAACCTTGGCGCCTTTTTCCATCAGCGGGACCTCCTCAGGCCATCAGATCCAATCCTCCCCCGCCCTCGTCCTCGTCGGAGTTCTCCTCCTCGGGACGAGGCGGGCGACGGCGGCCTCGACGTCCCTCCTTCTTCTCTCGGTTCTCCTCGCCGACGCGTTTCCCCTCGGTGCCCTCGGCCGACTGGACCTGATTATCGCGGTGACGCGCCTCTTCCGCGATCTCGTCGTCCTGGAGAGCCTGGGCGGGAGCCGCCTCGGGATTCCTGCGATGGGTCGTCTCCTCGATGCGCCAGAGCGAAAGCTGCATTTCGACAGGGCGGATCATCGCCTCTTTTCCCCCTTTCAGCTGAAGGGCAGAACGCGGACCTCGCCCTGATCGAGGATGAATCGGACGAACTTCATCTCCTCGCGGACCACGTAGGAGACGCCGCGGACGGAAACGGTCACTCCAGGGTAGCAGTTTCCCCGGACGCGGACGACGCCCTCCTGGCGGCAGCGCTCGATCTCCTCCTCAAGAGCGGCCAGCCGCTCGTTGACGAGTCCCTGTTGGGCCTCGAGCTGAAAACGGGCCTTCGTCAGCTTCACGAGAAGGACGCGCCGCGCCTCGTCCAGTCCGCCCTTCTCGTCGAGCTTCTTCAGGAAAGCGATGTTGTTCATGACCTCGTGAAGCTTGATCGTCATCTCCTTGAGCATCTCCGTCTGCTTCTTGCGCTCCTCGACAAGCTCGGGGGCGAAGCCGACGGAGACGAGCGTCCGCGTCCCCATCTCGCCGCCCAGGGAAATGCAGTGAACCTCCGTCCCCGCCTGAATCTTGCCGCCGACGACCTGTCCCTTCTTGTCGTTGGTGACGAGGACCTTGCCCCGGCAGGCGATGTTGGAGTGGCGCAGGGCCCCCTTCTCGATGATCACGTCGTGATCGCAGCGGACGTTGCACTGGTCGAGGTAGCCCGCACGGAGGATGCCCTTGCAGAAAAGATGGGCCTTCCCCATGCCTCGGACGCCGACGAGGATATTCATGTTGCCCTGACACTCGAGGGTCGCCCCCTCGACGACGCCCTTGACGACGATGTCCCCGCCGGCCTTGACGACGAAATCCTCGCGGATCGTCCCCTTGACCTCGACGGCGCCGAGAAAATCGATGTTGCCGACGCTGAAATCGACGTCGCCGGCGACCTCGAAAAGGGGAAGCACCGAGATCCGGTCGTCCTTGATGGAAAGGTGGCCGTCGGCATCGGCGTAGAGATGACGGCCGTCGTCGGAGACGCGGACGTTGGCGCCGACGGGGATGCGGGGATCGCGTCCTCTGCGGGCCTTGACCGTCCGGCCCAGGACGTCCGTCCCGTCGACGGCCTCCGTCGGAAGCGTCTTCTCGAGGATCTCCGTTCCCCTCGTGATGTTGACGATGGAGCCCATATCGCGAAGATCGATCTTGGCCGCCGCGAGATCGCGAGCCGTCGTCGTCTGGACCTTGAAGAAAATCTGTCCGTCCTCTCCGTGAAGGGGCGGACGCCCTTCGGCGACGACGATCCAGCGATTCTCCGCCCCGGGGCCGGTC
CP074691.1_gap61	2192770	2194531	1761	CGTCGGGAATGACGACGACGGGACAGGACCAGCCCTGCGCCAGAGGAAGGGTCTCGCCGTTGACGCTCAGGAGCAGGTCGGCGCCGGCCCGGGCCGCCTCCTCCAGGGTCGGTCCGTGGAGGGAGTCGACGCTCACGGCAAAACCCTCGGCCTTGAGGGAACGGACGGCATCGGCCACGGCGGGAAAGGGACCGCCCGGAGGGCCGCCCAGATCGATGATGTCGGCTCCGGCGGCCCGAAAGGCCCGGGCCGCCTCGAGGCGCTCCGGCGGGCAGAGGCGCCAGGCCTCGACGATCTCGGCGACGATCTTCAGGCTGTACCCCTCGTAGTCGACGGGCTCCTCCTCGCCGCCGAAGAAACGGGGCAGATCCTTGAGATCCTTCGGACCCCGCCGGACGGGGAGCCCCAGGCGCCTCTCCAGAGGCTCCAGATCGCCCCTCAGGAGGCCGGGGAGAAGGATCTCGTCGCAGTCCTCCCGAGGCTCGAGATGACGGTCGACCCAGGAGGCCGTCATGAGGGCGGCGACGGTGATGGGAAGGACGGCCAGCCGTCCCTCGATCCCTTCGAGGCGGGGCAGAAGGGCCTCCAGGGAGGGGGCGGCCAGAGTGCCCGTGACGAAGAGGACACGCCGCCTCATCGCCTCTCCAGCCAGATGGCCAGAGCCTCGGGGGAGGTCAGGACCGTCACGCCGGGGAAGGCGGCCAGACGCTCGACGTAGGCGAGATCGAGAGGTCTGGGGCGGACGACGACGGTCTGCCCCTTGGGGTCGACGGACTCCATCTCGGGAGCGGTATCGGTGGGGAGGACGGCCACGGGAACGCGGGACTTGCCGGCCTGGGCGAAGAGCGTCGTCACCAGGGAATCGGAAAGGCCCAGCACGAATTTGGCCACCGAGTTGGACGTGGCCGGAGCGACGACGAGACTGCCGTAATCCCCCCGGGCCAGACGGCCCGACAGAGGCGACGAGGCCTGACGGTCGAGGAAGAGGGGACGACGGGCCAGACGCCCCTCGAGGCCGTAGAGGGCAAGGACCTCCTCGGCGGCCCGGGAGAGGAAGAAATCGACGTCGTTCCGGGCCAGCGCCAGATCGAGGGATTGCGAGAGCCAGTGGCCGGCTCCCGTGAGACACCAGGCGAGGGAACTCATGACGATCGGTCCCCCCGGAGCCACTCCTCCAGCGAGGTGTGGTGGGACGTCTCGATCCCCTCGTTCAGCTCTCGGCGGATCTCGCCCAGCGTCCCCTGGCGCTCGGCATAGGCGTTGTGGCGGTGGATGCTCTCGAGATTCTCCTGGCGGGCCAGGACGAAGGCGCCGTCGGGGAGGTCGCCGTAGACGAGACCGACGTTGCTCAGCATCTCCCTGACGACGTCCTCGACGAAGCGCGGGTTGCGGTGGGCCTTGTTGACGACGAAGAACTCGTCGGGACGCTTGAGCAGCTCGTAGACCTCGGAGCTCATCGAGGCCTCGACGATGGAGACGAGATGTTCGGCCCTGACTTTTTCGTCGGCTCCGATCATGAGCGTCCCCCGCCCCCTCTGGTTGTGGGAGGCGATGGGGAGAAGGTCGAGAATCCTGTCGGCCTCCTCTTCGCTGAATCCCTCGTCGAGGAGAAGCTGACGCTCGTAACCCCTGACGATCGCCTGGGCGCAGGGACAGACGGTGAGCCCGTCCACTTCGACGCCGACGAGACGGCGGGTCCTCGTTCCGTCGCTGGCGGCGATGCCGATGAAGGTGGCGAGCTCCTCCACCTTCCTCCCCGAA
CP074691.1_gap62	2197586	2200364	2778	TAGCGGCAGGTCTTGAGGCGCTCGGCCAGATCGACGAGACGCTCCCGGGGAAGGCCGCCGACGGAAGGAGCCTCCATGGGACGTCCCTGGACGAGGGCCCTCAGGGCCGTGAGGAGCTCGAAATCGTCTCCCTGTCTCACCTGGAGGAAGAGGTCGGCCCCCTTCGTCGCCGCCGTAGGGCGGACGTCGACGATGACGATCGTCCGGTCCTTTCGTCCCTGCGGCGTCAGACGCCCTCTGGCCGTCGCGTAGCGGGCGAAGTGGCGGGGATGGGCGGCGGCGGGGTTGCATCCCCAGAAGAGGAGCAGATCGGCCCTGTTGCGGACCTCTCCGAGCGTGCAGGTCGGCTCGCCCACGGCCTGCATGGCCAGCCCCGTGGGACCGTGGCAGACGGAGGAGGTGCTGTCAAGAAAGGCCCCCAGCCTGTCGGCCAGTTCGACGGCCCGCCTCTGGGCCTCCGTCGGGGCCGAGGAGAGGCCGTAGATCAGGGGCGAATGGGAGGCTCTCAGGATAGCTCCCGCCTCCGCGTAGGCCTCCTCCCAGGGGACCTCTTTCCCCCTGAGACGGGGCAGGCGCGGCGAGGGATCGTAGTCGCGGAAGTGTCCCTGACCGTTGGCGCAGGCCTTGAGGACCTTGACGAGACGTCCCCCGTCGACCTCGACGACGATATCGTCACAGAGGCAGCCGCAGAAGGTGCAGACGACGTTCTCGATCCGCTCCGTCATGGCTCGACTTCGACGGGAAGCCCCTTGAAGGCCGGCATGCCCGTCCCCTCCGTCTCCGTTCCGATGAGGCCGTTGGCCCGTCGCCCCATGGGCAGGAAGAGCATCCCCCGGGGAAGATCGGAGGCCTTGAGAACGACCCGGACCGAACCGGCCCCGCTGCGAACCGTGGCCTCCTCCCCGTCGGTCAGGCCCAGCTCGGCCAGATCGTCGCCGTTGATCTCGGCCAGAGACGTCGCCCTGTCATAGGCCTCCGTCATCTTGCCCTTGTGCATGGCCGCCGCCTGGGCCAGAGTCCGGCCCGTCACCAGGGTCAGCTTCAGAGCCACCTCGATCGCCCCTTTCCTTTTCCCGGAACCCGTCACCGATCGCCGATCTCGTCGCGAAGGACTCGAGCCCCCTCGAGAAGGGCCCCGATGCAGCCGTCGCGACGTTTCGCCTCGGCCAGAAGGGTACAGACGGGAGACCCTGCCGCCACGCTCTCGCCGTCGTGAGGAATATCGCGCCTGTTCTTATCGTACCAGTCGCCGCTGCAGGAGACATTAAGGGACCTGCGGGCGTAGACGACGGCCTTGCCCCAGAAGCCCTCGCGGAAGGAGAGGTCGCCATCGGGCAGAAAACCGCGGCAGGCCGCGACGTGGAAGGGGAAAAGGCTCCCCCCCCAGGCCGCCTCGAGGATCTCCAGAGAGGCCGCAGGACGGGGATTGACCTCCACCGGGAGAGGCCATCTTCTTCCGTCCCTCTCGGTGACGATGAAATCGACGCCGTTGAGTCCCTTGAGGCCGAAGGCACGGACCAGGACGTCGCCGATCCGCTCCAGAAGCCTCCGCCCCTCGTCGGAAAGCTCCAGGGGGAAGACGTTGCCGCACCAGGCGAAGGGCCTTTCCGTCAGGGCCCGATGCCCTACGAGCTGCTCCGTCAGGCCCAGAAGACGGCTTCGCCGCCCGTCGCAGAGAAAGGTGGCGCTGGCCGGAAGTCCCGGCAGGAACTCCTGGAGGAGCCGTCCCTCCCGGAGCCGTTCTCCCCCGTACAGGCGAAGGCCCGTCCCTCCGGCGCCGCCGACGGGCTTGGAGAGCCACCGTCCCTCCCGGGCCCCGATCTCCTCGCCGGGGAAAAGGGTCCGCGGGAAGGGAATCGCCTCCTCCGTGAAAAGGCTCCTCAGGAGGCGCCAGTCGCGGACGCGCCTCAGGACGAAAGGATCGTTGCCCAGAAGCTCCCGGCCCCGGGCCAGGGCGGCGACGACCTCTCCGTGATTTTCGAGGCCGCCCGTGTAGACGACGGAATCGGCCTCGAAAGAGCGGGCCAGATCGACGAGCGCCTCAGCGGAATAGCCTTCACCCCGATCGCCCCGGACGGACCGCGTCGGCACCCTCTCGGCCAGGTCACGGTCGCCGAAATAGTCGACGGCGACGACGGTCCATCCTCCCCGCCAGGCCGACTGGGCCAGGCCCCGGACGCTGTAGCCCGCCGCGAGGAGCGTCAAAGGCCAAGGCGCTCCTTGGCCAGGGCGAAAAGCTCCTCGGCATCGAGAACGGCGTCGTTGCTCTCGAAGAGCCGGGCCACGGCGGCCTTGTGAATCTTCATCTTCAGACCGCCTATGGCCAGGGCGCCGAAAAGGATTTTGCCCTCGACGTCGCGGCCGTCCCAGTGGCTTTTGACCCCCTCTATTCCCAGGGGGGGGACGGCGTTGACGTCGGCCAGGACCCGCAGCTCGGGCAGGGACTGCCAGAGGGACTGCCGAAGGAGCGTCACGCCGGCGGCTCCTGCGGCGAGGACGGCCTGGGTTCCGCCGAGCGCGCGGTCCCTCTCGTCGTCGTCGGAGACGACGGCTGCCTCGACATCGACGCCGAAACGCGCTTTCAGGCGCGCGACGGCCTCGGTCGCCCTGTCGGCGCGGCGAGAGGTCAGACGGACCTGGGCCCCGTCAAGGGCCAGGAGAGCCGCCCCCCGGAGGCCGACGGGACCGGTCCCGCCCAGGACGGTGACTCTCTTCCCCTCGAGACCGCCCAGGCTGGCCGCCATCTTGGCCACGGCGGCGGCGGCCGTCGTGTTGCAG
CP074691.1_gap63	2212029	2215053	3024	AATCCGCCGGGGATGGCCGCCACGCCGCCGCGGGCGATGGGGAAATAGCCGTCGATGACGCGCTGTCCCGTCAGAAGGGGCTCCTCGGGCAGAAGGCGCTGGCGCACGGGGCGCGCCCTGCGGACGGGCCAGCGCTGCATCAGAGGCAGGACACGCTCGCGGCCGAAGCCGTCGCGGAGGCGGAGCAGGGAGGCTCTCCCGTCGTGGAAACCCTGAGGGAGGACCTCGAGAACCTCACCCTCCATGTCCGGCGGCAGAAGGAGGCGGTGTTCGACGAGAGGCGTCTCCTTCACCGTGGCCAGAAGCGTTCCGGCCGTGACGATATCGCCCTTCGTCACCTGAGGGAAAATCTCCCAGTTGCGGTCTTCGTCGAGCTGCTCGAGACCGCCGCCCCGGCCCAGAAAGGGGCCGCTCTTTTTCATGAGAGCGCCCAGAGGACGACCGATTCCGTCGAGGATGGCGCCGACGAGGCCCGGCCCGAGGGTGACCGAGAGGGGCTCGCCGAGGCCGACGACGGGCTCTCCCGGCAGGAGTCCCTGAGTGTCCTCGAAGACCTGAAGGATGGCCTCGTCTCCCTCCTGGCGTATGACCTCGCCCAGAAGACGGAGGGGGCCCACCTCGACCATCTCCCTCATGGCGAACCCGGCGAGACCTCGGGCCCTGACGACGGGTCCGTTGATGGCGACGATTCGGCCCTGACGTTCCACGGCGGCCCTCTTAGTGAGCCGCCAGGAGCGCTTCGGCCAGGCGTTCCCGCAGCTCTCCGGCCTTGGAGTGCCAATCGGCCGGAACACGTCTCCGCCCGTCGGACGTCTCGATCCAGAGGCCGCCCAGGATGGGGGCGGCCTCCGGAGAGGCCTCGAAACGAATCGACGGCAGAGCCTCGGAAAGCCGCCTCATAAGGCCGGCCACATGGGGCTTCTCCTTGGGACCGGGGCGAAGGACGAGGGAGTCGGCCCCGGGCAGAGAGGAGATGGCCTCGAGGGCCAGACCGAAAAGGATGTCGTCGAAATCGGGCCGCGAGGAAAGGGCGACGAGGGCCTCCTCGAGGCGGCGCACGCCCTCGTCGAGGAGGAGGTTCTGAAGGCGGATGCGCTCGAGGGAGCGCTCCCTCTCCATGGCCGCCAGCTGACGGCGGCGGATGTCCTGTGCCCTGGCCTGGGCCTCGTCGACGATCAGGGCCACCTGCTGTTCGAGGCGAGCCTCCTCGGCCTTTTTCCAGGCCTCGGCCTCGGCCTCGGCCGAGTGGACCAGGGCCTCCTTCTGCGAGTCGGCCCTGTCGAGGAGAAGATCCCTAAGGGCCCCGACCTTGCCGCCTTCCTGTTCTCTCATCAGGCTTTCACCCCCAGGGCATTGCCCAAGAAACGATCCATGAAATCGTGGCCCCGCAGGGAGCCTTCCGGCCCGGGAACCTCGACGACGAGGGGAAGTCCTCCCTCAAGCCGGAGCTCTCCTATCGTGGCGGCGACCCAGGAGGCAGCCTCCTCGGTGAAAATCAGAAGGGCCAGCTCCTTGTCGTCCAGGGCCTCGTCGACGACGGAGGCGATCCTCTCCCTGTCGACGAGGCGTCCCTCGACGCCGGCCAGACGGAACCCGGCCAAGGCCTCCTGGCTGTCGCTGATCAGAAGGGCCTTCAAGGGATCAGAGTTTTCCCAGGATCAGCAGAGAGACGATGACGCCGTAAATGGCGATGCCCTCGGCCAGCCCCAGGTAGATGAGCGTCGTGCCCAGAAGTTCGGGCTTCTCGGCCACGGTGCCCAGGGCGGCGGCACCGACCATGGCGACGGCGATGCCGGCGCCGAGGCAGGCCATTCCCGTGGCCAGGCTCGCCCCGATGAACCCCAGTCCCGACGAGGCGGAGGCGACTCCCGTCGAGGCCAGGGCGGGCGCCTCGAGCAGAGTCGTCACCAGGGCCGCCGCCATGGCGACACCGCCTGCCGTCACGGCGGCGGCGAGGACCTTCCTCGGCGACGACGGGAAACGGCGACGCAGGCGAAAACCGACGAAGACCGTGGAAAAAGAGACGACGACAAGCAGAGCCAAACCGGTCATGATGAAACCCCTTTCTTCAATTTCTCGTAGCGGTAGAGCGAAGCCGCTGGTCGCCCCCAGGGAACGGGGCGGAAAGGACGCCCTCCGCCGCGGAAAAATTTGCCGAACAGCTCGTAGTATTCGAGGCGCAGGGTCTGGATGAAGACGATGAGTCCCTCGAGGAGGACGATGAGCAGATTGCCCAGGACGAGGAGCAGCCACCGGAGGATCAGCCCTCCGGGCAGGGCTGCCGCCTGGTCCGCCAGCAGGAAAACGGCCATGGAGAGCCCGGCGTGATTGAGGGCGAAGGCGGCCAGGCGGACGAAGGAGGCCGTGTTGCTCAGGAAGGAAAAGAGGTGATGAAATCGGCTGAAGCCCTCGACGGCGGCGCTCCCTCTTTTTTTCCCTTTCCGTCCCGGCAGAGGAACGATTCCGGCCAGGAGGAAGAGGACGGCAAGGGTTACCGTCACCGAAAGGAGGGGACCGAAAACCGCATCTCCGCCCCATCCCGTCAGAGCCGAGACGCCGAGAAGGACGGCCGACCAGTAGAGAAGGAGTCCGGCCACCCCTCGCTCGCCCAGGAGAAATTCGCCCCAATCCCTCTCCTTCCAGCTCTCCTGAAGCCCCAGGATCATGGCGACGGACAGGCAGACGACGCCGGTGACGAGAGAGGCGGCGATAAGGGAGGACGTATCGTGCATCGGCGACAGCCAGAGGGGTTCGATCAGGTCCTCCTTCCCCATGACGCTGCCGTAGAGAAAGCCGAAGAGGGCGGAGACGACGCCCGCCAGCTGTACGACGGCGCCGAGCCCCCGGGAGAGCGTTCCCCTGCGCGTCAGCCACCAGGCCCCCAGGGCCAGCAGGGCGCCATGGCCGACGTCGCCGAACATGAACCCGAAAAAGAGGCAGAAGGTGACGGCGACGACGAAGGAGGGGTCTCTCTCGCCGTAGGAGGGGAGACTGTAGAGGGCGACGATATCCTGAAAGGCCCGG
CP074691.1_gap64	2217441	2219410	1969	GAAAGTACCTGATCCAGATCTTTCATCTCATGACCTCCCCTACCGTGACGAAAGGGATTGCACCCGCTTCATGCGAACGAAGTCCTCCCGCTCCCCCTCCTCCAAGGCCTCGGCGATTCCCCGCAGGGCCCGATCCAGGGCGGGAAGGGCCACCTTCTCGAGGGAGTTGACGCGACGGTTCGTCTTGCGGACCTGGCCGGCCAGCCGGAAAAGGCCGCTCTCCATCTCGGCCAATCGCGCCGTGAGGGCCAGGGCCTCCCGGAAGGACCTTCCCGCCCTGTCCAGGGCGCCCGAGGTGGCCCAGAAGGAGTAGACGGGCCGGGGCCGGACCTCGATGGCGTCGACCTCGGGGACTTCCACTCCGAGGACGGAGCGGAGACGGACGGTGATGCCCTCCTCGAGGGGCACCGCCTCGGCCAACTCCTCGACGACGTCGATCCCCTGGGCCAGATTGGCCCGCTGAAGATCTCTGTAGGCCTGGGAGAAGAGGCGTGCCGCCTCTTCGAGGAGCCCCCTCGCCCTCTCCCTCTGGCGGGTCAGCTCCATCATGAGGATCCGCCGCTTCTGCTCCAGCAGATCCCGTCCCCGCCCGGCGAGGCGGCGGGAGCGGGCAAGTCTCATGTAATTGCCCCGAGTCGGCGCGGCCTTAATTTTCACCCACAGCCCCCCCTTGGTTCATTCAGTGTAAGCATGCCACTGCGAGAGGGATCTGACAAGGTGGCAAAATATTCCAAAAAGCACTCCCACGGTCTTCTTCCTTCCGGAGAAAAGAGGCTATCGTGACGCCCCTCAAGGGCGAACTCCCTTTTCTCGCCTCGTCATCGGCCCGCGGGCGATTCTTACCGGGTAAATTCAACCTCTCGCCCCGGACATATAGAAGGGGCCCCTTTTTCAGAAGAGGCGCCTCGCGTCACAGGGCGCCGCCGGAGGCTCCGGCTCGGGAGGGCGAGATTGCGAGAGGTCACGCCCTCCTCCGCTATAATGGAGACTCCCATCCCGCGTTTTTTCAGAAAGGAGCGCTTTCCCTGACCCCCATCGGCATCGTTCTGGCCCTGACGACGGCCCTCTGCTGGGCCATCGTTCCCCTCATCTACCGCCGCAACATGGGCGATCTTTCCTTTCCCGAAGTCAACGCCATCCGCTCCTTCGGCTTCGTCGGGGCGATGGTCCTCCTCGTCCTCTTTCAGGGAACGGGGATGCCGCCCGCTCTGCGGGGCCCCCACTTCCTCCTCCTCCTGGCCGCGACCCTTCTTGGCAACGTCTTCGGCGACGTCCTCTACCTCTCGTCCATCGCCAAGATCGGCGTCGGCCGGGCCGTGGCCATCACCAGCACCTACCCCCTCGTCGTCACCGTCCTGTCGGCGCTCTGGCTGGGCGAACGGATCACCCTTCCCATCGCCGTCGGAACGGTCTCGGTCGTCGCGGGCCTCAACCTCCTCCGCAAGGGCAACGACGCCGACAGAGGCCATCTCCCCGAGGCGAAACGGGGCTTCCTTCTGGCCCTCGCGACCGCTCTCTGCTGGGGGCTCTCCATCCCCGTCACGCGGTGGCTCCTCCTCGAGACGGATCTGTCGTCGACGGACCTCAACTTCTGGAGATCTCTCGTCTTTTTCCCCTCCGTCTGGGCCCTCTGGCTCCTCCGCTGTCGTCTGGGCTATCACCGGCCCGAGCGGATCCTGGCCCTCAGGGGCCGCTCCTGGCTGGCCCTCAACGGCGCCGGGGCCCTCGCCCTCGCCCTGGGGGGCACTCTGCTGGCCCTGGCCCTCCAGCAGGCTCCCGCCTCGGTGGTGACGCCCATCACCGCCTCGAGCCCGCTGATTTCGACCCTTCTGGCCATTTCCTTCCTGGGCGAAACGTCGACGCGGCGACAGTGGGTCGGCATCGCCCTCGTCGTCGTCGGATCGGCCGTCATCAGCTTCTGAGAACCCGAAAGGAGCCCGCCCTTGGACTTCGCCGACCTTCTCGTCCA
CP074691.1_gap65	2293112	2294052	940	GGTTGAGGATCTGCGTCAGCTTGACCGAAAGGGGCTCGTAGCCGCCGTAGAGAAGGAAGGTGGCCTCGTCCTTGGCGCGCTCCTGCTCGCCCTGGAGGGTCCGCTCGAAGGCCCGGCGGATCTCCTCCAGCTCCCTGTCGGAGAGAGCCATGGCCAGAACCTTGCGGGCCTCGTCGTCGCCTGCGGCGGCCTTTTCCTCGAGCGACTTCCGCTCGTCGGCGCCGACGGCGCGGAGCCCGAAGGATCGGGTGACGAGGGGCATCATGGCCTCGAAGCTCCTGTCCGATCCTTCTTTGAAGGCGGCGATCTTCTTGTCGAAGGATTCGTAGGACTCCTTCTGGAAGGCGACCTTTTCGAAGAAGGTCTCGTACTGCGTCCCGGCAAAGCCCAGGCTCATGCCGCCCGTCTCGTGGTCGCCGACGATGACGACGAGCGTCTCGTCGGGGTGCTTGGCGGCGAAGTCGAGGCCGACCTTGACGGCCTCGTCGAAGGCGAAGGTATCGCCGATGGCCGCGGCGGCGTCGTTGGCGTGGCAGGCCCAGTCGATCTTGCCCCCTTCGACCATCATGAAGAAGCCCTTGGGGTTGTCGAGGAGCTCGACGCCCTTGGCGGTGAACTCGGCCAGAGAGAGCTCGTTCTCTCCCCTGTCCATGTCGTAGGGCATGGCGTTGCTGCCGTCGAGGACGGGATTGACGGCGATAAGGGGCCTGTCTCCCGTGGCGGCCAGGATGGACGAACGGTCGCGAAGGACGGCGTAGCCCTTTTCGGCGGCCACGTCGTAGAGATCGGGCCGGTCCTTCTGCTTGCCCCGGCTCTGATGGAGACCGCCGCCGGCGAAGTAGTCGAAGCCGCTGTCGATGAGCTGCTGGCCGATCTCGTAGTAGTCGTTCCGGGAGGGCTGGGAGGCGTAGAAGGAGGCGGGCGTGGCGTGATTGAGGGA
CP074691.1_gap66	2365148	2367165	2017	GTCATGGCAGGCGGACACTGCGGCTTCGGCATGGGCGCCACGCCCAACACCGTGGCCAATATGGAGGCCCTCTGCTCCCACTACGGACCGGCACCCCGGGCCTTTTTCGTCGTCCCCATCGTGGGAGCCTTTTTCATCGATATCGTCAACGCCTTCGTCATCCAGGGTTTCATCGCCTTCCTGGGCTGACTTTTCGCCCCCGGGGAACTATAGTGGATCAAGCTCCTCCATCCCTACAGGACGCAGAAAGGAGACTCCATGGCCCGTTTCTTCCGCTGCCCACCGCCTCCGGAAGACCTCTGAAACCGAGGCCGCACCCGGAAAGCGCTGCCTGCGCCGACGGCGAAAAGCCGCCGTGCAGGTCTTTCGTGGACAGTAGAAGGAGTGAAACGTCATGGGAGTCCGAACGTCGTCATGGGCGCTCTCTGCGGCCGTCTTCATCCAGATGGCGGGAGTGGGGCTGATCGTCGCCTTCCTGCCGGGACGGATGATGGAACTTTCCGGTTCGATCCGCTTCGTCGGCTATCTCGCCTCGGTCTTCGCCGTGCCTTTCGTGCTCTTCCAGCTGCCGCTGGGCCATCTGGCCGACCGCCACGGCTGCAAGGCCTTCATCGTCGCCGGCTACCTTCTTTCGGGCCTGGCGGGCCTGCTTTTCTTCAGGGCCGCCGGGGCCTGGGGCCTTCTGGCCGGACGCCTGCTCCAGGGCTTCGGCGAGATTCCGACATGGGCCCTCGCCCCGGCCCTCCTCTCCCTGCTTTTCCCCCTGTCCAAGGGAGGGGCCATCGGGATCTACAACGCCTCGATGCACCTGGGCCTGACGGCGGGAAGCCTCCTCAGCCTCACCCTGGCCCTCTCCGGCGACGGCCGGGAGGCCTTTCTGCTCTATGCGGCCCTGAGCCTCGCGGCGGCCCTGATCGCGGCCCTGCTCGTCAGGGACCCCCTCTCGGCCCGGGGCGGATCGGCGGAGAGCGGGAGCTGGAGTGACCTCTTCCGGGCCCTCAGGAGCCTCCGCCGTCCCGCCCTTCAGGCCGGCATCATCCTCTACGGCGGAGGATACGGCACCTTTCTGACGGTCATCCCCGCCGCCCTCCTCGGCCAGGGCGCCTCCGGCCAGGAAAGGGTCTCCCTTTTCTTCACCCTTTTCTACGTCGCCGTCAGTCTCTCCCAGATCGTCGCCGGAAAGATCTCCGACAGAAGAGGGCGGGACGTCACCCTCCTCGCGGGCCTGATCCTCGTGACGGCGGGACTGGCCCTCTTTCCCGCCTTCGGAGGGACGGGGGCACTGGCCTTTCTCGCCCTGGCCGCCTTCGGCCTGGGCATGTTCTGCGTCTCCGCTCTGGCACGCCTCCAGGAGGCCCTCCCCCTTTCTCTCCGGGGCTCGGCCTCGGGCCTCTTCTACCTGCTCTGGGGCGTGGGCTATTTTCTCATGCCTCCCCTTCTGGGCTGGGTCGGAACGGCCTTGGGCCAGACGACGATCTTCCCCCTGACGGCCCTCCTCTTCGCCGTCGAAGCGGCCGCCCTGCGCCTCACATCGGCAGGCCGCGACTAGGGGCCCTCTCAGAGGTTTGCGCCGGAGAGATCCGGCGCAAACCTTGTCGGTGTTGACTTTTTCCCCCATATAGCATAAAAAGTCAGCATCACACCGAAAGGGGATCCCTCTATGCTCACCGATCTGCTCGCCGCACTGGCCGTTGTCGTCAACGGCATCCCCCAGGGCCTTCTGGCCCTCTCCTTCGGCTTCGCCGCCCTTCCGACGGCCGTCGCCTTCGCCATCGGCATCGCGGGCTCTCTGACCTACCAGTCCGTGGCCACCATCTCCTTCCAGGCCGAGACCATCACTTTGGCCGGAACGATGGGTCAGACCGTCAGGGAGAGGCTGAGCCTCGTCTTCTGGGGAGCCCTCTTCCTCCTCATCCCCTCCTTGCTCGGTCTCAACGAGGCTATCGTCGCCTTCATCGGTCCGGCCATCGTCAGCTCCATGATGGCCGGGGTGGGCCTCATGCTGGCCAACGTGGCC
CP074691.1_gap67	2368205	2368740	535	AGGAGGTCCGGTCCATCACGACGGCAGGCGTCCAGACCGTCGTCCTCGACGGCGTCGATGCCCGGAAGCTCTGCGGCAAAAAGGTCGCCGTCGTCGACGACGTCGTCTCCACCGGCGGCTCGCTCCTCTCTTTGGAAAAACTTCTGGAACGCGTCGGCTGCCGCGTCGTCCTCCGCGCCGCCGTCCTCCTCGAAGAGGGCGGATTCGACGGCGATCTGGTCTATCTCGACAGGCTTCCCCTCTTCAGAGACTGAGGTGCCCGTCCGATCCTAGAAGAGGGGGGAGGGCCTTCCCGGCCCTCCCCCCTCTTCTCCCTCCCCGCCCGATGAGGAAAGGGCGAAAGAGACCGCGCCACCATATGTTTTACCTTTCTTTGCCTTTCTTTACCCTTCTTGACTCGATCACCCTTCATCTTGACACTATCGAAGCCGCTCTCTGCCGACAAGCTAAATGGAGCCTCTCGACAGCGAAGGCCGTCAGGCACGCCGAAGAAGGAGCCCGCATGAGCGCGAAGGGGGAACGGCAAGAGGGACGA
CP074691.1_gap68	2493188	2495419	2231	ATGGATCGCCTCGAGCATGAGAGCCACTTCCCGTGCCTTGCCGCGTGGAACCGCGCTGTAGACGTTGCGGTAGAAGGGGACCACGCAGCGCTGCCACCTGGCTTCGGGGAAGAAGCGGGGCAAGGTCTCCAGGAGTCCCAGGCTTTTGTCGGAAGTAACGAGGCAGATTTCCCCGAGCCCCCGCTCCTCGAGGTACCTCAGAAAGGAGGACCGGCTTTCGCCGTCCTCTCTGTCTCCCTCGCAGACGCCGAGCACCTCATCGAGCCGTTCAGGCGATCTCTCATAGCGCCCGGCCTGGCCGATGGCGTCGGCCTCGAGCAGCAAGTTCAGCGTGTCTGAATGGGGTCCCTCTGACGATCCGGTCGAGGTGCGAGCGGATCTCCTGTTCATCGATACGGAGGATCTTCGAACTTTCTGCTGCATTCCGGGTGCCTTCTGTGGCATCGTGCCTTTGCGGTAGCCCTCTCTCGGGATGATGTTTGTAGCCTTGTCACCTCAAACATAACCCTTGCGGGGGGCTACTGCCTATGGGGAGCTCAGACCAAAGTGCGAAAAAGATCGTACGCTATCATAGCTTTACCCCCCATCCGTAGAGGGGCATGTCTACCACAGAGACGGATCCTCCATCTCCATCCCTGTGACGATAGCCACCGAACGAGCTCTTCGTGGCCGAAACCTTGGTCAGCCAGGAAAAAGATCTCCCTGTCCGGTGGCAGAAACTCCCGTGCCGCCTCGAGAACGGGAAGATACTGTTCGAAAGAGACGGAAGCGCTCTCGGAAAGGAGAACCTTCCAGGCGAGAGATAGGGCACAAGAGCCGATGAGCACGTTGACCCAGATGGAGCAGAAGCGGTCTTGAATGATGGACGTGTCGAGGGCAACGTAAAGGACGGGATATTCAATGGAACGGAGGAAACTTCTGATGAGAGGGCCATAGACCTTGCTGCAGACGGTCTTGCCGTTATCGATCCACCGCATGAATCGCTTGTGAGCGAGCTGGCGGCCTTGGTGCCATCACAGACGGAGGAGCTCCAATGACTGAGAGAAGAGGACTGGCAAACAATGGCGGCAGACACGGCAAGAGCCAGCGTCAGGCAGTTTCGTATATCCATGGCGGAATTGAGCCCCCTGTTGTGGTTGTTGTTTGGCGCAACGACGATAACAGGGTATTGCTGGGAGTTCCACGTCTTTTTGCATGTCAAAGGGCGATCTCGCTTTTTACCTTTACCACTGCATCCTATAAATTGCATGCAATAAAAAGATGTCGGTCAGCCAGCCACGGGAGTACAATTACTAGGTGTATTGCGAGAGACACCTGGTGGAATTTTTTTTCAACAAAATCAAGCACTATCGCCGGATCTCCTCACGTTTCGAAAAACTTGCCAAGGTCTTTCTTGCTATGATCCACATCGCTTCCTGCATGATTTGGTTACGATGATTTGAAGACACCATCTAACAGGCATGTCGGGTAGGAGCTCCAATTACCATTCCATCCAGAATATTCGGCCAAATTATAGCCAATGTCATTTATGTCATGTCGGCTCATGGTTCTGCATGATAGCTGATTGCAGGCTCCTTTGCTAGTTTTGAAGACACAACCCAGGGTGAACAGAAGAAAGTAGGCTAAAACCATGAAATTGCATTTTATCACGTCAAGTAGGTTGCTTAGCCATCTTGGAGGAGTTGAGACATGGCTTTCTTATTTTATTCCAGAAATTACAAATTATTATAACGATATAACAATTTATCACGTAAAAAATACTTTTGAATCAGAAAATAATATAAACCTTCCTTGCAAGTGCATCCCAACCTCGCCTCCTAAAGGAATTATGTTTTTGCTCAAAACAACACCCATACTTAGGAGTCAAATATGCCAAGGAGATATTATTATTTCTATTGGGACTTTTCTCGAGGCTTTAGTTGGGTATTTAGCTTCTTTTATGAAAAAAGATATAATTAACATAGTCTGGATACGTACTATTACTTATTCAAATAAAAAAAATCAATTTGGAAGACTAGGATCCTATTTAATTAAAAATATTGAGAAATTTTTGCTAAATAAGGCAACTATAGTTATTTCCAATGGCCAAGATACGCTAAGTCACTATAGAGATATATTAGGCATAAAAAGAACTATTAACGTAATTAATAATGCCTCGCCAAGAATTGATTTGACATATTTACCTTTTTCTGATTATCAACCTAAGTCTAGAAAACTCCACGTAGCATATC
CP074691.1_gap69	2501173	2501787	614	CATCTGCTACTTTTGTTAGCTCTCTCATGCGCCCATCGTATTCCCAAATTCCATTTGATATAAATAAAACATTGATAGAAGTACTTTTTTTCATATATTAGTCACTCCCAATAAGCTGAATTATTTTTTATATTTATATTATTTACTAAAAATTTTAAATAAGTTCTATTTGCGTTGAAAATAAAATAGGTTCTGTCCAGTATTTTTCGCACTTTCGGTTTTGAGGCAGCAGGCCCATGAAGGGCTATGTCTGATGGCTCCTCGCTATTTGGTGTAGGTAGCGTTACCAATCTCAGGTAACCCCAGTTCAAACCTTCCGGCAACAAAGTAATAAGCCGTGATGGCATCGCGTACGGTTCTAAAGCCTCTCGCCTTGGCTGCCGCTGCCTTGAAGGGACTGTTCAGACCCTCAAGTATGCCGTTGGTGCTCCTGGTTTTGACGTAGGTCAAGATGCCCTCCTTATGCCTTTTGATTGAAAAGGTACCCACCCTGATCCTGTAAAAGGAGCCCACCTCTACTGCCGTCAGGCGTTCAGTTCTTTGGTGCTGCGCTGAGCGAATCGATAGGATTCCCCCTTGAAGACGAAGATGTGAGCGTGATGGGTCAGGCGATC
CP074691.1_gap70	2609907	2611645	1738	CCCTTAGGGCGAAACCGAGGGCCTCGTCGCCGCCGGCGATGATGAGGTCGATGCCGCTGTCGCGATAGCGGGAACGCATCAGATCGGAGAAGGCGCTGCGCCGGAAAAGCTGAGGGTCCCGCCTGGCGTCGAGATAGTCGACGGTGAGGAGCGTGTCCGCCCCGGAGGCTTTCAGCGTCTCGGCGACGACGGCGGTGACCCCGTCGACCCAGGCGTTCCCCTGGTGATAGGAGTGAAGCAGAAGGATCTGATCGTCGGCCAGGGCCGGAAGAGGGAGTAGCACGAGAAGGAGGACGACGAGGGCCTCGAGGCGTTCGGCGATCCCGCGTGTTCTTCTCATGAGCTGCCCCCTCCCCTCTAAGGCCCTGATCATTGACTATCAGTTTAAATCAATTTCTGCCGAAATCAAGGGCTCATTCGTCGATTTCCGCAGATCCGAGCCCGTCCAGAAGCGTCTCGAGGAGCCGAGGCGCCCGCTCCAGCGAGAAGGAGAGCTCGAGGCGTTCCGTCGTCTTGTGGGCGTCTTTGCCCGAGGGGCCGAAATTGACGATGGGCATGTCCAGGGAGGCCAGGGCCGCCAGGGGAAGGTCGTAGACCCGTCCCCAGCCGGGCGTGTTGGCGGCGAGGGCCTCCAGGGCGGCCGCGTCGCCGTCGAAACCGAAATAGCTCAGGTCGCAGATGCCCGAAAAGTACTCGACGAGGCGGATCTCTTCTCCGAATTCCTTCCGGGCCCGCTCCTGAACCTTCCGGGCGGCCGAGAGGAGACGGCGTTCCTTCGCCGTCGATCTTCCGTTGCTCCGATGAGGGTAGTAGCAGGGAAGGAAGCCGACGACGACGAGGGGGCCCGGAAGCCCCGAGGCATCGAGAAGGGCTTCGGCCAGGGCGATCGACGCCTCCCTCTCGTCTCCGCCCGAGGGCAGCGAGGCGAGCCGCTCTTCCAGGATCGATCGGGAGGCGTCGAAGCCGAGCTTCCCGATCAGATCGGCCATGGTGAGAACGTCGGGGCTCCAGTCGGGAGCCGACCAGGTCTCCCCCCGGAGGGCGAAGAAGGCCCGGGCCGAGGCCGAGTGACGGGCCAGGGCCGTAGAGAGGGCACGGCGGGCCGAGGCGACCATGAGATCCAGCACCTCCCGGGGCGTCCGGGTCACGGTGAGGACGTTGTAATAGGCCAGGGCCCGCTCGGAGACGGTCACCGAATAGGTCCTGCGGAGATCGCGCTCCATGAGGCAGACGGGAGGGGTGAAGCGCTCGCCTCGGGCCCCGTCGGCCAGGTCGACGTTGCCCTCCAGCTCCAGATTGAGGCAGGAGGCTATGAGGTCGGCGCTGATACCGTCGTAGCAGGCGCCGACGTGGGCGGCCTTCCCGGCGCAGAGGAAGAAGGGCATGATCTTGCCCACCGTGCCCAGGAAGAGGTTGCGGCTGGGCCTCTCGCCCCCGCCCAGGTCCGAGGGTTCCGTGTCGACGGCGGCGACGAAATCGAGGCCCTCCTCCTGGAGACGGGCCAGGTGAGCGATGGCCCCCCTCATGCCCGCCGAGCCGTTCTCCTCGTCGAAGACGGCCAGGAAGGCGACGTTGACGGGAAAACGCCCCCTGTCGTCGGCGGCCTCGGCCAGAAGGCCCATTTCGAGGGCGAGGCCGCACTTCATGTCCATCGTCCCCCGGCCGAAGAGGTAGTCGCCCGAGTCGAGATCGGCCCGCACGGAAGGAGCCAGCTCCCGGCCGGCCAGGGCCCGCGTGA
CP074691.1_gap71	2614769	2616929	2160	GGCCCTGCGAACATGGACAAAAAGAGCTCCACCTTCAGCCGCGCCGACGTGAACCGTTTCCTCATTCCCTCTCTCCTGGGAGCCGTCGCCTTTCTCCTGCCCATCCCCGTGAAGGGGACGCTCAACACGCCCCTGGGGCTCGCCATCGACTGGGGCAAGGCCGTTCTGAAGGGTCAGCTTCCCTTCATGGCCATGGTCCTCGTCTGCATCGGGGCGGCCGTCACGGTCTGGGCGAGCCTGGCCCGGCCCAAGGCGATCACGGAAAGGCCCTTTCTCCGCGATCTTTTCATCGTCACCCCCTTCTGGAACCTCTCCCGCCTGGCCGGAGCCCTTCTCTACATCGTGATCTACTACAAGATGGGCCCCGAGGTCATCTGGAACATGGACAACGGCGGGACGCCGGCCATGATCCTGGCTCCGGCCCTGCTCATCGTCTTCATCGTCCTCGCCGGAGCCGTGCCTCTTCTGACCGATTTCGGCCTCATGGAATACGTCGGCACCATGGCCCGCCCCGTCATGAAACCCCTCTTCACCCTGCCCGGAAGGGCCGCCGTCGACTGCCTGGCCTCCTGGGTGGGGTCGAGCTCCGTCGGCGTCGTCATCACCACCAAGGTCCACGACGAGGGCTATTACTCGGATCGGGAGGCGGCCATCATCTCGACGACCTTCTCCGTCATCAGCGTGGCCTACATCTACGTCATGGCCGATTTCGTCGGCCTTCCCCACAAGTACTTCCAGATCCTCCTTTCCGTCTACGCCGTCACCTTCCTCCTGGCCCTCGTCATGCCCCGCATCTGGCCCCTCAAGGCCATTCCCGACAGCTATTCGGGCCGGGCGGGCCGACAGGCCCAGGAAGACCTTCCCGAGGGGTACAGCCTCTCCGAGTGGGCCCTCAAGACGGCCGTCGAAAAGGCCCGCAGGGAGGGGCTGAGCACGGTCCTTTCGACGTGCGTCAAGACCTTCGTCTCCCTCGTCGTGAGCACCATGCCTCTCGTCGTCTCCTGGGGAACGGTGGTCCTCCTCGTCGCCAACAACACGCCCCTCTTCCAGTGGGTCTCGGCTCCCTTCGCCTGGATGCTGGCTTTGGTCCACATTCCCGAGGCGGCCCAGGTCGCCCCGGCCTTCGTCCTCTCCTACGCCGACCAGTTCCTCGCCGCCGTCGTCGGATCGGCGCGGGAGGCCGAGGCGGCCAAGTTCATGTGCGCCGGAATTTCGGCGACGGGCCTGATCTACATGACCGAGGTGGGCGTCCTGATCCTCAACTCCTCCATCCCCCTCGGCATCGGCAAACTGACTTTCATCTACTTCGTCCGGGCCATCCTCTCCGTCTTCCTCCTGGCCCCCTTCGCCCTCTGGCTCTGCTGATCGACGAGGCCGCCCCGAAGAGGGCGGCCTGAAGGAAGGGACTCGAACATGAAGAAGACCTTCGAAATCCCCTGGGGAAGATCGACCCTGCCGTGGCAGACGTCTCTTTCCCTCGTCCACCCTTCGGCCGATCCCGACAAGACTCCGGCCCGGCCCCCCTCGGCGGCCCTCGACGAGCCGCTGGGCTCCCCTCCCCTGGAAGATCTCGCCGAGGGGGCCCGCAGGGTCGCCGTCGTCCTGCCCGACGCGACGCGGGCCTGGCAGGAGATCCCCCTCATGGTCGAAGCCGTCGCGAAGCGGCTCCGCCGGGCCCGATGCGGCAAGATCGAGTGGATCCTGGGACTGGGCCAGCACCGCCCCTCGACGGAGGAGGAAATGGCCCATATCGTGGGGCCTTTCGCCGGGCCCGATGACGCCGTCTTCTGTCACGACGCCTCGGCGACGGACGATCTGGGCAGGCGGACCTCGCGGGGAACGGTCCTCTCCGTCCAGCCCGAGGTGGCCGACGCCGATCTCGTCGTCTTCGTCGGCGGCATCTGCTACCACGATCTGGCCGGCTTTTCCGGGGGACGAAAGGCCCTCCTGCCCGGAGTCAGCGCCAGGACGAGCATCCAGGCCAACCACCGCCTGGGGATGACCGACAGGGGGTTCAACCCCTGCGTCGCCTCGGGCGTCCTCGAGGGGAATCCCGTCCACGAGGACATGGCCGAATATCTCGATCTCTTTCTCCAGGGAAGGAGGGCCTTTCTCCTCAACGTCGTCCCCGACGGGAAGGGCAGGCCCTACGACTATGTG
CP074691.1_gap72	2767489	2768427	938	CTTGACGGAGAAGGAGGGCGCTTCCGTCGTCCCCGAGAGGGAGACGTCGCCGTCGATCCTGCCGGCGACGACGACGGGAAGGAGCTCCTTCATCAGGACCTTCGAGAGATCGACGCCCTTCACCGTCCCCTTCAGGTCCAGAGCCTGAGGGGCTTTGGCCGTGTCGATCGTCCCCGAAGCCGCCAGGCTTCCCCCTCCGAGGCGGGCCGAGAGATCGGAGAGGCGGATACGGGAGCCCTCCATCTGGACCGACGCGGAAAGGGCCTCGACGACGGCCCCCGAGGCGCCGATCTTATCGACGGCGACGTCGAGGGGAGCGGCCAGGAGGGCCTTGCCTCCGGGACTGAAACTCCCCGAGGCCCGGACCCCCTCGAGGCGGATCGCCGGCTCGGCGTCGAGACGGGACGAGGTCGCCGTGACGGCGAAGGTGGGCGAGGCGACGGGACCGTCGGCCTTCCAGTCCAGGGAGACCTTCCCCGAGGGGCGGACCGATCCCAGGGCCGGGGCAAAGGCGACGAGGGAGGCCACGTCGAGGTTCGTCACCTTGCCCGAGAGGGCAAGGTGGGCCTTGCCCCCGGCGAGGCCCGTCACCTTTCCCGAGGCCGACAGGGCCGCCTGCCCCCAGCGGGACTGAAAATCCTTCAGGTCCAGCCCCGAAGCGGCGTAGGAGAACTCGGCCTTCGTCCCCTCGAAGAGCTCGCCCTGGAGGCGGGCCCGGGCCGACTCGGCCCTGCCCGTCACGGTGTAGGCCGACGGGTTCCCCTGAAGCTTCAGGGTGACCGAGGCCTTTCCCTGAGGCTTCTGTGCCGCGAGGGCCTCGTCGAGGGCGCCGAGGCCCGAAAGATCGATCTCGGGAGCCCGCAGGGAGAGGCCGAAGCGGATCTCGGGCGAGTAGACGACATCGCCCTCGACGGTCAGGGCCGTCCCCATCCAGGAGG
CP074691.1_gap73	2854862	2859852	4990	GAAGAAGCGTGACAGAAGATGACTAATAAAGACACACTCTGGAACTTCCGAATAAACCTTGTACATCCAAATTTTACGTCTGAATTGGAACACCGGGAGGAGAATAATCGCCATGAGCGAAAAACCGAGAAAATGCATTCTCACCACGGTAGGAACATCATCAAGGAACAATCTGCATAAAATAATCACAGACGGGTACGATGAATTACTAAACAACTTATACACTGAAAAGGCTCAACATGAAATATCTATCATAGTTAAATTAATAATAGACAAGGGCAAACTTCCAGACCCGGCCAAAATTCTATCCGAAACTCCCAGCGAGAGAATGATCAACGCAGAATTACAAAGTCTGATCCTTTGGATATTAAACAAAACTAAAGGATCAAAATTTGAAAGCATGAACTTGGTTGTGATATTATTTCCATCAAAAGATCCGGAATGCATACTTAACGCAAAAATATCAGAAATTTATATAAAATTATTGGATTCATCGCCATACAAATCCAGCTTTGGGATAAATTCTATTGATTGCAAAATAGAGGATCTAGATATCAGCGTTAAATCTAATGCTCTTTTCTCTAGGGGAATTGACTCTCTTTTTAAGGCTTTTGACGAAAAAAGAAAAGATTTTCACTACTCGACATATGACTTTGTCATAAACTGTACCGGAGGCTACAAGGCCGTCACGGCTTTCTCCACCCTCTACGGTCAAATTCACCAACTTCCCTGCATCTACACGTTTGAGTCCAATGACAAAGACACGCTGGACCTCCTGCCCCTCCCCCTTTCCTTCGCCCTGGGGCAACTTGACGATGAAATGGCCCTTCTAAGGGGCCTGTGCAGCGGCGATACCCTCCCTCTCACGAAAGAACAGATCACATTTCTTCCCGATTGGGTTCGGGGACTTTGTTCCGCAGAAGAGGACGACTCCGTCAGACCCTTACACCTGGCCCAAGTCCTCGTCGATCACTACGACAGGAACCGCCGCAAAGCCTCCGGCGTCGGACAAGGACTTCTCGACGAGATCCGCCGCCGCCCTGGAGGCGAACCCCTTGCCGCGTACATCGAGAGGCGCATCGCCAACGAGTGGGCCGAACTCTGGCTGGGCGACCAGATCCCCGAAACGGTCGAACACAGCCGCCGCCACTCGAAACGGCTCATGGAAATCGCCGCCAACGTCTTCCGGTCGGCACGCCCGGAAGACGTCGAGGCCGTGGGCCTGAATGACGCCAAGGCTTTGGCCCTCTTCGTCACCGCCATCTACCTCCACGACATCGGCCACACGGCTCTGGCCTTTCCCGTCACGCCCAGCGGAGGCGGCGCCTTCCCTCTAGGCCTTTTCCCCTCGTCGGTGCGCGAGGTCCACCATCTCCTCTCAAGAGACCTGATCCTGGCCGAGGGAGAAGACCTCCTCCCTGACGACGGCAGCGATCTGGCCCCCATGCTTCGGGAACTGGTACCCCTCGTCTGCGCCTACCATCGGGGCTACACCCATCTGCTTAAAGAGCAGAAGACGGCACAGCCCAAGGGCGCCGTCTCTCAGGTGGGGAAGCTCCTCTTCGGCGACGAGCACTTCAACGAGACGCTGCGCCCTCTGGAAGAGGTACTTGAGGCCAAAAAGGGGAAAATCGCTGCCTGGGGCCTCTCGATCCCCAAGGTGCTGGCCTGCGCCGCCCTGCTTCGCGTCGTCGACGGCTGCGACGTCCAGGCTGACAGAACCGTCGACGACGTCTACCTGAAGGCCCGCCAGAAACGGACGGAAAAGGAAGGCCAGGCCCTCTGGCAGCAACTGGCGTTCTTTGACACGAAACTTCCTGCCGAACTTGGCAACAAACTGTGCGAACTTAGAGATCTCATCGATTCTGAGCGCATCGATTCTGAGCGCATCGAGGACCCTCTTCGCGTTAAGGATCAGGCGGAAGCCATAAAAGCGCTGACCGGAGACATCTACACCGCCGTCTTCGACGATCTCATCGCTCTCAAAGGCTCCGGAGACTGGGCTTTCATCAACGAAGACTTCGAGAAAATCCAGGCCCTTTCGCTGGCCAACCGCGTGGCCTTCAAGTGGGAGCAGTTCCTTCACTTCCGCAAACACCAGGCCGTCGGCTTTGTCCTCCCCATGCCTTCCGCCGACGGCAAGGGCGTCACCATCGGCATCTGGCCCAACAATGAACTCCGTCCGGACAATGCAGCTTTGGAAAAAGTCCGCGAGAGCATCCAAGAGGAGCTTTCGGGGAAAGAGGATGACCAGGCCCGAGGCAAGCAACGGCCGGGCGGCGTCGGAGACATCCTGGAGTCCCTTGGCCTGAAGCCCGAAGTCATGGGAGAACGAAGCGATGGCCGGTGACTCAAGGGCCTGGCTCGACGAAGTCGATCAGGTCATCGACCGCTGCCTGGCCGGCCTCCGGGGCCAGCGCCGGCTTTCGGCGAAAAGGGGACCGAGAAATCCCGTTCCCGACAGACCGGACCTGCTGCGTCAGGAGATCCTCCTGTCGGGATCTGCTGCCAAGCACACCTTCGGCTTGGATAAATGGGGGCTCCGCTGGCTGATTCCGACGATAGACGTCCTCCGCCTGCCGGAGGGAGAACATCGGATTTTCAGCTACAGGGCCCGTCTCAAACCGTCGGGAAGCAAAGACAGGGAATCGCTCAAGCTCAACGGGGTCGCTGACCTGGATCAGATGGAGATCGTTTCGACCTGGTCCGACTTCGTCGAAAACGCCTGGGGCCGCTTCGCCCGGAAGCTCAACCGGGAGGGAGAGGCCCGCATCGAATGGTTTCTGGGGCTCGAAGCCGTGATCAATTCTCTCTGGGTTTCCGGCAAAAGCCGAAGCCTGGCCTTGATGAGCCCCTTGACGGGCAATCCCCTGCGGCGCCTGGAGGAGCGCCGCAAGGTCGAAATCGCCCTCAATCCCCGGGGCGACGGCCCGCTGCGACGTCCCCACCACAGCCACGAAGGGCGCCTCTGCCCTTATCACACTCCCGAATCGGAACGCATCGGCCTCCAGCTCCACCTGACCGCCGACGCCGTGATCGAGGACAAGGCCATCCGATCCGGCCGCTCCCGCCTATCCCTGGCCGTAGGCCTCGTCCCCCACGGCCGCCACAACGACGGCCCCCGTCTCCTCATGGGAGGCAAAAACCTCAAGCAGGCCGAGGCGGGAATCCGGGGCGAACCCTCCCGTATTCCCGGAGACTGCGAGGGGCACCGTCTCCGGCGACTGGATCTCGGCGGCGAGGCGATCGAGAAGGGCCGCCTATTCCCCTATCTCGGCGTCAACGCCCTGGTCGCCGTCATGCCCTGGGAAGGGCTCACCTACGAAGACGGCCTTGTCGTCTCCCGCTCTTTCGCCGAGAGGCTGGCCCTCCCCGAGGCGACGCTGGAACAGCGGGAAACGCTCCTCCTCGAAGAGAGCTCTCCGGCCACCCTCACGCAAAAAGAGCTCCAGCGGGAAGTCGACGCCCTTGTCGGGTGCTGCTGCCGCTTCGACGACCCGCTCCCCCTGCCGCCGACCCTCCGCCTTCTGGGATTTCAACCGAGGCGCTATCACTGGAACGACAGGGCACGGCTCGATTCGGTCACGGTCCGCCTCCTTCAGGGACGGCCCCGGGGAAAGGGGCGGACCCGCCGCCAACCGCTGGAGGTTCGCCTTCTCTACCGCTTCAGTCTGAACCGTCCCCTCGCCATCGGCGACAAGATCACGGGGCGCCACGGTAACAAGGGGGTCGTCACAGCCATTCTCGACCGACCGCCTCAAGCTCTCATCGACGGCCAACGCCGCGACATCGACCTCATCATCTCCCCCTGTTCGATCATCGGGCGCAAGAATTTCGGCCAGATCGCCGAAATGGTCCAGTCGCTCTTTACGGAGGATATCGCGTCGGAGACAGACAGAAACTGGCGTCAACGGCTGGCCGATCTCAAAGGACAGGGCACCGACGAAGGAGGACGCTTTGAGATCGACTGCGGCGACGGCAGAAAGGGCCGGGCCTTCTGCGGCTACCAGTACATCTGCCGACTCCATCACCACAGCGCGAAAAAGCTTCAGGCCCGCGGAGACGGCGGCCCCAGAAGCACCCTTCTCTCCGAGCCGATCAAGGCGGGTACGCTCTCGGGGCAGAGGCTGGGAGAGATGGAAAACTGGGCCATCCTCAGCCACGACGGCACCGTCGACGCCGAGGATTTCCTGACGGCCCTCCGGAAACAGAACAGCCCTCCCGACCGGACATGGCGGGTTTTTCGCACCATCCTGCGCTCCCTCGGGCTCGATATCGTCTCCGACGACAACGGCATCACCACGGCCGCCACCAGGGGAGAGCCTCTCTCCCTGCAGGAAGGGATCATGCAGAAGCTCCCTCAGGCGGAGGCTCGCCGGGAAGGTCCGGCCAACCCTTCCGCAGAGGAGCCTCTCTACCTGCTCGACTTTGCCGCTTTCCCAGAAACGACGCCATCGGATGCTTCGGCCGGAGAAGACGAAACTCCTTCCGAAGCGGTCCCTTCACTGCCTTCGGCCCTCGCCGCATCCCTCCTCCGGCTTACCGGCAAGCCGGAGAGACTGCCGTCTCGGGGAAAGATCCTCCGGCTTCTCTCCCTCTTTGAAAGATCCCAGGTCGACGGCGCCGAGCACCCCATGGTAGGACCGCTGCGCGAGCTGGCCCGCCTCCCCCGGAAGCCCCAGGACGGCGAGAACGACGACACCATCCCCCTCGAAGGGCTCCTCTTCTTCCTCGCCTGGACCGACGCCTCCACCGGACCCCGCTACGGCTTCCCCTTCGACCCGGCCATCGTGGAGGTTCTCGACGACACCGCCTCCATCCGACGGGTCCTGACGGCTCTGCTGTCCCTCGCCTACGGAAAGGGAGAGAATCTGGAGGACCTCCTCGACGCCCTCTCAAACTACCGCAAAAAGCTCGTCGGCCTCCTCAAGGGGAAGAAAGGCCTTCTGAGAGGACACCTCCTGGGGCGACGCTACAACCGCACGGGAAG
CP074691.1_gap74	3020448	3021272	824	AGAAGCCGTCGACGACGACGGTCCTGTCGGCCAGGGAGGGGACGGAGAGGGCCGACGTGAAGGCGCCCTCGTAGACCATGGAGGCGTAGACCTCGTCGGAGACGACCCAGAGATCGTGTCTCGCGGCGATCTCGCCGATCCGTTCCAGCGTGGGCCGGGGCAGGACGGAACCGGTCGGGTTGTGGGGCGAGTTGAGGATGATCATCGACGTCCGGGGCGTGACGAGCGACTCGAGCTCGTCGGGATCGACGACGAAGTCGCGCTCCTCCCTCAGGGGGAGGGGACGGGGCGTCGCCCCGCTGTAGCGCACGAGCGACTCGTAGGCGGGAAATCCCGGGCTGGGGACGATGACCTCGTCGCCCTCGTCGACGCAGGAGAGGATGGCGCAGAAGAGGACGGGCTTGACGCCGGGAGTGACGACGATTCGCGAGGCATCGACGTCGACGGCCCTCTCCCGGCGGAGAAAGCGCGAGACGGCCTGGCGGAAGGGAACGGTCCCCGCCGTGGGCGTGTAGTGCGTCGCCCCGCCCCGCAGGGCCGTAACGGCCGCCTCCGTGACGTGGTTTTCGGTGCCGAAATCGGGCTCTCCGATGGCGAAGCTGACGATGTCCCGTCCCTGGGTCTCTAGAGCCTGGACGCGGGCCAGGACCTCGAAGGCCCCCTCGCCGGAGAGGTGGCTCGCCCTTTTGGCTGTTTTCACGATGGCGACCTCCCCTACCGGCCGTGGAGCCGCGAGGCGGCCACGAAGGAGAGGCCCGACCGGGTGAGGGCCTCGGCCGTTCGGTTGACGGCGACGTGCTTCAGCAGGTAGTTGGCCTGGAGGA
CP074691.1_gap75	3030214	3032421	2207	GTCGCGGCTCGATTCGGCCATGCGCTCCCTCAGGCCGGCGAAGAGGACCAGGGCCAGCATGAAGCCCGCCGCCGTCCCCACGGAGTGGACGAGGGACTCGACGAAGCCGAAACCTTCGCGGACGTTGAGGACGGCCACGCCGAGGACGGCGCAGTTCGTCGTGATGAGGGGCAGGAAGATCCCGAGCGAGCGGTAGAGGGCGGGCCAGAGCTTCTTCATGACGATCTCGACGAACTGGACGACGGCGGCGATGACGAGGATGAAGGCCATCGTCGAGAGGTAGGTGATCCCCAGAGGTTCGAGGATGGCGTAGTAGACGAGCCACGTCACCGACGAGGCCAGGGCGATGACGAAGATGACGGCCAGTCCCATGCCGCGGGCCGTGCCCATCCGCGACGAGACGCCCAGGAAGGGGCAGACGCCGAGGAAGCGGGCCAGGACGATGTTGTTGACGAACATGGCGCCGAAGAAGAGTTCGAACCAGTGCATCAGGCTTCAGCCCCCTTCCCCGCCGAGGGGCAGTTCTCGCCGCAGAGGCTGCAGCTGCCGCAGCCCGTGGGGGCCACCGATCCCTTGCGGCGAAGCTGGATGACGCGAACGAGGGCCAGGAGGACGCCGAGGGCGATGAAGGCGCCGGGAGCCATGGAGAGGACCAGGGCGGGCTGGAATCCGGCGGGCAGGAAGGACTTGCCGAAAAGGGTTCCGGCGCCGAGGATCTCGCGGACACTGCCGAGGATCGTCAGGGCGGCGGTGAAGCCCAGCCCCATGCCGACGGCGTCGCAGAGGGAGGCCAGAAGGCCGTTTTTCGAGGCGTAGGCCTCGGCCCGGCCCAGGATGATGCAGTTGACGACGATGAGGGGGATGAAGATCCCCAGGGAGCGGTTGAGCGTCGGAGTCCAGGCCTCCGTGGCGAACTGGACGATGGTGACGAACCCGGCGATGACGACGATGAAGGAGGGGATGCGCACCGTGGCCGGGATGAAACGCCGCAGGAGGGAGATGACGGCGTTGGAGCAGAAGAGGACGGCCAGAACGGCCAGTCCCATGCCGAGGCCGTTGGTGGCGCTCGACGTGACGGCCAGAGTGGGGCACATGCCTATGGCCTGAACGAAGATGGGGTTTTCCTTGACCAGGCCGGCCCAGAGTCTCTCCTGAAGCACCTTCACGAGACGCCGCCTCCCTTCACCTGACGAAAGACATCAAGAGCCCTGTTGAGGCCGTCGGCGACGGCCCGGGTCGTGATGGTCGCTCCCGAGATGGCCTCGACCTCGTTGGCCCGGGGCTGCTGTTTCGTGACCTCGACGGGACCGGTCATCCCCTTCAGAGGGTCCCGGAAGGCCTCGCCGGCGGCCTTGGCTCCCAGGCCCGGCGTCTCGGAGTGGGAGAGGATCTCCACGCCCGTGACGGCGCCGTCGCTGCCGATGCCGACGAGAAGGCGAATCTCGCCGCCGTAGCCGGCCGTGTCGAGGGTGACGCAGAGCCCCACCGAGTCGCCTCCGGCCAGGGCCTCCTCGACGGAGACGATCCCGGGGAAGTCGCCGTTCTCGACGGGGCGGAAGCTTTCCGCCGCGGGAAGGGCCCGACGCAGGGCCTCGGCCCTCTCCCTCTCTCTCGTGAGACGGATGGGCTCGGCGGTGAGGTTCTGGACGAAGCCGAGGAGAAGGCCCGTCAGAGCCGTGACGATGAAAAGAATCCAGGCGGGGCGGAGCGCGTTACCCACGGCTTGTCACCTCCCCGAAGCGACGGGGTCCGAAGCCTCTGTCGATGAGGGGCGTCACGAGGTTCATGAGAAGAATGGCGAAGGAGACGCCCTCGGGATAGCTGCCGTAGAGCCTGATGAGGGCCGTCAGAAGGCCGCAGCCGAAGGCGAAGACGGCCCGGCCCTTGACGGTCATGGGCGACGTGACGTAGTCGGTGGCCATGAAGATGGCGCCGAGGAAGAGGCCGCCGGAGAGAATCTCGTAGAGGGCGTTGCCCGTGAAGAAACCGTCGCGACCGAGAATCCAGGTGAAGAGGGCCGTCGTGGCGATGTAGACGACGGGAATCTCGGGCGTGATGACGCGGCGCCAGAGGAGCCAGGCCGCCCCGACGAGGAGGGCCAGAGTCGACGTCTCGCCCAGGCAGCCGCCGACGTGGCCGACGAAGAGGTCCATCATGGAGGGAAGGGCCTGCCCCCCCTCTTTGAGGATGCCCAGGGCTGTCGCCGA
CP074691.1_gap76	3035698	3039306	3608	CCTCGATTTCCTTGGGCTCCTTGACCGTTCTGGCCAGGGCGATATCACGTCCCACATCGACGAGGACGAAGCCCTTTTCCTCGAGGAAACGGCCCAGCTCCAGGGGAAGGTATCCCTTCTCGACGCCCAGGCGGCACGAGGGCCTCAGGGGGGAGACAAGGGCGTCGAGAGCCGCCAGGAAGGAAGATCCTCTGTCGATTCGCTCGGGCGTCTCGTGATAGATCTGAAGACGGTCGGCACGGGCCTCCTTCCGGACGTGCTCCTCCTCCAGGGAAGGAAGGGCCATGGAGAGCCCGTCGCTTTCGACCAGATAGGCGAAGGGACGGGAATAGATGATGGCCTTGAAGCCGCTGAGATAGAAAAGATCGTCAGGCTGAAGAATCAACGAGGCCTCGACGTTCCTTTCCTCCATGACCCCTCGCAGGGCACGAAGCCGTTCTTCCGTGTTCACCTGACCATCTCCTTCAGCTCAGTCTGTCCGGATTGAGATCCCCCAGGGCCTCGACGACGAAAAGACCGTCCTTGCGGATCAGCCTGTCGTCGAAGTAGATCTCCCCTCCCCCGTATTCCGGCCTCTGGATGCAGGTGAAATCCAGATGCACCGAGGAGCGGTTGCCGTTGTCGGCATTGGCATAGGCGTTGCCCGGCGTCAGATGGAAGCTGCCGGCGATCTTCTCGTCGAAGAGGACATCGGCCATGGGGTGGAGAATCTCGGGGTTGACGCCGAGGGCGAACTCGCCGGGGAATCGGGCTCCCTCGTCCGTGTCCAGGATGGCCTCGAGGCGCGGTCCGTCGTTGCAGGAACAGGCGACGACGCGCCCCTCCCGAAAGACCAGCTCCACATCGGAGAGGACGAAGCCCTCGTAGGGAAAGGGGACATTGAAGCGCACCCGCCCCTCGACGGAACCCCGGACCGGCGCCGAATAGACTTCGCCGTCGGGAAGATTGCGGCGACCGGCCAGGGCGACGGCTCCTATCCCCTTGATGGAGAAGGCCAGATCGACGCCGGGACCGACGACGCGGACCCGATCGGTCCCCTCCATCAGGTCGACGAGAGGCCTCATGGCCCGCTCCATCCGGCCGTAGTCGACGAGACAGGCCCCGAAGTAGAAGTCCTCGAAGGCCTTCGTGCTCATTTTGGCCTGTTGGGCCATGGCGTCGTTGGGGTAGCGCATGACGCTCCACCGGGTATGGCCGCAACGGCGCTGCAGATGGAGGGGACCGAAGTAGCGGCTCCGGTAGAGGTCGAGCTTTTCCTGAGGCACGTCGCTCCAGGCGTAGAGGTTTTCCGTCCCCCTGATGTCCACGTAGGCATCCATCTTCTCCATCCGGGCCACCTCGAAGGCGGCGATCTCCTCCAGAAGAGAGGCGTCGGCTCCCCGCAGAAGGGCCCGCTCCAGACGGTAGTCGTGGCGGTGGACGAAAGGACGGGCCCCTCTGTCGAAGCTCTCCTCGACGACGGCCAAGGCCAGAGGCAGCCCCTCGCCGTGAAGTTCGACGAGCAGACGGTCCCCGCGCTGCAGTTCAAGGGCGAAATCGACGATATGCCGGGCCAGCAGGCGAACTCTCCCGTCTTCCATGACGCCCGTCCTAGCGGGCCGCCGTCTCCGGCCGACGGCCGGTGACGAGACTGACGACGATCAGGACGAGGATGGACATAGGAGCGGCGACGAGAATGGCGTTCCAGCCCAGGGGCCGTTTGAGGACGATCTCCCAGATCAGCACGGCGGCACCGCCCGTAACGATGGAGGCCAGCCCTCCGGCCTTGGAGACGCCCGGCCAGAGGATGGCCCCGAGAAGGGCCGGAGTGATGGCCGCTCCGTACATGGAATAGGAGTACATCTGCATCTTGAGGATGTCGGGGAAATAGGTCCCGATGACGTAGGCCAAAAGCCCCAGGGCGACGATACAGGCCCGGGTGTAGACGATCTTCTCCCGCTCCGTCATATCGGGCTTGAAATACTTCTGGATGATGTCGTAGACGACGTTCGTGGCCGTAGAGAGGAGAAAAGAGTCGCCCGTCGTGATCATGAAAGCCACGGCCGCCGCCAGGATGACGCCTCCGATGACGAAGGGGACGCCGCCCATGGCCATCTGGAGGATGGCCGTGTCGGGTCGGATGCCGGGGAAGAGGACGATGGCCGCCGTGGCGTAGGTGACGGCCAGACCGATGACGAGCCACTCGCCGATGAAGAAGCCGACGTTGGAGCGGGCCGCCGTCTTGGCGTCCTTGGCGCAGCCGAAGCGTTGGAACATGTTCTGGTCACCGAGGATGAGGAAAATCAGCGGGAGGATATAGCCCAGAAGCTGAACCGTCGAAAGCCCGCCCGACCAGGAAAGCTGTGCCGGCGAGAGCTGGCCGAGAATGGAGCTCCAGCTTCCCGCCTTCCCGAAGACGAAGGGCAGTCCGATCCCCATTCCGCCGACGATGAGCAGAGCGCTGAAGAAATCCGTGTAGGCGATCGTCACCATCCCTCCCGTGACGGCGAGCAGGACCATGACAAAGGCGGAAATGATGGTCCCCGTCTGAAGATCCATGCCCGTCGTCAGGTTGAGGACGTAACCGCCTCCCTTGAACTGGTAGGAAATGATCCCCAGATAGGCCAGCATGATGCAGATCGCCGAAAGGAAACGAGCCAGAGAGCCGTAGCGCATCTCCAGAATCTGGGGCACCGTGTAACGCGCCAGGGCACGCACCTTGCCGGCGACGAAGAAGAGGATGACGATGCCCACAGGGGCTCCGATGAAAAAAAGCAGCCCGGCAAAGGGCCCGTAGGTGTAGATGAAATTGGCCGATCCGGTGACCGTGCCTCCTCCGACCCAAGTGGCCAGAAGCGTTCCGACGAGGACGAGCAGAGGCAGACGGCGTCCGGCCACCATGAAATCATCGCTGTTGCCGACCTCCCGCTTGCCCAGGAAAAGCCCCATGAGAACCAGCAGGACCAGGTATCCTCCGACAAAAAGCAGGTACGACGAATCGCTCACCACAGTCACTCCCTTTCCTTATCGACCGGAAAAACACCTTTTCCGTCCCGTCAGGCACCGCGTTCTTGACGACTCGCCTCCTTCTCTTCCGGCGACGCGAAATAGAATTCCTCCACAAGCGTTTTCTGACGCTCGTAGTTCCAGTGCACTTCCGCCATGTACAGAGCCGCTCCCTGGCGATCCCCCCGAGCCAGGAAAGCCACCAGTTCACGGTGTTCCTCAAGAGAGCGGCTCGCCCAGCGCGGCGTGAACCGACGGCGCGCCGGGAAATCGTAGAGCCGCTTTCTCAGCCTGTCGGCCAACCCCAAAAGCAAATCGTTTTCCGAGACGGAAAGAAGCGTCTCGTGAAAACGACGGTTCAGCTCCCAATATCTCTCGTAGAGCCCCTCCCGAAGGACCATGGCCGTCTCGGCGTTGACGGCCTCCAGACGGGCCATGCAGTTTCCGCCGATGCGGCCGAAGTCCTGGAGGATCACCGAAGACTCCAAAGCCCCCAGCACCTGATAGGCATGCGCGATCTCGTCGGCCGTAAGGCCACGGACCTCCACGCCCCGTCGCGGATGAAAGAGGACGAAGCCCTCTCCCTGAAGCTCGAAAAGGGCATCGCGCAGCGGTGTCCGGCT
CP074691.1_gap77	3089039	3092573	3534	CCTCAACGTGAGACAGACCATCGACGGCGAGCTGGAGGCCCTGCGCCGCAATCTCCTGAACCTGGCCAACCGGGCCGGAGAGGCGGTCCGCAAGGCCCTCTGGGCCCTCTGTCACCAGGACAGGATCCTGGCCCAGGAGGTCATCGACAGCGACGACGACCTCGACAGCCGGGCCCTCAAGATCGACGAGGAGTGCCTCCTCTTCATCGCCCGCTTTCAGCCCGTCGCCCAGGACCTGCGGACCGTTTCCTCCATCTCCCACATGGCCATCGACCTGGAGCGCATCGGCGATCTGGGCGTCAACGTCGCCAAATTCGCCCTCAAACTCTCCGACCGCCCCTTCGTCAAGCCCCTCATCGACATCCCCCGAATGGGCGAGATCCTTCAGGAGATGATCGACGCCACCATGAGGGCCTTCATCAACGGCGACGTGGAAGAGGCCAAAAAGGCCTGTGCCCTCGACGACCCCATCGACGACCTGGAGCGTCAGATCTTCCGTGAGATGCTCCTCATGATGATGGAGAACCCCCGCATCATCGAGGAGGGAACGGCCCTCATCACCGTGGCCCGCAACCTGGAGCGGGCCGCCGACCACGTCACCAACCTGGCCGAACGGGTCCTCTACGCCGTCACGGGCAAGGTCGTCAGCGCCTCCCAGTTCCGCCGCCCCAAGGCGCCCCGGGACGCCGCCCATGGCCGGTGAGCGCGTCCTCGTCGTCGAAGACGAGGCGACCATCGCCGACCTCGTCGCCGAGGGGCTGCGCCGCCAGGGCCTTCGCCCCGAAAAGGTCCACGACGGAGACCGCGCCCTGGAGATGATCGAGACGACCCGCCCCGATCTGGTCATCCTCGACCTCATGCTCCCCGGCCTCGACGGCTGGGAGATCTGCCGCCGCATGAAGGAATCGGAGACGACGAGGACCATTCCCGTCATCATGCTCACGGCCCGCCGCGACGAGCGCGACGTCGTCGCCGGCCTCGAACTGGGGGCCGACGACTACCTTCGCAAGCCCTTCTCCCTCCTGGAGCTGGTGGCCCGCGTCAAGGCCCTCCTCCGGCGGACCGGAACGGGAGGGGATGAGGGGGGAACGCTGGAGTGCGGCCCCCTCTCCCTCGACCTCAAGGGACAGGAGGCCTTCCTGAACGGGGCACCTCTCGACCTGAGCCCCACCGAATACCGCATTCTCGAGCTGCTGGCCAAGAACGCCGGACGAACCGTCTCCCGCGACGAGCTGCTGGCCCGCATCTGGGGCCTCTACGGCGGCGACACGCGCACCGTCGACGTCCACATCTGGCGGCTGCGCCGGAAGATCGAGACCGATCCCGAGACGCCCAGCCTCATCGAAACCCTTCGGGGGCGGGGCTACCGCCTTCACCGAGGAGACGATCCGTCATGAAAACGCTTCGAAGCCGACTCTCCCTTCTCATCGTCGCCACCGTCCTTCTCTGCTTCTTCCTGGCCTGGTTCCCCCTGTCGGGCCTCGTTCGGGACCGCCTTCACGCCAAGGCCCTCTCCGAACTGGACATCCACAGCCAGGTCCTGGCGACGGTCATCGCCGAGGACTTCCCCGACCTCAGCCGCCTCGAAGCCCTGCACCGCGTCGTGCAGGACCGCATCACCGTCGTCGACGGCGGAGGCAGGGTCCTCTACGACAGCGATGTCGCCGCCGAGAGCCTCGACAACCACCGCGACCGCCCCGAGATCGCCCGGGCCCTCGACGAGGGACGGGGCGAGAACGTCCGCTACAGCCGCAGCCTCGGCGCCGACCTCCTCTACGTCGCCCGACGGGCCCAGGCTCCCGACGGGACGGTCTACGTCGTCCGGACCTCCTACTCCCTGGCCTCCATCGGCGAGACCCTCCTCCTCCTCCGACAGCGCCTCTTTCTGGCCTTCGCCCTGTCCGGTCTTCTTGCCGTCGCCGTCGGCCTCTGGCTGGCCTCCCGTCTGGCCACGCCCCTCAGGGAGATCGAAGAGGCGGCCCGGGCCATCGAAAAGGGCGACGAGGCCCGCTTCCCCAGCGGAGGCCCCAAGGAGATCGACGCCCTCGCCTCGGCCCTCAGGACCATGGCCGCCCGCCTCAAGGAGACCCTGGCCGACCTCGAGGCCGAGCGGTCCGACCTTCAGCTCCTTCTGGAAAACCTCCCCGTCGGCGTCGTCGTCACCGACCCTTCCGGCCGGGTGCGCTTCGCCAACGGCTCCATCGCCCCTCTTCTCCGGGACCGCCCCGACAGGGTCCAGGGACGGCCCTGCCAGGGCGTCCTCCGCGTGCCGGAGATGACGGCCCTCATCGAGGAGACGGCCCGCTCGGGCAGGGCCGAGACCACCTTCCTCCTCCGCGACAAGAGCCCCCGCCTCTTCCAGTCCCAGGCCGTGCGCCTCCAGGGAGGGGCCCTCGTCGTCGTCACCGACCTCACCGAACGGCACCGTCTCGAAGAGGCCCGCAAGACCTTCGTCGCCGACGCCAGCCACGAATTTCAGACGCCCCTGACGGCCATCCGCGCCGCCGCCGAGCTGATCCTCTCGTCGGAGGAACTCTCCGACGAAGAGCGCCGACGCTACGCCGACTGCATCATCGAACAGCAGGAGCGGATGACGTCCCTCGTCGACGATCTCCTCCTCCTCTCGCGCCTCGAAAGCGGCCCCCCCACGGAGGAAGAGGAGGACCTCGATCTGTCGTCGCTTCTGGAGACCCTCGCCCGCGACGAGAGCGACAATCCCCTGGCGGGCCGGATCGTCATCGAGCGCCGTCTCGCGCCGTCAGCCCCCTTCCGGGGAAGACCGGCGGAGCTGAGACGGGCCCTGGGCAACCTCGTCGACAACGCCGTCAAATACGTCCGCAAGCGCTTCGGCGACGAGGAGGGCGGCCACGTCCTCCTCTCCCTCGAGGCCGATGAGGAGAGCTGGCTTTTGACCTTCGCCGACAACGGCGTCGGCCTCGTCGAGGAGGAAATCGAGGGGCTCTTCGAGCGCTTCCAGCGCGGCGAGCGTGACCGAGGCCGCGTCGGCTTCTCCCACGGGGGCTACGGCCTGGGGCTGGCCATCGCCAAAGGCATCATCGTCGGCCACGGAGGCACGCTGACGGCCTCCAGGCGCGACGAAGGAGCCCTCTTCGCCGTCCGCCTCCCCCGAAGCTGATCTCCCAAATCCGAAAGGGGGCCTCCCGGCCGGGAGGTCCCCTTTTTGTTGCATTCGTCTAATAATTGACCGTTTTCGTCTTGTCGCCTATAGTCTTGTCAGACTGGGGTTTGTCGCCGACGGAAAAACAACCCGGTTGTTACATTGTTCGTCAAAACTTGCCGATTCGTCATCATCCGCTATAATTTTCCTGCTTCCAGCACCAGACCCCCCGGAAGCACGGCACGATTCGCGCCGCCGACAGGAGGGAATTTTGATGAGAAGACTCACCGCAGCCCTGATCGTGGTCGCCGCTGCGGCCATCGCCCTTTTGGGCGTCATGGTCCTCGAGACCACCCAGGCTCAGGCCGTGGCTCCTCCCGGAAGCCCCGAGCCCGAACCGACGAACTGGAGCCGTT
CP074691.1_gap78	3196253	3196753	500	ACGGGAGAGGCGACACCTTCGTAGAAGCGGTCCATCTCGTCGACGGTCTCCCGCCTCTGACAGAAGAGATCGACGACGAGCAGGTCCTGACCGGCCTTCATCGTCTCCAGGATGAGGGCATCGACCTCGCCGTAGCCGGTGAGGGTGACCTTGACGGGCGATCTCTCGGGAAAATGGCCGTGCCACGCCACGGCTGCCGCCGTGACTCCGTCGAGATCGGTGTGACTGATGACGTGAAGCAACTTATCCACCGGCGACGCCTCCTTGAGCGGAACTTTCTCCCTGATTGACGTCCCCCATTTTACCCGACGAAGGGCCCTCCGCAGGAGGCTTTTTCGATGAAAGTTTTCCACATATCCACAGGCCCTGTGGATATGTGGAGCCTTCCGCTGCGAGCGGCTTCGTCACGGGACTGTCACGATTGGTGAGTTTCTTCATGAGATCGTGAAAAAAGGGCAAACCCCGCCGATAGCCTCTCGACTTATCCACGATACCTGGGG
