gap_id	start	end	length	sequence
CP070993.1_gap1	9268	11839	2571	TTTTGTTTTGATTGAAGAAGATTGCAAAGATTCGAGGGAGGGTTATTTGTAGTAGCTCTGAATCTTCAACAAGGTATTCATTTAGTACAGAAGAAGAGACAGCACTCATGCTCGTTACTGTTCCTGCTGAATACGCACGTAAGAGTTCTTCTTCGTTTGCGTAAAAGTAGACAGTCAATTTGTTAATGAAGGGTCGCCCTAACGTGTAGTTACTAAATGCCCGTAAATCATAATATGTGGGAATACCAGATGAATCGTAGGCTATTTTTTTAAGTTTAAATGGCCCTGAACCAATTGGTTGTGTATTAAAATTGCTAAATGCAAATTCTTGCGGTGACACATCTACCCAAATGTGACGTGGCAAAATGCCAATTGCAGTATTTTCTAAAAACGGAGCGTACGGGCGTTGCAAGGTAAAGAGCACTTCGCGATCATTAATTTTTTCGACAGTAACACCATCCCAGTCAGCGCGTCGCGGGCTTTTGATAACTGGATCCTGAACTTTGTTAAGTGTGAACACCACGTCATCAGCAGTAACTGGAACACCGTCGTGGAAACGTGCATCGTCTCGAAGTGTAAATCGGTATTGAGTACCATCTTCTGATATTGTGTAACGCTCAGCCAAATCTGGTATCAGATCACCAGAAGATGTTGGGCGGGTGAGACCCGCGTACATTAGGGAAGTTAAATCGCGGTCGGTGTCTGAAAGAGCGAGAAGTGGATTTATAAAACGAGGTGCTCCGATAACTCCTTCTTTAACTGACCCCCCACGAACAGGTATTTGAGTTGTTGCTGCGTTGTTCACTTGTGTAAATACAATGAATGCACTAAAAAATAGCGCAGCAGTCAGAATCCAAAATAGAACCCGCTCAAATGGTGAAAGCGTGTCAATAATACGATGCAGTGCGGCTACTCGTGGTAGTCGGTACTCACGCATCAAATAAGAAACTATTTTTCTGTTTTCTTTGGTCATTGTCTAAATTAAGTGAGAAGAAGCAGCTAGACATCCAGCTTTGCTTGGGTTATGCACGAATCCAAATTACTACGCAACAATAAGTAGGTTTACCAGTGCAGTGAGTGCAAAAAGTATACCAAGTACAATAGTTGCGTAAAAGAGCGTTCGTTCTAATCCGCGACGAGTGTGAAAACCCGAGCTAAAGTTATCTGCTCCGAATGCACCACCAAGGCCTGAACCAGTCTGCTGAAGCAGTATAGTTACAATAAGCATGATGGAGAGCGCTATTTGGATGTACGGCAATATGCCGATAAATGCTTCCATGTCACAAACGAGTATAGCAGGAGAATGTAAATTGGCAAGAAGTAACGTCATGAAGACCATGTTTCTATTATTTTGTTATAGTTGCAGTTTATATGGATGAGGAATACAAAATAAGGAAATGGCTTTATGAAAAAGCATGTACTGATATCGGTTTAACATTGAAAGTGTTAGATGGTGAGCAGAGTTTAGTGAGAGTTTCTAAACGAAAGGATTTTTTCGTCACCCCTTTTTACGACTGGCCACCTCTGAATACATCAGTTGCATGCGATATAGCGAAGGACAAGGTTCTTACTAAAGAGCTTTTAAGTAAAAGCGGCATTAAAACTCCAGAAGGTAGACATTTTTTTGTTGCTAATAAAAACGATTGGGTACCTGATCACAATCTTAAAGAAGATGCGTATTTGTATGCAGAGGGGCTCGGCTATCCAATAGTCGTAAAACCTCATAATCTCTCTCGTGGACAAGGGGTAGAAGTATGCTATTCACGAGAACAGCTTACAAAGGCCTTAGAAGAAATACAGAAACTATCGCATGTTGCTATGGTAGAAGAGGTAATAGTAGGAAGAGAAGGTAGGTTATTTTGTATTGGTGATGAAATACAATTTATGTATTACAAAGAAAGTGATGCAGATACACAAGTTGGCAATCTTGCAGTAGGCGGTAAACTAGTTGGGTTTGAAGATAAAAAAATACCAGAAAAGCTCTCTAATCTTGCGAAAGTAGTTTTTGACAGCTTCGGACACGACTTGCGATTGTTCGCGATCGACTTTTTTGAACAAGAGTCTGGGGATTGTATCTTGATTGAGGTAAATGGGAAACCATTTTTATCGAGTATTTGTAAATATGGATACCAAGATACGGCATTGCGTGTGCTGGTGAAAAGTTTAGAAAAGTACTTCAAAAAATCTAAAATATAAGAACTTTGCATAATTTGCCTTCTCTCGTATATAATAACGCGCACCAGTACACTTTTGAGTGTATATCATTATAAAATTAACAATATATTGCTATGGCGAAAGTAAATATCGTACCACTTGGCGACCGTGTTTTGGTTGATCCAGTTACTGTTGACGAGAAATCTCCAGCAGGAATCATAATTCCAGATACTGCACAGAAAGAAAAACCAAAACAGGGGAAGGTTATTGCTTTAGGTACCCTAGAAAAGGTCACTGACGTAAAAGTAGGTGACACGGTGCTCTTTAGCGATTATGGATTTGATGAGATAAAAAGTGGAGGAAAAGAATATTACATTATTGAAAGCAAGAACTTACTCGCAGTAATTAAATAAATAT
CP070993.1_gap2	104056	106996	2940	GGCGTTTAGAAACAAACTCAGAGCGTCCTTTCTGGGTCAACGTCAACACTTCCAGTAGATGGGAGCGCTTTGAGGATGGATGTAAGTTTCGTGTCTGGCCACGAGCTGGTTTTTGTACGAATAAGTGCGTGAAGTTCGAGATTTGGTCCGCGAGGTATAAACCCTGCAAACACACGTGGTTTGTATTCTTGTGTCAGTTCAATAAATTTCTGCATATTTCCAATAACAAGAGCCCTGGTTCCATTGAAAGTCACTTTTATCAAATGAGTATACGGCGGATAGTGCATTTTTTTGCGTAGTATAAGTTCATCTCGAGCATATTCTGAGAGTGAGCCAGTTTTTGCATGTTTGAGCATTGCATTGTTGGGTGAACTGGTCTCAATATATACGTGTTTCTGCGACCGTTCTTTTAATGTTGTAATGATTGCAAAAATTCTTTCCTCGATGCGAAAGTCAGGAATACACAAAAGGGAATCTATTGAGCTCATGATGCTACAAGAAACTTCTTGTGTAATGTAGGGAAGCGTCATTTCGGTACCAATAAGAATTGCACCTTCTGTCTCATAAAATGAATCGGTTATTTTTTTAGCCTTCGCTGGAGTTTTTGCCGTATCACTATTGAGTACAAAAAGTGGAGCCTCTGGGATATGCAGACGAATATATTCTTCTATACGTTCGATACCTATTCCTAATGGAACAAGATCCCAGCTATTGCATTGCATGCATGTTTCGTGTGCGTCTCGTGAGGTACCGCATCTATGACACAGAAGTTCACGCGATTCGCCGCGTTTATGTAGCACAACGGGTGACTTGCAGTGCATACAGGTTACCGTTGTGTTGCAGTCGTTACATACTGTGTGAGAGGCGATACCTCGACGTGCCGCAAACACAAAAGAGTGCTCTTTACGTGAGTTACATTCTTTCAGTGCATCGATAGATTCATTCGTAAGTATTGGGAACTCTTTCTTTTTTTCTTTTGCGAATGTGCGTGCAGCTTTTGCGTCGATAATATGTGTTTTGCTACTCGTTCGTAGTTTTAAGGTATGTTCTTCAAGTTCGCGTACGAACCCACTCTCCATCTCTTTGTGCACTTTTAAACTGACTGTCGTTCCAGCATAGACGAGTGCACTACGCATTTCTTGTGCAAGATATTCTATGAGAATACGTGCATCAGCTCGCGGGCGGGCCTGTTGTTTGTAAGCAGACGACATTTCGTTCTCTAAAATAAACATCGAAATATCGTCTCGTGGAATGCTTGCAAACACTGGTGTTGCAATGATGAGTACCGGATGTGTTTCATCCAGAATTGCATCCCACGTTTCTTTTTGTTTCTTTGGGGACTGAGAACTCTCAAGAAGGAACGCATATTTTTCTATGCCCTTACTGTATTCTTCATAGAGTACACGAGCCTCGCGAACAGTAGGAACGCACAGAAAGAGGGAGCCATCTTGTGCAAAGTTACTGCGAATTATTGTTTTATATTTTTCTATTCGGTCTTTACGGCTGAGTTGTAACATTAGTTTCTCGAAACCCGTGCCCACATTGTTATTTGTTTTTCTCTTCGTAGCATTACCTTCTTCTGCATCTTTAAGAATTGCTGCAGGCACATAGCTTTGTATAACTATACCGACGGAAGTTGCATAGTATTCTGCTGTTGTGTGTGCGGCGCGAACAAATTCAGACGAAAATACATGAAGTTCTTTTTGCTTTCGAATCTTTCGTGTTTCGTATAGATTTGTTTTGAGGAGTGCCTTAATGGCCCGAGCATCTTCTACTTTATGTACAAGCGCAGGAATCTCTTTCTTTCTTAGTGGTACATGTATAACACTGCCGACAGTGAAATCTTGTGGCGAGAAGTACGAAAGTTGTTCGAGACCTCCTTTTGCGATGGGTGTGACGTGTACTATGAACATAGTGCAAATAGCATACCATAGGGGATATAATACTTGCGTTATACCATATATGATATACCATAACCGCATTAGGATTTGACATGGCATCAGACTCTCATAAGAAAATCGGACTCTTCATAAAGGAGCTTCGCCGCAAGCGAGGGCTCACGCAAAAGGCTTTTTCTGAAGCACTTGGCACTTCGCAGTCAGCTGTAGCTCGCATGGAAAAAGGGGAACAAAACCTTTCGTCTGCACAGTTGTTTAAAATAAGTGACGTACTTCATCACCAAGTTGTCGGTATTAAAGAGAGTGTTGATTTCCAGATTGAAGGCGGAAAGAAACTACACGGTACTGCTGTTACGAATACTTCAAAAAATGGCGCGCTGGCACTTATGTGCACAGCGCTTTTAAACAATGCACCAACTACTATTCATGGTATACCACGAATTGAGGAAATCTATCGAATGATAGAGGTGTTTAAAAGCATTGGAGTACAGCTCGAGTCTGTAGATAGAACATCACTCAAAATAACTCCACCAAAAAACTTTAAACTTTCGAGCATTGATAAAGCGTCAGCAAAGAAGATGCGCTCAGTGCTTATGCTTATCGGTCCAATGCTTCACAACAAGACTGAATTTACACTACCGCATGCCGGAGGTTGTAACATGGGTGACCGAACGATTGCGGCGCACCGTCATGCGCTCGAGGCACTTGGGCTAAAAGTTCGAACGTACGAGAACCACTACGCGTTTTCTCAAAAGAAACTAAAGCCTGCTGAAATTATTATGTATGAGGCAAGTGATACTGCTGCAATAAACGCATTGATGACTGCAGCACTTATTCCGGGCAAGACGGTTATTAAATACGCGCCACCAAACTATCAAGTGCAAGACGTATGCTTTTTGCTGAGACAATTTGGCGTACGTATTGATGGGGTTGGCACTACAACCTTGACCGTATACGGAGTAGAAGAAATAAATAAAGAAATTACACACTACAACAGTGAAGACCCAATAGAGTCCATGATGTTTATCAGTGCAGCAGCAGT
CP070993.1_gap3	118734	121058	2324	GTGATTCGCACAGCACTAGAGCGTGCACCCGAGATAAGGGCAATCTATAAAAAGGTAAGTGGAGGAGAAAAGGCAGATGATTGGTTGCCACTTTCAGTTGTGTGCGAAGAATGTGGAAGGATTGGTACCACCAAAGCAATTTCGTTTGATGGAGACGAAGTTTCATATGAATGTCGTAATGATCTTGTTGAGTGGGCAAAAGGTTGTGGACACAATGGGAAAGTGAGTCCGTTTGACGGCAATGCGAAGCTTCCTTGGAAAGTCGAGTGGGCTGCAAAATTTAAGGTAATGGATGTTGATATTGAAGGTGGAGGAAAAGACCATTCAACCCGCGGAGGTGCGCGTGATGTCGCAAACGCTATCTCGCGTCAAGTTTTTGAGCACGTACCACCATTTGATATTCCGTATGAATTTTTCTTGGTTGGTGGAAAGAAGATGTCTAGTTCCAAAGGAGCTGGATCATCTGCGCGTGAAATTGCAGATTCACTACCGCGAAAAATCTTTCGCGTTGCGCTTATGGGAACACGTCCAATGCGTGCAATTAACTTTGAACCAGAAGGAACAACGATACCGACACTGTTTGATAGGTATGATGAAATCGCAGAGAAGTACTGGTCTGGCATAGAAGACGATGACACACGGTTTTATAAACTCGTGCATCTCAATGATGTCCCTGAGTCTTATTTCAGAATGCGTTTTTCAGAAGTGGCTTTTCTTAGCCAGATGCCACATATAGATATTTTCGCTGAGGCTGAAAAGCAAAAAGGGAGTGCTCTGAATGAGATTGAAAAAGGGGAGCTACACGAGCGCGTTGATTACGCGAGCGCTTGGTTAAAGCAACATGCTCCTGAACGCTACGTATTTGAACTACAGGAAAGCACTCCTGACATTGAGATTAGCGAACTTCAAAAGAAAGCTTTTAGCGAAATACTTACGTATGTAGAGAGTACTGCAGAAATAACCGGTGAAGACTTTCATCACCAGCTACACGAGATAAAACAAAGTGTAGGTATTGAACCCAAAGAACTTTTTTCCGGTCTTTACAGAATATTTTTAAATCGTGACTCGGGTCCGCAGGCAGGGTGGTTCCTCAGTGTCTTGCCGAGAGAGTTTCTTATACAGCGTTTTAAAGAAGTGATTTAGCTACTAAACATTATACGAAAAAACCCGGCTGCATGGCAGCCGGGTTTTTTCGTATGTGCGCAATGTGGATAAGTAGTTTCATAGAGTGGAACAAAGTGTAGTAATATGTGATGGAAGTGGGAAGGAGTGGGAAATAGGAAATTATATAAACTTTATGCTTCTCGGCGAATACACACATACACTCGACGATAAGAAACGGCTCATGTTGCCTAAGAAGTTTAAAGATACTCTCGGAAAGAAATTAGTAATAACTCGAGGGCTCGATAATTGTTTATTTGTTTACTCCGATAAGGAATGGGCCAGCATTGCAAAGCGTTTACGAGAACTCAGTTTTGCACAAGCTGACACCAGGGGATTCAACCGCTTCATGTTCTCCGGGGCTGCGGAGGTAACACTCGACAGCGCAGGAAGAATATTAGTTCCAGAGCATCTTAAAAAGTTTGCTGCACTCAAAACAAAAGTTGTTTTAGCTGGTGTATCAGACAGAGTCGAGATCTGGGACGAGAAACGATGGTCGCTGTACCAAGAAAAGATTGAGAAACAGGGAGATGCCATGGCAGAGAAGTTGGGCGAAATAGGGGTTTTATAGAGTCAGTACGAAATTTATAAATTAATTAAGTAAGACATACATACTCGAAGTTGTTTACATCGAGTTGCTGGAGGATTTTCCATAGTCATGCGCACTCAAAATTATGCAATCCTCCAGCGGCTCGACGTCGACAAACACAATCACCCGACACGTACCTGTTCTTTTACAAGAAGTACTCGAAGTACTTAACATACAAGAGGATGATGTAGTGCTTGATGCCACACTCGGTGGCGGAGGGCATGCAAAAGCGTTTGCGCAACATCTTGGGAAGTCTGGTCATTTGGTCGGCTTTGATGTTGATAGCGGTGCTTTGGCACGAGCACGAGAGCAACTCTCAGGTGTTGAGCCACAAGTTACGTTGATTCACGATAACTTCCGTAACGTTTCTGCGAAGTTAGCAGAATATGGAATTAAAGGAATTGACAAAGCCCTTTTCGATCTTGGGTGGAGTAGCGATCAATTAGAAGTTTCAGGTCGCGGCTTCAGTTTTGAGCGCGAAGAACCGCTTCAGATGACTTTGAGTGACTCGGTTACCGAAGAGACGCTTACTGCATTGGAAATTGTGAATACGTGGCAAGAAGAAAGTATTGCC
CP070993.1_gap4	155573	158363	2790	TCAATATAAAGACAGAGAAAATGGGAGACATAGCTGCACTCGAAGAAATACTTCAACGAAGATTTATGCATGTAGAGTGGGAATTGCCAACACTTATTGTTGTCGATGGTGGAGTTGCACAAAAAAACGCCGCACTAAGAGTACAGGCTGAATTTGGCTACAAAATACCAATTGTTAATGTTGTTAAGAACGCGAAACACAAAGCCGACAAGGTTGTAGGGAACGCTGTTGTTATTGAAAAGTGGGAGAAAGATATTTTACTCGCGAATAATGAATCTCATCGTTTTGCAATTTCGTTCCACCGTGCAAAACGAAAAAAGGCACTCATATAAAATTCACGCAGATAGACGCTCCGACCCACAAAAACTTAGGACATCGGATGTCCTAAGTTTTTGTGGGCGTTAGAATTAACTAGTTCGTGTTAGAATCTCGATATGGAAATACAAGAAAACATACTTTTGAAAGACCATACTACTTTTGAAATTGGCGGTGTTGCTAAATACTTTGTTGTTGTTCACTCAAAAGAAGAGCTACAAGAGGCATTGGAGTACGCACAGACAAAGAACCTCGCATTTACTTTTATTGCTGGCGGTAGCAATATACTTGCGTCAGATAGCGGCTTTGATGGTTTGGTAATTAAGATGGCACTTGTAAAACACTCAGTTGACACTGAAAAAAATGAAGTGCAGGCAGAAGCCGGAGCTTCACTAATGGAAGTTATTCACGCAGCGTGCAGTGCGGGGCTCACTGGGATGGAACCAATGTATGGGATTCCTGGCACTATTGGAGGTGCGGTTCGCGGAAACGCAGGAGCTTTTGGAGTTGAGGTTGTAGACATACTTTCACACGTTACTGCTATTGATATCGAAAGCAAAGAAATACGAACTTTTACCAATGAAGAATGTGCGTTTGATTATAGAGATTCATTTTTTAAGCGTAACAGTAATTGGATTATACTGTCAGCAACGTTTTCTCTTGCGGCGGCAGAGTCTACAGAATGCATCAAAAAGGCGGAAGAAATTCTTGCTACACGCAATGAGCGGCAAATACAAAATATTCGTTCAGCTGGATCTTTTTTTATGAACCCAATTGTTTCAGAAGAACTCCAGAGAGAATTTGAAAAAGAAAAGGGTACGCCAGCTCGAAACGGACGAGTACCTGCAGGTTGGCTTATAGAAAAGGCCGGATTTAAAGGGGTCGTGAAAGACAAAGCTGCCACAGGAGAACGTAGTTCTAATTATGTTATTAACCGTGGAGCTGCGACCGCAGCAATGGTTCAAGAGCTCACTTCAGAGATACAGGGAAATGTTGAGGAGAAATTTGGAGTGAAGCTTGAACGAGAAGTCACACAGATGGGCTTCTAGTTGCACTGTCGCTCATGGTACACTAGTGCCATGTCACGAATTAATGTTGGAGTTTTACGTGGTGGACCTTCAAGCGAGTATGAAGTATCTCTCGCAAGTGGGAACTCAGTACTCCAGCATCTCTCTGAAGAACGATACAATGCAAAGGATATTTTAATATCTAAAACTGGCCAATGGCATTCAAGAGGACTTCCTGTTAGTCCTGAACGCGCACTTCGCGATATTGATGTTGCATTTATCGCACTACATGGCGAGTATGGTGAAGACGGGGAAATACAAAAGATTCTTGATGCTCACAACATTCCTTTTACTGGCTCTGGCGTTTTTGGTTCAGCAATTGCAATGGATAAAGGGAGCACACGGAAACACGTAGGAAACATTGATGGAATTAAAATGCCGGGACACGTTGTTCTTCATAAAGAAGAGGTAACCGGAACACTTGCTGAAGCTGCCCAAAAAGTATTTTCTCAATTTGGCCCACTTTACATCGTGAAGCCACTTCGTGGAGGCTCATCAGTAGGTATTGCAACAGCTGACTCTGTTTCGTCACTTGTAGGCGCACTGAAAGATGTCTTTGCAGTTACAGACGCAGTTATTGTCGAACAATTTATAAAAGGAAGAGAGGGAACGTGTGGTGTTATTGATAACTTCCGAGAAGAATCAGTCTATTGTTTGCCGCCTGTTGAGATTATAGTACCAAACAACAAAGGCGTATTTGATTACGAAGCCAAGTATGATGGGTTAACCGAAGAAGTATGTCCTGCCAATTTTTCAGGAGTTGAAAAGGAGCTTATGCAAAATGCAGCGCGGCAGGTGCACAAAACGCTCGGACTGAATCACTATTCGCGCTCAGATTTTATTGTCGCACCTTCGGGCATATACTTCTTGGAAGTAAACACGCTACCTGGACTCACGCCTTCGTCGTTGCTTCCAAAGTCGCTTGATGCTGTTGGAGTTGAGTTCCAAGATTTTCTTGATCATTTATTAACACTTTCACTTAAAAATAATGGCAGCACTCGATAAAGACGCATTACGTTCATTCTTAATGAGTGATTCAGTATGGGAACTAGACGCACAAGATAACACTTTAGTGCGTACTTTTATGTTTCGTACGTATAAAGAAGGGGTGGCCTTTGCCAACAAGGTTACTGAAATTGCAGAAGAGCATAATCACCATCCCCAAATTATTATAGATTGGGGGAGCGTCACAGTAAAAACAACAACACATGATGATGGAAATACTGTAACCGATAAAGATATCAAGATAGCACAAGCTATAGATGCGCTATAAATCGTTGAAATTATCCTATATGCTGTTAGAATAGCCCAGTCGGGCCAGTAGCTCAGTTGGCTAGAGCGCCTCACTTGCACTGAGGAGGCCGGGGGTTCGAGTCCTCTCTGGTCCACATAGACATGTAGAATCCCC
CP070993.1_gap5	194847	197224	2377	GTATGTGGATTGCCGCTGGAGTAGGAATGGGAGTTGGCTTTGGCTTATATGCCATCGCAGCATACACAACAGCTTTAACACTCTTCATCTTCACTGCTGTATGGTTTATCGAAGCAAAATTGAAAGTACACTTTGGTCGGCATAATGTAGAACCGATACGCGGTACTGAGGGCGAGACAGAAGAATAGAAAGGTATGTCTTCTTTTTATAAACCTCATCGAAAAACAGATTGGAACTACGGTGGCCCGCGATGGAGATTGTCTCGATCAAAAATAGATCTTTTTGTATCGTGTCCTCGCTGTTTTTATATAGACAACAAATTAGGAACTGCACGTCCTCCAGGCTTTCCATTTAACCTTAACTCAGCAGTTGATGCTCTATTTAAGGTTGAGTTTGATTTGCATCGTAAGGCTCAAACACCACACCCGATTATGGAAGAGTACGGTATCGACGCCGTGCCATTTCAACACGCGGACATAGACGAGTGGCGCGAAAACTTTAAGGGTGTTGCCGTGTTGCATGAGCCAACGGGCTTTACTGTTTCAGGGGCGGTAGACGATGTGTGGGTAAACAAAGAAGAGGAGTTATTCGTTGTTGACTATAAATCAACAAGTAAAGACGAACGCATAGACGCACTCGACCAAGACTGGCATGATGGATACAAACGACAGATGGAGATATACCAGTGGCTGCTTCGACAAAAAGGCTTCACTGTTTCTAACACTGGATATTTTGTGTACGCAAACGCACGAAAAGACAAAGAAATGTTTGATAATCGCCTTGATTTTGAGACAACCCTCATTAGCTACGATGGAAATGATAACTGGATTGAACAAACTCTCGCCAACATACAACTATGTCTTGATGATCCACGGATTCCGAAAGCATCAACTGAATGCGATTACTGCACATACCGTGAAGCAGTTGGGACTGTTGTACTCAAAAACAAAGAAGCCCGCACAAGTACCAACTCACCAAAAGAAATACCGAAACAGAAAAAGAATGATACGCTTTTTTAGTATGACCAAGAATGTTGCATTTTCAGAAAAAGTAAGAGATGTAGTGCGCGCTATACCGAAAGGGGAAGTGCGAACCTATAAAGAAGTAGCGATTGCAGCTGGTTCACCTCATGCTGCACGCGCCGTAGGTACTATAATGCGGAACAACTATCTTGAGGACGTACCGTGTCATCGAGTTATTCGTTCAGATGGTGGTTTAGGTGGCTACAATCGAGGTGGCGTTGCAAAAAAGAAAGAACTTCTTACTCGCGAAGGATTTTATAAAAAATAAACACCACCACAAGAGTACTTCACTATTTCTAAACACTGCGTATTAAGAAAAATGAACGCCTCAATTGACTGAGGCGTTCATTCATTTTGCCCATTAACCACGGTGTTTCCTGCCGTTTTTGTCTCTATACTTTTAAAAGCTTCAAAAACGCTTTTTCGTCTGTGTGAGGACCAATGATTGTCAGGTTTAGGTTCTCTGTTTTAAACAAATCTTTTGCAACCTTGAGCAGTTGTTGTGCCGTGACCGCATCTACTTTTTTATTGAACGCATCGAGGCCACTTTTCTTACCACGCACAAGTGCTGTGTACCCAATAAACTGTGCCTGTGCGTCCGTAGTATCAAGAGACAGGGCGAATGTTCCTTTTACGTACTCTTTTCCTTTTTGTAGCTCTTGTGATGTCACAGCTTTTTTAGTTATCTTCTTCAATTCTTTCACAATCATAGCGATAGCGTCGTGTGCACTGATGTTTGCAACTCCCGCTCGCATGTAAAAACTTCCGACATCACTGTACACATCATTTTCTGCGCGCACGTAGTAGGCAAGCCCTCTCCTTTCACGAACTTCACTAAAAAGCCTACTCGACATACCGCCTCCTAAAATTGCAGCGAGCACTTCGGCTGCTGCTTCATTCGCATGGTCAAACGGATATGAGGGTACTGATATCACAAGGTGTGTTTGGTCGGTTTTCTTCTTTTTTATATTCACGCGAGGTTCATGTTGCTCCTCTTCGTACGGAGCACATTCAGGAGTCTCGCCAACTCTCATGTTCTTAAATAGTTTCTCTGCTTCTTTGAGAACCTGTGTCTTAGAGAAAGAACCAGCAATACACAGTGCTGAGTTACTCGCCACATAGTTTCGATTAAAGTATTCAGTGAACTGCTTTCGTGTAAATGAAAGAATGTTTTTCTTTGGCCCAAGGATAGTTCGCCCCAATGGGTGGTTCGCACCAAACAACGTAATGTCGGCATCATCTAACACTGAGCGCATTGGCATGTCTTCGTACATATTAATCTCTTCGACAACCGCACCTCGTTCTCGTTTTATTTCTTCTGGTGGCAATGTTGGATTCAGGAAAATATCTGAAAT
CP070993.1_gap6	225036	226912	1876	AACACTTCGCCGGATACACGAAACCGAGTCTGGTTCATTCGTTGAGGTAATCCTCGGAAGCGACGATATTTCAAACCTCTGGAATGACCTAGATAGTATCCAGCAATTCCAAATTGTCGTACGAAACGAAGTGGAAATTCTTGCGGAACAAAAAACACAACTTGAAGACGTTAAAACAAAAAAAGAAATAGAACAAGGTATTCTTGTTGAGCACAAAACAGAATTGTCTACACAAAAACGCTCCTTGGATATTAACCGCCAAGCAAAAAACAACCTTCTTAAAGAAACTCAAAGTCGCGAATCTACCTACCAAGAACTCATAGCAATTAAACGACAGGCTAAAGAAGAGTTCGAAGCTCAACTGCGAAGTTTTGAAGCTGAATTACAATACATTTTGGATCCGACAACAATCCCACCAGCAGGGAAGGGTGTGCTCAGTTGGCCTCTTTCAAATGTAACCATTACACAGAATTTCGGAAACACGAAGTTTGCAAGCTCTGGTGCATACAACGGGAGTGGCCATAACGGGGTAGATTTTCGTGCAGCAATTGGTACACCAGTAAAAGCCACCCTCTCAGGAAACGTAAAAGCAACAGGGAACACAGATGCGTTCAGAGGATGTTATTCCTACGGTAAGTGGATACTTATTGAGCACGTAAATGGTCTTGCAACGCTCTATGCTCACTTATCTGATATAAACGTAAGTCCAGGAGAAGCTGTTGGTACTGGAAAAGTTATTGGCTACTCAGGTAACACAGGATTCTCGACCGGCCCTCATCTTCACTTTACTGTGTACGCCAGTGACGCTGTACAAGTCGTACGACTTGGCGACGTTAAATCAAGAACAAACTGCGCAGATGCAAAAATTCCAGTAGCATCATGGAGTGGATATCTTAACCCTCTCGATTATCTTTAGTACGATTTCTAGCAGATAAGTTCTTCAGACACTTTGCGGCGGAATTAGTTTCCTATCCTAGGTTTCTCTGCATACAATGCATCATAAGGAAGTGATGTCGCACAATTTTTGGGAGGCAGAAGAGCTCCAAGACAGGCGATAGAGGTATCAAAGTGTACCAAAAGTTTACACGAAGGTTTCAGGGAGTTTCATCCTGATATAGAGACAGCTTTATAGATAGAAAAATATGCGAATCCGAACAAAAAATTTTGAAAATAAAAAATAGTAAAAGTATAAAAACGAACGTAAAACAAAAGAGTGCAAAAGAAGTAACAATAGTCGTCGAAAGCGATGGATTAAACCTAATCCGCACATCCGCATCACTACAGCCATTCTTACATTGCGTGATGTCGCAAAAGATATATTGTAGGGCGTATAACACTTCTTTCCCGTCACTCTCCTGTTAAAGGAAGACTAGGAAGAAAACATTATATGCTCTACATTTAAGTAGAGTAAATAATGAAGTATAAACGTCCCACAACCCGACCGAATCCTGTTTCTCATTTTGATGAGGTGTCTGATATCGTGCCTACTGAAAAAGGGGTGTCCTCTACCCTGTCTCAAATACCTACTGCAAATTTTTGAATAATTCTTTCTGCCTCTATGCGGCCTGTATCCATCAACATGCACTCGCCTTCTCTATATGTAATCAAACGTGTCTTATGCAACTTTTCAGTAAGCACCTCTTTCTTAAACCGATGTTCATTTTTATATTCAATTGATTCAAACAACTCAACATCTAGTTGTTCATCTTTATAAAAAAGCAATACCAGCACCTCTTCCTCTGTCTTCAACCCAGTGTATTGCACCCTAACTAGCGACCCATTTTTCCAAAGCAGTGGAATTTGCCGCTCTGTGATTTGATTAACAATTTGTTGAGTATCTTCAATTGATAAATTTGATTTTAATCGAACTATCTCA
CP070993.1_gap7	289059	293854	4795	GTTGCAATAAGTGTTATTCCGTTCATCCATATGTTAAAAGCAAAAGCGTCATGGAGCGTTTCAAATGAATCTACATACCGTTTTGATTTGGCAACCAGTGAGCCAACGAATGTCTCTGAGAAGAATGCCTGTGAGTGATTTCCAATTCGAGCAAAGGTTTCATCAGAAAGACGCTTGAGAATATTACTCTGTGCATACGAATGAACGAAATCAGCAATGCGGAACAAAATGTTGTATCCAACTACAGCAATCGCTATGAATATAAGCGTCGTCGTAAGTTCATCAAGACTGCCAGCATTCATTGGTACGGACGTGACATCGATTATTCGTTTATACAAAAGAGGTGTAATGGCGCTCGCAAGTACACCACCAAACCCAAAGGTTAGGATGCCTAGTGATACTGACCATTTATACGCAACGACGTGCGGCCAATAGTATTTTAGTATTTCTTTAAATGTTATTTTCATACAGATAATGTAAAACCACGTTTCCTAAAAAGAGAACGTGGTGAGAAAATATATGTCTTAGATTTTATATTCTTTCTAGTTCTTCTTTTTCTTTTTCCATTGCATCTTCCCAAGCGGCCATATTGCCAGTCACCATTGCATCCTTCTTTATTCGATAGTTTGTATACAACTTGGCAATTAATTCTGGATTTGCCTCTAACACTTTGAGTACTGGTTTTAAAGCACTTTCCTTTGTTTGGGCGAATAATTCCGTGAAATCACGCTTCTCCTCGAGGGAAAGGCTTGAAGTCTCGATTATTTCGTGGATTTTCTGAAATGCATTGCGTTCCATATGTCGTCAGTGTTCCACAGGGTTTAGCTCTTTGCAAGAGATTCGGGCTAATATCAAACGCAAAAATCGACCATGGGGTCGTATTTTGCGCACTCAGTGGGAAAATAAGCTTATTCTACCACCATAGATGTAATTGCTCGGAAAGCTTCTGCGAGATCGCTCGAGTCACCTCCTAAAAGTTCATTCTCCATCTCTCGTGCTCTACTTCCATCTAATGACATACTGTTTAAGTTGAAAAATGATAAATTTGAATTCATACGCACTGCTATTACTAGCTAACAAATCTCACAGCGTATCAAAGCGAGAGATCGCGCGTCACCCTGTTTAAGATTATAGCATATCAAGGCGACAGGCTAATCCACACATGTGTGTGTACAGATTACGTAAGTGGCAAGGAAGATCCCTCTCCTGCAAACTTAGTTTCCATCCACCCCATAAACAAACCAATAAGAGTCCCGTCAATAAGTACCCAAAATGGTGAAGATAATCCCATCCACGCGACGACATTTGATTCCATAACTACCTCAAGTGAAGAATATCCTAGAAGAATGTACATCAGTGTAAACAAGAAACCTGCAACAGCTCCACGTATCCACCATCTCATTGTAAATCCAAAAATTGGATGCGTATCAAACATTCCAACAAGCCCAAGAGTCAGGCCCATTAGTATAAATACTAGAAGTGTCCCAAAACCAAACATACTGAATAATGAAAATCCAAAGGTTGGCAACGCCAAAATTGCAACGATTCCAACAACTAGTCCAATCAGGACACCGATGAATATTCGTCCGGCTACTGAGCGCATTTTAAACATACATAATTATCTAAAATTGATAATACATTTATTGTATCATGCAGGCCTATTAACCATAATTAGAAAAGTGACCGGTTTTTTGAACAAGCGGCTCCGTCTTTCGAGTCTGCCCACGTTGCAAAACGTAAAAAACCCAAAGCTAGCGCTTGGGGTTTTACGTTTTGTGCTCGGGGGCAGACTCGAACTGCCGACACCTTGAGCTTCAATCAAGTGCTCTAAACCAACTGAGCTACCCGAGCATATGTTCCTGTTGAGATAGTTACTACATATCTACTGAGAACTTCCTGAGAAGTCTACACCAGGAATATTGTTAAGCAACCCTTGTAACTGATTCAAAGGTATTGAATCAGTTACTCCTTGTATTTGGTTTCCCACATCTTGCACTTGCGCGCCAGTTGCTTGTATTTGTGTGTATGCATTGGAAACTTCAGCTAGAATTGGTTGGAAAATAGTGAAGTATAGGTACACAGGGATGCCCAACAAAATGGCATACAATACTATTTTGAAAATGGTGGCCAAAAATGCATTTCGCTTCATGCTACGTAACATTTTATTGTTGCTACGAACCAGTTTATATATCTCATTAAGCTTCTTCTCAGAATCGGGCATAAGAATAGTATATCAAATATATGTATGCTTAGGGTGTACACATAAAGTTCCGATACGCTCCGCTGCTCCGCCTCACAAAACTAAAAAACAGTGCGCAGGCACTGTTTTTCTTGACCATCTTGGCGTCAGCTCACTAAGCTCGTTGTTCGCCTTACGGCTCCAATTCGCTAAGTGGCTCCTGCCCGGGCTCGCCCGTTTTTACTCCTCGTGGTCATAAAAACATGGCTCCGCCTCACAAAACTAAAAAACAGTGCGCAGGCACTGTTTTTCTTGACGTTTTGTGCCCTTGCCTGGAGTCGAACCGAGATCTAGTCCTTAGGAGGGACTTGTTTTATCCATTAAACTACAAGGGCGTGAAAATACTCTAACACAAAAACCTACCGCAAGCGGTAGGTTTTTGTTTCCTATCAACTGATTGATTACAATCCAAGAAGACTTCGGATTCGTTCTTCGTCAAATCCTATAACCATCTCTTCTCCGATAAATATTACCGGAACTCCCATTTGCCCACTTCGGGTAACCATCTCCTGCGCCTTTTCTTGGTCAGAAGCTACGTCGTGTTCAGTGTACTCTACATTGTTTGCTGTAAAGAATTCTTTTGCTTGTTGGCAAAAGTGACATGTTGGTGTGCTATATATAACTACTTGTTTATGGCTCATAGTACAGACATTATTTTGTAACCCACACAGTATAACACGTGCTTTCAGAATCTAGATAGTAAGAAGCCCCGAATGGGTTTTAATTCATTCGGGGTTTCAAGAAGAACAACTAACTATTGAGCTACTTCCTACTCAGACTCTCCTTCTCCGTACATTTCTCGATACTGAGCTATATTCTCTGCTCTCGCTTGAGCTTCTTCACCAAAGAAGTATCCAACAGTAAACACAAGATATGGCGTAATCACCGAGGCGATGAATAAAGCGACCTTGGTTGGGTCGCCAAAGGTCATGACAGCCTCGACTGATTCTTGAGTGAGAAGTATTTCTACCCAAACCGTTAAGGTTACGAAAGCAGCCACTGACCCAAACGGAATAGCGATTGCCATGAGAAATTTTTTGAACATGTCAGTCTCCTTTTGACTCGATTGTTCCGTTATGATAATACAATATTATATTGATATGTCAATTATTTATCTGAATCCAAGAAAATTGATGATAGTATGCCAAATGCCACCCTCCTCTTCTTTCTTTTCCGTAGGAACATCAGGCGTATCTACAAGCACGATAAGCGTCTCCCCTTCTCTTCCTACATCAAATTTATGCCGCACTTCTTCTTCCAGTCCTCGCTTAGTACCAAGTCGTGCGAGCTCTTCTTTAAGTAGCATCTCGTGTTCATACAAAGCATCTAATTCCTGTACTGCTCTTTCTTTATTTTCCTGTGCAAATGATGCCTTCTTGTACACGCTCCACGTTCCTTTTACAAATACCATAAAAAGTATCAGAAGGACAATAATTCCCAATTTTCCAAAGAAAAGTTTCTTAAGTGCACGTTTATCACTTATGCGTAACATATGTATAGTATACACCGTACCAAAACCCTAGAGTATTAGAAAAAATATTATATACTGGTGTCTATGAGTTTCTTATATGATGAGAAAACGCGCAAAGCGATGAAATGGATATGGATTGTTATAGCAGTTCTAATTATCATCAGCATGATTATGCTGTACGCTCCAGGTCTCATACCTGGTGGCGGAGCCCACACTGCACCAGTTTCATAAACAGATTATTTATTCACTTCGCATAACTTTCATAAACACTTCGTGAGGGATGTGTACTTTTCCTCGTGCAAGCGCCTTTTTCTTTCCCTTCTTTTGTTTTTCGAGAAGTTTCTTCTTTCGCGTTATATCACCGCCGTATAAATATCCAGTGACATCTTTTCGCATTGCTGATATTTTTTCTCCGGCAATAATGCGTCCCTGACTCTTTGCTTGAATCTTAACCACAAATAACTGCTTAGGGAGCATATCTTTTAATTTTGCTACCATTTCGCGAGCTTCCTCCTCTAACCTTCTGGTTGAAACAATTCTACTAAACGCTGGTGAGAGCTCTTCAGCAATGAGTATATCGAGCCTCGTGACGTTAGCATCGCGCATTTCTATTTGCTCATACGACAGCGACGCAAAGCCTGAGGAAATGTTCTTTAGCTTATCAAAGAAGTTTCGCATCATTTCTCGCAATGGCATTTCTGCAATGATTTGAGTACGCCCATCAGGCATTGTTTCGGTTCCAACTACGGTACCTTCATGCTCGTGAAGTAATGGCATAACACCTGCAAGATGCTCAGATGGCGCTAAAATACTTGCCTTTACCCACTGCTCACGGATACCAGCTGCTTCTCCATCATTTGGAAATCGCGTTGGGGTGTACACTGTCTTGATAGTCCCATCTTTCAATGTTACTTCATATACAGTAGTTGGTAGCGTTACAATAAGCTCAACATCAAATTCGCGGCGCAAGCGCTCGGTTATAATTTCCATGTGGAGCATGCCTAAGAAACCACAACGAAACCCACGTCCCATAACTCCAGAAGATTCTTCCTCATAAGAAAGAGAAGAATCCATAAGACGCAATC
CP070993.1_gap8	302602	306752	4150	TGTTTCGAATACGAACAACATTCCTTGATTTGTAGGAATTTGTGAGCGACCTGAAAGTCCATTGACTCTTTCCTCTGGTGTATCTGCTACTTCAACTTTCACCGGTGTTCCGTCAACGTATATGTTCTTAAGATAAATGCCTTCAGGCTGATACGGTAAAAGTGAACCGCCGCCAAGCACTCCAGTAGCCAGAAGTCCTAGCAAAACAGAAATGAGCAAAGTAAGTCCAACCAGTATTGGCTTGTCAGCATCGTACATACCTACTAGTATATCGTATTCAGTATACAATGTGCATATGACAAATATAGAATACCCCATCAGAATAAACCGCTACCTTCTTCTTAGTGACATCTGTTCACGAAGGGAAGCGGATAGACTCATTGCACAAGGAAAGATTCGTATCAACGGAAGTGTTGCGCAACTCGGGCAACAAGTAGAAGAAGGCGATGTTGTGCAGGTAGCGGACTCTGCTAAGAACCGAGAGTATAAATATTTTCTGTTTAATAAACCTCGCGGGATTGTAAGTCACAATCCACAACGCGATGAACAAAGTGTTGAAGATGTTTCCGGACTTGGAAACTCAGTCTCGCCGGTTGGACGCCTTGATAAAGATTCACACGGTCTTATGTTACTTACTGATGACGGGCGCATTGTAAACGCTATTCTTAGTCCAGAATATGGACACGAACGTGAGTACGAAGTACAAACCGATAAATACATAAAAGAATCTGATTTAAAGAAAATTGCTCATGGAGTAGACATCGAAGGCTATGTAACAAAACCAGCGAAAGCAGAACGTCTTGGTGAAAATATATTTTCTCTTACTCTTACCGAAGGAAAGAAACATCAAATTCGTCGAATGTGTGCAGCGCTTGGATACCAAGTGAAAGACCTAAGGCGTGTGCGTATGATGCACTTACCGCTGGACATTGGAGACGGAAAACACCGCCCTCTCACCAAAGATGAAAAGACGGTGCTCCTTAAAAAAGCAGGTATTGAGGTCTAGCCCCAAAGACTCACGATAGTTGCAACGACAAGCGTCGTTACTAACCAATACGCTGCATTAATAGCAACAAACTTTGCTGATTTCTGTTCCCATAAAAATGGCCCAATGAGTATCGGCAACATAAACCCAAGCCAGATCCAAAAACCTAACTCAAGCGCACTGCCAAGAGTGAACGATTCCCATACGACAGCGAATTGTGCAAACACCCACGAAAGAACAACTGCTGCAGCAAATCCTGCAAATGCCAACAATGGCATTCTCTTCTTTCCTGCCTCAATATCTTCAGCTCGAACGTTTGCAAGTCTCATCCATACTGTGCCAAACACAGCTGGTGCATACCACACAAAACCAATAACAACTGCTGATAGTCCACCAGCAAGTACTGCCCACATATTTACATCAGTCATACGCTTATATATTTATATTCTAATGTACTCATTGTGCACATCTATTTTGCTATTGTCTATAACCGTATTTGCTTACCCTACAAAGATATAGTACCAAAAAGCGACTGCTTCTCTAAAAACAAAGAATGTTTCTTGTGAATATCTCCCAAAACGATACGTACTTTTAAGCACATCAACGTTCATGAGCCCAGTTTGTCTCGCCAAAAGGTTGATACGCGCTAAATGAAAGTCATTTGAAACCAGTAAGTACGAACGAGTGTGGTCTAGATTTTGTATCGTTTGTTTTGTGTTTTTTCCATCATAGTCCAGCTCTATGTCTTCGACAGCAACTCCTTCTTGGGTTGCAATTTCAAGCATGACGTCTACCTCGTGCTTACCGTAGGCAGAGTTTGCACCTGAAAAGACTAGACAGGAAACGGTATTCTCCTTATATGCTTCAATTGCGGAATAGGTACGATCAGACAGTGCGTGCGACGGATTCCCTCCAGGCCAGACAGCAGCACCAAACACCACTGCACAATCGTGCACCTCTACGTCTTTAGCTACATAAAAGGAAAAGATGTATGCGAAAGTAGCTACAGTTAAAAAGAAGACTGCCACCACAAAAATCCGTGTTATTTTGTGAATTGATTCCAAGATGAGTATTATACGCTTTCTCTGTAGGTTTTACCCGAGCGCAAGGCTCAACTGAAGCCCAAAGTATGCATTTTTACTTCTTAATTCTCTTTTTCTTTACGTTAAGCGAATCGTACGCACGAGCTCTTTCAGCAACACGTTTAAGGAGTCTTTCGCGCACAATTTCGTCGCGTCGTTTAAACATTTCTGCAAAAATATCAAACGATACAAGCTCTATTCCGCAAAAGCCAAGCACCCCATGTTTCCATCGCATTGAGGCAGAGAGGTTAAACAAAAAGTACACCCATCGAGGACCGTCAGCTGTCGCAAATATCCTCGCAGTCCGTCCTGCAAGCAATTCGCTTCGTACCCCATTCTTATTGTACTTATAAGCAAACCCTGAAGTGAAATTTTGATCAAGGAAGTTCTTTAAAATCGCCGGTGGTCCAAACCACCAAATAGGAAAGACAAATACGACTTCGTCTGCCCAGAGGATTTTTTCTTGAATCGCCTTGTGCGCTGCGGTTGGACTGCAATCTTTCTTTATATCTTCGTAACACAAAAAGGGTTGCGCATACTTTTTCTTGTAGAGATCCATTATGAATACATCACTCCCACGCTCTTCTTTTTCCTGCTTGTAGCGGTTAGCTATCTTGTGAGTGAATCCCTTCGACGCAGGATGCGCGGTTACAATGAGCACGTTCATGCGTAAATTGTACCGCGCTAATAGACTCTCTGCATTTCAAACTGTGGATGAAATAAAGAGTACTTAGTGCTTGAAAACAATGTTTGGGTGCTTCTGTAGCATTACCACCTCCTCCGAGACATCTAAACCTAAGTTTGGTATGTAAATAAAACCCGTGTGATCCTCTGGAAAATCTCCGGCCATAAAACGCTTCACCATTTCAACCTTGTCGTTAGGATGGACATAAATATCTCCTATAAGTTCTTTTGGTAGTTTTAATTCTTTGATTTCCGCAAGAGACGGCAAACTAATATCTCCTATAATCGTGTCGGGTAAAATAATTTTTGACAGCCCACTTCCAGCGAATTCAACATTTCCATAGTGTAGTTTAATCCCTTCTTTAAAAATGTCTTTATTGCTAAGGCTTATTTCGTTTGGGTCTAATTCAAATACGTATTCCAAATCGTTCTCAAGATTACGTTTTTCTAAAATCGTAGTTATACGAGGATCAACTTCAGTCCTTCTATTGTCTGCATGTACACCAAATCCATATAAGAACTTGAGTTCCGCTAAAGACAATGAATTCGAACCATGTTCCAGTATTTTCTTTTCGATATGCTTAATTCGCTCATCTGCTGTCATTTCTTCAAAACGCCTTCTGAAAGCTGCCAGGTCTATTATTTTACCTTCATTCATATTGATTGATTATACTTCACGTACCTCTGCTTGTTCAAGCATATCGTCTACCAACTTCTGGCTGTCGTAGAGCTCTTCTGCTTTCAGCACTCCATCTAATCGAGCTTTCGTTTCTGGTCTCTTTGGCATAAACACCGTACACGTATCATCGTGTGGCAGGACTGAAATATCGTGTGTTCCTATAACTTTTGATTGCTTAATGATGTCTTTCTTGTGCATACCCGCAAGCGGTCGCAGTATTGGTAACGTTGTAGCGTCTTCAACTGCTCCCATATTTTCCAATGTTTGTGACGCAACTTGCCCAATAGACTCTCCTGTAATAATTGCTTTGGCACCGTTGTCTCTACCCCATTTTTCAGCTGCCTTCATCATAAGACGCCGATACAATATGACTCTTAGTTTTTCTGGGGCAACCAGAGCTATTTCTTTTTGTGCATAAAGTAATGGTACTAACGTTAACGTTAGTGGTCCACAGACATCACTCAACACTTTAGCTAAGTCTTCAACTTTTTCGATAGCGGCTCGTGAAGTTTGTGGGTACGCATGAAAATGCATAAGCAATGTCTCCACTCCTCTGGTTGCACACATATGTGTAGCCACCGGGGAATCGAACCCACCAGAAAGGAGCGCTACTGCCTTACCAGACGAGCCAACGGCTAAACCTGAAAGCCCGTACTCCTTTATATAGACGTACGCTCGGTCTTTTAAAATTTCAACGCGAATTACCACATCAGCACCCGC
CP070993.1_gap9	350415	354679	4264	ATCCAGCGTTCCGAAGCAAGAAGTGCAAGAACGATAAGTGCGAGTCTAATGAACATACGTATTTATTTTAATTTGGTAACTAGTGCTGTGAGGGCGTCATTGACGAAACCAATGTATCTCTCGTCGGTTGGTATCCCCTCTTCATTGAACAGAGATTCTACATTTGAAGTAGCAATAGTATCCCCTAACGTTTCAATAGACGCAGCAAGTAGTACTGGCGCGAGCTGCTGTATAACACGAACGCCACCATATTGCCCTGAGGACACACCTACAAGAATAGCTGGTTTTCCTTTATATTCTTTAAACGCTGAGTCAAAAAAGAGCTTAAATTCGCCAGGAAAGCTTCTATTGTACTCTGGAACTACAAATACGAATCCGGCAGCCTCATGGGCTATTTTGCGCCATTTAGCGGCGTTTTCGTCCTCTACCCAAGCTGGAATAGTGAAGGGAGACACGAGATGATTGCGTACATCCACCAATTCTGACTTAACGTCCTCAAAACCAGACAATTGCGTGTGTACGAAGCGTGCCACTTTTTCTGATTGACGTTCTAGACGCCCTGTTCCTAATACTACTGGAATAGAAATATTCATGAATCGAAGTGTATCACACACCTTTCGTATCAAAAAATAAAACCGGCAGTGTCACGGGAAATGACACTGCCGGTTTTATGTATTATATATTTAGTAGTGCTCTACCCGCCTATTTTAGTTTGAGTTTGGTTTTGACTTTGATTCTGAGTTTGAGTGGTGGCGCCTTGCCCGCCGCTTTGGGTACGTTTTTGATGTTCTTCTGAGTTCATGATGCCACACTTTTTGTACTTCTGACCTGAGCCACACGGGCATGGTTCGTTACGTCCGACGCTGTTTTCTTGAGTGCGCTTTACTGCGTGAGCTTTTGAATCGCCATCTTTCTTTCCGAGTATCGCTGCGTTTTCGTGTACTTCTTGCATTTTTTGGTTTTCGCGTTGCGCGAACATTTCACCTGAAAGCTGCGGGAGAAGACGGGTCACGTGTTCTTCGTATGACAGCTCAAGGTCATTGAACAATCGGAGTCCTTCTTTTTTATATTCCAACAGTGGGTCACGTTGACCGTACGCACGCAGGTTTACACTGCTTCGGAGGTAGTCCATCGTTTCAAGATGCTCTACCCAAAGCATATCGAGTGTTTGCAAGAAGACCCGCTGTAGTGCGACATAGAATGCCTCCTCCCCTATTTCTTTTTTCTTTTCTGCTATGACTTGTATGTTCTTTTCGTCAGTCCCAATGATGGTTTCTAGTTCTGCATCGAGTGCATCGTTTCCACCGAGTAGTATGTTGTTTCGTCGTTTGTAGAGACCTGTTCGTTGGAGGCTTAACACATCATCGTATGCGAGAACTTGTTTTCGTGAATCAAAGTGGAAGCCCTCGATTTTCTTTTGCGCTGTTTCAAGAGAGCGAGTGATGATTTTGTTTTGAATCGGCTCGTCTTCTGGAATACCAAAACGTCCCATCATTCCTTTGATTGTGTCGCTCGCAAACACTCGCATGAGTGTGTCTTCAAGAGATACGAAGAATTGCGTTTCTCCAGGATCTCCTTGGCGCCCAGAACGACCCCGTAGTTGGTTGTCGATACGACGTGCTTCGTGACGTTCTGTACCAAGTACAAACAAACCACCAATGTCTCTTATTTCCTGCTGTTGTTCTGGAGTTGCGTTTTCTCCACCAAGTTTAATGTCTACTCCGCGACCAGCCATGTTAGTTGAAACAGTTACCGCACCTTTGTGCCCAGCATCAGCAATAATACTTCCCTCTCGTGCGTGATTCTTAGCATTTAAAATTTCGTGAGGAATGCCCTCTTGCTTTAAATAAGCGCCTAAAAGCTCGTTTTTTTCGACTGAAACAGTACCAATAAGTACCGGTTGACCCTTTTCGTTTAGTTCTTTTACCTTCCGTGCGATTGCCTTGAACTTTCCACTTTCGGTTTGAAAAATGAAGTCATCGTGGTCGATTCGTTTTATGTGCTGATTGGTTGGAACTTCAACGGTGTTAAGGCCGTATACTTTAAAGAATTCTTCTGAGCTCGTAACAGCCGTTCCTGTCATTCCGGCTAACTTTCCATAATTACGGAAATAGTTTTGATACGTAATAGATGCAAAGGTACGTGATTCTTGCTGTACTTCTACATTTTCTTTTGCTTCCATCGCTTGATGTAGTCCTTCGCTCCACCTGCGACCTGGTTGCATACGTCCGGTGAATTCGTCAACTATAATGACTTCACCATTGTTTACCACGTAATCTTTATCTCGTTCGAAAAGTGCTCGTGCACGGACCGCAGTCTCGAGGTGGTGAACGTATTTAATGCCTTTGTCGGTATAAATATTGTCTACTCCGAGTATCTTCTCGGCTTTTTCAATCCCTTCATTGGTAAGCTGTATGGCCTTTAATTTTTCATCAACTGTATAGTCTGTCTCTCTTTCCATTGTTTGTGCGATTTGTGCAAACTGCCCGTAGAGTTTTTCGGCGTCGGACGCAGGGGCTGAGATAATTAGCGGGGTACGAGCTTCATCAATAAGAATGGAGTCGATTTCGTCAACGATAGCGAAGTTATATCCCCCATTGTCAGGAGTACGTTGTCGTAATTCTTCTTTATTATATGAAATATTGTCACGTAGATAGTCGAAGCCAAACTCATTGTTTGTTCCATAGGTGATATCAGCGGCGTACGCTTCTTTACGAGTACACACTGTAAGAAAGTCTTCTACTACTTCTGACCCTCCTTTTTCATCTCGTTCTTTATCGGCTTCCAAAAGTTCTTCTTTAGGTACGTGCATTTCGTCGTACAAATATGATGCCTCGTGATTAATGATTCCAGTACTGAGACCCAAGAACGCATACACTTGTCCCATCCAAACTGCGTCACGACGTGACAGATAGTCGTTAACCGTGACCACATGTACACCCTTTCCGGTAAGCGCGTTGAGATACGCAGGAAGTGTTGCTACGAGAGTTTTACCTTCACCAGTACGCATTTCCGCAATATCGCCGTTATGTAATACAGCACCACCAATAATTTGCACATCGTAGTGTCGTTGTCCCAAAGTGCGTTTTGAGGCTTCGCGAACGGCGGCGAACGCTTCGGCCATTATATCTTCAAGTGTCTCCCCTTTTTCTAAACGAGCCTTAAATTCAGCTGTTTTTCCGCGAAGGGCTTCGTCAGATAGTGCGACGTATTCATCTTCTAGTGCATTAACACGCGTCACAATACGAGACGCTTTTTTCAAAGCCCCTGCATTTTCGTCACCAAGTAATTTTTTTATTCCTTCAAACATTTTCTATTTCGGTCGTATCGTGCGCAAATACTGAAGGAGCAGTATACCATTTAGAAGATACGAGAGCACGAAAATGAAGAATCCTTGCCTGGGCGAGGATTCTTATGATTTTATAAGCTGTACTACGAGATTATTCTTGTTTTATTGAGATAGCGTACGTATCTCTTCAAGTGCTTGGTCTGCGATTACAGTGAATTTTGGATATTCTTTTTTTATGTGCAAAACTTCACTGCGTGCGTTATTTAAATCACCTATTGCGACATATATTCTCGCAAGTGAGAAAAGTGCACCAACATCGTCTTTTTCAACACTTTCATTTGCCACGAGTGCTTTGGACCACATGTCACGTGCTTGTACATGCAGACCCTTACTTATGAGTGCTGCGAGTATGTCGGTGTCCCCTGCGTATATAGGTGTTTCGCTTAGTAAAGCAATAGCGTCACTCGCTAAATTAGCCCTAATTAATACATTCGCGTATAAAATGCGAGCTGATTGATATTCTTTTTCTGCTTCAAAAGAAGTTTTTGCGTATGTGAGAGCGCTTTCCAGATCACCTGAATTTGCAGTCGAAGCTACGAGGAGTGCCAAAATACGTTGTCTGTCTGGACTGAGTTCAAGAGCTCTTTTGAAATTCTCAGTTGCTTTTGCAAAATCACCAAAACTATAGTGTGTTGAACCAATAAAGAAAGGGTAGCGTGCATCATTAGGCACACGCTCTTGTTGGTGTGTAAGTGAATTAATAGATGCGTTGTACCATTCGTTCTTTTGTTCTGTAGAAACCCACGTAGCTGCGGCTACCTTTCTTGCGGCTTCGCTCCACTGTTCAGCAACCTCTTGCGAACCGTAGGTATCAAATGCGTACGCTTTCTCAAATAATTCTAAAGCTCTATCTACATTAGATACTGCAGACTCTATACCATTTTCTTGATCTTGATTTGCTTGCAGTTGTGCCAC
CP070993.1_gap10	383148	383670	522	AATGCTGAAAATGCGAGGAGGGCTATGATTATAAAATATTCCATATTTATTTAATTGTATCTATTCTTTCACTCTGTAGTTACTTTAATGCCCTATTAGGAATACTGCTGCATACCGTTTTACCTGAAGTGACCACCTCACCATCTTGTATGACATCTGTATGAACGAAAGTTTGTCGCTTGTCTAATATAAGACCTTTATCTTCTTCTTCTTTTAGCTCTACATCGGTTGCCTTGCGTGAGACTACTCGTACTGGCACGCCTGTACGTACAAACCCTGGAAATTTAATATTTAGATGTTCATTGGTAATTGCTACCTGATTAGGCTTCCCTACACTCATTGCAAAGGCACCAGCACTTGAATCAATCATAAAAGTTGAGATGCCACCATGTGATATGCCATGATGCCCTTCTTGGTCTCGAGCAGGTGTAAAAGTTATTTCAACTTTGCTTGGCTCGGTATCTGTTGCAGGGAAATAGCGAAAATTGTCGACAGTAACACCTTCGTTTTTATACCGTTCTT
CP070993.1_gap11	407487	411055	3568	ATAACGTTATTTTTTGCCTAGGCGTTATATTAGAAAACGAATAATAATACAGTACCGACCTACCTTAATAATACACCTTGTAGGAAGCGATTTTTTTGTAGCTGTGGGTATGTTTTATTGCACCTTCCCTATTTTACGCATGTGTACATCCTTCCACGCTGGCGCCATTTTATCTACAATAATTTGGTGAGGATAGTCGAGTACATCCCGAATGAGTCTGTCGTATACACCTAAACGATACGTAAAATCTGGCGTTGAAAAAGCAGCGTATCGAAGCTCATGACCCATGTGTGATTCTAAATCTCGTATAGCCGCTTTAAGGCGCGAGTCTTTCAAAGAATCTCCTACTACCATTATGTCTATACGACTATCAGTATCACGAATAAAGACACCAGAAACGATTACGAGTTTTATTTTCCCTGTCCCATTAATCTTTTTTAGAATCCCATTATCGTCTGTCGGTTTAATGTTAAGTATAAAGTTTCGCAATGCAAGTAAGTCTGCAAAGGTGGTGTCTATAGTAAATCCAACCACTTTCTTTTTCGCCTCTTTTTTATTCTTGCCTCTGCCTTTAGTAACGATACGAGTATCGTTTTGTTTTTTAAGTAATCCTATTTTTGTAAATAGATTGAGTTCTTTTCGAACTGTTTGAGGATGAACCTTCGCACGTGTCGCAACTTCATCTGAGGTGTAGCATGAGTCAAGATTCGATAAAAATAATCGGAGGATTTTTACCCGTGCTGGGCTTCCAAATAGTGCGCTGAGTACATCATTCATTGGGGTGATTGTAGCATAAGCTTCGTGCAAACAAAAAACCGGCGCCAAAAGCGCCGGTTTTTTGCAATATATAGTAATGAAGTTATTTTAACTCAACTGTAGCTCCTGCCTCAGTAAGCTTGGTCTTCATTTCTTCTGCCTCTTCTGGCTTTACGCCACTCTTAAGGTCAGCCGGTGCTGATTCTACAAGGTCTTTTGCTTCTTTAAGCCCAAGTCCTAGTACTTCCTTAATTGCTTTGATAACTCCGATCTTTGAGTCACCTACAGCTGAAAGGTGAACGATGTAATCGCTCTTTTCTTCAGCGGCACCACCATCTGCTGCTCCACCTGCAACTGCAACAGCTGCTGCTGAAACACCAAATTTCTTCTCAAGAACTTTTACAAGCCCGTGAAGTTCAAGCACGGTCATCTTTTCGATCTTTTCGATAAGGTCCTTGTACTCATCTGGCACTTCTACCTCTTCCGCTTCGTCAGCAGCTGGAGCTGCTTCCTCTGCCTTTTCTTCAGCAGCTGGTGCTTCTTCAACAACAGCCTCTTCTTTTACTTCTTCCGCTGCTTCCTCAGTAGCAGCTTCGTCTTTCTTTTCTTCTTCAGTCATACGTTAGTTATTAGTTGATAGTTGATAGTTTTTAGTTGGTAGCAACACACTATACAAGTGCAATTGCTATGCTTCTTTCTTTTCTGCAATTCCGTTAAGTGCTACAACCAAACCTTGAATTGGTGAGTTGATGACGTTTGCGAACATACCACGAAGTGTGTCCACCGGTGGAATAGTTGCAACTTCGTTCATCTCTGCAGCATCCATGAAGCGACCTTCAAAGACACCTCCCACAATTGAAAGCTTGTCGCCGTACTTCTTTACAAACGAGTACACGTTTCGTGCTGGAGCTGTTGGATCGTCAGACCCGTATGCTACTGCAACTTCTCCTTCAAGAATTGGTTGCTCCCCCTCTACTCCGGCGTTTTCAAACGCACGGCTCATAAGAGTTTTTCGAGCAACGAAATATGATACGCCTTCCTCACGAAGACCACTACGAAGTGCAGTTTCTTCACTCACTGGAAGACCATTGAAGTGCACAAAAACTGTCGATGCCGATGTTTTTACTGCACCCTCAAGACGATCAAGAATTGCTTTCTTTTGTTCTTTTGTTTTTGCCATAGAGCAATACGAAAATGCTGATAAATGGTAACGAGTGTTATATACGAAGAGAATCAACCTCGGCACGTCTGACCCCTAATGTGGGAGCGCGCTTTCTTCAGCTCGTTACCGAAGACTATACCCAAATACAGCTAAAAGTGCAACGATTTACTATCAATTGACAGTGCGTGTATATGTGTTACAATACAGTTTGGTAAATTAAGGAGATAGAGATATGGGTAAATCTACGCTACCGGCTGATTTGTTGTCTGATCTCGGCGAAGTAATGCCAGTCGGCGGGATCCTCTTCGACTTCACTACTCAAATGCTCGGAGAGCTTATCCCTGAAAAAAACTGCGATACTCCGCGCAAAGCATTGAAGGAGGTTCTTGGCAAAGATAACATCTCTGCCGTGAACTTCGTTCTCGCCAAGCACGAAATCGCTGTTCAAATCTAGTGATTACTGCCCATCTACAAAAGCGACCACACTAGTTAGTGGTCGCTTTAACTTTTACCTATTGAAATAATACAAACGACACGCCAGCCTGCATCAAGTCTTCTGTGGTTATGTCGTAATAGTTAACAGCAAGCACAACACTCAGACTGATTGAAAGTATAAATACAAATCCAAACAGAAAGTTGAAGAATGTACTATTGAGGATTCCTTTTTCCATATCTATATATTACCATCTAAAGTTTAAACTGAAATAAGCTCTTTTTTACTTGTTAGAACTCGAACGGGACATCGACATCTAAAGAAACTGTCTTTACGAATGCCCCACTGTCACACGACAACGTTAAAGTCATATCTTCAGCGATAAGTGCGAACTCACTCCCTGATGTGCCAGTCCATGAAATAAGTCCTCCGGTTACAGTACAGCTGGTAGCACCCGAAGTATTCCAGGATACTGTCGTTGGTCCAAAGAACCCAGATGAAGGGTCAGCAGATATACTTCCACTTATTGCTGCTGTTCCACTACCGCCTGTTCCTTGAATTGGTGCAAAAAACATTTTTTGTATCCACGGTGTAGGGTCATTGCATCCTGGTTGATCACCAACCCATCCTACCTTGTTCCACGGTCCTTGTAGTGAGTTTTCAATACACTCTTTTTCACGTTGAGCCAAAAGAGCCTCAAGAAATGCAATGAGTGCGCTCGCCTCGTTGACCCGCGCTTGTAGCTCCTCTAGTGTTGGTCCTGTTTGTTTTTGTGGTGTCACTCCGTCTGGCAGAGGTTCGCCAACGATAGTTTTCTTTAAGGCCTGCTGTAATCCGAGCAATGCACTCGCTGGTTGTGCATCTTCCTTAAGAGCTGAATCACGTGCTGCTGCTGGCGTATGAATTCCATATACCTTAGCCGCAGCATAATACCCATCTAAATCATCTTTGTTTAGTTCATACACATCCGCAGCAGCAAGTGATGTAAGCGCTAGTTTTGAATCTCTGCCAAACGCTAATCTTTTCATTACATCTTCAGTTTCTTTATAGCTTTTGTTCATCGCAAGCAGCGCTCCTGTTTTACGTTCTTCTTCTACCTCTTTAAAAAACAAATCAATTACTGCGACCCCGTGAAGTACTGCCTGTTTAGATAAAACATCCCAATAGTCTTTCGATATCTTTCCATCTTTATCATTAAAAAAGTACTCAGTTTCAAT
CP070993.1_gap12	414682	418639	3957	ATTGCTGATCCTGAATCAAGTCCTGTACCGTCAACGTCACCTGAAGCTGCAATTGTTGCAATAACAGTTGAACCGTTAACTACCTGTGTACCGTCAATGTTGTTCAATACAACCTTAACTGTAACAAGTACCTTATCGTCAGCTGGAACAACAAGTGTTCCGTCTGTGAAGAATACTTCTGCTGTGTTCTGACCACCAGTTACTTCTCCTAACTTGGTTGAACCATTGTAGAAGATGTACTTTGCAACTGCGTTGTCAGTACCAGTGCTTGTAAGCTTAATGCTGTCGATGTCTACATCTTCAACATTGTTTGCTGCAAGACGGAAGACTGCTACAGTCTGCTCGCTTGTGGTGTCGTCAAGAATCAATGATGCGTCTGGTGATGTAGAGTCTACTGTAAGAGTTACATCTCCTGAAGCTGCAACAGTCATAACCTGTCCTGAACCTGTTGGGCTAACTGAAACAGTTGAACCTGAGTTCAGACCTACGGCTGTAACCGCACTAATTGATACTTGGTGTGTACCACTAGATGCAGATGATGAAAGGTCTAGTATTACTGCAATTTCCACTGATGTGTTCTTTGCAACAGTAATGTGCGTGTCAAGAGGCATTGCCAATGTAACTGCACCAGTTGAACCTGTCATTTGTTCTGCGTCTGCTACACGAGTTTCGTACTTGTCACCACGAACTGAGTCGTTAGTTGAACCACCTGTAAGGTTTGCCCAAATTTCAACGTTGTCTAGGTGTGTACCAGTTGATGTTGCTGCTGTTGAAGCAACAGTAACCGCTGTAACACGTACATCTTCTCCTGAGTTGGCTGCGTCAAGGTTAGCAGTTGCAAAGACGAAGTCTGTTGCACCTGGAACGACTGAACGAGCTGCAGGTTGTGTAAGTGTTGTTGCTGACAATGCAGCAGATTGAACTGTCATTGTGTTTCCAGTAGCTGTTGTGCCAGGGATTGTAACAGTGTCACCAGTTACATCACCAGTTGCGTCACTCCATCCTGAAGGGTTGGCATTGATCACAATTGTGTCCCCATTCGCCCATGACGAATCTAGATAACCTCTAACGTACAGAGTAGTAACTCCTGTTGGGAAGCTAATGCTGCTGAATGTCATTGTACCTGTAGTACTTGCTCCTGTTGCGTCAACTGGACCTGCAAGAACAGAACCGTTTTGGTCAACAAGAGTAACGTTGTCAAGATCAGTTCCGACTGGGCTTCCTCCTACTTGACCGATTGTAGCTGTCATAACTAGAGTTTGAACCGTAATTGGTTCTCCCTTGATATCAACAGTAAATGCCCCTAGAAGTTCATCAGAAGTCTGGATAGCAACGTTAGCTGCTGGAGCTGCACTACTCTTTGATACTGAGTTAAATGTACCTGCTGAGATAGTAACTACGTTAGCATCATACACAGGGCTCGTTGCGCTGAAGTTTGAACCAACTGCTGGTGTAAGTCCGTATCCGTAAGTCTCGCCAGTTAGGTTGATATCAGTCATCTTGTAGACGTCAAACGCAATGTTTCGGTTTGTACCTCCGATGATGTCACCCTTAACAACGATCTCCTTTGAGAGACCTTCTTTAATAACAATTCCTGAACCAAAGTTCACTACGTAATAGTCACCCATTACAGTTGGAGTGTATGCAACACCATCTACATACGCCATCACATTGTTGATGTCTGAAGTTGATGCTGAACCGCTCTGGTCAAATCGTACTGAGTGAAGACGTACATCTTCCTGTGAACCTGCTGTCAACTTGATAGCAGTAAAGGTGTAGTTGGTTGTACCAATTTCCTTTGTTGCTGTTGAAGCTGGGTCTTCTACGCCACGAGCTGCAGTTACGCTACCGATTGCAAGAGTTGCGTTAGTAGTGTGTGATGCACCTGTGATTGGAAGTGAACCTGCAACAGTTGCTGAAGTGTTAACTGCTACAACTGAAAGTGTTCCCACTTCACCTGCGTAGGCGTCAAGGCTTGCTGCCATGTTACCTGCAACAGTAAATGTGCGAGTTTCACCTGCATTCAAGGTAACTGCCTCACCAACGTTTGCTTGGTCGTTTGAGTTAAGTACTCGAGCTGTTCCAAGCTGGATCCCGTTTTGGTCAAGAAGAACTACTCCGGCAAATACCGAGTTGTTCAAAAGTCCTCCACGTTGCACAGTCACGTTGTTGATTGTCTGTGCTGTTCCACTGTTGTTTGTAACAGTGAACTTAGTGAAAGGAACACGTGCTGCTCCTTCAACTGCAAGACCATTAGCTGGCTGTGCTGCTGCTGCAACAGTAATTCCTGTTCCTGTAGGAACAGTTGTACCTGTGCCAGTTCCTGTTCCAGTACCTGTGCTAGTGCTCATTGCGTTAGCTGCAGAACGTGTGATAGGACCCCAGTAACCTGCTACTGGCGTAATGCCCTTAGCTGACTGGAAAGCCTTAACTGCTGCTTGAGTTCGTGAACCAAAGTAGTCAGTTTCGTTACCAGGTGAACCTGCTCCTGTTGCTGAAACGGCAAATCCGTTTGCGTTTAGGAACTTCTGAATGTCCATAACTTCTCCACCTTGGTCACCTAGTTCGTGTGTAAGGGTGAAATTGTATGAACCTGTTGTGGTTGTTGAACCACCTGTCATTCCTGCAAGCTGTGCTTGTAGAGATGAGATTGTTGCAAGCAATGATGCAATTTGTGCTGTTAGATCTTCAACTGATTGCGCCTGTGCCGGTGTGACAAAAGCGAAAGAGAAAACCATAGCAACTCCAACTGCTGCTGCTGCAACTTTGTTTGTTGTTAATGCAATACTCATAATTATTTAATTAATGTAACGTCATGTATTAAATGTGACGTTACAGCTTATAGACCTTTTGTGACTACGAACGTCCCGGCTACCCGGGGAACCCCCCGGTCTGTAAAAGGCCCGGAGACGTTCATAGCTGCAATACTGATTTGTCGACCAAATCAATTTCGCACTTTTCATCCGCACATCTTTTTTACAAGATGCACAGGCGTTAACTTTTCCATTCTATAAGAACAACAAATTACTACTAATAAAATATGTAATGGCGTTATTCTTGAAACTTCGAGTTAACTTTACTTTTAATTGCCATCTTGCCACCACCATTGATTTCGACACGGTGATGTATGCAAGTTAGCGAACTATATTTAAGTCTGAATGTCTGACATACAGAAAGCCCTTGTGCGAACACATGGGGTACGGAACATTGCTTCAAAATTCTGAAAATCTTATCTATAAATAGTAGACGAGTTACCGCGCTAATACTTACGTTTAAGAGACATCCTGCGAATGCAGGAAACTAGTTTATTCTAGTATTTTATTGTCAAAGAACACACAGAGTCAACACACAAGTGCATAGACTCCACCCCCACATTATATATTGCTTAGCCAAGTGAGCAATAAACCATAGCTGGTAATGTGGATAGCGAACAAAACCTTATTGAGCATCTTTTGCAACATACTCGTACGTCAAAGCGACCGCATGTTTTGGGCGGCTTTTGTTCTTGGCTTTAACGTGGGGCAATACTACTATTTTATGCAGTAAAGTCAATAAAAAACACCCTTTTGGGGTGCCTTTATTCAATCACTTTTCTATACCAAATTGGACACTATTTTCACCACGTTTCGCTTATACAACCAAAGAATAGGTCGTCCAGCGCTTTGAACCCTCCTTCTTTACCACATTATCGTGTACTAATGATTGCAGTTCTCGCTGAATTGTCTTTTCACTACAATCAGAAACCTCTGCTGCAATGTCCTTTATGTGAATAGGGCTCTTCTTAGTAATCACATCCAAAATAGCCATCCGCCGACTAGTAACACGTCGCTTTGACTTCAAAGATTGTGGGCGTTTATCCTTTTGCTGTTTAATGTCCTTTAAAGATTCTATGTCCGTAATAGTGTCCTTTATACTTTTGTCCTTTAGAGTTTTTGTTGTTTGTCCTTTAGAAGTTTG
CP070993.1_gap13	427108	429886	2778	CATAATCAAGCGCTTGATCCATTCTAAAGTTCTCGATTGTCTCAGTATATTCTTTAGAAAATCCAACTACCTCAGGGCGCTCAACTGCAACGTCTAAATGAGTTTCTGCTAACTTCATAATACGTGCAGTGAGGTTTCCTATACCATTAACCAAATCAGCTGTGTACCATTCATCAAGACGCTCCCACGTAACATCTGAATCATCAACAGGGTGCACATGCCGGAGCAGCATAAAACGCGTTGCGTCAGTTCCATATTTCTCTACAAGCTCAAAAGGATTGATTACATTTCCTAGTGATTTACTCATCTTTTGGCCCCCGCTGGTAATAAATCCATGATAAAAGATAGTATCGGTTGTCGGAAGCCCAGCTGAGAGTAGCATCGCCTGCCATATAATACTTTGAAATCGAATCTGGTCCTTTCCAGCAACTTGCGTTGTTTGACCATCTTCCCAAAACTTCTTGTAATTTCCTTTCTCATCATGTGGCCAACCCAGTGTCGAAATATAATTAGACAGAGCGTCAAACCATACATACATTACCTGTGACTCATCTCCGGGAGTCGGTATTCCCCAATTCATACGCGACACATCACGAGAAATACTCAAATCCTCAAGACCGTTTTTAACAAAGGCAATCGCTTCTTCACGTCGCCATTGCGGCAGTATTGATTCTGGAGCATTAAGATACTCAATAAGAGCGTCTTCATACTTATGTAATGCAAAGAAATAATTTTCTTCTTCGATTTCTTGTGGCTCCATACTTGGGTGCGCAGGACACTTACCATCAACAAGATCCGCATCCCGTAAGAACATTTCGTCACCAACGCAGTACAACCCTTTGTATGATTTTTTATATATGTCTCCCGCTGCTTCACAACGCTTCCATAGTTCAACTGCTGCAGCTTTATGCGCATCACTCGTTGTTCGTATAAAAGAATCGTTTGAGAGAGCCAAAGCGTCTTTTAATTTATTGAATTCGGCAGCAAAATGGTCGACATACTCTTGAGTATCACGCCCTGCTTCTTGTGCCTTTTGGGCTATTTTTTGCCCGTGTTCATCGGTACCAGTACTAAAAAAAACTTCTTCCTCCATAAGTCGCCAAAATCGCGCCAACGTGTCAGCTTGTACAACCTCAAGCGCAAACCCTATATGTGGGTCTGCATTTACATACGGGAGTGTTGTTGTTATGTAGCGGGGTTTACTAGCCATTTTCATGTTCAGGAATATGCCGAGCCTTTTCCAGATCGTTAAATACCTCCTGTACTCCTGCAACAATAGGTACAGCAAGCAAGATGCCGAGTATACCTGCCAGCTTCGCTCCAATCAACAACGCGAGAATAACGAGAATTGGCGGTACACCAACAACTTTTGTAACCACCAGAGGATAGATGAGATGATTTTCAAACTGCTGAATAATCAAAAAGAGTGCCACTACTACCAACGCTATAGCTGGCCCGCCGTTTACAAACGCAATAGCAACAGCAGGAATAGCCGCTAGAATTGGACCAAATACTGGGATAAGTTCCATAATTCCTGCAATTACTGCCAATACAAGAGCGTACTGAATGCCTAAAATTGAAAGACCTAAATAGGTCAAGACCCCAATGAGCACCGCAAGCAAAAACTGCCCTTGCATCCATAATCCTATTTTACGCTGTGTACGACGCCATAATCCCAACACATAGTTTTCGTGCTTGATAGGTGTCATCACCCGAAGGAACTCTTCAATTCCTTTCTCGTTAATTGCAAAATAAAATGAAAAGACAACGATGAGGAGGAAGCTTATTGCCCCACCGAATATCACACTGATAGCGGCAAGAAAGTTCCCCGAAGAAAGTCCGGAAAGGAGTGTATTGAGATCTCGTGTTGTATCGGCAAGTGAGAAATTGTTTATAAGGGAACGTGTTTCTAGTATTGCATCACCTTTTATGGCTTCTGCGGCGCCAATAGTCTCAAGGTAGGTAGGAAGTGAGGCTAGCAAAAGTGATGTTTCGTCGAGAACCGGAGGTAGTAAAAAGAATACGATACCGAAAAAAGTACCAAAAAACATGGCGTATACTACTAATACCGCTAACACACGGGGTACTTTGTACTTCATTAATCCCCGGGCCGCTGGCTCAATAGCTGACGCGATAACAATTGACGTAAGTACAATGAGCGCTAGCTCACGAAGTTGCCACAACAAAGTTGCTGCTGCCAAAACAAGCACAACCCGAATAATGGTCCCTGTAGTTATAGAGAAAGTAGCTCCATTCATGCTACAAGAATAGCACGCGTTACCAAATTTGGCGAAACGCTTTACGTGGTGACAAACGAAGTAAGCTCAGTAAGGGCGATACGCTTTTGTTCTCCAGTATCACGATCTCGCACAGTGACCGTATTGTCTCCAAGAGTATCGAAGTCTACAGTTACACAATACGGCGTACCAATTTCATCTTGACGGCGATAGCGCTTCCCTACATTCCCATTATCATCAAACATTACCTGAGGTATTGTCTCTTTCAGTTCTGAATAAATTTCACGTGCCTTTTCTACAAGTTCAGGACGATTCTTCATAAGTGGGAATACTGCAACCTTCACTGGTGCTAATTCCGGTTTCAATTTCAAAAACACACGAGTTTCGCCGTTCATTTCGTCTTCTGTGTATGCGTCTGAAAGAACTGCCATTAACAATCTCTCGACACCAAATGATGGCTCAATAACATGTGGTATAAACGGAGTACCCTCAACTGGTGTGTAGACCATCTTTTCACCACTTCCTTCCATATGACTCTTGA
CP070993.1_gap14	509763	511462	1699	TCGTGGATACGAAATAACAAAAAAAGTACGCGCTACTTTTTCCCCTAGGTTAAGTTCACGAGGGGTTATTTGTAGTGCTGAGGGTGCTATAACATCTTGGAGCTCAAGAACACCATGTTTATAGATTTCCTCTGGAAGGATAGGAACTATATCCTGTCCTTTTTTATTCTGTTTACCTAAAAAATCAAAAAAAGCCATAAAAACCTATCTGTATTATACCTGTTCAAACCAAACCAGACACACAACACTGGGGGCACTTAGTTGAGTGCTTTTATCATTTGTTTTGGTTGGTCTCGCTCTCCTGGGTTAAATATTTTATAGAGGAGTTCTATTATCTCCTCAGTATCAAGCTGCACAGAACGTACTCCGGTGCGCACTAGACCCTGTTGTACTATTGCCATCCGTTGGTCTAACTGAGAAACATTTTCTTGAAATTCATTCTTTTTCACGGTGGTTTTACTTTCAGTTTTTTGAGATTTTGACCACGGGAGTGAACCCAGCATACCTTTGTTTATTGAAATCGTGGATGGGGAGTATGGAACAACAACAAAAAATTGCTTAGTCATAATGTCAGCTCCTTCTACAAAACTCTTGATGAACTCCATATACTCACGTATTTGAATACGCATAAGATCGTCCATAGTACGTTTATACTCCACCTCAAGTGTTTCTATGTATGGGCGTATATCGAGTTCTCTTGATTGAATATAAATTTGGATCGAGAAATCTAGCGAGTTAAAGAAGTTCTGGAACTGCATTATAAAGGCACTTTGTTCATCCTCACTTTTAAGGGCGAAGTTTAATGAGGAAGCCATAAGTACACCTCTTAGGCCACCGTTATTCAAAATAATTACACCATCTCGCACTTCTTTTACTGGTACGAAATCTTGAGATGATTGGGCTGATTTATTTGCTTGTGGCATAACTATGATATTTCTTCTTGCTCTTCTTTTTCTCGATCCAGACGAATACGCTCGTTTATATCAAGACTCCACGCAAGACTCTTAAGTTTGTTTTCCGAAACTGATGGAATATCTTGTTGAGACTGCGGTAACGACGTCTCGGTCTGGGTACGCTTTTTGGTGTTTTTGTAGTTAGAATTCCAGAGATAGAGTTTCTTATGTATGAAGTACATAAAAGCAGCCTCAAGCGTGATAATGAGCGGTTTTTTATTTACTTTTACAAATGCAAGTGCCGCTGCAAAACCTACAATAGCGAGAGCAAGTGGTATTGCAATAAGCGAAGGTAGATAACGCCACAATAAGAACCCTACTCCGACTCCACCAGCAACATATATAAATTGCTTAAGCGTAAGCGGACCGAAGATTTTATCTTCTACATCAGTAAATTGCGGTACTTGAAATTGCATAACTGATTCCATTAACGAGCAGGGTGTAGAGTAATACGTAGGCTTGCTCGAATGTGCTAAGTGTTGTTCTTGGCGTAGACAATCAGCTTACCGTGTCACTCATGACATGCTCTTACTCGTAAGTATCGCACATTACATTTAGTATGCCCATGAAAAAATGGGGACGAAATACTGTTACGCAATCGATTCTCGATATGGGTCCTCTTGTACATCCGATCGTTCGGTGCTTTTTTGTCCAACCATATACGCAGTAGTATCTGAAGGCACCGCTTTTTCTGTCTTTTTTGAAGAATATACCGTTTCTCTTTGTAGTGATTCGCTGTCCAAATG
CP070993.1_gap15	533497	535441	1944	TGATTTGAATGTTGCACACAAACCAATTGATCTCGCACGTCCTAAGGAAAATGAGGGGAATAAAGGCTTCACAGTACAAGAACGACAAGGAGTAGATAATATGATAGAGGAGGGTTTCATAGACACACTGCGCATGTTTTTTGCTGATACCAAGGATTTATATACGTGGTGGAGTCCATGGAACGGTGCACGAGATCGTAATGTTGGATGGCGCATTGATTACGTATTTGTGAGTGAGCAGTTAGAAGACATAGTGCAACATGCAGATATACATCCAGATATACACGGGTCTGACCACTGCCCGGTGTCGCTAGACGTAGAAATCTAAAGGACATTTTATAAAGGACAAATGTCCTTTAGCTCTAACGGACATTTATCCACAAGGACATAGAAAATGTCCTTTATACATTGTATAATGTCCGATAGATCGTTCTTTAGGATAAAGTTAAGTTCTTTTCCGTTCTTTATAGTGTCTTCATGTGTTGTAAACAAAACAAAAAACACACACAAACTCCGTACAATATGCGTACACACGATGTGAAATCGTTTACGTATAAACAAGGAACACTTTCCTTGTTAAAACAATCAGCACGGTAGGCACAAAAAATAAGCAAAAACCACCTCTGGGAAGCCTTGAGGATTCGCACAGAAAAAACCGCGAATCAACAAATATAGCGTATCACCCACATTATCGAGACCGCCTTTAGGCGGTTTTTGCGTACTAAAAATCCTCCGCTTAGTTTTCTAAGTGGAGGATTTTTAGAGCTAGGATACGTGATGCTTTTTTCGAAGCGCTTCTATTTCTTTTTCGTCCTCTTCTTCCCTTCTGTCTTTTCCTTTTTCTCCAAGTTTTTGTAACTCGTTTATTGGCAATTGAGCTAATTCAGCAGCCCTGTCTTCAAGGTATTCAGGGGTGTTTTGTTTTGGCTCATCAAGAACCTCTTCAAGAAGTGCATGGAGTATCCATCCTACTTTTGGTCCTGGCCCGTCACCTAATATTTCAATAATTTTGTCGCCATTAATTTTGAGCATAGCAACTGAAATAGGATCACGAAGCGCTTCGTCAACCATGGATTTGTATTTGCGAAAACGAAATGGTTGTTCTTTTGGCCGGCCCGTACCAATGCGATCGCAGGTGCGTAATTCAAGCAGTTCCTGAATGTGGTCAACTCCAACATTTTGTATCATTCGACGAACTGCACTGAGAGTTATTTGGTCAGGGTCGGAGAAAAACATATGCCAACGGACGAGCTTCTCTACGTTGTGTGCAGTATCTTTTGGAAATTTCAAGTCTCTTAATATTTTGCGTGTCATACGCGCTCCAATAACTTCGTGCCCATAGAATGTGTAATCATTTTTTACTGTGTCACGACGTCGGCTTTCTGGTTTCCCTATGTCGTGTAGTAATGCAGCAAGGCGTACATCAAAAGAATAGTTTTTGTCTGCGGCATGCTGTAGGCTGCGCATAAGGTGTTCGAACACATCGTATGAATGCGCTTGGTTTTGCTCACATCCAATACCCTCTTTGAGTTCAGGAATGATGTATTCCATTAATCCTAAGCGTTGTGCAAAAAATACTGCCTGCATCGGCGTGTCTGATGCAACGATTCGCATGAGCTCGTCTCGTACGCGTTCTTGAGAAACTTTTTCAATAAGCTGCGCATGCTCTGCTATTGCCGAGGCAGTTTTTGATTCGATTGTGAAGTTGAGCTCAGCTGCAAGGCGTATTGCACGCATCATACGTAGTGCGTCCTCTGTAAAACGATCTGTAGCTTCCCCGACAGTAACAATACGTTTTAATCGTATGTCCTCTACCCCTTTATATGGGTCTACAAGCTCGTCGCGCGTTGGATTGTATGCTATGGCATTCATCGTGAAATCACGTCGCTGTAGGTCGTCTGTGAGATTCTTGCTAAATGTTACTTCATCAGGATGGCGCGCGTT
CP070993.1_gap16	538542	539784	1242	AGATTATATTTCTGAATCTGATTGGTCTCAGCGAGGCATCTGTGTGGGTACGAGTATAAATATAAAAAATTTTAAACTCAAGCACCCGCACAAAGCGGGCTTTTTGTTTGGTTTTTCAGTCAGTGTATATAACGTTTTGGTATGTACTGACTGGGGAAGCAATGAGGCTTTTTCAGAAAAAGGAGGTCAATATGACCGAAAGAGAACGACATTCGGAGGACCCCGTCCTAACCACCAATGGGATTGATGGTATGAGTGAGGGGGATGAATTGGACAAACCCAACGAAAATACTGCGCCTGTAGTACATAAATTGGGATGGGATCCGGAAGAGCCGGGTGAGAATCTTTCAGACAAACGCTGTCGTTTAGGCGGCTGAACCTTCTGCGAGCGTGGCGGAGACATCTCTGTCACGCTCGTTTTATATTGGGAAGTAGGGGAGTAGGTTTGGTACAGTAGTTTCTCCAAACTCCTGTACACGATTTTCAAAGTCACCGATATTTAGAAAGGATAAGAGAGTATTTCCGGTGTGTATTTGCAGACTTCTATCAATATGCGAAAGAGTGAGCGCACGCAAGTCGCGCTCTGCTGTAGTATTTCCTACACTGCTGGTCACAATAATTCCAACCAATTTGTTCCATTGGTTCATTACTGCTCCGCCTGAGGACCCACCTTGAGCAACGATTGTCCCACCAAGTGATAGAATATCGATGAGAGCTTCTGAGAACGTATACACTTTCTGTATTTCTACTGTTGTCGATACCGGCCAGAGGCCTCGTTGTAAGAGCGCGCTACCTAGAAAGCCTGCTGGATAACTAGCGAGTAATACAGGATCATTCATTGTGGTAACTGCTTCTCGTGTGTCGAACGATACGAAAGGAAAAGTGAGCGGCTTTTCAGTCCCGTCTGTAGTACCAGTTATGTAGAGAAGCGCCCAATCATGTTCTCCAGTTCCTGTTGGTGTCTCCAATTGTAAATCTTTGCCATGATTTTGTGCCCACATATACGGGAAAGTAAGTATCTCAGCAGTGTATTTTGTTTTGGCGGGGGATCCAGAGCGTATAACACACGAAATAATGGCGTTAGGGTGCTCTTTCACTAGCAAATATTGTGCCACATGTGCGTTGGTAAGAATTACTCCTCGTGGATCGATTATAATCCCGCTACCTATTGCGCCAGATACAGACGAACCAGGTGTGCTAGCACAGAGTATGTTTACTAAGGCAGGGGAGGAGACAGTATTT
CP070993.1_gap17	566202	568885	2683	GTGAAACAACATTACCGAAGAATTTTGAGATGCATACTCCACCAGCTTCACCTCGACAACCAATACGCGTCCAGTCAGTTGAAGCAGAGCCTTTGGCAAGTGACAAGCCAAAAGAAGCTGGAGACCATGAGCACCTTGCAGCAATGGCTGGTATGCGTGAGGGGGCTGCACAAAATGTAGGTGTAGGAGCATCTCGGCTCAGTATTGATTTGGGTTCATTAGACGCACCATTGTCAATACCTACCAAAGAGACGATTGGCGCAAATGGTGCAGAACCAATAAAGGAAGAACTAACCATTAAAAAAGCAATAAAAGAAGAGGAATCAGTTAATCAACGAGGCACTTCTGAGATTGAAGCAACATTAGCTGCTATTAGAGGGGGAGGTGTCCATGAAAAAACTCCTGCGAACGAGAACATTCCTGACCTGCCAGTTGCAGAAGTTTCTACTGAAACGATAGAAACACCAATAGCAAAGAAAAATACACAAGTAACTTCAATATCTGTGGAAGAAGTTGCCCCTGTTGAGAGTAACGATGCAAAAAAACCAGTAGCAGAGGAAGCTGAAGAAGAGGTTGTGCTGAACCATCTTGAAACAAAACAAGAAGAAACTGCAAAGGCAGAGAGTTCACCAGCTGGCGGAGAAGAAGATAACCTCACTGTAATTGAAATACCAACAGCTGAGGAGACAACAACGATAGAATCGGGATTGCTACCACCTACAGAGCAAGAGGTAGATCGCATATTAGGGGAGGCACAAGAGGAAATTGATGATAAAAGAAAAGAGGAAATCAAAGAAGCGTTAGCACTCTATATAGCAAGCGATATTAAGCTAAGAGAGCTTTTAGATGGCGTGGTAACAGAGGATAAAAGACCATTGATTGAAATAGTAAAAGGAGCTGGCCATGCATCGGCACAAAAACAAGGACTTGCGAAGGCACTTAATCAAATGCGAAAAGCTGCTTAAACACTAAAGAGCTGTTGCATTTAAGAGGTCAGCGTAGTATATTTTGCGCACTGCCTATTCGGGCGGCTTTCAATATATGTCAACAATTAACCAATTGGTTCGAAAGAAACGAAAAAGTGTTGCTCGAAAGAGCAAGACTGTGGCTCTTCGACGTGGGTTTAACAGTTTGAAAAATAAGCCATCTCGATACGCGTCTCCATTCAAGCGAGGAGTGTGTACTAAGGTAACAACAAAAACTCCACGTAAGCCAAACTCAGCTATTCGTAAAATTGCTCGTGTACGTCTTACAAACGGAATGGAAGTTACTGCATACATCCCTGGTGAAGGACACAACCTACAAGAACACTCCGTAGTAATGATTCGTGGTGGTCGTGTGAAGGATATTGGTGTACGGTACACCGTTGTTCGTGGGCGACTTGATGCCGAAGGTGTTGGAAAGCGACGAAGCGGACGATCAAAGTACGGTAATAAGAAACCGAGAGACAACGAATAATATATGCGACGACCACTAAAGAAAAAGCACGTTATTGTAGAGGACTCTGTATATGGGTCAGTTAAAGTAACCAAGCTCATTAACTACATTATGGAGCGAGGGAAGAAGGATACTGCACGAAAGATTGTGTACTCAGCCTTTGAAGAACTAAAAGGAAAGGACGGGAAAGAAGATCCGATAGCACTTTTTGAGACTGCTATTAAAAACGTTGCACCACTTATGGAAGTGCGCTCACGCAGGGTTGGTGGTGCAAACTACCAGGTTCCACGCGAAGTTCGTCCAGAGCGACGTCTTGCACTTGCACTTCGATGGATTGTGGAAGCAGCTCGCGCAGGAAAAGGAAACGATATGTACCAACGTCTTGCTGATGAAATCCGCAAAGCTGCTACTGAAGAAGGAGAAGCAGTGAAGAAGCGTGAAAACACACACAAGATGGCAGATGCTAACAAGGCTTTTGCTCACTTTGCTTGGTAGCATCTCTCTATTCTCGGCACATTGCTTTGTCGAAAGCCCAAAAGTTTTATTTACCGTATGCTCGATACGGCTCACAAAACTTTTGGGCTTTCTTCGTGCACTGCACTCAAGAATAGCAAGATGCACTGTATCATTTTATTTTTCACGCGCGCCTTGTATTGCATTTCATTTGAGAAACTTTTTACTTACATCTACTAGAGGAGATCAAAATTAGAGTCCACCAAAAACAAAAACATCCAATTAATCGGATGTTTCTAAGGACTTGTCTATTTTTTTGTGATACATTGTTCGCAGTTGTATAGAATTCCAATGAAAGGAAGGGAAATATGTTCGGAAGAAAGCAGCAAAAGGTTTCCGAAGTACCCAATGTTTGGGGAGGGTATATTTCTATGTTTCGTCCTGAAATCATGGAAGTTGCTTCGCAAATGAGCAGAAAGCTTTACCCACGAATCAAACAAGGGTTTAGTATTCAAACTCGATACATCTCCTGGAATGGCAAAGTGGAGCTTTACATCGGAGATGAAGTACTTGCGCGTGTCGTTGTGGAGGGAGAATGCAGCACTCCATCTACAATGATCGTAGAGACCAATCTGTCTTCAGAATACGAGGCCTTATTTCGTGAAGCAATGAGATTTCGGGGACCGAAACTTGTATTCTGTCTGAAGAAAAGATTGGATGAGCTGTCCTGAAAAGAGGCGACACTTCGGTGTCGCCTCTTCACTTTTAGTTCATTTTAAGGTACTCTTGTGCC
CP070993.1_gap18	687246	687746	500	GTCCAATTATCTGACGGCACCACAAAAGCTATCGAAGGAGTTGTCGAAGGGGATGTCGTAGTAGGACGCGATGGCTCACTCAACACAGTTATCGATACCTTCACACCACTACTCGGTAGTCGATCACTCTACAGCATTAACGGAAGTGATGCCTTTGTTACCGGAGGACACCCGTTTCTTGATGTGAATGGAATATGGCGTGCTATTGATGTAGCAGAAGCTGCCAAAGAAAACCCACAGCTTACTGTTGAACCACTTACTGTGGGAAACACCGTTGTCACGACAACAGGCACTGTACTCATCACCGATATCACTGCTTCAATCCACGACGCAACGACACAGCTTTACAACTTCCATACCAACAACACAAACACCTTCATTGCTGATTCATACGTAGTTCACAACAAGGGTGGCGGTGGAGGTGGCGGTGGAGCAGGGGGTAGTACCGGAGACGCTGGAGGTGGAATAGGAGGTTTTGGGGATGGAAAAAGTGGCGGAGA
