gap_id	start	end	length	sequence
CP070500.1_gap1	79763	81444	1681	CGCCAGCACGGGCATGGACGCCACCACGGACACGGTGGGCCGCAAGGGCACCTACGACACGGGCTACGACACACGCCTGGGCGCGGACGCCCGCCACGGCACCGGCGTGGACACGGACACCGCGGGACTGAAAGCCACGGACACCACGGTGGGCGCGCGGGACATCCACGGCCGCGAGGAGGACATCACCATCCCCCTGCACAAGGAGGAGGTGGACGTGCTCAAGCGGGACGTCCAGGCCGGTGAGGTCCGCGTCCACAAGGACGTGGTGGAGGAGGACCGGGAGATGGACGTGCCGGTGCGCCGCGAGCGCGTCCGCGTGGAGCGCCGGGACGTGAGCCCGGGCCGCCCGGCGATGAATGCCTCGTTCCAGGAGGAGACCGTCGTCGTCCCGCTGCGCGCCGAGGAAGTCGAAGTCCAGAAGCGCGCCGTCGTCGACGAGGAGGTCGTCATCCACAAGGACGAGGTGGACGAGGAGCGCCACATCTCCGAGCACGTACGCCGGGAAGAGGTGGACATCCGCACCGAGGGCAGCGACGAGCGGGCGCGTACGCTGAACGCGCCCTCCGACGACCCGCTCAAGCGCGGGTACTGAGCGCGCCTTCCCGGCCCCTCTCTCCTCCCGGGAGGGACCGGGTCTCCTCCCCGCTTCGTCAGGGTGAGGACTTCCGGAGCCGCGGTCGCATGATGGGCGTTTCGTCCAGGGCCCGCCCTCCCGCGGAGGCAGAGCGGTCCAACTGCATGAACTCGCGATGCCGGTCAGGGAAGTGCTTCGCCATGAGCCGCACCAGCTCCGAGTCGTTCGCCGGACGGCAGGCATCCGCCAGCCGGTCCGCCATCTCCCGCGCGCTGCCGAAGCGTGCCTCGGGGCGCTTGGCCAGTGCCGTCTCCAGCACGTCCCAGAGCGCCCGGGAGATGTGCGAAGGCCGCGGCGGAAGGGCCTCGTCGCAGATGGCGTGCATGGTGGCCAGTTCTTCGGGTTTCTCGAAGGCCCGCGCGCCGATGAGCGACTGGTAGAGGACGAGCCCCATGGCGAACAGGTCGCTGCGCGCATCCAGCCGCATGCCGCGCGCCTGCTCGGGGGACATGTACAGCGGCTTGCCCTTCACGATGCCCGGCAGCGTCACCGTGCGCTGGGCGCGGGCCTTGGCCACCCCGAAGTCCAGCACCTTCACCCGCCCGTCGAACCCCACCATGAGGTTGTGCGGGGACAAATCCCGGTGCACCAGCTCGAGCGGCGCGCCGTCCTCGCCCTGCAGCACGTGCGCCGCATGCAGCCCCGCCAGGCCCTGGCACACCATGGCCACCGCGTGCGCCGTCTCCAGCGGGCCCTTGGCCGCGCGGAGGAGCCGCTCCAGGTCCACGCCGCGCACCAACTCCATGGCGATGTAGTACGCGCCCTCCGCCTCGCCGAAGTCGTAGAAGTGCACCAGGTTGGGGTGGGAGAGCCGCAGGCCGATGCGGGCCTCGTCCAGGAACTGCTGGACGATGGAAGGGTCCGAGGACAGGTGCGGGAGGATGCGCTTGAGGGCCACCAGCCGCCCCAGGCCCTCCGGGCCTCGGGTCCGCGCCACCAGCACCTGCGCCATGCCCCCGGTGCCCAGGGGCGTCACCACCTCATAGCGGCCAATGTGGCCCCGCGAGGCCGCAGGCGGCTCCCCGCTGAGCGCGTCCAGTCGCT
CP070500.1_gap2	90669	94715	4046	GCGCCCCGGCCAACTTCGTGCAGCAACGCCGCTTGCGCAGTGAAGTTGCCCAGCCCTTCACCAGCGCCGTAGAGGTCGCCGCGATCAATCGCGTCGCCCATCTGCGCCAAGCCCCCCGTGAGGCCATCCCAACTGCTTTGGATGAATGCCCCTGGGCTTCTGACGGAATGCAGCAACCCCTCAGTCCCCTGGCTGAAGGCCTCCGCCTGCGCCTGATACTGCGACTCGCCCGTCGCTGCATAAACGAGCGCTCCCGTGGCGTTGTAGGTGAGTACACCAACACCCCCGAACACCTTCGCGACACCCACGCCGTAACCGGCGAGCACCTGGCCTGATTCAACGCAGTTACCCCACGACACCATGTCGCTCGCGAAGAAGTTGACGCAATGGCCTGTCGGGTCCGAGTACCTCAGCGGATTGGCATAGGCATAGGCGTACCGATGCAGGCTGGGCGCGTCGTCCGATTTGCCCTCATACGAGTCCCGACTGATGAAGCGCCCCAGGTCCGAATCGTAGTACCGAGCACGTGCGTACGTGAGGCCTGTCTCCACGTCATACTGATGCCCCGTGAAGCCCAGTTTGAAGTCACTGACGCTTGGCGCCGAGCCACTGCGGTAATTCCCCCATGCGTCATACTCTCGAGCAGCAGTGACTTGGCCAATTACATTCAGAACATCTGTCACGCTCCCTAGCGCATCCATCCCCAGAAAACTCAAGCTTGCCGAGGGGGCTTCACTGACCGCAATCGGCCCTTCACCATAATGATAACGGCGCTGCGTCGGTCGATGGATTTGGCTTCCATCCGCCTCTTGCAAGACGAAAGCACCGTCGAGGACATACTCCACGTTCCCTGCGGCCGTGTGCCTCATCGTCCGCTGGAGGTTGGCATCGTAGTCGTAACGACCCACCTCCACGCCGTTGTCGTAAACGGCCGTCAACGTATTACGAACATCCCAGACAAAGGCGCGGGTAGAAGCCTGCACCGTCTTCTGCGTAATGTTTCCCGCCAGATCGTAGCCCAGAGAAACATGCTTCGTAGCATCCTTGAGATCGCGAAGATTCCGAAGCCAATCCACGCGATTGAAAATGCCGACAACGTCGTACGTAACTTCGTGGGCCAGAACCGTATTGTATGAGTCGGGACCGAGCCCCGAGACAGCAAGACTCGGCGCACGCCGCTCACCTGTTCTATTCCCCACAGCGTCCCACCGATAGAGCGACGCCTGCCCATCTGGGGCCTTAACGCCGGTGAGACGGTTCAGAACATCATATCCATACTCGGTAAACTCCGGGCTCCCAAGTTCCTGAGTCGAAGGGCTCGTGCGCACCGCGATCTGCACCAAGCGATTTCCATTACCATCATACGAATACGCATGGCGACTGACCATGGCCACGATGCTCTGGCACAAGTCGTTCACGCCTCCCTTGCCGACAACAATCTGCGAGAGGCGTCCTGCCGCGTCGTAGCAGCGACCTTCGGATATCCCATTGGGCCACGTGACACCCTTAAGGAGCGAATCGGGCCAGTATCGATACTCCACTACGCCTTCAGGCAGTGTCGCATGTGTAAGTCGACCCAACGCATCGTACATGTACGTAGTCGCAACAGCATCTGAGTCTTCGACACGTGTACGGCTCCCCAATGCGTCGTACCTGTATGACACTTGCTTCCCGTCATACTCGCGCAAGCGCGTCTTCAGTCGGTCGAGAGCGTCGAACGTAGAGGTAACAACCTCCTGTCGGACACCATTGGTGGTCTGCTTCGACTGTGACTCGCCAGTCAGATTCCCATTCGGATCATAAGTAAGGACCTCCGAATCAACAGAAGGGAACTCACGCGGGGTCGCATGTTGCGAATACGTACGGCTTGCCAACCGGTCAAGGAGACCATGGGCGAACTCAACTCGCTGCCCCTTCGGATCTACACGCGAGGCTTCGTTCCTGTTGCCATCATACGTATGGCGCCAGGTCAAAGTGCCCGTGTTGCTGGTGGGCGTCGCACCACTTTCAAATAGTGGGACACTATCCCGCTGTGCCGAAGTCAGCCGCGAGTGAGCATCGAGATGCTGGTGCTCAGCCGAACGCAAATTCCGGACGTCGTACTCATACGTCGTAAGATTTTCGTTCGCATCCTGCTTCGCCACCATGTTACGGGCGGCATCGTAGACGTACGAATAGAGCCCATTCGCAGCATCCGTAACGGATACGAGCCTACCTTCCTCCTCGTATCCGAATCTCGTTACGTACGTCCCCCCACAGGCATTCGCCTCCAACTGGGCCAGTGACATTCCACTTGCCGCTCCGTGCGCAAGCGAAGGCTGTCCCAGTGGTTGCTTAGCACAAACCTTGTTTCCTACGGCATCGTACGCCCAGGCCGTGACCTGATTCAGTGCGTTCTCTTCACGCACACGCCGGCCCAGATCATCATAGGTGTAGCGGAAATCGAATACGCTTCCTGTGACTCGGGGCCCCTTCGTCTGCGTCAACTGACCGGCAGCGTCATACTGAAACGTCGTCTTTGCCTCGTCGAGTGAGCCAGCGGCCAAGAGCTCTTCAATGAGACGTCCAGCACCATCATAGAGTCGCTCGGCCGCATGGCCATTCGCATCAACGAAACGAATGGGGTGTCCCGAAGCATTGTACTCCCAGGACTCCTCCGCAACGTCTGCGCCTTGCCCACGAACGCTGCGGGTCTTCCGCCCCAGTCCATCATGGAGCAATACGGTAGGAACTCCGCGCCTGTTCAGGTGCGTCTGCTCGCGGACCGCATCCGCATACTCCCATGTCTGTGAATATGTCGGCGAACTGCCGGCCGAAGCATAATCCGACTGACCAAGGACTCGCCCAGCACCATCATATGAGAAGCGAGCAATGTACCCCTTAGCATCTTGAGTCTGCCGCTTATGGAGCGCGTCGAACCTGAATTTTGTCACATAACCAAGCGCATCGATGCGACGAACCTCACGGCCAAGCCCATCCCGATAGAGCGTCGTGAGGTTCCCACGCGCATCCAACACTTCCTCACGTGTCAGCGCTTCTGCATCCGGGACGTCAATGTACGCACGCTGTCCCACGACAAGTGACTGTCCTCCCTGGGACAGACTTTCCACCAACACTTCATTGCGCGGCCGTCCCAATGCATCGTAGGTGAACCGTCTAGTGATTCCGCGACCGTCCACAGACTGGATGAGATTTCCTTCGCCATCGTAAACCTTGCTTGTGGAAACACCCATGGGGTGATGCACCGCCACCTGCCGGCCTAGCGCATCGTGCACCGTTTCAGTGCGTCGCCCCAGCGCATCGACTCGGGCAGCCACCCGACTGAATGCGTCATATTCTACAGTACTCGTCAGAGCGAGGGCAGGCCCAATGCGTGCATCATCTGGTTGGCGGGGCAGCGGGCCCGTCGGCGCGTCCTCGACCACCTTGAAAACACGCCCCAAGCCGTCCAAATGGCTCGCCTGGAGCAGGCCCCGAGCGTTCTGGGTCCATGTGACGTGCGCCACATCATCATGGACGGTTTGCGTAGTGTAAACAACGTTGCCTGTTTCCGCCGCAGCGCTCTCAGAGATCGACAGTGTTCGACCAAGGCCATCATATGTCGTACTCAGCGTCCGCTGCAGCACACCTCCAGCCTCCCGACGTACCTCCGTGACATTACCTCTCCCGTCATAGCTTCGACGTTCCACCCGGCCGAGCGGGTCAGTCAGGACAACGGCTCGTCCAAGCAAATCATACGCAGTGGTGCTCGCGTGCCCGCTCCCATCCACCTCGCGCACCTTCCGCCCGACCAAATCGTACCTAGACTCCTGAATGTAACGCAGCGGCTGGGCAGTATCGGACGCTCCCGGCACCTCAGGGCTATGCTCTTCCACGACTCGGTAAAACGAGTCCAATCGATATGTCCGATCAAACCCAGACAAATCCGCATGCCAGACCTTATTACCAGCATCGTCATACCTGGTCGTCGAGAGGACGTAGCTCCTCCCTACTTCATCGGGACTTCCCCCCTGTGAAATGAAGCGGGGGCCGTCCGCCACAGACAC
CP070500.1_gap3	98919	100209	1290	GACTCGATCGCCTTCAATTGAAGCGCGAGGGCTTCCAAGATTTCGTCTTTGTATGCTTGGGATGCGCCCCCCATGAAAGCGCCTGCGTTCACCTGCTCCACGACATTCCGAAGAGCAGAATGAGCGCGCTCCAGTGCTAGCGCCTCTGGCACCTCAGCCCATGGCATATGGAGAAAATGCTGCCACCAAGCAGGACGGGCTCCAAGAGTAGCATAAGCTTGCGCCAGGCTCTCAACCAATTGAACCTGATCCGCATCCCGTTTTGACTCCCACTCGGCGCGCGCTGCCTCAAAGGCCGCTGTCCAGTCCTCAGCCAGAGTTTCTTCTGACGAAGGAGGTTGGCGGCACATCGAGTCAACCGACAGCCCCCCTTCGAGCTGCTGCTCGGGCAGCCATTTCCAAACACCCCCATCCGCACGTGCCACCAGCGACGCTAACAGCGCTAGCAGCAACATCCCCGTCTGACCTGACCGCATCGCACTCCCCAAGGCTCGCATTGACATCTCCCCTTGCAGAGTTCACTACCTGCCCACTCCGACAAGTGTCAATTCCAGCGCCATCATGGTTTCGTCACGGTGCCCGAGCCCGACCTGGGTCAGTGCCGCATCAACCCAAGGCGTTCTTTCCGCACAGTCAGAACTCCAACCGTTGTAGAGCCTGACCAGTGCAGCGCGCAGACGCGAGGCAACACAGACAGTACGCCAGGAGCCAATACCAGTGTGAGTCCTGCGCCCCCACCTGGGTCCCTAAGAAACCCACTTGAAGCCTTGCAGGCCACCCGAATGAGAGCGGCCCATGCCGAACACCCGCGCGCTATACCGCTCAGTCGGCCTCAAGGAGGCGGAGCTCTTCCTCGTCAGTGGATGCTCGGCGTTCCTCGCCCCGACTGCCCGACCAGCCCATCTTCTACCCGGTGATGAACGCCGAGTACGCACGGCAAATTGCCGGGACTGGAACACGCCGGACGCGGGCTCTGGGCACGCGGGCTTCGTCACGGCCTTCGACGTGGGGGCGGACTACGCCTCACGCTTCCCCGTGCGGACCGTGGGCAACAGTCGCCACCAAGAGCTGTGGGTTCCCGCCGAGGAGCTGGCCACCTTCAATCAGCACATCCAAGGCCCCGTGCGCTTCACGGAGGCCTGGTACGGCCCCGGCTACCTCGGTCCGGACACCACGCTCGGTCCTCTTGAACGCCAGCTCCTGGCCCTGTTCGAGCAGCGCAGCGACGCCCTGCCATTGATTCAGGCCAACACCGCCGCCTGTCTCTTCAACTCTGCCTGGTGGTCCACC
CP070500.1_gap4	116610	117253	643	GTGGCTCCGTCCGGGGATAATGGGGCGCTGGTACCATGCGCTCCATTCGGCGCGCTGGAGGTGGCGGAGGTACCGGGTCCGCCGTTCATCAGATTGGGGCTGGCCGGGCCGGGCCCCGCACCGTCAACACCAGTGCCGCTGGCTACGCCGGGGCTGGCACTGCCACCCGCGGCGCCCGAGCCTCCGTCGACGCAGCTCCGGGTGCCGCTGCCAGCAGCTCCGCCACCGTGCGTTGAGGCAGGGCTGGCACCGGCGCCTGTAGGGCCCGAGCCGCCAGCTCCGCCCGCAGTGCCCGAGCCTCCACCAGCTCCGCCCGTAGTGCCCGAGCTTCCACCAGCTCCGCCCGCAGTGCCCGAACCATCCGGGCCTCCGCCCGTCGTGCCCGAGCCATCCGAGCCTCCTCCCGTAGTGCCCGAGCCGCCCGCTCCGCCCGTAGTGCCCGAGCCGCCCGCAGTGCCCGAGCCGCCCGCAGTGCCCGAGCCATCCGAGCCTCCGCCCGTGCCATCCGAGCCGCCGCCCTCTGGCTTCAGCGCCGTCACCTTCGCGACGCGCGTGGCGGCCGGGGCTTGACCCGTCATGGTGGTGACGCGCTGGCTGAGCTGCGTCAGGAGCGCCGCGGAATCATCCGGCTGCTTGCCCTCCG
CP070500.1_gap5	162775	163565	790	ACACCCGCTCCAGGCCCTCCTTGCTGACGGGCTTGGTGAGGTAACCGAAGGCGCCCTGTGAGTTGCCCTGGTTCTTGTCCATGACGCTGATGACGTGCACGGGGATGTGGCGCGTGCGCGGGTTGCGCTTGAGCCGGTCCAGCACGCTCCAGCCGTCCACGACGGGGAGCTGGATGTCCAGGGTGATGGCGTGCGGCTGGAACTCGTTGGCCATGGACAGGCCGGTGTCGCCGCGCGTGGCCACCAGGGCCTTGAAGCCCTTCTCCCGCGCCATCTGCACCATGATGCGGGCGAACTTCACGTCGTCCTCGATGAGTAGCAGGACGCGGTCCCCTTCGCGGATGTGGTCGCGGTCATCCTCCACGGCGACGGGCGTCAGCAGCGACTCGATGGGCGGCGGCAGCGCCGCGTCCAGCACGTGGCCACTGTCCGCCACCGGCGGCGCGGGAGGCGGCTCCGCGCGCGGCGACTCCGGCGTCGGAGGAGGCGGCAGCCGGGGCGGAGGCTCGTACGGGGACGGAATGGACGGCAGGCCCTCCTCCTCCGGACTGATGTACTCAGGCGGCAGGTAGAGCGTGAAGGTGCTGCCGCGGCCGGGCTCGCTGGTCACCTGGATTTCACCGCCCAACAGCTTGGCGATTTCGCGGCTGATGGACAGGCCCAGGCCCGTGCCACCGTACTTGCGCGCGGTGGAGCCGTCCGCCTGCTGGAACGCCTCGAAGATGAGGCGCTGCTTGTCCCGGGCGATGCCGATGCCCGTGTCCGACACCGCGAAGCCGAGCACGTACCG
CP070500.1_gap6	171634	173825	2191	GTCACCACTCCCGCGTTGATGCGGGGGATGGAAGGCGCGCAGGCTCCGCGGGCGGTGGACAGCGACACGGTCATGACCGTGCTCGCCTACAACGCCATGGTCCTCGACGGACGCGTCACGCTCGATGCCAAGGCGAGTTGGCTGGGCCACGATGTCACCCGGCTGTCGCCTGTTGCCCCTGCGAGCGTCGACACGGACCGATTCCAGGCGAAGACGCAGGCCTCCTATTGGCTGAAGGCCCTGGGACACCATGCGCTGGAAACAGGCCTGGAGCTCGAACATGTCGTCCAACGCCCATCGCAGGTCGCCGACATCACCAGCAGCAACTTGAGCGGGTTCGTGCAGGACCGATGGACCTTGAACGACCGGCTCACGCTGAATGGAGGTCTTCGCTACGACGCGCAGTTCCTCGATGCGGACGTGCGTGGAAACATGACGCATCACCAGCTCTCACCACGAGTCGGACTCGTCTTCGACCCCGGCGGGAACGGCCGGATGAAGCTGTTCGCGCACGCCGCGAAGTATCAGGGGATGGTTCCCCTGGGGTTGCTCACGCCGGACGCGCGCATCGCTTCGCGGCTCGGCCCGACGTCGTCTTCCGAGTTCATCGCGGGCGCGGAGCATGAGCTCTCGCTGTTCGCGAAGGCGGGTGTGACCTACACGCGCCGCCGCCTGGATGATGCGCTCGCGACCATTGCGGACGACGGTGCGGGCGGGTTTCTCATCGTCAATCCCGGCGCGGGCCCTGCTGCCAGCTTGCCGAAGGCAACGCGCACCTATGATGCCGTCACGGTGGAGCTTGGCCGCAGCTTTTGGGACGGCTGGCAGGCCCAGCTCCGTTACACATGGTCTTGGCTCCATGGGAACTACGCAGGCCCCTTCGGCACTGATGGCGGACGGCCGCTGTCACAGTCGCGATTGCTCGCAGCGGACCGGCCCCATGTCTTCAAGGCCTTTGCATCCAAGGAGTTCACGCTCACGCGGAAGCTCACGCTCAACGCGGGCCTCGCCTACCTGGGCGCGGCTGGGGCACCGCGCGAAGCGGCCAGCACGCGGACGCCGTGGGTACACACCATCGATGCCCAGCTGAGCGCGCGCTACGACACTGACGACCAGCACATCGTGACGCTGAGGATCGACGCGTTCAATGTGCTCAATGCACAAACAACTCTCCGTGAGGAGACGTTGCTGCCCTTGCAGTACCAGACGCCACGACAGCTCCGCCTAGGGGTTCGCTACTCCTTCTGAGGCAGAGCTCCCCTGGCCGAGGGTGCCGGCTGCTGTTCGGAAATGTCGGGACATTTCGCCGCTCAAAAGTCCCGACATTTCCGAACAGCAAGCTCTGAAGCCCGTCCAGGGCCGGGCTCGCCACGCGCGCATTCGCTTGGGCACCGGAGTCCCCATGGGAATGTGGCCAGGACAGAGGCAGCGGTGCTCACGGGTGGCTTCGCTGGCCTGAAGGTTGCTCATGCACCTGGGCCATGCGCTGGAGACGGGCTTTCAAGGTGATGATGTGGCTGTTGAGCCTCGGGCTTGTGGTGCCGCTGGCCACTGTGGAGTGCGTCTACCAGGCCATGCTCGCGCGGGTGCCCTCCCTTCCCCAGAAGGTGGAGGGCCCGTCGCCCCCGGCCTCCTGGAATCAGGTGCGGTGGGCGCAGAGCGAACACACGTCGGCGCTTCGCGTGCAACCGGTCTGGCCGACCACCCTCCTCTTCACCCTGATGAAGGTCACGCTGAGTCGCCCCGCGGCAGGAGGAATGCGCGGCACAATGCCTCACGGGTTCAGGCTTGCCGGCAGTGTGGCTCACACATGGTCACGCATTCAGGACGGGGCTGGCGAAAGGCGGATACGCGTCTTTGGAACACTTGCCCTGACCATCTGGCTCACCCGAAACTGGACCGCGGAGGAGTTGCTTGCTTTCGAAGCGAGGCACCTCTGGTTGGGTCGTGACCTTATCGGCGCACATGCCGCCGCGCCTGTGCTGCTGCGCAAGGAGTGGGCACAGCTCGACGCGACAGACGCAGCGTTGCTCCTCGCCGTTGCCGAGAACCCTCGAGACGTCGGGTGCGCTCCAGACCGGCTTCGACAGCGGCGAGACAGACTGCTGGGGCACCTGTCCGACGCCGGCGTCGTCAGTGCGGCTGAAGCTGAAGCAGCGCGCACGTCGCTACCGGCACTGAGCTCCCCCGC
CP070500.1_gap7	314313	317924	3611	TCGGTGCGCTCGAAGAGGCCCGCGTTGTGGACCACCACGTCCAGCGCGGGCCACGCCTCACGTACTTGCGCGGCCAGGGAGTCCACTGCCTCCGGGCGGCTCAGGTCGGCGGCGTGCAGGGTGACGCGACGGCCGAGGCCTCGGAGTTCGTCCGCCAGCGCTTCCAGCGGCTCAAGGGAGCGGTTCGCATGGAGCGCCAGGTCATAACCCGAGCGCCCGAGCGCCCGAGCCACCGCGCTGCCGATGCGGATGCCAGCCCCGGTGATGAATGCGGTCGCCATGCGGCGCATTCAGTAACAGGCCCGGCGGGGAAAGGCACTGCGGACCTGCTGCCGCGAGGCGCGCCGGGCTACCCCCGTATCCCGGCGCGCCCGCGGCGCGGTCCCCCGTGATTCGAATCGTCTAGCGGCGGCCGGCGCTGGCCACGTGCACCCGGCCCGGAGCGTAGGTCACCCACACCCACTCCTGGACCGGCTCGTAGCGGGCCGGCACCCAGCGCTGCTCGTAGAAGCCGCCGGTGCACCGGGTCACCCGTGAGCGACGGTTGTTACGCTCGCGGCACACCTCGGGGACCCACACCTGCTCGTAGCGGCCCTGCACCCAGCGGTTCACCGTCTGCAGTTCGTAGCGGCCCCGAGCGTGCGGCGGCGGCAGCGGCGCGGGTCCCGGGTGGCGGCGGGCGTCGACGTGGACACCGAAGTTGCCGCCGCGGCCGTCATGCCGGTGCTGCTGGGAGAACCGCGACTTCTCGTTGTCGTCCTTCGCATGCGCGGCCGTGGAGCCGAGGAACATCATTCCGAAAGCCAGCACCGCGAAACCCGTCTTGAGCGCCATTGTCGTCCTCCTCCGTCGTCCTGCTTGAACCTTCTGACGGGGCCCCCCACGGAACATTCAATGCCCGATACCGGCCGCATTTTCAGAGGGAGGGGCCGGTGTGGGTGCGATACACCCCGAGACACCATGTTCCACCGCAAGGGCCCCACCCTCCGGGAGCTGGCCGCGCAGGCCCTCACGTCCGTCGAGCACGGCTACGACCTGCTCGCGCCCAAGTTCGAGTACACGCCCTTTCGCACGCCGGATGCGGTGCTCGAGGCCGCCATTGCCCAGTTGGGCGCGCCCGGCAGCGTAGGCAGCGCGCTGGACGTGTGCTGCGGCACCGGCGCGGCCATGCGCTTCTTGCGTCCGCTCGCGCGGGAGCGCGTGGTGGGCTTCGACCTCAGCCAAGGCATGCTCGACGAGGCGCGCCAGCAGCTCGCGCAGGCGCCGGGCACCGCGGCGCTGGAGTTCATCCAGGGCGACGCACTGGCGCTCCCCTTCGACGGCGCGTTCGACGTCGTCACCAGCTTCGGCGCCTTCGGTCACATCCTCGAAGAGGACGAGCCAAGGCTCGTCAAAGGCATCGCCCGCGCGCTGCGCCCCGGGGGCCGCTTCCTCTTCGTCACTGCGCACCCGCCGTCGAAGCTCCGCCCGGGCTACTGGATGGCCAAGGGCTTCAACGCCGCCATGCGCGCGCGCAACGCGCTGTGGAATCCGCCCTTCGTCATGTACTACCTGACGTTCCTGGTGCCCCGGGCCCGCGCGCTGCTCGAAACGGAAGGCTTCACCGTCGAGGTGCGCGACGGACTGATGCCGGAGCCCTTCTCCGTGCTGAGCACCGTCATCGCCACCAGGCGCTGAGCCCGGCTCAGGACGCGGCGTAGTCCACGGCCGTCACTGTGTACTCCACGGGGCCACGGGGGCGATCCACCACCACGGACTCGCCCACTTCCTTGCCCAGCAGGGCCCGGGCCAGGGGCGACTCCACGCTCAGCCGCCCCGCCTTCACATCAGACTCGTCCGGCCCGACGATGCGGTAGCGCACTGGGCCGCCGTCCTCGTCCTCCAGTTCCACCCAGGCGCCGAAGAAGACGCGGCCGGCCTGCGAGGCGTCGGGCTCCACCACCCGCACGTCCTCCAGCACCGCCGCCAGCTCCTGTACGCGCCGCTCGCGCTCCTTGCGGCGCACGCCCGCCTCCAGCTCCGTGAACTCACCCGCCTTGGGGTCCGGCCCCTGCGCCGCCGCCAGTTCCTCCTGGAGCGCCCGGTAGCCCTCCGGGGTGATGTAGCGCTTCTCCCCGGAGGACGCGCGTGGACGGACGGGCATCACGCTGTCGTCGCCCGAGTCCTCCTTCGTGAATGCCTTCGACATGCCAGTCCTCTGTCGCCAAGCGGGCACGGCGGCGGGTTCGCGCGCGCGTTCGTGGAATCGGCCGTTAAGCTGCGCCCCCTTCCACAACCTCGCAAGGGTGAAGCCATGACAGGACAGACGCAGCTCATCGGCAAGCAGGGCCAGGCACTGGCGGGCTATCTGAGTGAAGCCCCGAAGGGCGACGCGCCCGGAGCGGTGGTGCTCATCCATGAGTACTGGGGCCTCAACGGCCACACGCGCGACGTGGCGGACCGGCTGGCGCGAGAAGGCTTCACCGTCTTCGCGGTGGACCTCTACGAAGGCCGCGTGACGAAGGACGCCAGCGAGGCCAACGCGATGCTGAAGGCGATGGCTTGGGACAAGGCCACGGCGGACCTGCGCGCCGCGGTGGAGGCGCTGCGCGCGCGAAAGCCCGGCACCAAGGTGGCCATCATGGGCTTCTGCATGGGCGGCGCGCTGACGCTGCTGGCCGCCGCGAATGAGCCGGGGCTCGACGCCGCCGTGCCCTTCTACGGCATCCCCCCGGAGGAGGCCGCGGACGTGTCACGCATCCGCGCGCCGGTGCTCGGGCACTACGCGAACAATGACGAATGGTGCTCGCCGGAGCGCGTGGACGCGTTGGAGAAGAGGCTGAAGGGGGGCGGCGTCCCCATGGAGATTCACCGCTACGACGCACAGCACGCCTTCTTCAATGACACGCGTCCGGAGGTCTACTCACCGGACAACGCCGCGAAGGCGTGGCAGCGCACCGTGGACTTCCTCCACGCGAAGCTCGGCTGAGCCTCGCGCGGAAGAGAGAACGGACTCAGTTGCTGGTATCAGGCGCCGCGGCGGGAGCCTCCGTCGCCGGCGTCTCCTCCGGCACGGCGGGAGCCTCGGGCGTCGCGGGAGCAGCAGAGGCCTCCGCCTCCTCGGGCGCGGCGACATCCGTCGCGGGCACCACCTGCAGGCGGTAGCTCCGAACGCCCCTGGGCAGCACGACCTCCACCAGCGGGTTTTCCTTCAGCAGCGCCGGCGTCACGTCGAAGGACACCCGGCCGTCCTCGTCCGTGACGTAGGACTCGCGCGAACGGGAGTCCTCGCCCCAGATCACCTTGGCGCCCTTCACGGGCTGGTTGGTGTCCGAGTCCAGGACGATGAGGTCCACCAGGGTACCGGCCGCCACCGAGGAGCCCGCGGGCTGGACGACGTCGCGATAGAACGGACGCTGCACGACGCAGGCGGCCAGCAGGGAGGAAGAGACAAGGGCAAGGGTCAGCAGTTTGCGGCGAAAGCTCATGGAAAATTCCGTACGGGCAGAGATGGGGGTGCTGCCGGGCGCGGCAGCATAGCCGGAGGCCACCGTCCGCCAAGTCCGGCGCGCATCTTCGGGCCCCTCGACTCGGGTATCCAGGGACTCCGCGAGTATTCCGGAGGGAGAATT
CP070500.1_gap8	321002	321764	762	GTGGAACCGCGCGCGGCCCTCCGTCCAGTCGGGACGCGCGGGGGAGCCATCGCCCAGGCCCAGCGGCGCTGCCTCCGGGTGCAGCACCAATTCCAGGGGACCACCGGGCGGACGCCGCATCGCCGGAGGCAGCGCCTCCAGCCCCGCCTCCACCTCCGTCACCAGGTCCGCGTCGGCCGCCGCGGCGCCCCGCAGGACCACGCCCGCCTGTTCGAGCGCTTGGACGCGCGCGGACAGGGCATCGTCGGCATGCACCGGCAGCGCGAAGACGAGCGCGAGCAGCCGCAGCCAGCGCATCAGTGCGCCACCGTCGCGGTGCCCTCCTGGGACGGTGCCGCGAGGAACGCGCGGCGCTCTTCCTCCAGCAACGGCTCGGCACGCGCCAGCTCTCCCACCCGCTCCATCCACGCGAGCGCGCGGTCCGGCGTGAGGGTGCTCGCCTCGGCCATCTCGAGCAGCTCCTTCCGGTTCGCGCGCAGCACGCGCCCGAAGAGGCCCAGGTGCTCACGCCGGATGCGAGCCGCCGCCGCCAGGTCCTCTACCGTCGGCCCCGCGCCCAGGGCGAGGTCCTCACGAAGCTGGTGCGTGCGCGCCCGCAGGTACACCTGGGCCGCGCGGCCCGCCTCTTTCGGAGACACCCCTCGGCGCCGCTCCACCGCGGCATACGCCTGCCAGATGATGATGCCGAGCCCCACCACCAGCGCGGCCACCGTCACCGAGGACGCCACGTCGTTGTTGTTCGACTGGCTGCTGTTGTTGCTG
CP070500.1_gap9	329395	332878	3483	CCTCTCCGCCAGAGGTGATGGATGAGCTGGCGGACGTCGTCACGGCCGGCGTCACCACGCACAGTCGCGAGCGTGCGCGAGGGTTCTTCCGCCGGGTGCTCTTCGAGGTGATGCAGGGCTCCCACGGCGCGCTCGTGGCGGTGCTGCCCAGGGAGCGCGCGGGCTCCACGCTGTTCGTGGACGGCATCATCCTGCCCCGTCCGCTGGACATCGTGGCGTTGTTGGAGCGCTACCACGTGGACCCCACCGACAGCGCGGGCACCGCCGTGCGCGCCGCCGCGCAGTTGCTGCGGGGAATGATGGCCACCGATGGCATCACCGTGCTCCGCGCGGATGGCTGCATCGTGGGCTACAACATCTTCGTGCGACATCCCGAGACACTGGCCAGCCAGCCGTCTGTGGTTGGCGGCGCTCGGCGGCGGACCTTCGAGGTGCTGTGCGCGGCCCTGGGCACGGAGCTCACCGCCGCGTTCATCCGCTCCCAGGATGGGGACGTGAGCTGCAAGCGGGTCTGAGTCAGAGCGACCTGCATTTCAAACTATTCCGAGTAGCAACGGCCCACTGAATCTCCGCCGTTGAGCGACCTCCGGAGGACCTGCGACGTCGTAGCGGAAAGCCGCACGTTGCCGGAATTGCGGTTGTGGGAGATATCCCTCATTGTTGCGGGGCTTTGAAATCGCCATTGTCCCGCATCGCGCGTACCGCGCTCACTGTCTTGTCGGTGTGCCTCGCCAGTGTTGCGCAGGCGCAGCCAGAGCCAGGCGAAAAGGAACCGGAGCTTGTCCGCATCCGTGGGACTCCCGTAGCTCCTTCACCAGGAGCAGTCGGCACCGGGTTGTGCATGGCATCAAGCACATCATCGAATCCGGCCGTGGACTTCTCTCAGAGCGAGGCCACATTCCCCGGTACCTTCAATGCGTTCATGGAGTCGAGCAGGCCGCGACGCGTCACCTCCGTACTCCGCACGTTGTTCGACCTCTCGAACAACATCACGCTAGGCGATCCAAACGACCCAACGATTCAGCAGCCAAGCTACGGCGACTTCGTGAACTCCGTTGGTTCGTGCGGTAAAGGCGGATGTGCCTCCCCACACCCAACGTTCTCGTCCTTCGGCGCCCGATTTCGCGGATACATCAACGTCCAACCACAGTGGGTGGAAGTCCCTCTACACTTCGGGCTCTATGCCGACGATGCCGTCAGCTTCGTCATCTATGACCTGAGCCAGACGCCGTATCAGGTCATCAACCGGCCACCGCAGCTCGGAATCGCGTCCTGGCGCACGACCAACACCGTGGTCTTTGAGAGACCGGGCCTCTATCCCGTAGAGATCCTCTACGCTCAGGTCAGTGAGCACTCTGCGCTTGAGTTCTCGACGTTCGTCGGTGCGTTTCCAGATACAGAGCGTGGCGCCAGCACCGACCCCATCGTCAAGCTCAACACAGCCGGTTTCGCCCTTGCTCCGCCAGAGCTCTTCTTCCACACGGAGGGCGGACGACCCTCCTTCCCAGACGACATCAACCGCTGCGAGCAGTGCAACCGCCAGTTCGCGAACATCCCAGGCACTGGCGGCTGCGGTTCTTTCTACCACTGCAACGCAGCGGCCCTCTGCGCGCCCTGCGACTCCTCGCTCTTCTGCGGCGAGGACTGCTCCCCCTGCGGCGAGTCCGCGCCCCACTGCGCCAACCTCAACGGCCGCACCCAGTGCGTGCAGTGCACCGAGGACGGCCAGTGCCCGAACGGCCGCTGCGACCTCGAAACCAACCAGTGCACCGGCTGCAACGAAGACAGCGACTGCGCCACGGGCGCCTGTGACACCGAAACATTCACATGTGTCGAGTGCAAGAACGACAGCCAGTGCACCAACGGCGAGGTCTGCGCCACCGACATCAACGAATGTCGCGAATGCACGCAAGACTCCCACTGCCCTCAAGGCGAGTCCTGCACCGACAACGTGTGCTCGCCCTGCGCCACCAATGATTCGTGCGCCGGCAACTCCTGCAACTGCTGCCCCAACGGCACCCAGTGCCTGGCGCTGACGCCCGGTGCCACGCCGACCTGTGTGGAGTGCACCACCAGCAGCCAGTGCGCCGCGGGCCAGCAGTGCGACACCGCCAACGGCCGCTGCGTGGACAGCGTGCCTTCGTGCAACACGGCCGACAGTTGCGGCCCTGGCTGCGTGAAGTGCCCCGGCGAGCGCCCCTACTGCCTCGACGGCGAAGTCTGCGTCCAATGTCGCAACGACTTGGAGTGCGGCGACGGCCAGTTCTGCCTCAGTGGTGAATGCGCGTCCTGCACCACGGACAAGCACTGCGGCCCCCGCTGTGGCGCCTGCGATGGCGACACCCCCTTCTGCCTCTCCAATGGCACCGCGCAGGGCAGCACCTGCGTGGGCTGCACGGATGACGGGGACTGCGGGAGCGGCGTGTGCAACCCCACCACGCGCACGTGTGAGAACTCGGGCGCGTGCGCGGTGACGTGCGAGCCGGGAACGGTCTGCGACGGCACCTCCTGCGTCGAGTGCTTCGCAGATGCCCACTGCCCCTGCGGCGGCACCTGCGACACCGCGACCAACACCTGCTCCACCGCCTGCTCCGACAGCGGAGATTGCCTGGGCGTGGAGCACTGCTCCGCGAAGACGATGGAGTGCGAGCGCGGCCGCCGCAAGCCGGGCACCGAGCCTCAAGGCGGCGCCTTCTGCTGCGGCACCACCGCCGACGCCACCCCCGCAGGAAGCACCACCTTCCTGCTGCTGCTCGCCGCGGGTCTCACGTTCCTCCGCCCCCGGCGCCCTGCTCGATGAAGCCCTCGCACCTGTTCCTCATCGTGGCGCTGGGGTTGTCCACCACCGCCACTGCGCAGCCAGACGCGCGCTTCAACGTGCAGCTCTTCCGTCCGTCCGGCGCGCCCCAGGACCTGGTCGTGGTGCAGCAGTCGCGTCCGCTGTCACACCTGTCCGTCTCGGCCGGGCCGTACCTCAGCTACTCGCTCAACCCCCTGTCCCTGATTCCCGAGGGCGGAGACCTGAGCAAGATCAACCTGGTCGGCAACCGCCTTCAACTGGACGTCATGGCCACCATTGGCCTCTTCGACTGGGCCGAGGTCGGCGTGGACATGCCACTCATCCTCGCCCAGGGCGGCGCCAACCTGGAGGTCATTGGCACCGAGGGGAGCGTGGAGAGCTTCGTGCTCGGTGACCTCCAGCTCACCGGCAAGGTGGCCATCCCGGGCCTGCGCCGGCCCGCCGAGGGCAAGGGCTGGGGCGGCGCGGTGACGCTCAACGTGAGCTTCCCCACTGGCGCCCAGGACGCCTTCGCCGGAGACGGCGAGATGACGTGGGCCCCGGGCCTGGTGCTAGACTACCGCTTCGAGAACGGCATCCTCCTGGCGCTCAACGGCGGCTTCTGGAAGCGCCCGGACCGCGTCTTCAGCGGCGTGTCCGTGGGCGACATGATGCCCTTCGGCGTCGGCGCGGAGGTCCCCATC
CP070500.1_gap10	334258	337264	3006	GCTCGTTCCTCGCCACCACGCGCAGCTTGATGACACGCCCCACCTCGAGGAAGTCCGCGCCTGGGGCGCGCACGTCCAGCGAATTGAGGATGGTCAGCTCCAACGGCAACGCCGCGCGGACCTTGCCACCCGTCGCGCCGATGGTTGTCTTCCCCGACTTGCGCACCGTCAGCAAGCCTTCCTGGACCTGCGCCACGTCCGGCGCGGAGCTGGTCCACCGCAGCTTCGGGTCGGACATGGGCTGGCCCTCCGCGTCGAAGACCTCGTACGCCAGCTTCACGGTCTGCCCAGGCGTGCGGAGGTACTTCGTCTCCAGCGGCTCCAGCTTCATGGTGGTGGGCGTGGGCCCGCAGGCGCTCAGCAGCCCGATGACGGCGACAAGGGGGAGGCAAATAGGAATGCGCGGCGTCTTCACGGCGTCACGACGGCGGAGATGGGTGGGAAGCCCCCATTGTAGCCCCACCCCATCGGCGGCGTACGAAAAGGGGCCTTCGAGATTCAGGGCCGCACGCCTGCTCCCACCCGCCTCACGCCCCGGCATGCCATTGCAGCGCGGGAATGCGTCCACGAGGCCGGGGCCCGGGCGCCAGCGAGAGGGGCGGCACGTAGAGGCCCAGCCGCTCCCGCCGCCACCAGATGCCCGTGCGCCGCCGCTCGGCCGCGTCCGTCATCCGGTAGTCGTACAGCACCGCGCGCACCATCCGGGGCGGCCGGTCCGGGAAGGGGTTGCCCGCCAGCAGGCCCAGGACGTCCGGCGAGCCCTCCAGCAGCCGGGCCAGGAACGCGACGAACCAGCCAGGGGGCGAACCGAGCGCGGCGAACCACATCTGCCAGTCCAGCCTCGGCTGGTGAGGAGCCACCTGCCGGGGAGGCCGGGCCGGGTCCCCCACCTTGTAGTGGAAGGAGTATTCCTTCCACTGCACTCCGTCGTCGGAGCCCTCCACGATGATTTCCGGCCGCTGCACCGTCATCACGCTGAAGAGGCCGTAGGGATTCACCGAACGCAGGGGCCGCGCCTGGGACTCCAGCCACGTCAGCATCGCGCCGACGCGCTCGGGCCGGTACCGCTGCCACCCTTCGAACCGGCGAAGCACCTCCGACGCCCCCAACACCAGCAGCGGTGACACCACCAGCGCGGACACGCCGGTACGCCACCAAGGCCGTGGCTGAGCGGGAGGCCCGTCCTTCAAAGGCAGCACCCGCCGCAGCGCCGCGTCATCCAGGAGCCACACGCCCAGCACCCAGGCTTGGACGTTGAAGAAGCCGTAGTTCCCCGTGGCGGAGATGGCGGTCTGCAAGCCGCTCAGGCTCCAGAAGGCGAACTGCCGCAAGCGCCGGGGCCCGAAGGCCAGGAAGGGCACCACCGTCTCGAGCCAGAGCACCGCCCCGGTCGAGGCCCGCTGGAGCCGACGCGGCAGATGATGCGCGTACCAACCACCCCGCGTGGGCAGCGGCGCCGTCTCGTAATAGTGCTCGCACGCGCTCAGCTCGCGCCAGGTCCGGTCCCCTGACTGGAGCTTGCTGAGCCCCGAGCCGAAGTAGAGCCGGAATACGAGCAGCCGGAAGAGGAACACATCCAGCGCGGAGGGCTCGTCACGACCCAGGCCCGGCCGCAGTCCTCCGGGCGCGGTGAGCGCCGCCAGCAGTCCCATCTCCAGCAGCAGCACGTCCCACTGGAAGGAGAGGAACTCACGCCCCACGGCCACGTAGGAGAGGTACAGCGCCCACAGCAGCGACACGCTGAAGCGGGGCGCCACGTTGAAGAGCAACGCCAGGGACAGAACCTGGCCCTTCCAGCACCCACGCACCAACGTGGCGTCCGAAGCGTCCAACCAGAACAGCGACGGAATGCGCCGCCACCTCGCGAGCGCCGAAGCCTCCTCGCGACGCTCCGCGGCCAGGCGCTCCGCCACGGGCCGGAGGCCTTGCGTCCCATACAGTCCCCGCACCTGCCGCCCCAGCGAGGTGAAGGCGATGAGGAACGTTCCTCCCAGCAACCGCAGGAAGGCCCAGCGCACCCACCGGTATTCGTGCGGCACCACCGCGCGCCCGAAGAGCCAGCGGTCCACGCCCGCCGCCTGACGGCGATTCCGGGCCACCACCGCATAGACGCCCTGGGCCAACTGCAACACCCCCGGCATCAGGCCCAGCCTCGCGGCCACCCGAGTCCCCCGGCGAGGCGACGCGGCGAGCGCGCGGAAGAGGGCCTCCGCGCCCTGGGATACCCGGCCGGAGGGCTCCACCAATTGCATGGCCCTGCGCATGTCCGCCTTCGGGATGCCCAGCAACCAGCGGCGCCACCCGCTGCCCGGCCGGTAGCGAACACGGTCCCCGGTGCGCCACCGCCAGCGCGCCGCCCAGCGCCGGCAGAACGCGCAGTCGCCGTCGAAGAGCACCAGGGGCCGGGTCAGCAGCACACCGCGAGAGATTCGCGCCATCATGCGGGAACGTTGTGCCGTCCCACGGACGACGTCCCCGTATCCTCGGGCGCCCGCCGTGGAAGCAGCGGAGCAGCCGGGCCGTGGCCTCCCTCCCCGCCCAAGTGACAACGCCTGGGGGTGCCTAGCTTTGTCCGCATGAGCGAGCCCAAGGGGAAGGCGAAGCGGACAAGCGAGCTGGTGCCTGGCGTCCACCACTGGACCCTCTCCGATGACCGCATCGGCGGCGCGCGCAGTGACGCGTACGCCGTGGTGGACACGGATGGCGCCGTCGTCCTCATTGACCCGCTGCCCATCGACGAGGAAGCGCTGCGCAAGCTGGGGAACATCTCCGCCATCGTCCTGACGGCGGGAAACCACCAGCGCTCCGCGTGGCGGCTGCGCAAGGCCTTCAAGGTGCCCGTCTGGGCACCCGAGGGAGCACAGACGCTGGAGGAGCAGCCCGACTTCTTCTACGTCGCGGGAGACACGCTGCCCGGGGGACTCATCTCGTTCCACACCCCCGGCCCCACCGAGGCAATGTACACGCTGTGGATGCAGCAACACCCGCGCGCCGTCGCGTTCATCT
CP070500.1_gap11	340933	344583	3650	GGGTACCACCGGACGTGCGCGCTTCGTTGAGTCCCTGGCCGCCCTGGGCGGGAGGCTGGGAGAGACCGTCGAGGATGCTCTGCGCCCCGGGCGGGAGGCCGCGAAGGGCCTGCTGGCGCTCCGGTGAAATGGACACCACCGGCTGCCCCGGAGTGTGCGTACCGCCGTTGCTCGCCATGAGCGCCTCCGTGCCGTTGTCCTTGCAGAGGGGCGCGGCCACACGGGTGTCGCGCACCGGGTCCCCGTAGCCAGCGATGCGCGCCGGCACGGACGGGTTGTTCCAACCCTTGCCGCTCTCACGCGCCACCTTGAAGTGCAGGTGCGCGCCGCAGGCCCAGCCGGTGGAGCCGGAGAAGCCGATGAGCTGGCCCTCCTTCACCACGTCACCCGGCTTCACCACCACCGCGCTGAAGTGGAGGTACTGCGTCTCCAGTCCATCGCCATGGGAGATGACGACGTAGTTGGCGTGGGGCGCGAACTTCTCGTCACAACCACCCTTGGTGCTGTCACCACGAGACAGGCGCACCGTGCCGTCGCGCGCGGCGACGATGGGCGTGCCATCCGGCATGCGGAAATCCCACGCATGCGTGTCGTTGTGTTGGTGACTTCCCGTGTCATGTCCCTGGCTCACCGTGTGGATGCGACCACAGGCGAAGGGAACGCCGACCTCGGGCATTTCGCCCACATCCGTGGCGGAAGAGGAAGGAACCGCAGGGGCCGAAGCCAGGAGAGAACCAAGAAGGAGGGCTGAAAGGTTCATATCGGGGCGGGGCGGAAACGGAGGCAAGTGGCGCGGGTATTTCCCTGCGGATTTTCGCCGCGCCCGCCTGCTGTACGACGCGGAGGGCATCGGCACGCCCACCCTCCCGAGGGGAATCATGCCCGAGTCCCGAGCGAACGCCGCGAACTCGGCACCCAGGCCCCTGCCCGCCGGGCCGCTGGGGAAGCGGGCCTGACGCGCCTCACGAGCGGCCACTTCCCTTTCGAGCCACCCGTGTACGGGGACAGGTGGCGGCACACGCCACTGTGAGGAGCACTCACTCTCCACCACAGAAAGTGACTGGTCACTCACTAAGTTCAGACTTATCCTGCGAGTCGAATGGCCGCGAAGAACACTCCATCGGACGCGCCGGCCCGGCCTGTCCGCCGCACGCAGCAGGAGCGCCGTGAAACGACGCGGCGCAAGCTGCTGGACGCCACCATCGAAACGTTGGTGGAGCAGGGCTACGCCCGCCTGACGACGGTGGAGGTGTCCAAGCGGGCAGGCCTGTCACAGGGCGCGCTCTTCACGCACTTCGACACGAAGGAGGAGCTGCTCGCCGCGGCGGTGGAGCACCTCTTCCCCCGGCTCATCCAGGACTACCTGGCCGGTGTGGGGGCCCGGCCGTCGGGCAGGGACCGCATCGCGGCGGCGGTGGACATGTTGTGGGCCGCCTTCCAGCGCCCGGAGCTGCAGGCGGCCATCGAGCTGTACGTCGCGGCGCGCACGGACGCGGAGTTGCGCGTGGCGCTGGCGGCGGTGGACGGGCCGCACCGGGAGAACCTGCACCGCGTGGCACGCGAGCTGTTCCCCGAGGCCTCCGAGCACCCGGACTTCGACTCCATCGTGGAGCTGGCGCTGGACGCGGTGCAGGGCGCCGCGGTGGGAGGCAGCGCTCGGCCCAACGACCCGGCGCACCGGCGCATGCTGGATGCGCTCACCCACTTCATGCGCAACGCCTTCCTCCCCTCATTGACGCGGCCTCGCCGCCGCGCCCGCTCCTGAGTTCGCCGACACGGAGGGACCACCATGGACGCAGCACACATCCCCGACCTCATCACCCCGGCCATCCCGGTGTTCACCCTCACGGTGATTGCCGAGGCCCTCTGGGTGAAGAAGCAGCGGGACGAAGGCCGTCCCATGGTGGGCCACACCTGGAAGGACACGATTGCCAGCATCTCCATGGGGCTGGGCAACGTGGCCATCAACGTCCTGTGGAAGGGCGTGGCCTTCGCCGGCTACCTGGCGCTCTACCACCTGACGCCGCTGCGCATGGGCACCGGCGTGCTGGCGTGGGTGCTCATCTTCTTCGCGGACGACCTCTGCTACTACGCCTTCCACCGCGTCCACCATGAGAGCCGCATCTTCTGGGCGTCCCACGTGGTGCACCACTCCAGCCAGCACTACAACCTCTCCACGGCGCTGCGGCAGACGTGGACGCCGCCCACCAGCTTCGTCTTCTGGGCACCGCTGGCGCTGCTCGGGTTCCACCCGGTGATGATTGTCGTGCAGCAGTCCGTCAGCCTGCTCTACCAGTACTGGATTCACACCGAGGCCATTGGCCGGCTGCCGCGCCCGCTGGAGTGGGTGCTCAACACGCCGTCACACCACCGCGTGCACCATGCGTCCAACCCGCGCTACCTGGACAAGAACTACGCGGGCATCCTCATCATCTGGGACCGCCTCTTCGGGACGTTCGAGCCAGAGGGCGAGAAGCCCGTGTACGGCCTGACGAAGAACCTGGAGACGTTCAATCCCGTGCGCATCGCCTTCCACGAGTTCGCGGCCATCACGCGCGACGCGGCGAAGCCCGGCTCCCTGAAGCAGCGCCTGAGCTACGTCTTCCGCAACCCGGCCTGGAAGCCCGACGCCCCAGAGGCGCCCCAGCCGCCCGGGGTACAGCCCCCGCCCGAAGCGGCGCGCCCCTCCGTGTGAGGTGTTGAGCACCCGGCCGCCCGCGGCCCCGTGGACGCGCACCGACACCGCCGTCCAGCTTCCCACCCGCGCACGGAGGCGCTAAGCCACCCGGCACTTATCGCGACGCGAAAACTGCCAGGAGGAGCCATGACCGAGCGAGAACTGTGGGAGCGGTACCAGCGTTATCTGTGCGTCGTCCCGGCCTTGGACTTCACGCTCGACGTCTCGCGGATGCGCTTCCCGGCGGACTACCTGGAGCGGATGCGCCCCCGCCTGGAGGAAGCCTTCGGCGCGATGGAGGCCCTGGAGAAGGGCGCCGTCGCCAACCCGGACGAGAAGCGCAAGGTGGGCCACTACTGGCTGCGCGCGCCGGAGTTGGCGCCCGAGCCCGCGCTCCAGAAGGAAATCACCGACACGGTGGCCGCCATCCACGCCTTCGCGAAGAACGTGCATGAGGGCCGGGTGAAGCCGCAGAAGGCGCAGCGCTTCACGCACATGCTGATTGTCGGCATTGGTGGCTCGGCGCTGGGGCCGCAGTTGGTGGCGGACGCGCTGGGCACGGCGAAGGACCCGATGCAGGTGTCCTTCTTCGACAACACGGACCCGGACGGCTTCGACCGCGTGCTGGCGCAACTGGGCGAGCGGCTGTCGGAGACGCTCACCCTGGTCATCAGCAAGTCGGGTGGCACCAAGGAGACGCGCAACGGCATGCTGGAGGCCGAGCGCGGCTACTCGGCGCGCGGCCTGGACTTCAGCAAGCACGCCGTGGCCGTCACCGGCGCCGGCAGCGAGCTGGACAACCACGCGAAGAAGCAGGGCTGGCTGCGCGCCTTCCCCATGTGGGACTGGGTTGGCGGCCGCACGTCGGTGACGTCCGCGGTGGGCCTGCTGCCCGCGCGCCTGCAGGGGCTGGACATCGACGCGCTGTTGAAGGGCGCGCGCGACATGGACGCGGCGACGCGGGAGCGTGATG
CP070500.1_gap12	346068	349503	3435	CTCCATCCTCTTCCCCGGCGGAAGCTGGGACAAACGCCAGAAGGCGGATCCAGAGAAGGTGGCCAGACTGGTGCGTGACGAGCTGCCCTGGGGCCGCTTCGGCGCCCCCGAGGAAGTGGCCGACGTGGTGGCCTTCCTCTGCTCGGAACGCGCACGCTGGGTCACAGGGGCCACCCTGCCCGTGGATGGGGGCCAAGGCCGTGCCTTCTGAGCGAAAAGCCCCCCGGGCTCCGTGCTATGCAGGGGTCCTCGAATGAGACTCGAAGCGTGCTGAAGCTCTACAAGAAGGAAGGCAACCGGCTCCGCTACTGGGAGGCCTGGGTGCATGACGGCGCACTCACCGTGCACCAAGGCCTCGTGGGCGAGACGGGCGAAGACCATCAACTACCCCTCCCCCCGGATGAAGACCCGGACATGGTCATCGCCGAGGCCGCCGGTCCCCTGGTGGACCAGGGCTATGACGAGCCTGAGCCCACGGCGATGACGACCCTCATCGTCCAGTACACCGTCGAGGGCAAGGGCACCGGCCACGACGTGGAGAAGCGCGTCGCCGTGGAGGAATTGCTCACGGACGCGCTCGGCTGGACGGGCAATGGCGAGGTCGAAGGCGGTGAGCTCCAGGCCCAGCAGCTCCGCGTCTACTGCCGGGTGATGGACGCCGACGCGGGCGTGCGCACGGCCGTGGAGGCCCTGGACTCCGAGGACCTGCTCGAAGGCGCCACCCTGCTCATCGCCAGGGACGACGAAGAACCGCGGGCCGTCTGGCCCACGCAAGCCTGACGCACACCTCGCGGGCACCTCCGCGGTGAAGGCGGACTTCTACGGCTGGTGTAGAAGATTCCGCCTTCCGCGCGTTGACAGGACACCCGCCAGGACGCAAAGTGCCGCTCAATTGATATTGATTTGCAAAGTCACACGCAACGAACTGCGCCTTCCGCGCACGCTCCGCTGAGCACCGGAAGACCTCAGGACGCGGCCCTTTGCATCGCAGGTGTCCCCCACGTCGCGACTTCCGCGGCGGCGGGAGGGCCTTGCTCGAGTCAGTACCCGCGGACGCCGCAGGCGGAAGCGGAACGGGGGGAGTCCGGCAGTTCAGACACCCACATGAGGAGAAGGACCTTGCGCGCCGTTCACCGTGATGACGTTTCCCCCCGCCCCTTCCGCGGTCCCCGCCTGTCCGTGACGTGGAAGTGGGTGGGCTCTGCCCTGCTGCTCACGATGACGCCCGCCTGGGCGCAGGACGCGGCCACGCCGCCGCCGGATTCCGCGGCCGCCGAGCATCCGGCCGAGCAGGCGGAGGCGGCGCTGGAGGACAACATCTTCCAGATGGCCCCCGTGGTGGTGACGGCGACGCGCACCGAGCAGGACGTCACCTCCGCCCCTGCCTCCGTCACCGTGGTGACGCAGGAGGACCTGAAGCGGGCGCCTGTAGGTGATTTGACGGACGCCATCCGCCTGGCGCCCGGCATCAGCCTGACGGCCGGCAGCCAGGGCCGCCGTGGCATCAGCATCCGCGGCATGGATTCGAGCTACACGCTCATCCTGGTCGACGGAAAGCGAGTGAACTCGCTGGAGGCGGTGTTCCGCCACAACGACTTCGACATCGGCCTCATCCCCACGGAGGGCATCGAGCGCATCGAAGTCGTCCGCGGCGCCATGTCCTCCCTCTACGGCTCCGAGGCGCTGGGCGGCGTCATCAACATCATCACCAAGCCGATTGCGCCCAAGTGGACGGGTGGCATCGACCTGAAGGCGCAGACGCCCACCGTGGGCGCCAACGGCGAGGAGCTCCGCTCCAGCGTCTTCCTCAGCGGTCCGCTCATCGAGGACACGCTCTCCATGAAGCTGACGGGCGGCTTCAACCACCGCCAAGCATGGAATGGCGCGCGCAACCCGGGCTCGCCCGTGCTCAACGCGGACGGTGCGCCGGTGACGCGTGAAGACGGCAGCGTCGTCAACCACGGCGACCTGGCCACGCTCGAGGGCCGCAATGACCACAACGGCCGGCTGTCGCTGAACTGGACGCCCACCGCGCAGCAGACGATTACCGCCGAGTACGGCCGCGCGTACCAGAACCGCATCGGCGAGTACTACATCGGCGGCTCCTACGGCGACGCGGACGCGGTGGTCCACCGCAACGACGCGGTGCTGGGCCACAAGGGCAAGTGGGACTGGGGCAACTCCGAGGTCCGCGGCTACTGGGAAGGACTGGAGAGCGGCGTCGACGGCCTCACCCAGGACAACATCGTCGCGGAGGCGAACGCCACCGCGTACCTGGGCATCAACACGTTGACGGTGGGCGGCGAGGCGCGCTGGATTGACCTCAAGTCGGACGAGTTCACCAGCGGCGGCGCCAGCGTGCACCAGCAGGCCCTCTACGCGCAGGATGAGCTGGCGCTGATGGACAAGCTGACGCTGCTGCTGGGCGCGCGTCTGGACAACCACGAGAACTTCGGCCTCCACTTCACGCCGCGCGCCTACGCCGTCTACTCGCCCATCAACCACCTCACGCTGAAGGCGGGTGTCGGCACGGGCTTCAAGGCGCCCACGCTGCGTCAGATGAGCACCGAGTCCCTGGTGACGAGCTGCCGAGGCCGCTGCGGCATCATCGGCAACCCGGACCTGGACCCGGAGAAGAGCACCAACTTCGAGGTGTCCGCCAACTGGACCATGACGTCGTGGGCCCTGTCGGCGACCGTCTTCCAGAACAACATCCGCAACCTCATCGACACGCCGCGCGGCACGGGCGTGGAGCCGGTGGGCACCGACCCGGGAACGGGCCTGCCCCTGTACGTGCCCCGCAACGTCAACCGCGCGCGCCTGCGCGGCGTCGAGGCGACGGCGAGCAAGGCCTTCGGCAACGTGGTGCGCCTGAGCGCGAACTACACCTTCCTGGAGAGCCGGGACCTGGAGAACGACGTGCAGCTCGCCTACCGGCCCAAGCACACCCTCAACGGCCAGATTGACCTGACGCCGGTGGACAAGCTGAAGGCCTTCGTGCGCGGCCAGTACATTGGCACGCAGCTCAGCGGCACCGAGGAAGTGGAGGCCTATGCCCTCTTCGACGCCGGCGCCAGCTACGACATCAGCAAGAACTTCGGCGTCAACGCGGGCGTCCTCAACCTCGCCAACACCCGCACCGAGGACGAGGAAGGCTACGTGTTCCAGGAGCGCGGCCGCACCCTCTACGCGGGTGTGAACGCGCGGTTCTAAGGCGTCGCTTCGTCCCCGCCACGCATTGCGCGTGGCGAGGGACGCCCGCGCGACTCACACCTCCGAGCCGGCGCCCGGCGTGGGCGCGGGCCGGAAGACGCGGAACAGCAACACCAGCGAAGGCACCACCACGGCCGTGCCCACGCCCAGCGCCACCAACAACAAGCGCTGCGCGCCAGGGCTCGCCGCCGCGCCGTGCAGCGTGACGTCCGGCACCACCAG
CP070500.1_gap13	409045	409776	731	CCGCGTCCTCCGAACGGGACACCGCCTCGCGCACCACCAGCGCCAGGTCCACGTCCTCCAGGTGCAGCCGGGGCGCGCCGCCCTGGAGCTGCGACACGTCCAGCAGCGACTCCACCAGGTCCGACAGGCGCTGCACCTGCCGGTCCGCCGAATCCAGCGCGCGCTCCAGCCGCTCCGTCCCGCTGCTCAGGCCCGCGCGCAGCACGCCCTGGGCGCCCTGCACGCGCAGCCGCAACGCCGCCAGCGGGGTGCGCAGCTCGTGGGCCGCCACGCTGAGGAAGTCGTCGCGCGCGCGCACCGCCTCCTGCGTCTCGCGGTAGAGACGCAACTGCTCCGTCACGTCGCCAATGATGCCGGCCATCCGCACCGGGCGGCCCTGCGCGTCCCGCAGCGCCCGGCCACGGCTCACGCACGAGCGCCAGGTGCCGGTGACGTGCCGCAGCCGCAGAGTCACGTCATAGGGCGTGCCCCGCTCCAGGTGCGCGGACAGCGCGGCCATGACTTCCGGCCGGTCCTCCGGGTGAATCAGCTCCAGGAAGGCGGAGAACGTCCCGCCGAAGTCCCCCGGCCCCAGGCCCAGCATGTCCAGCAGCGGCGGACTCCAGTAGAAGGCCTGGCCGCGCAAATCCCAGTCCCAGATGCCGTCGTAGGAGCCGCTCACCACCAGGCGGTAGCGCGCCTCGCTCTCCCGGGCGGTGCGCTCGGCCTGCTCCAGCAGCCCCACCCGCCGC
CP070500.1_gap14	552897	556243	3346	TCCTCGGGGACGACGCCGTTCACCTCCTCGGCCAGCCTGCGGACCTCGTCGTGCAGCTCGCGCAACTGTCCCAGGTTGCGCTGAAGGAGCGCGTCAATCTGCTCGCCCCGCTGCACGTCGCCTTGTGCCACGGCGTCCTCACGCTCGCGCGCCAGCCGCACCACGTCTCGCTCCACCAGCGCCGCCAGCCGCGCCGTCTTCTCCAGCTCCCACTGGGCTGTTTGTGGCAGCTCGGGCTCGATGTCGTCGTTGTCCTCAGGCGGAGGAAAGGACTCCTCTGGCGAGGGCACCACGGGCTCGGGCGCCATCCGGGCCACCGTGACCTGGGGCGCCTCTTGCCGAGGCACGGGGGCGGGCGGCGCCACCTCGGGGGCCGTCACCGGCACCACACGGGGGGGCGGCGCGGGAGGAGCAGGAGGAGGCACGGCCATGGCGAGCAGCGCGGCGGGCAGCGGCTCCGGCTCCGGCTGGGGCCAGAACTCCACGGCGCCCAGCGCCACGGCGAGCACGCCCGCACCGGTCAGAATCAAACGGTAACGAATCCGCATGGCCCCCCTCCCCGCCCCGGCGCTCAGAAGCGCACCCGCCAATCGCCATCCTGGCGCTCCACCCGTAGCAACCACGGTGCCGGACGTTCGCGCCCACCATGGGCCACCCGGGCCCGCACGAGGACAGCCTCGGCGTCACGCCCGTCCACCGTCGATTCGACAATCCCCACCAGCGTGAGGCCATGCCCCCGCAGCTCCCGCACCGTCTCCACACACGGTCGCGCGCTTCCTCCCGTGACCAGCAGCGGTGCCAGGACCTCGCAGTCACCCTCGGGCAGCGCCGAGAAGAAGTGGCGCACCACCGCCTCCGCGGCCCGCGTCTTCGACGCGTCGGAGGAACATCCGAGCGCGGCCAGCATCAGCCACCCCATCCACCTCACTGGCGCGGGGTGTCGTGACATGACTCAGTAGCAGTTGGGGGCGAACAGCTCGTCATCCACGGCGGCGGTGAATTGGTCATTGCACCAGCCGCTCACCAGGATGTGGCCATTGCGCACGCAACTGTCGTGGTTGGTGGCATCCACCGTGTACTGGGTGTCGCCGCCGCACGTGCTGCCGCAGCGCCCGAAGCAGTTACCCACCACCTTCGGCCGGTGCCAGTGGTTGGGCGAACCGCAGTGCCAGGTATCGCCGGCCAGAAAGAACTCGTCCCCGTTGCAGGAGTAGTGGTCACCGAGCTGGGCCAACTGCTGGTTGCCGGGCCAGTCGAAGCCGCCCCGGTCACAGTCGTGCGTCGCGTGGGCGTACCAGTTGTAGCGCCCCTCACAACTGCCCGAGTTGCGCCCGTTGCACTGCGCATAGCTGCACAACATCGTGTAGCCACGCCCCTTCTCGCCCATCACCGCGCGCCGCAGCCCCACGGTGTCCGGATACTGGGACCACACGCTCACCGCGCGGCGCAGGTACATCGCCGCGGGGGCCGCCGCGTCTCCGCTGGGAAGCGCCTCATTGAGCTCGCGATAGAGGGCGGTGAGCAGCGCGCGGTCCGCGACGCCCATCTGCGCATCCCTGGCATTCGCCTCCGCGAAACCATCCAACGTGGAGACGCCGCGGGCCGGCTCCATCAACCCGGTGAGCGTCAACCCGCGCAGCCGGACCTCCAGCCGGTACACCCCTGGCTCCACCTCGCGAGAGGAGAACGTCACCGTCTCGTCCTCATGAACGAAGGTGCCCCGGGCGTCTCCTGGCGTGGCGGAGAGCGACAGCCCCGCTTGCCGTGAGCGGAGCTCGTCGCCCGTCTTCGCGGCGCCGCCACACGCACACGCCGCCAGCACCACGCTCCACCACAGCTTCGTGCGCATTCTCGGATTCCTCCGGCCACGCGCAGGCCCGAGTCCTCCGTCCCGCTCACGTCAGGGGAGCACGGCCCAGCGACGGAGAATGCTCGCACCGGACGAATTCGTGAATAGAGCCCGGCGGTCTCAGACGTCTGTCCGCGCGAAGACAGGCAGCGGGCCGGCGGCGCGCGTCAGGCCGAAGTCTCCTTCGGGCAGGGACTCATGGCCGCCAATCACCAGCAGCCCGCCAGGGACCAGCCGCGCCACCAGCCGTGACAGGACCTCGCGTTGAAGCGGAGGCGCGAAGTAGGTGAAGGCGACGTTGCGGCACAGCACCAGGTGGAAGGGCCCGTCGGGCATCTGGGAGCGCAAGTCCTGCTGGAGGAAGTCCACCGCCCGCCGGAACTCCGGCGCAAGGCACGGTTCGTCGCCGGGCCCCGGAAAGGCACGCTCCGCCCAGGCACGCGGCAGCTCACGCAAGGCCCCGCGCGGATAGCAGCCCCGCGCCGCCCGCGCGAGCAGCCCCGCATCCGCATCGGAGGCCACCAACGCCAAACGCACTCCCGGGAATCGAGGCTCGAGCCCCAACTGGAAGAGCACCGACAGTGTGTAGGGCTCCTCGCCGGAAGCACAGCCCGCGCTCCACGCCCGCAGCGTGGCCTCGCCCCGGGAGCGCAGGGACTCCAGCCGGGCGGGGAGCAAGTCATGGCGCAGCACCTCGAAGACGCGCGCGTCCCGGTAGAAGCGGGAGATGGTGACGCGGCACAGCGCGTCGAGCACGTCCCACTCCGAGGGCTCGGCCTCCAGCCGGGCGCGGTAGGCCCCTGCGTCTGGAAGCCCCAGCGCCTTCAGCCTGCGGCCGATGCGCTTGCACACCTGCCCCCGGACGCGCCGGAAGCCCTCCCAGCGAAGGCGCAGGCGGGGCGCGGCCCACTGCAACAGCTCCACGCATTCACGGTCCGTCATCGGATCGGCCTCCTCCTGGATGTCGGCACGGCCGCCGCGTCCGGGCAAGGGAAGGCCGCTTGCACCGGGCGGAGGCAGGCGGGATGTGGCATGACGCTCCGGCGTTGTCCTTGGATCCCGGAGGAACCCACCCTTGAAGAGACTGAGCGCCCTCACCCTCTCCGCGGCACTGGCGTCGGCCGGCTGCACGCACACCCCCGCCGCGGCCCCCGAGCCCACCGCGCAGCAGGCCCTGGCCCCCGCCGCCGCGCCCAAGCCCGTGCCGCCTCCCGAAGGCGCCAGCGTCCTCTCCGGCACCCTGGCCGACTTCACCGCCGCGTGTGACACGGACCTCGAGCGCACCCGCGCGCAGGTGTCCGCCATCAAGGCGCTGGACGCGCGCAAGGACGGCCAGGCCGTGCTCGCGGCCTATGACGAGGCCCTGGGCTCGCTGCTCGCCGCGGCCAACCGCTCCAGCCTCGCGCGCGAGGTCCATCCGGAGGCGGCCTTCCGCGACGCCGCGCGCGAGTGCGAGCAGCGCGTGGACTCCGCCAACGTGGCGCTGTCCCAGGACCG
CP070500.1_gap15	658305	661551	3246	CCTCCGTCCAGAGCCGCGACAGCGGCCCGACGAGTTCGTTCCCCGCCGGCATGCGCGTGGTGGCCAGCCGCTCCAGGTCCACCACACCGTCGGTGCCCAGCAGCAGCGCGTGGACGTCCTCCGTGGGCACCAGGGCCCGCGTGGTCAGCGCGACGTCCTCTCCGTGCATCAACGCATAGGCGAGATACGGCGGCGCGTTCCCCGGAAATGGCCCGAGCGGATGCACCTCGCCATTGAGTGCCCACACGCCGTCTCCCGCGGAGAAGACGAGCGTCAGCGAGGGCGTCACCACCGCGCCCACCACGGTGAAGAGGAAGTCCCCCATCACCTCCCGCCCCAGGTCCGCCCGGAGCTCACTGAGCAGGCACAACACATCCTCACGAAGGCCTGGAAGGAAGGTGGGCTCATCCACGCGCTCACCGTCCGCGAGCCGCACCAGCGCGGCCCGCGCCAACCTGCGCGCGCCCAGTTGTGCGCCCAGCTCACTGCAGGGCTGGCTGCCACAGCCATCCGTCACCACGGCCACCAGGCCATGCTCACTGGCGCGGATGCACAGCGCATCCTGGTTGTTGCGACCCGCTCGGGCGTGCTCCCGGCCCAGCACCGAGGCAGCGGCGACGTCGAAGGGCAGCGCGGACATGGCTCTCCCGTGGCCCTGAAAGGGCACGTGCGGCGAGACAGGCGGCGATACGGCGGCACGCTTCAGCCAGTGGACACCCCACGGGCAGCGGCCTCTCACGAACCTGGGTCGCACCCATGTTCGTGTCTCGATGACACCAACATAGTGTCCAAATCACACGATGTCAATGTCACGAGCTGCCGGGGGCTCCCTCGAACCCGCAGCGGGTCAGAGCTCGAAGTTGAAGCCCGCCTTCTCCAGCTGCTTGTACTTCTTGTGGTCGAACCGGTAGAGGCGCGCTGCCCGATGGGAGACGTCCTGCTCCACCTCGTCCAGCTCCTCGAGCAGGTCCATGGCGAGGATCTTCTTGCGGAAGTTCCGCTTGTCGAGCTCCCGCTCCAGGATGACCTCGTACAACCGCTGGAGCTGCGTCAGCGTGAACTTGGGAGGCAGCAGCTCGAAGCCGATGGGTTGATAGCGGACCTTGCCCTTGAGCCGCTGCAGCGCCGTGCCGAGCACGTCCACGTGGTCGAAGGCCAGCTTCGGCGTATCCCAGACGGAGAACCACGCCGCGTCCCGCGCGTCCGTCGCCGCATGCGGCACATGGTCACTGAGCTTCACCAGCGCGAAGTACGCCACCGTGACGACGCGCCCGCGTGGATCTCTCCCCGGGGCGCCGAACGTGTAGAGCTGCTCCAGGTGGTTCGGCCGGATGCCCGCCTCCTCATCCAACTCCCGGCGCGCGGCGTCGTCGAGCGACTCCTCCATCCGCACGAAGCCCCCCGGCAGTGCCCACCGCCCGGCGAAGGGCTCCACCCCGCGGCGGATGAGCAGCACCTTCAGGTCCTCGTCATCCAGACCGAAGACGACACAGTCCACCGTCAGCGCCGGCCTCGGGTACTCATAGGTGTAGCTCACGGGTCCCGGCATAGTGTCCGGAACACACCCGGGTCAAGTCGCGGACGGAGTGGCCGCCGGGCCCGCGCGGCCTAGGTCCGGACCATGCGCGACAGCTGGCGCCAGTCGACGAGCTGAACGCTCTCCTCGGCCAGGTCGAACTCCAGCGAGCGCCGCATGCCGATGACGTCGCCGCCCATCTGGAAGGGCACTTCCCGGTCGAAGTCCATGCGCAGGCGCTGGACGAACCAGTCATGCATGTGGGGCATCGGGTGCTCGCCGCGCCAGAGGCGGAACATGTTCCGGGTGGCCTCGATCACACCGGCGCCATAGACGCGCACGGACAGCCGGTGGGGCACCGCCTGCGCGAAGGGGAAGGCCTTGAAGCCGAAGCCCCACTCGGGCGTGGTGGCCGCGCCGGCGACGCCCGCGGGCCCCCGGTACAGGAGCGCGCCCTTGTCCCCATGCGGCACGGGCTGCACGGAGCCCCGCGCGTCCACCGTGAGGGCGGGGTCGCCCAGGTTGTAGACGGACACTGAGGGGTTGCCCTCGCCGAAGAGGTGGCGAGGCACCGTCCGGGTGAACATGGCGCCCAGGTAGCCGCGCAGGCCGGCCTGGGTGCTGCGCAGCGGACCGGAGGCGGCGAGCTGGTTCTTGAAGTCCTGAATCATCTCCGCGTCCCAGCCCGTGCCGGCGAAGGGGGCCACCTTGCCCTCCACGCGAACCAGGGCGAAGGGGCGCAGGGGCGGCAGGCGCTCGCCCACGGCGGCGATCTGCTTCAAGGCCTCCGCGGGCCGGGGCGCGCCGGTGACGCGGGCCCAGGCGTTGCCGGTGCCCATCGGGAGCACGCCAATGGCCGGCAGGGCCACCCCCGCGGTGCGCAGCTCGTTGAGCAGCCCCGTAATCGTCCCGTCACCACCGCCCGCCAGGAGGAGGGAGGGCGGATTGGGCCGGAGCGTGTCCGAAATCCAGGCACGGGCCTCGTCGAGCGAACGGGTGAGCGCCACGCGTGCCCGGGGCAGGAAGCGCTGGACCAGCCCTCCCATGCCTTCGGAGCCCCGGCGTGCACGCAGGTTGACGAGGACGGCGATGTCATTCATGGCGAGCGGGACTCTCTCCACGCTTTGTCATGGCCCGGTCACGGCGCAGCAACCGGTGACGCGTCGTGACGCAAAAAGGACCCTCATACTCCCAGTGCATGGGCGAAACGGGCCTTCAGCCCCCGTGCCTCCCGCTTCTTTCCGAGGGAGAACGCCGCCGCGGCCACGCCCCCGGCGACCAACAGCCGGCGCAGCCATTGCTTGCCCGCCGCGTGGTGGCCCCCCGAGGTCCCCGTTCCCTCCGCCATCGGACGGAAGAGCGTCCCAGAGGTGTGGCCCTGGCGCTCCTTCTCAAAGTGATGGGCCTCGGTGACGCCGTTCATGGTGCGCTCGAAGGTGCGGGGCAGCAGGCCGTGCATGGCGGCGAAGCTCCGAGCGGCGGGGCCGACGAAGACCTCGTGCTTGGGGCTGCGGAGGACCCGGAGGATGGCGCGCGCGACGCGCTCCGGCGTGTAGACGGGCTCCACGGGACGGATGCGCCAGCCGGTGTAGTTGGCGGTGTGTTGCCACAGCGGCGTGTCGATGGCCGCGGGGAGCACGGTACACACGTCGATGCCGGTGCCGAGCAGTTCCTGGCGGACAGACGCCGAGAAGCCGCGCACGGCGTGCTTCGAGGCCACGTAGGCGCTG
CP070500.1_gap16	672632	673262	630	CTTGCTGACGCGGTGGTTCGGCACCGGGCCCCGGCATCCCATCCACGCGGTGCGCCACCAGACCTCCGGGTCCATCGCCGTAGGTGACACGAACCTCGTCTCCCTCGTGATACTCCCGCAGGCCCGTGACGAGCTCGCCCTTCATGAAGAGGCGGGTCTGCTCATCCACTCCGACGTCGTACTCCACGCCGTCAGCGCCGCGGATGAGCAGCTCGTTGTCGCCCACCCACTCCACGCGGCCATGGAGCTGCTCCGTGGGCGCTGGTCGCCCTGAACCTCCCTGCCCCGCCCCCTGCGTGCCCACGGGAAGTGAGCCGGAGCCAGGCGCCCCGGATTCCGGGGGCCGCTCGCGTGAGGCCACGAGGCCGCGAAGGACATCCGAGCGGCCTTCTCGCTCACTCGCGGATGGAGGCCCCCGGCTCTCGTTCCGCTGGCCGCAACCGAGCCACACGGCGAACAGCCCGAATGCCATCAGCCTCCAACCGCGCGTTGCCCTCATGCGCTCGTATCCCCCGCGTGTGGAAGTTCATCGCGACGGCCGGCCCGCGCCGGCCCGCTCCTGTCTCTTCCTCAACATGCGGATGGCCCTGGCGGCCGAGAACCTGGTGCTTCCCAAGGTGCACCTTGATG
CP070500.1_gap17	679134	681945	2811	CCGTCCTGCTGCGTGAAGCGCTGGAAGCCCTTCTGCTCGCCGTCCCAGCGCACCAGCCCCGTGTCCGAGCCGAACCACACCCGGCCGCGCGAGTCCTCCACCATGACGATGATGGGGTTGGTGAAGCCGTGCTTCGGGCCGTACACCGTCACGCCGCCGCCATGCATCCGCGCCAGGCCCGCTTGCGTGCCCAGCCACGTGTCCCCCCGCGAGTCGACCAGGATGGCCGTCACCACGTCGTGCGGCAGCCCCTGCGCGCGCGACACCCGCGTGAAGCGCTGGCCGTCATACCGGTATGCACCGGTGAGGGTGCCCACCCAGAGCGTCCCGTCATGCGCCTCGTGCATCGCGGGGATGACGCTCTCCGGAAGCCCTTGCTCGGTGCCCACGTGGTGGAACGTGCGGTTCTCGTACCGGAACAGGCCGCTGGTGGTCCCCACCCACAGCGTGCCGCGGCGGTCCTCCAGCACGGCGCTGACCGTCTCGTCGGCCAGGCCCTCGGGGATGCCATATGTGGCGAAGGGACCGTCACGCAGGCGCATCAGGCCCGAATAGGTGCCCACCCAGAGGTGGCCGTCCCGGTCCTCCAGCAGCGACAACACCGCGGACTCCGCCATCCACTCCATGCCGGGCACCGGCTCGCTGAAGCCCTTCGAGTTGTGCCGCGTCAGGCCGCCGCGATGCGTGCCCACCCAGAGGTTGCCGTCACCGTCGGCGTACAGCGCGTTGACGGACAGGGACGGCAGGCCTTCGTCGGTCGTGAAGCGCGAGGCCACCAGGCCATTCCACGAATAGAGGCCCGCTTTCGTCCCCAGCCAGAGCACGCCCGTCGCATCGCGACGCAGCGCCATCACATAGGGCCGGGACTCCGGCCCGGGGAAGGGGAACGGCGCCGGCTCCACGCGCCCATCCACCCACCGGGCCAGCCCCTCCGGCGTGCCCACCCAGAGCGACGTGCCCTCACCGGGCGTCAGCGCCGTGATGTGGGAGGCAGGCAGGCCATCCGCCTCCGTGTACTGGCGCGCCACGCCCTCGCCCAGCGGCACCTGCCAGAGGCCCGTCGTCGTCCCCACCCAGAGCACGCCATCCGCGGCCACCAGCGTCTCCACCCGCGCGGAGTCCAGCGACGCGGCGGCGCCCGGCGCGCGCTCGAAGTGGCCCTTGCGGTACGCCACCAGCCCCTGGCCCGTGCCCACCCACAGCGTGCCCGACGCATCCTCCGCGAGCGCCTTGATGGTGTGGTTGCGCAGCTCCGGCGCGTTGCGCTTGTCGAACACCGTGAAGCGCGCGCCATCGAAACGGGCCAGCCCCTCCCACGTGCCCAGCCAGAGGTAGCCGTCGCGCGTCTGGACCATGGACAGCAGACTGTTCTGCGGCAGCCCGTCGTCGCTGCGCCACATGTCCTGGCTGTACTGCGAGACACGACGCTGGGGGTCCAGGGCCATGCCCGGCGTTGCCAGGACGAGTCCCACGACGAAGAACCACCCGATGAACCCCCGCCCGAGAGCGCGGGCTCGCTGCCCCGGAGTGCGCATGTCGCCCGCAGTGTCCGGCAGAAACGGCCCAGAGGCCACACGCCGCCGAATTCACCTGAGCTGGAACGTTCAGTGAACGGTCTTGGCGGCAGCGGCGAGGGACCGGCCTCCTCCCCCTGTACAGCCCCACCGACTTCCCCCCGCCGCTGCCGCCGCGCCGCCACCACCTGTGGAGCCGGGAACCGCACCCCCGGCTCCGCCATGGCCTTGGCCATTGCGCGCCCGGCGAGGAGGCCCCGGTGGTGGCGGAGGCCTCCGACGCGTCGCGCAGTGGTGAAGATGCGAGCCACGCCCCCACCGCGCCACTGCGGGAATGCGACACCCGGGGTGTCCCCTGGTCGAACCCAGCGGAGCCATGAGGCGCACGTCCTCCCGTCCGGTCTATGCTCCGCGCGCCGAAAAGAGGGTGGATGAGCAACGGGTCGTTGTTTGCGACGGACCAGGTGACCACGCAGGCGCGGTACCAATGGCACCTGTGGGTGGCGGATGTGCTGGACCTGGGGACGTCCGTCCTCGTGGGCTGGGGTGCGTTACGCGCGCTGGAGCAGGACCGCACCCCGCTATCGATGCCCCTGGCCATGGCCCTGGCGTGGCTCACCGCGTCCGCCGTGGGCGGGTTGACGGGCCGGACCTTCTGGCGACAGGTGGCCGGGGTGAAGCTGGTGCACGCGGAGCACACGCCCGGGTTGCTCCGCGGCCTGGCCCGCGCCTTCACCACGCCGCTGGACCTGCTGCTGAACGGGGTGCTGATGCGCCGCCCCCTGGACACGCTGCTCGGGCTCCACGCGGAGCCCGTTGCTCCCGGCGCGGGCCCTCGCCTCAAGGGCGTGGCGCTCCAGTTGCCCTGGCTGGCGGTGCTGGCGGGCGCGGTGTGGCTGCTCGTCACCCCCACCAAGGCGGAGATGCTCCAGTACCTGGGCCGCACGCTGACGGGCTGGCACTGCTGCCACGGCACGCGCGAGGTGACGTGGCAGTGCCGCACGTCCCTGGACCGCGCGGTGCGCAATGCCCGGGGTGGGGACGCCGAGGTGAAGGCGCTCGTCGCCGACTGCCCCGTCGCCGGCGCGCGGCTGGGGCCCTGAGCCTTCCGCGTCCGTCACGGCGCGGAGCGCCTCAGCGCGCCTTCACCCGCAGCTCGCCTTCCTTGCAGATGACGCCCAGGTAGCCGGAGCCCACGTCGAAGTTCGGGTTGTGGCGGAAACGGCTGGCCGTCTTCCGCTCCCCGGCCTTCACGACGCCCAGCCACGCCGCTTTGCGGATGTCCTTCACCACGTAG
CP070500.1_gap18	734010	736588	2578	CGCCACCGTCATCACACCGAAGTAGACGAAGTGCGCCACGGGCTTGCCGGACGACATTCTCGCCAGCGCCTGGTCCGCCGCGGCCCGGGCCCCTTCCGCGTCCCCTTCACGCAGCCGCAACAGCGCCAGCGTCCCCTCCACGATGATGCGGTCCGTCTGCCCACCCTGGGCTTCCGTCCACGCCAGCGTCTGGGTCAGCGCGGCGCGGGCCTTCGCGTAGTCGCCCAACCGTAAATGGATGTGCGCCTGGTAGTGCAGCGCCCAGTGCTCCGTCTGGAGCGCTCCGCGCCGCCGCGCCGAGTGCTCCAGCCACTCCATCAGCGGCAGCCCCCGCGCGAACTTCCCCTGGTAGCACGACACCACCGTCAGCAGCGCGCGGCACTCCTCCGCCAACCGCACGTCGCCCACCGAGTCGACGATACCCATGGCCCGCTCCAGCCACGCCTCGGCCTCCGCCCACCGCGCCACGTACGCGCCATACACGGCGTTGCGACACAGCACGAAGGCCAGGTCCGCGGGGTTGCCCACGCGCTCGGCCACCTCCAACGCGCGGCGGGACCACGTCTCCGCCACCGACCGGATGGGCAGCGTGCCCGCCACCACCGCCATGCTCGTGTAGCCCCGCGCCAGCTCCGGCGACGCGCCCGCCGGCTCGCACAGGTTCAACGCACGCAGGCCGGACCAGAGAACGGGCAGCGCCTGGTGCGCATAGATGAACGCATCGAGCAGCCGCATCAACAGCCGCCCCGCCACGCGCCGCACCCGCCGCTGCTCCTCCGTCTCCTCGTCGTAGTCCTCCGGCCGGGAGCTCTGAGCCAGCCGCAGCAGGCCCTGCCCCAACGTCCCCAGCGCCCAGCCCATGCGGCTGGACGGCACGGGCCAACCGAAGTGCCGCAGCGCACGCTCCGCATGCTCACGGAAGGACTGGAGCTCCCCCAACTGGAAGCGCGTCTCCGCCAGGAGTGCCTCCAGGTGCCCCAACGTCATGGCGTCGCCACCCACTTCGGTCACCCGTATCAGCGCCCGGGTGAGGAAAGGCAGTGCTTCGCGGCAGGCGCCCACGCGAAGGGCATCCTCGCCCGCGCGCAGCGCATAGCGAGCCTCACGCAGCGCGTCCCCGGCCATGCCCCAGTGGTAGGTGAGCGCCGCCGTCCACTCCGCCCGCTGCCCATGCGCCGCCTCCATCGCCAGCGCGGCGCGCCGGTGCAGCGCGGGCCGCGCGTCCACGGGCAAATCATCCAGCACCCCTTCGCGCAGCTTGTCGTGCGCGAAGCGCCAGCGCCCATCCGCCACGTCCAGCACCGCCGCCGCCGCGCAGTCCGTCAGCCAGTGCTCCACGTCCACATCCGGCGCGGCCTGCTGGAGCAGCGGCACGTCCACCTGCCGCCCGACGATGGCGGCCACCTGCAGCAACTCCCGCGATGGAACCGGCACCTTCTCCAGCCGCCGCTGCACCAGCCTGCGCACGCCGCCAGCGAAGACGCGCTCCGGCAGTGCCATGTCGCCAAGCCGGTCCAGCCCTCCCGCCTCCTCCGCCAGCGCCCGCACCACCTCCACGAGGAAGAAGGGATTGCCCTCCGTCTCGCGCAGCAGCAAGTCCACCAGGTGGGGCCGGGCTCCGGGTGCCCCCACCATGGACTCACTGAGGATGGAGACCTCCCGAGCGTCCAGCCGAGGCAGCCGCAGCAGTGACAGGCCTGGCAGCGCCGAGGGAAGCGAAGGCGCCTCATCGTCCCGGAAGCTGCCGATGAGCAACAGGCGCAGCGTCAACGCCCGCGTGGCGAGCCGTGAGAGCAGAAGCAGCGACTCATCGCCCGCCCAGTGCAGGTCCTCCAGCACCACCACCACGGGCTGGGTCAGCCGCGCGAACACGTCCTCCACCACCTGGAGCAGCCGCGCCTGCACCATGTCCGCGCCCACTTCGGCGGGGTCCGCGACGGGGTGCCCCAACAGCGCCTCGATGTCCGGCACCAGCGGCTTGAGGATGCTGGCCTCGCGCTCACTCAGCGTGGTGAGGATGGCCAGCCAGCGCAGCACCGGACGCCATTCCTGGTACGGGCTGCCACCCGCCGCCACGCCCTGACCTCGCAGCACCACCGCGCCCTTCACCAGCGCCAGCGCGCGCAGCTCCTCCAGGAGCCGCGACTTGCCCACGCCGCTCTCCCCACCCACCAGCCACGCGCCGCCGCGGCCCACCATCGCTGACTCGAGCACGGTGGACAGCCGCGCCTGCTCCTCCACCCGGCCCACGTAGCGCGCGGCCTGGAGGAAGCTCTCGCGTGTGGCGGCGGACTCGGGCGGTACCGGCTCACCGGTGGCGGCGCAGAGCTCGGCAATCACCTCGTCCGCGCTGCGGGGCCGCAGCTTCGGGTCCGGCGACACCAGCCGCTCCAGCACGGCCTTCAGCGCGGGTGGGAAGTCCGGCGGCGCGGGTACCTGTCCGGCATGTGGCAGCCGGCCGAACATCATCTGGCTGGCCATGGCGCCCACACTGAAGAGGTCCGTCACCTCCGAGGGCGGCTGGTCCTCGAACAGCTCTGGCGCGAGGTAGCCCGGCGTGCCGCCCGGCTGCGCGTGG
CP070500.1_gap19	744375	744942	567	TGTCGGCGCGGCAGGTAAAGGTGCTCAACGCCTTTCGGCATCACGGCGAGCGGGACAGGCGCTCGGCAAGTTTCCGGACGCGATGCTGACGTGCTCAACGCCTTTCGGCATCACGGCGAGCGGGACATGCCAGCGCGGATGTGTAGCTCAGGCCCGGGAGTGCTCAACGCCTTTCGGCATCACGGCGAGCGGGACGTCACAGGACCGCCCGGATTCGAACCCATCGCATCGAGGTGCTCAACGCCTTTCGGCATCACGGCGAGCGGGACAGATGTGGGAGCTGATAACGGTCGGCATGGGTGGGTAGTGCTCAACGCCTTTCGGCATCACTGCGAGCGGGACAACGCGCGTCTTCTCCAGATACAGGTCCCAGCCCTGGTGCTCAACGCCTTTCGGCATCACGGCGAGCGGGACAGCACACCTACGACGCGATCCAACGCAACATCCGAGGGTGCTCAACGCCTTTCGGCATCACGGCGAGCGGGACATTCGTTGCCACGCACCAACTTCGACCAGAGGTCGTTGTGCTCAACGCCTTTCGGCATCACGGCGAGCGGGACGACGCGG
CP070500.1_gap20	817248	819327	2079	GCGCCTTCGTGAACCTCGTCGTCCAGGGCAACAGCGACCGGGCCCTGGCCGGCAAGCCGCCGCTGTCGGAGTGGACCTACGCGCGGGAGGACGCCGGCCTGTTCGACGGCGCGGTGGACATCTTCGGGGACGGCTCCGTGTGGGCGCTCTGGCTGCCCGGCCACACGCCCGGCACCACCGCGTACCTGGTGCGCTCCACGAAGGGCCCGGTGCTGCTCGCGGGGGACGTCAGCCACACCCGCTGGGGCTGGGAGCACGACGTGGAGCCCGGCTCGTTCAACAACGACGCGGACCGGGCCACGGTGAGCTTCAAGAAGCTGCGCGCGTTCGCCCAGGCACACCCCGAGGTCGAGGTGCGCATGGGCCACCAACACTGACGCGCGCGGGCCTCAGTTCCGGGTGTGCTGCCGGAAGAAGTCCCACATGATGGAGGTGCCGTCCGGCCCGGACGGGTCGGCGAAGGGATAGCGCGAATCCCCGCCGGGCCAGGCGTGGTCCATCCCCTGGATTTCGATGTGCCGCGCCACCAGCGAGCCGCCGTAGACGTAGTCCTCCACCGTGTACGCGCGCCCGCCGGGCACCGTCGCGCGCGTCACCTGCGTGGCCACCGGACGGATGCTGTCGTTGGCCACGCCGTCATCGCCGTAGTCGCTGGTCTGGAGGAACTGCCGCGTCGCCTGCCGGCCGTTGACGATGTCGACGACGCTGTCCTTCGTCCCGTGCACGACGAGCACCGGCACCGTGTGACGCGGACGGCCCGAGCACACCCACGCGTCCCGGCCCCGGTCATCCGGGTGGTAGATGCTGCCGAAGAGCATCGCGAAGCCCGTGCCCGAAATCGTGGTGGCCGCCTTGTACATGGCGCCCGCGCCAATCATCCCCGCGGCGAACACGTCCGAGTAGCAGGCCAGCAGCGTCCCCGTGAGCACCGCGCCGGAGCTGACGCCGCCCACGTAGATGCGGCGCGCATCCACCGCGTAGTGCCGCTTCACCTGCTCCACCATGCCCACAACGAGCGCGGGCTCACCGTGGCCTCGCGTCTGGTTGAGCACCAGCATGAAGTTCCAGCACTGCGTGGGGTTCGCGAACGTCGCCTGGTTCGGGTACAGCACCAGGAACTTCTCGGCGTCCGCCTTCTCGTTGAGGCGCGAGAGGCCGGCGAACTGGCTCGGGTTCTGAAAGCAGCCGTGCAGCGCCACCACCAGGGGCAGCGGCGTGTCCGCCTGGTAACCCGTGGGCACCCAGAGCTGGAAGCCCCGGGTCCCTTCGATGCCATGGACCCAGGTGCCGGCGCGCGCGGGGGCCGCGGCGGTGAGCGTGAGGACGGCGAGCAGCAACAACCCCGTGCGTGAGCACGTGACAGCGTTCCGCTTCATTGGCTGACTCCTTCGGGGTGGGGGAACCGCGCTCAGCCCGGCTGCCGCGCATCCGCCGCGGCGTCCTCGACTCCGGCCAGGAAGGCCTCCACTGCGTCGGCGACCTTGTCGGGCTGGTCATGCGGTGACGCATGGCCGGAATCACTCAACACCTGGAGCCGCGCGTTCGGCAGCAGGTCCACATAGGCCTGCTTCGTGGACACGGGCGTGTAGTCCCTGTCGGACGCGAGCACCAGCACCGGGCAGGTGATGCCGCCCAGGTGCCGCATGACGCTCCACCCCACCAACCCCTTCGTCGCGCGCAGGTACGCGTCCGGGTCGTTGGCGCTGAATATCTCCAGCGCGCGCTGACGAAGTGCTTCCTGCTCGGGCTTGGGGAAGAGCTTGGGCGCCAGGACCTTCGCCAGCACCGAGGGCCCCAGCAGCTTCAGCAGCGTCAGGCGCAGGCCGAACTCGAACTTGCGGCGCAGCGTGCGCGCCACCAGCTCCGGCCCGCTGTTGACGATGACCAGGCTGCGCACCAGCTCCGGCCGGTCCACCGCGAGCTGGAACCCCATCATCCCGCCCATGGACAGGCCCACCACGTGGACGCCGGTGAGCCCCAACGCGTCACACAGCCCGGCGATGTCCCGGGCGAAGCGCGGCACGCCATAGGCGCCCGGCGGCTTTCCGCTGCGGCCATGCCCCCGCGCATCTGGAACGA
CP070500.1_gap21	834167	838560	4393	ATGAACGGGAGGACACCTGATTCCGTTCCCGGAGCGCAAGTTAACCACGCCAGCGAATCGGCCGCTCGCGCCCCTGTCCGTGGCAGGACGTGCCCGGCGAGCAGCCGACAGGGGAGCGTTCGCCCTTTCACGCCTCGGCCGGATCCACACCGAAAAGGCGGAGCGCATCGGCGGCATAGACGTCCAGTTGCCGCTGCGTCTCCGCGGCGTCCCAGCCCAACCGGGGCGCCATGACCTCGGCCGCCACACGCGCGGCCGCCTGCCCCTGGTCGCGCGTCTCGAACGCCACCTTGAGGCGGCGGATGAGCAGGTCCGACAGGGTGTGCACCAGTTCGTGGGTGACACCCCAGGCGGCCTCGGCGGCCCGGTAGGGAAGCCCCTCGGCGAGCGGCCGGGACAGCGCGGCGTCCTCTCGCGTCAGGGCCCACACGCGGCGCCAGCGGCTGCCATAGGCGCGCACCAGGTGGACGGCTGTGGCGTCGTCTCCCACCTCGGTGCGCGCCGCGGCGAACTCGGCGTCCAGCGCGCGGATGTCTCCACCCGGCAGGGGCAACACATCCGTGGGCGAGCGGCGGCGAGGCTGGCCCAGGCGGCGCTCCACAGCGTCCACCACGTCGCGCGCCATGACGCGATAGGTGGTGAGCTTGCCACCGCTGATGGCGAGCACGCCGGAGGGGCTCACGTCGATGGCGTGCTCGCGGCTGGCACTGCCCGCGTCGGCCTGTGTGCCGTGGTAGCCGCTGGCCACCAGGGGGCGGATGCCGGCCCACGCGCTCACCACGTCCGCGCGAGTGAGGCGCGCCTCGGGGAAGAAGGCGTTGGCGGACTCCAGCAGGTAGGCCACGTCGGACTCGCTGGCGCGGACCTCCGCGGGGTGCGCGCGCGTGGACGTCTCCGTGGTGCCAATGATGGTGAAGTTGTCGGCGGGCAGCACGAACATCACCCGGCCGTCCTTGGGGGACAGCAGCGTGAAGGCGTCGCGGTGGTTGATGCGCTCGCGCGGTACGGCGAGGTGGACGCCCTTGCTGCCGCGCACGGCCGGGCTCGCCCCATTCGGCGCATCCAGCCGGCGGATTTCATCACTCCACGGGCCCGTGGCGTTGACGAGGGCCCGTGCGCGCACGGTGACCTCCTCGCCGGTGAGGTGGTCCACCACCGTCGCGCCGTGCGCTTGTCCCTGCTCCAGGACGAGCGCCTTCACGGACGCGTGGTTGAGGACGACGGCGCCCGCCTCGGACGCGCCCACGGCATTGGCCAGGGTGAGGCGCGCGTCGTCCGTGGCCGCGTCGTAGTAGCGGGCACCGCCCTTGAGGTGGTCGGTGCGCAGGCCTGGCTCGGCCGCGTGGACCTGCCGGGCGTTGAGCCGCCGGTAGCCCTTCACGTTCCGGAAGAGGGAGAGGGCGTCGTAGAGCATGAGGCCCGCGTTGAGCTTCCAGCGAGGCACGCGGGCGCCCGCGTACACGGGCCAGATGAAGGCGAGCGGACGCACCAGATGCGGGGCGAGCCGCAGCAGACGTTGGCGCTCGATGCTGGATTCGAAGACGAGGCCCAGGTGGCCGTGCTCCAGGTAGCGAAGGCCGCCGTGGATGAGCCGGGACGAGCGGCTGGAGGTGCCACTGGCGAAGTCGTCACGCTCGACGAGCGCCACCTTGAGGCCCCGGAGCGCGGCATCCCGCGCCGAGCCCGCGCCGGTGACACCGCCCCCGATGATGAGGACGTCGAAGGTCTCCGTGGCCAGGGCCCGCAGGCGTGCTGCGCGGGACGGAGGCGGGGGCACATCTGCTTCGGAGACAACACGGCTGAGCGCGACGGATTCAGAACGCACGGCACAAGTGTAGCGGCGTTGGCCGGCGAGGGCAGCGGAAACCAATGCGCTGCGTCAAGCGCGCTACACGGAGCGAGGCGACATGTGTCCGCGAGGCACCCATCCGAGGGGGGACGGCGCCTTGCGCGTCCGGATGAAGACAGATAGGAGGCGGCCGACCCTTCCCCTCACCCCGGGCTCCACGGCCTTGTTGAACCCCCACGACCGACGCGACCTGGCCAGCCTGGGACTGATGGTCCTGGTGTACGGGCTCGTGGTGGCGCCGGTGCTGCACGCGGTGGTGGAGCACGGCGATGGTGGTCATCACCACTCCCATGCCCATTCACACCCGCACGGGCGCCCCCACGCGCACGGTGCGGGGAACGAGCACGCACACCGTGGCGATGAGGGCACGGGGGAACCCGCGCCCGACGGTGAGCAGAAGCGCGGGCACGAGCACCTGACGGGCTCCGTGGAACACCTGCAGGCGGTCGCGCTGACCTGGGCGGTGATGAAGCTGCCGCGCGTACGTGAAGTGTCGTGGCTCGCGGAGCTCCAGCGCGGCCCCACGAGGGTCCCCGGCTCCGCGGTGCGCCCGACGGCGATGCCCCAGGGCCCGTAACCGTCATCACCCTCTCGCAGCCAACGCAGGGAGCCACGCGTGCGGGGCACGCATGGGTCCGAGTGTCCTTCTCTTGCTGACTCACTTCTGAACCCGTCCCGGTGGGGCCACTCCCTGGGGCGTCGTGCGCCGCGCGAGGTCCGAGCGTGAGCAAGACGCCGCAGCATGGGGCCTGCGCCGCCGTGTGTCCGTACGTGCCCGTGCTCCTCGTTGCCGCAATGTCGTCGTGTGTCCTCGCCCTGTCGCCCTCGAACCGTCCACCAGATGCGGCACGAGAGCCATCTCCCGCGTCCGAGCATGCCGCGGCAGGCACGGGCACGAGCGCACATGACGACGTGCCGCCATTCGTGAACACGGAGCGCCAGGCCCCACCCGCAGCCAGCGCCATCACGTCCGTGAACTCTCCGGCGGAAGCGGACGCATCCCCAGCCAACGAGCCCGGACAGCTTCCCAAGGAAGCATCCCCCCCTCACCCCATCACCCAAACCGCCGACGTCCCCTCGTCGGAGGAGACAAGCTCCCATCCTCTCCCCTCGGAGCAGGAGGCATCCCTCACCAGCGCATCCGACTTCGAGGCCAAGGAGCCGCCGTCAAAGTCCACGGTGGTGCGGGGCGCGCGTCCCGCGCAAAGCGCGTCCGAGGTGACACTGGGCCGGGACATCTTGGACGCGGCGCCACGCAGGAACGCGGTGGACCTCCTGCGAGCCGTCCCTGGCCTCGTGGCCTCGCAGCACAGCGGAGAGGGCAAGGCCCAGCAGCTCTTCCTCCGAGGCTTCGACGCGCTGCACGGCCAGGACGTGGAACTCGACGTCGGCGGCCTGCCAGTGAACGAGGTGAGCCACATCCACGCGCTGGGCTACGCGGACATCAACTTCGTCATCCCAGAGGTCGTGCAGACGCTCGAAGTGACGGAAGGTTCGTACCGCGCCGCGCAGGGTGACTTCGCCGTCGCGGGAACGGTTCGCATGAATCTGGGCGTCGCCGAGCCCGGCGTCCACCTCCTGGGGACACTCGGCCAGTACGGCCAGCGTCGGCTCGTGGCCACGGTGCGGCCAGGAGACGACGCGGGAACCTTCGCCGCGGTGGAGCTGGGCGAAGGCAGAGGCTTCGGCGCTCAGCGAGGCTACGGCCGCGCCTCTCTCCTCGCCCAGGCCAACGCGACACTCGGAGACGGGCTGACGGTCCGCGCACTCGCAGGCAGCTACGTCACGCGCTTCGACTCCCCGGGCGTGGTGCGCGAGGACGACCTGCTTTCGGGCCGGAGCGACTTCTTCTCCGCCGCCCTGGGCCGGCAGGGCGGCTCGGTGTCGCGGCACCAATTGCTGCTCGGCGTGGACCTGCCGCGCACGGGGAACGGGCGCACGAAGCTGGAGGTCTTCGGCATCCTCTCGGACCTGCGGCTGCGCAACAACTTCACGGGCTTCCGTGTCGACGAGCGCGGTGACGGCCTGGAGCAGACGAACAACGCCACCACGCTGGGCGCCCGCGCCGAGCATCGGAGGTCGGTGACGGCCTTCGGTCGCCCGGTCGCGCTGGAGCTGGGATTGGGCGCACGGCGAGACAGCGTGGAGCAGACGCAGCGGCGCTACCGCGAATCCGACGGCACCTTCTTCTCGGACGAGATTGACGCGGCATTCACCCAGACGGACGTCTGGGGCTGGGCCGAGGCCCGCATGCCACTGGGCCGCTGGAGCTTCCGGTTGGGGGGGCGCGCGGACGCGTTGGGTGTGGAGGTCTTCGACGCGCTCGCCTTCCGAGATCCGCGCTACTACGACGGACAGGGCTATTCGCGCAGTGCCTTCGGCGTCCACCTGGGCGCGAAGGCGGGCGTGGAGTACGCGCTGGGAGATGACGCGGACGCCTGGCGCCTGTTCGCCAGCTACGGTGACGGATTCCGCTCGCCGCAGGCACGCAGCCTCTCGGAGGGCGAGCGCGCCCCCTTCGTCTCCATCCGAGGCGCGGAGCTG
CP070500.1_gap22	939584	940481	897	ACGCGAACAGCGACACCAGCACCGCCGTCACCAGTCCACCGATGATGACCACCGCGAAGGGCCGCTGCGTCTCGCTGCCCGCTCCGCTGGAGAGCGCCGCCGGCATCAACCCCAGCATCGCCAGCAGCGCCGTCATCAGCACCGCACGGAAGCGACTGGACGCGCCCGCCGGCAGCGCTGCCTCCAGGGACTCACCCGCCTTCCGCCGGTCATCCACCGCGCTCACCACCAGCAACGACGCCAGACACACCTGCCCCAGCAGCGTGATGAAGCCCACCGCCGCGCTCACCGACAACGGGATGCCCGTGACGGCCAGCGCCAGCACGCCGCCGCACATGGCGAAGGGCGCCCCCGCCAGCACCGCGCTCGCGCTCCGCATGGAGCCCAGCGCCGCGTAGAGCAACGCGAACACCACCAGGAAGGAGATGGGCACGATGACCGCCAGCCGGCCCAGTGCGCGCTCCTGGTTCTCGAACTCGCCGCCCCACTTGAGGAACGTGCCCTCCGGCACCGTCACCTCGCGCTCCACGGTGGCCATGGCCTCCTGGATGATGGAGCCCATGTCGCGCCCCTCCACGTTGAACTTCAGCGCCAGGGTGCGGCTGTTCGCCTCGCGGTTGATGCTCGCGCGGCCCAGCGCCTTCTCCAGCCGCGCCACCTCGCGCAGCGGGACGTGTCCGCCACTGGAGGTGGGCACCAGGATGCCGCCGATGCGCGCCTCGTCGTCACGCTCCGTGCCCGGCAGGATGACGCGCACCGGGACGGGCCGCTCCTGCTCCCACAGCTCCGTCACCACCCGGCCGCCCAGGGCCGTCTCCACCAGGTCCTGCGCGGTGGACACGTCGATGCCGGCACGCGCCAGCGCGGGACGGTCCAGCACCACCTGGAGCTGCGGCA
CP070500.1_gap23	963821	964411	590	TCCACCTCATCGTCGACGCGTGCTACTCGTACTTCCTGGCCTACAGCCGCGGGCCCGGCGGACAGCGGCGCCCCCTGCCCGCGGGCTTCACGCGCGCGGTGGGACTGGCGCTGGCGGACAACGTGGGCCTCTTGCTGTCCACCTCGTCCGCCCGCGAGAGCCACGAGTGGGAGGCCTTCGAGGCCGGCGTCTTCAACCATGAGGTGCGCTCGGGCCTCTTCGGCGCGGCGGACGCGGACGGTGACGGGCAGGTCAGCTACCGCGAAATCGCCGCCTTCGTGGAGCGCGCCAACGCGGCCATTCCGAACGAGCGCTTCCGCCCCCAGCTCCACGCTCGGCCGCCCAAGGGCTCCGAACTGCTGGTGGACCTGCGCCCGGGGATGGAGCGGCGGCTCGAGGTCGACGGCGCCCAGGGCGCCCACTACCTCCTGGAGGACGCCAACGGCGTTCGTCTGGCCGAGTTCCACAACGCGCAAGGCCAGTCCCTGCGCCTGCTGCGCCCGCCTCCTCGCGGCCCTGTCTTCCTGCGGCGCATGGGCGATGAAGCACAGGAGTACGCGCTCCCCACCGCGCAAGACGTCGTGCGGCTG
CP070500.1_gap24	1139910	1144673	4763	GTCACAGCGGCGTCCCCGTGAGCCGGTATTCCACGGGAAGGGGTGCCGCATCGTCCGGACCCTGTTGCAGTCGCCGGGAGAAGCGCAGACGGTCCGCGCGTTGTCGGAGCGGACGCAGACCAGTTACTCCTATGCGTACGGCGTCGTCCGCCACCTCGTGCTCGATGGGTATGTCGAGCCGGTCGGCAAGCGGAGTGGGTTTCGGCTGAGGGCTCCCGTGCGCCTGCTGAGGGCGTGGATGGCAAGTGGCGAGAAGACCTCCGTGACACTGGATGGTTTCAACGCACCTTCCACCACGCCGGAGTTGTTGGGGAAGGGCCTTGAGCGATTGAAGGCCCAAGGCATTCGGGGCATCTATACGCTGGCGAGCGCCTTGCTGCCTGAAGAGCGCTTCGTGTCGGGGCTGCCTCACGGGCTCTATCTCACGGGCTCTATCGACGCGGCTGTCGAAGCCTTCGGGCTGCGCCGTCTGATGCCTCATAACTTCTGGGTGTTGCGGGCGGAGCCCTCGGCTGAGACGGATGCCGGAGGGGTCTTCTTTTCGCCACGAACGCTTCCTCATGGCCTGGGTGTGGCGTTGCCTCAGTTGACCGTGGATTTCCATCAAAGTGGGGGGCGCGGCAAGGAACAGGCGGATGAGTTGGTGCAGCGATTCGCACAGGCGCTGCCCATCTCAGAGGAAGCGCCATGACCGAGCAGGAGCAGTTCGAAGAGATTCTGCGAGAACTGGGTGAACTCCTGCTGCAACTGGGAGATCTCTCCTGGAACGTCGTGCTCATCGGCGGGCAGGTGCTCGCGTTGGAGTCGCTCCGCAAGGGTGGGTCGGGGGTCATCGCCGTCACGACCGACACAGGCGCCGTGATTGAGCGCGGCTATTCCCACGAGCCTGATCTGCTCTTCGACATGGATGGCACCGAATTCGGGGCGGAGCGTCTACCTGAGGTCCTCAAGCTCCGGGGGTACGAGCGAACGCGCAGTTTTCGTTGGTCGAAAACCCTTCCGGGAGGGGTGATGCACCTCGACCTGTTCGCACCTGCTGGAGTCGATTTGGAACAGCTCCCCACGAGCATGACGCCGCTGCCTGATGCGCGGTTGGCGCTGCGTGGAAGTCAGCCGGTGTTTCTCCCCATGGGAGAGACCTCGCTGCGAATCCGGCTGCCGGACGCAGTTGGATTCCTCTCGATGAAGGTTCGCGCCAAGTTGGAGCAGCGGCCAACGGAGACCAAGGACTGCTTCGATATCTTTGCCTACGTCAAGCTCGTGGGGCTGGATGACGTGCGCGCATCACTGAAGCAGGCCGGCGAGGAAGGGCAGGCGCTCCGTGACAAACTGCAGCGCTTGTTCTGGAGCACGGATGCCGCAGGTGTGCTGGATATCATTGCCTATGCAGAAGGACTCGAGGAGGTCGACCGGGCTTTGCTTGCTCAGGCGGCCGTCGACTTGTTCGCCGATCTCTAAGCTCACTTCTGGTCAGTCGAAGACCTCGGGAAGCTGAGGGCGGCTTGGGGGCCCTTGGATTTCCGAGGCACCCCTTGGAGCATGGCGTCGCCCGCGTCACGCGGGTGGCTGCTCAGCTGACGGGCCTCGTCTGCGATGGCGTATGTCTTGCTCGGCTCGGACAGTCACTGGTTCGTGGGAGGACATTCATGATGAAGCAAGGCAAGCGTGTTCCGGGGCTGAAGTGGGTCATCGCCGCGTTCATCCTGGCGGGCTGTCGTGGTGCCGAGGGCGAGGTGCCCACGGAGACCGAGTCCAGGCTGTCGTTGAAGGAGGGCCAGGTGCTTGGCCCGGCGTGTACCGGGGAGCAGAAGCAATGCCCCGAGGGCCTCTCCTGCGCCTCGTTCAACCTGGGCTCGGGCCCCGAAATCCGCTGCGTCCAGTCCCCGGAAATCTGTGACTTGTTCAAGTGCAGCAGCGGCGAGTGTGTGGTGCTGGAGAGCCATCCAATCCAGGTTCGTTGCAGCGGCTCCTGAGCCGCGCGTTACGCGTCGAAGGGCGGGTGCTTCCCAAGTCCGGTGAGCGCCCGTTGCCCGGCGGCGATGTACTCCGGCCGTCCCTGCGTCTGGCCGAAGGCGATGTCGGCCACCGCGCGGCAGGCGGCGAACCACCGCGCCCGCGTGAGGACGGCGGGGCTGACCGCGCCATACGTCTCCAGCGAGGCGGTCAGCATGGGCGCTCCGCCCCAGTGGAGCAGTCCGGCGAAATCCCTCGCGGGGTCTCCGACGCACGCATCACTCCAGTCGATGACCCCCGTGGGAGCACCGTGGGAATCGACCAGGACATGCTCCGCGGCGAAGTCGCCGTGGACCAGCCGGGGAGCGCCGCGTCCCTCCGTGGGGCGCACCCTGAGCCGCTGCTCCCAGTCCGCAGCCCGGTGCGGCTCCATATGGCTGTGTTCGACGGCGAGCCGCAAATCGTCCACGGCGGCGGCCGACCACGCTTCGAGTTCCGGGTCGTCGTCCGCCGGCACGCCGAGCGCAGCGGCTTCGGCGGGGTCGAGCGCATGGAGCGCTCTCAGGAAGGCGCCGAGCCTGCGGCCGAGGTCCGACAGGTCCAGCCGCTCAGGCTCGACGAGGAGCGCGGGCGTCCCTGGGAGCTTCTCGTAGCCCGCGAAGCCCGCAGCGAGGTCGGCGGCAGGGTGCGCGAGGAAACGGTAGTCGGGGACCGGCAGGGGAAGCCGGGGCCCGAGCCACGCCAGCAGGCGCGCCTCCCACTTCAGGTGCTCGGCGGCTTCGTCGCTCTTGGGGAAGCGGAAGACGTAGCGCCCCTCCACCTCGAAGGCCTGATGGTCCGTGCCTTCCCCCAGGCGGACGACCCGCGCCGTCGCGAGCGCGGGAAAGCGCGCGTGGATGCGCTCGGCGGCCTCCGCGTCCGTGAGCGCGGGTGACTGTTCCGCGTCGTGAGCCATGCCGCGACGCTACTGCTCCGGGGCGCTGGCACGCGACTCGATGCGCCGGCGCTTGCGGCGCAGGTGCTGCTCCGGAAGGAACAGTGTCACCAGCAGCGCCGCGCCGGCGATGAACAGGGCCACGTGGTACACGGCGGAGACGCCGCGAGTGAACGCCATCTTCAGCGCCCGGTCCGCCGCGTCCACCGCTGCCAGTGCCTGTCTCTCGTCCGCGTCCACCTTCGCCCGGGCCTCGGGAGCGGCCGTTGTCTCCGCACGGCGCCGCTCGGCGTCGAACTCCGCGCGCACCCGCGCCTTCACCTCATCCGCGCGGAACACCTGTCCGGTGGGACCGCCTTCGCCACTGACGCCCGGCGCGGCGCGTGTCACCTCGGCCTTCACGGAGTCCGGGAGCGCCGACGTGGCCTGCGCCATGCGCGCCTCCAGCTCCGAGGACAGCGTGGACGCGAACACCGTCCCCAGCAGCGCCACGCCCAACGTCATGCCCAGCTGCCGGAAGAACGTGGCCGCCGCGGTGCCCACGCCAATCTGGTCCGGTGGCACCGCGTTCTGGATGGCCATCGTGTAGAGCGGAATCGAAGGCCCCAGGCCCAGGCCCACCAGCACCATCTTCGCCGTCACCTCCGCCTGGGTGGAGTCCGGCGTCAGCGTGAAGGCCATGACGGCGAAGCCCGCCATCAGCAGCACCAGCGAGCCCAGCAGCAGCGCCTTGTAGCGGCCCACCCTGGACACGAGCTGCCCGCTCAGCACGTTCCCCGCCACCACGCCCAGCGTCAGCGGCATGACCGTCAGCCCCGAGCGCGTCGCCGACAGCCCCACCACGTTCACCATGAACAGCGGCAGGAAGACGATGCCCGACAGGAACGCCCCGCCGACGATGAACACCGCCGCGTTGCCCGCGCTGAAGGCACGCAGGCGGAACAGCGTCAGGTCGAGCAGGGGCTCGGGCGCGCGCCGCTCCGCCCAGAGGAAGGCCACCAGGCCCACCGCCGACAGCGCGAACAGTCCCAGGATGCGCCACGACGTCCAGGCCCAGTCGCCGCCGTCCGTCTGCCCCAGGCTGAGCGCCAGCAGCAGCGGCACCAGCGCCACCGCGAGCGTGAACGCTCCCACCAGGTCCAGCCCGCCCCGGGAAACACGCTGGGGCTTCAGCCGCGGCATGCGCGACAGCACCAGCGCCAGCGCCACCGCGCCCACGGGCAGGTTGATGAAGAACACCCAGTGCCAGCCCAGGTGGTCGGTGATGAACCCACCGGCCAGCGGCCCCACCACGCTGGACAGGCCGAACATGGCGCCGAAGAGGCCCTGGTACTTGCCGCGCTCACGGGGCTCGAAGAGGTCGGCCACCACCGCCAGCGCGGCGGTGAACAGCGCCGCGCTGCCCAGCCCCTGCACGGCGCGGAAGAGGATGAGCGCCACCGTGGAGCGCGCCACCCCGCACAGGAAGCTGCCCGCGAGGAAGATGAGGATGCCCGCGGCCAACACCGCGCGCCGGCCCAGCAGGTCCGACAGCTTGCCCCACACGGGCACCATCGTCGTCGACGCGACGAAGTACGACGTGGTGAGCCACGGGTAGAGCGAGGCGGGGATTCGCAGGTCCGCCTGGATGGCCGGCCCCGCGGTGGCGACAATCGTCTGGTCCAGCGCGGCGAGCAAGAGCCCCAGCACCGCGCCCAGCAGCGTGAAGACCTTCTGGGAGCGCGTGAACGCCGGGAAGGCGGGCGGCGCATTGGCGGTGGCGGGAGCGGCGGACGGGGCCATGTGTCGCGGTGGCTCCCGGGTCAGGGGCGCCAGGGGAAAGGTGGGGACGTTCCTACCAGACGGCCACCGGCAGAGTCCCTTTGCGGCACCAGCT
CP070500.1_gap25	1146547	1151524	4977	GCAGGGCAACGAGGTCGTGGAGGGCCGCAAGCAGGGCTTCTATCTGGTCGACTACCAGCGCCAGTGCGATGACGCGGCGCCCTTCCACTTCCCGCTGGACCGAATGAGCATCTCCGCCGGCTGGGCGGACATCTACGTCGCCGACATCCCCTGCCAGTGGATTGACATCACCGACCTGACGGACGGCACGTACTCCCTGCGCGTGGGCGTGGATGAGCAGGACATCATCGAGGAAGCGGACGTGCTCCCCAACGAGGCCATCCTGAACGTCCGCATCCAGGGCGATTCCGTGACCGTGGTCCCGTAATCATGAGGCCCGGGACACCGTGCCGCCGTCCTGGCGCGGTGTCCCAGCGGTCTTCCGTTCCCACCTCGCGTGGAGGCCAGGGGCGGCCACACGGATGCATGCCGGGTGTGGGGGCCGGCACGCCCTGGGAGTGGGACACCTACACTGGCGGGCCGAGGACGGCCTCGCGCGGGGTCCCAGACGGATTTCCAGCACACTGGATTTGCACCGAAGGAATGTCGCGTGCAATCACCCGTTCCGGGGCCCGTACCAACCAGCGCGACGTGCAACGCAGCGGAGAGAATCTGACGTGAGCATCCGGGTCGATGTGTGGGAGGGGGCGCGCATCGCGCTGTTCTCGCTCCGTTCCAACCGCCTGCGGACCGTGCTGACGACGGTGGGCATTGGCGTGGGCGTGTGCACGCTGCTGGCCATTGTCGGCATCATCCAGGGCATCAACCGCTCCTTCGAGGATCAGCTTTCGAGCATTGGCGCCAACACGCTCCAAATCTCGAAGTTCCCCTGGACGCTCAACGGCGACTGGTGGTCGTACCGCAACCGCAAGGACCTGAGTGCGGACCTGGTGCCGCCCATCCTCAACGCGTCCGAGCACGTGCTGGCCGCGGCGCCGCTCTTCTTCGAGCGCGTGGAGGGCCGCTTCCTGGACCGCAAAATCGGCTCGGTGCTGCTGGTGGGCACCACGCCGGACTACGCCACGGTGGGCTCGTTCGCCCTGGAGCGGGGCCGCTTCCTCACCCACGCGGACGTGGACAACCGGGCGCAGGTGGCCGTCATCGGCGCGGAGCTCGTGCGCTCGCTCTTCCCCGGAGTGAACCCGGTGGGGCAGCGCATCCTCTTCGAGGGCAAGCCCTTCCGCGTGGTGGGAACCCTGGAGGCCAAGGGCACCATCCTGGGAGAGAACCAGGACCTGGTGGTGGTGGTGCCCTCCCGCACCTTCCTGGCGCACTTCGGCAAGAAGCGCTCGCCCAACATCGCGGTGGCCCTCACGTCGCCGGAGCATGCGCCAGCGGTGGTGGACAAGCTCACCGCGGTGCTCCGCCGGGAGCGCAACACGCCGCCGGGGCTGCCGGACGACTTCGCCATCAACCGGCCGGACCAGCTGGCCAGCATGTACGCGCAGCTCACCGGGGCGCTCTATGGCGCGGCCATGGGCGTGGGCCTCATCACGCTGTTGGTGGGCGGCATCGGCATCATGAACATCATGCTGGTGTCGGTGCGCGAGCGGACGCGGGAGATTGGCGTCCGGCGGGCGCTGGGGGCCCGCAAGCGCACCATCATCCTCCAGTTCCTGATGGAGGCCTCCTGCGTGTCCGCCCTGGGCGGCACCCTGGGGACCGTGGTGGGCCTGGGGCTGGCGCGCATCGTGTCCTTGATTACGCCGCTGGCGGCGGCGGTGGAGCCGCTGACGGTGGTGGCGGGCGTGGGGTTCGCGGCGATGGTGGGGCTGCTGTTCGGCATCTGGCCGGCGGCGCGGGCGGCGAACCTGGACCCGGTGGAAGCGCTTCGCCACGAGTGACGGACGGGAGACGGCGGCGATGATGGCAATCTGGGACACCCTGCGGCTGGCGTTCGGAACGTTCCGTTCCAACCTGCTGCGCTCCTTCCTGACGCTGCTGGGCATCGTCATTGGCGCCACCACGGTGGTGTCGATGATGGGGCTCATCGAGGGCCTGCGCATCCAGGTGAACGAGAGCATGTCCGAGCTGGGCTCCGACTGCTTCCAGGTGCAGCGGCTGCCCTTCGGCGGCAACCTGTCCCTGGCGGAGCTGGCGCGGCGGCCCCGGCTGAACGAGGGCGACTTGGAGGCCATCCGGCTGCAGCCGTCGGTGCTGCTGGCGGCGGCGGAGGACTCCAAGGGTGGACAGAAGGTGTCCACGCAGCAGCGCGAGTCGCGTCCCAATGTGGTCATCTGGGCCGGCACGCCGGAGTACTTCCAGACGAACTCGGTGGTGGTGGAGTTCGGGCGGCCCTTCACGGACGCGGAGTACCTGGATGGCCGCCGCGTGGCGGTGATTGGCCAGGACCTGGCGGACACGTTGTTCCCGGGCGTGCAGCCCTTGGGGCAGAACATCCGCATCCTGGGGCGCAGCTTCCAGGTGATTGGCACGCTCAAGCGCCGCGGCAGCTTCATGGGTGGAGGCAGCCAGGACAACCAGGTGATGATGCCGCTGTCCGTCTACAAGGCGCTGTTCGGGGTGCGCAACTACCGGGTGAGCGTCCAGGCCCAGTCGGCGGAGGTGCTCCAGCGCGCGCAGGACGAGGTGACGCTGCTGATGCGGCGGCGCCACAACCTGAAGCCGTTGGAGGAGGATGACTTCTTCGTGTTCTCCAACGAGAGCGCCACGGAGATGTTCAACAACATCTCGAAGGTGATTTCTGCGGCCAGCTTCGGCGTGTGCATGCTGTCGCTGCTGGTGGGCGGCATCGGCATCCTGAACATCATGCTGGTGGCGGTGACGGAGCGCACCCGGGAGATTGGCATCCGCAAGGCGCTGGGCGCGAAGAGGCGCCGCATCCTCGCGCAGTTCGCCATCGAGGCGGTGGTGCTGTCGCTGGTGGGGGGCGCGTTGGGCGTGGGCCTGGGCATGGGCCTGGCGCAACTGGCGAAGTGGATGGTGGGGCTTCCCGCGCAGGTGCCGGCCTGGGCGGTGATGCTGTCGCTGGCCATGAGCAGCGGCGTGGGCCTGCTGTTCGGCATCTACCCGGCCGCGCGCGCCGCGAAGCTGGACCCCGTGGAGGCCATGCGGACGGACTGACCCCACGCAGGTGCCGCAGGGTGGCTGGGAATGAAACGGGGCCTCCTCCGCGCGGTGCGGAAGAGGCCCCAGGTGTTTCAGCACGTGTGTCCGGGGATTACGGACACGGGGTGCCGCAAATCCACTCACCGGTGATGGGGTGCTTGTAGCAGGGGGGCTGGCAGTCATCGGCGACGGCCGTGGCCGGCGTCATGGTGATTCCCAGGCCCAGCACGGCGGCGGCGGCGGCGAGGACGACGGCGATTCGGAGGTGCTTGCGAGCAGTCATTGCGGTCTCTCCAACAGCGGTGTCCGTACAGCGCGGCGGAGTGTGGAGCCCGGGTCTGACAATCACAATGCCCCGCGTGTCACACGCACTGCGTCTGAGACTGCAAGGACTTGGGTGGTGCACAACGCGTGCGTGTGAAAACAGACGCAGCAGAACTATCGCGTGTGTCCGTCTGGGCGAGGTCCGCCGCCTGCCCATTGATAGCCCAACGTCGCGCCCACGCCGATGAATCCCAGGCCGACGAGCTGACGGCCGCTCTTCAAGCGGGCGCTGGGCTTGGACAGCTTCACCAGGGCTTCGTGGACGATGACGCCCAGCAGCGTGCCCAGGGCCGCGCCGCCGAGCGCGCCCAGGTAGGCGCGGTCCGGATGGTGACTCTCGCCAAAGGCGAGCTCGCCCAGGCCCCACGTTCCGAGCGCCGTCAGCGGTGGTGTCAGCACGAAGCCGCCGCCGAAGGCCACGGTCTCCAATTCCATCCACCGCCCCGGGCTGGGCGCCGCGGGACGGAAGAAGAGGAGCCGCGAGGGGATGGCGCCCAGGAGCATTCCCGCCGCCGTCTCCGCCGCGGTGGCACCCACGCGGGTGTCCCCGCCCACGCGGCTGGCGCCCCAGACGCCGGCTACGGGAAGCAGCGAGAGCCCGCCGTGCGCCACCCATGCGCCCTTGGGCAGCGGGACGTCCTCCGGTTCGATGTACGTGGGCACGGCTGCTCTTTCCGGGGACGGGGCGGCGGGCGTGTCCAGGTACCTGGAACGTGTTTCAGGAGGTGGCGTGTCGCGCAGCGGTGCGTCCGTGGCCGCCGCGTGACTCGCGGCGGACAGCAGGCAGCCCAGCAGCAGTGTGCACGCGGTGATGGGACGTCGGTGTGAGGGCACGTTGAGCATGGCGACACGCGGTGTGTCCCGAAGGTGCGCACGCGGGGCGGGGGCTTCCACCCTCACGGTGGAGAGGTGCCCGCCGCGCGTCTCGGGGTGTCTTGCGTGAGACATCGGCAGGTGCGCCGCGGGCCATGGGCGCTTAGTTTCCGGCGGTGAAGCTCGCCTGGCTCGTGCCCGTGGTGTTGATTGCCGCCGGGTGTCCCGCTCCCAATCACCGGCATGACCTGCGCCTGCGCGCGTTGCCGGGGACCAGTCCGGAGGCGCGCTCGCTCGCGTTCTTCCAGTCATTGGGCGTGGCGCTGGTGCCAGGGCACCGCGTGGAGTTGGTGGAGAACGGCTTCATCTTCGACGCCATCGAGGAGGAGATTCTCGCCGCGCGCACCAGCATCCACATCATCAGCTACATCTGGCGCCCCGGTGAGCCGTCGGACCGGCTGGTGCGGGCGCTGGCGGCGCGGCGGCCCGGGGTGGCGTGCCGCGTGCTCGTGGACCCATTGGGCAGCGTCAACTTCGAGGCGGTGATTCCCGCGCTGGCGGCCAGCGGCTGTGACGCGCGCTACTTCCGGCCCATCCAAGGTGACTTCGTGGCCTTGGACGCGGTTCGCCTGAGGGCGCGGAACCACCGGAAGATGGTGGTGAGGGATGGCGAGGTGGGCATCACCGGCGGCTGGGGCATCTGGAAGAGCTGGATGGGGAATGCGCAGAGCGCGGAGTCCTGGCGCGACATGAACATCCGCGTGGAGGGCCCGGCCGTGCGAGAGATGCAGG
CP070500.1_gap26	1159452	1163092	3640	CGACTTCACCGCCGGGGCTTGCGTCGCGCGGGCCGGGGGGCAGGCTCGGGCGGCAGCGTCGAGAGCCAGGCGTCCACGTCCGCCACCCGCGCATCCAGGCCGGCCTCGGTGAAGCGCGCCCGGGCCTGGGCCGCCTCCCCGCGGGCCGCCGGGGGCTGCTGCGTCATCCACAGGGCGCGAGCCAGGGCGAAGCCGGACTCGGCCAGCACGTCGGGCGGGGCCGACGCGAAGGAGACGGCCTGCCGCAGCGGCGCCACCGATTCGTTCGCCTTGCCCAGCTCCAGCAACGCCTGGCCCACGCCGTCATAGGAGTACTGGAGGCGCTCGTCGTCCGCGGGTAGCGCCGCGCGCTTGATGACCAGCGCCTCTTCGTAGGCCTTCAGCGCCTCGTCGTAGCGCTTCATCGCGTGCAGGCACATGCCCACCTCGTCCAGGGTCTCCGCGTACAGGACGCTCGTCTCGCCCTGCGTGGCCTTGCGGACCTGGGCCGCCGCCTGCGCGTGCGCCAGGGCCTTGGCGTCCTGCTTCAGCTCGCGCAGCGTCAGCGACAGCATGCCGTGGCGCTGGGCCATGTCCGGGTGCCAGGGGCCCACCGCGGCCTCCGTCAGTGTCAGCGCTTCCTCCAGCAGCTTCACCGCCTCCTCGGGCTTCCCCAGGTCCAGCATCACGCCGCCCAGCAGGAAGGTGGTTCGCGCGCGCTTGGGGTGGCCCAGGGGCAGGGCGTGGGCCTGGAGCGCCTTGGCCTGCTCCAGCAGCGTGCGCGCATCCTCGAAGCGCTCCTGCGACACCGCGAGGTTGGCCTGGTTCATCCGCACGTCGGCTTCCAGCACGGGCTCGCCGCCCAGACGCTGGAGGGTCGCGTGTGCCAGCTCGCCCCAGTCCGAGGCCTGGGTGAAGTGCTGCTGGCCGTCCTCCACGTAGAGCAGCTTGTTGAGGATGGCGACCTTCAGCCGGTCCGCCCGCCCCGCCTCGGCGTCGCGCACGGCGTGGAAGAGCTGCTTCGACGCCTCGGGGGACTGGCCGTTCTGTTCCTGGAGCCAGCCCAGGTGGAAGCGCAGCTCGGCCGTGAGCGGCAGGTGGCCGGTGGCCAGCACCGGTGCCTCCAGCGCGCGCGCCGTCTCCAGGGCTTTCGGATAGCGGCCCGCGTCCACCAGCGCCTTCACGCCCGCGAGCTGCTCCTCCAGCTTCTCGATGTCGGCGCGCTTCGCCGCGTCCGAGGGCAGCCGCTGTTGTTCGGCCAGGGACTCCTCGTCCTCGCATTCGTGCAGCGAGGGCAGGGCGTGCACCGCGTCCACCGACTTCTCCACCAGCGACGCGTCCGCGCTGGACAGCAGCGCCACCGTGGCGCGCACGTCCTTGTGCCGCCGCGCCAGACACACCGTTCGCCGTGTCAGCAGCTCCTCCGTCTGCACGCCGTGGACGTGGGTGGCTTCGCAGGCCTCGGTGCTCTGCTGCTTCCACGCGCTCGCGTAGCCGTCCAGCACCTGGGACACCTTGCCGGCCAGCTCCTGCGCGAAGGGCTTGCCAGTGGCGAGGAAGGCCGCCTCCACCTGTTGCCGCGCCGCCGGGCTCCAGACGTCATCCATGCGCGCGCCCGCGGCCGCGCAGACCTGGGACTGCTGGTAGAGGACGCCGCCCACCAGGGCCACGCCCGCCGCCACGGTGCTCGCGCCCGCCACCCAGCGCCGGCGCTTCGTGAAGCGGTGCTCTTGTGACAGCGCGCCGAGCAGCGCCTCCATGGACGCGAAGCGCGCGGCCGGGTCCAGCGACAGGCCGCGCATCATCGCCTGCTTCACCCAGGCGGGGACCTTCACGTCGCGCGGCGGCTCCTGGATGAGGACGGGCGGCGGCAGGGGCTTGGGGGCCTCTCGCTCCAGGGGCGCCGTCACGTTCAGCGGCTCGGTGGCCTCGACCACGGGCTGGGCCTGGGGCTTCCGCGAGGAGGCATAGGCCTCCATCTTGGCGGGCTCGAAGGGGCGCTGACGGTAGAGCGCCCAGTACAGCGCGACGCAGAAGCTGAACTGGTCCGAGCGCGGGTCCAGGTCATCCCCACGGAACTGCTCCGGGGACATGTAGCTGGGCGTGCCGATGATGAGGCCCGCCTCGGTGAGGGGCGTGTCCAGCATGCGCCGCTCGGAGGGAATGAGGGCCTCTGCGTCCTCGGAGAGGGGCTCCTCCTTGGGCAGCGTGCCCACCGGCCGCGCCAGGCCGAAGTCGGTGACGAAGACGCGGCCTGCCTTGTTCACCAGCACGTTGGCGGGCTTGAAGTCGCGGTGCACCAGCCCGGCTTCGTGCGCGGCCTGGAGCCCCCGGCCCGCGGCGAGGAAGGACTCCAGAATCTCTCGCCAGGAGCGCTGCCCCTCCTTCACCCACGAGGCCAGGGTGCCGCCGTCCACCAGCTCCATGGCCAGGAAGACGCGGTCACCCCACACGTCCACGTCGAAGATGGGGATGACGTTGGGGTGCGAGACGCGCGCCATGGCCTGCGCCTCGCGCAGCAGCCGGGCTCGGGCCTCCTCCGAGTCCGTCCGCGAGTCCGCGTGCAGCAGCTTGAGCGCCACCTTGCGGTCCAGGTCCGGGTCATAGGCGGCGTACACCACGCCCATGCCGCCCTGTCCCAGGCGCTTGAGGAGGAAGTAGCGCCCCACCTGGGGAACGGGTGGCGCGTCGTCGCGCCGCGACCCAGGGCCGGTGCCGAAGGCATCGCCCTCTCGATTGCCCGTGCCCGCGCGTCCTCTACCGCTGTCTCTCATGCTCATGGCCGATGCACCCGGCGTCACTCTATCCGCGCTTGTCCATCAGGCCCATGTTCCAGGCTGTTCGCATGGCTGCCTGCGCACCCGGCCTGTGTCTGCCGTCACCGACGCGTGGGGGACTGTCCTCTGGACCTCCTGGGTGCTTCAGAGGACAGGGGGCGCGTTTGCGCGAACTACACCGGTGTGAACTTCACGCCGGTCGCCTTCGCACGCTCCAAAGCCTGCTTGATGTCCTCGGAGACGATGAGGGCGATGGACCAGCCCCAGGTGCGGAACACCTGGGCGTTGCCCACCTGGGCGAGGTCGACGCGCATGCCGTAGACATCCCGGTACTGCCCCACCTTCTCGGGCCGCCCATCCTCCGGGCGCCAGTGGAGCACCTCTTCCGATGCTGCGTCGTCAATGCAGCGAATGAGCCTCGTGGCCACCAGGATGAAGTACGGGTCCAGGGGGCCATGGATGTCCACGGGGAGGAGCTGCACGTCCTTGGGAGCCATCTCCAGGAAGATGTTGGCCACGCTGGCGCTGACCACGGGAGTGCTGAAGCCCGCGAGAGAAAAATCGAGGGCCTTGCCCGGCTCCTCGATAGGAACCGTGAATCGCTGGCTCACCTCCACTGGATGGCCCTCCCGGAACATCCAAGGGTCGTCTACTTCGTGACCTCGCGCATCTCCCGGGTGGCCCAACTCCCAACGGCCCGGAATGGAAACGTTGTCGGCGAGCTGGAAATACTTCTTGGCCATCATGGCGCCTCGGTATCACTCGGTTCGAGTGAGGAGCTTGTTCAAGCCGGAGCCCGGGGCGCCGGCTTCCTTGGCGAGTTGTCTGAGTTCGTTGACCAAGGCCTCCCGGCACTCGGTCATCTTCCGGCAGCCTTTCGTCGC
CP070500.1_gap27	1171644	1174437	2793	GGCGCGCCCCGCGCCTCTGGACAAGGAGACACGCGCGCAGAAGGCCTTGCTGGAGCGGCGGCTGGAAGGCTCCAAGCACCGGCGTGAGCGCATTCTCCGGATGTTGCCGGAAGGGTTCGCGGTGGCGTCGCCGGAGTTGCGTCAGCGCGGGACGGCGGCCGTGCCTCCAGGGCGGTTGGCCTCACAGCCGTGACGGCGAAGGCTCACGGGGGTGTGCCTCAGTCCATTCTGGCTGTGGGATGTCCATGGTGTTTCAGTCAGGCGGACTTCAGGGTGAGCCGGCTTCTGGGCAAGTCACGCCTGGGGTTGGGGTAGAGTGCATCCTATGCGTCAATCCGCCATTCTCCTCCTGCCTCTGTTGATACTGGCCTGCAAGAAGGACTCGAAAGAGCCGGACACGAAGCAGGCTGCGGTTCACGTCAAGATTGGCCACCACCCGAAATTCAGTCAGGGCTGCATCACGGTGGAGGCCCATGGTGGCACCGGTGAGACGGTGCTCGCGGAGTTCAAGGAGCCCGGTCAGTTCGACACCAACGACCCGGTGTTGAACGTCGCCGTCTTTCGGAAGGCGGACTGGGCGCGGGACGTCGAAATCACCGTCAGGGCTTTCGAGAAGGGCTGCGCGACGGAGCAGTTGGTGGATGAGCGGAAGCAGACCTTCAGCTTCGCCTCAGCGGGCCGGCAGGAGTGGATGATCGAGGACCTGCACACCGCTGACGAGGACGGTGACGGCTTCGTCTCACCGGGTGGTCCGATGAACCGGGGGACGGACTGCGATGACCTGCGGGCGACGGCTTTCCCCGGCGCGCCGGAACTCTGTAACGGCCTGGATGACAACTGCGACGGCCAGATGGAAACGGGTTTCGTCAACAGGGTCTGGTACCTGGACCGCGACCGCGACAGCTTCGGACGCAATGGGCCCGGCACGGAGGCCTGTGACCCGCCGAGTGAACTTCATGTCGAGGTGACGGGGGACTGTGACGACGAGCGGGCCGACATCCATCCAAACGCCGTGGAGGCATGCAACAGCGTGGATGACAACTGCGACGGGCGCGCCGACGAGCTGTTCACGGAGGGGCCGGGTGCCCTGGGGACGGCGTGCACGGAGTTCTGCAACGGGACGTATGCATGCAACGACACGCAGACGGGGACGGTCTGCGTCGGCACGCCTCCGACGCTGCTCTACTCGGACGCGGACAGCGATGGAGAGGGCGAGAAGGACAGTGCGCCGGTGGGAGAGCTGTGCCCTGACGCGCCTATGCCTTCGATGATGGCGGACAACACGCGGGACTGTGATGACGCTGACCCTGGCACGAACACCCTGGCGACGGAGGTTTGCGACGGGCTGGACAACGACTGCGACGGGCAGGTGGATGAGGAGATGTCCTGCGGCTCGCTGAAGAAGGTGGTGGACCCCGTGCTGGCAGGGGGCAATTGGAGGACGGTGGCCGTGCACCCGAGTGGTTACCCGGTGTGGGTGGCGGGATTGGGGGGCAGGCTGGCGGTGAAGATGGACGCGACTTCAGCGTTCGTGAGTCACAGCGGGGATACGACGAACCGGTGTGGGCCGGCCGGAAACAAGCTGGACTGGCACGCGGCGTGGGTCAATCCCAATAATAGTAATCTTGTTGTGGTCGGCGAGGACGGCCATATAGGCGAGCACACCGGGAGCACCTGCTACCCTATCCAGTTCGACCTCCCTGGCAAGAACGACTACTTCTCAGGTGTTGTCGGGATCGGAAATCCAGCTCAGGTATTCGCAGCCTCCACCCTGGGCCACTTGTATGAGATTACAGGGGCGGCCCAGCGCCACGACTCACCCGGCCGGTACTGGGGGCTCCATGCGCTCGGCCAGGACGCACTGTTTGCGGTGGGTTCGACAGGAGAGTCGTCACCGCTGACGCCGGTGGTGAATCTCTACACCCGCCCGCCCCCCCCCGAGACCCCCTGGGGCACTCCGGCAGTGCACAACCTCCAGGGGACCGCGGGCTACAACGGCGGCTTGCGAGCGGTATGGGCTGCGGACGCGACGCTCATCTACGCGGTGGGCGACGGCGGCTTGGTGGTGAAAGGCAGTGGCCAGTCGAGGGACTGGGAGCGGGTGCTCCCGCAGGCGGGACCCGTGCTCAACTACGTCAGTGTGGCTGCCCCGCCCGGGACCATGAATGCCTACGTCATTGGCAACGAGGGCAATGCAGGACGGCTGCAGCGGTTGACCCCACACGGCTGGGCCAAGGCTCCAGCCTTCACCCCAAGCGCGCCGAACGTGCCGCTCCGCGACATCGCCATGACCTCCTCAAGCAACTTCTGGATCGTCGGCGACGACGGAAACGTCTACCACTTCCCGGAGCCGTAACCCTCCACTCCGCCATAGGTTGATGGGTTGGAGTTGGCAGGGTTTGCCCAGGGTGTCTGTCTGAACTAAAATCCAGGCATGCTTGTTGCCATGACCTGGAGGCGGTGCCTGTCGCTCGCCGCATGCATATGGATTGTCATTCCAGTGCATGCGGCCAGAGCTGATGGCGACTTTGAGCGTCATGTCGCGGAGGCCGTGCGCCTCTATGATGATCTCGAATACGAGCGAGCCCTCGAGCAGCTGGATCGTGCCCGAGGGAGCCTCCGAGGGTCGCGCGATCGAGTGACGCTTGCATTGCATCGCGGCATCATCAGCGCGGACCTCGGGCGGTGGCAGGCGGCGCGTGACGAGTTCCGTTCAGCCCTTCTGCTTGAGCCAGAGGCACGCCTTCCCTTGCGCGTTTCCCCCAAAGTCGGGCGGGAGTTCGAGGCCCAGCG
CP070500.1_gap28	1301687	1306016	4329	CGAATCCGCCATGGGCTGCACGATTTGGAGCACCTGCCGCAGCACGGGCACCAGGTCCACGCTGCCGGGGCGCAGCTCCACCTTGTCGCGGGTGATGCGGCTGACGTCGAGCAGGTCATCCACCAGCCGCGCCAAGTGGTTTGTCTGGCGTTGGATGATGCCGCGCATCCGCGCTTCCTTGTCATCGCTGGTGGGCCTGCGCTCCAGGATGCCAATGGCTGTCATGATGGCGGCCAGCGGGTTGCGCAGCTCGTGCCCCAGCATGGCCAGGAACTCGTCCTTGCGGCGGTCCATCTCCGCCAGCGCGTTGGCGCGTTGGCGCGCCACCTGCTCCGCGTGGCGCAGGCGCAACAGCGACTTCACCGTGGCGATGAGCTCCGCGCCCTCGAAGGGCTGGGTGAGGTAGGCGTCCGCGCCGCCGTCCAGGCCGCGCACCTTCTTGTCGGAGGTGACGAATGTGGCGGAGGTGTGCAGCACCGCCATGGCCGCGGTCTGGGGATTGGCGCGCAGCCGCTCGCAGACCTCGTAGCCGCTGATGTCCGGCAGCTTCACGTCGAGGATGATGACGTCCGGGCGGTGTTGCTGCGCCATCAGCAACGCGCCCATGCCGGTGGCCGCCTCCACCACGTTGTATCCCGCCAGCGAGAGCAGCCGGTTGACGAGGTATCGGTTGGCGTCGTCGTCGTTGACGTTGAGGACGGTGGCTGGATGGGGCTCACCCACGGCGGCTTGCCTCCTGCGGCAACGCTTGGGAGCCCAGGCCGGCCTTGGACAGTGCGTCCCGGATGCGGGTGATGGCCACCTCGCGGCTCAGCGTGTGCTTGGCGAGGATGGCGGCCGTCTCCTTCGCCAGCCGCGAGCGCTCGGCCTCCTTCAGCTCGTGCGAGGTGTGGAGGATGACGGGGACGTCACGCGTGCGCGGGTCCGCCTTCAGCTCGTCCAGCACGTCGAAGGCGGTGATGTCCGGCAGCACGAAGTCCAGGAAGATGAGGTGCGGGGACTTCTCCCGCGCCAACTGGACGCCTTCCTTGCCGCCAGCCGCCTCCAGCAGGACGTAGGGCATGTCCTTGAGGAGCTGCGTGAGCAGGTAGCGGTGCACATCATCGTCGTCGATGATGAGGATGCGCTCCACCGGACCGGTGCGGGCCATGGCCTGCAGCTTGCGTTGCAGCCGCACCTCGTCCACCGGCTTGAGCCAGAACTCGTCGGCGCCCAGCGCGCGGGCCTTCTGCTCGCGGTCCGTCACCGTCACCACCAGGATGGGGATGTCGCGGGTGGCCTCGTTGTTCTTCATGTCCGCCAGGAAGCCCCAGCTCGTCTCGCCCTCCAGCATGACGTCCAGCACCATGGCGGCGGGGCGCACGCGCTCCAGCACGCGCCGGGCCTCATCCGTGCTGCGCACCGGCAGCACCTGGAAGCCGGAGCGCGCCAGGTACTTCTCGTAGAGGAAGAGCGTCTGCCGGTCGTCCTCCAGCACCAGCACCGGGGCCCGGCTGGGGTCCAGGTGCTCGCTGCGCTCCGTCAGGCCGGTCATCTCCGTGACCTCCATGTGGACGCGCGGGAGGGTGACGGTGAACGTGGCGCCCTGTCCCAGCGCGCTCTTCACGGTGAGCGTGCCGCCCAGGAGCTCCGTCAGCCGGCGCGCCAGCGGCAGGCCCAGGCCGGTGCCCTTCGCCTTGCGTTGCAGGTGGCTCTCCACCTGCGAGAACTCCTCGAAGATGCGCTCGTGGTGCTCCGGCGCGATGCCAATGCCCGTGTCCAGCGCGGCGTGGAGGCTGCGCACGCCGCGGTTGGATTCCTCCAGCTCGTTGTTGAGGCGGGCCAGTTCGTCCGCGCGGCGCTTGAGCTCGCGCTGCTGGCGCTCCGTCTCGCGGTGGAGCGCGGACATCTCGCTCAGGGTGGTGCTCACCCGCTCGAGCGCGCCGCCGTAGTCCTCCGGCACCAGGCTGCCCACCAGCAGCACGCCTCCGTCATGGGGCCGGGCGCGGAAGGCGAACGTCGTGGGCACCTGGTCCCGGCAGAGGATGAGCTCCCAGCCTTCCACCTTCTCGTCGTGCGCCTGGACCAGCAGCCGGTCCACCTTCTCCTCGGTGCCCTGGGCCGCCAGTCCGCGCAGCGTCTGTCCGGGATTGGCGGCGAGGACGTTCCGGGCACGGGCGTCCACCCAGGTGAGGGTGTCGCCCGCGTCGCAGGCCAGGGCGACCTCGCGGCTGAGGTCGTCGAAGAACTGAGGCTCGGCGGAGGCGGGAAGCCTCATGAACGAGTCTCCTCCCAGGACACCCCCGCTTCGGAGAGGAGCGTCCGTGCTTCGGGGTGACGTGAGCCCAGCACGGACTTCAACATGCCCAGCACACTGGGAAATGCCAGGAGGCCAAATCCGCGCCTCGGCCAGAAGCCGGCGTACCAGCGCACATGGTCGCCGAGCAGGTCGGGCTTCCCGGCGGCGAGCGCGTCGGCCACGTAGGACAGTTGCAACTGGAGCTCTTCCTCCAGGCGGGGCTGGTCCTCGGGGATGATGTAGAGCGTGAGGCGCGCCGTGGCGGCGCGCGCGAGCTCGGGCGCCTCCTCTTCCAGCAGGCGGGCTGGACCCTCCTGGTAGCGAAGGGCCTGTCGCGCGGCGCCCACGTAGTCGTGGGGTTCGCTGCCGGGGCCCCAGCCTTCCGCTTCCAGCGCGGCGGCCAGCGCGGCGAAGTGCCGGTCCAGATGGCGCGAGCACATGCCGCGCGACACCAGCAGGGTGCGCAGCCAGCGGGCGTAGCCTTCCAGGACAGAGGGGAGGTGCTCGTCCAGGGACTGCACCAGGTAGCGGACGTGGAAGCGCGCGTCCTCGTCACCGAAGCGCTGCGCGCGCTCCAGCCCGTAACGGGCGGCCCAGAAGGGGTCCTGATAGAGCGCCTCCTGAGAGGCGGTGGCCAGCCGGTCCGCCCGCGCTTCCACGCTCTTGCTCACGCTCTCCATGGTGCTTTCAGACTCCCAGGGCCCGGCAGGCGGACGCGACGAACTGCCGCGCGTCCTTGCCGAAGAAGTTCACGCCCAGCTCCTCCTCCAGTCCGGGTGCCCAGTTGAAGGCCAGGCCGCCCACGGCGATGGGGACATCCGGGAGTGTCTTGCGCACGTGCGCCACGGCTTCACGGAGCGCGGGCAGGTGGTACGTCATCGTCACGGAAAGGGCGACCAGGTCCGGACGAAGCTCGTTCGTCATGCGGGCCAGGTGCTCCGGTGGAACGTTGGCGCCCAGGAAGCGCACGTCGAAGCCGGCCATCTCCAGGAAGTCGCTGGACATGCGCGCGCCCACTTCATGCAGCTCGCCCTGGACGCAGGAGACGAGGACGACCTTGCCGTTGAACGGATCCCTGGGCAGGTGCCGGTACAGGTGCGCGAGCGCGAGCTGGGAGACGGCGGTCGCCAGGTGCTCCTGCGCCACGGAGATGACGTTCTCCTGCCACAGCCGGCCGATTTCATACTGGGCGGGCTGGATGACCTCCAGGTGCAGCGTCTGGAGGGGGATGTCCCGGAGCAGTCCCTCGTCCACGAGCAGCCGCAACGCCTCACGCCGGTTCCCGGCGAGCTGCGCTGCGAGATACGCGTTCAGCAGGCCCGTCAGGGCGGAGTCATGGGAGGTGAGCACGGGCGCCGTGGGGGAAGGGCGAGGGGGCAACGTACCGGGGTTGCGTTTCTCAGTTACAGTGAACTGGCCCCGATTTCATCGCCAACCTGACAGTGCCCGGCCCTTCTTTCACGCGCTCGCGTGCCTGCTTGCTTGTAGCTTTTACCGAGTCGGAGGGGCGGCATTGTACCTGGGTACAAGGACGCTGCGCTGATTCCCGAAAAGTCCCCAGGAAACTCGGGACTGAAAAGTCCGAGTGACAGTTCTCCGAGGCCGCGGTGTTTCCCTGTCCGCGGCAACCGAGGGAGGCGAGCGAGCGGTGTCAATCGATGTGGAGGCCTACTACCGGCGCTATGGCCCCCAGGTGCTCCGGCGCTGCCGCTTCCTCTTGCGTGACGAGGAGAAGGCCGTGGACGCCATGCACGACGTGTTCGTGCAGTTGCTTCGTTACCAGGGCGCGCTGAAGGACGCGGCGCCGTCGAGCCTGTTGCACCGGATTGCCACCACGGTGTGCCTCAACAGGCTGCGCGGCGCGAAGCGGCGTCCGGAGGACCGGGAGGACGAACTGGTGCTGCAGATTGCCTCCGCCGACGACACCGAGTCCCGCACCGCCGCGCGCGGCCTGTTGGACCGCCTCTTCGGCCGGGTGCCCGCGTCCAGTCAGGACATCGCGGTGCTGCACCTGGTGGATGGGATGACGCTGGAGGAGACGGCCCGCGAAG
CP070500.1_gap29	1309478	1313840	4362	CTGCGCGGCATGCTGGCGTCCTTCTTCTGGAAGCAGCGGGTGCGCTCGCAGTTCGAGCTGCTGCTGGAGGTGGCGCGCACGCAGCCAGAGGTGGACGCCACCCTGGCCGCGCTGAAGCGCCGCGCCGCCGCGGAAGGGTGGCCTGCGAACGCCGCGCCCATGAAGCTGATGCGGGAGGTGGAGCGCCTGCGGGAGGACGTGCGGCGCGTGGCCTTCAAGCGGCTGCCCGCGGAGGGCCGGCCCGCGACGCTGGGCGAGGCGCTGCTGAAGTTGGAAGAGACGGTGCTGGAGGCGGGGCCGCTCCTGGGGCGGCACATCTGGGCACGGGCGGTGGAGCTGTTGCCGCGCAACCTGCCGGAGCTGCGCGCCGCGTGCGCCGCCGCGGAGGTGTTCGAGCACGTCTTCAAGCGGCCCGCGCCGGAAGGGGTGCTGCCCTTCACGGTGGAGGAGGCGGAGGCGCTTCAGCGGGCCTTGCCGCTGGCGGAGACGGCGCTGGCGGCGCTGTGGCAGCGGCTGGAGCACTTCGATACGCGGGGGCAGGTGAAGGGCTTCCTGCAGGCCCGCGTCTCTCGCGCGCCGCAGCGGGTGCCTCGCAGCGGGCCGGAGCTGCTGCTGCACGTGGCCTTCTGGCGAGGCGTGGCTTGGGCGCGGCTGCGCGCTTCGTTGGGGGAGCGGCTGGCCCCGGTGGTGCCCGCGGATGCCGAGGTGCCGGCGCTGTTGGTGTGGCTGGCGGCGCGCGAGGGGCGTTTCGAGCGGGGCGCGGAGCCTCGGATGGGCGGGCCGGGGCTGTTCGCGCCCGAGGCGCCTGGCCCGCAGCCGCGGACGGACGGGGCTGTAGGGCTGCGCGGTGTGGGCGTGGAGGTGGCCGGGGAGGTGCGGCTTCCGGCCTGCGAGGCTTTTGGCGAAGGGCGCGCCGGGCTCTTTGAACTGGCCGCGCAGTTGGCGGCGCTGTCTCGAGAGCGTCCCGTGGGCACGTGGGATGAGGAGACCGCGTGGGCTCGGCTGTGGAACGCGGCGCAGCGGGCTCGAGGCGAGCAGGGCGAGGACGTGGAGCGGCTGCGGGACGCGCTGCGGCTGTTCATCCTCCTTCGCGGCCAGGGACAGACACCCGCGCGCCTGTTCTCTCCCGAGCGGGCGCGGGTTCCCACGGTGGAAATCGGGGCCGACGCGGGGGCGGCCGTGAAGGACCTTCCCGCGCTGGTGCATGCGGCCCGCGCGGCGGCGTGGCGCGGGCGCTAGGCCGCGGCGCGGGTGCCAGCGGTGGAGGCCGGCATGGGCCGTGTTGGGCTTGCTTTCAGGGGTGTCTGTGGCCGCGCGGCGGCGTGGCGGAGACGCTCACACGGGCGACAGCGTGGCCTGCCCGGCCTGATGCTCGCTGACGGGCAGCAGCCGCGAGGCCAGGCCCGCGAGGAGCGCGTCCTCTGTCAGGGCCACGGCCACGTCCGGAACGCCCAGCTTCTTCGTGGCGGTGCGCCGCAGCGAATAGAAGGCCCAGCTCGATGCCAGCGCCGCCAGGGCGCCCAGGGCCGCCGCCGCGAGCCGCCCGCCGCGTTGGCGCTCGGTCGTCACCGAGGCCGCGGCCAGGGCACCCGACAACATCCGGCCCGTCAACGGCACGGCGGCGACACGCGGGGGCGCCATCGGCAGCTTGTCCGCGACAAGCTCACCCACGGCGAGCAGGCCCAGCACGCGCGGTGTCCACGGATGCGCCAGGGTTCTGGCGAGCCGGTCCTCGCTGTCGGGCTGTGTCTTCGTCAGCCAGCGGCTCGCCAGCGCCGGCGCGCTCATGCTCCGCATTCCCGCCAGCACGCCCAGTCCCAGGGCCCTCAACCCGTGTCCTCGATTCATGGCTTCTATCTCCTCCTCCAACTGCGTTTCTCGTCGCCCTGGCGCCCGCTGCGCGAAGAACTGCACCGGGGCCGTTCCCAGCGCATGGCCGGAGTGCGCCAGCCGGCCGTGGCTCGTGAGCTGGCCGACGAACTCCGGGTGCTTCAACGCCAGCTCGCGCACCCGCACGTGCGTCAGCCGGTGCCACGCGCGCTGATAGCGCGGAGCCACCATCGCGAAGCCCAGCCGGCTCCACCCATTAGGGAACTGGCCGGGACGCCAGGCCGCCTCGATGTGGAAGCGCACCTCACCGCTCTCGTGCTCCTTCTTGAGCAGGAACCACTCGCGCCCGGCCTCGATGTGTCCATGGAGCGTCTCGAAGCTGAAGCCGAAGACGCTGTACACCTCATCGTGCTCCTCGCGCGTGTCTCCCACTCGCACGCCGCACAGGTAGCGCAGTTGCTGCCCCAGCGCGCGCAGCTCCAGCAGCACCGTGCGACCCTGCATCGGCTCCTCGGCGGAGAAGTGCCAGGCGACGATGCGCGGGTCGGAGAAGTCGAAGGTCTCCAGCACCTGCTGGGCGCGCTCGAAGAGTCCGCCCGGGACAGGGCGCCCTGGCGACTCGCGGCCGAGCACGCTCTCCGAGCGGACCTGGCTCCACCCGCCCTGCAGCGTCATCTCCCCGGAGACCTCCGGGAAGTTGCGCGCCAGCGTGCGAGCCCGCGCCAGCCGGGGAACCATTTCCTCTTCCGTCCAGCCGGAGAACCAGCGCCACTCAATCATTGTCTTCCGTCTCCCCGCGCCAGGAAGGTGGGCCCGTGGACGGTGTCGCCGCCGGGCGGTTCGTCCTCCAACTCGGTGGTGTCCGCGTGGATGACGCCATGCACCCCGTCACCGGCCGTCAGCGCGGCGCGCAGGACGAACTCGGTCCAGGTGTTGGTCTGCATGGCGTCTCCGGCGGTGACGAAGCCGAGGTAGTGGAACGTCGAGCCGGAGCGCGCCCGGCTGCGGATGTGGAAGATGACATCGCCGCGCGCGTTCCGGTAAGCGCCGAAGGTGATGCGGCCCGCCTCCGGGTGCCCGTGGAGCGTGCCGAGCGTGAAGCTCTGGGCGTCCTGGTGGATGACGCGCACGGCGAAGGTGCCCGCGCCCTGAATCTTCACCGTCAGCTCGTCGTCCAGTGCCAGCGGTTGGCCCCCGCGTTCCGGGTGACTGCGCTCGAAGACGCAGAGTTCGGACGGGGCGAACTCGGCGAAGCGCACGGCCACCCAGCGCATGAGTTCCTCGGGGGAGACCCGGCAGTCGCGGATGACTGCCCAGTAGTCGCGCTGGAGCAGGGGGCCTGCCCCTTCTTCAGGGAGCTGAAGCCCGCCTGGCTGGTTGGCGTCTGTGTGCATGGACTCGTTCGCCATCTCGCCCTTTGCCTCCATCGGTCACACCATGATGGGGACCTCTTCGCTGGGCTGCATGGCGCGGCCCGGCGGAAGAGCGCTGCATGCGGCGGGCCTGTCTGCCCGCCCTGGGAGGGCGCATGGAGACGGACGTCAACCCGGCGAGCCGGGCGTCGGAGCATGAGTACCTGGACGTGCCCCCGGTGGTGCGGGCGGAGCACGCCGAGGCGTCACTGACGCGCTTGATTGAACAGCAGACGGCGAAGGTGCCCTCGCACGTGTTCCTGGTGGCGAGCCTCGCCTCGATGGGCGCTTCCTTCGTCTTGGAGGTGACGGGCCGCTCGCACCTCAGCCGCTTCATTGGTCAGTGGGTGTCGCCCCTGCTGGTGATGGGCGTCTACAACAAGCTGGTGAAGATTTTCGGACCGCGGTGAGGCTGTGCGCTCATGCGGCCCATCGCGTCGTGGTGAAGAACAACGCGTTCCGTGCCTCGTATGGTGGAGGGGGCACGGAAGGTGAGAAGCCGAGGGCCTCGTGGCGTAACGTGCCGTTCCAAACAGGATAGGGTCCGCTTGAGATGCGCATCCATCCTGGCTTGGGTCTTTCACTGCTTGTTGCGTTTTGGTTGGGTTGCTCCACCACCGCAAAGACTCCCATTCAGCGAGGCGCGCGCGCGGCGACGGAGGCGTGCTCCGGTTCGCATGAGGACCGTTGCGTCAGCCTCCTTTGCGAGGGGGACGCATGTGGCTTCTACCGCTGCGAGGACCTGCTCGGTGAAGTGGAGTTGGCGCGCTTTCCTCCCGCGCGTCCGCCTGTGGCCGCGGCAGCGCCGGGCAGTGGACCTCGGAGAAATTGGGGAGGTGGGCAGCAGCTTCCGCGCGGGGCTGTCATGGTCTTCCCCAACTGGAATGGTGGTTCCTCGCGGGTCATTCCTCCGTCGCACCGTCTAACGCCCGGTCGCTGGGAAAAGCACCACATCTTCCCGCAGGCAGAAGACCTGGCTCGATGGTTCGAAGGGCAGGGCGTGAAAATCCACAGCTACACCATGCCCATTCCTCGCGACGTGCACCGGCGGATTCATGGGCCCCTTGGCAATGGTGGTGCGTGGAACAAAGCATGGCGTGAGTTCCGGAACCGGAACGCG
CP070500.1_gap30	1366674	1369150	2476	CGCCGTGGAAGCGCTGGTGTGCGAGGTGCACTGCATCCCCGCGGAGCTGATGCTGACGCGCTCCATCCCCCTGGGTCCCCAGACGGTGCGCGACGCCGAGACAGCGGCTGTCTTCGACACCGAGCTGGCCAAGGTGCCCCGTCCCGCCAAGGACAGCGGCCCCGCGGCGACGGTGGCGCTGGATGCGCCGCAGCTCACCGCGGGCCAGGATTTCACCGGCACCCTCACCCTGACGGCCCCGGGCGGCGCGGCGGTGCCCGCGGTGGAAGGTGACTTCTTCGTCGCCGACCGCATCCCCGGCGTCGTGCGCGTGGGGTTGGCCTCGGACGGTCCGGGCCGCTTCAAACTCAAGGGCAAGGCGGAGCCGGACGCGCAGGCGTCGGCGCCGGACCTGACGGGCGTGCTGCGCCTGGGCACGGCGGCCACGGGCTACCAGTACCTCGAGGTGACGGCGCCGCTGGCCCCCTTGGTGGCGGCCGGTGGCGCGGCTGGGACGCCGGCCGTGGTGAAGCCGCCGTCGGTGAAGGACAGCATCGCGGCGGTGAAGCCGGTGGGCGCCGCCATCGCCACGCCGCCCGCGGCCGAGTCGTCCATGGGCCTGGGGCTGGCGCTGGTGTTCGCCTTCTTCGGTGGCGCGCTGCTCAACCTGATGCCGTGCGTGTTCCCCGTGCTGGCGCTCAAGGCCTACGGCTTCACGCGCATGGTGCAGCAGGAGCAGGGCCGCGTCGGCGCGCATGCGGCGGCCTACGCGGCGGGCATCATCGGCACCATGCTGCTGCTGGCCAGCGTCGTGCTGGCGGTGCGCGCGGGTGGCGCGAGCGTGGGCTGGGGCTTCCAGTTCCAGGAGCCGCTCTTCGTCGCGGGTGTGTGCGCGGTGTTGGTCGCCTTCGCGCTCAACCTCTTCGGTGTCTTCAACGTGGGCCTGGACGGCACGGCGCTGGCGGGCAAGGTGGACCAGAGCCACGGCCTGATGCACAGCGCTGGCGAGGGCGTGCTGGCCGTGGTGCTGGCCACGCCGTGCTCGGCGCCGCTGCTGGGCACCGCGGTGGGCTTCGCCTTCGCGGCGGGCCCCATGACGGTGCTGGCCGTCTTCACCGCGCTGGGCCTGGGGCTCGCGCTGCCCTTCTGTGTGCTGGTGCTGGTGCCCGGGCTGGCGAAGAAGCTGCCCAAGCCGGGCGCGTGGATGGAGCGCTTCAAGCAGGTGCTGGGCTTCGCGCTGCTGGCCACCACTGTCTGGCTGGTGTGGGTAATGGGCGGGCTGGCCGGCGTGGACGGCATGGCGCGGCTGCTGGCGTTCCTGGTCGCGGTGGGGCTCGTCACGTGGCTGTACGGTCAGGGGCAGGCGCAGGACGGTGTGCGCAAGCTGGCCACCGTGGCGGTGGCCGCGGGCGTGCTGGTGGCGTCAGGGCTGCTGACGTTGCGTTTCGATGACCAGGACCCCGTGGAGGCGCCTCGGGTCGGGTCCACGGTGGCGCAGGCGCAGCCGTGGAGCGCGGACGCGGTGAACGCGGCGCTGGCGGCGGGCCAGCCGGTGTTCATCGACTTCACTGCGGACTGGTGCCTCACCTGCAAGTTCAACGAGCGCACCGTGCTGTCCACCGACGAGGTGCGGGACGCCTTCAAGAAGCACCAGGTGGCCTTCTTCATCGCGGACTGGACGCGCCGGGACGCGAGCATCACCACCAAGCTGGCCGAGCACGGCCGGGCCGGTGTGCCCATGTACCTGGTGCTGAGCCCGGGCGCCCCCGACAAGCCGGAGGTGCTGCCGGAGTTGCTCACGCCGGGCGTGGTGACGGACGCCGTGACGCGCGCGGCGGCGTGTGCACCCTCGAAGCTGGGCAACGGCGCGAACGTCCTCTGCGCCGCGGGTTTCCCGAGTCACTGAAGTCGCGCTGTCTTCCCCGCAGTCCCCAAAACGCTGGAGGAACGCCATGAAGCAGGTCTTCACCGCACTCGCGCTGGGCACGTTACTCATCGGGGCGCCCGCCCTCGCCGACGCGGAAGTTGGCAAGCCCGCGCCGACCTTCACGCTGAAGGACGAGTCCGGCAAGGAGCACACGCTGGCGCAGTACAAGGGCAAGGTCGTGGTCCTGGAGTGGACCAACCCCGAGTGCCCCTTCGTTCAGCGGCACTACAAGAACGACACGATGGTCACCACGCTGAAGGGCTTCGACGCGAAGAAGGTGGTGTGGCTGGCGGTGGACTCCACCGCGCACAACACCCCGGAGAAGTCCGCGGCGTGGAAGAAGGATGAGGGCTTCCCCTACCCGGTTCTCCAGGACGCGAGCGGCACGGTAGGCAAGTCCTATGGCGCGAAGACGACGCCGCACATGTACGTCATCGACGAGACGGGCGTTGTCCGCTACGCGGGCGCCATCGACGATGACCCGCGCGGCAAGAACGCCAAGCCGGCCAACCATGTGAAGACGGCGGTGGACGCGGTGGTGGGTGGCCAGCAGGTCCCGGCGAGCACCAC
CP070500.1_gap31	1370800	1375216	4416	TGGGCGCCAGGCCGCACAGCACTGACGTGACGGTGAAGGCGAGCATGCCCAGCAGGAAGACGCGTCGCTGGCCCTTCGCGTCGCCGAGCGCGCCCCCGGTGAGCACCAGGGAGCCGAGCGTGAGCAGGTACGCGTCCACGGCCCATTGGAGGCCGGACAGGCCCGTGTGCAGCTCGCGGCCCATGGCGGGCAGGGCGACGTTGACGGCGGTGGAATCGAGGAACGCCATGCCGCTGCCCAGCACGCTGGCGAGCAGCACACCCCGGCCGCGAGGACTGTCATAGGCGACGGTGGTGTCGGGGGCGTTGGTGGGCATGTGGCTCTACCGTGCGCCCGGGGCTCCGCGCGTGCCATCCGCTGCTGCGGGGTGGGGACGTGCCTCCAGTGGCTCGCCATCCTGGCTGGTGCTCACTGAAGGTCCTCGCACCCAGTGCCTACGCTGTAGAGGGCACTGGTCGCCCCAGTCACAGAGAGGTGTCACATGGAGCCGATTTGCGAGCACATCCGACAGGCCGAAGACCCGCCTCCGCGCTCGCGAGGCTGCGAGGAATGTCTGGCCATGGGCGCAAGCTGGGTGCACCTGCGTCGCTGCCTGAGTTGTGGCCATGTGGGATGTTGTGATTCCTCGCCCAACCGGCATGCGACGAAGCACTTCCAGCAGTCGGCGCATCCCGTCGTCCAGTCCTTCGAGCCGGGGGAGGAGTGGGCCTGGTGCTATGAGGACGAACTCTTCACCGAGCACCGTCCGGCGCCATCGCACGATGCGCGGCTATGACGTGGGCCGTCATCCGCTATCATCCTCCGGGCCCGTTTCAGCTCGTGGGAAGAAAGGCGCGGCACCGCACCATGGACGCGTGGACACTCGAAGGCTCACGCATCACCGACCCGGACACGTTGAGCCGCCTGCGCGAGATGCTGGCGAACAAGAGCCCGCTCATCATCGAGCACCGCTTCTACCGGGAGACGCGCGCCCCGCACCGCTTCATCTGTGACGATGCCGACGTGCTGGACGAGTATCTCCAGGAGTCACGTCCTGGAGACTCGTTCTGCGTGTGGTCCTACAAGAGCCTCTGCCGGGGCGACAACCTGCTGCTCCAGGGGAAGATGCCGGACGCGCAGGGGCGGACGCCGGGCGGCGTGGCCTGAGTCAGGCGGCCACGGGCTCCATGCGCGGTCGCGTCCGTGCCTGGGCCGTCTTGCGGCCACCGCCCTTGCGCAGCAGGTCCAGCGTCACCTCGTCCTCCGTGGCCAGCGCCATGAGCCGCTGGAGGTCGTCCACGCTGTTCACCGGCCGCTGGTTGATGGCCAGCAGTAAGTCATCCACCTGGAGTCCGGCCTCGTGGGCAGGTGTCCCGTCCTGCACGCGGAGCACCTTCACCGCGCGGGACTGGCCGTTCTCCCGGGTGAGTCGTGCGTCCAGGCTCACCGCCGTCGCGGCGATGCCCAGGAAGCGCCGGTCCACCTTGCCGCGTTGGATGAGCAGGCTGGCAATCCACGCCGCCGTGGTGGCGCTCACCGCGAAGCCGATACCTTGCGCGTAGGGCAACACCAGCGTGTTGAGGCCCACCACCTGTCCTCGCATGTTGAGCAGCGGCCCCCCGGAGTTGCCCGGATTGATGGCGGCATCCGTCTGGAGCATGCCCTCCAGCATGACGCCGTCGGGCAGGCTGATGCTGCGGTTGATGGCGCTCACCACGCCCAGCGACACGGACTGTTCCAGGTGGAACGGGTTGCCAATGGCCATGACGAGCTGGCCCACGCGCACCGACTCGGGCTCGGCGAGCGGCAGGGTGGGGAAGTCACCGCCCTCCGCGCGGACCACGGCCAGGTCGGTGGGGGCGTCGCTGCCCACCAGGGTGCCACGCAGTTCCTCTCCGTTGGAGAGCTGGACGGTGAGCTTGCGTGAGCCGCGCACCACCACGTGGCGGTTGGTGAGGACGTAGCCGTCCGGTGTGAGGAAGAGGCCGGTGCCGTGGCCGCGTGCGTGCTCCACGCCCACGACGGCGGGCGAGGCACGCGCCACCAGCGACTCCAAATCATCCGAGAAGTGTTGCAGCAGTTTCACGGTGGCCTCCCTTCACGAGCGCTTGCCCACGGTGATGGGCACTTCGCGAACCTCTCCGGCGCGCAGCACGCGGACCTGGAGGGTGGTGCCCACCTTCTCGTCGCTCAGGGCTCCGAGCAGGTCCTCCACGCCGTGGAGGGGCTGACCTCCCAGACTCACCAGGACGTCTCCGAGCAGCAGACCCGCGTCATGCGCCGGGCCGTTCGGGTCCACGGAGAGGCAGATGAGGCCGTGTTCGTTCCCCGTGCCCAGGTGTGGGGGCAGACGCACGGGGTAGGCGCCCACGCCCAGGTAGCCACGCCGGATGCCCCCGTGTTCCTTCAGCGATGCAATCACGCGCGTGAGCGTGTCCGTGGCGATGACGACGGCGGCGGTGCGAGAGAAGGCGGCGGTGAGCAGACCGACAAGGCGTCCCTCGGTGTCCACCAGCGCGCCGCCGGAGAAGCCGGGCGGGAGGTCGGCATCCGTCTCCAGGTAGCGCTCCACGCGGCCTCCGGCATGGGTGCGCCAGCCCTCGCCGTGGGTGCTGACCATGCCGAGCGTCGCGCGAGCCGTGCGGCCAGGGCGGCCCACGGCGATGACGAGGTGACCGACCTTCACGTCATCCAACGGCGCGGAGGTCAGCGGCGCGAGGCCGGTGGCTTCGGCCTTGAGCAGGGCCAGGTCGGTGCTGGCGTCGCGGCCGACGAACTCGGCGGAGACGGTGCGGCCATCCGGCAAGCCGATAGGGAGCCGGCCCTCGTGCTCCACGGCCTGGCTGGTGGTGAGGATGTGGCCCTCGGCATCCCAGACGATGCCGGTGGTGCCGCGCCTGCGCCGCGTCTCCACGCGGACGATGCCAGGCGCGGTGCGCTCGACGATGGAGGCGAGGGAGTGGGACAGCGACTGGAGGAGGCCGGTGGACATGGTGTGTTCCTTTCGAGGCACAAGGTAAAGGCCTCGAAAAGGCGCCACATCGGCGGACCGGTCAGGTCGGGAACCTCCCCATTCGGGGAGGTCACCTCGTCTTTGGTTCAGCCTGTCATGCGGAAACGCTCGTAGCGCGCTTCCAGGTACTCACGGCGCGGCCGGTGGGCAGGAGCCTCCGGCAGGATGCTCAGCGCCTTTCCGGCGAAGCCCTTGAGCCCGTACTCCAGCGTGGGGCCGTCGCGCTCGGCGAGCAGCCGGGGCGCGATTTCGATGATGCCGTCAGGGCGGATGCCCAGCAGGTCCGTGTCGAAGGCCCCGTGGTGGAGTTTGCAGAGCGAGAGGCCGTTGGAGATTTCCGGCCTGCCACGCTCGTCCCGGTCCGGGAGGATGTGCGCCGCGTCCAGCAGCTCCGGCCGGGGGAACCGGCATACCGCGCACCGCTGCGAATAGGCTCGCAGCACATGCTGACGGAAGGCGGCTTGATGGAGCCGCTTCTTCATCTGGACCGTGGCGTAGCGGCGCTCCAGGTTCAAGAGCTTCGGGTCCGCCGCGTGGAGCCCCGGCGCCAGCACCTCCGCATCCGGTGCGGCGGAGACGACGGTGAAGCTCAGCTCGGCTGGGTTTGCCTCGGAGATGTAGACGGGCCAGATGGGCCGATAGGCGCCCGGCTCGATACCGTAGAAGTAGATGAGCGGGACATCCCATTCCATGCCGCGCACGAGGCGCCGGTTGTCACGAGACGCAACGTCCGTTCCCTGGAACCGGTACTGGAATCCCTCGTTCGAGCGGAGGTCGTCGTAGCGCGCCTCTCGGCCCTGGCGAGGCACGGTCGTCTTGATGGACAGCGCCGTCTCGCGCATGTGTCGAGGCCAGAAGATGCCGCGTGCGCGGTTGGCGAAGTTCAGCGTCTCGCCCTGGTACGTGAAGCCTCGTGCAATGACGTCCCAGGACAGCACCTCGCCATGCTGGCGCACCAGGTGTTGCAGCGCGTTCATGGCGGCGACCCGGATGGGCCAGTCGAGGTCCTGGTTCGTCAACCCCGCCAGGCTACCAGGTCCGGGGCGGATGCAAGGGCTCACGGGTACCTCTGGCGAGGTACATACAAGGCGCGTGCCTCCATGCATCTTTCATCAAGCAACGGAACGCGTCCGCTGCTCAATGAGGAGGTAGCAACATGATCTACATCACTGCGGTGAGGCTGTCGGGAGGCAACAGGCTTGAGCACATCACGGACTTGAAGTGGGAGAATCGGGCCACTAGCGAAAGTGGCTCAAGCACACGGGCTCAAATCGTTGCTTGGATTGACCAAGGAAACGAAGCCCGCGTCCAGGTTGGTTACAGTGAGTCGAAGGTCGAGGTTGTTCGGGCAGATCCGCCGTATCTGCGGTCGAGTCCGAACAACACGACGGTCGACAACTTGCTGTCCTTGCCAAGGTTCTAAG
CP070500.1_gap32	1513636	1517300	3664	CTCCTCCGGCTCGGCGGGCTGAAAGGATGGTTCAGGCTTCATCTGCGTGCACTCAGACGCGTATCGGACACCCGGCCGCTTCTTCTTTGAGGACGCGCGTGACTGATTCGCCTTCGTCTTCGTCGCCGACGGCAGTTCGCACATGAGCGGTGTGTCGTCCGTGGTGTCGATGATGGGCTTCACCACCCTGGGCGGTGGCGCGGTCTGGGGGCCCTGCGACGACGAGCTCCGTCGTGCAGAGGACGACACGTCACCCCGGAGCGCCGCGTCGCTGCGCTGCGTGGAGTCGGTCTGCGTGTTCGCCAGTCCCTCGCTGCTGGACGTGGAGGTGGCCGTCGCCACCGCCGAGGGCGCGGGCTTCTTCGCTGCTTCACCCAGCGCCTCCGCGAGCAGGTTGTTGCTCTCATGCATCTGGTTGCGTGCCCGCTCCATGCTGGCGTCGTGACGCGTGAGCTGCTCCGTGAGGGCGGCTTGATGCTGGTTGCGCTCCTTCTCGATGCTCGCCTTCAGCGTGTCCCGCTCCCGCGCCACCTCGCTCAGCCGCTGCTCCAGCGCGCCCTTCTCCGTGTTCAGGATGGTCTCCGCCCGGGACATGCAGGCCGCGAGGACTTTCTCCTCGGACTCCCGCTCCGGCAGGGGTTCGCTTCGGTTCCACGCCACCAACGCGCTGCTCTGCCAGCGGTAGTCCGTGTGCATCACGCACTCCTGCACCAGCCGCGTGAGCCGGTCCTCGGACCAGATGGGCACGGGCCGAGCGCACGGCCCCACTTCCTCCTTGAGCGTGGAGGGAAAGGCCCGGGTCTGCTTCACCCAGCAACCGTCCCGCTGCTCCATCCGCACCGAGGTACACGCGCTCGCCACCATCGCGAGCGACACCGCAGCCACAAGCCTCATGTCTCCCTCCGTCCCCTACGCCCATTGGCCCGTGCTTCTCCGCGGGACGGTAGGGACGGCAAGGGCCCGCGCCCATGTCCGTGAACCCTGGAGCCGTGTGGGAATGTCCGGGGACAGACCTTCAGCGGCAGGCGAGCGAGCGTGGGACGACCCACCACGGTGTGTTGGCCAACGCTCCTGTCCGTGTGGGCGAGGCACAGTCACATCGCCCGCGCCTGCCCGGTTGCTCCGCGAGGTCGCTCAGCGGAGCAGCGCTTCCGTGTGGCCCAGCAGCTCCGGCCCACCGGGCTGTCCGTGACCCGGGACCACCACGCGCGCCTCCGGAAACCGCTGCCGCGTCCGCGACAGGCTCGCGGGCCAGGCCGCTACGTCCGCGTCCGCCACGTTGCCCAGGTTCGTCGAGGCGCCGTCCTTCACGAAGCAGCCGCCGAACAGCACGCCGCTGTCCCGGTGCCACACGACGATGTTGTCCTTCGCGTGGCCCGCCCCCGGGAAGAAGAGCTCCAGGGAGTCCACCGTGCTCGTCTTGGCGAAGGTCTCCGTGGGGCCTGGCAGGCCCAGGGACGTGGCAATCCGTGCCGTCTCCTCCAAGCCATGGACGGGGATGCCATGCGGGGCGAGCGCCGGAACACCACCGAGGCGATCTTCATGGAAGTGCGTCACCACCGCCGCGCGGACCGGACGCCGAAGCGTGTCCCGGGCCCAGTCGAGCAGTAGCGCGCCCTGCCGTGCATCCCAGCCCGTGTCGACCAGCAAGGACGTTTCACCGTCCTCGATGATGAGCCCGTTGGTGGAGACGCGGCCGAATGGCTCCAACGTCACCACCGTGATGTGCAGCCACACGCCAGGCGCGAGCTTCCGCACGCTCACGTCATCCGCCAGCACGTATTCGTCCGGACCCTGGGACTGCGCCTTCACGGGGATGTTCCGCTCCACCGTCGCGGCCGGCGTGGAGCGGGTGCAGGCGGTGCTCAGGGTGATGAGAAGAGCACCGGCACAAAACCAACGAAGAGGAAACAACGTCATCGTCAAGAGGCCTCGGCAGCGGCGATGCCGCGTCGGAGTGGAGGGATTCGCGCGGCACACCGAGGCGGGCCTGGGGCCTGGCGCGGTGTGCCCCGGTTGTACCGAATCAGTGCGCCTCGGAGAGATGGGAGGTGGTGAGCCAGCCCTTGCCGTCGAACCGGTAGCGCCAGGTGGCATTCCCCTCACCCCAATCGACCAGTCCCTGTCCCGGGGGCAGGGCCGCGTCATTGGAGACATCGCGCTGAAGGCAGCTCAACTTCCGCGGCAGCGTCTGGACTTCCCGCAGGTGCCCGCCTCGCGTGAAGAGCACCCGCACCGGGACGGGCCGGTTGCACGAGTATCCCTCGCCCGGAAAGGCATAGTCCTGCTCTCCGTCCTGGTCGAAGTCACCCGGTACGCACGGCCAACCGTTCTTTTGCAGGGCGTCCAGGTCTACGCCGATCTCTCGAAGGTGGGGCGCCGCGTCTCCGACGTTCCCTACGCACAAGCACCGGAAGTTCGTTTCCGGGTCGCATCCGCCATCCACGAGCGCAATCGACACGCTCGGCGGCGTTGGGTCGCCGCGGAGGGGGGCCTCCGCACAACCCACGGCCATTGCCAGCAGAGACGCCCCGATGCAGGTCCAACGCAGCCGAATCACGTGTCGATGCCTCCTGGGAGGAGTCCAGTGCAAGCCTCGTGCACACCTTGGAGTGGCCGGGCTGTGGCCCTCAGGCACCAGAAGTGCGGTCCTGGAGCCACGCGCTCAGCGCCGCTCCACCTCCCACCACCCGAACCACATGGTCCGCTGCTCCGTGAGCTGAACCCAGCCGGGTGCATGCGCGTACGTGCGTGGGAGCAGCCCTGCTTCCGCGACGGCCCGGGCGGTCTCCTCGAATGAGTACAGGTGCAGCGTCACCGCCGGCCCCGCCGTTTGAATCGGCTGCACGGGCGCCTCGTGCCCGTCCAACCCCGGCCGTCGCTCCAGCACGGTGAAGAGCAGCTTGCCGCCCGGCTCCAGCGCCTCCGCGAGGTGCTTCAGCACGCGAGGCAGGTCGTCGCAGAAGTCCAGACAGCCAATGGCGAGTGCGACGGTGAAGCGGCCCCAGTCGGGAGGAATCGGCTGGTGGTAGCTGTGTACATGCCACGCGCCACCCGGCCGCGCTGTCCGAGCCAGCGCGAGCATGTCCTCGGAGAGGTCGGTGCCAACCACGGCGATGGAGGCGTCCAGTCCGCGGGTGTGAAGCCCCGGCCCACACCCCACGTCGAGCACGCGGGCGCCGGGCGCCACCACCGCCGCGAGGAACCGCTCCACCCGTTCCTCGTACCGGTGCAGGGCGGGGAAGAGCACCTCGTAGGCCGAGGCAATCTCCCCGTACACCTGCTTCACGCCCTCTTCCTGTGCATCCCGCGACACGGTTCCTCCGGCTCGTGCGAGCGCCCTGGCGGCGGACCTGCTTCGCTTAGGCACCGGCATGCCGCACCCGCCGGGGAAGGCCTCGGCGGGGAACCCTAGCATGCGGCATCTGCCTCAGTCCGCGACCTGCCGGAACACCGCGAGCGAGCGGCCGATGAGCTCGAACGTCTCACCTTTCACCGGCTCCGGTCCCCGGTTGTCGTCGGTGGTGCAGAGCTCCAGCTCCCATCGCTGGCTCTGCGCGGCAGGCGGCAGCTTGTACGTCACCGGCTCATGGTGCGAGTTGAGCAGTATCAGCAGCGCGTCACCGATGATGCGCTGCCCGCGCTCGTCCGGCGTGGGGATGGC
CP070500.1_gap33	1661463	1663185	1722	CGAAGATTTCACCGGGACGGATGGCGAGGTCCACGGTGTGAAGTGCCGTGAACTCTCCGTAACGCTTGGAGAGTCCCTGGAGTTCGAGGGCGGGGACGGACATGGGGCCCTTCCTGTAACACCTCCGGTCGCGCGGCGCTCGGCTTGTGTGCGGGCGTGGTGTCCGTCCCCGGCGACTCGCCAGCGCAAGTCGGGCAGGGTGGCGCGTCGCGTTGTCCACCCGGTGTCACTCCCACATGGCGATTTCCTGGAGCGTGCCCTCGCGGCACTGGAAGACCGCGAACGCTTCCGCGCCCTGCTCCACGCTGGCGAGGCACCGCACGAGCGAACGCTGGCCGCCGGGGTGCTGGACGGTGCCTGCGTAGCGCCGGTGCAGGTGGCCACAGAGGACCAGCCGGGGTTGGAGCGCGTCCACCAGCAGCCGCGCGTACGCGTTGCCGACGAGGTCGTGGCTCGCGCCGCGGCGCTGTCCCTGGAAGTCCGCGGCCTCCTCGGGCGGGATGATGCCGGAGGGCCAGTCATGCAGCAGGAGCACGTCCGCGCGCCCGAGCGCCAGGACTCGCTCGACGTCCTCTTCGTTGAAGAAGGTGAAGTCCTTGTTGGACACGTCGCCCATCGAGGCCAGCGGCGGGCGGGACTTGCAGAAGGTGGCTTCTCGGTGGATGCCGGACAGGCCCGCCACGCGGAGGCCGTTCAACTCCACCACGCCGCTCCGGCCCAGGTAGTGACAGTGCGGCGCCAGCGCGAATCCCTCGGGGTACAGGTCGAGGTGGCCGTAGGGCTCGTGGTTGCCGCCGATGAAGTAGACGGGCCAGGGGAAGCGGCGTCGTCGCTGGTGGTAGGCCGCGAAGTCCCCCAGGTGCCTGTACTTCGTGGGTGCGGCCATGGTGGCCAGGTCGGCGTTGTGACGGTGGGGCTCGAAGTCGCCCACCTGGAGCACGAAGTCGAGCGGCCTGCGGCTGCGTTCCTCCCAGGCAGTGAGGTGACTCACCATCTGGTGCATGTGCCCGTGGACGTCGCCCACCACGGCGAAGAAGAACGTCTGGGAGGAGAACATGGCGGTTTCCGTTCCGGTTCAGGCTTGAGTCGCGGGCGCGGACGGGGGCGGTGCTTCGGGACTGACGGGAGGGCAGTGTGCGGTGGCCTCAGAGGGCTCCGGCGAGGCGCGTTCGCAGGCGCCAGAGTCCCTCGTCGATGCGGTCCACCGTCACGCCGCCGTAGCCCAGCACCCAGCCATGGCGGGTGGGCGCCCCGGCGAAGTAGCCGGAGAGCGCTTCGATGCCGATGCCCGCGTCACGGGCTCGCCGCGTGAGCTCCCGCTCCAACCGAGCGCCGCCCCGCGTGAAGGTGACGCACAGATGCAGTCCGGCGACGGAGGGCAGTTGCTCAAGGGCGTCTCCAAAGTGGTGGCGGAGCTTCTCCGACAGCCGCGTGTGCCGTTGCTCGTACTCGCGCCGCGTCTTTCGCAGGTGCCGGGCCAGTGCTCCCGTGTCGATGAAGCGCGCGAGCGCCGCCTGCGCGGGAAGCTGGCTGTGCCAGTCCGTCACCTGCTTCGCCAGCCGGAGCTCTCGTTGGAGCGAGGGCGGCGCGACGAGGAATCCCAGTCGCAGCGCGGGGAGCAGCACCTTGGAGAACGAGCCCACGTAGAGGACGCGACCCGAACGATCCAGGCTGTGCAACGTCTCCAAGGGCCGGCCGCCGAAGCGGAACTCGCTGTCGTAG
CP070500.1_gap34	1664493	1668919	4426	TCTCCAAGCGCGTCACGTCCGAGGAGCGTCTCCAGACCTATCGCCGCTGGTGCGAGGCGAACAGCGCGCCGTTCCTGGCCACCCTCGAGTGAGCCCGGCGACATGGCGTGACGGCACGCTTGTTATGCTGACGCGGTGAAGACCCAGCACCTCAAGTCCGTGCTCCTGGCCCTGACCGTGGCGGGAGTGGCCATCCCCTACGCGGCCTTCGTGCCCTTCGTCGTGGAGCACGGGCTGGATGTGCCACTGCTCGTCGCGCAGGCCACGGCCAATCGCATCAGCGCGTTCGCATGGCTGGACGTCGTGGTGTCCGCGGTCGTGTTGCTGGTGTCCGCGTATTCCGGCCGGTTCATCCAGCGGAACCAGGCCCTCTTCGTCACGGGCCTCACCCTGGGGGCCGGCGTTTCGGCGGGCCTGCCGCTGTTCCTGTACTTCGCGCTCGATGCCGGCGCGTTCAAGAGGGATTGAAAGAAGATGGACGCCGTCATGGAGCAGCCGGAGCTGGCCGCCACGACGGAGGAGGCCCAGGGGGGGCCTGGCGGCACCGTTCGCTTTTCCACGCCTGCGGCGCGGGCCAAGGGGGCGACGGCTTGTTCCGGGCTGCCCCCACCTGCCGGGGCCGGTCGTTCGAGCCCCACAGGGTTGGGGGACGCTCTCGCCTTGAGTGCGCTGTTGCACCCTGGTATCCGCAGAGCCCCTCACTCCACCTTAAGCAGGAAGGCCCAGATGGCCCAGAATTTCATCTTCACGATGCAGGACCTGCGCAAGGTCAAGAACGGCAAGGAGATCCTCAAGGGCATCTACCTCTCGTTCTTCCCCGGCGCGAAGATTGGCGTCATTGGCCCCAACGGCTCCGGTAAGTCGACGCTGCTGCGCATCATGGCGGGCGTGGACACGGAGTTCTTCGGTGTCGCCAAGCCGGACCCCAGCGCCAAGGTTGGCTACCTGGCGCAGGAGCCACAGCTCGATGCCTCGCTCGACGTGAAGGGCAACGTGGAGCTGGGCCTGAAGGAGATTCGCGCCACGCTGGACCGCTTCAACGAGGTCAGCGCGAAGTTCGCCGAGCCCATGAGCGACGCGGAGATGGAGAAGCTGCTGGCCGAGCAGGGCCGGCTGCAGGACGCCATCGACGCGGTGAATGGTTGGGAGCTGGACCGCACCATCGAGATGGCCATGGACGCGCTGCGCCTGCCGCCGGGCGACGCGGACGTGACGAAGCTGTCCGGTGGTGAGAAGCGCCGCGTGGCGCTGTGCCGCATCCTGCTGGAGAAGCCGGACCTGCTCCTCCTGGACGAGCCCACCAACCACCTGGACGCGGAGAGCGTCGCGTGGCTGGAGCAGGCGCTCAAGGAGTACAAGGGCACCATCGTGTGCATCACCCACGACCGGTACTTCCTGGACAACGCGGCCGAGTGGATTCTGGAGCTGGACCGCGGCGAGGGTGTGCCCTGGAAGGGCAACTACTCCAGCTGGCTGGAGCAGAAGCAGAAGCGCCTGGAGCTGGAGGAGAAGTCGGAGAGCCACCGCCAGAAGACGCTCAAGCGCGAGCTGGAGTGGGTGCGTGCCTCCCCGAAGGCCCGTCAGGCCAAGAGCAAGGCGCGCATCGCGGCCTACGAGGAGCTGCTCAACCAGACGCAGGACAAGCGCGACGCGACGGGCGAGGTCATCATCCCGCCCGGCCCGCAGCTCGGGGGGCTGGTGGTCGAGGCCAAGGGGCTGCGCAAGGCGTACGGCGACCGGCTGCTCATCGAGGACCTGAACTTCAAGCTCCCGCGCGGTGGCATCGTGGGCGTCATCGGTCCCAACGGCGCGGGCAAGACGACGCTGTTCCGGATGATGACGGGCGTGGAGAAGCCGGACGAGGGCGAGCTGAACATCGGCGAGACGGTGAAGCTGGCCTACGTGGACCAGAGCCGCGACGCGCTGGACGGCGACAACTCGGTGTTCCAGGAGGTGAGCGGCGGGCTGGACCACCTGGACCTGGGCAAGGCGGGGCAGGTGCCCAGCCGCGCGTACCTGGCGGGCTTCGCCTTCAAGGGGCAGGACCAGCAGAAGCGGGTGAAGGACCTGTCCGGTGGTGAGCGCAACCGCGTGCACCTGGCGAAGATGCTCAAGAGCGGCGGCAACCTCTTGCTGCTCGACGAGCCCACCAACGACCTGGACGTGGAGACGCTGCGCAGCCTGGAGGACGCGCTGCTCGGCTTCGCGGGCTGCGCCGTGGTCATCAGCCACGACCGCTGGTTCCTCGACCGCATCGCCACGCACATCCTGGCGTTCGAGGGCGACAGCAAGGCGTTCTTCTTCGAGGGCAACTTCGAGGACTACGAGGCGGACAAGAAGAAGCGCCTGGGCCCCGAGGCCCTGGAGCCGCACCGCATCCGCTACCGCCCGATTACGAAGAGCTGAGCCGCTGGAAGTCCGGAGCCACCGTACCTGCAAGGTGCGGTGGCTCGACGGCGCTTCACCTCAGCACCGCGAACGCCATGAGCAGCTTCTTCATGTCGCTCTCCTGCGTCAGGGCCGGTACTCCCAGTGCCAGGGCTCGGACGGGACGGTGCGCACGAAGCCGAAGTTCTTCGCGTTGTTGGCCATCCACCGGTACGTCGAGGTGCCCGTGCCGCCCGTGTTGACGTCCACCGCGATGCCGCCCTGGTGGTTGGAGTAGCCCGGAGGCGCGGCCAGGTTGCCGGTGCCGTTCTTGTACGCGCGGTACAGCGCTTCCTGCTCCGCCATGCTGCGGAAGCCGCTGTTCACCTTCAGGGTGATGCCCTGCGCGCGCGCCGCCGCGTACATGCGGTTGTACGCCGCCGCCGCGTCCGAGCGCATCTCCTTGCCGTTCGGGACCGACGAGAGCGAAATCTGCCGCGGCTTCCCGTTCACATAGCCCGTGACGACCCGACCGCCACCGCCACCGCCCGGGTTGGTGACGGGGCCCTGCACGTTGATGCCCAGCTTGTCCCACGTCTTGGGACCGACGATGCCGTCCGCCACCAGACCGCGGGACTGCTGGAAGGCCTTCACCGCCGACTGCGTCTTCGGACCGAACACGCCGTCGGCCGTGCCCGACTTGAAGCCCAGCACGTTGAGCCGCTGCTGGAGCGCACGCACCGGCTCACCCCGCGCGCCATTGCGCAGCGTGGGACCCGAGCCGCCCGCTCCGCCCGCCGAGTTGAGCGCGCTCCACGTCTTGGGACCGACGATGCCGTCTACCTGGAGCCCACGCGCACGCTGGAAGGCTTGCACCGCCGACTGCGTCTTCGGACCGAACACGCCATCCGAGGCGCCTGGGTTGAAGCCCGCGGCCCTGAGCTTGTTCTGGAGTTGCGTCACGGCCGCACCGCGCGCTCCGCTGCGCAGCGTGGGCGAGGCGGAACGAGACGCGCTGCTGGACGCAGCCGCGGAGGAGCGGGCAATGGCTACCATGGGGGGCTCTTCCCTTGAAAGAAGAATGGAGTTGGATCCATTTTCCCAACCGCTCAGAGAAAGTTGCCTGGGATTCCGTCAAGAACGCGTGTCAATCCAAGCGCGCGCTCATGATTGAGCTGCGTTTTGTGGCGTGACAGAAAATTTGCGCCAAGGTGACAGTGGGCAGACGGGATTCGTGGCATTCATTGTTGTGGAAATATTCTGCCTTCGCCGTCTGGTTTGTTATTGGCTGACGCGTGAGGGGGCGATGGAGTCGCATGTGTGGCGCCCGGGACGCACCCCTGGTGTGGAGCCGTACGCGCAAGCCCCAGGCACCCAACCCGGCGGCCGATCAAGCCCTGGGGAAACGCCCGTCGAGGCCGTTTCATAGAGAAAATCTCAGGTTCCTGAAGGAACAACCTTGGGAAGTGCCCCGCCGGAAGGCTGTTCTAGTCGGGTCGGGACAAGAAGTGGCCGACGAAGCTTGCATTCGTCCCACGCTGCTGAATGTTGTCCCCAAGGTTTTTTCTAGGGAGAGAGAGTCATGAAGGGAAGCTTCGCCAAGCGCATCACACTTTTCGTCCTGACCAACCTCGCGGTGGTCGCGATGCTGGCGATCGTCGGGCAGCTCATCGGGGTGGAGAACCTGCTCGCCCGCCGCGGCGTGGGGCTGAACCTCCCGGGCCTGCTCATCATGGCGGCGGTGATGGGCTTCGGCGGCGCCATCTTCTCGCTGCTCATCTCCAAGCCCATGGCCAAGTGGAGCACGGGGGCGAAGGTCATCACGTCGCCGCGCTCGGAGGACGAGCGCTGGCTGGTGGAGACGGTGCACCGGCTGGCCCGCGACGCGGGCATCGGCATGCCTGACGTGGCCATCTACGACAGCCCGGACATGAACGCCTTCGCCACGGGCGCCAGGCGCAACAGCGCCCTGGTCGCGGTGTCCACCGGCCTGCTCCATGGCATGAAGCGGGACGAGGTGGAGGCCGTGCTCGGCCACGAGGTGGCCCACGTGGCCAAC
CP070500.1_gap35	1682283	1683164	881	GCTGAAGCTGGAGTGCCGGGGAGACGGCTACGGACTGTGGGACGCGGACCGGCTGGCTCAGGTCATCACCAACCTGGTCAACAACGCGCTCAGCTACAGCCCGGAGCACTGCCCGGTGCGCATCCGCACGCATGGGCTGCGCGACGACATGCTGCTGACCGTCCACAACGCGGGTGGGCCCATTGAGCCGGAGCTCCGGGCCCGCATGTTCGAGCCGATGAAGCGCCCGGAGCGCAAGGGCGCCCGTGGTGGCGGACTGGGGCTGGGCCTTTTCATCGTGAAGCACATCGTGGATGCCCACGGCGGCGTGGTCCGCGTCCACTCCACGGAGCAGGAGGGAACCACGTTCCAGGCCCGCCTGCCCCGCCAGCCCATGCCGCCTGCTCGCCCGGACGTCGACGCTCCGTGACACCGTGACGCTTGCTCCAGGGGGCCCAGCCCGGCTAGCACGGGGTCCGTGGTGACACGTCTTCCCTGGAGGGTTTCATGAAGAAGGTCCTCATCGGACTGGGCATCGGCTGCGGTGTCTTCATCCTGGCGGGCATCGGCTTGATGCTGGCGGGTGGCATCTGGGCCAAGAACAAGTTCGGCGGCAGCATCGAAGCCATGCAGTCGATACAGGCCCAGGAGCAGGAGCTGACACAGCTCAACGCCAGCAATCCATTCAAGGCGCCCCCGGAGGGGCAGGTGCTGCCGTTGGACGAGCCGCGGCTGCTGGCCTACCTGACGGTGCGCGAGTCGGCGCTGCCGGCCTTCAAGGCCTTCGAGGCGAAGTCCAAGGAGTTCGAGGCCCAGCACGCGGGCGACGGTGACGAGAAGCCGGGCTTCAACGCGGCCGTGGACGCCGCGAGCCTGTTCATGGGGCTGATGGCGGACGTGCG
CP070500.1_gap36	1745685	1746210	525	TCTGGATTTGGATGCGCGCCAGCCCCAGCCAGCGCTCCACCAGGTTGCTGGACAAGTGGATGTCCTGGATGCGCGCGTAGGTGAGGGATACCTCCCGCCGGAAGAGGATGCCCCAGCGGACGGTGATGCCTTCGTCGTCCAGCGTGTAGCGCAGCGTCTGGTACTTGAAGTAGCGGATGAGCCCGAGGATGGGGAAGCCGGGCCCGGCCAGCAGCGCGCTGACGAGGTAGTAGGTGAGCAGGCTGCGGTGCGGTTGCAGCACCGTGGGCAGGCGCGACAGGAAGCCCCCGTCACCACCGGGGACCACCGTCAGAGGGGAGGGCGACCCCGGGTCTGTCATGTGCGGCTCACCAGCAGGCGTCTTTCGCGAGAGAGGTCTCAGGCATTACGGACCGGAGCATCTCTCATTTCACGCCTATTCGAACAACCGCCCCGCCAGCCGCGCCAGCTTCTGCGCCTTGCCCGTGAAGGGCGGGAAGAACAGGTGGACCAGGGACGTGCGCCCCTGGCGCAGCACCGCGCGCT
CP070500.1_gap37	1928018	1930777	2759	GAGGTGTTGGTGAGCAGCGGCTATTCGCTGCCTGTCTTCGAGGCTGACCGGGGAGACCGTCTATACGTGAGCCAGCACGGCCAGATGGACGCGGGGACGCTGCCGGACGGGACCCCGCTGGCATATTCGGCCCTGGTGCGCAGCGTGGAGATGGGGGCGTTCGACTTCGTCCCGGATGGCATCACCCCCATGCCGTTGACGGGCGTCATGCGCTCCGTGCCGATGACGGAGTTCCCCATCGAGTGGCGCCTGCCGGACTTCACCCGGTACGTACACGCGGTGCACCCGCTCGCCACGGCCAGCTACCCCTCCTTCTTCGTCATGCCCGCGGCCCACGGCCTGAGCGACGGCTGGGTGGGGTACTCGGGGGAGGCGCTCTCCCTGACGTTGCCGCGGGGCACTTCGTTCGACTTCACCCGGCGCTTGTCGTACGGAAACCCGTTCCCATCCTCGTGGGAGATGGTGGGCGGAGCGCAGTACTCATTCCGCGTCCAAGCGGAGGTGCCGGGGGGCTCCGGGCTCCGGCTCTACCTATCCGGCAGCATGTATACCTACGAGCGACTGGATAGCCTCGTCGCAGGACCCATCCTGCCGCGCGTGTCTCCGCCTCGTGAGCTGACCATTGACGGTCTGCCCGCCAGTGATTCCCGTGAGGTGGGCTCCGCGAGTCCCGTCATCGCGTGGCTGCCTCCCACGGTGGGGTCACCCGCCGCCTACCGGATTGCCATCTACCGGTTCCGGGAGGACTTCCGTACCACGGTGCTGCATGGCACCGTGAACGTGCCCGGCTCGGTCACCCAGGTGCGTCTGCCGCCCGGGACGCTGGCGCCAGAGGGCATCTACTACCTGCGTGTCTCGGCCGTGGATGCTCCGCACTACGAGATGGAGCGCTTCCCGTTCAGCACCGTGGACCGGTTGCCTCAGGCGCGCGCGGACACTCTCAGCTCGTTCTTCACCACCCCGTGAGGCGTGGTCGCTGAATCCGGGGCCCGCTACTTCGCCGTCAGCGCGCGGTAGCGGGTCATGCACTTCTGGAAGCGCTGGTCCACCGAGCGCGCGAACCACGCGGTGGTCAGCTCCCGCTTCAGCTTCGGGCTCTGGAGCGTCACCCGGGGAAGCTGGGCGTAGGACGGCGATTCGCCCGTTTCCCGCTGGTAGACACGTTTCACCGCGCGGAACGTGTCGGTGGATTCGAAGTCCGGCTCCTTCTCCTTGCGCACGTCGCGGCGCACCTGACGCTCGCTGAGCTCCTCCGGGGCGAAGCGCTGACGGAAGGCGAGCAGCGCCAGCAGCGACTTGCTGTCCTCGCTGCGCGGCTGCCCCTGCTTGTCGTAGAGCTGGAGGTCTCCGTCGGGCGCCAGGGGGTGGCCGGTGAGACGGCTCACCTGTGACTGGAGCGCGGCGTTGCGGGAGGCATAGACGCCCGCGTTGTAGTCCGCGAAGCGGAAGAGGGGCTCGGGGTATGCGGCCTCGTAACCCAGCAGCCGCGCGGTGCCGTAGCGCACGCCGCCCGCGCGGGTGTACATCGACTCGCGCACCTCGGCCGGGTCCGCGTCCTCGCCCGCCTTCTGCATCGCATAGCGCACGCTCACCTGCATGGAGCCGGCGGTGGTGACGGGATTGAACTCGTGCAGGTTCCCCGAAGCGAAGACGCCGCTGGCGAAGTCCACGACCTTGAAGGCGCTCGGGAATTCGTTCTCGTAGTACGCGAGCATGTCGCGGAAGAGCCGGTCCAGGTCGCGCTCGGTGCGCAGCGCGCGCAGCCGTTCGTCGAACGTCTTCTTGCTCCCCTTCGCCCGCCCTTCCAGCACCGACGCCAGGACCTTGCGGCCCAGGGGGCCCAGCTTGTTCGCGTGCTCCTCCAGGCGCGTGCGGACCATCTTCGGAAGCCCCGCGACAGCCGGGTCGACCTTGTAGCCGGACTCCTGTTCGATGACGGCCAGCACCGAGCACACCGCGGGCGGTGACGGGGCAATCTCCTCCACCTCCAGCGCGGCCAGCACGTCGCGCGCCCAGCCCTCGCGGTCCTGGAGCTGCGGCGGCATCAGCTTCGCGACCTGAGACGCGGAGAGCCGGGGCGGTGGTGGAATGGACGGCTGGGCCGAGCCCGCTCCGCGCGGCGCGCATGCAGTCATCGAACCCAGTGCCACCAGCATGCCCAGCCATGCGCGGCCACGGTATGGGGACCCCGCTGAGGGCGGTCGCACATCGGCTGTCTCGTGGGCACCGGGGCCCGAGTCGCGGCGGGGCGCCTGCGTCCAGGTGGGCTTCGCAGTGAGTGTCACCCACAGGCCGCGCCACGCACGGCGCCAGCCGGACGTGTGGGACCGCGGTGGAATGGGCTCCTGCATGCGCTCGCCTCCGAGGCTTGGGCCCCGATATCTCAGGAGGCGCGCGGCGCTGGCGAAAGCCATGGGCTCTTGCGCTTGCCCGGTGTGCGGACGAGCGAACGGGCTTCAGGCGGTGATGACGCCGGGTAGGGCCTCCCTGTGGGCAGGCCCTACCACGGCGCGGGCTTGTCTCAGCGGTGGATCTGCACGTCGCGCGCGACGGTGCGGCCACCCATGAGGACGAATTGCGCACGCACCGGCGTGCCTTCCCGCAGCTGACGCAGCGGCACCTTCCGCCCCTGCCGCAGGCCACGGCTGCGTGGGTCCAGCTCCAACTCGTAGACGCTGCCCTCCCGGTCCTTCACGATGAGGGTGTTCTGCTTCACCTTCGTGACGCGCCCGTTCACGGAGCTGGAGGCGATGATGACG
CP070500.1_gap38	1934139	1935550	1411	TCGCGCACCGCGTCGGGCCGGGCGGTCCACTCCTCCGGTGGATTGTCGTCACCCACCAGTGGCAGGACGGACACGCCGAGCAGCGCCATGGTCAGGGCCGTCTCCATGGACTCCATCAGCGGCTCCTGGGAGCGGTGCCACCAGCGATGGAGCCCCCGCTTCCGCCGACGCAGCCGCTCCAGACAGGAAGGGCCCAGCACCTGGATGCCGGCGCCGCCCAATGCGGTGAGCGACAGTCCACAGGCCATGGAGGACACGCCATGCGGCCGTCCCCGATAGGGGCGCGGCGGTGCGTGTGTGTCCAGGGGACGGGACGTCGCCGGCGGGGCCGCCAGGGGCCGCGCGGATGCGCGCGTACCCCCCCGCACGCGCCACGGCGCGGGACGAACTCGACGGGGAGATGGGCTCCACATGGGGGTGTCACGCTCCTCACGCGGCCTATCCCTCTCAGGCGATATCCGCTTGCGGAAGGTGGTGTCCCTCCCCCGAACCCGCCATGTGGGAGTTGCTCGTTCCCTGGCCGGAGGGTGGCCGTGCGGTCGAGGCGAAGAGGGCCCGCTTGCTCGCCTGCCCATTCCCAGCCGCTCCGCGTACAGTGGGCGGACGCCGATGCCAACGTCCTCCGTCGTCTCTCATTATATCGCGGTGACAGGCTGTGTTGGCTGCGTGCCATGATTCCCGAGTTTGATGCCTTTGCGTGAGAGGCTGCTGGAAGTGTTTTCCATGGCAGGCGAAGGGGATGTCTGATTTGTCCGTGTCATGACAGGCATCTGCGGCCGTGGGGCATTGACACGGGACGCCGGGGCGCCCGCCTCCCTGGCGTGGACGCCTTGCAGTTGCTCTTCGAGGGCATCCCCGCGGCAGACGGTGGTGTTCCGCGAGCAGTTCCTGGGCGTCCTCGGGCATGACCTGCGCAGCCCGTTGCAGGCCATCTCCGTCAACCGAATCTCCGTCTCCGCGGACCGGATGGCGCGGATGAGCAATGACTTGTTGGACTTCACGTGCACCCGGCTGGGCGGCGGCTACCCGGAAGAGGGCACGCGCTTCCGGCTGTGTCTGCCTCGCTTCGAGAAACCAGACATGCTCTCGCGTTAGCCGCCTGTCTGCCGGGAGGGCGGACGTCCCTGCCACGGACGGTCGGGGAAGCAGCGCCGTGAAGGGAGGGACGACACACCTTTCCAGGGTGAAGACAAAGTGGCCGTGCTCGCCTCCGTGGCGCGCGGCCCCAGCAAGCGAGGGTCAGCTCATGGAAATCCTTGGCGCCACCATCCTGGGAGTCGTCATCTTCTCCGTCCTCATCATGGGCGTGATTCTGGGCGGAGCCATGGGGCACAAGCAGGAGCGCAACCTGCGCGAGATTACCGAGCGACAGCAGGCCGCTGGCATCACGGGCGACGTCACGATGAACGAC
CP070500.1_gap39	1966205	1971060	4855	CGAGCGTTGGACCCGTGATGAATTCCGCGCCTGGGCGAAGCCGTACTTCTCCAAGGGCAAGGCCTGGAACTTCAAGGCGACGTCACGCCACATCTTCCTCTCGAAGGATGGCGCGGTGGCCTGGTTCGACGAGGCGTTGGATACGCCCAACCTGGGCCCCAGCCGCGGCAGCGGCGTGCTGGTGAAGGACGCCGGCACCTGGAAGATTGCCCAGTACAACCTCTCCATCCCCATCCCCAACGACGTGCTGCCGGAGGTGAAGCGGCGCATCGAGCGGGAACTGGCCCGGAGCCAGAAGACGCCCGGGAAGTCCTCGACCTGGAGGGCGCCGCCGGCGAAGGTGCCCTCGCCGCAGACGCCGCCCATCAAGGAGAGGGCGCCCGCTCAGGCGAACTAGTCTCCTCACAACCCGAAGGGATACGTGTCAGGCGCGTCCTCTTCCCCGTGCCCGGCATCCGAGTCCAACGGGCGCAATGCCCGCGTCTCGTCGTAGTGCAGCACCGCGTCGAACTGCGCGGGCAGGTTCGCGTGGAAGTAGTGGCTCCACCGCTCGGTGCGCGGCGCGTACACCACGCCGATGGCGCGCTCCAGGCGGCGCTCATGCAGGCCGCCCGCCGCTTCGCCCAGCTCGGCCATGCGCAGCAGGAACGCGGGCATTCCCACGTCGTGGAACAGGCGCTCGTAGCTGCCGGACATGGCGGGCTGGATGCGGCGTCGCAGGCCGGGCTCGTCCCATTCGTGCGCGGCGATGACCACGCCCGTGTACGTGGTGAAGCCCACGTTGTAGGTGGCCGCGCCGTGCCGCTCGCGAAGGAGCTGGCCCACGTTGAGCTCCCCCTGGTCACCCATCTGCGTGGCGCGGGCATCACCCAGGTGGGAGTTGTGCGCCCAGATGACCAACCGGGCCGGTGGACCGCTGCGTGACAGGTGCGCCGCGAGCGCGTCCACCGTGTCCGCCATGTGCGTGTCACGCAGGTTCCAGCCTTCGTGCCGGCCCGCATACACGGCGCGGTAGTACGCCTCCGCGTTGGCGACGAGCCGGGCGTTCTGCTCGGCGTGGAAGCGGGCGTCCGCGTCCTCGGGCCCCCGAGTCCTCCGCCGCTGCAACTCCACGAACTGGGCCCAGACCTGCTCCTCGCACGAGTCCGCCTGCCCCGACGTGGTGGACTGGCCATAGACGTGGGGCTCGGGGCCGAAGTGGTCGAAGCAGGCGTAGCGCTCGCGGGCCCGCTGCGCGGCATCCGGGTCCACCGTGTCCAACCAGGCCACCACCTCCCGCATGGAGTCGTGAAGGCTGTACAGGTCCATGCCGTAGAAGCCCGCCCGCTGCTCCGGCGGAACCGTGGCGTTGTGGGCACGCATCCAGGTGACCAGCTCCTCCATCTCCCGGTTGCGCCACATCCACCGCGGGAATCGCTGGAAGTTGCCCAGGGCGCCAGCGGCCGTCGCGTCCTGCCCGTTACCCCGCACGAACGCGTCGACACGGAGGGCGGCCGGCCAGTCGGCCTCCACCACCAGCGCGTGGAAGCCCTGCTCGGCGATGAGGCGGCGGGTGAGGGTGGCGCGTGCCTGGTAGAACTCGTGTGTCCCGTGTGTGGCCTCGCCCAGCAGGACGAACCGCGCATCACCGATGCTCTCGATGAGCGGGTCCAGGTCCGAAGCGCGGCCCGACACGGGGAGCGCGGCGGCTCGGATGCCCTCCAGCAGGGCGGCCGACACCTCCGGGGCGTCCTCCTCCATTGAACCCATGCCTCACAAGGTGGGGGCGGACCTGGCGGAGTGCCCATCGTGCCTTTCCCTCAGCCTGGGCGGCGGACGGGGAGGCGCCCCCTCCGTTGCAGTCACGCGGCCGCGTGCCAGCGCCCCATCGGGTCCCAGCCTTGGGCAGGCATCGCAGTCTAGGGGGAGCCCGCTCATTCCCAGCATGGCGCGGAGCCTCCCGCCGCCACGGTGCTGGCGGTAGGCTCCCGCTTGCATGACTGGCCATGACGACGTCACGGGGTGGATTGTCTGGGCGGGCGGATTCGTCGCCGCCATGGCGCTCGTCATCGTCCCGGTGAGGCTGGCGCGCCGGAAGCGCAGGAGCATCTGGACGCACGGGCTGCGCGCACGGGCCCGGCTGGTGAAAGCGGAGGCCGGTGTCCTGGACCGCAACCGCCAGCGCACCACCGTGATGACGTTCCAGGTCGACGGCGTGGACGGGGGAGCGCCCTGGATGCTGGTGCAACAGCGGACCCTGGGGGCCGAGCACGGCCACCTGCTCGCGCCAGGAACGGAGCTGGAGGTGATCTACCTCCCAGAGGCTCAATACTCGGCCGTCGTCATTCCGAGATTCGACGGTGAGGATTGGGATTGATGCGCCCTCAAGGATGCGCCCGACGTGGAGGACCTCGGGCCCCTGGGGCTGGACCTGCGGCTGGGTGGCGAGCTCTACATCTTGGGCCACGCTGACAGGGATGTGAACCACGGCAGCTCGGTGGACCTGCCAGGGCGTTGAGCGCGGCAGCTTGGCTTCGAATCCACGAGCGCGCAGCCTCCGCTCCGTGAGCGACTAGACCTCGCGAGCGAACCGCGCCGCGTCTCCAATCGTTTCGCGTGAATTCCTCGTGGCTCCGTCGGAGATGCGTTGCGCGAGTGAATCGCTCCGTGCACAAGGCGCGCGGCGCCCCGTTCCGGGCCGCCGTTTTCCGGAGGGGAAATGTCCCGCACGTGGAGCATGGTATCGGCCGTGTGGCTCGCGGCCTGTAGCGCGCAGGTTTCCGACGTGGATGAAGCGCAGGACGGGTCGCCACCACACGAAACGGTGAGCCGCCAGGAGTCATGGGAGGGGGAACTGGAGGTCGTGGTGGTGGATCCGCCCGCGCCCGCCGCGTCGTGGGAAGAGTACTTCGTGAAGCAGGGGAACCAGCACCGCCAGGTGCGCTTCGAACACGGCGCGCCGCCGGGACTGCGCAGCGGGCTCCAGGTGAAGGTACGTGGGCGCGAGCAGGGCGGCCAGCTCATCGCCCAGGGCGTGGACGTGGACACCCATGCCGCGTCCTCGCTGAGCACGGCGAGCGCGTGTGGCGTCAGCGGCGTGCAGCGCAGCCTGGTCATCATGACGGAGTTCCCCGGCATGGCCCGGCCCGGCCTCACCCCGCAGGCGGTCCACGACGTGTTCTTCTCCACGACGCGCCGTTCGCTGGCGGATTACTGGAGCGAGGTGTCCGAGGGTCGCACCACCACCACGGGCGACGTGGTGAGCGGGTACACGCTGGACCGCGCCTATTCATGCAGTGAAGGCGCGGCCATGCGTGAGGCCGCGGTGCGGGCGGCGGACGCGGACGTGGACTTCACGCAGTACGACCGCATCTTCATTGTCCACCCACGGCCGCAGGCGGGCTGTTCCTACGCCGGTCAGGCCACGGTGTCCTGCGGGCAGGTGCAGACGGCGGACGGTACCGTGATGGCCTCCACTTCGTGGCTCGTGGCGGAGTCCATGATGGTCCACGACAGTGCCGTGGAGTTGGTGACGCACGAGGCGGGGCACAACCTCACGTTGGGCCATGCGAGCTCGCGCGACTTCGGCGCGGAGGCCCTGGGCCTGCCGGGGGCGACGGGTGTCATCGACGAGTACGGGGATGTCTTCTCGACGATGGGACGGTGGAACCTGGGCCACTACGCGGCGCCGCAGAAGGCACGTATCGGCTGGCTGGACGCGTCCGCGGTGGCCGAAGTGGACGGTGTGGACGGTGTGGACGGCACCTTCACCCTCGCGCCCGTGGTCGCGTCGGGCGGGCTGAAGGCGCTCAAGGTGCGGCGGCGGCCTGGGAGCAATGACTGGCTGTGGTTGGAGTACCGCCAGCCCGTGGGGGGCTATGAGGCGACGCTGGCGCCGCAGGTGTTCGGCGGAGCGCTCGTGCACTACGCGGATGCGACGACGCTGAGTGGCTCGCACCTGCTCGACTTCACGCCGCAGACGGCATCGTGGACCGACCCGGCCCTGCTTCCGGGCACGACGTGGGACGACCCCTACAGCACCCTCTCCGTGACCGTGAACGCGGCGACGTCCGCGGGACTCGTCGTGAGCATCGCGCACCGTCAATCCGCGTGCGTCCGCGCACCCCACGAGGTGCAGGTGACGTCCTTCGCCCCCACGTCCTGGCCCGGAGGCCGGCCGGAGTTCGAGGTCGTTCTCGTCAACCACGACTCGCCTACGTGTTCGCCGTCCACCTTCCAGGTCTCCGCCCTCCTTCCGCAGGGGTGGGGCTCCGACCGTCTGCCCGCGCAAGTCACTGTCGCCGCGTCCGCCTCGTTGTCATGGGGCCTCCAGGCGTATGCGCCCTACAGCGCGGCGCCCGGCACGTACGCCGTGGGCCTGGCCGCCACGCGAGACGGCCACACGGTGCAAGGCACAGCGGACATCGACATCGTCGAGCGTTGTGTCACCGCATCGCCTACCGTCACACTGTCACCGCAGACAGTGACGGCGGCGCCGGGCACGGATGTCACCTGGACGGTGAACGTCACCAACAACGACTCCGCGTCGTGTGATTGGGTCTGGTACGACTTCTATTCCAACCTGCCGTCGGCCTGGGACACCGCCTTTTCCGACTGGGGTGTGAACCTGCCGCCGGGTGGCGCCTTCACTTTCACGATGACGAAGTCCATTCCACGGGAGGCGCGCGGCGGCAGCCACACGGTGGACCTGGACATCTACAAGGACGAGTACGGTCTCGTGTGGCACGGCACCACCACCGTGGATGTGGCCGAGCCGCTGACGCGCTCGAGGTGATGTTGCGAGTCCGCTCGCGGCGGTTCATCACCGTCGCGAGCGGACGTGTGGCTTCTCAGGATGCCCGGGCGCCAGTGCGCT
CP070500.1_gap40	1986386	1988231	1845	CCTGAAAATCTTCTCGAACTTCGGCGTCCAGGGCCCGCCGCGTGCGGTGGAGACGCTGTTCTTGTTCGTCGCCAGGTGGTGGTCCTCGGTGTGGCCGCCGCTCATACCCCGGGCCGCCATGGCGACCGCGTTGGGCGCCAGTGCGACGGTGAATCCCTCGGCCGTCATCGCCACCGACTGCACGCCTCCAATGGCCACATACTGGTAGCCCGCTTGCGTCTCCACCGCGAGCGCAGCCTGCGCTGAGCCCGGCAGCCTCGAAGCCTTCGCCGCCAGTCCCGCCGTATGGCCGATGGCCGCCGTGGCCAGCATGACGAAGACGCGCGCCGCGTTCTCCCCGAGCACTTCGCCGTACGCCTCGCCCGCTTCGCTGAGCTGTACAAAGGTGGTGGCTCGGTCCACCGTGCGCACCAGCGCCATCCATCCGTCCAGAATGCGCCACACGGTGTCCACGCCCAGATAGGCAATGGCCGTAGCCGTCAGCAGGGCTGCCAGGCCCTTGCTCACCGGCTCGGGCAGCGACCAGAGGAGCAGGTACATGCTGACCGAGGCACTCACCGTCGCCAGCAGCGCCTGCGGGTCGGCCATGTCCTCCAGCGCCTCGGCCGTCTCTTCCCACACCGAGTCCATGGCGATGGCCATGGCCAGCGAGTACTTGCCGTCGCTGGCCAGCAGCGGGCCTTCGGCCAGCAGGCGCAGGCAGTCGCCGGGCTGCGACTTGCGTTCGCACCAGCGGCCATAGGCGCGCGTCAGCTCATCATCCGCGTAGGACTCGAGGAGGCGTGGGCCGTCCGGGTCCTTCTCTTCCTGGAGAATGAGCCGGGGGCCGCGAGGCTGGTAGAGGTACACGCCGCTTCGCTCGGGGACTCCGAAGCGCTGGCGGGCCTCGCGCAGGGGATTGGAGAAGGGCCGCACGTCCCGGGCGAGTTCCACCATGGCCTCCTCGAATTCATCGTCGTCCAGCTCCACGGGCCCGGTGTCATCGTCCGTGAACGGCGTGTGGACCCTGGAAGGCCCATCCCCTGTGTCCAGACGTACGAGCCGGGTTGTCGAGCAGCCCGTGACGGCAAGCGCCAGCGACAGCCAGATGACCGCATGCGCTCTCATCCTCGTCCTCCGGTTCCGGGCGTACTCCTACGAGGCCAAGTCCAGAACTACCAGAAGAGCCTGACGAGACGAGCTGACCGCTTCGAGGAGCGCGCCGAGCGCCCAATCTGCCGATGTGATCCACCGCAGTGTCCGCCTGGGGCGCACGCCTGTCCATCGCTGGACGCGGCCCGTGCGTGGCTGGGGACAGGCGGACAGACGGGGCTCGCCAGTCGCGTCCACGCTGCTCACTTTCCGTTGCGGGCAACGGGACGGCGAGGAGGTCGATGGTGAGCAACGCGCACGGGGAGTTGTCCCTGGCCCCGCCAGCAGGCGCTGTGGGAGCAGCGGCGCCGCAGCGGGTCCTGAAGCGATGGATGGTGGTAGGGCTTCGGCCCGTCTTCGCGCTGGCGGGTGTTGGCACACTGGCGTTGCTGGTCCACAAGGCCGGGCCTCGCGAGCTGGGCGCCGTGTTGTCCGGCGCGGCGCCCTGGCTGCCGTGGGTGGTGCTGCTGGAGCTGGGGCGGCAGTGCATGGACGGGCTGGCCACGCGACGTGCCTATGGACCGGGAGCGGGGCGAGTGCCCTGGCGCGTCCTGGCCCGCGCGCAGCTTATCGGTACCGCGGTGTCCAGCATGGCCCCGGCGGGCCGCGCCGCGGCGGAGGCCACCAAGGCGGCCCTGCTGAGTCCCTACATGGGCGGGGGAACCGCCACCGCGGCGGCGGCGACCTCGCAGGCGGCGTCCCTGGCGGCGGGAG
CP070500.1_gap41	1989878	1994867	4989	CCAGCGGCCGAAGCCGCCGCGGCCCACGGCCAGGGCCCGTGGACCTCCGACGACGTCGAACGCGGGCAGGGTGAACATGGCGCCGCCGCGCCGGTCCAGGTTGCCGCTCACCACGTTGAGCACGGTGATGAGCCATTGGCAGAGCGCGCCGAAGGATTGGGTGGACACGCCCATGCGGCCGTAACACACGGCGGCTCGCGCGGAGAGGAAGTCCCGGGCGATGCGGCGCAGGGTGTGCGCGGGCACGCCCGTGTGCGGTGAGACCTTCTCCGGAGGAAAGTCCCGGGCCAGCGCGCACACGGTCTCCAGGCCGTCGGTGAAGGCATCCAGCGGCCCCAGGCGCGGCGCGTGCTCCACCACCGCCACGTGCAGCAGGGCGAGCAGCGCGAGCGCATCGGTGCCCGGCCGGATGAAGACGTGCGTGTCGGCGATGGCCGCCGTCTCCGTGCGGCGCGGGTCCATGACGACGATGCGGCCGCCGCGCTGCTGGATGGCACGCAGGCGGGCGCGCACGTCGGGCGCCGTCATCAAGCTGCCATTGGACGCCAGGGGATTGGCGCCCAGCACGAGCATGTAGCCGGTGTGGTCGATGTCGGGAATCGGCACCATCAGCTGGTGGCCGAACATGAGGTAGGCGGTGAGCTGGTGCGGCAGCTGGTCCACGGACGTCGCGGAGAAGCGGTTGCGCGAGCGCAGCGTGCGCAGCAGCTCCGGACCGAACAGCATGTTGCCCAGGTTGTGGACGTTGGGGTTGCCCAGATATGCGCCCACCGCGTCACGGCCGTGCTCCCGTTGGATGGCATGCAGGCGGCGCGCGGTCTCATCCAATGCGTCGTCCCAGGAGACGGGCTCCCAACCGCTGGCGGTGCGGCGCATGGGGCCGCGCAGCCGGTCCGGGTCCTGGTGCAGGTCCTCCAGCGCCAGGGCCTTGGGACAGACGTGGCCCCGGCTGAAGGGGTCCTCCGCGTCGCCCCGGATGGAGGTGATGCGTCCGGCGTCCAGCTCGATGCGCAGGCCGCACATGGCCTCGCAGAGGTTGCAGGTGCGGAAGTGGACCTGGGGACCCGGGGCGGCGCTCATTCGGGGAACTGTAGCGCGCGGCGGAGGGCCGTCCGCCCGGCGGCGCGGGTCGCGCTTCCATCCGTCTGGGTTCAGACGATGGGCTTCCTGGCGGACTGCACGATTTCAGCGGCACACGTGCGAGGGGCCCGTGAAAGGATGCCGTCCCAGGAGGGCAGCACATGCACCGTGTGTATCCGTTCGTCGTCTCCCTGGGGCTCTCGCTCGCGCCGCTCGCCGCCCATGCCGCGGCGCCGGCTGCGCCCGTGGCCGAGGTGAAGGCGCCGACCATCCAGTTCAAGCAGATGAACGCCCGCGTGGGGTACCAGGAGGAATTGGACAACGCCGTGGACATGCGGCTGGCGCTCGACCTGCGCGCTTCGGACATGGACAAGCCGATGTCGGTGGCGATGTCGGTGACCTCGTCCAGCCGCCACACGGTGACGGTGCTGGCCGCGAAGGGGAAGGTCATCTCCAAGGTGAAGATGGCGTTCGACGACGTGGGCGAGGTGGCCGAGCAGCAGGGCAAGGTCCAGCGCAAGGCGAGCCCCATCAGCCGGAAGACGTACCTGGCGGAGTGGAAGAAGGACCGCGTGGTCATCACGAACGCGGCGGGCAAGCCGGTGCCCAAGGAGGAAGCAGACGAGGTGGCGAAGCACCTGCCGGAGCTCGGCAAGCCCCACCGGATGGAGGCCGCCTTTCCGAAGAATCCTCTGGCGGTGGGCGCCACCCTGGAAGGCTTCTCCGATACGCTCGCGAAGCAAATCGTGGACGAGCAGGGCGATAACACCCGTGTCACCCAGGCGCGCGCACGGTTGGTCGAAGTGCGTCAGGACCCGCGCGGCGCCGTGGGCATCTTCGACGTGGCGATGACGGTGTTACGCCAGGAAACCAAGGCACCGTTCCTGCTGACCATTCCGCTGCAAGGGCAGATGTCCGTCCTCGCGGAGGGCATCCAGTTGCTGGAGCTCACCTTGTCCGGGCCGGTGAAGGTGGAGCTGACCGACGACGCCGTCGAGCAGGGCTTCGAGGCGCGCGGCGAGGGCGCGATGCGGCTGCGGCTCATGGGCCGGAAGGCTGACGCCGCGCGTTAGGTGGATGGCCCGGCAGGTCGTCCGCTGGGCGCGAAGGCGCGGAGGCGTGACAGACGGCTGACAGAGTTTTGGGAGGCTGCGCGGTTAGAGGGTTCTGAATGTACCTGCACGCGCTCGGCCACTTCCATCCTCCCAACCTTCTGACCAACGCCTTCTTCGAGGAGCTGGGGCTGGAGACCAGCGATGCGTGGATAGTGGACCGCGTGGGCATCCGCACGCGGCACACGGTGCTGCCGCTGGACTACCTGCGGGAGACGCGCAATCGCGACGTGCGCGCGGCGCAGGAGGCGGCGCTCTTCAGCAACGCGGAGACGGGACGCCGCGCGGCGCTGATGGCGCTGGAGCGCGCGGGGCTGAAGCCGTCCGACATCGGGTTGGTGGTGGCGGGCGGATGCAGTCCCGACGAGTGCATTCCCGCCGAGTCCAACCGGGTGGCGCAGTTGCTGAACATCCATGCGCCGGCGGTGGACCTGCAGAGCGCTTGCTCGTCCTTCTGCATGCAGCTGCACTTCCTGGCGGGCATGCGGCCGGAGCGGCTGCCGGACTACGTGCTGGTGGTCAACATGGACAACTCCACGCGTGTAGTGGACTACACGGACCGCTCCAGCGCGGTGCTGTGGGGAGACGGCGCGTCCGCGGCCATCCTGTCGCCGCGCGTGCCGGGACGCTGGCAGCTCACGGAGACGCTGCTGGCCGGAGACCCCTCGGGCGCGGACAAGGTGCGCGTGCCGCGCATGGGGCACTTCACCCAGAACGGCGGCGAGGTGCAGAAGTTCGCCATCCGCCGCGCGGGGGAGACGTTCCAGGCCCTGCGCACGCGCTTCATGGAGCGTCACCCGGACAAGGGCGCGGGGGCCGTCTCCTTCATCGGGCACCAGGCCAACCTGCGCATGCTGGAGGCCGTGCAGCGGCGGTGTGAGGTGCCGGACGCGCGGCACTTCTTCAACGTGCACACCCGGGGGAACACCGGCGCCGCGGGCGCGCCCGGCGTCCTGAGCGAGCACTGGGACGACCCCGCCGTGGGAGACGCGGTGGTGCTGAGCGTCGTGGGCAGCGGCCTGACGTGGGCCGGCGCCTTGCTGGAGCGCACCCCGGCGCAGTGAGCCGCCCGGCGGGCCCCACGCGGTTGATTGCCCGACGTTGAGCCTCTCGGGACCTGTCCCCGTCCACTGCTGTACAGCGTTGCCCTTCCGGGCGTTGGCGGTGCCCGGGAGCGTGTGCAGCGTATGTCCTGTCGGATTCAGTGGGGTCTGGGGTCGGGGGTCGGGCGCATGCGTACTCAAGCGTGGGGTGGGAATCTGCGGTGTCTCGTGGCGGGCATGCTGCTCGTCGCGGGCGCCGCGCAGGCGGGACAGAAGCAGGTTGGCGGCGTGCACATGCCGGTGTCGCTGAACCTCAAGGGGCGCACCGTCGAACTCGCCCACATGGAGCTGCACAAGCAACTCTTCTTCAAGGTCTACGTCTGGAGCCTCTACATGGAGGACCGGCCACGCTCCACGCACGAGGCCATCAACTCCAACTCCGTGAAGCGGCTCCACTTCCACTTCCTGCGCAACATCTCCCGGGACCAGCTCGTGGGCAGCTTCCGGGACGGGTTGGAGCACAGCCCCGCCCTGCGCCGGGGGCCGCTGGCGAACCACCTGCGCATCATGCTCGCGTCGCTGAAGGACGTGCAGAAGGGCGAGGACCTCGTCATCACCTACACCCCGGGCGTCGGGCTCGAAGTCGGAGGAGATGCCTCCGGTGGCGTCTTCATCCCCGGCAAGAACTTCGCGGACGCACTCTTCTCCGTCTGGCTCGACTCTCATCCTATTTTTCCGCGCTGACTGACACACCGGGCTGTCCCGTCAGCCATTCATTCGTTTCAGCACAAAATATGTGCGAGGTTCTTCCTGACCCAGAGCACCACCAGCGATAGGCTGGCGCTTCATTCACAGGTGTCAGGAGGACACGTACATATGCGGAAACCGCTGGTTCTGGCTGCACTCGTCGCGCTCTCCACCACGGGCTGTGTTTCGCAGGGGAAGTTCGACGCCAAGGCGCTCGAGGCGGAGAACTTCGCCAAGGGCCTCAACGACGAGAAGGGTGCTCGCGAGGCCGCCGAAGCCAAGGTGAAGGCGCTGGAAGAGAAGATTGCCGAGTTGGAGCAGGAGCGGGAGGCGCTGAACACCCGCCTGGGCACCGCTGAGTCCCGCCTCACCGCGGGCGCTGCGGAGCGCCGCGCGTTGGAGGAGAAGAACTCTCAACTGGCCGCCCTCAACGATGAGCTGGCGCGCAACACGAAGAAGCTGGCCCAGGCGAAGGAGGAGCTGGAGAAGCGCAGCTCCGAGTACGAGAACCTGGCCCAGAGCCTCAAGCAGGAGATTTCCGACGGCAAGATTGAGCTGTCCGAGCTCAAGGGCAAGATGACCGTCCAGCTCAAGGACAAGATTCTCTTCGCCTCCGGCTCCGCCCGGGTCGGCAAGGAAGGCGAGGAGGCGCTGAAGAAGATCGCCGACGCGCTCAAGACGGTGCAGGGGAAGATCATCCGCGTGGAAGGCCACACGGACGACGTTCCGACCGGCGGCGGTCAGTTCCCGTCCAACTGGGAGCTGAGCCTTGCACGCGCCATGGCGGTGGTTCGTTCACTCCAGAACGCTGGCGTGGACCCGACGTTCCTCTCCGCCGCGGGCTATGGGCAGTACCAGCCCATCGCGGCCAACGATTCGGCGGAGAATCGCAGTCTGAACCGCCGCATCGAAATCGTGCTCGCGCCGAAGTAGGCGCCGCACTAGGAGGGGCGCGGGAGTCCCGCGCCCCTCATGAAAATCCTCCTCGCCGTCCTCTGCTTCCTCGC
CP070500.1_gap42	2016585	2020354	3769	CATGGGCGCGCAGGGCCCACAGCAAGGCATAGCGGTCCTCCTTCTGCGCGCGGTACTCCACCGACGTGGCGAAGCGGTGCTCGATGAAGGCGCGGACGCGTCCGCCCGCCAGCTTCGGCAGGGCCTCGTGGACAATCTGCTCCGGCCGCCACACGGCCTTGTCCCGGCGCACCAGCCGCGCCCGCCACTGCGTGCGGTAGCGGAAGCGGTGCGTCCCCAGCTCAGCCCAGTCGCGGCGGGGCAGCCGGTACACGGCCTCCGTGGGCGATGAGGTCTTCCACGCGCGCAGTGTCTCCACCGCCTCGGGGCCCAGCAGCTCGTCCGAGTCGAGGAAGAAGACGTAGTTACAGGGCGCCAGGGCGTTCACCGCGGCCTCGCGCGCGGCGCCGTAGCCTCGCCACGCATGGGGCACGGAGCGCGCGCCCAGCGAACGCACCAGCTCCGCCGAGCCATCCGTGGCCCCGGAGTCCAGCGCCACCACGTCATCGCAGAGCGCCAGCAGCCCGCGCAGGCACGGCTCCAACGTGTCCCGGTTGTTCCGGTGGAGGACGTAGCCGCCCAGCTTCATAGACCCAGTGCCTTGAGCTGCGCGTCGAAGGCGTCAGCGGTGGTGAAGAGCCGGCCTTGAATCCCCACAGCCTCGGCGGCCTGGACGAACTCGGCCAGGTCGTCGAAGAAGACGGCCTCCTCCGGGGCGCAGCCCACGCCCGTCAGCGCGAGCCGGAAGATGTCCGGCTCCGGCTTCACGTGGCCCACCTCGCAGCTCATCACCACGCTGTCGAAGCGCTGGAGCACCGGCAGCAGCGGACGCAGGTAGGCGACGTGCAGCGCGTTGGTGTTGGACACCAGCCCCAGGCGCACCCGGCCCACCAGCGACTCGATGCGCGGCAGCACGGCATCATGCAGCGTGAAGTGGCTGCTCCACAGCGGGGCGAACTCCGCCATGGGCAGGTCCACGTCCAGCGCGCGACACACGTCCTGGCGGATGCCCTCCGCGCCCAGCACGCCCCGGTTGGCGTCCGTCCACCCCGCGCCCGTCAGCCGCCGGGCCACCTCCGCGGCCTCCAGGCCCGCGCGGGCGCCCAGCCGGGAGAAGAGCAGGGTGTTGTCGTGGAAGACGAGGACGTTGCCCAGGTCCAGCAGCACTGCCTTCACCTGCGCCATGCATGCTCCTTCAAATGCGATAAGCGCGGGCCACGTCCTGCATCTGCTCGGACACATCCTGGAGCAGCTTCGCCGCCCGGGTGGTGGCCGCCAGGCTCTCCTGGGTGTCGTTCATCATGGAGGACAGGTCCGTGACCGCGCTGAAAATCTGGGCGATGCCCGCGTTCTGCTGACTCACCGCGCCGGCAATCTGCCGCACCGCGGTGGCGTTGTCCTGGATGATGGCGGCCAGCTCCTTCAGTCGCTCGCCGGTGCCGCGCACCTGCTCCAGGCCGCTCTCCATATGCGTGTAGCTCTGCTCCGTCATCTTCGCGGTGGAGAGGATGGCGCTGCTCAAATCGCCCAGGATTTCGCGGACCCGGTCCGTGGCCTGGATGGACTGGTCCGCCAGGCTGCGAATCTCGCGCGCCACGACGCCAAAGCCCTTGCCGTGCTCGCCGGAGCGGACGGACTCGATGGCGGCGTTGAGCGCCAACATGTTGGACTGGTCCGCCAGGTCCTTCACGGTCTGGGTGATTCCGCCAATCTGCTGCGTGCGCTCGTTGAGCTGGGCGATGCGCTCCGTCATCTGCTCGGCCTGGGACAGGATTTCGGAGAAGCCGCCCAGGCTGTCCCGGATGGCCCCTTCGCCCGCGCGTCCCACCTCTTCGGCCACGGAGGCGCGATTGAGCACGTCCTCCGCCTTCTCCGAGGCCAGCATCGACGTCTGCTTGATTTCCTGCGCCGTCACCTGCGTCTGCTGGAGGGCCGCGGCCTGACGGGCCACGTTGCGCTCCTGCTGCGTCGACGCCGTCTGCAGCTCCGCCACCGTCTCACTGAGCACGCGCGTGCCGGTGTGCAGGCTCTGCGCCGTCTCCCGCAGCTGGAACACCAGCAGGCCGAAGGCGCCGGCCAGCTCGCCCACCTCGTCGTTGCCGGCCTTCACGTCCAGCGTCTGCGTGAGGTCGCCCTCGCTCACCAGCCGCGTCACCGCCGCGCGCAGGGCCAGCACGGGACCGGAGATGCGGTGCGACAGCAGCCACGCGCCCCCGACGGCCAGCACGATGAAGCCTAGTGCCATCAGCAGCGCCACCCGGTTCACGCGCACCACCGGGGCGTAGGCCTCCGCCGGGTCCACGCGCGCCACGAAGTGCCAGCCGTCGGCCACGTCGCGCACGTCCGTGCCGTTGACGGCCGTGACGGCCAGCAGCGCGTCATTGCCCTGGGCGTTCGCGCCGCGCGAGTCGTACAGCGGCGTGCCGTCTGGCCGCTGGAGGGTAATCGCGAAGCTCTTCAGGGCGCGCTGATGGGCACGGGCCAGCGCCGGCTGCACCAACTGGTCCACGTGCGCCCAGTCGAAGGCGGCCAGCAGCACGCCCAGCCGGTGCTTGGAGACCGGGTCCAGCACCGGGAAGGCCAGCGACAGCACGTGGCCGGTGAAGATGGGGTGCTCCTCGGTGATGCCCTCGCTGCTGGTGCGCCCCTGCTGGGCCTCCGCGAACCAGGGGCTGCGCCGCACCTCGTCCTGCCGGCGCAGGTATTCGTCGCGCAGGGCAGGGGTGTTGGCGGAGATGGCGCGGCCGGTGTCGTCGAAGACGACGATGCCGTTGAGGGTGAGGTAGCGGCTCTGGAGCACGCCGAGCATGGCGTCGGCGGGCGACACGTCACCTCGCAGCGCGGCGCGGACCGCGGGGTCCTCGGCCCAGCCGCGGGCGCTCGCCTCCCGTTCGGCCAGCGTCGACTCCAGCAGGTCCTTCACGCCTTCGGCCTCGCTCAGCAGCGACGCGTGAATCTGCTCTTCCATCACCTGCCGCGCGCTGCGGGCCTGGAGCCAGGTCAGCGTCAGCAGCGGGACGACCGACAGCAGCGTCGCGTAGAGCGTGAGGCGTCCACGAAGGGACTTGGTTCCAGGAAGAGAAAGGGCCATGTGGCGCGGCGGGCAGCGTGCGGGGGCCTCCCAGAAAGGTCGGCCCTCGTCCTATACCAGAGCCCCGCGTCTCCAGGGCACCCCCGCGCCTGCCTGCTCAGATGACAGGCACCCGGTTGGGCAGCTCCTTCGCCGGGACGTTGGAGTAGTCCGAGTCCACGTCCAGGAGGACGCGCTGCCGGACCCGGGCGCTCAGCAAGCGGCGAATCCTCCCCAGGAATCCCGGCGGCGCGGCGATGACCAGCTTGTCGAAGTCGCGCCGGTCATGTGCCTTGTCCAGGAACACGGACAGCTCGCGGGCGAAGCGGTCGTGCTCCAGCTCCCTTCGTCCATTGGGCTCGTTCTCCGCCGGCGGGCCGTGCAGGGTGCCGGCATTGGGGTTGTCCGCCTGCTCAATCAGCTCTGCCTGACGGGCCCGACTCTCGTCGTGGTGGAACTCCTCCACCAGCCGCCAGTCCTCTTCCGCCTTCGCGTCCGTCGCGAAGAGGCGGGCCCGGCTTGCGTTCCCCACCAGAATCCAGAGCGTCCCATTCGCCATGTCGTGCGTCTCCTTGCGCTATAGAGTGGGAGATGCGGACCCCTCCGGGCCAAGGCAAGCTTCCCCAGACGAGCCGCACGCACGCCGAGCGCAGGGCAGGCAGCCAGGCCGCGCATCGTTGACGGGTTTTGCGGGGACTGGGGGCGCCCCGGGCGCCTCAT
CP070500.1_gap43	2029736	2030666	930	GCAGCTCCGGCAACGAGGTTCCCGCGCCGGTGGTGGTGACGACGGCCGACATTCGCACCGGGGGCCCGCGTGCCGCCGCGCTGGAAGGTGTGCTCGTGGAGGTCCGCGACGTGGCGGTCAACACGGGGGTGGACGAGTTCGGCCAGTTCCTGGTGAACGAGGCGGGTGACGCCGGTCAGCCGGGTCTGATGATTGACGACCAGGCCTATGCCTTCCAGGTCCCGTCCATTGGCACGCGCTTCGGCGCGCTGCGCGGCGTGCTGACGTACAACTTCAATGACTCCAAGCTGGTGCCGCGCTTCCAGGCGGACATGCCGCTGCCGCCGCCGTCGCTGACGGGCTTTGGTCCGGACGGCTATGCGCGCGTGGGTGGCACGGGCCCGGTGAACACCTTCCCGCAGGCGCTGACGCTGTCGCTGTCGTCCGCCTACGCGGAGGCGCTCGACGTCGTCATCACCTCCTCCAACGAGAGCGCGCTGAGCGTGCAGGACGGCCGCATCACCATCCCCGCGGGTCAGACGTCCGCGACGGTGCAGGTGAACGCGGTGGCGCCCGCGCAGAGCGTGACGCTGACGGCCACGCTGGGCGGCTCCACGCAGACGGCCACCATCCGGGTGCTGGGTGCCGACGAGCAGCCCGAGGTGGTAGGCGTCACCCCGGGTGACGTGACGATGGTGCCCGGCGGCGAGGTGGTCTTCACCGTGCAACTGGACCGTCCGGCGCCCGCCAACGCCACTGTGGCGCTGAGCGTGAATCCGGCGACGGGCTTCGGCACCTTCGTTCCGGCGAACGGCACGCTCACCGTGACGGAGAACGCCACGGAGGCCGTGTTCTCCTTCATCACGGACGCGGCGGCCACGGCCACCGAGCCCGGCACGGTGACGGCGAGCATCGGTGCGACCAGCGCGAGCGCCACTGTGACGCTGGACC
CP070500.1_gap44	2033775	2038655	4880	CACCGCCGGCTCGCCGCTTGAGCGCTGCATTCGCGCCGCCACCTTGCGCACCGCGCCCAACACTCCGAGCGCGAGCAACAGGTAGATGGCCATGCCCATCCACGTCCACACCGCCGTGGCCACGGCGAAGGTGGAGTCCATGGGAAGGAAGCGCGTCACCGACCATGACAGCACTAGCAGTGTGCCCAGCACCGTCATGACGCCCATGCCCACGCGCCGCCATGCGCGGTGCTCCGACGTGGCCGTGAAGAGGCGCCGGTACAAGTAGACGTGGACGGCGACCGTGGCGATGCCGGTGACGAGGGCGAAGAGGATGAAGCGCGCGGTGTCCATGCAGTGCGCCATCCTGACCCGTGCGCGACGCGCTGCAATGCAATCCGCGTGAAGAAATGTGAACACCGCGTACACGGACATCGCATCAATCCGCGCGGGGTGTTCGCAGCTGGGGCAATCGCGACCCGAACCCACGTCGCATGCGATTGCAGCATGCAGCCAAGAGAGCGACTGCGCCGTTCTCGCGATACAAGCGACAGCGTGTTGGCCGTATACACCGGCCTGCCCGAAAGCCACTGAAGGGGCGCCGCGTGTGTGACGGCGAACCGCCTGGCTGACGCGCATGCACCACCTCCTCGAGGAGACCCCCATGCCCCCTGACATGATGGCGGGAACGCGCCGCCTGTTGACGTGCCTGTTGAGCGCCTTGCTGATGGTTGGCTGCGAGCCCTCGGGGGCGCTCGCCAAGCCGGAGACTCCACACGCCACGCGCACCCAGCGAGTGGTCGTCACGGCCCCGCCGATGCGCATCGCCGCGGGTACCCAGCACTCGCTGTATCTGTCACCCGGAGGCGACGTGTGGGCCTGGGGCGGCAATGGCTCCGGCCAGCTTGGCGGGGCGGAGACGTCCCTCCAGGGACTGGCTCCAGTGCGGCTGGCGGCGCTGGAGAACATCGTGTCGGTGGTGTCCGGAGACGCCCACTCGCTCGCACTGGGCGCGGATGGCTCGGTGTGGACGTGGGGCGGCAACAGCTCCGGGCAGCTCGGTGATGGCACCACCACCGATCGCGCGACGCCGATGCGGGTGGCCGGCCTGGACAGCGTGGTGGCGGTGGCCGCCGGAGACTTCCACTCGTTGGCGCTGCGCGAGGACGGCACGGTGTGGGCGTGGGGGACGAACTTCCACGGACAGCTCGGCCGGGGACACACGCAGCCGGGGCTCACGCCCGAACAGGTTCCCGGGTTGAATGGCGTGGTCGCGCTCGCCGCGGGCTTCGACTTCACCCTGGCCGTGCTGGAGGACGGCACGGTGCGCGCGTGGGGCTCCAACGGCTCTGGCCAACTGGGTGACGGTACCTCCACCCAGCGCCTGTCTCCCGTGAAGGTCTCCGAGCTCAGCGGCATCACCGAGGTGAGGGCGGGCACCTACCACGCGCTGGCGCTGGGCAAGGACGGCGGCGTGTGGACGTGGGGTAGCAATGCCTCCGGACAGCTCGGTGATGGCACTTGGAATGACCGCGCCGTACCCATGCAGGTGCCGGGGCTCGAGCGGGTGAAGGCCGTGGCTTCCATGGACTCGGATTCGCTGGCGCTGCTCGACACGGGCGCCGTGTTCGCGTGGGGTGCCAATGGCTCCGGCCAACTGGGCGATGGAGACACCACCGACCGCGCCACGCCGGGACCGGTGCCGGGGCTGAATGCGGTGGCCTCGGTGGTGGGCGGCGCGCAGCACGCGCTGGTCCTGCGAAAAGACGGCACGCTCTGGGCCTGGGGCGGAGGCCTGTCGGGCCAACTGGGCCACGGCGGCTCCGAGCGCCACGTGGTGCCCGCTCCGGTGATGCGCCTGGCGGGCGTGACGTCGATGGCGACGGGCAGTTTCCACTCCCTGGCCGCGCTGGGGGATGGCTCCGTCTGGGCCTGGGGCCGCAACACCTATGGACAGTTGGGTGATGGCAGCACCGCCGAGCGCCACGCCGCGGTGCGCGTGGAGGGGCTCGGCGGCGTTCGCAGCGTCGCCTCGGCCGCCCACCATTCGCTCGCCGTGGGCATGGATGGGACGGTCTGGGCGTGGGGGCGCAACGCCGCCGGACAGTTGGGGGATGGCACCACGCTCGACCGCGCCCGGCCCGTGGCGGTGCCGGGCCTGACGTCGGTGACGGCGGTGGCCGCGGGCGGCAGTCACGTCCTGGCGCTGCGCAGCGACGGCAGCGTGTGGGCCTGGGGCTACAACGCGCTGGGACAGTTGGGGGACGGCACGACGGTGGACCGGTTGACGCCGGTGCGAGTGTCGGGGCTCGGTGCGGTGGTGGCGGTGGCAGCCGGTTCGTACTTCTCCATGGCCCTGCAGTCCGACGGCACGGTGTGGACGTGGGGCGAGGGCTTCGAGGGACAGTTGGGGGACGGCGGTGGCGTGCAGCGACTGAGTCCGGTGCGTGTGGAGGGATTGGCGAACATCACCCGCGTGGCGGCGGGCTCCGCGCATGCGCTGGCCGTGCGCGGCGACGGCACGGTGTGGGCCTGGGGCGACAATGGGGAAGGGCAGCTCGGGGACGGCTCTTGGGCGGACCGCTTCCGTCCGGTGCAGGTGCCGGGACTGCAGGGCATCACCGCCGTCAGCGGTGGCCGCTCCCACTCCATGGCGTTGCAAGGTGATGGCACGGTGCGCGCGTGGGGCTACAACGGTTACGGCCAGCTCGGCGACGGAACGCTCACCTCGCGCGTGCGGCCCGCCCTCATCCCCGGCCTGACTGGCATCCAGGCGCTCCACCCCAGCCACCTGCACGTGCTCGCGCTGCACGCGGATGGGACGTTGCGCGGGTGGGGCTACAACCGCTTCGGCCAGTTGGGCCTGGGCGCCGCGGGTTGGAGCGCCGTGCCAGTGCAGGTGCGTGGCATTGGCCGCGTGGACAGGTTGTCCGTCGGCCGCGCGCACACGCTGATGGTGCGCGCCGATGGCACGGTGATGGCCTGGGGCGAGAATGGTTCGGGCCAACTGGGCGACGGCACCTCCACCCACCGCACGGGGCCGGTGTCCGTGCCCGGCGTGCCCTGTGTCCGCTCTGTCGCCAGTGGCATACAGCACTCGCTGGCGCTGGCGTGTGACGGCACCGTCTGGGCTTGGGGCGCGAACGCGCGGGGGCAGTTGGGAGATGGCACCACCACCCCGCGCGTGACGCCGGGACTGGTGGAGGGGCTTCGGGGCGTGGTGGCGCTGGCGGCGGGTGGAGACGCGTCGGTGGCGCTGCGCGCGGATGGCTCCGTGTGGAGTTGGGGCGGCAACGCCAGCGGCCAACTGGGTGACGGTACCCTCACGGACCGCGCCCTGCCGGCCCACGTCGAGCACCTCTCCAACGCGGTGGCCGTGGCCGTGGGCGAAACGCATGCCCTGGCGGTGGGCGAGGACGGCGCGCTGTGGGCCTGGGGCGCGAATGGCTCGGGCCAACTGGGAGATGGTGGCACCGCGCCGAGCCTGACGCCGGTGCGTGTGAAGGGGCTGGAGCGTGTGGCGTCCGTGGCGGCCGGACGTGCCTTCTCGGTGGCGGTGCGCGACGACGGCACCGCGTGGGCCTGGGGCACGAACCCGTCCGGCCAGTTGGGCGATGGCACCAACCACGCGCGGAGCGTGCCGAATCAGGTGACCTCCTTGAAGGGCATCCGCGCCATGTCTGCGGGGGCCCACCACGTGGTGGCGCTGAGCGCCGACGGCACGGTGTGGACGTGGGGCGACAACACGCTGGGGCAGTTGGGAGATGGCTCGTCCTCGCCGACGGGGATGTGGCCCCGGCAGGTGCCGGAGCTGCGAGGCGTGGAGGCGGTGGCCGCGGGAGAGCAGTTCACCGTGGCCGTGCTGCTGGACGGTACCGCCCGCGCCTGGGGCAGCAACGAGTACGGCCAGCTCGGTGATGGGAAGACGGGCCCGCAGCTGACGCCGATGGCGGTGAAAATCGAAGGACCGAAAATCCGCCCGCCCGTGCGCACCGTGCGCGCCTGGGGCCAGCACGCGGTGGTGCAGATGTCAGACGGCACCGTGCAGACGTGGGGCGACAACACGTTCGGCCAACTGGGAGACGGCACCACCACGCGACGCGCGGTGCCCTTGACGGTGTATGGATTGGCGAGCGTGGTGGCCGTGTCCTCGGGCGCCTGGCACTCGCTGGCGCTGCTCAGTGACGGCACCGTCTGGGCGTGGGGCGCCAATGGCTTCGGTCAGCTCGGGGATGGCACGTCCACTCCGCGCACCAGGCCGGTGCAGGTGGCCGGGCTGGGGGATGTGGTGGCCATTGGCTCGGGGGGCTACCACGCGCTGGCGGTGTGCTCGGACGGCTCGGTGTGGACGTGGGGCTACAACGCGTTCGGCCAACTGGGTGACGGCACCGCGGAGTCGCGCTCCCTGCCCACCCGGGTGGAGGGGCTGGAGGGCGTGGTGGCCGTGGCGGGCGGAGACCACTACTCGCTAGCGCTGCACTCGGACGGCACCCTGTCCGCGTGGGGCAACAACGCGTCGGGCCAGTTGGGAGACGGCACAGGCACCACCCGCTATTCGCGCGTGGCGGTGAAGGGCGTGGACGGCGTGGTGGACGTGCGCGCGGGCGCGACGCACACGGTGGCGCTGCGGGGCGACGGCACCGTGTGGACGTGGGGCGACAACGCGTTCGGTCAGCTGGGGGACGGCGCCAGCGGCACGCGGATGCGCCTGGTGCCCCGGCCGGTGCCGAACCTGTCCTCGGTGTCCGCCGTGGGCGCGGGGGCTCGCCACACGTTCGCCGTGGCGCTCAAGGGCACGGTGTGGACGTGGGGACGCAATTCGCACGGCCAACTGGGGCTGGGGGACAACACGAACCGGACGGAGCCCCTGCGCGTGCGGGAGCTGTCGGACGTCACCGTGG
CP070500.1_gap45	2082286	2085571	3285	CACCGGGTTGGTGTACTTGCGCTGCTGATTCTCCTTCACCGCGCACCGGATGATGTAGCGCATGAGTTCATCGGCGCGTGCGGGGTCCTGGTTGAACCAGTGGGAGAATCCAATCGTGGAGAGCCCATTGGTTGATAAACCATTGGTGGACAGTCCGTTGGTCGAAAGGCCATTGGTTGACAAGCCATTGGTCGACAATCCGTTGCCTGATTCGGCCGACCCGTGGGCTTCGCACAGCGTCCACGTATCACCCGCAAGCTCCGCTGGACCACATGCCCCGCCTCCGAATCCCAGCGCCAGGCCCAGCAGCCCTCCGGCGATGCGCGGCCGGCGCAGGTGTTTCAGGCAGTGATTGATTCGGAATCCAGACAGAAACGCTGGCATGAGACGCATGGCTTTCCCCCGTTTCGGGGAGCGAGCAATGCCTGCTCCCCGGATGCCATCAGTTCCAGCTCACGCGAACTAAAACACTGTCGCTGATGGGTGAAGCCAGTGTGACGGTGTTCAAGCCGTGAGAAAATATGGCCCGGCGGGAATATTCGGGTGGGGGTCTGCCCGGAGACACCTGGTTTGTGTCATGGGCGACGACGTCACGCTCACCTGCTCGCAAGCTGATAACAGATACGTGTTTTCCGTCAGCTAGTCGCTCCCGTCGAACTCCAGGGCGAGCGACGCTGCTGGCGTGAGTGCGAAGCCATCCGCGGTGCGCAGGCGCCATGTGCCTACGTCGGTGACGGGGCCTCCCACGACTTCCGACTCCGAGGAGTCGCCGCGCGTCTCCGCCTGGCCCAGGTGGACGCAGAGGTGGACGCGGGCGTTCACCGGGTCCGCCAGCTTCTGCGCCATGTCCTGGAGCACCCGCAGCGTACGCTCCGCCTCGCGCAGGTACTCGGTGCGCTCGGCGCTGGGGGCGCCGTGGTCCAGCGGGTGTACGGCCAGCAGGGAGGTGCCGGACTGGAGCGCCAGCAGGAAGCCGCCGCCGCGCAGGCCCTGCTCGAGCCCATCCAGCACGTCCGCGAGCACCGCGTACACGGCGTCGTCATCCTGGGCGGAGGCGGCGAGGACGACCTCGGCGTGGACGGCCAGCGCCAGCCGCGTGCGGCGCGTGGGCTGGACGGGCTCCTCGGCCGCTTCGCTGAGCGCGGCGAGGAAGGCCGTCACGCTGCCGAAGCGGCGGCTGCCGTCCTTCTCCAGGCAGCGCAGCACCACCGCGTCCACCGCCGGGGACACCGCGGCGATGGCGCTGGGCCGGGGCGCGGGCGCCTCCAGGTGCAGCCGCTCCAGCTCCATCCGGTCCTCGCACTGGAAGGGATAGCGGCCGGTGATGAGTTGATGCAGCAGCACGCCCAGCGCGTAGATGTCCGTGTGCGGGCCAATGGGGCCGCCGCGGAACTGCTCGGGCGCCATGGCGTGCGCGGTGCCCAGCCGCTGGCCGGCGATGGTGAGCCCTTCCTGCGAAGGCTCGGCGTGCAGCAGCTTGGCGATGCCGAAGTCCAGCAGCTTCACCCGGGGGCGCTCACCTTCCTCCACGACGAGGATGTTGCTGGCCTTCAAGTCGCGGTGGACGACGCCCGCACGGTGCGCGGCCTCCAGCGCGCCGCAGACGGGCTCCAGGTACGCGAGCGCGCGCGTCGACGACAGCCGCCCGCGCTCCTGCACCACCTGACTGAGGGTGCGGCCGGTGAGCAGCTCCATGACGTAGTAGGGGCTGCCGTCCGGCATCAGCCCGAAGTCATACACGTCCACGATGTTGGGGTGGCGAATCTGGTTCACCACGCGCGCCTCGCGCACGAAGCGCTTGAGCATCTCCCCCTGGTCCGCCAGGTGCGGGTGGAGGACCTTCACCGCGGCCCGCCGGCCCAGGATGCGGTGCTCCGCCTCGTACACGCTGCCGTGCCCGCCCGAGGCGAGCAGCGCCTTGAGGACGTACTCCCCGGCCAGCGTGCCCGGGCCTCGTTGCGCACGGGAAGGTTCGCTCTGTGCCCGCTCGGATGCATGCAGGTCCGCTCGGGCCTGGATGCGAAAGGTGCTCTCGGAGTCCGCCGCCATGGGGTGCCTCATCCTTACACCTTTCCCCCAGGAGTCTGCTCAGACGCCGGGCTGAATTCCCGCCGCGCCGCGGCATCGGCGTGTGGGCGTTGGCCACCCATCGGGGAGGACGTGGGCGTGTCCGCGGGGTGTTCGCTGGCGGAAGGTCTGCTGCCCTGGAGTCGGGGGGGATTGGACGGAGGGGCCCTGGCACTGATGGGATTCAGGGGGCGTGAAACTTCGCACGGAGAGAGCGGGGATGGCGGGAGCGCGGGGCTTCGGGCGAGCGTCGGGGGGCTGCTACATGACGACGTTGGATGAACTCACGACGTGCGCGGGCCTTGCCTTGGCGCCACCGTCCTCCACGGGAGCCTGCCTCATCCTCATCAGCACCACCACGCCGGCAGCCATCGGCAAGGCCTACCGCCTGGACCAGGGCGAGCACATCATCGGCCGCGGTTCCGACGTCACCGTGCGCATCGACGACCACGGGGTGTCACGCAAGCACGCGCGCGTCGTTCGTGCGGGCGACGGTGCCTGCCACGTCACCGACCTGGACTCCACCAACGGAACGCTGCTCAACGGCGTGCCCGTCAGCACCGCCGAGTTGATGGAAGGGGACCGGCTGCAGATCGGCACCGTCACCGTGTTCCGCTTCTCCAAGCGCGAAGTCCTGGAGCAGCGGGAGGAGCAGCTTCGCCAGGCGCTGACCGCCGCGCGCGTGGGCATCTGGGACTGGAACGCGCAGAGCGGCCGGGTGACGTGGAGCGAGCAGGTGGACCGGCTGCTGGGGCTTCCCGTGGGCAAGTTGTCCGGCCGCGCCATGGAGCTGTCGGAGGTGGTGCACCCAGCGGACCTGCCGCGCGTGAGCGAGGTGCTGGGCGCCGCGCTGGAGAAGAAGACGCAGGTGGACGTGGAGTACCGCATCGAGCCGCAGGGGAGCGGCTGGCGGTGGATTTCCTGCAAGGGTGACGTGCTGTGTGACGCCTCGGGCGCGCCAGCGCGGGTGACGGGCACGGTGATGGACATCACCGCGCGCAAGCTGGCCGAACAGGAGCTGCACCGCCAATCGCTCATCTTCGAGAGCATCTACGACGGCGTGGTGATTACCGACCTGGGTGGCGGCATCATCGACTGGAACTCCAGCGCCGAGCGCATGTTCGGGCGACAGAAGTCGGAAGCGCTGGGGCAGACGCTCTTCAGCGTGCTGCACCCGGATGAGCCCGACCGGCTCACCGGCCTGGTTCTCACCGCGCT
CP070500.1_gap46	2098902	2103362	4460	CCGGGGCCGCCATCGAGCCACACCCAGCGCAGGTGGACCTGCTCCTGGAAGCGGTTGGCCTGGTGGAGCAGGGTGAGCGCCTCGCGCTCCCCGGCGAGCTGCCACGCCTTGCCGATGGAGCCAGCGAGCGTGTGGCCGAGCAACCGGTGGTCATGCTGCATGTCCAGGGCGGAGCGCTCGAGCTCACGGCGGACCTGGACGTACTGCAAGCCCGCCATGACGGCGATGGCGAGCAGGACGAGGGCGAGGGTGAACTTGCGGGCGAGTCTCACGGGCGGTTCGAAAGAGGCTGCTCCGGTCCGTGCGCCTCGAGGGGGAGGGAGCGCACGGACCGGAGGTGGGTTCTCACAACGTACCGCGAGTGCTGCAACAAGGAAGGCGGCGTTTGCCGCACGAGCCCTCGCCGGCTGTCGGGACGGGCGGGGCGTGCTTCCTTGGGCTCACGCAAAGCATCCGCTGTGCCAACGGACGCGGGCGGTGCCTCACTCGGGGACGCGTGTGCCGTGTCCCACCCTGGGCGGGGCAGATTGCCCCGGAGAGGGGCAGGATGCCCCGGCGTGACGTCAGAGCCCCTTCGTTTCGTAGCTGGAGGGGACGTCGACGTGGAAGGCGAAGTCCAGGGTGCGCTTCTCACCCGGGGCCAGCGTCACCTTCCAGGTTGCGATGCCGTCGCTGGACTGGAGCGTGTAGCCGGCCGTCGTCTCTGGCTCCATCGCCACCTTCACGTCCTGCAGTTCGGACACGGGAAAGTGCTCGGAGATCTCCACTTCTTCCGGGTGCCCGCGGAGGTTGTTCAGCGTGAACTGGTAGGCGTAGCGGAACCGCTGCGTGTCCTTGAACAGGCCCTTGGGGCGCTGGAGTTCCTCCACCACGCGGCGCTCCACGCGCAGGCCTTCTTCCACGCCGAAGGTCAGCTCGAAGGGGGCACCTTGCGCCACGTGCTCCAGTGACTGGCGGCCGATGAAGCCCGCGCCACGATAGAGGTCCACATCACCTGGCAGCAGCGGGAACGCGGCGGCGTTGTTCAAGCGGGCCACGCGGAAGACGACGGGGTGTAGCTTGGGGATGGTGCGCCAGTTGAACGCGGCTTTGAATCGGGTTCGTGCCACCTGTATCCGCACGGCATTGCCATCGCCGGGGATGCTCACGCGCGCCTGTGCCGCGAACTGCACGGACAGCCCCTGGGGGATGGCTTCGAGTCCCTTCGTGACCGTCGCCGTGGGGGTGCCGCCAGCGTTGGCGTGCTGTGGCTGCTCGTCGCGGCGCACCAGCACCTGACGCTCCTTCGGCCGTTCTTCCGCCAGGACATACAGCGGCTGGATTTCTGGAAGGGTGGCGTCCCGCTGCGGCTGCGCGGTGGACAGCACCAGCTTCGCGTCCGACCAGTCCTCTCCGGTGGATTGGCGCACCGTGGCCAGCGTCGTCAATTCCACCGTCCGGGTACTGTCGTTCGCACGAGCCTCGTAGGAGGGCGTCCAACTGGCGTTCCCCATCAGGTACGTCAGCGCCACGCGGGCCCGGGTGCCTTGGGGACAGGAGAGTCGCACCTCGACGTGGCGCTCTCGTTGTTCGGAGGCGGTTCGGAGTTTCTCCAGTTCGGTGTCTACCTCGGTGAGTTGTTTCTCCAGCACGCGCTGTCGGGCCATGGCGTCCTGGTCCTCGGTCATCGCGCGCCGCCTCACGGCCATGGCCGAGTCGAAGGCGGCCGCCCATGCGCGCGTGTCGGGCTTCGCGTACGTCATCTCATGGGTGACGCGGTACACGGCGACGTCCGTGTATCCGCTCGCGAGTGTCTGGAGAGCGTTCGCTCGCGCCGCCGCATCGCCCAGGGCAGCCCGCTCACGCAGCAGCGTGTCTCGGCGTGCCTCCAGCCGGGTGCGCTCTTCGCGAAGGGCGTCCTCGCGTGAGTGTTCATCGGTGATGAGCCCTTCCACCGTGGCACTGTCGGAGTGGGCCCGGAGGCTGTCGGCCACGGCGGAGAGGGGAACGGCCTCGAATCGGGCACGTGTGGGGCCTGTGCAGGTCACGGTCTCTTCGCGCGTGACCTGTGCACGGTCCGGATACACCACGACAGTAGACACCTTGGCGGACGCGACGAGCGCCCACAGCGTCAGAGGCAGGGCAGGCATGGTTCGGTCCTCGGGCTAGTTCTGGTACTTCTGATACAGACGCCAGCCCTTGGGGCGGCTCAGGGTGTATTGGAAGGAGACGGTGGACTTGCTGGACGGTGGCACCACCACGTCCCACTGAAGCTTCCCCGTTCCCTTGTCGAACTGGGGAGCGGGCACGGCACGGACCAGCGCCACCTCCACCTTGCCGTCTTGATTGAGCGGAAGCTGGTCCACCACGCTCACGGCCAGGGGGAAGGGGTAGGGATTGGGAACCTCCATGGTGACTTCGTACGTGCCCACCTCATCCTTGGAGATGAAGCCTTTCTCCGACTCGACGAGCCGTACGTCCCGGGCGCTGCGTACCGCGCGGTCGATGCCCAGTGGCAGGGTGAAGGACTCCCCGGGAACGATGGTTGTCAGCATCGCGGTGCCGGCCGGGTCGGCGCCCACGAAGAGCGATGCATCCCCCCCTGGAAACACGTTCCGGGATGGGCCCTGAAGCGTTGCGACGAGGTACGTGTTCGGCGAGAGCGCAGGGAAAATCTTGCGCTCCACTTGCACGGGCCAGGACTCGGAGACCAGCGGGAGGCTGCGTTCCCCCTTGTTACTGAGGAGGGTTTCCGGGTGCTGTGAGGTGAAGGTGAGGTTGTAGCCTCCCGCGACGGCGACTGGCGAATCCGGGGCAAATGTGGGGGGGCGCCAGCCAGGCGGTGGGGTCAGTGACATCGACCGCTGAATGGAGCCTGGGATCCGCTTGATGAACTCCTGATCGATGTTGACGCCCATGGTCGAGGACCCGACGTCGATGGTGGGCGGGTGGCCAACGATTTCGACGGACTCGTTCAGAGAGTCGGGAAGCAGCTCCGCATTGACTCGGAGTGTGCGGTTCGAACGGATCTGGATGGGGCGGCGGGCATGGGGCTTGTAGCCCTCACGCTCGTACCGCACGGTGTAGGCTTCGGAGGGGAGCCTGGGGAGGAGGTACTCACCCTTGGCGTCCGTCACCGTCACGTGCTCCGCCTCCCTTGATGAGGGGATCGCGGTGACGACCACATCGGAGAGCGTCTGCCGGGACTGGGTGTCGATGACGGTACCCCGGATGGCCCCCATCCCTCCTTGTTCGCGTTGCGCGGTGACCTGCGGCTTCGAGGCTGCGGGCTGTGTCAGGCCCCGCTCTCCGGCAAGTCGCAGCAACTGCGCGCGCAGCATTTCCTCGGCTGAGGTCGTGGGCTGGGACGGGGTGTTCGAAGCGTCCGGCACGGGTTGAATGGACTCTTCATGAGGACGCGGCGTGGGAATGAATCGCTCCCGGATGCCCAGCTTCCAGGTGCTCAGTTTGGGCAACTCCGTGGCGTTGGCAGGCAGGGCGGTGCTGAGCGTGAGCCGTGCGCTCTCCCAATCCTCGCCTGTCTCCTGGCTCACGCGGCCGTAGAAGGCCATCTGCATCCGCTGCGTTTCGGGTTGGAACTGCAGCTCATAGTGGGGATACCAGCGGGCCCCGGTGGTGAGGTACGTCAACGTCACCTTCGTGGCGCCTTTGCCCGTGAGCGTGGCAGTCACTTCGACACCGGGCTCACCGAACGTCTTGCCCAACGTCGTGGCGCGCTCCTTGTGCTGCTGCTGTTCCTTCTGGAGCGTCGCGGATTGCGCCTCCAGTTCTCGCAGCCGGGCCTCCATCCGGGCCACGTTGTCCACGAGGAAGGACACCGCGGCGTCCCAGGTGGTGGGCGGAGTCTGGGCGCGCGCGGCCTCGCTGTCGGACTGCGCCGAGGGACGAACCCGCCGGAGCGCTTCAATTTGCGCATGGTGGACGTTTCGTTCAGCCGTGATGCGAGCGAGCGCCGCGTCAATTTCCTCCATGCGCGCGATGAGCTTCCGGGCTTCGTCGTGGGAGAAGGCCTCCTCCTTCACGGTGCGCACGTCGACGTGGGACACTTCCGCGCCCTCGGCTTCGACGCGGATGGAATCCGTATCCACGTTCTTGGGCAGCCGGGGAAACGTCACCCGCCGCGAGCCGGAAACCGTGAGGCTGCCGGAGCGCGCCACCTGCGCCTGGTTGCTGTAGACCGTGACTGACGTGACGGGGGCTTCGAGCGACGCCCCCAGCACGCCCACTGCCATCAACCCGAGTCCGAGGATGAGCATGCGTCCATGCTGGCGACGGACGCATGGACAATCACGTCATGGTTCCCGCACGAAATCCTCACGGAGGAACCGGCGACGGAGAGTGCGCGTGACTTCCGCGTCCCACCGGGCGGAGAACACCTCCACGAAGGTCCGGCGGAAGCGCAGCGCGCACGCCAGACACAGCAGCGTGGTGGCCAGCCCGATGACCGCGTTCTGCCAGGA
CP070500.1_gap47	2107194	2108935	1741	GCCCAGCACACGCGGGCCACGCGCCGCATGTTTTCGCAGGTGGTGGAGCGGGCGAAGCGCCAGAACGACCCCTGGTTCAACCTCTACATCGAGCGTGAGGAGGCCATCCGCGAGACGGCCGAGGGCCAGTGGTGGAAGGCCGAGCAGCGCATCTTCAACGCGCTCCAGCGCTGCCGCGAGGGCGGTCTGTCCACGCGCTGCGTGGACCTGGAGCTGCGCCTGAGCATCCTCTACGCCGACCTCCAGCGCCTCACCGAGGGCGAGCAGCATGCCCGCACCGCCTGGGCCTGGGCGCGCCAGCTCCGGGAATGGGACATGGAGTTCACCGCCCTGGAGGCGCTGGCCGCCATCACCCGCTCACGCGGGGACTTCGCCAGCTCGCGTGCCTATGTGGAGGAGTGGTCCGCCCGCGGGCACGTCAACTGCGTCTGGCCCCGGGAGAACCTGGCCCACACGTACTACCTGGACAACCGCATGGACGACGCGCGCCGCGAGGTGGACGCGAACGCCGCCTGCAAGAACGAGCCGCTGAGCCTGCTGTTCGCCGTCAACCTCGCGGAGCTGTCGCGCACCCGGCCGAAGCCAGGGGACGAGGCGTTGCTGCGGCAGGCCCTCACGTGGGCCAACCACAGCAACCCCATGCCCAGCGACGCGGTGTATGCCCGTTACGTGGAGGGCCGCTTCCTGCTGGATTCCGACAGAGCCCGGGGGCTGGCGCTGCTGCGGCAGACCATCACCGAGGCGGAGGCATTGCCTCGGGGAGATTCACTGGCGCGCGAGGCCTGGGCGCTGAGCTATTCGTCGCTCGTCACGGACGCGGGCAAGGCGGGCGAGTACACCCAGGCGTTGGAGTTGATGGCCGCGCAGCTTGGCACGCCCGTGCCCCAGCGCTGCGCCCTTGCGGCGGCGGTGCATGGCGAGCGCACGGTGCTGGTGGCGCGCGGGACGCAAGGCCAGGTGCTGGGCCACTACGAGACGGACCGGCAGGGGCCATTCATCCGCGCGGACACCTCGCGGCTGGTGCCGGATCGGCTGCGTGAGGTGTTGCGTGGCTGCGAGCGCGTGGACGTGCTTGCCTGGCCGCCCGTCTTCGGCCACACGGACCTGTTGCCGCCGGAGGTGCCCTGGAGCTTCCGGCTCGGCCGCACGGCCCAGCCGCGCACCACGCCCACGGCCCGGCGGCTCGTCGTCTCCAGCGTGGATGCGCCCGCGCTGCTCCAACTGCCGCGGCTGCCGCAGTGGTTGCCCTCGCAGGAGCCGGAGGCGGTGCCGCTGCAGGTGCTGTCCGGCTCGGACGCCACGCCCGCGCGCGTGCTGGCGGACATGCGGGACGCCACCGAAATCGAAATCCACGCCCACGGCATCATGGACCCGGCGCTCTCGGATGCGTCGCTGGTGGTGCTGTCCCCGGAGACGAGCGGCCGCTACGCGCTCACCGCGGACGTGGTGCGGCAGCAGACGCTCACGGGGGCGCCCATGGTGTTCCTGGCGGCGTGCAGCGCCGGACGCGCGGCGAGCACCACCACCAGCCACGAGCCCTTCAGCCTGCCCGCGGCGTTCATCGATGCGGGCGCACGGGCGGTGCTGGCCTCCACGGTGGACATCCCGGATGCCGCCGGCCGCTTCTTCGATGGGGTCCGGCGCCGCATTCGCGAAGGGGCCGCGCCGGCGGTGGCGCTGCGGGACGAGCGTCAGCGCTGGTTGGAGCGGGACAGCCGTGCCGGGTGGACCCGGCACGTCA
CP070500.1_gap48	2109960	2113088	3128	CAATGCCAGGCGCGAGTCTTCCCTGCTCATTCAGAACTCCGTGAATTCCATGTCGCGAGTTGCCCCGTCAGATGCGCGGGGTTGGCGCGTGTCATGATAAGGACTGTACGTGTTGCCGTATCATCCATGTCTAGCTTTCAGACCATCCCCAATCGCGAGGTGCGAGCGCTCATGACGCCCGTCGAATCCCTTATGGCCGGTAGCTTGGATTCCGAGTCCGGTGAAGCCCATGTCAAGAACACCTACGTCAACTGCGACACGGCCAGCGTCGCCCCGCGCAAGCGGCTCCCGCTGCCGTCGCCGGCGGTTCCTCCCCTGGTCGGGCCGGAGCATCCGAACGCCAGCCAGGTCCGCTGATCTCCAGGCCCGGGCAGGGTTTTTCACCCTCCCGGGCATTTTTCTGTCCGGGTCCTTCTTTTTTTTCTTCTCAAGGATTGGACCGCTGCGCGTCTTTGACTGGGTAACGCGCAGGCGCGCATGTGAGTGGGGCTGCATGTCCAACCTCTTCAACCGGGACCGGAGGCGCTTCGAAGCGTTCATCCGTCAGCATCGGCCCAGCCTTCTGGGGCTGGCCCGCCGGTTGTGTGCCCGCTCCAGCCTGGAGCCGGACGACCTCGTCCAGGAGACCTTCGAGCGGGCGATGCCGGAGTTCGAGCATCTGAAGGACCGGACGGACTCCGCGGCGGCTGCGTGGCTGTGTACGACGATGACGAACCGCTTCCTGGACTACTGCCGCCGCCAGCGGACGGAGTCCCGGGGGATGCCACACCTGGCGCTGGTCCAGGATTTGGCGGTGTCGCCGGAGGAGACCCAGGAGAACTGGGCGCTGGTGAGCACCGACGCCTTCCAGAAGGCCATCGAGCGGTTGAAGCCGCACCTGCGTGACGCCTACCGCCTGCACGCGGAGGGCAAGCGCTACAACGCCATCGCCGAGCATTTCAATGTTCCCGTGGGCACCGTGGGCAGTTGGCTCACCCTGGCCCGTAGGGATTTGAAGGAACTGCTGCTGCCCCAGGTGGCGGTAGCCCGGGAGCAGGGGGCCACGAGCTCATGACGACGCCATGCACCAATCTGAACCTCTTCGTGGACGGAGAGCTGTCCGCTCCCGACGCGGAGGTCTTCCGCCAGCACCTGGGGCGCTGCCCTGAATGCGAGGCGGGGCTGAGGGAGCTGCTTCAGTTGGAGCTGCTGGCCTCCCGCGCCCTGGGGGGGAGTGCCAGCGTCGCCGAGCCGCCGCCCGCGAAGGTGACGCCGCTGCGGCCGTGGATGCAGCGGATGTCTCGCACGGTGGTGCCGGTGGCGTTGGCGGCGGGTTTGGCGGCGGTGGGTGTGTTCCGTCTCCAGACGCAGCCAGAGGCCCCCACCGACGTGTGGCTGGCGGGCGCGGACGTGCGGACCTTGGAGGCGCGGCTCAGCCACCCGATGGCGGACCGCTTCCGGCCCTACGAGCCGATGCGCGGCACGTCCGGCGCCGCGAACCCGCTGCCGCTGCGGCCCCTGGCGGAGCTGGAGGAGCAGCAGGACTTCCGAGGCATCGCCGCCGCCTATGCGCTGCGCGGGGACTGGCAGCAGGCGGAGTCCTTCCTGGCACGGGCACCGGCCTCGGCGGACCGGGACAATGACCGCGCGGTGGTGGCCCTCAGCGGTCAGCGGTGGGAGGAAGCGCTGAACCTGCTCGGCGGAGCGCTGCGCCAGGAGCCGCGGCATGCGCAGGCGCTGTGGAACCGGGGGCTGGCGCTGCGGGGACTGGGCCTGCTGAAGCAGGCGGAGACATCGTTCCGCGACGTCGCCTCGCTGCCGGGCCAGGCGGCGGGCTGGACGGTGGCCGCGGAGAAGCGCGCGGACGAGATGCGTGCGCTGCGTGACGCAGAGGCCGCGAGGTGGAAGCGCCAGGTGCGGGAGACGTGGACGCAGCTCACCGAGAAGACGGCGGATGCGGCGTACCTGGTGCGGCAGCATCCCGCGGTGACGCGTGCGGCCCTCTATGAAGCGGTGCGTACGGCCACTTCGGTGGACGCGGTGGCCGCACTGTTGCCGCTCGCCTCGGCGTTGGATCGGCTGGGTGAAGGCACGGTGCTCCAGGACTACGTCCGGGATGCGGCATCCCGCGACTTCAAGGTGCGTGCTCCGCTGGCGGAGGACTATGCGCAGCTGGTGAAGGAGGGGGCGCTGGTTCCCGGACTGCTGGAGCGACTGCGCGTCTCCCAGGAGACGGACCTGTACGTCGGCGCGCTGCTCCACACGGGCGAGGCCGCCCGGGATGCGGAGTCGCTCAAGGCCCTGCAGCGCTACGCCCATGGCTCCAGGGACCCGTGGCTCAACCTGCTGGCCGAGCGTGAGCGGGCCCGGAGCGAGGAGGCGTCCGGCCGCGCCGCCAACGCCGAGCACCTGCTGCTGGCCACGCTCCGCACGTGTGGTGCGTACAACACGCTCTTCCCGTGCGCTGAAATCAACTGAGCGCTCGCTTCGAATGACGTCACGCGGAGGCCGGCCTGTGACAGGGCCGGCCTCTTGCTTTTGTGGGCTTCGTGCAGGCGCGTGTCCGGGACCGGGCGAACGCGGGACTCGTGAAGGACGTCCCTGGCGTGTCGTGGCAGGCTCTGACGGTTGGTTTCTTCCGCCCAGGAGTCGGCCACCATGCCCCTGTCACCCCCTCGGAACATGAAGGACTACGAGGCCACCCGCCGGGACTTTCGCTGGGAGCGGCCCGAGCACTTCAACTTCGCGGCCGACGTCATCGACCGGCACGCCGCCGAGCGCCCGGAGGCGCTGGCCCTGCTGTGGTCCGACGAAGCCGGGCAGGCGCGGCGCTTCACGTGGGAGGACTTGCGGCGGCGCTCGCTGCACGCGGCCCGCTTCCTGACGGAGCAGGGGCTTCGCCGGGGGGACCGGGTCTTCATTATGATGCCGCGCGTGCCGGAGTGGTGGTTCCTGGTGCTGGGCTGCATTCGCGTGGGCATCGTCTTCATGCCGGGCACGCCCATGCTCACGCCGAAGGACATCCGTTACCGGTTGGAGGTGGCGGAGGCCCAGGCGGTGATTGCGGACGTGAGCTGCCTGGAGCGCTTCGACGGCCTGGTGGGGACGGCCGGCAAGGTCCGCACCTGGGTGTCGGTGGGCGAGGGCGC
CP070500.1_gap49	2118800	2120441	1641	TGGAGGATTTGGGGGAAGGTGGAGGCCGGAGTGGCCAGGTAATAGAACTGGTTGCCCTGGGTGCCGAACTTCTGGGCGACCCGGTCGAGCTCCTCGCGCAGGCGCACGAAGGACTTCGGGTCGTCATAGCCGCCGGAGATGAGCTCCAGGCGCGGGGCGAAGTCGTTCCAGACGGCCTCGTCCAGGGGCTGGGTGCGGGCGAACTTCAGCAGGGACGCCTTCACATGCTCGCGGAAGGCCTCGCTGTCTCCTTCGGAGCGGCTGAAGGCGACGACGGCGAAGTTCTTCGGCAGCAGGTGGGCTCGCGCCAACTCGAAGAGGGCCGGGAACAGCTTGCGCTGGGCCAGGTCTCCGGTGGCGCCGAACAACACCAGCGCGCACGGGTCGGGCCGCCGGGCGCGAACCAGCGGGTCTCCTTCTCGGGGATGGGTCTCGATGTGCAGGCCCTGATGCGCGTCCATTCGCTGCCTCCCTCCGGGTTCGGTCCGGCAGGCACCTTACGCCTTCCGAGCAACCACCGGGCAAGGGAGAGTGCGGGCAGTGACGCCGGTCCGACGTTGCGGAGCGTGCCTGCTCCGCGCCCTTCAAGGCAGGCAGAGCAACTGGTACCGTTGGGTGTCGTGCTGCTTCACTTCGCGCAGGTCGACACGGCACGCCTGTTCAATGTCATCGAAAGGCGACACCCGACCCCACAGCCGGCGCAGGTGGCTCCGCTTCGCCTTGAAGTCGTCGGGGGGCAGGTAGGCGCGGATGTTCTTGTAGTGACCTTCGAGCACCTCGCAGACGCGGCGAGGGTCGGCTCGCGCATACTCACCCCGTCCGTGGACCTTGATGTAGAGGATGGGCTTGTCCGGACGTTCGAGCGTGGCCCGCATGCCAGCCAGCACGTCCAGCTCGAAGCCCTCCACGTCGACCTTCACGAAGTCCACGTGTGACAGGCCCTGCTTCTGGACGAAGCCGTCCACGGTGACAACCGGGACGCTGATTCCCTCCGCGCCCTCTACGGGAACGTGTCCGTTGAGGCCCGTGGCGAAGGTGATGACGCCTTCCTGCGAGCCCACCGCCGTCTGGATGGCCTGGCAGTTGCGCAGGTGGTTGTTCCGGAAGTTGGCGTCCAGCTCCGCGTAGTTCTCCGGCTCGGGCTCGAAGCTGAAGAGCTGTCCCAGCGGGCCGATGCGGCTGCGCAGGTACATGGACAGGTAGCCGATGTTGGCTCCCACGTCGAAGGCCACCATGCCCGGCCGCAGATGGGGGGCGATGAGCGGGAGGTCCGACAGGAAGTCGTCGCCCTGCAGGTACAGCAGCATGTGCGTCGTGCTGCGGTGGGCCTTCAATGTCAGGTCATAGCCAAACAGCCTGCGCTGGACCTCGAGCGGTTGCTGACCGTTCAGCTCCAGCAGCAACCGCGCCGTGCGCAGCTGGCTGAAGAGGAGGAATGTGTGGGCGAGTCGGGCGGCTCGGAGCGCGGGGGTGATGGGGCGCATGGGGGCGCTCCCGTCTTTATGGCAGCGGCAGGTCCACGGACAAGGAACGGCGGATTGCCCTTGGGGCCAATCTCCATGACGCCCCCAGGCCGGTCGGCTGGATGGGAGGGGCGCGGCCGTGGGAGTGCGGGGCCGTCAGGAGGGGAGCGTGGGATGG
CP070500.1_gap50	2121872	2123118	1246	CGGCACGGGCGTGAATGCGGACCTGACGTCGATGGCGGCCAAGGTGAGCCGCGCGAACCCGGATGGCACGCCCGACAGCGACAACCCCTTCAACGACGGCGTGGGGCCCAACAACGAGTACATCTGGGCGCGCGGCTTCCGCAATCCCTTCACCTTCACCTTCCAGCCCACCACGGGCCGGTTGTGGGTGAACAGCGTGGGCACCGACTACGAGCAGGTCTTCGTCGTCACCCGCCGAAGCCATGCCGGCTACAGCGACTACGAGAACAACCAACCCAGCACCAACGACTTCATCACTCCCGTCGTCAAGTACAGAACCAACGGTTCCGATACCCGCGGCCTCTCCGCGGGTGGCGCCGTACGCAGCAGCGGGGTGGCCACCTTCACCACCGCCGGGAACCATGGCTTCCGCAAGGGTGAGCGGCTCACGCTCAGCGGTGTGGAGGATGCGAGCTTCAATGGCCTGTTGCTGGTGGCCAGCGTTCCTTCCCCCACGACCTTCACCGTGTCGCAGCCTTCACTGCCGGACGCGGCGAGCAGCGGGGGAACGGCCACGACGCAGGAGCTCGGTGGCTCCATCACCGGTGGCACCTTCTACGACGCGACCCTGTTCGACGAGGCGTACCAGGACAACTTCTTCTTCGGGGACTTCAACACCGGTCAGTTGACGCGAGTCACCCTGGAAGAGGACAACTCGGTGGCTACGGTGGATGAATGGGCCACCGGCTTCACCTCGCAGGTGGACATGTCGGTGGGCCCGGACGGCGCGCTCTACACCATCGGCGCGTCGGGCGGCGTCCTGCGGCGCATCACGCCCGAGACGCCGGGACAGAAACTGGTGGTGTCCGGGCTGCAGCCGCGCGTCGAGGAGGGCGGACGCGCTGCCTTCACCGTGCGCCTGGCCGAAGCGCCGGCCTTCGATGTCTCCGTGCGGGTCTCCCGCGCGCTGGGCGGCTCCGAGGACCTGAGCATCGTCAGCGGCGCGGCACTCACCTTCACCGCATCCAACTGGAACGTGCCCCAGGTGGTGACGCTCAGCGCGGCGGTGGACGAGGACGAGACGCCGGAGGTCGCTACCTTCATGGTGGTGGCGGACGGGCTGCAGGAGGTGGCGGTGGTGGCCACCACCATCGACAACAACTCGCCGCGCCTGGTGCTGACCGAGTCGCAGGTGACGGTCGTGGAGGGCGGGACGGCGACCTTCGGCGTGTCGCTCTCACAGCGGCCCCTGCGCAACGTCACGGTG
CP070500.1_gap51	2223748	2224335	587	GTCTTCGTGGAGGCGCTCCAGGCGGGTCTGCCCGTGGTGACCACGCCGATGGGGGGCGCGCTGGAAATCGTGGATGCCTCCTGCGGGGTGTTTGTCCGCCCGGAGCCGGAGTCACTGGCCCTGGCCCTGGGACGGCTCATCGAGGACCCCCAGACGCGTGCCCGGCTGGGCGCGGCGGGGCCCGCGCGTGCCGCGGCGCTGTGCGATGCGGGAGGCTTCCTTCGCGGCATGGAGGAGGCGCTGCGCGCGCTGTCCGAGCAGGAGGTGCCGGTGTGAGGGCGCCCCAGCTTCAGGGCCCCGGCGTGCTGAATCGCCGGTTCGTGCGCCGCGCACCGGGGGCCGCGCTGGAGGCGGTTCCGGAGGGGGCCTCGCCCACCGCGCCCGTCGCTCGCGGTGCGCGCATGGGCGGCGGCCTGCTGGCGTCGAGCCGCCTGGTGCCGCTCTTCGTCTGTCTGCTCATCTGCTGTCAGCTCGCGCTGCTGGTGGAAGCCATCGCGCCGCTCCGCGTGGCGGTGCGCGTGCTGGCCTTCGGCGTCAGTCTGCTGCTGCTGGCGCTGGTGCGGGGACGGAGTCTGAAGCACCCGGCG
CP070500.1_gap52	2277742	2279245	1503	TTGGCGGCTCGGACCAGGCCGCGCCCACCCACGTCTACCTGCCCGTGGGCGGCCCCCAGGCCGAGGTGTTGTGGGTGGAGGGCCACTGGGTGGCGCCGCACCATGGCTCGGTGTTGATGCTCTTCGCCAAGGTGGTGGGCGCCGCGCTGGCGGACGCGCGTGTGCAGGCGGAGAGCGCGCGCAGCCGCTGGGAGATGGAGGCGGTCGCGCAGATGGCGCGCTTCGTCGCGCAGCCGTCTCCGCCCACGCAGGAGGACTTCCTGGAGCGCGTCGCTTCACTGCTCCAGGCGGCCGCCGCGGCGCTGCACCTCTCGACGCCTCCCGAAGCCACGCTGACGCTGTCCTCACACGTGGGCTTTCAGGACGCGGCGGACGCGCGCCGGCTCACGGGCGTGCTGTCGTGTGGCGCGGAGGGCGCGCTGTCCTCGTCCGCGGATGAGGCCCCGCTGGTGGAGCAGTCCGGAGGGCGGTTGGGGGCGGGCGCGGCGGTGTGTCTGATTCGCGGCGGCGAGGTGTGCGGGATGCTCCAGGTGCTGCGCGCGCCGGGGAAGCCGTTCGACGAACGGGACCTGCGCCTGCTGGGCACGCTGTCGGAGTTGCTGGTGACGCTGCTGGAGCAGCGCCGGCTGCGGGCCGAGTCCTCGCGCCAACTGGCCGAGACGCGCCTCCTGCTGGACCTGGCGCGCACCACGTCCGGTGTGCTGGAGACGTCGAGCATCCTGGACGTGGCCGCCGACTTCCTCGTCCGCCTGCTGGACGTGTCCAACTGCTACATCCTGCTGTACGACGAGGGCGCCCGGCTGCTGCGCGGCGCCGCGGCCTCCATCGCGCACCGCGACTACTTCCGCACGGTGGTGTTGCCCCTCCATGGAGACGGCCTGACGGCGCGCGTGGCGCGTGAGCGCAGGCCCATCGCGGTGGAGGACGTGTCCTCCGCGGACGGAGGCTTCAACCCGGAGCTCGCGCACCGCTTCGACGAGAAGGCGCTGCTGGCGCTGCCGCTCACCTCGCGCGAGGAGCTCATCGGCGTGGTGGTGGTGGACGACACGCGGGGCCCGCGCGCCTTCGGTCCGGAGCTCATCGAGCTGGCGGAGGCCACGTGTGGCCAGCTGGCGTTGTCCATCGCCAACGCGCGCTTGTACGAGTCACTGTGGGCCAGCTACGCGGAGCTGGCCGCCACGCGCGCGGAGATGGTGAAGCGCGAGCGGCTGGCCGCGCTGGGCGAGCTGTCCGCGATTGTCGCCCACGAGGTGCGCAATCCGCTGGGCGTCATCTTCAACGCGGTGGCCTCGCTGCGCCGGCTGTTGGTGCCGGGCGGGGACGCGGCCATGTTGCTCGACATCCTGGGGGAGGAGAGCGACCGGCTCAACCGCATCGTCGGTGACTTGCTGGACTACACGCGTCCCAGGGACCCGGTGCTCCAGCAGGAGGACCTGGGCCGCGTGCTCCAGGATTCGCTGGAGGCCGCGCGGATGCAGGGCGGCGGCGCGGACCGCTCCATCC
CP070500.1_gap53	2280990	2284034	3044	TCGCGGATGAGCTCGGCGTCTCCTCCACCACGCTCTGGCGGAAGATGAAGCGGCTCAACCTCCGCCCCCCCAGTGAGCTGGCCCGGGAATAGCCCTGAAGTAGGGGGAAGGCTCACCCATGTAACTTTCCCGCGGCCATGGATTCAGATCCGAAATGGACGGGTTCATAGGTGAAAAAGACAAATAGTTGAATTTGCTCGTCTTTTTCACTTCTGAAACCCCATTGCAGTCATGAAATGGAGCGGCGGGGCAGAAGCAGCGTCAGTTAGTCCTTCAAGTGCTTGAGAAAACTAGAGTTTCTCCCCGCGAGGCTGCTGGCACGGCGACTGCTATAGGAATGCGCGGGACACATCGAAGCGAGGCTGAAGGCGGTTCCCCCCCACCCCTTCAGCACTTCCGGTGAGTCACCTTGAGAAGACCCGCGGCCCGGCACCTCTTTGGGGTGTCGGGCCGCCTTCTTTTCCGCGTCTGTAGCTGCCTCGGCTCGCGACGAAAGGAAGCGCAGGTGGGTTCCTCTGAATCTCAGTGGGTGCTGCGTCCCGGTCGGCTGGAAGACCACGCTGTCTTTGCCCGGCTGTTTCTTGAACTCGGGGTGGATGAGCCCTCGCCGCCCGAGCCCGTGTGGGCGGCGGAAATCGCTCAGCGCTCCCTGTTCGCCGAAGGTCCCCAGGGTGTGGGCGCCTACGCCGTGACGAACGTCCTGGGGGACTTCGGGTTCGTGAGGCAACTGGTGGTGGCGCCGTTCGCCCGGGGGCAGGGACTGGGGCGGAGGATGATGACGCACCTGGCCGGGCACTTTCGCGCACAAGGGTGCACCCGCTGGGTCCTCAACGTGAAGCGGGACAACAGGCCTGCGCTCGAGCTCTACACGTCGCTGGGAATGCGGCCGGCGCGCGAGGCCACCACGTTGCGGGTGACGCGGGCCCACCTGGCGGCGCTCCCCCCCGCGTCACCGGACGGGGCCGTGGTGCCGGTGTCGCTGGAGGACTGCGGCGCGCTGACGGAGGCCTTCGGGATGATTCCCGGCAAGCTGGCGGCCTCCGCGGCCAGTGACTCGCACCGGCTGCTGGGGCTCATCGACCCCCAAGCCCCTGCGCGCCGGTGGTTGGGGATGATGGACCTGCGCCCCGGTCCTAGCTTGTTTCCCTTCTTCGCGGTGTCTCCCGGGCATGCGCGGACACTGCTCGAAGAGGCCTTCGGCCAGTTGGAGGAGGGCGCGTCCTCGCTGAATGTCACGGTGGCGGAAGACGCGCCCCTGGTGCACCTGTTCCGGGATGCGGGAGCGCAGACGCGCCTCGAGACGCTGGAGCTTCGCGGCCTGCTGGTGGACGCGGCGCCCTGATTCACGGGCGCTGAAAACACGACGCCCGCCCGAGCACGAAGCCGGGGCGGGCGGGGTGTGACAGCGGAGGCGGGAGGCTACTGGCCGAAGATGCTGCTGGCCTGCTCCAGCCAGCCCATGATGGGACCGGGGATGATGCCCAGAATCACGACCGCCGCGGTGGACAGCACCAGCGCCAGTTCGGTGGACCAGCTCTTCTCGAGCGCCTGCGCGCCCTCCGGCACCGGCCGCATGAACATGTAGACCACCACGCGCAGGTAGTAATAGATGCCCACCGCGCTGGAGAGCACGCCGACGATGGTGAGGCCGATGAGGCCCGCATCCACGGCGGCCTGGAAGATGAGCAGCTTGCTCATGAATCCGATGGTGGGCGGGATGCCACCCAGCGACAGCATGAAGGCCGCCATCGCGAAGGCCCAACCCGGCTTGCGCTGCGCCAGCCCGCTGAAGCGCTCCAGGTCCCAGGCGGTGCCCTTCTCCTCGTCCTCGCGACGCTCCAGGACGGAGACGATGGCGAAGGCGCCCACCGCGCTGAACGTGTACGCCAGCAGGTAGTAGAGGATGCCGCGCAGCGCCTCCGCGCGGGCCAGGCCCAGCGGGGTGCCACCCGTCAGCGCGGACGCACCCAGCAGGCGGAACTGCTCGCCCGGGCCGGTGACGAAGAGGGCGGCCACGCCCACCAGCAGGTAGCCGGCGTGGGCAATGGACGAGTACGCCAGCATGCGCTTCACGTTGCGCTGCGGAATCGCCAGCAGGTTGCCCGCCACCATGGTGAGGAAGGCCAGCACGGAGAACAGGCCCAGCAGCATCTGCGGGTCCACGCCCTTGCCCACCATGAAGAACACGCGGACCATCGCCGCGAAGGCGGCCGCCTTCACGCCCACGCTCATCAGCGCGGTGACCGGCGTCGGCGCGCCCTCGTAGACGTCCGGCGTCCACATGTGGAACGGCACCGCGGCGACCTTGAAGGCGAAGCCCGTGATCACCAGGATGATGCCCGCGTACACCAGGCCCGGCTGCGACGACATGGCGGTGGACAGCGGACCGGCCATGGCCGTCAGGTGGGTGGTGCCGGTGGCGCCGTACAGCAGCGCCGCGCCGTAGAGCAGCACCGCGGACGAGAAGGCGCCCAGGATGAAGTACTTGAAGCCCGCCTCGCTCGGCCGCGTGCCACGCCGCAGGTACGACGTCAGCGCGTAGGTGGAGAGGGAGAGGACCTCGATGTTGACGAAGAGCGTGATGAGCTCGTTCGACATCGCAAGCAGGCTCATGCCCGCCGAGGCGAACAGCATCAGCGCGTAGAACTCACCGCGCTCCGCGCCGCGCTTGCGCAGGAAGCTCACCGAGCTCAGGGTCGCCAGCCCCAGGCCCACGCACACCACGAAGGTGAGGAAGCTGGAGAAGGGGTCCATCACGCCGAAGCCGAGCATCACCTCCTGGGGTGGCTCGAACATCGTCGTCAGCGCCATGGCGCCGGCCGCCACCGCCGTCACCACGGTGAGCACCGCCTGGTACGCGCGCGACGCCGTCGTGGAGAGGAACACCTCCGACAACAGCAGGATGGAGGCGCCCACCACCATGATGATGGCGGGCAGCAGCGGGAGGAAGTCTGCCAGGCTGAGATTGGGCAGGTTCATGTCGGAAGCTCAGGCGGCTACTGCCGCGGCGAGGGAACGGCCGGGGCGGCGGCCAACGGAACGGG
CP070500.1_gap54	2314765	2318414	3649	GCTGGTGCTGGTGCTGCTCATCGCGGTGGCGGTGTTCCTCGCCTTCCGCAAGTCGCCGCGTCCGGGGGACATGCCGGAGCCCGGGCCGCCCGCGCGCGCCAGGGCCATTGGCGCGCTCATCGCGCTGGCCATCGGCACCTACGACGGCTTCTTCGGACCGGGGACGGGGACGTTCCTCATCGTGGCCTTCTCGTCCCTGCTGGGACACGGCCTGGCGCGCGCGTCCGCGGACGCGAAGGTGGTGAACTTCGCCTCCAACCTCGCCTCCGTCGCGTTGTTCGCCTTCAAGGGCGTGGTGCTCTGGAAGGTGGCGCTGCCCATGGCCGGCGCCCAATTCGCGGGCGCCTACCTGGGCGCGCACCTGGCCGTGAAGGGCGGCGACAAACTGGTGCGCAAGGTGGTGCTGGGCGTGGTGCTGGCCCTGGTGCTCAAGCTGGGGCACGACGTGGTGACGGCCTGAGCAGCCGTCACCCCGCCATCAGCCGATGTGCACCAGCAGCGCCTCCCGGCGCTTGGCCACGGCGGCCATGAACTTCTGGAGCTCCTCGAAGTAGGAGAGCAGCTCCTCCAGCAAATCCACCTCGGACTCGGGCTCGTCCCATGTCCCGGGGTAGATGTCCTGGGCCTGCATGACGGACGCGTCGTAGCGCGCGCGCAGCGTCTTCTGCGTCACCTGCTGCAGCGCCGTGGCCAGGGCCTGCACCTGGGCCGGCGTGAAGACGCGCGCGGTGCCTTCCTCGGAAGGGATGTCGCCCACGTCCTCGCCGCCACGCACCAGGAAGTCCAGCGGCGGGCTGCCTTCCCACGGCGTTCCGGTCAGCAGGTACTGGAGGCCATGCCACGCCTCGCCGATGTCCAACTCCAGGAACGCCGAGCCCTTCGGGTCACCGAAGTCCTCGTCATCGTCGACGAAGTCCTCCAACTGTTCGGGGGCCTGGAGCAGGGCAACGCGCTGGGCCTCGGTGGCGCTGCGCAGGGTGCAGAGCATCTCCATGGAGCTATTCCACCATCACCAGCTTGGCGTTGTTCTCCACGGCGGTGCCTTCCTTGGCGAACAGCTCGGTCACCTTGCCCGCCTTGGGGCTCTTGAGCTCGTTCTCCATCTTCATGGCTTCCACCACCACGAGGCCCTGGCCCTCCTTCACCTCGTCGCCCACCTTCACCAGCACCTTCACCACCTTGCCCGGCATGGGCGCGGTGACCAACTGCTTGCCCTCGACGGAGAAGGCCGCGTTGGCCGCGCGCAGCCGGAGCCGGCGCTCATCCGCCACGTCGATGCGGTTCACCTGGCCGCGCAGGAGCACGCCAAGCTCGTCGCCGTTCTCCTCGAACTCGACGTTGTACGACTGGCCGTCTACCAGCATGGACAGCGTGCCGTGCTCCAGCGCCAGCGCGTCCACCTGGTACGTGGTGGCGCCCACGGTGATTTTGAACTGGTCGTTCCCCAGGGGCTCCAGGTCCACCGGGACCGCTTCCTTCTGGCCCTGCTGCTTCGTGAAGTAACGCATGGGAGTCCTTCCGAGCTGGGGGTTAGCGGCGCGCGCGCAGCGCCAGCTTCCACGGGGAGACGCCGCCGTTGCCACCGCCCTGGCCGCCACTGGCAGCAGGCAGGGTCTTCGCGCGCTTCTGGTCCTTCTGGTACGTGTGCACCACGCTGGCCAGCAGCGCCATCTCGCTCAGCTTCGGGTCCTCCGCGCCCAGCAGCGCATCGTGCTGGCGGGTGAGGAAGCTGGTGTCGTAGTCGCCCTCGATGAACTCGGGGTGCGCCAGAATCGCCTTCAGGTAGCGGATGTTGGTGGTGATGCCCTTCACCACGTACTCGGACAGCGCGCGCTGCGTGCGGGCGATGGCCTCGCGCCGCGTGGGGGCCCACACGGACAGCTTGGAAATCATCGGGTCGTAGACGTTGGGCACCGTGTACCCGGGGAACACGCCCGAATCGTCACGCACGTTCGGTCCACCCGGCACGCGCAGGTACGTAATCTTGCCCGGGCTGGGCATGAAGTTGCGGCTCGGGTCCTCCGCGTACACGCGGACCTCAATCGAATGACCGCGCGGCGTGGGGGCTTCGGTGAGGCCGAGCTTCTCGCCCTCGGCGGCCTTGATCTGCATGGCCACCAGGTCCAGGCCCGTCACCCACTCCGTCACCGGGTGCTCCACCTGGAGGCGGGTGTTCATCTCCAGGAAGTAGAAGTTGCGGTGCACGTCCACCAGGAACTCCACCGTCCCGGCGCCCACGTAGTTGACGGCCTTGGCCGCCTTCACCGCGACCTCGCCCATCTTCGCGCGCAGCTCCGGCGTGAGGATGGGGCTGGGCGTCTCCTCCACCACCTTCTGGTGCCGGCGCTGCGCCGAGCACTCGCGCTCGTTCAGGTGGATGGTGTTGCCGTACTGGTCCGCGAAGACCTGGATCTCCACGTGGTGTGGCTTCTCCAGGTACTTCTCGATGTAGACGGCGTCGTTGCCGAAGGCGTTGAGGGCCTCGCTCTTGGCGGCGCGCCACGAGGACTCGAAGTCCTCCATGCGCTCCACCTTGCGCATGCCCTTGCCACCGCCGCCGCCCGCGGCCTTGAGCATGACGGGGAAGCCAATCTTCTCCACGTAGGCGCGCGCTTCCTCCACGGAGGGGATGGGCTCGGTGGTACCGGGCACCACGGGCACGCCCGCCTTGATCATGTTCGCGCGGGCACGCGTCTTCTCGCCCATGGAGTCCATGGCGGAGGCGGGCGGCCCGATGAACGTCAGGCCTTCGGCCTCACAGGCGCGGACGAAGGCGGCGTTTTCGGAGAGGAAGCCGTAGCCGGGGTGGATGGCATCCGCGCCAGCCTGCTTCGCGGCGTCGAGGATGCGCTGCTGCACCAGGTAGCTCTCACGCGAAGGCGGGGGCCCCACGAAGATGGCCTGGTCGGCCGTGCGCACATGCAGGGCGGAGCGGTCCGCCTCCGAGTACACCGCCACCGTGGCGATGCCGAGTTCCTTGCACGTGCGCATCACCCGGATGGCGATCTCGCCGCGATTGGCGACGAGCACTTTGCGGATCTTGGGCATGGGGCCCGTCTAGCACGGGGCGACCCTGTTTGCCGCCTCTACTTCCGGGTGTTCAGGTACTGCTCCATGTAAGCGCGAGCCTGTGTCAGCTTGGCCTCCACGAAGCGGTCGTCCTCGTCCGGCTCCGGCGGAGCGGGCGGACCCGACCGTCCAGGTTCGTTGCCGAAGTCGACCGCCGCAGCCAACAGGTTGCGTGCCGCGTTTCCGCCGCCGAAGAGGCGGGCCAGCATGCCCGTCTCGACGTCCAGCCAGCGCGCCGCCTGCCGGATGACGTCCAGAACCTCACCTTCCACGGCCTTGGACGGGCGGCCCGGGCCGCTGATGCAGGAGCGCGCGTAGCTGTGCTCGCGGTCCACGAAGAGGCCCAGCGCCCGGTCCCGGAAATCCTGCGCCAGGGCCTGACTCATGGCGTCGAGCTGCTCCTCCAAGAAGGGCTGCTCGGACTTGCGCGCCTTGCGGCCAGGGGCGGGCGGGAGCTCCAGCTCGACGGCGTGCCAGCCCGCATCGGCCAGCCCCTCTGGCGGAGGCTCCACCCACTTCACCTCGGGCGTGGCCAGGTCCACCGCTTCGCAGACGCGCTTGAGCGTCTGGCGCAGGGCGG
CP070500.1_gap55	2329300	2331136	1836	GCTGATGCCCTACGCGCACGAAGCGGGTGACGCGTCCTTCCGCCGGCAGGTGGTGCGCTACCTGGACCGGTACTTCGGGCTGCGGCTGGCGGAAGAGGAGGTCTTCGTCGCGCCCGAGCGCGAGCAGGCGGTGTACTCGCTGCTGATGGCCACCTGCGACGCGGGTGACGAGGTGCTGGTGTCGCGCAACCTCCATCCGCTCTACGCCCGTGCGCTGGAGAAGGCGGGGGTGCGCGCCACGGTGACACACACGTCGCTCGCGGAGATTCGCCGGCTGTTGTCCGCGTTCGACGTGAAGATGGTGCTGCTCACGGTGGAGAAGGGGGAGCGCACCAACCTGTCCGTGCTGCGCGACATCGTCGCGGAGGCGGCGCGCCGGGGCATCTGGGTGGTGCTGGATGAAAGCGCCTTCTTCAACATCACCGGCGGTGTGGAGCCGCACACGCTCTTCGAGTTCCTGGCCCGTGAGGCCCATGCCCCCAACCTGGTGGTGCTCTATGGCCTCATCAAGAACGCGGTGTGGCCGGACCTGGAGCTGACGCTGCTCATGCCGGTGCCGCAGCCGCTGCGGGGAGATTTGGAAGCCGCGGCGGAGGTCACCTACTCGCGCATCAGCACCCTGGCGCAAGCGTTCTACGAGCGCACCTTCGCTGACTTGCTGTCGTTCCGCATTTCCTTCGCGGAGCCGGAAGCGCCCGCGCCGCGCAGGCCTCCGGTGGTGACGCTGCCCCGCTCGCGACGGATGGCGCGGCTGATGACCTTCCCCGCATTCGCGCCCAAGGTGTTCCGCGAGGACGACGCGGAGCTGGTGCGTCTGGATTACGGAGAGAACGAAGGGCCGCTTCCGCCTCCCTTGGTGGAGGGCCTCATCGCCGCCGGTGTCGCGCCGCGCGAGCCCGCACCGCAGACAGGGCTGGCCGAGGCGGTGTCGGCCTTCCTGCTGGAGTCGCGCGCGGTGCGCTACGCGCCGGACGAGCTGGCGGTGGCGCCGGGCGTGTGGCCGCTCATCCACCACCTGGGCGTGGCGCTGCGCCAGCGGCTGGGACGCACGCCGCGCGTCTATGTGTCGACGCCGTGCTACGGCGTGTTGCCGCCCACCTTCGTCTCCGCGGGGTGTGACGTGGAGCAGGGGCCACTGTCGGGGCTGTTGGCCCGGCGAGGGCAGGGCGGTGGCGTGCCGGATGCCATCGTCGTGTCGCAGCCGTCGAACCCCTCCGGTGTCTACCTGGCCCGCGAGGAGCTGGTGGCCCTGGCCACCTATGTGGTGGAGCAGCGCTGTCTGCTGGTCTCGGACGAAATCTTCGGACTGGTGAACCTCACCAGCCCCACTGCGGAGACGGTTCCCAGCCCCGTGACGCTGGAAGGCGCGGTGCCCGGCATCGGCGCCCGCACGGTGCTGCTGGGAGGACTGTCCAAGGAGTTCGCGGCCGGTGGGCTCCGCGTGGGATGGCTCGCGACGAAGGACCGGGCGCTGGCCGCGGCGGTGCGTGACAGCGGCCCTGGGGTGCTCCACCTGATGACGGCGCGCGCTGCGGCGTACCTGTATGCGGCATATGCCCGCAGTCCGGATGGCCAATTGCTGTACTCCGCACGGCACCGCACCCTGCGGTCCTACCTGGTGAAGATGCGGCGGGAACTGGCGGAGAAGCGCGAGCTGCTGGCCGGGGCGCTGCCAGGGGATGGGCGCTCGGACGCGGGGGACGCGGGCGGACTCTTCTTGTCGCCTCGGATGACGACATGGCTGGGGCAGGAGGTCGACGGGGTGCGGCTCACGCCGGAGAACCTTCCTCGCGTGGTGTACGAGCACACGCACGTCGTCCTGAATGGAGGCTCGTG
CP070500.1_gap56	2343138	2347897	4759	AACGGACTCCTCCCGGCTGGACGACTGCTACATGAAAAGACAGCCATGGGCCGGGGGCAAGAAAAGTGCGAGCCCCCGAGGTCCCTTGCTCGAAGGACCGTCAGGGGCTCATCACCGTGTCATGCGCGTGTCCCACGGGGGGACGTCCCGTGGAGAGTCCTTCACTCTCAGGCATGTACCCGTCGCCGTCCGGCTGCGCCCACCAGCAGGAGCACGACGATTGCGCCAATCACCGACATGATGATGCCTGAGGGCCTCACGTCGAAGAGCCGACCATCACGCTGGAACAGCGAACCGACAAGGCCGCCCACGAGCGAACCGACCATGCCGAGCAAGGTCGTTGCGATGAGCCCCATGCTCTGCTTCCCGGGGAGGATGGCGCGGGCGATGAGACCCGCGATGAGGCCGATGACGATGAATGCGATGATCCCCATGAGTGTCTCTCCTGTGTTGAGGGTCCCCCTGAGGTCCCCTACGGCAGAAACGTAGGAATCATCTTCGGACAGTGTGAACCGCCCACTCCGTGCGGTCGGCTGCCGCCCTGCTACCCGAGTTCGCCGTCCAGGTGCATCATCACCGCCAGCGCCGCGAGCGCCGCCGTCTCGGTACGGAGGATGCGCTTGCCCAGGGTGACTGGCCGCGCGCCCAGGGCCATCAAGGCATCCACTTCTTCACGCGCAAGCCCCCCTTCGGGGCCAATCACCAGTGCCACGGCGGTGCCCGCGCCCGCGGCCCGGAACGCTTCGCCCAAGGGCACGGCCGACTCTTCCTCGTCGAGCACGAGCAGCACGGTGCCCGCGGTCAGCGAGCGAGCCGCATCCAGCAGTGGGGCAGGCGTGGCCACGCGTGGCACGTCGTCCCTGCGGCATTGCCGCGCGGCCTCCTCGACAATCTTCGTCCACCGGGAGGTGCGCTCCTCCGCGCGCTTGGGCTCGAGCTTCACGACACTTCGCGCCGTGGCCACGGGGTGGAAGGCGGTGGCGCCCAGCTCGGTGCCTTTCTGGAGCACCAGCTCCAGCTTGTCGCCCTTGGGCAGGCCTTGAAGGATGCTGACCTCGCGGCGCGGGGGGGCCACGCGCGCGGTGCCCAACGTCACGCGCACGACATCTGGCGTGACGTGGGCCACGCGGGCCTCGAAGGCCCGGCCCTTCCCGTCGAAGACCTCCAGCGCGTCGCCTTCCTCCAGCCGCAGGACATGCAGGAGGTAGTGACGACGCTCGCCGGTCAGCTCCACTTCGGCGGGAGCGGGCTCGGGCAACGGGGCGAAGAGGCGGACCAATGCGGTTTCTCCAGAGCGCGGGGGGGCTGGACTCTGACCCTGGGGGCCACCGACTTCAAGGTGTCAGGTTGGCAGACAGTTGCTCCGTACGCGTCCTGGCGTGCGCAAAAGATGCGCTGACTGCGGAAGCCCAGGGTCCTCGCTGTCCGTGGGGGAGTTGAGGCACGATAGCGGGCAGTGCTCGTCACCATGCGCCGCAGCGACAAAGCCACATCACACTCCAACGAAGATGTGGTGCTGGCAACCAGCTCGCTTCAGGGCGAGCGCCGCGTGGCCATCGTCCGCGTCCTGGTGGTGTTGCTGATGGCGGTCAGCCAGGTCGTCATCGCCTGGGGCGGAGGGGAGACGTACTCGGCACCGGTGGACGGCGTGCGCCTGCAGGCGATGGCCGCGTACGTGCTCTTCTCCGTCGTCGCCATCGCCGTGCTGCTGCTCCAGAAGCCGCACCCGAAGCGGGCGCGGTGGCTGCCCGTGCCCACGACGCTGGCGGACACCAGCTTCTTCTCCTTCATGGCGTGGCACACCTGGCGCATCTCCGGCGTCTTCGATGCCGGCATGTTGTGCGCCAGCCTGGGCATGGTGCTGGCGTTCTCCGTGGTGCGTTACTCGTGGTGGCACGTGCTGTTATCCACGGTGCTGTCCAGCGGCGCCTATGCGCTGCTCGCGTGGATGACGGGGCACGGCTCGGTGGCGCGCACCAGCTTCGTTCTCATCTGCTACGCCGCCTTGGGCGGGCTCATCGCGCTGACGAACTCGGAAGTGGGGGGCATGTTCCTCAATTTGCGGCGCCGCGACGGCCTGTCCCGCTTCCTGCCCCGGCAGGTGGTGGAGCGGGTGATGCAACTGGGGGATGCCTCCCTCCAGCCGGTGCAGCGCGACGTCACCATCCTCTTCAGCGACATCCGCGACTTCACCACGCTGAGCGAGACGCTGGACCCGGGACAGGTGCTGGAGTTGCTGGACGACTACTTCGGGCACATGGCCCACATCGTCATGGCGCGCCACGGCATCGTGAACAAGTTCCTGGGCGACGGGATGCTCGCGTGCTGGGGCGTTCCGGATGCGCGCGAGAACCACGCGGAGCTGGCCATGCGGGCGGCGCTCGACATGCGCGCCAAGCTGGAGGACATCAACGCCCAGCGCGTGCAGCGAGGTCTGCCGCCGCTGCGCATCGGCATCGGGCTGCACACCGGCATGGTGGCGGCGGGCATGCTCGGCGGCGCCGAGCAGCACGAGTACACCGTCATCGGTGACGCGGTGAACCTGGCGTCTCGCGTGGAGGGCCTCACCAAGTCCCACGGCGTGGACATCCTGGTGAGCGAGCGGACGTGGCAGATGAGCGGCGGGCATTTCACGGGCGAGCGCCTGGGTGAAGCGCACGTGAAGGGCCGGCGGGAGTCCGTGGTCGTCTACTCCCTGCACGGCCCGCGCACCCATGAGGACGTACCGCCCGTGCTCAAGGCCGCGGCGGGCACGTAGCGCCTCGCCGCGGCGTGGGTGCTCAGGCGGGCTGTGACTCGCCGGGGCCCGTCATCACCTCGGCCCGCAGCGTCTGCTTCATGCCCAGCGAGAACAGGGCCACGGTGAGCAGGTACACGGGCTCGATGAAGAAGAGCAGGGGCCCGCCCAGGGACAGGCCATGCGTCTTCTTCTCGAAGACGACGTGCGCGCCGACGACGAGCGCGAAGCGCACGGCCATGACGCCTACCGCCACCGCGGCGGCGGTGCCCACCGGAAACCTCGCGACGACGGCCTCCGCGGCGAGCAGCGTGGGCGGCAGGGGCAGCGCCATCAGCAGCCCCGCTGTCCACTCCAGGGAGACGGCGTAGAGGACCACCGCGAGCAGCAGCACGTGCGCCGCCGTGAGCGCCGCGTCACCCACGGGCAGCCGGACGAAGCTGAGCGGGACGAGCAACGCGAAGATGAACATGTAGGCCCCCACGAAGTGCACGGCGCGGCTGACGCCGTTCTCATGCAGGGGCAACCAGACGCGCAGCTTGTCGGCGAAGCTCGTCATGGCGTGGGACTACGCGCGGACCGGCGTGGTGGCGGCCTGCTGCTGCGGCTTGAGGACGTAGTCCCCCAGGAGCACCGCGACGAAGAAGAGCGGACCCACCAGCGCGTGCACCAGGTTGGTGAGGAAGGAAGGCGACTTCTTTTCCCACACGCTGTGTCCGGCCAGTTGCACCAGCCACGCGAACGCGGCCATGACCACCACGCTCCACGTGGGCATCATCCGGCCCACCGGGAAGCACGCGGCCATGAAGAGCACCACGATGATGCCCAGCTTCACGTCGGCGCGCAGGTACCAGACGGCAGCCAGGGCCAACACCACCATGCCCAGCGTCAGCGAGCCGCCGGGAATCGCGGGCACCGCCATCAAGTGCACCCAGTCCAGCATCGCGACGATGTGGAGCACGATGAGCGGGATGGCGATCTTGTGCGTCAGCCGGTTCGTCGGGTGCTGATGCGAGGAGTAGTACTCGTCGAAGAGGGCGACGACATGGGGCTTGAGCATGCGTCCTCCGGAAGCGAAGGGGTGTGGATGCTCCGCAGCGTAGGGGAAGTGGCGCCGGGTTTCCTGGCCGCGGACGCCAATCTCCTGGCCGAGCACGCCACCCGGGTTCAGCCCGCTTCGGGCCTTTCGCGCCAGACGCGGGGCGTCATGCCCGTCCACCGCTTGAAGGCGCGGTCGAAGGTGCTCAGCTCCGAATACCCCAGGAGGAAGGCCACCTCGCTGACCCCCAGGTGCGCGTCCCTCAGGTAGTCGAAGGCCAGCTCACGGCGCACTGCGTCGACCTCGTCCTGGAAGGACGTGGCGTGCTCGGCGAGCCGGCGCTGGAGGGTGCGGGGGCTGACGTGGAGCTGCCGGGCCACGTCGCCCATCTGCGGCGCTCCGTTCCGCAGGGAGGCGCGGAGGGCGTCGCGGACCTGTTGCAGGAAGGGGGGCGTGCGGGGCACCGACGGTGGCTCGGCGGCGGGGGTGCCAGCGGCGCGCTCCAGGACGGACAGGAGGACGGGGTCCGCATCCACCACGCGCAGCGCGAGCGTGGCCGCGTCCAGCGTCAGGGCGTTGCGGCCCGCGTCGAACGCCGGGGTGACGCCAAAGTGCTGCTCGAGCGGGCGGAGGTCCGCGGGGGCGGGGTGGGCGAAGGAGACGTGGCGCGGATTCCACGGGTGTTCGGTGAGCTGGCGCCCGACATGGACGAAGAGGGCCAGTCCGAACTCGCTGGCGTGGCGGCCGTAGGCCAGGGGCTCGCCGGGGATGCCGTAGACGAAGGTGCCGCTGCCGTCCGGTGCGTCCTGGAAGGAGGCGCGCCAGGCGGGCTCCAGCAGCGCCATGTACCGGGCCAGCGCGCGGAAGGTGTCGCGGACGGTGGGGGAGGCCCGGGCGATGTACTCCACCAGTCCGTAGTTTCCGCGCGGGACTCGCTGCGCCACGTGCAGGCCGAGGAAGGCGTCTCCGGACAGGGCCTCGGC
CP070500.1_gap57	2355821	2357095	1274	GTGGAGCAGGTGTCGTTGCGCGACCGCATGGAAGCGGACGCGGCGGCGCTGGGCGAGGCGGTGCAGCAGGCCGAGACGAAGGTGTCCGAGCTGACGGCGGCGGTGGAGGCCGCGCACGCGGACCATGCGTCGTGGAAGGAACAGCTCGCCGCGGTGGAGCTGAAGGCGGCCACCAAGGACGCCGAGCGCGTCGGCCTGGCCGCCCGGGTGTCCATGCTGGAGGCGGCGTCCGGCCAGCGCGAGGCGGAGCTGGTGCGGCTGCAAGCAGAGGTGGCGAAGGCCCACGAGGCGCTGGCGCTGGAGCGTGCGCGCCGCGAGGCGGCGGAGGTCGAGCGCACCGATGCGGAGGTGAAGGCGGCCCAAGCCGAGGCCCAGGTGGAGTCGCTGACGGTGGGGCAGGGCGGCGCCGAGGCGCAGGTGGCCTCGCTCACCGAGGAGCTGGAGGCCGCGCGCGCCGAGGCGGACAAGGTGGAGCGCCTCCAGGGCCGGCTGAAGATGATGGAGGGGGCCTTGGAAGGCGCGAAGGCCCAGGCCGCGGCGGCCGGCAAGTCGGACGCGGCGCGCGCTGCGACCGAGGCGAAGCTGGCTCGCGCGGAGGCGTCGCTGAAGGCCGAGGAGCAGAAGCGGGCCGACGTGGAATCCTCGCTGCGAGCAGAGCAGGAGGCACGGCGGGCGCTCGAGGCGAAGCTGGCGGAGCAGCCGGGGACTCCCTCCCAGAGCGCGGGTGCGCCAGCGGACTGGGAGGCGGAGCGCGAGCAGCTCAAGGCGGACGCTGCCAACCTCAAGCGCAAGCTGGTGGCGGCCGAGACAGCGCTCGAGAACGCGGCGGGCTACAAGGCGAAGATTGCCCGGCTGGAGGCGCAATTGAAGGGCAAGAGGTAGAGGTTTTTCCTTCATGCCTTTCGACGCGCCAGTGGATGCCCTCACGGGAATGCCGGCGGCCCGCTTCGGGCTGTACCTGCATTTCCCGTACTGCCTCGCGAAGTGCCCGTACTGCGACTTCGCGGTGGCGGTGGCGCGGCAGGTGCCGGAGGAGCGCTACGCCCGCGCGGTGCTGGCGGAGCTGGACACCCGGCTGGCCGCCGAGCCCTCGCTCGCGGGGAAGGTGCTCGACTCCATCTTCCTGGGCGGTGGGACGCCGTCCCTGTGGCACCCGCGCTACGTGGCCCAGGTGCTGGATGGCATCGCCGCGAGGCTGCGGGTGGCGCCTGGCGTGGAGGTGTCGCTGGAGGGCAATCCGGAGCGCGCGGACGCGGAGCGCTTCGCGGGCTACC
CP070500.1_gap58	2362197	2363806	1609	CGGTTCAGGACAAGGGCCAGGTCAACGACGGCGGGAAGAAAGGCGGTAATCAGGGGACGACGGTCGCCGCGCGAGAGGAAGGGGCGATTCGGAATACCTGGGAGCACCAGCTCACGTCGACGACCGACTACGAGGCGGAAGTCTGGAGCGATGCCAACGGCGGTGACCATACCCCGGGTGGCGCGCACTCGGGCTCGCACAACTTCGAGGGCATCAACGCCAACGCATTGTCGGGCTGCGCCCGGTCGGGCAACTGCTTCATGAAGTTCCGAGCCAACCCCTCCTCTGGCAGGGATTGGGGGCAGCCGCGCGTGTACAGCTACCTGACGCGGCGACTCCGGGTCGGCGACCCGAGCCGGGCGCCCTGGGAGTTGAACGCGTCGGCCCAGATTCAACTGGACCATGGCGCGCAGGGGACAGCGACGCTGACGCTCGCGGCGCAGGATGGCGTGGCGCTCTCCAAGGCGCTCGTCTACTACCACCGCTTCGGTGCGAATGGCTGGCGTGAGGCGCCCAACCTCTTCAGTCCCTACTGGCGCGCGAAGCTGCACCCCATCTCATCCGACGAGGCCGCGGAGGTCCTGGAAGCGGCAGGCAACACGGACGCATCCCGGCTGGCGCGGGTCCCGGGGGTGTCCCTGTGAAGCGCGCATCCAGGCGAGGTGCCGCGGCGGTGGAGATGGCGGTGTGCATGCTCGTCATCGTCCCCGTGTTCCTCTACTCGCTGTTCCTCTTCGACCTGCTGCGCCACATGTTGGACTCGCAGGAGACCTCCCTGTCCACGGCCTGGGACTACACCGTCCTGGACTATGAGAAGGAGCCCGAGAGCGTCGCGACGGAGGACGGGGGGACGACGACGGAGGCCTTCTCCGGCTTCGAGATGGCACAGGCCTATTCGCGGTACATGTACTGCGACCACGAGTCGGGTATCGACAGCTACGGCCCAGGAAAGGGTCCGGAGTGCAGCGCCAATCCCGATTCAGAAGACCACCACACGGACGTTGTCGCCCATGCGTGCTGGCTCAACCCTGGCGCACGGCAGGTGTACTGCACCCTGGATGCACAGGCCGTGGGCGCGTACGGAGTCTCACTCCACCAGTCCTTCATGGATACCTTCGGGCGGGGTGGCCTCATCCGTTGTTCCGCGCGTCTGGGCGTCCAGAACTATCTCTTGCCGGAGTCGTTCCTGCCGGAATTCTCCGAGGTGAAGCTGGCCAAGGAGAAGCAGGAGCGGGCCAACGGCATCCACAGAAACGCAACGGGCGAAAATCTCCCGGAGGGCCATGCCCGAGGCGACAACGTCTATCTGCTCCCCTGGGAGCAGATTGCCATCCTCACCGACACCTGGGCGCTCACGGAGCACGCGGACGTGCGGCCGGGCACCGCGGGTGGGCGAGGGATGCACGAGCGCGTCACCCAGCTCTATCAGAACGAGGACAACAGCGGCTTCACCGACATGTCGAGCGCGTCCGAGCGGTTGGTGAACCAGGCCATCAACTCGGGTCTCCTCCATGACAGCCTGAGGCTGGAATCCCAGAGCTACAGGACGCCTGGGGATGATCCTCGCAATCCCAGCCTCGCCATCAAGCCCGACCAGAGTGGTGACGGC
CP070500.1_gap59	2450114	2454370	4256	GAAGGGTTTCAACGCCGCCGACGCCGCGAAGAGCTTCGTCGAGGCATTCAAGGGCTACATCCGGGGAGTGAAGGAATGACTCGCGAGCAAATCGCACAGATGGTGAAGGCGCTCGGCCCCGAGGTCGCGCGCGAGCTGATGGACGCCGCCGCTCGAAGTGCCCCGGGCCGGGCTGAGCCGGGCAACGCGCCGCGCGGGACTGGCGTCTACGCGAGCGCGGAGAACTTCGGCGGCTTCGCGAAGAGCGTCATCGCGGCCGGACGCCGCACCGGAGCCGCCGAGTTGGTCGACGCCGCGAAGCGCTTTGGCAACGCCGATGTCCAGAAGGCCGTTCAGCTCAGCAAGTTCGACTCGGCGGGTGTGCTGGTGCCCATCCAGCAGAGCGGCGAAGTGATTGAGTTCCTGCGGCCCGACGCGGCGATGCTCAAGCTGGGCGTGCGAACCCAGACGTTCAAGGGGGAGCTGCACATGGGCAAGCAAACCGGGACGTCCGTCTTCAAGTGGGTAGGGGAGGGCGAGACGGTCCCGAAGAGCGCGCCGAAGTACGGGAAGATTGTCCTCAAGGCGCACAAGGGCATGGTGCTGACCGACATCAGCAACGACTTGCTGCGCACGCCGGGCGTGGGTGACGCGGGCGTCGGCGAGGACATCCGGGCGACGGTGGCCGATGGCCTGGACGACGCGGGCTTCAACGGGGACGGGACGGGCGCCGCGCCGAAGGGGCTCTTCGCTCAGCTCGACGCCGCTCACACCTTCGCTTCCACTGGGACGACGGCAGCCGCCTACCTGTCCGACGTCGACAAGGCCGTTGAGCTGCCGCTGACGGCGCATGTCCGCATGGGCAACGCGGCGTGGGTGCTTCACCCGACGCGGGCGACGGCGCTGCTTCAGCTTCAGAATTCCGGCGTCTGGGTGTTCCGGCAGGAAATGCTCGACCGGGGGACGATTCGCGGCTTCCCCTTCGTGATGACGACCCGCGTGCCGGTGTCGCGCATCACCTTCTCGGCGGACTGGCGCCAGTTCATCTACGGCATCGACGAGGACTTGATTCTGTCCGAGCACGACGTTCGCGCCGAGTACGACGAGACGACCGTGCGCGCCATCGTGAAGGGCGACTTCAAGGTTCGCCAGCCGAAGGCGTTCAGCTCCATCACCTACACCTGAGAGGCCCCACCATGAACGCCAATTCCACCGACGCGGGCGTGCTCGTCGGCATCCGCCCTGGGACTGTGCCCGCTGCTGTGAGCGTGGGGACGCGGAACAGCGCCGCCGTCGACCGCTTCGGCTTCGACTCGTGCGTGCTGACGGCTTTGACGGGGACCGCCACTGGTGCCCCGACGGCGCTGTCGCTGGCCGCGAAGCTCCAGGAGAGCGCCGACGGCCAGAACGGATGGACGGACCTGCCTGATGCCGCAGTCGTCCCCCTCACTGCCCCCAACGCGGTGGCCCGGCTCAATGTCCGGCTGCCCACTGCGCAGCGCTACCTCCGAGTCGTGGAGACGGTGGCCCTCACGGGGGGCACATCTCCCACCCTGGGCGCGTCCAGCCTGATTGTCCTGTGCGGGCCGGACGAGATTCCCGCCACCTAGCGCCGCGCCAGGACGCATTTCCCGGGCCGGGGCTCCCCATTTCCCCAGGGGGCCCCGGCTTCGTCGTTCCTACGCCCTCCTGAGCCCCTTCCATGGCCTGCCCGACTGACCTCTGCCTTGCCGCCACCGTGGCCGCCGACCTGGGCGTGCCCTCCGACTCGCACGTCGAGCGCTGCGTCACTTCCGCCAGCAGTGCAATCGCGAGGCTGTGCAGCCGGGCCTTCGAGCGGGCCACGGTGACGGAGTACCCGGACAGCTACGGCCGCCCCTACGTCCTCCTGAGCCGCCCGCCGCTCGTCGAAGTCCTCAGCGTTGCGGAAGGGGGCGAGCTGCTCGACGCGGGGAGCTACACCCTTGCCGGGGACCTTGCTGCGGGGGGCCTTCTCTACCGCCTCGCTGGCCTCTGGCCGGTAACGGCGCGCGTCGGCGGGCTCGTCACCCTGACAGTCGAGATGCGGCAGGGGCGCCCCGATGCGCTGGCCGTGACGTACACGGGCGGCTACGTGACGCCGGGGCAAGTGGCCCTCGACGCGTCCCAGGGGCCCGTTACCCTGCCCGCCGAAGTGGAAGAGGCCGCCATCCTCGAAGCCTGCGCGCTCTACCGGGGCCGGGGCCGGGATGCGGACGTGTCCAGCGAGAGTCTCGGCGATTGGTCCGTGAGCTACCGGGAGCGGAGCGCGGGCCAGCGCCTTGCGAGCCCCCGCGCCGAGCTGCTCGTAGCGCCTCACGTCCTGTGGAGGGCCAGTTGATGAGCGGGCCCGCTTCTCTCTTCCGCCAGCGAGTGAGCTACGCCGAAGTCGTCGGCCGGGACGCCTGGGGGACTCCTCTGCTGGGGCCCATCCAGGAAGCTCCCGCGCGCATCCAACCGAGTCGAAAGCTGATTCGCGATGCCAACGGCGCCGAATTCGTCGCCTCCTTCGTCGTCTACACCGAAGCGCCCGTCACCCTGCGCCACCGACTTTGGTTCAAGGGCGACGACATCACCGACTTCAACCACGCCCGTCGCCCTGCCGCCGTTGACGAGCACGTCGACGGGGCGGGCGTCCTGCGCTACCGGAAGGTTTGGCTCTAATGGCCCGCGACACTGCTGCCGACCTCGCGACGATTCTCGCCGGTGGGGGCCTCAACCTGAGCGCCGGGGCCAACCTGTTTCTCGGCCCGACGCTCGAAGACGACGACGCCACCGTGCCGGACGTTGCGTGCTTCGTGTTGCAAACCGGAGGGGAGCCGCCGCAGAGCTACATCGGCGGGGGACGCAAGACGTACCGGACTGTCACCTGTCAGGTCCGCGTGCGCTCCGCCCGTGAGCGCTTCCGGGAGGGACAGGCGCTCGCGCTCGCGGCCCTCGACGTGCTCCACCTCGCGAGCGCCGCGCCCTACGTGCTGATTGAGGTGGACGAAGGCAGCCCCAACTACATCGGCACCGATGGAAGCGACCGCCACTGGTGGACCTTCACCGTGGATGCCTCCTTCATCGACCTGGGCGCGTGAGCCACTCGCGAAAGTCACACGCATTTACCGGGGGCAATGCCACTCAAAGTTGCTCTTGATTTCAGACTGCTCGACAAGCTGCGGAAGGTGGAGCGGCCCGTACTCGCCGACCTGGCGCCTTTGACTCGCGAACACGCGTCGACGGTGCTCCAGGCGAGCCGCGCCCTGGTGCCTGTGGGCGCTCGGGACACGGACGGCAAGCCGCCGCTTAGCACGTCCGGGTTTGTCGACGGCCCGGAGCTGAACGACGCGAAGGCGAGCGTCAGCGCAACGGCTGGGTATGCCCACGACGCTGCGGGCGCCATTCACGAAGGGTTTCACTGGGGCGAGCAACGCTTCGCCACGCCGGTCCACTTCCTGCGCAAGCCCGCCCGTCGGGGGCGCGCGAAGTTCCGCAAGACGGTTGCCGCCCAGATTCTTGCCACGCTTTCGCGACTCTTTCCGAGTCGGTAGGGAAACTACCAATGGCGACCCCTGTTGCTGCTCACCTCGACAGTGTTTCGGTGCGCTCAGACGCGAATGCCACGCAGGCCGCTGACCGCGTCGACGGTTTGACGGATGCGTCGCTCAGCGAGACGGGCGACTTCGTTGAGACGAATTACCTCGGCGGCTCGGGCTACAAGTCCCGCGTCCAGACGCTGAAGGACACCAGCGCGGACCTGTCGGGCCACTTCATGGAAGGCGACGCGCCGCAGTCCGTGCTGCGTGACGCGCGCGACGACGGAAACACCGTCTACGTGACGTTCATCTTCGACCCCAGCGCCTCGGCCGGCTCCAAGGGCAAGCGCATCCCGATGGTCGTCAACAGCTACGACGAGAAGCTGACCCCGGGTGGCGTCGTGGAGTTCACCTGCAAGCTTTTGGGCAATGGCGCCCCGGTGGCCGTCTGATGGCCGCCATCGCTGCGCATGTCGGCTCGCTGTCTGTCGCTGGTGAGCCTGCCGAGTTCCTCGAAGCCGAAGCCGTGCCCATGCCCGCGCCCGACTTCACGGGGACCGAGTTTCGAATCGCGGACCCCGAGCTTCGCCGACTCAATCCGGGAGCGCCCGTGTTCGTCGAGGTTTCCCCCAGCGGGGATGCCGACGCCTGGACACCTGCTGACGCCTACGTCGACCCGCTCTTCGGCGACGTCCACCTCGCCAGCGCTCCCGGCCCGTCGGCCCTCGTGCGCGTCTC
CP070500.1_gap60	2481162	2485845	4683	ACTGCGCACCGCGGACACGGTGTGGCCTGCCCGAGTGAGGGTGACAGCCATCCCTTCACGCAGCGTGTCGTGGTCGTCGATGACGAGGATTCGCGCCATGGCTTGAGTCGATTCTCCCTGCATCCCGAGGCCGGCCGCCTCCCGGGGCCGCCGGATGAGAGCACATCCGGACCGGCTCACTCCACCGGCTCAGGAGGTTGTCACATGTCACGGGCGTGAGAAGGTGCTGGCGCCGCCTGGCCGGGGGCAGTACGGGGAGGCATGGAATCCGAAGTTTCTTCCGCCACGTCCCTCCAGGCCCTGCTCGAGCGCCACGTTCCCGAGGACGTGAAGGAGCGAGAGGACCTGGAGCGCATGCGCCACTTCGCCCGTTCCCTGGCGCGGCCCTTCTCCCGGGAGCAACTGGAGGCCCACTTCACGGGCAGCGCGGTGGTGGTGGACCCAGAGGGCGCGCGCGTCGTCCTGTTGCATCACCGCAAGCTCCAACGCTGGCTGCAGCCCGGAGGACACGCGGATGTCACGGACGCGGGCCACATGGAGGCCACGGCGCTGCGTGAAGCCCGTGAGGAGACGGGATGTCGCGTGTCCCTGCACCCGGCCGCGCCCCAGCCGCTGGACGTGGACATCCACACCATCCCCGCGCGCCGCGACGAGCCGGAGCACCACCACCTGGACGTGCGCTTCCTCGTGGTGGCGGAGAACCCCGACGCCCTGGTGCATGACCCGGCGGAGTCCTTCGGCGTGCGGTGGCTCACCTGGGATGAAGCCATGACGCATGCGGACGAAGTGCCTCTGCGTCGCATGCTGGCGAAAGCCCGGCGCGTGGTGGCCTCCGCGCCCTGAAGCGCTCGAAAGCGGAAGCGCGCACGGCCTCGCGGTCAGGGGCACTGTGGCTTCGCGGACCGAGCGCGCGCGCCCGCACCCGGATTTGAAACAAAATATGGGAAACACGGCCTGATTGCCTTTGGGCCGATGGTGCCGCTGGAAAGCGATTGCAACCATGCCGTCCTGCTTGGGCGGGTGAGGGAGGCCATGCCGGCCTGTCACCTGTCGGGAAGCCAGGAGCCGTGCCCATGTCGTCCGCCGCGCCCCACCGTTACAGCCCCCCTGTGCTCACGCTCACCGCGCACCCGCGCTGGCTGGAGTCGATGTTGGAGTCCGTGCGCGACGAGTGGAACGCGGCCTGCTGGCCTCCGTTGTTCCGCGCGACGGCTGACGGCCAGCGTCCGCCGCTGCGTCACTGGCGGCGGGTGCTGTCCCACTTCTTTCTCATCGTCGAGTCCTTCCCCAAATACATGGGCCTGTCGCTGGCGAAGACGACTTACGGCCAGCGTCCCGGCGACGCGAGCGCCCGCCGCTGGCTGCTGCAGAACCTGGGCGTGGAGGCGAAGCATGCCGAGTGGTTCATCGACTGGATGCGCGGAATCGGCCTGGCGCCGGAAGATGTCTTCACCCAGCGTCCCCTGCCGGAGGTGCGAGCGCTGCATGAGTTCCTGCTCGACACCTGTGCGCACGGGACACTGGCCGAAGGCGTGGCCGCGTCCAACTGGGCGGTGGAAGGCATCACCGGCGTGTGGACGCGGGAGGTGGTGGAACCCTTCCGCGCCTATGCCGAGGACGGCGCGCGCATCGACGCGTATTCGATGATGTGGCTCAAGGTGCACGCGCGTTATGACGATCAGCACCCGGAGGAGGCGCTTGAAATCATCAAGCTGTCCACCGACGCGGGCACCGGTGAGCCCTTCCGCGTCCAGGCCGCGGCCAGGAAGTCGCTGCAGATGTATGCCGCCGCGCTCCACGCGTGCTGCAACGACTGAATCGCGCGACACCAGCGCACAGCCCTCTGGTGCGCCTCCCGCACAATTCGAGGCCCCGCGTGGGCTCGTGGGCCCCGTGTTTCATGTGCTCTGTCCGGAAGGCGGCAGCTTCCGGATGACCCGCCTGTCCGCTTCGCGCGGAGAGTGCCGTACTTGCGGGTGAGGACTTCCGGCTCTGCCCTCGGGGTGTGAGCCCATGGCCTCGGGGGGATGTGCCACATGAATGCCGAAGACAAGGTCATCCAGGAGTACCGGGGACGTGCGCTCAAGGTGTTCATGTTGTGGGTGCTGCCGGTGGCGCCCATCGCCGCGTATCTCAATGGCATGGCCATGGGCGTGGCGGGTTGGTCGGGCCTGATTGCGGTGGCGTGGGTGCTGCCGCCCATCATCGTGGGCCTGGGCATCGCCTATCCCGCGTTTGTGATGCACGTGCTGGTAAACGGCGCGCTGCGGGAGCGGCCGGAGGACACGCCCGGCGCGCGGCTGGAGCGAATCCTGCGCCTGCCGTGGCGCGCGGCGGTCGCATCCTCGTGGGGCGCGTGGACGCTGGGAGGTCTCTGGTTCAGCCTCCACGTGTGCCTGCTGTGGAAGAAGGACCTGTCCCTGGTCGTGGTGGGCACGCTCATCGGCATCTGCTTCGGCGTGGTGCAGGGCTTTCCCATCAGCGTCACGCTGGAGCGGTTGCTGTTGCCGCTGGCGCTGGAGGAGCAGCGCAAGGACCCGACGATGGCGCTCAAGGGCGGAGGCTTCTTCTGGCCGCGGCAGGCCTGGTTCATGCCCGTCACCTTCATTGGCTCCAGCATCTGCGCGTTGGTGCTGAGCGGGTGCGTGGTGCTGGTGAAGCTGCAAGGCGTCCGGGACGAACTGCACAATGCGCTGGTGGCGGAGGGCGCGCACGGCTCGGCGGAGACGCTGATGGGCATGGGCGGCATGCTGGCGGGTGAATTGGCGTTCGGGCTGGCCTGGGTGGGCGGATTGCTGGCGATTCCCGCCGTCACCACCTGGATGCTGGCGCGTCGTCAGGCACACGCGGCGGGCGCGGTGGGCGTGGCCATCGAGTCACTGTCCGCGGGGCGCGTCGTCTCGCCCGCATGGGTGTCCACGGATGAGATGGGGGACTTGTCGGCTGGTATGAACGCGGTGCTCGTTCGCCTGCGGCAGTTGCCCCTGGCGCTCAATGCCTCCGCCACGCGGCTGAGCGGCGCGGGGCGCCACCTTCGGGATTCGCACGATGAGCACCAGCAGAGCCTGGTCCGTCAGGCGTCCGCGCTGCACGAGGCGCAGATGACGTCGGAGGAGATTCGGCGCACGTCGCTGATGGCCGTCGAGCGAGCGGAGGAGGTGCTTCAAGTGGCCCGCCGCTCGGAGGCCCTGGGACAGCAGGGAGAGTCCGCCGTGGAGCGGAGTCTCAACGGCCTGGCGGACATCCGCCGCGTGGTGGACGGCATCCAGGAACGGCTGACGCGGTTGGCCCAGAGCACCACGCAGATTGGCGAAATCACCGAGACGGTGAAGGACCTGGCGGACCAGTCCCACCTCCTGGCGGTCAACGCGGCCATCGAGGCGGCGCGCTCGGGCGAGCAGGGGCGGGGCTTCGCGGTGGTGGCCCGCGAGATTCGCGGCCTGTCGGACCAGTCCATCCAGGCCACGCGGCGCATCCGCGGCATCCTCCAGGACATCAGCACGGGCATCCGCGACGCGGCGAAGATGGGGGAGGCCGGCGTGCAGACCATTGGCACGGGCCTGGACCAGATGCGGGCGTCAGGGGACTCGCTGCGGGAGCTGTCTCGCATCGCCCAGGAGAACTCCACCGCGGCCCGGCAGATTGCCGCCGCGGTGACACAGCAGGATGCCGGCTTCACGCAAATCTTCGACGCCATCGCGGACCTGTCGCAGCTCATGGACGCCACGCTGAAGCGGTTGGAGTCCACACAGGAGGCCACCGACACGCTGAGGGTCGTCTCCGACGACGTGGCGCGGATGGCGCGGCAGTTCAACGCGACGGGGTGACGGATACGCCGTGGCCCGGCTTTCCACCCAACGGCAGCGTGAGGATGAAGCGCGTGTCTCCAGGCGCGGAGTCCAGCCGCAGCGCGCCGCCGTGCGCGAGCGCAATCTTGTGCGCCAGTGGCAGGCCCAGGCCGGTGCCCTTCTCGCGCGTGGTGAAGAAGGGCTCGAAGATGCGCTCGCGCGCCGTGCCGGGCACGCCGGGGCCCGTGTCGCGGACCTGGATGGTGTAGTGGCCGTCTTTGGACGCGCCGGACACCTGTACGCGCCCACCCGGGGGGGAAGCCTGCACCGCGTTCTTCACCAGGTTGACCAGCGCCGCGGTGAGCAGGCTGCCGTCAGCTTCCAGCACCGCGGGGGAGGCGTCGATGTCCACCACGACGTCGCGGGCGCTGGCCTCGGCGGCCATCAGCTCGCAGGCGACGGAGAGCAGCGTGGGGGCCTCCACGGGCGCGCGGGCCAGGGGCTGCTCGCGGGCGAAGGCGAGGAAGTCCTCGACGATGCGCTGGAGGTAGGCGACCTCGCGTTGGATGCGCTCCACGTGCGCGCCCGCGTCGGCGTGGGCGCCGGCCTGGAGGTCCTCCTTCAAGATTCCGGAGAAGAGCGCGATGCCGCCAATGGGGTTGCGCACCTCGTGGGCCACGCCCGCGAGCATCATCTTCAACTGACGGTCCCGGCTCTCCAGGGCGCCGCGCATGTCCTCCAGCTCGCGCGCGAGGACGCCGATTTCCAGCGTGGGCTCCGGTGGCACCGGGGTCGTCAGGTCGCCCCGGCCGATTCGCAGCGCGGACGCCATCAGCCGCCGCAGCGGCCGGGCCAGACCGCGCGCCGTCACCAACGCGATGACGGCGAGCGCGCT
CP070500.1_gap61	2501863	2504984	3121	CACGGAGGCGGTGCTGCCTCCGGACTCGCGCTACGTGGGCAAGGAGCTGGGGGACATCTCGGAGGGGCTGGGGCTGCGCGTCATCGGCATCATCCGCGACGGCGAGGCCCTGTCCGCGGTGCCGGGGTACCGGCTGCGCGGCGACGAGCGGCTGCTCATCGAGGGCAACCGCGAGGCGATTCTGCGGGTGAAGGACCTGCGCGGCATCCAGATCCGCCCGGACGTGCGGCTGTCCGACGAGGAGCTGCACGACAAGGACTCCATCCTCATCGAAGCCAGCGTGCCGCCCGACAGCCCGTTGGTGGGGCGCAGCTTGAAGGAGACGCTCTTCGTGGAGCGCTACGGCCTGGTGGCGCTGGCCCTGCACCGCAAGCCCGCCATCCAGCGCGTCACCAAGCTCCAGCTCCTGGGCCGCACCTTCGGGGAGCGCTCGCTGTCCATGCTGCCGCTGTCGGTGGGAGACGTGCTGCTGCTGCGCGGCGCGCGCGACCGGGTGGACGAGCTGGCGCGGGGCGGCAACCTGACGGTACTCAGCGGCCACGAGTACCAGCCGCCGCGCTACGGCAAGGCGCTGCTGGCGGTGGTGCTGTTCCTGGGCGCGCTGGCGGCGGGCTCGCTGGACGTGGTGCCGCTGTCGGTGGCGGGCCTCACCGGCATGTTGCTGATGATTGCCACTGGCTGCGTGGACCCGCGCACCGCGTTCCGCGTGGACTGGCGCGTGGTGCTGCTCATCGGCTCCATGATGGCGCTGGGGCTGGCCATGGAGGTGAGCGGCGCGGGCGCGTTCGTGGGAGATAGGGTGGCGGCGCTGGGCGCATTGGGGGGCCCGCGCATGGTGATGGTGGTGCTGATGGTGCTGACCATCGTCCTGTCCGCGCCGATGAGCAACCAGGCCGCGGCGCTGGTGGTGCTGCCAGTGGCCATCAACGCCGCGCAGCAGCTCGGCGTGGACGCGCGGCCCTTCGCCATGGCGGTGACGCTGGCGGCCAGCTGTTCGTTCATCACCCCGCTGGAGCCCAGCTGCGTGCTCGTGTACGGGCCGGGGCACTACCGCTTCACGGACTTCTTCCGCCTGGGCACGCCGCTCACCGCGGTGTTGGTGGTCCTGCTCACGGTGGCCGTGCCCTGGGCGTGGCCGCTGGAGAAGGGCTCCTCGCCGGCGCCGGTGGCGCATCGCCCGGCCGTGGGCCTGCGGGCGCCCACGGGGCCGTGACGGCTCAGTGGATGGCGGCGCGCAGCCCCACGTCGGTGATGACCTGCGCCTCGCGCTCCAGCATCCACTCCAGCCGCGCCTTCACGCTGGTTTCGTCGCCTTCGGACGCGGTGACGGCCAGCCGGTAGAAGAGGGACTGATGGCCGTCCTCGGACTGGGCCAGCTCGCCGTAGAAGCGCGCCAGGGCCGGGTCGGTGAGGCCTTCGGCCAGCAGGGACAGCCGCTCGCAGGAGCGGGCTTCGATGACGGCGGCCACCAGCAGCCGGTCCATGCGGCGCTCGGCGGCGGGCGTGCGAATCAGCTTCTGCAGGCCTTGGGCGTAGGGGTCTCCCGCGTCCTTGGTCAGCGTGAGGCCGCGCGCCGCCATCAAGTCCAATACGCGGGCCAGGTGAGCGCTCTCCTCGCGCGCCAGCCGCGCCATCTGCGAGGGCAGCCCGGGCAGGTCCGGGTAGGCCTGGAGCATGGACAGCGCGTTGGCGGCGGCCTTCTTCTCGCAGTGGGCATGGTCCACCAGCACCTCGTCGAACCGCTCGAGCGCCAGGGGCAGCCAGCGCGGGTCGGTGGCGGCGTGAAGAATGACGGGGCCCTCTCCAGAGAGGGGACGGCGGGAAGGCGTGGGACGGCTCATGCGGGCGCGGACTTTACGCGGCCGGCCGCTACTCCACCAGGACGAGCCGCCACGTCCGTCCGGCCAGGTAGCCGACCTTGCGGGCGATGCGGGCGGTGCTCTCGTCCCGCTCGTCGATGCGCAGGGTCAGCCGCGGCAGCGAGGACAGCAGGTGGCGGGAAATCTGGCCCAGGCACAGCAGGGCGTGGCCCTTCTTGCGCTCGGCGGGCAGCGTGTAGAGGCCCTCCAGTTCCGCGCCGTACTGGGAGCGGCTGCCGATATCCACCTTGAACACCAGCGCGCCATTCTCCTCCAACACGTAGGTGCGGCGCTGGCGCACGCGCTGGATGACGCGGGCCTCGTAGCCGCGCGGGTCCTCGGCCAATGGGTCTCGCTCGTGCACCTCGCGCACGTAGCCCTGGGCCAATGGCAGCAGCCGGGGCAGGTCCTCTTCCTTCGCCAGGCGCAAGAGCGGGTTGGTGAAGGGGCCCAGGTCATCCGCCGACACGCTGAACAGCCGCTGCGTGCGCGACAGGCGTGGCTTGCCTGGGGCCAGGCTGCGCAGCAGCGCGTCCACCGACGATTTGTCGCCCACGGTGGAGCGCAGCGTCAGGCGCGAGGACAGCGCGTCCGCGATGACGCTGGTGGCGCCCGCATCGCTCGCGCTGGGCACCACCAGCCCGCCGTCGCCACCCACGAACACGGCGGCGGTGAGGACCTGGCTGTCGAAGCGACCGTAGAAGGCAAAGGGCACCCTGCCGCGGGGGGCGATGCCGAACTCCTCCAGCAACCCCAGCAGGTAGAGGTTGTGGACCGGGTCCTTCGACAGGAGCCCCCGAAGGGCTTCCGCGTCATGGGGACCAAGCTGTTCGACGGTAACGGGCATGAAGGGTCGGGGGCTCCGGCACCTTACGCAAAACCGGGCCCTACCGGCCAGTCTCCCCAGGGACACGGAACTCGAAGGGGTAGACGACCGTCGCCTTTCCTCCGCTAAAGGGCGCCGGGAAGCGGACGTCCAGCAGCGAGTCCAGCGCGCATGCCTGCACGAAGGGGTCGGGGATGGTGCTGGACACCAGCTCGCCCGCGCCCATCACCCCGCCTTCGCTGCCCGCTTCCACGGTGAAGCGCAGCTTCACTGTCTGCGGACCCCGGTTGCGTTGTGCCGCGTCCTCGAAACATTGCTGCACGAGCGGAGTCACCGCTTGGATGGCGGCGCGGATGTCGTCGGCGTGGATGCGGCCGGTGGTGGATTCGACCACCGGCTCTGCCTCCACCACGCGCCGCGGGTCCCCCGAGGCCGC
CP070500.1_gap62	2628979	2631734	2755	TGACGAAGTTGCCAGAGGTGTCCTCGACGACGATGTCCCCGTCCCGGTCCACGACGAAGATGTCGTCCATGTCACCGTCGCCGTTCTTGTCGACACCTTCCACGAACTCGTTGAACTGGTTGAAGCGCCACAAGTCGCCGCGCCAGGCGCTGTCACCGGAGGCGGGCGACATGCGCGGCATCAGCGCGCTGAGCGTGGAGCTGCCCGTCTGGAACGAAGAGATGGCCGCGGCGGCGAACGCGATGTTCCGGTTCTGCACGTCGTCGACGATGGCCTGGAGCGCCGTCTTCAGCTGGCTGGAGTTGGTGGCCGCGTAGAATCGCCCGCCGCCCGCGTCCGCGGTGACGCGCAGCAGGTTGATGGCCTGCGTGTTCGTCAGCGCGAAGCCCACGGTGTAGGTGGCCACCGCCTGCGACCCTGACAGCTCCGGCCGCAGGTCGTTCGTCCACATCCACTTGGCGATGCGGTGGATGTGGCTGCTGGAGCCGCCGCTGTTGCTGCCCTGGCTGGCCGCGGCGCAGTTGGAGCAGGGGACGTCCAGGTTGCGCACCTGGGCCGGGACCTGGGCGGAGTCACCGCCGGGCTCGTTGGGCTCCCCGTCCGTGAGCAGAATCATGGCGTTGAAGCCGCAGGTGAAGCAGGTGGCGGCTCGTCCGGGCGCGGCCTCGTCGTTGAAGCCCGAGTCGCGCAGGTAGTCGCTGCCGAACCAGTCGGGGAATGGGTCGCTGCCGGCGGAGCGGAAGTAGGTGCTGGCCCCCCACATGGCCTGTGTCAGGGGCGTGCCCGTGTTGAAGCGCAGCCCGTTCCGCATCTTGCTGAGCAGGTTGTTGCGGTGATCTTCACGCTTCGCGCCGCTGAGCGAGTCGCCGCAGCTGGGGCCAAAGCGCTCGAAGCGCACCACGTCCTGGCCGCTCCACTTCGCCGTGTCGGTGGCTTCGCTGCTCGCGGAGAACGTCACCACACCGAAGCGCGTGCGCTCCGAGTCCTTGAGCACCTGGCTGATGACGTTGACGGCGGAGTGGCCGCGCGGCGAATAGAAGTTGAGGAAGTTACCGGAAGCCACGCGCTTCTCTTGCGTGTATTGGAAGTAGCCCTTCGTCGCGAGGCACTGCGCGCACGCGGCGCGGGCGGCGGCCTGGGTGTTGTTGTTGCCGGAGTCCACCACCTGGGCGCACGCCTCTGCCGCGGTGCCACTGATGACAGTGTTGGGCGGCGGCTCGTTGAATTTCACCGGGTTGCGGGTCATCCCGAAGCTGGACTGCGAGGTGCTGCCGCTGCCATCGAAGCGGTAGTAGCTGGTGGGCACGAACCAGGGCGAGTCCTGGTTGGTCAGCGACAGCCACATCCGCGGGTACGCGACGTTGGCGTCGTAGTTCAGCTCGTCGATGTTGGCCTGACGGCAGCCGGGGAAGGTGCCGGAGCTGTTTTTGGAATAGCTGTGGGAGTCGTTGTTGCTCCAGGCGATGGGCCAGTACGCCATGGAGCCCGACGTATCCAGGATGAGCAGGATGTTGGGCGGGCCGCTGGGGCTGGTGAAGAAGCGCTCGTCGCTGCCGCGCGCGGGGTTGAGCAGCGCGTCCAGGCGGGAGGTGGACTGGAGGCTGCAAGACGCCGGGTCCTGCGCGAGCGCGCCAGGGGCGGCCAGCAGCACGGACAGGGCTGTCAGGGTGGAGAAGAGTGCCTTCATGGGGGGCTCGGGGAAGGGCGGAGTCGGAAGGGGTCAGATGCCGAAGCGGAAGACGAACTCGGTCTCGGCCTGCCGGCCTCCGGGTTCGTCACACATGACGACCACGCGGTAGTAGCTGCCGCCGGCCGTGCCTTCTCGAAGGGTGTTGGCCGCGTCGCTCACCTGGTCCTTGCCGCTGCTGAACGAGGACGAGGCGAGCACCGCGGCCGTGGGCGCCGACGCGGTGTCACCCAGGTGGGCGGTGCGCATGACGCTGCTGTCGGCGACGACCTGGTCGTCTTGCAGCACCTGCTCCAGGCTGATGCTGGTGACGGGCACGGCGCCGGTGCCGAACACCTTCAGCCGCGAAAGCAGGTAGCGCCGCGCCGTCTCCGCGCAGGCCTCCACGCGGTCGCTGCGCGTCTTGGCCACGGCGGCGGACTGGTTGCGGCCGGTGAAGGTGATGGCGCCCACCACGAGCAGCAGCAGCACCGTCAGGGCAATCAGGGTGATGGCCAGGGCGCTGCCCCGGCGTGAGGCGAAGTGGGTCATGATGGCTAGCCTCCCCAGACGTTCTTGATGTCACCGGCGACGCCTTCGGCGCGCAGCTCGGGGATGAAGAAGGCGCGGGACGTCATGTTGGGAATGCGGACGGACGTCTCCACGGTGGTGCGGAAGAACATGTCCTCGGGATTCACGGGGTCCGCGTTGAAGAGCCTGCGGCCCTGGTTCTTCGTGCCTGAGGGCAGCGGGCGCGCCGAGCGCACCGTGAGGCCCACGCCCACCGAACGGATGTTGGCTGGGTTCATGTTGTAGCGGAGGGGCGCGTCGTACGGCGTGCTGTACGTGGGTGCGGGAACGTGGTCGTCGTACTTGGGCAGCACGACGGCGTCCTCGTCACCCAGCACCCAGGCCATGCCGCTGCCCACGGCGCCGTCGGGCGCGGGCAGGCCGGCGCAGCAGGCGGAATTCGCGGGCGGCCGGTTCATCTGGTAGCTGACCTGGAAGGACTCCACGTCCACGGCGATGGGGTCGAAGTCGGCGTTCTCCGCCCAGCCGTGCTTCACCACCAGGTACGGGCGCCCACCG
CP070500.1_gap63	2639620	2640915	1295	TGGCGAACGGGTTGCTATCCCCCGAGTCCTTGCTCGAGCCCCCCGCGCGGCCCGCCTGCCGGTGAAAGCGCATCAGCAGCGCGTAGGCCACCGCCATGCCCACGCCCGCGAAGAAGAGCAGCGCCGCCGCCTCGAACATGGCCGCCCGGGGCCGGTGCCAGGCGAGCTGCGCCAGCGCGTCTCCGAAGAGCCCCGGGGGCACGCGGCCCAGCGCCACCGCCGCGTTGATGATGAGGGACATGTCCAGCGCGTCCACGCCCGCCTCGCCCACCGCCGTCAGCCACGAGGTGTCGATGGGCGGAATGAACGACGCGCCCAGGAGGAAGAGCGCCAGTCCTCCGCCCATGATTTCCGCGCTGTGCTTCGCCCGCAGCACGTTGATGACGGCGTACAGCGCCACCCGGCTCCAGGCCGCGCACAGGAGCGCGAAGAGGACGTAGAGGACCACCGCCAGCCACGGCATGTACAGCACATAGACGGACGCGAAGCCCAGCGCGGCCCCGGTGAGCGGCGCGTAGAAGACGAGCGCGCGCGGCTCGAAGAGGCTGGCCACCGTCGACGCGATGAGCAGCCGGAAGGGGGAGATGGGGAAGGCGGCGTAGCGGCTCAGCTCGGAGTGGTCATCCACACCCGCGGACAACAGCGGCCACGTCACCCACACCGAGAAGGTGACGAAGCACAGCAGGTTGAGGATGAAGTAGGGCCACACGTCGCTCTCCGCGATGGGCCGCAGCCGCATCAGCGCGAAGAACGTCAGGCCCAGGAAGAGGCCCGGCGCGCTCGACGCGGCGAATGCGGCCACCGCCAGCAGCCGGCTGCGTCCGGGGCCCTGATTCAACCCGATGTCGAAGCGCAGCCCCCACAGCAGCCACAGGTGCCGGAAGAAGCCGGGCACGGCGGGGCGGCTCATGCGGTCTCCTGGCGCAGCGGCGTCACGGACGCGGGCGCCTCACCGTAGAAGGACAGGCGCGCGTTGCGCGAGGCCGGTACGGAGATGAGCTTCTCGAACACCGCCTCCAACGACGGGCACTCGTATCGCGACAGCAGCGAGCCCACCGGCCCCTGGTCCAGCATGCGGCCGCCGCGGATGATGCCCGCGTGCGTGGCCAGCCGCTCGGCGATCTCCAGCACGTGCGTGGTGAGCAGCAGCGTCACCCCTCGGCGACTCAGCTCGCGCAGGAGCTCGCGGATGACGCCGGCGGCCAGCACGTCGATGCCCTCGAAGGGCTCGTCCAGCAGCACCAGCTCCGGCGCGTGGATCAGCGCCGCGGCGATGGCGAGCCTCCGGCGCATGC
CP070500.1_gap64	2652580	2653361	781	GTCCACTCCGACATCAACCCCGTTGCCCGGTGAATGTTGCGGGGGCACGTCGCTTTGAACCTCCCCGGGAGCCGTGGCTACAGTTTCCTCCGTGCCCGACGCGCCTCGCATACATCCGCCCACGCAGCGGCCCATGGAGGGCGAGGACGAGGCGCCACTGGGGGAGGTCGCGCCGTGGGAGGCGCCGCCCGAGCCCGCGCCGCTGGAGGCCACTCCGGTTCCTCTGCTCCGGGGGACGCCCACGCCGCCGTTGGACCTCCCCCTGCCGGTGCTGGTGTTGACCGAGCAGGCCCGGCGGGTGCCGGAGGCGGAGCGTCCCCTGGTGGCGGCGCGGCTGAACCTCCAGCTGTCCCGGATGGCCAGGACAGGCGGAGACCGGCTGGTGGCGGACACCTTCCTCCGGCTGTTGGAGAGCGGGCGGCTCACCGGACTGGTGGATGCGAAGGGACGCACCTGCCGCGCGGCCGCCGTGGAGGCTCTGTTGTCCCTGGGCTTCCCCTACGCCCTGGAAGTCCAGCCCGAGGACCTGGCGCACCTGCGCGCCAACACCCTGCAGCGGAAGGCGCACCGCCTGAAGCCAGGTACGTCCATGGCGGTGTTGGTGGGAGGCATCGGGGTGCAATTCGTCCATGAAGCGCTGGTCCACAAAGGGGACGCCAGCCTGCTCACCTCCCAGGTGGGTCTGTCCCTGCTGGCGATGGCCGCCTTGTGGCTTGCTCCGCCCCGGACGCCCGTGTACCGCGTGGGGTTGCTGATGCTGTCCCTGGTGTCCCTGGCGGGG
CP070500.1_gap65	2803335	2806088	2753	CATGGACCTGCGCTCCGTGGAGGCCGGGCCCCCGGCGCTGGCCCGCTTTGACGGGGGATTGGAGCTGCGCTCGGTGCGCGGCGCGGCGCCCGCCCTGGATGCAGGCCCGGAGGCCGTGCTGGCGGCGGCGGGGTTGAAGGCGCCCGGAAAGTTGCTTCAGGACACGGAGGGTACGCTCCCGGCGGGGCCCGTGGCGCGCTACGAATTCTCACAGACGGGCGGCGCGCGCACGCTGGTGTACTTCGTGCCCAGGAAGGACGGCTTCGTCCTGGTTACCTTCTCCGCGCCCGAGCGTGACTACGGCACGCTGTCCGCCCGCGTGGAGCGCTCACTGTCGACACTGCGAATGTGGTGAAGCCCGCGGCGGCGTCGTCCTGATTGGAGGCTCAAGGGTCGGTCTTGCGCAGCCGCCACGACAGCACGCGGCCATCCAGTCCCAGGACGATGACCTGGTCGCCGAGTACCACGGGGCGGGTGCGCAGCGGCGTATCCGCGCGGACCGAGAAGGCCTGCGCCCAGGTCGTCGTGTTCAACGCGATGAGCCGTCCCTGACGCCCGCTGGTGGGCACCAGCAGCAGGTCCTCTCTCACCGGCGTCACCTCCGAGATGAGCGGGTCGGGCAGCGTGATGCGCGCCACCTCCTTTCCGTTCGAAGGGGACAGGCCGACGAGCGCGGAGACCTCTCCAGCCGTGCCGACCCACACCGTTCCCAGCGCCAGCGAGGGGGGACTGCTCAGGGCCTCCGCGGGGGCCTGCTCCCACAGGGACGTGCCGTCCCCGAGCCGCAGCGCCAGGACGTGACCCTGGCGGGTGCTCACGTAGAGCGTGTCCCGCCACAACGTCATCCCCAGCACGTCCCGGAGGTCCCGCTGCCAGCGCTTCGCCCCATCCTGGGTGGCCAGGGCCATCAGCCCCGCGTCACCCAGCGCCACCACGAGCAGGCCGTCCTGGAGGACCGGCATGGGAAATCCACGGGGCGCAGCCGTCGGCTCGGGCTTTCCGGGTGGGGGGCGCTCCCAGTCCGTCTTCCCCGTGTCCGTGTAGAGGGAGCGGACGGACCCATCCGGCGCGACCAGGAAGACGAATTTCCCCTCCGCATCCGCCACGGGTGCGGTAAGGACAGGGGGCTCTCCGGTGAGGCGCCATTGCACCGCGCCATCCGCGAGGTTCAGCCGGACCAGGTCTCCGCCCACCGTCCCGGCGATGACACTGTCTCCCAGAAGGGCCGGGCGTGTGGCCACCTCCCTGTCCAGGGAGACCCGCCAGACGACTCGGCCGCTCCGCTCCAGGCGGACGACGGTGCCTGCCTCATTGGCGGTGAGGACGCCGTCCGGCAGGGCCACCAGCCCTGCTCGAGACGAGGCGTCCGTGGAATGGCGGAAGTCGCTCGTCGCGGGCTCCCGGCACCCCATGGCGGCCACCAATGTCAGCGCCAGGGCGGGCAGCAAGGGCGTGCATGGACAGGCGCGAGACGACATGGTTTGGAGGATGACGCAAGGAAGGAACTTGGACCATGCCTACCATTCGTGATGACGAGATTCCCAGCGCCACCGGCATTCCTTCGTCCGCCCGTCGGACGGACTTCGTGCCGCCGCCCACCCTGGCGGTGACGGAAGAGCTGTTGCGCGCACTGCCCAAGACGGACCTCCACTGCCACCTGGACGGGTCCATGCGCCTGAAGACCATCCTGGAGCTGGCCGAGCAGCAGAAAATCAAGCTGCTCGCCGACACCGAGGATGGGCTGGCCAAGGCCATCCACATGGGCGAGGTGTGCGAGAGCCTGGAGGAGTACCTCGTCGCCTTCGACGTGACGCTCTCCGTGCTCCAGACGGCCGAGTCCCTCTACCGCGCCGCCTACGAGCTGGCCGTGGACGCCGCCGCGGAGAACGTGCGCTGGCTGGAGGTTCGCTATTCGCCCGCGCTGCACCTGCAGAAGGGCCTGAAGATGACTACGGTCATCGACTCCGTGCTGGAGGGCCTGCGCGCCGCGAAGCGGGAGACGGGCATCAAGTGCGGCGTCATCGTCTGCGGCATCCGCCACATCAACCCGCAGACGTCCATGCGGCTGGCGGAGCTGGCGGTGGCCTACAAGAACCGCGGCGTCATCGGCTTCGACCTGGCCGGCGCGGAGGCGAGCTTCCCGGCGAAGGACCACCGGGACGCCTTCCAGCTCATCCTCAAGAACAACGTCAACTGCACCGCGCACGCGGGCGAGGCCTACGGCCCCGAGTCCATCTCCCAGGCCATCCACAACCTGGGCGCGCACCGCATCGGCCACGGCACGCGGCTGCGCGAGGACGGGGACCTGCTCAACTACGTCAACGACCACCGCATCCCGCTGGAGGTGTGCCCCACCTCCAACGTGCAGACGGGCGCCGTGACGAGCCTGGCGGCGCACCCGCTGAAGTTCTACTTCGACTACGGCCTGCGGGTGACCATCAACACGGACAACCGCCTCATCACCGACACCACGGTAACCAAGGAGCTGTGGACGGCGCACTCCGCGCTGGGCCTGTCGCTGGAGGACCTGACCACCATCCTCGTCTCCGGCTTCAAGAGCGCCTTCCTCCCGTTCCGGGAGAAGCAGGACATGCTGCGGGCGGTGAACGAGGAGATCGCCCAGACGCTGGCGGCCTTCGACCAGAAGCGGCACCTGGTGAAGCAGCCCGCTTGATGACGTGACGTCCGGCGTCCCGGCCCCGTGCAAGGTGCAGTCGCCTCGCGGGGCCGGCGCTGGCCGCGAGGAGGTGGCG
CP070500.1_gap66	2905217	2906688	1471	CGCGCGAAGGCCGCGCCCCACACGCCCGAGCCGGTGCCGATGTCCAGCACCGCGGCGCCCTCCAGCGGACGCACGCCCGCGAGCGTGGCCGCGGCGCGGCGGCTGAGTTGGAAGTGGGTGGCGAACACGGCGGTGATTTGCTGGGAGTTGTCCGCGTAGAAGCGCCCGCTCACCTCGGGGTCCTTCAGGTCGAGCACGTAGCGCTCGTGACGCACCGTCTCGTCCAGGCGTCCGAGGGCCTCCCAGTACCGCGCGGACACGGACAGCGAGCGCACCAGGTAGGCCAGGGCCTTTCCTTCCAGCAGTGTCTTCGCCTCAGGTGTCAGCGCCCACCCATCCTCCTGACGCCGCGTCATTCCCAGCACGGCCAGCGCTTCCAGCAGCACCCCGGGGGCACGCGTGGACGTGGACTCGCCCAGCGCCTGCTCCGTGCGGACGTCCTCGGCGAGCGCCGCCAACAACCCGCTCTGTCCCGCGGCCAGGAGAACCTGGGTACGCAGGCCGCTGCGGGTGAAGCGGTCGAAGAAGTCCTCGTGCGCGGGAGTGGCGAACGGCGTGGGCGCCACCAGTCGCTCGCGGAGGTGGCTGAGGACGTCCCAGCGCTGTCCCTCGAAGTCCACCGGCTCGCCGGACTTCACGGCGTCGGCCAGCAACCCCATGGGGCCCCACCAGGGGAGCTCGGCTTGAAGCTGCTGGCGGAAGGCCGAGTCGCCCAGGAGGGTGGCGGTGTGGGGCGCGAGGCTGAAGCGGCGCGTGTCGTCCATGCGGACGAAGTCCAGGCACACCAACAGCTCCAGCAGTGAGCGGAGTCCTCGCGCGGAACAGCCGAGCCGCTCCGCCAGCGTCTCCACCGGCAGTGGTTCACCTCTGCCCTCCACGGTGAGTGCGTCGAAGAGCCCCACCCGGAGCGCTGTCTGGAAGAGGGCGGACTCGTTGGAGGCGTTGCGCGCCCAGAAGTGGAGTGACTGTGCGAGGGAGACGGGCTCGTGGGGGGCGGCCATGAACCCACAGCTTGTTCCCACCCGTCCTCCGGGTGCAACCCGGCTCCCTCGCGGCGGGGCCGGGAGCGGCTCTGATACGCTTGAGACATGGAATCACGCGCGTCGATGGTGCAACTCGTCGAGGAGTTCCTGCGTGCGGAAGCGCGCGTCCGTGACGTCTGGGTGTCGCCCGAAGTGGCCTGGGTGGTGCCTCGGCGCGCGGTGCGAGCGGCTGAACTGGACGCACTGCTTCACGAGCGCCTGGGGCCGGATGTTCCCGCCGTGGCGCTGGTGGACGCGCTGCCCCGGCTCGACTCCGGCGATGTGGACGCGGCGGCGCTGCGCCAGAGCATGCCGCCCGTGCCCGCGAGGCTTCAGGCCCTGGAGGACGCGCTCCGGCAACAGGGCATCGAGGCGGTGGCGCTCGTGGGGACCCGGCGGGACGGGGAGGTCCACACGCCGCTGGACGCCTTGCTTCCCGCCGCGCTGCG
CP070500.1_gap67	2907695	2908585	890	GCGACAGCGGACTGCGCGAGGACGCGGTGTGCCCGGCCTGGGGCATGGCGGAGACGTCGTCCTTCTTCTCGATGACGCGGGGCGTGCGGACCCATCCCGTGGAAGCGGCGACGGAGCTGGGACCGCCTCCGGTGGGCGCGGCCCTGCGTGTGGTGGACGACACCGACGCGGTGGTTCCCGAAGGTCAGGTCGGCCACCTGCAGGCCCGGGGTGAGCAGGTGCTGTCCGGCTACCTGGATGACGCGGAACTCAACGCGCGCTCCTTCACGGCTGATGGCTGGTTTCGCACCGGGGACATGGCCGTGATTCAGGACGGGCAGATGTCCATCGCGGGGCGCCAGAAGGAGGTCCTCATCCTCCACGGCAACAACGTCTACCCGCAGGACATCGAGGAGGTGGTGGAGTCGGTGCCTGGCGTGCTGCCGTCGTACACCGTGGCCTGCCCGACGCGGAGCGGTGCGGCACAGACGGATGAACTGGCTGTCTGCTTCGTGCCCACGCCGGATGCGCCGCCGCTGGCGGAGTTGCTGCGGAGCATCCGGGAGAAGGTGGGCCGGGTGCTCGGCTTCCATGTCGCGCACCTGTTGCCCCTGGCGCGCGAGCAGGTGCCGCGCACGGAGCTGGGGAAGCGGGGTCGCACCGAATTGCGGCGCCGTTTCGAGGCGGGCGAGCTGGGGGCCGAGTATCACCGCTCGCTGAGCGTCCTGGGCGGACCCGCCACGATGCCGCCGTGCCTGGCGGTGTCCCGGTGGGTGCCTCGGCCGCTGGCGACCAGGGTGGGAACACGCGGTGCCGTGGTCGTCATCGCGGACGAAGCCTTCGCCGGGGCATTGCGCGAACAGGCCGACGGCTACGAGGTGGTGCGGGTGGCGCCGGAGGCGAGCGGTGAG
CP070500.1_gap68	3049142	3051080	1938	GGAGGTGGCCCACCGACGTCCCAAAAATCTCCGGAGACGACGCTGGCGGCGGCGTTGCCCTGGCAAGTCGGCGGGACGCCGGTGCGTCAGGAGTGCCAGCAGTCGGGCGCCCGGCGGCAGATGGGCGGTAGGGGCTTCAGTCCAGCAATCCCAGGAGGCTGATATCCAGTCGGCTGCTGACCAGTCCCAGGAGGCTCTCCAGGGCGAGTTGGTCCTGCTTCATTCTTGGCGCGAGCTCCATGCGAACGCGCTCGAGCAACTGCTCGCGGGCATCGGCGACCTTGCGCGCGACGCCGGAGCGCGAGCCTCCGTACATGAGCGTCAGCCGGTCCATCGTGAACCCATGGAAATGGTGCAAGCGCAGCAGGGTCCGCTCCTGCTCGGAGAGCACCGCCACCGCTTTTCGGAGCGACTCGACGAGGAGTTGGCGTGCATCTTCGCGCAGCAGCGCGTACTCGGGGTCGCTCGGGGCCAGCATCCGCGCGAGTTCCTCGGGAGGTTCCGCGACGAGCTGATGGCGCTCGTCCTGGCCCATCAACTCCGAGGCGATGCGTGCGGCGACGATGCTCACCCAGGTCCGCAGGGGCCCTCGCCCCCCATAGCTCGCAATCCTCGGTGGCGTGTTGCTGCTGCCCACCAGCAGCCGTTCGCGCAGCATCTGCAGCACTTCCTCCACCAGGGGCGGCGACACCTTCCCGAGCCGGGGTGGGACGTGCCGGAGGATGTGTTGTTCGAAGGCCTTGAGGGCCGCCGGATCCCCGGTGGTGCAGGCGCACGCCAGATACAGGTCGGCACCTTGGAGGATGCGCATCACCTCCGCGGCCTTTCCCTCAGGCAGGTGCCGGGCCAGGTGCCTCACGAAGGTCTCTGCCGGGAGTGACAACGTGGGCCACTGGGTCCGTGCTGCCTCGACGTGTTTGTCCAGCAGCGCCTCGAATCCCTCCTCGGCCTCCAGCTCCGCCCGCAGCTTCGGAGACACGTATGCCCGCAGCAGCGCCGCCAGGGAGCCTGTTCGCTGTTCGTCACTCATCGTTTCGTCTCACGCCGTTGCCAGGCCAACACCGTCTGGAGCTCCGACTGGCCCCGGACCCCCACAGACTCCAGCCGCGCCCGGGCCTCCTCGGCCAGCGCGAGCGCCCGTGCCCGCTCCGGGGAAGCGCGCGTTTCCATGAGCGCCCGGGCCAAAAGGAAGGCGGTCTTGCCGGCGACCCGCGGGTCTTTGACTTCGCCCCATTGGGTTTGGATGCGCCGGGCGCGCTCGAGCAGGGGGACCGCCTCCGCCGCGGTACCCAGCGCCAGATGCGCCTCCCCGGAGCAGGCCAGGGCGCTCGCACCGTCCGGGGACTCCGCGCCACCCGCCTTCTCGGTGACCTTCCTCGCCCGCTCGCAGTACGCGAGCGCCTCCTTCGAAGCCCGGGTCGCCAGGGCAAACTCGGCGAGGGGAAGCAGCACGGTCACCGTCTTACCGCCCTCCGGGCCATGTTCCTTCTCGAGCCGCTGGAGCGCGTCCAGCAGGTCGCGTCGTGCCTCGGCATGGCGGCCCGCCTTCAGGTACACCTGTCCCCGGACTGTCAGCGGCAGGGCGGCGCGTGGCGTGTCCTGGCCCAGTGAACGCTGGACGCGCTCCAGGGCCTCGGTGGCAAGGCCCAGCGCCTCGTCGCCCTGGCCCGCCTCACTGGAGATGTCTGCCAGCGCTGAGAGCGCGAAGATGACGGTGATGTGGTTGGGGCCCCGGGCCCGCTCGAAGATGGCGCGCGCCCGCTCAGCCATGGAGCGTGCCTCCTCCAGTCGACCCGCGACGCGCGAGACCACGGCGAGGTTCAACAGAACCGTCCCCATGGGGGTGGTCTCTGGGTCGGAGGATGCCTCCTGAAGTGCCAGGGCCTTGCGCCAGGCGCTGACGGCCTCGGCGTACCGGCCCACCTCCAGCGAGGCAGT
CP070500.1_gap69	3189535	3193494	3959	AAGCCCCGGTCGAAAGGGAGCTCCACCTCCTGTCGCATGAAGCACTGGGCGCACTCGACTTCGAGGGTGGTGTCCACGCCGCAGTCGACGGCGTCAAACTCGTCGACGAGGAAGTCGGCGTCGCGCAAGCTGAGGTCCTCGACGAAGCGGCGCTTGTCGCGCGCGTCCACGCCGTCGACGTCCAGCACCCGGTAGGCGAGGACGGAGGACAGCATCTTCTCGGGCGCCGCGCGCTGAAGCTGCGGCAGCCGCCGCTCATCCTCACCCGTCAGCAGCTTGAAGCGCACGCGCTTGCCGGCATCCGGCAGTGTCGTCTCGAAGCGGTTGCCGGCCATGAAGGCCGCGCGGCTGGCGTCCGAGAGGACGCGCACCGGCAACTGCGTCAAGTCCAGCTCCCAGTCGATGCGGGCCCGGCAGGCCGCATTCTGACAGGGGACTGCGAACACGTACTCCGGCCCGTAGGTGAGGACGCGCACCTGGAGCAGGGCGAAGAAGCGGTCCCCCTGAAGCACCTGGCCCCAATCCACCTTCCCGTCGGCGAAGGTGTAGGGGCCTGCCTCCAGCATCTCCTCCCAGCACGCGGAGAGCAGCTCATCCACCTGGCCGCCGCTCTTCGCCAGCTTCCTATCCGCGAGGACGCGCTCCTCCCGCACTCGCATGCCGCGAATGCGGCCCGTCAGCCCCGAGGGGCACGAAACAATGTCCGCCATGTCCTTCCTCCGGGAAGGACAAAGGCCTCGGGCGGCAAATCGGGGACATCCTCAAGCGCGTTTCATTTGACGACGGTGGAGCCTGCGCGTGTTGACCTGGCCACACAGCGGACACCTTCAGTAGCTCAATAACGGTGGAAAGTTGAGCCCATGGCCCGCACCATGGATATTGAAGTGCAACCGCCATGCCCCATACCTCGAAACTCTCATGCCGAGTGGTGTTCAGCCCTCAGGCATGGGGGCAGGTGGGGCGCATGCCGCACGGCACATTCGTTGCCGTGAAGGAGGCCGTCGCCCGCCTTGCGAGGGAAGGACGCGTGCAGCGCTCGTCAGCAGGTGCCACCGCCACTCGGCTTCGGTTGGCCCCAGGGCCGCTGGACATCATCTGCGAGTGGGACGAAACACGGCGCACGTTGACAGTTGTGGATATCGTCTCCGTGCCCGCTGAGGCTTGTTGAATTCGCGGGCGGATGTGGCGCTGCTTCTGAATGGGAATCGCCCGCCCGCGTGCAAGGCCCATGGAAGCTACGTCGCTGGCAGAGGCTTACGTGGCCAGCTCGAAGAAATCGTAGGTGAGGGTGACGCTTTCGATGACGTTCTCGTCACTCTCATTGTCCCACTCACCCGCGACGAACTTCACCGGCCAGGCGCGGGAGAGGCTCCACCGACGCAGCGTGGTGCCGTCTCTGTCCTGCTGGACGATGTCGAGGTTGCGCTTGTAGAGGCTGTCCGGCAAGCCCAGGCCGCTGGCGGTGTGGACGACGTCCTGGAACCAGTCGAAGAGCTCATGGTCCTGCGTGGCGCCTCTCTCCAACGTGACGTCGGAGAAGGTGAGGCGTCCCGGGGACTTGTTGGGGATGAGGCTGCCGCCCTCGAAGTACTGGACGTTGGCGACCTCAACTGACAGCTCGGAGCATTTTTGAAAACCCGAGTGCCCGAGGCCGTCCACCTCGCAGAGGAACTTGAAGCGCTTATGGAAGCTGCGCGGCTGTCCAATGATGGCCATGGCCAGTCTCCTTACAGGCCCGCCGAGGCCAGCTCGGCTTCGAGGGCGCGGGTGTCCTGGGCGATGCGCAGGACGATGAACTCGGCGGGCTTGTTGGTGGCGAGCCCGATGCGCGCCACCAGCTTGCCGGCGAAGACGACGGACGGCGGGTTGAGGGCGTCCGAGACGTCGACGAAGAAGGCCTTGGCGGGCTCCTGGCTACGGAATGCGCCGTTTCGCATTTGTGCGAGGAGGAAGGCGGCAATGGAGCGCCGCACTTGGGCGCGCAGCCCCTCCGTGTTGTTGCGGTGCCGGGCAAACTGCAGCCCCGCCTTGAGGCTGCGCTCGATGAAGGAAACGCCCCGGCGCTCGGCGACGTAGGGGAAGTTGCCGCTGGCCTTCAGCGTGCGCGAGCCGTCGATGAAGCGCGGCAGGCCGGGCCCCGTGGTGAGGGGATTGATGCGGCGGGGGTAGACGATGTCCCGCTTCTTCTCTTCGAGTACCTCCTTGGACTCGAAGCCGAGGACGCCGAACATGCGCCCGGCTTCAATCCCCGCGGGCGCGTCGTACACACCGCCGGGGCGCGCGCCGTCGTTGCGCGCGAAGACGCCGGCGATGATGCCGGAGGGCGGGACGACGAGCTGCTCCATGTTGCCGAAGACGCCGCGGGCGGGGTTGAGCACCTTCACGCGGGGCCAGTAGAGGGCCGCGTGCTCAGAGAGGCCTTCGAGGGCGGCCTCCTGCGAGACGTAGGAGACGATGTCCGTGGCGCTGTAGCCTGCGGGCGAGTCCAAGATGGCGAAGGCCAGGCCGTCGCGGGCCACCTCACAGTAGCGCACCATGGCGTTGTGGACGGCAGGCGTGGCTCGGCCGGGCACCAGGAGGAGGGAGACGTCTTGCACTTCATCGAGTGCGTAGAGGCCCGTCCTACCCGCCTCGGAGCCGATGAAGTCGGTGTCGTCCAGTCCGACGAGGCCGTCGGTACCGCCCGAGAGGGCCACCGTCTGCACGTCCGGAACCGCGTCCGGTTGCACCATGAAGGCCCGGACGTAGGTGGAGCCAGTGCGCTCGTCATTGAGGACGCGCTCGACGTAGCGCGCGTCGTCCTCGGACGAGGAGAGGTTGGGGAAGGACTCGCGGTAGGTGCCGTCCTCGAGGACGAGGACGTCGAAGGTGTCGGGGGCACCATTGGTGGAGAGACGCACCTCCACCTCGATGCGGTTGGCGTAGGCGCCCGCATCCTTGGCCTCCAGGTGGAGGACGTCGGTGGCGCCGGAGGCGTCGCCCGTGTGCGGCAGCGCGTCGAGGCCGAGGCCGGGGCCCGCGTCGCCCTGCACACGCAAGGAGGCGCCAGGGCCCGTGGCCTGGGTGAGCAACTGCAGGGCCCCCAGGGAGGACGGCGCCACGCGGACACCTGCCACTGCCGCCTCGACGAGAGCGCGCACTTCCGCCAGCTCGACGGCGCGCAGACTCTGGACGTTGCCGCTCCCCACCTGCGGGCCGCCAGGGAAGCCGAAGACGGTGCCCGCCACCTCGTCGCCCACCTCCAGACGGCTGGAGGCGCCCTGGGTGTCACTGGCAATTGTCAGCACACCGTCCACCACGAGGGCGCGGCCCCCAACGAGTCCGGCGTTGAGGACGGCGGCCACCTCCTGCGCGGTGGCCTGGCCGATGTCGTCGAAGTCCTCCTCGCTGAAGGGGATGAAGACGTCCCGCCCGTCGTCCACACGCACGCGGAGCGACTGCCCGGCGGTGAGGGCGTAGGGCTCAGGGCGCCCGGCGGCGACGGAAGCCGCGGCGCCGGAGAAGACGACGTCCACCACCTCGGCGCCGTTAGCGGACACCTCCAGACGCTGTCCGTCGGCCAGCGCGAAGGGAGGCCGCAGCGTGCCGCGCACGACAGCGGGTGTGGGCCCGCCGCCTGTGGTGAGGGCCGCCGCCGCGCGCGTGGCCGTGTGCGACTCGGGGTTGGAGGCGTCCTCGTAGTGGACGGTGCGCACCGCCCAGAGGTGGCTGCCGCCCTGCTCGAAGAAGCCCATGGCGGCGAGGGCGAGGTCCGAATCCGGTGTGAAGCCGCCGAAGGTGGCCTGGTACTCCTCGAAGGAGGTGCAGAGCACCGCCTGGCCGATGGGGCCGCGCTCCGCAAGGCCCACGGCACCCGCGACGGAGGTGGGCGCCGAGGGGATGCCACGGACGCGCGGCTCTTCCTCCTCAATCACGACTTTCGACGACAGCAGCTCACGACTCACGAGGCACCTCGCTTC
CP070500.1_gap70	3204692	3206256	1564	TCCAAGTCATGCCGGGTGCGGCGACGCAGCTCGACGAAGCTGGAGTCGAAGCAGCAGAAATCAAAGAAGGACTCCAGGCGAGCCTTCTCCACCCGGGCCTGCTGACGCACTTCCTCCGCGTGCGCAGCGACTTCCTCGTCCGTGGGGCGTAGGGGCGTCCCGGAAGGCAGCGTGCCGGCGTCACGCGCGGCCAGGCGCTCCAGGGCCATGGCGTCGGCCACCTTCTCCTGCGCCCCGTCCCCGTCGAAGTCGATGGCGGGCTCGAAGCGGTAGCCGAAGCCGTCGATGTTGGTGGCGTAGGCGTCGACATTCTGCCGAAGAGAGTTGGAGTGCTCGACGAGGAGGCAGAGGGCCTCCGGCTCATACGGGGGCTGGAGGGCGCCCGCCTCACTGAAGGCCAGGGCGTCCTCGCCTCCAGGGCGGCTGGCGGGCTCATCGACGCGGGCGCCCACCACCACTGCTTTGAGAATCGCCTGGAGGCGCTCCTCGGCCACGTGGACGTCTGCGGGCACCGTCACGGGCTGCCCTCCACGTAAGCCAGTAGGCCCGTGGGAGTGTGAGAGACGGCGCGTACGCGCTGGCCGCGGGCAGTCAGCTCGGCGCGTGCAGCTTCCTGCAGTCCGTCGAGCGTGGAGGACTCGACAGAGAGTTCCGGCCCGGGGTGTGGAGCGCCCGAGGCAGAGGAGAGTACGAAGACTTTGACGACGCGCTGCACACAGGCCTCCCTCACCAGGTGGAGGCAAGGCGCGCGATGGGAGGGGCCCCCTCGACGTGGAGGGCGTTGGGGGGGGGCGCGCGCCTCACCTCCAGCGAGGACAAAGGCCTCGGGCTCGATTTCGGGGACATTGCCCTGGGCCCCGGAGGATTGAACCCGGATGGCTTCGCCCGCATCGGCGACATTCCGCTTGACAGGACTTCTTTGGTCGTTATTTTGAGAGTCGTCAAATTATCGAAAGGTCGAGATGCGAACGCAGGAGGTCTTCAAGGCGATTTCAGACCCGACCCGGCGCAAGGTGCTCAAGCTCCTGCAGGGCGGCTCGAAGTCCGCAGGAGAGCTCGCTGAGGCGTTCGACATCACGAAGGGGTCGCTATCGCATCACTTCAACGTGCTCAAAGCGGCGGACCTGGTGCGCTGTGAGCGCCGCGGACAGCAAATCGTCTACTCCCTCAACACGACTGTGTTCGAGGACGTAGCGGCAGTCCTGCTCGACCTCTTCAAGGTCGATAAGGGGAATGGAGAGCCGTCATGAGAATCAGCCGAGCCAATGCGTTGAGTCTGGGACTCGTCATCGTGTCGTTCGCGATGACCTTCGTGCTCTACGGCCGATTGCCGGAGTCGATACCCACGCACTGGAATGCCGCGGGGGTGGTGGATAGGTATACACCCAAGCCCTGGGGGCCCTTCGTCCTGCCGCTGGTGATGGCTGCTGTGTACCTGGTGCTGGTGGCCGTGCCACGGATTTCGCCCAGGCACTTCCGCGTGACGCGGTTCCAGGGCGTCTTCGAGGGCATCCAGGCGGCGCTGGTCGCATTCCTCTTCCTGCTCAACACCCTGGTCCTGCTC
CP070500.1_gap71	3221226	3221979	753	TCGGGAGACGGAGCTGGCGGCGCGGGCTTGGAGGCGGGGGCCGGGGCGGGCTTCTTCGAGTCCGGCTCGGGAAGGGGATGGCCGAACAAGTCCACCGCAGCCAAGGCGGGCTTCGTCGGAGGCGCGGGGACAGGCGGCGCGGCCACGTCACGATGAGGCCGGGCCTGCCGATTCACCTTCAGCCACTCGGTGCAGGTGCCGCCCACGCCGGGCAGGGTGCAGGCACCGCCATGCCGGTAGTGCAGGCAGTGCTTGCCCTCGCCGCGGACGTAGGCCTCGCACGTCACGCCGGACGGACGTTGCGGGGCGGGGGTTGGTTGGAGGAGGTGTGTAAGGGCCATGCGCGGAGGTCGGCGGCGCGTGTTTGCCGATACACCCTAAAAGCACCCCATCCCTTCGATTTGGGACAAGAAATCTTTTTGCCCGATTTCTTTTTTGATTTTCCGAGGGCGAGTGACACGCGGCCATAAGGCAGAGCAAAGGCCTCCGGCGCGATTTCGGGGACATGCCGTCACCGGGTGGCAGAAAGGTGGCAGCCGGTGGCAGGCACTTTTTGAAAGACTGCCACGAAATTCCCCAGTGAAAACAACGGAGTGGCAGTGGTGGCAATGGTGGCAGTGTTTTTTGGGGTAATGCACCCTAGGGAGAGTGAGACTTCGATTCCCCTATTGAATAGTGCCATTCAAATATGCGCGCGCGTCACGTAGGGGTACTTGAAAAAAGACTGCCACCACTGCCACTTAGAGATAAGTT
CP070500.1_gap72	3253206	3255481	2275	GTGCCCTTCGAGCAGGCGCGCGCCGGGCAGTTCTGACCGGCGCCGCGCGCGGGTGACGTTCCTCGAGGGCTCGTGCACACGCACGGGCCCTTCGTCGTTTCAGGCGACGGTCCATCCTCGGACGTCGTGGCGAAGAAAGACCTTCGAGGGCTCCGCCTCGACGACGCGGGTGGCCATGGCCCTCAGCCGGAGCTTGTCCCGCTTGCTCAGGTCCCTCCAGGGCAAGAACAGGTGCGAGTTCCGCGAGCGCCAGAGCACCACGCCCCTCCAGCCACCCTTCATCGCCTGGTCGTGAAGGAAGGAATCGAGCTTCTGGGTGAGCGTCACGGGCTTCAGCTCGGGGCTGAGCAGGAAGTCGAGCACGGCAACCTGTCTGGATTCGACGGCCCTCACGATGGCGCTCGCGACGTGCTCGTTCACACGCTGCCGCTCGTGCCAAGCGGCAGCGCAGCTCCTCCTCGGCGGACCAGCGCAGCCGTGGGCCGGACGCGGCGGACTTCTTCTCCGTGGCCAATGGACGGCTCGGCACAGGAGCCAGCGAACGCGAGCGCATCCTCGGGCCGTCTTCCTTGCCCTGAAGGTCCCCCCCCTCGGAGCCACTACGGCGCGCGGGCAAGAACTGAGAGGCGGGGCAGGGGGCCGTGCTGAGGACTCGGCCAAGAGGTTCTGAGAGTCGTCTCGGGGAGTCTGCGCCGCGCGACGAAATCGCGAGTACCCGGTAAATACCTGCCGCGTTTTTCTCTCTCGGTTAACAGCCGCATGGGGCTGGACCGTCGTCGAAGGGCTCCGGGCGGCCCTGGAGACAGGGAAACGGAGCAACCCTGGAAGGTACGACATCGAAAGCCAGGGATTGTCAGAATCGGTCGCCTGCGGTGGTTAACAAAACCGTTAACCACTCTCGGCCTCTCTCTCCCCAAAATGGGTGAAAGAGCGCTCCAGAGAGCCCAGTTGGCGGCGGAGAAGAGGGGACATCTCGCTCTGCGGGGTAGCGAGCCGAGAGAGCCCTCTTCAGCACCGCGAGGAGAAATCCCTTGTGATTCAGGGGCTTAAGCACGAAGGCCCCGCGATGTTCATCGCGAGGCCCGTGTTAAACAAAAAGGCCCTACCAGTTGGTAGGGCCTTTCAAGAAGCTCCCCGAATGAAGCCCTAGGCGAACTCGTTCTCGGCGTTTCTCTGAGAGGACTCAAACTCTCTGAGGGCCGAAAAACCGAGTGATATCCAGCGGTTTCAAAGAAGAGGCCCGGGGCCCCCTTCAATCGGGGACCGATTGAATGTCCGCAAACTACTACATGGTGGGGGCCCCTCCCGTCCATGGTTCTGCGCCTCTCGGCGCCCGCTTCACAGAGAACGCGTGGACACGGTGGGCTCGCGAGCGAAGCATGGGGTGGGTGAAGGTCGCACGGTCTCGATGCGCGGAACCTGGGATAGGCGAGGCCCCGGCCGGGGCCTCCTGTGGCCCTCATCGAAGCCCGTCCGGCCGGCGTCCATAGCAGGCGCAGGCAGGCCTCCTCAGTCGGTGTCGAGCCAATCCGCGAGCAGCAGCCTCTTGGTACGCCTCGCTGCCGCTCCCCGGTGCCCTGGCTCTCCATTCACCGCTACAGGCACCCGGTGGCCCCTCGCTTGCGCCTTAACGAGTTCGTAACGCGGTGGACGGTTTGCGGGTAGGTGCAGGGGCCCCAGGCCTTTGGCCTACCTTTGATTACCTTTTGTGCCCCTGGTGGGGAGGGCATGTCAGACCGCCCCGCTAGGTTGCTCAGCGCTTGTACGTACTTCAAGGGAGCTGAAGATGGGTGCGTTGACTGATGCTGCATCGGGAGGGGGACGGGGGCTCGGAGGTCTGCCTCGCCAGCAGGTGGCCGCGCGGGTCGCGAAGTCCAGAGAGGCGCTTCTCGCCGTCATGGGCCATCTGGGCCACCAGCATGTTCCCGATTACGAGCGGGAGCCTTTGGCCACTTTGGAGAAGCAGGTGCGCCTGGTGGCGCGCTGCTTCGTCGATACGTGGTCGAAGACGGAGAAGCCGCATCTCATCGACGTCGTCGCGATGGCCGTGCTGGAGTGCGGGAAACTGGATGCGTCACTGGTCCACCGCATTTTTGGAGGCTTCTCTCTGGAGTGCGACTTGACGGCTCCTGTGGACGCACAGCTCAGGAAAGAAGGGCTTCAAGTCGCCCGCGAGGTCGTGGTTCGCGGTAGCCGTGCAGACCTCGTGGGATATGGCAGGGGGGTCTTCGAGCGTTGCCTGATTGCCGTCGAACTGAAGAACGCGCCAGAGGAA
CP070500.1_gap73	3271083	3272405	1322	ACGTGGTGTTGAAGGAGTTGCCGTTGTGGAGGGTGACATCGAGGTAGCGCACGACGCCCTTGCCCTCAATCCTCACGTCCACGCTGCCGCTGCCCCAGGCCACCTTCCCCTTGAATTTGGAGGAGATGAGGCCGCCCGCCGTCCCCGGCTCGTCTCCGGAGCTGACACTCAGCTCGGAGTCCGTCAGCGCCACCGGGTGGCCGTTGATGGTGACGCTCTTGCTGCCCTTGGTGAGCATGGAGTCCTGGGCCGAGTTGACGAAGGGCGTGGGCACCGGCCCGCCTGGTGTCGGCACCTTGCAGACGTCTGGTGCGGCCGAGGTGTGCGTGTTGCCGCTTCCCTTGTGAATAATGGAGCGGCCGTTGGCGTAGACGTTGCTCATGCTTCCTCCTTCGCGTTTCGAATCATCTCCACGACGCAGGCGCCGATGCGCCCGCCGTCGGCACTGCCATAGACGAGTGCCCTGCGTGCGCTGGGGTGACGCCAGCGCGCCCGGTGCAGGGCCACGCCCAGCATGACGGGGCCCGCGCCGGCGCCCGCGTCCCCCAGTCCTTCACCCGCGACGAGGACGCGCAGGGGCTCGGGCATGAGGGAGGCGTTGCGTAGATAGGCGCGGGAGAATTCAGTCGCCCAGAAAGAGTCTCCGGGCTGGCAGGCGACAACCGCGTCCACGCGCCGCGCGCTCGCTGCTGGGGCTTCCCGCAGGGTACGGAGGGCTTCCGTCAGCCCTTCGGCCTGGCTGGGGCGGCCCTGCGCGAAGGGCTTCGCCTCCACGGCGAGCGCCGTGCCCAGCAGGACGCCCGAGGCCTCCAGTTTCAGGGGCTTGAGGGCGCCTGGCCGGGCGAGGGCGACGAAGCCCGCGGCCTCACCTGGAATCCTTCCATCCGGATTCCGGCGCCCCAGGTGCAGCCGCGCACTCGCCAGCGCCTCCAAGGAAGCGCTGTCGGCCAGCGAGTCCACCGCGCCCACCAGTGCCACCGCTCCCGCACGGCCGGAGTGCAAGTCCTTCTGGGCCGAGGCCAGGGCCTCAAAGAAGGCGGCCCGCCCGGCCTCGTACACCTGCACCACTTCCAGCCGTCCCTCCGACTCGGCCAGCAGCGCCTCCACCAGCGACTCCTGTTCCATTCGGGCGCCCAGTCCCGCTTCGGGCAGTCCGAGGTACAGCGGCACTCGCCTTGGAGACAGGGAGTCCAGCAGGGGCCGTACTCCGGCGAGGGCCTGCTGAGCCAGGGCCGCCATTCGCTCCGTGCGGGAGAGGGAGTCGTCGAGAAGACTCAGGCGCGAGGCGCGCACGGGCTCGCCCACGTCGTCCAGCACCGCTG
CP070500.1_gap74	3274022	3277966	3944	GTCCTCCATGGCCGGTACCCGCCCGCTGAAGCCGAGGGCCCAGAGGGCGTGGGCACGCAGCTCGGCGGACTCCAGCAGGCCCACGAGGAGGGCGGCTTCCGCCTCGTCACCGCCCAGCGCCAGCAGCACCATGGCTTCCCGGGCATGTGCGTCAGGCATTTGCACTGCCCTGCGACAGGCTTCCCAGGCCAGCCGCACCCCGGAGGCGAGGCCCGCCTCCATGGCCGCCGCACGAATGCCGGGGTGGGCCGAATCGAGCAGCGCGGGCAAATGCCTGCGCACCGTCTCCTCCGGCAGCGTCGGGGCCCCGAGCAGGGCCGCGATTCGCGCCCGCGGCTCTTCATGGGTGAAGAAGTGCGCCAGTACCTCTACGGGAGCCTCCTGGCGAAAGGCCAGTGCCTCCAGCACACCTGCCTGGAAGGGCGTCTCTTCCAGCTTCAGCAATTCGAGAAGCCTGGACGCCAACCCCGGTGCTTCACTCACCTCCATTGCCCGGAGAATGGCGGCACGGACTGGTGCGTTCGCGCCTCGCAGCCGCACCAGCGCCTCGTCAGTTTCGCCCAGCCTCAGCAGCGCATACGTTGCTGCCGAAACGCGCAGCGCCTCTTCCGAGTCGAAGGCCGGGCGCAGCACGGTGTCGAGTGCGGAGACGTCCTCCAGCCCCTCCAGGTGCGCCAGCAGTCTCTCTTCGCGCGTGGCCGTCTCGTCGAGAGTGAAGTCTGGCGCCCCCAGCGCCCTCTCCCACTGCAGCCACCGGAACTCCGCTTCGTCGAGATGCTCCTCCAGCACGTCTACCAACAGCATGATGTCTTCTTCCCCCCTCTGGATTCCGCTACGCGTGGCTGCAAGGGCTTAGATGAATGCGCGAAGGCCTTCCGGCCTCGCTTGCAGTCGGCGCGTGAGTGCCATTGCTACAAATGCAGTGGCAGTGGCGAGCATTAAGTTGAAAACGCGCGGCCGAGACAAAGCGCGCTAAACCCAATACGGCAAGTCACCGTCAGCCTGTGAACGAAGCTGGCGGCAGCGTGGCTTGATTGGAGCAGAGCCGCTCAGTGACATCGCCCTTCGGGGCAGGGCAACTCACGGCCAACATCGCCAACGCTTCGGCCCGTGGGCGACAGCGACTGGCGTCTTCCGGGCCGGACTGGGGAGTGCGTGTCGAGAGACGGGGGCACCAAGCCGGCGCTCACCATGCCCCGAGGGAAGAGGCGTCCGTGGAGGCGCGGCATGCCACCTGCTTTCCACCTTCGGCCATGAGCATGAAGAAGCGGCGGGCGCTCGCGGAGCGCCTGGGGCGGGCAGAGGTGGAGTTGCAGCGGGCGTACGCGAGGTTGGACGGGAGTCCCGAAGCGCGGACGCGGCTTGCCGAGGCGAAAGCCGAGTACCGACTGGCAGAGGCCGCAGCGTTGCAGATGCTGGGCGCCCGTGAAGCCTTGGTGCTGGTGGAGGCGTGTGGTGCTGGTGAAGGCCCTCTTCGCGCCACGGTGGGCCTCCTGGCTGAAAGCCACGTCGCTGCACACGGTGGCCAGGTGGCTGAGGAGTGGCGAGGCACGCGCCGCAAGCGGCGGGCGCGGCCTGTGTCCGCTGAGCGATTCCTTCGAAGCGGAGTCGCTACGGCGCGCGGCTGAGGCCGTCTTTCGCCGTATGAGAGAGCGCGCCTGGCGGGCGCGCCCTCACCCCTTCGTTGCCAGGCCCTCGCGCAGCATCTCGTCCACCAGCGAGGCGGCCTTCTCCTCGTCGGTTTCACCCTGGACACGCAGCGCGACGGACTCGAAACGCTGGGCATTGCCTACCACCCAGTCGATGTACTCGCCCAGAGACAAGCGCTCCACACCGAAGGCGATGTCCTGCATTCCCTTCACGATTTGGACGGCCGTGCCCTGAAGGACACGCCCGTCGCGCATGACGATTACCATAGCTTCCTCTCCTGTAGGTGTCGACGCCAGCAACCGGACTCGATGATGGGGCGGCCAGCCAACCGCTCCTTGGGAAACAGGTATGCCTCGACGCGGCCGACGTCGTCGAGGGTAATGGGCGTGCGTCGGTAGAAGCGCGGGTGGCTCTCGAGTCTGTCGAGCGCCGCCAGCATGAGAGCGTCGACTTCGTACACCTCGCCCTCGACAGCGTGCTTGCCCCCGGAGGCGAGGGCGGGGAAGGGCCCGTAGTCATAGAGGGTGAAGCGGGGCCGCGTCCGCGCCGGGCCGATGAGGCGTGCGCCGCACAGGAGGCGGTGGTTGGGCTCGCCGGACAGCAGCGTCCCATAGACGAAGACGCGCGTCGGGGTTGGAGCGCGCTTCACGCTGCACCTCCCAGGGCGCCCGAGAGGGCGGCGCGGTTGAAGCCCAGGCGCCCGTAGGCGTGCCAGAGGACGCGGAAGTAGCGGACAGCGGGCGGCCAGGATTCGAAGCGTGCCTCGGGCTGGAGGTACACCAGCGCGCGGCGGCGGTGGCCGGCCCTGTCCGTCACCAGCCGAATGGCGCGCCGGTATGTGAAGGGGTGTCCCTCGAAGACGTCGAGGGCGCGCAAGTCCTCGGGGGTGAGGCGGTACAGCAGCCCCTCGACGTGGGCGCCGCGCACGCGCTGGAGGTTGGCGACGGCGCCGCCCCAGCGGTGGCTGAATCCGCCAAACACCAGGGTGTGGCCGGGAAGGGTGGCCCGGGCCTCGACGGTGGCGCCAGGGCAGCGCGTGCGCATTTGGGCCCTGTCGAGGTTGGAGCCGTAGGCGAAGTAGAGCATGGGGTTCCTCCTGTTGAGGGCGGACTCTCGGCCCGCCGTTGTCATTGCCAGCCAGGGCACCCGCAGGGCTCTGGCGCGGTGCCTCCGTGGTGGGGGCGTACTGGGTTGGGCTCGTCGTCCTGCGCGGCGGGGCCTACCTCTCGTTGCTGACGCCGGAGGCGTCGCGCCTCTCGTTGAAGAGCTCCGCCCTCGCCTGAGCCCGAGCGCGGCGGTGCGCGAGGCGCGTCCCTCGGGTGTGCGCCTTTTGGGAGAGGCGCCCGCGGTACTTCTCGACGGGGAACTTGCCGTGCCCCGGACAGCAGCCTCTGTCCTTGCGGGTGATTCCGTATGCTTTCATTGCTGTGTCTCTTGTGTTGGCGAGGGCCTTCGCCCGTCGCGAAAGACATACACGCTCTGGTTCGCCATTGAAGCAAGCGCTGTTTGAGGCGGCGCGAGGGGCGGGCCCGGATTCCCCCTTGGGGAGTCCCCTGGCGCGCACGCAGGCGCGCACCAGGGCTTCGTGGTGCCCGCGAAGGCCCTGTCACGCGGCGGCCATGGCTTCGGCGGGCGCTCCGCCCTGCGTGGCCCCAGCGCCGCCCTGCGCGCTCTGCGGGCCCTCGCTGCCGGGCGAGCCGTCCTCGCCCCCGCCCGAGCCGCGCCTGTCGCGGCGCTGCCCCTTCCATGCGGCGCTGCCCTCCAGCTTCTTGAGGAGGTGGAGGCGGGCCGTCTTGAATTCCTCGCCGATGAGGCCCAGGTGGAGGAGGAACACCCGGAAGTCGTACTTCGCGGTGGCGGGGTTGAAGTCGCGGCGCTTGCTGGAGGCGGCCTTCGAGGCCAGGGCCCGGGCGGCCAGGGCCAACACCAGTTGGACGTAGGCCTTCACTTCGCCTGCGTGTACCGAGCCGTTGAAGTACCGGAATTCAATCGTGCCCCGGAAGAAGAGGCTGTTGAGGTTGAGGCCGTGGTAGCGGCTGGAGTCGTAGCGGTTGGGCATGCTGTTGCGGCGCCCGTACCAAGCCTCATTCACATCCTGGAGGGTGCGGGGGCGCCGGGCCTCCAGTCGCTGGAGGAAGGCCGCGTCGATGGGCCGGCAGTACCGGGCGAGCCGAGCCGCGCTCACCCCGAGGGCCGTCTCCAGGAGGCGCTCCTGCTTGTGCACCATCTTCACCAAGTTGGTGACGCCCTTCGCGTCGAAGCGGCTGCCGTCGACGTGGATGTGGATGCCGGTG
CP070500.1_gap75	3281474	3285882	4408	GTAGAAGGCGAAGCCGTCTCTGTCCGGCACCATGACGGTGGGATTGCCGACGAAGCTTCCGGCGAAGGCGTAGGGGGAGAGGGTGATGGAGGAGGGCACGCCAGGAAAGCGACTGCGGAACGTCACCGAGCCGCCCCCGGCCAGGTTGTCGTGTGAGGCAGTGTCGCTGTTGCTGTACTGGAGGCCGAGCCGGCCCACCTCGCGCACGCTGCCCGCCAATTCAAAGGAGGTGTTGCTGACGGTGCTGCTCAGGGGGAGCCGCAAGGTGCGCGTCCAGGTGGTGAAGGTGACGCCAGTGCTGGCGTCATGGAGGAACTCCGCCTCGTTGCGCGAGAGGCGAAAGCCGCCGGAGGCCGACCCACTGGTGTCCCGGGCCCAGGCACTCCCGTTCCAGGCCGCATTGAGGGTGAACCACACCGAGTCGCTGTCTGCGTACAGGCGCAGCCTCGCGGCTGCGCCTCCCACGCCCAGGGCGTCGAGGAGGAGGGCGCGGCCAGTGCCCAGCCTGGGCTGGAGAATGGCCTTGTGCTGGCCTGCCGCCGTCTCGTTGCTCCGGTAGTGCCCGCTGCTGAAGGCCGCGAGGATTTCAGCGAGGGCCGCTTCGACGGTACCAGTCGTCAACAGGTTGCCAGCGTCCGCGACGGAGACGGAGGAGGCTGCGTGCGCCCCTGCGCCTTGTGTGACGTGCCCATTGAGGAAGCCCAGAAGCGCGGCCACCTGCTGCCGCAGGCTGCTGGCGGGGAGGGTGTGAGGCGTCCCTGCCAGTGCGTCTCCTCCGATACGAGAGGAGCCGGGGCTGTTTGCCGTTGTCTCTCCGAGGCGCGTGACGACCTCCTGCAACTGGGCCTGCACGCTGGTGCCGCTGACGTAGCTGTGGGGCGTGGCGCCAATGGCGCTGGCGTGGTGGGCCCCGGTGGCCGCGCCCTGGTGGGCATTGAGGAAGCCGAGCAGTGAGGAGAGCTGCGCGTCCACGGTGCCCGCCGGCAGGAGGTTGGGGGTGCCGGGCACGGCGTCCGCGCCCACGCGGGAGGCGCCCGGTGTGCCAGCGGCGGCCGAGGAGAGCTTGTCGACGACTTCGTCCACGGCCTCCTGCACGGTGGACGAGGAGATGAAGCCGTGGGGCGCGTAGTCCACGGCACTGGCCTCGTGCCTCCGGGCGGCGCCGGAGAAGTGCCCGGCCAGTTCGGCGTCCACCGCGTCCAGCGTCGCCTGCACCGTCTCAGCGCCGGGGCTCAAGACGTCCCAGGCCCCGCCCTCCACGGCCACCGAGTCTCCCCGGGCGAAGATGAAGGCCTGGCGGCGGGAGGTGTCCAAGTCCGCGGCGAGAATCTGCGTCTGCCCGGGGCGGCGCCGGACGTCACACAGCAGAAGTTCGTCGGGCTGGAGGGCGGGCTTGGGCGCCTGGCCGACGGGGCCTTCGGGCGCCTGGCGCACCACCAACTCGAAGGACTCGTCGCGGCGGAAGTACACCTGCTGGGAGTTGCCGTCCGTGCGCGGCTCGGACAGCAGACGGGTGAAGCGAAGGAAGATGCCCACCCACCGCTCGCTGCCCGAGGTGGAGACATCGGTGGGGATGCCGGAGACGTCCACCGCGCAGTCCACCGTCTGCCCGGTGCCGAAGAAGATGCGCTGCCCGAGGTTGTCGTAGGCGCGCGCCGGGGCCGTCAAGTCCACGGTGAGGTTGGGGACGGGGGAGTGCGGCGCAGGCACCGCCCCGGAGATGACGCCGTGGACGCCCAAGTCCGAGGCGAGGCTGCGGTCCGCCTGCTCCAACTGCGCGAAGGCCAAATCCAACTCGGCCTCCGTAACCTTCTGCCTGAAGTGAAAATCCAGCCGGTTGCTCATGCCTGCGCCCTCCAGAGGAAGGCAAAGGCATGGCGCGAGAAATCGGGGACATGCCGCAGGGCATTCAGTGCAGCGTCGTCGTCTCGCCCAACTCGCTGAGTCCCAACTCCCAGTGCTCGGGGAGAATGGGCGGCAGGGGCTCCACCAAGTCCACGAAGTGGGTGTGCGCGGGCTTGAGGTACTCGACGAGGGTGCGCAGGCGCTGATGCTCCGCGGGAGTGAGGAGGCGCTCCACCTCGACGTTGAAGGCGTACCGGGCGAAGCGCTCCGAGGGGCCCAGCACCCAGTCTACGCCCAACTCGGATTCACCCAGCACGAGGGTGTCGGAGGCGAAGGGGGAAATGGTCCTCACCTCGATGCCAAGGAAGAATCGGATGGCGTTGCGCAGGCCCAGGGCGGTGCCCTTCTGGCGGTACATGTCCACGAGGACGGAGGCCAGGCGGCGGCGGGCGAGGACGTCCAGCTCGAAGGCGAAGGGGTTGCCCAAGTCCTGGAGGATGGCGTCCAGGAAGGACTCCGGCGCGCGCTCCAAGTCGAAGATGTCGGGGATGGCGTCCAAGTCGGCCAGGAGCAAGTCCGTCACTTCCTGGAGGCAGGCGATGAAGCGGCGCAAGTCACCCGTCACGTCGTCGCGGCGGTTGTGGCCCGGCAGCATGTCCCAGAGCTGGAAGCTCCGGGAGGGCGGCCGGGCTGGACGGAAGCCCGCGAAGGTGGCGCGGTGGTAGGGGGCGAGCACCGGGTTGTCGTGCGCGTCCGTCACGCCCTCCACGCGGACTTCGTACACCACGTCCGGCGTCAGCTCCGTGTCGAGGATGAGGTGGACGAGGGGGCCGTCGGCCGCGGCCTCGAGGGAGGCCACCGGGACTGCGGGGGCGCCACGAGGCGTGAAGGTGAAGCGCGCCGTGGGCGGCACCCGCACGTCCTCGTCGAAGGCGAGGCGCACGGACTTCGGCGCAAGGGCCTGGGCGACCACGAGGCGGGGCGCAGTGCGGTCCTCCACGGTGAAGGTGTACGTCTCGTCGAGGAGGTGCGCGCCGCCGGCCGTGGCCGAGACGACGCGGACGGAGACGGTGGCCTGGCTGGCCAGCGGCACCGCCGGGTGGAGCACCACGCGCAGGGTGTCCGCTGTCTGTGTCACCTCAGCCAGGGGCCCCGCGAAGGCGGGTTGCACCTCGACGCTGTCGCCGCCTTCGAAGGCGAGGACTCCATCCACCCAGACGCGGGTGGCCGTCCGGGCAATGCCGTCCGCGCCGACGTCCACCACCTCCAGCTCCAGCGCGGCATCAATGGGGACGTCCTCCTCCCCTGGACCCGGAGCGCGGTTGAGGAGGAGGGGACGGCGCGTCTCGGTGAAGAGGGAGACGGTGTCGACGTAGAGGGCGGGCAGCTCAACAGGGGCCATAGCGACACCTCACGGGGAGACGAGCTCCAGGCGGATGCCCACCGTGTGGACGCCGGAGAGCTTCGAGACGTTGGCGGCCATGTCCCCGACGAGGCGCTCGCGGCCTGGGCGCCCGAGAGTGCGGGCGTATTTCACCCCGTCGACGACGAGGGATGCTTCCCAGGCCAGGCCCGCCGGGGCGCCCGCCGGCACACGGAGGCGCAAGGAGGTGCGGACCAGGTCCACGCCGGTGACGTCCACGGCTTGCGTCACCTCAGCGAAGTCCCCGGGGGCCAACTCGAAGAGGCGTCCAGGCTCCTCGTCTCCGAGCACGAAGAGGTACTCGCCCGAGGCAGGCGTGGCCCGCTGGGGCCGAATGCGGCCCTGCCCCAGGCCCAGGCGACTGGTGAAGGCGGTGAGGGCCATGGCTTCACACCTGTCGGGAGAGCTCGAGCGAGTCGAAGTAGGCCCGGCGAGTGACGTCCTTCACCGCGAAGCCGAAGCCGCCCCGGCCGGAGGTGAGGGGTTGGCTGCCGGAGTTGATGCCGAGGGCGTCGTCGATGAAGTCGGCCATGCCCGGCACGGGCTGCCAGTCAGGGGGCGTGCCGAGCGGGTGCGCGGCCAAGTCATTGTGGAGGGCCTTGAGGACGACGTCGCCGTTGGCGTTGACGACGACGTCCAGCCGCAGGTGCAGCCAGGTGCCCTGGGTGAAGCTGGCGGAGGACTTCAGCAGGACACCGGGGCCGTCCGCGTCGGGCAGCCCCGTGGCCACCGCGCCCTTGCGCAGCACCACCCGGTGCGGCTCATCGTCGGAGAGGCCCAGGAGGTAGGCGGAGTCGTTGACGGAGGTGCCCTGGCCGCACAGGAAGAGGAAGGGGGAGAAGCCGGTGGGGCCGCCTCCGGGCCCGCGTTGAAGGCAGCCGCGGACGCTGCCTCCCTTGGCCATGGGGGCGAAGTCCGGGAGGTTGGCGAAGAGACCAACTGCGCCCTGCGCGGGGGTGAGGGAGTTGAAGGCAAAGAGGAAATTGCCACCGCCCGGGGGACGCACAATGCCCGCCGTTACGCCCCTGTCCACGGTGGCGATGTCCAGTCCGCCATTGAGGTATGTCCAGTCTGCGAGTGCCATGGTGTCCTCACTGCGTGGCGGCCACGGGCCACCCGGTGTCGAAGTCCTCGGAGGGC
CP070500.1_gap76	3294587	3297404	2817	TGCGGCTGAGGGCCGGTGCCAGTTCGTCGAGGATGCCGAGGAAGGAGAGGAAGTTGCCTTTGGAGTCGGTGACGGCAACGCCCAGACCGCGCAGGTGCTCTTGCACCTGCGGGTCCGCCATGCGCTCCATGGCCACGGCGACGGCGGTGGACGCGCGCTCCACGCCGGGGACGACGTTCTTCACGAGGCCGAGGGCGATGAGTGTCTCGGGCAGGGACTGGTTGAGGGCCTGTGCGCCGCGCGCAGCGGTGCCGAGGGCCAGGGGCAACTCATTCGCGCTGAGGGCGAAGACGTTGACGGCCTGGAGCATCTGGTCGACGGAGATGGCGGCTTTGTCGGTGGAGATGCCGAAGGCCTTCATGGCCTGGGAGGCGAGGCCTGCTGCCCCCTGGGGCGTCAGCTCTCCCAGCGAGCCACCCGCCAGGTCCAACACCGGCAGCAGCAGCTTCATGGCCTCAGCGGTTGTGAAGCCGGCTTGGGTGAGCTCGCGTAGGCCCAGCACGGATTCGGTGGGGGTGAATTGAGTGGCGAGGCTGGCTTGGATGGCCGCGTCACGTAGCTGCCCAAGCACTTCGGCCGAGGCGCCGGAGACGGCGGCCACGCCCGCCAGGGCTTGTTCGAATTGGCCGGCGGTGTTGGCTAGGGACAGCGATGCACCAAGGGTGACGGCGCCCGCCGTGAAGATGGCCATGGCGACGCCGAGCCGTTGGAAGGCGGTTTCAATGCGCGCGGTGCCCAACCCCACGCGCCTGTCCAGGCTCATGAAGTTGCGCTCCACGCCCTGGAAGGTGCCAGAGGCCAAATCCCGCGCCGTGAAGACGAAGCCCAGGCCGAGGTTGTTGAGCACGCGCTACCTCCGCTTCGCGGACTTCTCCAAAGCCTTCGCCTCGCGACTGCGCTGCTGGCCGATGCGCTCGAGGAGCCAGTCCCTGTCCGAGGTGGGCAGCTCCAAGGCGTCACCGAGAGGAACTGCGAGGCCGCTGCCGCCGTGCTGGTGCCAGCACAGGTTGAAGAGGCCCTCGCGCCACGTCTCCAGCGTCACGCGGGGGAAGAGGTGGAGCGCTCCCGTCGCCTCGTTGTCCGCTGTGTCCCCGGAAGGAAGAAGCCCCGGTCGAAAGGGAGCTCCACCTCCTGGCGCATGAAGCACTCGGAGCACTCGACTTCGAGGGTGGTGTCCACGCCGCAGTCGACGGCGTCAAACTCGTCGACGAGGAAGTCCGCGTCGCGCAGGCTCAAGTCTTCGAGGAAGCGGCGCTTGTCGCGCGCGTCCACGCCGTCGACGTCCAGCACCCGGTAGGCGAGGACGGAGGACAGCAGCTTCTCGGGTGCCGCGCGCTGGAGCTGCGGCAGCCGCCGCTCGTCCTCCCCGGTCAACAGCTTGAAGCGCACGCGCTTGCCGGCGTCAGGCAGCGTCGTCTCGAAGCGGTTGCCGGCCATGAAGGCCGCGCGGCTGGCGTCCGAGAGGGCGCGCACCGGGAGCTGCGTCAAGTCCAGCTCCCAGTCGATGCGGGAGCGGCAGGCAGCATTCTGGCAGGGGACGGCGAAGACGTACTCGGGGCCGTAGGTGAGGACGCGCACCTGGAGGAGCGCGTAGAAGCGGTCCCCCTGCAGCACCTGGCCCCAGTCCACCTTCCCGTCGGGGAAGGCGTAGGGGCCTGCTTCCACCAACTCCTCCCAGCACGCGGAGAGCAGCTCATCCACCTGGCCGCCGCTCTTCGCCAGCTTCCTATCCGCGAGGACCCGCTCCTCCCGCACTCGCATGCCCCGAATACAGCCCGTTAGCCCCGAGGGGCATGAAATGGTGTCCGCCATGTCCTTCCTCCGGGAAGGACAAAGTCCTCGAGCGGCAAATCGGGGACATCCTCAAGCGCGTTTCATTTGACGACGGTGGAGCCTGCGCGTGTTGACCTGGCCACACAGAGGACACCTTCAGTAGCTCAATAACGGTGGAAAGTTGAGCCCATGGCCCGCACCATGGATATTGAAATGTAACCGCCATGCCCCATACCTCGAAACTCTCATGCCGAGTGGTGTTCAGCCCTCAGGCATGGGGGCAGGTGGGGCGCATGCCGCACGGCACATTCATTGCCGTGCAGGAGGCTGTCGCTCGCATTGAGAGGGAAGGACGCGTGCAGCGCTCGTCAGCAGGTAACACCGTCACTCGGCTTCGGTTGGCCCCAGGGCCGCTGGACATCATCTGCGAGTGGGACGAAACACGGCGCACGTTGACAGTTGTGGATATCGTCTCCGTGCCCGCTGAGGCTTGTTGAATTCGCGGGCGGATGTGCGCTGCTTCTGAATGGGAATCGTCCGCCCGCGTGCAAGGCCCACGGGTGCTACGTCGCTGGCTGAGTCCTATTTGGCCAGCTCGAAGAAATCGTAGGTGAGGGTGACGGACTCAATGACGTTCTCGTCACTCTCGTTGTCCCACTCGCCCGCGACGAACTTCGCCGGCCAGGCGCGGGAGAGGCTCCACCGACGCAGCGTGGTGCCGTCCCGGTCCTGCTGGACGATGTCGAGGTTGCGCTTGTAGAGGCTGTCCGGCAGGCCCAGGCCGCTCGACATGTGGACGACGTCCTGGAACCAGTCGAAGAGCTCATGGTCCTGCGTGGCGCCTCTCTCCAGGGTGACGTCGGAGAAGGTGAGGCGCCCCGGGGACTTGTTCGGAATCAAGGAGCCGCCCTCGAAATACTGGACGTTGGCGACCTCGACGGACAATTCGCTGCACTTCTGGAAACCCGAGTGCCCGAGGCCGTCCACCTCGCAGAGGAACTTGAAGCGCTTATGGAAGCTGCGCGGCTGTCCAATGATTGCCAT
CP070500.1_gap77	3317445	3321624	4179	CGTGTGTGTCACCCAGCGGCGGAACCTCTCTACCTTCTCGGCCTTCTCGTGGCTGTGGGGCTTGGCCGCGAAGATGGCGCGGTACAGCCCCGGCTCACTGATGATGGACATCTCCCGAGTCCCTGCGTCCGTACGCACGTCGTGCGTACGGACCTCGTCCGTTGCGAGCACGCGTGTCAGGTCGCTGGCCATGCGGTATTCGAGGGATTCTGCGATGTCTTTGGCGACGAACCAATGCTCGCCGTGCGCGTCGGTGACGACGCGGACGTGGTGCGACTCGAAGTCGAATGCGACAGGCTGATTCACAGGGACTCCTTCCTGGAGAGGTTGGGGAAGGCCAGGGCCGCTTGCGGCCCCGGCGGAGATTCAATGAGCAGCGTGGTTAATGACTTGTCTTGTCGGGGCGACAGAGCGCGTATGGCCGCGTCCTCTTCACGAAGGAGCCGCCATGTCTGCCTATGCTGCTGTCGCCCGAGCCCCGCGCACCCTCACGGAGAAGGAGGTGGCGCTGCTGCTGCGCGCCACGGGGCTGCACAAGGATGGATTCAGGGACCACTGCCTCTACAGCCTCGCACTGGCCTCGGGCCTGCGTGAGCACGAGCTGGTGGCCCTCAACATCGGCGACGTCTTCGACGAGCGCGGGCGCGCACGCCGGCACGTGACGCTGACCGTCTTCAAGGGCAGCCGCCGGCACCCGGGCCCCCAGGAGGTTGTCCTCTCGGACACGGTGCGCGCGAAGCTGGAGAAGCTGCTGCGCCTGAAGCGCGCGCAGGGGCATGACGTGAGCCCCCAGGCGCCGCTCTTCCTGAGCCGCAAGGGCCTGCGCCTGTCCACGCGGCAGGTGCGCCACGGCTTCGCGGTGTGGCAGGTGCGCGCGGGCCTGGAGCGGCACCTGAACTTCCACGCCGTGCGCCACACCGCATGCACCGGGGTGTACCGAAGGACGAAGGACATCCGCCTCACCCAGAAGTTCGCGAGGCAGCGAAGCGTCGACTCCACCGCCATCTACACGCACTCCTCGGAGGACGAGCTGGTGCGCGTGACGAACGACTTGCCCTGCTGATGGGGCACGCCGCCTCCGCGCTGAGCGCCCGCGAGAGCCCCTGGTTGGGCCGGGGTGCCGCGCGGAGGCGGTGAGGGGCAGGCGTGCGCAAGGCTCGCGCGGGCCGCCCCAAGCGCAGCCGGCGAAAGTGAACGCCTCGCGCCGTTCACTTACCGGGTGCAAATGAACGGGCGCGGGGTGTTCACTTTTTCGGAGGTGACTCTCTCGAAAAGGGCCCCAGATACACGCCCCCGCAAGGCCGGCCCCACGAAAAATCGCACCACCCCCCACCCTGGCGTCAGGGGTAGGCGGGGTAGGCGTGCTGGCGTCATCGGTAGGCATGGTTGCGCCCGGCCGGGGCAGGCGGTGAAGGTGACTGGGGAGGAGCTGGGCCGCGCGATGGGCAGCAGGCGGCCCCAACCAGCGGAAAGCGGCAATGGGCCTCGGCGCTTCGGCGCCTCACGAGGCCTCGTAAGCGCGCGAAACAGCGTGGGGGCAGTGACGCCGAATGGCCGCCTTTACGCATTTTCGGCCATTCGGCTCGGCCCTGGTAACGGCACGCGCGCCCAGGTGCGCGCGGGACGGAGTGTGGGGGCGCAGAGGGCTTGGCTCGGAGTCGTGGGGTTCACGAGGAGGACAAAGGCCTGCGGCCCGAAGCGCTGGGGGACACGCGCGCACGAAAGGGGCGCCACGCGGCGACAAGCGCGGCGCGCGGGGCTGACCGGGGGCGCGCGCCAGGTGGGCCACGCGGCGGCCAGCGGGGCTTCGGCGGGGAGGGGCAGGCGGGCCGGGGAAGTGAACGGCGCGCTGGCGTCCGGCCCGCTGGACGGAGTGTGCTTCCGGGCCCGATTTATGGCCCGGAGCGATACCGCGGCGCTCGAGCACCTGGTGGCTGTCCGCCCTAACCTCGCGAAACTACGAAGGCTGTGGCGCCAGGCGTGTGCATCCGCGCGCCAGACTGCCGGCCGACGGGGAAAGTGACCAGGCCTGGCCAGGCGCGGCGAAAGTGAACGGCGAAACTGAACGCGAAAGTGTCCGCGTTCACTTGCCGATGGGCACTTTCAAACGGGGTCGGCGGGGGCCGCGACGTCCGTTGGAGGATCCACGCGGACGTCGTGCTTGGGGCCTTCCGGGGTGGCTGTGTCGAGGTCCTCGTCGCTGCTCTCCACCACTTCCGCATCCACCTCGCCGCGCTCAGCCGGAGTGGACTCCCGCGCAGCGCGCAGTGCCTGAGCGTGTCGGGCCTGGAGGCCCTCCAGGGAGAAGGTGGCGTGCAGCTCCTGGCGGGAGTCGGCGCCGCCCATGACGAACTCCTTGAGCCGCACCATGGTGTTGAAGTCGGTGGGGTTGTCGACGCGCACGCGTCCCTCGGACAGCGCCTCCTCGAAGCCGAGGAGGTAGCCGTCAATCATCTTCAGCGCGTCGTCCTTCGACACGGCGATGGCGTTGGCGCGCAGCTCGATGAGCTTCTGGTCCGCCTTGGTGGCGATGCGCGTCTTGGCTTCCTCGCGGCGGCGCAGGCAGTTGTGCTCCTTGGCATAGGTCGCGACGAGCGAGGTGGCGACCCCGAAGCGCTCGGCCAGCTCGCGGTACGAGGCGTAGCTCGTCATGGTGGAGCCGTCGGGGAGCGTCTTCACGTCGCCGAATACGAGCGCGCGGTCCAGCTCCTGGCGGGGGAGCGCGGGCTCCTCGGACTTGCGGGGGCGGCCCGTCTTGCGCTTCGGAGGAGGCGCTTCGTCGGGCGCGGGCGTTTCGTCCATCGCGGGCGTCTCGGCCGGCTGCTGGCCCGCGAGGAGGCGCTTTCGGCGGCCGAGGCAGTCGTGCTGCTGGGCGTACTTGGCGACGGCGCTGTGGGCCACGCCGAAGCGCTCGGCCAGCTCACGCAGGGAGGGGAAGCGGCGCTTCACACGTCCCCGCGTGGTGGGCACCTCCTCACCTTCCACGAGGAGCCTGTCCACTTCGTCATGGGGCAGCCGAGGGCCTTCGGCCTTGGTGGGGCGCCCCAGCTTCTTGAGGGGCTTCTTCTTCGCCATGGCTGTCCCTCAGCAGCCTCCGGGGGGCTGTGCTGCGGCGTCTACGTCCTGGGTGCGCAGGCGCTGCATCAGCCGCGTGCGCTGGCGCTTCAGGCGCTGGTACACCCGTTCGACGTCGGTGGTGTCGCCATCGACGAGGCGGCTGACGTAGGCGCGCAGCTTCTCTCGCCGGACGACGGTGGCCATGAGGACTTCGACGTCGCTGCGAGGCAGGGTGGCCTGGGCGAGGTGTACCAGCACGGCATCTCGCTTCACGAAGCTGCGGCGGACGCTGGGCCGTCGGACGCGCTCCACTGGCGCGGTGATGCGTGAGTCGGGTAGCCACTCGGCGAGCTGCGCCTGCGTGTACGTGTCGTGCTGTTCCGCGCGCTCCTTGCGGAGGTAGCGGAACACCTCGCGCGCTGTCTGCTGGCGCAGGCGGGCGGCAGTCCAGTCACCCCAGCGCGAGAGGGGGAAGGCGCGCGCGACGGAGAGGAAGGTGGCGAGGACGAGCTGGTCGAGGTCCTCCCGGGGCACCGCGTTGCCGATGATGCGGCGGCGCAGACGCGTCAGCATGGGGGCGTAGGCGGAGGCGAGGGCCGCCGTCCACGCCGGGCTGGAGGAGGCCTGGATTTCGGCCACCAGGGCCCGGGTGAGGGCTTCGCGCTCCGGGTACGTCTCCTCGCGCGCGTCCGCCAGCGCGGCCAGCACCGATTCGAGCGTGGCATGGCGCGCGAAGGCCGGCCGCCGCGTGCGCGCAGCCGCGAAGACGGCCTGGTGCCGAGAGGCGAGGGACTCCACACGCAGGAGGCCCAGGAGGTGGCCGAAGAAGTCACTCACCGAGGGCGGGCCTCCCACCACTCGCGCAGCAGCTCGAGGAAGTCGTCCAACTGCATGGCGACGAAGGGCGGCTGCCCGTCGTCCTTGCACACGGCGAGCGGCCAGCGGCCCGGCGGGCACGTCTCCACCGCCTGGCGCATGGCCTCCCGAACGTTGGTGCGCTGGTGGGCCTTTGCTTCGACCCAGAAGCACGGCACCTCGACGTCGGACATCTCCTGCCCGGTGCGGTACTGGAGGCCGCGGCGGATGAGCGCCTCGGGCATGGCCTCGCGGAAGCGGTGGACG
CP070500.1_gap78	3335213	3340191	4978	CCCCTGACGAGAATACTCCGTCTTCCCCACTGAAGCGCTTCCCGCTGCAGCCCCTGCGGACCTCTGCAAGGGGCTGCGATGGCGAGATGAGGCTGCCTGGCGGGAGTGCCGCAGGTGCCACCTGTCTCCTCGATTTCGCTCTCGGGCCTTTGTCATGACGATGGATACGCGAATGTCGAATCAGCATGAGGTTGAGGTTTCAGCCGCGGGGCGCTCCAGCACCCCGCGCCAGCGCCAGGACGACGCGGTGGATGTCCTCGCCGATGCCCTTTGGGAGCTGTGGCTGCGTCGACATGCGCAGCCGCAACGACAGGCGCCCGCGTGGGGCGCGGAGGAGAGCACGCATGGCTGAGCCGCGGACTCTCGACTTGTCTTCTTCTGGGGACAGAGCGTCCATGGCTTTCGCCCGAGGGCGTGCTGCCCCGGACGAAGGAGACACCACCATGGCGAAGAAGGGGATTGCGCGGGCCGCGCGCAAGGAGCTGGCGGACGTGCCACAGCAACTGGCCGCGCTGGCCAGCATGTCGGTGCCGGATTTGGCGGCGAAGTACCTGGAGCTGTACGGCGAGCCCACGCGCAGCCGCAACCGGGACTACCTGAAGAAGCGCCTGGCCTTTCGCATTCAGGAACTGGCCGAAGGGAGCCTCTCTTCGCGCGCCGTCGCCCGCATCTCGGAGTTGGGCGACAAGCTGCCTGAGCGCTGGCGGATGCGGCAGGTGGAGGAGACGAAGCCCTCCGAGCCGCCTCCTCCAACCGCTGCGGACGGACGCGCAGCCGCTGCGGACGGGCGCGACGCGCGCCTGCCGCCGCCGGGCACTGTGCTGACGCGCGTATTCAAAGGGACGCAGCACCGGGTGACGGTGCGCGAGGACGGCATTGAATACGAGGGCCAGCTTCACCGCAGCCTCTCCAGCGTGGCCAAGCTGATTACGGGCACGGCCTGGAATGGCTTCTCCTTCTTCGGCCTCAAGGCGGCGACGTCATGAGTGGCCCCGCCTTCTTCCAGACGTACATGGGCCAGCGCTTCTTCGAGACGACGATGCCGCAGCTCGTCCGCCAACTGGGGCGCCTCAACGACAACCTGGGGCGGCTGGTGGTCGTCGCGGAGCAACTCGCCAATCAGAAGGGTGCATCGAGCGCCGAGACGGTGCACCCGACAACGACAGAGGACTCGGAGGGGCCATGAGGAAGAGCAAAGCACCGCTCACCGAGGAGAAGCGCTGCGCCGTCTACACGCGCAAGTCCACCGCAGCGGGCCTGGAGATGGAATTCAACAGCCTCGACGCCCAGCGCGAGTCCTGTGTCGCCTACGTGCAGCGCCAGCTCGGCTGGGTGTTGGTGGATGAGAGCTACGACGACGGCGGCTTCACCGGCGCCAACATGGAGCGGCCCGCCTTCCAGCGGCTGCTGCAGGACGTGGACGCGGGGCGGGTGGACGTGGTGGTGGTGTACAAGGTGGACCGCCTCTCCCGCAGCCTCCTCGACTTCGCGAAAGTCATGGAGCGCTTCAACGCGGCGGGCGCCTCCTTCGTCTCAGTGACGCAGAACTTCAGCACGGCGGACGCCATGGGGCGCCTGACGTTGAACATGCTGATGTCCTTCGCCGAATTCGAGCGGGAGATGATTTCGGAGCGCACGCGGGACAAGGTGGCTGCCGCGAGGCGCAAGGGGAAGTGGACGGGAGGGCGCGCACCGCTGGGGTACGAGGTTAAGGACAAGCGCCTCGTGGTGAACGAGTACGAGGCGGTGGTGGTGCGGGAAGCCTTCGAGCTGTACCTCCAGCACCAGCAGGCCTCGGCGGTGGCGCGCCTCCTCAACGAGGCGGGGCGCAAGACGAAGCGGTACGAGGCGCAGAGTGGTGTCACGCGCGCGGCCCGGAAGTGGACGACGCAGGACGTGCTGCGCCTCTTGAGAAGTCCGCTGTACGCGGGCTTCGTGCCGTATGGCGACGAGACGCACCCGGGTGAGCACCCGGCGATTGTCGACAGGGCCACCTTCCACCGGGTGCAGGACATACTGGAGGGCCCCGGCATTCAGTACCACGGGCGCAACCCCGACTACGTGCTGCGAGGCCTATTGCGCTGCGGCCTGTGTGGCGAGGCCATGACGCCAGGCTCCACGCGCAAGGGCGAGCGCGAGTACCGCTACTACCGCTGCGTCACACGGGACAAGCAGGGGAAGGAGGGGTGCCGGGCCGCTCCCCTTCCGGCAGCCGCCCTGGAGGACTTCGTCGTCACGCAGCTGCGGGAGGTTTCGGTAGGTGACGGCTTCGCCGCCCAGGTGCATGCCCGCCTCACGGCGCGGTTGGAGGAGAAGCACCAGGCCCTGCGCGCGGAGCGCGCGCAGCTTCCGAGAGACTTGGCCAAGCGCGCTGGGGAGTCGAGGAAGTGGGTGGACTCCCTCGCCAAGCTGGAGGGGCCAGCCCGGCGCCTCGTCGAGGAGCAGCTGACGGCCGCGGAAGAGGAGGTCGCTGGCATGCGGAAGCGGCTGGCGGAGGTGGAGCGCGCCCTGGACGCCATTGAGGGGGAGAAGGTGGAGGCGGCCTGGGTGGCCCAGGCCCTGGCGAACTTCGACGCGGTGTGGGACGCCCTCACCTCTACGAATCGGGGGCGCCTGCTGCGGGCCCTCGTTGGCCGGGTGGTGGTGAACGAGGCGACGGGCCAGGTCGACGTGCATATGGCCCACGCGGGTGAGGCCGCAGCGACTGGGCGCGAGGAGGTGGCGGCGTGAGCGCGAGCCCCGAGTCTCAGCCGGCGGAGGCCGGCCTCGTCAGCGCGCACTTCCACCGCGTGCGTCGCGCGAAGGTGGTGCGCCTCCGAGGGGGAGCGCCACCCCCGCCGCGAGAGGTGGCGCGACGGCCAGCACACGTCGCGCGAATGCTGGCCCTGGCGCACCATGTGGAGTCGGCCATTGAGCGAGGCCTCGTGGCGAGCGCAGCGGACGTCGCCGGCCAACTGGGCTTCACCCGGGCTCGCGTGACGCACCTGCTGGACTTGCTGCTGCTGGCTCCGGACATCCAGGAGGAGGTGCTGTTTCTCGAAGCCGTCGACGGGAAGGAGCCCCTCAGCGAGCGAGTCCTCCGGGCCATTGCACACGCGGGGACGTGGGAGGCGCAGCGCGAGCGGTGGTGTGAGGTGAAGGCTTCATTTTGAGAGGGGAGTCCGAATGACTGGACTCCTTGGTGTAGCGTGAGTGCAAGAGGCTGAATTGTTGTCCGCGTTGAGAGTGCGCGGGCTGTACGCCCCGCGCGGAAAGTGAGCGAGAGCACATGCAGAGCGACATGAAGAGCATCATCCAGGCAGCGGTGGCGGAGGCGGTGGAGAAGACGCTGGGCCGGCAACTGGAGCTGCAGGAGCGGCAGCTGGAGCAGCTGGGGAAGATTGCGCAGTTCCTGGGCATTGAGTCCGGCTCGGCTCATTCGGCGTCCGCGCCGAAGCGGGCCCCCGTACCGTCTCCCGCGTCGAAGCGCATACCCGCGCCCGCGCCAACGTCCACGCCGAAGCGCACGCCCTCGGTGCCCGTGCGGAAGTATGTGAGGCCGGAGGCTGCGCCGAAGCCCACGCGGGCCGGCCCCGCGCCCCAGAAGAGCCGGGGGCGCCCGCGGGCAGCGGGACGCACTGCGACGGCCGCAGCCCCCAGCTCCAGCCCCGAGGCGCCCGTCTCCTTCGCGGTGGGACAGGAGGTGCGCTACAAGCAAGGGCGGGGCGCCTTCAATGCGACGGTGAAGGCCGTCGACGAGAAGGCGAAGACGGTGACGGTGGCGCGCGTCTCCGACGGCAAGCAGGTGGTGCGCCCCTTCGACAAGGTGACGCCCGCCTGACGCGAGCTGAGGGGTAGAGTTGGGCTGAAGAGCGTGGTTCTCAGCCGACAGAAGCCCCAAGAAAAGTGCCTGCGGGACTACACGGACAGCATTGTGGTGGAGGCCCCCCCGCATCCACCACAATGCTGTCCGCAGTAACGCAGCAACGATTCTCGGCGGGACAGTTGTCCGAGTCGGATGTCTTCTGTGGGGCAAATCTGCCCCGCCCCGAATGTGAAGACTACCCGCCCCGGAGTCGTAAGGGGATGCGTCTAGCGAACATTGCCCGGGTGGAAACACCCGGTGCTCGCTCTCCTTGCTGCGGCTCGTCGGCCATGGCGTCGAACTGCCCCTGGGCGATGGCGCGGTAGTGGGGCACGACTTCCACCTCAAGCACGTCCCGCATCTCCTGGCGGGCGCTGACGAAGTCTCCCTCGTCCTTGTGCTGGTACATCCGGTGTAGCGCGTCCATGAGCCGGCGAGTGCCCTCGCGGATGCGCCGAGACTCCTCTTGCAACAGGCCCAGCGCTCCCTCTTCCGTGGCGAGCGCGCTCTCGACTTCGCTGGCGCTGATGTCCACCTCTGCGGCCGTGCGCCTCAGCAGCGCCTTCTCCTTGCGCGTGAGGGCCACGCGCTCTCCTTCGGTGAGGACGCGACGCGCCAGTGTGCGAATCGGCCCCCAGTCAATGGTTTTACTCACGATGCATGTTTCCTTTGCGGGCTGCCCAGCCCGGCGTGTGAGGCCGAGGCTGGGGTCTCTTTCACCCCGGATAGGCGCACTTGGGGCGGCCTGTCCGCTGCGGGTGGCAGAGGGCTTCACAGCTTCATAAGGGTCATGTTAATTCGACGGTCTAGTCAACTGGACCTGGCTGGCTTCGGGAGAGTTGCCCGCGACGGCGAATGTCGGTGACGGTGGGGCCGCGCCCCTTCTTTCAGGAGGATTCACAGCCATGACGCAGCGTTCGGAAGATGAAGTGTCGACGGAGGAGTTCCCGCCCCGCCCCCCCACACCGCCCAGCCCCAGCTCGCCGCACTTCCTCTTCGTCGTGGATGACGTCCGCTACGAGGCGGTGGGGGAGCTTGAGGTGCGGTCGAATGGCGAGAAGCTCCTGAAGGCGGAGCGGCGAGTGGCGGATGGAGTCCTGGCCGGCCCCTGCCTGGTTCGCCGGATTGCCACCC
CP070500.1_gap79	3354391	3358878	4487	GATGGGACGCCCAGGATGGCGCAAGCCAGGGGCTGATTCCCCGCGCATGGCTCTCTTGTTGCTCGCGGTCCGGGCGGACGCGTTCGTCGATGAACCGTTGCGGTCCCTGCGGCGACGATGAGGCCGAACGACGTGCGCGGTGGTGGTGCGCCGATGTCGAAGAGGTTTTTGGAGATGAGCATGGCAAAATTGGATAAGGTGTTCCGGGACGTCGCATGCGCGCACCTCAAGGCATTCGTCCCTGGCAACGCGTGTCCCGATCAGTATGTGGCTGACCTGGGCCAGCCGCCGCTCACCTTCTTGAGGCGGCCAGCCAGCGAGGCGCCGAGTGCTCTCGCGCCGGTCATCCTCATCCTTGAATCTCCGCATTTCGAAGAGTACGGCGACCGTGACCACCCCGTCCCTGCAAGCGGCAGGACTGGAGACGGAATCAGGGCGCATCTGTATAGGGCATTAGAGCTTCTAGAGGGTGCTGAGAGTACTGAACTCGATGGTCGTCCGTTGATTCTGGCCAACGCCATCCAATACCAGTGCTCGTTGGGTGGTTCTGAAAAGCCCGGTATCCCTACGGAGTTTCATAGAGACAGTGTGTTCGAGCGAATGTGGAACCTCGCATCCAAGGCTGCTCGCACACATTTCAGGAAAAGGCTGAAGAGCTATGTCGGCGCGCACCAGCCCTTTTCGCCCAATCATCTGGAAGGTTATGTCGTCATCAACGCATGCACCAAAGGCAAGTTAGAGCGTCCGTTGCGCTGCATGGTCGAGGATGTGGTTCGCGCCGCGCTCCCGTGTAAGAGCCACGTTACGGTCGAGCACCCATGCAACTGGAAGCCGCGCACGCGAATTCGTCCCTGGGTGTACGACGCCGATTGACGCTGGCTATGAGGCAGGCCAGTCGCGCCAGTCGGTCCTGCGTTTCGCGGGTGAGGGCCGACTTCGCGTTGGCCGCGCTCACCTCCTTGTTGCCGCTGCCCCAGACTGGTCGGCGTAGCCGCAGGTGATGCGGTTCAGCAGGCTGCCATCCTCCATGGATGTCCCCTTCACGTGCTGCGAGAACGGCAGAAGTGGCAGTCGCTGCTTCGCTCGAAAAACGCGCGGAGACGCGTGCCTTTCGCCCACCTTGGAGGGTGCGAGGCTTCTCGGTGGATGCCTCTCCTCCGGAGCTGCCTGGCGCGGGGCTCCTCGTGCCAGAGCGGTGTTGGAGGTGCTGGCGCCACCTGTGCTGCCGCAGCTCCACGACGTCGCGCGAGGGGCGAGCGCTCTGCGGAGTCTTGGCGCTCTGGGATGGTCTCAGGAGCCGCATGACGGGTGGGCCGTCACCCTGATGCGGAGGGGCGAGTGCCCGGCGAAGTGGGGGCGGAGGGCCGCTGGAGCCGAAGCCCGTTGCAACCTCCATTTCCGGTGCCCCCTTTGCAGAGAGCCGGAAAACAGGCGAGCGATGACTCTAGAAAGCCGAGAGAGATGCCTTCTCAGAAACCTGAGAGCGGAAAGAGCGGGCCTCCGGGGGAATGTTGTTAACCGCCTTCCCCGTTGGTTAACGGCACTTGTTAACCGCTCTCGGCCTCTCTCTCCCCAGAACGGGTGAAAGAGCGGTCCAGAGAGCCCAGTTGGCGGCGGAGAAGAGGGGGCATCTCGCTCTGCGGGGTAGAGGGGCGAGAGCGCCCTCTTCAGCACCGCGAGGAAAAATCCCTTGTGATTCAGGGGCTTAAGCACGAAGGCCCCGCGATGTTCATCGCGAGGCCCATGTAAAACAAAAGGGCCCTACCGGTTGGTAGGGCCCTTCGTTCAGCTCCCCGACTGAAGCCCTGCGCGAACTCGTTCTCGGCGATTCTCTGAGAGGGCTCAAACTCTCTGAGGGCCGAAAAACCGAGTGATATCCAGCGGTTTCAAAGAGGGGGCTTGGGGCCCCCTTCAATCGGGGACCGATTGAATGTCCGCAAACTACACGGTGGGTGACCCCCCCGTCCATGGTCTTGATCCTTTCGGCATTCGCTTCACAAGGAGTGCGTGGCGGCGACGCTCGTGGGCTCGCGGGCGACGCGCTGAGGTGGGTGAAAGTCGCATGCTTCGACGCGCGCGCAGGTGAAGGGACGAAGCTCTGCCCAGGCGGCCGACCTGGCCCGCGTCCACGGCCGCTGCGGGTGGCGTTGGGCCAGCCGCGCCTAGCTGCCGGGGACTGGCTCGGTCCGGCGCTGCCACCGCTACTGCCACCGGACGAAGGGGCTTGGAGTGGGGCGAGGGGCAGGTCAGGTTTCTGCGCGCTGGGCGCGCTTTTCGTAGAATCGCACGCCATGGGCCTCCTCACCTTCGGTCTCAATGTGACTTTGGACGGGTGCATCGATCACACCCAGGGGATCGTGGACGACGAGCTGCACGACTATTGGAGGCAACTCATGGAGCAGAGCGGGGCGATGCTCTTCGGGCGCAACACCTACGAGCTGATGGAGGGCGCCTGGCCCGCGGTGGCACGCGACGAAAAGGCGCCGCGCGCGATGCGCGAGTGGGCACAGAAGCTCGAGGCGAAGGCGAAGTACGTCGTGTCGGGCTCGCGGAGCGACTTTCCGTGGCAGAACACGATCAAGGTGGAGGGTGACCTTCGTGAGGCGATCTCGGCGCTGAAAGCGAAGACCGAGCGGGGTGTCCTCGTCGGAGCGCCCAAGCTCGCGGCTGCGCTCGAGGAGTTGGGGCTCATCGACGAGTACCGCATCGTCGTTCATCCCATCATCAGTGGCAGCGGGCCGACGTTGTTTCATGGCCTGTCGAGTGCGCGGCATCTCGAGCTCCTCTCGACGCAGCGGTTCAAGTCCGGCGTGCAGGCGCTCCACTTCCGTCGCAAAGCGGGATGAGCGTGGAGGGACCCGAGCGCTTCACCGGCGGCTGCCTGTGCGGCAGCGTCCGCATCGGCGCGTCAGGGTGGGGTTGCTGAGCTCTAGCCTGCAGGCGCTGAGTGGCGCGTGCGGTGGTTGCATGGGACGGCGGACCTCAACCGCCAGGGCAGCGGCACGGCCACGGTGCGGGTGTCGGCGCCGGGGCTGTACCGCGTGCGGAGCGTCGCGAGTGCCCGGCGTGCCCGGGACGCCTATGTCAAGGTGACGGAAGAGGATGGTGCCCTCCACGCCACCGTCCTCGGGGTGGATGAGCAGGTGCCGCGCACGACAGGGCCCGTGCTCCAGGACCTGGAAGAGCGCTTCGGCACCACCTCCGCCCGCGCCGAACGCGCGGTCGGTCAGAGCGCCAGCGCCAGCTGCGGCGGCGACTGCCCCGTCCGCGGCAGCAGTCTACTGGCAGTACCAGGACTCCACGCCGCCGGGATTGGTCGCGTCGCAGCACGTCGGATTGTCCAGTGCGTAGATGTAGCACTGCCCAGGAATGCAGCTAGTCCGAAACTGGACGCCGACTCTTTGGCCCCGAACGTACACGCATTGGTAGTCGCTCCCCCTGTAGTTGTCGCACGTAACACCATATTGCTTCCTCAGACAGGCCAACTCGTAATCCGTATTGGTGTTGCATACGGTGCCCCGCTCCTTCGAATTCAGAACCAGCTCGTAGCACTGCCGGGGCTCGCTCTCAGCACCATCACCGCCACCACACGCCGCCATGGCGAGCACCGCCGCCGTGATCGCAATCCACTTCATTTCCGCTCCCTGGTTGGACGTGAAAGTTCGGCGAACCAATATACGCGGCCTTGAGGATCTCGGCGACATGCGGCGGGAGCCCAGTCCGTTCGGTGGCCCGAACAGGTACCACTTCGACGGACTGCTGGCTGCTCTCCACCGCCTCATGGATGACGACGCGGCGCAGAAGGAGGCAAAGAAGGCTGGGGAGATCAAGCCAGGGGGAACGAGCCATGGAAAACTCCGCATTCCTGCTCGGGGTCCTCGTTGGTCTCGTTGTAAGGGACATCTGGCGGAGCCTGCTGACGAAGGGAAGCTAGTCGGTAGAAGCTGAGAGGGCCTTGGGGGAGATTCCCGAGGCCCTTGACTTGAGGGGAGCGACCGCGCGGCGCAACCAACCGCGCGGTCGCTGAAGCAAAGTAGAATGAGCTGCCTGATGCGGGTGCTCAGGCCCGGTGTGGTCACCTGTTGGCGAGGGCTTCTCGTGCATGGTCACCCGGATTGGCAGGCGTCTCCCTCTCCTCATCCACACGGGGCATGGCGAACAGATACTCCTCAGCACGCTACTGGCGCGCTGCGCGAAGCTGCCACGCTTCAACGTCGAGGAGCAGATGCCGATGCTCGCCGGCTAAGTGCTGAACCACCTGCGTGCGGAGACGGAGAGCCGCTACTTGTTGGACGACCAGGCGCGCGCGGCCTCGAGCATCGGCGTGTTGGGCGAGGCCTTCCGGGCGGCTCGTGCCTCGAAGGTGGAGATGCCCGCGGACCCGCTTCTTCACATCGACCTGGCGTGGCCATGAGCCTGACGGAGATTTCGGAGCGCCTCGCCGAGCAGGAACGCGCGAATCCCGCGCGCCTCGCTCACCTGCCTTG
CP070500.1_gap80	3370862	3374242	3380	GTCCAGTTGCACTGGGACAAGCCGAAGGCGCCCCCACAGGGGAGTCCCTGCGCAGCCGTGCCGGGTGGGGACTCCGCATCCGTCCTCGAAGCTATGGGGGAGGCGTGCCTCGTCGGATGGGACGACGGGGAGTTTGGGGGCACGCTGGAAGTGCATGAAGCCGGGCGGGTGACGGTGCTGGAGGAGCCCCGGGCCAACCCCCTGGTAGTCGTGCGGATGCACGACGCCCTCGTGGTTGTGGAGGGCCTCGCACACATGTATTTCGGGGCAGGGCGTCTGGTGCGTGTCGACGCCTCCGAGGGGCGGTGGCGTGCCACGCCTTGGGTGACTCTCCCAGGCGCGCCGATGGCATACGCACTGGATGAAGCGGGGGACTTGGTGGTGGGGACGACGGACCAGCGACTCGACGCATTCGTGTGTGGCCGGGCTGGCACCTTCGCACCCGCCCACGTGGTGCGCGTCACGAGGGACGGGCGCCTGGCCCCCGTCGAGCCGGATGGACGGCACTGACGCTACCGCGTGAGAAAGGGCGCCCCTCCTGGGATAGGAGGGGGCCTGTCGGGCGGGAAGGTTTCAGGCGCGCCGCGTCCGCGAGCGGAACTCGCTGGCCCAGCGCTGGGCGGTGGCCGTGGCGCGCTCGCGCTCCGAGGCCAGGGGCGGCTGCCCGGCAGGCGTTGGCGCACCTTGGCCGGAGGTGCCGTCCGCGCCTGCTGCCCCCTTCTTGCGCACCCACATGCGAGGGGTGGCGCTGACGGGCGGCGTCGGCGCGGGAGGCGCGGCGTCAGCCTTGGGCCTGCGTCCGCGCGGGAGAATGACGTCGGGAATGCTGTGGGGCGCGGCGTCCTCCACCCATGCAGCATGCAGGCGGCCCGTGGCCACCATGAGGCGCCGCTTCTGGTAGTGGGCGGCGCAGTAGCCCTGGCTGCGGTGGGGGCGCTTGCAGCCGATGACGGCACAGGCCCGGGCCATGGGCGCGGCGGCCGGCGTTGGTTTCACACGGACGGGCTGGGAAGCCTCTGTCGGTTGCGCGGGGCTCGCCGTGCGCACGGCCCGGACGGGCTGCGGCTTCTCGGAGAACCGCCGCGCAAGGCGACTTAGCGCTGCGGCGAGCGCAGCGACAGGGCCGGCGACCTCCTCTCGAATGGCCGCCCGAAACTCGGACTCAAGAAGCTGCGCTGGAAGAGCGCCGCCAGAAAGGCCCTGCTTCGGGTGGTGGAAAGGCTGCAATTCGCGAAGACGATGGGATTTAGGCATATGTAAAATGCGTTGCACCGGATGCGCCGACGGCGCCGCTGTGGACGCGGCGACAAAGCAACGCTGGGAGAGGATTACCATTCCCCAGGGCAGCGGCGTAGTCGATAGCGGTGCACGCACTTGCACACGGGATGTGACAGCCGCAGGAGCGCACCGCTTGAGGATGCCTTACTCCTGCACACTCTTGCAGTGGCCCGCGGGCGAGCTCACCACTTTGCTGTCCGTCACGACCTCGTTGGTCGGCGCCGGGCATGTCCCGTACCTCTCGACGAGGGCTAAGACATCCAGGATTTGCCTACCGCGTGATGACGCTCTTCAGCCCCGTTCGTGTCTCGAAATCCTGGGCCAGTCGCTCCATCTCCGCCGAGTCCTCGCAGCCCAGGATGAACGAGAAGGTGGGCTGCGTCGGATGTCGGTAGAGCAGCAGCGCTGCGTCTCCTCGCTCGTACAGCGCGCAGTGCTCGACAGGAGGGAGCCGCTTGAAGCCCTTCTCCTCGGCCAGCGCAGTCACCGCGTCGGCCCGGTAGCGAGCTGCGGCAGCGGCGTCATCCGGTGACGAGAACTTCCGCCGGAAGGGTAGTTGTGGCAGGCGAAGCTCCTTGAAGGCTTCGTAGTAGAGGAATTCCTCCAGCCCCACGTACATAGGGTGACTACCCTCTGGAGGATAGTTCTCGTCCAATAGTCGATTGACGACCAAGCAGTCGTCAGTCCCGTGAGGGCTTGAGCGATCAAGGAACCAATGCCAGCTTGCAAGCCCGTTGTCTCCTGCAAGGAAGATGTAGCGGCTGTCCTGCAGCCAGGACATGGTGCGGTATACGCCGAGAGTGCTGTGAATGGAGAAGTGGGCATCGGCAATCTCAAGGTCGCCCATGCTCGCTCCCATTGTCTCCAGGAAGCGACGGTAGGCCCCTGGGAGAGGGCCCGCGTCTTCCTCCAGCATTGATATGTCGACCCAATCCGCCGGAGTGATTTTCTCAGAAAAGCCTGGGCGGTATTTTTCGACAAATTCAACAAAGGGTTTCATTGGGGCTCCTGGCTATTTGCAGATTGTCTTGCAGTACATGGCAGGGAGTTTTTCTTGGCACTCTGAGCACGACGGCACATCTTCGCCATGCTTGAATACCTGCTCGCGCTCCTTGGGTTCAGAGAGCTTCTTGGTGTTTATGTCTTCTTCTCGAATCTTGAATTTGATCTTCGGACCCCTTTCGAGCTTGATGCCCTCGACTATGGGGTAAAATAGTCGCTCGGCAAGGTGTTTGGGCTTGTGTCCCCCGTGGTTCTCCATGATCTGCTTGGCGGCACACATCCATTTCTCTTCTCGGGCCCCTGCTCCGACGCGAGAATTTACACACTCAAACTCCGCGGCTTTTACGGCCGGCCAAAAGCCTGGTGGCGCATGGCCTGAACAGGCCACGAGCTTCTTGGTCGCGCATGTGCATACCATGGCGCCAATCATGTAGCCCTTGGTGTATGAGTTGGTGTTTGGGGTATAGCGAAGCACAGCCTTGTTCTTGAAGAAGTCCCTTAGGGGGGCGAGTTTGGCCCTCAGGGCTGCGAGTTCGCCCGGCAGCCTTTCTAATTCTGCCCTCTGCTCTGGTCTTAGGCCTTTCCCTGCCGTTCGTCGTTCCGGTGTGTTGAGCTTCTTCAGCTGTGCGAGCGCCGACCTCTTTGTGTACTCCTCTTTGTCCAACTCGGCGTACTCGAGAATCTGCTGCTTCTGCTTGTCGAGAGCCGCTTGGAGCCGCTTGAACAGCGTTGCAATCGCCTTCTGTGTCGCTTCGCCTGCCCCCAGCGGGTGTTCCTTCCCGCAGCGTGAGCACGGGATGTCGTCGCCGTAGATGACGGTCATCACGCCGGATGCCTGGATGATGCCCGTCATGGTGGCGGCATTCGCCGGGCTGCCAGAGGGGCCGCAGTTGTTGAGCATGGGGTCGCCCAGCAACTGCACATTCCTCCCCTCGATTTTGACGTTCATCGAGCCGGGGCCGATGAACTTCGTGGGGCCATGAGTGTTACTTGAGATGAGCCCGCCGCCCGTCCCCTTGCTGGCCATGTCCCCCTTGCTGCCGAAGCTGGCGCCGGCGATGGCGACGGGGTGCCCGTTGATGGTGACTGTCTTCGAGTAG
CP070500.1_gap81	3430662	3433751	3089	CCCACCCGTGTAGAGGGTGCCCCGGGCGGTGTCGTCTCGGCATGAAAGTCGCAGAGCGGCGCTCGCATGTCCCCGACGCTGAGACAGCCGATTTTTTCACGTGACGGCGCCTTCGCCCGAGAATCAGGGTGCGTCGGCATAGCACTGAATTCGCGTTTGGCCGTGTATGCCAACACTCGAAGGCTGCATGGTGCGTGTCACCTGCATCCCGTGGAAGGGACGTGTGAATGTCCCCAGTATGGCGACGCCGGTACTGCGTTTGTGCGCGTTGTCGGGCTTCCCGCACTCAGGTTTCGACGTCTCGGCCGTAGTGTGCGGGCATGTATCAACGCGGTGGTATTGAGGGTTGTGGAGAAGGTGCCGTGAATTCCGGATTCAGCGAGATGTGTGGAGCGATTGCGGCCGGCCTGGTGCTGTCGGTGGGGTTGGGTGTCCAAGTCGTCGCCCGGCTTCAGGCCGACGCGTGGGGGCTGCCTTGTCCCGCTCCTATTGCCCCTGCAGTCGCCCCGATAGTCTCAATAGGGCTCGCTCGCTGCTGTCGCGGAGCCACTGGCCGCTGACTTGGGCCTGTGCCGCGTCTGGCCGAATCCCGATTGAGTCCCCACAGCGTCCTGGCGCTCCCACGAATACGGGAGCTGCTGGACGCTGACGTCGCTTCTCGTGTGGGACTCGCCACGCTTCCCCATTCCGCTGGCCCTTGCCGAGCGCTGGGCTGGGACGATGTGCGCCTGTGCGTAGATGCTGGAACACACTTCACGAGGAACTCGGCGTGTCCATTCGGACGGCCGAAGCGCAGCGCGCCTACCGCCTGCTGCGGCGCAATTGGGAGACACTCGAAGACTTCGAGCAGCCAGAGGCCCTTGTCGCATTTCTCACCGCGCGCGAGGGGGACTCCCACGTCAAGGACGCAGTGCTTGCCGGCCTCGTCACGCTGGCGCAGATGCGGGCGGAGTCCGGCTTCTTCACGGCGCTGTTGTGGCTGGGAGTATGGCCGGGGCTGGACGGCGTGTATCGCCGCTGTCTCAGGCGCTTTCGTGTCTCGCCCGCGGAGGTGGTTTCTGCGATTGCCGCGTCCTTCCTGGGACTCGTGGCGCGCGTCAACTTGTCCAGCGTCCAGCGGGTGGCAGCAGCACTCGTGCTGGGTACCGAGCGCGACGTCCTGAAGGCCTTGAGCAAGGAGCGAGGGGCCGAACTCCATGGCGTGTTGGCAGAGACGGGGAGCGGGGAGCCCCAACTGGACCTGCCGACACCTTCTGTGTCGCTCGTCCTCTCCTTCGAGTCGGAGATGGCGGAGCTGCGTGCATGGCTTCGCCCTCTTGTTGGAGACGACACGGAGCTGCTGGTGTCCGTCCTTCTCTATGAGGAGGGCTATGTCGAGGTGGGGGCGAGCTTGGGGCTTGCGCCTGCGGCAGTGCGCAAGCGCGTCCAGCGGGCCCTGGGGCGCCTGCGAAAAATGAAGAAAAAAATGCCCGGAAAATTTCGTTGTCCCAAATCGCTTCGCGAAAGTGCTTTTAGTAGTGGTGAGATTTGAAACAACCTGGACGGGATTGAAGTCGCAGCAGGGCGGGAGACGGCGCGGTGGCCTGCAATGTCAGGCGGCTGATGTCCCCGATTCATTGCTGCCGGGCTTTGACTGAAGGGCGGGCCCATTCTCGGGCCCCATTCGTGAAGCGCATTCACGCAGCCTGTCCGCCCCGGCGGACAGCGACGCCCTCGTATTGCCAACAACCTGGAAGGACTGAATGAGAACAGCCACGCGAAACAACTTCGAGCGCGATGAAACATTCGTGCGCTTCTTCGCGCGCATCGACGGACACCGCCTCCGGGTGGTGGGCCGGGGCGACTCAGGGCCGGAAGAGGAGGGCCGCAGCGCGTGCCTCTGCTGCGAGTGCGCCGGGGCACAGGCCAATGACTACATCCGCCTGCCAGGCCTCTTCCGCCGCTGGGAGATTCAGCACGTTGTGGATGCCGACGCGGACTTCAACGTCGAGCCTGCGGGCTGCGCGGAGGACGGCACCGAGTTGTTTTCCATGTACCGGCGCGCGCACCCCACCACGACGCATTGCCAGAAAGAGGAGTGAAGCACATGGCCAACATGTGGGAACAGACGGCCGCAATGGCCAAGCAGCATGAGCAGCAGGGCGGTGCCTGGCTGAAGCTCGCGAATGACGGGGACACCGCCGTCGTCGTCTTTCTCGGGGAGCCGCACCCGCGCGAGGTGGTTTTCGTCGACAACAAGTTCGTCCCCTTCGACGAGACGCTGAAGGCCCAGGGGCAAAAGCCCTCGCTGCGCGTGGCCCTCAACGTCGCCGTCTACGGGACGCGCGAGGTGAAGGTGATGGAGCAGGCCGTCACCTTCTTCAACACGCTGATGGAGTTGCGCGCGAAGTACGGGCTCGAGCGGTGGGCCTTCGAGGTGAAGCGCCGAGGTGCGGCCAAGGACACGAAGACGACGTACTCCATCCTCCCGGACCGGCAGCTCACTCAAGAGGAGATGGCGGCCTTCCAGTCGTTGCAGCAGCATGACCTGCCGAAGCTGTACGCGGCCGAGGCGGCTGGCGCGGCGAGCGGCGCGTCGCCTGCGGGCGCTTCCAGCGCGAAGCCCGCCGAGCCTGTCGACGTGAAGCTCGCGCAGGCGATGGCCACCGCGCTGAAGGCGCTGCCGCGCGAGGCGGTGGACAGGTTCCTCCAGAAGTTCGCCGTCCAGCGCATCCGGGACATCCCTGCGTCGAAGGGCGAGCTGGCGCGCGCCTTCGTCGACTCCCTCGTCGCCGAATACTCCGCGGAGAGTGTTGCGGACGTGGACCCCTTCGGGCCGTAAGCACGCCCCACTGAAGTTGGTTGCCGAAGCTGTGCGCGAAGGGGGCCTGTTGCGTGCCCCCGACGCGCTTCTCTGAGGAAGACAAGAATGGTGGAAGACTTCTCCGAAATGCGCGGGGACGGGGGACGTGTTGTCTCTCGCACCCATGACTCCAGCGTGGGGGCCGCGCCGTCAGCGCCTACGCGCAACACGAGCACGGGCAAGCGGACGCTGCGCGTGCGTGTGGATGCCGGGCTGCGGCTCGCGGCGGGTGACGTGCCGCCCAAGG
CP070500.1_gap82	3434826	3436750	1924	GGGGGTTATCGAATTCTGCACCGCCTCCGAGCGAATGGCCCGAGAGGTCCAGGTTGCTCTCCTCGGGCTCGGGATTCTGGCGTCGCGCCACTCGCGCACCGTCGCGGGATACGAGCAGTTGTACTGGCGAGTGACTGTCAACGACGTCGCGACCTTCGAACGTGAAGTGGGGTTCTCATCGAACTGGAACAGACTTCGCCTCCGCGAGGCGGTGGCTCGTGCCGAGGGGCGCTGCAGAAACCCTAACGTCGACACTGTCCCCATCAATGGGCTGGTGGAGCGGCTCTATCGAACCGCCCAGAAGCAGTTGTCCTGGAGCAGCCAAGAGGGGAGGATTTTCGGCAACTACGTCCATGGAGAGCACGCTCCTTCCCGTGCCGCGCTCGAGCGGATGGTGCAGCGCTGGGGCTCGGAGTGCCCGACGGAGTGCCTGCCCATCGAAGCCTTCCTCGAACTTCCGGTGGCGTTCCTTTCCGTCGAGTCCATCGAAGATGGCGAGGCCGACGTCGTGGACCTTTCGGTGCCCGAGACGCACGAGTTCGTCGCCAATGGCGTTGTGTGCCACAACACGATGTTGGCTCTCGGTGCAGTTGCGCGCCTCCGCACTCAGACGCTCGTTCTCGTCCACACCCTGGACCTGGCCGAGCAATGGCGAGAGCACGTGCGCGAGCGCCTGGGCCTGGAGGCAGGCCTCGTGGGCGCGGGCGAGGAAGATGTGCAGCCCGTCACCGTGGCCGTCGTCCAGTCCCTCACCCGATGGGAGGACGCGAAGCTCGACGCCTTCCTCGGCCGCTTCGGCCTGCTCGTCCTCGACGAAGCCCACCACATTGGTGCAAGCGCTTTCCACCGAATCGTGGACCGTTGCCCGGCGCGCTACCGACTGGGCCTGACGGCGACGCCCGAGCGGGAGGACGGGCTGACGCCGCTCTTGCGCCTGTACCTGGGTGCGCCCCTGGCGGTGGTGAGGCACGAGGAACTCGTCGCGCGCGGGGTGCTGGTGGTGCCCGAGGTGCGCGTTGTGGAGACGGCCTTCGAGTACCCCTACGTCGGCTCCGCGGACTACGCGCCCATGCTGGGGGCGCTGGTGGAGGACAAGGCTCGCAATGACCTCGTCCTTGGCGCCGTGGCCCGCGAAGCATGGGCAGGCCACCTGTGCCTCGTCCTCACGGGGCGGGTGGACCATTGCGAGCTGCTAGCGCAGCGGCTGTCGGCCACGGGCATTCCTGCCGCTGCGCTGACGAGCGCGGTGCCGCGCGCGGAGCGCAAGGCCCTCCTGGACAAGGCTCGTGCTGGACGCGTCCGCGTCCTCGTGGCCACCAGCTTGGCGGATGAGGGGCTGGACTTGCCGCGCCTCTCGCGCGTCTTCGTGGTGTACCCCGGCTGCGCCAAGGGTCGCACCGTCCAGCGCCTCGGACGCCTGATGCGCCCGCACGAGGACAAGAAGAGCGCCGTCCTCATCGACTTCCTCGACAGGAAGGTGCCGCTCCTGCGGCGCCACCACGTGAAGCGCCGCCAGCAGTACGCCGCGGTGCTGGGAGTGGCGGCTGCGGCCAGCGCCCATTGAACCTCTACATGGAGTGAACACCTTCGATGACGACACCTTCTGATACCACTCCAAGCACTCCAAACCCCGACGCCATCCGCGCCACCTGGCGGTGGCTAGCGCACGCGCCGCATGGCGTGAGCGAGGTCCGCGTCATCCGCCCGGGCGGCGGTGGCATCGTCGGTCTGGGCTTCTTCGACGACGAGGAGGCCTTCGTCGCGGCCTGCGTGGCGGCCAATGCCGGCGGCAACGTGTACGTGGGCATTCAGCCGCGGCCCCGGCGCTTGCTCGAGCTGGCCCCCAACGTCCTGCGCCCCTTGAGGACTGGGGCGGGCAGCAAGGACATCGAGGCGGTGACGGCCACGGTGGTGGACCTGGACC
CP070500.1_gap83	3521705	3525325	3620	GCTGGCTGGAAGCAAGGCAGTGCCGGTGTCGCCGCCCATCTACCCGGCGGCGGTGAACTGGTTCGACAGCAGCGATGACCTGGACAGCGCCCTGGACGGGAAGGACTACGCCTACGCCCGAATCAGCGCGCCCAACACCACGTTGCTGGAGGAGGCGGTGGCCGCGCTGGAAGGCGCCGAGGACTGTGTGGCCTATGCCAGCGGCATGGCCGCGCTGCGCTCCGTCTTCGAGGCCCAGGGCTTCCGGGCCGGTGACAAGCTGGTGATGCCGGCGGATGGCTACGGCGTCACGCGCGCGCTGTACAAGAGTCTGTGCGCCACGCTGGGCGTGGAGCTGCATGCGTTCCTGATGACGGACCCCGAGGTGCCCGAGCGCATCCGAGCGCTGAAGCCGCGCATGGTGCTGGCGGAGAGTATCTCCAATCCGCTGCTGCGCGTGCCCGACCTGCGCGTGCTGGCGCGGGCCTGCCAGGACGTGGGCGCGACGTTCGTGGTGGATGGCACCTTCCCGTCGCCCGTGGGACAGCGCGCGTTGGCGCTGGGCGCGGACTACGCGGTGCAGTCCACCAGCAAGTGGCTCAACGGGCACAGCGACGCGCTGGGCGGCACGGTGAGCGCCTCGCGTGAGCGGATGGCGCCACTGCGCGCCGCGCGGGTGCTGGCGGGGGACGTGCTGGGGCCCTTCGAGGCGTGGCTCACCCTGCGCGGCCTGCGCACGCTGCCGGTGCGCATGAAGGCGCATGTCGAGCACGCGGCGCATGTGGCGCGGCGCCTCATGGAGTCGCCCCTGTTGGAGCGGGTCATCTACCCGGGGCTGACTTCGCACCCGGACCACGCCACCGCGCAGGAGCTACTGCTGGGCGGCGGCCCCATGGTGGCCTTTGAAATCAAGGGCGCGGGGCGGCCGGAGAGCATGCGCTTCCTGGAGGCGTTGAAGGTGGGGCGGCCCGGTCCTTCACTGGGGGATGTGTGCACGTTGGTGATGCACGCGGCCAGCGCCAGCGCGCGCCGGTTCACACCGGAGGAGCGGGAGGCCGCGGGCATCCGGGAGAATCTCATCCGCGTCTCCGTGGGGTTGGAGGACCCAGACGACATCGTGGATGACCTGCTCGCCGCGGTGGCCCAGGGGGTGCGCCGATGAAGATGGTGGACGTGGGGGAGAAGCCGAAGACGGGCCGCGTGGCCGTGGCCACCGCGCTGCTGCGGATGTTGCCCGACACGCGCGAGCGCATCCTGGCGGGGAAGGTGGAGAAGGGGGATGTGCTGGCTGCGGCGAGGCTCGCCGGCATCATGGCCGCCAAGCGCACGCCGGACTTCGTTCCGCTCTGTCACCCCATCGCGCTCTCGGGCGTGGAGGTGACGCTGGCGCCGGAGGACGCGGGGCTTCGGGTCCGCGTGCAGGTGAAGACGGTGGACCGCACCGGCGTGGAGATGGAGGCCCTCACCGCGGCCTGCGCGGCGGCGCTGACCGTCTATGACATGTGCAAGAGCGTGGACCGCGGCATGGTGCTGGACGCGGTGCAGTTGGAGCACAAGTCGGGCGGGCGCTCCGGCACATGGCAGCGCGAGGAGGCCACGCCGGTTGAGGCGGCTGCGCCGCGGCGCCGGACGCGCGCGAAGAAGGCCCGCTGAAGGGAGGCCTCCCCCGAAGCCGAGTCGCCCGTGCGTCGGCGGACACCGGTGGGCTGGAGCCCCGCCTTCTGTCCGTCTCCACACGCCGCGAATGTGACGCTGTCCACGCCCAGGGCACGCTCGTCCCCGAGGGGGCTCCCGGTGCGCGGGGAAGGCCCCCACGTTGCTCTTCAGTCCATGCGGGCGCGAAGGACAGCGCCGGTTCGAGAGGTGACGGGTGTTCGACCTGAGGGGCGTTCTGACGCTGCTGACGGCCCTGGGGGCCGCGGGCTGCGGTGCGCTCACGGAAGAGGGCGACGCGGCCGAGGTGTCGCAGCCCGTGGCGGACCGGGCCGCCTGCGACGCACAGGCGGCCCAGCGCCGCTACGTGTCCGAGGACAGGAAGGAGTGTCAGGTCGTCTTCTTCGTTTGTGCCCGGGGCGAGTCGCCCTTCTTCGACGCCTGCGGCTGCGGCTGCTCGCGTCCCTGATGCACGGGCCTACTTCGACTCGCTGAGCAGGCGCTCCTGGAAGAAGGCGGCCACCACCAGCGAGTGGGAGATGTGTCCTTCCAGGATGAGGCGCGGCAGCTCGGCGCGCGGGTGCAGCTCCACGGCGATGTCCTCGCCCGCGTCCTGCCGCCCCTCGTGTCGCTTCACACAGTCGAGCGCGAGGAAGTTGAAGCACACGTTGCCCTGGAACGCGGGGTTGGGGTGCACCTGGCCCACCGGCACCAGGCGGCCCGGCACGTAGCCCGTCTCTTCTTCCAACTCGCGCGCCGCGGCCCGCTCCGGCGCTTCGCCTGGCTCCACGATTCCACCGGGGAGCTCCAGTGTGGATGTCTCGACGCCGAAGCGGAACTACCGCACCAGCACGAGCTGCGCGTCCGGCGTCACGGCGATGACGTTCACCCAGTCCGCGCAGTCGACGCGCACGCGTGGGTGTTCGTGGCCCGTGCGCGGGTCCGCCCACCAGTCCTCGCGCACCCGGGCGACGCTGAAGTCATGCTCCAGCCCTCGCCGCAGCCGGCGCCAGGGCTTCACCTCTCGAGCCACGTGAAAGCCCTTCCCTTCAGTTGAGCAGCGCGGCGCGCTCCCGCAGCTCGCGGGCCGTCATCTCCAGCCGGTCGCGGTCGGGGGCATCGGGCGAAAGCTCCAGGCAGCGCTCCACGTCCTTCAGCGCCGCGCGGTATGCCCCCAGGTTGCTGAGCAGCGCGGCACGGGTGCGCAGCTCGCCCGGGTGGTCCGGCGCCAGGAGCAGCAGCAGGTCCACCACCGCCAGCCCGCGCTCACAGTCCTCTCTGCCCAGGTACACGCGCCGCAGGTTGGACAGCATCCGGTACGTAATGAGCTCCACCGGCGCGGGCGCCAGCATGTTGCGGTCGAACTTGAGCTGCGGCGCCACGCGCTTGAGCAGCTCCTCGCAGCCGTGCTCGGTGAGGATGTCCCCTTGATGGAACGGGTCCATGACCAGCTTGTGGTCCCCCGCGTCGTGCGCCACCAGGAAGTGGCCGGGGAAGGGGACGCCGTACAGGGAGATGCCCGCGCGACGCGCTACCTCCAGGTAGACGACGGACAACGTAATCGGCAGCCCCAGCTTCCGCTCCAGCACCTGGTCCAGGAAGCTGTTCTCCGGGGAGTGGTAGTCGTCCTCGTTGCCGCGGAAGCCCTCGATGTCCGCCAGCACGTGGCGCAAGGCGCGCAGCGGCGCCAGGACTTCGCCCTTCTCGCTCAGCCGCTCCGCCTCCACCTGCACCCGGCACGCGAGCACGTCCAGCATGTGCAGGCACCCCGGGGCGTCCAGCAGGGGCTTGTCCAGCGTGGCGATGGCCAGCGCCGCCAGGTCCAGCCGCGGGGGCTCCGCGGCCAGGGCCGACACCAGCCGCTCCCGCGCCAACGGTGGGCTGAATCCAGAGGGAATGCTCACGGCAAGAACCAGTAACCCACGAGGGCCCGGACGGCAAAGGCAGGCAGCCGAGCGTCAGAATGCTGGAGGTTCAAGCGGCAGCCG
CP070500.1_gap84	3611869	3616529	4660	AAGCCTCCCGTGGTGGAGACGCAGGCGCCCGTGAACGACGACGCCAAGCAGACACCACCTCCGGAGCAGGCACCACCGCTCGAAGAGGCCACGGCCAAGGCCCCCGAGGCTCCGCCGGAGCCGCCCGCCGCTACACCGGATGCGGGTACGGCCATTGCCGAGGCGCCGAAGCCACCCGAGGCGACACCCACCGAGGCCCCCACGCCGTCGGAGCCCGCCGTGGATCCGGAGGTCGAGTTCGCCACGCTGGTGAAGCAGGCGAGGGCGGCCGTCGTCAGTCAGCGGTTCCGGTCGGCGGCGGGAAGCTATCGCAAGGCGCTGGCGCTCAAGCCGACGGCCACGGAGGCGAAGGCGGGCCTGGGCATCGCGCTGGTGAACGGCTTCACCACGGACGGGGCCTACCGCGAGGCGGCCAAGCTGTTGCAGGAAGTCGTCAAGGAAGAGGACTCCAACGCCCGTGCCTGGCTGTCGTTGGGCATGGCGCTACAGTTCACCGGCAAGAATTCCCAGGCGGCCGACGCCTACAAGCAGTACTTGTTGCTGGAACCGACGGGGTCTTCCGCCGAAGAGGTCCGCACGTTGCTCAGGGGGCTGGGCAACTGAGCGGGGACGGCCCCACTTCCATCATTGGCCCCCTGAGAAGTGAGCTGCCTTGCTCGTCCTAGGACTGGAAACCTCGTGTGATGAGACTGCCGCCGCCGTCGTGGAGGACGGCCGCCGCGCGTTGTCGGATGTCGTCTCCACGCAGGTGGACATCCACCGGCGGTGGGGTGGGGTGGTGCCGGAGCTGGCCAGCCGCAACCACATCGTCCAGGTGCTGCCCGTCGTCCACGAGGCGCTGACGCGGGCGAACAAGACGCTCGACGACGTGGACCTCATCGCCGTCACGTCCGGCCCCGGACTCATCGGCGCGCTGCTGGTGGGAGTGCAGGTGGCCAAGGGCTTGAGCCTGGCGACGGGCAAGCCCTTCGTGGGCGCCAACCACCTGGAGGGCCACCTGCTGGCCATCCGGCTGTTGGAGGTGGCGCCGGAGCCGCCGTTCCTTGGGCTCGTCGTTTCCGGCGGGCACACCAGCCTCTACGAGGTGCAGGCCTACGGGCAGTACCGGCTGGTGGGCAGCACGCGCGACGACGCGGCCGGCGAGGCATATGACAAGACCGCTCGCATCCTCGGCCTGCCGTATCCGGGTGGGCAGCCCATCGACCAGTTGGCGCAGCAGGGGAACCCGGAGGCCATCCGCTTCCCGCGCGCGCTGCCGGGCGACAACTTCGACGTGTCCTTCTCCGGGTTGAAGACGGCGGTGCTGCACCACGTGCAGAAGCACGGCGTGCCGCAGGGGCAGGCGCTGGCGGATTTGTGCGCGTCCTTCCAGGAGGCCGTGGCGGACGTGCTGTCGAAGAAGCTGGTGGCCGCCGCGCGCCGGTTGGGCCACAAGCAGTTGGTGCTGTGCGGCGGCGTCGCCGCGAACTCGCGGCTGCGGGCACTGTGTCAGGCGCGAGCCGAGGAGCGGGGGTTGAACATGTTCCTGCCCCCGGTGCGGCTGTGCACGGACAATGGCGCCATGATTGCGGTGGCGGGGTATGAGGCGTACCGCCGCGGCCTGCGCGGAGATTTCCGCCTCGCCGCCGACCCGGCCTGGCGCATGTAGAGGGGAGCAGACGGGTGGAATCGCCTAGAGACATCCTCAAGCGGCATGGCCTGCGCGCCAAGTACAGCTGGGGACAGAACTTCCTCGGAGACGAGGACGCGCTGGAGGCCATCGCCGACGCGCTGAACCTGCGCGCCGATGAGCCGGTGGTGGAGCTGGGCCCGGGCCTGGGCCACCTCACGCGCTTCCTGGCCGCCACCGGGGCCCGCGTCACCGCCGTGGAGCGGGACCGGGACATGGTGATGGTGCTGGAGAAGGAGGCCATCCCCGGCGTGCGCGTGGTGTCCGGCAACGCGGCCACGGTGGACTTCGCCCAGGTGGCTGGCGCGCCCGACGTCGCGGTGGCGGGAAACCTCCCGTACCACCTCACCAGCCCCATTCTCTTCCGAGTGCTGGAGCAGCGGGCCCATGTCTCGCGCGCGGTCTTCACGCTCCAGAAGGAAGTGGTGGAGCGGCTCGCCGCGGAGCCCGGCAACCGGGACTACGGTCTGCTGACGGTGCTGCTGGGCATGCACTACGACGCGGAGAACGTCCTCACGCTGGAGGCGTGGCGCTTCCATCCGCCCCCGAAGGTGGACTCCGCGGTGCTGCGGCTCACCCGCCGCAAGTCGCCGCGCGCGCCCATCATCGACGAGGCCCGCTTCACCCGCGTGGTGAAGGCGTCCTTCGCGCACCGGCGCAAGACGCTCATCAACTCCATCAAGTCGGACCCGACGCTCGGGACGACGGAGACGCTCATCGCCGCCCTGGAGGCCGCGGGGGTGGATCCGCAGCGCCGCGCGGAGACGCTGACTCCCGAGGAGTTCGCCGCCATCGAGCGCGCGCTCGGCCCCCTGACGCCGGCTACGTCCACGCCCGCGGAGTAGGGCGCCGCTAGCGTCCGCGCATGCCCAGTGCCTGGAGCAGGCCGCCTTGCTGCTCCAGGTAGGCGAAGAACTCGGCTTCGGGGATGCGCATCCGGGCGAGCACGCCGCGGAGGATGTCCTCCACGGTGCCGTCCTGTCGGCGCTTCAGCTCCATGGCCGTCTTGAGCAACACCACGCCATAGAGCGGATCCGGCTCCACGGGAGGTGTGGGCGCTCGCTGGGTGGGCGTGCTCTGGCGGGCCTCTTCCAGCCGCACCACTGTCTTCGCCCGCTGTCTGCCGCTCATGTCCGGAGACCACCCCGCGCACACGCCAAGAAGTCGCGCGGACCGTAGGAGATGCGTCTCGGAGCGTCAAGGGACGCGGGACGCCGTGGAAAATTGCCGGATTCCAGCGGCCGTGTTGTGTTATCCGCCCGCGTGCGTGGCCGCGCCTTCGCGCGATGTCTCGCGCGCGCGGTCTCAAAGCGCATTCCGCGGGCGGGAGGCCTCGGGCGGATGGACTACCGGTATATCGTGGTGGAAGGGCCCATTGGCGTGGGCAAGACGAGCCTCTCCAATATCCTCGCGGAGCGTCTGGCGGGACGGCGCATCCTCGAAGTGGTGGAGGAGAACCCCTTCCTGTCCAGCTTCTACACGGACCGGCAGAAGTTCGCGTTCCAGACGCAGATCTTCTTCCTGCTGTCGCGCTTCCGTCAGCAGCAGGAGCTGTTCCAGCAGGACCTCTTCAGCTCGATGACGGTCAGCGACTACCTGTTCGCCAAGGACCGCATCTTCGCGCACCTCAACCTGGACGCGCACGAGCTGGCCCTCTACGAGCGCGTCTTCGAGGCGCTGGGGCCCCGCGTGGCCAAGCCGGACCTGGTCATCTACCTCCAGGCCCGACTGGACGTGCTCCTGCACCGCATCAAGAAGCGCGGCCGGGAGTTCGAGCGCAAGTTCGACCCCACGTACCTGGAGGGGCTCGTCCACTCCTACAACAACTTCTTCTTCCACTACACGGACACCCCGCTCCTCGTCGTGGATACCTCCGACATCGACTTCGTGAATGTCGAGGCAGACAGGGAAGACCTGCTTGCCACCATCCGGAAGGCGAAGCCGGGCACGCAGCATTACGTTCCGAAGGCTTCCCGCCGGGGCTGAAAGTCAGGCTCCTGGTGGGACGTCCGCCTTCAACCTCCCCACGGCCGGCGCGGTGGCGTTAGAGTGCGGTGGCGGGCCCAGGGCTCCCGGCGATCCCCGGTGGGGACGGCGAGGCGCGAATGGGCCCGTCAGGCCGTTCAACCCGTAGCCATAGGAGGTGAACCGTGAAGGACAAGGTCACCATCCACACACTGAAGCGCTTCAAGCAGATCGGTCAGAAGATCTGCATGGTCACCGCTTACGACGCCACGTTCGCCCACATCCTCGAAGAGGCAGGCGCGGATGTGCTGCTGATAGGCGACTCGCTGGGCATGGTCATCCAGGGGCATGACTCCACGCTGCCGGTGACGATGGACCAGATGGTCTACCACACGGCCGCGGTGGCCCGTGGCGCGCGCCGGGCGCACGTCGTGGCCGACCTGCCGTTCATGAGCTACCAGGTGTCGAACCAGGAGGCGGTCCGCAACGCGGGCCGGCTGGTGGCGGAAGGCGGCGCGGGCAGCATCAAGCTGGAGGGCGGCGCTGAGTTCGCGGACACGGTGCGGGCCATCGTCCGCGCGAGCATCCCCGTCATGGGACACCTGGGGCTGACGCCGCAGTCCGTCCACAAGATGGGCGGCTACGTCGTCCAGGGCCGCGGCGAGGACCAGGCGCGGCAGATTCTGGACGACGCGCTGGCGCTGGAGCAGGCCGGGGCCTACGCGCTGGTGCTGGAAGGCGTGCCCATGGACCTGGCGCGCACGGTGACGCAGCGCCTGTCCATCCCCACCATCGGCATTGGCGCCGGCGTGGACTGTGATGGCCAGGTGCTCGTCTGCTACGACCTGCTGGGCATGAACCCGGACTTCAAGCCGAAGTTCGTGAAGCGCTACGCCAACCTCCACGGCTCGATTACCGAGGCCGCGGGCGCGTACTTCGCGGAGGTCCGCAAGGGCGCGTTCCCGGACGAGGAGCACTCCTTCAAGGCGACCAAGAACATCCGGCTGGCGCCGGGGGCTCCGGCTC
CP070500.1_gap85	3642312	3642846	534	GCGCCGTGCCCGGACGCGCCTGGAGCACGCGCGGGACGTCATCGCCGTGGGGAAGATTTCCGGCGCGGTGGGCACCTTCGCGCACCTGCCGCCCGCGGTGGAGGAGCACGTCTGCCGCAAGCTGGGCCTCAAGCCCGCGCCGGCCTCCAGCCAGGTGGTGCAGCGAGACAGGCACGCGGAGTTCTTCACCGCGCTGGCGCTGCTGGGCTCGAGCATCGAGAAGTTCGCCGTGGAGATTCGCCACCTCCAGCGTACCGAGGTGCGTGAGGCGGAGGAGCCCTTCACCGCGGGACAGAAGGGCTCCAGCGCCATGCCGCACAAGCGCAACCCGATTCTGTCGGAGAACCTCACCGGCCTGGCGCGCCTGCTGCGCGGCTACGCGGTGAGCGCCATGGAGGACGTGGCGCTGTGGCATGAGCGGGACATCTCCCACTCCTCGGTGGAGCGTGTCATCGGCCCGGACGCCACCATCCTCGCGGACTTCATGCTCATCCGCTTCGCGCGGCTGATGGAGGACCTGCGCGTCTACCCGGA
CP070500.1_gap86	3644369	3647502	3133	CCAGCTCGGCGGCTTCGCGCTCGGAGAGGCCCTGGAGGCCCTCGCGGCGGTCATCCGGCCAACGCTCTCCGCCGGACTCGAACACCAGCTCCAGGGGCGCACCCGCGTCGGGCGCCTGGAACAGGTCCATCTTCGGATCGAAGCCCGGCGCGGCGAGCAGCTCGCCCTGATGGCTGACCGGGAAGAGGACCAGGGCCTGGGCTGCCTGCCCGGCCTCAATGACGGACTGCCGGGCCACCTCGCGGAAGAGCTCCAGTCGCGTCGAGGGAGCTTCGAACTCGAGGAACTCCGGCGGGTTGGTGAGGGCCTGCCGCGCGCTCATCGTGGCACGGACAGGTGCACCCGCCTCACCACACGCGGTGAGGACCGTCACGAGAGAGAGGAGCAACCCAGGGAGCCAGCGACGCATCAACCGGGAATATACCGATCTGCTTCGGGATCAACCAGCTAAACTCAGCGCATGCGGCCAGGGGAGCAGCTTACCGTTGTCCTTCATCAGACGCGTTCAACCGACAACCTCGGAGCCGTGGCCAGAATCATGGCCAACTTCGGGTACTCACGGCTGATTTTGTCCGAACCGGTGCTGAAGTCGATCGAGGGCGCGGAGCGTCTCGCGGTCAAGAGTGACTTCGTCCTACGAGGCATGGAGGTGACGTCCGACCTGGGCGAAGCGCTGAAGGACTGCGTGTACGCGGTGGGCACGACTTCTCGTACCCAGCTCAAGGGACGCACCGTGCTGACGCCGGAGGAGGCCATGCAGCGGCTGGCGGAGGAGAGCGTGCGCGGACGCGTGGCGCTCGTCTTCGGTGGCGAGCAGCGCGGCATGTCCGACGAGGACCTGGCGCGGTGCACGGACGTGCTCGCGATTCCCACGTCGGCGGTGCAGCCGTCCATGAACCTGGCGCAGTCGTCAGCGGTGCTGCTGTACCTCTGTCACCGTCAGGGGCTGACGCCCACGGCCGCGGTGGAGGAGGCGCCAGGCGCGAAGCTGGGCACGCTGGGGGCGCTGGCGAAGCGAATGAGGGACGTCATGCTGCGCGCGGAGTTCCTCAACCCGCAGGCGCCGCAGCATGTGCTGAACGAGCTGGAGCAGACGTTGATGCGTGCGCGGCTGACCCAGCGCGAGGCGGAGCTGTGGCTCACGGCCTTCAAGCACCTGGAGCGCGCGGTGACGCGGGGCGCCTCTACCTGAGGAAGAGGCCGCCCCGGCGCCGACGGCGAGTCGCGGTCTACGCCGCGTCCTTCTTGAAGGCCTCGCCGTGGTGCTTCTCGCACAGGCCGCCCTTGAACGTCTTCACGCGGCAATCCGGCTTGGAGCAGGTGCGGTAACGGCTGTGCGGCAGGTCGCCCTGGCGCCACTGCTTGTAGTGGAAGTAGCAGTAGTTCTTGGCGCGGTACGGGCGCTTGCAGCCCTCCACGGTGCACGCCTTCTTGCCATTGCTCTTGGCGAAACGCGGCCAACTGGTGCGCTTCTGGGTCGTCTGGGTCTCGGCCATTGCGAAGCTCTCCTGCGAAACGGTGCGAAGTCGCGGCGCCACACCGAGGTGGACCCGCCGCAAGGGTACGGAAAAAGGCGCACTGTCTAGCGCCCATGACACTCGAACGCAAGGAGCCCGGGAAACCAGGGTTCAGCGCGGACCCGTCCGGACTTCAGGGCGCGGGGGCGTCTTGTCCAGAACCCCCCGTCCCGGGGGCTGCTTCCCCGGAGGGCGGAGTCGCCCGGCGGCCCTTCGAGCGGGGCACCGGCGACAGCAGGTCGTCCAACACCGGCTGAGGGGCCCCCGCGTGCCGCCCAGGCGCGGTGCTCGCCACGGTGGGCAGGGGCGTCTCCTCGGAGGGCATCTCGTCCAGCTTCAGGGTCAGCTTCATCGGGCGCCCCAACCGGTGGACCTGGAACTTCACGTCGCGGCCCACGCCCCGGGCGGCCACCTGCCAGCGCAGCGCATGCGCCCGGCGCACGCTCCGCTGGTCCACCCTGACGATGACGTCGCCCACCTGCAGGCCCGCGCGCTCGGCCGGGCCGCCTTCGACGATGTCCGTCACCACCACCCCGCGGCCGCGCCGCAGGTTGAAGGCCTCGGCCACCTCCGGAGAGAAGTCCTGCACGCTCATGCCCAGCCATCCGCGGCGCACGCGGCCGTGGGACTTGAGGTGCGGAATCACCGTCTTCGCGATGTCGATGGGGATGGCGAAGCCGATGCCCTGGCCCGCAACGTTGACCGCGTTGGCCACCGCCACCACGTCACCGTGCAGGTCCAACACCGGCCCACCGGAGTTGCCCGGGTTGATGGAGGCGTCCATCTGCATGTAGTCGAAGTCGCCGTCGCGCCCGTTGGGCGTCACGTCCGTGCGGCCCATGTAGCTGACCACGCCCACCGTCACCGAGTGGGTCAGCCCGAACGGGTTGCCGATGACGACAATCCAATCCGCCGAGCGCACGTGCGACGCGGAGGCCAGTTTCAGCACGGGCAGCTTGCGGGGCGCGGCGATTTTCAGCAGCGCGCAGTCGGTGCGGGCGTCCTCGCCCACCACGATGGCCTCGAACTCCTCCACGTAGCCGCGCGGGTGCAGGACGGAGACGATGACCTCCGCCGCGCCCTCCACCACGTGCGCGCTGGTGAGGATGTAGCCGTCCGGATGGATGATGAAGCCGGAGCCGATGCCCTTCTGCGCTTCTTCTCCAGCGGCGACGGCCTGCACGTCGGCAGCCTGCTGTGTGGTGATGGACACCACGGCGGGCATGGCGCGCCGGGCGACGTCGCTCAGCGTGGAGCGTTGCTTCTGGAGGGCGCGGTTCTGTGACTCCACCCACAACCGATTTCGCTCGCGGCCGGTGGCTTGCGCTGGCAGCACCAGCGCGCACACCAGCGCGGCGAACAGGATGACACTCTTGCCTCGCGCCCTGCCCATGGCCCCGCCTCCACCCCGACCAGCCGCCTCCCGTGCAACCTAAGGAGGAGGGGAGGCCAGGGGAAGCGGGCCCGGAGGCGAACTACTTCTTCTGCGCGATGATGCGGTTCACCGCTTCACGGTCCTCGGCGCTGATGCGCTCACGAGGCGACGAATCCTTGTTTCCGGCGACGGCGTCCTTGGCGTCCTCGTACGCGTCCTCCAGCCCGTCCTTGAGCCGATC
CP070500.1_gap87	3723224	3726976	3752	CCGGCACCTCGCATCCCGAGCCTGTGCAGCCCCCATCCGTCGACGTCGTCACCGGCACACATGCACTCAGGGGGCCGGACGCGTCGGGCACGTGCCCACATCCGTAGCCTGGCCGAGCACAGGCCTCGCCACAGGTTCGCAGGCACTGCCCCAGCCCCGGTGCGCACACGCTTCCTGCCGGGCAGGGCGCCGCGTCGGAGCACGCCAGCAGGCAATACCCGCCCGGAAAGCCCGTGCCACAGGTGCGCCCCGGCCCGCAGTCCGCATGCTCGCCGCAGGCATCCCCAATCCGCACCGTGTCCACGGGCTCGCAGTCACCTCGCACGCAGACCTGCCCCTGGGGACAGCCGTTGGGCTCGTCACAGCGGATTCGGATGTCGAGCGGACAGCCCGGCGCGACGAGCAGCACCAGCGCGGGCAACAACGAGAGCAGGAGGAGTCGGCGCATCACCAAGGCCCGGGCGACTCTAGGCGGAGGGAGGCTCGGAGAGCACCCCCCAACAACGCCAGAGGCCCCGTGCTCCCCGACGGGGGAACACGGGGCCGTCTTCGCCAGCTACATGCAGGTGCCCATGACGCCCGGCGCGCTGAAGCACTGGCCGCTCTTGCAGTGGCTGTTCTCCGCGCACGGGAAGCCGAAGGCACCCGGGCTGCAGAACCCGAGGACCGCGCCGGAGAAGGGCTTCACGCAGCTCCACGCCGAGGGGCAGTTCGAGTTGTCACTGCAGAGCCCCTGCATGCAGAAGCGGCCCTTGTTGGGCAGGTAGCCGTCGTTGCACACCGCGCCGCCCAGGCCCGTGGGGCACACGCCATCCTCGGGGCAGGGCGCGAAGCTGGCGCAGTACGGCTGCTGCGAGCCCTGGTCCGCTGCGTCCAGGCACACCGCATAGGTGTCGCAGCCGTCCTTGAAGTCGCTGGTGTTCGGGTTGCACGAGGGCGGGTTGGCCGGAGGCGCCAGGCTGCACAGGCCCTCGATGCAGACCTGGTTGCTCAGGCACTGGCTGTTGGAGCTGCAGGTCGGCACCTTCTTGTTCTTGCAAAAGGAGACGGCCATGCCCGTGTCCTCGAGGTCGCAGTACTGGTCCGCCGCGCAGTCCCCGTTCGACTGACAGCCGATGGCACACAGGCCGTTGAAGCAGAACTGCCCGGAGGGACATGCCTTGCTCGCGCTGCACAGCCCCGCGCTCTGCTCGTTGGGGTTGCCGTCGGGCCCCTCGCCGTCATCGTCCTTCGTGCTGCCGCAGCCCATGACCGTCAGCGCCAGGAACAATCCCATCACCACATGCTTCATCGTCGTCTCCGTCAGGTTCATCTGCACCGTGGCGGTTCTCCGCCTGCGTGCGATGGGCAACACCTGAGCAACGTGCGTGCCCAAGCCTCGCGAGACATCGAATCGCCCTGATTCCACGGGGTTGCATGACGCCCCTGACCCTCCGAGCACCTGATGCCGGGGGAAACGTGCCAGGACTGGCACGCGGACAAGCCCTCCAGAGGAGGCGGCCTGTCAGTCCCCTTCGCCGAGGTAGCGAAACAGCGAGCGAAGACCGATGCCCAGCGCCGCCGCCGCGTCCTTCTTACTGCCGCCGCAGCGGGCGATGGCCTCCCGCACGTAGCGCTGGACGAACGCCTCCCGCGCCTCCTCCAGGGGAATCATGGGCGCTGCGTCGCCGCCCAGCTCCAGGTCCTCGGGGCGCAACAACTCGTCCGTCGCCAACACCGCCGCGCGGCGCACGCGCGACGCCAGCTCTCGCACGTTGCCAGGGAAGGGGTGCCCCCGCAGCGCCTCCGAGGCCTTCTGCGTGAAGCCTCGCGCCTTGCGCGCCTCTTGCGCCAGCACATGGTGGGCGATGAGCAGCACGTCCTCACCACGCGCTCTCAGCGGCGGCACGTCGACACGCACCTCTTCCAGCCGGAAGCGCAGGTCCGCGCGGAAGGTGCCCCGCCGCACCGCCTCCTCCAGGGCCACATGGGTCGCGGACACCACGCGCACGTCCACCTTGCGCGGCTGGTGTTCGCCCAGGCGGGTGACCTCGCGCTCCTGCACCACACGCAGCAAACGCGTCTGGAGCGACAGCGGCATGTCCCCAATCTCATCCAGGAAGAGGGTGCCACCGTCGGCCGCTTCCACCAGTCCCGCCCGCTCCGTGCCCGCGCCGGTGAACGCGCCACGCGCATGGCCGAACAGTTCGCGCTCGATGAGGCTCTCCGGCAGCGCCGCGCAGTTGATGGCCACCAGCCGGCCGCGCCGGCCACTGCGCCGGTGGAGTGCCCGCGCCACCAGCTCCTTGCCCGTGCCTGTCTCGCCTGTGACGAGGACGTTGAGCGGCGTGGGCCCCAGTCGCTCCACCTGCCGGTATAGGGCGCGCATCGAAGGGGATTCGCCGATGAGCCCTTCGAACGTCGCGGCTTCGATTCGGCGGGTGAGGCCCTCCACCTGCGCGCGCAGCTCCGTCAATTCGCGCCGGGTCGACAGGAGCAGCGCCGTCAGCGCGGAGAGCGCCATGGCCTCCTCCAGCGCCACCGCTGAAAAGGCCGGAGCACCCAACCTCCGTCCCAGGTACACCACGGACAGCGGCACCGGCTCCACGCGCAGCGGCACCACCAGCGCGGAGCCCAGCCGCAGGGCTTCCATGCTGGGCGCCCGGGCCAGCGCCGCGTCCGCCTCCACGTCGGCCACCCGCACCGGGGCACCCGAGGTCAGCACCCGGTCCACCAGACTGTCCACCACCGCCGCGTCGGGGCTGGCGCCCGTGGAACACAGCACGCGCCGAGGTCCCTCCCGCGAGTCCGCGGCGACGAGGAAGCCCACGTCCGCGCCCACCACGTCGGCGAGCCCCCGCATCGCCACCTCCAGCAGCTCCAGGGGAGGGCGTTGCACCAGCAGCCGCGAGGACAGCTCCGCCAGCACCGCCACCAGCCGGCCGTCCTGTCGCCGGGGGGCCACCTCCGCCGCATCACTCGCGACGGACTCCACCGCTTCGATGAGCTCCAGTTCCACCGTGCCCACGCGGAAGCGGTCCCCGGGCTCCAGGGGCGCCAGGTCCACGCGCCGCCCTCGCACTTTGATGTCACAGCCCTTGCCCGCCGGGGACACGCTCCAACCTCGCGCGTCGCGGAACAGCAGCGCGTGGCTCGGCTTCACGCCGGGGGCAACGAGCACGGCGTCACAGGTGGCGTCGGAGCCCACGGAGACGACGGGCTTGTCCAAAGGGAGACGGCGGCCGTCGGGGAGGACCAGAAGCTGGGGCATGGCGGGAGCGGACGACACAGTCGCATATCAGGAATGCGGGGGCGTGCGCATGCGGGGCCCGGAAGGGGCGTGCCGAAGAGGGGGCCCCGTGCCGTCGCCAATCGCCTGTGCTTCGACGTGTCTGAGTTCCACGGCGCCCAGGGCTACCTGAGCGCGCCAGGGTGGAATGCCGTCGCGGGGCAGACGCGCCCCCACCACACGCCTGCCGCGGCCACTCCATTCCACGGAACCGTAGAATCCATGTACCGTCAGGAGCTTCGCCGTTCCCTGGCAGTCCTTCCCATTCCCGGTTCCTCCGAGTGGCACTCCCCATGCGCCTCATACGCCCTTCCTGGCTCTGGGCCCTCCTGCTGGCCCTCTCCGCCTGTTCCTCGACCTCCACGACCCCTTCCGACGCGGGGACTCAGCCTGATTCAGGGACGCAGCTCGGGCGCATCGAAGGCCAGGCCATCCTGGAGGGGGCCTCGTCCCACGCGGGCATCAGCGTCTCCGTGGAAGGCGC
CP070500.1_gap88	3729375	3730760	1385	CGTTGAAGGCGGATGGCACCGTCGTGGCCTGGGGCGAAAGCGCCATCGCCCCGTCCTCCGACGTGAGGGACGTGGTAGGCATTGCCGTCACGAGCAACGCCAGCCAGGCCTTCCTCGCCGGTGGCACCGTGGTGACGTGGGGGCAGGACAACGAAGGACGGGCAACGCCTGCCGAGCAGCTCTACCTGCCGCCGCACGACCTGCTCCTGCGCATCCCGGCTCGCTAGCCCCGCACACCATGGGCGACGACAGACGTCGCCCATGGTGCTGGTTGAATGACGTTGGCCAGGGCGACGCGCGTCCCGTTGGCGCGCGCGTCGAAGCAGCGTGAGTTCCGCCAGGCTGTCGCGGTGAGCAACCTTCGCTGCATGCTTCAGACGGCCCATCCCCTATCCCCTGGCTCCACCGTGGGATAGGGGATGGGTGCGGTCGCTCAGCCGTCCGTCCGTCCCTTGCGCGCCGTCTCCAGCAACTCGCGGATGGCATCGGCGTGCTTGCCATCGGTTGGCGCCCAGTCGGCGGGCATGCGGCCGGCGCGGTCGCGAATGAACGGGTCGGCACCGGCTTCGATCAATGCCTGCACGAGCGTTGGCATCGCATGCGCCAGCGCGCGCTGTAGCGGTCGTTGTCCTTCATCGTCGGGCACGTTGGGATCGGCACCCGCGGCCAAGAGGCTGCGAATGATGGGGCCGTGCACGCGTGCCGACGGTTTGAACAGCGCCATGTGCAGCGCGGTGAGTCCCTTGTCCGTTCGGTGGTTCACCTTGGCTCTGCGTGCGAGCAGGAGGTCCACCGCACCCAGTTCGCCACTGCGCGCGGCCAGCATCAGCGCCGTCGGGTTGCCCTTGAACTGGGTCCAGTCGGGGTCGAGGCCGGCGTCCAGCATCCGCCCCACCAGTTCGAGGTTGCCGGCAGCGGCCACCGAAGGGAAGTCCTGGGTTGCCCACGGGCTGCGGGCAATGCCGCCGGAGAACGTCCATTCGGGTTCGGCAGCGGCAGCGCCACGGACGTCCTTGCCCGTGGCCCTGTCGACAACCTGTGCGCGCCGTGCCTCCGCCGCCTGCCGCGCAGCCTTCTTGCTGCCGCGCCAGAAGGAATGCGTGGCCGGGTAGCTCGCCGGATCGCTCAGGTAGTTCGACAGCGCGACATGGCCATTCTCCAACGCCACGATGGAGGGCAACTTGCCGTCGTTGTCCGCCTGTTCGCGATCCGCGCCGGCTTCCACCAGGCATCGTGCGATGTCGGCAAAGCCATTCGCGGCGGCCGTCCACAGCGCGCTGGCGCCGGTTTCGTCCCCCGCGTTCACATCCGCGCCGGCCTTCACCAGCAAGCTCACAAGAGCGGCAAAGCCATGCGCAGTGGCCGCGACCAGCGGCGGCTGGAAG
CP070500.1_gap89	3750754	3755420	4666	GACGACGTGCCCGCGGACGTCGTGGTGGTCGACACGGGCAACTACTACCCGGAGTTCCGCGACGGCCACATCGGCGCCATCGATGCGGGGCAGACCGACAGCGAGTGGGTCTCAGCGCAACTGAAGCGTCCGGTCGTGAAAGCCTTCAACAACATCCAGGCTGGCAGCCTGGACACGAAGGGTCTTCCCCGTGGGGCACCGGGGCGCATCGCGCTTCCGGTTTCGGGCGATGACCCGCGGGCGCGACAGCAGATTCTTCAGCTCGTTGATGCACTGGGCTTCGATGCCATCGACGCGGGCCCCTTGTCGGAGTCCTGGCGGCAGCAACCGGGCACGGCGGTGTACTGCACCGACCTCGACGCCGAGAAGCTCCCAAAGGCCCTGGCCGCTGCCGACGCGACGAAGGTCGCCGAGGTCCGCCGGCAGAACGACCTGAGTGTCAAGGCCATGTTCAGCCGCTGAGGCCCCCGCGTTCAACGCGACCCGCGGACGGGCTCGTAGGCCTCGCGTCGCCCCCGAAGTCGCCCCTGAAAGTGAGGCGGCTCAGGCGCGCGTGGCTTCAGCGATACAGCGGGCGGCTTCGGCCGCGTCGCAGCCGTTGAGCCCAGCGCCCCACGCGGCGTTGGCTTCCAGGAGCACCCAGCCCCGGTCCTCCACCCAGGCCGCGTCCAGCACGCACGTGCGAGGCAGCATGGGCGACCGCGCCACGGTGTCGAGGAACGCCCGTGCCTCCGCGCGCAACGTCACGACTTACGAGGACAGCACGGGCGTCTCTGGCGCGAGGTCCCGGTGGTGCGGGCCTACAACGCCTGACCCAGGGCGCGCGTCACGGCGCGAGCTGTTCGACCGAAGGCGCGTGCGAAATGCGGATGGCTGGGATGTCCAAGACATCATCCTGCTTCAGGCGGGTCCCCACGATGACCTGGTAGGGCGGTTCATCGAGCACGGGGGCACGCCCATAGACGACGAAGTACTTGTCGTTGGCATAGGCCACGTTGCCGGACACGAGCTGGCGAGCCGCCGCGCCCCGGGAGATGGCAAAGCCGTGGCGGTCACGGACGTCCCCGTTCAGCTTCACGCGGGCGCCACGGACGCGGCCGGTGTCGGCCGTCAGCGCGCTCCAGGTGACGAGCACCTGGTGGCCCTCGGAGGCGACCTTGGGCGTGATGTCGTTCGTGCTCGAGGTGGCGATGGGGATGCCGCTGGGGTCCAGGACGTTCGCCGTCCCGTCCTTCACTCGGGCGCCGTAGATGTCGGGGGTGCCATTGCGTGCGTCGCTCCAGGCGACGAAGAAGCCCTGCTTCGTCGCCGTCACCGCCGAGAAGTTCTGATTGCCCGGCGCAGCGGAGATGACGAAGCCGTCCGGGTCGAGCACCGCGCCCGTGCGCCGGATTCTCGCGGCGAAGATGTCCTGGCCGCCGAAGCGAGAGTCCGTCCATGTCGCCAGGTACCGGTCATGGGACCAGGCCACCGCGACGCCATAGGAGTTGATGGCGGACAGTTGGTTGGAGATGAAGACCTCCTGGACGTCGAAGCCCGGCTTCGCCGTGTTCAGGGTGATGCCGCGGACCGCGCCAGTGGCGGTTCCGCCGAAGCCAATCCACGCCACCAGGCACTTGCGCTCGTGGCAGGCGATGCCCGGGGAGCCCGCGGGCTGGTGGTCGGTGGGGGTAAAGAGCGTGACCGGCGGGCCGTCCAATGTCCCGTTCCGGTTGACACGCGTCAGGAAGATGGAGGTGTCTCCGGTCCAGACGACGAGGAACTGCCGGCCATCGAACGCGGTCGCATGGTAGTAGGCGTCGGGTCGAAGCCCGGGGTTGAGGGGGATGGCATCCGGGTCCAGCAGCCGGCCATTCTTCGAGACGCGCGCGGCGTAGAAGCGGCCGGGGCGGCCGTCGGACCAGGCCACGAAGAACTGGTTTCCGTCCTCGGCCACCTGGGCATCCGTCGCGAAGGTCGGTGTCGCCCAGTTCGGGTAGGGCCCCTGGCTCCCCGGACCATGAAGCCCGGCCTCGACGTCCTCTCTCGAAGGGGAGTTGCCTTCGAGCACCTCCGCTTCACCGCCACACGCCAGAGAGAGTAGTCCCCCGAGGAGCAAAGCGCTCCAGCCACGAGTTTGCTTTGACGGTCCACGCATGATTCGCCCCTTGCAACATCAGTCCGGCGGCAGGGTCCACGGCGGGGGCCGGTGGTCGCAACGCGGTATTCCTGCCGAAGCGAGCGAATGGACAGACGCCGGGCGCATCCAGGCGTGCTTCGTCGCGCCTTGAACGAACGCCTGAACCCGTGGCCTATGTCAGGACGGCAGCTTGTCCCCCACGAGCCCGCGGATACCCTGGAGCTTGTCGGGGTTGCGAGTGACGTAGATTGTGGCGACTCGGCCATCTTCGATGTCCAGGGCCGTCGTCTGGAGCGTGCCGTCCTTCTCCAGGGTGACGAAGGCGGGCAGTCCGTCGATGAATCCCTCGTGCACAAGCTGCGAGGCGTTCACGCCCGTGATGCGCAGCAAGCCCTCGAAGAAGCGCACCGTCTTCTCCTGACCGTAGATGGGGTTGAGGGCCGCCTTCACCTTGCCGCCACCATCAGAGTACACGACGACGTCCTGGGCCAGGAGCGCCTGGAGCGCGCCCATGTCCCCGCTCCGGGACGCGGCGTAGAAGGCCGAGGCCAGCTCACTGCCTTGTGCTTCCGACACGGGAAATCGCGGCCGAGCCTCGCGCACGTGGGCCCGTGCGCGGCTGGCGAGCTGGCGGCACGCGGCAGGGGCCCGACCCATGGCCTTCGCCACCTCCTCGAAGTCCATGCCGAACACGTCGTGCAGGAGGAAGGCGGCTCGCTCCAGAGGGGACAGCCGCTCCAGGGCCATCATCAGGGGCAGGGTCAAGTCATCACCCTCCACCGCATCGACGATGGGCTCCGGAAGCCAGGTGCCCACGTATTCCTCGCGGCGTACGCGGGCGGACTTCAGGACGTCCAGACACAACCGTGTCACCGTGCGGACAAGCACGGCTTCGGCGTCGCGCACGGCGGCGCGGTCGGTCTGGTGCCAGCGCAAGTACGCCTCCTGCACCACGTCCTCTGCCTCCGCGACGATGCCCAGCATCCGGTAGGCGATGCGGAGCAAGCGGGGGCGCAGCGGGTCGAAGGCGTCAGCGGGATTCACGTCAGGCGGCCTCGGTGCGGGGAGTGGTGACGGGGTGAATGGAGCGGAACCCCACGGAGATGCGGTTCCAGGTGTTGATCATCCCGATGAGCAGTGTGAGATGCACGATTTCCTGCTCCGAGAAGTGCGGCGCGAGGGCAGCGTAGTCCTCATCGGACGCGTGCGTCTGGGAGACGTGCGTCAGGGCCTCCGTCCAGGCCAGGGCCGCCCGTTCGCGCTCGGTGTACAGGGGCGACTCGCGCCAACCGTCCAGCAGGTAGATGCGCTCCTCGGTCTCCCCATGCGCGCGGGCGTCCCGGCTGTGCATGTGGATGCAGAACGCGCAGCCGTTGAGCTGCGATGCTCGGATCTTCACCAGCTCCTGGAGGCTCTTCTCCAGGCCCAGCTCCAGCAGCTTCTGGCCGTAATCGAGCGTCAACTTCATCGCATCGGGGGCGACGGCGAACGCGTTCATCCGGGGCTTCATGGGCGGCTCCTGAGTGTCGTGCAGGGCGAAAGTGCCTGCGTTCAACTTCAGGACGACGCAGCCGGTGCCGCATGTGACATGGCCTTTTCCGGCCGATTTATTCGCCCCACCGCTCCACGGGCGACGAATCAGTCGAGCCCCGTCTTGCTGCGCCCCAGTTATCCGGGGCTCGTGAAGTTGCGTGAAGCCGTCCCCGCGGTGCGAAAGCTCACGCCGGCTGGAGGAAGCGTCCGTCCACCAGGTGGTCGATGACCTCTCGCGCGGAATGCGGGTCGAGCCGTGCCTTCGCGCCGAGCTTCGACACGGCGCTGGAGACCGTCGTGGGGTGCTCGAAGGCGGCCAGGGCGGCCAGGAGGATGGCGCCGTCCTCGCCCTGCGTGAGCGTGGGGTCGGAGAACCGTTTCGGGCTGACTGAAGGGGCGCAGCTCATCGTGATGCCATCCACGGAGCGGAGGACCGTCACCGCCTCACCCGCGAGCTTCGCGGGGGCGCGGTGGCTGCCCAGCCACTCTCCCAGGGTGAAGCGCTGGGTCCAGGGAGCGGTGTTGCGCAGCCGCGTCCTGCCCTGGATGGCGACGCTCTTGCGCGTGTCGCGGTGCTTCCAGGCCAGCGCGTCCACCCGGTCGGAGGTGTGCTGGACCGCCGCCTCCAGGCCCGCGTCGCGGAATCGAATCATCGGCACGGACACGTCACCGGGCTCGCGGCGCTCGAAGTAGTCGAGGAACTCCGCGAACGTCTTCGCCTCCGTCACCATGTCGAAGCGCGCGGGGTGCTGCGTCACCAGCGCCCCGGGCTGCGCTTCGAGCCGCTGGTAGCCCACCACGCAGTCCAGGCTGATGATGCGCTCCACGAGCCGCAATTCCTCCGCCAGGGTGGCCTTGCTCGCGAAGGGCAGGCCTCCGATGCCGGAGATTTCGATGTCCAGGTTGGGGTACTTGCGGCAGGCGTCGATGACTTCCAGCAGCTCGCGGTCCTTCGCGCAGGGCTTGAGCAGGCCCCGGCCCATCTGCTCCAGCCGCTGCTGTTCGGAGAAGCAA
CP070500.1_gap90	3757670	3759790	2120	CCCGCCCCGCCCGGAGCGCTCCCTCCCAGTCATTCTCCAGGAAGACGGGCCCTGCCTTCGCGGGAAGGGGGCGCTGCGGGATGGCGGGAGGCGTCGCGCACCCCCAGAGCAGCAGCAGAGCGCCGACGGCGAGTCTCATCGTCATGGATTCTCCGGGGTTGAGGGCTCGACGCGGGCCCCTGACACCCCGGGAGCGGGTGCGGTTCCGGAATGCGGACGGATTGGACGAAGAGGGGCTGTGTTGAAAGGGGAGGGCTGGAGCGGCATCTCCGCGCACCCCGAGGACCGAGTCGCTCGGGGTGCGTGGAGCATGCCGTGGCCGGCGGTGACTTCAGCGCGGCGTGACCTTGAGCAGCTTTCCGTTGGTGGCGTCGGTGAGCAGGTAGAGGGCTCCGTCGGGGCCCTGCACCACCTCGCGGATGCGCACGCCCAGGTCCTTGAGGAGATGCTCCTCGCCCACCACGCGGTCATTCCGCATCATGAGCCGCACCAGCGCCTGGCTGGACAGGCCTCCGATGAAGATGTTGTTCCGCCACTCGGGGAACAGGGTCCCCGAGTAGATGGTCATCCCCGAGGGAGAAATGACCGGGTCCCAGTAGTACACGGGCTGCTCCATGCCTGGGCCACGAGGGCTCTCGTGGATGGGCGCGCCGGAGTACTCCTCGCCATACCCAATGGTGGGCCAGCCGTAATCCTTGCCGGCCTCGGGGCGGTTGAGCTCGTCACCCCCGCGCGGTCCCATTTCGACCGTCCACAGCCGGTTCTGGCTGTCGAGCGCCGCCGACAGGACGTTGCGGTGGCCCACCGACCAGATTTCCGGCTTCGCCCCCTCGGTGTTCACGTAGGGGTTGTCCTGGGGCACGGAGCCGTCGGGATTGATGCGGACCACCTTGCCGAAGTGGCTGTTCAGTTCCTGCGCCTGCACCCGGCCCGCGAGGATGGAGCGCTCCCCGAGCGTGACGAACAGCTTGCCGTCGGGGGTGAATACCAGCCGTCCCCCCGAGTGCAGCGTCGACTCGAGCGTGGGCATCATGCGGAAGATGACCTGGACGTCCTCCACGCGAGGCTGCGCACCGTCCACGAGTTTCGCACGCGCCACCGCGAGCCCGTTGCCGCCCTGGCGTGGCTCGGAATAGGTCCAGTAGATGAGCTGGCTCTGCGCGTAGTCGGGGCCGACCTCCACGTCGAGCAGGCCCCCCTGTCCACGGCCATCCACGTTGGGCAGCCCCACGACGGCGGGAGACTTCGCGCCCTGCGGCGTGACGATGTAGAGCGAGCCGGTGGGCTTCTCTGTCACCAGCATGCGCTGGTCGGGCAGGAAGGCGATGGCCCAGGGATTCCTGAAGCCCGAGGCAATCTCGGTGACCTCGATGGGCGTCTGCGTCTGGATGGCTGGGACGCGTGTCTGTCCGGGGAAGGCCGGATCGAACTCGGGCACGTTGGGCGGGCCCTGCGGGACCGGGGGGCCGGTGGGAAGCGGATCTTCTGGCGGAACGCCCGCGTCATCTGGAGGGACGCCCGCGTCATCTGGCGGAACGCCCGAGTCTTCCGGCGGGACGCCCGAGTCCAGCTGCGGGACGCCCGAGTCTTGGGGCGTTGGCGTGGGGTCTGGGGTCTGGCTGCAGCCAGATAGGAGGGCGGCGACGATGAGGGGCATTGATAGGGTTCGCATGCGACTCTCTCCTGGGGGATAGAACGGAATTGAACATCGCGTGCCTCGAGTCGAGTGGAAAGTCCGCGCTTCAACCGGCGGCCGGACCGTGCCGGACATCGGACAGAGGCTCGCCTCTCGGGTGGCACGCAGCACGCCATCGCCAATCGCTGTGCAGCGAGGCACCAATTGTATGGAGTGGCCGTAGTAGAATGCACGGCGCTCAACGGCTCACCCCGAGTTTCGGCCCCCCTGTTGGGGCTTCTTCGGGCTCCCTGAGTTTGTTCCCAGCTCGCCAGACGGTGCGAGACCAGGGGCCGCTCTGCTTTCGGCCCCCTGCAGCATGGGTCCTGGCGAGAAGAGCGGGCTACGGTTCCACGCCAGGGCGGCCTGAAGACTTTGGCGACGTGGCCCGGCCCGGCAGGACGGCGCGGAGCCGCGCATCGCGCAGCCAGAGCCCCAGCCAGAG
CP070500.1_gap91	3761765	3763189	1424	CCTGCAGGTGATGTGTCTCGCCGTCTACTTCACCTGGAGCACGGACAGCACGTTGCCCGAAGGGCCCTTGAACCAGGCGATGGGCGGCCCCATGTCGCGGCGTGGGGCGGTTTCGACAGCCGCATGCGGACGAGGGTCGTGTCCAACCTCATCATGGGCGCGTGCACCGTGGCCCTCGGCGTGGTGCCCCACTTGGGGGTGTACCTGGCGGCCATGGGGATCTTCGGCGTGGCACTGCCGCTCTACAACACGCCCGCCACGGTGATGCTCCAGGAGCGCGTGGAGCCGGCTTACCTGGGCCGAGTCTTCAGCGTGATGACCATGCTCTCCACCGCGCTGATGCCGCTATCCATGCTGCTCTTCGGCCCCCTGGCAGAAGCGGTCTCCATCGAGCCGCTCCTGCAGATCACCGGCGTGTTGGTGATCTTCCTCGGGCTGCTCGCGCCGCTCCACCGCCGGCTGATGTCCTTCGGCGAGCCCAAGCGTCCCCCAGTCGAGTCCCAGGACCTGGCCAGTTGAGGGCCTGATTCATGGCTCGGAGAAAGAGACCAGTCGGGCCCCGTTTCCGCGACCAGACACGCGGGCCCTCACTGACGAGGTGCCCGCGTGCCCGGGGTCCGGTGCGGTTCGCTACGGCGCGCAGTAGATGGCGCGTTCGAACTTGCCCGTCACTTCGACGATGGAGTCAGCGCGAACCACGTACTCACTGGCACCCACACGCGTGTCGGCGTTGCACCAATCATACGTGTAGCCCAACCCGGTCCAGGGGTAGTGCGTGCTCTGCCAGAACCCATAGCTGTAGGCGTAGTAGGCGTTGATCCAATTCCTGTGCTCGGAGGTGGCGGAGGCAGGGAACTGAAGACCGCACGAGGCGTCGTCAATCTCCGCGTCCGGGCAGGGCCGGAACAGGTTCTCGGGCCGGACCCATAGCTCGACGACGTAGCGAGCGTTGTCGTTCTCCGTGGGCGGGGGCAATCCCAGGTACTGGTTGAGGCGACCCACGAGCTTCTCTTCGGGAACCGTCTTGCAGAACGTCTGGAGCTGAGGCGCGGGTGTGACCCAGACCTCACGGGAGAGCGTGTTCTCGCCCAGCGTGTAGCCAGCGAACGTGGTCCAGATGGCCATGCGCACGGCCGTCCGGGACTCGTTCCAGATGAGCCGCGGATTCGACGGGCTGATGGCCCACAGCTCCGTGGAAATGTCCGCCACCGTGGGTTCGGCCGCGTTGCGGACGGCCTCCGCATAGGTCTGTGAATCGCAGGCGAGTTCCTCGGGAGGACCCGGAAGCGGGTCCTGCGTATCTTCACCGCAGCCAGTGAGGGCCAGGAGCGCGGTGGTTGCAGTGAACGTTCGCAGGGTGCGCGAGAAGGCGCTGAACATCGTGACATCTCCGTGAAAGAATGGATTCGCGGCGAGTGTAGACG
CP070500.1_gap92	3928693	3929526	833	CTCATTCATGGACGCGCGCAGCCCGCCCGCCACCAGGGGATTGGTGGTGCCCAGCGGGTGATTGGGCGCGGTGAAGTAGGTGACGCCTGAAGGCAGGCCCAGCGGCTGGGCCAGCGTCTCGGTGAAGAGGGCGTTCCACGTCTTGCCCGTGCTCACCTCCGCCATGCGCGCGGCGACTTGCAAGTGGGTGCTGCCGTAGTCGAAGCGCGCCCCGGGAGCCGCGACTTGTGGGGTCTGGGCGATGCTGGCGACACAGTCCGCCAGGGTGATGCCGGATTGGAACGTGCAGAGGTGCGAGGGTTGCAGTCCCGACGTGAAGGAGAGCAGGTGTCGCAGGGTGATTCCCGCCTTGTTCCCCGTCCAGCCGAGCACCTGGCCCGTGGTGGAGTCCAACGAGAGACGGCCTTGGCGGATGAGCTCGAAGAGAAGGGTGCCGGACACCATCTTCGACGCGGAGGCCACGGCCACCCGCCGGTCCGGCGCGAAGTCCCCGACGATGTGTTCGTACACCTTGCGGTCCTGCGCGTCGTACACCGCGAGGCCCAGTCCCGGAACGGAGGCACCCGCCTCGGCGACGCGTGCCTCCAGCACGGCGGTCACCGTGGCCCATGGCGAGCCGGCGTCCGGCTCCGGGGTTCCTGCATCGTCCAGAGGGCTCCCCGCGTCGGGCTGGGGAACTCCCGCGTCTGGGGCGGGTGGAGACGCTCCTCCATCCGGGGTGGGCGCGTCTGATTCACCACAGGCAGCCAGGACGACTCCAAGGACGACCAGCAGCGTTCTCAACATGCCCGTCATCTTCGCATCCGCTCCCTTCAACCCGCTACCCGGGCGGA
CP070500.1_gap93	3941178	3945700	4522	TGATTGAACACGCGCGTGGTCCGCGTTGGCTCAGGACGGCCGAGGCTGAACGGCTGGGCTGGGGACGTGGCCAGCGCGCACCACGAAGTCGCCAAAGCCTTCACCGGGCTGACGTTCGCGTGCGTAGCCTTCGAACAATGGCTCCAGCGCGGCGAGGATGGCGTCCTCGTCGATGTTCTCCCTGTAGAGGTGACTGAGGCGCTGGCCTCGCGCATCTCCGCCCAGGTGCAGGTTGTAGCGGCCCGGCGCCTTGCCCACGAGTCCCACCTCCGCCAGGTACGGCCTCGCGCAGCCGTTGGGGCACCCGGTGATGCGGAGCAGCAGGTTGGCGTCCTGCAGGCCATGCGCCCGCAGCCGGTCCTCCAGCCGTCCCACGAAGGTAGGCAGGTAGCGCTCCGCCTCCGCCATGGCGAGCCCGCACGTCGGCAGCGCCACGCACGCCAGCGCGTTGCGACGCACCGGGCTGGCGCTGCGGAAGCTGTCCAGCGCGTGCGCCGTCACCAGCGCGCCGATGGCGTCGCGAGCCTCGGGCGTCACACCTGCGATGACGAGGTTCTGGTTCGCCGTGAGCCGGAAGTCCCCGGTGTGGATGCGCGCAATCTCCCGCAGGCCCGTCAAGTGCGGCGCGCCGGGCCGGTCCGCCACGCGGCCGCTGTCCAGGTGCAACGTCAGATGCCACCGGCCGTCATGGCCCTCTGTCCACCCGAAGCGGTCTCCGTTGTGCTCGAAAGCGAAGGGGCGCGCTGGCTGGAGCGGGAAGCCGAGCCGCTTCTCCAGCTCTGCCGTGAACCAGGGAACGCCGCGCTCCTCCAGGACGTACTTCAGGCGCGCGTGCTTGCGGTTGGTGCGGTCCCCGAAGTCGCGGTGAATCTTCACCACCTCCTCGGCGACGGCGAGCGTCTGCTCCGGCGGGATGAAGCCGACGACGTCCGCCAGCCGGGGATAGGTGGCCGCGTCACCATGCGTGGCGCCCATGCCGCCGCCCACGGAGACGTTGAAGCCCACGAGCGCGTCGCCTTCGATGATGGCGATGAAGCCCAGGTCCTGCGCGAAGACATCCACGTCGTTGAGGGGCGGCACCGCCACGGCGGCCTTGAACTTCCGGGGCAGGTACGTGGCGCCGTAGATGGGCTCGTCCTCACCGCCGGCCACCTTCTCCTTCCCCAGCCAGACTTCGTAGTAGGCGCGCGTCTTCGGCAGCAGGTGCTCGGAGATGCGCACCGCCCACTGGTACACCGTCTCGTGGACGCGCGAGTCCACCGGATTGGGGTTGCACAGCACGTTGCGGTTCACGTCGCCGCAGGCGGCCAGCGTGTCCATCATCGCTTCGTTGATGCGGGCGATGGTGGGCCGGAGGTCATCCTTGATGACGCCGTGTAACTGAAAGGCCTGCCGCGTGGTGATGCGCAGCGTGTGGTTGGCGTGCTCGCGCGCCAGGGCGTCCATCACCAGCCACTGGGCCGGTGTGCACACGCCTCCAGGCAGGCGGGTGCGGAGCATGAAGCTGTAGTCGGGCTCCAGCTTCTGCTGACGCCGCTCCTCGCGCACGTCGCGGTCGTCCTGCTGATAGCTGCCGTGGAACTTGATGAGGTTGGTGTCCGGCGTGGCGAGGCCGCCCGTCACCGGGTCCTCCAGGCTCTCCGCCAGACTTCCCCGGAGCAGGCGGCTCTGGGTCTTGATGTGCTCCACTTCGGAGAGAGGCTTGGGCTGGTGGCTCATGTCGTTGCTCGCAATCGGAATGGGTCAGTAGACGTCGCGCAGGTAGCGCCGCTGCTCGCGCAGGGATTCGAGCCAGGCGTGCGCGTCCTCGCGGCTCTTGCCGCCGTGGGTGGAGACGACGTCCACCAGTGCCTCGTGGACATCCGGGGCCATGCGCTGGGCGTCGCCGCACACGTAGAGGTGGGCGCCTCCTTCGAGCCATTCGTAGACGTCACGTCCGGACTCACGCAGCCGGTGCTGCACGTAGACCTTCTGAGCGCGGTCCCGCGAGAAGGCGAGTGACAGCCGGTGCAGCGTCTGCTTCTTCAGGGCCTCCTGCCACTCCGTCTGGTAGAGGAACTGGGTGCGGAAGTGTTGCTCACCGAAGAAGAGCCAGTTGCGGCCCTTCGCTCCGGTCTCCGCGCGCTCCTGGACGAAGGCCCGGAAGGGCGCCACGCCGGTGCCAGGGCCAATCATCAGCACGTCCTTGTCGCCGTCCTGCGGCAGCCGGAAGCGTTCGTTCGGCTCGATGAAGATGCGGACCGTGTCGGTGCCGGCCGTGCGCGTGGCCAGGTGGTACGACGCCGCGCCGAAGTGCCGCAGGTCGAACACCGTGTAGTCCACCACCGCCACCGTGAGGTGCGCCTCTTCACCCACGCGCTTGGGGCTGGAGGCAATCGAGTACAACCGGGGCGTCAGCCGGCGCAGGGACTGGACCAGCTCCGTGGCGTCCCAGGTGGCCTTGTGGGCGCGGAGTACGTCGATGACCTGATGCCCCGCCAGCAGTGCGCGGAAGGCCTCGGTGCGGCCCGGTTCGAGCACTTCGTGCAGCGCCGCGCTGCCGGACAGCGTGGCTTGTCGCTCCAGGAAGGGGCGGTTGAGCCTGGTGATTTCCAACTCGTCACTCAGCCAGCGCGCCAGCGGGAGCGTGCGGCCCTCTCGGGTGACCGCCGCTTCTCCGTCGAGGCGCAGCTCGGACAGGAAGGACGCCACCAGCTCCGGCGGATTGTGGGGCCACACGCCCAGCGCGTCGCCGGGGGCGTATTCCAGCCCGGAGCCCGCGAGCGACAGCTCCAGGTGCCGCACGTCCTTGAGCGCGCCGCGTGCAGTGATGCGCTGATTGAGCAGCACCTCCGCCGTGTAGGGCGCTTCCTTGGTGAACGCGGGCGTGGCGTGCGGCTCCCGCAGCGGCACGACCGTGGCCGTCACCGTCGCCTGCGGAGTCAGTGCTTCGCGCGCCAGGGTGTAGGCCTGGTCGAGCCAACCCTTGGCCACGGGCTCGAAGTCCACATCGCAATCGGCACGCTCCAACAGCCGGCTGGCGCCCAACTCCGCGAAGCGGGCGTCGAGCCGCCGGCCCACCTCGCAGAAGCGCGGGTAGCTGGAGTCTCCCAGCCCCAGCACGGCGTAGCGCAGCCCCTCCATGCGAGGCGCGCGCTTGCCGAGGATGAACTCACTGAAACCGCGTGCGTCGTCCGGCGGGTCGCCATCTCCCTGGGTGCTGATGACCACGCAGAGCAGCTTCTCCTTGGCCAGCTCCCGCACCGGATAGTCGCTGGCCCGGAACAGCCGCGTGGCGAGCCCGGCGGACTCCACCTGGTGCTTGAGGCGCTCGGCCAGGAGGCGGCTGTTACCCGTCTGCGTCCCGTAGATGATGGTGAAGTGACCGGCGGGGGCGGCCACGGGTACGGGCGTCACGGGGACAACGGTGGTCTGGGGGGCGCGGACGGCCAGTCCCGCCGTGTAGCCGCTCAGCCAGTGCAGGGCGGAGGCGTCCATCTCCTCCACGAGCTTGAGCAGCAGGGCACTCTTGTTCTCACCCAGCAGAGCGTTGATGAACGGGGGAGCATGGGTGGCAGGGGATGCGCTCATCGTGCGGCCTCCCGGAGGGAGATGATCCGGTCGAGGTGTTGCTGCAGGTCTTCAGTGGCTTCCAGCTCCAGCCACGCGGCGCCGGCATCGCGGGCCTCCGCCCGCAGGACCCGGCGTGTCTGGGGCGTGTCGGTGTGGACCAGGGCCACCAATCCCGCCGCCGCGAGCGCCAGCGCGACCTCCACATCACCGGGGGTGGTGGTGACGTGCCAGCCCAGGTCGAACAGCCGGCGCTCCAACTGGAATGCGCGTGAGCCCGCGTCCGGCGTGGCGGGTAGCAGGACAATGGCACCGGGCTGCCCCAGCCGTCCCCGCCGCTCGGGCTGCGTGACGAGCGAGGAGGCCACGTCGCTCTTCGTCGACTCCTCCGCGGGACCCAGGACCATGCCCGCGGCCACCGTGTCGTGCGTGAGCGCGTCGATGACGATGAAGGCGCCCGTGCGGCGGTTGTCGCGGTACGGGTCGGTCAGCAGCGGCCGACGGCACACCACCCGCACCCGGCCGATGTCGTTGAGCGACAGGGACTCGGCGGGTTGCTCGGACAGGTCCGCCAGTTCCTTGCGCCACAGCACCCGCTCGATGTGCGCGGGCGCGGTCCGCGAGGCCTGCTTCACCAGGTAGCGGCGCGAGCAGTCCAGCGGTTGTTCTCCAAACCACACGAGCATCGCGTCGAGCTGGTGGAGAGACAGCGGCGGCTGGTCCACATGGGCCAGCACGTCGCCTCGGCTGGCGTCCACTTCGTCCGCGAGTCGCAGCGTGACGGACGCGGGGGACGCGGCCTCCTCCAGCGGTCCGTCGAAGGTGTCGATGCCCGCCACGCGCGTGCGCCGCCCGGAGGGATGGACCTGGATTTCATCCCCGACGCGGACGGTGCCGGAGGCAATCTGTCCCGCCAGCCCTCGGTAGTCCTGGTGGGGTCGGAGCACGTACTGAACGGGGAAGCGGAAGGGCG
CP070500.1_gap94	3970926	3974638	3712	CGGGTTCGTTTTGTACGAGTAATAGACTTCACAGCCGCCCGTGCGCCCCGGAGGCACCGCGAGGAAGCGCTCCGCGTTGCGCCGCAGTGCCGCCATGTGCACCACGTGCAGCGGCGAGCCCCAGCGCTCCACCAACTGCGCCAGCGGGACACCCTCCAGGCTCAGGCCCTGGCCGGGCACGTCCCGCAGGCCCCAGTGCGAGGCGGGGATGTGGTTGCGCGCCGGGGCCATGGCCCGCTGGAGCACCGGGCGCAGCGTCTGCTTCACCTGGCGTCTGGCCGTCCCGAGAAGCCGGCTCTTGAGGCTCATGACGCGCGGCCCTGGTTGCGCAGGCGCAGCGGCAGACGGCGGGCGACCTCGAAGGGCAGCACCCGCAGGGCGGCCTGCATGAGGCGGTACTCCAGCATGCCGTTCGTCTTGCGGTACTTGCCGTGAATCATCTCGTTGGACTGCACCACCAGCGTGCCGTCCTTGCCCAGGTTGTGCATCAGCGACGGCCGGCCGGTGCGGTAGTGCAGGATGGGCCGGTTGACGTAGACGTGGCCGAACGCGCGGATGCCGCGCAGGTAGAAGTCCACGTCCTCGTAGACGGGGATGGTGGCGTCGAAGCCGCCCAGCGGGGCGAAGTGCTCGCGGCGCACCATGCACGCGGAGTTCACATACAGCGTGCCGCGGAAGAGGATGTGGGCCACCGTCCACGCGCTGTTGGGGGTGCTGGCGCCCACCTGGGCGGCCCACTCGAAGTACTCGCTCTTGTCCTTGAGCCAGTCCGCGTCGTCGCCGAAGGGCACCACCCAGCCCACCGCCACGCCCGCGTCCGGCCGAGCGTCCAGCGCGCTCACCATGGCGTGCAGCGCGCCCTCGGCGAGCATGTCGTCGTCATCCAGGAAGTGCAGGTAGCGCCCGCGGGCCAGCGTGGCGCCGTGGTTGCGCACCACGGCCGGGCGGCCCTTCGACGGTGGATCGTTCACCAGGTAGCGGACCCGCTCGTCCTTCAGCCCTTCCACCGCCTCGCGCGCCGTGCCCTCGGGCGTGTCGTCCAGGACGAGGACCTCGACGTTCACCCCTTCCTGGCGGAGGACCGAGCGGATGGCCTCCACCACTTCCTTCTCCCGCTTGTGGGTGGGCATCACCACCGAGACGTCAATGACGGACATAGCGGACTTATACGCGTTGGCGGCCACGCCTGAGAAGCCGCACGCCCGCGCGCCACCCCGTCACATCAGTAGCTCGCGAACTCCAGGTCGAAATCCACTCCATCCACCTCTTCCGGGTCGCACTCGACCTGTGCCCGGACCGCCGCAAGTAGGACAGGAATGTCCGGATTCTGGCGGTTCCCACTCGGACGGGAGGGGGATGTGGCGCTCACAACCACCCAGTCATGGCTGCCAGTGGCCGCACGGACCTGCCTGTCCGCTCGACCGAAATCCCAATGCGACAGGCGGTTCAGCGAAGGCTGTGTGCGGTGGCGGGCCATGGTCATCCTCCTGCCTCGACTCCGCGAGGCTGGCCGTTGGTTGTGCAGACGTCATGCCAGCCTGACGGCTGGGCAGACGGGCGTGCCGCGGACGACGCTTTTCCCTCTGAGAAGCGGGGGCTCGCCCGGAAGTGGTGGCTTCGGGTCACCGGGTCAGACTTGACGCCGGACGACGGTCGCGACAGGAACAGGCCACACATGGCGTTCCTCCTGGCACACGAAGTCGAGTCGCCCCGGGCCTGCAGCTACCTGCCGGAGCGGGAGGCCTCGCTCGAAAACCTCGTGCTGGAGGACGTCACGCCGGAGGAGTACGAGCACCTGCTGGTGCGAGGCTGGCGCCGCTTCGGCCTGGTGTACTTCCGGCCGGCCTGCGTGGGCTGCAATGCCTGCGTGTCATTGCGCATCCCCGTGGAGGGCTTCCGGCCCAACCGCAGCCAGCGCCGGGCGCGTGCCGCGTGCGCGCACCTGCGCGTGGAGGTGGGGCCGCCGCGTGTGGATGACGCGCGGCTGGCGCTGTATCGCCAGTGGCATTCGGAGCGCGAGGCCGTGCGCGAATGGGAGCCGTCACCCATCACCGCGCGCGAGTACTCGCTCCAGTTCTCCTATCCGCACCCGTCCGCGCGCGAGGTGGCGTGGTACGACGACGGCGCGGAGGGCGGGCCCAGGCTGGTGGGCGTGGGCATCTGCGACGAGACGCCGCGCGCCTGGAGCGCCGTGTATTTCTTCTACGACCCCGCCTACGCGCACCTGTCGCTGGGCACGGCCAACGTGCTGCACCAGGTGGAGCTGGCGAAGGCGCGGGGCATTCCCCACGTCTACCTGGGCTACCGCGTCCTGGCGTGCGCGTCCCTGCGCTACAAGGGCGCCTTCCGCCCGCACGAGTTGCTGGAGGAGCGGCCCGCGCTGGACGCGGCGCCTCAGTGGGTGGCGCCGCCCGAGGAGGCTTGAGGCAGGGCCTGGAGCGCCGCGCCGAAGTGCTGGAGCAGCCGGCGCGCGTATTCCTCCGGCGCCACACGCGCGTACTGGCCATGGCCCGCGCCCTCGACGACCCAGAGTGACTTGGGTTCGCACGCGGCCTGGAAGAGGCTGGCCTGGAGCTTCGCGGGCGCGTCCGGGTCCACGTCGCCGTTGACCAGCAGCAGCGGCCTGCCGCCCAGTCGGCACATCCCGTCAATGGGGCGCACCGCGTCCACCGTCACACCCGCGCGGCGCAGGGTCCACAGCACCGGCTCCGCGCTCATCGCACCCCAGCGGCCATAGCCCGCGTAGATGTCCGCCTCCAGCGCGGGATAGGCCCCCGCGGCGGCCACCGCCTTCACCCGCGCGTCCTCGCTGGCGACCAGGAGCGACGTGGTGCCGCCCATGGAGAAGCCGAAGAGGCCCAACCGTCCCGGGTCCACGTCCGGGCGCCGTGAGATGAAATCCAGCGCCGCCGTCACGTCGCGCCGCTCCCGGTCTCCCCACGTCACCGTGTCGCCGCCGCTCTCGCCATGCGCGCGTAAATCAAAGAGCAACACACCGTAGCCCGCGCCCGCGAGCGTCCGGGCCTCGAAGAGCAACTGCGCGCGGTTGTCCGCGAAGCCGTGTACCAGCACCACCGCGGCGCGGTTGCGGGAAGGCACGTACCAGCCCTTGAGCGGCACCCCGTCGGACGTGGTGAAGGCCACGTCCTCCAGCGGCGACAACGCCGGCTCCGCCGGGGGACGTGTCACCGGAATGGGCGACGGATGCAGCAGGCCCTGGCCAATGCGATGACCGTTCACCACGAGATATCCCGCCGCGGCGAGCAACACGCAGAGGGGCGCCAGCGCCATGAGACAGCGGAATTGAGTGCGTGTTTTCACGGATATCTGGGATTGGCTTGGAATAAAGCGAACCCTAGCTGAGCCGAGGGGGTGGCGGAGCGAATGCAAGTTGGTTACACCGCGGGTGGGTCAGGTTGGAGCCGGGGGGAGTCCTGTCACTCCGAAGGTCCTGGACCGCGGTGTCTCGAAGCACGTGAGAGTGCGGGTGATGCTCGTAACGACACAGGGCGAGGCGCCTCCAGTAGCCGCTCGGAAGCGGGTGCTGTTCACGCTGGTGTTCCTGGGCTCGGGCGGCATCGAACGGTCCGTGTGCAACGTGCTGACGGGGCTGGACCCCAGTCAGTTCGACACGAAGATGTTCTTCCACCACCGGCCCCATCCGAAGAGCCAGAGTGACCGGATTCCACAGCGCACCGAGGTGGTGTGGGGC
CP070500.1_gap95	3976778	3979849	3071	CGCGCGCCATGGCGGTGATGCGCCCGTTGAAGGTGGTCCTGGAGAACTACCCGGAGGGGCAGACGGAGCTGCTGGAGGTGCAGAACCATCCGCAGAAGCCGGAGATGGGGACGCGCCAGGTGCCTTTCATGCGCGAGCTGTACATCGAGGCGGACGACTTCATGGAGGACCCGCCGAAGGGGTTCTTCCGGTTGGCGCCCGGCAAGGAGGTGCGGCTGCGCTCGGCGTACTTCATCAAGTGCGAGCAGGTCATCAAGGACGCCGCGGGTAACGTGGTGGAGTTGCGTTGCTCGTATGACCCGGCCACGCGCGGCGGCAACGCGCCGGATGGCCGCAAGGTGAAGGGCACGCTGCACTGGGTACCCGGCAACGCGCCCGTCGCGGAGGTCCGCCTCTATGACCGGCTCTTCTCCGTGGAGGCGCCGGACGCGGACGACTCCAAGGACTTCACCACGTTCCTCAACCCGACCAGCCTCCAGACGCTGCGCGACGCCCGCGTCGAGCCGATGCTGGTGGATGCCGCCGTGGAGTCGCGCTACCAGTTCGAGCGCACCGGGTACTTCTACGTGGACCCGAAGGACTCGAAGCCGGGCAAGCCCGTCTTCAACCGTACGGTGACGCTGAAGGACTCATGGACGAAGGAGCAGGCCAAGGGGAAGTAGTCCCTGGCGTGCTTCCGGGTGCCGCCCACGCTGGCGGCACCCGGCACGGTGCTTTCGTCGGAAGGCTCGCGGCCTACCGCGTCGCGGCGGGCTGCTCGAGCTCCTTGAGCATCTTCACCGCGTTCTCGTTCTTGGGGTCCAGCTCCAGGGACTTGCGGTAGTTCGCGATGGCCTGTTCCTTGTCGCCGTGGGCGGCGTAGGCCTCGCCGAGGCTGTCGTAGCAGTTGGCCCCCTTGGGGAACGTCTCCACGTTGAGCTTGAACACCTCGATGGCATCCACCACGCGCCCGTCGCGCAAGAGGTGGTAGCCCACCGTGTTCAACTGCGATTCGCTGAAGTCGTACTGGGCTTCTTTCGTCTTCTTCAGCGCGCGGTAGTTGGCGATGGCCTCGGCGGTGGAGCCCTTGCCGAGAGACTCCATCATCACGGTGCCGATGGGCATCCGGGCCTGCCGGGGGGCGATGCCATGGAGGATGCTCAGCACGCCGCCCGCAATCTCCTGGAGGTCGCCGTGGGTCGCGTTGTCGAGGAGGATGACGACCTCCTTGCGCTCGGGCAGGCGGACCAGGAGGGATGAGAAGCCGTTGATGCCGCCGCTGTGGAAGATACCTGGAAGCTTCGTCTTGCCGTCATGCAGTTGCACGGGGGCAATGGCCCAGCCGAAGCCGTAGTGCTGAAGGCCCGGGGTGAGCATCTTCTGCTTGAGCTCCGCGGGCATCAGCGTGTCGCCGTAGAAGGCCCGGTCCCAGCGGTACAGGTCCTCCACCGTCGAGTACAGCGAGCCGGCGGCATAGGGCTGGCCCATGTCGATGTAGGGCGCGTTGACGTACCCGCCCGGCCTGGGCGTGTAGCCGCTGGCGCGCTTGGGCAGCACCGTGGCGGTGACGTCATAGCCGGAGTCCTTCATGCCCAGTGGCCCGAAGATGCGCGCCTGCACGGCCTGCGCATACGTCTGGCCGGTGAGCTTCTCGATGAGGGCGCCCAGCAGGTAGTAGCCGCAGTTGTTGTACGCGTACTTCGTGCCGGGCTCGAACTCCAGGTCGCCACTGCAGGACTTCTTCACGAACTCCGCGACGCCATAGGGGTTGACCGAGTCGGCCCGGAAATGGGGGGCTGACGTGTAGCTGGGGATGCCGGAGGTGTGGTTCAACAGGTGGGTGATGGTGACGCGCCCACCGGTGTCGCCCCGGTAGTCCGGCAGGTGCTTCGTGATGGGGTCATCGAGCTGGAGCTTTCCCTCGGCGACGAGCTGCAGGATGACGGTTGCCGTGAAGGACTTGGTGATGGAGCCGATGCGGAACTTCGTGTCCGGCGCGTTGGGCACCTTCCACTCGAGGTTCGCGGAGCCGTAGCCCTTCTTGAGGAGGATGCCCCCCTCCGTGGCTACGAGCGCCGTTCCGTTGAACATGCCCTTCTGGTGGAACCCATGGATGTACCGGTCTACCTCCTGCTTCCGGTTCGCCGCCTCCGCCAGCGGTGCCACCAGCACCCATGCCACCAGTACGCCCGTGAGGCGCGTGCTCAGCCATCTCATTCAGACCTCCCCTTCATTTCGCGCAGTACGTGCGGGGATGCGGGTGATTGCAGCTGTTCTTGCGGGCCGCCCCGGTTTTCCCTTAGTCCAGAAGTCGGGTTTTCTGTCGGACGCTTGTTCATGAGAAGTGAAGGGGTGTCTTGAAAGGCAGTCATTCATGCACGACAAGGGTTGGCGTCAATGGCTGTCGAAAAAAGGAGTCCATGATATGGCAAAGCCTTCCCCCGATGGCGTGCATCGTTTCCTGGCCCCGGCGAACCAGATTGATTTCCCCGAGGACCCGACAGCACAGAAGAAGCTCAACGAGGCATGGAACTTCAACCTCACGGGCTTCACCGACCAGGGCATCACGGGCAACCCGTGGAACATGTCCAACTCCGCCAACAACACCTGGTATTTCAACCCCGCGCAGACGGACACGGCGCAGGGGAGCTACGCCGCCATCCAATGGAATGCGTTCCCCGGCCGTCTGGGTTTCTACTTCGGAGGGCAGGGTGGGACGAATGCCAAGGGGCTGGTGCTACCGGAGGAGGACCTGCTGGCCCTGGCGGACACGGGCCGGACGAAGGATGGAACGCCATTCTCGGACCTGCCGCAAATCACCAATCCCTGTACCGGGGACGTGAGCCACTACGGCCCCTTCGGCCCTCGGGGCTGGCAGGACGAATATTGCGAGTGGAGCGTCGAGCGCGACAGCCAGGGCAACATCCTCCGCATCGACTTCACGTGTGAGAATCCGGAGTACTGGAACACGCTGTGGGCGGTGGACCCGAACAAGGTGCTGGAGCTGTATCGCTCCACCCTGGGCAAGCGGCAGATCGCGCTGGAGGACCTGTATCTGGAGGACCCGTCCACGGGACGGCCGGTGGAGGACC
CP070500.1_gap96	3995890	3997341	1451	GGCCTTGTTCAGGCCCTTGATGCCCGCGCCGCGCAGGTAGTCGGTGAAGTCGTGTAGCGCGGTGGAGCGCTGCATGCCCTCGCCCTTGGCCGCGTAGAGCAGCGGCGTGTTGGGGGCGCCCGTCAGGCCCAGGTCCGGCACGGCCTCGGACAGCTTCTGCGGGTCGATGCCCGTCGCGGCGGACATCATCGCCACGGTGAACTTGTGCACCGGCAGGTCGCGCACGTTCGGGACCTTCTTGTAGACCTTCGCCTTCGTCTTCTCGTCGCTGGCGAGCTGGTCCAGCGACACGTTCGCCATGGCGATGAGCTGCTCGTTCGTCACGTGCTTGCTGTCGAGGATGGCCCGGCTGAACAGGCTGGCCGCGGTGTCACCCTTGATGGTGATGTTGTTCGCGTCCGGGTTCGCCTGGAGCCGCGAGACGATGGACTGCACCGCCTTGCCCACCTCGGTATCCGGACCGCCGCGCCACGCACCGGGAATCGGCTGGGCCGCCGCGGCCGGACGGGCCCGGGCCGCGCCCTCGAAGGAGTTCACCTGCGTGTGACCCACGGCGGTGGCCCGGGCCACGTTGGCGGCCTGCTGAGCTGCCGGCTGGGCCCGCGCAGGCGCGGTGGTGGGGTTCGAGATGACGCGGGGGCGGCTGTCGATGCGGGACATGGCCTGGGGGGCTCCGGGAAAAATCAGCTTGTCGGTGATTATCGCAAGACAGCTGTAAAGGTTGCGTGGGGCGATATGTTCCGCCGCAATGAAGGCCTTTCCCAAAGAGTTCGCTGACTGGCTGACCCCCCGGGGTCGCCGCATCCTCGACGGCAGGGAGCGTGACGTGGTGGGCGCGCTGCTCGACCCGGCGCGTCCCTTTGTGTCACTGCAAGGTGTCATCGACCCACGCCGTGCCGCCGCATGCCGCGATGCGTTGGACGCGGCGATGCGCGAGACGATGGTGCCCATGGAGGACCCGATTCCAGCGGACTCCATCTCCGGGCAGACGATGAACTACATGGAGTTGCTGCCCAAAACGGTGAGGGTGAGCACGGCGCTGCTGGAGGGCCGCCGCTCCCGCTCGTGGCGCGCGGCGGAGTCCGTGGGGCTCACGGACATGCTGCGCTCGGACACCTTCGCCGGGTTCGCCGCCGCGGTGACGGGCCGGGCGCTGCGGCGCAAGTGGGGCATCCAGGCCCTGTGCTACGGGCCGGGGGACTACTCCGGGCCGCACAACGACCACCACCCGGAGGAGCCCGAGGCCCGGGACGGCTACGTGGACATGCACGTCAGCCTCACGCTGCCCGGGGTGGACCACCAGTACCTCATCTATGCCCAGGACGGGCACTTCACGCAGATGACCCCCGTCAGCACCGTGGGCGGCATCACCGTGTACCGGCTGCCCTTCTGGCACTACACGACGCCGCTGCTGGCCCGGAAGGGGAAGGAGGAGACCTCCCGCCGCTGGG
CP070500.1_gap97	4032280	4033812	1532	ATGGTGGCCCGGCGGACGGCGGCGATCAGCGCCTCGTTGGAGATGGGCTGGTCGGCCAGGAACAGCTCGCCGAGCTGGTCGTCGACCTCGGCCACGCCTTCGATCATCTGCTGGCGGCGCGTCTTGGCCTCCTCGAGCAGCTCCGCCGGGATCTCCTCTTCACGGATGTCCTCGCCGCTCTCGCCATCGAAGTAGTACGCCTTCATTTCGATGAGGTTGATCAGACCCTTGAGGCGGTCCTCGGCGCCGATGGGCATCTGCATCTGCACCGGGTGGTGGTTCAGCTTCTCCTTCAGCTGGGCGGCCACGCGGTCATAGTTCGCGCCGGAGCGGTCCATCTTGTTGACGAACGCGATGCGCGGGACGCGGTAGCGCTTCATCTGGCGGTCCACGGTGATGGACTGAGACTGCACGCCAGCGACCGAGCAGAGGACCAGGATGGCGCCGTCGAGCACGCGGAGCGAGCGCTCCACCTCGATGGTGAAGTCCACGTGTCCCGGGGTGTCGATGAGGTTGATGTTGTACTCGCCCCACATCGCGAACGTGGCGGCGGACTGGATCGTGATGCCCTTCTCACGCTCCAGGTCCATGTTGTCCATGATCGCGCCCACGCCGTCCTTGCCGCGGACCTCGTGGATCTCGTGAATCCGACCCGTGTAGAACAGGATGCGCTCAGAGAGCGTCGTCTTGCCCGAGTCGATGTGAGCGGAGATACCGATATTTCGAATCTTCTCGATGGGTGCGTTGGCGGCCACGATCCGGTCCTTCTTCTCTTGAAAGTGCCTGACGGAACAGAGCAGGCGGGGCCTCTACTTCCCACAGGACGTAGTTTCCAGCCAAATCCGCATGGAAATTGACCCACCCGGGCCTACCTCCACCTACTCAATGCCGTTTTCAGTTGGGGTTTTTTAACGATGAGCGCGACAAAAAACTTCTCCCTCGCCCGAGCCTGGCTGGACGCTTTCAACGCCTATGACGTGGACGCGCTGGTGGCGCTCTATGCCGAGGACGCCACCCACACGTCCCCCAAAATCCGGGTGCTGCACCCGGAGACAGGCGGGCGGCTGGTGGGGCGGCAGGCCCTTTCCGCATGGTGGAAGGCGGCCAACGCCCGGCTGCCGGGGCTGCGGTACGAGCTGGTGGCCCTCACCGCGGACGAGGACCGGGTGTTCATGGAGTACCTGCGCCATGCGCCGGGGGAGGCCCCCATGCCGGTGGCGGAGGTCTTTGAGGTGCGCGACGGCCGGATTGTCGCCTCGCGGGTGTACCACGGCTGAAGTCCCCCCACCGTCCGTGAAGTGGGCTAGCGTGGCCGCCAATGGCGAAGAACTCGAACCCCAGCGCATTCGACAGGGACTTCGGTTACCTGATGCCGTTCCTGGACCGCGTGGCGGCGGCCGCCTCTGACCTGGAGGATGCGTCCGCGCGCGCGGAGCTCACCCGGCTGATGGTGGAGGAGAAGGCGCGCTGGCAGCGCATCCAGGAGCTGCTCGGAGGGGCGGGGGGCCGCGGCGCAGCCGCGCCCACGCCGG
CP070500.1_gap98	4035688	4036351	663	ATTCTTGGAAGGAACGATGGGAGACGCGCTCTTTGGTTACGACATGGTCCTGCAGGTCACCCAGAATGAAATCAACTCGCAGTTCTCCAGGTTGATGCAACAGGGGTACATCCGCTCCCTGCTGAAGACGAACGGGCTGGCCACCGCTGGCGGTGCCTTTGGCGGCGGCGAGATGACCTTGACCTCCTACATGAGGGGCTACATCGCGGCGCCCAGCGTGGCGCAGCCGATGGTCATCCTGGCCTCTGGTGACAACCCCCAGCAGTGCCTGTTTCAGTTCGCCCTGCAAAGCCAGCCGCTCACGCAGACGGTCATGGAGCAACTCGGTTTCACCCAGGCCCAGGTGGACGCCGCGTTCGCTTCCCCTCAGCCAGGCCCTGATAACTCGCAGTACGGGCTGCTGGTGAATCATGAGGACATCGCATTCGGGAGCAACGGCGAGGCCCAGACGCTGCCGAATCAGACGGTCTACTACTGGCTGAAGCGGACGTCGGTCACGGTGGGCACCACCACGACCTATTCGAACTACCTGGTGCCGGCGTTGTTCTACATGTCGGGAGGCCTCTACCCCACCCTGGTGGACCTGTCTGGCCTGCCGCTGCGCTTCACGGTGAACCTGGATTCCATCCCCACCACGCCGCAAGGCATCGCCGAACTGGTCGA
CP070500.1_gap99	4142695	4144639	1944	CTTCTCGCACCGGCCCAGGATTCGCTGGGTGGTGTCACACAGCACGGCGTCCACCTGCGCCTCGCGCCGCGCCAGCACGGAGTTGCGCACCACGCCGAACGCGATGAGCAGCAGGATGAGCGTGGCCGCGAAGGACGCCAGGAGCCCCAGCTTGTCCTTCATGTAGTCGAAGTCGCCCTTGAAGGCGAACTCGCCCCGGCGCAGGTTGAAGCGCGGCGCGCGCACGCCCGCCGCGTTGCCGCGCAGGGACAGCGAATACGCCTGGGCCGCCACGGGCTGCTCCGCCGCGGGAATCGCCTTCGCGTCCGCGGGCAGCGCCAGCACCCGCACCGGCAGATTCAAGTCCCGGGAGAGTTGCTCGGCGATACCCGGCAGCTTCGCGGTGCCACCGCACAGCACCACCGCGCCCACCTGCTGACGGGTGCGGGCCGTGAAGGCCTTGAGAGTGGGGCGCAGCTCGCGCAGCATCGGCTGCAGGCCGCGCACGAAGGCCGCCGCCGCGCGCTCCGCGTCCGGGCCCTGGGCCGCGCTGGCCACCGCGCCGTGCTGCTCCTTCCAGTGGTGCGCCTCCGCCAGCGACGTCTGGAACTCCGTCGCCAGCGCCTTGCTCAAGTCCTTGCCGCCGCCGGAGAAGGTGCGCGCGAACTGGACGCCCTCACCGGGCTTGCCCACCGACACGGAGGTGCGCTCGTGGCCGATGTCTACCACCGCCACCGCGCCACCTTCACCCGTTCCTTGGAAGAGGCCCGGGTGCTGCTGGAACAGGTTCTGGTAGGTCAGGCCCGGGTGCGTGACGATGCGCGGGTCCACCTTCAGCTCGGACAGCAGCGCCAGCAGCTCCGCCAGCTCTTCCTTGCGCACCACGCCCACCAGCAGGTCGCTGGCCTTCTCCTTGCCTTCGCCGTCCTTCAGGCCCACGACCTGGTAGTCATAGACGACGTCGGAGATGTCGAAGGGAAGCTGGCTGCCGACCTCGAAGGGCAGCGTCGCCTCGATGCGCCTGGCGTCGGAGAACGGCAGGCTCAGCGAGTGCGTGGTGAGCGCGGGGCCGGGCAGGGCGATGACAATCTGGTCCACGTTGCCCGGCGGGAGCTGGCCCAGCAGCTCCTGCACCGCGGCTCGCAGCGTGTCGGCACGCTCGCCCTCCTGGGCACGCCGGACCTCGGCGAACCCATGGGTGGTGTGCGTCTTCGTCTTCGCCTCCAGCACCACGCCCTTCACGGCGTGACTGCCGAGGTCCAGGCCAAGGATACGGGCCATGCTATTCCTCTCTCCAGTACAGGAGCCGGCCCAGAGTGTCGTCGAGCCGGATGACGGCGGTCAGCGTCTTCTGCACGCTGCCCGCTTCTCCCACAGATTTGATGGTGAAGGTCTGACTCTTGTCGCCCACGAGCCGGTTGCCCGCGACGTTGGACTTCACGGCCGGGTCGACCAGGATGCCCGCGGCTTCCACCACCGCGACGAAGTCCTGCACGGACATCCCGAAGAAGCTGAACATGCGCGCGGCGCGCACGCGTTCGATGAGCTCGTTGAGGAACACCGGGTCCCTCAGCCGCGGGTCCGGCCGCGTCTGGTCCGCCACCGACATGATGGCCAGCCCCATCATCACCGGGTCGTCGGTGTTGATGTTGGGCCGGCGGTTGATGTCCGGATAGACGGTGAGGCGGTCCCGGAACGCCGCCATGAACTGGTCGTTGACGCCGTGGACCCGGTACAGCTCGTCCACGCTGTCGAAGCGCGCGTTCTTGGGCTGATAGCCGGGCTCATAACGGCTGTAGGCCGCGCCTTCATCCGAGAACCCACCCGGCAGCGGATTCACCGGGTCCACCGGGTTGAACGCCGAGCCTGTCCGGTCGTCGTCCGCCCAGTCCTTGAGGGCCAGGAGGACGTCCTGGGGCGTGCTGCGCACCTTGTTGGCGTCGTCTCGCTCCCAGAGGAACTCGA
CP070500.1_gap100	4292160	4295682	3522	CGCGCCCGGAACGCAGGTGAGGTTGGCCCATTACTTCCGAGCGGTTCGTCCGCCGCCGCAGGGCTTCGCCTTCTTCGTCCACGTCGTGGACCCGGCCAGTGGCGGCATGCTCACGAACGCGGACCATGAGGTACAGGGGGGCGCCGCGCCGCTGGCGTCATGGCCGGTGGGCAAGGTCATCGAGGACGTCCACTCGGTGCCCATGCCGGGCACGCCCGCGCGCGTGATGCTCGGCTTCTGGCGGGGAGGCTCCCGGCTGCCCGTGGACGACGCCAATGCGCATGACGGCTCGCAGCGGATGTTGGGGCCTCAGTTGGGCGGGGCCGCGCAGGAGCTGCCCGAGTACTCCGTCCCACGCGTGAGCCAGCCGCCCACCATCGACGGCGTGCTCGATGACGCGGCGTGGAAGCAGTCCAAACCGGTGGTGCTGCGCCGGAGCTTCGACGGGAGCGCCGCGCGCCAGCGCACCGAGGCGCGGCTCGTCCATGACGGCAAGTTCCTCTACGTGGCCTTCGACCTGGATGACCCGGACGTGTGGGGCACGCTGCGCAAGCGCGATGACCCCATCTACGAGGAGGAGGTGGTGGAAATCTTCCTCGACGCGAACGCGGATGGCCGCACATACAACGAACTCCAGGTGTCTCCGCACAACGTCATCTTCGACGCGTACTTCCCCGCCCGTCGGCAGGGCATGGACCGCTCCTGGGATTCAGGGATGACGTCCGCCGTGAAGGTGCGGGGCACGTTGGATGATGACTCGGACCGTGACGAGGGCTGGTCGGTGGAGATGCAGATTCCCTTCGACCGGCTGGCCGAAGTCCCGCACATTCCGCCCCAGCCGGGTGACCGCTGGCGCTTCAACCTCTACCGGTTGGAGCACCATGACCGCCGCACGGTGGAGGGGCAGTCCTTCTCGCCCCTCTTCGTCGGCGATTTCCATGCGCTGCCGCGCTTCGGTTGGCTCGTGTTCGAATAGGGGGCGCCCGTGCTCACGCGTGGGGGCTGATGTCCCAGTGCGCTTCCGCGACGGACCGCTCGGTGGGGTCCCCCAGGAAGCGGAGGAAGCCGCGAGTCTCCATCGTGTCGATGAGCTCCTCCGCCTCCAACTGCGAGAAGCCGCGCATGTCCACGAGCAGGTTGCGCATCACGGACTTGCCACGGAGGTACCCGATGGGTTCTCCCGGGCCGAGCGCGTTCTTCAGGTCGGCGGTGAGCTGCTGGAGGTCGATATCCTCTGGAATCATCGGCCCCAATCTGGTGATGGGTCCCCAGCCCGCGCAACCGGTGTGGCCCGGGGAGAGGGCTCGTGGGGCAGGAAGGTGAGCAGGCGGACGTCCTGGCCGTCGCTTTCCACGGTGATGGCGCCATGCTGGTCAGTTCTCCAGCACTCGCTTCCCAGCGCCCGGTATCGCGCCTCCACGTCGTCGTGGGGGAACCCGTACCGGTTGCGCCGGCCCACGCAGAAGACGACGTGCCGTGGGCGTGTGCGTGCCAGCAGGGCTTCCGTGGAGGACGTCCGTGAGCCGTGGTGAGGGGCCTTCATCACCGTCACCGGACCCAACAGTTCCGCCAGGGACTCCTCGCCATCCGCCTCCACGTCGCCCGTGAGCAGCACGGTGACGTCGCCGTGGCGCACAAGGAGCACCACGCTTCGGTCGTTCGCGCCTTCCAGCAGGTCGCGTGTCTCCAACGCTGGTGGCCCGAGCACTTCGATGGTCGCCTCGCCCAGGCGCAGGGGTGGATGGCCCACCTCGACTTCCTCCACGAGCGCCGTCCCCGCCGCAGCCACCACCTGCCGCGAGAGCGGGCCGTCTCCGTCGCCCGCGGGCATCCACAGTCGCTGGGTGGGAATCTGTTTCAACGCGGATGCCAGCCCGAGCGCATGGTCCGGATGCGGATGTGACAGCACGGCGAGGTCCAACTGGGAGATGCCCGCGTGCTTCAGGTACGGGAGGATGAAGCGTTCCGCGGTGTCCATGCCGCCTGGAACGCCGCCGCCATCCACGAGCATGTGCTCACCACCGGAGCTGACGACCACGCCGTCGCCCTGACCCACGTAGAGAAAGGTGACGCGGAGCCCGGGCTGCGGCGTGAGCACCGGTGCCAGGATGGCGGCGACGACGGCCGCGGGAGCCAACAAACCACCCAGCCGCCAGCGCCCCGTGCCGAGCGCCCACGTCAGCAGTCCCGCCGCGTAGAGCGCCGACAGGAAGCCCAGTGACGGCACCTCGACCGAGGCCAGCGGCGCCGCCGCGAAGAGCCGGGTGATGACCAGCAGCAGCTCGGACGCCCAAGCGCCGGCCCACAGCACCGGTGTCGCCAGCACGGGGGCGACGACGAAGAGCGCGGCGCCACCCGCGGCCAGGCCCGTGAGCAGCCCGCACAAGGGCAGGGCGACCACGTTCGAGATGAGCCCCGCGATACTCACCCGTCCGAAGGTCGCCGCGACGATGGGGAGTCCCGACAGCGTCGCGGCCGCGCTCGCGCACAGCGTCTGAGCCACCGTCTCCTGCGCCTGTCCCCACCAGCGCCGGACGCGGTGGGGTTCGGACGGGTCGGGCTCGGCCAGGGGCAGCGCCTGCCGCAGCGGCGGTGACAGCAGCACCAGTCCCAGTACGGCGAGGAACGACAGCCGCAGCGACAGGTCGGCCACGCTGGAGGGCGCCCAGGCCACCAGCACCACGGCCGCGGCGGCCAGTCCGTTGAGCCCGTCCGCGCGCCGCCACAGCGCGAGCCCCAGCAGCACCACCGTGGCCATCACCGCGGAGCGCACCGCGGGCGGCTGGTTGTCAGTGAACACGACGTAGGCCCAGACGAAGGGCACCGCCGCGGGGGCCGCCACCTGCCGAGCATCCAGCATCCGCCACCGCTCGCCGGTGCGCACCACCAGCCGCCGCAGCACCGCGAGCGTCATCAGCGCCAACGCCGCCACGTGCAGCCCGCTGACACTCAACACGTGGGCCAGTCCTGCGCGAGAGAAGGCCTCTTCCCACGAGTCATCCAGCGCCGCGCGTTGCCCCGCCGCCAGGGTGAGGAAGAGCGCCGCCGCATCCGTCGAAGGCGACACCGCATGGACCGCCGCCGCCAGCCGCGTGCGCGTGTCCTCCAATGACACCCGCCACGCCGGGGCAGGGGAGAGCACCATCAGGCGCCGCGCGTCCATGCCACCGGTGAAGGCCACGCCCTGTCGCCGTCGCGCTGCTCCGAAATCCTTCTCGCCTGGGTTTGATGGGGGCGCGTCTGGCTGCAGCTTCGTCTCTGCCCGGACACGTTGCCCGGGCAGGAGCGGCGGTGGATCGCCGCGCAGCGACAGGTTCATCCGGAACCGTACGGGCGCGAGCGGCCCGGGAGAGACGCCCGCCCGCGCGACGGCCAATCGGACACGCGTCGTCCCGTCGAAGCGGTCCACCCGCTCCGTTTCCCCCTCGATGACGATGGTGTTGCCTTGGGTCAACTCCGCCGGCACATCCACCTGGGATTCCCAGCGCGCCAGCCCCGCGCCCGCCGCCCAGAGCGACGCCA
CP070500.1_gap101	4297064	4300128	3064	CGAGGACGGCTGCTGGCGCAAGCGGATGCCCGTCGCTACCGCGATGCGCTGGCCCTGATGGAGCGCATGGGCGAGCTCCAACCGCGGGACGGCCGGTTGTGGCTGCTCATCGAAGGCGAGCGGCCCGGCACGGACAGGGGGTTGCTGCTCGTGTGCCTGGCGCTGGTCACCTTCGTGGTGCTCAACGCGATGCTGCTGGTCAGGGGGCTGAAGCGCCGGTGAGCCGGCCGAGTTGCTCGCGGGCCTCGCGGTTGCCAGTGTCGTGCTTCAGGGCCTGTTCGAAGGCGGCGCGCGCCTCGCTCACCCGGCCCGCGGCGGCATGCTCCGTGCCGACCTGGACATGGAGTCGCGACAACTGCTTGCGCAGGGGCGGTCCGTGTTTGCTCCAGCCATGTGCCAGGGCATCGTCCACGGAAATGGCGAGCGTCAGTTGGGCAATGGCCTCCGGGAAGTCCCGCTGCGCCAGGGCCTTCTTCGCCTGCGCCTCGGCGGTCTCGAAACGGATGAGCTGCCCGTGCAGCGCGGTGAGCTTCTCCGCCTGGGCCAGGTCCCGGGCCGCCGCCAAATCTCCCGCTTCGTAGCGGCGCAGGACCTCGGCCTCCTTCGCGGAGGTGGCGTCGGATGGCGCCGCCGCCGAATCGCGCGCCCCAGCCGCCCGCTTGTTCGAGGGGGCCACGGCCACGGGACGCACCTGCTTCGTGGTGCCCCGAGCCACGTTCAGGGCGCTGATGCCCGTGGCCTTGGGCGTCAGGGGCGCGTTCTCCGCTTCGGGAGGTGGATTCTCCGTGGTGGCCGTCGCGGCTCCAACCGCCGTGTCGCCTGTTTTCTCGGCGCTGCCGGCCGCGGGCACTTCCATGTCGAGCCGCGTCGGCGCACCCGACGCGACCACGGTCGGCGAAGCGGCGGCCGCATGCTGGGGGGCCGCCGGTGGCGGGACGGGAGAGGTGTGCTCCGCGCCGCCGGCCATCCGCATGGAAAGCAGCGCGATGAGCGCGGCCACACCCGAACCCAGCGCCGCGGCGCCCAGGGCCACACCCACCGTGCTCAAGGCCCCGCGCGAAGGCGGCTTTTCGTCGTGGGAGACGGCGGGCACACCCAGGGCAGGGGTTCCACCGGGGCCGCGCAGGCGCAGCAGGGCGTTGCCGAGGGACACCTCGTCCCCCGGCATCAGCTCGACCTCCGAGGTGATGCGATGGCGGTTGAGGAAGGTGCCGTTCTGGCTGCTGAGGTCCTTCAGGAAGAAGCGCTCGCCGCGGCGGGTCAGGTGCGCATGCCGGCGGCTGATGGACGGGTGCTGCAGGCGGAGGTCGGACGAGGAGGACCGCCCGATGACCAGCGCCCCTTGTTTGACGGGCACCAACTGCCCGGCGCCGGGGCCTCGCTCGACGTACAGGAAGGCAGGCGCGTACCCGGGGTCCGAGTACTCATTCGCGGTGTCGAAGCGGGAGGCGAGCTCGCGGTCGCTGTTGGCGCGCCCTCCAGGGCCCTGGCGCCGGCTGCGGCGGGAGCCGGCGGGAAACTGGGGGACCCGCTGGGGACGTGGGTCGTCAGCCTGGAGCGGATCCACCTCGTCGTCATCGAAGGGCAGCTCCACGTCTGAATCCTGGGGCGCCTGCGTACCGGGCGGGCGGGGCGGCCGAGGGGGCCGCTTTGGGTTCGGTGGAGCCATGATGCCCATTCTCCCAGATTGGGGGCGGCGACGAACCCCTTGCGAATACTGGCCTGTCCGCGACCCAAGACTCTAGAGTGCGGGACACACCCACGCCTATGGACCCGAGAGGATTGCCGCACGTGACCCCGCCCGCCATTCGGCTCTTCAACACGATGACCATGCAGAAGGAGCTGCTGCAGCCCGCCATTCCTGGCGAGGTGGGGGTCTACGTCTGTGGTCCTACCGTCTACAGCTACATCCATATCGGGAATGCCCGCACCTTCACCTCCTTCGACGTGGTGGTCCGCTACCTCCGTCACCGGGGCCTGAAGGTCCGGTACGTCCGCAACTTCACGGACGTGGACGACAAGATCATCAAGGCGGCCGCGGAGACGGGGGAGGCCCCCGTGGAGCTGGCGGCGCGCTACGTGGAGATTTTCCGGGAGGACACCCGGGCGCTCCACCTGCTGGAGCCGGACTTCTCGCCGCGGGTGAGCGACCACCTCCCCGAAATCATCGCCATCATCCAGAAGCTCGTGGACAAGGGCCACGCGTACGCCTCCCAGGGCGACGTGTACTTCTCCGTGAGCAGCGACGAGGACTACGCGAAGCTGTCCAAGCGCAACCTGGACGAGCTGTGCGTGGGCGAGCGCGTGCAGCCGGGTGAGCAGAAGCGCGAGCCGCTCGACTTCGCCCTGTGGAAGGCGGCCAAGCCGGGAGAGCCCGCATGGGAGAGCCCCTGGGGCCCCGGCCGTCCGGGCTGGCACATCGAGTGCTCCGCCATGAGCGCGAAGTACCTGGGTGAGACGTTCGACATCCACGGCGGCGCGCTGGACCTCATCTTCCCCCACCACGAGAACGAAATCGCTCAGAGCGAGTCCGCCAACGGGGTGACGTTCGCCCGGTATTGGATGCACTGCGGCTTCCTGGACCTGGAAGGCGCGAAGATGTCCAAGTCGCTGGGCAACGTGGTGCGCCTGCGCGACGCGCTGACCAAGGTGGACCCGGAAGCGCTGCGCTTCTTCTTCCTCGCCACGCACTACCGTCACCCGCTGTCGTTCTCCGACAAGGCGCTGGCGGATGCGGAGACGCGCATGGAGTACTTCTACGAGACGCTCCGCAAGGTGGACGAGCGAATCTCGGGGAAGGACTTCGGCAAGGGGCCCCTGCATGGCGACCCGCAGCGCTTCTTCACCGAGTTCGAGTCCGCCATGGACGACGACTTCAATACCGCGGGCGGTCTGGGCTCGCTGTCGGGGCTCTTCGGGATGATGAACGAGCTGACCGACAAGCCGCCCGTGAAGGACAAGGCCCTGGTGGGCCGCACACTGCACGCGCTGCGTGAGGATGTGCGCAGGGTGTCCAGCGTCCTGGGCCTCTTCGAGGACGCGCCCGATGCGTGGCTGCTGCGCC
CP070500.1_gap102	4301735	4304761	3026	CGGACCAGTTCAACTTCGCCAAGCGGGGCATTCCCGCCGCGTACTTCGGCAGTGGGATGGACTTCATCGGCAAGCCGGAGGGCTGGGGCAAGCAGCAGCGGGAAGTCTGGGAGTCGAAGCACTACCACCAGCCGTCGGACGAGCTGCGTCCGGATTGGGACTTTTCCGGCGCGGTGGAGGACATCCGCCTGTTCTTCCTGCTGGGGGCCCACGTTGCCCGGCAACCGGAGCTGCCGCGCTGGAACAAGGGGGATGAGTTCGAGGCTGCCCGGCTGCAATCCCTGGAAGCGCTGAAGCGACAGGACACTTCGAAGTAGCGCGGTGACGAACATCCGGCCTTCCCTCCCGCGCGGTGTTAAGTCTCGCGGCTATGTCGGACTTCCAGCTCGTCAGCGAACACAGTCCCGGAGGCGACCAGCCGAGGGCCATTGGCGAACTCACGCAGGGCCTTCTGCGGGGTGACCGCTACCAAACCCTCCTGGGCGTCACCGGGTCAGGCAAGACGTTCACGATGGCGAACATCATCGCCAACGTGCAGCGGCCCACGCTGGTGATGGCCCATAACAAGACGCTGGCCGCGCAGCTCTACGGCGAATTCAAGGCGCTCTTTCCGCACAACGCCGTCGAGTACTTCGTCTCGTACTACGACTACTACCAGCCCGAGGCCTACGTTCCGTCGACGGACACCTTCATCGAGAAGGACTCGTCCATCAACGACAACATCGAACGGATGCGCCACTCGGCCACCCATTCGCTGCGCACGCGGGACGACGTCATCATCGTCGCCAGCGTGTCCTGCATCTACGGCCTGGGCGCGGCCCGCAGCTACGTGGAGTTGGCGGTGCGCGCGGCGGTGGGCGAGGAGATGGGGCGCGACACCTTCATGCGCAAGCTGGTGGAGGCCCAGTACAAGCGCAACGACCTGGACTTCCACCGCGGCACCTTCCGCGCGCGCGGAGACACCGTCGAGGTGTTTCCCGCGTACGAGGAGGAGCGGGCCGTGCGCGTCAGCTTCTTTGGCGACGAGGTGGAGCGCGTCACCGAGTTCGACCCGCTGCGCGGCGTGACGTTGGGCGCGCTGGAGAAAATCGTCATCTTCCCCGCCAGCCACTACGTGGCCGAGGAGGACGTGCGTCGGCGCGCGATCCAGACCATTCGCGACGAGCTGTCCGAACAACTGCAGACATTCAAGCGCGAGGGCAAGCTGCTCGAGGCTCAGCGGCTGGAGCAGCGCGCCATGTTCGACCTGGAGATGATTGAGCAGGTCGGCTACTGCAGTGGCATCGAGAACTACTCCCGGCACTTCTCCGGCCGCGCGGCGGGAGAGCCGCCGCCGTGCCTCATCGACTACTTCCCACGCAACCTGCTGGTGATGCTCGATGAGAGCCACCAGACGGTGCCGCAGATTGGCGCCATGTACCGCGGCGACCGCGCGCGCAAGGAGACGCTGGTGGGCTTCGGCTTCCGCCTGCCCAGCGCGCTGGACAACCGCCCGCTCAAGTTCGGTGAGTTCGAGGAGCTGGTGCCCCAGGCCATCTTCGTCTCCGCGACGCCGGCGGAGTACGAGCTGCAGAAGTCGCAGGGTGTGGTGGTGGAGCAGATCATCCGCCCCACGGGCCTGACCGACCCGGAGGTGGAGATTCGCCCCGTGGGCAATCAGGTGGACGACCTGCTGGAGGAGGTGCGTCAGCGCGTGTCCCGCAGCGAGCGCGTCCTGGTGACGACGCTCACCAAGCGCATGGCGGAAGACCTCACGGAGTACTTCTCCGACGTAGGCGTGCGCGTGCGCTACCTGCACTCGGACATCGACGCGATTGAGCGCATGGCCATCATCCGTGACTTGCGCAAGGGCGAGTTCGACGTCCTGGTGGGCATCAACCTGCTGCGCGAGGGCCTGGACATCCCCGAGGTGTCCCTGGTGGCCATCCTGGACGCGGACAAGGAAGGCTTCCTGCGCAGCCACGTCTCCCTCATCCAGACGATTGGCCGCGCGGCCCGTAACGTGAGCGGCCGCGTCATCATGTACGCGGACAACGTCACCGACTCCATGAAGAAGGCCCTGGAGGAGACGACGCGCCGCCGCGACATCCAGCGCGCGTACAACCAGGAGCACGGCATCACCCCGCGTTCGGTGAAGAGCAACATCACCGACTTGTCCGAGCACGCGGCCTACGATGCGGGTGACGTGGGCGCCCTGCCGATGGCGGCCGAAGGCGAGGACGACGTCCTCCAGCCGAAGGAAATCAAGCGGCTCATCGAGGAATTCACCAAGGACATGCTCGCCGCCGCGGACGAGATGCAGTTCGAGAAGGCGGCCGAGTACCGGGACCGCGTGCAGCTCTTGAAGGACATGGACCTGGGGCTCAAGCCGGCGTCGCGCTCGCTGCTGCGGGCCCCGGCGAAGGCGGCGGAAGCGGAAGCCCCGAAGAAGGGCAAGGGGCGCGGGGGCGGAGGACGCTCCGCGCGGGCCCGGAGCCGCAAGTAGGCGGGGGCTGGCATGGACGCGAAGCTCCTGGAGAAGCTGGACGCACTGCCCACCGAGCCCGGCGTGTACCTGATGAAGGACCGCCGGGGTCAGGTCATCTACGTGGGCAAGGCCATCAACCTGCGCAGCAGGGTGCGCTCGTACTTCAACCGCACCGGCGACACGCGCGTCTTCGTGTCCTTGTTGGACCAGTTGCTGGGTGACCTGGAGACGGTGCTCGTCAGCAACGAGAAGGAAGCGCTGCTGCTCGAAAACGAGCTCATCAAGAAGCACCGGCCGCGCTTCAACGTCCTGCTCAAGGACGACAAGCAGTTCATCTCCCTGCGCCTGGACCGCACCCAGCCCTATCCGCGCCTGGAAGTGGTGCGCAAATACGAGCGCGACGGCGCGCGCTACTTCGGGCCGTACTCCAGCGCGGGGGCCATCCGCGAGACGCTGCGGGTGGTCAACCGCTTCTTCCGCCTGCGCACGTGCACCGACCACGTGCTGGCCAACCGCAAGCGGCCCTGCTTGTTGCACCAGATTGGCCGTTGCCCGGCCC
CP070500.1_gap103	4335279	4340042	4763	GTCGTTCACCTGCACCTGGGCGCAGTCCATGGTGAAGCGGGCGCCGGAGATCTGCGCCTGGCTGACGCAGCCGCGCTCCGCGGAGCGCTCGGTGACGAAGTCGAACATCTCCTGCATCTCCTTGCCGGAGAGGTACATGATGTTGATGGTGTTCTCGAACGGGAACACGTTGAACATCGACTCCTGGCTCACCACGCCCGCGTAGAGGTTGTCGCGGATGCCCAGCGAGTTGGTGAGCGCCATCTCCGCCTCGACGCGGCGGCGCTTGCGCATGGAGTCCGCGGCGATGTTGCCCAGCGGCGAGTCACCACCCGTGGAGTTGTTGCGGCGCTGCACGTCGCGCGGCGCGTAGGAGAAGATGGACGTCAGCTGGAAGTTGAAGTCCATGCCCAGGATGTACGGCTGGAGCAGATGCGTGGTCATCCGGTCCTCCTGGTTCTTGCACGCCTGGATGGCCTGACGGACTCGCTCGTCGCGGAGGAACTGGCCCTCCTCCCAGAACACGCTGTTGTCGTGGCGGAAGCGGCGCATGGCGTCGTCGCACCACAGGGCGTCCATGGGGAACACGCGGTAGTCCTGGCTGATGATTTCGCCGCCCTCACCGGTGCCGAGCACCTCGGGCATCTTCACCACCAGCTCCAGCCGGCCCACGTACTTGGCGAAGGCGCCAGAGTGCGCGAGCACCACCTTGCGGCCCGCGGGGTCGGTGAGCAGCTGCGGCGGGTTGAGCACGACGTGCAGGTGGCCACCCATCACCGCGTCCACGCCCACCACGCCGGGGATGCGCACGCGCACCACGGACTTGTCGTCCCCTTCGGGGCCGAACCACTCCAGCACCTGCCAGGGGGCCTTCTGGCGCTGCACGTAGGCCTTGGCGCGGGAGTACTCGTAATAGGCCTCGTAGCCCTGGATGACGTCCTGGTCCTCATGGAGCCCCAGGTGGCTGACCAGCACGATGAGGTCGGTGACGGGGCGCAGCAGGTCCACGTAGGCGCGCGCCACCTCGTTCTGCTCCAGTGGCGTCACCTGGAGGCTGTTGCCACCTTCGACGATGGAGTTGAGCGAGGAGATGTTGGCCATGCCGATGATGGCCACCCGGAGGCCCTTCACGTTGCGGATGGTGTACGGCTCCACTTCCAGGGCCGTCTGGTGGTTGCCGTTCGCCCGCCAGTCGTCCCAGAAGTAGTTGGCCGCCAGCAGCGGGAACATCGCGTGCTGCTGCGCCATCTGGGTGAAGTTGAGGAGGCCCGCGTCGAACTCGTGGTTGCCCACGACGGCCGCGTCGAGCCGCGCTTCGGAGAGGAACTTGAACTCCACCTCGCCGGTGTTGAGGTTGAAGATGGGCGCGCCCTGGAAGCAGTCGCCCGAGTCCACGTGCAGCACACGCTCGCCCTGGGAGCGCTCGCGCTTGAGCAACGCCCCCATGCGCGTGGCGCCGCCGAAGGGACCCGCTTCCGGGATGGTCCCCAGGTCCACGTCCGTCTTCAACGGCGTGAAGTCATAGGGGATGAGGCGCGAATGGATGTCCGAGGTATGAAGGAGCGTCAGACGCACCTCCTGCCCCTCGAGGTTGTAGTCCTGGCCTTCCAGCACCGGCATGCACGAAGCAGATGCCAGGGCGCAGCAGAGGCCGAGCAGGAGGCGACGCATCAAGAGAATTCCGTGTTTCGGGAGGGAGACAGCGGTAAAGCGGGCGCAAGGTACGGGATCAAGCTTTGTCGGGCAAGCAACGCCACCATGGCGGGCCAGGTTCCTGCCATCGGCGTTCCTACCCCACAGGAGAGCAGGCGGACATGCGGCAGCGTCATTCCAGTGTGACTGACATCGAGATCATCGAGGATTTCTCGTCTACCGCGAGATGCGACGAGGGCTTTCTCAGGGTTCGGCGGCTGCGCTGCCGCAACCGGCGCGCGGACGGTTCTTCCTCTCCCGTATACCGCGTGGACGTGGTGGACCGGCCCCGGTTGGACGCGGTGGCGGTGCTCGTCTATCGCCGCGGCGCGTCAGGTCTGGAGGTCCTGACGCGGATGAACCTCCGGCCCGCGGCGTATTTCCGGAAGGACAGCCGTGACGCGATGACCGTTCCAGACCCTGCGTCTGGCTACTTGCGCGTGGAAGAAATTGTCGCGGGACTGCTGGAGCCGGAGGACAAGGGCGAGGACGGCCTGCGTCGCCGCGCCGCGGCAGAGGTGCATGAGGAGGCCGGGTTCAACGTGAAGCCGGAGGACATCCGGCTGTTGGGCGGCGCCTTCTTCCTGGCGCCGGGCATCCTGTCCGAAAAGGTGTTTCCCGCCGCGGTGGACGTCACCGACCTGTCACCCGAGGAGCCCGAAGGGGATGGTTCGCCTCTGGAGGAGGGCACGCAGTTGCACTGGCGTCCCATCCAGGACGTGTTGGACGCGTGCCGGCGCGGTGACATCCCGGATGCGAAGACGGAAGTCGCGTTGACGCGGCTGCTCGCCCTGCAGCCCTGAAGGGCGTGCATTGTTTTCGCACGGCCGCGTGCCGGGGTAGGGTGCGCGGCGTTCCGCAATCCACCGCAGAGGTCGCTGCATGTCGTCGCTGCCCCCCTGGCTGGCCCAGTTCCTGCCCATCCTCATCCTCCTGGGGGCCATCGGCCTCGTCCTCACGCGCCTGCCCAAGGTGGAGCTGGGACACTCGGAGGCATTCAAGCGCCGCCGGTTCTTCAACTGGTTCCCGTTGGGCATGACGTACGCGTTCCTCTACATGGGGCGCTACAACCTCAACGTGGCCACCAGCGCCATGGGGGACCGCACCTCCAACGCGGACTTCGGCACCATCTTCGCGTGGGGCACCGCCGTCTACGGCGTGGCCTTCCTCCTCAACGGCCCGCTGACGGACAAGCTGGGCGGCCGGAAGACCATCCTGATGGCGGCCGCGGGTTCGGCGGTGGCGAACGTGGCCATGGGCGGCGTGGTGTACGCGGTGCTGACGCACAACTGGGCGCCGCCGGGCGGCCTGGTGGCGACGCTGTCGTTCCTCTACGCCGTCAACATGTACTTCCAGAGCTTCGGCGCGGTCTCCATCGTCAAGGTGAACGCGGCCTGGTTCCACGTGCGCGAGCGCGGCCTGCTGGGCGGCGTGTTCGGCATCCTCATCTCGCTGGGCATCTACTTCGCCTACGACTGGAGCCGGCTCATCGTGAAGGCGGCGCCCACGTACTGGGCGTTCTTCGTGCCCGCGGCCATCCTCGCCGTGTTCCTGGTGGTGGACTACTTCGTCATCCGCGACACGCCCAGCCACGCGGGCCATCCGGACTTCGACACCGCGGACGCGTCCTCCGGAGAGACGGGGCCGCAGTTGGGGGTGGCGGGCGTGCTGAAGCGCATGCTGACCAACCGCGCCATCATCATCATCCTCTGCATCGAGTTCTGCAGCGGCTTCATGCGCAACGCCATCATGCAGTGGTACCCCAAGTTCGCGAAGGCGACGGGCCTTGGCGAAACGTTCGTCGCGGCCAACTGGGGCATGCTGCTGTGCGTGGCGGGCATCACCGGCGGCATGTTCGCCGGCGTCATCAGCGACCGCGTCTTCGACTCACGCCGCGGCCCCGTGTCCGCCGTGCTCTACGCCGGCATGTCGGTGGGCGCCGTCATCTCCGTGTTCGTCCTGGAGAGCGTGGCCCTGGGCTGGACGGTCATCTTCATGTCCCTGTGTGTCATCGGCGTGCACGGCATGCTGTCCGGCACGGCCAGCATGGACTTCGGCGGGAAGAAGAACGCCGGCCTCGCTGTTGGCATCATCGACGGCGCCGTGTACGCGGGCACCGCGCTGCAGTCCATCCTGCTGGGTTCCATCCTGCCGATGGGTGACGAGGCGAAGACCGCCGCCAACTGGGGCAACTGGCCCTACGCCATGCTGCCGCTGTCCTTCCTCGGGCTGCTGCTGGCCACCCAGGTGTGGAACGCCCGGCCCCAGCCGAAGTCCACGCCTGTGCCGGCCACCCTGCCGGTGCCCTCGGAGGCGCCAGCGAATCGGACCGGTACTGGCGGGTGATATCCATGTGGCCCCAACGATGTGTGACGTTGGGGTCACTCCCGCGTGACAGGGATGTAGCGTAGACTCCAGGTGTGTCCCAGTCACCCGCACCCCTGCAGAGCCGCTTCGAGGTCCACGACCGGAAGCAGTTTGAGATCAAGCTCGAGTATCAGCCCTCCGGGGCGGATGAGACGCGCTACCTCGTCGAGGCGTATCTCTTCCTGCCGGGGAGCCTGAACATCGACGCGGAGACGTACCCGCGGGCGGACTTCTACGCGGACATCCACAACTACGTGCGCTTCAAGACGCCGGTGATGGCGGTGAACGAGCTGCTGAACTCGGACACCTCGCCGCTGGTGCGCTTGGAGGCGTGGCTGCGCACGGGGATGGGGTCCGAGAAGGACGTCGTGTACCAGGCCAAGCTCCTCTCCTGCGTGCTGCGCGGTGCGCTGCGCCGCTTCGCCACCGGGGTGGAGTCGCGGTGCGAGGGCCCCGCGGCGCTGACCACGGACGCGTGCGCGGTGCTGGAGTCCGAGATCCTGGCCATGCAGGCGGGTGTGACGCAGGTGCTGGCGCGCTTCCGCGTGTGGCTGCGCGCGGTGGGGGAGCTGCACCTGCAGGAGCGCTCGCGGGCGTCGCTGCGGCTGGTGGACGAATACGTCAGCCTGCTGGTGGAGGGCGGCTTTCGGCGCTCGGTGGCGGACATGAAGTCGCTGCCCCGCGGCGAGCCGTGGCATGGGCTGCGCAAGGGGCTGATGGAGGCG
CP070500.1_gap104	4428606	4430388	1782	GCGGACGGGTGCGGCGCGGGTGTCCGCGCGTCAGCTCCGCTAGTGCCCTGCGGAGCCGTGGGCGCCTGCGCGCCAGGGTTCGCGAGCGCCGAACGCGGCACGGATGTCCGAGCGTCAGCGCCAGTTGCACTCGCGCCAGCCGCCGTACCCGGCGCGGACGCCAAGGTCCCTGTGCCAGCTCCAGCCGGGCGCGGCACCGCCGTCGTGGCGACCGCGGCGGATGGCGCATCTCCAGCAGCACTCCGCGGCCCAGGCACTACGCCAGTTGCCGGCTGCCTCGCGGCAGGACTCGTCGCGGCACCCACAGCAGGAATCGCAGGCAGCGTCGTGGGCGTGCCTCGCGGCGCACTCCCCGAACCCGGCGCAGACGGCACCGCACCCGACGCCGGACGTGCCGGTGCCGCCGCAGGACTCGCACCCGGCGCCGTCGCACGTCCGGGAGTGGAAGGCGCACCCTCTCCAGCGCCCGTGCGCACCGTGGGAATCCCCGTCGTCGTGGCCCGGGGCGGCACCGGGGGCGTCACGCCGGTGGGACGTGCGAGAGGTGTTCCCTGGGGCCGAGGCGGCGGAGTCGGCGCGCTGGCGGCGGGCGACGACGGAATCGTCCCGGGCGTGACGGGGCCGGGGACGGCGGCCGTCACGCGCGGGACTGCCGGCCGGGCGGGCGTGGCCGGTGTCCCGGGCGTTGCTCCCGGCGGTTTGCCGGCGCTGGGGTCTGAAGGCTCGGACATCGGCGTGGTCGAGTCGCGGCCTTACTGCGCCGCGGCGGGCAGGTCGTCGCTGTTGTGGCCAGCAAGCCGAATGTTCCGGTTGGCCTGGATGGACTGCTGGATATCGGCCTCGCTCATGCCGGAGGACAGGGTGATGGAGGTCGACGTCTTCTGACCCGTCGCCGTGTCGCACGCGGACACGTGCACCAGACCATCCGTGTTGATTTCGAAGGTGACCTCAATCTTCACCTCGCCGCGGTAGCCGATGCGGAAGCCCGCGAACTCGAACTCGCCGAGCATCTCGCACTCGTCGGCGCGGTTGGACTCGCCCTGGTACACGCGAATCTTCACCTTCTCCTGGCCGTCGCGGCTGGTGGTGAACGTCTTCGAGCGGTCGATGGGAACCGGCGTGTTCTTGTCGATGATCTTCTCGGTGTACCCACCCACCGTGCCGATGCGCAGCGACAGCGGCGTGACGTCCACCAGGAACGTCTGCGTCTTGCTGTCCAGCAGCGCGTGCGACTGGAGCGCCGCGCCCATGGCCACGACCTGGTCCGGGTTGATGCCTTCCAGCGGTTCCTTCTGGAAGTAGTGCTTCACCGAATTGCGGATGATGGGCAGCCGCGTCGGCCCGCCCACGAGGATGACCGCGTCGATGTCTGCAGCCGTCAGGCGCGCGCTCTGCAGCGCCTCGTCGCACACCTTGAAGGTGCGCTGCACCAGGTCCATCACCATGCGGTTGAACTGGTCCTGGTTGAGCTGCCCACGCAGGTCCATGACGTTGCCGTCGGCGTCCTGGCAGATGCCCTGGCAGAGAATCTCCGCGGAGCCCGTCTGGCCCACGTCGATCTTCGCCTTCTCCGCGGCCTCCTTGAGCATCTGCAGGCAGAACTTGTTCTGCCGCACGTCCAGGCGCGTGCGGGCCAGGAAGTCATCCGCCAGCCACGTCATGATGCGGTCGTCGAAGTCGTCGCCGCCCAGGTACGTGTCGCCAGCGGTGGCCAGCACCTCGAAGACGTCCTTGCCAATCTCCAGGATGGAGACGTCGAAGGTGCCGCCGCCCAGGTCGTAG
CP070500.1_gap105	4450557	4453879	3322	GCCGCGCTCGAGCTCCTGGTACAGGTCGCTCAGGCGGGTGCGGAGGTCGGTCTGTTCCTGGGCCTGTTCGTCCTGAACGGCCTTGTGCACCGAGCGGAAGATCCACGCGATGCTCCGAACCGGGGACATCAGGATGTCGTCCAGGATGATCAAGGCGCCCCCTGCGCTGCCTCCTCCACCTCTTCGAAGTGGATTCGCAGATGGGTGAAGTTGTACGGCGGCCAGGGTCCGGTCACGTTCACCTGGAAGTTCTCGGGCAGCGTCGCGCCCAGCTTCTCCACGGTCGCGTTGAAGGCGTCGACCTTCTTTTGTGGCACCAGCGCGGCCAGATTCACCACCTCCGACTCATTGCGCGGCTCGTTGACCACGGTCTGCCTGGCCACGGACTCGATTCCATCGAGCACCTTGTCGGCGGTCGCCTCACGGAAGCCGTTGAGCAGGTCGACGAAGTACTTCCCCAGCTCGATCTTCTCTTCGCGCGACGGCTCCCCCTCGCGGTAGAGGTCGTCCCGCATCGCCTTGAGCTCGGGGAAGGCGTTGACGTAGTACCCGAACGCATCGGGGTCGCTCAGCCGGATCCGAAGGCCCATCTCCACGTTCCCTCTCACCGCACGGAGCTGCGTGAGGAAGTCGTTCGCGTGCTCGGCCAGCAGGTTCCGTACTTCCCGCTCGCTGCCGGCAATGATGCCGAACGCGACTGGTAGCATCGGCGCCTGGTCCATCACCTGACCCAGCACTGCGCTGTGGGTGCTGAGGTGTTTGCGCTCCGGCCGAAGCGTCTGCTGCTCGATATCGCTGACGATGGCCGCCAGCTTTCCGGACGTCACCGGGTGCACGTCCGCACCCTGGATGCCGGGAGTGTCGAGGTTCAGCGAGTCGACCACCTCTATCGGAACCACCGCGTACAGGTAGCGTCCCTCCGGGGTGGACTTCTCGTGTCGAGTCTTGGCGCGTGGCATGACGTTGTCCTGTCCTGTTCAGGTGAAGATTCAGACCGCGACAGGCGCAGCCGCAGCGGCGGTGAGGCCGATGGCGTCGGCGTACTTGAGGTAGGTCTCAATCGAAGCGATCACGACGCGTGCCTCGATAGAGAGCACTTCGATGCCGACCAGCGAGACCTTCACCCAGGCATCGACCACGATTCCCTTGTCCAGGATCCGGTCGATGACGTCGGCCGTCGAGGTCGTCCCGGTAGAAGTTGAGACGTTTGCCATGACGTATTCATCCTTTCTCTTGGAGGTGCTCCAGCTCGGCGAGGGCCGCGACGGCAGGCTTTGCCAGGTCTGCAACGAAGCCGTAGGGGGGCCACGGGCCGCTGCACATCACATTGCCGGGGCCGTCTTTCTGGAAGCGAAGGAAGGCCCGCCGGAACTCGGCGAGCTTGGGGCGCTCCACCAGGAAGGCCATGGAGAGCAGCTGCCCGTCTGGGCGAGCGGCATGGTCCCAGGTGCAGCGGACGAACTGCCCGGAGAAGGCCGCCTGCGCCCGCTCCGCCATGCGCCGGGCAGCGCGGTCCACACGTGTCTGCTGCGCGTAGAAGCGACGCCGGTTGTCCAGGTAGGCCCGTCCGCGGGTCTGGGCGTCCGCCCCGGTGGGCGCCCCTGCCTGCTCCGGGGGCTCGGCCACGTCCGACTCCTGGAACAGGATGCGCAGCCCCATCTCGTCACAGCCCTCCACCTGGGCCAGCGCGTCCGAGAACTGCCGCTCGTAGCGGTGCAGGAACTCCACCACCTGTTCGGGGTGATGGACGAAGCAGCCGTAGCGCATGGGCAACACCGAAAGTCGGCGGTGCAACTGCTCGACCACCCGGGCGTACTCCAGCGCCTGCTCGATGCCGGCCGAGGAGGCCAGCTCCTCCTCCACCGGCGAGATGGCCGCAGCCAGGTTGCCGTGCTTCACCGCCATCAGCGGCGCCTGGTTCAGCCCCGGCGGCAGCGACTCCTTCGCTGCCTGCCGTGCGTCCAGGATGCCGTACATGATTGACTTCACGGCCGCTCCTCCAGGCTGGGGCAGAAGCTGTAGGGAGGCCAGGGGCCGGTCGTCTCCACCGTCAACCCCTGCGGCTGGTACCGGGCCGCGAGCTGCTGCACGCGCTGGGCGAACCGCTGCACCTGCCCGGAGTGCACCAGGAACGCGGAGTTCAGCACCATGTCGTCCTGCCGGCCCGAGATCCCGCGATCTGCCAGGCGCAGGGGTTTCACCGAGAGCGCCGCCGGGGCGAGTTCCTCGCGGATGTGGGCCGCCAGGCTCTGTCCCTCGTTGCGGCTGCGCACGTCGAGCTCGCGCTGCATCTTCTTCTCGTGGAAGTAGCGCGCGCCGGGAGACTCGGGGAGGTGCTGGAGGCGCTGGCGGAACTCAGGCGCTCGCTCCAGATGCGCGCGCAGGCGTTGGGCGTTGGCGTAGACCTTGACTGCCCATTCCTCCTTGTCGGCGATGTCGTCGAGGAAGCTGGAGATCTCCTGCCGGTGGGCGTCGACCGCCTTGGACAACGCTCGCGGTGAGGAGAAGATCGCCCCGAAGCTCACCGGAAGCACCGGCGAGGACTGCATCACCTCCTCGAGCACGCCCTCGTGCCTGACCGCCCGGGGGGCCACCCACTCCAGGTCCTGGGTGTGGTCCGCACCCTCCGGCCCCAGGAACTCCTCCATCGAGAGCGGACTGTAGATGGCGGCAAGGTTCCCCAGCTTCAGCGCCCGCACGTCGGCGGCGCCGCTGATACCGGGAACGGAGAAGTGCTCCACCGCCCCTGCCCGCGTGAAGCCATAGACGTACAGGGCCTGCTGGCCCTTGCGTCGCCCCTGCACACCGGGATTGCTGTGGGCTCTCATGGCCGGCGTGCCTCCTTGTGCCCTCGGATCGCCTTGAGCAGGCTCTCGGATGTGATGACGAGCCGCTTTCCCTTGCCGCTGATGACGTGACGCACGGCTTCCCAGGCGGCCTGATTGCACACGGCCTGGATGTCGGCGCCGGAGAAGGACTCGCTGCGTGCAGCGAGTCCGCCCAGGTCGAGGTCCTTCTCCACCGGCTTGTCGCGCAGGTGGACCTGGAAGATGTCGCGCCGCGCTTCGCGGTCCGGCAGCGGCACATCGACGAGCAGGTCGAAGCGTCCCGGGCGCAGCAGCGCAGGGTCGAGCAGGTCCGCGCGGTTGGTGGCCGCGAGCACCAGCACGCCGGTCAGCTCCTCGATGCCATCCATCTCGGCCAGGAACTGGCTGACGACCCTCTCTGTGACGCGCTCGTCCATTCCCCCGGCGGAGCGCGTCGGCACGAGCGAGTCGATCTCATCGAAGAAGATGATGCAGGGGGCCGCTTGACGGGCCTT
CP070500.1_gap106	4458222	4461863	3641	CACGCCCGCCGGGATGAAAGCCCTGCTCGATGAGGCCGAGCCCCACTTCCAGGCGAAGCGCTACGACGAGGCCGCGAAGCTGTACGCCCAGGCCACGGACCTGTGTCCCGAGTGCTACGTGGCGTGGGTCTTCCGGGGTGACGCGGACTACTTCGCCGGAGACGCGGCCACCGCGCTGGAGCACTACGGCCGCGCCACCACCCTCAACCCCTATGACCACCGTGCCTGGTTCTTCCAGGGCAATGCCTTGGCGAAGCTGGGGCGCTTCGAGGAGGCGCTGGATGCCTGGGCGCAGTGCCTGGCGCTGAGCCCGCGCTATCCCATCATCCGCCAGTTCTTCCGCACCAACGCCCACCTGGGGTTGGTCATCCGCGGTGACACCATTGTTCCGCGCGGGTACGCCGAGCGCGACGCGGAGGGCGTCTCCATCCAGTTCGACCCCAACCACGACCCTGCCTGGCTGGCGTTCGCCAATTGCAAGGCCCTGTGGCTGGGCGAGCCGTCACACCGGGCGAAGATGACGGGCTCCACCGAGGAGCAGTTCACCTCCGTGGAGGAGATGGAGTGCCTGGCATCGGCGCTGGCCGTCCATGAGAGCCAGAAGGCGGAGGGCAAGACGGATGCCTTGGACCCCACGCTGGACCGCCTCTTCGCCATCGCCCAGGAGGGGCTGCTGCTGGAGGCGGTGTTGTTCGAGGTGGGCGCGCGCGTCCACCCTCAAATCGCGCTCACCCTGGAGGATGAGCTCCGCCGGCGCCTCAAGAAGTACGTCCTGACGCACGTCCTGGTGCCGGCGGGAGGCCACGGGGGCTGAGCGCCCTAGCGCGGCAGCTTGAGCCGCAGGGTGAACACGTAGGACACGCTCACCGTCCGGCCCTGGAACTGCACCGGGGTGTAGCGTCGGGCGTGGAGCGCATCGAGCACGGCCTCATTCATGTGAGGCAGGCCCTTGATGATGCGGCAGTCCGTCACGTCGCCGCGCACCGTGATGACGCACTTGGCGATCATGGTGCCCTCCACGCGGGCGGCGAGCGCCTGGTGCGTGTACTCGATGCCCGGGTTTCCCATCAGTCTGGGCGGTGACATGCCCTGGCCAAAGGGCATGATGTCGGTGCCCGTGGCTTCCTGCCCAGGGACCAGGCCGGGCACGTACTGCACGCCAATCACGTTGCTATCCTTGTAGCCCTCCGGATGCCCACCCGGCACGCCAGTCCCCGGGTCGTCCGCCACCTCGTCCGTCGAGGTGCTGGTGTCGGTGCTCGCCACCGCTTCCACCGGCTTGGGCGGCGCGTCTACCACCGGCGGCGGCACGCGCGCGGGCACGCGGTCCCGGTTGCGCGGGCGAGGGCGTGGCGCGGTGGCTGCTTTCGGCTGCGCCGGGGCGGGGGAGCCCTTCGCCACGCGCGGGAGCTGCGCCACGCGGAGCACCAACTCTTTCGGCTCCGGAGGCTCGCTGGGACCCGGCGGCCTCGCGGAGATGAAGAGCACCGCCCCGAACAGGGCCGCATGCAGGGCGATGGACACCCACACGCCCGTGCCAATACGTCCAGCCCGCTGCCGCTCGATGACCGAATTGAACATTCCGGATGGCCTCCCTCAGCGTCTGGCGCTCCCGGTAACGGCCGTGCAAGACGGACGGCACCGACGGGGACGGGTGGCTGCGGAGCGCCCTGTCCACGCAAGAGTCAACCTACGGAGTTGGCGTCTTCGAATGGCGGTGGGGCGGCCATCGCTTCGTCATGGTTGTGTCATGACGAAGCGACCTCCATGCGGTAGCCCACGCCCCGGATGGTGTGGATGGAGAATCCAGAGGTGCTCGTCCACCCCAGCTTCTTCTTCAGGCTGGAGACGAAGTTGTCCACCGTCCGCGGGTCCACCACCACGTCGCGGCCCCAGACGGCGTCCAGGATTTCGCCTCGGGGCAGGGCCCGGTCCTGGTGCCGCAGCAGGAAGGCCAGCAGGTCGAACTCCGTGCGCGTCAGCTCCACCACCGAACCGTCCGCGCGCGACACCTGCCGCCGGCCCAGGTCCAGGGTGAAGCTGCTGAAGCCCATCTGCTCCGGCGGCGCCGTGCCGGAGCGGCGCACCAGGGCGCGTACCCGGGCCAGCAGCTCCCGCAGCCGGTAGGGCTTGGTGAGGTAGTCCTGCGCGCCCACCTCGAAGCCCCTGAGGATGTCGTCCTCCAGAGAGCGCGCGGTGAGCATCAGCACCATGCTCTTGTTGCCCTGCGTCCGCAGCCGGCGGCAGAAGCTGTAGCCGTCCTCGCCGGGCAGCATGACGTCCAGGATGAGCAGGTCGAACGCACGCTCTTGCAGCAGCCGCTCCGCGTCGCGGGTGCTGGGGGCCTCGGCGACGAGGTAACCCTCGTCCAGCAGGTTGTCCCGGAGGCCGACGCGCAGGTGGGCGTCGTCCTCGACGATGAGGATGGCGGGACGGAGGGGCGGGGTGGATGTGGCGGTGTTCATCGAGCCGGCTCGTTGAATATCAGCGCGAAGGTGGTGCCGTCGGGTCCCGAGGCGGCCACCTGGATGTCGCCCCGGTGCAGCTTCATGATTTTGCGGCACAGGGCAAGGCCCAACCCGCTGCCATGGACCTCCGGTCCGGGCACCGTCAGCCGGTAGAAGTCCAGGAAGGCGTTCTCCCATTCGGACTCGGGGATGCCGATGCCGTTGTCCTGGAAGAGCACCGTGCAGCCGTAGCCCGGAATCATCTGCGCGCGGATGGAGATTTCGACGGGGCTTCTCCGGTTGTAGGCGCACGCGTTGCGGCCCAGGTTGGAGAACACCATCCGCAGCAGGCCCGGGTCCGCTTCCAGCTCCACATCTTCCAGATCCGAGGTGATGTGGACGGGGACGTTGGTCGCATTGGCCAGGTCGTCGCGCAACGGGGGGATGAGCTCCTCCAACCGCACGCGCGAGGTCCGCAGCGTCCAGCGGCCCTTGTCGATGCGGTTGAACGACAGGATGTTCTCCACCAGGAAGTGCAGCCCGTCCGCGGCCTGGACGATGCGCGCCGGGTAGTCGCGCACCTCCGGTGCCTGCGCCAGCTTCCGCTCCAGCGTCTCACCGAGCAGGCGGATGGAGGCCAGGGGCGTGCGCAGCTCGTGGGAGACGGTGGCCACGAAGTCGCTCTTGAGCTCCAGGAAGCGGTACTTGCGCTGCTGGGCCACCACCGCGAGCGCGAAGATGGCCACCGCGAGCCCTCCGCACACGGCCACCAGCAGCGTCTTCAGCCCGTAGCGCGCGTCGATGTCCGCCTCCTGGCGCGCCCACTGAGGCATGTCCACCGCCAGCTTCAGCGTGCTCAGGGGACGGACGGCGCCGCCCGCGCGCAGCCGCAGGCGCCCCGTCGCGTCGAAGAGGCCGCGCGCCTGCATGTCCTGGGTGATGGGCTGGAGCATCGCCTCCAGGTCCACCGCGATGCCGTACACCGCCTCGCCGCGCAGCGCCACGTACCAGGACTCGCCCAGGAGGGTGGGCTCGTAGAGCTCCTCGGGAATCACCAGCATGCCCGCGCCCGCTTCGCCCGCTCGGGCGAGGAAGTCGCCCGTGGGCTCGCCCAGCGCGGCGCTCACCCGGACGATGCGCGCATGGAGGAAGTCGAAGTCCGCCCGCGTGAAGCGTGAGCGCTCGCGCAGCACG
CP070500.1_gap107	4464453	4466440	1987	GCGGGCACCAGGCACGCCAGCAGGGAGAGGGCCGCCAGCGCCACGGCCACGCCCAGGAAGATGTCCGGGGCGAAGGGCTCCACGCCATAGAGCGTCGCCGCCATGAACCGGGTGGCGCCATACGCGGCGATGAGCCCCACGCCCACGCCCAGGGCCGTCAACCACAGCCCCTGGCTCAGCACCAGCCGCAGCACCTGGAGGGGATGGGCCCCCAGCGCCATCCGGATGCCTAGCTCTCGCGTCCGCTGGCCCACCGAATACGCCAGCACGCCATAGACACCGACGCCGGCCAGGATGACGGCGAGCCCGGCGAAGGCCGCCAGCAGCCGCGTCGTGGCCCTGGGCCGCAGCAGGAGCTTCTCCACCCGGTCCGTGAAGGGCAGCAAGTCGTAGACGGGCTGCTGGGCGTCCACCGCCTTCACCTCTTCGCGCAGCGCGGCCAGCGCCGAGGCGGGCGGCCCCTGGGTGCGCACCAGCATCGTCATGGCTCGCAGGGGAAACTGCGCATAGGGCAGATAGCTTTCGGGCGTGGCGGGCTGGGTGAGCGACTCGTGACGGACGTCCTCCACCACGCCGATGATTTCCCGGAACGGCTGCAGGTCATTCCAGGTCAGCCGCACCCGCCGGCCCAGGGCATCCCCGCCACCGAGGTACCTCTGGACGAAGGCCTCGTTGACGATGATGACGGGGGCGCTCTTCTCCGTGTCCTCGGGCCCGAAGTCGCGGCCCTGCCGCACGCCAATGCGCAACGCGGAGAAGTAGCCGGGCGAGGCCACCCGGTAGGCCGTGATGTGGCGGTCACCGGGCGAGGCCGACATCCCTTCCAGGATGAAGTCACCATTCGAGCTCGAGCCTCCCAGCGGGGCATCGTTGACGAAGCCCACCGCTTCCATGCCGGGCCGCGCCATCAGCCGCTCCGCGACGCCTTCGAAGAAGGCCCGCTTGCGCGCGTCCTCCTGGTACGCGTCGGGGGCGAGCGTCAATTGCGCGCCGACGACCCCCTCCGCGTCGAAACCCGGGTCCACCGCCTGGATGTTCTGCAGCGAGCGCACGATGAGGCCCGTGCCCACCATCAGCACCAGCGCGAGCGCGAGCTGCACCATGACGAGCGCGCTGCGCAGCGGATGCCCGGAGCGCGCGCCCACGGCGCTGCCGGATTGCCGCAGCAGGGGCAGCACGTTCATCCCCGACGCATGCATCGCGGGCGCCAGGCCGAAGAGCAGGCCGGTGCCCACCGACAGCAGCACGCTGAAGCCCAGGACGGTGCCGTTGAGCTCCAGCGGCGCCACGCGCAGCATGCTGGCGGGCAGCAGGGTGCGCACCAGTTCCATGCCCCACAGCATCAGCAAGAGCCCCAGCACGCCGCCGAAGAGGGACAGCAGCACGCTCTCCACCAGGGACTGCTGGAGCCGCCGTCCCTGGCTGGCGCCCAGCGCCGCCCGGATGGCGCCATCCCGCTGCCGGGACAACGTGCGCACCAGCATGAGGTTGGCCACGTTGGCGCACGCGATGAGCAGCACGAAGCCCACCGCCACCCACAGCATCCACAGCACATCTCGCGTGTTCGTCGTGAGGTGGTCCTGCCAGCCCGTCACCCGCACGGTGTGGCGCTTCTGCCCTGGCTCGGGGTGGCCAATGCCCTGCGCCGCGCGCTCCAGGTCCGCTCGGGCCGCCTCCAGTGAGACGCCCGGTGCCAACCGTCCCAGCACCGACTGGTAGTGGTTGCCATGCCGCTGTGGGTCCTGCCACTCGGGGACCCACACATCCGTGTCCTCGGCGAACTCGGGGAACGAGAAGTCCTCCGGCAGCACGCCCACCACCGCGTGGCTCCGGCCGTTGAGCACCAGCGTCTGGCCCACCACGTCCGGGACGCCGCCGAGCGCCCGCTGCCAGTAGCCATGGCTCACCAACACCACGGAGGTGTCACCCCCGGGCGGCGCGTCCTCTTCACGCAGGTCGCGCCCCTGCGCGGGTTGCACCCCCAACA
CP070500.1_gap108	4577730	4579200	1470	CGGTGCCTGCATCGGAGTCCGTCCCAGCGTCGGGATTGTTTCCGGCGTCGACGACGACGCCACTGTCCGCGGGCGTGGGCGTGGGGTCGTCCCCGCAGGCGGTCAATAGGAGCAGGACGAGAAGAGGCGCGAGTGTGCGGGGGGGCGACATGAACGACTCCAGGGCAGGGAACGAAGCTCGAAGGACAGCGACGGTAGTCGATGGGGCGGACATGCTCCCGCTGCCACGGCAGGACCGCCGCGTCCTCAGGTCGCGCCTTCGTCAATGACTGACTGGATTGCGGCCGCCAGCCAACGCTGGGTGGACGTGTCGAGCCCTTCTGAGAGCCGTTGGATGGGCAGCAGCCGCCCGCTGACGAGCAGGCCATTCCAGAGGATGTTGAGCCGGGCCGCGCGCCCCTCGCCATCCGGAGCGCCCAGCCAGCGGGCCAGGGGGGCGATGACCTGCTTCTGGAGCAGTTCGACGCTGGTCGCATGGGCTTCGGGGTCGGACGCCGACAGGATGAGCATCGCCAACGGCCCCGAGGCGTCGTGTGCACCCAGGAAGAGGGACACCACCGTCTCTCCAAACTGGCGCCTGTCTATCTGGAGCAACGGGCCGATATCGAGCACCTGCGCCAGCGTCTCCCGGTACAGCCCCTGCTTGGAGCCGAAGTAGCGGCCCACGAGCGAGGAGTTGACTCCGGCCAGCGCCGCGATGTCCCGCACCCCCGTGTTGGCGAAGCCCTGTGTGGAGAAGAGGGCCCGCGCGGCGGTCATCAGGGCGGTGCGTGTGCGTTCGGAGTCTCTTTGCCGAACGGCTGGCTTTGCAGTGGGCGGTCGGGTCGAGGGCATCTGGGTTTACTTATAATTCCGCTTGAGTTATGTCTATGTAAGTAAACGACTGTGTACGTCGTGCGTGGCTTCCAACTCGAAAGGACATGTGCGGATGACTGCGACAAAGCAGGAGGGGCGCGCTTTCTCTCCGGAAGCCTTGAAGGAGAAGTACCGCCTCGAGCGTGAGAAGCGGCTGCGGCCCGACGGCAATACGCAGTACATCCCCGTGAAGGGCGTCTTCGCGGACTTCGACAAGGACCCTTATGTCGAGCCTGGCTTCATGCGTCCGGCGCTGGCGGAACAGCTCGACGTCTTGATTGTCGGAGGTGGGTTTGGCGGCATGTTGTCGGCAGCGCGGCTGCGTCAGGCGGGCGTGGACGCCATCCGCATTGTCGAGAAGGGCGGCGACTTCGGTGGCACCTGGTACTGGAACCGCTATCCAGGCGCCGCTTGCGATGTGGAGTCCTACATCTATCTGCCGCTGCTCGAAGAGACTGGCTACATGCCCACGGAGAAATATGCGCGGGCGCCCGAAATCTTCGCCCATTGCCAGCGCATCGGCAGGCACTTCCAGCTCTATGAGAAGGCGCTGTTCCAGACCCTGGTCCAGTCCATGGACTGGGACGAGGACGCCCGGCGCTGGAACGTCACGAC
CP070500.1_gap109	4662531	4666860	4329	GCGGCGCTCGTCCGGCAGTCGCCGGCGGACCGCGCGGGGCTCCGGCTGGACGGCGGGGGCGGGCTCGGGGGCCACGGTGGCCTTGGCGGCGCGCGTGTCCTTCACCGTCTCCTTCGACGTGTTCAGCGGCTGCGTCCGCTTGCACCCGTCGCGGTACACGGCGATGGCCTTGAGGCCGCGCTTCCACGCCTCCATGTACGCCTTCTCGATGTCCTCCACCGTCGCGTCCGACGGCATGTTCACCGTCTTGGAGATGGCGCCGGAGAGGAACGGCTGGCAGGCCTCCATCATCTGGATGTGGCCCATCCAGTGGATGCTGCGCTCGCCCTGGGCCGGCTTGAAGGCGCAGTCGAACACCGGGAGGTGCTCGGGCTTCAGGTGCGGCGCGCCCTCGATGGTGTCCTGCTTGTCCAGGTAGCTGATGATGTCCTGGGACTGCGTCTGCGGGTAGCCCAGCTTCTCCAGCGCCAGCGGCACCGTCTGGTTGACGATCTTCAGCATGCCGCCGCCCACCAGCTTCTTGTACTTGATGAGCGCGATGTCCGGCTCGATGCCGGTGGTGTCGCAGTCCATCATGAAGCCAATGGTCCCCGTGGGGGCCAGCACCGTCACCTGGCTGTTGCGGAAGCCGTGCTCCTCACCCAGCGCGAGCGCGCGGTCCCACGCGTCCTTCTGCGCGGCGAACAGGCCCTGGCTCACACCCTCCGGGGCGATGTGGTACGCGGCCTTGCGGTGCTTGCGGATGACGCCCAGCATCGGCTCCGCGTTCTTCGCGTAGCCAGCGAAGGGGCCCTGCTTCTCCGCCAGGCGGGCGCTCATCGCGTAGGCCTCGCCGCACATCAGCGAGGTAATCGCGCCAGCGTAGTTGCGGCCCGCGGGTGAGTCATACGGCAGGCCGGACGCCATCAGCAGCGCGCCCAGGTTGGCGTAGCCCAGGCCCAGCGGCCGGTAGTCGTGGCTGTTCTTCTCGATGCGCTCGGTGGGGTAGCGCGAGTTGCCGACGATGATTTCCTGCGCCATCAGCAGGATGTCGACCGCGTGGCGGAACGCCGTCACGTCGAAGTCGCCATCGATGGTGCGGAAGTGCATCAGGTTCAGGGACGCCAGGTTGCAGGCCGAGTCGTCCAGGAACATGTACTCCGAGCACGGATTGGACGCGTTGATGCGCGCCGTCGTCGAACACGTGTGCCAGCTGTTCACCGTGGTGTCGAACTGCATGCCCGGGTCGCCGCACAGGTGCGCGGCCTCGGAGATCTCCCGGAACAGCTCGCGCGCCTGGTAGGTGTCCAGCGGCTGGCCATCGCGCACCGACCGCGTCGTCCAGGTGGCGTCATCCACCACCGCCTTCATGAACGCGTCGGTGACGCGCACCGAGTTGTTCGAGTTCTGGAAGAACACCGACGAGTACGCCTCGCCGTTGAAGGACGGGTCGTAGCCGGCCTCGATGAGCGCCCAGGCCTTCTTCTCCTCGCTCGACTTGCAGCGGATGAACTCGAGGATGTCCGGGTGCTCGGCGTTGAGGATGACCATCTTCGCCGCGCGACGCGTCTTGCCGCCGCTCTTGATGACACCGGCGAAGGCGTCGAAGCCGCGCATGAACGACACCGGGCCGGAAGCGGTGCCACCGCCCGCCAGCAGCTCCTTGCTGCCGCGGATGGTGGACAGGTTGCTGCCCGTGCCGCTGCCGTACTTGAAGAGCATCCCCTCCGTGCGCGCCAGCGTGAGGATGGAGTCCATGTTGTCCTCCACGCTGTTGATGAAACACGCGGAGCACTGGGGCTGCGCCTCCACGCCAACGTTGAACCATACGGGCGAGTTGAAGGACGCCTTCTGGCGCAGCAGCAGGTGCGTCAGCTCCGCGTGGAAGGCCTCGCGGTCCGCGTCCCGCGTGAAGTAGCCACCTTCCACACCCCACTGGGTGAGAGTGTCCACCACACGCGCCACCAGCTTGCGCACGCTCGTTTCACGCTCCGGCGTGCCCGGCGTGCCGCGGAAGTACTTCGACGCAACGACGTTCGTCGCCAGCATCGACCAGGACTTCGGCACCTCGATGTCCTTCTGCTCGAAGACGGCCTTGCCATCCTCGCCGGTGATGCTGGCGCTGCGGTATTCCCACGCCAACTCATCCGCGGGATCCACGCCCGGTGTCGTGAAGAAGCGCTCCACCGTCAAGCCCGTCGCCGCCACGCGCGCCTTGCGCCCGCCGCGCCGCTCCTTCCCGTTCGCCGTGGACTTCGAGCTCAGCTCTTTATCCATGTCGCCACCCTCCGCGAGTTCACTGTGAGTTCTGATGCAAAATTTGCAAAACGCTAACGTCGCGAGATCCCGATGGATCCGATGGATCAGCCCGACGTGAAACGTGGGTGACATCAGAGCGGATTCGCGACGACGAAGCAGGGGCGCGCCCGGCCCCTCGGCTGTTCTTGGGAGATGCCCGCCAGACTGCCGGACGAGGCCATGGATAGACTCCTGTAGCACCTCCGTCAAAGATTCTATCGATACAGCAAATGGTGTCCGTCAAAATCATACCCACCATGAATTGTGTACAGCGATGAGGTGGGCGTCCGGTGTCTGCCTGCCTGCCCTGCTGCTACTGCGTTCAGCGAGGGAGCCCGATCTAGAGGGCCGCGCCTGCCCTGGCAACACATGCTTTGCAGTGCCTGAATCCAGATGGCGAGCCATGTATTGTCACTTCGAGCCAAGCGAGCGTGATCACTGGGAGACGTTTGCTGTGAGTCTGTGCACGACTCGGGCGGGGGCAACCGTGCTGATCCGCCAGGGGAGGTGGATCAGCCCCGTTGGCGGTCCGTTGGTGAACGCGGCCATCGATTTTGGTCCGGGCGCGCGTTAGGAGGCGGACATGGCTCCTCCCTACCAGCGCCACGTCTTCGTCTGTACCAACCGCCGCCCGGACGGAAATCCCAAGGGGTGTTGCGCCTCCAAGGGAGCGGAGGAGGTCCGCGCCGCCTTCAAGGCGGAGCTCGACAAGCGGGGCCTCAAGGGGGGCATGCGCGCCAACGCGGCGGGATGCCTGGACACGTGCAGCTTCGGTGTCGCCGTCGTCGTCTACCCGGAAGGCACCTGGTATGGCGGCGTCAAGGTGGAGGACGTGAAGGACATCGTCGAGCAGCACCTGATGGAAGGCCGCCCCGTGGAGCGGCTGCTGATGCCCTTCTCCCGCAAGACCGTCACTTCGGGCTAAAGCAAGCTTCTCGGTATTAACCCGAAATAGTCGACGCCTGCCTCTGTCTGCGTGAACCCGCAGACGAGCCGCGTGGAACCCTTGTCGAGAAGCCCGGGGCAGGCCTGCACCGGGCTTGGGCTCGGCATGTGTCCAGCGCGGCGAGGAGCACATGCATGCGTCGCAGTTGGTGGGCCTCTGGCCTGATCGCCACCGCCTTGTCCGTGGCTGGCTGTGATTCCGAAGTGCCGTCGTCTCACGTTCGGGACATGACGGCGTTCCAGGATGCGGCCCTGGCCGCGGAGTGGGCAGCGGGCGTCGCGTACTCCGTGGGAACGCGCGTCACCTATCAAGGGCGCCTCTATGAGTGCCGCCAGCCGCACACGTCCCAGGCGGACTGGACACCGGTGGCGGTGGCCTCGCTGTGGTTGGACCTGGGGCCCGCGGGCGGTGGTGAGCCGGACGCGGGCAGCGGCGGAACGGACGCGGGCACGGGCGGGGACGTCACCGCGCCCACCGTGGGCTTGAGTGCCAGTGCCTCGCGCATCATCGCCGTGGGGCCGCTGAGCCTGACGGCCACGGCGACGGACGACGTGGGCGTGACGCGGGTGGAGATTCTGGAGAACGGTGCCGTCGTCGCCACCGGCTCGCAGTTCAGCCGGGCCTTCAGCGGTTGGGAGCAGAACGGCACGTATGTCTACGCGGTGCGCGCCTATGACGCCGCGGGCAACGTGGGGACCACCACGCTCACCGTCGTCGTGGAGATTCCAGGTGGGCCGCCGCCGGGAGGAAAGCGCATCGTCGGCTACTTCACCGCGTGGGGCATCTACGCGCGCAACTACCACGTGTCCAACGTGCAGCCGTCCAAGCTCACGCACATCAACTACGCGTTCTCCAACATCTCCGGGGATGGACGCTGCATCCTCGGCGACCCGTTCGCGGACATCGACAAGAGCGGCGGCTGGCAGGGTGAGTGGGACCCCGGTCAGTTGCGCGGCAACTTCCGCGCGTTCAAGGAGATGAAGCGGCAGAACCCGCACCTGAAGCTGCTCATCTCCGTGGGCGGCTGGTCCTGGTCCACGCACTTCTCCACCGTGGCGTCCTCGCCTGCTTCGCGCGCGGCCTTCGTGAAGTCCTGCGTGGACCTC
CP070500.1_gap110	4706935	4708260	1325	GCCTGCTTCTGGCCAATCACGGCCTGATCCAGCCCCGCGGCGGCCACGCCACCGGACTCCGCCACCTTCCGGGTGCGCTCCAGGGAGGACGTGGCCAGCTCCAGCGCCGCGTCCGCGGCCTGCTTCACCGCGCGCGCCTGCTCCACGCTGATGGCGACGTTGGAGGCGTCCAGCGCCGCCAGCACCTGGCCCTTCTTCACCTTGTCGCCCACCCGCACGTTCATCCTCGAGATGGTGCCGGTCGCCTGGGGCCCCAGGACCGCCTCGTTCTTCGAGCGGATCTGCCCCGTCACGCGGGTGACGTCGGCGCTCAACTCCGTGGCTGGAGTGATGGCGCGCACGCCCAATGCCGCGGGACCCGTCTGCTCGGGGAGGGCCGGCTTGTTGCTGGCCTTGCCACAGCCCGTCGTCACCACCGCTGCCACTGCCGCGGCCATCCACATGCGTCGAATCACGGTCGTCCTGCTCCTGCCGGTCACGGGGCGCCTGGCCCCAGGGAGACACTTGCGAGCCGGCTTCTACATGGAAAGTCTGCGGCCCGGAAACTACAGTCTCTGAACTGTCTGTCAAGGGGATACTCCGGAGTGCGGACTATCTTTCCTCCGGCACGTCTAACGGCCGTCCGCCGAGCGGGCAGGTGAAAATGACACGACGCGGTGCATCCGTCCGCTGGCCTGAAGGAGGGGAGCGGTGTGCCGGGGAGGCGGTGCTTGTGGCACCTAGAGGCCCCTGTTATTGATTCAAGAATCAATCCTTTCGCGCCGAGGACACCCCATGCCCCACCCATTCACCGAGGAACACGAGGCCTTCCGCAACACGGTGCGCAGCTTCGTGGAGAAGGAGATGACCCCACACGGCCTCGAGTGGGACCGGGCGGGCATCTTCCCCAAGGAGCTGTTCCGCAAGGCGGGGGACCTGGGCTTCCTGGGCATCAACCACGACCCGAAGTACGGCGGTAGCGGGTTGGACTACTGGTACGTGACGGTGTTCGCGGAGGAGCTGAGCCGCAGCCTCAACGCGGGCGTGAACATGGCGCTGCTGGTGCAGAGCCAGATGGCCACGCCCATCATCAACGAGATTGGAACGGACGAGCAGAAGCGCGAGTTCCTGGAGCCGGCGCTCAAGGGCGAGAAGATCGCCGCGCTGGGCGTGAGCGAGCCGGGGTGCGGCTCGGACGTGGCCAGCATCAAGACGACGGCGCGCCGGGACGGGGATGACTACGTCATCAACGGCTCGAAGATGTGGATCACCAACGGCACGCGGGCGGACTTCATCACCCTGGCGGTGCGCACGGGCGAGGCCGGCTACGGCGGCATCTCCCTGGT
CP070500.1_gap111	4817441	4818005	564	CCGGACGGGTCCTCTTCTTTCTTCAGCACGCCACGTACGAGCCGGCCTTCCAGGCCGCCACCATGGGAATCACCGCCGCTGCCATGGGCGACGAGGTGTACTTCGTCTTCGCCTTCGATGCGCTGCGCCAGCTCGTGGGGGGCGCCTACGGCCAGCCGTCGAGTGCGCGCGAGCACGAGGAGTTCGCACGCGCGGAGTCACTCGGGGTGTTGGCGCCGCCGCACATGCTGGCGGAAGCGCGCACGCTGGGCGCCAGACTGATCGCCTGCGACACCACAGTCCGCATCTGCGGCTACGAACCGGAGTCGCTGGAGGGCACCCTGGATGAAGTGATGGGGATGGCCTCGATTTGGCGACTGACCGCGGGTGCACGGGTGCTCACCCTATAGTCGGTGGGCTTGGGCCCTACGTACGCCGCTCTTGGCCGCCCAGGTATCGCTCTGGCTGTAACGTCGCAGTGGCATCCAAACGGCGCGGAATCAGTCGGCCGATGCTGTAGCGCCCGACGGGAATGACGCGGTAACCTGTCGCCACGCCGTACCCCCTTTGGAGAACCCGGCCGCG
CP070500.1_gap112	4826906	4831895	4989	GCCCCGTGGCCCTGTGCATCAGCTACGGCGACGTGGTGGCTCCCGCGAAGATCCTGGTCGAGTTCGCGAAGGACATCGAGGACAAGATCAAGATCCGCACCGCCGTCGTCGAAGGCCGCAAGGTCGACGTCGCCGGCGTGAAGGCCCTGGCGAAGCTGCCGGGTCTGCCCGAGCTTCGCGCGCAGTTGCTGGGCGTCATCAGCGAGCCCGCGAGCAAGCTGGTTCGGACCATCGCGGCTCCGGGTTCGCAGCTCGCCCGAGTCGTCCAGGCCAACGCGGACAAGGCGCAGGGCTGAGAAGCCCTCATCTGTTCGAGAAGTTTTTCTACCGCAACCTCTCCGGCCGGAACTCTCCAAAGGGGGAGTTGGCCGTTAGTCGAAACCAGAAGGACACATTTCAATGGCTGACCTGAACGCGATTGTTGACCAGCTCTCCTCCCTGACCGTCCTTGAGGCGGCCGAGCTCGTGAAGCAGCTCGAGAGCAAGTGGGGCGTCTCCGCCGCCGCCGTGGCCGTTGCCGCGGGCCCGGCCGCCGCCGCCGCTCCTGTCGAGGAGAAGACGGAGTTCACGGTGGTGCTGGCCAACGCCGGCGCCAACAAGATCAACGTCATCAAGGAGATTCGCGCGATCACCGGCCTGGGCCTGAAGGAGGCCAAGGACCTGGTCGAGGGCGCTCCGAAGAACGTCAAGGAAGGCGTCAACAAGGACGACGCCAAGAAGATCAAGGACCAGCTCACCGCGGCTGGTGCGACCGTCGACATCAAGTAGTTTCTACAGGGGTTGTCCGGTTTTCCGGGAAATTTCGGGCAGCCTCCTGACCGGATGTGCAGGCCGGCGCTCCCTGAGTGGGGGCGCCGGCTTTGCCCATTTGACCGTTGCAAATTTCCCGGCGCCGCCGCGCGTTACTGAAGTTTGCCCGCCCGAGCAGTCGTCCCCGGAGCCAGAATGCCGACGCAGATCCAGAACAATTTCCGCGTGCGGAAGACCTTCGCGAAGATCGCGAAGATCATCGACATTCCCAATCTTATCAACATCCAGAAGCAGTCCTACGAGAAGTTCCTCCAGGCGGACATTGCCGCCGACAAGCGCGAGGACCTCGGTCTTCAGGGCGTCTTCAAGTCGGTGTTCCCTATCCGCGACTTCAACGAGACCTCCTCGCTGGAGTTCGTGAGCTACCACCTGGAGCGCCCGAAGTACGACGTAGATGAGTGCCACCAGCGTGGCATGACGTATTCGGCGCCCATCAAGGTGGTGGTGCGCCTGGTCGTGTGGGACAAGGACGAGGAGACCGGCGCCCAGTCCATCCGCGACGTGAAGGAGCAGGAGGTCTACTTCGGCGAAATCCCGCTGATGACCCAGAACGGCACCTTCATCATCAACGGTACCGAGCGCGTCGTCGTCAGCCAGCTGCACCGAAGCCCGGGCGCCTTCTTCGACCATGACAAGGGCAAGAGCCACTCGTCTGGCAAGCTGCTCTACAACGCCCGCATCATTCCCTACCGCGGTTCGTGGATCGACTTCGAGTTCGACCACAAGGACCTGCTGTACGTGCGCATCGACCGCCGCCGCAAGCTGCCGGCCACGGTGCTCATCCGCGCGCTCGGCGCCGTCCCGGACACCGCGAAGAAGAACCCGCTGGAGTTCAAGGGCTCCACCGAGGAGATCCTCAACTACTACTACGCGACGGAGACGATCTACCTCCACAGCGCGGAGGAGTTCGAGAAGAGCGTCGAGCTCGAGCTGCTGCCCGGTCAGCGCGCGACCCGCGACATCAAGGCCAAGACGGGCGAGCTGATCGTCAAGAAGAACCGCAAGTTCACCCGCGCCGCCATCAAGAAGCTCGAAGCGGCGAAGATGAAGACGCTCCCGATCGATGCGGACGAGCTCTTCACCAAGGTGTCCGCCTACGACGTGGTCGAAGAGACCAACGGCGTGGTGCTCCTCGAGTGCAACGAGGAAGTCACCCAGGAGAAGGTCGACGAGCTCCTCAAGCACGGCATCAAGGAGTTCAAGGTCCTCTTCATCGACAACCTCAACGTGGGCCCGTACCTGCGTGAGACGTTGATGCTGGACAAGCTCGAGACCCCCGAGCAGTCCATCATGGAGATCTACCGCCGCCTGCGCCCTGGCGATCCGCCGACGCCGGAGACGGCCATCAACCTGTTCACCAACCTGTTCTTCAACCCGGAGCGCTACGACCTCTCCAAGGTCGGCCGCCTCAAGCTGAACTTCAAGTTCGGCCTCGAGGAGCCGCTCGACGGGCAGATCCTCACCAAGCGGGACATCCTCGAGGTGATCCGCTACCTGATCGATCTGAAGAACGGCAAGGGGACCATCGACGACATCGACCACCTGGGCAACCGCCGCGTCCGCGCGGTGGGCGAGCTGCTGGAGAACCAGTACCGCATCGGCCTGGTGCGCATGGAGCGGGCGATCAAGGAGCGCATGAGCCTCCAGGAGATCGAGACGCTCATGCCGCACGATCTCATCAACGCCAAGCCCGTCACGGCGGTCATCAAGGAGTTCTTCGGGTCCAGCCAGCTGTCGCAGTTCATGGACCAGACGAACCCCCTGTCCGAAGTCACCCACAAGCGGCGCCTGTCGGCGCTCGGGCCCGGTGGCCTCACCCGCGAGCGCGCGGGCTTCGAGGTGCGCGACGTGCACCCGACGCACTACGGCCGCATCTGCCCCATCGAGACGCCGGAAGGTCCGAACATCGGCCTCATCGCGTCGCTGTCCACCTACGCGCGCGTCAATGAGTTCGGCTTCGTCGAGACGCCGTACCGCAAGGTCGAGGCGGGCGTGGTGACGAACGACGTGGCTTTCTACTCCGCTCTCGAGGAGGAGAAGCACACGATCGCCCAGGCGAACGCGGAGACGGACAAGAAGGGCAAGTTCGCCAACGCGCTGGTGTCCAGCCGCCGGGGTGGTGAGTTCGTCCAGGCTCGCGCCGAGGACGTGGACCTGATGGACGTGTCCCCGAAGCAGCTCGTGTCGGTGGCCGCGTCGCTCATCCCGTTCCTGGAGAACGACGACGCCAACCGCGCGCTCATGGGCTCCAACATGCAGCGCCAGGCCGTTCCGCTGCTGCGCACCGCGGCGCCGCTGGTGGGCACGGGCATCGAGTCCATCGTCGCCCGCGACTCCGGCGTCACCTGCGTGGCCCGGCGCGACGGCATCGTGGAGAGCGTGGACGCCGGCCGCATCGTGGTGAAGGCGGACGTGCCGGCCTCGCTGAGCGATGTCACGAGCGAGGTCGACATCTACAACCTGCTCAAGTACCAGCGCTCCAACCAGAACACCTGCCTCAACCAGAAGCCCATCATCAGCAAGGGCGACCGGGTGATGAAGGGTGACGTCATCGCCGACGGTCCGGCCACCGAGACGGGCGAGCTGGCGCTGGGCCAGAACGTGGTCGTCGCGTTCATGCCGTGGCAGGGCTACAACTTCGAGGACTCCATCCTCATCAGCGAGCGCATCCTCAAGGACGACGTCTTCACGTCGATCCACATCGAGGAGTTCGAGTGCATCGCGCGCGACACCAAGCTGGGCAAGGAGGAGATCACCCGCGACATCCCGAACGTGGGTGAGGAGGCCCTCAAGGACCTCGACGAGAGCGGCATCATCCGCATCGGCGCCGAGGTGAAGCCCGGCGACGTGCTGGTGGGCAAGATCACCCCGAAGGGCGAGACGCAGCTGTCTCCCGAAGGGAAGCTGCTGCGCGCCATCTTCGGCGAGAAGGCCGGCGACGTGCGTGACAGCTCGCTGCGCGTCCCTCCGGGCGTGGTGGGCACCGTCATCAACGCCAAGGTGTTCAGCCGCAAGGGCGTGGAGAAGGACGAGCGCGCCAAGCAGATCGAGTCCATGGAGGAGGCGAAGCTCCTCAAGGACCAGAACGACGAGATCAAGGTCCTCCAGGACAGCGCGTTCGGCCGCATCCGCGGCCTGGTGCGCACCAAGGAGGTCCAGGGCAAGCTCGTGGATGACAAGGGGAAGATCCTCCTGAAGAAGGGGGACATCCTCGACGACGAGCTGCTGTCCACGGTGCCCTACAAGTACTGGGGTGAGATCTCCGTCGGCGACCCGCTGGACTCGCGCCTGCGCGACATCCTCCGCAACCTGGAGGAGACGAAGGAGGCCGTGAAGCTGGCCTTCGGCGAGAAGATCGCCCGCATCAAGAAGGGCGACGAGCTGCCGCCGGGCGTCATCAAGATGGTGAAGGTGTACGTCGCCATCAAGCGCAAGCTGGCCGTGGGCGACAAGATGGCCGGCCGCCACGGAAACAAGGGCGTCGTGTCCCGCATCCTCCCCGAGGAGGACATGCCGTACCTGGAGGACGGGCGTCCGGTGGACATCGTCCTCAACCCGCTGGGCGTGCCCTCGCGCATGAACATCGGGCAGATCCTCGAGACGCACCTGGGCTGGGCCGCCAAGGGCACTGGCGAAGCGCTGCAGCGCTACGTCGAGGCCAACTGGAGCTCGGACGCCATCAAGGAGCGCCTCAAGGTCATCTACAGCGACCCGGCGTTCGGCGAGTTCCTCGACAAGCTCGACGACGAGGAGATCAAGCAGCTGTGCCTCCGCTCCAAGCGGGGCATCCACGTCGCCACGCCCGTCTTCGACGGCGCACAGGAGACGGAGATCCACGCCCTGCTGGACGAGGGGCAGCTGCCCCGCTCGGGCCAGATGGTGCTCTTCGACGGGCGCACCGGTGAGCCGTTCGACCAGAACGTCACCGTGGGCGTCATGTACATGCTGAAGCTGCACCACCTGGTGGACGAGAAGATCCACGCCCGCTCCATCGGGCCCTACTCGCTCGTCACGCAGCAGCCGCTGGGCGGCAAGGCGCAGTTCGGCGGTCAGCGACTGGGCGAGATGGAAGTCTGGGCGATGGAGGCCTACGGCGCGGCGTACACGCTGCAGGAGTTCCTCACCGTCAAGTCGGACGACGTGGTGGGCCGCACGCGCATGTACGAGGCCATCGTCAAG
CP070500.1_gap113	4854462	4858245	3783	CCGCGTTCCGCGTGCGCAAGAAGTTCATCGCCCGCTTCCATGAGGACGGCGAGTCGCTGGTGGTGAAGGTCGAGCCCGGCGTGCGGGACGTCCTCATTCAGGCCGAGCCAGACAGTTGCTACATCACCGAACATTACGCGGGGTACCCCGAGTACCTGCTCGTGCGCGTTGCCGCGGCGCGTCCGGCGCTCGTCCGCCAACTGTTGGAGGACGCGTGGCGGAGGACTGCCTCCCAGCGGCAGCTGGCGGAGCGGGCGCGGGACGCGGACTGACGCCCGCGTTTTCGCGGCAGGCGTTGGCAGGCCCGGCATTCAATGCGAGGCTCTGGGAGAAGAGGGGGGCAGGCCGGGAAGGGGCGCAACGCTTTGGCGGCGCCCATGCTGGCCGGTCTCACCGGAACGGGAGACCCGACATGACAGAGTCAGCAGGTGGTCAGGGCGAGGGGAGCGGGCGGCTGCGCACGCCCGTGGAGGGTGCCCTCCGCGCGGTGCGCTCTCTGGTCGAGTTGGAGGACACGGACCGGGCGGCACAGCTCTACGAGGAGCTGGGCGATGCGCAGCGCGAGCGCATCCGTCACGAAGCTGAACAGGGGCCGGCGAAGGAGCGCCGTGGCTTCGTCGAGGTGCTGCGGCGCGCGCGGGACTTCCTGGGCGCGGCCCGGCTGATGGACGGCCAGGGCGAGGACGCCACCGCCGGGGACCTCTACTTCCAGAGTGGCAAGTACATGGCCGCCGCGGAGAGCTACCTCCGAGCGGGTGATGCCGAGCGCGCCGCCGCCGCCTTCGAGCGAGGTGGCGCGCTGGAACGCGCGCTGGCCATCTACCGGGAGCTGGGCTCGCGCGAAGCCATGGCGCAGTGCCTGGTGCGCCTGGACCGTCCCTTCGAGGCGGCCACGCTCTACCGGGAGCTGGGACAGGCGCACGCGGAGGTCGAGGCGCTCGGAGGCGTGCGCGCGGAGGACCCGCGCTTCGTGGAGGCGGTGCTGCGCATCTGCCAGTTGCTGGACGCGGAGGGCTTCACGCACCGGGCGCTGGCGGTGCTCGCGGACGCGGTGAGCAGCTCGGAGGATGCGCGCGGGGACCCGGCGCTGGTGACGGAGAAGGCCCGGCTGCTGCGCCGCATGGGGATGGAGGCGGAAGCGGAGGCCATGCTCATTCGCCGTTCCGGAGGCGCGTCGGCGCCTGCGGCGAACGGGTACCGGTTCCTCAAGGCCATCCCCATCTTCGGCGAGCTGTCCCTGGAGGACATGAAGGACCTCTATCGGCTGGCGCGTCAGGTCGTCATCGCGCCCGGCGCCGTGTTGCTGGAGAAGGGCGCGCCCGGCCTGGGACTCTTCGTCCTCATGGACGGCTCCGTGGACGTCTTCAGTGGCCCCGAGGAGGACGCCCGGCACCTCAACACGCTGGGGCCCGGGGCGTACCTGGGGGAAATCTCCCTGGTGCAGGATGGGCCCGTGTCCGCCCATGTCCGTGCGCGGACCTCCGTGCGGGCGCTGCGCATCAGCCGTGTCGACTTCGAACGCTTCGTGGATACGCACGAGGCGGCGGCGCTGCGCATCTTCCGCCTCTTCACCCAGAACCTCGCGGGCCGGGTGCGTGCGCTGAGCACCTGACAGGGGCGTCCCATGGCGTGTGTCTACGTGGGGCCGAGCGGGAGCCGGACGCTGAACGTGCTCCCTTTGTCCGGCACGCTGGACACCTGGATGTCGCCCCCGTGCGCCGAAACGACCTGGTGGGCGATGAAGAGGCCGAGCCCCAGCCCACTGAAGTTGCGGCCGGACACGGCCCGCATGAACCGGTCGAAGACGTGGGGCAGTGCTTCCGGCGCGATGCCGATGCCCTCGTCGCGAACGCTCAGCAGCGCCATGCCGCCTTCCGCGCGCAGGCTGACGTGAATCGGCTTGCCCCCTCCGTACTTGAGCGCGTTGGAGAGGAGGTTGGTCATCACCTGCTCCACCCGGCGTGTGTCCCATTCGCCCTGCACGGGCGCAGGCGCGTCCAGTTCCACGGTGCTTCCGAGCTGGCTGGCTTGTGGCAGGTAGCGGGCGACGACCTCTCGAAGCAGCGCCGTGAGGTCCGCGGGCACGCGCTCCAGGGCCAGCTGGCCCACGCTGATACGTGACACGTCAAGCAGGTCGTCCACCAGCTCCACCAGCTTGCGCACCTGGCGGACGGCGACGTCGAGGTCGCGCTCCACGCGCTCGCTCGGCAGCATGCCTCCCGGGGCGCTGTCGACGGCGCGGCGCATGGCCGTCAGCTTCAGTTGCAGCGGGGTGAGCGGCGTGCGCAGCTCGTGGGACGCCACGGACAGGAAGTCGTCACGGATGCGAAGCGCCTCCCGTAGGCGCTCCATCTCCCGTTGCTCCTGGGCCTGGTAGCGGGCGGTGAAGTCGCGCGTCACCTTGCCGAAGCCACGCAGTTGCCCTGTCTCGTCATACAGCGCGGTGATGACGACGTTGGCCCAGAAGCGGCTGCCGTCCTTGCGGACGCGCCAGCCGTCCTCCTCGAAGCGGCCCTCACGCGTCGCCACCTCGAGCCCGTGCCGCGGCCGGTTCCGCGCCACGGCTTCGGGCGGATAGAAGCGGCTGAAGTGCTGCCCCAGAATCTCGTCCGCGCGGTAGCCCTTGATGCGCTCAGCGCCCGGGTTCCAGCTCGCTACGTATCCGTCCAGGTCGAGCGTCAGGATGGCATGGTCAGTGACGCTCTCAATCAACAGCCGGAGCTGGTCCGCGGCGTCTTGCTTGGATTCGCCTTGCCCGGAATATGCGATGCGCCTGGCAAGTCCGGGGCAGCCGTTGGTGTCTTCCATGAGCCTCCTACTCTGACTTGCTGGTATGAGAACACGCCCCCCTCCGTCACGGGGAATCGCGCGATGTGGCCATCGGCCATCGGACACTCCGGCCGGCGCACGGGCAGGCAGCCAGCCGGTGCCAGTCCCCGACGCGGTGTGCGGGAGCCCCCTCCAGCTTGTCGAGGAAGGGGTCGTCACGAAGGTCGACTCGGACCCATGCGGGAGTTAACATGCCGCGCCGAATGTCCATGCAGGGTGGCGCCGGTGACGATCCCGATCGGGGGCGGCGCATCGGGAAATACGAAATCCTCACGCGCCTCTCCATCGGAGGGATGGCGGAGCTGTTCCTGGCCTACACCTCGGGGCCTGGGGGATTTCGCAAGTTCGTCGCGGTGAAACAGATTCTCCCGGACATCAAGAAGGACGAGCAATTCGTCCAGATGTTCCTGGACGAGGCGCGCATCACCGCGGCCTTCTCGCACGCGAACATCGGTCAGGTGTTCGACCTGGGCGAGGATGGCGGCGAGCTGTACCTCGCCATGGAGTTCCTGCCCGGGCAGAACCTGGAGCAGGTGATGAAAGCCTCCACGCGCCAGGGCTACGCGTTGCCGCTCGGCTTCGTCGGGCGGGTGATTCGCGATACCTGCCTGGGCCTGCACTACGCGCACCACTTCACGGACCCGTCGGGCCGGCCCGCGGTGGTGGTGCACCGCGACGTGTCTCCGAAGAACGTGATGCTCACCTACGACGGCGTCGTGAAGGTGATCGACTTCGGCATCGCCAAGGCGCGCGGACGGTTGGGGCGCACTCAGGTGGGGACGGTGAAGGGGACCAGTGGCTACATGTCCCCGGAGCAGGTGCGAGGCGTGGCCACCCTGGATGGCCGCAGTGACTTGTTCTCCGTGGGCGTCATGCTGCACGAGCTGCTGAGTGGCCAGCGGTTGTTCAGCGGGCCGCACGAAGCGGCGGTGATGATGCAGATCGTGGAGGCCG
CP070500.1_gap114	4863227	4865968	2741	TCTATGTGGCGAGCGCCAACTTCGACAAGTGCTACGACTCGGGTTCGGTCGTCGCGCTGGATTTGGATGCCGTGGGGGTGCGGCCCTTCGGCACGGACTTCGACCCCGGGGAGTCGCTGCCCAACGACGTCACGTCGCTTGGCATCGGCGCCCAGTCCTACGTGCAGATTCAAAGCTTCGCTGGGGAGATGGCCTTGTGGAGCCCTCCGGGGCGGCCACCGCGGCTGTTCGTCCCGGCGCGGGCGGAGGGCAGTCTGCTTCACGCCATCGACGTGGGCGATGACGGCCTCAGCCTGAGCTGCGTGCAGGGCGGCGAGCGCGACTGCCGCGTCAATGCGCTGTCGCTGCTGGATGTCCCAGGTGCCTCCAACGGATTGCCTTCGGCTCCGGGGCCGCTGGGGGTCAGCGTCGCCGGCAACGGCGAGGACGCTCGCGTCTGGGTGACGCACACGGAACTGGCCGGACCGCCGACGACCTTCGCCGAAGCGGACCTGGCGGGCTACGTGCTTCACCTCCCCGCGGCGAACCCCACGCGCGACGCGCTGAACACCAGCGAGTTCGTGGCGCTGGGGACCAATGACCGCCTCTCTGGCGTCGCGCACGCGACGGCCATTGGCAGCCGGTATGTGTACGCCTCGGGGCGCAACTCTTCCTCCGCGCAGATGGGGGCGCTGCCGGCGCGCTTCATCCTGCGGCTGGTGGACCGGACCGTCGCGGGCCGCGTGCTGGAGACCGACCTGGAGCTGTCGTACTCGGTGCGTGAGGCGCGCGGCGTGGCGGTGGTTCCCTCGGCCACGCGCGTGCCCGACCCGGCGTCGCCCGAGCTCACCATCGTGGACGAGCGCGTCTACCTGCTGGCGCGCGGTCCGGACACGTTGCTCATCCTGGACGTCCTGAACGCGGCGGGCACGGCGCCCGACGCGGGGACGACCCCCAGCGTGCGCATCGTGTCGGCGCTGCCGGTGCCCGCGGGCGCCAGCGAACTGGAAGTCATTCCTCGCGGCCCTGGGCGCGGCAACCTGGTGGCGGTGACGGGCAGCGGCGACGAAGCCGTGGCCATCTTCGACGAAGAAGTGGGGCAGCTCGTCGCCCAGGTGCAGGTGGGCGACAACGATCCGAACCAGCCCAGCCAGCCCTTTGGCCTGGCCGCGGACGTCCGCGGCAACAGCGCTCGCATCTTCACCAGCACCTTTGGTGACGGCCGCGTGGCCATCATCGACATTCCCGACCTCGACCGGCCGCAGAACGCCCGGTTGGTGGCGCGGCTCGGCGCCCGGCAGGGAAGAGACCCGCGCCAGGGCACCAGCCTGTGCCAGGAGACCTCACCGTGAAGCGCGGTACCCTTGCTCTGCTCCTCGCGAGCGCCGGCCTGTCCGGCAGTTGCTCCTCCACCAACGTGACGACGGGTTTCGCTGGCCTGTCCGGCACCTTCGACGTGACGCTGGCCAACAACCTCGTCTTTGTCACGTCGTCGGACCGGGACGAGCTGCGCGTGCTCGACCTGGACTCGAACCCGCGCACCTTCGTCCCCGCGCCCAACCCGCTGGAGGCGCTGTCCATCCCCGTGCTGGACCGGCCGGACGCACTCACGCGCGACGTGGCGTACAACGCGGAAGGCAACGACGTCCCGGGGCCGTACATCTACGCGCGCAGCTCGGGCTCGTCGGCGGTTTCGGTGGTGGCGTCCGCGCGCGACCAGCTCCGGCAGGTCGTCCGGCTCCAGGCGCCGAGCATCGTCACGGCCTTCGCGGCGCGCTCGCCCGCTGCGGGCAGCGGCGGACCCAGCACGCTGTACTACGCCATCCAGGACCCCGACGGCATCTTCAGCGCGGACACCGGTGGCGCCCGGGTGCTGCGGCAGGAGATTCCGGGGCCAGACGCACTGCAGGCCGCGGAGCCCGCGGCGATTCCCGAACCGGTGACGGTGTTCTGTCTCCAGCCCGGTGAGTCCATCCTGTCCATGACGATGCTGGCGGGCCAGGGCCAGTTCGCGGTGGCCACGCGGCAGGCCTCGGGCCGGTCGGGCCGCACGCTGCTCGTCACCGATTCGGGGCCGGTCGCGGACTGTCTTCAGCCTTCCGCGCCCACCATGGATTTGTCCGAGGGCTTCGGCAACGTGCCGGTGCGGCTCCTGGTGAGCCACCCCCGGATCCTCATCCCCGACGTCGAGGCCATCAACGCGGGCCGCTACATCTTCGGCGTCCGTGACGAGGCCTCTTGCTCTGCCGCGCGCGAGTGTTCCGGAGTGCTCGCGGTGGACACCGAGTCATCCCCCCCTGGGCAGACGGCGCGGGACCTCAGCGGTGCGCCGATGCTGCCCATCTTCCCCGCGGGCGGCTTGCCGACGGGACTGACCCTGGTTCCGGACGCGCAGCTTCGCATCGTGCTCGACGATGGCTCGGCGACCGAGGTGCGGGTGCCGCTCCTGGGCGTCATGCCGTCCTCCAACGGCTACATCTCGTTGTTCTCCGCGAGCGACCTGCGCCAATTCGACCTGTCGGGGGCGAGCGCACGCTCCACGGTGGCGCTGCTGGACAGCAACGAGTTGCCGATCGTCATCGAGACGGCGGACCTGGTGACGGTGACCCAAGACCAGACGCTCCAGTCGACGGTGCTCTACGAGGGCTCCGTTCCGAACGGCTTCTACCGGATCATCTACCAGGGCGCGTTGCCAGGGCTGAGCGGCCTGCCTCGGGAGCCCTCCACCCCGCGGCTCTTTGAGGTCGAGGCCACTGCGGCCG
CP070500.1_gap115	4867249	4869288	2039	ACCTCGCCGAGGAGGAGGAGGTCGGCGCGCTGTACCTGGTGACCGAGTCCGGTGATCAGGAGCAGATCGTCAAGGACCGCTTCGTCATCGGCCGCGGCAAGCACTGCGACTTCGTCATCAACTCCGGCAAGGTCTCCCGTGAGCACGCGGTCATCGTCCACGAGGGCGACGACTGGATCATCGAAGACCTGGGCTCGTCCAACGGCACCTGGTTCAACAAGCAGCGCATCAAGCGCCGCAAGGTTGAGGACGGGGACGAGTATTTCATCTGCAGCGAGAAAATCCGTCTCCTGGTCCGATAATGAGGTGACCCAGGCCCCGTCCCGCGGGGCTTCTGGTTGTTCGCCAATTGACGGGCTCCAGGCGTCCCTGGTTTGATACCGGACGCCTGCCGCGAAGAGGACAGGCGATGATGACGCCTGTTCAAATCGCGTTGTGGACGGTTCTTGGAGTGGCCCTCGTGATCTCCGTGGTGACGGATGTGCTTCGCCGCGAGATCCTCGACGCGGTCACCTACCCGCTGATGGCGGTGGGTCTGGGCGTGCGCCTGGCCACCGAAGGGGTGGGGGACCTGGAGCATGGGCTCATCAGTGGTGTGGTATCGGGGGTAGGGCTCGCGTTGATGCTGCTGCCAGCGGCGCTTCGCGGGCGGATGGGGTGGGGCGACGTGAAGTTGATGGGCGGGGTCGGAGCCGTGCTGGGCTTCCCGGCGGTGCTCGCGGCCGCGGCCTTCATCTCACTGGTGGGTGCGCTTCAAGCGGTGGTGACACTGCTCTGGCAAGGCGCGGTTTGGGACACGCTGGCGGCAGTGGTGCGCCGGTGGGCGGTGTGGGTGCGTTTGGCCAGCGCGGACGCGCAGCCGGCGCCCCAGCGCCACATTCCCTATGGAGTGGCCATCGCGCTCGGCACCGTCTGGGCGCTGTGGTGGCAGCACGGAACGTTGGGTTAGCTCGGACTTCTGGAAGAGAAGAGGGGACACGGACGATGTTCACACGCATCACGCATGCCGCGGCGCTAGGCGCCCTCATCGCACTGGTGGCGGGCGGCAGCGCCCTGGCGCAGGATGGCACCACCGTCAGCCTCGGCGTGGGTTCCCAGAAGGTGATCACCATCCCTGGTCTCAGCCGCGTGGCGCTCGGTGATCCGAGCGTCGCCGAGGTGAAGACGCTCGGCTCCGGCCAGCTGCTCATCACCGGTCAGGCTGAAGGCAAGACGACGCTGCTCGTCTGGAAGTCCTCGGGCCAGCGCGTCAGCTACCTGGTGGCGGTGCGCAAGCAGGACCCCAACGAGGTCATCTCCGAAATCAAGCGCTTGCTGGGTGAGATTGAAGGCGTCTCCGTCCGCATGGTGGGTGATCGCATCTACCTGGACGGTCAGGCCTACACCACGCAGGACGCCGACCGCATCGAGCAGGTGGTGGGCCTCTACCCGAACGTGAAGTCGTTCGTGAAGATTGCCCCCAACGCCAAGAAGCTGGTGGCCCAGAACCTCAATGCGGCCTTCCAGAAGGCGGGCCTGAAGAACGTCCAGGCCAACGTGGTGGGCGCCACCATCTTCCTGGAGGGCTCCGTGGAGAGCCAGCAGGATCTCCAGAAGGCGGAGCTCATCACCAAGGCCATCGGTGAGAAGGTGGAGAACCTCCTCGTCGTCGGCATCAAGCGGATGATCCTCTCCGAGGTCCAGTTCGTCGAAATCCGCCGCAACAGCCGAGACCGCTACGGCATCCGCTACCCGACGGACATCACGGGGACCGCGACGGCCATCGCCAGCATCTCCCAGGAGCTCTTCCCGGGCACCTTCGGCTCCGGCGTTTCCACGCTCACCCTCAACGCGAACGCGGACTTCTCCTTCGGCTTCCAGGGCAACGACGGTTACGGCCGTCTGCTCGCGCAGCCCAAGCTGGTGTGCGCCAGCGGTGAGAAGGCGGAGTTCCTCGCCGGTGGCGAGGTTCCCATCCCGCTCATCACGAACAACCAGTTCACGGTGGAGTTCAAGAAGTACGGCGTCATCCTGAACCTGCGCCCCACCGCGGACCGCAA
CP070500.1_gap116	4870832	4874707	3875	CGCTGAAGGGTCCCTGCATCACCATCCGCAAGTTCAAGAAGGACTCGCTGAAGATCGCGGACCTCATCAAGTACAAGACCGTCACGGCGCAGATGGCCGAGTTCCTGGAGATGTGCGTCAAGGCCCGGCGCAACATCGTCATCTCCGGCGGCACCGGCTCCGGGAAGACGACGACGCTGAACATCATCAGCTCCTTCATCCCGGAGGGTGAGCGCATCATCACCGTGGAGGACGCCGCCGAGCTGCAACTGCCGCAGGACCACTGGGTGCAGCTGGAGAGCCGGCCGCCCAACCTGGAAGGCAAGGGCGCCATCACCATCCGCGAGCTGGTGAAGAACTGCCTGCGCATGCGGCCCGACCGCATCGTCGTGGGTGAGTGCCGCTCCGGTGAGACGCTGGACATGCTCCAGGCCATGAACACCGGCCACGACGGTTCGCTCACCACGCTCCATGCGAATACGCCGCGAGACGCCATCGCCCGCTTGGAGACGATGGTGCTCATGTCCGGCATGGACCTGCCGGTGAAGGCCATCCGTGAGCAGATCGCCAGCGCGGTGCACATGATCGTGCAGCAGACGCGCTTCTCCGACGGCACGCGGAAGATCTGCTACATCACCGAGGTGTCCGGCATGGAGGTCGATATCGTGACCCTCCAGGACATCTTCTATTTCAAACAGGATGGCTTCACGGAGGACCACAAGGTCCGTGGCCGCTACGTCGCCTCCGGCTTCGTGCCGAAGTTCTACGACGAGCTGCAGCGTAAGGGCATCCCCGTCAACATGAGCATCTTCCGCGAGGACTGACGCGCCCATGGCCACCCTGGTCGTCCGTCACCCCGACGGCACTGAGAACGAATTCGCCATCACGGGCGAGCTGAAGATTGGCCGCCAGCAGGGCAGTGACATCCTCATCACCGAAGGGGGCGTGTCGCGTACGCACGCGCGCGTCTTCGACGAAGGCGGCACCGTCTTCATCGAGGACGTGGGCAGCGCCAACGGCACGTTCGTCGACGGCCAGCGCATCATGGAGCCCACGGCCCTGACGCCGCAGTCGGAGGTCCTCCTCGGGGACTACGTGCTGCGTCTCAAACCGGCCGCGGTGCGGGGTTCTGGGGCCCGGCGCTCGGCGGCCAGGCCCGCGGCGGGGGGCGATGAGCCCATGCCGGTGGGCGACGAGGGCGGCGGTGTACGCGCCACCCGGGCCATGCCCAGCATCAAGAAGGGCTCCGGCGCAGCGAAGAGCGAGCCCGGCGCGGCGCTGGCGAAGCGGCCCGCGCGTCCGGCACGTCCCGCCCCGGGTGGCGGCGCACGTCCGGCGCCGGCGGGTGGCCCGGTGCTTCGCGGCATGGTCGGTCCCTGGGCCGGCCAGACATATCCGCTCAAGGGCAAGGTGCTGGTGGGGCGGCAGCCGCCCGCCGGCATCATGCTGGATGACGACTCCGTGAGCCGCCGCCACGCGGAGCTGGAAGCGACCAGCTCGGGCGTGACGGTGCGGGACCTGGGCAGCGCCAACGGGACGCTGCTCAACGGCGAGCCGTTGGACCAGACGCCGGTCCCGCTCGAGCCGGGGGATCAGCTCCAGTTCGGCGTGGTGGAGATGACCTTCGAGCCCGAACCGTCCGCGGTGCCCGTGCGCCGGGGCGCGGCGGGCGCGGCGCGTGGGGGCGCGGACGAGGATCCCGCCGCCAAGCGCAAGAAGCTCATCATGGTGGCGGCCGGGCTGGTGGGCGTGCTGCTGATGGTGGGCATGGTGTCCTCCATCCTGAACCCCAAGCCGGTGGACGTTCAGGGGCCGGGCGGGGCCGCGCAGATGGATCCGACGCAGAAGATCCAGGACCTGCTGAGCGAGTGCCGCTCCTACGCATCCAGCGAGCTGGGCGCCCCCAACTGGGAGAAGGCCCACGAGGTCTGCACCCAGGCATTGGACCTGGACCCCATCCACCCGGAGGCGAACACGCTCATCCGGCGCATCAAGCTGGAGAAGGAGTCCTTCGAGTACTACTCGCAGGGCGAGCGGCTCCTGCAGCGCCTCAAGCCGGAAGAGGCCCTGGAGTCGTTCCGGAAGATCCAGAAGGAGAGCGAGTACTTCCGCCGCGCCCGCGCCAAGGCGCGCGAGGCCGCCGAGGCGGTGACGAAGCGCGCACAGGAGGACTGCAAGCTGTACCTGCGTGACTCGCAGTGGAGCGCCGCCGTGTCACGCTGCGAGGTGTACATGGCGGTGTGGTGCCAGTCGAAGCCGCGCGAGGACCTGCAGCCGCCCCTGGGCTTCACGCTGAAGCTGGAGGGCCGCCTGCGCCGCGACGAGTGGCGGCCGAAGGATCCGATGTTCGTGAAGTTCCTCATCGCGCGGCAGAAGATGGACGCCAACGCGGCGCCCTGGGTGTGCCCGGTGGCGGAGGTTCTGGCCGGTGACGAGCGGGTCGCGGACCCGCGCACCTTCGTCATGGAGGCGGCGAAGAAGCGCTTCCCCAACAAGCTGATGCAGGCCGCGCTCCTGGACTACTGGGGTGGCCGTGGCAGCGAGGCGCTGGCCACCATGCAGAAGCTGCGCGCCAACTACGAGGCCGCGCAGTACCACGCCGAGGCGGACGAGCTGATGAAGATCATGTCCACCGTGGATCAGCTCTTCAAGGTGGGCCAGAGCTATCTGGCCGCCGAGGATCCGGAGAAGGCCGCGGAGCCCTTCCGCGAGGCGCTGGCCACGGACAAGGCGGTGATGCTGGAGCTCGCGGAGTCCAAGCCGTCCTTCTACCGGCGCAACATCCTCCAGGACATCGCGGAGAAGTCGTACCAGCGCGGCAAGCACTGGGCCGACCGCGAGGACCGCCGCCGCGCCTGCCGCGTGTGGAAGCTGGGGTTCAGCTTCTACGCGGGCAATCCGAACCTGAACAAGGCGGCGGCCTTCTGCTCCTCGAGGGCACTGGAGGCCTTCCGTGCGGCGTCGGGCTGCGGCGACATGGCGGTGGCGCTGGACTACGCCGTCAAGGGCGACGGTGTGGAGGAGATGGTCGTCGCGAAGCAGGCGGAGCTGGGCTGCAAGTAGCACGCGTCGTGGACAGGGCCGGGCGGGCGCGCTAGGCACGGGGGCATGGTCGACACCAGCCCTTCGCGCTCCGCGCCCACCCTGGTCCTCATCGACGCGTCCGGCTTCATCTTCCGCGCCTACCACGCCATCCCTCCGCTCACGACGAGCAAGGGTGTGCAGACCAACGCCGTGTTGGGCTTCACGCGCATGGTGCTCAAGGCCCTGCGTGAGCTGAAGCCCACGCACGTGGCGCTCGCCTTCGACAAGGAGAGCCGCACCGAGCGCCAGAAGATTGATCCAACGTACAAGGCCAACCGCGAGGGGCCCCCGGAGGACCTGGTCCCCCAGTTCGCCCTCATCCGCCGCGTGGTGGAAGCCATCAACGTGCCCGTGCTGGAGGTGGCCGGCTGGGAAGCCGACGACGTCATCGGCACGCTGGCCGTGAAGGCGAAGCAGGAGGGCTTCTGCGTCCAGGTCGTCACCGGCGACAAGGACTTCGTGCAGATTGTCGACGACGACGTGCGCCTGTACGACCCGATGAAGGACGTGCACACGCTGCCCGCGGACGTGAAGGCGCGGCTGGGCATCGAGCCGGGGCAGATGCGGGACTACCTGGCCCTCATCGGCGACGCGGTGGACAACGTCCCCAAGGTGCCGGGCATCGGGCCGAAGACGGCCACCGAGCTCATCCAGCAGTTCGGTGACGTGGAGACGCTGCTCTCGCGCCTGGATGAGGTGAAGAAGCCGAAGATCCGGGAGAACATCGCCTCGCACCGCGAGAGCCTCCTTCGCGCCAAGGTGCTCGTCACCTTCAAGACGGACCTGTCGCTGGACGTGCGCATGGCGGACCT
CP070500.1_gap117	5073466	5076156	2690	CTTGGCGAGAGGGAAGGTGGCGAAGCTGAGGTCGCCGTGCGCCGGCTCGGCGGGCTTGACCTGGGCTTCGATGTCGGCGGCCGGCACGCCCAGGGCATTGGCAAGAGCCTGGGCGAAGGCGGCGCGGTAACGGGAGTAGACGGATGTGCTCATGGGGCTGCGGGGATACTAGACAAACCGAGGTGGCTTCCGGCCACCTCTTGTTCGCGCCCGCGGCGAATCCCCCAGTCACGGCACGGCGGGGGCTCGCCGGCTGGGCCGGACCACCGCAGAGACGGTGTCCAGCAGCTTGGGCAGGTTGAGGGGCTTTTCGAAGAAGCCGTCGATGCGCTCCAGCCCCTGGCCCGAGGTGAGTGACGCCACCTCGGTGGCTCCGGAGATGATGTACACGACGATGTCCGCCAGCGACTCGTTGCCACGGATGTAGCGGAGCACCGATTGCCCATCCTCCTCGCTCAGCCGCAGGTCGAGCAGGACCATGGCTGGCCGGATGTGAGAGAGAATGGACCGTGCCTCGGATGCGCCCGAGGTGGCCATCACCCGGTAGCCCTCCTGCTCCAGCACCTGCTGCAGCACCTCCCGGCAGTCGGCGTCGTCCTCCACCAGCAGGATGCCGCCGCTCTTGGGCGCCGCCTGGGCCATCTCCGGCGCGCTGACGGCGCCGGCGAACATGGGGAGCACCATCTGGAACGTGCTGCCCTCGCCCAGGACGCTGGCGCTCTCCATTCGTCCGCCATGGAGGGCGACAATCTTCCCTACCAGCGGCAACCCGAGCCCCGCACCAGGCGGCCGGGGCATGCCCGGGGTGGCGCGGTAGAAGGCGTCGAAGACGTGCTCCAGGGCCTCGCTGGACATGCCCGGGCCGCTGTCCTTCACGGTCAGCATCGCCAGGCCGTCCTCGGCGGAGACGCGCACCTCGACGGTGTCGTCCGCCTCGCTGTGGTGGATGCCGTTCTCCACGAGGTTGTGGATGGCCTCGGCGATGCGCTCGCGGTCGCCGCGGACGAACACCTCGGGGCAGGGGGGAATCACCACGCGTACCTTGCAGTGCTCCGCGAGCGCCCCCAGTGAGCGCACCACTTCCTCCGCCACGGCCTTGAGGCCGAAGGGACGCTGATTGAGCTGCATCTTCCCGGACTGGAGCCGGGACATGAGCAGCAAATCGTTCACCATGCGCAGCATCCGGTCCGAGTTCCGGTCGCAGATCTGCACCGCGCGGCGCTGGGCATCCGTGAGGGGCCCCAGCTTCTCGCGGCCCATCATCGCCAGGTAGGACTTGATGGTGGTGAGCGGGTTCTTCAGGTCGTGCGAGACGTTGCCCAGCAGCTCCTCGCGGTTCTGCTCCAGGCTCTTGAGGCCAGCGATGGCCGTCTGCAGGTCCTTGTTGCGGCGGGCGCTGTCGTCACGCAGGCGCGCCACCTCGTAGGCGGCGGTGAGCTGCGCCGCCAGTGACTGCAACAGCGTGTCGGACGGCTCGCGCCGGGAGCCCAGCACCACCAGGACGCCACCGACGCCTTGCGGGCCCTCGAGTGGCACGGCGACTGTGTCCCCATCACGCAGCAGCGCCTTCTGGGAGAAGGCCCGGCCCACCACGCCCTCACCGGGGACGGCGGCGGTGACGCGGTCGTCGTAACGGCCTCGCACGTGCTCGACGTGGAGCTGCTCCCGGGATGGGAAGTAGCGCGCCACGTAGCAGACCTTCGGCTTGAGGAGTGTGTGGATGGTCTGCAGGTGGGCGCGGAGCGCTTCGGTGGGCCCCGCGTTGTCCGTCAGGTGCCGCGACATCTCCAGCAGGGCGCGGTGAGCAACATCCGCTTCCACCGAGGGGAGCGGCTTCGCGGGCCGCTTCGGAGTCTTCTTGGCCGCCTTCGCAACCGGACGCAGCGGTACGACTTCCGCCAGCGTCCCCTTCTTCTTTGAGCGCACGGGGTGAATCCTTGCTCAAGTTCCGCGCGCCTGTGAACGGCCTCTGCCTTCCGAGGCCTTCCGGAGGACAGTGTCCGTGTCGGCTGGCCGACAGCCGGGCTCAGGCCCGGCGCTGGATGCGCTGGTCGTTGCCCAGGGCGTAGGGCTCCACCAGCAGCGGCTCCACCTTCTCCCGGTAGCCCTCCACGGAGAAGCCACCTTCCGCCAGCGCGCTGAGTACGGACGTCTGCACCCGGCGAGCCGTCTCGTCGGCGGTGAGCAGCTTCAGCATGGGCTCGCGCGCCGGCTCGTACTTGAAGACGCCCAGCGCCTTGAGCGCGGCGATCTTCACGTCGTCCGACATGTCCTCCAGGAAGGGCACCACCGTGGGGGGGATGCGGGGGTCCTGGCTGCCGGCCACGTGGTGCAGCAACACCACCTTCTTCTCCGGATTGCGCGTGTAGTGGGCGGACAGGTGCTGGAGCGCGCTCACGCAGGCGGTGATGGTCTCCTCCTCGGAGGTCAGCTCACCGAGCAGCCGCAGGGCCCACGAGGCGGCCTGCTCGCTGGTGCGCAGGAACTCCAGGATGGGCGGCACGGCGACGTCCTTGCCGAAGCTCTTCACCAGCTCGAACGTGTGCTCCTTCTCATCCGCGTCCGTAGTGAGCGGGTCCACGGTGAGGGTGAAGCGGCTGAGCAGCACGGACACGGCCTCGGGGACCTTCATCTCCCCCAACTGCTGGATGGCCTTCTGCCGGGTCGCGGGGTCGCCGTACTTCTGGGTG
CP070500.1_gap118	5077908	5080220	2312	GCAGGCATTCCCTGCCGAGCCCGCGGAGGTCCAGGCGCGGGTGGACGCATTCCAGGCGGTGCTAGGAGGGGAGGCGGCGTTGAAGCGGTTCCTGTCCCGCCATGACGTGGACGTGCAGGGGCTGGAGCGGGTGCTGGCGCGGGGGCTTCGGGCCGAGCGCATCCTGGACAGCCGCATCCGGCTGCGGGCGCAGGTGGGTGAGACCGAGGTCCGCCGCCACTTCGAGCAGAACGCGGACGAATATCCGGAAGGCTACGAGGCGGCGCGCGCCGCCATCCGGGAGAAGCTGGTTCGGGGGCGGTATGGGGCGCTGGCGGCGGAAGAGCTGGCGCAGGTGCGGGCCTCGGCGCAGGTGCGCCGCGTGGCGCCCTTTGCCCGGGAGGCAAGTCGATGAGGCGGATGCGCGAGGAGTCGGCGCCCGAGGCCCGGCACGGCTACACCATCCGGCAGATGGCGGCGGAGGACCTGTCCGCGGTCATGCTGCTGGAGCAGGCCTCGTTCAAGAACCCCTGGTCCCAGGACCTGCTCAAGCGCGAGCTTCAGCACGAATGGTCCACCATCCTCCTCGTGGAGGAGGAGCGGGAGGCGGACGGGCCGGAGCTGCTGGGCCTGGCCATCTTCTGGATCGTCCATGACGAGGTGCACGTGCTGAACGTGGCCACCGCGCCCAAGCACCGGCGCCGGGGCGTGGCGCGCGCCGTCATGGACGAGGTCCTGGCGCGGGGGAGGGCCAAGCGCTGCACGCTGGCCACCCTGGAGGTACGCAAGAGCAACGAGGCCGCGCTCCAGCTCTACCGGGCCTTTGGCTTCCGCCCCGTCGGCATCCGGCCGAACTACTACGTCGACGAGGGGGAGGACGCCGTCGTGATGGTCCTCGACTTCTAACCGCACGCGGAGTAGAGGACCGCCCCGTTGTAGACCAGCCGTGCGCGGAAGCGCCGAGGCGGGGAATGGGACCTGGGACCCTGGCCGGTTGTAGGCAAGGGACAGGCCGTGCTTGACACGGATAGGCCCCTTCCTATACTCGCGCGCCTTTACCGTTGTCTTGTAGGTAGATATGCGCCGCCTGGTGTCTCTGGCGGCGACGAACCCGAAGAAGAGGTATCAGTGCCGACCATTAGCCAGCTGGTCCGCAAGGGCCGCGAGAAGCTCGTCGTCAAGGGCAAGAGCCCCGCGCTCAAGGAGTCCCCTCAGAAGCGTGGCGTCTGCACGCGCGTGTACACCACGACCCCGAAGAAGCCGAACTCGGCCCTCCGCAAGGTGGCCCGTGTTCGTCTGACGAACGGGATCGAGGTCACGTCCTACATCCCCGGCGTGGGTCACAACCTCCAGGAGCACTCGGTGGTGATGATTCGCGGTGGCCGTGTGAAGGACCTCCCGGGCGTCCGCTACCACATCGTCCGTGGAACGCTGGACTCCGTGGGTGTCGCGGGTCGCAAGCAGAGCCGCTCCAAGTACGGCGCGAAGCGTCCGAGCTGATCGCTCGTCACGCGGATCACCTTCTGTAGCGCAGAGTCCGGACGCATCGCCCCGCACCCTGGGGAGCGTCCTTGTGAAGTTCCTCCTGCAGTGCTTGAAGCCCCGTGGATTTCTCCCAATGGGAGTGGGGCGTAAGGGAAGAGAGAAGAGATGCCTCGCCGTCGCGTAGTCGCCAAGCGCAAGATTCTTCCGGATCCGAAGTTCCAGGACCGGCTCGTCACCAAGTTCGTCAACGACCTGATGCGGAAGGGCAAGAAGTCCATCGCGGAAGGCGTTTGCTACGGTGCCTTCGCCCTCATTGAGGAGCGCGCGAAGGAAGACCCCCTCAAGACCTTCAAGAAGGCCCTCGACAACGTCAAGCCGGTGCTCGAGGTCAAGAGCCGCCGCGTCGGTGGCGCCACCTACCAGGTGCCTGTCGAGGTCCGTCAGGACCGCCGCGTGGCGCTCGGCATGCGTTGGATCATCACCTACTCCAAGGCGCGTGGTGAGAAGACCATGCAGGAGAAGCTGGCCGGTGAGATCATGGACGCCGCCAACAACCGCGGCAACGCGGTGAAGAAGCGTGAAGACACGCACAAGATGGCGGAGGCCAACAAGGCCTTCGCTCACTACCGCTGGTAGGCCCTAGAGGCTTCGCGGTGACCGCCCGGGTGCAGAGGATGCATCCGGGCGGTTTTGTTAGATGAAGCAGGTTCTCTGAATCCGTCCGGCCGGCAGGTGTCGAGGCCTCGGGCCCGCCCTTCCTCCCTGGAGAGGTATTGAGTCATGGCCCGTGAGTACCCCCTCGATCGCTACCGCAACATCGGCATCATGGCGCACATCGATGCCGGCAA
CP070500.1_gap119	5126562	5128614	2052	GAAGAGGGCGATGTAGCCCAGGTCGCGCAGTTGCGGCTTCGTCAGCCCCAGCTCCGCGCCGAAGACGACGCTCATGAGGCACACGTTGACCTGGTGGTACACGAGGTAGTCGTCCTCGCGCCGCATGGTCGTCATGCCCAGGAAGTGCGTCCGCTGCTCGTAGGAGATGTCGACGAAGTCCTGCACCAGGCGCAGCGCCTTGGAGGCGTTGATGGGCTTCCCGGCGCGCACCGACTCCAGGTACTTCGTGAGGAAGAACACGGCGCGCGCGTAGATGGTCATCGCGTACTTCTTGCGGTCCACCTTCTGGTCGCCCGGGTTGTCCAGGTCCTTGTTCAGCTTCTCCTTCAGCTTGGAGAACTTGGCCACCCGCATGTTGAGCAGCTTGCGGTTGGACAGGCCGTCCTCTTCGGACGCGGTCGTCTGCTCCTTGCTGAAGATCCAGATGAAGTTCTTCAGCTCCGGAACGGTGACGGGCTTGGTGAGCGTGAAGCCACCCACGTCCTTCGAGCGCAGCTCCGTCAGCAGGTATCGCTGGTTCTCGATGGAGTTGAGGTCCACCTTCACCAGCATGCCGTTCAGGTAGAACGACTCCTTGACGCCCGTGAGCTCCAGGCGGCCTTCCTTGCTGATGATTTGATTGATGATGTCCTGGAGCTGGTGCAGCGGCTTCTGGAAGACCGCGTTCTCCGGGTCATACATCTTCACCGAGCGCACCAGCATGTACAGGCCGGCCACCAGCGAGCGCGCCAGGCCCTGGAGCTTCTCGTTGTGCTCGCGGCCGAACTCGTTGGTGTTCTCGTCCTGCGCCTGGGTGATTTTCAGGTTGTCGGCCATACGCCTATGCCTCCTCCGACAGCGCCGAGTCTCCGAAGAGCGCCTTCTTCGTCTGGTACATCGCCTTGCGAGCCGAGGTGAGGACCTCCAACGGCTGGTTCTTGTCCTCCACCACCGCCTGCAACAGCTTGTAGCCCTGGATGGAGCACGCGCCGCCCAGGCCGTGGATGGCCAGCAGCTTGTCCTCCAGCACGCGCTTCTTGTTGAGCAGCGAGGGCTTCGTCGCGAGCATCTGCTGCATCATCGACAGGGCGCCCGGGGTGCCCGTGGAGCCGATGGCCGCGTACACCGCGGCGCGCTCGTCGGGCGTCTTCTTGTCGAAGCCGGACTCCCGCACCAGGCGCATCAGGTCCGCGTAGCCCTTGTCGCGGTCGAACTCCGGCAGCAGCTTCGCCGCCAGCATGCGCACCTGGGAGATGGAGTCCGTGAGTGCGTCCGCGATGATGCGCCGGGCCTCGCCCGTGCGGCCGCGGCCGATGATGTTGAGCACCTCCAACTTCACCACCAGGTTGGGGCTCTTGAGCACCTGGCCGAACATCTTCACCCGGTCCGGGTGGTTGCTCTTCTCCAGGATGTAGACCATGTCGCGTACTGTCTGCGGCCGCTCTGACATCAGCCGCGCGACGAAGGGGTCGGGCAGCTCGCGCGCGAAACCCGCGAGGGCGTCACAGAGCAGGGTGCGGTTGTCGGCGACCTCGATGCTCTCCAGCACCGACAGCAGGGGGATGATGGAGTCCCGGCCCAACACCTGGAGGTAGCGCGACACGTCCGCGGGGTTCTTCGGCCGCGTCGACTTGAGCGACTCGCCCAACCGCATCAGTCGCTGCTCCTCGCCCATCTTGTGGAGGAAGTTCTCCAACATCTTCGCCAGGTCCTCGCTGCCTTCGCGCTGGGACAGCGCGCGCAGCTTGAGGACGATCTGGTTGATGGTGCCGAAGTCGTCCTGGAGGAGGAGCATGTCCAGCAACTGCACGAAGATTTCCTCGAGCAGGGACGCGTCATCCACGCCGCCTTCCACCACCTGGAACACGGCGCTCACCAGCTTGGGGAACAGCCGGGCGTTCTCCTCCTCGGAGACTTCGCGCTGCAGCTTCGCCTTCAGCTCGTCTGAGGCATGCCGTCCACCCACCACGAGTCCGCGAATCTGCTCCACGCCGTCCAGCTTGGCGTCCAGGTCCTCCGCGGACACGCGCGCGAAGCGCAGGTAGTCATCCG
CP070500.1_gap120	5129724	5134718	4994	ACCCGCTCTGGAAATGAGCGAGGCGGCGAGGATTGCTCCTCGCCGCCCCGGGTGTCTCAGCGGTGTTTCACCCGGCCCCCAGGAGGAGGCCCGGGCACGTGGCCTACGCCTCCTTCTGCGGCGGCGGTGACATGGCGGCGCTCTGGCCCTTGAGGGCGGAGCGCAGCAGGAACAGCGTCAGGCCGGCGAAGAAGAGCAGGCCCCAGAGGTTGGACCACAGCGGGTGGGCGTGCTCGCTCTCGCCCACCATGTTGAGGAAGCCGCCCAGGCCGCCCTGGTTGCCCAGCAGGGCAGGCAGGTTCAGCGCGCGGGTGCCTGCTCCGTCGGTGGCGATTTCCAGGAAGGCGATGAGCACGCCCGCGATGGAGCCACCGGCGATGAAACCGGAGGAGAGCAGCGTGCCCGGCGAGAAGTCGGACTCGCCGCCGCGGATGCGGTCCACGAAGTAGCGCACCATGCCGCCCACGAAGAGCGGCGCGCTGCTGCTGATGGGCAGGTACACGCCCACCGCGAAGGGCAGGGAGGACACGCCGCACAGCTCCAGCATCAGCGCGATGAACACGCCCAGGAGCACCAGGTCCCACGGCAGCTTCTGGGTGAGGATGCCGTCGATGATGAGAGAGAACAGCTGCGCCTTGGGCGCCGCGTAGCGCGTCAGTTGCTGGCCTTCATAGACGCTGATGCGGCCGCCGATGCCCGGGTCCACCACGTACTGGATGGTGTCGGACTCATCGAGCAGGTACTTGCCCGCGGGCACCGGCGTGTCCGCGCCGCGCACGTAGCCTTCCTTGTAGGTGCGCTTCGGGCCGTCCGTGACGGCGCCCAGGTCCGCCACCTTGATGGGGGCGCCGCTGGAGACGTTGAGCGTCACCGCGCCCAGGTCCTGCGAGGACACGTCGCGCCAGCTGCGCAGCTCCATCGCGCCGCTCTGCGTGTTCAGCTCGTAGCCCTGCGCCCAGACGGCCTTGCGCAGCGCCGCCTCGTCCAGGCCGCGGGCCGCCAGCGCGTCGGCGGAGACGGCCCAGGAGAAGGTGTGCTGGACGCGCGTCTCGTTGGAGAACTCCGTCACCTTCACGCCCGGGTGGGGCTCGGGGATGGTGACGGTGGCGCCGCGGTTGAGCGTCACCAGCACCAGGCCGATGAACATCGCGCTGGTGAGCACACCGACGAACAGCGCCAACTGCTGGCGCCGGGGCGTACCGCCCACCAGGAAGGCCGTCTTGAGGTCCTGCGCGGTGGTGCCGCCGTTGGACGCGGCGATGCCGACGATGGCCGCCGTGGTGAGGGCCATGAAGCGGTCCTCGGACGACGTCCAGCCCATGAGCAGGTACACGAGGCAGGTGATGAGCAGCGTGGCCACCACCATGCCGGAGATGGGGTTGGACGAACTGCCAATCTCACCGGTGATGCGCGCGCTCACCGTGACGAAGAAGAAGCCGAAGATGACGATGAGGATGGCGGAGATGAGGTTCACCTCCAGCGGCGGCGCCAGCCAGATGGCCAGCACCAGCAGCGCGCTGCCTCCCAGCACCACGGTGATGGGCAGGTCCTGCTCCGTGCGCAGCAGCTGCGGCATGGCGCCCTGGCCCCGCGACGCCTTCAGCGTCTCCAGGCTGCGCTTGAAGGCCCCGACGATGGTGGGCAGCGAGCGGATGAGGCTGATGAGACCGCCCGTCGCCACGGCGCCCGCGCCGATGTAGAGCACGTACGCATTGCGAATCTGGTCCGGCGACATGTCCCGGATGAGCTGGCCGTTGTGCATCAGCAGCGGCGTCTCCAGCCCGCTGCCGAAGAACGAGATGGCCGGGATGAGGATGAGGTAGCTCAGCACACCACCGGCGAAGGTGATGGCCGCCACGCGGGGGCCGATGATGTAGCCCACGCCCAGCAGCTCCGGGCTCACCTCGGTGGAGACGGTCGCGCTCTTGAGCCCCTGCAGCGGCGTGCTCAGGACCTCGCGGAACAGCTTCATGCCGGAGTAGGCGAGCTTGTAGACACCGCCCACGATGAAGCCGGTGATGACGGTGCGGGCGTTGGTGCCGCCCTGCTCGCCGACGATGAGCACGTCCGCGCTGGCGGTGCCCTCCGGGTAGGGCAGCCTGCCGTGCTCCTGGACGATGAGGCCCTGGCGCAGCGGAATCATCATCAGCACGCCGAGTACGCCGCCCAGCGCCGCCGTGAGGAAGGCGTGGGTGAGGCTGATGTCGTAGCCCAGGAGCAGCAGGGCGGGGAGCGCGGCGGCCACATCGAAGGCGAGCGACTCACCGGCCGAGCCCGTCGTCTGGACGATGGTGTTCTCCAGGATGCTGGAGTTGCCCAGGGCCCGGAAGATGGCGATGGAGAGCACCGCGACGGGAATGGACGCGGAGACCGTGAGGCCCACCTTGATGGCCAGGTACACGGACGAGGCGGCGAACACGATGCCCAACACCGAGCCGAGCACCAGGGCTCGCATCGTCATCTCCGCCGGAGACTTGTCGGGGGGGACGTACGGGGTATGGGCGACTGTCGCGAGTGTCTGCGCGACCGGGACGCGATCCTCGGAGATCGGCGGCGAACCGTGGGCCAAGCGGGGGGCTCCTTCAAAGGGAAACCGGCCCTTTCTAGCAGGCCCCCGGCTGGCGGTGAAACAACGCCCTCAAATGACAAGCGCCCCTGCCAGTAGGGCGGAGGCGCCTTGATGCGGGCTTGCCCCGGAATGCCGGGTCGCCGGGCCGGGTCAGTCCCGGCTCACTGCTGGGCGGCGACGGCCTCGGGGTCCACCTCGGCCATGAGCGCGGCCAGCTCCGACTTGAGCTTGTCCTTGGCGCGAATCTCCAACTGGCGGGCGCGCTCGCGCGAGAAGCCGAAGTGCTCACCCAGTTCCTTGAGCGTCATGGGGCGCTCGTTCATGACGCGTTGCTCGATGATGAAGCGCTCACGCGGATCCAGGCGCATCAGCGCGGTACGGACGCGGGCGTTGATGAGGCCCGCCTCCTCCTTGTCCGCGAACTCGTCGTCCTGCGGGGCCGCGGCGCTCACCACGAAGTCCACGTGGCTGTTGCCGCCGTCCTCGCCCATGGGCGCGTCCAGCGACAGGTCCCGGCCCCCCATGCGCTGCTCCATCTCCCGCACCTCGCCCGGCTTCACGTGGAGCCGGCGGGCGATGTCATCCACGTTCACCGCGGCGTCACCGCTGCCAAACTTCTCCAGCTCGCGGCGCGTGCGGGCCAGACTGAAGAACAGCTTCCGCTGCGCCTGGGTGGTCCCCAGCTTCACGAGCGACCAGCTCTTGAGGATGTAGTTCTGGATGTACGCGCGAATCCACCACACCGCGTAGGAGATGAGGCGGATGCCCTTGTCCGGATCGAACTTCTGCACGGCCTTCATCAGGCCGATGTTCCCCTCCTGGATGAGGTCCGACATCTTGATGCCGTATGAGCGGTACTCATAGGCGACCTTCACCACGAAGCGCAGGTTGGCGGTCACCATCCGGTGCCCGGCCGCCAGGTCGCCCTTGAGGAAGCGGCGCGCGAGCTCCTGCTCCTCCTCCACCTTGAGGAGGGAGTAGTGGTTGATCTCCGAGAGGTACATCGCCAGGGAGCCGGAGTTGGACGACTGCTCGGTGGATGCCTGCATGAATGATTTCTCCGCCGGTGGGCCTCACGGGAGGCCGGGATGGATGGATTTCGTCTGACGACGTGACGAAGGGAACTTGAGCAACAGAAATGCCAACCTGCCCCGAAGGGCCATTCCCAATGTCTGCGAGGGGTTGGCGTGCTCCAGCGGCGCATACAGCGCCGCAATCCTGTAACCGTTACGTCGCACCGGCATGAATCGCCGGATGCGCTAGCTGTAGGAGCTTCAGAACTGTTCGCATTCAAGCCTCCCGGGGGCTGCGCAGGGCCGTGCTCCCTGTGAGGGCGCGGCCATTGGAGCGATGCCCGTCACACGACGTGGCCGCCCGCGGGAAAAGGCGTAACGACGCCTCAGGCCGCTGACACACCCGGGCCGCCGGCACGCGCGGTGGGCGGCCTGGCGGCCAGGCGCGAGGACCGAGGTCCGGGTGTCAGGAAGCGCGCGCTTGGGGCGGGCGAGTACCCTCGCTGGCGACGTGCTGGGACTCCGTGAGAACAGCGCGTCTCAAGTCCGTCAGCAGCCGCGTCGCCTCTCCCTGCTGGAGCGGGCGACCGCCAAAGCGGGCTTCCAGGTAGCGCCGGGTGACGGGCGTCAGGGCGGGGGACAGCGGGTGCCGCTCCCGGGCGAGCCGAGCGTCCAGTGCTTCCAATGTTTCACCGTCGACGCGTGTGATTCGCGCGGAGGCGAGCTGCGCCTCCACCGCGTCCACGAAGCGCGTGGCCTCCAAGGGCCGCTCACGCGACAGGAACTGCGTCAGCAACCGCCAGGCGGTATAGGCCGCGGCGGCCGCGAGCAGCGCGGCACCAAAGGCCCGGGGGGGCGGCGCGCGGCTGGCCGGCTCGTCCTTCTTCGGGACCTCGTGCGAGCGAGTGAGCGAGCGGACGACCGTCAGTTGATCGCGGAAGTTGTAGTCCAGGACGACGTCACGCCACTGCGACTCCACGATTTCATAGAAGTTGATGAGCTGCTCCAGCAGGCGAGGGGACTGGCTCGCGCGGTGGGCCGGCGGCGTCGCGTCCACGGTGATGAAGCCGCGCCCTGGCACCAGCACGTGCGTCCAGGCATGCGCATCACCCGCGCGGACCACGTAGCCACCCGTCACGCGCTCGCCGCCGAAGAAGCCGGTGGCCAGCCGCGCCCGCATGCCCTGGGTGCGCAGCATCAACGTGAGCGCGGTGGCGAAGTGCTCGCAGTGTCCCTGCTTGCGCTGGAAGAGGAAGTCGGCGACCGGGTCCGGCACGTCGCCGCTCAACTCCAGCGTGTAGCTGTATTCGCGTTGCAGCCACGCGGACAGCTTCCGCGCGGCGGCCAGCGGGTCGCGTTCGCCATTCAGCACCCGCGCGGCTGTCTGGCCGACGCGGACGTCCAGCCCCTCC
CP070500.1_gap121	5142256	5145083	2827	GAACTGGCCCGCGGCAACCTCAAGAAGAACCGGCTCCAGCAGATGCGGCTCGGTCGGCAACTGGAGGATCTGGAGTCCAACCTGGCCACCGCCCTCACGCCCTTGCCCGGTCAGCCCGGCGCGGCAGGCATCCTGGCGCACAAGCGCATGCTGGAGATGGAGGACGAGGCGGAGGAGCGCAAGCTCGACCACGAGCACCGCATGGCGGAGCTCGACCAGGCAATCGCCGCCAAGGAGGAACAGGTCCAGGCCTCGGAGGATTATCTGGATCAAGCACTGTTCCTCCTGGGCGAAGACGTGTATGCACAGCGCATCAACGATGCGCAGCTCGCACCGTTCTACCCGCGGTTGGATCGCGCGCAGTGAGAGAGGCACCCGCCCGTAGTGCTTGACGGCGGAGACCTGTCTGCTACATTGCGCCGCTTCCTGGCGACCGCGGGGACGCGTGCAGTCCAGGTCATTGAACTTATTGGGTTTTTCCGCGCCACCAGCGCGCTGGCAGTGAGGACGACGTGAAGGGTCTGATTGGCAAGAAGATCGGCATGACCCAGGTGTTCAACGATGAGGGCAACCTCGTCCCGGTCACGGTGATCGACGTGGGCACCTGCCAGGTCGTTGGCAAGCGCACCCCGGAGAAGGACAACTACTCCGCGGTGACCATCGGTTTTGGTGAGATCCGCGAGAAGATTCTCAACCTGGCCGAGCGCGGTTTCTTCAAGAAGGCCAACGCGCCTTACCGCCGCCACCTGAAGGAATTCCGCGTCACGCCGGAGGAGGCTGCCTCCTTCAACGTGGGCGACGCCGTCAAGGCGGACATGTTCGCCAAGGGCGAGCTGGTCGACGTGACCGGCATCACCAAGGGCCGCGGTTTCTCCGGCGTCATGCGCCGCTGGAACTTCAAGGGCTCGCAGACGAAGACGCACGGTACGCACGAGTACCAGCGTCACCCGGGCGCCATCGGTCAGCGTAAGACGCCGGGCCGCGTGTACCCGAACAAGAAGATGCCCGGTCACTACGGCGTGGATCAGGTCACCACCCAGAACCTGACCGTGGTGGACGTGGACGTGGAGAAGGGCCTGGTGCTCGTGAAGGGTGCCGTCGCCGGCCACAACAACGGCGTCGTCTACATCCGCCCCAGCATCAAGGCGGCCATGCGCGCGCAGCACAAGGCCGCGCGCGGCGCGTAGTTCGCTGCTGAGCGTTTGAACGCTCGAAGCGCCCCGCTTCCGGGCCCGATTCCTCGGGCATCCGGGCGGGGCGTTTGTCTTGCGGGGCAGGGTGCGTGCGGTTTCCGCGGGTGGGCAGGTGTCTGCCCCGCGTGACGACCCGCATGCCTGCTTCATCACGTCCCGTGCCGTGGGATGCCCCGGAAACGTTGACCGGTGGGCGCCCGGTGGGAACGACCGTGAAAAGAATTCCGACTCCAGGCCACCTCGGCTTGTCGGTCGTGGAAGCCGTGCGCACATCCAGGCCCCACGAAGGAGTCTGAGCGTCGGGTGACGCGGACTCCGTGGCTCGGGGAGTTCATTGCACTCCCGCTCATGGCGGCCCATCCCACGGGCCGGGCAGGATTATGATCGCACGCACGCTCTGCGTCTTTGCTTCGTTGGCCGTCTCTCTGGCGGCGCCGGTTGCCGCGGCACAGGACGACGAGAACGTCCTGGACAAGGTCGTCGTCCGCAACCGGCTGTACGAACCGGGCGGCAAGTTGGAGATGTCCTTCGGGGTCGGTCTGCCGCTGCAGACACACCTGACGGCGCACTACGTCTTCAACGCCGGGGTGGCCTACAACCTCTTCAACAGCTTCGCGGTGGAGGCTCGGGCCGGCTACGCGGCCAGCCGTCATACGGGCCTGGCGCGTTCCATCTCCGAGAGCTTCCTCAACCGCGAGGACAAGCGCGTCACCGACGAGCTGGAAGACCTCTGGCAGATGAACCTGCACGGGGTGGCAGGTGTCCGCTGGGCGCCCATCTACGGGAAGCTCAGCCTGCTGTCGGACCTGCCGGTCCACTTCCAGGCCTACGTCTGGGCGGGCGGGGGCCTCGCCTCGTTCAAGCGCAACTCCGTGATCCAGTGCACGCAGGTGGTGAACCGCGAGCTGGGCATCTGCGACAACCGCACGTCGGTGGATGACCGCGGGTCGGCCACCCAGAACTTCTGGGTGAATGAGTCGCGGGTCGCCCCGGTGGTGTCGGCGGCGGTGGGCTTCCGCTTCTTCATCCTGGACAAGCACGGCGTGCGCCTGGAGCTGCGCGACTGGGCCTTCCGGGACAACTACCGCGTCAACCTGGAGCGCGATGCGTGGGAGGCGGGGCAGGCGACGGGGGAGCCCGCGCGCAGCCCTGGCCTCACGCACCTGGTGCAGTTCGACCTTGGCTACACCTTCTCCTTCTAGGTCCACCTGACTATGCGACCGTTCCTGTCCCTCGCGCTCCTTGTCGCCACGGCCACGCAGGCCGCGCCACGCGTCCCGGCTCCGGCCTTCGCGCTGGCGCAGGTCCAGCAAGTGCCCGCGCCCGGTGCTGAGACGTCCGTGCCGCCACCGTCCACGCAGTCCCAGTCGCTTCCGGAGGCCCCTGTCGGGCCCGCGTCCCGGCCCGAGCCGCTGGTGCCCGCGGAAGCCACGGAAGCGTTCGCGCCGCCCGCGGGTGTCCGCCCCAACGCGGCCCCGGCGCAGGGCTCCGACGAGGTGCCCGCGAGCGAGCCTTCCCGTGTTGACGACACCGCGCCGGTGCCCTCCGCCGAGCCCGCGCCCACCGTGGGGACGGACCCCGCTCCCGCGACGACGGGCATGGCCGGGCAGGAGGCGCCGCCGGTTCCCGATGAT
CP070500.1_gap122	5213209	5215139	1930	CGGCGTCGCGGAGCGCCTCGATGAGGATGTTGACGTTCGCGGTCGCGGCGTCGTGTTTCACGAGAACCTGGCGTTGCTCGAACCGCACGTTGACGTCCTGCACGCCTTCGACTTTCCGCAGCGCGGTGTTGATGTGGCTGACGCAGGACCGGCAGGACATTCCCTCGACCTTCAGGAGGGTCTCATCATTCGGGTTCATCGGGTGGCTCCATCATCAAGCGGCGTTCATCGCCGGCTCGAAGAGGGAGACGCGGACCGTCGCGGGTACTTACAGTCGCGCGGCGCCGAACTCACTGCTGACAACCGGCGTGCCAAACCCAAGGGCTCCAGGCCAGCGCGCCCGCGCCTGCCTGGGCGCCCCAAGCGCATGTTGCCTGCGACAGACGGTCCGGTTGCAGAGGAGTCCTGTGCTCTCAACCTTGCCTGGGGAGAGGGGGAGGCCCGACATGGCGCGGAAGAGTGGCAAGGGGAAGACGTCCGAGGAGCAGCAGGGCGGCGACGGGCAGTCGGCGGCGGTCTCCGGTGGAATGAAGACGTACCACGAAGGGGAGCGTTTCCCCGGCCGCATTGGCAGGACGTGGGAGGAGTCCGAGCCGGCCTTCCCCGTGCCTCCCGAGGCGCCGAAGGGGGCGCCGAACATCCTGTACATCATCCTCGACGACGTCGGTTACGGGGCGTGTGACACGTTCGGCGGCCTGGTCGAGACGCCGAACATCACGCGGCTCGCCGGCAACGGTCTCCGGTACACCAACTTCCACACGACGGCCCTCTGCTCACCGACGCGCGCGTGCCTCTTGACGGGGCGCAACCACCACTCGGTTGGCATGGCCAACATCACCGAGCTCGCAACCGGCTTCCCTGGCTACGACGCGCGCCAGAAGCCGGACAAGGCCGCCATTGGCGCGATGCTCCACCAGCACGGCTACGCGTCGTTCGCGCTCGGCAAGTGGCACAACACGCCGTCGGAGGAGTCCGGCCCCTCGGGCCCGTTCGACCGGTGGCCCGACGGGCCGCTCTTCGGGTTCGACCGCTTCTACGGCTTCATGGGCGGTGACAACAACCAGTGGTACCCGAAGCTCTACGCGGGGCGCGAGGCCATCGACCCTCCGCGCCTGCCGCAGGAGGGCTACCACCTGTCGGAGGACCTCGCCGACAAGACGGTCGATTTCATCTCGAACCATGCGTCGTTGACGCCCGAGAAGCCGTGGCTCGCCTACCTCGCGTTCGGCGCCTGCCACGCTCCGCACCACGTCTGGCCAGAGTGGATTGAGAAGTACCGTGGCAAGTTCGACATGGGGTGGGACCGCTACCGCGAGCAGGTGCTGGCGCGGCAGAAGCAGTTGGGCGTCATTCCGGCCAACGCCGCACTCGCGCCCATGCTCGAAGGCGTGCCCAGGTGGGATGATTTGTCGGACGACCAGAAGCGGCTCTTCGCGCGGATGGCCGAGGTCTACGCCGCCTTCCTGTCGCACGCGGACGCGCAGATTGGGCGCGTCGTCGAGTACTTGGAGCGGTCGGGCCAGCTCGACAACACGTTGCTCTTCGTGTTCATCGGCGACAACGGCTGCTCCGGCGAAGGCACGAACTCGGGCCTCTTCAACGAGGGCGCGCTCGGCACGGAGCGCCCCGAGACGGTCGAGACTCTGGAGGGGAACCTCCAGCGCATCGACAGGCTCGGGCAGCCGGGCTCCTATAACCACTTCCCGGTGGGGTGGGCACTGGCGATGAATGCACCGTTCAAGCTCTGCAAGCAGTACACGCACTTCGGCGGGACGCGGAATCCCCTCGTGGTGCACTGGCCCAAGGGCATCCAGGCCCGAGGTGAAATCAGGACGCAGTTCCACCACGTCATCGACATCGTCCCCACCATCCTGAAGGCCGCCAGGATTGAGGCGCCCGCCGTCGTCAACTCCGTCTCCCAGGCGCCGAT
CP070500.1_gap123	5217838	5218890	1052	AGTGCTTCACCGGTGGCTTTTGCCGAGCGGATGCGGGTGGTACGGAACCTCGATCGAGGTCCCCATGTGCCGAAACCGATGGCTGTTGGCGAGCATCGTTTCCTTCGTTGCTTGTGTCTCCGAGCCGAAGAGGCTGCCCGCCTCCATGGACCCCTCGAATCCAGATGCGCCCGAGGCCCCGCCAGCGCCCCAGTTGACCGCATTCGCGGCCTCCACTCCGGAAGTGCCTGCGTCTGACATGTCACAAGGAGAGATGGGGCACTCCCATCACGGTGCATCCTCGGATGGAGGCGTTGTCGTCTACACGTGCCCCATGCACCCTGAAGTGCAGTCCAGCAAGCCAGGAAGCTGCCCGAAGTGCGCTATGGGGCTGGTTCCGGAGAAGCCTGGAGACACGGAGGTGGGGGACGCAGGGGCACCCGGCGCTGCACCGGCCGACCATGACCACGCCCCCGGGCACGGGGGGCATCCGTGAGGCTGTCTTTGCTCGTGGGCGCGGCACTGCTAGCAGGAGGTTGCGCGTCCATCCAGAAGGAGCGTGGCCACGCGGAGGTCGCGGCGCTCGTCGAGGAGCGGCTGGGCCGCAAGACGCGCTGGAACCAGGGCACTCCAGAGGACGCTGAGGTCGCGCGCCATCTCGACGCGCTCCTGAAGGAGGACCTCACCTCGGACCATTCGGTGGAGGTGGCCCTGCTCAACAATCCGGCGCTCCAGGCCACCTACGAGGACCTGGGCGTCTCGCAGGCCGACATGGTTCAGGCCGGCCTGCTCTCCAACCCGACTTTGGACGGGAGCATCGGCTTTCCCATTTCCGGGCGTGGCGCGTCAGAGCACGAGGTCTCGCTGGTGCAGGACTTCGTGGATCTCTTCACGCTGCCCCTGCGCAAGCGCGTCGCCCGGGAGCAGTTCATGGCGGACACGCTACGGGTGGCGCACGAAGCGCTGGCCACCGCGGCGAAGGTGCGCAAGGCCTTCAGCGAGGTGCAGGCCCTCCAACAGCTCATGGAGCTGCGCCGCATGGCGCTCCAGGCGGCCGTGGCGGCGGCGGACCT
CP070500.1_gap124	5233379	5236743	3364	CTTCCAGCGCTCCTTCTGGGCGGGCGTTCCGCTCAGCGTCTTGCCGTTGAAGGCGAAGCTCTCGTCGACGAAGGCCTTGGGCAGGTACGGGGCCGCGCGAGCCACCGCGTGGAAGGCCAGGTAATCCTTCCACGCCTGCAGGGGCTCGCTCTGGGCGAGCTTCGACAGGGCCGTCAGCGCGCTCGGCTGCCAGACGATGACCTGCTCCTGCGTGCCCAGGCCCGCGGCGTCGAAGAACTCCTTCCAGGCGAGGCCGGGCGCGCGCTTCACGAACTCCGCGCGCGGCCAGGGGTTGTTCGCCTTGGAGATGTCCCGCGTGTCGACCTGCGACACGTGCGCCTGGGCCATCTTTCGCTCCAGGGCGAAGACGCGGCCCGCGCGGGCCTCCACGTCATCGAAGCCGGCCAGCTTCAGCATGGCCGCGATGTGCGCCTGGTAGCTCTTGCGCAGCTCCGTGAAGCGCGGGTTGTCGACCAGGTAGTAGTCCCGGTCGGGCAGCCACAGGCCGCCTTGCAGCAGGTAGGGGGCGTAGCGCGACGGCTCGTTCAGGTCCTCGGCCACCCAGAGGCCGAAGAGCCGGTCCGTGGTGACGTCGCCCATGTTGAGCGCGTCCACGTCCGCGCGGAGGGTGGCGCCCAGCACCGTGGCCAGTTGCTTGCGCTGCCCGATGGCGGCGATGCGCTCCAGCTCCGGCTTGAGCGGCGCCACGCCCTTGGCCTCGATGGCCGCCTCATCCATGAAGCTGGCGAAGATGTCGCCCACCTTCCGGGCTTCGCTGCCCTCGGGGGCCTGGCGCTGCTCCTCGATGAGCTCGCGGTTGCGCTGGTCCGCCTGCTCCGCCAGCGTGGTGAACATGTTGTAGCTGGAGCGGTCCGGCGGAATCTCCGTCCGCTTCACCCAGGTGCCGTTGGCGAAGCCGTAGAAGTCGTTGCCCGGCACGATGTCGCGGTCCATGCCGGGGGTATCGAAGCCGAAGGTCCCATACGTGGGCTTCGGCTTGGACGCGGGGGCCTCGGCGGGCGCCGTGGCGACAGGCGCGGGCGGTTCTGCTTTCTCCGCGGAGGTGGAAGACGCGCAGGAGGTGAGCAGCGCAGTGGTGCACGCGGAGACCAGCACATGCCTGGCGCCGGGGAAACGTCGATGGGGATGTGTCAAGGATTGCTCCTGAAACAGGGGACTGCGAGCCGAAAACCGGGGATATAGACGGTCCGGCGTGCGAAGGCGCGGACCGAACAGCGGATTCGGCGGTTTCATCCCGAGCGGGCGGACCTTTCGCCCGGCCCGGCTCCGCCACAGTCGCCGAACGGCCGGGCCATACCCGAGGGGCGCGTGACGGACGCCTAGGTTTGCAGGGAGCCGGGGCCGCGATGTGTCCGCGCCCCGACATCCAGGAGGCTCCCATGCGGCTGTTGTTCCGAATCACCCCCGTGCTGTTGGGGCTGGCGCTGGCGGCCTGCTCGGGCATCCGCGTCAACACCAACTATGACCCCACGGCCGTCGAGCGCATCGATGACTTCCGCCGGTACGCCTGGCTGCCGCAGCCCCAGGGCAAGGACGCCCGCGTCTACAATGACATCATTGACGTGCGCGTGCGCATGGCGGTGGACCAGGAGCTGAAGGCCCGTGGCTACCAGAGGGTGGACATGAGCGAGGACCCGGACTTTCTCGTGGGGTGGCAGGGCGCCATCAACACCAAGGTGTCTGTCGACACGGTGGACTCCTTCTATGGCTACCCCTGGGGCCCATACTGGAGCCCCTGGAGTTCCTTCTACGGACCCTACGGCTATCCGTACGGGATGGGGGGCCCGCGCACCTATGTCCGCGAATACGACGTGGGCACGCTCATCCTCGACGGCGTGGATGCCCGGGAGCAGCGGCTGGTCTGGCGCGGCACGGCCCAGGCGGAGCTCCACCGCAACCTGTCGCCCGATGCACTCCAGAAGAAGATCAACGACGCCGTGCACAAGATGCTGTCGCGCTTCCCGCCCCGCCCGGAAGCGTCCTGAGCCGGCCAGGCAGCCGCTTCCTCGCGTTTTCGGTTGCGAGCCCTCATGTCGGCCGCCAGTATTAGACCAGTGGTCCAACCATCGGTCCAGGCTGGGTGTTCGATGAACGAGGCGACAGGCTCGAAGCACGCCGAGCAGTGGGCGGCGCATTGGTACGCGGTGGCGCGGTCACCGGCGCTCGGGACAGGACGGCCCTTGGGAATCCAGCGCCTGGGGCGGCGGCTCGTGCTCTGGCGGGACGCCGCGGGCGAGGCCCACTGCGCGGATGCGGCCTGTCCCCACCGGGGCGCGGACCTTGGGCTCGGACGCGTGCGGCAGGGGGCGCTCGAATGCCCCTACCACGGCTTCCGTTACGGCGGTGGCGGCGCCTGTCTGGCCATGCCCTGTGAGGGGCCTGACGCGAAGCCCTCGCGAGGCCTCGCGCTGCGCATGCATCCGGTGCGAGAGGCGCATGGGTTCATCTGGGCATGGCTGGGGGGCAGGGCGCCCGCGTCCCTTCCCGCGTTGCCCTGGCTCGCGGACGCGCCGGAACCTGATTCGAGCAGCGCCGCGGTGGAGGAGGTCTGGAACGCACGCTTCACCCGGGTCATGGAGGGGATGATGGACCTCCATCACTTTCCCTTCGCGCACCGGCGTTATGTCCCGCCGGGCTACACGCGGTTGGACCCCTATGAGGTCCACGTGGACGCAGGGGCTATTCGCACCGTCGGCTGGCTGCGCAAGGAGACACGTCCGCCTGGGACGGGGTTCCGTTTCGCCATCGACGTGGGCTACCCGGGCGTCCTCCACCTGCGCTTCACGCCCCGGCTGGTCGCCGCCGTCGTCTGCACGCCCGTGGATGCCGAGCACACGTGGATCGCGGCGCGCTTCCACCAGCAATACGTCCGGCTGCCAGGGCTCCGGTGGCTCGCTGCCCGGCTGGCGATTGCGTTCGAGTTCCGCTTCATCCAGCCGGACGACTACCGGATGGTCCGCTCCAGCCTGCCTCGCTCCGGTGCGCTGACTCACGGCACGCTCATTCGGGCGGACCGCGCCATCGTCGCGTGGCATGAGCTGCATCGCGCGGCGCTCGGCGACACTCCTGGCGCATCCTGATAGAAGCGCTGCGTCCGATGCCCCGTCCCCGCGCCAGCAGGCTCGACCCCGAGCGCAGACAGACACTCCTCGCCGTGGCCGCGGAGGAGTTCGCGGAGCACGGCTTCGATGGGGCCTCCTACAACCGCATCCTGGAGCGCGCGGGCTTCTCGAAGGGGGTCGCGTACTACTACTTCGAGGGCAAGGACGACCTTTATGCCGCCGTGCTGGCCCTCACGTTGGACACGCTGGCGCAGCGATTCGGGGCCTGGCATCGGCCCGCG
CP070500.1_gap125	5251147	5254009	2862	TGCAGCGGCCGCTCGCCGTCCTGCGGGAGGTGGGGTTGGGATACCTGCGGCTGGGGCAGCCCGCGACGGAGTTGTCCGGCGGCGAGGCCCAACGCATCAAGCTGGCCACGGAGCTTCAGCGGGCCCAGCGCGGCAGCTCGCTGTACGTGCTGGACGAACCCACCACGGGCCTGCACCCCTCCGACGTGGACAAGCTGATGACGCAGTTGGAGGGGCTGGTGGCCTCCGGCAACACCGTCATCCTCGTCGAGCACGACATGCGCGTGGTGGCCGCGAGCGACTGGGTCATCGACATGGGCCCGGGCGCTGGGGACAAGGGCGGGCGGGTGGTGGTGGCGGGCCCACCGGAGGAGGTGGTGGGCCTGCCCTACAGCCAGACCGCGCCCTTCCTGGAGGAGGCGCTGGGCTGAGCTTCCAGCGCCCGTCGGAGCCTCCGAGCCGTGGCCGTGAGGGCCGCCGGGCTCGGAGGTGGAGGCCGCGGAATCAGCGCGCCTGCGCCTGTGCCGCGGGCACGGACAGGCCTTCCGCCTTGAGCGTCTGGCTGGCCATGCCGGACATGCTCTCCGCGAGCGACTGCACGGAGCGGGTGGCTTCCTGCGTCTCCTGCACCGTCTTCAGCGTGCGCTGCATCTGCCCGGACAGCTCCTGGATGGCCTGCGCCATCTGGTGGGTGCCCGCATCCTGCGCGCTGACGGCGGCGGTGATCTGCCGCACGCTGGAGCTGGTGTCGCCGATGATGTCGGCCAACTGCTGGAACTGTGCGCTGGAGGTCCGCACGGCGTCGAGGCTCAGCCGCACGCGCTCGTCGCCCTTCTCACTGGAGCGGGCGGCCTCACGCATGCTGTTGCTGACGCCGTCGAGCACCTCGCGGATGCGGTGCGTGGCCTGGATGGACTGGTCCGCCAGGCCGCGCATCTCCCGGGCCACCACGCCGAAGCCACGGCCGCTCTCTCCACTGCGCGCCGCCTCGATGGCGGCGTTGATGGCCAGCATGTTGGACTGGTCCGCCAGGTCCTTCACGGAGTCCACGATGCCGGAGACCTCGCGGGTGCGCTCGTCGAGCGCGAAGATGCGCCGGGCCATGTCGGAGACCTCGGTGCGGATGGCCGCCAGGTCCGACAGCGTGCGCTCCAATGCGGCCGTTCCCTCGCGGCCCACCTGTTCAGCGCTCTCCGCGGAAGCCGCGAGCGCGCTGGCCTTCTCCGCCGTCATCTGCGAGCTGCGGCGGATCTCCTTCACCGTCTGCTCCGCCTCCTGGAGCGCCACGGCCTGACGGCTGACGCCCTCGGTCTGCTCGTCGCTGGACGAGCGGAGCTGCTGCACCACCGTGGCGAGCTCGCCGGCGCCGTTGCCCATGCGCTCGGCCAGGTTGCGCACTTCCTGCGCGCGCGCCTCCAACTGGTGGGTGTGCGCTTCGAGCGTGCGCACCACCATGATGGAGCGGCGGGTGACGATGCCCAGCAGCGACAGCGTCAACGCGACGTAGCCCCAGTGCGTGACGTTGCCCAGCGACCAGCCCACCAGGCCGATGACGGGGAGGATGGTGAGGACGATGGAGAGGACGAGCCCCGCGAAGCCACCGACGAAGAGGCGCGCGTCCGGGTTGCCCAACCACGCCTGGGTGATGGCCACTGAGAGCACCACCAGCAGCACCACCATCGCCATGGGGAGGAAGGGCACGAGGATGCGCTGCCCGATGCCCAGGTCAAGGAGCGTCGCCAGGGCGCACACGCCCGCCACGGGCGAGAACACCATGGCCGCCTTCTGGAACCAGCCGCGCCGGTTGTCGAGCAGCGCGTCCGAGACGAACTCCATCAGACCGGCGACGAGCAGGAAGATGCCCATCGTGGTGCCCAGCGTGGCGGCGGCGGACGAGCCCCACAGCGCCGTGGGCATGCCGCTCAGGCCCAGGAGGATCAGGCCGCCGCTGGCCGCGGAGACCGCCAGGCCCGCCAGCATCCGGCGCCGCCAGTGGAGCGCGAAGGCGCCACCCGCGCCGAGCGCCACCGCCAGCAGCAGGCAGCAGATGACGAAGGGCGCCTGGCCCTGGCGCGTCACGTAGACCAGCAGGTCATACTTCGAGCCCACCTGCGCGGCCTGCGCCACGCCGATGTTGGGATTGCTGGACTGGATGCGCAGCAGCACGCGCTTGCCCTGCGCATCGCGCGGCAGGGGCACGATGTGCCAGGACAGGTTCTCGCCAATCTCGTAGCTGTCCGGCCGGATCTTGCCGCTCGTGTAGATGTGCTGGCCGTCCGCGTACACCTCGAGCGCGTGGGTGATTTCGCCCAGGTACAGCGCGGGGTCCGTCCAGCCGCCGTCGGGGATGGGGATGCTGAGCCACATGAACTTGTGGTCGCCGCGACCCTCCGGCGCCGCGAGCGCGGGCGTGGTCCGCCACTCCTTCGAATCCCCCGTTTCCTTCGCCCACAGGGGCGTGCCATCCGAACCCACGGGGGAGTCACCCCATCGGAAGCGCCACCCGTCGAGCACGTTGACAGGAGGTCCCGCCTCGGCCGCGTGGGCCGAGGACGTGAGGGCAAACATCAGCAAGAGTGCGGAACAGAAGCGGAAGCCAGCCATGGAGTGCGTATGGTCTTCCGCCCGGGCACCGAATGTAAATGGGTCTTCCCGACCTCTCCCGAGAATCGATTGGCGTTGCTTGGAATTGACGTCCACAGAGAGCGTGGCAGGCAATGAATGCCGCGAATTTTATACTTCCGGTGAATTCCTCGCTCCGGCAGCCCGTGGGGGAAGCGGCCCACCGGCAAGGTTGTTCCTGGAAAGCCGGATGATCCTCAACGTCCGGACCATGTTCCGATCGGGTTTGAACGGCGACCCGGTGCGTCATGTTGAGTCCGA
CP070500.1_gap126	5255341	5259942	4601	AGCCCCGCGCCGCGCGCTCCCATTCGGCTTCGGTGGGCAGGCGATAGGTGACGGAAGGCGTGCTCAAGCGCCGCGCGAACTGTTCCGCGAGCGAAGGGGCGACCGCGACCATGGGCTTCTGGTCATAGCGCAGCGGGCCCTCGCCCGCGCGCGCTGGCGTGCCGAACAATTCCTGTGAGGTCTTGATGACGCCGTCGCCGGTTTCCCATCGCGTGTGGATGGCGTGGGCGTGCCAGTCACTGGCCTGCAGGGTGTCGTTCTCGCAGTACTGCAGGCGAATCTTCGAGTCGTTGAAGTACGCGAAGCTGTCGGTGAATCCGTCGAGTTGTTCGTCCGTGGGGAACTCGGGCGGTTCGGGCCAATCCAGGAGGCGAGCGAAGGCGCTCCATGACAGCGATGTGTCGCTCATCCAGAACGCGGACAACGTCACCGCGTGGGCGGGGCGCTCGTCGGGTTCGCCGTCGTCGCTGCCCATGATGAATGTGCCCGCGGGGACATAGCGGAACACGAAGCCGTTCTCGATGACGGTGAGCTGCTCCAACACGTCCTGGAGCATCGGCAGGACGTCCTCGCGTGCCTGCCAGGCCACCGCATCCAGCGTCGCGGCGGCGCCTTCCAGGTCCCCACTGGCACGCTGGACCCGGGCTTTCCCCAGCGCGGCTTGGATTACCGACATGCGCCCCCCTGTCCCCGCTCCGCGCCGAGCACGGGCAGTGGATGTGACTCCGTGGCAGCTCCCAGGGACTGGGCTTGCCAAGGGTCCTCCGCGAACGCGGAGCCATTGTAGAACTGCGCACGCGCGCGGCAGCCCCCGGTGAAGCGGTCTCCCGTCTGCTTCGCCCGGAGGCGCTGGAAGGACTGCCCGTCACGCCAGATGTCCTCGAAGGGGCGCGTTCGGATGTTGCCGGACTCGAAGGCCCGGCCCAGGAAGCTGCACGGATTCACGTTGCCCTGGACGGAGACGGAGGCCACCGTGTTCGCGGCTCCGCAGCCCGGGCCCTCCGTCACGACGCCGCGCAGCTCCTCGCGCGCCGAAGGACTGAAGGGGTCCAACGCGAAGAGGTCCGAGTCGGCTTCGACGCGCTCCAGCCGCGCGAGTGCGTCCACGTAGCCGTCGAACGTGGGCATCAGCTCTGGGTGCCGGGTGGCGGTGCCGACGGGGTACAGCGGGCGGAAGACGGCGGTGTGCGCGCCCACCCGCCGGGCCAGTTCGACGCAGGCCTCGACTTCCGCCACGTTGTCGCGCGTCAGCGTGAAGGCGAGGGTGAAGCGCGCATGCTGGCCGAGTAGCGCGAGCTTCTCCATCACCCGGTCGAAGACGCCAGCGCCCCGCACGGCATCGTTCGTCCCCGCCTGGGCGCCTTCCAGCGACACGTTCAGCCACACCAGCTCGCGCTTGCCGAGCTCACGCGCCCACCGTTCGTCGATGAGCAGCGCGTTGGTGGTGATGCAGGGATGGAGGCCGTGGCCCGTCGCCGCGTCGAGGATGTCCAGCAGGTCCTTGCGCATCAGCGGCTCACCGCCGGTGAGTCCCAGCCGGAAGCTGCCCAATCCGGCGAGCTGCGCGAAGAGCGCGTCCATCTCCTTCACGGAGAGCGGGGACTGATTGCGCGGCAGCTCCCCCGCGAAGCAGTGCGTGCACGTGAGGTTGCACGCGCCAATGACCTCCAGGTGGACGGCGAGCGGGCCCAGCAGGTGGTCGGGTGGGGGCGCCCGGTCGATGCGGGCCGCCGCGAGCCGGCCATCCATCCGGAGGTAGCCCTTCGTCGACAGGTGCTGGATGAGCCCGATGACGGCGTCCCGGTCGCCAGCCTCCGCATCACCGATGACGTCGTCCGCGGTGTGCTCGGTGAGCCGGGTGAGCACGGCCGCCGCGGGGGCATCGAACGGCATGTAGCGAGAGGAGCGCCGGTCGAAGAGGAGGGCGCCGAAGTGCTGAGGAATGAGGACCAGGGAAGGGCGGCTCATTTGAAGCCCTCGTCGTCCACGTGGAAGGACCACCGCACCCAGGCCTTCGTGGCGCTCGAGGCCAGGCCCAGGCCCGTGGCGTCGTCCTTGAGCATCTGCCACCGCCAGCGCTCGTTCGTCTTCGGTTCGGGAACGGGCCGTTGCACCAACGGCGCGAAGCCCGCGTCGGCGAAGTCCGGTAGGCGCCAGCCTTCGGGAGGTGGCCGTGTCGTGGCCTTCCATCGGCCATCCGGAGCGGATGCCAGTTTCGGGTGGACCGCGCTGGCGATCTCCGGATCCAGCCGGGCCTCCATCAGGACGAAGCCCCTGTCTCCGGGACGGTTCACTTCAAATGACAGGATGTGCGCACCCGGGGTGACGAGCACCCGTTGCTCCACGAGGGGATTCCCATCGAGGAACAGGCCGCCGTCCGGGACGCCATTCAGGTAGGAGGACAGCGACAGACCGATGGACGCACCGGGCCTTCGCCAGCGAAGCACCACACCGCCACAGCCCGCGGGCACCTCGCAATGGCTGTGGATCTCCAGCGCGAGCTGGCTCGACCTCTTGCGGTAGCGCGCCAACGCATTGAGGCGGAAGTCGTCCGAGTTCGACATGCCGGCGTTGTACCGCGCGCCACGCACCTCCGCGAACCGCGTAGGAGCCGAGCATTCACGGTATTCCTGGAGCGTATCGGGTCAAATGTCGGACATCGGAGGAAAATTGCGCCACGTATGGCAGGGCTGCTCCGGTGACTTCGGCAACGCCCAGTGCTTCGACGTGGGCGGCCGGTGGAACGCCAAGGACGGCATGCCGGCCAGCGGCGCGCTGAATACCTTGGGGCCGTAGCGCGTGCTCATTCTCTCCAAGGACCTGTGATGAAGCTCGAAGGCTCCTGCCACTGTCGCGGCGTGCGGTTCAGCGTGGAGACGCACCACCCGTCTCCCTTCATGCGGTGCTACTGCTCCGTGTGCCGCAAGACGCAAGGAGGCGGAGGCTTCGCCATCAACCTGTCGGGGGACGCGCGCTCGCTCAAGGTGCGCGGCCGGCAGCACGTCAAGGTGTACCGGGCGCGCATCCAGAACCCGGAGGACGCGAAGGCGCACCAGAGCAAGGGTCAGCGCCACTTCTGTGGCCGCTGCGGCTCCGCGCTGTGGCTGTATGACCCGAGGTGGCCAGAGCTCATCCATCCGTTCGCGTCGGCCATCGACACGCCGCTTCCCGAGGCGCCCGAGCTGGTCCACATCATGCTCGAGTTCAAGCCTGACTGGGTGCCCGTCCATGCGGGCAAGAAGGACAAGAAGTTCCAGCGCTACCCGAAGGAGTCCATCGCGGAGTGGCATCAGCGCCACGACGCGGAAGTGGGCTGAGGCGGCTCGGGGGGCCGCCTGCTGTCCGGACGGGCGGCACGACGTTGCCCGGAGCGCGGGTTGTGGCGGGTGCCTCGGGGGCCCAGCGTGTCTCTCATACGCGGAGGCAATCGATGGCACAGGGCAGCTCGCGGCGAATCCGGTATGCGGTGGTGGGGGCGGGGAATATCGCGCAGGTGGCTGTACTTCCGGCCTTCCAGCACGCCCTTGAGAACTCGGAGTTGGTGGCGCTCTTTTCCTCCGACGCGGAGAAGCGCGACGTGCTGGGGAAGATGTACGGCGTGCGCCACACCGCGAGCTACGACGACCTTGAGCAGGTGCTGCGCGACGCGGACGTGGACGCGGTGTACATCGCGCTGCCCAACACCCAGCATCGCGCCTTCACCGAGCGGGCCGCTCGCGCGGGTGTGCACGTCCTCTGCGAGAAGCCCATGGCGACCTCGGTGGAGGACTGTGAGGCGATGATTCGCGTCACGGACGAGAATCACGTCAAGCTGATGATCGCCTACCGGCTCCACTTCGAGGAGGCGAACCTGCGGGCCATTGACCTGCTGCGTTCGGGGCGCCTGGGTGAGCCGCTGATGATGTCGGCGCTGCTGACGCAGCAGGTGCGGACCGGGGACATCCGGACGCGCGTGGACGTGGGCGGAGGCGCGCTGCTCGACGAAGGGCCGTACCCCATCAACGCGGCGCGCTACCTCTTCCGTGACGAGCCCACCGAGGTGTTCTGCTACACCAACGAGGAGCAGGACCCTCGCTTCAAGGGCGTGGACGCCACGGCCTTCGCGTTGATGCGCTTCTCGAATGGGCGCATCGCGCAGTTCGGCATCAGCCACGCCGCATCGGCGGTCTCCAGCTACCGGGTGGTGGGGGAGAAGGGCGACCTGCTCGTCGAGTCCGCGTTTGGCTACGAGAAGGAGCGCAAGCATGTCCTCACGCTGGAGGGCAAGACGGAGGAGCGCGTCTTCGCGACGCACGACCAGTTCGCGCCGGAGCTGCTCTACTTCTCGAAGTGCGTGCTGGAGGACCAGGAGCCCGGGCCGTCCGGCCGGGAAGGGCTCGCGGACGTGCGCGTCATCACCGCGATGCAGGAGTCCGCGAGGACGGGGCGCCCGGTGAAGCTGGAAGCATTCCCGATGAAGCGGCGGCCGTCCCTGGACCAGCTCATCGTCCGCCCCGCGGCCAGGCCGCCAGCGCCAGTGAACGCGCCCGCGCCAGTGCAAGGATGAACTTGCGTCCACTGGAAATATTTCCCGCGCGCGAGCTTCTTCGTGCGCTGAATGT
CP070500.1_gap127	5331832	5334551	2719	CGGGTCGTGACGGCCGCCCTTCGCATGCTCCTGCAGCGTCGCGGGCGGCTTGAAGAAGGTGCGAATCTGCATCGGCTCACCGTTGGCGAGCCCGCCCTGGATGCCGCCGTATGCGTCCTTCACGGCGTGGAACTGGATGCCGGGCTGGCCAATGCGCTCGAGCAGGTCCGGCGGACCCCAGACGACGCCCGTGACGGCGCCGATGCTGCCCAGGGCCTGCGCGATGCGCGCCTTGAGCTTGCCGAAGATGGGCTCGCCCAGACCCACGGGCAGGCCCTCCACGCGCACGTCAATGGCGCCGCCCAGGCTGTCGCCCGCCTCCTTCGCGGTGAGGATGCGCCGGGACATCTCGTCGCGGATGGCGACGTCCGGGCAGCGCGTGGCGTGGGCGTCCACCTGCTCGCGGGTGAGTCCCGGCGCGGGCACGGCGGCCACCAGGTTGCCCACCTGGGACACGTAGGCGACGGTGCGGATGGAAGGCACGTCACGGGCGAGGTACGCCTCGGCGATGGCGCCGCCGATGACGCGGCAGAGCGTCTCGCGCCCGCTGGTGCGCCCGCCGCCGCGGTGGTCACGGTGCTTGAAGCGCTCGCGCCACACGGCGTCCGCGTGGCCGGGCCGGTCCTCGGCCTTCAGCTTCTCGTAGTCCCCCGAGCGCTGGTTGGTGTTGCGCACGATGGCGGCGATGGGCGTCCCCAGCGTCTTGTCCTCGAAGACGCCGGACAGGAGCTCCACCTGGTCCGGTTCGCTGCGCGCGGTGGTGATGGTGGACTGGCCGGGGCGCCGACGGTCCAGCGCGACTTGAATCTGCTCGCGCGTCAGGGGCACGCCGGCGGGGCAGCCATCCAGGATGGCGCCGAGAGCGGGCCCGTGGCTCTCTCCAAACGTCGTCAGGCGAAACAGTTCGCCGAAGGTATTCATGTCGCGGACTCCCAGAGTTGGCGCTGACGCCGGGCTTGCGCGATGAACCACGCCGCACCCAGCAGGACTGGAGTACCGCCGCGTTGGACAATCTCCGCGGCGATGCGCCGGCCCGGGGCTCCGTAGGCGATGACCGCCACACGGGCCCCGTCGAAGCGCAGGTCGTCAGGAGCGGGCACCCTATCGGGCCAGGTCCAGACGCCCGCCCCTGTGAGAGGCGCCTGGATGTCGGCGCGTCGCAAGACGCGCAAGTCGCAGCTCAGCTCCGCCGCCACGGACCGGAGCGCCGAGGTGGCGCCACCGTCCCCCAGGACGAAGACTTCGCGAGCCCCGAGCCGCTCGAGCACCGTGCGGGCGCCGAACGTGTCGGTATTGAAGGCTTCCCACCGGCCGCCCCGGCGGACCAGCGTGTTGATGGCGTCCAGCGAGGACCCCGTGTGCTTCGCCAGCCGCAGCTTGAAGGGGCTGGTGACGGCGAAGCCTCCGTAGTGAGGCAGGAGCGCGTCCACCACGGCCTCCACCGGCCCGTCCTCCGGCAGGTCGATGCGGTCGAAGGGCTGACGGTGGATGCGGGGCGAGCGCGAGTGGACGATGGACGTCCCCAGGATGCCCAGCCGCAGCGGCGGCGCCACCGTGTACCGGTCCGCGCCGCGCAGCGCTCGCACGGCGTCGTCCAGCAGCCGCTGGCCGGGCGCCGCGACCCAGGCGCCTCCCGCCGCGACGTAGTCCAACACGTTGTTCTGGGCGAGCAGCGCCCGCGTGGGCAACGCCACCGCGCCCATGCCCAGCACCGTGACTCGCGTGGCACCGAAGCGCTCCACCATCCGCCGCTGCGTCTCCATCAGTGTGACGAGGTGGGCCGGGTCCGTCATCGGCTCCACATGCTTCACCAGGGCGTCGGCGGGCAGCTCACGCTCCCATAACTGGAGCGCTTCCTCCGTGGAGAGCTGCCGGCTCGCGTGGTGCGACGCGAGCAGCTTTCCGGGAGGTGCCGCCAGCGATGCCTGCTGCCCCGACGCGTCCATCAAGTCCCTGTCCACGCGCCAGGCCGCGGCCACCCAGGGGGCGGGCAGCGGCTTGCCCCGCTCGGAGACGAGCAGCGGCAGCACCGCCGCCAGCGCCTCGGGCGAGATGGCGTCAGGGGCGTGCAGGTCCGTGCGGATTTCCAGGACGTCCGCCCCACGGCGCTGGCCGTCTCGCGCGAAGCGGACAGCGTCTTCGCCGAGCAGGGTGGGGGGCAGGGTGACGACGCGCCGGGCGGGCGTCACAGGGGCACCTCGGGGGCAAGGCAGCCTCGGAGGAAGTCCTCCAGGGCCACGGTGGGGACGCGGGCGTGCAGCACCTCGCGCTCATGGAACACCGCGGACAATTCTTCTTCGAGCGACATGTCGGCGCGCAGCCGCGGGCGCGTCCGGTCCGTGAGCAGCCGCTCACGGTAGGTGTCGAAACAGATGGGGACGACCAGGGTGAAGAGCCCGGTCAGCGCGTCGGGGTGGTGCGACAGGAAACCGCCTCCCACGGCCACCAGCCCTCCGGCCGGCAGTCCTTGCAGGGCGCGGCGTTCAGCGGCCCGGAACTCCTGCGGCGCTTCCGCCACCCATCTGCGCAGCGGGCGCCCGTGCAGGCGTTCCAGGTGTGCGTCCAGGTCCAGCCCGGGGCGCGCTAGCATGCGGGCCACCATGGGCAAGAGGCGCGACTTGCCCGCGCTCCGGTGGCCGGCGAGCACCACCGTCTGACTGGAGCCGGGGAGCGGGGAGGGGCCCGGGCGGGCTACCGCCTCCCTCAGTCCCGGCGCGAG
CP070500.1_gap128	5352626	5354955	2329	AGTCGGTGAAGAAGACGGTCGACTCCGTCAAGCTGTAGTCGCTGGACAGTCACGTGCGGCCCGCTGGGGAAACCTGGCGGGCCCTGTGCCTGATGCTGTGGATGACGCGGGCTAATTGCCCCGGACGCCATCGTTGCAGCGCGTTTTCACCAAGTTAACTAGCCTGTAGAACTCGCACGGGACGTCCGGGCCCTGGCGCGCCACCTGGCGGGCCGGCTCAACCGAGCAGTGTCCGACGTCCGGCAGTCAAGGAGACGATGATGGCACCAGCAGCGCGGTTCACGGTGGTGGGCGGCGGCCTCGCCGGGCTGATGACGACGATCAAGCTCGCGGAGGCGGGCCACCAGGTGGATGTGCTCTCGCTCGTCCCGGTGAAGCGTTCCCACTCCGTTTGTGCCCAGGGCGGCATCAACGGCGCGGTGAACACCAAGGGCGAAGGCGACCACCCGGATATCCACGTGAAGGACACGCTGCGCGGCGGCGACTTCCTCGCGGAGCAGGTTTCGGTGAAGGGCATGTGTCATGCCGCGCCCGGCATCATCTACCTGTTGGACCGCATGGGCGTGACGTTCAACCGCACGCCGGAAGGTCTGTTGGACTTCCGCCGCTTCGGCGGCACGCTGCACCACCGCACGGCCTTCGCCGGCGCCACCACCGGCCAGCAGCTGCTCTACGCGCTGGACGAGCAGGTCCGCCGCTATGAGGCCGAGGGCAAGGTCACCAAGTACGAGTACTGGGAGTGGCTCGGCACGGTGAAGGACGACAGCGGGCGCTGCATCGGCAGCGTGGCCGTCGACCTGCGCACCATGGAGATCCGCACCTTCCCGGCCGAGGCCGTCTGCCTGGCCACGGGTGGTCCGGGCATCGTCTTCGGACGCTCCACCAACTCCATCATCAACACCGGCACCGCCGCGGGCCGCGCCTACATGGAGGGCGCGCACTACGCCAACGGTGAGTTCATCCAGGTGCACCCGACGTCGATTCCGGGCGAGGACAAGCTCCGCCTGATGAGCGAGTCGGTGCGTGGCGAGGGCGGCCGCGTCTGGGTGCCCCGCAAGAAGGGCGACACGCGGGCGCCTCAGCAGATCCCGGAGGCGGAGCGCTGGTACTTCCTGGAAGAGAAGTACCCCAAGTACAAGAACCTGGTGCCGCGCGACGTGGCCACCCGCGAGATCTTCATGGTCTGCCGCGAGCTGGGCATGGGCATCAACGGCCGGGACGGCGTGTACCTGGACGTCACGCACATCCCCGCGCCGGTGCTGGACGCCAAGATCAAGGGCGTCATGGAGATCTACGAGAAGTTCGTCGGTGACGACCCGCGCAAGGTGCCCATGGTCATCTTCCCGGGCATGCACTACTCCATGGGCGGCCTGTACGTGAACTTCGAGGCCGACCCGAAGACGCAGACGCCGGCCGAGGGCAGCCCGAAGAACCAGTCCACCACCATCCCCGGCCTCTACGCCGCGGGCGAGGCGGACTACGCCTTCCACGGCGCGAACCGCCTGGGCGCCAACTCGCTGCTGTCGTGCATCTACTCCGGCATGATCGGCGGCCCGGCCATGGTCTCCTTCGCCAAGAGCCAGGGCACCAGCGCCGCGGCGATGCCGGAGAAGCACTTCCAGGCCGCCCGGCAGTACTGGCAGGACCGCTTCGCCACCATGCTCAAGATGAGTGGCACGGAGAACCCGTACGGGCTCGCCAAGGAGCTGGGCGACACCATGACGGAGAACTGCACCGTCGTGCGCTACAACGACCGTCTGAAGAAGACGATCGAGAAGATCCGCGAGCTCAAGGAGCGCTGGAAGAACGTCAACGTGCTGGACACGGGCAATGTGGCCAACCGCGCGCTGTCGTACACCAACCAGCTGTGGAACATGTTCGAGCTGGGCGAGGTCATCGCGACCAGCGCGCTGCTCCGCGACGAGAGCCGCGGCGCCCACTACAAGCCGGACTTCTCGCTGCCCGAACCGAAGACGAAGGACCCGACGCAGGACCCGGAGTGGATGAGCCTGTGGCGTGCGCGCCACGAGAAGTGGGCGAAGACGACCGTCGCGACGTACAGCGAGGCCGGCCCGAAGATCCACTACGAGGACATCCCTACGCCCGTGCTGGACCCCGAGCCGCGCTGGTACGCCTGAGACGGGAACCACTCAACCGATTTGGAAGTGAAGGGTCGAGCCACATGGACACTGCACAAGCATCCGCTGTCACCACCAAGACCATCACCTTCCGCATCTGGCGGCAGGATGATCCCGCGAAGCCAGGCCACTTCGATGAGTTCAAGGTTCCCTATGCGAAGGGCGCCAACGTCATCTCGTGCCTGATGGAG
CP070500.1_gap129	5356937	5359933	2996	TCGTGGTGCGGCTGGAAGGCACCAACGTTGAGAAGGGCAAGGAGCTGCTGAGCAACTCCGGCCTCGCCATCACCCCGGCGGACAACCTGCGTCAGGCGGCGGAGAAGGCCGTCGCTGCGGTGAAGTAATCCCGCGCACTCTTTCCTGAAAGAACGCCATGGCCATCCTCGTCAACGAAAACACGAAGGTCCTCTGCCAGGGCATCACCGGCTCGGCGGGCTCGTTCCACGCGAAGCAGATGCTCGAGTACGGCACGAAGCTCGTTGCCGGCGTGACTCCGGGCAAGGGCGGCACCACGTTCGAAGGCAAGGTCCCCGTGTTCAACACGGTGGCCGAGGCGGTGAAGGAGACGGGCGCGAACACGTCCGTGGTCTTCGTGCCGCCCCCCTTCGCCGCTGACTCCATCATGGAGGCTGCGGACGCGGGCGTGGCCCTCATCATCGTCATCACCGAGGGCATCCCGGTCAACGACATGGTGCGCGCCAAGCGCTACCTGCAGGGCAAGCCGGGCATCCGGCTGGTCGGCCCCAACTGTCCGGGCGTCATCACCCCGGGCGCGCTGTGCAAGATCGGCATCATGCCGGGCCACATCCACAAGCCGGGCCGCATCGGCGTGGTGTCCCGCTCCGGCACGCTGACCTACGAGGCCGTGCACCAGCTCACCCAGCTGGGCCTGGGCCAGTCCACCGCCGTGGGCATCGGCGGTGACCCGGTCAACGGCACGGACTTCGTGGACGTGCTGAAGCTCTTCAACGCGGACCCGGACACCGACGCCGTCATCATGATTGGCGAAATCGGCGGTGACGCCGAGGAGCGCGGCGCCGAGTACGTGGCGCGCGAGTTCACCAAGCCCATCGCCGGGTTCATCGCGGGCCAGTCCGCGCCCCCGGGCAAGCGCATGGGCCACGCCGGCGCCATCATCTCCGGCGGCAAGGGCACGGCGACCGAGAAGATCAAGGCCATGGAGGCCGCGGGCATCCTGATGGCCGCCAGCCCCGCCGAGCTGGGCACCACCCTTCAGGAGGCCCTCAAGCGGGGCGCTCCGAAGAAGCGCTAAACCCCAACGGAAACACGAGAAGGAGCCAGTCACATGGCTATCGAGCGTACGCTGTCCATCATCAAGCCGGACGGCCTGGAGAAGGGCGTCATCGGGAAGATCATCAGCCGCTTCGAGGAGAAGGGGCTGAAGCCGGTCGCCATCCGCCTGCAGCACCTGTCCCAGGCGCAGGCCGAGGGCTTCTACGCGGTCCACAAGGCCCGGCCCTTCTTCAAGGACCTGGTGCAGTTCATGATCTCCGGCCCGGTGGTCCTGATGGTGCTGGAAGGTGAGAACGCGGTCCTGGCCAACCGGGACATCATGGGCGCCACCAACCCCGCGCAGGCGGCCGAGGGCACCATCCGCAAGGACTTCGCCACCAGCATCGACAAGAACACGGTGCACGGCTCCGACAGCCTGGAGAACGCGAAGATCGAGATCGCGTACTTCTTCCGGGAGACGGAGATCCACTCCTACCCGTACCAGAAGTAGCCGGCCGGCCGCCTATGGGGCCGCCGTTCCAGGCCCGGTGTCCGTGCTCTCAGAAGGCGCGGGCCCGGGCCGCTGTTCTTCCAGGAGACACTACCGGGTAGTGTCCACGAGGCGGGCAGGGGAGCATGGGCTCCTTTGACTTGCCGTGCCCAGGTGTGGGAAGGGACGCCCCTGGGCCCACCGTTAAGCGCAACGACGATGTCAGAGACCTCCGCCACCTCCCTGCCAGTCACCGAGCCATTGCCGGCTCCCGCGCCCGCCAAGCTGGTGGACGTGGCCAGCCTGTCGTTGGAGGCGCTGTCGCGCTTCGTCACCGAGGAACTGGGTGAGCGCGCCTTCCGTGCCCCGCAGATCTACCGCTGGCTGCACCAGCGAGGCGCCACCTCGTTCGACGAGATGACGGACCTCTCCAAGGTCCTGCGTGAGAAGCTCAGGGCGCGCGCGGAGATCGTCCCCCTGGTGAAGGACTGCGAGCTGCGCAGCACCGACGGCACCATCAAGTACCGGTGGAAGACGCGGGACGGGCGCTACATCGAATCCGTCTACATGCCCACCGAGGACCGCAGGACGTTGTGCGTGTCCACGCAGGTGGGCTGCGCCATGGCCTGCGGCTTCTGCATGACGGGCACCATGGGGCTCAAGCGCAACCTGACCCCCAGCGAGATTGTGGCCCAGGTCCACGCGGTGAACCGCGAGGTTCGCAAGAACGAGGGGCACGAGACGCTCCGCCCGCTCTCCAACCTGGTGTTCATGGGGATGGGGGAGCCTCTCCACAACTTCGAGAACCTGAAGACGGCGCTCTCCATCCTCCAGTCCGAGGACGGGCCGAACTTCAGCCACCGGCACATCACCGTCTCCACCGTGGGGCTGGTGCCGATGATTGAGCGTTTCGGCAAGGAGACGGACGTCAAGCTGGCCATCTCCCTCAACGCCAGCACAGACGAGCAGCGCAGCAAGACGATGCCCGTCAACCGCAAGTGGAACATCGCGGCCTTGCTGGACGCCTGCCGGAAGTTCCCGCTGCGTCAGGGGCGCCGCATCACCTTCGAGTACGTCCTCATCAAGGGCTTCAACGACGCGGACGAGGACGCGCACCGGCTCATCGAACTGCTCAAGGGCATCCCGGTGAAGGTGAATCTGATCCCCTACAACGAGAATCCCGGCCTGGGGTTCCACACCACCGGCGAGGAGCGGGCGGAGGAATTCCGCGCCATCCTCGCGGACGGCCACGTCGCCGCCTACATCCGCAGGAACCGGGGCCGGGACATCGCCGGCGCCTGCGGGCAACTCGCCAATCGCGGCGAGACACAAGCCGGGACCGATAGTACGACATAAGTTCCCGAACTTCCTTGACAATCCAACGGGTGCAGCGTTAAGAGCGCCACCCCTTTCCTAAGACGTTTCCTGTTCGTTGGAGAGCATTCAATGGCCGTTGTCCTCCGTCTTGCCCGCGCGGGCGTCAAGAAGA
CP070500.1_gap130	5365967	5366890	923	CCGAAGAGCATGCCCGCGGTGTGAGGGGCGTTGATGCCCGTCTCCTTGCGGTTCCACGGGCCCGTGAAGCAGTTGTCCGGGGCGCCCAGGTTATCCGGGTTGGAGTCCTTCTGGGCGCAATTGGAGTAGGCACCCGGACCGCGCACGGGGATGGTGTAGTGCGCCTTGAAGTACGGCTCGGCTGCGCCGATGCGGCGCGAGAAGGCCGTGTAGAGCTGGTACTTGTGGATGCGGTCGCCGATGTTGCCGCGGCTGTCCGAGTTGGTTGTGTCCGCGGCCGCGTCGCGCAGCTTCGCGGTGGGGGCCTCGTACTCCAGGCCGACAATCCAGGTGGGCTTCGTCTCGTCCTTCTCCTGGTTGAAGAAGGCGTAGGCCAGGCCGAAGCGCATGTTGCCCAGGCCGCCGCGGAAGCTCTCCTGCGGCACGTCGAACAGGGCGCTGCCCGGTGCCGAGCCCTCCAGACAGCCCGGGATGACAGAGCCGTTGGCGTTCAGGCAGTTGTTGGTGATGGTGGACGTCTCGGGAGACGAGTTGGACGTGAAGTCCCAACGCTCGTTCTGCGAGAAGACGACGGGCAGGGCGAAGGAGAACTCCAGGTCCCTATAGAGGCCGACGGACAGCTCCAGGTTGAGCCGGGCGTCCACGCCCTTGTACCAGAGCTCCGACGCATCCCGGCGGCCCGCCGGTTGCCCGGTGGGGGCCAACTGCTCGCGGATGATCTTCGCGCGGTTCTGCGTGCGCTCGAAGCCGACGTCGATGAAGAGGTCGAACGGGTCGTCCTCCTCGAGCGACGACGCAATCCGGGTGATGTCCGCCGCGGTGGCGGCGAACGGCGCGCCTAGCGTCAGCGCGGCAAGTACGACGCGAAGCCTGTGCATCCGACCTCCGACGGCAAATCTCCCCGGCCTTCCGGCAAGCCCGGG
CP070500.1_gap131	5484311	5488038	3727	ACTTCGCGCGGACCTCCCGGTGCGCCGGGGAGCACGGGGACCAGCAGGCCCGTCTTCTCGTGGTCGACGATTTCCGACGGGCCTCCGGAGCGCGTTGCCACCAGCGGTAGACCGGAGGCCATGGCCTCGATGGCCGTGTAGCCAAAGGGCTCGTAGAGCGAAGGCACCAGCGCCAGATCCGCGATTCGATGGAGCAGCCCGAGCTGCTGGCGTGGCAGTTTGCCCAGCAGCTTGATGCGGTGGCGCAGGTGCGCGTAGCGCTGGGTCAGCGTCTGCACCATCTGCGTGGACTCTCGCGAGTCGGTGCCACCGGCCAGGAGGAAGCGCACGTTGGGGCGCCGTTCGAGCACGCGCTCGGCGGCGGCGAAGATGGCGCTGATGCCCTTCATGGGATGGAGCCGACCCGTGTAGAGGACGACCGGGTCATCCGGCGTGGCCACTGTGGCGCGCAGCCGGGCGTAGTCCTCCGGCGCGTGCGAGGGCTGGAGGAAGGGGCCCGCGTCCATGCCGCAGTGGATGGTGTGCAGCAGCGACGCCGGCATCCCATAGGTCTCCCGGATGAGCTCGCTCATGGAGTCGCTCACCGAGATGACGTTCGTCGACCCGTCGTAGAAGCTGCGCTCCTCCTCGAGAATCTCCGGGTCGGGCGTCTGTCCCCACCATCGCTCGGCGGGCTCGGAGATGTAGTGGCTGGTCCCCAGCACCGGCACACCGGTCTCATGGGCCAGCGCTCGCGCGGCGCGGTGGGTGTGCCACTGGTGGAAATGGATGAGGTCTGGCTTCTCCTCGTGGATGAGCTCGCGGCCTCGGTGAATCAGGTCGTCGTTGAAGACGCGGATGCCGCCCACCAGGGAGAGCTTTCCCGCCTGGGAGAGGCTGCCGCGGCTGGGCGGCATCATGTGCACGGTGAGGTTGGGCTCGCGGAGCACGGCGGGCTCGCCGGGCGTGTACGCCAGGACGGTGACCTTGCACCCGCCGCGCGCCAGCCCGCGGGCCAGCTCGTAGACATAGGTGCCCACACCGCCGGCCACGTTCGGCGTGTACTCCATGGCCAGGAGGAGCGCCTTCAGGGGTGGGGAGATAGGAGGTGCCATTGGGCTGTCTCTCAAAAAGGGTGTGGACGCGCGGCTAACGGCTGGCCGCGCCCTCCTTGGCGGTGAGCTCGGCCAGGATTCGCAGCAGGGCCTCCACCTCCGGGTCATCATGGCCGGGGCTCTTGCGCTGCTCGGCTACCAGGGCCGCCAGTCGAGCCACCGTCGGCGCCTCGAACAGCGATTGCAACGGCACCGTGAAGCCGAAGGTGTCCCGCAGCCGTCCCACCACCGTGGTGGCCAGCAGCGAGTGTCCACCGAGCGCGAAGAAGTCGTCGTGGACGCCCACCGGCCGCACGCCCAACACGTCCTCCCAGATGCGCGCCACCACCTGCTGGTCCTCGGTGTCGGGAGCCACGTAGGCCACGGCCAATGCGGGGCGGGAGTAGCCCGCGGCGGGGGCCTCACCGGGCTCCTCCGTTTCGGGGACGCGCTCCGCGGACGGCGCGGCGGCCAGGGCGCGGTGCCCGTCGGGGGAGACCCAGTAGCGCTTGCGCTCGAAGGGGTAGGTGGGCAGCCCGACGCGTTGGCGCCGTGCCTCGCCGTTGAAGGCTTCCCAGTCCACATCCACGCCGGACATCCAGAGCTGTCCCAGCGCGCCGAGCAGCACGGTCGTATCCGCCTGTCGCGTGTCCGGATGACGGAGCGAGGTCACCGTGGTGGGCGCCTGCCGGAGCGCGCCAGGCTGTGACGCGAAGGTGGTCAGCGTGCGGCCGGGGCCGACCTCCAGGAGCACCTGCGCGGGTTGTAGCTGCGCGAGCCCCGCGGCGAAGCGGACTGGCTGACGCAGGTGGCGGGCCCAGTAGGCCGGGTCCTTCGCCTCGGCGGCCGTCACCCACGTGCCGGTGACGTTGGAGAGGAAGGGAATCTGCGGCGCGGACAGCTTCATCCGGCGCAGGCGCTCGGTGAAGGGCGCGACGATGGGGTCCATCATCGCCGAGTGGAACGCGTGCGAGGTGTGCAGGCGACGTGACTGGACGCCACGTGCGTCCAGCCGGGCCTTCAGCGCGTCCACGGCGTCGTCGGGGCCGGCGACCACCGTCATCGACGGCGCGTTCACCGCGGCCACGGACAGCCGCGCATCCAGCGACGACACCAGCTCCGCTTCCGACAGCGCGACGGAGAGCATTGCGCCCGGCGGCAGGTCCTGCATCAACTGGCCCCGTGCGGCCACCAGGGCTAGCGCGTCCGGCAAGGTGAAGACGCCCGCGAGGCACGCGGCCACGTACTCACCGATACTGTGGCCCACCATGGCCTCGGGCCGCACGCCCCAGGACATCCACAGCCGCGCGAGCGCGTACTCGATGATGAAGAGGGCCGGCTGGGCCAACCGCGTCTGCTGCAACTGCCGCTGGGCTTCCTCGGCGCGGTCCGCGGCGGGGAAGAGGACCTCGCGCAGGTCCACCTTGAGGTGCGGGATGAGCCGGGTGGCGCAGTCGTCCACGTCCGCGCGGAACCCACGCTCGTTCTCGTACAAACCCTGCGCCATGCCCGCGTACTGCGCGCCCTGGCCAGGGAACATGAACACGGTGGGGCGGCTGGTGCGCTCCTCGGTGGCGGAGAGCTGCCGGCTGATGTCGCCCAGCGCCGTGAGCGTGTCCTCACGTCCCTGACAAACGATGGCGCGGCGGTGCGGGTGGCGCCGCCTGCCCACTTGGAGCGTGTACGCCACGTCCGCGGGCTCCAGGCCCTTGTTCGCGCGGAGGTGCTCCTCCAGCCGGGAGGCCTGCGCGGCGAGCGCCGTGGGTGTGCGCGCCGACAGGATCAGGAGTTGGTGCGAGCGCGTGGACGAAACCGGAGCGCGGGAGGGCGGCTCCTCCAGGATGACATGGGCGTTGGTGCCGCCCATGCCGAAGCTGCTCACGCCGGCGCGCCGAGGCTCGCGGGCGGGTGCCTTCCACTCGCGCAGCTTCGTGTTGACGTAGAAGGGGCTCGCGTCCCAGGGGATGTTGGGGTTCGGCGTCTCGAAGTTGAGGCTGGGTGGCAGCTTGCGGTGCTTCAGCGCCAGCGCCGTCTTGATGAGGCCCGCCACGCCCGCCGCCGCGTCCAGGTGGCCCAGGTTGGGCTTGATGGAGCCCAGGGCGCAGGTGCGCGGTCCGGCGGCCTCGTCGCCGAAGGCGCGGATGAGGGCCTGCACTTCGATGGGGTCTCCCAGCGCGGTGCCGGTGCCGTGCGCCTCCACGTAGCCGATGCTCCCGGCCGATACGCCCGCGCTGCCCAGGGCCTCGGAGATGACGGCGGCCTGGCCCTCGACGCCCGGCGCGGTGTAGCCCACACGCGCGGCGCCGTCGTTGTTCACCGCGGAGCCCTTGATGACCGCGTAGATGGGGCTGCCATCCGCCAGCGCATCTTCCAGGCGCCGCAGCGCCACCACGCCCGCGCCGCTGCCGAAGACGATGCCCTTGGCCTGCGCGTCGAAGGGGCGGCAGTGCCCGTCCGGCGACAGGATGCCGCCATCCACGTAGCGGTAGCCGCCCTGAATCTGGAGGTTGATGGACACGCCGCCCGCGAGCGCGAGGTCACACTCCTGGTTGAGCAGGCTCTGACAGGCGACGTGGACCGCGACCAGCGACGTGGAGCACGCGCTCTCGATGTTGAAGCTGGGGCCGCGCAGGTCCAGCTTGTAGGCGGCCCGC
CP070500.1_gap132	5669341	5673097	3756	CGGTGGAGAAGGGTGGGGAGCTGGGCCGCTTCGAGATGGGCTCCACCGTCATCCTCCTGTTCGAGCCCAAGCGCGTCACCTGGGACGACAGCCTCCAGGAGGAAGCGGTGGTTCGGCTGGGCAAGCGAATCGGAGTCATCACGTGAGTCAGAAGGTCGCGGGCGTCAAGGGCATGAACGATCTCCTCCCTGGGGAGATCGAAATCTGGCAGCACGTGGAGGCGCAGGCCCGCGAGCTGTTCGGCCGCTTCGGCTACGGTGAGATCCGCACGCCCATGGTGGAGGACACCGCGCTGTTCGTGCGCAGCGTGGGCGAGGAGACCGACATCGTCGGGAAGGAGATGTACACCTTCAACGACAAGGCGGACCGCAGCCTGTCTCTGCGCCCGGAAGGCACCGCGCCCGCGGCGCGCGCGTACATCGAGCACTCCATCGCCAATCAGGAGCCGCTCACGCGCTGGTTCTATGCGGGGCCCATGTTCCGCTACGAGCGGATGAAGACGGGCCGCTACCGCCAGTTCTATCAAATCGGCGCGGAGGCCTACGGCGCGAAGGAAGGCGCCCAGGACGTCGAGATGATGGACATGGTGGTGCAGTTCCTGGAGCGGCTGGGGCTCAAGGACATCACCCTGAACATCAACTCGCTGGGGGACGAGGTCTGCCGGCCCACGTACCACGCGAAGTTGGTGGAGTACCTCCAGGCCCACCGCGAGGCGCTGTGTGGGGACTGCCAGAAGCGCATGGAGAAGAACCCTCTGCGCGTCCTGGACTGCAAGAACGAGAAGTGCCAGGCCATCGCCGCGGCCGGCCCCAATGTGCTGGAGTCCCTGTGCGAGCCCTGCCGCGCGCACTTCGACGACGTGCAGCGGAAGCTGACGGCGCTGGGCGTCCGGCACGTCGTGAATCCGCGCATGGTGCGTGGGTTGGACTACTACACGCGCACCGTCTTCGAGTTCATTGCCTCGCACCCCGCGCTGGGCACCGCCAGCACCGTGGGCGCCGGTGGCCGCTATGACAAGCTGGTGAAGAGCCTGGGCGGGCCGGACGCGCCCGCGGTGGGCTTCGCCTGTGGCCTGGACCGGCTGGTGCTGCTGCTCAAAGAGAGCGGCCAGCAGTTCACCGTGCGGCCGGACGTCTTCGTCGCGGTGGCGGACGCGGGCTCGCACGATGCTGCCCTGGTGCTGGCCAGCCGCCTGCGCCGGGAGGGACTGCGCGTGGAGTTCGATACCCGCGGAGGCAGCCTCAAGAGCCAGATGAAGCGCGCGGACAAGAGCAGCGCGGAATTCACCCTGGTGCTGGGCGAGGCCGAGCGCACCAGCGGCCAGGCGAAGCTGAAGCCCATGGCCGGAGGCGAGCCCATCCCCGTCGCGCTCGACGAGGTCGCCAGGGTGGTTCGGGAGCGTAAGGTCGTTTCGGCATAGCGTTCTGCGGGGGTGAGAGCAGTATTCCGGGCGATTCTTGCTAAGTCCGAGAAACTGAGGTAGGCGCGTAACCCCTGATAAACGTTGGGCTATTGGGCCCGCGGGAACTCGCAGGCGCAGGTCGGGTCGGCTAGACTGACCTGCGATGCCGCGCGACACTTCCAGCCCCGTTGTGCCTCCGGCCCTGAGCTGGGTCCCCGTCCACGGGGACAGCATGTGGCCATCGCTGCGCTCGGGCGACCATGCCGGCGTGGAGCCGCTGGAGGGGGCTCCGCGACCTGGTGACGTCCTGCTGGCGCGCTTCGACCATGCCCTGGTGCTGCACCGGCTGCGGCGGTGGGAGGCCGGGGCGGTGGCGCTGCGAGGCGACAACTCACCCCAGGACGATGCTCCGCTGGATCCGTCACGGGTGCTGGGGCGGGTGCGGCGCGTCCGCCGGGGCGGCGTCGTCCTGGAAGCGGGGTGGGACCGGGGGCCCCGGTGGCTGGGGCGGGTGCGGGTGGCCGTGAAGTGGCGCCTGGCTGCGTTGCTGGGCCGGGGAGGTGCGCGATGAGCACGGACTTCGCGGCGGACCATGCGCCGCGCTGGCGCGAGGGCGTCTCCGGCCAGCGCTTCGGTTCGGACTTCATCGTCCTGGATGCCGAGGGCAACACCCTGCGTGGGCTCAACGGAACGGCCATTGAAATCTGGGAGTTGTGCGACGGGACGCGCACGGCGCGGGCCCTGGTGGAGCAGGTGGCTCAGCGTCACGGATGGGACGTGGAGCAGGTGCTGACCGACACGCTCAAGTTCTTCTCGGAGCTGACCCGGCTGGGGCTCATCGACGAGTTGGAGGAGGCGCGGTGATGCGGACGCGTTTGGCGTTCCTGGCGGCGGCGGTGATGTTGGCCTCGTGCACGGATGGCGTGGCGCCCTATGCCCCCGTTCATGCGCCCCCGGCGCAGGAACCGGTGGCGCCCACGGACGTGTTGCCTCCGCGCGAGGGTTCGGAGGCCCGGCCGCCGCCCGCGCCGGTGGAGGAGCCGGAAGTGCCTCCGCCTCCAGTGGTTCCGCGGGGCTCGGCCACCGTCATTGACCTGGGCGAGGGGAGCAGGGCCTTGCTGTCGGTGGCGCAGGTGGACGTGGACCTGACGGTGAGCGGCGTGCGCGGCCGGCACACGGTGTCCGTGGAGTTCGTGCCGCCTTCCGGGCTGCCGTATGAGCGGCGGTCGGCGGAAGTGGATTCACGCGTGGACGAGTCGCGCACGGTGCGCTTCTCCCTGCCCGTGGCAGGCACCACCGTGGCGACGTCCGGCATGAGCGGGACGTGGCAGGCCCGGTTCTTCCTCGATGGGGCGCCGCTGACGGCGGCTTCCTTCACCCTGGATCCGTGAGGGCTCCTTTCATCATGCGTCCATTCTCCGCCCCCCTCGTCGCCGCCGTCGCGCTCCTGGCGCCTTCGCTGGGGTGGGCGCAGTCGATGACCCCGACCGCCGTCTTGACCACGCAGCCGCAGGGTGGGGACACCCGCGCGCGGGTGGTGATGGACGAAGCCTCCGAGCTGACGGTCGATGTCCGCAACAACACCTCCAGTGGGTCGCCGCTCTTCCGGCGCATCAACGAGGTGTGGTTCGCGCTGCCCAGCGGCTACATCCCGCTCGCGTCCATCCCGCCCCCGGGATGGACGGTGGACTACATCGCCAGCGAGCGGTGGGTCATCTTCTACAATCAGGACTCCTGCAACGGCAGCGGCGACTACGGCCTGGGCCAGGACGAGTCGGCCCGGTTCGTCCTTCGCGTGGTTCCGCCGACTTCGAACAACGACCAGAACAACGAGCGCTTCGTCGCGAGTCAGACGTTCGCCCGTGACACGTGCGCGGGGGGCGACTTCACCACGTCGGTGGCGACCTCGGCCGCGAGCTGGAGTCGCTCCGGCCTGTACACCCAGGTGGACGTGCGTCCTCGGGTGATGGGGGTTGGCGGCGACATCGACGCGCGGATGGTGGTGGAGAACCGGACGGGCACGAACCACAACAACACCACGGTTGAGGGACCCTCCACGGGCGCGGGCGCCGTCACCTTCCAGGTGGTGGACACCGAGCCGACGCCGTTCCGCATGAACATCGCCAACCGGAACGCGGGCGTCTATTCCGCGAGAGTGCGGACGGGCTCGGCCGGAACGCTGGTGGCGCGGGTGCGGGGCGTCAGCGGGAACGGCAACACTGTGTCGCCCTCGATGGACGCGCGGATGGTCAACGTGGGGGCGCTCCCGGTGGCCATGGACGTGGACACCGACGACGCGTTCAACAACGAGACCGTGCGGGTGCGGCTCACGGTGACCAACCCGTCCTCGACGG
CP070500.1_gap133	5701111	5702350	1239	AGCACGGATGACCAGCGCGCGATGCTGGCGCGCCAGTCCGCGGCGCTCACGGATACGCAGGTGGCGACGAACGAGATGCAGCGGGCGTCTTCCACGGCCTCTCATCAGGCGGATGCCATCCTCGCCTCCACGCTCCAGGCGGGGGACGTGGGGGCTGACGCCGAGGCCATGCTGGGCCAGAGCATGGAGGGCCTGGAGGCCATTCGCGCACAGGTGATGGAGATGGCCGGGCTCCTGCGTGGATTGGACGGCCAGGCGCGGCAGCTCTCGAGCGTCACCCTGGCGGTGAAGGACCTGGCGGACCAGTCCCACATGGTGGCGGTGAACGCGGCCATCGAGGCGGCGCGCGCGGGAGTGCACGGCAAGGGCTTCGCGGTGGTGGCCACGGAGATGCGGCGGCTCGCGCAGCAGTCCGTCCGGGCGGCGGGGCAGGTGAGCGGCATCCTGGACACCGCGCACCAGTCGATCCAGCACGTCGTGGAGCTCTCCCTGGTGGGGGCGGAGCGGATGGCGCGGGACATCGAGGTGGTGCGCGCGTCGGGAGAGCGCCTGCGGGGGCTGTCCACCGTGCTGCGCACCAGCACGGAGGGCGTGCAGCAGATTTCAGTGGCGGTGGCGCGACAGGCCGCGGGCGTGGCGCGGATCTCCGGCGCGGTGGATGAGCTGTCCGCGATGATGAAACAGACGCTGGGGCGTGTCGAACAGACGACCACCGCCGCCCAGACGCTTCGCGTGGTGACGGGCCGTGTCCATGGCGTCATCGACACCTATCAAGGCACCAGGACGGATGAGGTGCCGCCAGCGAACGATGCGGGCCGGGTGATTGCGTTCAGACGGGACGCTTAAGCGGGCGTCCGCCGCGTGTGAGGTTGCCGGCCGGGGCGCGCGGTGTCGCCGCGCCCCGGAGCCCGCTCCTTCGCCTCAGTGTCCGTCGAGCATGGACTCCAGCCGGTCCTGAAGTCCGAGGTGGGCGGCTGCACTCACCAGCATCCGCCGCTCCTTGCGGTCGATGCGGCCGTCCACCAGCGCCATCTCCACGATGTTGCGCAGGAACACCTCCGCTTCGGGGCTGCCCTTCTCCACGAGGCGGTCGAAGAGCTGTGGCCCCATGCTCAGCGCCAGCTCCACGTTGTCCCACACCACGCCCCAGCGCTCCGAGCACAGCTTCAGCAGCTTGCGCTCCGCGGACGTCACCTCGCCGTCGGCGGCGGCGATGGCGGCCATCATGTACAGCAGGCG
CP070500.1_gap134	5832178	5833305	1127	GGGCTACTTCGTGCCCATCCTGCTGCGCCTGCCCCGGCGGCAAGCGGTTGCCATTGGCATGGAGATTGGCATTCACAACGGAATGCTTGCGATTGCCATCGCGCTCAGCCCGACGCTGCTGGCGAACTCGACCATGGCCATTCCCCCGGCCATCTACAGCCTCATCATGTACTTCACCGCGGCGGCCTTCGGCTTCTATGTCAGCCGGCGCTACGCGGATGAGCAGGACCCCGCTGTACACCGCACCCCCACGTCACTCCCCGAGAAGGTGTCTCGATGACGCTGCGTCGACCGCTGTCTGTGCTTTCCCTGTCACTTTGCCTGGGATTCTCCGCACCAGCCGCCGCCGAAGAGCCCGAAGCCGCTGCCCTGCCGTCGACTCCGCAGACAGCCCCCAAGCCCACCGACGCACCCACGGCCCCCACGCTCCCGCCGCTGGGGCCCGACACCCGCCTGTATTTCGCCAACATCAACTTCCTGCGTTGGAACCCGCTGGGCATGGAGACCCAGAACCGGCTCATCCTCCAGAAGCGGATGTTCGACGGCGAGTCCATGTTGACGCGCGACAACTTCGTCAACGGCGCGTTCGCCATCAAGGCCAACCCGGCCTCGGTGAAGATTGGCCCCGTCTTCGAGATTCAGCCGCTGGCCATCTTCAACCTGCGGGCGACCTATGAGTACGTCCGGTACTTCGGCACCTTCGGGTTCCTCCAGTCGTACAACAACCCGATGCTGGACTTCTCCGACGACGCGCGCGACTTGACGGAGGACGCCGCGTACAGCACCTCCGGTCACCACTACATGGTGGAGCCCACGCTCCAGGCGCGCTTCGGCTCGTTCGTGGTGCGGAGCAAGGCGTCCATCGAGTACTGGAACGTGGCGCTGCGCGAGGGCAACGGTGCGTCCTTCTACGACGCGCTGCTGGACACGCTCATCCCCGGCCGGGGCTGGGTGTTCACCAATGACACCGACCTGATGATGCTGACGACGCCCCAGCTCACGCTGGGGGCCCGCTTCAGCGGAGTGTGGCCGCGCTACGAGAATGGCTCGGGCGGAGCGCAGAACGTGGACAACAGCCACACGCGCATCGGCCCCATCTTGGCGTACGCCCTGAACACGCGCGAGGG
CP070500.1_gap135	5850450	5851787	1337	GGGACGAAGTCCGCGCTGTAGAGCAGGATGTCGGCGGCCATCAGTACCGGGTAGGCGAAGAGGCCGAAGTCCGGGCTGATGCCCTTGGCCACCTTGTCCTTGTAGCTGTGGGCCCGCTCCAGGTGCGCGTGCGGCGTCACGGTGCCCAGAATCCAGTACAGCTCCAGCACCTCACGCACGTCGCTCTGCCGGAAGAGCACGGCCTTCTTCGGATCCAACCCCAGCGACAGGTAGGCCATGGCGGCCTCGCGCGTCAGCGCCAGCGCGGCCTTGGGATCCCTCACGGTGGTGAGCGCGTGCAGGTTGGCGATGAAGTAGTACCCCTCGCCTTCATCCTGGAGCTGCACGAACTGGCGGAGCGCGCCGTAGTAGTTGCCGATGTGCAGCCTGCCGGACGACTGCACTCCTGAAAGAATTCGCATGGACTCGCTCTGATTCGGTTGGGCGGAATCGGGAATCGGACGGGGCTCGTTCGCACACCCGACGCGGCCCTGCAACCGTCCGTTGCCCGTGTCCTGCGCCCGTTCAGTATCCGAAGTCAAGACGGACTCTCCCTGGAACTTTGCGCCCCATCAGGAAATCCCGAGCAAATTCAAGTACTTGCAATTGAATCACAGTGGGGTGCGCCGGTACCCTGGGGGTTCCTCACGCGGGCAACCCACCTTGGAGGAAGCACCTGTATGGAGCCATTCAACGGAAGTCTCGCCAACTATCGCTTGCAGTTGGTGATGCCGCCGCTGTTCAGCGCGCCCGGGGTTGAAGGGGTGCTGAGCGTGGAGCGTGGCGCGGTGCGGCGCTGCTTCCACGTCAAGGACGGCTACCTGGTGGGCGAGAGCTCCAACGACCCGCGCGAGCACCTGGCCCAAATCCTGGTGAACCTCCGCATCCTGGACGCCCCCCGCGCCGCGGCGGCCTTCGAAGCGGCCGAGGGTGCGGGCATGCCCTACGGCACCTTCCTGGTCCAGCGCTGCTTCGTGGAGCTGCCCCGCCTCATCGAGGCCCTGGAGCACAAGGCGCGCGAGTCCCTGTTCGACTGCTACGCCTGGGAGTCCGGCGAGGTGGGGTTCACCCCTGGCCTGCCGCCCTCAGCCCGGGCGATTGGGCTCAAGCTGTCGCTGTCCACCCTGCACCGTGACGCGGTGTCGCGGCAGCGCGAGTGGAGCATGTTCCGCGACATCTTCCCTCGGATGGACACGACGTTCCGCGTCTTCCGCGAGTTCGCCGTGGAGACGTATTCGGAGGAAGAGGACGTCCTGCTGGACCTGGCGGCGAGCGGCGCCACGCTGGGAGAGCTGCTGGCGAGCGCCCGGGAGGCCCCGCTCTTCGCCGCGCGCTGG
CP070500.1_gap136	5853513	5856600	3087	AGATAGCTGAGGTTGTGGTGACGCACCGGCACCCAGCCCAGCGTGGGCCGCCCCGTCCAGCGCTCCACGGCATACGCCACCGCGGACGCCAGCACCTCCAGCGCATAGAGCGGCAGCCGGAACGCACTCACCAGGAAGGCCACCAACGCACTGGCGGCCACCGCGCCGGCGTAGGACGCATTCGTCGTCCCACTCCAGAGCAGCATCGGCGTCAGGCTGGCGAGGATGGCCGCCATCTGGACCCTCACCACGGAGGGGCCCCGGCCAATGGCGATGCCGCTGATGCTCCCACACGCCAACCCGGCCACGCTCCCCAGGCACACGCCCACCACCATGCCCGCCACTCCACCCAGCTCCGGCCCGAAGGCATCCGCGGCCGTGGCGTGCAGTCCCACCAGCGTGGCCAGACTGGACAGCGAGCCCAGCAGGACGCCCGCGGCCAGCCCCAACACCTGCGCCACCAGCAGTCCCACCGCCGAGCAGAACAGCGCCGACAACACCCAGCCGCGCTCCAGCGGCAGGCCCGCCGTCATGAGCGCCAGGCCCAGCACCTGCGTCACCACCGGCGCGCCGACGAGCAGCACCAGCAGCATGCGCCGGACATAGACGGCCGTGGCCTGGTCTCCCTCGGACTGCTCGCGACACAACGTCCCCAGCCGTGCGCCCGGAACGCGGATGCCCGCGGCTCGCAGCCGGTAGTGCAGGTCCACCGGCCGGAACAGCAGCAACAGCAATAACTTGAGCAGCCCTGGGACCTGCTCCGGTGCATCCACGGAGCTCGGCCGTGTTCCCCCCTGTGCCAAGAAATCCCCCTATTCTCGGGTTCTAGTCCTCCAGCCTACCCTTCCCCTGCCGGAGGATTTCAAGTGAATCGCCGATGAGTGAAATCACGGTCGACGGTTCATTGAGCGTCACGCCCCCGTCAAGGATGAGGTCCAGGCCGTGTCCCAGATCGGCCTTGATATCCTTTGCGTCCGTGAGGGGCTCACCCTCCGTATTGGTCGCGGAGGTCGTCACCAGAGGGCGGCCCAGGGCTCGGGTCAGCTCGCGAACGAGCGCGGAGTCCGGCACCCGGATGCCCACCTGCTTCTGCTTGGACATCATCAGGTCCGGCACCAGACGCGTCGCTTCCAGGATGAAGGTGAACGCACCCGGAGTGAGGCTCTTCATGGTCCGGTACGCGAAGTTGCTCACGTGCGCGTAGCGCGCCACGTCCGACAGGTCGGGGCAGAGAAAGGACAGGGGCTTCTTCTTGTCGCGTCCCTTGAGCTGGTACAGCCGCTCGATGCCCTTCTTGGAGCTCAAGTCGCAGCCGAGCCCGAAGTACGTGTCCGTCGGGTAGGCCAGCAGGCCGCCGCGCTCCAGCACCTCCACCGCTCGCTGGATGTGGCGGGGTGATGGGTGCTCCGTGTCCACCTCGAGGATGGGTGCGGCCATGATGTCCTCCGTGCCTCCTGTGACTGCTGCTGAAGGTGTGGATGCCTGACAGCCTATGCCGTTCCCTGCGCGTCGTCCGCGCGGATCTCCCCGGAGGCCGCCAAGGCGCGCCGGGTGAGGACCGGCCCCACCAGCTCGTGGGCGGTAATCATGGCGACGATGAGCACCTCCACCTGGGGGCCAAAGGTCGGAAATGTCCTGGACACCAGGGCCGCCAGGCCAAACGTCACGCCCGCCTGGGAGATGAGTCCCATCCACAGGTAGCGCTTGAGCCGCGGGTCGTCCGCTGGGGCGAAGCGGCGGCAGGAGAGCCAGATGGCCACGCCGCGCAGCGCGACCAGCAACATCGCCGCCGGCCCCACCGTCAGCAGGGAGTCCAGCTTCAGCCCCGCGCCCGCCGCGGCGAAGAAGAGCGCGAACACTGGCAGCCCCGCCTGTTGGATGGCGTTGTGGATGCGCTCGCCCGCGTGCTCATCCAGGTTCGCGATGAGCGCCCCCGCCGCCAGCGACACCAACAGCGGGGACAGGTGCAGGCGCGTGCCCCCTTCCGCCGCGGCGAAGCACAGGCCCACCAGGAACAGCGGCAGCTCCTGCTTCACGCCGCGCATGTAGACGAGCATGCCCACGGCCAGCACCAGCCCCACCACCACCGAGCCGAACAGCTCCCACCCCACCCCGCCCAGCAGCTCCGTCACGTCCAGCCCGCCGCCGAAGCTCGCCTTCGTCAGGCCCGCGGCCAGCGCGAAGGCCACCATCACCAGCAAGTCGCCGATGATGACCAGCGCCATCAGGAACTCCGTGAAGGCGCCGCGCGCGCTCGTCTCCTGGACGATGGCGATGGTGACGGTGGGCGAGAATGACACCACCACCGTGGACAGCAGCGCGCTGACCGCCAGCGCCTGGGGCACCGTCATGTCCGCCAGGAAGGGCAGCAGGGGCTTGAGCGCGAAGGTGGCCCCGAAGCACACCAGGAAGGTGACGCCGCACACGGCCGCGCACAGCAAGGCCACGCGCGCGCCCACGCGGCGGATGAGCCCCAACCGGAGCTCCGTGCCGGCCACCAGCGCGATGAGGCTCACCGCCAGCCCCTTCACCAGCTCCAGCCCCTTCACGCCCGCGTTCGGGATGAAGCCCAGTGCATAGGGCCCCACCGCCACGCCCACCAGCAGGTAACCGGTGAGGCGAGGCAGGCCCAGGCCCTTGGCCACCTTTCCCGCGAACAGGCCGCACAACAGCAGCGCGCCCGCCGCCAGCATCACCGGTGTTCCCGAGTCCGCCCGGAGCACCTGTGCCCGGCTGATGATGGCCAGGAGCACCATCAACAGCAGCAGCCGGATGACCGCGCCCGTCATGCCGCCACCTTGTCGCTGTCAGCCGGGTTCTCGGAAATGCTGCGGGGCGGGTCCACCACGTACTGGAAGGCCTGGCCCGCCAGCAGCTCGTTCACCACCGCGCCCATCACCACCACGTCCAGCACGCGCCGCGACAGCCCTCCCGGCACGAGCATCCCGTACTCCGCCACCAGGCACAGCGCCAGACCGCCCTGGGCGATCAGCGCGTAGCCCAGCCGGGGTGGCAACACGAGCGTCTGCTGCACCAGCCGCCGCGCGAACCGGCCGCCCAGCATCTTCCCCAGGAAGCGCAGGCCCA
CP070500.1_gap137	5869788	5872166	2378	GGCGCCGCGGCCGCGGGGCTGCTCGCCCCGTCACGCGCGTGGCCGCGCCGGTGGCTGGCGCTGATGACCATGGTGTCCCTCGCCGTGGTGGGCGCGATGCTGCTGGTGACGGTGCGCCGCGAAGGCATCCAGTCCATGCAGGTGGGCGGGTGGGCGGCGCCCTTTGGCATCACCCTGGTCGCGGACCTGCTGAGCGCCTTGCTGGTGCTCGTCACCGGGGTGATGGGCCTGACGGTGGTCTCCTACTCCGCGGCCACGCTCCCAGCGTCGAAGGAGGCGGGCGCCTACTACCCACTGGTGCTGGTGCTGGTGGGCGGCGTGTGCGGCGCGTTCCTGACCGGAGACCTCTTCAACCTCTTCGTGTGGATCGAGGTCATGCTGGGCGCCTCGTTCGTGCTGCTCGCGCTGGAGGCCCGCCAGGAGCAGCTCGAAGCGTCCATCAAATACATGTCGCTGAGCCTCATGGGCTCGGTGGTGCTGCTGTGCGCGGTGGGCCTGCTGTACGGGGCGGCGGGCACGCTGAACCTGGCGGACCTGGCCGTCACGGTGCCGGGCCTGGGCACGCCGAACCTGATGACGGCCGTGTCCATGTTCTTCCTGGTGGCCTTCGCGCTGAAGGCGGGCGCCTTTCCCCTCTTCTTCTGGCTGCCGGCCTCGTACCACACGCCCCCGGCGGCGGTGACGACGCTCTTCTCCGCGCTCCTCACCAAGGTCGGCGTCTACGCCCTGGCGCGCGTGTTCACCCTGGTCTTCACGCAGGACTCTCAGCTCACCAGCACCCTCCTGCTGGTGATGGGCGGCCTCACCATGGTGACGGGCGTGCTGGGCGCGGTGGCGCAGTACGACATGCGCCGGCTGCTGTCCTTCCACATCATCAGCCAGATTGGCTACCTCATCGCCGCCCTGGGGCTGCTCACCCGGAGCGCGCTGACGGCGCTCATCGCCTTCCTCATCCACTACATCTTCGCGAAGTCGGCGCTCTTCCTGGTGAGCGGGGCCACCGCGCGCGTCACCCGCACCTATGACCTGCACCAGATGGGCAACCTGTACCGGACCCAGCCCCTGCTGGCCGCGCTGTTCTTCATCCCCGCGCTGTCGCTCGCGGGCGTGCCGCCCTTCTCCGGGTTCTTCGCCAAGCTGGCCGTCATCCAGGCCGCGCTGCGGGCCGAAAACTGGATCATCGCGGGAACGGCTGTCGTCGTGGGCCTGCTCACCCTCTTCTCCATGATGAAGATCTGGCGCGAGGCCTTCTGGAAGGCGCCGCCGGAGGACCAGCCGCAGGAACCCACCCGGCCGCTGAGCCTGGGAGACGGCGTGCTCGGGCCCTGCATGGCGATGACACTGTTCATGGTCGTCCTGGGCCTGGGCGCCGAGCCACTGCTGGAGCTGGCGGACGCCGCCGCGGGCCAGTTGCTGGACCCGGAGGAGTACGTGCGGGCGGTGCTGGGGGGACGCCCATGACCGCGTTCCTCTGGAACCTGATGCTGGCGCTCCTCTGGGCCGCGATGCTGGGGAACGTCACTTCGGAGAACCTCCTCACGGGGTTCATCATCGGCTTCGTGCTGCTGGCCCTCATCGACACGCAGCATGTGCCCTCGCGCTATGGGACGCAGGCGTGGAACGTGGTGCGGCTGGTGGCGGGGGTGGGCTGGGACGTGCTGGTCGCCAACGTGCGGGTGGCCTACGAGATTGCGACGCCCAAGCTCCTCACCCGTCCCGCCATCTACCGCTACGACATGGAGGCACGCACGGACGCGGAGATCACGCTGCTGACGCTCATCGTCACCTTCGCGCCGGGCACGCTGGCCCTGGAGGTGTCCGAGGACCGCAAGGCCATCTACGTCCACGTCATGTTCGCCACCACCCGGGAGGCGTTCTGCCAGGAGCTCCGCGAGCGCGTGGAGATTCCACTGTTGAGGGCACTGCGATGAGCGACTGGCTGCAGACCATCACCCAGGGGGCCCTCGGGGCCATCTCCGTCTCGATGCTGTTCTCGCTCCACCGGCTGCTCCGAGGTCCGTCGCTGACGGACCGGGTGGTGGCGCTGGACCTCTTCTCGCTCCAGACGTCGGCGGTCATCACCGTCTATGCCCTTTGGATGGGACAGCCCGAGCTGGTGGACGTGGCCCTGGTGCTGGCCGTCATCGGGTCCATGGGCACCATCGTCATCGCCAGGTACCTCTACAGCGCGCAGAGGGGCACGCCATGAAGGAAATCATCACCGCGGTGTTGCTGGTGTTGGGGGCGTTGCTGATGCTCCTGGCGGGGCTGGGCCTGTTCCGGATGCCGGACCTGTTCCTGCGGCTCCACGGGGCCGCGAAGGCGTCCTCGCTGGGCGTGGGCCTGCTGATGGGCGCGGCGGCGCTGGGCCTGGGAGA
CP070500.1_gap138	5942790	5947424	4634	GCACGGGCGCCTCGCCACTGTCCAGCATCCAGCACGCGGGCCTGCCCTGGGAGCTGGGGCTGGCGGAGACGCAGCAGGTGCTGGTGCACAACGGGCTGCGCTCGCGCATCCGCGTTCAGGCGGACGGCGGCATGCGCACCGCACGGGACGTGCTGGTGGCCACGCTCCTGGGCGCCGAGGAGTTCGGCATGGCCACCGCCAGCCTGGTGGCCGTGGGCTGCATCATGCTGCGCAAGTGTCACCTCAACACCTGTTCGGCGGGCATCGCCACGCAGGACGCGGGGCTGCGCGAGCGCTTCCAGGGCAAGCCCGAGGACGTGGTGAACTTCTTCCTCCTCATCGCGGAGGACCTGCGCCAGCGGATGGCCGCGCTGGGCGCTCGCTCCCTGCAAGAGCTGGTGGGCCGCGTAGACCTGCTGCGGCAGCGCCCGGCGGTGGACCACTGGAAGGCGAAGCGCGTGGACCTGTCCGGGCTGCTGGCCGCACCGGCCGCGCCGGACAGCGAGCCGCGCCACTGCACCGAGCCGCGCATCAAGGACGTGTCCGACCACCTGGACCACGCGCTGCTGCGCGACGCCAGCGCGGTGCTGGACGGCGGACCGCCCATGCTGCTCAACGTGCCGGTGGCCAACACCCACCGCGCCGTGGGCGCCCTGCTGTCGGGGGAGATTGCCCGGCGTCACGGGGGCCAGGGGTTGCCGGATGGCCGGCTCCACGTGCGGATGAAGGGCTCCGCGGGCCAGAGCTTCGGCGCCTTCGTGGTGAAGGGCGTGACGTTGGAGCTGGAAGGCGACGCCAACGACTACGTGGGCAAGGGCCTGTCCGGTGGACGCATCATCGTCTACCCGCCGCAGGCCAGCCGCTTCACCGCCGAGGACAACGTGCTGGTGGGCAACACCGCGCTCTACGGCGCCACGGCCGGCGAGGTCTACCTGCGGGGGCTCGCGGGTGAGCGCTTCGCGGTGCGCAACAGCGGCGCGCAGGCCGTCGTGGAGGGCGTGGGCGACCACGGCTGCGAATACATGACGGGCGGCGCGGTGGTGGTGCTGGGCCCCACCGGGCGCAACTTCGCTGCCGGCATGAGCGGCGGCATCGCCTACGTGCTCGACCGCGAGCAGTCCTTCCGGCAGCGCTGCAACCTGGAGATGGTGGACCTGGAGTCCCTGGTGGACGAATCCGAAATCTGGCTCGTTCACGGCATGGTGGAGCGGCACCTGCACCACACCGGCAGCGCGCTGGCGCGGCGGGTGCTGGACAACTGGGAGCTGATGGTGCCGCGCTTCGTGAAGGTGATGCCCACGGACTACAAGCGGGTCCTCCAGGCACGGCGCGCGGCGCGCAGACCACCGGAGCCCACATCCGCGGCGCTGCCCCAGTCCGCGGCGGGGAGGGCCTGAGCCATGGGTAAGCCAACTGGATTCATCGAGTGGGAGCGCGTCCACGCGGACAAGCGGGACAAGGCGGACCGGCTGGGCGACTGGCGCGAGTTCGCGCTGCCGCTGGCCCCCGACGAGGCCAAACGGCAGGCCGGCCGCTGCATGGACTGTGGCGTCCCCTTCTGCCACCAGGGCTGTCCCCTGGGGAACCTCATCCCCGACTTCAACGAGGCCGTGTACCGCGGGCGCTGGCGCGAGGCGTATGACTTGCTCAGCCGCACCAATGGCTTCCCGGAGATGACGGGCCGGCTGTGCCCGGCGCCGTGCGAGGCCGCGTGTGTGCTCGCCATCGACCGGGACCCGGTCACCATCGAACAGATGGAGAAGGAAATCGTCGAACGGGCCTTCACGGAGGGCTGGGTGAAGCCCCGGCCTCCGGCACGCCGCACCGGGAAGACGGTGGGTGTGGTGGGCTCCGGGCCCGCGGGACTGGCGGCGGCGGCGCAGCTCAACGCGGCCGGACACACCGTCACCGTGTACGAGCGGGATGCCCGGGCCGGCGGCCTGCTGCGCTATGGCATCCCCGACTTCAAGCTGGAGAAGTCCGTGGTGGACCGGCGCCTGGCGCTGATGGAGGCGGAGGGCATCACCTTCGTCACCGGCGTGGACGTGGGCGGCGCCCTGAGCTACCGCGAGCTGCGCGCGAAGCATGACGCCCTGGTGCTGGCCATGGGCGCGCGCCGTCCGCGCGAGCTGGAAGTCCCCGGACGCGAACTGTCCGGTGTCGTCCAGGCCATGGAGTACCTGGAGCACCAGAACCGGCTCGTCTCGGGCCATGGCCAGAAGGACCCACGCCTGGACGCGGCCGGCCGGCACGTCGTGGTGCTGGGCGGCGGCGACACCGGCTCGGACTGCCTGGGTACCGCGCTGCGTCAGGGGGCGGCGAGCGTGCGGCAGGTGGAGCTCCTCCCCGCGCCGCCCCCGGTGCGCGCGGAGGGCAACCCCTGGCCGAGGTGGCCCGTCATCTTCCGCACCTCCACCAGCCAGGAGGAAGGCGGCGAGCGCCGCTTCGCGCTGATGACGAAGCGGCTGACGGGCAGCGACGGACGGCTCCAGACGCTGCACGCCGTGGAAATCGAGTTCCAGCCCGGTCCTGGCGCCCTGCCCCGCCTCATTGAACGTCCCGGCACCGAGGTGACGTTCGAAACGGACCTGCTGGTGCTGGCCATGGGCTTCACGGGGCCCGAGGCGGGCAACCTCTCCGAGGAGTTGGGGGTGAAGCTGTCACCCCGCGGCACGGTGCAGGTGGACGCGCGCTTCGCCACGTCCGCGGACGGGGTATTCTGCGCCGGGGACGCGAGCCGGGGCGCCAGCCTCATCGTCTGGGCCCTGTCGGACGGCCGCGAAGCCGCCAAGGCCTGCGATGCGTATCTTTCTGGGGGGCGTTCCGCGCTGCCCACCCGGGGCACGGACTGCGCCTTCTGAGCGGAATGAAACGACCGGGTCGCCTTTTGGGGGCGACTCGGGAATAAATAGCAGGCGAGGCAGTTAGAATGGGCTTAACCCATTACTCCCTCCCACAGGAGGCCCCTGACATGCGAAGCGAACAGACCCTCATCGTGACCGAAGCCGACTTGGAGCGCCTGCGCCAGGTGGTGGACCACAACGGAGGCGGCCGCACGGCCGAGTTCGCGGAAATGCTTGACGCGGAGCTGACCCGGGCCCGCGTCGTCGCTTCGGAAGAGGTGCCGCCCGACGTCGTGACGATGAACAGCAAGGTCGTCTTCGAGGACGAACAATCGGGAGAGCGCCGGGAGGTCACCCTTGTCTACCCGCGCGACGCCAGCAGCGACGATGGCCGCATCTCCGTCCTGGCCCCCATCGGCAGCGCGCTCATCGGACTGACCGTGGGGCAGACCATCACCTGGCCCCTGCCGGGCGGACGCTCCAAGCGGCTGCGCATCGTCGCGGTGCCCTACCAGCCCGAGGCCTCGGGCCACTACAACCTCTGATTCGGCTTCCCCGGGACGGCACCGTGCGCCCTCGTGGCGGACGGTGCCGTTCGCCGTTTCAGCGCAGCCCCACGCGCTTCGCCAACTCCTGCGCCAGGGCCCGCAGCTCCTCCACGCCGGCCGCCTGCGGGCTCGTGTCGAACACCACCTCGTAGCCCAGCCCCGCCTGGTTGATGGACTCCGATCGCGGAATCCGAGCCCGCAGGACGGGCACGGTGGACTCGCTCAGCGCGCCCTCCATGGCCTCGTTGGTCGCGGTGGTGCGGCGATCCCACAGATTCACCACCGCCACCAGCTCACCGCCCTGCTCGCGAACGTCACGCCAGGCGGTCTCGATTTCCCCCAGCCCCTGGAGCGCGAAGGCGCCGGTGGGCACGGGGGCCACGACCAGGTCCGCGGAGGCGAGCACGGCCTCGGTGTAGGCGCCGATGCTGGGCGGGGTGTCCGCGAGGATGATGTCCGGCGTCCACCCCAGCGTCTTGAGCGCGCGAGGAATCGCCTGGAGGCGGTGGCCCCACTGAAACAGCTCGCGCTCCTGCGCGGCCATGCGCGGCGCGGCGGGGGCGATGAACAAGCCGGGCCGCTTCGGTGAAGCCACGACCACCTGCGCCAGCGTGTGCTTGGGACGGGGCCCGAGCGCATCCCCCACGCACGGGCCTTCCCGGCTCTCCAGCCCCAGCACCAGCGACGCATGGGCCTGGGGGTCCAGGTCCAGCAGCAGCACCTGGCGGCCGGCATCCGCGAGGGCCGCCGCCACATGCGAGCAGAGCGTCGTCTTGCCGACGCCGCCCTTGATGGTGGAGAACGCGATGAACGCCATGCCCCGGTCTATACCGGACGACCCACGGGGAGAAAAGCCACGGGCGGCGGCACCTCCGTGCTCAGTTCCACGCGCTTCCACTGCGCCGCCAGCGACACATTCTTCTTCGGCATGCCGGCCCATTACCTGCAACGACGTGCGCAGGAAATGGGCACCTCCGCGGGCTACTTCTGCGTCATGATCCACTTCACCAGCGCGCGCGCCTCGGCCTCCGACACCTGGGCGTTCGCCGGCATCGGAATGGCGCCCCAGACACCGCTGCTGCCCTTGCGCACGCGCTGCGCCAGCTTGTCCTCCACGCCCTCCTGCTTCGCATAGCGGGCGGCAATCTCCTTGAACGAGGGACCGACCAGCCGCGCCGTCGCTGAATGACACGTCGAGCAGTTCTTGGCCTTCGAGAGCTCCTCACTCGCGGAGGCCACGTTG
CP070500.1_gap139	5967129	5968940	1811	GTGTCCACGGCCAGCGCCGGGCCCTGCAGATTCAGGAAGTAGGCGATGCGTGCGGGGATGACGGAGCTGGCATTGCCCCAGAACGCCTGCGCCGGAGCCTGACGTGGAAGCAGCGTCGCGTAGTCACCGTTCGCGCACCCGACGTACACGCCGCAGCGCTGATGGTACGGCGTGCTCCCCGCGTACCCGGCATCCTCCAGCGCCTTGTAGGACTCCTCCAGGAACAGCCGCTGCTGCGGGTCCATGCATCGGGCCTCCAGCGCGGAGATGTTGAAGAAGGACGGGTCGAAGCGGTCGATGCCTTCGATGAAGCTGCCCCGCATGCACCGGTCGCCCTCGCCCGACAGCGTGGAGGCGTAGTGGCTCGCCAGGTCCCAGCGGCGAACGTCCTCCACCAGGTCGCGTCCCGCCTCCAGGTGCCGCCACAGCGCCTCCACCGAGTCGGACTGGGCGAAGCGGGCGCTCATTCCCACGATGGCGATGGGCTCCTCCGCCGTCGCGACCGCCACCGTCTTCCGGAGGGAACTCACGGCGACGGGCAGCGGCGCCTCCCTGTCATCACGAAGGACTTCGCGCGGGGGCACAGGCGCCTCTCGCGGCTTGTCGTCCAACAGCCGCGATGCCTCGGCGCCGTGATTCCGGGCAATGAACTGACTCAGCGCCGCGACGCTGTTGTAGTCGAAGAGCACCGTCGTCGGCAGCGACGTGCCACAGGCGTCGTTGATGGCGTTGCTCAGGTTCACGGCGATGATCGAATCCACGCCGTAGTCCGCGAAGCTGTAGTCGACCTGGATCTGCGACTCCGGAACCTTGAGGGATTTCGCGACGCACGCCTTGATGACGTCCCGGACCCGCTCCTCGATGGACGTGGCATCCGTGATGACGGGGCGAGGCTCCGGGGCCCGCTGCCGCTGGGCGCGCGGGCTGATGGGCTGGATGACGCCATCGCTCTCCGCGATGATGACCTGCTGGCCACGCTCGTGAGCATCGGCCGCCGGGAAGAAGACCGAGCTGAATCCTTCCGATTCGAGCACTGCCTTCCACGTCTCAGGAGCCAGCGCCGGGCAGCCAGGAATCCGCAGGTCCTCGTCCTCGTAGCTCCACCATCCGTCGAGCAACCCGAATGTGAGATGCGCGAAGAGGGTGTTGTGGCTGATCTCATTGAGGATGAGCAGCCCGTTCTGGGCCAGCGCGGACTTGGCGTTGCGCAGGGTCCGGCGGATGTCCGGCGTCGCGTGCAACACGTTGCTGGCCAGGACAATGTCGAAGTGCGCACGGGGAATCCCCTGCGCCTCCAGAGGGACATCGATGTCCAGCAGCCGGCGCGTCAGGAACGGGTTGCCGGGGCTGTACGTCTTCTCCGCGTGCTGGAGGAACGCCGGGGAGACGTCGGTGAAGCAGTACTCCTCGACGTCCAGCGCGCAGGTGCGCAGCATGGCCAGGACGTGCGCGGTGGCGCCGCCCGTGCCCGCCCCGATCTCCAGGATGCGGACGCGTGCCCCCGGGGACTGTTCGCGCAGGAGTTCGGCGTACGCCACCACACTCCGGGCGAGCGCGTCGTTGAAGAAGTCGGCCACCGGGTTGTGCTTGTAGACCCCCTCGACCAGGCTCATCGAGCCACGCGAGAAGAGCACATCCGTGGCCAGCTGCCTGCCCACGAGGATGTCGGGGAGCGCCTTGATGGTGGTCTCCGCCAACGTGGTCAGCGCGCGCGTGTTCGGATCCTGCGTCCACCGCGAGCGCGACCCTTCCCACTCCTGCCAGACCTCATCGGGACGCGAAGGAGGCCCGGACCGGGTGTACGTCTTTCC
CP070500.1_gap140	5974740	5977237	2497	CAGCAGCTCGGCCTGGGACTTGGGGCTGGGCGCGGTGGGCGAGTTCGTCCGTCCGCCATGCCCGGCGGCGCTTCCCCGGATGACGCCATAGATGTGGTCGCCATCCGCCTCGGCGAGGGAGAGGCGCTTCAGCATCAACATGCCCACGCCTTCACCGCGCACGTACCCGTTCGCCTGGTCCGAGAACGTCTTGCAGCGCCCATCCGGGCTCAACATGCCGGCCTTGTCGAAGCCAATGTGCCCCGCGGGCGTCGGGAGCGTGTTGACGCCGCCGACGATGGCCGTGTCGCACTCGCCCCGGTGGATGGCCAACATCGCCTTGTGCACCGCCACCAGCGAGCTGGAGCAGGCCGTCTCAATGGGTTCGCTCGGGCCCTTGATGTTGAGGAAGTAGCTCATCCGGTTCGGGCCCACGGAGGGCACCGCGGCCGTCGACGCGTAGCTCTTGATTTCGGCGTTCGCCTGCTCGATGAGCGAGCCGTACCCGGCCTGTCCCGTGCCGATGAACAGCGCGGTCCGAGTACCCGACAGCGAGCTGGCGGAGTAGCCCGCGTCTTCCATCGCCAGCCAGACGTAGGTCATCAACAGGCGCTGCTGGGGGTCCATCAGCTCCGCCTCGGAAGGCGAGACGCCGAAGAAGAGCGGGTCGAACTCGTCGATGCCGTCGATGAACCCGCCCCACTTGATGAGCGTCTTCCCGGGCTCCTGATTCGCGTCGCCGTAGATCTCCCGCCAGTCCCAGCGGGACGCGGGAATCTCCTGGATGCAGTCGACACCGTCCCGCAGGTTCCGCCAGTACGCCTCCAGGTCCTCGGCCATGGGGAAGCGGCCACTCATGCCGATGACGGCCAGTGGTTCGTCATTGCCATACGTGAGCGGTTCCGCGCTCCGAGACGGCCGAGGCATGCGTCGCAGCCGCCGTGCCTCCGCCTTCGGCCCCACCGCCTTCGTCGGCGCTGGTGTGTTCCCCGAATCGGCGCCTCGCTTGGCGACGACCATGTACCGGTCGAAGTTCTGCCGGTACTTCTCAGCGAGGTGCTCGGACAACGCTGCAATGGTGGGCAGCTCGAAGAACAGCGTCGGCGTGAGCGACAGGCCATACCCGTGGTTCAGCCGGCTGGTGAACTCCGTCAGGCTGATGGAGTCGAAGCCATACTCACTGAACTCCGTGTTGATCTCGATGTCACCCGCGCTGACCTTGACGGCCCGCGCGACCTCCGTGATGAGGACGCTGCGAATCTGGTCCCGCACCGAGCTTGGGTCCCCCAAGGGTCCGGCATCGGCCGGCGAGGCATCCACCTCTTCTGCCGGAGCCAGGATTCGAGGCGCGGGCGCGGCGCGCAGCTCCTTCACCGGCCGCATCAGGAAGCCCTTGAGCCGGATGCACACCTGTCCGTCGTCCGCGAGCAGGTCCAGGTCCAGCTTCCGCACAGCCCCTCCCGCAGTGCTTCCCGCTGCGTTCCGGATCCAGACCCACAGCTGGGGCGGACAAGGAGCCAGAACCTCCACCGCATCCACCGAGAACGGCAACCCGATGGGAGCCGGCGACTCCTGCGCGCTCAGGCCGATGGTCGCCTGCAATGCCGCATCCATCAGCGAGGGGTGCAGGACGTAGGGCGCCACCGTCGAACCGAGGCCCTCCGGAAGGACGAGCCTCGCCAGGACCTGGTCAACGCCCTGATAGACGGCGCGGAGCGCCCGGTGCCCCGGTCCATAAGCGGCCCCCAGTGACGCAAAGGCCTGGTAGCACTGCTCGGCGGACAGCTCACCGCGCTGGCACTGCGACTTCAGGGCGGCCACATCCACCGCCGCCGCGGGCTTCGGCTCGAAGAAAGTCACCAGGCCCTGGCTGTGGCAGACGTGCGTGTCGTCGGAGCCGCTGTGGATGTCGAATCGCACGCGCCCATCGTCCTCGGGGAACAGCGACACGCGCAGCTCGGTCGTGGGCCCCTCCACCACCTGCGGCTGGGGCCACGTCACGTTCGTCACGCGAACGGGCCGGACGACCGCCGCCTCCTCCCCTTCGGCGAGCTGGAGCGCGGCACGCGCCATCTCCAGGTAGACGACGCCGGGCACCACCCGCTTGCCTAGAATCACGTGGTCAGCGAGGAAGAACTGGTCCGCGCTGAACACGGCCTCGTAGCCCTGCTGGCGGAGGTCGGAGACATTCCGCCGCAGCAGCGGATGCAGGGCGTCCACGCCGCCAGCCCTCAGCGCTCCCCACGTGGGCACACCGGCAGGCTGTTCCCCTTCCGGGACCCAGTAACGCGTCCGGGAGAACGGGTACGTGGGCAGGCTCAGCCGCTGCGGCCGCTGGGCCCCGTACAGCCGGTTCCAGTCGAACGACAGTCCCTTGGTCCAGAGGTCGAGCAGCTTGTGGTACTTGCCCTTGCTCAACCACGACGCAATGGCCTCCTGGAGGTCGTCGTCGCCCGTGAACACGGACAGCGCGTCCTTGTTCCGCTTCACGTGACCGCGGAACACCGCGTCGCCCGCG
CP070500.1_gap141	6136455	6141149	4694	CGCCCTCCAGCCCATGACGGCAGGTGCGCCCTTCCCCCCGCGCCGTCGGAGGGAGCACTCCGTGCCGCGAGCGGCATCCGTCCCCGCACGGCCGCACCACCCGGCGACTGGAACGCGTGAGCCCCGCGCGGCCCAACACGACCTCCAGGAGCGCTCCCGCGGAGCCCGCGAAAGGCGGCTCCGCGATGTCCACGGGTGAAGCCCCCACCAGCAGCAAGGACGCGCGCTCCGCGCCCGCCCGTGGATGCGAATGGGACGCCGCCAGTCCTACCCGGGCGCGTGCCCACTCCGGCAGCGCCCCGCCTTCCTCGAAGGTCAACCGCTCCCGGTCCCAATGCGCCCAGGTGTCTGGCGTGAACAGGCTCCAGGAGAAGGCCGGGAAGCGGCGCACGAGGAACGGCGCCACGTCCCGGACGATGAGATGTTCGGGCCGGTACCACGCGACATGGTGTTCGCGCCCGTCCCGCCACACCCGGCGGAAGCGCAAGGCCGCCATCAACGCCTGCGTGTCCCGCCGCACCGCCTGCTCCAGCCACCGCAGCCGCCACACGTCCGCGTCGTCGTGACACTCCAGCAGCGACGGCTCTCCATGGGTCAGCCGCCACAGCACGCGGTACAGCAGCGCCCAGCGCGCCGGCTCGCGGTGGCACACCACCTTCTGCGCCAGCCCCACGAAGTCCCGAGGCACCCCGGACGCCGCGCGCCCCCAGGCCTCCCAGCGCGCGGCCTCCAGCCACATGCCCTGGCGTCCACGCGTTTCCTCGAAGCGCACCCGCTCTGGAGGTTCGCCCCGCGCCAGCAGCCCCCGCGCCACCACCCGGAAGGACGCCAGGTCCGGCGCCACGAAGACCCGCGTCAGCCCACCGTCCCGGTGTCCGGCCGCGAGCCGTTCCCCCTGCACGCCCCGGACCTGCGACCACCGGGCACCGATGACAGGCCTCAACTCCTGATGGACGTCCATCCGGGCATTCCTACCTGCCCGGTCTGACATCCGCCGTCCCGCCCGTGACGTCCTGCCGGCCCCTGCCGGCTCACGGGTCGCGCGCCAGCGCGTCCACCTGTTCCTGGACCTTCACGGCGTCGGAGAAGAAGTCATCCAGGGGCTCGGTTCCCACCAGCCGGAAGACCGGCGGCAGCAGCGACCGGCGGAAGCCCAGCTCCGTGCTGAAGGACTCGTTGCCCAGCCATGCATCCGCCCGCGACAGCGCGCCAAACGACAGCGTGACGACGGCGATGACCCGGATGAGCCGCCCCGGCTCCCAGCGCGTCACGTAGCGCAGGTGCCAGTAGAGCCCCCAGGCCATCAGCGACAGGAAGGCGACGTGGTGGGCCCAGGCCAGGTTGCCGCTCACCCCCAGGCTGAAGCCCACCAGCGTGAGCAGCGGCTGGATGACGACGGAGCCCAGCAGCACCAGCGCGGCCACGGTGGCATGCGTGCGGTAGTGGAACTGGCGCCGGGCGATGCGGCTCGCCACCGACCAGCCACCCGCCCACAGGAAGGTGATGCCCAGCGGCACCACCAGCGCCACCGTCAGCTCCCCCCAGTCCGTGCGCCCGTAGTTGGCCAGGTAGCCTTCCAGCAGGCTGGCGCCCAGCAGGGCCTGCAGGGCCAGGGAGAAGTAGCGGGGCTGCTCGAACACGCGTGGCCTCGGCGCGGTGGGCGCCGCCGCCACGACGGTCTTCTCCACCGGGTGACCGCGCGCGCGGAAGCGCAGCACCGTGTCCCCCACCGACACGCGGATATCCGTGGCCAGCTCCAGCTCGGCCAACTGCGCCCAGGGCTCCACGCGGTAGGTACCGTTCTGGCTGCCCACGTCGCGCAGCACCAGCGTGCCGTCCTCGCGGCGCTCGATGCGCAGGTGCTCGGCGGAGACCTTCGGGTCATCCAGGATGACGTCGTTGCCGTAACCCCGGCCGACGTTGACGGGGAAGCGCTCCAGGCGATGACGGGCCTGGACGGAGTCCCCTTCCAACACCTCCAGGAAGATTACTTCGTCCACGACAGCCCCTCCAGGTAGCGGCGCGCCAGCTTGCGGCCATTGTCCGCGGTGAAGCCAGCCAGCGTGAGCGACGTGTCCACGCCGCTGGTGCTGCCATTGAGCGTGGCCGCGCGCAGCACCAGGTCATAGAGGCCGGGGAACTTCCGGTAGGCACGCATGCACAGCGCGGCACGGACGGGCAGGCCCGCCACGTCCACGAACTCCGACTGGCAGCGGTAGTTGGTGACGTCCTGCCGTGTGGCCTCCACCGCGTCCGGGTCCTGTGAGAAGAGCGCGCTGTAGAGCGCGGAGAAGCGCAGCGCCCCCAGCTTCTGGCTGGTGGCGTGTTGATGCAGGAAGGCCACCACGCCCGTCCGGTGGCGCGAGGACACGAAGATGTCCTCCTCCGACGAGCACTGGTAGTTCGTCACCGTGTACGGCACCTCGGGGTCATGCGGCGTGTCCCCCCAGCACTTGAGAAACGTGCCCCAGCGCCCCGGCACGCGGTAGCTGCCCAGCGTCTGCTGCGGCACGGGCGCGCCCAGCAGCCTTTCGGTGACGCGCTGCTGGTTGTCCAGGAGCTGCGCGCGCACGGTATCCAGCAGCGCCTGCGCGCCGGAGTCCTTGGCTTCCAGCGCGCGGGCCAGCAGCGCGCGCGCGTGCTTCACCGGCACCAGAAAGCCCACCTGGTTGCCCATGGTCGCCACGTTGACGCCCACCACGCGGCCCTCTCCCGTGAGCGTGGGGCCGCCGCTCATGCCCGGATTGATGGCCCCGCTGAAGTGCAGCCGCTCATAGAGCGCGTCGTGGATGAAGCCGTTGTACGTCCCCTCCACGATGGTGGTGCCCAGATCGCGCGGATTGCCCATGGCGAACAGGCGCGCGCCCTGCGGCGGCTCGCGGTCGTCCAGGTCGAAGAAGCTCTGCACCGGGGTGGCCGTCTGGATGATGGCCAGGTCGTGCACGACGTCCACGTCCACCAGGCGCACCGGCACGGGCTCTGCGCCGCCCTTCAGGACCAGCTCCGCCGTGTAGTCCTCCGGGTGGATGACCACGTCGGAAATCACGTGGTAGTTCGTCACCGCGTGCCCGGCGGCCGACACGAAGAAGGCCGAGCCGATGGACGAGCGCGTGCCAGAGCGCCGCTCGATGATGCGCACCTGCGCGACCTGTCCCTCGATGCGCTGGAACAGCTCGTGCGTGGCGGGTGGCAGCGTGCTCAAGGGCACGGCGGGCACGGCTTCGGGGGTGCCAGGTGCGGGAGGCGGGCTCGGCGCCGCCGGCACCACCGGCGACTGCGTGAGCACCGCTGCGAGGATGAAGGCGAACATGGATGCGGCGCACCCTACCCCACCGCGCCCTCCGACGGACGTGCAGCCTCATGTCTCGCGCCAGGCAGGCGGCCGGGCGGTCCGTCCACCCACCGACGCGGCCCTGCGCCGCCGGTCCATGGTCGCACCGCGCGCGGGGTCCCCATCTTCACCCTTCGGGTGGGGGAGCCGGCATGCGTCACAGCCAGTGGTGCGGCCGGCGCGGACCCGCGGCGCGATGGCGGAAGGTGGCGCTGCTGGTGTCCCTGCTGCCCTCGCTCGCCCAGGCGGCGGAGTTTCCCGCGGATGCGCCACGCGCCGAGGACGAGGAGGCCGCCGCCCCACCTCCCCGGCCTCGCCAGTTCTGGTGGGCCCTGGGTGAAGTGACGGCCATCAACCTCACGGTGTGGGGCTTCAACCGATACATCATGAACAAGGACTTTGCCCGGGTCGGACTGGACGCATGGCGAACCAACTTCGAAATGGGATTCGTCTGGGACAAGGATGATTTCAGTACCAATCAGTTCGCGCACCCCTACCACGGCAGCACGTACTTCAACGCCGCCCGGGACCATGGCTTCAACTACTGGGGCGCCATGGGCTTCACCCTGGTGGGCAGCCTCCAGTGGGAGTTGTTCGCCGAGAACCATCTGCCCTCCTACAACGACCTCATCAACACCACGATGGGTGGGTGGGCCCATGGAGAGGTCATCTACCGGCTGTCCTCCATGCTGCTGGACCAGCGCGCCACGGGAACCCGGCGCGTCGCCCGCGAGGTGAGCGCGGGGTTGCTCAATCCCATCCGAGGCTTCAACCGCGTGGTGCGCGGGGATGCCTGGCGCAGCGCGCCCACCCCAAAGGACTGGCAGCCGCCCGTGTTCGCCGTGCTGGCGCGCACCGGCTACCTGAACATCGACGCGGGCACGACGCTGAACCAGTTCTTCGCGGAGCTGGACCTGCGCTACGGCGATGCCGTGCGCTTCCCGGTGGACACGCCCTTCGACGCCTTCAACATGGGCGTGCAGTTCACCACCGGCGAAAACCGACTCATCAGCCGCGCCGAGGTGAAGGGCGCGCTGGCGATGCTCCCGCTGGAGAACAGTGGGAACGAGCGCGTGCTGCTCGGCGCCTTCCAGCACTTCGACTACAACGACACGCAGGCCTACGAGCTGGGCGGTCAGTCGATCGGCGCAGGGCTCGTGTACCGGTACCTGACGCAGGGGGGCCGTGAGCTGCGCCTGGCGCTTCATCTGCGAGGCGTGGTGCTCGCAGGCATCACGTCCGAGTACGCGGACAAGGTGGGCCGCGACTACGACTACGGCCCGGGCCTGGGCTTCCACTTCGAGGCGTCCTACGGGCGCTGGCCCTGGGAGTACCTCAAGCTGCACGCGGGCAGCACGTGGCT
CP070500.1_gap142	6142219	6145781	3562	CGAGACCTGAGACAGGCGCGCTCGCTTCGGGGTCAACGGTCCGCATCAACAACCATGCGAACATCGTGGGCGCCGGAGGCAACGGCGGCTCGGGAGGCAATGGCGGAGGCGGAGGCCGGCCCCGCTCGTGCAATCGCGACGGGCTGCCGGGAGGCACGGCCATTGAGCTCACGGTTCCAGCCACCCTCACCAATCGCGGCAACATCTGGGGCGGCGGCGGTGGTGGTACCGGCGGGTCCGGGTGCAACCGAAACGCGGGCGGTGGCGGCGGCGCCGGCTTCGTCGGAGGCGCGGGGGGTGAAGGCGCCAGTTCCCTCAGCGGTTCGGAAGAGCTGGCGTATTGCGGCCAGGACAACGGCGTGCGCACCGGCGAACCAGGCAGGGCCGGCGGCACCGCGGGAGGTCAAGGCGGCCGGACGGGCGACTCCAGGGGCGATGGCTCGCACGACATGCTCGGCGGGGATGGCGGAGGCTTTGGCCAGCCCGGCGACCCCGCGGGAGCGTGTGGTGGACTCGGCGCGTCGACCGGCGGCGCCGCCGGTGCCGCGATCAAACGCCGGGGGCACGCGGTGAACGTGCCGGATGGCCGCTACGACACCGGCGGGGGTCGCATTCGCGGCCCCGTCTTGCCTTGAGGTGCTGACACCGCCGCTACTGGCAGGTCACCGGGTCCTTGCAGGAGTACGTCAACTGAAAGAGCGCGTGGTGGTCGCCATACGGCGTCTGCTCGCAGCGCAACTCCTGCTCCACCGCGTTGCAGTATCCCGCGGGGCATGCCGCCGAGGCCTCCGCATAGGCCTGCTCCCGAGCGGTCTCCATGGCACGGTGGCAGCGGAGCGGATGATTGACACCTCGCGTCGCGACGTACCGCTCGCCGCCGCAAATACAAGGCGCGGCACAATAGGTGTAGCCCTGCCCACAAAACACCCAACCCCCGTTGCTGTCCCCCGAGAGACACAGGCCGTTGGTGGCACCACAGGACACAGGAGCGGCTCCCGGACATTGGCGGGTCACAGTACAGGACAGCGCCTGCCCCGCCTCTCCCAGCCGGATTTCATCCTCACCCGGGTCCCCCACGTTGCACGCCGCCAGCGCCACGGCAGCCAACACCACACCCCAGTACCTGGATCCATCGAAGTGGATATGCATCGCCGGGACGCTAGTGGCGGCCGCGCCAAGGCATCCATCGTGGGAAGCCGCAACGCGCTGGCGCATCGGAATTCCGACGCGATACTCTTGCAGCGTGAGCGACACTCCCACCGAGTCTTCTCAGCGCATGAGCGGGTTCATCGCAGGGGCCGCCATCGCCCAATCGCTGATGGTCCCCTACCTGGTGCTTGCCGGGCTCATGGCCGCCGAGGTGTCAGGGGCCCTGGCCGCGGCACTGCTGCTGTACGGGCTGACCTTGGCTGTCGCGACGGTGTTCCTGTTCCGTCGCAAGCGCTGGGCATGGAGCCTGTCGTCCGCGCTCGCGGTGGTGGCGTTCCTGGCGGGAGCCGGCGTGGCGTGGATGCCTCCATCATGGGTGGGGGGTATCCACGCCCTGGGTGCGGCAGCGATCCTCGGTGCCCTGTCCGCGGGCCGCCCGGCCATCGCGGCGCCACCGGCGCTCACGGCCGGCTAGCCACGACGCACCTTGCCAGCCATGCTCCAGGCATTTCAGAACATCACCACAGAACGCCTGCTGCTTCGCGCCGTGCGCGACAGCGATTTGGACGACGTGTTCGCCCTGCATGCGGATCCGGAGACGAACCGGTTCAGCGTTTCCGGCCCCATGCCCTCGTTGGACGTCGCGAGGAAGCAACTGGCGCTGTGGCTGGACGACTGGTCCCGTCACGGCGTGGGCTACTGGGTGGTGGTGCGGCGCGAAGCCCCGGGTGACGTCGTGGGCTTCGGTGGCGTGCGCCACAAGGTGCTCGAAGGACGCACGGTGCTGAACCTCGCCTATCGCTTCACGCCCCGGAGCTGGGGCACCGGGTATGCGACGGAGATGGCCCGCACGGCCCTGGCGCTGGCCCAGCGTCACCTGCCCGACGTGCCCGTGGTCGCCATCATCCACCGGGACAATGAGGCATCCCTCCGCGTCGCGGAGCGCAGCGGAATGCGCTTCGAGCGCGTCATCGACTACGAGGGCACACCCAGCCGGCTCTACGTGCCCGCCCCGCCGTAACGCCGGACTCACTCGAGCGCCGCGATCCGGTACTCCCCTTCTTCCAGCACCAGCCGGACGGCGCGTTCGTCGCCCAGCGGGAACACGGCCTCACCCGCGCCGACACGGACATGCGTATTGAGTGCGAGCCGAGCACGGCGGAGACGCTCCTTCGCAAGCGGTTCGCGCTCGAAATCCTCGCGAAGGCGCTCCGGGGTGTAACGCGCGCGCAGGGGCCCGGCGAGTTGGCCCCAAGCGGCCGTCCAGTCACGGGCCTCCACGCTGTCGATGAATTGGCGAAGGGCGGCCCGAGGCACATCCGCGGGCCGGGCCTCGACGACACGCCACCCCTGGGTGGACTGCGCGACCGTCAAGGAGGGCGCTCGCGCCTCGAGGAGCGGCGCGCCGGCGCGGACGTCCGCGGCCCTCGCGCTGCGAGCCCCCGCATCGGAATAGCGCTCCAGGAACGCCGCCTCCTCCTCGGGCCCCCCCACAGTCAGCGCGAACGCGTCCCCGACACGCCCTTCCTCGAGGGCGCGGGCATACGCCTCCGCGACGGAGGCGGGTTCGCGCGGCGTGGTCGCACAGGCGGTCAGCAGGAGGCAGAAGACCAGGGAACGGTTCATACGCATCGCGGGGAGAATACCTGCCCGGGCACGCCGGCCAATCGCTGTCTTCGACCAGGCACGGTGCCTCACCCAGGCGTGCCTGGCCGAGCGCCGCGGCGCTGCGCCCTCTCCGCCTTCGTCACCTGCTCCAGCAGGTCATGGAGCCGTGGCTCCTCCACGGGCTCGATGAACTGGACGGTATGCCGCCGCCCCTCCTCCTCCACGGTCACGGTGAACCGGCGGGCATCCGCGGCGCCTGGAGGCAGGGTGCCCACAACGGGAGGCAGTTCGAAGAAGCGGGCGGCCTGGACACTGTGCCGCAGCGCCTCCGCCTGCTCTGGTGGCAGGCTCGTCAGGTCCACCACTCTTGGCCGAGCCAGCCCAGGGAAGTAGGCCGGCCCGCCTTCACGCTTGAGTTCGATGCGCATGGCAGCCGCGGCGCAGCCCTCACGCCCTGGGGGCGCGCCCCGCTTGTGGCGAAGGCTGGGTGACGGCGCCGACGAACGCGGGCATGCGGACACCAGACCGGGCGACGCGGATGCCCACCTGCTCCCAGGCCTCCCGGACCGCGTCTTCCTCCTCTCCCGCGCCGAACAAGCGCGTCGCGGACATCACGGTGATGCGCGCAAAGTCGAGGAAGCCCATGTCGGGCTTGATGTGTGAGTCGCGAATGGCGTCGTACCAGATGCGCCCCGCCCGCTCCCAGGCGTAGCCGCCCAGGTGCGACGCAACCAGGTAGAACGCCCGGTTGGGGATACCGGAGTTGATGTGCCCCCCCCCGTTGTCCTCCCACGTATGGACGTAG
CP070500.1_gap143	6180808	6184732	3924	GGATGTACTCGCGCTCCACCGCGTCCAGGCTCAGCCCGAAGGGCAGCCGGAAGGTGTGGCGCTCCGGGCTCTTGCCGGCCATGTCGGGCGGCAGGTGCTCGCGGGTGATCAGCTCCCCGTCGCACAGGATGACGGCGCGCTCCACCGCGTTGCGCAGCTCGCGGATGTTGCCCGGCCAGTCGTAGTTCTTCAGGACCTCCATGGCCTCCGGGTGCACGCCGCTGACGCGCTTGCCGGAGTCGCCGCGGAACTTGTCCACGAAGTGCTGCACCAGGATGGGGACGTCATCGCGGCGCTCGCGCAGGGGCGGCAGGTGGATCTGGAAGACGTTGAGGCGGAAGTAGAGATCCTCGCGGAAGCGCCCGTTCTTGATCTCCTGCTTGAGGTCACGGTTGGTGGCGCAGAGCACGCGCACGTCCACCTCGATCTCCACCTTGCCGCCCAGCCGGCGCAGCTTGCCCTCTTCCAGCACGCGCAGGAGCTTGGCCTGCAACTCGATGGGGATCTCACCCAATTCGTCCAGGAAGAGCGTGCCGCCGTGGGCCATCTCGAACACGCCGGGCCGCCGCTGATCAGCGCCGGTGAAGGCGCCGCGCTCGTGGCCGAACAGCTCGGACTCGATGAGCGTGGCCGGGATGGACGCGCAGTTGATGGCGATGAAGGGCTTGTCGCGGCGCAAGGACAGATTGTGCACCGCGCGGGACACCACTTCCTTGCCCGTGCCGGACTCGCCGCTGATGGACACGCTGGCCTTGGAGGGCGCCACCTTCTCCACCAGCTCGATGACCTTGCGCATGCCCACGGACTGGGCAATCAGGTCCGACGAGCCGAGCTGCTTCAGACGCCGCCGCAGCGTCTGCACCTCGCGCATCGTCTCTTTCTTCTCCAGCGCCCGGTCGATACAGACCTTGAGCCGCGCGGTATCCAGCGGCTTGACGATGAAGTCGTAGGCGCCCTCGCGGATGGACTCCACCGCGGCGTCAATGGTGCCTCGCCCCGTCAGGAAGACCACCGGGCAGTCCGGCAGCTCCTCCTTCAGGTTGCGCAGCAACCAGAGCCCATCCGTCTCCGGCATGGCCAGATCCGACAAGACCACGTCCGGCCGGAACTCGTTCGCCTTGCGAAGGGCGTCATGCCCGTCGAATGCGATCTCGACCTTGTGCCCCCAGGCACTGAGCATGTCCGCCAGCGCCTCACACGTGTCGCGTTCGTCATCCACGGCCAGGATTCGTGCGCTGCCCAAGTGAAGACCTCCCGTACTGCGTCGTGACGCGAAGTTGTCGTGACTCGAAATCAGAAGCCGGCCCGCCTGGATGAGACGCTCAGGCGCGGGAGAAACTCAGGCGGCACAGCCCCGCCCGGACGTGCAGGTCAACGCCCAACTGTGAACAGCGCAGTTGCAGCGCGGCCACGGCTTCGGGCAGGGGCTCGGGGCAGGCGCCGGCCGAATCCTCGACCTCCAGCACCGCGCTCGTCTCGTCCCCCCGCACCGTGACGCGGATCGAGCCGCCATTCTCCGCCCGGCGGAAGGCGCGCAGCAGCGTCTGGATGAGGAAGAAGCCCAGCTCCGACGTGTCCTGCAGACGGATCTGGACGCCCGCCTCCACCGCCGCCTGGACCTGGACGCGGCGCTTGCGGCCCTCGTGCCCCAGCACGCCCAGCGCCCGCGTGGTGGCCTCTGACAGGTCCGCCACGCCCGGCACGCCGCCTCGGAAGACGACGAAGTCGCTGAACAGCTTCAGGATGCCATCCACGCGCTGGATCTGATCGCGCATGGCCTTGAGGTTCTTCTCCTGCGACGGCGGCACGCTCCCCGTCTCCACCTTCAGCTTCTCCGACAGGACCTCCAGATGGATGGCCAGCGCGTTCAGCGGATTGCGGACGTCGTGCAGCAGGCTGTCCATCAGCGTGGGGACGGCCAGATACCGGGCCGCGCCCACCACGGGCTGCGGCGCGTCCTCAACAGAGGGTGCACTATTTGACATTGCTGTCGAGGTAACCAACTGGAACTCCTCGGGATTTTCCCTGTTCCACCCCCGCCGCCGCCCAACCGGAGCCAAGAGTTAGGGAGCCGTTCCCACATCGTCAACCCTGGGGCGGTAATTCTTGCCGGAAGTGGCAAATTCCCCATGCACGGCGCGGACTTACGTCCGCCCGCGAGTGTTTCTCAGGTGACGATTGAGGAGCGCGCGAGATCCGCGCGGAAATGCCCGTACTGCCCCGCGGTGCGGGGCGCTCAGACACCCGAGGCGGGAGGCCGGGCGGCATCGCCCAGACCCACCAGGTCCAGCTTCAGCCGGGCCGCGTACTCGAAGATGCGAGGGTCCCGGTAGAACTCGCCGAACACGATGCGCACCAGGCCCGCGTTGGCGATCAGCTTGAAGCACGGCCAGCAAGGCGAGGCGGTGGTGTAGATGGTCGCCCCGTCGATGCTGACGCCGTTGGTGGCGGCCTGGATGATGGCGTTGGCCTCCGCGTGGACGGTGGCCACGCAGTGTCCGTTCTCCATCATGTGGCCCACGTCATCGCAGTGCGGCAGCCCGCGGATGGCGCCGTTGTAGCCGGTGGACAGGATGGTCCTGCCCCGGACGATGACGGCGCCCACGTGCTTGCGATCACACGTGGCGCGCGAGGCCACCTGCGTCGCGATGTCCATGAAGTACTGATCCCACGAGACACGTCCGGCCATCCCACGCCTCCAGTCCGGCGGATGTACCCCGCTCGCGCGCGGTGTCGAGATTCCTGCCAGCCGGCCAAGGCGGACCTGGGACACCGCGCGAAGTCGCTAACGCCCGGCGGAGTGTGCGAGTCCACCCTCCGTCGCGGGCTTGCGCGCCAGCAGCCGGCCAAAGCCCTTGGCCTGGAGGAAGTGGCGCACCTTCGCGCTGGGTGCGGCGAACGTCTCTCCGGGCATGGGCACGTCGAAGCTGTAGTTCTCCTCCTGCACCTCGAAGTCCACCTTCGCGGTGCGGTAGCCCTCGACGATGGCCAGCAGCCGGCCCGTCGTCAGGCTGAAGATGCCGCCGCCCGACGCGCCGTAGCCGATGGGGGCGTCCGTCTTCACCATCTTCGGGCGCTGGGATGCCTTGTCCCATTCGACCTGGGACAGCATGCCGCCGGACAGCGACAGCGCGCGGCCGAATGGCGAGGCGGCCACCACCACGTCCTCGCCCAGCTCCAGCTCCGCGTCGTCCGCCAGCTCCACCGCGGGCAGGTCCAGCCCCGGCACGCGCACCAGTGCGAGGTCCAGGTCAGGCACCTCGCCCATCGCCACCACCTCGCCCCGGTGCTCCAGCGACTCCGCGCGGCGGTCCACCAGCACGCGCAGCTCCGGAGCCTCCATCCCGTCCATGGCCACCGCGTGTGCGTTGGTGACCACCCAGGCAACCGTGGCTCCGTTCGCGTCCCGCTCGGCGCCCACCACCACGCCCGACGCCGTGCTGAGCACCCTGCCCTGCGAGGCCAGTTGCAGCCGCACGTTGTGCGGGAGGATGCGCCGCACCTGCTCCTTGCGCGTCATGCGCGGCACGTCCGGCACCGCGATGACACGCTCGACGACGGGCGCCACCTGGGATGCGGGGGTGGCGGCGGCCGGCTGAGACGGGGCACCGGCGCACGACACGAGGGCGAGCAGGGCGGGGGCGCCCAGGAGGAAGCGGGTCATCGACTCTCCGGTCTGGGGGGGAAACGGATGCAGCCAGTACAACTCCCTGGCAGCCCCCATCATCCCGAGCCCTTTCCGGCTTTGAAAGCAGGCGTCCAGGCGGGCCCCGGACGCCTGCCCGGTCACGCGTAGCGCTTCTTCATCAGGAAGAGGATGGCGTCCTTCGCGCACGACTCGCAGTAGCCGTAGCGCTCCGCCATCGTCTTCAGCGTGCTCTGCACCTGCGTCTGCTCGCGCGCGGTGAGCTGGTTGCGGTCCTC
CP070500.1_gap144	6373620	6374534	914	CTCGTACGCCTGGACGGCCTGCCGGCGGTCATCCCGCTCCTCCCACAACAAACCCCGCAGGTACCAGGCGCGGGGATTATTGGGAGCCTGCTGGAGCGCGGCGTTCAGGTGGGACTCCGCCTGCTCCAGCGCGCCTCCCGTCTTCAGCAGCAGCCGGGCCATCTCCAACCGGGGCAGCTCCCACGCGGGTTGAGCCCGGACCAGGGCCTCCAGCGCGGCCAGGGCGCCCACATCATTCCCATCCGCTTCCAGGGCCAGGGCCTCCGGGAGCGAAACCACCGTCCGTGACGAGGCCGGAGTCAGGGCAGAAGGCTCCGCTGCGTCAGTCGCGCCCGCCAGCAAAGCCACCAGGATGACCCACCTCATGTGCGGCTGATAGCAGAGCCGACCCGGGCGCCTCAATAGATCCTCTTGACGGCCGAACGGCCGCGCATGAAACCCATGACCGTGCAGATATCGCAAAGAACGCTGGAAGACCTGGGCTTCGCGGATGTGCTCCGCGCGTTGGCGCAACGCTGCCGGACGGAGCCCGGCAGGGAGCGGGTGCTCGCCCGGCCGTTCCTGGCCACCCCCGAGGCCGTGGCGGAGGCCCTCGCGCTCGTCGCCGAGACCCGCTCGTTGTCCCAGGAGCAGTTCTCCCTCCCCTTGGGTGGCGTGACGGACCTGCGTACGCCCATCGGCCATGCGGCCAAGGGCGGCATGCTGGAGCCCCGCCAGCTCATCGACTCGGCGCAGCTCCTGTTCGCCTTCGTCCGCACCCGCGAGGCACTGGACGAACGCCGGGCCCGCGTCCCCCGGCTGGTGGAGATTGCCCGCCGGATGCCATCGCTGGAGCCGCTGGCTCGCCGCATCGACCAGTGTTTCGAACCGGACGGTGAGATCTCCGACCGTGCCAGCCCGGAGCTGCGCGAAGC
CP070500.1_gap145	6405581	6407272	1691	GATGTCCGCGCGGCTGCCGTCCAACCGCTGCGCATGGCGAAGCAACTGCAACGCGCGGGACGGATTACCTGCCTGTCGGCACAGCTCCGCCGCTTTCTGCAGGCACTCCACCGCACGGGCCACGTCTCCCTGTGTCTCGGCGGACTGCGCGGCGCGGATCAGCTCGCGAGGGTTCTCGGCCATACGGGGAGAGCCTAACCGGCTCGGGGCACCCGCGCGCGGCCCTCGAACGCGGGCCCCAGCATCAGGCGCTTCCCGGCCCGGCTCCAGGGCCACCACGCCCCTCACGTCAGGGGCGTGGACCTGCCACGGCGCTCACCTCACGCCATGGCCAGGAACAGCAGGTCCGGCTTCTCCAGGTACTTGATGATTTCGTACGTGAAATCCGCCGCCACCGAGCCGTCGATGACGCGGTGGTCGCACGACAGCGACAGGTTCATCATGTCGCGCACGACGACCTGGTCCCCCACCACCGCCGGGCGCTTCTTCAGGCGGTGCACGCCCAGGATGCCCACTTCAGGGTGGTTGATGATGGGCGTGGCGAACAGGCCGCCGCTCTGCCCCAGCGAGCTGATGGTGAAGGTGCCGCCCGTCAGCTCCTCCATCTTCAGCTTGCGGTCACGCGCGGCGGCGCCCAGGCGGGCCGTCTCACGCGCCAGCTCGGCCAGCGTCAGCCGGTCCGCGCTCTTCACCACCGCCACGGTGAGGCCGTCCGGCGTCGCCGCCGCCATGCCGATGTTGAACTCGCCGCGGACCACCAGCTCCTGCGACGCCTCGTCGAAGTTCGCGTTCAGGTGCGGGAACTTCTTCAGCGCCGCCACCGTCGCCTTGATGATGAACGGCAGGTAGTTGAGCTTGATGTTCTCACCGGCCGCCGCCAACTGCGCGTTCAGCCGCGCGCGCAGGGCCACCAGCTCCGTGGCGTCCACTTCCTCGACAAAGGCGAAGTGCGGCGCCGTGAACTTCGACCGCACCATCTTCTCCGCGATCTTCTTGCGCAGGCCCCGAAGCGGAACGCGCTCGTCCGCCGCGCCCGAGCTGACGGCAGGAGCCGCGGGACGCGCCTTCTGCTCGGCCGGAGCCGCGACGACGTTCTTCTCGCCACCCTCCAGCGCCGCCACCACATCCGCCTTCGTCACGCGGCCCTGTGGCCCCGTGCCGGCAATCGACGCCAGGTCCAGCCCGTGCTCGCGCGCCATCCGCCGCGTCACCGGCGTGGCCAGCACCTTGGACGCCGAGGCAGGCGCACCACCGACATGGCCACCCGCCACGGGCGCCGCCGCTGGCGCGCTGGCCTCGGAATGACCACCGGCCTGCGCCGGCGCAGCGCCCTCCACCTCCAGGGTGACGAGGAGCTGGTGCACCTTCGCCATGTCGCCTTCATTGCCATGCGTCTTCACGACACGGCCCGCCTTGGGAGCGGGAACGGTGACGGTGGCCTTGTCCGTCATCACCTCGGCGAGCACCTGGTCTTCCTTGACGGAATCCCCTGCCTTCACGTGCCACTTCACCAGCTCACCCTCCATCACGCCTTCACCAAGGTCGGGGAGCTTGAATTCGAAGATCGCCATGGGGTCGTCTTTCCGGGAAGCAGGGGTGTTGGGTCAAGCCATGAATCGGAGCGTCAAAGCTCAGCCGAGCCGCTCGAGCCGCTCGCGCTCCATCAGGCCCTTCATGAAGAACTCAGCGGC
CP070500.1_gap146	6496099	6499256	3157	ACAGCGAAGTCGGAGTACTGGAGCGTCAGGGGCGGCAACGGCGAAGGTTGGCCGCTGGCGAAGGCGCCATATAACGTCACGATTTCGCGGACGAGGATGGCCTGCGCCCACACGTCCGCCGCGATGTGGTGCAAGCAGAGCTGGAGGTACTGCCCCTGGGGCCCCCGCTCGATGATGAGCACACGCATCACGGGGCCCGTGGACAGGTCGAAGGGCCGCTTGCCCTCTCGCTGGAGGAAGGCCTCCACGCCCGCGGGTTCGGAGGCCAGCACCTCGCGCTCGTCGAGCACGCGGAAGTCGAACCGGGGCTCCGGGTCGACAATCTGGACCGGGACGCCCGCGTGCTCGGCATACCGCGTGCGCAGCACCTCGTGGCGGCGGATGACCTCGGTGAAGCAGCGCTTCACGATGGCTACGTCGAGGTGCCCTTCGACCTGCAACGCCAGCATCAGGTTGTAGGCGGTGCTCCCAGGCTCCAAGCGGTCGAGGAACCACAGCCGCGTCTGCCCATAGGAGAGCGGCGCGGGCCCGGTGCGTTGAACCGGGACGATGGGCGCCTCCTCCTGCCCCCGGTCATGGGCACGCAGGAGTTCGAGCAACTCGGGTTTGTGTTCCGCCAGTGCCTGCCGAAGCTCTGCGGTGGCGGCGCCTTTCGGTCCGCGAAGCCTCAGCGCGTCGCCTTCCACCCGGACTTCCAGGCCCCGCCGATTCAGCTCGGCGAGCAGTTCCCCCAGATTCATACCGTCAACTCCTCGATGTCGGCTGCGGCCTCCGCCGCGGGAGCACGCGCGAGCAGCTCCTTGAGCTCGAGCTGGGTGCTCAGCGCATCCACAATCCCGTCGAGCGTGGTGCCGTCGATGAAACGCGCCATGAGCAGGTCCACTCCCAGCTCGCGGCCAATGCGGTTCTTCAGCTCGACCGCGCGCAGCGAATCGAGCCCCATCTCGTTCAAGGAAATCCTCTTCTGGAGGACCTCGTGGTCCGGGGCGAAGCCCAGCAAGGGCCCCAGCCGGCTCTGTACGTACCGTGTCAGCAGCGCGCGCCGGCGCTCCCCGTCCGCCCGCTTCAGCTCTTCCATCAGCTCATGCATCCGCGAAGCCGCCGCGGACCGGGCCTGCTCACGGAGCATCAGCTCGGAGAACAAGGGGCCATGGCCGGGCGAAGGCCCCGCCTCCAGCGAGGAGACGCTGAAGGGCACGACGCCCACCTGCACGGCCCCCTGCTCCAGCAGTTGTTCGAAGACCTGGAGCGCCACTTCGGGTGAGAGGCTGGCGGCATCCGACGCTTCCGGCCGGTCCGCGCTCTTCGCGGCCATGCCCGCGCCCGCCCACCGTCCCCAGTTGATGCTGAGGGCTGGCAGACCCAGGCGGTTCCGGTGGTGCGCCAGTGCGTCCAGGACGCTGTTCGCCGCCACGTAGTTCGACTGTCCCGCCACGCCCACCAGCGAGGCCGCGGACGAGTACATGACGAAGAGGTCCAGCGGCATCCCGGCCGTGGCGCGGTGCAGGTTCAACGCGCCCTGCACCTTGGGCGCGAACACGCGCGAGAAGCGCTCCGCATCCTGGTGCAGGATGACGCCGTCCTCCAGCACGCCCGCCGTGTGGATGATGCCTCGCAGGGACAGGCCCCGCTCTGACACGCTCGCCACCAGTCGCTGCACGTCCTCCTGTCGTGAGACATCCGCGCGCGCGACGGTGACGCCGACGCCCCGGGCGGTCAGCGCCGCGAGCCGAGCGTTCGCCGCGTCCGTGGGCTCGCTCCGTCCCACCAGCAGCAGGTGCCGCGCCCCGGCCCCCACCAGCCACTCCGCAGTCTCGAGCCCCAGCGCCCCGAGGCCTCCCGTGACGAGGTAGACGCCATCGGGGCGGATACGCACGGGGGCAGCGCGTTCAGGTGGCTTGCCAGGACGCACGAGGCGCGCGCCCAGGATCCGGCCGCCGCGCAGGGCCAAGACGTTCTCCTGCGGCGGCTGCGCCATGAGGAGGAACAAGCGCTCCAGCGATTCGGAGCCCGGCTCCAGGTCCACCATGCGGCACATGAACTCCGTGTGCTCGATGGCCACAGCGCGGCCGAAGCCCCAGAGGGAGGCCTGAGCAAAGCCCTCCACCGCATCCGTGGGCGTGGCGGCCACCGCGCTCTCCGTCACCATCCAGAGGGCAGGCGGCTGCGCCCAGCCGGCACGCGCCATCGCTTTCACGAGGTGAAGCGCGCCCAAGGTGCTCGACGTCACCGCGCCGGAGAGGGCCTCGGGAGAACGGTCGCCGAGCCCCCACAGATAGGCCACTGCCGCTGGAGCGGAGACGTCCTGGAGCAGCCGGTCAAAGCCCGCCGCGTCATGGGGGTTCAGCCGGTAGTGGTTCGCGTCGACGCGTTCGTAGGACGCACCGGGCGTGGCCACCACGCAGATCCAAGCGCGTTGCCGCGCCAACGTCCTGACTTCGTCCGCGACGCGATCCGAGTCCACCAGCAACAGCCAAGGCCCGGACTGCGAAGCCACCTGGTCACGCGCGGAGGGCGCGGGCTGCTCCCGCCACGCCAGCTCGAAGAGGAGTTCCTGCATCGCCCCCGAGAAGGCCGCCTGGAACGCGCGGCGGTCGACCTGCTTCAGCAGCAGGCCTTCCACCTCGGCGACGACGGTGCCGTCCTCGTCCAGGATGCGGAGGTCGGCGCTCGCCAGTCCCTCCGAGAGCGACGTGCGCGCCCCGGTTCGGGCGTGCACCCAGATGCTGCTCCCAGGCCGCTTGAACCAACGCAGCCGCTCGATGGCGACCGGAATGCGTCCCTGCCCTTCTCCCGCCACCTGCGCGCCGCCGTCCGTGAACGCCGCCGCCGCCGTCTGGAAGCATGCGTCGAGCAGCAACGGATGCAGCCAGTAGTCCCCCAAACCGATGACGAGCGCATCGGGCAGCCGCACGTGGGCGAGGCATCCCTCCCCGCCGAACCGCAGCGCATCGATGCCTCGGAACGAAGGGCCGTACTCCAACCCACCGCGCGCCATCATGTCGTAGTGCGCGCTGACGGAGCCCTGCCGGGGGAACGCCTGCAACAGCTCCGACTCCAGGGCCACGTGCTCCGGGTTCATGCGGCCCTCGGTGATGCGGCCCTGCGCCAGCCGGGCCCAATTCCGATCCGCCGTCCCTGTCGCCTGCCCGAAGAT
CP070500.1_gap147	6524464	6527966	3502	GGCCGACCCGTTGAGGAACCACCAGGTTGGCCAGCATCCGTCCCGCGTAGCGCGCTCCCAGCGCCACCCGGCTGGCGGGCCACAGTGCCTCGGTGCCCAAGCCCTTCTCGGACTTCTGCTGCCAGGCGCGCTTCGCGAGCCTCAAGGCGATGTCCGGGCGCAGGAGGAACTCCGGCCCCGCCTGGACGTGCATCAGCTTGAGGAACTCCTGGTAGATCTCCGGATGCTCGTGGTTCAGCGCGTAGAGCTCCTCGACGTACCACTGGGCCAGCTTGATGAGCCGCGTCCGCTCACCGGGGACGTGGGGATGCCGCATGGCCTCCGCCGTCACGAAGAACCAGAGGCCCTGGAGCCACTGCGCGCCCGTGCGGAGGTAGGACGCCGTCCAGGCCTGGGTCACCGCCTCCAGGCTGTCGAGTTGGTGCAGCGCCTCGTTGAGGAGGTTCGCCTCCAGCATCGCCACCGACATGCCCTGGCCGAAGACAGGGTCGAAGTAGCACCACGCATCCCCCAGGACGAGCAACCCCGCGGGGAAGTCCCGGATGCGCTCGAAGTGGCGCCATCTCACGTCCGGCACCCGGTACACCCCGACGTCCGAGACGGGCTTCGCGTCCTTGATGGCTTCGTAGATGTCCGGCTCGCGGAGGCTGCGGGCGAACTCCACGAATCCGTCCTCGTCGCGGGGCGGGTGGTGTCCTTCGTAGCCGAACAAGGACACAATCCAGCGATTGCCTTCCACGCCCAGCATCGCCCCGCCGCGCGGTTTGTCGGGCGGCAGCGGGGTGATCCACAGTCCGCGCCAGTCCCTGGCTGTCTCCGGCTGCTCGAAGAGGCGTGACACGTAGCAGAGGTTGATGGGCAGCCGGCTCTCCTCCGGCGGGCTGAAACCCAACTCCGACAACCACTTGCCCAGTTGCGATCCGCGCCCGCTCGCGTCGACCACGATGTTGGCGAGCCGGTTCGTCACCGCGCCGCCGTCCCCATGGCGGTCATGCGTCTGGACTCCGAGAATCCGCCTCCCATCCGGCGTGGCCAGCAGCGCCCGCACGGAGGTCGACTCCAGGATCTCCACGTTGGAATAGGCGCGAAGCCGCCCTCGCAGGTAGCGCTCCAGGGAGCAGCGCGTCTGCGGGTACAGGACGATGCCGCTGCGGTGGCGCGGCATCCAGTCACCAAACTGCAACCACCGGAGGTCCTGGGTGAAGTCGAAGGGCTCGATGCCGTCCGCCGTCATCTGCTCGACGAGGCCGGGGAAGTACTGCTCCAACAGGTCCACACCCTTTCGCAGCAGGACGTGGATGTGATTGGCCTGGGGCGCGCCCGGGCGAGGGCCATCCTGGAGCACGTCCCGTTCAATGACGGTGACGCGCTCGAAATGGTCCGCCAGCACGCGCGCGGCGCAGAGCCCACCGATGCTGGCGCCAATGACAATGGCGCTCCCAGGAAGTTTGTTCATGCCGTGTCCCGCCTCTTGCAGCGTCAACGCTCGGGTTGCTCGCGGAAGCCGTTCAGGCCGCCGCCTGCTGTCCGGTCAGGTGCGCCAGGATGAGGTCGTGGACTTGCGTAGCGTGGAGTGTCTCTGCCTCGATCAGCTCGCCATGTCGTGTCATCAGCACCGGCCCATCCTCCGGGCCGGTGGGCAGGCCATGCGCCCCTTTGAGGAGGGAGCCGTCCATCGAGACGACCTCCAGTCGCGAGCGTACGCCCAGCTTCTCCTTCACGACACTGCCCCCCAGTTCCAGCATGCGCAGACCCAGCTTCGGGTCCACGAACATCTCCAGCGGGTCGTAGCCCGGCTTGCGGTAGATATCGACGGTGCGCGCGTAGTCCGGCGCACGCGCGTCATCGAGCCAGTAGAAGTACGTGAACCAGGCATCCGGTTCCGCCAGGGCCACCAGCTCGCCCGAGCGTGGGTGGTCCAGATGGTGGGCGCGCTTGCCCTCGGCATCGAGCACCTGGGCCACCCCGGGCTCCGCCTCGACCAGCGCCTTGACCTCGTCCAGGAGCGCCGGGTTCCGGACATAGATGTGCGCGATTTGCATGTCCGCGACGGCGAACGCCTCACTGCCGCTGGGATAGACGACGTCACGGCCGCCCTCTTCCCGGATCGCCAGCCACCCTCGGCGGCGGAAGAGGCGGTTCAGGTGGACGGCCCGGGACACGGGGACCGCGCCGAACTCCGAGAGGATGATGACGCGCACGCCGCGCGACTCGTAGAAGCCAATCAGCTTCCCGACGACGTCGTCGATCTCCCGGAGGCTCTTGTGGATCTCCTTCGCGTTCGGTCCAAACGTGTGCGGCGTGTAGTCCAGGTGCGGAAGGAAGACGAGTGAGAGCGTGGGGCTGTGCCGCTGCTCCAGCCACATGGCGACGTCGGCGATCCACTCCGAGGAGCGGATGCTGTAGCGGGGTCCCCAGTAGTCATACGCGGGGAAGTTCCCCAGCGCCTCGACGAGCGGCTTGCGCAGGTGGAGCGGCTCCGTGAACACGTCAGGCACCACCCGCCCGTCCGCGGTGAAGGACGGCTGCGGCGTGATGGCGTAGTCCGCCTTCGAATACATGTTCATGAACCAGCACACGCGGGCGCAGGTGAAGCTGGGGTCGAGCTTGCGGGCGGCGTCCCAGAGCTGCGGCGTCTGCACGAGCCCATCGGATTGGGGCCAGAAGCGGACCTCTCCCAACTCCCGGTTGAGCCATCCATCTCCGACGATTCCGTGCTCGCTGGGATATCTTCCGGTCAGGAACGTCGCCTGCATGGTGCAGTTCAGCGCCGGCAGGACGGGCTGGAGCGGCACCATGCGCCCCCGCTCCACGAATGCCTGCATGTTTGGCGCCGAGGGGCCGACATACCTCGCGCTCAATCCAGGCAAATCCAAAACGACGCAACGTTCCATGCCCGAAGCAAACTGCTCACGAGCAAACCAGTCAATCACCGACCAGGTTGGCCCATACCCTGGTCTGAGATGAGTGCTCAGCCAGTTCGACCAGGTCAGCCGCGTGTAGAATTTTACCGCGGCCATAGGCTGGAAAGCACTGGCGCGAGCGCTCGCGCCGGGAATGAGTGACACCGTACCCAGTGCAATGGGTAGTGAAACGAAACGGAATACATGGTCTGGAGGGGCGGGTCATGGGCCTCATTTCAGCCCGTTTCCCCGCCGATCGCGGATGCGCGGCCGGCCTTCGCGACCACGTGGTCCGCGGCAGCGGAAAATCGCGTCCCGGCCCATTTGTAACTCATTGAGTCCACCTCGGGCCAGACCCAGCAGATAGGAATTACCGAGCCCCGCACTTCAATCCCATCCAGCGCCACCTCAAAAGACACACTTCCCGACCACCATCCCCGAGGTTCTTGACGACTCGTTCCCGCGCACGCGAGACTTCGCCTGACTCCTCTCACGTCTCACCATCCATCTCCGAGGGCCATGCAGCGCGAGCGCAATGCGTTCGAAGCGCGCCCCCTCGTTGCTGTCACCCGTTGGAACGCCAGGAAAACATGGACTTC
CP070500.1_gap148	6537571	6542084	4513	GACGCGGCCCAGGCGGCGGACAAGGCCCTGGCCATGGTGGAGACCACGCAGCGGCTGTCCAGGTTCCTCCCGCTGGCCCTGGACCGCGCCGCGCTCTACAACCTCGCCGCGGGCCGCTTCGAACGGGCGCTGACGCTCTATGACCGGGAGCTGCCGCTCGTGGAAGCGAGCCCCCAGGACGAAGAGGGCCTGCGCAACCGGATGGTGGTGCGGCTGGCGCGCGGCGCAGCGGCGCTGGGTGCTGGTCAGCCGCAGCGGACCTTGGAGGACCTGGAGCAGGTCGAGCGAGACCTGGCGACGCCCGGTGTCCGGAGCGCGTTGAAGTGGGCCCACTCCACGCCGGAGCATGTCCTGCGCTCCTACCGCCTCATCGCCTCGGGCCTGCGCGCGAACGCGGAGACCCGGCTGGGACGCCTGGACGCCGCGGCGCGGGCGCTCGAAACGCGGCGCAAGCTGTACCTTGCGCAGTTCGACCAGTTGGACCGCGATGAGGACATCCGCGCCGTGACGCTGGCGGAGCTGCGGCTGGCGGAGAACGCGGTGGACCAGCAGGACCCGGCACAGGCGGCGCGCTGGCTGGGCGAGGCGTTGAAGCACTCCGACTCGCTGGTCGCGCGGACGCACGCGAACGTCGATCCGGGGCAACTGGACGTGCTCTGGTTCGCGGCACAGTTGAATGTGAAGGGCGACGGAGGCTTGCCCTTCGACGTGCCTCAGCGACTGGGCAAGGCGCGCCGCACCCTGGTCGAGCTGCGTGACCCGGCCTGGCGTTCGTACCTGGCGTGGTTCGAAATCTACGCTGCGCTCGCGGCGCCCGCCGCCGAGGAGGCCCGTTCGGCCCCGTAGGCCGCGCCCCAGGGCTCCCGGTGCTCCAAGGCGAGCGGGCTCAGGCGGGCAGCGCGCGTGACAGCGCCTGCCGTACCGCCGCGCGCACGGGCGCGGGGACCTCATCCCCGGGGATGCGCCGGCACAGGGACACCGTGCGCTTGAGCGCGTCACACGCGTCGCTGCAGCGGGGGCAGCGGGACAGATGGTCCTCCAGGCGCACACAGGCGGCCTGGTCCACCTCCTCCGCGGCGAACTCCGACAGCTCCTGCGCCAGCTCCGGACACCCCGCGCCCTGTCCGTGGGCGCCCTCCCCCAGGAGGGTGGCGAGGTGCTCGCGCATCTGGAGCCGCGCGCGGTGCAACCGGCTCTTGAGCGCACGCACCTCGATGCCCACCACGCTGGCCGCGTCCTCGGCCGTGAGCCCCTCCACGTCCCGGAGGATGAGCACCTCTCGATGCGCCTCCGGCAGCGCGAGGATGGCCGCCTGCAACACCTCGCCCATCTGCCGCGCGTGGGAGACCATGTCCGGCGTCGCCTCCTCCGCCGCGACGTTCGTGGCCGCGGGCGAGTCGAGCGGCTGGAAGTCCTCCGGCGCGCCGACGCGACGGCGGCGCAGGCGGAAGCAGTGCGTGCGGGCCACCTGGTACAACCAGGTGGACAGCGCCGCGTCCCCCCGAAACGCGTGGATGCCCCGGAAGGCGGAGAACAGCGTCTCCTGGAGGACCTCCATGGCGTCCTCCTCGGAGCCGCACATGCGCAGGCCAAATCGGTACACCTGCTTCTCATGGCGGGCGAGGACCTCGTCCAGGGCCTTGTCGTCGCCAGCGCGCGCGGCCTCCATCAACTGCTCATCGGTTCGCGTCGACATCCGCCCTTCGCCTCCTCATCGGAAGAACGCCCAGTCACCAGGATGCCTTCCTGGATGGCGCCAGGAGGTTACATCGCGCAAGACCTAGCGCCGGTGCTGAAGCGACAGGCCGAGATGCCCCCCGGACGCGGCGTGCCCGGGAGGCCGCCAGCTCCCGCCCAGCGTGGCTCGAAGCGCCTGCCGACGGAGATACCAACTGAGCCCGGCATCCAGCCGCGCCCCGCCCGGGGCGTCCGCCAGGGCGCCGCCCGTGACTCGCGCCACCAGCGCCCACGGCTCGAGCACCGTGGCCCCCGGCCCCGGCAGGTTGAGGCCCGCGCGGACGTGAGCGAGCAGCGCGTGTCCCTGGGGGGATGCTACCTGGTGGAGCTCGGCCGAGAGCACCAGCGGGCGCAGGCGCAGGAGCGCGTCCACGCCCCAGGAGCGTGCGTCGCCCCCGGGCTCCGTGCTCCCTTGCAGGGCCAGGGTGAGGCCCGGCCGAAGGCCGAAGTCATTCATGGGCAGGCTGAGGGAATACACATCCGCCTCGGGTGCGCCCAGGGTGAGCGCGGCGCGGGCCACGAGCAGCGGCGGTCGCCATGCCCCCTCCGGCCCGGGGCGGTACACCACCACGCCCGAATCATAGCGCACGCTCCAGCCCTCCCCCCGGAGCAGGCCCCCCACGTCCACCCCTGGCGCGCGCCCCGACTCCGTCCCGGTGAGGTGCTCGCGCAGGGGGCCTTGTGTGATGGCCTTGTCCAGCGAGTCCACCTCGAAGCCACTGGTGAGGCTCTCCCGGCCTACCTGCGGCCGGAACAGCCCCACGCTCAGCCAGGCACGCTGGGGCATCACGGTGAAGGTGACGCTGGCCTCATGGAGGGCCAGCGGCGGCCCCTGGAGCGGACCGGGCAGGAGGACGAGCCGGTCGAACGACACCTCCAGTCCGCCCCGCACCCACGGCGACCCGGTCAGGTGGAGCCCCACCCGCCCACGTCGCAGGCTCACGGCGGCGGCGCCCGCGGCGCTCAGCCCCTGGTCGATTCGGAGCTGGAGCGCCTCCCTGAATTCCAGCCGCGGCCCCTCCTCCACCACCTCCTCGGCCCGGCCCGGCCGCGCCATGCCGGCCAGGGCCAGGAGACAGAGGGACAGCACGGTCCGCGTCCTGCGCGTCGCGCGCTCCATGGGGGCCACGACTCGCTAGTAGCGGATGACCTGGTAGCCCTCGGCCACCAGGCGCGACAGCTCCGCCACGCCATCGTCCACCACGTCAGCCTGGGGCTGGAGCTTCTTCGGGTCGATGCCAAACTTCTGCAGCGCGGTGCCGCACGCCACCAGCCGCACGCCAGCGGCCTTCGCCGCCTGGGCCGCCTCACGGACCTCCGCCGGCACGGCCTTCACCGTCGGGTCCAGCGCCACCACCGCGCGGCCGTAGGTGAGCCACACCACGTCCGAGAGGTAGCCCGACTCCTTGGCGTTCTTCACGTGCCGGAGGGAGCTGGAGAGGGTGCCGAGGTCCTCCAGGCCCGTGGTGGCCACGAAGACGAGCTTGCCCTGGCGAGCGGGCACCTCCTTCTTCGCGGGCTGGGACGGCGGCGCGGCGAGCGAGGCCAGGGGCGCGGTGACGAGCGCGATGACGAGCAACGGCAGGAAGCGATTCATCTGGATGGACTCCGATGTGGTTCGAGGACGACGGGTTCGAGGACTACTGGATGGACAGCACATGGATGAGCCCCCAGGCGGCCAGCGCGAGGGCGGCGAAGCCAACGAGGCCCGCGTAGACGACCCGCATGCCCGCGCGGCGGACCATGCTCAGGTGGGTGCCAAGCCCCATGGCCGCCATGGCCATCACCATGAGGAAGACGCTGGCGGTGGAGAGCCACGCCTTGGCGGCGGCGGGCAACACGCCCACCGTGCCCAGCACGCCCACCGCGAGGAAGCCGATGACGAACCACGGAATGGGTGGCTCCTTCAGCGAATAGCGCACCTGCCCGCCCGCGCCGGAGACCAGCCCCAGCACCACGAGCGCGGGGGCCAGCAGCACCACGCGGGTGAGCTTGACCAGCGTGCCCAGGTCCCCGGCGGAGGTGCCCCAGGTGAAGGCCGCGGCCATCACCTGCGCCACCTCATGCAACGTGGCGCCCGACAGGATGGCGAGTTGCGCGGTGCTCAGCCCCAGCAGCGGCCCCACGAAGACGTAGAAGAGGACGCCCACCGTGCCCAGGATTCCGCACAGCCCCACCGCCAGCGTGGTGTCCTCCTCCTCCGCGCGGGTGACGGAGCTGGCGGCCACCACCGCGCTGGCGCCACAAATGGAAGTCCCCACCGCCAGCAGCGTGCCCAGCTTCTCCGGCACGCCGAAGCGCTTCGTCACCCAGCGGATGCCCAGAATGCCGCCGACGATGACGGCCAGGGCCAGCAGCAGCACGCGAGGGCCCACCTTCGCCACCAGCCCGAAGTCGAGCCGCGCGCCCATCAACACGATGCCCAACCGCAGCACCGTGCGCGCCGAGTAGCGCGTGCCCTCCATCAGGCCGGGGGCCAGCCCCAGGGCCGTCCGCAGTGAGATGCCAATCAGCAGGGCCACCGTGAGGGGCCCCACCACCTTGAGGCCGGGGAGTGTGGCCAGCCCGTAGCTGACCACCGCCAGACCAGCGGCGAGCCCGAGCCCCGGCAGCCGCCGGCGCCAGGGGCCTCCAGGCGGAGGCGCGGCGGAAATCGAGTCGGAAGTGGCGAGAGGTGCAGTCATTTCAGGGGGACGGTGGGGGGAAGTCGCGCTCACGGTTGAACCTGCTGGGTGCGGAGCACGGCCGGCAGGTCCAGGCCCACCGCGCGGCCCTC
CP070500.1_gap149	6588869	6591342	2473	CTCGTCCTGGGGACTCAACCCGGTGAGGAGGAGCCGAGTGAATGGCAGCGTCTCCAGCAGGGCCCGTTGCGTGGACTCCGTCAGCCCCATCCGCCGGAAGGCCAGGATGAGGTCTTCCGGGTGCTCTGAAGTCAGGGGACGAGCGCGAATCATCGGGAGGCTCCAGGGAGGGGGCCGCGTACCGCCACCAGGACGGGACGCGCTTCCCTACCCTACCGCTCCCGAGTGCGCCGGGGGCTCAGGCTTCGAGCGGCTCGGTCACGATGTCCACCGTGGACGTCGTCATCAGCTTGTGGATGGGGCACTGCGCGACGGCGTTGTACAGCCGCTGCTTGTCCGCCGGCGACAGCGCCCCGTGGAACGCCAGCTTCACCTTCAGCGTGTAGGTGCCCTGCCGCTCCCGCGAATCATCCCGTTCGACGTGCGTCTCCACACGCTCCAGGGCCAGGCCGTGACGCTTCGCGTACCACGTGGCCGTCAGGGCCTTGCATGCCGCCAGCGCGGCGTCGAAGTAGTCGTGTGGACCGGGCGCGGAGTCCTCTCCACCCAACGCGGGGGCCACGTCCGCATGCAGGGTATGGGTGCCGGTCTTCAGGACCTGGCGAAACGCTCCGGGCTTCTCGGTCTGGCTGTGGGTCGTCATGGGGGCTCCGGGAGAAGAAGGTGGACCGGAGGCCCGGTGAAGGCGCCTCCGGAGCGGTCCGCGGGGGTGGCTCAGGCCGCCTGCTCGGCCTGCGCCTTCACCGCCTGGACCTCGATGGCGATTTCAATCTTCTCACCGACGAGCACGCCGCCGGCCTCCAGCGCCTGGTTCCACGTCAGGCCGAAGTCGCGGCGGTCCACCGACGTCTTCGCCTCGAACGCGGTCTTGACGTTGCCCCACGGGTCCTTGGCCCCGCCGAGCTGCTCGGCGTCCAGCACCACCTCGCGGGTGATGTCGCGGATGGTCAGGTTGCCCGTCACCTTCAGCCCGTTGCCGGACGCCTTCTCCACCTTCGTGCTCTTGAACGTGATGCTGGGGAACTTCTCCACGTCGAAGAAGTCCGGCGAGCGCAGGTGGGTGTCACGCTGCTCGACACCGGAGTCGATGCTGGCCGTCTCGATGGTGACGGCGACGGAGGACTTCGTGATGTCCTGCTCGTCCAGCGAAATGGCGCCGCTGTACTTGCGGAAGCTGCCGCGAACCTTCGCGATGACCATGTGGCGGACGGAGAAGTGGATGGCGGAGTGGGTGGTGTCGATGTTCCAGGTCGTGGTGGCCATGAGGTGCCTTCCTTTTTGTGTGAAGCGGTGTGTTCGACGAGGAGGAAGGTAGCGGTGTCCCCCGGGCTTGATTAGATGGGCCAGACTGGAAGAACTGTTCCACCCACGGAACAACGCTCCGGGAAGGACGGGAGATGGACCTCAACGAGCTGCTCGTCTTCGCACGCGTCGTACAGGCAGGCAGCTTCACCGCCGCGGCGCGTGGGCTGCGGATGCCCAAGTCCACGGTGAGCCGGAAGGTGTCGGAGCTGGAGACGCGGGTCGGCGCGCAGTTGCTCCAGCGCACCACGCGCAAGCTGCGCCTCACCGACGTGGGCCGGACGTACTACGAGCACTGCGCGCGCATCGTCGCGGAGGCGGAGCAGGCCGAACTGGCCGTGACGCGGATGCAGGCCGCCCCCCATGGCCTGCTGCGTGTGACGACGCCGCTGACGTTCAGCTTCATCGGGCCACTGGTGTCCACCTTCATCAAGCAGTACCCCGAGGTCCAGCTCGAGATGGTGTGTACCGACCGCAACGTGGACCTGGTGGCGGAAGGCTTCGACTTGGCGATTCGCGCCGGGCGGCTGGCGGACTCGTCACTCATGGCGCGGCGGCTGGGCATCGTGGAGCGCGTCGTCATCGCCGCGCCCAGCTATCTCAAGGCGCGCGGGACGCCCAAGGCTCCGAAGGATTTGGAGAAGCATGACTGCCTCCTCTTCGGCGCGGGCCTGGAGAACAACGTCTGGACGCTCCACTCCGGCAACCGCTCGGTGGACATCAAGGTGCCCGCCCGAATCGTCGTGAATGAGCCGGACATGCTCTACGCGGTGGCGCGGGCGGGCTCCGGCATCGCCCTGCTCCCCAACCTCCACTTCACCTCGGAGCTGGCCGCCGGGCGCTTGCAGCGCATCCTGCCGGACTGGAGCTCCACGGGCGCGCCCGTCCACGCCGTCTACCCAAGCACGCGGCACCACTCCCCCAAGGTGATGGCCTTCGTGGAGTGCCTGCGCGAGCACTGGCCCATCCCCGGCTGAACGGGACATCGTTCCATCAACGGAACGATGCTTCCCATTGTCCACGCCTAGTCCCGAAAGGCCCTCGCGCACATCATGACTCTCGAAACAGCGGCCGCCATCCAGGTTCTGCCGCGGAAAGGAACGCCATGATTGCCATTCGCCCCTCGGAAGCCCGCGGTCACGCCAACCACGGTTGGCTGGACTCCCACCAC
CP070500.1_gap150	6602344	6604710	2366	GACGCGCCGCGCGGCGCCTCGGAGGCCTTCTACGCGCGCTGCCTGGAAGAGGCGCTGGGCTTCTTCGGCTCGAAGCTGGTGAACCCCCGGCGCACCTGCCTGGGCGTGGCCGAGTGGGCCAAGCGCTTCGGCGAGAGCCGCGGCGTGGAGCGGCAGATCGCCGCCTTCGTGCTGGCCCACAAGGCCACGGAGGCGGAAGCGCCGGAAGAAGCCGTGAAGCTCCTCCCCCTGCGCAAGGACCGCCTGTTCCACGGCGTCAGCCACGCCCTGGGCTATCTGCTCGGAGACCGGCTGTACCAGGCCTTCGACAGTGGCCAGGTGGCCAAGGCGGAGGTGCAGGCCCTGTTCCGCGACCCCTTCGTGGACCCGCGCGCGGCCTACTTCGCCTGGGCCGAACGCCTGGGCATCTGAGCCCGGCTACAAGTCAACCTGTCCCGAGGGAGGCGGAGGCGCGGCTTCCTCCTCCATGTCGAGCGGGCCGAACGTCCCATCCGGCCTCAACGTCCGCTGCCGCTCCGGCACTTCGCTCAGCACCCGGATGGCTCCGTCCGGGGTCAAGAAGTAGGCGATGCGGGACGCGGCGTGGATGACCGTGAGCGCGCCCAGCTCCGGGTAGAGCATCAGCGTCGCCAGCTCCGTCTCCAACGGCCCCCCGAAGAGGACGTGGGAGTGGGCCGAGCCCTGGTACAGCTCGCCCTCCGGCCCCGGCTCCAGACTGATGGCGAAGACGCTCTGGTGCAGCCGCACCGCCTCTCGCTGCGTGCGCCCGTCGGGGCTGTAGCGGAAGCGGATGTCCCCGCCGAGATAGAAGCGCATGGGGTCGCGAGTCCCCTGGAGGACATAGACGGTGAGGTCCCCATCCTCCTCCACGAAGACCACCGGATTGATGGACCCCCGCTCGAAGGCCTCCACCGTGGCCAGCATCGACGTCTTCACCGCTCGGGCGACGGGGCTGAAGTCTCCGGGCAGTTCGTTGAGTGGCAACGAAGCCATCTGCTCCGCATCGTCACGCGGAGCCTTGAAGGCATAGGCCGGGGTGAAGGTCCCCGCGTCGTCCAAGGTGCCGAAGAGGGAGTACCACCCATCTTCGCGAGGCAGCGTGAAGAACCACTCCATGCGCGAGCGGTCCAGCGCGTCCTGGATGAGGAGCCGGTCCGTGGCGAAGATGGCGGCGCGCTCCGCATCAAAGAGGTACTTCGCCCGCGTCTGCACCCGGCGCAGCTCCGCGTCATCCGGAACGGCGACCGTGGACTCCGGGCCCTCGGGCTTCACGCGGCCCGAGCGCGCGCCGCAACCGAAGAAGAGAACGGCGACGGCCAACAAGGGGAACACGCGCATGAGGACCTCGTCCGAGAAGGCAGGGCCACCCATTCTGCGCCAGGCGCCCACGAGGCGTCACGCCGCGTGCGCCAGCACGGTGCCCGCCACCGCCGGAGGGCTTGCGGCACTTTTCCGCCGCCCCCCTCCCCTCGCGTGCGGCACGGGACTACGTCTTCTGCGGCGCGTTCGCCTGCATGGCCGACTTCATCTTCTCGCGGAAGGCGCGCATCTTCGACCGCATCTCGTCCTTCTGCGCATCGGAGAGCTTGCCGCCCGAGGCTTCACGCTGGGCCTTCATCTCCTCACGCAGTTGGCGGCCCTCGGCCTTGAACTGATCGGCCTGGGCCTGGGAGAGCCTGCCTTCGGCCACGGCCTTGTCCATCCGGTGCTCCAGGCGGGCCATCTTGTTTCCGTGCTTCTTGCCCTTGTGCCGGTGGTGGCCGCCGCACCCCTTGCCGTCCGCGGCAGGCGGATGGGTGGACTCGGGCGCTGCCGTCTGGGCCAGCACGGGCGCGGCGATGAACAGTGAGGCGACAGCAACGGAACGCAGGGCGGTCATGAGCTTCATCGTGGTTTGCTCCTCAGGGTGACTGAGGCTTCGGGAGCCGGCCTTCCCGTCGCCTCTTGCCCTGAAAAACCCCGCGCGGCGCGAAAGGTTAAATCCGCCCGAGCGGACGCCTCTTCGCGCCTGCTTCCCTGCCCCACGCCCTACCGCACCGGGAGCTTCATCGCGCGGGTGGCGATGAAGCCGTTGTAGTACTGCGACAGGGCATCTTCCGGACCGAACGAGTCCTCGAAGAGGCCGACGATGGCGAGCCCCGCATCCGCCTGACCACCAAGCTGGTCCTCCAGGGAGTGCCCGACACAGAGCGGCTCACCCACGTCCGTGAAGCGGCGGCGCTCCTCGTCGGACAGGCTGGTGAAGTCCGAGTAGGGCATCCGGTACTTCAGCGTGAAGATGCCCTGCTTCTCCAAGGCCAGGTCGAACAGGTAGTTCACGGGATTGGTGAAGCCGGTCAGCAGCACGCCGCCAGGACGCAGCACCC
CP070500.1_gap151	6606309	6610693	4384	GAGGAGTTGCTCCTGGCCGACCGCTACCAGCGGCACGGGCTCGCCGGCCCCGTCGTCATCAAGCGCGTGCGCAGCCCCGCGAGCTCCGCGCGCCGACACCGGCTGGTGGAGGAAGTGCAACTGGCCTACCGCCTCCACCACCCCACCATCGCCCAGGTGCACTACTTCAAGATTCACCGGGGCAAGCCGTACATCATCATGGAGCACGTGGACGGGCCGTCGCTGGAGACCGTGCTGGACCTCATGGCCATGCGGGGGCAGCCCGTGTCCCTGGCCTTCGCGCTCCACGTCGCCGCGGAGCTGGCGGACGCCCTGCACCATGCCCACTCGCTCAAGGACGCGCAGGGCCGGTCCCTGGGACTGATTCATCGCGACGTCAGTCCCCGCAACGTGCGCGTGGCTCGCACGGGCGAGGTGAAGCTGACGCACTTTGGCGTGGCCTATTCGCACCTAGTCGGCCGGGAGGAGACGGCGGAGGCGCTGCTCAAGGGCGACGTGGCCTATGCGTCTCCGGAGTACCTCGCGGGCAAGACACTGACCGCCGCCTCGGACCTCTTCTCGCTGGGGCTGGTGCTACTGGAGCTGGCCACGGGGCGGCACCTGTTCGCGGCCGCGGCGGAGGCGCTGGAGCCACCGCGTGCGAAGTCGCATGAGCTGCGCCTGGAGGAGCCCCCTTCCCTGCCGCTCACACAGATGCTGATGCTGCTCGAGGACCATGGTCCCCAGGACGTGGAGCGAGCCGCCGCGAGCCTGCCGCCCAAGGTGCGCGCCGTCCTTCAAGGGATGCTGCACAAGGATGCGACGAAGCGCTTCGGCTCGGCGGAGGCGCTGTGCGAAGCACTTCGGGAATGCATCGTCCAGGAAGTCCGTCGCACCGGCCGCCCCTTCGGCAGGGCCGACATGGCCGCGGAGCTGACGCGGCTCATCAGCGACGCCAGCGCGGTACGCGACGAGGTCGAACTGCTCGACGAGAGCCTCTTCCCATCGGGCCTCGAGGCCCATGAACTGTCGGGGCGGGGCCCCAAGGACGCCTGAAGCCGGGCCCTGGTGCTAGCGGGACAGGGCGCTCGCCATCACGACGAGCGCCTTGAGCTTCTCTTCGTCCAGCGCCTCCGAAAGCGTCATCAGCCGGCGTTGCAGTGAGGACTGCTTCTTCGCGCCCGCGCGGCCCTCCCGGGCGAGGCCCAGCAGTTCATCCGTGGAGGTCCGAAGCACCATGGCCACCTTCCGGAGCGTGGCCACACGCGGCAACATCTTCCCCCGCTCCATCCGGCTGTAGACCATGGGGTGCATGTCCAACAGCGCCGCCACTTCCACCTGCGTCAACCCCAGCCGCGCTCGCGCCTCGCGCACGGCCTTTCCAAAAGTCGCTCCCAGTTCTTCGTCCATGGCTCGTCCGGAAGCCTAACCCAAACCCCGGGGCCTCAGAGTGGATGCCGCGGCGCTAAACCCTTCAGGACCATGTCAGGCCAAGCACTTTCATCTTCCCTGGCAGTAGCGGGAACGGCATCCTCCCGGTGGGGTCCTGCTGGCGTCTGGTGACACTTCAGGTGGGGCCCGCCGGGTGGGAAGCCCCTGGGAGACGGCATGGCGGAAGCGCAGAGGCGAGAAGATTCGCCGGGGACACGCATCGCGGGCTTCACCCTGGGCAAGCGGCTGGGCAGCGGCGCGTGCGGCGACGTGTATCTCGCGATGCGCGACGGCGAGGAGGTCGCGCTCAAGCTCCAGTACCTCCACCGGATGGCGGGGTGGCCGGAGCGCGAGTGCGCCATCCTCCTGCGCCTGCGCCACCCCAACGTGGTGGCCTTTCGCGCCTGCGGCAAGTTCCCAGGCGTGGCGCCCCGGTTGTTCTACCTGGCGATGGAGTGCGTGCGAGGACGGACCCTGCACCAGTGGGTGGAAGAGGAGAACCCCAGCGCTCGACAGGTGGCACGGCTGCTGCGCGGCATGGCCCTGGGATTGGAGGCCACGCACGCGGCGGGCGTCGTGCACCGCGACCTCAAGGAGTCCAACGTCATGGTGCGGGAGCCGGACGGTGAGCCCGTCCTGGTGGACTTCGGCGTGGGCGACTTCGCCGGAGCCCCCCGACTCACCCAGGGCGTCCTGCCGCCGGGCACCATGCGCTATCGCAGCCCGGAGGCGCTGGCGTTTCGCAGGGCCAGCAGCGCGGCCACGGCCCCTCGATACCGGTGCGGGCCAGCGGATGACGTCTACGCGCTCGGCGTCATCTTCTATTGGATGCTGACGGGCCGCCCTCCCTTCCTGGAGGTGGTAACCCCCACGGAAATCGAGGCCGTCATTTCCGAGGCGCCTCACGCTCCCCACACGGTGAATCCGCGCGTGCCACCGGCGCTGAGCGAACTGTGTCTGCGGCTGTTGGCCAAGGCCCCCGAAGCCCGAGGGAGCGCGGAGGTACTGAGCGCGGACGTCGAGCGGGCACTCGCAGCCGCCGACGCGGCGTGGGACGCGCCTTTGTGCGAGTGGCGGCAGGACGCGGAAACACCCGGCACCGACTCCCGGTCCGAGGACGACAATGACGCCGCGCTGGCGATGTGGGTCGAGGCAGGTGACGCCCGCTGGGCCTCGCCCAGGCGTGGGCCCCTGCCCCACAAGCCACCGCTGGAAATACGTGCCCCCGAAGCCTCGGCGCCACGAACGCCTGCGCGCGAACGTGCGGCTCGCTGGGCCGTGGTGCTCGCCGGGCTGGCGTGTGCGGTGGGTGCGTGGCTCTGGGTGGCGACACCCACGCTGGGTGGCGGGGGCAATCCCATCCGGGAAGTGGCTTTGCCCGGTGGCCCGCCGGAAAGTGAGCAGGCCGCGCCCCTGCCCAGTCCCGGGCCCACCCTCGCGGCCGTCACCGCCGAGGTGGCGCACCCGAAGAAGGAAGAGCTCCCCGTGAAGCAGATGCCCGACAGCGTGACGACTCCCCAGCAGCCCGCCTCCAGCGCGCGGGCCCTCAAGGCAGCGGCCCGGACGATGGTGGCCGTCGCCGCCTGCTCGGGCCTGGGCTGCCCCAGCGGCCCGCAGGTGCGTCCGGCGCCTCCCGGCGAACCTTGTCCCCCCGGAGCGGTGGATGCCATGAAGCGGGCCGGTATTCGCATCGGTGACGCCACCAGCCTCGCCTTCGTCGACGACAAGCGTTTTGGAGAGCCCGTTCCCGTTCGCGAAGGCCGCGTCCAGGTCGAACTCGGTACAAACTTCGGCCCCCTGACCTCGGGAAAAGCCGTGGGCGAACTCATCTTCGCCGACCGCGTCTATGGCCGCTTCACCCAGGCCTACACCCGTGGAGGTGACTTCATCCCCGTGTGCCTGGAGATGGTCGAACAGTACGGAGTACGCGGCATCCGGCGGAAGGGCGACGACCCAGGCCCAGGCATCGCCACGGTTAGCAACACCGCCGTGCTCTACGCCGTGAATCGCTTCGAATAGTGACCTCCGCCACCGGCTTGTTCCGCCCGCCAGGGAAGTGATTGTCCGTGCCCACGCCACTGCCCATCCCTCTTGCTCTCGCTCTCCTGCTGGCGGCGGAGCCCACGCGCGCCCAGCCCGCCACCTGCCGGGAGCCGACGGAACGCCCCGTTGAGCTGGGCGCGGAGCGGTGCGGTCGGCCACCCGAAATCCGGGTCGGAGAAGGTGTCGCCACGGTGCTCCGCTTCGACACCCCCCTGATGCGCGCGGAGGTGTCCGGACCGGGACGGTTCCGTCAGGTGGTGGACCGGGAACTCCTCATCCTGGTGCCCGAGGAGCCAGTAGCCGACGAGTCCCGCGCAACGCTGACCGTCTACTTCGCGGATGGAGCGGTCCCCATCCAGGCCACGCTTCAACTCGTCATCGAGACGCCCGCACGGGCAGAACGGCAGGTGGAGCTCTTCCGTCGAGCGCGCACGGCAGCCTCCTTCCAGCGGGAGCTGCTGGAGACACGGCGGGTACTGCAGGAAGTGCGCGAGGAGAATGCACGGCTGCGAGCAGCACAGGCACGCCCCGGTGGCTTGATGGGGCTCTGGGTGAGTGGAGACATGGGGCGCACCGGCGTCGCCGCAAGAGAGTTCCTGGACGTCCGGGAGCACGCGAGGAACAGCCTGGTGCTCCGTTCCGGCCTGACCTTCCGGGCCAGGAGCATTCTGGTGGTGGTGGGCCTGAAGAACCCGCTGGGCGCGAAGCCCTGGCAGGCCACGGGCGCAGCACTGGTGGGGCCGGATGGCGCGGAGTTGAAAGTCGCGCGAGTGTGGGCACCCGCCAGCCTCAACCCCGGCGACGAAATGGACGTCCTGGTGGAGACCGAACCCGTGGAAGGCGCGCCCCGAGGCCCCTTCACCCTGACGCTGTGGGCGGAGGACGGCAAGCGCCCCATCATCCTCGGCAACATCGAATTCCCGTGAGGGGA
CP070500.1_gap152	6635078	6640042	4964	ATGGGCCCAGGCCGGGGATGTCCTCCCGGAACCGCTCGCCGCGGGGCACAAGGAGCTGAACCCCGCATGCCAGTCGTGACAGTCCGGGCCGGAAACAAACAGCGCCCGGGAAGGTTCGACGTACTCGTCCGCAAGACCACGGAGAAGGTCTCCGACCTGCTGGAGGAGAGTGACCGGGTGCTCGTGGTCTACGAGCAGGGCTGCGCGAGCCTCTACTACGAGCGCGAAGGCGACGTGCCCCACCCGCCCGCGGTGAACCGCCCTTCCTGAGCGGGGTTCGCTGGCGGTCCTTCGCTACACCGCGCGCCGCCGCAGGGGCATCGTAAGGCACCGAACGCTGCCGTTGCCCCGCTCCAGCGCCTCGATGTCGACGCTCGCCACCTCGATGCCGGCCTCCTTCGCCAGAGGACGAAGGCCCACCGAGGCGCTCTCCGAGGCGAGAATCAGGTTGGGCCCCACGTAGATGAAGTTCGACATGAAGCCGCTCTCCCCTTTCGGCTCGAAGGGGATGACGCGGCAGCCCCGCTGGGCGAAGTAGCCGTCAAAGGGCTCCCAGTGCGGCGCCACGCCCTGTGCGAACACCTGGATGGGCGTGTGGCGAAGAAAGGCCCGCGCCACCACGGCCCGCGGCCCAAGCACGTTGAAGGCCAGATCCAGGTGGATGATGCCCAGGCTCTCCGGGATGCGGACGACGGCGGCCTCGCGGAAGCCCGAACGCCACGCCAGCTCCAGGAAGGGTTGAAGCGCCCGCGCGTCGCTGCGCAGCCCCACGTTGACCAGCAACCGCTCCGCGTCGAGCACGAAGACGTCCCCGAACTCGATGCGCGCGGACGTCGGGACTTCGTCGCTCGACAGCTCCGGCTGGAGCTGCGACAGCGCGCGGTGCGCCACGTCGAACTCCGCCAGCCGCACGGGGAAGGCCGCCGTGCCCGTCACGAGCTGACGCCCGAGCACCGCCGCGGTGTCGCGGACAAACACCCGGTTCACCGTGGTGTCGCTCACCGCGCGCTCGCGCTCCGGTAGCAACTCCCACAGGTCAATCGTCTGGCAACCGAGGCGCGTCAGCGTGTCCCGCAGCCGGCCAAAGGCGTCCTCCGCCTCACTGCGAGTGACAGGCCGCATGAAGCCAACCGCCGCCGCCTCCTCCGCACTGGTGACGTCCAGCGCCGCGGGCCGGAACACCGCCACGCACTCCAACTGGCCTGATTCGGACCAGCACTCGAACTCGCTGAACGCCATCTGCAAGCACCTGTCGTCACAGCAGTGAGTCAGCCCGGACTCCTGGCGCCGAGACCCCACCTGGAAAGCGCCAACCCCTGCCGGAGCGCTGGCACCAGAAATTTACCTCAGAACCCCGTCAAGACTAGTCGGATTCAAAACGATTTCATAATAATCCAGATCTGCAGGATTACACTTTAGGTCCGTGATTTTCCATGAAGTCATCCTTCGGTGTCTCACAGGCCCCTGTGGATTCCCCTCTGGTCTCCGGTGTGTCTGGAGACCGCACGCGCGATGAAATCGCGGCGTGGCTTCGGGCCTACGTCGCCGAGTCCGCCGAACTCACGCCCGAAGAGGTCGACCCCCAGGAACCCTTCGTTCGCTACGGGCTGACGTCGAAGGACGCGGTGTTCTTGTCGGGTGAGTTGGCGGACTGGCTGGGCCGCGACGTGTCGCCCACCATCCTCTGGGAGCACGCCACCATCGACGCGCTCAGCCAGGCGCTCGGCCGTGGCACCGAGCCCGTGACGCATGCGCCCGCGACGCCCGTCACCGAGGCCGCGCAGGACGAAGCCATCGCGGTGGTCTCGCTGGGGTGCCGCTTCCCGGGAGCCCCGACGCCAGAGGCATTCTGGGCGCTGCTCCAGCGCGGCGGGGATGCCATCACCGAAGTCCCCGCGGACCGTTGGGATGCGGCGAGCCTCTACGCGCCGGACCCGTCCACGCCCGCGACGATGAACACGCGATGGGGTGGCTTCCTCGAAGACGTCGGCGCGTTCGACCCGCTCTTCTTCGGCATCTCGCCTCGCGAAGCCGTGCGGATGGATCCACAGCAACGCCTGCTCCTGGAAGTCGCGTGGGAGGCGCTGGAGCGCGCGGGACAGGCACCGCAGGGACTCCAGGGCAGTCGCACGGGCGTCTTCGTCGGCATCAGCACCAGCGACTACGCGCAGCGACAGTTCGGCGACCGCTCCTTGTTGGATGCGTACGCGGGCACTGGCAACGCGCACAGCATCGCGGCCAACCGGCTGTCGTACGTGTTGGGCTTGCGCGGTCCGAGCATGGCCGTGGACACCGCGTGCTCATCGTCGCTCGTCGCGGTGCACCTGGCCTGTCAGAGCCTCCGCGGCCGCGAGTGCGACCTGGCGATGGCGGGCGGCGTCAACCTCATCCTGTCGCCCGAGCTCACCATCGCCTTCTCGCAGGCGGGGATGATGGCGGCGGATGGACGCTGCAAGACGTTCGACGCGTCGGCCGATGGTTACGTGCGCTCGGAGGGCTGCGGCATCGTCGTCCTTCAGCGCCTGTCGGACGCGCTGGCCTCGGGCGCGCCCATCCTGGCCGTCATCCGCGGCTCGGCCGTGAATCATGACGGGCTCAGCAACGGGCTCACCGCGCCCAGCGGCGCCGCGCAGCAGGACGTCATCCAGCAAGCCCTCCGTCAGGCCCGCCTGTCGCCAGAACAGATTGGCTACATCGAAGCCCACGGCACGGGGACGCCGCTGGGCGACCCGATTGAACTAGCGGCACTGCGCGCCGTGCTGTCTCCGGGGAGGTCGGCGGAGCAGCGCTGCTTCATCGGCTCAGCGAAGAGCAACATCGGCCACCTGGAAGCGGCGGCTGGCATCGCGGGGCTGATGAAGTCGGTGCTGGCCCTGGGGCACGGCGAGATTCCGCCGCAGGTCCACCTGCGCGTACTCAACCCGCACATCGCCTTGGATGCGACCCGATTTCCGATTCCCACGCGCCCCGAGCCGTGGCCCCAAGCGCCCGGCGCGCGCATCGCGGGAGTCAGCGCCTTCGGCTTCGGTGGAACCAACGCCCACGTCATCCTGAGCGAGCCTCCGCCGCGCCCCGCGGATGCACCTCGCGTCCCCGAGCGCGACAGCCACGTCCTGACGCTGTCGGCCCGGAGCGATGCGGCCCTGCGGAACATGGCCCGGCAGTACCAGGAGCACCTCCTACGGCCGAACGCCCCCGCGCTGGCGGATGTCTGCTTTACCGCGAACACCGGCCGCAATGCGTGGCCGCATCGGCTCGCGCTCACCGCGAACTCCCATGCGGAGATGGCGTCGCGGCTCGAGTCCTTCGCCCAAGGGCACGCCGTTCCCAGGCTGCATCAGGGCGAGGTGCAGCGTGGCGCCGCGCCGCGAATCGTCTTCCTGTATCCCGGCCAGGGCACCCAGTACCCCGGCATGGGCCGACAACTGTTCGACAGCACCCCCGTCTTCCGTGAAGCCCTGGAGCGCTACGACGCGATTCTCCGTCCACACCTGGATGTCCCGCTGCTGTCGGTGCTGTTTCCGACGACGGACGCCACCGCGCAGCTCATCCACCAGACGCGCTACACCCAGCCGGCACTGTTCGCGCTGGGCCATGCCCTGACGGAGCTGTGGCGTTCGTGGGGCGTGGTGCCCGACGCCGTCATGGGCCACAGCGTGGGCGAATTCACGGCCGCGCACGCGGCGGGCGCGCTCGGGCTGGAGGAGGCGTTGGCCCTGCTGGCCACGCGCAGCCGGCTCATCCAGGCACTGCCCCAGAACGGCGCCATGGCGGCTGTCCTGACGGATGAAGCCACGGTGCGCATGGCACTGGAGGACGAGCCCCTGGTGGACGTCGCCGCCATCAACGGGCCAAGGCACGTCGTCATCTCTGGTGAGCGTGAAGCGGTCCAGCGCATCACCGCGGCGCTACAGGCGCAAGGTGTCGAGTCGCGACCGCTCACCGTCTCCCACGCGTTCCACTCGCCGCTGCTGGAGCCGATGCTCGATGGCTTCGAGCAGGTAGCCCGCGTCCTGCCCGCCCACGCGCCGCGCCTCCCGCTCATCTCGAACCTCACGGGCGAGCGCATGTCCCAGGCCCCCGACGCCGCCTACTGGCGACGGCACGCGCGCGCTCCTGTCCAGTTCTTCAAGAGCCTCCAGACGCTGACACAGGCCGGCCCCGCGCTGTTCATCGAGCTGGGCCCGCACGACACGCTGCTCGGCATGGCGAAGCGCTGCGTTCCCGAGGGCGCGAGCCTGTGGCTCCCCAGCCTGCGGCGTCAGCAGGATGCCTGGGAGACGCTGCTCGACAGCCTCGGTGCACTGCACACGCGCGGCGTCACCGTCCCCTGGCGCGCAGTGGACGCGGACCGTCCGCGACGGCGTGTCCCGCTGCCCACCTATCCCTTCGAGCGCCAGAGGTACTTGCTGGACTCCGCGCTCCCCTCCCCTGCCCATAGGCCGACGATGATGACCCAGACCTCTGCCGCAGCGCCCGTCGTGTCACGCAAGGAGCGCATCCTCACCGAGCTCCGCGCGGTCGTCGCCTTGCTGCTCCAGGCCCCTCCCGAGAAGCTCGACCCGCGCATGTCCTTCCTGGAGATGGGCGCCGACTCCCTCGTGTTGCTGGACGCCATCCGCAATGTGGAGAAGCGCTTCGGCGTGAAGCTGGCCATCCGTCAGCTCTTCGAGGAACTGACGACGCTGGACGCACTGGCGAGCCACCTCGACCAGACACTGCCCGCGAGCTTCGCGCTGAGTTCCGCGCCAGCCGCGACGAGCGTTCCCGCGCCGCTCCCCATGAGCACGCCTCCCGCCGCCGCGAACGCGCTCTCCGCGCCGCCGGGAAGCGCCGTCGAGCAGCTCATCCAGCAGCAGTTGCAGCTCATGGCGCAGCAGCTCGCGCTCCTGGGCGGACGTCCCTCTGCGCCGCTGCAGCTTCCCGTCGCGGCGCAGGAAGCTCCCGTCCCCAAGGCAGTTCCC
