gap_id	start	end	length	sequence
CP076324.1_gap1	1326	6266	4940	GATAGGTCCTATCCTCTTTTACTTCTATCCTTGTGTTTTGGTTTCCTTTTGAGTGTTTTTGTCCTATGGAGTATAGATTGCCTTTTCTCCTCTCTTGGAATTGAATTTTTAATCCTTGATAGTCTTTTCCGTTTATATGTCTTTTTTGCAATTTTCTAAAATTATCTCTTCCACCAAAGATTACCTTTTTTTAAGCTTTGTCCTTTTTCTTTTCTTAATTTCATCAAGGCTTGTGCTTTAACAATGGCTGAGTGTGAATATCTTGCGTTTAGTCCAAATACATCTTGGATTAACTTTCTTAGAGTGTTTATTTCCATACCTTCCAAAAATCTTTTATAAGCATATCTCATAGCTGAGGACCATATTCTCATGAGGTTTAGGACCTTTTCCTTGTCTTGATAGCTTGAGAATAAAAGCTTAGCGCTTATGGTTATCATCTCTTGGTATTTTAACATAACCGTAGGTAAGGTGGATTTTTGAAACAGCCTCCTCTTGACATTGACAAAAATCATGTTATATTAACTTTAAGTTAAAGTTAAATTCAAGGAGGTGCAACGATGGACATACTGGGCTTTTATCCCATGTGGTATGTGCCAACCTTTGGTAGTGCGTTTAGCATTGCCATCATAGCTACCATTCACGTGATGGCCTCCCACACATCCGTAGGAGCATCCATACTTCTGGCCTACTTGGCCACAAAAGCCTATAAAGAGAACCTTCCACAAATTTACGACTACATCAAAAAGTATTTACTTGGCCTTTTGGTATTCTCCTACGTTTCTGGTTCTATAACAGGTCCCGGTATATGGTTTTCCGCCACGGTGGCAAACCCAAGGGGTATATCGGCCCTTATTCACAACTTTGTTTGGGTTTGGGCTGCCGAATGGATATGGTTTATAGCCGAGGTCACCCTTGTCTATATCCTCTTTTACACCTTGGGTAAGATAGACCAAAGGAGTTGGCTAAGGCTTGCTTGGACCTTTGCCATAGGCTCTTGGGCAACCATGTACATAATAGTTGGCATCCTATCCTTTATGCTATCTCCGGGGCATGAAAAATGGTTTGCCACGGGCAACATCCTTGATGCTTTTTATAACAAAAACTACTTTCCACACCTTCTTATGAGGTCCTCCTTTATGTTTGCCATAGCTGGAACCATAGGCATAGTGATAGCAAGCTTGATGAAAAAGGACCTTCCAGAAAATGTTTATAAGAGCATAGTCAAGACCATGTCCTATTGGGGCATAGCTGGCCTCATCTTTGGTAGCATGTTCTTTGCTTGGTATGTTTCCACCCTTCCAGAAAGAAGCCTTGTAATGCTCTCTGGCATAGTTCCCAAGTGGTATTATGCCCTCATCTTTACCATATTGGTAGTGCTTTTGGCACACTTTGTAATAACCGCCATAAGGCCCACGGTGGCAAAGCCCTATGTGGCTTATCCCATATACCTTCTCATCTTCTTCTTGGGTGTATATCCAGAAGAGAAGATAAGGGAAACCATCCGCAAGCCCTACGTGGCCGGTGAGTTTGTATGGGTAAATCAGATTATCGCAAGGGATGTGCCCGCCAAAGGCATAAAGGCAGAAACGGAAACCATAAAGGAAAAGGGCCTTCTACAGCTCAATCCTTTTGTGCCAGAGGGTCTAAGGACCATAACACCAGAGAACAAGATAATGGCAGGAAAGGCTATAGCCATACTCCAATGCTCTGGATGCCACAACGTGACGGGAAGCTCTGGCCTTAGGCCCTTTGGGCAAAAGTTTGCAGGCATGACCTCCGAGGATACAGTTTATAACTTCCTTGCCAACTACCTCACTCCTCAAAACCATCCCCCATACATGCCCTACTTTGTGGGAAAGGATGAGGAGCTTAGAGCCCTCTCTGCCTACATTGCGGACATGATCTCTAAGGGTGGTAGTGTTTCCGCCAAGATAGAGGTACCAAAGCAAGCATCTGCACAAAGATAAGGAGGTTTGACATGAGCATGGTAGTGTACCAAAACCTTATAAGGTGGTTCCTTTTGGGTGTGCTTAGCTTTATGCTGGTGGCTGGCAAGCTTGCCTTTGCAGGCCAATCCCCAGAACAAGTGGGCGCCATGCTAAAAGCCATGGCAGACCCCGCTGGCGCTCCCTTCTTCCCAGTGGTGATGCAAATACTCCAAGTTCTCACATGGGCCCTTCATATGCTCTTCGTTTGGACCTCTGTAGGTGGCCTTATCTACGCCATATACGGCTTTACACGCAAAGAGGAAAACCATCAAAGGCTTGCAAGGGCTATGCTTGAGCTTTCAAAGGTTTCTGTCTCCTTGGCCATAGTCTTGGGTGTGGCTCCCTTGCTCTTCTATCAGGTCATCTACGACCCCCTTTGGTATGCCTCCGCCAACCTATCCGCCTTCTGGTATATCATGTTTATAGTCTTCCTTCTCATAGGCTATTACCTCATATGGTTTGCCTACTTTAGCAGACAAAAATCTCAAATGTCCACCCTTTTCTCCATAGGTGGCCTTATATTCTTACTTTTGGTGGGGTTTATAATCCATGTGGTCAATTACCAAGCCCTATTCCCGGAGAAGTGGGTAGAGTGGTACACCTCCGGTGGCACCACCATGAACCATTCAGGATGGAACATATACGCCTTTAACCCCCTTAGGTATCTTTCCCTCCTTGTCTTTCCTTCCGTGGCCGTAACGGGTGTTTTTATGATGTTGTACGCTTGGTACTTTGGAAAGAGGGAGGACTTTGAGAAAGACTATGTGGAGTTTGTTGCAAGGCTTGGTACCAAGCTTGCCATCTTTGGTGGTGCGGGCTGGATAGTCTTCCATATTCTTCACATACTCACCTTGCCCTCCGATTGGAACGCAAAGGGTAGCATATTTACATTGCTCTCTGTGCTTGGCCTTTTGCTTGTGGCGGGCATGGTCTTTATAGCCCAAAAGAATCCCATAAAAATGGCCATACCGTCCCTTGTGGCTGGCGTTGTTGCCACTTTGCTTTTGGCCGTGTTTAGAGAGTACTTACGCGTGGCCTCCACAGCCAGGTTTGGCTACTCCATATACGACTACAAGCTGAACCTTGAGTGGCTTAGCCCCTTGCTCTTCTTTGGAACTACAGCCACAGGCCTTATACTCTATGCCTACGCTTGGTGGATGGCATACCAAGCAGGAAGAAGGCCAAAGGGACAGGTCTATGAAGCAAGCGAGGCCGAACACCACCTTGGAGATGTGTCCGTCTTTATAGTTGTCCTTTGGGCCATAGTCTTTGTAGGCACAGGCCTCATCATCATAATAAAGAATTACACTTAAGGCTTTTGGCGGGCCTTTGGCCCGCCATATTATAATCCTCTTTATACACCATGCTGGCTGGTTCTATCCCTGCATTTTTTGTTTCATTTATTTTTAGCAGAGAAGATAGTAGCATGCCCATTCTTTTGTTAATTTCTCATCCTACGTGTTTAATTGTCTAATTTATTTTTTTCAAAGGTGCAAGTGATGGCAAGCCAATTTCTTCCATCCTCATCTTTTGTTTCAATTATTTTCAAAATATTTACGTGGAGCGAGAAATTCGTCCTTTGTAGTGGCAGGTTTTAAACCTGCCAGATTATAAAACATTTGGCGAGCCCAAGACCCGCCACTACATTTCTTGTCTCATTTATTTTTAACAAAAAGGGATAATGGCATCACCGTTGCTTGATTAATTTCTCATCCAGCGCATTTGCCTTATAATTCCCTCTTATGATAAAGCAATACCTTCCTCTGATAGGCCTCCTCTTTGTCCCCTTGTTCGTCCTCTTTATAGAAAGGCTTTTCCTAAAGAGGCTAAGGTTCTACTGGGACATCTTCAAGTTTGTTCCAACCCTGTGGTCTTTTCTTTTTGTCCTATACATACTTTCAGAAGAATTAAAGCTTCCTGTAAGCCTTAGGCTCATAAAAGATAAGGCCCTTTGGGTGGTCTTTATCCTTTCTCTTTCCCTTCTTACTTCTAGGCTTGTGGCCCTCCTTTTAAGAATGTATATGAACCGCTACCGTCAAGAGATGCCGGCCGTTTCCCTTGTGGTGCAAGCTTCTAAGGTTTTGGTGCTTTTGGTAGGTGTGATAATAGCCTTAGACAAGATAGGTATAGCCATAACCCCCATACTTACGGCCCTTGGTGTGGGAGGCTTGGCTGTGGCCTTGGCCCTCAGGGATACACTTGAAAACCTCTTTGCTGGCTTTTATGTGCTTGCCTCAGGACAGATAAAGGTGGGAGACTACATAAGGCTGGAAGGCGGTGAGGAGGGCTTTGTGGAAGATATTACATGGAGGAATACGGTCATAAGACAGCCCTCCGACAACCTTATAATCGTGCCAAACTCCAAGCTTTCCTCCTCCATAGTTATAAACTTTCACAAGCCAGACAGCGAACTGGCAGTGATTGTCCCCGTGGGCGTCTCTTACGACAGCGACCTTGAAAAGGTAGAAAGGATAACCATAGAGGTGGCCAAGGAGGTGCAAAAGGAGGTGGAGGGTGCAGTGCCAGACTTTGAACCCTTCATAAGGTATACGGCCTTCGGCGACTTTTCCATAAACTTTAACGTGATTCTAAGAGCAAAGGATGTTCCAAGCCAGCACATACTTAGGCATGAGTTTATAAAAAGATTGAAAAGAAGGTATGAAGAGGAAGGCATAAAGATACCCTTCCCCATAAGAGAGGTATATTTAAGATCTCTCTCCAAAGAGTAAAGTCCCTATCCTTACAATAGTGGCCCCTTCTTCAATTGCCACTTCAAAGTCATGGGACATGCCCATGGAAAGGTGTGGCAAAGAAACTCCAAACTCCCTTTCAAGCTCCTCCTTTAGCCTTCTCAAAAGAGAGAAGTATGGCCTTACCTCCTGTGGGTCCTCTCTGTAGGGTGGTATGCACATAAGGCCAAGCACCTTTATATTTTCCGCCTTCAGGCACCTT
CP076324.1_gap2	8616	10573	1957	CAGGCCTTCCACTTTCCAGTGGACCTTTTAATATATTCTGTAAGGCTCCTATTGCTGATCGGTCTATTGTTTACAAAAAGGAAAAGCCCTTTTGCTCCATCGGACAAAAACAGGTCAACTTTAAAGGGACCATCTTCTCCGCTTAGGTGTTCAAACCTTTCTTCAAAGACCTCTTCCACCCTATCCTTTAGGTCCTTGACAGCTTTAAAATTAAAAACTTCTTTACCTTCTGCCTCAAGCCTAAAGGATACAGATGGATTGGCCAAGGCAAGTGCCTTAAAAAGGTTATAGATTCTTTTTCTTTCTACATCTTCCTTTTTCAAAAAGGCCCTCCTCAAAGGTAGATTGTAAAAAAGGTCATAAACCTCCGCATGCGTTCCTACAGGCATGCCCACTTCCCTTTCTGATACCACCTTTCCACCCTCCACCCTTATCTCCCTGCCTACCTCTTCTTGATAAAATCTGGACCTCAATATAAACCTACTGACCAACGAAATGGCATGAAGCGCCTCACCCCTAAAGCCGTATGTGTTTATACTTTGCAAGTCTTCTAAGGATCGGATCTTACTTGTGGCACCACTTAGAATAGCTTTTTTTATATCCTCCGAAGGGATCCCAATACCGTTATCCCTTACGCCTATATACCTTTTTCCTCCTTTTACTATCTCCACTTCCACCTTGTTAGCCCTTGCATCAAGGGCATTTTCCATAAGCTCTTTTACACACTCTGCTGGGCCTTCTATCACCTCTCCAGATGCTATCCTACTTTTTACATCATCGGGAAGAAGGTTTATACGCATAGGAATATAAGATACGCTTATTCATTTCTAAAATAAGTCTAATTGCTTCTTTAATTTCCATAGCTTAAGATTTACTTAAAGGAGGTAGGGAAAATGATTAGATACCTGACCTATCTTTTTATCCTTTTAAGCCTTGCCTTTGCCCAAGAGGACAGCGTGCTTATCAAAACACCACTTACCAAAAAGCTAAAGGATTTTAACGTGAGCATTGGAATTGTTAGCATTGAAGAGTTAAAAAAGAGCTTTCCAAGAGCCTATGCACTATTGGAAAAGCACAACGGAACACCTCAAAGGTATGACACTCACCATCTTGCCGTAGCCATATGGAAGAAGGAAGGAGATAAGATAGTTTACCTGTCAAACTATAAGGTAGAGGCGGAGGTAAGGTCTCCCATATTGAGGGCTCAAAGAAGAGAGCTTCACAAGTATCCTCACCAGTACGGTGATAACTTTGGGGGATGGTTCCAGATGGGTGAAAGTGGTCTGTATTCTATCAACCTTTACATAAAGGATGACAGTGGAAAAACTTGGAAGGTAAACTTTGACTATATGCTTCAGTAAGTTTATAATTGAAGCATGGTTAGAAAAATAGCCTTTGGTGGGTTAGTTCTCTTCTTTTTGTCCGCCTGCGCTCCTACTGTATGTCCCGAGGGAGAAAGTATAAAGAAATCCTATTTAGAACAGTCCGCTCCCTCTTCTTACCAAGCCAGCCTTTCTCTAAGACAAGGCTTTTTGCGCATACCGGTGCAAGTTCAAAAGACGGAGGGTAAGTTTACCATAAGTGGGGAAGGTAGAGTTTTGGAGTTTAGCCTAAACAATCTGTGTTTGAGTGGTGTGTGCTTTGACCTTCCGATAAACCCAGATGGCCTTATCTTCGGCAAAGTAATAAGAGGTGATGAAAAGCTTAGCTGTGGGCTTTCCGGCGTTGCCTTTGAAAGGGATGATGGTGTGTATAAGACAAAGTATATATTCAAGGATGGGAAGTTAAGCCTTGTGGAATTCTACGATACAAAGAAAAACAGAACCTTAAAGCTCAATTACCTTGATTGGTCAAGGGAAGGCTATGCCAAGGCCATAAAGGTAGAGGGAGAAAGCTTTAGCCTTCTTCTTACGGTGGATAGTTTAAAATTTTAGCCATGTATCCCATACTTATTGAA
CP076324.1_gap3	12151	14708	2557	TGGATTGGACTATCCTCTTATGCTTTATTACATTATGAAGTAAAAACATAACCACCATAACCTACTACCCTTTTATCGTCCCCGCATGTCTCCGCAGATGTCTTATAGTCTACAAGTTTGGCCTTTAGGCCCTTTTCCTTGACGTAGAGCAAGGCACCTTCAATCCCTATCTTTCCACAGGCTTCACATCCTTTTTTAAGCTCCTCCTTTCCTTCAAGGATCCACCTGTGGCAATAGGCATCTATCCTTCTTGCAGTCTCATCGGCGTAGTAGTGGCTAAGGTCTGAGCTTATGACAAAGAGGGTGTTCTCATCACAGAGGGTATCCAAAAGTTCTTTTAACCTTTTTGCCTCAACCCTGCCGTAGACCACAGGCACAAGCAAAAAATCCTTTAGAGTTCTTTGGAGGAATGGAAGTTGGACCTCAAGGGAGTGTTCATACAGGTGTGGCATGTCCCAAAAGGCTTCTTCTGGAAAGTCCTTTAAGGCAAGATGGTCCACTTCTACCCTTCCAAGGGGAGTTTCAAAGGCATGAAAGCTTCCAAAGGAATAGCCGTTAAAATCCACAAAGTGAGAAGGTCCCACAAGGACTACCCTTTTATAACTCCTGTTTTTCAAAAGGGCATAGACCTTGCCCGCCACAATCCCAGAACACTCATAGCCCGCATGAGGCACAATGAGGCCTCTAAGGCTTCCCTCTACCTCCACCTTTTCATCCATCAGCCTGTCCACATACTCCTCAAGCCTTTTTCTATCAGAAGGATAAAAGTAGCCTGCCACTGCTGGTTTTCTTACCCTCATAGCTATAAATTTAACCCTATGGAAGCCTTGGCTTGGCTAAGCGAAGAAAAGGAGGAAAAGGTCCTATGTAAGGCCTGCAGTCAGAGGTGTGTTTTGGGTGAGGGTGAGTATGGGAAGTGTGGTGTGAGGGTAAACAGGGGAGGAAAGCTTTACCTTACCGTATATGGCCTTGTTTCCGCCATAAACATAGACCCCATAGAGAAAAAGCCCCTCTATCACTTCCTTCCTGGCACCTATAGTCTCTCTATTGGCACGGTGGGTTGCAACTTCTCCTGCCAGTTTTGTCAAAACTGGGAGATCTCCCAATATCCTCAGAATAATAACTATAAAGTCTTTGGAGAGCCTATAAGCCCTCAGGAGCTTGTAAGACTGGCCCAGCTTTACAAAACACCCTCCATCTCTTACACCTACAATGAGCCTATCATATTCTTTGAGTTTGCCTTTGATGTGATGAAGCTTGCAAAGGAGAATGGCATAAGAAATGTCTTTGTAACCAGCGGTTATGAGACAGAAGAGGCCATAGACATAGCCCTTCCATACCTTGACGCCATGAACATAGACCTAAAATCCTTTTCCGATGAGTTTTATAGAAAGGTGTGCGGAGCAAGGCTAAAGCCTGTATTGAAGATCATTGAGTATGCTTTCAAAAAAGGCATATGGATAGAGATAACCACACTTCTCATACCGGGCTATAACGACTCTGAGGAGGAAATAAAGGAAATAGCCCGATTTATAGCAAGCCTATCAAGGGATATACCATGGCACATATCCCGCTTCTTCCCAGCCTATAAGATGGCAGACCTTATGCCCACACCCATAGAAAAGCTAAAAAGGGCCTATGAGATAGGAAGGGAAGAGGGCCTAAACTTTGTCTATGTGGGCAACTACTGGCAAGAGGACCTTGAATCTACCTACTGTCCAAACTGTGGTAAAAAGGTGATAGAGAGAATAGGCTACAGGACAAAGAACCACCTTAAAGAAGGCTCGTGTCCCCACTGTGGCTATAGGTTGCCCGGTGTGTGGGTATGATCGTGTCCGGGGGGACTCGAACCCCCGACCTTGGGTTCCGGAGACCCACGCTCTATCCAGCTGAGCTACGGACACTGCCAAAGTATATAATATACCCAATGTTCAGGGAAAGGGTCAGGAGCTTCCACTTTGTGGGTATAGGTGGCATAGGCATGAGCGGTATAGCCCAAATACTCCTTGATATGGGCTATGAGGTCTCCGGTTCGGACATAAGAGAAAACAAAAACATTGAGCTTTTGAGAAAAAAAGGTGCAAAGGTCTTTATAGGGCATAAGGAAGAGAACGTGATGGGTGCGCAGGTTTTGGTCTATTCTTCCGCCGTCTCGGAGGATAACCCAGAGGTAAAAAAGGCAAAGGAGCTTGGCATACCTGTAATACCGAGGGGAGAGATGCTTGCAGAACTTTTTAGGCTTGGTGAGGGCATAGCCGTATGCGGGTCCCATGGGAAGACCACAACCACCTCCATGATAGCCCATGTGTTCCATTGGGCTGGTTATGACCCTACCGTTCTTATAGGCGGTGTGCTTCAAAGCCTTGGCTCCAACGCCAAGCTGGGCAAAGATAAGCTAATTATCTCTGAAGCAGATGAGAGCGATGGTAGCTTTCTAAAGCTTTTGCCCACGGTGGCCGTCATAACCAACATAGATAAAGAACACATAGGCTTTTATAGGGACCTTGAGGACATAAAGGAAGCCTTTTTGAAGTTTGCCAACGCAGTCCCCTTTTAT
CP076324.1_gap4	16608	21120	4512	CACTCCTTTAAAGAAGTTATCCCACTTCTTTATAAAATGGGGAGGGCATTCAAGCGCAGCAGGTTTTACTATAAAGACAGATAAAATTCAAGACTTTGAAAAAGAAGCAAAAGCAGTTTTTGTAGAGATGCCTATAAGCGAAGGAAAAGTTTATATAGATATGGAGCTGCCTTTAGGAAAGATTGGGCAGGAAATCTACCAAACTTTGGCAGAGCTTGAACCTTTTGGTGAAGGTTTTCCGGAACCATACTTCTTGTCTGAACCATTAAACTTAAACATACTAAGCGATAGGGATAGGATGCGATTGAAGGCTGGAGATTTTTATTTCCTTTCTTGGGACACTGCGCTTAATAACAAGCTTTTGACAATGGAGAACAAACCAAGGAGAGTTGTCTATCAGTTGGACAGAAGAAGGTCAAAAACACTTCTGTTAGTAGATGTGGAGGAGTAAATGGCTCTTGGAAAAAGCCACGATTATATCAACCTCTTGGCTTTGCCCTTATGCCTATACTATACACCAAAAGAGTTTTATATTCCCTTTACCCTTGGTTATATCTTTGGCACCTTCCTTTTATCGCCAGACCTGGACCTTCCACAATCCAAACCCTCAAAAAGATGGAGAAAACTAAGGCTTATATGGAAGCCATATCAATCCTTTTCAAAACACAGAGGTTCTTCTCATATTCCAGTTTTGGGTACATTGCTTAGGTTTGGCTACCTAGTGATGGTTTTTATATTCTTATACTTTGTGCTTTTAGGCCTATCATCCAAGTATATTCCTCACATAAAAGACCTGCTTTTGGCCTTCGATCCTTTTAACCTTTTATCTTACTTTGCTAAAAGAGAAGAAACCTTTTATTTTGCCCTTGGTGTGCTTATATCAGAAATTTTCCACATTTCCTTGGATATACTTACTACGCTGCTAAAAAAGCTTAAAATTTGAAAAAATTAAAAGGGGCAGAAGCCCCGATTAAACTGCCACCTTTTTAGGAGGTGGTGGTAAGAAGGGCTCTAAGCCTTGCTCTTGGGCCCATTTTTGGGCAAGCTCATAGGCAGCCTTTGCCGTGTTAAGGTTCTTTTCTATAAGCTCAAGCTTTTTCTTAAACTTTCTTTCCAAGGCGGAGTCCAGAGAGGCCGTTCCACCGGAGGCCACAAACTTCTTTAAGAACCTTGACTTTATACCCTCTTCTATGGCTTCTATTCCTACTGCACCTATGCTACCAAAGAGGGCTCCTATCATTGCCATGTTGGTAGAAAGCTCTGTGCCTGCTATGTCTATGGCGAACTTAGTGGCTGGGAAGTTAAATACCTTAACCTCAAGCTCTTCAAGCCTTTCTCTATCTTCTTCTGTAAGAAGGTCCTCTTCCGTGTTTATGATAATAAGGCCCTTTCTCTTTATGCCAGAGTAGAAGGGCATGGTGTAGGACTTGCCCATGGTGATAACCTGTGGATGGAAGACCATTATCACATCTGGATAGACAACCTCACCTCTGTCGTATATGGGCTCCACACCTATACGGGCGTAGCTTTCTGCTGGTGCCATCCTCTTTTCCGCTCCAAAGAAGGGGTTAGAGACGGCGTAATAGCCTTCATAGTCTGCAGCGGTAGCTATTATGTGGGCTGCAGTGACCGCACCCTGCCCACCAAGGGCTGGCATACGTATATTGACCCTTTTTCTTATCATAGTAAGCCCTCCTCTTTTTTGCGCTCAATGACCTCCTTTGCTGCATCCGTCATATACTCAAAGAAGGCAAACCTTTCCTTATCCCTCTGCCTCATCTCATCAAGGCCATCATCGGAGTTAAGGCCTATTTCAAGTATGCAAGGAGTATAAAGATGCACGTAGGTTGGTCCCACCTCTCTTGCCACATATATGGCCTTCTTTATTACCGTTTCTACCCTTTTGGGAGAAGACACAGTCAGCCTTGCCACATAGTGGCAGCCAGAGTCTATGGCAAGTTGCCACATGGGAACTTTGTCCCATTGTTTACCTTTTGGAGCCATCTTAAAAACGTGGCCCTTTACGGTCATACCACTTTCCTGACCGCCCGTGTTGGCATAGACCTCGTTGTCAAAGCAGATGGTTGTAATCTTTTCTTGCCTAAAGAAGGATTGAAGGGTGCAATCCAAACCTATATCAACGGTGGCACCGTCTCCTGCAAGCACCACCACATCCTTTACCTTGTCCGGAAATCTCCACTCAAGGACCCTTTTTATGCCAGAGGCTACCGCATTCTGGTTTCCAAAGAGGGAGTGAACTGTGTGAAGGGCTATGTGAGGAAAGACCAAAGAGGTACATCCCGTAGAGTTTACTATTATGGTGTCCTCTGGATTTGGCAAAGAGGCAAGAATATACCTCAAAGCCATAGATTCTGGACATCCCGCACAAAGTGAGTGCTCTTCTATGAGCTCCTTGGAGTAAGGGAGGTCCATAACTCCCCTTTTGGGATTGCCCCATGTGGCCTTAAACTGGAGGTCCTTAATTTCTTGGGGCATCACATCCAAAAATTCCTCGTTTATTTCGTAAATCTTATATGACATGTTTTACCTCCTTTCCAGTTAGTTTGAGAACTTCTTTTACTATCACTTCCGCTGGCATGGTCATACCACCTGCAACCCTTGGAGAACCTATTATCTCCGCATCAGAATGCCCGTAGAGATACCTTCTTACCTCTCTCTCAAGCCAGCCAACCACGTTAAACTCTGGAACGAATATATACTTGGCACCCTTTACGGCCTGCCTTAGTTCTTCTATGGGGAAGGGCCTTATGGTCTTTAGTTTAACCACCCTTGCCTTTACTCCTTCATCCTCAAGAAGCCTTACCGCCTCCTTTGACTGCGCTGCCGCAGTACCGCATGCCACAAATACGATGTCTGCCTCTGGGTCCCCAAACTCCTCCGTGAGGCCTCTCAAGTAGTGTTTCGCAAAAGGCCTTGACCTTTCAATGGCAGCCCTTACCTCCCATTGCCAGCTGGCATGAGTGGCGTAGGATATATAGTTAGACTTCATTACAAAGGGGTCTCTTAAAAACCTTCCCGGTGGTACTTCCGCATCTATAACTGGCATGGGAGCCCTGTAAGGATTGTATGGTGGGAGAGCTATATCGTCTGGAGGAAGCATTATGGCTTCCCTTGTGTGAGATACAAAGAAGCCGTCAACGGCTGTTATAATTGGCACATGCACGGAAGGCTGTTCTGCCACTACAAAGCCTGCCAGTATCATGTCAAAGAGGTCTTGAGCGTTTTCCGCATACCATATCATACAACCTGTATCAAGGAGAAAGCCTACCTCAAGGTTATCTGGCTGTATAGAAAGGGGAGCATTTACACCTCTTGCCATAAGGACCAGCTGAACTGGTATTCTTGTACCGGCCCACATGGGAAAGTTTTCAAAGGCTCTTAGGGTACCAGGTCCAGAGGTGGTTGTTATGGTCCTTGCGCCAGCCAAGGCACAGCCTGCCACTTCGGACATAACACCAAACTCCGACTCGCCTCTAAAGTAAACGCCTACATAACCTTCAACCCATAACTCGCCTATAAGGTGTGCAGCTTCTGACTGTGGAGTAATTGGGTATGAAACGGATGCGTCCACAGAGGCCCTCTTTACCGCCTCTTTAACCGCCTCTGAACCTGTCATAAAGTGTTTTGTCCTTGGTGCTTCAAAAAGCAGATAATCTGGCGAAACTACTCTTTGCCCTGCCCTGTTGTATATTATGCCTTGCTCCTTAACTGTTTGCATAGCTACCTCCTTGCAGGATTTTTAAATAAGATGTGAAAAATACTATAAAAAACAAGCTGAGAAAGGTCATAGGAAAACCTCCTCAAGCTCTATGCAAAGACCTTCCAAAATCTTAGAACATACCTTGCCCTTTTCAAAGGCGTAGGAAACAACCTCATACACACCATTTTTTAACTCCAAGACCTCAATGCCCCTTTCCTCTGGAAAGACAAGCCAAAACTCTTTAATGCCAAACTGGGCGTATATCCTTCTTTTGTCTTCTGTATCCTTTTTAAAGGTGCTTGGAGATACCACTTCCACCACAAGGTCTGGAGCTCCAAATATGCCTTTATCTTTGACTATATCAAGCCTATCCTTTGATATGAAAACTATATCTGGCTGGACCACCACATCCTCAGCAAGGATAACATCCACGGGAGAGAGATAAAAATCTCCAAGGCCTTTTTCCTCTTGATAAACCATAAAAAAGCGGGAAAGCTTCCAAATGATTTTTTGATGTACAGTACTAGGTGCGGGCATTTCTATAAGCTCCCCTTCCAAAACCTCATACCTTTTGTCTTCTTCAAGGTTCAGGTAGTCTTGGTAGGTAAAGAGTGTGGCCTTCATTTCCCCAGCTCTTTCTTTACCTCTTGGGCTATTTTTATAAACCTTTCAAGCTCTTCTAAATGCTGGTCTCTCAAGGTTATCATGGCATCTTCATGCCCGTCCATACCACACATAGCTATGGTAAAGCAATCCGTTTCTGCCCTTATTATCTTGAGGGCTACATTGGC
CP076324.1_gap5	40036	44776	4740	TGCTTCTTATGTCTGTAAACCCTGGCTTTGGGGGTCAAAAGTTTATAGATAGGTCTCTTATAAAGCTTAGAAGGCTCAAAGCTATGGTAGAAAGCATGAATCCAAACGTACTTATAGAGGTGGATGGTGGCATAAAGGAGGACAATATTTTGGAAGTGGCGAGGGCTGGCGCGGACATTTTCGTTGTAGGTTCTGGCATATTTGGGACAAAAGATATAAAAGCTCAAACTAAAAAGTTAAAAGAGATTATTATCTCTTCAGAGGCACTGTAAATTTCTGCAGGTCAAATATGTTAAAGGTCAAAAAGATTTCTTTCATATACTTTTGCTTTGTTCCATCATAAATATCTCTTAGCATAAGCCCGAAGCTCCAACATGCTCCCCTATAATCAAGGTTTAACTGCCTTTGAATGTCTTTATTTATCTTATTATCCCTTATCATACCTATGGATACCTTTAAAGGTCCATAGGAGCTAAAAGCCGAAAGGCTATACTGATCGTTTATCCTCAATCCATCATAATTTCTTTCAAGAACCTTGCCAAGGCTTAAACTACTGTTCCTATAACTAAGGGTAAGATTGCCTATGGTTCTAAGAAATCTTCCATGGGTTGGGTCAAAAGTGCTATCTGTGGTAAGGTTTAAATTCTTTACAGGATAAAGCTGAAAAATGGACCTTATGGGCAATACTTTGCCTTTTGCTTCCTGCCCCAGATAAGTGAATTTTCCAAGGTAATTATAACCACCTTCTAAAAATAGCGTATATAAGGGTCTTTCTTGGTAATAGCCGTAGCTTTTAAAGGTATAAGACATCAAGCTTTCTTTGTTTAACATATCAATATTATCAAAACTTGGATTCCCGTAATCTTTTGGCCTATAGGAGTATGAAAACTCTACAAGGTTATTCGTTCTAAAACCACCATAGTTTAAATTAAAAAAGTAAGGCACTCTTTCCACATACTTCACAGAACCGATAACTTTTTTATTTTTAAAATCTCCACCCTTTACGTCAAGGTAAAGCAAGTTTTCTATGGTTATTGTTGATAGGAAGTTTAGCCCTAAAATATTCTTTGGCACAGAAAATTCGGGGAAGATTAATATACGGTGGGCTTTTGAGCCTTCCTCTCTATAAAAGTTTGTATAAGCTGTGCTAAGGTTAAAGTAGAGAAAATCAAAAAGCCTTTGATCCTTCAGATAAAGGCCAATTTCTGGAAGTCTCTGAAGTGTATTTTTGTTATTGGATGATGTGGTATCGTAGAACCTTCTTAAATCAAAGGTAAAAAGGAATCTATCCCATTCTTTTGTATAGTTTATATAAGAAGTCAAGTAGGGAACAGTCCTTTCTTTTGTGGTTAGATAAACATCTTCCAAAAAGTATGGGTCGGAGATAAGGTCTATGCCTGCTTTTAGATTATTCAGGTCAATGTCTCCCTTTATTCTATATCTGTTTTCCCTAAGGGTTGTTATATCCCTGCCTTGCCACCATTTGCCAGGTGGTGTGGGCTCCTTGTAAAAGGAAAATAAGCCTACAAGGTCAAGCTCCTTTCTCATAGATTGACGGTACTCAAGGCTAATACCCTTAGCTTGCTTATCTCTTAAATCAAGGGTTAAGGTGGCATCTTTATCTGGCGATATGGCCCAATAGATGGGTTGTTGGTATATGAAGCTGTTGTATATGTTTGACCCAATTGTTGGTGGTAAAAGGCCAGACCTCCTTTCTCCCACGGGAAATATACTTATGGGAAGGTAAGCAAGAGGCACTTTAAACAGTCTAAGCGTGTTATTCTGACTGAATACATACCTTTGAGATATATGAGCCTTTGAGAAGCATAAATTCATTTCTTTTTTATCTGGTGGACATGTGCTTATGGAGCCTTCTTGAACTATATAGTTTTCTCCCTCCTTATCCACCCTTTTTGCTGTAAAGTTAAATCTCTCAAACCTTCCTTCTGTGTCTAAAAAATAGCCCGTATCCTTTTCAAGGTCCAAAAGGGCTTCCCTTCCTTTTGCCTCAAACCTACCATCAAAGGACCTTATGTAAACATTTCCCTTTGCATAAACTATTCTTTTTTGTGGGTCGTAGGTCATAAGGTCTGCTTTTATATAGTAATCCCTATAGTAAGCTTCCACATCCCCCTCTGCTTTGTATGTGCCATCCGGTAGCTTCTCAAGGTTTTCAGAGAAAACCTCCACAGGAAAGGAAAAGGAGAAGAGGAGAGCAAGAATCAAAAAGAGAAGCATAAGGATATTTTACTTTTGTTCGTTTAAAACCTCCTCTGGAGATTTTGCCCTTTGAAGGATTTTGACTACTACCCACCTTTTAGTTTTTGAAAGTGGTCTTGTTTCTCTTATAACCACAAGGTCACCTACTTTGCACTCATTCTTTGGATCATGAGCATGGTACTTTTTGCTCTTTATTATGTGCTTTTTGTATAGTGGGTGGGCTTCCTTCCTGTCTACTTTGACCACTACAGTTTTATCCATTTTATCGCTTACTACCACACCTACCAGCTCTTTCCTTTTAAGATGCCATGCCTTTTCCATCATGCCTCACCTCTCAGTTCCTTTTCTCTTATAAGGGTCAAAACCCTTGCTAAGTACCTTCTTGTATTCCTTATTTGCATAGGGTTGGGAAGGCCTTCCACCTTTTTCTTAAACCTTAGCCTTAAAAGCTCTTCCCTTAATTCTTCTTCCTTCTTTTTAAGGTCCTGAAGGCTAAGCTTCCTTAGCTCCTTCGCCTTCATGTCTTTATACCTCCAGCCTTTACAAGCCTTGTCTTTATAGGCAACTTTGCATCTACAAGCCTGTGGGCTTCCTCTGCCACTTCTTCTGGAACTCCGGAAAACTCATAGAGTATCCTACCAGGCCTGACCACAGCTACAAAGCCCTCTGGGTCTCCCTTTCCTCCACCCATCCTTACCTCATTGGGCTTTCTGGTGTAGGACTTATCAGGAAAGACCTGTATCCATACCTTTGCACCCTTTCTGAGGGCCCTTACCAAGGCTATCCTTCCTGCCTCTATCTGTCTTTGGGTGAGCCAACAAGATTCAAGAGCTTGTATACCATACTCACCAAAGGCAAGCTTATTGCCTCTAAAGGCTTTGCCTTTTAGCGTACCTCTTTGACTTTTCCTAAACTTTGTCTTTTTTGGAGCAAGGAAAGACATCTCTTATACCTCCTTTTCTGCCTTTTTAAGGTCTTCTTCTATCTTTTTGACTATCTCTTCTTTACCACCTTTTAGCACATCGCCTTTGTATATCCATACCTTAATACCAAGCACACCGTACTTTGTTTGAGCTACCGCAAAGCCATAATCTATATCCGCCCTTAATGTTTGAAGTGGCATTCTGCCCACAAGGAACCACTCGGCCCTTGCCAACTCTGCACCACCTATACGACCCTTTACCTGAACCTTTACACCTTTTGCGCCAGCCTTAAAGGCGTTATCTATGGCCCTTTTCATAGCCCTTCTATGGGAAACCCTTCTCTCTATCTGAAGGGCTATCTCTTCCGCTACCAGCTGGGCATCCAATTCTGGCACCCTTACCTCGTCCACGGTAATGACCACATCCTTACCGCCGGTTATATACTCAATATCCTTTTTGAGCTGTTCTACCTCTGCACCCTTCCTTCCTATGATTATGCCAGGCCTTGCGGCGAACACTCTTACCTTTACCTTATCGGCCATCCTTTCCACTACAACCTTTGATATGCCTGCGGAAGCATACCTTTTCTTTATATAATCCTTTATTCTTATATCCTCGTGGAGAAGCTGGGTATAGTCCCTTTTGCTTGCAAACCACTTGGAGTTCCAGTCCCTTATAACTCCTATTCTAAAACCTATAGGATGTGTCTTTTGACCCATTAGCCTTCCTCCTTCTCTTCAAGTACAAGGGTTATATGAGAGGTCCTTTTTCTTATCATAGTTGCCCTTCCATGGGCCCTTGGGAACCACTTTTTGTACATAGGTCCCTCGTCTGCCACAGCCTTTTTTATATACAGCTTGTCAAGGTCCATACCCTTTTGTTCTGCATTTGCCAGAGCGCTTTTTAATACACCTTCTACAATCCTGGCAGACTTTTTGGGTATGAACCTGAGCTGATAAAGGGCATCTCCAGCTTTCATACCGCTTATTACCCTCAATACCTGTCTTACTTTAGTAGGAGAAATCTTTGCATACCTAAGAACAGCCCTTGCTTCCATCTTTAACACCTCACTTTTTCTTTGTAGCCTTTGCTGACTTGTCTGGGTGTCCTTTAAAGGTTCTGGTTGGGGCAAACTCACCAAGCTTATGCCCTACCATATCCGAAGTTATATAAACAGGCACAAAGGTTTTCCCATTATGGACTGCTATTGTGTGTCCCACAAACTCGGGTATTATGGTTGTATCCCTGCTGTATGTTTTTACCACCTTCCTATCGCCTGTTTGGTTCATTTTCCTAATGGTGGCCCATAGCTTTGGGTCCACCCAGGCCTTTTTATTCACAATCTTCCTGTATTCATCCCATACCTGTTGGTACTTTTCAAGGGCCTTTTGATAAAGCTCTGGTATATGTTGCACTGCACGTACTTTTTTGTATATCCTCTGAGTCTTTTTGTAAAGCTTTAAAAAGGCATCAAGGTCCTCTATAAGCTTATTCCTTTTGTTCCACGCACCTTTAAAACCCATTATTTGACACCTCCTTTGAGAGGCTTACCCTTCCTTGAAACAAGGATGAACTTGTCAGAGTACTTTTTGCCTCT
CP076324.1_gap6	49972	52665	2693	AAGGGAGATGGTAGATAGTCAAGCACAGCATCAAGGAGTGGTTGAACACCCTTATTTTTAAATGCTGAACCACATAAAACCGGCACCAGCTCTTTATTTATAGTGGCCTTTCTCAATACCCTTTTTAGGTCTTCCTTGGGGATCTCTTCACCCTCTAAGTACTTCATCATAAGCTCATCATCCTTTTCCACTATGGCTTCTACCATCTTGGCATGCCATTCCTGAGCCTTATCCACATACTCCTCTGGAATATCTACTATCTCATACCTTGCCCCCAAGGTTTCTTCAAGCCATATGATGGCCTTCATTTCCATTAGGTCTACCACACCCTTAAAGTTATCTTCCGCGCCTATGGGTATTTGAATGGCCACTGGCTTTATGCTTAATTTCTTTTCAATCTCGTTAAAAACCCTATAAAAGTCTGCACCCAACCTATCCAGCTTATTAATAAAGGCTATTCTTGGAACACCAAACCTGTCTGCCCACCTCCAGTTTGCCTCCGATTGGGGCTGAACGCCTTCCACCGCGGAGAAGATGAAGATTATTCCATCCAAAACCTTCATAGAACGAACCACTTCCACAGAGAAGTCCACGTGTCCTGGTGTGTCTATTATGTTTATCTGATGGTCCTTCCAGTAGCAGGCAGTGGTTGCAGCTGTGATGGTTATACCCCTTTCCCTTTCTTGAGGCATCCAGTCCATAGTGGCAGCGCCTTCATGCACTTCGCCTATTTTATAGGTTTTTTCTGTGTAATACAGTATCCTTTCTGTGGTGGTGGTCTTTCCAGCGTCTATGTGGGCAACTATTCCTATATTTCTTAGCCTTTCTATTGGTACTAATCTTGGCATGGTATCCTCCTTACCATCTAAAGTGGGCAAAAACTTTATTAGCTTCTGCCATCTTGTGGGTATCTTCCTTCCTCTTTATGGCGCCACCCTTATCCTGAAGAACATCAAGCATCTCCGCCTTTAGCCTTTCCACCATGGTATAGCTTCCTCTGTGCCTTGCCCTTTCTCTTGCTGCCTCAACCAGCCACTTGAGAGCCAAGCTTATCTGTCTTCTTGGTGGTACTTCTACGGGCACCTGATAGGTGGCACCACCTACCCTTCTGGGGCGCACCTCAAACTCGGGTTTTAGCTTTTCCACCACTTTATGTAGCAGTTCCACTGGATGCATATTAACTTCCTTTGCAGCAGATTCAAGGGCTGTATAGACTATCCATTCGGCTACCGATTTTTTACCATCCTTCATTACCTTGTTTATAAGCTTATGCACTATTACATCGCCGTATTTAGGGTCTGGAAGTATCTCTCTTGGAGGAACTGGTCCCTTTCTTGGCATTACTTCTTACCTCCCTTTGCCTGTGCTTGTTGGCCAGCCTTTGGCCTCTTTGTACCATACTTGGACCTGGACTGTCTTCTGTTGGCAACGCCAGCTGTATCAAGGGCTCCTCTTACCACCTTGTACCTCACACCCGGTAGGTCCTTAACCCTTCCGCCTCTTACAAGCACCAAGGAGTGTTCTTGAAGGTTATGGCCTTCCCCAGGTATGTAGGCGGTAACCTCTATACCGTTTGAGAGCCTTACCCTGGCAACCTTCCTAAGGGCGGAGTTTGGTTTTTTGGGGGTTACTGTATATACCCTAACGCAGACTCCCCTCTTTTGAGGGTTGCCCTGTAGGGCGGGTGCCTTACTCTTCTTCTTCTTCTTTTCCCTACCGTACTTTACAAGCTGGTTTATGGTAGGCATACCTTAAAACCTCCTAAGCTATTTATTATAGCATATCTTTGAATACTTTTGCCTTCTCTTCTTCTATCACTTCCACTTCCGTATACTCTCCCAAGCCCGTTCCTGCAGGTATGAGGTTTCCTATAATAACGTTCTCCTTTATACCCCTTAGGTCATCCACCTTACCTTCGCAGGCAGCATCGGTAAGCACCTTTGTGGTCTCTTGGAAAGAAGCGGCCGATATCCAGCTTCTGGAAGTTAAAGCTGCCTTTGATATTCCAACCAATATGGGTTCTGCCTTTGGTATTTTGCCACCTTCTTCCTTTATCCTTTCTATCTCTTTTTGAAGCTCTTCTATTTCAACCTCCTCGTTTACTAAGAACCTGCTATCTCCTGGGTCCACTATGCGCCTGCGCCTTAACATCTGACGTATGATTATCTCAAAGTGTTTGTCGTTTATATCCACACCCTGGAGCCTGTATACCATTTGAACCTCTTTAAGCAGGAACTTTTGGAGTTCTTCCATGCCTTTTATCCTTAATATCTCCTCTGGCACGGGCGTTCCATCGGTAAGCGGGTCTCCAGCTTTTACTGTATCTCCATTCTTCACAAGCAGGTGTTTGCCTTTTGGCACAAAGTACTCTTTTTGTAGCCCAGTTTCCTTGTTATAGACCACAACCCTATAACCCTTACCCTTAATCCTTACCTGTCCTTCCACCTCTGCCTTTATGCTTTCCGTTATGTTTGCACCCTTTTGAATATACTGTCCGTGGCTTACAAGTATGTATTCATCCTTCTTTATGTCATACTTCCTTGTCTCGCCAGTTTTTGGATTAAAGACTATGACCTCGTCCGCATCCTCAAAGATTCTCACCGTACCATCTATTTCTGTAAGTATGGCAGGATTCTTTGGCCTCCTTGCTTCAAAAAGCTCCTCAACCCTTGGGAGACCACCCACTATATCAC
CP076324.1_gap7	148627	152715	4088	ATAAAAAGCTTGTCAGAGTATTTTAAAAGCCATTTACCCACAAAGCCTATTATCTCATGAAGGCCAGTGTCCATAAGGGTTGTAAGCCTTATGAGGTCAATGGGGTTCAAAAGGGTCAGGAAGATAACAAACTTTTCTATGGGGTAGTCTGAAAAAAGGATGATAATGTAGAGAAGAAGGCCATCGTATAGGGCGGAAAAGATCAGCCATACAAGAAGGGCAAGGCCAACGCCCTTTAGCCTATCCTCCTCAATAAGGGCTAAAAGGATACCTAAGGAGGTGAAAATAGGTATTACAAAAGCATTGAGCAATAAAACCCTTATATAAGTGTAATCTATGCCCAAAAGGTAGTAAAAGGGCAGGAAGGAACCAAGAAGGAAGCCAATAATCAAGGAAAGGCTTAAGCTGATAAAGATGGATAAAAAGAGCCAAAGCCTTTTTACTGGTTGTGTTAGGACAAAGCTTATAAAGTTCTTGTTGTTGTAAAAATAAATGGTTGAAAGGAGGAGGGAAAAGAGGGGCAAAGTAATGAGGGCAAGGTTGCTGTGGCTTATAATGGCCTTAGTAGTATCCTTTCCAAAGTCTAAAAAAGCATAAGCTACAGATAGATAAAAGAAAAAGATGCCCAAAAGCCATTTACTTTTAATAAGGTCGTAAAGCTCATACTTTATCAACTTAACAGGCAAAGCACAGCCTCCTCCAGTCTATCTTTCCCGGTAGAGTTTTTAAGGTCTTCCACGCTCCCCTGAAAAACCACCTTACCTTCGGTTATAAAAACTATATCATCCGCCAGCTCTTCAACCTCCACCATAATGTGCGATATGTAGATTATGGTCTTACCACGTTCCTTTTCTTTTATAAGGAAGGATTTTAGCCTGTAGGCTGTAATGGGGTCAAGTCCCACCATGGGCTCATCCAACACCAAAACAGGTTGGTCAAAGATTAAGGCAAGAAGCGCACCAACCTTCTGCCTTGTGCCACCAGATAGGCTTGAAAACCTCTTATCAAGCTCTTTTGACAGCATCAACAGGTCTACAAGCTCCTCAAGCCTTTTAGGGTCCTCCCCCCTTAACTCCTTTACCATATGCACTATCTCCCTTATGGTCAGGTTTTCAGGAAACTCTGGAATTTGAGGCATATAGCCTATAAGCCTATGGTATGAGACATCCTTTAGTAGGTCCTTTCCATTAACCATAACCCTTCCTTTTTCCGGTATAACAAGGCCAAGTATGGTCTTAACCAGAGTGGTCTTTCCAGAGGCATTAGGTCCAAGGATGGCTGTGGTCCTACCTTCCCTAAGCACAAGGTTTAAGCCTTCAAACAGCCTTCTTTTACCAAAGGATTTATGTATGTTTTCCAAGACTATCATGGCTTTTTAATCAAAGGCTCCCTATCTATAAGTCCCTTTGGGTTTAACAAGGGTATGAGCCTCTCCATTATGTCCATTATACGCATCAGAAAGCTGTTGTAAAAAAGAAGGGAAAGGGGATACCTTTCAAAGAGGAAGGCCATGAAGGATACGGGCCTATAAGGCATATCGCCTATGCTATCCTTGTCCATATCATAGCCCTCATATTTGTCCCAGTAGTTTTTTGAAAATAGGTTTTCAAAATAGGAAAGGGTATTTGTGGATACATCAAAGGCGTTGTTTAAAAAGAAGTTGTTTTTAAAGGTGTTGTTTAAGCTATTGGCGTATATCTTTATAGCCCACCCGTTGTTTTCAAAGGTATTTCCTTCAAAGCTTGTCCGGTTGCATTCATCAAGATAAACACCGTAGGAGTTATTTATAAACCTGTTTTTACGCACTATGCTGTTGGAAAGGTCCTTTAACAACAGGCCGTAGGATGCTTGACCGCTGTTCTTTTCAAAGGTGTTCTCTTCCATGATCACATCCCTTGAATACATCACAGCCACGCCTGCACCATTTTTATAAAAGCGGTTTTTCCTAAAGGTATTGTCATGAGAAAACATAAAGTGCAATCCATACCTAAGGTTATTTTCACTCACATTCTCCTCTATCGTACTTCTACTTACAAACTCAAAGTATATACCATCCCTATGCCCCTTTATATAGTTCTTTTTTATGTAAAGGTTTTTAGAATCCCATGCATGTATGCCGTTCCCAGAAGCGCCTTCAGATTTGGCAAAGCCTATTATTTTATTGTTTTCAACAATACAATCCTTTACCCTTTCCAGATAAAGGGCAAAGAAGTTGTTTAAAAAGTGGTTTTCCCTTATTGTACAAGCCTCCGAGTTTATAACCTTTATCCCAGCTATATCCTTCGAGTAGGACATGCCAGAATTTTTTATCACAAACCCTTCTATCCTTACTTTGTTAGCCTTTACCGTTATAATCTGGTATCTACCCTCCCCGTCCAACACGGGCTTTCCCTCACCTATGAGCTCCACACCTTTATTTATAAGTATGGGTCCCTTATAGACCCCAGCCTTTACTATGATCCTTTCCCCTTCCTTTGCTGAATCTATAGCGTTCTGTATGTCCTTGAACTCACAGTTAGAACATACCAGTAGAGTAAAAAGCGCCAAGCCTACCATCAGTGCGAAAACTTATACTCCTTTTTAATAAGCTCTCTCAAGCCCTTCCAATCCAAGATTTCCCCTTTTACAGAACTTGCTTTTTCCCTATTTTTATAAGCGGATAGGTTCATACCCATAGGACTTCTTATCTCTTGACTTCTTACATATATGGCCTTTTCAGCCTCAATAAACTCCTCAGGATTGGAAAAGTTTGTCACATAGGCCTTCTTTATATACTCCTCATTCTCGTTGTAGTATGCAACCATGCATTCTATGGAGTCAAACTTATAAACCCTGCCTTTCTTTGTGATAACCTCCGCAGCAAACCGCTTATCAGCTATAGCCATTCTGCAGTATTCACACAGGTCCTTACCAAGGTTTATTGGCTCAGGCCTATCCGATGTGCAAGAAAAAAAGGAAAGGAAGAGGAGGAAAGCTAATAGCACTTGGAGCATCATTCCCTCCTCATGTCTATAATTAGGGCAACAAAACCCAAAAGAAGCGAGGCTATGGCTATGTAGCCACCTATATCTGGAAAGGAGCTTGCCATCATGTTCAAGAGCTGTTTTGTGCCTATAAGGGGTGGTTGGTAGGCAAGACCCGGTATTTTTATGGGGGCGTTGGGGTCAAGGTTATGTCCATAATCGTACTCCCATTTGTAAAAATCCACAAGCCCGGCTATGCCTAAGAGCACAAAGACCAAAACCCATGCATAGAGAAGAACCCTTTTTCCAATAAAGGCAGATACAAGACCAAAGAGGATAAGAAAACCCACGATAAAGGGCATGATCTTAAGCTCTGGAATTGATTCGGGCGTAATAGTTTTCATCCCTATATAGTGGTTTAAGAGGTTTATGTTGTAGAGGTCAAACTCGGTTCCACCGGTTATCTTATTTACCCATATGAACATCCTAAGACCCTCTGGGTATTGGGGAGCTATTAGCTCTATCCTCCAGAGGGGGAAAAAGTAAACAAGGATAAGAAGTAAAGAGGAGAGGGCCAAAAGCCCTCTTGAAATCTTATTCATTTAACTCCTCCTATTTTTGTGCAGTGCCAGTGTAGTATTTGAGGGGCGCGTTAGAACCTGCCGGTGAAACCCTTACATAGCCTTGCATCTCCTGGTGCAAGGCTGAGCAGAAGTCTGTGCAATAGAAGGGGTAAATGCCTGGGGCCTTTGGCTTCCATACAAGGGTCTTGGTTTGCCCGGGCATTACCAATATTTCGGCATCCTCAGAACCTTTGATAACAAATCCATGGGGTATATCCCAGTCCTGCTCAAGGTTTGTAACATGGAAGTATACAGTATCACCTACCTTTATCCCCTCTATATTGTCGGGTGTAAAGTGGCTCCTTATCATGGTCATATAAACATGCACCTCATTACCTTTCCTTTCAACCCTCGCATCCTTTTCAGACTTGACAGCATAAGGATGTTTGTTCTTCTCAAGCTCGTATATCTTTTTCACCTTATCCTTTATCTTATCCGCAAGGATACCCTGTGCATAGTGTGGTTCGCCAACGGTGAAGAACTCGTGGATAAGCTGCATCTT
CP076324.1_gap8	162712	163595	883	GCACGACCTTTACTTACTTCAGCTGTTTTTTGAAGACATCAAGATAGAAAGGCTTACCGTCAACAAAGTGTGGGAACTTCACGGCAGAGCGGACGATGTACCTTTTTCTATAAGGACTGCATGGCAGTATCCAGAACCATCACGAAGGTGGGTCATAAATGGTGGTCAAGTAATACTTGATTTCGCAAGAGAAGAGGTACGGGTAGGTAATAAGCTCATTCATAGGGAAGAAAAAAGGGACAAGTTAAGACTAATGTTAGAGAGCTTTATAAAAGGGGACTTTGATCACAAAAGCAGAGAACGAGCTAAAAAGAACCTTATGCTTTTGGAACACACTGAGCGTCTTCCTGCAACATCTTTTTGAGGGTTAACCTATTTATACCAAGCGCCTTTGCTGTCCTTGAATAGTTTCCTTTCAAAAGAGAAAAAGCTTCCTGCACAATGGTTTTAGAAAGCTTATCCATAAGAGTGTAGTATATGTTGCTCTCTCCTTCTCTTATTAGCCTTCTAACTTCTCTTCTTAGCGTGTCTTCAAGGCTGTAATTTTCGTAATCTTGGGTTATGATATCAAGGTCTTCTTCTTTTAGAACCGCTCCGGTGCAAGAGTTTATAGCTCTTGTAAGCGCGTTTTCAAGCTCCCTCACATTGCCTGGCCAGTTGTAAGATAAAACTTTCTTTAAAAATCCCTCCGTATAGCCTATTATTCTTTTACCTGTTTCCCGCGAGATGTTCTGTAATATACAATCTACCAGCAACGGTATGTCATCCTTTCTCTCTCTAAGGGGTGGTATGTAGATCTCTGCTGTGCTTATCCTGTAGTAAAGGTCTTCTCTGAATTTACCCTCTTTTACGAGCCTTTTAAGATCCTTGTTGGTGGCACTTA
CP076324.1_gap9	244769	248081	3312	TATAAAACCAACCACAAAGCTCCAAAAGGTCAAGGCTTCAAAGAGATTGCTCCAAGGTGGATGTGGAACACCGAGTTCATAGGTTTGTATAGTTCTTCTGACCATTCCAGCCAGATTGAGCATAAGCCCGAGGAAAAGGCTAAAGGAAGCAAGGCGTTGAATAGTCCTATCTCTTAATAAGACTGTGCTTAGGTATATGATAGAAGACAAAGCATAGGCTAAGGTGGCAGACTTATACCAAAAGGTATTGTCTATTTTTATAAACCCAAGCCCTGCACCAACAAGGAACAAAAGAACCCATAAAAGAAAGCCATAGGACCTTTCCGTTGTCTTTTCAAAGTATACTTCTCTCATTGTTTATAAATATATGCTACTGTTGCGGTTTTACATCCACTTTTATGGACACGCTTACCTCTGGATGAAGCTTCAAGACAACGGTGTAAATCCCTATATCCTTTATAGGGTTCTTTAACATCACCTTTTTTCTGTCTATGTCAAAGCCCCTTTCCTTTAAAGCCTGTGCTATATCCTGAGGTGTAACTGAACCGAAAAGCTTTCCTTTTTCTCCTACTTGTCTGGTAATCTCCACAACAAAGCCTTCCAGCTTTTTAGCCAATTCTTGCGCCTTTTCCTTTTCCCTTTGAAGCTTTCTGGCCTTTTGGGAGATTATACTCCTAACATGCTTAAGATTTCCCTCTGTGGCTGGCAGGGCTATACCCCTTGGTATAAGATAGTTCCTTGCAAAACCATCTTTTACGTTTATAACATCGCCAAAAACACCATATCCTTCAAGGTCCTTTATAAGTACTACCTTCATGCTACACCTCCTTATGCTATAAGGTAAGGTAGAAGGGCAAGTTGCCTTGCTCTCTTTATTTCTCTTGATAACATCCTTTGATGTTTGGCGCACACGCCCGTTTGCCTTCTGCCTATAATCTTACCTCTTTCTGAAAGGAACCTTCTTAGCTCTTCATAGTTCTTATAGCTTGGGTCCTTCTTTGCTTCACAAAAAGGACACGTCTTTTTTGCAGACCTTTTAATTACATCCATAATAAACCTCCTTAAAAAGGTATTTCATCGTCTTCTGAGTTAAAAGGTTTTTCTGGAAGGTCCTCTGGAAAAGCTTCCTCTTCTTTTAACACCACCTCTTCCGTAGGCCCTTCCATCTTTGGCTTGGTGATTATCCTAACGCTATCGGCCACTATACGCACCTTACTTTGCACCTTACCTTCCTTATCTGTCCACCTATCTTGAACCAACCTTCCTTCCACCACCACTGTATAGCCTTTTGATATACGCGTTCCAAGCCCATCTGCCAATTTCCCGTAGGCTTTTACCTCAAAAAAGTGGCTTTCTTCTTTCCATTCTTCACCTACCATATACCTTCTATTGTAGGCAAGCACAAATTCTGCCACTTGAGTACCGGAAGGCAAATACCTTATAACCGGGTCCTTTGTAAGCCTTCCAATGATTATGACCCTATTGAGCAACCTTCTCTACCTCTTGCTTTTTTACTTGTATGTTTAGCCAACGGATTATATCTTCGCTTATTTTGTAATAAAAGTCAAGCTCGTTGGGAAGTTCTGGTTTTTCAGACCTAAGATGGAATATAAAGTATCTCCCATGGTTGAAACGTTGTATGGGGTAGGCCAGTTGTTTTGTCCCCCAGTCGGTTATGTGTAATATCTCTCCACCTTTCTTTTGTATAAAGTCTTTTATTTCTTGCACCCTTCTTTGAACCTCATCTTCTGTAAGGGTGGGCTTAAAAACCACAACGCTTTCATAGTAGCGCTCAGTTTGATAATACCTTCTTGCCATCTTTCACCTCCTGGACTTTTAATGGTCCCCGCCCTAAGGGCGGGAACGAGGCAAGAGATTATTATAACATAGAAGAAGCTTTTATGCTTCCAGGACGGCCCCCTTGGAGGCAGAGGTTACAAACTTCATGTATCTTCTTAACCATGGGCTCTTTACTTCCTTCTGTATGGGCTTGAAGTTCTCCATCCTCCTTTTGAACTCTTCCTCCGGTATAAGAAGCTCCAGTTTTCTGTTTGGTATGTCTATGAGTATCTCATCTCCATCTTGAACTATACCAATGGGCCCTCCGCTGGCAGCCTCTGGAGAGATATGTCCTATACAAGCGCCCCTCGTGCCACCAGAGAACCTTCCGTCGGTTATAAGGGCTACCTTATCGCCAAGGCCCATACCCATAATGGCAGAGGTAGGAGAAAGCATCTCCCTCATGCCAGGACCACCCTTTGGACCCTCATACCTTATAACCACCACATGGCCGGGCTTTACCTTGCCTCCCAGTATGCCATCTATGGCTTCCTCTTCGGAATTGAAGCATATGGCTTTGCCTTTAAAGACAAGCATTTTTGGGTCCACTCCGGCCGTTTTTACCACCGCACCCTCTGGAGCCAAGTTGCCAAATAATATGGCTATACCACCTTCTTTTGAGTAGGGGTCTTCTATTCTTCTTATTACCTCTCCATCCGCCTCTGGCGCCTCTTGAGCTATCTCCCTTAGAGTTTTCAAGCTTACTGTAAGTTTATCTGGGTGTGGTAGATAACCACCCCTTATTAGCTCCTTGAGGATGGCAGGGATGCCTCCCGCATTGTCCAGGTCTTGTATGTGATAGTGGGAAGCTGGCGAGATTTTACATATATTGGGCGTCCTTTTTGATATTTCGTTTATCCTTGAAAGGTCATACTCAATGCCTGCCTCCCTTGCTACTGCCAAAAGGTGGAGTATGGTATTGGAAGAGCCTCCCATGGCAATATCAACCGCAAAGGCGTTATCAAAGGCCTCCACCGTGAGAATGTCCCTTGGCCTTATGTTCCTCCTTAGAAGCTCCATTATTTGCCTTGCTGCCTGTCTTGCCAAAAGCTCCCTCCTTGGGTCCACCGCCGGTATGGTGCCGTTGCCAGGCAGGCCAAGGCCAAGCACTTCAGTAATACAGTTCATAGAGTTGGCCGTAAACATGCCAGAACAGCTACCGCAAGTGGGACAGGCTTGCTCTTCTATGAGCTTTAGTTCTCTTTCTGTTATCTTTCCAGCCTTGAGCTGGCCAATGCCTTCAAAAACACTGATAAGGTCCACCTTTTTACCATTGGCTTCGCCCGCCAGCATGGGGCCACCGCTTATAAAGATGGTAGGTATGTTTAGCCTTGCGGCAGCCATAAGCATGCCTGGAACGATCTTGTCGCAGTTGGGAATGCATATTAAAGCATCAAGCTGGTGGGCCTCCACAACCGTTTCTATGGAGTCCGCTATAAGCTCCCTTGAGGGCAAGGAGTAGTGCATACCATA
CP076324.1_gap10	267320	268388	1068	GCCCTTTCTACAGATTCCCTTGATAGCCTTGTCCTCTCCATTAAGAGCTTTACAAACTCTTCCCTTCTTCCCTTATAGTTCTCCACCTCTTCATGGCTTACCTCTGGGAACCTTGAGGCTATCCTATCCTTTACTATGTTCCAAGCTGCAAGGTTGGAGTAGAGGTTAAACTCCTTGTTTCTAACTGTTTCTTTCACCGTCAAAGATTTAAGGAATTCAATCCTTTCAGGCTTTATGGTTAAAATGGCTTCTGCCATAAGTGGGTCCACAGTGTAGAATATGCCAAAGAGCTTTCCGAGTATCCTCCTTTGAGTCCTTATCATCTGGTCCAGTAGGTCCTGCACTTCTGGTTCCACCTTATCGTATATAAGCTCAAAGTAGTTTAGCTCTTCCAGCTCAAGGCCTCCGAGGTATCTTATAAAATTGGCAAGCTCATGGTAGCTTGTTAGTTCTCCTTTTATCTCTTCCTTTACCGCCTCCTTTTGAGCCTCTCCATAGTCAAGGACCACATCTGTATGTATGGGTGGTATTATGTGGTAGGTTTCCGACTCCCATCCTGCCTTTCTAAGTATCTGTTCCGCCGCATCCATGGTAAGGTTATACTTCTGCATAAGGAGTTTCTTTAGGCCTTCCCTGTCTTTTCTGTATTTGCCCAATTCTTCATCTGGTATATCCACTTCCACATATACAAGCCTTTCCTTTCCGTTGTCCAGTAAGATCACATTCTTCCTACCCTTTATATGCCTCTTTATAAAGCTCCAATCCTCATCGGTCATTATAGGCTCTGGATGCCACTGCTTGGACATTTCCTCTTCAAGCTCAAGGTATGGCACGCTTTCATACCATGTGGCCTTGTTTAGCTTTGACTCTATTACCTCCTCGCTTTCTCCCAGCTTGTTTTTTACATACTCTATAAACTCTTTTCTTTTGAACTTAAACCTTTCTATCTCATCAAGGCTAAGCTCTGGGAAAAGAACTTTTAGCTTATACTTTATAAAATCCCAGTTGCCAAAGAGGTTTTGTGGGTCAAGGGCCTCATACCCGTAGGGGTTTGTCCTCAAAAAGTCA
CP076324.1_gap11	270970	274994	4024	AAGATTCTTATGCGTTAAAATAAACCTAAAGGAGGGGTAATATGTTTAGAGCCTTATGGACCTCAGCATCGGGCATGACAGCCCAGCAAACAAACCTTGATGTAATATCTCACAACATGGCAAACGTTAACACTGTGGGCTTTAAGAAGATGAGGGCAACCTTTCAGGACTTAGTCTATCAAACAATAAGGGACCCAGGAGCTCCCACATCACCAGCCACACGTAATCCCTCCGGCTTCCAAGTGGGTCTTGGAACCTATGTATCGGACACCTATGGGATTTTTACACAAGGGAACATTTTACAGACTGGCAATAACTTGGATGTGGCCATTCAAGGTGATGGCTTTTTTAAGGTGGTTATGCCAGACGGCACAATAGCCTATACAAGGAATGGACAGTTTAGGCTTGATGCGGACGGAAGGATAGTTAACCCAGATGGCTACCCACTGGACCCAGAGATAACCATACCCCCGGATGCTATAAGCGTAGGCATTGGTCCAGACGGAACCGTAACTGTTCTAAGACAGGGAGCTACCACAGTGGAAGAGGTGGGAAGGATTGAGCTTGCCAAGTTTGTAAACCCAGCAGGCCTTCGTAGGATTGGCAACAATCTTTTTATACAAACAGACGCTTCTGGAGAGCCTATTGTGGATAACCCTGGAAACCAGGGCTTGGGAACGCTTCTTCAAGGTTATTTAGAAGCCTCCAACGTGAATATAGTGGAGGAGATGGTAAACCTTATAATAGCCCAGAGGGCCTTTGAGTTTAACACAAAGGGCATAACTGCAGCGGATGAAATGCTTGGCCAGACTGCCAATCTAAGGAGATAGTATATAATTTAATGCATGGCTGAAGAAGTAAAAGAGGCAAGGGAGGAGAAAAAGGGAAAGTCAAAGCTAATCTTTATAGTTGCTTTTCTTTTAATACTTCTGGCTGGTGGTGGAGGTGCTTATTTTTTCCTTTTTGCAAAGAAGGATAAAAAAGAAGAAAAGGCACCATTACCATCTCATGTGGGTGTTATGATGGAAATTGGCACCTTTACTGTTAACCTTGCTGATAAGGATGTGGATGCTTATGCGAGGGTATCCATAACCTTGGAACTGCCCGATGAAAAGGTTCGTCAAGAGGTAGAAAAAAGGCTTCCCATAATAAAGGATGCCATCATTGATGTGATAAGCAGTAAAACCTCATCCTTTGTAAAGACGCCAGAGGGAAGAGAAAACCTTAGACTTGAGCTTATAAAGAGGATAAACACCATACTCTTTGAAGGTGGTGTTAGGAACATATACTTTACGGAGTTTGTAGTGCAGACCACATGACGGACTTCTTCCTTAGCCTTTTACGCGTTCTTGTGGCCCTTGGGATAGTAATAGTACTTATACTCATTACTTTGCCTTACCTTCTTCCCCTTTTACAGAGGATAAGATGGACAAAGGAAGAAAAAGGTTCTGATATAAAGCTAAAAAGGCTAATTCCCATCGGTAGGAATATGTTCTTAATTGAGCTTGAGATAAAGGGCAAGCTCTTTGTTGTTGCCATGAGTGAGGGCGCAGTAGAGGTGATATACAAAGATGAAGCTGATAATACTTAGCCTTTTATTTATTAGCCTTTCCTTTTCACAGCAGATCATCCCAAACATAGACCTAAGGGTTGGCACAGGACAGCTTGATACCTCCATAAGGCTACTTATCCTCCTTACCATCCTTTCCCTTGCGCCCTCCATACTCATAATGACCACCTCCTTCATAAGAATAGTTATAGTCCTTTCCCTTCTTAGGCAGGCCATTGGCACTCCAACCGTGCCACCAAACCAGGTTATAGTTTCCCTTGCCCTTTTCCTTACCTTCTTTATTATGAAGCCAGTCTTTGACCAGATAAACCAGGAAGCTCTTCAACCTCTCTTAAAAAGACAGATAACGGACCAAGTGTTTTTTGAAAGGACCTCATCCATAATAAAGGATTTTATGGTTAAAAATACACGCAAAGAAAGCCTAAAGGTCTTCCTTGATGTGGCAAACCTCCCAAAGGAGGAAAGGGAAAGGATAAAAGGACCAGATGATATTCCCTTAAGCGTGGTAATACCAGCCTTTATGGTAAGCGAGATAACCACTGCCTTTCAGATAGTCTTCCTTTTATACCTTCCCTTTTTAATAATAGACCTTGTGGTAGCCTCCATACTCATATCCATAGGCATACTAATGATACCACCGCAGATAATCTCCCTGCCCTTTAAGATAATGCTCTTTGTGCTTGCCAACGGATGGGAATTGGTGGTATTATCTCTTGTAAGGAGCTACCAATGAGTCCAGATATGGTTATATCCCTTGGACAAAAGGCTCTTGAGATGGCCCTTATACTATCCGCGCCCGTCCTTCTTATTACCTTTTTGGTAGGCCTTGTTATAAGCATACTCCAATCGGCCACACAGATACAAGAGATGACCCTTAGCTACATACCCAAGATAGTGGCAGCATACATTACAATTCTGGTGCTTGGAGCATGGATGCTCAACAAACTGCTTGACTACACAAAGGAGTTAATAATAAACATACCCACCTGGTTCCGATGACCTTGGACATAAACGCCCTTCTTACCCTTTTCCTCGTTTATATGAGGGTTGCTACCTTTCTTATAATGGTTCCAGTCTTTGGAAAGGAGTTTATACCAAACACCTTTAAGCTTTTCCTTGCAACGGCCTTAGGCTTTGCCCTTTTTCTTTATTCTGACATAAAGCCCTTAGAGTTTCCAACCACAGCCCACTTTTTCTTAGCCTTGCTAAAAGAGTTTCTTTTTGGCTTTACTGCTGGCCTCATGCTTAGGCTACTTTTTGATGCCATGCAGATGGCCGGTGAGTTTATAAGCATAAACATGGGCCTTAGCTTGGCCACAATTTTTAACCCTCAACAGCCCCAAACTACGGTAATTTCCTTCTTCTTTTCCCTCCTTGCCACGCTTATCTTTTTATCCCTTGGCGGTACAGAGATCGTTCTGCTTGCTATGGTAAAAAGCTTTGAAAGAATGCCCCCCGGCGCCTTTAGTATTTATAGTATAAACTCTGAGTTCTTTCTAAACTTTTTTTATGAGAGCTTTCTTTTGGCCTTCAAAGTAGCCCTTCCAGTTATGGTTGTGATGCTACTTTTTAACTTAATACTTGCCTTAGTAAACAGGTTTATTCCACAGATAAACGTTTTTATTGTGGGCCTTCCTATACAGATATTTATAGGCCTTTGGGTGCTCATACTTTCTATGCCTGTTATACTTTGGGCCTTCTCTTCTCATACTAGGGAGTATATAATTAAATTTGTAGCCCTACTTGGTGGTTAAATATGGCGCAAGAGAATAAAACAGAAAAGGCTACGCCTTATAGGCGTAGGAAGCTTAGGGAGGAAGGAAATGTAGCAAAAAGCCCAGAGCTTGCCTCTTCTATTACTGTCTTTTTATCCTCTATAGTCCTTTTCTTCACCGGTGCCTATCTCTTCTATGAAGTTGTCGGCCTTATACGCCTTATTATGGAAAACCCATATGTAGGATATTCTTCAATCTTTGGATTGTTGAGCCAAAGCCTTCCACGGTTGCTTCTTCCCTTTTTCCTAATAGCAGTGCTTGCGGTCATACTTGTTCATATAGGACAGTTTGGCTTTATTTTTACCTTAAAACCTCTACAGTTTAAGTGGGAAAGATTAAACCCCTTTGAAGGATTAAAAAGATTGTTCTCTTTAAACACCCTATTTGAGCTTGTAAAGAATACACTAAAGGTTTCCTTGTTTATCATAGTTTCCTACTTTCTTGTAAAAGGAGATATAGACCATCTGCTTACTGCGCCCTCCGAGGACGCCCTTAGCTTTATACTCTATCTACTTAAGCTCATCTTTAAGATAGTGATAACGCTAAGCATCTTTGCCATACTAATATCCGTCCTTGACTATGGATATAAGAGGTGGGACTATGAAAGAAGGATAAGGATGAGTAAGGAGGAGGTAAAGGAAGAGTACAAACAGCATGAGGGCAACCCACAGATAAAAGG
CP076324.1_gap12	329710	331270	1560	TGTTGGTAGATGCGTAGGTAAGGTGGTATAATTTCCATGATAAAAACCTCCGATGGTTTTTAGGGCTACTATTATAGTAGCCCTGCTGTCTTTTTATTGATATGGAAGGTTTAGCTTAAAGGGAATTTCTCACTCGGCGTATGATTTATATTTTATAACTAAAGAAAGAGCCAAAGATTGCAGAAGTCTTAAAAAAAGCTGGATTGCTTTAAGGTTTAAATTGACAAGGACTTTCCCAAGGTTTATGATTTTAACTATGAGAAGGGTATTCTTACTGCTTATAACACTGCTAAGCTTTTATAGTCTTTCCACAGCCAAGGAAGTGCCTTTTACACAGGAGGACAGAGACAAGCTCAGAAACATAGAAATAAAGGTTGAAAGGCTTGAAGTTAAAGTAGAAGAAGGTCAGAAAGCTTTGCAAGCGCAGATAGATGGACTTCAAAAACAGATTGATGGACTTCAAAGACAGGTGGATGGATTACAAAAACAGATAGACGAACTTAGGAGCGATTTTAGAACCTATATGAGTATAGTGATAGGAAGCATTATAGCCCTTGTGGGATTTATCATATGGGATAGAAGAACTGCCATATCTCCGGTGGTAAAAAAGACGAAAGAACTTGAGGACAGAGGTGATAAAATTGAAAAAGTTTTAAAAGATTTAGCAAAAGAAGACCCAAAGATTGCAGAAGCTTTAAAAAGGGCTGGGTTGTTATAGTTTGATTTGTTTGAATATGGGAAAATGGAGACTTTGGTAAATAAATCCATAAAAGGATTTTCGGGAAATATTTGAAACCTTTATTGCAACCATTTTGAGAATCTACGCACTTAGGTAATACTTGCTAAAAGCCTACAGGCTAAATCATTCCATCCTACACTTCCAAAAACCTATATTTATATCCTATGTATAGGGACCTAAACTCGCAGACGCAAAAGGATCTAAAGGAGTACTTTCAAAACCAAGACTACATGGTTATTGCCGTTCCAAAGGAGGACCTCATAAGAGTGTATGCCCTTAGGGCTACCAATACGGTGGAGACGGCAAGGAGGCTCCACTCCTTAGAAGGGGAAGAGTTAAAGCTTATGGCTTACAGCATACTATCCGCCTTGCTTTTGACTTCTTTGGTTAAGCATGCCACAAACCAAAAGGTGCTTTTCAAAATACAGAACGATAGTGGTGTGGTGGTGGCAGAAGCGGATGGTATGGGAAGGGTAAGGGGTTTTATGGAGGGCTATCCTTTGGAGGACTGGTCTTCTGGAACCCTTACGGTGGTAAAGGAGCTAAGGCTTGGCACACCCTATACAAGCATAGTGCCAGTGGTGGGAAGGAATGTAAAGGAGGCCCTTTCCTATTATTTTGAACAGTCGGAGCAAACAAGGACCTACATAGACATGTATGTAAAGACCGATGGCGAAAGGGTGCAAGAGGCCTTGGCCTACTTGGTGCAGGTTTTGGGTGGTGCAAGGGAGGAATCGGTCCGTAAGATAGAAGAGAACATAAAAAGCCTTAGCCTTGAGGGCCTAAGGCCCGAAGATATTGCCATGGCAATCCTAAGGGAT
CP076324.1_gap13	378089	378732	643	CGTCGGTGCCAAGGCATACATGAATGCCTCTTTTTACATAATCGCTTATGGGGGCTATGCCAGAGGCAAGCTTTAGGTTGCTCTCGGGACAGTGAAGCACCTTTGCACCGCTTTCCTTTATCATCTCCCTCTCTTCCTCTGTGGTCCAAACCACATGGGCCATAAGGAGCCTGTGGCTAAGCAATCCAAGGCTATGAAGGTGTTCCACTGGCCTTTTTCCAAACCTTTCAAGGGATGCCTCCACCTCTTGCTGTGTCTCCGCCGTGTGGGTGTGGATGTATACATCCTCTTCTAAGGCAAGCTCAAGGGATTTTTTGAGGGTCTGTGGTGAGCAGGTATATACCGCATGGGGACAAAGCACAGGAAAGACAAGGTCGGAGTTTTTAAACTCCCTTATAAAAGCTTTTGCCCTCTGTAAATACTCCTCTGGGCTTTTTGCCACCTTTGTTGGGAAGTCTAAGATGCCAAAGCCAAGGCCAGCCCTTATGCCAGCCCTTTGGGCCACCTCCGCCACAGCCTCCTCAAAGAAGTACATATCCATAAAAAGGGTTGTGCCAGACCTTATGGCCTCCGCAATGCCTACGAGGGCTCCATCCCTTACAAACTCTGGAGATACAAACTCACCCTCCAAAACCCATATGAC
CP076324.1_gap14	457081	458311	1230	CTTGCCGGCCAAGGCCTGTGGGAGGGTAAAAATCAACCACACAACGACCCTATATTGAGGGAAAGGCTTATAAAGTACTTTGACCCTCTACCCTTCTGGTATCCACCCTTTGAGGAAGAGGTTTCCGGAAAGGACTACCCCCTTTATGCCTTTACTCAAAGGCCCCAATGGATGTATCACTCTTGGGACTCACAAAACGCATGGCTAAGACAAATATCTTCAAGGAACTACCTTTACATGAACCCAAAAACGGCGGAAAAGCTTGGCATAAAGCACCTAGACTGGGTTTGGGTAGAGTCAAGGATAGGAAAGGTAAAATGCCAGGTCTTTTTGACAGAAACCACAGAACCCAACTCCGTATGGACCTGGAACGCCATAGGCAAGATGAAAGGCACTTGGGGTCTAAAGCCACAAGCAGAAGAAGGACACGAAGGATTTCTGCTAAACCATGTAATACCCCACTCAATAAAGATAGGAGGGAGGGAAATCTTTTATGGAGACCCCATTACAGGACACTTTGCCTGGTTTGACACTAAGGTGAAGGTTTATAAAGCTCAAGACCAAACGCCAGAAACCGCACCCCAGTTTGAGGTAAAACCTCTACCTTATATAGAAGAAAGGTGGGTGCCCGTCCTGAGGTATAAGCCGTGAAGGTAGTAGAAAAGAAAAGATACACCATTGAGGACTACGAGCGCTTGCCAGAAGGAAGTCCATACCAACTGATAGAAGGAGAACTTGTCATGAGCCCAGCGCCAGGTTATGAGCATCAAGAAACAGAGAAGAGATTTTTTATCAAGCTATACGAGCTTGTGGAAAAGACAAAAAAAGGCAAAGTTTTTATAGCTCCTTTTGATGTCTACCTTGACCAAGAGAACGCCTATCAGCCTGATATAGTGGTGTTGCTTGAAGGTTCAAAAGCAAAGATAAGCCAAAAAGGTATAGAAGGAGCACCTGACATTGTTGTGGAAATACTCTCACCTTCAACAGCCTATTATGACCTGACGGAGAAAAAAGAAGTTTATGAGCGCTCAGGCGTTAAAGAATACTGGATTGTAGACCCAAAAAGAAAGACCTTTGAGGTTTACGCCAACTCCCAAGAAGGCTTTAAGCTCATATCCAAAGCAAAAGAAAAGGGCTCTGTAAAGTCTGAACTTCTGGGTATAGATTTAGACCTGAAAGAAGTATTTGGTGAGGTGTAAGCGATGCCTTTGACTAAGCTTTCTGAGTTGG
CP076324.1_gap15	464062	465721	1659	GCTCCTGTCATGTTGGGAATGTCCCTTTTTAGCCTTATGGGGTCCTTGTTTAGCTGCTTTCCTGCAAAGAGCTTGAGCCACCTTTCTTCTGGCATATACTCAAGAGGCTCATTAAAGGCCAAAACCTCTATCACATCAATCTTTCCCTCTGGTGTGATGGTGTATAGGACCACCTCAGGATGGGTCCTTACTATATGTGTATCCACATAGGCGTAGGCTATTAAAGTTCCTCCTCTTTTGACTATATACCAAGATACAAGCCTTGTGTTTAACTTTACTCCAGATAGCTTTTCTATGGCAGATTGCTGTTCTGGTGTGAGGATTATGTTCTTTACTTCCACTTGGCTGTTTGGATATATCTCCCTAAGGGCCTTCTCGGGCCTATTAAAATCTCTTGCCGATATATCCGTTCCAAAAGAGAACAGAAAAACAAAAAAACTCAAAAAGAGGCACCACCTACACACTCTCATCATATTTTACTCCAAAAACAGAACATGTCATATCTACTAAAAATATTACTTAGTAGTTTTCTTACATAAGGCCCTCCCGCAGAGAGAGGGCACCAACAGAAGAAAGAGCCTTCAGAACATAAAGCCAAGCGTAAGCCTGTACTCATTCTCATCCTTTTTTGGAGAGCTGTAGTTGAGCCTTGCATAATCCGCTTTTATGGCAACCAAGGGATGAGGTTTGTAGGAAAGACCCACGTTGTACACCCTTAGCTTGTGTCCGTCGGGCTTTGAGTAGCCAGCAGGCACTTTACTGTGGGTGTCAAAGTCTTCATATATACCAAAAAGGTAAAGTTCTTGATTTTCTGGACCAAAGAGTCTAAATAGGTCATAGGCTACCTGTACATAAAAGCCCTTTTGTTCTTCTGGTACTATGTTATTTCCACCAATTGAACCCCCAAAAAGGTCCTGTGACATTTTTAAAGCATCATCCACTTTTACCAAAGCCCCCACAAGCCTTACATCCCACCCTGCATACTGCCACCATAGGTGTGGAGAAAGTATGGCAACAGAACCTACCTTTGTACCCCTTCTTAGATTAAGCTTTGAATCACTACCCCCCTTTGATTGAACATCCGCAAGGACAAAGGAACCACCCAAAATAACGTTGTACGGTAGCTTTAAATCTACTCTACCTGTAAAGCCAAGCCTATCCGCCACAGCCCTTGCACCCCTTTGCCTAACAGTTTTAAGAGGTTCCTTTGCATCATAATCTCCGCCACCCTTCAACATAAGGCCATTAATTAGATAGAACCTATAGTTTGCTGGACCTACCTGCCCATATACTCCAAGGCCCATCTCCTCCCATGTGGACATCATAATGCGCCTTTCAAAATAAGGTCTGTCTGCACTAGGAAATGTGGGTGGCTCATGAACTTCGTTTATAATACCCACTGGCATAAGCAAAAGGCCGCCCCTTACACCAAACTCTGGCCTAAATTGATAATCTAAATAGGCAAGTTCAGCCTTAAAGTATCCTCCTCCCGTACCTTGAGAACCAGAAGTAGAAGCATGTTCCAATTCAAGCTCTGAGTTGAACTTTAACTTTTCATCAAAGGCATAGCCCAGATAGATTATAAGCCTTTGCATATCCGCTATATTTTTTGCACCACCTCGTGCATTCACATCGTTATGCAAAAAAGTAAGCTCACCA
CP076324.1_gap16	467801	468830	1029	AGCTGTCTCTTCCTGTTATAACCACCTTGGCACCAGCCTTGGCAAGAAATTCGGCTATGGCTTTACCTATACCACGTGTAGAACCAGTAATTAAGGCCCTTTTGCCCGACAAGTCTATGCAAAGCATGGTAAGATTTTAACATAGCATGAGGCTTTTCTTCGGTGGAAGCTTTGACCCTGTGCATGTGGGCCATTTACTTGTAGCAAGGGATGTAAAAGAGGCTTTGGGCTTTGAAAAGGTTATATTTTTACCAGCCTTTCAGGCACCCTTAAAAGAACCTCACCTTGCAAGCCCACAGGATAGATTAACCATGTTAAAGCTTGCTATCAAAGGCCTTGAGGATTTTGAAGTTAGCACCATGGAAATAAAAAGAGGTGGTATTTCTTATACGGTGGATACAGCAGAAGAAATATACAAAAACTTTGGAGAAAGGCCCTTTTTCTTGGTGGGTGCGGATAGCTTTCTAAGCCTACATCTTTGGAAAGAACCTATCAAACTTCTTTCTTTGGCTCGTTTTGTGGTGGTAGATAGGGATGGAAAGGGAAAAAAGGTAAAGGATTATGTAAAGGAAAACTTTTCAAGTTTAAAGGAAGGGACGGATTTTTTCCTTTTGTCTATTAGGAGAATAGATGTGTCTTCAACGGAGATAAGGGAAAGGGTAAAGGAGGGCAAAAGTATAAAATGGATGGTTCCCCAAGAGGTAGAAGACTACATCCTTGAAAAGGGTCTATATAAAGCCTAAGCTATCTTCTCCAAGGGCTTAAAATCTGCCTCTTTCACACTCCAGCACTCCTTAAATATGGCGTAGGGGCATTTTCTCCTACAGTATTCATGGTCAAGCTTTTTAAAGAGTTCTACGATAGATTGACCCTTAGAATCAAAGATGTTATCCGGGTCTATATGCTTGTCTATATCCAACCTTTCCAGCAATGGATATATGGTGCATCCTATATTGGCAAGGGCTGGCTCTATGCCCATGGCCTTGATCCTGTCAAGAAGCCTTATAAGAACAAGACTTCCGGAAGCAT
CP076324.1_gap17	490916	493276	2360	GGTATAAAAACCCATCAAACGAGCCTAATGGTGCCAGTCTTTGAAAACTCCCAAGACATGAAAGGCCTATTCGAGATGATAAGGGAGAGGTTGGAAAAGGAAGAAAAGGTTTATGGTTTTCTTTTGAAATCTCATGGCCTTTACACATGGGGCAAAAGCATAAGGGAAGCCTACATAAGGCTTGAAGCCTTTGAGTTTTTGTTTGAGTGTGAGTTAAAAATGCTGTTAAAATAGAATACAAACTTAGGGAGGGTGGCACGCGCAGGCTTGCGACCCTTTATAGCCTTTGCTGTTGTAAAAAAGTGAGGATAGGGTGTGATATACATAAGGAAAATCATAAAGAGGAGGTGAGAGATGAAGGGGTTTATTGTTTCATTGGGTAGAAGGATAATTGATGCATATGCCTTTGGAGGAGTCCTTATTGGCTCACTCTTTGCTGGTGGCGGTCTTATAGTCTTAATTCTTTCCCTTCTATCTGGTGGTGAAAAAAGGGCTGAGTTAGCTTTCAACTCTTTGGGTTCTATAATTATAGGGCTTTTGATATTAGTCTTTATAGTGCTCTCCACTCTCTTTGTTTATCTTCTGTTTGATATAAGGGACCACTTGGCGGATATAAAGGATAAGCTTGAAAAGTATGAAAAGGAAAAAAAGGGAGGTTCAGCCATGAAAAAGTTTTTACTCTCTGGCATGCTTTCCTTTGCCATAGTGGGGTTTGTTTTTTCTCAAAGCGTGGGTAAGCTGGAGGCCGAGTGTAAAAAGGGAGATGCGGAGAGTTGCTACCAGCTTGGCCTTGCCTACACAACTGCAAAAGGTGTGGAGCTTAACTATGATAAGGCAAGGGACCTGTTCCAAAAAGCCTGCCAAAAGAACCACGCCTTGGCTTGTTATAGACTTGGTGTTATGTATGCTACGAAAGAAGGTATACAGCAAGATTACTCAAAAGCAAGGGAACTTTATGAAAAATCCTGCCAGCTTGGAGAGGGGCTTGGATGCTTTGGGTTGGGTGAGTTATACTTCTACGGCAATGGTGTGCTAAAGGACTACACAAAGGCTATGGAATTATTTCAAAAGGCTTGCGATATGGGAGAGGGAAGAGGGTGTGAGTATCTTGGCCGGATGTATGAGAGGGGCTTGGGTGTGATGGAAGACGAGGAAAAGGCAAGGCAAGCATACAGAAGGGCTATGGAGATATACCAAGACATATGCAATAAGGGAGATAGTAGAGGATGCAACAACCTTGGAATGATGTATGGAGATGGCTTGGGTGTTAAAAAGGATTATAAAAAGGCTATAAGCCTGTATGAAAGATCTTGCAAGATGGGAAATGCTACTGCCTGCTATAACGCTGGATATATGTATAAAGAGGGCATTGGCATTCCAAAAAACTTAAAGAAAGCTTCCGAATACTTTAAAAGGGCTTGTGATATGGGGGATCAGGAGGCTTGTAATATGAGATTTTAGTAGGAGGTGTGGCTATGAGGGTGTTTGGAGCTTTTGCCTTGTTTGGTCTTTTGTTTTTGGGTGGGGTCTCCTATGCCAAGGACCCATTTCCGCCAAAGCCACCAAAGGTGCCGGGCCAAATTAGGTGTAATACCAGATGTATTAACGATATGTGCTGGCGCACCTATGATGATGGAAGGAGGGTAAAGTTTAGAGCCAGGCCAAAGTGGGACCCATTCCAACAGCAATGGGTCTTTGACCCAGGACCTTGTTAATGGCTTTATAAATTTTGCTTTGTTCTTTGCCTTTCCTGTTCTTTTTCCTGCTGGGTTTGTTCCTCAACCTTTTTGATAAAATTCCTGTTAGCATACAAGAGGGTCATATTAAAAAAGTTATCTTTCAAAAGGATCTCCGTGTTTCCATCCACAAACTTGGCCCATGTGTCTCCCACAAAGGGTATGCGGGAACCCACCAGTTTATATTTCTCTCTTAATAGCTTATAGTAATAGTTAAATTCTGGAATATCTCGCCCAGAGCCACTTTTTGGAAAGGTCATCACCACAGCCATGAGCTTGCCATCCTTATCAAAGATGAGCCTGCAGGACTGTAGGTATTTCATATCCACCTGTTTGGGGTCCACATCGTACATATCGCCCAGAGTGTATTTGTTTATGCCGGCATGCCTTAGCTTATACCTTGCCTTGGCATCTTGAACGGTAGCCTTTCCTATCTCAAGGCCTAAGGGTGCTGGGTCGGCCCAAGCGTAGAGGGCAAAGGTCAATAAGACAAGTAAAAGCTTCCTCATCCTACCTCCCTAAGCTTTTTAATGATTATACTATAACCTGCCATGGCTCAAAAGGATAAAGAAAGGTGGGAAGAAAGATATAAAAAGGGTTGGAGGTCAAGCCTGCATAAGACCC
CP076324.1_gap18	626202	627265	1063	TACTCTCAGAATCCCAGCTTGTAAAGGCAAAAGAAAGCCAACTTAGGGAAAAGGTGCAAGAATACCAAAAACAGCTTGACCAGATAAACAAAAGGCTTGAGGATTTGAAAAAGCAGATAGAAAGCAAAGGCATAGCCCAAAACGTAAGGGAGCAGAAGATAAAAGAATACCAAAAGGTAGAATCGGAAGGGATGGAACTTCAGCAAAAGGCCCAAAAGGAACTTATAGAACTAAAGAATAAACTGGAACAAGAAGTTATAGAAAGAGTTAGGAAAATATCCGAAGACATAGCAAAAACGCAAGGATATACCGCCGTTTTGGATTGTGGTGCCTTTGTTTATATAAGCCCAGACATGGATATAACCAAGGAGGTCATCCTAAGGCTTGACCAGCAAAAATGAAGCTCAAGGAGCTGGCAGAGCTTATTGAAGGCGAGCTTTATGGTGATGAAGATTTTGAGTTCCTTAGTTTGGCTTCGCCAGAAAGGCCTAAGGATAGAAGTGTAATCTTCCTTCAAGATTTAAAGGCCTTAGATAGGCTAAAAGGCATGCATGTGGCCTTGGTTCTTTCCGAAGAAGTGGATTTCCCCAATTACATAAAGGTAAAGAATGTAAGGTTTGCCCTTGCTAAGTTTTTAAGCCATCTTTATCCAGAAAGGCATCCTTCTGGCGTGTCGGAAAAGGCACATATTGAAGAGGGGGTGTATATAGGTAAGGATGTTTACGTGGGTCCCTTTGTTTATGTGGGAAAAGGTGCGGTTCTGGAGGATGGAGTAAAGATATATCCCTTCTGCTATATAGGTGAAGGAGTGAGGATAGGCAAAAACAGCGTGCTTTTTAGCGGAGTTCATGTATATCCGGGATGCCATATAGGTGAAGGTGTAAGAATACATAGCGGCTCCGTAATAGGAGCCGATGGCTTTGGCTATTATGTGGGAAAAGAGGGCATATTTAAGCTAAACCACATAGGCAAGGTAATAATTGAAGACTTTGTGGAGATAGGAGCCAATACATGCATAGATAGGGCGCTCATTGATGAGACAAGGATAGGGAAGAACACAAAG
CP076324.1_gap19	651085	653679	2594	AAAGGAGATTATTCTGGGAGGCTTTCAAGAAGGATAAGGCATAACTTTGCTTACAGAAAGCTATTAGAAAGGATAAAGCTACTTGCAAAAAGGAATGGCATAGAAGTGATAGAAGTAAATCCAGCCTACACATCCATCATAGGCATGTTAAAGTATGCACCGCAATACATGGTAAGCAAGGATGTAGCAAGTGCCTATGTGATAGCAAGAAAAGGCTTAGGACTAAAGGAAAAAGTGCCAAAGAATTATGTGGAGCTTCTTAGAAAGTTAAGCATAGAGGAGTTAAAGGAATTAAAAGAGTATGTGAGAGAAAAGGTAAAGAACGCTTATTTAAAAGCCAAGCATATGAAAGAGATAAGCTATTTAATAAAAAGCCTTGAGAGTGAGCCAAGGAGAGTATCTGAGCCTCTGGAAGGAACAAGCTTAGGTACTCAATTTAATCCATGGCGAGTTCTCAAGGTAGTGGTGCTAACCGCACTCTCCCCTGAGAGGGTCATAAGGGACCTCTCTGTCCTGAAAGATATTCTCTTTCGGGGCTTGTGGGGAGACCCGAAAAGGGCACGAGCTCCTACTGCAGGGGGTAGGGGCGTAGTCTGTGTGAAAACGCAGGCTATTTTTGAAACACCCTGATCACATAAGGTTGTACTTTTTCAATTTTCTGTAGAAGGTCCTTAGTGGAATGTCCAAAAGCTCTGCAGCCTTCTTTTTATTAAAATTCACCTTTTTTAACACCTCTTCAATCTTTACCTTCTCCATCTCTTTAAGGCTTTCTGGCTTTTTGTTAAAAGGCATGCTAATATGCTCCTCGTCAATTAGATTACCACTGCACAAAAGCACCGCCCTCTCTATTATGTTTTTTAGCTCTCTCACATTGCCAGGATAGTCATAAGAAAGAAGCAACTTTTTTGCTCTTTCTGTAATCCCTTCTATCTTTTTGTTATATTTCCTCTTGAACTTCTCAAGGAAATGCTCTGTCAAAGGTATTATATCTTCCTTCCTTTCCCTTAAAGGTGGAATCCTAATCTCAACGGTGTTTAGCCTATAGTATAAATCATCTCTAAATAACCCGTCTTCCACAAGCTTTTGTATATCCCTGTTGGTTGCAGATATAATACGCACATCAGCCTCTATCTCCTTCCTTCCACCTACCCTATAGAATTTCTTTTCTTCTATGGCTCTCAAAAGCTTGGCTTGTAATGCCAAGTCAAGTTCTGCTATTTCATCCAAAAATAGAGTTCCATTCCTGGCAAGCTCCAAAAAGCCCTCCTTTGGTTGGTTTGCCCCCGTAAAGGCCCCCCTTTCATGCCCAAAAAGCTCCACCTCCAAAAGGTCCGTAGGTATGGCGGATACATTTATAGCTATAAAGGCCTTGTCCTTTCTATCGCTAAGTTTATGTATAAGCTTGGCTACAAGCTCCTTTCCAACTCCACTTTCACCTTGAATGAGAACATTACAATCACTACAGGCTATTTTTTCAACTGTCTCAATTACCTTTTTCATAGCAGGGCTTGCCACAATCATCTCCTCTTCCATCAATCTCTTTTCTTGCTTTAAAAGCCTGTTTTCCCTCTTAAGGTTTAGCATACTCTCAATCTTTTTAACAACCAGCTCAACCTCCTCCAAGCTACAGGGCTTGGTCAGAAAATCAAAGGCTCCAAGCTTTGTAGCCTCAACGGCCGTCTTTATGGTTCCATGCCCCGTTATAACAACAACCTCTTGGTTAGTGTTAGTCTCTTTTATCCTTTTTAATAGTTCCATACCGTTCATATCTGGTAAAAACAGGTCAAGTAGTATAAGGTCATAGTGCTGGCTTTCTAAGTGTTCTATGGCGCTTTTTCCGCTTGCCACATGCTCGGTTAAATAGCCCTTTTCCCTCAAGAACTTTGCCAAAAGCCACCCATATTCAACTTCATCCTCAACTATTAGTATTTTCATAGCTCCCATCTCCTTTTTTAATATATACACGGACCTCGCACCCTTTATGTAGATTCTCATACTCTATTTTCCCTCCCATCTCTTCCACAAACCTTTTTGCGATAGCTAAACCAAGGCCAAAGCCGTTTTCCTTTGATGTATAAAAAGGTGAAAAGACCTCTTCGGAAGGTATTCCTGGTCCCTCATCCCTTATCCTCCATACCAAGAAAGAATTCATTTCCTCTATGTTTATATAAACTTTGCCTTGCATAGGTGAAGCATCTATGGCGTTATCTATGATGTTTAAAAGTATCTGTTCAAGCTTCCAAGGATAGGTAAAAATTCTCTTGTTATTCACATTTGCACTTAGCTCTATAACCACACCTTTTTTCCTAGCTTTAAAGTTAATTATATCCAAAAGGTCCTTTGTAAAGTTAAAAGGATCAATCTCTTCTGGTGAACCATCGCAGTTTTTTGCTATGTAAAGCAACCTTTTAACCGTGTTTTTTACCCTTTCGGCATTCTTCAACACCACATCAGCCATATCTTTGAGTTCCTTTTCATCGGCTACACTTTTTATATACTCCGTATACCCCATAATAGAAGCCAGAGGATTATTCAATTGATGTGCCAAAGAGCAAGCTATCTCACCAACAATAGCCAATCTTGAATACCTATTG
CP076324.1_gap20	712871	713863	992	TGCCTTTGCAAGAGCAAAAACAGTTTGCCCTTTCCGACGATGAGATACTCCAACTGGCAAGGTGGGGTATTCTTGTGGAGGAATACTATTCAAAGAAAAACGGAAGATGGATGCCCATGGATATAGAGTGGGCAAAGGATGGGGTCCTCAACCAGCTTTTCATAGTGCAAGCAAGGCCCGAAACCGTCCATTCAAGGAAAGAAGAAAATATCCTAAGGGTTTATAAGTTTACCGAGCCACTGGAAGAGAGAATAAAAAAGAGAATAGTGTATGGTATAGCGGTAGGGGACAAGATAGCCCACGGAAAGGTAAGGGTCATACACGACTTAAAGGATGCAGGACAATTTCAAGAGGGAGAAATACTGGTTACCGACATAACGGACCCAGACTGGGAGCCTATAATGAAGAAGGCTTCTGGCATAATAACCAACAGGGGAGGAAGAACAGCCCACGCCGCCATAGTGGCGAGGGAGCTTGGCATTCCAGCAGTGGTAGGCACACACAAGGCCACAGAAATACTCAAAACAGGTATGGAGGTGACACTCTCCTGCGCAGAAGGAGAAATAGGTTATGTTTATGAGGGCTATGTGCCTTATCAGGTGGAGGAAATAAACCTTGAGAACCTTCCAAGGACCAATACCAAAATTATGATGAATGTGGGAAATCCAGAATCTGCCTTTAAGTATTCATCCATTCCAAACGATGGTGTGGGCCTTGCCAGAGAGGAGTTTATCATAGCCAACTACATAAAGATACATCCCTTGGCACTTTTGCATTATGAGGAGATAAAGAAGCTATACGAAGACCTAAAGGTTCAGGGCCTTTTGGATGATAGGGGTAATGTGAATATGGCAACCATATACAGGTATGCCAAGCCACCTCTCTCTGAAAAGCTTGCAAAAGGCAAAGACAGAAAGCAGATAAATCTCCAAAAGCTAATAGAAGACATAGAAAACCTCACCTTTGGCTATGAGGACAAGGCTCAATACTTT
CP076324.1_gap21	741539	742442	903	ATAGAAGAAGCTACCAGATGGACCCAGCCAATTCAAGGGAGGCGTTAAAGGAGGTGCTTTTGGATGTGCAAGAGGGTGCGGACATAATCATGGTAAAGCCTGCCCTTGCCTACTTGGATATAATAGCCAAGGTAAAAGAGGCTACCTTGCTTCCTGTGTGCGCTTACAATGTAAGCGGTGAGTATGCCATGATAAAGGCAGGGGGAAGGCTTGGATGGATAGACGAGAAAAGGGTGATGATAGAGACCCTTTTGTCCATAAAGCGCGCGGGCGCAGATATGATAATCACATACTTTGCCAAGGATGTGGCAAAACTTATAAATAAAGGAGAGATAGGATGAGGTTTTATGGCATACCTTCCGAAGATAGGGTTTTGGAGATTATAGAGGGCATAAAAGATGGTGTATGGGTTCTTGAGGAAGATGGAAAAACTCAAAGCTTTGATGCTGAAGGTATAAAGGAAAGACTTCGCGAGCTTGTTTATATGGTAAAAGGTTGGAAGGAGCAAAACAAGCATTTGCCCACGGGCACGGTCTTTTTCTTTGTTAGCACGCCCGATAACCCACAGGCCTTTAAGGTCTATGACCTTTCTTCTTTGGGCTGTTCTACAAAGCTTGACCCAGCAAGATGGAAGGTGTATAAAAAAGAGCTTTTAGGTCAGGTTTGATATATATCCCTCAATATCTCCTCTCCACCACTTTCCAATAGCCTTTTGGCCAGCCTTTTTCCTATCTCTTGTGCCTCTTCTGGCCTTCCTTCTTCATAGCCCTCTATGAATCTCTCTCCCTTAAGGTCTGAGATGAAGGCCTTTAGCTTTAATGTGTTTCCTTCTACCCAAGCGTAGGCCCCTATGGGAACCTGACAGCCACCGTGCAACTCCCTCAAAAAGGCCCTTTCGCACTC
CP076324.1_gap22	787977	790935	2958	GCATAAAGAAGAGGATAAGCCAAAAGATGTTTGACGCATTGCTCTATGAGGAGCTAAAAAGGATAAACTCTGACCTTTTGATAGTTGAGGATGAGAGCAGGGTGATAGGAAATATACACATACCGGATAGCTTATGGAATAAAAAGGAACAAGGTTTTTTCTTGGAGATAGAAACAAGCCTTGAAAGAAGGCTAAAAAACATCATAGAAGAATACACTGCCTTTGAGGGCTGGCAGGAGGAGGTAAAAAGTTCCATAGGAAAGATAAGAAAATACCTTGGAGAGGAAAAATACAAAAATGCTATAAGTATGCTGGAAGAAGGAAGGATAGAGGACCTTGCCCTCTTTTTGATGACCGAATACTACGACAAGGCCTATAAGCTTAACAAGAGTGCCTTTTTAAAGCTATACTGCTCCAATGAGGAGGAGTGCTTGAGTAAGATAAAAGAAGTATACTCAAGCCTTCTTAAGGAAGGGGTAATTTCTAAGCTTGGCGGGTAGCCTTTTACCTCTTACTTCAAGCTCCACCTCAAGGCCCTCTTGCCTAAGGTTGACATCCACAAAGCACAAGGCTATACCCCTCTGAAGGGTGGGAGAGTAAGTGCCACTACTTACATACCCTATGGGCTCATCCTTATAAAAGACCCTATAGCCCTCCCTTGGCACACCCCTCTGTAGTAGCTCCAAACCAAAAAGCCTTTTCTTTATTTCCTTTTTTAAAAGCTCCTCTTTGCCCAAAAAATCTTTTTCAAGGCTCACGTACCTGTCCAAGTTTGCTTCAAAGGGTGTTATATCCTCGGAGATCTCATGGCCATAGAGGGGCATGCCAGCCTCAATTCTTAGCACATCCCTTGCACCAAGCCCGCAAGGAGTGCAAACCTTTACCAGTTTTTCAAAAAGCTCAATCCCTTTTGAAGCCTCCGCATACACTTCAAAGCCATCCTCTCCCGTGTAGCCAGTCCTTGATACGATGATGCCGTCAAAGACCTCAAAGTGATAATACCTTATGCTTTCCACTGGGAAAAACTCCTTTAGCACTTCCACAGCCCTTGGGCCTTGAAGGGCAAACTGCACAGTCTTATGGCTTATATCTTCCACCTTAATCCCTTCTTCTTTAAACCATTCACACACCTTCTCCTTATTTACCGCATTCACACAAAGGAAAAATTCATCTTCGGAAAGCCTATATATAGTTATGTCATCCCTTATGCCACCCCTTCGGTTCATAAGGAGATTGTATTGGACCCTTTTGGGCTTTAGCTTGGCTATGCTTCTTGAAGTGATATATTCAAGCTTTTCAAGACTGTCTTTTATCAAAAGCCTTCCCATGTGGGATATGTCAAAGATGCCACAATCTTCCCTTACAGAAAGCACCTCCTTAGAAATGGATGAATACTCTACTGGCATCTCCCAGCCTGCAAACTCTGTAAACTTGGCTCCAAGGCTTTTGTGCAGATTGTACAAGGGCGTCTTCATATTAAAATTTTAACCTATGCTTGCCAGATACATGCTTTTGAACTACACAAAAACCTTTTTCATCATACTTTTTGTGCTTTTTGGCCTTCTGTATTTTTATCTTATTGGTGAAGTTTTTACAGTCTTTAAGCAAAAAAGTATTAAGATATTTTTGTCTTACACATTTAACCTTTTACCATTGGTCTTTTTTTATATAAGCGCCTTTGTAAGCGGTTTAGCTCTAATCCTATTCCTTAGAAGGCTCATACAGAAAAAGATGGACCTTTTGACCCAGAGCTTTGGTATATCTCCTTTGAGCTTTTCTTTTTCTATCATAGTTTTTTCCCTATTTCTCTTCCTTGTTAATCTTATAGGGTCTTACGAACTTTATGCAGAAAATCAAAAAAGGTTATACGTAATAGAGAAGGAATATAGGAAAGCCAAAGAATTGGAAAAGGGGATAATAAGAGGCCTTTGGCTCTTGGAAGAAAAAAATGGAGAAAAAGGCTTTTATAACTTTGAACTTATAGACCTATCCACTGGAAATGTTTATGGTTTTTACTACCTTAAGGTGGCGGAAGGCTCCATAAAGGAGTTAATAGTGGCACAAAGGGGGCTGTGGAGGGGAGAAAACATAGAATTGAAGGAAGCGAAAATAAAAAATCTATTTACGGGTGAGGAGTATGTAAAGGATATAAGGGTCCATTATATTGACCTTTCCCAAATAAGACCTCTTGCCGAAAGGCCAGAACACCTATCTATGAAAAGTCTATTTATGCTTAGCTTGATAGGTGAAAAGATAGGTATAAACCAACGGTATTACCTTTATGAGGTCTTGAGGCGTGTGCTTACAGCCCTTCTTCCCATCTTTATAACCATAAGCATAAGCTGGATGTGTTTGAGGTGGCGACGCCTTAGCTTTTCTCTTTTGGGCCTAATAGTCCTATTTTCCTACCACTGGCTTTCTTTGAACCTAATAAAATCCTTTGTGGAAAACACCAGCGTAAGCCTTACACTTCTTTCCTTCATCTATGCACCTTTGCCTCTACTTTCTCTAAAAGGACTTTACGATCTGGGCAAAGGATTCAGGGTCTAAGCTGGCTCCGCCCACCAGTAGCCCATCCACGTCCTTCATCTTCATAAAATCTGGTGCATTATTCGGGTTTACACTTCCACCGTATAGAACTCTTGGCTTTCCAGCATGCTGTGGGTTTATGCTATAAAGTAGGTCCTTTATAAAGGCATGCACAAGCTGGGCATCCTCTGGCGTGGCTGGGTTTCCCGTGCCTATGGCCCAAACGGGCTCATAAGCTATGTCTATGCTGTCTGTGTAGGCCTCTATGCCCGAAAGGGCAAGCCTTATTTGAGTTTCTATAACCTTAAAGGTAAGCCCTGCCTCCCTCTCTTCTATCCTCTCTCCCACGCACAGTATGGGTCTTATACCTGCCTTCAAACAGGCCGTTAGCTTTTTGTTTATAAGCTCGTCCGACTCTCCAAAGATCCA
CP076324.1_gap23	792093	794399	2306	GACCAATTCCGCCACCGCCCAGTAAACCTCTTTTCTTTCTTCTTCTGTTAATCCTAAGGCATCAAAGACAATATCATCAAGGGCTTTTCTGTCTGGTAATGGATTTGGCTCTTGCTCACGGATGGGTTTATTCGGGTCAAAGCCAAGTTCTTTGAAGATGGAGTGGATTTCTCTACTTAAAATCTTTAAAATACTATCTTCTGGCGTTCTTATAAATAAAGGATTTAATAAAAATACTCTTTCTAGTTCCCTTTCATAAATATTTAAAGCTCCTAATCCTTCAATAATACCTTCTACCTCCCAAAACATTACTTGCAACGTGCTATTCATTACAAGTGCAGTTTGTAAGGATAAATCTTTATTTTTTAGAATTATTTTGTAAAATCTTTTAAATAACACTCTGGCCTTGTTATAATACACAATAAATCTACTATTAAACGTCCTACCTACAGCAAGATCGGGAACATGTCGCGAATTTCCTTTAGGATTCACACCATACTCAATAATATAAGGGTTGTCATTATCTATAAGAATTTTTGTAAGGTCTTGGGTTGAAAAGATTATCTTTGTTTTAGGAAAATTAGGCTTTACGTTATTATCATGAATATATCCTTCAATTTTTGCAATATCCCCCAACCTCACCAATTTTCCTTTCCCTTTTTCCAAAATCTTAAAATAAATCTCTGGTGCCCTTAGGTATTTCCCGCCCCATTTATTGCCAACATAAACAAGCTCTTCTGGCTTACTATATCCTATCAAGCCCTCTTCTTCTGGAATTTCACTGCCTTCAAGCAAAAGCTCCCTTTTTGACTTTGGAAACACCCTAAAATCCTCATCATCAAAAACAGGCTCTTTTATGCTTTCAAGCCTCTTTATTACTTCTGCATTTACCACTTCCTCAAAGGGCTTTTTAAAGGCTACAAACTTAACCGTATAATCATCCAGCTCCTCTTTTGGTCTTTGAATCAAAACAATCACCGTATTTACATCTGCCTGCTTAAAGGAACGCTTCCGCAGGTTATCAATGATATAAATTGGTCGCATTCTTTTGAGTAAAAACTCCTGAAGCCCCGCTCCATATCCCACATCAAGCCAAGAGTTGGAGTTTATAAAGCAAAATATTCCACCTTCTCTCAAGAGAGAAAGCCCATGATAGTAAAAATATACATAAAGGTCGCTCTTTTTGTCTATCTTAACATTCTTCCAAATACTTTTTACAGAACTTTCCAACCTATCCTTATATTCCTTTTTCAGTTTTTTCCATTCTTCTTCTGTGTATCTACTCTTATCTTCCAAGGGTGGGGCTATCAACTCCTGCCTTACGTAGGGCGGGTTTCCAATTACAATATCAAATCCACCTTTTGTGGCAAAAACTTCTGCAAAATCAATCTCCCAAAGGAAATAATCCTTCCGTGTTTTATTCTCAATGTTTCTTAAAGCCTCTTCAAGCCTTTCCTTTTCCCTTTTAAGACTTTTAATCTCCTCTTCCTTCCTTTTCCCTTCCTTCTTATTAACCTCACCAAATAAGCCTTTACCCTCTTCTAATTTTTTATAAAACTCAGCCTGTTTAATTTCCTTTTCAAGCATCTCTATTTTTGCCTCAAGAATCTCCTTTAAAATATTCCGCTCAAGCTCTTCAATTTCTTTTATCTCCCTTAAATCTGCGCTCACTTGTCCGGAGAAAAAGGCGTTCTTTTTATCAATTAGCTCTCTTATTTTTGCTTCTATTTTTGGAGATATGTATTTTTTGGGATTTTCTCCCCTTAGGCTTATTAGAATACCACCTATTTCTTCCACAAGAGAATCACCCTGACGGATTTTGAAAGATAAGTTTGGCAAAAGGGGTTTGGTGTATATGTCCATGTATTTTTCTTCCGTTTCTATAACCAAAGATAGCCAAAGTCTTAGCTCTCCCACCATTACGGCCCAATCCTTTACTTCCACACCATATAAATTCTCTTTAATGATCTTTTGCTTTAGTGCATAGATATTCTCCTCCCTTCCTTCAATTTTCCTTGTAAGCTCAGAATGAAGCTCCACAAGTATATTCATCATACCCACAAGGAAAGAAGCAGAACCTACTGCAGGGTCAACTATTTTTACATCTTCTAAACTTTCCTTTATTGCCTTTGCCTCTTTTTCTGTTAGCTTTTCAACTCCATTATGCGGGTCAAAAATAAAGTCTATAAGCTTTTCCTTTTCAATGTCCGTTTGACTGGCAAGATACTCCACTAAGGAAAGCCTACACATAAAATCAATTTCTACCCTTGGAGTATAGAAAATACCACTTTCTCCCCTCTCTTCCT
CP076324.1_gap24	817289	819016	1727	AAGGAAGACATTCTTCAGCCTCTTTAGCCTTCTCATACCACTTGTTTGCTTTGCCCTCTACCTTTCCTTTCACAGTGTAGAATTGAACTTCCTCCTTTACCTTCTTTTGGCCATCATCCACCAGCAGGCCATGCTCTTTTATAACTCCTTGCTAAAAATCTTTGAGACAAAAGGGACGGCCTCCGGCCTTGGTGTGGCCTTGGGCTACGTTGGCTCTGCGGTGGCTTTAATACTTTTTGCACCAAGGCTTAGCCTTCCCACAGCCTTCATCTTCATAGCCCTTATCTTTTTCCTTTTGTCCCTTCCTTCCCTAATTTACCTCACAGAACCAAAAGAAAGACAGATCATAAGCATAAGGGAGGTTCTAAAGGACAAAAACTTTCTTTTAACCATGGCATCCATGCTTTTGCTTATGGAGCTTGCCAATACCATGATAGCCATGATGGGGGTCTATTTGAGGGAGGTCTATGGGCTAAAGGAGGGGGAGATATACAGGACCATAGGCCTTTCGGCCATTGGCGGTGTGCTTGGAGGCCTTCTGTGGGGAAGGCTTACAGATAGAATTTCGGCCAACAGGCTTTTCCCTTTTGGCTTTTTTCTTTGGAGTGCCTTTTTAATACTCCTTTTCTTCACGCCAAGGTCCATGATACTCCTACTTGGCCTCTTTGCAGGCCTTTCCCTCTCCCACCTTTGGACCACATCAAGAGTGCTTCTTATTGAAAAATTCACAAAGGGAGACATAGCCATAAGGTTTTCTTTCTATTCCCTTAGCGAGCGTATAGCCTCAAGCTTGGGCCTCTTAAGCTGGTCCCTATTACTCTATCTTACAGGCGGAAACTACAGGCTTTCTGCCCTTCTCATGCTTGTCTTTCCCATTCTGGGCTTTGTCATATACAAGCTTTCAAACAGGAGGCCTCAGATATATGGGTTCTAAAAGCACGGGGTTATCACCACCATAGCCTTCCATTAACCTTTTGTATGCCCAAAGGCCACCATAGAGGGAAAAGGGAAAAAACTCAAGAGAGATATCTCCCAGGCCTTGACCGCTTAGCCCTACCACCTTTATGCTTTCCGGCAAGCTTTTTAAAACCTCTATCTCCCCTATCTTCCCATCTTTGCATCTTCTACAAAATATCTGGTTGCTAACTTTGAGTGCCACACAAAACTCCCCTTCCCTTTTTAGAAAGTGGCACATCATATAGAGGTTTTCATAGCCCACTATGGGCTTTTTGGTAAGGTATGCCAAGGTCTTCATAAAGGTTATGCCTATCCTCAAGGAGGTCAAATAGCCCACCCCCAAAGAGACGGCGAAGGCATCCATATGCTCTGGCTCTACGCCAAGGCTTTTCAGCAAAGAAGGCAGATGTTCTAAGGTCTTTTTCCCATCATCCACATAGTGGTGCAAGACCACCTTGCCATCCTCTATAAGGGTGAGGTTTATAAAAGAAAAGGAAGTGTCAAGGGATAGTAGCCTCATGGGTGTGTTTATTTTACAATAGATAGTGTATGGAAGGAAGGCATAAGGCGAGATTGATCATAGGTGATAGTAGGAGTATGGCTGAAGTAAAGGATGGGGAAGTGGATTTAATCATAACATCTCCGCCTTACTGGCATTTAAAGGATTATGGAGTTAAAGGACAGATAGGATACGGTCAAACTCTCCATGAATACCTTACAGACCTATATATGGTATGGAAGGAGTGTTTTAGGGTGCTTCGGGAGGGCGG
CP076324.1_gap25	834755	836335	1580	CCTTCTTTACGGCTTTGTATACCAGAGGACTGGATCCCTTGCCCTTGTGAGCCTTTTGCACCTTGGTAGTAATGTGCTGTGGTTTAAGGTGATAAAATTTTCTCTATGCACCAGCTAATCATAATAGGTGGAGGCCCTGCGGGCATCTCTGCAAGCATATACGCCCAAAGGAAGAGGATGGATTTTTTATTGATAACTAAGGAAGTAGGGGGGCAGGTGCTAAAGGCTGGAGAGATAGAGAACTACCTCGGTTATGCCCTGGTGGATGGCATTGCCTTTGTTGAGAAGATGCTAGACCAGATGAGAAGGCTTGGTGTGGAGCCTATTGTGGATGAGGTGGTGGAGGTAAAGAGGGAGGAGGAAGGCTTTAAAGTAAAAACAGCCTCTGGGAAGGAGTTTTATACAAAGACGGTGCTATTTTGCACGGGAGCAGAGCACAGAAGGCTTGGAGTTCCTGGAGAGAAGGAGTATACGGGAAGGGGAGTTTCCTACTGCTATACCTGTGATGCACCCTTTTTTAAGGATGCCAAGGTGGTGGTAGTGGGGGGTGGAAACTCGGGCTTTGAGGCCGCAGACCAGCTTACCAACTACGCAAAGGAAATATACCTTGTGGAGATATCAGACCAGTTTAGGGCGGACGAGGTCCTAAGGGAAAAGGTGCTTTCAAACCCAAAGGTGAAGACTTTATTAAGACATAGGGTCCTTGAGATAAGGGGAGATGGCAATGGGGTAAGGTCTGTAGTTTTGGAGGACCTAAGGGAAAATAAAATTTTTGAGCTTGAGGTGGAAGGAGTCTTTGTTGAAGTGGGTCTAAAGCCCAACTCTGAGCTTGCCAAAAGCCTGGGAGTTTTGACCACACAAAGGGATGAGATAATCATAGATTGCAACAACAGGACCTCTGAGAGGGGAGTTTATGCGGCGGGCGATTGCACCAACATCTTTGCCAAGCAGATAATAACAGCAGCGGGCGAAGGAGCCAAGGCCCTTTTATCCATATACCACGACCTCACCTACGGTGTATCCTCATGGATTTAGCCAAGTTTATAGACCACTCCATACTGAGGCCAAACCACACTTTAAAGGATCTGGAAGACCAGATAAACAGGTGTGCAAATCTTGGTGTTTATGCCGTATGCGTAAACCCCTTTTGGGTAAAGAAGGCTGTGGAGATAGCCAACGGAAGGCTTGTGGTATGTAGTGTTATCTCCTTTCCCTTTGGCCTTGACAGAAAGGAGGAGAAGCTTTGGCAGACCATAAGGGCCTTGGAAGAGGGGGCAAGAGAATTGGACATAGTCATGAACATATCTGCCTTCAAAAGCGGTTTGTATGGCTATGTGGAGGAGGAGTTGAGGGCTATAGCAAGGAACACGGAGGGCGCCATAAGAAAGGTGATCATTGAAACAGCTTACCTTACAGAAAAAGAGAAGGCCCTTGCGGTAGAAATGGTGGCCAACGCTGGCATAGAGTTTGTAAAGACCTCTACAGGCTATGCTCCCACTGGTGCCACAGAGGAAGATGTGAGGCTTTTGGTAAGCTTTTCAAAGGGAAGGCTAAAGGTGAAGGCCTCAGGCGGTATAAGG
CP076324.1_gap26	928918	933892	4974	TACAGGTCCATAATAAGCGTGAATGTGCTGGATTAGAGGTCTATTACCTCTCCCTCCTCTGGTATATGCCAAGAAAGACCAAGCTCTGCCCTTATGGCCTCACCAAAGACCTTCATCTTTTCTTCTTCTCCGTGTATGAGGAAGACCTTTTTGGGCCTTTGAGTATAGGAGAGCCACTCCAAAAGGCCCCTTTGGTCCGCATGGGAGGAAAAGCCGTTTATGGTAAAGACCTTTGCCCTCACATTTATCTCTTCAGAGAATATCCTTACCGTTTGAGCCCCTTCTATTATCTTCCTTCCAAGGGTACCCCTCGGCTGGTAGCCCACAAAGACTATGGAACACTCCTCCCTCCAGAGGTTGTATTTTAGATGGTGTAAGACCCTCCCACCGTTTAGCATGCCAGACCCAGCGATTATTATGGCACCAGAACTTATGGAATTTATGGCCTTTGACTCTTCCACATCCTTCGTATAGATAAGGTTTGGGAGTTCAAAGGGGTTCTTCTCAAGGAAAACCTTGTAAGTATCCCTGTCATAAAACTCTGGATGAGAGGTGAAAAGCCTTGTTATGCTTATGGCCAATGGACTGTCAAGGAATATTTGGCATCTGGGTAGCTTTCCCTCCTCATAAAACTCCCTCAAAACGTAGAGTATCTCTTGGGCCCTCTCAAGGGCGTAGGAGGGTATGATGAGGTTGCCACCCCTTCCTATGGTGTACCTTATGGCCTCAAGAAGCTCTTGCTTGGATTCTTCAAAGCTCTTGTGGTTCCTGTCTCCGTAAGTGCTCTCTATAAAGACATAGTCAGCTTGTGATGGGCTCTCTGGGTCTTGCACTATGGGTTTGTTCTTGTTGCCAAGGTCCCCGGAGAAGATGACCCTTTTGGGCTTGTTGTCTTCGTATACATCAAGCTCTACAAAGGCCGACCCTAATATATGCCCTGCGTCTCTCAACCTTAGCACCACACCCTTTGAGAGCCGATAGTCCTTGTTGTAAGGAAGTATAACCTTGAAAAACTCCATAGCTTCAAGAACGTCATACTCTTCGTAGAGTGGCTCCCTTGGCACCTTGCCTGTCCTAACAAGCTTTTTCAAAAGGGTCTTGTAGTTTTCATACATAACCTTGCTTGCGTCCAAAAGCATAAACCTTGAGAGCTTGGCCGTAGGCTCTGTGCATATGATCTTCCCTTTAAAGCCCTCTTTTACAAGCAAGGGTATCCTTCCGCAGTGGTCTATATGGGCATGGGTCAGTATGACATAATCCAGCTTTTTGGGGTCAAAGGTAAAGGGCTGGTAGTTTTTCTCCTCGTCCTCTCCCTGAAACATACCGCAGTCTATAAGAAGCCTTACATCCCTCACCTCCACATAAAAACAGCTACCCGTTACCCTTTTTGCACCACCGTAGGGTATTACCCTCATGCCAAGGTTTCCAAATACATCTTTGCTATCCTCTGGGCCAAGGTGTTCATCCTCCTTATGTACCTTGCCCTCTCCTGTACTGATATTACACCCCTTGCATCAAGCAGGTTAAAGGTATGAGAACACTTAAGAAGATAATCGTAAGCTGGTAGCACAAGCCCCTCCTCCAAAAGCCTCTTTGTCTCTTTTTCATACATCTCATATAGTTCAAAGAGCATCTTAGGGTCTGACTTTTCAAAGTTATACACGCTCCACTGGTATTCTGAGACTTTAAAAACATCGCCGTAGGTTAGCCACTGGTTCCACCTTATATCAAAGACGCTGTCCACATCTTGTAAATACATGGCTATCCTCTCAAGGCCGTAGGTGATTTCTACCGATATCTCCTCAAGGTCAAGGCCTCCAGCCTGCTGGAAGTAGGTAAACTGGGTTATCTCCATGCCGTCAAGCCAAACCTCCCACCCAAGACCCCAAGCACCAAGGGTAGGAGACTCCCAGTCATCCTCCACAAACCTGATATCATGCTCCCTCGGGTCTATGCCAAGGGCCTTAAGGCTCTCCAAGTATATCTCCTGAGGGTTTTCTGGTGCGGGCTTTAGGATCACCTGAAATTGAAAGTAGTGCTGTAGCCTATTTGGGTTCTCCCCATACCTTCCATCCTTGGGCCTCCTTGATGGCTCCACGTAGGCCACATTCCAAGGCTTTTTCCCAAGCACCTTTAAAAAGGTGGCTGGGTTCATCGTTCCTGCGCCCGTCTCTATATCGTAGGGTTGCCAGACGGCACAGCCCCTCTCTGCCCAAAACTTGTGCAAGGTCATTATAAGGTCCTGGAAGTACATGGAAAACTATTTTAAACCCTTTCTCACCCTTTGAAGTATGTTGTGAGCAAGCCTTGTAGGTTCTGGTATTCGGTAAATACAGGTCCTTAAAACAAGGTCCATGGCAGTTTTTAGGCTTATAAGATGGCCAACGGAAACATAAATAGGCTCTGCCCCATCCTTTGTTCTGAGGGCCGCACCCACTATATGGCCCCTGTAGGTCAAATAGGAGTAGCTTCCCCTCTTTTCTCCAAGGTTTTTGTAGTAGCCAAAGAGCCTTGTCTTTGCCACACCCACGCTTACGCTGTTTGTCTCCACGCCAAAATGGGAGGCTATGCCACAGCCCCTTGGATGGGCCACCCCCTGACCGTCTATAAAAAAGACATGAGGCCTTACCTCCGCCTCTTGGTAGAGCCTTAGCATAAGAGGGAGCTCTCTGAAGGCCAAAAAGGTGGGTATGTAGGGAAAGTCCACCACTCCCTCCACCACCTTATAATAGACAAGCCTTAGGTTCGAGAGCCTTACTACTGCAAGGCATGCCCAGGCGCGTGTGGGGTTCTCTTCTATCCTTTCAAAGGTGAGGTCAATGCCCCCTATTAGCTCCACCTTTTCAAACCTGTCCTCCTGTATCACCCTCTTTGCACAATCAAGCTGTAGGTTTTTTAGCCTTTCAAGGTCCATGGGTTTAATAAAATCTTAACAATAATCGTTTAAAATCAAAGCTATGAAGATAGCCTTTATATGCACAGGGAACTCCGCAAGGAGCCAGATGGCAGAAGCTTTTGCAAAGAAAATAGCAGAAAAGCTTGGTATAAACCTTCAGATATACTCTGCGGGTTCCAATCCTGCAAAAGAAATAAACCCCTTTGCCGTGGAAGTAATGAGAGAAAAAAACATAGACCTATCTTCTCAAAGACCAAAGGGCCTTGAGGAAATACCTTACAACGACCTTGATATAGTAATAACCCTATGCGATAGCGCAAGACAGAGCTGTCCTAATCTCCCAGCAAGAAAGCACATACACTGGGACCTTCCAGACCCAGCAAGCTTTGAAGGCCCACCAGAAGCAAAAAGAGAGTTTTTTAGAAAGGTTAGAGATAGTATTGAAGAAAGGATTTGGGACCTATTACAGAGTTTACACATAAAAAGTTAGTCCTATCTTTAAATTTTCATGAAGGAGTTTATCATAAAGTTTTTTACCCTTCTCGGTATAGCTCAAATGGGTAGCCCTATACAGGAGGGCCAGCCTGCCTATCTATTTAGCTTGCAAAATCATGAAGGGAAGGTAGTTAACCTTTCTGATTATAAGGGCAGGTGGGTAGTTATATACTTTTACCCAAAAGCGGATACGCCAGGATGTACCACACAAGCAAAAGAATATACAAAACTCATGCCAGAATTTGAAAAATTAAAGGTAAAGGTGTTTGGGATAAGCACGGATAATGTGGAAAGTCTAAGAAAGTTTAGAGAAAAACATAAATTATCCGTTGAACTCCTATCCGACCCTAAGGGCAATGTAGCAAAGGCTTATGGTGTAAATGTGATAGCAGGATTTTGTTCAAGGGATACAATCTTGATAAATCCAGAACTAAAGGTAGAAAAGATATACAGAGGAGTGGACCCTTCCGCAGACCCAAAGAGGGTTTTGGACTATATAAAAAGTAAAATATAAAAAGGTTTGTCTAATTTATTTTTAGCACAAGACCTACGTGTTATACTTAATAAGTTTACTATGGAATTACTTTGGGGATTTGTTGTGGGACTTATCTTTTCCACCGTGGGTGCTGCGGGTGGTATACTGGCTGGCGTGGGACATCTTTCCATCTTTGGAATAAGGGATGCAAACCTTGTAAAGTTCTACAATCAGTTCTTGGTAGCCCTATCTCCTCTAATATCTCTACCACTTTATCTAAAACAGAAAAGGGTGGTTTTTGGTTGGCTTTCTGGCTGGCAGTTGGTAGTGTATTGGGTGCAAGCGCTGGAGCCTTTTTATCCTACCAGTATTTAAAAGACATAAGGCAATACAAATACCTCTTTGGACTTTTAACTCTTTTCATAGGCATAAAGGTTTTGTATGAAGCCTTTGGCTCTAAAAAGCTGGTAAAAACCTACAAGGATCTATCAACAGGCTTGAAAGGGCTAAGGATTGAATTAAGGCAAGGCGAGGAAGTAAAAAGTATTAGCATCTTCAATCCCTTTTTTGTTGGTTTTGGCATTGCCATGCTTTCCTCTGCCATGGGTGTGGGGGGGTGGCTTTTTGATAGTTCCTTATATGCTGTTGGTAGTGAGGCTTTTGGCTTATTATGTACCTGGCACTGCAGTTTTGGTCGTTTTTATAACCACCTTGACAGGCATGCTAAATTACTACAAGCTTGGTGTGGATATCAACTGGAATTTTTTGCTTAAAGAAGCCTTGGGTGTGTGGATAGGTTCAGCCATTGGGCCATATCTATCTAAGATAATAGGAGAAAGAATACTACGCACGGCCATTGGCCTTTTACTTTTGGTATTAGGTATGGCCTACACCTTTGGCCTGCTTTAAAACTTTTAAACTCCTATCCTTTCCTTTAACCTTTCTATGTGGCTTAGCTTTTCCCAGGGTAGGTCTTCCTTTCCAAAATGCCCATAACAGGCCGTTTTTTTATAGATGGGCTTTCTAAGGTCCAGAAAGTCTATTATCTTCTTTGGTCCCGTTGGAAAAACATCCAAAAGGGCCTCTTTTATCTTTTCTTTGTCTACCT
CP076324.1_gap27	938624	939205	581	TCATACTTGATGCTCTAAAAAGGGCCTCCGCCGGTAGGATCACTGCAGTCATACCCTACTATGCCTACGCAAGGCAGGATAGGAAGGACAAGCCGAGGGTGCCCATAAGCGCAAGGCTTTTGGCAGACCTTATAACCGTTGCAGGAGCCCAAAGGCTTATAGTGGTGGACCTTCACTCCCCTCAAATCCAAGGCTTTTTTAATATACCCGTGGATAACCTCTATGCTCTAAATGTGCTTTATGAATATATAAAGGAAAGAATAGAGGGAGAGCTTGTGGTGGTCTCTCCAGATGCTGGCGGTGTTGAAAGGGCAAGGCTTTTGGCCAATAAATTGGGATGTAGTATTGCTATCATCTATAAGAGAAGACCAGAGCCTAATGTGGCTGAGGTTCTTGATCTAATAGGGGATGTAAAAGGTAAAAAGGCTATCATAGTTGATGATATTATAGATACGGCCGGTACAGTGGTTGCCGCCACCAACATGCTTCTTTCAAAAGGCGCCAAAAGCGTATATGTGTCCGCCACTCATGGCATATTCTCCGGTCCTGCCATAGACAGGTTAAGAGAATCGCCCGTAGAA
CP076324.1_gap28	1048186	1049621	1435	GAAGAAAGGGGTTTAAAAGTTTGGGACAGGGTTTTTGTGAGCAACAGGGCGCACCTTGTAATGCCCTATCATAAGGTGCTTGACTCTCTTTTTGAAAGAAAAGGCAAGATAGGCACCACCTTGAGGGGTATAGGTCCTTCCTACATGTTCAAGTATGGAAGGAAGGGTATAAGGGTCTGCGACCTTGAGGACAAGGACAGGACCTACAGGCTCATAAAAGACAATCTGGAGTTTGTGCAGGACCTTTGTGAGAAGGTCTACTGTGAGAACCACAAGCTTGACCTTGAGGAGATGTTTGAAAAAACTATGGAAAGCTACAATAAGATAAAAGATAGGGTGATAGATACTACGAGGTGGCTTCTTGATTTTAAGGGTAGGGTGCTTTTTGAGGGTGCGCAGGGAACCATGCTTGATGTGGATATGGGCACCTATCCTTATGTGACCTCTTCCAACGCCTCCGCCTTGGGCCTTTCCAGTGGAACGGGCCTTCCTCCAAAGTACTTTTCTGATGCCAACTTTTGGGCTGTATCAAAGGCATACACCACAAGGGTGGGTGAAGGGCCCTTTCCAACGGAGCTAAAGGATGAGATGGGAGAAAAACTGAGGGAGAGGGGTGGAGAGTATGGGGCCACTACGGGAAGGCCAAGGAGATGCGGATGGCTGGACCTTGTGGCTTTGAAGTATGCGGTGGAGGTAAACGGCCTTGACGGCCTAATAATTACCAAGCTGGATGTATTGGATGAGTTTGAGGAGATAAAGCTATGTGTGGCCTATGAGTATAAAGGGCAGACCATTGACCACTTTCCGGCAAGCCTGAGCCAGCTTGAAAGCATAAGGCCCATATACAAGAGTTTTAAGGGGTGGCAAAGGGATACAAAGGGAGCAAAAAGCCTCTCCCAGCTTCCAAAGGAAGCCCTTGACTATCTGGATTTTATCCAAAGCTACCTTGGCGTGCCTATTGTGATGCTCTCTACCGGTCCTGAGAGGGAAGAGTATTTTTGGCTACAAGAGCCAGCTTACCAAGAAAAAGTAAGATAGCCACCAAGGACTGCAAAAAGGCCATACTGTAGCCAGTGGGAAGGTCAAGCTTAAAGGATATGCCTATGGCCAAAAGGTTCAAAAGGGTGCCAAAGGCCCAAGCAAAGATTAGGCCTCTACCAAGTAGCAGAGAGGCTAAGGCTGGTGCCACCAGAAGGGAAAAGACTACCAAAACGCCCACAAGCTTTACCGAACTGGCAAGGGTAAGAGAAAAGAGGACAAAAAAGGAAAGCTCCTGAAAAAACTCTTTGAGACGCCTTCTAAAATAGAGAAGAAGGCCTATAACAAAGTAAATTATGGCTGTTTTGAAGACCTCCTCTCTTTGCACAAAGAGTATGTCGCTGGCCGTTATCTTCTTTAGTTCCTCCATACCAAAAGGTGAAAAGGAAAGGATAAG
CP076324.1_gap29	1185815	1190624	4809	TTACCGCTGTGCCCTTTGTTTACCTTTTCCTGTCTGGGCTCGGCATGTATTCTCCCAAGTTTGCCTGGCTTTTACCCTTCCTGGGGGGAAGGGAGTTCTCCGCATGGCTTCACAAATGGGCTGGTGTGGTCTTTTCCGTAGGTGTGCTTCTTATGTTCCTAAAATGGGCAAAGGACTTTATCCTTGACAGCGACGATATAAAGTGGCTTTCCAACGTAAAATACTACATAAAAGGTGAGGAAGAAAAACTTCCAGAGGTAGGTAAATACAACGCAGGGCAAAAAATCTTTGGCTGGATGGTCTTTATAGGTGGTGCAGTCTTTCTTATAACCGGCATAGTCATGTGGTTCCCTGAGAGTTTTTCCATAAACCTTGTAAGGCTTGCCATACTTTTGCATACTATTGCCTTTATAGTGGTGGGTGCTGGTTTTATAATCCATGTGTATATGGGAACGATTGGCGTGCCTGGCTCTCTGTCCAGCATGATAACGGGAAAAGTGTCAGCCCTATGGGCTGCCTCTCACCATCCCAAGTGGTTCAAAGAAATAATAAAGAGGTAGCTTAGATGAAGAGATTATGTATCTTGGGGCTTTTCCTTTGCCCCTTTTTATTTTCTACAGTACAGGCAAAGGAGATCCAAGCTGAAGCAGAGCTCATAAACCAAAAGGGAGAAAAGATAGGCAAGGCTGTCTTTGTGGAAACCAACGCCGGCGTTCTTATAATGCTTGAAGCCTCTGGACTACCACCCAAGTCTGAAATGGCTTTGCATATACACGAACTTGGAAAGTGCGACCCTCCAGATTTTATGTCCGCCAAGGGACACTTTAACCCCTTCAAGAAAAAACACGGCCTTTTAAACCCTGAAGGGTGGCATGCGGGCGATATGCCCAACATATTTACCGATGAGAAGGGTAATGTAAAGGTGCATGTGCTAAACACCTTTATAACTCTAAAGGGTGGAAAGGAGAACAGCCTTTTAAAGGAAGGCGGAACTTCCATAATGATACACCACCACAAGGATGACTACCTTACGGACCCTGCGGGGAATGCAGGTCCAAGGATAGCCTGCGGTGTTATAAGATATTAGGATGAGTACGAACATATTTAAGCAAAGGGAGAAGGAGTATGCCCTTGAGAGGCTAAGGGTCTTGAAAGGAAAGTATCCAGAGGCCTTAGAGGTCCTAAACTTTTATGAACATATCCTTAGGTATCAAAGGGAAGCCTATCAATCTATCAAGGATAAGGATTGGCGCAAGGGCATAAAGTGGTTTTATAGGTTGCTGGATATATGCATGGAAAATGGTAATGAGGAAATATCCAAAAGGGCGGAGGAGTTTAAAGGCATAGAAAGGGCGGTTCTTGAGAAGATGATAGGCGACTTTATAAAGGAAAAGAAGGCAAACCCCATAGATAGGTTTCTCTTCCTTTCCTTCTTAAACCCCTTTTATGAGCGCCTTGCGGAAGGTATGGACATTGATAAAGAAAACTGGCTAAAAACCAAGTGTCCTGTGTGTGGCTTTAAGCCTTCCGTGTCTTACATAGCGGACAGCCAAGAGGTGGAAGGTGGAAGATTTTTGCGTTGCGTGCTTTGTAATACAGACTGGCTCTACAACAGGAACAGGTGTGTAAACTGTGGCAATGAGGACGATAAGGAGATGGACTACTATTATCAAGAAGAGAATAGGGCTGTCCAGCTACAGGTTTGTCAAAAGTGCGGACATTACATAAAGCTTATAGATATGCGATTGGATGGCCTTGCGGTACCGCATGTAGAGGACGTGGCTACACTAATCCTTGACCTTTGGGCAAAGGAAAGGGGCTTTGTTAAGTTTGAAAACAATATATTTGGCTTATGATAGATAGAAGAACACTTATTGGCTTTTTGTGTTCTTTACCCTTGCTTGGTAGAGCGAAGAGCATGGATATAGTTATCTTAAACTGTATTATTAAAAGGGATAGGCTTTACAGGGTAGATGAGGAGAGGATGCTCTTCCAGTGGGTAAAGGAAGAAGGCTCTGGCATATACTCTGTAGGCTTTATGCAGGTGCTTTCTTCCTTGGTATATCCCCTCTATGCCATAAAGATAAAGCCGGTCAACACGGTGGTGGAGTACGATGGAAACCTTGCGGTGGTTGAGTCTGGAAAGAGGGTCTCCACCTTTCCAAGCCCCTTAAGCGGGAAGATAGTGGAGGCTAACAAGGCCCTTGAAAAGGATCCATCCCCCATAGTAAGTAAGCCTTATGATAGCTGGATTGTGAAGATAAGGGCAGACAGGCCAGAGGAGCTAAAGAGGCTTAAAAAAGCGGAAGATATAGCGGAAAAGGTAAAGACTATAATAATCCGTGAGAAGATTGAGTGCCTTCCAAAGGGTTAAGGGAGAGCTTGACGCGCTGGTGCGGTCCCGGGACTTCAAATCCCGTGAGGGGTCCTGCAAAGGGTCCCTGGAGGGTTCGATTCCCTTGCTCTCCCGTTGTATAATTAAAGCTATGAGGGTGTCCGAGTACGTAGAAAAGGGCCTTAAGAATATGGTGGAGGAGAAGCCTGAGGGCTATATGGAGCTTGGCAAATGCACCTCTGGGTGCCACTCTGTGGCCTTTTTTATTAAAGGGACTCCAGAGAAGGTGGAAGATATAAAGTTTAAGGCCACCAAAAGGTGTAAAAAGCTCCTTGCGGTGGCAGACTTTGTAGCGCAAAAAATCAAAGAAAGGGGAAAGGTAGAGCTAAAGGAGGAAGAAATCTTAAGCTACTTCTCCGATGAGAAGGAACAAGACAAGCTAAAAGATAGGCTAAACATAGTAAAGACAGCCCTCGGGCTTTAGAAGAAATTATAATTAACCTTATGGTAAAGGTAAGGTTGAACGGCAAAGAAATAAGTGTGGAGAAAGGTACGCCACTTGGAGAGGTTTTTAAGTCTCTTGGCATAGATGGAGCCATAGGCGCAAAGGCTGGCTCAAGGCTAATAGACCTTCTTACACCCATAAGGGAAGACATAGAGATCACACCCATCTACAAGGAAGACCCGGAGAGCCTTGAGATAATGAGGCACACCCTCTCCCACATAATGGCGCAGGCCCTAAAGGAGATATATGGCTACGATAAGGTCCATCTGGGTGTTGGTCCAACTACAGAAGAGGGCTTTTATTACGATGTGGAAGTAGAAGGGCATACCATAAGCTCTGAGGACCTACCAAAAATAGAAGAGAAGATGAGGGAGATAATAAGGAAAAACTACCCCATATTTAGAAAGGAGTTAGACAGGGAAGAGGCCATAAGGCTATTTTCCGAGCTAAAAGAAAAGTACAAACTGGACATAATAAACAGGATAGATGAAAAGGACATAATATCCGTCTATGGACAGGATGGCTTTACGGACCTTTGCAGAGGTCCTCATGTGCCTTCAACAGGTATGGTGGGAGAGTTTAAGCTTACCCATGTGGCTGGCGCCTACTGGATGGGAGATTCTTCCAAGCCCATGCTCCAGAGGATATACGGCATAGCCTTTTGGAGCAAGGAAGAGCTGGAAGAGAGGCTAAGGCTGTATGAAGAGGCAAAAAAGAGGGACCACAGAAGGCTTGGAAAGGAGCTTGAGCTTTTCCTAATAGAGGATGAGGTGGGTGCGGGCCTTGTGCTTTGGCTTCCAAAGGGAGCAATCCTGAGAAAGACACTTGAAGATTATTGGAAGGAAGAACACATAAAAAGAGGCTACCAGCTTGTCTATACTCCTCATGTGGGAAATGCCAAGCTTTGGCAAACAAGCGGGCATCTTGACTACTACAGGCCCAACATGTTCTCTCCCATGGAAATTGAAAATGAGGAATACTTTGTAAAGCCTATGAACTGTCCTTTCCACATAGCCATATATAAAAGCAAGGTAAGGAGCTACAAAGAGCTTCCCTTAAAGCTTGCAGAGCTTGGCACCGTTTATAGGTATGAGATGTCGGGTGTGCTTCATGGCCTTATGAGAGTCAGGGGCTTTACACAGGACGATGCCCATATTATATGCACGCCAGAGCAGGTGGAAGGCGTAATAGAGGAGACCTTACAGTTTGCCATAGATATGCTAAGGTCCTTTGGCTTTGAAGACTTTAAGGTTTACATATCCACCAAGCCGGAGGATGCCATAGGTTCGCAGGAGCAGTGGCAGTTGGCAGAGGGCGCCCTAAGGAAGGCTGTGGAAAAGGTGGGTCTTGAGTATGAGATAGATGAGGGTGGCGGAGCCTTCTATGGTCCCAAGATAGATGTAAAGATAAAAGATGCCATAGGGAGGCTTTGGCAGTGTTCCACCATACAGTTTGACTTTAACCTTCCAGAACGCTTTGACATGGAGTATGTGGGACCAGACAACAAAAGACACAGGCCCTATATGATACACAGAGCCATCTTTGGCTCCATTGAAAGGTTTGTGGGAGTCCTTTTAGAACATTATGCTGGGCTTTTGCCTTTGTGGCTCTCTCCAGTGCAGGTAAAGATAATTCCCATTTCACCAGAAAAGCATGGAGATTATGCAAGGGAGGTGGAAGGCAGGCTAAAAGAAAAAGGTATAAGGGTAGAGTTGGATATGAGGGATGAAAGGCTAAACGCACGTATAAGGGATGCGGAGCTTCAAAAGGTGCCCTATGTGGTGGTTTTGGGAGACAAAGAGGTGGAGAGCAAGAGCCTGTCGGTTAGGAGTAAAAAGGAAGGAAACCTTGGAACCATGTCCTTAGAAAACTTTGAACAAATGCTTTTGGACAAGATAAGGAGTAAACAGTGAAAAAGGTAGTGGTTTTGGGCGGTGGTATTGCTGGCGTTGAATGTGCCATCTTTTTA
CP076324.1_gap30	1384156	1386682	2526	CAGGCACCTGTTTATTTAAAGTAAGGTTTACGTACGATGGCATCTTTTATCAACCTTCCAAAATACCTTCAAGGTCCTTATAAAAGTTTGGATATGAGATGGCTACGCATTCAGGATTGTCTATGATAGTTTCCCCTTCCGCCAAAAGGCCGGCAATGGAAAAGGCCATGGCTATTCGGTGGTCCCCAAAGGTTTTTATAGAAGCACCCTTTAGGACTTCTACCCCTTCTATTTCAAAGCCATCTTCATACTCTTCCGCCTTTACCCCCATAGCCCTCAAGTTCTCCACCACAGCCCTAATTCGGTCGCTCTCTTTTACCCTTAGCTCCTGCGCACCCTTAACCCTTGAGACTCCTTCCGATAGGGCCATAACCACCGCCAAAATGGGAAGCTCGTCTATCATGGAAGGCACCTCTTCCGGAAGCACCTCCACGGCCTTTAGCTTTCCAGAATATCTCACATAAAGGTCTGCCACAGGCTCACCAGATATTTCTCTTAGGTTTTCATACCTTATGTCCGCACCCATATCCTTTAACTTTCTAAAAAAGCCATCCCTTGTGGGGTTTACAAGCACATCCTTAAGAAGCAATTCAGAGCCTTCAAGAAGAACGGCAAGGGCCACAAAAAAGCTGGCAGATGAGGGATCAGCAGGACAAAATACCTCTGTAGCCACAAGCCTTTGACCACCCTTTAGCTTTATCACATGCCCTTCCTTACCCTCCATCTGGATAAGCTCCACACCAAAGGCCTTTAACATCCTTTCTGTGTGGTCCCTTGAGAGGACAGGCTCCACCACCTCCGTGTAGCCCTCCGCCCTCAGCCCAGCCAAAAGTAAGGCAGACTTTACCTGTGCAGAGGACTTTTTATTAAAAAAGGAGATACCTTTTAGGCTTCCGCCTCTTACGCATACGGGAAGCTTGTTCCCCTTCTCCCTTCCGTCAAGGTAGGCACCCATCTGCCTTAGGGGCTCTACCACCCTAAGCATGGGCCTCTGCCTTAAGCTCTCGTCCCCCGTTATCACACTAAAAAAGGGCTGTGTGGAAAGGACTCCAAGCATAAGCCTTGCAGTAGTTCCAGAGTTTTTGGCATCAAGCACGTTTGAGGGTTCAACAAAGCTGTAATCCCTCCCCTTTATCCTTAGGTTTTTTCCATCCTTCTTTACCTCTACACCTAAGGCTATAAGCATGTTTAAGGTGGCCAAAGTGTCTTCGGAAGAAAGCCACTCTTTTACATAGCTTTCTCCCTCCGCCAAGGCTGAGAAGATAACCGCTCTGTGGGATATAGACTTGTCTGAGGGTACCCTTAGCTCTCCTTTTGCTCTTTTTGCTTTGCTTAGCTTTAGCATGAGATTATTTTATCAAAAGCATGTAAAGCCCTATAAGTGTCCCCCAGCCTATTACAAAGGCTTTTACCACCTTTGGCCTGAACCTTTGAGATATTCTTGCACCCATATAGCCTCCGAGGGCAAAGCCGGGCATCATGGCAAGGGCAAAGGGCCAGCTTACCTTACCGCTCAAAACAAAGATAAGGGCACCAATTAGGTTTATGGTAAAGCCCAAAAGGTTCTTTATGCCGTTGGCTGTATGTATGTTGTGAATGCCGGAGAGGGTAAGGCTTGCCAGCATCATAATGCCTATGCCAGCACCAAAGTAGCTACCATACACGCCGGTCAAAAACTGAAGGCCTGTAGGTATAAGAGGATGAAGCCTTCCATCTTCTATGGCAAACCTTGCCAAAAGGCCCTTTATAAACTCGCTAAGGGCCAGCATCAGCACGGCAAAAAAGATGAGAAAAGGCACTATATCCTTGAAGGTCTTAGAGGGTGTTTTTATCAAAAGCAAGGCACCCACAAGGGCACCAAGCACAGAAGAGAAGAATAGAGGAAGGAATGCACCCTTTGATTCTTTTAGCCTGTCTTTGAAGCCGAAGGCTCCTGTGAGGGACCCCACCCAAAGGGCCACCGTGTTGCTTATGTTTGCCACCACTGGGTCAAGGCCAAGCCAAACAAGGGGAGGAAAGGTTATAAGGGTTCCACCGCCAGCCACCGCATTTATGGCACCGGCGCACACAGAGGCAAAAAAGGCCAAAAGATAGGCTTCCATTAAATTATCTTTCCAAACTCCTCAAACTTAAACCTGTAGGCTCTTGGAAGTAGCTCCTTTGAAGGGTCCTTATAGCCTATGGCTATTATCATGGGGACCACCTTGTAATCTTCTATGTTCAAAAACTCCTTTAGCTTTTGCTCATCGTAGCCTTCCATAGGATGGGTTTCAAGGCCAAAGGCCCTTGCGGTGATCATTATGGTCATGCCAAAAAGGGCCGTATCCCTTACAGCCTTCCTAAAGGCCCTCTGTGGGTCCTGCCAGCCTGATAATATCTGTTCCTTTAGGGCCTCCTTTGCCTCTGGCTTTATATAGCCAAGCTCTTCCCAGCTTTGAAGAACCCTATCCACATGCTCAAATCCAGCCCTTGTATTGGCAATTAGCACTATGTTGGCGCTTGCATCCTCTACCTTTTGCTGGTTAT
CP076324.1_gap31	1414964	1417517	2553	TATTTTTGTAATGACCTTCTACTACATACCTACCTATGAGTATAAACTCCTGAGGCTCTATATAGCCTGGCACCTTTGCTACCACTTTGCCCTCTTTGTCAAAAAACATAAAGACGGGTGTTAATCTTACACCATGTTTTAGAGAGAATTGTCTTTCTGTTAATTTTTTACCATCAAAGTCAATTACTTCATTTGAACCTCTTATGTCTATTTCAATCATGTAGAAATGCTTTGTATAGTAATCTCTAACCATATTATTTTGAAAAGTAACTTTTCTCATCTTATCGCAAAAAGGGCATCCTTCCTGATGAAACATGATAAAAAGGAATTTATTATCTCTTTTTGCCTCTTCTAGATCTTCTTTAAGGTTTAAAAAGGACGGTTTAAGGAAAGGTATGGTCTCAGCAGAGAAAAGTAATGTAGGTATTATTAACATAAGTATGAAAAACTTCATACTATCATATTACCTCCTTGATTCTTTCCTCCTTTCCAAGTATGTCAATAATCCTAACACCAAACTTATCCTCTATTATAACTATCTCACCTTTGGCTATAAGCTTTCCATTTACCTTTATATCAACTGGGGCTTCCACGTTTTGTTCCAGTTCCACCACTGATCCAGTATCAAGGTGGAGCAATTCTCCAAGCGTAATAACAGTTGAACCTACTACCACTTCCACATGTAGGGGTATATCCAAGAACCTTTTCAGCTTGTCTGATATTTCTGCTTCAACATCTTCCTCCTGTTTAACCTCCTGTTTTTGTTGTTCTTGTTTAGATGCTTCTTCTTGTTCCTTTAGGGCAGATGCCCACATATCCATAATATTTTCTTGCTTTTCTTCTTCCATCTCAATCCTCCTTTTGTATATGTTTATATATTTTTATTGCCTTCTTCCTTCCCAATTGGCCAAGAAAGGCCAAAAATTTAGAAAGTCCTTCCACTTTTACTTCTAAAGGCTCTTTTACTGATTTATCAAGTATTATCACATCTCCTTGTTTTAGTTCAAGCAACCTTTTAAAGCTTATCTGTGATCCTCCAAGTAATACTTCAAGTTTTAAAGGGATTTTTTGAAAAGCTTTTATAGGATCCTTTTGAGCACTCTTGGATTTTATTTCTGTAGTTCCCTTTAGCATATCCTTATATGGTGCTATAGATGCCTCTGGTATGGCTAAGTATATGTATCCTTCACTACCTTCTATGATAACTGTAAGCTTGAGCAATATAAACTTTTCTTTTGCACGAGACACAGTTAACAGTGTTGGATTTGTTTCAATATTTATTGGTACTATCCTTACCTTCATAACAGTACTCCAAGCTAACTCTAGCTCCTGATAGCACAAATTTAACAGTCTTTGGATAAACCTCATTTCAATTCTTGTAAACTCCTTACCTTCTATCTTGTACTGCTTTGCACTACCGCCAAAAACACTGCTAATAACTATGTATATGAGCCTTGGATCAATGGCTATAAGACATTGTCCCCTTAAAGGTTCAATGTTAAAAATTCCTACAGCACACGGTAGAGGGAGCTTTGCTACAAAGTCTCCAAACCTTACAATATTAACGCTTTCTTTAAATATATCTGGTATGGTAACTATAAGGGATGTAAGCCCTTTTCTTAGTCCATTTATCCATCTTTCAAAAATGAGCTCAAGGCCAGCTATCCTACCAGCGGATATATGTTCAAAAAGGGTAAGGTCCAAGGGCTTTATCTTTTCCTCTTCTATAACAGCTTCCTTTTTTTCTTCTTTTCCAAGAGTTTGGAGAAGAAGGTTTATTTCCTCTTGACTGAGAAGTTCATCCGCCATTTTTAACCCTTACTCTTTAACCATTTTTTCAATATTTTTGCAACCTTGTCTGGTTCTTCTTTTGCAGCTTTAACTATGGTTTCCACAGCTTCAACTTTTTCCGCCTTTACTCTTATCTCCTCAGCACCTTCTATAATTTCAAGGCCAGCTATTCCTGTAGGGGCTGGTATGGGGGCTGTTTCTTTCTTTTTTGTAAGCCTTTTCAGCAACATCAACATAGCTATACTAAATACAATAACAAGAAAGGCGAGCAAAGCTAGTTTTATGTATTTTTCATAATCAGGTGCGGGCTTTTCAGGCACAGGCCTTTGGAAGGGTATGGCTTCAACTGTAATGGTATCGCCCCTTTGTTGATTTATGCCTGCAGAAGCTACAACTATCCTTTTTATCTTTTCCATATCAAGGTTCTTTATGTTGGCATCAACTAACACGCCTATGCTCAACCGCTTAACCTTTATAAGCGGATCAATGGTATAAACTTCCTTTTTGCTCACCTCATAGTTTGTTATAGTCTCGCTTTTTTCTGTGATAACCTGCCCTCCGCCAGCCACAGCACCCGCTCCTGGTGGTATGTTGGCCTGAGCACCAGGCACACCACCCATACCACCACCCATAGTTCTTTCCTTCTTCTTCTGCTGGCTTACTATTGCTGTCATATCTGGGTCATACACTTCTTCCTTTTGTTCCCTTTTTGTAAAGTCAAGGTCTGCAGAGACCTTAACCCTCACAGAGCCAGGCCCAAGC
CP076324.1_gap32	1427617	1432530	4913	AAGGATGGAAAGGAAAAGAAGAGGATATATGGCAAGACCACCTTTTTGCAAAAGGTTTATAAGTCCCTCCATCTTACTTCACCTCACACTTTGGTAAGCCTTTTTTAAGCTTATTATACATGCTTGTCTCCTCTGGGCTTGCTGTGCTTGAATCAAACCTTTCCAACATACAGCTTGCATCTCTTTTTGCACCAAGCTTTAAAAGTATCTTTGCCCCTTCCAAAACTGCAGAGTTATAATAAGGCTCTCCCTTATAGTTCAAGCTAATATCTACAAAGTATTCCAAAGCTTTTTTTCTTTCCCCTCTTTTTGACAGGTCCATACCATAAAGGTATAAAGCCTGCCCTCTTAAGCTCTTTTCTGGGCTTTTTGATACATAGTCAAGTAGGGATAAGTCCCCCGTTTGTTTGTATAGGTCCAGGAGATACCTCTCAAACTCTTGATCCCTATAGCCAGACTTTATAAGCTCTTGTGCCAAGCTATGGGCTGAAGAGATGTCCCTTATGCTAAGGTATAAACCTATTGCCTTAACCTTGTCTGGCTTATCTCCTTCTGCCAGCATATCCGCAAGGCTCTTTGCTTCTCCAAAAGAAGAATATATCTTTATGATCTCATCCCTTGCTCTCTTTCTTTCTTCTTCCACGGGTGATTCTTTATAGACCTTGTAAAGTAGCACAAGCCTTTTGGAAGGGTCTTCTTCCAAGTCTGCCAGCTTTAGTATAGCCTTGAATTTTATGGGTGTGTCAAGGAGTGTAAGGAGTAGCCTTTCCGCTTCCGCCTTGTTGCCCTTTCTTGCCATAAGGCTTGCATACTGGTAGATGATCTCAGGTGGTGGATTCTTCTCCTTTTTCATATACTCTTCTAAGACCTTTTCCAGTTCCTCATCCCCTATGTTCTTTCCAGCAAAATCAAGCAGGGCGAGGGTTGCAGACTTGGCCTCCTCACTGTCTGGAAAGCTCCTTAGAACCTCAAGATATTTCTCTTTTGCCTTCTCCACATTCCCCATGTTATAGTAGCTCTCCCCCATCTTAAGAAGGGCTCTGGCCCTGTTTGGACTATCCTTTGGTACCTTCTCAAAGAATTCAACGGCCTTTTGATAGTTGCCTTCCAAAAAGTAAGAAAGCCCCAAGAGGTAAAACTCCTCTTCAGATTTGCCGGTCAAAAAGCTTCTGGCCAGCTTTGTATCGCCAAGCATTAGTGCAGACCTTGCCTTCAAAAGCCTTGCCCTTTCGTCCATCCTTCCTTGAAGGAGGTCTATAACCTCCTTATACTTCTTTAGGTTATAAAGGGCCAAGGCCTTATAATACGGGTCTTCAAAAAAGCCAAGGGCTCCAAGCCAATCGCCCCTTCTAAAGTTTTCCCATCCTTGGTATTCCTTGTATAGGTCTGGATAGAGCTTTGCCACCTCCGAAAGGGTGCCAGACATATCCTCACCGGACCAATAGAGAGCCTCCAGAAGCCAAAGGTAGTCCTCTCTGTCTTTTTTCTTGTTTTTCAAAAGCTCAATGGCCTTTTTGTAGTCTCCCATCTTTATGGCAGAATAGACCGCATACCTTGTGTTGCCAGCTTCCAAAAAGTTCCTTAAAGCTAGGGCATAGTCGCCAGAGTTATAGGCTATAATACCAGCCTTTTCCAGAAATCTCACATCCTTTGTAAGAGTGTAAGTTAGCCTTGAAAGATAAACATCCTTCTCGGATATTAGCGCATAGAGTTCCTTTGCAAGATATGGATTTATGCTTTCCAAAATGCTTGCATGCCTCAAGGCCTGTTCCCCTTTCCCTTCCTTATAATCCATTAGTGCAAGGTAGTAAAGGGCCACATCCCTGTAGAGCCTTCCTGGACCTGAGTATTCTTCAAATAGGGCCTTGGCACTTTTTAGGTCCCCCTCAAAGTAGGCAAGAATACCAAACCTTAGCCTTGTGCTATCCCTATAAAGTAAGTTCTCCTTTCCCTTTACAAAATCGGATACATACTGGCAGTATTGTACAAAGACCACACCATCACAGGAAAGGTTGGCTGGTCTTCCCTCCTTTATAGCCTTTACCGCCTTCCAGAGGTTGTTTTGGTTTTCTGGCACAGAACCCTTAAGGGTAAGGCTCAAGGCATAGTAGGCCTCACAGGCTGGACCCTGGTACATATGGGTAAAGTTGCAAGAGTTTTTAAAAAGCTCTAATGCCCTTTGCTTTTGATCCTTTGAATAGGCTATTATGCCAAGCACATACTCGGCCATAGGCCCAAAGGCCGAATTGGGCACCAAAAGCACCTTTCCAAGCTCTTCTTCCGCAAGGTCATACCTGCCTTTCAGATAATAATCCACTCCAAGCCTGTAGGATAGGGCATCCTTTGGCTCTCCACAGCTTATGCCACTCCTCTCTATAGGCTTTATCTGGGCAAACTCCATGATCTTTGGTGCCTCAAGAACCATGTAGGATAAATCAAGCTCCTTTGTCTGTGGCATGGGAAGGTAGTTTGGCGGGCTAAGCTTGGGCTTTTCTTCATACAGCTTGCCTGTTAGCTCTACCTTTACATCAAACTCCTTTGTTATCTGCTGTGCTAAGGCAAAGGCCAAAAGCAAAAGAAGGCTAAAGAGCCTTATGGGCTTCCACATACAAATCCCCCAAATGGCAAGTTATGTTAAGAGCCATTATAACATTCCTGTCCTTTTCCATATGGACAACAGAATAGCTGGCATTATCACAGCCAAAGGACCAAAACCTTGAAAGGTCCACTTTCAAAAGGGCGCAATACATAGCCCTCATAGGCACAGTGTGAGAAACCACTGCCACACTTTGACCCCAATGCTTTTCCTTTAACTCTTCCAAAAAGCTCTTTACCCTTTCATACACTTGTAAAAGGCTCTCACCGCCTTCAAAGCTTACCTTATGTGGCTCTTCAAGCCACTGCCTGAACTGTTCTGGAAACCTTCTTTGCACCTCTTCCACCAGCAAGCCGGACCATACACCGTGGTCAATCTCTATAACCCTCCTTTCTGGAATAACATCCTTACCCTTCCTCTTGGCTATCTCAAGGGCCGTTTGCATGGTCCTTTTGAGTGGAGAGGAGTATATGGCATGAAGCTCAATATCTTTGAATCGTTCCCCAAGCCTTTTGGCTTGTTCTCTTCCTCTTTCTGATAGCTCTGGGTCCAAAAGGCCCTGATACCTTCCTATGGGGTTCCACTCGCTTTCTGCATGCCTTATAAGATAAAGCTTTACCATATTCCCTCTTCCATTAAAGTTTGGCTATAAGCCCTTACACCTTCTCCTACGCTTATATCAAAGCCAAGCCTTTTTAAGACAACCTCCAAAAGCCCAACCACCATAAGCCCATCCTTGGGGTCCACGCCCATATGGGATATGCGAAAGATCTTACCCTTTAGCTCATCCTGACCACCAGCCACCCTCACACCAAGCTTTAAAAGCTCCTTCCTTATGTCCTCCGACCTCTCGGACTTTATGGCGCTAACCGACAGAGCTGGATTTTGAGCAAATCTTTGTAGATTGAGGACTTCTATGGCTCTTAGAGTCCCTTGCGATAAGGCTCTATGCCTCTTTTCTATCCTTTCCATACCCTCTTCCAAAAGAAGCTCTAAGGACTCTTTCATGGCAAGGATAAGGCTTATGGCAGGCGTCCAAGCCGTTTGACCCTCCTTTTGCTTTGGAAGCTCCCTTTTTATGCTAAAGTAAAAGGCCCTATCCACAAGGCTTTTTTCCGCCCTCTCTGAAAACCAAAGGACCGAAAGGCCCGGTGGGAGCAAAAAGCCCTTCTGGGACCCGCCCACTATCACATCAAGGTTCCAATAAGATGGCTTTATGTTGTAAACTCCCAAAGCAGTTATGGCATCTGCCACAGAAAGCACATCAAACTCCTTGCATACCTCCCCTATCTCCTTAGCAGGATGGTAGGCACCGGTAGAAGTTTCTGAGATCTGGAATAGCACCGCTTTACAGTCCGGGTTTTCCTTCAAGAGTCTTCTTACCTCCTCTGGGTCCGCAGACCTCCCCCATTCTACCTTATACTCTATGGGCACAAGGCCCCAATGATTAGAGAGCTTTAGCCACCTTTCGCCAAACTTTCCACCATTTATTACCAAGACCTTATCGCCTTCTTTGAAGAAATTCAATATGGTGGCCTCCATGGCACCGGTGCCGGAAGAAGCAAAAAAGACAAAGTTGTCCGAAGGGTTATCCAGGAGCTTTTTGAAAAGCTCCCTTACCTCAAAAAATGCCCTTCTGAACTCTTCCGTGCGATGATGGATTATCTGCCTTCCAAGGACCTCTCTTACCCTTTCTGGGATCTCTACCGGACCGGGTGTAAATATCCTCTCTTGGCGCATGGTAGAATATTTTACTCCGAATGCTTGGTCTATGGCTTGCCATCTTATCCGCCTTCTTTTGGGGAACAAACGACTACCTAAACAAAAGGCTTTTATTAAAGGGACTTGATGAAAACTTTGTTCTCTGGGTGAGGTTTCCCATAGCTTCTTTACTTTTAACACCCTTTGGTTTCTATTATTGGGACATGAGCCTCAAGCTTTTTCTTTATAGCCTTATCTGGCTTCCCTTAGAGGTTTTGGGTGGTGTGCTTTTTATGAAGGGCATAAAGTATGCACCCTTATCCACCGCCATGTCTTTTTATTCCTTTATGCCCGTCTTTTCTGTCCTTTTTGGTTGGCTATTACTTTCCGAAAAACCTTCTCCCTTAGGCCTTCTTGGTATAGGACTCATAATTCTTGCAAGCCTTATAATGGTAGGCTTTTCACCAAGGGACTTTTTAAAGAAGAACAGGGGAGTTATTTACATGCTTATTTCAACAGCCCTTTTTGGCTTTAATGTGGTGCTTGGCAAGGCTTCTGTTATAGAAAGCAATGGGCTGTTTTTTAGCTGGTATTATTGTGTTTTAATGGGCTTGGG
CP076324.1_gap33	1438373	1441399	3026	GTCTTCTGAGGTGTGGAATAGAATAAGATAATTTCCTTCCTTCTTTAGCGCCCTTGCCACCATCAGGGCAGGCGCAATGCCCCAGGAGTGTGTGTAAAAGGCTACCCTGCCATAGGACCTTACCGGAAATGGCCTTCCAAGAGGACCAGCCACGTAGCTTAACTCCTGTGCCTCTTCTATGAGTTCAAGGGTGCTTCTTCCCACCGCCTTTACAAGGCATGTAAAACCCTCTTCATAGGTGGAGAGTATGGCAAGGGGTATAAGCTCGGATAGCTCTGTGTGCTGAACCATAACAAACTGCCCTGGCTCCGCACTGGCTATGTGTGGCGCCTTTATCTTCAAAAGACATGCCTCTTCCGATAGCCTCACCTTTTCAAGGATAGGATGCATGCATAAAATTATCTCATAAAAACACACGTAGAGTGAGAAATCAATTAAGGCTATTATTTTTCTGCTAAAAATAAATTAGACAAACAATGTATGGACGCTACAATGCGTGCCTCAAAAAATCTAAAATGTGGTAAGAGCTTTAATAAGCTTATAATTTTAGTCAATGAGGTTAAAGGTGCTTTTAAAGGCTCACAAGATACCCATATTCTACAGAAATATCATCATGAGCCTTATAAAAGAGGCACTTTCCACATACGACGAGAAATATCTTAACCAGCTCTATTATGATGAAAAGACCAAAAAGCCCAAGCCTTTCACCTTTAGCCTTGTATTCCCAAAGGGAACAAAGACTAAAAAGGAAAAAATACTTATTGAAAACCAAGAGATAGAAGATATAGTCTTTTACCCACCGCACGACAAGTACATAAACCTTTTTATAAGCTCTTACGATTTTGAGTTTATTTTAAACCTTTACAATGGTCTTTTAAAACTTCGCAGGTTTTCTCTTAGTAATGGAGGACATATAGAGATTGAAAGGATATGGACGCCTAAGGAGAAGGATATAAAAGACAATAAGATAATCTTTAAAACTCTATCACCCATACTCATAGAAGACAAAGATGGAAAGCCCCTTTTACCCACAGATTTGGAGGCATACAACCGAGAGTTTAACATAATCCATGATAAGAAACTAAAGGAATTAAGGTCCCAAGGCCTAAAAGACAGCCTTCTTTTTGAACCTATAAAGTGGAAAAAGCAGGTGGTAAAACACACCTTGAGGAAGATAAGGGAAAAGGTAGGAAAGCCTTACATCACACTTACATGTTTTGAGGGATATTTTACCTTGCAAGGACACCCAGAGGACCTTAAAATACTTTACCAAGCAGGTATGGGCTTAAGGACAGGACAGGGCTTTGGAATGGTGGAGGTGGTGTAGGTGAGGAGGGGTAAAAGTAAGCAAAATATACCAGGGCAGGGTTCTTTATTTGATTCATCTAACAAGAAGTTAGATAGTTCTTCCACAAATCAAACATTATGTGAAAGCAACACTCAGAGAAATGAGATAGTCTTATATCCATCCAATTGGCTTTATAATGCGTCGGTGATTGGGTTCTTGAAGGTGGTAGCTAAAGGGGAGGGTGAATATTACGTAGAAAAAGAAATACTTCAAGATGATAGGAGTGTAAAACTTTACTTAGAGATATTCAAAAATACAGAAAACATAGGAAATAAATCCATTCCTAAAAGTATTAAATATCTTGCAGAGTTCTTAATCGAGGATGAGATTGAAAGGATAAAAAAAGAAGTTGAAAAGATAAAAAAACTTAAAGAAAAAAGGCAAGAGCAAAGGCAAGAGCAAACTGACGAAAATAAAAAGAAAAAAGGAAAGAAAAAGGAAGTTAATGAAAAGACAGCATTTGAAAAATTCTTGGAAAATTTGGGTCTGGATAGCAATAAAATAATCAATAATCCAGAAAATTTAAGTGATGAAGAAAAACTTGCATGTAAATTTTATTTTACTGGAAACATACTTTTTTCTAGTGATATGCCATATCAAAATTTAGTTCAACTGAATGAGTGGAGAAATTTAGAATTTTCAGAATTAATATCTAGTATGTTTATTAGAAATACTACAAACTTAAAATGTGGATTATGTGGTGAGAACATACAAGAGATAAACACTAATAGTAAGCTTGAATTAAGGTTAACAACATTTCAACATCCACATTTCCCTAGCTTAGGACCATCAATAAACAAGTTTCCCAACGCTTTATGGAATTTAAATAATTCATTAAAAATTTGCTTTCTTTGTTCATACCTTTTAATTCATAACCATTTAGCGTTCATATCTTCTGAAGGAAACAGTCAAATCTTCATAAATGCTCCATCTTTCAAGCTTATGTGGTATCTTAACAGATTTGCGGAAAGAGTAATAAGCGAAGGAGGAAAAGATTTGGGAAAAATATTGGGGATAAGCCTTATAGATTTATCGCAAAGGGTAAGGGCTACTATAGGAGCATGGAGCTTAATGAATATAGAAATGGTAATTAGGAAAAAAGGTAAAGATAAAGATACAATTGATTACTATTCTTTGCCTTACGAAATAGCTTCTATCCTTTTAGATAAAGAGATTGCTAGCATGATCAAGCAAACAGATGAGCCTAAGGTTTTGGAAAAAATACTGGAAGGCAATTTTGATTATTTATTAGATCTTAATTACAGAATTATGAGGTGTTTAAACAACTGGAAAGAAAAGTGTGATGATGCTTATATTTCGGAGTCGGAGCTTAAGAATAGAGGGGATAAAGAAAAGCTTGAATACTTGACAACACTACTTCCATTATTATATGTTAAAATATCACAAAGGAGTATTGCGGAGGGGCGTGTGTTATGAGTGCATATAAAGAAATCTACAATAGGCTTGACGAGATATACAAAAGAATAAATCCTGAGGACGACTCCTGGATAGAAGATGTGGATAAAATTATAAGGCTTTTTTCCGAGTTTGAAAAATTAAAAGATTTCATTACTGCCATTGAGGCTGTGAAAACTGAGTTTGAGAGAAGGGGAACAAGGAATGATGATAGAATCAAAAGAATCAATGCTATTTTATTCAAATTGAAGAAAATTTATCC
CP076324.1_gap34	1443858	1447898	4040	TTTTAAGATTGGTGTATATTATGAAAAGATAGAAGGAGAGCGCATTTTCAACGAATATGTAATAGCAAAGCTTTATGAAGGGCAAAGTTTTAGACCTTTTGAGTTTTATTTAGATAAAGATGAGGACTTTCCTTTATTCTTTTACAAATTGCCTGGAGGTGCAGAAAATGGGAAAGATTTGGGCAAAGAGTGATGGAATTAGTCTAAGTGAACACACAAAGGAGCTTTTAAAACAAATGGACAGTTTGTTTAATGTGATGGGCAATAGAATCGAGCCTTATATATGGAAGCTACTAAAACTTTCAATTTTTGCTCATGACCTTGGAAAGGTTTCCCCATCTTTTCAAATAGGGATAGGTAATTGGCAATATGAACCTAAAAAACCTTTTCCTGATATACCGCATAGTATCTTTTCCTTGCTTTGGATTAATGAGGAAAAAATTTGTAGTTTTTTAAAAAATGTGCCAGATGATGAAGATAAGTATAAAAGATTAGTTCTATCAGCTGTGGCTTTTCACCATTGGAGGGATAGCTTTGATAGTATTGTTCTAGGAAAGGATAGGAATTTTATTGAAGCGGTTAAGAAGGTTTTGGAAGACGAAGAATTTAGAAATGAACTCCTTAGAAATCTAAAAGAGGAATTTGATCAATCAAATGAATACAAAGAATTCTTGGAATTATTGGGGTTTAATGAAGATTTGGCATACAACGTAGGCGAATACAAGGACCTTTTTGCTTTTATTACACCACCTTATGGTAATATACATCTTCCACAGCGTTTAGGGCTGGAAGAATCTTTTAAAAAGGATTGGGCAATCGTAGCTGGTCTTTTAATAAGGATAGACCATTTTGCATCTTTTGTTCAGAAGGAAAAGATAAATGTAGATATAGAAAAACAGCCACCATGTTATAGTAAAATAGAAAAAGAACTTGAAAAGAAATTTGGAAATAGCTTCTGGCAGAGAGATGATTTGAAAGAACGTAAAGATAAAAATATTATTCTTGTAGCTCCTACCGGTTCTGGTAAAACAGAATTTGCTTTCCTTTGGGGAGCGGGAGAAAAGCTATTTTTCACATTGCCTTTAAGAAGTGCTGTAAATTCTATCTATAAAAGGGCAAAGGAGCTCTTTGGTGAAGACAAAGTGGTACTTTTACATTCAGATGCGGATGTTTATCTTTACGAGGATTCTACAAGTTATGAAGGTGAGAGGTTAAGAGTGCTTGATATGGCTCGTCATTTGGCCTTTCCTGTCTTGGTATCAACAGGAGACCAGATTTTTCCATCCGCTTTAAAATATCCGGGTTATGAAAAGTTCTATGCTACCTTATCCTATTCCAGATTGGTTATAGATGAAGTTCAAGCTTACGATACAAGAGCTGTAGCGATTATTGTTAAGCTTATAGAAGATATTGTAAAGCTCGGTGGGAAGTTTTTACTTATGACTGCTACACTACCAAGCTTCGTAAGAGAGGAGTTAGGAGAAAGGATTGGAGAAGAGAATTTTGAGGAGATTGATAAATATGAAGAATATAAAAATATGCAAAAGCATATAATTCAATTAGTTAAAGGTGATCTAGAAAAAGATGAATTCATAAAAGAAATTATTAACAAAGCAAATAATGAAGGAAAGCGAGTACTAGTTATACTCAATACTGTGGAAAAGGCTCAAAAGGTGTATGAGAAAATTATGGAGAAGGCTGAAGGTAAAAATATAAAGATTTGTCTTCTGCATTCCAGGTTCACGTTAAAGGATAGAAAATTAAGAGAAAGAAAAATTCTACGTGAATTTAAAAATCCTAAATCAGAGAATGAAAGGGAAGGTAAAATACTTGTTGCTACTCAGGTTGTGGAAGCTTCTCTAGATATTGATGCGGATATTTTATATACGGAATTAGCTCCCATTGATGTTCTTGTACAAAGAATGGGTAGGGTTTTAAGAAGGAGGAAATTAGAACGTGATGAAACAAATGTAATCATAGTATATGGTGAGGATGAAGAAAGAATCTCTTCCGGGGCTGGTAGAGTTTATAGTGAAGATCTGTTGATTTTATCTCTTGTATTGTTATGTAAAATAAAAATTGACGATAAGCTAAAGAAATATATTACAAACAAACAGTATAAAAAGGCTTATTCCGAGATTTTAAAATCAATTGGAAACGGAACTTTATCTTTTAAATTATCAGAAGGGGATAAGATAGATCTTGTTGAAGAGCTTTATAGAAATTTAAAAGATATCTCTTCTGAATATATTAGAAAGTTTTACGAAACTTTAAAAATACTTGATGCAGGGTTTCAATCAAACTACAAGGAAGAAGCCTTGAAAATATTTAGGGAGATATACGATGTGCCTGTTATTCCAGAAAATAGGATTAGTGATTTAGAAAATGAATTAAAGAGATTGGAAGGGAAGCTTGCAAAAAATGGATATATAGACTATACATTCTTTAAGAAGAATATTTTAGCAAAATTCATTGTGCATTTGGATTATAGGTATTTGCTTAAGAAGGGTGAGGACTTGATTAATGCTTCTTATATAGCAAGTTGTTTGGAAGATAGGAATATAAGGAAGAAGATTGTAAACTGGCTTGAGGATATTTACATAGTTAGGTCTTATGCTTATGATAAACAGTTAGGTTTAAAAGGGATATCAGGAGAAAATTACGAAGCTAAAGATAATATAATTTAGGTATGGACTTTGACTTTGAGGCTTTAAAGACTAATGGAATAAAGATAAACTATCTTTATGTTTGTGAGAGGAAGCTTTGGCTTTTTGATAGGGGAATTCAGATGGAACGCAGTTCTGATAAGGTACTCCTTGGTAAGCTGTTGGGGGAATACTCTTATCCAAAAGAGGAAACAAAAGAGGTTTTGATAGACAATCTTATAAAGATTGATATAGTAGCGCAAGAAGAAATAAGAGAAGTTAAATATTCCAATAAGCTGGCTTATGCTCACAGGATGCAACTTCTATATTACCTTTATTATCTTAAAAGGCTTGGTGTAGAAAAGAAAGGTGTTATAAACTATCCTAAGATGAGAAAAAGGGAGGAGGTTGAACTTACACCGGAAGCTGAAAAGGAGGTTGAGGAAGCATTGGTAAGGGTTAGAGAGGTTTTAAGTATGGAAAAGCCTCCGAAGGTGGTGAAAAAACCATACTGTACTAAGTGTGCTTATTATGAATTCTGCTTTGGGTAATTGATCATGGGTAGGGCATATTACTTGTTTACAAACGGCAGAATTCGGCGCAAGGAAAACACCATATACATAGAAACGGATAATGGGGAAAAGAAGGCTATTCCAATAGAAGATGTAGAGGTTATACATATTTTTGGTGAAGTAGAGTTAAACACAAAACTTTTAAACTTTTTATCTCAACAAAATAAAATTGTGCACGTTTATAACTATTACGGATTTTATTCTGGAAGCTTTGTGCCAAGGGATATAAACGTTTCAGGTCATCTGGCGATAAAACAAGTTGAACACTACCTTGATCCTGAAGAAAGGTTATATCTTGCCTACTGTTTTGTAGAAGGTGCTTTATTTCATATGCTTTGGAACTTAAAAGAATATGAAGGGACTTTTGAGTTTAGAGAGAAAATAAAAAAAGAGTTTGAAAAGGCTAAAGAGGCAAGGAGTATAAGCGAGCTCATGGGTTGTGAGGGTAGAGCAAGGGAGGCTTATTACCAAGCTTTCAATGTAATTCTAAAAGAAGGATTTTATATTGATAAAAGGGAGAAAAGGCCACCGACTAATCCTGTGAATGCTCTTATATCCTTTGCCAATTCTTTGGTTTATTCTACTGTGTTATCTGAGTTGTATCATACACAACTTAATCCTACTATAAGTTATCTGCATGAACCAAGGGAGCGTAGGTTTTCTCTTTCCTTGGACTTGGCGGAGATATTTAAACCTATATTAGCGGATAAGCTTATATTTAAACTTGTTAATAATGGTATTATTAAACCTGAGGACTTTGATGAAGATTTGAACTATTGCTATTTGAAAGATAATGGTAAAAAGAAGTTTGTAAAGGCTTTTG
CP076324.1_gap35	1612147	1614761	2614	TCCATCATAAGCTTTTCTGATACACCAAACTCTAAGCCTCTGAAGGCTGGCACAAGCTCGCCAAGGGTCAAATAGACTACCTTGTCTATCTCCTCCACATCCGCCTTTTCCAAAAGGTCCCTCAGTATGTCTGCCATCTCAAGCCTGCTTGTGGTCTGCTCTATCCTTTGGAAGAACTCTGAAAGCTCTCTGAAGGTCATAAGAAAGATTTTAAGTGAGTTTTAAAAAACCTTCCAGATTTTTTACAAACTGGCTGGCGCTCCTTCCAGAAAAGCCGTTGCTCATGGACCACTGGAGGGCAAGCCTTTCAAGCTCCTCTTCTTCTATATTTAGGCCCCTTTGGGCCACTATGTGCCTCACTATGGAAAGGTACTCCTCTTTTCCAAAGGCGAAAAAGCCAAGCCTTATGCCAAAGCGTTCCACAAGGGAGACCCTCTCCCAATAGCTTTCTTCTGGGAACTTTTCTTCCCCGTTCCTTTCTGGCATAAGGTGCCTCCTGTTTGAGGTGGCGTATATGACCACATTGGCAGGCCTCTCCTCAATGTCTCCATCCATCAAAGACTTCAAGACCCTTATGCTCTCATCCCCCGGTTCAAAGGAAAGGTCGTCAAAGAAGAGGATAAACTTTTCTTCCCTTTCTCTGAAGAGATCATAGAGGTCTGAAAGATGCCAGAGGTCCATCTTGTATATTTGCACAATTCTTAGGCCTTCCTTGGCAAAAAGTCCAAGCATGGACTTGACTAAGGAGGACTTCCCCGTGCCTCTGTCTCCCCAAAGCAGAGCGTCGTTGGCAGGCAAGCCCTTTACAAGTTGCAGTGTGTTCCTTCTTAGAATCTCTTTTTGGTGGTCTATGTGCAAAAGGCTTTCAAAGTCTGGTATGTGGGGATGCTTTATGGGCTGTAGCTGACCATCTTTAAAGCGGAAGGCTATGTACTCTTCAAAGACAGAATTCATCCCCATCTTAGCTTCTCCCTTAGTATTCCAAAAAAGCTCCTCTTTGGGTTTGGATACATAAGGCAGTAATGCTTTGACCTCCTTACTATTATAATGTCTTCTTTGTTTAAGCTTCTGCCCTCTTGGCCGTCAAGGGTTAGGTAGGCCATGCCATCCTGGGAGAGGTTTTTTAGCCTTATCTCAAAGTCTGGTGGGAGGACAAGGGGCCTGTTGGAGAGGGTATGAGGGCATATGGGAACAAAGAGGAGGGCCTCCGAAAGGGGGTATATGATGGGGCCTCCTGCGGAGAGGGCATAGGCGGTAGAACCGGTAGGAGAAGAGACTATCACACCATCTCCATAGACCCTCAGGACAGACTCTTCTCCCACAAATACTTCCACCTCCACCATCCTGGCAAGGCTTTCCTTTGATATGACCACATCGTTTAGATAATCTCCCATATAGACCTCTTCCGATCCTCTTTTCAAATAGGCGGAGAGCATCATCCTTTTTTGTGGCTTTATCTCTCCTTTTAAAACCTTTTCTATGACCTCTTCCATGTCCTCCCTTTCCACCTCTGTGAGAAAGCCAAACCTTCCCTCGTTTATGCCAAGGATGGGTATGGACCTTTGTGCCACCAGCCTGGCACCGGCCAAAAAGGTGCCATCCCCGCCTATCACTACAAGAAGGTCTATACCTTCCAAGCTTGGCCTTTTGGCTTCTCGTTTGTTTATAAATGTCTCCACGCGAACGCCAAAGGAATGCAAAAGCTCCCTGACCCTTTGGGATGTCTCAAAGGCAGACTTTGTATCCTTTACAAAAAGGAGGACCTTCATAAAAGCCTGTCAATTATCTCGCAAAGAACATGGCCAAGGGTTATATGGCACTCTTGAATCCTCGCCGTATCGTAGGATGGCACAACAAAGCTGTAGTGGGCAATGTCTACCACCTTTCCCCCGTTCCTTCCTGTAAAGGCCACCGTGGTGGCACCAAGGTCATGGGCTTTCATAAGACCCCTTATCACGTTGGGAGAGTTGCCAGAGGTGGAAATGCCTATGGCTATGTCTCCGGGCATGCAGAGGGCCTCTATCTGCCTTTCAAAGATGGTTTCAAAGCCATAATCGTTTCCAACGGCTGTAAGTATGGAGGTGTCTGTGGTGAGGGCTATGGCAGGAAGGGCCCTCCTTTCCTTTTTGAACCTCCCCACTATCTCCGCCGCTATGTGCTGGGCATCCGCCGCGCTTCCACCGTTGCCAAAAAGCAGTATTTTATTTCCACTTTTTATTGCCTCAGCCATTATTTGGCCTACTTCCAATATCCTTTCCGCATAAAGCTCTACAAAGGCAAGCTTTACATCGGCGCTCTCTCTGAAGGAGTTTATCACAAGGTCAAGCATCCTTCTTTTTTAGGTCTCCCACCGTAAGCCTGTTCATAAGCTTGAAAAACTCCATAAGCTTTTGCTTGTGATATTCTTCTTGGTTTTCAATAAAGGTAAAGAGCCTCTTTATGCTTGGGTCTTCCACCATTTTCATCTCTTTTCCATATTCCCCGCTTGTCTCTTGTTCATAGAGTATCTCCGCCTTTACCTGCTCTTGGAGGCTCCTTAGAGGCCTTGGAGAAAAGTCTATCCTTTCAATCTGTGGCATGCCTCCCATCTCACCTATCTTTTCCCCGAGCTTTC
CP076324.1_gap36	1627418	1630570	3152	GATATCCTTTATAAGATTAACTATTTCCGTAATGTTTGCACTTTTTTCTGCCAAAGAAACTATAACCTTATTTGACATTCCTATCATATCTATTATTTCCCTTAAATCTTTAATTATATTTTCCACCTGCCCAACACCTTCCCTTGAAACCAACAAAGTTCTTTCACTATCGCTCTTTATCCTCTCCAGAGCTTCTACAACCTTTTCCATATCCTTTGAGATCAGCATAAGGTCTGCAGCTATGCCTCCTCCTATATTGGACAATTCCTCGTTCAGCATTGCCTTTTGGATAAATCTATCATTTTCCTCTATGGCCCTTAACGGCTTTTCAAGCTTTTGAATAGTAACCTTGTATCCGCCATCAAGACCATGAACATTTGGTCTTCTCCAATACTTTCTATTGGATACCTTTTCTACAGAATGCACAATCTCAGAAATAAATGTTTGCACTTGATCCAAAAGAAGGTTTAGGTTATAAGCAAGTTCTTTTAACTCCCCACCTTCCTTTATTTTTACAAGTCTATCCTCCAAATTGCCATGGGCCGCCTTCCTAATTATATTGGAGACATCATTAACAAACCTTCTTACCTTTATAACGTTCACAAATATAAACCAAGCAAGTAGGAAGTTAAATATGTTTATAGCTCTTATCAGTTCAAAACCGTATTTATAAATTTCCACTGCTAAGGCCACAGCAAATACTATAAGAGACAAAATATTCGCTATCTGTATCTTTGTAAGGCTAGATAGTTCTCTCATTGCCCGCCTCCTAAATTATTGAATTCCAACTTGAATATAAATTCATTATATTCACTAAAACCCTTTTCTCTTACTAAATTGTTTAAATACTCCACTGCCTTCTCCAAACCAAGGGAGGATTCAATCTCCCTCAGCTTCCTGTACAAGGGTTCTATAACGCTTGATAACACTTCCCTCTTTTCTACAGCTTTTCTGTCGCTTTGGTATCCACCAGAAACTGGATAAACATGAGCAAACACCCAATAGTAGCTACCATCCTTTGCCAGATTTTTTACATAAGCAAATACTTCATCACCACTTTGGATATGATCCCAAAGGATTTTAAAAATCGTTCTAGGCATATCGGGATGACGCACAATGTTATGTGGGGAGCCTACAAGCTCCTCCTCCGAATATCCAGAAACCTCTATAAACACAGGGTTGGCATAGGTTATCACTCCTCTTAAATCTGTTTTTGAGACTAAAAGCCCTCCTTGTGGCACTTGCCTTTCCACATTCTTGGGTTGAACTGTAGGTTTCTTCATATTAACCCTCCTACAGATAAATTATACAAGTTTTTTTTCATCCTATTTAGGAGTTATTATATCAATCTTCAGATAATCCTTTAGTGCCTCTGGCACTACAACAGAGCCGTCTTCCTGTTGATAGTTTTCCAAAATGGCAGCCAATGTCCTTCCTATGGCCAGTCCTGAGCCGTTGAGAGTATGGACAAAACGGAGTTTTCCTTGAGCATCCCTATAGCGTGCGTTCATCCTCCTTGCCTGAAAGTCCTCACAGTTGGAGCAGGAGGAGATCTCCCTATACCTTCCTTGGGATGGAAACCACACTTCTATGTCGTAGGTTTTTGCACTGGCAAAGCCCATATCTCCAGTGCATAAAAGCACAACCCTATAAGGAAGCCCCAAAAGCTTTAGCACATCCTCTGCATCGGCGGTTAGTTTTTCAAGCTCTTCATAAGAATGCTCTGGTTTTACAATCTTTACTAGCTCTACTTTGTTAAACTGGTGCTGGCGTATTATGCCCCTTATGTCCTTTCCGTAAGATCCAGCCTCTCTTCTGTAGCAAGGCGTGTAGGAGACCATGTATATGGGTAGGTCCTCTTCGGATAAGATTTCATCTCTATAAAGGTTGGTAAGTGGCACCTCTGCAGTAGGGATAAGATATAGATCATCCCTCTCACACTTGTATAGCTCTTCTTCAAACTTTGGGAGCTGTCCAGTGCCTATAAGTATCTCTGGCCTTACAAGGTGGGGTGGCCAAACCTCTTTATAGCCTTTTCTTGAATGAAGGTCAAGCATAAAGTTTATAAGCGCCCTTTCAAGCTTTGCACCCCAATCTTTGAGGATTACAAAGCGACTGCCAGAAATCTTCCCAGCTCTTTCAAAATCAAATATGCCAAGCCTTTCCCCTATCTCCCAATGGGGCCTTGGCTCAAAGGAAAAGTCCCTTGGCTTTCCCCACCTTCGGACCTCCACGTTCTCACTCTCATCCCTTCCAATAGGAACGCTCTTGTGTGGTAGGTTTGGTATGCGGAGCATGAGGTCCTTAAGCCCTTCTTCCACAGAAGCCAGTTTTTCCTCGTAGGCTTCTATACTTTCCTTTATTCTTCTAACCTCTTCTTCAAGGGAAGAGGTATCTTCACCTTTCTTTTTGAGTAAGCCTATCTCCTTGCTCTTTGAGTTTCTCTCAGCCCTGAGCCTTTCAAGCTCCTTTAGTATGGACCTTCTCTCTGAATCTAACTCTAAAACTCTGTCCACAAGGCTATCAAGCCCTTCATCTCTAGTTCTAAGCCTCTCTCTTACAAAATCTGGGCTTTTACGTACGAGCTCCAAGTCAAGCATAGAGAGATATTTTAATCCACCCTTAAAAAAAGCCTAAGGCTTCCGATAAACACATATAAGAAAACTTAAAGGAGGTGCGAACCATGGCACTAAGAGTGAACTTTAACTTTGAGGCGGCAGCCTCACACACGGCCATAGTTAAGAATGAAAGGGACATGAACAAGTCCCTGCTTAGGCTGTCTACTGGTCTAAGGATTCTAAACGCAGCCGATGACTCCGCAGGACTATTCATTGCAGACCAGCTTTCTGTAGTAAGCTCTGGTCTAGAAGAAGGTAACAAGAACATTCAAACAGGACTCTCCGCTTTGAGGATAGCAGAAAGCTCAGCAGGTCAGATATTTGATAGGCTAAACGAGATCTACAAAAGGACAGTGCGTGCAGCAAACGACATCAACGACCCTAACGCAAGGTCAAGCCTACAAAGGGAAATAGACAACTTCATTGATGCCATCAAAAAGATAGGTACAGACACAGAATACAACGGCATAAAGCTACTTGATGGTACTTTTGTCCAAAGGTATATCCACTACGGAGCAAGAAAGGATCAAGTAT
CP076324.1_gap37	1674633	1676115	1482	GGCACATGGCTAAACCTTGAGGAGATGTATATAACACCCATAGAGGAGCTTTTGGAAAAGTATGGTAGGCATAGGACGGATATAGAGGAAAACGTGAAAAAGTTCAGAAGGCTTTGTGATGAAAATCCAGAGCTAAAAAGGCTTGTGGAGATAGCCTTAAGGCTTGAGGGACTTACAAGGCATACTTCTTTGCACGCCGCAGGCGTGGTTATAGCTCCCAAACCCTTGGAGGAACTGTTGCCTCTTTATTATGACAAGGAAGGTTCGGTGGCCACCCAGTTTGACATGGTAAAGCTTGAAGAGATAGGCCTTATAAAGATGGACTTTTTGGGTCTAAAGACCCTTACAGAACTGCAAAGAATGAGGGAAATGATAAGGGAAAGGCATGGAGTAGATATAAACCTTTTGAGCCTGCCCCTTGATGATAAGGAGGTTTTTGAGCTTTTGAGGGAGGGCAACACCACGGGCGTGTTCCAGCTTGAAAGTGTTGGTATGAAGAACCTACTTAGAAGGCTGTTGCCTGATAGCTTTGAAGATATTGTGGCAGTCCTTGCCCTATACAGGCCAGGGCCTCTAAAAAGTGGCCTTGTGGACAGCTACATAAACAGAAAGCATGGTAAGGAACCTGTAGAATACCCCTTCCCAGAGCTTGAGCCAGTGCTAAAGGAAACCTACGGCGTGTGGGTCTATCAGGAACAGATAATGAAAGCATCTCAGATATTGGCTGGCTTTACGCCCGGCGAGGCGGACACCCTTAGAAAGGCCATAGGTAAGAAGAAGGCGGACCTAATGGCTCAGATGAAGGAGAAGTTTATAAAGGGAGCTGTGGAAAGGGGCTACAACGAGAAAAAGATAACAGAACTTTGGGAAGACATAGAAAAGTTTGCCAGCTATTCCTTTAATAAATCTCACTCAGTAGCCTACGGCTACCTTTCTTACTGGACTGCTTATTTAAAGGCACATTACCCAGAGGAGTTTTTCTGTGTAAAGCTCTCCACAGAAAAGAGCGACAAAAAGTTTATAAGCCTTATTAAGGATGTTAAAAAAGAAGGCTTTAAGCTGTTGCCACCGGATATAAACAAAAGCCATGTAGACTTTGTCATAGAGGGCAAAAAGACCATAAGGTTTGGCCTTGCCCGTATAAAGGGCGTAGGGGAAGAAACTGCAAGGCTTATAGTAGAAAGCAGGAAAAGGCCTTGGACTTCCTTGGGTGATTTTGTAAGAAGTGTGGATAATAGAAAGGTAAACAAAAAGACCCTTGAAGCTCTTATAAAGGCTGGGGCATTTGACTTTGCTGGGGAAAAGCGCTCTTATCTACTAAGCAGGCTTGAAAGTGGGTCTTCCATGTTTACAAAAGGGCTTTTTGGTTTTAAGGAGGAGGTGAAGGAAGAGGACAACTCCAAGTATGAAAAGGAAGTTCTTGGCTTTTATATATCTTCCCACCCACTTGATCCATATGAAAAGCTCCTTAAGGGTAAGGTG
CP076324.1_gap38	1678179	1681498	3319	CTTCTTTGAATACTCCATATCCCTTGCCTTTTGAAGTCCACAATAGGCGCAGGTGGCATGGCATCCAGAAGGGTAGGTCAAAAGCGTATTTATACAGCTTAGCCTTGTATTTCTATAGAACTGCCCTGGCACTATGCCAAGGGTCATGGCTGCCGCCATGCTTATCTGAAGGTATTCTGGACTTTCCTTTTGCTCTGTAAGCCTTTCAAGAACTAACCTGTCCATCTTTCCACCTCCAAAGACTTATTATAAGCCCACTCTCAATAAGGCTTTTAAGAAATTCTTATAATTCCATAAGCTCACCTTTTCTTTTTCCTTTCCAATATTATGGCGGAGACCTCAGCAGCCTTTTTGGGGTCCATGGCTTCAAGTATGGCTGCGGCCTGCCTTTCCTTTAGGTTTATTAGAACTTCTGCGGCAAGGTTGGAGTCTAAGTTATTCATTATGGCTCCAGCCTCATCTGGTGATGCCTTGTTGAATATATCTACAAGCTTTTTTACCTCTGGTAGTTGTTCTTCCTTTTTTGGCTCTACTCTTTTTAGTTCCTCAAGCTTTTTTCGTTCCTCTTCAAGCCTTTTAAGCTTTTCTTCAAGGTCCTTCGTCATAACACTTATTTCATCTTTTGCCTTTCTTTCCCTGTCTTCTTTTATCTTTTTCTGCAAGGCAGATTGAGAAAAGGAAAAGGATAAAAGAATAGCCATAATAAAGAGAGCCTTAAGCATTTCTATGCCACCTCTTTATTAAATGCATGAAGTTTACGTTTTGTGCTTCAAGGCTAACAGTCTTAAACCTTTGCATTCTATCAAAATTTTCTTTTAGTATTTCAAGGGCTTTAAGGTCTTTATATGCTTCTTTTAGTCTTTGTTTTCTTTCTTCCTTAAATTGTTTTAACTCTGTTAACTTGTTTAATAAATCTCTTTTCTTGGATAGCATGGCTCTATATCGCAGTAGTAAGCCCTCCGAAAAGGAAGCCTTGATAAGGTTGTTTATCTCCTCTATCACCGTATCTATCTGTTGTATTTCTCTTTTTATAAGGTCTATCTGTATATCAATCTCTTTTAGCTCTTTGGACCTTAGGTCCTTTATCCCCTCCTTTATCTTTATAATCCTACGCAGGTCCATGGTAAAAATTAATTATAAAACCTAACATCCTAATTGGATTCCATCTCTTCCTCATCCTTGTGGAGTTTGTAAATAAGGCTGTCCGCAAGGGCTATCCAAGAGGCTTCTATGATGTTCTCGGAAACTCCTACCGTACCCCATCTTCTATTTCCATCGGTTGATTCAATAAGCACCCTAACCTTGGCACCCGTGCCTTCAGACTCGTTAACTATCCTAACCTTATAGTCTATAAGCTGGACCTCCTTAAGGTTTGGATAAAACTCCTCAAGGGCCTTTCTCAAAGCTCTATCCAAGGCGCTTACAGGTCCATTACCCAGGGCGGCAGTATGCTGTTTTACATCTCCAACAAAGAGCCTCACAGTGGCCTCCGAAACAGGCAGGTTGTCCGTGCTTCTTTTTGCTATAAGAACTCTGTAGGCGTCAAGGGTAAAGTAGTCCCTTACCAAGCCAAAATGCCTTTTGCAAAGTAGCTCAAAGGATGCTTCAGCGGCCTCAAAATGGTAGCCCTCCTTTTCCAGTTCCTTTATCCTTTCCAAAAGCTTTAGAACCTCTGGAGATTTTTCGTCCACCTCAATACCCATCTCTCTAAGCTTATAGAGTATGTTGCTCCTTCCAGAGAGGTCCGAAACGGTTACCTTTCTCTTGTTGCCTACAAGTGCTGGGTCAATGTGTTCGTAGGTGCCAGCATGCTTCATAACTGCAGAGGCATGCACGCCCGCCTTGTGAGCAAAGGCGCTCTCACCCACATAGGGCATGTTCTTTGGTAAGGGCATGTTGGACATCTCTGAGACAAAGTGGCTAAGCTCTGTGAGTTTTTTTAGGTTTTCCTCCGGCACAGCCCTATAGCCCATCTTTAGTTGCAGGTTTGGTATTATGGAACAAAGGTTTGCATTGCCCGTTCTTTCCCCTATACCGTTTATAGTGCCATGCACCTGTCTGGCGCCTGCCAAAATGGCCATCAAAGAGTTGGCTACGGCCGTATCCGAATCGTTGTGGGCATGTATGCCTATGTTTACCTCCGGAAAGGCTTCCTTTACCTTTTTTGTTATCTCATAAACCTCGTGAGGAAGGCTTCCACCGTTGGTATCGCATAGCACTATCCAGTCCGCACCACCTTCTAAGGCAGACCTTAGGACCTCAAGGGCATACTGGGGGTTGTTTTTGTATCCGTCAAAGAAGTGTTCTGCGTCAAAGATGACCTCTTCTACATGCTTCTTTAAAAAGCTTACCGATTCATAGACCATGGAAAGGTTCTCTTCTAAGGTGGTCTTTAGGGCCTCAAGCACATGGAAATCCCAGCTTTTGCCAAAGATGGTAATGACTTTAGCACCAGACTTTATAAGGTTTTCAAGCTGTGGGTCTTCTTCTGCCCTTTTGCCAGGCCTTCTTGTGGAGCCAAAGGCCACTATTTTGGCATGTATTGGCTTGTATTTCTTTAGCCTTTCAAAAAATATGGTGTCCTTTGGATTGGCTCCAGGCCATCCACCTTCTATGTAATCAATGCCAAACTCATCCAGTTTTTGGAGTATGCGTAGCTTGTCCTCAAGGGAAAAGTTCACACCTTCTGCTTGGGAGCCATCCCTTAATGTGGTATCATAAATGAAAACCTTTTCCATAATATAAAATATATCACTTTATCCTTAGCTTCCTTGGTTGAGCTTTGCTTTTCTGTCTTAACTCTTCAAAATCGGTAGGCTTTTCTATGTCTGGCAGGCTAAGGGCCCTCAGGCTTTCTTGAAAGGCCCTCTCAAGGTTATAGGCCTTAAAGTTCTTCACATAATCTGGTATAAGGTGGTATTCTTCTCTTTTTAATGCCTCAATAAGCTCCATAAGGTAAGGCGATAGCCTGAGTTTATCCAATTCAACGCCCTCAAAGCCAAACCTGTAAAGCCCAGCCAAAAGCACAGCCTCATGATAGCTCAAAGGGGTTTGTTCTTTTTCTTCCCTTTTCTCTACTTTTACAATCCTCTCTTGAAGGCTTGTTATAGGAAGGGATGTGGCCTTTGAAAGCTCTTTTAAAAGCTCATACCTTTTTACACCATCCGGTATAAAACCGCAGAAGTATAAAAGGTCATCAAAGGCCTCCTTGTCTCCTTCTTTTACCCTTTGAAGAAAATAAACCTCCACCTCCTGACTGGTCTTTATCAAGCTTTTTAGGGCTTGTGGGTCCTTCCTTACAAAGGAGTCTGGGTCTTCT
CP076324.1_gap39	1686311	1690785	4474	GAAAGTTTTTTAACACCTGGAGTAGAGGCCACAACAGGACCCCTTGGCCAAGGCATAGGCAACGCCGTAGGCATGGCCTTGGCCGAAAAGTACCTTTCCTCTTACTTTAACAGGGAAAGCTTTCCTATCATAGACCACTACACCTTTGCCCTTGTGAGCGACGGAGACCTTATGGAAGGAATCTCCTGCGAAGTGGCCCAGCTGGCGGGCCACTGGAGGCTAAATAAACTCATAGTAATATGGGACAACAACAAGGTTTCCATAGACGGCCCCACTTCCTTAGCATGGTCTGAGGATGTATGTGAGAGGTTTTCCGCCTTTGGCTGGTATGTACAGCATATAGAGGATGGATACAACCTGGAAGAGATAGAAGGGGCCATAAGAAGGGCCATGGAGCAAAAAGATAGGCCTTCCTTTATATCCGTAAGGACCCATCTGGGCTATGGCTCTCCAAAGCAGGATGATGCCAGCGTGCATGGCGCACCCTTAGGAAAGGACCTTGCCCTGCAGACAAAGAGAAACTTTGGCTGGCCAGAAGAGGAGTTTTATGTGCCGCAGGAGGTGTGGGAATACAGGGAGGAGAAGATAAAGAGAGGAAAAGAGCTGGAAGAAGAGTGGAACAGGCTCTTTGAAGCCTACAGGGAAAAGTACCCTGATCTGGCGGACATGCTTTTGAAATACTTTAACAAGGACTGGGGAGAGGAGTACAAAAAGCATATTCCTACCTTTAGTGAGCCTATGGCCACGCGCCAGGCCAGTGGAAAGGTGCTAAACGCCATTGCCAAGCACATACCCGTCCTTTTTGGTGGCTCTGCAGACCTCTCTGAGTCCAACAACACCTACCTGCACGGTATGGGAGACTTTTCCGCAGAGAACCCCCTTGGAAGGAACATACACTTTGGAGTAAGAGAGCATGCCATGGGTACCATCCTAAACGGCATGGCCTACCATGGGGGAATACTTCCTTACGGTGGCACCTTCTTGGTTTTCTCCGACTATATGAGGCCTTCCATAAGGCTTGCCAGCATGGCCGGCCTTCAGGTTATATACGTCTTTACCCATGACTCCATAGGCCTTGGAGAAGATGGACCAACCCACCAGCCTGTGGAACAGCTAAGCTCTTTGAGGCTCATACCAAACCTTTGGGTAATAAGGCCGGCGGATGCCAATGAAACAGCCATAGCCTGGCAGATGGCCATAGAAAGAAAGGATGGTCCAACAGCCCTTATACTCACAAGGCAAAAGCTACCTCTCATAGACAGGTCTAAATACCCATCTGCGGAAGGCATAAGGAGAGGTGCTTATATACTCCTTGACTGCGAAGGAACTCCAGACCTTATCATCCTTGCCAGCGGGTCTGAAGTACACCCTGCCCTACGGGCCGGAGAGCTTTTAAAGGAGGAAGGCATAAGGGTAAGGGTGGTAAATATGGCAAGCTTTGAAGTCTTTGAAGGCCAAGAGGAAGGCTACAAAAGGCATGTTCTTCCGCCGGAAGTAAAAAGGAGGGTAGCAGTAGAGGCGGGAAGGGGCCTCTGTTGGTATAAATATGTAGGGCTTGAGGGCCTTGTTATAAGTTTGGAGACCTTTGGCAAGTCTGCACCGGGCGAAGTGCTTATGCAACACTTTGGCTTTAGCCCAGAGGCTATTGTTAAAAAGATAAAAGAACACTATTCCTTTTAAAAAAGCCCCCGGCGGGGGCTAAAGGTTTATTTTTTGAAGGTCCTCCTGAAAGCTATAAGTATTGGTGGCAAGAGCCAGAGGAGGACATTGAGAGGATTGGAACCTGTAGCCATGGAACATCCACCACCCCCACCAGAGGAGGAGCTACTCACAGAGAAGTTAAAGATGGCATAGCAGCTTTTGTCCGAATTCATACTTATGGTGCATTGGGAACCCATTCCACAAGATTGACAATCCCCGCCCCAACCGCCAAAGGTGGAGCCGGCGTTTGGTGTAGCGGTAAGGGTGACAGAAGTGTTTGGATCAAAGTTTGCAGAACATATGGTGCCACAGCTTATGCCAGCTGGATTGCTTGTTATAGTGCCAGAACCGGTGCCAGATTTGCTAATGCTTAGTATGTATTTTGACCTTACAAAGTATGCAATACATGCTTTGTTGTTGTTGGCAGTTATGGTGCATATGGGATTATTGCCGCAGCTTTCACAATCTCCAAGCCAGATTTTGAAGGCAGAAATAGAATCTGGTGTGGCTTGTAATGTTATAGAAGAGCCTTCGTTAAATATGCCATAACAAGTATCACCACAATTTATTCCTGTAGGATTGCTTATTATAGTGCCTTTGCCTTCGCCACTTTTTATTACAGCGACTACAACCTTATCAAACACAGCTACACATTTTTTGTCTGAATTCATAACAATCTGACATGTGGTGCTGGTTCCACAAGCTGAGCAGTCTCCCGACCAGCCTTTGAAGGATGCTCCAGTGTAAGGTGTTGCTGTCAGTGTGGCTGTACTGCCATTATTGTAAACACCGACGTTACCATCTACAGCACCCAAACCCCTTACATCTACAAGCAGAAAGTAAAAAGTTCCTGGCTGACAATCGCTAATCGTTAAAGCCTTATAGGCGTTTATCCTTCCGCCAGTTATGGTCTTTCCGTTGAGGGAAGAAAGAGGATCCACACCCTTCATTATCCTACACTTTAGCTCTCTCCATGTATAGCTTGAGTTTTGAGCCTTCAAAAGGGCTGCAAGGCCTGCCACATGAGGTGAAGCCATAGAGGTGCCACTAAACTCACAATATTGGTAACCATTTAAGGTGTAGCACGTATAACCAGTGAATTGCAAATTAGGCACAGTACTCAAAATATCTACCCCCGGCGCTCCCACATGGACAGAGTTCCTTCCGTAATTGGAAAAGCTCGCCAAAAGGTCGTTTTGGTCTGTTGCAGCAATGGAGATTATATTTTCCAAATCATAGGAAGCTGGGTATAAAGGAATGAGGTCGTTGTCATTAGCTTCATTCCCAGCTGCCGCAACAAACAGTATGCCCGCATTCTTTGCGCTTGCTATGGCATCCCTTAAAGCTTGGCTATAGCCGTAGCCTCCCCAGCTTGCGTTTATGATGTGGGCACCCTTCTGTATGGCGTAGTTGATGCAGTCTATGGCATCTGAGGTGGTGCCTGAGCCATCGCTACCCATAAACTTAAGAGCCATTATCTTGACCTGCCAATTTACACCCACTACGCCAACGCCGTTATTACCCACCGCACCAATTGTTCCAGCCACATGTGTCCCATGCCCGTTGTCATCCATAGGGTCGTTTGGATTGGATGCACCTGTAATACAGTTTTTGCCATAATATCCAGTGGCTGGGTCCTTCCACATATTATCCTTTAGGTCCGGGTGGTTATAGTCCACCCCCGTATCTATTACCGCCACCACCACGCTTTGGCTTCCTCTGGTAATGTCCCATGCCAATGGAGCCTGTATTTTTGCAAGGCCCCAAAGGTTATTCCACAGTGGGTCGTTTGGTATTGTGGCTTTTATGGTGTATATGTAGTCTGGTTCTGCGTATTCCACATCGGGCCTTTTTCTTAGCTCTGCGATAGCTTCATGGGGAGTCTTATCTTTTGGCAACTTAAACACGTAGATATTTAAGTTTCTAAACTCCTTTATGCTTTGAAGCCCATACTGACTTTTAACTTCTGATAGAGCTTGCAATCTAAACTGACCTCCTTTGAACTTTACTATAACCCTATCTAAGGCATACCTTGGCACTGGCGTGTATTGAGGTCCGAAAGATGTAGATCTATTAGTCTGCGCTTTGCTAATTTGACTACCTTGAGAGCTAAAAAGTGTTCCCAAAATTACAGCAAAAAGCCATAATAAAAGCCTTGATGTGCGTTTAAGCTTCATAACCCACCTCCCTACCATATTCTATAAATCCTATCAGGTTCTACATACTCAACCTCTTTTCTTTCAGAGAGTTTTTTCATCAGCTCTTCCTGCGATGCCCTTTCTGGCACTTCCACCACATACATGTTTAAGTCTTCAATAACCTTTACAAGCCTTAGTCCATACTGGCTTATTATTTCCTTCCTCTTTTCTTCTGGCACGTCCTTCTTAAACTTTATTATCAGCCTTTGGGATGTTTTCATAGGTACTTCTCCAGTGTTTAAAGGTCTGCTTGTGGCACAGCCTTGGCTAAAAAGGGTGAAGCCAAGCAAAAGGGCTAAAAGCAAGCTTTTAAACATGATCACCTCCTTCCATACCTTCCCATAGTTTGCCCTTGTCCTATTACATGTCCCTGCATCTTGCTTTCCACCTCCCTCCTTGTGGCACCGGGCCTCAGGCCTAGGCTTTCCACATCAAGGGCATAAACCTTTATGTAATATCTATGAGTATGCCCACGAGGGGGACAGGGGCCACCATAGCCCACACGGCCAAAATCGTTAATACCTTGTTTTATACTTCCAACCTCACTCCTTTTGGGAAAGTTCTCCTGCAAACTT
CP076324.1_gap40	1721582	1722082	500	ACTCTTCCCACTGCCACCAGGGCTTTTGTAGCCTTTTGTGTATGCAAGAAAAGAGGCTAAAATCCTCAAGCCAATAGGCATTCTCTTCACAAAAGGAGTGAAAATCCTGGTCTTCCTTGAAGTTTTTAAAGGCCACTTCAAGCATATACTCCTTTCTTTTGTAGACCTCCTCATAAGGGACTCTTTCAGACCTTTCTATCCTTAGGGCCTCAAGGGTAGCCCTATCTATGAGACCATCCCTATATAGCATCTCTGGGCTTATGAGAATTGGATTTCCCGCAAAAAGGGATATGGAGTAGTAGGGAGAGTTTCCATGAGCTTGGTGGGTTGGGTTTAAGGGTAGCACCTGCCATAAGCTTTGGCCAGAGGAGGTCATAAGGTCCACAAAGGCGTAGGCGTTCGGCCCAAGGTCCCCTATTCCAAAGTCCGAAGGGAGTGAGCTTATATGAAGAAGTATGCCGGCCTTTCTTTCCATTTTGGATTTTTTATTTTAAGGCTCT
