gap_id	start	end	length	sequence
CP071032.1_gap1	17982	19084	1102	GATATACCTGGCCTTGACTGCAGGCATAGGTCTATATGTCGGCTTTAAGCGTAAATACAGTGATGACAGTGAATATTACCTTGCCGGACGAAGGGTAGGGATATTCGCCATTGGGATTTCGGTAATGGCTACGGCTTTCAGTGCGATTAACTACCTCGCGATTCCCACTGAGATAGCTGAACATGGGTTATACGTTATCCTGGCATTCCCTGTTTTTTTGCTGGTTACCATCCCGGTGGCTTACAGTGTGATACCATTTTTCTGCAGACAGCGGCAGACCAGCGCTTATGAATTCCTGGAGCAAAGATTTGGCTTAAAAGTCAGGCTGCTGGCAGGCGGTCTGTATATTTTCTGGCAGCTCAGTCTTATGGCCTTAATTCTGGTGGCTTCTTCAAGGATACTGTTCCTGCTTTCAGGAGTGCCGGTACCTTGGTTGATTGCCATCCTTGGTTTGACTGCCGGCGGTTGTGCGGTTATCGGCGGGTTAAAAGCTGTGATATGGACCGATGTGCTGCAATTTTTTGTTATTGCCGGCAGTATTGCCCTGGTTCTTATTGTGACTGCAAACGGCAGTGACAGCGGTATCATTGCCGGAGGGCTTGAGCTGGGTAAACTTAAGCCGTTTTTACCTTTTGATTCACAGGTATTATCTCCGGATCCAAGTGTACGCATGACGTTATGGAGTGTTTTTACCGGCACATTTGTCATGTTTATGGCAAGATATGGCGCGGATCAGTCGGTAATCCAGCGCTACGCAGCCGCAGGCTCAATAGCCAAAGCGAGAAAGATGTTTATATGGAATATCAGCGCAGCTTTGTTTTGTCTGATAATGCTTGCCATGTTTGGGCTGGCTCTGGCTCACTTTGCGCACCTGAATGGTATGGCCGGAAAGCCCGGACTGCTGGTGATGGTTAAACTGCTGCACCGGCTTCCGAATGGCGTTAACGGGCTGGTTGTTGCCGGCATACTTGCAGCGGCAATGTCCAGTCTTGATTCAGGAGTTAACTCAATCGGGGTGACCTGGCAGCGTGATTTTCAGCATCGGCTGATATCTGTCAGGGGCAATACTATTCTGCATAAGATGCTGGAAAGCACGGTTTTT
CP071032.1_gap2	49262	52504	3242	AAAGGGTCGCATACTGATGATGTAACAATGGTGGGCAAGGAGTTTAACCTGTCATTTCATGGATTTATTGGAAGACACTTCCAGCCAAACCTGGCGGATTTTGCTGCTGATATTCCCGTGGGAATGTTTGTACCCAAAGGTGTGCTCGCAGCTTCTCATGATACCATCCCAATGGAAAGATGCGGAGCCATACATGTCAGCTGCCATAGAGATGGTCCTAATAAATGCCTTTCTCCAGACAATGCAAGGTTTACCGCGATATCCGAGATTTCCAGTTTCTGGACTGTTGCAAAAAACGGAGGGCCGGGAGATGACATTATCATAACCTATCACCTGCTGCTCAATACGGCACGAATTTCAGATGCTGCATATTGGGCGGTAAATTATGACTACGATTATGATTTAATACCGGCTGCCGCCAAATATGATTTAATGCTGGCTGCCGTCAGGAGGATTCCGAATGAGCTCAACCTTGATGAATTCAGTGCAAGTGTGTTGAAGGACTGGGTTGATAATGTTGTACACGTCAGCAGGGAATTTAATCCAGAAGAACCCTTCAGCCCAACGGAAGAGCCACCAAAGCTGGCCCATGAGAACTACCATGGCTTTAACGTAGTTGAATACAGGGGAAAATTCTACGGTATACAGCAAGATCAGGGTGCTTTTTATATGAGCAAAATTGAAAATGGAGATTACAATGTATCTTTTGATGGGAATTCACTGGAAGCGGTCCAGGCAAGAATTACTGATTATGTAACTCCGAAACTGGACTTTGAAAATTACCATGCCTTTAACATAATTGAATACATGGGAGGTTTCTATGGCATACTGCAAAATGAAGGCGCTTTTGATATAAACAGGATTATGAATGGAGGTTACAGTGCATCTTTTGCTGGAAACTCACAGGCTCAAGTTAGAGAGCGAATTGATGATCATCTGAATTGATAACCTGTTAAACTGAGTTTTTATCATCACTATCGAAATAGTACTTAAAACGGCATTTCGATAGTGATTAGTTTATCCATCGCCAGGGTGCAACGCTGTCGCTGCTCCAGCTCAAGCAAACAGAAGATAAGTAAGCTTTCATTTGTTTGCGGCTGGCTATAGAATGATTTCTAAAAAGGGAACGATCCCAGTGTGTGGCCCATGGCATAATCTAATGATAGTCTCATCAATTCTGGATTTCTTTCGACTGCAAAAAAACATGGAATACCGGGAAAGGTGCCTATGGCAGTGACCCTTACGTTACTTAGATTTAGGTCATTAAGTCTTTCCCTGATGATAGTCTGGATGCGTTTTGTATCTGCAACCGGAGTTAACATTCCAGACTCATCTTTTGATATTAGAAGCTCTTCTTTCATAACTAAAATCAAAGGAATTCTCATGCCTGTTCTTCTGAACAGTGTAAGATAATTGCAGATTTTCTGAGCAATCTCACTTCTATACAAACAGGTTTTTTGCAGGTCGGGTTTAATTCTTTCTGATAATGAGGCCAGAACAGTTTGATCACTCAGTATCTCATCTCTGGAAGGTATTGCAACATTCAGCTCTTTGCAAATTCTTTTCAGTACGCTGTAATAGTATTCCGGTGCATGATTAAAGTATTCCGGGGCCAGGAACCTGCCAGACGATATCGGGGTCTGAAATCCAAAGCAGAAAACACTTTTACAACGCCGTTCAATAAAAGTCAATAACCTCAAAAGGTCGTCTCTATATTGTGGTTTGTAATTTTGAGAAGTATAAACAGGAAGTCCGTACTTCATGATTACGTCAGTTATTTCCTGTGGATAACGGCCATCATTATTACCGCTAAAGACATTTCTTTCAAGATGGTTTCTCATATAATCAGGATTAAACTCCGAAAAAGAAACTTCTTCATTGAAGCCGTCAATACCCACAATAGCCGGCTTATTGCTGAATACCTTAAAAAAATTCAGCAGAAATAAAGTTGCAATCTGATAACTGGCCTCTTGATTTGAGAAAAAAATAACGACATCCGAATCATCTAATATCCGGCTGAACTGCAATGATAATGCAATCTTGGCTGGAGCTACAAAACTTACATTAGAGCGGTCAAAGTCTATTATGCCCCTCATACAGTCGCCACAAACCTCCCTTCTGTTCAAATATCGAAAATGAACTTTTTGACTTGAAGGGCAAACACGAAAGCCATACGGGGTAAATATCAAGTCTTCTGCCAAATCTGAAAAGTCAGGTTCGTAGCAGTAAAGCTCTTCACCTATAGATTTTTCTAATAGTCCTTTTGAGAATATTTCATGCTCGGTAATTTTTCCGGACCCGCCTGGCATCAGGTAGGAGTTGCAAAGGATATCATCAGTTTTTTTGTCTGCTCTACTGAGTTTTCCACGAATCTTTTGAATATGACTCTTGAGCTCCTGGTGGTACCTCGCTCTAAGCTTGTAATCCTCTACATTGTTATACCTGAAAGGTAATTCGTCAGCGCCTATTTCTCGGTTACACTCCTCGCATCTGGTAGCCATGGCTATAAAACCCGGCATAAGAACCAAGGTGAAAACGAACAATTGCAAAAATGTTTTTTTCAAAACTTCCCCCTTCTATAATTTTTCAATAAATATAATCGAAAGATTTTTATTGGCTGTAGTCCCTTCATCCAGCCAAATCCTGGGCATAGAACATAACGTCTTCAAGCTTTTTTACAAATAATATATTATGAAAATTTAAGCATGTGCTTCACAAAAAAATAGACCAGTTTATGTGTTTATAAACGATTTCAACGCTCCTGGTTTTACTATGCTCTAGAAGCTGATGAATTATATGCTTGAATTAAAGGTTCAGGCTTTATCAGGAGCTTAAACTATAACTGGTATTTTTTTGATATCCTGTAGGCCAAAACTGTTGAGGTAAAGATAATAGCGGAAACAAAAAAAGAATCTAAAAAATATTATTATATTACTCAACAGGGAGGAGAAAACTTGACAAACAAATATAAGATGTTATGTGTAAAGAATAATGATTTTGTAATATTCTCATAAATTTATTCATTGGAATACCTTCTTAATTATTAAATCCATAATTTTAACCGCAAACCCTGAGGACTTTTTTGAACAACAGATTTTTTCGGCTGAACCCATACGTATTTTTGCCTTCGGCTGTTTTTGTAATTGTCATCTTAATTCTTGGCTCTATTTTTGCTGATCAGGCTTTAATTTTTTTTAATTCTTTACAAGATTTTGTGTCTAATAATTTTGGCTGGTTTTATC
CP071032.1_gap3	76461	78618	2157	AATGTCTTTTGATTTATATTCGGCCGGCAATGACCGCAGGTTTGATAATAATGACGATATTTATGCTAAATAGCCTTTAACGTGAGGTGGGTAGTTTGAGAGTGAGAAGCGGGTTATCGAAACGGATGACTTTTTCAGACAGTCTGCGCTGTTATACCATGGTGGAAATCCTGGTGGTGCTGGCTATTGCCGCGATTCTGCTGGGCAGCTCGATGGCGGCTTTCAACACTGTAATCAAGCGGCAGCGTACTACCGGGGCTGTCCGCAATTTAAGCAGTGCCATAGCCATGGCCCGTTCCTACGCCGTAGCCAAAAACCGGTGTGTAGCGCTGGTGATTCCTGACACCAAAGATAACCTGCCGTCATACGGTTCAGCGATAAATTCTAAATCTGGTTGCACGCCCGCTTCCTTTAATGCATTTTTCTACGAGAATTATCTTTTTTCATGTTACGGAGTTTGCTATGTGAAAAAAAATGGCGGCACCTATGATTTTGACGGCTGGGTTGCCGGCGATGATTTGGTCAAGCTCCCAACCGGGGTATCAGCTTTTATTAAAACGGGTGCTCAAACCGTAGAAAATGTTATTTTCAGGCATAAAGCTGCACTGGCAGATGTTACTATCAAGGAGAGTGCCGGTTTAATCTTCAGGCCCTCCGGTTGTCTGGAGGGGACTGGGGAGAAGGAAATCAGCGTACTTCCGGCCAAGTTCCATTTTAATAATGTCGCAAATAAATGTGTTTTTATTTTTATCGGCAAATCAAAAAATTACTGGAATGTGATTATAAACTCATTTACCGGCAGAGCAAGTTATGAAAACAGTGTTTTATAAAACGATAAATTACTTCAACATGATAGAGATCACCTTGGCAATGGGGGTGGTAGCGGTAGGCATGACCAGCATCTTGTCTCTTTTTCCAGTTGGGCTGAACACTGCCAGAAATTCAATTGTGGAAGGCCTGAGCGCTTCTGCTGTAGATCAGTTTTTAACTTACGTAAAGTTTCACTGCAAAAAGTCGGCCAGTTACAAGGCGTTATTTATAAATGCCAGTGGTTTCAAAGGCAGCATAGACAGGACTGATGCTGTAGTGAAAAATTCTATAAAGGCCAGCAGCGGAAAGTTTCTTGCTGACTTCAAAGCCGGGACCAGTGTTGATTTTTCTCAGGTGAAAGGTTTGAATTTATACGGGAATAACGGATCTGATGCCAGCCTGGGTAAAGTATTTTTTGCTGTTCAGGGCGGTGAAAACGCTAATAAACTGGATTATTCCGCCATGATTCTGGCCTGGAAGCAGCCGGTGGAAAACAGCTTCTGGGATATTTCCGGTTCTGCTTATTCCAAATATATTGATAATACTTTTGAGAAGTCCGCCGGGCTCTGTATAGAAGTCAGCTGGCCTGCGACAATAGACTATGTTGATCGTGAAAAGCGTTACTACTATGTAGAAATCCAAAATCCGGAATAATTTATGATCAAATGTCCGATTAAAAAATTTACTCTTGTTGAGTTGCTGGTTGCGATGGCAATTTTTATGATTCTGTCTATGGTGATAATGCAGTTTTTCAACTCTGCTTCCAAAGTCTGGAGTAATACTGAAAAGCGCAATCAGGTTTACGCTGATGCCAGAATTGTCATGAACCTCATAAGCAATGATCTGCAGGCAATGATGTATAACAATCAGGATTCCACTGAAGGCATCTTTCCAATCTGGTATGAAGACAGACCGATTAAGGCCTTTGAAAGTGTGGCTGGTGATTATAACACTCTCAGCGCCGTTCAAAAGAAAATTTACTCCAGAGATAATGTGAATCAGATCAGCTTTGCCGCCCGGACTGATGTGCGTGATGATCAGGACAAAAGCCTGGCGCTTTGCGAAATCAGGTATACTTTTCTGCCGGCAAACATGGTTGCCAGCAAGCAATGGTGCCTGGGGAAAAATTCGGCAGGCGGGGTGGTGCTTACCAAAGCAGGTCAGGCGGAAAGGGGACTGCTGATCAGGAGCTGTACTACCAACCATATTGAGGATGCCGGAAATTTGGGCAGTTACATCAGTAATCCACGTTATAATTTGAATGATTTTCCCTACAACGGTGCTGATGCTCTTAGAATAAATAAAGTTTTCGATGATATCAACGGGGCAGGGAATGCCTTTTTGCGG
CP071032.1_gap4	168820	170153	1333	GTATTTGAAACCGTCAATGCCAAAGTAATAACAGTTGAAAACATTCCAAGCGACAGCACCAGTTTCAATTCCGATCTCGGCGGCAATCCGGTCTGGGTTGACTCTTCAACTACCCGGGTAAAAATCCTGATGAACTGGAGAAATACCAAGTCAGGCAATTCTCCGGATTTCAGTACTATGTGGCTTAACGCCAGATTTGGACAGATGTGGGCTGATTCAGCCAGCGGCAGTTTCGAGCTTCCCCGAAAAGGTCAGGAAGTGCTGGTCACATTTGTCAATGGCAATCTGGCTCAGCCCGCTGTGGTTGGCAGTCTTTATAACAGTGTAGTCACTCCGCCGATAGATGCGGAGCTCAGCGAAGGCGTTTACGGCACCTTGATGCGGACTACCGCCGTCGCGTCCAATGATGACGGCGGCTATGACGCCTCGTCGTCCCTTGAAAATACCATGCCGCTGCCAATGTCAGCCTACGCCCTCGGGCAACAGAAAAATCAGAAAGGTTACAGCCAGATATCAATGTTCAGCATGGATAACGGGCAATTTTCCGAGGCGGCATTTGACGATACCGTTTTTATGTCCAAATGGTTTTTCCCGGGGGCGACTCCCCCGATTTCAGACTTAACAGGACTGCTTGATACGTTGAAATCTGGTTCAGCAGGCAAGAACATGTTCTTTGAAGGAATAAACATGTATTCTAACAAGGACGTACTCAACCAGGCTGCACAAAGCCAGATTATCAATGCTGGAGCCAATATACAGATCACGGCTGGAAATTCAATAACTCTGCAGGTGGGGCGCAGTAAAATTGTTCTTGCGGACCAGGGAATCAACATGGCAAATACTTTCGGTGCGCAGGATAAGTATGCGGGGTATGTTACCGCTTATATGGATGTTGACCCGAATCCTCCGTCAATGCCGAAGTGGAGTCTGGGCAGTTTCGGTTCAGTGCTGGCGCTGGTTCCCGGATGTGCCGCAATGCAGGCGCCGCTTTCCGTGCTTGCCGGAACCTACCTGGCTGTGACTAAGTCATGGTGGGGATCTGAGTGTGGTGCGCTGATAGGCAACACTTTTGTTAAAGGTTTGAACACTGAAGTAAAGGCCGGCTTTGACCTGCTTGGCTTCTTTGACTTTTTCAGCAAAATTGTCGATGCCATTATGATGGACCTTACCAATACTATCAAGTCGGCCACGGATAACAAGGATGGTACTGTCAGCAGCAGTGGTGGCAAAGGCGGCATTTATACTACTAACGTCATACATTCCGGACTATGGCTGATTCTTGGCCTGATGTTGATCTGGGGTATTTTCTGTTGCGTAGTGGCAGCTATAACCA
CP071032.1_gap5	174232	175550	1318	ATCAATATTTTTAGTACAAAAATTTTAAGGTTTGGAGAAGATGTAAATGCCCTGTGTAGATACTTGCTGTGATAATTTTATTAAGGGATTGAAGATTTTTGGGGACTGGCTGTATGAGAAAGATAAATTTATAACCGACGCCTCTGTCAGATCCCGTAACCGCATAGATGAACATATACTTGCAAAAATGAATGAAATGTGGCGCCATTTCAAAGATATTGCCTCCAGTGTAAGAGTGGCGGACTTTGATGAACATATTGGTGATATAGAGGTCTTTTTCTCCAGAATGCAGGAGCTGATGGACTTGTATTTAAACATATTAAAAGTGATAAAGTTCAAACGTAATGGTCATATTCTGCCGGCGCCGCGTAACAGAACTGAAAAATTATATAGAGCACTGGACAAGTTTTATTATCGAGCTTATTATCTCACGTATTTTAATGACAAAGATTATTATGTCAAGAGATGCAAGTATGAATGGACCAAGCTGACGTCTAATTTCCATTATCATCGATTCGGAATGATTTTCTTCTCAACAAATTTTTTTACAGCGGTCTATAATACAACGTCACTGGCTATAGATATGCATATCGGTAACAATTATACGGTAAAGCAGATATACGCGATGAATATTCTGCTGTGGCTCATCACCATACCTCAGACTTTGCTGGAGACGCTGAACCTGTTTCATTCCTCACCAGTTATGGACTGCTATGAAAAAGCTATTGTAAAAACGCAGCTGGCGTTTAATCTGCTTGAAAATCTGTCCTTGATATTTATTCATCATGTGATCAGTACCTGTGAAAAGACTGGCAGAGATTATGATACAAAGGGAGCTCCGATATATATTCTGGCTATATTGCCGTTTGCTGTTCTGGTGGGATATGTGCTTTTTTGTCTGTACTGGCGTATCAAATACCATAGACGTTCCCACAAAACTTATGTAGCTGATCACACTTCAGAGGTGAGGGGACTTTCTTTTCGAGCCAGAGATATAGAAAGCAACCCTGAAGGAGTGGCAAGACACATAGCGGATGCCAGTGAAGGAAGCGTCAGTATGATTAACCTGAAAGAGGTAGATAGTCTGTCGCAGAAAATGGGCAGGGTCTTTACTGCAACAAAAACTAATGAGCAACAGGCATTTGATGCTGTAATGACACAGTGCAGTAATAAAGCCGGGTTTAAGGAATTTCTGGATGCAGCGGTGGACGAGAGATACCAGAAATCAGTATCAATGAAAGACCTGGCGCGGGCTTTCAGTGGCGAGGATGTGTTTTTCGATGCCGAAGAGTCGCAGCGCCCCCGCAGAGCAAGTTCC
CP071032.1_gap6	225975	230196	4221	ATTGTATCATATAAATCCTGCTTAAATGTCAAAAATATCATGGCATATTATAATCGTATTTTTCAGGATTTAAACTTTCAATAGTCTTTTTTGTGACAATGCATATGAAAAGCTGGCGATCACCGATGTTTCTGCTTTTGCATTTCAGCCCGCAGCAGTTTACGAAATTCCATAAATTGAGCCCTGGTAGCAGAATCGAATTCTTCCATTCGCCGTTTTATGCGTTTTGCTGGATCACCATGCCATCTCTCACGGCTTTTGCTGGAACGCAACTCATTACTTTCTCGTTCCCGGCGGCGTTCATTTATCCGTGCCGCAATTTCCTTTATTCTTTTCTTGCGCGCTGTTTTCGATAATTTAAAAAAATCTTTTAAACGTTCCCGCATTATTTTTTGCATGACTGGGCTTATGTTTTTCCGCAGTGCCTGTTTTTCACATTCAGTCAAGCTGGCTTTTCTAAAAGCTTTGAAGCCTTTTCCCGGGCCGCCGAATTGCTCAAGGTATTTTTGCTTTTCGTCCATACTCAAACGGGAGAAGTTTCTTGAAGCCATATATTTTATTGATTTAACCGGAAACAATGCCGGGGCAGGAGGTTTATCTTCAGGTATTAATAACCAGTAAATGCTCCCGGCTCCGGATATCAGAGCAGCAAAAGCCAAGGAAATTACAGTTATTTTGCGTTTTCCTAAGCAACTCATACCGCCTCCTCTTATTCAATGTCACCGACGTGAAAATCCCCAAAGAGATAATTCTTGGCGCTTGGAGAACCCGGGGGACCATGAAAAGCTTCGTAATCATAAACTAATGGCAGCAGTGCAAATCCGAACCGGCGGGCAAACCTGCTGCTGCACAGCATCCTGCCGCTCTCCATGGCGTTATACTCGTAACTTGAGCCTTCAGCCTTGAAAAAAAGCTGGTCGTGGTCAGAGGGACAGAGAAAGATTTTGCTGTTTTCGCAATATGGCTGCAGTACGTCACATATTCTTGGGTCAGAGTTTAAATTCAAGGACGGTCTTACCGCTGCATCTGGCATGATGTCATTGGAGTCATTCAAGTAGCAAAGTAAAATCTGCCCAATGTTTTTAAGATTGTTTTTGCATTGTGTGCTTCTTGCTTTTTCTCTTGTAATGTTAAGTACTGGAAGCAGTAATGCCATCAGAATTCCAATTATAACTAAAACTGTTAATAATTCAATCAAAGTAAATGACCACGATACATTAAGCTTTTTCATCCACCCACCCTTACTTTCATCAAGTTGATTTAATTTACTATTGAGACAGTAATATATTAAATTTCTAGCCTCCGAAAACGCGCTTTTTATTAACTTCCCGCTGTTTTTCAAAGTCATAATTTATACTTTTTATAAAAGAACGCTCATAATCGCTTAAGCCGACAGGAGTGCCATCTGGGTAGGTTGCAGGGGAGTTATCTACTTTTGGGGAGACTTTCTTTGCTTTTTTAGGTGGATTGTACATTTCCTCGAACATTCGGCATCCGCCGCAGAAAAGCAGTGTACACAGCAGCACTGCGCATGATAAGTACTTCAATTTCATCTCTCTCTCGCAAAATAAGTAAATTAGTGTCTCCTGTCACACCTGGGAGTTTCCTCCGAAAAAGCCCGGTTGAATTTCTGCATACGCTGGGCAATAAAAACCTTGAAATTTTTCTTCTGTTCAGGCGTAAGTATGGCTTCAATCTGATTGTGTTCCTTTTGCATTATAGCCAGTATTTTGGGCTTTACTTCACGCATCATCATGATGCCGTCTTTGAAGTTTTCATCAAGAATGCAGTCCAGCTTTTTCTTTTGGTCAGTAGAAAGATCCAGACAGTTGTCCAGTTTCTGGAAGAGATATTTCCGAAATTCCTGAGGGCTCCTGGGGCGACGTGATTTAGCAACACCAATGTGATAACCTACCAGTCCGCCGAGGAGCAGGCCCGCCAGGTAAATGAATAAAGCGGTTAATGTAAACTTGTAAGGTTTCATCAATTTCCTCAATAATCTTTTAGCATTGAAATTCTACTCATCACATTTATTGCCGGATCTTCTGTATGGCTGGCACCGCCATTAAGATAGACTGTCCCGATAACTACCAGAACAGCAGCAGCGCTTGCCGCAAAAGACAGCCAGGCAAAACGCCACATTTTTACTTCAAAACTGGCTGCGGCAGCTTCAGCTGCACAGGTCTCCTGCTTTATGCAGGTAATCTTATGCATTAAATCATTTTTCCACTCCCTTGAAGGGGATGGAGTATTCTGTGCAAGATAAACTTGTTTCAGGAATTTTTCAACGCCCATATTGTTTTTTTTATTATCCATTTCGGGCCTCCGTGATTTCTTTCAAGATATCGCGCATTCTGTTTCTTGCCCGCATTGCCCTTACTTTTGTTTTCGATTCGCCCCATTGCAGTACTTCAGAGGCTTCTTTCAACGTTCTTCCTTCAAAATAAACCATTTCAATCAGCGTTCTGTCCTCCAGTGAAAGCTTGTTCATCGTCCATTTCAGAAATTCACGAGCCTCTTTGGTGCGCACGTTGTCTGCATGTATTGCTTGTGACAGACTTTGTGACATCAGCTCCAGCCATTCGGTTTGAACTTCAGGTTGATCTTTCGGCGCGTAGAACTCGCGTCTTCTGCTGTTTTTTCTCCAAAAATCGCAGCAGCATCTTATTGCTATAACGGCCAGCCAGTTTTCAAACGGCTTGACGCCGGAATAGGTTTTCAGGCTTTTGAAGGCCCTGATGAAAACTTCCTGAGCGACATCGTCAATATCACTGACCGGCACACGACTGCCGACAATGGAAAAAACTTTGCTGCTGTATCTTTCAACAAGTTCAGTGAAGTCTTCAGTTTTTCCATTTATAATATTTTTTACAATGCTCAAATCAGCTGATTTTGATGGCATTACCAATACCCACTCAATTTCTCCAAGGCTGCTGAAAAGACTTACAGGCGAACTTGCTGTTTTCATTTGCCTGTCTCAGAAAAATGTACATTTATTGTCTCATTAATTACAGAGTCGACTTTTCGTGCCCTGAGGTTACAGGTTTATAAAAAAATTTACTTTTTTATGGGCGGAAGTTCCATCGCCATTCTTCTGCTGTTTATAAGTTGCCATAAATAGGGGTCTCTTGCAAGTAATTTTACAAATTTTGCTGTATTGAGTTGCAGTTCAGTCGCACTTTCTTTGACTTTATACCCGTTTTTTGATAAAATATCCAGAATATAAGCAATCCAGAGCGGGTAATCCTGGTGTTTCGGGCTTATATCCATGCGTGGAGGAGGACAAGAGTTTTCAAGACGCAGCTCAACGGCTATCTTCACTCGCAATTTTTTTAGTGCCACCTGGCGATTACGGTGTTGACTGCGTTCGGAGCAGTCTGTGACAGCAATGCCGGTTGGGATATGGATTATTCTGACTGCTGATGAAGATTTGTTTCGCTTTTGTCCGCCTTTTCCGGTTGCTTTGAAAAAATCAAGCCTGCATTCCTTCAGCAATGCCGGATCGTCGGCTTTCAGCCACTGGTCACGATTGTCTGGCTTATGGGAGCTCATGCACCTGAGCAACGGCTCGACGGGCATTTTCAGTGATTCTATCCCAGTTGCCGTTTTCTATATCATCGTTATAGATAATGTCTTCAACAGTGACAGCGCAAACCTGCGGCAATTCAAGGTAATCCTTGGCATTTTGGGTGCTGATACCCCCTTTGGGGAAAATATCAATGGGCAGGTGTTCAAAAGGCTCTAGAATTGATTCCAGGTAATCCACTCCGCCTGATGCTTCAGCGGGGAAGAATTGAAAGTCAACTACGCCGTTGATCAGGATGTTTTCAATATCAGTGGCTGTACTTGCTCCGGGGGCAAAAGCAATTTTCTTTTTGGCGGCGGTTTTGATGGTATCCGGGTTAACACCGGGAGAGGTCGCGAACTTTGCTTTGCAATCAAATGCCCGCAGCAGTTGATCACGGTTGAGGATGCCGCCCGCACCAATAAGGAAATCAGGAAATTCTCTGGCGATTTCTCTAATAGCTTTACTGTCGCTGTGGCGCCGGAAAGTCATTTCCATTACTGGCAGACCTCCTTTAAACAGGGCCTCAGCAACATGAAGGGCATCGTCGGTTTCGATTTCCTTTATTTTCAAAATTGGAATGATTTTAAATCTCCCCAAAGCAGCAAACATTATAAGTTGGGCCTTTCTTTTATTTTTATTTTGTCCTTTTTATT
CP071032.1_gap7	239022	240460	1438	GCATTTATAAATGTCGGCGGCTTGAATTCGCTGTCCTTTATCTTTGCATTCAATTTATAGAGGATTACAATACTCTTCTGTTTTACATTGTCAAGCTGTACCGTTGTTTCAGCAGGGATCATAACGCCGTCATGCATGGTGTATTTGTCAATGGTAGAGATGTATTTTTCTGGTCTTCCATTGATGCGTTCAATAGTTTCCAGGCGTTTAGTCAGGAAATTGTTTTTACCGACATAAATGGATATAGGGTCCTGTTCTTTGATTTTTGAGATGCACAATAACTTATAATATGGCTTATTGTCAATGGTTGTTTCTGTAACAACAACTTTTTTGAAGACATCCTCGTATGTGCTGTCCGGTCTGCCGATACTGAATAATACTTTAAGTTTTTCAAACTTTGTGCCTTTTATCGGAATAACCTGTTTGTTTCTGTAATCTACCAGCCATGCTTTCTTTCCATTGAAAATTACTGCGTCTTTTTTGCGGTTATCTTCAATTGTAGTGGTTTTGAAAAGGTCAGGACGTTTAAATTTGACTTCTACTATGAATGACTTCTTGCCACTCCAGTCCCGTTTTATTTCCAGCATCTGTTTCTGCACATAAGACTGTGCGTTGCGATAAGCGCCGGTAGGGTCCATGGCTTTGTGCATTCTTTTTTCAAGTACATTAAGACTGATGTCGGCTGGTTTTTCCGGTTCTCCTCCGAAAATGCCACATCCCGCTGTCAGAATACAACCGAGAGGTATGGCAAGGCAGAGAACTGTTTTCAGGGACTTCATCAGGAATTCTCCATTAATTGCAAATATATCTGCTTTTGAAAATATATCCGGTAATGTTGCTGATACTCAGTGTCACTGACACAATAGTACATTAATTTAAAAATACAAAACCCTGTTTCCGAAAAAAAAACGGAAACAGGGGATTTTTTGTATATTCAACTAGTTTTAACAGAATTTAAGCATTATATGTGCTTGAGGTAGTGTTACCGCTGTTTTCGGTCCATGCCGTGTGAAAGAACTGGCCACGGGCTTTGTCTACACGTTCATAAGTATGAGCTCCGAAGTAATCACGCTGAGCCTGCAGCAGGTTTGCCGGAAGCACTGCCGAGCGATAAGAGTCATAGTAAGACAGTGCGCTGGAGAATGCCGGTACTGGAATGCCGTTTATGGCGGCAGCCGCAATAACTTTGCGCCAGGCATCCTGACATTCATCGATAACTTTTTTGAAGAAGTCATCAAGCAGGAGGTTGGCCAGTTCCGGATTTTTGTCAAATGCGGCCTTGATATCTCCAAGGAAACGTGCCCGGATTATGCAGCCTCCGCGCCACATGAGAGCAATCTCACCATAGTTGAGATCCCAGCCATATTCAGCTGCCGCCAGACGCATCAGCTGGTAACCCTGAGCATAAGAACAGATTTTAGAGGCGTATAGAGCTTTG
CP071032.1_gap8	366936	369230	2294	AATATAATTGCCAGTTAAGAACGTACTGGTATTAAAGCTTTTTAAACTTTAATTACGGGTTGATCAGTATCAGCAATTTTTATAGCAGTCAGATCATTTTCATAGAGACGCCCTGGCAGTGCAACCAGAATATTCACCGGTTTCCGGCTTAAAGAAAACGGTGGGTGGTGCCAGACGCCGCTTTGTAAAATAACCAGGGTGATTTGCGGAATCCTGAATGCTTCAATATTATCTACAGCCGGTGCAGTTCCGCAATTCGGTGGAGCAACCCCAAGAGCAATATCCCCGTCTATGGGCATCAGCATTTTTGCCGTAAATGCAAGTTGTTCAAGTCTGCTGATTTTATATTCACATGGTTGTATTCTCAGTAAGGAGTAGGAGACTGAGTCTCTGCTCAGGTCCTGCTTTAGAAGTTTCCTGGAAAATATTTTGTTGTTGTTGTCAATCGGATCTCCGGAAGAACTAAACAGGTGGGCATAGCTGCCATAACGTTTAAAGTTTCCGAGCGACAGTTCCTGCAGTTGAATGATATCCATTTTCTCTCCGAATCCTATTGTTTCGATAAACAGTTTTGCTGTTACGACAGAGTAATTTTAAATACCGCTAAAGATCTCTGATTTTTGCGATGTAGGCATTGGTATCGAACTTCCTTTTCAGGCCGTTCTGGTTCATAAGTCTGACCTTGCCGAGGACCGGGTGAGAAGGCCAGGGACGGTCATGTTTTCCAAAACACCAGGCCACCCCGGTACAACTGTTCGGGTCGCGTCCGTCAAGTTCATATTTATCATTAAGCTGCAGCGCTCTTTTGAAGCCTTCTTCTGGTGTCCTGCTCCACAAAAGAATCATTTTTCCCCAGTACATTCGCATATACCCGTGCATTTTTCCGGTAACAACCATTTCCTGCTGAGCGGCATTCCAGCAGGGGTCATGAGTTTTTCCGGCTTCAAGTTCGTCCAGTGAATATAAATATTCACGCGAATCTTTCCGATGTTCTTTCAATGTTTCTATCGCCCAGGGTGGCAATGAACAGTAACTCTGGCAGGAGCTGTTGTAATGAGCGAAGTTGATTGCGAGCTCCCTTCTGATAATCAGTTCTTCAAGAAAATCCTTGGCGTCCGGCAAACCTGTTTTATTCACCTCAAGCGCTATCTGCAACGGAGATATTTGACCAAAATGGATGTAAGGACTCAGTCCGGATTGAAAATCCTCAGACGGAATATTTCTCATTTCAGCGTAACTGGACAGCTTGTCATTTATAAAAGTTTTAAGGCGCCTCTGGGCTTCACTGGCTCCTCCCGGATGGTATTTTTCCGCTGCCGTTACGCTGTTGTCAAGATGCAGGGACTTTATTACTTTTTCAGGATCAGATATATCTAAAGATTCAAGCTGCAGGTTGTTTTTACATTCAACTACGTGGTTTTCAAGCGGCTGCATAAAGAAGTCGCGCAGCTTGGTTATTTTAGGACGGATAGTGTAGGCTGCAAACTCTTCTTTGGGAGAAGCGGTTTCAACCGGCACAATTATATCAGATTCAACTTGCACTACCGGTGTCTTTATCTGCTGAAACGCTGTCCCTCTCCACTGTTTTTGCACAGGCATGTAACCGGTGTCAAATACCGTTAATGCCGCTTTGCTGGACAGCTTGACAATGCCTTCTTCAGGTGATTCCTGCCTTATGACAAAATTTATGCCTTGTGCTTTCAGTTTTGCCGCGGTCTGCTTTAATCCCTCAAGCATAAACCTGCAGTTCCTGGTGTTGGAATCGGGATATTTTTCAGAAATTCCGAAATAGACAACAAGCGGCAGTCCGGCATCATTCGCCTGCCTGACCGCGAACTCCAGCGCGTGGTTGTAATCAGCCCGCTGTGAGGCCTGCATCCAGTAGAGTACGTAGTCGCCTTGGGACAAGGGCCCGCCTCGCAATACCTTAATTCTTTCTTTATGTATCACTTCTGGTCTCCTCCTGTTGCATCTCATAATATTTATGATAATATAAAATTAAATCAATACCAGTTGAGTTTTAATATTGTTGTAAGAATAATACCTTAAAATCACTTGTGTTTGTTTTGGGAGGAAACAATGATCAGGCTTGGTTTATGCTGTATATTCATCGATGAACCTGTCAAATACCACTATACAACGCTGAAGATCATTAAAAGTTTCAAGCGACGCGAGGACCAGCTGCAAAAGCTTTCCGGCATTGCCCTGTCAAATTCAAAAGCTCTGGTTGAATCAGTAAAAAACTGTAAAAAACTGGGAATCGGGGCATTCAGAGTACTTTCGCAGATTCTGCC
CP071032.1_gap9	371156	375916	4760	ACTCAAGGACTGCAGAAAGTCAATGAGGGAATGGTGGTTAAACCGGTTATGGGTAAATCGTTCCCGCTTGGTGAAACAACGGTAAAACCGCTGAACGGCAATCAAATGCCGCTTCCCAGCGATGGTGATACAACAGTAGCTGCAAAAAGCGGAAGCAAGTCTGTGAAAAAGCCGGAGGCGGCAGTTAAAAAGAATGCTGGATCCACTGCGGTTAAAGAGGATAAAGCAAAATGATTAGTAAGTTTTTTATTGAACGCCCCCGCTTTGCGCTGGTAATTTCCATTGTGATTGTTATTGCCGGCCTGATATCGATCAGGGTATTGCCGATTGCTCAATACCCAAATATTACGCCTTCACAGGTGAAGATAACCGCCAACTACCCGGGAGCGGATGCTGAAACTGTACAGAAAACTGTTGTAGAGCCTATTGAAACGCAGGTTAACGGTGTAAAACGTATGCTGTACATGTCTTCAACCAGTTCTGATACCGGTGACGCCACGATAACGGTGACTTTCGGTATTGGTACGGATGGAGACTTGAATACGGTTAATGTCCAGAACCGGGTGAAGTGGGCTGAAGCGCAGATGCCGGAAGCCGTAAAAAAGCGTGGCATAATTGTCAAGGAGCAGTCCAGCAATATGCTGCTGGTGGCGGCGGTTTATTCGCCTGATGGTAAATATTCTCCACTCGAGCTGAGCAATTATGCGGCAATCAATCTCAAGGATGAGCTTGCCAGGATTCCCGGAGTAGGGGATGTGTCAATTCTGGGTGAATTGAAATATTCTCTGCGAGTCTGGCTGAATCCGGCCCGCATGGCAAGCCTAGGCCTCACTGTTGATGATGTTTCGAATGCTATTAAAGAGCAGAATGTTCAGGTGTCAGCCGGTTCTTTAGGAGATGCGCCTTCCAGTGACAGTCAGATTTTCCGGTATACTGTTCAGACCAGAGGCCGTTTGAAAGATGTTACCGCTTTTAAAAATATTGTAATCAAGACCCTGCCTGACGGGGCCAGTGTCAAAATAAAGGATATTGCTAAAGTAGAACTCGGTTCCGAAACCTATTCATCCCAGGGACAGTTGAATGGCAGCCCGGCGGCCTTGCTGGCTGTGTATCAGCTGCCTGATGCCAACGGTCTCAATATCGCGAAACAGGTCAAGGAAAAAATAGCTGAACACCGCTTTCCGGAAGGAATGAAATGCGGAGTTAAGTATGATACGACCAAGTTTATCAATGCATCCATTCAGGAAGTGGTCAAGACTCTGGCGGAAGCCGTAATTCTTGTGATTCTCATAACTTACCTCTTTCTGGGAGACTTGCGTTCAACTCTGGTGCCGTCGGTAGCTATTCCGGTATCGCTGATCGGTACTTTCGGGGTTCTTTATGCGATCGGCTACTCAATCAACCTGATCACTCTTTTCGGGTTGATTCTGGCAATCGGTATTGTGGTGGATGATGCGATTGTGGTTATCGAAAATGTTAACCGGCTGATGCATGAAGAGGGGCTGCCTCCAAAGGAAGCAGCCAAGAAGTCGATGGATCAGGTAACCGGTCCGGTAATTGCCACAACCCTGGTGCTTCTGGCCATGTTTGTGCCGGTATGTTTTCTGCCCGGAATCACTGGAGAATTGTATCGCCAGTTTGGTATCACTATTGTAGTTGCCGTGCTGATCTCAACTCTGAATGCACTGACCTTGAGTCCGGCCCTCAGTGGTTTGCTGCTCAAGCCGATGGGTAAAGGATATAAAAAGCTGTTTATATTCCGCAAATTTGATGAACTTTTCGAGAAGGTAACCAGCAAATATATCTGGCTGGTCAAGCATCTGGTTCGAAAGGCGATTTTTGTTTTCGCGGTTTTTCTTTTAATACTGTTTGTCGGGTTTAAAGTTTATGAATCACTGCCTACCGGCTTCATTCCTGATGAGGACCAGGGGGTGTTTTTTGTAAACGTACAGTTGCCGGATGGTGCCGCACTTGCCAGAACCGAAAAAGTCGTTAAACGGGTTGAGAAGATCATGAGAGGTATCTCTGGGGTTGAGGATGTTATTTCTGTAAGTGGATTTAGTATTCTGAACGGCACCAGCTCCCCGAGCAACGCAATGTTGATTGCAATGCTTAAGCCATGGAATGAACGTCCGACACTTAAGCAGTCCCAGTTCGGAATCATGTTCCAGGTCTACAAGCAGGTTGTGAATATTCCAGATGCCATGATAGTCCCGTTCGGAGTGCCGGCCATTCCCGGAATCGGTTCGACTGCCGGTTTTTCATTTATGCTGGAGGATACCACGGGGACAAATCCACAACGGCTGGGACAGTATGCGAATTCTTTAATAATGGCAGCAAATAAAGAACCTGATTTAAATCGGGTTTTTACAACTTTCTCTGCAAATGTACCTCAGGTTTATCTAAACATTGACCGTGAGAAAGCGCTGAAGATGGGAGTTTCAATTGAAAGTATCAATAACGCGCTGCAGGGATTTACTGGAGTTACTTACATCAATGATATCAACAAATTCGGCAAAGTTTATAAAGTCCAGATGCAGGCTCAGAAAAACTATCGTTCACAGGTAAATGACATCAATGATATTTATGTCAGAAACAGTGATGGTGATATGGTGCCAATGAGCACGCTGGTTCAAGTTGAGACTAAGTTCGGACCGCAGTACCTTAACAGGTACAATCTCTATTCAGCCGTAAAAATAAACGGCAGTGCGGCCTCCGGCTACAGTTCTGGCCAGGCAATGGCTACCATGGAAAAACTTGCCAGAGAATTACTGCCGCGCACCACACGCTTTGACTGGACTGATATGTCATATCAGGAAAAAGAGGCAAGCGGCAAGATTGGAGTAATCTTCAGCTTCGCACTGTTGTTTATCTATCTATTCCTGGTTGCCCAGTACGAAAGCTGGATGATCCCGATTTCTGTGATGCTTTCCGTACCGATTGCCTTTCTGGGAGCCATTGGTTCATTGTGGGCTTTCGGCATGACTAACAATATTTACTGTCAGGTCGGATTTGTTCTGCTGTTTGGACTGGCTGCCAAAACGGCAATTCTAATTGTCGAGTTTGCCAAGGTGCAGCATGAACAGGGGATGCCAATTGTAGAGGCTGCCGTTTTTGCGGCAAAACTGCGTTTCCGCGCGGTTCTTATGACAGCATTTTCGTTTGTGCTTGGTACTTTCCCACTGGTGATAGCCTTCGGCGCCGGAGCAGCCAGTCGTCGCTCGCTGGGTATGACAGTGTTTGGCGGCATGACGGTTTCCGCCATATTTGGTACAATACTGGTGCCTTCGTTCTATGTTCTGGTGCAAAAGCTTATTGACTGGCAGAAAAAGCGCAAAGAACGCAAAGCAGCATAACCAGAGATAAGCATGAACTAATTGCGGGCAGCTTGGGCTGCCCGTTGTTTTGTAGATTTATATTAATCGCTGTCCCAGTCATGGTTGCGGTTTCTCGTAAGGTGATCAACTCTGGCTTTTATGATTTTATCGGCATTCCGCCTTCTTTTTTCATAATTTGCCGTGAGGTTGGAAAGTTGCATTTCAAGTGCTTCAAGCCGTTTCTTATATCTCAGCATCTGTAGATCAAAGGTCTTGCGTGTCATGGCATAGATTTGATTGTAGTACTGTTGCTTCTCAGCATTATTTGATGCCTTGTGGTACTTAATTATTAGTTCCTTCAGTCTTTTGGATTCAAGTTTACGCTGTTCTTTGTAAGCTTTTACCAACCTGTGAATTTCTTTTCTAAAGGCCTCCGGATCGGTCTGGTACAGCTTCTGCAGTTTTGCTTTTTCAGCGTCAGAAACTGTCGGCAGCATACGCAGTAACTTGTAGTTGTGCTGTTTTTTTCTTGATGGTTGATTATAATCGCCGGCATTCAACAGGCACGGAGTACTGATGGCCAGTAAAAAACAGAAGATGATTCGCATACTATTCCTCACAGATTTTCCAGATTAATCTCGTTATTGACATATGACTGCAAAGCATTGTCATTATTGTTGCTCATAGTCAGCATCTGCCTGCTGATTTCAACTTCAGTATCAAGTTTGAAAACTTGACTCTCAAAGTTGTTCCAGCTCCACTGCTGCAGATATTTTTTTTCTGCTTTAACCGAGTTATATTCACTGCAGGTGACAATAAAAGCAGCGGCCATGCTGGCGGCTGCGGCTGTATATCCTATCAGCCGTCTTAAGGTAACTCGGCGTCGAATTGACTTGCTGCGTTCCCGAGCATGTTTCAATATCTCAAAGTCTTTACTCAGCGGCGGATCAGTTAAAGGCAGTTCAGTGCTTGCCAAAAGACGCCAGTCCTCCAGGAAATTTCTGCACTCTGAGCAAGTTTTACAGTGTGTGCGCACTCTCTGACTGAATTCACTGCCGGAACTAAGGATTTCCTCCTGAATTTTATTACATTTGTCTTTCATTTTCTATACCTCCGACTTCAGTCCCTGAAAGTGTTTTCCGCAGGTTCCTGACAGCATACTGCATTCTGGCCAGCGCCGTGTTTATCGAACACTTCTGGATATTGGCTATTTCTTTAAAACTAATATCTTCCTGTCGCAGCATGAACACTTCACGCTGTTCCAGCGGAAGCCTGCGAACAGCTTTGCCGAGGAGTACTGAAAGCTCGGCACGGTCAAGTTCACGCCATGGTTCACTGCCTGTGGGATCGCTCAACTCCGGAACTTCATCACAATCCAGTTCCACTCCACTCTGCCGCTGCTGCTTCCTGAAGTGATCAAGAGCGCTGTTGCGGGCTATTTTT
CP071032.1_gap10	564957	565869	912	AATATTTTTTAGCATGTTTCAACATTTTCCATTTTCAACATGTATAATAGAAAATCGTTAGCCTTTATCTTGCAAGAAACTGAGCCGACATGTCATTAGACAATCTGTATTTTAAGATACCTGGAATTAAATATTAAAACCGGGAGGCTTACAATGAAACCATCCTTTGCCGCAAGGCTTTTATTTGTCATTTTTTCCTGTGCTGCTACAGTTTCAACTGCCGCTTTTAAACCTGCATTTTCAGCAACAGAGCACATTTACGGTGCAGCAGAAGTAATGATTAAACTTAATCACGATTCGCCCGGCATAAAAAATCCGGTATTCACGTTGCCAAACGGGTTACGAATCAGTTACGGCCAGCTGGCGGCCATGCCGGATTTATTCAGTGTAGTCGGAAATTCTGCATCAGACACACGTGACCCTGTCGAAGCTGAGGAACGTTTCCTGCGAAATTTTAACGACCTGGCTGAATCATCGCAAAGCGTCACGAGATTCAATAAAATATGGCCTGTAATGCAGGATGAGTATGAGCAAATCACCGCTGCTGTAGAAAAAGGTCTGGATCCTGCATATACCTTCCAGAAAATATCCGGCGACATTGATGAAAGACTCAATCGCGCTACTGGCGGCGGCTCCATCTTTACCGGAATGTACCCACTTGGCAACTACCTGAAGCTGGCTGTAAACTGTTTTGATCATTTTGGTGAAGACGCAATTTTTGCTTATCACATCGGGCACAATGCCGCTATGAAAGCTGCCGTACTGGCAGGAAAAATCGAACGTGGAGCTGCTACTCCGAGTACATCAGATATTCAAAAATACGGCAAAGATTTAAAGTTGATTGCCTTGAATCATCTGGAATACGCTTATGCACTCAATGCGTTTGCCTGTCATTATATGATGGACAGATTT
CP071032.1_gap11	611914	613511	1597	GGATCCGCAGAAAGTAGCTGACTACCTTGCCTCATCTCCTCTGGCAAAACCTGATGATTCAATGCAGCTGAATATGCTTGAAAGAGTCAACCCGGTTTACAAGGCTCAAGCTAAAGTATTTGCTGAATTGTTTGAGGCAACTACTCTTACCGCTGCAAAATGGGAAGAAATCAAAAAGCTTATGGTTGATTACGACGATTACCTTGCTAAAAGCCAATCAGGACAGGTCGGCAGCCTGGGGCAGGAGAAGCTTGAAGACTATATATCCGGACCAGCTCTGGACAGGTTGCTTGAAGCTTTTGTGATGGACAAAAAGCTTGGTGAAAACCTGAAGATGCTGAAAGCTGCAGAGAAAACCATTCTTTTCCATAAATATCTGCCGGAATTTGTCAATAATTTCGTAAATTTCAAAGAGCTTTACACACCGGGGAAAATATCCATGATTCAAGCCGGCTCTCTGATTATGGGCGGCAGACATTTCAATTTGAACGTCAAAATTAAGAATGTAGCCGACCACAAAAAACTGGCGGCGGCTGCTAATTTATGCATGTTGTACCTTGACCTTAAGCGTGATCAGGAACCACCAATGAAAGTTGCGGCTGCAGTTACTTCAGGCCGGGCTAATGAACTTTATGCAGGAAAGCCGGGAATATTCATTGACTACAACGGCAAATACTGGAATGCCAAAGTTGTCGAGATAATAAAAGGCCCGGTTTCCTTTGGTCAGTCTTTCATGTTGCCCTTCCGTAAAATTGGCGACTCTATAAGTCAAAAATTTCAAAAACTTTCCGAGTTCAACAACTTAGGAAAGAATCTGGATAAAACAATTAAAGCTGCTGACGCCACAAAATCAAAATCTGCGTTAAATGCAGGCTCAGTAATGATGCTGTGCGGTACAGTGGGAATAGCGGCTCTTGGAAGCGGCGCGGCATATGTGATAAAAACATTGCAAAATGTGTCATGGACAAGAATTTCCGCGGTTTGTGCCGGTATTATTATTCTGATCCTTGCCCCGGCAGTAATTTCAGCTCTTATGAAGCTGAATCGCCGCAACCTTTCTCTTTTTCTTGAAGCTGCCGGCTGGGCGGTAAATAAAAAGATGAAAGTAAGAGGTAAAGTTTCAAAGATATTTACCTTTGTCCCAATCTACAGGAATAAAGAATAAACTTACATTTTTAAATAAACCCGTTTTGTTAAAATCAGGTTAGAAGCTTATTGCCAATTTGAAAAATATGCTATCAAGCTGTATACTTTATTAGGCTAATATTAATTAGCTATTTAAGCGTATTGATTATTGTGATATTCTGGAGCACCCATGACCGGTAAGTTTCTTTTTCCGATGGCAGCCGCCGCATTGATAAGCATTACGTCAATGAGCCTTTACGGAGCTGCCTCTTCAAGTTCAACTAGTAAGAACCTCAATATTATGTTTATTGGTGACTCATACACCTGTGGTTGTCTTGCTGAAGGAGTTTCATCCATGCCCTACCCTTTACAGGTACTAAAATACTTGAACAGTCAAAAAATTTTACCGGGATTTTCATTTTCGGCTTTTGGTCCGCTTGGAGGTTCAGATTCCCAGATTACATATCAAAAT
CP071032.1_gap12	616979	617759	780	GCTCCGGTCGCAGAGTTTCTGGCACTGCTGACGAGATAATTCAAAATATCCGAACTTACCCCTTGAGATATAGCAAAACCCACCCAGTTGCATTGCAAACTGGTCAGACTTCCAAGGTAGAAGAATAAGCCGTAAGCCGCTATTGCTCCTAAAATCATGCGTTGAGCAGCCAGAGTCCCCTCAGTAACATACACCAGCAGTAGCGCAGCCAGATAAGGCAGAAACAGCACTGTGGAACCAATATAAAACTCAAAGCTTAAAATATTTACCCTGATTTCAGCCGCACTGACGAATTGAGCAAAAATAAACAGCGCCCCTACAGAAATATAAAAAGCGGCATTCCCAATCAGCTTACGCTGACTGTGCAGCAGACCAAGCCCGACAAAAATAAAGGTCATTTCCAGGAATGCCAATACTGTAGCGTAAATACTCTCCAAGCTGCTCTCCGAGAATTTTTAACTGTCGCTGTTTAAGTTTTTCAAACGCTCCCGGACCAGCGCTGCCCGATAAACATCGCGTTCCTTTGAATCAAGGTGCTTACCTGCAAACCTCTGAAGATGAGCAGGGTTAATGCTGAGGAATAATTCATTTACCGTATGCAGGTCAACCGAGCTGAACATCCCCATATCTACTCCCGTCCTGATTCCAGACAGGGAATTCAAGGCCTCCTCACTGCTCAAAGTGTAAGCATGGCGTAGAACACCATAAGACCTTCCCACATGGTCCAGCAGAAAATACTGGTTATTTTCGAGAAGGTTGATTCTGGCATTCTTTTCATGG
CP071032.1_gap13	634497	635752	1255	TCCATTCTCGTTAATTCATGCTATATTAAAATAACACAATTATCTTCGATTGTAAAACTTTCAGGCAAAAAGAATTTACCCGCAAATAGAACAGACCGCCAGACCGCCACGGGAAGTTTCTTTAAATGCACACGGCATCTGACGTCCGGTTTCAAGCATTGCCTCAACCACTTCATCAAAGCTTACCTTCTGCATCTTCGGATCTCCGACAGAAGCAACCAGATAAGCATTATAAGCAGTGATCGCGCCAAATGCATTCCGCTCGATACAGGGAATCTGGACATATCCGCCAACCGGATCACAGGTCATTCCCAGGTGATGTTCAAGCGCAATTTCAGCCGCACATTCAATCCGGTCAAAGTCACAGTTGTTAACATAGGCAAGCAGTGCAGCAGCCATTGCTGAAGCAACTCCGACCTCTCCCTGGCAACCAACTTCAGCACCCGATATGCTGGCATTGTGTCTGACTATAAAACCTATCGCCGCGGCAATCATCAACCCGGCACGCATTTTTTCATCGGAAACCTTCTGATAGTTTTTCAAAAAGTAAATAATTCCGGGTAAAACTCCGGCAGAACCAGAGGTCGGCGCAGTGACAACCATATGTCCTGCTGCGTTTTCTTCAGATGCCGCCAAAGTAAAGGCATCAAGCATACCGAGAAACCTGTCAGGAATATTCTCAAGAGCATTTGAGCGCTCAAAGAACTCTTTAGCCTTGCGCTGCAGTCCAATCGGCCCCGGCAGGATGCCTTCAGTATTAATGCCGCGCTCCACAGCGCAAATCATGTTATCAATTATAAAGTCAAGCTTTTTGTCAATATCTTCAGTACTGTTTCCAGAAAGACTTTTTTCATTATCAAGCAGAAGTTCAGCCAGAGGAATTTCATATTTTTCCACAATACGACGCAAAGATTCCATATTCTTATAGCGATAAGGCGGCATTTCGCGTTCTTCAGGCTTTTCCCCTTCGCAGATAATGAAGCCGCCACCAATAGAATAATAAGTTTTCTCAAAAAGCACGGATGAACCGCTCAATACCTTAAGAACCATTGTATTTTGATATGGGAAGTCATGCTCGCCATCAACAAAATGAATATCCTCCCGCTTGAAAACCAGTTTAGGAGCCCCTTTTACTGCAGGTCTGTAAACTTCGTCTTCATCCTGAAGCAGCCGTTCAAGTAAGGCTATGTCGCAGGTTTCCGGCTGTTCTCCAAGCAGACCCACGGCAACTGCCCGGTCAGTACCATGCCCCTTT
CP071032.1_gap14	662748	665742	2994	CGTTGTCGAAATGGTATTTTACGTCTTAATACGCAAAATCAACCTTTGAGCTTTACTCCACGTAATATTCAGTTGGTTATGAAGTTAAATAAGTTGATAGACAGTTCTGACATTCTGATAGTTTTCGAGCATGGAAGAACCGCTAACTTTTTTTTAACCAGCTACTTTAATATTTTTAACAGCAAGAGGTTTGTTTTTGGAGTTGATGTTTTTGACGAAGAGCTGCAATCTTCTTATTTAAAACTCAATACTGTGAGGGAAATAATTGATGATAAAATTAATCAATTTGATGGAGAGGATAATAAGAAAGACTATAAAGTTCTGTCTAAATTAATAGCCGAGTACGGGCTTCCTCTACTAAGCATGGAAAAATATCTCGCTAACAGACAGGGAGCTTTTGTGGATTGTATTTCCGAAAACGCTGTAAGGTTTCTTGAAACAAGGTGCCCAAATGCCTTCTGTTTCGGCGCAGGAAGTGCGCTGAGTAATTTAACAGAATCAAATTATAATAAAAAAATCGAAAGCTATCCTGATCTGTTTAAACAACTATGCAATGAGTTGAATCTTTCAATGGACAAAGGGCTGTCTTCACATAAATATACTTTACTTACTAACAAGAAGGATTTTCCGAAAACAGTGACACTCCGCAAAGAAGTAGCACAAAAGATAGGAGTATTCTACGCAGCAGTGAACCGGGACAGATCAAGTAAAAATAGGATCCCATTTATAATATTATTAAAAGATGATTATGGCATACAAAAAAATCAAGAAGGACAAATCAAAAGGCCTGCAGCAAACGAAAAAGAGATGTTAATCCAGAATATTCTGAAAGAAAAACTTAAATGCTTAAACTTAAGAGACGTTAAAGTTACCACTTTATATGCGCATTCCTCATGGTATAATAACAGGTTTGGCATATTTTCTCAAAGGAAAGATGAATTACTGCAAGCATTAGATTTAGATTATGCAGTACTTTTTTCTGTATTATAATGAGAAAAACACGGTTATTTTTTTGAGGTTTATTGCAAATTAAAATTCACTATCGAAATAATTATTGAAAATATTATTTCGATAGTGATTTAAAAATTGGCGACTTATTAGAATTTCTTTGTCATCATATCACAGCCTTATAAGAGATTCAGGGCTTTATACACCTGTCCTCTCCAAATTGTCCACCTTTATCATACAAAACAAGGTTTACGTTTTTTTCTATAATAAAATATTCTCCGTGAGCATTTACGACTTTTTGTATTTAATTTTTTAGTTTGATTGTGTTTTCGTCAATTCGTCAATACTGAGAGTGCCATCAAACCATCTGCCAACTTCCCTATCATAAGCTTTCTCTATATTTAATAGTCCTAAGCTTATTAATATTTGATAGTTTATGGACTCTAATTTCCAAATAAAAGCCTTCAGGGTTAAAAAGGGGATAAGCCCGCATTCCTACATTTAAATTTATACCTTTAATATAATACCAGAAGCAAGTTGGGTTTTAATCAGAATAACTTGAATCATCTATTCCAAAACATTTATTTTTTAAGAATAAAAATAAGGTATATTTGACTACAGCTTCTCAATCCATCAAAAGAGCATATCCTTGTGCTTCAGGATGCTGGTCATCAGGGTTGGCTACTGGGGCTACTTTATCAATATTTATTTTATCAAACATTCCAACTCTTTCCCAGTAAGGATCTTTTTCCAAAGCTTTTTTTAGTTGGCCTGGGGAGATGTCTGCATGTATTGGATTCTTTATGATTTGAACGCTTTCGGCAGGCGGAAACTCTCTGTAGAATTGATGAGCCGCCAAAATACACCTAGAAGCAAAATTTGAGCAATAAAAATCAGTTGGCAGATTTCTGTTGTTAAATTGTCTTTGATTGTACCTTCCTAAAATACCTCCAGGCATAATCGCTCTAAGCATTCTTGAGTGACTTGAGTATTGACCATAATGTTTATTACTCTGTTCCGTCTGACTATGAATCATTTCGGCAAATTCACATATTGTTTCTCCTGCTATTCTACTTTTGTTTCTATATATTGTAGCAATGGAATCAGTCAGCCAATCTCTTAAAGAAGATATTTGAATTTCTGGATCGTTTGCTTCTATGACGTTAGCTTCTTCATCACAAATTATTGAAGTATGATATTGCTTAGAACCTGAAGTCCAGGAAATTGTTTTTCTACACGGGTTTTTCCCTTGAGTAAGACTTGACAAAAAAACTATATCCCCACGTAATAGTTCATCTGTAATCATTTGGTTATACTCTTTCTGTAGTAGTTCATTTGTAACAACTACAGCATCTGGAAAAAATGCATCTTTCAAAATTTGGTTAGTATTCAAGTACTTGATGACAAATTTCACCGATGTCGTTGCTTCACTTCTTCTGGTACTGCCAAAAAACCAGCCATGATGACGATGTTTTGCGGCATGCCATACAAATCTCCTGAAAATAGATTCAGCAGTTTTGGCATTTATGACATTTGATGAGTGGATCAGGTCGTGATAACACTTTATTAAGCGTTCGCGTTTATGACTTGAGCCTTTTGCTGAAAAGCAGGTTTTGATTGTTGTTTTCATAAGGCGGGCTAATTCCTGCCTGATATTTCCATGCATGCATAAGTCATATTTAAGCTCTCTATCATTATTTAAGTATCGATTTACAATGCTGATCAATTGTGTTGTTGAGTACTTCTTCCTGGCCAAAAAATTGCCGCGTTGTATTGAAGATATGCTTATAAAAATGTTATATACTTCTCTTATTTGCCTTACAGTTACTACGCTTTCAGACGTCAGATAATGAAAGCACTTCTGCATTTTTCTATGAATTTTATCATTATAACGGTCAGCTCTTATGACTTCCATCATTAACACTGCAGTCTTAGCTTTTAACTTTGTTGCTGAATAGGGCACTTTGGTTACCTCAAATTTGTATTATATGTATTTAAATTACGATTTAATTATAGATTTTTATTATCCATCATTAAACATGTGTC
CP071032.1_gap15	701977	706606	4629	GCATATTGGCAAAGCCGCAATGACAGCTAAACTGCAAAACACCGACTTTATAAGTTTTTTCATCCGATACTCTTTTCTTCAAAGGTTGTGTCAGTTCTTGAGCCGCAATTCGGACTCTTTAAACTCACTTTCGTGCCATCACTCTGTAAAATTTATAGCCGGGCTGTTGTTTTACAACATTTTTCAATAGTTTATCTCATCTTTTTGCTTAACGGAATAACGTCATAAAAGTCAGAGCAAAAGGAAACAATAAGCTGCTCTTGCAGCATAGACTGTTGCAGGTAATTTATCACAGATACAACTGGCAAAGTAATAAACTCTTTAAGATCTTCCCCCCCTTTAGTAAAGTCAAATGTGATTATTATTTATCGCAATTTTGCAAAAATACCGATTCTTTATATTTTTTAATGGAACTTTAATTAAAAACATGATGTCATAATATTTTAGCATTAGTTTAATGTTAATTAAATATTATATGCTGATCTTGTTTCCATGGGTAATTTTTGAAATATATGTAGCTTTCAAGAAGATATAAACATAGTTTATTTAGCAATTCTTCACTTCTAAAAAGCTTCATCATTATTTCCTGCTTGTTTTTTAAGTTTGTTAAGAAAAATAATTCTATCAAACCTGTATTTTTAAACAATGTTAATAAAACGAGGGACAACATGGCAGAAACATTGCAGAGAAAGAACCATCCGACGTTTGTTTATCTTTTCGCAGCTACAGTAGGCATGGGCGGATTATTATTCGGTTACGGTACAGCTGTAATATCTGGAGCTATGCTGTTTATTCAGGACCAGTTTCACCTGTCCACCTTTCAAATGTCCCTCACGGTAAGTATACTTCTGGCTGGAGCTTTTTTCGGCGCTCTGGCAAGCGGCAAAATAACAGAAAAACTTGGACGCAAAAATTCGCTGCTGCTGGGGGCTGCCACCTTTCTGGCAGGATCAGTTATTTGCGGCTTTGCAGTAAATGATACCATGCTTATTGCAGGACGCTTTATTGTCGGATTAATCATCGGCATGACGTCATTTATAGTCCCTCTATATATTTCAGAAATAGCCCCTACCAGCCTGCGGGGGCGGTTGGTAATCATCAATACTCTTGCTGTAACCGGCGGTATGCTTGGATCTTACATCCTCAACGTTTTCCTTGCACCGCTGGCCTATAACTGGCGCCTCATGCTGGGTATTGGCGTTATTCCAGCCGCGTTTATGTTTGGAGGACTGCTGTTTCTACCGCAGAGCCCGCGCTGGCTGATGAAAAGAGGACGCCGTGATCATGCCCGCCTGACACTGGAAAAAATACGCCATCTGGATGAAGTTGAAAACGAACTTGAGGCAATTGAAGCTATTATAAGCAGCCAGCAAAGCCAGAGTCACTGGCGGGATTTACTCAATCCCAGATACCGTGGAGTAATGACTGTCGGTATCGGACTGGCGATGATTCAGTTATTTACCGGTTGCAACGCGGTTCTTTACTTTGCGCCAATTATTTTTAAAAACTCTGGCTTTTCCGGAATCACCGCCCAGCTGATGGCCACTGTCGGTATTGGTTCAGCTAACTTTTTGTTTACAATTGTTGCTATCTGGCTGGTGGATAAACTGGGAAGGCGCTTCATTCTGAACTCAACCCTGGTTGGCATGACAATAATGCTTCTAGCCATTTCAATACTTCTGGAGTACTCTGCTACAAGCAGCTTATGTCGATACTTGCTGATTGGAACCATGGTTATATATATTTCAAGTTTCGCACTTGGACTCGGCAACCTTTTCTGGCTGCTGATTTCAGAAATCTATCCGCTTCGCATAAGGGCCAAAGCAATGAGCCTGGCCACCAGCGTCAACTGGCTTTCAAATATGATTGTGGCTATGTTCTTTCTCGGAGTAGTCAACCATATCGGAACCAGCGGAGCTTTTGTTCTATTTACTGTAATTTCCTTTGTCAGTTTGATCTTCTGCTACTTTCTGGTACCGGAAACCAAAGGCGTTTCACTTGAACAGATTGAGGAAAACCTTAATTCCGGCAAACCAGTTAGGGACATCGGTATTCCGGTCACTGCCAGAATGCGTCTGCTGAAGTTTTTTACAAGCCGTATCGAAGATATTGACGAACATAGTAATGAAAACCTGAAACCAACGGAGAATGTCTAATGCAACAAATTATTACTGGAGTAATCGGCGCGGGAAGAATTGGACGACTACATGCAGAAAATTTGATTTTCAGTATGCCAAGGCAATTCAAAGTCAAAAGCATTGCGGACCCTTATATTGACCGCACCTGGGCTGAAGAGTCGGGCATCCCGGTAATCCTTGAGGATTACAAGGAAATCCTGAACGATCCTGAAATTGAAGCCGTTCTGATCTGTTCTCCGTCGGATATGCACGCCGATCAGATCATTGAGGCCGCTGCCGCCGGCAAGCAGATATTCTGCGAGAAACCGGTTGCACTTGATATAAACCGCATTAAAGAATGTATAGAAGCCTGCAAAGAAGCCGGAGTTATCTGTCAAGTAGGTTTTAACCGTCGCTTTGATCCTGATTTTGCCAAAGTACGTGAATCGGTTAAAAATGGACAGCTCGGCGAACCGCACATCGTCAGAATTACCTCTCGTGACCCAGAGCCGCCTCCGGCCAAATATATAAAACAGTCCGGCGGTATTTTTCTGGATATGACTATCCACGACTTTGACATGGCCAGATTCCTGGCTGACAGTGACGTTGAGGAAGTATACGCCAGCGGCGCGGTGCTGGTTGATCCCGAAATCGGCGAACAGGGAGATATCGACACTGCAATGATCAATCTGAAGTTTGCAAATGGCGCTCTCGGGGTCATTGACAACAGCCGCAAAGCGGTATATGGGTATGACCAGCGCGTAGAAGTCTTTGGCAGCAAGGGTTGTATACAGGCCCAGAATAAAACGCAGACCAAGACCGTTTTCAGCGGAGCTGACGGAGTTATTTCCGAAAAACCGCTGTTCTTTTTTCTCGAACGCTATAATCAGGCATACCTTAATGAACTGCAGGCCTTTTATGACGCCGTGACAGGCAAGGGCGAAATCCCCTGCGATGTTGCCGACGGCCTTGAGGCCGTGCTGATTGGAAAGGCTGCCCTGAAGTCGCTTAAAGAAAACCGTCCGGTAAAACTGACGGAAATTTCCGAATAAACCATCATGCTCCCTGCTCGCAGGGAGCTTATTGATGCTATAATATTTTAACTATGTTTAAAAAAGGGATTATTAACCATGACTAAATCAAGAATGCAGTTGACCAGCGAAACAGCTACTGATTTCTGGAATGACTCCTGCAGCTTGAATGAATTGCGTGAGGCCGTTGAAAACGGCGCGGTCGGAGCCACCAGCAATCCGGTAATTGTTTACAATGTAATCAAAAATGAAGAAGATTTCTGGATGGGGGAACTTCGAAACATTATAAAAAGCAATCCCCATGCCTCAGAAGAGGCTATAACCTGGAAACTCATCGAGCATATCGGTATAGAAGCTGCAAAAATCCTGCAGCCAACTTTTGAAAACAGTAACGGTCAGAAAGGCCGCCTGTCACTACAGGTCAATCCTGCTCACTATAATGATGCAAAGGCAATGGTTGCCGATGCCAAACATCTGGCTTCTCTGGCGCCTAATATTGCCATCAAGGCCCCCTGCACTGCCGAAGGTATTGCCGCAATGGAGGAAATGACCGCAAACGGTATTGTGATTAACGGAACTGTCTGTTTCACGTTGCCGCAGATGCTGGCATGTGCTGAAGCTGTAGAGCGTGGTCTCAAACGAGCTGAAGCCAATGGGCTGGATACTTCCAGCATGCAGCCCAATGTCACTCTTATGGTCGGACGTCTGGACGATTATCTGCGCGATGTTATGAGCAGGGAAAGTATCATTCTGGACCCGGGATATCTGGAGTGGGCCGGTGTCGCGGTTTTCAAAAAAGCTTACAAAATATTTAACGAACGCGGCTATCGCAGCGTTCCGCTGGCTGCAGCATACCGTAACCATATGCACTGGTCAGAGTTTATCGGTGGCCGGGTTGTGCTGACTGTTCCCTATAAATGGTGGAAAAAATTCAACAATTCAGACATCGATGTTACCCCGCGTATTGATAACCCGGTTGAGCAATGCAAAATCGATGCGCTCTACAAGTATTTCAACGACTTCCGAAAAGCGTTTGACGAAGACGGTATGCAGACTGATGAATTCATTACCTACGGAGCTACTGTCAAGACTCTAAATCAATTTGTCAACGGTTATTATGATTTGCTGAATTTCATCCGCAACAAGCGACTGGTTGTAGCCTGAGCTGAAAGGTGCCATCATGAGAAATGCAGATAAACTTATTGTTAAAAATCCAGCCGGTTTTGCTAACGGCTATACCGCTGTTACTTCAATGGCGGCAACGGATGATAAAACCGGACTGGATTTTGGGATTTTAAAAATCAGTGCCGGGGAGTCTTACGACCTCAGCAGCCCACTCGAAACGGCCTGTCTGCTGCTGACTGGCGATGTCACTTTCACTTATGCGGAAGGACAACGCCGAGCTGCCAGAAATTGCATCTTTGATGAAGACCCGGTTGCAATTCACTTCTGCAAAGACCGCAGCGTGACCCTGACTGCGG
CP071032.1_gap16	711077	712230	1153	AAAATGAGCATTTATAAAGTCAATCACTTTATTAACGGGGAGTTTGTAGACGGTGCTTCGGGAGAGTATTCCGACATCGTCAATCCAGCAACCGGCGAGGTTGTTGGTCAGGTCGCAAGAGGTAATGATACCGATCTGAACAAAGCTGTCGCAGTTGCTGAAAAAGCTTTTGAATCATGGAGCAAGGTCACTCCGCTTCGCCGTTCCAGAATCATGTTTAAATACAAAGCCCTGCTTGAGGAAAACATGGATGAAATGGCCGCGATAATAAGTCGCGAGCACGGCAAGGTCATTGAGGATGCCAAAGGTGAAATCATTCGCGGCCTGGAAGTTGTCGAATTTGCCTGCGGTGCTCCGCACCTGATGAAGGGCGAATACTCCGTCGATGTGGGAAGTGAAGTTGACTGTCTTGGCATCCGTCAGCCGCATGGCGTAGTTGCCGGGATAACCCCTTTTAACTTTCCGGCAATGATACCAATGTGGATGTTCCCGGTTGCTCTGGTTTGCGGCAACACATTTGTCCTCAAAGTAGCCTCTCACGATCCTTCCACCGCAACATTAATGGCCAAACTGCTGCAGCAGGCCGGACTGCCGGACGGCGTTTTTAATGTTGTCCATGGTGGCCGGCAGATTGTACAGGGAATGCTGCATCACCCCGGCATCAAGGCTATCAGTTTTGTCGGTTCGAGCACTGTTGCCGAAATCGTCTACACCACCGGCACCAGAAACGGCAAACGCGTACAGGCCCTGGGGGCGGCTAAAAACCATGCCATTGTCATGCCTGATGCCGACCTAGACATGGTGGCGGATAACCTGATGGGAGCAGCTTACGGCGCGGCTGGAGAACGCTGCATGGCCATCTCAGTCGCAGTTGCAGTGGGTGATAAAGTCGCTGACTCCATTGTCGAAAAACTGCAGAACCGCATTCCCGCATTGAAAATCGCTGCGGGTGATGTCCCCGGAGCTGAAATGGGAGCGCTTTATTCAAAAGCTCATCTTGAGGCTGTGACCAATTATATTGCCGGCGGGGTTGAGGAAGGTGCTAAGCTGGTTGTTGACGGACGGCCTCTGACCGGCAGCAAGGGCTATGAAAAAGGTTTCTTTATCGGGGCTTCACTGTTTGACCAGGTCAAACCTGGTATGAAAATCTACG
CP071032.1_gap17	794631	795232	601	TAAAAGACTACCCGGATATATATAAATGGCAGTTGAATCACCAAAGTGCACGTGCCAGCTTCACTGCACAGCAGCTTGAAAGAATTGACAACTTTGTCGTTTTAAAAGAATTCCTTACCGAAGAAAGACAACTTTGCTGCGGTAATACTGTTCTCAGTTGTAAATACACTCACTATAACGGCAGCAGACCCGCAGCCAGAAACGGCAAAGAAGCATATTATCATATTATTGACAACGCCCTGAACGAACTTTTAAGCATCACCATGCACAACGAACAGGAAAAATATGACAAGTATTTTTTGCCTAAAGCAATCGAAAGAAAACGTCATTTAAAAACTCTATTTCTTTATATGGCCTGCTGTAAAGGTCATATCGATGTTGTCAAAAGGCTTTTGCAGGAACCGGATATCGACCCTTCCCAGGTTGACTCAACAAAATCAACTCCACTTTTCATAGCCTGCCAGAACGGACACCTTGAAGTGGTTAGAGAACTTCTAAAACACAGCCTCAAACAATTGAATCAAGTTGATAAGGAAGGAGCCAGCCCATTATACGTAGCCAGTCAGAACGGACATTCAGCGATAGTCAGAGTCCTGTTGAG
CP071032.1_gap18	837964	839327	1363	TACCGGTAAGTTTGAAAGACGTCACCTGGATGATAACGGATAATGCTTCAAGCACAAAAACGCCACCGACCAGCGCCAATAGAATTTCCTGCCTGACAAGTACTGCAATCAAGCCAATTGAACCGCCAAGTGCCAGACTGCCGGTATCCCCCATAAACATCGCGGCCGGATGGCAGTTATGCCAGAGGAAGCCAATACAGGCACCGACAATCGCGGCGGCAAAAACCACAGCCTCGCTCACGCCGGGAATAAAAGGTACATGCAGGTATTTCGCAAAAATGGCATGTCCGTACAGATAAGCCATAACCGCATAAGTCAATGCGCAGAATATAGAGCATCCTGCAGCCAGGCCGTCCTTGCCGTCCGTCAAATTCACTGCGTTTGAAGCCCCGACAACAACTATTGTGCTGAACAACATGACCCATGGAGTCTTCAACACCGGCTCTTTTAAAAACGGCAGCATCAGCTGCTCCATCAGATTTCTGGTCTCAGGAAGGTAGTTAAGACTCAAAACGGCAACCCCGGCAATAACAAATTGAGCTAAAAGTTTCATTTTTCCAGGAATACCATCTCGTCGGTTATAAGCTACTTTTGCAAAGTCGTCAATAAACCCGAGAAGACCAAAAAGCACCAGCGCAGCCAGCAGAATCAGTGGAATTGGATTACTGAGTTTGTTCCATAGCAAAACCGAAAAAACAACTGCCGAAATAAGTAGTATCCCTCCCATGCTGGGAGTCTTATCCTTGGCCCGGTCAATATACTCCTCATCCATAATCCCCTGATACCGGCAAGGCGCGTTGGCATTGAAAGCCTTGAGCTTTCTTACTACATAAGGACCAAGCAGCAAAGTTATTGCAAAAGCAGTAAAAGCCGCTCCTCCAGCTCGGAAAGTTACGTATTCAAACAGGCGCAGCGGCCCGAAAAATTTATCAAAATCAGATAGCCAGTAAAGCATTCATACCCTCTCTGTGTGCAGTTATATTACGATGGTTCCTGCTCACAAAATAGGTATTTTTTGCGCTTAATTCAAACCGGATGATAAAAAAAAACACCTATTTGTCACAACCCAAACAACAGACAAAAGTTACAAACAGGAATATTGTTTTTCAAGTAGATAAGCTATCGGGCAGCGGAAACGGAAGAACGGATTTTTAATTCTGTTGGAACAGGCCAGATTCCGGCATTCAGCGAGCCGGACTGCTCATATTCTTCCAACAGGCTGAAAAGATGTTTAACTATCAAATCAGAACGCTGACTCACAGATGTCAACCCAAGATAATCACTGATCTCATAATTACCATAGCCAGTCAGAGCAAACCCTTTTCCTGGTACAATTCCCATCGAATCCAAATGCTTGAAAACT
CP071032.1_gap19	840536	843148	2612	TATGAGTTGCGTTCGAAGTCTCCGCTGCCGCCAATACCATTCATGATTGAGCTGCCGAACAGATGAGTCGAATTGACATTCCCGTAAATATCCATCTCAAGTGCGACATTCAGTGCAATGACTCCAAGACGTCGAACCAGTTCTGGATTATTGGACAACTCCTGCGGCCGGAGAACAATTCTATGACTGAAATAATCAAAATTGTTATACACATGCTGTAAAGTTTCTGGCATTATGGTCAGGCTTGAAGCACTTACCCCGGTTATTCTTTCTCTTTCCATCAGCTCAACAGCACTGTCCTGAAGCACTTCACTGAACATGCAGAACGCGGGAAAATCTTCATTATCACCAAGAGCCTTGAGAACAGCGTTGTTGATGTTGCCGACTCCACTCTGCAGCGGCAAAAAGTTTCGCGGCACTCTGCCGGCAGCTATTTCATTCAACATGAACTGGACAAAGTTAGCAGCAATTCTTGTAGCAACTTCTCCACAATCACCAAACGCCCCCACTTCATCCGGGCGATTAGTTTCAACAATCGCAGCAATCCTTTCCGGCGGTATTTCAACATGCCCGATGCCGATTTTATCCAGAGGATGATAGATTGGTATCGGATAACGGTTTGGTGGTGGTTTTATAAACGCTATATCTGTAATCTCGGCCAGGCGCGGCGAATGATAGCTGTTGAGCTCTATTATTACTTTCTTTGCCCGCCTGGCAAAAGTAGGAGCACAGCCGATCCCGGTCGTCAAACAAACCCTGCCCCGGTTATCAATAGCGGAAGCTTCAATAACCGCGACATCAATTTCCCCAAGAAAACCATAATCGACCATCTGGGAAATTTCCGACAAATGCATGTCAACAAACTCAACCTTGTCTGCGTTGATGCTCTGCCGCATCAGCCGGCTGGTCTGGTAAGGAGCGCGCCAGCGCACCGCGTCAGCAGCGGCAAGTTTATCATCAATAGAGGAACTGACCGAAGCCCCGGTCAGCACATCAAGTTTATACGATTTTCCCTGAGCATGCAGTTCCTGAGCTCGCAAGGCAATTGCCTCTGGAACTGCTTTGGGTGAACCTGCCGGGGTAAACCCGCCAAGTGCGATTTTAGCTCCGTCCGGAACCAGCTCGGCAGCCTCCTCCGCAGTCATAACCGGAAAATTATATATCGTATTCATAATCAAACTACACTGTAAGAAATTTATTATTAATCAATTACAAAATAAACTCAAAAAATATCCTATATACAGATAAAGCAGAAAACCAAACGTTTATTCACCTTTGAAAACCGGCTTGCGTTTTTCAAAAAACGCATCAATTCCTTCTTTGGCATCCTGACTGTCATAAACGGTACGCCTTATTCCCTGCAGGCGCTGAAACTCGCCAGGGGTTAGAGGATTAGCCTCGCCAAGCACCCGCAGTTCTTCCTTGATAAGAGCAACTGAGAGCGGTGCCTTGGTGCAGATAACTTCAGCCGTTTCCATAACCGCGGCCTCTAGATCTTCAATATCATAGGTCTGATTGACGATTCCGGCACGTTCCGCACGTTCCGCTGAAATCGGCCTGGCAGTGAAAAACAGCTCTTTAATAATATGTGCACTGCAATCACCCCTTACCAGATTGTGAACGCCGACAATATCATAAGCAACTCCAAGATTTACCGGAGTCATGGCAAAAGTACTGCGTTTATCGGCAAAAACCATATCACAGCTCATAATGGTCTCAAAAGCTCCTCCCCAAACCGTGCCTTCAATCATCGCAATGACTGGAGCCGGAGATTTCTGAATAGCTCGGATCACTCGGCGCAGAGGGTCTTTATAGCTCAATGGATCACGCTTGCCGCGCGGCAGTTCTTTGATATCGTGTCCAGCAGAAAAAACCTTTATTCCAGGCTCAGCCCGCAAAATAACGCACCGCATTTTTCGGCGTTCCATATCTTTTAGAGCAGCAATTATATCGTCAATCAATTCACTGCTCAGGGCATTCAGCTTCTTGGCGTAATCAAGAGTGATAATTCCGATAAAGCCTTTTACTTCCGTCTTAACATTACTCATTTTTTATTCCTCAAGTTAGACATAACTTTTTCAGTCAGCCTGGCAGAAGCCGCCAGCGGCGTTAATGCTCCACCTGCAACTTCCTGTTCAAGTTCATCCATATAAGTTCTTATAGCAGCAACTTTAAAAATTTCTTTAATCAGACGCTCTTTGCAGAGCTGAGTTGTCCAGCGCGCATACTGTTGGCCGCGCAGCCGCTGCAGATTACCGGATTCAAGCAGCCAGTTGTTATGCTTTTCCACAACCGACCACAATTCCTCAAGTCCGGTCCGCTGCAAAGCGCTGCAGGTCATTACTTCAGGAGTCCAGCCCGGCAGGCGCGGCCTTTTAAAACTGATCACTCCGCTGTAAACGGATTGCGCTCGCAATGCGGCCTGAATATTATCGCCGTCAGCTTTATTTATAACAACAGCATCGGCATCTTCCAGAATACCTTTTTTTATTCCCTGCAAATCATCCCCGGCCCCGGCAATAAGCACCAGCAGGAAAAAATCTACCATATCAACAACTGCGGTTTCGGATTGCCCGACGCCGACCGTCTCAATCAGGATGACATCGTAACCT
CP071032.1_gap20	1007087	1009479	2392	CTATTTGTCATCAAAAAGCTCAAAACCACCGGCAGGCCAAACATAATAAAAACTACCGAATTAGTCAGAGTTATTACTACAGTCTGCAGTAGAATCTTGCGGGGAGCCTCATCCATTATAATTACATCTGTAAAGCCGGCAAATGAATAGCCGAGAACAAAGCCGATAATGCCGGTAACGGCCATAAATACAATATGCGCAGGCCGAAACAAACCGTATTTCATATCAAAACCTTTGAACAGAAAAACCAGACCAACGAAAAAACCAAAAAAGCCAGAACTCAGCTCCCAGTTCCACCATACACCCCAGCCAGCCAGAACATCTGTGAGCATGTGGCCGATAAACCCCGAGAGCAAGCCGACTAAAGGACCGAAAAAAGCGCTGAAAATGGTAAGTATGACTATCGCCGGTCTAATCTGAACATTCGGACCTATGGGGATTCCGACCAGCCCGATTATACCGTAAAGTGCGGCACCAATGCTGATTGTAACCACTGTTTTAGTGCTGAAATTAAGCATCTTCAAATAAATGTTTCCGTTTCCTGCACAATCCTCCTGACCAGCAGATCAGTTGAATTCATTTAGATATATATGTTCAATTTTGTATGCGAATAAACTACTATAGCGATAAATTATTTGATAACAGCCACTTCCGGACATCACAGCAGATGCTGTTGATCGTTATTGAAACATAAGATGACCGCAAGACTTTTCATTCCTCAGACATATTAGTCCAGCAAAGCAGCTTTTTTGTTCCACATCACCTTAATTACTTTTTCATTTTTCAATATTACCTGACAAATATTTGCCGGTTATAATATACTGCTAAAACAGCTGAAGAAAACACTTCCTTGGGATTTTCTGTCAAATGAAGAAGCAATTTTTATTGAAAAAGTTTATAACTGCTTTTATCTTTGCACGTGAGCAAGAAGAAAAAGGAGCGATTTATTATCTCATGGATGCAATGATTATCATACTGGGGTCTCCAAATGATGCCCAGGGCAATCTCTCAAGTATTGCCATGGAAAGGTGCGATGAAGCCATAAGGCAGTACTTTGCAACTGATAACTGCAAAATAGTCCTGACAGGTGGCTTCGGTGAACATTTCAATATTACTGATAAACCACATGCTTTTTATGCCGCTGAATATCTTATTTCAAAAAATGTCGCAAAACCCGACATACTGGAATTTGTGGAGAGTTCCAACACATATGAAGACGCTGAGTTTTCCGCACCGGTTGTAGAAAAATACTGTCCGGAAAACGTTATAATAGTAACGTCGGACTTTCACCGCAACCGGGCTGAATTTCTTTTCAATAGAAACCTGCCCGACAGAAAATTCAGTTTTGCCTGCAGTTCCACCTGCCTCCCTGCTGGCGAGCTGCAGAAGCTGGTTGAACATGAGAGGAAAGCCCTGAAAAAACTTAAGTCCGCCACTTTTTAATCGGCGGTTCAAGCCTGCGTTTTCGCATTCCACTGGCCAAGGTCTTTAAGTCTTTTGCCGCTGTTCAGGTTAAACTCCAGTTCCTCAAGAGTAATACCCTTAGTTTCAGGCACATATAGACTCAGAAAAATAATCGCCAGTATGCAAAACACGCCAAATATGAAAAATATCGAAAAATTCCCATAATGCCGCATAACTGTCAGAGCATTGCCCATAACCAGACCGGCAAAGGTCCAGTTCACCATGGTAGTCAAAGTCATCCCAATTTCCCGACCTTTCATCGGAAAAATTTCAGAACAGACCAGCCAGACAACCGGACCCCATGAAAAAGCAAATCCAAACATATATACTGCTGCTGCTGCCAGCAACAGTACTTTGGGAGTGCTGCTGATCAGAGCGGGATCTGTTACTTTACCAATCATTAGAAAAGCCACTCCCGAACATATCATCGCGACTCCCATAATACCGGCGCCTATATATAGCAGTTTTTTCCTGCCCCACTTTTCAACCAGCCAGATTGCCGGAATTGTAAAGACCATAAAAACAGTCGGCACTGCCATTTTGGCTATAAAGCCATTCATGCCGACATAACTGAATATTGTTGGTGCGTAGTAAACCATCAGGTTGATGCCGACAAGCTGCTGAAAAACCTGCAGCAGTATTCCCACAATGAGGATTTTAATAAAATGCCGGTTGAAAACAACGCCTAGTGATCGCTCTCGAGAATCACCCACGACAGCCTCGATTTCACTGATTTCAAAATCAACTTCCTGCTGGGTGTTTAATGTTCTTCGCAAAACTTTAACGGCCTCTTTCCTGCGCTTTTTCAACATCAGCCACCTTGGGCTTTCCGGCAGAAATACAGAACCTATAAACATCAGCAGTGCAAACAGCGCAATAACCAGAAACATGAATGGCAGTGCAGATTCAGCTTTGAGGAAAACCTTTA
CP071032.1_gap21	1014556	1016377	1821	GCAGAAACAGTAAAAAATTATACATAATATTTCATAGATCGTTCAATTTGCAGCTTTGCGGGTACACGCTGTGTGCCTATTATCGATTCCGCTGGTTTCAATGTCTTTTTAGTGCTTCCGGCTTGTGCTGAATGGAATAACCAGGTTAATAGCTCGGCAGCGGACTCAAGCTGCCGGGATGCAATGAAAACTTTAAAATATCTTGCAGCTTGATTTTATAATGCAGTTTGAAAATTCAATACTTCTGCTTTAGTTTATCAATTGCGTATTATCAACAAACCTAATTTATCTAGAAGATGGAACAATTATGAAGATCTTAAAAGTTATTGGTATGGTAATAATTACACTGGTTTTGTGCTCGTGTAACGACGAACAGGTCGCCCCGAAACCCAGTGACAAACTGCTGAGGGTTCTAACAGCCGGGGACTATCCGCCACTTACCTGGCAAAACCCTGAAACCGGTAAATACTCCGGATTCGCTATCGACATGGCTCACTCACTTGGAATGTACTTGAATAAAAAGGTTGTATTTGTAAAAACCACCTGGGCTGAACTTGGCAGCGACCTGATGTCCGGCAAAGCCGATATCGCCATGGGCGGCATTACAGCAACTCCGCTGCGCAAAAAATACTTTCTCTTTTCCGCGCCTGTAATGAGGACTGGCAAAACCCTGCTGATCAGGAAAGCTGACAAAGATAAATACAAAACTCTGGCGGATGTGGATCAAAAAGATGTGAAAGTCGTCGAAAACAAAGGAGGCACCAACGAGATATTTGCCCGCAGAGAACTCAAAAATGCCAAGCTTATTATTGTCCAGAATAACACCGTCCCATTCGATTACCTGTTATCCGGCAAGGCCGATGTAATGATCACTGATACAGTGGAAGCCATATATAAGGCAAATATTCATCCTGAACTCTATGCCGTAGATCCGCAAAATCCAATGGAGAAATCCTGCAAGATCTACCTGATCCCCAAAGGGAATAAAGCATTCCAGGAAAAAGTCAATGAATGGCTTCAGACAGTCAGAGCTGAAGGCACTGTTGAAAAATACATGAAGGAAAATAAGATATTCGTCCATAAATAAGTATCTTATTTTTATTCACAAAATACTTTGTATCTCACGCCAGGGGCTCGATCAGTCCCTGGCCTTTATAATACTAAACAGTGAAAGCATTCAGCAGCAGTTTAAAACATAATGAAATTTGCGATCTGCCATTTAACTTACCATTGCGGCTTCTTGCGATACTGCGCAGGAGACACTCCCATAATTTTTTTAAATGAACGAGAAAAATAATACGGGTCGGAATAGCCGATTTCATCACAAATATCTTTAATCTTCATATTAGTAAAATTTAAATAGTTACAGGCACGCTGAATTTTCAGCCTTATAAAATAATCCACTGGCGAATGCCCGGTTTTATTTTTGAAAAGGCGACAGAAATAAGGCGGGGTTAAATTCAAAGCTTCACTCATTTCCTCCAGCGTCAGCACTTCCTCCACCTTGTCAACCATCAATGATATAGCTTTTTCGATGATGTTTTCAGGATCGCTGTTTTCAGTTTGCACATTATAAATAACATTTGCAAAAAAGTGCCAGAGTTTCATACTGTTATAACTGCAGCTGTCAATCGTCATACCACGGTTTAAATCATCAATCATTTCCCTGATCAGCTCAAGGGTATCACGGTTCTTACTGAAAATACACCCGGTTCCATAATTGCCTCCGCACAGAGCATCAGCAAACATTGAACTGCTGGTCCCCCTGAAGTGCACCCAGAAGAGGCTCCAGCCTTCGGTGCTGCCGTATTTATGCGGTGT
CP071032.1_gap22	1045537	1049695	4158	ACCGAAAACCCCAAAGACCAGCACACCAGCCAGGATCTTGACAGTCCAGTCAAACCACTTGAATTCATTTTGACTGAAATAGCGTTCCAAGCCCCATGCCAGCAATACTGCTACAGCCGGGAAACACGGTAAAATGTAAGTAGCAAGCTTGCCGCTGGAGGCACTGAAAAGAATAAACGGAAATACCAGCCAGCATGCCATATATTTCATCAAAGGCTCAGAGAACGCTTCCTTCCATTTTTTGCGGTAGCCCTTGAGAATCCCCGGCAGCAGCAGAATCCAGGGCAGAGCCCCACCAATTATCACCGGTATAAAATACCAGAACGGCTCCGGATGCTGAGATTCGACATCAGCAGCAAAACGCTGCCAGTGTTCAACAAAAAAGAAATAGCTCCAGAAGTCAGGCGCCCGTTTGTATACGAGATATGACCAGGGACCTGCTGTAATAATCACAAATAAAAGCGGAATCCATGGAAGAATAAAAATATCCTTCCAGCGCTTTTCCCAGATCAGAAAAGCCAGTATTGTCAAGCCCGGAATGGCAAACGCCAGAAAGCCTTTTACCAGAAAGGCTCCTCCACAGGCAATGCCCGCCAGCGCAAGCAGAGCAATTTTCTGCCAGTCAAACTTATTCCGTCGCCAGGCAAGGTAAAAGGCTCCCAGAGTCGCAGCTATGTAGAGGCTCAAAAAGGAATCAAGTACAGAATATGTACCAACCCCGAAAACTATTGCTGAAGTCAGATAGACTACACAACTCAGCCCGGCAAACGCCACACTGCGAACCCTGGCCACCAGCCAGAACAGAAACGCAGCAGAAAGCAGGACGGACAATGCTGATGCAAACCTTACCGCGAAAACATTCTGCCCGAAAGTCACTAATGAAAGCGCATTCAGCCAGTGCCCCATAATCGGCTTTTCAAAGTATTTGAGGTTATTTAGCTTTGGAACCACCCAGTCATGATGGACAATCAGTTCACGAGCCATTTCAGCATAACGGGTTTCATCAGGTGTATACAAGGGCCTGAACCATATGGTCCCGAAATACAACAGGACAAACACCCCCAGCAGGATGATAATATTTTTTCTATTCATATAATAGAGTAAATTTTCTATTTTGTATTAATTTCTCGAATTATATAAGTTAGCTTAGTTTTGCGTTATAGCAAACAAGAAAACTGAAAACCGGTCCCGGAGAGACCTGAACTTGAGGCAGCTGAATATCATGGAAAAAATCTTGCCGGCTCAACTTACCATAAGCCAGATGTTAAACCTGCCGTAAAATCCGACAGGCTTAACATTCGCCTTTTTCAGTCATTGGTCAAGACTCATGAAATTAATATTTTCTTACGTATTCCGCAGCGTTTTTACCTGCCTCCCGACCTGTGATCGCTCCTTTTATCAAACCGGACCCGGTAGGATATGCATAATAGAAATATCCTCCAGTAATTTCGCCGCAACCGTAGAGTCCCGGTATCGGGATGTCACTGTTATCAAGAATTTCACAATTGTAGTTTGAGTTAAGCCCGCCAAAGGAAAATGTAACTCCCGGCACCACCGGGTAGATATAATAAGGAGGCTTGACAATAGGCAGAGCCCAGTTGGTTTTAGGCGGGCATATTCCTTTAGTCGACTGCCCGTCAAGAACCGCAGGATCAAGCTTTCCGGTATTATGTTTACAAGCCCGGTTATATTCCTCGATTGTCTTCATAAAAGCGTTGACATGAATCCCGGCTTCTGCAGCAAGCTGACGCAGGTCGCTGCCTTTGTAGCAGGTTTTCTGGAGCTGGTAATGAGGCTCACAGCAGGCAATGCCCTGTGAATCAAACACTTGAAATCCAACCTGATCATAAACCTTGAGCAAAGCCCTGCCGACATCCACATAAGTTTGGATATTCCAGTATTTACCCTCGTTGATAAAACGATGCCCGATCTTATCAACAGTAATTCCCCATGGGAAACCGAGCCGGTTGGTTCTTTCACAGGTATCCAGACCCCCAATATAGGGAGAATCAATATCTATTGGCGTGATATGCGCTCCGGTAAAGTGCCCTCTGCACCCTGCCCCGTGCCGGACAGCAGCCATCAGCATGTCACCGGTATTGAACTTCACACAACGCTGCCGGATATCATCCCACTCCGGGCCCAGAAACTGAGCTCGCCTGGCATTGCTTGCCTCAAAGCCGCCGCAGCCAAGAACAACCGATCCGTAAAAGTGTTTAACCCGGCCGTTCCTGTCACGTGCCCGCACTCCTCTGACATCTCCAACTTCCGAAAAAATCAAATCAAAGCAGTTGAGGTCGAAATGAAATTCTACATTTTTGCTCTCCAGATATTCACGCTCATAGCTGACCAGCCCATGCCCGCCGCCGCGGGCCTGAATAACAAGTCCGCCGGGATAACGTTTTTTGCCGGCTTTTTTGCTTTTTGAGTCATTAACCGTGGCATAACCAGCCAAATCAAATTCCACGCCGTGCTTTTTCAGCCACATTGCGATATCAAAAGACTGTGATGTAAACCATTTGACCAGCTCCTCATCCGGCCTGTTGTGACCGGCACTCATTACCTCCTCATAATATTTTTTATGCGGATAATTCTCAATATCAATCGCATTCCAGTCCGCATCCGAAAACTCTGCTGCAAGCAACGGTCTAACTTCACTTGGATCATTGAATGCAATGCGCAAAGCGGCAGTAGTCAGACGTGAGTTACCACCCCATAAATCCTTTGAAGCTTTTTCGAGAACCACTACTTTAGCCCCACTGTCAACAGCTGAAATTGCTGCTGACAACGCAGCATTTCCTGTTCCTACAACAATTACCCGGCGAAAATCCGTATTCATAATTTACTCTCCCTTAGAATCCAATAAGATAATCCACCCTCTTTTATAAAAAATATTCTGTCTATTTAATAAATTCAAACCACCTTGAATATTTGCGTTGTATTTGCTTGATTTTTTTCGACCGCTTACTAAGTTATGGTATGCTGCGGCGGAAATAACCTTGTTTCAGCAAAGCAGCCTTGTTGCGTAAACCTACAGCCCTGCTGCCAAAAGGAGCCAGAATGCAAAGTCTGATAGTTGAGGGGGGAGCCCCGATAAAAGGAGAAGTGACGGTAAGCGGAAACAAAAATGCGGTACTGCCGATGATGGCGGCAGCATTGCTCAGTGACGAAAAAGTTATACTGCATAACGTCCCGGCAATCGTTGATGTTTTGGTCACTCTCGAAATATTTGATCACACCGGTGTCGATTATGAATTTTCAAATAACACACTCGTTATCGATGCCAGAAAAATTAAAAACAGTATAATTCCTCGCGAAATTTGTTCCAGAATACGTACTTCAATCATGTTTGCCGGCCCTTTGACTCTCAGGTGCGGAAAATGCGAAATTTTTCCACCGGGCGGTGATATTATCGGACGTCGCCGGCTGGACGGACATGTCTACGGACTGAAGTCCCTGGGCATAGATATTGAACTGGATCACCGCTTTATTTTCAAAGTTGAAAAACGCCTGATCGGTCGCGAACTGTTTCTCGATGAAGCCAGTGTTACGGCAACTGAGCAACTAATGACCGCCGCAGTTACCGCAGAAGGAATTACCACTATCCGGAACGCCGCATCCGAACCCCATGTCAACGATTTGGCAAAGCTGTTAAATAAAATGGGGGCCAGGATCAGCGGTCTGAACAGTAACACCCTGATTATTGAAGGGGTTGAAAAGCTGCATGGAGCTGAGCACACTGTAGTCAGTGATCACACTGAGGCCGGCAGCTTTATTGCGCTGGGGGCGGCATGCGGCGGAGAACTTACTATTAAAAATACTGTTCCAAGGCATTACTGGATGACCAGGCGGGTTTTCGAAAGGCTCGGAGTTAAACTTGAGCTGCACCAGAATGAAATATTTCTACCCGGCAACCAGGAAATGAAAATTCAGAAGGATTTCGGGGGACACTGTCCGGTAATCGCTGACGGCCCCTGGCCGCAGTTTCCTTCCGACTTAATGAGTGTCTCAATTGTTGCCGCCACTCAGGCGGAAGGCACAATTCTGTTCTTTGAGAAAATGTTTGAAAGCCGCCTCTATTTTGTTGATCGTCTGATCAGTATGGGAGCCGGGGCAATAGTCTGTGACCCGCACCGTGTCGTTATCAACGGCCGCTCT
CP071032.1_gap23	1056150	1058540	2390	GCAACACAACTTCCCAGAATCACCTGCACCAAAGCTCTGCCGGACTGCAGAATATTTGCAAAAACAGTGCCCAGAATGCCGAAGCAGATAAAAAGTGTCACCATGGCCAGCAGCCACGAAATTGAATAGGGAATGGCCAGGACAGCTTTTTTATGATCAAACTTTATGAAGAAAAATGCCGGCAATACCACCAGCCCCAGAGCTGAATAACATAATGCAGTAGCCGCAATACCGCTCTGGATAATATCCTGGTATGGCATGGCCTTGACCAGCAGCATGTCCATGATGTCACTGCCGGCAAGAAACAGGCAGCTTAACATAACTGCAAACAAAGCTTTTAAACTTATTCTGCCCCCGCTTTGATTCATCACAAATGCTGCGGCAACACACAAAATTACTGCAATCCAATGAGCAAATCCTACTGACGCATTAAAGAAAATCATATTCAGTAGCACTAGAAAAATTAATTTCTGTCCCAGAAGAGTAGTAAGCCTGGATGGCTCCATCAACTTCACAGTCATAAAATAACACCCCTGCCCCGCCAGAAATGTCAGTACACACCCAGTCAGGCGTAAACAGACAGCAGAATTAAAATCAAATCCGGGAAGAAAGAAAAGCATCACGGCTAACGAAAATACTCCCATGATAATATGAGAATAGACCAGCAGCTCAAGCACCGGCCCCCCACGCATGGTATACACTCTTGAAAAAAGATATGCCAGCGGCTGAAAAATAATGGTTAGAATACCTGCTGCAATGCCAGTAATCACTTTCTCTATTCCCTTTGAAATATCACCTTGAACTGTTAAAAAACAACGGCTGAAAATTACAGTGCCCCAAATGTATATCCGGGAATAAAAAATACAATGAGCACTTTTGTAAAAATACTACTTTTTGTCAGCTGTAATGATATTTCTAAATAACTCACTTCACGGTTGCAGGGTTGCCGAATTTGCAATTTTTAGCGATCCCTCTTATGAAAGCGGTGGCAGAACAGAAGCAAAGAAGCCGCTTAAATCCATTCTTGATACAGCTTTTTCCCAGTTACTCATGCCTTCGGTCCAGACCAGGGATTCCCTTGCTATTTCGCCGCTTTTAATTTTAACTTCCACTTCAGGCAGCTCAAAGGGACCGGTCTGTTTGCCGTCAACCGCGACAAAGTATTTAGTTTTTTTGGGAAGCGGAGGCGGGGCTGACCCCGGACTCGACTGCTGCAGCGTTCCTGAAATTCCATTAGCCATTTGCGCTCCCATCATCATTCCCATCATATTGCCAGCTCCACCCTCGTTCTGGGCTGCATCACGCAATGCGTTCGCCGCCTGATACTGGGAATAATTATTCAGATTCCCGACAGCTCCCATTGCGGAACGCTGATCCATAGCCTTCTGAACTTCATCAGGAACCGAGATATTTTCCAGTATAAATGTCAATAATTCAAGGCCAAGCTCTGCAAAATCGCTGCTTAGTTTCTCTTTCATAAAGCCGCTGATTTCATCATATTTAGCAGCCAGGTCAAGTGCGGCAATCTTGTGCTCCCCCAGACAATCAGTAAAAGATGAGACGACCTTTATCCTGATCTGATCTTCAAGCCGGTCACAGCTGAAGTCACCTTGAGTTCCCACAAATCTGGTTATCATCCCTTCGGTAATCCCCACTTTGTAAGAGTAGTTGCCACGGGCGCGAAGACGCACCATTCCAAAGTCAGTATCACGCAGCATTACTGGATTAGGTGTACCCCATTTGCGATCAAGCTGTTCTGTCGTTTTTATAAAGTAAACCTCTGCCTTGAATGGTGATTCAAAAGCATAAGGCAGGCTGAGCAAAGTGGTTATGATTGGCATATTCTTTGTGGACAGCTTGTGGGTTCCAGGGTCAAAAGCATCGGCAATCCGCCCTTCATTGACAAATACCGCCCGCTGACCTGGGCGGACAATCAGTCTGGCACCCATTTTGATTTCGTTGTCATACCTTTCAAAACGATGCACCAGAATATCAGGTTCCGGGTTTACCCATTCAATAATGTCAATAAACTGGCTTTTGAATTTGTCAAAAAGGCCCATGTGTTCCTCCAGAAAAAAATAACGTTCAGTTTATTGAAACTAGCCGGTTTCACGCTTTGTTTCAAGGCCTTTAACAATTATCCAGCATAAAATCCGTAAATTAGTTGAGTAAAAAAAAGGCCCGCAAAATGCGGGCCTTGACAAGGCTGAATTTCAGACACCTCTGCCAACTGGCTTGAGGCGTCATTAAATTTACTTCTCGACTTTTTCGATTTCGTGACTGCGGTCCTTTGCCATATCAATATTTTTGAGATTTTTACTGTCCACCGGCAAAATCATTTTGAAGACATTATAACTATCAGCCTGCATCTGACCGGATTTAAGCTGGAA
CP071032.1_gap24	1060313	1062636	2323	TAATAGCCGCCCCATGCCCTTTCAGAAGCTCCCAGGTACGTTCAGCCCACACCCTGCGGTCAGGATTACCAAGGTCGCCGGAAGGAACTTTATCCCACAAAAGCAGCGCACCCTTATCTCCACTGGAATTAAAATCATAACGGCTTTTATCTTTTTCTTTAAGAGCATGCATGCCCGCTACCAGCTGCGACCCGTGCGAGGTATGCCCGTAAGCAACCTTGAACTTTTTTCTGGCTTCCTGCAGAACTGTTCTGGGAATCTCTGAGATACTCAGGCAGTTATGATCAATTATGAGTGCCTCTCCTGCGGCCAGCCTGGAAGCGAAAACAAGCAGAATGGAAAATAAAAAAAATCTCATCATCGACGATTTTCCCTGCAAAAATACAACATTGGAACAGAGTCTGTATTGATATAATTACACAATATTTCAGAATTCCAACAAAATAAGCCATGAATTATTCAATATTTTTTTCCGACAATGACACTTATCTTTCTAAAGAAGAAAAGGCTGCCATGTTTTATATAGGGCTGCAACCCGGTTTTTCTGCCGCCTTTGAGTTCAGTCAGCATGTCTTTCAGGATTTTATTGCGAATACTTATATCGTCGCTGGCACTGCCGCTGTCAAACCATTTCTCAAAGTTAACACTTAGATCCCGGCTTTCATTGCGCACAATAAACAAACCGGCATCACAAAACAGCTGCTGCAGTTTTTCCGAAGTCAAGCAACTGACGTGGTTATCAGCGCGCAGCCGCTCATAGGAATTATACTCATCATACAAATCAGGGTTTTCACAAATAATGTCACAGACGGCTACCCAGCCGTTCTTTCTGCAAACTCTGGTCAGTTCCTTCATTCTACCGCAATAATCACGGCAGTGGTGCATTTCAAATCTGGAAACAACAAGATCAAAAGCCTCGTTTTCAAAAGGCAGAGCTGAGTCAATGCCGGAACGACATTTAACACAGCCTTTTGAGCAGCAAGCTTTACTGCCCGGATAATTCAGAGCGTCTATCTTATTAAAATACCTGGCCAGGCACCTGGTCAATGCCCCGGCCGGCAATGCCACATCTAGAACTTTCATATCCAGGTGCAACGGCAGGCGGTCGACAATCCAGACAATAATATCATCATGGCACAGACTTAAACCGTGCATTTCAGAATTATTGTCATCACTCCGTGGCTCCAGGTCTTTGTCTTGCTCTTCACTGTAATCATTATGAGCCATAATCAGGTTTCCAGAAAAATCGTAATATCAACTAATAGGCAGTAACAAAATAGACATGCAGGCGAAATCAATGTTCCTTAACTTTACTAAAGTACTTTAACTCATGTTCAAAAAAACTGGTCCAATTTAATAAAAATAAAGAAAACTAATGCTTTTTACCGACAATAATTTTTATTAACTGCAAAAAGTGGAGTTTACCGTCTTTCATATAAGGACGCATGCCGGTTTTTTCTCCTCCATTAAGCTCTTCCTGCAAGGCATTAATGATGGTATTCTTAGCAGTCATATCATCGGCTTTACTTCCCATGCTGAACCAGGTCTCAAATTCAACACTCAAATCTCTACTTTCATTTCTGACAATAAGCAGTCCGCTGTCAATGAATATCTTCTGCATTTTTTCACTGGTAAGAGTATAGGTATGCGAAGGATCCCGCAGCCGTTCAAAAAAGTTATATTTTTCATGCAGCTGCGGGTCTTCAGTAACAAAATCGCAGACCGCCACCCAGCTGTTATCTTTACAAACACGCACCATTTCATTCATTTTCTTCGAATGTTCATTGAAATGATGAAAGGCGTAGCGGCAGGTCACTAAATCAAAAACAGAATCTTTAAACGGCAGGCTTTCTGCGTCTCCCTGAACAAAGTTGATGTTATCAAGCTGCTCATTTCTGGCTATGGACATGCCTTTTTCAAGCATTTTCTCTGTATAGTCAAGAGAAGTTACTTTTTTTACAAAACGCGCTATGCCCCGAGCCAGTATTCCAGTACCGGAGGCAACATCCAGCACAAGCATTTCAGGATGCAGCGGCAGCCGATCTACTATCCACTCCATTATATCCCTCCGGCAAAGATTAACGCCGGGTTGATCAAAAAAATCCACTTGATGAGAAAATTCTTTAGCAATCAGTTCATTATGTTCATCTTTTTTTTCAGACATAATTTTGCCTCCGCAACAAAATTTCCAAAACCCGAAGCCAGTCAGGAGCCAGCCTTCTCTTGAGGATTATTTTAATATCTCATGCAGCTTAAAACAATCTCATAAACAAATAAAACATTTATTTTACAGAAAACAATTCCCTGATGTAAATATTTACCT
CP071032.1_gap25	1064019	1067628	3609	ATATAGCCAGCACCTGGCGTTCACCACCGGAAAGACATGACACCTGTTCAAAAGGATCTATCTTCCTTTTAATCGCCATTTGCTCCAGCTGTTCCTCAACAACCGCCGCCATTCCGGCAAAATCAAGAACGGGAAATATTTTGCCTTTAGTCAGTTCATTTCCCAGAAAGAAATTTCTAAGTACAGAAAGTTGTTCAATCAGCCCCAAGTCCTGATAAACAGTCTGAATACCGACAGCTCTGGCCAGCCGGGTACTGCTTTTCTTATTCCAGTCAAGTTTTTTACCTTCCCATAATATATCTCCGGAGGTTGGACAGTAATAACCGGAAAGCAGCTTGATAAGAGTGGACTTGCCAGCCCCATTGTCTCCAAGCAAAGCAATAACTTCGCCTTTTTTTATCCTGAAACTGATATTCTCCAACGCTAGAATTCTTTTGGAAAAGCGCTGGTATATTTCTTTTACTTCCAGCAGCTGTTCAGACATGACTCACCCCTTTTCTGCCAGTAAACCGGCCTGATATAAAAGTATTTACCGCTACTGCAACAATTACAATCACCCCGACAATTGACTGGTACCAGTATGTTGATGCTCCGGCCTGGACAATCCCGCTGCTTATCATATTAATCATCAAAACCCCCAGCATCGTGCCAATGAAAGTTCCCGTACCGCCGCTTAAAACAGTTCCGCCAATCACTGCAGCCGCGATAGCACTGAGCTCATACCCCTGCCCGGCAGTCGGCAGAAAACTTGAAAGATGACAGAACTGCAGGATCCCGCCAAGTCCAGCAAGCATTCCACAAACCGCAAAAGCAAGAAGCTTGATCATATTGGTATTAATGCCAGCGGCAAAAGCAGTGTCTTTGTTTCCTCCGGTAGCCATTATCCTATTGCCGAGTGCAGTACGGTTCAGAATGCAGCCGCAGGTCACAGCAATAATTATCCATAGAAATAAACCTGCAATAAAGCTGTAATCTGAATCCGGCGAAAACAGCGTCATAACCGAACAGCTTTTCATAACTGATATCGGAATTCCAGAGGTAAATAGCAAAACCATGCCGCGCCAGAACATCATTGTTCCCAGCGTGACAATAAATGAGGGGATTCGTAAATAAACAGTTAACAGGCCATTCAGCAAGCCAATAAGCAGAGCAGCAGCCAATACCAGAGCCAGCACCAGGAAGCTGTTAAAACTGCTATTATTAATAAAATAGGCAAAGACCATGCCGCTGAATGCAAAGTTAGCTCCAACAGATAAATCAAACTCACCAGCTATCATCAATATTGTAACCCCGAGTGCCACAATACCCAATTCAGAAGACGTTGAGAAAATCCCCCCAAAAGTCATTATTGAACAAAAACCTGGCGCTATGATACTGAAAATTATAAACAGCAGCAGCAGAGAAAATATAACACCAATTTCTCTAATATATATTAGCCTTAACATCTAAAAAAATACCTCAGGTAATTGTAAATAAAATTCATTACTCCGGTAATTCTAATCAGGTAATATTGGCACTTAATTCAATAATGCAAGTATTTTTTTACCATTATTTAAAAAAAGGGTAAATCCAGCGCAATTTTTAAAAGAGCCGAACTCAGGTTAAGGTACGGCTCTAGTGTAGCTACTTTGTCGGGAAAAGGATTTTCAACCAGTCACCGCACCCTTCCAGAATCATCTGTACTGAGACAGCCGCAACAATCAAGCCGGTAATCCTGATTAACGGCCCGGTGCTCATAGTTTTCTCAAACAGCCTGCCAAGCATTGAAGACATAAGCATGATAAACAGGTTCATCAACAATGCCGCCGCAATGGCAAAAACCGTCATCCAGACTCCGCTCTCAAGCGGAAAAGTTATGGCAGCAGTAACAATACCCGGGCCTACAATAAGCGGTGCAGCCAGTGGCACCACTGATATATCGACAGCCGGCTTGCCCAGTTCTTTTTCAAAAAACATTCCTTTTCTGACTGCGGTCAGACCAATGAAAAAAAGAACAATCCCTCCGGCAATTTTTAATGAATAAAAATCAACATGAAAGATAGTCTGCAGTACAAACCGGCCAATAGTAGCCACTGCAAACAGGATGAAAAAAGAGACAATGCTGGCCCGTACGGAAATACTCTGCAGTTCTCTATACTGCAGTTTTGGTTCCATGGAAGACAACAGCATTACCTTGCTGACCGGGTTGATCAGAGCTAAAAAATACAATGAGAGTTTGATTGTTTCTGTCAATTTCATAACTCCGTTATTAAAATAAGCACCCATGCTTTTAATTATTATTCTTGGCTCACACTGCCATTTTCTATCAAAGACCGCAGTGCCGCCTGTAAAATGATATGGACACAGTCACCCTGATAACAGTGCAGCTGTCCAAGTGAATTATTAAACTTTAGGCCAAGGGCTGAATCAGCCTGCTGGTAAGATATTCGAAGTCATTTTCTGCTCCTTTTCAGTGTTACGCGCACTAAACAAATTTCGAGCGGCTTCAACTCTGAAGCCCGGACCACAAACAGAGGTCTGGCTCGCGGCATCAACAAGCCGCATACAGTGGCGCGACCGCTTCCGGTTTTCACGGAATTCCCTGTTTGCCGCTATACAAATACATCAAATTTAAAATATTTCCTGCGAAAATTAAAATATTAGAGCATATTTCAACTTGCTGACACTTTTCCCAGAACTTACGGGAGCTGCTTAATCCAGGTTCCCAGTCGTGCATCATGCAGGTCTCATGCTCTGATTAGCGAGTATAAAAAAAGACGCCCGCAGGCGCCTTCGATTGATATACTTTAAATAAAACTACCGGCTGCCATTAAGTTTATCGTAAATGACTTTTCCGTTCTCAATGACCATCATCTGACCTGCATGCATTTTTTTCCAGCTCTTTGCCGCAGCAACTGGTTTAGCTGAAAAAAGATAGCCTTCAGTCTCTGCCGGAAAAGTTATTTTAAGCTCTTTCACGAATGCTTTGCTTTCAGGTTGGCCTGAAGTATAATGAAAGAATTTTATCGGGTTAAAATCCTTATTATCCTGATAAACAATCAGCTTGTCTCCATCAGTCAAAATATTATTTGTCCAGTTATCTTTATGCGCGTTCATTTTAAGAAAATAATTATGCAGCTTTCTCAAATCTGCCTTGCGGAGGTTCTGCATTTTTTCTGCTCTGATGCGATCAAGCAGATAGCAAAGGTAATATTCCGAATCGCAGCTGCCTGCAGGTTTGAAGTTATCCTGCTTATATTTACGGTAGTCTACAACCTTACCATTCTGAACAAAGCCAAACTCCTTTCCACAGGTCTTTCCTTTAAAAGGGTGTGTGTTTTCAAAACATATTTTGCCGATTTTCATTTTGCGGACATGCGCAACCAGCAGTTTCCTGTTGAGCTGCATCTCGACTGTTTCAGCAGCCTTTCTGCTTTTAGAAGCATCAATCTCTTCCTTGATAACTTTCAGTTTCCCGTTATCTTTATAAACCATTCCCCAGCCATGCGGATTGTTGCTTCCGTTTTTCCAGAACCGCTCAAGCAGGGGCCCTGCCGCAACCGGTTTATTAAAGGAAAACGCGAACAGTTCACATGCATAGCTGTTGCCGGCAAGGATCATCAGGAAAGT
CP071032.1_gap26	1148996	1153730	4734	TGCAGCCCTTTGGCGATCATTTGCGTTCCGATCAGAATATCAATTTCGCCACGTTTAAATCTATTAAGAACAGTTTCATATGAGCTGGCCTTGCGCATCGTATCAGAATCCATACGCTCGATACGGGCCTTGGAAAACAGCGCAGCGGCAATCGCCTCTATTTTCTCAGTGCCGCTCCCCGAATAACGGATATCCTCGGCATTGCATTTCGGACAGCGCACGTAGGAACGGATCACGTCTCCACACAAATGACAAGTCAGGCTTTCGCGTTTTTTATGATAGGTATAAGACACTGAACAGGAAGGACATTCTGCAACATATCCACAATGTTCACACATCATCTGCCGGGCAAACCCGCGACGGTTTAAAAACAGAATAGTCTGTTCACCCCGCTCCAGGCGGCTGCGAATTTCATTTATCAAGACCTTTGAGAAAATACTCGGTCTGTCGCCGTCATAAGCTCCAAGACGATTGTCAACTACTTTTACTGACGGCAAAAGACAGTCGTCAACCCGTTTTCTAAGTTCAGCAAGTTCATACTTCCCGTCAAGAGCGTTTTTATATGATTCAAATGACGGAGTAGCTGACCCAAGAATAACTACAGCATCTTCCATCTTTCCCCGCAAAACTGCCACATCGCGGGCATGATAGCGCGGAGCTTCACCCTGTTTGTATGAACTCTCATGCTCTTCATCAACAATAATGAGCCCAAGTTTTTGAAAGGGAGCAAACAATGCAGAACGGGCACCAACCGCTATTTTCACCAGCCCGTCATTTATTTTGCTCCACTCATCAAAACGCTCACCTTCTGTCAAGCGGCTGTGCAGCACGCTTACCATATCGCCGAAGCGTGCCCGGAATCGCCTTACCGTCTGTGGCGTCAAGGCAATCTCCGGAACCAGCACAATAGCCTCTCTGCCATTCTCAAGGGCTCGACTTATAGCCTGAAGATAAACTTCAGTTTTGCCGGAACTGGTTACACCGTGCAGCAGTAATGTATGTTTAGTACTGTTGTCTTCCAGCATGGCATAGATCTTATCAAGCGCTATTTTCTGCTCTGCAGTCGGAGTCTGGGGCTGATCAGCAATTATAGTTACATCAGCAAACGGATCCCGCCTGACTACCCGTTTCTCTTCGCTGATTAAGCCGTTCTTCAGTAAAGTCTTGACCGGTGAAATTGTTGTTCCGGACTCACTAAGCAGCTGTTCCTGAGAAACCTCCTGGTGTCGAAGCAGAGTCCGAAGCACATTCAGCTGGGATTCATAACGCTTTTTATCACTATGAGCAATAACAAACTCTTCGGCTTTTCTGGTATCAGCTACTGAAAAAAGCTTAAGCGTCTTGTGCTTGACTTTTCCACTGCGGACAGCACGCGGCAGCAATGTCCTGACAGCCTGTTCTCTTGAACAGCAGTAGTAGTCAGCCATCCAGCGTCCGAGTTTTACCAGTCGCTCAGGAATTCTGGTATGGCGTTCACAAATCGAATGAATGTCTTTTAACGGCGAATCGAAATCTGACTTCTCGATAATATTCAGTACATATCCACGACGCGAAGAGCGCCCGAAAGGAACTTTGACCTGGACACCAATGTGTACCCTGCCCTTGAGCTCTTCCGGAATATTATAATCAAACGCCTTATCCAGCGACAGATCAACAATGACTTTTGCTACATTCATGGGCACCTTTGCTATATTTCACAGGTCAATATACCGCCTCATGCTGAATTATCAACGCAGCTTGCCATAGTCAGTTTCTGTAAGACAAAAATGCCGTCAGTAATTTATCACTCTCCAGACCCCTTTGAAAACCCAGGGCTTATTTCATTACTCTGTTACAGAAAACAGCAGTAAAGTGTTTATCACTCTTCAGGTTTAATCTCCTGAGGAGCTAAGAAAGCATAGCAGATATCTGTAGTTTTAGGCTCCCTGCCCAATAATGCCCTAAACCACGGCTTGCTGGCTCGAGGATAAGCCTTGACAAAAACTTTCGGCCTGGCGTTGAATCTCTGGTAAATATCATCCAGCCAGCCAGGTCTTTCGCTGTCCTCTCTTTCCCATAAAACCAATGCTCCGCACTTTTTGATGTCTTCTTCATCAATCCAGTTTGAAAAAAGGCGGTTTGCCGAAAAATAGACCTCGGGCTCGTCAGAGGAATACATGGCAAAATTACATGCTCCCTCCCGACTGGAAATCACATATTTCAGTCTAGTCCTGAACTTCTTATTCCAAAGCCTTGTTAGTTCAGACCCTACCATTTGCCCTGGGTAGGTCTCATAAGAACTCCAGTTTTTGACAAACGGCTTTAAGTACAATTCCTTGCTGCCGAAATATACTAAACACGCAAATACAAAAATTACAGTAAAAACTGAAAACAGACCTGCCTGCCTGATTGAAATTGACGGATTCCACGTATAAAACAAAAAAGCTCCAGTCCAGGTATAACACGGCGTGAGCCATGAGGTTTTTACATCTCCTCCAGTCAGCAGGGCAAAAAGAAAAGTAAGAGTGAGCGGTCCTAAAGCCACTGCGCCCAGAAAAAACTTCTCAAAGAACGGTGCGGCAGCTCCTCTCCAGCTTCGCTTGAAAAATATCAGCGCAAACGCAATAAACGGCGGGATTGCCATTTCAATACTCGCTCCGATAACCTCAAAAAATTTTGAAAACCTGAATGAAAGCCCCTTACGAACTACTTCACTGTCCAGATTCGCTCTGCCCAGAGCATAAGAAAAAGCGACAAATTCGTTCTGGTAAAGCCATATTAAATTTGGCAATGACAATAAAATAAAAACCAGTACAGCCAGATACATTCCAGCTTTTTTGAATGATGCCCTGCCTTGTGGAGAAAACAGCACCACCAGCCCCATGGGAGCAAATAATACCACTCCGTAATACTTGGTCATAAACGACAGTCCGGCGAACAAACCGGTTAAAAGCCAGTCCTTAATTTTCTGTTTTTTCAACGAATTATAAAAAAACAGAACCGTCAAAGCCCACAGGGACATCTCCATGATATCATCGTTAAACTCAACACTCCATGTCGAAAAGAAGCGGATACTGAATAAAAAAACTACAGCCAGTAAAGCTTTAGCCGGTGACATTATTTTCCTGCAAAGAATCCAGACGCAGATAAAAGCTATCGAAAGCGAAAGCTGACCAGCAAAGTAGCTGAACTCAGGAATTCTGCCGAATGTAACATACAATAAGCGGGACAGCAAAGCTCCGACATAAGGGTTTTTATCATAGCCAAACTGTATATGCCGCCCCCATGCAAGGTTTTCTGAAACATCTACTGGAATATTTCCCAGGCAACAGAATGCGGCAAATGCCCACAGCAGGAACCAGAATAAAACGATTAAAGGAAATAATTTTATTGCAAGCGGGTCGAGTTTTTCAGGGCAGTCATCTCCCATAAACTCACAAACTTTTTTGTAAGCGTTGCTAAAATCCATATATTTGCACAAATTCCGATTATTTTATGTTTTATTTAGAAATAAAAAAGTTAGACATAAAAGATAAAGAGGGAAGTGCAAAACATTATAATATCATTATACCGCTTATTATTAAACAGTAAACCATCCACCCCCCCTTAAACAAAACATGATTAAAGAACTTAAACCTATCCTCCACGCTTTAATATCACAGTTAATTTACGTATATATAAAATATATTTACTAATATTAACTATAATCTTATGTTTTTCAATACAGATATACATTATTTTATTATTTAAATACAATATTAAATTAATGCTTGAACCTGCAGAAAATTTTGACAATAACAACTTGCAATATACCGTATTTACATATTATAATTACATTGAGTAATATTTTATTCCATATCAGGTTTGCCCTTAATTCAAAGTTATTTAGAACATTTTCATTATTTTCCCGGTCTTCCAAATCATAGTATAACGAAATTATAAGGAATTAAATGTGAGCAAAATTAAATTTGAATTTGATGATTTCGGCTGGGTCATAATGTGTATAGGAATGGGGATTGGAGCAGGGATAGTTTTCCTGCCGGTACAAGCAGGTATGGTAGGGCTCTGGGTACTGCTGGGCGCTTCTATTGTTGCTTATCCGTCAATGTACCTGTTTCAACGGCTTTTTGTAAATACACTTTCCGAAGCAGATGAGTGCGAAGATTATCCCGGAATAATCGCTGAATACCTTGGACAGAACTGGGCAGCTCTGCTGGGTTTTCTCTATCTGGCCATGCTGATAATCTGGTATATTATTTACGCACTTGCAGTCGTCAATGACAGCGCTTCTTACTTGCACACATTTAAAATTACTTCTCATAAATGGTCCGATTACCTTATTTACACCGTAGGCCTGCTCGCGATTCTTTGCTTTATCGCCTCAAAAAGTGAACGCCTGCTTTTTAAAATTGCTTCCTTCATGGCAATTACCGTTATGGTTATCCTGGTGATTCTCGGCGTAATGATGATTCCGCAGTGGAACATTGAAACCGTCAAGCACGCACCGGCACTGGGAAAAGGTGTACGGCAAGGCGTGGTAACCCTGCCTTATGTGCTCACTTCCATACTATTCCTGCAGTCTCTAAGTCCAATGCTCATATTCTTCCGCAAAGTTAGCAAAACACCCGAAGAAGGACGCAAAAGGTCTATCCGGGCAATGAACATTGCCTTCATAATCCTTTTTTCAGTTGTATTCTTTTATGCGGTCTCCTTTACTCTGGCCCTGCCCAGGTCTCAGGCGCTGGCTGCCTACCA
CP071032.1_gap27	1158033	1159205	1172	CCCTGCTATTTTTTATGCTGTCGCTCAAGTGAAGTTCCCAGTATTCCATTATACAAAAAATTTCATAAAAAAACAAATTAAACAAACTTAAATACTGCTTATCTTCAATTTATTTAATTGCTCAGAATTATTCTCGATATTCCATGACAATGAACATGTCTGAGTAAGAAAATTACTGTCGTGACTGCATATCAGCAAGGCACATTGACAGCCGGCTAATGCCGCCTCAAGACATTGAATGGACGGCAGATCAAGATGGTTAGTCGGTTCATCCATAATTATCAATTGTGTCGGTCGCAGCACGCCCAGTCCAAAGAATAATTTGCGCCATTCTCCCGGGCTGCAGCATCTTGAATCCAGCAGCCTTTCCGGTCTTGAACCTAAAGAGGCGGTCACACTCATAACTTTAGAAAATTCATCATGGGACAGTTCATGCAGCCTGCTATAAATATATTCTTTAATTTCTGCAGTAAACTCCTGAGGAATATAAAGATATTCAATTTCATCCAGTTTCAGAGCAGGTATAATTTTGTTGATAAGCGACGTTTTTCCTGAACCATTCATACCAGTTAAGGCAATGCGATCCCTGCTGCCTATATTTAATGCCGGCACCACGGTCAACCTTTCAGCTCCCAGTGAAATACTGCATCCAGGTAAATCCAGCAGGGAGTTTTTTTTAGAATAGCACCCATAAGGTATCTCAAGCCCCATCCTGGGAACTTTTATATTTGCAATTGCCTGAAGCTTATTTTGATCTTTAGCCACTCTGCGGGCCTGAGAACCGGCTGCGTCAAACGCGGAACGCGAACGGCTTGTCACCCGGGCACTGTCAATACGCTCTTTACCTGAATGATCTTTCTTGTTCAGCTTACGTTTTGAGTTGCGATTTTGAGCCAGCTGCTCTTTTTCCCTTCGCCGCTGGAGCTCTTTCCGGCTTTTGTTTAAACTTCTCTTTAATATTAAACGTTCTGAGAGTCTTTTCTCAAGCTCGATTCTTGCCTGTTCAAGACCTTGCGACACTCCACCGGAACGCAGAATCGCATTATTTCCACCAATAAACAAACACTGAGAGCAAAGTGTATCCAGCACTTGACGGTCATGACTTACTATAATTCCAATGCCCGCAAAATTCCTGAGCCCTCTAATAAGCATTGCCCTGGCAACTGAATCAA
CP071032.1_gap28	1164084	1165981	1897	ATATACTCCGTCCTGAAAAGTCCCACCCCGCTTGTACCGAATTTTTTAGCGGCCTGCACATCAGAAATACTTTCAATATTCGAAGCCAGCTGCACAGTAAATCCGTCAACAGTCTCGGGGCGCAAACGGCTTTCACGAATCAGATCAATGTAAAAACGTCCTTCCTCTTCCGCTTTCAGCTGATAAATCTCACGGGTCTTTTCGGTCGGATTAGCAATCACGGTTCCAATAAAACCGTCTACAATAACTTCATCATTATTTTTGACCTCTTTGAAAACGTCAGCCGGAATTCCAACTACTGCCGGAATCTGCATGGAACGCGCCAGTATCGCGGTATGTGAGGTGTTGCTGCCTGATTCAATCGCAAAAGCCTGAACTTTATCGCGGTCAAGTAAAGCTGTATCGGAAGGTGTCAGGTCCCTGGCAATCACTACCTGCTGTTCCCTCAGGTGATCCAGAGCGGGACGATTGGTGTTTCGCAGGTTCGCCAGCACCCGTGAAGCTACATCCTTAATATCCGCAGCCCGCTCTTTAATATATTTGTCAGGCATGACTGAAATGGCGGCAATGTAGCGTCCAATGACTTTGTAAAATGCATAATCAGCTGATTTATGCTGACTCTTGACCATATCTTCCACTTCATTAAGCAGCATCTGGTCGTCAACGATAAGCAAATGAGCATCGAAAATACTGGCATCGCGGGTATCAAGATCTTTCTGAATACGGCGCTGCAGATCGAGCAGTTCCTCGCGGGTTTTGTCGAGGGCGATATTAAACCGCTGCACCTCGGCATCCACCTGCTCCGGTTTAATCGGTTCATCTGAAGACTCAGTGAAAGATGTATTATGCTCTTTTATGAGCAGCACACGCCCGATTGCAATACCTGGAGAAGCTGCGATTCCGTGATAAACCTTTTCCTTTGTTGAGGTATCGGCCACCGAAAGTTATTCCTCTTCAAATTTTTTCTCTACCAGATCGATTATTGCCTGAAGCGCAGGCTCGCAATCATCCCCTCTGGCGGAGACCTTTATTCTGGTTCCGACTCCAGCCGAGAGCATCAAAAGGCCCATCAGGCTTTTGCCGTTAACCGCTTCACCGTCCTTTTCGACAATTATGTCAGACTCGAATGAAGACGCCAGTTTTACAAACATAGACGCGGGACGAGCGTGTAGCCCAAGAGAATTTATTATCTCTATTTCAGTTGAAATTTCCCGGCTGTCTGACATCATAGGCAACTTTCATTATTTCCTTATTATTTCGAGTATTATTCTATGTTGTTGCTCATCCGACTAAACAATCAACCCACGTTACATTATTATAAGATTGATGACAATTCAAGCAAAGGTACAAGTATAAATCAGCTTTTTTTGAACTTAAGTATTTAAAACAGCACACCCCTGCTGACACTAATATGTTATAATCCCAATAATTACATATTTTCAGCTTGATTTGCCACAGCACAGCTGTAATTTAAGTGTTTAAGACAGAGCAACCTCAGGACATAAAGCAGTTTTAATGTCTTTTATTTCAAAATTAATAATTACAATATTTCATCCCGGAATAAAAAGCTGAATCCAAAACTGTAATTACAGTTTAGAATACACAATTTATAATATAATAGAAACATGAGGCAAATATAGTGAGTAAACCCTGGAAAATAGAAACCAATGCGGTACAAGCTGGCTACCAGCCGGCAAATGGCGCGCCGCGTGTTGTTCCAATCTGCCAGAGCACCACATACAAATATGATGATGCCCAGAGTGTAGCAGACCTCTTTGATTTAAAAGCCCCTGGACACATGTATTCCAGAATCAGCAATCCGACTGTAGAGGCATTTGAAAACAAGATGGCCGCGCTGGAAGGTGGAGTTGCGGCTGTTGCGGCCTCATCTGGCCAG
CP071032.1_gap29	1168087	1171017	2930	GCCATTAACCTTGTTACAACAGAATGTCCCGGGAAATAACAATATATTATCAATTGCTGTAATTCTATTAAAAAATAGCTTACTCAAACATAAGTATTTTTATATCCAACTCATAAATCTTTGTATAATAAAAAATTATAAATAAATTTATAATAATATTTCTGGATAATAGTTTGCAATTGCGAACATTAGCAATTACTATATGTAGCCGGGCTGTCCGTTATGGAGTCCGGGCATTGCGTTATTTATTTTCGGAGAAAGAGAACGGCTGTAAGCCGCTGCTCTATTCAAACACAGGAAAAACAGACCGGCATTCGGTCTCTGTGAGCGGGTGCTGAAAAACTACGGAGGATCTGGTTATGTCCCAAGTCGCCTGCTGTTGTGAAGAAATGTCCGATCAGGAAAAAACCGAACGCCTGAATGAAATCCTTGATGAGTATAAGCACAAACCCGGCGGACTCATACCGGTTTTACAACATACCCAAAGTATCTATGGTTATCTTCCTGAGGAACCCCTGAAAATAATTGCAAAGGCCCTTGACAAACCCTACAGTGAAGTTGCAGGAGTCGTCAGCTTTTATTCGTTTTTTTCAACTCACCCCCGCGGCAAGTATCAGGTCAGGGTCTGTCTGGGCACCGCATGTTACGTTCGTGGCGGCAAGGAAATTCTTGATGCCTTGAAAAAAGAACTCGGGATTGACGTGGGTGAAACCACTGAAGACCGCTTGTTCTCGCTGGAAGTGGGGCGTTGCTTCGGCTCCTGCGGCCTGGCTCCAGTAATTCTTGTCAATGAAGATGTACATCGCCGGGTAAAAGCTTCTAAAGTCGGAGAAATTCTTGCCCAATACAAAGGAGAAGCTACCGATGACCAGTAAGATCAACAACCTTAAAGACCTTAATTCCGTAAAAGCTGAAGCCGCCGCCCGTATGGGGCTGCGCAACCGGCAGCCAAGTCTTGACGCTCCTGAAAAAATCTATGACGTCATGCTGTGCATGGGCACCAGCTGTATCTCATCCGGAGCAGAAGAAGTAAAAGAAGCTCTGCTTGAAGAAATTAAGAACCACGGCCTCGAAAAGCAAGTGACAGTCAGGGAAAAGCATTGTTCAGACAATTCCGATGACCAGTTTGACCGCGAAAAAATTGATATTGTAAAAACCGGCTGCAACGGCTTTTGTGCCGCGGGGCCGATCATAGTTGTATATCCCGGCGGAATATTTTATCAGAAAGTAACCCCGGAAGATGCCAAAGCGATAGTTGAAAGCCATTTCCAAAACGACAATCCGGTCGAAAGGCTGCTGTTTAAGTCCGTAGACCAGGATAAACCGGTAAAGAAACTTAACGAAATCCCGTTTTTTGCCAAACAGAAACTGAAAGTACTGCGCAACAAAGGACGCATTGCCGCTGAGTGCATCGATGAATATATCGGTCGCGATGGGTATCAGGCTTTGGCCAAGGCGCTTTATGATATGACCCCGCAGCAGATTGTGGATGAAATAAAAGCTTCCGGCCTGCGTGGACGCGGCGGAGCCGGTTTCCCGACCGGGCTCAAATGGCAGTTCTGTGCCGACAGTCCAGGTGACCGGAAATACATCGTCTGCAACGCTGACGAAGGAGACCCGGGTGCATTTATGGACCGCAGTCTGCTTGAGTCAGACCCTCATGCGGTTCTTGAAGGCATGATGATCGGCGCCCGCGCCATTGGAGCTTCTGAAGGCTATATTTACTGTAGAGCGGAATATCCGCTGGCCCTGCATCGACTTGAAGTCGCTATCAGTCAGGCCCGGGATCGCGGCTTGCTGGGCAGCGGTATAATGGGTACTGATTTCAGTTTTGACATAAATATTGCTCAAGGTTCAGGGGCATTTGTCTGCGGCGAAGAAACCGCTTTGCTTCATTCTATTGAAGGCAAACGCGGTGAGCCACGGCCGCGACCGCCATTCCCGGCGCAAAGCGGTCTGTGGGGTAAGCCGACAGTACTTAACAATGTCGAGACCCTCGGCAATATTGCTCTTATTATCCGGGACAGTGCCAAAGAATTTAAGAAACTTGGCACTGAAAAATCACCCGGTACCAAAATTTTTGCCTTGACTGGAAACCTCAATAATATCGGCTTGATAGAAGTACCGATCGGCACTTCGCTGGGCGAAATCATCTATGATATTGGTGACGGAGTGCCGGACGGCAAGGAATTCAAAGCTGCTCAAATCGGCGGTCCATCCGGAGGCTGTATTCCCAAAGAACATCTCAATGTTCCGATCGATTATGAAAGTTTGCAGCAACTTGGCGCTATTATGGGATCCGGCGGACTTGTGGTCATGGATGATAATACCTGTATGGTCGACGTTGCCCGTTTCTTTCTCGAATTTACTCAGGAAGAAGCTTGCGGTAAATGCTCTTCCGGCCGGGTCGGCACCAAACGACTGCTGGAAATACTCGAACGCATCTGCGGCGGGGAAGGCGAAGAAGGCGACATCGACCGGCTGGTCGAACTTTGTTCGCTGATCAGCAAAACAGCATTGTGCGGACTCTGCAAAACTGCCCCTAATCCGGTGATGGCAACTCTACGCTATTTCAAAGATGAGTACGAAGACCATATCCGGGAAAGCAAGTGCCGGGTCGGGGTTTGTGCCAGTCTGGTCAGAGCCCCCTGTCAGAGTGCCTGTCCTGCCGGAGTTGACGTACCAGGATTCGTTTCGCTGGTGGCTGAAAAACGCTACGCAGAAGCACTCAAGCTGCACCGTGAGCGCAATCCTTTTGCTGCAGCCTGCGCCCGGGTCTGCTACCACACCTGTGAAAGCCGCTGCCGGCGTGCCACACTGGATGAACCGCTGGCAATTAGAGGCATCAAACGCTTTATGGTAGATCAGGAAGTTACGATACAGGTGCCGGATGTGCATGAAAATGCTGCCAACGCCAAGCGCAAAATCGC
CP071032.1_gap30	1172429	1173315	886	CAGAAAAGGTGTGGTAGAACTGCTGCTGTCTGAGCATGACGGCGACTGCCAGACCTGCGAACGGGGCGGGGATTGCGAACTGCAGCAGCTGGCCCGGGACCTGGGAATAAGGACTGTACGCTTTGAGGGGGCAAAAGCCGAAAAAGTAATTGACGAAAGTACCCCTGCCCTGATCCGTGATTCCGGCAAGTGCATATCATGCCGCCGCTGTGTAACCGTATGCAATGAAATTCAGGGTGTCGGCTCTATTTTCCCGCAGGGACGTGGCTTTAAATCCAACATCGGTCCAGCCTTTACCAGCAACCTGGATAATGTCACCTGTGTGCAGTGCGGCCAGTGCTCCGCGGTATGTCCAGTCGGAGCCATTTCCGAGCATGACCAGATTGATGAGGTCTGGAAAGCGCTTGATGATCCGGATAAGCATGTAGTAGTACAGACTGCACCAGCGATTCGTGCCGCTCTGGGCGAAAGCTTTGAACTGCCCCCCGGCACACTGGTTACGGGAAAAATGGTTACGGCGCTGCGGCAGTTAGGGTTTAATGCGGTGTTTGACACCAACTTCGCGGCGGACCTGACTATTATGGAAGAAGGTACGGAGCTGCTGACAAGACTGAAAAAAGCTCTGGTGGACGGTGATAAGTCCGTGGCTCTGCCCATGTTTACCAGCTGCTCACCGGGCTGGATCAACTACGCGGAATCTTTTTTCCCGGAAATACTGCCAAATATTTCAAGCTGCAAGTCACCGCAGCAGATGTTCGGTGCCGTTGCCAAAACTTATTACGCCGACAAAATCGGGGTAAAACCGGAAAACATGGTGGTGGTTTCGATAATGCCCTGCACAGCCAAAAAATATGAGGCGGCACGCCCGGAAATGACTGGCAGCGGG
CP071032.1_gap31	1200175	1201456	1281	GTACCTTTTACCTTGCGACCGTCAGGAGAATTACCGCCTCGCGTTGCCGGATCATAAGTGCAGCGCAGCTCCACAACCTCGCCGTTTTCATCCTTGATAAAATCCTTACAGGTAATGAAGTAGCCGTAACGCAAGCGTACTTCACGTCCCGGCCCAAGCCGGAAAAACTTTTTCGGGGGATTTTCCATAAAGTCGTTACGATCAATATACAATACCCGGCTGAACGGCACTTTTCTGGTGCCGGCTTCCGGCATCTCAGGGTTGTTAACCGCATCCAGCCAGTCAACTTCACCTTCAGGACAGTTTTCGATAACCACTTTGAGCGGGTTCATCACCGCCAGATAACGTGAAGCATGCTTATTCAGATCATCACGTACACAGTGCTCCAGCAGCGCAACGTCAGTCAGGCTGTTGTATTTTGTTACGCCTACCCTGTCACAAAAGTTACGAATAGCGGCAGGGGTATAACCGCGGCGGCGCAGACCACTGAGGGTTGGCATTCGGGGATCGTCCCAGCCGTTTACCAGCTTTTCATTGACCAGCTCCAGCAGTTTACGTTTGCTCATAACCGTATAAGACAGGTTCAGACGGGCAAATTCGATTTGCTGCGGGTGACTCTCCAGTTCCAGCGCGTCCAGCACCCAGTCGTAGAGTGGACGATGTATTTCAAATTCCAAAGTACAGAATGAATGCGTGATATTTTCAAATGAATCTTCGAGGCAGTGCGCGAAATCATACATCGGATAAACGCACCAGTCGTCGCCCAGACGATAGTGATGAAAACGGCGGATCCGGTAAATTGCCGGGTCCCGCATATGGATATTGGGAGAAGCCATATCGATCTTAGCTCGTAATACTTTGGCCCCATCTGCAAACTCCCCCGCACGCATTCTGGTGAAAAGGTCAAGGTTTTCCTCAATTGACCGTTCCCTTCCAGGCGGATTCTTGCCAGTTTCAGTTAAAGTCCCGAGGTACCCTTTCCATTCGTGCGGAGTCAAATCACAGACATAGGCTTTGCCGCGTCTGATCAATTCAACCGCACACTCATACATGCGTTCAAAATAATCAGAAGCAAAGTAAAAATGCTCACCCCAGTCAAAGCCAAGCCACGCAACGTCTTTTTTGATGGCCTCAACATATTCCATATTTTCTTTGGTCGGGTTGGTATCGTCCATGCGAAGATGACAGACTCCGTCATTCTCCCTGGCGATCTCAAAATCAATGCAGATAGCCTTGGCATGACCGATATGCAGGTAGCCGTTGGGTTCGGGCGGGAAACGG
CP071032.1_gap32	1212056	1216182	4126	TCATGGCAAAACATTTTTCAAGCATCTGCGGCACCAACAACTTTATATTGATCCCGTTCATTCTTGCCGTTACCGCCGTTGGTTCGGCGTTTGTTGACAATGTAATTTTTGTAGCAGCCTTCTGTCCGGTAATTGAACAATTATCCCGCAGCTTGAAAGACCTTCCTTTATGGTGGGCTCTGCTTTTTGGAGCATGTTTTGGCGGCAACATCACCATGATTGGAAGTACCGCCAATATTGTCGCACTCGGCATGCTGGAAAAACGCTCACATATCCATGTCAGCTTCTTCCAGTGGCTTAAAGTAGGGTTGATCTCCTCACTGCTGGCAGGTGCCATTGCTTGGGCTGCCCTGATAACTTTATCCCCGTTAATGCCAGACCGCTTTGCCAGGCTGCAGTTTTCTGATATAATCGGCCGGTCTTTTGAAAATAAAAATGTTATTATCTATGCAGAAGCTGTTAAGCAACTGAATAAATATGTGCTTCCTGAGATTACACCGGATAAATACCTGTGCTATGAATTAAAAGACGGCCCCGCAGCCAAGCAGCTCCGTATTCTGGCATATGTCAGAAAAGACTCTGAAGCTGTTAAACTTATTCACCAAACCACGCATGAAAACATCTATTTCAAAGGCAAACTGATTTCAATAGAAGACGCCCGCTATGATGCTGCGCTTATCGTTGAACTTATAAAACTAAAAGTGCCGAAGCATCACTGATTTGGGAGAGTTCTTGCTTGAATATAGATAATTACAGGCTATTTTTTAGTATCCGAACAGTTAACCTATAAGGAGTATCAAAATGAAAAAACTCGCTATTTGCCTTGTTGCCATGGTCTTAGGAATTTCAGCATTTGCTCAGGAAACAGGTGGAGGAGACACTGGCTGGAGTGCACTTCAGGCAGGGTTCTGGTTCGGCTACCCGGAATCAACACTTGTAACCGATGTCAGAGGCGTGAAGGTCGGCTTGCCGGTCTGCTCAGGCCACGGAACTGTTTATGGTCTTGAAATGGCTATTTTCTGCGCCGCGACTGACAATATTGAAGGCATGCAGTTTGCCTGGCTGGGCGCTAACGTAACCCATAACCTTTCAGGCCTGCAGCTTGCCCTGGTCAACGCTATCCGCGAAGAAGCCGCTGGCGTTCAGGTCGGTGTTGTAAACCTTTCGCAGCATCGCGGCTGGCAGTTTGGACTGGTCAACGCAGCAAACAATGCCCCGTTCCAGCTGGGTCTGGTTAATTTCAACCCCAACGGCTGGATGCCTTTTATGATCTTTGTTAATTTCGGCAAAGATACTTTTAACTAATAAACTGGTATTGGCGAATTATCTTAACCGGCGTTTTTCAACGCCGGTTTTTTTATGCAATCATATCAGATTGAACAAACTGTTATTCAGCCCCTTTTATGATAGCGATTCCAGCGGAAGTTCCCAGGCGGTCAGCACCGACTTCAATCATTGCGACAGCATCCTTGTAAGAGCGGACACCACCTGAAGCCTTTACTTTCATACGGTCCCCGACGGTTTCAGACATTAATTTGACATCCTCGACAGTTGCCCCGCCAGTACCGAACCCGGTTGATGTCTTGACAAAGCACGCCCCTGCAGCCTGCGCTGCCTTGCATGCCCTGATAATTTCATCTTTATCCAGATAACAGGTCTCAAGGATTACCTTTACACATATTCCGGCCGGGACTGCTTCAACAACGGCTCTGATGTCCGCTTCAACCCTTTCCCAGTCACCTGATTTGGCTGCGTCTATATTGATAACCATATCGACTTCCTCTGCTCCCAGTTGAACTGCCTGAGCGGCCTCAGCCGCTTTAATTTCAGCGGTATTTGCTCCGAGCGGAAAACCGATAACAGTACAGACCTTCACCCCTGATTCTTTAAGCATTTCTGCACATAACTCGATAAAACAGGGATTTACACATACAGATGCAAATTTGTACTCAGCCGCTTCACTGCAAAGCTGTTTCACATCTTCATATACAGCCGTCGGCTTCAGCACTGTATGGTCAATGTATTTCGCAAGTTTCTCAATGCTTAAATTTTTCATTTTATTTACCTCTTTTCTGCAATAAAAATTTACAATGATTCAAAAATATCTTCGGGCAGCTCCGCTGCATCCGGATAGCTTATCTGAGTCCCCGGGCGCTGTACGCTGATTGCAGCAATACGATTGGCGCGGCGCGCTGCTTCGTCCAACGGCAGGCCGCAGGCATAGAAATAAGCGAAACTGCCGATAAAACAGTCCCCTGCTCCGGTAGTATCCTTCGCATCAACCTGAATCCCCCTGACATGGATCGAAGTGTCCTTTTCCATAATCAAACTGCCGTTGCCGCCAAGGGTCATAACTACAATTTTGGCTCCTTTCTCCAGTAAAGCACGGCCTGCCTGCTCCGCCCCCTCCAGATTATCCGCTCTAATGCCGGTAAGCAGTTCAGCTTCAGTTTCATTCGGACAGATTATATCCGACAAAACAAATATTTCATCTGGGAGATCCGCAAAAGCCGGAGCCGGGTTAAAGAGATTAACCGCCCCTTCCTCCCGGGCAATCCGCATTGCGCACAAAGTAGCCTCCAAAGGGATTTCCAGCTGTGTGATCAACAGACCAGCTGCCGCAATATCCCTGCGGGCAGCTTCCAACTCCTCAACAGTCAATAAATCATTGGCACCAGTTACAATTATAATTGAATTATTGCCTTCTCTGTCAACAGTAATCGGAGCTACGCCCGAAAGCGCTTTATCAGTTAAATGCACATGGTCAGTTTTCACGCCAAAAGATTTGAAATTTTCCAGTGTCCTGTGTCCGAAAATATCATCTCCAAGCTTAGCTACCATTGTTACTTCAGCTCCCAGCTTGGCTGCCATAACGGCCTGGTTTGCCCCCTTGCCGCCGCAGCCCATACCAAACCTTCTGCCATGAATTGTCTCGCCGGTCCTGGGCATGCGCTCTATGTAGCTGATAAGGTCAAAGTTAGCTGCACCTGCTACACTGATGGAAGGCCTTCTCATAATTTGCTCCTGCTGATAAATTACGTTTGTGCGACTTATAAAAGGCAGCTGAAAACAAACAAGCCACTTCCGGTTTATTCTTAAGCTGCACCTTAAGCTTCGATCGCATCATTCAAGTTTTAAACTGTTTACCCCGATGCAGATTTTATTTCAATTTGGATTAATTCAAAAAAATAAAGGCACTCCAACTTTAAGTCATCATCAGGAGCACCCTGTCATAAATCAAGACCGACGAACACTATAAAAAGTTCTTTGAATACAAAAAAAAGCCGGAACCATACAGGTTCCGGCAGAAAAAAGCATTTGCTTATCCCATAGAAATAGCTTCTACCGGGCATTCGCCAACACAAGCACCACAATCAATGCAGGTACCTTCGTCAACAACAGCAGCGCCATCAGCCATTGAAATAGCTTCAACAGGGCATGATCCAACACAAGCTTCGCAACCGGTACAAGTTTCTTTATCTACTACAGCAGCCATGATAAACTCCTAGTTTAATTTTTGATGACTAATAAAGGATTCTTTTCAAAATCCTTAATAAATTACATCCTGCCAAAATCATTTCAAGCTGATTTTGCAAATTTTGTCCATTTTGTTACTCATTCACTGATAACACGTAACGGACAATTATCTAAACATTTTTTATTAGGGCAACCGACTTTAGAATTAAGTACTATAAGTGCATGAAACTCATTATATAACGCAGTATCCCGTGGAATGGATTCCATAAAAATCCTTTGTAATTTCCCATAATTCATATTTGGCTCCATACCCAGATGCCGGTGCACCATTCTTCTGGTATAGGTATCAATCACAAACATTGGCAAATTAAAGCAATACAGCAAAATGGAATCGGCGGTTTCCTCGCCTACACCATGAACTTCAAGCAGGGAATGACGCCACCGCAGCAACTCATCATCCGAACACTCAGACGGAACCTTTGAACTGTTTCTGATCCACCAGTTTGCGACCGAGCGCAATCTTCTGGTTTTTATACGAAAATAACCGGATGGCCTTATTGCCTGCTCAATATCTGAGTCTTCAAGCTGCAGGACCTTATCAGCAGTCATTGCACCGATTGACTTGAAGTTTGCAATTGCCTTTTCCACA
CP071032.1_gap33	1264828	1267213	2385	TCTGGCCACTATCCCCAGCACGCCAAGCGTTGAAGCGACAGCATTGCAACCGCCGTGGATTGCCAGGCGGACAATATTTTCCGGATCAAAATAATCCGGATTAGGCGCAAATGAGGCTCCGCCGGAATGCTCTACTCCCTGATCAACCGGCAAAATGGACATATAGCCGGTGCCACCAAGTCTGCCGGATTTAAAGATCCATTCAAGGTTTTTCAATACATTAATATTGCGGTCTGAAGGCATGAAAATCCGGTCAACAAAGTCCGGGCCGGGCAAGTGCAGGTTTGACTTTGGAAATTTTGCTTCGTAGGAAAGGAGATCATCAGCTTCACTACCCAGGTATTCACAAATATTGTCAATCATAGTACACCTCTCTGAAAATATGATTTTACAACGTTCACCCTGATTGAAAAATAGCACAACCCAAATGAATGTCAACACATTTTGGCCGCACGGAAAACTAAAATGGAGCCGGACAAACAGAGAAACGCCATCCGGCTCCCATGGCAACTTATTTCTTGATGTAATCCAGGCCGACAGCCTGCATAATTGCTGAAAGAATAAAATTAAAAGGTTTATTAAAATGCGGCAGAAAGTAGACATCTGTCATAGCCAGTTCGAGCAGAGACAGCTCTTTCTGAATTGCCAGCGCCAGGTAGTAAATGCACTCAGTATGGCTCTGTTCACCATAGGAACCGATCTGCGCACCAACCAGCCGAAGTGTATCTTCTTCAAATACCAGCTTGCAGCTGACTTTATCAGCAGTCTGCATAAACTCAGGGCGGCTGTTATCAGTAAAGAAAGAAGTCTTGACTTTCAAACCAGCCTGTCTGGCGGCTTCTTCGCTGAGTCCGGTGCTGGCCAGACTGTTTCCAAAAACACAGATGGCGTTAGTTCCGGCAATACTTTCCAGCTTAACCGCTTCCACGCCATTGATCTGACTGGCTGCAACAATACCGGTTTTCACCGCATTTGTTGCCAGTGCGACATAGGCATGACGCTTGAGGGCGGCATGATAAATTGCAGCGGTATCACCAAGGGCGTAGACATCAGGAATTGAAGTCTGCATGGCGGAATTAACAATCAATGCGCCGTTCGGCAGCTTTTCAGCTTTAGGCAGCAATTCGGTATTCGGCTTGAATCCAACGCACTGGATAACAAGGTCCGCGTCAAAATCTCCCTTGGTGGTGATAACTTTTTTGACGTTGCCGTCTTTGCCCTGGTATTCCGTAACTTTCGCGCCAAGCACCAGTTCAATCCCTTCAGAAACCATGTCCTGCTGCAGGCGATCGGTAAACTCCGCATCAAAATAAGCTGGAACAACCCTTTCCTGCATATCAATCAATGTGACTTTCTTGCCTTTCTGGTGATAAGCCTCGGCCAGCTCAATGCCAATGTAGCCGGCACCGATTACCGCAACGCTCTTGATGGTATCGTCATTGGCTTTTTCTATAAGAGTTTCAGCATGCTGGAAAAGCTTACAAATTTCAATATTTCCCAGATCTTTATTTTTTATAGGAAAGTTTACCGGCCATGAGCCAGCAGCATAAATCAGTTTATCATAAGTGTCAGTAAATTCTTTGCCACTGTTCAAATCTTTAATGCGAAGCATCTTCTGGTCAGTATCAATAGACAGAACATCACAGTTCATGCTGACTTTAGCCCCAAGCGCCTCAAGAGAATGGCAGTCAGCATAAAACAGGTCATTAACGTTTTTGACCACTCCACCCACAGTAAGGGCAATACCGCACCCTAGAAAGGAAATATTATCATTCCGGTCGTAAGCCACGACTTCCAATTCGGGGTTCTGAGTCAGGAGAGTACGAATTGCAGAAGTTCCCGCGTGATTGACCCCTACTACTACGACTTTGTTTTTCATGTTCATGCTCCTGTATACTTAATGGTGTTAATCCCAATATTCCTCTGCGCATTCCACTTTTGCAGGCTGATGTGATGATTTTATGAGTAATCCGAAGATATTCATGCCCAGCCCTGTGCAGCAGCAATTTGAGTCAAACTGAGCGAGGCTGTCCCATCATCCGGTGCCATTTGAAACATACCGATAAAATAGTTGATCAATATTAATATTAAAAGTACAGATTTGAAGAAAATTGCAATTTTTTAATAATAGTTATCATTCCTAATAGTGGAACTCCTTGTTATCAGATGAGTTGACAGAACCTGCTTTCTTGCCGGCAAAATTGAATATGGGTTTCCAATTCTCGATAACAGTGTGACAGCAGCCTGCCTGCCGATACCGGACGCGTCCTGAAAAACGGTTGAAATCGGAACCGCAGCAATTTCAGTAGCAAAAGTTGCCGAAAACCCCATTACCGCAACCTCTGAAGGAATATTTATATTTTTACGGGTTAACGCCTTATAAGC
CP071032.1_gap34	1269716	1274503	4787	CCGAAACCCCGGTGATTTCAGATTACGGGACAATGAACATCACAGTCAAAGCTGAAAATGAAAAACTTGAAGCTGCGGTCAGACAGCTTAAGGAAAACGTTAAAACTGTAAAAGCACAGCTTGTCAAAGCCGGCTTCAAACCTGATCAGATTGAAATTAAGCCATTTACGGTCAACAACGAAAAAGTCTATGATGAATCAAAAGGCAAATACATAGAAGTAAAGCCACAAAAACTGCGCCTGTCACAAGAGCTTAACATCAGTACCGGCAATGTAAAACTTCTCAAAGACAGCTCCATATCCATCCAGAACTGCATGGGCAATGGAATCATGCTGGATGTTTATGGCCCCTTCTTCTACGTTTCAGACCTCAGCAAGGTAAAACTTAAACTCATGGCTGATGCGACAGCCAATGCCGCAAAACGCGCCCGGGCTATTGCCGGTCGCGGCGGAGCCTCTCTCGGCAAAATCGTCAAAGCATCGCAAGGGGTTTTTCAGGTAAACCGTCCTAATGACACAACCTCTTCCTCTTATGGCAACTACGATAAAGAGACCATAGAAAAATCTGTCAGGGCTGTTGTTTCGATAAAGTACAAACTAAAATAACAGTCAAACAGCCTGTATTGATGCCGGTCAGTACTGGACCGGCATTTTTTTTGTGATTTCTCTGGCGACATCTACTTAAATTTAATGAAAATTCACGCTATCAGATGTATAATATTAAATAGGACATTCGCGACGTTGCTGCTTATTAGACATGGCATTTTTTACAGACTTTTCAGCTCTGCAGTATGACTTCTCCATCACAAATCAGATTAAAACTATGAGGAGCCTGACCATGATTGAAGTAATTAAAACTAATAACCCGCAACTGGTCGCAATGAAATGCGATGGCCCAATTAATGAGGCTGAATTTTGTGAGGCCATGTGCGTCATGCAGGATAAATTTAAAACTAATGACAAAGTTGACTTTTACCTTGAAGCCGGGAACGTGCCTATTCCTGAAATGAAAATTTTGCGGGAAGATATTAAAATGGCTGTGGAATTCGGAGATAAAATAGGCAAAATTGCTTTAGTAACATCCCAGATCTGGATGAAAATGTATTTCACAATGATGACCTCAATTTTTGAAATTAAAGCCAGGATTTATTCTCCTGAAGAAACAGACGAAGCTAAGGAATGGGTTGACTTATAAACTGAATTTCAGCCACCTTTCCGATAACCTCCATTGATTCCGGTACGGTTTAAATCGTGCCGGAATTTTTTTTATTTCTGAAAAAGCAGGTGTCAGAAAAATATATAAAGAACAATGCTTTGACTTTCAAATTAATGTTGCTATATTAGTTAATTACAAAATTTAATTTAAATATATTTGAGTTTAATAATATTTATAAAGCATTATCACAGAAAACTTTTGTTACATTATTTTAATTTGAAAAATATACTTTTCCTGTTAAAAATCTGTTCCACAAGCCTGCCTGCGACATTGCAAAAACAACGCTTCCAGCGTGGAGACATTTTATGGAGAGAAAAGTTATAAGCAACGGACTTGGGACAAGTCTGCAGTCAACGCTGCCAAAACCACTGGCTAAATTGATTCAACCGCTTCTTTTTGCCATTCTCGGTATCAGCAAAATTGACAAAATCTATAACGGCGCCTGCAAGTTAAATATAGACAAAAACTTCGCTGAAAAACTGCTGCACAAGGATGTTATGAACATTCGGCTGGACATTTCTGAAACCGAACTGAAAAAGATTCCGACCGTAGGACCGCTCATTGTTGTTGCAAACCATCCTTATGGGGCAATAGACGGCATTGCATTGCTTGCCCTGCTGAAAAGAGTCAGGCCGGATGTAAAGTTAATGGCTAATTACATTCTGGGCGGCATCCCGGAATTGAAAGAACACTTTTTTCTCGTAGACCCTTTTGGAAATCAGGATTCTTCACGCAACAGCTTCGGTGGTGTCAGGGAAGCCTTGAAATGGGTCCGGGCCGGCCATGTACTCGGGGTCTTTCCTGCCGGAGAAGTTTCAGCATGGTGCAAAGATCGGAAAACAGTTATTGACAAAGATTGGCCGGAAGGTGTCGGAATGATTATAAAAAGCGGCAAGTGCCCGGTTCAGTGCGTATTTTTTGAGGGCAAAAACAGCCGCCTCTTTCAGCTCCTGGGAAGAATCAAGCCCGTGCTGCGGACTTTGTGGCTTGCCCGGGAATGCGACAGGTCATGCAATAATATACTGAAAATAAGGATAGGAAGTGTTATTTCCTCTGAAAAATGCAAAGGCTTCAAACCGGCTGCAAAGCTGATGAATTTTTTAAAATCCGCAACTTATGCTTTGCATAAAAAGGTAAAATAATCAACAAATAGCTGCTTTGTTGCCTTTCACCGGCCCGCATGAATTTGTGCCGATATTTATTTCAGGCGAACGAATACAGCTATCCGAAACATACAAAGACGAAACATTCTCTATCAATTACCCCGTTGACCGTCCTGATGTTAGCCGACAGCCTTTAATTCTATAATTATCTATATATCAAACATTTAAAATCTGCATTATTCAATAAATAAAAACCTGCTTTATGATAACTTAACATTGTTTATATCCACTTTTAAAGAGTGAACCACATGTGACTGAGTGCAGCAAAGGCTCAAATTTGCCGGTTTTCCTGTCGGTTTCGGTCATTAAAATTGCAGTCCCAGAAGAATCACTGGTGAGTGATCTGGAAAAAGAAAATAACTGAATGTCAATCAGAAGCTGCTTTGACTTTTTCTAATTCAGGCCATAGATTTATCTATAGCAATCTTTTACCTTGGGAATATTGAGGAGGAATATTAGCATGTCTTTACTGCAGCCCGGACAAATGGCGCCTGATTTTGAGCTTCCTGATCAGGAAAATATAATGACAAAACTTTCAAAGCTGCATGGAATTAAAGTTTTTATATACTTTTATCCAAGGGCAAACACTCCCGGCTGTGTAACTCAAGCCTGCATAATTCGAGATTCCTCGCAAATACTCAAGTCCAAAGGCGTTATACCCATCGGCATAAGCCCGGATACTGTAAAGCGCCAGGATAAATTCGCCAAGAAACACAGCCTCGGCTTCAAACTGCTGGCCGATACCGAACACAAGGTGGCTGAAGCCTATGGAGTCTGGGACAAAAAATCAATATATGGAAAATTGTTCTTTGGTATAATCCGTTCCTCGTTTCTTATCAATGAAGATGGCGTACTGACTCATGCCTGGTATAAAGTTGCGCCCAAAGAAACCGTTTCAAATGTCCTGAACGCATTGACGGACTTTTATTGAGCCATTTTCAGGGGGCTGGCTCCTTCATACCCGCCCGCCTCATTCTGAACGTATGCGGCAGCGGATTCAGCCCGTACCTCCTGGCACGCTCATTTTTTATAGAATTTTTTCGTTGCTATTTCAACAAAACCAAGCTTTTGGTACCAGTTTTTCAATCCAGTATTTTTTGAAATAATTCCTATACTCACTCTTCTTATTTTTAATGCCTTTGCCTTTATGAAAATGCGATTAAACAATACTAACTAAAACAGTGGCCCTGAAATTTTTCCCGTAGCAATCAGCTTTTCGACTTTGCTGATTTCTTTTTTCAGGGGTGGGGTTGAACCAAGGTCACCATCGCAAACCAAAAGTTCCTTGAGGATAAATTTATTTTTGTAGTGGTCATAATAATAATGACTTGCCTTATGCACTAGTAAGTAACAGACTTGAGTCATATTTTTACCATTGTCATAAACGCATCTTACAAGGTAATTACCGGGAGTGGTAAACCTGCGGATAATTGTGTAATGAAAAAGAGACTTAGGGCTAAACGGTCCCAAAACAAAATCAGTATCAGGCTCTAGCGTAAACCCAGACATATTATTTTTTCTGAAAGGAATTTTCTCACAAACTTCATTTGAATTATTACTATACTTAAACTTGGACGCATTGACACAGATGATATCATTTCTTGTATTCGGGCCTCTGTGATGCCCGCCACTTAAGAGGTAAAGTGCGTAGGGATGCATGTCTCTGAATGGTTGCTTTTCAACTCGGTTAACTTTTACAGGCGCTGGATGGAGTTTGAAAAACTTTTCAACTTTAATAATTTCTTTATCTTTAGGAGAACTGAAGCAAAAATCGCCTTCAGAATACAAAATATCAATGGCCTTTATTTTTCCTTTAGAATAAAAGAGTTTTTTGTATTTTACTATAACTAAATAATCTTCTAAGCCTCCCTTTTTATCAAATTCTCCTGATTTCGTTGATACCAAATATGTGGATGGCAAATTTATTTTTCTTTGAAGAATAAACTCAAAGTAAAAATACCCGTATTGATTGCATTTTATATACCCTGGGGGAAACTTTTTATTTAAATATTCTTTGTACAATCTCAGCTGGTTTATTCTTTTTGAAGATTTGTTATTAATCTTTAAGCTGGTAACATTAGCTCAAAAACAAACGGGTGAATTGTTTCGAAAAAATGGTGTTTTTTCTTAATATGTGAATCATTTTCAGTTGATGCACAGCATGCTGTAGTTAAAAATAAAAAGCAAACTATCAAATTCTTCATCATCATTCCTTTTGTAAAAAATACTCACTAAATAATATCTCCAAAAAAATAATTTGCAATATTATTTAATGTTGTTTGCAAATTAAGAGTAACGTAAATATTTTAAAGAAACTAATAGCAAAAATAATGTAAAAGGTGGAGTGGTGAAAAAAGTTCTTTGTATTGCCGTAAGTTTTCTAATTATTTCTATTATGACTTCATGTTT
CP071032.1_gap35	1296714	1300333	3619	AACATTTCAGCATTCTTGATAATGGTTAAACCGGCAGTTCCCAGAAGTTCGCCAATTCCTTTAGGCATCATGTAACCGGCGATATAATAGAAGAGCGGATGAATCATTGAATACAGCTCAAGCAGTTCATAGCTTTCACTTTTTCCCATACGCGTAGCAAACAGCCGCTGATTGAATTCCCGCTGAAATCGAAGAAACCCGTCAAGCGGATCGCGTTCACAGAAGAATTTGCTGGGGCGAATCATCACAATGCTGATATTCCTGTCCTGTGGATAATCAACAATCAATGAAGTATCTACCGGCAAAAGAAATTTGCGCTGTTGAAAATAAGGCGACTGAGCTAATCCCCACACCATCATCGAAGAGATGGTCGCTGGACCGCCCATTTCGGCATAATATTTATCGTTTAGATATTTCCGCACCCCCAGGAGAATATCAAAGTTGACATAAATCCTTGCCCGGAAAATTCTATTGCCAAAGTAAAAAATCTCCGGCCTGGCCGCTCTGCTGTTCAGTGCCGGATATTTAATCTTGCCGAAATCACCCCACTGCTCCTTAAGCTTTTCCAGCATTTCCTGCATCGGCATACCGTCAACTGGCACATGGTGGTACTGAAACCAGAAATCAGCCTCCTTGTAATCATGGGTGAAGCGGCATACTATGTTCAACAAACCATTACCCGGATGCATTCTTCTCTTCATATTCGGGGTAGCCAGACGGGCCTTAGTCAGTTTATCCCGACTATTTGTAAGCGTTTCAAACTGAATGGCGGTTCCGTTCAAGATCCGTTCAATAAATTGATGCAGTTCCTGCTTTACAGCATATTTCATGCGGTGCCTGCGGCGCACCCAGCGGTTGAGGGCTTTAGCCACCTGCCAGCCACGCTTACTGTCCTCGACTTCCCTGAAGCGGTTGAACACCCGGATAATCTCATTCAAAGCCGCAGCCCTTAGCTCTTCCGTAAGGAGTTCAAAAGACGGGCGCGAACGATCAAAAAAAGGCTTCAGGGCAACCAGCAGTCCATCGCTGCTGAACTGGGTTTCACAAAGATCAGTAAAGAACACCTTTTTGCGCCTTGCCCGCATAAAACCATACTCCAGAGTCCAGTGGCAAGCCGGAGTCTGGCGCAAAAAATCGGCCAGGTGTTCAATAAGCACCTGCTTGGCATTGTCAAAGTCATCAGGTATTTCCCCTTCAGGATAATATTTCAACCTGAAGCTGGTCAAGATAAATTTTGAGTGCTCATTGCGCAAAAATACTCCAGATGCTTTGCGCCAGCCATTTTCCTCTGCGGAAAATCCGAGCTTTTTCAGAAACTGAAGAATTTTCACAAAAGCAATCAGTATCAGCGATTCAAGATTCCACCGGTCAATCAAACGCCTCATCTTCAACTTACGCACATAATGCCCGGAAGCTTCAATAACCTCATGCACTGATTTAGGAAGTTTTTTTGCCAGTTCTATTCCTGAAACTTTTACCGAATCCTTCTTAGAATGAGAGTCTACCGGTTCAGCTGCCTCTTGAAGTTTTTCCCGCTGTTCTTCCCGCTTAATCTCCTGAACCTTCTGCTCAGGCAGCGGCACCCCGATAAAACCGGCAATCAGTTCAGCAACGGCCAGCGGGTTTTCCTCCTGCGGTGAGTGTCCGCATTCAGGAATAATCTTAAGCTCGGCGGAGTGCATGTCATGCCGGAACAAAAACGCATCCTCAACATCAATTATAGCATCTTCCTCACCCCAGATAATCAGGGTTGGAACATTAATAGACCTGACATTTTCATGAAAAGACCTGATGTTTGCAATAGCAATCTGCTTGGCAGCGGAAATCAAGCATTCTTTGGCCCTTTTCTGCTTGAGGATGTTGCTGTATTCAATTACTGTCTCTTCGGTAATTTTCTTTTCATTATAATAAGCCTGCTTCAGCACCATAAGCGCCATCAGCTCTTCATTCACCAGTTTAAGCAACGGGTTTCCCGGAGAAGTCGCAGTCAAGTCATCGATAAATTCAGGAAGAATCTGAAACAGGCCGGCACTGTCCACAAGAATTAATTTTGCGCAGCGCTCCCTTATTTTCTCGTTAAACAAGGTAATAAGCCCTATCGCCCCTCCCATGGAATGTCCCACCAGAATAAAGTCCCGCAATGAAAGACGACGAATAAACTCAGAAACAATAACCGACTGGTCAAAAGGAGCAAGGTGCTCATCGCATCTTTTTTCAGAATACCCGAAGCCTTTGAAATCAAGCGTTATATACCTGAATCCGGAGTCAGACGGCAGGTATTCTATCACTTTTTTCCAAGTGTATGAAAGCGACGCGAAACCATGCAGGAAAAGCACCGGCGTCCCTTTTCCTTGATCTGTATATGCTATGGCTATGCCATCAATATCAATAAACTTATAGTTATCAGGCCCCATGTAACCTCTATCAACTCTTATATATACCATTCTCTGAGCACTTCATAGAAAATATCATGGTTTCGGCAGAAATCAATCTGGAATTTTAAGCAATAACATTTAATATGCCAGGGAATAATACCCCTTATTGCGAATCAGCCGGTACACAAAAATTAAAACCGCTTCCGTAATTTATCGGAAGCGGTAAAAAATATTGAATAACTGTGGATTTCAGTTTGAATCCAGTCCGCTTTCATCAAGTCCCTGCATGATCTCCTGTGAAGACTGGCTGACATCCGCATCCCCGCCTAGAGAGTTTGTAACCCCGGCAATCATGGTACGCAAACGATCACTGAATGCACCAAGCACAATTAAAGCGGCAACTGCAACAATAACAATGATGATGATGTACTCAACAATCGCCTGTCCTTTTTCTTTCTGTTTTCTCTTTCTCATTTCACCCTCCAGGTTTGGAATATATCTGTCGCGACTAACCGGCTTCACGGATAGTCAATGCTGACTAAATTTAACAGGCGCCAGCCGTACTCAGTGAAATAATAAAATAAAGCCATCAGGCTTACTGTTACTGTCAGGCACATGGCCAGCATGATAACATATTCACTGAGCACCTGCCCGTTATCATCCTTTAAACTTGATTTTAGCACCGGTTCATGCATAAGTAAAGTCTTTTGACTCCCAAAACCGATTTAAGGACTAAGCATTTCCTTTGCGTTCAACTATATTGTTATCAGCATCAAGCACAATAATATTCGGCTTTTTGCTGACTGCTTCTTCTTCAGTCAATACTGAAAAAGCCATAATAGTGACCACATCACCAACCTTGCCGCGATGCGCCGCAGGGCCGTTCAGGCAAAAAACCTTGCTGCCGGCCGGTCCCGGTATAGCATAAGTTTCAAGTCGTTCTCCATTATTACGGTTAACAACCAGTATTTTTTCATAAGGTAAAATTCCGCCAGCCTTCATCAGGTCAATGTCAATTTCAAGGCTGCCCTCATAATCCAGTTCGCATTGAGTCAAACGTGCGATATGGATTTTTCCAGTAAGCATAATTTTCTGCATAATAATCTATTAAGTGTCTATTTTGTTTTTGAAGTTTAAATTACTAACTTCTGTAATATAACGCTTTTATCAGTTTTTTTATTGTTGCGAAGGCTTTTTTTCGTAAAATATTGTTGATCGCCCACTTAAAAAAGGATTTTAAAGCA
CP071032.1_gap36	1301497	1302623	1126	TCAAACAGGAAAAAGTAGGTTTCCTGCTGGCTGTCGGCGGCGGCTCTGTACTTGACGGCACGAAATTTATCGCAGCCGCAGCCAAATGGGATAAAGGTGATCCCTGGGATATTCCCGCTAAAAAACTGCCGCTGAAATCAGCTGTGCCTCTGGGCAGTATAATCACCCTGCCCGCTACCGGTTCGGAAATGAACTGCAACTCAGTAGTTTCACGCGCTTCAACTCATGAAAAATTTGATTTTCATGATCCGGCAGTCTATCCGGCATTTTCCATTATCGACCCTGAATGCACTTATTCGCTGCCGGAATCTCAGACTGTTAATGGAATTATTGATTCATTTGTCCATGTTGCAGAACAATATATTACCTATGATGTAAACTCTCCGATTCAGGACAGATTTTCCGAATCAATCCTGCGCACATTGATAGAGGAAGGACCAAAAGTTCTTGAAAACCCGTTTGACTATGATTCAAGGGCTAACATTTTCTGGTCAACCTCCATGGCGCTCAATGGCTTGATAAGTGCCGGAGCTGCAGAAGACTGGTGCACGCACATGATAGGACATGAACTTACTGCGGCCTACGGCCTTGATCATGCCCGGACACTGGCTTGCGTTATGCCTGCTGTGTGGCGTTATAAATTTGCCGACAAGAAACAAAAGCTGGCACAATATGCCCGCCGTGTCTGGGGGCTGAACTGTGACTGTGACGATTTTGCCGCCAAGCAGGCAATAATTTTGACCGAGGAATTTTTCCATGCCGTAAAAATGCCGACAAAGCTGGCAGCATTCGGCATTGATCCCAAAGAAGCCGCCGCTGAAGTAATGCGGCGCTTTGAGTCACAGGGCCGTCTGTTTGGTGAACACCAGGACATTGATGCAACTGCCGCTTTTAAAATTGTAGAAAACGCCTGATATATATTATCTGTATGCATAATCCCCGGTTATTAAGCCGGGGATAATTTATTTTGATTTAAAATTTTCCTGGTTAGCATCGTTCTCAGTTGCAAGATAAGGTTTTAAGGTCTAGTTTAGTGCTTTTATATTAGTATGAATCAACAGGGAAGCACCAATGGACATAAACGCCACTTATATTACATTTATTCTTTACCTTATATTCATGGTTG
CP071032.1_gap37	1306349	1308611	2262	ATCTTTCACCGGGTCATTGATAACTTTATGATTCAAGGCGGCGGCTTTGACACCAGCTTCAACCAGAAACCAACCCGCGAACCAGTCAAAAACGAAGCTGATAACCAGGTAAGCAATGCTTGCGGCACTGTAGCCATGGCCCGCACCATGGACCCGGACAGCGCTACGGCTCAATTTTTCATCAACGTTGCCGATAACGACTTCCTGAATTTCAAAGCACCGACACCACAGCATTACGGCTACTGTGTTTTTGCCAGAGTTACCGACGGCATGGATGTGGTCAACGCCATCAAAAGCGTTGCAACCGGCTCACGCGGTATGCATGACGATGTTCCTGAAGAAGACATTATTATAAAAGAAATGGTTATCGACTGACCGGATTTCAACGATAATCTGTTTCATAGCCCACCCGCAACTGTGATTTTATTGCCGTTGCGGGTTTTTCCTTATTGAAATCAGAGAGCGGAAGACAATATTATTATAAATGATAATAATAAAGGCAGCTTCTATGAGATTCAGACCATGCATCGACCTGCATCAGGGCAAAGTGAAACAGATTGTCGGCGGCACCCTGACAGATAACGACACTTCAGTAAGCACAAATTTTGAATCAGAGTATAATCCGGCTCATTATGCCAGGATATACCGGCAGGACAAGCTTACCGGCGGCCATGTTATCATGCTTGGCCCCGGCAATGAAAGTGCCGCCAGAGAAGCTCTGGCAGCTTATCCGGGCGGATTACAGGTTGGAGGCGGCATTAATGCTGATAACGCGCTTGAGTGGCTGGAGGCTGGAGCGTCGCATATTATCCTGACCTCTTATGTTTTTTCTGATGGCGAGCTCAAGATCGACCGTCTGAAAAAGCTGCTTTCTGTAATCGGACGTGACACTCTGGTGCTGGACCTCAGCTGCAGATTACGGGACGGCAGATACTATATTGTAACAGACAGGTGGCAGCAATTCACCAGTATGGAGGTAAATGCAGGTACCCTGAAACAGCTTGCCGGATATTGCGCCGAATTCCTGATTCATGCCGTTGATGTCGAGGGCAAACAAGCGGGTATAGACACTGACCTGCTTAAGATAATGGGTGATAACTGTCCGATACCGGCAACCTATGCCGGGGGTATTCGTTCTCTTGAAGACATCCGCACTGTTCATGAAACAGGCAATGCCCGAATTGACTTTACCGTAGGATCCGCGCTTGATATTTTCGGCGGCAGTCTGAAATATAATGAAGTGGTTGAGTTTACATCCGACCTTAAGTAAAGTTGTTATTGCGCCTTTTGAAAACTTAAAAGGTTGAGCTAGATTAATTCTCGTAAACAGATTAAAACTGGTTGTCGAAAACATTAGAAACATACAATTTTTGAGATTCCCGTAAATATGTGGAGGCTGAAATATGAAAAGTGCCTGGGAACTGGCTTTGGAAAAAACCGGAGGAGCCATTGAGGAACTGTCACAGGAAAAAAAAGACAAAATAGCTGAAATTGACAGCATATGTAAATCCAAACTGGCTGAAATTGAGATAACCTATGACTCAAAACTGAAAAACGCAGGCAGCCTGGAGGAGCTTGAACAGCTGAAACAGGACATGGCGGTGGAAAAAGCCTCTGTTAAATCCAAGGCGGAACGGGACAAGGAAACCGTTCGCAGCAGCTGACCTCAAAAAACTGGATCTATCATGGACCGTGAACTCAAAACCAGAATATATTTTGACAATGCCGCTTCGGCAGTACCGGATTCGCATATTCTCGGAATAAGTTATGAGTACGCTTCCCGGTGGTATGCCAATCAGGAAGCGGCACATGACCTGGCATATGAACTAAGGCAGCTTTTATCAGATGCGGCGGACCGCATATCAAAAGCCCTGACGGGCAATGTCGAAGAAGTTTTTTTCGGCAGCTGCGGCACTGACCTTTTCCGGCTGCTCAGCAGCTTTGAATACTTCAAAGACGGTAATATCTTAACTACAGAGCTGGAGCACCCTGCCCTGCATGCAGCTATGCAAAGGACCGGTGCTGAAGTCAGGGTATTACGATTGAAGAACGGCCGTATTGACCTCGAACATCTCAAGCAGGAAGCAGACAGGAATACCCGGCTGCTGGCAATTCATCATGTTCAGAGCGAAACCGGCATAATTCAAGACCTTGCCGCCATTGGTGAAGCATTCAGGAAAAGCGCTCCTCAAGCTTTGTTTCTGGCTGATACTATTCAGTCAGCCGGCAAAATTCCAATTCCCTGGGAAAAGTCCGGACTGG
CP071032.1_gap38	1310011	1314636	4625	CGACGTTACTGTTCAAAGCCACGTTATTAGGTATTTCGCGGCAATCCCAGAATAAAAGCAGCTTTCTGAAGGTCAACTCCAGGAAAGCCCCGGGTTCCTGATAAATCCAGCCCCAGATCCTTGTTACCACTGAAACCTGCTGCATATCGGCGGTCCAGCTGTAATAAGTTGGAGGGTATTCCATCGGTCCCGCGGGCAGCCCCGGGTTTCTGCCACCAGGAGGTGACTCCGGTGTATTTCCAAGCGCCAACACATTGCCGGCGGCTGTCGAGGGACCGGAAATTTTCCCAAGAACCCTGGAATTATGCCAGGCGAACGGCAGTTGCGGCAGCAGCACCATAATAAACATGACCACCGGCAGCAGCCACGCTTTAAATCTAAAGTTTGAACGGGACTTATCACGCCACATGGAATACCAGGCTGCCAGCAGAATACCCGGCACCAGAAACCAGACATTGCCGCGAGTCAAAATCGCAAAGCCGGTGACCAGTGCACAGGCACACCATATCCAGAACTTTTTCCGGCGCATTGCCGCTACAGCCAGAAATAATATCATAGTCAACCAGAATGCCTGCAGATTCACTATCATGTGAAAAGGCGTAAAAAAGATAAGCATTTGCGAGAAAGCGGTCAATACAGCCGCCGCCAGACCAGCCTTTCTGCTCCAGAGCATTGCTCCGGTCAAGCCGGTCAAGCCTGCCGTCAGCGCTCCGAGAAGCGCCTGGATGATAATAACTGGCCAGATACCTGTGCCAAAAACCAGATAAATCAAAGGCAGAAAAACCGCATAGTAAAAAGGCTGGTAATAAAAAACTCCAGTAAAGCTGCCGGCTGCAATTGACCTTGCAAGGTTTATGTAGGTAAGCATGTCAGTCGCGCGTGACGGACAATTCACCGGATTGAGGCCGTTATGACAGCTTTGCATCTCAAAACAAGCCAGCAGCCTGACCGCCAGTGCAATCAGAGTTATGACCCCAAGCAGAATGTAGAACCTTTTGCGTTTACTCATATCCCCCCGGACTTATAAAAACAAAGCGCCCTGAACGGGCGCCTCAAGCAGTATACGTTATACGCTCATAAGATCGTCTTCTTTCTGAACCAGATCTTTTTCAATATTCTTTATATATTTATCAGTGAGTTTCTGAATATCCTCAAGCATATCTTTCAAATCATCTTCAGTAATCTGACTGGCTTTCTCCGCCTTTTTAGCAATATCATTTCCTTCACGGCGAATATTTCTGATAGCAATCTTGGCATCTTCAGAACGGGTTTTAACTTTCTTTACCAGGCTGTTGCGGCGTTCTTCACTGAGTTCTGGAATCGGCAGCCTGAGTACACGGCCGTCATTAACAGGTGAAATCCCCAAATCTGAAGCAATCAAAGTTTTCTCAATAACTGACATGGAAGAAGTATCCCAGGGCTGAATTACCAGCATACGCGGTTCCGGGACAGTAATTCCGGCCAGCTCTTTCAAGCGGGTGGGAGTTCCGTAATAATCAATCATAATACCATCTACCAGAGCAGGAGAGGCTTTGCCGGTTCTAACGGCTGCAAAGTCGCGTTTCATCGCATCCTCGCATTTCATCATATTTTCTTCGAGATAATCCATTAACAGATCAATTTCAACACTCATCGGTGACTCTCCGTTTTGTTATCAAGTACATTATACTGAATGTAGAACTGCTGAGATCATTTTCAACCTGCAATCAGCAATTTTTCTTGATGAATTACCTTTTTTGTGCTAGAATTATTAATAGACATAATTACAATGTTACGGCTGGTTTTTAATATGGTAGATCACGTCAATATCAGGGTGTTAAACACCCGGCAAGTCGAAACTATTGTCGATATGGCAAAAAATGAAGGCTGGAACCCCGGAATCAATGATGCCCGCGCTTTTCACCTTGCCGACCCGAATGGTTTTTTTGGTATCTTCTGCGGCTCAAAACTTCTTGGCACAGTCTCTTCTATTAATTATGACGATTTTTTCAGTTTTATCGGATGCCTGATTGTCGCCCCGGAATTTAGAAATGGTCGAATCGGCTACATGCTGGGACGCCATGCCATGGAATATGCCGGAACCAGAAATATCGCAATTGACGGGGTTTTAGGAAAAATTCATGCCTATGAGAATTTCGGGTTCAAGCTGGCCTATCGCAACTGCAGAATGCAAGGTATCAAAACCAGTGACTGGCCCCAGCCACAAAAAAAATACGGCTCGATCAACGAGATCCCTTTCGATGAGTTACTTGATTATGATCTGCATTGCTTTCCCGCTCCAAGGCCGGCATTCCTGTCATTCTGGACCAGTATGAATGGAGCTTATTCATGTGCAGTCAGGGATGATCACGGTCTGCAGGGCTATGGAACTATCAGAAAATGCTGGAAAGGCTACAGAATCGGCCCGTTGTTTGCAGATAATGTGGAAACAGCTGAAAATTTGCTGCTGCAGCTGGTAAGTACCATTGAAACCGGAGAAGCTTTCTGCCTGGACATTCCGACTGCCAACGCTGCAGCCGAAATACTGGCGGTCAAATATAAGATGCAGGAGGTCTTTGCCACAGCCAGAATGTACACACTTGACGAACCGCCGATTGACCTTCAGAAGGTCTTCGGGGTCACCAGCTTTGAACTTGGATAATTCTTCATATCTATTCACCGGTTTTTGCCTGCTCCTCCAGCAGGAGGAATCGACTATTGCCTGTGAGAAAACCATTTGTCGCAGCTTGCATTTATTCGTGTGAAAGCTATTGTATTTATTCTCCTGTCTTAATAAAATCGAAACCGAGGGAGTTATACAAATGAAAAAATTATTTATTGCAATAGCCGCGATCGGCTTGAGTGTCTCTGCATTTGCAAACGGCAAAAGCAGTTCTGAAAACTGGAGCGCACTGCAAGCCGGGTTCTGGTTTGGATATCCGAAATCAACCCGCTATTCTGATGTATGCGGTCTGAAGCTGGGAATTCCGATCTGTTCCGGGCACGGTACTGTAAATGGAATAGAAACCGCCATCCTGTGCGCAGCTACCGATAATGTCAACGGTATACAGTTTACCTGGTTCGGGGTTAGTTCCACCAATGACATTGCAGGAGTACAGCTGGCTTTTGTAAATATCGTCAAGGATATATCACATGGTTTACAGCTTGGAGCTGTTAACTTCTCTCAAAACCGGGGCTGGCAGTTCGGACTTGTGAATGCAAGCAATAACTCACAGTTTCAGCTGGGCATACTCAACTTTAATCGCGACGGCTGGCTGCCGTTTATGATTTTCGTCAACTTCGGTAAAAACACTTTTGACGACTGATAAAGCGCCTTACACACCGCGCTGTTCAGGAGGCCAGATTAACTTATGCATCTGCATTTGCAGTCTGGCCTTTACTTTATCTGCGGTCATCCAGCCCGCCAGCGAACGAACTGACAGTTTTCCCCAAACCGCACTGAATAATAAATTCGGGGTCTTCTTCCAGAGAGAATACTCTTCAATAATATGACAGGCAAAGTCATAGTCATCGCGGTCAGCGAGCACAAACTTGACTTCATCATGGGGTGAAAGCAGAAAATAATTGTCATAAAGATTACTCCCGGCCATACCGCTGGAAGGCGTCTTACAGTCAATAATCTTTTTGACTGCCGGAGGCAGGTTGCAAATTGGAAGAGAACCGTTGGTTTCAATTAATACTTCAAAACCGCTAGCCAGCAGTTGCCGGCAAAGTTCAGCGGTGCCATGTTGCAGCAAAGGCTCTCCTCCGGTAATTTCAACAAGTCTGACTCCGGACATATTGGCCTGGTCCACCAGGTGATCAATACTCGATGCATGTCCGTCGTTATCCCTGCAGGCATATTCAGTGTCACAATAGTCACAACTTAAATTGCAGCCTGCAAGGCGAATAAAAAAGCACAGGCGGCCGGCATGAGTCGACTCGCCCTGGATGCTCAGAAAAGTTTCGTTGACAATCAGTTTTTCAACTTTTTCAGCCATAATTCTAATTCAAAAAATATGTCGCACCGGAACCGGGGGATTCGCCAATTCTCACTCGATGCACTTTAAGGTTGTCATCATTAAGCTTTTCAGCAAGCCTTTCAAAGATAGTCTTGGCAATTATTTCACTTGTCGTATTCGAATTTACAAAATCCGGATGCTCCGAAAGGTTGGTATGGTCATATTCCTCAATGATAGTATCCAGTTCACGTTTGATTTTTTTGAAATCACAGGCGATTCCGATTTCGTCAAGCTTTTCGGCTCTTAAATAGGCCTGAACCGTCCAGTTGTGCCCATGCAGGGTAGAACAGTCTCCTTTATAGCCTCTCAGGAAATGTGCCGCTGAAAAGCTTCTGCAAATATCTACTTCAAACATATTTTTCTTTCTCTTTTTGTAACTCTTAAATTTCTGTGCTCCACTACTCTACCGGCCTTGCCAGTAAAGCGCTCAATCGTATTGGGTGCAACAAGTTCCACCCTAAAACGGGTTCCAGTCACAGCCTGTAACTCATGGTCAATTTTATCTTTAAGCTGCTGCATCTCATTCATCCTGTCGGAGAAATCCTGCGGTCGCACTTCGACTTTGACAACGCCCTGATCTAAATTGTTCGGTCTAAAGACTTCGATCAATTAATGCGGGGCTGT
CP071032.1_gap39	1318181	1322602	4421	TACTTACGGCCGATTTTCCAGAAGGAATCACCCCGCTGAACTGTGTAAGTAAGGGTCTCAGTCTTGACCGGTTCAAAAGGAGGCAGTCCACTTGAAGACTTCATCTGGGCATGAGGAGCCTGAGCCGGCAAATCAGAGCCGGAAAATACCGGGTTAGTCTGAGTTGGAGCAGGTGTAACCTTCAAGTCTTCATCGGAACTTTGTACATCAAGTTGCCCGTGCTTTTCTGCAGCGGGGATATAACTTCTTTGGCCGAGGACTTCCGGGCTGGTGCAGCCGCCGGTAAAACACAAACCGGCTAAAAGAACTGCATGCAGCGAAGCAACTCCGCTGACAATAAACAAAACTTTAGATTTCACAGGGATGCCTCCTCTGGATTGAGCAACGTGCTATAAATTTTGAAAAACATAAATCTTGACAAAAAACTAACTTGATTCAATATAGAAAAAAAACTCGAAAATGCAAAACTCTAAAAGGGAAAAACAGAAAATATTTATATAAGTTTGACGAGGTTATAAAATAAGAGGTCAGTTATTGTTTTCCGTGGTGTTTTTATCCTGCTCAAGCGCGCCCGGCTCCTCATATTGCATCACGGTTTCACCTTTCCGGCATAAACCGAATTTTTCGCGAGCCACTTTTTCCACCTCTTCAGAGGAATTCTCCAGACCATGTACCTCTTTATTGAGCTGAATACACTCGATAGTTCTCAACTCAGCCTGTTCTTTTAGCTGGTTCAAAACAGTCCGTCGCTTCTGGTATTTCCGATACACAGGAAGAATGAGTACAGCTGACGATACGACAATCAGCACAACCACCAGATAAAAGAGATAAAGTACTATTTTCTTTTTTTTGTCGTCCAACGCAAAACCTGCAAATATGTTGAGTTACAGCATACAAGAGCTTACAGACTGCTCCAGCCTGGCGAGAGCGCCGAATAATGCTGCAGAAATATATGGCTCTGTCAATAAAAAAAATCCCGCTGCGGGCTGTTCGCCCGTGCGGGAAATATACTACACCTGCAAAGCAGTGTCAAACTTGCATTTTAAGCAGGAACTCAATATTTGTCGGTATTTTCTTGAGTTTGCTGATAAGCAGTTCCATAGCTTCACCGGGCGGAACGCCGTTCATGGCTTTACGCAGTGTCCAGACCTTGTTCAATTCATCAGGGTGAACCAGCAGTTCCTCACGACGAGTACCGCTGCGCTCAATGTTGATAGCCGGATAAATACGTTTGTCTGACAGACTGCGGTCAAGATGCAGTTCCATATTACCGGTACCTTTGAACTCTTCAAAAATAACATCGTCCATACGGCTGCCGGTTTCAATCAGCGCGGTAGCAATAATAGTAAGACTTCCGTGGTTCTCAATATTACGGGCAGCGCCGAAGAAACGTTTTGGCTTATGCAAAGCGTTGGCGTCAACCCCGCCGGAAAGAATTTTACCACTGTGAGGCTGCAGTGTATTGTAGGCACGGGCCAGACGAGTGATACTGTCAAGCAGAATCACCACGTCGCGTTTGTATTCAACCAGACGCTTGGCCTTTTCAATTACCATTTCAGCTACCTGAACATGGCGCTCTGGCGGCTCGTCAAAAGTGGAACTCACCACTTCAGCATCCACATTGCGCTGCATATCGGTCACTTCCTCAGGGCGCTCGTCAATTAACAGGATAATCAGCTCTACTTCTGGATTATTAGCACGTATGCTGTTGGCGACTTTCTGCAGAAGTACAGTTTTTCCTGTACGCGGCGGAGCAACGATCAAGCCACGCTGCCCTTTACCGATCGGCGAAGTCATGTCGATAACCCGCGAAGCGATTTCTTCAGGACGAGTTTCCAGCACCAGCCGTTCAGTCGGGAAATATGGGGTCAGATTGTTAAACGGAATAATACTCTTCTTGCGCTCAGGAGCTTCATGGTTGATGGATTCAACTTTCAACATCGCAAAGAAGCGCTCTTTTTCCCTTGGAGAACGGATCTGTCCAGCAACAAAATCACCCGTTTTCAAGGAAAAACGCTTAATCTGAGAAGGACTCAGGTAAATATCTTCTGAACAGGGCAGATAACTGTAATTTGAAGAACGCAAAAAGCCAAATCCGTCCGGCAGCACTTCAAGATAGCCGCTGCCGTACATAAGCCCGCTCTTTTCAGCATTTGCTTTGAGAATCTCAAATATCAGGCGCGACTTTTCAAGAGCGCCAATACCTTCAACTCCAAGCTCTTCACCCATTTTTGACAAATCAAGCATAGACATTTTCTGCAGCTCATTGATATCCAGGCTGGGAGCTGTTTTATCACGCTGATAATCAGATCCACGCCGGCCGTTGCCGTTATGTTTGCGCTGATTTCCGTACTGCTTGCGATTGTCATAATGTTCATGCCGACGGTTATCATTACTGCTTTTCTGAGGTGCGCTTCTTTCCATTTCTCTTAATGGTTTCGGAGAGTCAGGTTCACCTGCAGGTCTTGTTCCTTCAGGCGCTTTCTGGGCTACCGGTTCTTGAAGCGGTGCCGCTGTTGATGCTGCAGGAGTAAAAGCTGTTGATACTTCTCCCGCAGGAGCCGAAGCAGTCTCTTCAACCGCCTTTTTTGGCGGACGCCCACGTCGTTTCTTCGGGGCTTCTGAGCCTGCGCTGTCTACGGCAGCAGCTGCCTCTTCTAGCTTTTTCTTTGGCGGACGCCCGCGACGTTTCTTCGGGGCTTCTTCTGCTGCCAGGTTTTCTTTTTCTTCAGCCATTTTTATGTGACTCCTTAAAAGTATTGATTAATTCTTTACATTGCTTTTCTAAATCATCGATGTTTCCATTGTTGATAATGGTGAAATCTGCTTTTTCCATTTTCAGTTCAGGAGTCATCTGCAATTGACTGCGCTGAACTATATTGTCAAGACTGAAACCGGTTTTCAGTAATCTCTGGTGCTGTACTTCAGGGCTGGCATAAACCGCAATTATTTTATCGAACATCTTTTCCCAGCCTGCCTCATATAAAAGAGGCACCTCAAAAATGATATTTCTCCCTTTGTGTTGTTCAAAAAAGACTTTTGCAATTCTCTCTATTATTGGATAAAGAACAGAACAAAGCCATTTCAACTCTGAATTATCGGAAAATACAATCTTACTTATTCTGGACTTGTTAATACTGCCGTCAGGGCCGAAAACTCCACTGCCCCAATGCTCGTTTAACGCGCTCATAACTTCAGGATTTCTATGATTATAAAGGTCATGGCACACAGAATCCGCACTGAGCGTATACCACCCTGATGCTTTAAAAAAGGCCAGGACTGAGCTCTTGCCACAGCCGAAACCTCCGGTCAGACCTAGAATCATAAATATTTCTCCAAATTTTGCTCTCCCTAGTAAAATACCTCGCGGTCAAGTAGAAAAACCGTCAGGAATCCAGTTATTTGTTTGAAACCCGTCAGCAAATAACTATAATAATTGAAGATTTACCGGGAATTGAATTCGAAATAAGGTTATGCAACTTAAACAGATCAGATATATAATCTGACAGTATTATATTGCATTATCAGATAAAATTCAAATTATTTTTAAAATTTTTAATAAAAAGATCCTTTCAATTATGAAACAAACTATAATTTCACGGGATAAAATAAGCTCCGGATCATGGCTGGAACTGTTAAACATTAAATGGCGGGATGCCAAAGGCAGACACCGCACCTGGGAAGCTGCAGCCCGCACTCAAGGCCGCGGAGCTGTAATGATCATAGCAGTTATAAAACAAACTGACGAAATAATTCTGGTCAAACAGTTTCGTCCACCGGCAGGCCGGATTCTGGTCGAACTGCCGGCCGGCCTGATAGATGATGGTGAACCACCTGAGGTGACAGCGGAGCGCGAACTTCTGGAAGAAACCGGTTATCACGGCAGTGTTGTCTGTGTATCCCCTCCAGGCTTCAGCTCGGCAGGAATTTCAGGAGAAACCATAACTACAGTTACAATGGAAATTGATGCTGAAAACTTTAACGGCAAAATCCCGGAATCCAGCCAGGAAGACTCTGAAGATATTGAAACCGTTCTGATCAAACGCTGCAACCTGCGCACTTATCTTAAAGATGAATTCAGCAAAGGCAACGGAATAGACGCAAAACTGTGGTCATATGCTGCTGCCTTATGAAGTCTTTTTATACTAAGACAACACGCTTAAGGTGAAAGTTCCAGCATTCCGGCTCCGGCTACGGGACGACATACCAGAACATTCGTCTCCAGCCCGGCCGGTTTGTAGTATTTCTCCTTGAGGGCCTTAATCAACGAGTCAACAGCGTTGCGCTTCACCAGCACCATCATACAACCGCCAAGGCCGGCTCCGGCAAGCTGCGCCCCCAGTGTACCCCTGGTTTCCATGGCTATATCGACCATACGGTCAATGTCCGGCAGGCTGCAGTGATAAGAACCTGACTGATTA
CP071032.1_gap40	1460696	1463918	3222	ATACGTTTTTTATAAACTCCAGCCCCTGTCTGGTCCAGGTAAGAGCTTTCTTCAAGCTCATTAATCTGCGACACCGCCCACAGCAGGGAGATCTTGTCATCTTCTCCCAGGTCTTCAACACTGTATTTCCAGTTCAACACCTGGTCATGAATCCTGACATTTATCGTAACTTCAGCGTCACCACTCAAGTCCTCAACCTCAGCCAGAATCGTCAGGCAATCACCGTCATATAAAGGCTGTATCCAGTCAGATACTCTGAATTTAGCATTTTTAGCCTTTAACTTAAAATCCGATACTGTCGGCTGGATCATTCTAGAAAACTGTCTCAATACCTTTTCCTGAATTTTCTCGCCGGGCGCGATAATTTCAGATTGTCCTCCGGTTGCATCAGCCAGCCCCCTCACGAGCGCCGGACTGGCTCCGCGGCCAATTCCGAATGTGTAAAAACGGGCGTTATTGTTGTGTTTTGACACATATTTCAAGATTTCCCTGGTGTTATAAACTTCACCGTCAGTAATTAAAATTACTTCACGCCGACAGCCTGGCATCACCGGGATATCACATGCTGTATTCAGGGCTTCCAGCATCTCAGTGCCACCCATATCCGCTTTTACTTCAGCCAGCATGTTAAGCGAAAATTCAAGTGTCGACTGAGTATACGGCATCTGTTCTGCCGAAAACAGCTTATGGCTGCTGCCAAAGGTCAGTACATTGAAATAATCACCCTCTGACATTGACCTCATACAAAGTTCCAAGGCCTCTTTGGCTGGTTCAATGTATGAATACGCCATGGAGTTTGAACAATCAAACATGAAAATAATATCTGATCCGACATGCGTATCAAAATCAGCAAGTTCAAATTCAGGGTGCAGTTTAATCAAGGCCGCGCGATGCCCGTTCTGATGACGGCTTACCAGACATTTACCTAAACCCGGATCATCAAGCTCGAACTCCAGAATGAAATCGCGGTCAGGCGGTTCTTCATAATTATTGAGAATCACCCGGTAACCTGCCCCCTTCTGCTCAACCAGAATATCATGCGAAGGTGAGCGCAGATTTCTTATTCCTTCCATATCGATGCAGGCTTCAACCTTGACATGATATGGCACATTTATATGGAATGGCGGCGAAGCGATAGTAGAACTTTCCCAGGATATCCCGGCTGGTACATACAGAGGACTCAGAGCCGTTGGAATCCGCAGACTGGCAGTGCCATCCACAACCGGCAGGTGACTGATTATTTCTATGGAAACAGTAACATCTTCGTTTGGCGCGATATTGCCGATCGCCAGCTCGATCATGTTCTTCTGCTCAAGCTCCAGCTTATAGGCGCTGTCTCCACTTTCAAGACTTTGGTCATATACATCATAACCGCGCTCTTTCTCGTCATGAGTACCTCTGATCTCACCACGGTCTGTCACAATTTTGAAGGAGTGAAGTGCCGCCGGATTTTCGATGGGGAAGCAGTAAACCGCTTCAATGTTCACATCCTCACTATTCCTATAGTGTTGGGTAATAAGTGTCTCAGCAATGTACTTGTCTACCTTGCTGGCTATATTGATCCCAGTCAAAACGACAGGTTTGTTTTTCGCTATAGAGTACAGACCGGACTTGTTATTGGTCATTCTGCTTCTCCTTAAGCAATTGTAAAATGTACTTTTTTATTATCGTAATATCTTCATCATCGAAAATATTCTCTCTTACCATCAGTTCGACACCTGCCGTCAATTCTATAATATCCACTTTCTTACGGGGATAACGCACTTTGACTCCTTCAGTTACAGAAGTTGAATTTGAATCAAGCATTCTCTTAATCTGAAAAAGAGGCACCCCTTTAGCTGACAGTTTCAGGATCAGCTGTAAACGTTCATAGTGTGCATCGGTATAATAAGCCCCGCGCTTTCTTCCGAGCGGAGGCGGCAGTAAACCTCGCTGAATATAGTATCTGACCGTCCGGCGGGTCACACCGGCTTTTTTTGCCAGATAGTCTATATTGAACATTTTTCGTGCTCCATAATTTATATGACAACTTTGTGACACTTAATATGTCACTGAATCTTTACTATTCAAGATACATAATGGGAAAATATCAGTCTAAATCCAGCAAAAGTTAAGGCTGGCATTATGTATTGAATCGGACTTAACAGTTAATTAGCAGAGGACTTCGAAAAAAGACAAAAGTATAATACTTACTTTATTCATTAAGGAAAAGGCGACAGTAATCAATCCAGTTTTAACCGCATGTCTATATGGTCAATATTTGCATCCTGGTAAACTTTTCCGAACTGGATAAAACCAAGTTTTTCATAAAACTTTTCGACACGGCACTGGGCTGATACAATAATTTCCTTGAAATTTCTCGCAACAGCAGCCTCAATCAGCTTCAGCATAATCAGCTTGCCAATACCCCTTTTACGCCACTGCTTTCTGACCGCAACCCGACCGATATGGCCATCGGGAAGCAGACGGGCGGTTGCAACAGCTTCTTGTCCCTCAAAAACAACCGCATGAATGCAATCACCGTCCAACCCATCCATTTCCAACTCAAACGGTACGTTTTGTTCTTCAACAAAAACCTCTGTTCTGATAGCGGTAATCTCACGCTGGTGAGATTTAAAATCAGTAACAGTCAACTTGAAATTTTCTGCCACCAAAAACCTCCTGTTTTTTTACATTATTAAAAAAGCGCCGGTGGACCAGCCTCCGACGCTTAACTGTACATAACTATAAGCACAATTGCTTTTAGCTTACTGCCTTTAACTCATTTATAAGCTTAAGCCGCTGCTTTTCAGCAATAAAATATTTTTACCGTCAATGCTTATTCTGATTATTCCCACTCAATAGTGCCAGGCGGTTTACTGGTAATGTCATAAACAACCCGATTTACGCCGCGCACTTCATTGATAATGCGGTTAGAAATCGTCTCAAGCAGTTCATACGGCAGCTTCACCCAGTCAGCCGTCATGCCGTCTGAACTCTCCACTGCGCGCAGCGCAATGACATTGTCATAGGTTCGCTCATCACCCATCACGCCGACAGTTCTGACCGGCAGGAACACTGCGAAGGACTGCCAGATATCATAGTAAAGGCCGGCTTTCTTGATCTCATCAACCACAATTTCATCGGCATTACGCAAAATATCCAGAGTTTCCTGAGTAACAGCCCCGATATGACGCACGGCCAGGCCAGGCCCCGGAAACGGCTGCCGCATTGTGACGTCAT
CP071032.1_gap41	1511703	1514195	2492	TCAGATCCTTTGGAAACGCCCGGTTTCTGCCGATAAAAAATAAAACCCCAACTAACAGCACACAGGTGATTACGGTGTTGATAAACAGCAGAATCCATACTATGAATCCCATAAAACCACCAGCTGCCAAAACAGAACGCCGCCTGGCAAAAGCATTATCAATTTTTGCTTTCCGCAGATTTAATTCAGCATTTTCGGCCGCTTTCTGCAATAAACGATCCTGCACATCACCACGCCAAACCTCACTCTGAGCCGCTGCAGCGGAGCTTAAAACTACCACCGCAACAACCATCATCACAGTCACCCTTAAACAGGCAGAAATCACGCTTAACATTTAGAATCTCGCTCCTTTTTGTCCCGCAACATTATTGAACCTCAGGATATTCCCGGGCCAACATGTTTTTAAAAGTCTTCAGTCTCTCGTCTCTGTTTTTAGCCATTATGTCAACAACGCACTTCAGAGATTCCCGTCGCGCGGGCGTCCCGTGTTTATACAAAAATACATTGCGCATAAGATACCGCAAGGCATCATCATAGTTTTTTTGTCCCAGGGCATTTCTGCCCAGAATCAAATTGGCCTGGGCTGAAAATTCAGGCACGCCAAGCTCAGCACATCTGCGATAAAGTGGCATTGCCTCATTCAAAGACTTTCTCGTACGATAAATATCAGCCATCATTAAGAAAGCTTCAGCATAAAAGAAGTTTTCGTTTTCAGGATCCGCGGCCGGTTTGTCAAGCAGGGGCTTTAAACAATTCAATGCCGCGGTCAGCTGCTTTGCCTCAAGCTTTATCCGTGCGGCAAGAACTCTCGCCCGGGCTTCCGCATTATGAAAATTATATCCGGTCAGCAGCGGCGTCACCAGTTTCCCCGCAGCTGCATTGTCATTCTTTTTAAGCAATTCTTCAGCCTTGATAAACAACGCCGGTTTTTGAGTCAGCCTTACAAACCGGTATGAGTCAGCACTGATGACTGAAGCCCCGTTTTTCTCTTGAATTGAAAGATTACCCTGCAGGTCAGCACCGAGCAGTTTAACATCCAGACGGTCACAATGTGCCTTCAAAAAAACGACAGCGTCAACGGCTTCGCCAAACAGGGAGAAGCATAAAAACATGAAAACAGCTGTCAAAGCTCTACGCATCGCAGTCAACATCCTTGATAAACTGGACGGTCACTTTTCTGGAGCGTGGTCCGTCAAATTCACAAAAGTAAATGCCCTGCCAGGTACCAAGGTCAAGCTTGCCTTCCCTGACTGGAACAGTCTGTGCGAACCCCATAAAAGAAGCTTTCAGGTGAGCCGCGCTGTTTCCTTCAAAATGCCTGAATTCAGGTGAATTCCACGGAATAAGTTTTTCAAGAGCAACAATAATATCCTTCTGTACATCAGGGTCTGCGTTTTCATTTATAGTCAAACCGGCTGTCGTATGCTTGCAGAAAACATGACAGATTCCGGATTTGAAACCCGCAGGGATCAGCGATTGAATATCTGAAGTGATATCTACCAGCTGAGAATGGGAACCGGTCCTGATGTTGACTTCTTTCATTACTGCCTCATAAGATGATTTGATACTTACATAGTTCACAAATATATTATCTCATGGGCCTCACTTCAAGGGGGGAGCCGCATATTCTTAGAAAAATACAACGTTTTTCATAATTTACACCGAAATTGATTCAATAGACGGAGGAAAAGATTTGCAATACAATGACGCAACCCTGTTAAATCACGAAGGACTTTTAGAATACCTGCAAGGTTTTATAACAGAACGGCGACGGGACTTGATTGAGCAGGTTCTCAGCCAGCGCACCAGGCAGCTGACCGTGGTGCTGGAAAATATCTATCACCCGCCCAATGCCAGCGCAGTAATCAGGACCTGCGACTGCTTTGGCTTGCAGGACCTGCATGTAATAGCTGATCAGAAAAGATTCCGGGCCAATGCTGATGTTGTACAGGGAGCTGCAAAATGGGTAGATATTCAGCGCTATGCCGCTATTGAAGAGGACAACACAACCCTGTGCCTGCAAAAGCTAAAAGCAGATGGTTATAAAATAGCGGCAACAACCCTGCGCCAGGAAAAATATACTCCGCTCGACCAGATTCCCTGTCAGGAAAAAATTGCCGTCTGCCTGGGCTGCGAGGAAACCGGACTGAGCGATACAGCCCATCAGGAAGCCGATTATTTTGTCCACGTTCCGATGTACGGCTTCACCGAAAGCTTCAATATATCGGTATGTGCCGCCTTGATTCTGCAGCAACTAACCGCCAGACTCAGACAGGGCAGCGTTGAGCAATGGGGACTGCAGGAACATGAGAAACAGATATTGCGGATGCGCTGGACCAGAAAAAGCCTGAAACACGCCGACCACCTGATCCAGCGTTACCTGCTTGATCATGATATTCAACGATAACGCAGACGCCGCCCCGGGCGCGGTTCATCCTGCGGAGCTTCAGCGCTCTGCAGGTCATGCAGCCGGTGAGCCGTAAACATGGAAA
CP071032.1_gap42	1516539	1519941	3402	ACTGCCGCTGTCAGTCTGGCATTAATTTCCTGCCCTTGCCGATTTATATCTGCGACCAGCTTCCCGATAACATTACCACCCTTGAAGCGCAAGGTATTTTCAGGCAGAAAATTGGAAACCTGCCCAAACGGCATCCTGGTAAAATTCATAACCAGCTGGCATTTCTCAGGTCCCTTATCAAGCGGCATCATCAAAGGCATAACCTGAAGCGTCATTACCTTGCGCTGCTGCCAGAACTCAAGTACACATTTCTTTAAATCAAGCGTCTTTTTCTTAAAGTCAACACCGCCGTCACTGAGCAGCACCAGACTGAAACGATCCAGCTTGGCCACATTAGCCGATATTTGCCGCCGCATCTTATTGGGCAGCGGCAGATAGCGTATTGATCTATTGGTCAAACGCTTGAGACTTACCGAAAAAGTTCCCTTTTCCTCAGGCAGACTGCCGTTAAACATACCGCAGAAAGTCAAAACATGATTCTTGCCACGGGATAAAGTAGTCATAAAGTTACCGGCCACACCCTTCATGTCAGAAATTTTTACAGCAAAACTCTGATCACTGCCCACATCAGCAATGCGTTCATTATTTATACTGAAATCAGTAGCCCGGGTTTTTATATCGCCTTTTATCTTCAAGCCGTTTATATCGGATTCAAAAAGACAGTTCACCGCAGCGCTCAAAGTTCCCTTATGAACTACAAAACCGCTTTCAGGGGGCAGGAACAGTTTTGCCAGCCTGAGGTCAAAATCGGTAATTTTCATATCCAGTTCCGGCGGGGCACCGGGAAACTTAGGGCATTCCTTGTAGACACATTCAAAAGGCTTTTTGACGTTGAGAGAGAAAACCTGCCGTTCTCTTTCCAGCATCTTCGCATCAAGTCTGGTTACCTTCAGCGATGATTTCTGCAAATCAAGTGCAAAGTCATGTTCTCCAGTAATATAAAGCGGCGGCAGCGGGTATTTTTTTCCATCTATAAAAGCAGCGCCGGCACGACTCACGGCAAAAGATCCCCGGCTGTCAATCAGCGTATCAGAAATATCAAAATCCCCGGCATATTTGACATTGACGAGCCCCGGATTGATATGCCCGGCAAAATTAGAAATCACACTGACTATCTCTGCCGAAAGTGGATTTACGTTGATTTTGCCTTTGATGGCAAAAGGCTCATACTTAACTTTAGAACTCACGTGAACACTGGTCAGCAATTTTCCCTCACTGACCTGGCGCAACAATAAATTTTTAACATTCAGCATCTTTTCATTGCCAGTGGCATTAATCAGTAAAGCGAGGTTGCTGTTGTCAATGCTGATCCCGGTAACATGACCGGATGCCTTTGAAAAATTGGCCATCAAATTGACAGATAATGGCGTCAAATAATCGTCAAACCGGCAGTCTACACTAAGTTCAAGCTGCCCGTCTTTAACGTTAATATCATTACCTGAGACAACTGAAACCGGGGTTTTGATGGTTATAGTGGATTTCTGGTTATTCTTGAAAACCGGAACCCGGATATTCAAATCATTCAGGCTGATTTTAGAAAAAGCAGTCCCCTTGCCTGCATCGGCAATTTCCAGCACCAGTGAAGAATCGTAAACCGAAATATTCTGCAGATCAAATAGAATTTTATCACGACTTTCAACAGCTTTCTTGTCTTCATTCTGCTTATTTTTTTCGTCTTTCTGCGCACTTGCAGATTTTTGGTCTGCGGGAGCATCACCTTCCCAGTTCCAATTATTTTTTGCATCTTTGGCCAGCAGAACAGCGGCATTTTTGAGTTGAACATTTTTGAGTGAGATCACACCTGAAATAAGCTTTGACAGAGCAAACTCCGCTTCCAGGTCTCCATTCTTAACCAACGGCTTTTTGGTGCTGCCGACCTCCAGCCCGGTAGCCTCAATTCTGCCCCCGAATACTGACAGCGAAACCTCTTTGGCCGTAATACGAATTCCGGCTTCATCGCTGACAACCGGCAAAATTACACCAGTCACAAAAGAAGAACTCGTCACCACAAAAAATGCAACCACTGCCAGCAGAATGATTACAACAACTACAGATACACAATACTTAACTATTTTTCTTGCTGTAGCCATGATCGATCTCCTCAAAATTTATCATGGAACTGATAATTTCAACTCAAATACCCGTTACATACTTATTACATGCCTCCACCAGCGAAAGCCTTGTGCAATTCTTCCTTGAAAGCCTCAAAGTCTTCAGGAGTTGGGTCACCTTTGGAGTTTTCAAGCCCAAGCCTGCCCATATTATCCAGCATCCAGTCAGCAGAAGCGCCTGAAGGAAATTGAACTGAACCGTGTGCAACCGCACCGGGTTTGACCAGTTTGCTGATTTCTACAACACAACTGCCGTCCCCAGCCGGGGGCTCTTCTTCAACCGGTACGATATCATCTTCGGTAACCTCCGGTTCTTCCTCCTCGGTTTCCCATTGAATGTTTTCAAGTTCAGAGGCCAGCAGACGCACCTCGAGAAAAGTCATTTTGCGTTCAAATTTCTCGTCAATTAACTTTTGAATCTCCGCCAGTCCAATACCTGCGTTAAGCTGTTCAGCCATAAACTTTTTAATAGCATTATCACTCATCATGAAAACCTTTCATTCGTATTTTTCAAATTAATTTAATTATACAATACAAATAACACCCTGCAGGGCAAAATAAAACCCGGGTGAAAAAATTAATCCTATTTATCAAGCCTGATCCGCGGATCTGCCCAGGCGTAAGCGATATCAGTCAGCATGTTAATACCGACAAACAGTGCCGCAGACACTATAACAAGTGCCTTAAGCAGTTGCAAATCAGAGTTATTCAAGGCATCAACTCCCAGGTAGCCAAGCCCGGGAATCCCAAAAAAAGTTTCCAGCAGCAGGCTTCCCGTAAACAAAAATGGTATTATTGCTGAAGCCCGGGTTATAATCGGAATCGCAGCATTACGCAGCAGATGTCCGCCAAAAACCTTGAAATTTGAGCAGCCTTTTGCCGCTGCAGTACGCAGATATTCCCGGTTCAGCTCATTGACAAAAACCGTTCGATAAAACCTGACGCCGCCTCCAAGACCGCTGGCAATACCGATAATGACCGGCAGCGTTAAATGTGCCAGTGTTCCCCATCCCCACACCGGAAACCAGTTGAAATAATATCCCAGATACCATTGACCGAAAATGATAAATACCAGATAACTGATACTCATACCGGCAATGGAAACCATCACAATTGTCCGATCAATCCAACAGCCTTTATAAACCGTAGCAAACAGTGCAAGAACAATTCCCAGCACCAGCTCACCGATAAAAATCGGCACCATAATGCACAGTGATGGCCCGACGCCACGCCACAAAATTGCTCTTATCGGCTCTCTGGTAATTATGGTCCGTCCAAAATTAAGGAAACT
CP071032.1_gap43	1522246	1527004	4758	AAAACTGGATATCTCTCCGCAGCTTGATCGAAAATTCTTTTACTGCCAGTTTGTCCAGGTCTATCCGCCGGGCACCGACAAACCGGTAGCGGCGATTATCAACCGCAAGGCTTCCGTCGCTGATCAGCGAACCTTTACTTACAGTCTTGAACTCCTGGTACGTAATGATATTATAAATGCCACGCCGAACCTGCCGAAATCGATAACCCGTCTGCCGCGAATTAAAGCCGTAAGTCCGATTGGAGCTCTCCGCCATGAAGACGGTGAAACACCGGTTGTAATTTCTGAATATATCTATAAAGATAAAGAAGGAAATTTTCTCTGGCTGGCGGAACAAACACCGGCATCCATACCGGGAGCTCCGGTATTCCGGGTAACCAAACATTATATCAAAGTAAAACCCGGTGAACGTGACATGCTAGGCCTGTTCAAATACCGGTTTATAACCTCGAAAAGTCCCAAGGTACGCCATTACGCGCTGGCCGCCGTCGGGGTGCCGGAAAACTTTAAAAGCGGCTCCACAGCCGCCCTTATCCGTACCCGCCGCATGTTCAGGCCGGGCGATCTGGTAAAAGTTCTATTGCAGTCAAGCGACATACCTGCCGGCATGTATATACCGCAGGCGGCTCTATGCAGCGACACCCGCAGTTACTGGGTTTATAAAATTATGCGCCGTGATGACGGCAGCATGTATGCCGGAAAAGTTTCCGTAAAAATTGACGGATACTTCAATGACCGCATCCTCATCAGGTCATCAAAGCTTCAACCCGGTGATGAAATTATCAATGAAGGCGCCCATTTTGTTTCCGATGGCGAAAACATACAGGTCAAATCCATTGGACAGGTGAAATTGTGAAGCTGGTAGAGAGTTCAATTAAATATCGCACCGTCGTTTTTTCACTGGCAGTAGTCGGATTCATCTGGGGGATATGGCAGTATCAGGCGTCTCCCCGGCGCGAAGATCCTGAATTCACACTCAGGTACTGCACGGTTATAACCAAATGGCCCGGCGCCACTGCCAGCCAGATTGAAGAACTGGTATGCGACCCGCTCGAACGTGAAATTTCTGGAATTGACGAAGTCAAGGAAACCACCGCTACCATAAATCCTGGACTCTGCACAATTAAAGTCACAATGGAAGATGCCGTGGATAATGTCGATGAAGTCTGCGATATTATCAGGGCACAAATTCCCAAGGTCAAGCTGCCGCCGGGGGCTTCCACTCCTTATGTTAACTCAAAATACGCCGACACCAGCGCCATGATGCTGGCCGTGTACCAGATTCCGCAGCCCGGAACAAAAATCATTGAAAATCCGTATTCAATGCGGAAGCTGCAGATTATCTGCGAAGAAATCCGGGATAAACTCAAACAGCTTGAAAGCGTCGCGACCGTAACAATCATGAGTGACCTCGATGAAGCAATCTATATCGAACCCAATGCCGGCGACTGGAGTCGCATACAGGTTTCAATCGAACAGCTGGCCAAGCGTCTTGAAGCAAAAAACAAGCTGATACCCGGAGGAGTTCTGGACACCGGCAAGCAGGCACTCAACGTTTCGGTAAAAGGTGACTATGATACCGTCAACCAGATTAAGCGCACAATTGTCTCCACCTCAACTCAGGGCCTGCCGGTCAGTGTGCAGACTCTGGGACTGAACGTTTCAAGGGACTATATTGACCCACCTCCTCTGGTCACCCGCTACAGTGACCATAGGAGCTCACAGCAGCGCTGCATACTGGTACATTTTACCATGAAAAAAGGTCGAAATATTGTTAAGCTTGGTGAACAGGTCCGTAACAGCATAAAAGCGTGGGAAAAAACTTTTCTACCTCCAGATGTAAAGGTTGCGGTAGTTGCGGACCAGCCCAAAGATGTCATGGACAATATCAATGTATTTGTTATTAATCTGTTGCAGGCAATCTGCATACTGGTTATCGTCGCCTGGCTGTTGATCGGGAAGCGGGTTGCGGTTATCATGGCCTCAGCGATACCCGTAATTGTTATGATCTCCTTTGCCATAGTACGCCTCTTCAATGTGCAACTGGAAAAGATGTCAATCGCGTCGCTCATAATCTCTCTTGGTATGCTGGTGGACTGCGCTATTGAAATTTGCGACAACGTACACCGTCTGCAGGAAGAGGGCTACTCACGTTTTAACGCAGCTGTAACGGGAACCAGACAGGTCATATATCCAATTCTGATGGGAACCCTCACGACTGTTTTTGCATTTCTCCCCATGATTACGGTTCCGGGCAATCCCGGTGAATATATTTACAGCATTCCGATCGTAGTTTCAGTTACCCTGCTGACCAGCTGGGTAGTAGCAATAACCTTTACCGTTACTTTGACCTGGCTGCTGCTGAAGCCAGGGACGGACAAAATCCCGCCTCTGACCAGGCTCATTAATTTTATTCGAGGTAAAAAAACCGACCCGGAAGCCCAGGAACACGGTAAGTTGCTCTGGTATCGCTCTCTCCTGGAATGGTCCATAAAACACCGGGCCACCATTATAACTGCAGCTTTTGCTCTGTTCGCATTAACTGTAGTGATGCTTAAAACCGGGATTATCAATACTGACTTCATTCCCAGCAGCGGCGGCAGTCAGCTGCTTATCGACATCTGGCTGCCTGAAGGCACATCCATAAAGAAAACCAGTCAGGTCTGCTGCAAAGTAGAGAGAATTATTGAAGAACAGTCTAAAATCATCAATCAGGAAACTGGGGTCGAACCACTGAAAAACAGCATAAGTTTCTGTGGTGAAAGCGCCCCGCGCTTCAAGCTGTCAGTCATGCCGGAATTTCCCAAGAGCAACTATGCCCAGGTACTGCTTAACGGCACCACTCCCAAGCTGATGAACAAGTTGACTCAAAGAGTAACCCGACAATGCAATGAAAGGCTTACCGAAGCCAGAATATCCCCCAAGCGTATAGGCATGGGGCCGGGTGCCAAATATCCGATAATGATACGGCTGCTGGGTGATGATTATATAATACTCAAAAAATATGCCGGTGAAATCAAGAAAATTCTCAAAAAAATTCCCGGCACCCTGGATATTCACGACGGCTGGGGCAATCTGGCCTGTCAGGTGAATGTTATGCCTGATGAAGAAAAATGTGCTGCTGCCGGGGTTACCCGCACCGCTGCGGCCAATACTCTCAATGCCTTTTTTTCCGGCTCCTTGCTGACCACCTTTCGTGAGGGCGACCACCAGGTACCGGTTTATTTCCGGCTGCCGTGGCAGGATCGTAACCAACTCAGCAAGCTGAAAGAACTCTACCTGGAGGGCACCAGCGGCAAAGTACCGTTGACCGCCGTCTCCGAGATCAAACTGTCTTTTGAACCGGGCAGAATTGAGCGCTACTGCCAGCAGCGCAATATGGAGATACTGGGCCAGGTTGCCGATGGCTTTCTGGCAACCGCTGTAATCAATCAGGCGTTACCAAAATTGAAGGACCTCAATAAAAAAATGCCCACAGGTTATTCTATTGAAATCGGCGGCACCTACGAGAAAGCCCAGGAAGGAAGCCGGGATATCGGCAAGGCCATGTTAATTGCTTTTGCTTTAATCGTCTTATCTCTGGTGGTATACTTTAACTCTTTGATAAAGGCTTTTGCAGTAATCCTTACTTTGCCCCTGGCCTGCACCGGGGCCTTCCTGGGACTGTTTATCATGAACCAGCCGCTTGGCTTCTTCGCTCAGCTTGGCCTGCTGTCTCTTTTCGGTATTATTGTAAATGGGGCAATCGTGCTTTTCGATTTCATAAGCATGCTGGTTCATGACAAAACGGCTGACAGCTCTTCAAAAAACGGGCTCAAAAAATATAACGGTTTGACAAAAAAACAATTTACTGAATGCGTAATTAACGGCGGGGCTTTACGCCTTCGCCCCATAGCCCTGACCACATTCACAACCACAGGCGGACTGTTGCCGCTGGCAATCAGCGGCGGACCGTTATTCCAGCCCTTGGCGGTAGTCATAATTTTCGGTTTACTCTACGGTACAACTCTGACGCTGATCCTGATGCCGGTAATTTACAGCATTCTAGTTGAAAAGTTCAACATGCGTATCGGCCGCACTGAAGAGATTGATTAGAGGCAACGGGTTAGAATTAAAATGGCTTGATAAAACTGGATTTTTTTCAAATTTTCTCTTTAAACGAGCTTGAATATCTCCAGGTGTTGATTATTGTATAAGCCTTGTCAGAAGCAAGGGCGATTAGCTCAGTTGGCTAGAGCACTTGGTTTACACCCAAGTTGTCACAGGTTCGAGTCCTGTATCGCCCACCATTTTTCCCCTGAGAACTGCGCTAAATTGAAATACCTTCATCAGGCATTCCCAAACGCGAAATGAAATATTCCGTTATCCCGCGAAAGCTGCATACAGAAAATTATCCTGTCCAAATGCAGGTAAATGCAGACGGTTATTTCTTTTGGGGAATATACATGACTTTAACTTCAAACGTACTATGTTTGGGATCATAGCTGTAGGAAACTCCAAGACTGTCCGGTTCAAAACGCTCTACTTTGACCTCTCCCTCCCCGATTAAAGTACTGTAGCGTTCTTCATTTGAAAACCTGCACCTAGAAATAAACTTAGCAGCGTACTTTGACGCATCAAAGCTGCATGAAGATGCAGCGCTTCCAGCATTTAAGCTAATCGTTCCTTTATCACCTTTCATGTCAGTAAAATTCAAAACCGCAAAAAAGTCCTTTCTCGACTTGCCGATGCCGGATATTTTAAATATAACTGGATTTT
CP071032.1_gap44	1543748	1546969	3221	GCAACACTCTGCCCGCGTGTTCTGTGTCCAACCAGGACGGCCAGCAACAGGGCAAGGATAAAAAAGACCGTTGTCAGAATCACCGTTAACTTGGTAAGATGACTGCCGGCATGGGCCCCAAAGACAGATTCCCCGACTCCGCCAAATGAACCACCAAAACCGCCGCCTTTAGACTGCTGAATCAGAATGAGACCAATAAGCATTAAAGCAACCACGATTACAAGTGTATATAAAACTACTGTAAGAATGCCCATTCTTAAACCTTTAAGATAAATTATTTATTATGAGACCAATAATATATACAGCCGTTACCGTAAAAGTCAAATAAAAAGACAGCAACGGCTGAAATATTTTGCCTGATCAAAATTGATTTTATAATTTTACGATACCCTGCCTGCCGAACCCGTAAATCCGTACTTCAGGATGCGTCAACTAAAAATACTTAATCAGAAGCAACTTAAGCAATGGCATTCTTGATAAGCTCAGCGAAACTTCCAGCTTTCAGACTGGCTCCGCCGATCAGACCGCCATCAATATTTCTTTGAGCAACAAGCTCTGCTGAATTCTCAGGCTTCATACTGCCGCCATATTGAATTCGCACGGCTTCCGCAGCTTCGCCAAACATATCTTTAAGTTGACAGCGGATATAATTATGCGTCTCTTCAGCCATTTCCGGTGTTGCGGTTTTACCGGTACCGATAGCCCATACCGGTTCGTAGGCAAGGACGATTCCAGCCATCTGCTCAGGAGTAATGTCGGCAAGTCCGCCTTCGAGCTGAGAGAACAGGACTTTTTCAGTTTTTCCGCCTTCCCGCTCTTCCAGGGTCTCACCGATACAGACAATCGGGATCAAGCCTGCGGCCAATGCGGCCTTAATGCGCTGGTTAACGGTAGCATCAGTTTCTCCAAAATACTGGCGTCTTTCGCTGTGCCCAATTATGGCGTATTCAACTCCGGTTTCCTTGAGCATTTCAGCCGAAATTTCACCGGTGAAAGCCCCGGATTCGGCCCAGTGAATGTTCTGTGAACCGACTTTAATATTGGACCCGCCAGCGGCTTCAACCACAGCGGCAATTGAGGTAAAGGGTGGACAGACGACGATTTCAGCGGCAGCAACATCAGCGACAAGCGGCTTTAAATCTTCAACAAGCGCCTTGCCTTCAGAGGCAGTCTTATTCATTTTCCAGTTACCGGCAATAATTACTTTTCTGGCCATGACAGATTTCCTTTCTGGACAAGAATTTAAATATTTCCTGGATCAGCTTAATTTTAAAGCCGTTAATATAGACCAATACGTAATATTTGCAACTGTAAAAATCGACTCTTTCCACTAAATATCAATGCAAATGCTTTTTGTCCTGTATACCTTGCAAATATATCCAGACTTTTAACCACATTCTTATGCTGAATATTCTCCATTCCGGGCTTTTTAATTGCCGGCCATACCCATTCAAACGGGATTATGTCAGTGCCGTATACCGGCAGTGAACAAGCCTGCTGTCACCATATAATTTAAAATATACTGAACATTATCTACTTTATTTATAATACAATTCCTGCGGCTTGCTTCTGGTGCACTGCAGTGCTGATTCAAATCACACTTACCTTTTACTTGAGCAAAAATGTAAAATGTTAATGCACAGTATTGTTTAAATCAAATTTCAAATATTACTGGCTGTCCAGTCAGGATCAGTGTTTTTTGACAACTCAGAGGCGCTACTGTTTGCAAAATATACTGGACCATCACGTTTTACAGTTTTTCAGCTTTTCCTCAGCTGCAAAAAAAAGATCAACAGCGGACTTTTCCGCAATAATATCATGACATTCAAGGCCTTTGATTTCGGTTGTTATCGTTTTTTTCCAATCTATAATAATTCTTTGTTAATTTTTTTAACATTTGAACGAATATTGTCACAAATCAGCATTGAATAAATTAATACTGATATATATTATTATAACTTTAATTAATTGCGTTATGGAGTAGAATTTAAAGGAGATCGTAATTATGGATGCGTCGAATACGGAGAAAGGAATAAGCGAGCTGGAAGGCATTGATCAAGATACCTATTCCCTGGAACAGCATATCGCAAGACCTCAAATTACCCAAATAAGCTGCCTCCTGGGAGTTTTACTCGTAATGGTTTTACTGGTGTCAAACTTTGCAGCAATCAAGCTGGTTGAAATAAATGTTTTCAATTTCGGATCAATCACTTTTCCGATGGGACTGCTGTTCTTTCCGCTGACCTACATTCTCAGTGATATATTTACTGAAGTATATGGGTATAAAACGGCACGTTTTATGATATGGGTTGGATTCTCCGCCAATATATTCTTCTGTCTGGCCTGCTGGCTCACCATGCTTTTCCCGGCCTACCCGCTGTGGTTTTATTCTTATGAATTCAACACGACCATTAGTTTCATGCCAAGAATATTCTTATTCAGCGCGATAAGCTATTTTTTCGGTGAATTTATCAACGCAATTACTTTATCCAGACTGAAAGTAATCTTTAAGGGCAGAAAAATGGGACTTCGGTTTGTGATAAGCACGTTCCTCGGAGTGCTGGCAGACTCGATTATGGTCGGAGTAGGCATCTGGTACGGCAAGCTGCCTTTCCAGTCTTTACTGCAACTTATTTTCTGGCTGACATTTTTCAAAGTGGCTTATGAATTTATTTCACTGCCGATCACATACCGGATAGTGCATAAACTCAAGAGAATTGAAAACCTGGACGTTGTTGACCATAACGAAAGGTACAATATTTTCTCTATAAAATTATAGTTTTGGGCAATGCTCCCTTCACTGCGCAGTAAATTCAGGGAGCATCACTTAGACAATGCTTGACTTTATGCCGGCACCACACGCCGGCACCACAGAAGCAGTATTGTGATAACGCGGATTATCAAAATATGCAGCAAAAGTGGCAGCGGTCGTAGTTTCAAAATAAAAGCCGTCAGCAGCCAGTCTCGCTGCAGCTTTACGAATTGCGTCTTCCTCCACCGCCAGCACATCGCCGTCCAGATCTCTAATTGCCTGCAGTATTAGCCTGCCGCGTTTAGGGTCAGCTATAGCAATTCCTTCGGCAAGGGTTTTGCGCCCCTGGAAAGGTTCAACCATATCATTTCCTGAATGGAAAGCATTAAAAATCGGAGCACAGTTATTTGACTGCACAGCAATTAATTTCGGCATTCTGGTTATGAGCCCTGCGGTCATCAAATCAAGC
CP071032.1_gap45	1571473	1573034	1561	AAACCGGTTTCATGAGATAAAACTGGACAAGGTTGCCAGTACCGCCAAGGTCGGCAAAGGTACTATTTATCTCTATTTCAAGGATAAGAATGATCTTTTCCAGCAGGTGGCTTTAAACGGGCTCAGCGAAGTGTGTGACATGGTAGCTGAAGATGTCCAGTCAGATCTGCCTTTCGAGCAAAAACTGACTGCTGTTTCTTCTAAAATCAGCAGTTTTTTTATTTCACGCACTTCTTTGATGAATTTGCTCAGGGAGTATGAAGCCCAGGCAGGGCTGCCGGATAAATACCCCTGCTCTACGGAGCGCAAACGGCTTTTTGACCTTGTACTGCAAATCTTGCAGCAGGGTCAGCAGGAGGGCAAGGTACGCAAGGATATTGAGCTTCCCGTGCAAGCGGTTTTTTTGCTGGGCATGCTGCGCACCCGCGATCATGTCTTCCGCCGGCATCACATGCCGATACCTGAAATCGACACCGTAATAGACCTGTATCTGCGCGGAATCACCACCCGCTGATTTTCGCCGCCTCAGCTGAAAGCACTCTAACCTGCTTTGTCTAATTCAATGCAGGCTAATTTAAGGATTTGTCAAATGAAAGACATTGTAAGAATAGACTTGACAACCGGCTCGGTCCCCGGTCATATAATAAGACTTACCTTTGCTACCATGTGGGGTTTTGTTGCCATGATGATATTCAACCTCACAGACACTTATTTTGTCAGTCGTCTGGGAACAGATTACCTGGCCGCGATGGGTTTTACGGCGCCTATAGTTATGCTGTTCGGCAGCATAGGACTGGGTTTTGCTGCCGGTGTATCATCGATCGCCGCCAGAAAGATTGGTGCTGCCCAGTACGACAAGGTCAGGAACTTCATCTCGGACAGCTTGATTTTTTCAGGAGTCTTTGCAACTGTACTTGGAGTGCTTGGAGTGATTTTTGCTAAGCCAATCTTAAGACTGCTCGGGGCTGATGCCATCACATTGCCGCTGGCCGTCAGCTATATGAACGTCTGGTTCTGGTTTGTAGCTTTCATGGTAATTACGATGGTGGCGAACAATGCCATCCGCGCTACAGGCCATGCATCAACTCCGGCTATCCTAATGATTGCGGCATCCTTACTGAATGTTCTTCTTGACTGGCTGTTGATTTTCGGTCACTGGGGCCTGCCCCGGCTTGGCCTGCCGGGTGCCGCATGGGCAACAATTATATCCCGGTTTTTCGCCCTGGTATTGTCAATTCTGGTACTGCGCTATCAGTTCCACCTGCTTCATCTGGCCATTCCGACTATGCGGCGTTTCTACATGTCAGTCAAAGAATTACTGGTAACAGCAATTCCTGCCTGCGCATCAAATCTGTTGATGCCAGTATCCAATATGGTACTTGTCGGGTTAGTCGCCATTTACGGCAATAGAGCTGTAGCCGCGTTTAATGCCGGAAATAACATTCTGATGTTCACTTTTATGATTCCGATGGCAATGGGATCGGTGCAAATGCCCTTTGCCGGACAGAATTACGGAGCAAACTGTATATCCAGGATCAAACATGCCTGGAAATTCTGCAAT
CP071032.1_gap46	1591558	1592384	826	TCAAGCCCATGCTGAGCCTCAGCAGTATTGTCCTCATCAGAACGTTCTTCAATCCATGAGGCGTCCTCTTCCAGCGTTACCAGTTCAACTCCATCCAGCGCACTGAGCACAGACTGTTCGCCAGACCTCCAGCCGCCTTTTGCGAACTGTACAATTAAAACTTTCTGCTTCCAGCCGACTGCCCTGACCGCCATTCCCATGGCCGCAGTAGTCTTGCCTTTGCCATTACCGGTATAAATAATTACCAAACCGTGCCTGCAGACATCATCACTCATGGTATTAATCCTCTAAATAAGGTTAAAGAGAGCATCGAAAATGATTTTGAAGGCGAAAATAGCACAGCTTGTAGTGAAAGCAATTGCAGAAGTCTTAATTTAGTGGAAAAAAAATGGTCGGAGCGAGAGGATTCGAACCTCCGACTTCTGCGTCCCGAACGCAGCGCTCTAACCAGACTGAGCCACGCTCCGACATTTAAAAGGTCCCGCCAGTAAAGACGAGACCTTATTGTAGTCTAAATTTGGAGTTTTTCAACTCGAAAAAGTTATTTTTTTAGAGATATTACAACTTTTTTGAGGGAACCATCGCCCTCGCTGTGAGTCTCCAGTTCTCCATCATCTTTCAAAGTGATATGGATGATTCTGCGATCATGCGAATTCATTGGTGGAAGCACAACATTCTCACCCCAGCGCTTTACTTCCTTTGAGGCATCAATGGCCTGCTGAATAAGCTGTTCTTCATTCATCCCGTCACGTTCAGGACGACCACCCCGGCTGGAGCGTCTTCTGCCGCCGCTTGCAGGACGACGGGAACCGCCGCGACGACTGTA
CP071032.1_gap47	1651051	1652486	1435	CAGGATTTTTTTATTCAAGCAGCTTTACACTGAAGCTTACTTAGCATAATCAATTGATCTGGTTTCACGAATTATAGACACCTTGATCTGCCCAGGATAATTCATCTCTTTCTCAATTCTCTGACATATATCCTTAGCCAGTATCTGAGCTTCGCCTTCCTTGATTTTGACCGGATTGACGACTACCCTGACCTCGCGCCCAGCCTGTAAAGCAAAACAGGACTCAACCCCGTTGAAACTGTGAGCAATATCCTCAAGCTGCTCAAGCCGCTTCAGGTAAAGTTCAGTAGTTTCACTACGGGCTCCAGGACGGGATGCACTCAAAGTATCACAGGCATTTATAAGAATATCATAAATGCTGGCAGCATCAACATCTTCATGATGAGCGGCAACCGCATGGATAACATCCTGGGCTTCATTGTGCTTGCGCAGAATATCAGCACCAATCGCGGCATGAGACCCCTCAACTTCATGATCAACTGCTTTACCAATATCATGAAAGAGCCCGATTCTTTTGGCTTTCTGTTCATCAAGACCGAGTTCCGATGCAATTATACCCATAAAGTACGCTGCTTCAAGTGAATGCTGCAGCACATTCTGAGAAAAACTGTAACGGTATTTCAAGCGTCCGAGCAGCTTGATTATATGGGGAGAAACTCCCTGTATGCCGGTTTCGAGAACGGCAGCTTCGCCGGTGCTGAAGATCTCCTCTTCAACTTCCTTGGCGATTTTTTTGGTCTGGTCTTCGATACGGGTAGGATGAATCCTGCCATCAGCAATCAAGCGTTCCATCAGCTGTCTGGCAACCTCTTTACGGACCGGGTCAAAGCATGAGATAACTACAGCTTCAGGTGTATCGTCAATAAGTATATTAACTCCTGTAGCCGCCTCAATTGCCCGTATATTACGCCCTTCCCTGCCGATAATGCGACCTTTCATTTCGTCTCCCGGCAAAGGAATAGTGGCCGTAGTTCGATCATATGTACAGTCAGATGCATAACGCTGTATGGCATACGTCAAAATACGACGCGCTTCTTTTTCTGACTTCTGCTTGGCTTCTTCAAGAACATCACGGACTAAAAGCCCGGATTCATTCTTAACTTCATTCTTTAATTTTTCAAGCAGTATTTCCTTAGCGCTTTCACGGTCTAAAAGTGCAATTCTTTCCAGTTCATCAATCTGTTTTGAAATGCTTTTCTGCAATTCCTGTTCACGATTCGAAAGTCTGTCACGCAAGGAATCAATTTCTTTTTCCTTACGGGAAAAGTTCTCTTCCCTTTTTTCAAAGGCATCTGCTTTTCTTTCCAGATTTTCTTCGCGCTGAGAGAGGCGTTTTTCTACAGACAGCTGCTCTTTGCGGCGCTGTTGCAGTTCATCTTCTACCTCTTCACGCATTTTGAGAACTTCCCCTTTAGCAGTAACTTTAGCTTCGCGC
CP071032.1_gap48	1727744	1731199	3455	AAAGCGATTAATGAAGCCGGGAATTGCATATTCCATGAAGTGCTCTCCGGTTCGTCCCAGGCGATAACAGCTGGTGCAGAAGCTGGGAATATAACCGTCCTTTATCAGCTCATTCATAACTTCGTCAAGTGACCTGACATCCCCAATAGAAAACTGCTCGCGCTTGAGTTCCTGTTCGGCTTTTTTGTCTTCACTGTACCCGCCAAGCTCCAGGCGGGTGCCGGCGTCAATCTGAGAAACTCCAAACTGCATTACTTCACGTCTGACTTCAGCGGTTTCACGTGCAGTCAGAATCAGGCCGGTATAGGGAACTGCCAGCCGGAGAATCGCAACGAGTCGCTTGAAGTCATAATCATTGACAAGATATTTATCATCAAAATCAATACCATGTGCCGGGCGCAGCCTTGGGAAACTGATGGTATGCGGTCCGACATTATATTTCTCCTGCAGGTATAGCGAATGTGTAATCAAGCTCAAAACCTCAAAACGCCAGTCATAAAGCCCGAACAAGGCTCCAATACCCATATCATCACATCCGGCTTCAAATGCTCTGGAAAGCCCGTCCAGCCGCCAGAGATAATCCCCTTTGTGAGTCTCTTCAGGGTGGTTTTTGCGATACGTCTCATGGTGGTATGTTTCCTGGAATATCTGGTAAGTACCGATACCGGAATCTTTAACAATTTTATAACCTTCATGATCCAGAGGAGCGGCATTGATGTTAACCCGGCGTATTTCTCCCTTTCCATGTTTGACCGAATAAACCTTGCGCACCGTATCAGCAATAAACTCAGCCGAATAATCCGGGTGCTCACCAAAAACCAGAATCAGTCTTTTATGGCCGTGATCCTCCAGAGCCTGAACTTGATCAACAACTTCTTTTTCATTCAGCGTCTTGCGGACAGTTGAGCGCAGGCTGCGCCTGAACGCACAGTATTTACAGTCGTTTATGCAGTAGTTTCCAATATAAAGCGGGGCAAAAAGGACAATACGATTGCCGTACACATCGCGCTTTAACTTTCGGGCTGCTTCGAAAATTTCCTCCGTAAGCTCAGGAGATTCAGCCTTTATCAGGTAGGCAGTTTCTTCAACACTCAACGGCTTTTTATCAAGACTCTTACGGATGATTTCCCGAACTTTGGCAGCATCTTCAGGAGTGTCCTTGATCAGAGCCTCAATTTTGGTGTCATCAATAAAATCAACGCACCCTTTTGAGAGAACTTTTTTATTAAACATTTTGACTTCCTCAGCGGTCACAGCAGGCCGCTTTATATTTTGGACTCCTCTTAAATAACAGCAAATCTTGTGAAAAAGTATTCACCCGCTCCGACCGGATTATACAATGACGCTGTGCGTAATTCAGCATCTCTTTCCTGCTGCATGCAAACAGCTCTTTCTGCTGATAAAAGCCATTTTTTCAGATTAGCCCTTTTGTTATAACGTCCGTAAACGTAATATAACACAATAAATAGATATTTTAATACCTAATTGAATAAATTTTTGATAATTATTGTCAAAAAGCAGCCCTGATATTGCCGGTGGCTGTTTTTATGCAGCAGTTTAGCATGAATTTCTGAATTGCACTGTAAAAAACTCTCTATCTACCCGCTTTTTTTTGTGGCAGAAGCTGTTTTCTGTACAACCAGGCCAGAATGAGCGTAACAAAGAGCGAAGCTGAAAACACTATCCACAGATAATGAATTATTACGGGAATAAATTCAACAAACGGCTGAAAAACTATACGGCAGTCAATTGGAACAGTTTCATTCGGCAAGGTACTTTTGACTTTGCAGTGCAGTTTTTTAGGCCCTGCCTTCCAGTCAGGCCACCAGAGATATTGGGCAGCATGCAGTCGCCCTTTTGCATCCCAGATCTGAAACGGGATATAAGCCTCACGATAAATTTCCCTGCCAGTGTGATCGACAATACGCAATTCGATTTCAAGTTTTTCTGAAGCCAGCAATTCTTGCAGGTGCGCTCTTCTCTTATATTTGTTATGAGTTGGGGAATAACAGTAAATAACCAGCGCCCTCGGGGAAAATTCATTATGGAAATTTACCGCGTAGTCAGCAGTTTTTGAAAGGTCTACAAATACTGAAGTTAATGGAGGATCATGCAGCATTTCGTCAACATGGGCATATACAATGGAACCGGCCAGAAATGCGTTCCAAAGCAACAATAGTCCGACTGCAATTCTGATAAAAAGCCTTTTCATTAGCATCCTCTTTCTAAAGTACACCCTTCACTTGTTAGATAACAATGCTGTCAAAAGTCGATAATTCAAGAAAAATTCAGGTAATCATAAAAAAATATTAGTATATTTTCCCATAGTTAAAAGGTTGATTGCCCACCCGTTTGAGCATTCGAGTTTTCAGAGGTCTGACAGGAACAAGATTAAGTACTGATGGAATACAAATATATCAGGTGTTTAACGGAAATTCTCGCCAGTCTTTGGCCGCAAGCAAAAAAAGGGATGCCAGATGGCATCCCTGCTTTCGAACCCTTAAGACGTGTTACCACGTCCAAGAAATATCCTGCCGGTTCAGCGCGAAGCTTCCGGAATATATTCAACGAGTTTTTTGTCTGCAAATATCGGTTTCAGCCGGGCAAAACGCTGTCGCCCATTGATCATCGGCACGCTTGGCCAGTCTTCTCCAACCAGCGGACGAACATATTTCAGGAAATCATCAGTAACATCGGATTTACAATTTGAAATCCATTCCTGCGGAAAAAAACGCTCAGAGTTGGCAACATCTTTGAGTGGGACCTTGTCATAACGCACAGAGTAAATCATCCCCGGATTGCGTAGAATCGTTGACATATAACCACCCTCGCCGCTGGCAGCCAGCTCAACCGCTTTCTGCCCGGCCCGGTAAGCTTCATCAAGGTCAACAGTTGATGCGTAAATTGCCGTAGAGCGCTGATCTGTTCCAGAAGCTTGACCACGAGCTGCTCCACGGGCTTTAATGCCGTTTTTATTCAGGTAATTAACCAGTGCCTGCTGTACTGTTGTCTGACTGGCTCCAAACTGAGCATGCCCGAAGCTGTCCTTGGAAAAACCAAGATCTCCAACGTCACAACCTTCAGATACAACTACTACGGCACGGCCGTGCTCTTTAACTGTGTCATTGATTTTTGCTGTCATTTCCTCCATACTCAAACCGCCCTCGAAGAGGAAAATCAAAAGAGGGGTTTCGCGCTTGGGGTCAGCCAGGCGGGCAGCTGCCGGAATATAACCGATTTTGCGCCCCATCGCCTGCAATACCAGAACCGGATCAGCCGGAGAGGAACCACGATTTTCCTCTTCGGCATTCTGGACGATATGGCTCCAGTAACGGGCAACAGAACCGTATCCCGGAGTATGGTCAATAAGCTTGAATTCACTGTCACCCACATCGTTGTCAATGGTCTTAGGCACCCCGATGCCAATAACATCAAGGCCACGTTCCTGAGCCAGA
CP071032.1_gap49	1930538	1934960	4422	GCCAGCCTCCCCCGGTTTTAAAGCACATTTTTTGGGACACAATTCACAAGTGACCTTCATTATCCCAGATCCTGCCTTAAAATTGCTGATAAAAAAAGCAAAAAATCCTCTTTGGATTATTATACGGCTTATCCGCTGCTAATCAAGGACGTTTGATCAGTAAGTCCTGAAAAATGCATCAGTAAATGATCAGGTTCCAGTCTCCTCAAGACTCAATTCAAGAGCCTCTCCTTTTGACCAGATAATATGTTCCTTGACCAGCTCTTCAGCCAAGTCGCCGTCGTGGGTTTCCAGGGCTGAAATAATTGCGTTATGAGTAGCTCTTCTTGGCTCATGGGAAATACCGGGCCTTACTCCCTTACCCATTTTAAAAACTTTCTCAATCAGCATAAGCTGTTTAATTATTCGCTGGACAGCAATGTTACCCGACATGTCAACTATTTTCTGGTGAAAGGCAATTTCAGATTCAATTTCCAGTTTGGTCTCACCCTTGCTCATTGCCTTGTCAAAGGTATTCGAATACTTGCGAAGCAGTCTGATATCCCGTGCCGTGGCACGTACCGCAGCATTGCGTGCAGCGATACTTTCCAGGGCTTCCCGAACTTCAAAGATATCGCTGATCTCTTTATCTGACAGTTCTCTTATTCTGATACCCTTACGCTGGCGACGCTCAATAATACCCCTTACCTCAAGTTCCTTCAGGATATCGCGAAGCTGGGTTCTACTGATCGCAAACTGTTCACACAATTCGTACTCGTTAGTGAAGCTGTCATCGGGAATGGTTTTTTCAAGAATCCACTCCCAGATGTTAATGATCTGTTGTCTTTTTTCAGCTACAGAGGCCATAATTTTCTCCAAATTTCTTACAATAAAACAATTTTCTTCTCTAATTAATAATAATACATTATCCATGTACTTTTGCAAATCGGCTGAATTCCCAGGATAAGTTAGCCCAACAGGAGGGTTGCTTCGGTTTTTCACCGTATTTACTGCTTAGAAAGTTTATAATATGATACTTCAGCGTCCGATTGATTTTTCCATAATCATACCATAACTAAGCAGAGTAACTTATCACCATTATAGAGATCAGCTCTTGAATATTTGACCGGCAAGCAGGAGCCAGCTGTGCGAACAGCCGGGCTGCAAACTGATATAAATGCAAGATAAGACGTTTGACACCAGTGTCTCTGAAACAGACAGGTGTTTAATCGCAGTCAGACTACAGAAGCAAATCTGAAGTGCTGCTTGATCAATTTTTCCGCGTTTATAACATCCCTTGCCTCGAGTGCGTCTACAATTGCCTCATGACTGGCAATACTGTACTTGTTCAAGGGATCCGGTCTTCCCGGAGTTCCAATTTTGAAAGCCTCTTCAATCAGCAGGTAATTACAGGCCATGTGCTTGACCGCTTCATTACCTGACATATCGAGAATTTTTTTGTGAAAAGCTATATCAGATTTCTTCTTGGCCTTGACATCTTTATTTTCATGGGCAAGATTGAAATCATATGCATGTTTGCGAAGCGTATCAATATCCCGCGGGTTGCTGGACACCGCAGCTTTCCTGATCGCAATAACCTCCAAGGCTTCAAGTATTTCAAAAACATCGAAAGCCTCTTTCCTTGGAATTTCTCGAACACGAATGCCTTTACGCTGACGCCGTACAATAATGTTTTGCACCTCCAATTCCTTAAGGATATCACGAACCTGAGTTCTGCTCATGGCAAACTTTGCGCATAACTCAAATTCGTTTGTGTACTGTCCCTCAGGAAGTGTCTTTTTAACAATCCATTTACGGACACTATCGACCCGCTGTTGCCTTTTTGATATTGAGGCCATAATTTACTCCATAATATAAAAACATAACACAATTTCTCCAATTTTAACATAATAATACATTTTAGCTAAAATACAAGAGTTAAAAGCAGCTAACTGCAAATGTTTTGTTCTTTTATAACTAATTAAATACTAATTACTATTAAATGATAGTATTTTTTTCAAACTGGAAGACATTTACAACTAAAGTATTACATATATTCTTAGCCTGCTAATGCTTTGCGGGTTAGGCTTCCATAAATTAACCTTTTTCCCAAAATACTGGAAGGTTAAATTGCTTAACTGCAGATATTTTAATAGATTATAGCTAATTATGAAAGTTTTTAATAAATTCAGACAAAAAAAAATTTTTCTTCAAAAAGCGGTTAGCAGTATTATTATCATGCTAACTGGTTTCAAGATTTTAGCAACAAAAAAATAGGGTTATCTATCTATCTTTATGCAAGTCTTTAATTTTTAATCACGCCTAACAATGACCTGCTGCATGACGCTCAACAAATTAAAAATGAGCCCGTAGCCTGGTAGTAAATCAATAAGCTTTTTTTGTAAAAAAACTTCCGATCAGAAAGTTATAGCAGGTTTCCGTTTCCATTTTTTTTCAGAGCACTATTCGGCCGTAAGAATTTATTTCCTTATAAAAAGCAACAGCGCTGTTCCTCCAGCAGTTTACCGCTATTCAAGATTAAGTTTATTGAATACAGTGCCTCCAGGAGGAGCTATCAGCAGCAATTCGTTGCAAAAATCAATTTTAGCTATTCCGCTCAGAACTGTAAAATCAAGAACGTGCCCTGCACTCTTTCGATCTTTGCTGAGGAAGTGAAAATGATAACCAGCCTTTTGAAGTTTTTTCAGATAAGGCGGAAATTTGAATGCAACTATTGTTCCAGCAATATAGCGATAATCAAATTCCGGTTGAGTGGCAATTATTTCTTTAAGCGGCTTGTAAGGTTTGCGCTGTGGCGGATAAGATTTGGTTTTTACATACTTAAACATACCGGTAATAACGATAGCGCTGAAAAGATTGTCTTTTGGCAGGTTGTTGTCGACAAAATTTTCAAACTCCTGCATCGTCATTTCAGAAGGTATATTTATTCCTACATCCGGTTTAAAATCTACGATATTTGCAAAGGCGATTCTGCTTTTAATATCAGGCAGGTACACTTTTCCGTCCTCTTTGCCGACATAAGCCTTACCTGCAACTATAATCATTTCGCCATCAATATTTTCAGTCACCCCGAATCCGGTATCACCGTGTCTTAACAATTCGCGCAGCGTCATTTTGCCGTCATATGCTCCCATGTAGAGCGCCCCGTAAGTAGAAACCTGAGTGATTCGACGGTTGTCTCCAGTCGAACACCCGCAAATAAAGATTAGCGAAAAGCACAGTACTCCAGCAGCAAGTAACTTCTTCATGATCCCACTCCAGTAGTAAACAAAAATTATCTGCTAAAATTCTATAATCTCAGGCAATTGCTTGAAATTATACTGCATTTCTAATTTGAGTATCTTTACAGTAATCCTCTTGAAAACTGATTTAGTTTAATATTGAATTCAAGATGTTTCAAGTTATAAAACATTTCATAGAGAGAAGCTCGCCGCAGTAAAGCGGTCACGGTTTGAATAATCCTGAATGGTTTCTATATCTATGAAATGTTTTGCTGCATGCAAAGCCTTGCGGACAGCGGCAGCCTGATGGATACCATGTTCAAAAATAATATAGCCACCTGGCTTAAGGTGTTTATGGGCATTTTTTATTGCTTTGAAAATTAACCCCAGCCCGCGGTCAGGTGCGGTCAAGGCCAATGCCGGCTCATAAAGCCTGACTTCTGGCATCAAAACCTTATACTCGTCATTGGCAACATAAGGCAAGTTAGCCGCAATGCAGTCAAACCTGCAGTACTGCAGTGCCGAAAAGAGATTGCTTTCGATAAATTCGACATTATCCATATCATATTTCATCTGATTTTGACGGGCGACTTCAAGTGCGTTGATACTGACATCAACTGCGGTTACCTTGATGTCCATACGCTCATAAGCCGCAGCCAGTGCTATGGCGCCGCTGCCGGTGCCAAGATCAAGCAAAGTTCCGTCAGCTGGAATGATTTTGCATACCTTCTCCACCAGCAGTTCCGTTTCTGGACGGGGAATTAATACATCCGGGTTGACGTTCAGGGTTAAATGCATAAAGTGAGCCTCACCGATAATATACTGCAGCGGCTCATGCTGTTCACGGCGGACAGTCATTCCCTCTGCTGAATTCAGGATTTTTAACGGTACTTTTTCATGCAGATTCCAGACCAGTTCCGGACGAGAACACTCCAGTAGTTCAGAAACAATAATTTCAGCTTCCGTACGCGGAGTTTCTATACCGACAGCTTCAAGTCTACTGGTAATATCTTCAAGCAATGAACGGTATATTACCTCTGATTTCATATTCTCCTCTTGCAAAAAAATTTATCACTGAAAATTGATATTAATTATAAGTCAGCCTGTTATTCGGCAGCATTGATTTCTGGAGCAGCAAAATATTGCCACTCAAATCGGTGCTTTTCATCAAGCATGGCTGCATTTAAAGCCGGGTAGGAAC
CP071032.1_gap50	1943327	1944374	1047	CGGTTTACTGGGGACCCGCAAACGCCGTACTGACAACGAATTTCTATTAGCGGCAGACCAGTCAAAAGTGCTGGGGTTTTTTATGCTGGTGCTGCTTTGGGCGGTCTGTTCTCTTTTGCTGACGCTTCCCGCTCTGAAGCCCATTAATATTCCGCTGGTTTTGAAACAGCGGGCTTCCAAGACTATTTTTGCTGACTTTGATTTTGTTTATGTGGACAACGCCAAGACACTTCAGCGCAAACATGAAGTGGCAGAGCGAGTGCCGCTTTACTTCAGAATATCTGAGGTGGCTGTCAAACACGTTCAGCAGAACCTTAAAAATTTCTTTTTTGCAGTTGCCGCCAGGCAGGAGGCTATCAACGAAAAGCGTCTTTACAAGCCTGAAGGTGACTATTTTGCAAATATTGCGGCAAATTTAAGCAAGCCGGTCCTTGAGTCTATTTATCAGATCTGCCAGAATGAACCTCTGCGGCAGAGTTTTGAAAAAGAAATGCTGTCTCTGGCCAATAAAGGTATCATCAGCCAGAAGGAAAAGGATAACTACAAGGTAAGCCAGCAGCTGAGGATTATTGACGCCGCCGGGCGTGCCCGCCTGCCAGTGTCGGCACTTGATATACCTTCGCCCCGGGAAGCTGCCAGAGAAATGGCCAAACAGGTGCTGAAGTTCACTTCGCCCGGCAAGCAGCGTGATGCACTGGAAGCCGCTCTGGTACAGAATTGCACCATGCTTATCGGCAACAAGGGAACTTTGATCCTTGATTACTCCAGAACCGAGCAGAAAAGGCGTGAAGCAACCGCCGCGGTACCGCCGGTAAAGGTAGAGGTAAAAAAGTATGAACCGATAGTTACCAAGGACCAGGTTGTCAACCAGAAATCTCTGGACCGCCTGTCCGCCTATGAAAACGAATATCAGGCCAGACTGGAGGAGACGGATTCGGGGCAGCGAATTTTTAAAAACATTATCTGGAGCCTTATCCTGATGGTTTTTGTCGGTTTGTACATGTATCACATTCACCCTGAAGTGGTACGCAGCAATCAGAAAATAGG
CP071032.1_gap51	2004448	2009100	4652	TTTATTTACTGCAGAGCAGAGTACCCGCTGGCTATTAAGCACTTGCAGATAGCAATCGAGCAGATTTATGCCAGAAAGCTCAATGACCTTAACGGCCGCAGCCTGGAAATTATTGTCAAGGAAGGGGCCGGTGCCTTCGTCTGCGGAGAGGAAACCGCGCTGATTCACTCTCTGGAAGGCAAACGTGGCACTCCCCGCTTCCGTCCCCCTTTCCCGACCGACAGCGGCTGGAAAGAGTGGCCAACAATGATCAACAATGTCGAGACATTCGGCAATGTCCCGCTAATAATTGCTGAAGGTGGCGAAAAATATGCCGAAACCGGTACCGAAGGCAGTAAAGGAACCAAACTTTTTGCGCTGGCTGGCGACCTGAAATATCCGGGGCTGGTGGAGGTTCCGATGGGAACGACACTGGCTGAAATTGTATTTGAAATCGGTGGTGCGGACCCTGAAAATGTCAAAGCCGTACAAACCGGCGGCCCTTCAGGCGGCTGTATTCCGGTAGAACTTTTTGATACCCCGGTTGATTATGATTCACTGCGTTCACTGGGCGCGATTATGGGGTCCGGGGGCATGATTGTAATTGGAAAAAACCGCTGCATGGTTGAAACTGCCCGTTATTTTCTTGATTTCACCCATCGTGAATCCTGCGGCAAGTGTACTTTCTGCCGAATCGGTACCAAGCGCATGTTTGAAACCCTTGAGCGCATTGTCGGCGGCAATGGTGTTCCTGAGGACCTGGACTTTCTTGAGGACATGGGAAATAAAATTCGCAAGGGCTCTCTATGCGGTCTTGGACAGACAGCACCAAATCCGGTCCTTGCCACACTGCGGTATTTTCGCAATGAATACGAAGCACATGTATTGAAGCATCAGTGTGAGGCGTTGATCTGTAATGCTCTGGTGGATGTAAAGCTTGAACAGTCAAACTGCATTAAGTGTAAACTCTGCATCAAGAACTGTCCAGTAGACGCGGTCAGCGACGATTTTATAATTGACAACAACAAGTGCACCCGCTGCAACACTTGTATCGAAGTTTGTCCCAAAAACACTATTTTCCGGGTAAAAAAAGGCGAGGGCTTCTACAGTGAGTAAGATTAAAATAAAGCTGGACGGCAAAGAGATTGTTGCCGACTCAACCAAGACAATATTGCAGATTGCCGAAGAAAACGGCATACAGATTCCAACGTTATGCTACAATCAGAAAGTTTCAAGGACCACTTCATGTTTTGTCTGTGTGGTCAAAGACGTAAAAACCGGGCGTTTTCTACCGTCGTGTTCTTCCTGCCCCATTGACGGCCAGGAGATTGAGTCTTCCTCTGATGAAGTCAGCGACATGCGCAAAACCGCTCTTGAACTGCTGCTTTCTGAACATGCCGGGGACTGTGAGGCCCCCTGCACCGTTGCCTGTCCGGCTCATGCAAATGTCGAAGAATACGTCCGTGCCGGCCGGAAAGGTGACTTTCTGGAATCTTTGAAAATCATAAAGGAACGTATTCCGCTGCCAATGAGCATCGGCCGGGTCTGTCCACGTTTTTGCGAAAAGGACTGTCGCAAAAACGTTACTGGAAAACCGGTAGCCATTAACGATTTCAAGCGCCTTGCGGCTGACATGTACTATAAATCATACATGGAAGAACTGCCGCCGCTTACCGGCAAAAAAGTTGCTGTAGTGGGTGCGGGTCCTGCCGGACTGTCAACAGCTTATTATCTGCGCCGTAACGGCATTGAATCAGTAGTTTATGACAAAATGCCCAAACCCGGCGGTATGTTGCGTTACGGTATTCCTGAATACCGGCTGCCCAAGGCGATCCTGGATACTGAACTGGCCCATTTCACAAAGATGGGCATCACTTTTGAGTGCAACCGCAAGCTTGGAGACAATTTGAGCATGCAGGAGCTCAAAGATAATTTTGACGCAATTGCTGTCACCATCGGCTGCTGGAAGCCTGGTTCCATGCGCTGCGAAGGCGAAGAATTTGCAGTTCAGGGAATTGAATGGCTGGAAAAAATTGCTCTGGCGGACTGGTCTGGGGACAACCCTGGCAAAGTAATCGTTGTCGGCGGCGGCAATACAGCGATGGACTGCGTACGTACTTCTGTGCGGCTGGGCAGCCCCGATGTAAACTGTTTCTATCGCCGTACAGAAGCGGAAATGCCCGCAGAGCAGATTGAAATTGACGAGGCCAGGGAAGAGGGCGTAAAGTTCAGCTTCCTCACCGCTCCGGTCAAGCTTCGTAAAGCTGCTGAAAAGCTGATAATGACCTGTATCAAAATGGAACTCGGAGAACCCGATGCCTCGGGCAGACGCCGTCCGGTGCCAATAGAAGGCAGTGAGTATGACGTTGAAGCCGACTGTGTCATTGCGGCAATCGGCCAGAAAACTGACGCTCCGACAGACCTGCGCACTAATAAGTGGGGTGATATCGACGTCTGTGAAGATACTTATCACCTCGAAGAAAATGTTTTTGCGGCTGGCGACTGTGTTACCGGTGCCGCAACAGTGGTAGAAGGTGTAGCCGGCGGCCGCAAGATAGCCCTGGGCATTGTCGATTTTCTTACTGGAAGCAAACATGAACCTGAATATCAGATTAACGTGTCCCGTGGTCACTGGCGCAGTCTGGCTGATGAGGATCTGGTATACCTCCGCTCTGATGTATCAGAAGAACCGCGGGTAGCTTTAGAGTTTATTCCGCTTGATGAGCGTAAAACAACTTTCAAGGAAGTTTGTGAAACTCTGCCCAGAGAGAAAATGATGGCTGAAGGCGAACGCTGTATCGAATGCAGCTGCACTGCGAAAGGGGATTGTAAACTGAAAAAATTCTCTGAAGAATACGCTGCCAGCCCGGAAGCAATAAAAGGCGAAAAAATAAAATCCGGCTATGACAACCGCCATCCGGTTATAATCCATGACCGCAACAAGTGTATAAAATGTGGCATTTGTGTCAAAGTCTGTAAAGAAGTGGTAAATGCCAACTTGTTAAGTGCCAAACAGCGCGGCTTCAGCACCAAAGTTGAAACTGCATTCGGTCAGCAACTGCCGATAAGCTGTAAAGACTGCGGAAAATGTATTTCCGAATGTCCGGTTGGCGCTCTTGACTGGAAGATTAAGGAATAAAAGACTTTGGTTCCGCGGGGGGCCTTGGCCCCCGGTATCCTTAGTCTGTTTATTTTTTTTGCAATTTAAAGCTTGAATTTTGGCTTAACTTGAGGTTATATAATAATGTGCAGCTTTATTATATATCTGCTGCTTTTAAGCTCAAACCCGGGAAACAGAACGGTTCATGCGATTTCAGTGTCCATTTTGCCGCGGCGTAGTTGCGGTTGACAATTCACAGCTAGGAGAGGACGTGCAGTGCGGCCATTGCGATGAGGTCGTAACGGTGCCTCGTTCCAGATTTGCCACGGGTTCGGTAATTGGCGATTTTATTATTCTTGAAGAAATTGGCCGCGGCGGCATGGGGGTGGTCTATCTGGCACACCAGATATCTCTTGACCGGCCGGCCGGTCTGAAGATTCTACAGGAAAACTATGCAAATAATCCCGAATTTGTCGTAAATTTCATCAAAGAAGCCCGTTCTGCCGCCAAACTGAATCATCCCCATATTGTTCAGGCCTATGCCGTCAATGAAGATGAAGGCGTTTTTTACTTTGCGATGGAATATATTGACGGCGAAACCATGAAAGCTGTTTTAAAGCGGGATAAAGTAATTGCCACCGACAAAGCCGTAACCATTATTCAGCAGATTGCGGAAGCCCTTGACTGCGCGTGGAAAGAACAGAAGCTCATTCACCGTGATATCAAACCCGATAACATTATGCTGACAAAAAACGGTCGGGCAAAGCTGGCTGATCTGGGGCTGTCAAAGGTTGCGGGGGACAATGAGGATGACGATGACGATGAAATAATGGGAACCCCGCAGTATATCAGCCCAGAACATCTAACGGGGGCTCCAATGGATGTTCGCAGTGACATTTACAGCCTCGGAGCAACCTTTTTTCACCTTGTAACCGGCCGGTTTCCTTACGAAGGACGAACTGCCAATGAGATTGCCCGCAAGCACCTTGAAGCGACCTTGGTCCCCCCGCATCTCGTAAATCCGAAAGTACCGGAAGCAATCAGCCATATCATTGTCAAAATGATGAAGAAAAATGTCAATGAACGCTATCAGGATGCTGAAGAACTGGTTGAAGACCTCAGAATGTTCCGTCGCGGTAAACTGCCTTCAACTTTATCGGTACCAAAAGTTTTTACGACCAGAACCCGCAGTGTTTCAAGGGCGGCGGTTACTGGCAAAGACGGTAATGCCGCCTCCAGCGAAAGTCAACCGTTTCAGCTTGAGCTGCCAACTACCACTACAGGCTCATTACGTCCTTTATATACTGCCACAACAACAACCTCAAGCGGCATGCTCTTCGCCGGAGGTGTTGATGATGAAGGCGGCGGCTCGAAAGGGAAGTTGTGGTTAATTGTTTTCATTCTGCTGCTTATTGTAGGCGGCGGCGGTTTCGCTGGCTGGTACTATATTCTGCCGATGCTGGAAAAAAAGCCTGGCGATATAATCGGCTGGGGCATTCACAGGACGGCCAGAGACGACAAACCTGAACGCACCTATATTCGGGAGCTTGACGGTATTTTGCTTTCTTTCAGC
CP071032.1_gap52	2194715	2196348	1633	AAGCAGAACTGCCACAGCCGTGGCATTGTTAATGGAATGCAAAATAATCCCGCCCCAGATGGACCGGTAGTACAAGTAGGTCATTTGGAAGGCAATCCCCAGTATAAACAGTGCCGGCAGCTGCAGCAGTGAATTATGCACCGCAGCAAACAGTCCGGCAGTGAAAACCAGCGCCGGCAGAAAACCGATATACGGGACCAGAAAAGCAAATATAAACCGCCTGAACATTAATTCCTCTGCTATTGGAGCCAGTACTGTTACTGCAAAGATCAGCATCCACAGACAAGGGCCGGAAGCATGCAGCAGCAGCTGGACAAAAATCGGCTCCTGCACCGGTATTCCGAGTTTTATGAGCAGAGCTTTGAAACTTATGGTCAATGGCGCCAGAAAGAACATCAAAGCCAGTGCTGTTACTACACTTAGAAAAATCATAGAAAAACGCCAGCGCCGCATTCTGATACCCCGGATTGTGCGCTTAAAGCCGTATTTAACTGGCAGAATGATCATTGTTGCAGTTATAAATAACAACGGCGGCAGCAAAGCGATAACAACCAGGCAGGGGCAGGACAGAGAGAGTCCCCGGCAGCCAACAGCGTAAAGCAGCGGCGGCATGATGAAAATGACAAAACAGAGAAAAACCATGCTCAGCATGAAGCCTGTGTTTAAAACGGCATTATTTTTTCTGAAACTGTTGCGCCAGATAGTCAGCATGGTGCTTTCTCACAATATTAAGTTCAAGTGGAAATTGGACCTTTATAGAATTTGAGTAAAAATAAAAAATATTAAATGTTTACTTTGGTTAAGGCTAAATATATATAAGATGCCTTAACTTGCAAATTTTACAGGCGGTTTACATAAAAAAACTCTGCATGATTGCCCACAGGACAGTCTTGCAGAGTAAAAAATTTTATTGCCCGGTATCAACCGGACATTATCTGACCTTAGTCTACCGGAGAGAAATCTTCTTTTCCGGCGCCGCATTCAGGGCAAACCCAGTCATCTGGAAGGTCTTCGAATGAAGTTCCAGGTTCGATGCCGTTTTCAGGATCTCCGATAGCGGGATCATACACGTAGCCACACAAGTCACAGACGTACTTCTTCATTTTGTAGTACTCCTTTATACTGAGTTAATAAGGTTAATTTGCTTCGAATGCGGCAATTCGCTCCAGCAGGGTCTTGCCGAGGCGCATACCACGATTGTATCCATCTTCCAACTGTTCTTTAGTCGGAACGTACTTAACGACGTAATTATCTTCGACCAGTTCAACTTTCATTTCTTCGAGTTCAGCTGCAATATTCTTGATGGATTCCCCGCTCCAGCCGTAGGAGCCGAAAGCCATGCCGATTTTATTTTTAGGCTTGAGCCCTTTGGAATAGGAAAGCACGTCAGCCATAGTCGGCAGATAATTGTTGTTAATTGTTGAGCTGCCGACAGCTATTACTCCGGCATCCTGGATTTTGGTGATTATGTTGCTGCGGTCAACATTCTGCAGGCAGGCAACTTCAGTGTCAATTCCGGCATCACGCAGCCCGTCAGCGATTGAATAGGCCATGTTTTCTGTAGAGCCCCACATGGTATCATAAAATACCAGCGCACATTTCCTGGGCGGCATAATCGACCATTCGCGGTACA
CP071032.1_gap53	2201453	2204266	2813	CAAGGATGTGCCGCACGTTTTATATGTGGAATGCACCCTCTTTTCCGGAGAAGACCATGTTACAGTAATAATTGAAGACGAACATACCAATATTACTAAGATTGAAAAAAATGGCGAAGTAATTTTTTCAGCTGAAACCGGTAATCCTGAACATGCCGGGCATGCTGAATACCTGCATCACCTGGCAAAGTGTACCCGGGTTGAGGAAATCTGGAATTTTGCTATGAGTGCCCCGTTGGAAATGATTGAATTTATCGAGATGGCTGCTGAACTGAACGAAAAAATTACTGATGCCGGCTTGAAAAATGATTACGGGCTCAAAATAGGCAGAACCATGCAGAGTAATATCGACAAGGGTGTGCTGCATGAAGATTTGATGACCGCGGTAATGCGCAATAGTTCTGCGGCCAGTGATGCCCGTATGGATGGCTGCGAACTGCCGGTTATGGCTAACTCAGGCAGTGGTAATCAGGGTATTGCCGCTACGGTTCCGGTGGTTACTACAGCTCAATTGGTAAAAGCTGACCGGGAAACTTTGTTGCGTGCCCTCATATTAAGCCATTTTACCGCCATTCACATAAAAGCTCACCTTGATCGGCTCAGTGCGCTTTGCGCAGTGATAGTGGCGGCAATGGGCTCCAGTGTGGGGATTGTTTATCTGCTGGGAGGTTCTCTGCAGCAGGCTGAATACGCAATTGAGAATATGATAGGTGATGTTGCCGGAATTATCTGTGACGGGGCCAAGGCCAGTTGTTCACTGAAAGTTTCCTCTTCCGTCAGCGCTGCGGTCAAGGCTGCTTTGCTGGCTATTGAAAATATCCGGGTTACACAGGAGCAGGGAATTGTAGAAAATGATGTCGAAAAAGTTATCAATAACCTTGGAAAGCTGGCATGTGAAGGGATGAAAAATACTGATTCAACCATATTGAAGATAATGACCAGCAAGTCAAAGTAGGTCCATCTAATGATTTTGGAAGGATGGTTGTTTAACCATCCTTTTTTTTATACTCAGGCAAATATCCGTCACTTCAGGTCTTTTTTTGAGATTAAACAATATTAGACGGATATATAACGGTTATTGATTCCGTCTTTTTTGCCGCAACGCCATTATTAAATAACCGGTAGAAAACAGCAAAAAACCGACCATGTTCAAAACTGGAAAAAGCGGTATGTTCAGACGAAAATCGGTTCTTAAAGTTAAAAATGCCACCAGGATTGATAAAACTACTAAAACAATGCCTGAGCATTGCAATCCACTGGCTAAGTCGGGTTTTTTCAAAAAATAAATGATAGAACCGCAAAGCAGCAGGAAAATTCCCAGAGTTATAACAGCCGTACTGAAAAAAACGAACATTACTCCCTCCTTGGTTGCAGTATTGCTTATATAACAACATAGCAGAAGAGCAGCCCAACGCAACTAATTTTGTCAGTTGTCGTCATGACATGCTGATTGCGGTTGATTTTACCGCGATAAGCGATATAATCAGATAATAGCTTCAAAGGTGATGGAGTTCACCTGATTAAACTGCCCGGTGTAGGCTGATGACTCCTTTTATTAAAAAGAAAGGAGTTTTTATGCGCTGATTTCAAAACTTTCCTTTTATTTTTTATTCATTAACAATAAATTAGAATAAACGCACCGGGAGAAACATTATGAAGACGGTTATTAATTCTATCCACGCAATGGAAATTCTTGATTCACGCGGAAATCCCACAGTTAGAGCCTACTGTTCACTGTCTGACGGCACCTGCTGTTCAGCTTCAGTACCTTCTGGAGCTTCAACTGGAGAAAATGAGGCCGTTGAATTACGTGACGGCGACCCAAAACGCTTTGGCGGTAAGGGAGTGTTGAAAGCGGTCGAAAACGTCAGTAGAATAATTGCTCCGGAAGTTTGCGGTATGGACCCTGCAAGACAGGTTGAGATTGACCGGCTGATGATAGCCCTTGACGGCACTGAAAATAAGTCGCGCCTTGGAGCCAATGCCATTCTTGGAGTTTCCATGGCGGTTGCCCGGGCGGCGGCAATTTCCGCCGGTATGCCTCTTTACAAATATCTTGGCGGAGCCGAGGCGGTGCGGCTGCCTGCGCCGATGATGAATATAATCAACGGTGGAAAACATGCTGATAACAGTGTTGATTTTCAGGAATATATGATTGTCCCGATGGGGGCGCCTACTTTTGCTGAAGGCCTGCGTTATAATGCTGAAACCTTTCACTGCCTTAAAGAAATTCTGCACAAACGGGGACTGGCTACCTCAGTAGGCGACGAAGGCGGTTTCGCTCCGTATTTGAGCTCCAACCAGGAAGCCTGCCAGATAATTGTTGAGGCGATAGAAGCTGCTGGCTATGCTCCCGGTGAAGATATTGGTATAGCTATGGACCCGGCGTCGACTTCATTCTGGCATGATGGTAAATATGACTTGTCTAAATCAGGTGGTGGTATTCTGACAAGTTCAGAAATGACGGACCTTTATACTGTAATGATTGCCAAGTATCCCATATTCCTGCTTGAAGATGGCCTTGCGGAAAACGACTGGGAAGGCTTTAAGGAGCATACTGCCCGACTGGGTGACAAGCTGGAAATTGTCGGTGATGATATTTATGTGACAAATACCAGGTACATCGCGCGCGGTATTCGCGAGAAAACTACTAACGCAGCTTTAATCAAGCTCAATCAAATCGGAACGGTAACTGAAACAACAGAGGCTGTCAGGATGTGCCGGGACGCCGGCTGGAAATGTCTGATTTCTCACCGCAGTGGAGAAACTGAAGACTCTTTTCTGGCAGATTTCGCGGTAGCCATGGGCAGCGG
CP071032.1_gap54	2265778	2269137	3359	ATACTTGTTCCCGCTGGTGCGGAATACTCCGATATGGCCTTCTTCAGTCACACCGATAAAGCTGTGCTTGCTGGCCGCAGTGTTTATAGCGTCAATCGCAGCCTGAACATTTCCATCAGTGGCGTTTTTAAAACCCACCGGCATGGAAAGGCCGCTGGCAAGCTGGCGATGTGTCTGGGACTCGGTAGTCCTGGCGCCGATTGCCGCCCAGCTGACCGCATCAGCAATATACTGAGGAATAATAGGATCCAGCATTTCTGTGGCGACCGGCAGGCCCAGGTCAACAATCTGCTGCAGCAGTTTGCGGGCTTGAAAAATGCCTTCCTCAATTTTGTATGAACCATTGATATCTGGATCGTAAATCAGCCCTTTCCAACCTACGGTTGTCCGCGGTTTTTCAAAATAAACCCGCATAACCAGCAAAATTTTATCTTTTACTTTTTCATTCAGTTTTGCCAGTCTTTCGGCATATTCAACAGCTGATTCAGGGTCGTGAATCGAACATGGCCCGACAATCATCATAAATTTATTGCTCTTATGATCAAGAATGTCGCAGATTTCTTTTCGGGCTTCGACAACTTTAGCAACGGCGTCAAGCGACAGCGGCAGCTCCGATTTAATTGATTTCGGAGACGGCAGCAGGGACCTGCTCAAGATGTTTATGTTGTTACTTTTAAGCATATTACGTTCCAGAAATTTGCAATTATTTACTGTATCGCTAAATATATATCTAATTCCGGTATTTACAATACTTCTTTCCCGACAAATAATTATATAATTGTGCCATCTCAAGCTGGAAGTTTAAACATATTGCTAATCTGCGGACTTTGGATATTGACAGAATTGTTGCTATATTATAAGATGAATATTGGGAATTTATTCATAGTTAACTTGGGAATATACAATGATGTCCGCTGTAAGATGCGGATTATACTGGAGATAGAACATGGCTAAAAGCTTAATCTTTCTTGCCGACGGCATGGCTGATCACAACCTGGCACAGCTCGGGGGGAAAACCCCGCTTGAAGCTGCCAGTACTCCTGCAATGGATTCAATTGCTGCGAATGGCAGCTGCGGCACTTTTTTGACTTTGCCGGAAGGGCTGCCGACTTCGTCAGATGTGGCCAATATGTCGGTGCTCGGTTTTTACCCTGAAAAAAACTACCCTGGCCGCGGTCCGATTGAAGCCGTCAGTCAGGGCGTAGACTTGGCTCCGGACGATGTCGCCTGGCGCTGCAATCTGGTCACAGTTTCTCCTGAAGGTGTTATGCAGGACTACTCTGCCGGCCATATTGACAATGCTGTATCCAGACAGCTTATCGCCGACCTTCAGCAGGAGTTCGGCTGCAGTACAGTATCATTCATACCTGGAGTCAGCTATCGCAACCTGCTGGTTCTGCATGGGGAGGAGTTTTCCGATAAAATCAAGTATCACAAACCGGACTCTTCTCATGGTATTCATATTGACGATCTGCAGTTGTCACCCGCGGACAACTCGGCTGAAGCTGCCTATACGGTTAAGTTTCTGACAGCGCTGTTTAAGAGGACTGCAGAGTTTCTGGCATCACATCCGTTAAACAGGGGCAAGAGTTCTCCGGCCTCGCATATCTGGCCGTGGAGCCCCGGGCATAAGCCTGACCTGATGCCTTTCAGTCAACGCTATAACGGAAAAACCGGTGCAATAATCAGCGCGGTGGATGTCATAAAGGGGCTAGGAAAATGTGCGGGTATGGATGTCATAGAAGTTCCGGGTGCAACCGGTTATATCGATACTAATTATGCCGGCAAGGCAGAGGCGGCGGTAAAAGCTTTGCATGATCATGACTTCGTCTATCTGCATGTTGAAGCTATTGACGAGTGTTCGCATGAAGGGAACCTGGAACTGAAGCTGCAGGCCATTGAAGATTTTGACTCTAAAATTGTTGCTCCGGTACTGGGTGCCTGCAAAAATATGGCAGTGAACTTCGCGGTTCTGCCGGATCACCCGGTACCCATTGAATTGCGCAAACACACCCGGACTCCAGTACCGGTTGCGGTTATGGGACCGGCTGCAGGCATAGACGAGATCAGAACTTACAGCGAAAATCTGGCCCCGGACGGTGCTTTAGGCTTTATGAAAGGTGACCAGCTGATGAAGTTGCTGTTGGGAATAAAGTGATGACCGGCGGCATAAACCGGAAGCATATTTATCTGGCAGGCAGTGTGATTATTGCTGCCGCCTTTATTGTTGCTGTCCGGGATGCCGTATTTCGTGATTTGTGGTTTGATGAATCACTTACCATAACAAATTTCATGCTGTTGCCGAAATTCAGCATGATTTACCACCAGTACGTAATTCCAAACAACCAGATTGTCTATACTGTTTTACTTAAATTATGGGAATTGCTGCGCGCTGGCTGGTGTGCTCCCGATTTATTCTGGAGAATGTTTTCAGTGATTTGTGCAGGCTGCAGTATCGCGGTAATGCTATGGCGATGGCGTAAGAGCGTCAGTTTCGCTGTGCTTCCAGTCCTGCTGGCTGTGCTGACTGCACCGGCTTTTGCGGTGTATGCCACGGCTGTGCGTGGTTACATGCTGAGTTTTCTACTTATTTTAATTGCCTTGGAGCTGGCCCGGTGCATGGTTCTGAAATTCAGTTGGAAATATGCTGTCGGCTTTTTCTTTTGCTGCATACTGGCTGTAGGAACAATTCCGACAAATATTCTGCCGCTAGTTGCAATCGCCATATATTTCTTTCCTTTTTTCGGTTTCGAAAGGATACTGGATAAGCGTTTTCTACTTCTGATTTTGCTGCCTGCGGGAGCTTTGCTGTTTTTTTACCTGCCGCTGCTGCCACAGGTTATTAATATTCTGCAGCTGCGTGAGGGCTGGAGTGATCAACAGCAGGCGGTAGTTATGACTTATGCCGGCTTTTTGCTGCCGCTGCTGCCTGTGGTTGTTGCGGCTGCTGCTGGAGGTATTATTTGGGCCCGGAAGACCTCAAAATATATTTTCTGCTGGCGGTTTTTGATTTTTCTGCTGCCGCTGTTGACAATAATATTAATTCAACCAGCCCCTTTTCCGAGAGTATTTTTCAGCATCTGGCCCCTATGGCTGTTGCTGACGGCAGACGGCTGTCGGCATCTGCTGCCATTTTTTCGCAGAAAGCGCCTGGCTCTGGCTGGTACCGTCGGTTTATGTATAATAGGGGCCCTTTGTGGGAAAGCGGTTCAGACACAAAGCTGTAGAATTTCAGCTCTTGCAGCCCGGTCTCGTCTTGACGACTACTTCTGTCCCTACTACATGCGACCTGGCTACCGTCCCTGGACTACGGTCTTGAGACTGCAGCGGCTGTTTAAGGAGACCCGCCACAAACAAAA
CP071032.1_gap55	2316046	2319872	3826	GCAGCAGCAGCAGCAGGGCCTGTACGGTACAGATTATTGCAACTTTAAGGGTCCCCCAGAGTATCGGCAATACACTCAAGCCGATAATAAGCGCCAGTAAATGTACCATCTGGACTGCTCTTCTGCGAGTCATGCCCATTTTGACAAAGCGATGGGAAATATGATTGTGGTCACCTATATAAACCGGTTTGCCTTTGCGGATCCTGATGACAACAACTGCCAGAGTGTCGAATAACGGAACAGCCAGGATGAACACAGGAACCAGTACCGGTAACCTGGTCACGGAGTCAGTTTGCGAAAAGTAGGTGACGCTTGAACTGAGTGCTGCTGCCAGATAGCCCAATAGATGGCTGCCTGAATCACCCATGAAAATAGAAGCCGGAGTTCTGTTGTAAAACCAGAAACCAAACCCAACGCCGCAGGAGACAGCCCCGAGAGCAGCAATAAAATACTGCTGATTAATCACCGCAACCGCGGTAAACAGGCCCATGGCAATGGTAACAGTCCCGACTGCCAGTCCGTCCATATTGTCGAAAAAATTAATCGCGTTCATCAGCAGCATAAACCAGAAAATAGAAATCGAGCAGACAATTATCGGATTTGTAAAAAATACGCTGATATGAATACCGCCGAAAATTACCGCTGTTGCCGCAACAATAAACTGTCCGGCAAACTTAAACTTGGCTGGCATGCCGAACTTATCATCAACAAGTCCCAGGACCGTTGCCATTACAGCACCCAGGCAGATGAACAGCAGTCTTCCGGAAACCAGTTTAATTCCAGAGAGATTTTCTGCCAGCTGAGGAGAGACTTTGGCCGGATTGAAAAATTTTATCAGCAGCATGCCGCCAACTATAGTCAACAGCCAGGCACTCAGCATGGACGCCCCTCCCAGCAGGGGAGTGGCTATGCCGTGCCCCTTATGGGCTTCGCCTCTGGGGCGATCCATCAAATCAGTGACTACCGCCAGTTTTATAAAGACGGGAGTAAAACCCAAAGAAAGAATTAAGCCGGTAAGAAAAGTAAACAGATAAAGGTGCTGCCAGCCGATTGTCATCAAACATTCCTTTAAATAAATATAAACATATTGAAAATCATACTACTAATAAGTACTTTATTTACCTGATTATTATAGCATATGAAACAGCAATTTGAAAGCATTTTAAATATGAAGAAAAAATATTTATTTGGCCCCGTGGCTTCAAGGCGTCTGGGAATATCTCTAGGCATAGACCTGGTGCCTTTTAAAACCTGTTCGCTTAATTGTGTATACTGCGAATCCGGAGCGACCACCATGCTGGATACCGAGCGCAGGGAGTTTGTTCCGGTCGATGCAGTAATATCGCAGCTTGATGAATTTCTCAAGGCTTCTCCCAGGGTTGATTACCTGACTTTCTCCGGGGCAGGAGAGCCGACACTCAATTCAGGAATAGGTAAAGTTGTGGATTTTGTCAAGGATAAATACCCTGATTATAAATTATGTCTGTTGACCAATGCCACCCTGTTCAATGATCCACAGGTGCTGCAGGAGATCAAACGAGTTGACCTTTGCATACCATCTCTGGACGCTTCAAATGCCGAAGAATTTGCCCGAATCAACCGTCCGGCTCAACAGGTTGACTTTAATAAGTTCATTGACGGATTGACGGGTTACTGTCACCATACTGATTCTGAAGTCTGGCTGGAACTGTTTATCGTTCCGGGTATTAATGATTCCGATGCCTCAATCCGTCGTTTTGTCGACATTATTAAATCGGCTGCTCCGGACAAGGTGCAGCTCAATACGCTGGATCGCCCCGGGGCAGTTGACTGGATTAAGCCTTCGACAGCTGAAAATACTATGCGTTTCGTCCGGGCTTTAGAGCCTTTTGCTCCGGTCGAGGCAGTAGGACCGTTCAAGTATAAATGTCTGGCTTTGCGCCGAAAGATAACACTTGGTGAACTTGATCATCAGATTATAGAGCTGATCGGGCGGAGGCCATCCACCGTGGAAGACATGGTTGAGGCCTTCGGTCTGAAGGCTGATACTATAAAAGAACGCCTTGATGCCCTTGTCGCTGCCGGTAAAATCAATTCCGAGCGCAGCCGTCGCGGTGATTTTTACAGCCTGCCCGGATAATTTACGGGCAATTACTTTAAGAGGAGAAAATATTATGCGAGTCAGTGTAATCTGTACTGGAACTGAACTGCTTAAGGGTACAACTGTAAATACAAATCTTGCGGTTATCGGCGATGCCCTCAGTTGCATAGGAATTGTCTTATCAGCCGCATTCAACTGCGGGGACGACCTTGAGGCTTTAAAAAAAGCGCTTGTTACTGCGGCTGCGGATTCTGATATCATTATTACTTCCGGAGGACTGGGCCCGACAAAGGACGACCTGACTAAAACCGCAATTTGTGAGGTGCTGGGCTTAAAAATGCATCGTGATCAGAGTATCAGCGCCAATCTTGCCGCATACTGGCAGGGAAAAGGGCGCAGCTCCGGGCTGGACGAACAGCTGCTGCAGGCTGATGTGCCGGAAAACTCAGAAGCTCTGAATAATATTGTCGGTACCGCACCCGGCCTGTGGGTAAGCGGCAGGCTTGATGACCGTGATATTATAGTAGCCGCTCTACCGGGCCCTCCCGCGGAGTTAATTCCGATGTTGAATAATCAGGTTGTACCCAAAATACGCGCTTTGTGCTCTGCAGACACATTCACCAGAAGCTTTATGGTGGCAGGGGCAGCTGAATTGCTGGTACAGCAGGAAATAGAGCCAGTTGTGGCAAGTGAACCGCTTGAAACTGCATATTGCGCTTCAGTTGAAGGTGTGAGGGTATTCATCTCCGGCAGCGATAAAAAGCTGGTTGATGAGAAATATACAACAGCTAAAAAGCTTTTTGGCAACAAGGTGTTGATAGATGATTTGCTGTCACTGCCACAGGATATTTCGCGTCTGTTGAGGCAGCGCGGCATGACCTTTGGCACCGCAGAATCCTGTACCGGGGGAATGATTGGAGCCGCACTTACTGATTTACCCGGATCTTCGGATATTTTTATGGGAGGCATAATTTCCTATGCGAATGAGATTAAGCATCATCTGCTGGGAGTATCGCAGGAAATACTGGATTCCAAAGGCGCTGTCAGCCGTGAGTGCGCTGAAGCCATGGTGCGTGGAGCCACCAGAGTTCTGGGTACAGATACCGCAGTTGCCGTTACCGGTATTGCCGGCCCTGGCGGCGGTACTGACTTAAAACCTGTAGGGCTGGTATTTATTGCGACAAAAGTTAATGATCAGGTATTGGTTACGGAAAATCATTTTAAAGGAGACCGGGCGGCGGTAAGAAAAAGGACCTGTGCAGCGGCTTTGTTACAGCTCAGGGAACTGCTGCTTGAAAAGTAAACTATAGTCTGTCAGTTTCAACAGTTTATGTTTTTTTCAGCCGGGGGCAGTGTTGCCCCCGCATCACATGGCAGATAAATTCTGTTGAGGTCAAGTGTGATATTCTGCGTTTATTTTAACGTATTCGTATGAGATGTCACAAGTCCATATCCAGTATCCGGCGCTTCCGGCGTTCATATTAACGTTTACTTTAAAATCAGACTTCTTCAGCACTTCAGCCAGTTCTTCTTCCGGGGTGCCTGCATCTCCGCCTTTGCTGACAACCGGCATATCATCGTAACATACATCAACCAGGTCCGGGTCAAATTTAACGCCGGAGTAACCCAGCGCGGCAACCAGTCTACCCCAGTTCGGGTCATTGCCGAACCAGGCGGTTTTGCAGAGCAATGAATTGCCGATTGCCTCCGCCAGGCATCTGGCATCGGCTTCAGTGGCGGCATTGC
CP071032.1_gap56	2341126	2341844	718	AACAGGTATAAAACTACAACGTTGCTCGTTACCAATATAACTATTTAAGCTTTTTGAAGCAAACTGTTTAATGAAGAAATAGCTAATGCGAGTCTTTGCTAGTCAATTAGTTTTTGTGTTATAGTCCTTCTAAATAGGCCAGATAGTTTAAAACCCAAAAGAAAGTTGAAATTTTTTTATGTTTTCAGTGTATTATTTTTTATAAAAAATTAACAAATTTCTTCATGAAGCACTTTTGGGATACTTGAATTATATTGATATTGTTATTATACTAATAGTTAGCAGTATAAATATTTTGTTATAAAATACTTAAAGTAAATATACGTTTTTCCCGGTGAGCATATGTGGAGAAGAAAAATGAAAACATTCTTTACAGTTGCAGCTTTATTCTTAATGTCGACCTTGATGTTAGCGCATGAAATCGAAATAATTGCCAAGACTCCAAGAATCTTAATCTCGCCTTCAATTGCTGAAAATGGTAAAAGCTTTGCTTATGTTGGGATTGATGAAAAGACTGGGACCCAAGCAATCTTTATATCCTACCTTAAAAACGATGGAGCTTTTTCGAAACCGAATGTTGTAGTTACTACAAGAAGTACTATAGAACAACTTCACACTAGGTTTCGTCACTTTCAACCCAATTATGCACCATTTTCTGCTGAAGAGTTTCGCGCCAAGAAGGGACTTGACTCACCTATAGTACAAAATGACATCATCA
CP071032.1_gap57	2374713	2376130	1417	GTCATTACTGCCGCAGCTGTTTATCTGTTTGGGCGCAATATTGAAACGGATCAGTCATATGGTATCAGGGTGGCAGCCCCGGTTGTGACCGCTTTTATATGTGCTCTGGCAATTTCACCATTTGCTTCGGCTTATCCAGATGGGCTGGAATATGTTGCGCAGCGTTTAAATTTCCTTCGGGAATCCGCTCCGGCGTTTGTTTCCCCGTTTTCGGACTATCTGGTTCCGGCATTGGGAGAAAGCTCTCTTTCAACCGGGCTTTCCGGAGTTATCGGAGTGGTTATTTCACTTGCCGGGGCAATAGTTCTCGGTTCTTTAATTACAGCTGGCAGCAGACTGTTGACAACTGAATAAACGTTGAATTATTTCGGGGTGGTAATTGAGAAATGCTTGCAAACTTATTGCAATAGCAGCGCTAATCCTTGCGTGTGCTGATATTGCCATGGCTCAACAGAATAGTTTTTATAAAGGTTACCGCCAGCGTTATCGCCATTATCGCAGGACTCAGGGCAATAATCTTTTTGGAGTTTACTGGCGTGATGCCACCTGGGATCAGTATATCTATCTGCTGCCGGCCCATGTTGGTGCCACAGTTTTTATTGCGGCCGGCAATCTGGTCGGGTGGCCCTGCAAGGCGGTTTACAACACTTGTCGTGGAGACTTTACTCTGGACAATTTTTTGCCTCCGGTGCAGTTTGCAAACAAGTACTTTGCACCGGCTGGAGGTTATCTTTTAGGCGGTCCCTTCTGGGTTTTGAAAAAAGGGCTGATAGATGGTCCGGTCTGGGTTTATGATTCAATTTTTGACAGACCAGAACCGGTTGATCTACATCAGGTGGCGGTTTCTGAAGGCTGAAGTGAAGGTTTTTCCTTGCATTCCACAGCTTTACAAGCTAAAGTTTTATCAAGCGCTGCAGCGTTTGTTTTTTACTTTTATGTAAAGATATGATTGTGAGGAGTATAATGGACACTATCCAAGAGGTCGTAGCCAACTTTTCGACGTTTTCGGGGTCCGCCTTGAAAAGCCGCAGTTTTGAAATCTCTTTTCCTGACCTTCGCTCTCTGGTTGAAAGTAGAGGCAGAAAGCTCCTGAAGCTTGGTCTTAACTCAACAGACCGGGTTTTACTGCTTGCCAGCAATTCCCCTGAATGGTTTATCTGGTCGCTGGCAATTAACTGGGCAGGGCTGGTAGATGTCCCACGCGGCGAATATACTACCAGCAGTGAAGTGGAATTCATTGCAGTTCACAGCGGAGCTACAGCTGTGGTAGTTCAAAACCGGCATTACTTGAACTTGATTACTGATGATGTTCGAAGCCGGCTTGAGCATATTATCGGCATGCGACCCCTTAAAGGAACCATCGACCTGGATTCCATGCCTGAGTCCGATCGTATTCCGGCGCCGGCTCCGCCCAGGG
CP071032.1_gap58	2378784	2382564	3780	TCTGCAGCGGCTCTGTGGCATAGCAACTACATCGGCTGCTTATGCTGCAGCTTTAAAGGACTCTTCAACTGAGGTGCTTGATACCCGTAAAACTACCCCTGGCTGGCGCAATCTTGAAAAATACGCGGTTGCGGTTGGCGGGGCTTCAAACCACCGTATTGGACTTTATGACCGGGTAATGATCAAAGATAATCATCGTGAACTGGCTGGGCTGGAAGGCAAAAACGGTATTATAAGGTCAGTAAGGCGTGCCCGGGAAACATACCCAACTCTCGAAGTTGAAGTTGAAGCAGATACTCTGGAGGAAGTAAAAGACGCAGTTGAGGCCGGAGCTGAACATATCCTGCTTGATAATATGACGGATGCCGAAATGGCCGATGCTGTAAGGATTAATCAGGGAAAAAGCAAACTTGAAGCCAGTGGCGGCATAACAATTGAACGGTTACCGGTAATCGGCAGGCTCGGTGTTGATTTTGTTTCGGTAGGGGCTCTGACTCATTCTGTAAAAGCCAGCGATATTTCAATGGAAATCAAACTGGACAAGCAGTAGATACCGGCTGAAAAGCACTGATGAGGCCCGAAAGAGGGTAAGGACAGCAAAAATAAAATTAAAGCAATAAACCAAACCTTGGAGAAATAAAGAATTATGATAGCCAGACTGACAGGAACCTTGATAGAACCGAATTTTACTGCTTGTATCATTGATGTAAATGGTGTTGGCTATCAGGTTTTTATTCCGGTCAGTACTTTTGACGGACTTCCGAGAGAGGGAGAGCAGGTAAGCCTGATTATCCACACCCAGGTGCGTGAAGATGCCATAACCCTGTATGGATTTTCAACCTCGGATGAAAAGCGGTTGTTTGAACTGCTGATATCTGTGTCCGGAGTCGGCGCGAAACTGGCTTTAAGTATTCTTTCCAGCATGTCAGTCACCAGCTTCTGCAACGCGATCTGTAATTCCGACTTGAATGTCATCAAAAAAATAAGTGGTATCGGCAAGCGTACTGCCGAGCGCCTGATCGTCGAACTCAAAGATAAAGTCGCGAAATTCACCCCGGTCATCTCTTCGGATACCGTTCCGGACGCAAAGGCCTCCGCTGCCGAAGACGCCATCATGGCGCTGGAACAGCTTGGTTTTAAGCGCGACAGCATCAGCAAAGTGCTTGAAAAGATTATCAACGAAACACCGCTGGAGGAATCCTCCAGTGAAAACTTTATCAGAAAGGCATTGCAGGCCTTGAATTCTTAAAATAAGGCATCGAGATCGTGAAATATTTTAAGGTTGTAGTCTGGGGGGATTCAATACCGGCCGGCGGACCTGGCTCCTGGCCGGAGATTACCGAACACATTCATAACAATTTTCTGAATACCGGGACACGAATTAAAGTAGTAAACTCCAGTATTGACGGCAAGCCGGCTGCAGCGGCCCGGGATGAATTTGCTGAATGCGTGCTCGAACATGATCCACAGCTGGTTTTTATCCAGTTTGGTCTTAGCGACATGTGCTATGACGGCCGGCGCGGCAGCAGGCCGGTAAGTACTCCTAAAGAGTTTAAGGCTCACCTGAAGGAAATGATTGTGCGCTGCAAAGGTATTCCGGCCAAGGTCATTATTTTCGGCAATCACCAGCCGGCTCCAGTGTTCATCCTTCCCGATGGTAAAACTTATCCGGAAAAAGTAATGGAATACAACGCAGCGGCCAGAAAAGCGGCCCAGGAATGCAATGTGGAGTTTCATGATATGTCGCAGCTGGACATCCCTGGCGGAACCTGGCGTGATCTGGTGGGCGATGATTATATCAAACTTTCGGAGCTCGGTAGAAACCTGTATGGGAACAAGGCGGCAACTCTGATAATGAGACATATTAATAATATGTGAAGCAGCCGGCATTGCCGCGCCCGCTGCAATATAATTATGTAGGAAGATATACCATGAAAACCAAAATTATTGCGACAGTCGGGCCGGCATGTGAATCTGCTGCCATGATTGAGAAAATGATTAAAGCCGGTGTCAATGTCTTCAGACTGAACTTTTCCTTCGGCACCCATGAAGAACATCGTGCCAAATTTAATCGGATACGCAAAACCGCCCGTAAGCTTAAAACTGCAATTGCTATAATGCAGGACCTGCAAGGGCCTAAAATCCGGGTAGGCAAGCTTGAAAAACCGGTAACTGTAAAGTCCGGATCGACTTTAACCCTGACTGGCAAAAGTGAGCATGTCCAGGAATATGAGCTTCCTACAACTTACCCGGGCATTGCCGATGATACCGCTGCAGGCAAGCGTATTCTGATGATGGATGGTCAGATTGTACTTAAAGTCAAGAGGGTGGTGCCGGATAAAAAGCAGGTCATCTGCCAGGTTGAATCCGGGGGTACCATTCAAACCGGTAAGGGCATAAACTTGCCATATACCAAGATCGCGATGCCGGCTTTGACCGAGAAAGACCGGGCCGATGCGGTTTTTGGTGCTGAGCTCGGGGTTGACTATATGGCATTGTCATTCGTGCGCAGCGGCAAAGACTTGCGGGACCTGAAGCGCTTGTTGAAAAAGCAGGAAAAAGCCGGGATACCCGTTATAGCCAAGCTTGAGAAGCCTGAAGCCCTGGATAATCTCGAGGAAATTCTTGATGTTGCAGACGGTGTCATGGTTGCCCGCGGTGACCTGGCAGACGAAATTTCCTTTGCTAAAGTTCCTGTTGCTCAGAAACGTATAATCAGTCGGGCTAACTCCAAGGGCAAACTGACCATTGTCGCGACTGAAATGTTGAGCTCCATGGTTCACAACCCGCTTCCGACCAGAGCAGAAGTCAGCGATGTCGCCAACAGTATCCTTGACGGTACGGATTTAATTATGCTGTCCAATGAGACTGCGGTCGGATACAATCCGCCTAACGCGGTAAAAGCCATGCGCAATATTGCCGATGAGGCTGAGCAGATTGCGGTAACAGAACAATATTTGATGGATATTGCTTTGAATCATAACCTTGAAGTCAGTCATGCCATGTGTCTGGCGGCGTCAATGTTGTCTCACGAACTTAATGAAGAAGCGGTTGCCGTAATTACTACAGACGGGGAAAATGCCAGGATACTGGCAAAGTATCGACCGGAATGTAAAATTTTTGCGGCCACACATGTGAAAGAAACATATTACAGGATGGCGGCGTTTAATAATGTCACCCCGCTGCTGCTTGACGGACCGCAGCCAAAGAAGCAGCAGGATGCCCACAAGTCGCTTGAAATACTGGGTAAACTGTTGATTGAGCTTAAGGTTGTCAGGCCGGGTCAGCGCTTTATTTGCCTTACCGGCATCAGTGCAGATGATGAGAGCTGGCGACTGAACTCGTTGCATACCGTGGAGATACCACGTAAGAAACAGTTGCCGGAAGCCATTAATTAAAGCTGATTGCGCACTGCATGAAAACAAATTTTTTAAAAAATATCTATAAGCCCTTGCAGGGGTGGAAAGTCAAGGTATATTATACGCTCTTTGTGCAGTAGTAGCTCTGTGCACAGATAATTTTTTAATTTTGTGATGTAAAACGAACCGGTTTAAAGAAAAAAATCTTCTCAAGCGGCTGCATCTGAGAGTTGGTTCGTTATTAAATGATAATAAACACAAACTGCAAAATAAGTTTTAACAAGAGGTTTAAAAAGTTATGGCAGTAAGACTTAGGCTTAAAAGAACCGGTGCCAGAAACAACAGTTGCTTCCGTGTTGTAGCCATGGACAAGCGTTCTGCAAGAGACGGTAGAGCAATTGAGGAACTCGGGTTCTACGAT
CP071032.1_gap59	2384358	2386428	2070	GGTGGTATTCCCGAGAACTGCTGAGATTCCTGTCGTGAACGATTCCAAGCAGCTGACTGAGGAAAAGCGCTTTGCGCTTCGCGATGCGGTGATGAGGGTGCCTGAAGTGCAGTATGCAATTGCAGTAGTCGATGCGGCTACTATTGATAAAATCAATATTCTGCAGGCAACCCACCTTGCAATGCGTCAGGCGGTTGAGAAACTTGAAAATGTGGATTTCATACTGGTGGACGGTCGTCCGGTACCCGGTTTGCCCTGTCCTAGTCAGGCTGTTGTAAAAGGAGATTCAAAGTCAGCAAGCATTGCTGCCGCCAGTATTCTGGCAAAAGTACACCGCGATGAACTGATGGGTATTTACGCGGAACAGTTTCCAGAGTATGGTTTTGCTGATCACAAGGGTTATGGCACTGCCGGGCATTTAAAGGCTTTAAAAGAGCACGGAGTCAGTCCGGTTCACCGCAGGACGTTCGCACCGGTAAGGGACATTATTGAGCCGCCGCCGGAGCAGTTAACTTTTTTTTGAAGGAACGGATGTTCTGAGTAAATTCAGTGCGGAATGCGGCTTGCTGGGATTTGGTCGTGCTATTTGATAGTGATCACGGGCTATTGCAGCTTGTAAACTGGTGATCAGGTTTTATTATATAAAAATTTAATGAATAATAACATAAATATTTTTTGGTTGAAATCATGAGTAATTTCCCGATTGAAACAATCAGACACAGTGCCGCTCACATTATGGCAGCGGCAGTTAAAAAACTCTTTCCCGATGCCAGGTTTGACATAGGCCCGTCTACTGACGATGGCTTTTATTACGACTTTGACCTGGAGCATCGCTTGACGCCGGAAGATCTGAAGAAGATTGAAAAGGCCATGAAGAAAATGATCGGGCAGAAGCTTGAGTTTGAAGAATTTGAACTTACTCGTGAAGAAGCCGAACATATGCTCAAAGGCGACAACCAGACTTTTAAGCTGGAGCGGCTCAGTGATATTCCGGAAGGAGACCGTATCACTTTTTACCGTTGCGGTGATTTTTCCGACCTGTGCCGCGGTCCGCATGTTGACCATGCCGGACAAATCGGCGCGGTTAAACTATTGAATGTCGCCGGCTCATATTTTAAGGGGCATGAGCAGAACCCGATGCTGCAGCGTATCTACGGTACTGCCTTTGCGAGTAAAGAAGAACTGAAAAAGTATCTTGAACAGATAGAAGAAGCTAAAAAGCGTGACCATCGTAAACTGGGAAAGGAACTGGACTTGTTCAGCTTTTCTGAGAATGTCGGTCCAGGTCTGGTGCTGTGGCACCCTAAAGGCGCTTTTATCCGCAATCAGTTTGAGAGCTTCTGGCGTGATGAGCATTACCGCAACGGTTATGATCAGTTGTTTACTCCGCATATCGGCCGCAGTGACCTCTGGAAAACCAGCGGGCATCTTGATTTTTATGCGGACGCCATGTATGCCCCGATGGAAATTGACAATGTCGATTATTATAACAAACCTATGAATTGTCCTTTTCATATTGAAATTTACAAGTCCAAACTGCGCTCCTATCGTGAACTGCCGCTGCGCTGGGCCGAGCTTGGGACTGTTTACCGCTATGAAAAAAGCGGTGTGCTGCATGGGCTGCTGCGGGTCAGGGGCTTTACTCAGGATGATGCGCATATTATTTGTACTCCGGAGCAGATTGAAGATGAAATCGCGGAAGTTCTGCGGTTCAGCCTGAGTATATGGAAAGCTTTTGGCTTTACTGAAATCAAGCCATATCTGGCTACTCGCCCGGAAAAAGCTGTTGGTGACCCGGAGCGCTGGGAAAAAGCGTTGACTTCACTTGAAAAAGCTGTTGAAAAAGCCGGACTGGACTGCGAACTTGATGAAGGCGGCGGTGCTTTTTACGGTCCTAAGATTGACTTGAAAGTGAAAGACGCAATTGGCCGTGAATGGCAGACTACCACAATTCAGTTTGATTTTAATCTGCCTGAACGCTTCGATATGAACTATATTGGTGAGGACGGGCAGCGACACCGGCCGTTTATGGTACACCGGGCACTTTTCGGTTCTTTGGAACGTTTCTTC
CP071032.1_gap60	2415298	2417195	1897	CTGCTATGCCGCTTACCCACATGACCAGCAGAACAACGGCCAGCACATTCCAGCCCTCTGTCAAAGTCAGCAGCGAGCCGAACTTCTTCATCAGCCCGGCATATTCCGCACCGCTGACTACCGCAAACAGCCCCATGAAAAAAAACAGGGTATTCCACTCTATTTTTTCCAGGGCGTGATCGACGTCCACTTTGCAGACCAGCAGACCGAGCGCCGCACCGGACATGGCTATCACGCATGGTTGGATATGCAGGGTACCATGAATAAGGAAGCCGATGATCGTGATGATCATGACGATACCGCCGCGCCGCATATTGCTGTGATCGGTGATGGCGGCTTTTTCGTCAAGTTCCATGATGCGGGCGCGCTGTTCGACGGTGACGCTCATGCGTTTTGAATAATAAAACTTCAAACAAACACAGTAGATTGCCAGAATCAGCAGAATAAAGGGCGACAGGTTGATTAGAAAAGCCGCAAAATCCAGGCGGGCTACAGAGCCGATAATCAAGTTCGGAGGATCACCGATCAAGGTAGCCGTTCCGCCAATGTTTGAAGCCATGGTTTCAGCCATCAGAAACGGAATTGCCGGAACCCCAAGTTCGGCGGCAACCAGCAGTGTAACCGGAGCAATAAGCAGAACTGTAGTGACATTGTCCAGAAATGCCGACAGTAAGGCTGTGGCAACAACCAGCAGTATCATCGTGCGGATTGGCGAGCCTCTGGCTATTTTGGCACTCATAATGGCAATATATTGAAAAATACCGGTACCGCTTAGAATATTGACCAGCAGCATCATGCCGGCAAGGGTGAAGATTACGTCAAAATTAATGTAACGTGCGAAAACGTCTAAATTTTCATATTTGCCGGAATTTTCGACATGCCGGGTCAAGGCCTCCCGGGCGTTCAGGCTTTTTTCAATGATTCGACTGACAGAAACAGCGGCTTTATCCTTACTGCCTGCTGCCTCGTGAACCGGGCCTTGAAGTACTACCAGCATCATCAGTCCGGCTCCGAGCAGAGCAGCAGTGGTTTTGTGTACTTTTTCGGATGCAATGATAATATACGTGCCGAAAAATACTATTGTTGCGAACCAGAATGTAAACATCTGTTAACCTCGGAGAATCTTATGAATGATGCTGTTGATCGAGATTGCCCCGAGCAGTTTGCTGTCCTTATCCGCGACAAAAATAGTCGCGGCCTCTCGTTTGGCTATGGTAACTGTGAATTGGATCAGCGGAGTTTCAGGTGTGATTACCGCTGTTGGCGGGGTCATGTAGTCCCGGACATATCTGGCTTTTTCTTCCTGAAAGATTTTATCAAACATTTCAAATGTCGAGACAAATTTAAGGTTGTCCATCATCATCAGATAATCTGGTACAAATGATCGCAGAACATCGGTGGCGTCAAGCTGCCCGATAATTCTATTTTCAGTATCAAGCACCGGAAGAACATTCTTTGACTGGGTGTGCATAACGTCAAGGACTGCGGATAGACAGTCATCGGCTTTGACATGCGGGTAATCCGCCTTCATTACGTCTTCAGCAGTAATATCCTTTTTTATTGCAGTATCGCCAAGCGTCTGCATGACGTCTTCCGGGGTTGCAGCACCGGCAAGGGTTTGAATATTACCAGGGATGGCGCAAAAGCGGGTGAATGCAGCCAGGGATTTCAGGTAAATGTCTGAAGTTTTATCCGAAATCAGGGACATGATTATAACTTGAGTCGGTGCCAGGTCATTCTTTTTGAGTTTTACCGGCGTTTTCAAGAGGCCGATTATAACATGCAGGTCCTTCAATTTTGCGTTGCGCAGGTGCGGGATGGCCATGCCTTCATAGGGAATCATGGTTAGATCTTCGCGTTCAATAAGGTTGGCTTGCAGTGTGTCAATGTTTTCCGG
CP071032.1_gap61	2419164	2420087	923	CGACTCGTGAAGGCGTAATGACTACTTCGAGTGGTCTGCAGTATGAGGTCATTTCAGAAGGAGAAGGACAGAGTCCCTCCGATAAGGATAAAGTCAAAGTCCATTATACCGGTAGTTTAATAGACGGTACTGTTTTTGACAGTTCCGTACAGCGTGGTGTGCCGGCTGAATTTGGTGTCAACCAGGTTATCAAAGGCTGGACTGAAGCCCTGCAGATTATGAAGCCGGGCAGCAAATACAAATTATACATTCCTTCTGAGCTGGCTTATGGCGAACGCGGCGCCGGACAGCATATCAAACCTGGTTCAACTCTGATTTTTGAAGTTGAGCTGCTGGAAATTTTATAAAGTAAATTTTATTTTTTCAAGCCGTCCGGAAAGCTTTCCGGCGGCTTGATTTTTTATATAGACAGAATATTTTATTTCTGGAGCAGTTTTTGTTCTGCTTTTTAATTGTACGAAAGGAGTTGCAATATGGGTAAAATTTCTGTTAAAAAATTGAGTGTCCATGAACTGCAGGAAAAAGATATTGCCAGCTGGCCAATATGGGAAAAAGAAGCTTCTGTTTTTCCATGGCACTATGACCGTTCTGAAGCCTGCTATGTTCTGCAGGGCAGAGTTACAGTAACCCCTGAAGGTGGTGAACCTGTTACTTTTGGTTCCGGTGACTTTGTAGAATTTCCACAGGGCATGGACTGCACCTGGGAGATTCACGAGGATGTCCAGAAGCATTATTCTTTCAGCTGAAACGGCTGTTGATTTCAGTTGAGCTGAATTAAACTTTACGCAAATGGAGGGAGAGTAATATTTAATTTTTTAATAAGCAGATTTGCTTAAAGGGTAGTTTTGTAAATGGATATGGCAAAAAAACAATATTGGGGACAACTGGAGGGGGCATCTTCTGTTGTGCTCAATCTGCTGTTG
CP071032.1_gap62	2425890	2430052	4162	CAGGAGGGAATGGGAGATCTGGTTCAGGCGGCGGCGTATTATTCAAGATGCCTTGCTGTAGCGCCTTATGACAGCCGTGCCCTGAATGCTATGGGAGTATTGATGATCAGGGTCAGAAAATTTGAAGATGCGGTGAAGTATCTGAACAGTGCGGTTCTGGTAAGCCCGGATAAACCGGGAGTAAGGCTTAATCTGGTTGTGGCGCTGCTGAAATTAAACCGTAAATATGATGCCTGGAAGCACCTCAATGTTATCCTCAGAGAACACCCGGAAAATAAAAACGCGCTGCTTCTGAAAAAAATGATCCGTGAAGAAGAAACTCAGCTTGACTGAGTTTCAATTAGTTCGACAGCATGGTTTTCAGCGGCTTTGCCGCCGCCCAGCATTCTGGATATTTCAGTTATTCTTTTCTGGTTGTTCAATAGTTTTATTGAAGATATAGTTCGGCCGGAGTCGACTTTTTTAGAAACTGTATAATGCTGTTGACCGCAGGCTGCCACCTGAGCCAGATGCGAAATACACAGCACCTGACGTCCGGCAGCCAGACCTCGCAGCTCACGCCCGACCTGTTTGGCGGTTTCCCCGCCGATGTTGACGTCAATTTCGTCAAAAATCAAGACCGGAATTGCGTCGGCATTGGCCAGGACGGTTTTCAAGGCCAGCATTACTCGGGAAATTTCTCCGCTGCTGGCGATATTGCGCAGTGGCTGCATCTGTTCTCCAGGATTAGCGCAAAACATGATTTCCACACGGTCCATGCCGCGTTCTCCTGGTTCAATTTCAGTGAAATCAATTTCCAGCTTGGATTGCAGAAACCCAAGCAGGCGGAGTTTTTCCATTGCCAGCTGCGAAAAATTTTTCGCAGCTTCATGCCGTTTGATACTTAATTCCTTCGCCTGTTTTTCAAGTTTTTTCAACAGTTGCTGTTCTTCTGAAGCAAATTTTTCTCTAAGCTCGGCGGCATCATGGTGAATCAGCAGCCGCTGGCTTGCTCTTTCGAGTTCATCTAGAACGTTTTCCATTGAGGGGCCGTAACGGCGTTTAAGCGTCTGCAGTTCACTCAAGCGGCTTTCAAGTTCTATAAAAGCCTCTTCATCAAGTTCAACTGACGATGTGTAATTTTCAATATCAAAAGCCAGTTCCCGCATATTTTCCACTAAATGGTCACAGGCTTCAAGCATAGCGGCAGTATTGGCTGGGTCTATGCCGTTTAATTCCTGCAGGTCGCGGTAAACTCCGCCGAGCTGGTCAATCAAGGAATTCTCGGATTGACTTAACTGCATTACCGAACTTGAGGCAAGCTGTAGAACGGTTTTTGAATTTGCCGCCACGGCGTGCTTTGCGGTAAGAGCTTCCTCTTCACCAGGCTGCGGGGCTACTTTTTCAATCTCATCTACAATCATCTGCAGGTGCTCAGCTTCAACCGATGACGGCATATCAGAAAAGACTTCGTCACGTTTGCGACGCAACTCTGTCAGCAGACGGCAGGTTTCAGAGCAGGCTTTCAGTTCATTGTTCAGGCCGGCATAACGGTCCAGAAGTTCCAGCTGCCGGGTGCGGCTGAGCAAGCTTTGATGCTCATTGGCAGCATGGACATCTATCAGGTAGTCACCGATATTTTTAAGGGTCTGCAGCGTGACCGGGGTGTCGTTTATAAAGTTGCGGTTCTGGCTTCTGGTGATAACCCGGCGCAGCTGGATTTCAGGAAAATCTCTCTCCAGTGGAATATCAGCGTGTTGCAGTACCGGTTCAATAATATCGATTGTGCCGGGGGACAACGCAATGCCTGCAGCCAGTTCACAGCGTGAGGCTCCATTACGGATTACGCCTTTGTCGGCCCGGGATCCAAGCAGCAATGATATGGTATTGAGCAGTATTGACTTACCCGCTCCGGTTTCCCCGGTGATGACATTAAAGCCGTCGGCAAATTCAACATCCGCCTTTTCGATCAATGCCAGATTTTTAATTTTTAGCCAGTTCAGCATAGTTTACCGCCTCAGAAACAAAACCGATGAAAATATTTAAATTTCGGATTTAATAATTAGTTGTTTTGATATATAATATCAAGTGGTGTTATTGATAATGCAAGAATATTCTTTCGGTAAAAGATGAAAAGCTTATAGCCGGCTTACATTTTGACTGGATTTTACAGGGGTTGGATTGTGGAATATGAAATTCTTTTTGGCTGTCCTGAATGCGAATGCGAACTGACTTCCGTTTCTGCCTTGTGCGGCAGAGAAATTGAATGTATTAATTGTGGTAAACTGGTTAAAGTCCCTATACCCGGGCTATATGAAAATTTTGAAATCGGCGATTTTGTTCTGGTGGAAAAAATCGGTGTCGGAGGTATGGGGGAAGTCTGGCTGGCAAATCAGCTCTCCATGAACCGGCAGGTAGCCTTGAAAGTGCTGTCTCCGCATTTGGTTGAAAATCAACATTTTGTAGAACGTTTTCTGGGGGAGGCCGTGATGGCTGGACGGCTTGAGCACAAAAATATTATTACCGCGTTTACTGCCGGATCTATTGGGGATTATTATTTTCTGGCAACATCTTTTGTCGATGGTATTGAACTGGCTGACAAAATCAAAATAGAAGGGCCCTTACACGAACGACAGGCCCTGAAAATATCCCGGGGTATTGCCTGTGCTTTGAAATATGCCTGGGAGGAACACCGAATGATACATCGGGATATAAAACCGGGCAATATTATGATTGATCAGCGCGGTGAACCGAAACTCATGGATATGGGAATTTCAAAAATTGCCGATGACGATTCGCTTGATACGCGTGACGGCCTGGTGGTCGGCACGCCGGATTATATAAGTCCTGAACAGGCCAAGGCCTTGAGTGATCTTGACTTCAGAACTGATATCTACTCGCTGGGAGCCTCTTTATACCATATTCTTACCGGTCAGGCTGCTTACCATGGTGAAAGTATTCGCGATACCCTGCGTCTGCAGGTTTGCGCTCCGCCGCCTGACCCAAGAGATGTCAACCACAAGGTATCACCAGGTTGTGCCGAGCTGGTTATGATTATGATGGCGAAAGACCGCGAGGAGCGTCACTCCAGATGGGATTATGTGATTGATGATATTGATGCGGTCATGGGAGGAAGGGCTCCGATGGGAAATGTTTCCTCAAAACTTCGCCAGTCAGGACACCATTCGGGATCAACTGGAGTTGCTGCCGATGCTCCTATTCAGTTGAGTATTGAAAAAAAAATGATGACCAAAAAAACAGCAGCCCAGAAAAATACCCATGAAATGTTTGACAGCGATATAACCATGCCTTTTATGGATGAAGCGACTATAGAAATCAGGCCCGATGCTATACATCCTGCGGACTCAGCAAAAATACGGCGGGATACTCAAAAAGGGAAGCCCAGGCCCAAGTCCGGAATAATGGAAAACATCGCCGTTCCGGATGCCGATAACAGTAAGCGGAAAATTATGCCGCCGCCCAAAATATTTGATCGTAAGCGAAAGATCAGACGGCGAATATTCACCGTCATTTTCATTTTGCTGCTTTTAGGCGGCGGGTATGTTTATCTGGTGCTTGGAAGAAAATTGGGCTTGAGATAGCCTACAATTCACAAGCATCCAGTAATTCTGCTGCGGAGATGGGGCCCTCGCGTAATATTTCGATGCGGTCAGGGTGAGCGAGGACTACTGTAGAAGCACATCTGTCTTTAGGAATGTATCCCTCGGAAATTATAATATTCGGATTGCCGTCAAGCATGTCAAGGGCCTCTCCGGGACTTAATGCATTGGGGTCGCCGGAACGGTTGGCGCTGGTTGATGCCAGTGGATAGCCGGTCTGTTTGAGCAGCTCAAGCATAAACGGGTGATCGGGAATTCTGAATCCAACGGTTTTATCTCCCTGTGGAACTACAACAGTTACAGGGCCGGGACAGAATTTTTCGGCTATTTTTTCCGCATTTTCATTTAATTCGATGCCATGTTTTTTTAAGGTGTCCGTGGAGTCTACAAATAATGCCAGCGGCTTATTTTGTTCACGACCTTTAAGCTCGTAAATCCTGTCCACTGCTTTGTGGTCATCCCAGCGGCACACCAGTCCGTACACGGTTTCGGTAGGTACCAGCAGCACGTCTCCAGGGGATTCCAGAGCATTCATGCAGTCGGTGAAAATTGCGTCAGGCAAA
CP071032.1_gap63	2583423	2588325	4902	ACTGCGCGAGGCTCAGGATAAGATTCGCCGCTTTTCTGGAATATGGATGATACTGATTTTGTTCTATGGATACGGTTTTGAATTTTGAGAGCACTTTACTGCTGTTATCGACGAGATAATCCCGGTAGAGCTGATAAAAATTCCAGCCTTTATCCATCTGGTTCATATTAAAGACACTTAAGTTCCCTGATTTGATGATACCTTGGATAATATCAAACCATTTTCTCTGTCGTTCGACAGGCAGAGCTTTGAATTCGCCGAGTCTGTCGGCAAAACAGCCGAAAATTGCATTGGCATGACGACTGTGACGCAGGGCTTTGATGAGAGCTCCCGGCAAAAATCTGGTATCGAGTTCGGCAATAATTTTTTTATTGTAGCTTTTAGCTTGCTTGAGGATTTCTTCAAGGAGACTGAACTCAGCACCGTTTCTGTAGAAAGGGTAGTAACCTATTTCAGCCAGCGGTTTATTGAAAGGGGAGTTCGCCAGTGGACTGACATCACTGCTGAGCAATGCAAAACTGAAGTTGAACGGGCACGGCATCACCTTCTCAAGGTTCAGATTTGATATCAGGGGATGGGCCGCCTGGTATATATCGAACCACTTTTCTGGAAAGTTGCGCAGCAGTTTATCCAGCAGCAGATTGGTCACGTTATAGGCATTGGAGCTTATTACCATGCGGCGGGCTTGTCTGGAGCATTCGCCGGATGGAAAATTCTTTTTGAAAATTCTGTTTAACTCAGCACATGAAAAGCGCAGTATTGCCAGCAAAGGCGTAGCGTTTTTAGCTGCTATGCAGTTATTGTAGTAGGAGGTCAACGGCTTCAGATACGGGTGAGAGTTGTGATCCTTTATGATGCTGATTATAAAAGGCTTTAACATTGGGATAGTGTCACAGGTGAGGTTTCTTGAATGATATACCTCAAGCACCAGTTTCAATAGTTCAGCTTTGCGTTGAGCGGAGCGGAAGCCCTGGAATACTTTGGTGGCTTCGGCTATGAATTTTTCCTCAGGGATAGTCTGAAGTTCTTTTATCTTCTTTATTTGGTTGACTTTTTTCAACCCGCGATGTGTCTGCCCGAGAGCAGTAAAAAGATCCTGCAGGCGATTCAGCTTTATCGCCGTATTTATTATGTATGAATCAAAGTCCGGTAAATTCAACTGCTCATTGCCGGCCTTTATCATGTTATTATGGTTGCCGGCCAGAAAGGGGCTGGTCTTTCTATCATTGATTTTGACGACTTTTAAAGCCTGGTCAAAAAGTGTGTCAGTATTTACTCCCGACACCTTGCAAAGCAGGAGCTTTCTCTGGAAGGCCATGGTGCTCAATACCGGGAGCTGCAGATACTGCTCCAGCAGTTTCCTGTAAATTTTGACAGCCTGAATCGCAGTTTTGTCATTAGCGTATTTGTCAGGATTAGCGGCATATTCAAAGACTGATTTCATAGACTTGCCTTTCCGGAAATAGTTGTTTGATTTCTCCGGATAAGTCAGCACGTTTGAGAGAGCATGGTAGTAATCCACATTGATTATTGAGGCTGCATTTTTACTTTTCTGCAATATTCCGATCAAAAGTCTGTAAAATTCAAGCATGTCTTCCGGTTTGGTGAACATTGCATAAAAGTCGCTGCAAACTGGCAGGAAATGCTGCAGTTTTATTTTATCAGCAAGCTTGATGGTATCTATATCTGTATTTGTGTTGAAACTGGCAGTCAGCAGCATAATGCAGGTCAACGGGTTTTCGGGCTGATTCTGAAAGGCTTTCAGCAGTGCTTTTTCCGCTTCAGAATAGTTCTCTAGCTTGAAACATGCCCAGCCGTATTCAATCAGTTTTTTGGTGTTTTGATTATTATGCGGAGTCAGCAGACTTATAAATTCTTTTTGCAACTTATTCTCTTTAATGAGATTAAAAAGCTTTCTGGTACTGCTGGAGTAAAACAGCCTGGAGAGAGTCTGGGCATTTATCAGGCTTAACTCATGCCGGTAAAGCTGGGCAATGAGTTTTGCGGCCTGACGGCGCTGATTATTGTATAAGTATTTTTTAGCCCTTTTAAGTGGATCAGCATTTCTTCTTACAGGTGAATGTAAACTGTTGTCCTGATAAGCCAGATTTTTGACCAAAGCATTTTGCAGCAGGGCTTTGTCCAGTTTTTCCGCTTCTTTTTCAAGACCTGCAGATTGGAGTGAGGCGGCTAATGAAGCTTTTTCCTTAAAGGTGAGGTTGAGTCGCAATAGCCTTTCAGCTGTATCGATTATCAATTTTTTCTGACTCTCGGTCTGTTCAATTGACAAAGCATACCCGATAATTGCCGCTTCCAGCAGTTTACGGTTTGCTTTTGACAGAGCGTATCTTCTAGCGGCAATAAGAGCGGCAACTGCTTTTTCCGGGTTGCTGTTCATGCCGTACCAAGCGGCTGCTAAAGCCAGGTCGGGAAGCCGGGAAGCGGGAGATTGCAGTATTAAATCCGCATATTTGTCGGCCAGTTTTGGCTGCTTAAACATTCCGGCCAGCGCCAGGTCGTCAGTGAGGCTTGCAGTATTGCCGATGGCCTGCAAAAATTTCTTTTTCTGTTTGTCATTGAGAAGTCTCAGCAGCATGTGTTTTGCAGCAGTCAGTACCGGAGCTCTTCGTGTCAGTTGATTAAACGGAAACTGCAATGGGGATATGGCGAGTTCCTGAGGCTTACTGTAATAGACTAAATTGCCGGTTCCAACTGCTGGGTTATTATCGTTCTTCAGTGCTTTGGAAAAAATTTCAGCTGCTTTATGATAGTCTTTCTGTTTAACAAGGTAGCAGACAAGAGATATCGGGAGGAAGCTCTGTGTTACGGTGTAGCCGGTTTGAGGGTCCTGCAGCTTCAGCTGTTTTTCAATAATACTGACAATCATTTCACGCTGTTCAGGCTTTAATAATTCAGGAGTATTGACTAAAGTGTAGGCAAGGCGGGTCATTACCTGCTCTGATACGTGCTTTTCAGCAGAAATTGACTTGAGCAGAGCTTTGCACAAATCAGGGTCAATATTCTGGACATTGCTGAAGGCCGCCTGGGTAACGATCGGAATATATTTCGGGTAGTTACGGATAAATTTTTTCAAGATGGTGTTCAGTTTTTCAGGTGTCACGTCCCGCAGCAGGTAATTATGTGCGCTGCTGAGCATAAACAGCAATATAACCGGGTCATTTTGATGCTTTGTCAGTTCAGCATCCAGATCGGCAGAATGCATCTGACCTGAGCCTGCAAGCAGAGCGAATTCAGGGTATTCTATGCCGGCTGCTTCAAGTCTGCCAAGCAATTTTTTTCGCTGTTTTTCATTGAGAAAAGCGGAAAGCTTGCTCAGATGGACAAGTGGAAACAGTTCTGCTTCTGCGGGAGTATACGGCATATTTATTGCCGCTCCGCTGACAACTGATCCGCCCCATGAATTGAAACGTTTGGCATGGCGGTAACTGTAAACGCTGTAAGGCAGAGCCATCAGTTTCTGTAATTTCAGGGTTTCAAAAGGCAGCAGTTTGTTCTTGATCAAGGTGTTGCCCGGTCTTAGCTTTGCAACTGCTTTTGAGGCAGTTTTAAAGCAGTTTCTAGCCTTTATCACCTTGATGAAGCAAGCTATGGCATTTTTATTTTGCCCCTGCATTTCATAAGCACACCCTTTAAGAAAGTCGGCCTTTGCCTGTTCTTCGGGAGTAAAGGTTGCGGTTTTTAACAGGTTGAGAGCGTGTTGCGGCTGGCGACGGCAAATCATGGCTGCAGCCGCGTATAACAATGTCTGTTTCTGCGAATGTCGCTTGATTTGCTTCAAATAAATGTCAAAACTTTTTCGTTCTTCTCCATATTTTGAATAGAATGCTGCAAGCCGCATTTCAGCATTACCGGACTGGTCATTTTTAGTAGCTCGGCGCAGGTAGTACTCTACAGAGTCAAGATTGCCTTCTTCTTCTTCAAAGTCAGCCAGTTTGTAGAGAAGCTGCAGATTACCGGGATCAATTCTAAAGGCTTTTTTGAGGTAAAATCGATAATCGCTGAAGTTATTTTCCCGTCTTGCAATTTGAGCCAGTGCCAGAAAGGGGAAAACATCCTGAGGAGCGGTTTTATGAATTCTGCTCAACCTTTCTTTAAATTCCTCAACCCGGTTTCTAATTCTGCTGATACGGTAAAGGTTGCGGGATATTTCAAGTTTTCCATCAAGTCTTTTTTCTTTGCGTAAAAGCTTCCAGCAGGCGTTTGCGGCACCGTGATAATCGCCGCTTTTCAGGTAAGTTGAAAGCAGACGGCTCTGCACTTCCTGATTGTCAGGATAGCGGTATGAGGCTCGGGCAAGGGTCTTTAAAGAGTTGACGGTAAAGCCGGCTTTGTCCTGCATTGATGCCAGCAGCAGCCATGCTTCAAGAGAATTAGGATAATTCCTTCTGTATTTCTTTGCCCACTTTAAAGCGTTTTTGCAGTTGTTGTTTCGATTTGCCAGATCAATTAACTGTCGATAGCAGTCGGCCCGCCGGTGCGGGGCATTCTTAAGCAGCCGGCAAGTTAAAGCTGCAGCCTGTGAAAGTTTTCCTTCCGCAGAAAGTAATTTTATTTGCTGCCTGTAGAGGATATAGGATTTCGGAAAAAGTCTGATTGCCTGATCGAGTAATTTTTCCGCTTGAGTTGCATCTCCGCTTTTACACAAAACTTCAGCCAGCAGGCAGGTCATTGCCGGGGACAGATGTTTCTTCGCTTTTGTATTATCTATAAATTTGTTAAGCCCTTCGTAATTCTTGATAAAATACACCGCTTCTGGGATAGCCCGGCTCAATTCATTCCAGTCTGATGTGGAATTTATGTACTGGGGTAAAACCGTTTTAAGCTCATGGTTTTGCTGAAGATTACTGAGCAGATGAAAAAATTCAGAGTTGAACCTGAATT
CP071032.1_gap64	2589560	2591770	2210	TATTGCGGATTTCCGGTTTTTTCATACTGCCTTTTCAGGAAAAAAGTAAGTTTATCTTCTCCTTCCCAGGTATCATATAGTCTATCGATATAACGAGTGGAAGGCTTTCTCAGACATATGCTTAAGTATTTTATTGCTTTAGAGTTGCTGGCCGCTAGCTGTATGCAGTAGCCGCTGACCATGAATACCGCAAAAAGGCATGTCAGTCTCATATATGAATTCCTCTCACATTATAAATATTTCCCTATAATCAAAGCGCTCCTCTCCATGAAACACTTGACATCTCTACTCCAAGTCTAAACAATATAACTTTGTTAAGCATTATTTCCATGTGATTTAAAGTTAATTTTTAAAACAAGTATTAGATAAAAAAATACTTAGCCGGTATGATTAACCAACATAAGCTCAAACCTGAATGTCGCTTAGTACGGTATTGCTGCCTCTGCTCCCTAATCAGGGGGCTTCAGCAATATGTGCAGGTAAATTAATTAATCAGAATGATGTTGTAATTTTCAGGCAGATAATTATATTTTATTCTTGTAATCTTGAAAGCAATATTAAGGTCAGGTGGTTTATGAAAAAATATTATGTATTGAGCTTGGCGGGAATCGCAGTTTTGCTTCTAACCGGCTGTGAAACTATGAACAGGGGATCTTCCAGTGACAGCAATGACCGGCAGCTGCAGGAAGTTATAAACAGCAACCGTGAAACTGTGCGCACGATTGAGCAGCGAAATGCTGAAACCCAGCGTCAAATGGCGGGACTGCAGGACAATTATGCTGTTGTTGTTGATAAATTGAATTCACTGCAGCGCCAGATAAATTATGTCTATAAACAGAATCAGGAGCAGGCGGAGCAGATTTCAACTCTGCAGCAGGCACTGGCCCAGGAACAGCAGCAGCGTCAGGCTGCGATGAATAAGGTGATCAACACGGTTGCAGAACAGACTTCGCAGGCGATGAGCAAGGCCGCCAGACCCGCTGCACAAAAGGCTGCGTCAACGGCTTCTCCGGCAGGCGAGGGACAGGGCCCGGTCGGATCAGGTGAGTTTTATAAGTATAAGGTGCAGCCCGGAGCTACTTTGAGTGCCATTGCCCGGGCATATAAGGTATCGGTAGATGATATACAGCGGGCCAACCGTTTGAAAAGCAGTATGATCAGGGTGGGACAGGTTCTGTATATTCCTAAGAAATAGCTTGATAGCAGTGTTACGGGATGAGACGGCACTGCTTTTGCGGTGCCGAATATAAAGTAAATTTACGGGACATTCGTTTTTAATGGAAGCAACTACTACTGACAAAAGGTATGGCCTCCGGCCCATGGGCGGAAGCTTCTTTCTTTCGATTTTCAACCTCTTCTGCTTTTTTTCTGTCGTGGTTCTGACCTGCCGGCAAAGCGTGGAAGCTCAAGCCGGTTTTATGTTCTGGAGCGGCATATTATACTTGCTGCCGTTTCTGCTGCTTTCCAGCCTGGTACGTTTTGTCATAAAACGGGTTGCCAGACGCAATATTCTGGTGATGGCCAAGTTTTTTGAGCTTCTGATTATGGTGCTTGCTGCGGTGGTGCTGTTGTTGCCGTCATCCGGCATGATGCTCGGCGGTTCCTATGCGGTTATGCTGCTTCTGGGTATTGAAGGGGCTTTTCTGTTTCCAGCGGCCCAAGGTGTATGTGCCGATTTATTCAAACGCGAAGATATTGCCAGGGTTTGCGGAGTAAAGAACCTTTTTGCTTTTGGTGGTATAATTGCCGGCTGTGCCGGCGGGGCGGCGCTGCATCATCTTTGCGTCACATATTTTAATGCGTCACTGGGGCATGTTGCTGCCGTGTTGTTTTTCAGTGGAATGCTTGGAGCTGTTTTAGCGATGCATATTCCGGCTGGACTGCCGGATAACCGGGTGGAAAAATTTGAGGGTAATATATTCCGGCATGTTGCTGCCGGCTGCTTACTTTTTTATCATAATCGTTCGCTGCGTATTACGGCTTTGGGTGAATGTTATCTACTGGCCAGCTTTTTCTTCATAGAGGCGGTACTGATTATTTTTGCCCGGGACAATCTCGCAATACCCGGGTTTGCTCTGTTGTCATACGGACTGATCCTGGCGGCACCGTTAGCCGGGGTTGCATTGGGGTCTCTTTTCAGCGGCTGTATTACCCGGCGTGGAGTTGAGCTCGGGCTGGTGCCGATCGGTGCCGGCGGAGCAATACTTTTC
CP071032.1_gap65	2676302	2679207	2905	TAAACTACAGTAATGAAGCTGTATGGACCGCTGCCTGTGCAAGTGCTGAGAAACAAAATTTTGTTTATGAATATATCAGTGACAATTTTTACAGAATTACGGGCATTAAATATGAGAATTTTTTTAAAGGCGGAAACAATAACTGGACATCTTTCCAGAAAAAAATTCTGGATGGATACATCTTTCCAGAAGACAGGGTAAAGGCGAAAAAATTCTTTTCGCTTGCAAAGTATCCCAAGGAAATTGATTTGAGATTTCAGGTTGAAGGCAGAATAAAATGGCTTAATATTAAAATAAATTTAATTGAAGATACATTTTATGGATATGCCAGGGATATCTCTTTACGAAAACGGCAGGAAGAAGAACTTAAAGCTGCGCTGGCTACTTTTGATGCTGCGGATGAAGTTATTTGGCTGTACAGATATGATGATGCAGAAGAAAGTGGGAAAATTGAATTCATACATGTAAATAAGTTTGCAGAAACCCTGTATGAAATGCCTTTGGGGAATTTGTCAAAGAGCATGGATATTTCAAGAGAAAAAGTGCACAAGGATGACCGTAAAAAGGTAAATGAGATTTATGATTCTCCAGAAAAAAGTAAAGGTTCATTGAGCTATAGGCTGGTTATGGATGATGGCAGAGTGAAATATATCAACGCCCATTGGTTTATCAAGAAAATAAATAATATTAAATATGCAGGTATTATTGAAAAGCAGTCAGGATAATTCTAATATCCTGACTGCCAATATTATATTATGAAGCTTGTACGTTGCCTATTTCACATAACCTGCTGCCATTTTTAAGGTTGTATTCAAGTTTTTCTAAAGATATGCCTTTAGTTTCAGGCACAAATGACCTCAGGAAAAGTATTGATAACACACAGAATCCGCCAAATACATAAAATATTGAATAGTTACCATAGGCACGCATAAAAGTAAGGGCATTTGCCATAACCAGCCCTCCAAAAGCCCAGTTAACCATTGTTGTAATGGTCAAACCAACTTCGCGACCCTCGATGGGGAAAATTTCAGAACAAATGAGCCAGCCAACAGGGCCCCATGAAAAAGCAAAGCCAAAAATATATACAATTGCTGATACCAGAAGAACAGCTTTGGAAATTTCACTTATTGCTGCTGAATTCGGATATTTGCCGAGCATGAGAAAAGCAGTTCCTGCTGCGAACATTGAGATAAACATGATGATTGAGCCAACGTATAACATCTTTTTGCGTCCCCATTTTTCAACCAGCCAGATTGCAGGCAGGGTAAAAAGCATGTTACAGGTTGGTACCGCCATCATTGCTGTGAGGCCCTGCATTTTGGCATAACTGAATATTCTTGGTGCGTAGTATATCATCATATTGATTCCCACTAACTGCTGAAACATCATAATAGTGACACCAATAATAAGAATTTTCAGAAAATAAGGTTGGAAAAATGTTTTAATCCCGTCATGCTCGGAGCTGCCTATGGCTTGCTCTATTTCGTAGATTTCATTATGAATTTCCTCATCTGAATCCAGGATTCTATTTAATACTTTTACTGCTTTTGCCTTTTTACCTTTCAGCATCAGCCATCTTGGGCTTTCAGGCAGTATGAAGGAACCCAGCAGCATAATTAATGCAAAAGTCGATATTACCAGAAACATTATTGGCAGCGCTGTTGTTGGCACGATAAAAACTTTGGCAATAAATATGTTAGTTAATGATATGAGGAATATTCCGATCGTAATCATTAGCTGGAATAGTGTTCCCATTGAACCTCTTATATATGGAGGGGCGGTTTCAGATAAATATAGCGGTACTATAAAAGATGCAACACCAACGGCAAAACCCAGTGCAAAACGACAAGCGCATAATAAGCCGAATGGAGGCAGACATGCTGACAGCAGGGACATTGTAGCAAACAGGAATCCTGCAAGAATAAGACTTTTCTTTCTACCTAAAAATCTTGCGAAGAGTCCTGAAAGCATAGCCCCGACAACCCCGCCTGTTGCCAGAATGGCAGAATAATATTCAGCATCCGTGAGACCGAGGTGGTATGTTTTTTCAATTGTAGATAGAGAATTTGCGATAAATCCTTGATCCAAACCAAATAGAAGTCCTCCCAATGCGGCAATTGTACAGATTAGAAGTACAATCGCTTTGTACCTGCCAGTATTGTCTGTTGTCTTTGAAGCCATGGCCTACCTTATATGTTTGAAGTTCGCTTTAATCTTTTGTTTATAGAATCTAATATAAGGTGGTCAAGAAAGTTTTTTACTGAAAAATTACTATTAAACAACAAGTAAAAGTATAAAATTTGTACATATATGTTAAACAGTATAACAAAAGTACAATAATATTTATATAATTTTGTTCATAATGATAAAAATCAACTTGCCTTTCTTATATTAAGATTACTGACAAAAAGCGTTTTGCATAGAAATACTGGTCAGAATAATATTTTAAGGTTTGCATCAAGAGAGTAGAATAATGAACAAGAGAAACAGATATAATTATGACAATACAGACAGCCTGCTGATCGGCGGAGAGAAAAAATCATTGAATTATGACGCAATGATTTCAGCTTTGCTTGCAGATAAGACCAGGAACAGAGCAAGAAGAATTGAGCAGTTAAATGAAATAGAAAACCCGGATATCCGGGAATGGTATTTGAATCAGGATGATTACGGCTGCCTGCCCATGCCTGCTGCAGGAAGCAGGTGGCAGATAATACCCAATCATAAGAATGGCTCTTTTTATGGAATTGATGCCTGTACTGAGAATTTTTGTGACTTGATGGAAAAACATCCGCTGTATGTAAATCCTGACGATGCCTTTGCTGGACGCTGGATGTATTTTCTTTCAGCCATGCGCATGCCAAACATCTGGAACCCGGAATTTCCTTACACAGAGCTGGAAAAG
CP071032.1_gap66	2694527	2695870	1343	TGTAACTGGTTGCCCCCTCGCGGGTCAGGCGCCCGGCCGCGTCGTATTCGTAACTGGTGGTTTTGCCGTTAATGGTCGAGCTTACCAGCTGGTTGGAGGCGTCATACTTGAAGGTCGTGGTCTTGCCGTCAATCATCTGGCTCAAGATATTTCCGGCCGGATCGTACTGGTATTTTTCCAGAACTTTGCCGTTTGCACTTACGCTGAGCAGCTGCCCGATTTCGTCGTAGGCGTAAACCTGTTTCACACTGTTGACGGAACGTGCGGTAATCTGACCATCCGGCGCATAAAAATATTTGACCGAGGCGATCGGGAATTTTTCCGGCCCCATTATTTTGGACTGCAAACGTCCCAGTTTGTTGTACTGGAAGCGGATTTCGGCGCCGTTGGCAATCTGTCTGCTGATGCGGCCCCGGGTGTCGTATTCATAGCGCAGCTGCTGGCTGGAGTCGTTCTGGATTTCCGCCAGCTGCCCTAATTCAGTATAAGTCCGGCTTTCCGCTGTGCTCAAGCCGTTGTCGTACCTGACCCGCATGGCGGTGCGCTGGTCGGCTTTATTATAGTTGTAAGTAAAGCTGACTTTCCGGTCTCCAACGGTTTCGGTTTTGGCGATGACACGGTTGAAAAAGTCGTATTTGAGCGTGGTAACGCTCTTTTGGCCTGCTGCATTGACTGCAGTGATACCGGTAATCCGGCCAAGATCGTCGTGAGTGTAAGCTTTGGATGAACCGTCGGCAAATACAACTTTTTCCAGCTGGTCGAGCTGGTTATAACTGTAAGTGGCTCCGCGATCGGTTTTGCGGTTGCGGCTGTCCCGCAGGCTTACCAGCTGCCCGAACTTGTTGTAGTCCCAGGAACTGAGCTGCCCGCTTGGAGTAAGACGCTTGGCCAGCTTGCCGAAGGCGTTGAACGCGAATTTGATTTTGTGCTGGTTGCGGTCTTTGACCCAGCTCAGGCGGCCCAGTTTGTCGTAGCCGTATTTGATGACTGAACCGTTCGGCAGTGTAGTAGCAGTGACGCGGTGTTTCTGGTCACGTCTGACACTGGTTTTGAGCCCTTTGCTGTCCTTGACGCTTTGGACCAGGCCGTAACGGTCGTACTGGTAGATTTGTCTGGTCAAAAGTCTGGAGTTGTGTGTTACCTTTACTTCCCGCAGTGCGCCCGCCGGGTTGTAAGTGTAAGCGGTCTTGATACCGTCGGGATTGAGCATTGTGGTCAGGCGGTTGTAATTGTCATACTGGTAAGTGGTTTCGCCAAACGCATCGCCGACTTTGCTGATATAACCGAAGGCGTTGTAGCTCAGCCCGGCAAACCTCCGGTCAAAGTTGCTGGTGATTTTTTCC
CP071032.1_gap67	2727698	2729587	1889	CAGTTCCCGCTGGTAGCTGACATCAAGAAGCAGATTTCCCGTGACTACGGCGTTCTTTTTGACGACTCCGTAGCATTGCGCGGTCTCTTCCTGATCGACAAGGAAGGTGTCGTACGTCACTCTGTTGTAAATGACCTTCCGCTGGGGCGTGATGTAGATGAAGCTATCAGAATGGTCGATGCTTTGCAGTTCTTCGAGCAGAATGGAGAAGTATGTCCGGCCAACTGGCACAAAGGTGATGCTGGTATGACCCCTACTGCTGAAGGTGTCGCAGAATACCTGAGCAACCTCAAATAAATGATAACTCGCGGGGAGCTGCGGCTCCCCATTTTTTTTGCATATTTTACTGAAATACTTCACAAGTATAAATTTACTGAATAATGGGTAGTGGTTGTTGCTTATTATTATCGACTTTGTATTGAAGGCAGGTTATAATAGTAAGTATGGGATAAACAGAGGAGTGTCATTATGAGCTTGAGCGACAGTTACTGGCAGGGTAATTTTTGTGTTGAAATTAGCCCCGTCCCGAATACCATAATCATTTTTGGAGCTTCCGGTGATTTGACCTTCCGTAAACTTATGCCTGCTTTGTTTAACCTTTTCAGGCGTAATCTTTTCCATGAAAATTCCCGGGTAGTCGGCTGCGCCCGCACGGTGATGAAGACGGAGGAATACCGTAACCGGCTGCGTGAAAAAATGGTGGAGAATGTGGAAGACCCGGCTGAACTCGATCGGTTTTTAAGCAAGGTCTGCTATATGCATGGCGGTTATCAGGATCAGGCCACCTACAGCAACCTGGAGCACCTGCTGGAAAAACTTGAAAAAGGACAGGACCCGGTTCCCAACCGAACTTTTTACCTGGCGACTCCGGCTTCGCTGTATGGAGAAATTGTGCCGTTGCTTGGCAGATATGGCATTACTGAAGAGCGCAATGCGGACGGCTGGCGGCATGTCGTACTGGAAAAGCCTTTCGGGCATGACGTGAAGAGCGCCAGGGCACTTGATATGCTGCTGCATGAGACTTTATCAGAGCGTCAGATTTACCGGATTGATCATTATCTGGGCAAAGAGACTGTGCAGAATATCATGATGCTCCGGTTTGCGAATGTTCTTTTTGAGCCCACGTGGAGCAACAAATATATAGATAATGTTCAGATCACAGTTGCCGAGGATATTGGTATCGGTGCCCGTGCCGGTTATTATGAGAAAGCCGGCCTGCTGCGCGACATGTTTCAAAACCATATGCTGGAAATGCTCGCTCTGGTGGCAATGGAGATGCCGTCGTCGTTTGACGCCAACTCGGTACGTGATGAAAAACTGAAGCTCATAAATTCAATAAGACCGTTTCCCATTAAACATTTGAGCAAGTACATGATTCGCGGGCAGTATACAGCTGATGGCGACATGAAAGGATATTGCGAAGAGGATGGAGTAAAGCCGGATTCGACAACCGAGACCTTTGTCGCAGCCAAAGTGATGATTGATAACTGGCGCTGGCACGGGGTTCCCTTCTACTTGCGTTCAGGCAAGCGGCTCAAGCGCAAAGTCAGCGAAATTGCGATTCAGTTTAAAAAGGTTCCATATTCAATTTTTCAACCGATCGCGGCAAAAGACATGCAGCCCGACGTGCTGGTACTGACAGTGCAGCCGGATGAAGGGATGTCACTGGGAATACAGGCTAAAAAGCCGGGGCCTAAGTTGTGCATGGGCAACCTGACCCTTGATTTTAAATACAACAGTATTTTCGGCGGCCAGAGCCATGACGCCTACGAGCGTCTGCTGCTGGACGCAATGCTCGGCGACCAGACGCTGTTCATAAGGAGTGACGTAATTGCGGCTTCATGGCGGTTGCTTACTCCGGTTCTGGAAGCCTGGGACAGCTTTGATGC
CP071032.1_gap68	2760297	2764132	3835	ACACATGATGTATTTTTATTAAAATCATTGAAATAAATACTAGTTTATATTTGACTGGAATTAGAAGTTTATGTATATTTAATAAAGGAAGCATTTAGCAAGGAGGAACCATCATGCGGAAACATTATTATGTAAAACTGGTATCTTATGACACTTGGGGCCATGAGATGCACGCCGAAAACTGTGATTGTCTTGCCAATAAACAAAAAGCCGAACACGTCGGGGTTTTTACTCACAGCCGCGAAGCTATTGTTGAAGCTAGAATGCGTTATACAAACACGCATGGCTGCAAAGAGTGTTGTCCTGACTGCAGTCCGGGGTGATTGCCGTTTACTTACTCGTAAGTTGTGCGGCTTAACTGACAGCGCTGCGTGCGCTGTCAGTAAGCAGGTAGTTCCTCATTGGCTTATTTGTAACTTTTTGCTGTTCACTTTCCATCTTTTCTACTCGTGGCCTGTACGGCCGTATTGTCAGCGCAAACTTGCACTGACACCCTCAGTCGCCGGGCGGCTTTCGCTCAGCGCTCCTTAACCTGACGGTTAATTCCTGGCTTCGCGGGCCCACGCTGTGCTTGTTTTATTTTATGAGCATTTATGTTCCTCAATTGCTTATTTGCAGTTAAAGCTTATTTCTGCTCATATGTAGTTTCTCTATTCGTGGCCTGTACGGCCGTATTGTCAGCGCAAACTTGCACTGACACCCTCAGTCGCCGGGCGGCTTTCGCTCAGCGCTCCTTAACCTGACGGTTAATTCCTGGCTTCGCGGGCCCACGCTGTGGACCTATTTTTGAAATTTAAAAAAAATTTACAGGTTGTGACACTCTGGATTTGCCGGGCCGGATATAACAAGGAATTACGATGCTTTTGTTTCAATTTTTGCCGGATTACCAGGTTTACAGTTGCTGTTTGTGATCTTTTCAGCAGCTGTGATTTTTTTATTAAAATCACTATAATTTGCACAATTATTAGGCACCCCTGCCTCAGTTTCATGCTGTCTCCGTTCAAAATAAGCATTTTATATTAGTAATTCTTCCTTGATTTTTAAAAGAAAAGGTCTTATTTTATGTTGAAGGGCTATAGCTATGAAGAGAGCTGGAGAACATTTACATGGGTAGTGTAAATTCATTATTATTTATAAAAATGGATTTTCGGAGTTTTTTGTAAATATTAGGTTTGGGGCCTTGTAATCTACAAAGAATGTTAGTATACTAACACTCGGATGGGAATTATGAATTATGGACGAAGACGTTAAGAGAATGAGCATTCATTTAATCTTACATACTGCAAAGTTGCTTGAACAATTTCAGCGCAAAGCTTTTGCCCCCTACGGCATTCTGCCGGCACAGGGGCGGGTGCTTTCTGTGCTGCTGGTGAATGGTGCAGTTCACCAGAACAGAATAGCCAAGGGGCTGCATTTGTCGCCTCCGACTGTGACTGTGATGTTGCGAACAATGGAAAAAAAAGGTTTAATCCGGCGATATCCCTCACGGGAAAACGAGAGTGCGATATCGGTAGAACTTACCCAGTCCGGTATTTTAGCGGCAATGGAAGTTCACCGGGCCTGGGATGAAATGGAAAATAAGATTTCCAGAATTTTATCCGAGGACGGTGCCGATGACCTTAAAAATCTCCTTCACAAACTGCGTGATGGTTTTGGCGGCAAGGACCCCGGTATCAAGCACAAGGGAATAGAGTTTTGACTAACTGAAGAACTTATTTGATACCGACATATGCATTGGAACTGGAGTTAACTTGCACTGATCGGGCGTATAGGTTGTGGAGAAAATTGATGAAATCGCTATATGTTTTACTTGGAGTTTTTTTATCTTTAACAGCAGTTGCTGCTCAACCGATAATTTATGTAAATTCGGCTGCTGCCGGCGGCGGAAACGGAAGCAGCTGGGCTGACGCTTTCCGTGATCTGCAATCAGCTGTAAAGTCTTCCCGCTCAGGACAGCAGATCTGGGTGGCGAAAGGAAAATATTTTCCTACGGAGACCACAGATCGCGATATCAGCTTCAGGTTGCAGCCTGGAGTTAAGCTGTATGGCGGTTTTGCCGGTAATGAACAGAAGTTGTCGCAGCGCAACTGGAAACTCAATAAAACAATATTGAGCGGAAATATCGGTGATAAGTCCAAAAGATCTGATAACTCAAAACATGTTGTGATTATGGCTGACAAGTCAGTTCTTGACGGGGTTATTGTGCAATGCGGATTCGCTATAGCACGACGTCCTTCTCCCCCTCCCATGCGTCCGAACGCAAGCGGCAGGCCGCAAAACCACACCTCTCCACGCAGCATAATGTCAAACGCGGATAATTTCGGTGCCGGGATTTTAAATTACAAGGCAGCCGGAATTATTCGTAATACCACAATTCGTAACTGTTATGCGATGAAAGGCGGTGGAGCATATAACATGACCTGTTCCAATATCAGGAATCTAGGCAAAAATGCTTCGCCGGTCTTTATCAACGTAAAATTTGAAAATAACTATGCCATGGGGCGTGGTGGCGCAATGGCGAATGATTTGCAGACCAATTCGATATTGATTGGATGTGAATTCACCAATAACTACTGTGCCGCAAAAGGCGGTGCGCTTTACAACGACTTTAATTGCTCTCCAATCCTTATAAACTGTATTTTTTCTGAAAATAAGGCCTATGATGCCGGGGCCATTGGCAATGACGGCGGCTCCTGCCCTATACTGGTAAGGACTGTCATTCGTAATAATGTTGCGATAAATCAGGGCGCGGGTCTCTATCTGGGCTCTTATAACGCATCCAGGCCTGAAGGGCGCAATGCGCCGGTATTAATACAGTGTACGGTTTCCGGAAACCGGTCTGAAACCTCGGGACCGGTTATAACAACCTGGGGGCAGGACTGGGTATATGCCTGGAATTCTAAAGTAGAAGACTGGCCTTATGGCATAAAAACGGTACCGCCTCAATATGCCAAACTGCTGAAATTATCCGAAAAGATAAAGCAACTGGATGCTGCCGAGATCCAAGGCAGATATTTAAAAAGCATAAAGTTGTTTCTGCCGACCCGGTCTTCGGATTTGGGGAGAGCTAAAGGTGAGTTCCGCAGTGACTATCCAATGCTGAAGACTGCTGACATTCCAGACCGGGTATTTTATGTCAACTGTAAGTCAAAATGCAAGGAACCTAACGGCAAAAGCTGGGGAAAGGCATTTAAATACGTGAGAGAAGCTATTGAGACTGCCAGGAGTGCCGGTGGCGGCGAAGTCTGGGTGGCTACTGGCGTTTACACTCCTTCTGTAAAGAATAACCGCTCAATGAGTTTTAAACTGGAGCCGGGTGTTGCCGTTTACGGCGGTTTCAAAGGCACTGAGACCAAGCGTGAAATGCGCGATTATGACCGGAATAAAACTATTCTCAGCGGCAATATAGGAGATCCGAAAAAATCGACAGACAACACTTATCATGTGGTTGTCGGTGCATCAAATTCGATTCTTGACGGCTTTATCATTACCGGCGGTCACGCCAACGGACCGGTTAAGAACTGTTATGGCGGTGGGTTATTCTGCTGGGGGAATGACTGCTCCCCAATTGTCAGGAACTGTATTTTCAGTGGTAACTATGCCTGCGACGGCGGCGCGATTTTTGCTTTTGAAAATGTCAGGGCATATTTTAAAAATGTCAAGGTTTATTTCAATAAGGCCAGACTTGGAGGCGGTATGTCCTTCAGATTTGGTTCATCGTGCCTGGTTGAGGACTGCGAAATTTCAAATAACACCGCTGACTCGCGTGGAGGAGGCGCTGTTGTAAACTATGGTTCAAATGTTGAGTTTCTGAATACTGTGTTCAAAGATAATA
CP071032.1_gap69	2778182	2781308	3126	AGTGGGGCAGCGTTAACCTTGGTAGTGATATTAGTCTTTGGTGTAGCTAAAGTGACTTTTTCAACTCCGGCAACCTGATGCAGCGCAGCATAGATACCACTTAAGGCCACGGTTGCACCGAGTTTGAAGCTTCTTTGAGCATAAGCCCTTAATTCTTTCTTGGCTTCGGCAATAATTAGACTACTGGCTGCACCGGGTTTTATTTTAAGAGTAGCCGCTACATTATAGCTCTGAATAGTAGCAGCTTGTACCGTAAGCTTATCGGTAAGTGGCCTGACTTTTTCTGAGCCAAGTCGAGCTCTTACTTTACTAAGAGTTTCTTCAGATGGAATACCATTATTTTCTCGTGACAGCAAGGTTACTGCAACCTCAGCCGGCCTGGGACTGTAGACTGATGCATCCGCAATTTTGCCACAGGCAGAGAGAGCATGAAAAATATAGCTCTCTTTACTGCCTGCAGTAGTGATACCCTCCAAGGCCAGCAATATGCGTTGCCGCAAGGCGGTATCATCTTCATAAGTTGCTGTTGATTCATTTGTTGCCTCGATTACCACATGGCGCTTAATATTAAATAACGCTCCCAAGTGATCTAAGTTACTCCCAGTCGCATAAGCTAGCATATTAGCCTTGGCAGCATCGTTAACTCGTTGCCTAATGACTACTTCCCGGTAAGCTGCAGCTTCCAGAATCTTATAAGCAGGATCAGCTTCCGTAATAGCCGAAAATTCAGGAAATCTACGCTTTAAATCAGCCAATATTTCTGCAAGAATCTGTTCAAAATTCAATTTTTCAAGGACTTCAGGGGCCTTTAGTAGACTTAAATCAATGGCATTAAAGTTAGTCATAGAATGATTCCCTCCAAAGTAATGCTTTTACCCTCAGGGAGATATTCGCCAGTAAGTATTATTTCAACTCGGCCAGTAGCCTGTACCCGGCTTGCCTTTACGCTATGGAGTTTGAACCTTGGCTCCCATTTCAGCAGAGCTTCAGCAGTTGCAGCATAAATCTCTACCAAAGTTTCAGAATTCAATGGTGCATCTATCAGCTGAAACAGTCGGCTGCCATAGTCTCGACGCATCACTCGGGAGCCCAGTGGGGTGGTAAGTATGTCATTGATCGATTGTTTTAAGTGAGCTAAGCCACTCAAGGCCTTTCCGGTAGCTTTGTCTATCCCAGTCATAACGCTTCCTTTTTTATATAGAAAAAGCGTTAACCCGTGTTAGGAGTTTGTTAGAATAAATAAAGCAACTTGTTTTTACATATCCTGACATTATACTTGTGGTTATCCAATGGTGTAGATAAGACGTTGCCTCCAGTTTGTATTCTTTGTCGTGCAAGCTGGAGGCTCTTTTTGTAAAGAAATGTTGACAAAAATTCATTTGTCACATATAATTATCTATAGCTCTACAAGCTAAAAGTGTTTGAACGCAATCTTACTCTAAAAGCTTGCCTCCAGTCTGCAGCTCCTCGCAATAAGACTGGAGGCACTTTTTATATGGACTTGTTGACAAATAGCAATAATTGTAATATAATAAGTCTTTATGGTTCTATTGACGTGTGTTTTAGTGGTGAGAACGAAATTGCAAATTAGGTTAAAAGGCCTAACTTAACGCAGACAGGTCAGTGACTGTGATTGTCGCTGGCCTGCTAAATTTATATTCCGGTATATTTGTCTATTCCAGTCATAACGCTTCCCTTTTTATATAAAAAGGACGTTAACCTCAGTTCAAAATGATGAAAATAATAGAAAAAGTTGATAAATATTAACTTACCATTTATAATTTATTATATACTCCACAGGATAGAGTAATATTGAATGTTAGGTTCGCAGTAAAAGTCATTATGATCTCCAGTCTAAGTTACCCCCTTTCTCTAGGCTGGAGATCCCCATTATTGTAATGCTGCACTGCTATCTTCCCAGTTTGAATGGTTTATTTAAAAATATTTAAAATATTTTTCAAAAAACTAATGTACTTAATGAACAATATTCATGCTAAACTGATCTAAGTAAACACAATTTCAATACCCTTGTGCCAATAGACCTTCGGCCTCCAGCTTGCATTTCTCCTCTTGCCGCAAGTTGGAGGCCCTTTTTGTATAGAAGTATTGACAAAAGTTCATTTGTTAGATACTCCTTTATTACGTAATCATCCTTTCATTTTATTTATTCACTTTACAACTTCTGATATGATGTAGAAAATAATTTCTAAAAAATCTGTATTAAATGTTGTACTTGTAATTGCTTTGTAATAAATTACTAAAAGATTTAAAGAAAGGAGGAACATCATGTTTATAAATCCATGGGTAGATTTCTTCGTATTTCAAAAAGAAATGGATAAGCTACTAAGTCATCGACATGGACGCTTTCCAGCAGTTAACATTTATCAAAATGATGAAAAAGTAATTTTCTGTGCTGAGATTCCCGGGGTATTGGAAAAAAATTTAAATGTATTAGCTGAAAAAGACAGAATAGCGATAGAAGGAAATATCGAAGAACCTGTTTTAAGTGATAACAGTAAATATCAGCGGCAAGAAAGAGTTTATGGGGATTTTTCACGCAGTTTTAAACTTCCATTTGATATCGATAGTAATAATGTAAAGGCCGAATTTAAAGATGGGTTTTTAGTTATCAGCATGCCTAGATCTGAACAAAGCAAACCCAAAAGAATATCTATAACTTCAGGATAGTCAGGAGAGCTTTGAAATGGTAAATAAAATTAAAGATAAAAATTCTGATAGTGCTAGTTCGAAAGTAGAGTTGGCACAAGTTGCTAATGAAAAAACTCCTCAAGTAGATATTATTGAAGAAAATGATTTTATAAAAGTTATCTGCAATATGCCATTGGTTGATAAGGATAAAATTGATATTCGTTTTGAAAATAGAGAGTTAACAATTACTGGCTGGCAAAATGAGTTTAATCATAATGGGCTTAAGGTCGTTAATTCTGAATTTAATTATGGAGTCTTTAAGAGAGTTTTTGATGTGAGTGCAGAAATTGACTATGATAGTATCTCTGCACAATACAAAAATGGGGTCTTAACAATAACTTTACCAAGACGTGAGCAAGCAAAGGTAAAAAAAATACCTATTATGTCTAAATAAATGTTAAAGTTTAAACTCTAAGG
CP071032.1_gap70	2949211	2953861	4650	TGAATATAATTATCTCCGAGATAGAAAGTATAGGTCATGTCTTTATCAAGTTTTTTAATACGGTATTTCCAAGCCTTGCCGCCGGGTTTAGAGAACAGGAAGTATACTGAAACAGAACTTCCGGCCGGAATCTTTATAGTTTTACTTAAACTGTCATCTTCAGGACTGATAAAAATATTTGTGGCTTCTTTATCTTCAAGAAAAGAGTTGTAAATACTTTCATAGGTAGCCCGTACAAAATCCTTTTCGCTGTCAGCTCTTACGACTGCATAAAATACTTTTCCTGAATTGGTCAGCTGGGTTGTATTGATTTCGGTTTCCAGGTCTACAAAACTGGCTGTTTTGGTTGCGCATCCGGAGAAACTTACAACTGCGGCAATGCAGGCAAGCACGGCAATACCTGATACGACTTTTCTCATTCTATGCCCTCTTTTTATTATTTTAATTTTATTAATGTAATTATTAAATAGTTTCATTTCTATTCATAGTAATAAGTGACCGGTCAGCTTGGTTGCGCTGCTGTTTAAAACAGTCTTTTCTGCTGTTTCGAAAGACCGAATCACTGAATTGTTTATATTACCCTCCAGGTTTGCCTGAAGGTAAATCTTATCTCCTTGGTACAGGGACACAGCTGCTGTTGCATCCAGGAGAGGTAGGAATTTTTTTAAATTATCCGGGTTTTGAACAGCCAGATAGCGGCAAAATTTTGATATAGCCGTATGGCTGTTATGGCTGGAGGCCTGCCGGTTTTTGGCAGCTGGCGGCACAGATCCGGCATGTAAAGAATTAAGGGGCTTGATTACGCTAAAAAAGATACTGTCGAAAATTTCAACAGCAGCTTTATTCATATATTGATCTTTTTCAGGACTCATATCTCAACCCCTCAAAAATTTTTAATCAACGGTGATGTTACACCCGCTGAAGTGGAACTTATTATTCGTCTAGCGCAATTCGATTGTATCTCCGCATCCTGCCTGGTTGCCTTATGAAAATACAGCCTTTTCAGCATTTATCAACTTAAGCTCCAAAAGATAAATGTACAGCAGTCTGCTTGATGCCGCGGTCTCTTGCAGCTTGTCATATCCCCGTCTGCATAACTGAATTGGCCTGTCTTGAAAATTACACTGCCATGATATCAGAATATTCAGTTGCTGTCATTTTGTGTCTGTTTTTTTTGAGCTATTGTTCCAGGTTTGATCTGTTAGGACCTGGAAGTTTTTCTCCGGAATTCAGGATCAATAATCAGGAAGCCGCGCCGCGTGAGCGGCACGACATTCCCAATGAATTTTATTAACTGGCATCCAGTCTGGTGTCAAGAGACAAGGATACATCCATACCTTCGAATTGGATGTGCGGCAGGACTGTGAAAGTACACTTGTACCAGCCGACCTGTCCGTCGATTTTTTCGATATTAATCTGTGCTTTCTTGAACGGATAGAAAGAGACGGTTGCCGGGCTCGGATCAACAACTTCAGTCACGTACTGGCTGATCCACTCATTAAGAATCTTGCTGAGATACTCGTCATTAGCCTGGGAACCGATATTAAGTCGTCCGACTTCCTTGACATAATGGGCGATTCTGGCAACTGAGTAAGTGTAGGCAAGGTTGGTAACCAGCTGTGAGTTCTCTGTATCGCGCGGATCTTTGAATTCCTTGGGCGCCTTGAGAGACTGGGTGCTGAAGAAACAGGCGTTTGGAGAATTCTTTTCGTAAATAAGCGGAATGAAACCGGCTTTGGCAAGAGAAAGTTCTTTGTTATCAGGCAGAATACACTGTACCGGAGCTTTGACTTCTTCTTTGCCGCGGACATTAAACATGTGCATTGGCAGCTCTTCAATAAGACCACCGCCTTTGGGGCCACGGATGTACTGGCACCAGCCGGCTTTTTCAAACGAGCGGGTAAGGTTTCTGGCGAACAGCATGGTGGCGTATCCCCAGGCATACTGGGTATCATCCAGAGGATCAATGTTTTCTTTGAAGTTGCGGAGGGTTTTTCCTGCCGGACTGTTTTCCGGATCCCATGGCTCGCGAACCATGTAGCGTGGCAGGGTCAGTCCCAGGTAGGCAGCTTGTTCGGTATCGCGCAGTTTATTCCAGCGACGGTACCTCGGGTGCTTCATCATGCCGTCAAGGTCTTTAAGATCCTGCAGTTCCTTGATGTCCTTAATGCCAAAGAAGCTCGGGGCTACTGAACCAATGAATGGAGCATGGCAGGTGGTGGCAATTTTTCCAACGGTTGACAGGAAGCTGATATCTTCTGGAGTATTTTCAAAATCATACAGACCGAGCAGTGATGCATAAGGGTTGCCGCCAAACTGGTCATACTCTGCAAAGTAGATTTTCTTAAATAATTCAGAACCGGTGATATCTACACTGTTGCAGTCAAAGTCAAGTTCAAGTTCTTCTTTGGAAACATCAAAAAGGTCAATTTTGATGTTAGCCCTGAAGTTGGTGTTTTCAACCAGGTCGGCAACCGCCAGCCATTGACTCTCAACATCTCTGAAAGTTTCGTTTTTAATAATTTCGTTTACCTGATTGTTGATGATGGTATCAATCTGTTCAATCAGATCCTGTGTCATCTGTTTGTTGTAGCCTTTGCCGCCGGCATGCTGATAGTTTGCCATCAGAAGGCTGAGTCCACCCATAAGTCTTGCGTTATCTTCCTGATAGACTTTTGATTGTTCAGTAAGGGCGGTAATTTCTACTTCCTGGCTTGGAACTTCCTCAGCATTGATACTGATGGAGTCCAGAAGCCAGTCTAGGTTTTTATCTTCAACTTTAGTAACCTTTTCCATAATTTAACCTTTTCTGCTTTGGGTATTTCAATTTTTTTTGCAATTTAGTTTCAGTAGATAAATATGTGACTCGTGCAGATTATTTATCTTGTTCTGATTCTTCAACTGCAGCAGCAGCCGGTAGCTGATTGGGATCAGGCAATGTGTAGTTAGTCAGATTAGGCAGCTGGTCCTTTATTGCAGTGAGTTTTTCCGGGTCAGCGAGAATCTCGCCAAGGTGCTGTCTGAACTTCTTGTTATTATCAACAGTTGTTTCAAGTTCATTGATCAGCTGTTTAAGGATAAGAAGTGATTTCAACTGTGGGACCCGTTCGGCAATGGTTGCAGGGTTGAAGGACTTCATGCTGTCAATGGGAATTTCAACATCCAGAGAGGGGTCTTTGTCAGGATTAATTTTATTTGACACGGAAAAGCAGAGTCTTGTATCCATATCTTTCATGGTGGCATCAAGGTTCTTCCCGTCAAGCTCTCTAACCCTTCTTTCATTCAAGTCGAGTTTAGAGTCTTTAGAAGTTCCTGCTGACAAGTTTCCCATTACCAGAAGACGCAGCGGAATTTCTCTTTGTACTTTCTCTCCGTTGATATCGGTTTCATACTTAATAGTAATACGCGATTTCGGGACTTCGTCAATAATAGCCATTACATGACCTCCGTTCTTAATAATATTTAGCTGGTTTTATGCTCAAAAATATTTAAAACGACATGGGCAGAACACCCTTTACCGTGATTTCCAAGCTTGAATTTAGCACAAACGGTAAACAGAAGAACGTGTCCGGTTTCTCCTCAGATTGATCTTGATTTGCAACACTTCGAAGTTTTTGCGTTGATGCGGCCTCTTAGCATGGATTACCATACTGAAGTTATGATTGTTCGGATTACTATTTATGTATCTTTATCAACTCTCCATTAATACGCAATTTTAAAGGTTTGTTAGTATGCCTTATCCAGTTGATGTAGCATGTTTATCAACGTAGATCTCTATTGCAGAGACAGGCATTAACAAGCTAGTGTTCAAAATATTATTTAATAAGTTTCAGGGTAAAATGTAGTACTTTTTATACAACTGATTTATTATTAAAAACTTAAGTGCAAAATTAATAGATGTTTTTTTTGAGAAATTGCTATTCTTTAAGGTTTTTCCTGCTTAACTTAGTTTTCTCGTTGGTCTGCTTGAGTTTGTGAGTATTTTGTATTGCTTCTTTTATTTTTTCTTTTTCAAATATAAGAAAATGATTGTCAAATTTGATAAAAACCGGCATGTTGTTACAAAATGTTCATAAACTTTAACCGTTCCGAAAAGTGTCAGCTGAAAAACTGAAGCAACTTAATCTGGAAACGATAATTTTTAAAGCACGGGCAAAGATTTGCCGGAAGCAGTCTTCCATTTCGCTTGAGAATGAAGGAGATTGCAGTAGCCGGAAAGTGCTGCTTATTTCAGGCATTTATAGATTTGAGGCACCAGGTATTTAAGTACCGCTGCAGCTGGAATAGCAAAAATCATTCCGGTTATTCCAGCAAATATTCCGCCAAGCAACACGACAATAATGGTTTCAAGTGTAGACAGCCCCAGAGATTCGCCGATGACAGCTGGATAGAGAAAAAGCTGTTCAACAATACCGTTCTGAAGCAGGTATAAAGCTATTATAAGAACAATCTGCAACATTGAAACACTGGCGCCGCCAACCGCAAGTGTTACCAGTACAGTAAGTATGGCACTGGCAAAAGGTCCTATGTATGGCAACAGGATGCCCAGCGCTGCTATAAAACCGAGGATAGCAGCATACGGAACGCCGATCAGGAAGAAGCCAGTAGTGTAAACTACCGCGTCAATACAGATCAGCGTAAGGTAGCCGC
CP071032.1_gap71	3020521	3022889	2368	TGAAGTAATTTTCAAGTCCTTCGCTGACATAATAGCCGGCATAGTGCCACTGGTGTCCGTGCCGCATCAGGCTGGCCTGTATATTTTTAGGAGAGGCATGTCGGTAGTCAACGTCAAACAGATGCTCTTTATAGCCGGTGCGTAAACGCGCTATCTCAAAACATTCCAGAACGAAATTTGAACAGAAGAATACCCTTTCTTTGAATATATTACTGTTGATTTTGTCAAGCTTTCTAGCTGTTTTTTTTCTTTTCCAGGGAGAACCTTTGAAGCTGCCTAAAATGCTGTATGCCCCAAAAGTTTTACCGGCGCCTCTTGTTTTAAAATCGATCTGCTTAATTTCTTTTTTCTCAATCAGCGAGTTTGCTATGTCAACCGCAATCTGGCTCAGGTCTTTCTCTGCAGCATCAGCACAATCCAGTCGCCATACCTGGTACTTATAGCCTTTCTTCTTGCTGGGCAGCGGATAGCGTCGCAGTCCTGCTTCGCCAGATGCTTCAAGTATAACCTGGCCGTTTCCGTCAAAGATACCGGCATGGGTAAGTTTAGACTGAGCAAGTCGTTCTGGATTGAATAAAGCCTGAGCTAATGATATTTCCATGTGAGTAACTTCTGACAGGTCAGCCAGCAACAGTATATCTCCGGTTTGAAGTTCGTCAATATCCATTGATGGTTTGGTGGAAGTACCTTTTTTTGAGTCAAAACCAAAATAGCCGATTTTCTTGTTGGATCTGGCGTCTTCAAAGTCAATATTAGCGTAAGTCAGCATATCCTCATAATCAAGCTTCGACTTATTGACGTACCTTTTGATAAATCCTGAAACATAAATAGACAGATCACTGCTTGAATTTAGCAGACTCAGCAGATGTTTACCTGAGGTTGTATGCCTTTTCTTGCCTCGTATCTTTGTAGATATAATAATAAGCTGCCTGGTATATTCTTCAATCTGGATATCGGATAGCGGCATTTCATCCAATACTTTAAGGCGTTTTTGCAGGCTGCGCAGTGCCTGTTTCTTTTTGTCCGATCTGGTGATGTTGCTGTATCTGAAAGAAGTTCCATGTTTTACTGCTCTAACCAGCTGACTGTAGTCTTTGGCCTTAATCTTCATAATTACTCCCTGGCGTATATGACTCTTCAGTAAAAATTCTTTTATTCAAGCCTCATTCATGTGAACTTTAATAAAAGCTAAACCCAATTCTTCACGCAAAAACGTAATTTTCTGCTCTCTACTATTTTAAGAAACTTTCCGGTATGAATTTGTTCTTATGAAGCAGCTTGGAAGTGATAAAAAAAGAATATGCTACTTTATTCCTAACTATCTTTCAGCAATGAATTTTCAATAAGCAATAAAATTTCAGAAGTAGGTTGTTGAAATTCAAGTTTCTGCAAGAGATGTCGTTGCAATAAAAAGTATTGCTATATTAAGACATTTTGTCAATCAGGGAAATGAAAATGTGGCGGTTAATTTATGCCGGTTTAATTATTTTTGCTTTTTTGAGAAAATAATAAAGAGTATTTTTAAAAATTCACTGATTATGATAAATAATCTTAAGAGCTTAGTATTAAGATCTTTGGTGTGTCCTGAAATTGTTTGCCTGAGTATTGATGAAACGGCGGAATAAATGAAATAATCGGCAAAGTTGAACTTATTGCAGTATTTCCACCTTAAAGTAATTTACGTTCTTATAAATAAACTGCTGAAATCTCTAACTTGGTCGAACCTGCGAAGAATGGAGTACGGCTGCCGCCTGTCAATATTTTTTAATTGTTCAGGACAGGAGCGTACACCTGGCGAAACTGATACTTATGATTTTGCGAAAAAGACATTTAATCCGTTTTTTGAATGTTATCCGGGTTGTAAATATCCTGAAAAATAGTTATTGTCTTTTTGATCGAAAAGTAATGCATCTGAGGAACGTCAGTTTTTCTTTTTGCCTTGAACTAAAACTGGAGCGAGGTTTTTCAATGGATTTTGCATTTTTGCCGGAAAAAATCAAACAGCAGCTTGCAGACCTGGAACAACAGGATAAACCCATATGCGTGATAAGAGGCAGCGGCGGCTTTAACGGCGATCCGGGGGAAAGTTACATTGTGCCTTATCCAGGCGGTATTTACCTTTTTGACCGTAAATTTTCCGAGCGTGATTTTTTCGGTAGAAAAGCTGACTATACAGATTTAACTGAACTTACTCTGGATAAAGAACAGTTTAGTGCAATTTTGCTGTTATGTGCAGGGGAAGAGGAAAGAGTCAGACTCAAACTTTCGAGAGCCGAAGTTGATAATGTTATCGCCCTCTTGAATTTTGCTAAACGTTTTCCGGAAATCCAGGAATTGATTGTTGACGGAACTGATACTACTGTCCTGA
CP071032.1_gap72	3028144	3031620	3476	GAAATGGCGAATACTCTCAAAAACATTCCAATAAGTGACGTATTGCTGCCCGGGTCGCATGATGCCGGAACTTATGATTTTTCCGGAAAATGTCCTGTTGCCGACACCAATCATGTCCCGGGCTGGGTGGTTGAATTGCTCAAGCTGGCAAAAATCAGTGTCATATACAACTACTTTGCCGGAGTCTGCAAAACTCAGGATATGAATTTTTATGATCAGCTGAATCACGGAATTCGGTATTTTGATATGCGGATATGCAAGGGGCGTGATGACGACAAAATATATTTCACGCACACCATGCAGGGGCTGATACCGCTTGAGGATCTGATGGACCAGTTTAAAAAATATTATGAACAGCCGGGGACTGAGAAAGAGGTTATACTGCTTGATTTTCAGGAAATGATTAATGTTGATCCGGCAAAAGTTTTCAATATTATCAATGAAAGAGTTGGGCAGTATCTTGTTCCTCGTGAAATGGGCGTCAACGCCAGACTTGGTGATATCTGGGCACAAAATAAAAGAATAATCTTGATATTCAGGGAAAATTATGATGATCCTGCAGTCTGGCCGCGTGGAGATTATTTTTATAATTCTGCAAATGGCAGAGATGTCAACGAAGCATATAAGCACATGCAGGATTCTCTGAACAACCGCAATCCGGGCAAGATGTTCTGCCTTGGAACCAACCTTACTGAAGAGGGTGATGAAATTGTCAAGGGCTTTCTTAATCCGCTTGGCTCCACTCCCAAGACTTTGAAACAGATTGACCTCAAATATCATTATCCTGTTCACAGCTGGTTGAACAGCCATATTGATGATCTTGTAAAAAACGGTAATGCTATTCATGAAAATTTCTGCAACGGGCTGTGGCTGACCGAGCTTTGCAAACATGTAAATACACTTAAAGCAAACAAGTATGCAAATTAATGCCATAATTCATTGCTCGCTGTACTTTGAAGTGCAGCGAGTTTTTTGCTTTTGAGGCAACTGTATTTTCAATAATTGAGCTGTGCTTATTGCAAATGATTTGTAAAAAGTTTATATAAACATATATTCTTGAAAGGAAACATTAAGGGGACAGAGCTTAATGGATTTTGAGAATGCCAAAAAATATGTGATTGAAAGGCTCAGGAAAGAGCTGCCCGAAGAAATCTTCTATCATGGCCCGCAACATACTCTTGACGTAATTAGAGCCTGCGAGGTTTTTGCTGCAGGAGAGGTGGTTGCTGAGCATGACGTTCTGCTGTTGAAAACTGCGGCTCTTTTTCATGACATCGGATTTATTTACCGGCTGCAGGAGAACGAGGGAATAGGAGCGGAAATCGCCCGGCAGGAACTTTCCGGGTTTGGTTACACCCAAACTGATATTGACAAAGTTGCACGACTGATAATGGCGACGGTACTGGCACATAAACCGGAGGATGTTCTTGAAAAAATAATAAAAGACGCCGATCTCGAGTATGTAGGTTCTGAGCGTTTTGAGCGCCATGCCGGCGAATTACGCCGTGAACTTGCTGCTCATGGCAGGGATTTTACGGATTCAGAATGGCTGGATTTTGAAATAGGTTTTATGAAAGTACATAAATTTTATACAGAAACCTGCAAAGGTTTAAGACAGAAAACTAAAGATCGTAACCTGCAGAAATTGTTGCGGGCACGGGCTGATTGCCAGGACTGAGGAGAACAATGAAAAGAAAAATTACGGGTTCTGTGGAATATGAAGTAATTGAAACCATTGCCGAAGGCGGAATGGGTACGGTTTTGAAAGCTTTGAAAAAAGGGGTGGAGGGGTTTGAAAAAGTTGTAGCGATTAAAACGCTGTTAAACTGTTACTCCAAGGATAAACGGTTTGTTCGTAAGTTTATTGAAGAGGCTAAACTGGTTGCCGACCTGGTGCATGAAAATATAGTACAGATTTATCAGCTTGATCATAATAAAGATGAATACTATTTTGTGCTCGAATATGTTGACGGAATATCACTGTATAATTTTATGGAGTTCCACAAGAAACTGAAATCCGCACTGCCTCAGGAACTTTGTGTGTTTATTACCGCGAGAATTGCCCGCGGTCTGGCTTATGCCCATAGTCGTTGCAGTGCTGACGGAAAGCCGCTGAATATTGTGCATTGTGATGTTTGTCCGCACAATATTCTTATCAATTCGGAGGGGCTTCCAAAGTTGACTGATTTCGGAATTGCCAGGGCAGTTAACATGACTGAGGACGACACTGTTTCCGGCAAACTGCCTTTTATGTCTCCGGAACAGGCAAATAAACGCAAGGTTGATTTCAGGTCCGACATATACTCTCTCGGCACTGTGTTGTTTTATATGCTTACCGGAGGATATACTTCCCGTAAACTGGATGTGAAGCTCAAGGAAATACTTGAACAGGCAAGGAATAATTATATAGACTGGGACAGACTTCCGGATGATATTGATGAAGGTATTATTGCGATTTTGAAAAAGATGATGGCAACTGACCCGGAGGACCGCTATCAGGACACCTCCAGGCTGGCCCGGGAACTGGAGTATCATATTTACAAAGACGGTTATGGTCCGACAATAGTGACTCTGGCAAAGTACATGCGCAGTGAAATGCCGGCAGTGTTTGCTGGGCAATGTGTGGAAAAGGCTCCTGATGTAATCGGCAAGACCACTCGTATAGAGATACCGGAGGCTGAAAAAACGGCGGTTTTATCTGACAGCTGTTTTGAAAAGGGGAAAGAACCGGAGAACACCAAGACCGTGGCATTGCCGGAAGAATTTTATGAGGACTAAGTTCTTATTATATATTTAAATTTAACTCTGTCGGAGTTTTTATGCGTATTGTTATGTACTGTTATGCGGCAATTTTTGCCCTGCTTCTGATTGGAAATACTGTTTTCTGGATAAAGTCAAGAGGGGGCTGGAAAATGCTGCTTTACGAATTGTTTTCAGGCGGCTGTATTATTGCTGCAGTGCTGATTTACTTTACCCCTGCCTGGACAAAAGCTGTTAACCCGTGGCTTACCCTGCTGGCGATCCCGGTGATTGCAGTGGATTTCTATATGTCGGTCATTATGCACCCGGATCATACCAAGCCACCTGGCATTGACGTATCTGAAAGTGAGATAGATATTGCCAGAATCATATCGCTTATTTTTGAAGCACCGGGTTATATAACAGCGGCGTTATTGATGGTTGAAAAGTGGCGGCATATAATAGTTTAGTCTAATCCAACCTGCCTGATGTCTTCAATCATTACCCGGCCTGCTGCAGTTTTAAGGATTCTGGTGTCAGCAATTTCAATGCCGCACAATTCAGCCTTTTCTTCAAGGCAGGCAATGTCTTCCGGGAAAGCTTCAGAAGTGCCTTTCTGTACTTTCTCAAAGTAAAGAACGTTCGGCTCTTCAAAAATCAGCGGCTGGATATGATCGATACCCAGCAGATTCAGCTTGAAAGACTTGATCCACAGGTCCCTTGCTGCATCAGCTGGC
CP071032.1_gap73	3074396	3075017	621	GGGCTCCGGTTTGCGGATCGTCAGAAAAGTTTCCCCATAAGGCATCCCAAGACCTGCAGAATTATGTAATAGAGGCAACAGCAAGGTTTGCAAAAAACTATAACTCAGTACCGCTTTTTATTTTTTGGAGCCTTTTTGATGATGACCGGAGGAATACCACTAGCCCGGATACAGACAATCCAAATTACTGGTTTGGGCTTTATGACGGTACATTAAGTCAAATGGACAAAGGTCAAGCTGCAAAATTAAGGGTTGATCTAAGCTGCTTGTCAGACTGATGACTGATTAACAATTCTGAGGATCGCCGTTTGCGGCGATCCTCTTTTTTTGTCTGTTTACTGACCTTTGCAATGTGCTCCATAAGAAATTAAAAAGTGGTTGGTATAAGTCTCTTATGCTTGAAAAAACTGCTGGCATGGTGTAAACTCGTATGATCGGAAACGTCTTGATCATCAATTCCATATATTTGATGTTAAGAAAGCTAATAAAACTGTTCAAGGTGGGGTCTGCATGATGAAAAAGTCTGCATTTGTGTTTCTATATTTATTTCTTCTTATTCTTTTGTCTGCAGGGAGCATTTTCCTGATTCTTTATCTTTATGATTGTTCGGCTTTTTTCCGT
CP071032.1_gap74	3079734	3082132	2398	CAGAGCCTTTGTCTGGGGTAACAGTCCGGACCGGCAGGCGGCCTTGACTCTGGCAAACAAGCCTGCTGTAGAAAGGTATCGCGTTTCCGCTCCGTCTGGCGCTTTTACAAAAGACATGTCTGTATACGGATGTTATGATATGGCTGGAAATGTCAGGGAATTTACTGTTAGTACCAGAGAACCCGGACGAATCTATGTGATCAAAGGCGGCAGTTTAAGTACAGGCATGTTATTTGCGGAATGCGGATTTTCCAGCTTCACTACCGGCAGTGACAATGATATAGGCTTCAGATATGTCATTCCATTAAAGTAATCAGGCATTACGAAAAGCATACGTAATGTTTGAACCGGGGTAAAAATTTAAATTATGAAAGAATCATCTGTCCTTGCAGCTTGAACTTCGCGTATTTCAACACGATATTATCAAATTTGATTTACATATAATTGAGCAGCAAGTATTATGATTGACTTTAAAAATATATCAAAAAGTTATGGCGGGCAAAAGATTTTTGCGGGTTGTGACTTGCGAATAAACCCCGGGGAGCGAGTTGGGGTCGTTGGTCCGAATGGTTCCGGCAAGAGTACTCTATTCGGCATTTTGAACGGCAATATTGAGCTGGATGGCGGCAAGGTGTTTCTGCCAAACAGTCTGCGAATTGGTTACCTTCGGCAGCACTTGCCGGATGGTGCGCTTGAGTCCAGTCTTATTGATTTTGCTGCGGATGCACTTCCCGAGCTTAAAAAACTTTCAACCAGACTGCATGAGCTGGAGCACTTGCTTGAGAATGAAAACGATCAATTACAGGCTGAACGTTTTCTTAAAGAGCACGGTAATTTGCAGACTGAATTCGAACACCTTGGCGGGTATACTATTCGCAGTGCCGCTGCGGCAGCGCTTTCCGGACTTGGCTTTGCAGCTTCTGATTTTCAGAAGAAGATGCTGGAGTTCAGTGGCGGCTGGCAAATGCGGGCGGCTCTGGCCAGGGTACTGATTTCCAGACCTGACCTTTTACTTCTTGATGAGCCTTCCAATTATCTGGATATACCGGCAATTGAGTGGCTGGCGCGGGATTTACAGGGGTTTCAGGGTACTTTGCTGATGGTTTCGCATGACCGTTATCTGCTTAAGCGCCTTTGCCGGGTAACTGTTGAAATCAATAATGGCCTGATTACGCGCTATGCCGGTGACTATGATTACTATCGGCGTGAACGTGAGCATCGACTGATCAGCCTGGAGGCCGCGCGCCGGAACCAGCAGCGCAAACGTGACCAGTTACAGCGGAATATTGACCGCTTCCGGTCAAAAGCCTCAAAAGCCTCTCAGGCGCAAAGCTGGCAGAAGCAACTGGATAAAATGGAAGAACTGGATCAACTGGATAACCTGAAATATTCCGGCAATATCCGGTTGCCTGCTGCTCCGCCCTGTGGTGCTGAAGCTTTCAGATTTGAACAGGTTGTTTTCAATTACCCGGGTAAACAGATTTTTGAAGGTCTGGATTTATCAGTAGAAGCCGGCAGTAAAATTGGCTTTGTTGGTTATAATGGTACCGGCAAGACAACTCTGCTGAAACTGCTTGCCGGTCAACTGCAGCCGCAGCATGGCAGGGTGGTTACCGGGCATAACGTCATATCCGGGTATCAGGCTCAGGAATTTGCTGAACTGCTGCCGGATGAGTGCAGTGCTGAGGACGTAGTCAGGGCGGCGGTCACTGACCGTGACAAGCTCAGTGCGGTGCCCGGGGTGCTGGCCGGTTTTGGTTTTGGCCGTGATGAAGCGGCAAAACTGTGTAAGGTATTAAGCGGTGGAGAAAAGATACGCTTGTGCTTTGCCCGTATTTTTATAAATCCGCCTAATTTACTGATACTTGACGAGCCGACTACGCACCTTGATATTGCAGCTCGTGAGGCCCTGCAGCAGGCGCTGGAAAATTATAAAGGGACCTTGTGTCTGGTGAGCCATGATATTGAATTTGTCCGGAATGTGGCAAAAACAATAATTGCCATGCGCCCGCCTGGCGTACGCAAGTATTACGGAGATTATGACTATTTCCTCGAAAAGTCGGCGCTGGAAGATGCAGTTTCTGAAGAAACTGTCAAAAAGGACACGGCAAATCCAGATGGCGCCGCCGGCAGGGAGCGCCGCCGGGAACGGGCACGTAAGCGGCAGGAACTGGCCGCGTCAAAGAAAAAAGCCCAGAGGGAGGTTGAAGAGCTGGAAGATATTCTTGAGAAGCTGGAAGCCTCACAACATGAATTGCTTGGAAAAATGTCTGCGGGTGATGGAGTGGATTATCCGTCGCTGAATCGTGAAATTTCGGAGATACAAAAAAATATCGATGAGAAGACAGCCGAATGGGAGCAGGCTGCTGAGCGGCTGGAGCATATTTTGGACTTGAAT
CP071032.1_gap75	3091754	3093337	1583	CTGGATGAAAACTGATTGAAATTGCCGAGCAAATATTTAAAGTTCAGGAACTTTCTTCTGATAAAATATCCTTAAATTCCATAAATGCCTTTTTATAGCGGGCTCCGTTATGGCGGTTGAAACTGCGTCTTGCTACTTCCCTGAATTTATTTATTTGCGGGTGCGCAGCTTCGAGAAGTTCGCTGATATTCTGGACAATCATCATTTCACTTTCACCGATAATTTCTTCCATGCGGCGCAGTTGTGTAGCAATATTGCCGCCGATAAACTGGTTGATATTTTTCTCCTCATTGAAGATCGAAACCTCGTAATCAACCATATCTCCGGCGGCATGAGTGATATTACGCAGCAGTTTTAAATAGCTGAGGTAGCGGTTTTCGCGATCACTTTTCTCTTCTGTCCCCAATGCGGTCAGAATAGCCTGGGTGTCCTTGATTGAGATATCAAGCAGTTTAACCGCTTCATTGTAAATTTCCTTGCGCTCGTTGTCCTGGTGGGAAAACAGGCTTCCAGAGAGAATGGTTTCAACGCAATCGTAAGCCGCATCACGTCTCCCCATCAGCGGGGGGATATTCATCCTTACAAGATAGTCTGGCACGGAGTTTTTGACCGGCCTGGACTGACTCATCTTCTGGATGGTTTTTTTCACCTTGGATAGCACGTTGTTATGAAATCTGGGGTTCATTATTTTGTATCCATGTTTCCTTTTTCCGGATTGTGGTAAAAAATTTACACTGTGACATACAATAGGCTGATTTTAGCTTTTCGTCAACTCAGTTTGATTTGTAATTACTAATTCTAAAGTTAATTTATAGCTGTGATGTTATTGAAGCTGAAGTTATGTCAAAGAATCAGGGGTCCAATGAATATACTGAAAAAAACCGCATTTCTGTTGTTTTCTGCAGTGATTTTAACCGTTAATTTAGCGGCAGGTACAATCCCTTTCCGTCTTGGGAAAGTGTATGCTGCTGAAATTACCTGCAGCCGGGTTAATGTTTCGGGTCTCAAGACCAGCAGTTTCAAACTGGACTTTCCTGAGAAATCCTATGCCGCAGTAACGGCTAAACTGCAGCCGGGAAGAAGCCTCAGCATTTATGACTTCAAACTGCGCATTGCCGGTGTCGATTACCCGTGTGTCGGGCTGCGTACAGGTGATTCGTCATTCAGCTTCAGTCAATGGAAAATTTCCTCAACGACTCCTGGAGTTTTTTATTCGATGCTCTTTATAATAGACTCTGCAAAAATAAATTCGGATGTCAAAAGTGTTGAGGGGACGCTTCTGTACAATCTTTCCAGTGGAGGAATTGTTAGAACAACTATTCCGTTCAAGGTTATCAAAAGCTCTGCTTTTACCTCGGGGGCAAATATTCCTGATAAAGGTATGTTCAAGCTGCCTGAAAAAGAAAAATCCAGCAAGTAATGGAACTAAATATTACTGTTGTTTGTCGTTGGAGAAGCAAGTATACGGTTTTTTATCATTTTTAATAACGATTTGTTTGAAGTGCGGTTAAAGGCCGGAGCGATATAATAAATCAGCAGGACTGCTTAATGAAACATAAAGATATTCCGTTTCTGCCTACATC
CP071032.1_gap76	3198220	3198720	500	AAAACTGCTACTGAGATTATTGCCAGGAACCCGGACTATTTAAAAAGCACAAATGAGGCTTCTATAGATGGGCTGGTGAACTTTTTTTCGAAGCTGTATGATAAAACGCAAGGTTCTGAAAGTCAGGATGATGAAAGCAAAGACGATTCTGTATATAATCAGCTTTCAGAGCGCATTTGCTGAAATTAATAGTTGCGGACGCGACATACTGTTTTGCTTGCGATAAGCTTTTAATTGCTCTCAATTGAGTGATTTGACGGCTTGATTTTGAGTTTAAGAGGTTGTAGATTCTAACTTGTTTCTGAGAGAGTAATGAATTTCAGGATAAGATTAGCTTTTTTACAATATTGCGCTGTGTGTAATGTTCAGAACAGGAGTCTTCGGGAGGACACTTGATTAGTTTGTCTGATATTAAAGATTTGTATCCATTCAAGTCCAACTTTATCAAAGTAAAAGGGTACCATTACCACTACATTGATGAGGGGCAGGGGGATCGCCCC
