gap_id	start	end	length	sequence
CP077684.1_gap1	11341	13272	1931	TCACCGCGAGGTTCATGATCACCTGCTCGATCTGCCCTGAATCCGCCAGAACGGAAAGCTCTTCGCCGGCTAGATGCATCCTCAACTCGATGTGCTCGGGGATCAGGCGGCGCAGCATGACCTCCAGGTTCACGAGGATCGCGTTCAGCCCGACCGGCACCGGGTTGGTCACCTGCTTCCTGCTGTAGGCCAAAAGGCTCCGGGTGAGGTTTGCGGCCCGCTCGGACGCCCGCAGGATCTCGCTTACCTTCGCCTGCTGGGGATGATCATCCTCCAACTGCACCTGCATCATGGTGCCGTAGCCGATGATGGCGGTGAGGATGTTGTTGAAGTCGTGGGCGATCCCGCCGGTGAGGGTGCCGATCGCTTCCATCTTCTGGGACTGGGTCAGCTGGTGCTCCAGCGCCCTTCTCTCCTCCTCGGCCTGGAGGCGGTCGGTCACGTCGTAGCAGGTCCCTATGTACCCCGCGAACCTGCCATCCAGTCCGTTGAAGGGCCTCCCCATGTCGACGATCCAGTGGTAGCTGCCGTCCACGTGGTGCAGCCGGTACTGCATCTGGAAGGGGGCACGCTGCGCGAAGGCGTCACGGTAGGTTTTCATGCAGTAATCCTGGTCCTCGGCGTGCACCCCGGCGGCCCAGCCGTCACCGAGCTCGTCGGCCAGGTCGCGCCCGGTGAAATCGAGCCAGGTCCGGTTGAAGTAATTCACCTTGCTGTCGGTGCCGGCACGCCAGATCATGGCGGGGAAGTTGTCGAACAGGGTCAGGTAGAAGTCTGCGGAGCGCTCCAGTTCCAGGAGCATGGTGTTGAAGGTGCGGGCCATCTGGCCGATCTCGTCGTCGGAGGCGACCGGCGCCAACTTTTGGGCGAGGTCCCCCTTGGCCGGAAGCTGTTCCAGGTGCCTGGTGAAGGAGACCAGTGGCCTGGTCAGGTACTGCATGAAGGGCCAGACCAGGCAGAGCGAGAGGAGGGCGGCGGCCAACGAACCGGCCACGAAGTAGTTCCTGGCGGTGTACACGGCGGCATACGCCTCTTCGATCGGGTAGCTCACCGCCAGCACCCAGCCGGTCGACTGCAGCCGCTTCACGGAGCGCAGCACCGGGATTCCCGTCCGTGTCATGGTTTCCGCCGTCCCCTGGAACCCCTGCAGGGCGCGCTCCAGCATCTCGTTGGTCCCGGGCGGGTCCTGGCGCAGCACCCTCCGCTTGTCCGGGTGCATGAGGACGTTGCGCCGGGCGTCGTAGAGCGACAGAAAACCCCTCTTCCCGAGCTTGAGGGCGGCCAGCGAGCGCAGGAAGTGCTGCTCGCGCAGGTCGATGCTCCCTCCGAGGATGCCGGCCAGCTCATGCTTCTCGTCGAAGATCGGGACGGTGAACATGATGATGGGGCGGCTTTGTTTCTGCAGCGAGGCGAAAGGGGGGGAGATGTAGGTGGCGCCGCGCTTTACCGTCTCCTTGTAGTACTCGCGGAAGGAGAAGTCCATGCCGATGAAGTTGAGCCCTTGTGGGGTGGCCGCGACGAGCTTGCCGGAGGGGGAAAAAAGGAACAGCGAGTTGTCGAAGAACGCCCGCTGTCTCTGCTCGGTATCCAAAAGGAGTTGGGCCTTTTCGGGGTGAGCCACGGCATCCCGGGTGAGACGGCGGGAGAGGTTGTGCAGTTCGGAGGTGAAGTCGAAGATCCGGTCGTCGATCTGGGCGGAGAGCGAGTCCAGCAGGACGGCCTGCTGTTGGGAGATGCTCTGCTTGAAGGTCTTCTCGAAGAAAAGGAATGAGCCGACCGCGGAGACAGTCATCAGGACCCCGACCAGCAGGAACACGGCCAGGGTCATCTTGGTTTTCATGCTGGTTAAAAGCACAAACGCTCCGCTGGCTGCTGGTTCCCGGTCCCCTGGTTTTTGTCACGCCTCTGGTCGGTACCGCTGCTAGAGCAGG
CP077684.1_gap2	21763	26709	4946	CATCTCCTTCGGGCTCCCCTGCCGCCCGCTCATCTCGTCCACCTTCTTCTCCATGGTCATGGCTGCCGGTCTCACCTCCGCCATCGTGAACGTGAAGGAGGCCCCCATGATGTCCGCCTGGAGAAGCGCCATGGTGCTTTTGGGCAAGGACGTGAACGCCGCCGGCTACATCGACGCCTACCGCGGACAGTCCGTCGGCGCCACCGTGCAGCCTGCGGCTGCCGCCGGGGCCGCGGCGCCCGCCGCTGAGGCCGCCGGGCCGGAAGGGATACGGGGGCGGCTGGCCAAGGCGGTCATAAACGGCGAGCTGGAAGCCGTGGTCCCGCTGGTGGAGGAGGCCCTCGCCGAGGGGCTCTCGCCGATGCAGATCAGCTCGGAGGCGCTCCTCGTCGGCCTTGACGAGGTCGGGAGACGCTTCGGCAACGGCTCCTTCTTCCTGCCGCAGGTGATGGTCTCCGCCGACACCATGAAGGCGGCCTTCGCCCGGCTGAAGCAGGAGCTCTCCAGCGGCGCTCTGGAAAGCGCAGGGAAGATCCTCATGGCCACCGTCGAGGGGGACATCCACGACATCGGCAAGAACATCCTGGTGACGCTTCTGGAGAACAACGGCTTCGAGGTGATCGACCTCGGCAAGAACGTCCCGGCAGCGAAGATCCTGGACGCGGCGCGCAGCCACCAGGTGGACGCGGTGGGGCTCTCCGCGCTGATGACCACCACCATGGCCCAGATGGACAAGGTGGTGACCCTTTTGAAGTCGGAAGGGGTGAAGAGCTTCACCATGGTGGGGGGCGCCGTGGTTACCCAGCAGTACGCCGACGAGATCGGCGCGGACCTCTACGCCAAGGACGCCATGGAGGCGGTGGCCCGCATCAAGGAACTGCTGGCAAAATAAACGCTTTTTTGCGGTGACGGGAGCCGGCATCGCCCCGAATATCGCTTGCAACGCCGCTCCCGCTGTGCTAATTTGCGACGGGTCCGCCATTTGGCGTAGAGGTAAGGCATGGTCCTTGGTTTCAACCACAACATCAGATACAAAGGGGAATTGTTCCACGTCCAGACCGAGGACAGCGGAGTCGCCAATCCCCACATCATCACCTTGCTTTACCGCGGCGGGGTCATCCTCGCGTCCGCCAAGACCAGCTATGCCGACATCATCAAGGTGGAGCAGCTGGAGCTGGTGGTCGAATCGATCATGAAAGAGCAGCACAAGGACATGATGCGCCGCCTGAAAAACGGCGAGTTCGATGCCCGCATCTTCCCCGGCGGCGTGCCGGCGACCGCGGCCGAAGAGCAGAGTCCCGCTGTCGAACCACCCCCGGCACCCCCCGCGCCGCAGGTCGCCCCCGCGCAGCCCGCACCGGCGCGCCCCCCGCGGCAGGAGGCACCGGCGCAGCCGACCCCCGCCGTACCCCCGACATCTCCAGCCCATCGTAGCCTGGATGAGGTGATCCTCGATTACCTGATCACGGGCGAGGACAAATAAAGCCAGCCTGAAAGGAACCTTCGTGAAAGAAAAGATTGCAGATCTGGAAGAAAAGGCGAGGCGCCTGCGCGTCGCGATCGTGAAGACGCTGCACAAGTCGCAGTCGGGCCACACCGGCGGCTCGCTTTCCGCCATCGACATGGTGTGCGCACTGTACTTCCACAAGATGCGCCACAACCCGGCGGAGCCCGCCTGGGACGGCAGGGACCGCTTCGTGCTCAGCAAGGGGCACGCGGCACCGGCGCTCTACGTGACCCTCGCCGAGTGCGGCTACTTCCCCGCCGAGGACCTGATGATGCTGCGCCGCCTGGGGAGCCATCTGCAGGGGCACCCGGACAGCAAGGGAACCCCGGGGGTCGACGTCTGCACCGGGAGCCTCGGGCAGGGGCTTTCCATGGCCAACGGCATGGCGCTGGGGCTCAAGCTGGACGGCAAGGAGAACCGGGTCTACGCGGTGCTCGGCGACGGCGAGCTGCAGGAAGGGCAGATCTGGGAGGCCGCCATGGCCGCCGCCCACTACAAGAGCGACAACCTCTGCGCCCTGATCGACTCCAACGGCCTGCAGATCGACGGCGACGTCTCCAAGGTCATGAACGTCTCCTCCATCTCCGACAAGTTCAAGGCCTTCGGCTGGAACGCGATCGAGATCGACGGGCACGACATGGGGCAGATCGTGGCCGCCCTGGACCAGGCCGAGGCGCACAAGGGGGCACCCACCGCCATCGTCGCCAAGACGGTGAAGGGCAAGGGGGTGCACCTGTTCGAGAACAAGGCATCCTACCACGGCGTCACCCCGAACGACGAGGAGCTTCCCGAGGCGCTCAGGTGCCTGGGGTGCTGCGACTAGAACCGTTGGCTTCCGGCGCTTCCCCGAATTCCCATCCCCCCGGAGGGGGAGGCCGGAAGGGGGAAAGCCGTAGCTGGAAAGCCATTCTACCCCCTCCCTGACCCTCCCCCTCCGGGGGAAGGAACGTGGACGGACACATACAGAAAGGGACTAATTATGATCGCAACGAGGGACGCTTACGGCGAGGCGCTGGCCGAGCTGGGGGGCGAGAACGATAAGATAGTGGTGCTGGACGCGGACCTCTCCGGGTCCACCAAGACCGGCGTATTCGCGAAGAAATTCCCGAACCGCTTCTTCAACATGGGGATCGCCGAGGCCAACATGGTGGGCACCGCCGCAGGGCTCGCCGCAGTGGGGAAGGTTCCCTTCCTCTCCACCTTCGCTATCTTCGCCGCCGGCCGCGGCTGGGAGCAGATCCGCCAGTCGGTCGCCTACCCGAAGGCCAACGTGAAGATCGTCGCCACCCACGGCGGGGTCACCGTCGGTGAGGACGGGGGCTCGCACCAGTCGGTGGAGGACGTGGCCATCATGCGCGCCATCCCCAACATGACCGTCATCGTACCGGCCGACGGCGAAGAGACCAAGGGGGCCATCCGCGCCGTCGCCGCCTACAAGGGGCCGGTCTACGTGCGCCTGGGGCGCAACAAGGTTCCCAGCGTGTTCCCGGCAGGGCACAAGTTCGAGATCGGCAAGGGCGTGGTCGTGGTGCCCGGCACCGACCTCACCTTCATCACCACCGGTCTCATGACCGCCGCCGCGGTCACCGCCGCCGAGAAGCTCAAGGCCGAGGGGATCTCCGCCCGGGTGCTGCACATCGGCACCATCAAGCCGCTGGACAAGGAGCTGGTGCTGCAGGCGGCCCAGGAGACCGGCGCCATCGTCACCGCCGAGGAGCACTCCGTGGTGGGCGGCCTTGGCGGCGCAGTCGCCGAGTACCTGGGCGAGGCCTGCCCAACCCTGATGAAGCGGGTCGGCGTGTACGACCGCTTCGGCACCTCCGGTAAGTCCGACGAACTGCTCAAGTATTTTGGGCTCAATGCCGAAACCCTCATCGAAGAGGCCAGGGAGATCGTTTCGAGGAAGAAATGATGCCAAGGGTACTCCGGTCCACGGGTGGCTTCACCTATATCGGTGCCCTGGTCATGGCCGTGATCGTCGGGATCATGGCCAGCCAGGCGGCGGTGGTCTGGAGTACCGCCATGAAGCGCGAGCGGGAGGAAGAACTGATCTCCCGTGGCACCCAGATCCGGGACGCCCTGCGCAGGTGGTACAAGGTCAGGGTCATCGACGGGAAACTGGTGTCGAACCAGGTTCCCGGCAATACCGGCAACGTCAACGCCGCGCCGCCGGCGGTGGCGGGCCCTCCCGAGCTGAAATCGCTGCTCCAGGACCCGAACACCCCCGGCAAGTTGCGCTACCTGCGCCCCTACGCCCTGGTCGACCCAATAACCCTCAAGGAATGGGACGTGATCAGGAAGGACGGCAAGCTCGTCGGGGTCAAGTCGAAGAGCGAGCAGGTCCCGATCAAGCAGGGGAACTTCCCCTTCGATCTCCCCCCCGCCGACTTTGAGAAGAAGACAAAGTACAGCGAGTGGGAGTTCGTGTACGACCGCGTTCCGCCGGTTACCGCAACCGGTGGGGCAATAACGGGGCTGAATCCGAGCAGCAGCCCGACCCCGAGTACCAACAAGAGTAGTTCCACCACCCCCTAGGCTGCAGATGGCCCCTCCCGGGAGGGGGACAGCGCCCGAAACCGGAGGCACCCTGATTTTCAAGAGTCTCACATCGCGGGTTATCGTGCTTTCCATCTGCCTGCTCGTGTTCGGCATCGGGACCTTCGCCTTCCTGACGCTGCGGCGCGAACAGATGCAGCTCGTCAACTCCGCCCGTGAATCGAGCGAGCTTTTGCTCGACACCATCGAACGCTCCCTGTACAACTCCATGCGCCACGGCAACACCGAAGACGTGAAGGTGATCCTGGAGATGGTGGGGCAGAGCGAAAACCTGGTGGGCGTGCGCATCTTCCATCCCCACGGCGTCATCCTGAAGTCCTCCCAGGCCTCCGAGGTCGGGCGCGTCGTGGACCAGCACGACTTCAAACTATTCCTGGACAACAAGCGCGAGGGGGTCTTCACCCTGGACGGGTACGGCGAGGTGCTCGGCATGGTGAAGCCGATCTACAACAACCGCCAATGCAACCTGTGCCACGGTGCCAAGAGCAGGATCATCGGCCTGTTGAACGTCAACTATTCGCTCGTGGAGACCAGGCGGCGCATCGTCGAGCTGACCAAGCTCTTCGTCATGTCCACCGTCGCCATCATCGGCTTCCTGTCGCTTGCCATCTCGCTGGTCATGCTGAAGTTCGTGAAGAAGCCGCTGAACCAGCTGGCCAAGAACATGGCCCGGGTGGAGGCGGGAGACCTCTCCGTGCGCATGACCCCGGAAGGGAAGGACGAGATCGGCCGCCTGATCGTCTCCTTCGACTCCATGGTGGACCGGCTGGACCGGGCCAAGAAGGAGCTGGAGACCTACCACTACCAGCAGATGGAGCGCGCCGACCGTCTGGCCTCGGTGGGCGAGATGGCCGCCGGCATCGCCCACGAGATCAAGAACCCG
CP077684.1_gap3	218371	218918	547	CCCGCGAGGCAGGGGCGTGGCTGGAGGTAGAGGTCGAGGACAGCGGCTGCGGCATCGCACCGGAGGACCTGGAGCGGATCTTCAACGCCTTCGAGCAGGCGCACCTGGGGGGGGCGGACCTGGGGGGGACCGGTCTCGGCTTGGCCATCAGCCGCCAGTACGCCCGCCTGATGGGGGGGGACATCACGGTGCGGAGCACCCTGGGGCAGGGCTCCTGCTTCCACCTCAGCGTACCCTTGAGCCATGCCACCGCCCAGGAGCTGGCCGATGCCCTCGACCGCCGGCGCGGTGCGCCGGCCGCGGAGCGGAAGCCGGAACCGGGGGAGCTGGACCAGGAGCTGACCCGGTTGCCGCCGGAATTGTGCCGCAGCCTGGTTGCCGCCGCACGGGGGCTGGACAAGAACTCCCTCTTGGAGCTGCTGGAACCGGTGGCGCAAAGCGCACCCGGGGTGGCCCGGCGGATTAAGGGGCTCGCGGAGAGGTACCGTTTCGACCTGATCGAGGAGTTGGTCGCGCAGGCGGGAGCGGGAGAGCGGCAGGGGTGATA
CP077684.1_gap4	222545	223628	1083	CGGCGGAGGGGGGCGTTTCCGGCGGTTGTCGACCCTCCCGACTGGCGGTGCCTGGAGAGATGCGTCGCGCCGGAGCGGCGTCAGGACGCCAACATCTGCGCGATCTTCTCGTTCAGCTTCCTCGCGTCCAGCGGCTTCGAGATGTAGTGCATCCCTTCCTCCACGATGCCGCGCTGGGCCACGATGTCGGCGGTGTAGCCCGACATGAACAGTACCTTCACCTCCGGGCGGATCGCCCTGATCCGCTCGGCCATCTCGCGCCCGTTCATCCCGGGCATCACCACGTCGGTCAGCACCAGGTCGATCCGCTCACCCTTGCCGCAGATCCCGATGGCCACTTCCGGGCTCTGGGCCTGGATCACGGTGTAGCCCATCTCCTCGAGCATCCTGGTCGTGGTCCACAAGAGCATCTCCTCGTCCTCCACCAAAAGCACGGTACCGCTCCCGGTGGACGGGATGGCGGCGTCGATCTCCTCCTCGTCTGCTTCCGCGTCTCCCAGGCGCGGGAAGTAGATGGTGAACACGGTGCCGTGCCCAGGTTCGCTGTAGACGTTGATGAACCCGTCGTTCTGGGTGACGATGCCGTACACTGTGGCGAGCCCCAGGCCGGTCCCCACCCCCAGCCCCTTGGTGGTGAAGAAGGGCTCGAAGATGTGCTCCCGGGTCTCCCGGTCCATCCCGATCCCGGTGTCGCTCACGGTGAGCTTCACGTAGTCGCCGGGCGCACAGCCTGAGTGATGCCGGCAGTAATCGGCGTCGAGGCGGACGTTGGCGGTCTCGATGTTCAGGGTGCCGCCGTCGGGCATGGCGTCGCGCGAGTTGGCCGAGAGGTTCATGAGGATCTGGTCCAACTGGGACGGGTCGATGAGGACGGTCCAGATCGATGTGGCAGGCTTGAAGTTGAGTCGGACATCCTCGCCGATCAGGCGGCAGAGCATCTTCTCCGCGTCGATGATCTGGCTGTTCAGGTTCACCGGCTTGGGCGAGACGATCTCCTTACGCGAGAAGGCCAGGAGCTGCTTCGTGATCTCGCTGGAGCGCTGCGCCGCTTTCAGGATGTGCTCGAGGTACTTGTGCAGCGGG
CP077684.1_gap5	359480	362651	3171	TAACCCCTTCTCCTGCCGCTTTGCTTCACTTTTACTCCGTTCTACCTGCCACTGCCGCCGGTGCCTGTTCCGGTGCCTGTCGAGCCGCCGGTGCCACCGGTGCCGGTACCCGTGGTGCCGCCGGTGCCGGTGCCCATAGTGCCCGTACCTCCGGTCCCCATGTTACCGGTCCCCATGTTACCGGTCCCTATGTTACCTGTACCGGTCGTCCCCCTGGTCCCCTGGTCGTAGTAGCTGCCGCCGGTTCCCTGGTTGAGCGTCCCGCCGGTGCCGCGGTCCATGGTGCCGCCGGTCCCCTGGTTCAGAATGCCGCTGGGACCGCGGTCAAGGGTGTTGCCAGTTCCCCTCGTCCCCTGTTCCAAGTAGCTGCCGCCGGCCCCCGGATTTAACGTGCCGCCTGCACCGCGGTCCGTGGTGCCTCCTGTCCCCCTGGTCCCCTGGTTGTAGTAGGTACCGCCGCCTACCGTTCCGCCCGCGCCGGTGCCCATGCTGCCACCCGTTTCAGGTCCCAGCCGCTCAACCGAGAAGTCCTGCCGCACCGTGCTCCTTGCCCCCGCTCCGCTCGGGAGCGTGGTGCCGCTGTAGCTCTGTACGCTACCGCCACCGGAGGAACCGGAGACGGTCCCGCTCCTGTGGGAGGTTTTTTTGTGGGCCATGCCGGCTTTGTGCGCCCCTGCTTTGTGAGTCATTTTATGGGTCTTGCTCGTTTGAACTCCTGTGTCGGCAGCATAGCCCATGCCGGTGGTCATGCCCATCATGCCCACTGCGGCGATAGCGGTGAATAGCAACCTTCTCACTGTTCTCATAATCGGACCTCCGTTCCCGGTAAAACCTGCCGGGAGGCACCGCCTGCCTTGGTTCGCAGAAGAGCCCCATGGCCCCTGCGGTGCCCCATTTGGTTTGTATACAATTCGTGCTGCTGATTTCAACTTAACATACATGATTAAAAAAAGTCAATTTTTCGTCTCTCGTGGCTTTTGCGTAAGGATCCGTAATTGTTGTTTTTTTGAATGGGCATGCCCCGCGTCCGCCGGGTGCGTTGCACAAAAAAGCGGCGCTCCTCTCCAGGTTCTGGCCATGAGAGATCTCGGGGCGGCAAGGGAGGATTGCCTCTACTGACACCATATGGTTTCGGTGCGGGAGCCGACGCGACACGCGGCGTGGGAGCTGTGAGTGAAGGGGGGCGGCTTGACAGTGGCCAAAGAACTTGTACCCTACCTCGATGCATTAGAGTGTTGTAAGGTTGATTCCAATGTGCGTTGGCCGGGGGGGAACTGCATGAAAGCAACCACGCTTTGTCGAGTCTATCTTCGCAGCGGTCCGCGCAACGTCCTCGCTTACCCTCGCAAGGTGATACCCGCAGGCGCCGAGGTCGCGGTGCTCGAACTCGCCGGCGAGTGGCTCAAGGTCGGTTATTTAGAGAAGGAGGGGTTCCTGCGCAGGGACTCCGTCGAATTGGAGCCGGGCAGCGACCGGGAGTATTACGAACTCCCCGAGGTTTTGCTGCGCGAACTGGCAGCCATCCGGGAGAGCAGGGGGGAGGAAGGAGATGCGGGGCAGAGTGCACTTCCCGCTGAGGAAGACAAGGAAAGCAGGCTGCGCCGGGTGATACCGCAACTGCACGCGGCACGGCTGACCGCCCTCTGCCTCTCCGGCGGCGGCATCCGGAGCGCCACCTTCAACCTGGGCGTGCTCCAGGGGTTGGCGAGATGCGGGCTCCTGGGCAAGGTTGACTATCTCTCGACCGTCTCGGGAGGCGGGTACATCGGCAGTTGGCTCAGTTCCTGGATTTCCAGGGAGACCGGGACCGCGAAGGACAGGCTGGACAAGGTGACCCGGGTGCTGGCGCAGCAGACGGAGGAATCCCGGCGCCGGGAACCTTACCAGGTCCGTTTCCTGCGTGATTACAGCAACTACCTCACCCCCCGCGTCGGGATGTTCAGCGTCGACACCTGGAGCATCATCGGGACCTATCTGAGGAACCTGCTTTTGAACTGGCTGGTGCTGATACCGATGTTGTTCACCTTCCTGCTGCTGCCGAGGTTGCTGGTGCTCCTGGTTTCCGGCCAAGGGATGGAGACCGGGGGGGGAGAGTGGCTGCTCTGGGGCGGGGTGTGCGTCGGCATCCTGCCCATCGCCTACACGGTGATAGATCTCCCCAGCATAGGGGACGGAAAACTGGATAAGGGATACTTCATCGCCTTCTTCCTGGTTCCCCTGCTGCTCATGGCGGTTGCTCTACCGTCCTATTGGGGCTGCAGCTATCTCGCCACGGACGCTACCTATCCGGATGTCACGGTTTTTATCGGGTTCGCGATCTCGGTCCATCTGGGTGGGTGGGTGGCCGGGCACCTCTGGCTCTGGACCAAAAAGGTCTCCCGTCCCCTGCTGCCGGCTGCCGTCTTCTTCGTCTGTGCGGCCCTGACCGGTGCCGTCGCCGGTGCCCTCGGCTGGGTCGCAGCCACGAGGCTCCTGCCGGTCCTCCTGACCAGGGTCGCGTATCCCGAACTGCTCTTCGCCGTTCTCTCTGTTCCCCTGGTGCTGACGGACTACCTGTTGACCGGCACGCTGCTGGTGGCGCTTCTTTCTCGTTTCACGGGGGACCAGGACCGGGAATGGTGGGGACGCGCCGGCGGCGTGACCATCATGGCGGGGCTGGCCTGGGCTGCCCTGCTGGCCCTGGTTGTCTACGGGCCATGGCTCATCCTCCCCGAATCGCACGGGCTCTGGAAGAAGCTCTACGCCCTGCTGGGGGGCGGTGCGGGCATCGCGGCTGCCTTGATGGGGAAGAACGCGGCCACCCCCGCCCTGCGCCCCGGCATCTCCATGGACAGGGTTCGCACCCAGCTTCCTGCGGCCGCGGCAGTATTGTTCCTCCTGTTCCTGGTGCAGGCCGTATCGCTTGCCGCCACCTGCCTGCTCTGGTGGGGAGAGCTCCCCTGGTCGCCGGGGCGGGGGGGGATACCCTCGGATGTGCCGCTGGGCGTCGGCTTCCTGACCCACCTCTACCTTTTGGCCAACACCCAGGTGGCCTGCCTGCTTTGGCTTGCTGCCGCGACCGCATCCATCTGGTTGCTTATGGCCTTGATGGTGAACATCAACAGCTTCTCGATGCACGCCATGTATCGCAACCGCCTGGTCCGGTGCTACCTCGGGGCCTCCCGCCGCAAG
CP077684.1_gap6	363757	365757	2000	GTTGCGCATCTGCTCGCTGTTGTAGGGCTTGGCGAGGAATGCGGCGTGCGGATCCCTGTCGATGAAGGGAGAGACCTCCTTCTTGCCGTAGCCGCTGCAGAAGAGGATGGGAAGCGAAGCGGTCTTCCTGCGCAATTCCTGGTAGGCTTCGACGCCGTCCATTTCGGGCATGGTCAGGTCCATCAGGACCAGGTCGATCTCTCCGGAGCGCTCGTCGTAGATCTCCAAGGCTTCCCGGCCGTTGCAGGCCGTGATGACGCTCAAACCAAGCCCGTTCAACAAGACGGTGCCGACCAGGCGCAGTTCCGGTTCGTCGTCAACCAGCAGGACGGTCCCTTCCAGCCAGTCACGGGATTGGCGCGGCGGCTCGGGGGCGAGTTCCGCCTCCACCCGCGGGCAGGCGGCAGGTGGGGTGGGGAAGAAGATCCTGAAACTCGATCCTTCCCCGAGCACGCTGGAAAGCTGCAGCGCACCGTTGTGGCTCCTGATGATCCCCATGGTGGCGGACATGCCCAGGCCGCGCCCGGTGAACTTGGTGCTGAAGAAGGGCTCGAAGATTCGCTGACGTGTTTCCTCGCTCATGCCGCAGCCGTCGTCGCTGACCTCCAGGCAGACGTAGGAACCCGGGGCGATGGCGTTGCCGAAGACGTCGTGGCCGGCCTGACCGGGGGGGACGGTGTGCCGGGCCAGGGAGATGGCTACCGTCCCTTTCCGGTCGCCGATCGCCTCCACCGCGTTGACGACGAGATTCATGATGATCTGCTGCACCTGCCCCTGGTCCCCCTTGATAAGCGGGACTCCCGGCTCAAGCTGGTACCTTAGGGAGACCTTCTTCTTGAAGCCGGGCTGGAGCATGCTGACCACCTCGCGTACCTGGACGTCGAGGTCTATCTCCGTCTGTAGCAGCGGGCTTTTGCCGGCATAGTTGAGCATCTGCCGGCACAGGTCGGCGGCGCGGTTTCCCGCCTGTTCGATCTGCTCCAGGTGCTTTTGCACCTCTTCGGGCTGCGCTGTGCGGGCCATGGCGCAGTGCCCGAGGATGATGGTCAGGATGTTGTTGAAATCGTGGGCGATGCCGCCGGAAAGCACCCCCAGGCTCTCCAGCCTCTGGGTCTGTTGCAGTTGCTGTTCCAGCGCGAGCCGGTACTCCTCCGCCTTCTTCCGTTCCGTGACGTCGCGGGCCACGTGGACGCAGGCGGTGATCTCGCCGAACTCGTTGTACAGGGGCGAGACCGAGATCTCGAAGAAGCCCCCCAGGTGCTGTTCTTCCATCTCCACGTTAGCCGCCTCCCCCTCCTCCAGCAGTTTCAAGAAGGGGCAGGTGCCGGGAACGTTGCCGATCTCGTGGAAGAGCTCGTAGCATTTGCGGCCGGGGATCTGGGACGGGCGCAAGCCGAGGCGGTCGGCCATGGCGCGGTTGGCGCGGGTGATGGTGTGCTGGGTGTCGGTGATGAAAATGAGGTCAGGAACGGCGTCGAAGGTGAGTTCCCATTCCCGTTTGCCGCGGCTGAGAGCCTCGTAGAGAAACTGCGTGGTTAAATCGCCGTCGACTAACATGCCGTTACCCCCAGGGCGGGAACCATACCTTCAAAGAGCGGTCGGTCTTTCCGGCCGCTGCGTTGCAGGTGCATGCCGGGTTGCAGCGGGATGCGCAGGCTGTCGCAGCCAAGCTCTGGTTTCATGGGGGCCCCCGTGATGTGGCGCCACCCGGCGAGTGGGGGGGAGGCCGTTACGGAACCGAAGAGCAAGCGATGCATGGCCTATCTCTCCTCCGTTTTGCATTCCATCATCCGCACCGGACGCAAAAAAGCCGGGGCAGAATATCGAATGATATTTCGGCAACCCGGCTGTCTCCGAGAGACCCAATAGGCTTTCCGCCCCATCCTCGCGGATGGTTGAGTATTATCGTGTATCTTGTTGATGTATTTGATTTTCGATAATTATGCTCGTTGCCAAGGGTGAAGTCAACGAAATGGCGCCTGCCGACTGGGTAAACCTTG
CP077684.1_gap7	369280	371173	1893	CTCGCCGTGGCGACCGTCCCCGACTGCGCGGCCACCTCCTCGGCGGCGGTGGCTATCTGCACCGCGGTCGCGCTCAGTTGCTGGCAGGAGACGGAAAGCTGGCCCGTGTTCCGGGACAGCTGCGAGACGATGCCGTGCACGTTTTCTATGAAGCGGTTGAACCAGGTGCTTACCTCGCCCAGCTCGTCCTTGCGCCCCACTTCGAGCCGCTTGGTAAGGTCCCCTTCCCCCTCGGCGATGTCCTTGAGCATGACGAGCATGCGGGAGAGCGGCCGGGTGATGCCGAGAGAGATGACGACGCCGAGGAGGCAGGTGCCGAGGCTCGCGGCGGCGGCAAGGACCAGGCTGAGGATCAGGGTGAGCCGGGCGTCGTGGGCCAAGCCCCCGGCGGTCGCCAGGATCTCCTTGGTGAGCACGTCCTCGACCTGCTTCATGGTGTCGATCTTCTCCGTGATCACCGGGAACCAGTTCTCCGCCGGAATGCCGAAGTGCCCCGACAGCCCCTTGGAGAGCACCGCTCCCCTGATCTCCTCGACCTTGCCGAAGACCGGCGCCTTCGCTTTCTCCTCGTAGGCGGCGACCGCCTGCGGCGAGGCGAACTTGCGGAACAGGTCGAGGTAGTCCTGCTGTGCCGCCAGGATGGTCATGGTCCGCTGCAGCCTCTCCTGGTCAAGGACGTCCGCAGCGAGGACGGCGTTCAAGGTCGCCCGCTCCTTACCGGTCTCCTCCTTGGCCTTCACGAAGCTGTAGTAGGCGGTCGCCTGGCGCATCACCTCGCGCTTCCCGCTGGTGGTGGCAACGGCAGCCACCACGTCCATGTACGAGTTGATCAGCCCGGTGTAGAAGGTGTAGGCTTCTCCGCCGGTGACCTGAAGGGTGTCGATGCCGGAGCGGGTTTCCTTGAGCCTCCCGATGGCGTTTCCCGCGGCGTCGAGGCTTGCCTTCACCAACGCGACGGATGCCCCGTTCTTCTCCAGGAAGGAGGCGACCGACTGGATCTCCCGGTCCACCTTGGCCCGCTGGCCGGCCAGTTCCTCCTTGAATTTGCCCCCCTTGGCGTTGAGGTAGCCGGAGGTGTAGCCGCGCTCTTTCTGGATCTGGTGCGAGAGTTCGCCGACCTGCACCGCCAGGGTGGTCAGTTTCTGGGTCTGGACGAGCCCCTGCAGGGCGGCGTAGTCCTTGGATGCGTTGTAAATGGAAAACACGACCATCCCGAGCACCGGGACGGCCATCATCAGCATCAGCTTGGTGCGGATTCTCAGATTCTGCAGCATGATCGTTCCCTTTCTTGGCACGGGCTCTTCCAGCCTCTATCCCCGCGTCTGAGGCGCGACTGGCGGCGCCTTATGACAGTGTCTTTGCCTGCCTTTGACATTCGTTTTCATTTTATCGGCCGCCCGGCTGAGAACTTTAGGGGAAAATGTGCCGGAAAGGGGGAGGCCCGGCGCAGGGCGCGCCGGAGGGGAAACGTAAAAAGCCGCTGCACCTTACGATGCAGCGGCTTGATTGCAGATGGGCGACCGGAGCTGCGCTTACTTCGCGCCGAACAGGAAGTAGGAGAGAGACAGCAGGGCGAGGACCCACATCCCCCCCTTCATCTCCTTGATGCGGCCGGTGGCGCCCTTCATCAGCGGGTAGGCGATGAAGCCCGCGGTCATGCCCACACCGATGTTGTAGGTGAAGATCATGAGCACCACGGTCAGGAAGGCCGGGATCAGTTCGGTGAAGTCGTCGAAGTCGATCTTCGCGAGCGGGCTGATCATGTACGACCCGATCACGATCAGGGCGATGCCGTAGGCGTGCGCCGGGACGATGGTGAAGAGGGGGGCGAAGAAGAGAGCCAGCAGGAAGAAGAATGCGGTTACGAGGGCGGTGAAGCCGGTGCGGCCCCCT
CP077684.1_gap8	376212	379760	3548	CTGGAGGTCCCTGAACATGTCGTTCTCCTCCCGCACGGTCACCCCTGGTCCCTCTTGCGCTGCGCCACCCCCGAGAGGGCGTAGATCATGGCCCAGGCGGCCAGGTGCGAGGAGTACCCCTGAGGGTCCTGCCCCGGGTAGACCTCGACGAAATCGAGCCCGTCGATGCCCGAGCACCCGATGGTCTGCAGCGCGGGGAGCAGCTCGGTGGGAAGGAGCCCGTTGAAGTCGGCGGGGCCCCCCGGGTTGTACCCGGCGTCGATGCAGTCGCTGCAGATGGTCACGAAGACATGCTTTGTCTTTTGGTGGGCGATCGCTATCGCCTCTTCGGTGACCGCCACCATCCCCCGTTCCCGGATCTCCTTGGTGGTGAAGATGCGCGCACCCATGCTGCGGGCATACTCGTACTGTGCCGGAGAGTTACGTGGCCCCCTGATCCCCAAGTGGACGATGCTCTCCTTGCGCACCCGGGGAAGCTGCACGATGCGATGCAACGGGCCGCAGCGCGGGAACATGTCGGCACCGAAGGACTTGGCGTTGTCGAGGTGGGCGTCGAAGTGGATCACGCCGATCTCGCCTTCGCCCGCCTCGCCGAGCGCCCTCACTATTTCGGGGGTGAAGGAATGGTCGCCCCCCAGCACGAAGGGGATGCTTTGGCTGCGGTACACCTCCAGCATCGCCTTGTGCACGTTGGCCATGGTCTCGGCGGGGTCGTTCGGGTTGACCGGGATGTCACCCATGTCCCCCAACTGCAGGTGGTCGAACAGGTCGATCTCGTACTCGGGGAGGAAGCCCCCGTAGCGCGCCGAGGCGTGCCTGATGCTGCGCGGTGCGAGCTCGCAACTGCTGAAGGAGCCCCAGGTCACCGTCCCCTCCCAGGGGACACCCGCCACGATGACGTCGCAGCCGGCGGGGAGGTTGCGGGCATCGATCACCGGGACCCCGAGGAAGGAGGGGGTATCCCCGTACACCCTGGGGAGGGACGCTTTTCTGTTGGGCACCATCGGGATCTCTTTGCTGTTCATGGTGGCTCCTTTGCGCGTGGCGCGCCCTAGGCTGCACCGTGGCAGGTTACGTGCAGCTTCCTCGACAGCAGCAGGCGGGTCGCCCTGACTCGCTGCAGTTCACGCCATCGCAGGGTCCGGTGCACCCAGAGCGCCGGGACGTTGTCGGCCCAGAAGAAACCGTAGGCCTTGGTGATCCCCCGCTTTTTCAGCAGGTGCAGCGCGCCGTTTTGCAGTGCCGCTGCCAGGTTCCCCCCGCGGTGCGCCGGATCGACGAACATGTCGAAGGTGTAGGCCTCCCCGGGGCGGCACTCGATCCCCAACCACCGCTCGTCGGGATGGTTGCAGCCGCGCCCCCCTTGCCGGTGGTCGGCGCACCAGATGTCTCCCGCCACGGTGTTCCCCTTTACCAGGGCGAAACCGCGGTACCCCTTGCCGAGGTAGGTGAGCGCCTTCAGGTACCTGCTCCGGAACCGGTACACCAGGCGCCGTTCCCCGAGGAGTTCCGCGCTCAGTTCCAAGACGGCTTCGTCGGGGGGACGGGTGAAATCCGTCACCGGGCGGAGGGAGTCGAGCGGGATTTCCACCGGCACCGCTACCCGGTTCAGATACACGATGTCCCTCAGCAGGGTGCGCCACCCGGCGACCAGCAACATCTCACGGGCCTGCACCAGCCTCATCTTGCAGTACTGAAGCATGGTTCCTCCGGGCCGGCTATCCCTTGGCGCCCAGCTTGAAGTTGATGAACTCCGCCACCGCCGATATGGTCTCGAAATGCTCCGGAACGATTTCCGTGTCCGCGATTTGCACGCCGAATTCCTTTTCCAGGTACGCGATCAGTCTTTGCACCCCGAGGGAATCTACAATCCCCTTGTCTATGAGGGAGTCGGAAGGGGAGAGGGTGACTTTGGTACCGGGGGCAGCCATCTCGTTTTCTATGAACGACCTGATGGTATCGGTGTAATCGGTCATCTCATCCTCCTGAATCAAGGGTGGCGGAACGCCGGCACTATCGGCGCAGGAGCGGACTGCTTGAGCCTTGTCCAAGGCTGGCTCCGCCGCGGCGATGAATGGTTGGTTGGGTATAATGACAAAATTGTAATCTTTGGCACGCACCCTAGTGTACATTTGCCCGGTTGGCTGTCAAGGGCACTCCCGCCGGCTTCTTTTTTGTTCCAAAGGGATGACCAAAGATGCTACTTTGGCGCAATGTCGTGGAAGATCATCGAAAGAAAACGGACCCTTCTGGCCGGCGAGAGCGGCCCCGGGCGCGGCAAAAGCGGCGGAAGACTCTCCTGCTGCCTGGTCTACCCTAACCGCTATCACTCCGCCATGAGCAACCTCGGCTTCCAGGCCGTCTACGGCATGCTGAACGCGCAGCCGGAGGTCAGCTGCGATCGCGCCTACCTGCCGGACCGTGACGAGCTCGAGGAACTGCAGAGGACACGGGGGACGCTCCTGTCGCTGGAGAGTCAGCGCCCGCTTTCCTCGTTCGACCTGATCGCCTTTTCCATCTCCTTTGAAAGCGATTACCTTAACCTTCCCACCATCTTCCGGTTGGCCGGCATCGAACCCTATGCGGCGCAACGCTCCCCGCTGCAGCCGCTGGTTGTGGCCGGCGGAGCCGCGCTCTTTCTGAACCCCGAGCCGGTCGCCCCGTTTCTCGACCTGGTCTGCATCGGCGAGGCGGAGCCGACCCTCCCTCCCTTGCTGGAGTTGCTGAAGCGGGGGGCGCCGTCGCGGGAGGAGCTGCTCCGCGAGGCGGCACAGCTTCCCGGGATCTACGTCCCCTCGCTCTACCAGCCGGAGTATGAAGGGGTGCGGCAGGTCGCCTTCAGACCCTCCCCCGGCGCTCCTCCCCGGGTGCGCCGCGTCTGGGACCCCGATCCCGACAGCCGCCCGACCGTCACCGAGATTCACACGGACGCCACCGAGTTCTCGGGGATGCACCTGGTCGAGATCTCCCGCGGCTGCCCCCGTGCCTGCCGCTTCTGCGCCGCCGGGTTCATCTACCTTCCCTACCGGACCCGGTCGCCTGAACTGGTGCGCCAGGAGGTGCTCGAGGGGGTGGCCCAGGGAAGGAAGGTCGGGCTGGTGGCGGCGGCTGTTTCCGACTACGCCGGCATCGGCGAGCTCTGCTGCGACATCGTCGCGGCCGGAGGGAGGTTTTCGGTCTCCTCCTTCCGCATCGACCACCTGGACGGGCGCATGATCGAGGCGCTGAAGGCGAGCGGCCAGAAATCGGTGGCGCTCGCGCCCGAGGGGGGATCGCAGCGGCTGCGGGACCTGGTCAAGAAGGGGATCGACGAGGAGCAGATACTGGCCGCCTGCGACATGCTGGTGAGCCACGACATCCTGAACCTGAAGCTGTACTTCATCATCGGCCTGCCGACCGAGACCGGGGAGGACCTGGAGGAGCTGGTGGCGCTGGTGCAAAAGATCCGGGAGCGGGTGCTGGCGGCGGCCAAGGAGAACCGGCGCCTGGGAGAGATCCAGCTTTCGGTGAACCCTTTCATCCCAAAGCCGTTCACCCCATTCCAGTGG
CP077684.1_gap9	419907	423227	3320	GAGGAAGGCCTCCCTGATCGCCTGGAAGCGCTCCTGTTCCTCGGGGTAGAAGGAGAGGATCTCGTGCAGCCTGCCGTGGGACTGCTTGCCGCTGAAGGCCCGCGCCAGCATCCCCTTGAGGCTCTCGTTGGTCAGCCGCTGGATGAAGGCGTGCACCAGCTGGCGCTCCTGCCCGTAGTCGAAGGGAGGGACCTCGAGGAAGCGCTCCTCCTGAGAGGCCACCTCTTCCCAGAAACTTTCGTCCTCGTATTCGGCCGGAACCGAAAAGACCTCGCCGGTCTCACGGTCCAGGAAGTAGATCATGTCCGGGTCGCCGTTCTCGAAGGCCTCCATCAGGTCTTCCCAGACGATCTCCAGGTTGCGTAGTGCGTGCATCGGTACCTCTTAAAAACAGGTTGAGGTTAAGGTTGTTCCCTTTACCAACCCCGTATTTTTGTATATATTGCGCGAATGCGCAAGATTTTCATCGCCGACGCCCACCTGAGGAGCCCGCAGGACCGGAACTACCGGACCCTGGTCCGTTTCCTGGACACGCTCCCCACCGACACGGACACCCTTTATCTGCTCGGTGACATCTTCGAGTTCTGGATCGGGAACCCTCGGCCGGTGTACGCCCACTATCGTGAAATCGTGGAGTGCCTTAAGCGGGTGAGGGGGCGCGGAGTGCGCATCGTCTACTTCGAGGGGAACCACGACTTCCACCTGGGGGACTTCTTCAGGGAGCAGCTGCAGGCCGAGGTTCATGCCGGAGCCGCGGAACTGCAGCTCGACGGCAGGAGGGTCTGCCTGTGCCATGGGGACCAGATCAACCGTGCCGATTACCGCTACCGGGCCCTGCGCTTCGTGCTGCACGCCCCCCTGGTGCGGGCGCTGGTGCCGGTTTTCCCGCGCCGGTTGGCCGACCGGATCGCCGCCACCATGTCCCGGCGCTCGAGCGGGCAGCATGTCTCGCGCAAGGAACGCTGGGACTACCCCGCCATCCTGGAAACCTTCGCCCGCGAGCGCTTCGCAGCCGGCTGCGATCTGGTCGTCACCGGCCACTTCCATATCCCGATGCAACTGCGGGAGGATGGGAGGGAGTTCGTCTCCCTGGGGGACTGGATCACCCATTATTCCTACGCCCAGTGGACCGACGCCGGGCTCACCCTGGAGCGCTTCGCCTAGTCCGGCTGCAACCCGAAGAGCCCCAGGTAATTCGCCACCCGCTCCTCCAGGGTCGGCGCGGCGATCAACCCGCACATCTCGTCCGGGCGGTAACCCCGGCACACGGCCGGGCGCTCGTCGTAGATCAGGCAGCGCTGCTCACCGGAGAGGTGGCGGCACCTCTCTCCCACCTTCTTGTCCAAAGAGCTGATGTCCGGCGCGACGCAACAGGTCCCGCATCCCGAGCATTGCATTTCCACCTACCTGAAGAACGCCTCCAGGGCCTGTTCGCCCACCGAGGTCGCCTTGATGCGCCACTTGTTCTCGTTGATGACCAGGGCGGCCAGGGCGATCTGCGGGTCCTCCATCGGGGCATAGGCGGCGAACCAGCTGTAGTGCCCGGCGGGATCGGTCCCGTCGATGGAGCCGGTCTTGGCCGCGATCCGCACCGAGGCGAGCATCCTTCTCCCCCTGCGGTCGTGGAAGGCGCGGCGGGAGGTGCCGCTCTCCACGGTGGTGGCGAGCATGTGGGCCAGGGCGCTGGCCGTCTGCGGCGTCATCACGGTGCGCAGCACCTGGGGCTTCTGGGTGAACACCACGTTACCCTTGGCGTCGCGGATCTCGCTGGCGAGTGACGGCGCCATCATGACGCCGCCGTTGGCCACCGTGGCCATGATGGCGGCGGCATGGAAGGGGGAGATCTTGACCTCCCGGTTGAGACCCGCGCCCATGCGCATCAGCTCGTCGACGGTTCCCGGAACGGGTGCGGTGCTGGCGGCGATCGGCGAGCCGGGGACGATGGGGTGGTTGAAGCCGTACCTCCCCGCGTACAGGAGCAGCGGGTCACGCCCGACCACTTCGCCGGCCAGCCTGCCGTACACCGGGTTCACCGATTTCCCCATGGCGAGGGAAAGCGGCATCTGCTGGTTGCCGCGGCCGGGCCTTACGCGCCAGTATTTCGGGCTTTCCGAGGTGAGCTTGCCGTTGAAGGCGAACATGGTGTCCGGCCCCACCTTCTTCTCTTCCAGGGCCGCCGTCGCGGTCACGATCTTGAAGAGCGACGCCATGGGGTAGAGGTGGTAGTTCGCCCCCTTTTCCCACCCCGGCTGCGACGCGGAGTGCGACACGGCGGCGAGGATGCGCCCGGTCTTTGGTTCCAGGGCGACGAAGAGGCCGTAGGGGACCTTGTAGTCGCTGAAGAGTTTCTCGATCCTTCTCTGGACCTCTTCGTCGATGCCGTAGGTCACCTGCCCCCCCTGCGGCAGGGGTGCCGTGAACTTCCCACCCTGCACCTGGGCGTTCGAGTACGCATCAGCGGCAAGCTTGAAGGCGCCCCCCTGGTCCAGTTTGCCCAGGGACACGGCGGCCGGGGGCTCTGCCGCAGGTGCGCTTTTGGCGCGGGGAGTTCCGAAGAGGGAGATCAAGGGGTAGGAGGCGAGCAAAAGCGCGATGGCCGGCAGTATGATCTTGAGCCGCTTCTTCTCAGGCTTGGTCTCCTCGATCTGCCGAAAGACGTTGCGCCCGTCCTGTGCCTTTTTCCTGCCGAGTCGTCTGCCGTGTTTTTCTTTGTCGATGTCTTTTAAATCTTGCATATCCCGCTTCTGACCGTCTGTTGAATCGGGCCACTATATGTCAACTGCGTCCCCTTTGTCAACGCCGTGCGGGTGCATTTCCGGGAAGGCCAGATCCTTGAGGGTCACCCCTCCCAGGGCCGCCGCGACGGCCTCTTCCGATTCGTTCAGGAGCCCCTCGGCCAGCTCCTCCCCGGAGATGGCGGCCGAGGCGCCGCGCTTTCTCAGGGAGAGGAGTACGTCGGCGATGGAGACCTGGTTCAGGTCGCGGGCGGGGTAGTAGCCGCCGCGCCCTTCCCCGGCCATCACGATGAACCCCTGTTCGCGCAGGTGCTCGAGCGTGCTGCGCACGATGCGCAGGGGGATGCCGAGCTTTCCTGCCAGGTGCTGCTCGCCCCAGGCGGGGTCGCCGCGGTAGAAGGCCTCCGCGATGTGGCGCAACGCCGCCAGCGCCACCAGTTCCTGCAGCTCGTGGCTTATTTCGCGCCCCCGTATGTCGCGCCGGAAGGTGCCGCGGCTTTGGTGCGCCGCCACGACCTCCATGCCGAACAGGACGATGATCCAGCTCACGTAGATCCAGACCATCAGGATGGGGAGCGCCGCCAG
CP077684.1_gap10	491605	493671	2066	GGCCCGCCGCCTGAAAAACTCGGTGCGCAAGAAGGACACCCTGGCGCGGCTTGGGGGGGACGAGTTCGTGGTGGTGGCGACCCTGGACAAGGAGGAGAATGCAAGCTGCATCGCGCAAAACCTGCTCAGGCGCCTCACCCCGGTCTACGAGGTCAGCGGCAGGGAAGTCTACGTTGGGGCGAGCATCGGCGTATCAGTTTACCCCGACGACGGCACTTCCCCGGAAAACCTTCTGAAGAACGCCGACATCGCCATGTACAACGCCAAAAAACGGCCGGACGTGGAGTTCTGTTTCTACAGCGCCCAGATGAACCAGAAGCTGCAGGACCGCATGCGGCTCGAATTCGACCTCTGGATGGCCCTGGACCGCGATGAGTTTTTCCTGGAGTACCAGCCCATCGTGGACGCCCGCAGCGGGCGGATCGCCGCGGTGGAGGCGCTGGTGCGCTGGATGAGCCCGGAAAAGGGGAGGGTGATGCCGGATGCCTTCATCCCGATGGCCGAAGAGACCGGCATCATCATTCCCCTGGGAGGTTGGGTGCTGAACACCGCCTGTCTCAAGTTGCGGCAATGGCAGGAGGCGGGGTGCCGGCCGTTGAGGATGTCGGTCAACATCTCGGGGCGCCAGTTTGTGCGCGGGGACCTGTGCCGCACCGTCGAGGAGGTGGTGGAGCAGAGCGGGGTGGACCCGGCACTGCTGGAGCTGGAGCTCACCGAGACCTGCCTCATCAAGAACGTCGACGAAACCATCGCCAAGCTCTGCCGCCTGAAGGGGCTCAACGTCTCCATCGGCATCGACGACTTCGGCACCGGCTATTCGTCGCTGCAGTACCTGAAAAACTTCCCCATCGACCACCTGAAGATCGACCGCGCCTTCATCAAGAACGTCTGCGAGCTCCCCGACGAGCGCGCCATCGTGGACGCCATCATCGGGATCGCCAAGGCGATGGAACTCCACGTCATCGCGGAAGGGGTGGAAAGCCGGGAACAGGCGGAATACCTGGCGCAGCGCGGCTGCGACGAGCTGCAGGGGTATTACTACCACCGCCCGCTCTCCGAGGAGCGTCTGCTCGAGGTGCTCCGGGAGGAGCGGATGCGGGAGGAGGCCGGATCGGTCTGGACGGGGGGCGCCGGGGCACCGGCGGTGCCGGTCTGAACCGGCCGGGGGGAACGGAAAAAGGGGGCTCGTTCGAGCCCCCTTTCTTCTTTTTCGTCAGCGATGATCTTCCACCGCACCCCTCTCCCGAGGGGAAGGGGCCTTTCTTTAACTGCAGCCGCACCCTTTGGAGTTGTCTCCGCTCAGGGGAAGCTTCTTGCCGCACTTCTGGCACCGCCAGAAGAGGCCACCTCAACCCGGCATCAGGATCATGAGCCCCTGGCAATCCGGGCAGCTTTTCTCGTTCGTCATTGGCAAACCTCCTTATGGTCTGGACTGCTAGCGTACCGAAACGGCGATGTTCCCCACCCCGGCGATCTCGGCGACCACGCGGTCGCCGCTTTTGATCGGGCCGACCCCCGCCGGCGTGCCGGTCAGAACCAGGTCCCCCGGCTCCAGCGTGAAGATGGAGGAGAGGTAGGCCAACAGCTCGGGGATGCGGTGGATCATGAGCTCGGTGCCGCCGTCCTGGCGTTTCTCGCCGTTCACGGTGAGCGTGATGCGCAGCTGGTGCGGGTCGGCCACCTGCTCCGCCGGGACGAAGGGGGAGAGGGGGCAGGCGGTGTCGAACCCCTTGGCGATGTCCCAGGGAAGCCCCTTCTTCTTGAGCTCCGCCTGCACGTCCCGCAGGGTCAGGTCGATGGCGACGGCGTACCCCGCGACGTGGGAGAGTGCCTGCTCGGGGGGGATGTTGCTCCCTTTCCTGCCGATCAGAAGCGCCAGCTCCGCCTCGTGGTGGCAGTCGCTTGAGTAGGAGGGGATCACCACCTCCTCGCCGGCGCCGATCACGCAGGTGGCGGGCTTGGTGAAGATCACCGGGCGCTCCGGTACCTCGTTGCCCAGTTCCTTTATGTGGTCCGCGTAGTTGCGCCCGATGCAGAGGATCTTGCCGATCCTCACCGGTTCCGCG
CP077684.1_gap11	496274	500183	3909	TCTCGTACTGCGCCTTGGGAAGGATGTCCAGGTTCAGCTCGACCGCGACGCGGCGCGGGTCGATGCCGAGGGAGACCAGGTACTGCTGAACCGTGAGGGGATCGATCGATACGGCTTCGCCGTTGGTGGTGATGTTCACTGCTGCTCCGGTACTGCGTGACGTTGGGGCCGGCCATGCCGGGGTGCGGCGCGAGCCGGGCGTGGCCCGAACGTAAACTAACAATACGGCCCCCCGCTGTCAATCGTTTTCTTCCGCGCAGTTGCGCCCGGTGCGGGGCGCCGGGAGGGTGAGCGTCGAGGGGAAAAGCCCGTATTGTATACGGCTTCAGGCCGTCTCCGGCCCGGCCGGAAGCCCGGCGCCCTTCGGATCCGGAAGGGGGGGGAGGGGGGCGTCCGCTTGCGGGACCGGGAGCAGGATGGTGAAGGTGGTGCCGGCACCTTCCTCGCTTTGCACCTCGATGCGCCCGCCGTGCTCCTGGATGATGCCGTAGGAGACGGAGAGCCCGAGGCCGGTCCCCTTGTTGGATTTGGTGGTGAAGAAGGGGTCGAAGATGCGGCCCAGGTTGGCCTCGGGGATGCCGCAGCCGTTGTCGCTGATCCTGATGAAGGCCAGTTCCTGCACCGGGTCGACGCCGGTCACCACCATGACCATCCCTTCGCCGCGCAGGGCGTGCCCCGCGTTGACCAGCATGTTCACCAGTACCTGCTCGATCTGGTTCGGGTCGAGCAAAAGCGCCGGGATCCGGCCCGAGTAGTTGCGGGCGATGGTGACGTCCTGGAACAATATCTGGTGCCTGACCAGCTCGAGGGCCGCGTCGGAGATCTCGTTCAGCGAGCAGGGGGTCTTCTGCGGCGGCGCGCAGCGGGCGAACTCCAAAAGCCCCTTGACGATGCCGGCGCAGCGCTTTGTTTCCCTGAGCACCGTCTCTATGTCGTTCTTCAGGACCGGGTCGAGCCTTGGGTTGCTCTGGATCAGGGAGGCGAAGACCAGGATGCCGGTGAGCGGGTTGTTGATCTCGTGGGCGATGCCGGCCACGAGCTCCCCCAGCGAGGCGAGCTTCTCGGAGCGGATCAACTGCGCCTGCATCCGGGTGATCTCCTGGGTCCTTTGCTGCACCATCTGCTCGAGGTCGCGTCCCCATCCCTCCAGCTCCTGCCGGGCCTTCTTCAGGTTGAGGGTCATGGTGTTGAAGGAGTCGGCCAGTTCCCCCATCTCGTCGTTGGCGAAACTGTGCACCAGCCCGTCCAACTCCCCCCGCGACAGCATCTGGGTGTGCTCCAACAGTTCACGCACCGGGCGGTTCACCAGTTTCTGGGTGAAGAAGGTAAGGCTCAGCGAGGTGAGGGTGATGAGGAGCAGGGTCAGGAACAGCATCCGGCCGCGGTAGGCATCCAACAGGGAGTGCATCCGGTCCAGCGGGACCACCACGTCCAGCACGCCGAGCACCTTGAACTTCTCGGGGTGGAAGTGACAGCTCGCGGTGTAGCAGCTCTCCTCGTTGTAGATGGCGTTGGTGATACCGAGGAACTCGGCGCCGGAACTGCCATAGAAGCGGCGGCTGCGGTTCTTTGAGGAGGCGGTGAGCAGGAGTTCGGGGCCGCCGTGGCAGACCGCGCAGATCTCGGAGTGTTTGCCGAGCACCGTCCCGGTCTCGGAGTCGTCCGTGGAAAAGATGATGCGCCCGGTCTTGTTGATGAGCCGGATCCGCTCCACCCCCTGCTGGTTGCCGATCTCCTCGATGGTCTTGTAGAAGAGGGGACGGTCGTCCCGGAGCATCTGGTTATGGGTGGTGCGGATGATGGTCTCGGTGATGCGGTCGGCCTCCGAGATCGCCTCCTGCAGCAGCAGCCCCTTGAGGCTCCTCAGGTTCAGGTAGGCGAACAGGGCCATGGTGCACAAAAGCACCAGCCCGGAGGCCAGGGCAAGTTTGGAAATCAGGTTGAGGCGCACGGTCGCTCTCCGCCGATTTGCCGGCGCCGATGCCCAGGCGCCAGACCGTCAAGATCGCATCGCTGCGAACGTCTTGTTGCTTGACATTTCTAGAACATAATTCTATATTTTGCGTGTATGACACTATCCGGAGTCGCATCCTGCCGACTTTACCAGTGGAAGCTGTTTTACCGCACCTCTTGCGGGGCGGCTTCCGGGGAGAAGCGGTAGGGCGAGTTTAAACACATTAAAAGGGTTTATCAAGCGATTAATTTTCTTGACACGGCTTGTCAAATGGCCTAGTTAATATTGTTTGAAATTTTTCCTGATATTCATAGGTGCAGCCAATGGCGAAAAAAGAGAAATCTGAGTACATCATTCAGGCCGTCTCCCACGCACTCGACCTCCTGGAACAGTTCCATGACGAGGTGGACGAACTGGGTGTGACCGAGCTGAGCAAGAGGCTGAAGCTTCACAAGAACAACGTTTTCCGCCTTCTGGCTACCCTGGAGTCGCGGAACTACATAGAGCAGAACAAGGTAACGGAGAACTACCGGCTTGGGCTCAAGACCCTGGAGCTGGGGCAGACCTTCATCAAGCAGATGGGTCTTCTGCGCCAGTCCCGCCCGGTGCTCGAGGCGCTGGTCAAGGAGTGCAACGAGACCACCTACGTCGCCATCCTCAAGGAGTTCCACATCGTCTACCTGGACGTGGTGGAAACCGACCTGACCGTCAGGGTCGTGCCGCGCGTGGGTGCCCGTCTGCCGGCCTACTGCACCGCAGCCGGCAAGGTCCAGATCGCCTACATGACCGACGAGGAGCTGGAGAACTACCTCCCCACCAAGGAAATGAAGCGCTACACCCCGAAGACGGTCACCGACCGCGAGGAGCTGAAGAAGCACCTCAAGGTGATCGCCGAGCAGGGGTACGCCATCGACGACGAGGAGATGGATGTCGGCGTGAAGTGCGTGGGCGCCCCGATCCGCGACTACACCCGCCGCATCATCGGCGCGGTGAGCATCTCCGGCCCCTCGATGCGCTTCACCGACGAGCGCCTGGAGAAGGAACTGATCCCGCTGGTGATCCGCTCCGGCGAGGAGATCTCCCACAAGCTGGGGTACCACAAATAGCAAAAAAGGAAGGCCCCCGCCGCAAGCGGGGGCCTTTTTCGTCGTACCTCTTCGCTTTCGTCCCGGCTCACCCCTTGGTCCGGTCCGCTATCTCCTCGCGCCACAGCTTGAGCACCTGCGCCTCCAGCTCATCCCTGCTGCCGCGGTTGTCGATGACGATCCTCCCCAGCTTTTTCTTTTCTTCCATCGGCATCTGCGACGCTATCCGCGAGAGGGCCGCCTCCCGCGAGAGGCCGTCGCGCGCCATCAGGCGTGCCAGCTGGGTCTCCTGGTCCAGGTAGACCACCCATACCTCGTGGACCCGCGAGGTGATTCCCGCCTCGAAGAGCAGCGGGGCCACGTAGAAGGCGGTGCCGGTCCCCGCCTCCCTGAGCCGCTGCAGTTTCTCCTCCGCCCGTTTCCTGATGGCGGGATGGGTGATCCCCTCCAGGATGCGCCGCGCCGACGGGTCGGCGAACACGATCTCCCCCAGGGTGGCGCGGTTCAGGGTGCCGTCGGGGTTGAGCACCTTGTCCCCGAAGCTCGCCACGATCTGCGCCAGGGCCTCCTCGCCCGGCTGCACTACCTCCCGCGCCAGTTGGTCGGCGTCGACAACTGCCGCTCCCAGCTTTTCGAAGAGGTGCGCCGCGCTGGTCTTGCCCGATGCGATCCCCCCGGTGAGTCCTATGATGCGCATGCCGCTCCCTTGCTGCTCAGTATGCTATCCCCTGTTCGCCCAGGGTGAAGGTCGGGTTGGTCAGGTCCTCCTCGACGAGGAGGGTGCTGGAGCCGATCCTGATCTGCGCGCCCAGGAAAGCGTCGCGCTCCACCTCCACCCTGGCCTGGGCATTGATCTCCAGCCGTTTCTGC
CP077684.1_gap12	634154	636463	2309	ACACAATTGATATACTTTCTGGAGGTGCTATGTGTGGTTGGTGTCTTGAAAACCTTCCCCTGGAAATCCTAGCAAAGTCTAGGAACGGTCGTTATCCTGCCAGAGTCGGCGGGGATTCATTGGGCAGAATGTTCTATCTGCGAGAGGTGAGCGACTTCTCGCAAGGCCTCCTGAAGGTTACGCACAGCGCCAGGCGGAAAGGGATCGACCTGTTTGCCGAATGCCCGCCCGAGTATGGAGTGATGCGTCTTCAGGAGATTCTGGTGTGCGAGGGGGGTGACTCTCCCTTGTACCAGGAACTGCTGCGTCGAAAGCAGGTAAGGAGTATTGTTCAAGCGGTCTGTAGCGAACGCATACGGGTGCGGTATCTCCAGGATGCGCGGGGGACAGGATGGGAATGCTTTGAGTTCCTGTACCTTCCCGAAACCTACCTTGATGCCGGGCAGGCGCGGCAGTTGCAGAAGCCTTCCTTGCTGCCAGCCTGCCGCACCCTGCTGGAGCATTATAGAAATTGGTGGCTGCTGGGAAACGCCCTGGAAAAAAACGACCTCCACGATCGGTTTGAGAAGACGGGAGTCCTGGACCCCATCGAGGATATAACCAGGTCGGAACACGATCGCTTTGACGTTTTGCTCAGGGCATTGAACTTCAGTCTCCTGCTTGTCAGCAGGTTTCCTGCAGAAGCCCCCCTGCTCCGATTAATTGCGGAAAGCAGCCCTTTCGGAGTTCCATCCTTTGCAGGGGATGACCTCTGGCTCCAGCGGGAAGCGGCGCTTCTATGGTATGACTTGAAAGGGTTCGAGGGACTCTTGCATGAACTGCCCCGGTTCCGGAGCACGCTTTTTTACTACATCCACCTCAAGCGCGGGTTAACCGTCGAACAACTGAGGGAGCTTCTCATCGTAGCGAGCATGAATTCTTTTATGGACGACCAAGACCCCTACATGGTTATGCAGGAGTGGATTGAGGAAGAATTGGGGAGCAGAGCGGCGCTTTAAGGTTTATCGTGAGCAACAGGGGCCGGTGGCGGGGGAAGGGGAGAGGAAATGGCAAAGAAGAAAGAAGCAGGGCAGAGGGGATCGCACACGGCGGCTCTTAGCAAGACTCTTTTTGTCAGAGGCTGTCAGTGTCATAAGTCTCTGTGGCTGCAGAAGTTCAAGCCTGAGTTGAAGGATGAGGAGTCCCCCGAGACCACAGCGAGGTTTGCCGGTGGCAACATGATCGGCGAACTGGCCCGCGACCTGTTTCCCGGTGGGGTTCTGATCCCCTTCGAGGAGGACGGGGAGAGGGTGCCGCTGGAGGACCAGCTCCGGCGCACCAAAGAGGCGATGGAGGGGGGGGCGAAGGTCATCTATGAGGCAGCCTTTCAGCACGACGGCATTTTCGTCAAGGTTGACCTGCTGCGCAAGAGGGTAAAGGGGTGGGAGCTCTACGAGGCCAAGGCCGGAACTTCCGTCAAAGACGTTTATCTCCTGGACTCGGCGCTCCAGTACTTCGTTCTGGCCGGCGCGGGTGTCCCCCTCGGCAAGGCCTATGTTGTTCATGTCAATACCGAGTACGTGCGCGAGGGAGATGTCGACCTGGGAAGCCTTTTGACTTGCCAGAACGTCACCAAGGAAGTGAAGGGCCTGCAGGCGGAGGTCCGGAACTCTACCCAGAAGATGCGGGCTGCCCTCGCTCAGAAAAAGGTGCCATCAATAGATATCGGCCCCCACTGCTTCGAGCCGTACGAGTGCGACTTCCAGGGGCACTGCTGGGGTCACATCCCCGAAGATTCTGTGTTTGACTTGCGGGGGAGGGGGGTGGACCAGTTCGCGCTGTACTACCAGGGGATTGTTAGCCAGGCCGACATCCCGCTCGACCTGCTCCAAGGAAAGCAAAAACAGCAGGTGCAGGCAACTCTGCGCCAAGAGGATCACGTCGACAGGAAGGCGATCAGGGCGTTTCTCAATCAGCTCAGCTACCCGTTGTACTTCCTCGACTTCGAAACCTTCATAAGTGCGGTTCCTCCCTTTGACGGCACTAGTCCGTACCAGCAGATCCCTTTCCAGTATTCGCTGCACTACCAGAAGAGGAGGGGAGGAAAGATCCACCATGTCGAGTTTCTGGCCGTGCCTGGCGAGGACCCACGCAAAGCGCTACTGAAAAGTCTCCTGGCGGCCATTCCCGACGGCTCCTGCGTCTTGGCTTACAATAGTGCTTTCGAAAATCGGGTGCTGAAGGATCTGGCTGGGCGTTACAAGGGGCATCGGGCGAGGGTGAACAGGATTGTTGCGAACATGCGGGACCTGATGGTTCCATTCAATACA
CP077684.1_gap13	637835	639349	1514	GTTTGACAGGATCGATACGAATAGGACCATACACCAACTCAGCCCCTCTTACTGTTTGAGCCCTGCGCAACATTGCCTTTATTTTAGCCACTAAAACCTTAGGCTCAAACGGTCTCGATAAGCAATTGTCGGCTCCTGAATTAAGAATATTGATTATTTCTTGAACCGAGTCATCTTCTGTTAACGCCATGATCGGTAAAAACTGGTCATGGCCCCGTATGATGTTCATGAGGTCCAAGCAGGATTGCCTCGATACGGCCAAGTCCAATAGTACCATGTCAAATTTACATTTTTCGATTGCCCTGATCCCCGCTTCCTTGTCCTTCACATGATGGACCTCAGCAAAGTGGTTTTCGGCAATTTTTTGTAGTTTTGTATCTCCGCTGATAAGTAATGTTTTCAACTTACCTCCCTGGGTGTACAATTTGATAAAATTAATGCAAAACATACACCCCTGCGCGAAGATTTGTCAATGTTAATGATGCCTGTAGGCCATTTTTTTCTGACCATACGGAGTTCGCGCGCCTGACGGTGTCGGTGACTGTGGTCTTGCTGGCGCAGCAGCACTTTGATACGGAAGCCCGGTTCTGGCTGTAGGCCCAGACAAGGCGGTGGACGTCTCGTACTTGTCTCGTGGCGTCAACTTTTGACGCCGATACGGGGCCAAATTTCAGGGTCGATTTACGGCAAAATCAGGATATTCCGGACGTGATATACTGGTAAATCAGCTAAAACCTGCTGCCTCTAACCTTACCCTGCCCATTGTGTATCCCACTCGCGGAGGCACTTATGCCAAAAGCCTATAGTTATATGAGGTTTAGCACTCCTGATCAGGCAAAAGGGGACAGCAAACGAAGGCAGTCCCAGCAGGCTGAAGAATATGCAGCAACGCATGGGTTGGAACTTGATGACAAGCTAACTTACAGTGATTTTGGCGTATCAGCGTTCAGAGGCGCAAATGTAGAAATTGGTAAACTTGGCCAGTTTATGGAAGCGATAAGACGCAAGGAGGTCGAAAGTGGTAGCTACCTCTTAGTCGAATCTCTGGACAGAATAAGCCGAGATGTCATTTTGCCAGCTCAGAACATTTTTACGCAGATAATATTAGAAGGCGTAACGATTGTAACACTGGCTGATAGAAGAGTTTATTCTGCTGAGTCTGTAAACAAATCACCTTTTTTATTAATTGAAGCGATTGTTATTTTGATCAGAGCAAATGAAGAATCGGAAATGAAATCCAAACGACTTAAGTCAATGTGGGAAAATAAACGAAATAATGCATCAACACAAACATTGACAACAGTAGGTCCAGGTTGGTTAAAGTATAACAAAAAAACTCAACGGTTTGATGTCATACCAGAGCGGGCTGCCATAGTGAATAGGATATATAACGAGTACCTGAGCGGGAAGGGGTATTTGACCATTGCACGCATGTTACGCGAAGACAAGGTACGCACCTGGACGTTCAAGAAAGGCGAGAAATCGATCTGGCGAGAACATTACGTCAGTAGGAT
CP077684.1_gap14	661516	664808	3292	GTGCAGGCCCGCAAAGACGTTCTTCAGTGCATCGGTTTTGCCACACCCGGTTGGTCCCGAGATCCAAAGCGGGTCGGGGTCCGGCTCGGTCAGCCATTCGATGAAGTCGCGCAGCAGGCGAGCGTCCCACACGTAGCCGGGGGTTGACCTAGGAACCAGTGGGTGCCCCGGTTCGTATCCAGTGAGCGGCAATTGCGATGGAATGCCGAAGACCTCCTGGACCGTGTACGTGGTGGGGGTAAGCTCGATCCCTGGATCGTCCGCTTTTTGATATCGATTTTTCATGCCTTTACTCCTGTAGCTTATTGGTGGAGATTCCCCGATCAGCAAAAAGCCGCCGTGCCCTTGGTGGGCATGGCGGCTTCGTGTCGTACCAGATCTGGTAGTGGGTCTTATTGAAGATACATTTCTATGAACTCATGCTCGGTCATGATCAGTGTACCGAGCTCAGTGGCCTTCCTGTTTTTGTTGCTGCCGGAGAAGGGATCGTTCGTGACCAACACATCCGTGTCCCGGCTGACCGAAGGTGTAAAGGAGTGCCCGCGTGCCTCGATGGCGGTCACGAAGTCGTCCCGGTTTCTGAACGTCGCCACCTTGCCAGTGAAGCAAACTTTCATGCCGCTTCCAGGTGAGCGGTCTTTTGTGGTGCTGTTTGTGGCAACAAAAGTTTCAGCTACGTCAAGGTCCCCGCTGGTGAGGGCCCACTCCAGCAGGGGGCTAGACAACCCCTGGATGATTTTCAAGGCGTTGACCTCTGATACGCCGTCACACTCCATCAGAATCCAGGTTAGGTCGTCGCGCTGTCCGGATTGGGCGTATGCATACAGCTCCCTGAGCCGGTAGTGCGCTAAGATGGGCTTCAGCAGCGTCCGGCCGATCCCCTCGGGGGAAGCGGCTGCCAGCACTTCGTAATCCTTAGGGTTCAGCTTACCAGCGACCGTCGCCATCAGGTTCGCTACGGAGGACTTACCGAGCCCTGGTATCCGGGCTGCCTGCTGCCGGTCTAGGTGGTACAAGTCTTGCGGGTTGCAGATGAGGTCGTGCTCAATCAGCTTCATAATGGTTGAGTCCGCGATCCCCTTGAGGGAGAGCTTCCGGACCCACTGCAGAATTCTTCCTGCCTGGCGCGCCCTGCAGCCCCCTTCATTCGGACAGTAGGCGTAGGTGCCGTTGTTATTGAGCATGATCGTGGCGCCGCAGTGGGGACAACGTTCCGCGAAGACAAACGGCTCGATGCCATCGTTTTCGGGGACGTGCAGGACATCCACATATCCCAGCACGTCGTTGATAAGGCTGAACAACAGGCGTGTCCCCCTGCCGATCTTCAGTTCGTGGAAGCGTCGCCAGTTGGCGATGCTGGTGCGTCGGTAGGTTCGCCCGTTGATGGTTACAGGGGCGAAAACGACGCATGGGGTGACGCGCCCTGAAGGGCCAACCTCAAACTCCATCGCCACGGCCTCCGTTTCGCACTCCATGAACGGGTATTTCAGAGCTATGGCAAATTTCGGATAGGTGCTGGAGCCACGGTGCCAGCCGAGCCGCTCACGGATTGCCTCGTCCAGGTGTTCAATTACCATCCCATCCACCATGTACTCCCAGTTGATCCGCTCTCGCGCCTGCCGTTCATATAGTTCCCGGATGGCCTTGATAACCGTCTCCGGCGTTCCCTCGAATATGCGGAACGATGGAGACACGAACCCCGGCTCCGTGACCAGTGCGTTGATGAATTCGACGACCTCCCTCCGGTTCATCGTCCCGTCCTCCATGGCGATGTCGATCGGCGCCAGATGAACGAACTCCTGGAAGGCTGCGCCATCGTTTTTGTGAAGCAGTCCCGTTACGGCCGCACGCGGGTCGGCTAGGTCCTTGCCGCGCTTTTCCGAGAGGGGAGCCATGCTGCTCTTGGATACTAGTGCCTCATACTTGATACCGAAGCTGCTCTGGAGGGCACAGGGGATGTCCCGCCCGGCGAAAACTGAGCCCAGGTCTACGCCGTAGCCGCCCTTGCCTCGGGTAACGGCACCGGTGAGTCGACCATCCGATGCGTACTGCAGCATCACGGAGTTACCATCCATCTTGTTGGATACAGCCAGGGTCACGGTTTGGGCATCAGCACTGGTCTCTTGGAGCCAAATGCTTAGCTCCTCGATATTGTTGACCTTCTTGAGGGTGCACATCAGGGCGTCATAGGCATGGGATACCCCGGTGGTGCCCTTGCTTCCTGAGATGATCTCCCCGGTCAACGCCTCGTGGATGTCGTTGAGGCGATCGTATTCTTCGTCCGACATGATCTTGTGCTCCGTCTCGTAGTAGGAGCGGCAAGCCCGCTTCAGGAGGACCCGCAGGTCCTTGGCATCGCGGGCGGTCATCTGCCCTTGCTCGTAGCGAGCTACGAACTCTGCCGGTGTATTCATGAGTTGTTCTCCTTTAGGTAGGTGTCTGGTGTTACAGTTGTTTCTGGCGAGCCCACTCGGCAATAAGGACGGCCTCGGCGATGCCGTCGTGCTCAGTCCGGCAGTTCTTTGGGATGAGGTCTACATGCGGGAAGAGGCAGCGGCAGGCGGAGATGCTGTCGCGTTTGTGACTCGACAACCCCATTGCTTTCTTCCAGATGGCCGGTCGGACTTCGTGGTATGCGGTTTTCAGTAAGATGGCGGCATCTTCGAATATCCCGAAGTGACGCCCGTAGTTGAAGCTACTGGTTACTCCCTGTTTCGGCATTGCTTGCGCCCGCTCAGCGATGATAATTATGGTAGGGTAGGCATCCCGGATACGGCGGAGCCAGTCTGCGATGCGTATCTTGTCGACGGGCATCCTGGTATATTCCATCAGCACCCCGTCGGCTCTCAGCACAGCAAGCCCTCCGTTTTTCCCAGGGTCTACCCCCAGGTAGTGTTTCTTTAGTGTCACTCGTGCCCCTTTTCCCCGATGGAGGGGGATAACTCGCCTTCCATCCTGCTGTAGCGCGCCGGTTGCGGTGTCGGCCTCCTGTACCTCGTGACTGGGGAGCGGGAGCCACGCTGGTCCATACTCCTGATATAGTGTCTTGACCCTTCCCATGGCTGATCCTTACCGGCCACCGACCAATAGGAAAAGCCCGAGAGTCACGAAGGTGAGGATTGCAGCCACCAGCCACCTCCGGGGACGGGTGTATCGGTTCCGGCGCGGGTTTTGGGCCCTCTTGGGTTTCACGTCCAGCCCGATTAGGCCAGACCCATAGTACTTACTCATATCTCCTCCTGTTTGTTGGCAAAACTTACTTCAGCCTCTGTTGCCGCGACTTGGGCCTGGA
CP077684.1_gap15	670303	673161	2858	CGGCTCACCCCGTGGTTCGAGCATCGCCTGTTCCTAACCGCCACACCGCATAACGGCTATACTCGTTGCTTTTCAGGCTTGCTGGAGCAACTGGACCCGGTACGTTTCACCCGCACTCCGACCTTTACCGACAAGGAACGGAAGATGATCGGCGACGTGCTCGTTCGTCGCTTGAAGAGTGAGATCAACAAACAAGACGAGGATGCGGGGCGATTCCCTCGGTTCGCGAGCCGACATCTGGAGCCCCAGCCCTTATACCTGTTGAAGGGAGAGAAGAACCTAGCCACAGCCGTTCGTGCGTTTTGTGACGCGCTCAAACGGCATATTCGCGCGACACAGGAAGCGCGGATGGTCCTCAACTTCGCGATAGAGATTCTGCGAAAGCGCCTGATGTCGAGCCCGGTTGCATTTGCCGACTCCTGGCTGCGTTTCAAGCTGGGGTTAGAGCAGCAGGATGAGATTCGCCCTTCCGAGGTTGCTGCCGCACAACGGGCTACGGAAGAGGACATCGATGATGACCAGGAGCGAGAGAGCCGCGGACAGCACGCAGCCCATATCATAGGCTCCTGGATGCACCCATATGTCGATCTGCTGGCAGCCGAAATCGGTGCAGTGGATGACGCCCTGGCCTATCTGAAATTGGATCGGCTCCCGGCCACCAGTGCCAAGCCGACAGAGGATGCCCGGTACGACCGTCTCAAGAAACTCATCGATGACAGGCTGCGCGATGGTGGGAAATGGGGCGATTCGGAGCGGCTCATCGTCTTTACGGAGTACAAGACTACCCTTGATTACTTGGTCAACAGACTCCGGGCAGAGTACGGTCAAGATGACAAGGGCCTGATCCTCCTCTACGGCGGTATGGACGACCAGGAGAGAGAGTCGGTCAAGAAAGCCTTCAACGACTTTGCATCACCGGCTCGGATTCTCATCGCCACTGATGCGGCCTCAGAGGGCTTGAACCTCCAGCAGACCGCCAGGCTCCTCCTCCACTATGAGATCCCCTGGAATCCATCCCGCCTGGAACAGCGCAATGGCCGCCTCGATCGGCATGGTCAAGCACGAGACGTAACCGTGTATCACTTCGCCAGCGATGATGATGCCGATCTCCGCTTCGTGGCAAAGGTTATCGGTAAGGTAAATGAGATTCGGGAAGACCTGGGGTCCGTCGGCGAGCTGTTCGATGCCGCTTTTCAGCGGCGTATGATGGAGCAACAGGACGACCATGATGTGTTTTCCCGACTAGACAGTCAAATCAAAACCCGCCGCCATGCGGCCGACGAGGCACGAATCGTTATTGAGGAGCGTGGGGTAGAAGAGCAGGAGCGTTTCCAACAGCTCTTGCAGGACCTTGACCTCAGCCCCGACTCTCTCAAGGATACCCTGCGGGTAGCCTTGGGAATTGGTAGCGGGCGGGATATTCTGGAAGGTCCTGATGAACGGGGCCGGATGCGGCTTTCCAGCCAGCTCTCAGGGCAGTGGCAGGCCATCGTGAACGACTACCTCCGTCTCCCGGATCAACGGGGGGCTATCGGAGCCATTCCCTGGCTGGTGTTCGACCCTCAATTCTTTATCCAGCATATCAACGGCCGCCCCGTCTTCCGACAGTCGCTGGATACGGTTCTGGTCCATCTTGGCCATCCCATGTTGCGGCATGCCTTGGCCTCATTCGCCCGACTCCGATTCCCCGGTGCCCAGGCAGACCGGGTATCCCCCAGCCGCTGGACGGTCACGGAGGGACAAGTTCCTTCTGGAGCGGATGCACTCCTGTTGTTCACGGTTGAGGAGATGGCGATCAACGAGTTGCGGGAGACCTTCCACCACTGGGTCCGGACGCTCGCCATTCCGGTCAAGAATGGTGCTCTGGGGGATCCACTCCCTTATAACGGTCCTAACCATGGCGATCCCGGTAGATATGTTGAGGCCCGGGTCGCCAAAGCTCGCGACCTGTGGGATGAGGTGGACCGCGATCTGAGCCAGTTTCTCAAGCAGTATCGAGCTTCCCTAACTGAGAGCGTTCGAAAACTTCAGGTTGCTGCAGGCGCTGAGGCCAGAGACCGCGAAAAGGAGGCCTTCGAGCGACGTATCAACGAGGTGGCTGCGTTGCAACGGAGCCAGAGCGTCGAGAAGCTGAAGCGCGAGATCGAAGAGAGGCGCAGTGGCGCTCTCCAGCTTAGCCTCTTGGAAGATGCCAACGAGATTGCCGAACGGCAGATGCGTGACCTGGAGGATGAACTTAAGCGGCGGACGGGGCACTTCGGCGAGCTGCTGGAGCGTCTGAAGAGCGAGAAGGCCCGGATACTGGAGCGGGTGATTCCGAGCCGGTTCACCTTGAGGGGAGAGATGCAGGTCTTTCCGATCACCGTTGAAATTCGCTTTCCGGAGGTGCGGCCATGAGTTTGCTACTCGACTGGTGGGCAGCGCTTAACCACGGCGGTCTGCTGATCGCACCCAATAAGATACAGGAATTTTTTCAGCGGGATTTGGAACCGTTATCGAATGGTAAGGCTGAGCGGCTGCGCCGCGAGGTCACCCGTTTCGACGGTACCGGTGAAGGTCTTTCACCGTTGCTCGACTTTCTCCTGGAAGACCTTTGCGGGCTCACTGCCGCTGAATGGCAGAAAGCACAACACGTCGACTCCAAGTGGTCTCTCAACAGTTTTACAAAGGAACAGATAAAGCCACGCCGCATCTGGATTGGCCCCAACGGTGAGACCCTCCCTGTATTCGTGCCCCAAGCTACGAGCGGAAAGCTCCTCGGTAACCGGCTGGGAGTCGGTAAGTCGCGGCGCATGTTCAGCCGGGTGCTGGAGTGGCTCCGCCGGCAACAGCAACCGCTGGCGTTGCTCACCAACGGG
CP077684.1_gap16	682339	685482	3143	CGACATCGTTTCCGATGCGTTGGTTCTGACGGAGTGTGCTTCTCGCGAGATCGCCTACAGTGTCCTGGAGGCCTTACGACAAGGAGCAGCTGAGGTTCTGGATATGGAGATTACAGATCTTCAGGTGATGGTCTTTGGTAAGGCGGGGGCAGAGCAGGTTGATGGATTACTCTATGACCCCATGCCGGGGGGATCAGGACTCCTTGATCAGATCATTAAGCGATGGCCGGATGTGGTCACCGCTGCAGAAGGCATCCTAACCGGGTGTGCCTCCGCGTGCGAAACGGCATGCGTGGACTGCTTGCAGCACTTCAGAAACTCCTTCTATCACAACAACCTTAACCGGCACACCGCCATAGAGTGCTTTAGGGAGTGGGGGATGGCCCTGGCTGGATCGCACATCATCCCGCCTATCCTCCCGAGCGAGGCGCAAACCAAGGAACCGGTAAACGCTCCTGAGGCCCAGCTGAAAGCCCTTCTGGAAGCGGCGGGCTTTGATGATTTTGAGACGGAGAAGCCAATCTCGATATCTGGCGGCATCGTAACCAGGCCAGACGTCTACTTTCATGAGCCTAATGATCAACACGCTGGCGTTTGCATCTACCTTGACGGAATGAGCAAGCATATCCACGGTAATTCAGAGACGGCAACCAGGGATAGGCAGATCAGGGAAGAACTGCGAAGCAAAGATTATGAGGTCGTTGAAATAATGTATCAGCAACTCTTCGACAAGGTATCAATGCGTTTGCACATGAGAAAAATCGCGAAGGCAGTGGTAGGCATTAAGAGAGCACGTGATTTGGAGTCTGACGATAGTTGGTTCGTTTAATACATCTCTAATAGGGCCGTCCAATGGCGACAATGATACAGGCGGTGCCGCTTGATTTTCACGGTTGCCCTGGAGAAAAGCATACAATATCCCGAGCTCCGCTCGGGATTAACTTTGGGATGTTCCATTCCAGTCGATGGGCCGGCAGGACTGAACGTTCAGCCGGCCAAGGAGAAGCTCATTTTACCATCGAGCCAAAGAAAGGCGTTCTCGTCCTTGGTGACCACTGCGGAGGTCGTGGCGGCAGCGGGGGGGGCTCATTTGGGAGGCGTAATTGCGTCCTGAAAAAAGGAACTCCTTCGGAGCCTGGATAGAGAGTCTTTTAGATGGGAGTGCAATCTGGCACTGACTTTTGAGGAGCTATCGAAGGACCCAGCTTTCGTCTCAATGCGAGAGATCCCAAAATTGTAGGTGTGCGCCGCCTTTCTGATTAGTTTGCCCAGATCACCTTTGGTGGCAAAACGACCGAGATACACGGTCCCTCTCCCGTGGGTCGGTGCGTCCAAGCCTACTACCCACCCAGCCTCGCCAAGTAATTTCTGCAACGAAACCATGTCCATATCCAACGCGGTAGAGTAAATTCCCCCTTCCTTTCTGTAGGTTACAAAGCAGACCTTCTTTGCCAGCAAGCGGAAGTCCTGCTGCAACTGTTTTCTGATCCTTTTCAGTTGCGATAACACGAAGTCTGGCGATGGCGCATTGATCCTGACGAGATGCAGGAATCCGGTGTGTCTCTCCATCAGGACCAGGATATTCCCTTTTTTCAGCACATAGTCGTTGGTAAGGTACTTTTTCTCCTCCCAAGTCACTTGGACCAGATGCACCGCAAGGGTGCCGACCTCGATAGCTTCGCGCCTTGGGAGGTATCCCGTGAGGCCAATGGCTTCAATGGCTCTCCTACAACTTCTCTCCGACGGGCACGATTCGGACCGGCGCGTTCTCTCAATGATATGGGGCTGGATGTCCAAGTGCAGGTCTTTAACCGGCCATGAGGACGCTCTGGCCAACTCACACAAAACAGCCTTCTCAAAGATCGTCATTTGTCGCCTGCTCTGCAGGTCCGAACCCATAAGAATTGGGACGTGATTGGCAGGATTGGCCCAATGACGGGCAGTTAGATACGCAACCCCTTCATCCCTGGCGATTTTTTTTATGGCAACACCTTGTTCTCGTAAAGCTAAAATTCGCCTTTTGAGTTCGGTGCTGATCCGTTCTCCCCGCATACATCCTCCCAGCCCCCCCGAAATAATGTCATGGGTTATATATATTGTCAAAATGGCTTTCGTATTCCCTCCACGAGAAGCCCCTTTAGACGCCCGGAGCCGCGATTAATCGTCTAGGAGTATTAAAACAACCATCAAGTATAACATATTGATTTGCTTCATCATTTTCATTTATTTTATCCAAAGGAGTGATGAGGGGATATCAACGGAGGAGGGGAGATGACAGTGACTAATGACAGTGACAGAAAACAGGGGGAGCGGAGTCTGCTGGAAGTGGTCTCCTGTAGTGATCCCAATAGTGCAGAATATAAAATAGCTCTGAATACTCTGGTGTTGAGTCACCAGTGGCTGGTCAAGCAGATTGCATATAAGGTCCTCGGGAATTCCTCACGCCGAGAAGAATTCAAAGCTGATCTGATCCAGGAAGGCACCCAAGGTCTTTTGATGGCAATAAGAAAGTTTGATTTGGAGCGAGATACAGCATTGTCTACTTATGCTAAACATTGGATTCATAAGGCTATCGTCAAGTATATCAACCAGAATTGGCGCTCTATAAGAGTGCCAGAACGTGAATGGTACGCCATCCGATGTTTCATTGGCGAGGAAGCTAAAAGTGGACTTAGGGAGCCCTCTGTGGAGGAGATATCAGCGGCTACCGGCGTAAGCATCCCCATGGTTACCGCCATCAGGCAGCTCAAGGACGAGGTCCGGTTGGACGAGATTAGCAGCAATAACGAGGACTCAGAAGGTACCCTAACAATCGGAGACATGTTACCAAATAACATGCCGTCGGCTGAGGATTCGCTCGAATGGGCTAACGACCTTGACCAGATTCGGAAAACGCTACTGTCCGCGGGACTATCAGATACAGCGCTGGAGATCTTACGGCGTCGGTTCGGACTAGACGGCAGGGATGAGGAAAATGTCGAAGAAATAGGAAAAAGCTTAGGGCGTAGGTCGGAATGGGTACGGCGGCAACTTGAACAGGCGCTAGATGACCTAAGATGGAATTTTGTGTCACATGGTCTCACCCCCATCTACGAGAAAGGAATGATATGAACGGTGAAACCAACGTGTTGACTAACCAGATA
CP077684.1_gap17	687219	688687	1468	AGCCCATGCAGGCCGGGTTGAACGGACGTCCTTTATATCCCCTCGGGGACTGCGCCGCGATATCGAACGGAGGTAGCTGCTGCAGATTCGACAGCCCCTTGATGGCAGACGGGTTGCCTGCCATCAAGACCTTGCTTGCGTTGATGAGGCAACTGAATCCGTTCTGGACGTGGCATTCTGCTACCTCGCCAGGTCTAATGGTTGTTTCCATAAGTTTGTTCCTTTTCTCTTTTAAGTTGCCTGAAGGGGTCTACCTCCAGAAATGAATCCGATGCATCGAGAAGTTTCTGGAACCTCTCCCGGTCCTCGTGAAGTCGCCTCAATACCTCATAGTGGCTAACTACCATATTGCTATCGAGAGCAAAGGTAGTCGTGAAGTCGACCCCACCGTCTTTATCCCGTAGGCAGGAAACATGTAAGGTAGAGGTCTCCCCGTTGTACCACCCGACCACGCGGGCTTTGGATATGGGGGTCGACAGGGTCACTACGGCCCCTCCTGTCTCGGGGTCTCGTTCGTTGAGGTGTCCCAACAGCTTTGTCGTCCCATTCTCGCGGACCATCACCTCGAATCTTAGGGCGGCCATGCTCAGCTTTATACCGGCAGGGTTCACAGTGGTAATCCGAAGCTTGTGTCCTATCCCGTTAAGGGATAAGGCTGATAGGTGCTCTTGGCATTGCCCCGCAAGTAGCTGCTGGATCACCAACTTACTGTCGTCCGGATAATCGCTCTTGATTTCGTCTAGGACCTGACTGAGCTGCCAGGTGTAGATGGGGCCATCAGAGGCTAGGGTTTCCAAGTACAGGCGGCAGTGGGGATTTACAGCTTGGGCAATAACCCAGTCCGTTACAGGATAGCTGTACTCTACGGGATTCCCCTCAGGAAGGCCCAGAAGTCGTTTGACTGGCGCATAGATGTCGGGCATTGCTTGGGTTGTGTCTTCATTCATAATTTCACCTCCTTCCTGGTTATGCCGTTGTTTAATGCAGCGATTTACGGCCTGTTGTGCGCATGTTGCGGCGTTTTTCACGCTAAGCTTTATGAAGCGCAGTTTGGTGTTGGTCTTGAGCCGGATCGCATGACGTGATTCTTCTTCACTGCCCAGCACGACTAGAGCCGCTAAGTAAAAGGGGGTGCTGACAGAGTTGCACTTCTTAGCGTGGTGGTATGTAGCAACAAGCTCGGCCAAAGTAACAGACCGATACCGATAAGGTCGGCTGCCCAAAAACGGCACGACCTCTCTGAATGAGAGATCGATGCCGTTATCCAAGACCGAATAGATGGGGGGATGTGGAAATGTGGTTACCATAAGGAGAACATACGGAAGATTTGGTAAGACTTCTTGCGGTCTACAACTTCTTTTTCTGTAGGCCCTATTTCTACTAGTCGATAACAGTCGTCTGGACCAGCGACACGTCCACCCTCAAGGCCTGGCACAGTTTCATTATTTCGGTACGGTTTCGACCTGTA
CP077684.1_gap18	717595	719138	1543	CATGGGAAAAACCAACACGCGCACTTCAAGGCCCGCGATATAACAATTGAGGATCCTGGCACAATATTTCGCGATTTGGAAATAGAAGGGCCTGTCGATGAGCAGGTAGATGTCCTTGTTGGTGGCCCGCCATGCCAGGCTTTTGCCCGTGTTGGTCGTGCAAAACTTCGACATGAGGCTCTACGCCGGGAAGAGGATGACGCTGATATTGCTTTTCTCGTAGATGGTCGAGTTAACCTCTGGCAGCGATACTTGCACTACGTCAGGCAAACCAAGCCCATTGCACTCCTGATGGAGAATGTTCCTGACATACTGAACCACGGCGGGAAGAATGTTGCTGAAATTGTGGCCGAGCATCTCCGCGAGGAAGGGTATAGGGTCCGCTACACTCTGCTCAACGCCTCATGGTTTGGTGTACCGCAGACAAGAGAACGGATGTTTCTGATAGGGGTTCATGAAGATTTAGATTCGGACGTTGTATTTCCAGCCCCCACTCACTTTACGGTGCTACCTGCAGGGTATGAGGGAACGCGTGCGACGGCTCGTAAGTTAATCCCAAAGCATCAAGGGGACAGCTTGTTGGCTAAACATGGTTACTGCTGGATCCATGATCCTTCTACAGCCGATTGCCTACCGCCCACCACCACGGCCAGTGAGGCCCTCGCTGACCTTCCCCCGATTTACGCTCTTGATTTGCTGGAAACCGGTCGCATAACGCGTGGCCGAAAAGATCCGTCAGAATGTGTAGCTTACACTTCTAATAATCCGACCACTGCATGGTCCCGATTGATGCGACAATGGCCTGGATTTGCCACTACTGATCACACTACTGGTCATGTCATTCGCTATCTCCCTCGGGATTATAAGATTTTTCGCTTGATGGAGGAGGGCTGGCAATACCCAGAGGTCTGGCAATTCATCGAGGAGAAACGTCAGCAACTTGTAAATAAGCAGTGGAGGTCCGGAGAGGACAAGACAAGTGACATTGAGCAGCAGGCGTTCACGCGAGAGTGGACACTGCCGTACGACCCTAAGAAGTTTCCAAACAAGTGGTGGAAGCTCTATAGGGATAAGCCGGTACGTACGCTGATGGCCCACTTGGGCAAAGATTCTTACAGTCATATTCATTTTGATAGTGAACAGGCAAGAACAATTTCTGTCCGCGAGGCAGCACGGTTACAGTCCTTCCCTGACGGGTTCATATTACGCGGGAGTATGAATGCAGCATTCAAACAGATTGGTAATGCTGTGCCACCGCTTGTTTCCTATGCGATCGCTATGGAAATCCGTTCGATGATCGGTTGCCAGTTGATTCCTGATATGCGTTATCAATTGCTCCGTCTCCATAGTGATGCAACTCTGCCTCGTGTGAAGGAGTGATCGGGTATGCGTTTCCTGATTCTGCGAATTCTTACCCATAGTGAACTAGGAATGTTTCATGAGTATCGGCGACAGGGCAAGGAAGGATCCAAGCAGAGAGCCGTAAACTTTGATTGGGATGTGGTAGACCGCGTATTCCCAGCGGCCAAGGATTCTGATCGCA
CP077684.1_gap19	721695	726191	4496	GCTTTGATACGGTCTGTACTTTCCCGAACAACAAAAGCTGCTTACGTTGCCTACACTGCGACTCCATTCGCCAACATCCTGATCAATCCTGACGCTTTTGATCGCCATGTAGGCGAAGACCTTTTCCCCAAAGATTTTGTGATCCAGCTGCCGCGACCAAAAGGTTATACCGGAACAGAAGAACTTTTTGGCACTTCAGCCCAAAACCGAGACGTGCTGCGACCAGTTTCGATAGACGAGGTAAAGGCTCTACGAGGTTCCCGAAGGCGCCGGAAAGCCGAAATATTTTTGGAGTTAGCAGAAGACACACTGCCAGATTCGTTGGTAGATGCCCTTATCACATTCTTATTAGCTGGTGCCGTCAGGATTCTCCGCGGGTTTGCAGGGAAGCCCCACACGATGTTGGTGCATGTAAGCCAGAAAACGGATGACCAAAGACGGATTGCCGATGCCATTAGGAACCAAGTGGATCTGTGGCGCGAGGCAGATCGCCAAGGACAACGTCTTGAAGTACTGCTTTGCCCTGTCTGGGACAATATGAAGACAGGTATTGATGTTCCTGCTAATGACGAAACGATCCTCGATACGGCTGTCACTGTGCTTAGGGAACTGGTGGTTCTAGAGCTAAACAGCGTAACTGGTGAGAACTTGGAGTATGAAGAGAAACCAGGACGCCACATTGTAGCTGTGGGAGGTAATCGGTTATCCCGGGGGCTTACCTTGGAGGGGTTGACGGTTTCTTATTTCCTACGTACCGCCTCCATGTGCGATACTTTGCTGCAAATGGCACGTTGGTACGGGTTCCGTCGCGGGTATGAAGACCTCATCCGTATATGGACTACTGACGGCATTGCTCAGTGGTTTTCAGAATTAGCTCTGGTTGAACAGTCGCTTCGTGACTCCATCATAGCTCTTGACCGCGCAGGCCGAAGACCTGACCAGATGGCTATACGACTGCGGGCTCACAGCAGCCTTCTTCTGACCGCGCGCAACAAGTCCCAGATCGCGCAGACCACGCAAGAATCGTGGTCATGCGAGCACCCACAGACGGTCCTTCTCCCATTGTTAGATCCGTGTAAGCTCCAGGCGAATCTTCTTCTGACGGATCGATTCATCGCAGAAATTTCACCGTCACAAAAGTGCTACGGTGGAATGCTGGCGCAGGACGTGGCTTCTGAAGCTATAGTGGCTTTCTTGCGTAGATATCTAGTTCATGAGGACATAATCGCTTTTCGCAACGAAGCCCTCGCTGACTGGATCATGGGACGAACTGCCGTTGATGAACTGACTGACTGGTCTGTCTTTGTAGCGTCACCGGGCAAGGGACGATCGATTACGTTGGGGGGGAAGGCTATTGGGCTTGTCCGTCGTAAGCGCGTCAGCAGTGAGAGCATCGGAATATTGACTGACCCAGCGCACGAGGGTGTCGATTTACCGAATGGGCCTGATGCTTACCGACGTGAAACAGGGGATTATGATGCTGCGGCCATGCGGGCGGCAAGACCTTCAACACAGGGACTACTGATTATCTATCCGTTGGACCCTGAGTACATGAATATTCCACACACTCAGGCCGTGATCGCTCTCGCGCTTAGTTTGCCTCAAACCTCGGATGGGGGAGCCATGTGGATCGTGAATAGCAAGGTGTCCAATGATTGATGGTCTAACTTCCGTACACTGGGCGGGCCTCCGAGCCAGAAGGCCTCAGGCCGAAGACTCTCTTGTGACCACGCCTATTATTCTCGATGGCGCGGAAACATCCATTTCTATGGCCATGGACTACGCCGGATATTTGCACCTGTTGATACCGGTGGAAAATCCTCCAGTTGAGGCACCACCATCAGATCTTAATGGTCTCAAGGTGAGGCATCGCTGTCTTGAGATTGGTGATTATCTTGACCTGTCAGCACCTCCATCGCACGAGCAGGTATTTACTCCATTTTGCAGAGAAGTTGTTGATGCCGTAGAAGGGAAAAACCGCGACCCTTGGAAGGCTGTGGCAGCCACGATCCGTGCTTGGCTGTCCGCCTGGAGGCCAGCACGCCAAGCAATGGAGAAGAGCGTCCAAGTCGGTCTTTTTGGTGAGTTGTTGGTGCTCCGGTCTCTGATGATTCCAGCAATAGGGGCGGCAGCCGTCGATCAATGGAGTGGCCCAGAGTCGGAACGTCATGATTTTGTTGGGAAATACCTGCGTGTCGAGGTGAAAACTACTCGAAAGAGCCGCCCTGAACATGAAATATCACGATTGGATCAGCTTCGAGCACCCACCGGCTGCCAACTGCTGTTTGTATCAATCCAGTTGGAAGAAACGATCGGCGGTAGCGAGACACTAGCAACGCAAATGGACAGTATCGTAGACCTGCTGCGTGAAGATCCTGCAGCGTTGGACAGGTTTATGACCAAGATGGTGATCATGGGATGGTCAGAGGATATGCGGACCTCGGGTGAGCTTCTCCGATTCTTTATTCGAGCGGGTGAGGTCTATGCTGTTGATGATGACTTCCCTCGCATTCCGGAGGATTTCCAGGTCCCGTCTGGCATAGTTTCCATAAAATACACAGTCGATCTGGCGAACTTACCCTCACTGGGAGTTGACGATGCGACAAGTCTCATCAAGAAGGCCAATTTCTGTGGTGCCTGAAGTTGGTGCCGGTTATATGTATGTCGCAATCCACGGCTGCGCCCGATTAGTAAATGGTTGATATTTTTACGCACGAAAAGCGCTCAATGATCATGTCCAAAATCAAAGCGCGTGATACTAGGCCCGAACGTATAGTCCGTTCTTTGCTGCACCGGATGGGGTTTCGGTTTAGGTTGCATAAAAAAAATATGCCTGGGCATCCGGATATTGTTTTGCCTCGCTTAAAAGCTGTAATTTTGGTGCATGGTTGTTTCTGGCATAGACACGATAAATGTCGTCTTGCGTACACACCAAAGTCAAGAACGGAATTTTGGCAAACAAAGTTCGAAAAAAATGTCAAAAGAGACGCCAAAGTTAAGGCGGAACTGGAAGGGCTAGGATGGAAAGTGCTAGTCGTATGGGAATGCGAGGTGGCGGACCCAGAGCTGCTTGGTCAACACTTGACGAGCTTTCTAGGATCATAATGCTCATTGTACGAAAAAAATAAAGAAGCAAAGACACCATTTCAGCGGATTACAAAGTGAAGTGACCAGTTAATATTGTAGTGATCTGTGACAAATTATGTGGACCTTCGACAAAGAGAGGAGGAAGCATGTCCGATTTAGCAGTTACGAGTTTAACAATTGAAGAGCTACTGAAGAACCTAAGGGGACGTACGTGGCAGATCCCGCAATTCCAGAGAGAATTCGTATGGACAGTGGGTGACGTTATAGAACTTGTACACTCCATCTTTTGTGCTCGTCCTATAGGAATGGCTACGATATGGGAGCAACCTGATGATACTTCGCTAGAACTTGGACCCATTTCTTTACCTGATAAAGTGGTTCCAGGCATGAGTGAGACACGCGTCACCTTCTGCCAGTCTGAAGAGAATCCAAGAAAGCTTTTTGCTGTGCTTGATGGACTTCAACGGTGTACAGCAATAGCCATGGCGTTTGGCGGGTTTAGAACTGATCATGGTGATTATAGAACCTCTGGTAGGTATTATCTTAATGTATCTGCGCTTGATCCGCTGGAGCAGATCGTTTTCATAAAAGAAGAAGAAGTGCAATCTAAGCATTTTAACAATGATGCAACATGTATTTCGCAGGGGTATTTCCCCTTGGCAAGTAATAATCCTTGCGAAACATTCATGGGCCAATGGCTTAGGTATATTCAAGCTATACAAAGCAAAAATTATTACACAAATGGTGAACTTCCGCCTCCAGATGAATTAGAGAGAAGAAACAATGTTCTTAAAAAAGCATTTGAAGGGATCAACAAAACAAAGCTTGCTGTTTATATAGTGCCAGATACTTATTCTCTGGCGGACATCTGTGACATATTTGAGAAATTAAATACTACCGGTACCAAGGTGTCCACGGTAGATCTTATTCATTCATGGCTTTATGCTGATACAGCTAAAGATGCTACAGGTCCTATTCGGCTAAGGGAGTGGCTTGACGATTTTGGGCAAAAAGATGGAGTGATCGGGTGGTCCGATTCAAATGACCGGCCAGAGCTCCCCGTCCAGATAGTGACCGCATGTCATGTTGCTCTTGAGGAGAAAGCGCAACCAAGAAAGGTGGGGCGAGGTGCCACCACGCCTATAGCTTCAGTTAAAGCAGGAGATCTATTGGCGACCCCCACAGCTCACTGGAAGCTCATTATGGGGGCTGATAACATGCTGGCAGAGTATCTAAAGGACTTCCAGCGTCTTGTAGCATCTGGAATGTTTCCCTGGAAATGGTGCCCCTATCCGGTCACCTCTGCGATATACGTTGCATTGCGTGTACATATGAATTTCGATAGCGCCAGCAAGCATCCATGGGGCATAGATGATCTTAATGCCCTCTTTAAAGCTTTTTTTTGGCGT
CP077684.1_gap20	786396	790827	4431	CCGTGGTGAACGCCGCCTCGGCCTTCCCGGCCGGCTCCACCATGAGGGCGGTCGGTCTGCAGGGCTACTTCACCCAGTCGGCCGGCACTGGCGGCATTGCCACGGCCACCGCGCGTCACGCCCTCTCCTCGGTGAAGACCGTCACCGGCGACACCCCCCGCCGCGTCGTCATCGACCCGGCCAAGTGTGCCAACTGCCACGAGTGGTTCGAAGGGCACGGCGGTAACCGCGTGATCGGCAAGGATACCGTGGGCGAGGCGATCTGCGCCCTGTGCCACGTGCCGAACCTCTCCACCTCCGGCCGCGGCGCACAGCAGTCCCTGATCCAGTTCATCGTGGCCAACCCGGTGGGCACCTCGCTCGGCGCGGTCACGAACTTCCTGACCAACACCGCCTTTACCGGCACCATCAGCCAGGAAGCCAAGGACGCCATGACCGAACTGGTGGCAACCCTCGGGAGCGACCCGACCCAGTACCCCGAAGCTTCCAACAACTTCAAGGACATGATCCACGGCGTCCACGCCGGCAACAACTCGCTCGTTGTCGGCATCCCGCTCGCCTTCGTACGCGACAGGGGGACCAGCGGCGACTTCGACTTCAACTTCGAGGAAATCGCCTTCCCGGGTGTCCTCAAGGACTGCAGGGCCTGCCACAAAGACACCCTGACCAGCAGCGGTGCGGTCGACGCTTCCAAGGCCACCTACACCAGCATCGGCGCGAAGGTTCAGCCGAGCACCTGGCAGACCACGACCGGCGTGGCGCTCACCCTGCAGACCGCGGTTGCCACCGGCAACAACGTGACCCAGGTCGACGCGGACCGCAAGTCTGTGCCCAACCTGCAGGACAAGGTGAACTCACCGTTCACCGCCACCTGCCGCGCCTGCCACAGCAGGCCGAACGCCCTGGCCCACTTCGCCACCATGGGCGGCCAGGTCAACGTGGACCGCAGTGCGGTCAACCCGGCGGGCGAGGCCTGCATCACCTGCCACGGCACCACCGGGCCTAACGCCATCTGGAACGTCCACCGGTTCTCGGTAGTCGGCGACGACTAGCGACGGCCATTGACCCTGCGCGAGCCGCAGGAACAGCAGACGCCTCTGCCGACGCAAGAGGCAAAGAAAGGGCCCCGGGAGCGATCTTGGGGCCCTTTCCCTTTCGAGGTCGATTTTGTTAATTAATAATGGGGAGCGGGTGATGCGGTTTTTTGCTACACTATGCCCATGAAAGTTCTGTTAGCCGCCTTCTCATTACTCCTGGTACAGGGCACGGAGCTGTTCGCGGCGGGACTTGGCGCCCCCCCCCTTTCCGCCCCCATGGATACGCCGACGCTCTCCGAGCCGGCGGCGACCGCCCGCTTCTTCGACACGGATCGCTTCCTCACCAACGCGGGGCTCAGCTACAGCCCCAGTTACCAGTTGACGCTGGAGCCCGAACTGGGCGTAGGCTACCGGGGCACCGGGCAGGAGCTGCACGGCGGCATCGAGCAGTCGACCCATCGCCTGCACGCCCAGGCCGGATGGCGCGTGTCCCTCGCGCAGACCTTCTACCTGTCGGCTGCGGCCAAGTTCTCCATGGTTACCGTTGAGAACAGGGGGGTCACGGCGGGAGCAGAGCTTGGGACGCGTCCGGAGGCGGGGTGGCGCACCGGCTACGACTTCATCAACCCTTCGCACGCCCCGCTCAGGTGGACCGGTGAGCTCGGGGTGCATCTCACGCCGCGCACCGACCTCATGCTCTACTACGACCAGGACCCGGTCACGGGGTGGTCCTACGGCGGACAGCACCAGGAGGAGCGGGTCGGCACCAGGTTCATCTTCAGGTTCAAATAAGACAAGGGAGGATGCGTGAGCTACCTGCTATCCATCGACCAGGGGACCACCAGCAGCCGGGCCACCCTGTACGGCAGCGACGGCACCGCGGTTACCACTTTTTCTCAGCCGTTCACCCAGCACTACCCAAACCCCGGTTGGGTGGAGCACGACCCGGAGGAGATCTGGCAGGGGCAGTTGGAGTGCATCCGCAAAGCGCTGTCAGCGGCCCCGCGGCTGGCTGCGGTCGCAGGCATCGGGATCACCAACCAGCGCGAGACCACGGTGGTTTGGGAGCGCGCCACCGGAAGGCCCCTGCACCGTGCCATCGTCTGGCAGGACCGACGCACCGCGGAGTTCACCGAATCCCTGAAGCGCCAGGGGGGAGAGACGCTGGTCAGGGAGCGGACGGGGTTGTTGCTCGATCCCTACTTCTCCGCCAGCAAGATCGCCTGGATACTCGAGCACGTGGACGGGGCGCTGGGGCGGGCCGAGCGGGGGGAACTCTGTTTCGGAACCATCGATTCCTGGCTCATCTTCCGGCTGACCGGAGGCAAAAGCCACGTCACCGATGTCTCCAACGCGAGCCGCACCATGCTCTTCAACACCCAGACCCTGGAGTGGGACGAGGAGCTCTTGCGGCTTTTCAAGGTTCCGCGCGCCATGCTTCCCGAGGTGCGCGGCAGCGCGGCTCGCTTCGGGCACACCTCCCCCGAGATCGTCGGCGCTGAGATCCCCATCACCGGCGTCGCGGGCGACCAGCAGGCGGCGCTGTTCGGGCAGGGTTGCTTCGCGCCGGGGATGGCCAAGGCCACCTTCGGCACCGGCGCCTTCGTGGTCATGAACTGTGGCCCCTGCACCGGGAGCGGCGAGGGGGTGCTCTCCACCATCGCCTGGCAGCTCCCGGGAGAGCCGGTGCAGTACGCCCTGGAGGGCTCCATCTTCATCGCCGGCGCCGCGGTGCAGTGGCTGGAGGAGGGGCTCGGGATGATCGGAGGCCCCGGCGAGGTCGAGGCGCTCGCCCGCAGCGTGGCCGATACCGGCGGAGTCTACTTCGTGCCGGCGCTCTCCGGGCTGGGCACCCCCTACTGGGACCCCTATGCCAGGGGGGTCATCGCCGGTCTCACCCGTGGCAGCGGCAGGGGGCACCTGGCGCGCGCCGCCCTGGAGGCGATCGCCTTTCAGACCGTGGACGCCATCCGCGCCATGGAAAGCGCGAGCGGCATCGACCTGAGGGAACTGCGGGTGGACGGCGGTGCGACGCGCAACGACCTCCTGCTGGAGATCCAGGCCGACCTTCTGGGCGCCCCGGTGCTCAGGCCTAGCTGCACCGAGAGCACCTCGCTGGGGGCCGCGTTCCTGGCCGGGATCGGTGCCGGGGTGCTGGATACGGAGCGGATAGGGAGGCTGTGGTCGCTGGACCGGCGCTTCGACCCGAAGCTTACACCCGAGCGCCGCGAGGAAATGTGCCGCGGCTGGAAAAAATGCGTGCAACTCGCGCTTGGTTGGGCTAAGTAAGAAAGGCGCTCTTTGCGCCTTTGCGGCGTTGCGTGAGCGATTTTGGGTTTGGGAGGCACAAGTGACGGACCGCAACACCAACCTGGAGATACTGAAAAGCGGGCGCACCTTCGACATGCTGGTGATCGGAGGGGGGGCGACGGGGTGCGGCATCGCGGTCGACGCCGCCAGCCGCGGCCTGTCGGTGGCGCTGGTGGAGCGCGGCGACTTCGCCTGCGGCACCAGCAGCAAGAGCACCAAGCTGATCCACGGCGGGGTGCGCTACCTGGAGTCGGCGGTGCTGCACATGGACCGGGTGCAGTTCAACCTGGTGCGCGACGGGCTGCACGAGCGCAACATCCTCTTGAAGATCGCCCCGCACCTCTGTCACCGGCTCACCCTGGTCACCCCCCTCTACGGACTGGCCCAGGTCCCCTACGTCTGGGCGGGGCTCAAGCTCTACGACCTCCTGGCGGGGGAGGCGGGGCTCGGCCACAGCCGCTTCGTCGGGCGCGGGGAGATGCTGCGCCGCTTCCCCATGATCCGGGGGGAGGGGTTGAAGGGGGGGGTGCAGTACTACGACGGGCAGTTCAACGACGTGCGCATGAACGTGGCGCTGGCCCAGACCGCCGCCAGGGAAGGCGCGGTTGTCGGCAACTACGTGGAAGTAGTGGCGCTGATGCGGGAGAAGGGAAGGGTGGCCGGAGCCCTGGTGCGGGACCCACTGGTGGGGGTGTCCTGGCAGATCCGGGCCCGCTGCGTGGTGAACGCCTGCGGCTCCTCAGCGGATATCGTGCGTCGCCTGGACGACCCGACCGCCGCCTCGCTGCTTCGGGTGAGCCGCGGCATCCACATCATCCTGCCGGGTAGCTTCGCTCCGGCGGGGGCAGGCATCATGGTTCCCAAGACCGATGACGGCCGCGTGCTCTTCATCCTCCCCTGGGAGGGGGCCTGCCTGGTGGGGACCACCGATGAGCCGGCCGAGGCGGGCGAGGTGCCGGTCGCTCCGGAGAAGGAGGTCGACTACCTGCTGCGCCACCTGCGGCGCTACTTCAACCTAGGCGCCAAGCCCGCCGACATCACCTCTTCCTGGGCGGGGCTGAGGCCGCTGGTGCATGACCCCTTC
CP077684.1_gap21	792260	793842	1582	GCCCTATCGCGGCTACCGCATGCCGAGCCGGGAGCCAGTCGCCCGGGTGGGCTCCCTGGTCGGGATCGAAGTTGGCGTGGTTGTTGTTATCCCCGCAGCCGACAAGCGACAGGACCAAAAGGCACCAAAGCATGGCAAGAGCTTGAGCTGGTCTGGTTACTTGTGACATGTTTTGCACCTCTCATTGTTTTGCCGCCCGTGGCATTTCAGGCAGGAAGCGGGGTTGATCCTCCCCTCAACCCTGTGACGGCTGAGGTAGTCGCCCCGGTGAGGCAGCGACAGTTCGGGCCTCTCCTTGTACTTGTCGCTGGGCTTGATCTCTTCCTTGTGCGCGTGGCACCGGACACAGAAGGATTCTTTGTGGCAGGTGCTGCAGGCGTCGCGCTGCTGGGCGGCATAGATTTTATGCTTCAGGTAGAAGTCCTGGGTCTGGTGGCTGAGCGCCGTCCACTGGTCGGTGTGGCATTCCGCGCACCTGGGAAGCCCCTTGACCTCTTCGGGGTGCACCCGGGCGACGCTGGTGGTGTTGGCGCAGGCGTAAAGGAAGGAGAGCATCACTCCCATCACCGTTAGATAAACTGTCTTTTTCACTATTTCCCCTCCTTTCCAACGCCGAAGGCATAGCTTACCTTGATCAGGCCGCGCAGCTCGTTGTCGAAGTCGGCACTGCGGATGTAGTCGACGTCGGCTGCGACCCTGAGGTTTCGGCTGAAATCATACCCGGCCGCCGCCGCCAGGGAAAAGGTGTTCTCCCGCCCGCCGATGCTCCCGTCGAAGTCGACGTCGAAGAAGTCGAGGGTCAGGTCGGCGGGACCGAGCTTCTGCGTGGCCCAGGCGCGGTACTGGTTGTAGCGCAGGCGGTCGTTGGACCCGTCCATGCGGTGGAAGGAGGCGCCGGCGGCAAGGCCGGTGGTCGTGCTGAACGTGCCGTTGACACCGTAGTAGTCGGCTCCGCCGGCCAAGTCGTACTCGTAGTGGTTGTACTCGGCGGAGAGGGCAATGTTCTTGGTGGCGCTGTAGCCGACGCTCCCTCCTACGTTCCACATCTCCTCCCCGGGGACGATGATGCCGTTGGTGAGGCTGAGAGCGCTGGTGGTGACCTGGTAGAAGTAGTCGTCGTAATGAACGTTCTGCAGCGAGGCGGAGAACCTGAGCGCCTCGGTGGGGGTGACGCTGGCCGTGTAGGCGTGCTCCATCCAGCCGTTACTGAGCGAGTTGTAGGTGGAGCGGCCGGTGATGTCGACCATGCTGATCGGATGCAGCCACAGGTCGATCCCCTCCTCTTCACGGATGCCGTCGCCGCTGACCTCGGTCCGCAGGGCGCTCAAACCGACGGAGTAATACCTGGGGACGGAATGGGCCAGGCGGCCGCCGTAGATGAGGTCGCCGCCGTCGAAGTCGGGCTGGGTGACGGCGGGGTTGCCGACGTAGGCTGCGGCGGTCAGGCCCGCGATCAGGTCGCTTCTCAGGTAGAGGCCATCGATCCGTTCGGTCCCCACCCCCTCGACCACCCACTGCCGCCCAGCGTTGACCGTGAAGTTGCTGCGGTTGGCGCGATAGCTCAGGTAGCCGTACTGGATGT
CP077684.1_gap22	830970	831494	524	AGATGGGGGCATCCATCAAGCAGGTCGGCAACGGCGTCGTGAGCCTCATGGAGGTCTCCACCGCCACCGCCTCCTCGGTCATGGAGATGGACAGCTCCATCAAGCAGGTGGAAAGAAACGCAAACGAAACCGCGGCGATCTCCAAGGCGGTGCGCATCGACGCCGAGACCGGCCGCGAGGCGGTGGACGCCGTGATCAACGGCATGCACGAGATCAAGCGCGCCTCCCAGATCACCAGCGAGGTCATCGCCACCCTCTCCGAGCGTGCCGCCGACATCGGCGACATCCTCTCCGTCATCGACGAGGTGGCCGAGCAGACCAACCTCCTGGCGCTCAACGCCGCCATCATCGCCGCCCAGGCCGGCGAGCACGGCAAGGGATTCGCCGTGGTGGCCGACGAGATCAAGGAACTCTCCGAGCGCACCTCCAGTTCCACGCGCGAGATATCACTGGTGATCCGGGGTGTACAGGAGGAGACCCAGCGTGCCGTCGACGCCATCGACCAGGCCGAGCGCTCCATCGCC
CP077684.1_gap23	975305	978186	2881	GTTCTACAAGTACTGCATCCTGCGTTTCTTCTTCATGTTCGCGCCAGGGGAGCTGAGGCCGCTTCCGGGGAACAACTAAGGCGCCTCACGCAAAGCCGCAAAGGCGCAAAGAAAGAACCAACTTCACAAACAAACAGGGATGAAGGGGATGAACGGGATGAACCAAACCAAGTCCTGGTTGGTAATCCCCTTTATCCCTTTCATCCCTGTTAATGTTTTGCCTCGCTTGCTTTGCTTGGCATCTTTGCGTCTTTGCGTGAGGCCGGTTTTACTCCCCTTTTTCCTCGATCCTCGGGAAGAGCGCCTCGGCTTTGGCGATGGCGGTGCCCGGCTTCAACCCTCCCCAGGCAAGCCCTTCGGCTGTGGCTTCCTCAGGCCACCCAAGGCAGCTCAGACCCTTCTGTGCGGTCTTGGGCATGAACGCGGAGAGAAGCGTGTAGACCACCCTCTGGCTCTCCAGCATGTAGTACATGACGGTGGAGAGACGCTCGCGCTTTTCCGGGTCCTTGGCCAGGGTCCACGGGGCGGTCTCGTCGATGTACTTGTTGCCGGCGGAGATCACTTCCCAGATCGCCTGCAGGGCACGGCTGAAGGCGAGTTCGTCGATGAAGCTGTCCACCTGCCCGATCATGGCCACGGTCTTCTCCCGGTAGGCCTGGTCCAGCTCGGTCTCCTCGCCCGGCGCCTGCAGCACGCCGCCGAAGTACTTGCCGAGCATCGCGGTGGAGCGGTTCAAGAGGTTCCCAAGGTCGTTGGCCAGATCCGAGTTGATGCGGTGGATGAGCGCCTGGTGCGAGAAGTCGCCGTCAAGGCCGAAGGGGACCTCGCGCAACAGGAAGTAGCGCACCGCGTCCACGCCGTACTTGTCGACCAGCATGTTCGGCTCGACTACGTTCTGCAGGCTCTTGCTCATCTTCTGCCCCTCGACGGTCCACCAGCCGTGCGCGAACACTCGCTTCGGGATGGGAAGTCCGGCCGCCATCAGGAAGGTCGGCCAGTAGACGGTGTGGAACCTCAGGATGTCCTTGCCGATCAGGTGCACGTCGCAGGGCCAGTACTTCTCGAAATTGCCCCCCTCCTCGGGGTAGCCGAGCGCGGTGATGTAGTTGGTGAGCGCGTCGAACCAGACGTAGACCACGTGCTTGTCGTTGCCCGGGACCGGGATGCCCCACTGGAAGGTGGTGCGTGAGACGGAGAGGTCACGCAGCCCTTCCTTCACGAAGGAGATGATCTCGTTTCTGCGGCTTTTGGGCTGGATGAAGTCCGGGTTGGCCTCGATGTGGGCCAGAAGCTGCTCCTGGTACTTGCTCATCCTGAAGAAGTAGGACTCCTCCTTGAGCTTCTCGGTGGGGCGGTTGCAGTCCGGGCACTTGTAGTCGATCAGCTGGGTCTCGGTCCAGAAGGTCTCGCACGGGGTGCAGTACCAGTCCTCGTACTCGCCGAGGTAGATGTCCCCTTTCGCCATGACGCGGTCGAAGAGGACGGAAACACCCTTCTTGTGCCGTTCCTGCGTCGTTCGGATGAAGTCGGTGTAGGAGATCTCCAGCTTCTCCCAGAGCGACTGGAAGCGCTTCATGACCCGGTCGGCCAGCTCGAGCGGGGTTTCCCCGGCGGCGGTGGCGGCCTTCTCAACCTTCTGGCCGTGTTCGTCGGTGCCGGTGAGGAAGAAGACGTCGAAACCCTTAAGCCGTTTGTAGCGCGCCACCACGTCCGCGGCCAGGGTGGTGTAAGCGTGCCCTATGTGCGGGACGTCATTTACGTAGTAGATGGGGGTGGTGACGTAAAAAGCTGGTTTCATTGTGGTTTCTCCTTTTTCCTTTCCTTGACGTCGACGGGCCTGTTGCGGCGCTGCTTGCCGGGGCCCTGGGATTTCCCCTTGTCGCCCCCCTGCTGTTCACCCTTGCCCTGCGGCGGCTTCTTCACGCGGTCGCTGATGTTCTCCGGGGCGATGTCCTCACCCTTCAGGACGACCAGCGAGTCGTCGGCCGTCTTCAACGTGACAGTCTGCTCCAGCACGTTCACCTTGACCACCTCTCCGTCGTGGCAGCCGCACTGCACCCGCTTGCCGCACTTCGGGAGCCCCTTTCTGAGCGAGCAGTAGGTGTCGAACTCGTAGGAGAGGCAGCAAAGGAGCCTGCCGCACTGCCCGGAGATCTTGCTCGGGTTGAGCGCCAGGTTCTGCTCCTTGGCCATCTTCACCGAGACCGGCTCGAACTCGCGCAGGTACGAGGAGCAGCAGAGCTCGCGGCCGCAGATGCCGATGCCCCCCACCATCTTCGACTCGTCCCTGACCCCGATCTGGCGCATCTCGATCCTGGTGTGGAAGGCGTGGGCCAGGTCCTTGACCAGCTCCCGGAAGTCCACCCGGCCGTCCGCGGTGAAGTAGAAGATCGCCTTGGAACCGTCGAAGAGGTATTCGACCTTGACGAGCTTCATGTCCATGTTCCGCTCCTTGATGCGGGCCAGGCAGAACTTGTGCGCCTCCTTTTCCTTTGCCGTGTTGGCGGCCAAGGTCGCCAGGTCGGCCAGTTCGGCCAGACGCTGCACCGGTTTGGTCCCCTCCGGGACCAGCGCGTCGTCCACCTCGATCGGCCCCGCCACGACCTGTCCTATGCTTTTACCCCGTTCGGTCTCCACGATGACCCGGTCGCCCGCCTTGACGTTTGCCTTGCTGGCGGTGAAGTCGTAGAGCTTGCCCGCGGTGGTGAATTGAATCCTTACGATCTTTGCCAAAAATGCCTCCAAGGAGAAACAGGTTGAGGTCGAGGTTAAGGTTGAGCAGAACCTCTACCGACCTGGGGTTGCAATGTCTTTTTTACTGCCGTCGTGTCAAAAAGGTGGGGCTGGGCCTTTCTTAACCTCAACCTCAACCTCAACCTTA
CP077684.1_gap24	979464	983639	4175	GTTCAGCTGGCGGATCACGTCGAGGTCCAGCTCCCTGCCGTGCCCCTGGTAGGCCAGGGTGGCGTCGGTGAACCTGTCGCAGAGCACGGTTTCGCCCCGCTCCAGCGCCGGGACGATCACCTCCTGAACGTGCTGGGCCCGCGCCGCGGCGTAGAGCAGCAGTTCGGCCAGCGGCGTGATCGCGCTGTTCTTGGCGTCCAGCAGGATGGCGCGCATCTGGTCGGCGATCGGGCATCCCCCCGGCTCGCGGGTCGCCACCACCTTCTCTCCGGCCGACTCCATACGCTCCTTGAGGAGCCTCAACTGGGTCGTTTTGCCGCACCCCTCAACGCCTTCAAATGTAATGAAAAAGCCCATGTCTATGGTCTCATGATCCCCTATAAAATCACTGAATTATATGGGAGGGGTGATTATTATGCAAGATTTAAATGCCCCCGCGAAGCCGCGCCGCGCAGGCCTTGGCCGCCACTGGTGCCGGTTTGCGCAATGCCTCCGGACCAGGTCCCTCTCCTGGCAGGGCGGCCGCCGCGGAGAAGCCTATTGCCATGCCGCGCCCCTTTGTCTATATTTGGCTCAAATTAAGAATGGGCACGGACTTTTATTATGAAAGAGAAGCAGGATGACAACCTCACCGGGGTTGAAGCACGGATCAAGTACCGGTTTCTTAATCGTGAGCTCCTGGAAGAGGCGCTGACCCACCGCACCTACGTGAACGAGTCGGGGGGGAAGGACAACCAGCGCCTGGAGTTCTTCGGCGACGCGGTGCTCGATTTCCTGCTCTCGGACCTTTTGCTGCGACGTTTTCCGGAGAGCCGCGAGGGGGAGCTGACCAAGATCCGGGCGGCGCTGGTGGACGAGGTGAGCCTGGCGCGCATAGCGGCGGAACTGGAGCTTGGGGCGTCGCTGCGCCTTGGACGTGGCGAGGAGAAGGGGGGAGGGAGGCAGAAACGCTCGCTTCTGGCCGACGCCTTCGAGGCCCTGCTTGCCGCGCTCTACCTGGACGGCGGCATCGAACCGGCGCGGCTAGTGGTGCACCGGCTGTTCGAGCCTCTGCTTGACTCACCGGAGCAGCTGTTCGGCCGGGACGCCAAGACGGAGCTGCAGGAGCGGGCCAGGTTCCTGCGGCGGGAGCTGCCGCGCTACGAGCTGAAAGAGGCGACCGGCCCCGACCACGACCGCCGCTTTACCGTGCAGATCTACCTGGGCGAGGAGATGATGGGGGAAGGGGTGGGGAGGACCAAGAAGGAGGCCGAACAGGATGCCGCCCGCGCCGCCACCCTCCTGCTCAAGGGGGAGAGTTGAGGCCGCTGCTGGTCCCATTTTTCATACCGCACCAGGGGTGCCCGCACCGCTGCGTCTTCTGCGACCAGGAGCGGGTGGCCGGGGTCGGGGGGGGGCTGCCCACCGCCCGGCAACTGCTGAGCCGCATCGAGGAGTACCGGTTGGGGGCGCCGGCGCGGACACTCGAAATCGCCTTTTACGGCGGCACCTTCACCGCGTTGCCCCGCCGGGACCAGGGGGCGCTGCTGTTCCCCTTGCAGCCGCTGCTTGCCGCAGGCGTTGTGCAATCGGTCCGGCTTTCCACGCGCCCCGACGCCGTCGACCCGGACACTGCCGAGTTCCTGAATGCGCACGGGGTCGCCACCGTCGAGCTGGGGGTGCAGTCCCTGGACCCCGAGGTGCTCCTGCTCTCGGGGCGCGGCCACGGGGCGTCCGAGGTGGAACACTCCGTGGCCACCCTCAAGAAGGTGGGGATCGAGGTCGGCATCCAGCTCATGCCGGGGCTCCCCGGCGACACGCCGCAGGCCGCGCTCGCCTCGTTGCGGCGCGCTCTCGACCTGAAACCCGCCTTTTTGCGCATCTACCCCACCCTGGTGATCGAGGGGACCGAACTGGCGCGACGCTACCGTGAGGGAAGCTATCACCCCCTCGACCTGCCGCAGGCGGTGACCTTGTGCAAGGAGATGCTGGAGGCCGCCGGGCAGGCCGGCATCCCGGTGATCCGCTTCGGCCTGCAACCCACCTCCGAGCTGGACTCGCCCGGCGTGGTAGTGGCCGGTCCCTACCATCCCGCCTTCGGACAGCTGGTGGAGTCCGAGCTCTGCTTCGACCGCATGTGCGGCCTGCTCGAGGGGATCCCCCCCGGAAGCCGGGTCAGTTTCGGCGCTCCCCCGGGCAGGGTTTCCGACCTGGTGGGGCAGAGAAGGGGAAACCTGCAGCGGCTGGCGACGTGCTACGGCGTGGCTGCCTCCGTGAGCGAGGACCGCGAACTCCTCCCCGATGTCATCTCCCTGCAGTGGGGCGAGCTGAGCCGGCACGCCCGCCTCTTCGAGTCTTGCCCCCGCCACTAGGCAGAACGCCTGTTCGAGGTATACTCTGTCGGTGCGCCTTACACCGGTGCGGATGCGAAGTAACGCTTTCCTTGCCGTACCAATTCCCGTATGTTGTAACGCTTTGATTACCGCAACAAGAGCCAGGAGGGCATTTAGAGATGTCTGAAAAGATATTCCGTTCCGGTTTCGTCTCCATAGTGGGGCGGCCGAACGTCGGGAAATCCACGCTGTTGAACCGCATCCTGGGTGAGAAGCTGATGATCACCTCGGACAAGCCGCAGACCACCCGCAACCAGATCAAGGGGATCCACAACGTGCCGGGAGGTCAGATCGTCTTCCTGGACACCCCGGGGATCCATCGGGCCAAGACCCGCCTGAACAAGTTCATGGTGGAAGAGGCCCTCTCCTCGGTGCAGGGGGTGGACCTGATCCTGTTCCTGGTCGACGGCGCCTTCGATCCCGAGAAGGAGGCGGGCATGATCAGGGAGGTCCTCTCCGGGGTCGAAGCACCGGTGATCCTCGTGCTGAACAAGATCGACCTGATCCCGAAGGGCGACCTTTTGGGGCGGATGGCCGTCTACGGCGAGACCTATCCCTTCAAGGAGATCATCCCGGTTTCGGCCGCTTCCGGCGACGGCGTCGAGCAGCTGGTGCAGCTGGTACACACCCTGCTGCCCGAAGGCCCCTGCTACTTCCCCGACGACATCCTGACCGACGTGCCGGAGCGCTTCATCGTGGCCGAAATCATCCGGGAGAAGATCTTCAGGCTGACCCACGACGAGGTCCCCTACTCGACGGCGGTGGTGGTGGACAGCTTCAAGGAACGGGAAACCGGGGTGGTGGCGATCCAGGCCACCATCAACGTGGAGCGGGACTCGCAGAAAGGGATCATCATCGGCCGCAAAGGGGAGATGCTCAAGAAGATCGGGACCCAGGCGCGCCAGGAGATCGAGCGGCTGCTGGATGCGAAGGTGTTCCTGGAACTGTTCGTGCGGGTGAGCGGCGAGTGGAGCGACAACAGCCGCATGCTCAAGGAGTTCGGCTACGAGTCGTGAGGGGGGCGGGAAAGTCCTCCGGGCTCTCCTCATGAGTAGTTGCTTGCATTCTATAAGTTTGTCTGATAGTATAACATCGTTTTTTATTTCCGGGGAGCCGGTCCGGACGCTCACCACGTATTCCGCATGATTTCTGCGGGTTTTTAGTAGATAGCTGTTTTAAAAAGCAGCGTATACATTAACATAGTTTTTTTTGACATAAGTCATGTCGGATAGTAAGGTTCTGCCCTATTTTCCCTGGAACCATACGAAAACACGCAAGGAGACGACACTATGGCACTTAGAAAGTATGCCGGCTACGCCTGGAACCTGATCAGTCTGGTCGGCATGATCCTGGCCGTCACCGCGACGGGCCTGATCATCGGCTTCCTCTCCTACGAGGGGATAACCGGCGTCGAGAAGCCCTACCTCGGCCTGATGACCTACTTCCTCTTCCCGGGCATGCTCATCATGGGCCTCATCCTGGTCCCGCTGGGCGCCTACATCGTGAGGGAAAAGAGGCGCAGGCATCCGGACGAGGTGATCCCCCCCTTCCCGCGGGTGGACTTCAACGACGCGCACAAGCGCCATCTGTTCCTCTTCTTCGTCGTTGCCAGCATCGGCTTCGTGCTCATCGTCTCCGTCGCCTCCCTGAAGGGGTACGAGTTCACCGAATCGACCACCTTCTGCGGCGAGCTCTGCCACCAGGTCATGGAGCCCGAGCATGTGGCGTGGGCCAATTCCCCGCACGCCAAGGTGAAATGCGTCGAGTGCCACGTGGGCCCCGGCGCCGCCTGGTACGTGAAGG
CP077684.1_gap25	998304	1002877	4573	TTGCAGCTTTTTCCGCCGTATTGCACCCGTTACAGTGAGTTCCCATGTACAATGCGCACATGAGCCCTGCGCCGACCGCATCACCCTCCTCCCCCCCGCCCCGCTCGGACAGCGTCCGTGTCTGGAGCATCGCGCTCCTCGCCTTTCTGATCGGCCTGTTACTCTCCGGCTCCATCATGCTGCTATATGAGACCAAGCGCCAGAACCTCCGCCGCCAGGCGGTCACCGACCTCACCATCAAGGCGGCCCACGACATCCAGGAGCAGCTGAACCGCTCCCTTTCCTCCACCTATGCACTGGCCTCGGTCATCCGGCAGGGCAACGGCAGGATCGACAACTTCCAGGAACTGGCCAAGGAGATGCTCGAGCTGTACCCGGGACTGTCGGCCCTGCAACTCGTCCCCGGGGGGGTGATCACCGAGATCTATCCCCTAAAGGGAAACGAGAAGGCAATCGGCCTGAACCTCCTGGACAAATCCAACACCAACAAGGAGGCCCTGTCGGCGTTGCGCCACGGTTCGCTCACGTTGGCGGGGCCGTTCGAGCTGGTCCAGGGGGGACTGGCGCTCATGGGAAGGCTCCCGGTGTACGTGAAGGGGGCCGAGGGGCAAAAGCGCTTCTGGGGCTTCACCGCGGCCATGATCAGGCTGGAGGCCTTCTTCGACACGTTGCAACTGCACCGGACCCTCAGCGCCGACTTCAACTACCGCATCTCCAGGATCAAGCCCGACACCGGGACGCTCGACCTCTTCTGGAAACAGGGGGGGGAGCTGACGCGACCGGTGAGCCAGAAGATCGTGATCCCCAACGGCGAATGGAACCTTTCGGTGGAGCCGGTGGGGGGGTGGTACCAGTGGCGGGTGCTCCTTGCCGAGGGGGGAGTGGTCCTCGTCCTTAGCACCCTCGCCGCCCTGACCGCCTACTGGCTCGCCCGCCAGCCCGTCGTCCTGCGCCGCATGGTGGAGGAGAGGACCCGCGAGTTTTCCGAGATAAACGACAGGCTTAAGAGCGAGGTGGTCGAGCGCAGGCACGCCGAAGAGGCGCTGCAGGCATCGGACTTGAAACTGCGCTCCATCTTCGCCTCGCTCACCGAGGTCATCCTGGTCCTGGACGCCGAGGGGCGCTACCTGGAGATCGCGCCCACCAGCACCAAGAAACTGTATCTCCCCCCCGACGAGCTGTTGGGGAAGAAGATCCCCGACCTCTTCCCCAAGGAGCAGGCCGACCTCTTCGTCTCCACCATCGGCAAGGCCCTTGCCGCCGGGACGACCGTCACGGTTGACTACAGCCTCAACATCGAGGGGGAGGAGGTCTGGTTCACCGGCAACGTCACTCCCATGCCCGGCGGGCGCGTGATCTGGTCCGCCCACGACATCACCCAGAGAAAGAGGGCCGAAGAAGAGCGCCTGAAGCTGGAAAAGCAGATGCTGCACGCCCAGAAGCTGGAGAGCCTCGGTGTGCTGGCGGGGGGCATCGCCCACGATTTCAACAACATCCTCACCGTCATCGTCGGCAACACGGACCTGGCCCTGATGCGGCTCACCCCCGACTCCCCCGCGGTCGAGAACCTGCGCCGCATCGAGATGGCGGCGACCAGGGCTTCGGACCTGGCACACCAGATGCTCGCCTACTCCGGAAAGGGGCATTTCATAACCGAGGAACTGGACCTGAACCGCCTGGTTGAGGAGATGGGGCACATGCTGAGCGTCTCCGTCTCCAAGAAGGCCCGGCTCTCCTACCACCTGAGCCGTCCCCTGCCGGCCGTCACCGCCGATGCCACCCAGATTCGCCAGGTGCTGATGAACCTTGTAATCAACGCCTCCGAGGCGATCGGCGACCAGAACGGGGTCATCACCGTCTCGACCGGCTGCGTGCAGTGCACCGAGTCCCGCCTCGACGGGGGGTGGCTCTCCGATCCGGTCCAGCCGGGGCCCTACGTCTACCTGGAGGTGTCCGACACCGGCTGCGGCATGGACCGGGACACCATGGCGAAGATCTTCGAGCCGTTCTTCACCACCAAGTTCACCGGGCGGGGGCTGGGGATGGCGGCCGTGCTCGGCATCGTGCGCGGCCACCTTGGCGCGATCCGGGTCCAGAGCGAACCTGGGCGGGGGAGCACCTTCAGGGTGGTACTCCCCGCGGGCGACGCGCCGGCCCGACTTCGGTACGCTGAGTCCGAGTCTGGTGAGAATTGGCGGGGGAGCGGGACCGTCCTTTTGATCGACGACGAGGACAACATCAGGGCCCTCGGCAGCGAGATGCTGGGGGAGCTTGGGTTCCAGGTGGTGAGCGCCGCGGACGGCCGGGAGGGGATGGAGATTTTCTGCAGCCGCAACGACATCGTCCTGGTGCTGCTCGACCTGACCATGCCGCAGATGGATGGGGAGCAGTGCTTGAGGGAGCTACGCCGGATCGACCCGCGGGTGAGGGTGGTCATGTCCAGCGGGTTCAGCGAGCACGAGGTCTCCGGCAAATTCCTGGGCAAGGGGATCTCCGGTTTCGTGCAAAAGCCCTACAAGCTCTCGGCGTTGCGGGAAGTGCTCTCCTCGCTGAACTTGGAGAGCTCCCCCCCGCGCCGTTAATCCTCTTGTCAACGCCCCTTTCTTTGCGTACTATCCGGGCTTTGCCCAATAATCCCTGAGCGAGGCATCTCATGAAGTCCTCTTTCTTTCGCGCCCTTTTGCGGACGGTCCCCTTGTTGCTGGTTCTCGGCATCGCCGGCTGCGGCGATATCGAGTGGTTCCCCCCCTACGTGAGACAACCGACGACCCCGGATTCCTTCTCTTTCCAGCCAAAAACAAACACTGAAATAAGCGCACCGGTTACCTCCGATGCCATCACCGTCACAGGTCTTACCGGTGCATCCAGCCCCGTATCCATAACCGGCTCTGCCTGGAGCAACAGCACCTTCTCCATCGACGGCGGCGCCGCTGCATCAAGCGGCTCCGTCAGTAACGGCCAGAAAGTCACGGTGACCCATACCTCGGCAAGCACCCCCGGAACGTCCACCGTGAGCACGCTCACGATTGGCAACGTGAGCGCCAACTTCGTCAGTTCCACTAAAATCCTCGGGGATTTCAGTACACCGGTCACGGTGGGCTCCTATCTCCAGGCCGATGCGGAAATTCGCAGTGTTGATAATATCGCGGCATCCCACACTATCAGCATCAAGGATTCCGCATCCGGTAGCGCCATCTTCGCTCTTACCGAACCGGGTGTGGTCAATCCCGATTCCACGGTCATCTTTGGCAGCGTCACGCAGACACAGACTTTCATCACGAAGAAAATTTTCGTGCGCAACTTCACCAGCGTCGTCAACGCAGGGGCTACCACTACCCTGACCATCGACGGCATCGACTATCCGGTGAAGCTGACCCCGTAGCCGGCGAGGAGATCGCTGCGAAAATGCCGAAAACTTAAATAGCTTGCTTTGTCAGGGGCAAGCTGCTAAGGTGGCCAAGGTTCGGAATGACCCGGCCAATAAATAACAAGCAGAAAGCATGGAGAAGGTAAAAGTAAATGGTTAACGGAACTGTGAAGTGGTTTAACGACAGCAAGGGGTTTGGTTTCATCGAGCAGGAGAACGGCGACGACGTGTTCGTGCACTTCTCCGCCATTACCGGCGACGGGTTCAAATCCCTGGCTGAAGGCGATAGCGTCACCTTCGAAGTGGCAAAGGGCCCCAAAGGGCTGCAGGCCGCCAATGTGAGCCGCGTCTAAAAGGTCATCCTCAGCGCTGCAAAAAAGTCCCGGAGCAATCCGGGACTTTTTTTTGTCCCGTTCCTCCGCAATACCCTCCTCCTCCCCGCGCCCCTGGCGCCGTCGCCGTCGTTGACAACCTCTCCCCCTATGATATCCATTATTGGTCAAAATTAATTTAAACGGGGGGCTCGTTCATGAAGATCAACCGGAAAACGAGGTATTGCTGCATCGCGGTCATTGTGGCTGGCATCGCAGTGGTGGGACACGCGGTCGTCAGGGACCGGGGCATGACGACGTATCACGGGGGTGTGACACAAACACAGCACTAGAAAGGACCGAGTTCCGGGGCCGTCAGCTCCGGCTCTCGCTGGAAGGTGCGGCGCTCCAGGTCGACGATGAGGCCGCTGCCTCCTACTACGGCAAGGAGGTTTCCCACCCAGGACATCATGGCGGGCAAGGCCGGCAAGAGGCTCGCGGCGAGCAACCGGCTGCGGCAGGAGCTGAGCAGGGCGACCGAGGAGAAATAGGCGCCGGTGCGGACTTTACCTGCGGTGCCCGGGGGGGCGCTCCCCCGGGCACCGGCTTTTCTGGGACAGAGGCTATCGGACGTCATGGAAGATCCAAGGATACTGATGGTGGTGCGCGAGCCGGAGGCGAGATCGGCCTACGAACAGATCCTGGACCGGATCGGCGTCAGCTACCACACCGCCGGCGATTTCAACGAGGCGCTCCGCATGACCGTGCAGTCCGCCTACAACGGGCTGCTGATCGACATCCTGACCCTGGTGCGCTGCTCCAAGGAAGAAAAGAGCATCGCCTACGATTGCATCAACTTCTACCCGACCTTGCGCATCAAGTGGGACTCCAGGCA
CP077684.1_gap26	1008365	1012844	4479	GTTTCCCGAGCAGTACCACGTTGGTGCCGTCGGAGGTATCGGCCCAGAAGTATCCGTCCTTGCCGAACTTCAGCCCCCTGAGCAGGTCCGCACCCTGCTTCTTCGCCTCCTCAACGGTGATCTCGCCCCTTTGCTGCCGGTCGCTGATCTGCTGCAGCAGGCTGACAGCGGTCTGTACCTCGGCCTTGGCAAGCAGGTCGGAGTTGGCGTAGAGGGACTCGCGGTAGGACTCGTTGAACCTGGTGGTAAGGTCATAGAACTGCTTCATAACTGTCAGACCGGTGGGGGCGCCAAGTACGCAGCAGCTTACCAGTACCAGTAGGAGGATCTTTGCTTGAAAGGACAGCCGATATTTTGTGCTCATGTGTGTTACCTCATCCAATGGCGACGTCGCCTTACTCTTTTCCATCGCCTTTCCGTATCGGCAGATCGAGCAATAGATTGAGGACTTTTTGAACGGGAACCCGCGCCGATTGCAGTTGCAGCGCGCTCGAGGCGGATCAGGTCCGGCTGCAGGCGTGCCCAGCAGAAATCTCTCAAGTAGTGCCGAACCCTGGCGATAAGGTCACAGCGTTGACATGGAGGGGATGCCAGGCACAGAAGTGCGCAGGCCGGGCTAGGGCCGGCCCCGGTGCCAGAACGGCGCCCGCGGCAACACTGTCCCTTCTGCCATGTAATCGGTGCTCTTTGGCGGCCGATACCGATGAGAGTCGCACCGAGGGGTACCCGAGAGGGTACCCCTGCTTTTTTTCCGGGGGAGTCCGGGCGGGAAGTGGTGAGGAGGGATCAGTAGAGGAGGTAGGGCTTGCGCAGCTCCAGGAAGCTTTTCACTCCTGGCGCCCAGCGGGCTTCGATGGCGGCCGGCGTCTCGCCCGCCTGCAGCCCCTTGCGCAGCTCAGGCGAACCTGCCATGTCGTCGATCCCCCCCCGGAAGAACAGGGGACGGGCCTGGTCGGGGAGCGCCGCCTGCAGCGCGGCCAAAAGCGCGACACCGGTCTGCACCGGCAAGACCTTGCGGTAGTCGGTGATCTCGATGCTCACCCCCGCCACCTCGCGGTCGCGGTACTTCGGCGCGCTGGAGATGCCGGGGAGCCGGACCGGGGTGAACTGCAGCGGATCGAAGTGCAGTCCCGGGAGACGTTCTTCGTTCAGACGCAGGGCGAGGGCCTTGGCGTCGATGCCGGGCCAACCGGCGATCTGGAACGGTCTCGTGCTGCCGCGTCCTTCCGAGGCGCCGGTCCCCTCCAGCAGGCCGGTGCCGGGGTAGAGCAGCACCGAGTCGATGGCGGCCAGGTTTGGGCTGGTGGCGACCCAGCGCAGCCCCGTATCCGGCCAGCGCATCTCCCGCTGCCACCCATGCATGCGCACCACCTGCAGGTCGAGCTTCTCCAGGTCCGGCAGCATCCCTTCCCCCTTGATCATCCCGGCCAGCTCCCCTACCGTCAGGCCGTGGGCCAACGGGATCGGGTAGAGCGAGGTGAAGCTCCCCGGGATCTTCTCCCTCACGAAGCCGGCGACGTAGTCCCCCCCAAGGGGGTTGGGACGGTCCAGCACCAGGAAGGGGATGCCGGCCTGGGCGGCGGCCTGCATGGCGAGCCCCATGGTGGAGATGTAGGTGTAGAAGCGCGCGCCGGCGTCCTGGATGTCGAAAACCAACAGGTCGATACCCTTGAGGTCGTCCGGGCGCGGCTTCTTGCTGGCGCCGTACAGGCTCTTCACCGGTATGGCCGCCGCGTTGTCGTCGGCCAGCTTGACGCCGTCCTCGGCATTCCCCTTCAGGCCGTGCTCGGGAGAGAAGATCACTACGGGCTTCACCCCTTTTTGCTCCATCAGCGTCAGGACGTGGGTGTCCCCCACCATGGCGGACTGGTTGGTGATCAGGGCGAAGCGCTTTCCCTGTAGCGGCGGGAACCCCTGCTCGCTCAGGATCTCGGCGCCGGTCTTGACGGGTTCGGCCCGGGAGGAGAGTGGGAACAAAAGGAACAGCATCAGGGTCACTGCGAGAACGGATGGTGCAACTCGAAACACGATGTACCGCCTTCTGGTTCAGATGATGGCAGAGCTTACTCCACAACTTTCTGCGAAGGCAAGCCCTATGCGGTTCTTCGGTGAGTTGCATCACAATTTGTCTCGGCCGGGGGTCTGTCAAACGTGAAAGGCGCGATCGCGACTGCCATGCTGGTACTGGCCCTGGCACAGCCGGTTTGGGCCGAGGAGGCCTGGCAGGCGACCTTCGATGATACCTGCTCCAAGAGCAACCAGGCCATGACCATGTCGGTGCAGGAGCTGCGCGACCTGTTGGCCAAGTGCGACGCGCTGCAGAAGGTGATCGAGACCCAGGAGGAGTCGGTACGCAAGGTGTACCTGAAACGCCTGTCGCTGTGCCGCAACCTTTACGCGTTCATGCTGGAGTACAAGCAGAGCAACCAGGCCAAGTAGACCTGTTCGGGGTGGGGGGAGTGCCAGGATGGAGTCGGTGGTGCTGGGGAAGGGGATGAGGATGCTGTTGCGTGCCGTGCCGGCGTGTGCCCTCGTGCTCGTCCTGAGTTCCGGAGGGGCGGCCATGGACCGCAGCGAGCCGGCCAAGGTTTCTCCCACCAGGAACATTTCGCCGAGCTCGACTGCTCCAGCTGCCACCCCGACATCTTCAACATCAAGGTGAAGTCGACCAGCGCCTTTACCATGGACACCAACATCTACGGAAACTTCTGCGGTGCCTGCCACATGCTGGTCGCCTCCCCTATGAACGACTGCAAGCGCTGCCACAAAGGGATGAGCGACAGCTTCGGCAGTAGCGCCCCTCCCGCTAGCACCCCACCCAGCTCGCCTGCCGATCGAAGCAGTTCAGAGACCCCCTGCGCTCCAGGGCGAGCCCCGCGTACTGGTCCATCCCCAGGCAGAGCGCCGCATAGATCCTCGCCGCCGCCAGCACTTCCGGGAAGCTTACCTGCTCCTCGGGGGTGTGGGAGATCTCCAGCGCGCCCGGCCCAAGGATGAGCGGCCGGCATCCCGCCGCGTGGAACAGGTTCCCGTCCGAGTGCGACCGGAAGGCCTCGAACTTCAGGGTGAGCCCGAGGCGCTGGTAGGTCTGTTCCAGGATGCGGGCCAGCGGGTTGTCGGTCCCCAGGTTGTAGCCGGGGGAGGCGAAGTCGAAGGCGACCGAGAGGTCGAGCCCCGGTATGTACTGCCCGGCGCCGGCGGTGATGCGGCGGATGGCCTGCTCCACGGATCCCGGATCGCGCTCGGGGGGGAGGTGCAGGTCGATCCACGCCTCGCAGCGGTCCGGCACCACGAATCCCTTCTGGGAGGAGCGCATCTCCCTGATCGAGTAGACGATCTCGGATTCGCCCCGCTTGAACAGGGAGTCCTTCCCGAGGTGAAGAAGCACCCGCAGCATCGACTCCACGGCGTTGTGCCCCAACTCGGGGAGCGAGGAGTGGCTGCGCACCCCCCGGGTGACGAACCCCGCTTCCAGGTAACCGAAGTGCGCGAAGCAGGCGGAGAGGCCGGTCGGTTCCCCGATCACGGCCCACGGGGCGCTGCACCGCTTGAGAAAGGCGGCGCTGCCGTCCCCGTTCTCCTCTTCACCCACCACCAGCAGTAGCCCAACGCTCGGGCGTCGCGCAGGTTTGAGCGCCTGCGCCAGAGCGAGCCAGGTCTCCAGCATGGCGGCGCAGCCACCCTTCATGTCGGCGCTCCCCAGCCCCCGGACCAAGTCCCCATCCTCCCGCGCCCCGAACTCCTCCAGGTCCCAGGCGGGAACCGTGTCCACATGCCCCACCAGATAGAGCCTCGGTTCGTTCTCTCCCATGGTGACGCGCAGGTTGTAGCGCTCTTCCTCGACCTCCTGGCGCTCCACGGAGAATCCGGCGCGGGAGAGGAGGTCCTCAAGGTAGAGCTGGATGTCCTCCTCCTTTCCCGAGGGTGAGTATATGTCGAGCAGGTCGGTGAGGGTCCCCTTGAGCCGTGCGGGGGCGATGGCGGCCATGACCTCTTCGAGTCGGCCGCTCATGGCTTTTTCACCGGCTTCTTCTTTTGCCGCTTGGAGAGGTTGAGCGTCATGTAGAGGTGCTCCTGCACGTTGTCGAAACCGTGCTTCTTGAAGAACCGGATGGCCGGTTCGTTGTCGGCCGAGGTGTCGATGATGATCATGCGTACCCCCTGTTCCTTGAAGCGCCTTTTCAGTTCCTTGAAGAGCCGGGCGCCGACCTGCACCTTCTGCAGCTCGCGGCGCACCCCGAGCCAGACCAGGTAGCCGTACTTCCAGGGCGAGTGGTGCTTCTTGACGGTGGTGCCCAGGGCGAACCCCAGGATGCGGTCCTCGTGCTCGGCCACGATGCAGAGCTCGTTGTCCGAGTTGAACAGCGTGGTGATCTCGTATTCGTCCCAGGTGCGGTAGAGGCTTTGCGAATATTCCGCGGTGAAGACCTCCTCCCCGATGTGAAACACCTCCGGCAGGTCCTCGATGATCATCTGCCG
CP077684.1_gap27	1014296	1019084	4788	CCTCGCCCACGAGGGGAACGATCTCGACCTGAGCCTCTACGTGGCGGAGCGCCTGCAGGGGTTTGCGGGGCGCTACACCGTACCCAGCAAGAGCGATCTCAGGAGCTCCACCTCGATCCAGCTGAACCTGCAGCGCGAGACCGTCTCCACCTATCAAAGCCGGCTGGCGGCCATCGAGGTGGACCGCAACTTCGGCCTGGGGCGCGGCGAAGTCGCCACCCCCTACCTGAAGATCCAACAGGAAAACTACAAGGTGGCGAACGTGAACTCCCAGTCTCGGCTGGTGCTCCCGGGTTTTCGCTTCTCCAAGGACAAGTTCAACGACCTGGTCCGCCCGACGAGCGGTTACCGCTTCTCGGTCGACCTGCGCGGCGCCCACCAGTACCTCGGCTCGGATACCGGACTGGTCCAGGCCATCGGCAACGCCAGCGTGCTGATTCCCATGCCCGGGCGCCTCACCTTCCATGCGCGCGCCAACACGGGGTACAGCCTCCTCACCGACCCGCTTGCGGAACTCCCTCCCTCGATCCGCTTCTTCGCCGGCGGCGACCAGAGCGTGCGCGGCTACGCCTATCAAAGCCTCGGTCCCAAGGACGCGGCCGGCAGGGTGGTGGGGGGAAAACACCTGCTGGTCGGGAGCGTCGAGCTGGAGCGGGCCCTGTTCAAGAACTGGGGCGTCTCGATATTCGACGACATCGGCAACGCCTTCAACGACTTCGGCAACATCGATCTGATGCAGGGGGTGGGGGTGGGCGCCCACTACTACACGCCGGTGGGGGGGCTTAACCTTTACCTGGCCCATCCGCTGGCAGCCGGCGCCCCCCCCGTTCGCATCCATTTCTCCGTGGGGTTTGAATTTTGAGACGGTTCGCGTTCTACATAGGGCTCCCCCTGCTGGGGCTCCTCCTCGCCATGGTCCTGGGGCTCTTCTGGCTTCTGGGTACCAGCTCCGGCGCTCGTTTCGCCCTGACCACCCTCGGGGGGCTCTCAGGCGAGAAGGTCTCGGTGCGGCAGGTCGAGGGGCGGCTTTGGGACCGGCTGCGGCTGACCGGGGTGCGGCTGGACCGCCCCAAGGTGGTGCTGCAGCTGGAGCGCCTGGAGCTTTCCTGGGAGCCCGTGCGCCTTTTGCACGGCAAGCTCCTGGTGCACGATCTTTCCCTCACCGCGCTGCGCATCCAGGACGACACCCCGCTGGTCGCCAAGACGCCGGAGCTGCGCTGGCCGCAGGTGAGCGAAACGGTGCGGCGCCTGGAGGCGCGGGTCGAGCGTTTCAGCCTGAAGGGGATGAGCTACCGCCACCTCCAGGGCGAACCCTTCCTGTTGAGCGAGCTGGCGGCCGGGCTGACCCTGCGCGCCGGCGTCCTGGCCGTCTCCGGGGGGAGCGTTTCCGCGGCGCAAGGGAGCGCCTCGGGGGAACTCACGGCAGGGTTGCGGCACCCATCGCTGCATCTCGAACTGCACCTCGCCCCGTCGCAGCCGATGGCCGACCTGGACGCCTTCTCGGTGCAGGCGCGCCTCGAATCGGGGGGGGAGCCCGAGCAGCTGGCCGGGCCGGTCGCGCTCACCGGCAGCCGCGACGGAGGGAAACGCCTCGACATCACCAGCGAACTCGGCATCACCCGTGCCGGTTTCAATTTCAGGAGCTTTCGAATGCTGCGCCCCGGCCGCCCCGGGCTTCTCACCGGCAACGGCAGCATGACCCTCACCACGGACGAGCCCCTCTTAGCGCTCGCCCTTCACGCAGACAATCTCGACCTCGGGCGGGAGTTCGCCCATCCAGCCATCCTCGACGGCGACCTCACCTTCTCCGGCAGCCCCGCCCGCTACCTCGGTACCTTCTCCCTCACCAACCGCGGCCCCGGCTGGGAGAGCATGGGGCTCGCCGCACGTTATCGCGGTGGCAAGAACGGCGTGCGCCTGGACCCGCTCTCCGGCAACTGGCTCAAGGGGAGCGTGCGCGGCGCGCTCGACGTGGACTGGAGCGGCGGCTGGCGGGTGAGCGGCAAGCTGACCGGCCGAGGACTTGACCCGGAAAGCCTCGCCGCCGACTGGAAAGGGAGGGTGAACCTCGACCTCACCGGGGTGGTGGGGCAGCGGGACCGGGGGGCGGTGCAGGGGAGCGTTCAGGCGCGGCTGCTGCAGAGTAGGCTCAAGGGGCGGGATCTGACCGGCGAGCTCGAGGGTAGCTTCGCCGGGGCCAAGGTCGCGGTGAAGCGCCTGATGCTGGCGGGTAAAGGGTTCCGGCTCCGGGGGAGCGGCGAGCCTGACCGGCGCTTCGACTTCACCGCCGACGTGACCGATCTCTCCGGTCTGCTGCCGGGAAGCGCGGGTGCCGTTGCCGCGGACGGCTGGCTGCGCTGGCGCGATGGGATGCTCTCCGGCGCGGCCGCTGCCAGGGGACGCAACCTTGCGGCGGCCGGCGTCCGTACCGGTGCCGTCGATCTGCAGGCAAGCCTCGGGGAGGGTAAGGATTACCCGGTCTCCCTGCGCGGGACGGCGAGTACCGTGCGCGCGGGAGAGCTTGCTGTGGACGCGGCCACCTTCGCGCTGCGCGGCACCTCGAAGCGGCACACCATCGAGGCGCAGCTCACCTCCGGCGTCGCCAAGGTCGATCTCCTCGCCTCCGGCGGCTACGCCGACGGCGTCTGGCGCGGCGAACTCTCCCGCTTCTCCGGCAACGACGGCGTGGGCCCCTTCGCGCTCGCCGCCCCGGCGCGGCTCACCGTCGGGCAGGGGCGCTTCAGCACCACGCCGCTGGTCATCGACGGGGCGCCCGGCGAGCGCATTGAGCTGGCCGGTAACCTGAACCGCGACCGCTCGGGCGCCTTCCGGGGGAGCTGGAGCGGCCTCAACCTCGCCCGGGCCGGCGTCTGGCTCCCCAAGGGGGAACTCTCCGGCGCCTCTTCCGGCAGTTTCGACCTGAGGCTCGCCCCCGGTGGGCGAGCCACCCTGAACGCACGTGCCGAGGCGAGCGGCGCCGTTGTCGCCGACGGCAGGCGGGTCGGGTTGGAGCGGCTGCTGGCCACGCTGCAGGGAGGGGAAGGGGGAGTCGACGCCACCGCCGATCTCGCGCTGGAAAAAGGGGGCGGCAGCGCCCGTCTCACCTTCCATTCCGGCGAGCACGCCGCCCTGGCGCTGCCGCGGCGCGGCGACCTTACCCTGAACTGGGCGAATCTCGACCTGGCGCTGCTGCGCCCCTACCTCTCGCCCGAACTGAGCCTGGAGGGGAGGCTTGCCGGAGAGGTGAAGGGGCGACTCTTGCCGGGACGGCGCATGGACCTGGCCGGCAACACCTCCCTTGCCGGCGGCAGGGTCATCTGGCGGGCCAAGGGGGACGAGTTCGACGCCTCCATCGACCGGGCGGAACTCTCCTTCCAGCGGCACGACACCGGGAAGCCCGGGGGGGAGCTGGTCCTGCACGGCAGTGCCGACGCCACCGGGGCCTACCAGTCCAAAGGGGAAAAGGTGATCGGGAGCCAGTTCACCGTCCGCATCGATGCCGACGGCAAAGGGACCCGTGCCGCCGCCGACCTCTGGCTCGACACCGGTGGCAGCCTCAGGGGCGTGCTCTCCTCCGACTCTCCCGCCGGCAGCGCCCTTCCCGAGACCGGAGACTTCAGCGTCGAGTGGAGCGACATCAAGCCGGCCCTGCTGCGTCCCTGGCTCCCGGGGACCATGGACCTGCAGGGGGAGCTCCACGGCAACGCCAAGGGGAGGCTCCTTCCCGGCAAGCGGCTGGATCTGGCGGGCGAAGCCGGCTTCTCGCAGGGAAGCGCCCGGTGGCAGGGAAGTACCGGCGAGGCGAGCGCCGCGATCCGCTCGGCCCTGGTGAGCTTCGCCTGGCACGGCGAGAGCCTGACCGGAAACCTGGACCTTTCCCTCGCCGACTACGGGCAGGCCAAGGGCGACTTCCTCCTGCCGATCCCGGCCCGGCTGCCGGTGACTCCGAACCAGGCCGGCGCGGTGCAGGGGCGCTTGTCGGGGACGCTGCAGGAGCACGGCTTCCTCACCGCATTCTTCCCGGGGGTGGTGCAGGAAACCCGCGGCACGCTCAGCGTCGATATCAAGGCGGCGGGAACCTGGGGCGATCCTACCGTGAACGGGACCCTGGAGCTCGCCGATGCCGGTGCCTATCTCCCCAGTGCCGGGATCACCCTCACCGGGGTGCAACTCCTGGCGCGCCTGGACCACGATGAGATGCGCATCGAGAGGTTGAGGGCGCTCTCCGATGGCGGCGAACTGACCGGCACCCTGCTGATGAGGCTCAAGGGGTGGCAGGTGCAGGATTACCGGGGCACCCTGAGCGGGCAGCGTTTCCAGACCGTGTACCTGCCGGAACTCACCATGTACACCTCGCCGCAACTCACCTTCGAAGGCGACGCCAAAAAGGCCACCATCAACGGCGAGATCGGGGTCCCCGAGATGCTGATCTCCGGCTCCCCCACGCAGCACGTGGTCGCGCCGAGCGAGGACGTCGTCTTCGAGGGCGCTCCCCCCAAGGGTAAGGAGCCCCGCATCCCGTTGCTCGTGGAGGGGAGGGTGAAGGTGGTGCTCGGGGACAAGGTGCAGGTGGAGGCATCAGGAATCGACGCGCAGCTCGGGGGGAGCATGGACCTTGTGCTGAACGGGATCGACAAGATCGAGAGTTCCGGGGAGATCAAGGTGATCAAGGGATGCTACCGCGCCTACGGCATGAACCTGGAGATCGTGCGGGGACGGATCTACTACGTGAACGACCCGGTGACCCGGCCCACCCTTGACGTCCTGGCCCTGCGCACCGTTGGCGAC
CP077684.1_gap28	1045814	1047253	1439	CACCTCGCGAAAGCAACTACCGGGACCGATGCGGACTACAAAAATCCTCCTTGCCGACGACCATACGCTGATCCGAGAATGCCTGATCGCGATGCTTGAGAAATCCCCCGAACTCGAAGTCGTGGCCCAGGCCGCGAGCGGGATGGAGGCCGTGCGGCTCACCTACGATCTGCAACCGGACATCGTCCTCATGGACCTCATGATGCCCGACGGCAACGGCATCGAAGCGAGCCGCTGCATCCTCAGCGCCTTTCCCGAAATGAAGGTGCTGATCCTCTCCATGTACGGCGATGCCCGCTCGGTGCGGCAGGCCCTGGACGCAGGGGCGCGCGGGTTCCTGGTCAAAAGCAGCCCGTCCGACGAGATCATCGAAGCCATCCGCATCGTTTCTGACAACGGTTTCTACCTGAGCTCCCACGTGCAGGGGGTCCTGGAACACGAACTTGCATCGGCAGCCGGGAGGTTGCCGCTCACCTCGCGCGAGGAGGAGGTGCTGGTGCTGATGGCCCAGGGGAGGAACTCCCGGGAGATCGCCGTCCTGCTCCAGATCAGTCCCAAGACGGTGGAAACCCACCGCATGCACCTCATGAAAAAACTGAACCTCACCAGCATCGCCGGCCTCACCAAGTACGCCATCAGGGAAGGACTGCTGCCGCTCGATTGATCGCCGGCCGCACGCCTGCCTGTCCTGCCTCACCCCTCTTCTGATGTTCTTCACATGCTCCCTCGTCTTTACGTGTCCGCGCCGCCGCCCGCGACTCGTCGCCTCTTCCGCGACTAGGCCAAAATGCCGCCCGAACCTGGCCTTTTTCTGATTCACGGCGTGCCTTTTCTGTCGATGAAGCATGGGACGGTCGGCGAGGATCCCACACGCAGCGGGTGACTCGCAAAGCGACAACCACACCCAGAGGACGGAGCGAACATGAAATGGTTCACCAATCTGAAAGTCGGCACTAAGCTTGTTGCGGCGTTTGTAGCGGTATCGGTCATAACCGCCGTGGTAGGCATCATCGGCATCCGCAACATGGGGACCATCAACGAGAAGGCAGATGAGATGTACCTGAGGGAACTGATGGGGGTCTCCTACATCAAGGAGGCCAACATCAACCTGATCTACGTCTCGCGGGCCGAAAAGAACTTTCTCCTTGCCACCAACCAGCAGGAGCGGGAGAAGTACGTCACCAACATAAACAAATACAAGGCCGGCTATAAGGAGTGGCTGGACAAAGCGAGGCCGCTGTTTTATTCGGAGAAGGGGAAGCAGATCCTGAAAAAGCTGGAGACGGCGAACGACGAGTGGTTTGCCCTGCAGCAGAAGGTGATCGAGCTTGGGATGCGTGACAAACTCAACGACAGTTCGCCCGCGGTGGCTCTTTCCTTCGGAGAGGCGCACATAAAGCAGAATGCGGTAGACGACACACTGACGGAGTTGGCCCGGC
CP077684.1_gap29	1051955	1054746	2791	TGTTTACGGTCTGCTCGGTGCCGTTCATGCCGAACTTCAGGCGCAGGTCGAGCACCGGCACCACGCTGCCGCGCAGGTTGATCACCCCCCGCATGAAGTCAGGCGTCCCGGGCACCTTGGTGACCGAGGTGAAATCCAGCACCTCCCGGACCTTGCCGATATCGAGCGCGAACAGTTCCTGGTCGAGGTTGAAGGTCAGGTACTGAATTGTCTCAGTGATGGTCTCAACTGCCATGGGACGTCCTCCTGTTTCTGTTAAGATACTGGTGTGACCCTAGCTGTTGGGGAGGTCTATGTCAGAGGCGGGGTGGGATCGGTTGAACTATCTGTATATATCGGCCTCATTGCCGGCGGATTAAGAAAAATTTTCGATGAGCCGTAGGAAAGTTGGATCTGCTGTGTTCTGAAAGTCCTAGACTTCGTCTCTCGTTCGATGCATTATGTGCCCCTTTGTGTGAGATATGATTGAACTTATTGACCTGCGGCTATGAATGGGGGTACAGGAAATACAGGAGGATGACATGGATGACACGATGAGAAGAAAAGACCGGCAACTTTCGGCGCGGGCCGCCAACGAGATCCTGGCACAGGGGAGCATCTGCCAGTTGGCAATGGCGGCGCAGGGGGAGCCCTACCTGGTGACGCTGAACTACGGCTACCGGGACTCCGCCCTGTATTTCCACTGCGCGAAGGCGGGGCGCAAGCTGGAAATTCTGGAGCAGAACAACCGGGTCTGCTTCACGGTAGTCGAGCACGGCGCAGTCCTGCCCGCGGACAAGGCCTGCGATTTCACCATGAAGTACCGCAGCGTGGTCGGGTACGGCACCGCGCGGGTGATCGACGGCTACCGGGAAAAATGCGAGGCGCTGGGTATAATCATGGCTCAGTACGCCCCCGGTGACAGTTTCGAGTTCCCGGAGGCGACCCTGGCCGCAACCACGGTTTTCGTCGTGGACATCTCGTCCATGGCTGCCAAGAGCAACCACTGACCCCAAGAAAGAGGTCTTCATGAACATCCTGGCCATCGATCCCGGCTCCACGTCGACCAAGGTAGGGGTGCTGCGCGCGGGGAAACTCGTCAAGGCGACCATCGAACACCCCCGCCTCGAGATCGAGAGTTTCCACGCCGTGATGGAGCAGTTGGACTACCGGATGGAACACCTGGTCCGCTACCTGCGTGAAACCGGTGCCGAGCAGCTGCGTTGGGACGCGGTGGTCGGGCGCGGCGGCCTGGTCCGCCCGGTGCCGAGCGGGGTCTACCTGGTGGAGGAGCCGCTGCTTGGGGACCTGATGCGGGGGGTGAACGGCGAGCACGCGGCGAACCTGGGCGGGGTCATGGCCCACGCGGTGGCGGCGCGCCAGGGGGCACCGGCCTTCGTGGTGGACCCGCCGGTCATCGACGAGATGTGGCCGGTAGCCCGCATCTCCGGCATGGCGGGGATCGAGCGGCGCAGCATGTTCCACGCCCTGAACCAGAAGGCGGCGGCGCGCGAGGTGGCGCGGGAGCTGGGGAAGCCGTACCAGGAGCTGAACCTGATCGTGGCGCACATGGGGGGCGGCATCACGGTGGGAGCGCACCGCAAGGGGCTGGTGGTGGACGTGAACAACGGCCTCAACGGGGACGGCCCTTTCTCCCCCGAGCGGACCGGCGGCCTCCCGGTGATCGGGGTGTTGCAGCTCGTGGAGCAGGGGGCCTTCACCACGGAGCAGCTGAAGAGCATCGTGGCGCGCAAGGGGGGCGTCTTCTCCTACCTCGGGACGGTGGACCTGCGCGAGGCGGAGGAAAACGCCCAAAAGGGGGACCGGTGGGCGGCCCTGGTGCTGGAGGCCATGGTCTACCAGGTCGCCAAGGAGATCGGCGCCCTGGCCGCCGCCCTTTCCGGGGAGGTGGACGGCATCGTCTTGACCGGCGGGCTCGCCTTCAGCGACGCCGTGGTGTCGGGAGTGCGGCGGCGGGTGGCCTTCATCGCGCCGCTATTCGTGCTGCCGGGGGAGTTCGAGATAGAGGCGCTGATCGGGGGGGCGTCAAGGGTCCTCTCCGGCGCCGAAGAGGCGCGGCGTTACCCGGGAGGAACCGATGAAGATCGGACCTAATCTGAGGGCCGTGGTCGCGGCCAAGGGCGTGCCGATGGACGAGGTGCGCGAGGCGCTTGGGTGGGACCGGGAGACCCTGGACCGGGTGCTCGCCGACCGGCTCTCCCCCGGCATCTCGGAGCTCTTGAGGCTCGCCACCTTCCTGGGGGTCGGCATCTCCCGGCTTTTGGGGGGCGACCAGGAGTCGGGGCGGCGCGCGGTGAAGACCGGCAAGGACGAGCGGGTCGGGGTGGACCGGCGCAACGCCCTGCACTACGAGAGTCTGGCGCAGGCCTTCGCCGGCCGGCACCTGGAGCCTTTCGTGGTGGACCTGTACCGCGCCCCGGAAACGGAGCCGGATCTGAGCCGCCACCCCGGCGAGGAGTTCCTGTTCGTCCTCTCCGGCGAGCTCGAGGTCACCGTGGACGGCGAACCCTTCCACCTCGAGGAGGGGGACTCACTGTACTTCGACTCCCTGCTGCCGCACGTGCTGGTCTCCCTCAGCGAACACACCCGGCTGATGGCGGTGCTCTACCGGGGCGAGTCCATGCTGCAGCTCACCAAGGGGCACGGCATGAAGAGCCTCATCGAGGCGGCGAGGCTCGCCCCGCGCCAGAACGTGGTCCTGGTCTGCCCCGACCCCTGTTCCCTCAAGGCGGTGAACAAGGGGATCGAGGAGGGGATCCTGGAGACCGCCTTCCTGGTGGGGGATCCGGTC
CP077684.1_gap30	1072238	1073399	1161	CGGCGCCCAGAAACGACAAGGGCGAGATGGGGCCGTACGAGGCGTCCCTGATGGGGAACCCGATCGCGGACGCCAGCAAGCCGCTCGAGGTGCTCCGTACCATCCACTCCTTCGACCCGTGCATCGCCTGCGCCGTCCACACCGTGGACCCGGAAGGGGCGGAAATCACCAAGGTGAAGGTGCTGTAGAAAAACAGGGGCTGGGGAGAGGGGGCTAGGGGCTGGAAAAGGCGACTGGTTCCCGCTCCCCGGCTCCCCGAATCAAGGGCCGGGACGGGAAGACAAGCGGTTAGGGATGTTCGGGTTGGGGGCGGTAAAGACAGGGCAAAATCAAAAGGCTTAAGGGGTGCGCAGCAGCGAAAAAAGCTTGTGCCGCCGCCTTTACTCGTTTAATTTAGAGCCTGGTTTTGCTAGCCCCCAGTCCCTAGCCTCTAGCCCCTGGTTTTCCCCCCGGCCTTTCTTTTTTTCTGGAGGTTACATGCAGGTCCTCATCTATGGCGCCGGCAACCTGATCCTCTCCGACGAGGGGTTCGGCGTACATTTCGTCAGACATTTAGAGCAGCACTACCAGATACCGGACAACGTCGAACTCTACGACGGCGGGACCCTCGGCATCATGGTGCACTTCAAGTTCGAGGAGGCCGACAAGGTCATCCTGGTGGACGTGGTGCAAGCCAAGGGGGAGCCGGGCGACATCTTCCGCTACGAGCGCGAAGATATCATGCTGAAGAACATCCCGGTGAAGATGTCGCCGCACCAGATCGGGCTGCAGGAGATGCTCCTGATCTCCGAGATGCGCGACGCCCCTAAACCCGACCTCACCTTCTTCGGCATCGTGGCGAAGTCGCTCGACCCGGGCGACCAGCTCACCCCGCCGCTTCAGGCCGGGCTCGAGAAGGTGGCCGCGCTCGTCGTTGAAGAACTGGCGAAAGTCGGTGTGGAACTCAGAAGAAAAGCTGCTTAGCTCTCGTCCCTCTCCCTCCGGGAGAGGGTGCCCGAAGGGCGGGTGAGGGCTCTGTCGGCTGTGTTCCCTCACCCTGACCCTCTCCCAGCGGGAGAGGTAATGTGGACGGATGTTGGGAAAACAGTTGATTCGGTCAGCGGATCAGCGTGAAAAGGAGAAACGATATGTTTGGATTTGGTTTGCCCGAGTTGTGCATCG
CP077684.1_gap31	1091417	1095680	4263	CTTCCAGCCCCTCAGCTACTCGCTCGCCCCGCTGACCTCCCGTAGCGGCAACAGCGAGAACGCCAACATCGGCGTGTGGTGGGTGCCCATCCCGAAACTGACCGTGGGGGCCAACTACTCCTACCTGCACCAGGAGGTGGAGCAGGGGATCCTCTTTACCGGCGTCTTCAACGGCAGCGAGGCCGCCTCGCAGTTCTCCAGCAGGTCCCACGTCTACGGCGTGAACGCCTCGTACACCCTGGGAGAAAAGTGCGACCTCGCGGTAACGGCGCAGCAGATCAGGTCTGCGGCCGCCTTTACACCGAGTGATACCACCTTCACGGTGATCCCCGGCAGCACGACGGGAATCAAGGCGATAACCGAACAGGACACCGTCATCAGCTCCCTTTCCGCACGGGGTGAGTACCGCTTCTCGAGCGTCCTGTCCACGACGCTTGAGTACACGTTGAACGACTACAACGAGCTAAAGTCCGCGTACAAGAGTTACAGCGGCACCGTCCACGCCATCGTAGCAGGCCTGGCGGCCAAGTGGTGACCAAGGGGTAACGTATCAAGACACTGGTCCGTTCCATACTTCTGCTCCTGCTGCTTTGCGCGGTGATCCCCGCGGCGGACTCCCGTGCGGCCGGAAAACTGGTGGCGGCATTGCTGACCTGCGACCTGCCGCGCTACCGGGATGCCCACAAGGCCTTCGTGAAGGCGTTGGTGCAGAAGGGATACGATCAGAGCAACGTCGAGGTCATCACCCAGACTCCGAACCCCGACCTCATCTCGTGGTCCAACAGCGTAAGGAAATTCAACGCCATCGGCGCGGACGTCATCGTCGCCTACGGTACCTCCGCCACCCTGGCCGCCCTGCGCGAAGCCCAGGACATCCCGGTGGTCTATGCCGACGTCTACGGCCCGGTGGAGACGGGGATCGCCAAGAGCATGACCTCCAGCGGGCGCAACAGCGCCGGGGTCAGTTCCAAGGTTCCCTTGGTCACGCTGATCAAGACGGCCATGGAGCTCAAGTCGATCAAGACCCTGGGCATCATCTGCGCCAACCGCGAGGAAGGAGCCCTGGCGCAGCTAAAGGAGGCGCGCAAGATCGCGGCCCAATCGGGGGTGGTGCTGGTGGAAACCAACGTCGGCTCTCCGACCGCCTTGGATGCGGCTTTGGCCACCCTCTTCGCCACCAGGGTCGATTGCGTCTACGTTACCGAATGCACCGCCGGCAGCCGCTACTTCGAGAAGATCGTCCATCGCTGCAACGAGTTGAAGATCCCGGTGATATCGCAGATGCCGGGGGCGGCGCACAAGGGTGCCGTCATCTCCCTGGAGGCAGACCCTGTCGAGCAGGGGCAGATCGCGGCCGAGTACGTGGCGCGCATCCTGAGCGGGAAGAAGGCGTCGCACCTGCCGGTCGCCACGCCCAAGCGGGTGGACCTGATCGTGAACCTGAAAGCCGCGCGGCTGCTTGACCTGAACGTCCCCTTCCCGGTGCTCACCGCTGCGACCCGGGTGCTTAAATAGATACATAGAGGTATGGATGGGAAAAATTCTGATCGTTGATGACGACGCCGCTTTCGTGGGAGCACTGAGGGATAAGATACATGCGCTCTACCCGCTGTTGGACGTGATAACGTGTACCGAACCGCTGTTGGCCTTGACCATACTGAAGCAGGGGAAGGTCGACCTGTTGCTGGTGGACCTGGAGATGCCGACCCTCGACGGTTCCAAGATTTTCAGCTACGCCCTGTCGGTCGGGATGGACAAGAACCGGATCGTGATCCTTTCCGGGCGGGACTCAGATTACCTGCACGAGCAGTTTCCCATGGGTACCTGCCTGGCGGTTCTCAACAAGTACGAGGCAAAGCAGAAGGCGGTGCTGGATATGATCTTCAGCTCGATGCAGCGAAAGGCCGCGGGGAGTTGATTGCAGGGACTAGGGACTAGGGACTTGGTTGATCGCTGCAGCGGGAGAAAAAATATTACAGGGACAGGCGTTGAGAAGGTAGGGGATGGTTTTCATCAGTCCCTGGCCACCACCCCTGGCCCCTTGGTTTTAGGAGTTACACAGCATGGCAAAACAGATGAGACTGACCTGCTACGGACGCAGCAAGAGCAAGCCGGAGTGGGAAGCGATCCTTTCGGGATTTACCTTCGATATCTTCTTCGCCGAGTTGGCCCAGGAGCTGGAGCGCTTCGGCATCACGCTGGAACTGGGGGAGGGCCCCGGGCAGGTGATCGAGGTGAACGGCTACGGCGACCTGTTGAATTCGATTCGCATCGCCTCTCCGTCGGACGGCATCAGCAACATCTGCATCGGACACGTCATCGGCCAGAGTCCGCGCCTTGACCTCCAGGAGGACATCCGGCGTGCGGTGAACCGCATCGCTTTCGCGCCGGAGACCGTCGCTCCCGATGCCGAGAACCGGAAAGTCTGCCACAACTGCGGCTGCGGCTGCTAGAGAGGGAAGATCTCGGCCTTTGCCGTGCCCCCTTCGATGGTGACGATGGCGTAGCTCCCGGGCAGCCCCTCCTTCAGGGCTCCCGGGTTCACCAGCAGCATGCCGTCGGTTGAGTGGACCGCGGCGCAGTGGGTATGGCCGTACAGCACCACCGACGCTCCCAGTTGCATTCCCCTGTTAATCAGAAGGGACAGTCCGCTCTTCACGTGCTGACGGTAGCCGTGGGTCAGCAGGAACCTGCATGCCCCCAGTTCAAGGGTGAGTTCCGCCGGTACGTGCCGATCCAGGTCGCAGTTCCCCGCGACCCGGTGTACCGGCACCTCCAGCACTTCCTCCATCATGCGAGCATCCTCGCAGCCATCCCCGAGATGAACGATGTGATCCACCGGACCGGCGAGTTCGTGCGCCCTGAAGGCGTGGGCGTAGTTGCCGTGGCTGTCGGAGATTACCAGTACTCTCATAGTGCCTCTTCGTTCCGCATCTCTTTAAGGCGAACACGGCATAGCGACGGGTCCGCCTGAAGTCATATTTGCTTTTGCGCAGTCGCCTGCATAGTGTAGAGTTGTTGGCGTTGCGCCTACCGGTTTGTCCTGTCTCTACTGTTCAGATATAGGACAGAGTAATGGCAAAAGACAAGCAAAATAAGCTGTAAACGTTTGATCCTGTAGGGGCGAATAACCATTCGCCCTTGTTCATTATCCCGCTCATCACTTTCATCGTGACAGTGAGCAGAGGCCGGGCGAACGATATTCGCCTCTTGTATATATAGTTCCCGTGGTGGTTGAGTTGTTGTAGGGGCACATAATTATTTGCCCAGCACCGTTGCCCGGTCACTTCCGATGGCGTGAGATGCCGAGGTTATCATATGCGGTAAAGGCGGGCGAATGATCATTCGCCCCTACAGTGAACGGCTGCAGATGGAAGAGACGGAGGAGTCATGAAGAAATTGTTACTGTGGATCGCCGCCTTCGTTTTCGGCCTGGTCCTTCTTTTCGGCGCCTGCGTCGCCATCGTCAACTCCCTGGTCGGCGACCATGACACCCTCGCCGGGGGGGACGGGGTAGGCGTCGTCGAGCTGAAAGGGGTCATCGTCGACGGGCAGGAAACCATACGCCAGTTGCGGGCCATGAAAAAGGACGAGCACGCGAAGGCCGTGGTGTTCAGGGTGGATTCCCCCGGAGGCGTGGTCGGCCCGTCGCAGGAGATCTACGCGGCGGTAAAGGACCTGGCCAAGGCGAAGAAGGTGGTCGTCTCCATGGGAAGCGTGGCGGCCTCGGGCGGCTACTACGTCTCGGCACCTGCTTCCCTCATCTACGCCAACCCCGGCACCATCACCGGGAGCATCGGGGTGCTGATGAAGTTCTCCAACTTGCAGGGGCTGATGGACAAGGTCGGCATGAAGGCCTTCACCATCAAGACCGGCAAGTTCAAGGACACAGGCTCCCCCGCGCGGGCCATGACCGACGAGGAAAAGGCGATGCTGCAGGGGGTGATCGACTCCACCCACGGCCAGTTCGTGAAGGCGGTGGCGCAGGGGAGGAGGCTCCCGGAGGCCCAGGTGCGGAGCATCGCCGACGGCCGGATCTTCTCGGGGGAGCAGGCGCTTGCCCTGAAGCTCGTGGACCGGATCGGCTCCATGCAGGACGCGATCGACGAGGCCGCCCGGCTGGGAGGGATCGAGGGCGAGCCGAGGCTGATCCGGCCGGCCAAAAAGAGAGGGCGTGCCCTCGACTACCTGGTGGAGAGTGCGGCCCAGCGGTTGGGGGTGCTGTCTGATTCGGACAGCGGTGTGAGCGTCGACTATCGGCTC
CP077684.1_gap32	1102482	1107346	4864	GCTTGACACCGCGTACGCCGCCGGCAGACACCAGAACCGCCTGGACAAGATCACCCAGCTGGAGCGCGAACTGAAGGGATGATGCTGCTTTCCAAGGCGGTTCGGCGGCAGCACGGGTAAGACACACGATCTAAGCAAAGAACGGGACTCCCAGAGTCCCGTTTTCTCATTTCACCAGCAATTTCAGATTAGGGAGAAATCAGACATGTCAGTACTGGAAACATTCGACCCGGCAGTGGCGGAAGTCATCAGGCACGAGACTGAGCGCCAGGAGTACAACCTCGAACTGATCGCCTCTGAGAACTTCGTTTCCCCCGCGGTGCTCGAGGCGCAGGGCTCGGTTCTCACCAACAAGTACGCCGAGGGGTACCCCGGCAAGCGTTACTACGGCGGCTGCCACGAGGTCGACAAGGTCGAGAACCTCGCCATCGAGCGCGCCAAGGAGCTGTTCGGCGCCGACCACGTCAACGTCCAGCCGCATTCCGGTTCCCAGGCCAACATGGCCGTCTACTTCTCCGTGCTGAAGCCGGGCGACACCGTGCTGGGGATGAACCTCGCCCACGGCGGCCACCTCACCCACGGTTCCCCGGTCAACTTCTCCGGTAAACTCTTCAACATCGTCCCGTACGGCGTCTCCCAGGAGACCCAGACCATCGACTACGAGGAGTGCGAGCGTCTCGCCGTCGAGCACAAGCCGAAGATGATCGTTGTGGGGGCGTCCGCCTACCCGCGCATCATCGACTTCGAGGCCTTCCGTCGTATCGCCGACAAGGTGGGCGCGGTGGTCATGGTGGACATGGCACACATCGCCGGCCTGGTTGCTGCCGGCCTGCACCCGAGCCCGGTTCCCTACGCCGAGTTCGTGACCACCACCACCCACAAGACCCTGCGCGGACCGCGCGGCGGCATGATCATGTGCCGCGAAGAGTGGGCCAAGACCCTGAACTCCAACATCTTCCCGGGCATCCAGGGCGGCCCGCTCATGCACGTGATCGCCGCCAAGGCGGTCGCCTTCAAAGAGGCGCTCACTCCGGAGTTCAAACAGTACCAGCAGCAGATCGTTAAGAACGCCCAGGCGCTCGCCGCCGGCCTCACCAGCCGCGGCTTCAAGCTCACCTCCGGCGGCACCGACAACCACCTGATGCTGGTCGATCTCTCCCAGACCGAGCTGACCGGCAAGGTCGCCGAGGAGGCGCTCGACCGCGCCGGCATCACCGTGAACAAGAACGGCATACCGTTCGACACCCGTTCGCCGTTCATCACCTCCGGTATCCGCATCGGCACCCCGGCGGCCACCAGCCACGGCCTGAAAGAGGCCGAGATGGAGCAGGTAGCCGGCTTCATCGCCGATGTTTTGGGCAACGTCAACGACGAAGCCAAGCTCGCCGCGGTCAAGACCCAGGTGAACGCGCTGATGAAACGCTTCCCGATGTACGCCGACCGCCTCGCCTAGAAGGCGGCCGGTTTCATATTGGAAAAAAGGGAAGGGGGGCGACGTGAGTCGCCCCCCTTTTTGCAAACCTCATTTTTCAGGCGGAGCTTCGATGTACTTCTTCAATTACGATGAGCCCCTCTTTCGTCCCCCCTCCGAGGCGCACAGCCTCATCTTCCAGATCACCATCGGCTGTTCCCAGAATCGCTGCAAGTTTTGCGGCATGTATAAGATGAAGCGCTTCCGGGTGCGACCTCTGGACGAGGTCATGAAAGAGATCCGCTCAATACCTCCACGCTACCGGGACGCGGTCCGGCGCGTCTTCCTCGCCGACGGCGACGCGCTGATCTACCCCCAAAACGGGCTGGAGCGGATCCTTGAGGAACTGAACGCCGTCTTTCCCTCCCTCACCCGGATCGGCGCCTACGCCTCGCCGAACAGCCTGAGCGGCAAGAGCCTCGAACAACTGCAGGTGCTGCGCGCGGGGAAGCTGCGCATCCTCTACTACGGCCTGGAAAGCGGCGACGCCGAGACGCTCAGCCTGGTGGACAAGGGATTCACGCCGGAGGAGATGCTCGAGCAGTGCCGAAAGGCCATGGCTGCCGGGATGAAGCTGTCGGTCACCGCGATCCTGGGGCTTGCCGGGAGGAAGCGGAGCGCCGAACATGCCGCCGCAACGGCACAATGGATCACCGCCCTTTCACCTGAGTACTTTTCGCTGCTCACCATGTTCCAGCGTCACAACGACGACTTCCTCAAGCTGATCGAGCCTTTGAGCCACGGCGAGATCCTGCTGGAGACGAAGGTGCTTCTCGAGGGGCTCGAGCCGCAGGGGACCATCCTGCGCTCAAACCACGTCTCGAACTTCCTCGAGCTCGCCGGGAGCTACCCGAAAGACCGGCAGCGCCTGATCGATACGGTCGACGCAGCAATCGCACAAGCAAAAAGGGACCCCCGCTGGTGTGCGGAAATCCCTTCTTATCAAGAGGAATACTACTAGCGGACTACCTGGAGACGCCGCAGAGTCTCAACTCGTTTTCCAGCTTCTCGCGGGAGATGCCGAGCACGCGGCAGGCCGTCTCGCGGTCGCTTTGATAGCGCTCCATGACCATCAGCAGCAGGGCCTTCTTCAGCGAGGCCGAGAGCTTGTCCATGACCCCCTGCCCATGGGTTGCGGCCAGGGAAGAGACCAGCGGTTCCAGGTTCTTCTGGAAGAGCTCGGCGCTTTCATTCACGGTGTGGCGCACCGGTTCGGTCCGCTTGAGCCGCACCACGTTCCCCACGCACTGATCCATGTTGTCCTGCACGAAACGCAAGGTGTCCCAGTGGCTGTCCACGGTCATGAAGCGGAGGTCATCCTTGGTTCCCTCCGGTGCTCCCTTCTTCCTCAGGCGTACTTCCATGATGGTATAAGCGTAAGATCCGGACCTTTCATTGGTGCTGCGATCTCTGTGTGCCATGATGTCCTCCCGGTAGTCGTGCCGTTTTCCTCTTCTTTTTCAACTGGCGTACCAAAAGTGTCCCGGGGTGGTTTCTTGCAGTAAGTCATTGAAATTTCATAGTAAATTCTTTGCTTGCAGCGCATTCCCAGCGAGGCATCGAGATGCCTTGTCTGTGCTAAACCTGCACAAGACTGTCTTTGCGTTGTGAAATTCTATAGCAATTACGGGTGGTTGAGGACGTTGCGAAGTCTGAACAGCAGGAGTGGAATGCACAGGCTTCGTTGTGCAACACGTGCCATCTGCTATAACGTGTGTTGTTTTTAATTTTTTTGTGATGGTGCTCACAACCCTGAAGCGGGGAGGTGACCTCTGGAGAGACCTCTGCTGGTGCCCCTGGCTGCATCGCTTGCAGGTTTGGCCACCACACACCTGCTCAATACCTTCCCGCCCACCTGGGTCCTGCCAGCCCTCCTTGTCGCGGTTCTCGCCGCCTCCTTCGTGAGTTCCCGGTTCCCCTTTTTGCTCGCCCTCGCCCTGCTCTTTTTCGCGTGGGGCCAACTGTCGCTGCAGCCGCTTCTGAGGCCGCGGCCCGGCCTGGAGCGCTTTGCCTCCGACCGGCCGGTGGCGATCGAGGGGGTGCTGGATTGCCGGCCTGAGCCGACCATGACCGGAGGGAGCAGGGTTTATCTGCAGGTAGAAGGGGTGAGCGTTGCCGGCCAGGAACAGCGGGCATCGGGGCGTCTGCTGGTCTACGTGAAAGAAGGGCGGGCCGAACTCAGCACCGGTGACAGGATAAGGTTTGCTTCGCGGATCAGGGTGCCGCGCAACCTTGGGCTGCCCGGCGAATCCGACTCGGTGCGCAGACTGGCCTACCAGCAGGTGTACGCCACCGGTTTCGTCCTTGCCGCGGAGGACCTGGTGCTGCTGCGCCCGGGAGCGGGGTGGCTGCACGACATCGACCTGCTGGCGGCGAGGCTGGGGAACTTCGTCACCAGGGTGGAGCCGTGGACAGAAGGGGGAGTCCTGAAGGCGCTCCTGCTGGGAGACAGGCGGGACGTTCCGGAGCAGTTGCAGGAGGCATTTGCGCGCTGCGGGGTGAACCATATCCTTTCCATTTCAGGTTTCCATGTCGGCATCCTCTTCCTGTCCCTGTGCCAATTCCTCCATTACCTGGCCCGGCGTTCGGAGTGGCTCGCCCTGCATCTCAAGTTGAGGCCGCTCGTCATGCTGGCATCCCTGCCGATGGTGGTCTTTTACCTATTCCTTTCCGGGCAGGCTCCCGCTACGCTGCGCAGCGTCTTGATGATCTGTATCGTGGTGGCGGCGCTGCGATTGAAGCGCGAAGTGGATCCGGTCCACACCATCATGCTGGCCGCCTGCGCCATGCTGTTTTGCGCACCCCAAACCGCCTTCGACGTCTCATTCCAACTCTCCTTCCTGGCCATCTGGGGGCTGTCCGTCCTGACGCCGACCCTCGCCCACCCCGAAAATAAGGCGGGAAGGGTTGTGTGGTGGCTGCTGCTGCTTTTCATCGCTTCAGTGGCTGCCATACTGGCCACCTCGGTCCATGTTGCCTACTACTTCCAGCGCATAGCGCTGGTGGGACTGGTTGCCAATCTCCTGGTCGTGCCGCTCATGGGCTACGGCGCGGTTGTTCTCGGCTTCAGCGCCCTGGTTGTAAGTTGCCTGTGGGAAAGGCCCGCGGCCGTGCTGCTGCACCTTGCCGCCGCCCTGGTGCGCTGGTCGGATCGGCTGGTCGAGCAGTTGTCCCGGGCGCCGGTTATCACCGGGTACATCCCGGACCGCCTGGACCTCCTGCTGGCATGCCTCGTCCTCTGCGCGATCACCTTCTTCAAATCGAAACGTTGGCGTGCAGCGATCGGGATTCCGCTGATGGTCGTCCTCGTGCTTCGTGCGGTACCCCCCGCCCGGGCGACGGAAGGAACCCTCCGGCTGTACTTCCTCAGTGTGGGGCAGGGGGATGCCACGC
CP077684.1_gap33	1115203	1118497	3294	ATCAACGAGGCGAAGGACAAGAGCGAGGTGAAGATCTGCGGAGTACCGGCGAGCCTTAAGGAGATCATGACCAAGAAGGGGGACCGGATGGGTTTCGTCACCCTCGAGGATCTGATCGGTTCGCTGGAGGTGGTGGTATTCTCCGACGTCTATGCGCGCTGCTCGGAGTTCCTCAAGGGCGACGACCCGGTGCACGTAACCGGCACGGTCGAGCACGGCGAGAAGGGGGCCAAGATCATGGCCAGCGACATCGTTCTCTTGCGCGACCTGGTCGAGCGCGAGACACGCAGGGTGAACTTCACCATCGACGCCAAGGAGGCCGATCCCGGGAAGCTCAAGACGCTCAAAGAGATCATCTCCCGGTACCAGGGGATCTGCCGCAGCTTCCTGCACCTTGACATTGAGAACAGTTCGCGAGTCACCATCCGGCTCTCCGATGTATACAAAGTGGCGGCCAGCGAAGAATTAACAGTGGAAGTGAGTAACCTCTTCGGCTATAATGCCGTGTCCTTCGAGTAGCCTCAGGACGTATGTGGTTATTTTTATTTGAAACCAAGGAGATAGAGATATATGGCACTGCAGCAAAGCTATCTTGATTTTGAGAAGCCGCTGGCGGAACTGGACAAGAAGATCCAGGAACTGCTGGCATTTTCCACCGAAGGGGTCGATCTCTCCGCCGAGGTCGCCAAACTCGAGGAGAAGGCCGAGAGGATGCGCCAAGAGATGTTTGCCAACCTTTCCCGCTGGCAGACGGCCCAGGTGGCCCGCCATATCAACCGTCCCTTCACCCTCGACTACCTGAGCCTCATCTTCACCGAGTTCGTCGAACTGCACGGCGACCGCAACTTCGGCGACGACCACGCCATAGTGGGCGGCCTGGCCAGGCTCGACGGCGAGCCGGTCATGGTGATCGGGCACCAGAAGGGACGCGACACCAAGGAGAAGGTGTTCCGCAACTTCGGCATGCCCAACCCGGAAGGGTACAGAAAGGCGCTGCGCCTGATGGAGATGGCCGAGCGCTTCAAGCTCCCGATCATCACCTTCGTCGACACCCCGGGCGCCTTCCCCGGCATCGGCGCCGAGGAGCGGGGCCAGGCCGAGGCGATCGCCAGGAACCTGAGGGAAATGTCCCGCCTCACCGTGCCCATCATCGTCGTGATCACCGGCGAGGGTGGCTCCGGCGGCGCGCTCGCCATCGCCGTGGGCGACCGGATCCTGATGCTGCAGCACTCGGTGTACGCCGTCATCTCCCCGGAAGGTTGCGCTGCGATCCTCTGGTCCGACGGCACCAAGGGAGCCCAGGCCGCCGAGGCGCTCAAGCTCACCGCCAAGGACATCAAGGATCTCGAAGTCATCGACGAGATCGTTCCCGAGCCGGCCGGCGGCGCGCACCGTGACCACGAGGCGATGGCGAAGAATCTGCACGAGGCCCTTTCCAGGAACCTGAAGGAGCTGAAGGCGATTCCCGCAGAGGAACTGATCGAGCAGCGTTACCAGAAGTTCAGGAAGATGAGCCGCTTCGCCGAGTAGTTGTCTGTTTAAATAACTTAAAAAAAGGCGCACCCCGTAAACGGGGTGCGCCTTTTTTGTGGTCTATCGGCGCCCCAAATGCTGGTGTCGCGAATTGCTGCGTCTACTCCTGGTTCATTGTCAGAGTACATCTCCGGCCCGCCAATTCTGGTTCGGTATGCATATCTGGAGAGGTCGGTTGGTTCAACGTAGCAGATTGCGGTCGGACTGGGTATTTGCCCTGGAGCAGCATGACGCGATGCTGTAGTGAATTGAAGTAATGAACTGATGATGTGATGTGATGATGGAATGAAGGGGGCATGGCCATGTTAGCCGTGCCCCCTTCTTTACTTCGTCTCTTCGTGTGGCCGCTCCGCTTGAAAGGCCTGCAGCTTTGGCCTTTTGGGTGCCGCGATCAGAAGGGTCAGTCGAGAAGCAGCGATGCTGCATGCAGCAGGATGCCGATCATGCCCCCTACCAGGGTTCCGTTCATCCTGATAAACTGCAGGTCCGACCCGATGCTGAGCTCGATCTCGTTCACGAATTCCTCGTTCTCCCACTCCTTCACCGTCCCGGAGATGTGTCTGGCGAGGCCGCTTCTCAGATCGCCTGCGTACCTTTTCACCACCCCCTCCAGGTGCTCGTTGATGGAATCTTTCAGCTCGCCGCTATGGGAAAGCGTGTTTCCCAGCGCCACAGCCGCGTCGGCAACCTTCTTCTGGATGTTGGAGTGCTCCCGATCCAGGTCCTGCACCATCCAGTTCTTCAGGTCGCCGACTAAACTCTTCGCGTAGTGGGAGATCTGCTGGTTGTTGGCCAGTTCCAGCTTCAGTTCTGCCACCTTGGTCCTCATCCCCTCGTCGTGTTTCAGCTTCACGATGAAATCGCCCACTGCACGGTCGAATTCGTGCCGCAGTTCGTGGGTCGGGTCAGCGTTGACCGCGTCCAGGAACCCGCTCACCTTCTGCACGATCTTTTCGCCGGCGTTGCGGGAGAACTGGGGACGGTTCGGAATGAACTTGCTCAAAAGGGGGTACTCGGCATCCACCCAGTTGTCGAGGGCAACCGCAACCTTCTCCTGAGATTCCGGCGTCGCCAGCCACCCCCCCAGGCGCTTCAATAGCTCGTCGAGCACCACCTGGTGCCTGCTCTCCTTCCTCAGGCCCTCCAGGAGGTTGCCAGCCGAGGTGGCCGCGTCGAATTTATCGATGCGCTCGCCTAGGGCCGCGCTCACCACCTTGTTGACACGCTCGTCCTCGAGGAATTCGATGGACTCCGAGAGGACGCGGGAGATGCCCCTGGCCATCCCCTCGGCGTTGTCACGGCAGAGGAGGTAGTTGCAAAGGTGCCCGGCCGGATCGAATTCCCGCATCCGCTCTACCAGGACATCGGTGGCGAGAAACTTCTCCTGGATGAAGCGCCCCATGTTGTCGGCGATGCTCTCCTTCTTTTCCGCCACGATGGCGGTGTGCGGTATGGGGAGCCCCAGCGGGTGCCGGAACAGCGCGACCACGGCGAACCAGTCGGCGAGAGCGCCTACCATGGCGGCCTCCGCGAAGGCGGCGACCCAGCCCCAGGCCCCTGTGCCGTGGTTGAGCCGTGCCACGATGAAAAGCAGCGCGGCGCCCACCAATAGGGCGCCGGCAATGGTCTTGTTTCTTTTAAGTGCTGTGTGTCTGGTATCCATCTGTTGCTACTCCTTGTTTCCTGGCGTTTCGGTTGCCGATGGCGGCCCACCTTTTTATCAGGTTGCCGGAAACAAGGCAATAACCAGAATTGCACTGA
CP077684.1_gap34	1124980	1129325	4345	CAGGGAAGAGTTCTCCGGTTCACATCACGGGGTGATGAGGGGGATCACGGATGCCGGCAACGCGGTGAGCAACCCGCTGCTCCACCTGGGCGTCGCCGCGGCCTTCTACGGCACCGGTGCCTTTACGGACCAGGTGAAGGTCATGCAACTGGGCGAGGAGATGGGGGAGGCGCTGCTGTTGGCCGACGGCGCCACCTTCGTTCTCAAAGGAGTCATCGGGCGGGGACGCCCGTACCAGACCGACAACAACTCGAGCTACCGCCCCTTCCAGTTCAAGGACGGCTACGACTCGCTGCCCTCGATGCACACGGCGAGCTCCTTCGCCCTGGCCCATGTGGCTGCCTCCAAAATTGACAGCTTCTACGGCAAGGCGGCCTGCTATGCCGCCGCCGGCCTGGGAGGATTTTCGCGGGTGTACCAGGGCAAGCATTGGGCGAGCGACGTGGTCCTGGGCGCGGCCATAGGGGAGCTTGCCGGCGCTGCCGTCACCAGGTATCGTTCCGCCCCCGCCGGAAGCGTCACCGTGGCACCCTTCTCCATGGACGGCGCGCCCGCGGTCGCGCTGGTCGGCAAGTTCTAGACCCGGCCCCGGCCCTCTGCCCCCTCCCGCAGGGGATGAGGACAAGGCCGATTAGCGACAATCTTCCGCTACCTGCCGCTTCCCCCTTTGCAAAGGGGGGGATTTGTCTTTCCCCAAGCAAAAGCAAATCCCCCTAAACCCCCTTTTGCCAATGGGGTACTTTTACAGCGGAAAGCTGCTAACCGGCATTTTTTTAACATCTCGCTGTTCACCTTTAAGGAGCTTCGCATGCTGAAGGCAGTCATCTTCGACTTCGACGGGATCATCGTGGATACCGAGCCGCTGCACTACAAGGCGTTCCAGGAACTGCTGGTACCGCTCGGCCTGGGCTATTCCTGGGAGGAGTACCTCGATCTCTACATCGGCTTCGATGACCGCGACGCCTTCCGCGAGGCCTTCCGGGTGCATGGCCGGGCGCTTGCCGACCAGGAACTCAAGGAGCTGATCAAGGGGAAGGCCGAGGCCTTTCTGAAGATCGTGTCTGGCGGCGTTGCACCGTACCCGGGCGTTGTTGAGCTGATCCGCTCCATCTCCGGCAACCTCCCCCTTGCCCTTTGCAGCGGCGCCCTCAAAAGCGACATCGAGCCGATCCTGGGCCAGCTCGGATTGACCGAGGCGTTCGACGTCAAGGTGACCGCCGACGAGGTCGCGGCGAGCAAGCCCGATCCCGAAAGCTACCGCCTCGCAGTGCAGCGGCTCCAGGAAAGCTTCCCCGGCAAGGTCGATGCGGCGGGTTCGATCGCCGTCGAGGACACCCCTGCCGGCATCGCCTCGGCGACCGGGGCCGGACTGAAGGTTCTGGCGGTGACCAACAGCTACCCCAGGGAGCGCCTGACCGGTGCCTGCCGCGTGGTCAACTCGCTCTCCGGCGTCGACCTCGAGGGGCTGCGTCTGCTCGTCTGATCCCATGTTGAAACCGGCCGTCATCGACACCATACTCCCGGAACTGCTCGCGGCACTGCAAAAAGGGAACGTCGCCGTGCTGCAGGCGCCTCCCGGTGCGGGCAAGACCACGCGGGTACCGCTGGCCCTGCTCAGGACGCCGCTTCTGGACGGCGGCCGCGTTATCATGCTGGAGCCGCGCCGCCTGGCCGCCGTCAACGCCGCCCGCTACATGGCCCAGTGTCTGGGCGAGGAGGTGGGGAAAACGGTCGGCTACAGCATCCGTTTCGAGCGCAAGGTCTCCAAGGCGACCCGCATCGAGGTGGTGACCGAGGGAATCCTGGCCCGCCGGCTGCAGAGCGACCCGCTTCTGGAAGGCGTGGCGGCGGTCATCTTCGACGAATTCCACGAAAGAAGCCTTACCTGCGACCTCTCCCTCGCCCTGTGCCGCGACGTTCAGCTCGGGCTGCGCGAGGACCTGCGCCTGCTGGTCATGTCGGCGACGCTCGACGCCGATCCGGTGGCGAGGCTCCTGGGGGGCGCGCCGCTGGTTACCAGCGAAGGGCGCCAATTCCCCGTCGACGTCCGTTATCTCAAGACCGAGCCCGCGACGAGGCTGGCCGAAACGGCCTGCGCGGGGGTGATGAAGGCACTGGCCGAGACCGAAGGGGACGTCCTGGTCTTCCTGCCGGGGGCGGGGGACATCAGGCGCTGCGAAAGCATCCTGCAGGGGCAGGTCGGCTCGCAGGTGATGATCGCGGTCCTGTACGGCGACCTCCCCTTCGCCGCCCAGGAGCGGGCCATCCTTCCAGGAGACCGCCGCAAGGTGGTGCTCGCCACCAACATCGCCGAAACCAGCCTCACCATCGAAGGGGTGCGGGTGGTGGTCGATACGGGCTATTCCCGCCAGCTCCGTTACGATCCTTCCACCGGCCTCAACCGCCTCGACACCATGCGCATCTCCGCCGCCTCTGCCCAGCAGCGCGCCGGTCGTGCCGGCAGGGTCGCCCCCGGCGTCTGCTACCGCCTCTGGAGCGAGCACACCCAGAACACGCTCCTTCCCTTCACTCCCCCCGAGATCAAGGTTTCCGACCTGGCTCCCCTGGCGCTCGACCTGGCGCAGTGGGGGGTGGCCGACCCCGCCTCGCTGAGCTTTCTCGATGCCCCGCCGCCCGCCCATCTTGCCGAGGGACGGTCGCTGTTGAAAGCGCTGGGCGCTCTCGATGAGCGCGGCACGATCACCGAGCTCGGGCGCAAGATGGCGGCGCTCCCCATGCACCCGCGCCTAGCCGCCATGCTGATCGGCTCCATCGCGACTGGCCAGGCGCAGATCGCATGCATGCTGGCTGCCGTCCTCTCCGAGCGTGATATCATGCCGCGCGGCAGCGCAAGCGTCTCCGAAAGCGACCTGCTGGACCGGCTGGACGCGGTGCACGAACGACGCGACCCGCAGGGTGCGCGGACGGTTGAACGCCTGGCCGCCTATTTTCGCGGCGCCCTCGGCGTGCCGGACGGTTCCTTGCGTGCCGATGCGGCGATCGTCGGCAGGCTGCTCCTCATGGCCTACCCGGATCGGGTGGCGCGCGAGAGGAGTTCCGGCTCCGGACGCTACCTGATGGCCAACGGCACCGGTGCCAAGCTCTCTCCGCGCAGCAACCTGAGGGCGCAACCTTTCATCGTTGCCGTCGAGGTCGAAGGGGGAGCGGGCGAAGGGGACATTCACGTGGCCAGCGCGGTTTCGCTGGAGGCGGTCCGCTCGGGATGCGCGGGTGCCATAACGCGGGAACGCAGGGTGTTCTGGGACGAGCGCGAGGGGAGGGTGGTGGCACGCGACGAGGAGCGGCTGGGTGCCGTCGTCCTTTCGGAGCGGGTGGCGGTTCCCGAGAAGGAAGAGGTTGCCGCGGCGCTTTTGCAGGGGATTCTCTCGGGGGCCGGCATCGGCGGGTTGAACTGGAGCGACCAGGCCGCCCAGTACCGGAACCGGGTGCGGTTCCTGGCCCGGGCGCTGCCCGAAGAGGACCTTCCCGACCTCTCCGATCAGGTCCTCGCCGAGAGCGCCGGACAGTGGCTTCTTCCATACCTGCAGGGAGTGCGGAACCTGGCCCAGCTTGCCAAGGTAGATCTGCTGCAGCCTTTGAAGGCCCTCCTCGACTACCGGCAGCAGCAGCTCGTGGAACGGGAAGCGCCCACCCACCTGCAGGTCCCCAGCGGGTCCCGCGTTTCACTGGAGTACCCGGCGGAGGGGGAACCTTTTCTGGCGGTGAAGCTCCAGGAGATGTTCGGGCTGGCCGAGACGCCGAGGCTGGCGCGGGGAAGGGTGCCGGTCCTGATCCACCTGCTGTCACCGGCCAGGCGTCCCATCCAGGTCACCGCCGACCTGAAAAGTTTCTGGAACGGGGCTTATCGTGAGGTATGCAAGGAGCTGAAAGGTCGCTACCCGAGGCATCCCTGGCCTGACGACCCCTGGAACGCTCAGGCGACGAGGCATGTGAAGAAGAGAATGTGAGAGGGGATGTGGACGCATGTGGCGGAAGGTCACGCCTGAGGAAAAGTGGCTCTGGTCAATTGCCTCAGTTGATATTGGTGAAGACCAGTGAGCCGTCCTTGTGGAGGTAGCTTCTGATGCTGCCGGTCACCTCGGGTATGCCGGCGCCGTTGTCGAGGTAGTTCCGCGTCACGTTGATGCCGTTTTTCCAGAGTTCGAAATGCACGTGGGGCCCCGTCGACCTTCCGGTGGATCCCGACAGCGCCACGGTCTGCCCCGCCTCCACCTGGTCCCCTATCTTGACCTCGAGCTGCGAGTTATGCCCGTACATGGAAACCATGCCGTCGGCATGTTGGACGGTGACGAGGTTTCCATAGCCGCCGTGCACTCCGCTCTCG
CP077684.1_gap35	1217476	1221712	4236	CTACCGGCTCATCTACCATTGGTGCGAACAGTGCAGGAAGGAGGGGAAGAAGCTGGAGGATAAATGCGGCTTCTGCCGGGAGGTCGGGGACAACAGCGTGATCTTCTTCGATGTCTATCACAAGAACGAGGCGAACCGGGTCAAGCATCCCAGGGGGTGAGCCTCGCCGGCGCACCGGCGGCCTACGAGAAGGGCATTTGCAGCACCCCCATTCGATGTTGCACTATGGGGCTTTCCGCATCACTTCCCTCAACACTTTCAGCGTGTACGGCTTCTGGATGAAGCCGACCAAGCCCTTGCCGTCGAACTTCTGCACCACGTCCTGCTGGCTGAAGCCGCTGGACATGACCACCCGCACCTTCGGGTCGATGAGCTGCAGCTGCCGGAACGCCTCCTCCCCATCCATCCCGGGCATGGTGAGGTCGAGGAGGACCGCCTTTATGTCGGGATTCTCCCGGTAAAGCGACAACGCTTCTTCCCCGCCCGAGGCCGTCAACGGGGTGAAACCCAACTCCCTCAACATCCGGATGCCGATGCTGCGCACCGTCTCCTCGTCGTCCACGAGCAGGATCTTCCCTTCACCCCTCCAGTCGTCAAGGACCGGTTCCGCCGCGACCGCTTCGGCGGCCTCGGTGGCAGGCAACAGCACCTTGAAGGTGGTGCCCCTTCCCGGTTCGCTGTAGATCCGGATCCCCCCCTGGTGCCCGCGGGCGATGCCGTGGACCGCGGCGAGGCCGAGACCGCGGCCGGTGAACTTGGTGGTGAAGAAGGGATCGAAGATCTTTTTCAGCACCTCTTCTTCCATGCCGGCACCTGTGTCGAACACCTCGAGGAAGACGTAACGCCCCTCCGCCATGTTCTCCCCGAGGATAAGGTTCTTCAGACTCTCCTGGTCCAGAATCGCGGAACCGGTGCGGATTATGATCTCTCCCTTTTGGTCCCCTATCGCCTCGGCGGCGTTTTGTACGAGGTTCATCAGTATCTGGCGTATCTGGTTCTGGTCCGCCTCTACCGCGGGGAGCGACCGCGCCAGGTCCAGCTTCAATTCGGCATTGGGGGCGGCGGTTTCCAGCACGTGGCGCAGCTCCTCGATCAGCCGGTTCAGGTCCGTCTGCTCGATCATGAACCTCCCCTTTCCGGAGTAGGCCAACATCTGCTTGGCGAGGTAGGCGGCGCGGTTTGCGGCCGTTTCTATGTTGCGCAGGTTTTCAGCGACGGGTGACTCCTCGGGAAGTTTCATCAGCGACAGGTCGACGTTGCCGATGATCGCCATGAGGATGTTGTTGAAGTCGTGGGCGATGCCGCCGGCGAGGACGCCGAGGCTTTCCATCTTCTGGGCGTGCAGCAACTGCTGTTCGTAACGGATGCGTTCCTCTTCGGCCTTCTTGCGCTCGGTGATGTCCTGACCGACCGCCTGTACCTCGGCGAGCCTTCCCTGCTCGTCGAAGATCCCCCTGTTGGTCCATTGATGCCAGATGACGCCGCCGCCGGGGCCGAAGATGGCGAGTTCCATGGTCTCGGTCGGCTGTTCCGGGGTCAGGTCGTTCAGGGCTTCCTGTACCGGCAAGCGGTACTCCGGGAGCAGGAAATCCAGGAAGTTTCGCCCTTCCAGTTCAGCCTGGGCCCTGCGCGCATTTTTGGCGAGCGCCGGATTCACGTAGGTGAGCGTGCAGTCGGGTAGAAAGGTGCAGATGTAGGCGGGGCTGTCCTCGGAGATCTTGCGGTAGCGCTCCTGGCTTTCCCTAAGGGCCTGCCCAGCCCTGATGGCGCTGGTGCGGGCGTTGCGGAGCATGAAGGCGATCACGGTCAAAAGGGCGCTGACGACGAGCCCGCCTGCAAGGTAGCTGCGGGATTGATTTTTTCCCTGCTCCAGCGCGAAGTTCGGGAGTGACTGGAAGGTGAAGAGCCATTCGCGGCCGAACTTTTTCACGGTGCGGCTGGCCCGGAAATCCGGGCGGTAGTTCCGGGGGAGGTTCACCTTCCAGTCCGAGACGCTGTCGAAAAGCAGGGCCGAGGCCGTGGCCCTGCTCTCGGTGTAGATCCGGAAGCCGATGTCCTGCGACGGCCTTGGGAAGGTGGCCCACATGAAGTCCCTGATGCGGATCGGGCTGTAGGCGTAGCCCTTCAGCGCGTCCCTGCGCTGTTCCAGGGTGGCGGTCGGCAGCATCCGGTCATACACCGGGAGGTACATCAGCACCCCTTTTTGGCGGTCCCGCTCCGTTTCCTGCACTAGGAATACCGGGTTGGTCAGCGCCGCATCCCCGGTGTCGCATGCCATGGCCATGGCATCGTGGCGGTTGGGCTCGGAAAACATGTCGTAGCCGAAGGCCCGCTGGTTGCGCCAGTCGAACGGTTCCAGGTAGACGATGGCGGTGTAGACCGGCCGTTCCCCTTCGGGCCAGATCCGGTAGCTGGGAAAACCCGCCGCCTGCATGCGCCGGATATGGCGCTCCTTGTCCTTGGGAAGCACCACTTCCGTGAAGCCGAGCCCCTGCAGGCCGGGATAGTTCCTGTCCAGGGAGAGCGATATGGAGTAGCGGTGCCACTCATCGCGGGTGACCTCGTCGCTTGCGTTGAAGAGACCGACGGCTCCCCGCAGGACCTGCTCGTCATCGATCATCCGGTTCAGGAACCGGACCATGATCTCCTCGGTTCTGTCCTGGAAGGCGGTCTGGAAACGGGAAGTGAGGCTGCGGTCGTATTGGCGCCAGAAGAACAAGGTCATGAGGAGGGAGAGGGTCAGGACCAGGTAGGGGAGCAGGTTCACCGCTTTGCCCCAGGAGGCCCCCCCCTGAAGCGACGCGACTGCACTTTCCTTTGGCTGGATGCTGTCTGTCGGCATCTGTGTTCCCCGGTTCGCTGAGGTGCGCTCCCGGCCCGGCGGGCTGGATGATTAACTTTACAGAAATTATTGCCGAATTCAATGCGCGCGGAAGAGGCAGGCGCGATTCGGACGCGGAGGCCGTCACGCAGGGCCCCCCCCAGGGGAGGCGGCCCTTAAGACCTCGCGCAGCGAGGAGAGCTTGTAAGGTTTTTGGATCAGCCCGGCCAATCCCTTGCCCGCGAATTTCTGCGACACCTCGTGCTCGCTGAACCCGCTGGACATGATGACCCGTACCGCCGGGTCTACCTGGCGCAGCTCACGGAAACACTGCTCGCCGTCCATGTGAGGCATGGTGAGATCCAAGAGCACCAGCGCGATGGCCGGGTGGTTGCGGTAGATCTCCAGCGCCTCGCAGCCGTCGGCGGCAGTGATCACCTCGAAGCCGAGCTCGCGCAAGAGCTCGCTGCCGGTGCTCCGGATGCTCTCCTCGTCGTCCACGAGGAGCACGACCCCTTCGCCCCGCCAGAGGACCGGCTCCGCTTCCACGACGCCCTCCGAGGGCTCCCCTGCCGCCGCCGGAAGCAGCACCTTGAAACAGGTTCCCTTCCCCGGTTCGCTGTAAACCTTGATGGCACCCTTGTGGCTGCGGATGATGCCGAGCACCGCCGCCATCCCGAGGCCGCGGCCGGTGAACTTGGTGGTGAAGAAGGGATCGAATATCCTGGCCAGGGTCTCCTTGTCCATGCCGCAGCCGGTATCGGAGACCTCGAGGGAGACGTAGGAGCCTTCAGGGATCGGGTCTATCAGCCAGGCGTCCTTTAGGTACTCCTCCCTGCATTCCAGGCAGCCGGTCGAGACGGCGATGACGCCGTCGTGGTCGCCGATGGCCTCGGAGGCGTTGATGACCAGGTTCATGACGATCTGCCTGATCTGGGTGGCGTCCACCTCTATCGCCGGCAGTTGTTCCGCCAGGTGGTACTTCAGCACGACCTTCTTCGAGATGGCGACGTGCAGCATGTGTCCCATCTCCTGGAGCAGGCGGTTCAGGTCGATGGACTCGATGACGAACCTTCCCTTGCCCGAATAGGCGAGCATCTGCCGGGCCAGGTCGGCGGCGCGCACGGCCGACGCCTCGATGCGCTGCAGGTTCTCCAGGGCGGGAGATGACGGACCGAGGCGGAGATGGGCCAGCTCCGCGTTTCCGATGATGGAGGTGAGGATGTTGTTGAAATCGTGGGCTATTCCGCCGGCGAGGACGCCGAGGCTTTCCAGCTTCTGGGCGTGCAGCAGCTGCTGTTCGAGCCTGATGCGCTCCTCCTCGGCTTTCTTTCGCTCCGATATGTTCCTGGCCACACCGATGACGGCGGGACGTTTGTCGAACTCGATCCGCCTCACCTTCACCTCCGCCGGGA
CP077684.1_gap36	1237393	1242040	4647	GTCGACGCAGCCGTCCCGCAGGATGTCCAGGAAGTAGCGGAGGTCGAAGCCGTACTCCCCCGACGAGATCTCCATCCCCTCCGGCGCCAGGTCGCGCACCAGGCGCAGCCCCTCCCGGTCCCGGTGCGGCACCGGCTCCTCGAACCAGGTCACCCCGTCGGCGGCGAAGCCTGCGGCGAGGGCGAGGGCCTGTTTGCGGCTGTAGCCGCCGTTGGCGTCCACCATGAGCTCCGCCTCCGCCCCGATCGCCTGTCGGGCCGCCCTCACCCGTTCCGGGTCCGCCTTGGCGTCGCGCCCCACCTTCATCTTGACCCGGGAGATCCCCTGTCCCACCCAGCCCGATAGCTGCCGCTGCAGCTTGTCGACGGGATACGAGGTGAAGCCGCCGCTGCCGTAGACCGGCACCCGCTCGCGCGCCTCCCCCAGGAGGGAGACCAGCGGCACCCCGAGGAGCCGGGCCTTCAAATCCCAGAGGGCGGCGTCGAGTGCCGAGACCGCCAGCATGCCGATGCCGGACTGGCCCAGGTTGCGCAGCGCCCCGGTCAGGGCGACCCAGCAGCCGGCGATGTCCAGCGCGTTGCGCCCGCGCAGCAGGTCGGCCAGCTTGTCCTTGATCAGGGTGGCCGCCGCGGGGGAGGCGTAACTGTAGCCGAACCCCTTCTCCCCCCCGGAGTACAGGTGGGTCGCGACCAGGACGGTATCCTCCCAGCGGTAGGTCCCGTCGGATTCGCGCTCCTCGGTGGGGATGCGATAGCAGTTGACCTCGATCCGTTCCACGCTCGCCTGTCTCATGCCGGGTCCTCCAGATCTCACGCTCCTTGCGCCGCGGCGGTGCCGCGAGCGGGTTGGCTCTGGCGTTGCGGTTCTCCCTGGAGCCGCCAGTCGTACTCCGCGTACTCGATGGCGAACGATTCCGGGCTCATGGGCAGCCTCGCTCGGAAAAACACATTGGTGCAGTATAACCGAGCAAAGTTAAAAAACACCAATTTAACCGCGGGCGCCTGATCCCATGCGGGGGACCCGGCCCCTCCCGGGCGGGCTTTCTCTGCGTCCTCCGCGCTCCATGGGTGCATAATCGTTGACATCCCGTGCGGAGTCGTTAAATATGCTGCTGTCTGCCAATTCACATGAGAGCCCGCGAGAGGAACCACGCATGCCGACAGTACTGGTGATAGAGGACGAGAGGGACCTGGCCGAACTTGTGGCCTTCCACCTGGAACAGGAGGGGTACACCTGCCTGATCGCGGGGGACGGAAACTCGGGGCTCAACGAGGCACGCCGCCACAGGCCCGACCTGATCCTGCTCGACCTGATGCTTCCGGGGATGCTGGGGACCGAGGTCTGCCGCCTGCTCAAGGGGGGGGAGCAGACCGGCTCCATCCCCATCATCATGCTCACCGCGAAGGGGGAGGAGATCGACCGGGTGGTCGGTTTCGAGATGGGGGCCGACGACTACGTGGTGAAGCCCTTTTCCACCCGGGAGCTGATGCTCAGGGTGCGCGCCGTGCTGCGCCGCAGCAGCGAGCAGGCACCAAAGTCGGCGCAGCTCACGCTGGGCGTGCTCCACATCGATACCGAGGGGCACCGGGTCGAGGTCGCCGGCGAGGAGGTGCAGCTCACCTCCACCGAGTTCAAGCTCCTCATGAACCTGGCCGAGCGGCTGGGGAGGGTGCAGAGCCGGGAGCTCCTGTTGCAGAACGTCTGGGGCTACAACTACCTGGGAGACACCCGCACCGTCGACACCCACATGACCCGACTGCGCACCAAGCTCGGGGCGGCCGGCGAGATGATCAAGACCGTGCGCGGCTTCGGCTACAAGCTGGAGGAGGCATGAGAGGGGGCTTCCGCTGGAAGCTGATGGCGTCCTACCTGGCCCTCGTGTTTTTCCTGGGCGCGGGGCTCTACCTCTACCTCTCCGGGAGCCTGGAACGCTCCATGACCAAGGACACCCGGGAGCACCTCCAGGACCAGGCGCGGGTGGCCTCGCTCATGGCGCTCAAGGAGATCCGCGACCTCGACCGCGACGCGCCGGCACTGACGACGTCGCTGGCCAAGGCGATCCGATCCCGCGTCACGGTGATCGCCGGCGACGGGCGCGTGGTGGCCGATTCCGGGCTCGAGCCCGGCCAGTGGTCCGGGCTGGAGAACCACGGGCACCGCCCCGAGGTGATGGCGGCCTTCCGGGAAGGGATCGGCAGCGCCGTGCGCTACTCGGCGACCCTGCACATCGACATGCTCTACGTCGCCGCGTCCTTCGGCGACCAGGGGGTGATCCGCCTGGCGCTGCCGCTCTCGGAGCTGGAACTGGCCAAGGAGCGCCTGAGAAGGAGCCTCGGCGCAACCCTGGCGGTGGCGGTGCTGGCCTCCCTGCTCTTCTCCTATTTCCTCTCCAACATAAACTCCCGCAAGCTCACGAAGCTCGCCGCCGGCGCCAACCGGATCGGGCGCGGCGAGTTCGGCACCCGGATCGCCATCAGCAGCAACGACGAGTTGGGCGAACTGGCGCGGGTCATGAACGAGATGTCGGGCAGGATCAGGCAGCAACTGGAACAGATCTCCTCGGAGAAAGGGCGCCTGGACGCCATCCTGGAGGGAATGGGGGAGGGGGTGATGGTGACCGACCCGGATGCGGTGGTCACCCTGGTGAACCCTGCCTTTCGCGCCCTGTTCGGCACCGGGGAGCAGGTGCAGGGGAGGCCGCTGCTGGAGATCAGCCGGCACCCGGACCTGCACGCCGCCTGCCGGGAGGTCCTCTCCGAGCGGCGGGAGCGGCACCAGGAGATCTCGCTTCCCGGCGGGAGGGAAACCCTGGTCCACTGGGTGCCGCTGCTCGACGAGGGGGAGCTTGCGGGCGCGGTGGCGGTCTTCCATGACATCAGCGCCCTGAAGCGCGTGGAGCGGATCCGCCGCGACTTCGTCGCCAACGTCTCGCACGAATTGAGAACGCCGGTCACGGTGATCAAGGGGTACGCCGAGACCCTCCTCTCGGGTGCCCTGGCCAGCGACCCGGCGCGGGGGGAGCGCTTCCTGCAGATCATCCTGAACCACGCCGAGCGGCTCTCCGGCCTGGTGCGCGACCTACTGGCCCTCTCGGAGCTGGAGAGCGGCGAGGTGGCCCTGAAGCCCGAGCGGATCGCGGTGGCGGACGCGGCGCGGCACGCCATGCTCCTCGTGGCGCAGCGCGGCGAGGAAAAGGGGGTGGCGCTGGGCTACTCGGATGTGGCGGAGGGGCTGCAGGTGCAGGCCGACCGTGCCCGGCTGGAGCAGGTCCTCATCAACCTGCTCGACAACGCCATCAAGTACAGCGAGGCGGGAGGGAAGGTGGAGCTTTCCGCCTCCCGCGAGGGGGACCTGGTGCGCATCTCGGTGCGAGACAGCGGCATCGGCATCCCGGAGAAGGACCTGCCGCGCCTCTTCGAGCGCTTCTACCGGGTGGACGAGGCGAGAAGCCGCGACAACGGCGGCACCGGCCTCGGGCTTTCCATCGTGAAGCACATCGTGCAGGCCCACGGCGGCACGGTGCGGGTGGAGAGCGAGCAGGGGAAGGGATCGGTGTTCAGCTTTACCCTCCCCGCGCCCTGAGAGGAGGCGCCCCTTTCACATGAAAGCCCATTTGACTCCCCTCTAATTGCCATTACAGTTGAAGCGTCCGCTTTCTTTCTGACATGTCCCTGTGATCTCGGCCCCGGAACGGCGGTGGGCCGGGGCGTGACGATGAACGGCGCTCAAGACAAGCTTCCCGAAAAACTCCCCGACAACCTCCCCTGGCACGAGCTCGCGGTGCCGGAGCTTTTCGCCGCCCTCGGCACTTCCGCCGCCGGGCTCTCCTCGCAGGAGGCCGCGGCGAGGCTCGTGCGCTACGGCCCCAACGCGATCCGCGCCGCCGCGGCAAAACCCCTCTACCTGAAACTTCTCTCCAATTTCACCCACCTGATGGCGCTGCTCCTTTGGGGGGGCGGCGTCATGGCCTACCTGGGCGGCATGCCGCAGCTCGCCTTTGCCATCTGGGCGGTCATCTTCATCAACGCGGTATTCTCGTTCTGGCAGGAGCACCGCGCCGAGCAGGCGGTGGAGGCGTTGAAAAGACTCCTGCCGGCCCAGGCGAACGTGCTGCGTGACGGTGAGGAACGCCAGATACCGGCGGCGGAGCTGGTCCCGGGGGACCTGGTGCGGGTGATCCAGGGGGACCGCATCTCGGCCGACGCGAGGCTGGTCGAGGAGTGGGACCTGCGCGTGGACCAGTCCACCCTCTCGGGCGAGGCGCATCCCGCCAGGAAGACCGCGGACCCGATTACCGGGCAGCCCCTTTCCCGCACCGAACTCCCCAACCTGGTCTTCGCCGGCACCTCCGCCGTCGCCGGGACCGGTAGCGCCGTGGTATGCGCCACCGGGATGAGCACCGAGTTCGGCCGCATCGCCCACCTCGCCACCACGACCTCGGACACCCCCTCGCCGCTGCAGGTCGAGATCGACCGGATGACCCGCGTGGTCACCGCGCTGGCGCTTGCCGTCGGCACGCTCTTCTTCGTGCTCTCGGTCGCGGTGCTTGGGCGCGAGCTGCACACCTGCTTCATCTTCGCGGTCGGCATGGTGGTCGCTTTCGTGCCGGAAGGGCTCCTCCCCACGGTCTCGCTTTCCCTGGCCATG
CP077684.1_gap37	1278627	1280224	1597	GGTCCAACGAGCCTGGAGCAAGGGACTGCGGTTCCACCTGGACCGATGCCGGCGGCAACCTCTGGCTTTTCGGGGGCATCGGCAAGGACGCGAACGGAGTGCAAGGCTACCTGGGGGACCTTTGGAAATTCGACGGCACAGCCTGGACGTGGGTCTCCGGTGACACGACGGCTGACGGCGGCGCGGTGTACGGCCTCAAGGGATTCCCATCCGCCACCAACAAACCTGGCGCGAGGGAGGCTGCCGTGGCTTGGGTCGATCGCCTCGGTCGTCTCTGGCTCTTCGGAGGTTCGGGCAAAGATGCCGCCGGAGTCCTGGGGCATTTGAACGAATTGTGGTGTTTCGACGGCGCTGCCTGGACCTGGGTTTCCGGAACGACCATAGCCAACGATCTGTCTGACTACGGAACGCTGGGCCTTGCATCGCCGTCCAACGCTCCGTGGGGCAGGGACATCACCAAAACCTGGGTCGATCCGCAGGGTGACGCCTGGTTTTTCGGGGGGTGTACCAATCACGGACTCCTGAGCGATCTCTGGAAATTCGACGGCGGCAACTGGACCTGGGTGTCCGGCAGCAATGTCTTCAACTCGGTCGGCATATATGGCAATGCTGCCACCGCGAGACCCGGGGCGAGATCCGGCTCCATTTTCTGGATGGACAGCAACGGTTGCCTCTGGCTCTACGGAGGCTTCGGTGTGGACGGCGGTTACAACGGGGAGATGAACGACCTCTGGAAGTTCGACGGTGTCGGCTGGAAACTCATTGCCGGCAATGGTACTTCAAACCAGTCCCCCGTGTATGGCACAAAAGGAAGTCCCTCGGCAGCTAACACTCCGGCCAGGATCTTCGGCTCGGCGTCATGGGTCGTCAACGGCACGGTTTGGGCCTTCGGCGGTTACGTCCCCGGTGGCATGACCAACGTGCTGTGGAAGTACGCGCCCTAGTCATTTCGTCGCACGTGCGGCGCGAGCGGGTGACAGAAACAGTCTCGAATAACTTCAGAATCCTATTACAATTGCGGCGCGAGAATTCTCCCGGGCGGACGCCGCGAAACGGGCGCGCCAAAAGGATCACGATCATGGGCATATTCGGCAAGATGTTCGGTAAAGACTCTGCGCAGGGCAGGGGGACTGCACCGGTCAAGGAGATCAACTTCATTACGGCGCTGTCGATGCACGTGCGCGGCGAGCTGGAGCCGGCGCTCTCCGCCTACGCCGGCATGGCGGAAAGGGACCCGAACGACTTCCTGGCCCTGTTTTTCGCCGCCGCCATCAAGGCCGAGACCGGCAAGCTGGAGGAGGCGGTGCAGGGACTGCGGGAAATGAGCGGCCGGATCTCGGAGTCTGGTGACAGCATCTCCCGGGTCGTCGTGTCCGAACTGGCAAACCTGCTCGCGGACGACTCCGCGACGGTGAAACGCCCTGCGGTCACCGAGCTGGTGGCCGCCTTCGGGGACCTGCTCAAGAAGGAAGGACAGATCCGCGAGGGCGCGGTTTGCTTTGAGGTAGCGGCCGGACTTGCCCCCGACAACGCTCACGTGTTGCACAAGCTGGGGGACACCCTGCACGACCTGCGCATTTACGACTATGCCGAGTCC
CP077684.1_gap38	1283500	1286005	2505	ATGAAATCCACCGACGTCTTCTTCCCCTGGGACGGGAGCAAGTGGGGCGGCATCACCATCGAGAACATCATCAAGAAGCTGCGCAGCAACAAGCCGAGCGGTGAGTGGACCCAGAGCGTCACCGGCTTCAAGCTCGCCTTCATCAGGCACCCGGAATTCGAGCTCTTCTCCAACAACAGCGTGCACTGGCAGGCCGGCGTCACCTGTGCGGATTGCCACATGCCGGCCACCGACGTCGCCGGGCAGAAGGTGTCAGACCACCGCATCATGAGCCCGCTCAAGAACGACCTGAAGGCGTGCAAGCAGTGTCATGACGACTCCCCCGAGCAGATGCGCGCGAAGATCTTCGCCATCCAGGACCGCGTCATGTCGCAGTTCATCCGCTCCGGCTACGCCACCGCCACGGATGCCAAGCTCTTCGAGATGGCCCACAAGGCACGGGCCTTCGGGAAAGAACTCGACCAGGGGCTCTACGCAAAGGCCAAGGACCATTACGAGGAGGCTTTCTACCGCGTGGTCTTCATCGGGGCAGAAAACTCGGTCGGCTTCCACAACCCGGACGAGGCGCAGCGGGTCCTGGGCGATGCCCTGAACCACGCCGCCGCTGCGGAACGGCTGCTGCGCGAGATGCTGACCAAGGCTGGGGTGGACGTGCCTGCCAAGGTCGACCTGGAGTTGGCGAAATACCTCAACAACCGCGGCGTGAAGAAACTGATGTTCAAGCCTGAGGACGAGATAAAGGACCCGCTGGCGGGCAAATAGCATTGCGATTCGGGGGGGCGGCGCCTGGGTGTGCCGCCCCCTTTTCCATTCGAACCGGAGGACATAATCTGATGAAACGACGCCTTTCCGTAGTGATGCGGAGAAAGGTTGCCATACGCAAGAGGCTGGCGCGGGTGTCGCGGAGGTGCCGTGCCCCTCTGCGCGGTACCCGCGCACCCATGACCCTCTACTACGCGGCCTGGAGCTTTCTGAGCGCGACGGCCGGGCTCCTTGCCATCAGCGAGGTGACCATCCTGCTGGGCCACCCTCTGCTGATCGGTTCTCTCGGTGCTTCTGCTGTGCTCCTGTTCGGGGCTACGGAGTCTCCCCTGGCGCAGCCGCGCAACCTGGTGGGGGGGCACCTCGTGTCCGCCCTGGTTGCGGTGGTCGTGGTCGCGCTCTTCGGCTCGACGCCGCTATCCATGGCGTTTGCCGTCGCCACCTCCATCTTCCTCATGAATCTGACCCACACCACGCATCCACCGGGGGGGGCGACCGCCCTGATCGGCGTGCAGGGGGGGGCGGGGCTTGGGTTCGTGCTGCTCCCGGTTCTGACCGGGACGCTCATTCTTCTCACGGTCGCCTGCTTCACCAACAACGTCGTCTATCACCGCTCGTATCCGCGCCATTGGCTGTGATGCAAGCAAAACCACTTCAAATTATTCGTCGTTTATGGTAGTAGGGGAATGCTTTTGTGTTTGACGGGAAACCGGCACCTGTATCTATTACCAAGTGAGAGGTTGCGCGTGATAGCTAAGATTGTGGTTCGTTATGCCGACGGCAAGGTCGTTAAGGGTACCACCGAGGACCTCGCCGCCAACAAGGGGCTGTTTCACCTGACCGAGGCGGACACGGGGAAGCGCTACGAGGTGAACGTCGAGCTTTTGAAGGCGATCTTCTTCGTGAAGAACTTCCAGGGAAATTCGGAGTACCAGGAACGGCTGGACGTGGAGAGGGTGGGGCTGGGTAAGAAAATCAAGGTTTCCTTCAAAGACGGCGAGACCCTGGTCGGCTACACCCAGGGGTTTTCGCCGGCGCGCGCGACCTTCATCGTTTTCCCCTGCGATCCTGAAAGCAACAACGAAAAGGTCTTCGTGGTAACTGCCGCGGCGGGCAAGGTGGAATTCGTATAGACGCCATGAGCACCGAAGCCACCTGCCCCTTCTGCCGGCCCGATCCTGGCAAGGTCCTGCTGGAAAACGAGCTTGCCTTCGCCTTCTACGACGGCTTCCCCGTCACCTTGGGGCACACCCTCGTGGTCCCCAAGCGGCACGTCGCCTCCTTCTTCGACATCAGCTCCGAGGAACAGGCTGCGCTCTTAGACCTGGTGGGGAAGGTCCGGGAACTGCTCCTGGAGCAGCACGCCCCCGACGCTTTCAACATAGGCATCAACGATGGGGTGGCGGCTGGGCAGACCGTGCTGCACCTGCACATCCACCTGATCCCCCGCTATGCCGGCGACACCGAGGACCCCCGCGGCGGGGTACGCTGGATCATGCCGGTCAAGGCACCCTACTGGAAAAGGGATGAGCGTTAGCCCGTCCCGGTGAGCTGCCGGTAGAACTCCTCCGGGTCGCTGGTCGGGCGGCGGCAGCTCCTGTTCTCGCACAGGTATGCCATCGCTCGGTCAGCTTCCGCATGCTTCCCTTCCAAAAGCGGGATTAACCTCGCCGCCTGTTCCAGTTCCTCTCCCTCGCACACCACCACCAGTACCCGGTTCGGGACGAACACCCGACGCAACCC
CP077684.1_gap39	1343204	1346272	3068	TACCCCCTTTCGACCTACGAAGGACGTACACCAAACTGTACCCCAATTCGGTAATTTTTTTGAGATTCAGTGTCGATCTCCAAAGAGCCAGGATGCCAATGAAGAAGGCTTTGCATAAAAAAGGCGCCAGGTTCTCACCTGGCGCCTGTAACAGTAGAGGTCGGGCGCCGAACTCCTCCTACACTCAGAACCTCCTACACTCAGAACCATCTGTTAACTGCGTTGCTAATCCTGCACCGGGAGCGCGGCGAGGACCATCTCTTCGTCCTCCTCCGTCTCCGGTTCCGCCCCGAGATCTCCTTCCCACTTCGCAACGACGGCGGTGGCGATACTGTTGCCGATCACGTTGGTCGCGGTACGCCCCATGTCGAGGAACTGGTCGATGCCCATGATGAGCAGCAGGCCCGCCTCCGGCAGGTTGAACATGGGAAGCGTCGCCGCAACCACCACCAGCGAGGCGCGCGCAACGCCGGCCATCCCCTTGCTGGTCAGCATCATCACGAGCAGGAGGGCGATCTGCTTGGAGATGGAAAGCTCGATGTTGTAGACCTGGGCGATGAAGATGACGGCAAAGGCCTGGTACATCATGGAGCCGTCCAGGTTGAAGGAGTAGCCGAGCGGCAGCACGAAGCCGGAGACCTTTTCCTTAACCCCGAAGCGCTCCAGGGATTCCAGGGTCTGCGGATACGCGGCCTCGCTGCTCGCGGTGGAGAAGGCGATCAGCATCGGCTCGCGGATCATCTTGAGCAGGGTCCAGGTGGAGTTACGCAGGAACAGGTAGCCGGCCCCGATCAGCACGGCCCAAAGGACAACCAGCCCGATGTAGAAGCTCCCGATGAACTTGCCGTAGGTGGTCAGCACGCCGAGCCCCTGGACGGTGATGCAGGAAGCCATGGCGGCGAAGACCCCGAGCGGAGCGAGGCGCATGACGTAGTCGGTCACCTTGAGCATGATGTGCACCAGTTCCTTCACGAAGGCGACCACGGTCTTGGTGGTGTCGTCCTTGAAGGAGGCGATGGCGAACCCGAAGAAAACGGAGAAGATCAGGATCTGCAGGATCGAGTTCTTCGCCATGGCATCGAGGAAGCTGGTCGGGAAGATGTTGGTGACGAAATCCTTGAAATTGAGGGCGGCGACGTTGAGGTTGGTGGCAGCGCCGGTTGCCGGGGCGGGGAGGGAGGTGCCGACGCCTGGCTGGAACAGGTTGACGAACACCATGCCCAGCACCAGGGAGATCACCGAGGCACAGAGGAACCAGGCCATGGCGCGCATCCCGATGCGACCGATCGCTTTGGAGTCGCCGTTGCCGGCGATGCCGGAGACGATGGTGCCAAAGACCAGCGGCGCGATGATCATCTTGATCAGGCGCAGAAAGACCGCCGATATGATGTCGAAATACCCTGCGATGGTTTTGGCCGCCTTGGCGTCAGGCGCTGAAACGTTGCAGAAGTAGCCGACGACGATTCCGAGAATCATCGCCACCAGGATGTAGAGGGTCAGTTTGTTCTTTTTCATGCCGCGTTCTCCTTCAAGTTGAATTGCATCGTGGTCCCCAATTTCACAGCTTCCCATAAAATAGTTTTCTACATCCTGCAGTACTTCGCAGATAGCAAGACAACTGCCAACATCGCGCTGAAACGGTAAGTTGCGGTAATTGCGCTACCTTTGAAGAGTGAAAGGGTGGCGGGGGAGGGGTAGGGGGGTATAACCTGCAGGCGGAAAAGCGGGCTCGTGAGGCAAATACTCGTGTGATTAACCTTGGTTGGGGCGTTTTTCGGGGAGGTTATAGAAGGGGGGCAGGTTATAGGGGTTTGCCAGGAGGGAAGGGACGCGGAGCCCCTCCCGGCCGCGGAGGCGGCGCGCGAGGGTAAAACTGCGTTGGGTGATGGTGATTACGGTGAAGAATCCCCAGTCTTTTTGAGGCGTTTACTCAGCGCGGGTTGGGAAACACCGATCAGCCGGCAGGCGATGGACTGGTTTCCCTCGGCCCGGCGCATTGCCTCGGCGACCAGGAGATCGCTTACCTCGTGCAGGGCGGGGAGCGGTTCGGTTGGGACGAAAACGCTGCGCTGCCCCTGCTCGTTGAGCCGCACCGGCCGGTTCAGGTCCATGCCGAGGACCCGTTTGAAGGTTTCAAGGGAAAGCATGTGCGCCTCGTGGCGGCTCATGGCGTCGTAGACCAGCGCCCGCAGCTCCCTGACGTTGCCCGGAAAGGAGTAGTTGGTCAGCAAAACCGGCAGCTCCTTCGGGACGGTCGGCTTCTTCTTCTTGAGTTCCCGGGCCGCCTCCTCGAGGAAGTGGTCGAAGAGGAGCGGGATGTCGTCCGGGCGCTCCCGCAGCGCCGGGATGTGGATGTGGTGACCGCACAGGCGGTAGTAGAAATCCTTGCGGAACTCGCCTGCCGCCTGCTTGGCGGCCAGGTCGTGATGGGTCGCCACGACCACCCGCGCGTTCATCCGTTTCGGCACGTCGCTGCCGAGAGAGAAATACTCCCCCTCCTGCAAAAGGCGCAGCAGTTTCACCTGCGACGTGATGGCCAGGTCCCCGATCTCGTCCAGGAACAGCGTCCCGTCCGCCGCACGCTCGATCATGCCGCTGCGGGGGAGTTCGGCCCCGGTGAAGGCGCCCCTGGTGTGGCCAAAGAGCGTGTCGCTGAAGATCTGGTCGTCCAGCCCCGCCACGTTGACCGAGACGAGCTGGCCGGGGCGCCGGCTCACCCTGTGGACCGCCCGCGCCACCAGCTCTTTGCCGACCCCGCTTTCACCGGTGATCAGGATCGGCTGGCTGCTGCCGGCCACCGCCTCGATGTAGCGGAAGATGGAGAGCATGGCCCGGTCCGCCGTGAGGATGTCGGAGAAGGCCTCGGCGTGCTCCAGCCGGTCGCTGAGGATGCGCGATTTCATCTCGCGGTTTTCCCGCTGCAGGTCGATCATCCGGACGGCGCGGTGGATCCCCTGGATCAGCCGCTCCTCCTCCACGGTCTTCACGAAGAAGTCGAAGGCCCCCTTCTGCATGCACTCAACGGCGACCGAAACCTGGTTCAGCCCGCTCAGCACGATGACCGGGAC
CP077684.1_gap40	1533554	1535815	2261	GGTCCAGTCGCACAACGCCACGATGGGGCTCAGATTCAAGTTCTGACGGGGAGTTGACACGGGGCGACCATGGACGATCTGAGTGCTCAGAACCAGGAACTGGAACGGCAAAACCAGCAGCTGCTCGACGCCTACGCCCAGCTGGACAGGGCACTGGCCCAGTACGCCGAACTCTACGACTTCGCCCCGGTAGGCTACCTGACCATCGGGGAGGGGCGGCGCATTGAAAAGGTCAACCTTACCTGTTGCGCCCTTTTGCAGCGGGACCGCGTGGTGCTGCTGGGGAAGGACTTTTTGGAGTTGGTGGTCAAGGAGGACCGCCCGGCCCTGCTCGATTACCTGGAGCGCCTTTGCTGTCGCAGGGACGGCGTCAATTGCGAGGTAAGGCTGCACAACGGAACGCCGGTGCTGCTTGAGTCGGCCGTATCCAAGGAACACCGCGAGTGCCGCATCGTCATGCTGGACGTGAGCCGGCAGAAGCAGGTCGAGGGGGCACTGCGTGAAAGCGAGAAACGTTTCAAGGCGCTGGTTGAGGTGACCTCGGACCTGGTGTGGGAGGTGGACGCCAATGGCGTCTATACCTATGTCAGTCCAAAGGTGTTCGACCTGCTCGGCTACACCCCCGAGGAGGTGGTTGGGAAGACCCCCTTCGACCTCATGCCGGCACACGAGGCAGACCGGCTGCTCATGATCTTCGGCGAACTCGCTGCCCGGCAGGAGCCGTTTGACAACCTCGAGAACGTCAACCTCCGCAAAGACGGCAAGGAGGTGCTCCTCGAGACCAGCGCCGTTCCCATCTTCGACGGGAACGGTGCCTTCGTCGGTTTCCGGGGGATAGACCGGGACATCACCCACCGGCCGGCTCCCAAACGGGAAGGTTAGGCTTTCATTTCGCCGCCGAACACAGGAAAAGGCCAAGTCCGCAAGACTTGGCCTTTTCTTTTGCGACGTCATGGCAGCGGGGGATGCTGCAATAGGGACGGGGCTCCCGCGAGATTATTTCGTTGTAATAAGCTTGTTGTATTGATATTTTGTGCTGACCGCCAGGGGCGGTTTCCTCTCAGTAGAGGCGGCGAAACGGCTACAAAGAAGCAAAACGATATCAAGATGCACAGTCAACGAGTCGATTAGTCAGTAATTGTTACGTCACGTTCAGGTTCGCCCTGCAGGACGCTGTTAACGGTGGTTAGTTATGCTCAGATTCGGTAACATCGCGGCGCCGCTGCTCACCTGCTTCGCCACACTGATAGCCACGCTTTATTGGGCGGAGCCGCAGGCTGTTTTGGAGCCGACGGCACTGCTGCCGGTTCTCAACACGGTCTTCCTCGCCTTCATCCCTTTCTTCATCGTATTCATCTCGACCAGGCTGTTCCTGGCCGTCGGACGCGTCCCCCTGCTCATGCTCGGTTGCGGCATGCTGGCCCTGGGGGCCGGGGGGGCTGTCTCGGGATGGTTCATAGGTCAGCCCAACGGACCCAACATAACGGTCACCATCTACAACAGCGCAGCCCTGCTGAGCGGTCTGCTCCTCTTTGCGGGCGCGCTGGCTCCGCTATTCGGTGCCAAGGACACTCCCGCCGGGCTCCGACTCCCCCTGCTCCTTATGAGCTACCTCGGCGTCGTCCTGGTCTCAGGCGGCATCGTGGCAGCCGCGGTTGCCGGGTTTGCCGCCCCCTTCATCGTCCAGGGAGCCGGCCCGACCCTGACCGGGAAGGCGGTGCTGGCCGCCACCATCCTGTTTTACGCGGCGACTGCCGCTTTGTCCCTGAAACGGTACCTGAAGCTGCAGTTGGAACTGTTGCGCTGGTACGCGACCGGCCTGGCGCTCTTCGCCACGGGGCTCACGGGTGTCCTGCTGCAGAAGTCGGTGGGGAGCCCCATGGGGTGGGCGGGGAGAACGGCGCAGTACACCGGCGGGATCTGCATACTGATCGGCGTCCTGAGCTTCTGGAAATCCATCGTCGACACCGGCCACTCCATAGCCGAGGCCTTCGGCGAGGTGTCACGCAGGCGCATCAGCGAGCTCGAGCAGATGAACGCCCAGCTGCAGCGGGTCATTGCCGAGCAGCAGTCGACCCAAAAGGCACTGCAGGAAAGCCGCATGCTGTTGGCGAACATCATAAGCGGCACCTCCGATGCCATCTTCGCCAAGGACCTGCTCGGGCGCTATACGCTGTTCAACGCCGCTGCCGAACGGGTCGTGGGAAAGAGCGCCGCGCAGGTGCTCGGCCAGGACGACAGCTTTCTCTTCTCGCCGGAGG
CP077684.1_gap41	1681757	1682452	695	CAGCCCAAGGTGACGGTACTGATGCCGGTCTACAACGGCGAACTCTTCCTGCGCGAGGCGATCGACAGCATCCTCGCGCAGAGCTTTGCGGAGTTCGAGCTGTTGGTGATCGACGACGGGTCCAGCGACGCCAGTGCTGCCATCGCCGCTTCCTATGCCGATTCGCGCCTCCGGCTTATTCAAAACGGCGCCAACCTCGGGCTGATCGAGACCTTGAACCGGGGCATCGAGCTTGCCCGTGGCGAGTACATCCTGCGCATGGACTGCGACGACGTGAGTCTTCCCGAGCGTCTGCGAAAGCAGGTCGACTTCATGGATCATTTTCCCGAGGTGGGTGTCTGCGGAGTGTGGTATCTGGAGTTCGGTCCGAAGCTGCGCCGGATCACCCGCTGTGCAGCCGACCACGAGAGCATCAGGTGCGGCACGCTCTTCAACCCCGTGGTGGGGCACCCCTCCGTGATCCTGCGCCGGAAGCTATTGCTGGAGCACGGCCTGCGTTACGACCCGGCCTACCGCCACGCCGAAGACTACCAGCTCTGGTCGCAGGCCATGGAGCACTGCTGTTTTGCCAACATCCCCGAGGTGCTGTTGCACTACCGGGTACACCCGGGCCAGGTGACAGCACAACATGCCCGGCAGCAGATGGAGTCCGCGGGGAGGGTGCGGCTGCGCCTGATCCGGGAGCTGGGTCTCGA
CP077684.1_gap42	1696966	1698198	1232	GCGATGACGAGACACATCGCGCAGATCAGGCACAACTGCCCCGAAGGGGTGCTCACCTGCCGCAGGAGGCAGCGCCAGGCCTTGTTGCACTGGGCCTACGACAGCAGGAATTTCTGAACTGTCCCTCTCCCCTACACCACCTTTCCCTCCTTCACGTACTCCCTCAAAATCGCCTGCTCCAGCCGCTTCGGCTCCAGCCGCCGCGTCTTGTCCGCCAGCACCTCCAGCACACAGTAATGGATCACGTTCATGATCCCCGCCCCTGACAACTCGTAGCGGGCGGCGATCTGGCGCCAGTCGATCTCCTGGGAGATCTCGACCTGGGGGGGAAAGGCGTTGCACCAGATCCGGTAACGCTCCTCAGGGCGCGGCATGGGGAAGTGGATGATGGCCTGGAAGCGCCGCGCGAAAGCCGGATCGAGATGGTTGCGCTGGTTGGTCGCCAGTATCACCAGGCCGCGGTACTGCTCGATGCGCTGCAGCAGGTAGGAGACCTCCTGGTTCGCGTACCTGTCGTGCGCGTCGCGCACGTCGGTCCTCTTGCCGAAGAGCGCGTCGGCCTCGTCGAAGAAGAGGATCCACTCCTTGAACTCGGCCTTCTCGAAAAGCAGCGCCAGGTTCTTCTCGGTCTCCCCGATGTACTTGGAGATGACCCGCGATAGGTCGACGCGGAAGACGTCCCTGCAGGTGTATTTCCCCAGCAGGGTTGCGGTCAGGGTCTTGCCGGTGCCGGGCGGCCCGTGGAAGAGCGCCCGGTAGCCGTGCTGAAGTTTTCTCCCCATCCCCCATTCCTCGATCAGGGTCCGGTTGTGGTTGATCCAATTCTCTATTTCGCGTATCTGGCGCAGGGTCTCGGGATGCAGCACCAGGTCTTCCCACTCAAGCTCCGTTTCAATGGCCTGCGCAGGGAACTCGGCGCTAAAGCGGGGCCTGCCCACGGTCCCGAGGGTGACCCATTCCACCAGCTCGGGGTCGATGCAGAGCCGTCCGCTCATCACCGGTTCACCCGGACGCACCGGTTCCAGCCAGAGTATCCGCTTCTTCGCGAACCAGTGATCGCTTGTGAAGAAACGCTGCACCTCGATCCTCTTTCTCACGTCGTGCCCGGCCAGGATGTACTGCGCGGTCTCGCCGGTTGGGAGGATGGAACGCTGGTCCGCTCCGGTCACGCCGCCGAATTCGGGGAGTTCACCCCCTTCCGGGAGCAGTTTCCCCAGGATCTTGTTGAAGAA
CP077684.1_gap43	1702353	1703048	695	GCGTTCCACCCGGTCTTTCTTTGGTTGCACTCTTTCTTCCTGGCGCGCGAGCCTCTCTTCCCCCGTCCCTGCCGGTTCTCCTGCCTGCTGCCGGTTCAACCGCTCGTCCGGACTCTCCGCCCTGGCCAGCCGCCCTTCGCCGGCCCGCTGCAGCTCTTCCCGCCCCCCGCCCGGGGCGGCCATGCGCATGACCCGATCCGCGCTCCGGTCCGCCTCCTGCTCCATCTTGTCGCCCGGCTTGCTGACCGTGAGCTTCCTTTGCAGCGTCGGAGCGATGAAGGGCTGCCTCGACAACTGCGCCGCGCCGGTCGAACTGGAGGAAGATTTTTCCGCGCACGATTTCATCGCCGCTCTCCTAGTTCCACTCCACCCACAAAAGCCTCGGCATCCAGGGCAGCTTCACCATCGAGATGCTGTACGGGAGCTGGTCCAGCAGTATGTCGTAGCTGTTCTTCTCCACCTGCAGCAGCCACTCGTCGTTGCCGCGCAGGGCGAGCTTGGCCGGTCGCATCAGGAACGAGCCGCGCAGGCCGTCCGCCGAACTGTTGCGCAGGGCTCCCCAGTGTGCGAGCAGGGCCGCGAGCAGTGAGTCGCACATCTCGACATCCCGTTCGGTTAGCCCGGCGTTGCGCGCCAGCGTGGCATGGAGCGGTATGTTGCACAGCACCTTGGCGAGCGCCAGCCTGTACTCGGGC
CP077684.1_gap44	1774741	1778317	3576	GGCCCGCGGCGCCAAAGGAGCGGTCAGGACGGCGACGGTGCTGGAACAGTTGTGCGACCAGGTCCTCGAGCAGCAGCGGCCGGTCCTTTTGGAGCGGCTGGTCCTTGAGACGCTCTGGCTGAAGGCTGCAGCGGGGGAGGCGCCCATCCCCTGGCAGCGGATGTACCACGTGGCGCGGGCGGTAGCCGATCAAAACATAGCATTGAAGGAGATTCCGTTGGCAGTATCGATAGCACGTCAGAGTTTCACCGCGTACCGCAGGCACGAGCAAAACGTCAGGCCGGGGAGTGACAGCTAGTTCATGGAGATTTCACCGGTTCTTTTCCCCGTCCTGTTCCTTACCGGCGCAGTCGCCGGCCTTATCGACGCCATCGCCGGCGGTGGCGGCCTCATCACCATACCGGTCCTGCTCGGCCTCGGCCTGCCGCCTCAGGCTGCGCTGGGCACCAACAAGCTCCAGGCCAGTTTCGGCTCCTGCAGCGCCATGGCCCACTTCGTCAAGGCGGGGACCGTCAACCTGCGCGACGCGCTCCCCGGCGTCATCTGGACCACCATAGGCGCCATCCTCGGCTCGTACACGGTACAGCAGATCGACCCGGGCTTTTTGAAGAAGTGCATCCCGTTTCTGTTGCTCGCCATCCTCTGCTACACCATCTTCACCCCGAGGCTCGGCGCCGAGGAGGTGCACCCGCGCCTCCCCCGCAGGCTCTTCTACGCGGTTGCGGGACTGGGGCTCGGCTTCTACGACGGCTTTCTCGGACCGGGGACCGGTTCGTTCTGGGTGATCGCCATCATGCTCGGGCTGGGCTTCGACATGCGCAAGGGGACCGGCTACACCAAGCTCTTCAATTTCGTGAGCAACATCGTCTCGCTGGTGGTGTTCGTGGCAGGGGGGCACGTGCTGCTCTGGGCGGGGCTGCTGATGGGGGCGGGGCAGGCGGTCGGCGCACGGGTCGGGGCCAGGCTGGTAATCCACAAGGGGACCCGCTTCGTGCGGCCGGTGTTCATCTGCTCGGTGCTGGCGGTGACGGCGAAGCTGTTCTGGGACAGCTACCGGTAGGGATCAGATCTCCCGCAGGTTGCCGGCTTCGGTCTCGGCGCCGAGGTCGCGGGCGTTCAACTCCTGCTCCAGGTGGGTCAAAAGCTCTGTCACCTGCTGCACATAAACCTGCGGCACGCTCTCCAAAAGGCGCAGGGCGTTGTCCAGCCGCTTGGCGGCGGAAACGGCGGCCTTCAGCGGCACCAGCGGGTTGGGCTCTTCCCTCAGCGCGGCCACTTCCTTGAACTTCTTCAGCACGGTGGGGTGACTCTTCTCCTCTTCCACCACACGCTTTCTCAAGTCGCCGTACTCCTCGGCGGAAAATCCCTTCTCTTCCTTGGCCTGGCGCAAAAGGTCGATGGACCGGAAGTCGGGGAGGGGGCGCAACTCCTCGCGCCGGTCCAACAGCTGCGGCTCTTCCTTCTCCATGAAGCGGTAGGCCATGGTGAGCTTCTCGGCGGTGCCCCGCTTTATGCGTATCTCCTGCACGCAGTACTCCTCAAAGGTCCCGTAGCCCCACTCGCGGAACCGTCCCCTCTTGCTTACGTCCAGCAGCTTCTCGCCAAGCTCCACCCAGGACGACTTGAACCTCTTCGCCTTGTCCAATACCTCGTACCGGTCCGTGCCCGGCTCCAGGTGCTGCATGATGGACTCGATGTGCCGCTCGCTGCTCGACTTCGGTGTTTCCTGCATCGCTACCTCCATTGCCCGGCACTTCGCGTCGCCGGAACAGTGAGCGAAATTATCAGAATCCGTCCGGTTTTTGAAGTTTTTTATCTTGGCTATCGCTTTGAATCGGGTTAAACTTTGCGAGCCTCACAACCGGCACGACAAGGAGCTCACTATGGAACAGCGTCTGACTGACATGGAGATGCTGATCATGCACCAGGGTCACATCATCGACCAACTGAACGAGGTGGTCACCGGGCAGCAGGCCGTCATCGACCAGCTCACCAAGGAACTGAGGGCCATCAAGGAACACCTGCGCGGCCTGAGCGCTTCCGAGAACAGGCTCCCCTCCGAAGAAGAGCCTCCGCCCCATTACTAACCCCGGAACAGGAAACACATGAAGAAAGTTGCCCTCGGCTGCACCGGCCTCAGCATCAATCCCCTCGTTTTCGGCACCCTTCCGCTTGGTCCCCTGCAGGCCTCCCTCTCTCCCGAGGAAGGGGGACGCCTGATCCGCTACGCGCTGGAGCGCGGCGTGAACCTCCTGGACACGGCCGAGCTCTACCAGACCTACCCGCACATCCGCGCCGCACTGGCAGGCTTCACGGGCGAGGTTCACATCGCCACCAAGACCCACGCCAATACGGCGCAGGCGGCCCGCGGGCATGTTGAGCGGGCGCTGACCGAGCTCGCAGTGGAGCGGCTGGACATCGTGCACCTGCACGGCGCCCGGGTTGCGGATCCCTTCGTGGAGCGCCCGGAGGTGATCGAGGTACTGCTCAGGATGAAGGAGGAGGGGAAGATCGCCCACGTAGGGCTCTCCTCGCACTTCGTCAGCGCCATGCGGAAGTCGGTGCTGCACCCCGAGATCGAGGTGGTGCACCCGCTCATCAACCGGACCGGCATGGGGATCATCGACGGCTCCCAGGAAGAGATGGCCGCCGCCATCGCGGCCTGCGCCGCGGCCGGCAAGGGGGTCTACGCCATGAAGGCCCTGGCCGGCGGGAACCTCATCTCCACTGCCCGCGAGAGCCTACGCTACGTGCTGGGGCTCGCCGGGGTGCACGGCATCGCGCTGGGCATGCTCGCGGAGGCCGAGATCGACGGCAATCTGGCGCTCTTCCAGGAGGGGCGCGCCGACGAGGCGCTCTGGAATACCCTGGAGGGGAGGCGCCGCAAGCTCACCATCATGGAGGCCTTCTGCAAGGGGTGCGGCGCCTGCGTCCCCGCCTGCACCAACAACGCGCTCTCCCTGGTGGATGGCAGGGCCAAGGTGGACGACGACGAGTGCATCCTGTGCGGCTACTGCGGGGCGGCTTGCCCGGAATTCATGATCAGGGTTGTGTAGTCCAGTGGCGGACCCGGCGGACCAGGCGGGTCAGGTGGGAAGTGCAGGCAAGGGGTGGTGGGGTGGCGGATAGAGCTATGACTGAGGGCATTGTCTTTAACTTGCAACGGTACTCTCTGCACGACGGACCGGGCATCCGTACCACGGTCTTTCTGAAGGGGTGCCCTGCGCGCTGCTGGTGGTGCCATAACCCGGAAAGCCAAACTCACACCCCGGAAACAGCCTGGTCCCAAAACCGCTGCATCTCCTGCGACGCCTGCCTGTTGGCCTGCCATGAAGGGCTCAAGCCGCGGGATGCCTGCCGCACCTGCGGCGCCTGCGCCGAGGCCTGTCCGACCGGCGCTCGCGAACTGCTCGGAAAGGAAACCACCGCCGACGAGGTGCTGCAAAGCATCCTGAAGGACCGCATGTTCTTCGAGGACTCCGGCGGCGGGGTCACCTTCTCCGGCGGCGAACCGCTCTGCCAGCCCGCCTTTCTCAAGGAACTCCTGCTCGCCTGCCGCGCCCAGGGGATCCATAC
CP077684.1_gap45	1925106	1926163	1057	GAAAGGTTTCGCAGCTATCGCGGCCGCAGCCAAAGCAAAATTTTAATACATACCGCGGGCATGAAAAGAAATGGGATAGCGATGTCCCATTTCTTTTTTTTTCCGCAATAGGGCGATTGCAATGAAGGATAAACTGGAAGCACTTTTACAAGAGGCTCTCTCCGAGCTTGGCCAGGCCTCCACGGAAGAGGGGCTGCAGGAACTGCGGGTCAAGTACCTGGGCAAGAAGGGAGCGGTCACCGGCGTCATGAAGGGGCTTGGCGCCCTTTCTCCGGAGGAGCGTCCCCTGGTGGGCCAGGTGGTGAACACGGTCAAGGCGAAACTCGAGGAGACCCTGGACGCGCGCGGCGCCGAGATCCGCGCCGCCGTCAAGGCTCAGCGGCTCGCCGCCGAGAAGATCGACGTCACGCTCCCCGGCCGCAAACGCCCCCTTGGCTCCAAGCACCCGATCACCCTGGTGACCGAAGAGATCTGCTCCATATTCGCAGCGCTTGGCTTCGCCGTCGCCGAAGGTCCCGAGATCGAGCTCGACTTCTACAACTTCGAGGCGCTGAACCTCCCCAAGGACCATCCCGCTCGCGACATGCAGGACACCTTCTACTTCGGCGAGAGCGTCCTCTTGAGGACCCATACCTCTCCGGTGCAGATTCGCACCATGCTGAAGCAGCCGCCGCCGGTGCGCATCATCGCCCCCGGCACCGTGTACCGCTGTGACTCCGACGCCACCCACTCCCCGATGTTCCACCAGATCGAGGGACTCATGGTGGACAAAGGGATCACCTTCGGCGACCTGAAGGGGATCCTGACCCTCTTCATCAGCCAGCTCTTCGGCAAGGACATCGGCGTCAGGCTGCGTCCTTCCTTCTTTCCCTTCACCGAGCCGTCCGCCGAGGTGGACATCGCCTGCGTCATCTGCCGCGGCAAGGGGTGCCGGGTCTGCAAGGAGACCGGCTGGCTCGAGATCCTCGGTTCCGGCATGGTCGATCCCGAGGTGTACCGTCACGTCGGCTACGACTCGGAAAAGTACACCGGGTTCGCCTTCGGCATGGGGATCGAG
CP077684.1_gap46	1950872	1955170	4298	CCAGGACGTCGTGGTAGCCCGCGTTGTTGAGGCAGGCGCGGCACCCCTCAAGGATCAGCACCTCGTCGTCGACCAGCAATATCCGTTGCGAATGCTTGTTTGTCACTTGCACTGCTGAGACCTCCCGCTGACTGTGAGAAACTCCCTGCTCCGCCGTCACTAGGACTGCGGCCCGGGGAGGGTGAAGTAGAAGCACGCCCCGCCGTCGACCTTGCCCTCGGCCCAGACGCGACCGCCGTGGCGCTGTATGATGCGCTGGACCGTTGCGAGTCCCACACCGAAGCCGGCGAATTCACGTTGGGAATGGAGACGCTGGAACGGACTGAAGAGCTTGGCCGCCTGGGCCATGTCGAAACCCGCGCCGTTGTCGCGCACAAGGTACACCGTTTCCCCGGCCTGTTCCGTCCGGCGAAATTCTACCAGGGACCGCTCCCGCTTGCCGGAATACTTGCAGGCGTTGGAGAAGAGGTTCTCCAGCACCACCTTCAACAGGTTCGGGTCGCCGAAGCCGTTCAGGTCCGGCTCGATGGTGAAAGAGAGCTTGCGACCGGGGGCGGCGAGCTGCTGCGACGCAGCTATCAAGGTGGCCATCTCGGTGAGGTTCACCGGGGACTTGACCATCTCCGCGCGGGAGACCCGGGAGAACTCCAGGAGGGTCTTGATCAGCTGGTTCATGCTGATGGTCTCGTTGAAGATGGTGTCGATGAAATCCTTGCACCCCTGTTCCAGTGTCTCTCCGTAGAGCTCAAGGATCACCTGGCAGTAGCCGTTGATGTTGGTAAGAGGCGTGCGCAGGTCGTGGGAGACCGTGTAGCTGAACCCTTCCAGGTCGCGGTTGGCGATCTCGAGCTCCTCGGCCCGCGCGGTGAGGGTCCGGTTTAACTGCTCGATCTCACGCTCGTTTTGCACCCGTTCGGTGATGTCCTCCTGGACTGCGACGAAGTTGGCGATGGCTCCGGCTTCGTCCAGGACCGGCGTGATCGAGCTTGACTGGTAGAGCGGGAGGCCGTCTTTGCCCACCCCCTCCACTTCGCCGTGCCAGGCGCCGTCGGCCGACACGCGGCCCCAGGCCTCCTCTCCGCCAGGGAGCAGCGTGGCCAAGGGACTCCCCAGCACTTCGGACTCCGCCCTGCCGGTCAGTTCCGTGAATTTCGGGTTCACGTACTCCACTATCCCCTGGGGGTCGGTGATCACGATGGAGCTTGGGCTCTGCTGCACGGCGCGCGACAGTTTCCGTACGAAGGCCTGCTGGGCCTGCAGCTCCCGCTCCAGTGAGAGGGTGTTGAGGCAGGCGTCGATCGCGGCGAAAAGCTTGCCGCTGTCGATCGGCTTCAGGACGTAGCGCGCGATGCCGAGCTCGATCGATTCCAGCAGGTACTGCATGTCGCTGTGCGCGCTGGTGACGATGACCGGCAGGGACGGCTTCCGTTCCAAAAGCCGCCTCGCCATCTCTATGCCGCTCATCACGGGCATCTTGATGTCGGTGACCACAAGGTCGGGCGCGTAGGTGCCGTAGAGTTCCATCGCCTCCCCGCCGTTTCGGGCGGAGTGAAGGACCAGCCCGGGGAAGCGGCGCCCCAGCAGGGTGAGCACCGTCTGCCTGGTGATCTCGTCGTCCTCGACGTAGAGAAGGGTGAATCCGGTACCCGGGGGGGGAGTTGCTGCCATGGTCAGACCTCTATCCTGAATTCGGCGCCTTCGCCGATGTTGCATACGGTCAACGAGCCGTTCATGCTTTTTTCCACGATGTTCTTGGCCATGAACAGGCCGATCCCGGTCCCTTTCCCCTGTTCCTTGGTGGTGAAGTAGGGTTCGAAGATGCGGCCGATGATGTCGTCGGGAATCCCACCCGCGTTGTCCGCGATGGTGACCACGGCCCTATCCTCATGGCTGGAGAGGGTGACCTTCAGCCGGGGAGAGCGGACCTTCTTCTCGGAGAAGGCGTCCATGGCGTTGTTCATGATGTTCAAAAGGACCTGGGAAAACTCGTTGGGGTGCCCCACCACGGAGGGGACCTCGCCGGCGTCCAACTCGATGGTGATCCCCTTGTCGTTGAGACTGCCGTCGATCAGCGCAAGGGTGCGTCGCAGCACCTTTTCCAGGTGAAACTCGCTCTTTTCCTTGTCGGGGGTGAAGAAGTTCCTGAAGTCGTCGATGGTCTGCGACATGTGCCGGACCATCTGCATGATCTTGCCGGTGCTGGACTCGAGGTACTCCCTGCTGAAGTTGCCGTACTCGTAGGAGAGGGTGAGGTCCTGGACCAGGAGTCCGACCGCGTTCAGCGGCTGGCGCCACTGGTGCGCGATGTTGCCGATCATCTCTCCCATGGCCGCCTGGCGGCTTTGCTGCATGAGCACCTCGTCCTTCTTGCGCAGCTCTTCCAGCGCCTGCAGGCGCTCGGCGGTCTCCTGGGTGAGTGCCGCGGTCCGCTCCAGCACCCGTTTTTCCAGCTCGCGGTTCAGGTTGGAGAGGAGCGCCTGCGCCCCGAGGAGCTCCTGGTTCTTTTCCGCGGCCATCTCGTAGGTCGCCAGCAGCAGTTCCAGGGTGTGTGCGCAGTCGGCGTGGACCCGGTACTGACGGCCGCGGTATCCGACCGAGATCTCCCCCTCGACCTCGCCCTGGCGGCAAAGACGCACCCCTTCCAGCACCGCCCGGATGCGCGAGAGGAGGAGCTTCTGGCTGTAGGGCTTGGAGACGAAGTAGTCCGCCCCCACCTCGAGGCTGTGCAGCACGTCGGACGGGTCGTTCAGGTGGGTGAGCAGGATGATGGGCATCTGCGCACCATGCGGCAGCTGCCTGACCTGCCGGCAGAGCTCGAAGCCGTCCATCTCCGGCATCAGGATGTCGCTGATGACCAGGTCGGGGGGGACAGATGCGATGATTTGCAGGGCCTCGCTGCCGTTTCGGGCGCTGGAGACCCGGTATCCCTGTTCGGCCAGCATCTGCTCCAAAAGCTTCGCCTGGGTCGGACTGTCGTCGACGATCAATATGCGGTGCTGCCGGGCGGCAGCGCTGTTTTCGGTACCAATCACGTTTTTCCCCTCAACTTGAGACGGCGCTTGCGCCCTTGCTGGTCACCCTGTGCAACAGTTCGATGATCCCCCCCGGCGGCAGCACGTGCTGGGCCGCGTCGATCTCTATCGCCTCTCCGGGCATGCCGAAGACCATGGAACTTTCCCGATCCTGGGCCACCGTGATGCCGCCGCGCCCCCGGATCGCCTTCAGTTCCAGGGCCCCGTCCTTTCCCATGCCGGTGAGGAGCACTCCCATGGCCTGCCGGCCGTAACAGTGCGCCACCGAGCGAAAGAGCGCCGAGACCGAGGGGCGCACGCCGTGCTCCGGCGCGGCATCGGTCAGCAGGATCCTCCCGGACCGGGTGACCTCCATGTGAAAGTGGTCCGGCGCCACGTAGACCTGCCCGGGGATGAGCTGCGCCCCGTCGGTTCCGAGCTGCACCGGGAGTTTGGAGCTGCGGTTCAGCCAGTGCACGAAATTCTCCGTGAACCCCACGGCCATGTGCTGCACCACGAGGACCGCGGCGGGGAACCGTTCGGGGAGCTCGGCGAGGATCTGGCGCAGCAGGGGCGGCCCTCCGGTAGAGGCCCCGATCGCCACCACCTTGACCGGCTGCACCGGGGGGAGGGGGACCGGGCGCTCGGTACGGGGGATCGTCTTGCCGCTCGGGAAGATGCGGCGCACCACCTTGATCTCGGCCATCAGCTTCAGGTGGTGGATCAGGTAGTCCACCGAGGCCTGGTACCCCGGGCTCCCCACCGGATCCGGCTTGGAGAGGACCATGAGGGCGCCGGCCTCCATGACCCGGAACAGGGTGGCGGAATCCTTGGGATTCATCTTCCCGGTGACGATGACGATGGGGACCGGGCAACTGGACATGATGGCGCGGGTGGCGTCGAAGCCGTCCATGCCGGGAAGGTTGATGTCCATGGTGATCAGGTCGGGCTTGAGCGTCCTGGCTGCCTCGACCGCCTCCTCGCCGGTTTCGGCGGTGCCGATCACCTTGAACTCGGGGTCGGCCTCGAAGGCAGCCACCAGCGCGCGCTGCACCGTTTTTGAATCCTCTACCACCAACAGTCTGATCACGCCGGTCCCTCGTCAGCTAAGTTTTTGAATTACCTCGATGAGGTTTCCCTGGTCGAAGCTGCTCTTCACCAGGTAGGCGCTGGCGCCCGCGTCGATGCCGCGCTCGCGGTCGCTGCGCGATTCCAGTCCCGTCACGAGGATCACCGGCAACGTGGAGAGCCTGCCGTCTGCGCGGATCGCCTCGGTGAGCTGGAAGC
CP077684.1_gap47	2049011	2049959	948	CGCGTAGGTGGCCGGAGCAATCGGTGCGCCCATGATGAGCCGTTGCTGCTGTTCGAGGAGTGTCTGGAAGGTCTTCGCTGCGGCTTCCTGCCCTTCGAGGAAGCGGCGGTGCAGCAGCGCGGTATCCTCCTGCATTTTCTGCAGAACAGCCATTCCTTCACGGGCCAGGCGCAGAGACTCGTTCAACGCACCATGAGAGGCCGGCTGAGCGACAGGCTGCGGCTGATAGGCAGGCGCTACGGGTGCGGCGTTCTGGTAGCCGGCTTGCTGCGGTACGACGGCTGCGGCTTGAGCCGGAGCAGCGGATGCTGCTGCCGTAGCGACCGGAGCCTGCGGTGCCGCCACCATGACGGGTTTCGGCTGGACCGGCGGCTTCTTCGGCTTGGCTTTCACGTAGTTGGCGCCGCACAGCGGGATGGTCAGCGCGGGCTTCTTGCCGGTCGGTGCCGGGGCGGGGGTATGCCCCTCGTCCCAGAGCGCCATGTTCACGCCGTAGCCGAGCACGGCAAGCTGCGCCAGGGTGCGGGCCAGGTCGGCGACCCCGCCACGCTTGCCGGAGGAGGCATCGAGGGCGAAGGCCGCGTGGGGACGATTGCCGAGGATGGCCTGCGCGAGGCCCGTCAGCCGGTTGCCCGGGCCCACTTCGACGAAGTTGGTGATCCCGGCGGCGTACATCGCCTCGATCTCGGCGACGAACTCGACCGGCTTGGCGAGTTGGGCGGCAAGCTGTGCCTTGGCAGCGGTCGCGTCGGCCGGGTAGACGGCGGCGGTGGTGTTGGCGTAGACCGGGATCTTTGCCTGCGGCATGTCGATCTTTTCCAGCGCGGCCAGGAACGGCCTGGCGGCGTCGGCGACCAGCGCGCTATGGAAGGCGGCGGCAACCGGCAACTCCTTGCAGGTAAGGTCGAGTCCTTTGAAGACGGTCACGGCGCGCTTGATCTCGGCGCT
CP077684.1_gap48	2067557	2071281	3724	GACCGACATCAACATGCCGGTCATGGACGGGATCCGGATGTCCCGCGAGATAAAGGCCATCAACCCCGAGGTAAGCATCATCGCCGTCACCGCACACAGCGACACCTCCTACCTTTTGAGCGCCATCGAGATCGGCGTGCACCACTACGTCCTCAAGCCACTCAATTACCAGGAACTCTTCACGGTGCTCGACAAGGTACTCGAGCAGATCGAGCTTAAGCGGCTGGTGAGCGCACAGCACCGGCGCCTCGCCCAAAGCGAGTGTCAGCTCGCCGCGGCCCAGCGCATAGCTCATTTGGGGAGCTGGCAGCGGGGCATCGACGCGGAGAACATGGACTGGTCCGACGAGATGTACCGCATCTGCGGGCTGGCGCCCGGCGCCATCCCCCCCTCCTACCACTCGTTTCTGGAACGCTTCCACCCGGACGACCGCGAAGAGGTGGCGAGTTCGATGCAGAGCGCACTCTCCCCTGATCACCAGCCGGAGCACAAATTCGTCCGGGTGCTGCGGCCGGAGGGGGACGTGCGGATCGTGCGGATTGACGTCGAAGGGGTCCGGGAGACCGGAGGCGCAAGCGGTGTGATCGGCACCTGCCATGACGTGACGGAGCTTAAACATGCCGAACAGCAGGTCCGTTTGCTGACCGAGGAACTGGAACGGCGCGTGTTGCAACGGACCTCACTGCTGCAGGCCACGGTGAGCGAGCTCGAGAACTTCAGCTACTTCGTTTCCCACGATCTCAGGGCGCCGGTGGCGCGCCTGGAAGGGTTCTGTACCGCCCTCGTCGAGGATTGCGGGGTCTGCGGCCATGCCAACTGCCGCCAGTACGCGGAACGATCGGCCAGCGTTGTGCAGCAGATCAAGCAGATCATGGACGCCTTTAACAGCCTGACCCACCTGGCGCGCTGCACCCTTACCATACGGGACACCGACCTGAGCGCGCTCGCCCGCGGCATCGCCCGCTCTCTCGCCGCTGGCGAGCCCCAGCGCAAGGTGGAGTTCGTAATCGCGGAAGGGGCCCGGGTGAAGGGTGACCCGGAACTCCTGGAAAAAGCCTTGGGACAACTCCTTGGAAACGCCTGGAAGTTCACCTCGAAGAAGGAGCGGGGACGCATCGAATTCGGCTGGACGGACCAGCAAGGCGTGCGGGCCTACTTCGTGCGCGACAACGGCGCCGGGTTCAACATGAAGTACGCGCAAAAACTGTTCAAGCCCTTCCAGACCATCCACACTCCCGGGGAGTTCGGCTGGGGGGGGACCGGGATCGGGCTTGCCACCGCGCACAGCATCGTGCTCAGGCACGGGGGACGCATGTGGGCGGAAGGGGAGGTGGGGCAGGGGGCCAGCTTCTATTTCACCCTGGAGCCGAACCCGGAATCGGGCAGCTACCTCAAGGAGGCATAGGCCCTTGCGAGGCGTCATGACGCGAAAACCAGGGGAGATCCAGGCAGCCGACAAGGAAGACGCCATGGCGCATCTGGCGGCCATCGTCGACTCCTCGAACGACGCCATCTTCAGCAAAACCCCCGACGGGATCATCACCAGTTGGAACCACGCGGCGGAAAGCCTCTACGGCTACAGCGCCGAGGAGACCGTGGGGCGCAGCATCAAGATGCTGGTACCCCAGGACCGCCTCGACGAGCTGGACCAGATCACCGCGAGGGTGCTGCTGGGCGAGAAGATCCGAAACCTCGAGACGGTACGCCTGGCCAAGGGGGGACGCGAGGTCCAGGTCTCCCTCACCCTTTCTCCCATCTTCGACCCGCAAGGGGGACTCACCGGCATATCGATCATCGCCCGGGAAAACGCGGAACGGATCCAGAAGGAGCGGCTGCTGCGCGAGAGCGAGCTCTACTATCGAGCCCTGGTCGAGATGGCGCCGGACGCTGTCCTGGTGCACCGGGACGGCTCCTTCCTCTACGCGAACTGCGCCGCACTCGGGACCTACGGCGCGCGCAACCTGGCGCAGCTGCAAAAACACACCATCCTGGAGCTTGTGCACCCGGAAGACCGCGAAGCGATGCGGAACAGCATCGAGGCCGTCATGGGTGGGAACGAAGGCACCACGCTCGAGTTCAGGCTGCTGCGGCTTGACGGCGGCGAGCTCTTCCTGGAAAGTTCCTCGACCCGGATCGACTACCAGGGGAGCCCGGCCATCCAGGTCATCGCCCGCGACGTCTCACAGCGCAAGGAAGCCGAGGCCGAGCGCGATGCCATGCTGAAGGAACTCGCCTTCCAGCAGGAACGGTTCGAGGCGGTGGTCGAGCAACTGCCCGTAGGCGTGATCATCGCCGAGGCCCCTTCCGGGAAGGTGGTCTACCACAACGAACTTACCCGCGCCATCTTTCGGGAGGACGTGGGGGAGGTGGTCAGCACCGCGGACCACCGTCGCTGGAAGATGTACACCCTGGACGGGGCGCCGCTGCCCGCTGAGAGGTACCCGTTGATACGCGCCATACAGCATGGCGAGACGGTGCTCGCCGAAGAGTACCAGATCACCAGGGGGGACGGCACCCGCGGCTTTATCAACGTCAACGCCACCCCTTTACTCGACATCTCCGGCAACATCATCTCGGGGCTTGCCGCGTTCACCGACATCACCGAGAGCAGGAGCGCCGCCAAGGCCCTCCTGGAGAGCGAGGAGCGCCTGAAGCTGGCCCTGGACGCGGCCGAGATGGGCTCCTGCGACATGGATGTCGCCAGCGGGAAAGGGATCTGGTCGCGGCGCCACTACCTGCTGCTGGGGTACCCTGCGCCGCAGGAGGAGACCGGGGAAGCGACTTTGTCCATGTGGCAGGACCTGATCATTCCCGCCGACAAGGGCCAGGTGCTCTCGGAACTCGACCGCGCCCGACGCGAACACGACCTGTTCTACTCCGAGCACCGCATCACCCGGGCGGACAACGAAGCGGTGCTGTGGGTCAACGTGCTGGGGCGGTTTTGGTGCGACGAAGCCTCCTGCCGTTTCATCGGGGTCATCTTCGACGTAACCGCACGCAAGTCGATCGAGCAGGAGTTGCGCCTGTCCGTCCAGCGCATCCGCAACCTGGCCGATTCGATGCCTCAGATCGTCTGGACCGCCAACCCGGACGGCAAGCTGGACTATCTCAACGCCCACTTCGAGAATTACACCGGCGTGCAACGCGGCATCCTGGTCCAGACCTTGGGCGATCCCGACCAGCTGATCAGCGACTGCGTCCACCCCGATGACAGGGAGCGGACCGCGCTGGCATGGCAGCACTCCGTCGCAACCGGCGAGACCTTCCAAATCGAGCAGCGCATCAAATGCCGCAATAACGGCTTCCGCTGGCACCTGAGCCGCGCCACCCCCCAACTGGACGAGGCGGGGAGGGTGGTCAAGTGGTACGGCACGGCAACCGACATCAACGACCTGCGCGAGACACAGGAAAAATTGCGCGCCAGCGAGACCAGGTTCCGCTGGCTGTACGAGTCGAGCCTGATGGCCATCTTCTTCTGGAACCGGGACGGCTTCATCACCGACGCCAACGTCGCCTACTGTGAGCTGGTAGGCTACGACGAAGCCGAGTGTCGCGGCGGGACCCTGAGCCTTGCCGACGTCACCACCCCCGAGGAGTACGCCAAGGACCGGGCCGCGATGGACGAAACCATCACTCGCGGCATCAGCCGCCCCTACGAAAAGGTCTTTATCAGGCGCAAGACCAACGAGCGCGTAGCCGCGCTCACCGCGCTCGCCCGGATGGC
CP077684.1_gap49	2145680	2146780	1100	TTGGAAGATCGGTCCATTCTCGGTAATTCCTTGTACTCCCCTCGCCCACCGGCCCTACGCCCGACAGGCGGGAGAGGGGCTTGGGGGCATCGGGAGGTCCCATGGCACCAGGCAAAATCCGCATTGGCACCTGCTCCTGGACGGAAAGCAGCCTCATCGAAAGCGGCACCTTCTATCCGCGCGGTGCCGGCACGCCCAAAGCACGCCTGAAGTTCTACGCCCGCCAGTTCGATACCGTCGAGATAGAGAGTTCCTACTACCAGATACCTTCGGTCGAGATGGCGCAAGCCTGGGCGGAGCGCACGCCGCCAGGTTTTCTGTTCCACGTCAAGGCGTTCGGCGCCCTTACCGGTCACAACATCGACCCGCGCCGGCTACCGGCCGAACTGCAAGCGTTGCTGGCGCCGGGCGAGCTGGACCGGGAGGAGTTGCACGTGGCCGAGCCCGGGATGCTCAAAGCGATGGCCCAGGCGCTGCTGGACGCCCTGGAACCGCTCAGGCAGGCACGCAAGATGGGATTCACCATCTTCCAGTTCCCTCCCTGGTTCGGCTACAAGAAGGCGAACCTGGATTACCTGCGCTACTGCAAGGAACTGATGGCGGGGATACCGATTGCGGTCGAGTTCCGCCACGGCAGCTGGTTCACCGCGCATCACCGCGACGAACTCTTCGCCTTCCTCAAGGAACACAAGATCACCTACATCACCTGCGACGAGCCCCAGTACGGAAACCTCTCCACCGCCCCCTTCCATCCGGAAGCGACCACCGGGATCGCCTACCTCAGGCTGCATGGCAGAAACGGCGACTGCTGGCACAGCGATGTCCCCGGCGACGAGTACCTCTACCCGGAAGCGGAACTGCAGGAGATCGCGCGGCACGCCCTGCGGCTGAGCGAGACGGCGCGAACGACGTTCATCATGTTCAACAACTGCCGATGCGGTTACGCTGTGAAAAACGCGCTGGAGATGCGGGAGCATTGCAGAGTGGTCCCCCCTCCCCCAGCCCCCTCGCCCTCCGGGAGAGGGTGGCCGAAGGCCGGGTGAGGGCGGTGTCATAGTCAGGAAGGCAGCCATCCGGACAGAGGGGTAGAGACAACTGGC
CP077684.1_gap50	2317304	2321880	4576	TCAGGATGGCAAGGAACGCTGGCTCATGGCCAGGGGACGGGTTTTTTTCGATCCGGCCGGAGCGCCCACGCGCGTGATCGGGACCACCCTCGACATCACCGGGCCGAAGAAAGCGGAAGCCCGCCTGCGCCGGATCTTCGACTCCGGCATGATCGGTCTGATCTACTGGAACATGCACGGGGACATCCTGGACGCCAACGACGCCTTCCTGAAGATGCTGGGGAGGAGCCGTGCCGAGTTGGCAGCAGGAACGATCAAGTGGAGCGACCTTACCCCGCCCGAATTCGACGCGCTGGACCAGTATGCCCTGGACGAACTACGGGCAACGGGCCTGGACACGCCGTATGAAAAGGAGTTTTTCCGCAGCGACGGCACCAGAGTCCCGGTCCTGATAGGCGCGGCGACCCTGCCGGAAGCACCGGAGGAAGGGGTCGGCTTCGCCCTGGACATGACGGAACGCAAGAGGGCCGAGGAGGAGGTGCGCAAGGCGAGAAACAGCCTGGAATTGCGGGTGCAGGAACGAACCGAGGAACTAAAACGCGCCCTGCAACACCTTAGAAGCGAGACCGAGGAGCGGATCCGGGCGGTCGAGGAACTGAGGGTCAGGGAGCAGATGCTGATGCAGCAAAACCGTCTGGCTGCCATGGGTGAGATGCTGGTCAACATCTCGCACCAGTGGCGCCAGCCCCTAAACGTGCTCGGGCTCATACTGCAGAACCTCGCCAGGAGCTACGAACGGGGCTCCCTGTCCGTTGAGGTGGTGCGCAAAAGTGTCAGCCGCGGCACGGAGCTCATCGAACACATGTCTAAGACCATCGAAGACTTCTCCGCGTATCTGAACCCGGACAAGACCAAGCTCTCCTTCGACGTCGGCGAGGTGATAAACAAGGCTGTGTCGATGGTGAGGGAAACCCTGCATGGCATCGAGCTGGAAGTGCACAGCCCGGACCACCCCGTGTTCGCGGAGGGCTACCGCAGCGAATACGCGCAGGTGGTGATCAACATCCTGGTCAATGCGCGTGATGCGCTGCGCGAGAAATCCGTCCCCCAAGCAAAGGTCTCGATCAGGATCAGCAGGCAAGGCGACAAAAGCGTGGTGACCATCTCGGACAACGCAGGAGGCATTGCCGCAGACGTCCTGGACAAGATCTTCGATCCCTATTTCACCACCAAGGAACCAGGCAAGGGGACCGGGATCGGCCTGTTCATGTCCAAGGCCATCATAGAGAAGAGCATGGGCGGTAAACTGACGGTGGAAAACACCGGTGACGGCGCGGAATTCAGAATCGAGGTTTGACATGCCAACGGCCAGAGAGCGGGTAACGAGCATCCTGTATGTGGAAGACGAGGCAGAGGCCAGGGAGCTGATCGGGAACCTGTTGACCGAGGAGCACCCTCACCTCAAGATCTTCATTGCGGTAAATGGAGCCGAAGGGCTCACCCTGTTCAAGGAGCACCGGCCTCAGGTCGTGGTGACGGACATCAGGATGCCCATCATGGACGGCCTCACCATGGCCGGCCACATCAGGGACATGGACCCGGATGTCGACCTGATAGCGGTAAGCGCCTACAGCGACACCAGCTTTCTGGTGCGCGCCATCGAACTCGGCTTCAGCAACTACGTCTTCAAGCCGGTCAACTTCTCGAAACTGCACACGGCTCTCACCAGGATCATCAAGGTGAGGGAGTTGAAGCACCGGTTCAGCGAGCAGAACGAACTACTGCGGCAAAGCGAGCAGCGCCTCCTGGCCACGTTCGACCAAGCTGCAGTAGGCATCGGGCACGTGGCACTGGATGGCACCTTCCTGCGCATCAACGACAAGTACTGCGACATCGCGGGGTGCAGCAGCGGCAAGGCACCGGAAACCATCTACGACTTCACCCACCCCGAGGACCTGCCGGTATGCCGGGCGCACCACGAGCTCCTGCTGACCGGAAAGCAGCGCAGCTACTCCCTGGAAAAGCGCTACGTGCACGACGGTGTCATCGTCTGGGCCTCGCTGACCGTCTCGATGGTGCAGGACCGGTCCGGCAAGGACACCTTCATGGTTGCCATCGTCGACGACATAACGGAACGCAAGCTCCTGGAGGAGAAAATCGCCGACCTTAATCGCGCCCTGTCGGCGAGGGCTGAGGAACTGGAGAGTGCCAACCGCGACCTCACCGCGTTCAACTACACGGTGGCCCACGACCTGCGCCAGCCCTTGAACCTGATCAGCGGCTACTGCCAGGCCGTCAGCATGACCTGTGGCGAGACGCTCAGTGACGATTGCAGGGACTTCCTGCAAAAGGCCTACGAGGGGACGGTGAAGATGAACAAGCTGGTCAACGCCCTGCTCGAGTTCGCGGAAATGGCGCACGTGAAACCGAAGCGGGAAACCGTCGATCTCAGCCGCGAGGCTGAGGAGATTGCGGCCGAACTGGCGCGGTCGGAGCCGCAGCGCCAGGCGAGGTTCACCATAGCGCCGGGACTCTCGGCCCGGGGGGACAACCAGCTGCTCAGGGCGGTCCTGGCAAACCTGCTCGGCAACGCCTGGAAGTACACTGCTGAGCGCAAGGAGACGCTGATCGAATTCGGCAGCAGCATGCGTGAAGGCGAGGCCGTTTTCTATGTCAGGGACAACGGTATCGGCTTCGATATGGCGCAAACGAAGGAGATTTTCGTCCCCTTCAGGCGTCTGCCCGGGGCACAGCGTGCAGGAGGCTTCGGCATAGGCCTGGCGACGGTGGATAGGATCATCAAGCGACACGGAGGCCAGGTTTGGGCGGAAGGCGAACAGGACAAGGGCGCCACCTTCTATTTCTCGCTCCCCTGAAGGGTTACGGCAAAGGGAGCAATTCCTTGTGTGTCTAAAGCTCCTGATTGCCTTCCAGAAGGGCTAGGAAAGCTTGCATCAGGGTGCTTCGGTAGTCGTTTTTCCTCGTCACGATCAACAAAGTGCGCTGCAGATCTACCGGATTGGCCACCTCGAATAGCCACCCCTGATCAAGCTCTCGTTGCACTGCCATTCGGGAGAGGCATCCTACGCCCAACCCAGCCTCCACGGCCTTCTTGACCGCCTCCGTGTGCCCCAGTTCAAGAGCGACGGCGTAGTTTACCCCCCCCCTCTCCATGGCAGTCTCGAAGATCTCCCGGGTTCCGGATCCCTTTTCCCTCATGATCCAGGCCGCGTCCCTGAGCATGTCCGGGGTCGCGCGCCCCAGCGATGCCCAGGGGTGCCCCTTTCCCACGATCAGGACGAGTTCGTCCCGCCTCCACGGAATGGCCATGAGAGACGGGAGGTGCTGTAGCCCCTCGATGAGGCCAAGGTCAAGTTCGCCCGACTCGACCCCCTGCTCGATCTGAAGAGCATTGCCCACCCGCAAAAGCGGCTTCGCGCCGGGGTAAAGACGCGAAAACTCACCAACCATGGCAGGGAGCAGGTAGTTGCCGATGGTCGTACTCGCACCTACAATCAACGACCCCACCGGCGTCCCGATCGAATCTTCGAGGAACTGCTCCATCCTGCGCACCCTGGACAGCACCTCGCGGGCCTCGGGGAGCAACTGCCGGCCGCGATCGTTCAAGAACAACCGCCTCCCGGAGCGCTCGAACAGCGGCGCACCCGCCAACCTCTCCAGTTCGGCGAGCGCCATGCTTACCGCCGACTGGGTTAGCAACAGCTGAATGCTCGCTTGCGTCACCTGCCCACACACGGCCACCTTCTCGAAGATCTCCAACTGCCTGAGCGTAATAGTCACGACCGCCCCCAAAACATAAGTCTAATTGATGCTAGAGGCATATATTACTAATTTTTATTTATATAGCAAGAGGGATATTATCCACTCATATTTCCACATGCGGGAGGGGAGAATGAAGAGGGCAGCGGTGGTGAAGATGGCATTGGTAGTTTGTCTCGTGGCAGTCGCGGCACCCTGGGGCGGCACAGGGTTCGCGCTGGCACTTGGTATCGCCTTCGCCCTCATGTTGGGGAACCCATGGCTTCAGCTCACGTCACGGTTGAGCAGGATCACCCTGCAGCTCTCCGTGGTGGGGCTTGGCTTCGGTCTGGAGATCGGGGCGGTCATGCAGACGGGGAAACAAAGCCTGCTTTACACGGTCTTCGGTATCGCCGGAACGCTCATCACCGGGTACCTGCTGGGGAAAGTGTTCGGGACCGACAGCAACACCTCCATGCTCATTTCAGCGGGGACTGCCATTTGCGGCGGCAGCGCGATAGCCGCGATGGCTCCGGTGCTCAAGGCCAGGGACGACGAGACCGCAGTCGCATTAGGCACCGTCTTCACCCTCAATGCGGTCGCTTTGCTACTCTTCCCACTCGTCGGACACCTGCTCGGCCTCAGGCAGGATACTTTTGGAACCTGGGCCGGCCTTGCTATCCATGACACCAGCAGTGTCGTTGGTGCGGCCTCCGCCTACGGGGCTGAGGCCCTTAAAATCGGCACCACCGTCAAGCTCACCCGCGCCATGTGGATTACGCCGGTGGTGCTTGGGTTCGCGCTGCAGAGAGGAGCGCGGGAGAGGATCAGCATACCGCTTTTCATCATCGGTTTCCTTCTTGCCGCAACCATTAGG
CP077684.1_gap51	2336189	2339679	3490	CCTTCTCGGCGGGGCGGAGCGAGAAGGCGGCGGCCGCCAGCACCGCCACGACCGCGGCAGCGACGATCCAGACCCTGCTCTTGCCAAGCAGGCCTGCGGGATCGGCCTTCAGAAGTTTCTCCAGGGACGCGGCCTCGACTCGTTGTGCTTCGTTTTCCTTCATCTAATTCGATTCTCCTTCGCGGCGCCAGCCGCCGCCCAATGCCTTGTACAGCGCGACCAACGCCTGCGCTGTTTCTCCCCGCGTCTCGGCCAGGCTGTCCTCGACGCCCAGCACGTTGCGCTCGGTATCGACCACGGACTGGAAGTCGATGAGCCCCGCGCCGTAGCGCTGCCGCGCCAGTTCAGCGGCGTTACGCGCCGACAGCGCAGCACTTTGCAGCGCCTCGCCACGCTGCTGCCGGCGAGAGAGCGCCACCAGGGCGTTTTCCACCTCCTGCAGGGCCGTCAGAAGCGACTGCTGATAGGCAATCTGCGCCTGTTCCCGCACCGCGTCCTGGATTTCGACCCGGCTGCGCAGCTTACCCGCATCGAAAACCGGGGCGGTGACGCTACCGAGGAGCGAGGATTTGGCCGCGGATCCGCCGGCCACTCCCCCAAGGGTCAGGGCTTCCAACCCGATGGAACCCGAGAGCGTGAACGAGGGATAGCGGGCGGCTTCCGCGACGCCGACCCGCGCCGTCTCCGCCGCAAGTTTGCGCTCCGCCGCCCGCAGATCGGGGCGCTGGCGCAGCGTTTCCGCCGGGATGCCGACCGCCACCTGATCCGGCAGGAGCGGCAGTTCCTTTACCGCCGATAGCCGCCCGTGCAGCGTTCCTGGGGCCTCGCCCAAGAGGACATCCAACCGGTGCTCCGCCTCGGTGAGGCTCGCCTCCAAGGTAGGAATCGCGGCCCTCGTCTGCTCCCGGTTGCTGCGTGCCTGCTCCACGTCCTGGGTAGCGACCAGTCCGGCCTGTGCGCGCCACTCGGTCAACTGCAGCGTCTCCGACTGGCTGGCCAGGTTGTCACGGGCTATGGCGATCCTTTTCTGCAGGGTGCGCAGCTCCAGGTAGTTCTGGGCAACCTCCGCAGCCAGAGTGACCTGCACCCCCTGCAAGGTCGCCAGGCTCGACTCCAGATCAGCCCCGGCCGCCTCCATGCCGCGGCGCGTGCCGCCGAAGATGTCAAGTTCCCAGCTGGCGTCGAATCCGGCGCTGAACAGGCTGGTCGTCGCGCCGCTGCCGGATTTCGCGCTGGATCTGTTGCGCGCGGCGCTGCCGGAGCCGGTCACGGTAGGGAAACGATCGGAACCGGCCACCGCGTTACGGGCGCGCGACTCCCGCAGTTTCGCCTCGGCGCTGCGCAGGTCCGGGCTGGCCGTGACCGCCTTTTCGATCAGTTCGGACAGTAGCGGGTCCTTCAGCGTGAGCCACCACGAGCCGAGGTCGTAGTTCTCCGCGGAGGTGCTCTGGGTCGCGCCTTTTTCGTCCAGTTGCCGCCAGGCAGCCGGCGCCTTGAGCTGCGGCATCACATAGTCGGGGCCGACCGTGGCACAGCCGGCAAGCCCCAGACCCGCGCAGATGAAAAGCGCACGGGCCAGCGTTGGAATCTTCATCTTTTCCTCGAAGTATCGCCTTGTTGATCAAGCTGGGGCCAGTATAGCGACAACGGCAGGTACCCGTTGTAAAGAATTGAAATGATACGGATTCTTGATTTTTACAAAACTTTACATCGCCCCCACACGTCTTAACTGAAGCAACGCCGGGAGCAGGTAGACTCAAGCCAGCAGGTAACGCTTCGGGACACAAGGAGGCAGTATGGTGAACGGAATCAGCGGTGCGGGCATGCGGCACAACCCCCAGGATTTTTACAAGAAGGTCGACAGCGACGGCTCCGGGGGAGTATCACAAACCGAATTGCAGACCATGGCGGAGAAGTTGAAGGAGAAGAGCGGCACCACGCTCGATACCAGCGACGATGCCTTCAAAAGCTACGACAGCGATGGCGACGGCTCGCTCAGCATGGACGAGCTGAACACCTTGATGCAAAACGGCGGGTTCGGCCAGACGCATGGGATGCCTGACGGACCTCCGCCGGTGCCGCCACAGCAGGGGATGGAGGCATACGGTTCTGCGAGCGCGCAGAGCACCAGCCAGGACGATTTGGGCGCCGTCCTCGAAAGCTTGAAGGCGCTGGTGGAGAAGCTCTCTTCCGGCAGCGACGGGTCCGGCACCAGCACGGTCACAGGCACCGCAACCAGTGCAAGTACCAGCGCAAGTACCAGCGCAAGTACCAGTGCAAGTACCAGCGCAAGTACCAGCACCAGCACCGCTACCGGCAACAGCGCCGCACGGGCCGACGGTTCCCAGCCGCCGGGTCCTCCCCCGGGCGGCATGCAGGACCGCTCCGGCTCCTCGCTCGAGGACCAGGTGAGCGAACTGCAGAAACTGATCGATTCGCTCTCGAAGTACGTCGATGCCGGCAGTACGCAGACGAGCTTGGTGTTGAGCGTGACCACATAGCGCTGCACCGAGGTCGAAACTGAGTAGAGGAATTATCCCGTGCGGGTAATTCCTCTTTTCTTTGTCAGATCTTTTCACTCATTGTGGTGGCGTCGGAGCGAGAAACTGCTATAACTCAGTAAAGTTTTACCGCTATGTTGATATCAGGTAACCACCTCGATAACACGCCACTCTCAAAGGAGGAAAAGTGATGTCGCTTCGAAGAATCAGCTGTTCGCTGTCCGCTCTGTCAGTCGTCGCGTTGTTCACAGCGCACGGCGCAATGGCAGAAGAGACCGCTCCGGCCAAGGTCAAGGCGAAAGACGTGAAATCCTGCTCGGTCTGTCACAAACCGGCCGAGGGTCAACTGCGCGCATTTTTCGACACCGTGGCGATGAAGTCGCAGACAATCCAGCTCAGGTTTGACGACGGCGCCGAGGTGGTCAGCTTCGACAAGGACACCCTCAGGGTCCTCAACGGCGCCGTGCCCGGCAACCTCGAAAAATCGCTGCGGGCCATCAAGAAAGGGCACGAGGTCCGGGTCGCTTACACGGAAACGGGCAAGGGCCTGAAAAGCATCAGCGAGATCTCCATCAAGCCTCCCATGCAGGTGCCTGCCGAAAAACAGCTCAAGGTCGAGCAGGTAGAAAAGCTCGTCTCCGGCAAGGAAAAGTACACCCTGGTGGACGCGCGGCCGGCGCCCAAGTTCCAGGACGGGTCCATCCCGACAGCCATCAACATCCCCTTCCCCGCCTTCCAGAAGAATCTCGACAAACTCCCCAAGGACAAGGGGGAACTGCTGGTCTACTTCTGTGCCGGCGTCACCTGAGCGCTCAGCCCCTCCTCCGCCCGTGAGGCGGAGAAACTCGGCTACACCAACGTAAAGATCTTCCACGACGGCATCCCCGAATGGAACAGCCGCAACTTCACCGTGTTGAGCGCTAAGTCCCTCAAGGAGGGGTGGCTCGACAAAGGGCTCTCCTTCGTGCTCATCGACGTGCGCCCCGAGT
CP077684.1_gap52	2476298	2480014	3716	TCGGGTGGAACTGCATGAATTCCATGTTGGCGATGGTCGCCCCGGCGCGATAGGCCATGGCGACGCCGTCGCCGGTTGCCACGTCAGGGTTGCAGGTGTAGAGATACACCTTGCCGGCGCCGCCCGAGGCAAGAAGCGTGATGCGCGCGGCGAAGGTCTTCACCACCCCCGACTCCTTGTCCAGCACGTGGGCGCCCAGGCAGCGGTTGTGCTCCAGCTTCTGCTTGAGCACCTTCGACTCGGTCACCAGGTCGATGGCGATGTGGTTCTCGTAGATGGTGATGTTCTCGTGCCTTTTGGCAGCCTCGACCAGGGCGCGCTCGATCTCGCGGCCGGTGATGTCCTCGGCGTGCAGGATGCGCCGCGCGCTGTGCCCCCCCTCGCGGGTCAGGTCGTAGACGTCGCCGCTCTTGGTGAACTGCACACCCCAGTCGATCAGGTTGCGGATGACCTTGGGGCCCTCCTCGACCACCATGCGCACCACGTCCTCGTGGCAGATGCCGGCGCCGGCGACCAGTGTGTCCTGCACGTGCGCATCGAAGGTGTCCTCTTCCGAGGAGACCGTGGCGATCCCCCCCTGCGCGTAATTCGTGGCCGACTCCGAAATATCCTGTTTGGTAACCACCGCGACCTTGCCGTGGGCCGCAGCCTGCAGCGCGAAGGAAAGCCCCGCGATACCGCTGCCGATTACCAGAAAATCAGTTTTTTCCTTCATCAACTACCCCCCGATAAGCTGGATTAGGCGTTTCTTGAGACCGAAAGTATGAGACGAAGCCGTGCAGCAGTCGCGAGTACTTCAGGAAAGGCTCAGGGGGTCATGGCGGCAGCGTTGGGCCTGTGCCCTCAAAGGAGATTTCTTGGCGTGCGTCGCGGATACCTTGCGTTCTTCGCGTAACCGGCTCGGGAAAACCCGCAAATTATTGATCCCAGCGAGATTTTTGTCAAGACTTTTGACGGGTTATAGCCCGCCAACGTCACATTAGACCTTGAATTATCATGTTTATTGGTCTATATAATTCGAGGGCGATTTTTCTTTCCCATTAAAAAAAAGGAAGCTCATGCGCTTTAAGTCACACCGAGTTTATCTGGCAGCCGTCCTGACAGTTGCCGCGGTGTCTTGGTGCCTTCCGGCACCGGCTCGCGCCGACATATATAAATACGAGGATCCCGACGGGACCGTTCACTTCACCGATGCCCCGACCGACAAACGGTTCAAGATCTTCATGCGGGACATCAAGAAGGACAAGAGGCTGAGGACCGCCTTCAAGCTCTCAGGCTATGCCCGCAACCCGGCCGAGTTCGAGCCCATCATCAGTTCCTGCTCCCGCGAGTACGGCGTCGACAGCTCGCTGGTGAAGGCGGTGATCCACGCCGAAAGCGGCTACAACCCGAGCGCGGTTTCGCCCAAGGGGGCACAGGGGCTGATGCAGCTCATGCCCAAGACCGCCCAGGGACTCAAGGTGAACGATTCCTTCAACCCCTCCGACAACATCCGCGGTGGCGTCCGCTACCTCAGGTTTCTGCTGGACACGTTCAAGGGGAACGAATCACTGGCGGTGGCTGCCTATAACTGCGGCCTCAACGCCGTGGCCAAGTACGGCGGCGTCCCCCCCTATCCCGAAACCCAGACTTACGTATCCAAGGTACTCAGTTACCGGAACATCTATAGATAGCGCAAAGGCGAACGCATGCCCTCCACCCAAGCCCAGATCCTCAACATCCCGAACATCCTGACCATGGTGCGCATAGCCGCCATACCGCTTCTGTGCGTCCTTTTGCTCTCGCCCGAGCGGGAGCCGGGTTTCTGGGCCGCGGCCCTGTTCGCCGCCGCCTCGGTCACCGACTGGCTGGACGGGTACCTGGCCAGGAAGCTGGAGATCGTCACCGTGTTCGGCAAGTTCCTGGATCCGATCGCCGACAAGCTGATCGTCATGGCCGCGCTGATCATGATCCTCCCCTTCGACCGGGTGCCCGCCTGGATGGTGCTGGTGATACTCGGGCGCGAGATGATCATCACCGGTCTGCGCGGCATCGCCTCCACCGAGGGGATCGTGATCCCGGCCAGCAACCTGGGCAAGTTCAAGACCATCTTCCAACTGGTTGCGATCATCGGCCTTCTGCTGCACTACGACTACCACTGGTTCTTCGGCATCGACCATCCCCTGCTGGTGGTGAACATGCACAACGTCGGCATGTTCTATCTCTGGATCGCCACGATCATAACCATCTGGAGCGGCGTAGACTACCTGAGCAAATTTGTCAGGGTAATAGCCAAATAAAAATTTCGTATTGACACAAGCGAGGGAATCAGGTTATAAACGGGTTCCTTCGATGCACAAGGCGGCATGGCCAAGTGGTAAGGCAAAGGACTGCAAATCCTTCATTCATCGGTTCAAATCCGATTGCCGCCTCCAATAAAAACAAGGGCTTACGATCTCAGGTCGTAAGCCCTTGTTTCATCGCTGTAATAATCGCTGCAAAAAAAATTCAGCCAACCATCGCTGAATAACTTTTGAAGCCCCCCCCGGCCGCCATATGGCGAGGAAATCATTGTCATGCCGTAATAGGTGCCGTAATAGGTGCCGTAATAAATCCAGACACTACTGACCAAACCATAAAAAAAACCCGGCACCACTTCTAGGTGACCGGGTCTTTTTGCGCCTGGCGCCTTCCCTTTTTTTGGGAACCGCTACGCCGCTTCCCTCCACTCGTCGGTCCACTGGCGTTTACTGTCGTCCATGCTGACAAAGAGGGAGACAACCTTGCCCGCTTCCTTGCGTACCGCATCGGTCCTTTTGTAGTCGGCGATCTTCTTGCCGTGCGCGACGATCTCGCGGAAGAGCAGCTCGTTCTGCTTGCTCATCGGCACCCGCCCGTTCTCCCACTTGGAGACCTGGGACTTGTCGCAGTGCAGGTTGTCGGCAAAATCGGCCCCTGACCAGCCGAGCGACTTCCTTAGGAATACGATCTCTTCCGGAGTGAGCCGTTCTTCCTTCTTCACCAGGGCATGGGCGATGCAGTCGTGCAGGGCCTCCATCCTGGGTATCTTAGGCACCAGCGCCCCGCACTCCGGGCAACTCCTCACCGTGATCCCTGTAAGGACCACGTTCCCGAGGCCGCATTCGCGGTAGTGGTAGTTCTGCACCTTTTCCACCAACTCGGCTCGCTCGCAAACCGGGCATCTCATTTCAGCATCCTCCATGCGGTTACGATCATCAATTCCGTCTCGTCCTCGAACCGGACCACCACCGTCATCTTCCCGGTGTGCACCCGGTAGCGCCACTCCCCGTTTTCGTACTCCGCCTCCTCGACGGTCCCGCCGCGCAGTACGTTCAGGCAATCCAGGGTGGACATGCCGTGCTTTTCCAGCCGCTCCAGCGCGTGGGGTTGAGCAAAGGAGACATCCCCGTCTTTCAAGATGGATAGGATCAGTTTCTTCGTCTCGGTTCGCTTCAACGGTTCGTTAAGCATACTATACACCTTTAGGGGTTGGGTTCAAAACAAAAGTGGTGCTCAACACAACTTTATAAGAGGGCGACAGAGAGATGGTACAACTTATAGGAAAAATTATTGCGAAGCAAGGGGGGGGGCTTGGTCAGGTCATCTCTTCCCACGGAAGCCGTCGACGGTAACGCCCGCCTCCAGCGTCCCAGCTCCCCTATCCTGCTGGGCGCCCCCTTGCACCCTCTCCCGCTCCCTGACCCACTCCTCAACCT
CP077684.1_gap53	2572638	2574763	2125	ACCTTCACCATCGAGGGAACGGTGCTCGACCAGCTGCAGGTAACGCCCCGGCAGGTGAGCCTCGGCGTCGTGAGTAGCAGCACCCCCACCCAGGCCAAGATAAGCGTCGCCAACCACAGCAACGCGACCGTGAAGCTGCTGAACGTAAGCGTCACCTCCACCTCGCTGCAGATCAAGCCCACCATCAAGAAGGGAGAGCTTAAGCCCGGGGAGACCGGCACCATCGAGATCTCGGTGCTGGCGAAGCCTGAAGCCAAGATCCTGAGCGGGTACCTGCATATCACCACCAGCCATCCGCAGAAGAAGGAAATCACGGTTCCCGTCTACGCCTCGATCCCGAAGTGAGCATGGGAATGGGTAAGCCGCTTTTTTTAAAGTTTCATCTTGAGTTGGTTTTCAAAATAGTGTAGTAATGAGTTCTTTCCCGGGCGGGTAGCTCAGTTGGATAGAGTACTGGCCTCCGAAGCCAGGGGTCATGGGTTCGAATCCCATCTCGCCCACCAACTTAAATCGGTATGAAAACGAGGAATGCTCCGGACGTGTGTTTGCAAAAGTGCAAGCGCTCCCGGAGCATTTTCATTATCCCTCCATCGCTTCCTCACATGCTGGTTGCCACCCCTTCCTATTCCTGCCACAGGTAGCGTCCCCTTACGGACCAGGCCGCTGCCAGGAGAGCTTCCATCAACCCGATGGCGGCTCCCCCTCGTGCTCGGGGATTGGGCCACATTGTGGCCGCCTCCTTGCCGGCTCCCCCCCGTTGTCCCCCCCGTTTGTCACACTCTGCCAAAATCCTTCATGAACATTTCGACGAACTGTAACGAAGCTGTAACATCGATGGCCCAAGCTGTTGGCGTATGTAAAACGTCCCCCCCGGAGCACCGGCAACCGCCCCTGTCCCGGAGAAGCATATCCCTGGAGGATAGAAGTGGAGTTAGAGATGCGAACTTCCTGCTGCACCAATGAGACGGAAACGGACCGTGCAGCCGCGGCACCCAAAAGCCCCCAGCCTGCTATAGCCAAGAAGCTCGGCGGCGACTCGATCTTTCGTTACCTGACCACCTTTTTCGCTTTCAGCATCCTCGCGATACTGGCGCTCATGCTCTACGAAATGGCCGGCGAGAGCTTGCCCGCCATCAGGGAGTTCGGCTGGAAGTTCGTGAGCTCGAAGGATTGGGACGCGGTGCAGGGAAGCTTCGGAGCGCTACCCTACCTGTACGGGTCGGTGGTCTCCTCGGTCCTGGCCCTCCTGCTCGCCACCCCACTCAGCATCGGCGCCGCGCTCTTTATAACCGAAATCGCCCCAGGGCGCCTCGGGTCCGTAGTGGCACCGCTGGTGGAGCTTCTGGCCGCGATCCCCTCGGTGATCTACGGCCTTTGGGGCGTGCTGGTCATGGCGCCCTGGCTCCAGAGCACGGTCCAGCCTTTCCTCATCGAACACTTCGGCTTCATCCCGCTCTTCGAGGGGGCCCCGTACGGCGTCAGCATGCTGGCGGCGATCTTCATCCTGATGATCATGGTGGTGCCGATCATCACCTCGATCACCCGGGAGGTGCTGCTGGCGGTGCCGCAGAGCCAGAAGGAGGCCGCCATCGCACTGGGCGCCACCCGCTGGGAGACCATCAAGATCGCCATCCTCCCCTACGGCAAGTCCGGCATCCTTGGTGCCGCCATCCTGGGGCTCGGGCGTGCCATCGGCGAGACCATGGCCGTCACCATGGTGATCGGCAACGCACCCAACATCTCGCTGTCGCTGCTCTCCCCCGCCTACACCATGCCGAGCGTGATCGCCAACGAGTTCGCCGAGACCACCTCGAAGCTGCACGCCTCCGCGCTCATGGAAATCGGCCTGATCCTGATGGTGGTCACCCTGATCGTGAACGCGATGGCGAGGCTTTTGATCTGGAGCGTGTCCGGACGAGCCAAGGGAGGTGCGGCATGATGCAGAGCGTTACCTACCGCAAGATGAAAAACCACCTGATGAGCGGGCTCATGCTCGCCTGCACGCTGGCCGTGCTGGTACCGCTGGGTCTCATCTTCTTCCACATCCTGAAGATGGGGGTCAGCTCGCTCTCCCTCGACTTCTTCACCCACGTCCCCGCGCCGACCGGCGAACCCGGAGGGGGCA
CP077684.1_gap54	2575848	2579793	3945	CAACGGCAGGCTGCCGCGCGAAGAGGCGGACGAGATCGTCGAGAGCTGCCTAAAGCGCGTGGCGCTCTGGGACGAGGTGAAGGACCGGCTTAAGAGCAACGCCATGATGCTCTCCGGCGGGCAGCAGCAGCGCCTTTGCATCGCGCGCACCATCGCCGTCAAGCCGGAAGTGATCCTCATGGACGAGCCCGCCTCCGCCCTCGACCCCATCTCGACCCTGAAGATCGAGGAGCTGATCGAAGAGCTCAAGGAACGCTACACCATCATCATCGTCACCCACAACATGCAGCAGGCCGCCCGCGTCTCCGACTACACAGCTTTCCTGTATATGGGGGACCTGGTCGAATGCGGTGAGACCAAGAAGATCTTCACCACCCCCGAGCAGAAACAGACCGAGGACTACATCACCGGACGTTTCGGCTAGATCCAGAAGACGGAAGTTCATCATCGAAGACAAACCGGAGACAACTATGGAGAGAGAACATTTCAGCAAGCAGTTCGACAACGAACTGAACGAGATACGTGAAAAACTTCTGGAGATGGGTGGCAAGGTCGAATCGATGATCGCCAACGCCATGAAATCCCTGGTGGAGCGGGACACCGAACTGGCGGAGCGGACCATAGCGTTCGACCACGAGATCAACACGCTCGAGATGGTGATCGACGAGAAATGTCTCGAGGTGCTCGCGCGCCGCCAGCCGGCGGCACGGGACCTGCGCTTCATCACCCTGGCCTTGAAGATCGTGACCGACCTGGAGCGGATCGGCGACCAGTGCGCCAACATCTGCAAGCGAGCCCGGGAGCTGAACCAGGAGCCGTCCTTGAAGCCCTACATCGACCTGCCGCGCATGGCAAAGAGCGCGTCCGACATGGTGAAGGAGGCGCTCGACGCCTTCGTGCGGGGGGACGATGCCCTGGCGATCAAGGTCTGCCAGGACGACCAGTGCGTGGACGAGCTGAACGAGCAGATCCAGCGGGAGCTACTGACCTTCATGATGGGGGACCCAAAGACCATCAGCCGCGCCATGAAGATCATCCATGTCTCCAAGTGCCTGGAACGCATCGCCGATCACGCCACCAACATCGCCGAGATGGTCATCTTCATGATCAAGGGGAAGGACATCCGCCACACCATCGCATGACAGTCCTGATACATCTCCGGCAGCGCAAAGGACCGCAACCGCGGTCCTTTTTCTTTGCCCCTCCCCTTCTGCCCCCCCATCAAGCCGGCCGGAACAGGCGGCCGCCCGCACGAGCAGCCACCTGCTCATTGTCACTGTTGCTTTTTCCGGTCAGCAGGAAATGGCGGGCAAGGCGTGAACGCGCACCGTGGCTATATCTGGTAATCCTCCACGAAAACCCGCATCTTGCGCGGCCTCGCATAGACATGATCGCCTACCTTCAGTTTGAGTCGCTCCGCCTCTTCTCGCGGCAGCTCAGCCTCTATGGACCGGTCACCGTCATTAAGCGCCAGGTCGGCGCGCACCATGGCCCCTATGGAGAGCAGGTAACGCACTTCCGCTTTGATGCCCCCCGAACCAGCATTGTCACGCTCTATGGCTATGTCGTGCGAGCGGACGTACCCTACCGCCGGGGCGTCGTGCGCCGACGCGTTCTCTGGTGACGAGACACGAAAACCGGCCATCTGGGCAGTCCCCTCGTGCACCCTGCCATGGAAGAGGTTGACGCTGCCAAGGAAGTCGTAGACGAAAGGGGTGGCCGGGCGGTCATAGACCTCGGAGGGGGTACCCTGCTGCTCGATGCGCCCCCCGTTCATGACCACGATCCGATCGGCGACCTCGAGCGCCTCCTCCTGGTCGTGGGTGACGAAGACGCTGGTGACGTGGATTTCGTCGTGCAGGCGCCGCAGCCAGCGGCGCAACTCCAGCCTCACCTTGGCATCCAGCGCGCCGAACGGCTCGTCGAGCAGGAGCACCTGCGGCTCGACCGCCAGGGCACGGGCCAGCGCCACGCGCTGGCGCTGGCCGCCGGAGAGCTGCGCCGGGTAACGGTCGGCAAGGTTTTCCAACTGAATTAGCTTGAGCAGGTTGTGCACCCTGTCCCTTATCTCCTGTTTGCCGGGGCGGCTCTTCCTGGACTTCACGGTGAGACCGAAAGCGATGTTTTCGAAAACGGTCATGTGCCGGAACAGGGCGTAGTGCTGGAAGACGAACCCCACCTGGCGTTCCTGGACCTGGCGCTTGGTGGCCTCCTCGCCGTCGAAGAGGATCCTGCCGCTGTCCGGGCTCTCCAGTCCCGCGATGATGCGCAAAAGCGAAGTCTTTCCCGAGCCAGACGGCCCGAGCAGGGCCACCAGTTCCCCGGAAGGAACCTTGAGGCTCACGTCCTTCAACGCGGCAAAGGTGCCGAATGATTTGCTTACCGCTTCGATTTCGATGCTCATGGGGTTACCTTTCTGTTTCTGCTGCTGCGATCGTCTGCCGCATCTTCCATTCGGACACCGTCTTCACCGCCAGGGTCACCAGGGCGAGCAGGGCCAGAAGTGAGGCCACCGCGAAGGCGGCGGCGTAGCTGTACTCGTTGTAGAGGATCTCCACCTGGAGCGGGATGGTGTTGGTGGCGCCGCGCACGTGGCCGGAAACGACCGAGACCGCCCCGAACTCCCCCATCGCCCTCGCGTTGCAGAGGATCACGCCGTAGAGGATGCCCCACTTGATGTTGGGGAAGGTGACCCTGAAGAAGGTCTGCAGCCCGTTGGCCCCAAGGGTCAGCGCCGCTTCCTCCTCCTCGCGCCCCTGCGACTCCATGAGCGGGATCAACTCCCGCGCGATGAACGGGAAGGTGACGAATATGGTGGCGAGGATGATCCCCGGGGCCGCGAAGATGATCTTGATGTCGTGCTCCTGCAGCCAGGGTCCGAGCCATCCCTGCAACCCGAAGATCAGCACGTAGATGAGGCCGGAAACGACCGGCGAGACCGAGAACGGAAGGTCTATCAGCGTGATCAGGAAGCTCTTGCCGGGAAAGCTGAACTTGGCGATGGCCCAGGCCGCGACGATGCCGAAGAAGAGGTTCAACGGCACGCAGACCGCGGCGGTGATCAGGGTGAGCCGGATGGCCGAGATGGTATCCGGTTCCTTGAGCGCGGCGAGGTAGGCCTCCCATCCCTTTTCCAGCGCCTGCGCGAACACCGCGGCAAGCGGCAGCACCAGGAACAGCGCCAGGAAGCCAAGGGCTATGGCGATCAGCAGCGAGCGCACCCAGGCAGGCTCCGTGACCGTCCCCCCTTTCCTCTCAATTTTGTGAAGCCCCTCACCAACCATATCCTATCCCTCCCGGCGCCTAGGCCCGTTTATTCCGCGAAACGCCTGCTCCATTTCTGCAGCAGGTTGATGCAGAGGAGCATGACGAAGGAGACCACCAGCATGACCGTGGCGATGGCGGTGGCGCCTGCGTAGTCGTACTGTTCCAGCTTGGTGATAATGAGCAGCGGCGTGATCTCGGAGACCATGGGCATATTGCCGGCAATGAATATAATGGAGCCGTACTCCCCGACCGCGCGCGCAAAGGAAAGAGCGAAGCCGGTCAGGATGGCGGGGAGCATTGTCGGGAGCAGAACCCGGCAAAAGCTCTGCCAGCGGTTGGCACCGAGGCAGGAGGCGGCTTCTTCGATCTCCTGGTCCAATTCCTCCAGCACCGGTTGGACCGTCCGCACCACGAAGGGAAGCCCGATGAAGACCATGGCGACGGCGATTCCGAGGGGGGTGAAGGCGACCTTGACGCCGCGCGGCTCCAGGTAGCGCCCCAGCCAGCCGTTTTGCGAGTAGATGCTGGCAAGCGTGATACCGGCGACTGCCGTGGGCAGGGCGAAGGGGAGGTCCACCAGCGCGTCAACCAGCTTCTTGCCGGGGAAGCGATAACGCACCAGCACCCAGGCCACCAGCACCCCGAAGAACGCGTTGACGAGTGCGGCAGCTAGCGAGG
CP077684.1_gap55	2747160	2749049	1889	CCGGTATTGGGGAAGGTCGCCGACGAGAACTGGATCAGCGAAGTCCCGTTGGTCGAGGTGTAGATCTTGCGCGGCCTGGCGCCGGTGCCGGTGAGCGGGCGTTGCCACAGCGTCTTGCCGGCGCGCCAGATACTGAGCACATCGTCGCTGTCCTCCTTGGTCTCCGCGGTGTCCCCCGCCCCGTCGCCGTTGGTGTCCTGGGAGACGTAGGCATAGGTGACGTTGTCGGTAGGGTCGAAGCGGAAACTGACCACCTTGTCCGCGATCAGGTCGAAGGCGTTGTTCTGGTCGGTATCCTCCCTGATGGTGGAGCGGTTGACCTGCGGGTCGACGTAGTACCAAAGGTTCTGCATTTCACCGATCCAGCTCGCCTCTGTCTGGTTGTAGAAGACCTTCTTGGGATAGAACACCGCCTGCAGGATGTTGGCGCCGCTACCCTCGGAGTTGCTGAGGATCGACGCCGCGGTACCGGAGGAGGCGCCCGCCGCGATGCTCTCCAGGGCGGCCTTCAGCTCGGTTCTCAGTTGGGTCGGGTTGTTCGGGTTGTGCAGCGTAGTCCCGCCGTTCACCGCGGTCATGTTCATCTGCACGTATGGATCGCAGACGTTGGTCGTGCCGGTGCTGGACGGCGCGTTGTACACCACGTGGGTCTTGATGGTCTGGGCGTTCTCGCAGGCGGTGGCGCCGGTGCCGTGGCAGACCTGGCTCGGATCGAAGAGGTTGCGGTGATAGGCGAAGTAGCTCAGGTCGTGGATGTAGGGACTCCCCGCATAGCTGCCGCATACCCCGGAGGTGGAGCCGCTCTCGGCCAGCGTGTTCGGGTCCCTGAAGTAGCCGGAGCTGTCGGTGACCTTGTTCCTCATGGTGTCGTTCTTGTCCGCGGTGGATGTGCCGTCCGTGATCAGCATGACGTTGTTTTGCTGGCAGCGGAACTGGATCGGGTTGTGGTTTGTGTAGTCATCCGTACCGGTCAGGGGCTCCTGGATGGCTGCCGTCGTCGGGGTGAACTTGGTCGAGTTCAGGGTCGCGGTAGTCGCGGTGGCATCCTTGACGAAGTAGGCGATGGCGTTGTAGAAGGCCTCGGCAAAGGGGGTCCACGAGACCGCCGGGATGCCGTCGATGGTGTTGATTAAGCCGGAACTGTGGTCGCCAACGGCTGTGCCGATGTGGTCGAGCACCTTGCTGGCGTCCTTGTTGGTGGCGGCCTGGCAGGTCCCTTCGCTCAAGCTGGAGAGGCAGTCCGAGTCGGTGCTGCACATCTTGTTCTGGTTGCCGGAGCAGAACTTGGGACAAGGCATGCCGACGGTGCTGCCACACTCGGTCGCCGAGCCGTAGTTATTGAAGCTCATGACCCCAAAACGGATGCTGCTGGCGAAGTCATTGATGAGGCCGGTCGGGGCCGACGAGACCCCCACCTTTCCGTAGAAGGGGTTGTTACAGGTCTGGGGGACGCAGGTCCCCGGCGAGGTGCAGTCGGAATTGCTGGTGCAAGTGGTGGCCGGTGCGTTGGAGCAGACCTTGGTGGAGCAGTCCGCATCTGTGGAGCAGGTGGTCGTGGTCCTGCGGGAGCAGTAACCAGGTTTGCCTGCGGGGCCGACCGGGGAGCCGATGGCGCGCACCCCGGCATCCATCAGTACCGACGGGATGTTGCCGCTGGTGGGGATGACCGAGGAGGGGTCGGTCACTTCCGCGAAGTTCTGCCCCATGCAGTAGTGCAGGATCTCGTTCTTGACGCAGGTATCGCCGTCGTTCAACCACTTGTCGCTGTTGTTCCTCCAGCATTTCCCCATGAAGCCGGTGGTGTCAGAACTGGTGCCGATATAGGGCGCGACCGGAGCCGAATGGGTTGCCGCGCTGGTGCAGATGTAGTTGCCGCTGGACTCGTCGGT
CP077684.1_gap56	2782835	2784189	1354	AGGGACTCGATCTCGTCGTGTATGAGACCGTTGGTGGCCAGGATGCGGTGGTCGTCGATCCGGTGCGGCTCCCCCATGTGGTTGGTCACCGTCCCCCCCGCCTCCCTGACCAACAGCGCCCCGGCGGCCACGTCCCAGGGTTTCAGTTTGCACTCCCAGTAGCCGTCAAGCCTCCCCGCCGCCACGTAGGCCAGGTCGAGCGCCGCGGCCCCGGCCCGGCGCACCCCGCGCGCCGCGAGCTGCAGCTCGAAGAAGTTGCGGAAGTTGTTCTCGTTGCCGCGCGCGGCGTCATAGGGAAAGCCGGTGGCGATCAGGGACTGCCTCAGGGGCGCGCGGGAGGAGACGCGGATGGGGGCTCCGTTCAAGAAGGCCCCCCTCCCGAGTGTTGTCGTGAACAGTTCGTCCATCATGCAGTGGTAGATCACCCCGAGGGTGAGCTCGCCTTCCCGCTCCAGGGCGATGGAAACGCAGAACCAGGGAAAGCCGTGGGCGTAGTTCGTGGTGCCGTCCAGCGGGTCGATGATCCAGCGCCAGGTGGGGTCGCCGTCGGCGTAGAGGTTCTCTTCTGCCAGGAAGCTGTGGCCGGGAAAGGCGCTCCGGATCCGGTTCACGATCATCTCCTCGCAGGCCCGGTCCACCTCGGTCACGATGTCGACCTCCCCCTTGAAGGAGAAGGTGAAATCCCCCCAGAGTCTCTGCTTCTGGAGAGCCCCGGCCTCGCGTGCGGCCGAGACCGCGACCTCGAGCATCTGCTGCAGCCCGACCTCACTGGACATCAGTTTCCTCCAGAAGTTCCTGCATCTCCTCGAGCAGAGTGAAGTGAATCTCGTCCTCCTCGGCCATGGTCTGGAACATCTCGCGCTCCCAGGGGTGCAGCGCCTCGCGGGCCAGTTCGGAGCAGGTTCGCGCCGAAAGCGCCTCGAACCGCATGGCGTTCCGGTACACCCCGAGGTCGCCCCGGTAGCGGGAGAGTTCCTGGGCCGAGAGCCGGCGCAGGATGCTCCTCGCCCCCTCCAGCGTGGCGGATTGGCGGAGGTCCACCCTTCCCCCCTCCCTAAGCGCCCGTAGCGCCCCCGCGTGACGCAACTCGTCGTCGCTGAACATCCTGAAGATGGTGGAGAGCCCCGCCACCCCTGCCTCGGCGCTGCAGCGCTCGTAGTACCCTATGCCGTCCCCTTCCTTCCGGAGCACCATGTCCCTGGAATCCATATCTCCCTCCCGAGATGTCTTTTTCTGGCTGGAAAACATTAACAGGAAATCTCTATATTTCAAAAGGGTAGGCGTTTTTTTCCCGACGCGGAAAGGCCCAACAAGAAAAGGGGGACCTCGCGGTCCCCCCTCTCGTCGCATGCTG
CP077684.1_gap57	2943535	2947138	3603	GGAGTGCGGGCTGGACGAGACGATGCTGCGCGAGGTGATCGACTGCGTGCGCAAGGTGAATCCCAAGCTGTACCTGTTGCAGGAGATGACCGGGGATCTGTAATAATGGCAGTGCACCGGTTTGATTACTCTGCCCGCGGTGTTAAACTGTGTCAATGATTCGTGACTCTGTCATAAAAAAGTCCTTTTGACTTTCCAGGGCATACAGATCTGCATCAGAAACAATCGGAATTTGCAGGAGGTACGCGATGAAGCTGGCCGCAGTCCTAGCTGCTCTTATCTCTACTCTTTGCGTTGCTGACGTTACAGCATCGTCAGCCGAACCGCTGAAGTTCGGCGTCGCGGCCATGATCTCGCCGCAGGAAACGGTGAAATACTACCGGCAGATCATCGAATACGTGGGCAAGCGACTGGGACGACCGGTCGAGATGGTGCAAAAGCAAAATTACGACGAGACGGACAGGCTGCTGGAAAAAGGCGAGCTGAAAATGGCCTTCGTCTGCTCGGGGCCTTACGTGATGGACAAGGAGAAGTTCGGCGTCGAGCTCCTCGTGGCGCCGCAATCGTACGGGGAGCCCTTTTACTACGCCTACATCATCGCGCACAAAAGCAGCAACGTCACCGACCTGGCGCAGCTCAAAGGAAAGAGCTTCGCCTTCACCGACCCCAAATCGAACACCGGCAAGATCGTCCCCACCTACATGATCGGCAAGAGATTCAACCTCCCCCCCGAGAAGTTTTTCGGCAGGATCATCTATACCAAGACCCACGACAAGGCCATCGAAGCCGTAGCGAAGAAAATCGTCGACGGCGCCAGCGTGGACAGCCTGATCTACAACTACGCCGCCAGCAAGGACCCGCGTTTCACCAGCCAGACCAAGATCATCGCGAGGTCACCCCGCTACGGCATCCCTCCCATCGTCACCCGCAAGGACATCGACCCCGCCTTGAAGGCGCGCGTCAGGGACATCTTCCTGAACATGCATAAGGACCCGGAGGGGAAAGCGATTCTCTCGGCCATCAAGATCGACAGGTTCATCGTCCCCAGGGATGCCGACTACGACTCGGTTCGCGAGATGGAGAAGTGGCTCAGGATGAACATCAAGTAGGTATCCGCCCACAAGGGAGCCCGCTTCGGAAACCGCAGGGGGCGCCGCCAGGGGAAGGCAGGTATTCATGGGGTGGTGGCAGATCAACAATCTGAGTCTGCGGCGAAGGTTTTTCCTCCTTTCCTTCAGCATCATCCTCGTTTTTTCAGTGGCCGTGGCGGCAACCCTGTTCGCCGCCCAGAAGAACAAGCTGGAGCGCTCGCTTGAGAACAAGGGGAGAGGGCTCGCGAGGTATGTCTCGTCGGTCTGCACCGACGCGCTCATCCTGAAAGACACCCTGCAGCTGGATGCCCTGGTCGCCGAACTGCACGACGACGAGATCATCTACACCGTGATCGAGGACGAACAGGGAAACGCCCTCACCACCGCAATCGCCAGCCTGAACAGCTCACGCGCCAAGCTCAAGCCCTACCTGGACAGGCTCCCCCCCGACGCTCCCATCGGCACCATCATCGCGGCACTGAAAAAGGACCTGGACGTCGTGGAGTTGTCCCAAACGATCATGGTCGATTCATCGGTGCAGGGGGCGGTGCGGATCGGGCTCAGCAAGCACAACATTCAGGCGCAACTGCTGCGGCAGACCGCCATCATCCTGGTGGGAATGCTCTTCATGTCGCTCACCCTCGCCATCGCCCTGAACGTTGCCGCGAACCGGCTGGTGCTGCGCCCGGTCAGCGAACTGGCCCGGGTCGCCGACCAGCTCACGGCGGGGAACATGGCGGCCAGGGTGACCTCCTCCTCGGTCGGCGAAATCGAAACGGTTTGCAGAAGTTTCAACCTGATGGCGCAGCGGCTGGAGGGCGACATCGCCGAGCTCAAGCGCGCCGAGGCGAGCGTGCGTCTCGCCCAGGAGTCTCAGGAAGCCATCCTGAACTCGATGCCGGACCTCATGTTCCGGACCGACCGGGACGGGGTGATAAAGGAGTTCCACTCATCGGCCATGAACCTCCTTTACCTCCCGCCGGAGCAGTTCATGGGGAGGAGCATCCCGGACATACTGCCGGAAGAACCGGCCCGGATCATCATGGCGGCCTTGGCGGAGGCGGAGAAAAACGGCTCTCACAGAGGGGCCGTATATTCCCTCGCCTTGCCGCAGGGGGAGATGTGGTTCGAACTTTCGGTCACCGCGATGGGGACCCCCTGCACCGGCTTCATAATGCTGGCCCGCGACGTCACCGAGCGCAGGCGCATGGTCGAAGAACAGCAGCAGCTGGAGAAACAGCTCCTGCATTCCCAGAAGCTGGAAAGCCTTGGGGTGCTGGCCGGAGGGATCGCCCATGATTTCAACAACATCCTCATGGCCATCATGGGCAACGCCGAACTTGCCCTCATGCGGACCAACAAGGAGTCGCCGGCCATAGGCAACCTGCGCAGCATAGAGCAGGCCTCGGCCCGCGCCGCCGACCTGGCGGCCCAGATGCTGGCCTACTCCGGCAAAGGCAAGTTCATCATCGAACATCTCGACTTGAACCGCCTCCTGCAGGAGATGCTGCACATGCTCGAGGTTTCCATCTCGAAGAAGGCGGTGCTGCAATTCGATCTCGCCGAGTCGCTTCCTCATATCGAAGCCGATACGACACAGATCCGCCAGGTCATCATGAACCTGGTCATCAACGCATCCGAAGCCATCGGGGAAAGAAACGGGACCATCTCGGTGAAAACCGGCAGCATCGAGTGCGACCGCAGCTACCTGAGGAACGTGTGGCAAAACGAGGAACTTCCGGAGGGGCTCTACGTATATTTCGAGATAACGGACACGGGCTGCGGCATGGATGACGACACCCTGGCCAAGCTGTTCGATCCCTTCTTCACCACCAAGTTCACCGGTCGCGGCCTGGGGATGGCGGCAGTCCTGGGGATTGTCAGGGGGCACAAGGGGGCCATCGTGGTTTACAGCGAGCCCGACCTCGGGACCACCATCAAGGTGCTCATACCGGCCAGCGACCAGCGGGCAGAGCCCGCAAGGCCCCAGCCCACCGCTTCCGTGCCGTGGCAAGGGGCCGGGAACGTCCTTCTGGTCGACGACGAGGAGACCGTGCGCAACATCGGGTCGGAGATGCTCAAAGAACTGGGCTTTTCCCCGATAACGGCCAACGACGGTAAGGAAGCGCTCGAGGCGTACCAGGCCACCCCCGACATCCGGTTGGTCATCCTGGACCTGACCATGCCCAACATGGACGGCGACCAGTGCCTGAACGAACTGAAAAAGATCGCCCCCGGCGTGAAGGTCGTCATGTCAAGCGGCTTCAGCGAGGTCGAGCTGAAACAGAAATTCCTGGGCAAGGAGGTCGCCGGGTTCATCCAGAAACCCTACAAGCTCTCGGAACTGAGGGAGATCCTGAGAAACGTCAGTCCAGGCACCTGAACACGCCGGAACTCCAGAGGCAGCTGCCGCAGGGCTCGGTGTTGACGTAGCAATCCTGGTCGAAACGCTCTGCCTGCACCAGGTCGCAGGGGGAGGTGTTGCACTCGGCGCAGGAAGGGTAGTCGTGAC
CP077684.1_gap58	2987630	2989837	2207	TCCCCGCACCCGTCCCGGCCGCCCCCGCGGTCCAGCCCCAGCCTCAGCCAGAACCCGACCCGGAACAGGCCGAGGAAGAGGCTGAGCCGCTGCCGCCAACCCCTCCGCCACAGCAGGTGCAGGCCGCGCAGCCCGCCGCCCCCGCGCCGCAGCCCGCGAAAACCCAGACGGCCGCCGAGGAACGCTCCCACACCACCTTCGGGATGGGGCTCACCAAGGGATACTTCAGGACGCTAAGCGACGGCGAGACGCTCCGCCCGGAGATCAAGGAGTACTACATCAGGCTGCTGCAGGGGGTCAACGAGAAGTGGTGGTTGGAACAAAAGGATCAGAAGGTGGCGCCGATCGTGGTGAACATCACCATCACCCGTAGCGGCGAGATCATCGGCAGCACCATTTTGGAAAGTTCGGGAAACATCGTCTACGACCGGGCCGTGCAGAAGACGCTGGAATCGGCCGGTCCGCTTCCCCCGGTCCCCCCCGACTACATCGGGGACTTCTTCCAGGCGCCGGTTCGCCTGGTCCCACCGCTCAACCTCTTATCTTGGTAGGGGTCAGGCCCCCTCTTCCAGCTCCAGGTCGATGATGTCCGGGACCTCCTCGCCCGAGAGGGCGGAGAGCCTGCTGGAAGCATCCTGGTAGGCGGGATTGGCGCGCATCACCTCCCGGTACAGCTCGATCGCCTTTTCCACCGCGCCGCTTCCCTCCGCAAGCACGGCCAGCTCGTAGTTGAGACAGGTCCGCTCGTCCTTGGAGATCACGTCCAGGTCCAGCCCGCGCCGCAAGAGTTCCTCGGCCTTGGCCGGCTCCCCCTTGTCGCGGTAGCAGATCGCCTGCAGGGTGAGGCAGTCGAAACGGCGCTGCGGGTTCGCCGCGGCGATCTCGAACTCCTTGATGGCACCGGCGTACATCCCCATCTCCTTGTAGCCGATCCCCAGATCGTAATGCGACTCCAGCTCCTCGAGGTCGAGGTCGGCGGCGCCGGCCTCCGCTTGCGGGAAGATCTCCTCCCAGCCGCGCGGCTGGACCTGCTCCGGGGCGGTTAACGCTTCCGCCCCCGGAGACGTCTCCGCCTCCAGATCAATCTCAGCGACCGGCTCCAGCTCCAGCTCGACCTCCTCGATCTCGGTCGGTTCCGCGGCTTGCTCGGGTTCGGCGGGCTCTTGCGGCAGTTCCGCCTCTTCTTCCCAGGAGAATTCGCCGATGGGGGCTTCCTGGTCCGGCAGGGTCAACTCCAGCTCCCCTCCCTGCTCCAGGTCGAGCTCGACCACCGAAGCGGTGGCCTCTTCCGGCTCGGCCTCCTCCAGTTTCTCCTCGACCTCGTCGAAGTTCAGCTCCAGCGAGAAATCGAGCGGGAGCTCCACCTCGGCCGCTGGCGGGGCTGCGGGCTCCGGCGACGGCTGGGGAGCCTCGACGACGGCCGCCGCTTCGGGAGCCGGTGCCGCTTCGAAGAGATCATCGTCCAGGTCGAGTTCGATTTCCTCTTCCCAGGCTATGGAGCCCGCCGTCTCGGCGTCTTCCTCTTCGGTGTCCCACGGGGCAGGGGCCTCGTAGGAGGCCGGGGATGCCTCCACGGGTGCGGGTTCGGGGTGCGGCGTCGCGGCGGGCGCCGCGAAGGGGTCGGGGAGCTCAGCCGCGGGAGCGTCCCAGTCCGGGAGCACCGGCTCCTCGACGGGAGCCTCCCAGTGGGCCGCCGGCGCCTGTACTCCGGGCACCTCCTCACCTGACTCAAAGCCGGTCAGGGAAAGCCCTTCATTTTCAGACAGAGGTGCCGGCTGGGCCTCTTCCTGTTCCGGGAAGAGCTCGTGGGCACGCGCGGCGACCGAGGCTGCCTGGTCCGCAAGGCCGCGGCTGCGCAATCCGGCAGCCAGAGCGGCAAAGGCCTCCCTGGACTGCTCCTGTGCACCGGTCGCATAGAGCAGTTCCGCATACTTCAGCTTGGTGGCGGCGTGCTCGGCGTCTACGCCCAGCATCTTTTCCACCACTTTGAGAACCTCTTTCAAGGCTCCTTCTTTCTCGTACTGCGCCGCCACCTGACTGTATTCGGCCATCGCGTTGCCGATCAGCCCCTGCTGGTGATTGAGGTGGGCGATGGTGAGCGCGGTGGCGAGATTGCCGGGGTTGAGACGCTGGATCTGCTTGTAGATGGCGATCGCCTTGAGGAAATAGCCGTTGTCGGCGTAGTGCTTGCCGATGTCCTCGTACTG
CP077684.1_gap59	2990964	2993646	2682	GTCGATGCGCGGCACCGTGACGGTGTCGGCGAGAGCGGAGTCGGCCAGGTACCTGACCTTCTGGTCCAAGGGGCGGCGCGCCTGGAAGACGCCGTCACTGGCGGGCTCGTTGCGAAGCCCGGTGATGGAGCGCGTCACGTTGAGAGCCGGGAGGTAGGGGTTGTCGGAGCGCTCCGGGTAGATCTCCTGGAGCACCACTTCCCCCCTGACCCGCGCCGGGGCATCCTGCGGCACGGGCTCCCGCACCCACGCCTCACCCTTGAAGGCGTTCAGCACCACCGCGCGCCAGTAGAGCCTCTGCTCCGGCACCCTCGGGGTGACCGCGCGCAGCACGACCCCTTTCACCTCCGCGACTGCGGGGGCGGTCCCCGGCTGCACCGTGTCGGAGAAGCCGGTCTTCTTGCCGACCGGGGGGTTCATGAAGTTCCAGATCGGGAACTGGGTCCTGGGGAGAAAGAAGAAGAACAAGAGGAGCAGCGGCAGCGAGGCAACCGGGATGAGCGCGGCGACGCCCAGCACCCTCTTCGCCTCTTTTCGGGAGAGGACGCTGGCCGGGTCGTCGGCATGGAAGGTCAGAAGCACCAGGGCCACCGCCAGCAGGAGCAGCAGGGAGAAGAGGTAGGCCAGGAACAGGGCGGAGATCTCGTAGAGCGAGGAGGCGGACAGGCAGAACAGCGCCAGCGCGAAGGCCTGCAGGTAGTTGCGCCCGGTCCGCTCGCCGAGGAGCCTCACGCCGAGAAAGACCACCAAGAGGTCTGCGGTCACCGGGACCAGGCGGCTCAGGGAAAACCCCGAGGCGAGGTACGCAAAGAGCAGTATCGACGCCGGCGTCAGCACCCGCGGCGGCAGGGCGCGCCCCCGCACCTGGAGGAAGGCGGCCAGGGCGAGAGCCGCCGGGAAGAAAAAGCGCGCGAAGGGATCGAGGTAGGCCTGCAGCGGCAGGTATCCGATCAGCGCGACGCAGGCGGTGAGCCCGCTCAACAGGAGGTCAATCTTTACCATAGCCGGCAAGCTCCGTGAGCAGTCTGAGCCGATGGGCCCTCGTATTGGCCGGGGAGATCACACGCGCCCCAAGCTTCAGGCCGACCGGGCGCCCACCCTTGATGAGGCGGTTCACCAGGAAACTGCAGAAGGAAAGGCGCTGTTCCAGGTCGCGCCCCGGGATCAGGTCCAGGTCGAGTAGCAGCGGCTCGGCGGCCGTCGCCGTCAGTTCCTTTACCTTGAGCACCTCGTGCTTGGCGGAGAGGCGCCAGTGGATCAGCTTCAGGGGCTCTCCGCCACGGTAGTCGGAGATCTTGGCCAGCTCCCCGTCGTAACCGGCGACAGCCACGGAAGCGGCCTCCCCGGCGTCCGGCTTCCCGCCGGGAGCCGGCACCGTCAGCGCACGCGGCGCGGGGAACACGGTGCAACGCTCGGCAACGGGGAGCGCGGCGGCACGGACGAAGAAGTTCACCGGAAAGGGGGAACTCACCGATGCCGTAAGCGGCTGCAGGGGGCCACGCACCGGGAAGCAAAGCAGCAGCGAACCCGACTGCGGCCGATCTTTCTCGATCAGCAGGAAGGTGGTGGAACTCCCCGAGAGGGTGACCCGGATCAGGAAGGAAGGGAGGAACTTCTTGGCGTTGGCCAGGGTGACGGAGACGAAGGTTTCGCCGCCGGCATATACCTCGTCGGGCAGATGCACGCTGAGTGCGAGCCCACGGATGTTGAGCCACCCCAGGACCCCCGTGGTCGCCATGAAAGCGAGCATGGCGGCGACGATGAGAAAGAGGAGGTTGTTGCCGGTGTTGACCGCGGACACCCCCAAGAGCAGCGTCGAGGCGACGTACAGCCCGCCCCCCTTGGTGAGCCTTATGTGAGCGGGAGAGGGATCTCCTTTAAGATCGCGTTTAATACGTGCTCCTTGTCCACCCCTTCGTGCTCAGGGCGGAAGATGAGGCGATGCGGGCAGACGGCATGGACCACGTCCCTGACGTCCTCGGGCGCCACGAAGTCGCGGCCGTGCAGGTAGGCGGCCGCCTTGGCGGCATCCACCATGCCGATGCCGCCGCGGGTGGAGAGACCTGCCTGGATCAGCGGGTGGTTGCGGGTCGCCTTGATGATGGCGTAGACGTAGTCGGTCACCTTCTCGCCGACGTACACCTCGCTCTTGACGGTCCTTATGGCGGTCACCAAGTCGTCGATCCGTACCAGAGCCGGAATCTGCAGGATCTCGTCGCGTATGCTCCCCTGCCTCAGGATCCCCTTCTCGATCTCCTCGGGGGGGTAGCCGATGCCGGTGCGGATCAGGAAGCGGTCCATCTGCGACTCGGGGAGCGGGTAGGTCCCGACCTGCTCCACCGGGTTCTGGGTCGCCAGCACCAGGAACGGCTCGGGGAGCTGGTAGGTGACCCCCTCCACCGTGACGCGGCGCTCCTCCATCGCCTCCAGGAGCGCGCTCTGGGTCTTGGGCATGGCGCGGTTGATCTCGTCGATCAGGACGATGTTGTTGAAGATGGGGCCCCGGATGAAGTTGAAGCGTCCTTCGGTGCGGTCGAAGACGGAGAGGCCGGTGATATCGGAGGGGAGCAGGTCGCTGGTGCACTGGACCCGGCCGAAGGAGAGCCCGAGGGCGCTGGCAAAGGCAAGGGCCATGGTGGTCTTGCCCAATCCCGGGATGTCCTCAAGGAGGATATGGCCGCC
CP077684.1_gap60	3003609	3006672	3063	CGTAGACCTGATCCGCCATGGGGAGGAAGGAGCAGTTGTCCGGGACGGGGTCGCTCAGGTAGACGGTGACGTCCTTGCCGCGCGCGGTGAGGTAGTTGGCCAAAGCCAGGGAAGAACCGACCGCGTCGGGGTCGGGGCTCTCGTGGCTGGTTACCAGGAAGCTCTGCGCCTGGTCGATCTCCGCCACTATCCGCTTAATCTCAGCTGTTGTCGCCGTCATCCGTAGCCCCAATCTCCTTCAGAATCGATTCGATATGCTGGCCGTAGTCCAACGAGGTGTCGTACTTGAAGGTCACCTCGGGGGTGAAACGCAACTTGAGGGCCTGACCGATCTCTTTGCGGATGAAGCCCTTGGCGGAGTTGAGTCCCGCCTCACTGTTCTTCTTGGCGGCATCGTCGCCGTGCACCGTGAAGTAGACGGTCGCCTGCCTAAGATCGGCGGTGACCTTGACTCCGGTGATGGTGAGAAAGCCTATGCGGGGGTCCTTGAGACCCTTTATCAGGAGTTCCGAGATGATCTTGTGGATCTCTTCGGCAACCTTGTCGGAACGCTTTACCATGATTGTTTCTCTCTTGTCAGTCGGGGAAGTGCCATTGTCATGGACCACTCACCCGTAGGGGCGAATAATCATTCGCCCTGCCTTGCCCGCCCACCTTGCTCCGGGCGGAAAACGGGCTGAATCATAAAACGATAAGGGGAGAGGGCCTACCGCGGCCGGGATGCCGGACGCGGGACGCCGCTCCCCCCGTGTGTTCGTCGGTTACAGTTTGCCGGCCACCTTCTCCATTTCGAAGCACTCGAAGATGTCGCCGACCTTGATGTCGTTGTAGTTCTCGAGGCTCATGCCGCACTCGTAGCCGGTAGCGACTTCCTTCACGTCGTCCTTGAAGCGGCGCAGGCTCCCCAGTTTTCCTTCGAAGACCACCACGTTGTCACGCAGCAGGCGGACCTGGGCGTTCCTGATGATCTTGCCGTCGGTGACGTAGGAACCGGCGACCATGCCCGCCTTGGGCACCGAGAAGACTTCCCTGATCTCGGCACGGCCAAGGTATTTCTCCTTGAAGGTCGGCTCGAGGAGGCCTTCCATCGCCTTCTTGATGTCGTCCACCGCGTCGTAGATGATGTTGTACAGCCTGACGTCGACCCCTTCCTTCTCGGCGAGCGCCGCCGCCTTGACCTCGGGGCGGACGTTGAAGCCGAGGATGATGGCGTTGGAGGCGCTGGCCAGGTTGACGTCGGTCTCGGTGATGGCACCAACGGAGGCGTGCAGCACGTTGAGACGGATGGCGTCGGTGGTGAGCTTCCTGAGGGACTCGGCCACGGCCTCGACGGAACCCTGCACATCGCCCTTGACGATGGTGTTGAGGTCCTTGACCTCGCCCTTCTGGATCTTCTCGTAGAGCTGCTCCAGGGAGAGCTTGCTGTGCTTGGCCAGTTCGGATTCGCGCAGCTTCATCTGGCGGTGGTTCGCGATCTCCTTGGCCTGCTTCTCGTCGGTCATGGCCACGAAGATGTCGCCCGCGTCGGGCACTCCGTTGAAGCCGATGACCTCGACCGGCATGGCCGGTCCGGCGGCGTTCACCTTCTCGCCGCGGTCGTTCTGCATGGCGCGTACGCGGCCGAAGTGGATGCCGGCCACGAAGTAGTCGCCTGCCCTGAGGGTACCCTCCTGGACCAGGACGGTCGCAACCGGGCCGCGCCCCTTGTCCAGTTTGGCCTCGACCACGGTGCCGCGTGCGGTCTTGTCCGGGTTGGCCTTGAGCTCGAGGACGTCGGCCTGCAGGAGAACCATCTCGAGCAGCGACTCGAGGTTGATCCGCTTCTTGGCGGAAACCTCGACGAAGATGGTCTCGCCGCCCCATTCCTCGGAAACCAGGCCGAACTCCATCAGTTCCTGCTTCACCTTGCTCGGGTTGGCCTCCGGCTTATCGATCTTGTTGATCGCCACGATGATCGGGACGCCCGCAGCCTTCGAGTGGTTTACCGCCTCGCGGGTCTGCGGCATGACGCCGTCATCGGCCGCGACCACCAGGATGACGATGTCGGTGACCTTGGCACCCCTGGCGCGCATCGCGGTGAACGCCTCGTGGCCCGGGGTGTCGAGGAAGGTGATCTTCTGACCCTTGAGTTCCACGTCGTAAGCGCCGATGTGCTGGGTGATGCCGCCGGCCTCGCCGGCGATGACGTTGGCCTGACGGATGGCGTCCAGGAGCGAGGTCTTGCCGTGGTCGACGTGACCCATGATGGTGACGACCGGCGGACGCTTCTGCATTGCCTCCGGCGCATCGGGCTCCGCCTCGAGCAGTTCGTCCACGTCCAGCGCCACGTTCTCGATCTCGTAGCCGAAATCGGTTGCGAGGAGGGTTGCGGTGTCGAAGTCCAGCGGATGGTTGATGGTCGCCATCACCCCGAGCTTCATGAGGGCGCGGATCAGGTCGGTGGCCTTGATGCCCATGCGCTTGGCCAGTTCGCCAACGGTGATGGACTCGCTGATCTTGATGATCCTCTTGATGGCCTTCGGGACCGTGATCTCGGTCTTCCTGCCGACCTGGACCTTCTCGACGTACTTGCCCTTCTTCCCCTTGGAGCGGGGACCGGGCTCAAAGACCCGCTCGCGCTTGTCGAGCATGTCCTTGAAGCTGTCCTTTTTCCCCTTGCCGGCAACTGCGGCGCCCTTCTTGCCGTTCTTGCCGAAGTCGGTGCCGCCTGCGGGGGCAGCCTTTCTCCCCTTGCGGCCGCGATCGTCCAACAGCGGCGGCGGCTCGATCGGGGTCAGCGGTGCCGGACGGTCGGGGCGCGGCCCGGTGGGGCGCTCGCCGGGACGGCCTGCACCCGGGCGGGGTGCCGGACGCTCGGTGCCGGGGCGCTCGACGCCGCGGGGCATCCCTGGGCGCGGCGCGGGGCGCTCACCCTGCGCGGGACGCTGGTACTCGCGACGCTCGGCCGGGCGCTGGGTCGGGATCGGGATCTCGACACGGCCGAGGATCCTGGCGCGGGTCGCGGTCGGCTTGTCCGGTTCGGGCTCAGGCTTGGCTGCAGCGGCCTCGGGCGCCTTGGCCGGT
CP077684.1_gap61	3146802	3150305	3503	GCCGCCTCGAGAGCGGGGTAGATCTCCTCCATCCCCCGGCCGATGATTGCTTCCAGGGCCTCGTACTTGCGTCCTCGTTCGGCGTCGCCGACAAAGAGGAGGAGCTCGGGGAGTGAACGTTCCTGCAAGGGGGGGAACTCGGTGCCAAGGGTGTCATAGGGCAGAAGCATTTTCGACGTTCTCCAATTTCCTGTAGACGAGGCAGGCCGCATCGGGGACCGCAGCGAGGTCGTGGCTGAAAAGGTGCAGCGGCTCGGCGTCGCCGGTGAAGAGGTGCCCCCCCGGGGCCAGGAGCCGGGAGAGGGTTTCCACGAGGAGCTGCTGGCAGCTCGGCGCGAAGTAGATCATCACGTTGCGGCAGAACACCAGGTCGAAGCCGCCCCAGCCGGTGGCGAGCTCCGGGGGTAGCTCTCCCTCCATGAGCTGGTTCAGGTTCAGCGGAATGAAGCGGACCAGCTCCCTCAGCTCTTCCCCCACGAAGGCGCCGCCGGCGGTCGCCGTGAAGTATTTGCCGATCAGGTGGGGGGGGATGTTGTGCAGCCGCTCCGTTTCGTAGAAACCCTCCCGCGCGGCCTTGAGGCAGCTCTTGCTGATATCACCGGCCACGATCTCGATGTCCCACGCCTTGGGGTAGCGCAACCCCTCCATGAGGGTCATGGCCACCGTGTACGGCTCCTCGCCGGTGGAGCAGCCGGCGCAGAGGACCCGCAGCTTCATGACGTTTTCGCCGGCGCCGTTCCCGCTTCCCCCCCACGAGCGCATCATCTCCCGCCCCCGCGCCAGCTCCAGCCCTGGCAGCACCGCCTGCCGCAGGTGCCGGAACTGGTCGGGGTTTCTGAAGAAGAAGGTCTCGTTGATGGTCATCAGGTCGAGCAGGGACGCGTACTCCCCCGGGGTTTGTTCCAGGTGCCCCAGGTAGGAGCGGTAATCCGCGAGACCCAGCTGCGCCAGCCGGGTCTCCAGCCGCTGCCGGAAAAGTGAGAGCTTGCGGGGGCCGAAGTAGAGCCTGCTCCTCTGGAAGACCCGTTCACGTATCCGCTCCAGGTACGGGTCCGGCGCCCCGTCCCGGCAGGCCAGGTTTCCCCCGGTTTCCATCTCAGGCCACCTTGAAGGTCCCAACCAGCGCCGTCATCTCCTCGGCCTGCTGGGTGAGGTTTAGCGCCGCACGCGAGAGCTGTTCGACGGCGGAGAGGTTTTCGCGGGTGATGTCGCTTATGTTGTCCATGGCGACCACGACCATCTCGCCCCCCTTCTTCTGCTCCGCGGTGGCGTTGGCGACGGACTGGGTCATGGCGGTCATGCCGTTCACGGCGGTGACGATCTGGCGCGCGGAGAGGGACTGCTCCCGGGTGGCGAGGGTCACCTGGCTGGTCACCTGGTTCATGTTCTCCACCGCGATGCGGATCTGGCGGCTCCCCAGGGCCTGCTCCTTGGCGGAACCGGTCACCTCCTGGGTGAGCTGGTTCATCCGCTCCACGGCGATCCGGATCTGCCTGCCGCCGGCCGCCTGCTCCCGGGCTGCGTTGGCCACCACCTCCGAAGCCCCGCTCATCTGCTCCGCCGCCCTTATCACCTGGTTGGAGGCGTTGGACTGCTCGGCGGTCATGCGGGCGATGTCGGACATGAGGGTGCTGGTGCGCTCGATGCTGGAGACGATGTTCTCCAGCGAGTTCCCGGCCAGGGTGATCAGCTCCATGGAGTTCTTCGCCTCCTGCGAGGCGATCTCGCCGTACTTCACCGACTCGCCGGTATCTGCCTGCACCTGGCGGATCACGAGGGCGATCTCCTTGGTTGCCCCCATGCTCCGCTCGGCGAGCTTTCTCACCTCGTCGGCCACCACGGCGAAGCCGCGCCCCGCGTCGCCGGCGCGCGCCGCCTCGATGGCCGCGTTCAGGGCGAGCAGGTTGGTCTGGTCGGCGATCTCGCCGATCACCTTGACGATGTTGCCGATCTCCTCGGAGCGCCGCCCGAGGGTCAGGATGGAGTCCGAGGTCTTCTCGATCACCCGGGCCACGCGCTCCATGGCGGCGACCGCCTGCTGCCCCGCCTCGAGGCCGGCGCCCCCCTCCTTGGCCGCCCCCTTGGCCACCTGGTCCGCTTCCTCCACGTTCCTCGCCACCTGGCGGATCGACGCGGCCATCTCCTCGATGGTGGAGGACGAATCGCCCACCACCTTCTGCAGCTCCTGGGAGTTGGCGGCCACCTGGTCGATGGAAACGGCGATCTGCTCCATGGTGGCCGAGGTCTCGGCGACCGAGGACATCAGCTCGTCTGCGTTTTGGGCCACGTTTTCTATGGAGATGGTCATCTGCTCGATGGTGGCCGAGGTCTCGGCGACCGCGCTCGCCATCACGTCGGCGCTCTTGGCCACCTGCTCGCTGGAGGCCCCGAGCTCCTCGATGGAGGAGGAAACCTCGTCCGCGTTGGCGGCCAAAGCATCGGCGTTGCCGGCGACGGTCTGGATGGAGGCGGCCATCTGCACCATGGTGGCCGAGGTTTCCTCGGTGGCCGAGGCCTGGCCGTGGGCGGACTTCGTGAGCTGCTGCGTGTTGGCCGAGATCTGTCCGGCCGCGGAGGCGACCTCACCGGAGGTGCCCCTGATCTTGCCGATCATGGCCATGAGGTTCTGCACCATGATCTGCATGGCGGAAAGGAGCTCGCCCACCTCGTCCTTCGAGTTCACCTCGACCGCCACGGTGAGATCCCCCCGGGCCACGGTCTTCGCCACCTCGACCGCCGCGTTGATGGGCACGGTGATGCTGCGGGTGATCAAAAAGCTCACCAGGATCCCCGCGATGAGGCTTACCAGGATGCTGGAAATGACCAGGAGCGTCACGTGGCGGGAGAGGTCGATCATGACCTTCTCCTTGCTGTCCATGCGCTGGTTGCTCTCGTCGGCGATCTCCTTGGAGACCTCCTCGAACTTGTGGATCCCCGCCTTGTACGGCTCGATGGCGGCGTTGGCCTGGGCCGGGCTCTTGATGCGACCCGCCTCTATCCCCTGGTAGATCTTGTTGAAACCGGCCTCGTAGGCGGAGAGCTCCTCCCTCATCGCCTTGACCGCGTCCTTTTCCTTCGGCAGGACAACGATCTTCTCCAGGTCCTTCAGGCGGTTCAAAAGGTGGTCGCGCTGTTCGCCCCACTTGCCGAGGTATTCCTTCTCGTGCTCGCGGCTGCCGATGTTCAGGAAGAGGTCCTTCTCGTAGCGCCGCATCCCCACCACGTTGGCCCGCGCCCGGGAGGCGTGTTCCGAGATGGTGGCGTCCCCCTGCAGCATGGCGATGGTGGTCTGGGTGCTTTCCTTCACCCCCCAGTAGCCGGTGCCGCCGACCGCGACCACGATGAGCAGCATGACGCCGAAACCAAGGCCGAGCCGGCCCCCTATGCGAACGTTCTTTAACATCTCCTTCTCCTTTACTGGTAGTGCCCCGTGCTAGAGCAGCAGTGCGCGGTTGAGGTTCAAAATGATGATCAGGCGGCCGTCGAGTTTCCCCATGCCGTTT
CP077684.1_gap62	3163549	3164547	998	CCGCATCCTTCACCCTCAAGACCTACGCCGTAATTGCGACAGCCGGTGCGAACGGAAGCGTGACCCCCGCCGGCACCAGCGAGGTGCCCTACGGCGGCAGCGTCACCTATACCATCACCCCTGCTGCCGGCTACCGGATTGCCGATGTCCAGCTTGACGGCAAGTCACTCGGTGCGGTCCCGAGCTACACCGTCAGCAACGTGACGGCAGATCACTCCCTCACGGCGGCGTTCGTTCCGATAACCTACCGCATTTCGGCCTCTGCCGGCGCGAACGGCAGCATCACCCCGGTAGGGGAGAGCATCCTGAACAGCGGCGCGAGCATAACCTACACCATCACCCCCATCGGCCTGTACCGGATCGCGGACGTGCAGGTGGACGGCGTCTCCGCCGGCAAGCTGTCAAGTTACACCTTTACCAGCGTCTCGGCTGACCACACCATCACCGCCAGCTTCGAGCCGCTGGTGGCCGGGGTCGACTACTTCGCCATCACCGCCACCACGACCACCTCGGGGGGGAGTATCACCCCCGCAGGGACCACCAATGTCCTCAAGGGAGCCAACAGCCCCGTCTATACGGTAACTCCGGATACCGGCCACGTTATTGTCTCCATCGGGGACAACGGGGTACAGATCGCCAAGCGCCCTGCAGCGCCATACACCTACACCTTCACCAACGTCCTTAAAGCGCACACGCTTACCGCGAGCTTCCAGCTCGCCACCTTCACCCTTACCCCCATTGCCACCGGCAATGGCACTATCTCGCCGGCGTACCCGGTTGCCCCGACCTACGGGTCGAGCTACTACTTCCGATTCACGCCCGCCGCCGGATACCACATCGGCGACGTCCTGCTCGACGGCACGTCGCTTGGGCCGGTGGACGGATACAATTTCACCAACATCACCGCAAACCACACCATAGAGGCCAGGTTCGAAGCAAACGCCGCCATCACCATCTCCGCCAGCGCTGGACCTAACGGCAGCATCACCCCTGCAGGT
CP077684.1_gap63	3168353	3172612	4259	CAGGAACAACGGATCGTACCCGAAGCCCCCCTCGCCCCGCGGCGCCTCCAGGATCTCCCCCGCCAGCATGCCGTCGAAGGTCTGGCAGGTCCCGTCGGGAAGGCAGAGCGCGATGACGCAGTGGAATGCACCCGTGCGCTCCTCGCGCGGCACGCCGGCCAGCTCCTTCAATAGGAGCGCGTTGTTGTCGGCATCGTTGGCGTGCTCGCCGGCAAAGCGCGCCGAGAAGACGCCGGGACGCCCGCCGAGGTAGTCGACGCAGAGCCCGGAATCGTCGGCGAGCACCGGCTTCCCGGTGAACCGGGCCGCCGAGAGCGCCTTCTTGATCGCGTTCGCCTCGAAGGTGTCGCCGTCCTCCACCACCTCCGGGAGATCCGGAACGTCGGCGGGAGAAAGGATCGTCTCCACAACCCCGCGCAACAGTTCGGCGAACTCTCTCAGCTTCCCCTTGTTGCCCGACGCTACCAGGAGCTCTTTCATGCCTGAAGCGCCTCCCGCTGCAGTTCGAAGAGCCGGGAGAGCCCGAGCATGGCGTGGCTGCGCATGGCGTCCATCTGCTCTAATGTGAACGGCTCCGCCTCGGCGGTTCCCTGCACCTCGACAAAACGCATGGACGAGGTCATCACGAAGTTCATGTCCACCTCGGCGCTGGAGTCCTCCGGGTAGTCGAGATCGAGGAAGGGAACGCCGTCGATGATGCCGACGCTCACCGCGGCCACCGCCTCGCGCAGCGGGCTTTCGCTCAGTTCGCCGTTGTCCACAAGGTTCTGCAGCGCGTCAGCGAGCGCCACGTAGGCGCCGGTGATGGAAGCGGTGCGGGTGCCGCCGTCGGCCTGGATCACGTCGCAGTCGATGAGGATGGAGCGCTCGCCGAGCTTCTCCATGTCCACCACCGCGCGCAGCGACCTACCTATCAGGCGCTGGATCTCGTGGGTGCGTCCCGAGAGTTTCCCCTTCGCTGACTCACGCTGGTTGCGGGTGTGGGTAGCGCGCGGCAGCATGCAGTACTCGGCCGTCACCCAGCCGGTCCCCTTCCCTTTCAAAAACGACGGAACCCTTGCCTCCACCGTCGCGTTGCAGATGACCTTGGTGTCACCAAACTCGATCAGGACCGACCCCTCGGCGTGCTTCAGGTAGTTGCGGGTGATCTTAACATCTCTGAGTGCGTCCGCCGCGCGGCCATTGCTACGTGTCATCTCTGTCTCCCAAAGCCGTTCAACGCTCAACGTTCAACGTTCGTTTATCCTTCTTCTATTTAAAGCCGCCATTTCTCCGACGGCTGCATCTTCGACTCGACCTGAAGGGGTCAAGGTGCAACAGACCACGTTCGCGGTCAGTCCCCCGTGCCGCCGTTCCCCGGCGGTGACACCCCGATCCGGACCTGACCGTTGCACGTCAACCGCCCGAGCCGGCTATTCACCCGGCCACTCGATGTTCGGTTCAACGTCGAACATTGAACGGCTGCCGAGTCAGTTGCCGCTGGGCGCTGTTTTGAGCTGCGGCACGACGTTCACCTTGCCGCGGCCGCCGTTGTCGTAGATTCTGGGTCCGCTCTCCCCCCAGAAGTTGTTGGGGGCGCGGAACTCCTCGGTCCCGGCGTTGTAGATATCGTGCCCGCTGTTGCCGCTGATGACGTTGTCCCAGGCCACGCCTGCGCCGTCGAAGACAAGCATCCCCTGCATCCCGTTGCCGGTGATCAGGTTGCCGTTCACCCGGACCCGCGAGCCGGTCAGGGACAGACCGTAATCGCTGTTGCGCGCGAGCTTCATGCCGCTCACACTGCCCTCGCACTCCAAAAGGGTCACCCCGCGCCCGTTGTCCAGCGCCGCCCCGCCGGCGAGCTTGACCCGGCAGTTGTCGCACGAGAGGGCGGAGCGGTTCATGGCGAGACTGGCATCCTGCAGGTAAATGGAACTTTTTTGTGCCGAGATCCCCACCCGGTTGCCGATCAGGTTCAAGCCTCGCAGGGTCGCCTCGCTGTTGGCGAAGACAAGGCCCGTCTCGCAGTCCGAGGTGCCCCCCGTTTCCATCTGCAGCAGCGCATCCTGGAAGCGCATGCCGACCGCGCAGCGCTCGGCCCGCACACCCTTCAGAGTCAGGTTTGAAAAGAGCGCCTCCAGTCCCGTCTGCGCGCCGTCGATGCGGCAGTTCTCCAAGACGTTTTTCTTTTCGCTCCCCAGCAGGGTCACCCCCTGCCAGTCTCCCGGCGTCGAATTGGCGAAGTTGGAAGTAAAGCGGATAGGGTCATCCTTGGTGCCCGAAGCGACGAGGCGTCCCTGCACGACCAGGATCGGATTGTGCCCCTCGCTCTTTTTGAAGCGGACCACCGTTCCAGGTTCCACGGTCAGCGTCGCCTGGGAAGCCACCGACACCGCGCCCTGCACCAGCACCTCCCCGCGCCAGACCGTGTCCTCGGTCAGCATCTGGTCGACGTAGGAGAGCGCAGGGTTGAACGGTGCCTCAACGCGCTGCGCCACCGGTGCAGCCGGAGTTGCAGCCGCGCCAGCCTCGTCGCCCGCAGTCTTGACCGAACCGGTCTCGGCAGCCGCGATCTTGACCAGCGCCGTCTTGTCCGCCGTCCTGTCCACCGTCCTGTCCGCCGTCCTGTCCGCCGGCTTGTCGGCCGAAGCGCCAGCGAAGGCTGAAGCGTCAGCGAAGGCTGAAGCGTCAGCGAAGGCCGAAGCCTTGGCCAAGGGGGGCGTGCCCACCGTAGCCTTGGCGAAGAAGGGCGTGCCCACCGTAGCCTTGGCGAAGGTGGGAAGCAAAAAGGCCGCCAGAAGCGGCCCGCAGATAAATGGTGTCAGGTATCGTCTCATTGGACAGGGATCTGTAGGCTTTCCTGGTGGTAGACCTTGTTCTTGCCGCAGCGCTTGGCGAGGTAAAGCAACGAGTCCACGATATTGAACAGCTCGTCCATCTTGTCAGCGTTCTCGGGATAGCTCGCCACCCCGATACTCACCGTTACGCCGCGATTGGTCCCCTCCACCAGCCTGCTGGCGGTGCCGTTTTGCACGCTGTCGCGCAGACGCTCCGCCGCGAGGATGGCCTGCTCCAGGCGCGTCTCCGGCAAGAGCACGATGAACTCCTCCCCGCCGTAGCGGAAGGCGACGTCGACGCCGCGGATGGTCTGCAGGATCAGTTCACCCATCAGCTCCAAAAGACGGTCGCCGGCGGCGTGGCCGTAGCTGTCGTTGTAGGACTTGAAGTCGTCCACGTCCATCATGATGATGGAAAACGGCTTGTGGTAGCGCCTGGCGCGCGCCATCTCCTGCCGGAAGTACTGCTTGAAGTAGCGGTGGTTGTGCAGCCCGGTCAGCGAGTCGGTGATCGCCAAAAGCTTGGTCTGCTTGTGCAGCGTGGCGTTGTGGATCGCCATGGCGGCAAAGGAGGCCAGGATGGAGAGCAGGTTCAGCTTCTCCCGGTCGAACTGCCTCGGGGCGAAGTCGTCCAGGTAGAGAATACCCACGATCCGCTCCTGGAAGATAAGGGGCACGCAGACCAGCGAGCGGATCCCCTCGTTCAGGGCGATCGGGTTGTTGAAGAAGGGGGTTTTCTCGGTGTCCTCTATATAGAAGATCTCCCCCCCCCTGAGCACCTGCTCGGTCAGCCCCCCCGGGGCAACCTCCCAGCGCTCCTTCTTCACGAAGTCGGCCGTAAGACCCGAATGCGCGTGCAGACTGAGCTCGCGCTTCGCATCGTAATAGAGCGCAACGCTCCCCGCCGGGGTTTCGGCAAATCTCATCGCGGAGGTGAGGATGGCTTGCAGCACCGTGTCCAGGTCGAGCGTAGAGACGACGGCTTTGGCAACCTCAATCAGGTCTTTGAGCGCCTTAACTTGGGACTCGAGCGACTCTTTCTGGCTGTTGCAATCACACTGGGTCATGGAGGCTCCCGGCAGGAAAATTAGCCAGCCATTAATATCACAGCGACGCCGTGCTTGTAAATGGCCGAGCTGTGTAAACATCGGCAATTTCGTTTTTTATGAGGGGCGGAAATTTTAATCTATTAACGCTTGACTTCGTCATACATCTTGTGGTTTATTTCTGGCCGCCCACAAAATGTAGGGCCCCAAGCAAATGACATGGCTACATGTTGAATATTCCAAGGAGGACGAAAGGTTATGAAGAAAACAGTCGAAAAGGGTCAGATCCCGGGTCTCACCAAGAACGCATTGACGGTGCTGGAGAAGCGCTATTTGAAGAGGGACCAGACCGGGAAGCCCCTTGAGACTGCATCCGACATGTTCCGTCGCGTGGCCA
CP077684.1_gap64	3306809	3309988	3179	CGTCCTCGGACCTCCCGTCATCTTATTAACTTTGAGATCCTGACGTTTCGGAACTCCAGAGGGAACGTGCGTTTCCTGATCGACCCGTAATAGGCTGTCGCCGTTTTGCTGATCAGTCGGAGAGGTTTCCTTATCAGGTTGAGCTCCGGGTTTTGAATCTGTCACATGATCAGTTGGTTGATCTTCATTTTTTAGCTCAGGCTCGCGAATCGGTAGATTCGTCGGCATAGCGGCAACTCGCGCCAAAGCATCTGTGCCTCCGAATTCTTCTATAATCTGCTCCATATTTTCGTCTGCTTCTTCTCCCCTCATCTTTTTCAAGAGGCTTTTCCTGTCCTTTCCTTTGCATAGAAACATCCTGGCAAATTCACCGCCATCGCCGATGCGAAAGATTGATGCGATAGCAGCGCCTACCGAGTCGGCAAGGAGGTCAGAAGCTATATCAAGAGGATCAGCAGGATCTGAACGTACATAAATGACATTATTTTCGATTATCCAGCCCCACACCGGCGGCACAAACTCAAAATCTCGGTCTTCATAGCGAATCACGGCGACCAATTCGAAACAGACCTTGAGAGAAAGAAGCTTCAAGGCATTCAAATGCTGGGTCTGGCTCGTTTGAGATGTGCGCAGACGGTATAAAAATGGTTTTGCTTTTTGGAAATCTTCATCTCTATCATCTGCCAGCTGAAAGCTTTTCACCCGTTGTTCGATGCCCATACGATCAATCGCTTTGACGCCGAAAACGCGATCAACCTTATCTGGACCGACCCTGAATGGTAGATCGACTATTTTCAAATTATTCAAGAGGCTGGGGGGCAAACCCTCAGAATCGGCATGTCGCAAATCGGAAACCGGGTAATAGTTCGACGCGCCTCCCGCATGTCCCCACATCTTGCCGTGTTTTATAAACTCCTCTCTTGCTAGTTGCCCATGCCCCATAGCGGAATCTGAAGCGTCCAATAGCCAGCGATATAAAGCTTTGGCCTGTCGCCCCTCAGGATCGCGCTTTGGCATTTCAACAAGACGCGCATATATGTCATCCAGTTCGAGCTCCGCCAAACTCGTCACAACGCCCGATCTGCGCCAGCCATCAAGTAAATCGGCATCCGAAACACCAAAAGTATGCATAGTCTCCGATGAAGGCTTCGGTGGGCGTGGGAAGAGAGCCTCTATGGCACGCTGCCCAACTACGCAGTCTCTCGGCCTCAACGCATCCCCTGACTCATTGGGAATCCAAGTGGAATTCTCGATCTTCCAGCGAATATAGCAGGGCAACGGTTCCTTATACTGCCTGCGGACTCGATCGGAGCTGTAGATGCTTGTCAATTCAGCGTGTGACGATTGCGGTCTGCCCCATTGATGTATGCGAGTATCAAGAGCGAGCCATGCTATCACTGCCGCATAATCGGCATCTCTGACAATCTCATTCAAACCGTCAACGCTACGAACTTTCCTGAGTGAAGCATTCTGCACCTTATCCTTAGATTGGAAGATATAATCTTCGAACCTGGCAGGGTATGCTATCTTCCCTAGTACATATCCCCTAAACCCTGTGTCCACCTCGTCAATTAATATTTCTCTCGGCCATTCAGCCACCCCAAGCCAGGATAGAAAATGGCTCAGCTCAGTAGTCTCGCAAGGGGATCCCAGTTCTATAGGATCAACTAACAGCTTTTCCGGTGCCCAGCTTTCGAACAAAGCTTGTACAATATTTCCTTGCGCACCGAACCCTCGCCCAAAGTACAGTTCATCTGCGGGACTCGCCGTCCCTGCCTGATTCGGCAAAGGAAGCGGAGATTTGTCAGGATATTCCGGTCTCCTACCCGTTTTCCCTTCGGACTGATACAAACCATACACCGTACTCCGCAACTCTTTATCGATGCTGGGTGACAGCGCAGGGTTATCCCGTTTACGCCGATTCGAAGCGGCGATCAACCTCCGAATGAGATTGGCGAGAGAATATTCCTGAACACCAAATGACGAGAGTTTTGTCTGAAGATCGCGTACATCTTGCGCTTCGAGTTGGCGCATCAACTCGATGCGCAATTCGTCATGCAGAAATCTAAGCGAAAGCCATGACGGGAGAACCGGAGGCACCCCGCTACTGGGGGAGGGAAATATTCTGACAGAATCGGGGACTGGAGTACCATTGCTGTCCAAAAGCAAAGAAGAACTGTGAGCCGATCTATCAACGCAGTTCTTGATGAATCCGGAGATTATTGCGGCTCGATCTTTTATTCGAATGTCGTTGACACCTTGAATCCTGGCCTTCAGATCAGTGCCATGCATTTCTGGCACTCCCAAAGTGGCAAAAAGCTCTTTTTCCTCCTGCTCCGAATATGAGACCACATCTGAGAACGAAGTAACTGGCAGCCACTCAGCACTTGCCCCGGTCACCAGACGCGCTTCATGCGGATAGCATGCAGTACCACTGAGAGTCGGAACAACCTTTCGACTCCTCGCAGCAGCCATCAATTGCTCCGGAAACTTCTCTCGGGTAAGATCGTTCGGGTAGCTTTTCAAGGGGAGAAGTAGCCGAAAACCGGCATTCGGTCCATCTGGATATTTTTCGGAGCGGATTTCTGCAACCGTTGCGATGAATGTCGCTAGTTGTTCGAGAACGTAACTGTTGCTACCGCATTGCTGGGTATGGTTCCGGCTTTGGTTGAGAACCAATGTCGCATGGCAAACCACGGGGAGAGGGAGATCCATCTCAGTGGGGAAATGAGAGAAAAGGGGTGACGATTTCAATTCGCTCTTGCTTTCAACATCGGGGACCGCAATCATTATTTCGAAATCCAACGGACCTTTTTGGTCTGAATCCAGCTTTTCGTCCGGGATGGTTCCAGATGTGCGGTGAACCTTCCACAATCCTAATGGCTCATCATTTTGCGTTATCATCGACAGGTTTGCATCACCTTCGGATCTCCAGGTCCTCTCCGGGCAATCTTCAGTTATAAACCGTACTTCTTTCAAGTTGGAAACGAAGAGAAGAATCTCCGGCCGCAAATTGTCAAGCTGCTTACGCGCCGCATAAAAGGCATTAGGTTGATCGAACGGCATCCCCATGACCGTGTCATATCCCTCTTCCCTCCATAATTTGCACCGCTCGAGAATCAACTTTTCCGCAGCACCACCCGCCAGATCATCGACCCTCCCGGTTTCGCAATAACTTG
CP077684.1_gap65	3414970	3416844	1874	CATGTGTTGCTCCTTTTCGGGCCTGACGGGCAGGCTGTTGCTTAATCGCGCCACGCGGGCGTGGCGAAAACTGTTCATTGGGCGGCGCCACAGCCGCGCGAGCCGCAGCACCCTCCGACGGGCGCCTTGCCGCCGATGTCCCGACCGACCGCGCTGCGAAACTGCTGCGGCGTGACGACCTGGGCCACCTGGGAAGGGAAACCGCTCTTCTGCACGGCCTGGGCGAGTTTCTCGGGCGCGGTCTGCTTCGAGTCGTAGCCGGCCACCACCAGACCCGACTCGAAATCCACCTCCGCCGCCGCCACCCCCCTTTGGGACTGCAGGGCCTCGGTGATCTTCTTGACGCAGGCGCCGCAGGTCATCCCCGAGGTACGCAGCACCACCACCTGGTCGGCGGTCGCCCCGACCCGCACGTAAAAGGCGAAAACGGCCAGGACGGTCACCACGGCCAGGACGAGCGCGCTGTTAAGGATCTTGTTTCTCATCACGTTGCCCCCGGTTCGGCGCGGGGCGCAGCGTGCGCCCTCCTGCCCGAACGCACAACGCTATTACAAGGAACGTGCCAGGCAACCGGAGGCGGGGTAACTACCCGGCATCATTGCACCGGGTTTCCCTCCCGGGGAGCCGGTTCGGGCGGCCCTGTGGAATATCCGGCAGGCGCAGTAGGATTTTCCACAGTGTCAACCGGAGACGGGGAGGCGCACCCTGAAGGTGGCCCCCCTCCCCGGCTCGCTCTCCACCTCGAGGCTCCCGCCGTGCCCCTCGACGATCTTCTTGGTGATCGAGAGTCCCAGGCCGGTGCCGCTCCCCTTGGTGGTGAAGAAGGGCTCGAAGATCTGGGCGATGGCATCGGGTGCGATTCCCGCGCCCTGGTCGGCGATACGTATCTCGATGCTGCCTCCCTTGCGGTCGAAGGAAGTGGAGACCCGCACCGTCCCCCCCTCCGGGGAGGCCTGGATCGCGTTCAACATGATGTTCAGGAAGGCCTGGCGCAGCTTCTCCGGGTCCGCCACCAGCCGCGGCAGGGTTTCGCGGGAGAGGTCGAGACTCACCCCGCAGCCGCGCGCCTGGGCCGACAGCAGGGTCACCATGTTGCCGAGCTCCTCGTTGACGTCGCACTCTCTCTTGTCGGCCGGCTCGGGACGCGCCATGCGCAGGAAATCCTCCACCACCCGGTTCAGCCTGTCCGACTCCTTGACCAGGATCTCCAGGAATTCGCCGCGCCGAGAGGCGGGGGGGGCCTCCTCCATCAGGATCTCCGCCGTGCCACGGATCGAGGCGAGCGGGTTTCTAATCTCGTGGGCCAGTATTGCGGAGAGCTCGCCCAGGGCCGACAGGCGCTCGGCGCGCCGCAGTTGTTCCTCGATCCTGATGATCAGCTCCGACTGGGTCTTGAGCTGCCGGTAGGAATCCTCGAGCCCCTGGGCGGTCCGTTCCAGCTCCTCGCGCCGGCAACGCTCCTGCTGCGAGAGAAAGCCGGTGATCCCCCCTACCACGTTGTAGAGGATTACCTCCAGGTACTTCTCCATCTCCATGGCGATGTGCCCCCCCCACTGGAACAGGATGTGCGGGGCGTAGGCCACAGTCACCAGGATGGCGCAGCCGATGCCCCCGCGGAACCCGAACCAGTAGGCGGCAAGGATTATGGGGATGTAGTACAGGCGCTGGAAGATGTCGTGCAGCATCCCCAACCTGAGCGGTGTCAGGTAGTGCAACAGGCTGATCGCCACCACGCAGGCGAACAGGGCGCCTCCCTTGATCAGGCCGGCAGGCCGGCTGGCCGGTGACACCCTACTCCTCCACCCACCCGATGCACGACACCGGGCAGAGCTCTACGGCCTGCGTCTGGATCACATCCTCCGCGGCGCCGGCAG
CP077684.1_gap66	3421447	3424651	3204	ACATCAAGCCGGAGTGGTACTTCCTGGCCAACTACCAGACCCTGAAGATCTTCCCGAGCGAGCTTTTGGGGCTCTCGGTGCAGGCGGCGGCGATGACCTTCCTGGCGCTGCTCCCTTTCATCGACCGCTCTCCGGAGCGGCATCCGCTGAAGCGGCCGGTATTCCTGACCCTGGTGATAGCGGGCATCCTGCTCTGGATCGCTCTTAGCGTATGGGGGCACCTGTCATGATTCGCAAAAACACCCTGGCCATCCTGCTCCTCGCCTCGCTCGCCTTCCTGAAGCCGGTCCTGGCCGCGCCGGTGGAGCAACCGGAGACGGTCTGCATCCAGTGTCACGGCACGCTGCCGGACCGACTGGGGGCGCCGGTCAAGCTCTGGCGCAGCAGCATCCACGCCGACAACGGCATCTCCTGCAACGGCTGCCACGGCGGCGACCCCAAGGACGCGGCCAACGCCATGACCCCGCAGCGCGGCTTCCTGGGTGCACCGAAGGAGAAGGATATCCCGGCCTTCTGCGGGCGCTGCCATCCCGGCGTCTACAAGGATTACCTCTCCAGCGCGCACGGCAGGGCCCTCGGCGCCGGCGGCCCCACCTGCGTCACCTGCCACGGCAACCACCAGGTGGTGAAGGCGTCGCTGGCCCTCATCAACGAGAAGAGCTGCACCCGCTGCCACAGCTTCGACAGGGCCAAGGCGATCCGGGACGCCATGCAGCAGACCGAAGGGTACATCGACGACATCTCGCGCAGGATCGCGGATTTCCAGGTAAGCGGCGTGGACACCGAGAAGATGGGCAAGTCGCTGTTCTCGGTCAGAAACCGCTTCCACACGCTTTTTCACGACGTGGACGTGGCCCGGGTGAAGGGGGAGTCTGCCGCCATCAACAAGGAGCTGGGAAAACTGGATGCGGCCTTGAAGGAGATCGAGCAGTCGCATCAGAAAAGGCGGGTGGCGGGAGGGATCGCGGTCGGCTTCATGGTCCTGCTCGCGCTCCTGTTCCACCTGATGAAGAAGAGTTACGACTAGAGCTTTTTGAGGCCGAAGAGGAACTTCTGGTACTGGACCTGGCCGTTTTCGGTGAGCGGCTGGGTGATCCGGGCCAGGGGTTCCGCCGCCGGGGGGCCGTAGAGGACGCCGGGGGGGACGTTCCTGGTGATGACGCTCCCCGCGACCACCACGGCCCCCTCGCCTATGGTGACCCCCTCCAGTATGGTGCAGTTGGGGCCGATGAAGACGTCGTTTCCGATCACCACCCCCGTCCTGGCATCCTCGGGGGAGCGGTCGCCGAGGTAGAAGTGGGCGAAGACGGTGCAGCCCAGGCCGATGGTGACGTTGTCGCCGATCTCGATCTTTTCCGGGTGCTGGTCGTCCAGGTAGACCAGCTGGCTGATCCAGACGTTTTTTCCCATGCGCACGCCGCGCACCTTGTGCAGCCAGGGACGCAGCGAGTACCCCCCCGGGGAAATCATCGCGAGCTTCCCCAGTATCCTCTGCATGATCCTGCCGCTCATCGTCCCTCGCATCGCTTCCCTACCCTTCGCTGCCGGCGCAGGAAGCCCCGTTGCGCTTCCCTTCAACGAACGCCGCCACCCGCTGCACCGAGTCGAGGTTCTCCGGGATCAGTTCATCGTCCGCCACGGCGACCTGGTAACGCTCCTGCAGGTACGCCACCAGTTGCAGGATCCCTGTCGAATCGATGATCCCCTCTCTGATGAAGGAGCTGTCATCGGTGAGCCCGCCGGCATCTCCGAAGAGGAAATTCTCGACAACGAAATTTCTGATCTCGTCCTTTAGGTTCATCTGTCGCCTCCTTTGCCTAAGCTGTCACTCCCACTCCACCTCTTCCACCAGAAGCGGCGGGAGGTGCAGGTAGCGCGTGGTCTTTCGCTTCGTGTCGATGTCCCGGTACACCATCCGCACCTGTTGCGGTTCGAGCCCCAGGACCGGGGCGGCGCTTTCCGCCGTGACGTCGTGGTTGCGGGCGTAGAGACAGAGGTCCATCATCTGGTAGGGGAGCGAAAAGTAGAACTCGTCCTGCCCCTGCGCCAGGGAATAGGTGTCCGTGGTCGGCTTTCTGCTGCGGATGTCCTCGGGGATCCCCAGGAATTCCGCGAGCTGGTACACCTGGGACTTGTACAAGTGGGCGATCGGCTTGATATCGGCGGCGCCGTCACCGAGCTTCACGAAGAACCCCTGGTCGTACTCCAGACGGTTCGGCGTGCCGGCGACGGCGTAGTTGAGCCTGTCTGCATGGTAGTACTCCAGCATCTTTCTGATGCGCTGCTTGAAGTTGGTGGCCGCCACGATCTCCAGGTAGGGCTGCAGGGGGAGACGCACCGTAGACTGCACCTTCTGGGCGTCCTGGGTGACCAGGTAGAACGAGGTGAAGCGGGGCTGGTTTGCCACCCCGGAGATGACGATCTTGGAGGCCCAGCCGTCACCGTACTCCGGCACCACCATCCTCACCGCGTTGTCGTACTTCTCGTAGAATCCCACCGACTGCAGGATCCCGGAGATGTCCTCCACCCGGGTCGGGATGCCGAGCGCGGCGGCGACCTTGCCGCTCAGCGCCAGGGTCTCCCGTGCCGAATGCCGCTCGGGCATCTCCAGGCCGATCACCCGTCCCCTCCCGAGCGCCCGCACGGCCAGCGCCGCGGTCACGCTGCTGTCGATCCCGCCGGAGAGGGCTACCACCACCCCTCCCCGTTTCACCTGGTTGCGCATCAGTTCCCTGATCCTGGCGCAGATCCGGTCGGTCTCCCGTTGCGGGTCGAGCCGGAGCACCTGGGCGGAAAATCCTGTTGTCGTTGTCATAGGGCACCTTCTTTCATGACCACGCACCGGGTGGCGTGCGGCATGGATTGACGTTTTAGCGACTGCGGTCCGCGGCAGGCCGCCTCAGGAGCACAGGCTCAGGCAGGAGGCGCGGTCGATCTTGCCGCTTGGGTATTTTGGGAGTGCCGCGACCAGCCGTACCTCCCCAGGGACCTTATGCCTGGGAAGCCGGGCGTGGCAAAAGGAGAGCAGGGTCCGGTCGCTGGGATCGCTTCCCAGGGGAACCGCCAGTGCCACCAGCTTCTTGCCCAACAGCGGGTCGTCCAGGCCGAGCACCACCACCTCCAGCAGGAAGCCGCTGGACATGAGCACCTCCTCGACCTCCTGCGGGTCGATCCGGTGCCCCCCCACCTTGAGCAGGTGGTCCT
CP077684.1_gap67	3481469	3483968	2499	AGAGCAACACCGGGAGCAGAAAAAAGGCAAGCGGCATCAGGCGCATGGGGCACCTCGCAACGAAGCCTGGGGCTAAAAAGCACAAAGCACAACTTTACAGCGCCCCGGTACCATTGCAAGCAGCCGGTATGATTACTTCTCTACGTCGAGAAGCTCCACTTCGAAGATCAGGGTGGCGTTCGGGGGAATCACCCCGCCGGCGCCGTTGGCACCGTAGCCCAGCTGCGGCGGGACCACCAGCTTACGCTTGCCCCCCACCTTCATGGACATGACCCCCTCGTCCCAGCCCGGGATCACTTCGCCTGCCCCGATCCTGAAGATGAAGGGCTGGCCGCGATCGAGCGAGCTGTCGAACTTGGTGCCGTTTTCCAGGGTCCCGGTGTAGTGCACCTTCACCCCCTTGCCCGAGGTCGGGGAGGGGCCGGTACCTACCACGAGGTCGGTATAGGAAAGACCGGAGGGGGTGGTCACCGCCCCCGCGGCGACCTTGGCTGCGGTTTTTTCGGTTGCCGGCTGCTTGGCGGGATCCTTCTGGGAGCAGGCGGGTATGGCTACCGCCGCCATGAGCAGCAGCAGCACGAGGAACTTCTCTACGTTGCGCATCAATTTTCCTCCGTGAGGTTTTGGTATGCAGTTAATCCAGCAAATGGATGAAGAGGCCGCTTCTGAGTTTGGGCTCGAACCATGTCGATTTGGGCGGCATGATCTTGTCCTCGTCGGCAAGCGACATCAGTTCCTCGATCGAGGTCGGGAACAGCGAGAAGGCCACCATGTACTCCCCGGAGTTGACCACCCGCTCCAGTTCCTCGACGCCGCGGATGCCGCCGACGAAGTGGATGCGCTGGTCGGTGCGGGGGTTGCGCACCCCGAGGACCGGGCTGAGCAAGTTGTCCTGCAGGATGGAGACGTCCATGGAGGCGACCGGGTCGTTCTCCTGGAAGGAATCCTCGCGGGGGGTGAGCTCGTACCACTTGCCTCCCAGATACATGCCGAACTGGTGGCGCTCCCCCGGGTTGACCGCGCCGGAAACCGGGGTGACCTCGAAACGCTCGCCGACGCGCGCCATGTACTCGGCGACGCCGCGGCCGTTAAGATCCTTCACCACCCTGTTGTAGGGCATGATGGTCATCTCGTTGTCCGGGAAGATCACGGTGAGGAAGTAGTTGTACTCCTCGCTGCCGGTGTGCTTCGGGTTGGCGTCCCTTCTCAGGTCCCGCACGCGGCTCGCTGCGGCGCTGCGGTGATGCCCGTCTGCGACATAGAGGGTCGGTATGGCGGCGAAGCTCATGGTGAGGGATTCGATCAGCTTCGGGTCGGCGATGTCCCAAAGGGCGTGGGAGACGCCGTCATCGGTGGTGAAATCGTACAGGGGCGTCCCCTGGGTCACCCGATCGATGGTCGCCGTGATCGCGGCATCGTGACGGTAGGTGTAGAAGACCGGTTCGTCGTTCGCGTTGAGCGCGTCGATATGTTTGACGCGATCCTCCTCTTTGTCCGCCCTGGTCAGCTCGTGCTTCTTGATGGTGCCGGTCTGGTAGTCGTCCACGCCGGCACAGACCACGAGGCCGGTCTGGGTGATGCTCCCCATCTTCTGGCGGTACACGTAGTAGCGCTCGGTCTCGTCCTGCAGCAGCGCCCCCTCGGCCAGGAATCGCTCAAGGTTTTCACGCCCCTTGAGGTACACCGGCTCCGAATGCACATCGACCTCCCGGGGAAGATCGATCTCGGGACGGGAGATGTGCAGGAAGCTCACCGGGTTGCCGGCGGCCATCTGGATGGCCTCCTCGGTGTTCATCACGTCATAGGGAAGGGCGGCGACCTTCTCAGCCAGCTCCTTTTTGGGGCGTACCGCCTTGAACGGCTTGATAAATGCCATAACTGCTCCTGTCTCTTTTTTCGTTCAACGTTCAACGTTCACCGTCAACGTCTTAACACAAGTTCTCGGTTCGATGTTCTACGTTTGAGGCTTATCGGCCGCCGGAGCGCCGGGATTAAAAATACCGTTTCGCCCCGACGAACTTCTTCTGGAAGTAGGACTCGTCCATGGAGCTCACCTTGATGTCGTCGCCGCGGCGCGGCGCATGCACGAACCGGCCGTTGCCGACGAAGATGCCGACGTGGTTGATCTCGTCGGAGGAAGCCCCGAAGAAGACCAGGTCGCCGTCTTTGAGCTCTTCACGCCCGACCGCGTCCCCCACCCGGTACTGCTCCCGCGAGGTGCGCGGGATGTTGACGCCGCACAGGTTGTAGACCGCGCGCACGAATCCGCTGCAGTCCATGCCGTCCACCACGGTGTCCCCGCCCCAGCGGTAGGGGATGCCCACGAACCGCTCGGCGGTGCGGGCCGCGATGTTCCCCATGTCGCTGCGGTCGCGCTTCACCGGCTCCTCGCGCTTCCTGCCAGGCTTCACCGGGGTGGTAATGGAGGGCGCGGGCGCCTTCTCGATCACGGTCTCCCGCACCAGCGCGGTGCGGTCGGGCTGCGGCGGCGCGATGAAG
CP077684.1_gap68	3545722	3548366	2644	CGGAACCCTCTGCGAGGGTGACGTATGCCTTCTTCCAGTTGGAGCGCTTGCCGATGCCCTTCGCGGTGCGCTTGGTCTTGCCGGCCACGTTGACGGTGTTCACGGCGCCGACCTTGGCGTTGAAGAGCTTCTCGACGGCAGCCTTGATCTCGATCTTGTTGGCGGCACCGTTCACCACGAAAGCGATGACGTTCTTGTCGTCTTTCTCTACCGTGGTCTTCTCAGTGATGAGCGGTTTCTTTATGACGTCATAGATGTTCATGACTGTAATGCTCCTTCAACACGACGAACGGCGGCCTCGGTAAAGACGACGCTCTGGTATTTCATGATGTCGAAAATATTGAGACCTTCGGGACCCAGCACTTTGACGTTTTTCACATTGCGGGCGGAGAGCTCCAAAGTAAGATTCGCAGTATCTGTGATAACGAGCGTCTTGTCAAGGTTAAAAGCATTTAGTACCTCGACAAATGCCTTTGTCTTGACTGCGGGAAGCTCGAAGTTATTCAGAACCGTGATCGCCTCTTTCTTGTAGAGCATGGAGAGGGCGCTTCTCAGAGCCGCTTTCCTCGCCTTCTTGTTCATGGAGAGGTTGTAGGTCTTCGGCTGCGGACCGAAAGCCACCCCGCCGCCGGGGTACTGGGGCGCCCTGGAGCAACCCTGACGGGCCTGGCCGGTACCCTTCTGCTTGAAGGGCTTCTTGCCGGAGCCGGAAACCGCTGCGCGGTTCTTGACGGCTACGGTCCCCTGCCTGCGGTTGGCGAGCTGGATCTTGACGGCCTCGTGGATCAGGTACTCGCGCACGTCGTCGTTGAAGACGGCGTCGGAGACTTCGATCTCACCGACCTTTGCTTTTTTGATGTCAAATACGTCTAACTTTGCCATGTCTATCTCCAGCCCCCGTTATCTCTTCGCCTTGACGGAGTCCTTGATAAGGACAACGCCGTTGGCGGAACCGGGGATCGCTCCACCGAGCAGAATCAGATTGTCAGCAGCGTCCACGCGTACCACTTTGAGACGCTGCACGGTCACCTTCTCGTTACCGAGCTGGCCCGGCATCTTCTTGTTCTTGAAGACCCTGGAGGGGGTCGCGGAGCAGCCGATGGAGCCCGGGGCGCGGTGGAAACGGGAGCCGTGGCTCGACCGGCCGCCTTTGAAGCCCCAGCGCTTGATGACGCCGGCAAAACCCTTACCGATGGAGGTGCCGGTCACGTCGACCAGGTCGCCCTCGGCGAACACGCCGGCCTCAATCACGTCGCCCACGTTGTAGGCCTCGGTGTTGTCCATGCGCAGCTCGCGGTAGTGAGTGAACACGCCGGCACCGGCGCCCTTGCAGTGACCCACCTGGGCAGCGTTGGCCTTGGAGGCCTCCTTCGCACCGTAACCGACCTGGATGGCGCTGTAGCCGTCCTTCTCTACGGTCTTCTTCTGGAGGACGACGCACGGCCCAGCCTCGACGACGGTCACGGCGATGCGCCTGCCGTCCTCGGCAAATATCTGGGTCATGCCCAGTTTTTTCCCAATCAATCCCTTATTCATGGTCGACTTCCTATCCTTGTATTAAAGCTTGATCTCGACGTCCACACCTGCGGAGAGGTCGAGTTTCATCAGAGCGTCGACAGTCTGCTGGGTCGGCTCGAGGATATCAATCAGGCGCTTGTGGGTCCTGATCTCGAACTGCTCGCGCGACTTCTTGTCGACGTGCGGTCCACGCAGCACGCAGTACTTGTTGATGACGGTCGGCAGCGGGATCGGGCCGGCAACGCGTGCCCCGGTCCTCTTCGCGGTATCGACGATCTCGCCAACGGAAGTATCAAGCAGCTTGTGGTCGTATGCTTTCAAGCGGATTCTAATTTTCTGACTAGGCATCTCTTCCTCGTGATGAAACAAGTTTTTCAGTTTACAGTCCATGGCATCCGGGAGGCACACTGGCGCGGCCTCCCGGACACCCGGATCTGCAAACCGTATGTTTTTCTATTCTTACTCGATGATGGAAGCAACCACGCCTGCGCCGACGGTACGGCCGCCTTCGCGGATTGCGAAGCGCAAACCTTCGTCCATTGCGATCGGGGTGATCAGGTTGACGGTCACGGAGACGTTGTCGCCCGGCATAACCATCTCTACGCCGGCCTCGAGGTCAACCACGCCGGTAACGTCGGTGGTCCTGAAGTAGAACTGCGGACGGTAGCCGTTGAAGAACGGGGTGTGACGGCCGCCCTCTTCCTTGGACAGGATGTAGGCTTCTGCCTTGAACTTGGTGTGCGGGGTGATGGAGCCCGGCTTGGCAAGAACCTGGCCGCGCTCGATCTCTTCACGCTTCACGCCGCGCAGCAGGGCGCCGATGTTGTCGCCTGCACGCCCCTCGTCGAGGAGCTTACGGAACATCTCGACGCCGGTGACGGTGGTCTTGGTGGTGGCCTTGATGCCGACGATCTCGACCTCCTCGCCGACCTTGACGATGCCGCGCTCGACACGACCGGTGGCGACGGTGCCGCGACCGGAGATGGAGAACACGTCCTCTACCGGCATGAGGAACGGCTTGTCGATGGCGCGCTGCGGCTCCGGGATGTAGGCGTCGACGGCGTCCATCAGCTTCATGATGGCCTGCTCGCCCAGCTCGCCCTTGTCACCCTCGAGACCTTTCAGA
CP077684.1_gap69	3598895	3602135	3240	CGTTAATGACCTTTCCTGGCCTTGCTCCGAAGAGCAAACCCTTTGTTTTCGAAACCTTAGCGTTTGCGGGCGGAAGGCTTCGGTTGTTTCTTTTCCACGGTCACCCGCACCAGGGAGCGGTCTAGGTTCACCACCACCACGCCGGGGGGGAGCCGAATCAGGTCCTTGCTGATCTGGATGTTGTTGTTCCCCTCCTTTGCCTTGGACAGGTCCAGGTCCACCACGATGTCGAGATTCTTCGGCGACCCCACCAGGTTGGAGAAGGACTTGAGCTGCAGATCCACCTCGTCCGGGTAGCTGCGGGTCAGGGTGAGGCTGTCGGGGAGGTTGTGGAAGGTAACCGGCGCTGTGACCGTCAGGATCTCGCCCTGGCGATAGGTGATCAAAAGCCAGCTCACCACGACCACGCAGAAGATGGCGACCTTGGGCCAGAAGTTGGAGAAGAGCCGCTTGAAGATCCCCACGCGCTGCTCCTCGCGGGATAACGGCTGCAGCAGGGAGGTGAGCCGCTCGTGCAGTTGCGCCTGCGACGCCATCACCTCCAGCTCCCCCTGCAGGGAGAGGGAGACCTCGCCCCGCTCCTCGGAAACCACCACGATAACCGCATCGGAGCGCTCGGAAAGGCCGAGTGCGGCGCGGTGGCGGGTACCCAGGTGCTGCGGCACCTCGGCACTTACCGACAGCGGGAGATGACAGGAGGCGAGGGCGACCCGGCCGTCCTTCACCAGCACCGCTCCGTCGTGCAGCGGAGAGCCGGGCATGAAGATACTGGTGACCAGGGAACCGCTCACCAGCGAGTCCATGGGGACCCCGTGCAGGATCAGGTCGTCCAGGAGCTCCGCGCGTTGGAAAACGACCAGTGCTCCGATGCGCTGCGAGGCGAGCGAGAAGACCGTGGCCGAGAACTCCAAGAGGTCGACCCGTACCACGCTCTCCTGGTGCTCGAACAGGTTGCGCAAAAGGCTCAGGCGGTACAGCGCCTGCCGGATCTCCGACTGGAATACCACGATCAGCAGGACCAGGAGCACGGTCCCCAGCTCCTGCAGGATCCAGCTGGTCATGAAGAGCCCAAGCCCCTTGGTGACGAAGTAAATCACCCCGAGGAACAACAGTCCTAACACGACCTGGAGTGCCTTGGAATTCTTGAACCAGCTGTAGAGCTGGTAGAGCAGGAAGGTCATGATCAGGATATCGGCGATATCCTGGGGCCTGATTTGCGGGAACAACGGTGGCCTCCTTGGGGGACGGCGCTGGCGGGGAGCCTTAGGCGGACGGCGTTAAAACAGGGGGGGCCGCTTTTTGCTGGCAAGCCGTGGCGCTTTGTGCTAAAAATCAAGCCTTGCAAAAGGGCTTCCCGCGTGGGGAAGCGGTCAAAATTTATAGCATTTCGGGCGCCAAAAAGGTAGGAAAATATGTACGCATTATCGGAAAAGGGTGAGCGCATCCGCGCCATGTTCGGGAGCATAGCTCCGCGCTACGATCTTTTGAACAGGCTCCTGTCGCTCGGGATCGATCGCCGCTGGCGTCGTTTCGCAGTGGGGAAGATCGGTCTGCGCGGTCCGGGGCTCGTGCTGGATGTGGCTACCGGCACCGGCGACGTCGCCCTGGAGATAGCGGCCCAGACCCCGACTTCCGTGAACATCGTCGGCATCGACTTCACCCCGGAGATGATCGAACTGGGACGCGTCAAGGTACAGGAGTCGCGTCACGCCGGCCGCATCACGCTCGAGGTCGCCCCCTGCGAGGATATCCCGTACCAAGACGGCAGCTTCGACGCCGCCACCATCTCCTTCGGCATCAGGAACGTCGTGGACCGGATCAAGGGGCTAACCGAGATGCGCCGCGTGCTCAAGAACGGCGGCAAGATCGTGATCCTCGAATTTTCCACGCCGACCATGCCCGTATTCAAGGACATCTACCACTTCTACTTCCTGAAGGTGCTCCCCAAGATCGGCGGCGCCTTCTCCCGGTTCAGCGCCTACCAGTACCTTCCCGACTCGGTCCTTGAGTTTCCCTCCCGCGAAGTGTTCAAGGGGATGATGGAGCAGGTTGGTTTCAAGGACGTTCACCACTTCGATCTCACCGGCGGCATCGCCACCGTCTACGTCGGAACCAAGTAGAAACAGGTTGAGGTTAAGGTTGAGAAAAAGGCTGTGGCTTGCGACCACAGCCTTTCTTTTTGCCCGGGCTCAAGCGACACGGTCGGCCTACTAGACTTCCTCAACCTCAACCTTGACCTCAACCTGCTTCTGAAACATGACCCGCGCTACCGGCATCTCCGGCGCGTCGACGTCTTCCTCCAGGAGCAGTATCCTACCGGCATACCCCGCGAAGATCCGTCCCAACTCACCTGGTTGCAGCAGGAAATCCTTGCGATGCTCTCCCGGCACCCCCGGCGCGTCCAGAATGGTCTCCATGAGCAGCACCCCTCCCGGGACAAGCACCTCCACCAGCGAGGGGATCAGGTCCCGCATAAGGAAGTTGAAGTTAAGGATCAGGTCGTACCCCCCTTGCGGCCGCCAGCTCTCCAGGTCAGCCTCTATGAACTCCGCGGCGACACCGACCTCGGCCGCCCGCCTTCTGGCGCGCTCCAGCCCCCGCGGCGAGATGTCCACCCCGGTCGCATCGAAGCCGTGCTGCGCCAGGTAGATGCTGTTGCGCCCCTCACCGCAGGCCAGGTCGAGAGCCCGCCTCCCCGGAACCAGGAACAGGATGCGCTCCAGCGAATCGGCCAGCAGACGCGAGGGGGCCAGCGAAAAAAAATGTTCCGGACCGCTGTAGCGCTGGTCCCATTTGACACGATCGGACTCCATCCTCCATCCCCCCCCTGCCGTTCTCCGAGTCGAGCCCCCAAAATCCGCATTTTCGGAACGATTGTCAAGCCTTTCCACTCCCGCCGGCAGTCACCGGCGCCACCGCGTCCACCCCGCTCACGCGCAGCGACATTTTCTGTCGCGCGCATGTGGTTTCCTGTAGAAAAACAGGAGGTGCACCATGATCTACCTAACCAACGATGCGCTGGACCAGGCGGTTTACTTCGAGATGCGGGGCAAGGAGGCCCTGCGCACCGGGAAATCCTTCCAGCAGGTCTACCACGGGCTCCTGGGCAACGGCGTGCACGAAGTGGAGGTTACCCTGAAAAAGAGAAGGGGCTCCGTGGAAGTGGCCTTCGGCGACAGCGCCCTGTTCTGCTTCGTAGAAGAGGACGCCCTGCGCCGGATGCTGGAAGGGATGATGAAA
CP077684.1_gap70	3616562	3618157	1595	ATGGCGTAGGCGATGGTTTCCTTGATGGTCTCGCGGGTCTCGCCGGGAAGCCCCAGCACGAAGGCGCCGTGCACCGTGATGCCGAGTTTCTTGCAGTTCCTGGTGAACTCGATCGCCTGTGCCTTGGTGACCCCCTTCTTGATGTTCTTGAGGATCTGCTCGTTGCCCGACTCGTAGCCGACCACGACGTGGTGCATCCCGGCGTCACGCAACTCCTTCAGGGTCTCGTAGTCGCAGTTGGCGCGGGCGTTGATCACCCAGGAGACGTTCAGGGGCTTGATGAGCCTGGCAATGGCGATGGCGTGCTGCTTGTCCGCGGTGAAGGTGTCGTCATCGAAGGAGATGTCCTTCACGTAGGGGAGGTTCTCCTTGATCCACTTCACCTCTTCGTACACGTTCTGCGGACTTCTCTTTCTCAGGGTCCGCCCGGAGAAGGTCTGCGGCCAGAGGCAGTAGATGCAGCGCGACGGGCAGCCGCGGCTGGCGTAGATGGAAACGTAGGGATGCCTGAAATGCGGGATCACGTACTCTTCGATGGGAAGGTCGCGCTGATAGATCTGGCTGGCGAAGGGGAGGACGTCGAGGTCGGCGATGGGGGCGCGGTCCTTGGTGTGGACTACCGTCCCCTCTCTGAGAAAGCTGATGCCGTCCACCTCTTCCCACGGTTTCCCCTCACAGAGCTCCTTCGTGGAGTAGTCGAACTCGCCGCGGCAGACGATGTCGACCGCGCCGGCAGCGAAACGGAGGCTTTCCTCGGGGAGGATGCTGACGTGCGGACCGGTGAGCACCGTAACCGTGCCCGGTTTCTGCGCCTTGACCCGGCGCGCGGTCTCCACGTCGATGGCCAGCGTCGGGGTGGAGGTGTACATCACCACCATGTCGTAATCTTTGGCTATCTCAAGACAGGCATCGAGGTCCAGACGCTGCACGGGTGCGTCGACGACGCGCGACCCTTCGATCATCCCCGCCGGGTAGGTGAGCCAGCCGGGGAACCAGAAGGAGGTCACCTCGCGCGAGGCCTGGTAACGCGCACCGGCACCTCCGTCAAAATCCTCAAAGGTCGGCGGGTTCAAAAACAACGGCTTCATATAACCCCTCCAGATTAATAGCGTCACACAAAAAAAGAAGCCCTGACTATAAGACGGCGGCCCCCCTTTTGTCAAGGCGAACCGGGGCCAACTCCGGTAAAGCGTTGCGGTGGCGGCTCCCCTCTGATAAAGTGGCCGGTCGAAAGGGAGAAGCGCAATGACCAAGGAAAACAGAAACCTGGGTGTGGTAGCCGCCATGCCCCAGGAGATCGCGCCGGTGCTGGCGCGCATAAAGGGTTACGCCAAGGGGAACATCGACGGGCGCAACCTGTACCGGTTCCCCGTGAACGGCAGCTGCGTCTATCTCATCGAGTCGGGGATGGGCCCCGCCCAGGCGGCGGCGGCGACGAGGGCGCTGATCAGGCACGCACAGCCGGACGCCATCCTCAATTTCGGCTTCGGCGGCGCGGTCCTTCCCGGCCTGGAAGTCGGCGAACTTGTGCTGGCGGACAGGGTCTTCCGTCTGGACCAGGGCATCATCGGCGAACTGCCGCAGCCCGACTCCGC
CP077684.1_gap71	3621895	3624485	2590	ATGCGCATGCTATTCCACCTCGTTGCCCAGGGGGCGGAACTCCAGGCGGGCCAGGAGCTTCTCGTGGAACTCGCGGGCCGAGTGGTACCCCATCCCCTTCAAGAGGAAGTTCCTCGCGGCGACCTCGATGATGGAGGTCAGGTTCCGGCCCGGACGGACCGGGATCTTCAGGTGCGGCAGGTCGACACCCAGGATGGTCTTCACCGGCTCGTCGATACCCAGCCGCTCGTACTCCTGGTTCGCGTCCCACTCCATGAGTTCCAGCACCATGTCGATGATCTTCTTCTCGCGGATCGAGGAGACCCCGTACAGGTCCTTGATGTTGATGATCCCAAGCCCGCGGATCTCCATGTGGTACTGGATGGTCTCCCCCGCCTGCCCCACGAGGGCTGCCGGCATCTTCTTCTTTATGTGGATCACGTCGTCGGCCACCAGCCGGTGCCCGCGGATCACCAGGTCCAGGGCGCACTCGCTCTTGCCGATGCCGCTCTTGCCCAAAAGCAGCACGCCCACCCCCAGGACGTCGACCAGCACGCCGTGGATGTGGGTGGAGGGGAGCAGGCTCTCTTCGAGGAACTTGGTGATCAGGCTGATGAAGGTGGAGGACTGGTGGTGGGTCACCAGCAGCGGGATGCCGGCGGCCTGGGCGGAACGCTTCAGGAACTCGGGGGGGTCCAGCCCCTTGGTGACGATGAAGCAGGCGATAGGATAGCTGCAGAGCTTCTCGATGTGCCGGGAGCCGACCTCTTCGGGGATCTGGCTCAGGTAGGAGATCTCGGTGTTGCCAAGTACCTGGACCCGGTCCGGATGCAGGTGCTCCGTGTAGCCGGTGAGGGCCAGGCCCGGCTTTTGGATGCGGGAGCTGTAGAGCCGATTGCTAAGGCCCTCGTCACCGCACAGAAGCTGGAGGTCGAGGCCGTAAGCCTTGTCTTCCAACAGATCCTTGATGCTGAGGCTCATGCTTGTCAATGCTTCGACCTTTCCCCCGTGCACGCGAACAGCCCCAGAAGGGGCCGTTATCACGATGGGAGGCGCCACGGGGACGCCTCCCATCCGCTCCTCGACCCGGAGTCTTACGCTCCGGACCGTTCTTTCAGTTCAAAAAGAGCGCTACGGGTTCTCCGGGGAGATCAGGCCGTAGTTGCCGTCTTTCCTGCGATACACCACGTTGATGGTCTCGGTGGAGGACTCGGTGTAGACCAGGAAGTCCTTGTGCAAAAGTTCCATCTGCATCACCGCCTCTTCGACGGACATCGGTTTCATGGTGAAGCTCTTGGTCTTGATGATGACCGGGGCCTGGGTCCCTTCTTCGATCCCCTGGGCCTGCACGATCGCCTTCTGCACCTGGCGCTCGCGCGCGTCGGAAGCCGGTTTGTGGGCCTTGATACGCTCCTTGAAGCGGCGCAGCTGGCGCTCGATCTTGTCGGATACAGCATCGATGGAGGCGTACATGTCGTTGGTCTCTTCCGCGGCCTTGATGGTGATCCCCTTGGCGTTGATGGTCACCTCGGCCATGTGACGGATCTTCTCAACGGTCAAAAATACCTGGACGACAATCGGCTCGTCTATATATTTCTTAACCCGGTCCAGCTTCTCCTCTGCGTAGCTCTTCAGCGCTTCGCTCGGTTCCATGTGCCTGAAAGTCGTGGTTATCTGCATACGAAGTACCTCCCTTTATTGTCAATACACGCGAAGTGACCGCCCGGGGCGGGGTCCGCGTTAGAAATGCTTCTTGCGCTCCGAGGACGAGCCGATGCGGAGCATCTCACGGTACTTGGTAACGGTGCGCCGGGCGATCACGATGTTGTGGTCGGAAAGGAGCTCCGCCAGGCGCTGGTCCGAGTAGGGGCGCTTAGGATCCTCGTTGTCCACCAGCTCCTTGATCTTGCTCTTGACGCTCTCGGAGGCAATGAAATCCCCCTCGCCGGTGGAGATCCCCGAGTTGAAGAAGTACTTCAGCTCGAAGAGCCCCTGGGGGGTCTGCATGTACTTGTTGGTGGTGACGCGGCTGATGGTGGATTCGTGCATGCCGATGTCCTCGGCGATGTCGCGCAAAACCAGCGGGCGCAGGTACTCGATGCCGCGGTCCAGGAAGTCGCGCTGGAACTTGACGATGCTCTTGGCCACCTTGAAGATGGTGCGCTGGCGCTGCTGGATGCTCTTGATGAGCCAGATGGCGGAGCGCATCTTCTCGCCGATGTAGTCCTCGGCCACCTTGTCCACCTGGCGGGTGCTCTTGGTGTCGGGGGCGTAGATCGGGTTGATCCTCAGGTTGGGCATACCCTCGTCGTTGAGCATGACCACGTACTCGTCCCCCACCTTGTGCACGAAGATGTCCGCGGAGATGTACTGCACGTCGTCGCTGCCGAAAATCCGCCCCGGCTTGGGATCGAGCTCGGCGATGATACGGGTCGCCGCCAGGATGTCGTTCACGTCCACGCCGAGCACCTTGGCCGCCTGCTTGTACTTGTGGCTCTCCAGGTCCTTCAGGTGGTCGCGCAGCAGCGCCTCGACCAGGCTTCCCGACATCCCCAGGCTCGCCACCTGGATCAGCAGGCACTCGCGCAGGTCGCGCGCACCCACCCCCACC
CP077684.1_gap72	3628894	3629619	725	GTAGTTCACCGTGATGTAGAAGGCGTATGCCTTGGCGCAGGCGTACGGCGAGCGGGGGTAGAAGGGGGTGGTTTCCTTCTGCGGCGTCTCCAGCACCTTGCCGTAGAGCTCGGAAGAGGAGGCCTGGTAGAAACGGGTCGTGATCCCCGCCTCCTGGATTCCCTCCAGGATGCGCACCGCCCCCAAGGCGTCCACCTCGCCGGTGTACTCCGGGACGTCGAAGGAGACGCGGACGTGGCTCTGGGCGCCCAGGTTGTAGATCTCATCGGGATGGATCTCCCGCAGCAGGCGGTTGATGGAGCTGGCATCGTTGAGGTCGCCGTAATGGAGGAACAGCCGCGTGTCCGCCTCGTGCGGGTCGCGGTAGATGTGGTCGATCCGGCCGGTGTTGAAGGAGGAGGAACGGCGGATCATGCCGTGCACCTCGTACCCCTTTTGCAAGAGGAGCTCGGCGAGGTAGGAGCCGTCCTGGCCGGTGATGCCTGTGATAAAAGCCTTTTTCATGATTCCTCCAGGGAAAATCGAATTAGATATGAATAGCATGCCGGGCCCGGACCGCAACCCGGCGCAGGCGCTGCGTCAACTGGAGGAGAGGATCTTCTCGATGATGCGGCTGGTGGAGCGACCGTCGACGAACTCGATCAGCTCGACCCGCCCTCCCATGGATTCGACCAGTTCGCGCCCCACCACCTGGTCGATGCTGTAGTCCCCCCCCTTGACCAGGA
CP077684.1_gap73	3643114	3645236	2122	CCCTCCTTCTTGATCAGCTCGGCGACCCCGGGAGCGCGCTCGGGATGGCGCGGCGCCAGGATCAGGAAGCTCTGCGGATCGCGCGCCAGCAGGTCGCGGTAAGCCGAGAGGACCTGTGCCTCCTCCCCCTCGTGCGTGCTTGCCGCGGCGAAGACGAAGCAGTCCGTGGGTATTTGGTATTTCTCCTTGATCCGGGCCACCTGCTGGGCCGGCGCCTTGACCACCGGAATGTCGTACTTCAGGTTCCCACCGACGTGCACCGCGGCGGGCGGAGCGCCTATCGCGCGGATGCGCTCGGCGTCCACCGCAGTCTGCATGCAAAGGGCCGAGAGGCGCTGCAACACCGGCCGGAAAAACCAGGACAGGCGCAGGTACCGACCGAAGGAGCGGTCGGAGATGCGGCCGTTGGCTAAAAGCACCGGGATACCCAGCTCCCGCGCGACGGCGATGAAGTTGGGCCAGATCTCGGTCTCCATGATGACCACGAGCTCCGGGCGGATCTGTTCCAGCACCGAACGGACGGCGAAGGGGTAGTCGAAGGGGAAGTAGATGCAGAGGTCGGCGGCCTTGCTCTTCTGGGCGACGCTGCGGCCGGTCTCTGTGACGTTGGAGACGACGATCTTCTTGCCGGGGAAGCGCTGGCGGATCCCCTTCAGGAGCGGCAGCGCGGCGTTGGTCTCGCCGACGGAGACGGCGTGCACCAGGATGGTCCCTCCCCCGTTGCCGATCAGGTCGAGTTCCTCGGAGGGGATGCGGCCGAAGCGTTCCAGGAAGGCGGTACGGCGCCCGCGGGAGAGAGAGCGGTAGGCGTGGAAGGGAACCAGGAGCGGCAGGATGAGCCACAAAAGCAGGTTGTAGATGATGTTGATCATGTAAGGACTTTCGTAGGGGCGAATAACCATTCGCCCGCCTTTGGCTCGCCTGATTGCTCCTGCGCGGTTACCGTGGTCGGTGCACCGGTGGGCAGGGCAAATGATTATTTGCCCCTACGGTGCGGGGCTGGCGGCGGGCTGCGGCGCGTTCTTCCAGCGCTTGTGCACCCAGTACCACTGTTCGGGGTGCCGGACCACGTACTCTTCGATGTAGCGGTTCAACCCGCAGGCATCCTCGAAAGCTGCCACCTCCGGATCCTCCGCAGCGGAGAGCCGGTACTCGGGATGTATGGTGATGACGCTCTTGTCCCCCTCGCGGTGGATGAAGGCGGGGACCAACGGTGCACCGCTCTTCCTGGCGATCAGGGAGGGCATGCGCATGGTCCAGGCCGGACGCCCCAGGAAATCGGCGAGGATCCCCCACTCGGACTGTACCGCCTGGTCGATCAATAGCCCCACCACCTCCCGCTTCTTGAGCGCGGAGAACATCGCCCGGAGCGCGCCGTCCTTGTAGATGAGCCCGTTGCCGTAGCTCTTGCGGATGCGCTCGACCATCCGGTTCAGGTGGGGGTTGTCCTGGCGCCTGGCAACCACGGAGAGCTCATGCTTGTGCACCCCGAAGGCGAGCGCCAGAAGCTCCCAGTTGCCGCTGTGGGCCGTGATGAAGATGAGTCCCTTCCCCTTGGCGAAGGCGGCGTCGAAGTGCTCCAGCCCGCGGAACTCGACGTTGTCGATCAGTTCCTGCCCACGCCCCCGGTAGATCTTGCAGACCTCGACGATGCAGCAGCCCAGGTTCTCGAAGACGCCCCGGGCCACTTCCTTGGCGGTCCCCCCCTGCCACCCCGGCTGGCGCTCCAGGAAGGGGAGGCTCGCTTCCAGGTTGGCGATGGCGATGCGGCGCCTCCTCCCCAGGAAAAGGAATGCGGTCCGCCCCAGCAACCGTCCGGCCGACAGGGCGACGCTGTTGGGGAACAGCGCGATCGTGGAGGAGACCACCACGAAGAATGCCATCTCAAGATACCAGCGCACCTGTTTCAGCATGCCCCGCTCCCCCGTTTACGCCCTGAACTGCATGCCGTGCAGGCGGCTGTAGATCCCATCCGCCTTGAGCAGGTCGTCGTGGCTCCCCATCTCGGCAACCGCCCCCTTCTCAAGCACCACGATGCGATCGGCATGGGTGATGGTGGAGAGACGATGGGCGATGACGAAGGTGGTGCGGTTCTGCATCAGGTTGTTGAGCGCCTTCTGCA
CP077684.1_gap74	3673906	3676466	2560	TGCAGCGGCTCTGATTCTTCCCGCGGTCAACTCCTGGACCGCGGAGGGCACGCGCCCCGCAGTGCCCCGCCGGACGCGGTCCAGGAAGCCCAGACCCCGCGGGATGTCCCCCAAAACCGCCCGGAGCAGCAAAAGGGAAACCACGACCAGTCCGACCTCTTCAGCGCGACCAAGGCCGAGCCCTCGTCAACCGCTTTCAGGAACCAGCCCGACGAGGGGAAGACCCTTGGCTTCGAGTTCTACCGCGACCCGCTGGATGCCAAGAAGCCGATGACGACCTTTCAGGAGGTGCGCCAGAAGGATGTGGCGGAAAAACCCAAGGTCATGGAGACGCAGCGACGCCTGCTTGAATCGCGCTACGACCTGCGCCCCAGGCTGTCGCCGGACGTCAGGATGTCGCGCGGCAAGCCGGTCGCCGTCGGCCCCACCGCGCGCCTGGGGGAGGGAACTTCCTGGGAGAAGCTGGCGGCGCTCCCCCCTGCGGAGATCAGGTCCAGGAACCTGTTCCCCTACCCGCCGCTCCCCCACCCAAAACAGGTCAACGGCGGCCAGGTCTTCCCCCGGGGGACAGCACAAAGGAGCGCCGTTACTGGTACAGCAGCTGTTCCTCGGTGTAGTAGGTTCGCTTGGACTGCACGTTTTCCTTGATGATCCTGGCACCGGTAGGCGAGGTTTTCAGCTCGGGGCGGTGCACCTTCAGGAACTCCCGGTACTCACCCGAGACCATGTCCGGGTGGCGCTTCCTCAGTTCGGCGATGGCATCTTCGAGCACCTGCGGGATGGCGGCCGCCAGGGCCCGGACCGCTTCTGGAGGGAGCTTGCCGGCTGGGGACTTAGGGGAGATGCGCGCGGCCCACAGTATCTCGTCGGCGTAGGCGTTGCCGATACCGCCGATGAGTGCCTGGTCGAGCAGCAGCGGCTTGATCAGGGTCCTCGGCTTCTTCCGGCAGAGCTGCTGCAACTGGTCGACCGTCAAGTCAAGGGCGTCGGGTGCGTCCCTCTCATCGCCGGGGTTGAGGGCGACGCTGGCCCATCCCTTTTCGTCGCTGACGGCAAGGACGGAGCCGTCGTCGAAGGTTACGGTAAGCACTAGGTAGCGCAGGCGGTCGAGTTGGCCGGAGTCGGTCAGGACGAAGCCGCCGGTCAGCATCAGGTGCACCCGCAAAACGGTCCCGTTGCCGAACCGGAAGGCGACCTGCTTCCCGGCTCTTTCCACGCCGGCGAGCGTTGCTCCCGCAACGGCCGAGGATAGTTCGGCATCGGAAACGTTGAGTTGCCCCCTCTGGTGGTATTCCACCCTGCGAACTTTCTTGCCGGCCAAGGCCTTGTTCAGATTGTCAGCGTAGATTGTGAGATCGGGCAGTTCTGGCATGGTTCCTCCTGAAGGGGAGAAGATCACGGGGTGAGCGTAGCCCGCAACGGCGCGATGTCAACGCCCAGGGGCGAGGGATCAGTCGGCAGCAGCACCCTCGGCGCGGTAGTCGATCCCGAGCTGCCGCTCGCGCAGGCGCTTGACGGACAGGGGGAGCACCACGGCGGCGAAGATCAAGGCGCAGCCGGTCCACTCCTCGGCGGTCAGCCTCTCACCCAGAAGCAGCGTCCCCCCGAGCATGCTCCAGACCGGATCCATGGTGTAGATGAGTCCCGCCTTGGTGGGGGTGGTGTAGCGCTGGTAGGTGTTCTGCAGGGTGAAGCAGATCACGGTCGGGAAGATGGCGCAGTAGATGAGCGACCCGAGCGAGACCCAGGTGACGGACAGGGGGGCCGAAGGAAAGAGCAGGTCCAGGGTCCCTCCGACGACGGCCACCGTTGCGAATTGCACGAAACTCAACAGGTAGATGTCCTCGTCCCGTAGCAGCTTCGACACCGAGATGATGTGCAGCGCGATGAACAGCGCGCACAGGGTCGACAGCAGGTCGCCCTTGTTGAACCCGTCGACGCCCCCCCGGGCGAGCAGCCAGAGCCCCGCCAGGGCAAGCACCAGCCCGGCGGCGCTCAAGCGGTCCAGCCGCTCGCGCCAGAAGGCGAAGCAAAGCAGCGGGATCAGCAGCACGAACAGGTTGTTCAGGAATCCCGCGCGGGAAACGCTGGTCCCGCTTACCCCGAGGACGAAGGAGAGGTTCGTGGCCGCCAGGGCAAGCCCCACCACGAGCCCAGTCCTGAAGGTGCTCCAGTTGAAACGCCCCAGCCGCGGTAGGCACAAAAGTCCCATGAGCAGCGTCGCCAGCGCGAAGCGGTAAAACAGGAAGGTGATCGGGGGGATTTCGCGAAAGCCGATCTTGTTGAAGATGAAACTGCCGCCCCAAAAGACGGTGGTCAGTATCAACCAGAAGGTCGCTTTGGATGAGCGAGGGTCGTCGTGATGTGATCTTTGCATCCGCATATTAAAGACAGGGGTGACCGCAGATGTCAACTCTTGTGACGCCGGCGAGACATTGACTTAAATATATTTTAGTTTCCGCCGGCGAACCGGCATGAACTCTTCACAGCTCCTTGCGGTACCGTTATCTTCCCTAAAGTAAAATCTACCGCCGGCCGATACTATCAAAACAGGCTCAGT
CP077684.1_gap75	3691512	3696292	4780	GAGCCTTTCATTTAAAGGAGCGACAAATGAAAAGCGTCCGACTACTCGTTATCTTCCTGATCCTTTCCACAGTCCTGTCTTCCTGCAAAAAGAAAGAGGGAGCTCTGCTCTATGAATCGGATCGAAAAGAATCTGTCCCGGCTCCGGTTCAGGAAGTACCCAAAGACATACTGAACACCCAGCAAGCCTTTACGACCCTGGTGAAGAAGGTAACCCCTTCCGTAGTAAACATCTCCACCATCGGCAAGAAAAAACTGGTCCGGCCGTTTTTCGAAGGCTCTCCCTTCTTCGAAGATTTCTTCGGCGACACGGGTCGCCCCCAATACAAAAGGGAGAGCAGCCTCGGCTCCGGCTTCATACTGAACAATGAAGGCTATATCGTCACCAACGACCACGTTGTCCGCGATGCGGAAACCATCCAGGTGAAGCTTTCCAACGAAAGCGTCTATACCGGAAAGGTGATCGGCTCCGACCCCAAGACGGACATAGCCGTCATCAAGATCAACGCGAAGGAACCGCTGCCGGCCGCAGTTCTGGGCGATTCCAGCAAGTTGCAGGTCGGACAATGGGCCATCGCCATCGGCAACCCCTTCGGCCTGGACCGCACCGTGACGGTCGGCGTGGTCTCCGCTACCGGCAGGTCCAACATGGGGATTGAAACCTACGAGGACTTCATCCAGACCGATGCATCCATTAACCCGGGCAACTCCGGCGGGCCGCTGCTCAACATCTACGGCGAGGTGATCGGAATCAACACCGCCATCGTTGCAGCCGGACAGGGGATCGGCTTCGCGATACCGGTCAACATGGCCAAGCAGGTAGTCACCCAACTGATCAGCAAGGGCAACGTCAGCCGCGGGTGGCTCGGCGTCTCGATCCAGTCCGTGACCGAGGAGATGGCCAAATCCTTCGCTTTGCCCAAGGCCGGCGGGGCCCTGGTGAACGACGTGGTCCCCGGCGGCCCCGCCTCCAAGGCGGGCATCATGCAGGGTGACATCATCACCGGCTTTAACGGAGCGAGCGTCAAGGACGTGCGCCAATTGCAGCGCCTGGTCGGGGAGACCCCCATCGGCAAAAAGGTCGAAATCACCCTGTACCGCGACGGCAGAGAGCTCAAGGTTTTAGTCACCACGGCCCCGGCGGAGAGCGCCCCGGTGCAGTCGCAGATGCAAAGACCCGAGCGCGAGGCAGGATTGCTCGGACTCTCCGTCGAGGAACTGGGCCCCGAAATGCGGCGGCGCGGCATCACCGGTGTCGTGGTAAGCGACCTCGAACCCGGCGGCATCGCCGAGGAGAGCGGCATCCAGCGCGGCGACGTGATCGTGTCGGTGAACCAGAAGAAAGTCCGTAACCTCGCGGAGTACCAAAAGGCGATGAAGGACGCGAACAACCGGGGTGCGGTGGCGCTCCTGGTGAGACGCGGAAACGCGAACATCTATTTCGCCTTAAAATTAAGATAGAATCTTGATTGAAAACTGCGTATAGTGTCCCCTGATATTTGACCGCCAGGGAGTGATCGATGAGTCTCATAGAAAACCAGGATCAGGCCAGAAGGCTGGCCAGGGCCATCGTATCGGATGTCGCCCTTTACAACCGCGAGAAGGTTGAGCAGGGAATAAAGGAAGATAACATCTTCGAGCTCCTCAACGACCAACTGGCAGAAGGAAGGGAACACTTCCAGTCCCGGGTGAGCAAAGAACTGGCGGAATCCAACATCTTCGATATAGCCGTGGTCGACGTACTGATAAAGCGGGCAGGGAAGATCGAATCCAACATCTGGTAAGCAGTACAACTTCAACACTAGACAGGTCCCGGGCGCGCTTCCTTTCAGAAACGCGCCCGCGCTTTTTTTACGGGAGTGCCCTCTCCCAGGAGAACCCAACGTAGATGGAACCCATTGAACTCATCTTCCCCTGTGGCGCCGACCCCGAACGGCTGGACAGCTTCATTTCCCGCAGCGTCGCCGAACTTACCCGCTCCGCCGCCCTCAGGCTCATCGAAACCGGCCATGCCACGGTGAACGGGCAACAGCAAAAGCCATCGCTCAAGCTCAAGGGGGGCGAGACGGTCACCGTGACCATCCCGCCGCCGGCACCCGCCCAACCGCAACCGGAAGAGATCCCGCTCGAAATCCTTTACGAGGACAGCGACATCGTCGTGGTGAACAAGGGGGCGGGAATGGTCGTGCATCCCGGTGCGGGCAACGCCGAGGGAACGCTTGTGAACGCGCTGCTGGCCCACTGCAAGGACCTCTCGGGAATCGGGGGGGAGTTGCGGCCGGGCATCGTACACCGCATCGACAAGGACACCTCGGGAACCCTGGTGGTCGCCAAGAGCGATCGGGCCCACAACGGCCTCGCCGACCAGTTCAAGGTGCACAGCATCAAGCGGATCTACCTCGCGCTGGTGTACGGTAGCCCCAAGGAGGAGAGGGGACGCATCGAGTCCGTGATCGGACGCCACCCCGTGGAGCGCAAGAAGATGTCGGGCACGGCACGGCACGGCAAGAACGCCATCACCCACTGGCGCGTCGAGGCGCGGTACCCCGGCATCACCCTGGTGCGCCTGAAGCTGGAGACCGGGCGCACGCACCAGATCAGGGTGCACCTCTCCGAGGCGGGACACCCGCTTTTGGCCGACGAGGTCTACGGCGGCGGCAGCCGGCTGTCCCAGTTGAAGGACCCTGTACTCAAGCAGATGATCAGGGCGATGGGGCGCCAGGCACTGCACGCCAAGACCCTCGGTTTCCTCCACCCGGTCACTGGAGAGTACTTGGAGTTCGACACGGAGCTCCCCCCCGACATGGCCGGCATCATCGACTACCTGGAAGAGAAAAACAGGGGCTAGGGACCGGGGCCTGGGGCTGGAAAATCCGCCCCCCCCCAACCATAGCCACCCCCCATATACACAAGAGGTGTCATTCATGGAAATGCAGAAAGCAGGAAAGATCCAGTACCTGAAACCGCGGCTCGCCGCAGGCGGCGCCGTCGCCGGCTTCACCACGCGCCACGAAGGTGTGTCGCGCCCCCCATACAACTCGCTGAACCTGGGGAGCAACACCCTGGACTCCTCGCACAACGTCGAAGGGAACCGCAGCCTGCTCGCCCGCAGCCTGGGCGCGACCCTGGACCGCTTCCTCACCGTGAGCCAGGTGCACGGGACCGACCTCCTGGTGATCGACGCACCCAACCCGGAACTGTCCCACTTCCTGAAACTGGAGTGCGACGGGATCGTCACCAACCAGCCCGGCATCATGATCGCCGTCTGCGTCGCAGACTGCGTCCCCATCCTGCTGCACGACCCGGTGCAGAACGTGGTGGCCGCGCTCCACGCCGGGTGGCAGGGAACCGCGGGCAACATCGGCGCCAAGGGCGTCGAGGCGCTGGTGAACCTGTTCGGCTGCAACAAGAAGAACATCCGTGCCGCGATCGGTCCCCACATCGGGGCCTGCTGCTACGAGGTGGACGCCCCGGTACGCGACGCCTTCAAGCAGGCAGGCATGGCCTGGGATCTCTGCGCCACCGCGCAGGGGGAAGGGAAGTGGATGCTCGACCTGGGCAAGGCCAACCGCCAGCTGCTCCTGGACGCCGGTCTTAGCGCCGACCAGATCCAGGTGAGCGAGCACTGCGTCTGCTGCAACCAGGAACTCTTCTTCTCCTACCGCCGCGACGAAGGGGACACCGGCAGGCAGGTGGGCTTCATCATGCTGGAAGGGGAGCAATAACTGTAGCGCTCCGGCCGAGCTTCTGGTATAAGACGGCGGAGAGTTAGAATCCTTTACAGGAGGCTTCAACAGATGAGGATCTTGTTCAGACTTGCCCTGCTCATGGTGGCGACCGGCGCCCTTTTCGGCTGCGCCCACAACTACTACAACATCCCCCAGGACACCCTCGAGAAGAGGGTGCGCACCATCGGGGTGGCCCCCTTCTTCACCGACGCGGAGAGCGACATCAGGCACCCGGAGAAGGCGTCGATCGTTTCCATCGTGCGCAGCTACAACCTGAAGAACGAGAAGGAACTGATCGCGAGGATCAGGAGCACCGGCATATTCTACGCCGTGCGCCCTGTTACGGCGGAACCGGACCGGCTCTTCAGCTCCCTGGTCTGGAACCGCGAGAAACGCGACGACGCCCGCATCGTCTACAACAAGTACTTCTTCAAAAAGGACGACCTGAAACAACTCATGACCGAGAACGGCCTGGACGCCGTCCTGTTCGTGACGGTGAGCGGCCTGACCAAGCCGGGGAAGGTCTTCTCGAGCAACTTCCTTTCCTACCTCGAGACGGACTTCAACTACCTCACCATGTCCGCGGTGATGCTGGACAGGGAAGGGAACACCATCTGGGAATACCCGAACTTCCGGCGTGAGTCGCCGTCCTACCAGATGTTCTTCTCGCTGCAGTACCCGGATTTCGACGAGGCGGCGGCGAACCTGACGGAGAAGGTCGACGTGAAGTTCAAGACGGTGGCCGGCGTGAACGCCGCCTTCGCCAAGAGCGAGCCCTCATCCGTCGCCAACGCCCCCGAGGTCTCCACCCTGTACGTAAAACAGTTCGACGAGATGCTCGCGCTGCTGCAGACCTACAAGCCGCTCTTCGGCGCCAAGGAGAAGGAAAAGGAGACCCTGCCCGCTCCGGTGAGCGCACCGGTCTACTACACTCCGCCGGCCGCCGCCGCTCCTATCGCTCCACCCCCTGCCGCTCCTGTTTCGGCAGCCCCGCAGGGTGTGGCGCCTGCAGCACCGGCAGCACCGGTTCCCCAACCGGCAGCACCTGCTGCA
CP077684.1_gap76	3829087	3829917	830	TAGAGCCTTTCGAAGGGGGTGCCCTCCTCGACGGAGAGCGCGTAGGCGGAGACGTGCTCGGGGGCGAGCGCGATCCCCTGGCCGAGTGCGGCGCGCCAGTCGTCCAGGGATTGCCCGGGGAGGGAGTGCATCAGGTCGATGCTCACGTTGTCGAATCCCGCCCGGCGCGCCTGATCGAAGGCCGCGAGCGCCTGGGGCACGGTGTGCGCCCGCCCGAGCCTCTGCAGCAGGCGCTCCTCGAAGGACTGGATCCCCAGCGACAGGCGGTTCACCCCGGCGGCCCGGTAGCCGGAGAGCCGCTCCGGTGTCAGCGTACCCGGGTTCGCCTCCAGGGTCACCTCGGCGTCACCTTCGAGCCCGAAGCGGAGCGCCGCCTGCTCGATCAGTCGCCCCACCAGCACCGGCGCCATGAGCGACGGCGTACCGCCGCCGAAGTAGAGGGTGGGCGTCTGCACCGGCTCCGCCAGCGCCTCGTGGCGCAGCTCCATCTCGCGCAGCAACAGCTCCACGTACCCGGAAAGTTCGTCCCCCGACCAGGCGGTGGAGTTGAAGTCGCAGTACAGGCATTTTTTCAGGCAGAAGGGGAAGTGTATATATAGACCTGCTCTCATGGCTGCAGCGCTCCTTTACCCGCCAGCTAACGTTCTAGCAGATCCCGTCTCTTCTTGTCACGTAAAAGCGCCGCAACTGTACGAAGATGCTTGAAATTCCCCGGGATGAATATTACACTCCGAACTTCGTCAGCTTCCTTCCCTTCGCGGAGGGGTCAACCAGGGTGGCGCTAAGGGGAGATCGGACAGGGCGAATGATCATTCGCCCCTACGTGCAGA
CP077684.1_gap77	3836243	3839698	3455	CCGTCCCGGTTCAAGCCGCCCGACTCCTCGACCAGTGCCGGAACCAGGCCGCCGATGAGCGGCGTGTAGCCGATGGAGCAGGCGTGTGCGAAGGCGGCGGCGCTATCCGGGAACTGCAGCGCCTCTTTCTTCTTCCTGAACCAGTTGAACATGGCGTCACCTGTGCCCGCCCAAGGCGGGTGCTGGAGCATTCCGGCTTCGGGGTAAGAAAAAAGGCGGGTCACCCCGCCTTTTTCGCGTCCGGATGTCTGTGAGGCCCCTAGGCCTTCTTCTCCGCTTCCGCGGTGGCCGCGGCAGCCGGTGCCGGTTCGGCGGCAGCGGTCCCCTCGACCTTGGCCTTGAGCTCCTCGGCCTCGCGCACCTTCTCCTCCTCGGCCTTCTTCTTGGCCTCGGCCAGCTTGGCCAGGTGCTCCTTCTCCTCTTCGGTCCTGCTATCGGCCTCGATGGTCTGCTTGAAGTCATCGGTGGCTTTCTTGAACTCGGCCAACCCCTTCCCCAGCGACTTCGCCAGGTCCGGCAGCTTCTGCGGGCCGATGACGATGAGTGCTATGACCAAAATGATGACCAGTTCAGGCATCCCGATTCCGAACATACTATTTACCTCGCTTGGTATGCGTCAAACGCGCGTTTGTCATACAAAAAGTCCAAAAAATAATAGAGGTTTTACCGACGGGTGTCAAGCTTGCAAAGGTAGGACCTTAATTGGTTTGACATGATCCCGAACATTGTCTAAGATCGGTCCTGTTTACCATATATTTCAAATGAGAAAGACAGTTTGGTGGTGACAAACATGACGCAGGCATCTTTAAAGTCCGATATTAAATCGCTGCTCAAAGAACGCAAAGCCGTGCTCCTGGCGCACAACTACATGCGCGACGAAGTGCAGGAGATCGCTGACATAACGGGAGACTCGCTGGCCCTTTCCATGGAGGCCGCCAAGACTGACGCCGAGGTGATCGTCTTCTGCGGCGTGCATTTCATGGCCGAATCGGCCTCGATACTGGCACCGGAAAAGACCGTACTCCTCCCGCGCCTGGACGCGGGTTGCCCCATGGCCGACATGGTGTCGGCCGAGGAGCTGAAGAAACTGAAGGCCACGCTCCCCGGCGTGCCGGTGGTGACCTACGTGAATTCCTCCGCCGCGGTCAAGGCCGAGAGCGACATCTGCTGCACCTCCGCCAATGCCCTCAAGGTGGTCCAGTCCATGAGCGAAAAGGAGATCATCTTCGCCCCGGACAAGAACCTGGGGAGCTACGTGGCCCGCTTCACCGACAAGAAATTCCACCTCTGGGAAGGGTACTGCCCCACCCACGAGAGGCTTCGCCCCGAGGTGGTCAAGGAGCTGAAGGCGCAGAACCCCGGCGCGCCCTTCGTCTGTCACCCGGAGTGCAACCCGGCCGTCGTGGCGCTCGCCGACCACGTCTGCTCGACCACCGGCATGTACGACTACTGCAAGAAAAGCAGCGCCAAGCGCTTCATCATCGGCACCGAGGCCGGCATCCTGTGGCGGCTCAAGCGCGAGAACCCGGAGAAGGAGTTCATCCTCGCCTCGCCGGCTCTCATCTGTCCCAACATGAAGCTCACCTCGCTCGAAGACGTGCACGAGGCGCTGGTCAGCATGACCCCCGTGGTCAAGGTCCCGGAAGAGGTCCGCATCCCCGCCAAGCGCGCCCTGGACCGCATGCTGGCCATCCCGCGGGACTAACTTGCCCCCCTCGCCCGATGCTTCCCTCGCCCTCCGGGAGAGGGTTGGGGGTGAGGGCGACGCCCGGCCTCCAAGACGAAAACAGGAAACAGATCCCCTCACCCCGCCCCTCTCCAGAGGGAGAGGGAAAGTAGACGAAACACTCCCCCCGAGGGAAAGGGAGTGCACAGAGGAGAAGGATATGATCCGCCCTTTCAAAGGGATGCAGCCGAAGATAGACCCGTCCGCCTTCATCGCGGAGGGGGCCGTCGTTATCGGCGACGTCACTATCGGCAAGGAAGCGAGCATCTGGTACAACTGCGTGGTGCGCGGTGACGTGAACTCGATCAGCATCGGGGACCGCACCAACATCCAGGACCTCTCCATGCTGCACGTGACCCACAAAAAACACGCCGAGGACCCGGGCGCGCCGCTGGTCATCGGCAACGACGTCACCGTTGGGCACAGCGTCACCCTGCACGGCTGCACCATCGAGGATGGCGCCTTCATCGGCATGCAGGCCATGATCATGGACAAGGCGGTGGTCGGCAAGGGGGCCCTGGTCGGCGCCCGCGCCCTGGTCACCGAAGGGACCGTGATCCCCCCCGGCACCCTCTGGGTCGGGGCACCCGCGAAGTACAAGCGGGACCTCACCGAGAATGAGATCGCCTGGCTGGGACGCTCTGCCGGGAACTACGTCAGGTACTCCAGGGAATACCTGGAAGATGACGCAACCGAGGCGCAGGACCTCAGCAGCGCCCCCTAACGGCAGGCAGCAGCACCAGAGATACCACCGTGGCAGCGAGCGAAACACAGACCCGCCTTCTGTACATTTACGACGCGATGTACCGGCGCTACGGGGCCCTCAACTGGTGGCCCGCGGACACCCCCTTCGAGGTCTGCGTCGGTGCCATCCTCACCCAGAACACCAACTGGCTCAACGTAGAAAAGGCGATAGCGAACTTGAAACGGGAGGGGCTCCTCTCGGCGGAGGCGATCCGGGAGGTACACCGGGAGCGGCTCGCCGAGCTGGTTCGCCCCTCCGGCTTTTTCAACGTGAAGAGCGTGCGGCTGAAAGGGTTCGTGCAGTGGCTTTTCGAGCGGCACGGGAGCCTGGAGGCGATGTTCGCCGGTGACTGGCGGCAACTGCGCGACGAGCTGATCGGGGTACCCGGCATCGGCCCGGAGACCTGCGACTCCATCCTCCTCTACGCCGGAGGAAAGCCGTCCTTCGTCGTCGACGCCTACACCCGCCGCCTCTTTTCCAGGCTGGGAATCGTCAGCGACAGGGATGACTACCACCGGGTGCGCTCGCTCTTCATGGAGCACCTGCCCCACGAGGTCCCCCTGTTCAACGAGTACCACGCGCTGATCGTGGAACAGTGCAAGCGCCACTGCCGCAAGAAACCTTGCTGCGACGGCTGCCCGCTGGGACGGGCCTGCTGCCACGCCACACCATAACCCCGGGAAACCATGAGAAACTTCGCCAACCTCTTTCTGATCCTGTTCTTCGCCGACGGTTTCCTCTCGGTACTGGACGAGCTCTCCGCGCTGGTCGCCCCGGTGGCACCGCTCACCATGTTCAGGATGCAGGTCGCCAACTCGGTCCTGCTTCTCGCTATCCCCCTCTACTTCTCACTGGGGATCGACCGGCGCCTCCCCAAGAAGCTCTTTCTTCCGCTGATCGCGTTCCTGTTCGGCTGCCCGCTGGCCGCCTGGCTCTTCCCGGCGCTGGGAGACTCCAAGTTCTTCGCCATCGCCATGGCGGCGC
CP077684.1_gap78	3912173	3914430	2257	GTGAGGTCGGCGCCGGCGAGGCTCTCGTCGATGTCTCCCTCCTTGCCGCCGGTGCCGGTCAGGCCGAGCTTCACGTGATCGCCGAACCAGTAGTGGGCCCGGCCGCCGAAGGTCATGGTGTCCAGCTCCGCGACTCCCGGCGTGTACTCGTAGCGGGCCACCAGGAAGACCGGGTTGCCGCCGATGGTGTCGCTGTGCACGAGGAGGTTGTCCGCCGCCGTCGACTCCAGGGGCTGGGTCAGGACCAGGCGCCCCTGCAGGTAGTCGACGTCGTAGTCCTGCACCGGGGTCAGGTCCTTCACCGACAGCACGATGCCCGAATCTTTGTCCCGGATCTCGATGCGCACCCGCTCGGAACCCTGCAGGATATCCTGGCGGCGCAGGTAATAAAGGGAGCCGCCGGTGCCGCGGAATTCGTCGCGGCCGGCCACCGTCCCCGGCTCGGCGGCGAAACCGTCGACCATGAAGCGCTTCTCGCCGAAGCTGGTGACGCCGGGAACCTGGTAGTGGAGGTTCGCGCCGTAGAGCCCGCGGTCCACGTGGGCCAGGTCGTTATCCAGGTAGCCGACCCTGAAGTTGCCCCACAGGCCGTAGTTCTGGTCCTTTTTCAGCTTGGCGTAGAACTTCCCGCTGGTCGGTGCGTCCTCCAGCACCGTGCCGTCGTCGCCGTAGGTCGGGAGGTGGTAATCCTGGTCGATGCGCCTGAAGAGCGACTCGGGCGACTTGTCCAGGAAGTTGGTGAAGATCTCGTCCAGGGGACCTTCACGCGTGTCGGCGCTGGCGGTGAGCCCCCAGCCGTCGCCGAACTCCCCCTTGGTGTAGAAGGCGAGGCGCCCCTCGGCGTTGAAGTCGTGGCTGTACCGCGGCCGGTCCGGGGCGAGGAGCTGCGCCGGGCCGCTGGTCTTGTCGGCGGACAGGGTCAGGTCCGCGATCCCGACGGTGAACCAGTTGTTCTTGGGCATGGAGAGGTCGCGCAGGAAGAGCTCGCCGTTGCCGGACTTGTCGAGCACCGCCACCTCGACCGTGTGCATCCCCTTGGGGAGGATCTCCTCGACGATGAAGCGCCCCTTGGCGTCCACCGGTCCCGGGTATCCGGCCAGCCAGACCCGGTGCTCTGGCGGAATCGAGCTGCCGTAGGCCTGGACGGTGCCGCCGTTGACCGGGATGTTCCTCTGCGCGATGCGGCTGCCGCCGTAGCCGGCCAGAAGCTCCCTTTCCGGGTCGGACTGGGCGGCGCCCGGCTCGAGCTGTTCGACCACCCAAAGCGGCTGGGGCACAGTCTCGTCATAGTTCCCCTGCGTGTCGTAGACGCGGACCAGGTACTTGAGCTCGCGGGCGGGGGTGACCGGGTTGTCGAAGTTCGCGCTCCACTGCGCCGTACCCTCGCCGTCCATGGGGACCACTGCCAGCGGGAGATCGCGCACCGAACGGGCCTCCTCGAAGATCCTCACCTCGGCGCGCTTGATGAAGCTGTGGTAGTTGGCGTAGAGGCGGAAGCGGACCAGGTTCTCGGGGAACTCCGTCCCGGGGAGATCCTGGTAGCGGATGCTGCGCGGCCAGGCGGTCACGTTCAGCCGGGGCTCGCTCCTCAGGTCGTCGTACTTGAACTCGATCCTGGCGCGCTCCAGCGCCACGTCGGTGCAGCGCTGCAGGTCGGGGATGCTCTTGTTCAGGTCGTCGACCGGCTTTCCGTCCACGGAGATGCGCAGGAGGTTGAGCGCCAGGGGATCGGCCGTGTTCACCTCGCGGGTCATGCGGACGATGTCCACACCCTCGTAGTCGTTGATGGGGACCTGCTCGTCATAGACGACCTGCACCTCGACCCGCGACTCTCCCGTGCCGGTGAAGCCGGTGGCGACCACGTCCGCGGACTGCACGTAGCCCCGCCCCTCGAACTCCGCCTGCTTGACGGCAAGCCCCATCTTCTCGCTCGCGGCGGTCATGCTGCGGCGGGCGCGCGCCGTGGCCCAGCCGATGTCGTCGCCGTAGACGGCGGCGGTGCGCCGGTCCAGCCGCTCGTTGTTGATGTAGCCGGTGAAGCGCAGGCGTACGTTGCTTCGGTCCTTGATCTCGTCCATGAGCCGCCCCAGCCGCTCGGTGTACCCCTCGGGGAGCACCGGGTTGCCGTCCTGGAACAGGATCGGGGGAACAGCCCCGGAGGGAGGGTCGTAGACCCTGGTGACGGTCTCGGCGCCGGCGTCCTCCGGGCAGAGCTGCGGTTCGTCGGATAGTTCCTGCATGGCATCGTCGTGCCAGA
CP077684.1_gap79	4028877	4031287	2410	GCTGGGCGACTGCAGCCGCGCCCTCGAGGAATACCGCGAGGCGGTGCGCCTGGAGCCGGACGAGGAGGTCTACCGCAAGAACCTGGCCGACCTCCTCTACGTGGAATTCGGACAGGTGGACGAGGCCATCGGCATCTACCTGAAGCTCCTGGAAAAGAACCCGCGCGAGGTGGAGACCCTGCTGAACCTCGGCATCATCTGCAAGGGAGTGGGTCAGCCCGGCGAGGCCGAGACCTTCTTCCAGAGGGCCTTGGAGATCGAGCCCTGGAACCAGGCGGTGCGCGAGCAGCTCTCGCAACTGAGGCAGGACCAGGAACCCGCTGCCGCCGCGGTGACGCCCGCGGAGGCGGAAGAGGACGAGCAGACAGCCGAGGAGCGCTACCAAAGGTCGCAGGAGCTGGTGCAGCAGGGGGATCTGGCCGGGGCCGAAGCGGAGCTTTCCGCGATCCTCGCCCTCTACCCCGACTTCGCCCCGGCGCATAACGACCTGGCGGTACTCGCCTACGACAAGGGAGACAAGGATGCCGCCCGCACCCACTACGAGAAGGCGGCACAACTCGCCCCGGGCAACAGCACCTTCCAGAAGAACCTCGCCGACTTCTACTTCGTGGAAGGTTACGACGTGGACGGCGCCATCAACATCTACCTCGACCAACTGAGAAAAGAGCCCAAGAACATCGAGACGCTGATGAGCCTCGGCAAGATCTGCACCATCCTGGACCGCCCGCAGGAGGCCGAGACCTTCTACGGCAAGGTGATCCACCTGGAGCCCTGGAACCGCGACGCCCGCGAGTGCCTTGACACCCTGAAGCAGGCGGCGAACTCGTAACCTGCGGTCGCCAGCCCCGAACCGACGACGACGCCCGGGCGACCTGAAGGTGCAACCGGGCGTTCTTGTTGGCAATTTCGTTTTTCACTAAAGTTTCCGGCGCAGGATGCCGATACGACAGGCGGCTAATGAGCATCTAGCGCGGAGGATGTTATGGCAACCCAGAAGACGGCCTGGGACTACCTGGGCGACATGTTCGACACCCTGACCTCTCAGGACACCATGAAGGCGCAGGCGGCGACCAGCGCCATGGCCACCGGCGCGGGGTTCTTCCAGAAGAAGGACTACACCCGCGCGGCGAGCGAGTTCAAGCGCGCCATCTCGCTGGACCCGACCAACTCCCAGTCGTACAACTACCTGGCCAACGCCTACCTGGCCCAGAAGAAGTACGACGACGCCATCAAGACCTACAGGACCTCCCTCACCATCGACCCGACCCAGGATTCGGTGCACACCAACCTGGGAAACATCTACCTGCAGCAGAAGAAGTACAACCTCGCCGAGAAGGAGTTCAAGGACGCCGCCCGCCTCAACCCCTCGGACACCCTGGCGCCCTACACGCTGGGACAGCTCTACCTGCAGACCGGCCGGCTGCCCGAGGCGGAGGCCCAGTTCAAGAAGGTCTCCAAGATGGCTCCCACCGACCCCAACCCCTACTACAGCCTCGGGGCCACCTACAACAAGGAGGGGAACTACGCCGAGGCGGTGAAGCAGTTGACCAAGGCGGTCAAACTCCGCCCCAAGATGGAGGCGGCGCACTTCGAACTGGGGGTCGCCTACGCCGCGCTGGGCGACAGCACCAACGCGCAGAAGGAAGTGGACACCCTGACCAGGCTCAATTCCGCCCAGGGTGCGCTGCTGCAAGCGACCATCGCCCAGCCCAAGTTCGTGGCCGCCGGCGGCGGCGAAACCGACACCTTCACTCCGGCCTTACAGGCCGGCACGGACCTCGGCAGCCTTCTCGGCGTCGATCCCAACACCAAGCTCAACATCCAGGCCAAGGAGTTCAGCCTCACCTTCTACTTCGATTCCGCCATGGATGCCACCTCGGTACAGGACACCAGCAACTGGACCATCGCCAAGGCAACCGGCGGCGCGGCGGGATACTACAACAACCTCCTACCGGTGCTCCCCACCGAGGCGTACATACCGCAGAACCCCACCAGCGTGGTGTACGACCCGGAAAAGCAGGCCGCCACCGTCACCTTCACGCTGAGCCAGAACTCCACCAACAATGCCACCATCGACCCGGCCCACATGGTCTTCAAGTTCACCGGGACCGACGCCCGCGGCAAGATCATGGACCCGACGGCGGACGAGTATGCCGGCGCGTCGGACACCCCCTTCTAGTCCGACCCGGCCTCTACCAATTGAGGCAATAAACAAACCGCTGCAAAACGACGACTGCCGCCCCTCCTTTACCGGGAGAGGCGGCAGTTTTGTTTCAGGGGCGCCCCGCCGCTTGCGGGTCGCGGGGGCAGTTGCAGCTCAATCCGCCCCCTCCGCCTTCTTGAGCGACTGCGCCTCCCCCTGCTTCTGCTTGAGACGCTCCTTGAGCTTGAGCTGCAGCAGGCTCGGGCG
CP077684.1_gap80	4032548	4036263	3715	GCGCCGCCGTTCAATTTTTTGACCCGCCCGGGTTCCCGCCGCGCGTCAAAGTTGCGGCTCCCCGTAACCAGGGGGGGCAAGGGGTGGCCGCACCCCCCGGAGCGCGCCCGGCGCGGCCTGCGGGAGGGGTAAATCCTCCCCGCACGGGGGCGGGAGCGGGGGAGGCGGGGTTGGCTCCATAATTGCAGCAAGAGGGAGCCGACGGCGCGGCATCAGGCGTCCGGACCGGCTCTACCGTAGCGGAAAGGGGTTCATCGATGAGGATAATGATTGGAGTCACCGAGATCGGCGGCAACATACCCGTGGTCGCCGGCGCCCTGCGCCAGTTGGGGCACCAGGTGACCACCGTGGTGAGGCAGAAGAACAGCTGGTGGCCCATCGAGTACGACGTCGACTTCAGCGGCCGGGACATGACCATCGAGGACGTACTCGACATCGGCTACCTGGTGGGGACCCACGACGTCTTCATCTTCCAGTGGGCCCGCACCAGCCTGCTCCCCAACCACGCCGACTACCCTTTCATAAAGAAGGCGGGCAAGAAGATCATCTCCTGCTTCGTGGGAAGCGACGTGAGGGATACCGGGGCCTACAAGCAGTGGTATGTCGACGGGCGCCGGTTCCTGGAAAAGCTCCCCTTCCCGGAGGATCCCGTGGTCAACCCGCTCTTCTCCATGAGGATGGCGGAACTGCACAGCGAGATCATCCTCTCCCAGCCCAACCAGTCGGTGCTCGGGGTGCGCCCCTACCACCACTTTTTCCTCCCCATGGAACTCTCCCTGTACCGCCAGCACATCCCGGCGCGGGAGGTGCCGGTGGTGGTGCACGCCCCTTCCAAGAGCTGGCTCAAGGGGACCGACGTCATCATGGCCGCCCTGGAAACCCTCAAACAGCAGGGGGTGCGCTACGAGCTCCGCTTCCTGGAGGGACTCCCCAACGACGTGGTGATCAAGGAGCTGATAAACGCCGACGTCCTGATCGACGAGCTGTACTTCCCGCTGCACGGCAAGCTGAGCCTGGAAGGGCTCGCCTGCGGCTGCGCGGTGGTGAACGGGGACCGGGAGGACTACGAGCCCTTCCCGGCGGAGCGCCCCTTCTGGTACGTGAATCCGGACAACATCGTGGAGCGGCTACGCCAGCTCCTGACCGACCGGGACCTGAGGATCAGGCTGGCCCTTGAGGGTGGGCCGTACATGAAGATGCACCACGACCACGTGCGGGTCATGCAGCGGGTCATGGACAAGCTGGAGCAGGGGGAAAACTGCCGCTGCGACCACTACCCGACCTTTTTCACCGGCGGGTACCGGCTCCCGGACGGGGAAGCGATCCCGGCCGAGCTGGTGGGGGCCACCACCCAGCTGGTGCGCAGATGGGGACTCCCCGAGGGGGTGAACCTTGCGGAGACGGTGGCGCGCGGGCTGCTCTCCCCGGACATCCTGAAAAATGAGCAGGCCGTACCCCGCTGGAGCCGCACCCAGAGCGGAGGTCATATTTTTGACAAGACATCCCCGGTCGAGCTTGATCTGCAGCCGGAGCACCTGAGGGAAGCGAGACAGATATGAAGTTTCTGCAAATCCTGACCTTCTACCCCGTCTACCTCAACCACTTCTACAACAGCCGGCCGGGGCTCGCCCAGCAGCCGTACGAAATCCAGCTCGAGGCCCTCTTCCAGGACGGCTTCGGCGCCTCTCACGTCTTCGCCCCCTACCTCAAGGGGGCCGGCTATGACAGCCGGATGCTGATCGTCAACTGCGAGCCGCTGCAAAGGCAGTGGCTGGCCGAGCAGGGCGAGCTTGCCATGGCGCAGCGCCCTGACCTCACCGTCCACGAGGTCGCGGCGAAGCAGGTTGAGGCCTTCCGCCCCGACATCTTCTACACGAGCGATCCCATCCTCTTCGACAGCGGCTTCGTGAGGGCCCTCTCCTACCGCCCCGCCATGGTGTTCGGCTGGCGCGCCTCCAGCGTGCCGGAGGAGACGGACTGGTCGGAGTTCGACCTCATCATCTCCAACTTCGAGTTTTCCCTGGAACTGGCAAAAAAACGAGGGGCGCGCGCTACCCGGTTCTTCATGCCCGGCTTCCCTCCCCACGTGGCGAAGGTGGTGGCGGCCGAGGAGAAGCGCTACGACGTGGTCTTCACCGGGCAGGTCTCCGAGGCCCATCACCGCCGCCGGGCGGTCCTGAACGAGCTCTGCGCCGCCGCCGGGCGGGGGAACTTCTCCCTGGACTGTTTCATCCCGGAGCCCCTCGAAGGGTTCGCGCCGGGGATCGTCCAGCACAACCATGGAGCCGTCTGGGGGATGGACATGTTCCGCACCCTGCGCCGGGGAAGGATCGCTCTCAACGTGCAGTGCGACATGGGGAGCGAGCAGGCCGGCAACATGCGGCTTTTCGAGGCGGCGGGGAGCGGATCCTTTCTCCTCACCGACTACCAGGCCAACATCAGCCGCTACTTCGAGCCGGGGCGGGAGCTGGAGACCTACGCGAGCCCGGGAGAGCTGGCGGAGAAGGTCCGGTACTACCTGGAACATCCCGAGGCACGCGAGGAGATCGCCCGGCGGGGTCAGCAGCGCTGCCTGGCCGAGTACGCCATGGACAAGCTGGCCTTCAAGATGGACGAGCTCATCAAGGAGACCCTGGCCGCCAAAGGGACCCCCGTTCCCTGCCCCCCATGCGGGAAAGCGCCTCCCGCCGCGCAAACCGGCGAGATCACGGGAAACGCGATTGCCGCAACAATCACTGAAAAAGGAAACGAAACCATGACACAGGGAACCGCACAGCAGTCGGTCGAGGAAAAAGTCAGCAGCTTCATCAAGGAATCCGTGGAGCACCTCCAGGCGGGACGGGCCATCAAGGCGATGCGGCTGGCCGAACAGGCCCTCGGCTTCGGGCTCTACGTGCCGGGGCTCCACTACCTGTACGCGGTATCCCTTGACCAGGTCGGCCGCCACGAGGAGGCCCTCGAGGAGCTCCAGAGCGAGCTGGCGAGAAATCCGGGGCACAAGGAAGCCGCCGCCATGGCCGCCCATCTCACCCCCCTGCTGGTCAAGCCGCCGCGCCCGGAGATCCCCACCGAGCAGCGCGGGTACCAGACCTCGCTCCCCCGTGAGACCCTGCTGGAGATCCAGAACACCAGCCACAACTACAGCTACCGCGGCATCCCGATGATCAAGAACCCGTTCGACTTCGCCATCTACCCGATCCTGATCTGGGACAAGAAGCCGCGGACCATCATCGAGATCGGCTCCAAGGACGGCGGAAGCGCTCTCTGGCTGGGAGACATGCTGGACAACTTCGGGATCGACGGCCACGTCTACTCCCTCGATATCGTGGGGGTCAAAAAGGTGAGCCATCCCCGGGTGACCTTCGTGGAGGGGGACGGACGCGACCTGGCGGAGAGCTTCTCCCCCGAATTCATACTGACCCTCCCGCGTCCGCTCCTCGTGATCGAGGACGCCGACCACTCCTACGAGACGAGCAGCCACGTCCTTTCCTTCTTCCACCGCTACCTGGCCGAGGGGGAGACCATCATCATCGAGGACGGCATCATCTCCGATCTCGGCATGGACCCCACCTACAGCTCCGGCCCCCACCGGGCGATCAAGGAGTTTTTGGGGCTTCACGGCGGGGACTACCAGATGGAGGGGCGCTACTGCGACTTCTTCGGCTACAACCTCACCTGGTGCACCAACGGGTTCCTGAAGAGGACCACCCCCAAC
CP077684.1_gap81	4054854	4058536	3682	GCTAGGGTTAGAACAGCCTGAGGACTGCCTGAGCTGCCTGAGACGACATGGAGAGCGAGGTGGTGCCCAAGCTCTGACGGGTCTGCAGCATCAGCATGTTGGCGCCTTCCTGGTTCATGTCGGCCAGGGTCAGGTTGTCAGCACCGGTCTGCAGCGTACTGATCATCGAGTCGGTGAAGTTCTGACGGGTGGTGATGATGTTCAGGTTCGCCGCCAGGGTCTGGGTGTTGGACCTCAGGGTCGAGATCGCGGTATCCATCTTCGCCGTGTCGGTGGTGATGTCGGAGTTCGCGGACCAGCTGTTGCTGGCGCCGCTGAGGCTCAGACCGCCTGCATTGGCCAGGAAGCCCACGACGTTGAGGCTGGAGCTTGCATCCTCGTTGAAGTTGACGGTCAGGGTGTTGGTGGAGCTCAGCAGGTTGAGGCCGCGGTAACCGGAGTCGGAGGAGATGTTGTTGACCTGGCTGCGGATGGTGTCGTACTGGGTCGCCAGCTTGGACCTGGTGGAGGTGTCGCTGGTGGAGAGAGCCGACTGTGCGATACCTTTGGCGGCGTTGATCAGGCCGGTGATCGCGGTGATACCTGCGTTGGCTGCCGAAACGGTCTGGACCGCCTCGGACATGCCGTCCTTGCGGTCGGCAAGGTCGCTGGCGCGCTGGTTGGCGTTCTGGGCTGCGAAGTAGTTGGTCGGGTTGTCGAGGGCGCTGTTGACCTGCTTGCCGGAAGAGAGCCTTTCCTGGGTCCTGTTCAGGAGCTTGCTGGTCGATTGGAGGTTGAGAAGGTTGGTCCTCATGCCTGCGGTGAGAGAGATGTCGCTAGTTGCCATGGTACTTCTCCTTTTCTGGGTGTTTGCCGGCATTCTTGCCGGGTTGAAAACCGTGTCGATCCGCTACGTTCTTTACTGTCTGGCATCCTGCCTCACGGCGAATAACTGATGAAGTTCACCCCCTCATCGCCGGCGCGTCCTGCGCTTTTGTAAAGAATATCGACACGGCGGGCCCAAAACTTTAAGGGAAAAGCACCACCTTACGATTATTTTTGTCAAATTATTGGCTATTCAAACGTTGCTCCACCTCCTCCCTGACCCGGGTCATCACCCCAGCCCAGTCCCCCGGGCGCTCCTGCCGGAAGATTCTCATGGTCGGGTACCAGGGCGAGTCCTCGCGGTCGGCGAACCAGCGCCAGTCGCAGGCGTACGGCAGGAGGAGCCAGACCGGCACCCCCATCCCCCCGGCCAGGTGGGCAGCCGCCGTGTCCACCGTCACCAGCAGGTCGAGTCCGGCGAGGATGGCGGCGGTGTCGCCGAAGTCCCCGATCTGCGGCGCGAGGTCGACGGCGGGGAGGACGCCGGGATCCGGGGTGTCGCCAAGTTGCAGGGAATAAAAGAGCACACCCGACATATCGGCGAGAGGGGCGAACTCCTTGAACGGGCAGGCGCGGTTCCTGGGAAGGGGGCCGCCGCGCCAGACCAGCCCGACCTTGAGCGTGTCCCCCTCCTCCAGCATGAGGCTCCAGAGCGAGGAGCGCCGTTCCTCGGCGTAGAGGTAGGGGCGCCAGGGGGGCATCCGCTCCAGGGTGGTCCCGAAGAGGTGCGGCAGGCTCAGGAGCTGCACCTGGCAGTCGCAGGGGGGAAGTTCCTCTCCCGGCGCGCAGACCGCGGCGACCCCGGGAACGCGGCAGAGAAGCGGCTTGAGCCCGGCCGCCTGGCAGCGCACCACCACCTTCCCCCCCCTCTGCGCCACCAGCGGCGCGTAGCGGATGAACTGCAGCGTGTCGCCAAGCCCCTGCTCGCACTGGAGCAGGATGGTCCGCCCGGCGAGCTCCTCGCCACGCCAGACCGGGAGGGGGAGCTCCGGCTCGCAGCCGGCCAGGCGCCACTCGTATTCGCGCCACCCCCGCTCGAACTCCCCCACCGAAAGGAGGCTCAGTGCCAGGTTCCAGTGCGCCTCGGGGTGCTCAGGCGCCAGGCGCAGCAGTTCCTCATAGGTGTCGATGGCCCGGAGCGGCTGCATCAGGTCCTGGTAGGCGGTCCCGAGGTTGATGCGCGCCTCGAAGTAGCCCGGGTCGAGGGCGATGGCGCGCCGGTACAGTTCCACCGCCTGCGCCGGCTGCTCCAGCACCTGCAGGCAGGAACCGAGGTTCACGTAGGCGGGAAGGTACCCGGGGTCGAGCTCGACGGCGCGCCGGAACAGCGGCTCGGCCTCGTCGTGCTCCGCGCGGCCGATCAGCAGCGTCCCCAGGTTGTTGTAGGCGTCTGCCAGGTGCGGCTTCAACTCCAGGGCGCGCCGGTAGCTCGCCTCCGCCTCCGCCGCCCCCCCCTGGTCCTGCAGGGCGAGCCCCAGGTTGTTGTAGATCTCGGCGCAGTCGGGGAGCCGGGCCAGCAGGGCGCGGTACATGTTTATGGCGCCACTTAGGTCCCCCTCGCCCCTGAGGCGGTTCGCCTCTTGGAACAACAGGTTCGGGTCCTGCCGGGACGCCTCGGGGAGCGGGGCGATCCGGCGAGCCACCGCCTCGACCACCGATTGCCACTGTCCGGGAACCTCCTGGCGGTGGAGGGTGACGCTCGGGTACCAGGGGGAGTCGGTGCGGCCGTGCAGCCAGCGCCAGTCGCAGGAGAAGGGGAGCATGAGGTGCACCGGCTTCCCCATCGCCGCAGCCAGGTGCGCCACGGCCGTGTCCACCGAGACCACCAGGTCGAGGTTGTCGATGAGGGCCGCGGTGTCGGCGAAGTCCCCGATCTCCCCGGTGAGGTCGACGAGCGCCCCCTCCCCGCGCAACGCGGCCAGGTCCTCGGCGCAGCCCCCCAGTTGCAGGTTGTAAAGGGTGATACCCGGCAGGGACGCGAGCGGGGCCAGGACGCCCGCCGGGAGCGAGCGGTAGCGGTCCCGCTTGTAGCCGGCGCTACCGGCCCAGACCACCCCGACCTTGAGGTCCCCCCCGGCCGGGACCAGGCCGCGCCACTTGGTGCTGAGGGCCGGGTCTGCCTTGAGCGGGGGGGCCTGTGGGGGGATGTTCTCCAGCGTGGTCCCGACGAGGTGCGGCAGGCTCATCAGGTAGGCGAAGGTGTCAAAGGGTGGAGGTTCGTCCCCTGCGGCGCAGAGTGCGATCTCCTCCCCCTGCGCTGCGAACAGCGGCAGCAGTTCGCGACGGCACTCGAGCACCACCCGCTCTCCCCGGCGCGCCAGGAGCCGGGCGTAGCGGAAGAACTGGATGGCGTCGCCGAACCCCTGCTCGGCGCGCACCAGGAGGGTCCGCCCGGAAAGGGGTGCGCCGTCCCACATGCGCCGCCCCAGGAACTCGTCGGAGAAGGCGCCCGCGGCATCCTTCAGGCGCCACTGGTACTCGCGCCACCCCTCCCGGTAATCCCCCACGGCAAGGAGGGTGAGGGCGAGGTTCCAGTGGGCGTCGACGCTCTCCGGATCGAGGGCGAGCGCTTCGCGCTGGGCGGAAAGCGCCTCGTCGAAACGGTTCAGGGCGAGCAGCGAGCCGCCGAGGTTCACCCACCCCTTCAGGTGGTCCGGCTGCAGCTCGACCACCTTCTGGTAGCAGCGCGCCGCCCCCTCCCACTCCCCCTGAGCGCGCAGGGCGTGCCCAAGGTGGTAATAGGCACCGGTGTAGCCGGGATCGAGGGCGATGGCGTCGCAGAAACGGGCCACGGCCTCGTCGTGGCGCTCCAGCTTGA
CP077684.1_gap82	4061483	4064201	2718	GGCCAGGTTGTAGCGCGCCTTCTGCAGGGAGGGGTCAAGCTCCAGTGCCCTGCGGTAGCATGGCAGCGCCCCTTCCAGGTCGCCGCGCACCTGTTTCACGATTCCCAGGGCCTCGTGCAGGTGGGGAAGCCCGTCCGCCAGGGCGAGGGCCGCCTCGATGCTCGCCTCCGCCTCGGGGAAGCGCCCCATCTGCTGCAGCGCCTGGGCCAGGGCGTACTGCGGCTCCCAACGGTCGGGGAGAAGCTGCGCCGCCTTGGTGAAGCGCGCCGTCGCCTCGCGCGGCCTCCCCGCGGCGGCCAGGAAGGCGCCGCACAGGTGATGGCTTCCCCCCTCGAAGGGACGCGAGGAGAGCCGCCGTTGCAGGTGGTCCCAGACAGCGTCGGACAGCAGCGCACGCAGCCGCTCCACCACCTCCCCCCACTCCCCCTGGCGCTGCTGCCTCAAAAGGCGCATGGTCGGGTACCAGGGAGAATCGTCGCGCCCGCAAAGCCAGCGGTAATCCCCCGCCATGGGGAGCAGCAGCCAGACCGGCTTCCCCAGGGCGCCGGCCAGGTGCGCCACCGAGGTGTCGATGGAGATGACCAGGTCGAGCTGGGCGACCAGGGCGGCGGTGTCGCCGAAATCGCGGATGGAATGGGTGAGGTCGATGAGGTTCGGACACTCTCCCGGCCGCGCCGCCCCCTCGCCGACCTGCAGCGAGTAGAGGCTCGCCCCCGGGATCCCGAAGAGCGGCGCCAGGGCCGCGAGGGAGCAGGAACGGAAGGGATCTGGGACGGCCTTGCCGGCCCAGACCAGCCCCACCTTGAAGCCGGCGTCCCTGGAGAGCTTGGCCTGCCAGAGCACGAGGCGCCCGGGCGGGGGTGCGAGGTAGGGAACCCGGTTGGGGACGGTGTCGATCGTGGTGTCGAACAGGTGCGGCAGGGAAAGGAGGGGAACCTCCAGGTCGAAGGGGGGGAGCGGCTCTCCCATGACGCATACCTCGGCCACCCCGGGCATGCCGCGCAGAAGCGGGACCAGCGCGGCAGACTGGCATTCGGCGATCACGACGCCCCCCTGCTGCGCCACCATGGGGAGGTAGCGGGCGAACTGGATGGTGTCCCCTAACCCCTGCTCGCCGTGCACCAGGATGCGCCTGCCGTCAAGCGGGGCGCCGTCCCAGGCGGGGGCATGGAAGCCGCGGAGCGGCGAGGTGAAGGCGTCCCGTTTCCAGCGCCACTGGTACTCGGCCCACCCCTCCCGGAACTCCCCGGACATGATCAGGGCCAGGGCGAGGTTCCAGTGCGCGTCGGCGCAGTCGGGGCGGCGCCGCACCAGGTCGCGGAAACAGGCGATGGCCCCCTGGACGTCGCCTGCCCGCTGCAGGGCCCCTCCCAGGGCGATAGCCGGTTCCGGGGCGTCCGGAGCCTTTTGCAACGCCAGGCGGAACAGGTCGGCGGCCTCGGCGAAGCGCCCCAGCTTGAACAGGGATGACCCCATGTTGTTCAGGGCCATGGGGTCCCCGTCCCTCAGGGAGAGCGCCCTGCGGTACTCCTCGAGCGCCTCCTCGTGGCGCCCGGTCTCGTCCAGGAGCGCGCCCAGGTTGATGAGCACGTCCGCGGCGAGCCCCCCCGCGGCGCGCCCCCCTCCGGCCTGGGCCAACCTGCGGTAGATCGGCTCCGCCTCCTGGAGGCGACCGGCGCGCTGCAACTCGAGGGCGCGGGCGAACTCCTGCGCCGTGCCGGGATCTGCCGCCATGGGACTAAGCACCCTGCATCCGGGCCAGCTCAGCCCGGTTGGCAAGTTTGGTGGCCAGGTAGTGGAACTGGCGCGCCGCGCCGTCCCAGGTGAGCCTGCGCATCTCCTCCGCGGCCAGCGCCCCTTTCCCCGGGAGCTCGTCCCGGTTACGGTAGACCCGTTCCAGCATCTCGATGACCTCTTCCAGGACCGGCTCCTCCCACACCCCGGTCTGCACGCCGCCGTTTGCCACCACCATGGGGCGGTAGCTGGTGAGCGGATAGGCGATGGCGGGGTTGATCACGTCCGCGTGGCCGCTGCTGTCCGAGGCGATCACGGTCCTGCCGCAGGCCATGTACTCGCACATCACCATGTTGTTCCCTCCCTCGCAGCGGTTCGGGAAGAGCCCGAGGTGCGTGCCGGCAAAGACCTCCCTGATGGCTTCGTTGTGCACCAGCGGATGCGCCATCGTGCGCGCCGGGTCGAGCCCGTTCTCCAGGGCGCACCGTCCCGGCAAGCTCAGGAAGTCCGTCTCGTCGTGCCGGTAGGTGATGAATGGGGAGTTCTCCATGGTGAGCAGGGAGAAGGGCCACTGGTTGGCCCAGCTGCAGGAGAGGTAGACGTCGCGGTGCCGCTGCATCATCACCTTCATGGCCGCGATGACGAGGTCCTGCCCTTTCCTGAGTTCGAATTTGCCCCCCGAGAAGACCACGAAACGGTCGTCCGGCGGGAGCGGAAGCGGGTAGAAGCGTTCCGGGTCGACCCCCTGGAGGATGGTGCAGCAGTTTTTCACCCCGCCGATCCGCAGCAGGTATTCGCACCACTTGGAGCCCGCCACGATGAAATCCCACCGCCGCGCTGCCGGGCGGGTGAAGTTGAGGATCTCGATGCTGTTTTCGAAGAAGCAGTAGCCGATATTGATGCTGTCCCAGGCCTCTGGGTTGAGCGGTGCGAGGTTCTGCGACATGCAGTGCAGCGTCACCCCCGGCACCGGGGGGAGCTTGG
CP077684.1_gap83	4067120	4068889	1769	CTGCCACCATGTCCCCGGCGATCTTCTTCACCTGCTGCATCAGGTCCGACATGCTGGAGAGCGAGGTGTTGGTAACGTTCAGGAGCGTCTCGGCCTTGGTGATGTTGGAGCTGTACTGGTCCCCCGAGGCGATCTGCTCCTGCAGGTCCAGGAGCTGCCTGGTGGAAAGGGGATCATCGCTCGGGCGGTTGATGTTGTAGCCCGAGGCGATCTGTTCCTGGAGCTGGTCGATCGCGGTGCGCCCCTGCTGCAGGTTGTAAATGGCGTTGTCGGCGCTCATGCCGGGGGTGATTCTCATAGCATCTCTCCTATCGGACCATGTTCAGGATGGTGTCCAGCATGTCGGTCCCCGCGTTGACCACCTTGGAGGCGCCCTGGAAGGCGCGCTGGTACTTGGTCAGGTTCAGGAGCTCCTCGTCCAGGGAGACCTCGGAGTTGGAGGACCTGAGCGAGTTCAGCTGCTTCAGGAAGGCCGCGTTCTGGGAGGTGACGTTCTGGGTCCCCTCGGTGTCGACGCCGACCTGGGAGACCACGGAGTTGTAGAAGTTGCCTAAAGTGGCGTTTCCCGTGCTGAACGCGAAGCTGGTGCTGCCGAGGTTGGCGAGCTTCACGGCGTTCACGTTGTTGCCGCTGCTGGTCGGCGCCAGGTCGGTCGCGGTCGGCAGGGCCGCCGCGATCTTCACCGCCGAGATCCCTGAGTCGAGCGCGATGCTCCCCGCAGTGACGCCGGCCGGGTCGAAGAAGTTGTTGTTGGTAGTGCCGTCGAGGGCGTACCCCGCCTTGTGCACCGTGTTCACCTGGGTGACCACCTGGTTGGCCATCTCGTCCAGGAGGGAGCGGTACTTCGGGACGATGCTGTCGCGCACCTCCATGGTGCCGCCGAGCTTGCCGCCGACGGTGGCGCCGTCCCCGACGGTCCCCACCAGGGTGTCGGTGCCGGGTGCGTTGGCCGGGGGCGGGTTGCCAAGCCCGGAGACCATGATGTCGTTGGTCGCCGGCGAGCCGGTCGCGTTGGTGTAGAGCGTCGCGTACCTGGTGCTGGAGACGAGCTGCGCCCCGCCGGCCAGGGTCACCGAGGCGGTGTTGTCGCTGGCGATGCTGTAGCTGATGCCGGTCTGCTCCGAGAGCTTTCTGAGCAGGAGATCCCGCTGGTCCAGCAGTTCATTGGGGTTCCCCCCGACCGCGCTGGTGGCCATGATCTGCTGGTTCACCAGCGCGAGGTTGCGTGCGTTGTCGGTCACCTCGGCGGTGATGCCGACCAGGTTGGCGTCCGCGGTCGAGGCCACCGAGGCGAGCGCGGAATCGGCCTGGTGGAAGCTGTCGACGGCGATCTGGGCCCGGGTCAACACGGCCTGGCGCTCGGCGGCGCCGGAGGGGTTGACCGAGAGGTCCTGGAAGGCGCCGAACAGATTGGCGACCGCGGTCCCGAGGCCGTCCGAGGTGAGCGAGTTGAAGCTCGGCTCGATCTGCTCCAGCGCCGACTGCTGCGCCAGCCCTTCCTGGTAGGTGCTGTTGGCGTTCACGAGCTGCAGCTGCAGCATGTTGTCGTAGCTGCGCTGCACCGCCGCGATCTCCACCCCCGTCCCCAGGGCGAAGCCGTTGGAGGTGCCGACCGGCTTGTTCTCCATGATCACCCGCTGGCGAGAATACCCCTCGGTGTTCACGTTGGAGATGTTCTCGCCGGTGACCTCCATGGCCAGGCGCTGCGCCGTGATGCCGGAAGAGGCTATGTCGAAGAGGGTGTTGATGCCCATGCTAGATCTCCTTGC
CP077684.1_gap84	4090650	4092358	1708	GGCAGGCGAAGGCCGGGTTGGCGCCTGCGCTTGCCGCGGTGCAGGACGGCAGGGTGGAAGCTTTCCACGGCTGTGCGAGCTGGCCGGCAGCGGTGCGCTGGTTCAGGTTGCCGTGGCAGTCGACGCACCAGAGGGCGGTCTTAGCCTTGTGGGAACCGCGGTAGCAGTTGACGTTGTTGCCCGGGTGGCAGTCGTAGCAGTTGGTGGCAACGTTCGCGTCGTACTGGGTGAGTACCTTGGTGCTCTGGCTGTGGAAGCGGTGCAGCACGTCGGAGAAGGAGTACTGGGAAACCTTGATGTCCGCCCTGGTGAAGGTGGCGCCAGCCATGATCACATAGTTCGGCCATACGTTGGCAAGGCCGGGTGCTGCGCTCTCGCCCATCGCCGGATCCCAGTGGCACCAGGAGCAGCGGATCGGGCCGGAAGTGCCGTCGCCGGTCGGGTCAAGGTAGTTGAAGTCGATTTTGCTGGAGTTCTGGCCGTGCATCTTGCCGAGGTAGGCGAAGGAACCGGCAGCGGTAGCCGGGTAGCCGTTGGCGGAAGCAAGCGAGAGGTGGCAGGAGCAGCAGCCGCCGAACGCCACCGGGGTCACGGTGCTGGTCTGGGCCAGGATGGTGCCGGTGCTGTTCTTCACGTACACGTTGGTCATCGGGTACGGGTTGCGGTTCGCGCCGCCCAGCGGGTCGGTCATGATGTTCTTCGCGGTATTCGCGTCGACCAGCGGGTAGGCCGGGATGCCTACTGCGGTCCAGTCCTTCAGGGTGCTGTCGTAGGTCATGTTGCCGGAGATGCCGTTGCCGGCGAGACCCTGCACCTTGCCGCCGGAGACCGGGGCGAAGCCCGGGAACAGTTTCGGCGCGTAGGTGATCCACTGCTGGAAGTAGGGGTCGGCCTGCAGGGTGGACTCGGTGTTGTCAGCCATCGCGTAGCTGACGGTAACGCCGTATGTAGCTGCGTTGGTCGAATCGATGATGACGGGGTCGTTGCTGCCGTACCCCAGGACCTGGGCCCTGACCGTGTTGAACGGGGGGAGGAGCAGGAATCCGGCGAAGGTCGGGCAGGCGCAATGCATACCAAGATCATTCCACGCGACCACCTTGTAGGAGCTCGGAGCCCCGGTCCTGCCGGCAAATGCCGGAGCGACGACAGCGGTGAGGGCCGCTGCGGTAAGGGCCAGCGCGGGTACAAGTTTTCTCAATTTCATGCCTTGTGTTACCTCCTTTGTGATGTGAACCATTTTTCTCTCTGGGGTCAACCTCCCGGTCCGACTGGGGTGGGTACCTCACCCGCCGAAACCGGTTGCTTCTGTTGTCCGCACCCGGTATGCGAACGGCGCTCTTAATAGCAGGGAACATGCCAGTGGTCAGAAGACCACTAACTCATTAGAAGTACACGAGCGATCACATAAGGTTTGGACGCAAAAAAGGGGCAAAATACCCAACCCACAATACCCCACACCCAACCAGTGTTATTTTACCCAGAGGACAACGCCCTATGTTTATAAGGTATTACACCCAAAAACTGTGTCAGTTAGCCCAAAATTCTGCCGAAGGCAAGGCCCCCATCCCGTGATCGAAATCACAAAAACACCCTCTATCGCACCGGGAAGAGGCCAATTCACCCAACCGGCAGGCGAGTTTTCCCTCCCCCCGGGCACCCCCAGTCCCCGCCTCGTTGCCCCCAGGCACCCGGAGGTGCACTGCCCCGC
CP077684.1_gap85	4254712	4258524	3812	GCGGTGCAGCGCCGGGAAGGTGGAGGTAAACTTCTCCGGGAAGCCCGGTGCCACGATGTACAGCGCGAAGGCGAGGGCGATGCCGCCGCAGGCGATCAGGACAGAGACACCCATGAGGCCCCACTCCATGGCGACGGAGTGCAGACCGTGCGCGCCGTGCGCCTCGGTGTAATGGGTGGAGTAAGCGAAGACCGGCTCGAGCCAGTGCTCGAAGTAGTTGGGGAATGCACCGCCAGTGAAGAACTCGCTCAGGACCTTCGGAACGCCGACGTAGCCGCCGAAGATGGAGAGGAAGGCGAGGCAGACAAGCGGCACGGTGATGACCCAGGGGGACTCATGCAGGTGATGGAACGCCTTGTCGGAGAGACGGGTCTGGCCGAAGAAGGTCATGAAGACCAGGCGGAACATGTAGAAAGCGGTCAGGCCTGCTGCGATGGCGCCCGCGCCCCAGAGAACGTAGTTGACTGCATGGTGATGCGGGTTAGCGAACGCCTGCCAGAGGATCTCGTCCTTGGAGAAGAAGCCGGCGAGGCCCGGGATACCAGCGATGGCGATGGTCGCGAAGAGGAAGGTCCAGAAAGTGACCGGCATCTTCTTCCTCAATCCACCCATGTTCCTCATGTCCTGCGGGTCCGCTTCGGAGTGCTCATGGTGCAGCGCGTGGTGCATGCCGTGGATGACGGAGCCGGAACCGAGGAACAGGCAGGCCTTGAAGAAGGCGTGGGTCATCAGGTGGAACACGCCGGCGGTGAAGGCGCCGACCCCCATGGCCAGGAACATGTAGCCGAGCTGGGAAACGGTGGAGTACGCGAGCACGCGCTTGATGTCGTTCTGGGCGGTGCCGATGGTCGCCGCGAAGAGCGCGGTGGCGGCGCCGACGCAGGCGATCACGAGGAGCGCGGTCGGGCTCTTGATGAAGATGAAGTTCATGCGGGCGATCATGTAGACGCCGGCGGTGACCATGGTGGCGGCATGGATGAGCGCGGAGACCGGGGTCGGGCCTTCCATCGCGTCCGGCAGCCAGGTGTAGAGCGGGATCTGGGCGGACTTACCGGTGGCACCCAGGAAGAAGCAGAGACAGACGGTGGTGACCACGGCGCCCGGGACCAGGAGGTCGGCGTTCTTCGCGAGCTCCACGAAGTTGATGGTCCAGACGTTGTGGTTGGTGCCCAGGTAGTAGAAGAGGGTGAAGAGACCAAGGAGGAAACCGAAGTCGCCGACCCTGTTCATCACGAATGCCTTCTTGCCCGCGTCGCCGGCGCTCTTCTTGTGGAAGTAGTAGCCGATCAACAGATAGGAGCAGAGACCCACGCCTTCCCAACCGATGAACATGAGGAGCAGGTTGTTGCCCGACACCAGGCAGAGCATGGAGAAGGTGAACAGGTTCAGGTAGCAGAAGTAGCGGTAGAACCCTTCCTCACCGTGCATGTAGCCGATGGAGTAGAGGTGGATCAGGAAACCGATCCCCGTCACGATCATCAGCATGGTTGCGGACAGCGGGTCGATCAGGAAGCCGATATCGGCCTTGAAGGTACCCGACTGGATCCAGGTGAAGATGGTCTTCTGGATCACCCGCTCCTCGCCCGGCAGACTCAGGAGCTGGAACAGGATCCCGCAGGCGACCATGAAGGAGGCGAACACGCTACCGGCGGCGATACCGCCGATGACCGTCTCGTTCTTTATCTTCTTGCCGAGTAGGCCGTTGATGACCGAGCCGATGAGAGGGCACAGTGGGATCAACCATACTAAATCAAACATCCCTGACTCCTTTGTTCTGTATTCTTATAAGTCGTATCTTGGCAAGCGGCACGTCGCCGCCCATTCGCTTTGTACTGTCGCGGATCTCTCCGCCCTCAGCTGAGCGCATCCAGTGGCGGCGGTCTGAAGCCCCGCTCTAGAGCTTCAGCAGGTTGACGTCCTCGACGTCGATGGATTCGCGGTTCTTGAAGAAGGCGATCATCAGCGCGAGACCGACGGCTGCCTCGGCGGCGGCCACGGTCATGACGAAGAAGACGAAGACCTGTCCGTCGATGTTGCCCAGGTGCCTGGAGAAGGCGATGAAGGTAAGGTTCACCGCGTTCAGCATCATCTCGATGCACATGAAGATGACGATGGCGTTTCTCTTGGTCAGGACCCCTATGGTCCCGATGGCGAAGAGTATGGCCGAAACTATCAGGTAATTTTCGATCGCTAGCATGTCTGTTCCCCTCGTAGCGTTAGATTTTCTTTTTGGCCAGGATGACTGCGCCGACGATCGCGGCCAGAAGCAGCACCGAGGTGACCTCGAACGGAAGCAGGAAGTCGGTGAAGAGCGCCTTGCCGATCAGCTCGACGTGGCCCACGCTCACGATCTGCTCCTTGGTCATATCCCCCACCTTGCCGGTCATGGACCCCTTCATCAGGAACCAGACGGTCTGGAAGAGTATGAACAGGCCGATGGCGCTTCCCGCGATCACCGCGTGGGTGCCGCGCTTGACGGTCTCAACCCTCACGTTCAGGAGCATGATCACGAAGATGATCAGGACCATGATGGCGCCGGCGTACACGATCACCTGGGTGGCCGCCATGAAGGGGGCGTCCAGCATGACGTAGAAGGTCGCCAGGCAGAAGAAGGTCATCACCAGCGACAGCGCGCTGTTGATCGGGTTTTTGCAGGTGACCACGAGTATGCTGGAAATAACGGCCACCGCAGCCACGACGAGAAAGAAGATCGATTCCATTGCTGCTCCTTTATTTCTTTTCTAAGAGTCTGTCTTTGGTGTAGGTGAAGTCTGCGCGCGAATAGTTGGCGAGTTCGAACTGTTCCGTCATCCGGATCGCGTCAACCGGGCACGCTTCCACACAGTAGCCGCAGAAGATGCAGCGCAGCATGTCGATCTCGTACTTGGCAGCGTACTTGTCGTGGTTCTGGTCCTCGCCCGCCTCGACCGTGATGCACTTGGCCGGGCAGACGGTGGGGCAAAGGTAGCACGCAACGCACTTGGCCTTGTCGTGGGACACGTTGAGCGCGTGCAGTCCACGGAAGCCAGGCTTGACGTCAGGACGCTCGGTCGGGTACTGCAGCGTGACCGGCTTCTTGAACATATGTGAAATGGTGATCTGAAGACCTTTGATGAGCGGCATTATCATTTGCGGCACCTCGCCTAGAAGTTGTGTAGCTTGACTCTTTCTCTACTTGCTGATGAACATGACCCAGAGGCCGGTCGCAACCACGTTGACCAGGGTGAGCGGCAGGAACACCTTCCAGCCCAGACGCATGAGCTGGTCGTAGCGGTAACGCGGGTAGGTGGCCCTGATCCACATGCAGAGGAAGATCAGGAAGTACACCTTGGCGATGAACCAGAACCAGCCGGGGAGGAAGGCCGGGCCGTGCCAGCCGCCCAGGAACAGGGTGGTGGTGACGGCGCAGACGGTGATCATGTTGGCGTATTCTGCCATGAAGAACATCGCGTACTTCATGGAGGAGTATTCGGTGCAGAAGCCGGAGACCAGCTCCGTCTCGGCCTCGGGAAGGTCGAACGGGGTCCTGTTGATCTCGGCCAGGGAGCAGATGAAGAAGATCACGAAGGCCAGCGGCTGCTTGAAGGCGTACCATGCGCCACCTGCCTGATCGGCGACGATCTTGTGCAGGGAGAGGCTCTCGGAGAGCATGAACACCGAGATGATGGCGAGGCCGGCGGCGAGCTCGTAGGAGATCATCTGTGCCGCGGAGCGAAGCCCCCCAAGGAGCGAGTACTTGGAGTTGGAGGCCCAGCCGGCGAGCACGATGCCGTAGACGCCCAGGGAAGCCATGGCCAGGATGTAGAGGACGC
CP077684.1_gap86	4319318	4324263	4945	CTGCCGGAATTTCCAGGCATGGGTGGATGGACCGCACGATCAGATTTTGAAACTGCTACTTACTGAGCGCGAAAGAGTCTTGGCCATTACAGGAGATTCCAGGATAGCCTCCGCAAATGATCAAACCATTCTCGCGGTGAAAGCTGTAATTGGACAGTGCATCGCAAAGAAGGCCGCAGGACCTCCCGCATGACAACCAAGATCATTCTTTTTACCCCTAAAGGTGAGCTTAGTGCAGGAGCTAATCTAACCGCTTTCATAGAAGTGTGCAGGTACGAACTCAAGGTCTTCGGTGCCAATCTTGTGTGGGATGCGCCAGACTGGGATATTAGCAGTTCTGTCGAACGGGCATCCCGCAAACGTCGTGGCCGCATCGCATTAGTCTGGAGCAACTACGATACTTCCAAGCAACGCATCGGTGAGATTATGTCGCAGCCTTTTCTCGACTTTGGCCGGGCCTACATGCGTTACCAACACGCCATGCGCCCAACGGATAATGTTGGTCAACGCCTATCGGCTTTGCGAGCTTTAGAACGTGCCCTTATCGAAGAGTCTATTGATGGAGTCCCTCACGTCGAGTTGTCCAACGGTGCATCCTTCCAGCGTGCAGCCTATTTATTACAACAGAAATTTTCTTCAGGAACAGCTTATAAAGCAGGAACACAGTTGGAAATTATTGCCAATTTCATACGTGACCAATTATTCCTGGCCGTGCCCTTCATCTGGAGGAATCCAATTCCTCGAGAACAAGACCGCAACCGAGTTGGAAAAAAATTTAACGAGGAGAGGACAAAGAAGCTCCCGACTGAAACGGCTCTCCAATCTTTGGCAACTGCATTCAACCAGGCACGACATCCGATCGACGTTCTGACCACGTCGGTTGGAGCCATCCTTGCCTCCGCACCGAGCAGAATCAGCGAGGTCCTAGGCCTGCCCTTCCTTTGCGAACACACTGAAAAATTAAACGGCGATGTCGCCTACGGCATACGACTATTTCCAGCAAAAGGAGCAGACGGCCAAATAAAGTGGATTGGGGGGACGATGGCTGATGTTACCAGATCTGCCATCGAGAAAATTCGTAATATCACAAACGAAAGCAGACGTATTGCTAAATGGTATGAAACCCATCCTGGACAGCTTTATCTTGCCGACGAAATACAGCACCTGAGGTATAAAAAGTTCCTCTCACCTGAAGAAATAGCCTCGATCATTGGCTTTAAAAAGGACAATACTAGCAAAGTCTGGGCACATAGTAATGGATGCAAGAGGGTTCAAGGCCCCAACGATTCAAGTCGAATCCTGTATTTGTTCACTGATATTGAAACAGCCGTTGTTCGTCTTTTACCAAAGGGTTTCCCGGTAATGAACAAGGAAACCGGCCTTCGTTTTAAGGACGCTCTTTTCATCCTTCCCAAGAATTTTTTCCATGCCAAGAAAGCGTCCTATCGCTGCATGTTTGAAATTGTTACGGAGGATAGTCTCAATATTCAACTCGGTGGTGGTGTCCATTTGGGAAAATCATCAGTTTTTTCCCGTCTCGGATTCACCGAAGCTGATGGATCAGCCATCAAGATGAACACGCACCAACTCCGCCACTGGCTGAACACCTTGGCCAGTGGCGCTTGCCTCAGTCAGTTGGATATAGCCCTCTGGTCGGGTCGGAAGGATATCCGCCAGAACCAAGTCTACGATCACATTACCTCTGATGAGTTCCTCGCCCGAATCCGGGACCTAAAGAGCCTCGCAATTCCTGAGAGTACCAAGGAAATCGCTATGAACGCCCCCATGAGCCGGGAGGAGTACCTGCAGCAGAAATTTCCGACTGCGCATTCCACACCATTCGGCTTCTGTGTCCACGACTGGAGCAGCCTTCCTTGCCAGCGACACGCCGACTGTCTAAAGTGTCGGGAGCATATTTGCCTCAAGTGCGATGCAGGGAAAGCTTCTCGTATCCGACGGACACTGGACGATTGCGAAGTACAGCTCTCCAATGCTGAAGAAGCCGTCGCGGATGAATATTATGGCGCCGATCGTTGGCTTGAGCACCATCGGGAAAGGACAGAGATCCTTCGCAGCCTTGTGGCACTTCTTGATGACCCTGAAGTACCTAATTCCGCCATCTTTCAGATTTCCCTGCCAAATGAGTACTCGCTTATTCGTGCTGCTATCGATGATCGTAGACTTGTAGATGCGGAGGTAAAACAAATTGAAATGACAAGATTGTTGCGCGAGAATATCTACCCAGACGAGGTTCCTGGTGTTAAAGCTTAAGAGGGAAAACAATGTCGAAGCAGCTTTGTGATGGTGATATAGAAATCATTGTCAAACTCGTCGATGGCTGGACGGGCAAATTGACCTGGGAACTTCTTATAGATGCCGTCTGGAAGCGACTCAAAAATAGGTACACGCGACAGGCGCTTAACAGGCATGATAGGGTACAGGCGGCCTTTGCCGCCAGAAAAAAGGAGCTTCGTACTAAGACGCCAGAGGGAAAGAAAATAGCATCGCCCCCCGAACTTCAAGCCGCCTTAGATCGAATAGATGCGCTTGAGGCTAAAACAAGACGCCTGGAGAGGGAAAACAAGCACCTCCTGGAGCAGTTCGTGCGATGGGCTCATAACGCGAAATCAAAAGGACTTACTGCGGATTTCCTTAACCGGCCGCTACCACCGGTTAACCGCGGTGCGACTGAAGACCGGATGTAGTTTAGGGTAAAAACTAAACCTGCTGCTGCCGTGGACGGCCGTTGGTGACGACCCGATCAGGCAAGACGACCTATCACTGGGTTGAGTTTGAGAGACGCATTTTCTGAAATCTGGGAGTGTCTAAAGAACTGGTGGCGATTCAAAATGGGACTAGCATTCTTTCTTAATCTCCGTCTCTGTCAATTCAACAAGATGTGCAGCAGAAACTTCAAGGATTTTTGAGATCTCCAAAATTGTGATGAAGGATGGTTGCCTCAAGCCCCGCTCAAGCAAGGAAATAAAGGTCCTATCAAGATTCGCCTCCAATGCCAGCTTTTCCTGCGAAAGACCCTTTTCCACGCGAAGTTCTCGCAATACTTTGCCAAACGCCTGTTCAGGTCTCACGTGCAGCCCTCCTTGGGCGCACGGTACCTACAAAAGGCAGATTAGTCTTCGGACTATAGTCTTCATAAATTCACGAATGCATGCTATTCTTGCACAAACTGAGGCTGAAGCAGGTTGCAACCTTAATTAGGGCGATTCCAACGGACATCCCATATAGGAGCTAAGAATGGCACCTTCTTGCCACTGTGGTAACCAAGAGCAGCAGGATTTTACGGTCCAGCAGTTAGCGACCATGATTGATGCTCATGTTGGATTCTGGAGTGACCAAGGTGAGAAAAGTGATACTGAGGTTGAAGCTGCTCATCTTTTGGATCGGAACTGTCTCAGCATCGCAAAGCAACTTCTAGCCTTGTTAAATCTGATCAACACGCCTCTTGTTGCAGAAACTCGTGTGGAGGCACGACCATAAAACGGATGCCAATGTTGGTTTGGAAGGAAGAAACATGGGGTATTTCATTTACTTGCGGAACGGCACATTATTGCAGAACAACCGATGTTGCCTCCACAACACAATGAATCCTTTCGCCCCCTACCAGGGAGACCCCGTGGCAATCATTATAACGGACATCCATGGCGATCCATCAGTCGCGCGCACCTTTCTTGCCTATAAGCCTAACGAGCAACATATCTGCTTAGGCGATCTCACGGACAGCAGGAAAAATATCGGACTCCAAAGTGTCTTGAACTGATTCTAGCTTCAGACACCATACTTATCTGGGGCAATCATGATCTCGCCTATCTGCCGGAGCGCCCTTGGAAGTGTTTCGGAAGCTTTGGCGATCTGGCGTTCAGGGAGCAGTTTCAAACGGTTCGAGATCGCTTCCATGCAGCATATGCCGTCGACGGATGGCTATGCACCCACGCCGGCATTTCACCCAAATTGGCCCGCTATATTCCAGAGGAGGTGCTTTCTGCCAATATCGAGGCCATAGCTGAATGGTTAAACAAAGAGTTTATGCACGAGCTTTCAGTCCCTGGTCTGGACAAAGTCTATGGAGAACCACGTTTGGGACGCGGCCCACTATTCGGCGTCCCTGTCTGCCGCGGCGGGATTGACGAATTCGGCGGTATATTTTGGTTCGATGCAGAGGGAGAGCAGACGTGCCCCGCCGCTACAGTCGGACGCCAGATCTTCGGGCATACGCCTATGCCCATTCCTGAGCGAGGCCAAAGTCGGGACTTCAATGGAATGGATGAACCGGTGCCATGGATCAATTTAAATGCTTTGGACGGGCTTTGGGTCTATGATACTGCGTTAGACGAACTGTTGGAATTGAAGTAGTAGTGCACATCATTTGATTTGAGTGCTGCTTCATAAATGTGCTATTTTGCATAAGGGCTGGTTTATGGTCGAGATTCCTCGTAGTCTGCAGGGACAGCACGGGGTTGAAGGGTCTAGGTGGGGCCTGTAACCTATCTAAGACGAGACGCCATAAACTGGCTCTTTTTATAGGAGTAAAAAATTCAGTAGTCTGGCGGCCTTGTCCGTTCCTTGTGACTGGCGGAGGGTGCAGGGGGCATAAAAATCCTCTTATGAGGATCGGCTTCGAAGTTTGACCCCGTATCAGCGTCCAAGGGTAACCCAGCCCCTGCGAAATATTGGTGCTTTAAAGATTGAGAGGTGGGTCTCAAGATGCCGATGGTGGGTTAAAGTTGGATGCCGATCGACACTTAACGTGAAGTACTTCAAGGGTCGCGTGAACTATCCGAACAAGTCGGACTGGCGGTAATGGATAGACACCCCATACGATCGAGAAGGTTACCCGTAGCGTTTTGTGGCCGGTTGTTCGGGTGCGTTTTCCTCTCGACAAATCTCAAGTTGTACGTCTTAAAGTGGAAATACTTCATATACAAAA
CP077684.1_gap87	4385706	4388601	2895	GCGGCCATCTATCCGATCACCCCTTCCTCGACCATGGGGGAAGTGGCGGACGAGTGGGCGGCGGAGGGACGCAAGAACATCTTCGGCCAGACCCTGAACATCAAGGAACTGCAGTCCGAGGCGGGTGCGGCGGGCGCCGTGCACGGCTCGCTGGCGGCGGGTGCCCTCACCACCACCTTCACCGCCTCGCAGGGGCTGCTGCTGATGCTCCCCAACATGTACAAGATCGCGGGCGAGCAGCTCCCGGGGGTGTTCCACGTCTCGGCCCGCGCCATCGCCACCCACGCCCTCTCCATCTTCGGCGACCATCAGGACGTCATGGCCGCGCGCCCAACCGGCTTCGCCATGCTCTGCTCCTGCTCGGTCCAGGAGGTGATGGACCTCGCCCTGGTGGCGCACCTCGCCGCCCTGGAAGGGAGCCTCCCCTTCCTGCACTTCTTCGACGGCTTCCGGACCTCGCACGAGGTGCAGAAGATCGAGGTGATCGGTTACGAGGAGATGGCCCGACTGGTCAATTACGAGAAGCTGGCCGCGTTCCGCAGGAAGGCCATGAACCCGGAGCACCCGGAACTGCGGGGCACCGCCCAGAATCCCGACATCTATTTCCAGGGCCGTGAGCGCGCCAACCCCTTCTACCAGGCGCTGCCGCAGATCGTGACGGCCACCATGGAGCAGGTGGGGCAGCTCACCGGGCGGCAGTACCGGCTCTTCGACTACGTCGGTCACGCCGAGGCGGACCGGGTCATCGTCACCATGGGTTCCTCCTGCGAGACCGCGGAGGAGGTGGTGCAGTACCTTAACGGAAAAGGGGAGAAGGTGGGGCTGGTCAAGGTGCGGCTATTCCGCCCGTTCGCCTCGGACGCCCTTTTCTCCGCCATCCCCCCTTCGGCCCGGAAGATCACGGTGCTCGACCGCACCAAGGAGCCGGGTTCCCTGGGCGAGCCGCTCTACCAGGACGTCTGCACCGCCTTTCTCGAGCGGGGCGGCGAGATCCCGGAACTCTACGCCGGGCGCTACGGGCTTGGATCGAAGGAATTCCGGCCGGTGCACGTGAAGAGCATCTTCGAAAACATGAACGGCCGCCCCGGCAGGCGCCACTTCACCGTCGGCATCACCGACGACGTGAGCGACAGCTCGCTCCCCGCGGAGGGGACCCTCTCGACCACCCCGGAGGGGACCATCCAGTGCCGCTTCTGGGGGATGGGGGCCGACGGCACCGTCGGGGCCAACAAGGCGGCGATCAAGATCATCGGCGACAACACCGACCTCTACGTCCAGGCCTACTTCTCCTACGATTCCAAGAAGTCGGGGGGGATCACCGTCTCGCACCTGCGCTTCGGGGAGAGCCCGATCCAGTCCACCTACCTCGTGGACGCGGCCGATTTCATCTCCTGCCAGAAGGCCCCCTACGTGCAGATCTACGACCTGCTGGAGGGGATCAAGGAGGGTGGGACCTTCCTATTGAACTCCCCGTGGAACAGCGTGGAGGCGATGGAGGCCAACCTCCCGGCCACCATGCGCCGGGCCATCGCACGGAAGAAGGTCCGCCTCTACAACGTGGACGCCATCAGCATCGCCCAGTCCGCCGGGCTCGGCGGGCGCATCAACATGATCATGCAGACCGCCTTCTTCAAGCTGTCCGGGGTGCTCCCCTTCGAGCGCGCGGTTGAACTTCTGAAGGACTCGATCCGCAAGGAGTACGGCCGCAAGGGGGACCAGGTGGTCGACATGAACCTTTCGGCGGTCGACCTCGCCGTGGAGAGCCTGGTCGAGATACCCTATCCCGACTCCTGGCGCGAGGCCGACGACCGGCACGGCACCGACTTCCGCCTCAACCAGCAGATGCCCGGCTACATGCGCGACATGGTGTTCCCGATCCTGCGCCAGAAGGGGGACGACCTCCCTGTTTCCTCCTTCACGCCCGACGGGGTCTTCCCCTTCTCCACCGCGCGCTATGAGAAACGCGGCGTCGCCATCAACGTCCCCGAGTGGATCAAGGAAAACTGCATCCAGTGCAACCAGTGCGCCTACATCTGCCCGCACGCCACCATCCGCCCCTTTGTGGCCACCGACGGCGAACTGGCCGGCGCACCGGGCACCTACCAGACCATCCCGGTCAACGCGAGGGAACTGAAGGGGATGGGCTTCCGGATCCAGGTCTACCCGCTCGACTGCATGGGGTGCGGCAACTGCGCCGACATCTGCCCCGCCAAGGTTCCCGCGCTGGTCATGAAGCCGATCGACACCCAAGCCGCGGTGCAGGAGGAGAACCGCAAGTTCGCCGAGACCCTCTCCCCGAAAGGGCACCTGGTGAAGCGGACCACGGTGATCGGGAGCCAGTTCCAGCAGCCGCTTCTGGAGTTCTCCGGCGCCTGCTCCGGCTGCGGCGAGACCCCGTACGCCCGGATCATCACCCAGCTCTTCGGGGAACGGATGATGATCGCCAACGCCACCGGCTGCAGCTCCATCTGGGGCGCCTCGGCCCCGGTCTCCCCCTACTGCGCCAACGCCGAAGGGCACGGCCCGGCGTGGAACAACTCGCTCTTCGAAGACGCCGCCGAATTCGGGTTCGGCTACCACATGGCCGTGTCGCAGCGCAGGAGCCTCCTGGCCGACCAGGTGCGCCGCGCCGTGCACCACCTGCCCGAGGGGGAGCTGAGGGAAGAGCTCGCCGCCTGGCTCGCGGGGATGATGGACCCGGAACTCTCACGGCGCCACGGCGACCGGCTGAAGGAGCTCCTCCCGAAAGCCGGGGACAACGAGCTGCTGCAGGGAATCGCCGCATCGGCGGACCTCTTCACCAAGAAGTCCATCTGGATCTACGGCGGCGACGGCTGGGCCTACGACATCGGCTTCGGCGGCCTGGACCACGTCATCTCCACCGGCGAGGACGTG
CP077684.1_gap88	4390135	4394632	4497	CAGGCGAAGATGCCGTAAAAGCCCCAGAGATCGTGCAGCACCCCACCCAGAAGAGGCCCCACCCCCACGGCGAGGTAGAAGGAGATGTCGAAGGTCCCGGCCGCGCGCCCCTCACCTTTCGGGCCGCCAACGACCGCAACCAGACAGAGCATGACAGGCCTGAACATGGCGCACGCCAGCCCCTGAAGCAGGCGCAACAGCGCGATGAGCGCGAGCTGAGAGCAAAAGAGATAGCCAAGGGAAACGAGAAGGTAGAGCGTGAGGCTGAGCGTGGCGGCACGGCGGGCGCCGATGCGGTCGACGCAGGCCCCCATGACCGGGCTGAAAATGATCTTCGAGAGGGAGAAAAGCAGCAGCGGCAGCCCCAGCAGAAGACCGCGCCCCCCGAGGGAGAAAAGGTAGGTGGAAAAGAATGCGTCCGCGATGCCGAACCCGAGGCTGGTTGCGAAGTTGATCAGAAACAGCGACTTGAACAGTTTTTCATTCTTCATGTCGGTTCCCTGCGTCCGGTCACGCTCCGCCCCGGCTGGCGCTTCGACTGGAGCGCCCTGCGTACCAGGTGACGCAGGGCGCTTTGCGTTTGACAACGAGCTCGATTACTTCTCGTTCTTTATGAAACTTGCCGCGTTGCTGCCGGCGATCCTACCGAAGACCACGGTGTCGGTGATGGCGTTGCCTCCCAGGCGGTTCCAACCGTGCACGCCGCCGGTCACCTCCCCCGCCGCGTAGAAACCGGCGATCGGTTTGCCGTCCTTGCCGATTACCTGTGCCTCGGTGTTGATCTTCACGCCGCCCATGGTGTGGTGGCGCCCCGGCTTGACCCAGATCGCGTAGTACTTCGGTCCGTCGACGGGGCGCGGGATGTCCTGGCGCTGGAATTCCGGATCCTTTTTCGCCTCGAAGGCCTTGTTGTAGGCCACCACCGTGGCGGTAAGCACATCCGCCGGCACACCCATCTTGGCGGCAAGCCCTGCGACGCTATCCGCCTCCTGCACCAGCCCGAGCGCGATATAGCCGTCTATCTGCACGTTGCTCTTGCGGATGCCCTCGCCCAGCACCAGGAAGGCCGACTTCTCAGGCTGCGCCAGGATGGCCGCGGAGGCCTTGTCGCGGGTGGTCAGCTCGTTGACGAAGCGCTTGCCGGCATGGTTCACCAGGATGGCACCGCTGCCGCGCACGGTTTCGGAAACCAGGACCTTGGTGTCGCCCCCCATGGTCGGGTGGATCTGTATCTGTTCCATGTCGATGAGCTTGGCGCCTATTTTCTCCGCGAGGAACATCCCCTCGCCGGTCGCCCCGGGCTGGTTGGAAGAGGCGGTCTCCTTGAACTGCGGCTTGTAGAAGCCGACCAGTTCGTTGTTGGCAGCGAAACCGCCCGCCGTGTCGATGACGGCTTTTGCGTTGATGGTGTAGACGCCGCTGTGCTTCCCCTTCACCTGCACGCCGGTGACGCGCCCCTTGCCGTCGGAGAGGATCTGCACCACCTCGGAGTTCACCCTGACGTCGATGTTGCGCTTGGCCGCGTTGTCACGGTAAACCTTGATCAGGTGCGGTCCCACCGCGGCCCCCCCCACCGGACGATGGGTGCGGTCCACCGCGACGCCGCCCGAGCGGACCAGGTCGGTCATGTCGGCACCGAGCGAAACCAGGAAGTCGACCGCGTCGGCGGACTTGTAGGCGAGAACCTTGACCAGCTCGGGGTCGTTCTTATCCCTCCCCCCCTTCATGGTTTCCTTCACCATTTCTGCCGGGTCGTCGTGCATCCCCAGCCGCTCCTGGTAGCGGGTCCTGGCGGCGTTGATGCCACCGGCCGCCAGCATGCTGTTGCCGCCGGTGATGGGCATCTTCTCCAGCAGTATCACCTTGGCCCCCGCATCGTGGGCGGTGATGGAGGCTACGTACCCGGAGCCGCCCGCGCCGATCACGACCACGTCGGCGGACTCGACCCTGGTGGACTTCAACTCCTTCTTGCCGGGCGCCGATTCCTGCACCCATTTCTTGTCGCTCGACTCCTGCTCGGTCCCCATGGCGGGGATTTTCATGGCGAAGCTGTGGCAGTAGTTGCAGTACGCCTTCGAGGCGACGTGCCCCTTATGGCAGGCGGTACAGTTGGTGTCGCCCAGGTGCGACTTGTGCGGGTTGATGTGCTCCTTGGTCTTCGCGGCCAGTTCCTCGAAGCCGCCATGGCATCCCCTGCAGTTCTTGTTCAGCGCCGTCTCGCTGTCATCCACGGCAAGCGATTTGCCGTGGCAATCGGCGCAGGTCACATTGTTTTTCTTGTGCACCCCCGACAGGAACGAGCTCTTGGACGAGTCAGCCCCCCAGGCGATGGATGCTGCGATCAGCAGGGCCGCCGTAAGCAGCAGTGCCGGTACCATAGTTTTGCGTGTCATTTTTTCTCTCCTGTAGTTACGTCGTCGTTTCCCGGTCAAGCGCTAGAAGAGCAGCTGCACCTGGGCGCGCGCCACGAGATCGTCAGCCTGGTTCTTGTAGGTGTGGCGGTTGCCGACGTCGCCCTGGATCTTCAGGTTGTTGCCGTAGAGGAAGTAGTTGACCGCCCCTTGAATCTCGGAGATGGAGTCGCTGGAAACCTGGCGGTTGGGATCCATCCAGGCGTAGCGGAGGGCAAGCTCCAGGCGCTGCGGGATCACGAAGTAGCCGGCCTGGACGTAACCGCCCCTGGCAATCAGCTCCTTGCCGGAGGTTTCACCGACCGCCTTGCCCCAGAAGTACTCCCCCTGCATCGATGCGCCCAGCCATTTGCAGGCGAAGTCCGCTTCCCAGGAATCGACGCTGATGTCCTCGGCGGCCTTGGTACCGAAGTATTTCCCCTTCACCGCCGTGCCGAGCCAGCCGTTGGTGTCGGTTACGAAGTTGGAGTTGTTGTTGTCGATGGCGGAGGTCGCCGTGGTGCCGGTTCCCGAGACCGTCTTTTTCACGGTGTTGAGATAGTAGCTGCTTCCCAAGGAAACCAGGGGCTTCTTGGAATACTCCAGGTCGCCCTCGCCGTATTTCATGTCGCCGAGGGGGTTCACGGTCAACCTGAAGTTGTACGCGTTGTCGCTTGTTTTGTTCTTGGTGTTCTGGCCGGCACCCCCGAAGAGGCCCGCGTCGTACTTCACCACCCCCGTCCAGAGGTCCCCGTGCAGGTTGATGCCGGTGTCGTACCCCTGCATGAAGGCATTCCTTACGAAGGATCCGTCGACGAACTGCTGGGCGGTGTTGGAGGTGATCCACTGCCTGGAGTACTGGATCTTTTCCTGTCCGAGCATCACCTGCAGTTCATCGGCGACGCGATACTTCATGTTCACCTCTTCCATCGCCTTGCTGTTTTCCTTCACGACGTTGGACCAGTTGTAGGTGGCCTTGTAGGTGAGATCCTTGGTGAAGGCGTAGCCGCTCAAGAGGGTCTTGACGCGCCGCAGGTTGAACTGACTCACGTCCTGCTTGTTGCCCACCTCGTAATTGTCCAGCTCGTACTGGGCCTGGATCTGGCCGCCAAGCTGCAACTGGAACTTCTGGTCCGGCGAGGTGAGGACGAACCCCTTGCCCAGCTTGTAGTCGTAAGGCTTCTCCTTTGACGCTTCCTTGTACTCCGCCTCGGTGATGACACCTTTCTCCTTGAGAATGTCCTCCAGGCTTTTAGCCTGGGCATCGCTGCCTGCCGCCAGTACCGCCAGTACACCCGCCATCGCCAACGTCGCCTGTTTGTTCATGATCCTCTCCTTCTAAATGTGAGGGCGTTCGCCCTGTGACAGCCTTTGCCTCATTAGAGCAGGATCGGTACCAAACGGGACCATTCGCGACAAGTTGCCGTTATCTTTACATTAATTGGCGAAACGGGAAGGTACGGGGGATGCGAACCCCTATAGCCGTCGGCTATGGGTCTTACCCGGGGGGACGTGGAAAAGTGGCTTGAGTGCGGTGGGTTACAACTGTTATTGCCGGAGTCTATGACTATAGACTCCGGCAATAGGGGTTCAGCGGCGGGCGAGCTTGAGGCGCTTCCAGAGGGAAGGTTGGGAGATGCCGAGCAGCCGGGCGGCGAGGGTCTGGTTGCCGCCGGCACGGGTCATCGCCTCCTCCAGCAGGTATCCGGCCGCGTTGGCAAAGGTCGGCAGCGGCTCGAACGCGGCGAACGGATTCTGGTCCGGGATGCGCTCCGCCACGACCCCGCCGGTGGCGTTGATCGACTTCACGAAGCACTCCATGGAAAGCATGCGCTCCTTGTGGGTGCTTACCGCGTCGAAGACCATCGCCTTGAACTCGCGGACATTACCCGGGAACGCATAGGTGGACAGAAGCTGCACGAGCCCAGGCGGCGGAGTCGGCTTTTTCTTGCCAAGCGTCCTCGCCGCCTCCTCCAGGAACAGGTCCAGGAGGTAGGGAATATCCCCCTTGCGCTCGCGCAGCGGCGGGACCTCGACGTGGTGGGTGCGCAGCCGGTAGAACAGGTCGCGCCTGAAGGTCCCTTCAGCGACCTTCGCCTCCAGGTTC
CP077684.1_gap89	4497636	4500888	3252	CGGTGCAGCCGGCGGGGTCTATGGTCATTACCCCGCAGGACAGCGCCAACTACATCCTGACCTGCACCGGTGCCGGTGGCAGCGCGAAGAGCATGGCGAAGGTCGACGTGGCGGTGCCGGTGCCGGCGCCGAAGCCCGCACCGGTCGTGGTCGTGCCGCCCCCCGAGCCGGCCAAGCTGTGCAAGCCTACGGTGATCAACGTAAAGTTCGACACCAACAAGTCTGACATCAAGGCCGAGTACCACAACGAGCTGAAGGCGCTGGCCGACTTCCTGAAGGAGTTCCCCAACGCCAAGGGGACCATCGAAGGGCATACCGACAGCGTCGGGGACAAGGCCGCCAACATGAAGCTCTCGCAGCGCCGCGCAGACAGCGTGCGCAACTACCTGGTCAAGAACTTCGGCATCGCGCCGGACCGCATCAAGGCGGTAGGGTACGGGCCGACCAAACCGGTGGCGAGCAACAAAACTGCGGCAGGCAAGCAGCAAAACCGCCGCATCGAGTCCAACTTCAGCTGCGACTAGCGTTCCGTACAAAATGGCCGTAAAACAAAAGAAGGCGTCCCCTGCCACGCAGGGGGCGCCTTTTCGTTTGAGAAAGCGACTTGTTGACTTACACCTTATATGTTGTATATCATCCGAATGACCGGGAAACAGCTTAAAAAGCTGCTGCTGGAATCGGGATGGCGGCTGGATCGTATCTCCGGCAGCCACCACGTCATGATCAAGGATGGTCGCCGCTCGATCCCCGTCCCCGTTCATGGCCATGCGGACCTGCCCAAGGGGCTGGTGCATGCGGTCCTCAAACAAGCGGGAATAAAGGAATAGAAATGCTTTCGTACGCCGCACGCATAAAAAAAGAAGCAGACGGTTACTTGGTAACCTTTCCTGACTTTGATAACGTCATGACCTACGGCCTCACGATCGAGGAAGCCCTGCTCAATGCTGAGGAAGCGCTGAACGGTTGCCTGGAGTCGGATTTTGAGCGGAATTTCAAAATACCGGAGCCGTCTCACATGAGTGGGAAGAACGTGCACCAGATCCCGGTGGCGCCGCACGTCGCAGTCGCAATCATGCTCCGGGCCCTGCGTGCCGAGCGCTCGCAGATGGAAATCGCAAAGCAGTTGAACATTGCCTACCAGGTCTATCAGCGCCTGGAGAATCCCCGCAAGGCGAACCCTACCATCAAGACGCTCGAGAAGATCGCCAAAGTCTTTGGCAGACGTGTCGAACTCGGCTTCGTTTAAGCCAACCGCCTTTATTTCCTGATCAGATCGGCCACCGCCCCGGCTCCCCGCAGCACCCCTTCGAGATTCACCACCGTTCTTCCCCCTGACAGGTCGCTCTGCTCGCTTACCTTCAGGCCGTACTCTCTGAGCCGGTCACCGACGTATTGCGCCGCGTCATTAAGCGCATGGCAGTTGGCGAGGCGCAGGCAGCTACCCACACTATGGCTGACTTGTAATTTATAGAACGACTCCTCCCGGGAGCCTCCAACCTGCGAAAAGGATGAAGTTATCACCCGCGGTGTCAATATCGGGACACTGTCACCTGACCCGGCGACGACGCCTGCAGGAAAAGTTCTGGTATCATTTGAAACGGCTGCTTCAGTCAGAAGGAAAACTGCGTGTGACAGCAATAAAACCTGGGGGCGGACATGGATCTGAAAAAAACTCATAGCGTGGTATTGAACGAAGGCGATCCTGAACAGAAACGCGCCGAGATACTTGAATACTTCAACGCCACGTTCACGATAGATGAGCTGCTCTATGACACCTTGAAGGATGACGGTGCCTTCTACCTGAGGGCGGATCGGCTGCGTCACCCGCTCATCTTCTACTTTGGGCACACCGCCTCGTTCTTCGTCAACAAGCTGGTGATCGCCCGGCTCATCGAAAAGCGGATCAACCCGCGCCTGGAGGCGATGTTCGCGGTCGGCGTGGACGAGATGTCGTGGGACGACCTGGACGAGACTCACTACGATTGGCCCACCCGGGGCGAGGTGAAGGCGTATCGCGACCAGGTGCGCGAGTTGGTGACAGGGCTGATCAAGACCCTGCCGCTCACCCTCCCCATCACCTGGGAGAGCCCCTTCTGGGCCATCGTGATGGGGATCGAGCACGAGCGGATCCACCTGGAGACTTCCTCGGTGCTGATCCGACAGCTCCCCATCGACCGGGTGCGCCGCCACGAGTTCTGGGAGATCTGCCGGGATGCGGGCGCCCCCCCGGAGAACGAGCTGGTTCCGGTTCCCGGAGGAGAGGTGGTGCTGGGCAAGGAAGAGGGGCATCCGCTCTACGGCTGGGACAACGAGTACGGTCATCACGAGGCTCAGCTGCAGGGGTTCGCCGCATCGAAATATCTCGTGTCCAATCGCGAGTACCTCTCCTTCGTGGAGGCCGGCGGGTACCGCGAGGAGCGCTGGTGGAGCGAGGAGGGGTGGCACTGGCGCAACTTCAAGAATGCCGAGCACCCGCTGTTCTGGGTGGAGCGCCCGCATGGCTGGGGGCTGCGCACCATGGTGGAGGTGATCGATCTCCCGTGGAACTGGCCGGTGGAGGTGAACTACCTGGAGGCGAAGGCGTTTTGCAACTGGTTCGCCGACAAGACCGGGAAACGGCTCCGTCTTCCCAGCGAGGACGAGTGGTACCGGATCTACGACGTCGCAGGCGTGCGCGATCCCCAGGAGTGGAGCGAGGCTCCCGGCAACATCAACCTCGCCTACTGGGCGTCGTCCTGTCCGGTGGACCGCTTCCGCTTCGGACAGCTTTTCGACGTCGTCGGCAACGTCTGGCAGTGGACCGAAACCCCCATCTACGCTTTCCACGGGTTCCGCATCCATCCCTGGTACGACGACTTCTCGACGCCGACCTTCGACACGCGCCACAACCTCATCAAGGGGGGCTCCTGGATCTCCACCGGCAACGAGGCGACCCGCGAGTCGCGCTACGCCTTCCGGCGCCACTTCTTCCAGCACGCGGGCTTTCGTTACGTGGAAAGCGACAACCCGGTGCAACTGCACGAAGATCCCTACGAGACCGACGCGCTGGCGGCGCAGTACTGCGACGCCCACTACGGCCCGGAGCATTTCGGGGTGCCTAACTTCGCGAAGGCTTGCGCAGACGTCTGTTTGGAGCTAACATCCGGGCGCGCCAGGGGGCATGCCCTCGACCTCGGCTGCGCGGTGGGGCGGGCGAGCTTCGAACTGGCGCGGGGCTTCGAAAGGGTTACGGGAATCGACTTTTCCAGCAGG
CP077684.1_gap90	4503024	4504474	1450	GCCGCACCACCGTGGCGACTGCCGTCATTTCCCCCTCTCCCGTCTGCCGGCCGGAGCCTGTTGAGGGCGAGGGGAAACAGGCGGCCCTATCCGAAGATCCTGTTCTCCTGTTCCTGCACCCTGATGAAGGTCGTGCGCTTGGTCAGTTCCTTGAGCGCGGCGGCCCCCACGTAGGTGCAGGCGGAACGCACCCCCCCCAGGATGTCGCGCACCGTCTCGTCAATCGGCCCCCTGTAGGGAACTTCCACCGTCTTTCCCTCCGATGCGCGGTAATGGGCGACGCCCCCGGAGTGTTTATCCATAGCCGTCGTCGAACTCATGCCGTAAAAGAGCTTGAACTGCCTCCCGCCGCGCTCAACGATCTGGCCGCCGCTCTCGTCATGGCCGGCGAGCATCCCTCCCAGCATGACGAAATCAGCCCCGCCGCCGAATGCCTTGGCGACGTCCCCCGGACAGGTGCAGCCACCGTCGGAAATGATCCTTCCACCCAGCCCGTGCGCGGCATCGGCGCACTCGATCACAGCAGAAAGCTGCGGATAGCCGACACCTGCCTTGATGCGGGTGGTGCAGACCGAGCCGGGACCGATCCCCACCTTGACGATGTCGGCGCCTGACAAGAGGAGCTCTTCGACCATCTCGCCGGTGACCACGTTGCCCGCGACGATAGTCTTGTCGGGGAAGCCGTCCCTCACCTTCTGCACGAACTCGACGAAGCTCTCCGCGTAGCCGTTGGCAACGTCAATGCAGATGAACTGCAGCTTCGGATGATTCGCGATGATGGCGGAGAACTTTTCGTAGTCGCTGTCGGAGGTGCCGGTGCTGACCATGATCCGGTTGTAGATGTCGTCACCCTGGTCATGGTTGTCGAGCCAGGCATCCCACTCGGCCACCGTGTAGTGCTTGTGGAGTGCGGTCAGCATCCCGTGCTCGGCAAGCCGGTCCGCCACCTCGAAGGTCCCGGTGGTATCCATGTTGGCGGCTATGACCGGCACGCCGCTCCAGTCGTACTTGCTGTGCAGGAACCTGAAGTGCCGCTGCAGGTCGACCTGGGCCCTGCTCTTCAGGTTCGATCTCTTTGGTCTGATCAGCACGTCGCTGAACCCCAGCTTAATGTCGCTTTCCAGGAACATCTCATATCCTCCTTCGGGTTCCCTTTGCTCCCCTTTCCGGGGAGCAAAGGGCTTAAGGTGCCAATGGCCGGGCGAATGATTATTCGCCCCTACAGGGTCACGTGCGCGAGGACCTCGCTCGCACTGACACAGCCAGTAAGAGAGTACCGGAAAACACAATGTCCACAAGGTGCATGTGATTCCGCACGCTTGGTTGAGTTTGACCAAGCGCTGTGTTAGAGTGCGCGGCGGAGGAGCGTATACAATGATCGACGAACGTCAGCGCCGCCAGCGCTGGTTGATTTTTTTCATCCTGTCCCTTATCTACATCCTGGTCTACT
CP077684.1_gap91	4506228	4509004	2776	CCGCACGGATCTTGACCGAGAAGGAGCCGCGTATTTCCTGCCGCAGCGCCGGGATGATCTCCTGCAGCAGTTCCGGGCGCTTCAGCATCCCGCCACCGGTCAGCCCGCTGGTCATACGCCCGTAGGGGCAGCCCATGTTCAGATTGATGTGCACCGCGCCCGCTTTCTGGGCGGTCCGCGCCGCGGCGACCAGCGCGTCCTTTCCGTGCCCGATCAGCTGGACCACCAGCGGCACCCCGTTCTCTTCGGCGGCGCACTCGCGCACGTCCCCCGGCATGAGGAGCTTCTTCTCCGACTGGGAGTTCACCCGCATGAATTCGGTCCAGACCACGTCCGGGCGCACCCATTTCGTGAACAACTCGCGCAGCGCGCGGTTGGTGAGCCCTTGCATGGGGGCGAGCATGAGCGGCTTCTCTCCCGGGTTCCAGGGGAGCACGTGCTTCGCTTGCGGATTGGCGGCGGGAATGGTTGTTTCTGAGGTATGCATCTTCTTCAAGGAATGACGCGCCTCTGCATGCGGGGAGGCGGCTCGTGGTTCGACGCCGTTTTCGTTGTGAATCGTGTGGGGGCGAATGATTCGCCCCCACATTTCAGTCAGTGCAACGGCGCCCCCGCAAACAGGGACGGTTTATCTAGAGGACTTCCAGCAGCTCGATCTCGTAGGTGATGTCTTCGCCCGCCAGCGGGTGGTTGGCGTCGACCACGATGGCGGTCTCGTTCACCTCGACCACGACCACGTCGACCGGCTCGTCGTCGTCGCCGGTCAGCTCCAGCTCCATGCCGACTTCCGGCTCGATGTCGCCGGTAAGCTGCTCGCGGCTGATGGCGAAGACCTCGTCCTCGTCGTACTCGCCGAAGGCGTCCTCGGCCGGGATCACGATGGTCTTCTTCTCGCCGGGGGCCATGCCGACCAGGGCCTCTTCGATCTGCGGGAAGAACTCCTCGTTGCCGATGGTGAATTCCATCGGGCCGGATTCGCCGCAGCCGCAGTCGTCGTCTTCGCAGCCGTTATCGCCGCATCCGCAATCGTCGTCTTCGCAGCAACCGGTGTCGAGGGTGGTGTCGATGATGGTGCCATCTTCCAAGCTGCCGGTGTAGTTGATCCGTACTTTGTCGCCTTTCTTTGCAATTGCCATTTTTACTCGGTTCCTTCTCATGGGGTTGATGTCTAGCTCCAGGCTATTCCCGGATGGTACGTGGGACGGTGCCCGCTAGTCCAGCAAAATCTGGTGCCGGTCCTCTTTTTTTGTTTGCTGTGACTTTCAGGTGCCGGCTTTGTCAGGACAATCGGCACTTTACTGCACGGGTCTCCTTGTGGAATCATTACCATATGGGGGGGAAGGAGGATTCAGGCCATGTCGGAAACGAAGAAGAAAGTGACGATGGAAGAGTGGAACTCCAGGTTCAGGTCCCTCGGGGTGGACGACAACCTCATGGGGCACTGGCACACCCTGTTCGAAAGGGAAAACCCTTCGGGGCACCAGAGTTTCCTGGAATGGCTGGGACTCCCCGAGGAGCGGATAGCGCAGGTGCGCGCCAAATCCGCGGAATCGAAAAAATAGCCCCAAAAAAAGAAGCCGCCACGATAGCGTGGCGGCCTTCTCGAAAGCCGGCTCTTCGCCCCTTAGGGGCGTTTCTTTTCTTTAAACTCGACCTCAGCCTATTTGGAGCCTTTCTTCACCGCGAAGCTGTAGCACTGCAGGTAGGTGAGGACGGTGAGCAGGAAGCTGTAGATGATGATGCTGAGGATGAAGGGATCCGGCGGGGACGCCAGGGCGAAGATGAAGTAGAAGCCCAGGACGGACATCTTGGCCACATCGGTCCATCTTTTTTTCTTGGCGAACTCCTTGGCCTCCTCCTGGGTCGGTGACATCCCGGCGATGGCGAGGTCCCGCTCGGCTTCCTTGGCGGCGAACCTGAAGATGGGGTAGAAGAGCAGCAACTGGATCACGAAGGCATAGACCACCCCGTTCATGAAGCGGTAGCCCCTGCCCACTGCCTGCAGCCGCTGCTGGAAGTTGACCGCGGTATAGATCAGCAGGGCGATCAGCCCGAACTGCGCCACGGTAAATATCTTTATCGTCTTGTTGATCTTCTTCAGATCCAGGTTAACCGCCATGTCATCTCCTTGCGCGGATTTGCTGCTGCCGCCTTAACTGTGCCATACCATAACAAATAAAATATTGTTATACAACAGAAGAGTCTTCGCTGCCGCAACCGCTCTTTTTGCATTGAACCATGTCCGGGAATCTAGTAAGTTGGAGCGACTTCACGCCCGGGTATGGCATAAGGTGCAATCCCCGTTGTTTTATTGATGACCAGAAGCCCCCGGATAAAGGAGCTTTCCCCATGGATGTGACCCTTAACGCCATCGAAGTTAGAGTGCTCGGTTCCCTGATCGAGAAGGAACTGACCACGCCGGAGTATTACCCCCTTTCCCTGAACGCGCTGGTGAACGCCTGCAACCAGAAATCGAACCGTGACCCGGTTGCCAACCTCGATGAGACCGAGGTGACCGGCGCCCTCGACACCCTGCGCTTCAAGCAGTTCGCCCTCCTCTCCGGCGTTGGCGGCAGGGTGTCCAAGTACCGTCACGCGTTGGTGGAAAAGTTCCGTTTCACCCCGGCCGAGCTTGCGCTTTTGTGCGAGCTGATGCTGCGCGGCCCGCAGACGGTGGGGGAGCTGAGGACCCGCGGCGAGCGGATGCACGCCTTCGCCGACCTTGCCGAGGTGGAGGCGGTGCTGCAGGACCTGATGGAGAGGACGCCTCCGCTGG
CP077684.1_gap92	4539673	4540914	1241	ACACGCGGGTTGGGGACATCCTGGTCGAGTCGGGGCTGGTGACCCGGGAGCAGGTGGAGGCGGCCTTCAAAAGCCAGAAGGGTAAGAAGCTGCAGGTCGGGGAACTCCTGATCATGAAGGGGCTCATCACCGAGGAACAGCTCCTCTCGGCGCTGGCCACCAAGTTCCGGCTCCGCTTCGTGGACCTGGAGACGGTGGTGCCCACCGACGCCGCGCTGAGCGCCATTTCCGAGGGGCTGGCCACCCGGCTCAGGGTCTTCCCCATCTCCCTGGATGGGAGAAAACTGGTGGTGGCCACCTGCGCCCCCACCGACCTGACCATCGGGGACAACCTGAGATTCTCCACCAACTTCGCCCCCGAGCTCGTGGTCGCCCCGTCGCGCCAGATCCTCGCCGCCATCGACAAGTACTACCGGAACCGGGTCGAGACGGTGGACACCCTGTTGAACGCCATGAAGGGGGAGGCGGAGACGGTGACAATCGAGGAGGAGGCCGACGATACCAGGCTCCTCTTCGAGCCCGACTCCAAGATCATCTCCCTGGTGAACCGGATCCTGATCGACGCCTATCGGCGCGGCGCCTCGGACATCCACTTCGAGCCCGGCGCCGGGAGCGAGCCGCTCAGCATCCGCTACCGGATCGACGGCGAGTGCATCCACGCCCACAAGGTCGCCGCCTCGTACAAGGGGGCCATCACGGTGCGCATCAAGATCATGGCCGACCTGAACATCGCCGAGCGGCGGCGCCCGCAAAGCGGCAAGATCCTGCTCCGCTACCGGCAGCAGATGCTGGAATACCGCGTCGAGATCACCCCGATGGTCGGCGGGCGGGAGGGTGCGGTCCTGAGGCTTTTGGCGGCCTCCAAGCCGCTCCCCCTGAGCGGGCTGGGGCTGTTGCCGCACAACCTGGAGCGCTTCATCGACATCCTGGAGAAGCCGCACGGCATCATCCTCTGCGTCGGCCCCACCGGCTCCGGCAAGACCACGACGCTGCACTCGGCGCTGGGACACATAAACACCCAGGAGCGCAAGATCTGGACCGCGGAGGACCCCGTGGAGATCACCCAGGCGGGGCTGTGCCAGGTGCAGGTGAACGCCAAGATCGGCTTCACCTTCGCCGAGGCCCTGCGCTCCTTCCTGCGCGCCGACCCGGACGTCATCATGATCGGCGAGATGCGCGACGCCGAGACCTCCAAGATCGCCATCGAGGCCTCGCTCACCGGCCACCTGGTCTTCTCCACC
CP077684.1_gap93	4546060	4549402	3342	CGCCTCGGTGGCCGGGTAGGGGTTGGGCATCCGGCGCCAGACCTCGGGGACCTGGGCGTGCAGCCACTCGATGTTGCGGTCCACCCCCTCCGCGTAGGCGGCGAGCGCCTGCCGCTTCCAGTCGTGCTGGCGTTTTTGCCTCAGGTCGGCGTCCTTACCCCCCAGCGCCTGCACGTAGGCAGCCAGCGCGGCGATCTCATGCCCGGTCAGGAAGTCCCAGGCGGGCATCAGCGAGACGGGCGTGGTGTAGCGCGGGTTGGTGAAGTGGGCGATGTTCCAGTCGTCGCTGTGCTCCCCCCCTTCCTGGGAGAGGTCCGGGCCGGTGCGCTCGCTCCCCAGGATGGCCGGTTCGATCCCTGCGTAGTCGCCGGCCCTCGCGATCCGCTCCGCCCCGACGTCCCAGTCGCTGACCCGGATGAAGAGGGAATGGCAGTAGCTGCAGCCGTTTTTCACGTAGAGCCGGTGCCCCTCCCGCTCCAGCGGCGAGAGCGGTCGCCAGATGTCGGAGGGGTAGTCCTTCATGGTCATCGAGGGGATCCCCACGATGATGAAGGTGGAGGCCCAAAAGACCATGAGCGCTCCGACGATGAGGAAGGCGGGTGTCATCTTCATGCCGCCTCCTCCGCGCGCCTGATCAGTTCCGGCTCGGGCGCCGGGCGCAGGGTCATGTACAGGTTGAAAAGGCCGACCAGCGAGCCGGTCAGGATGAAGATGCCGAGCGCGGCCCGCAGCACCATGAAGGGGGCGATCTGGGGCAGCACCCGCAGCACCGTCTCGCCGTTGTGCCAGGCGGTCCCCTGCACCAGCCCGGCCATGGTCAGCACCAGGAAGAAGCCGGTGAGCCCCAGGGTGATCAGGCCGAACTGCAGGTTGACCAGCTTCCGGGAATAGACCGGGCGCCCGCTCGCCAGGGGGAGCACGTGCCACATGGCGCCCAGCGCGATGTAGCCGCCGAAGCCGAGCATGGCGATGTGGGCGTGACCGACGGTCCAGTTGTTGAAGTGGGTCACCCGCTGCAGGAAGGGGAGCGACTGCAGCGGCCCCTGGATGCAGGTGATGATGTACCAGACGATCCCCCCCATCACCAGCCGCGCCGCCGGGTCGCTCCAGACCCTGCCGCCGAACCCGCGCGCGGTGAGCCAGAGGTTGATCACCACGATGGAGACCGGCAGTATCATGGAGACGGAGTCGACCACGGAAACCGTCTTCAGCCAGTTCGGGATGGGGGACTGCAGCACGTGGTGCCCGCCGATGTGGCTGTAGAGGGCGATCAGGAACCAAAAGCCCAGAAGCGAAAGGGTGTGCGAGTTGAGCGGCGTCCGGGTCACCCGGGGGATCACGTAGTAGGCGGCGCCGGTGGCGAGAGGCGTGATCAGAAGTCCCGGCAGGTTGTGCCCCCAGAACCAGAGGAAGAGCGAGTCGATCAGCCCCGGCATGGCCCCGGTGGCCGGGTGCCACATGACGTTCCCCAGCGGATAGTTGCAGGCGGTCCAGAGGAGCGCGGCCATGAAGTACCAGATGGAGACGTAGAGCTGCGGCTCCCGGCGGTGCACGATGGTGAGCGCCGTGTTGACGATGAGGCAGGCGACGGCCACAACCAGCGAGACGTCGGCGATCCAGACGTACTCGTTGTACTCGCGTCCCTGGGTGAGGCCGAAGGCGAACCCCACGGGGCCGCTCAGGACGGTCAGGTTCCAGAAGAGGAACGCGATCCACGCCAGGGGCTCGGACCAGAGCCTCGTTTTCAGCAGGGCCGGGAGGTAGTAAAGCCCGGAGCCGATCAGCATGGTGCCGGTGAAGCCGTAGAGCATGGTGTTGATGTGGACCGGGCGCTCCCGTCCGAACACCAGCGCCGCCACGTGGGGGAGGAACTCCGGCGCCACCAGGTGGATGGCGGAGAACATGCCGTACACGGCGCCCACCACGAACCAGACCGCGCCCGCGACCATGAAGGCGAGGGCCGCACTCTGGGGCTTGTGGATAAGGTTGACCATCTGTTTTCCCCTAGTCTGGTTTTTCTTCGCGTAACCGCTTTTGTCGTAACCATTCACCTGTGGCAGACGAAGCAGTCGTGGGTGACCCGGTTGTCCCGGTGACACTGGATGCAAAAGCCCATCTCGAACTTGACCGCCCCCGCCACCCGGTCCATCTGCCGGATGTCGCCGTGGCAGTGACCGCAGTCGACACCGCGCCGCAGGTGCATGGAATGGTCGAAATAGACGAATTCGGGCACCCAGTTCACCCGCTGCCAGACCACCGGCTGGTTCCGGGCCGCGAGCTCCCGCAGCCGGGCGATGTAGGGGTAGGTGCGGATGATGCGGGCGTGGCAGAGCAGGCAGGTCTGCAGCGGCGGTATGCCGGCCCGCGACGAGCGCGTGGCGCTGTCGTGGCACATGAAGCAGCCGATCTGCTTGATCCCGGCATGCACCCGGTGGCTGAACGGGATGGGCTGGCGCGGGCCGAGCCCCACCGGGTAGAGCCGGCCCAGGTAGACCATCCCCGCCAGGGCGGCGCACAGGAGCACGCCGGCGGCTGCCGCGTTGGCCCACAAAGGCACCCCCCTCGGTGTCCCTCCTTTTCCCGGTGCCTTCTCCGGGCCGGTATCGGGTCCCGCTGCCGTCATCACGACCTCCCCTCCCCAACCCGGCGCATCCAGGTCATCCCGAGTCCGAGCACCCCGGCGAAACCGGCGGCGAGGGAGAGCTCCGGGAGCCCGAGCCGGGGCGCCTGCTCGAAGGTCGGCGCCACCAGCCACCAGCGTTCCAGCCAGAGCCCGCACAGTACGAGGAAGGAGATCGCCCCCAGTGCCAGGCGGCTGCGCTTGGCGCGGACCGGCAGGAGGAGCACCAGCGGCCCGAAGTACACGAGGGCCAAAAGGAACGCGCTCACCGGCGCCCACTGCGGGCCGTGCAGGCGCGGCACGATGAAGCGGACCTCGCGGGGGAGGTTCTCGTACCAAAACGGCAAGAGGTGCGCGTACATCAGGTAGGTCGTCATCAGGCTGAAGGCGACCATCAGCTTCCCGAGGTCGTGGAGCTGGTCCGGCTCGGCCGCCGGATGGCTCGCGGCGAGGAGCGCCCAGCAGGTGATGGCGATGTAGAGCCCGGACATGAAGAAGTAGCCGCCGGCCAGGTTGCTGTGCCAGTAAGGGTCGAGCGCCATGACCAGGTCGAAGCCGAGCAGGGAGAACACCAGGCAGTAGATCAGCACCAGTACCGCGCCGCTGGGCTTTCCCTCCCCCGAGCGTCGCCGGTTTAGGTGGTACAGTGCCGCGCCCCAGAAGATGAGCAGACCCGCCAGGTCGCGCCCCAGCAGGAAGTCGGGGTGCAGCCAGATCCCCTG
CP077684.1_gap94	4562592	4565990	3398	GGACTCGCCATCCTCCTGGACGTCGTCTACAACCACTTCGGTCCGGAGGGATGCTACCTCGACGAATTCGGTCACTACTTCACCGACAAGTACCGCACCCCCTGGGGGCGGGCCGTGAACCTGGACGGCGCCGAAAGCGACCCCGTGCTCGAGTACTTCCTCGTCAACGCCGGGTACTGGATCAACGAGTTCCACTTCGACGGGCTGCGCCTGGACGCCGTCGACTGGATCTTCGACCAGACGCCGAAGCCGCTTTTAAGGCGCCTGGCCGACGAGGTGCACGCGCACCGGGAGCGCCTCGGGCGCAAGATCCACCTCTTCGCGGAGAACGACACCAACGACGTCCGCCTGATCAACTCCCCGGACAAGTGCGGTTTCGGCTTGGACGCCCAGTGGTGCGACAACTTCCACCACGCCCTGCGTGCGCTGCTGACCGGGGAGACCACCGGCTATTACGAGGATTTCGGGCAGTTCGCGCAGCTGCAAAAGGCCTTCAGCGAGGCCTTCGTCTACACCGGCGAGTACTCCCGCTACCGCAGGCGGCGCCACGGCGGGCCGACCGAGCGGCACCCGGGGTTCCAGTTCGTCGTCTTCTCCCAGAACCACGACCAGGTCGGAAACCGCAAGTGCGGCGACAGGCTGAGCGCGACCCTCCCCTTGAACCAGCTCCTTCTCGCCGCCTCGGCGGTGATCCTTTCCCCCTACCTCCCCCTTCTCTTCATGGGGGAGGAGTACGGCGAACGCGCACCCTTCCACTACTTCATCGACCATGGAGACCTGGAGCTGGCCGAGCAGGTGTTCAAAGGGAAGCTGGAGGAGCACCCGTCGGGGGTGTGCGAGGGGGAGATTCCGGACCCCTCGGCGGAGGATACCTTCCTGGAGTCGAAGACCAGCGTGGGGACGGTGAAGGAAGGGGAGCAGGCGGTGATCCTCGCCTTCTACAGGAAACTCTTCTCCCTGCGCAGTTCGCTTCCGGCGCTGCAGGTCTTCCAGCGCGACGGCATGGAGGTCTCGGGCCTGCCGGAACAGAAGGTGCTTTTTTTCAGGAGGTGGATGGAAACCAACGCCGTCGTCTGCCTGTTCAGCTTCAGCAACATCCAGCAGGATGTCCCGCTTCCCCTCCCCGGGGGGATCTGGGAACGGGTGCTCGACTCCTCGGCCCTTGAGTGGCGCGGGCCGGGAGAGGAGACGCCGGAGCGGATCGAGGCGGGGGAAGGAGGTTCCCGCGGTATGGTCAGGATCAACCCCTTCAGCGTGGTCGTGTACAGCGCGAAGCTTTGAGGAGGAAGTCATGGCGCAGGAGAACGATACCCAGCGTTACGTCTGCATTCACGGTCACTTCTACCAGCCTCCCCGGGAGAACCCGTGGCTCGAGGCTGTCGAGATTCAGGATTCGGCCTTCCCCTACCACGACTGGAACGAGCGCGTCACCGCCGAGTGCTATGCGTCGAACGCGGCCTCCCGCGTCCTGGACGGCGACAGCCGCGTCATGAACATCTCCAGCAACTACGCGAAGATCAGCTTCAACTTCGGTCCCACCGTCCTCTCCTGGATGGAGCAGGCGGCCCCGAGGATCTACCAGGCGATCCTCGACGCGGACAAGCAGAGCATGCAGTGGCGCTCCGGCCACGGCTCCGCCATCGCCCAGGTCTACAACCACATGATCATGCCGCTTGCGAACGCGCGGGACAAGCGGACCCAGGCGGTGTGGGGCATCGCGGACTTCGAGAAGCGCTTCGGGCGCTTTCCTGAGGGGATGTGGCTCGCCGAGACCGCCGTCGACCTCGAGACGCTCGACATCCTCGCCGAGCTCGGGATCAGGTACACCATCCTGGCGCCGCACCAGGCCGCGGCCTATCGCGCCGTCGGCGAGGAGGAGTGGCTCGAGGCGGAGATCGACCCGACCCGCGCCTACCTCTGCAACCTCCCATCCGGCCGCACCATCAGCCTCTTCTTCTACGACGGACCGATCTCCCGCGCGGTCGCCTTCGAGAAGCTCCTGGAAAGCGGCGAGGCGCTCGCCAGCCGGCTCGTCGGCGGCTTCACCGAGGAGCGTGACTGGCCCCAGCTCATGCACATCGCCACCGACGGCGAGACCTACGGCCATCACCAGAAGTTCGGCGACATGGCCCTCGCCTCCTGCCTGAACCACATCGAGAGCAACAACCTCGCCCGGCTCACCAACTACGGCGAATACCTGGAGCTTTGCCCCGCGCAGACCGAGGTGCGCATCCACGAACGCACCTCCTGGAGCTGCGCACACGGGGTTGAGCGCTGGAACAGCGATTGCGGCTGCTCCGGCGGCATGCCGGGGTGGAACCAGCAATGGCGCCAGCCGCTGCGCGCGTCCCTCGACTGGCTACGGGACCTGCTGGCGAAGGGGTTCGAGCAGAAGGGGCGTGAACTGTTCAAGAATCCCTGGCGGGTGCGGGACGCCTACATCGAGGTGATCCTGAACTGCGGAATGGAGGTGGCGGAGCAGTTCCTTTCCAGGCACGCGCTGCGGGAGCTTACGGCAGAGGAGAAGATCAAGGCTCTCAAGCTATTAGAGATGCAGCGCCACACCATGCTCATGTACACGAGCTGCGGCTGGTTTTTCGATGAGCTCTCCGGGCTTGAGACCGTGCAGGTGATCGACTACGCGAGCCGCGCGCTGCAGCTCGCCGGGGGCGTGGTTGAAGGACCGGTGGAGAAAGGGTTCCTGGAGCGGCTCAAGGAGGCGAAGAGCAACATACCTGAATACAAGGACGGACTCTGGATATATCAGAACTTCGTGCTCCCGATCCGTCTCGACCTGGTGAAGGTCGGCGCCCACTACGCCTTCAGCTCCCTCTACGAGGATTACGAGGAGCATTCGCAGATCTACTGCTACGCCATCGCCAGGGAAGAGTACCACAAGATCGGCACCCCGGACGCCGTCATCGCCATGGGACGCATCCATGTGGCGAGCGAGATCACCGAGGAGAAGGCCTGTCTCACCTTCTGCGTGATGCGTCTGGGGAGCCACGATTTCAAGGGGGGGGTGATGGAGGGCTGCGACCAGCAGGGGTATGCCGCCATGCGCGAGGAGTTGAGCGCCGCCTTCGACAAGGGGCTCTACTCGGACCTGGTGCTCCTCATGGACAAGCACTTTGGCACGCACAGCTTCTCCCTTTTGAACCTCTTCAGCGACGAGCAGCGCAAGATCATCGGGGAGATCATAAACCGCAACCTCGAGGAAAGCGTCGCGAGCTACCAGGAGATGTACGAGCGCGTACGGCCGCTGATGGAGTTCGTCAAGGAGACCGGGGTGCCGGTCCCCCACGTCTTCATGGCCGTGGCCCAGCCGGCCCTGAACGAGGCCCTGAAGCGCGCCATGAGCGAGGAGGACGTGGACGAGGAGGGGGTGCGACGCATCG
CP077684.1_gap95	4588409	4589961	1552	GAGCGCATCCGCTACTTCAAGGACCAGAACATGCTCCTGGAGGCGCAGCGCATCGAGCAGCGCACCTTTTTCGACATCGAAATGATGGAGCAGATGGGCTTTTGCCAGGGGATCGAGAACTATTCGCGGCATTTCGACGGACGCCTGGCGGGGGAGCCCCCCTACACGCTCATCGACTACTTCCCGGATGACTTCCTGCTGGTGGTGGACGAGTCACACATCACCGTATCGCAGGTGGGGGGGATGTACCGCGGGGACAGGAGCCGCAAGGAAACACTGGTGAACTTCGGTTTCCGGCTCCCTTCGGCCCTGGACAACCGGCCGCTGACCTTCCAGGAGTTCACCAGGAAGCTGAACCAGACCGTCTACGTGTCGGCGACCCCCGCCGATTACGAGCTTAAGATGTCCGGAGGCGTCGTGGTCGAGCAGCTGATTCGCCCCACCGGCCTCATCGATCCTGTCATCGAGGTACGTCCCGCGGCGGGACAGGTGGACGACCTGCTGCACGAGGTTCGCCTCACCGCCGAGCGGGGGGAGCGCATCCTGGTGACCACCCTGACCAAGAGGATGGCGGAGGAGCTCACCGACTACTATCGGGAGCTCGGGATCCGGGTGCGTTACCTCCATTCGGACATCGACACCTTCCAGCGCATGGAAATCCTGCGCGACCTGCGGCTGGGGGAATTCGACCTGCTGGTCGGCATCAACCTGCTGCGCGAGGGGCTGGACCTCCCCGAGGTATCGCTGGTGGCGATCCTGGACGCCGACAAAGAAGGGTTCCTGCGTTCCACCCGCTCGCTGATCCAGACCTGCGGCCGCGCCGCGAGGAACGTGTCCGGGCGCGTGCTCATGTACGCCGACAAGGTGACCGGCTCGATGCAGTCCGCCATCGACGAGACCATCAGGCGCCGGGAGCTGCAGCAGGCGTACAACCTGGAGCACGGCATCACCCCCGAGAGCGTGAAGAGGCTGATCGGCAACGTGCTGCAGGCCCCCGAGGAGAAGGACTGGGTCACCGTCCCGGTCAAGGGGGAGGAGTTCCTCAATCCCAAGGACCTGGAAAAGACGTTGAAACGGTTGAGAAAAGAGATGCTGGCGGCGGCCAAGGCCCAGGAGTTCGAGAAGGCGGCGGAGCTGCGCGACAAGATCAAGCGGCTCGAAGTGGCGGAAATAACCAAAGGCAGTTGACGGTTGGGTTGACATTGGGTCACGAAAAAGCCCCTCGATCCCGTGCTACGGGTGAGGGGCTTCTTTTATTCGGTGCCAGGACGATTCCGGAAAGGTGCCCTGTCCCCCCTCCCGTCGAGGGAGGGGGGAGCGTTGCGCTTATTCGGGTGCGCCCCCGGGCTTTTTGCGCCGCCTCCGCCTGCGCCGCTTCTTCTTGGGCGCCTCTGCGTCGGCTGCAGCGGCTTCGTTCCCGCGTTGCGGCGCGGGTTCCAGTCCCTCCGCCTGCTGAACGGCGTAACGCTCCCACCACTCGGCCAGCGACCTCTTCGGCGGGGTGAGCTGCTCCATGAAGCGGAGATACTGCAACGCGTCCGGGAAGACGGGA
CP077684.1_gap96	4593802	4598299	4497	GTTCCAGCCAAGGGAGAGTAGATGATGCAGAAGAGGTTTGTTTTCTTGGCCATACTGGCGCTGGCGCTGGTCCTGACGGCAGAGAAGGGACATGCGGCCGATACCCGCACCGTGGATACGGCCTCCCCGCAAGAGGTGGTGGACGGCATGGCCAACAAGCTGGTCCGGGGTGTTGCCAATATAGCGACCGGGTGGCTGGAGTTGCCGAAGCAGATCTATCTCACCTGCAAGGAAGAAGGAGCCGCCAAGTGTGTAACCGTTGGTCCCATAAAAGGGATAGGGATGACGCTGGTACGTACCGCATCGGGTGTCGGTGAGACGGCCACATTCTTCCTGGCCTATCCCGGTTTCTACGATCCGTACCTCGATCCGGCCTACGCCTGGCAGAAGGAGTAGGCGGACCCGGCAACGCTTCCCATTAATGCAAAAAAGATCCAAGGCCTGTTCCGCGACCGGAACCCTTGGATCTTTTTTTATGCCCGCAGCAACGAAGCGCGGAGCGGGCGACATCCTGTCCCCTCGCCCTCCGGGAGAGGGACTGGGGTGAGGGCGCTGCTATGGGAGAGGGTACGGGCTGGCGCCCTTTTTCTGGGCAGAAATAAAAAAGGCCGCATCGTGAGATGCGGCCTTTCGCAATTACCCGTTAAGGGGAAATTACTTTGCAGCCGGAGCAGCCGGAGCGGCCGGAGCAGCTTCTTTCTTCTCTTCTTTCTTAGCAGCGGCTTTCTTAGCAGCTTTTTTCTTCTTCGGAGCAGCTTTCTTAGCCGGAGCTTTCTCTTCTTTCTTAGCCTCTGCAGCCGGAGCAGCAGCCGGAGCAGCGTCAGCAGCGAAAACAACACCAGCGAAAGCAACAGCAACGAGAGCAGCAACTACGGAGGACAGAACTTTTTTCATGGTAATTCTCCTTGTACAAAATGGGTTGGTGTCTGGCATAGAGCAGGTTGCGTGCCAATCTCTCATTATAACCGTAAACACTGGAAAAAACGTGAGGCGACCCCAGGAGGGACCCGGGCTCTCATGAAAGCGCCGCCGCATATGCTCCAATGAGTACCGCAAATGCGGTATACTTTGTGGTGAACCGTGCCGATGCCGAGGGTATATTGCTTGCCAGCGCTTCGAATATTTTGTTATTATGTCCGGTCACGGCTGAGCCGGGCTATCTGGGGGATTTTTGAGCAATAACATACTTTTGTCAGTGGAAAAACCCGCCCGTTACATGGGTGGGGAGATGGGAACAGTTGCCGACCGGGAAGGGGCGCTCCGCTTTGTGCTCGCGTTCCCTGACGTATATGAGATAGGAATGAGTCATCTCGGGCTGCAGGTCCTGTACGGTGTCCTGAAAGAGGTGCCGTGGGTCATGCCCGAGCGCGCCTACGCGCCGTGGCCCGACCTCGAGGAGTCGCTGCGCGCCGAGGCGAAGCCCCTGGTCACGCTGGAAGCCGGTACTCCTTTGGCCGACGCCGACATTCTCGGTTTCACCCTGCAGTACGAGCTTTCCTACACCAACATCCTGAACATGCTGGATCTCTCCGGGATCCCGCTGCTTGCCTGCGACAGGCCCGAGGGGTATCCGCTCGTCATCGCGGGCGGCCCCTGCGCCTATAACCCGGAGCCCCTGGCCGACTTCTTCGATGCCTTCCTGATCGGCGACGGCGAGGAGGCGGTGATTGAGCTTGCCGACTGCGTGCGGACGGCGAAGGAGCAGGGGGTTGCCAAGGCGGAACTCCTGGAGCGCCTCGCCCGGATCGAAGGGGTCTACGTCCCCTCCCTGTTCGAGGTGAGCTATCACGACGACGGCAGGGTCGCGGCCATCACCCCGGTGAAGGAGTGGTGTCAGGGCGTGCGCAGGCGCTTTGTCGCCGACCTGGAGACCGCCTATTATCCGACCTCGCCCATCGTCCCGTTCCTGAAGACGGTGCACGATCGGGTGAGCGTTGAAATTTCCCGTGGTTGCACGAGAGGTTGCAGGTTCTGCCAGGCAGGGTATATTTATCGGCCTGTGCGCGAGCGCAGCCCCGAGCGGATCTTCGAGATCATGGAAGAAGCGCTGCACAACACGGGGTACGACGAGATTTCACTCCTCTCCCTCTCCACCGGCGATTACGGCTGCCTCACCCCGCTGCTCAAGGGGCTCATGGACCGCTACTCGGCCCAGAAAAAAGCGGTCTCCCTACCCTCTATGCGGGTCGGGAGCCTGAGCGACGAGATGGCGGAGGAGATCCGCCGCGTGCGCAAGACCGGCTTCACCCTGGCCCCCGAGGCGGGGAGCGAGCGGCTCAGGAGCGTGATCAACAAGGGGATCACCGAAGAGGCGCTGCTGGAAAACGCCCGCTCGGTCTACGGCAACGGCTGGCGACTGATCAAGCTCTATTTCATGATCGGCCTCCCCACGGAAACCATGGAAGACGTGGACGGCATCGTGGAACTCTCCCGCGAAGTGAAGCGGCAGGGGAAGTTTGCCGGCAACGGCGGCGACGTGAACGTCTCGGTTTCGAGCTTCGTCCCCAAGCCGCACACCCCGTTTCAGTGGGAGCCGCAGATCAGCGAAGCCGAGATCGTCGAGAAGCAGCGCTACCTGCGCGACGCCCTCAAGAAAAAGAAGCTGATCATGAAGTGGCAGGATGCCTCTCTTTCCGGCATGGAAGGTGTCTTCGCCCGCGGCGACCGCAGGCTTTCGAAGCTCCTGATCGAGGCGCATCGCCTGGGCTGCCGTTTCGACGGCTGGTGGGAACATTTCGACCGCCTGAAATGGGTGCAGGCCTTCGAGAACTCCGGTATTGACGCGAGCTTCTACCTGAGGCGCCGCGAGCTGGACGAGGTGCTCCCCTGGGACCACATCGATTGCGGCGTGACCAAGCCATTCCTGCTCAAGGAGCGCGAGGCATCGCTCGTCGGCGCCCCCACCCCCGACTGCCGCTTCGATCGCTGCACCGGCTGCGGTGTCTGCGATTTCAAGGAAATAAAGCTGCGACTAAACGAGCCGGTTCCCTTTGGCACCTACGCCAGCCAGGCGGCGGTACCGGAGACGACCGAAGAGGCGCAGAGGATCCGGATCCGTTTCGAGAAGGTTGGGCGGATGCGGTTTCTGAGCCACCTGGAGATGTTGACCCTGTTCACCAGGGCGGTGGGGCGCTCCGGCATCCCGATCCGCTTTTCGCAGGGGTTCCATCCCCACCCGAAGTTTTCCTTTGCCACCGCGCTCTCCGTCGGCATCGAATCCTATGCCGAGTACATGGATTTCGAGGTCGATGCCGGATATACGGCAGCCCAGCTGCAGGAAGCGCTGAACGCGACCCTCCCTGGGGGGGTGCGGGTGCTGGAGGCCCAGGAGATCGCGCTGCGGGCGCCGGCGCTGTCCGTCATCATGGACAAGGTGCGCTACCGCGTGACCCTCCCCGAGGAGCTGGCGTGCGACCTGGAGGCGAAGGCGGCTGCCTTCCTCGCCCTGGAGTCGTCGCCGGTCAAGCGCGAGAAGAAGGGGAAGTCGACCGAGTTCGACCTGCGTCACGAACTGGCCGAACTGAAGGTCGAAGGGCGGACCCTGGAGATGGTTGCGGGGCGCGGCAAGCTGCTCGAGTTCGCCAGCGCCATCCTCGGCGTCCCCGCCGACGCCCTCAAAGAGGTGCGGCTGGAGAAGCTGGAAGTGCTTTTCAAGGAGTAACGGAGCCGCGTTCTGTGACATCTGTAGGGGCGAATAATCATTCGCCCCCCTCAGCCACCCGTTGGCGAGGCTTACGCGCAGAGGTGTCGGCAGCGCCACCGGCTGGGCGAATAGTTATTCGCCCCTACAGGACGCATGCATGTAGGACCTGAAACAGTTTGCTTTTGAATTTTATATATAGGAAGGGGTTAGCATGGGAAACGAGCTGGTCATTAACACCACCTCCCACGAGACCCGCATCGCGCTCATCGAGAACGGCACCATTGCGGAGCTGTATGTCGAGAGGAGCAGGGTGAAGGGGATCATCGGCAACATCTACAAGGGAAAGGTGGTCCGGGTGTTGCCTGGCATGCAGGCGGCGTTCGTGGACATCGGGCTGGAAAAAGCGGCCTTCCTCTACGTGGCGGACGTGTTCGACGCCATGGACGAGTACGACAGTTACATCGAGCCCGAGGAGGGGGAGGAGCCGATGCCTCACCCGCTCCACCCGATCGAGGAACTCCTGCAGGAAGGGCAGGAACTCCTGGTGCAGATCTCCAAGGAGCCGATCGGCACCAAGGGGGCGCGCATCACGGCCCACATCTCGCTCCCGGGACGGCACCTGGTTTACATGCCGACCGTCGACCACGTCGGCATCTCGCGCCGCATCGAGGACGAGGCCGAGCGGGAACGCCTGAAGGAGATCGTGGACCGCATCAAGCCGGTAGGCGGCGGTTTCATCGTCAGGACCGTCTCCGAGGGTAAGAGCGAGGAGGACCTGGTCGCCGACCTGCATTACCTCACCAAGCTCTGGGACGAGATCGCCAAGAAGAAGGACAAGGCGGGCGCACCGAGCC
CP077684.1_gap97	4649653	4654410	4757	GCTACCAGAAAAAGACGACGAGCCCGGCGTCATCAAGATGAACATCGTGGCGAACGTGGGCGTATCCATCCCCGTCATCGCCCGGCACGGCGACCTGCAAGCCGGCGCATCGATCGTTCCCTGGTCGGTTACCCTGTCTGGCGAAAAACAGCAGGTGCTCTCCTTCACAATGCTCCGGTCCGGCACCAGGTCGGTCTACGGTGACGTCGCGGTGTACCGGGGACAGGAAAAGGTGGCGGAGGGAAAGGGCTTCGCGATCTACACCCCCAACACGGTGCGCAAGGTTTCACTCGTCGTGTCGGAGAACTCGCGTCTCAGAAGCGGCGACGCCGTACGCCTGGTCTTCACCGAGCGTAACGAAAAAAAGCCCCTGGCTGAGACTGCCGTCGTCCTTCCCTAGCAGATGGTACCCCGCGCAGGCGCTCATACCGTGGGAGCCTGGTTCGCCCTGCTGCTGATTCATCTCTTCATCACCGTTTCGCTTTCCTACGGTGAGCCCGCCCCCCCTGCTCCCAATGATCAGGAGATGATCGTCGCGCTTGAACTGGACAATGAAAGGGTGGCGGACAGCTTCCTGCTCGTGGAGAAAAACGGCCAGATCTTCGTCCCGGTCTGCCCCCTTGCGGAGGCGCTGTCGCTGGCCATCAAGTGCGATCAGAAGAGGGCCTTCGGCTTCGTGCTGAGCGAGGACCACCCCTTCGTGATCGACTTGGACGAGGGGTACGCCGTTCACGGCAGGGAGGCGTTCTCCATCAACAGCGAGGCGTTCGTGCAAAAGGGTGAGATCCTGGTGAATTCCGGCACGCTCTCGCGGTGGCTGCCGGTGGATTTCTACCTGCGCCGGGAAACCTCAACCCTGGAGCTCAAAGCGCGCGTGCCGTTGCCGCTGCAGGCCTTGAAAAAGCGGCAAGCCTTCGTGGCTCCCAAACCTCCGCCCCAATCAAGACAATACCCCGATGCGACCGCAACGAGACAGACCGCGTCTATCCCTGCTGTCGACCTCGCCACACAGTTGAGCCTTGGCTCGGACGGCGCCAGGGGCAATCGCGGCAGGATGCAGAACTCGCTGGACATCGCGGGCGACCTCCTCCACATGACGGGGGAGGCTCATCTGCTCGCGGTGAACGACGATCTCAAGCGGCTCGACCTCACCATGTCCCGCCGCAGCGCGTCGGGCTACCGGGCCGGACCTCTGTGGTTCAACCAGGTGGCGCTCGGCTCGACCCAGGCGCCGTACGTGGACGGCGTAGGGGCATCGACCAAACCGATGTACGGCCTCTACCTCTCGAACCGCCCCCTGATCGGCGCGGGCCAGTTCATGTCCCACGACATACACGGTCAGCTTCCCGCCGGCTGGGACGCGGAACTTTTCCACAACGGCACCCAGGTCCAATACCAGCCGCCGACGGCGGAGGGAATGTACCATTTCGTCAACCTCCGGGTTTACTACGGCGTGAACAGTTTCAAGGTGGTGCTGCATGGCCCCTTCGGGGAGCGCAAAGAGTCGGAAGAGGTCTTTGTTTCCGACGCCACCACTCCCACGGGGGAATTCCTCTACTCCTTATCCGCCGGGTGGCAGACGGGGCTTGCTCGTCACGAGGATCCGGAGGGGGAGCAGGCGGAGTCCAACTTGACCTTCACCTCGGACTTCGGCCTTACCAGGAATCTGACCGGATCGCTGCTCGTGGTCAAGGATGCGGAGCGGGCAACGGGGGAGCGGGAGTATTTCGGGGTCGGGGCGAGGACCGCCTTCGGGTTCACCCTGCTATCGCTGGAAGTGATCCAGGCCTTGGGGGCGGGGCGTGGCCCGGAGGGGCAGCTCGTCAGCTTGAAATCAAGCAGCCGGGACCTGTTCGGTTTGAACCTGGAGCTGGTGCAGCGGTTCTTCCACGACTACGAGTCGCCGCAGTTTTACTACAGAAGCGATCCGCTGCGGACCCTAACCAGCGTCAGGGGAAACTCATCCTTCACCATAATCGATAAGATACGTGTCCCGTACTCGCTGGAGATCGGCTTCGGCACCAGGAAATCGGGACGGACCGAGACGACATCGCAGTGGCGCGTTTCCGGTGGCTGGAACGGTTGGAATACCACACTGCAGGCTGATCTGTCCCGGCTGCAGGGGAACACCTCCGCCACAGGACAACTGCAGGTCAGCACCAGGCAAAGCGACGTCAGCGTGAGGGGAGAGGCCGGGTACTCCTTCCTCCCGGTCGCCAAGCCTTCCAGCATCAACATCAGCGCCGACCTGGAGATGGCACCGGGGCTGCAGCTGAACTCGGTGTTGTCTCATGCCCCGGCGGACCGGTTGACCGGAGTGAGACTCGGGGTGTCGAAGCGGTTGGGCCGGCTGGGCTATTCCATCGCCGCCCATGGGAGCACCGATGGCGCCTATGGTTTGGACGTCGGCGTGCGCTCTTCGGTCGCCGCAGTTCCCGCCGGGCGGCTGCTGTCTTCTGCCGAACCGCTGGCGCCCTACGGCATGATCGCGGTTTCCGCCGCGGTGGCCGAACCCGACGGCACGACCAGGGCGTTGCCGCGTGTCGATTTCCTGTTGAACGGCAGCAGGGTCAGGGCCATCCCTGACGGAGCCGGCGCCCAGGTCATCCCTTTCCTGCAGCCGGACGTCCCGGTCGATGTGACGGTGGATATGACTTCGATCGAGGATCCTTTCATGGTCCCCACGGAGGAAGGGTGTCGCATCGTACCCAGGGCCGGGGTGGTTGCCAGGTGTGCGTTCACCCTGACCACCGGGGGCGAAATCGACGGGACGGTAACGGTGCGTCTGGCACGGGGGGGGGGCGGTGCCTATGAAGGGGGTGAGGGTGGAACTGGTCGGGGCAGGAGAGCAACAGGGCAGGCTGCAGGCTACGACGCTGTCGGAGGAGAGCGGCTACTACCTTTTCAAGACGGTACGGCCCGGCAAGTACCTGGTTCGCATACCGGTCGAAGAGGTGCAGCGCCTGAAGGCGAACGCGTTGTCCCCGCGCGGGGTGACGGTGCCGCCGGGGGGGGACATGGTGTCAGGAATTGACTTCGTGCTGGCACAAGACGATGCGGCGCCGGGGAAGATCATCAACGGGTCGGCGCCGGTGGCGGATAAGGAGTAGGGACGGGCTCAGTTTCTGGCGGGGAGCAGGGTGGCCTGCAGCAGGTCCCGCAGTGCCTTGTCCGAGCCGGATTCGCGGTTCACGATGGTCTTTCTTTCCCGGCGGGAGATGAGTATGGCGAGGTGCTCGGCGGCTTCGGCGGTCCCTCCGGCGATGGAGGCGGAGAGCTGGCAGAGGATCTGGACCGGCAGGCCGTTTCTGAAGCCCTGCACCAGCTTGGCGATCTCATCGTGGCGCTGCTCGTAGCTCCAGGTCTGGTAGACCTCGTCGCCGATGTTGTTCAACTTCCCCTGTATGCCGGCCAGCTTGTTCAGCATCTAGATTCTCCTGTAGCCCCGCGGGGCGTCCGCAGCGTGCTGCGTAGTTTATTTCTTGTGTTCGTGGCTGAAGATGTGGTCCCGGCAATAGCCATACTGACCGTTGCACTTGGGGCAGTAACGGAAGTCCATGTCGGGATGCGTCTTCTCGGTGATGCCGCAGGTGGTGCACTTGTGTACCAGTTCCTTTTCACGGAACTGGAGTCCGCCGACCTTCTTCGTGAGCTGCCTCTTGCCGTGGCGCAGGTTGAGGTAGATGTCGTTGGCGAAGAAGATCAGGTAGTTGGCGATCGCGGCCAGTACCATGACCCTGGAGGGCCAGCCGCCGATGATGCATTGGTAGGCGTACCCAAGCCAGGTCAGAAGCGCCAGCCACTTGATCCTAACCGGCAGCACGAAGAAGAGCAGTATCTGGAATTCCGGGAACAACGTGGCGAAGGCGAGGAAGACCGAGCCGGCGAGAAAGGCGTTGCTGACCGGATACGCAGGGATCAGGAAAGAGGACGCGAAGGTGATCAGGCAGCCGAGCACCAGGTAAGCGTTGTAGCGGAAGGCGCCCCAATGCTCCTCGAGGGTAGAGCCGAGCATGTAGAAGAAATACCAGGCGATCAGGGTGAAGATGAGGCTGGACTGCGGCGGATCGAAGGGGATGGTGAAGATGCGCCACCACTCCCCGGACAGGAACAGCTCCGCGGAGAAGTAGGTGGCCATCCGGTCCAGCTTCCCCGTCATGTACATCAGGTAGAAGAACGACTGCCCCGCGATCAGGTAGATGGTGAGGTTGGGGACGGCGTAACGGCCGATCTTTCTTTCCAAACGGTCAATAAATTTCATGCTGATGGGTCCGGTCCTTTTGGTCCTTCGCGCTCTTCAGTGGCGTTGCCTGGGGCAGGTCCTTGTCGTCGGCAGGGCGCGGCCCCTCCGCCGTGTGGACCAGTGGCGGCCCCTTGGGTGGTTCCGGACTCTTCGGAAACTTCTCCTTCATGATCCTGTCGCGCTCCTCGGGGGTGATCACCTTGAGGATGGTCAGCTGCTCCAAGTCGTTGGGCCGGGCGAACTCCACGGCAAAGGCGAAGTCTTCGCTGTCGTAATCGCTCCCCTGCTTGTAGGTGGCGCGCACCATCGATTGCATGGGCGTAGGGTTCTTGGCCAAGTACTGGCGCCAGTCTTCACGCTGCTGCGCCGTCATGCCGGTATACCAGACGTGGTGCGCCAACTCGTGCAGCATCACCGAGCGCAGCTGTCCTTCGCTGTACTGCTGAAAGAGATTGCGATAGATGAGCTTCATGTCCGGGCGGTAGGCGCCGAGGTGAAATTTCACCTCGCTGGG
CP077684.1_gap98	4735663	4738520	2857	CTGCTTCATTGCCGGGGCTTGCGTCCGGGAGGAGGAAGGGACGGGGCGAGGCGAGCTCCCGGTCCAGAAAGGCGAGACGCTCCGGCTCCTGCCACTGCGAAAAGCCTCGTTCAGTCATCCCGGCCGCAGCCATGAGCTGTTCCACCGCCTTGTCGTGGAAGGCGCTGTTCTGCCTGATGTCCAGCGAGGCCAGGTGGAAGCCGAACACCTCCACGCTGCGCAGCACCGGCACCACGTCGGCAAGGGCGAGCCGGGTGGCCCCCGTCGCCACCAGGGTGTCCCTGAGCAGGCGCAGGTCCTCCTCGAGTTCGCCGGAGCGGCAGTAGCGGGCGCCGGAGTCGCCGCAAAGGGTCTCCTCTTTCCCGGTGACGTCGACCGGGAGCCTGGCCTTCATAAGGTTCACCAGCTGGCGCCAGGGCTCCTCCGGGTTGCGCTTGAGCGCCTCGACGCCCAGTGCCCCGGTCGTCGCGGCAAGCATCTCCAGGCGCCCGGAGAGCTCGGGGGGAGGGGGAAGCAGCAGCCGGGAGATGCTGAGCCTGCTCCCGAGGGTGGTGAGCTGCCCGTGGATCAGCAGTAACGCGTTCAGCCTCAGTTCCCTCAGGGTGGCGGCGGTGACCTCGGCGGTCACCAGGGGGTGCCCGTCCCGGTCCCCCCCCACCCAGGTGCTGAAGGAGACTCGGGGGAGGCGGTCGGTGAGCGGAGAGAGGGGCCTGGTCAGCCCCGTCTCGCGCCAGGCGCGGCAGATCCTCTTGTCCAGGATCGAGATCGCCTGGGGAAAGATCTCGCGCAGGTGGTAGATGATGGTCGCCAGTTCGTTCAAGACCTTCGGCTTTTCCAGGTGGATCTCGCCGGTATGCCAGAGCCGCTCCAGCATGGCCACGATCTCTTTGCGGATCTCGTCCCGCTCCAGGGGGGTCCAGACCGTGTTCTCCCGCTTGACCAGCAAGAGGTAGAGTTCGCGCAGGTGTCTCAGTACCGAGGCCCGCTTGGCCTCGGTGGGGTGGGCGGTCAGTACCGGCTCCACCCTGATCTGTCCCAAAAGGTCCGCAACCTGTTCCTGCGGCACCCCGCTGCGGTTGAGCTTTTCCAGCACCCGTCCCCAAAGGCCCGGTTCGGCCACCAGACCCTGGCCGGCCTCCACCGTCCGCCGTGTCTGCACCGCGAAGTTCTCCTCCGCCATGCTGAGCAGCTGAAACGCTATGGACCAGGCCCTGACGAACTTGCAGTCCTCGGAAGGAGCAACCGAGCCGGTCTTCGGCAGGCAGGCCGCGAGCTGCGACTCGCCCAGCCCGTTGAACATCTCGGCCAGGCACTCCATCAGGTAGTCCAGGTCATCCTGCAGTCTTTCCGGTATGGCTGCGCCGGTTTCAGACATAACGGCCCCTCCTTGACGCGCCCCTTGCGAAGGGGCGCGCAGCACGGCTGGTATCGGGCGGAGAACCAGAGATGAATGATACCGTAGAATCCCGCCCTGTGAATGCGGGGGGCGGGGAGGGCAGCTTGTTCATGTGAAGAGCCTTGTGGTAAGGTCTTATTAAGGGAGGCAAAGGCGGCTTATAATGAAAACGATACTGCTTGTGCTCCTGATCATCATAGCGGTCGTCCTGACCATTTGGCTCCTGGTGATTCCCGCCGAAGTGCTGATAGGTTCCTTCAAGGCACTGCGCCGCGGCGAGTGGCGCGGCTGGAGACGAGACAAACCCCGGTAGAGGGGCAGCTTGAGGCGATGCGGGTCTGCGGGTATGGGTGCGGGAAAAAGGCCCTTGGCTGTGCCAAGGGCCTTCGTTTTGGGGAGGGTGGCGTCGAGCGCTACGGGACGCTGTTGAAATCGTCGCGGTGGAAATCCTCGGTCGTTCCGTAGGAGTAGGAGAAATTCACCCGCTTCACGCTTTCCGGCCGGGGGAGGGGGATATCCATGGTGAAAGCTTCACTCCCCGTGAAGCGACCCTCGAAGTTCTTGGTTCCCTTGCCGAGTTCCTTGCCGCTGTCATCGAGCAGCTTGGCGGTCAACTGCAAAGAGGTGTAGGGGAGATCCGGTCGCACGTTCTTGAGGGTACCGTCGATGCGCATCCCCTTGTCGGTGTTTTCCGCTTTCCAGGAGATGTCGAGTTCGTGATTGCTGAAGTGATGGGAACTGTAAGCGGGGTTGGAGTCGAGCTTTGCGCGTGGTACCGCACAGGCGCAGATGAGGGAAAGGATCGCCATTGCCAGCATGAGCTTCTTCACCATAAGTCACCTCCGCAATTTGATGGAAACCTAGTGAGTGTAGCGCCGTTATCCACCCATGCAATGTGACTTTTTCCGTTGCTGGTTTCGAAATTGCCGACCGGTTGTTGCGTCAACTCGGCGGCGACGCGACTGGCGCGCCGGGCGCAAAAACAGCGGGGCGTCCGGGACGCCCCGCTGCAGTGACAGCTTTGCCGTCTGTCGTGGTGCTACTTCTTGTGGCCGGACTCGCGGATCATCGCGGCGGCGTCCGCCTTGATATCCACCAGGTCCTTCTGCAGTTCGGCCAGGCCGTACCAGGTGACGTAGTCGGGGTTCATGTGGAACGCCCCCTGGAAGGCACGCATGCGGTGCTCCAGGAACATCACGTACAGGGTCTGCTCGATCGGGGTCCTGGTGTCGTAGAAGGTGAGCAGGTCCGGATACGCCGGCTGCCCTTTCTGCGGCTTGATGATCCCCTTCTCGTACAGGTCGGCCACGATGGTGATCGCCTCGGCCATCAGCTTGTCCGCCTCTTTGATCATCTGGTCGGCGTTGCCGAGCTGGGTCTTCGCGTAGGTCGCGCTGTGGCACTTGCTGCAGATCCCGATCATCTTGTCGCGGGACGCCTGCCACTCTTCCTTGCTGAGGC
CP077684.1_gap99	4741196	4744038	2842	GCCCACGGTTGCCTGCGACGGTACCCTAATGAAAATCGTTCCTCTTGTCAAGGACGGTGCCCACCCCGGTCCGGCCTGCCGGAAAGGAAGACGTCAAGGTGTAACCGGGGAGGGTGCGGCTACGGAGTTGATAATCTGTTTCTGTGCGGTATTCAGCCTCTGCACAGTTGGCCCGGAACCGTTGTTCAGGTTCTGATGCGTGCGGGGGGGGCAGAACACCACCGCCGGCGAAGTAATGAAAGAAAAAGAAGAGCCCTCGGCTGTTGCCGAGGGCTCTTCCTGCGTGGCGAACGTGGTGCCGGAAGCCGGTTGCAGCGTTACGGCAGAACCGTGAAGTTGGAACTGGAGGTGCCGGTCCCCCCTGCGGTGGTCACGGAGATCCTGCCGCTCTTGGCTCCGGTCGGCACCGTCAGCAGCACCTTCCCGGCGGAAACCACGGCGAACGGCGCACCGACCCCGCCGATCCTCGCGGACGTCATGCCGCCCAGGTTGGTGCCGGTCACGGTGATGGTGCTGCCAACCTTGCCGGAACTGGGGGAGAAGCTCTTGATCCTGGGAGCGACGCTCTTGCCGGAGACGGAGAAGCTCGAGCTGCTGGTCGCGGTGCCGCCGGTTGCGGTGACGGTGAGCTTGCCGCTGGTGGCCCCGGCGGGGACGCCGGTGACCAGGGTCGTGCCCGAAGTGACGGTGAAGGGGGCGCTCACGCCGTTGAATTTGACGGCGGTCACGCCGGTGAAGTTGGAGCCGGTGACGGTGACGGCAGTCCCGACGCCGCCGTAGCCCGGAGTGAACCCGGTGATGGTCGGGGAGACCAAAACGGTGAAGGAGGTCGAGCTCGTGGCCGTACCGTTGGCCGTGGTGACGCTGACCGGGCCGGTGGTGGCGCCTTGCGGGACGGTGGCGCTGAGCTGGGTCGCGGAGACCTGGGTGAAGCTGGCGCTCGTGCCGTTGAACTTCACCGAGTTGACCCCGACGAAGTTGGTGCCGTTCACGGTGACCGTGCTCCCGGCGCTCCCGGAGGCGGGGGTGAAGCCGGTGATGGCAGGTGCCGGGTAGGTCACGGTGAGGACGGCGGCGCTGCTGGTGGCGGAGCCCGCATAGTTGCTCACCACGGCATAGTAGGAACCGGCGTCGACGGAGCCGGCGGCGGGAATGGAGAGAACCGGTGTCGTTGCTCCGGCGACGGCGCTGCCGTTCTTGAACCACTGGTAACTCAGGGGAGCGCTGCCGGATGCCGCGACGGTGAAGCTGGCTGCACTGCCTGCCGCCACCGTGACGCTGGCGGGATTCTGGGTTATGACGGGGGCGCCGGGGGCGATGGTTACCGTGCCGGTGCCGAGGTTGGAGTTCTTGGCGCCGTCGTAGGCTGCGAAGGTGAACGTGTCGGTCCCGGTGAACCCTTCACCGGGGTAGTAGGTGGCGACGCCGTTGACAAGACCTACGGTGCCGTTGGCGGGTTGGCTCACGATGCGCAGGACGGCGTTCACCCCGGTAACCGGTATGGTCATGACTACCGAAGCTCCGGCCACTCCGGCGCCGGTCACGTTGCCGACGGTGGGGGCGGCTGCACTGTTGAACCCGGAGTTGGACGGCCCCTGGTGGCAGGTGTAGCACCCAATGGTCGCCCCGCGGAAAAAGGACTGGGTGCCGAAGTCGCCCAGACTCATGGTGCGGTCTGCCTGCATCCTGGAGAGGACGGTGCCCCGGTAATCGGTGCCGTGGCAGGCCTTGCACGAGGCAACGCCCACGGAACTGATCAGGTCATGGTGACCGCTGACCCAGCTCTGGCCGACCGGGTGCATCCCGTGGGGGCCGCCGTTGGCGGTGGTGGGCGTGCTGGCATGGCACGCGGTGCATTCGACCGTCACCCCGCCGTGCCCCTGGAGCTGGACGTTCCTGATGTTGTCGTTTCGGTGCGAGGAGGGGAACTCGGCGTGGGTGGAGCCGTGACATGCCGAGCACTGCAGGCCGCCGTGGCCGACCGAGAAGCGGTACAGGGACAGCCCCGGTGCCGGGGTGTCGGGCGTGGTGGCGAAGGTCGGGTCGGCGGGGATACGCGGTCCGCCGGTGCTGTCGAACACGCTGGTATAGCGTATCTGCCCGCTGTTCTTCACCGCGGTGCCGGTGTGACAGTTCTGGCAGTTCGGCTCCATGAACCAGCCGACCCTGGAGCTGGAACCTACCTGGGACATGCTGCCGTGGCAGCTCTGGCACTGCATCGCCATGGAGCCGTCGGTGGCTATGGCGCTGCCCATGGCGCCGCGCAGGCAGCGCGTGGCCGAGCCGGGGTGGCAGCGGTAACAGGCGTTACGGTTTGTGGCATCGTCCAGGGTGACGTTCAGGACCGGGTCTTTCACGGCGGCGTGCTTGGTGTGCATGGAAGAGGTGAGCGGCGGCACCGAACCGTTGCTACTGGTGAAACTGGCAGTGCCGAGTGCCTCGGAGGCATGACAGGCCGCGCAGAGGATCGGTCTTCCAGCGGCTACGGTTGCGTAGAGCCCTCCGGCGTCCAGTCCCTTGGCGGCGAGTGCGTCCCGGTACAGTGCACCGTTTTGGCCGAACTGCTGCTCGTCGTGCAGGCGGATGATGTTCAGGCGGTAATCGCGATCCTTGGTCGGGGCGAAGACCCAGCCGGAAGCGGGTTGCGCCGCCGCCATGGTCCCGGAGCTGTGGCAGACGCTGCAGTCCATCTCGTCGGATACCGGCAGGACGATGTCGCTCTTCGCGATCACCGTGTTGCCCGCGTCCCGGGCCACAAGGCGCATGAGCGGGTACGAGTTCTTGTTCCCCTTGTCGTCGATCGGGGTGATCGGGATCCCTTCGGCGCGGAACCAGTTGACCG
CP077684.1_gap100	4752628	4756267	3639	AACCTGGATGCCTCCCTGGCCCGGCTTACTCCGGCGCTGGTGACCAACACCGCAGACCAGGCGCTCTACCGGGGGTACTACTATTCCGGCCACAATACGCCGGTTTCGGTCAGCGATACCTTCGTCAACACCATTACCGGTACCAACTGGCCCATCTACTGGAGCGGCATCGGGAATATGGATGAAGACGAGCTCGTCGCAAGCGTAAATGCTTATTGAGATAATCTGAACGGGTCAGAAAGAGGCGAAGCAGGGAGCTTCGCGTGGAGTGAAGCAGGGAATGAAAAGGCCCTTGGCATTTGCCAAGGGCCTTTTCGTTTGCCGGCGGAAGGAAAGAGCCCTTTTAGTGCAAAGCAAACGACCTGCGCGGCAGGGCCCAGAGCGGGAATGACAAAAATCGCTGCCAAGCTGGCGACTATGCCTGTTTGACACTCGGAAATGGGCCGGTACATTCTTTTACTGGAAACAATTTCGACAGTTCGCGTTCACTACCCCAACCGCGGTAGAGCCGAGGGAGGAGCACCGGGGATGCCCGGCCTTTTTCACGATGATAACCGGTAATGGAGGTTTCCATGAACGTACCCGAAAGAAACTTGGTTCTCTCACCCCGATGGTTGGTGACCGCCGTGGTCACGTTCCTGTTCGGATTCACGGTGCTGGGCTATCTCGCCTACCGCAACGCCAATGAGGGTCCCCCGGTTCCGCGGGAGGTGAGGGCGACGAACGGCACGCTGCTGTACACCGGCGACGACATCATCGGCGGTCAGTACATCTTCCAGAAGCTGGGGCTCATGCAGTACGGCACCATTTTCGGCCACGGCGCGTATCTCGGCCCGGATTTTACCGCACAGTACCTGCACTTAAGCGGCGAGAAGGAAGCCGGGTACTACTCGGGGCAGGGGCTTTCGGCCGCAGACGCGGCAGCCAAGGTGCGTGCCGAGCTGAGAGAAAACAGTTACGCCGAGGACGGGGGGGTGCTCACCTTTTCCCCTGAGCGGGCGCGTGCACACACGGAGCTCATCGACTACTACCGCGGCTGGTTCGGGCCGCCGCAGTCACAGCAGGGGTTGCAGCGGCCTTACCTGGGCGACCCCGAGGAGATCAGAAAGCTCACCGCCTATTTCTCCTGGGCTGCCTGGGCAAGCACCGCCCGGCGTCCCGGCACCGACCACTCCTACACCAACAACTGGCCGCCCGATGAGCTGGCGGGCAACCGCCCCACCCCCGGGATAGTGATGTGGAGCGTGTTGAGCCTGATAGCCCTGCTGTGCGGTACCGGCGCCATCCTTTTCGTGTTCGGCCGCTACGAGTTCCTCGGCTGGCATGCGGCGGATGAATACTCGGCGAAGATGGAGGCGCCGGAAAAGGTGCGGCTCACCCCCTCGCAACGCACGGTGGCCTGGTACTTCGTGGTCGTGGCGGGCCTCTTCCTCCTGCAGGGGCTGCTGGGAGGGGTGAACGCCCACTACCACGTGGAGCCCGCCGGATTTTACGGCTTCTCTTTGGGGGACGTTCTGCCGTACAACCTCTCCCGCATGTGGCACGTCCAGCTCGCGCTCTTCTTCGTCGCCTCAAGCTTTCTCGCCATGGGGATCTTCCTCACCCCCATGATCGCGGGAAAGGAGCCGCCGCATCAGGAGAAGCTGGCGCTGATCCTTCTGGGAGCGCTGGTGGTAGTGGTGGTGGGGAGCCTCACGGGGGAGGCCATGAGCCTCAAGGGGATGCTTTCCACCGCCGGGCCATGGTTCTATGTCGGGTCGCAGGGGTGGGAATACCTCGATCTGGGGCGGCTGTGGCAGATACTGCTGACGGTGGGGATGCTGATATGGCTGGTCATCCTGGTACGCGGAATGAGGGAAAGGCTCCGGGGGGAGCATCCGGGAAACATGCCGTGGCTCTTCATCTACAGCGCCGTTTCCATCCCCCTCTTCTATGCCGCGGGGATGCTCTACGGCAAGACGGCCCACTTCAATCAGGTGGAGTTCTGGCGCTTCTGGGTGGTACACCTGTGGGTTGAGGACTTCCTGGAGCTCTTCACCACCATCATGGTGGCCTACGTCTTCATGCTCCTTGGGGTGGTGCGCATGCGGGTCGCCACCACCATCATCTACCTGGACATCATCCTCTACTCCATAGGCGGGGTGCTTGGAACCATGCACCATCTCTACTTCAGCGGTCAGCCTGAGGTGCACATGGCGTTCGGTGCGTGCTTCTCCGCCCTGGAAGTGATCCCCCTGCTGCTACTCACCTACGAGGCGTGGAAGTTCATGGGCCTCGGGGCCCCGGCCGGCAGCTCCATGCTCAGCACCGCCGCCGAGGTGTTCCCGCACAAGTGGGCGGTGATGTTCCTGATAGCGGTCGGGTTCTGGAACTTTCTGGGAGCGGGGGTGTTCGGCTTCCTGATCAACCTCCCCATCGTGAGCTACTACGAGATCGGCACCCAGTGGACCGCCAACCACGGTCACGGTGCCATGATGGGAGTGTACGGCATGCTCTCCCTGGGCTTTTTCATGTTCGTGACGCGCTACTTCGTCCCCCTGGACCGTGCCAGCAACCGCGCCATGGCCATCGCTTTCTGGTGCACCAACCTGGGGCTCGCCTGCATGCTTTTTTTAAACCTCTTTCCGGTGGGGCTGCTCCAGTTGAGGAAGATCCTTGCCACCTCTTACTGGCAGGGGCGGCAGCCGGAATTCTTCGCCGACCCTGCGGTGCGCTTCTTCGAGTGGCTGCGTCTGCCGGGTGACATCCTCTTCATCGTAGGGATCCTCCCGGTGGTGTACCTTGCCGTGCGCATGTTCCTGAACCGGAACCATCCGCGTGTTCTCTAGGTCCGACGCTGCCCCCCGCTTTGCCGGCGGATAGAAACCGGGAGAAATCCTGCATCGAAAAAGGCCCTTGGTGCCATCCCAAGGGCCTTTTGTCATGAATCGCGGCAGTGAGCGCTTCGTGCTTCAGCGCCGGAGCCGGCGCTGCGCCCTTGTTAGGCCCCGGCCGATTCGGATTCCGGCTCCGTGCTGTACTGCTCCAGTACTTCCCTCAACGCCTTGAAGTCCACCGGCTTGGTAATCACCTGGGTCACCCCGCCCGCCAGGAAGCGCTCCTGGGCTTCACCCATGACGTGAGCGGTGAGGGCGAAGACCGGGACTTCGCGGTTGGGGTTGTCTTGCGGCAGCTGCCGGATGGCCTGCGTGGCGCTGAGCCCGTCTATGTCGGGCATGGAGATGTCCATCAGGATGACGTCGAACTCTTCCTCGGCCACGCGGGAGAGGGCCTGCCGCCCGTTGGCCACCACCGTGGTACGGTGCCCCGACCGTTTGAGCATCTGCGTCAAAAGCTCCCGGCTCACCGCGTCGTCCTCTGCCAGCAGGATCTTGAGGGCGTTGTCACGGTGAGGGGACGCCGCATCCCTGCCTTTTTGCTCGGCCGCCCCCGAACTTGCGCTCTCGGCGACCTGGCAGACCACGGTGAAGTGGAATACCGCACCCCGCTCCGGCTTGCTGGCCAGCCAGATGGTCCCTCCCATAAGTTCCACCAGCTGCTTGCAGATGGCGAGCCCGAGGCCGGTGCCGCCGAACTTGCGGGTGATGGAGTCGTCCGCCTGGGTGAACGGCTCGAACAGGTGCTGCGCCATCGAGGGAT
CP077684.1_gap101	4797188	4799333	2145	TCCGCAGCAGGTCTGCCCTGCAGCTCCTCGAAGAGGCGCGCGGCCAGAAAAAGGGAGGAGAGGTCCGGTCCATTCTGGACCAGGCCATCGCTTCCCATATGTCCCAGGAAAGAAATCCGGCCGGGACGAGGTGAGGTTGGGCCATGGCGCTTGATATGAACCGGGAACCTGTGGGAGACGAGTTGGCGAGGCTGGGCAAGACCCTGGTGTCGCATTTCTTCGTCCTGCTCAAAAGTTCCGTCAATTACGGTGCCGGCCACGCGGCGATCGTGCAGCGGGTCGGCAACCTCCTCGAGGTGGTGCGGGCGATCGCCGGGAAAGACGAGGACGCCTCCCTCATCCTCAAGGGGGGGCATCTCTACCTGGGAGAGCTCCGGCTCAGGCCGGACATCGCCAGTTTCGAGGGGCCGCGCTACATCATCGAGCTGATGCGGCGCCATCACCTGGGCCGGGTCACCTTCGGCCCGGGTGTAACCAGCACGGACCTGCAGCGTTTCGTGTACCTGCTGCAGGAACCCCAGGAGGATGAGGCGGATATCTTCCAGAGGTTGCTGGAAGCGGTGCAGCAAAGGGGGATCGGCAACCTGGAGCTCGACCTGCTGCGTGAGGATGAGGTGCTGACCATAACGCCGCAGCACAGGCGGGTCAGGGCGGCCGGGGACAAGGTGCGGCCGCTGTACCGCAAGCTCCTCTCCACGATGGACGAGGTGGCGGCCGAGGTGGCGTCCGGGCGCAGGCTGCGCCTGCGGGAATCGAAACGGGTGGTGCAGCAGATCATCGACCTTCTCTACACGCACGAAGCCGACCTCCTGGGGCTCAGCACCATGCGCTCCCATGACAGCTCCTCGCAGCATCATGCCGCCAACGTCTGCATCCTCTCGTTATTGATGGGAAAACGGCTGGGGATGAACAAGTTCCATCTCTGCGAGCTGGGGCTTGCCGCTCTCTTCCACGACATCGGCAACTGCGACGTCCCCGGCGATATCCTGGACAAGCCGGGCGAGCTCTCGGTCGAGGAACGGCAGGTGATGGAGAAACATCCGCTGTACGGGGTGAGGAAGGTGATGAAGCTGAAGGGGCTCGACGATCTCACCGCTCGCATCATCACCGGCATCTTTGAGCATCACCTGATGGCGGATTTTTCCGGCTATCCGCGCGTGGGGTACCGTAAGCTGGGGCTTTTGGGGCGGATCATCAGCATCGCCGACAGCTACGACGGCCTTACCTCCTCGCGGGTCAGCGGTCGGACCGCCTATCCTCCCCACAAGGCCCTCAGGGTGATGCTGTCGCAAAGCGGGAAGTCCTACGATCAGGCGCTCCTGAAGGTTTTCGTCGGTTGCGTCGGGATCCATCCGGTGGGGTCGCTGCTGCTTTTGGACGAAAAGGACATCGCGGTGGTGGTGGGGAACAGCGAGGACCCGGCCCAGTGGGACAACCCCTTGGTCCGCATCATCGCCGACCGGGAGGGACGCGAGACGGAGGGGGGAGAGGTGATCGCCCTCGGCTCACCCGGCTCCCCCCAGACCATTACCGCTGTTTTGGATCCCTACCTCTACGACCTCGACGTGAGCCGGTACTTCTAGAAGTGCACCACCGTCAGCCTCGGCTCGTTCGCCACCGTCGCCTCGTCGATCTCGACGATACCGGGGACGGTGGTAAGCAGGTCGTTGTCCTGCAGGATGCGCACCTGGAAGTCGGGCAGTCCCCTGAACTGCGCCTCGGCCATGAGCGAGGTCACGTCGATGTTCACCTCGCGGTTGACGTCGGCAGATGTGATCGGAGGCGAGACGACGGTGGCTGCCAGCGGGAGCAGGATGGCGCGGTCGAAATCGTTTGTAATGATTGGCGGATCGAACGAGACCAGCTCGATGCGAAGCGGTATGGTCGCCGTCGGAGGGACCACGGTTACGCTGCGAATGACGACGCTGAGGGTCGCCGAACTGATGGCATGGTTCGCGGGAACCCTGGTCAGCGGGAAGTGCAGGAACGCCCGGTAGACGTCGTCATTTACCGGATCCACCCCCGCCAGCACCCCTGGAAGTCCATCCCTGTTCACAAGGGATACGGTCCGCACCCCTGCCGCATCGACAATATCCCCGTCCACAGCGGGGTCGCTGGAGATCGTCGTCTCAATCAGGGGACGGT
CP077684.1_gap102	4803777	4805182	1405	CCATCTCGTTCTACAACGACAACAACCCCGACTGGCTCAACGTGATGATCTTCTACCACGTGCTGGGCCACATCGATTTCTTCCAGAACAACCTCTACTTCCGGCACACCTGGGAATACGACTTCACGGGCCAGGCGCTCTCGGACAAGCGGGTGATCGCGAAGCTCAGGGCGGAGAAGGGGCGCTGGGTGGACTACATCCTCGAGTTCGCCCGCTCCATCGACAACCTAGTGGCCTACCACGACGAGCTCTCGCCGCTGTTCATGGCGCCGGAGACTGCCACCTCCAGCCGCCTGGACTATTACTTCGACGTCTTCCTGCAGGTCGAGAAGAAGCTGCCGGTAGGGGAGTACCTGAAGGAGGTGGCGCGCTACAACGAGTCCGTCGCCCAGAACAAGGACGAGGGGGAGCGGATCTTCTTCGCGGAGGTGACCGCCAAGTATCCGGAAATGGAGGCGCACTTCGCCAAGAGCCAGAACGTGAAGCGGGTGGAGCGGCGCGACCTCATGAAGTTCCTGATCGAGAACTCGGAATTCCTGGCGCGCGACGAAAACCAGTGGATGCGCTCGGTGCTCGAGGTGGTGCGGAAGACCTCGATCTTCTTCCAGCCCCAGATCCGCACCAAGATCATGAACGAAGGATGGGCGAGCTACTGGCACGAGAAGCTCTTCCTGGTGGACGACCGCATCAAAGGGCACGAGGTCGATTTCGCCCGCGTCCATGCCGGCGTCACCTCCATGCCGCGGGTCGGCATGAACCCATATGCCCTGGGCATGCGGCTCATGTACCAGTTGAAGGAGAACGGCGACAAGGGTAAGACCGGCTACGAGTTCAACCGGCTCTCGGACCGGGAGGAGAGGAAGCGGTTCGACGCCGCTTCCGGCCAAGGGGACGAATACCTGTTCAAGATCAGGAGCAACTACTGCGACTACCTCTTCATCAAGGACTTCGTGGACCAGGACTTCACCGACCGCTACGACCTCTTCGTGACCGGTAAGCGGCTCGACCCGCAGCGCATGGTCTGGCAGTACTACGTCAAGAGCCGGGACGCCAACGACTACCGCGACATGGTGCTCGCCTCCCTGTACCATCCGCCGCACATCGAGATCGCACCTGAGCGCGGCGAGGAAGGGATGCTCTACCTGGTACACCACTTCGAGGGGAAACAGCTGGTCAGCGAGTATATCGCCAACACCATGGTCGGCATCGAGTACCTTTGGGGGGCGCCGGTGCAGCTGGAGACCAGCGAGGCGGCGATAGAGCAGTCACGAGGAGGCGCGGGGCGGGAAGGGATGGAAGAGCCGGAAATCACCTGGCAGCGGGTGGTCTACACCATGAAGGACAAGGTCCTCAGTCGGCAGATACTGTGACAGGCGGATAAGCTATGCCAGATCTAGAGACAGTC
CP077684.1_gap103	4807404	4811641	4237	CGTCTACGTCATCGACAACGACCTCGCCCGCAAATTCCACGTCTAAACAGACAGGGATGAAGGGGATAAAGGGGATAGCCGAATAAACGGGCTTTCATCCCTTTCATCCCCTTCATCCCTGTTCGCATTTACGCCGCGACCTTGAACTGGTTCACCATGTTTTGCAGCGACCGCGCCGAGTTGGCGAGATCCTCCGCCGCCCGGGCGGATTCCTGCGCGCCCCCGGCCGTTTCCTGCACCACCCCGATGATCTGACGCATGCTTTCGGAGATGTTGGTGGTGGTCGCGGACTGCTGTTCGGCCGCGGTGGCGACCTGCGAGACGTACTCCAAGAGCGGGGTGATATGTTCCTTGATGGTCCCGATGGCGTGGCTGGAATGCTGTACGTCATCGGTGCCGCTTCTGACACTGGTTGCGCTGCGCTCCATCAGCGCCACCACGTTTTTCACATCCCCTTGCAACGACGCGATTATCGACTGAACTTCGCGGGTGGACGAGGTGGTGCGTTCCGCCAACCTCCTGACCTCGTCGGCGACCACCGCGAAGCCGCGTCCCTGTTCGCCGGCCCGCGCGGCCTCGATGGCGGCATTGAGCGCCAGGAGGTTGGTCTGGTCGGCGATGTCCTCGATGGCGACCACGATGTTTCCGATCTTGTCCGAGTTGGCGCCCAGGGCCTTGACTGCGTCGACCGTGCCCGACACCATCTGCTCGATCTCTCCCATCACCGACGTCATGCGCGTGATGGTCTCTTCCCCCTTGCTGGTCGCGGTGCTGGTGCTTCCCGCCCGGTCGGCCATCTTTTGGCAGCTGAGCGCGATGTCGCTGCTGACGCCGGCCATCTCTCCGACGGCGCTGGAGACGGAGCTGGACTGCTGCGAAGCGTGCACCGTCCCCTCCGCCATCCTGAGCGAGGTATTGCTCAGTTGGCTGGATGCGCTGGCGAGTTCGTCTGCGGTCTGCTGGATCCCCTGGATCATCCCCCGCATGGACGCCTGCAGTTTCTGCAAGGCCCTTAGCATGTCGCTGATCTCGTTGCGGCGGTTGACCACGATCTCTTCGCTCAGGTCCCCCTGCGCCATGGTCTCCAGGTATCTCATGGTCCGCACCAGCGGCGTCCTGATGGACCAGATGTTGATCGCGCCGAAGATCCCGCCCATGATTATGAAGAGGGCGAGCGATCCGTACTTTATCAGCAGGGAGTCCGCTTGGGCGGCAACCGCGGTGGCGATCAGGCAGAAGCTGTAACAGACGCACAGCAGGCCGAGCCTGAACCTGATGGTGAGGTTGAGGTAAAAGTTCAAGATTTCCTTCATGTTCTTCTCCTTGCCGGTGCCGCGGTCAACTGTCTCTGTCGAACAACGTTCCACTCCCGCAGGAGACTTATCGGGAAAAGTGGTCTGTACTTGAGATATGCTGTAAACAAAAAGCGATGAATTTAAGAAAAATAATGTGATGCTGAGGCAGTGCGAAGAGCCGACAAGGTCCCCTTTAAAGAGGGCTGTGCCAGATACGCAAAAAAAGTGGCCGCTTTCGTAGAACATGATAAGCTATGTTCCCGCTTCTTCCCAAGCCAGGAGGTGCCACGGATGAGAGACACGCTTTGCCGGATGATGATGCGGTTCGTGCGCGAGGAACCGGGCAACCGTTTTCCGGAGGAGGGCTCGCCTTACTTCGCAGAGCCGTTGATCGGTTTTGCGGCGGCGGATGATCCGCTTTTCGCGCAGTACAAGACGGTGATCGGACCCTTCCATCTCACGCCGGCGGAACTGGCGCTGGAAGAAAGCCCACCCTGGCGCCCTGCCACCGTGATCTGCTGGGCGCTGCCCATCTCCGAAGAGACCCGCCGCAGCAATCGCTCCGAGACGACCTATCCTTCCCGCGCCTGGGCCCTGACCAGGGAGCACGGCGAAGCCTTCAACGCGGCGCTGCGCCGGCAGGTCGTGCAGTTGCTGGTCGATGCCGGATACCGTGCCTTGGCTCCGCAACTGCACCCGGCCTGGCGGGAGTACCGGGACAGCCCGGTCGGCATCGCTTCCTCCTGGTCGGAGCGTCATGCCGCCTATGCGGCGGGGCTCGGAACCTTCAGCCTCAACGATGCCCTCATCACCCCGGCCGGGATCGCCCACCGTCTCGGCAGCGTCATCACCGATGCCCATTTGGAACCCACTGCGCGCACCAGCACCGATCACAGGTCCAACTGCCTCTGGTACCGGGAGGGGAGTTGCGGGGCCTGCATCGGCCGCTGTCCGGTGGGAGCGCTGTCCCGGGACGGGCACGACAAGCGCCTCTGTCGCGAGCATGTCTACGCGACGGTCCCCGGGGCGGTCGGGGAGAAATTCGGGGTCACCAGTACCGGCTGCGGACTGTGTCAGACGAAGGTCCCCTGCGAGGACAGGGTGCCGGCGGGTAAGTTTTCCCCTTTGGCGGTGAGGCAACCTGGAGCAGGGGGCGAGTGAGGCTGACAACCAAGGCCGTTGTGGGGTTCCGAGCGCGGAACGGTGGCTGCCGGTTGATGGCTGTGTCGGGTGTCGATGCTGCTAGGCAGCGTGGCTGTTGATCAAAAAGGAAAGGGCACCCCCACTTCGGGAGGTGCCCTTTTTACTGTGAGGCTTGCCGGTAAATTACTTCTTCTTGCCGTTTACCTTGGCGGCGAGGGCCATCTGCATCGCCTCGCCCATCTTGGTCGGGCTGGACGCGACCGTTACGCCGCACTCGGTGAGGGTGCGGATCTTGTCCTCCGCCTTCCCCTTGCCCCCGGTGATGATGGCGCCGGCGTGCCCCATCCTCTTGCCCGGCGGTGCGGTGACCCCGGCGATGAAGGCCGCCACCGGCTTTTTCATGTGTTCCTGGATCCAGTGCGCCGCGTCCTCCTCGGCGGCCCCGCCGATCTCGCCGATCATGAAGACCCCTTCCGTGCCCGGATCCTCGTTGAAGAGCTTGAGCACGTCGATGAAGTTCATGCCGATGATCGGGTCGCCCCCGATCCCCACGCAGGTCGACTGCCCGAGCCCCATGTCGGTGAGCTGCTTCACCGCCTCGTAGGTGAGTGTGCCGGAGCGCGAGACGACGCCGATCTTGCCGGGCTTGTGTATGTGGCCGGGCATGATGCCGATCTTGCACTCGCCCGGCGTGATCACGCCCGGGCAGTTGGGGCCGACCAGCCGCATCTTGCTCTGCTTCAACACCGCCTTCACCGGGACCATGTCGCGCACCGGAATCCCCTCGGTGATGCAGACGGCGAGCTCGAGCCCGGCCGCCGCCGACTCGAGGATGGCGTCAGCCGCCCCCGGCGGAGGAACGAAGATCATGGAGACGTTGGCGTTGGTGTACTTCACCGCCTCGGCCACCGTGTTGAACACCGGTATCCCTTCGATGTGGATGCCCCCCTTGCCGGGCGTCACGCCGGCGACGATGTTGCTGCCGTACTCGCGGCACTGCTGGGTGTGGAACAGGCCGCTGCGGCCGGTGATCCCCTGGACCACTATCCTGGAAGAGTTGTTGATCAATATGGACATATGACAAATCTCCTGTTTGAGTCCCCTCCGCCCCGGCGGGAGAGGGTCAGGGGGGGAGTGCTATCCCAGCATCCCCACGATCTTCGAGGCCGCGTCTCCCAGGTTGTCGCTGCACTGAACGTTCAGGCCGCTCTCGGTGAGGAGGCGTTTTCCTTCCTCGACCTGGCTGCCGTCCATGCGCACCACGATGGGGAGGGTGCAGTTCACCTCGCTGGCCGCCTCGATGATGCCGTGGGCGATCACGTCGCAGCGCATGATGCCGCCGAAGATGTTGACGAAGATCCCCTTCACGTCCGCGTCCTGCAGGATGATCTTGAAAGCCTCGGCCACCTTTTCACGGGTGGCGCCGCCCCCAACGTCCAGGAAGTTGGCAGGTTCCCCCCCGTACTCCTTCAAGACGTCCAGGGTCGCCATGGCGAGGCCCGCGCCGTTCACCAGGCATCCGATGGAGCCGGAGAGCTTGATGTAGGCGAGGTCGTACTTGCCGGCGTTGATCTCCAGCGGGTCGAGCTGGGAGTAGTCCATCATGTCCGGGTACTCCCGGTGCCTAAAGATGGCGTTGTCGTCGAAGGTGATCTTCGCGTCCATGGCCATGAGCCACCCCGCCCTGGTCACCACGAGCGGGTTGATCTCCACCAGGGCGCAGTCCTTCTCCAGGCAGACCCGGTACAGATTCTGGATCAGGTTGACGCAGTCCTCGCAGACGCTCCCGGAGAGGCCGA
CP077684.1_gap104	4829142	4829642	500	GCCTCCGCGGCTGGAGGGGCGCCTTCCCGCTCCTCCCCCTTCATGGCGGCCTTGAACAGTTCCGAATATTTGGCCATGCGCTATTCCTTCTTTGCGGGGATGGTGATGATGAAGTCGGCGCCTCCCCCCGGCGCGTCGGCCACGGCTATGGTTCCCTTTAGTCTCAGCACCGCCTCCCAGACCACGGCCAGCCCCATCCCGGTGCCGGAGCCGACCGGCAGGGTGGTGAAGAAGGGGTCGAAGATCTGGCCGCGCAGCGCGGCGGGGACGCCGGGGCCGTTGTCGGCGATGCCGATCCTGATCCGCTCCCCGTCGAAACAGCTGGAGAGGGTGATGCGCGGCGCGCCCCCGGCATGGGTCAGCGCGTTCTGGATCAGGTTCAGGAATATCTGCCCGGGGAGCTGCCCCTGGCAGGTGACCGGGGGGAGCGGCTGCAGCTCCTTGACCACCTCGGCCCGCCCGGCAAGGAGGTGCGACAGCACCCCCAGGGTCCGCTCCAG
