gap_id	start	end	length	sequence
CP071382.1_gap1	2114	6281	4167	TCCCCATGCAGACGAGTCCGTCAAGCTCTCCCCTTCCCATCCTCTCCATGACCTTCACGAAGGAGTAGTTCCCCATCCGCTTGGGGAGATAGTCATAGCAGAAGTCGTTTTCGGCGGTGGCGTTGTCGCCGTACCAAGCCTTCAGGAGGCTTACGGTGTACTTGGGGGTATTCCCCCACCAGTTGGCGCTCTTGGGGTCTTTGGTAGTGGGAGTCCACTTTTCGTTGTAGGACTTGAGGTCGACGTTGTCGAACTCCGGCGACTTGAGATAGCCGGGGAGCGTGTGGAACAAAAGCCCGTAGTCGGTGGAGCCCTGGACGTTGCTCTCGCCCCGCAGGGCGTTCACGCCGCCGCCGGCGATGCCGATGTTGCCGAGAAGCATCTGCAGAAGCGCAACGGCCCGGACGTTCTGGCTGCCGTGGGTCGACTGGGTGATACCCATGGCGTAGAGGATGGTCCCCGCCTTGTCGGACCGGCCGGTGGAGCAGAAAGCCTTGGCCACCTTGAGGTAGTCCTCTTTCTTGGTGCCGGTGATGGCGCAGACGGTATCAACGTCATAGCGCTTGTAGTGCTTTTTCATGAGCTGATAGACGCACTTGGGGTTTTTCATGCTCATGTCGCGCATGGGCTTGCCGTCGCCGCCGGTGGCATAGGCCCAGGATTTTAGGTCGTAGGTCTTCTCCTGGTCGTCGAAGGAGCAGAACATGCCGTCCTCGAAGTCGAACTGCTCGCCGACGATGAAGGTGGCGTTGGTGTACTCCCGGACATATTCCTCGTGAATGAGGTTGTTCTGGAGCGCGTAGTTCATGAGGCCGCCCAGGAAAGCAATGTCGGTGCCGGGGCGGATCTGGGCGTAGATGTTGGATTTGGACGAAGTCCGGGTGAAGCGGGGATCGACGGAGATGAGGGTTGCCCCCTTGTCCATCGCTTCTTCGATCCACTTGAACGAAATTGGGTGGTTCTCGGCCGGGTTGCAGCCGATTGCCAGAATTGCATCGGAGTTCTTCAGGTCAATCCAATGGTTGGTCATTGCACCACGACCGAACGAAGCCGCCAGACCGGCGACTGTTGACGAGTGTCAAAGTCGGGCCTGGTGTTCGAGCTGCCCAACTCCCATGGCGCGACCAAACTTCGACCAGAGGTAGCATTCCTCGTTGTCGAGGCCGGCTCCGCCGAAGAAGGCCATGCCGTCCGTGCGGTTTACCACGTATTCTTTCTTGTCCTTCTTGTTAAGCTCGGTCTTTTTGAAGGTCTTGTCGCGGGTTTCCTTCATACGCTGGGCGATCCGGTCAAGGGCCCAGTCCCACGATTTCTCCTCCCACTTGTCGGAGCCGGGCGCCCGGTACTTAACCTTCTGGAGCCGGTGCTCGTTGTTGGCGATCTGGAAGAGCGCCCCCCCCTTGGGGCAGAGCGCACCCTGGTTGATCGGGTGCTGCGGGTCACCTTCGGTGTTGACAACCTTGCCGTCCTTGGTATGGACAATCAGACCGCACCCCACTGAACAGAACGGGCAAATGGTCGTCGTAACCTTGAGCCCTTTGGTCCGGAGATCAGGAGCGTCAACGCTCGCCTCCCCCGGTTTGCCGGAGAGAGCCAGAGCCGCACCGGCCAATGCCCCCCCCTGCAGAAATTGCCTGCGTGAAATTCCCATTCCACAAACCCCCTTAAAAAGTCGGGCGATCTGCCCGTTGTGTCGAACATTACAACCGCGTAACTATTGGCAACGTCCATGCCAATATTGTTTACACGTCAACACAAGGGTCAACACACTGCAATTACTGGATAAATTATTTTACGACCCGCAACGGAGCCGGTGAATGGGGAATCTTGTCTTGCGGAATCCTGGCCACCTATGTATCATTTTGTCTATAAAAATTATTGTCAAAAGGCACCAGAAACTCGATGGCAGCCGCGGGATAAATTCATGCTGAAAGCACGCATTTTCATCTGCGACGACGAAGAAGGAATCAGGCGCTACCTCCAGAAGATGTTCCAGGCGAAGGAATATGAAGTCGAGACGTTCGACGGCGGCACGAGCCTTCTGGAGCGGATGGAAGAGGGAAACGGACCGGAACCCGACATCCTCCTTCAGGACGTGCGCATGCCCGACATGGACGGCATCGAGGTGCTGAAGCGCGTAAAGCAGCTTCGTCCGAACCTGCCGGTGGTGGTCATGACCGCCTTCGGCACCATTGATGCGGCGGTGGAGGCCATAAAACTCGGTGCCTACGACTACGTCACCAAGCCTTTCCCCAAGGAAAAAATTCTCGGTCTCATCGAAAACGCCCTCCAGCTCGACCTACTGCTGAAGGAAAACCGCCAGCTCAAGGAGGAGCTTTCCCGCCCGGACATCCCCGACAACATCATCTTCGTCAGCGACGAGTTCCGCAGGATTTACGAACTGACCGTACAGGTGGCTGCCAGCGACGCCAACATCCTTGTCCTGGGCGAATCGGGAACCGGCAAGGAGCTCATCGCCGGAGCGGTCCACGTGAACAGCCAGCGCAAGGGGCGCCGCTTTCTCTCCATCAACTGCGCCGCCCTCTCGGACACCCTTCTGGAAAGCCAGCTTTTCGGCCATGTGCGGGGGGCCTTCACCGGCGCCATCACCACCCAGAAGGGGCTTCTGGAGGAAGCCGACGGAGGCACCCTGTTCCTGGACGAGATCGGCGATGTCTCCGCAGCGGTCCAGGCCAAGCTCCTGCGGGTCATCCAGGAACGGGAGTTCATACCCGTTGGGGCCACCAAGGCAAAAAGCGTCGATATCCGCTTCGTGGCCGCCACCAATAAGGATTTGAACAAAGAAGTCCAGGAAGGGCGGTTCAGGGAAGACCTCTATTACCGGTTGAACGTCATCTCCATAGCCCTCCCCCCCCTTCGGGAGCGGAGCGAGGATATCGAACCCCTGGCGATGCACTTCCTGACCAAATACGCACGGCGCATAAGGAAAGAAATCAGGGGATTCACCCCCGAGTCGCTCCAGATCCTCAAGACCTACCACTGGCCCGGCAACGTCCGCGAACTGGAAAACGTCATCGAGCGGGCCGCCATCCTCACCCGCGGCGACCTGGTAACTCCCGACGTACTGCCGGTTCAGCCCCGGAACCAGGCCTCCGCCCCCTTGCCCGGCAACCGGCTCATTTCGCTGGAAGCCATCGAACGGGAGCACATCGAGCAGGTACTGCGCCGGACCGGTTACCACAAGAGCCGCTCGGCGGAGATTCTCGGCATCTCCCGCAAAACGCTCGACCGCAAAATAGTTGAGTACAACCTCAGCATCCCCGGTCAGGGGAACATCGATCCCAGGGACTCCTGAATGGGAACGAGACGTTTCCCCATCCGCTTCAAGCTCACCATCGCCACCCTCATCCCCCTCTTCGTGGCCACGGTGCTCTGCGGGGTCATCGGTATCTACATAATCGACTCGAGGGTGGTGAAACAGGCACAGGAGAAGGTCCGCACCGACCTGAACTCGGCCCGCGCCGTCTACCAGAGCGAGATCGACCACATCCGCGACGTAATCAAGTTCACCGCCACCAACCCTTTCACCTCCACCATCATCAGCCAAGGGGATAGAGCCACCCTCAACAACCTCCTGACGCCGCGAATGAGCAGCGAGGGGCTCGACTTCCTCACCGCCGTGGACCGGTCGGGGCAGGTCGTCTTCCGGGCCAGCAACCACGGGGCCTTCGGCGACAGCAAGGTCAACGATCAGATCGTCTCAAGGGCGCTGCGGGGCGAGCATATTGCCGGCACCGAAGTAATACCCCCGGAAGAACTGGCAAAAGAAGGAACCGGCCTGGCCGCAAGGGCGGCAATTCATATCCTCCCCACCCCCCATGCCCGCCGGCGGGATGAAACGGTCGAACGCTCCGGCATGGCCATGGTGGTTTCGGTGCCGGTAAGAGACCGGTCCGGCGCCATAGCCGGCGTGCTCTACGGCGGAGTTCTGCTCAACGGCAACAACGACCTGGTGGACCGCATCAAGAAAATCGTATTCGAGGCAGTGGAATACCAGGGGCGGGACGTGGGAACGGCCACCATCTTCCAGGGAGATCTGCGGATAGCCACAAACGTACTCCTCACACCGGAGCGCCGGGCCATAGGCACGCGGCTTTCGGAAGAAGTCTACAAGAAGGTCATCGTCAACCGGGAGAAGTGGATCGG
CP071382.1_gap2	67798	71666	3868	CGTTTCGGTGGCGGGAAGGTTTGTCACCTCCTGCCAGTGGGGGAAGCGCTCGGCAAGCTCCTCCCTGAGCAGTTCCAGGAAGGTGACGGCATTGCCGTCCACGTATCTGAAGCGGCGCAGTCCGGCGCGGTTCCAGCGGGTGAGGTCGGTTCCGGTGCTCATCCTCGGCGCCCTCCGGTCAGGGTGAGGTTGATGTAGCCCCGCTCGGGGCGGCGAGGGTCATTGTCGCAAACGGCGATTTCCAGCCCCTGGAGCGGGATGCGTCCCGTGTCGGTCTGGTCCGGGTACTGGTCCCCAAACCGCTTGAAACGGTTGAGGCAGACGTTTTCGACCCCGTCCAGGGACATGAGGGTCTGGAAAACGTCGCTGGCGTAAAGGTCTTCGCCAAAATCGTGCCGCCCCGGCTCGAAGAAGCCACCGGGCCCGGTGCCGAGGGCCTGGAGGACGGCGTTGCGGACCTCGGACTGGAAATAGTTCTCCCGCACCCGGATGGAGATGAACATCTTGACTCCCACGGGGACCGCATCCTCCAGCACCACCTCTTGGCCGGCCATGCGCCAGGCCTCCAGGTAGGGGCGGAGCAGGGTCCGGATGGTTGGGGGCTCCGGCTCCCAGACCGGTTCCCATATCCGCTGCTCTTGGTGGAAGGCTTCAATACGCTCCCGCAGGTCGTCGGGATAGGCGAGTCCCTCCTCGTCCAAGGGATGGTCGTTCCAGAGGACCGTGGCCACCCGGACCGTGGGCCACGACCCGGTCCAGGCGCTCCAACCGCTGGCCCGGAGCACCAGGGGGTGATCGGTGAGCCGGTCGGCATAGTCGGCCACGGTCACCATCCGCCGCTGGGTATGGATGGCCCGGGGCCCTTCGAGGCGGGCCGGGTCCATGAGATGGGGGTTTCTGCGCCAGAGCTCGTCCAGCTTCTGATGGCGGCTCTTGCCGTCGGGAGTTGCGGGAGGGTCATCCTCCAGACCGGCGGCGGTAGCGGCATCGTAACCGATGAGAGAGAGAAGCCGTCGGACCGATTCGGGGCGCCGCGCCGTCTCCAGGTAGGCCTCCGTCGCCACCCGGTCGGCCATGTCCGAAAGCTGGTCCAGGACCGCTGCCAGCGCTTCCACAAGGACCACCTCCAGGTCGCCGGCAGTCCAGCGGGTCCGCTCCGGGAAGCGCCCCGCCAGCTCTTCGAGCATGAGGCGGCGGAAGCTGTCGTAGTCCCGGGCGAGCCAGTCGAAATCGTCGCCGGGGTCGGGAAGGGGCGCGGGGAGCTCCACCCGGCGCTCGGCGCAGTCGGGGCAGCGTCCTTCGAAGGTCAGTATGCTTTTCGGGTTCTCGGCCATGGTCTCACATCCATGTTGTCCGTTCTTGCTCTCGGCGTCTTCCCCCCTCTCCCTAACCCTCTCCCACCAGGGGAGAGGGGATTAAAGGCCCCCCTCCCTTTGATGGGAGGGGCGGGGGGAGGGTGCAAAGCGATGGTTTCCGGTCAGTCGATAGGTGTGGGCAACACAGCCTCACACCAGGAATTCGTGCCGCTCGCCGTGGCCGATGGCGGCCAGGGCGTAGGAAACGGTTATCAGGAGCTTCTCCCCCTCTCCTCGCACATCCACTTCCAGACTCTTGGGGTCCACCTCTCCCCGGAGGGCCTCAGCCAGGGACGAGGCAATCCGCTTGCGGGTAATCTCCCACAGGACCGAAGAGTTGGGCTCGAAGACCAGCTGCTTGAGCCCGGCCCCGAAGTCGGGGCGAAATACCCGCTCCCCCGGGTTGGTGAAGAGGACCTGCTCGATCTGCTGCCGCACGTGGGACCGGCGGTCGGCAGTGGCGGCCCCGTGATCGCCGATGCGGAGCGGAAAGGCCATATAAGGAGGATCGGTGAGGCGATTCATGGTTTCCTCGTTATTTCGTTGGTACCCCCCTTTACGAAAGGGGGGCCAGGGGGGATTTCATGACGGCAATCAACGGCAAATCCCCCTAAATCCCCCTTTCTTAAAGGGGGACTTAACACTACGACGTCATCACCTTCATTGACAGCGTACTCATCTCCCCTTGGGGAATCGGTGGCCCGGTGGGCCCCATGGCGCTCGGATGGACATGGGTAGCGAAGAGGGTGAGGAAGCTCTGCCCCTTGATGATCGGCTCCCCCCCCTGCCCCGCCAGCATCACCGTCTGCGCATCAACCACCACCTGCTGCCCCTTGACGGTTACTCCCGAAGCGGCCATCTCCACCTTGTTGCCGTTGGAGTCCTCGATGGTGGTGCCGCTGGACGACATGGTGATGGTGTTGCCGTTGCTGTCCTCCACCACTATCTGGCCGGCGTCGGAGTCCAGGGTCAGGGTATTCCCCTTGGCATCGGCCACGATCACCGTCCCCTTTTCGTCCACGGTCATATCGGTCCCGGCCGGATGGGCCAGGCGGAACTTCTCGGCCCCCGACTCGTCATCGAACTGGAGGATGTGCCCCGACGGGGTCTTCAGCACCCGGGTCGTGGGAGGAGACTTGGCCGCCTCCGCCGGCGGGTCGCCGCTCGCCTGCCAGAAGGTGCCGGTCCAGATGGGGAGGTTCACGTTCCCCGCCTCGAACTCCACCCAGACCTGGGCATCCACCTCGGGGACCATAAATAGCCCCTGATCGGCCAGACCCCCAAAGGGAAGGCTCGGCAGGGCCCAGCCGGTGGGTGTTTCGCCCAGGACCGACGGGACCATGAGGCGGAGCCGCCCCCGCTGTTCCGGGTCGTCGTTGTCGGTGACAAATCCCCGGTACTTGCCGTAGTAGCGGTTCCGGTACTGCCGCGCCAGTTCCAGGAGCAGGTCGTCCATCTATCCCCCCAACACGCCGGCAAGCACGCCGCCGGCGCCGCTTCCCAGGTTGTCGCCGTAGGCGTTGCGCAGAAGGTTGAAGCTCTGGCGGTACCCCTCGGTGCTGAACCGGTGCCGAACCGTATCCACAAACCAGATGCCGCCGTACCGCTCCCCCACGCCGTCCACCCCCACCGGCTCCCCCACCCGGAGCACATGGCCGTAGAGGGAGCCGTCCAGCTCCCCCTCCCCCTTCACCCGGAGTGAGAGGTCGTTGGCCCGGCGCTGTGCCCGGGCCCGCCACTCGTCTTCGCTCATCTCCCCCTGGCGGCCCATGCGCCAGGCGAAGTCGGGGAGGCCGCTGCCGGCCCCCGTGGCCGCATCGTTTCCCAGGAGCGGCAGGTCCGGGTCAACCGTCTCCGAGACGGTGCCGCTCCCGGCGGTCTCGGCCCGGTCGAAGGCGACCCGGTCGGCCTGGTGGCCGTCGTCTTTGACCGAGAAACGGTAGGCGCTGGTATCCTCCCCGGCGTAGACCATGATGGTCGCCTGGGGCTCCGCATCGAGGCGCATTGGGCCGAAGTAGGCCATCCCTTCCCGGAAGATGAGATCGTAGCCGTTGGCCTCGGCCCGGTTCCGCAGGAATTCGATATCGGTTCCGTCCTGATTGATGACGAGCCCCGTCTGGCCGCTGCCGTTGGCCGGGTCCGGGGCGAGGCCGTACTTGGCGAGGATAGTCGGGACGATCACCATATCGGTCGTGGGGGCGTCCCCTCCCCAGACCTCCCGCACATGCTCCCGGTCCAGGGCCAGAGAGTCGTCCCGGCACTCCACGATCACCCGGGCGCTCCCGGCATCCTCCGGGTATTCGGCCCGCACCTCCCGGATGTACCCCCGCATCACCTCCTCGGTGGAGGAGCCAAAGGCAGCCTCGATGACGATGGGCTCCCAGGGGGCGAGGCGTCCGTCATCCTGGACAAGCCACCGCCCCTGCTCGTCACGGCGGCTCTCGAAGGTGATGGTCGCCACCGTCGGCTCGGCCCGGCCGGCATCCACCGTCACCTCCGTGAGAAACGGGTAG
CP071382.1_gap3	138017	139765	1748	TTGAGGATACCGTCCTGGCGAAGAGTCGTCATCCCTTCGTCCATGGCGAGACGGCGAATGAGTTCGGTTTCAGACCGTTTTTTGATAAGGCTTTTCATGCCGTCAGTGCATTCAAGCACTTCGTGGATTCCGAGACGCCCCCGGTAGCCGGTCTGGCCGCAGGAAGGGCAGCCAACGGCACGGGCCAAAACGAGTTCGTTGCCCACAAGGCCGGTGGCGGCAAATTGCTTTTCGCCGTACTCCTCGATAATCTCAGCAAGTTCCTGCCTATCGGGGCGATAGATCTCGCGGCACTCCTCACAGAGACGGCGGGCAAGACGCTGGGCAACGATACAGATAAGGGAGTCGGAAAAGCTGAATGGATCGAGTCCGATCTCCAGAAGGCGCGTTACGGTTTCAGGGGCGGAATTGGTGTGAAGCGTGGAAAGGACCAGGTGCCCGGTCAAGGAAGCCTCCACGGCAATGGAAGCGGTTTCCTCGTCCCGCATCTCACCCACCATGATGACGTCGGGGTCGAGCCGCAGGAACGAACGGAGCGCCGCCGGAAAAGTGAGGCCGATCCGTGGGTTGATCTGCACCTGCCGCAGTCCCTTCTGGGTAATTTCCACCGGATCTTCGGCGGTCCATATTTTAACTTCAGGGCTGTTTATCCGGGAAATTGCCGCATGGAGCGTGGTTGTTTTACCGCTCCCCGTAGGCCCCACCACGAGAACCAGACCGTACGGCTTGGTGACCCCCTCGCTGAAGATGCGCATGTTCCGATCAGTCAGCCCAAGCTTGTCGAAGGAGAATGTCTCGCCGGTATTGACAAGCCGGATCACCACATCTTCGAGTCCGCCGGCCGTGGGCATGGTGGCGATGCGGAGCTCCATGTCAAGGGGACCGAACTTCTTGAAATTGATTTTGCCGTCCTGGGGCTTCCGCTTCTCGGCAATGTCAAGGTCGGCCATGATCTTGAGGCGGGACGGAATCGCGTATTTGTACCGGTATGGTATGCGCTGATAGACCTTGCACCGGCCATCCACGCGCATCCGGACAACAATGTCGTTCTTTCCGTGATAGGGCTCGATATGAATGTCCGAGGCTCGGCTCTGGTGGGCATCAAAGATAATCTTGTTGACGAGCTTCACAATGATGCTGTCCCGCTCGGATACTTTTTTGACCTCATCCTCAATATCGGGTTCGTCTTCGGCATTAGCGCCCAGAATTTCCGAAATGCTTCCCGGCCCAATCTCCAGATCGCTCTCGTCAAAGGACGCCGCAGTGCTGACAGACGTGCGATACAGCCGCTGTTGCGCCGTGAGTATCTCACTCTCCGTGGCGATAACCGGAATTATCCGCGCCCGGATGCTTTGCTCGAAATCCTTGAGTTCCTGGAGCTTGATTGGATAGGCCATCGCCAGGGTAATGGTGTTGCCGATCTTGGAAATTGGGACAATCCGCTGCTTCTGGGCAAAGGAAGGATTTATATAGCGGGCCAGTTCCGCTTCTATCTCAAGGGTATTGATGTGCACGAAAGATAGGTCGTACTGGAGCGCCACTGCTTTGGCAAGGGGCTCCTCTTCCACGAAACGGAGCTTGCGCAGCGCCCGTTCGAACGTAATGCCGTCGCGCTTGGCAACGGCACGGGCCTGGTCAAGCCGTTCCTGGTCGATGAGCCGTTCGCGCAGGAGAATGTCGCCCAGCTTCTGGCGCTTGCCGGTCTGTTCCAGGATATAGGAAAGCTCGTTTTCGGAAAGGAAGCCGAG
CP071382.1_gap4	147949	150943	2994	CCTTGTTGATGGAATCCTGGCCAAGGGACGGGCCGACCGTCTCGTTCTGGATAATCTTGACCGGAGCGGGAAGGGAACCTGCCCTAAGCACAATGGCAAGGTCGGCAGCTTCCTTCTCGGTGAAAGAACCGGAGATCTGGGCGCTCCCCCCGGAAATCCGCTCACGGATAACCGGCGCGGAATAGATGTTACTGTCAAGCACTATGGCAAAACGCTTCCCCACATTGGCGGCGGTCACCTGGTCGAAGAGGCGGGCCCCCGTTGAGTTGAAGTCAATTGCCACATAGGGCTGGTTGAACTGGGAATCGATCCTCACCTGGGCATCGGTGAGAAGATCGCCGGTAATCATGGCCTTTTTCTTAACCACGAGCGGAATTTCAGTCACGGCGCCGGTCGTGGGATCGGTTTTCTTCTCCATGAGAAGCTCCGCATCCTCGGGAATGGTGCCCGGTGTCGCCGTTGCCGGGTCGATCCCCTCCTCAACCAGCTTGAATTCCAAGCGCGCCGTGCGGCCAATGAGCTCGATGGCACGCTTGGGGTCCTTGATGCCGGGGAGCTGGACCACGATATTGGTGAGACCTTCCCTGGCAATGACCGGCTCTGAAACCCCGAACTGGTCAATCCGGTTTCGAATCGTCTCCAGGGCCTGGGCCACGGCGCGATCCTTGCGCTCCTGGGCTTCCTTCTCCCCCATTCGCAGCTGCATGCTCACAAATCCACCCTCGTCATAGGGGGGGACAAGCTCAAGGGTCGGATATTTTTCCTTGACCATCTTCTGGACGGTATCGGCGGTACCCCGGTCGTAGAAGGTGAGCTGGATCCGGTCGGACGAAATCCGCCCGATCTTCTTGAAACGGATAGTCTTGGAGGAAAGGCTGTCCTCAAGATCGCTCGCGATGAGGTCAAGCGCTCCCTCCACCGCCTTCTGTATCTCCACCTCCATCACCAGGTGAGTTCCCCCCTGTAGGTCAAGACCGAGATTGATCCTGTCCTTGGGGAGAAGCCCAGTCCACCATGAAGGAAGCGGTGATACGAAAGTCGGGGTCAGATAGAGGCACGACAGAAAAATGAACAACAGTATTAGGCCAAAACGCCAGGTAAGCCCCTTTGGCATGCGCGAAACTCCTTTCAGACCCGAAAGGGCCTAGTCCTTCTTCAGGTTTGCGATATAGCCTTTGGAGATTTTGATCGTGACTCCAGTGGAAATCTCAAGGAGGATGACGTCACCGTCTATGGCGCTGACCTTCCCATGGATGCCGCCGGCGGTAACCACCTGATCTCCCTTCTTCAGGGAGTCGAGCAGGGCGCGGTGCTCCTTGGCCTTCTTCTGCTGGGGACGGATCAGCAGAAAATAGAAGATGGCAAACATGAAAACGAGGGGCAGGATTGCCTGAAATGCGCCCATGGCGCCACCGGGCTGGGCTCCTCCAGGTTGTGCGGCCATGGCAAAAGCGACTCCGAACATTGTATAACCTCCGAACGATTTATAACTGGGGCAAAACCGATGGTTTCCCCTGTTTTATTATGGAGCAATCGCTACGATTGCCCCTTCAACTCTCTCTTTGCGTAGAACTCACGCCGGAACTCGGCATACCTCCCCTCGGCTATGGCGGCCCGCACCTGTGCCATGAGGGAAAGATAGTAATGCAGATTATGATACGTATTCAGCCGGGAGGAAAGAATTTCCCCCGAGCGGTACAGGTGCCGCAAATAGGCTCGGCTGTAATTGCGGCAGACGTAGCAGTCGCACTCCGGATCGAGGGGGCCGGTGTCCTCGGCATATGCGGCACCCTTGATGTTAACCCGCCCGAAGGAGGTGAAAAGCATCCCGTTGCGGGCATTCCGCGTAGGCATCACGCAATCGAACATGTCGAAGCCATGCCAGACGGCTTCAATCAGATCCTCGGGAGCGCCGATCCCCATCACATAACGGGGTCTATCCTCGGGGAGCGTGGGAGAGGCGTACTCCATCACCTCGTACATGAGCTCCTTCTCCTCCCCCACCGAAAGACCTCCCACGGCATAGCCGTCGAAGCCGATCTCCCGGAGTTCCGCTGCACTCTGCTCGCGAAGGTCCCGGTACATTCCCCCCTGGACGATACCGAAGAGAGCCTGGTCCTCCCGAGTTCTGGCATCCTTGCAGCGCCTGGCCCAGCGGGTGGTCATCTCCATGGAGCGGCGGGCGTAGTCATGGGTGGCGGGATAGGGAGTGCACTCGTCAAAGCACATGGCAATATCACTCCCCAGGGCCTCCTGAATACCGATTGCAGACTCGGGAGTGATAAAATGGTAAGAGCCGTCCAGATGGGACTGGAACTTCACCCCCTCCTCGCTTATCTTGCGCAAATCGTTCAGGCTGAAAACCTGAAACCCGCCGCTATCCGTCAGGATAGGCCGGTCCCAGTGCATGAAGCGGTGCAGCCCCCCCATCCGTCCGATCAGTTCATGGCCGGGCCGGATGTAAAGATGATATGTGTTGGCCAGGATGATTTGGGCGCCTATGGCCGTGAGTTCCTCGGGCGTCATCGCCTTCACGGTGGCCTGAGTACCCACCGGCATGAAAATCGGCGTCTCGATGGTGCCGCGGGAAGTTGTCAGAGAGCCGAGGCGAGCCCTGCCATCCTGCTTTATGAGTTTGAAGTGAATCAAAATCCGCCCTGGTTTCCAGCGGCTAGCGGCTGACGGCTAGCGGCTTAATAGATAAACATTGCGTCACCGTAGCTGAAAAAACGGAAACGCCGCGCCACAGCCTCTTGGTAGGCCCTGAAGAGAAGCTCCTTGCCGGCAAAGGCCGAGGCAAGCATGAGCAGAGTCGATTGCGGGAGGTGAAAATTGGTGACCAGCGCATCCACCGCCCTGAACCGGTAACCGGGATAAATAAAGATGCCGGTTTCCCCCTCACCTGCCGTTACGGTTCCATCATCGCCGGCGGCATGCTCCAGAGTGCGGCACACCGTGGTGCCGAGGGCAATCACTCGTCCCCCGGACTTCTTC
CP071382.1_gap5	159295	159884	589	GTCAAGATTGATGACGCGGAATCTTTCCGCGAGGGGGCGCTGGTAAGCCCATACGCTTCCGGACATGGCCCAGCCATGGATGAAAACGAGCGGGAACCCCTCACCCGCCTCCTCATAATGGAGCTTGACATTGCCGGACGTTTCCAGAAACGGCATAGGTCAGACGACCTCCAGTTCGCGACCGATCCTGGCCATGCGCTCGAGGGCACCGGCAAGGTCATCTTCCGTGTGGGTCGCCATCAGGGTGCAGCGGAGCCGACAGGTCCCGGCAGGCACCGTCGGGGGCCTGATCCCCTGGGCAAAGACCCCCTCCTCCAGAAGCCGCGCCGTAAACGCCATGGTCTGCTCGGCCCCCCCCACAAACAGAGGGACAATCTGGGTTTCGCTCCCCATGGTGTCGAAACCGGCGGCACTCAGCCCTTCGCGGAAAAATACGGTATTGCGGTCCAGTTGCTGCCGCAGTGCTGCCCCTTCGGGAGAATCGATCAAATCGATGGCGGCAAGGGAAGCGGCCAGAACCGCCGGGGGAAGAGACGTTGAAAAGATGAAACTGCGGGCGTGGTTAGCCAGGTAGTCGACTATCTCCTCA
CP071382.1_gap6	168779	172241	3462	TTGTCCTTCTCGGCCTTAAGCCACGAGATTTCGTCCCGGAGAGATGCAACCGCCGCCGATGCCCCCTTACCCAGCGACTCCAGCTCTCCCTTGAGGCGGTCGACCGTCCCCTTCAGGGGGGCAGTCGACTTTTCATGTTCACGCTCGGCCTTTTCCTTTTCCTTGGTCAATCGGGCAATTTCGCCATGCAGCTCCTCCTCCTGGGTCGAAAAGGCGGCGTCTTGCGCCTTCCGTTCCGAGACCAGGAGGTCAATATTTGCCTTGAGCGCAGCAAGCCTCTCCCGAGATTCCCGTTCCGCTTCCGCCTTTTCGGCGGCAAGGCGCTCGGCAACAACCTTAGCCTCATTCTCGTCCCGGGGAGATGGCTTCACCTCACGCGCTTTCTCAACCGGAGGAGCCGCCCCCTTCTTCTCCTCCGGAGGAACTTCCTTCTTCCCGTCTCCCAGGGAAGAAGCGGGCGCACCCGGCGGCACAGTCCCCTTCGATGCGTCAGCGCTCACCGGCTCAACCGCGGATGGACGGCGAATTACCGGAATATCACGGATGACAACCTCGCGCATCGCTTTGCCGTAGCTGAGATTGACCTCATGCAGGGTGAACCCGAGGGAGTTTGCAAACGCAAGCCCTTCCTTGAGCAGCGGGAGATAAGCATCCCCCTCCCCGGCGCTCTCCGGCGCAGTAAATACCCATCTCCCCTTCCGGTCCGAATGCTCGAGAACAACATAAACCCGAATCACACCCTTTCGCTGGATGACGCAGACATAAGCATTGCACGGACGTGGAGAAAGACCTTCCGGGGATACTGTCAAAGACTCCGTTGAACGATGGATCGCGACAACGTCGGCCTCATCGGCTTCAACAATAGACAGCGATTGATCATAAGCAAACATGACAGACCTCTGAGACGTTAGTTTTGCACCGTTTTGTCTATGGAGAACTGCAGGAGGGATAAAATACCATGGTGGAAATGCCACCGAGTACACTCTACCCGATTTTCCCACTAAGGCAACCTTAGTTTTTTGAGGCATGCCGGGGGTTTAACGAGGATAGCAAACTGGCGGGAATATTATTGACGGAGTGCGTTACGCAATTTCGACAAGCAGGCCATCACCCTGCACCGTCTCAAGCTTTTTCTCGATGGCGGAGCAGAGAATTATCTTCCCGTCGTAGAATGAGTCACTTTCATTGACTACCATGACAGGAAAAACTCCGGCTACTCCATTAACTCTGTTGGTGAGTTTCAGCTTTTTGAAGGGTTCACTCTTATAAAAAGAAGCAATCTGCGTAACGGTAGCCGGTGTCAGTGCCGCCATACCGAACTGCTCGAAGGAGCTCCCCTTTGTCCTGTCAGCAAGATGGCACACCGGCAACTCCAACAGGTTAGAGGCTCCGGCAACGCCCTTCGACGGGGGCGCCGGGGGGGCCGCCATGCATGACTCAAGCTTTGCTTTTGCCACGTTCAGGGAAATGGTCAACTCCCCGAGGTTCACCTTCTTGGTGCAGAGCAGCAGCACAAAGGCATCATGCATGGGCTTCACGACGATTCGACCATCCCCATAGCGAAAATCAATGAGCTCGGGGGAACCGGCAGCATTCATGGCCCCCTCGGCGGGGTCTGCAACGGCGGAACAGACCCCCTCGATGATTGCAGTATCGAACAGGGGAGGAAACACGCAGGCCACGGGAACGCCCCCGTGACCGCAGACGAGGCTTCCGACCACACCGGGAACAGCATTGAGTTTTTGGAGAATTGCGTCCATGTGAATCGTCTATCCTCTACCAGTCCACTATTTCCTGCTTCCGAAGGAAGCACGGATATCCGACTCAACCTGGGTGAGGGAGCTTTCCTGCTCGACGGAAATGGAAATATAGTGGTTCTTCGCATCAAAGAGAAGCTGCTGTTCTCCTTTAGCATATACTGCCGCGGATTTCACCCCTCCGAGGCCGAAGATGTCCCCAAGCCTGTTGCCGAGACCCGACAGGCAGCACCCTTTGGCGGCAAGGGCTTTTGCATCGGCGCTCTCGTCCTCGACCGGAGTGCCGTCCTTCTTTAGGAGCACCGCGTACTCAACCCCGGCGATTTGGAGCAACCGTTCCGCGATAACGCTCATCTTGCGATGCTCGCCCCCATCGGCCGCCACCTTGGGCCGCATCCCGGCGTTTTCCTCATCCATGATGCGGTGGGCTTCGATAAGGAGATAGCTGACACACTGCTGGATGGAGCGGACGGTAGTCGTCACCTTCGGCTGAATGGCGAAACGTCCGCCGGGCCAGCGAAGAATCTCGTAAAGCGCATCCTCGCCGGATGCCCCGTCCTGCTCTGCATGAATGATGTCGCCGTCACGGAAGAAAATCATCCCCTTCCGTTTACGGAACTCCACCGAAATGGCGCCGGTGAAGCGGTTGTGCCCCTTCAACTGGATTACGTCGCTGAGCGGAAGACCGGCGATGGAGCCTTCGAAACCATTAATGGTATTTTGTACAGATTTATCCAGCATCATTACGGCTCCCCCCCTTCTTCGGATTTTCTGCATTTCTCGTGCCTTGCCCCACAGGTCAGGAGAATGTCAATTATGGCAAATGGCACAATTTCGATCCGGGGTGAAATCAAATTCAGGTATCCCACCGGGGCCAATGATAAACGAAAAGCTATGACAGTAAAAACATCCGTCGGTGGCTACCCACGGTTCATTGCTGTTCATAAGAGCATGGTGCCTGTCCGCCAGGCTTCGCTCTTGGCCTGTCGGGTCATCGTGACAGCGCCTGCAGACTTGCTGATCGACACTTTGCAAATGAAGCACATCGTGGTTTGTTGCAGGCGAGACGTCGCGCTTATGGTAATTCCCGCTGCTGACATTGTCTCTGAATTCTTGGCTAATGGGTGTTCCCCGCCTTGCCGAGGAAAAGCGGGCGAACCATTTATCAAATGTGACAACAGGACTTCCACCGTGGCAAGAGTAACACTGGAATGGATAGGTAACAGGGTCAAGGATGTGACAATTGAGGCATTCCGGTGCGTTATGCAGGTCTCTCACACCCCTGGCATGGCAAACATCACATTCATTCATAATGTGACTGTTTATAAGAGCACGACCAGTAGAGTACTGGTCAAACGGCGCAGAAGTATCAATCAAAGCATTCCGGTGGTACGTAACCCATGACGGCTCATGGGCTTCATCCGCCTTAGGCGCATCGGAATTCGAGGAGTTCATGCCGCCGCACCCGCCAAGCAGCATCACCGCAACCGCCACCATGGTAAGCAAGGAAATTCGCATACTGTCTCCGCGCAGTCGTCTCATTCCGCTACCCATGGCACGGCCGGCATGTCTGCGACGATTGGGGATTGCCGTGGCAGCGGTAGCATGAAGTCGGATCGAGGCGGCCGTCGATCCGGTGACGGGAGAGATATTCCCCCCGGTGCTGCATCCGCCGGTAGTTTTCCGTCTGGTTCTTGATCGACGG
CP071382.1_gap7	182317	184094	1777	CACCCTGCACGTGATGGGAGCCGCCGCTGAACTGGGAAGTAACGGCAACCCGCTTTCCCTGGGCCACAGAATGGCAGTCGAGACAGGCTCCAACGCCCCATTGGGCAGAGGTGCCGCCATGGCATGAAATCCCGGAGCAGCCCCCGTAGCCGTCTCCCGGCTGCGTGGTGCCGGTATAGACGGTGCCGCCATACATGGGTGGAAACGCCACATTGATCCGATAGTTCACGTGAAGGGCGCCGTTGTTGTGGCAGGTGGACGCACATCCGTTGAGGGTATCCGATCCCCCGTAGTTGTGGCAGCGGGCGCACCGATCAGCCCCACCGGGGATGCCGCCCAGCGACTGGAGGTGCTTGGTGTGGCTGCCGGAAGAAATCTCGGGGGACGCCTGGGGCATGCCGCCGTACACATACGCATGCATATTGTCCGCAGCGTGGCAGGTGCCGCAGCGGCCATCATCCACGTTACCCCAGGTGGGGGACGCATACTCTCCCGGCTGGCCGCTGAGGGGGCCACCCGTGGCGCTCTGGCCGATACTGTGGCAGTACAGGTTGGTGCATTGCCCCGAAGTGGTGCTGGGAACCGGGGCCTGCGACCCGCTGGACATCCCCCGGTACAGGGCCTCCCGGAGCAGGGGGTGCGTGGCGGCATCAAAGCGCCAGTCGGCCCTGCCGTTCACATGGACGCCCGTATAGCCCGAATGGCAGACGGTACAACCAGTCTGCCGTCCATAAATGTAGTAAAACGCGGGGCTGGGAGGAACTGGCTTGCCGCCGCTGACGGGGGTGAAATAGGCCTGCCCCGCCGAAACGTGGGTCTTGTGGCTGCCACGCAGGGGAGGATTAGCGGAGGTCGCACCGTGGCACGATCCGCACTGGGCCGTTGATGCATCGCCCCAGGTTGGAACTGTGTTGGTGCCGCCATTCCTGTCGCCTTCCCGGCTCAAGGTTGAGCCATGGCAGTAGGTATTGCTGCAGGTGCCGTAGTTCTCCCGGTGCGCCGCAGCGCGGCTCGGCAGGTAGGCCGTTATGGCCGAAAAGGCCGCCGAATAGCTCTCCGTCACCACAAGCCCCCGTTTTCCGCCACTGGTGGCATGGGCGAAGGGACTCGGCTCGACAGTATGGTCGACGTGACATTTAACACAGTTGCCGGCGCCGCTGTAATACTCACCGTGCTTACCATGGCTGCCGGCGTCCCCCCCGGCGTAGCCGTTGCCGGCATCCCCCGAAGGAGGTGCGCCGTGGCAGGTCGAGCAGGTCGTCCCCGATGGGCTGCTCCCCCATACCGGAGTGGGAGATTCAAAATGGCAGTTCACCGCATTGCAGCTGCCAGGCACCGGGGAAGGGCTCTGCCTGAAGGCTGACGTGGAATTTCGATAGGGGGTCACAAGGGAAGAATCGTTAATGCGTCCCGCCACTTTGATCCATCCGTCACGGTGGGAAGATGTGTAGGACGAACTGCCGGGATGACAGGAAACGCAGGCGGCCGGCGATGCCGGCGTGGCCATGTGAGTACGGTGATTGCCGGCAAAACCGCCGGTTGTGATGGAGCGGAAAGCAGAATCGATGGGACGATAATCGCCGGAACTGCCATGGCACTGGTAACAGGCCATCGAAGCAGCGCATGCTTCAGGAGAAACGGAGGCAACGATAAAGCCGGCAACAAGGAGTAAACGGCTGCGTCCCCACCATGTCATCGTCATCATGCGTAGTCCCCCTTTTCAATGGCAAGACCCTGCACATGGCAAATAGAACACACCAATCACCCGGTCATTTGA
CP071382.1_gap8	320129	323055	2926	CGGGGGTGAATTTGATGTTGACGTCCTTGAAGAGAACCCTCTTGCCGTAAGAGAGGGTGACGTTGGATGCGCTGATCATGCTCTTGTGTGACTCCTTTTATTTATGCTGGTAAAATAAAAAACCACAGGGATGAGTGACCCTGTGGTTCACGTACGGTTCTGTTTATACCATTTCCGCCCAAGGAGCGGCAATCCCTTTTTCCACCGAGGTTTTTCGGAAAAGGCCCTTTCCCTTTGCCGCGTCAATCTGGTACCATCGGCCCAAAGGAGACATAATGAGCGCAAACAAGGAACTCTATGTGGGGCACATGTCCTACGAAGCAACCGAAGACGATCTCCGGCGGCTCTTCACCGTGGCGGGAACCGTCACATCGGTCCACCTGATTACCGACCGCGACACCGGCGAATTCAAGGGGTGCGGCTACGTGCGGATGGCCACGGTCGAAGAGGCTCAGGAAGCCATCGAGACCCTGGACGGGGCGCTCCTGAGGAATCGCCCTATCACCGTAAGCCTGGCGCGCCCCCAGAAACCAGCCCCCCGTCCCGGCGGCAGGGGTGGCAAAGGGGGACCGGGAAACCGGCCCGGCACCGGCCGCGGCAAAGGGAGCCCCGCCGCATCCGGCCCCTCACGCGGCAAGAGCGGTTCTGGCAGCAGGCCCGCGAGGGGCAAGAAGTAACCATCGGGTTCCCCTCCATATTTCCCCCTTAACGCGCCCCCATCCGCACTACCCGGCCGGCCAGGGCAAAGCAGGCGGGACGGTGGGTTATGACCAGTACGGTCTTCCCCACTGTCCGCGCGGCCAGGCGCGCCACAACCTGCCGTTCGGTGGCGGCGTCGAGCCCTTCGGTGGGCTCGTCCAGCAGGAGGATCGGCGCATCCTTCACCAGTGCCCGGGCCAGGGCGATACGCCTGGCCTCGCCGCCGGAAACGGCGCCGCCTCCCTCTCCCACCGGCGTGTCCAGCCCCAGGGGAAGCGCATCGACCCACGCCGCCAAACAGGCATCCTCAAGGGCGCGGCGCAGTTCGGCATCTCCCGCTTTCGGGTTTCCCGCCAAAAGATTTTCACGAATGGTCGCATTGAAGAGATGGGGCCGCTGGGGGACAGCGGCGATCATCTCCCGCAGATCATCGGCCGCAAGGCGGCTGATCTCCACGCCGCCGACTGTTACGCTGCCGGCATAGTCGCGGAACCGAAGCAGTATCTCCGCCACGGTGCTTTTACCGCTGCCGCTGGGACCGGCCAGAGCCACCCTCTCCCCGGCCGGAATTTCGAGACTGAACCCTTTTAAGACCGGCAGGGCCGGATCGTAGGCACAGGAAACATTGCGGAAGACGATGCCGGTTCCTGCGGGAAGCCGTTCCGGAACAGGAGGGTCTGGAACCGGCACCGGAGCGTCGGCCAGTTCCCGTATCCGCCGCGCCGCCTCCCGGGCCGCGGGCACCAGCTGCAGCGCCGCAGGCATACCGCCTGCCGCCTCGAAGGCCGCCGCCGAAAAGAGGACTAGCATCACCAGCACCGGACCGGCAATGATACCAGCCGCCACAGAGGTGCTCCCGGCAAAGAGGACCGCCGCCACGCCGAGGCCGCCGCAGGCGACCCCCCCGGCCAGGGTGAGGCCGCCGATCGAACCGAGCCGCTCCTGTGCCGTCACAAGGCGGTACGAGAGGTCATCAACACTGGACGCCTGGCGCTCCGCCGCACCGAGAAGGATCAATTCCTCGGCACCCTGGAGTCCTTCGGTCACCGCCGTGCGCAGCTCCCCGGAAAGCTCCGCCGAGCGCCGCCCCGGCTTGTCCGCCAGCCGGCGGGCCACCAGTGGAAGCGCCACCCCCGCGGCCATCAGAAACACAAAGAGCGCCAGGGCCGCCGGCACGCTCCAGCGGGCGACAACGAGGACCGCCAGGACGATGGCGGCCGTGCCGGTGACAAGCGGCGCCACGATCCGCAGGTAAACGCTTTCAAGGGCATCCACATCGGCCCGGAGCCGCCCCGCCACGTCCCCACCGGCGTAGCGTTCGAGGCCGGCCGGGGCCAGGGGCTCCAGCCGCCGGAAAAGCCGGACCCGCAAGTCGGCCAGGATGCGGAACGCCGCCTCATGGGTCACGAGCCGCTCGGCATAGCGCCCCACGGTCCGCAGTATGGCCAGGGCCCGGATGGCAGCCGACGGAAAGAAATAGTTGAAGGGTACGGCAGTCGCCCCGGCCACGGCCATGGAAGCGATGAACCAGCCGGAAAGGGCCATGAGCGCAGTGTTGGCGGCGATCACGAAAACGCCGAGAATAATCCCGGCAGCCATCCAGGGCCATTGGCGACGGGAAACGGCAAGCATCCGGACGAGCTCCCTCATGCCCCCCCCTCCCCTGCCGCCGCGGCCAGGAACTCCGCCGGCGCCATAACCCGCTCCAGCCGTCCTCCGGCCATGACGGCGACCCGCGATGCCCGGCGGACGGTTTCCTCCCGGTGGCTGATGACGAGCACCGTCCGTCCCGCCGCCAGCCGCTCCAGGGCCTCCCCCACCAGCCGCTCGTTCTCCGGATCGAGGCCGGCGGTGGGCTCGTCCAGAACCACCAGCGAAGCGTCGCGCAGAAACGCCCGAGCCAGGGCCAGACGCCGCAGTTCCCCGCCGGAGAGCCCGGCCCCCTGCCCCCCCAGTTCCGTATCCAGCCCCCGGGGCAGGCGGTCCACAAAGGCATCGGCCGCCGCAGCCGCCAGGGCGGCGCGGATCTCCGCCCCATGGGCTGCGGGGCGGCCGAGGCAGAGGTTTTCCCGGATCGTCCCCGTGAAGAAGAAGGGACTCTGGGGGACCCAGGCAAGGCAATCCCTCCAGGCGGCCGGGTCCAGGCCGGCCAGGTCGGTGCCGTTCACCGTAATCCGCCCCGCCTCGGGACGGGCCAGCCCCACCAGGAGCCGCACCAGGGTACTCT
CP071382.1_gap9	346930	350990	4060	AAATTGAAGCGCTTTTCCTCCTCGTCGAGCTTGGCGACGAACGCCGCATTGAAGGCGCCGAGACTGTAGCCGGTGAGAGCGAAGCCCGACACGTCGATCTTGTCCCGCACCTTCTCGTAGGCAAGCTTCATGACCCGGTAGAGATCGTTGGCATCGTCCAGGGAATCACCGGGAAGCCCGGCAGATGCATTGACCACAAAATCCATATGGGTCGGCGAGGTTATGGAAATGACGTGGAATCCCCCCTGGTAGAAGGCCTTCTGGAGCTTCTTCATGCGTGGCGTGTCGTGGTTCGCGCCGGTACCGGCAATGACGAAGATGAGCGGAGCCCTGTGATTCTGACGGGCAATGCTGCAAACCAGCCCGTTTTCGTACCAGAAAACCCCGGGTATCTCACGTTTCGGGAATACCCGCAGGGTAAACTCCCTGGCAGGAATTTCTTCCGGCAGTTTTGCTTCAAAAGCTTTGGGCAACTCCATGACGGTTGCCTCATAGGGGTTGACGAACGGATAGAAATAGGGCTGTGGCTCCGCCCCGGCATTATGGGCCGGGCAGAAGCAGCCCAGCAGGAAAATCAGCGCGAGAAGCCGCATCATCGTTTCCTCCGGGAATTACGGTTTGGCGCGGCACAACCGGAGCAGGCCGTCAAGGCACAAGGCCCGCTTGGCGGAAATAGCGGGCGGCTCCCGGATGGGTGGGGATGACCGTTGCCTCGGCAGCCTCACGGGGAGTAAGGCTTTGCAGGGCCGGATGCTGGCGCCGGAAAAGATCAAAGTTGGTCATGATCTCCCGTACGAGGCGGAAAACTGTTTCCTCCGCCATGTCGACACGGGTGAACAAAACCGAGCGAACACCTATGGACGGCACTACTCCCCGGCGCTCCAGCCCCGAATAGAAGTCGGTAGGAACCACTGCCGGCAGCAGCAGGGGGTTTGCCGCCGTAACCAGTTCTATAAGGGGCTTGTCGATGGGAACGAGCAGCACTTTGCGTGGACCGGCGCTTGCCTCCAGCACCGAGAGGTTCGGATGGCACACCGTGTAGATGTAGGCGTCGATCTCACTTTTTTGGAGCAGTTCCGAGGCGAGGGCGGCGGGATGCTCCGAAAGGGAAACGTCCGCGGGGTTCAAACCGGATAATAAGAGAAGATTTGTCGCATAAGCATTGTCGATGGAACCGGCGGCTCCGATGTTGACCCGCTTCCCCCCGAGATCGCTGACCCTGCTGATTCCGGCGTCTGCCGCCGCGACAATCGTCACGGCCTCCACGGGAAGATTCAGGACGGCACGCAGGTTGCCCAGGGCTTTTCCCTCCCATGGGCCGCGCCCCGCAGCCGCCTGCTGCAACAGTTCCGTCTGGGCTATCCCGAAGGCGGCTTGCCCCCCGAACACGCTCTCCACATTGGCCACGGACCCCTGGGACGGCACACTCAAAAGCCGCATGCCGTAATCGGTGCTCCGGCGGTTGAATATCTTTGCTACGGCGCTGGATGCAACATAGTTTGAACCGGTTATGTCCCCGGAACTGATGGAAAGGGACTTATGGGGAAAGGCTGAAAGGACGGCGGGAACCGAGAGTAGAGTGACTGCCGCCAGAAACGCCGTACGCATCGACCGCAGGAAACAGATCATCGGCAAGTTCCTCCTCGGGAATTAGTCCAGAAAAGTTTAGCACACTCCTCCGGGCTGTCCCGGCAATCCCTCAGGTATTTAAACGGCGGAGAGAGACTCTGCATCGGCAGAGCCCCTCTCTCCATGACGATTCCCCATGAGCACCGCCGGCAGAAAGTCAAAAATGATAAAGATCCAGCTTGCCGACAATCCTCTGGAGTCTTTCCTTTGCAAGCTGAAACTCTTCCGAGGCCTGGCTGTACTTATTCCAGACATCCTCCATCTCGGCCTGAAGGTTCATTTCAGGGTGCGTTTCTTTCATTTTAAGGGTGCGCTGCAAACGATAATACAAGCATTCATGGAACAGCCAGTGGGTTAATGCGGCCTGGGCAATGTCGCAGGCATGGAGGAACTCGACCATATGCTCAGGCTCATCGAATTTATATGCCAGATTGCTGATGTACGCACGTGCTACCGCCGAATCTTTAAACCGGAGTTCACTTGGTTCCATGGACTGGTTCCCCCCTATTTATTTATACCTGAAAATGTGACGGACGACACTCCGCTTTGCTCTGCGGGCATTCCGCAACTGCCGGTTCCCGGCTTATTTGCTTCCCCCCCCCAGCACCTTGTAGATGGTCGCCTGGTTGAGGAGGCGGACAAGACGGACGCCGATCAGGTTCTGCTGGGCGCCGTAAAGGGCTCGCTGCGCATCGAGAACCTGGAGGTAGTTGTCAACGCCCCTTTCATAGCGCAACTGGGAAAGGTTATGGGTCTCGGCGGTGGCATCGGTGAACGCCTGCTGGGCAGACAGCTGGTCGTCGATGGTCCCCCGCTGGGCCAGGGCATCGGCCACCTCCCGGAAGGCGGTCTGGATCGTCTTTTCGTACTGGGCTACGGCAATGTCGCGATCGGTCTGTGCAACGTCCAGGTTGGCCTGGTTCTCTCCTGCGGTAAAGATCGGCAGAGTGATGCGCGGCGCGAAGCTCCAGGTGAATGAATCCCCCGTGAAGAGCCCCGACAGCTCGTTACTGCCGAAGCCGACACTGGAAATCAGGGTAATGCGGGGGAAGAAGTTGGCCCTGGCGGCCCCGATGTTGGCATTGGCCCCCTTGAGCAGATTCTCCGCCTGCAGGATGTCGGGGCGCTGGAGAAGCACGTCGGACGGAAGCCCCGTGGTGAAGTCCTTCATGGCGGTAAGCGTCTCTGTGAGGGCCGAAGGCCGGAGACCGGCAGGCACCGGCGCACCCACGACCAGGTTCAGGGCATTTTCATCCTGGGCCACGAGGGTGGTGTAGCGGGCGATGTCCACCCGTGCCGATTCCACGCTGGTGCGGGCCTGGTGCAGATCTAGGGCTGAGGAGACCCCGGCATCGAAGCGGTTCTTGGTGAGATTATAGGAGGACTGCTGGCTCTCCAGGGTCTCCCGGGCAAGCTTGAGCCGTTCGCGATCGGCGGCCAGGGTCAGGTAGTTGGCGGCAACCTCGGCAACCAGGCTGATTTGCACGCTGCGGCGGGCCTGCTCCGTTGCCAGGTACTGCTCCAGGGCCTGGTCCTTGAGGCTCCGCACCCGGCCGAAGAGGTCCAGCTCGTAGGAGCTGACCCCGAGGCCGACGCTGTACTGGTCAACGGTATCCCCCCGGCCGGTGGTGGAGAGATCATCGGAAATCCTCTGGACGCTGCCGTCGGCAGTGGCATCAACCTTCGGGAAGAGGTCCGAGCGCCGGATCCGGTACTGGGCACGGGAGCGTTCGATGTTGAGGGCAGCCACCCGCAAATCCCGATTGTTCTCCAGGGCAAGGGCGATCAGCTTCCGCAGATTTTCATCCACGAAGAAATCTTGCCACGGGATATCGGCAAGGGGCTTGTTATCCGTGGCCGCCGTCTGTTTGTACGCCTCGCCTTCCGGCCATGCGGCAGGAACCGGCGCGGCGGGGCGTGTGTATTTGGGGGCCATGGTGCAGCCGGCCAAAGCTGCAAAAGCGATAAATAAAATTGAAACACTGGAGATTCTCATCTCAATTCACCTCCGAAGTCGGTGCAGCGTCCGACTGCGCGGTCTGCTTTTTCCTGGCGAACAGTTTCGACACCATCACGAAGAAGAACGGAATGAAGATCAGGTCGATGAAGGTGGCCGACAACAGACCTCCGGTGACGGCAGTGCCGATGGCGTTCTGGGCGGCCGCTCCGGCCCCTTTGGTGAGGGCCAGCGGCAGGGTTCCGAAGAAGAAAGCCAGCGAGGTCATAATGACCGGACGAAGCCGGATCTTCACCGCTGCCAGAGTGGCATCCACCAGTTCGTGCCCCTGATGCATCTGATCCTTGATGAACTGGATAATCAGGATGGCGTTCTTGGTGGAAAGTCCCACGGTTGTGAGGAGACCTATCTGGAGATAGACGTCGTTGGGAAGCATGCGCAGCTTCACTGCCGTCACTGCCCCCACCAGACCGA
CP071382.1_gap10	433241	434721	1480	CGCGGGTCACCGAGCTCTACGAGGCGGTTGCCCGCGACCGGAAGCTGAAGGCCTCGGGCATTGCCGACATGGTGGGGGGGCTCATCACCGCCATGAGGGAGCAGGCCCGTCCCCTCATGGCCCTGGCCCCCCTGCGCGATCTGGACGAATACACCTTCGCCCATTCGGTGAACGTCTGCATCCTCAACCTGGCCCAGGCCATGTCCCTGGGAATCGACGGTGCGCTCCTGCGGGAGATCGGCATTGCCGGACTCCTCCACGACATCGGCAAGATGTTCGTCCCCCGGGAGGTCCTCACCAAGCCGGGTAAACTCACCGAGGAAGAATGGCGCCTTATCCGCCAACACCCCCACCAGGGGGCGCGCTGTCTCGTGGAAACGCCGGGGGTGCCTCACATGGCGGCGGTGGTGGCATTCGAGCATCACATGAAGCACGACTTCTCGGGCTATCCTGCCGTCCCTTCCGGTTGGCGCCAGAGCCTCGTCAGCGAGATGACCGTCATCTCCGATTTCTTCGATGCGCTGCGAACCCGCCGGGCCTATCGCGACTCCATGGAGCTGAGCCAGATCGCCGGCATCCTCCTGGACCAGCGGGGCCGGGAGTTCCACCCGCTGCTCACCCGCAATTTCCTTCTGATCCTGAGCCGGATGATGGCATGATTTTCACCGCCACCATGCAGATGTCGTCAGCAGGGGGCCTGCCGCCGGTAAACGCGGCTAGGTCCGCCAGCACGGCCTCTATAACCGCCTCGGGCTCTTCACCGCAACGCGCCCTCAAGAGGGACCCGAGACGCTCCACGCCGAAGAGCTCTCCGCTGCCGTTGTCGGATTCGGTGATCCCGTCGGTGTAGAGAAAAAGAATATCTCCCGGCTCCAGCCGTACCTCGCGCTCTTCGAACGTTTCCTGGAGCCTTACCCCGAGAATGAGACCTTCCGCATCCAGTTCAAGGCACTGCTCACCGGAAGCACGGCAGAGAAGGGGCGGATTGTGCCCCGCGCTGGCATAGGTGAGGACGCGGGATGCAGGCTGGTAGGAAGCATAGAACAGGGTAGTGAAGAGTTCCGCACGGGTGAGGTCTTCATAGAGGATTTCATTGAGGGAGCCGACAATGACCGCGGGCGAGCCACCGGAGCGGGCCTGGGCACGGATAACGCTCCGCGCCTCGGTCATGATGAGCGCCGCGCCGACGCTGTGGCCGGAGACATCGGCAATGACCGTGTCAAAGGAGCCGTCGTCCCGCGGGAAGAAGTCGTAGTAATCTCCCCCCACGTGAGCCGCGGGAACCCAGCGCCCGGCACAGCGCACCCCCCGCGCGGCCGGAAGAGCCGCCGGCAGAAGGGAACGCTGTATCTGCCGGGCCAGCTCCATGTCGCAGGACATGCGGGCATTCTCCAGAAGCGCTTCCTGGGCCCTTTTGCGCTCGGTCACATCCTCCTTGATGGCTATATAGTGCCGAACCGTCCCGTTCTCGTCCATTACG
CP071382.1_gap11	436306	440148	3842	CCAGACCCGCCCCCCCTGCCCCACCAGCTGCGCCAGCAGAAGGGTATCGTGGCCGTTGCCGCAGGTGGCATCCACGGCACAGTCCCCGGTCTTCAGGCGCTCCCGGAGAAAAAAATGCGACAACGGCACCGCACCGGACAAACCTCGACTCTTCAATCGATTCTCCTGTAGGGGCGAATCTTGTATTCGCCCTTGCATGCAACAGATATCACACCAAGGGCGATCACAAGGATCGCCCCTACGAATTCACTTCTTTCCCACCAGAGTCAGCACCGCCGGCAACACCAGGACGAAGGCCGCCTGGCATGCGACCATGCCGAGACTCATGACCGCGCCGATGGAAAAGACCCCCTGGTGGTGAGCCACCATGAGGGCGCCGAAGCTGGCCATGATGGTCAAGGTGTTGTAGATGACCCCCAGGCCGGTGCTGCTCATGATGACCGCGGCGGCGTCGCCGTCTTCGCGGCGGAAACGGTTGATGATGTAGATCCCGGAATCTACTGCTATACCGAGAATGAGGGGCATGACAATGATGTTGGCCGAATTGAAGCTGATGCCGAACAGCCGCATCCCCCCCACCATGAGGAGAATCCCCACCACAAGCGGAACCAGCCCCACGAGCGTGTAGGTGAAGCTGCGGAAGTTCACGAACAGGATCGCCACAATGGCGGCAAAGGCATAGATGAAGGCCCGCAGATACGAATCGCGCATGATGGTCATGGACTCGTAAACCATGACCGGCTCGCCGTTGGCCCGGGGCGCCACGCTCCGCACCTGGTCCAGGAAACGCTCCAGGGGGTCCCGGTCGAAAATCTCCTCACGGGGCGCCACCTGGAGGAGGTACTTCCCGCTTTTTCCCACAAAGATCTTCCGCAGCTGGGGCGGAATCTCCCCTTCAGTCACCGGCGTGACGTCGAGGCTGTCAGCAAATATTCCGATTTTCTCCGGGAAAGAGGCGAGCATCCCCCCCTGGAAATCCCGGAGCATACCGAGGGCGTTTCTGTCCTTCTCCTTCTCGAGGGTGGCGAAGAAGCGGTCCAGAGTGGCCAGGAATACGCCTACCCGCTTCGCCTCCGGCTTCTGCTCCTTTTCCAGGTGGAGCTTCAGCCGCTCCGCGGAGTTGCGGAAATCCTCGAAGACCGAGGGAAGCTCCATGACCCGCAGGTCCTCCTCGTAGGGAACCGGCTTAACGTCGGACAACTCCCGGCGCAGGGCCGCCAGCTCGGCCAGCTTCACCTCCTGGTCGTCGGGAACGAAGCTGGCGATGCTTACCACGTGGTCAACGGCGGGAAGCGTTTCGAGACGCCGGGTCAGCTCCCGCGCCTCCGTGGCGGACGACGCCACCACCTCGGCAAAATAGCCGGAATTCTCCTGGCTGCGCATCAGCTTGTAGGCGTACTCCACCGGTTCCAGCCCCTTGGCCTGAAGGTTCATGAGGTTGTAGTCGAACCGGGTTTCCATAAGGGGGTAGAGTGACGCAGCGCAGAGGATAACGGTAATGCCGACCACCGTTTTGGGATGCCCGAAGAGAAACCGCTCCAGCCCCTTTACCCAGGGGGACCGGTTGAGGAGAGTGGCGGCCCGCGCCTCCCGCTCCTCCTCCTTTCTCTTGCGGTAGGGAGCGAGAAGCACCAGGAATGCCGGCAGGACCGTGAAGGTTACCAACACGCACGCGCCAATCCCGAGCGAGGCGATGACTCCCAGTTCGGCGACCCCGCGGAAGTCGGTGAATACGAAGGTAAAGAAGGCTGCCGCAGTAGTAACGGCGGCCATAACGATGGCCCGCAGGTTGCGGTTGAGGCCGATGGCGACCGCATCCAGCTCTCCCGCCCCGAGCCCCAGCTCCTCCTGGTAGCGGAGCACCACCTGGATGCCGTACTCAATGCCGATGCCGATCAGCATCACGGCAAACACCATTGAAAGGATGTTCAGGTGCCCCACAACCAGGGTCGCCAGGCCGAAGGAGACGCAGATGGCCACGATGAGGGCCGTCATGGCCGCAATGACGTTGAGGATCCCCCGAAACGCCAGAAGGAGGAGCACCACCGTAAGCCCCAGGGAAAGGACCGTGGCCAGGGTGATGTCCCGCTCGCTGGTGGCCATCTCCTCGTATTCCAGGACCGGCGTACCGGTAAGCCCCACCGTGACCCCGGTGAACTCGGGGAGAGCCCTAAGGGCGGCAACTTCCTTGCGCACCGCGCCGATGGCCTCCACGGCGGGGACGAAGCTCCCCGGTTCCTTCACCGGCCTTACGGTTAGAATCTGCATCCGACCAGCCCGGGCCAGGGCAGAATCTCCCCCGAGAAATACCTCCTCAAGGGAGAAGGAGCCCTTCTTGCCACCGCCAAAGGAGTCAATGCCGGCGCCCAGCTTGTCGAGCATGAAGGTGAGGCCTGTCAGTTCAGCGCTGCCCCCTTTCCCACCCCCATCAACGTAGGCATCCATCCGGCCGGTCAGGTGGGTAAACAGGGTCTGTACGGTGGGTGCTGCCGCCAGCTCCTTGAGAACCGGCTTCGCCATGGTAAAGTTCTTCCGGAGGCTTTTGATTTCCTCAAGGGGCAAGAGAAGGAGGCCATGCTCCCGGAAGAACGGCATGCCGCCGGGGAAAAAGACCTCCCGGAACCGGGTGGGGTCCGAGGCAAGCTTCCCGTAGAGCCGTTCCCCGAACCGGGAGACCGCGGCCGCATCGGCGCTTTCCATGACGACGACAATCTCCTCACGGTCGCCGAACTCGGCTCGGATGGCCCGGTAATCCCGCTGGAACTGGGCGTTCCTGGGCATCAGATCATCGCGCCCCGTAAGGAACTTCATCTGTTCCTTGGTATAGATTACCGAGAGGGTCGCCAGGAGGAGCGCCACCGCGAGAATTAGCCGCGGGTGACGGGCGACAAACCCGAAAAGTCCTGTAAAGCGTTTGGCATCACTGCGCTTCTGCATATTGACCGTTTCCTCATTAGCCGGTATCGGGTAAAACTCGCGAAGCGTACCATACCCCGGCGGCAAAGACAATCTTCCCGCCCTGGGCCGCCGTCATGCGCCGCGGCATTGGGCAACACGGGAAAAATATGTATTTTTGTTCCCTACTGTGTTAAAAATATGTACTTATTCCGGCTTTCCCGCCCTCGCGCCGGGAAATGTCCGTCCCGAAAGACAAGGAGCAGAAGAGAGATGAAGATCTCGAAGCACCCCATTTCGTATGCACTTACTTCCTTCAACGACGCAGCGAAAGAGACGGAGGATGCACCGCAGAAAAAAACGGTCGGCAAGGTCCACCACCTTCCCGCCTCCATCTGGAAGAAGCGGGACGTGGAACAGACGAGCCCTCTCGACCAGACCATTGAACGGACGCAGGAGTTTTTCCTGCGGGAACAGCTACCTGCCGGCTACTGGTGGGCTGAGCTGGAGTCCAACGTCACCATAACCGCCGAGTACATAATCCTCTTTCGCTTCATGGGCCTGGTGGACCGGGACAAAGAGCGGAAGCTGGCCAACTACATCCTGTCCAAACAGACCAGTGAAGGATACTGGTGCATCTGGTACGGCGGGCCGGGCGACCTTTCCACCACCATAGAGGCATATTTTGCCCTGAAGCTTGCCGGCTATCCAGCCGACCATCCGGCCATGGTGAAGGCCCGTTCTTTCATTCTCGAAAAGGGAGGCATCCTCAAATCGCGGGTTTTCACCAAGATTTTCCTGGCCCTTTTCGGCGAGTTCTCATGGCTGGGGGTCCCCTCCATGCCCATTGAGATGATGCTCCTGCCCAACGGTTTCACGTTCAACCTGTATGAATTCTCCAGCTGGTCAAGGGCAACCATCATTCCGCTTTCCATAGTCATGGCCGA
CP071382.1_gap12	464891	466575	1684	TTGGTCGCCTCGGCCCACTTCTTGAGGTTCCAGCTGCCGACCCACGCCTTGAAGAGGGCAAGGTTCTTCTGCCGCTCCTCCTCGGTGCCCCCCAGGTGTTTGTACATATTGCCGGGCTTCCCGTCCTTGGCATTCTTCCCGTCGTCGAGGCGGCGCATGAGGGCGCCGGTGTCAGGCCAGGCAGTGTAGAAGACCAGGTGGCTGTAGGTGTCCATCCGCATCCCCTGCCCCTTGGCGAGCCACTTCTCCTTCTCTGCCTTGAAGGCATGGTACTCGGGGGCGGCGTCCTTGCCATGGCACCCGGCACAGTGTTTATCGAACAGCGGCTTGATCTGTTTGGTATAGGTTACATCCTCGGCAAAGGAAACCGATGCCATCCCCAGGGTGATAAAAGCTGCCAGTGCAATTTTTTTCATAATATCTCCGTGATAACGATTTTGAAATTCCATTTCATTTAACAGACAACAGAACGCCCCGTCAAGATTTTTTTGACAGGGCGTTTATTTTCGCGGGAAATCAGGCAGCAACCCGCTCCGCCGCAGCAGGAATCCGCGGTCACAGACTCTCCCGTCGCAGACGCGAGCACAACCCCGCCGCTGAATATGCCGAGGGCAATGACCAGCATCGCCAGGGAGACTATCCGGATTAATGATGACCTCATGACATCAACTTTAGTGGTTTGGTCAGGAAAAAGTCAACAGCGGAATGGCAAAACCACACCGGAGCCAATCTAAGAAATCTTGACCAAGGTCAAAGATAATGGATGCCGGGTGCGGTATCACTGTCTCACACAAACGATTGCAAACGGGTTTCGGGCAGGTATACTCAAGGATACCTTCTCGACACACCATCCGTCACAACCACTCAAAGGAGGAAACAAAAATGGGAATGTTCTGTAACCAGTGCGAACAGGCCGCCAAAGGCGTCGGCTGCGATATCATCGGGGTATGCGGCAAAAATCCCGAGGTGGCGGCACTCCAGGATCTCATGCTCTACGGCCTCAAGGGACTCGGCATCTATGCAGAAAAGGCCCGGGAACTGGGCAAGAAGGACGAGGCCATCGACCTCTTCATGATCGAGGGGCTCTTCACCACCGTCACCAACGTGGACTTCGATCCGGTCCAACTTGCCGGCAAGCTCCGCACCTGCTACGACAGCAAGGAAAAAATCAAGTCCGTCTACGAGACCGCCTACCGCGAGAAGAACGGCGCCAGCGCCCCGGCAATCACCTCGGGTCCCGCCGCCTGGGTCATCGCCGGCGACCTGGCCGGGCTCGTTAAGCAGGGCGAGGAGCACGGCATCAACACCCATCACGCCGACGCCGACGTCCGCTCCGCCATCGAAATCCTCATTTATGGCCTCAAGGGGATGGCCGCCTACGCCGACCACGCCTACATCCTCGGCAAGAAAGACGAAGAGGTGTTCGCCTTCTTCCACAAGGCCATGGCCGCCACCGCCGACCCGGCCAAGGGGCTCATGGACTTCGTGGGGCTCTCCATGGAGTGCGGCAAGCTCAACATCAAGGTCATGGGGATGCTGAACGAAGGTCACGTTGACCACTATGGCCACCCGGTCCCCACCAAGGTTCCCACCGGCACCCGCAAAGGGAAGGGTATCCTCGTCTCGGGCCACGATCTCCGGATGCTGGAGGAGCTCCTGAAGCAGACCGCCGGCAAGGGTATCA
CP071382.1_gap13	492627	495342	2715	GACAACTTCACCCTTTACCTGCCGCCCGGAAAAACAGCCAATGACGTCGGAGGTAGCCCCGCGGGCGAATTCTTCATGGATTTTTGTCAATTCCCTGGCCACAACCAGGTCGCGTTCCCCCATAACTTCCTTTATGTCGTCCAAGGTTGCCATGAGGCGGTTCGGCGCTTCATAGAATATGAGCACCCGCTCCTCAGTCTTGAGGGAGCACAGCTGTTCACGCCGTTTTGCTTGCCGGTTAGGCAGAAAACCTATGAATGTGAAGGAATCCGTCGGGAGCCCCGCAGCCGACAGGGCCGCCACCGCTGCCGATGCCCCCGGCACCGGCACCACAGGAATGGTTCTCGATATTGCATCCCTCACCAATTGGTATCCCGGATCGGCAATACAGGGCGTGCCGGCATCCGACACAAGAGCGACAGACGATCCGCCCAGGAGCCTGGCAAGTATTGCTTCACCTTTGATGTGCTTATTATGGTCGAAATACGAGGTAAGAGGCTTACTGATACCGAAATGCGTAAGCAGTTTGCGGGTATGCCGCGTATCCTCGGCGGCAATGAGATCAACCTCTTTAAGGATACGAACTGCCCGAAACGTTATATCCTCAAGGTTGCCGATGGGTGTCGCTACAATATAAAGTGTGCCGGTAATTGTCATTTACCCCAGTCGCGCGAATAGCGGAAATCCCGATCAATGGTCCGGTTTGAAACCTTGGCTATTACCGGCAGACGACGCTTGAAATGGGAGTTCTGTATCCGGGCTGAAACAGTGTCGATAAAGGCCGAATCAAAACCGTTCTTTATCAACTCTTCGCGGGTCATCCTCAAATCGACCATAGAATAAAGGAGCTTATCCACTTCTTTATAGGTAAAACCAAGTTCCTGCTCATCGGTCTGCCCGGCCCAGAGATCGGCGGAAGGTTGCTTCTCTATGATCTCCCGAGGAACGCCCATCTCTTCGGAAAGCTGCCAGACCTGGGTTTTGTAGATATCACCAATGGGATTGAGGGCACTTGCCATGTCTCCGTACAGTGTGCCGTAGCCGAGAAGGAGTTCCGTCTTATTGCTTGTACCGAGAACCAATGCTGACAGGGCTGCCGAATGGTCATAAAGAATTGTCATCCGCTCCCGGGCCATCTTGTTGCCGCGACGCATGCCGTCGGCCTCAGGGAATAGAGAGAAGTAGGCATCAATCATCGGCGTGATCTCTATGACTTGAAAGTGAATTCCGAGGTCTTGCGCGGCAAGTCTTGCGTGGGCTTCACTTTCCGGATTGCTGGTTTTGTACGGCATCACACAGGCATGAACATTTTCAGGCCCCAGAGCCTCCGCCGCAAGGTACGCAACAAGGGCGGAGTCTATCCCTCCGGACAGCCCCAGCACAACCTTGTGCACCCCAACCTTAGTAACTTCCTCCCGAATGAATCCGACAAGAATCCGGCGCAGAAGCTTTACGTTAACGCTCCCCATCAGCAATCCCTTTCTTTTTCAATGCGCTGCAGTTCTTTCATGGTGATGGGGAAGCTCTCGTCGCGCATCATCGGGGAGAATATCCGTTCACGACGCAACTCTCCCCCGTCGACAGGGGCAAATATCAAATCTTCGTCAAACAAACGTGCCCGCTTGGTAACCGTGCCTGATGGCGCCACAACCTCCGATCCGCCCCAAAAGTTGACGCCGTCTTCAAAGCCAACGCGATTACAGTAGAATACGCGAGAATTGAGGAACATTGCCGTCGTGGACGTGAGCTTCTGCCAGGCGACGGTTGACCCCAGGCTCTCATCACCGCTGATGCCGCGCCCCGGGCTGCTGGAAAGACACAAAATGGTCGTTGCGCCATCCATGGCAAGAATGTAGGGGGCGGAAAGATGCCACATATCTTCGCAGATGAGCATCCCTATCCGCCCGAAGCGGGTGTCAAACGCGCGGAAACGCTCACCCCGGGCGAGATAGCGCTGCTCGTCAAAGAGCCCATAGGTGGGAAGATATACTTTTCGATGAATATGCCTGATTTCTCCACCATCGAGGTAAATGGCCGAGTTGAAGAAGCGATAGTCGTCGGAAACCTCGACAAATCCAACGGCAATGGCGATATGCCGGGAGAGTTCTTTAAGGCGCAGAATCTCGGGGGCATTCAGAGTCAAAGCAACATCCGGCACCAGATCCCTGAGGAAATAGCCGGTTATCGCAAGTTCAGGGAAGACAATCATGTCTGCATGCTCGGCGATAGCGCGATCAATTGCGGACTCAACTATGATGAGGTTCTCGGCAAGGCAGCCGAGTTTTGGTTTTATCTGTGCCAGAGCAACGGTAAAATCCACGATTCGAGCCCCCAATTTTTCGGTCAAAAGTAACACAGCAGCATAGCGTTTTCAACGGCATATCCCAGCTAATAGGCTAGCTCGAACGCATTTGGAATATGCTCTATTCTCGGTTCCTGACCAGAGAACGTAATGGCGATCACATCGAAACGAGCACCTGAATCCTGCTCCTTCTTCTTCGCAAGCCACGTCAGAGCGGCCTTTGATATCTGCCGCTGCTTGAATGGTGTAACGGCAAGCTGAGGGGGCCCATAGGAACCTGTATTCCTCGTTTTAACCTCGACGAAAACCAGATCTTTCCCATCGCGGGCGACAATGTCGATCTCCCCCCCCTTGCAGCGGAAATTCCGCTCGAGAATCCGGTAGCGCTGCCGCTCCAGGTACGCGACAGCCAG
CP071382.1_gap14	496921	498601	1680	AAAAGTCCTGGCGGACCGGGCAATGTCGTGGATGTCGAGATTCGTTACCGCGGTAGAGACAACCTGCCGGTTCTTGTCGTAAACCGGGTAATGAATGAGCGCGACGCTAACGTTTGAGTTGACCGGAAGCGCCTCTCTCACCGGCAGGCATCCTCTTTAAGTTCAGCTATATACCGTTGGTCGTCGCGGTCCAAAACGGCTTTTTCAAGAAGATCAGGCCTCGTCTGGAGAGTTTCCTCTAAGGCCTTGTGGCGACGCCAGCGTGCAACGTCGGCATGATTGCCCGACAAAAGCACGGGAGGAACCGCTACCCCTTGAAATTCGGCAGGCCGAGTATATTGAGGATACTCCAAAAGGCCATCTGAGAACGTGTCGGACTCGGCGGACCCGGGCGACCCGAGGACACCGGGAATAAAGCGGGCAGCGGCATCAATCATGACCATGGCAGCCAACTCACCGCCAGTGAGGACGAAATCGCCGATGGAGAACTCGTCATCCACGAAAAGTTCCCGCACCCGCTCATCAACCCCTTCGTAACGGCCGCAGATGACAACTATTTCCTGTTCCTGTGCCAGTTCACGTGCCGCAGCATCATCGAAAAGACGGCCGCGCGGACTGGTTAAAATCACCCGCGCTTCAGGGCGGTCGACCTTGACTGCCTCCAGACAGGCGGCAATCGGCTCGACCTTCATGACCATGCCATCTCCACCGCCATAAGGTGCGTCGTCCACAACCTTATGCCGGTCAGTGGCAAAGTCTCGAATCTGGTGGAGCCGGATATCAAGGAGACCTTTCTCCACGGCGCGCCGGATAATGCTCTCGGTAAGCGGCCCCTCGAACATAGCCGGGAAAAGGGTCAGAATATCTAATTTCATAGATCAAGCAACCCCTCTGGGGGGCTTACGGTCATGGTTCCCTGGGTCAAATCCACGTTGACAACTATATCCTCAAGGGCAGGGATCAGGTATTCCTTCTCCCCACCTCTGACGACATAAACGTCGTTGCTTCCAGTGGCCATGATCTCCGCTATGCGGCCAAGGGACTCACCATCAGTGGTAGTCACCGAAAGCCCCATAAGGTCACACCAGTAGAACTCTCCTTCGTCAAGGGGAGGAAACTGATCCCTTTGCACCAGGAGCTCGCGCCCCACCAGATGGAGGACTTCGTTAATATTCGTAAAGCCCTTCAGCGTAAGAAGAACCCGGTTTCGGTGCACCGTCGCACGTTCAACCGCAAACGTCTCCGTGCGGTTTTCCGGTCCCTTAAGCGCGATTTCCTTTAAGGAAAGTATCGTATCAAATTCACCGGAAAAGGGGACGATCGTCAACTGCCCCCTTATGCCGTGTGTTGCGACTACTTTGCCGAGCAACACGAAATCGGTGCTACTTATCATTATTCCACAATCTTCAGAACAGCTTTCTTGTTATCCTTGGTGGACACTGCGTTAAGCAAGGTCCGGATTGCCTTTGCCGTCCGCCCTTCTTTGCCGATGATTCGTCCCATGTCCTCTTTGGCCACGGTCAGCTTGATGACTGTCGTATCCTCTTCCATTTCCTCGGTGGTTCTCACCTGAGTGGGGTCGTCCACAAGCGCCTTTGCGATGGTTTCTACAAGTTCTTTCATGTCGGTAACCTCTGCAATGGGAATGACCGGCGGACCGGGAACGAAGCAGCGTTACAG
CP071382.1_gap15	508039	512003	3964	CGGGACGTCTTCCTCCCGCGCAAAGGTAAGGTAGACCACCTCGTGGTGTTGGGCCAATCGCTTGACGAGGTTGAACACGGCAGTGGCGCCGCCGCTGGCGCCAGGGTTGGCCGGAAAGGGGGTGGCGAGGAGAATCTTCACGTTAGCGTCTCCGGTTCGGGCCAGCTTTCAAGTCTGTGACAGGCCGAGTTACCACGTGATGATGCGCCATAGAGCGAAGTACAATTTGTGTTTTCCCAGGAAAATATCAAATCGTTCATACAAGTACAAGTCGGCGCGGAAGCGAAGTGAGAGATAGCCTTTCAGTCGTCCCTCGCTTCCGTGGATTTCGTCGAGCGCCTCTTTTTTTCGTTTCCCTGAACGGTCCTCCATGCCTGTGCGAATTGCCTTGATAAGCTCAGAGTTCAGCCAGAGCTTGATCTTGCCCTTTATCCACTGCTCTACGTCTCTCTCTGAAAAACCATTATCGCGGGCAACCCGGCAGCAATAATCCCGGAAATCAAGCAGTGCCTGAAAATGCTTCAGGAGACCGCCGGCCAGAGACACGCTTTCCGAGCCTTCGTGGAGCCTGACGAAGGCCTCGGCTTTCTTGTTGCAGCCCACCAGCTTCCCCATCACCCCCAAGTGGAAGATGAATGCATCGTCCGTTGCCATGCCGGTTGTAAAGGCCGGATAGCCGCCAATGGCCTCGAACGATTTGCGCGGAAAAAAGACCCCTGTCAGGTAAGTTTCCCGCCTGTTTTGCGATCGCGCCTTCAGATAGGACAGGGCACTCTCCGTCTCGGGCCCCGCAATGCCCTTGCGCACCGGCCTGCCGTCGGCGTCAATGAAGGTCAGGGGAACATAGGCCACTCCGACATCCTGGCGGCTCGCCACAAACTCGCTCATATCCGCCACATATTCGCTCTCCAGCAAATCGTCATCACAGAGAATCGTGCACCAGGACACTGCCTCGGACATGAGGCTGATCCCCTTGTTTATGCTCCCCACAAGCCCCAGGTTCCGGTCGTTCACCAGGTAACGCACGCGCGGGTCGTCGATCCCCGCCATATAGCCTGGGGTGCCATCCGTGGAGCCGTTATCGATAACGACCACCTCCACGTCCCGGCAAGTCTGATTAAGGGCCGACGCCAGGGATTTTTCGAGAAAGGGGAGCCTGTTGTATGTGGGAATCAGTATGCCGACTACCCCCACTGAAACGGAGTTCATCCTCATCCCGATGCCTCCGCGCCTCTCATGCGTTCCTTGAATACACGCCGATAGACGATGTAGATCATGGCCAAATAGAGCGCGCCGTAAACGGTTGTCAGCAAATACCCGTTGTCGGTAATACCAGCCAACAACAGAACCGGCGCCAACGGTATCAGGGACGCGAGGAAGAACCAGCCGAAATCCGCCGCGATGGGGTAATCGGTCGCCCGGCGGAAATAGCCGTAGCTGACCACTGTCACCATCACCTTGGCCGCCAGGGTGGCAATTGCAGCCCCGACGGCGCCGAAAAACGGGATGAGCGTGAAATTCAGGATCGTGTTCATGACGTTGCCCCAGAAAACCGACGACCCGAACTCCCGCTGCATGTTCCAGGCGCAAAATGGTTGCGCGATGATCCCGCTGGTAAAGCCGAACGTTATCACGAAGCCCAGAATCAGAAGGCTGTCCGCACTTGCAGCAAAGGGGGGCCCATAGACCTCATGCACTATGAACGAAGAGAAATAGAACAGATAGAACCCGAGCGGTATTGAAAAAATCGACATGATAAACACATATTTCGTCATCACCCTGCCAATATCCCCGTTTTTGAAACTCTGTGCGAGTTCCCGGAAAAACGTGGGGGTGACAACGCCGTTGATCGAATAAAACGGGTTAATGAGCTTGTAAGCCGCCTCATATATTCCGACAGTCTGCGGATTGGTGAAATAATAGAGGATCAGGCGGTCGGAAGTTGTATAAACATAGCCGGAAAGGTCAGCCTTCAAAAAGTGCCCCCCTTCCCGGTAGAACCGGCCCAACCGCTTCAGGTAATTGCCATCGAACAATTGCCGGTCCAGCGAATTGAGGCGGAAATACGCAAGGAGCACGACTGAAAGCACGAAGTTGACCCCGGAATTAAACAGGGTCAAGTACGGCAGATGGCGCCAATCATCGGGCTGGCGGATGAAAATGACAATGGCTGCCGCATAGAGGATGCTCTGGGCAATGCGTATTACCGAAGAAGCGTTGATCCGCCCCAAAGCAACAAAGACCCACGCCGGAGTGCACGACTCCAGGACAACCATCAAAACTGTCGCATTGAGAAAATACTTCAGTTTTTCGTTTAACGGCGCAAAGGCGACGACGGCGACCGTCGCCAGGACCAACGCAATGGAGGAGACAAATTTGGGCGGGGTAATAATCGTCAGGAGAGTCGGCAGGGGTTCATCGTCGCGGGCCAGGAGTTGTGATGCGTATGCGGTAAGCCCCCCGTCAGCCAGCCTTCCCAAAAGGATTATGACGGCGCTGGTGGTGGCGCTGAAGCCAATATACTCCGGGCCGACAACCCGGCTGATGTATATCATGCCGAGGGCGGTAACGAGAAGCCCCAGCATCTCCGCCACTGCGCGGAATGTCAGTTTTTTCCCTCCCGAAAAAAGGGCTCCCATCAGATGCCATCTTTCATCAAAACGGAAACATCGTGCAACTTATGGTAGTTTTCTCTCAACCAATCCTCATCTTTCTCCCACCACTTAAAGGACATGAGGAATTCGGCCTCTTCACGGGAAAACCGCTCGCGAATCTGGCGTGCTGGGACTCCACCCCAGATCGTATAGGGGGGCACGTCTTTAACCACAACCGCGCCGGCGCCGATAATCGCACCATCGCCGATCGTCACTCCGTCGACTATGGCAGCGCGGAGGCCTATCCACACATCGTTGCCGACCGTGGTCGGCGAAAATTCAGCAAGGTAATCGCGGTCAGCAATCGTCCAGCCCATATCCGGTCGATGCAAATAAAGCAAAGGATGTGTGGAAACGAATTTCCGGGATGGATGGGTCCCGAGTCCGATGTAGACCTGGGGGGCAATGGAGCAATAGCGGCCAATCGTGGCGTTGCTCATGACACAGCCGGGGCCGATGTAGGTATAGTCCCCCACATGGCAGGAAAGCAATGTCACATCAGATGAGATATTCACGGTCTTCCCGAGATCCGAATCAGCGACATAACAACGCTTGCCGATCAAAAGCCCCGGATATTTCATCCTGAGCCGCCTGCGATTAAGCACGTCCCTTACACTTCCCGGCATCAGTCTACGGAAAATACCCATACCCCCCCCCCCCATCACTGGGCAAGCATGCCCCATGCGTGAGATCTCAGAAGAGACTTCTCGCCTTCGCCGGACATCTCATAGTGCCGGGTTCTATTATCGGCCACAAGAAGGTTTTCCTGTTTGCCGAACCGAAACGTCAGGCTCTGTGGCCACTGCTCGGCAGTGAACCCCGCTCCATCCCGCCCCACGACCAACAAGGATAATCCCTTTGACAAAATCCGGCCGCTCAGCCCATCCCTACCGCTCTCGAAGCGATGCGCTGCCATCTTGTCCCTGATCTTCAGGTTGCCAACCGCCTCGATGAACAGATCCCGCCGGATACAGAAAGCGTTCGTCCGCAGATGCGGATTCGGGAACGGAGGGAAAGCGTCCCTGAGCCTCCTGAGTTCCATCCCCCTGAGCACCCGTTTGTGGGGCAACATTGTCTGACGTTCCCGGCAGGAGCTCTCATAGGTGGAAAGCAGGCTTTCCCATGATCCGGTAGCGCCGGCAATCCCCACCCCAGGACCCGCGGCATGCCGATGCAATTTTTCCAGCCAGTCCTCCGCAAGGATTTCACTGAACGAATTGAAAAAACATACATATTGCTGTCGCAACTGCAAGGCGGCTGCCCGATAGGGCTCAATGTCAAAGCCCCGGTCGGCCACGGCAATGGTGCGA
CP071382.1_gap16	513515	516841	3326	GCGTTCGTCGTTTATCTGCTGCAGATCAACGATCCAGACACCTTGTAGCGCGGTCTCGGTAAATATCACTCAATTACCCTCACCGCCGGTATCGGCACGATGAACTTCCCACCCCTCCGCCGGTACTCGGCCTGCTGTTCCAGTATCTCTTCAGCAAAGTTCCAGGCAAGGAGGAGCACGTAATCGGGCATGTCCTGAGCAAGCCTGTCGGGGTGATAGACCGGCAGGTGCGTGCCGGGGGTATAGAGGTTCTGCTTATGGGGGCTTTTATCCACGGTGTATTCCACCAAGTCGGTGGAAATGCCGCAGTAGTTGAGCAGGGTGTTCCCTTTTGCCGGGGCACCGTAAGCCGCGACACGCTTGCCGGACTCCTTCAGGCCGTGCAGGAGCTTGAGCAGGTCATCTTTGAGGGCTGCGGTGCGTTGGGCAAAGGCCACATACGTTTCTTTCCTGTCCAGCCCCCGGGCAATTTCCTCCTCGATCAGCCGTGAAACATTGGGGCTGATATCGTGTGCCCCCTTACGCCCAATGAAATAGATGATCGATCCCCCGTGTATCGCAACCCGCTCCGCGTCGAACAGCTCCATGCCGTACTGCTCGAACAGATTGGACATGGCGCGGACCGAAAGATACGAGTAGTGCTCATGATAGACGGTGTCGAATTCGTTCTTTTCCACAAAGTCGATGAGATAAGGGGCTTCGATGGCCACCACGCCGCCGGGGGCAAGCAGGGTGCTGAGCCCTTCGACAAAGCCGTGAATCTCCGGGACGTGGGCAAAGACATGGCGGCCAAGAATGACATCCGCCGACCCGTGAGACTCCTTGAGTATCCTTGCAGTCTCAGCATGGAAAAAATCGTTGTGGGTCCGGATCCCGGCCTCTACCGCCACTTTGGCAATGTTTCCGGCCGGTTCCACCCCAAGTACATTGACCCCTTCCTGCTTGAAATATTTGAGGACCGTACCGTCATTGCTGGCAATCTCCACAACGAGCGAGTCCTCGGTGAGCGCGAAGCGCTTTTGGAAACTCTGCGCCAGATAGGCTGCATGGCGGTGCACCAGGTCCGAAGTCGATGAAAAATAGATATATTCCTTGAAGAGGGCATCGGGGGGAACGGCATAGCCGATCTGCACCAGACCACACGCTTCGCAGAAATAGACATCGAGAGGATACGCGGGCTCCTTCACCGAAGCCAGTTCATCGGCGGTGAGAAAACTGTTGGCCAGCGCCATGGTTCCCAATTCAAGAAACTTGAAAATATCTTTCTGCCTGCAAAATCTGCAATCCATATAAACCTCACAATATAATCAGCCCCCGCCGAGCGATCGGCACTCCTGCCGGGCTTTATTCGTATGCTTCGATCTGTGCGAGGCAGGCTCTTCTGAGGTCGCCACCGTCGCGATACGTCTTGGTCCATGAAACAATGCTCTCAAGGGCAGAATCGAGACTCCACCGGGGTCTCCAGCCCAGCTCCGCGCCGGCCTTGGAACAGTCGAGTTTCAGGTAATGGGCCTCATGGGGGTGGTCCCCCTTGTCGATCCCATAGGAAGCATCATCCCCCCAAAGTGTGCAAATACGCCTGACCAGCCACTCAACCGGACGGGCATCCTTCTCTTCAGGACCGAAGTTCCACCCTTCGCCGTACCTGGCCCCCTCCTCGTACAACCGCTGCGCCAGCAACAGGTACCCGGAAAGGGGTTCCAGCACATGCTGCCACGGGCGGATGGCGTGGGGGTTGCGAATCCTGACCGGTTCTCCCGCAAGGATTGCGCGGATGACGTCGGGAATCAGCCGGTCAGTGGCCCAATCGCCGCCGCCGATGACGTTGCCGGCCCGGGCAGAAGCAAGCGCGACCCCATGTTTGCCATAATCCCCGGGATTGAAATAGGATGAGCGATAGGCTGCCGTCACCAGCTCAGAGCATGCCTTGCTGTTTGAATAGGGATCATAGCCGCCAAACGGCTCGTTCTCGCGATATCCCCATACCCATTCACGGTTTTCGTAGACCTTGTCGGTAGTGACGTTGACCACCGCCCTCACGCTCGGGCAGCAGCGAACAGCTTCCAGCAGGTGAACCGTCCCCATGACGTTGACGGCATAGGTATCCACCGGAATCTTGTAAGAATCCCGCACCAGCGGCTGCGCCGCCATGTGGATGACGATCTCCGGGGCGGCCTTCGCCATTTCCGTCTTGAGCCGGTCAAGGTCCCTCACGTCGGCCACGGACGAATCGACCAACTCCCCAACTCGCGCCAATTCGAAGAGGCTCGGTTCGGTGGGGGGGGCCAAGGCATAGCCGGAAATCTCCGCCCCGAGAGTATGGAGCCACAGGCAGAGCCAACTCCCCTTGAAGCCGGTATGACCCGTCACGAAAACCCGCTTGCCTTGCCAGAAAGAATTCTCCGTCACTCTTCACCTCTCATGATACTTCACCACACCTTCCACGGTGCCTGTCCGCCATTCCAGAGAGCCTCCAGGTGCTGCTTATCCCGCAGGGTGTCCATCGGCTGCCAGAACCCGCCATGCCTGTAAGCCATCAACTGACCGTCACTGGCAAGCCCTTCCAGCGGTTCTTTCTCGAAGACCGTCCCGTCACCGGCAATGCGATCGATGACCGCCGGTTCCAGGACGAAAAAACCGCCGTTGATCCAGGAACCATCGCCAGCAGGTTTTTCCTGGAAGGAATATATCGTGCCGTCCTCTCCCATGTTCAGTGCCCCGAAGCGGCCTGACGGCTGAGTCGAGGTCACCGTTGCCGGCTTGCCATGGCTCCGGTGATATCGAACCAGATCGCCGATGTCGACATTGGCCACGCCATCGCCATAGGTAAGCATGAAGGTCTCATTTTCCAGGTATGGCACAACCCGCTTGAGACGTCCGCCAGTCATGGAGTCCATGCCGGTATCCACCAGGGTCACCTTCCACGGTTCCGCATGCTGCTGGTGCACTTCCATGGAATTGTTCCGCATGTCGAAGGTGACATCGCTCATATGCAGGAAGTAGTTGGAAAAATACTCCTTGATCATGTACCCCTTGAAACCGAGGCAGATGACAAAATCGTTGAAGCCATAATGGGAATAGATCTTCATGATGTGCCAGAGAATCGGCCTGCCGCCGATCTCCACCATCGGTTTCGGCCGCACCACTGTTTCTTCGCTGAGGCGTGTCCCTAATCCGCCGGCAAGAATAACAACTTTCATTCAACCTCCCTGGTACAACGGCTTATCAATTTTGTACCCCTTCACCGGCAACGCGGATGCTGCGCTTCTGCACGCCGGCCCGTTCCAACAGCCCCCGAAGGTGCTCCTTCCGCTTAAGCGAAGAAA
CP071382.1_gap17	521645	523479	1834	CCCTCCCATGGCAAGGAATATTTCCTTGCGCACTGCCATATTGCAGAGAATCAGCTCCCGCTCACTCGTGGGGCGCGCCACACCGGTCTTGCGGTAACGGTTTCGCGCCCCTCCCCCTCCCAGGAGGGAGGACAAGGCAATCCCGGCTGAACGTTGGAAAATAGTATCGGTTTCCGGGGTGAGGGATGGCCCCCCAACGACTGACACCGCCGGCTCCGAAAAATGCCGGGCAGCGCGGCGCAGGAAACCGGGTTCCGTCAGCGAGTCATCATCCAGGAAGTAAAGCACCTCGCCTTTGGCCTCTGCTGCGGCCAGGTTGCGCTGGCGGCTCGGCCTCCGCCCTTCGGCCACCAGGACTTCGAAGCGCTCAGGGGGGTAGTCCACACTCTTCCGGAGCCGATCGAGCGCACGCACCTCACCTGCGGGTTTTACGGGAATGATGATAGTAAAGGTAAGAGAATCGTCCATGATGATAAAAGAAAAAACCGGGATTAACCCGGTCTCCACATACGCTAGGCAGGAATAGGCGACTCGGTCAGAACAGCTTCTTCACGTTGGCTGCAATTCTCTTCTCGATCTGCTTGTCATCATCATTGCGACGCCCGTAGGAATATTCCAGATTTGCCTGGAACTTGCGGAAATTGACTCCGATCACGCCGGTGTAAAGCTGTTCGGTGATCCCTGCGGGGTCCAGAAGCGAGAAACGGGCATCCCCCCCAATATACAGACTGCGCAGGGGGAAATAACGGGTTCCAAGGGTTAAGCGACGCGCAGTGTTGACCACGCCGCTGCTGTTTTTGGTGCGATTATAGGTGAACTCCTCATAAAGTTCCATCAGTTTCCTGCCGGCTCCGGCCCGCTGATAGAAGGAATAGCCCAGGCGCTCCTTAAGGTCGATGAACTCGCTTGTCGTGTGCTTATCCACATCCCCAACGCTATAGGTATAAGTAAGCAGGCCATCCAGATAGCGATTAGGCCGGTAATCGACCGTGCCATAGCTCTCGACGTAGTCAAGGGACTCTCCGTCCAACATCCTTATGTTATAACTGTTCCGCACCCGTGCCTGGAATGCGGACACGCTGTAGTCAATAGTATTGCGGAGCGTGGTGAGGTAGTCGGTATCTCCACCGGACTGTGCAAGGATATCCTCGCTCACGGAGAAACCGATGGACATGCGGGGCAATGGAGCCCAAGAGGTATTCACCGTCGTGACGGAGCGGATATATTCATTAATGTCATTGTTGCGGCGCTGGAACGACGAAACCGATCCTGAAACAAGGGCATCCCCCCCGTTGAAGCCGCTGTTTACGGTAATGGCGGAGTTGCTGAAGTTCCCGGGGTTTTTGCCGCTGGCGGCAGACAGGTCCTCGGTCACATCGATCCTGAACGTTGGAGATGCTGTATAGGCAACGCGTCCATTCAGGTTCTGGTTCAAATACCCCCCGCCGGAATCATTGAGGGAATCAAAATACTTGACCGTATAACTTCCTGCCACGCTGTAGTCACGGGAGAACCGTGCAGTGCTCGCGGTTTCCACCCCCCCCTCAAGAGACATGAGCTTCGAACCATAGGTGTTGTTCGTTTCTCCCTTGGCGATAACCGCAAGGGTAAACGGCGAACGCCTCAGCATGTCGGCACGGAGGGAAGCGCTGTAGTTGGAATTGTTCACCACATTGCCGTCAGGCTCTCTTATCCTCTGTTCGTTGGAATAGAGATTTCCCATCCACTCAATACCGGAGCCAATGACCCCCCTGCCATAAACGGGTATGGTCCGCTCAAGGGTAATCCCCCCCCTGTCCAGCAGGCGCGAAAAACTGGAAAAGGTGCGCGCATC
CP071382.1_gap18	540859	543212	2353	AGGGGCTCGCCGCAGGCACCATCATCATATGCCACAACATCAAGCATGGCAACGGCCGTCCCCTGGCCGTGGGGAAAGGGCTCCGCACCAAGGTGAACGCCAACATCGGCACATCCGCCGACGACACCGACATCTCCAAGGAACTGGAGAAGGCCCGGGTGGCGGTACACCACGGCGCCGACGCAATCATGGACCTATCCACCGGCGGCCCCGTGGATGAGATCCGCCGCGCCATCATCGCCGAGACCAGCGCCTGCATCGGCAGCGTTCCCCTCTACCAGGCGGCCCTGGACGCGGTGCGCACCAAGAAGAAGGCCATCGTCGACATGACCGTGGACGACATCTTCGAGGGGATTATCAAACATGCCGAGGACGGGGTCGACTTCATCACCGTCCACTGCGGCGTGACCCGTTCCACCGTTGAGCGGATGAAAAACGAAGGGCGGCTCATGGATGTCGTCTCCCGCGGCGGCGCCTTCACCGTGGAGTGGATGGCCTACAACAACTGCGAAAACCCCCTCTTCGAGCACTTTGACCGGCTCCTGGAAATCACCAAGGCCTACGACATGACCCTGTCGCTTGGAGACGGGTTCCGCCCCGGCTGCCTGGCAGACGCCACAGACCGGGCACAGATACACGAATTGATTCTCCTGGGCGAGCTTACCCAGCGGGCCCAGGCCGCCGGGGTGCAGGTAATGATCGAAGGGCCCGGCCATGTGCCCATCAACCAGATCGAGGCCAACATCCTCCTCCAGAAGCGGCTCTGCCACGGGGCGCCGTTCTACGTCCTCGGCCCCCTGGTCACCGACATCGCTCCGGGCTACGACCACATCACCTGCGCCATCGGCGGAGCCATCGCCGCCTCGGCCGGCGCCGACTTCCTCTGCTACGTCACCCCCAGTGAGCACCTGCGCTTGCCGACCGTCGAAGACGTCCGGGAAGGGGTCATCGCCTCCCGCATCGCAGCCCACGCCGCCGACATCGCAAAAGGGGTCAAGGGGTCCATGGAGAAGGACATCGCCATGGCCAAGTGCCGCAAGAAGCTCGACTGGGAGGGGCAGTACAACCTCTCGCTAGACCCGGAGAAAGCACGCAGGTTCCGGGAGGAATCGGGTGTGTCCGACCACGGCGCCTGCACCATGTGCGGTGAGTTCTGCGCCTACAAAGTCATGGACGACGCCATGGAAAAGCAGCGGGGCGCCGGCAGATAACCGGCCGATTAGCCGTTGACTTGACAGGCAAAGTACGGTATTTATCTTCTCCTCATTCGCCACCTTAGCTCAGATGGTAGAGCAACTGATTCGTAATCAGTAGGTCGCCGGTTCGATTCCGGCAGGTGGCTCCAGAAAAGACAAGGGTTCACAGTTTTCACTGTGGACCTTCTTTTTTTGTAGGTACCATATAGGTACCACTAGAACAAAAAACCGGCCTCCCTCGATAGGGTGAGCCGGTCTTTTTTTGCCCTCGTTGCAGTCCCTCTTAGGAGTGGTAGGATTAGCAGAAGTTTATTTAGCGACTGATGGGGGGATAACATGAAATGGCTTTTTTTGCTGTCGTCCTTAATCTTTCCGCTCATTGTACATGCGGCTCCTGGCTCATATTCGGGTAATTTTGAGGAAGGAGATTCTGGGGTAGGACACATTTCTTGGGCCGTCATCCTGATAGCGGTTCTTTTTTTGATCGCAATGAATCTGATGCCTTATTTGTTGAAATCGCTTCCATTGAAATTTTTTCGACAAATGGATGAAGCTGGAGCTGGAATTTTTTGGATGGTTTTTGTTTTTCTGGCAATTGTGATTTTGGGTTGGCTTAAGTTTTAGGATGAAATAGCGGAGGGCTTTATCGGCCCGACAGTGTGCCATGAGAGGAACAAACACATGGACAACCTCTCCAAGATTCAGTCGCGCCTGGAACAGTTCTTAGCTTTCCGCAAGACGCCGGAATGGGAGAAGCTACCGCCCAAGGTCAAGCTTCGGGTCAACGAGTGGCTTCTGAAAACAGCCCGGTACCAGAAGAAGACCGGCAATATATCGAAAGCGTACCCTGAATAGTGAAAAGCCCCCTTGAGAGACGAATGAATCTCCCTTGGGGGCTTTCTTACAGGTCAGCAAGATTTTCCCGAAGCATCTTGAAGAATTCCCGAAATCGGCGCTGCTCTTCCATTGCCTCAATGGAGTATCGCCCGTCAACCCACTGTCCGTGACGTTCGCCCCTTGGTGCGCCAGGGGATTTACCGCCATGGAGCCGGCAACGCTTCTTTCCGTGGATTGCTGGGGCCTGACATGGTGTCCCGCACCTTGTTTTCGCTCCGCATCGTGGGGAATCGTGGGCGCTTTGCATCGGGTTATCCTTG
CP071382.1_gap19	577087	580030	2943	GAGTATGTCTCCGCCGCCTGCGATTTCCTGGAGCTCCTGCCGCCGCGAATCGCCATCCAAAGGCTCTACGGCTCGGCCCCCATCGCCATACGGATAGCCCCCCACTGGGATCTCAAGAACAACCAGATGTGGTATTCAATCGTGAACGAACTGAAACGCCGCGGCACCTGGCAGGGATTCCGGCTTGCCGGCACCCCGTGCAGGGTCGGAAATCTCTGAATGGAGTGACGCCATGACGACAGCCAGAATCGCCAGCTTGGGGCAGGAGTACCCCATCGGAAAAATCCTCTGCATCGGCCGGAACTACGCGGAGCACATCAAGGAACTGGGAAACGAGACTCCCGAAGCGCCGGTAATCTTCATGAAACCAGCCACGTCGGTGATCGGCGACGGCGGTGCCATTGTTATCCCATCCTACTCGAAGGACTGCCACCACGAAGCGGAGTTGGCGGCACTCATCGGAACCAAGGGGAAGAATATCCCGGCAGAGCGCGCCCTGGAGCACGTGGCAGGCTACGGCGTCGCCATCGACCTGACACTCCGCGACGTGCAGGCGGAGCTTAAGAAGAAAGGGCTCCCCTGGGACATTGCCAAGGGATTCGACACTGCCTGCCCCCTCTCGTCGTTCACCCCCGCGGCCCAGGTTAGCGACCCCCAGGATCTGAGGATACATCTCACCGTCAACGGGCAGACCCGCCAGGACGGCTCCACTTCTCTCATGATTCACACCGTCCGCGACATTATCTGTTACATGTCGGGGATTTTCACCCTGGAACCGGGCGACGTAATTCTCACCGGCACACCGGCCGGCGTCAGCGCCATTGTTCCGGGAGACGAACTTGTCGCCGAGATACCTGGTGTTGCCCGCCTCCGGGCTAGCGTCAAATAATTCGAATAGGTATATTTATTGCTCTAATCAGTAAAAGACCATACAGGAGGTGGTACATGGAGAATGAGAAAACGTGTCCCGACTGCCAGGGGAAAATGATCCTCCTTCCCGGCTGAGGGGGCCTCTTCTGGCGGTGCCAGAAGTGTGGAAAGAAAATGCCGTTGTCGGACAATCAGCCGACGGGTTGCTGCGGATGAGCGAAAGGGGATGGGATTCCATCCCCTTTCAGCATTTTCGCGGATTCATTTTCGTTTTGTGACGGTTGTCGTCAGTCCCGCTCGATGCTAGAATTAAATCCGCCTACAACCCATGAACCGGGAGAAATCAATGCCGGCAGCCGCCTTCGATGTAATCAAGGGAAGTATCCAGACACTTCTTGGAGGAGCAGAGCTAAGCCTGGTACCCGGCGAAGCGCCCATAGAGGAAGGCGAACCGCTCCTGCGCGAAACAATCACCATCGACGACCTCCCCTATAGCTTCACGGCACGGCGCTACGCCATCCCCTTTACCCGGACGGAGGAAGTCTTCTGCCGCGAGCTGCTGGCCGCCTTTGCCGCCATGTTCACCGGCTTCAAGCAGGAGGGATACGCAGCCCATTTTCGCACGGCGCTTCTCGCTTCGATTATGGATATCGCCGTGGCCCGTTTCCTGCGGGGCGACCATCGCAAAGCCTTCTGGTCGATCCAGCAACTGATCCAGCTCCTGAAGAATCTTTCCTACCAGCGGTACGAAGGAAAGCCTGCCACCACGGGATTTCTCATCCACCGGACAAAACTCCCCGACCTTCGCCGGAGAATACGGTACCAGAAATACGACTGGACCGAACTCAAGCCTCCGCAAGCCATAAATGACGATTTTTTTGCGAATCCCCTCACCTACCGGTTCATCGACGGCCTGAGCTCTCTTTTTGTGGCCAATATCCAGATGCAGGTGGGCGGAATTATCCGGACCAGCGCCACGGCCGAGCGGGAAGAGGTGGACCGCCAGACCCACCAGGGGGCCTTCTCTCTGCTGCGCAGCGCCGGCGCAGGGGCCTTCGCCATAAAGGTAAACGAGTCATCGGAAATCGAAGTCATCATCGGGCCCGACAAGCTTCTGGTGAGGAGGCGTGGGCAGTGGAGAATCTTCGATCCGGACATCATCCGCTCGTTTCTGGCGGAAAGCCTCGGGAAAGAGGAGATCGACCACTTGCTGTGGACGGTCTACACCCTGTCCAAAACCCGTCACGGCACCGTCGTCCTGATCCATGAACGGAGCCCGCGACAACTGGCAACCCTCAGACGTGGCTCAGTGGGGGGAGGCGACCCCCTTAGCGCCATCCTGTTCGGAAAAGTCAAGGGGAAGAGTATCAGCACGCTCAAACAGTCGGGAGAACTGCTCCGGCTCCTTTCTTCGGACGGCATGACCGTCTTCAGCAAAAAAGGAAAGCTCATGGAGACCGGCTTCATAATCGACACCTCCCATACGCGGGAGGTTGTGGTGGGCGGAGGCCGCACAACGGCCGCCAGCGCAGCGTCCTACTTCGGGCGGGTCATCAAGGTGTCCGAAGACGGCCCGATCGAACTCTACCACGGGGGTAAAAGAGTCTATCGCTTCGGGTAAGAAAAGACCTCTAAGGGTACACCCTTTGCAGTCATACCCCAAATGTCCGCTTGACACAGGGGACAGCATCAATCCCTCCGGTGTTCCCCGCCGTCTTAAAGGAGAGCAATAATGGCAAAAAACCTGCGCATCGGCTCAAGGCTGATCCGCTTCTCGCTCATTGCGGGCATTGTAATTGCCCTTATCGGCAGCATCTGTGCGTACTATTCCAGCGGTTATCTGACAGATGCGCCCCCCGCGGCCCAGAACATCGCCCGGCTCACCCTTGTGATTTCCCTCGTCAATGCCGTGCTGTTCCTGTTCGTTTTATGGATGTTCGCTGCCAGAAAAGTGGTAAAGCGTGTCAACAAATTGGCCTACGCCATGGACCGTGGCGCCGAAGGTGACATGACCGTCACAGTGGAGAGTGACGCAGATGACGAACTGGGGCTCCTCTCCGTCAACTTCAACAC
CP071382.1_gap20	581148	584257	3109	CCCAGGAGCAGCGCAACGCCGGCACCCTCATCGTCACGTCCAGTGCGGGAATATCGCAGATGGTCGTAACGATCCGCCAGGCCTGCCAGATCCAGACCGCAAGCACGGAGAAGATTGTCCTGGCAGTGGATAATCTGAACACCACGTCCGAGGGGGGGATGGAAACTACCCGCATCATGGATGGGACCGTCTCGGGCCTCACGCGCCAGATCGATGAACTGAGCGAGGCCATGAGCGGTTTCCAGGTATAGGGTTTGTATCAGTCGTCGGCCCGGTAGCCGATCCTGACCGCCCCCCAGTGTTTCCCGCCGATTGTTATGGGTGTTGACAGGTCGTTCATGACCTCTCCGGTATCCCTGAGGTAGGTCTGGAGCAGGAAGCTCTGGGTATGGGTGGCGCAGCGGATACCGGTCCGGTCGTTGAATATCCGCTTGGTGCGGTTGTGCTCTTTGTCCTCGGCGGCGTCTCCGGTCAGGGGACGGGCATAGCGCAGGTTGTGGGAAGGGCAGTACCCCTTGCGATCGACGCTGATGGCGTAGTACATGCCGCTGTCCCGCGCAAGGATATCTTCCTGGAGCGGCGACACGACTTCATCGAAGAACCGGTCGAAGGGGGTGCGGTATTTCTGGGGGGCGGTGTTCGGAATCGGCATGTAGTCGGTGCTGAAAAGGGCCTCCATGGTAATCTTCCGGTCTGCAATGGCCTTCTCCAGGGCTGCCGTGACCCGCTCCCGCAACTCTGCGGCATACCCTTTTACGGTATCGTGATAGCACCCCACGCTGAACTTCCCCACGGTACCGTAGATGTTTTCGGCCGTTTCCGACAGTTCGCGGAATATGCGGGCCGTCTGCTCCATCTGCCCATTCACCGCTCCCGCCGTGGCCGACACCTGGCCGATTTTCTCCGTAATTTCAATGGTTGTGGCACTCTGCTCCTCGGTAGCCGTGGCAATCTGACTGATCATCTCCGTCGAGTCGCCTGCCAGCCGCAGAATCCCCTCCAGTTGCTGACGGGCATGGACTGACCTCTCAACCCCCTCCTCAACCCTCGCCTTACCCTCGTCGATGGAAGCCACCACCGCGCCGATCTCTTCCTGAATGCTCTTCACAATGGCGGCAATCTGCCGCGTGGAGGTGGCGGTACGATTGGAGAGCGTCTTCACCTCGTTGGCCACCACTGCGAATCCCCGCCCCGCGTCGCCGGCCCGGGCCGCCTCGATGGCCGCGTTGAGGGCCAGAAGATTGGTCTGATCCGCGATATCCTCGATGATCCCCACAATCTCGCCGATCTGTCCCGACGACACCTCCAGCTTCCCCATGGCCTCAAGGGTGCCTAATACGTTGGTCCGAATCTGGTCGATGCTCAGGGAGGTCTCCTCCACGGTCTCCATTCCCACCTTTGCGGCGCGGTCCACATTGAGGGAAAGCTGGGCCGCCCGCTGGGTAGTGGCAGCCACGTCGTTCAGGGTGGCCGACATCTCCTCGGAGGCCACCGCCACCGAGGTGGAAAGGTCCTTCTGTTCCGAGGTGGACGCAACAAGCTCTTCAGTTCCCTTTACGGTACGGCAGGCCGATATGGCGATATGCCCCGCCTGGCTGTAGAGGGAGGTCACGATCTCCCGCAGCTTGGCGATCAGCATATTGACCCCTTCGGCCAGTTCGCCGAGCTCGTCGCCGGTCCGAACCGGCATCCGGGAAGTAAGGTCGCCTTCCCCGTGGGCAATGACCTGGATCCGCTCCGACAGTTCACGGATGTTGCGGACGATGGTCTGGCGGAAGAAGAGGTAAAGAGACCCGAGCATGATCAGGAAAAAGACAAAACCCGCCGCCGTGAGGGTGAAGGTCAGATTCCGGGCGGCGATATATCCATCCTGAAGCGAGGTGGTGAGAAGGATTGCGCCGGCGTACCGGGCGCCCTTGTCATGACACGAGGTACAGCGTTCTTCGTTCGCCAGCGGGACGGCAAAGCTCAGAACGTGCTTCCCGTCGTCGAGTGTACGACGCAATTCTCTGGCCTGGCCCGAGGCAAGGGCTTCGGCAACAACCGGGTCGACAGGCGCACTCTTGTTCCCCGACGGTTTGCCTTCAGGACTGAACACCTTGAGGTCCAGCACCTGCCCCTTTCCCTTCACCCGCTCCACATACCGGTTTATAACCGCCATCTCCCCTGCCATCATATTCTCGGCGAGTTCCTGGGCAATGAGGTTTGCAAGGCCGCGCGTGTTAGTTGTCTGGAGCTTCATCAACGCGGCATATTCCAGCCAGATTGCGGTCACGCCGAGGATCGCGAACCCCACGCAGAGCGTCGCACCGATTATCCCCAGCACTTTAAATTCAAGTCTGTTCTTCAGCATATCATGACACCTCCATCGTATAACCTGGCCGTTACTACCTTATCGGCACCGGGTGTCAACTCTTTAGCGTTTCTATAAAAATGTTTTATTTTTCGGTAAACATCAGGCTTCAAGTGATGGCAAACGGGAGGGACAACAAAAAAAGCCCCGGCAATGCCGGGGCTTTTTTAACAAACAACTAATCAACCGTGGTTCAGTTCGCTTCCTCCAGGGCCGCATGGGCAGCGGCCAGACGGGCGATGGGCACCCGGAAGGGGGAGCAGGAAACGTAGTCGAGACCGATCTTGTGGCAGAAGATAACCGACGACGGGTCGCCGCCGTGCTCACCGCAGATGCCGAGCTTGATGCCAGGCCGCGTGGCGCGCCCTTTCTCCGTTGCCATTTTCACCAGAACGCCGACGCCGTTCTGGTCGAGGGAGACGAAGGGGTCCTCTTCCAGGAGCCCCGACTCCACATAGAACGGCAGGAACTTGCCGGCGTCGTCCCGCGACAGGCCGAAGGTGGTCTGGGTCAGGTCATTGGTGCCGAAGGAGAAGAAATCGGCCTGACGGGCAATCTCGTCGGCGGTGATGGCCGCCCTGGGGAGCTCGATCATGGTGCCGATCAGGTAGTTGATTTTCACGCCATAGGCGGCGATGACCTCCTCGCAGACCCGCACGGTGTTCTCCCTCAGGCGGGCCAGTTCGCTCACCACTCCCACAAGCGGAATCATGATCTCGGGGACTATGGTGAAGCCCTCGTTCTTGGTCAGTTCGC
CP071382.1_gap21	604844	605962	1118	AACAGGTGATGGCCAGGTTGATGAGCTTGGCGCGGCGGGAGAGGATGCAGAGATGAGCCGTAATGCCGGCCACATCTTCCGGCGCCGCGTTCTCCAGCCTCCCCTCCAGGAGCCTGGCCCGGTCAATGACCCGTCCCAGGCGGTTCGTCATCACCCCCAGAATGGCACCTATGGCGGTAAGCAAAAAAACAGGGGCAACCGCCAGGTGAATGGCATTGGAAACATTGCTTATGTCGTACAGTTCACGCATTAATTTCTCTCCGCCATATATGTAGTTTTTTCCGGTGACCGCGCCAGCGCGGCACGCCTGCCCCGGCACTCAGCCGTTCTTCCCCGAAAAAGAGCCGACCCACGACGCCGTGGTCATCACCGTGGCGAACATAAGCTGCTGGGTCACCAGCACCGCCCGATGCAACTCTTCGGCAGTGACGGAGCCGGCGTTGTTTGAAAACGCCAGCGTCCCCGTGGCATCGGAGAGGAACTCCACGGCGAAGCCCCGGTGAAACGCCTCGCGGGAAGTGGTGTCGCAGCACATCTGGGTCATGTAGCCGCTGATGACCACGGTGCCGATCCCCCGCTCCCGGAGCCAGGACTCCAGGCCCGTGTTCGTGAAGCTCCCCGGCAACTGTTTCTCCAGCAGCAGGTCATGGGGGCGCCGGGCCACCTCGGGGTGAAGGTCCCAGGCAGGAGTTCCCGGCTGAAAGCTCCCCGCACCGGGGCGGGGCGAAGAATGACGGACGACAACCACCGGAATGCCGTTCGCCGTGGCGGCATCCATGGCCGCAAGGATATTGACGAAACTCCCCGCCGGATGGGTCACAGGCAACGCGCCGGTGAAGTATTCATTTTGCACGTCGATGATCAGCAATGCCTTTTTCATGGTCCTCCGTCCTTTCTTCTATGTATCGATTATAACTCTACCGAATACCTCAACCTGGTGCCAGTCGATTATTTCCACAACGGCCCGTAGGTCCATCGGCCCTTTGGACGTCGACAGGATCAGCCGAATCATCAAGCGGTCAGCGCGGGTAATCAATCTTACCGGCAATAACGGCGGCTCGGCATGACCTGCGCGGCAGGGTACTATCCTGCCGCGTCAGCATCTATGTCGGTGTTGG
CP071382.1_gap22	615571	617858	2287	GCGCCCCGGTGATTTGGAATGCCGTGACGTGGCCTCTGAAGAGAACCAGGGACATGAGCACGTTGAACAAACCGGCGCTCCATCCCTTGAGGCTTGCCAAAAGAGGGGCGGGAATTGTTTCAAGTTCTCGCGTCAGGTTGTTGTCGATACCCCAGAATAGGCAGGCGGCAAGCACGGCCAGACCAGGAATCGACACGTGCAGAGCGCCGGCACCGGTGGAGACGACCAGCACCGACGCGGCCACGATCAACAATTTCCCCAGCCATAACCTCCGTCCGATATTTTCGTGAAATATCAGCCACGCAAGCAGGGTTGTGGCAACCGCCTCGAAGTTCAGCAGCAGTGCCACCTCGCTTGCTGTCCCCCGTTGTATGGCATAGGCGAGAAAGAGCGGCGCCGCAACGCCGCCCGAAAGGATGGCCCCCGCCAAAAGGCACTTCTGTCTCAAGGAAAGGTTCAGCAGGTGTCGGCGAATGTCGGTCCCCCGATGGAACACCACGCCGGTAAGACCGATGCCCGACCCGAGATAGAGAAGTCCGGCGAGAAGTGATGATGGCATCTCTCCGATAATGGCTTTGCAAGCGACCGGAGAAATGCCGAAGAGCGTTGCGGAGAGAATTGCCGATTGCAGGGCTGTTTTTTTCATTTTCTCGTTTTCGTGATCAACGGAGCTGAGTTTAACCGGTGCGGCAGAGTTTGCCGCGCCGGTATCTACGCCGATGTCGGCAAATCCTCAAGTGAGTTGGCAATTATCGTCATTGAAAACCAAACAAATCTGTCCCGGATTTCCGTGCATCTGATGGTCATATCACCTCCCGGCGCCTCGGGGCGGCTTCATTGCATGCGCCAGGGGCAGGGTCAAGGTCTCCCCCACCTGGAGAATCTTCACGGTGGTGCCGGGGCTGGCCTTTTTCGTCTCCTCGGCGAACTCGCCGGGGGTGCCGGTCAGTACCGGGAAGGTGCCGTAGTGCATCGGCACGGCAACCCTGGCGCCCGTCAGCTTCACCGCCTGGGCCGCCCGCTTCGGCCCCATGGTGAACTTGTCGCCGATACAGACCAGCATCAGGTCGATGGGGCCGAAATCCTTCACCAGCGCCATGTCGCCGAACAGGTCCGTATCGCCGGTATGGTAGATGGCCGGGCCATTCTTGACCGAGATGACGAAGCCCCCCGGCTGTCCCCCGTACTGGAGGCTCTTCACCGGCACCGCCGCGCCTTCGGCCGCTTCGAGGCCCGAACCGTGCACGGCCGGAATGAACGCCACCTTCACCTCGCCGTCAAGGAGCGCAATATGTCCACCGAAATACCCCGTGGTGGCAAAGCCGAACTGCTTCTCCGGAAAACCGCCATACTGGACCATGGCTTTGCCCAGATCAAAGGTGGCCACCAGCTGGGCACCGGTCTTTTTGGCAATCTCCACCGTATTGCCAATGTGGTCGCCATGACCATGGGTGAGGAGGATCAGGTCCGCCTTGTCAATGGCGGCAAGGGTTTCCGCCCCCTTGGGGTTCTTGGGATTGTCGATCCATGGGTCGATGAAGAGAATCCTGCCGCCGGGGGTGACGATTTTGTAGGCCGATTGGCCAAGCCAGGTGACCTGGGTCAGCGGCGCGGCCAGGGCGAGAACCGGCAGGAGTGCTAAAAGAGCGGCGGCAAACACGATGCTGAAAAAACGTCTCGGGGTCATACGATTTCTCCTATCATGATCTTGGCTTTCCATCATTTCCTGAAATCAGACAACAAAGAGCTCCCTTGGACGGGGGACGATCAGGAAGACCGGTCCCCAAGCGTCAACCCCCGTATGAAGTTGCGGAGGAACTGGTCGTCGCAGGCAGCAAAGCCCGGCTCTTCCTCTTTCTTCAGCAGCTTCAGCACATCGATCGGTTTGATGTCATGGCCGCCCAACGCGCATAATCCGGCAATGGTTTCGCCATTCAGGTTCAGGGCGTAGCGGAGCCTGCGGAGCAGATCGTTATTGGTCATGGTGTATCCTTTGCGGGAGTCCCGACCGGTGCGGCTGTCGGCATTGCGATGCTTCCGACCAGGCGGGTGAAATAATCGGGGATGCGGGTTTCAAAGGTCAGCCGTTTGCCGCTGACCGGATGGGTGAATGAGAGCGACCGGGCATGGAGCGCCAGGTTGCCATGGGACTCGCTCCCCTTGCCGTATTTTCTGTCCCCCACGACGGGGTGGCCCATTTCCGACAGGTGCACCCGTATCTGATGCTTGCGTCCGGTAAGGAGGTGGATCTCCAGCAGGCTGAACCCTTTCGCCTCCTTGATGACCG
CP071382.1_gap23	653951	657139	3188	ATAATCTCTGCATGTCTCAGATTTGCAGTGGTCAGCTTGGTAGGTGCCTCCTGGAAATCATTTTTGTTACGCGTCATTAAGATGTCAAACGCGACATTGCTCATGTCTTCCAATAAAGCGACTACTTCTTTTCCGAATAGAAATTCGGCTTCTGCTATCCCTTTATCGAATTCGTAATAATTATCTTCATTGATTGTAAAATTCCGTTTAGCATTTCTTACAAATTCCATCACTGTTGTGTAAATTTTCATTCTTCGGTCATATATTTCAATTCTATGCTTTTCCTTTGCCAACCTGTACTGCTGAATAGCAATATAGATCCCCAGTACGGCAATGGTCGGAGTCAAAAGCGCCTTAAATATTTCGATCATACTAATACTGTCATTCATATTTCTACCAACGTTGGGCTTCAGGGGCCGGCGCGATAGCGACGGTCCCCTGGAAGTACCCGTTGGGGAATGTTATAATGTTATCTGATTACAAAATTTGACCAAAATATAAAAATATAAGCTGACAAAGCATACGCAATAACAAACAAAGTTAATGCTCTTATCGTGCTATCAAAAACAATAGCGATTTTGTTTGTAACTTTAATATCAATATTGACTTTTGAACTCCCATACATTTTGTACAAAGCATAATTTAAAGCGTAATACACCACAATAGAAACAATTAGTGCTATTGACTGCGGAAGAATATATATTTCATAAAACTCAAATCTATTATTGTAATGATATTTTGTTACTACATTATAAATCAACCATGTAATACCAGCCAACAGACTAGCATTTTGAAGTAATCTATTAGCTAAAACCCTATTTTTACTATCATTTAACTTTACTTTGCCATTATAATTTTTTTCAACAACGTTCATAATGACCTATAATGTACATGCTTTATTGATTTACCACCCCAACGTTCACGAGATAACCGGCTGGCGACACCGGAGTGGTGCTGCCTGACTAACCTGCCAACTGACGACTGAGGAACTGGTGAAATTCAGCGCACAGTAAGCCAGTCCGAGTTGATTGAGCCGTTAGGTTTCGTTTTTCATAGCGCTAATTTGCACTAGTCTTTTTGCCAAGTATTGGCTCCATACGTTATTGAATTCGGCGTCGCCAACGAAAGGGAACTGAATATAGTAGTGTCGGCCAGATTGGGTATTAAAGTGGGCCACCTCTTTTCCTTGAATTGGGTTTTCCTCGCACCACACACCCTCGTCACCATGGACCGTTGCTCGATAAAGCGATATTTTCATTTCGTCCAAGTCAAACACATACGTTGCAAATTCTCCATTCACCACCAAGTACCTATCGTCTGTAGATAGATCGGTTGCAACTGGAGGGGAATCGGGGTCCGAAGATGCAAAGACGATGACGTCTCTGAGAGCGGAGAAACGTCCATTACGACATATGACTGAGAGGCCATGCCCGCAGACGCCCATCCGAAACTCACCGAGGCAATTTGTCTCTATCTTGAATAGATGAACCATTGATATCCTCCTTGAAACCTAACGTCAGGCTTCAGGGGCCGGCGCGATAGCGACGGTCCCCTGGAAGTACGGGTTGGGAAAACGCTCTGTAATATTCACTTGATTCAATAGCCGCCCGCGTGAAACTACCTTTTAGGCTTTGTAGTCATGAGGACATAGCAACCTTCTACAAATGAGCATTCATGTCCTCCATTAACACCAAAATTTCAACAAATGACATGTCTTGAAATATCACTTGCCGGCCCTGGGCAGTAGGACCATATTTAATGCCTCGCCACTCGACTGCCGAAGCATTTGGGTTTGCAAATGTGATTACACCGTCATGAGCAAATGCGTTTCTTATGATCCGTGCAAAGTTCCACTCGTTTGGCCATTGCATAGGGTCGGAGCCGAACTGCGCTGAAACTCGCCCTTTGTAGCTTTCGAAAAAACGAATAAAGCTGGCTTGCAAGGAAAGTGCGTGAAGGTTCTTGGCTCCCCTGGAACCCACCCCAAATGTAGGATAGCGCGGGTGAATAGCGTCCTCATGGAGTTCGATCTCATTGGGCCAAGCATTTGCGGCAATAGCCATTAACGTAGCTTGGGGATACCAAGTTAGCTTTATTGGAAGGGTACACGCTTCGAACTGCATGTAATACTTGGGGTCTGATACTGCCTTCGTTTGCCCCCCCATCCTAAACGCCTCAATAGTCACCAGACTTGAAGCGAGCGAACTAAGAAATAGAGCCAAATCATCGAAAAAATTATGATGACCTGCATTATAGGTTCGAACTTTGCTCATCATTGATAACCATATTGCCCAAGTCAGGCTTCATGGGCTTGCGCGTAAGCGACGATCCCTTGGAAGTACCCGCTAGAGCTACCCTATTACTTGACCCCATGTTTTTATCCGATGCGCAATAAAACCAATTGAGCCTGCTATGACGAGGAGCAAGGTGGACGGTTCAGGTACAGGAGTAGGGTCTCCAACTACTGCTTGAGAGGTGGTCCCCGGAATTCGGACAGTGTGATAAGGTGGACAGCCGCAGACTGACGACGGAGGTACACCCGTGAGCACAACCCGACGGAAACGCTATTCAGCCGAATTCAAAGCCAAGATTGCCCTTGAGGCGATTCGTGGTGAGCAGACCATCAACGAATTGGCCAGTCGCTACGAACTGCATCCCAACATGATTACCACCTGGAAGCGACAAGCCATTGAGAACATGGCAGCTGCCTTTTCCGGTGCCAAGGAGCGAAGCAGCAAGTCAGACGAGGCCCAGATTAAGGATCTGCACGCCAAAATCGGGCAACTGACAGTGGAGCGCGATTTTTTAGCCAAAGCCTTCGGACGCATTCGCTGAGTCTCGCTCGAAGGAAAAGCCTGGTCGAGCCCGGCCATGGCCGACTCAGCATAGCCAAACAATGCAAACTGCTCTCGATCAATCGGTCGACATACTACTACCAACCGGTGGGCGAATCGCCGCTAAACCTGGAACTGATGCGGCTGATCGACGAACAGTATCTTGATACGCCGTGGTACGGAGCCCGACAGATGACGCGGCACCTGCGTCGGCATGGCCATGCGGTCAATCGCAAGCGGATCGGCCGCCTGATACAGGTAATGGGTTTGTCGGCCATTTATCAGAAGCCGAAGACCTCACAGCCGCATCCGCAGCACAAGGTCTATCCTTATCTGCTGCGTGGTCTGACGATC
CP071382.1_gap24	664931	667762	2831	TCAACTGCGCCTCAGGAAGCTCCAGCGCCCTGCCGCCATAGCCGGGATACTGCCGCACCTCATAATGGACATGGGGGCCGGTGGAGCGGCCAGTGCTCCCGGCCAGGGCCAGAACGGTTTCCGTGTCCACGGCCTGGCCGGGCGTAACGCGAATCGTCGAATTATGGCCGTATAGGGTCACATAGCCATTGCCGTGGTCCACCGCCACAAGGTTCCCATACCCCTTGTAAGACCCGGCGAAGGTAACGGTGCCCCGCTGGGTTGGGTAAACGGGAGTCCCCTGGGGGACGGCAATATCGACACCACGATGATAGGTCATTCGGCCACTGCCGAAAGGATCGATCCGCCAGCCGATGCCGGAGGTGACACTGCCTCCATCCACCGGCAGCCGCCGTGACGCGGCGGCGATGCCGGGAAGGAGCAGCAGACAAAGGATAACGGCGGCGACAGGTTTCATTTTCATGGTCTTTTGGCCAGCAGGTCCAGTCACTTGGCGAGTCCGTAGGCAATAAGGGTGATGGAGAGAACGAGAAGAGCAAACATGGCGGACAGGATTGGCCTGTCGCCACTTGCCGCACCCGCCCTGAAGGTACGTATAAAATCTTTTATGATCCACATGGGTATACCCTCGGATGATCTGACGTCTCTATGAAAAGCAACATACATGCCACGAATCATCCATGGAGGGCAACCCCGGAAACCAGATTTAACTTGTTTTTTAGCCTGAACATTGCGATACTGTACCGTTTTTTACGACGAGCCGCCGCTCGTCTTTTTCATTTACCACCACACACTTGAATCTATCGCCGCACACGGCAGAAGGAGCACGCACCACCCATGCAAGAACGGATCAGAAACATCGCCATCATAGCACACGTCGACCACGGCAAGACAACCCTCGTGGACGCCATGCTGAAGCACGCGGGGGTTTTCCGCGAAAACGAAGCAATCACCGAACGGGTCATGGACAGCAACGACCTGGAGAAGGAGCGGGGGATCACCATCCTCGCCAAGAACCTGTCGGTGCACCACGGCCGCTACAAGATCAACATCATCGACACCCCGGGCCACGCCGACTTCGGCGGCGAGGTGGAGCGGGTCCTCAAGATGGTGGACTCGGTGCTGCTGCTGGTGGATGCCCTGGACGGCCCCATGCCCCAGACCCGCTTCGTTCTCAAGAAGTCTCTTGATCTTGGCCTGAAGCCCATCGTCGTAATCAACAAGATCGACCGCCCCGGCGCCCGTCCCGACGAAGTTGTCGACATGGTCTTCGATCTCTTCTGCGAGCTGAACGCCAACGACGAGCAGCTGGATTTCCCCATCGTCTACACCAGCGCCAAGCTCGGCTTCGCCAAACTGGACCTCGCCTCCGACTCCACCAGCATGGAACCCCTCTTCGCCGTGGTGGAATCCAATGTCCGCCCCCCCTCAGGCGATCCCAAATTACCGTTCCAACTGCTGGTCACCAACATCGATTACAATGACTATATCGGCCGCATCGCCACGGGCAAGGTCTTCAACGGCAGCGTCAAGAGCGGCGAAACCGTGGCGCTGGTGCGCCGCGACGGAAGCATCGTCAGGAGCCGCATCTCAAAGCTCCTGGGCTACGAGGGGCTCAAGCAGGTGGAGGTTCCGGAAGCGTGCACCGGCGACATCGTCACCGTGGCCGGATTCGACGAAGTGGGTATCGGCGAGACCCTGGCTGCCGCCGACAATCCGGTGGCCCTCCCCTACGTCTCCATCGACGAGCCGACCATCTCCATGAACTTCATCGTCAACTCATCTCCCTTCGCCGGCAAGGAGGGTAAATTCGTCACCTCCCGCAACATCCGCGACCGGCTCGACAAAGAGTTGCGGACCAACGTGTCACTGCGGGTTGAGGATACCGGCAACGCCGACACCTTCAAGGTTTCCGGCCGGGGCGAGCTCCACCTCTCCATCCTCATCGAGAACATGCGCCGCGAAGGGTTCGAGATGGCGGTCTCCAAGCCCGAGGTCATCCTCCGTGAAATCGACGGGAAGAAGATGGAGCCGATGGAGTACCTGGTGGTGGACGTTCCCTCCGAGTTCCAGGGGGCAATCATCGAAAAGATGGGCCCCCGCAAAGGGGAGATGACCTCCATGCAGCCCATGGGCGAAACCATCAGGCTGGAATTCATCGTGCCGGCCCGTGGACTCATCGGCCTCCGGGGCGAGCTCCTCACCGAAACCCGCGGCACGGCCGTCATGACCCATACTTTCCACGATTACGCCCCCTACAAGGGTGACATCCCGGGACGCAAGAACGGGGTTCTCATCGCCATGGAGAACGGCGAAACCACCGCCTACTCCCTTGATGCCCTCCAGCCCCGCGGCATCCTCTTCATCGGGGCGGGCGTCGAGGTCTACGGCGGGATGATCATCGGCCAGCACGCCAAGGACAACGACCTTGACGTAAACCCCTGCAAGGGCAAAAAGCTCACCAACGTCCGTGCCTCTGGCTCCGATGACGCCATCAAGCTCACCCCGCCCCGCAACCTGACCCTGGAGCAGGCCCTGGAGTTCATAGACGACGATGAGCTGGTGGAAGTGACCCCCCAGTCAATCCGGCTCCGAAAGAAAGAGCTCGACCCGAACCGGCGCAAGCGGAAATAACACCACACCATCCCGCCCTTTCGGGGGCGGGATGGAACTTTGCGTTGACTTTATCGGGGGATTTCACTACTTTTTCCCTGATACCAGACGGAAGGCGGGACCCCCATGAACCGTATCCAGCGACCCTTTCTCTACTGCTTACTGAGCCTCCTTGCCCTTGTGGCCGCCGGCTGCGCAACATCGCCCGACGCGGTCAG
CP071382.1_gap25	677639	682310	4671	TAACAGATGTTGTCATAGCACTCGCCAACAACTCCACAAGTCACACCAAGTTTCGATTTCTGGTGAATGCCGCAGGCGGGCGCTTCGCGAGCCTTCCCCACTTCGATCCCGAAATGTTTTTTTCTTCCATGCAGGTTGACTGGCATGCCCTGTCGGAACGCACAAGCCGGCTGGCTGAAGCGGTCAACTCAGCCGTGGAGATTCTTATCGAGACCCCCAACGGCACGCGAATGCGAATCGGCAAGGCCGGCAGGCAGGCCGAGGGAGATGATGGCCTCCTGACCACGGCCGGAAGTTTCGGGAACCTGCCGGCCGGCGAAGTATACCTGGCCCCCCTAGAAGGGACCAGCGAAGGTGTGATGGTGCTGGAGTACGGTCCGACCAGAAAGCTCTCATCCCCGCTAAAACTCATTGTTAACAATGGGCTGGTAACAGACATCATTGGTGATGAACCTCACCGGGAATGGCTAGAGCGCCGGTTCGCGGAAAACAGCAAAAACCGCAACATTGCCGAACTCGGCATCGGAACCAATGACCGTGCCACCCGCCCCGACAATATTCTTGAGGCGGAGAAGATTCTCGGCACAATCCACATCGCCCTAGGAGACAACTCCGGTTTCGGCGGCACAGTGCAGACCCCGTTTCACGAGGATTATGTTTTCTACGGGCCAACCCTTACCGCCATAGCACCTGACGGTTCCCGCAGGGTGCTTCTGCGCCAAGGCATCCTCACACTCTAAAATTTTCGGCCCATAAAATTGCTTAAAAGACTTAAGTTCTTTTCCATACCGCCGATAAGTATACACAAAACGTGTCTACACAAACAATGCGCACCATCTGTAAAACGGGCTAAACCATGGGCAAATCCTTTACTACAACCGCAGGCATTACCTTCATCCTTGCCGATGATCGCAAGCTGAAAGCCAGCTACGTTCCCGCAAGCGAGAAGGCCCAGATTAACCTCGGCTTTGTGAGGCAGGCCCTCATCAGCGCCGGTTTTGCTGATCTTTTCATTTACGATCACGCCCTTGTGGAACTAATCAAGCGATACAATGCAGCCACCCAGGAGTTTGTCTACGATATAGGCGAAGAACGCGACGCAACTTTCATTGCTCGCAGCACCCCCGACAACATCGAGGCCTACCTGACCCTTACCCGTGCCTATGGCGGAAAACCGGCGCTCGCGGAGCAAGTGCACAAGACCCTAAGAGAGCAGGGAATCATTTATGGCGTTATAAACGAAGAAATCGAGGCTGCCATAGCTGCCGGAGAGGCCAAGGATCTCCTCATTGCCCGGGGGATTCCCTGCGAACCGGGAACCGACGCGGAACTGGTGAGCTTGCTTCCTCAAATAAACGACCGCCAACCCCAGCTCATGGACAATGACATCGTCGACTACCGTAACAAGGGAGAAATGATCTGCGTCAGCGCAGGAGATCCGCTCATGCGCCGGATTCCACCCTCCCAGGGAAAACCGGGCACCAACCTCATGGGCAAGGAAGTCTTGCCGCCGCCGGCAAAAGATATCCAGTTTACCCAAAACCTGGAAGGGACGGCCTTTGCCCCCGATGACCCCGACCTGCTTATCGCCGCCATTGACGGACAACCGGTAATTGTTGCCAACGGTGTCGTTGTTGAACCGATTATAAAGGTCAAAACCGTCGACCTCTCGACGGGAAACATAACATTCAAAGGCTCCATCGACATCGCCGGAGACGTTACCTTGGCAATGACAGTGCGAGCCACGGGCGACGTCACCATAGGCGGCGTTGTGGAAGGAGCCACCGTTGAGGCGGGGGGGAATGTTCTGGTACGGGGGGGAATCATCGGCCAGGGGGAGAGCCGGGACAAACAGGGCAAGCTGGGGCAGGAAAGTTCCATGATACGCGCCAAGGGGAACATTCAGGCACTCTTTGTGGAGAACTCCCGCCTTGAAGCTGACGGCATGATCCAGATCGACGGATTTGCCATGCAGAGCGAGCTGGTAGCAGGAACACAGGTTGTGGTGGGCCAGGACGGGAACTCTCAGGGGCACATCATCGGCGGCTCGTGTCAGGCAATATCGCGCGTTCAGGCCGTGACTCTCGGCTCCCCGGCAGGGGTCCACACTGCGGTAAGCGTGGGGATAAATCCTCACGTAAAGGAAAAACTCTCAACCGTGAAATTGAAGATTCGGGAAGCGGAGCGGGACCTCGAGGAATTGACCAAGAGGCTTGAATATTTCGCCTCGGATCCACACAGAGAGACATCCGCCCAGGCCAACGAAACCCGGTACGTTCGGGATAAGCTCGCGACAACATTATCAGAGCTTACGAGTGAAAAAAAACGGCTCGAAAAGAGGCTCGAGCAGGCTACAGATGCGCAAATCCGCGTTGGCCGGGCAGTGTTGAGCGGAGTCGTCATTTCAATCGGCACAAGAACCCTTGAAATAAGGGAAGATATAGAGGGGGGGGTAACTTTCAGGCAGGAGGATGACGCCATCGTCTCCTCCCAGTGAGGTCTCCTCCCCATCGCCCACCTTACAGATTGACACCTTCCGCGAAGTATGGAATGGTTCCCGGTCATCAGGGGAGGGAGCCATGCAAGTCATTGGGCTGACCGGCGGCATCGCGTCGGGAAAAAGTACAGTTGCACGGATTCTGGAACGGCTCGGCGCCGTGGTCATCGATGCCGATCTGCTCTCGCGCGAGGCGGTACTCCCCGGCACCCCGGCCCACGATGCCATCGTGGCGGAATTCGGCCCCGAAATCCTCCTGCAGGACGCAACCATAGACCGCAAGGCCCTGGGCCGCATAATCTTCGCTTCCACTGAAGCCCGGCGGCGGCTGGAGGCCATAACCCACCCGGCCATTGCACGGTTGGCGGAGGAACGGATTGCGGAGGCCAGGCGTTCCGATGCACCCGTGACTTTTTATGTGGCACCGCTTCTCATTGAAGCGGGAGCTGCGAATAGGGTAGACGATATATGGGTAGTATACGCGGACAGGGAAACACAAATCGCACGCCTTACAGAGCGTGACCATATACGGCGGGAAGAAGCGGAGCAGCGGCTCGCCGCTCAAATTCCCATGGAGGAAAAGGCAGCCTACGGATCGGCAGTCATTGACAACCGGGGAACGCCGGAAGAAACCGAGCGGCAAGTGACCGCCCTCTGGAAAGAGAAAATAGAAAAAAACCCCTGGTAAATCCAGGGGTTTTTTTCATTTATGGTAGCCGAGCTTCATTGATATCTCTTCGGCAGCCTGCTTGACGTGAGGGATGAGCTCCTTCTCCATCCGCTCGTCGGTGAAGCGCATGGATGGTCCCGACAGGCTTACTGCTCCGATAATCCGCCGGGTATAATCCCTGATCGGCGAACCGACGCAGCGCACCCCAAGATCAAGCTCCTCGTTGTCGATGGCATATCCTTGTTCCGCAACCTCTTTGAGATGCTTTTTCAGCACATCCCGATCGGTGATGGTATGCGATGTGAACGGCTTGAGTTCCTTGACGGGGTAAAAGGCTTCAAACTCCTCGTCGGGCATATAGGCAATCTGGACCTTTCCGGCGGCCGTGCAGTACGCCGGAAGCCGGGACCCGACGCGCGGCACGACCCTTACGGTCAGATCGGTTTCCACAACGTCCAGATAAACAATGCTCTGTTCCTTGAGGATAGCCACGTATGCGGTTTCGTTGCACTCCTTGACGAGCCATTCAAGGACCGGGCGGGATTGACGCAGGAGTCCCATCTGCTTGATGAAGGTCTGCCCCAACTCCAGCGTTTTCAGCCCGAGCCGGTAATTCTCCGTAACCCTATTCTGCTCTATATAACCCCGCGCCTCCAAAGTGGCCAGCAGCCGGAACACGTTGTTCTTGTGAAGCTTCAGCCGCTTGGACAACTCCGTCACGCCGAGCTCGTCCACATCGTCATGGAATTGTTCGAGCAGGTCGAGGGCATGATCGACTGCCTGTATGATATATTCCGATTTATCCTTCTTGGCCATTGCACTCCTCTTTCCCGGAAAGAAATAAGCCTTCCTACATAAGCCTTAAGGGGGGATATGTCAAGTGCAACATCTGCATATGAAGACGTTACCCCCGAGTCCAGCCGGACTTCCGCAATATTAATCTAAAAAATCCACCAAACTGTAGAATATTGTTTTATAATTGTCAAGCATCATCATTTATTTTATAGTTGATTCAAACGCATAGCAGCAGTAACCGTTTTGCGCGTTATGGCTTAAGTCCCTACGCACTCCTATTTTTTACATACGCCCCAGGGAACGGGTTATTCTTCCAGATAGATTGACACCCGTTTTATTCCCAGGAGATTCCCATGCTCAACCTGCGCAAAAAGATCCTTGTTGCAATTGATGGCTCCCCCTTCTCCGACAAAGCGGCGGAAGAGGCCGTGCGGATAGCGGCCGGGAACGCAAGTCAATTCAAAAGCAAAATCTACGCCATGCTGGTCCTCCCCAACGCCCCACGCAGCACCTTCACCGACTTCGTCCCCCCTCCTCCAATTACCGAAACCAAAGAATGGGATGAATTGAGAGAGAGGGTGTTCTATGTAATCGAGAAGAACTCAAGCGAAGCGAATATCCCCCTCGAAATCAAGGTAGTGTATGGCGATCCGGCGGACGAACTCATCAATTTCGCTGAAAAGGAACAGATTGATGTAATCGTGATAGG
CP071382.1_gap26	744877	745935	1058	CATGGCATCGAAAAGCTGGTTTACCAAATCCACGAGCTTTTTGTGCTGATCGTCAAACTGCTTTACTTTAACGCTAAGACTGTCGCTCCACGTAATAAGTGCCATTGGTGGCCTCCCTCTCCGATTGGTAATGTGGTCTTCCGTGCCACATATATTCCAATCGGCCAACTACTGGAAAACTTTAGACCGAAAAAGAATCTGTCGCCGATAATCCCACCGTCCCTTATTCTGCCAGCCGGAACCTGCCGACAAGGGACTTCAGCTGCTCAGCCAGTCGAGCCAGGCCATCCGCCGCCGCCGCCGAATCAGAGGCCCCCTTGGCGGTGGTCTCGATGATTTCGGAGATGGTGAGGATGTTCGAGCTGATTTCGCTGGTGGTGCGCGTCTGGTCGCCGGCAGTGGTGGCGATCTCGGCCACCTGTGAATCTAGGGCACGGAAGAGTTCGAGAATCTCCCGGATGGCATCACCCGAACGGGATGCCTCGCTAGTACCCTTCTCCACCTCGCGCACCCCTTCCTCCATGGCGGCAACGGCTTCACGGGTTCCGTCCTGAACCCCCTTGATCATCTTGGAGATCTCGCGGGTCGCCCGGGATGTGCGCTCAGCCAGGGCCCGCACTTCGTCGGCAACGACGGCAAAACCGCGCCCCTGCTCACCGGCGCGGGCCGCTTCGATGGCCGCGTTCAGCGCAAGAAGATTCGTCTGGTCGGCGATGTCTTCAATGGTGGATATGATTTCGCCGATCTGCTGCCCCCGCTCGCCAAGACTCTCCACTGTTCGCGCAGAATCCTTTACCCGGTCGGAAATGCGCTCCATTATGGCTACGGTGTTCTGGATAACCGTTGCGCCGGTCATGGCCGTATCGTTGGCGTTGCGGGTGCTTTCCGCCACGGTGCCGCAGTTGGAAGCTATTTCAAAGGTGGACGCGGCCAACTCCTCGCTGGCCGAAGCAACGGCTCCGGATTGGGAAGCTGCCTCCTCGGCGCCATGGGCCATCTGTTCGGCATTGGACTGGAGCTGATACGACGCCGAAGCCACCTGAAGGGTGTTCTGGGAA
CP071382.1_gap27	797520	801329	3809	GTGCCAGGGGCGAATCGGCAGGCCAGCGGCCGAACTCCTCCCCCCCCCGCGTCAGGGTAACCGTGACGAAAAGCTTTCCCTGCGGAGCAAGCTTCAGGGGAGCCAGGGGAACCGATACCTCGCAGACCCGATCCATTGCCCAGCAACAACGGGCCTTACCGCTCTTCCACCCTTTGGGCCCCTTAACCATCAGCTCGCCGCCGGTAGCGGAAGGTATCATATCAAGCCGGTATTCCCCCTCGGTGACGAGATGGAGATGGAGAGTATCCCCTTCCAGGAGAGTTGCGGCAACCGGCGAGGGGCTGTCGAGGCGCAAGTAAAGGTTCTCCCGGTCGAAGCCGTAAAAGAGCGACTGAAGAACGCTCTCGGCGGCGTGCATGGCCGATGCCTGCTTGGTGAGGTCCACAAGGCCGGCCGCAAGCCACTCGAAATAGTCGTCCACCAGGCCATTGACGACGGGGGTGATGAGAGCGGCCGGCTCCCGTACGAGCCCCGCCGGAGTAAGCTTCTTTATGGGCTCGTACAGCTCCCGGGGGACGTCAAGGCCGAGCAGCCGGTAGCAATTCATGAGATGCTTGCGGAACAACCGGTCGAAGCGGTCGCTATGGGACGAAAAGTGATCGTCCCCATACCACCAGAACCAGTCGCTCCCCTCGGCGGCATAGAGGGACGTGCAGACGAGACGGGCCGTCCGCTCTTCAGCGGTGCCCTCCCCTTCCCACGCCCCCCCCACGGCCATGAGATCGGCCACCAGCGGGCTTGCGGTAATTGCAGCCTCCCGCGCCCGCTCCAGATAATCCCACCCCTGGTTCTCTTCAGGGTGACCGACCCAAATGCCATAATCGGCATTGATCCAGGAGCCGGGATGGATATGCTCGATGACCCGCCGCTCCGGCTCACGGGCGAGAAACTCCGAGCAGGTGACGCATGAAACCCCCGGCGCGGCGGCGGTGGCCCCGTAAAGCCCCCGGAGAAAATCGTAACCGTTGTCCGGGTAGTACTCCCAGGCGTTCTCGCCGTCCAGAATCACCGGGACCACCCTGGCTCCGGGAATTCGCTCCCGTATTTCCCCGAGCCTCCCCACAAAGTCTTCAACGGCCCGCTGAGGCTCCCAGGAGGAGTAGGTGAAGCCGATCAGGTCCGAGAGGAGGTGATCCCGGAAAAAGGCCTTCAGCTCCCGCGCGCCCTGCCGGAACGTGTAGGAATGATAGAGGGCCTCCCGGCCGGAACCGAGCCCTCCGGAAAGGGTCCTGGCGAGAATCTCCTCGTCGGTGGCAATCCACTTGATGCCGCAGCCGGCAATGATGGCGAGGGCCTCGTCGCTCACCGACCCCTCCGACGGCCACATGCCGACCGGCGTGAAACCGAAAATCTCCCGGAATCGGGCAATCCCCCGGCTCACCTGGCTGCGGGCATCCTCCGGATGGCGGAAACGGGTTGCCGGCAGGTTTACCCGCGGCATGGCGATGCCGGCCGCCTTCATGTCGCAGAGAAGGGGGAGTATCGGGTGATAGTAGGGTGAGACGGCCAACTCCGCCTTTCCCTCGTCATGGAGTTTTTTGTAGAGGGGAATGATGCCGTTCAGGATGTCGGCATGCCGGTCAAAGAGGAGTGCCTTGTCCTCCTCGGTGAAGTGGCGTCCTTTCTTCACCAGCTCCTTCAACTCGGGGTAGCGGCGGCGGGCCGCCTCCCCGGTCCAGGCCAGGAAGAACCAGACCTGGAGGTCCAGCAGATCCTGAGCGCTGAAGTGGCGATGCCGCTCCCGGCCTTTTACCCTGGCTCCGTCACCGGCCAGGTGGAGAAGTTCCAGGTAGCGGCGGTTCGGCTCGATGAGCCGCTGGCGGTTGGCCGAGAAGAAATTTTCCAGCAGGAAGATCCGGTCTTCCTCGGCCATGTCGGCCGGAGCCATCCCCCCCCTAATGAGCCACGGGTCCACAGCCGTGCCGGCGGCATAGTCGAGGATCTGGTCCAGGAGCGACGGCACCAGATTGAAGACCGCCCGCGCTCCCGGGGTGTCGTCAACGATGGCCGCCATGTCGTAGTAGTCCTTCACGGCATGGAGGTAGGTCCAGGGAAGGGCGTACTCACCCTTCACCGGATCCTTGTAGTACGGCTGGTGCATGTGCCACAGGAATATGACGGAAAGGGGTGCGCTCACTGCAGTTCCCGTTTCCACCCCTCGACCTTTTTTCTGTACTCATCGAGGAGCTTCTGGGCCGTCTTGGCATCCCGGGCCTCGGCCACGATGTGGACATAGGGGAGATACTGGTCGGGGAGCACCAGGGCCCAGTCCTCGCCGAAGTGGACCTTGATCCCGTCGATGAAGCTCGCCTCCTTGTCGAGGCTGTCCTCGCTCATCTTCCGCATGATCCCCCCCTTCATGTCCCAGACGCAGGGAACCCTGGTCTGAAGGAAGGCCCGTTGGGGAATCTCTGCCGCCACCTTTGAGATGGACAGCCCCCCCTTGGCCACCATTTCGATGGTCTTGGCGATGGCGAACATGCCGTCGAAGGCGGACTGGAATTTGGGGAACGCAAAACGGCCGTCCATGGTACCGGCAAGGACCACTTCGGAAGAAATGGTGGCTTCGATCATGGCCCGGTCGGCGCTCTTGGTGCGGGTCACAGTCCCTCCCCGTTCCTGGACCATCCGCTCGATGGCCGAAGGGGCCGAAACCGGCACCACGAACAGCCCCTTTTCGCCGGAGCGAAGGGCTAGTCCGGCTATGAGCGGCAGCAGATCAGCCCCTTCATAGACCTTTCCGGTTTCATCCACCATGATAACCCCTTCGGTGGTGGGATCGAGCCAGAACCCGGCATGGGCCTCCAGGGTGGCAACGATCTTGGAAAGCTGGCCGAGGCTCTCCTGACGCTCAGCCACCGCCTGAATGCCCCGCTCCTCGTCCACATAGGCGTTGAGGCTGATGACCTCGCACCCCATCTGGGTCAGGATACCGGGGAGAATCTGACTGGCCGAGGAATGATTGAAATCGATTACCACCTTGAATTGCTTCTTCTGCAGCGGCGACTTGCCGATGGCGTGGAGGAACCCTTCACGGTAGAAATCCATCACCTGCAGAGGAATCTCGGAAAGGGCGCCCGGCTCAGTGTGGTGGGCCCGGCGGAAGTTCTCCTTGAAGAAAATCCTCTCCACGTTTTTCCCCATGGAACTGGAGAAGTCGAGACCTTCGCCGTCCAGGAAAACGATCTCGGTGGATGCGGGATCGTCAATGGCCTGGCGGAAATAGATCCCCCCCACCTCGCCGAAGGAGCGGAGCTTGTAGCGCAGGACCGGCATCGGCACCATGGTCAGGTCCCGCACGTTGACCCCGGCGGAAAGGAGGCCGCCGATGAAGCTGCGCTTGAGCATCCGGCAGGAGCGGTAAGCATCGCGGGCCGATATGATATGGCTTCCCTTGGGGAGCGTTGTGCCATAGGCGCACCCCAGCTTGGCCACGAACTCGGGGGTGAGCTCCATGTTTGTAAGCCCCTTGACCATGGCTCCCTCGAAGAGAGACTTCTTCCACTTCTCGCCCCAGATGAGGTTGCCGGTAACGGTGGCCCCCGCCTCGATCACCTTGCGGGGCCAGATCTTCACATCCCGCTTGATGTAGGCCTCTTCGCCGATGGAGGTGTCGTCGGCCACGATGACCCCCTCTTCCATGACGACCCCGTGCCCCACCCGCACGTTGCTGCAGAGGACGCTGTCGTGGAGCTTGGCCCCCTTCTTCACGTAAACATTGTCCCAGATGACACAGCGATTCAGGCGGACGCCCGGATCAATGGTGCAGTTGCGACCGATGACCGAAT
CP071382.1_gap28	892245	893921	1676	CCCAGATAGTCTGCTTTTATGCTAAGCACATACACACATTCACTGTTCATAAGCATGCAATACACTCAACAGAAGGGATTTGCCCAATGCGACTGTTGAATAACTCTACTCACCGGAAGGATGGCCGCGATGTCTAAGAATGCAATTAAACCGCAACTCAAAAACCCGTTTGACCCCCCCGAGAAAGTAGAATTCACCATTCCGGGCGAAATCTCCCGTGCAACCGGCCCCTATGAAGAAGCAATGAAAGAGGGGCATGACCTCATCCAGCGCCCCATAAAGTCTGTCAAGATCGACCAGATCGAAAAGCAGCACTTCAAGAAGCGGATGACTGTCTGGGAGCGCCTCAAGGTCCTTTCCGACCAGGCCCCGAACGTCCTGTACCAGAACTGGGGAAAGAATCTGGACGGTGCCTCGCTGGTTACCGCCATCCTGAACATCGACGGACGTGACGTGGCGGTCTACGGCCACGACTTCACCGTTCGCGCCGGCTCCATCGATGCCACCAACGGAAGCAAGCTGGCCCGGCTCTTCAACATGGCCGGAGAGAAGGGTATTCCCCTTATCGGCATGAACGATTCCGCCGGCGCCTTCGTCCCCGCGGGGGTAGGCGGCCTCGACGGCTATGCCGAGGCGTTCACGGCACTGCGCAAGATCAGCGGCGTAGTCCCCTCCATCATGTGCATGTTCGGCTTCAACGCCGGCGGCGGCTCCTACCTGCCGCGCCAGGGGAGCTTCGTCATCCAGCCTGCCGACACCTTCTTCGGCCTCACCGGCCCCGGCGTCGTCAAATCGGTTCTGGGCGAAGACATCACGCCGGACGAGCTTGGCGGCCCCAAGGTCCACGGCAAGTCAGGCGTTGCCGACCTTACCGTCGAAGACGAGGTGGCGGCCCTGAGGACCGCAACGCGGCTTCTCTCCTACATTCCGGACAACAACAGCATAGGAGCGCCGTTCCAGGCAACCAGCGACCCCCTGGACCGCAAAACCTGGGAAATCAACACGCTCCTCAAAAAGGCCTTCAACTCGCCGACGGGCTTCAACACCCCCTTCGACGTTTCCATCATCATCCAGCAGATCTGCGACCATGGCGACTACTTCGAGCTGCAACCGGAGCGGGCACGGGAAGCCGTTACCGCCTTCGGGCGCCTCGGCGGCCAGGTGGTGGGCTTCGTGGCCAACAACTCGGCCGTCTCCTCCGGCCAGATCGACTGCGACTCGGCGGTGAAAATCGCCCGTTTCGTCCGCTTCTGCAACATCTACAACATACCCATCATCTTCATGGAAGACACCACCGGCTTCCTGCCGGGTCGCGAGCAGGAAAGCCGCGGCATAGTCCAGGCGGGCCGCTCCATGCTCGACGCCATCGTCGACGTGCGCACGCCGCGCATCCTGCTGATTCTGCGCAACGCCTTCGGCGGAGCCTACGCCTCCTACAACAACTACCCCACCGGCGCCGACATGGTACTGGCGCTCCCCACCACCCGCCTGGCGGTCATGGGGCCGGCCGGCAAAGAGTTTGTCTACAAGGATGAACTGCGCAAGATCCGCGGCGCCGTCGCTGAAATGATCAAGAAGGGTGTTGAAGCGCGGGTCACCGCAGGCATGGAGCCGGGCGCCGCGCGGCGGGATGCGGAACAGGAAGCTGCCGACTGGCTCAAGGGAGAGGAAGCGGC
CP071382.1_gap29	898154	901375	3221	GCGGAAGCCCGAATTCCGCACCACCTCCAATATCGTGATGGACCGCTGCTTCACCCCCGGCTTCGACGACTATCCGGGCTACGAGGAAGAGCTGGGCTTCCCGGGCCAGTACCCCTTCACCCGCGGCGTCCAGCCCACCATGTACCGGGGCCGCTTCTGGACCATGCGCCAGTACGCCGGCTTCGGCACCGCCAAGGAGTCCAACGAGCGGTACAAGTATCTGCTCCAGGCGGGCCAAACCGGCCTCTCCGTCGCCTTCGACCTCCCCACCCAGATGGGGTACGACTCCGACGCCGCCATGGCCCAGGGAGAAGTGGGCAAAGTGGGGGTCGCCATCGACTCCCTGGCCGACATGGAGATCCTCTTCGACGGCATCCCCCTGGACAAAGTCTCCACTTCAATGACCATCAACTCCACCGCCGCCATCCTTCTCGCCATGTACATCGCCGTGGCCGAGAAGCAGGGGGTATCGCCGGAGAAGATTTCCGGCACCATCCAGAACGACATCCTCAAGGAGTACATGGCCCGGGGCACCTACATCTACCCCCCCCAGGAGTCGATGCGGATCATCACCGACATCTTCGCCTACTGCAAGGATAACGTCCCCAAGTGGAACACCATCTCCATCTCCGGCTATCACATCCGCGAGGCCGGCTCCAGCGCCGTGCAGGAAGTGGCGTTCACCCTGGCCGACGGCATCGCCTACGTGGAAGCCGCCATCAAAGCAGGCCTCAATGTCGATGAATTCGCCCCCCGGCTCGCCTTCTTCTTCAACGCCCACAACAACCTTCTGGAAGAAGTGGCCAAGTTCCGGGCCGCACGCCGCATGTGGGCCACCATCATGAAAGAGCGGTTCGGCGCCAAAGACCCCCGCTCCATGATGCTCCGCTTCCACACCCAGACCGCCGGCTGCACCCTCACGGCCCAGCAGCCCGACAACAACATCATGCGGGTCACCATCCAGGCCCTGGCCGCCGTTCTCGGCGGAACCCAGTCGCTCCACACCAACTCCCGGGACGAAGCCCTGGCGCTCCCCACCGAAGACTCGGTCCGCATAGCGCTTCGCACCCAGCAGGTCATCGCCCACGAATCGGGCGTAGCCGACTCCATCGACCCCCTGGCCGGCAGCTTCCTCGTGGAATCCCTCACCGACCAGATCGAAATGGCCGCCACCGAGTACATCAACAAAATCGACTCCCTCGGCGGCGCCGTCGAGGCCATTTCCCGGGGATTCCAGCAGAAGGAAATCCAGGACTCCGCCTACGCCTACCAGCGGGCCATCGAAACCGACGACCTGATCATCGTCGGCGTCAACAAGTTCACCGTCACCGGCGAACCGGCCCCCGAGCTCCTCAAGATCAAGGAAGAGGTGGAAATCGCCCAGAAGAAATCCCTGGCCGAAATGAAAGCAACGCGAGACGAAACCAAGGTCAAGGAAACCCTTGCCGCCCTCGCCTCCGCCGCAAAAGGGACCGACAACCTCATGCCCCCCATTCTCAACGCCGTCAAGGCCTACGCTACCCTGGGCGAGATTGCCAACGTTCTGCGCGACGTCTTCGGCGTACACCGGGAGACGGTGGTGCTTTAATGGCTTCAATAACACGGAGCAACGGAGCAACGGAGAAAAACCTTCTTGACGCTGACCTCACCAACGTGATAATCGGGCGAGCCATTGAGGTACACAATCATCTCGGCCCAGGGCTCCTTGAATCAGTTTATGAAACCTGCCTTGTCCATGAACTGACAACAGTGGGACTATCCGTTGAAAGGCAAAAACTTTTGCCGGTAAGGTACAAGAACCTCAGTTTACAGGACGGCCTGAGAATTGACGTGGTGGTAGAAGGCAGGGTTATTGTTGAACTCAAGTGCGTCGAAAAGCTCATGCCGGTACACGATGCCCAGCTTTATACCTATTTAAAGCTTTCCGGAGTTAAAACCGGACTACTGATCAACTTTTTCACGAAGGTTCTTCGGGATGGCATAAAACGAATCGTCTGTTAGGTTTTCTCCGTGTGCTCCGTTGCTCCGTGTTATTAATAGAAAGGTTTCTCCATGCTCACAAAAATCAACCACATAGGCATAGCCGTCCAATCCCTCGCCGACGCCGTCCCCTTTTACCGGGACAATCTCGGCATGGCCTTCATGGGCACCGAAGAGGTGGCGGAGCAGAAGGTCACCGTCGCCTTTTTACAAATCGGCGAATCTAAAATCGAACTCCTTGAGCCCACGGCAGACGACAGCCCGGTAGCTAAATTCATCGAAAAGAACGGCGCCGGAATCCACCACATAGCCTACGAGGTGGAGGACATCGAAGCCGCCATTGCGAAGCTCACCGCCGACGGCGCCAGGATGATCGACAGCGTCCCCAGAAACGGCGCCCACGGCGCCCGCATCGCCTTCATCCACCCCAAAACGAGCCGCGGTGTCCTGACAGAGCTGTGCCAAATGGGACACTAACTGCACAGAACCTCCTCAGGCCTTGATTTTCCGGGAATTTTTTCTTGACATTCCTTCTAAACCAACTATATTGTCCCTAAATTTTAAAACAGCATTTTGCAATTTCACCCATTCGGAACCGGTCCGTAACAATATCGTGACGTTGGCTTGGTATCAATCGGTGGTTTTTGTTGCTGGGACACGGAATTACATACTTTAGGATTGACAGCACCCAAATGATAAGTAGAATCTAACCTCTGAAATGAACACACAGGTACCGATGTCTACACACTATTCTCAAAGCTCATCATGCTCTTACGCGGTCTTCGGCCTCTGGCCGGAGTTGCCCGTGCGGTGACGGAACAACCCCTTTCCCCCTTCATTAGACGGGAGAAAAGGGTTTTTGTTTATGGAGGGGGTACCCCGCCGGTTGCGTCTGGACATTTTTTTCGGGAAAGGTGGTGATCGACGAAACGGCACATCAAACTACGGCTTTAAGCAACACCACTCTCATATGCGGTTTTTATCACCAATGAAGGAGGCAACTGATGAAAAAGAAGCTTTTGGCAGTAACCGCCGCCTGCGCCCTGAGTGCTGCGACGGCAGTTCCGGCTCTGGCGCTGGAAAACGAGTTCCATGGCATGTTCCGGGTGTTCGGCATCGTTAACAACTTCGGCGACGGCAAAGGCGGCCCCATTATCAAAGCTGGCCTGCTGAGCGAAGACTCCAAGACTCGCTCCTACGTCGAGCAACGTGCCCGCCTCATGTACATCGCCAAGGCCAAC
CP071382.1_gap30	902904	906009	3105	CTTTTCGTTTCGTCGTTGCATCCGCTCAGACGGCGACTAAAGCTTTGACATGGTAGAGGCGGTTTGCAATAATCCCTCGCTGGAAAGTAAGTGCCCATGGACCCAACCGTAAAAAACTGGATAGCCACATCGAACTACGATTTGCGCACTGCCGAGGCCATGCTTAAGGCGGGACGGTATTTGTATGTGGTATTCATGTGCCATCTGTCTCTCGAAAAAATGTTTAAGGCAGTCCTGGCAGCTTCTTTTCCCGATTCCATTCCTCCCAAAATTCATAGCCTTGCCAGCCTGTACAAGAGAGCCGGACTGGTTATGCCTGAGCAATTCATGGATTTTGTCGAACAACTCGACAATGTAAGCATCGTCACCAGGTATCCGGAAGACCTCAGATCACTTTCCAGGGAGTTCAACCAGGCAAAAGCCGGGGAAGTGCTCCGAGAGACGAGAAAGTTACTGAAATGGCTCAAGCAATCGATATCAGAGAAATCGTAGAGCATTACCTGCAGAACCTTGCCGCGCTGGGAGTACCCGTTCAGAAGGCATTTATCTTCGGATCGCAGGCATCAGGCCGCGCAGACGAAGACAGCGATATTGATCTCGCTGTAATTTCGCCATACTTTGAGCGAATGGGACTGTGGGATAAAGCAAAAGTACTGGGAAGAGCAACCCGCGACATCCCCTGCCCCATGGATATTCTGGGCTACTCGCCCTCCCAGTTGAAAAAGGTCCGTCCCGGGACGCTGTTGGACGAGATCGTCAAAAACGGCATCGAGATCCGTTAAGCCCGGAGCATGGTACCCTCATACTCCCCGGCCATTACTTTACAGATGTGAATCTCAACGAAACACCCGTTAGGAGCAACGATGAAACGACTTTCCCTTCTCTGCGCAGTTCTGCTTGTGGCCCTCTCAACGGCCTCAACTCTTCTTGCGGCCCAGATCAGGGTCTACGTGTCGGAATTCGCCATTACCGGCGCCGCCAACAAGGATGAATTGAAGTCAACGCTGCAGACGCTGTTCGCCTCGCGCCTGAGCAATGATTCGGTGCTTTCCGTGGATTCGCCCGTGGGAGCCGATGTACTGGTTAAGGGAAGCTACATCGCCTTCGGCAAGATTTTCAGCCTCGACGCAGTGGCCAGGGATGCAAGCGGCCGGGTCATCGCCCGCTCGTTCCAGCAGGGTGAAAGCCAGGATGAGTTGATTCCCGCGGCGGGCAAGCTGGGGCAGGCCATGGCGGCAGAGATCGCCGAAAAGATTAAACCGGGGGTGGTCATGGTACCGCAGCCGGTTGCAGCGCCGGTGGCGGTTCCTGTATCGGATGTGGTGCGCCCTTCAGCTCCGCAGGCAGCGTCCGATGTGATCAAGGCCTCCACCACAAGCGATATCGTGAAACCGCAGAATCTGACCCAAACCGCCTCCGGCGGCTGGATGAGCCAAAGGCTGACGGGCACCCTCATCGGCATTGCCGCCGGCAAAAAAGCGGATGACGGCGCCCGGGATTTCTACATTGCCGACGAACAAGCCCTGCGCCTCTATCGCAAGGGCGACGCCCTTAAGCTGGTGGCAGAAGTCTCCTTCTCCCCCCGCGAGCGGGTGATCGGGGTGGATTCCGCCGACCTTGACGGAGACGGGACGCCGGAAGCCTACGTTACCATCATGGATGGTGAGTCGCTCTCCTCCCAGGTGTGGGTTGCGGAAAAGAACTCCCTCAAGCGGATTGCGGCCAAGCTCCCCTATTATTTCCGGGGAATCGCCCTGGAAGGCGCCAACTACACGATCTACGCCCAGCAGATGAGCACCGATGCCGATTACTACGGCGACGTGTATGAACTGGTCAGAAACGGCGACCGCTTTGAACTGAAAAACCCCATCAAGCTCCCACGATTCGGTTACCTCTACAACTTCAACCGGTTCCGCGACGCTTCGGGCAGCAGTTATACCGCAGTCATCAATGAAGACGGCTATCTCATCATCTATTCCGCGGCCGGCGAGGAACTGTGGCGCAGCGCCGACAAATTCGGCGGCTCCGAGACGTATTTCAAGCGCGAAGACCTGTCCAAAGTCATAGTTACCGGAGATCCGTTCCGCTGGATTTTTATGGAGCAACGGATCACCGTTTCACCGACTGGCGAGCTGATCGTACCTAAAAATGAAGGGATGTTCGTCGTCGGCAACAACCGCGCCTACAAGAAGAGCAGCCTCTACGCCTTTTCCTGGAACGGTTCGTCCCTGGACGAAGTCTGGCACACCAAGCAAAGCCAGAACTACCTCGCCGACTATGTGTATGAGCCTGGCGCCAAGGAAATCGTGGCCCTCGAAGTCGTGAAGAAAGAGGGGCTCCTCAACAAGGGAACCAGCATCGTAACGGTAAAGCGGCTGGAATAGCGTAAATGGCTTTTTCCGCTGCCTGATTGTAAGGGGGTACTCGCGTGCCCCCTTTTTCGTCTGTCCCTGCGGATATAATTGATTGACATCGGACCGCTATACTGTTAGGATTTTTCGCGTTTTGCGCGCTTTTTCACTATCTTCCACAACACCTTACAGAGATTACCGTTGACAGATCCCGTTTCCATAGAAGCACCCCTTCCCAAGGGGGTAACCGACTTTCTCCCCGAGAAGGCCGACAAGATCGGCTACATCGAGGGTAAGATCCGCGGGGTATTCGAGCTCTGGGGCTTCCGGCGCATCATCACCCCGCTGCTGGAGTTCCAGGACGTTATGGCCATCGGCCTCGGCGAGGACCTCCGGGAAAAGACCTTCCGTTTTGATGACCGGCAGACCGGCAAGCTCCTGGCCATCCCTTCGGACATCACCCCCCAGGTGGCCCGTATCGTCGCAACCCGCATGCGGAACTGCCCCCTCCCCCTCCGTCTCTACTATCTTGGCCGGGTGCTTCGCCACGTGGAGCTCCAGTCGGGCCGAAGCCGCGAGATGTTCCAGGCCGGAGTCGAACTGATCGGTCTCGACTCACCCGAAGCCGACGCCGAAATGGTGGCAATGGCAGTGGAGATCCTCAAGGGCCTCGGTTTTGATGAATTCAAGGTCGATCTGGGCCATGTGGGCTTCATCCGCGGGGTCATGGCGGCTGCGGGACTTGGCGACGATT
CP071382.1_gap31	1021033	1022714	1681	ATGATGGTGTCGTGTGCCATAGACTCCGGTTCCTGGTAATATTGGGATTTCGTCCGGGGAAACCCGGGACAGGGGATACTATAGCACAGACCGGATAAAAAAAGGGCCGACCCTTAGGCCGACCCATAACATGACATGCAAATTGTGAACGGTGGAGCCGTACCCCACGGCCCATCTTAGTGATGCCGATCAGTTCGGCCGATTCTCCCAGATCTGCCAAGTGAGGTCTTCGGCCCAGGCGGCAACCTCCTCCGGCGTCCCAATGAAGAGTCCCGAAGCCGGCCCTTCCCCCTCCCGCTGGATATGGAGATTAAATCGCTCAAGCGCACCCATGAGATGGGCAAGGCTTGCCATGCTCCCTTCGCCGCCATCCTCGGGCAACACATAATCAAAGCATGCATTCAGCAAGTCATCGGCAAGCTGTCCACCGCGGGCATCCCCCGCAAGAAGCTGCGAAATTTCGTAAAACTGTCCGTAAGCCCCGTTCATCCTGTCCTCCCCGCCCGCCGCCGACGGGCCTTTGCCTGCCCCACTGCCACTGGCCGACAAAGAAAAATCTCCCAGCAATTTACCCTTGTTACTCCCATAAAGCCGTGCTAGGCTTATATAAAATACATCCGATACATCCCCTTCAAGGGACTAATGGTTATATATTTATCTACTGGTAATTTCATTTTATTACCTTGCAATAAAATGTCAATGCAAATTTTTACTTGGAAATATTTATTTGTCTCAGGAGATATTTTATGGCTTTCCCCGTCATCACCCAGCCCCAAACAATGGGCCGAAGAATCAAGGAAATTCGGCTTAAAAAGGGTTTGACCCAGAAAGAGTTTGCCGATTCTCTCGGAATAGTCCAGGGATTTCTCAGCGGTATCGAGCGGGAAAAGAAAACCCCGTCGGACACCCTGTTAATCGCCCTTTGCAATCTCTATGAAATAAATCCCTCCTGGCTCGCATCGGGCGAAGGGGAAATGTACCGGTCGCAACATCGCGCCGCGCAGGCCAATATCGCAGGGAGCCGGGGAATTCCAATCCTGGAAAGGATCGGGAGCGGGTTCCCCCTCAACATAGAAGAGGGCGACATCCGTGATCACGCGGCCCTTCCCGGCATTGCGGAGGGGTCGTACGCCCTGGTAGCTTATGGCGATTTCATGGCTCCAACCATACGGGACGGCGATATGGTCATCTTCAGGCCGGGGGGAAGCCCCGAAAACGGTACTGTAGTTCTGGTGACAAACCGGTGGGGGGAGCCGATCCTGCGCCGGTACCGGATCAAAAACGGCGATATCGTCTACTCCCCGGACAACGCCACCTACTCACCGTTCAGCCCTGCGCCGGAAACGCGCATCATCGGCACCGTGACAGAGGTGTGGCGCAAGGTGAAACTGTAGGGACAGCGGATTACGAAGACAATCGGCGAGGGGTAACCACGGCGCAAGATAAATGGGAGCGCAGAAGGCTCGGAGCTACCGGGCAGGACGCCGGACGACTCCCCGGGCCTTTTTCTTTTTGAGGCGCGCGCCGGCCTTCTGGCGCTTTTCAGCCAGGGCCACAAGGATCTCGTGGCTCCCCCGCGGGTCGTCCCCCTCCCCCGGAGCCCGCTGCACGTAGCTGCCGTCGGGCTGCATGTCCCAGGCGCTCCGCCGATCGGCGAGCTGCACGTCGAGCATGGTTCTGA
CP071382.1_gap32	1032782	1033351	569	TTTCATGGATACCGGTCATAGCACATCCGCTTCGCTAAAGAAAGGGATGGCTCGAAAAACCGGGCGGGGCAGAGCGCCCGAAGGATACCGCCGGCACCGGCCGCCGCCGAAATGGGTGGTCAAGCAGGCGCCGTTCTGGTATAAACGGGGCATTTAAGGGACTGAAACTCAAAACAAAGCCAGTCTGAAAATCGATTCAGGAGGAAACGATGAAACGGATCATACAGTGGATTCTCCTCGGAGCCATGGCACTCATGGCTTTCGGCTGCGCCCATGACCCCTTCAACATTCCGCGGGCCGACTATGAGCAGCGGGTGAAGGTTCTCGGCGTCGCTCCCATTTTCATGGACGCCGATTCCGACATCCGTCACCCGGAGAAGGATACTCTTGTTACCCTGGTTCGGGAGTATAACCGGAAGAACGAGAAAGAACTGGCGGAAATGCTAAAGGAGTCCGGGGCCTATTTCTCGGTCCGGTTCCTGGATGCAGGAGACTCCGACGAGCTCTACCGCACGCTCATTAACCGGGCCGAACGGCGCGACGACGCCGGGGTCGTCTACAACAAGCAG
CP071382.1_gap33	1088977	1091893	2916	GGCAAGCAGTGGGACCAGGCCTACGCCGACGTAACCGAGGCCATTGATTTCCTGGAATACTACGCCAGGGAGATGGTGCGCCTGGGAGAGCCACGGCGGCTCGGCCACGCGCCGGGAGAGCTGAACCACTATCTCTACGAGCCGAAGGGAGTGGCCGCCGTCATTGCCCCCTGGAACTTCCCCCTGGCCATCAGCACCGGCATGGCTGCAGCGGCCATCGTCACCGGCAACTGCGTGGTCTACAAGCCGTCAGGGCTCACCCCACTCATGGGGCGGTGCCTGGCGGAGCTTTTCCGGGAGGCGGGGCTCCCTCCGGGGGTCTTCAACTACACGCCGGGGCCCAGCGCCACCATGGGGGACTACCTGGTGGACCACCCGGCCGTGAGCCTCATCGCCTTCACCGGCTCCATGGAAACGGGGCTTCGGATCATCGAGCGGGCCGCGACGGTCCATCCCGGCCAGCAAAACGTGAAGAAGGTCATCTGCGAGATGGGAGGGAAAAACGCCATCATCATCGACGACGACGCCGACCTGGACGAGGCGGTCCCCCAGGTGCTCCTTTCGGCCTTCGGGTTCCAGGGGCAGAAGTGCTCGGCCTGCTCCCGGGTCATCGTGCTGGACGCAATCCATGACCGGTTCGCGGAGCGGCTCGTGGCCATGGCCCGGGCCACCACAGCGGGACCGCCGGAGGACCCCGCCCACTTCATGGGAGCAGTGGCCGACGAGAAAGCCGCGGCGAGGATCAGGGGGTACATCGAGCTGGGGAAAACGGAGGGGCAGCTCCTCTACGAGGGGCCGGTTCCGGAGGGGGAGGGATACTACGTTCCCATGGCCATCATCGACGGCATCCTCCCCGAGCACCGCATCGCCCGGGAGGAGATTTTCGGCCCGGTGCTGGCGGTGATGCGGGCCAGGGACTTCGATGAGGCCATCCGGTGGGCCAACGCTCCCCGTTTCGCCCTGACGGGGGGGGTCTTCAGCCGCAGCCCCGCCCATCTTGAGCAGGCCCGGCGGGAGTTTCGGGTGGGGAACCTCTACCTGAACCGGGGCATCACCGGAGCCCTGGTGGAGCGCCAGCCCTTCGGCGGCTCCCGCATGTCTGGGGTCGGCACCAAGGCTGGGGGGGCCGATTACCTCCTCCACTTCATGGACCCGAGGGTGGTGACCGAAAATACCATGCGGCGGGGCTTCGCACCGAGAGGACACGAGGATGCCGGAGTGGAGTAGCAGGCCCCATCAAAGGGAAGCTGTCACCATGGGTCCCACACCATGTTTCCCTACGGTTTGACACGCCCCGGGACGCTGCTAGAATGTGACTTAACCGGTTGTTCCGCTTAAACCTTCGCAGGAGGTGGCACGGATGCTAATACGAGTCAGGTATGAGGACAATTCCTATGACATGGTTAAAGCATGGCGCCTGGGCGAATACATCGCAGCGGGGAAAATTGTCGCTTTTTACCGCAGCGACGGCTGGGTAACCGTCGGCAGCGATCAGCTCCGGCATGACAAGGGCAATTATACTGGGCCGGAACGGCGCCAGCGGGAAAATAACATCCCACGGGCAGCCTGACAGGAATCACCCATGAACGGCAACGGGACGACCTTTACCATCGAGCTGCAGAAGGAGCTGGACAATCTGCGGCAAAACTTCCTGGCTTCGGCTCCTCCCGGCGTTGCCGCAGCATTGGAGCGCTCTGCGGATGAAATCATCCGTTCCGGGATCATGGAGCGGGTTGTGCCAAAGGGGGCTGCTGCCCCCGATTTCACCCTTCCCAACGCCGTCGGCCGGGAAATCCGCCTCGCAACCGTTATCGCCAGGGGCCCGGTGGTGCTGACCTTCTACCGTGGGGCCTGGTGACCGTACTGCAGCCTGCAGTTGCGGGCCTACCAGAAAATCCTCCCCCAGATCAAGCGCCTCGGGGGAGAGCTTCTCGCCGTTTCACCCCAGACACCCGACAAGTCCCAAGCGACCCTCCTCAAAAATTTTCTCGAATACGAAGTACTGAGCGACGTGGGCAACCACATCGCGCGAAGTTATGGCCTCGTTTACCCGCTGGGTGCCGAAATGCGCCGGCTTTACCTGAGTTTCGGCATCGACCTGGCGCAGTACAACGGCGACAACTCCTGGGAGCTACCCCTCCCCGGCAGCTTCGTCATCGGCCAGGACATGACGATCAGGTTTTCCTTCGTTGATGCCGATTATACCCGGCGCCTTGAGCCTGCCGCCATACTCGACTCGCTCCGGGCTCTGCATGATGGCGGGGGTAACCCGTGATTACCACGCTTGCGGAAGGAAACCGGCGCCCTGAAGCCCGGAAGGAGGCATTCCGGTGAGAAGTCATGTCCTGCGCCCCCTCTTCGTGGCCATCGGCCTCGTCATTGTCATCCTGGCGGTTCGGGCCTTCGTTGTCCCTGCGGATTTCGGCATCGGAGAGCGGGGCTACATGTACGGCTGGCATCGTCAGAGCAACGAAGAAGAGTGGCGGCAGATCGCCGTCAAATACAGGACCAACGCCTACTGCAAGGAATGCCACGCCGGGAAGGTGGAAAGCATCGGCCGCTCGCCCCATGGGATTATCCCCTGCGAAGAGTGCCATGGCCCGGCTTTCAATCATCCCAAGGACCCTCCGACCCTCACCATCGACCGTAGCCGCCGGCTCTGCATCCGATGCCATGCAAAGCTCTCCACCCCCTCAAGTGCCAGGGCGGAAATACGCGGCATCGACCCCGAAAAGCATAATAGCGGGGCCGAATGCAGCCTCTGCCACGACCCACACCACCCGAACCTGGAGGAGCTGAAACGCCATGAATAGACGCGAGTTTCTCAAGCGGAGCATGGTCATAGTGGCCGGCATGGCGGTGCCGGCGGCAGCCCTGGAGCTGATCGACCCGAAACGGCTCCTGGCGGCCAGGCCG
CP071382.1_gap34	1123290	1127129	3839	AAGTGTCGGCACGTCGAGGGATGCGCCAAGAACGGCATCGGTGAATCGTATCTGCCGATCCACAACGATATTGTCCCCTTCACGGGTAAAGTGGGGATCGCTCCCAACCTTTATGACCAGATAGAGATCACCGGTAGGGCCGCCTCCGTGGCCGTATCCCCCCTTCCCCGCCACCCTCAGCCTGGCACCATCCTCAACTCCGGCCGGTATCTTGACGGAAAGCTCCTCCCGCTTCCCGTCCCGCATGAACGCCACCCGCTTCTCGTCGCCGTCGTATGACTGGCGGAACGTTATGGAAACCTCCATGCTGAAGTCCTCACCCCGCCTGGAGCCGCCGCCGAAACCGAATCCCCCCTGGCGGAAACCACCCCCACCGCCGAAAATTCGGGAGAATATGTCATCGGTGCCGAACCCCATGTCCTTGAAGATATCCCCCACGTCGAAGCCCCGGAAGATATCCTCCTGGCTGTAGCGCTGGTGAAAGCCGCTGGAGCCGAACTGGTCGTATTGGGCCCGCTTCTGGGCATCGGAGAGAACGGCGTAGGCCTCGTTGATTTCCTTGAATTTATCCTCGGCGGCCTTGTCGCCGGGGTTCTTGTCGGGATGGTACTTGACGGCCAGTTTCCGGTAGGCCTTCTTTATCTCCGCCTCGGAGGCCCCTTTCTTCAGGCCGAGCACTTCGTAATAGTCGGTTTGAGCCATGTGAAATCCTTTCCTCGAATCTTTTCTGAATGTAAGCGCAACCGGGGAACCTGTCAACGGCCCAACTGCATGGCCCCGGCATGTTTACTTCCTTGACAGCAATCCGTACAGGGGCTATCAATGGCAAGAATACACTATTTATCCAATCAGTGAGGAGTGTCGATGAAGAAAGTAATCGTGGTGGGTGGCGGCATCTCGGGGCTCGCAACGGCATTCTTGCTGCGCAAAAAGGGAGCAGAGGCAGGCGTAGAGCTGGACGTGACCCTGCTGGAAAAGGAAGAGCGGGTCGGCGGCAAGATCTGGAGCATCAAGGAGGAGGGGTATCTCTGCGAGTGGGGACCCAACGGCTTCCTGGACTCCAAACCCCAGACACTGGATCTCTGCCGTGACCTGGGCGTATCGGAGAGGCTCCTGCGGAGCAACGACAACGCCCGCAAACGCTTCATCTACACCGGCGGCGCCCTGAACCGGCTGCCGGAAAACGGCCCAATGTTCCTCAAGAGCAAGCTCATCTCGTGGCCGGGGAAGCTGCGCCTCGCCATGGAGCCCTTCATCCCGAAGCGGACCGACGGCGCCGACGAGACCCTCGCCTCCTTCGGCCGGCGCCGCCTGGGCGAAGAGGCCCTCCAGAAGCTCATCTCCCCCATGGTGTCCGGCATCTTTGCCGGCGACCCGGAGACCATGTCACTGCGCTCCTGCTTCTCCCGCATTGCGGAGCTTGAGGACGAATACGGCAGCCTCATCAAGGCGATGATCAAACTGGCCAAGAAGAAGAAACAGGAAGCGGCCCAGGGAAAGAGCGTGTCGAGCGCCGCGGGCCCCGGCGGGGTTCTGACCTCCTTCAGGGGGGGCATCCAGGAACTTACCGATATCCTGGCGGAACAGCTCGGCCCCGAGGCCATTGTTACCGGGCAGGCAGTGACAGGACTAAAGAAAGGGAACAGCACCCCCTGGCGCCTTCAGACCGGGAGCATCGACATAGACGCCGACGTGGTGATTCTCGCCTCCCCGGCCCACGCCACCACCGGCATAGTCGGCAGCGTGGACCCCGCCATGGCCCAGGTCCTTGGCGAGATACCCTACGCATCCATGACCGTGGTCTGCTTCGGCTACGAGCGGGAGCGGATCGCCTATGACCTCAACGGCTTCGGCTACCTGATCCCCAAGGAAGAGGGGATGAACACCCTCGGCACCCTCTGGGATTCCAGCATCTTCGAGAACCGGGCTCCCGAGGGAAAGGTGCTCCTGAGGAGCATGATGGGGGGCGCCTGCTTCCCCGGCTACGTGAAGCTTTCCGACGCGGAAGTGACGCAGCGGGTGAAAGCGGACCTCAAGGCAATCATGGGAATCACGGCGGAACCCTCCTTCATGAGGATATTCCGCCACACCCAGGCCATCCCCCAGTACACAGTGGGGCATGCCAAACGCCTTGCCGCGCTCCATGAGCAGGCCTCGGCCCTGCCGGGACTCTTCCTCACCGGCAACTCCTACCGGGGCATCGGCCTCAACGACTGCGCCGCATCCGCCGACCGCACCGCCGACGAGGTGGTGGCCCATCTGAAGAATCGCTAGCCGCCGACCAATTCAGGGCGACAAACTGGAAAAGCCGTACCCCCCGGGAGATACGGCTTTTTTTCTTCGTGCCGGGCCGATCCTTCCAATCCGCCTCACTCGTGCCGCAACGCATCGATGGGATTCAGGCCCGCGGCCCTGCGGGCCGGGAACAAGCCGAAAATCACGCCGATTGCCGCGGAAAACAGGAACGAGAGCAGATTGATACCGAAGTCGAAGAGGTACGGTATCCCCATGAGCCTGGCGAGGCCGATGGAGGCCCCGGTGGCCAGGGCGATGCCGGCCAGGCCGCCGAGGCTCGACAATACCACCGCCTCGATCAGGAACTGCAGCAACACCTCCCGCTCCAGGGCACCGATGGCAAGGCGGATTCCTATCTCCCGCGTCCGTTCGGTGACCGAAACCAGCATGATGTTCATGATCCCTATCCCCCCCACCAGCAGGCTCACCGCAGCCACCGCGCCAAGCAGCATGGTGAGGATCTTGGTGGTGCTGGTGAGGGTTTCCGCAATCTGGCGGGTATCCATCACGCGGAAGTCATCCTCCTCGTTGGCGGCGATTTTCCGCCGTTCGCGCATGAGCAGGGTCAATTGCTCTTTAGCGTCATCGATGGAGGCGCCATTCTTCACCGAAACGGTCAACCGGCCTATGTCCTGGCTGCCCGTCAAACGGCGCTGCACCCCCCGCAGCGGCATGACGACCATGTCGTCCTGGTCGGACCCCATGGCGGACTGCCCCTTCGACTTGAGGAGGCCGATAACTTCGCAGGAGAACTGTTTTATGCGGATTTCGCTCCCCACAGGGTTCTGGCGGCCGAACAGCTTCTCCCGCACCGTTTCGCCGATGACGCAGACCGCCTTGCCCGCCCGCTCTTCCGCATCGGTAAAAGTGCGGCCGGCAGAGAGCTCCCAGTTACCCGACTGGAAGTAATCGTTGTTGGTGCCGTTGATGACCGTGGACCAGTTGTTGGCCTGGTAGACGGTGGTAACTGTCTTGCTCACCATGGGAGCCACGCGCTCGGCGGCGGTTATCTGGCTGCGCACGGCTTCGACATCGGCAATCCTGAAGCTTGGCGCCCCTTCCGAGCCGGGTCCGAACCGCTGCCCCGGCATCAGCATCAGCAGGTTGCTCCCCATGGCGGAAATCTGGTCCGAGACGGATTTGGTGGCGCCGTTGCCGAGGGTTACCATGGTGATGACGGCGGCAACGCCGATGACTATGCCAAGGATGGTGAGAAACGAACGCATCAGGTTGCGCCGGATGGCCCGCATTGAAAGCAGCAGCGTATTCCAGAACATCAGTCACCCTCCCCGTTACGCCGGTCGCTCTCCACCACGCCGTCCACAAAGTGGATGACCCTCTTGGCATAGGCCGCCATGTCGGGCTCGTGGGTCACCATGAGCACTGTGATACCCTGCTCTCGATTGAGTTCCGTAATCAACTCCATGATTTCCCGGCTGTTGCGGCTGTCGAGGTTTCCGGTGGGCTCGTCGGCCAGCAGGACTGTGGGCCGGGTGACTATGGCGCGGGCAATGGCAACCCGCTGCTGCTGCCCCCCCGACAGC
CP071382.1_gap35	1156728	1160025	3297	CAGAGGGGAAGGATGCGCTGGTCCTGGTCTCCCCATCCCAGGTCATGCGCAGCGTTCTCGCCCAGCTTGTTCCCCTTCTCCGGCCGGGGGTAACCCTGGTGAACGCCTCAAAGGGGATCGAGCTCGACACGCTCATGACCATGGACCAGGTTTGCGCTGCTGTCCTCCCCCCCGGGATTGCCGCCCGCTTCTGCGTTCTCTCCGGTCCCAGCTTCGCCCGCGAGGTGGCCCAGGAGATGCCGACAGCGGTGGTGGCGGCCTCCGCCGATCCGGAAGCGGCGTCCCTGGTGCAGCGGCTCTTCACCACCCCCTATTTCCGGGTCTACACCAACAGCGATGTGGTGGGAGTCGAAATCGGCGGCGCCCTCAAGAACGTTATCGCCCTGGCTGCGGGGATCTCCGACGGCCTGGGGCTCGGCCACAACACCCGGGCAGCCCTCATCACCCGCGGGCTTGCCGAAATGAACCGCCTCGGCCGCGCCATGGGAGCCGACCCGGCCAGCTTTGCCGGGCTTGCGGGGATGGGAGACCTGGTCCTCACCTGCACCGGCGACCTTTCCCGCAACCGGACCGTCGGGATGAAGCTGGGCCAGGGGATGCTCCTTGCGGAAATCCTCGGCGAGATGCGGATGGTGGCCGAGGGAGTGAAAACCGCAGAGTCGGCCTGGCGCCTTGCCGGCCGCATGGGGGTCGATATGCCCATAACCGAGAAGGTCTACCAGGTGCTCTACGAGGACAAGCCTGCCCGGCAGGCCGTGCTGGAGCTCATGACCCGGGACCCGAAGGCGGAGCAGGGGTAGGGCTGGATTTAGCCAGCGCCCCTCGGAGGGTGTGCAATGAAACTGCGCCTTGCCATCAGAAACAAGCTTTTTCTGGCGATTTTGCTCATTCTCTTTGTATCCTACGCCATCCTCATCCAGACGACCGTCACCAGCATTAACGCTTCCCTTGAAGACCACCTGGCCAGGGAGCTCTCGGCGACTCTGCACTACGCCAAGGACCAGTATTCCGCCCGTGCTGAACAGATGAAGGCCGCCCTTATGCTCCCCGCTTCGGCGCAGCCGGTTAAAGACCGGATGGCCGGGAGGGACAGGGCTTGGCTCCGGGATGCCGCCCGGAGATGGCGGCAAAACCTTCCCCTTGCCGAACTTTTACTTTTCGTTGACTCTAGCCGCAAGGTCATGGCCAGCTGGAGCGAGTCTGAGCCGCAGGATACCGGTGAACTTGCTTCAATCGTGAAACGGTCCCTGCGGGAAAAACAACCGGTCATTGCCACCGAACTGGTGAGCGCCGGGTTTCTCTGCAGTTCCGGAATTCGGGAATTCTGTTCCGATCAAGCTTCTGCCGGCGATGACGGCATGGTCATGATCACGGTTGTCGTCCCGGTGTTTGCCGCCGGCGGGGAGCCCCTGGGCGCCATCATTGCCGGAGACGTCATCGAGCGGGATGTCAAGCTGTCGGGCCACGTGCAGGATATCTTCGGCAAACAGGTGAAGGTGGCCGTAAGCCGGGGAAACATGATTGCACCGGCAAGCGTCAATCCTTCCTTCCCCTACCCTGCCGCCATCGCCCCTAAAATCCTTGCCAAACTGGAGCGGGGAATGTCGTTCGGCGGCGAAGCCTCCATCGGCGGCGAAGTTTACAAGACGGCCTTCGATCCCCTCACCAACAGCCGCGGTGATTATGTGGGTTCCCTTTATGTCGCCCTCTCCCGCGACGACTTCAAGGGGATGCTCCAGAGCAGTTTGCGGAACATTCTCGCTTCAGCTGCCATCGGCATAGTCCTCACTTTCTTCATTGCCTACTTCGTAGCCCGCAGATTGACCATGCCCGTCAAGGCCCTTGCGGACGGCGTGCGGATGATTGAAGGCGGAGATCTGGGGCAGCGGGTGGATGTGAGCGCTTCAGACGAGTTGGGGGAGCTTGGGGATGCTTTCAACCGCATGGCCCTTAGCCTTGAGGAGCGGGACCGTACTATCCGCGCCACGGCCCATGAACAGGAGACGCTCAACCGCAGGCTCCAGGAGATGAACGAGCTTCTGGAGAAGCGGGTGAGCGAGCGGACCGCTGCCCTTCAGGTGGAGATGGGGCGCCTGGAGGCGATCATTACCGGCATGGTCGAAGGTATCGCGGTCACCGACAGGGATGGAAAGATAATCCTGTTCAATCCCGCGGCCCAGCGGATATTCGAGATGGTTCCCCACCGGGTGCTGGGACAACGGCTCGAACAGCTCTGCTCGACCGGGGAATTCTGTCCCCTTGTGGAATATTTCCGCACCATGAGGGAAAACAACGATTTGACAGCCCGCCGGGATGTGCCCCTGGCCGTGAAGGGGAAGAAGCTGCAAATCAATCTTTCCCCCCTCGTCGACCTGGGAGGTACCCTGGCCGGTGTCGTCATGTCGGTGCGGGATGTGACTGCCGAGGAAAAGGTGGACCAGATGAAGACCGAGTTCATCTCCGCCGTTTCCCATGAGCTCAAGACTCCACTTACGTCCATCAAGGGCTCGCTCCAGTTCATCCATGACCGGGGAAACGGGGTCGACGAAGTTGAGGGAGAGCTTCTCGGCGTCTGCCTCCGCAACACCGACCGGCTGATCAGCCTGGTGAACGATATTCTGGATATAGCCCGCATCGAATCGGGACGTTTGGAATTTTCCCTGGTGCCCCAGAATGTGCCGGCTCTGGTTGCTAATTCCATCAAGGAACTGGCGGCATTTTCCCAAGAGAACGGGGTTATCGTCGAAAACCGCTGCGACGATGGCCTTCCTCCCATTTACGGCGACCGGGAGCGGCTGGTGCAGGTACTGGTCAACCTGATTTCCAATGGAATTAATTTTTCTCCCCCCGGGGAACAGGTGGTGGTAACGGCGAAGCGGACGGCAAACTACGTGGCGATTTCCGTGGCAGACCGGGGTAGGGAGATTCAGTGGTCGGACCGGGACAAGCTGTTCAAGAAATTCCAGCAGATGAACGACCCTGAAAGCCGTCTGCGCGGCGGGACAGGGTTGGGACTGGCCATTTGCAAGGAGATTGTTGAGCGGCACCATGGTAGAATCTTTTACAGCGAGGGGAACGAAGGCGGGAACGTCTTTACCTTCACGGTCCCCGTCTACGAGGAACAATCATGAACGACGCCAGGATTCTCATTGTCGATGACGAAGCGGATATCGCCCTCATACTGAAGCTTCAGCTTGAGGACGCCGGGTACCGCACGACCCGCGCCCGGGATGGCCTGGAGGCCCTGGAAGTGCTGGGCCGTGAAAGCTTCGATCTGGTTCTCCTGGATATCCGGAT
CP071382.1_gap36	1244201	1247642	3441	AACGGGGAACGAACGAAAATACGAACGGAATCCTGCGCCACTATTACCCAAAAGGCTTCGACTTCACCACAATCACCCACGAAGAGCTGGAACTCGTGGTAAAGAAAATAAATAATCGACCACGAAAGTGTCTAGACTACCGGACACCTGCGGAAGTCATGCGGCAAGCTTTACGTGGTGCACTTGCAATTTGAATCTGCCCTGTCTGTCATGAGACGCGCTATAGCACATTTAAATTTTAGATAACAGAACTAACTGCACAAGACATTAGAAGTGCAGTAGTGGGGAAATGATGAATAGATTGTTGTGTTATGCTCATTATGATGAGTTAGGTAATGTCAAGCCCTTTGTGAAGTATGCTTTAAAACAGTATTCTTGTATTTGCAATACATTGATATTCGTTAGTAATTCGCCATTAGCGGAAGAAGATATGCAACAACTTCAGTTACTGTGTGATCATGTAATTATAAATGCTAACTCTGGTTATGATTTTTGTATGTGGAAATCTGCTTTAAAAGGAATTGATTATACTTTGTATGATGAAATAGTTTTAGCTAATTCGAGTGTGTACGGTCCAATTGCGACGTTAGAACCTATTTTTGACCATATGAATAACGAATTGTGTGATTTCTGGGGCATTACGGAAAATTTTAATATAGAGCCGCACATTCAAAGCTATTTTTTGGTTTTTAAAAAAAGAGTTATTTTGTCAAATGCTTTTGATGAATTCTGGAATAGTGTTTTGCCGTATAGTAATAAGCGTATGGTGATAATGAGTTATGAGGTTGGTTTATCTCAATGGCTGATAGGGTCTGGGTTTGAAATGGGGGTTTATTGTGGTTTTGATAGACTAAAATATTTCTTAAATCAGAATAAAATTAAAATGAAAGTGAAAAGTAACCCATCGGTAAGATTTGCAGTTGAATTGCTAAAAATTGGTAGTCCGTTTTTGAAAAGAGAGCCGATCAAGAAAAAGTCGATTGATATGAAAAGTATTGTCCATATATTACGTGAGAATTCGTATCCAGTAGAATTCATAGATGAATACGATTGGAAAGACGAAAACCGATGTCCAGTTTGTGGTTCTACAGGCAAGTTGTATTACAAAAAAACAAAAGATAGACTAAATCTGTACAATGTAGGGAGATATAATTATTATAGTTGCAGCAATGCTAAATGCCGTGTTTTATGGTTACATCCGCCTTTGTCTTTTGAACAAATAAAATCTACTTACAAAAACTACTATACTCATGAATGTAGCAGTTCTGAATATTTAGTTGCAAATAATACCATATTCAATTGCTTGACAAAATATGTGAATTTCATAAATAAAACATTGCAACTGCACAAAAAGAGAAAATCTTTTTATTTGCATGGGCTAGATAAAATACGGCCCGGTAAATTGCTTGAAATAGGATGTGGCAGTGGAGACCGTTTAGTTAGTTTGAAAGAAATTGGATGGGAAGTAGCGGGACAGGAGGTTGATCCTAAGCTTTTTGCACCATTGCGGCAAAAAGGTATCAATGTCATTGAAGGGGATATAATATCGAGTGATCTTGAGGATAACCAGTTTGACGCTATCTTATTATCACATGTTATTGAGCATGTGAGCAATATCAAAGAGTTGCTAGTTGAGTGTCGCAGGTTGTTAAAGCCGGGGGGAGGGCTTTATGTGTCTACTCCTAACGCTAGATCGCTAACACATTTGATATTCGGGAAAAATTGGCGTGGTTTGGAAGCACCAAGGCACTTTGTTGTGTTTACCCCTACTGCATTAAAATTAATATTGACCGCATCAGGGTTTAACGTGATACAAAATAAAACAGTTGCACTTAACACAGAAATATTTGTGATGCATAGTCTTGATATTTTAGTAGACAAGTGGACTGATACTAGAAGTGCTCATCGTTTAGGTAGAGAACTGCTTCCTGTAACCAGTCAAATGGTGGGATACATTATTAATATGTTGACTGGAAAAGGTGGTGATGAATGTTTTGCAATTGCCACTAAACGGACCGATTAACAGTCCGCTAAATACAAGTCGATGAAATGCCTTGTGATTTGTTGTTTTGTATAGAGTGCCTTTCCTTGATTATAAGTTGTGTTTAGAAAACCGCTGAAGAATCATTGCTAGTGTCGTGTGCGGTTAGTTCTGTCATTTAACGCATGAGTGTGCTATAGTGCCCCACATGGCACGCACACACGAACTATATGACTTGAAAGTAGAAGATCGTAAGGCTCTGGAGTCACTACTACGATCTCCCAAAGCCGCCCAAAGCCTTGTCTCTCGGGCGAAAGTAATTCTGTTTACTGCTGATGGCAAAACCTCTGAAGAGGTTGCTGTCGCCCTTGGCACAACCACTCGTGCAGTGTATAGGTGGCGCAAACGTTTCAAGGATCATGGCCTTGAAGGTCTTCAGGATCGACCACGTAGCGGACAACCGAAAAAGCTCTCCGAAAAGGTAGTCAAGGAAGTATTGCGGCTGTCTGTTGAATGCATCCCCAGAGAGGCGACCCATTGGAGCGTACGCCTGATGGCCAAAGCTGCCGGCATTACCACCTGGCAGGTTCGGCAGATCTGGGATGCCGCGGACTTGAAGCCCCATCGCCTCAAGACCTTCAAGATCAGCAATGATCCGCAGTTTGCCGACAAAGTCGTCGATGTCGTCGGCTTGTACATGAACCCTCCCGACAATGCCGTTGTCTTGTCGGTGGATGAGAAAACCCAGATTCAGGCACTGGATCGCACTCAGCCGATGCTGCCATTGAAGCCTGGCCAGATCGAACGTCGTACCCATGATTACAAACGCCACGGCACTACCAGCCTGTAGGTAGTGTAAAGAATTTTTCGCTTTTTTCTTTTTGGCAGTGCCTTCAAAAAGTTAGACAGCCTCAGCCCCTTCGAGTTGCTGGTTCAGTTCCTGTTCTCTGAGAAGATCGATATTGAGGTAGCGTTTCGTTCCCCACTGGGTTCCAGCAATGTGACGCAGTCTAGCGGCGCAGAGCATCAATGCCGAGTGCCCGTCGGGGAAAGCGCCAACAACTTTCGTCCGCCGTCGGATCTCTTTCATGATCCGTTCAAGGGCGTTATTGGTCCGGATGCGGATGCGATGCTCGCGGGGAAAGTCATAGTAAGACAAGGTTTCGGCAATCGATTCCTGAACCTTCTTGGCCGCTTCCTTGAGCTTCATCGCCTCCAGCTTGGCAAAGACAGCCTCGGCCTTTTCCAGGGCCGCCTTCTTGTCTTCCGACGCATGGATCGCCTTGAGCATGGCCGCTACTTCCGCCATCCGCTTTGCCGGCACCACGCTGAAGACATTGCGGTAGAAATGAACCGTGCAGCGCTGCCATTTGGTTTGCGGGTAGAACTCAGCCAGGGATTCCACAAGCCCCATGCAAGCGTCGGTGATGAACAGCCGCACGCCAGTGAGACCCCGCTCT
CP071382.1_gap37	1270433	1271338	905	GGCGCACCAGCGCAAAAAGGCGATGGCCGCCTCCTTGCCGACGATGCCGGCGTAGATCTCCATTTCCAGATCCTTCGGGAACCGGCAGTTCTTGCGGAGGATGCTCACCATCTCCCACCCCCTCTCGGTGGGTTCGGCGTCCATTTCCATGGGGTTCCCCTGGCTGGAAAGGAACATGGAGTTGGCGGCAAGGAACTGGCGCACGCCGGTGTCCAGTCCCCGGGATGCGGCATAGCCGGCCCAGCAATGGTAGTCGGTTTCCACGTAGAGCATCACCATCCGGTCGATGAGGGCCCGGTCAAGGGTCGCCACCTGATAGGTGCCGTCGGGGGGGTTGATGGTCACCACCACCTTGTGCCTGGTGTGAAGGGTGTGGGTGTGGAGCGCCCGGCGCATCCCCTCGGACGGCGGTTCCACAAACTGAAAAATGGCCTGGAGGGTATCCTCCTGCTGGGCGCGGTTCAGTTCGTCGCAGTGGATGACGGTTTCCGGATCGTCGTCGGCAGGCCACCAGCAGGGGCGCGACCAGTTCATTACCTCCCCCTCCCGGTAGGGGATGCCGACCAGGTCTCCCACTTCCATCTGGCCGAGGCGAAGGGGCATATAGCGGCGGTCCAGCTCCCGGCAGAGCTGGATGATGCCGGCGGTTTTTCCGACTCCCCGGTGACCCACCACGCAAGGGGTGAGGTCGGTTTTTGTCAGGATTTCCCGAAGGACGGTCTTCATCTGTTCAACATTCATGGCGTAGGCTATACCTCTTGTAATGCTCGAAATGCCGAGCTTCTCCGCTGCACCCCGGAAGCATAGCATTGTTACTGCCGCCAGGTCCATACCGACGTGGGGGAATCCGGTGGGAACGTCCTTGACACCATGGTGCCGAAGTGCTATAAACGCCCTCCCTTTCG
CP071382.1_gap38	1273827	1275271	1444	CGAACCGTCCTGTTCCCCGTGGAGTTGCCATAGGCTTCACACCCCTTTCCCGGAAGACTTCCCGCCTTCCGCCCAATCATGCAGAATTATTAGCTTCAGCCTATCATTCCCCGCATGCGTCACCATAACACTCCACCCGGTTCCTCCCCTGCTGCTTGGCCCGGTAGAGGGCCTGATCCGCGGCATCGACCAGTTCCCGCGCCGTGGTGGCGTCGTCGGGGAAGGTGGCTATGCCGACGCTCACCGTCAGAGTGCCGCCCGGCTGGGTTTCCTGGAGGGGGAAAGGGTGATCGGCCACTGCCCGCCGCAGCTTTTCTCCCGCGATGGACGCCAGGTCGCGGTTGGTTTCGGGCATGATGACCATGAACTCTTCTCCGCCGTAGCGGGCCGCGATGTCCGAATTCCTGATGCTGGCGCTGAATAGCCCCCCCACCTCCTTCAGCACTTCGTCTCCCCGCAGGTGCCCGTGCCGGTCGTTATACTGCTTGAAAAAGTCGATATCGATCATGGCGAGAGAGCACTTGCGGCGGTAGCGGCGGGCCCGGGCCAGTTCGTGGTCCAGGCTCAGCCAGAACTGGCGCAGGTTGAAAAGACCGGTGAGAGGGTCGGTGAATGCCTCGCTGGCGGCAATCTCGTAGTTGCGCTTGAGGAAGTCGTAATTGAGCTTCTGGGTGATGAGGCTGCGGGCCTTGAGGAGGAGTTCCCCCATTTCGGAGGGAAGAACGAAGAATCCGTCGGCCCCTGCCTGGGCGCTTCCGACCTTGGCCGAGCGGTCGGGGTAAGAGGCGGTGATGATGACCGGAATCTGCTTGCTCCGTTCGTGGGCTTTAAGCCGCAGGCAGACATCGATCCCTCCTACCTCCGGGAGGGAGAGGCTGAGAATACAGAGATCGGGAGCCATGGATATCCCTTTGTCGAGGGCATCGGGGCCACTGGAAGCGGAAATGGTGTCATACCCTTCTTCCCGGAGCCCGGCCAGGAGAGGTCCGGCAACCTCCCCTTCGAGCCCGGCCACCAGAACCCGCGGCGTGCGCACCATGTGAACGGGCGGTCCCCCCTTGGGGAAGAGGACCGTGAAAGTGCTACCCTTGCCGGTACGGCTTTGGACGGCGATGCGCCCCCCGTGAAGATCCACGAAATGCTTAACCAGCGCAAGGCCGAGACCGAGGCTTCCGGGTCCGGCGGCCATCCCGCCACCCATCTCGAAGCTCTTGAATATCTGCCCCAGTTCCGTTTCCGGGATTCCCCTCCCCTGGTCTGAAACCGATACCTCCAGGTACCGCTCGTTCACTCCTCCCGGTGCCACATCCCTCAGGCGTATGGAGACCCGCGATCCCTTCGGCGAGAATTTGAGGGCGTTTGTGGCCAGCTCTTCAATGATGAAGGAAAACTTCCCCTCGTCGGCCGTAAGGATGCTTTCCTCGCCGGCGCTGCCGGCATCCAG
CP071382.1_gap39	1302288	1304417	2129	TCCGGCGAGGCCGGAAACGGATGCGGCGGCTTCCGCCCCAGATCTCCTCCGGGGAGATGGCAAGGGTCGGGATGTCGGTATCGTTCTTTTGCCAGGGATAGCAGGTAGCCTGCCGCCAGAAGGCATAGGCGAAATTGTCGTCGATGCACCCCCGGGCCGCTGCCAGAAGCTGGAAGAGATCGGAGATAAGCATGCCGGAAGTGAGGGCGTAATTGCGGGCAAAGCGGAAGAAGGCCCGCTTCTGCCAGAGATGAACCGGTTCGCCGGTTTCCTGCCGGTAGTGACGGGATGCTTCGCGGAAGAGCTGGTAGACGATCCGCTGCCGGTCGGGGAATTCCCCCTCCTTTCCTGCGTGGCGGGCGCTCCGTTCAATGGCGTGCCGCAGGAGGTCATCTTCGGGGATTTCCTGTTTTCCCCCGGCGATCAACTCCAGGGCGCTGTAGCGTTTGCGCAGCGTCGCCCCGCCGTCGGCGGGCTCCGGGGGGAGGGGGCCGCGGCGCAGCTCGTATACCGCCGACAGGAAGGGGAACTCGCCGAGAATCTCCCGGCAGGAATCCGGGTGGAGGTTGAAAAGGGCCACGTTGTCGCGCCGCACCCGTTCAAGGGGGGGAGCCAGGGGGCGGCTGAACGCTTCCTTTACCCGCTCCAGATGAAACATTCCGCAAATGAAGAGGATGCGGTCATGGTTGCGGGCCAGTTGCTGGAGCCGGAAAGCCATTCCCTGCTCCCGCCGCAGGTCTTCAGGACCGTGGGGAAGGGACGTGCATCTTTTCCGGTACTCCTCGTAGTAGGGGGTGAGGCCGATCCGGTGGATGGCATAGGGATCGGGAAGCGCCTCGTGGTGAAGCGGATAGGAGTCGACATCCACGTCGATCAGCTCCACGGGGATGCCCTGTTCCTGTGCGAGCCGCGCCCCTTCCACGAGAGGGTCCGCCGGCTCGATGATTAGGTAGACCGCTTCGTCCCGCTTTCCCCTTGTCCCGTAGCTGAGAACCGACACCTCAGGCAGCCGCGCTACTCCCCGCAGGAAGGGGGTTTTCAGGGTTGGCGGCAGTTCAAGGGCTATGCAGCCGGGCCTGACGCGATGCACCGCCTCCCGCACGAGCCAGGCGAATTCCATCCGGTAGTGTATGACGGGAAGGGCATGGACCGGGCCGAACTGTTCCAAATGAAGCCGGTGGGTCATGATAGGACTCGTGATTGCTTGCGCGTCGAATGAAGGCCGGCATTCCATGACGATTGGCGGTGCCGGGCGATGCATAAACAAAAAGCCCCGATTTCTCGGGACTTAGTGGGGTGCCCGGACTATTCCGGACGATGATATGGCGGAGAGATAGGGATTCGAACCCTAGGTACCGCAAGCGGTACAACAGATTTCGAGTCTGCCGCCTTCGACCACTCGGCCATCTCTCCTAAAGCGGTGTTGAGTCTTTATGGGAATCCGTTCAAAGGATCCGTTGCTGCAAAGAATTTTTTTATACGCTACTTTTTCCCAAAACTCAAGACTCCTGTCGCAGGGCTGATGCCTTTAGGGGGACAATGAAGAGTATGTTGTGCTATCGTCGCCAGCGGGAGGATATATGAGCGGAGCTACGACCCCGGCGGAGCAGGAAATAGCTTGTCAACAGGTGCTTACGGAGGATTTCTCCGTTTTTTCCATTCAATGGATGACGATTTCGCAAAGCCTTGCGGCCGGAGTTTCCCCCGATTTACTCCTGGACCGCTACCTTTCTTTTATCAGGCGGTTTACCCGTTCCCTTGTCCGTCCGCAGGTTACGGCCGGGGGAGTCGAGTTTCGCGTCCTTTGGCTCCCCGTGAGCCTCATCAGTTTCATGGCGCCCGTCCGGCAAAGGGATGAGCAGGGAGAATCCCTTTCCCTTGTCATCCGTGGAGGAGCGCTGGTGCGGACCGGCGGGGGGGATCTGTCGTTTCTCGTGGGAAAAGATAATGGGGGGGTGCGGCTGACGCTGCGCCTTGCCGGTTCCCGCCCCCGCCTGCTGGGTAGCACGCCCTCGTCCATCAGGAAGCTTTTTTACCGCTTCACCCAGGCGTACATCCACAGGGTGGCAACGGTGCGATTTCTTGCCGGGGTCCATGGGGAACTGGCCGGTGTTCCGGCTTGCGTGAGG
CP071382.1_gap40	1357317	1358143	826	CAGGGCGGCACTGAAGGTTATGGCGGCGGATGGGGACAGGGGTTTGCCCAGTGGATCGCGGCGGGGGACGAGAAAGGTTGCGTGGTCCGACGCGCTGCGAAGCTGCCGGAGGAACAGTTGGCGCTGCTGACGGTTCTGTTCCGCGGCGGTGACCAGTTCAAGTCCCGCAACGGTACGGAACAACTCCAGCTCCTGATCGGTGAAGAGCGAGAAGCCTGCGGTTTTCCGGGGGTAGTGCCCGTCATGGCAGCCCAGAACAAAAAGCCGCCTCACCCGGCGCCAGGGTTCTTCCCCTTCGTGAAAGACGGCGACACCCTCCCGGTTGAGATCCTTTCCACGATGTACGGGAATGTTTCGGGGAGTTACCGTCTTGCGTAGTTCATTCCAGGGGATTTCCCCCGATTTCCCGTTGAGACACTCGATAAGCGCGGCACAGCACTGCTCCAGCTCCATTCGATGCGCGAACAACGGTGAGGAGCGCTCTTCATCGGTCAGTCGCCTGGCGCCGGCCCCGCTCAATTGGGCAAGGCGCTTCAGGCGTTCACGCACCTCATCACAACTATGAACTTTGTTGCGAATGATCTCCAGCATGGCACGGGCGTCGTCGGTGCTGTCGACGCCAGCTTCGAGAGCAAAGGTATGGTTGATGACTTCCTGGGCAAGGCGGTTCCCGGCGACGCAATCCCATGGCATGAGGGGCGATGTGAGGAGCGATGCCAGGGCGATTACCGGTGCCGGCTTGTCGAGACTGAGCAGGAAATTGAAGACCGCCTCCCGCCCCAGATCGCGTCCGGTGGCTTCGGAGGCAAGACCCGAGACGGGGATT
CP071382.1_gap41	1362828	1366001	3173	TGACTCCGAAATATATTTCATGATTGACAATGTCTAATTCTTCACCGATTGTTTTGAGATCAAAACTCATTTTAAAGGCCTCCATATGTTTAGATGTGTGAACTGCTGATTTTGAGATGCTTAGCTATTCCACTCCGACTCTTCTCCCCGCTGAGAGTAAATTATGTCCCAGCACCCGTCATCGATCCGAACAATGAACCGGCAACAATCTCCGCCATTATCTTCAAACTCAAGATCAATGGGCTCGTCGTCATAGGAGATGCCGGAGATTATTGAGCCCATCAGCTCTGTTCCTTCATCATCAAGCTCTAGCATGCTGATATCGAACGTTGACAGCTGTATGCTGAGTTTCTCCGGGACAAATCCGCCCGGACAATTGATGGTGAAGCTGCCGTATGTTTTTCGCGACGGCGCCGCATAGATGATGTAAATACCGTCTTCAAATTCGCTATAAGTATCGACTTCCTCATAATTGGGCGCCAGCTTTGGAGACCTGATCTCATCGCCATCTTGTGACGACAGGACGCCGTAGAGATGGAAAACGTCATTGTAGTTGTGCGTGCATTCGCAGTAGTCGCTATTCTCGAATTCCCCATCCTTTTGGAGTTGGAGGATTTCTTCGTACTGCTCATCGGACAGCCGCCCGCACGAAACTTCCATGCCAGGTCCTGCAATCTCGAGGGTGATGCTTTCCGGTGCATCGTTCCGCTGGGGGGCGGTGGCGGTCGGATTGGGCGCCGTAGCACCTGCTTTCGTCCCGCAATCTCCGCAGAACTTCGCTTCTGGGGCCATCTCGGCGCCGCATCCGCTGCATTTCGGAGGAGCATTCAGGTTGGCGCCGCATTCCGGGCAGAACTTGGCCGGGCCTGTCTGTGGTGCGCCGCAGGAGGGGCAGCACTTAGGCAGTGGCGCTTTTTCACCGCATTCCGGGCAGAATCTGGCCCCTTCCACCATAGCAGCGCCACAACCAGTGCATGAAATGCCTGGTGTTACCGGTGCAGGAGCGTTAGCGGCTTCTTGTTCTCTGATAAATGCCAGTGCATCCTGATGACCCTGTTGTGCCGCCATGGTCAGCCAGTACTGTGCCTTGGCCATATCTCGAGGAACCACTTGGCCTTCATGAAAAATGTAACCGAGTAAATATTGGGCATCAATATGGCCATTTTGAGCCGCTGCGCTGAGCCAGTGCTGTGCCTTGGCCATATCCCGCGATGTCAGCTTACCATCCCAGTATAAGTAGCCAAGAGAGTACTGCGCATCGACGTGGCCGCGTTTGGCTGCATCTTCCAAGAAGTGTGATGCCAGATTGAAATCATTCTCATTGACGTACCTCATGCCTGCCTCGTAGCCAGCATTAGGGTCACCTTCCCATACCGTTTTTGCCACGCTTTTGAGGGAGTCGATAAATCCCATGCTTCTGTCCTCCTGATCATGGATTTGCCTGATGGCTGGATGAGTGCATTAATATGCATCTATAATAGCTGTTCGGCATGCGTTGAAAATTCTTTAGGAGCTATTCACTCATTGCCCTGATCTTTGGATTTTCCTAGCGGTTGCCTCGCCAGTTCCCCCTTGCTTTTATTCTCCCCGAACAGCACCGGCTGATGCTTCTTCCCCTGATGTCTCTCGATGGTTTCGTAAATGTCGGCGACTGTCGGCTTGCCGCTCCCACCGTGAATAATGGCGTGGATCATTGTTTGACGGGCCAGGAAGTCGATCTCGGTGATGTGCATCGGATGGTGTTCGACCAGAGTGACCAGATCGTCATCGACAGAACTCCACCCGATATGTTCTTCCCAGCGCCGTATCTGCTCCTCCTCGGGCGGATACTCCAGGTCGAACCGTAGACTGAACTCAGCCGGGAGTCTCGCCTTGCCGGGCGACCTGGTGACCAGGCAGAAGAGACCCGGATGGGTCCGGAGGTGCGAGGTCAGCTCAGCCAGCATCATGTTGCGGGCGGTGTCCGGCGTGTCCGCCAGCAGCCGCTCCACTTCGCGGTTGTGGTCAACGAAGAGGATGACGGCCGCGCTGCCGGTTCCGGGCGAGAAGGCATAGCGCATCGGACTGACTTTTTTCTGGCTGACCGGATCGATGACCCTGTTTTCGTCGGCCATGGAGAGGGTCTTGTCGAAATCGAATTCCCTGACCATGAGGCCGCATTCGTTGGCAAGCGCCCGGACGGCGTTAATTCCGGTCTGGATGTCGCCGGAACCGAGGAGGACCGAAAGGCCGAGTCCCCCTTCCTTCAGACGCCGATACGCCGTGGCAAGGTGGCGGATCTGCTCTTTCTGGTATTCCCGGAGAGGGATATCCTCCAAGGTCATCGCCGGAGGGTATGTTCGGCAGAGGCGGGACATCTCGGCTAGCGGGGAAATCTGCAATGACGCCGCGTGGTTGAGGAGCTCCCGCGTGATGACGGTGTTCTCGATCCCATCGTCGGACATGGCCTTGTTGATGGCCAGGAAGATGGTGTTCTTGATGAGCCCGCCGGTGAACTCGTACCGCTCGGAGAGCATCCGAAGGTCGAGGTCGTCGGCCAGTCGGACACCGGGAGGAATGAGCGACTGCCACATGCAAAGGCGCAGGTCGGGATCAGGGATGGCGAAGGAAACCTTCATACTGATGCGCCGTTCCATGGCCGGGTCAAGCTCCACGGGCTTGTTGGTGGCGAGGATCACCACGCAGCGGGCCTTTTCGATTTCGATGAGGAGCGCCCGACTTGCCCGGGAATCATCCCGGAAGATGTCGTCGGATTCGTCGAAGAAGACGATCCCCCCGTGGAGTGATGCCTCGCGGAACAGGGAGCCGAAGTTTTCCTCGTAGCTGCCGGGTGTATCGTTCAGATCCTCGAGCCGGAGGGTGAAGAGCTGTCGATCGAAGTGACACGCCAGGGCCTTGGCCAGCATGGTCTTGCCGGTACCGGGGGGGCCGTGGAAGAGGAGCGTAAGGCTGGTGCCGTAGCCGTAGAACTCGTCGAGGATGCTCCGCTGCCCCAGCTCCCGCCGTTTCAGGTAGTTTCCCACGTGGGTGACCACCTCATGCTTCGCCGCTTCGTCCATGACGACCTGATCAAGGCTGACACAGCTCCGCTCCCTGCCGACGAACCTGAACATGGTGCTATAAAGGTTGTTGTCATCCAGGATAAAGCGGACGAACCGCTCGTGGAGGCAGAC
CP071382.1_gap42	1541973	1544731	2758	GAAGAGAATACCGCTGGGACAAATCCTCCCGGCTGGTGGGGGTCGACGACACCATTCGCGGCAGCGCCCGCTACACCTACGACCCCCGCGACCAGGTGACCGGCGTCCAGCGTCGCAAGGGGCTTGCCCCTGCCACCACCGAGCGCTACCAGTACGACGCCATAAAAAACCTCACCTACACCCCCCACCGGCAGCACCACTACGAGGGGGATGTCGTCACCCGCATCGGCCTCACCTCCTACCGCCACGACAGCCGCGGCCGGGTCGTCGAGAAAACCCACGCCCGCCACGGCTTCCGCCCCAAAACCTGGCGCTACCGGTGGGACGAACTGGACCGGCTGCGGGAAGTAACCACCCCCGAAGGCGAAACCTGGCGCTACACCTACGACGCCTTCGGCCGGCGGGTGAAAAAAGAGTGCCTCGGCAAAGAGAAGAGCGTCACCTACCTCTGGCAGGGGGCCACCCTTGCCGAAGAGCACCGAACCACCGGCACAGAAACCGTCATCCACCGCTGGCACTTCGAGCCGGGCACCTTCATCCCCATTGCCAAGGAAATCGTCGAACAGGGGGCAAGCAGCATCTACCCCATCGTCACCGACCACCTCGGCACCCCGAAGGAGCTCTTCGACGCCGAAGGGGAGTGCGTCTGGCAGGCCGACCATGCCCTGTGGGGTGCGGCAACCATCACCAGACAGAGGAGAAAAGTCGTCAACGGCGAAGAGACGATCTTTGCCGAAGTCGACTGCGAACTCCGGTTCCAGAACCAGTGGGAGGACGAAGAGAGCGGCCTTTACTACAACCTGAACCGGTACTATGATCCCGAAAGCAGCCAGTACCTGAGTCAGGACCCGATCCGGCTGGAGGGGGGATTAAGGACCCATGGTTATGTGCATGACCCGATGCAGTGGGTTGATCCGCTGGGGTTGGCGGGGTGTGGTGGGAAGGCATCTGACCATCGATATCGTAAGGCAAACGGGAAAATAGATTTTTATGTAACCCCTAATGGTCAAGCAGTACCTGCCCAATTTCATAGATATGCTAATTCCAAGTTTGCACCAATGCAAGATGCTCGGGCAGGGACTTTGCCAGCTAAACGTGGTGGTACATACGTATCTTTTGACAAAATTGATGATGGCATTGTCGCAAGTGATAAATTGCAAATCCCATATCGCCCTGATTATCGAGTTTCAGGCAATTCATTGGACATCATAGATAAAATGAAGATTCCAAACGGCAAATGGGGTACTGCAGATTATCCGGAACCGTTGACAAAAGATTACAAGATATATGGCCCGGGCAAGGCAACACAAGTCATTGTAGATGGCCCAATACCTGTTGACCCAGGAACAATAACTAAACTGTAACTATTGTAAGGATAATTATGGATCACATAGATATATTGATAGACGAGATAAAGAGTGTTCTTAAGCATGAGTTGCCACCGCAATATGCAGATAGTTATGATAAATTTGAAGATTTAACAAATAGAGACTTGCTACGAGCGTCTTTTGCAGTTCTAGATGAACTACGTCGCAAAAAAGATTGGCATCCATCATTAAAACTAGTTGGATTAATCGATCGGTACAAAGCAGTATTTTAAGCGGTAAGTCAAATGTAATGTCTAGATACCATGGGGTCTGGCTCAAATTCAAGGAGGCATAACAAGTGAATTCAGGAAGAATTGCAAGTATTGTTATTTGTCTGGTGATGGTCATGACAATGATGGTAATGGGAGGGTGTAAGAACTCATCTTCAAAGGAAAGCTCATTGACCGAGTCGCAAAAATGGGCGCTCGCAACCTCTGCTATTCCCAAGAAAGCCAACGATATGAAGCTGGATGTTCCAGGAGGCGCCGCTGATGTAAAAGACCTTCAGGAGATGCTGAGGAGTGATTGGGAGATTCAAGACCATAAGACTGCTCTCGATGCGATCAAATTCCTCAGGGAGCAAGGCCATCGCGAGGAATTCAATCTCGTGCTGAAGGAGATTTCACAGAGCAATCAGAATGAATTCAACCAACTGGTAAGCAGCTATGCAAACCAGCCCGAGATACAGAAACAACTCCAATTGGTGTACAAGCACAAAGATACCGTAGGCAAAAAAAGCATTATCGCGTGGGACTATTGCCGGCTGGTTTATGTGGCCGAATGTGCCGGCAGAGCTGGGTATCTTACTGAGGATGAAGCCTGGCAGGAAATCATGGCAGCCGCCAAAGTGATTCAGGCAACATTTACATCATGGGAAGAAATGGGCAATAACTACCTGCTGGGGCGTGAATTCTGGGCGGGCAGCAGTGAGCCGACAGTGCTCGTTGCGAGCAAATTTCTTCTCTCAGACCAGAAGAGCCCTTGGGTCAAATTGGCGTGGAATCAGCCGCTGGAGGAAACGGGCAAAGACCAGTCCTGAGACCGCTATGGGGGAGGCCTGGAGTAATCCAGAGAGATATATTCATGGGCAACGCGATCATTCCTGAAATTGCCAAGGATGTAGATTCCCTTAGGGAAGAATTAGCCAGGCAGTTGCCGGATGGTTACAAAATAAAAATCCCACCACTTAACCGCAACTGCCTGCGAGTGGTCAAATCTCTCGGAATCGTCACGGAGATCCATTTGCGGTCCGACAAGATCGTTGTGCATAACGCCATGCCCATGTATGCGGCTCTTGCGACCCTTTGTTGTCTGCCTTTCGGGCTTTATCTCATACTCAAGATGAAGGACGGCGCGGCGCTGCGGTCTCAAGTTCATGGTATTGTTGAACG
CP071382.1_gap43	1553395	1555163	1768	GAGGCGCTCTCGATGACATTGCCGGTCCAGATGGTGCCGCCGCCGTCTGTGAAGGTGATGCCGTCCTGGTAGTAGTTGACCGGCATGGTCCGCACCAGGGCCGGAAGCGTCGGGTTGGAGATGTCGACGAGGGCGATTCCGGCGCTGCCGCAGGAGGCCAGGGCGTAGACCTTGCCGTTGTGGGAAACCACGTCGAGGTCGAAGATGAAGCCGGGCAGCACCACGGAGTAGACTGCCCCCTTGGTCATGCCGACCGGGGTCGTCTTGAAGATGTTGCCCACGTTGAAGGCGCTCCAGGTGGCGCCGCCGTAGGTGAATTTGGCCACGGCGGTGGTGGAGCCTCCCAGTTGCACATTGGTGCCCAGGAACGGAACCATGTCCGTCGGTTGAACCGCAACGGTCACGTCACGGCTTGCGGAAACTCCGTCGGACCCGGTTACGGTCAGCCGGAAGACCAGGGTGGCCTCCGCGGCGACGTTCAGGGTGCTCACGTCGGCAGTGGCGGTTGTGGCGCTGCTGCCGGACAGGGGGACTTTGGGGCCGGATACCTGGCTCCATTCATAGCTGGAGGCGGTGCCGTCCACCGATGCCGTAAGGCTGATGGTGGGGATTGCCAGTTCGGTGAATGTTGACGGGGTTGCGGTCAGGCTTCCGATGGTGGCCGACGATGAAATCAGGGCGAAATTGAGGGGGGTCGTGGCGCCGGAAGCGATTGTGGCCGATTTAGTCTGGATGGCGAAGCCGTCGGCTGTGCAGTTGACGTTATAGGTGCCGGCGGTGATGTTGGCGATGGTGTACTTGCCGGTGCTGTCGGTGGTGGCGCTGTAACCGCCGGTGGCGGTTGCCACGGTTGCTCCGGAGACCCCTGTGCCGGTGGCGCTGTTGGTGACGGCACCGGTCAGGGTGCCGGTGGTGACTGTCGCTTTGAGTAGGGCAAAGTTGAGGACTGTCTTGACCCCGGCCTTGAGGGTCGCTGATGCCGTCTTTGAGACATAGCCTTCGGCGTTGCAGGTTACGGTATATGTGGCGGGTGGCAGCGACATGGTGTAACTGCCGGTTGTGCCGGTTACGGCTGTAAAGGTGCCGGTGGTGCCCACCGCTGTGATGGTGGCCCCCGGGATTGCCGTTCTGGTTCCCGAAATGGTGACCTTGCCGGTAAGAGTGCCATCGGTCTTGCTCACGGCCGCGTAACCGCTCCCGTTCATGAGGAACAGGGAACAGACGAGACACAAGAACAGGGCAATCCAACCCGAGATATTCTTGTTCTTCATAGCTTCTCCTTCATCTCCTTGATTTCACATGTTCGCAGTGCTGGTCGTCGGAACAGCTTGGTGAATAACCTCCTTTCCCGGGCGTTGCCGGTTGCATGCGGGCCGGCCGACAGATGCGGCCGCGTCCATGCGGCATACCTGTGCGCGGCTTTGCCGCCACAATCCAAGCATCGTCGGCAGAGCCTGTTTCCGCTGGAATGATTCCGATGTAAAACCGGGATCTGCCGCGACTCCTGAAAAGGAACCATTTTGGGGATCCCGGGGTAAGGCTTGCAGTTATGGAGGTGGTATGAGCGCGGTAGTTTCGTGTGAGGGTAGTTGCACTGTATGTACCCACGATAATGTGCAACATTTATTTAAGTAGTTTTAATTTTATTGGTGTCCTTGTGATTTTAGGGTGTTGTGGTGGAAAAAAATGACTGCGGCCGTCGATTCTTTTGCTGTTCGCGGTGGTTTTGCTCTCGATGGGTTTGGTTATTTCGCGGGGTGCTACGTGA
CP071382.1_gap44	1681060	1683087	2027	GGCGTGGGGAGATTGGCAAAATTGAGCATCTCTCTGCTTACTTCAAAGCTGATCTTCTGGGGGTCTACCGATACGACTATGTGGGGAATTATCCCTTCATCCAGAAGTATCCGGCTGATACGCGAAACGGCAATTACGACGAGCCGATCGCGGTTTTCCCTGAGCCAGGGGAACGCTGCATTGAGCGATGGCCCACCGGCCAGAACGATTGCAGTCCGGCCGGAGAAGATGTTGTGCAGGGTATTGGAAACGGCGAGCCGGTTTTCCGGGAGGTTTTCCAACTGTTTCAGTATGAACGGGGAACTGTTGCTGGCTACCTGTAACCGGTGGATATTTTTCAATAGCTGTTGGTTGACAGCCCAGGAAACATCCCGGTAGTCGGGGAGATTTGCATCGGCCGAGGCGAGAGATTCGTGGAGGAAAATTGAATCCAGAAATACGAAGTCGGTAATCTCATCGTCGCCGGCCTGTTCCCGCCACAATTCGGGGGTGGTAACGGAAACTCCTGAGGGAAGGTTCTCCAGCAGTTCCGATTCTTGCAGGGCGTTGAGGACATCAGGTAACTCGATGAAAAGAAAGCGCGATCCTATAGGTATTCCAGATTTGATGATGTATCTGACCAGCATGCCGGAATCTGTGCCTATAATGATATTGAAATGGTACTCGGCCGAGAGCTTGTCACCAAAATAAGTATGGTAGAGGGTATCGGAGCCGACTTTGTTAAAGGCGTCGCGGTTGACTGTGTAGAGATAGCGGTCGCCGAACTGGTTGGTTAGAAATGGACCAAGAGTTGTGCTGATTTTTGGCATTCTTTTGCCCTTTACGGAGCCTCAATACGAAAAGAGGAGTCTGGTGTTGTCGATGCGGAAAAAGTGATACGTGAAAAGAGCGGTTCTTTTCTACGTTTTGGTTTGCTGGTTTCATCCATTTCTGAAGCGCTGAGCCCGTATCTAAAGAAGTATGAGGATCCGACCGGTTTGAACGTCACGAGGCCCAGGAGGCTTGAGAGAGATCGGTGTACCTTTATTTTTAGAATGGAGTGTGAGTCTCCTATCTCCATCAGCCCTTCAGTAATGCCCAGACCCTGTTTTGCCGAGACGAGGAATGATGTTGCTTCTCCATGGGAAAATTTCTTTCCGGTTACGGTGAAAGTTTCCGGTTCGTTCCCGCCGTTATGGGTGCGGAAGAAGAGGTTTTCCGCATCGAAGGCTTCGGGATTGATCGTTATGTTGCCTAGCCTCAGAGAGCCCACAGGGACCAAGGGCCAGTCGAATTCGTAGTCGATGGAAACCGTTTCTCTTGCAGGAGCGATTCCTATCTGCTTAGTCAGGGGGCCAAGGGGAGTCTTGAAGGTGGCTGTCACCGTTAGCGTGTCCTGGTCGGGATGCCAGCGAACCAACGGTTCGGCTGGCACCAGGTCCGTTATCTTTGGTCTCCCGTGTGTCTCGAATACCACGTGACCTGTGTAGAAGTCGGCTCCGGCGGTGATGTCGTCGAAATAGCCGTGATAGAGGGTGCCGCAGAGGCTGCGTTCGTGGACTCGGGGGAAAACGAGGGAGTCAAAGGCCAATCCGCGGCGCAGGTTCAGTTTAAGTCGCACCCCTAGTGTTTCGATTGTAAGGTATTGTCCTTCGCGAAGAGCGGAGACTTCAGGGGGGAGGACCTCCACGCCCCCTTCGAAAAGTCTCGTTATATGCGTTGTACCACAATGGCGGCCAAAGGAGTTGAGACGGCTGCGGTAGCGTTTCCAGCGTCGCGGTGTAATATGGGTGCGGAAATCGCTGCTCCAGAGGTAGCAAAGTTCACGCCATTCCTGCTCAGAAGCATTCCCCTTTGCCAGCAGCGCGTCGTGAATCCGTTGACAGGCGGTGTTAATGCCGATGTCATCACGTCCTGTGACGGCCCATCTGGTGATATTGTACTTTTCCTGCTTTTTTACCGGGATAGGTGCCTCTGGGGATTCGAGGCTCAGACGGTTTCCGGCTCCCGGTTCATGAAGCAGGGACAGGAGACCTGAGGGAGGAATG
CP071382.1_gap45	1698361	1700224	1863	CACCCACTTCGGCATGGGAATAGGGGTAGACACTCTTTTCCGCTTCGGAGAACTGGATTCCCTCGTTGTAGCAGCGCATCATCACCCCCTGGAACTTCTGGGGGTCGCGGTTGCTCATGATGGTCTTGCCCAGGTCGTGGAAAAGTCCCACCAGAAAGCCTGTCTCCTCGTTGATGAACCTTCCCTGGGAGGCGATGACCCGCCCCGCAAAGGCCGCACCTACGGAGTGTTCCCAGAGCATTTTCTCCGTGAGCCCGAAACGCCTGCTGAGCTGTTTCATGGATGCGGCGATGACGAGGCTCTTCAGGGTCTTGAAGCCCAGGAGCATGATGGCGGCGGAGAGGGTGTTGATCTGCCGCTGGCACCCGTAGTAGGCCGAGTTGGAGAGCTTGAGGATGCGCGCCGCCACCGCCGGGTCGGAGGAGACCGCGGTGGCCAGTTTTTCGATAGTTACATCTTCCTGCTCGATCAACTCTATGACTTTGGTGGCCACCACCGGGATCGTTGGGAGGTCGACGGCGGACATGATAAGGGTTTCGAGTTCTTTGTTCATGGGTGGATCCTGTTATTTGGTGTTGATGAATTGAGAGTGAGTCTCCGCACTTTTGTTGCAAATACCTCGCCGTTCCCTCTATCCGATTGCGCTATCCCTGGCGAGATGGTATGACTGTACACGTATTTACATGCAAGGACAGGGAGATTTAGGTGAACATCACAAACGCTGAATTCGTAACGAGCGGCACCAGGCCGGCCCATTTTCCCCCCGCGGAGTTCCCGGAAGTGGCCTTTGCCGGCCGCTCTAATGTCGGAAAATCGTCACTCATCAATATTCTTGTCAACCGGAAGAGCCTGGTGCGAACCAGTTCCACTCCCGGACGGACCCAGCTCATCAACTTTTTTCTGGTCAACGGGAGCCTCATGCTGGTTGACCTGCCGGGCTACGGTTTTGCCAAGGTCCCCCTTGCCGTGAAGAAAGAATGGGGTCCCATGGTGGAGACCTACCTCTCCACCCGCACCAACCTGGGGTGTGTGGTGCTCATTCTCGATGTCCGCCGGATTCCAACGGAGGAGGACCAGCTGATGCTCCAGTGGCTGAGGGCCTACAACGTGCCGGTGCTCGTGGTGGTTACCAAGTGCGACAAGGTTTCCAAGAACGAACGTGCCCGGCAGGCGGCCGTCATAGCACGGACCATGGGACTTTCCAGTGACGAGATGGCCTTTTTCTCCGCCCTCTCGAAAGAGGGGCGCGACGTGGTATGGGCGAAGATCGAGGCGATTCTGGCCGCGAACCGGGATGAGCAGGAAGAGTCCGACGAGTGAAGGACCTGTTTCCGTCGTTGACTTTCGGCCGCCTCCTCTGTTAGTAGTATCAGGCATAACAAAATACATTTTATGTTCAGGTGCTTTTGTCGCAAGGAGCCTGCCTGGCTCCCGGCAAAAGGTAAAAGGGAAAAGGGTGCGAGTCCCTTGCTGTCCCGCAACTGTGAACGGCGATGAACACCGCAGCGAAGCCACTGGGATTAACCGGGAAGGCGCGGATGGGAGCCGTGAGCCAGGAAACCTGCCTGACCGTAAGCTTTGCAGGACCTCCGTGGAAGAGGCTCCAAGGCCCGGTGTGCAGTTTTTTGCCGGTTTTGGCCCCCGCTTCCACTCAGGAGACGGGGGTTTTCGTTTATGGCGCCAGTGATTTTCATAACGGGTGGAGCCCGCAGCGGCAAGAGCCGCTTGGCGGAGCGGCTTGCCGGCAGTTTCGGGATGCCTCTGGGATATGTTGCCACCGGTGCCGCCGGCGATGGGGAGATGGCGGCGCGGATTGCCCGTCACCGGCAGCGGCGCGGCGACGCCTGGACCACTATCGAAGAG
CP071382.1_gap46	1886209	1888552	2343	CTTTGGTAGGTAGTGTAAAGAATTTTTCGCTTTTTTCTTTTTGGCAGTGCCTTCAAAAAGTTAGACAGCCTCAGCCCCTTCGAGTTGCTGGTTCAGTTCCTGTTCTCTGAGAAGATCGATATTGAGGTAGCGTTTCGTTCCCCACTGGGTTCCAGCAATGTGACGCAGTCTAGCGGCGCAGAGCATCAATGCCGAGTGCCCGTCGGGGAAAGCGCCAACAACTTTCGTCCGCCGTCGGATCTCTTTCATGATCCGTTCAAGGGCGTTATTGGTCCGGATGCGGATGCGATGCTCGCGGGGAAAGTCATAGTAAGACAAGGTTTCGGCAATCGATTCCTGAACCTTCTTGGCCGCTTCCTTGAGCTTCATCGCCTCCAGCTTGGCAAAGACAGCCTCGGCCTTTTCCAGGGCCGCCTTCTTGTCTTCCGACGCATGGATCGCCTTGAGCATGGCCGCTACTTCCGCCATCCGCTTTGCCGGCACCACGCTGAAGACATTGCGGTAGAAATGAACCGTGCAGCGCTGCCATTTGGTTTGCGGGTAGAACTCAGCCAGGGATTCCACAAGCCCCATGCAAGCGTCGGTGATGAACAGCCGCACGCCAGTGAGACCCCGCTCTTTGAGGTGGCGCAGGAAGCTCGACCAGCCGGCCTTGTCTTCCTTGGCCCCTTCGCAGACACCGAGGATTTTGCGATATCCTTGGTCATTGACGCCGATGGCTACTAGTACCGAGACATTGGTCACTTCGCCGCCCCAGGAGCGCTTAAGCACGATGCCGTCCAGATAGACGTAGGGGAACTCCCCTTTGATGGGACGGTTTCGCCACTCCTCGATCTTGGCGTAGACCTTCTTGTTAAGGTTGCTGATAGTGCCGGGACTGACCTTGGTTCCCCACAGGGTTTCGGTAATGTCTTCGATTCGTCTTACTGAAACACCGGCCAGGTACATCTCGATCAACGCTTCTTCCACCGAGGTTTCACGCCGACGGTAGCGCTCGATGATGGCCGTCTCAAAGGTCTGGCGCCGGAGCTTCGGCATGTTTAACGTCACTTCTCCGGCCTTAGTCTGGAGCTTACGCTGGTAATAGCCGGCTCGGGTATCGGCTCTGGCCTCATGACGCTGATACTTCTCGGCGTTACACAAACGGTCTGCCTCGGCATCGAGCATTCGGTTCAGGGTCTCTTCTACGGTACTGCGGACCATTTCTCCAAGGTGGTCGCGGACGGCAGTTTCATTCAGTTGGATGATTTGGGCCTTTGGGGTACAATGTTCTTCCACGGCAGCGTGCTCCTTTCGGGTCGAATTTTCGTTTGGCGACGCAATTCTAACCGATTCGAGGCACTGCCGTGCTTCATTTTAAAAAAGCGAAAAATATTTTACGTTATCCTTTGGTATGCCGTTCTCATAGGCAAGGACAAATTATCTCATTAAGGGAGGATACCATGCCTGACTTCGGAACGCCCTTTTCCGGCCTTGCCCATGGACGGAAGTTGTCTCCGGCCGAGTTGGTCAGAGCCATCCGTTTCATGGTGGCCGCTGAGTACGAGGCCATTCAGCTCTATATGCAGTTGGCCGAGTCGACGGATGATGAGCTAGCCAAGGCCGTGCTTACGGATATTGCCGACGAGGAGAGAGTTCACGCCGGAGAATTTCTTAAGCTCCTATCCCACTTGGCCCCCGATGAAGAGACGTTCTATGCCAAGGGGGCCGAAGAGGTAGAGGAAATGGCGGGAGAACTGAAAAAGACTGCCGCCGGGTCCAAAACCGGCAAGTCGAAAATGAAAGCCTGACAGTCTGAGTCCCTCTGTTCTAAAAGGGCGGCAGCGGCCGCCCTGCACCATTCATCCCCTACGACAGCGTCTTCCGGAAACGCTTCACGGCGAAAGCCAGAATTATGCCCCCCAGTATCAGCAGACCTGCCATCTGGGGCCATAGGACCTGCGCACCCACCCCTTTGAGAAATATCCCCCGAATGATGACCAGGTAGTAACGCAGCGGGTTCAGATATGTGAAGTACTGGACGATGGTGGGCATGTTTTCGATGGGGAAGGCGAAGCCGGAGAGTAGCATGGCCGGGAAGATGAAGAAGAAAGAGCTCATCATGGCCTGCTGCTGGGTTGTGCTGACGGTGGAGATGAAAAGCCCGAAGCCGAGGGCGCTCATGAGGAACAGGGCCGTGGCGCCGAAGAGGAGCAGAAGACTGCCGCGAATGGGGACCTCGAACCAAAAGACCGACACGGCAGTGATAACCGCCACATCGATGAAGCCGATGAGGACAAAGGGGATGGTCTTGCCCAGGATGAACTCACTCTTTGATATGGGGGTGACGATCATCTGCTCCAT
CP071382.1_gap47	1934041	1935469	1428	GTGATGGCCAGCGGGCCGAGCTCGAAGTTTTTTGCGTAAGCGGCCGGGTTGGCAGCCCGATCTAGCCGTGCCGCTGGAGTGATGCGGCTTTTCTGCCGATAGAAACGGAAGAGTGTAAATCTCGGGTGTGCAGCAGCAACCGGGGGCAATTCCCCGCTTGCAGTTTGAAGGGGTGACCCGCCGCCGGGAAAGGAAAGTCGAACTGGATGCGGATACGGACCACGCTCATGGCCGGCTGTTTCATTTTTGCCTTGTTGACCGCCCTGGTGGGATACTTCGGCGGCCGTGCCATTACCAAGATCAGCGGTGAGTTCGACTTGGCGGCGGATGAAGTGCTGCCCATTCTGAAGACCCTTGAGGATCTCCGTTTTGCCGGGCTTCGGATCGTTTCTTCCTCAGCCGAATATTCCCTCAATATGAAACAGCAGGGAAATGCCGAACAGCGGGGCGACGAGGTCGTCATGGTCTCGGCGGGAATCGAGACCCTCGAAGATGCCCTGGCGCGGCTGAAGGCGCTGAGCAGCGGTTTTCATCCCGATGAGCGCAGCATCATGGCCGATGTGGAGCGTACGGGCGCGATGCTTCTCAAGACCAGCCGGGTGCAGTTGCGGATGGTTCTGGCGGGAGCGCCGGATGGGGAGCTCCGCGGAGTCCGGAAACAATTCGAGATCGAAGAGCGCGCCTTCCTGGCTGCGGTCAGCCAGGCCTTTGCCCATGAGAATGAAGAACTCATGGAGGCCAAGGACGAGGTGCGCCGCGCCATCGGGACCGCACAACTCACCATAATTGCAGCTTCGCTGGTTGCTTTCATTCTCGCCATCGGCGGCGGTACGATCTTCGCCGCGTCCATATCCCGTCCCATTGCGCTTCTTCAAGAGGGGGTCACGCAAGTGGGAGCGGGGGATCTGGATACCAGGATAAACGTCACGGCCAACAATGAGATCGGTTCCCTTGCCGCGGCTTTCAACCGTATGACGAGGGACCTGCAACTCACCAAGGATGAGACTGCCGTGGCGAAGAACTTCCTCGACAATGTCGTTAATTCCATGGCCGATGCCCTTGTCGTGCTCTCCACCGACTGGAAAATCGTCACGGTAAACCCGGCTCTCTGTCATCTCCTGGGATACGATGCGGATGAGCTCGCCGGTAAACCTTTCGGGCTAATAGTCGCCAGAGGCGCAGAGGAACGAGAGCTTCTGCGCGACATGGCAGAGCGGGGGCATGTGCCGGACCGGGACCTCATCTACAGGGCCAAGGATGGAAACTGCATCCCGGTGTCGGTTTCGGGCGCACTCATGAGAAACTTTGCCGGGGATATCCAGGGGACGGTCTGCATAGCCCATGACATCAGAGAGCGCAAGCGGACCGAAGAGGAAATCATCCAGCTTGCCTTCTATGACGCTCTCACCCGGCTCCCCAACCGCAGTC
CP071382.1_gap48	1945859	1946881	1022	AAGTGGCCTGTCTCCTCGCTCTGGCAGAAGTAGGGGCCGCAGTGGAGCTCCTGGAGCACCACGAGCTTCGCTCCCAGAGCGCTCGCCTTGCGGATGTTCTCGATGCTCTTGGCCAGATTCAGGTCTTTATCGCTGGTGCAGCTCTGCTGCACGAGGCCGACGGTAAGCTTTGACATTTTCATACCTCTCGGGTGGCTTTTCTTGGTTCCGGTGCAAGGGTCCCCTTCGGCAGTTGCATGGTCACGCAGTGAAGCGAGCCGTGTTGCAGGATGAGGGGGCGGCAGTCGATGCCGATGACTTCCCTGCCGTGAAATGCCTGGCCGATGGCCGCCAGGGCTGCATCGTCGCTGGGATCGCCGTATGTGGGAACCAGGACGGCGCCGTTTATGACCAGGTAGTTGGCATAGGTGGCCGGAAGCCGCTCGCCATCCTCATCATGGCAGGGGCGCGGCCAGGGGAGCGGAATCAGGCGATAGGGGTTTCCTTCCCGGGTTCGCATCGCTTTCAACTCTTTCTCCATGAGGAAAAGGGCCGGATAGTGCCCGTCGGTGGCGTCATCGCACCGGACGTACACAATAGTGTCGTCGGGGGCGAGCCGTGCCAGGGTATCGATGTGGGAGTCGGTGTCGTCGCCGGCCAGCCAGCCGTTCTCCAGCCAGAGGATACGATCTGCGCCGAACCGCTCCTTCAAGGCGGTTTCGATCTGCTCCCGCGACAGGTGGGGGTTGCGGTTGGGGTTCAGGAGGCACTCGGCGGTGGTGAGGATCGTCCCTTTCCCGTCGCTCTCGATACTTCCGCCTTCCAGGATGAGGCCTGCGGTTTCCAGCGCGGTATTTCCGAAAGCGCCGGCCCGGTGAAGACGGCCGGTGATGAGGTTGTCGCGGTCTGCGGCAAACTTCAATCCCCAGCCGTTGAATCCGAAGTCAAGAAGCACGGGCTTGCCATTACGCTCCACGGTGAGCGGACCGAAATCCCTTGCCCAGGTGTCGTTTGTGGGAATTTCCACAATTCGCACCCGCTCC
CP071382.1_gap49	1959322	1963674	4352	GAAAAAAGCAGTTAACCATTGAGGTGAAAACGGAAAAACCGTTCAGGCACGGCAGAGCCCTTTTCAGTACATGAAGCCGAACAGCCATAACGGCAGCTTGTTCTTGAAGCCCACCTCAATATCATCCGCCACCACGAAACCATCAGCGATGCCGCCAATCTGCCGGAAACCCTTTCCCTTGCCGCCGATCTCGAACGTGTACCCCCCTTTAACGACAAAGTCGCCTTGACCTGACAACTCAACGGTGCTTTCGATCAGCTGCGGGTGGATAGTGCCGGCATTTCGTAACTGGTTGACAAAGAACAGTTCCCGCAATGTCCCGGTATTCACGTCATCGGTAATGGCGTACATCAGGTTGCTGTTTTCCAGCAGAATCTTTTCCGGCTTCGTCAGGACGGCATAACCTCTCCCCTGTGACCTCACCAGATTCAACAGCCGCGCATCCTGCAACTTCTCCAGGTACTCGTAAAGACGGGGGCGGGATATCTCCGTCGCTTCAGCCAGCTTGGCAATGTTGGGCACAAACGGTACGCCCGTTGACAACAGGTACAGAAGCTTTTTGATCTTGGATACCTGCCGTGGTTCTATACGGTTCGCAAAGGGGAGATCCACCTCCAGGATATGGTTGATCACCTCGCGAACCTTGAGCTTGTAAAAGGATCCCCCTTCGAGGAAAAACGGGTAATAGCCACCCTGGAGATAACTTCTGAACTCGCGTAGCGGTTTGATGTCTTTGCTGACCGTACCGGCAATCTGCTGGTGATTGGAAAGGATTTCTTCCAGGGAATAGGCCGGATACTCTTTGTCGAGGGTGAAGTTGATGTATTCGCGCAGCGAGAGGCCGTGCAGGTTGAAAATGACGGCACGACGCGAAAGGTCGGCTTTCTGATTCGTAATCTGCAGGAGACTGGAACCCGAAAAAACAACCCTCAGCGCAGGAAACGAATCATAGATGGCCTTTACATGCACAGACCAATCCGGGTATTTGTGGATCTCGTCCACAAGCAGCAACTCTCCACCCATCTGGTGAAACTCGCGAGCGAATTCAAAGAGGTCGTGGGCCTGAAAGAACGGGCTGTCGACAGAGATGTAGAGGGCTCTGTCGCTTGCGGCGTAACGCTCTCTGACATGCTGGAGCATCAGGGTTGTCTTGCCGGTGCCCCGTGCCCCAAGGATGCCGATACAGCGCTCATTCCAGTCAATACGGTCGTAGAGATACCGTTTGGTCCGGCTTACCGCCTCAATGAGCCTTTGCTGCTCCCTGAAAAGATTTTCCATGCATTTCCCCTTAGTATTTGTAAAATGCATTTTACAAGATCCTTCAGGGAATGCAACAAAACTGATTTTTTTGTCTTTTAAGCCCTTTGCTCCCTATTTTAACCCGCCATTTTTGTCCAGACACCGAGTGCCACTACGCCTTCCAACGGTTGCTTCGTTTCCGCATGAATCACCCTGCCCTCATAAGGGCCGTCTATACGGCAGATTGCGGTGCAACCGGTGCATACCAGGATGCTGCATGTCAGCAGCAGTTTTATTATATTGTGCAGAGTGGATTTCTCTTCCAGAAGATGACCCCTCTTTATTTTTGCTTTACGGTTGCATCCTGTGAAATCCTTGCTGCTCTGACCTATGGTAAAGTGTCAAAATTACACCGTTTATCAGGTAAACTTTGATCTTCATTCACCAAAGTGAAACCAGCGCCTCCCCATTGTTTGTAGTTTCTTATTGTGTCAATAATGCTGGTGTCTTTATGATTTTACTCGTTGCCCCATGCAAACAATTCTGATTAAAATATTACAAATAATATAAAAGCAAAAATTATATTTTAATTTAAGTCCTCAATGTACAGGTCATATCCCAATTCTTTTAAATCTTTATTTATTTCAAATATTAAGTTGCGCATTTTTTTTGTGTCTAAAAATAATGGTAGGCCCAAACTTCTTTTTTTTCTATCATTATAATTTAGTTTACTTAAATAAAAAATTGCCTTGTCGCCATCCCAATGTATGTTCTTACTACCGATGTTAGTTTTAAAATCAGACCACCGTCCTTCTATTTTGTTATATTGAGCTTTGAAAATTACTAAGTCAATTTCATCAATGTTTGATAGTAACATGAGACCTTTCCCTGGTATTTTAAACTCACCATTTTTCCCTGTGAGCATCTCTATACTGTCATATATCTTGAAGGTTGAACCTGCAAAATTTGGTTGAGTTTTGTGCCAGACCCCAAGCACTACTACGCCTTCCAGCGGTTGCTTCGTTTCCGCATCAACCACTTTGCCCTCATAAGGGCCGTCTATACGGCAGATTGCGGTGCAACCGGCGCATGCCAGTATGCTGAATATGAGCAGTAGCTTGATTATATGGAGCATGGTTTATTTCCCTTTCAGCAGATATTTTGCCGCCGGAATGCACTGAACCCTGCGGCCGGCGGTATCGATTACATCTTCATAGTCGTTGGTCACAAGTATTGATTCTGCCGCCTCATGCCCTTCCAGCGGTTTATGGAAACAGGCCAGTTCCCGCTCCGGTATGCTGGTCACGGAGACATCTTCATACCAGACCTGAATCCGCTTGGTGATCTTCATCCCCTCCTTGACCACAAAGTCCGTATCGCTGCCGTTTGAGTGATAGTAGATTTCCTCATGATGCCGCTTCAGGTGGCAGAAAATCGCGTTTTCCACCAGCCAGCCCATATCCTCGGAAAACTCGAAGGCGACCCGGTTGCGCAGTCCCGTGTCGATGGCATACGGTTTGAACCCGGCCCGCATGGTGCTCTTGAGGGAATAGGAGAACATCTGCAACTGAAACAGCAGATAGCTTTCCATGATGGCCGATACGTAATTCTCAGTCTTGTCCTGGGAGATGTTGAAGTTGTTCTTCAACTTGGTGATGCTGGTCGGTTTGGCGACGTTGGTCAGCAGGTATACCGCCAGATTGCGAAGGTTGGACACATCCCTGATCTCGTAGCGGGTAACAATATCCCGGTACAGCAAATCCTCGAAATAGTTCTTGAGCAGGAGTTCTTTGTCATCGGTTGATTCCCTCAGGGCCACTTCCGGAAACCCGCCGTATTTCAGGTAATCACTGAACGATTTTCTGACAACTGCTTTCCGGGCTGTATAGTCAAGCTCAGTTCCGACTTCCAGATTACTGAACCGCAGAAATTCCTGAAACGAAAGCGGGTAGACCTCAAACGACACATGTCTGCCGGTCAGCTTGGTGCCAATCTCGCGGGACAGCATCTGTGACGATGATCCGGTGACGAATATCTTGATATCCTCGGTTTCGCTGCGACCCCGTACCCAACTCTCCCAGCCTGGTACATTCTGCACTTCATCCATGAAGAGCCAGCACTTTCCTTCCGGTTGCACCCGTTCCCGATAGGTGCGATATATCTGTTCCAGCAGTTCCACCGAGTATTCCGAGGAGAACAGCGGCTCTTCCAGGTTGATCCGCAGGATCGAGGTCGGCTGCACCTTACGGGCAAGCAGTTCCCGAATCACCTGAGCCATGAGGGTTGACTTGCCGCACCGGCGAACACCTTTGAGGACAATAATTTCCCTGGAATCAAGCTGCTTGAGGCAGTCAGGGAGAATATCCCGCTCGATGCCGGCATCAATGTTGCCAGTGGTCCAATAGCGATTGTAGGAGGATAGGATTTCGTAGAGCTTGGTCGTTTGCATAATGTGTCACCGGTATGTCTGATATTTGCCTTATAATTATAACCGGTATATCGGTGAGTCAAGGGTTATTCGAGATTAAAAAAGCGCCTCCTCCAGTTCCTTCCGGAGCATCTCCTCCATCCCCCGGTATTTGGGCGAAAAATGGAACGGCACCACCCTTGCTGCCCCTGCTTCCCGTGCAAGCTCTCCCGCCTGCCGGGCGGTCAGGTGGCTCCGCTGCCTTGCCCGCTCTTCTTCGGCGTGGAGGAAGGTCGTTTCTATGAAGAGGTAATCGGCCTCCCGGGCCAGTTCCTTGATCCGCGCCCCGTTTTCCGGGGTGAGCCCGGCGTCGGTTACGTAGACGACCCGCTGGCCCGGCGCGATGCCCGCCAGGCGTTCCCGCAGCTCCCCCAAGGGATAGGTCCGTTCCCGCACGGTGCCCCCTTCCCGCCACCAGACCCTGAAGGGAAGGTCGTCCCGCGCTCCCCGCAGTATTGCCTTTTTCAACTCCCTGAGCCATTCGCCCGTGGGCAGCCCCATCTCCGCCAGGCGGTTTTTGCGGATGTTCACATGCTGTTTTTCCTCCAGAGCGAAGGCGAGGCAGGGGGTGCCGTGGTCCAGGAAGGCGACCCGCACCCGGAAACTCTCTTCGTCGAGGATGACGCCGCCGGCGATCCGGCCCCAG
CP071382.1_gap50	1968274	1971539	3265	CTGCGTCGGCATAGGGGGAGATCCCATCATCGGCATGCAGTTCATCGATGTCCTCAGACTTTTCAATGAAGACCCGGACACCGACGCAGTCTTCATGATCGGCGAGATCGGCGGCAGCGCCGAGGAGGACGCCGCCGAGTGGATCAGGGAGAACATGAAGAAGCCGGTGGCCGCCTTTATCGCCGGCGTCACCGCCCCTCCGGGCAAGCGGATGGGCCATGCCGGCGCCATCATCACCGGCGGGAAGGGAAAGGCGGAGGACAAGATCCGTACCCTGAACGAATGCGGGGTCGTAGTGGCCCCGAGTCCCACGAAAATGGGGGCGGCCATGCAGGAGGCCCTGGTCGGAAGGTAAGAACTTGTCCGTAAACAACTGCCGTGAATACGGGATGCGGGACCGCAAAGCTTGTTTATGGACAAGTTCTAAGATGCGCCGGCAGTTTGGTTTTAGTGGCGAAGGGCCATGTCCGTGAAGCATGGCCCTTCATTTTGGTCGGAAATTTGTGTATCCTCCCAGATGGATGGAAGCCAGAACTTGTCTTGCCAGGGCCGACGCTCTTCGGTAATCCGGCAGCAGTAACGGTTTTGCGTGATGGAGGCGGAATGGTTGGGGAGCCGGATATGACTATTGAACTGCAACGCGAGGTTGAGGCGTTGCGTGCCAGAATTCGGGATTATGAGTTGCGGGAGGTTGAATGCGGCCTTGTGCATCAGGAGTTGACCCGCGCCCAGCGCCGGTGGGAGGGCATTTTCCAGGGGATTGCCCATCCTACGGTAATCCTCGATGCCAACCATGTGGTTGTGGCCGCGAACAGGGCCGTTGTGATGGCTTCAGGGGTGAGCGAAGAGGAAATCGTCGGCCGGAAGTGCTATGAGATCTTTCACAATTCCGGATGCACCGAGCCTCAGCATTCGTGCCCCATGGAAAAGATGCTCCGGTCAAATTGCGTGAAAACGGTCGAGATGGAAGCGGATGCCTTTGGCGGCGTCTATCTTGTGTCATGCACCCCTGTGTTTGACGAAGGGGGAAAGGTCGATAAGGTCATCCACATTGCCACCGACATAACGGCGCGCAAACGTGCCGAGGAGGCGTTGCGTGAGAGCGAGGAGCGGTACCGGATCGTTGCCGACTACTCCTCCGACTGGGATTTCTGGCTGGCTCCCGACAACAGCCTCTTCTACGTGTCTCCCGCCTGCCTGGACATAACCGGCTATGCCCCCGAAGAGTTCTACGCAAACCCCCAGCTGAACAGCTTAATAGTTCATCCCGACGACATGGAATTAATGGCGCGGCACAACGAGGAAGCTCAGACCGCCAACGAAAGACACGCGATGGAGTTGCGCATCATCACCAAAACGGGGGAGACCCGCTGGATATCCCATGTCTGCCAGACCGTTTACGACAGCGAGGGGCGCAGCCGGGGACGCCGTGCCAGCAACAGGGATATCACTGCCCTCAAGCGGGCGGAGGAGGAAAACCGGCGGCTCCATGCCGAACTTGAGCAACGGGTCAAGGAGCGGACCGCCCAGCTTGAGGCGGCCAACCGCGAGCTGGAATCCTTCAGCTATTCGGTCTCCCATGACCTGCGTGCCCCATTGCGGCACATCGAGGGGTTTGCCAATATCCTCATGGAGGACTACGCCGAGACCCTCGACGAGACGGCCCGGGGATATCTTGAGCGGGTCGTACGCGCCACGGGGAGGATGGAAGAACTGGTGGCCGCCCTGCTCAAGCTTGCGCGATATACCCGCGACTACATGACGTTCGAACAGGTGGATATGAGCGGCATTGCCCGGGAAATTGCGGAGGAGTTCTCTAAATCGGAGCCCCGGAGGAAAGTGGCGGTTACCATCCAGGATGGGGTCAGGGCCACGGGTGACGCCCGCTTGTTGCGGGTAGTGCTTGAGAACCTTATGGGCAATGCCTGGAAATTCACCGGCAAGGTTGATGAGGGGATAATCGAGTTCGGCAGGGAGATGCGCGAAGGGCAGGCGGTTTATTTTGTGCGGGATAATGGTGCTGGTTTCGATATGGCTTATGCTGATAAGCTTTTCAGCGCCTTCCGGCGGCTTCACGGCAGCGACGAGTTCGAGGGGACCGGCATCGGTCTCGCCACGGTGCGCCGGATAATCCATCGCCACGGCGGCGAGGTCTGGGCCGATGCGGCGCCGAATCAGGGGGCAACCTTCTCGTTCACGCTTTCCCCGGCATGAGATGGTTGTCCTGAATGCTGAAAAGGGCGATGCCATGTCCGGCACCGCCCTTTTTCTGCGGCAGAATCCTACCCCTTTAGTCCCGCTTCCACGGCCAGCTTTCTCCAGGCGGGAAGGCTCCGTTCAATCATTCCCCTGTCCACGCAGTAGGCGATCCGGAAGTAGCCCGGAGCGCCGAAGCCCGCCCCCGGCACCAGCAGAATCAGGTGTTTCTGGGCCATTTTGACGAACTCCACGTCGTCGGCCAGGGGTGACTTGGGAAAAAAGTAGAAGGCGCCGTCGGGCCGCACCATCTCGAATCCCATGGCGGTGAGGCTGTCGTAGAGGATGTCGCGCTTGGCCTGGTATTCGCCGATATCCACGGAGGCCCGCTGGAGCTTTGCCACGAGCCGCTGCATGAGGGCCGGGGCGTTCACGAAGCCGAGGACCCGGTTGCTGAATACCGCCCCCTCCATGAACAGCCCCACGCCCCGTGCTTTGGGATTGATGGCCAGGTAGCCGATCCGCTCGCCGGGGAGTGCCAGGTCCTTGCTGTGGGAGGCGACAACGATGGAGCTTTCCACATACCGGAAGATGTTCGGCACGTGCTTGCCGTCGAAGGCGATGCGGGCGTAGGGCTCGTCGGAGATGACGTATATCTGCCGGTCGTAGCGCTGCTCCGCCCGCGCCATCATCTCGCCCAGGGCCTTCAGGCTCTCTTCCGGGTAGATGACCCCGGTGGGGTTGTTTGGGGAGCAGATGATGACGGCCCGGGTCTTTTTGTTTATGGCCGCCTCGATGGCCGGGATATTCAGCTGGAAAGTCTCCCGGTTGGTCCAGACCTCCTTCGGCACCCCGCCGTGGTTGTCGATGTAGAACTTGTACTCCACGAAATAGGGGGTGAGGATTATCACCTCTTCGCCGGGGTTAAGGATGGTCTTGAGCACCACGTTCAGTGCCCCCCCCGCCCCGCAGGTCATAACCACATGCTCGGCGCCCACGGGGAAACCGGCGGCTTCGGCGATTACTTCGGCCACCGCGGCGCGGGTCTCCGGGTATCCGGCGTTGTTCA
CP071382.1_gap51	1976574	1977608	1034	GGAGTGGCGTTCCATAGTCGTCTGTGGCCTGCGCGACGGAGGAAAGGGGTATTTTGCCCTCGATATCACTGATGAGGCCAATCCGATACCGTTATGGGAGCTTACCGCCACATCATCGGCCACCTCGAATGGTCTGGGGTACTCATTCGCAACACCATTGATCCTCAAGTTGAGGGACGAGGACGCTGCTGGCGGATTCCGCTGGGTTGCGGCCCTTGCGAACGGTTACGAGGGACCCACAAGCAGCAAGGCTGCGTCACTCATCATCGTGGACCTCGCCACGGGAGCGGTAGTCAGCGAGATCGTCGTCGACAACACCGCGTTTAGCGGTCCCTCCCCCAACGGTCTTGCTACGCCCGCAGCTATTGACAAGGATATGGACGGATTTGCCGACACCCTCTATGCCGGGGACCTCAATGGGAACATGTGGCGGTTCGACGTGAGCAGCGCTAAAAAGGCCCAGTGGAAGGCTGATCGCCTCTTTGAAGCGGGGGGCACCCAGCCGATCACCGCTGCACCTGATGTGGTAGTGCGCCTCGGCTACCAGTACGTCTTCTTCGGCACCGGGAGATATCTTGACGAGGGGGACAAGGCGACGTCGTTCACCCAGAGCTTTTATGGGGTGAAGGACAATAATATGACAAAGAATTTGACGCGTACCGATCTGGTGGGGCAGGCAATCACTGAGGTTACCTATTCGGGGACTCTATACCGTACCCTCTCCAGTTTAACGGTCGGCAGCAAGAAGGGGTGGTACCTCGATCTTCCCGGAAACGGCGAACGGGTCATCACGCAACCTGTCGCCACCGGAACCTCCCAGTCCGCCAAGATCATTTTCACCACCTTCACGCCATCCACCGATCCCTGCCTGCCGGGGGGCTTCAGTTGGCTTATGCAGGTCAACATGGAGACGGGAGGGGAATTGAAGGCTCCGGTATATATGGTCCCTGAAAGATCGGACGGCACCGTCCCCGTGGGGGACACGTCGCGGATTCCTTCGGGCCTGCGTCTGTCTACGGGGTCCGTGGCGTCGC
CP071382.1_gap52	2124296	2126817	2521	CGGTTCAGTGCCCGGAGCATGGTCGATTTGCCGCATCCGGACGGTCCGATGATGGCGGTGACGGTGTTTTCGGGGACGTCGATGGAGACATCCTTTACCGCGTGGGTCTGCCCGAAGTGTACATTCAATTTGTCGATGGTTACCTTGGTTTTCATGTGTTCCTCTGAAAAAATGGTGACGACTAATGTTTGGCCCGTCCCAGGTAGCGTGCCGTAAGGCTCAGGGCGAACATGACCGTAACGAGGACCAGCGCTCCCGCCCATGCGAGCCGGTGCCAGTCTTCGTACGGAGAGATGGCGAAGTTGAAAATCTGCAGCGGCATGGCGGCAATGGGTTCAGACAGCTTCCTGCTCCAGAACTGGTTCCCCAGGGCGGTGAACAGGAGCGGCGCGGTTTCGCCGGCGACGCGCGCAATGGCCAGGAGGATGCCGGTAATGACCCCCGTCGTGGCGCTGCGGAGGGTCACCTTGAGGCTGGTGCGCCAGAGGGGGACCCCAAGGGCCAGAGAAGCTTCCCGCAACGATCCGGGGACCATTTTGAGCTGCTCTTCGGTGGTGCGCAGCACGATCGGGATCATGATGAGCGCCAGCGCCACTGCGCCGGCCAGGGCGGAGAACCCCTTCATGGGTACCACCAGTAGGGTGTAGGCCACCATCCCCGTGATGATGGAGGGGACGCCGGAGAGCACGTCCGCCGCAAATCGCACGGCATTGGAAACCTTGCTCCCGCCGAACTCCACCAGGTAGAGCGCCCCGAATACGCCGACCGGGATGCCGATTACCGAGGCCAGGGCGATCAGGACCGCCGACCCCACCATGCCGTTGGCCATTCCTCCCCCCGTTTCGCCGGTGGGCTTCGGGATGTGGATGAAAAAGTCCGGGGTGATGGAGCTGGCACCCATTTTGATGATGTGGAAGAAAATCATTCCCAGGGGCACCAGTACGGCCACGGTGGCGCACACCATGAGAAGGGTGACTATGTGGTTCTTGATCTTTCTGATAGTGACGGTTCCCATTATTTCGCCCCCCCTGCCGCTTGCCGTGTCATGCCCCAGAGGAGGAGCCTGGCCATGACGTTGATGACAAGCGTGATTGCCAGAAGCAGGAGGCCGATTTCCATGAGCGCCGAAGCATGGAGTGTCGAGGTGGTCTCGGCGAACTCGTTGGCGATGACGCTCGGCATGGTGTAGGCCGGTGAAAGGAGCGAAAGGGATATCTGCGGCGTGTTGCCGATTACCATCGTCACTGCCATGGTTTCGCCGATGGCCCGGCCGAGCCCCAGAATGACCGCGCCAAGGATGCCCGAGCGGCCGTAGGGGAGAACCGACATGCGGATCATCTCCCAGCGGGTCGCTCCAAGGGCTATGGCCGCTTCGCGCTGGCTCTGGGGGACGGCGAGCAGCACTTCCTTGGATATTGAGGTTATGATCGGGACGATCATGATCATCAGGATGAAAACGCCGGCCATCATGCTCACGCCGTAGGGAGCCCCCTGGAAGAAGGGGAGGAATCCGAAGCGCTCGATGAGAAACGGCTGCACCGTCTGCTGGAGCCAGGGAGCCATGACCAGGATTCCCCACAGGCCGTAGATGACGCTCGGAATTGCCGCCAGCAGCTCAACCAGGGCAGCCACGGCGCCGCCGAATTTCTTGGGCGCAATCTCCGTTATGAAGAGAGCCGTCCCGACGCTGAGCGGGGTTGCGAGAACCAGGGCGAGAATGGAGGATATGACCGAGCCCCAGATGTAAGCCAGGGAGCCGAAGGCGTCCTGAACCGGGTCCCAGTTGGAATCGCCGATGAATTTCCAGCCGAAGGCCTTTATGGCCGGGAGGCTTTCCTTCACCATCTCCAGGACCATGACGGCCATGATGAGAAGGATGCTGAAGGCAAGTGTTGCTGTAACCCCCTTGAAGAGAAGGTCCGAATTCAGCCCTTTGTTCGGGGGGAGCGCTGGTGATGGTGTCTCGTTAGTCACCGTATTCTCCGTATATCCAATCGGTTGCCAGAGGCTCTGTTCTTCAGGAATGGTATGCCTGGGGCAGCCTCAGTTGGTTGTTTTCCGTAACATGCACTTAATGCTGCTGTAACAATTACGGGAAGCTGAAAATGCCCGGCGCTCACCGCTGTGCTTCGCGGGAGGCCGGGCTTTCCAGGAGATTACTTAATGGTCTTGATTGTTTTTCCGACCATTTTCTTGACGTTTTCGGGCAGCGGTGCGTAGAGGAGCGGTGCCGCCATTTTCTGGCCGTTGTTCATGCTCCAGTTCAGGAATTGCACCAGTTTTTGCCCCTTCAGGGCGTCTTTCTGCTTTTCGTACACGAGCAGGTAGGTGAAACCGGCAATCGGATAGGCGTTTTTGCCCGGCTGGTTCACGAGGGAGATGCGGTAGTCGGCCGGCATATTCCTGGCGGCGCCGGCTGCTGCGGCGCTGGTGCTCTGGATGGAGGGCTTGACCCAGTTGCCGCTCTTGTTCTTCAGGGTGGAGGTGGGGAGCTTATTCTCGAAGGCGTAGGCCAGTTCCA
CP071382.1_gap53	2137715	2141344	3629	TGGTGCAAAGATCGAGGCGGGTGGACAGGTCATCGGCAACTGTCTTGCGCCGACCATTCTCAGTGGCGTGACACCAGCCATGAAAGTAGTTTGCTCAGAGGTGTTTGCACCGATCGTCTCGGTGCTTCCCTTCGAGACCTTTGAGCAGGCCCTGGATATGGCTGATGATTCCTGTTACGGTCTCCAGGCAGGTATCTACACCCGTGACATCAATAAGGCGTTTCAGGCGATAGGGCGGCTTGATGTCGGTGGGGTCATTATTAATGATGTCCCTACATTCCGGGTCGATCACATGCCCTATGGCGGCAATAAGCAGAGTGGCCTCGGTCGCGAGGGGGTCAAATATGCCATGGAAGAAATGACAAATATTAAAATGGTATGTATTAATTTGTAAAACAGTGATAAAAGGTTTTGGGTTTTAAGTTTAAGCTGTTGAAATTATTGAATTTAAAAGAAAGCAGCATTCAATTAAAAAAACCTTGACATAATTTTTAAAGACAGTATATTCTCTCTCCGTTGTGTTTATAAACCATGCGCACTGCGCGAATATGGCAATCAAAAAAAAGGAAAAGAGGTGAAACGTCAATGAAAAAACTGCTTTCTCTGACCCTGTGCCTTGCTATGGCTGTAGCTTTTGCTGCTGGCTGCAAGAAAAAAGAAGAAGCTCCGGTTCCGGCTGAGCAAGCCGCTCCGGCTGAGCAAGCCGCTCCGGCTCCTGCTCAAGAGCCGATGACTTCTGCTCAAGCTCCGGCTGCCGAGCAAGCTGCTCCGGCTGCTCCTGCTGAGCACAAGTAACCAGCTTACTTCTGCGAGTATAGAAAAAGGCCTACAGAACATGTTCTGTAGGCCTTTTTCTATTTGATAGCCTGAAATCAATTGACATTAAACAGGCTGCATGGTATCTGAGACGGTCATTTTATTTTAGTCACACTTTGGAGGCACTGATGGAAAGAACATTCGCTATTATTAAGCCTGATGCGGTTGAGCGGAATATTGTCGGCAAGGTTCTCGAGAAAGTCGAGGCTGCAGGCTTCAGGATTGTGGGCATGAAGAAGATACAGCTTTCCAAAAAGGAAGCAGAGGGTTTCTATTATGTTCACAGTGAGCGCCCTTTCTTCAATGATCTCTGTTCGTTCATGTCCCGCAGCCCCGTTGTCGTGCTGACTCTCGAGCGTGAAAATGCCATTGCAAAATGGCGCGAGGTTATGGGGGCAACTAATCCGGCCAATGCCGATGCCGGCACGATTCGCAAGGAGCTTGGCCTCAGCATCGAGGAGAACACGGTCCACGGTTCGGATTCCCCCGAGTCGGCTGCCTTTGAGATTCCGTACTTCTTCAGCCAGCTAGAACTCCTCTAGGTTGCAACAGCATTGCGAGGACAAAAGCCCTTCACATGAAGGGCTTTTTTATATCCAAGTACTATGATGAACAGTAAAGTTGATATCAAAAATTTTACCCTTGATGATCTTATCGCATTTCTTGCCGGCAAGGGTAAGGAGCGGTACCGGGCCCGGCAGATTTTTAAGTGGGTTTACCAGAAGGACGCCCGCAGTTTTGCCGAGATGACCGATCTGGCCAAGGACCTTCGGCGGGATCTTGAGGAATCGGCCTTCATCAGTAATCTGGAGCCCGAGGCGATGGAGGTGTCACAGGACGGCACCCGGAAGTATCTGTTTCGTCTTGAGGACGGCAATACCGTCGAGTCGGTTCTTATCCCAGAGGAGGACCGGACTACTCTCTGCATTTCGAGCCAGGTGGGCTGTGCCATGGCCTGCGAGTTCTGTCTTACGGGCACTTTCCGTCTTACGCGGAACTTGACCGCCGCAGAGATAGTGAATCAGATATGCGCCGTGCGCAGAGACGTTCCTGTCCGCAATATTGTCTTTATGGGGATGGGCGAGCCGCTGGCAAATCTTGATAATGTCCTCAAGTCGCTAAAAATTATCCTTCATGATGACGGCCTTCAGTTTTCTACCCGGCGGGTAACGGTTTCCACCGCAGGGCTTGTCCCGGAGATGGAGCGTCTGGGAAGCGAGGTGACGGTCAATCTGGCCGTGTCCATCAATGCTACCACCGATGAGGTGCGCAGCAGGATCATGCCGGTAAACCGGAGATATCCGCTCAAAACGCTTCTCGATGCATGTCGAAATTATCCTTTGCCGGGGCGCCGGAAGATTACCATAGAATATGTGATGATCAAGGGGCTCAACGATTCGCTGGAGGACGCAAAACGGCTTGTGAAGCTCCTGAGTGACATCCCCTCGAAAATCAATCTGATTCCCTTTAACGAGCATGACGGTTGTTCTTTCAAAAGCCCAGGTCAGGGGGCGATTGATGTGTTCCACAGTTATCTTCTGAGCAAGCATTTCACGGTTATCACCCGATCGAGCCGCGGCGCTGATATTTCCGCTGCGTGCGGGCAACTCAAGGGTAAGTTGGATAAGGGTGCTTTGAGCTTCTGATTCATATCGACCAGGGAGGAGTGCGGCATGGGTGAACAGGTTATCGGCGTCATTGGCGGAAGTGGCCTCTACGAGATGGAAGGGTTGAGCGATGTTCGGAGTGTTGCGGTGGAAACCCCCTTCGGCGCCCCGTCCGACGAGTTCATTACCGGAGTTCTCGACGGTGTGCGGATGGTGTTTCTCCCCCGGCACGGGAGGGGACACCGGCTGCTGCCGTCGGAAGTGAACTACCGGGCGAATATATATGGGATGAAGAAGCTTGGTGTTACGCGGATTATCTCCGTTTCCGCCGTCGGAAGCATGAAGGAGGAGATCGCTCCGGGGCACATCGTAATTCCCGACCAGTTTATCGACCGTACCAACGCAACGCGGGCCAACACCTTCTTCGGCAATGGGTTAGTGGCCCATGTGCAGTTTGCAGATCCGGTGTGCGCTGAGCTGTCGGAGCATCTGTTCGAGGCGGCCAAGGCTGCGGGGGCGATAGTTCATGGCGGTGGGACGTATCTCTGCATGGAAGGGCCGGCCTTCTCCACCCGTGCCGAATCCAACCTTTATCGCTCCTTCGGCGTTTCAATCATAGGGATGACGAACATTCCCGAGGCAAAGCTTGCCCGTGAGGCCGAGATCTGCTACGGAGTCATAGCCTTGGCGACCGATTACGACTGCTGGCACGAGTCACATGATGATGTGTCCGTTGATGCGATTCTCGGGATAATGAAGCAGAACGTCGTCATGGCCAAGTCTATAATCGGCCAAGTCGTGAAGCGGATTGGTGCAGATAGCTCCTGTTCATGCTCGTCGGCCCTGACCTATGCGATTATCACCGACCGTGCTGCCGTTTCGGCCGAGGCCCGACAGCGGCTCGATCTGATAATTGGCAAGTATCTGTAAATAACTTAAGGAGATTTCCATGGGGATCCTTGTTGTCGGTTCTGTGGCTTTTGACTCGGTGGAGACGCCTTTCGGTAAAGTTGAGAACGTACTAGGGGGGTCTGCTACCTATTTTTCCACGTCTGCGAGCTTTTTTACTGATGTGAGCCTCGTGGCGGTGGTGGGGGAGGATTTCCCCCAGGAGCATCTCGATTTCCTTCAGTCCCGCAATATTGATTTGCGTGGTCTTGACCATGAGGGTGGTAAGACCTTTCACTGGAAGGGGAAGTACGGTTA
CP071382.1_gap54	2178278	2180513	2235	GGGGCCTTTCAGCGGCTCCACAGTGCCGAGGAGTTCGAGGGGACCGGAGTCGGTCTCGCCACGGTCCAGCGGATCGCCATGCGCCACGGCGGCCGCGCCTGGGCCGAAGGGGAAGAAGGGAACGGGGCGACATTCTATCTCTCCATCCCGTAACCCTCCCGGTTTCTTGACACTCCCCACCCCCTGTGCTAGTTTAAATTCCCTTTAAAAGCAGTCTTTCCCGCTATTTTTGCAACGCATTTCGTTGATCGGAGCATCCCGTGTATTTCCCCGATTTCGACACCTTCCGGGCTTTGACTGCCAAGGGCAACCTTATCCCCGTCTGCCGCGAGATTATGGCGGATATGGATACCCCGGTCAGCGCCTTCCGCAAGATTGACGACGGCTCCTACTCCTTCCTCCTGGAAAGTATCGAGGGGGGAGAAAAATGGGCCCGTTACTCTTTCCTCGGCTCCAATCCGACCACTGTCATCCGGTCCCGCGGCAATACTGTCGAGCTCATCACCAACGGAGAGACTCGCTCGGTTACCACCGGCGATCCCCTGGGCTTTGTGCGGGAATACCTGGCACGTTTCCGTCCCGTGGAGATTCCCGGCCTTCCCCGCTTCTTCGGCGGCGCCGTGGGGTACCTGGGGTACGACATGGTGCGCCACTTCGAGCGGCTTGAAACGGCGAAGCCCGCCGTCATCGGCGCCTGGGACTCCTGCTTCGTCATCACCGACACGATCCTGATCTTCGACACCATGCGGCAGAAAATCACCGTGGTCTCCAACGCCCACCTGGAGGACGGCCAGGCCCCCGAGGCCGCCTATGCCGAGGCCATTGCCAGGGTGGACGCCCTCATTGCCAAGTTGCGGAAGCCGCTTCGGCTGGAACCGGCAATGTCCGGTTCTGAAAAGGTTTCCTTTGCCTCCAATGTCACCCGCCAAGAGTTCGAGGCGGCGGTGGAGAAGTGCAAGGAGTATGTCCGGGCCGGGGACATCATCCAGGTGGTGCTCTCCCAGCGGTTCTCCGGCGCGCTCACCGTCGATCCCTTCTCAATCTATCGGGTGCTGCGGACCCTGAATCCCTCCCCCTACATGTTTTTCCTCAGAATGTCGGGGACCCTCGTGGTCGGCGCTTCCCCGGAGGTCATGGTCCGCAAGGAGGGAGACCGGGTGGAGCTGCGCCCCATTGCCGGAACCCGTCCCCGTGGCGCCACGGCGGAGCAGGATGAGCAACTGGCGGAGGAGCTCCTGGCCGATCCCAAGGAGCGGGCCGAGCATGTAATGCTCGTGGACCTGGGGCGCAACGACCTGGGGCGCGTATGCCGGACCGGCACCGTGAAGGTGTCGGAGCTCATGGTGATCGAGCGCTATTCCCACGTGATGCACATCGTCTCCAACGTGGAGGGTGAACTGGCCGAAGGAAAGGACGCCTTCGACGTGGTGCGGGCCACCTTCCCGGCGGGGACCCTCTCGGGTGCCCCCAAGGTGCGGGCCATGGAGATCATCGACGAGCTGGAGCCGGTCCGCCGCGAGGTGTACGGCGGCGCGGTCGGGTACTTCTCCTTTTCCGGCAACATGGACCTGGCCATCGCCATCCGCACCCTCGTCATACGCGACGGCACGGTGCATTTGCAGGCCGGTGCCGGCATTGTGGCCGATTCGGACCCCGCCGCCGAGTACCAGGAGACGGTCAATAAGGCCATGGCGGTGGTTAAAGCCATCGAGACTGCGGAAAAGGGGTTGGATTAGTCAGCCATGGACGTGATCAAACTGCAACAGGCCGCCGCCTTGGGAAAGGTTTCCTGGCAGAGGCATGCTTTGACCAGGATGCTTGAGCGCGGCATTTCTCGGCAAATGGTTTTGACCTGTCTCAGCGACGGTGATGTCATTGAGGTGTACGAAAAAGACAAACCCCTGCCGAGTGCTCTGTTGCTCGGATTCCCTGCCGGTGGCCCGCTGCACGTGGTTGCGGCATATGATGAAACGTCGGAAATCTGCTACGTGATAACCGTGTATCGACCTGACTCACGACATTTCGAGGCGGATTTCAAGACCCGGAGGTTGCCATGATGAGCGAAAATACTGGTGTCTGCCCGCTATGCGGTGGGGACATGGAAACAGGAAAGACGACATTTACGGCTGACCTGGGTTTCGGCGTGGTTGTGGTCAGGAATGTCCCGGCTACCTTGTGTTCACAATGCGGTGCCGACTGGATCGACGATGCCACCGCCGCCAGAATCGAAAAGAT
CP071382.1_gap55	2182187	2185820	3633	AAGGGGTCCGGCTCGCCGCCGAGGCCATCGACTCGGGCCTCGCCCTGGTAAAACTGGAAGATTTGATCAGCATCACCCACCAGTAGGGGCAATTCATGAATTGCCCTGACAGCCCGAAAGTAAACCCATGACCGATACGCCAGACATCCTGAAGAAAATCGTTGAGCACAAGCGCGGTGTGGTGGCTGCGGCCCGTTCTGCAGCCTCCCTGGAGGAAGTTAAATCACGCATTGCCGACCTGGAGGACCAGCCCCGCGGCTTCGAGCGGGCCCTGCGCGACTGCCACGCCTCGGGCTGGACTACAGTCATCGCCGAGGTAAAGAAGGGGTCTCCCTCCAAGGGGCTCATCCGCCCCGATTTCGATCCCCTTGACATTGCCGAGACCTATGAGAAAAACGGCGCCGCCTGCCTCTCTGTGCTGACCGAGGAGAAGTTCTTCCTGGGTGATCTACGCTACCTGGCCCTCATCCGTGAGCAGGTGAGGCTGCCCCTTTTGCGCAAGGACTTCCTCTTTGATCCCTATCAGGTATTCGAAGCCCGTGCCGCTGGGGCCGATGCCATCCTCCTCATCGCCGCCATGCTGGAGCGGGCGCAGATTGAAGAGCTGGCCGGGATAGCCAGGGAGCTTTCCCTCGACGTGCTCCTGGAGGTTCATGACGAGGATGAACTGGAGACGGCCATCGCTACGGATTGCACCCTCATCGGGATCAACAACCGGAATCTCCGCACCTTTGTCACCGACCTTGCCACAACCGAGCGGCTCATTCCCATGATTCCCGCCGACCGGTTCATTGTTGCCGAAAGTGGCATCACCACCCGCGGCGACATTCTCCGCCTCCAGACCGCCGGCGCCCACGGCTTCCTCATCGGCGAGTCCCTCATGCGGGAGGAGGATTTCGGGGCCAAGCTGCGGGAACTCTTGGGATAGTTTCTGATTTTGTGGGAGTCGGGGGTCCCGTGGAGCGAATGCGGCCGAGAGCCAGCCGCTGTAGGCGAAATGGAGCAGAGCCGGCCCATCGTGTCTGAGCCCGACAGGGCGAGTTGATGGGGCGGCGCGGAATGAGCCGTACTGCGGCGGTACGAGAGGCGCTTTGAGCGGAACGGGATGCCTGGCTCCCACAAAATCATATAGTTGCCACCCAAAGGAGATTCGATGCAGACCAAGATCCTGCTCGACGAGAGCCGTATCCCCACCCACTGGTACAACATCATCCCCGACATGCCCGGCCCCCTGGCGCCGGTCATCAATCCCCGGACCCTCCAGCCGGTGACCCCCGATGATCTGCTCCCCATCTTCCCCATGGCCATTATTGAGCAGGAGGTCTCCGGCGAGCGGTGGATTCCGATCCCCGAGGAGGTGCGGGAGATCTACCGGCTCTGGCGGCCGTCCCCCCTCTACCGGGCCCGGCGGCTGGAGCAGGCCCTCGGCACTCCGGCGAAGATATATTACAAGTACGAAGGGGTGTCGCCCGCCGGCTCCCACAAGCCCAACTCTGCCATTCCCCAAGCCTACTACAACAAGCAGGCGGGCATTCGGCGACTGGCCACCGAGACCGGGGCAGGCCAGTGGGGAAGCTCCCTGGCCCTGGCCTGTTCCATGTTCGGCCTTGAGTGCACCGTCTATATGGTTAAGGTATCGTGCTTCCAGAAGCCCTACCGCAAGAGCATGATGCAGCTCTGGGGGGCCAATGTGATACCGTCGCCGTCGGAGTTCACCAACGCGGGGCGCTCCATCCTGGCCCATGACCCGGACAGCAACGGGAGCCTCGGCATCGCCATTTCCGAGGCGGTGAAGGACGCCATATCCCGGCCCGACACCAACTACGCCCTGGGGAGCGTCCTGAACCACGTCTGCCTCCACCAGACCGTCATCGGCCTGGAGGCCAAGGAGCAGTTGGCCCTGGCCGGGGACTACCCCGACGTGGTCATTGCCTGCTGCGGCGGCGGCTCCAACTTCGCCGGCACCGCGTTCCCGTTCCTGTCCGACCGGGCTGCCGGAAAGAACGTCCGCTGCCTCGCCGTGGAGCCCGCATCGTGCCCGACCCTCACCAAGGGGGTCTACGCCTTCGACTACGGCGACACCGCCAAGATGGCCCCCATCGCCATGATGTACACCCTGGGGCACGACTTCATGCCGCCGGGAATCCACGCCGGGGGCCTTCGCTACCACGGCGAATCCGCCCTGGTGTCGCAGCTTTATCATGCAGGGCTTATCGAGGCCAAGTCGTACCGGCAGAACGCCTGCTTCGAGGCGGCCCACCTCTTTGCCCGCAGCGAGGGGATCGTCCCGGCACCCGAATCGTCCCACGCGGTCCGGGCCGCCATCGACGAAGCAGTCATCGCCAAGGAGGAGGGGAAAGAGCGAACCATCCTCTTCTGCCTCTCGGGCCACGGCCAACTGGATATGGTGGCCTACGACGCCTACCTCTCCGGTGGCCTGGAGGACTTCGAGTATCCCGAGGAGATGATCCGGGAGTCCCTGGCGCGGCTGCCGAAGGTGGAGATCTGAAGCGGTCATGGTAAGGGTCAAGATCTGCGGCATAACGTCCCTGGAGGACGCCCTCATGGCGGTGGCGGCCGGCGCCGACGCCCTCGGGTTCGTGTTCCACGAACAATCCCCCCGCCACGTGACGCCGGAAGATGCCGCCGGCATCATCGCCGGGCTGCCCCCCTTCGTGCAGACGGTGGGGCTCTTCGTGAACCGTCCCCTGGAATTGGTCAACGAAACGGCCGCCCGCTGCCGCCTCGACCTGGTTCAGCTCCATGGCGACGAATCTCCCGAGTTCTGCGACGCCGTAGAACGCCGGGTGATCAAGGCGTTCCGGGTGAAGGATGTTACGAGCCTAGACCCCATCAAGAACTACCGCGTTGCGGCCCATCTCCTCGATGCCTACTCCCCCAAGGCCTACGGCGGCACCGGCCTCACCTTCAACTGGGATATCGCCGCGGTGGCCAAGGAATTCGGCCCGGTCATCCTCGCCGGCGGCCTCACTCCTGACAACGTGCGGGAGGCGGTGGAAGCTGTTCAGCCCTACGCCGTGGATGTCTCGGGTGGCGTGGAGAGCGCGCCGGGGAAGAAGGATGCGGCGAAAGTGCGGGAGTTTATTCGGCGGGCGAAGGGGTGTTGAGCTTTATGCAGAGTGAAGAAATGAATCTGGTAAGGGGACGGAATGTATTTCCATCCCCTTTCTTGTGTGAAATAGAGGGGCTGGTTGCCATGAAATATAAATAAATCTGCCCTGGCTTGAACTGACGGCTGGATGTAAGAATTTGGGATAAATGTTCCATAGGGGTGGATCACCGGGTCACACGCGCGCGCGTGAACCGGTCAATTACGAGTTGGACACAAAAGGAAAGTTAAGAAAAATTATGTAGATACCGATTCTTCGATTCTGCGAGCTGGTAAGAAAGCGAGGATTTCCTCGGTCTTTGCCCTGACGCCACGCCTCGTTTTTACTACCAAATCTGCATTAACTAGGAAATTTATGTCTCGTTCGATGGTCCGTTTAGTCTTACCAACGTAGGCAGAAGAGACGCGGTGACTGACCTCTGTTATCTCGCTCAAAGGTATGACCCCCTCCTTACGGGAGAGGTCCAAAACCAAGTGTCTACGTCTTACATCAGCCGGCGTGT
CP071382.1_gap56	2219148	2223870	4722	ACTTCAACGTTTACCGCTGGGCCGGCCGGATGCTGCTGGATGCCGCGCGGGTTCGTCAGCGGCAAAAACTGGCCGCCCGGATCGGGGGCGAATCGTAATGGCTGCGGAGCCGATGACCTACCTGTTCAGTGATGCCGGACGAGCGGAGCTCCGGGGCGCCATCGACGGTGAAACGCTCTTCGCGTTCGATCTGGACGGCACTCTGGCGCCCATCGTTGCTGATCCCGCCGGGATCATGATACCCTCCGGGATAAAAAACGGGCTGCTCCGTCTCGGCCGGATGGCTCCAGTCGCCGTTATTACCGGCCGGTCCCGTGCAGATGCCCTTGCGCATCTGGGATTTTCTCCCCGTTTTCTCGTGGGGAACCATGGCGCGGAGGGGCTTCCCGGCGACGGAGCAACGGAGCGGGAATTCATCCGTCTCTGCCGCGGCTGGATAGCGCAGTTGCAGGCCATCTTGCCGGATGCGGACGGATCCGGTATCTATATGGAGGACAAAGGTGCTACCCTGTCGCTCCACTACCGGAACGCGCCGGACCGGGAGCTGGCGCACAGGAAGATCCTGGAGGCGGTAAGCCGTCTCGATCCGGAGCCACGGCGGATTTCCGGCAAATTCGTGGAGAACGTGGTGCCGCAGGGAGCCCTTCACAAAGGGGAGGCGCTGCTCCGCATCATGGAGCACCTGGGATGTCGCCGAGCCCTCTTCGCGGGGGATGACGTGACGGACGAGGATGTGTTCGGTCTCCGGGATGACAGAATCTTCGGCATAAGGGTCGGGATGGTTGAAGTAAGCGCCGCCCGCCACTTCATCCATGAACAGTCCGAAATCGGGCTGCTTCTCGATGAGATCATGGCGATTCTGGAAACTCATCCAGGCGAAAATTCCCCGTAACATTACATGACTTCGGGCAGAACCGTGAAGGGCCGCGGTATTGCCCCGCTGACATCCACGCTGAACAAGGGAGTAGATTGATGGTAAAAAACCGGTTCCTGCTCATAGCTGCCGTTGCGGTGGTGATAATTCTCTTCCTGTCGTCGCTCCTCAATTTCTACACCGACTGGCTCTTCTTCGTCGAAACCGGATTCGCATCGGTGTTCACGACGACCCTTGCGGCCAAGGTGGGGGCCGGGCTCGTCTCAGGGGCAATTCTGCTCATTTTTGCCCTGGTCAACATCCACTACCCGAACCGGTTCACCTTCGCTCCCAGGAACGTTTTCTTCGAAGGGGGGAACCTTTACCGGCTTCAGCGGGATGAGGCGGCCAGGCTGGCCGCGCCCCTGAGCATTCTTGCCGCCGTCCTCCTGGCGCTCATGGCGGGGCGCTGGGGGGCCTTGCAGTGGCAGAACGTCCTGCTCTTCATGAATGGCGTAACGGTCGGCACCAATGATCCGGTCATGGGGAAAGACCTGGGCTTTTACCTGTTCACCATGCCGCTGCTGGAGTATGCCAGAGGGCTTGCCGGTTTCATGGTGCTGGCAGTCGCCGCCCTGTCCGCCGGGGTCTACTACGTGCGCGGCGGCATCGCCGTGACTGAGAGCGGCGTTTCCATCGATCCGCGGGCGCGAAAGCATCTGGCGGTTCTGGCGGGGCTCTTCTCCTTCACGGCTGCGGCCGGATTTTATCTGGAAGGCTACCGGCTTCTCCTTTCCGGCAGCAGTACCTTTCATGGTGCGGGCTATGCCGACGTCAATGCCAGGCTTTTGACCTACCGGATACTCGCGGCCGTCACCCCCATTGCCGGGGGTATCCTGGCGACGGGCATCTGGAAGGGCAGCCGGCGCATGGCGCTTCTGCCGCCGATGCTGCTGGCCGTGGTGTACGGGGTAGGCATCATGGCTTATCCGGTGCTGCTGCAGAAGTTCAAGGTCGCCCCCAATGAACTGGCCATCGAGACCCCCTACATCGAGAACAGCATCAAATTCACCCGTTTCGGCTATGATCTGGACAAGATCGAGACTATCCCATTCGATGCCGACCTGAAACTGACTGCGGCGGACATCGCCGGCAACGACGCCACCATCAGGAACATCAGGCTATGGGACCATGGCCCGCTTCTCAAAACCTACAGTCAGCTCCAGCAGATCAGGACCTACTACAAGTTTTTCGACGTGGACAATGACCGCTACCTGGTGAACGGCCAGTATTCCCAGGTCATGCTCTCTCCCCGGGAGCTTTCCTACAACGACCTTCCAAGCCGGAACTGGATAAACGAGCGGCTCATCTTCACCCATGGCAACGGCCTTACGTTCGGCCCCGTGAGCAGAATCAGCAAGGAAGGGCTCCCCGAGTTCTTCGTCAAGGACATCCCTCCCGTCAGCCTGGCGGACATTAAGGTGAAGAGGCCGGAGATTTACTACGGCGAACTCTCCAACGAGTACGTCATCGTCAAGACGAAGGTGCCCGAGTTCAGCTATCCGACCGCCACGGGAAACATCAATACCACCTATGGAGGAAAGGGTGGGGTGCCCCTGGACTCTTTGGTCAGGAAGGTTCTTTTCGCCGCCCTGTTCAAAACGGAAAAGATTCTCCTTTCCTCCGACATCACCGGCGAGAGCCGCATCCTCTACTACCGCAACATCAACGAGCGGGTGAAGGCCGTGGCGCCGTTTCTCCGCTTCGACGGCGACCCCTACCTGGTGGTGGCCGACAACGGCACCCTCAAGTGGATCATCGACGCTTACACCTACTCGGACCGCCTTCCCTATGCAAAGCCCCTCGCTGGTGGGATCAACTACATGAGGAACCCCGTCAAGGCAGTGGTGGATGCCTATGACGGCACTCTTGATTTCTACATCAGCGATCCCGATGACGTCATAATCAAGGTCTACGCACGGATATTCCCGAAACTTTTCAAGCCCCTGTCGGCCATGCCCGAGGACCTTCGCCGGCACATCCGCTATCCCCACCAGCTTCTCCAGGTGCAGGCCGCCATGTTCGCCACGTACCATATGACCGATCCGAAGGTCTTCTATAACAAGGAGAACCTCTGGGAAGTGCCGGTTCTGGGCGAGGAGCGGATGGAGCCCTATTACACCATCATGAAGCTGCCGGGAGAGACCAGGGAGGAGTATATCCTGCTTCTTCCCTTCACCCCCTCCAAACGGGACAACCTGGCGGCATGGCTTACGGCCCGCTGCGACGGGGAGAACTACGGAAAGCTGCTTGCCTACACTTTCCCCCGGGACCGGCTCATCTACGGGCCGAAACAGATTGACGCCCGGATCAACCAGGATTCCCAGATCTCCCAGCAACTGACCCTCTGGAGCCAGCGGGGTTCCCAGGTCATCCGGGGAAGCATGCTGGTGATTCCCATCGAGAAGTCGCTTCTCTACGTGCAGCCGCTCTTTCTGGCCGCGGCGGACAAGGCCGGGCTGCCGGAGCTCCGGCGCGTCATAGTCGCCTACGGCGACGAGGTGGTCATGGAGGAGACCCTGGAGCTGGCCCTGCAGCGGATCTTCGGGGGGAGAAGGGTGCCTGCCGTTGCCACAGCAGCGGCGCCAGAGGCCGTAAATGGCTCGTCGGCAGAACTGGCCCGGGAGGCGATGGCGATTTTCGAACGTGCCACGAACCTCCAGAGGCAGGGGGACTGGGCCGGCTATGGGGAGGAGTTGCGGAAGCTTCAACAGGTTCTGAGGCAGTTGGCCCGGTAACGATAAGGCCGCGACTCCCCTTAGTCCCCCCTGCCAAGTAGGGGGAAGCGAGCAGGGGGGTGAACAGGCGGGACTGGCCCAGAATAAGAACCGATCGCCACAGGGAGGTGGCATTCGGCGGCTTCGGCAGTATTATTAAGTGTGATTCCCATGGAGGGGAGGCTGCCGTGACCGTTGAAATGATGCTCGTACTGGGCCTTGTTGTGTCGGCCGTTATACTCTTTGCCACGGAGCGGTTTCCGGCTGACCTCGTGGCCCTCATCATCATGGCCGCCCTGCTGCTTTCCAGCCTCATCACTCCTGAGGAGGCAATCAGCGGGTTCAGCAACCCTGCCACCATCACCGTAGGGGCCATGTTCGTCCTCTCGGCGGGGCTCTACCGCACCGGCGCCGTGAACGCGGTGGGGAATGCCCTGGCTCGACTGGGACGAAAGAGCTACATACTGACCATCGCCGCCATGATGCTCGTCATTGGGATAATTTCCGCCTTCATCAACAACACGGCCGCCGTGGTCATTTTTCTCCCCATCGTTCTCGGAGTGGCCCGCGACACCCATACCAGCGCCTCCCGCCTCCTGATGCCCCTTTCCTATGCCTCCATGTTCGGTGGAGTCTGCACCCTTGTCGGCACATCCACCAATATCCTCGTCAGTTCCATTATCGAGCGCCGTGGCCTCGCCCCCATCGGGATGTTCGAGCTGACCGACATGGGACTGATTTTTTTCGGCGCAGGGGTCGTATATATGCTGCTGGCGGGAATATGGCTCATTCCCGACCGGGGAGGGGAGGACGAAACCGACAAGCGACTGGGATCCGGCGATTACGTCACCGAAATCATCATCCAGCCCGACGCCCGTTCGGTGGGGACGGTGCTCGCACAGTCGCCGCTTCTGCATGAGCTTGATCTGAAGAGCATTGAGGTCTTCCGGGACGGTCGCCGAATCGATGGGCCCCCCGAACAGATTGAACTCCGGGAGGGGGATCACCTGAAGGTCCGGTGCGATCTGGAAAACTTCCGCAAGATTCAGCAGCGGCGGGGCATCTCTTTGAGGCATGAGTCCGATCAGGGAG
CP071382.1_gap57	2234003	2236008	2005	GTGACCCTCCTCTATGATGGCCGGCATACCTGCGAGGTGACGGGCGGCGGTTATGAGCCGATTGGGGAGATCCTCAGGGATGGCCTTCCGGTGGCCGCCGCCGGCGAGGAACAGCTCGCGCGGCTTTTGCGGATCGGACTTCTCTGCAACGAGTCCGATGTTTATGAAGAGGACGGCGAGTGGCGGGTGGATGGAGATCCAACGGAGGGTGCGCTTATTGTGGCGGCCCTGAAGGGGGGGCTTTCTCCTGAAGCAGAGGAGGAGGCCTGGCCCCAGACGGCCATAATACCCTTCGAGTCCGAGCGGGGTTACATGGCGACCATTCACGACCATGGAGGGAAAAGGTTCATCTTTGTCAAGGGAGCACCGGAGCGGGTCCTGGATATGTGTACCATTGATTCCGCCGAGCGGGAGGCGACCCTGCGGATAGCGGGCGATTTCGCAGCCCAGGGTCTGAGGGTGCTTGCCCATGCCTGGAAAGAAATTCCTCCGGAGACCGGCAAGCTGATTCATGACGATGCTGAGACGGGGCTCTGCCTGGCCGGTCTCCAGGGTATGATCGATCCCCCGCGCCCCGAGGTGGTCGAGGCTATCAGGGGGTGCCGGCGGGCCGGTATCCGGGTTGTTATGATTACCGGCGACCATGGGGTGACGGCACGGGCCATAGCGGCCGACCTGGGTATTGTCCGGGATGATGCGCCGGTCCTTACGGGTCGCGAGCTGGAGGGAATGAGCGACGAGGAGTTTTCCGACTGCGTGAGGGAAGTTTCGGTCTATGCCCGGGTGGCCCCGGAGCATAAACTCAGGATCACCAGGCAAATGGCGGCTTCGGGCGAAATCGTCGCCATGACTGGCGATGGGGTGAACGATGCGCCGGCTCTAAAGGCTGCCCATATCGGGATCGCCATGGGAAAGGGGGGGACCGATGTTGCCAAGGAGGCCTCGGACATGGTTCTCACCGATGACAACTTCGCCAGTATTTTCGAAGCCGTCCGGGAGGGGCGGGTGGTCTTCGACAACCTTCGCAAGGTTACCTTTTTCCTGATTCCCACCGGCGTGGCCGCCATCCTTTCCATCATCGCCACCATGATTATGGGGATGCCGATTCCCTACGTCCCGGCCCAGCTCCTCTGGATCAATCTGGTTACCAACGGGCTTCAGGATGTGGCCATGGCCTTCGAGCCGGGCGAAAAAGGTGTTCTTGACCGCCCTCCCAGGCATCCGAAAGAGGGGCTCATGTCCCGGCTCCTCATCGAGCGGACGGTGCTCGTTGGAGGGCTTATCGCCGTCGGAGTGGTCTATACCTTTACGGATGCCCTGCGTAACGGCGCTACCCTGGAGAACGCACGCACCGTGGCGGTCACTACCATGGTTTTCTTCCAGTTCTTCCAGGCGTGGAATAGCCGTTCCGAGACCAATTCCATCTTCAGTTTGAACCTTCTCTCCAATCCGTTCCTTTTCGTGGCGCTCATTGCCGCTTTCTTCGCTCAGTTGGCAGTTCTATACGTGCCTGCTCTCCATGTTGTGTTCCGGACCGTGCCGCTCACCGCGGCCGAGTGGGGTACCATCCTGGCCGTTTCCGCATTGGTGGTGGTCGTGGTAGAGCTTGACAAATGGCTGCGGCGACGGGGTCAGCAGGAGGATGATTGATGCTTATCGTTCATTTTTCAGCATCGTCCCGGCAGCCGCAAGCTCTTCGCGTTTGGCTTCGTCCACCGCGGGGAAAGCGAGCTTGAGCCCGTCGAGAGCCTCTATGATGCCTGCCGCAACCACCAGGCGGCTGAACCATTTACTGTCGGCCGGCACCACGTACCATGGCGCGTATTCGGTTGCGGTGTGCCTTATCATATCCTCGTAGGCATCCATGTAACGGTCCCAGTGGCCGCGTTCCCGGACATCGTCCACTGAGAACTTCCAGTTCTTGTCCGGATTTTCGAGCCGCTCCAGAAATCGTTTCTTCTGCTCGTCCTGGGACACGTTGAGAAAAAATTTGCGGATGGCGATG
CP071382.1_gap58	2244376	2248075	3699	CGACTGGGGTGCCTGGCGTGCCGCCCGCCCGCGCTCTCATCCTCGGCGCCGGCGTGGTTGGCTTCGGCGCGGCGCGGGTCTGTTCCGGGTTGGGCATGGAGACGATCGTCATGAACCGCGGGAGTGGCCGCCTCCAGCGTCTCGATGAGATTCTGGCGGGCAGGGTGCGGACAGTGGTCCTGAACCGGGACGCCTTGGCGGAGGAGCTTGCGAAGGCCGATCTGGTCATTGGCGCGGTGCTGGTGCCCGGTGGCCGGACGCCGCTTCTTATTGACCGGCCGGCCCTGGCGACGATGAAGCGTGGAGCCGTCATCGTCGATGTTTCCATCGACCAGGGGGGGTGCGCCGAGACCAGCCGCCCAACAACCCACGACGATCCGGTTTACTTGGTGGACGGAGTCATCCACTACACGGTGGCCAATATGCCCGGGGCCTACCCCCGCACCTCGACCCTGGCGCTCACCAATGCCACGCATCCTTACGTTAAGGCGCTGGCCGTGCAGGGGGTGGAGGATGCGCTCCGGGCGGATTCCTCGCTGGCGGGAGCCGTCAATACACGGCGCGGCGGCATCGCCCATCCGGCATTGGCGGAGGCCCTGGGGGAGCCCCTGGCGGAAACGCTTGCGACATGACGGCATAGGGCTTCATATGCTTGACTAATCATTGGTTTTCGATTATTTTGTGCTATTCGCAACTTTTACCAACTGTTGCCATTTTAAGACGGAGTCATAAATCATGGACATGGACGAGAAAGACGTAATCGAGTCGACTGAAGAAGAGAGCTTTGCGGAGCTTTTCGAAAAGAGCAATAGCGAGAGCACCCGTTTGCGCCCCGGTTCGAAAGTGGAGGGGAAAGTCCTCAAAATCGGTGCAGACTGGGTATTCCTTGACATCGGCAAGAAGGGCGAAGGGGTGATGGAGCGCAAGGAACTTCTTGATTCCGAGGGGAACCTGACCGTCGCCGAAGGCGATACCATCACCGCCTGGTTTGTCGGAAACATTCGCAGCGAGATGCGTTTCACCACCAAGATGACCGGTGGGGCCGCAGCCAACGCACAGCTTGAAGAAGCTTACCGCTCGGGCATCCCCGTCGAAGGTTACGTGGTAAAGGAAATCAAGGGTGGTTTCGAAGTCAAGGTGGGTGGCTCCAGGGCTTTCTGCCCCTTCTCCCAGATTTCGCTTCGCCGGGCCGAGAATCCGGCGGAATTCGTGGGCAAGAATCTTCTCTTCCGGGTTGCCGAGTATGGCGAGCGGGGGCGCAATATCGTTCTTTCCCACCGGCAAATCCTTGAAGAAGAGCAGCGGGCCAAGCGGGAGGCCCTCAAGGAAACTCTCAAGGAAGGAATGACGGTCAGCGGCACGGTGACCCGGTTGGCTGATTTCGGCGCCTTTGTGGACCTGAACGGGGTCGATGGCCTCATCCCCATCTCCGAAGTGGGGTGGACCAGGGTCAAGCACGTTCGCGACGTCCTTTCCGTGGGTGACCAGGTGAGCGTGGTCATCAAGAAAATCGACTGGGAGAGCGGCAAAATTTCCCTGAGCCTCAAGGATACCCTTGCCGACCCCTGGTCGACCGTGGCTGAGCAGTTCCCCGAGGGGTCCTACCATACCGGCACTGTGGCGCGCCTTGCGGCTTTCGGGGCATTCGTGACCCTCGCCTCCGGCATCGACGGGCTGCTGCACATCTCCAAGCTCGGCAAAGGCAAGAGGATCAACCATCCCAGTGATGTGCTGAAAGAGGGTGACACGGTCGAGGTGAAGATTGACGGTGTTGACCGGGAATCCCGCCGGCTGTCGCTGGCCCTGGCCGAAGTGAGCCGGGCTGCCGAAGAAGAGGCGAAAAGCGTTGCCTCTTTCCGCCAGCAGACCACGTCGGATTCGAAGGAGTCCATGGGCTCTTTCGGCGATCTCCTGAAGGCCAAAATGGAAGAGAAGGGGTAGGTGACGAAGCAGTCCAACTACATAACACCGGAGGGGGCGAAAAAACTCCGCGATGAGCTTACCTGGCTCTGGAAGGAGGAACGCCCCCGCGTCACCCAGGGCGTCTCCGACGCCGCCGCCGAGGGGGACCGCTCGGAAAACGCCGAGTACATTTACGGCAAAAAAAGGTTGCGGGAGATAGACCGCCGCATCCGCTTCCTCACACAGCGCCTCGACCACCTGACCGTGGTCGAGGATCCTCCCCCCTCCAACGGAAAGATTTTTTTCGGGGCCTGGGTCAAGATTGAGTCCGAAGATGGTGATGAGGTGGTCTACCGCATCGTCGGCCCCGATGAAACCGATGCGTCACAGGGATTCATCAGTATGGATTCTCCCATGGGAAAGGCGCTTCTCGGACGCAGCGAGGGGGATGAGGTTCATGTCTTACGTCCCGCCGGGGATGCGGTTTTCGTCGTACTCGAAGTAGCCTACCAGCCACTATAGACTAAGAACTTGTCCGTAAATAAGCTTTGCGGTCCCGCATCCCGTCTTCGCGGCATCTTTACCTCGGCCTCAATCGCAAAATCCTCAACGTAGCCTTGCTACGCCTGCGGTTTTGCTCAATCGGTCGAGTCAAATCTACCCCAAATCGGGGCGCGGTCATCGCGGCAGTTATTTACGGAAAAGTTCTAAAAACAATTCAGGATGCAGCGGAGAACCATGCAGCGGATTTCCCCCGGTGCCGACTTCCGTTTCTGGTCTCCCCAATTTCTTCCGGAGGGTTCCCCATGTACGTCGTCATCCTTGCCGGTGGCTCCGGCACCCGCTTCTGGCCCCTTTCCCGCAAGCTGCACCCCAAGCAGCTTATGTCGGTTTTCGGGGGCAAGTCTATGCTCCAGCGAACCGTGGAGCGTGTCCTGCCCCTGAGCCCTAAACGCATCCTCGTGATAACCAACCGCCTCCAGGCGGAGGAAACCCGGCGCCAGCTGGAGTACCTGCGCGGCGTCCGGATTGAGGTTATCGAGGAGCCGGTGGGGCGCAATACTGCCCCGGCCATCTGCCTGGCCGCCACGCTCATTGCCCGGCACGACCCGGAAGCGGTGCTGGCGGTCCTGCCCGCCGATCATTTTATCCGCGATGAAGAGGAGTTCTGCGTTACCCTCCAAAGAGGGCGGGATTCGGCCCAGAACGGTTATCTCGTCACCCTCGGCATTGCCCCGGACCGCCCCGAGACCGGTTATGGCTACATCGAGGCCGAAACCGAACTGCGCGGCAGTGGACCCTATCCCGTAAAGCGTTTCGTGGAGAAGCCCGATAAAGAGCGGGCACTGGAGTTTCTGGCCGCGGGCAATTTCTACTGGAACAGCGGCATGTTCCTCTGGCGGACCGATGTGATTCTCGACAGTATAGCTGTGCACATGCCTGAAATGGCCAGAGCCTTTTCAAGCATCGCCTTTTCACCGGAAATATGGGAGTCCGCCGATCTGGCGCCGCAGATCGAAGCCGTTTACGCCATGGTTGCCGGCGAGTCCATCGACTACGGTGTCATGGAGAAGGCCGATAACGTTGAGATGATTCCGGCAAATTTCGGCTGGAGCGACGTGGGGAGCTGGAACGCGCTTCCCGAGGTGCTCGAGCCCGACAATGACGGCAACGTGATTATCGGCTCCCCGGAAACGATAGTTGCCGACACGACCGGTTGCGTCGTCAGCGGCTCGAAGGTCATGGCGCTGCTCGGGGTGAGGGACCTCGTCGTGGTCGATACGCCCGACGCGCTCC
CP071382.1_gap59	2249363	2253416	4053	CCTCTGGCCACCTGGCTGGTGGGAGTTCTTCCTGCCCCACTCGCCCGTGGCCGGGGGGCCCTGGCAGGGAAAGAGAAAAAACTCTCCCTCAAGGACCATGTGGTCATCGTCGGTTTCGGCGTCAACGGCAGGAATCTCTCGCGGGTTCTGAAAGCTCAGAAAATCCCCTACGTGATCATTGAGACGAATCCCTTTACCGTTTCCGCCGAGAAAAAGAAGGGTGTTCGCATCATGTTCGGCGATGCTTCCCGGCCCGAAGTCCTGACCCATGCTGCCGTGGAGGAGGCCCGCATCGTCGTCATAGCCATCTCGGACGCTGCCGCCAGCCGCCGTGTGGTGGCCCAGGCGCGCCAGATGAACCCGTCATTGCATATAATCGTCCGTACCCGATATATCCTTGAAATGGAACCCCTGTACAAGATAGGGGCCAACGAGGTGATACCCGAGGAGTTCGAAACTTCCATCGAGATTTTCTCCCGGGTGCTGCGCAATTTCTTGATACCGGTGGACCAGATCGACCATTGCGTTACCGAGATACGGCGAGGCTCCTACGACATGTTCCGCAGCCTGAGCCGTCGCCACAGTCACGCCGTAGGCATTGCCGGTTACCTCTCCGGCGCCGAAATCGGCAGCTTCCGGGTGAAGAAAGGCTCGCCACTCGAAGGGGAGAGCCTCAGCCACGGAACTCTGAGAAACCGCTCCGGTGCGACCCTACTGGTTATCAAACGGGGCGACGAGGTTACTCCCAACCCGGACCCAGTATGGGTCCTTCAGGAGGGGGATATCGTGCTGCTGCTCGGCACGCCGGAGCAGATGGCCGCCGCTGGCAGGCTCTTCGATGCGCCGAAGGCGCGAGGGGGGACGCAGGCGGCTGTGGCCACAGACAGACCCGACACTACAGACAGGAGGAAACAATGAAAAAAGTTCTCGTAACCTATTACTCCCTCAGCGGCAACACCGAGAAGATGGCGCGGATGATTGCGGACGGGCTCGTCACGAAGGATCTTGCCGTCGATCTGAAGAAAGTGGATGAGGTGGCCATCGATTCGCTCCCCTCCTACGACGGATTTATCATCGGTTCTCCCAATTACTTCGGCACCATGGCCTGGCCGGTTAAAAAATTCGTGGACGAGAGCGTCAAATGCTTCAAGAAGCTTGACGGCAAGGCGGCTGCCGCTTTCACCTCCGAGGGGATGATCGGCGGAGGAGGGGATACGGTGGTGCTTGATATCCTCAAGGCGTTCCTCATCCATGGTTGCATTGTCCAGGGTCTTACCTCCGCCGGACATTACGGCCCCGTGGCCGTCGGTGCTCCCGATGGGCGGATTGCAACCGAGGTGGGCGTGCTGGTGGATAAATTCGCGGCGTTGGTGAAGCGTATCTGATGATGGCAGGAGAAACCTACAACGGGGTGGCGGGGCTGGAAAACGCCCGCCGGTTCCGGGAACTGATGGAGCAGTGGCTTGCAGACGGCAGCTTCGACGCGAAGCTGCCCGAAGTGGCCCGCCTGCGTGGCGTTCCCCAGCCCGAGCAGTACCACGCCGAAGGCGACGCCTGGACCCACTCCATGCTAGCCATCGATGCCGTTCCCGATGACGCCGACCCCCGCGTTTTCTGGGGCGTCCTTCTCCACGACATCGGCAAGGCCGAAACCACCGCCTACATCAAGGGGAGGTGGCGTTCCTGGGGACATGCCGAAGCCGGCGCCAGCCTGGTTCCGGCCATTATGGCACGGATCGGTCTTCCGCAACTTGCCGACGACGTGGCCTGGCTCGTCAAGCATCACACCTTCCACTTCTCGTGGAACCTGTCCCCTGGAGCCCGCCTCTCTCCGAAACAGCGCCGCTTCACAGAGCATCCGCTGTTTCCGCTGCTCCTTGAGGTTTGCGATGCCGACGCTGCCGGTTCCCGCGGCGGAAGCGATAAGGGTGTCAAGATTGGCCAGCTTGCCGAGATGTTCGGTGACGTTACAAAAGGGTGGGCTGATCCCCGTTGAGGTTATTCATGGACGTGTACGCCGGGCAATGCATCATGGCCGTGCTGGTCCGGTAAGGGGCATACGATGGGACAGACATTCAGGCCGCGACGGCCGGGGAGTCCGCCGGCAAAGACCCAGGCGGAACTTGACGAGATGGTGCGGCGCATGCGGGGAGAGCAGTCCTCGCCCGCCAATTACCGGGAGCAGTCCCTGAAGATCCATGGCTGGATTTGTGCCAAGTGCGGCCGGGAGTTCGATCTGTCCAATCTGCACCTTCTCACGGTGCACCACCGGGACGGGAATCACCACAACAATCCCCCCGACGGGAGCAACTGGGAGAACCTCTGCGTCTGGTGCCACGATGACGAACACAGTCGCGGCGTGCTGGGGGAGTACCTGAAAGGCGGTGATGGGAAGAGGTGACCTGCCGTTCATTGCCTTGCCCCCGGTTCTGTGCTAAAAAACCAGAAGTTTTTGCGTTGCAAGAGTGATGAGGAAGAGGGAGCAGGCCGATGCCGGGCAGAAAAACAGCTTCACCCGCCAACTCTGAATGGCTGACCCGCCGCACTTTGGTCGATCCCCAACTGTCTGCGGCCGGTTGGAGGGTTGTCCCCTTCGATTCTGCTAAACCCCTGTCGGAGCTTGACTGTTCCGCCATCGTCGAATATCCCACCGACAATGGTCCCTCCGACTACGCCCTTTGCGTTGCCGGCAGAATACTCGGCATTGTTGAGGCCAAAAAACTCTCCCTTGGCCCACAGAACGTCCTGACCCAGGCGGAGCGGTACTCCCGGGGTATATCGTCAAACCCTCTGCGTTTCGGCTCATACCACGTCCCTTTCCTCTACTCCACCAACGGCGAAGCCATCTGGCACCACGATATCCGTCACGAGTTCAACCGCTCGCGCCCAGTCGCCGCCTTTCACTCTCCGGCTGCATTGCAGGAAAAACTCCAGAGTGACTTCGGGGCCGCATGCAGAGCGCTCCTGGCCCTCCCCAACGACCACACGAGATTGCGTGACTACCAGATCGAGTGCAACGGAGAAATAGAGAAGGCCATCGACCAGCGGAAACGCCATATGCTGGTGGCAATGGCGACCGGCACCGGCAAGACCTTCACCATGGTCAACGAGGTCTATCGCCTCATGAAGTCAGGCGTTGCCCGGCGCATCCTCTTTCTGGTGGATCGCCGTGCCCTGGCGGCCCAGGCGGTGCGCTCATTCGCCTCCTTCGAGCCGGAGCCGGGGCTCAAGTTCGACAAAATCTACGAGGTCTACAGCCAGCGCTTTCAGGCTGAGGATTTTGATGAAAACGAGAAGTTCGATCCCAAGGTGCTCCCCAACAGCTACCTGACCGACTCCAGGCCCGGCACCACCTTCCTCTATGTCAGCACCATCCAGCGGATGACCGTCAACCTCTTCGGCAAGACAGCGGCCTTTGGAGACGAGGAAGGCGTGGGCGAGGATGACGCCATCCAGCTTCCCATTCCCATTCATGCCTTCGATGTCATCATCGCCGACGAGTGCCACCGGGGCTACACTGCCAGCGAATTGGCAATCTGGCGGGCAACGCTGGACCATTTCGATGCCGTCAAGATCGGGCTGACCGCCACTCCGGCAGCACACACCACCACTTACTTTCGCGATGTGGTTTTCCGGTATGAATACGAGCGGGCGGTGCGCGAGGGGCACCTGGTGGACTACGATCTGGTTGCCGTCAGGTCCGAAGTGCGGATGAACGGCACGTTCCTGAAAGAGGGGGAACTGATCGGGCGGGTTGATACCGAAACCGGCTCGGAACAGATGGACTACCTAGAGGACGAACGGAACTACGATGCCGCCGCCGTGGAGCGTGACGTTACCGTTCCCGACTCCAACCGGAAGATCCTCCAGGAGATCAAAAAGTACGCCGAGGAGCACGAACAGCGCTACGGCCGTTTTCCCAAGACCCTGATCTTCGCCGCCAATGACCTTCCCCACACCTCCCATGCTGATCAGCTTGTGGAGATGGTCTGCGACGTCTTCGGCCAGGGCGATTCCTTTGCCCGGAAGATCACCGGTCGGGTCGACCGCCCC
CP071382.1_gap60	2275523	2279611	4088	GCCGATGCCACTGCAACGCCGAAGCCGATCTTCAGCAACGCCGATACCCACCACGGAACCGGCATTGGTCAACCTGGCCAGGGTGACTGCACCTGGTGCCACTCTGTGACTTCCTCGATCACTATTCGTCAGTGCGAGGCCTGCCACGGCGTGAAGTCGCTCCACAACATCCAGGCCGACACTCCGGCTGCCGCCAACCTCGGTACGATTGTCCCCGGTTCGGAAGATCTCGGTTATGGCCACATCGGCAACAACTGGGATTGCAACGGCTGCCACTGGTCCTGGTATGGCAACTCTGCACCGTTTACTGCTGCCACTGTTCCGTTCATCAGCGGTCAGAACGTCCTTACGGCCCATGTTGGCCAGGAGACCACTCTTACCCTGAACGGTAATGCTTTCACTAACATCGGTGGCGATGGCTCTACGGTGTATAACCCGACCGTAACCATTTCCGATGGTTCCAACACCATTACCCTCCAGCCCTTCTCGGTTACCGAGAGCGAGATCAAGGTGCTTGTGCCTGCTCTCCTCGAAGGCGTCTATGACGTGAAAGTGGCCAAAGAAGGCGTCCAGAGCAACCTGGCAAAACTGACCGTCGTTCCTGACGTGGTGTGCAAGTCTGCTGTCCTCAGCAAGACCACTCTGACCATCACCGGCCAGAACTTCGGTGCTGTTCCTCCTGCCGATTACAACTCCGGCCTGGGAGTCTTTGTTGGCGATGAAGCTGCCAAAATCCTTTCCTGGAGCAACACTAAGATCGTTGCTTCAAGCAAGAGCTTCAAAGCTGGCGCCCAGGTTGTCGTGAAGACCCTTTATGGGCCGGTTTCCGGTACCATTGCTGCTGTTACCAAGAAGACCCGGTAATCAGAAGGAAATTGCCTGAATCAGGCTGACGCCGTGGGGAGCATCAGAGATGCTCCCCACGGTTCAATCCAGATTTTTCTCCGAATTACCTCCGGCCGCCTCAGCTTTAATAGAATATGAAACGGAACATGAAACGGAAAAGGGTGATCATGGAAAATCCGCGCATCATTTCCTTAATGATACTTCTGCTTCTTGCCACGGTATTACCGGCCAAGGCCGCAGATAGAAAGATGCTGGTCGGTTTCCGCGAACAGCTTAATCTGACCACTCAAGAGAAACAGGAAAAAATTCACCGGGCAGGTGGCCGCATCAAGCGTTCGCACAAATTCGTGAATGTGATTGCCGCCCAGTTGCCTGAAAATGAAATCAAGCGCCTGAAGGACGACCCCTCTGTTGCGTATGTGGAGGAAGATGTCGTCGTCAGGGCTGTTGAACCGATGCAGGCTTTGGGTACCACCTCTCAGGAGTACCTGGATTCCTGGGGAGTCTCGCATATAGGTGCTGATGCAGTTGTCCAGGCGGGCATCAAGGGTTCCGGGATAAAAGTGGCTATCCTCGATACCGGCATCGACTACAACCATCCTGATCTGGCAGCCAATTACATGGGTGGTTACAACTTTGTATATGACAACGACGATCCATTCGATGACTCGATGAATGCTTATATTCCCACCGGACATGGGACTCACGTGGCCGGCATTGTTGGTGCCCTGGACAATGGCACCGGTGTCGTCGGCGTGGCCCCCGGCGTCTCTCTCTATGCTCTCAAGGTGCTCAATGCCGGGCTGGCGGGGGATGTGAGCGATGTCATTGCGGGCATTGAATGGGCGATAAACAATAAAGTGCAGATTATCAGCATGAGTATCGGATCTTCGCTCTTCTCCCAGGCGCTTAAGGATGCCTGTGACAAGGCGGCCCAGGCCGGGATTATTCTCGTGGCGGCTGCGGGCAATTACAATAATTCGTATATCGAATATCCCGCTGCATTTGATTCGGTGATTGCGGTGACGGCAACACGCCCTGACGACACCCGGCCCTTGTATAATTACGGTCCGGAAATGGAGCTTGCCGCTCCTGGCGTCAGCATTAAATCTACCGTGCCCGGTGGCGGTTATGGGTACCTGACAGGCACGTCCCAGGCTGCTCCCCATGTTGCCGGAGTCGCGGCTCTTCTCCTGTCGTCAGGGATAACGGATGACAATGGCAATGGCAGTGTCGCCGATGAGGTTCGTCAGAGGCTTGCCGCAACGGCCAGGGACCTGGGCGATACCGGCCTGGATGTTTACTTCGGTTACGGATTGGTTGATGCCGCGCGCGCAGTCGGGGTTTCTGTTCCATCGGACTCCACTCCGCCGGTTTTTACAAGTACTCCGGTAACCACTGCCAAGGAAGGCACAGCTTACACCTACGCTGCGCTTGCCACTGATGCCGATGGCGACAGCATTACCTACAGCCTTGCGGCTGCCCCTGCGGGTATGGTTATTGATGCAGCCAAAGGGATAGTGAGCTGGACTCCGACGTACAAACAGGCCGGGAGCTATACCGTAACCATCCGTGCTGCCGACGGCAGCGGCCTCTTTGCCGAGCAGACATACTCCCTTACGGTGGCCGATGCGGCAAGGCGCGTCAGGGTTATCCGAACCGGAGGGAAGTTAAGGGGCGACGCGGTTGTTATTCCCCTCGAACAAGGGACATACACGATCAATGTGACCAACGCGGGCCTGAAAAGAATCAGCATCAAGTCGGCCGATGGTATTCGCCCTGAAGAACCTTTAGAATCGTTTCTGTTTCACAGCAGAACGCCACAGGTGATCGAGTTGGACTATGCCACCGATGCGGCAACCTCAATTACCGTGACACCTTACGGAAAACCGGGGGCGTTTGCCGATATCACGGTTTCCCGTAACTCCTGATGATTCACTTCTGCAAGGTGCCGAGAATGAATGCTCTGGTGAAAAATGCCCTGGGGGTAATGACCGTAATTATGGCCGTTTCCCTTATGATCGGGATTGTTACGGCTGAGTCCGGTCCTGAGAAGGCAGGTAAAACCGTTGTCGCCAAGGTCAATGGAACGGACATTTACCTCGATGAACTGGTTCCCATGGTGGAGATGGCCAAAGCCCGCTACAGGAAATCCGGATACAGGGCGTTCACGCCGGATTTTGAGACTAAGATCCTGCGTCAGGAGCTTGATGGCCTGATTGATAAGGAACTCCTCGTGCAGGCGGCAGCGGGGATCCATGAAAAAGAATTTGTAGAAAAGGTTGAACTTCGGATGAAAACGATTACACAGGCGCGGTTTCAAAACGCGACCACTGCTGAAAAGGTCAATCCTGCCTCCTTGAGCCCACAGCATCTGGAAAGCCTGAGAAATGATGCCCTCGTTGAGGAATATCTCGACAAAAGAGGCGTCGCCGGCCTTCAGGTGCCTGAAAATGATGTGCAAGAATTCTACGAGAAGAATAAAAAAAGTTTTACCGAGCCGGAGAAGGTGAAGGCGAGTCATATCCTCATAGGGCTATCGAGGAATGCCAATGGCGATGAGGTTGAAAAAGCCCGGACGAAGGCCCTGCAAATCAGCAATGAGCTGAAAAATGGGGGCGATTTTGCCGAGTTGGCGAAGAAAAACTCGATTTGCGCCACTGCGGCAAACGGCGGCGACCTTGGCTACATCCAGCCGGGTTTCATGCCGAAGGATTTTAACACGGTTGCTTTTGCGCTTAAGCCTGGGGAGACAAGTGAGCCTGTCCGGACTCAACATGGTTTCCATATCATAAGAGTTTATGAAAAACAGCCGGCTCGCGTTCCAGAACTCGCAGAAGTAAAGGATACGATATCGAAATATCTCATCAATGCTTACAAACGGAAAAAGATTGATGAGATCCTTGCGGAGTTGAAGAAGAAGGCACAGATCGAGTCGCACATCAACTGATGTGAGACGGAAATCGTTTGTGTGCCGTGTAATGAGTGAAGCCTCTTTGTTGCCAAGCTCTATGAACATCAGCAGGTTAGGAGTCGAAAGGATGAGAAATTCAGGCAAAGCATTGTCGGTGATTATGCAGGTGCTGGTGGTATTGTTCCTGTGGGTCGCTTCCAGCGAAGCGACCGTCTACACGCTCAATGACCGGGCACTGAACCGGAACACCTCGGCAACCGTGGATGATGCAACCGCATTCACTGGTTTGTACTCATTCAAGGTGGACGGTACGGAGCTCATGTATCAG
CP071382.1_gap61	2435668	2438207	2539	CCCATAGAGAGTAGGTAATGACGAGGCCGAGCCCCAGCACCACCAGCGGGAGCCAATGACCTGCCCGCAGCAGCTTCGAAGCTCTCGCTGCGGGTTTTGTCCCAGGGACTTCGTCCGTCAGGCCCATATCATATCCAGTTCTTCCCCCGGAAAAATTTAAGCATGCCCCCCGCAATTACAAGCATGAGGAAAAGCACGGCTGGGTAACCCCAATGCCAGTTGAGCTCGGGCATGTAGCGGAAATTCATGCCGTAAAGACCCGCGATGAAGGTGAGAGGCATAAACAGTGTGGCGATTATTGTGAGCACCTTCATGACTTCGTTGGTGCGGTTGCTTATGGTGGACAGGTAGATGTCGAGCAGCCCCGAGAGTATGTCGCGGAAGGTTTCCACGGTGTCGATGATCTGCACGGTGTGGTCGTAGACGTCGCGCAGGTAGATGACGGTTTCTTCCCGTACTAGGGAAGACTCGCGCCGCTCGAGGCCGCTGATTACCTCGCGCAGCGGCCAGATGGACTTGCGCAAGAAGATGATCTCCCGCTTGAGGGTGTGGAGCCTGCCTACGGTTTCGCGCGAGGGATTATCCACCAGTTCTTCTTCGAGCCGCTCGATGCGCTCCGCCACGCTTTCGAGAATGGCGAAGTAGTTGTCGACGATGGCATCCATAAGGCTATAGACGAGATAGTCGGCACCCAGGGAACGGATCTTTCCCCGGCTGGTGTGCAGCCGCTCCCGGATCGGGTCGAAGGGGTCTCCCGCAAGCCCCTCCTGGAACGATATGACAAAGTCGGGGCCGAGAATCAGGCTCATCTGCTCGGATGCCACCCCTTCACCGCCGCTTTTAAGGGAGAGCATCCTGAGGACGATGAATAGGTAGTCGCCGTAATCCTCCCGCTTTGGGCGCTGGTCAGTGTTGAGGATGTCTTCCAGAACAAGGGGGTGGAGGCCGTAGCATTCGCCGAGTTTCTGGAGAAGCTCGATGCTGTGGATTCCCTCCACGTTGATCCAGCGGACCCCCGGTTGGCCGCGCATGGTAGCACAGGCCGCCAGGTTATCGGAAGCCTGGTCGGTTATGTTGTTCTCGTCATAGACGATAATGGAGACGCGAGCCGCTTCCCGGTGCCGTTCGCCGATGTGGACGAGGGTGCCTGGGGGAAGCCCCGCCTTCGAAGAGCGTTTCTTGACCAGTTTGTTTCTCACGGAATGCTCCCCAGTTATCGCCGACCGGATCAGAAAGGCTTGAGCTTGATGCCGAACTGGTCCTCCAGGTGGAGATAGTTCCCGTGCACCATTCCTTCCCCGTGGGCGATGGCAACCTTGCGTTTCCGGACGTCCTCGATCCAGCGGGGGTTGCTTGCTTCGGCCCGGCGGTTGGCCACGATGACCAGCTTCGCCTCTTCAGCCTCATCATTGCTCAGGCTGCTGCCAAGGCGTGTGCAGTCGGCCATAATCTGGGACTTCACCAGGGGCGAGATGCTTCCGTTCTGCACCTTGATGTCGAACATGAGAGCCACCCCCCGCTCGGACCAGAGGCCGTACTCGGCGCAGAGGGCCTTGGCGTCCTTGAAGAGCTTGCCGGCGGCATTCACCTGGATATCCTGGAACTCGGTGGTGCGCCCCAGGGCTTTGAGAAGCCCCTTCCATGGCTCGAAGAGGGTAAAGCGCCGCTGGTCCTGGGCCGAGCGTACCCACGCGAGCTGGTCATCCTTGTCGGAGGTGAAGATGGCCTTCAGTTCCGGGAAGTAATCGTGGCAGATGTCTTCCAGAAGGCTCGGGTGTTTTTTCGCCATCTCCTTGAACAGCGGTTGCAGCGACCCCTGGCCCAGGTTCCACTGGAGGGCGCCGAAGCTCAGGCCCTGCCCGTCGAAGTCGCCGGATGCCATGGCGAAGCAATCGGGTATCGGCCTGCCCGTTTCGATGGTACCGGTAAGGGCCAGGCAGCGGTATTCCAGTTTCTGCTTGCAGACTTCCGGCTTCTGGAGCTTTCCGCCGCCGAAGAGCTTTTTCCAGGTATCTTCGCCCACGACCCCGTCCACATCCAGGCCGTTTTGTCGCTGGAACATTTTAACCCCGCTCTCGGTGCCGCCACCAAATATGCCGTCCACATCTCCACTGTAAAGGCCCAGTTCACCCAGTCGTGCCTGGATCTTCCTTACCTCGGGCCCCTTGCTCCCCCTTCTGTATGCGTTAGTCATATATTCCTCCAGCTTGTATTTGAAAATTACGGGTTCAATGACACGGGTTCACGCCGTCCCCTCGGTGACGGTCACCAGCGAAACCGGCAGAGGCTCCGACTCCCACGTTACTTCAGGGAAGAGGGCCTTGTCGAGGCGAAGGTAAGTGCCGTCGACCCCCGCTTCAGCCCACCAGCATTCCTTACCCCTCAGGGGGACATCCTTGAATAGGTATAGTTGACTGTCCTTGTCTCGAGCTACGTACATGGCAACGTTCCTTTCGGGGTGCAATGATTGAATGCAGAAAGTTTACTGTCGGCTTCAGGTTTGTCAAAAAGGGTGCCTCGTCAGGGTAAGGAGGTGATG
CP071382.1_gap62	2471789	2472887	1098	CGTTGATTCTCAGCCGGTTCAGCACGAAGTCGCCGCCAACGGCCCCGGTTATGCCGGTCAGGACGACCACCACGGCAGTCAGCGACGGCAGGCCCCCGATCTGCTCGGAAATCCCCATGGCAATCGGTGTGGTAACCGATTTGGGCGCTACGGTCAAAAGAAGTACACTCTCGCCGCCAAGCGCCCAGACAATCCCCACGGCGCTTGCGATGGCAGCCAGGGAGCCCGCTGCCAGGGTGACGATTATCGGGACAAATGACTTGCGGATGATCTCCAGTTCCCGATGGAGCGGAATCGCCAGGGCAACCGTTGCCGGCCCCAGCAGGAAGTGAATGAACTGTGCGCCCTTGAAATAGGTCTGATAATCGATGCCGCTCACCTTCAGCAGCACCACGAGCAGAATGATGGCGGTCAGCACCGGGTTCAGCACGGGGTGGAAGTCGAGCCGGCTGAAAATCCAGGTGCCGATCTGGTAGGCGATAAGGGTCAACGTCAGCCACAGGAGGGGGGACGTTGACAGGTAAACCCATACTTGCTGCATATCTACGCTCATTGCCGGTCATCCTCCCCGGAGGCGGCGCACCGGCGATTGAGGGATTGCATGACCAGGCCGGTTACGGCGATTGTCGCAAGGGTGCCGATGATGATGGTGCCGGAGATGGGAAGCCATGACTTCATGAGAAGGTCGAGATTGGTGATGACGCCGACCCCGGCAGGGACAAAAAGCAGCGCCAGGTAGCGAAGGAGGAACCCTCCGGCGGTTTCCACTTCCTTTGGCACTTTCCGGGGGAAAAAGACCAGGCCGCAGAAGAGGAGAACCATCCCGATAACCGGGCCGGGCACCGGAATCCCGGTCAGTCTGGTGATGATCTCGCCGATCAGCTGGCAGGCAAGAATCAGGGTAAGGGAGCCAAGCATAAATCTCCTTTTGTATCCATGAGGGTTTTGCTGGGGAGCGATGGTGCCGGAGGAGACCCCCGGCACCGGGATTTGCATGGCTCAAAAATATAGGCTGACCGTTTTCCCCTGTCAAAGATGAATACGTGGGAGGGTAAGCCGTAAATGAAGAAAGGGGCGGTGGTGTCGGGCCGCCGGATG
CP071382.1_gap63	2484805	2489452	4647	TGGAGTTCCTGGCCGCACTCCTCACCGAGGACATGGGGAACACCGATAAGGTGGTGAAGACCATTTCCGACTGCCGGGAGATGGGGATCGAGATCCTCCCCCCCGATATCAATGACTCCCATCTCTCCTTCCGGGTTCTGGGAAACTCCATCCGTTTCGGCCTCGGGGCCGTGAAAAACGTAGGGGAGGGGGCCATCGAGGCGATTATCGAGGCGCGGAAAGAGGGGGATTTCAAAGACCTCTTCGATTTCTGCGAGCGGGTCGATCTCCACAAGGTCAACAAGCGGGTGGTGGAATCCCTGGTCAAATGCGGTGCCTTCGACTCCACCGGTGGCCTGCGCTCCCAGCTCATGTCGGCCCTGGAGGATGCCATGGCCATCGGCCAGAAGATCCAGCAGGAGCGGGAGAGCGCCCAGGTATCCCTCTTCGGTGTCGAAGAGATCATCCGCACCAACGGCAACGGCAAAGGGAAGACGCAGCTTCCCGATATCCCCGAGTGGGATGACAAGCTGAAACTGGGGCTGGAGAAGGAGGCCCTCGGCTTCTTCATTACCGGCCACCCCCTGGGGCGCTACGAGAAGGAGATAAAACGCTTTGCCACCGTGGATACCGCCACCCTCGACGGGCGGGCCGACAAGAGCGAGGTCAAGCTCTGCGGCATCGTCACCTCCCTCAAGGAGCTGATAACCAAGAAGGGGGACCGGATGGCCTTCGCCACCCTGGAGGACCTGCTCGGCTCGGTGGAGGTGGTGGTTTTCCCCGAGGCATTCGCCGCCGGTTCCGAATACCTCAAGTCCGATGACCCGCTCCTCGTTACCGGCACCATCGACAAGGGGGAGAAGAATATCAAGATCATGGCAAACGAGGTGGTGCTCCTGCGGGACGTGAGCAGCCGGGAGACGAAACGGGTGATCTTCACCCTCTCCGGCGACGGCCTCGACCGCAGCCGCCTTGAAACCCTCAAGGGGATCATGCGCCGCTATCCCGGAAACTGCAAAACGCTTCTCGCCATAGAGATCCCGGCCCAGTGCCGGGCCACCATCGCGCTGCCCGATTCGTATCTGGTTGCCGCCAGCGAGGAACTCTCCCTTGAAGTGAAGAACCTCTTCGGCTATCATGCCGTGTCGTTTGAATAACCGCCCCGATGCGTTGAGATACATTTATACGGAATAGTACAAAGGAGAAAATAAATGGCTTCCCAATTTTTTCTGGAATTTGAAAAGCCGGTGGTTGAACTGGAGCAGAAAATTCAGGAGCTGGCCGATATCGCCGGCGACAACTCGGAGTTGAAGACCGAGGTGGTCAAGCTGGAGAAGAAGGTGGACAAGATGCGGGAGGTGATCTTCGCCAACCTCTCCCGCTGGCAGATGGTTCAGGTGGCACGCCACATCGACCGCCCCTTCACCCTCGACTACCTCACGCACATTTTCACCGATTTCGTGGAGCTCCACGGCGACCGCCTCTTCGGCGACGACCACGCCATCGTCGGCGGCATGGCCAAGCTGGACGGCGAGCCGGTCATGGTCATCGGCCACCAGAAGGGGCGCGACACCAAGGAGAAGGTTTACCGCAACTTCGGCATGCCCAACCCCGAGGGGTACCGCAAGGCCCTGCGCCTCATGGAGATGGCCGAGCGGTTCCGGATGCCGATAATCACTTTCGTTGACACCCCGGGCGCCTATCCCGGCATCGGCGCCGAGGAGCGGGGCCAGGCCGAGGCCATTGCCCGCAACCTGCGGGAGATGGCGGCCCTGACCGTGCCGATCGTCGTCGTCATCACCGGCGAGGGGGGCTCCGGCGGGGCGCTGGCCATCGCCGTGGGGGACCGGGTGCTGATGCTGGAATACTCCATCTACGCCGTAATCTCCCCCGAGGGGTGCGCCGCCATCCTCTGGTCCGACGGCACCAAGGGTGCCCAGGCCGCCGAGGCCCTGAAGCTTACCGCTCCCGACCTGAAGGAGCTGGAGGTCATCGACGAGATCGTCAAGGAGCCCCTGGGTGGCGCCCACCGGGATCACGAGGCCATGGCCAAGAACCTCAAGGAGGCCATTCTCCGGCACCTGAATGAGTTGAAGACGCTCTCCGTGGAGCAGCTCGTGGAAGGTCGGTACCAGAAGTTCCGCAAGATGAGCCGGTTTGCCGAGTAGGCGTTACCGATGCATTGACCGGCAAAAGGCTAGGGGTGGGGGGTATGGTCCTTCGCTTCTGGCCTTTCGCCATTTTTGAGAGGGAATATGGAAGAGCGGTTGCAGAAGATACTTTCCCAGGCCGGGGTCGCTTCCCGCCGGGAGGCAGAGCGGATGATCACAGACGGGCGTGTCATGATTAACGGTGCGCCGGTTACCGAGCTCGGCACCAAGGCTGATCCTTCCCGCGATAATATCACCGTCGACGGCAAGCCGGTCACCGTTGAAGAAAAGCGGGTATACATCCTTCTAAATAAACCCGTGGGGTATATGACAACCCTGAAGGACCCCGAGGGGCGTCCCATCGTAACCGATCTCCTCAAGGGGCTCGGGGTGAGGGTCTTCCCCGTGGGGCGTCTCGACTACAATACCGAGGGGCTGCTGCTCCTTACCAATGACGGCGAATGGGCCAACAGTCTTGCCCATCCGAGGCATGAGGTGGATAAGGAGTACCTCGTGCGGGTGCGGGGAACGGTGACCCGGGAGCAGATTACCCGGCTGGAGCAGGGCGTTGAGCTGGAGGACGGCAAGACTGCTCCGGCAAGGGTTGCAGTAACCAAACAGAGCGACAACAATACCTGGATTTCCATCACAATTCACGAGGGGCGCTATCGTCAGGTCCGCCGCATGTGCGAGGCGGTCAGCCTTTCGGTGGTCAGGCTGCGGCGGATACGGTATGGGGCCCTTGCCATCGGCGAGCTGAAGTTGGGGGAGTACCGGCGGCTTACTCCCGGAGAAGTGGCAGCGCTGGCAGACGGCAGGAAGCGCGGGCGGCGGTGAGATGCCGGCTGGGTTCCATTCTGCCGGCATCTTTAAAGAATTCTGTCTGATAATTTATGCGGGAAAAAGGGCACCAGTAGAATGGGTGCCCTTTTTGGTTGATGCATTTGCAGGTTTGCCGTTCCGGGATAAGGGATTTGAAGGAGGGTGCAGGACTTGAAATTTAATGGCGGCACGATACTGTTAAGTGTCGTTATAAAGATACGGAGAGGGGTTGCGCTTGCAGGATGATGGCAGAAATCCTCGTATTGACGAAAGCTCCTGCTCAAAGGGACTGGCGGGCCAGATCAAGGAATGGAGCGATGGCACAGAGCATGAAATGTGCTTTCTCGCCGATTTGCTTGAAGACTCCGGCCAGCCCTTTGCCATCGGGTACCTCGACGGCAGTGTGGGCCATGTTAACAGGGCGTTTGAACGTCTTGTCGGGTACAGTGGGGAAGAGCTGCGGAAACTGGACTGGCGCACCGCCCTTACCCCTCCGGAGTGGCGGGATAGTGAACTGGCGCAGCTGGCGGAGCTTAAGCGAACCGGCGAACCCGTCAGGTACGAGAAGGAATACATCCGAAAGGATGGCTCCCGTCTGCCGGTGGAACTTCTTGTGCATCTGAAGAAGGATAAAGCCGGTAGCCCCCTTTATTACTATTCTTTTTTAACTGATATCACCGAGCGCAAGAGGGTTGATGAGCGCGTAAGGCACCTTTCCTATTTCCCCCAGTTCAATCCTAACCCCATCATCGAAACCGATTACAACGGAAACGTTACCTACTGCAACACCGCTACCTGCAAGGCTCTGGCAGGCATTGGCGCGGAGGCTGATGCCGGCCTGCTCGTTCCCGACGACCTGGACGCCATTGTACGCGACTGGGACAGGAGCAGCGAAGCAACCCTGTACCGCGAGGTTTCCGTCAAAAACGGGGTATTCAGGGAGACCGTTTTTCTGACGCCCCTTTATCCCGTCGTGCGTATCTATGCCCACGACATCACGGATTTGAAAGAGGCCGGGAAGGCGTTGCGGGAAAATGAGAAAATGCTCCGCCTTTTTATCGAACATGCTCCAGCGGGGCTGGCAATGTTTGATCGCGAGATGCGCTACCTGAGCGTCAGTAAGCGCTGGTTGAGAGACTACAGGCTCGGCGACCGCGATTTGCGGGGGCTCTGCCACTATGACGTTTTCCCAGAGCTTCCCGAAAAGTGGAAAGAGTTTCACCGGAGAGGGTTGGCTGGTGAAGAGTTGAAGGAAGAGGGAGAGCCGTTTGTGCGTGCCGACGGCTCGGTGCAATGGCTGCGCTGGGAGCTGCATCCCTGGTATGACTCGTCGGACCAGGTCGGGGGAATTGTCATTGCCTCCGAAGACATTACCGAGAGTAAGCAGGCGGAGGAAAGGATTCTGCAATTGAATCAGGAGATGGAGCAGCGGCTGGCCGAATTGCAGCTTATCCTCGATACCTCCCCCATCGGTCTTGCCATTACCAATGAGCCGCAGGGTGACGTCATCCGGGGCAATCCGGCCCTTGAAAAACTGCTCGGAGTGCCGGCAGGGGGCGAAATATCAAAACATGGTTTCAACGCGGCAAAATTCCGGGTCTTCAAAGACGGCCGTGAGCTCTCTCCTTTGGAGTTGCCCATGCAAAGGGCCGTTCGCGGTGAGCTCATTTGCGGAGAAACCTTGGACATCCAGCGG
CP071382.1_gap64	2540423	2542529	2106	ACGAACCCCACTTGCGGAGCTTGTCTTGGTATGAGCAACGGGGTGCTGGCGGAGGGGGAAGTCTGCGCATCCACCACGAACCGCAACTTCATGGGGAGGATGGGCAAAGGGGGGATGGTTCACCTGATGTCCCCTGCCACCAGCGCGGCAACAGCCATTGAAGGTGTTATCGCAGATCCCCGGAAATATCTGTAACATATATGATAAATGGCCTGCGCCTGGTTGCGGTGCAGCCATAGGTCACCGCGACCGACTTCACCAAGGAGACTGAACCATGAAACAGTTTGGCGGCCCCGCACTCTTTCTCGACCGCTCCGATATCAATACCGACGAGATCATACCGGCCAAATATCTGACCGAGATAACAAAAGAAGATCTGAAACCCTATATTCTCGAAGATCTGAAGCTTCCCGGCTTCGATCCCAAAGGAAATAAGACGCTGAATGCCAGGGTTATCGTATCCAGAGCCAACTTCGGCTGCGGCTCTTCCCGGGAGCACGCACCTTGGGTATTCGAGGTGAACGGTATTACCGCAGTCATCGCTGAATCATTTGCCCGGATATTCCGCCAGAACATGTTCAACTGCGGTATGGCTGCCATTGAGCTGCCAAAGGATAAGATAGATCTCCTCTTTGCCTATTCCAGTTGCGCTGATGCAAGCGTTTCCGTTGATGTGGAAAAGCAGACCCTGACAATTTCTGGTGGAGGAAAGGAGGAGAGCCTCTCTTTTGAGGTTTCCCCCTTCGACAAGGCGCTTGTTCTGGCCGGCGGCTGGGTTGACTACGCCGACGGAAAGTATTAATCATTATCTCGCCAGCTGACAGTCTTGTTGTGAGAGGCCTGCGTTATCAGCGCAGGCCTCTTTCTTCTTGGCCGCTGGAGAATCTGGATTTTTGTTGACTCATCCCGGTTTCTGAGGGTATTTAAACTACTTATACATTTTTTTGACACGTGGAATTATCCCAATGCTATTCCGTTTTCTGCTTATAATCACTGTTTTCCTGATCCTGCCGGTTGCCCATGGCCTGGCGTCTGACGACATGGAGGAAAACGGAACGATATTCACCTTCTGGCCCCTGGTGGATTATCGAAAAAGCCCTGAAACCGGCTTCAGCAATCTTTCAATCCTCGGCCCCCTGATCAAGATCCAGCAGCAGGATACCGTGAGGACGACAGCGGTGCGGCCGTTCGTCTACCGCACTGTTGATGAAAGTGACCAGAGTGCTGCGACGAGCTACCTGTATCCGCTGGCCTCGTCCCGGCAGGCTCCGGATGTTTCGACCTTCCAGGCATTGAAACTTTTTCAGGTGAACACCTTTCGCAAGGACGAACCGGACAAGGCGAAAAGCGACTCAATGCTTTTCCCGTTCTACATTCGCGGAAAGTCCGATACTTACGGTCAATATACTTCAGTCTTTCCCGTCTATGGTACACTATACGAGCGCCTCTGGCGTGACGAGATCCATTACACCCTGTTCCCGCTTTACAGCCGTACGGTAAAAAAAGGGACAACAACCCGGAACTACCTCTACCCGTTTTTCTCAACGATTGAAGGCGAACATGAGAGCGGCGGTCAGTTCTGGCCCCTCTACGGCAGGGCGGAAAAAGAGGGTAGCTATAAGCGTAGTTTCGTTTTGTGGCCTTTCTATCTCCATGAGCATACTGGGCTCGATACGGACAACCCCACTGAGCGACTCACCGTTTTCCCTCTTTACTCAAAAACCGAGTCGCCACGCGTATCTTCACGTACCTATCTTTGGCCCTTTATCGGCTGGACCAGCGATCGAGGGGCAAAGCAGGAAGAGCGGCGATATTTCTGGCCTTTGGTTACGACCGAAACGGGTGACAAGCGGCAAGTTAAGCGATACCTTCCCATTTTCTCAGAAGAACAGAGCGGAGAAACCCTCAAACGGTGGTACCTCTGGCCGTTGTATCGCCATGACGAAATCAATTCGGACACCTATGGCCGTGAACGCGACCGAGTCCTTTTCTTCCTCTACTCGGATAGTCTTGAGCGGTGGCCCGCCGACGGCGCGGAGCGTCGAAGAACGGCGCTCTGGCCCCTGTTCCTTTTCAATAGCGACACGCGGGGAGTTAAGCAGTTCA
CP071382.1_gap65	2549421	2550672	1251	CATGACTATTGTTAACGGCTTGTCGATACCTCTCATTTTCAAGGCTTCCTACGATAAGGCGAACCGCACTTCGGTCACCTCCTTCCGTGGGCCGGGGATGAAGGAGGGGCTCCGCATACTCGCCAAGGTTAAGGAATCACTCGGTATCCCCGTTGTTTCCGATATCCACTCCATTGAGCAGGTGCAGCCCGCTGCCGAGGTTCTCGACATCCTTCAAATCCCGGCTTTCCTCTGCCGCCAGACCGATCTTGTGGTTGAGGCCGCCCGCACCGGCTGCGTGGTGAACGTCAAGAAGGGGCAGTTTCTTGCCCCCTGGGACATGGAAAACGTGGTGGGCAAGATTGTCGCCAGCGGGAACGAGCAAATTATCCTGACCGAGCGTGGCGTCTCTTTCGGCTACAACAACCTCGTGTCCGACATGAGAAGCCTCCCCATAATGCGGAGGTTGGGCTTTCCGGTGGTTTTCGATGCAACGCACAGCGTTCAACTCCCCGGAGGGCAGGGCGGCACATCCGGCGGCCAGAGGGAGTTTGTGGAGTATCTCTCCCGCGCAGCAGTAGCAACAGGCATCGACGGCATCTTCATGGAAGTTCACGAGGATCCGTCCAAGGCCCTCTGCGATGGTCCCAATTCGATCCCACTCGATGAACTTCCCGTACTGCTGAAAAAGCTCAAGGCTATTGACGCCATAGTAAAATAGAAGCCCGGAAACGGTGCTCAGGTGCAGGTAGAGGTTTTACCGGCCCTGGTTCCCGGTACCCGGTTACGGATCCCAGATGATTATTGAAGAAGCACGCAAGGTTATCCGCATTGAAGCCGATGCCCTCATGGCCCTTGCCGATTCCATTAACGGTGAATTCGAAAGGGCTGTTCGCCTCATTCTTGCGACCAAGGGGAGGGTGGTGGTAACCGGCATGGGTAAATCAGGTCTCATCGGCCAGAAAATTGCCTCAACCATGGCCTCTACTGGAACCCCCGCATTTTTCCTCCATCCTGCCGAGGGGATTCATGGTGATCTGGGGATGATCATGAAGGGGGATGTGGTTATTGCCATCTCCAATAGCGGCGAAACGGAAGAGGTTGTGCGGATATTGCCGATCATTAAAAGGATTGGCGCTTCCCTGGTATCCATGTCGGGAAACCCGAAATCGACCCTTGCCAAGGCCGGTGACGTTTTCCTCGATATTTCGGTCAAGGAGGAAGCCTGCCCCCTGGGCCTTGCGCCCACCGCGTCCACGACCGCCACGCTGG
CP071382.1_gap66	2551889	2552763	874	ATATGGCAAATGCTAATAAAATCAGGCATATTCTTGCCTCGGTCATTATTCTTGCAGTACTCTATGTTGCCGGTACTCTTGCCTTGAGGCTAGGGGGAGGCGATAAGAAGGAGGAGAGCCTGCCGGCTCTTCCCCGCAACGTTGAACTTTCCCTCAGCACAATCCATTATGCGGAAACCAAAAATGGTGTTAAGCAATGGGATCTTTTTGCCGAAAAGGGTGAGTATGACAAGGCGAGGGATGTGACCAGGCTGTCCGGCGTGCGGTTGATTCTTTACAAGAGTGGTGATAGTGGAGACGTGACTCTTGTCTCGGATGAGGCCGACTACTTCAATGCGTCGAAGAATGTGAAGCTGGCCGGAAATGTCGCCGCGAAAAGCGAATCAGGCATGGCGTTCACCACGGGCCGGGCTTCATACGAGGCTGGCCGTTCTTTGATTGTGACCGATGACAGGGTTGTATTCACCGATGGCGGAATGAGCGTCACGGGCGTAGGGATGGAGTTTTCAGTCAAGAGCCGGCAGGTGCGGGTTCTTAAGGATGTGACTGCAACCGTCACGCCGCGGAAAAAGGGATGATATGATGCGAATCTTCACGGTTATGCTTATGCTGCTGGCATCACTGGCAGTTGCCAACGCTGCGCCGCTGCTGAAAGGGGACCGGCAGGGACAGCCGGTGACCATAAAATCCAATGAACTCTCCAGTGACAGTAAAAGCAGAACTGCCACGTTCAGCGGCAAAGTTGTCGCCCGTCAGGGTGATTTGACCATTTATTCCGACAAGCTTGTCGTCCACTATAAAGAAGAAGGTGGCGATCTCGACAAGGTGGTGGCGACGGGGAACGTTCGCATCGTCCAGGGAGACCGCCTTGCTA
CP071382.1_gap67	2660904	2664208	3304	GCGCTGCATAGTGCCGACGGCTAGGGTGCCGCGGGGGATGATGCCATTGTCGTAGGCAAATTCTAGGGCGTTCTCGACGGGAGCGATGGCGCCCTTGTTCTCGCGCCGGGTGGTGTGAAGGAAGGCTGCGACAAAGTCGATCTGGTCGTTATTGAGGATGCATTCGCCTTTGTCGGCTCTGGTTTGGCGGCCTGAGTTGAAGCCGTGCTGCCGCGCGATGCGCATCATGTGCTCGTAGGAGTAGCCGTACTGGCGGCGGTACCTGTCTATGATTCCGCGACGCTCGCTTGGCTTTGCTTCTTTCAGTTCAAAAACCATGTCCCGTTGCCACATAACTCATCCCCACAGATGAAAATCAGCAATTACATCTGCTGTTTTTGCTGCCAGCGTTCGAAATCCTCCAAGAGTTCAGGATTCATGACCGGATCACCATGTGTGGTTACGGCGGTGTCATATGCAGAGAGGGCTTGCATCTGTATGTAATGGAGAAAACTGATCAATGCTGCCCGCATGCGAGGAGTGACTTCTTTGTAATGAGCGAAGATGTTTGAAGCGGGATCTACACGCAAAAGATAGCCGTCAAAACTCATTTTAAGATTTTCGATTTTTTTCTGAAAATCTTCCTCATCAAGAGACAGCCCTTTACTGGCGGCCTCTTCCTCCATTCTGGCCAGCTTCTTTTCATACTCGTTGAGTTTCTTTTCTTTGCCTGCAAGAACACGGTCTGTGGTAGCGAGGCTCTTCTTGGCCTCTTCAACGGCAGCGTTCTTCTGCTCCAAATCCTCGTTGATACGGTCAATGAGTGCCTGAATTTCATCGCAGTGGTCGGGGGTAATGGGGATGGTTTCGTCACCATAGATGATGGCGTTATCCTGAATTTCGGCCAAATTGGCCGAAACCGAATTGCCTAACTGTCTGATTTTACTAAGAGGCATGCCGCACAAATCGGCCAAATTGGCCGAAAATGCCTCAAATACCGGTCGCACTTCCTCAATGATCCGGTCGATTGTCCTCCGGGCGATACCGTTTGCTTCGCAGAATTCGTCCCAGGTCATACCGCCAAACTTGTAATCCTTCTGCTGCTTGATCCGGTATATGGTTATGACTTTCAGAAACTCGTTGTATGCGATATTGGCGTCAATGGCCTTGATGGCCCCCATAGCAAAGGACTCTTGCCGGACTGCCTCCATTTCTTCACGTTGTGCACTCAGTTCTTTCTCTGACTCAGCACGCCTTACTTCATAGATCTCATGTGCGGCAATGGTTTCCGGGGTTCTGTGCCCTTGACTACGTTGATTTTCAAATTTCACAAAATCAATTGCAGCCTCAGATGTTGGATCAAGTGACTTCTTCTTCATTGTTTAATCTCCTCAATGATTGGGAATCCCATCAGCATCTGACGGCTCCTCTTGTTGCAGAATCACGTGTTGCCGTCCCTCTGAGTCCTGTTAAAATCAAAATGAATTTGATAGACTCAAAGCACGGCAGATTTCGGCGGCTCTCCCCAGAGCGATTCGTAATCTTCATCAAGGGCAGTAGCAATAGCCCTTTGGACGCGTCGAGACTTGCGAAGGCCATTAACGGCACCGGACACTGTGCAACGTTTCACGCCGAGTTGCTTGGCGATATCCGTTTGCGAGATGCCCTTGAGAATCATGAGGGCCTTTATGACGTTTGCTTTCACTGGCCACCTCCAAAATTCAAACTAGCTTGATAACAGTTATCATATTCCAAAATTTGGAATATGCAAGGACAAATTTTCAAATTATGGAAACAAATCTGTTACCAAAATATGCTTCAATCGGTGTGCGATTTAGACATGTACGTGAAACTACTAGACTTTCTCAGGGGAAGTTTGCTGAAAAGCTAGGGGTAAAAACATCGATAATCTCAGAAATTGAAAGAGGAAACGTTAAGCCAACTCTTGTTCTCTTGATAGCTATGGAATACGTGTACCGAGTAAGAAAAGAATGGGTATTACAGGGCGACCCCCCGATGTACTGTTCTGACGAGCCAATCTTGGGTCCCATTTTGATTACATCTCCAGAGGACTCATCATCCCGGCAAATTAGATTTCATATAAACAAGTTAGTAAGGATTTTCAGGGAAGGGAATAAGAACAAGATCGAGGCGTTGAAAGCTCAATTACGGGCACTTGATCCAGGTACGAACAACAGCAATAACGAGAATGGCGGACAGGATGAACCAACTTGATGGATTGGCTGTTATCATTAACAAACCTAAACCGACACGTGAGAAGAGAAAGCATAAAAATCTCGCAAATGAACCAAGGCACGCCAACTCTTAACCAATTCAGTCGTCTCGTCTGCAATGTCATCCTAATATCGAGGAGGGTATATGCCGGATTTCAACGAAAGGCTGATTAAGCATGTGGAGCATGTCAAGAGTGTTGGGCCACACTGCTCAACAGAAGAAACGACCAAGCAAGCCCTTATCCTGCCGTTTCTGAACTTACTCGATTTCAACCCCTTTGACCCTACCAAGGTAAAAGCTGAATATGGCGCTGACATGCCGGGGATTAAGAACGGTGAACGTGTTGACTATGCCCTTTTCTCCGAAGGGCACCCGGTCATGTTCATTGAGGCAAAACCGTTCGTCGAAAAGCTGACCAACCATACCGGACAGCTCGCGCGATACTTCAACGCTACGCCAGGAGTGGCAATTGCCGCCATTACCAACGGACAGGAATGGAGGTTCTTTACGGACCTCAAGAATCCGAATGTGATGGATAGTTCTCCCTTTTTGGCTGTTGACCTCACGAGTCTGTCAGACAGTGACGCTGAGCAGCTGGCACGGTTCCGCCATGATAATTTTCATCCAGACAAATTGAAATCATTCGCCGAAGAGAGGGTATACCTGGGGATATTCCAGGCTGTCATCGAAAACTGTCTGAGGGATCCGGATGCTGATTTCGTCAGGTTCGTTGCGACCCGCGCGAACTTCGCGCCTAAGCTCACCGGAAAGGTGATTGAGACAATCACACCGATAGTAAAGCAGTCGGTGGCCGACGCGATCAGCCGCATGGTTGTGAGTGGATTATCCGCTCCGATCCCCCCTGTTGCTGCGGTAGCACCTGTTGTGGAAGCAGAATTCCCCGCTCCTGCGATCTGTGGTGACCAGGTAGACCCCAACAATTCAAAAATTGTTACGACTGATACTGAGCGCCGGATTTTATCTATCATCCAGACCATGCTTGAAGGGCAGGTCTCTGAAGATGAAATTGTCGGGAAGGACACCGAGAGCTACTACACTGTGCTTTATCAAGGAAAGGTGAATCGCTGGC
CP071382.1_gap68	2696675	2697286	611	TTTTAAGGAGTTTAACGACAGAGGACAGTTCTACCTGACTATTGAACAAAATGTGCATACAACGCTTGAGGCTGATTTGCCTGCCATTCATCAAAACTTGAATGGCGTGTCTGTGCGTAAGATAGAACGTCTTCTGGCGATTGTTTCTTCACTGGTTCCCTATACTCCTGATATGAAACATCTGAAGAATATGCTGGATATTGGCGATGAGCGCACACTTAAAAATTATCTCAAACTCCTTGAGGATGCCGGCATTCTTCGGACTGTCTCCAGGAGCGGCAAGGGATTAAGGGCGTTGGAAAAACCTGAGAAAATATACCTGAATAACCCGACGCTGTATTATGCCCTTGCAGGGGGGGCTGCCCCGGATAGTGGTGCTGTCCGGGAAACGTTTTTTCTTGCCATGGTGAGTGTCGCTCACCAGGTGCGTGTGCCGGTAAAGGGTGATTTTCTGGTGAATGACAGTGTGACGTTTGAGGTTGGGGGAAAGAATAAAGATTCCTCGCAGATACAAGGGCTTGAAAACGCTTGGCTGGCTTTGGATTCTGTCGAGATCGGTTCTGGGAGCAGAATTCCATTGTGGTTGTTTGGATTTTTGTATTGAAAGCCTT
CP071382.1_gap69	2699035	2700211	1176	AATAGAATCGCGCATGCGGGATATTGCAAAGTCCAATCTTAAGCTTGAGCGCCAGGTTCTTTCCAAGAGCGATGCCATCAAGCTTTTCAAGGATATGGGCGAAACGTACAAGATTGAATTGATAGAAGCGATTGCCGATGACACGGTTTCCCTCTATCGCCAGGGCGACTTTGTCGATCTCTGCCGTGGCCCCCACCTTCCTTCCACCTCCAATTGCCGTGCATTCAAATTAACTTCCCTTGCCGGCGCGTACTGGCGCGGTGATGAAAAGAACAAGATGCTCCAGCGGATCTACGGGACCGCTTTTGCTGATAAAAAAGAGCTGGACGCATATCTTGAGCGGATTGAAGAGGCCAAGCGGCGTGATCACCGCAAGCTGGGACGCGAACTCGACCTTTTCTCGTTTTCCGATGAAGTCGGTGCGGGGTTCGTTATCTGGCATCCTAACGGGGCCATGCTGCGAACCGTCCTGGAGGATTTCGAGCGCAAGGAACACCTGAAGCGTGGTTATGACATCGTGGTGGGCCCCCAGATCCTCAAGACCGAGCTCTGGCAGCGTTCCGGCCATTACGAAAATTATCGCGAGAACATGTATTTTACCGATGTGGAGGGGCAGGGGTTCGGCATCAAGCCCATGAACTGTCTCAGTCACATGATGATCTATAAGTCGCATCTGCGCAGTTATCGCGATTTGCCGCTGCGCTTCTTCGAATTGGGGACGGTGCACCGCCATGAGCGCGCCGGGGTTCTTCACGGATTGCTGCGGGTGCGCTGCTTCACCCAGGATGATGCCCACATCCTCTGTACTCCTGAGCAGCTTGATGATGAAATAAAAGGGGTTATATCCTTTGTTAATGACGTTATGGGGATATTCGGGTTCGAGTTCGAAATGGAACTTTCGACCCGGCCCGAAAAGTCAATCGGATCGGATGAGGACTGGGAGCGTGCAACCAATGCGTTGCTGGGAGCTCTTAAGGATTCGGGGCGCCCATATGATATTAATGAAGGGGATGGCGCCTTTTATGGCCCGAAGATTGACATCAAACTACGCGATTCTCTTGACAGAAGGTGGCAGTGTGCTACAATCCAGTGCGATTTTACGCTCCCTGAGCGGTTTGATCTGACTTACGTGGATGCCGATGGAGAGAAAAAGCGGCCTGTCATGGTCCATCGGGT
CP071382.1_gap70	2701426	2703014	1588	CCGGCAAAATTCACCTGTAAAAGGAGTAGCTGATGCCAAGGGTTAAACGAGGTTTTAAAGCGAGACGCAGAAGAAACAAGGTTCTCAAACTTGCCAAAGGTTTTCGTGGCGCCCGGAGCAAATTGTTCCGGAGTGCGACAGAGGCCGTAGACCGTGCGCTTAATTACGCATTCAGGGACCGCAAGGTCAAGAAGCGTGATTTCCGTGCCCTCTGGATTACGAGAATCAATGCAGCTTCACGGGCAAATGGGCTTTCCTACAGCAAGCTCATCCATGGACTGAAAAAAGCGAGTGTCGAGATTGACCGTAAAGTCCTGGCGGATCTGGCTGTTTCGGATCCCAAGGGTTTCTCTGAGATCGCCACTGTCGCAAAAACACAGATTTAGTGGAAATTCAGCCGGATAAAAAAAGAAATGGAATGCTCAGCGTTCCATTTCTTTTTTTATAAAGGGTCCTCGTTATGAAAGAACAACTTGATGGTCTTCTCAAGGCCGCTCTCGCGGAAATCTCCGGGGCTGGAACTGAAGAGTCTCTCCAGGAACTAAGAGTTAAGTATCTTGGGAAAAAGGGCGCGATTACAGCCGTTATGAAAGGGCTGGGAGCCCTTCCTCCGGAGGAGCGGCCAATTGTTGGCCAGTTGGTCAATACGGTCAAGAATCAGCTTGAGACACGCCTGGACGAAACACTTGACCGTGTCCGGGATGCAAGTAAGCGCGAGAGGCTTGAGCGTGAACGGATCGACGTTACCTTGCCCGGCCGCAGGACACCCCGTGGCACTAAGCATCCCATAACTCTCGTGATTGAGGAGATATCGGATATATTCTCCGGTCTTGGCTTTCAGGTCGCCGAAGGGCCCGAGGTTGAGCTCGATTTCTACAATTTCGAAGCCCTGAATTTTCCCAAGGACCATCCGGCCAGGGATATGCAGGACACCTTCTTCGTGGATGATTCCATCCTGCTGAGAACCCATACGTCTCCGGTTCAGGTGCGTACCATGCTTAAGCATGCGCCACCGGTAAGGATTATTTCTCCGGGTACGGTTTACCGGTGCGACTCCGATGCCACCCATTCGCCCATGTTTCACCAGATTGAGGGGCTTATGGTGGATAACGGCGTAACTTTCGGCGATCTCAAAGGGATTCTGACTACGTTTGTGACCCAGTATTTCGGAAAAGATATCGGGGTGCGTCTGCGCCCGAGCTTTTTTCCGTTCACCGAACCCAGCGCCGAGGTGGATATCGCCTGTGTCATGTGCAAAGGGAAGGGGTGTCGAGTCTGCAAGGAAAGCGGCTGGCTTGAAATTCTCGGAGCCGGGATGATTGATCCTGAAGTGTACCGTCATGTGGGATATGATCCCGAGGTTATTTCAGGTTTCGCTTTCGGCATGGGGGTGGAGCGTGTTGCCATGCTCAAGTACGGCATTGGAGATTTGAGGCTTTTCTTCGATAACGACGTGCGTTTCCTGCAGCAGTTTTAAAGTGCCGGTGGAACAAACAGGGACTAGAGTTCCGTATTAATTACTAATTATGTCCCGGATAGGGTGAGAATATGATAGTCACATACAACTGGCTCAAGGAATTTGTCGATT
CP071382.1_gap71	2704354	2705897	1543	GATCTGGTGGAAGAAATCGCAAGACTGAGCGGCTACAACACGATTCCCGTGACCATGCCCATGGCCCGAGTCATATCGGACCGACCAACCCATCATCAACGCCTGGTTAAGCGTTTGAAGAACGTTATGGTCGGGCAGGGTTTCAACGAAGTAATCACTTTCAGTTTCATGTCCCCGGAGGTTCTGGATAAGCTGCTCCTGGGCGACGGCGATTCCCGCAGGCCCTTTGTCCGCCTGCGTAATCCCCTCGTGGAAGAGCAGTCCGTGATGCGCACTACGCTTCTTCCCGGGCTTCTTGAAACGGTTGCCAGAAATCTTAACTATCGTGTGCTGACGCTCCGGATGTTTGAGCTGCGGCGCGTCTATCTTCCCGTAGAAGGCGAAGAACTTCCCAGAGAACCCCTCTGCCTGGGCGGAATCATGACTGGAGCCCGCCATCGCGAAGGGTGGAACCAGGAACGCCATCAGGTGGACTTTTATGATGCGAAGGGAGTGGTCGAGAATATTCTCGATGACTTCTCCATAGGGGATGTAACATTTGTCCAGGAACGTCGCGATCCATATTTCCATCCGGGAAAGTCATGCGTCGTCCGGAGCGGTAAAGAAATTCTCGGTTCCTTCGGCGAACTCCATCCCGATATTCAGGAAAATTTCGGCATTGATCAACCCCTCTATTATCTTGAGCTGGATTTTGAGAAGCTTGCCATGCTCAATTCGGATCGGGTCACCATCAAGCCTCCTTCCCGTTTCCCCGATACATTCCGCGATATTGCCATGCTCATTGCGGATGAAACTCCCGTGTCGGCCATTCTGGAGTGCATTAACGCTTTAAGAATCAAGGAGGTTGAATGTGCCGAGATATTCGACCTCTACAAGGGGAAACACGTGCCTGAAGGATTCAAGAGCGTTGCAATCAGAATCAGGTACCGTTCGCAGGAGAAGACACTTGCGGATGATGAGGTTTCTCCACTGCACAAACGTGTGGTTGATACGCTGGTGAAAAAGTTAGAAGTGACGATACGTTAAAAACAGGTTGATTATCTTGGGCTGCTGTGCTATAAATCCTGTCGCCTTCGGTAAGCGCGATATATTTTGATAACTTATTGATTTTGAGGGAGTATATGACCAAGGCAGATATTGTTGAGCAGATATACGAGAAGGTGGGATTTTCAAAGAAAGAATCCGCTGAGCTTGTTGAGCGGGTCTTTGGTCTTATCAAGGAAACCCTCGAAAATGGTGAGAAGATCAAGATCGCCGGTTTTGGTAATTTCGTTGTCAAGGAAAAGGCCGACCGTCGTGGCCGAAATCCTCAGACCGGTGATGAGATAATCATATCCGCCCGCAGGATTCTCACGTTTAAGCCGAGTCAGGTCCTCAAGTCCTCGATCAATTCCTGAGAAGTTCTTCCCCGGAGGGAAGTTGGAGGCCAATCTTCCTGATAAACAGTATTTCAGGATCGGAGAGGTTGTGCGATTAACGTCGCTCAAAGCCTCGGTGCTTCGGTTCTGGGAAACTGAGTTTAAGGAGTTGAAGCCACCCAAAA
CP071382.1_gap72	2731377	2732146	769	ACTTTGCTAATCCCAAGGTTGGCAAATGTTGCCTCGTACATGTCGCTCTTGTCGTTCAGAGAGACGCTGATCTTGTCGATGACCTTGTGTCGCCCCTTCTCTTTGGTGATGGACTTCACCAACCCCGATTCATTCCGGTGGACGTAATGCTTGCGCAGGATCTCCTTGACGGTTTCGATCCCTGACTGGATGCTGGCCTCATCCGACGTAGCACAGTACTGTCCCAGCAGGTACTCCAGTACGTAGGATGGTACGATGGCATTCCCTTTAACCGCCTTAACCAGATCCTTGCGGACGACGAGGCCGGAGAAATGCTCATTAATCTTATTGTCGAGTTCACTCATCGGAAGGGCACTCCATTAAAAATCGAAATCACTGGTAAATGAACGCCTGACCAGATAGCGGGCCGATTTGTATTCGCGGTAATGTGATGTTGCACCGACCCGTTCTTCAAGCTTGAGAAGGACTTCCTGCCCGTTTGCCGCATCAGCCTTGCGGCTCAACACAAATCGTACCTGCATCTCACGGTCACGGGGATTGTCAGAAGCCAGATCAAATTTTAGTTCATGTCTGTCGGATATCAATTCACCTGCTTGCGTATAGATACCAGCTCTGAGAGTGTGGGACTGCACCTTGTCGCAGGCTGGCTGAACCTGATAAAAGACCACGGATAACTGACCAGACGATATGATCGATGTAGCGCCACGGAGAATCTCGATTTCAACGGCGGAGGTATCGCTCTGCCGCTTCTTATTGATCTGGATTACCG
CP071382.1_gap73	2733538	2736631	3093	CAAGAGCATCGCCACCCAGCCGGGCAGTGCCGTTGGTTCCCAGGGCATAACATGACTTAAACAGCTCGATGGCAAAATCTCTGATCCCCGGCGTGGCTGATTTGTAACCATAGCATCGCTCAAGCTGCTCCAGCAGGAACGCTTCCAGATCGCAGCGTTTAATCAACTTGATCTTGTCATCACGGCTTTCTGCCAGCTCGGCCAGGAGGTTCTCAAGCACGCTTTCCAGACGGGTGTCAGCTCCGCTACAGATTGCCAGCATCTTGAGCCGAATAGCGCCCGGCGTATCATTGTCAGCAAGTACCCTTTTCAGCCCCTCTCGCCTCTTGGCGGCATTGAAGAACTCGCCATGGTTCTGGACAATATCGGCAAACTCAGGCCCCAGGTCCAGCTCACTTAGCCAGATACCTGCCTGATCGGTGCGAAACTCCCCATGGGCAAGCTGCACATCCAGCAGCCAGTTGTTGATGTCTTCCGGCTGTGCACCTTCGTGATAAAGGAGGAATCTCTGCTCCGGCGCTTCCCGAAGGACCCGGTATTTGATGCCGAATTCATTGTTGTTCAGTTCGATCTTTTCAATGCCCGCAAGACTCAGAGCCTCAAACTCCTTGCGGAGCTCTTTCTTTGCGTCGTACCAGAAAACGATCCGATGCTTGTCAAAAATTCGTGTCAGTGCCTGTGTGATTCGATCCATGGTCGGCGTCCGGTCAGTCTTGAAGTTTTACAACAAGCCGGTACACCGTAGAACCAGTGGTGCGGGGCCAGTCAGTACAGGGGGGATTATCCTTGCGGCGGGCTCGGTCAACGGCTGCAGTGATACCAGGTATCAGCTTGACCGTTTCAATATGTTTGTCGTAGCTGGGTATGTAACGTTTCAGACGATCTTTGCATTGCCGATTGTTCGTAACACCGACAGCATCTTCAAAATGCAACAGCAGCCAGAATTCAAAGCAGGGATTGCTGACCGCAAGACCATACTGTTCGTTCGCAACCGCCCATTCATGCAGTTGGGCAAGTTGTTCTTCTGTCCACTGATCCCTGTCAATTACCAACCATGCGGCATCACCGGGTTTGAGGCGGTTGCCCTTGAGGTAGTGCTTCATGCGCCCTAATACATGCTTTGGGTCACTGTGGGTGCCTTTTACCCACTTGATTGTAATAGTGGTCGTTCTGCTGTTGAACAGTTCAAAATACTGCGGTTCTGTTGTGGTTCCCTCGGTAGCAAGCACGAATACCTTGCGATAATTGAGAAACGGAATCTTCCGTTCAAATTTTCGCCGTTTGCTCATTACGCAGCCTCACCTTCGGAATGCTTTTCCACGGTGGAGCGTAATGTTCCCATCAGGATTCGGGGAACGCCTCCAAGCCGTCCCTGCAGGTAGCTTTTGCGGATATCCTTATCATTGCGAACGTCCTTATACTCGCTGAATGAGATGAGCGTCGAACTGCCGGTCCTGTCACGCTCGGCAACCCACATTTCATCACGACGCAACAGTTCTTGATCCATCAGTAGTACGTCATGAGTGGTAAAAAGCAGTTGAGAACGACATTCCGGTCCGCAGGTAAAGAGATACGCTTCAAGAAGTCTGCGTGTCAGGAGTGTATGCAAGCTACGATCAAGCTCGTCAATGATAAATACTTTGTCGTTGGACACCGTTGAAAGGTCAAGAAATGCAGGAAGTAGGTCAATGGTCCGCTGGGTTCCGTCTGACTCATTTTGCATATCAAATTTTATGTCTTGGCCTTTGATATCCTTGTGGAAACTGATTAGTTTTTTCGCCTTTAGCTCTCCATGCTGGCGTGTCACCAAAAAACGGTCGTTAACCGGTTCAGCAATAAGTCTAACTGTCATACCTTCTTTTAGCTCAGCTTGCAGATCTGCTCGAATTACATCGGGGAATGGAATGTTTTCGAAAGGGAGATCTTCACTACCAAGTGACTCTATTCCCGTATCAAGCATCGAAAGCATTGAGTTCATGGTGTTGTATAGAGGGTGTTCTTCCTGGAGGAACTGTTCAAAAGGCGCAAACCGTGAATCAGGGGCAATGAGAGTCAGATTGTGCTTGAACCAGTTGTATACTGGCCTAAAGTTATTAACCTTTTGGTTGGTAGCGTTGGTCAGGAAAAGCTGGTTTTCGCGAGTTCCTTTGAACGCAAAATGAAGGAATTGGTCCTTGTCCAAGGTGCTATGGAAGGTAATAGTATCATTAGTGCGTGTATAAAGCGGTTTCTCGGTAGTTTTTAGTATTTCAACCAACTTCTCTTCTGTTACTCGTTGGCGAGTAACTGCAAAGCTAAACTCAAAGCACTTGTCATTGATGAGCAACTCAAATTTAAATTTTGAAGGTAGTGAGTTGCATTCGGGCGCAAGTCGGAACGGCTCTGACTGGATCATGCTTTCAGGCTGCGTACCAGTTACAATAAAATGTTTGGCGAAATTCAGCGCCTTGAAAAAGTTGGTCTTTCCTGAAGCATTGCCGCCGTAGATGGCTGCTACCGGCAACAGTTTCATCCCGTAACCGGGTATGTCGGGCAACCTATCGCTATGCTGTTTTTCCCTGCCGGCAACCATGGACAGGGTTGATTGCTCTCGAAATGACCGCCAGTTTTCAACAGAGAATGAAATAATCATGTGGCACCACCCGGAGATTTAGTCTCTTGATAAAACAGAAATCAACGATACTATAGCACAAAATACAGCATTTCAAGAGAAAAAATCACCCAAGCAGCAAGTTATTCTTCCCCAGCATCCAATCCCGGAATTTTCTTCAGTGCATCGCCAAACAGAAGGTAGTTGAATTTCACTCCATTATCCAGATCAATGGGAATCTGTTTCGTTGCCAGCGGGTAGAGAGTCTCCCGCTCGTATACTTCCAGTTCATCGATGACCTTGCGCAGCTTTTCGAGATTTTTGAGCGCGTCTGTTTTCTCGCGAGGGCTGGCAGAGGCGCTGATGCTGACCTGCTCTAAATGTTGCTTACGGGCGGATAGCTTGGTGCGGAACTCACGCAGGTAATCGTTAAGCACTACACTGGCAGTATCGGGGCGGTAGCGGTGCATGTAGATCAGGGCGTTGAAGCTCCCTTTGGGGCT
CP071382.1_gap74	2758977	2762480	3503	AGAGCGGTGTTGGCTGCGGCATTCCGGGGGTGGTGTTGGTGACAAGCTGTTCAAGACAATCGACAGCACGCTTGAAAAGACCGGCCCAGCCGAGAAAGCTGGTATCCGAAATGCCGGGGCCGCCTGAAGGCGCGGTGGGGTCAAGATTCGCCTCTGTGCTTCCATACCGAATCTGAGCCGCATGGACTTTGCTGAGGTAGGTTCTCGTCTCGGCAGGGAGCGACATGACGCCACTTCGGTCAACATTTCCCGGCCCCCAGTTGTAGGCCGCAAGGGCCTTGTCCGTGTCGCCGTGGTAGCGATTGAGAAGCGACCGGAGATATTTTGCACCGCCCTCGATGCTCTGAACCGGGTTGAACGGGTCCTTGACGCCCATGTCCTTTGTGGTCCCTGGCATAAGCTGCATGATGCCGAGTGCCCCCTTCGGCGAACGGGCGTCATACTTGAACTGGCTTTCCGTCTCGGCAATCCCCTTCAGGAGGCTGGGGTCAATGTTGTACTTTTTCCCCATCTGGATGAAGACCGGGTCCATCCGATTGCCGCGGACACCGGCCACGAAGTCAGCGCCGTTCTTGTTGAGGAACTTGGCTGCATCCTTCAATAGGCCGCTGTTAAGAACGTCGGCAGCTGTATTCGTTGTGACGTCCTCCCAAGTTCCAAAGATGTCCTCCAGGTTCTCACCCGTGGCCGCCCTGGCGTTTTCTCGGGTAGCATGACGCTGACTTATCCTCGCCCCTGCCGTTTGAGAATAGACACCAAGGAGCTTTTCGGCTTCGAGCTGGATTGCCGGGTTCAAACGCTTCCCTGAAATGTAGTCACGAAGGACCTTGCTTTGCTGCTTGGGGTCGTTCTTGCCGGTGAGCTTGCCACCGGGGCCGAACAGGTCAATGTACGCGTCGGCTATCTGTTGGTTGGCCGGATTGTTGATGCTGCCGGGGAGTAACCGTTGGATGAGGATGTTTTTCTCTGCCCGGCTCCTGGCGCTGCTGATGATCTTGTTCGCTTCGGTCCTCATGGCCGGATCAAGGAGGCCCATCTGCTGCCGCCGTTGCATCTCAAGGAGCTTGTCGGCGGTCATGGGTCCGTCGTTGCCTCCCATAACCTTCCATCTCAAGAGGTCGCCCACGGTGTCACCGCCGCCGAACCTCAAGGCGCCCTGCATAGTGTTGAACATCTCGGGGCTGTTCCCCATGGTGCCGCCCTTGTTGTACATGCCCATGGTGGTTGACATGACTCCGGCGATCTGGGAATCACTCAAGGCCTTGTTGCCTTGGGCGCGGAACAGGGTCACGAGGTTGGTGTTGATGAGCTTTAGGATCTCCTCGGTGCGCTTGTCCTTGCTGCTCTCCTTGAGGGAGACAAGGACGTCCATCAACCGGCCTTGCTTGTCGGCGCCGGCTCCGGTCATCCGGTACATCTCACCCATGAAACCGATGCCAACGGTGGCGTCGGTGCCGGTTGCCCGGGCGAACCGCTGGACACTCCGGGCAGCGCCATTGCCGAGGTAGCCAGAAGAGCGGTTGAGGGCCATTGCCATCTCTGCCTCTGCGGCCGGTCCGTATCCATAGGGGGAGCCCCCCCGGTCGTACCCGGCGCCGCGGGTGGCAAGAACGGCCTCGATGTCTACCAGCTCTTGGAACTGCCGGCGTGAGTTCGCCAGGAAGGAGACGGCGCCACCGGCAAACCCCAGTGCAAGACCAGCTTTCCCAAACCGGCCCAGCAAACTTCCGCCTCCTACACCGACGCTTCCAGGAATGAGCCCGCCGTTACCGTCGCCTGCTCCGCCACTTCCAGCCGGGGGGGCAATGCGGTACCGGTCCCGCCACGTAGAGCGCCTGACCTCATTTACTGTGTCCCTGAGCGACTGTTTGAGTAGCTGGTTTTGCCGCTCGATCACGGCTGCCGATGCCGCCCGCTGCGGAAACAAGGTGTCAGGAATGCCCGCCTTCGGCTCGTGGATGTTGATTTTGTGCGGAGTACCGGAAACGTCGCGTAGTTCCTTCTTGAGGTTCGTAACGGCTTTGCTGGCTTCTTTGAGCTGCCGGTAATTGACTTTGACGTCTACACCAAGTGTACTCATCTGTCGTGTCCTCCAATTCTGTCCGTCGCTGTACTCTCTGTGCGGTCAGACGCTTCTTGCGCCGGCGCTGGATAGAGCAACCGTAGCCAATCCATACCATCGGGGGAGGCAGCGCATACCGCTAAGAAATTCGTAGGGACCTTGTCCCAGTCGACTCCGCCGTAATATGGGATATCCCATCCCATTTTCCTTCCAAGGTAATCGGACTCAGCGTTAGTAAGCTGCGTCAATCTCAGAAGGCCTTCCATTGGATGACAGACGGCCCACCGCCCATCGTAATTTAATATCTTCTCAATGCTCTGCTCCATCCGCTTAATTCGCTCAACCTCGGCATTCCCCTTGATCTTTTTGAGTTCTGCTGTGATCTGCATGACTTCACCTCTTCTCCCCGTGGCCTGCGGCCTGAAGCATGGCTTTGATTTCGGCGATCTCTGCTTTCATCGTTTCTACCTCTTCCACCTTGGCCTGCATCTGAATCAGCATCATGAGGTCGTGCGCAGCGTCGGGGGTAAGCTCTCCGGTCGTAGCCGCTACGAATATCTGCTCGGCCCTCTCTGTCAGCGTACCGGCCGCATGGGTTGTGACGGGTTCAGCCTGCGGCTTGAGTGGTGGACATATCCGGTCGAGGCAAAGTCGAAGCGCGGTTGTGTCGCCTTTAAGCGCCAAGCTCACAACTTGTTCAATGAGCTTGGTGGCATGCGGCTGAAACAGAGAACGGAGTTCGGTCCTCTTGTCTTTCAGTCCTTTCGGCCGGCCGCCCGGATTGCCAGATTTTCCTTTTGCGAATTGTGCCATCTCTGTTCTTTCCCTGATTAGATCAGGCCGAACCGCCGCCCGGCAGTCTCTCGAAATAGAGCGCGGTTTCGAGGTCGACAATGGTCTGGTCCATGCTGCGGAGTATCCTCGTAACTTCGGGACGCCCAGACACCCCATGCTGCCGCCGCTATGTCGTGGGGAACCGGCCCGCCTTCCAGTACCGCGTCAAGGAAAGCGGCTAGGATTTCGTTGTTCTCTTGGATTTGCTCGTCAGTCACTTGCCTGCTCCCGTCTGGTCAAGCTCGCTCGTTCCAGGCTTCTGCCGCTCCGGCCTTGGTGCTTGCGGTCGGCCCTTGGGCATAGCAATCGCCACACATGCAGCAAAACTCCCGGCCGTCCTCAATGATGGTTATTGTCTCACTCCCGCAAAAGGGGCATTCGGTATCTGTCTCCATGGTTTTCTCCTCCTTTCAGGCTTTACCGAACAGCATTTCTGTGAGTTCCCGGCCGCTCTCCGCGGCGGGGATCCCGGAGAGTGCCGGGGCACCCTTGAGCAGGTGGGTTGACAGCCACTCCCGGGCCTCGTGGTCGCCGTCTATTGCCTGCTGTACTGCGGCGTCGACAATCAGCTTCCATGTTTCGGGATTGACGGTTTCGGCGACGATTT
CP071382.1_gap75	2765387	2766336	949	TCCTGCTCAACCAGTAGTATTTGAGCCCAGACTATCCCAACGACTACCACTTGTCGAGATTTTTGCCAGCAAAAACAGCTATTTACGGTACTTGGTTTTTGGCAAAAACAATGTACCCAACATCGAGCACAAAAAAAGCCGCTCGTTTCGGAGCGGCCTTCTGGTAAATCGGTGGTTTGGTATGTTACTTCTTGCGGCGTCTGAGTTTCCCTTCTATGTAAATCCTTGCTGGCGCCGACATCGTTTCAAGCAAGTTCTTGGCTGTTTCCTCCCGGCTGTAGCCGCGAGCCTCAACAACCTTCTCAAATGTTTCATAATACTGCGCATACTCGCTCCGTTCGTAAACGCGTTCAGGGTTGTCGGCCTCTTTACCCGTGACATTAAATGAGAACCCCCATTTACTCAAAGCTTTGACAATCTCTTTGTTTTCTAGACCAAAAGCCCACCTCAAGAGGTAGAACCGCTTAGCTAACTCCTTGCGCTGTGTTTCGGTTTCCATGGCACGAAACACATTTCTCGACAGTCCGCACACTTTATCAAGCGTCATGTAGTCCTTGACGTCGGTTGCGGCTGTATTGTGCTCCAGATACTTGTGAAACGCGTCTTGCAGTCCGTTCATGACCCATGCCGGCGGGCACAACCCAAGTCTAGTGCATTCATGAAACACTTGTATCAGGGCAAGGAAGTTCCCGTTTTCAGCTTGCTCGTAGTCTGCATCGGTTGCGGGTTCTCTCCCGAGGAAACAGCCATGCGCATAGGTTATCCAAAGTTCAATATCTTGAGTATCCATCTTCTTTGCGCCTCCTGTAGCGCCCTGGTAGATAATCGCGGGGAAACCGCCCCAGGAAAGGCGGCTTGTCGTCTGGCCGGACTATCCCCACGAAAGAGTGAACTATGCCGCCAGCTTCTTCAGTCGGTCCAAGGTGTCCGGATACTTCCGAACCAGTAG
CP071382.1_gap76	2790407	2791448	1041	ATCAGACTGCTGGACAACCCGGGGCGGCGCTCCGGCGCCGGGCGCAACGTTGGGTTCCGGAACAGTCGGGGAAATTATTTGCTGGTGATCGATGGGCATTGCTTCATACCCACGGATCAACTCTTTCGCAACGTGGTTGACTGCTTCCAGACCAGCGGCGCCGACTGCCTCGGCCGGCCGCAGCCCCTTGACGCGCCGGGCCTGTCCCTTTTTCAGAAGGGTGTGGCCATTGCGCGCGGCTCACGGCTCGGGCACGGGGGTGATTCACTCATCTTCGGCGAGTACGAAGGCTATGCCTCGCCGGTCAGTAACGGTGCCGCCTATCGGCGCGATGTCTTCGCGCAGGTGGGATATGTGGATGAAAGATTCGATGCCGCCGAAGACGTGGAGTTCAATTACCGGGTAGAGCAGGCGGGACTTCGGGCCTACACCAGTCCGCGTTTAACCGTACGCTACCATCCCCGCGAGAGCTTCACCGGGCTTTTTCGCCAGATGGAACGCTACGGCAAGGGGCGCTGCCGCTTCATCCGGAAGCACCGTGAAGCGCTGACCATTAATCAGCTGGTGCCCGCCGGCTTCGTCTGCGGCCTGCTTTTGTTGCCGGCCTCTTTCTTCAAGCCGCTGTTTCCGGGGTCATGGCTGCCTGTTTTCGTACTCTGGGGCTTGTACGGTATCTATGCGCTGCTCATCCTGGCCGAATCGGTGCGCCTGTCCATGAGAAACGGCTGGAACTACTTTCCTCTACTGCCGCTGCTTTTCATGACCATTCATGCGGGGCTGGGCTGGGGGTTTGTAAAGCAGTCACTAAGTCGCTGAGGCGCTGAGTTTTAAACCTTAGAGACTTAGAGACTACGGGACTAAGAGACTTAATTACTACGAGACTGAGTTACTCAGAGACATAGAGACGGACCAACATCCGAGGTTCCTTTATGAAGATAAAAAGAAAATTCGCCCACCAACTCTTTCCGGTAATTGCGGCACTGGCGCTTGCCGGTACGGCACAAGCGGCGGATTTCACATTTACTCCTGGCATTACAGTAA
CP071382.1_gap77	2805757	2810247	4490	GGATGTGGGTTCGGATCATCTGCCGCTGATAGCGGATCTTGAAGTTGTGAAACGGTGAAATGCGGGGAACCATAACAGGGATTTGAAACGGGTGGCATCTATTACCTGAAAGTGTCGATATGGCCATGGACTGGTACAAGGATCCGATCACCGTCCCTTGTTGGCTGATCCGGTTATGCGATAAGGTTGCATGTTGCTGGTTGTTTCATGGGAGAACTTATGACTTTTGTTGAGGCGCTTAAAAATTACCGGATCCATCTCTGGATTGTTTTTGTTCTGTTGATTGCTCTCTATTACGGGATAGTGCCCGATATGGTTATGGACTGGTACAAGGATGATAACTATTCCCATGGGTTCCTGGTGCCTGTGATAGCCGGTTATTTCCTGTGGCAACGCTGGCCGGATATCAGGGTGGAGCCGGTCAAACCAGATAATATTGGCATTGTGCTGCTCCTGGTCGGGTGTGTGCAACTGACCATCGCCTGGCTCGGTACCGAGTATTTTCTGATGCGGTCATCGCTGATAGTGCTGCTTGCCGGAGTTGTGATGTTCTGGTTCGGCAGGGGAGTGCTCAAGAAACTCGCCTTGCCACTCGGCTATCTGATCTTCATGGTGCCGATACCCTACATCATCTATGATTCCGTGGCGTTTCCCCTGAAGCTCTTTGTCTCGAAGTTCTCCGTGGAATTTCTGCAAATGATCGGCGTGGTGGTGCTGAGAGAAGGGAACATAATCATGCTGAAGACGACTACGCTTGAGGTCGCCGATGCATGCAGCGGTATTCGTTCTCTCATGTCTTTGCTGGCCCTTGCTACAGCATACGCATTTTTTCTGGACACAACTACGCCGAGGAGATGGTTGATTATTGCCGCTGCGGTTCCGATAGCGATTGTTACCAATGTTTTGCGAGTTGTTGTTACCGGTATCCTGGCCGAGCATTGGGGGGAACGGGCGGCACAGGGGTTCTTTCACGAGTTTGCGGGGCTGGCCGTTTTTGCTCTGGCGATGGCCATGCTTGTCGGTTTAGGTGCCCTCTTGCGGGACCGTCGGGGGGGTAAGTGATGGGGACTGAGGCGAAACAGCAAGGCGGATCATTTAGGTTTATTATTGTTTATGTCCTGTTTACCCTGGTCGCGCTGTATATGAATATACATGCCGACATTTCCGTCCCCCCGAACAAGCCTTTCGCGGAGTTTCCGATGCGTGTCGGCGATTGGCGGATGACCCGGCAGGATATATTTTCCGATAATGTCCTGAATATTCTGTCGCCCACGGATTACCTGGCTCGCCGTTACGAGACTCCGGATGGTATGCGTGCTGATCTGTATGTCGGCTATCACGGCGGCGGCAAGGGGACAGGTGGTATCCATTCACCAAAGCACTGCCTGCCAGGCAGTGGTTGGTTTCAGGCTTCCAGTGAAACAACGACTCTTAAAGTGGGCTTGGAAACAATTCACCTTGTTCGAGCCGTATTCCAGAAGGGTGAAAGTAGCGAACTTATATTCTACTGGTTCCAGGTGCGTGACCGTTCGTTGACCGACGAGTATGCACTGAAATTGTCCGAGATAACCAATTCAATGCTCTACCGCCGCCGTGATACGTCGTTTATTCGTATTACGATTCCATTTGAAACCGATAAAGAAAAGGCACTGGCGGCAGGCACGGCCTTCATAAAGGCATTTTATCCTGAGATCAGTGGCTTTTTGCCGCGCTAGGGTCCTTCGATCATTTACGTTTCTCCAGCAGTTTCTTGAGGATTGACCGGGGGTAGTTTGCAGAATCTACGGTCAGGCTGAGAGGTTCCAGGCTGGTTCCGTTACCGTATGGATCGACAAGTTCCATCATGAAGATGTAAGGGGCACCGGTTTTAAGACCAGCCACGTCAGCTTTGGGGCGCCGCGAATAGAGATGGGACATGCTGATGGTTTCGACGCCATGGGCATCACGGGCTGTTACCTTCAAAAGCGCCAGTTCCGGATTATCGGCAGAATCAGCTAGGTCAACTTCCACATGGGCGGTGGCGGCGCCGAATTCCGTGGTGAATGTGACGCGCGGTGCTCCTGCCGGTCTGGGAGGGGTCTGATCGATGGCGGTTTCACGGAGGTGTGCTCTCATAAGCGGGTCGCCGGTGAGGGAGGTTGACCAGTTGACATACATGGTTGACAGCAGAAAACACTCTCCCAGGTCACGTCCGTTGAAAAGGTACTTGAGGAGGATGCGGTTGTCCCAGAAAGTTGCATTGGTAATGTGGGGGCCGCCGCTATAGGCGGGTGCGCCGGCAGCCGACACGGTAACCCCCTTGGCAAGATGCTGCCAGATGGCGGCGCTTTTGTAGTTCAAACCGTTTTCGCTTTTAACGTGCCGCTCCATTCCGCCCGGATAGAACCCCACAGCCCTCCAATCCGTTTTTTCTCCGATGCAGGTTCCCTGGCCGTCGCTTGGCGATCTGGCAAGAAAGGGGAGCCCCTCATCGTTGTACTCGGTGGCTTTGCCGAAGCCGAGCTGTTCCAGTTCACGGTTGCCCCATGATGTCGCGGCATTTTTGAGACGCATGGGAAGATCCGTAATGGACTTTGTTGATGTGCTTTTCAGGGATTCTCGCACCCGGCAGTCCATTTCAGGGCGAAGGTGCCGGGTCGCGTAGACGCTGTAGTCGATGATCCGTTTCGCTTCGTCTGCTGTGGAGCCGTCAATGCGGGAAACCCCATAGGCAAAGAAGTATTTCCCCGCCTTCTTTCGCCGTTCGGACAGGGGGGGGATGGCGATAAATTCCGGAGTTTTATTGCTTTTCCTCAGGAATGAATAGGTGTCGGGATGGCTGTAGGGATTCCATCTGTTGCCCGTCAGCTGATATCTCAAGCCGGTGGTTATGATGTTGTTCTTTACCCCTTTGTCGGCATCGGGGCCACCTGCCATGTAAAAAGGAATAATGGGGGGCCTGAATGCGTTCCAGCCATAGTAAATGGTTTGGAGTCGCTGCTCCAGTGACGCGAGGGAGCCGTGGTCGTTGCGGTTGGCTGTTGGGCCGTGGTCTATGCCGAATATTCCGTTTGCGGAGTAGGGCATCCCGTGAACCACAACGATATAGAGGAGATGGTCCTTGAGGAGTGTGCCGTCAGTCAGGGCATTCCGGGGATCTTCGAGAAATCTTCGTACCGGTTCCAATACGTCATCTTCCAGAATTTTGTCGTCGCGAATGCCGTCCGGCCCCGTAGGGGAGAAGGCAAAGTCGCGGGCATCGTAGTACCGGAGTTTCAGGTCGCTGACAGTGGCGCCGCTGCGGTTTTTAAGATTAAGCGTCACCGTGACCGTACCGGGAAACAGCTTGGTTGCATCGATTTTTATGCTTTTTTCCTTGCCGGCATTTCCGGTTATTTGCATGGCAGTGGAAAGAGGGGTGATGATCCTCTCCTCTCCGGTTTTCTCTGACCGGCAGGAGATATGGAGGGTTTTCCAGTCGGCGTCTGCGTCGGAGATGCTGATTTCGACTTTGCGTGAATCCCGTACCCAGTCGAGCGATGAGGGAGCTTTTCCTTTTCCCGTGAAGATGATGCCGTTGCGGTTGTCGGTGCTCTCTTCGCGTATCGCCCAGTCATTGAGATGTTTCTGCCCCCAATGACGGCAGCTCAACCCGAGCAGGTAGGGCTTTTTGCCGGTTTTGGGGTCGGTGTGCATGGCAGCGTAGTATTCGGCTATTTCCTGTGAATCCTGACCGGCGGCGGTCCCCTCGCTCCGTTTTTTCCAGTCGGCGTTGTAGATGACAAGCACCCGGTCGGGTGGGGCTGCGTAGGGTTGCAGCGTTTCCCCGGCCCGGGCATGGCCGGCGGGCGCTCCGGCGATTGCTGCGACCGTTAGAATGCCGACGGTTACTGATGCAAGGGACATGGCGAAATTCCTCCTGAACTGGCAGTTCTTCAAGAGTATACCAGAGTCTGCCTGTCGGGACAGTTTACAATCCGGTACGGTTTTTTGTGTCGATTTTATTTACAGATGCAGGAGCGTCTGGTAAAAATAATGTTGATTGTTTTGAATTAATAATAAATTTGCATATACCGCAATCATCTGACAAGGAGCATCCATGAATTCACTTAATCGTACGGTTTCCGTTGTTGGCCTCGGCTATGTCGGGCTTCCCGTTGCAGTGGCATTCGGCAAGGTCAGAAAAACCGTGGGCTTTGACATAAATCCCGTTCGCATCCGCGAATTGAAGGAAGGGTATGACCGGACCTGGGAGGTTGACGATGATGATCTCAAGGCCGCCGACATCCTTTTTACCGATTCCATTGATGAGCTGAAACAGGCCGATTTCCATATCGTCGCGGTGCCGACGCCGGTGGACGATGCCAACCAGCCCGATCTTACCCTTATGCTGAAGGCATCGGAAACGGTGGGCAAGGCCCTGAAGAAGGGGGATATCGTGGTGTATGAGTCGACGGTCTACCCCGGCGTGACCGAAGATGAATGCATGCCGGTGCTGGAGAGGGTGTCGG
CP071382.1_gap78	2873150	2873934	784	ATGGTGGTTTTGCCACAGTTTTGCCCTGTTGCGCCGATGAAGATTTTCTTCGCCATCAGTTCCCCCACGGTAGTTTATTCAGCTAGAGCTGCAAGATAATGCTCCCGTACCGGTCTTTGTCGCAAAATTCTGATGCAGTATACACCATAGATAATGGGGTGCGAGAGAAAAAACTCCCGGAATGCTCTGTTTCCGTATGGTTCTCCTGCGCAGGAGCTCTTTTGGATTTATGGCTTTGGCCTGTTTTTTGCTTTTCATTCACTAGAATTTTTTTTCGAAAGGTGCCCTGTGAAATATCTCCGAATGGTTCTTCCATTGGTACTGATTGTAGCGGGATGTTCTCCGGTTCGGCAGCAGTTGAGCTCCTGGCAAGGGGCAAGCCTTGATGAACTGGTGGATCAGGTGGGCCCCCCATCGTCCGTTTCGGATGATATGTCGGGCAACAAGTTCTATCACTGGCAAGAAGACCGTGGCGATGTATATACCTATATCGGCCGGGTAAATCTCAAATGCGAGCGGACATTTGGCGTCGATGGCCGTGAAATAATTACTTCTTTTGACTGGGAAGGTACCTGTCTTGCCACCCCTGATTCCCCTTGGCAGCGTATGTCAAAGTTCCAGGATGGAGCGGAATGATTTATGCGCATTAATGACAAAATTTCGTCACGGGATGTTGATAAGAAGGCTGGGCAGGGGAAGCTCTTAAGAACCGGGGGTGGAGAAGTAAGCTCGCCCTTTGTGCGGGCGCTTTCATTGCGCCGCACGGAGATTGACTCCTATGAGC
CP071382.1_gap79	2876517	2880119	3602	ATCTGATCTGAAGGTCGAGTATTACCGGGGTTCGGGACCCGGCGGCCAGCACCGGAATGTTACCGAAACCGGTGTCCGCATTCGCCATCTTCCCACCGGCATCGTGGTGCAGGCTTGCGAGAGCCGTTCCCAGGCCCGCAATCGCGAGATAGCTCTGGAACGACTCCGGCAGACTCTGGAGCGCCGGGCACGCCGCGAAAAAAAGAGGATTGCGACCGCCGTTCCCCGCAGCCAAAAGGAGAAGCGGGTTGACGATAAAAAACGCCGCGCCATGACCAAGCGTTTGCGCACCCTGCCGGATGATTAGTCAAACCCGGCTAATTCCTTGACGTTGCTGCATTTATCGGCTATTCTGCCCAGCCAAACCATACCACGGAGAACCCTCCATGACACGACCCACCTGGGATGAATACTTTATGGAAATAACTCATCTGGTTTCAAAGCGTTCAACGTGTCTGAGGCGGCAGGTGGGGGCGGTAATCGTAAAAGATAAAAATATTCTGGCAACGGGGTATAACGGCGCTCCTTCCGGTGTTGCCCATTGCCTTGAAGTCGGATGCCTGCGGGCCAAACTCGGCATTCCTTCCGGCGAGAGGCATGAGCTTTGCCGTGGCCTCCATGCCGAGCAGAATGCCATCATCCAAGCCGCCAAGCATGGCACGAATATCGATGGGGGCACCCTCTACTGCACCACCATGCCGTGCATTATCTGCTCGAAAATGATCATCAACGCCGGTATTCGCCGCATCGTTTACGAGGATGGGTACTCGGACGAGCTGGCTCGGGAAATGATTGGAGAGTCGGGGGTCGTCGTCGAAAAATTTGGCGAAGATAAGGGGACTGAGTCGTGAAATGCCCGTTTTGTGCCCATCCGGACAGTAAGGTGGTTGATTCCCGTCCTGACAAAGGAGGCGCGGCAATCCGCCGCCGGCGCGAATGCGAATCATGCGCCAAGCGCTTCACAACCCACGAGCGGGTTGAGGATACCCTTCCTCTGGTCCTGAAAAAGGACGGGCGCCGCGAGCCCTTTGACCGCATGAAGATTATCGGTGGTATTCTGAAGGCTTGCGAGAAACGCCAGATATCCCGCGAAACGGTTGACCGCCTCGTCGATCGCCTCGAAGGCCGTCTTCAGGAGTGGAGCGAGAAAGAAGTCCCCAGCACCACCATCGGCGAGTGGGTTATGACCGAACTCCATGACATCGACGAGGTGGCCTATGTCCGCTTTGCCTCGGTCTATCGTTCCTTCAAGGACGTCAACGAGTTCATGGCTGAATTACAGGATCTCTTGAAGAAGTAACAAATGGTTAATTCTGCTGAAAAGTTCATGCGGCGTGCCTTGGTGCTGGCAAAAAGGGGCGAGGGGAAGACCTCTCCCAATCCTGCTGTCGGATGCGTCATCGTGAGAGATGGGGCCATTGTCGGTGAAGGATGGCACCGCCGTGCCGGGACCCCCCATGCTGAGGTCCATGCCCTGCGGCAGGCCGGTGAATTGGCCCGCAATGCCGATGTTTATGTGACTCTTGAACCTTGCTCCCATTACGGTAAAACGCCCCCCTGCGCCGATGCCCTTGTTGAGGCGGGGGTACGCCGGGTTTTTGTCGGGATGGTCGACCCGAACCCCAAAGTATCCGGGCGTGGCATTCAGCGGCTTCAGTCAGCGGGCATCGAGGTTGTCACCGGTATATTGGAAGCAGGGTGCCGCAGGCTTAATGAGCCATTCGTGAAGCATGTGACGACCGGCCTTCCGTTTGTTATTCTCAAATCGGCCATGACCATGGATGGCAAGACAGCAACCGCAACGGGCGACTCCCGCTGGATAACCAACGAAAAATCGCGTCATTATGTTCATCGGCTTCGATCAAAGGTTGATGGGATAATGGTGGGGGTAGGAACAGTTATTGCGGATGATCCCCAGTTGACGGCTCGAATTCCCAGTGGCCGGGATCCCCTCAGAATTGTTGTGGACAGTTCCCTCAGGATACCGCCCGATTCCCGGATACTCCGTCAGGAATCAGCGGCAACAACCGTCGTGGCAACCATCTCAAAAGAGTTGAACCGGATCGCCTGCCTGCAATACCCCGGAGTGGAGATTCTTCAATGCAACGAGGACGATGGAACCGTTGACCTGCGCGACCTTCTCGCCCGCCTCGGTTCCCGGGGGGTGCAATCGGTACTCATTGAAGGGGGGAGCACTCTTGCGGGAAGAGCGCTGCGGGCAGGTCTTATCGACAAGTTCGTCCTGTTCTATGCGCCAAAGTTCCTTGGGGGGGCTGATGGTTTCGGGCTTTTTTCGGGGCCTGCGAGCAGGATGATGGCTGAATGCCGGCGGTTGAAAGATGTGACGGTGCGTCGCTTCGGCGATGATGTGATGATAGAAGCCTATCCGGAGGAAGAATGTTTACCGGTCTCATAGAAGATGTCGGGACAGTCAGAAGACTTGAGAAGCAGGGGATGGCGGGACGGATTACCGTTGCAACCAAGCTGCCGCTGGAGTCAATTGCCCTGGGCGATTCCGTTGCGGTGAACGGCGCCTGTCTTACGGCGGTGGCAAAAAGCGGTAACGAACTCACTTTTGACGCTTCGCCCGAGACTTTGGCCCGGACGACTCTCGGCACGCTCGGCATCGGTACTCCGGTCAACCTGGAGCGGGCCCTGCGTCTGGGCGACCGGTTGGGCGGGCACATAGTTACCGGTCATGTGGACTTTATTGCAACGGTATCCGAGAGAAACGACATTGCCGGCAACAGAGTCTTCGTGTTCCGTATTCCCGTTGAGTTTTCCCGCTATCTCGTGGCTAAGGGGTCGGTGACCATCGACGGAATAAGCCTCACCGTCAATACCGTTTCGGATACCGGGTTTTCGGTAAATATCATTCCCCATACCGGTTCCATGACCACTCTCTCCGGTATCAATCCCGGAGCGCAGGTAAATATAGAAACGGATATACTCGGTAAATATATTGAACGTCTTCTCTCCCGTGGGTCCATCCCCAGGGAAGAGGGGGGGCTCACCCTTGAACTGCTTGCAAAGAGCGGCTTTCTATGAGATATACCGCTTTTGATACTTTACTTGTACGGGATACATTCTTGTTACGGAGTCGATGATGCCTGTTGTGAAAATTGAAGAAGCCATAGAGGACATCAAGCAGGGGAAGATGGTCATTCTTGTGGATGACGAGGATCGCGAGAACGAAGGCGACCTTACCATGGCCGCCGAGAAAATCACGCCCGAAGCCATCAACTTCATGGCCAAATTCGGTCGCGGCCTCATATGCCTCACCATGACCACGGAGCGATGCGATTATCTGAATCTCCCCCCCATGGTTTCAGAGAATACCTCGTCCTTCGGTACTGCTTTTACCGTATCCATTGAGGCAAAGCGGGGGGTTACCACAGGCATTTCAGCTGCCGACCGCGCCCATACAATCCTCACTGCGATGGATGATGCCACGACTGCCGAAGACCTTGCCCGCCCGGGCCACATTTTCCCTCTGCGGGCCCGCAATGGAGGAGTGCTGGTTCGTTCAGGCCAGACCGAGGGGTCGGTGGATCTGGCACGGCTGGCGGGGCTCAAGCCGGCCGGGGTCATCTGTGAAATCA
CP071382.1_gap80	2888590	2891574	2984	TTCATTTGCCGCCAATTTTGACCGGACACAGTCAGGAAAACGTGCTTTCACCACCAAAATCATCGCTCTCATCGATTCTTTCACGTGGTATTGGAATCAGGCGGTCATTACCTATGATCTCCAGAAACAGGTTGAGTTAATCCGTCGCGCAAACCGGCAGTTCAGCGGGATTACCCTCCATGGCGGCACCAGAAAACTTTTTCCGGCGTTGCTTGCTGTCGCAGCATTGGCCATTGTTGTCCGGTTGCTGATGATTCGAGGTAAAAGGACCCGGGAAGAGCAGATTTTGCAGTGTTTTCTTGCGCGGGTCGAGAAGGTCTACGGTATTCCCCATCCCCGGCCTACGCAAGGATTGAAAGAGATTGCGGACATGATTGAAGACCCGGCGGCAACCGAATTCGTTTCCATTTTCGGCGGGGCAATTTATCGTGATCGACAACTCTCCAGGGATGAATATCAACGTCTGGTACAGATAATCAACTCCATAGGCAATAACAGGAGGCCATAGTTCGGCAAGTTGGGCTGATTCCTTGATTTCAGGCAGTTCGGGCAGTTTCATATGCCTTGACAATGTTGAATCTTTCCTTTAGTTTACAAGGATATTTGTTACCAATTAACGGCTGGATCCGGACAGGCTTTGAGTTCAAAGAAAGATAAATTTCTTGATAGCGCACAAAAATTCCTGGCGAAGGGGCAGATTGACCGCGCTCTGAGGGAATACGAGCAGGCGGTGGCCATTGACCCGAAAGACGTGCGGGTACGACAGAAATTCGCTGAACTGCTGGTGCGGGCAAACCGTAAAGACGATGCACTCCGTGAATTCGAGGTAATTGGCAAGTACTATTCAGATAACGGCTTTTATCTCAAGGCAATAGCCGTTTATAAGCAGATCCAGAAAATAACCCCTTCCAACCTGGATATTTCCCTTACCCTTGGCTCCCTCAACGAAAAGCAGGGCCTCATCGGCAACGCGCTGGCAGAATACAAGTTGGTTTTTGACCACTACGAGCGGAGCAATCGGCTTATTGATGCTGTTTCCGTTCTTGTCAAAATGCATGCCGTTGACCCGGAAAATCTGAATATCCGCCTGAAGCTTGCCGAAACGCGCCACCGTGCCGGCCTTGTTGACGACTCCTACCACGACTATATCGAATTATCCCGCGATCTGCGAACAAAGGGGGACGAGGCTACTTACGCACGCGTTTGCGAGCGTATCGCCAACCTTTTCCCCGATCGTAAGGAATTCCTTTTATCGGTAGCTGAAAATCATATCAGGGATGGCAAAGCACTCGCGGCAATCCCCATCCTGAAGCAGATAGCCGGTGATGACCGGTGGAATCCCAAGGCACTCTATCTGCTGGCAGATGCAGGCCGCGCTGCTGCTGACCATGCCATGACGAAGAGTGCCTACGGCCAGATAATCAAGCGCTTTCCGGGTGAAATACAAGCCATAAAGGGATTTCTTTTCAGTCTGAAGGCCGAGGGTAATATTGATGAAGCGGTCAGGGTTCTTCGCCACGTCGAGCCGATACTGCTGAAAGAAGAACCGGAAACGCTCGAGCAGTTTTATCTCACGTTCAAGGACATTGCTCCCGACCATGCCGGAATAGCGGACGGGCTGCGGAGGATTCGCGGGGCCGCAGATTCCGTGGAGGCCTCCGAGGCTATGGCCGAACAGTTGCCGGAAACTGTGGCGACCGCAGAGACCTCTCCGGTTGTGCAACCTGAATTCGAGAGTGTTCAGCAGCCGGAAGTCTCCGCCGATGAAGCTCCATGGGAAGATGAAATTGCCATCTCCTTTGACGATGAAGCTGCCGCTGAAACAGCCGGTGGCAAATCTTTTGAATCATTGCCGCTCACGAACGATGATGCCATGCCCACCGTTGACTCCGGTGCTGACGAAGTCAGGTTTGATGATGCTGCTCCGGAAGAGACCCATGAGGTGGAAGTGGAGTTGGCCGATTTCCCGCCAATGACGGACGACTGGCTCGACACGGCTGCACAGGACAGTTTTGCAGGAGAAGTTTCCGCTGGGCCTGCTGCCGAAGATTTGTCCCTCGACTTTTCCGATGGGGAAATCGAAGATATCATTCCCCCGTTGTCCCTCGGCTCTCCATCTGCCAAGTCCGATAAGTACGGCCTTGACGGCCTTTTCTCGGCGTTCAAGAAAGGGGTTGGCGAACAGCTCGCCCAGGACGATACCGAATCCCATTACAGCCTAGGGATTGCCTACAAAGAGATGGGGCTTTTCGACGATGCCATCGCCGAATTCCAGTCGGCCGCTCGCGACCAACACCGTCTTGCCGACTGTATTACCCTTCAGGGAATTTGTTCCCGGGAAAAAGGTGATCCGGAGAAGGCCGAGGAATATTTCCGCTCAGGACTCGCCCTTGCGGAACTGAACCGCGAGGAACGCCTCTGTCTTACCTATGAACTGTCGCTGCTCTATGAAATGATAGGCGATACCGAACGTGCCCTGGCTGGTTACCGCGAGGTTGTTGCACTTAACCCCGGCTTCAGGGATTCGTTACAGAAGGTGTCCGGCTTGAAAGCCGACGGTGGGGGAGAGGATGCAGCCGACGTCGAATTGGTGGATCTTGACGAGATAGAGGAAGGGGCGGGGTAATTCCCGCCCTTTTTTATGCTGTCAGTCTTACGGAAATAACAATCTCACGAAAAGAGGAGCCCGCGTGGCGCCAGGAGGCGCAGGGGCGCCTGAAAAAATTCCCCCTTGTATCCTGCTGGCAGTGGCGGGAGATTAGACGCGTTCTGCAAGGTATTCATTATCATGCGGTCGTACTCGTTGCTGCCGGAACTTCTCACCAATCTCGCCGAAAATATCTCACCGTTTTTCCTCACGATGATAGTTACAAGCGCCTCCTGTTCTCCCGGTTCCACATTTGTGCCGCCTGCCGCTGCCCACCATTGTTCATTTACCCGTTCCACAAGCTTGAAATAGTATTCACGCACATCGCCATTCAGGG
CP071382.1_gap81	2893197	2897462	4265	GCCCTGGGATCAAAGGGCTTCGGGATAATATAGTCGCGGCCGAAGGAAAACTTTACATTGCCGTAGGCGCGGCAAACCGCATCGGGGCATTCTTCGCGGGCAAGTTCCGCGAGGGCGAACACTGCGGCCTTTTTCATATCTTCATTGATGGTTGTTGCCCTGACATCGAGAGCTCCCCTGAAGATAAAGGGGAAACCGAGCACGTTGTTCACCTGGTTCGGATAGTCGGAGCGACCGGTGGCGATGAGGACATCGCCCCGCACCGCATTGGCCTCTTCAGGCGTAATTTCCGGATCGGGGTTGGCCATGGCGAAGATAATGGGATTCTTTGCCAGCTTGCGCACCATCTCCGGGGTAAATGCCCCTTTGGAGGATAATCCGTAGAGAACATCGGCCCCGTCCGCAGCTTCTTCCAAGGTGCGCAGGGTAGTGTCCACGGCGAAGCGTTCTTTATACTTGTTCATCCCCTCGGTTCGCCCCTGGTAGATGACCCCCTTGGTGTCGCACATGACGAGGTGTTCCTTCTTCACCCCCAACGAGATGGCAAGATTGGCGCAGGCAATGGCAGAGGCCCCGGCGCCGTTCACGACGATACGGATATCCTCGATTTTCTTGCCGATGATCTCAAGGGCATTGATGAGGGCGGCGGCGGAGATGATGGCGGTGCCGTGCTGATCATCGTGAAAGACCGGAATGTTCATGGTCTTCTTGAGCTCTTCCTCGATGTAGAAGCACTCCGGTGCCTTGATATCCTCCAGGTTGATGCCTCCAAAGGTGGGTTCAAGAAGTTGGCAGGCTTTAATGACTTCGTCGGGGTTTTCGGTGTTCAGCTCGATATCGAAGACGTCAATATCGGCAAAACGCTTGAAAAGGACACCTTTTCCTTCCATGACCGGTTTGCCGGCCAGCGCTCCGATGTTCCCCAGGCCCAGCACAGCGGTACCGTTGGAGAGAACCGCGACAAGGTTTCCCTTTGCGGTGTATTTATAGGCATCCTCCGGATTTTTTTCGATTTCGAGGCACGGCTCGGCAACTCCTGGCGAGTAAGCGAGTGAGAGATCCCGTTGGGTTAGGCATGGCTTCGAGGCAACGACTTCAATTTTCCCTTTACGTCCGCTCGAATGGTATTCCAAGGCATCCTGTTTTTTACTCATAATGATTCGTGCTCCTTTCTTTTGTTGGAACATTTTTTATTGGGGATAAAAATTGTTTTCAGGCAACATCACCACAATTACAGGGTTTTATTTCCCGGCTTCGTTATAAATTGTGCAAGATTAGACCTTGTGCCGTTCTTTTGTCAAGGTCAATTACAGTAATACTAAAAATACATTTTATTATGGATATGCACCCTCAATCCCTGTCAAAGCTTGTATTTGCCGTAAAGTTCGATGATAATTCCGGTATCATCGATGCCTGACTATTACCGTGCAAGGGGGGAACGATGGAGAGAATCTGGGCGCCTTGGCGTATGGATTATATTCTCGATGAAAAACCATGCGGTTGCATTTTCTGCTCGGGAGGGCAGAGCGATCAGGGTAGAGATAAGCTTGTCCTTTACAAATCAACGTTATCCCTTGTCATGCTCAATCGTTATCCCTATACAAACGGCCACCTCATGGCGGCACCGCTACGCCACACCTCAGACCTGGACTCGCTGACAGACGAAGAGATGCTCGACCTGTTCCGCAGCGTGCGGTTATGCCGCAGGGTTCTGGAGGTTGAGGCTTCGCCTCAGGGGTTCAACATCGGCATCAATCTCGGCCGTGCTGCCGGTGCCGGTATTGAAGATCACCTTCACGTCCATATTGTACCACGCTGGAACGGAGATACGAATTTCATGACAACCGTTGCCGATGTGCGGGTAGTGCCGGAGGGACTGCTGACTGCTTACGACCGGCTTTATCCCCACTTTGTCTCTTGCGCGGAATAAATCTCCGGGAGTCGTGATTTATGGATAAAAAACTGAAAATGGCCTGCATAGGGATAGACATCGGAGGCACAAACCTCCGCATGGCTCTGCTGGACAATCGGGGCGCAATTATTCATAGAACGAAATGCAGTACTGATATCCATCATGGCCGGGAAGCATTCTTTTCGTTGCTCAGGAAAGGGATCGAGTCCCTACTGCTTGTGGCTAAGGATAAATGCTACGAAACCGTGGGACTGGGGGTTGGGGTGCCGGGGCTTGTTGCCAATGATGGCTGTATGCTCGTTTCGGTCAATCTTCCCCCTCTGGATGGTATCAACCTGCGCGATGAGCTTCAGGCGATGACAGGGCTTCCCACGGTGGTTGCAAATGACGTGAATGCCTTTGCCTTTGGTGAGAGTGTCTACGGTGCCGGCCGGGATTACCGGTCGTTTTTGATGGTAACCCTTGGGACCGGAGTCGGAGGCGGGTTGATTCTCGATAGAACGGTCTGGACCGGCATCGACGGAGTAGCTGGGGAGTTTGGCCACGTGACGGTCGAGCCCAATGGAAGACTTTGCCGCTGTGGCAATTACGGTTGTCTTGAGCAGTACGCATCGGCCAATGCCCTCGTTGCGGCGGCACGGGAAATCATGGCGCGGGAAAAAGACGCTTTTGGCGAAGCCTTGCGCGACAAGGACATTTCTACCCAAAAGCTTGCTGAGGCTGCTCTGGATGGTAATTCCGCAGCCCTGGCCCTTTTTGCCGAGGCAGGACGCTATCTGGGTATAGCCGTTGCGTCGGTAGTCAACCTGCTTAACCTGGAAGCGGTAATTATCGGAGGGGGAGTCGCGGCAAGTTTCGACCTTTTGTCCGAAAGCTTGAAACGCGAGATCCACGCCAGGGCGTTTCCGATTCCCGCCGGGAGACTTCGCATTGAGAGGGCTGCATTGGGAGATGATGGCGGAATCATCGGCAGCGGCGCACTTGTTATGGATCATCTGTTCAGGGGGAATCCATGAAGAAGAGAATCGGCATTCTGACCGGAGGAGGCGATTGCCCAGGCCTTAACGCGGTGATACGAGGTGTGGTCAAGAGTGCAATAATCGGGAGGGGATGGGAAGTGGCCGGTTTCGAGGATGGATTCGATGGCCTCCTTTACGACCGCGGGCCCCGCACCCTGGGATTCGACGACGTACGTGGGATATTGCCCCGCGGCGGGACGATTCTTGGAACCTCGAACAGGGGCAATCCCTTTTCCTATCCGGTGGAAGTTAATGGCACAACCGTGTTTACCGATGTGTCGGACCGCGTTGTGAAACGAATAAGGGAACTGGGAATAGACGCCCTTGTGGCGGTTGGTGGCGACGGTTCGCTCAAAATTGCCCTTGAGTTGATGAAAAAGGGCGTCCCGGTAGTTGGAGTGCCGAAAACCATCGACAATGACCTGATGGAAACAGATGTAACCTTTGGTTACAATACGGCGCTGGAAACCGCAACCGACGCCCTTGACAAGCTCCACTCGACTGCGGAAAGCCATCATCGGGTCATGATAATGGAGGTTATGGGCCGCTATGCCGGATGGATTGCGCTTGAGTCGGGCATTAGCGGCGGTGCCGATGTTATTCTTATCCCGGAAATCCCTTTTGAGCTAAATTCGGTGTGCAATGCCATTGACGCCCGGCGTTGCCGGGGAAGCAAGTTCAGCATTCTGGTCGTGGCGGAAGGGGCATATCCCAGGGGCGGTTCGCGCGTGGTGCAAAAGAAGGCCGACGAAACTACCGCCATAGAGCGTCTCGGCGGCATCGGTGCTTTCGTGTCCCGTGAACTGACTTCCTGCCTGGATATGGATATCCGGGTAACAGTTCTGGGACACCTTCAGCGTGGTGGGTCCCCCTCAACTTTCGATCGTTGTCTCGGGAGCCGTTTTGGAGTTGGTGCCGTTGAACTGATCGAAAGGGGGCAATTCGGGGAGATGATCTGTCTGAAGGGACGGGCGATACGTTCTGTTCCCATTGAGAAAGCGGTGCGTAAGCTTAAGCTTGTCAATCCCGGGGGACAGATGGTAACTGCCGCGAAAGAGTTGGGAATTAATGTGGGGCGGGACTGATAATTGACTTTATGGCCCTTGCGCTATAGAGTGCTTTGAAATTTGTCTTTAGAAACTCTGCCAGCAACCGATGTTATTATGTATCATCCCTTTTCGGGAACGATTCGCATGGAGGGAAACTGCCTATGAATTCCGGGGCTGTTACGAAGAACAGGAGTTTTCTTTACGGGCTTTTTGGCTGCATTCTGGGGATTAGTGCTCCGATAGGGTGGACTATTATCCGCGTCATATTTTTTGCAGACCACGAAC
CP071382.1_gap82	2902071	2906802	4731	AGACCGATGAAAATAACCGCATCGACCTGCAGGCGCTGAGAGAAGAATGCCGGCGGCTCCGGGAGCGGAACGTCATCCCGCTGGCGCTGGTCGGCATCGCTGGCACTACGGAGACCGGAAATATCGATCCGCTGGAGGAAATGGCTGATCTCGCCCAGGAGATCGGTTGCCACTTCCATGTGGATGCAGCCTGGGGAGGGCCGACCCTGTTTTCCGGCCGGCACCGTCACCTGCTCGACGGCATCGAGCGTGCCGATTCGGTTACCATCGACGGGCACAAGCAGCTATATGTACCGATGGGGGCGGGGATGGTCGTATTCAAGGATCCCACGGCCCTGTCGGCAATCGAGCATCATGCCAATTATATTCTGCGCCATGGCTCCAAGGATTTGGGCAGCCATACCCTGGAAGGATCGCGGCCGGGGAAGGCAATGCTGGTTCATGCCGGTTTTTCCATCATCGGCCGCAAAGGGTACGAACTGCTTATCGATACTGGAATTGAGCGGGCGCGCACCTTTGCCGACAAGGTCAGGAACCATCCAGAATTTGAACTGGTAACCGAGCCGGAGCTGAATATCCTCACTTACCGCTACTGTCCGCCGGCTTTGCAGCAGGCCTTGAACGAAATGCCGGCTCAACAGCGTACCGGCATCAATTTGCTTCTGGACCAAGTCTGTCAGTTGCTGCAAAAATATCAGCGGGAAGCGGGGAAAACCTTTGTCTCCCGGACACGGTTCCATGTGGCGCGCCATGATATGGAACTGACCGTGCTGCGTGTCGTTTTGGCCAACCCCTTGACGACCGAAGAGATCCTTGATGCAGTTCTGGCTGAGCAGTGCGAAATCGTACAACGGCCGGAAATTCAAACCTTGCTGCACAAGGCCGAGGAGCTCTGTTCCTGCCTGCCTAAAGCTGCCTCGTGGTAGGGCAATGGAGTTGACATTCTTTTGTGGTAGAGTGTTATGACTGAGTAAAGACCCGATACCGAGAGTACATTCCATGGAACTTTACGCCGCTTCATACATTCTGCCCATATCGTCTCCTCCCATCCCAGGCGGTGCCGTGGCCGTCGAAAACGGCTGTATCGTCGAAACGGGAACTCTTGCCGACCTCCGTTCGCGGTATGCTTGCCCCGTTCATGATTTCCCTGGCTGCGCCATTCTCCCCGGCCTCGTCAACACCCACACTCACCTGGAACTTACCCACTTCCCGTCCTGGAAGATCCGCAAGGGAATTGACTACTCTCCTCGGACTTACGTCGACTGGATTATCCAGGTAATCAAGATACGCCGGGCGCTCTCGCCAAAGGAGCTCGATCTATCGGTCCGGGAGGGGGCGAGGATTTGTCTCGAAGCGGGTACCACCGCCATTGGCGAGATTCTTACCGATCGTTCCCTCATTCCTCTGTATGCTGATTCAGGTCTGACCGGGCGGCTATTCTTCGAGGCCATAGGCCACGACCCGGTTCGCAACTCCCAACTTGTTTCAGAGCTTGATGCTGGTATATCTACCTTTTCGGGAGGAGAGTTTCTCCCGGGCATTTCGCCCCATGCACCCCATACCGTTTCCGAACATCTCCACCAGGAGGTTCAGCGGGTAGCAGATAAGCGGAATGTGCCACGAGTCATCCATCTGGCTGAATCCCGCGAAGAAAGTGATTTTTTCTTCGATTCCTCCGGGAAAATCGCCGAACAGCTCTATCCCCATGTCCGCTGGGAGCAATACCTGCCACCCCAGAGACGCACCACCGCCACCGCCTGGCTTGATGGGCTCGGCGTATTGAATGGTGCCATCAGCGCTGTTCACTGTGTCCATCTCACTCCTGCTGACGCAGAAATTCTGTCGAAGCGCGGTGCCGGGGTGGTCCTCTGTCCCAGAAGCAACGAAAAACTCGCCGTGGGGCGTGCCCCGGTCGCATTGCTGAAGAAACTCGGCATTCCGCTTGCCCTTGGTACCGATTCGCTGGCAAGCAATGACTCTCTCTCTCTTTGGGACGAGATGCGCTATTTCCTCGACATGTTCCCGGATATTTTTCCCCCTTCGGAAGTCCTTTCAATGACGACCATCGGTCCGGCCGGTCAATTGGCCCTCTCCAAAAGCATCGGGTCCCTCGATTCCGGGAAACGAGCCGATCTTCTCGTGGTGAAATTGCCTGCACGACATGGCTCCGGGGAGGGTTTGCATGAAGCGCTCATTCATTCTGGTGAGCTTATCCGTGTGTACCTTGCCGGTCATCCCGTTGTAAGCAGGTAATTATTTTTGTACGCCGCAAATCCCTATTTTCTTGAAAATACGGGTCTTTTTTACTCCTTGCATTAATTTCACCATATCTGCTACTATCATTCTCATGGGAGAAAAGCTGATCTGCAACAACAAGAAAGCGTTTCACGATTACTTCATTGAGGAACGTTTTGAAGCGGGAATGGTCCTGAAGGGGACCGAAGTAAAATCGCTCCGCATGGGAAAGGCGAATCTCAACGACTCCTTCGCCCTGGTTCGTGACGGTGAAATCTTCCTCCATAACCTGCATATCAATCCTTACGATTTCGGCAACCGCCAGAACCACGACCCGGATCGTTTAAGGAAACTTTTGCTCCACAAGAGCGAAATTGAAAAGCTCTTCGGGAAGATTCGCGAAAAGGGATACTCGGTCGTTCCGCTCCGCCTCTACTTCAAAAACGGCCTTGCCAAGGTGGAGTTGGGGCTTGCCAAGGGTAAAAAGCTGTACGACAAGCGCGAGGACATGAAGAAGAAAGACCAGTCGAGGGAGATGGCCCAGGCCCTCAGGGAAAGAAGCAAGAATAACTAAAAGTTTACAAGGGGGTGTACAGGTTTCGACGGGGATAGGAAACTAAAGGTTGCATGCCGAGGTCCGGGCTGGCCTCGTTAAAAAGCCCGGGGCGAATTACACGCCGACAATTACGACTACGCCGTAGCAGCTTAATACCCTGCTACCGATCCGCCGAGCCTCTCCCACGGGTGAAGATGGATCGTTATTTTAGTGGGATAGTCAAGGGGAGTTCCTGCGGCCCCAAGGCGAAACTTTAGCGGGATCGCCTCCCGGAAATCCCTGCCAGGGGAGAGTCGGGCGGCTAAATCAAATCCTGGCATAAGCATGTAGACGCCTTCTGTGTATGATCTTCGGACGCGGGTTCGACTCCCGCCACCTCCACCATTTAAAGAAACTGTAATAGTTTCGGAGCTATAAGCCTTGGCACCTCTAATAAGTTTTTAGAGTCCTGCCAAGGCTTATGTTTTTTGCCTGTGTTAGCGGAGGCGGTCACCAGACCGCCTTTTGTTTTTTGACACTGCCGGGCTATATGGTAATAGGGTGTATTATAGTAAATTCTGAACGAAATCGGATGTGTATTGATTGTGTGCCGCATCTGGAGGCGCCTATGAAAATTATCTTTGGCGTGCTGATGATAACGGTTCCGGTAGCCAGCTTTGCTGTTGAGGTTCTGTTTCCGGGTGCCGGCCTGGCTGCTGTAATCACGGTGAACAATGCTTTGGATTCAAACGGGTCTTCAAACGACGGCAGTTGTTCGCTCCGTGAAGCGATAATTGCGGCTAACAGCGACATGGCTGTCGATGGCTGCGTAGCCGGCAATGGCGATGACACCATCATTATTCCTGTAGGTACTTACTCTCTTACCGTTCCCGGCGTCAACGAGGATGGTGCCCTGAGCGGCGATCTCGATATAACTGGTAACCTGACCTTGTCGGGTGCAGGCTCAGGCAAGACTATTATTGATGCGGGAGGTGTCGACCGGGTGCTTCATGTCGACCCGGCATGTGCCGGCATTGCCGTAAATATCTCGGGGATTACCATACAAAACGGTCAGGCGCCTCAAGTCTCCGATGGTGATTATGACAAGGCCGGCGGGGGCGGCATTCATAGCTGCGGCAATCTGCTGATTTCCGATGCGGTTGTCGGCAACAACAGTGCGCCTTTTTTTGGTACCGGAGGCGGTATTCTGAGCAAAGGTCTTCTAATCGCCAAGCGTGTTACCGTTAACAACAACACGTCGTTTAGGGGGGGCGGCATTGGCAATACCGGGACAATGTCACTTGCGGGCAGCATGGTGAAGGGTAACGCCGCTACAGGGTCAATTGGTTCCGGTGGAGGAATCCTGAACTCCGGTGATGCAGTCCTGGTAAACGTAACGGCAGACAGCAATACCGCTCCGGTTGGCGGCGGCATATACAACAGCGGAGTTAACGGCTTGCTGCTCATCAACAGCACGGTCGGCAACAACAGCGCCACATTGAGCATCGGGGCAGGCATTTATAATGAGTCGTCGACAGAGATAGTCAATAGCACCATTAGCGGCAACACCGCTGCGACAAGCGGCGGGGGGATTGCCAATAAAGGGATCATGTCCCTTGCCAATGTGACCATTGCCAATAACGCGGCAGCAACGGCCGGAGGTGCCATTTTTATCTATAATCAGGGGCTCATGGACATCGAGAACTCGCTGATGGCCGGTAATATGGCTGGAGGGCTGACCAACAGCTGCTCTGTACCGCCATCCAGCATTACGAGCTACGGTTATAACCTGACGGATGATGCCAACACGTGCGGTTTGAACGCTACTGGCGATATATCCGGTGTAAATGCCCTTTTGGGCCTTCTCCAGGACAATGGCGGCAGCACCCGCACCCATGCTCTGACGGCAGGCAGCCCGGCGGTGGATGCGGGTAACCCGGCGGGATGTAAGGCCGAGGGAG
CP071382.1_gap83	2910992	2912181	1189	AAAGGATGTCCTCGACGTGGAAAACGACCTGGCCGAGGCCAAGAGCAATCAGATTAAGGCGCTTGTGGGTTACTCAGATGCGATTACCCAACTCTGGCGAACTACAGGGGAAATCCTTGACAGGACAGGAGTCCACTTGTCGGGCATGGAGGGTGATTCCCTCTATGAGCTTCACGCACGGGACTAAAAGCACTCAGTGATCGCTATAACTTAGAACGACAAGGATGCAGCTTCCGTCGGCAATGACATTGACTCCGTTTTTGAGGCAAGCGTCAACGGCAGTATCGCTTTCAGCCCCCGGCTGCATCCAGATGTTTTTTATTCCCTTCCTTACCGCCAGCTCAACTACCTGTTCGGTCACTTTGGGAGGTGTGATGACTGAGATGCTTTCCACATCATCGGGCAGATCCATAACGCTTTGAACGCACGGCGTTCCTTCTATTTCCGGTTCCTTTGGGTTGACCGGAATTGCCCGCAGGCTCTTCTGCTGGTAAACGCGCAGAACCTTGTTACCGTATTTATGCCGGTCTGTCGAAGCGCCGACAACGCCAAAAGCTTTTGACTGGAAAAACAGGTCAATTTGTTCTTTGGTATTCATGGTACCCCCTATTTGAAGCGACTCAGTAAAGAGTATCCGTCATTTCAGATGCTTTGCAACTAGCATCTCGATAAGTTCTCCGATCGTTGTCCGTTTCTGCGCCGCGGCTATCTTCAATTTGAGATGGAGATCCTCGCGAATGTTTGCGGTAAGACGCACATCCCCCTCGGGCACCTGACCGGATGTTGGCCGAACCTGCTCGGTTCCCTTCTTTTTGCTGCGAGATTTTTGATTCGTCTTGCCGGTTCCGGGTTTTACCCTTGGGTTTGCATCCATGGGTTCACGTTTTGCCGCTGTTCGGGGTGTCTTTTTAGTGGTGGTTTTCTTTGGTAATGAAGGCTCGTCCTCTATCTTTTTTGGAGTTTCAAAGAGGGGCATTTGTCCCTCTAACGCTTCGTTGCCCATAATCACCTCCCATTAATCTAATTAATGGTGAATTTAATCATATATACTTACCTAAGTAAACACAAAGGTATCGGCATTAGGGAGTTTTTGCAATTTCAAAAAGTGCATGTTACTATTTCATCGTTTCACGAAACCACCACGAGGATAACAGCCAATGTACAAATTAGCGATTCACACTTCTTTTGC
CP071382.1_gap84	2925826	2927849	2023	TTTCCAGATTAAGGACCGTAGCCATGGTTTCCGCGTAGTCGCCCCAAGACAGAGGGGTATCGGGCCGCCAGCCTCCAAGAGGCTCAATGGCCGGAAAGTCTCCAACTGCATTAAGGATGAGGGCATCAACTCCCCCTTCGGGAGGCAGCATCACTGAAATCTCCTGTTTTCCCCCATTAAGGGTTATCGTCCCCGCTTCTTTCTCCCGCAGGCTACCGCCGGTATTCACTGTGAAATCTTTGCCACCCGCATACCAATGCTGTCCATCTCCTTTGGAGACAACACTCAGAAGGTACTCACCGCCTCGCGGAAGAAAGACCGTGAAGCGAACCGTGGTGGGGGCAGCAGTTCCACTAAGCCAGCCGGAGCCCGAAAACGGCCCATAAAGCGGATAGTTTCTGACGGTTACACTATCTCCTTCGATGTTAAAAAAATCTTCAGCCTCAAAGCGGAATGAGTGCTTGCCGCTCAGCACGGCCAGGTAATCGGATATTTTCGGTTCTTCGGGGACTCCGGACTTCCAGCCGAGTTCACTCACCAGATATGACGCAAATTCTCCCTGGGAAACAACATGTGTCGAAACAGGTTCGGCCTTTGGAGTGCCGCAAATGAGCAGTACCATCACGATGGCCGCCAAAACAGCCGTCAACAGCGATTTCGAAAGAATTGCCGGTTTCGATTCGATCATGATCACCCCTCAACTCGTTAAAATCTGATGCTGATTCGTATATCACAGGCACTCATATTTGCCAATCGGCACGTCCGGTGTTATTAGTATAATCAATATATTTATTAACGGAGTCTTCACAATAACCATTATCTCCTGCGCCTCAGAAAGGTATGGTACAATTTCCCAAGTTTTTAACGAGACGCCTTTATACCGCCTTGGAGAGATCACGTGACCCCCTCATTGCGCGTACTTATAATTGAAGACTCTGAAGACGACTGTTTTTTCCTCGTCCGGGCTTTAAAAAAAGAATATGACATCACCTATGAAAGAGTCGACGCGGAAGCCCCCCTGCGAGACATTCTCACCGGTGAACAGTGGGATATAGTTCTGTCCGACTATTTCATGCCTCAATTTGATGCCTTGGCAGCTCTCACGGTTCTTCAGGAGTTGGAACTGGATCTTCCATTTATCATCGTGTCCGGCAGGATCGGTGAAATTGAAGCGGTCAAGGCAATGAAGGCCGGTGCCCACGACTATATAATGAAAGGTGATTTTACCCGCCTGATGCCTGCCATACGCCGGGAATTGCGCGAAGCCGCAATACGGGAAGAACGGCGTAAGGCGGAAAGGGACTTAAGGGAACAGCTCCATTTCAGGCAAGTACTGATAGACTCTATCCCCGCGCCTATATTTTTCAAAAACAACGATGGAATTTTTCTTGGCTGCAACAAGGCATTCGAGTCGTTTTCCGGATTACCCCAGAGCGAGATAGTAGGTAAATCAATGGCGGATATTGCTCCGTCCAGCCTTGCCGACCGTTTTTCTGAAACTGACAATGAATTGTTCCGTCACGGTGGCACCCAAATTTATGAGAGCACCATCTCTTTTGCCAATGGGACACTGCACGACGTAATATTTTACAAAGCTACTTTCAATAATATCGACAACACGCCCGGTGGGCTCGTGGGCACAATCCTCGATATAACCGAACGTAAACAGACGGAAGAAAAACTTCGCTACATGAGTACCCACGACCCTCTGACCGGCCTCTACAACCGGGGATATTTCCAGGAGGAGCTGGAGCGGCTCGAATTGGGGCGCCAGTTTCCGGTGAGCATTGTGGTTAGCGACATTGACAAGCTCAAATACGTCAATGACACTCTTGGGCATGCCGAAGGAGATGATCTGATAACCCGTGCTGCCTTGATGCTTAAAGGAGCTTTCCGCGCCGAGGATGTCGTGGCGCGTATCGGAGGCGATGAATTCGCCGTTTTACTTCCCAGCGCCGATGCCGGGGTTGTTGAAGATGCCCTCAGCCGTGTGCTGACGAAGATCGAGGCAAGCAACGCTACC
CP071382.1_gap85	2933011	2937777	4766	TGTAATCTCCGGGCCGCCGCCAAAGCCTCTGGAGAGGCTGCCGATAGTTGTGGCCGACGGTGTTGTGACTGTCGGATAGGAGCCGGATATGACGCCATTAAAGAGCATCTACCACTGGCTCGACGTCAGGCTTGGCTTGGGAGAACTGGTGGAGAAACATCTCACCGGCTACCTTCTGCCCCGCAACATCAACGCCTGGTATTCCCTGGGCAGCGTGCTTCTTGTCATATTCGGCATCCAGATTGCGACCGGTATCCTTCTCCTCATATACTATGTCCCCGATGCTGAAAAAGCCTTCAAGAGTGTGACTTACATCATGAACGATGTCCCGTTTGGCTGGTTCATCCGCCTGTGCCACGCCGTTGGCTCCAATATGATGGTGGCTGTCCTGCTTCTCCACATGCTGTCGGTCCTGTTTATGGGGAGCCATAAGAGCCCACGGGAAATGAACTGGTTAACCGGCTTCATCCTCTTCAACCTGATTCTGGGAATTTCACTCACGGGTTATCTCTTGCCGTGGAGCCAGCTTTCGTTTTGGGCTACAACGGTTGCCACCAACAGTGTCGGCGCAATCCCCATTGTCGGGGAGTATCTCATGACATTCCTCCGGGGCGGTATTCTGGTGGGTCCACCGACGCTGGGACGTTTTTTTGCCGTTCATGTGACCTTCCTGCCGCTCGCCATCGGAGCTTTTATTGTTGCACACCTCTTCCTGCTGGAGCGCATTGGCGTTTCCACCCCTCCCTTCGGGCTGGGCGAAACAAAAAACAACTGGCAGGGGGACAGCTTTCGCTATCAATCTCACCCCGGTGGCATCCCGTTTTTCCCCAATTATCTTCTCCAGGATATGACTTCCATTCTGATTTATCTGGCAATATTTTTAACGGTCGTGTTTTTCTCTCCGTACATTTTCTTCCCTCCAACCGCCTTTGTGCCTGCCGATCCCTTCAAGACCCCGGCACACATAAAGCCTGAATGGTATTTCCTCGCAAATTATCAGACGCTCAAGGTGTTCCCGAACGAGCTCCTGGGGCTCATGGTTCAAGGGGCAGCTATGACCATTCTGGCGCTACTTCCATTCTTGGATCGGAGCAAGGAGCGAAATCCGCTAAAAAGACCTCTATTCCTTTCATGTTTTGCGGGAGGAATTATTTTGTACATCGCAATGGCAATATGGGGGCATTACTCATGAATCTATCCCCGCGAGCCATACAATTTGCACTCTTGTGGGTATTCATCCTAATGCCCCTTGCTGCGTACAGTAAAGATGAGACGACATGCATCCAGTGCCACGGAAAACAGCCGGGCAAAGGGGGGGCACCGGTTAAAGCCTGGCGCGGGAGTATTCACGAGGCTAATGGAATATCGTGTCATGACTGCCATGGAGGGGATGCAAAAGATGCCCTGTATGCCATGAGTCCTGCCCGCGGATTCATAGGATTCCCTGACACAATGGGGATACCGGCCTTCTGTGGACGTTGCCACGTGGGGATCATGGACGACTACTTCAAAAGTGCCCACGGCCGCGCACTAGGCACCGGAGGGCCCACATGCGTCACCTGTCATGGATCCCATGCTGTAGCAACGGCCACCCTGGATATCATAAACAAGGAGAACTGCGGCAAGTGCCACCCGTACGGGCAAGCTTCAGCCATCAAGGAGGCCATGAGGAACACCGAACGGCTCATCGTTGAAATTGATGGAAAAATTAACAAATTCAAGGGTGAGGGAGTAGATACCGGCTCTTGGGAGAAAAGCCTTTTTTCCGTGCGCAATCGCTATCATCGCCTCTTTCACGAGGTTGACACAGGCAAAGTGATAAAGTTATCGGGTGAATTTCGGGAAGAGCTGGACGGAATCTCTAAAACGCTCGCGAAAATCGACGAACGAGGTCAACGCAGGAAAATAATTGGTGCTATCGTGATCTGCGGGTTACTTGCAGCAGCCCTAATCACCTATCTACTCAAGCGAACTTTCGACGATATATCCGAACCTTAATGACGCACTCCCCCCACTTGCGATAGACCTGAAATTTTATTTTTCCCTCCATTAGCCACATCTAATAGATTTTGCTTTACTGAACTTTTCTTTTTATGTATACATAAAGCCGTTCGATCATTTTCCGATGGGAAAAGCAGGTCTTCTCCCCACCTTCCATTTGAATATGGGCTCTTGCTGAGCCATTACAATCCGGTATATGATAACAAGTTGATTCGCACGACATCCAGAGCTTTCCCGTACAGGAGGAAAAGACATGGTTGTACTGGTACGTTGCAACGACGACACGATCACTGTGGCACAGAGGGTGAAACTCGGCCTGCTTATCCGGGACGGTGTAATCAAATCTTTTCTGCGCTCGGGAGTCTGGGTGGATGTGACAAATTATCAAGCGAAGCCCCAAAGACGCCTTGCCCCTCCCCCCGAATCCAGATGCTCGACATTTGCTACTTGTCTCTGACAGGGCGATATATTTAAATTTCCTACAGTCTGGTCATAATGAAAACGGGGGCAACCAATCGGTTGTCCCCGTTTATTCGTGATGACAAAAGAGCCTGCTGTAATTTGCCGACCTTTTCTGCCGCTATGCTCGCGTCAATTGGCGGTACTTGATCCGATGCGGCATGTCGGCGGCAGCGCCAAGCCGTTTCTTGCGGTCCTCTTCGTACTCTGAATAGTTTCCATCGAACCATACCACCTGGCTGTCTCCTTCGAATGCAAGGATATGGGTAGCAATCCGGTCAAGGAACCAGCGGTCATGGGAGATGACCACGGCACAACCGGCAAAGTTCTCCAGCGCCTCTTCCAGTGCACGCATGGTGTTCACATCCAGGTCATTGGTCGGTTCGTCCAGCAGGATTACGTTTCCGCCTTCCTTGAGCATCTTGGCTATGTGAACCCGGTTCCGCTCCCCGCCCGAAAGCAGGCCGACTTTTTTCTGCTGATCGCTCCCGGAAAAATTGAACCGTGACACATAGGCTCGCGAGTTTACACTTACCTTGCCCAGTTGCAGGGTCTCCTGCCCTCCGGAAATCTCTTCCCAAATGCTCTTGTCCGGGCTCAGTGCATCGCGGCTCTGGTCCACATAGGCAACCTTCACGGTATCTCCAATGCGAATGGAGCCTGAATCAGGTTCTTCCTGGCCTGTAATCATCCGGAAGAGCGTTGTCTTGCCGGCCCCGTTGGGGCCTATCACGCCGACGATCCCTCCAGGTGGCAGCCGAAAACTCATCCCCTCCACAAGGAGCCGGTCGCCATACGACTTGGAGATATTTTCCGCCTCAATGACGATGTTGCCGAGTCTCGGCCCGGGAGGAATGTAAATCTCCAGTTCCTTTGCCCGTTTCTCGCTCTCCTGGGAGAGTAATTGTTCATAGGAACTGATCCGGGCCTTGCTTTTCGCATGGCGCCCCTTGGGGCTCATCCTTATCCACTCGAGCTCCCGTTGCAGGGTCTTCTGACGATCGCTTTCCGACTTCTCCTCCTGCGCGAGCCGGTTTTGCTTCTGCTCAAGCCATGAAGAATAATTCCCTTTCCACGGGATCCCCTCTCCCCGGTCCAGTTCGAGAATCCAGCCGGCAACATTGTCAAGGAAATAGCGGTCGTGGGTAACGGCGATAATGGTGCCGGGATACCCCTGAAGGTGATGTTCAAGCCAGGCAATGGTCTCTGCGTCCAGATGGTTGGTGGGTTCGTCAAGGAGGAGGATGTCGGGCTTTTGCAGCAGAAGCCGGCACAGGGCCACGCGGCGCCTTTCACCGCCGGAAAGCACCGTGACCGGCGTATCGCCCGGCGGGCAGCGCAAAGCGTCCATGGCCATCTCCAGCCGGGAGTCCAGATCCCAGGCATCCAGATGGTCAAGTTTCTCCTGCACGGTTGCCTGGCGATCCAGCAGTTTGTCCATATCGGCATCGGGATCGGAAAAGGCGGCCGTTATTTCGTTGAACTCGTTAAGAAGATTTACCGTTTCCTGGCAACCCTCTTCGACGATTTCCCGCACGGTTTTCCCCTCGTCGAGATGCGGTTCCTGTTCAAGGTAGCCTACGGTATAGCCGGGCGAGAGAACCGCCTGGCCATTGAAATCCTTATCGACCCCGGCCATGATGCGCAGCAGCGATGATTTACCTGAGCCGTTAAGGCCCAGGACACCGATCTTGGCACCATAAAAATAGGAAAGGGAGATGTCCTTGATGACCGGCTTTTTGTCATAAAACTTGGACACACGCATCATGGAGTAGATAATTTTGTTTCCGTCAGTGCTCATGGGCGGTTGCAATCCTCCTCGATAAATTCAATTCGTCTTTGTACACTGTCGTCTAAGTGCCTGTCAACTTCGAGCTTTTTTTAATTATCTTTCAAATGGCCTGGGATTGCCGTAAAATTTGCAAACTGAACTCACGAAAGGTGGAAGCAATGAAAAATCGCTGGATTGTTCGTTTATTTACTATTGCCTTTGCTGTTTCCCTTATAGCCATGGGATACCAGGAAGCCAGTGCCCGCGCCGGTGGCGGCCGTTCATTCGGCAGCCGTGGAGCACGCACCTACAAGTCGCCGTCTCGCATGACAAATCCGTATACCTCCCGCCCCCAGCCATCTCCGCAACAATCCTTTCCCCAGGCCCAGCCCCAGCGCCAGGGCGGAAGTTTTCTCCGGGGATTGGCCGGTGGTGTCGTCGGCGGCCTTCTCGGGGGGATGCTCTTCCGCAGCCTCGGTTTTGCAGGTCCGGGCGCAGCGGGAGGTATCGGGATATTCGACATCCTCTTGATCGG
CP071382.1_gap86	2959909	2964394	4485	TATATTGACGAAATAGAGAATCTCAACGGGAAAAAAGTATTCATCAGAGTCGATTTCAACGTCCCCCTGGACGAACATCAAAATATCACCGAAGACACCCGGATTCGGGCCGTTCTTCCCACAATCAATTTTGCCCTTGATGCAGGCGCCAAGGTCATACTTGCATCGCACTTGGGCCGCCCAAAGGGTGAACGTAAGGCAAAGTACTCTATGGCGCCCGCAGCCAAACGCCTTTCCCGCCTTCTCAACAAGGAAGTTCAGCTGGCTCCCGACTGCATTGGTGATGACGTAAAGAAGATGATCGATGCCATGCAACCAGGAGATGTCATTCTGCTCGAAAACGTTCGGTTCTACGAAGGTGAGGAAAAGAACGACGCCGACTTTGCCAAAGCTCTGGCCAACTGTTGCGAAATCTACATAAACGACGCCTTTGCTGTTTCCCACCGAGCTCACGCATCCGTGGAAGCCATCACAAAACACTTCAACATTGTAGCTGCCGGCTTCCTCATGAAAAATGAAGTCAACTACTTTGAAAAGGCGATTCAAACTCCAATTCGACCTCTGGTTGCCATTCTTGGCGGGGCCAAAGTGTCCGGAAAACTTGAAGTCCTGGGAAATCTGGTCAACAAGGTGGACAAAATTATCATAGGCGGGGGTATGGCGTTCACCTTTCTCAAGGCACTTGGCTATAACGTCGGCAAATCATTGGTAGAAGAAGATCTGCTGGATACGGCCCGCACCACCTACGATAAGGCCCGTGAAAAGGGAGTAAAGTTCTACCTGCCGGTCGACTGCGTTGCGGCAGACCGATTCAACCCTGAAGCGGAAACCAAAGTAACCACCATTCAGGAAATCCCTGAAGAATGGATGGCACTAGACATCGGACCGGCAACAGTAACCCTCTTCACCGAAGCGTTACAAAATGCAAAAACCATTATCTGGAACGGACCGATGGGAGTTTTCGAGATGGATGCTTTCTCTCGCGGGACTTTCGCCATGGTCTCAGCGGTTGCCAACTCCTACGCACTTACCATCGTCGGCGGCGGAGACACAGACTCTGCGGTTCATCGGGCTGGAGAATATGCGAAAATAAGCTACATCTCCACCGGAGGCGGCGCATTCCTGGAACTTCTGGAAGGAAAACATCTCCCCGGCATCAAGGTGCTGGAAGAGAACGGTAAATAACGGTATCGGGGTGAACACCATGAGAACGCCAATAATTGCAGGCAACTGGAAACTATTCAAAAAAAGCGGTGAGGCTGTTGAACTTGTCTCGCAACTCACTCACCTTGTCCGGGATACCAAAGGTGTAGAGATCATAATTGCACCGGTTTTTACCGTACTCTCAACCGTTAAACCGCTTATAGCAAACTCCAATATTAAGCTCGCAGCCCAAAACTGTTTCTGGGAGGAAGAAGGGGCCTTTACCGGTGAAATTTCTCCCGGGATGCTGATGGATGCCGGATGTACTCATGTGATTATAGGACATTCAGAGCGAAGACAGTATTTCGGAGAAACCGACGATAAGGTAAACCGGAAGATCAAGGCCGCAATATCATCCGGGCTAACTGTGCTCTTCTGCATCGGTGAGACGCTTGCAGAACGGGAAGCGAACTGCACTTTCAATGTTTTGCGCACCCAAATAGAACAAGGGCTATCAGAACTTGCAAAAAGTGATCTCGCTAAAGCCGTAATCGCCTATGAACCCGTATGGGCTATTGGAACAGGTAAAACAGCGACGGACGATCAGGCCCAGGAAGCCCACGCCTTTATTAGAGGGGTCGTGGCCGACCTTTATGACCATACTTCTGCCGAATCAATCCGCATTCTCTATGGAGGAAGCGTTAAGCCGGAGAACGTAAAAGAGCTTATGGCTCAACCCGATATTGACGGTGCCCTGGTTGGAGGGGCAAGCCTCAAGGCGGATTCATTCGCAGCCATTGTCAACTACCTGGTTTAGCCAATGCAACAATTCCTTCTTGGAATTTAGTTGTCGATATGCTAATAATTCCTACTTACAATAATTGACGGGAGAGTACGGCCCATGACTGTTTTACTCACAATTCTGCATATCCTTGTATCTGTTGCTCTTATCGCGATCGTCCTGCTTCAATCAGGCAAGGGTGCAGAAATGGGGGCATCATTCGGTGCCGGGGGTAGCCAGTCGGTATTCGGAGCAGGCGGAGGAACCACGTTTCTGAGCAAGCTGACAACGGGCGCTGCCATAATTTTCATGCTCACCTCCCTTACACTTGCTTACCTGTCCGGGAAGTCAGAGACGTCATCGATAATGCCGAAAGGAGCATCCGCTCCTGCGCAGCAGAAGCAGGCCGCGCCACCTGCCACAAAACCGGGTCAGTCACAACCTGTGCCGGCACAGCAGAATCCGATGCAGCAACAAGCACCACAAAACGCTCCGGCAGTTCCCCTCTCAACAAAATAGGGTCGACAAAAAAAAATATTGACACATGCAAAGCACGAATGGTATAAAGTTGGTCCTTGCCGAAGTGGTGGAATTGGTAGACACACCATCTTGAGGGGGTGGCGGGCAATAGCTCGTGCGAGTTCGAGTCTCGCCTTCGGCACCATAAATTAAACTCAATAGGCTAAACACCTATTGCCCCTTTCAAACCCGTTTTACAACAGTTTAATACTGTTATAAAACGGGTTTTTTCGTTTCCAGTAATCAAAAAGCCCCACGTGACAAGCATGTGGGGCTTTCAGACATTCTTACTCCAAAGGTCAATTATTTCTTTTTCTTGGCGCCGGCAACTGCATCTTTGAGGGCCTTGCCCGGACGGAACTTGGGGACTTTGGCAGCGGCAATCTTTATCTCTTTGCCTGTTTGCGGGTTACGGCCAGTACGAGCCTTACGGGTGGCAACCTCAAAGCTGCCAAAGCCAACCAGCGTCACCTTATCACCTTTTTTGAGGGCAGCGGTCACTGCCTCAATCACCCCGTTCACTGCCTTGTCGGCAGCGGCCTTGGTGAGTTCTGCGGATTTTGCCACAACGTCCACGAGTTCTGCTTTAGTCATATAAGCCTCCTGTTTATGGGATTCTATGGCTACTATAGCGGCAACTATCCATTTTGCAAGGGATTTTATAGTTACCGACGTTGGCAATCTTCAATTCAAACAAAATTAAACTAGACATATAAGTATAACCAAGCGAAAATATTAAAAATACGTATCAGATGTTCTGAATCAATTGCGTCTATATTCAAAACAAAATACAAAATTGATTTACATTCCAACTTAAGAACAGCGACATACACATTTTGAGCCGCCGCAATGGTCCAGTTGAAACAATAAATAATATTCCGCCATTTTTACAGTTGGTTACAGGCCATATCAAATCCAATCTATTTTTTTCTAAATAAAATCGTACATCTGCCGATATTATCTATGAATAGACATATCAAACGCATTACTGCGCATGCATAGGAAGGAGGAGTAAATGAAAAGAGTTTTGATTGTTGATGACAGCATCTCGGTTGCTCGCCAGTTGGAGAAAATCCTCACTGACAGCGGCGAGTTCGAGGTAGTTGGTCACGGCAAGAATGGCATGGAAGCGATACGGATGCACCAGACTGAACACCCGGATATCATCTGCATGGACATGAACATGCCTGGCATGGATGGCTTGACTGCCCTGAGAACTCTCGTTGCGCTCGACAAGAATGTAAAAGTGGTCATGGTTACCTCCCTTGGGGGTGTCGGCGACAAGTTCACCGAAGCCTTGCGACTGGGTGCCAGAACGGTTATTTCAAAGCCATTTGAGGCGGACAACATTTTAAAGATCCTCCGCGAACTATAAAAATAGCTCGGTGCTTACTCGATAAAACCGTATTTATTGTAAGGAGGGCATAAATATATGGCGGTCAAGTTTTTCGGACAGTTTCTCGTTGAAAATGGTGTTGTCTCCAGGGAACTACTTCTGCAGGCAATAGAACTTCAAGAGTCGGTGAATCTCAGCTTCGGAGCTACCTGTCTTGCCATGGGCATTCTTACGGATGCCGATATTGAAAGAATCCATAATGCCCAAAGAATAGAAGATCTTCGCTTCGGTGACATGGCCGTAAAACTTGGCCTTCTGAGCAATGACCAGATGATGCAGGTGTTGGCTCGGCAAAAGAACTCACATCTTTATATAGGTGAGGCTCTTGTTAAAATTGGCGGGCTTCCAGCCGAAGAGCTGCAAAGACACCTGGACGATTTCAAGGCAGACCAGGCACAATACGCCACCGATTCCGTGGTAATACCCAGCGGCGTACCTGAACCAAAGATTTGCGAGATAATGGCGGATCTCTCTTACAAGATGCTTACCCGCGTAGCCCTGCTGATCTTTCGCCCTGAACCCTGTTTCGTCGCGGATCAATTACCAGCGATGGATGTCTATGCCGCCATGGAGTTCAGTGGAGATGTTTCCGGCCGTTATCTCATGGGCGTCACTGCTGCAACCCAGAAAAAAATTGCCAAGGCAA
CP071382.1_gap87	3050755	3052060	1305	TGATCGGTGAAGGTAACGTTCTGGAGCCCGAGACTTGCCGGCCCCTTGTTCTTTGCGACAAACGTAGCCGTAAGCAGGGAACCTGCTCCATCGATCCCTTCTGCCGCGGTACGCCCCATTGTAACGGTGACCTTGCCCTTCCCCTTGTCCGCCACGGCGCTGAAGCTGGTCGGTTTCCCGTCGCGCTTGAGGAAAGTACCCTCGACGGCCCCCTCATAATCTATGAAAATCGGATCGTAGAGGAGCACGAAGGGCGCATTCATAAGCCCTTTAACATCGGATACCCTGATCTCCACCTGGAATTTTGCGCCAAGATCAACCGCTGCCGGAGCTGATATGTTGAGACTTCCGCGCATGGATGGCTGAGTTGCCGCGGCAGCAGAAGCAGCAGGCGCAACCGGCAGGGGAAGCGGTGCTGTCGGCTGGGCCTGGGTGGACGGCTGCGTGACGGCCTCCGGCGCCGGAGCCTGTTTGACTGCCTGGGCATCAGCCGGTTGTGCGGCAGCCGGGCCGACGGCAGGTTGCGCTTGGGTCTTCGCTCCGGGTTGCTGCGGAACAACTGCCTGAACTGGAGGTGCAACAGGAGCTGGCGACAACGCTTTCCCGGATTTAGGAGCAGGCTGCCCCGTAGCGAACTCGGGTTCAAGCTCAAATGACGCGAACGGCTTGACGATCGCGGGGTCATCCTCCTTGCCGGACCAGAAGGCAGCCACATCAGGCTCGGGAACGGTAACAGAGCGCACGAGGCGCGGTGTAATGGCAAGAATCAGCTCTCGTTTCTGCGTATCGTTCGAATTGTCGCTCAGCAGCGGCCCGATAAACGGAATGTCGCCCAGCAGGAATATCTTTTGCTTCGCCTTGGTCTTCGAATCTTCTATCAACCCGCCTATGACGCTCGTTTCGCCATCCTTGAGACTAAGTACCGTGTCGAGGTTGCGGGTTCCAATGGTGACGACCGTCGTTGCAGAATCCTCGCCCCCCACCGTCTCCTTGGCAATGATCGAGCTGACCTCAAGGCCCAGCTTGATCGCCACCTCGTTGTTGAGCATGATGGTTGGCTCAGCGTTCAATTTGACCCCGACATCCACATACTGGACGTTCACACTGTAACCGCCGGTCGTACCGGTTGTGGAGGTAGTAGTGATCGGGACCCTGGTACCAACGGTAAATTTGGATTTTTCCCGGTTCTTCACCCTGATTTTAGGATTCGCGAGCACCTCGGCATTGGAGATGGTCTTGCCGAAATTGTACGAGGCGCTGGGAACGGTCAAAAACCCCTTGTAGCCGTTCCACGAGAATGTCTGC
CP071382.1_gap88	3089565	3091921	2356	GGTTCTCGAAAACGGCATGGAGGACGATCCCCGCCCGGGATCCCCTGGGGAAGGCGAAGATGGTTCCCTCTGCCGGCAGGACCTCCTCGGCGATCTCTGCGGACTCGGCAGTGACGGCGGCGGGCTGGTCCCGGTCGGGAAGTTCCTCCTCGGGACGATGACGGGCCGCAAAGGAGGTGAAGCTCGCCACCCGCCAGTCGCTCTCGATCTCTCTGCCGAAGGGGGGGCAGACGGGAGTTGCCGAGCCCCCCGTTCCGGACCGGAAGCGTGGGGCTTCGGGCGCAGGGTCCACGGTGACGGCAATGGCCCCTCCCCCCTCATGCTTCAGGCCGTCAAGACGCTCCAGGAGCGCCTCGTCGGTGATACCCTTCATCACCTCGCCGACTGCCACCGTAATGTCGCCTTCACGGCTGTCGCCGGGATGGTGGAGGAGATAGGCCAGGGCCGATGTCTCCGCGTAGCGGAACTTCCCCCAGACCAGGTAGCAGCGGTGCCTGGCCCGGGTAAGAGCCACATAGAGGAGCCGGACGTTTTCGGCCAGGGCCTCGTTGCGCGCCTTCAGGCGGCGCGTTCCGTACTCATGGGAGCCGAAATCGGCCACCATACGGTAGCCGTCATGGCAGACGGCCGTGTCGCCGTCATCCCTGACGCCTCCCCAGGTGAAGGGGCAAAAGACGATGGGGTATTCGAGCCCCTTGCTCACGTGCACGGTCACGATCCGCACCGCCTTTTCGTCCGATTCGAGCCTGATCTGGTACTCCTCGTCGGGAGGGGGCGAATTCACCCGCTCGCCGAACCAGGCGCAAAGGGGGTCCACGCCGAGGCTCCTCTCCACGGCGGCACCGTGGATCACCTCGCCGCAGTGGAGGACGTTGGTGAGCCGCCGCTCCCCGTCCGCGAGGGGAAGGAGCCGCTCCCGCACCCCCTCCCGGGCCAGAAGGGTTCGGAATATGGTCATGAAGCCCCGTCCCTGCCAGAGTTCGTGGTACTCCCGGAACGCTTCAAGGCGCTCCTCCCATCCCTGCTCGTCCTCCAGGAGGCGGGCGATGTCGTTGCCCGACACGCCGAGGATGGTTGTGGCGAGGGCAGCCCGCACCCTGGTCTCGTTGGATGGTTCGGCGACCGCCTCCAGTATCCGGCAGATTTCCCGGGCCTCGTCCGTGGCAAAGAGGCTCATGGCGCTCTGGACCACCGACGGGATGCCGAGCCCCCGCAGCCCTTCCTGGACAAGGGCAGCCTCCTTGTGGCTCCGGACAATGACGGCGATATCCTCGGACACCACCCCCCTGCCGTCGATGGTCGCCCGCCCCTCCCGGCCGTCGGCCAGGAGCCCGGCGATCTCGGCCCCCACCGCTGTCACGATCCTTTCCCGGGCCGGCCCCATGGAGATGCCGGCGCCGTCCTCGGGGGTCCGCGCCATGAACCAGAGCTGGAGGGGGGCCGGGTCGCGCCCTTCGAGGACGAGGGGTTCCTCCCGTTTGGCCGCCGTCACCTCTGGGTAGCCGATGGCCTCCACCACGAAGGGGGTCTCCCGCTTCTGCCGGAACAGGGTGTTCACCCCCTCCACCATGGATGGAGTTGACCGCCAGTTTTGCCCCATGGTGAAGCGGGCTGTCGCGGGGACGTCGTCCCGGGCCTCCAGGTAGGCGAAGATATCGGCCCCCCGGAAGCTGTAGATGGCCTGCTTCGGGTCGCCGATGAGGAAGAGAGGAGTGGCCGCGTCCCGGTAAATCTCCCTGAAGATCCGGTACTGGACCGGGTCGGTGTCCTGGAACTCGTCGATGAGGGCCGCCCGGTAGCGGCTGCGGAGACGCTCGGCAAGGTCGGCACCGGTGGGCCCCTGGAGCGCCCGGTAGAGGTCCGTCAGGAGGTCGTCGTAGGAGCGGACGGCACGTTCGGCCTTGAGGACAGAGAGCCGCTCCCTGGCGAAGGTGTAGAGCCCCCCCCGGAGGGCCTGATAGCGCATCTCCACGAGCCGGAACATCCGGTCGCACCGGTCGAAAAAATGGTGTTCCGGCGGCTCGTTTTTTTTCAGGGCCTGGCCCAGGATAAAGGCAGTGGTGAACTTCTCGAATCCAGGACAGAGATCCCACGGATTCCCGGAAGCCAAGTAATCCGTCATCCCCTCCAAAAGGCCGGGAACCAGATCTCGGTGATAGGTTTTCTGAGCACGGCTCAATCCCTTGTGGGTGGAGATAATCTCCTCGATCTCCCCCCGCTTCGCCTCCCACAGGCGGGCCAGCTCGTCGTAGAGGGCCTCGCACTCCCGGACAAGGGCCGTCACCTCGTCATCGCCGTAGAGGGGGACCACCAGCAGTTCCGGATTGCCCAGCTTCCCCCGCAGGAAGCGGGCAAG
CP071382.1_gap89	3171595	3175405	3810	TAACCAGGGAAGCAACCGCGGCCATCCAGGCGCTTGCCGGCGAAAGTCCGTTCCGGATTATTGTCCTCGACCCACCCTATCGACAGGGCCTGACGGAAAAGGTCCTGCACAATCTGGCATCAGCGCCGTTTGTCGCGGCAGAAACGATTATCGTAGCGGAATCGGATTCCGGCGAAGTGTTTGCTGAAGAATTTGGCCCCTTGAGGCAGTTCGACCGGAGGATATACGGCGACACTGCACTTACCTTCTTCAAGAAAGGGATACCTGCCGACCATGCCTAGAAAAGTCGCCGTTTACCCTGGCTCATTCGACCCCATCACCTACGGGCACCTGGATATTATCGACAGGGGCCTGAGAATCTTCGACGAAATTATCGTTGCGGTGGCCAAAAATTCGGCCAAAAACTCACTCTTCACCATCAATGAACGGGTAGACCTTATTCAGCGGGTACTGGCGGACAATGTCAGGGCGAGAGTCGATACTTTCGACGGCCTTCTGGTGGATTACGTCCTTTCCCAGAACGCCACGGTCATCATCCGGGGGCTGCGGGCTATTTCCGATTTCGAATACGAATTTCAGATCGCCCAGATGAACCGCAGCATCTCCCAGGACGTTGAAACGCTTTTCATGATGACATCGGTCCCCTACGGTTACCTGTCGTCGTCCATTGTCAAGGAAGTAAGTTCCCTGAACGGCCCCATCGAAGACCTGGTCCCCCCCCTCGTGCGGGCGGCACTCAGGGATAAATTCTCCAAAACCACAGTCTAAGTGCAGAGCAGACGATCCAAAGAATCTCCTCGACGATACACTGACCTAAAGCATCCGCCATTTCTGCCGATAACATATATGTAACGGCAGCATGGCGGAACCAAGGCGGAGCCCATACAGGCACGCAAAGGAGAAGGCGATGATCTCCAAGACCATGACCATCGGCGACATCATCCGCACCTATCCCCAAACCCTGAAAGTTTTTGAAAAATACGGCCTAGACTGCCGTGAATGCCAGGTTGCCGATTATGAAGAGCTTGAGCACGGCGCCGGCGTGCATAAAACCGACCTTGAGAAACTTCTGAAGGAGCTTAATGAAATCATCGTTTCCTGAAACCGCGAAGGCGACATGAAAGAAGAATTCACCGATTACCGGAAATACTTCAGCCCCGGCTACCGGATAGAAGTCCGCATACCCCGGGCAACAGGAGACCCGTTCCGCGACGGTGCAACCATCGCACGGCTGGAAGAGGACCTTGTTCAGTTCCAGCTTTCCCGCGATGTTTTGCCGGCCGGCATCAAAGCTGATGCCGGTACTATTGTCGACGTCAGAATCGGAAAGGACGGGGCTGCTTACTGCTGTCGCGCCATTATAGTTACCCAACGTGAAGGAGCCAACGTAACCGCCCGTTTCATCGGGAAGGTAATCCCTGAAGAAATGAGGGAATATTACCGGATCGACACCTACATTCCGGTCCGATACAGAATAGAGCCTGACACACCTCCCGAACAACTCAGGAAGAAGTGGCATGCAAAACGGTACCCGGCATCAGACAAGACCGACGAAACCCTTTCCGGCATCCCTCCCGCAGCAGGACCCCATCACTCAAGTACAACCCCCCTGGCGGCAAACCTGAGCGGATCTGGGATAAGGCTCAAAATCCCTGAAGAACTCCCCATCGGCACCCTCCTCCCCATGGAGCTATATCTCGCCCTTGACACCCCTGAGGTTGTGCAGATAATTGCCGAAGTCGTCCATGTGTCACCCCTTCACCCCAGCCTGAACACGCCACAATTATTCAACACGGCGCTCCATTTTCTTTGCATCGACGAACGGGACCGCGATTCCGTAATCAAGTTCATATCCATTGAGCAGATTGAGAGGCTTCGAGCCACCCAGGGCAGCGCCGTCAGCCTCTCGAACCTCGGCGGTTACGCGGCCTACTCCAAGAGCAGGGAGATTCGGCGAATTGCCGTCACGATAACAATTATCCTTGTTATCGCAGCCATAGCGGCACTGCTTATTCTATCCAGGCGCAACAATCCCAAGGGTGAAATAGAGCAAACGTTCGAGGATGAAATCCGTAAATACCGCAAGCTTGTCCCTTGGCGCTGACCCCACGCTCCAGACTGAGTAAAGCATGTAGTCTGTTTTTGCACAGCTTCAACTCTCACACATGACGGACCCGCCACAAACCCCTCGCGTATACGCCTAAAACAACCTTCAGGGCAAAAGCAGTAAATATTTTACACTGTATTTCCGAAGTGTTACCAATTTACCCACTGATTAATTAAAACTTGGCACCTCTTTTGTAAATATCTGGAAATTTGAAGCACGAGAGTACCCACACACTCGCGCACCCGCTTTCAGGAGGTTCCAAGGTGCTCTACAAATCCGTAACGGAATCATTTAACGAATTCATCATCGACCGCAGCGATGCCAAGTGCATCCGCTGCAAGGTCTGCATCCGACAGTGTGCCTATGAGGTCCACGACTATGAGGCCGCGGCAGACACGCTCACCGAGGACAACACCCGCTGCATCGGCTGCCGGCGCTGCTCGGCCCTCTGCCCCACCGGCGCCATCACCATCCGGAGCAACGAAGAGGTGTTCAAGCGTAATGAGTCGTGGTCCAACGCCCACATCCGCAACCTCTACGCCCAGGCCGACACGGGGGGCATTCTCCTGGCGGCCATGGGCAACCCGGCCAAATACCCCATCTACTGGGACCACATGCTGCTGGACGCCTCCCAGGTAACGAACCCCTCCATCGACCCCTTGCGGGAGCCCATGGAGCTGCGGACCTACCTGGGGAAAAAGCCCCACTCCATCGAGGTGGTCCGCGACGAGCAGACCGGCAAGCCCAAGCTCGCCACCAAGCTCACCCCTCAGATCAAGATGGAGTATCCCTTCATCTTCTCCGCCATGAGCTACGGCGCCCTCAACCTCAACGCCCACAAGGCCATGGCCATGGCTGCCAAGGAACTGGGCACCCTCTACAACACCGGCGAGGGCGGGCTCCACAAGGACCTCTACCAGTACGGGAGCAACGTCATGGTGCAGGTGGCCTCGGGCCGCTTCGGCGTGAGCGAAGCATACCTTAATGCCGGGGTGGCCATCGAGATCAAGGTGGGCCAGGGAGCAAAACCGGGCATCGGCGGCCACCTCCCCGGCGAGAAGGTCAACGACCAGATCTCCGAAACCAGGATGATTCCCATGGGCGCGGACGCCATCTCGCCGGCGCCCCACCACGACATATACTCCATCGAGGATCTGCGCCAGCTGATCTTCGCCCTTAAGGAAGCCACCGACTACACCAAGCCGGTATCGGTCAAGATTGCGGCGGTCCACCACGTGGCGGCCATCGCTTCGGGCGTGGCCCGGGCCGGCGCCGACATCATCACCATCGACGGCTTCAGAGGGGGGACCGGCGCGGCCCCCCAGGTAATCCGCGACAACGTCGGCATCCCCATGGAGCTGGCCCTTGCAGCCGTTGATGCCCGGCTACGGGACGAGGGGATCAGGAACCAGGTTTCCATCGTGGTGGGTGGCGGGGTCCGCTCCTCCGGTGACGCCATCAAGGCCATCGCCCTGGGTGCCGACGCCATCAACATGGGGACCTCGACACTCCTGGCTCTGGGCTGCACCCTCTGCCAGCGCTGCTACACCGGCAAGTGCCCCTGGGGAATCACCACCAACAACCCGTATCTCGCCAAGCGCCTCAACCCGGAACTGGGTGCCGAGCGGCTGGTGAACCTGGTCCACGCCTGGGGTCACGAGATGAAGGAAATCCTCGGCGGCATGGGGCTCAACGCCCTGGAG
CP071382.1_gap90	3176941	3180586	3645	TGGGGGTCACGAACCCGGTGGACCCCACGGAATACGAGATCCTCACCTATCAGGATCTGGAGAACTACCAGTACCGCAAGATCGTCCTCAAGGACGGTCTCCTGGCCGGCGCCGTTCTCGTGGGGGCCGTGGACCGGGCAGGCATCTTTGCCGGTCTAATCCGCGACCGGATCGGGGTGGACTCCTTCAAGGACCAACTCCTCACCCCCGACTTCGGCTTCGTCAATCTCCCCCGGGAGATCCGCTCCGCCCTCTTCGCCCCCGCCGGCAAAATTACGGGGGCCGACGAGCCGGCCATGAATGTCGGACACTGACCCGGCGCCGCTTCGTGACGACCAGATAGAGGTTTTGACCATGATCAGATCACAACAACCGACCCATTATTTTCAGAAAGACATCTCCAACTGCGGCCTGACCGGCTTCATCTCCACCGCCGGCAACCTGGTTGAGGGGAATGTCATCATCAAGTCCATCGCCCTGATGCACGACCGTGGGAACGGCCTCGGCGGCGGCTTTGCCGCCTACGGCATCTATCCGGAATTCAAAGACTTCTACGCCTTCCACCTCATGTACGAGAACGGCATGGCGCAGCAGCTCACCGAAGAGTACCTGGAGCAGCACTTCTACATCGAGCACTATGAAGAGATCCCGACGCGGCGCACCCCGGCCATTGCCAACCCGCCGGCCTTCAAGCGCTACTTCGTAAAGCCTCTCCAGACTGCCGAATACAAAGAAGCCATCGAGTTTGAAAACATGACCGACGAGGATATAATCGTCCGCCACGTCATGCTGATCAATAACGAGATCGAAGGCGCCTTCGTCGTATCTTCCGGCAAGAACATGGGCGCCTTCAAGGGGGTCGGCTACCCCGAGGAAATCGCCGATTTCTTCCGGCTAGAAGAGTACAAGGGTTACATCTGGACCGCCCATAACCGCTTCCCGACCAACACTCCGGGCTGGTGGGGCGGCGCCCACCCCTTCACGCTCCTGGACTGGTCCATTGTCCACAACGGCGAAATATCGTCCTACGGCATCAACAAGCGGTATCTTGAGATGTACGGCTACCTTTGCACCATGCTCACCGACACCGAGGTCGTTGCCTACACCCTCGACCTCCTGATCCGCAAGCACGGCCTCACGCCGGAACTGGCGAGCCTTGCCATGGCTTCCCCCTTCTGGGACATCATCGATGCCCTCCCCGAAGACGAGCGCCAGCTGCTCACAGCAATCCGCCAGTGCTACGGCAGCGCCCTGCTCAACGGCCCCTTTGCCATCCTCTTTGCCAGCAACGAAGGGCTTATCGGGCTCAATGACCGGGTCAAGCTACGCCCCCTTGTTTGCGCCAAAAAGGATGATTTCGTCTACATGGCCTCCGAAGAAGCGGCCATCCGTGAAATTTGTCCAAAACCGGACAAGGTGTGGACGCCCCGCGGCGGAGAGCCGGTGATTGCCAAAATGCAGCCGGGAGTAATCTGACATCCGTGACCAGGGACCGGGGATGACTGGGACTAACTGTCTCACCCTCGCCTGGCCTCTTCGAGAGAGGTTCATATGACAAAAATTGACGCTCAAGGTCTTTACTATCGGGACCTGAATCAGAAAATCCGCGAGGCAGTTGCCGCAGGGGCGACAGAAATTGTCCTCGATAACGTTAATGGTCAGTATTTCATCGGCGACGGCATCAACAAAGCCGTGACCATAACCATAAACGGCGTTCCCGGCAACGACCTTGCCGCCTTCATGAACGGCGCGGCCATAATAGTCAACGACAATGCCCAGGATAACATCGGCAACACCATGAATGCCGGCAAGGTGATCGTGCATGGCCATGCGGGCGACGTTCTCGGCTACGGCATGCGCGGCGGCCGCATCCACATCCGCAAGGACGTGGGCTACCGCGTCGGGATTCACATGAAGTCATACGAAGACAACAAGCCGGTACTTGTTGCGGGAGGCAAGGCAGGCGACTTTTTCGGCGAGTACATGGCTGGTGGCGTCCTCATCCTTCTCGACATGTTCAGCGACGAGCCGGAGAAACCGAAGCACGGCTTCCGCTTCGGCACCGGCATGCACGGCGGCACCATTTTCGTACGGGGCGGCGTGGACGAAGCCAAGCTTTCCCGGGAGGTGGGAGTCTTCGATCTTACCGATGAAGACCGGATTGAGCTGGAAGGTTATCTTAAGGAATATTGCGACGACCTCTACATTGATTACGCTGAAGTGGTTCAGGAGAAGTTCGTGAAGATACTTCCCCGGAGCAAGCGCCCCTACGGCAACCTCTATTGCCCGATGCCCCGCTGAGGCGCACACTGAATATCCCTACTGAATATGCAAAAGGAAGGCTGAATGGCCTTCCTTTTGCATTTGTAAAAATCCTGTGGAGTTCACCGTGTCAGTGTCCACCAGAAGTGTCAATGGGTCGAAATAATTGACATCGCAAACTGGTTTCTGATACGAATAATCGTTCGTTTCATCGGAACAAAAATGTAAGGCGGGTAAATAGCAATGGACTTCAAGATGTTAAGCAGGAGAAATTTCCTTAAGGTCTCCCTCACAGGGGCACTTACTCTCATGACCGTAGGGCCGTCATTCGGAAGCTTCGAGGCAACACCGCAAGAAATCCTCCCCCCCGGCCAATTATCCCTTTTCAATACTCACACGCAAGAAAGAATCTCCTTAACCTTCCGGGACGCAGATGGAAATTACGATCTTGATTCCCTTAACACTCTCAACTGGATTCTCCGCTGCCACTACACCAACGAAGCAACGGAAATGGATGTCAACACCCTCGAGTTCCTGAACCTTGTGGACAAAAAGCTCGGCGGCAACAACGAAATTCACATCATCTCAGCCTACCGTTCTCCCACCTACAACAACCTGCTGCGCGAGTCCGGTCACGGAGTTGCCTCCAAAAGCCTCCATCTCTCCGGTAAAGCCATAGACATCTCCATCCCAGGGAAAAGCACTGCACTGATTCGCGAAGCTGCCGTTGACCTTCACCGGGGAGGAGTAGGTTTTTACCCCAGTTCCGGTTTTGTCCATATCGACTCGGGCAACTTCAGAACCTGGTAGATTACTCCGGAACAGTGCCCCCATTCAGCGGGCAGTATCACCCATTGAGGAATCCAGTTCATAATTGACACTGAAGCCGCCATCGCGCCGCGCCGCTGCGCTGAAGATGCCGGACACCTCCTCAAGCAGCAGTTCTCTCAGGAATTTCCTCTTTTTCGGCGGCATTATCAGCGTCGGCTCCCCCTTTATTCCCGCCAGCCGCCCCGCTTCCTCAACGGCATCCTCAAGGGTGCCAAGCCGGTCCACGAGCCGCAGGGCCAGGGCCTGCTCTCCGGTATAGACCCGGCCGTCGGCAAGGCGCCGGACCTCTTCCACCGGCAATTTCCTGGACTCTGCCACAGCTTTCACAAACTGCTCGTGGAGGTTGCCGATTACCCCCTGCAGGAGAGCCTTGTCCTCGTCGGTAAGAGGACGGACGGGCGAACCGGTATCCTTGAATTTCCCGCTTTTGAGGGTAAAAGCCTTCATCCCCACCTTATCCATGAGCCCTTCGACATTCGAAAGCTTCATGAGAACACCGATGCTCCCGGTGATGGTACCCGGGTTGGCGTAGATTACCGCTGCGGGAATGGC
CP071382.1_gap91	3183982	3187586	3604	CGTTGAATTCACGCGTTATGAGATATTTTGCCGACAGGCCCCAACGGCTGGAATTCGTATAGGAGGCAAGCAGCCTCCCCTCATGCTTCTGCTCGGGATCGGAATCGTAGAGAGGGTTATTTGTGGTCGTGTACCCGTAGAGCCCCCTGATCCTGAGCCCCTTGAACGGCCGAAAAAGCACCGTCAGGGTGCCTCGGTGCGTATCGGAATTTTCCGGAAGATTCCACCTGTCAGCGGAGTCCGGGGTACCGGTCCCGTCACGGTGATGGAACTGCCCCCGATACTCGCCGTTGAAGCTGATGACCGTATTCGGCCTGATGGTGAAGTTGGCGGATATGATGTCGCGGCGCGTATCCATGGCCTGTCGCAGCACTATGGGCGATGATGAAATGGCAGGAGCCAGCAGGGAAGAAGGGGTATCGCGGTCGATCTCCTGGTGCCGGTATTTAAGCACTGTAGTGAACCAGGCACATGGAGAATAGGTGAAATCACCCGCAGCATTCTGTAAAGTGTCGCTGGCATCGTCAGCCCCCCGGACTGTTGCCAGCGAAGAACGGTTTTCCCGCGTCCCGTGGGAGTAGGAAACAGCTCCGGTCACCCCGCCTGCCGGAGAGGTGAAAAGTTTCACGGTATGGGCATAGTAACGGCTTTCGGGGGTATCGTTGTGCTCCGCAACACTTTCGATTTCATCCAGGACAAAATACCGGTCTAAAGGAGTTGACTTGTCATCGTCAAACTGCCGGTACTGGAACGCATAGACAACGTTTACCGGTCCGAGATGGGCATCGAACCCCGCAGTGGTCTCCTGGGACGAACGGTCGATGCGCCTGGACTGTGAGCGAAGTCTGCTGACAACGGGGTCTGTCGAATCGGCGGGATAGAAGTCGTCAAAGCTGAAGTCGGCGTAGCGTAGCTGTTGGGACCCTTTCCGGCCGATAAACCAGTGACTTAAATTAAGATGAATCGGGTAATCGTGAAGCTTATAGCGGAACTGAACCATGTCCTGGCGGGTGGTAATGCCATAACGCTCTTCAGGGTTCGGATCGTCGAATATTAAATCTCCCTTTTCGTGGTCGAGGTTGTGGTAAAGGGACTCCGTCCAGGCCGTCAGACGGTAGTAGCCGGCATAGTCAAACATGAGATTCGCAGCATAATCCTTGCGGTTCAGAAAAGCGCCGTCCACATCGACCTTCAGGTCTTTTCCCAAATGGACCAGGCGCGCATCGCCGGTAACGCTCGAATGAAGGTAGTCATATTCGGCGGCCCTGCCCCCCGCGTCGCTGACGCCAACAAAGCGATAACCGGCAGAGGCGTCTGCGTGGTTATAGGCTTCGATTTCTACTTCGTCATCGGGCTTTTCGACACCCTGATCAAAAACTTCTATTTCTTCCTGTTGTTCCTCAACAACAGATATCTCATCACTCAATTCTTGGGCAGAAACCATCTCGTCGGCATGCGCCGCGCCAACCGTAGCCGCCAGGGAGCATACCGCTATCGCACAGGCATATCTTATGTTCTTACGCCTTATCACAATAAAAACTCCTTACGGCCTGTCCGAGGCTACCGGATGAAACTCCCCTTTTTCTCGGTCGGCGTGGGAATATCGGTCCCATGTATCTGCGAATGACAGTCGGTACAGCGATTGTTATACAACGCCGAGCCATCCCATCCCACAACATGCCCTGCATGGCACTGAAGACAAAGAAACGGCATGGCCGCATTCAGGAGATAGTTATTGACCGAACCGTGCGGCGAATGGCAAGTGGCGCAATTCTCGGTAACATCGCCGTGTTCGAAGGCAAAAGGCCCCTGCTTTTCCATGTGGCAGCGGGTGCAAAGCTCCTTGGGAGTATTCCCCTTAAGGAGATGGGACTGAACCGTTCCGTGGGGATCGTGGCAATCGGTGCAGGTCATTTTCTTCTCCCGCAACGGGTGGTGCGAGAAGAGACTGTTCTCCGCCTTGACCTCGGGATGGCAACTGTAGCAGAGTTCCGCGGTCTCTTCCCGCGTCACTTTTTGCCGTGCGCCCCGGTGGAGTTTGTGGCAGTCGAAGCACCCCACGTCGTTCAGGGCGTGGATGCTCCCTTTCCAGTGGGCAAGGGTAGGAACCGACGCCGCAGCGTGACACTTGAGGCAAATGAGTGACTGGGCAGGAGTTGGAAGATTGTGGATATCAAGCAGTGCTTTCGTGTCGCATTTGACCTTTTGCTCGTCATTAGACTCAACATCATCCCCGATCTTCTCTATGGCGAGGCTCCCCGGCCCATGGCACGACTCGCAGTTCACAAGCGGCAGGCCTGTCTCGGGCTTAATCTGTTCACCATGGACGCTATGCTTGAAGTCGTCGGTTATCTTTTCGTGCTTGTGGCACTTTGAGACACAGTTGTCCGTCCCAACGTACTCTGCATCGAGGCGCCCCACTATCATCCGCTCGTACTCGCGTACGGGACGGAATGGGCGATCCTGCTTGAGTTCGGCGCAGGAGGCGAGAAGAATCATTGCGAGCACTGCTGCGATGAACTGTATGATGGTTCTAATCTTCAGGGACACTTTAAGCATTGCGATTATCCCTTGATTCCCTTGGTAGTGGTGTAAATGAAACCTTTTATGATCGGATTTTCGCTCGCCTTCATCTCGGCGGGAGTTCCGACATCGACAATGGTTCCGCCGTGCATCATGGCAATACGGTCTGCTATGTACAGGGCGAAGTTCAAGTCGTGGGTAACAATTACCGTCGTATTTTTCGTGGATTTCTTGAGATCAAGAATCGTATTGGCCAACTCGTCGGTGGTGACAGGGTCGAGTTCGGCGGTGGGCTCATCGTAAAGAATCAGGTCGGGATTCATGGCCAGTGAGCGCGCGATGGCAACCCGCTTTTTCATCCCGCCCGAGAGCTCCGAGGTTTTAAGATTTTCCGTCCCCTCAAGCCCCACCATGGCCAGCTTCTCGCGAATCATTTCCCTGATCCGCGACTCCTTGCAGACCCGTTTTTCCCTCAGCCACAACCCAACGTTTTCTCCCACGGAAAGCGAGTTAAAGAGAGCCGATGACTGAAAAACCATGCTGTAGCGGTAATCGAGGGATGATTTACCGCCGCTGCCGCCAAAAATCGGATTGTTGTCTATGTATATCTCTCCGCTGTCCGGACGCACCAATTTCACAATGTGCCTGAGCAGCACGCTCTTGCCGGTACCCGAAGGTCCGATAATGGCAAATGTTTCACCGGCATGTATCTCCAGGCTCACATCCTTGAGGACATGCTTTTCGCCGAAGAACTTGTTAAGGTTCTCAATCCTGATCGATACGCCGCGAGTATCGCTCAAATCTATTTGACGGTACGTTTGTTCGTTAGGGAATATGGAGCCGGCAAGCCCGTGCATAAGTTTATGGAACAATCCGCCTTCATCATTTTGCTCAGCCATTGATGTAACAATCACTAGAATCCTCCAACTAACCGCCGGTACCCACGAAAGGCGCTGCATAATACCAGACAGTTCCCGCCTGCCGCAAGGCCGGCATCAACGGGTGTACCATTCAGAAAAGATACTTTCGCTTGTTGGTAAAGTAATGCCGATGCCGGTAAATGTACTGAGTAAGGAGAATG
CP071382.1_gap92	3238692	3243106	4414	TAAATCACCCAAGGTAGATTTACCATAAGTATTACGGCCAAATATCAATGTGATTTTATCGAACTCAACATTACCAGCTGTGGTTGCTTTAAATCTGCCAATATTTTGAATAGACTGTATACGTTTAAGCATAAATTAGCCTCAACCAAATTAATTGTTGATAGTATTTCATTACCTTTACATTCGCGCTTCCACTTCATCTAACCAGTCATGATCTAATTCAAGTATAAGATTCCGAGACAGTCCAGATATCTGACGTGTTACGTGTATCGAATGAAAAATTTGGCGTTTTTCCATGACGGCTTCTCTTTGCCCATAAAATGCTGCCTGATCTAACGCCATTGGCGGATTAAAATAGTATTTGCTTCTTTGTTGATCAGCAACAAATTCTAGATAGAAGTACCTTCGTGAGTTTTCTTTGAAATAGAAAACTCTAGTCAATTGTCGGTCGGTATCTCGAAAAATCTCTTCAGGGAAACTTTTCTCTCCGACAAAGTGAAGGAGAGCACCACCGCTGGTAGTGGCTACGAAAGAAGAATTTATTGCCCTAAAGCTACCCACAAGTCGTTCTATGACATCATAAAAGCCATCAGGAGGTAAGTAGCGTCGAATGATTTCTCTGATTGCTCTCCCATTACCTTCTAAACAATTCTTGAATGCTCTAACAAAATCTGATTGTCTGCCAACAGATACGCATTCTTTTGCGTGCAAATAATTCGATTCGAGCTCCTCGAGAGCTCGCTTTAGTGGTTCAAGAATCCATACATTCTTGTGTGATACTGTTTTAATATTATGCGCGAATGCAAGTTTTTCGGCCTCTTTATCAAAACCACTTGAAGAAAAAAATGCCCCAAGCTCTGTGTATCGGTTTGTAGGTGCATTTATGTCATCAGTGGTAAAATAGTTTTCCTGTATGTCTTTGAGAACTCCGACAAATTGACGAATGTGATCTTTCTTTATAGGCGTTGCATAATACTTCACCTCTCCAAGCAACCGGATTGGATTTATGAAAGCTATAAACTTATCAAATTCACATGGACAGTCTATTTGATGCCAACATCCCCTGCCTCGCATTTCAAAAAACTGTTCTCGATCACGACGAGTACGTAAATTGTCGACTGTTATAATTTCTTGGAAGCCATTTTCGCGGATTAAACGCAAAATCACTAACTCCCACATGATTGCCTTTAGCCTCAATCTGTCAGTTGTATTTTCTCCCCTCACTTACCCCCCTCTTTATTACGTTACCGTACTGCTGATTCCACCACCACCTTCGACATCTCCTGACTAGCCAAAATCCTCATAATGCTAGAATCAAACGCCCTCTTGAACTCCGGATCCTGCGCATAGCGCTTGTAGAGATCCAGTTCCCTCTTACGTTCCTGGCTGACGGCATTATTGATCAGCTTTTCCAGCGCAATTCGCCGGTTCTGCTCATCCTGGTTATCAACGACCTGTGTCTTGTAATTGGGATTGTTGACGACATGCTGGGCAATGTTGATGAACTTGATCCGCTGCTCTTCCGGTGTTGCTTCCCACCCGGCAAACCACCGCTCGTTGAAGGCTTTGATAATCTCATCAAGGGGATCCTTTGGTTCGTCGCCACCGTGAACTCCGCGAGGATTCGGATTCTGCGGATCAAGCTCGGAATCGCTGGCGTCGAGGCCGATTCTCTCCTTCAGCTTTACCCGTTCCAGGCCGTAGGTTGAGAGGTCTACGCTCTCCAGCAGCTCGTCCAGGGTGTCCTTGTCCTTATCCTTAATCTTCAGTTTCGGGATCAGGAACTTGAGGAACCAGTGGAGCTTCTCCCATTTGATATTGTTGAAGGACATGATGCAGGCAAGCTGGGCGTAGATCTTGACGAACTGCTTTGCCTTGATCTTGAAGTCGGCCTTTTCGTCGTCTTCCAGCTCCAGTTCATGATCGAAGCGGGCGGCGCAGGCATCGATGATCGGGCTGAGTTGTTCCGCCTCGGCGTTGGAGAAATAGAGGGTGCAAAATGCCTCAACCTCTTCCCATTCGTAGACACCGACTGCGTCGAGCTTTTCCCTTACGTCGTGGAGAACATTGACATCGGTCGCCCTAGAGAGGGAGGTTGCCGTGTAAAAGGGATCGAAGGCTTCCTTGATGTCGTTGGTTGAGTTGAAGAAGTCGAGGATAAACACATCCTCGGTGCGTTTGTTCAGGGCATGGCAACAGCGATTGAGGCGGGAGAGCGCCTGCACCGCCAGGACCCCTTGCAGCTTCTTGTCCACGTACATGGCGGAGAGCTTGGGCTGGTCGAAGCCGGTCAGATACTTGTTGGCTACCACCAGCAGCCGGTATTCGTCGGTATTGAATTTTTCCTCGATATCCTTTGAGGGAAAACCGTTGATGGTTTCCTCGGTGTACTCGATGCCATCGACTTTCTTTTTGCCGGAGAAGGCGATCATGGCCTTAAAGGGCTGCCCTTTCAGGGTGTCGCGCACGGCAAAATAGTAGCGGATCGCGGTTTCGATATTGCGGGTCACCACCATCCCCTTGGCCTGCCCTTTCAGCTTCTTCGGCCCCACCACCTGCTCCAGGAAGTGGCTGACCATGATGTCGGCCTTGACGGCGATGGTTTCCTTGTGAGCTTCCACATAGGCACGGAGCTTCTTCTGCGCCTTGGCACTGTCGAACAGGGGGTTCTCGAGAATCGACTTCTGAATTTCGTAGTAGCTCTTGTAGGTGGTGTAGTTGGCGAGGACGTCGAGGATGAACCCCTCCTCGATGGCCTGCTTCATGGAGTAGAGGTGGAACGGCACGAACTTCCCCTCCGCCGTTTCCTCCCCGAACCGTTCCAGGGTGGCGTTCTTTGGGGTGGCGGTGAAAGCGAAGTATGAGGCGTTGTCCCGCATCTTACGCTTCTTCATGATCTCCAGGATTGCGTCCTGCACCTCGTCCTCGTCGGCCCCCAGGGTCCGGTTAAGGTTGTCGGCCGCAGAGCCGCTCTGGGAACTGTGGGCCTCGTCGATGATGACGGCGAAGCGCTTGTCGGAGAGATCGGCGATGCCGTCGACGATGAAGGGGAACTTCTGGATGGTGGTGATGATCACTTTCTTGCCGCTCTCCAGGGCCAGCTTCAACTCCTGGGAACTGGTTGCGTGGGCGACGATGTTCTTCACCTCGGAGAACTGCTTGATGTTGTTCTTCAGCTGCTTGTCCAACACCTTGCGGTCGGTGACCACCACCACCGAATCGAAGACCGGCTTGTTCCCCTCCTTGGTGTACACCTCTATCAGTTGATAGGCGGTCCAGGTTATGGAGTTTGATTTCCCTGAGCCCGCGGAGTGCTGGATCAGGTAGGTCTGTCCCACGCCGCGCTGCCGGACATCGGTAAGCAGGTTGCGCACAACCTCCAGTTGATGATAACGGGGGAAGTAGAGGGTCTTCTTCTTGAGCGGGTCGCTCTCCTTCTCCCCCACCAGCTTGGCGAAGTGTTCGATGATGTTGGCGAGGCTCTGCCGGGTGAGAATCTCCTGCCAGAGATAGCTCGTTTTATGACCTGCCGGATTCGGTGGGTTTCCCTTGCCGTGGTTGTACCCCTTGTTGAAGGGCAGAAAATTGGTCTTCTTCCCATCCAGGCGGGTGGTCATGTAGACGTCGTCTGTATCGACGGCGAAGTGCACCAGGCAGCGGCCAAACTGCAATAGCGGCTCGTTGGGGTCGCGGTCTTCCCGGTACTGCTTCATGGCGTGGTAGGTCGACTGCCCGGTCCAGGCGTTCTTCAGCTCGAATGTCGCCACGGCAATGCCGTTAATGAAAATCACCATGTCGATGGATTTGAGGGGATCGGCCTGGGAGTAGTGGACCTGCCTCGTTACCGAGAAGATATTCTGCTCAAACAGTTTAGCGACTTCAGGGTTTATGGTGTTGTATGGCTGGCAGTAGAGAAGGGTCAGGTGTGCATCGTCGATCCGAAGGCCACCCTTGAGGACCTTGAGGATGCCGTCCTTCTCGATTTTCCTGCTCAGGCGCTCCAAAATCAGCCGCTGCCAGTTGGGCCGATCCTTGATCTTGGCCAGTTCTTCGGCCTGGGTCCCTTCGAGGAAGTTCCAGAAGTGGCGGCGGTCGATGGTGAACTCACGGTCGAAGTCGCCCGAATCCCCCAGCCAGTACAGGTGGCCGCTGCGATACTGCTCGTTGGCTTCGGCAACACTCAACCCATCGAGCTTTAACTGTCCGCGGCAGGTCCCGGTCAGGGCTTTTTCGATACAGGCTTCCAGTGCTTGCTCGTTGGTTTTAGTAACCATGGCCCTTGTCCTTAGATTTTGATTTTGCCAGTGACGGCCTCGGCGATAAGTATCTTTTTGATTTCATCTAGACGTTGACTCTGTTCATTGACGACTGAAATGGCCAGGTCAAAGTGTCCATCAATGTTTTTGATGTAAGA
CP071382.1_gap93	3266801	3269755	2954	CTATTTTTATGGCCATCTAAATGGTTAATATTTGCTTGTTCCACGATTGACCTCATTTTATCTGGTGCATAGGTAGCAAGAACTTTCAATGCAATTTCAGACTTACTTCGAATCGACAAGATATTTTTAAACTTGAACAGTAAATCGTCCTCCATCATGCTTTTCATCTGCGGATCTTTTGCTTTACCAATGAGATATGATATTGACCTACAACTTACCTCTGGCTGCTCCCTTTTTATGTTCTTACTCATAAGCTGCCTCGCCATGCCACTCATATAATGAAATAATATTAGTAGCGATATTATAAGGTTTTTCAGTAACGTCAACCAATGGTATAATAGCCTCGATCTTCTTATCTAACTTATTAAGAAGCGAGCAAATTCCAACTATAGTACTTCCAGTTACTGACAAATCATCTATCACTACACATCTTTTTACAGATGGTGTAGCAAGTTTTGCATACCATTCTGCAGAATAATCATCCTGCTCAAGTTCTTTTGATCCTTTTGAAAATCTATCAATGACCGTACGTGGCACACAAATGACATCTTTTGATAGTAATAGTTCTAAGTACATTGAAAACACGGAAGAGGCTTTTTCGTTGTCGGGGCAGATTAATGAAACATCCATGTAAAGATTAAGTTTGGCAAAAATCTGAGCTATACGAGTTGCGATAAACCCACCATTTTTTGTTAAAATCCCGTATGTTCCTATACATGTTTCGATTTTATCTCTATAATCAGGAGGATTTTCTTCATTTACTAGCCCGGCTTCAGCAGCCATCTGCCAAAAATCAATACTGCGCATTGGCCCAGTTAGGGATAAAGATTCTAACTGATCGAAAGGTATCCCGAGGTCACAAAGATAGCAGCTGTCTTTTGGAAGCATTTCTATTTCAGCTTTAACCAAATACTCTATTTCCAATCTATGCTTTCCCTGTCGGTCTATAAAGCGTTTCCCATTTGAATTTGGATTTTCATCTGTTGCTACAATTGAAATGATTCTTTCAGGATCTTTAATGACATTTTCAAGCCTATCAACTAAAGTTTGCCCGCTATCTATAAAATCAAGAATCAAGATGTATCTATCGACTGAATCGTCAATTTCTTCTTGTGACAAATCTATGATTTTGCAATCCAATCTAGACTTCAAAGACAGTATACTGTTTACCAGCCATGGTGAAAGCTTAGATTCATAACAAAGCGCACTGCTATTATTGATTTGATCGACTAATTCTACGTATAAATAATCTGCAATTTCTTTTTCACAATACTTCCCATCGTAAAAGTGCCTGACACACCTTGGCTCGTCACCTCGCATCTTCCGAAAATGCCCTAAGTGTCTAACCATTTTACGAGCAACGGAATGTCTTGAATGATTTTTAGACAAAATTCTTTTTTTGATAAAATCAGTTTGAAATGAGAATGAACTATCATTGCACTCCCCATTTTTATCAATCACAACAACATTGCATATGTTCATGAGGTTTTGTACATATCTATATGCTTGATCAGTCTCAGGTATTAGATTATCCAATATAAAAACAACTTTACTAGGTACTGTCGAGTCCAGAGTTCTCAATTTTGCCTCTACACCAGATAGTACGTGTATAAGTAAATGCATACGCAATTGAGATATTTTACGAACCTCAACATCGATAATTAACATGTCATCACTTGTTAGATTATCAATTTGATCTAAAGCTTTCTGAATAAAAATATACGCGTTTCTCCCCCCATCTACATGAATTTCTTCGTTTGTTATCGGTATAGTTCTTTGCGTCTGCACTGAAATCCTATTTTCAGGCGCACCACCCAGGCAAGATGAAAACCACTTGAAGAATTTCTCCTCTTCTGGGCTAATTATTTCAGATGAGGTGCTACCAACGCGTAATTGAATTACATGAGAAGTCATCATCACCCCTCCAGCGGCAAGCGAACAGTAACCATATTTCCATTCAATTTTGGTACTAGTTTGCCGTAGTCTGTAATCGAAATCAAATATCGGGCATCATCTCCGTTATGTTTTGTTACATTTGCAAATAAATGTCCCATTCTAAAAGAAACGCTCCCGCCAAAAACTTCACAGGCACAATTGAGTAGCGCCACTAGCCCCATTCCTGGTGTTGTTCCCATTTGCTCATCTGGCATATAATAACAGCTTCTCGATAAGTCTCTACTTACTCCTGGGAATAGACATGCAATAAATAAAAGATATTCCGTATCTAGGGTATTAATGTCGACATCTGTATCGATGTATCGATAAGTTATGTCATCATTACTCTTAATCTTTAGCTTAATTCTAAAATGGGTATCAGCTGAAATAGAATCTCTTATCTCCTTATTCGCAACGATTGCGGCCTTTAATGTTTCATTCATAGCAAGCCCATCATCTAAAAAGTTAATAGTTAAGAAGCTACCTCCTTTATACCTATCATCGCAATGCGATGCTGCTGCTATATAACTTGCGCAAGGGTGACGCAATGCATTTGTCATAGCCTCGTAAACAATACGAGCAGGGACATAATCGGAAGAATTTTTTTCTTTTAATTTTTCGCCAAGAAATCTGCTGATCAAATCACCTTTCCATCTTTCTGACTCTTTATGCAATACCGACATATTTGCATTATGACTATCCGACACGTTATAAGTGTTTATTGAAAAAAATCTATTATTTATCAAGTGATTAATTTCTTTTGAAAGGCTTTTATAATAATAGTCGCTATCTGAGTTGTTTTCTCCAAAATACTTCTTGTCTTCTTCACAGCAAAAGTACGTAAAATGACGTCCAGTACAATCATATAATGCTTGCGGAAATTTCCATAACCTTAAAAAATCCCTGACTTTTTTTAATTTTGGCAGGATTAATTTAGTATCAAGGCCCATATTATTTCTAGAACATATTATCCATAACAATCTAATCAATGCTGTAACTTCAATATAAATTGTTTCAGA
CP071382.1_gap94	3309228	3312314	3086	ACCTTCGTTTTTCCCCTTTGGGTTTCTATTCCTTTGCAGACCGAAACAGGCGCATCAAGATCCATCGGTGAGTGGATGAACACATGGGAATAACCCCATATGCTGAAGGTGCATTCACGGTTGCGAACCATAGAGCGCCATTTCTCAGGCTCAAAACTGCCGGGCTCTCCCTGGCCAAGGGTGCCAGTGGTGCGCGAAAGGATCATATCAGAGATGCGGGCCAACCAAACCTGCTGGTCGAAAGGACTTGGTTCGGGAATGAGTGCCTCGGATATCTGGATTAAGGTGTCGGAGAGCTGCTTCTCGGAAGTCCTGGCCGCAGCTGATACTCCCTCGTAAGTGACGAACTTGGCTTCAGTAACGATTATGTCCAAATGCGGAGTCCCGTCTGGCTGCCACTTGGGAGCCAGAACAAGGAGGTCGGCAATATTGGTTCCTTCTTTTTTCCCAAGCCAATTACTGAAATCATCGAGGAAGCACCATGCAGCGGCACGATCGTAACCCAACTCAGACTGAATAAGATAACGGGAGAGGACCATGCCGAATAGTTCATTTGTGTTGTTCGCACGCCTGGCAGCCTTTAGAACGAGTCCACCGGAGATACCGTTGGCGTCGTCCAGCAGGCGTTTTACCAGCGACTGTATAACAGCATCCGTTGTGTCGAAAGGCAAGATGGTCCGAAGTCTTTCCTTGAGGGTGTTAACAAGGAGTGTGTCTCTTGCTTTGGATGAAATGATGAGGTTGCGTCCCTGCGTGGTGCTTTGAATGTAACGGATTACCTTTACCTGCTTCTGCTCAAGAAGACGTCGATCAAGAAGTTCGTCCTGATTGACGACCCAAACCGCCAGGTCATGTGTCTCGCGCAGAATACGATCGACCCCATGATTGTCGAAATTGAGTGTGCGCATGGGAACCGGACACTGCATATTCGCCCATGCAATGTCAGCACCGTTGGTGCACATTGAAGCAATTGCGTGGAGGTAAGACCAACCAGTTTCCGTGTGAGCTGGACAACAGAGCAGCACCCGAACAATTCGGTCTCCTTCGCGAAAGGGGCGCAGCCTGTTCCATTGGTGTGGGCGATGATTGACAGGCGGTACAGTGTGCCGATCACGATCGATCCATACCCACTCTGTTTTTGCCTCAGCGGAAAGCAAGTCTCTGCAGTATGCGATATCCACCGGTTGTGAGCGGCCTTCGCGCCTCAAACGGCTTGCCGCGGCGATATTGATGCGCACCTTTGAAAGGAAATCACCGGTAGTTTCGACGGAATCTTCTGTGTCGTTATCAGATCTGGCAACGAGATCGCGATATAGATGTCGCAGGTGAGTTTCGTCATGGTGCATAAGTAACACATGACAGGTTACCGCCCCATCCTTTGATTCTCGATTCAATTTATTGAGGCATTCAACCAGTGTGCTGGGCAGTTCAGGAGAATCGCAATTGTACAGCAACACAGACAAGTTATCCCGCTCATGAGGTTGGAGCCTCAGATATTCCTGGATCTCCCCCAAGATCGTTTTGGCTGATTCCGCCGCATTATCTTCGAGGGAACGGCTTGCAACTCCAAGATCAACCGGCTCATGCAAGGTGTAAGCACCGATGGACTGGGTTGCTACACGCATGAGCGGTTCCATGTTTTCCCAGCATACGGCAATCTCGGGCTCAAGGGGATAGTTCAACATCTCCCGCATTTCACGAAAGAACAGGGTACCGGCAGTACCGTCGGAAAAAACAATCTCTCTCTCTGTGAGCAACCCAGTGATTGTGTCTAATAACTGTTCATTCCTGGCGGCTGCTGCTTCCATACGGACTGGGTGCCATGGGCAGACAACCGCCACTTTTGGCCTGTGGCCAGACTCAGCCACGGTTACCGTGCCAATTCGAAGGACGGTCCGGAGTATCCGGTAACGAATATTCTCATTCGGTACTGTACGGATCAGAGATAGCAGGCCGCGGTAAGCAGCGGCCGTCCCTGTAGCATACTTCCGTTCGAGAGCGTCATAAGCAAGGGACTCTACTGCGCTACCATAGACATTGTTGAAATCAGAAAACGCTGTTCGCAACCCCTTTGCGATCTCTTCAGGGAGGGACCGGTTACTTTCTGACTGATCGATAATAGTAGTGAACTCGGCGGCTAAAGAATTAATCCTCGTCTGTGCTGGAATAAACCTGCCACGGCCTGACGCTCCGGGAGGTGAGGCGAATCCCTGAACCGAGTTGAGAGACAGCATCAATGGGATACCTTTCCTCCCTACGGTCTCATAATTCGCAAGCCCTTCCGCAAACGCTGTCCGAGTCCTCTTCTGATAGCGACAGAGAGCATCCAGATCTGCTCCCTCCTGAGCGAGGACGGAATCCTTCGGAAACATCCATATCAGAGGAAGAGTGGCAACACGCGTTTCATTGCCACCCAGCCTCTCAAATAGGGTTACCTGGAATTCAAAACTATTGGGGGTAGTCCGGCCGCCAGCTTTTCTTGTTTTCGGAGCACTATCAAGCTTCGGACGGACCTCCGAGGAGTAAACGGGAAGATTCGTTTTCTCAAACCGTATCAGTTGCTTCGAATGCTCTGGCAACTTTCCATAGTGACGCTCAAAATACTCACATGCTTGGCGATTGGCTGAGGCAAAGTGCAACGGCTTTTGCTGACGGACTCCCTGGATAACCAGCCACGCGGCCTGATCGGGCGTACGGAGCCGCAACGTTCTTTGAAGACAATCAAGTATCCCTTCAAAAAGGTCGGAGCAGATAATCCGCTGACCGTAGACAAAATCCTCCCAGTCGAAAAGCAACTTGGGGTCATGCGAAATGTCGTCGGAGTAGGTTTCGAAAAATTCACGGTATTCGTCGGTGGCCCCTCCGCTTTTCCGAGGGTTTTGTTCGAGAGCCTTCAGGACGGCTTCATCGTCATCAGTTGGAGTGATGCCACAGACTTCAAGGATTTTGCGGGTTTTTTCAACAAATGACCGGGATGTGGTTTTCCGTTGTTTATCAAAACAGTTACGGACTATCGACCAGTCGTGCCCGAAAAGAAAAGTTTCGGTAGCTTGGCTGCGAGTACCCTCCGCTTCAATGTAAACGGC
CP071382.1_gap95	3318190	3321093	2903	GAGAAAGAACTTCACGGGCGTGCCGTACATATTCTGGAAGTGAAACTGCAAATGACACTAATGGACGAATCACAGTTAAAACATCCGGGCGTTGAGTTGTATCCGCTCCAAACGCCCTACTCAACTGATCGTACACCGCTAAACGAACCCCACTAACAGAGCAGTGTTGAAGGGCAAACATCTCGGGCTCTTTATTTAGCCGTTGGAATTGTTCACCACCAACCTTGAGGAGGAAAGTGCCATCTTCATATACTGATGTTTCTTCCCAATGCCCTGCGAGGTAAACCGCTACCAAAAGTGGCAGAAGACCGTCCCGAACCCCTAAGGGAGAGCGACGAAGTTCATCATAAATTCTGTCCACTGAAACAGTATCCAAGTCGGCCTTCAGCAGCAAATCATGGATGCATTTAAGGCTTGGCGCAAGTCGGCAAGGATCTTCGTCCAGCTCAGAATAGGAAACGAATCGCCATGAATTACCATCCTGAATATGAAGTTTCCCTTCCTTGAGTACGGACAAGTAAATAGCCAACTCCGGTGGATTTCGATCACTATTAAAACCAAGACATTCTTCAGTCGAATGAGTTGCAACGGCTTCAATCAGAAGAGTTCGAGCACGAGATGCTGCCGAACTTGTCACCCGGCGATTGATAAGTTCGTTCTGCACAATCGGACAGTCTGGGTAAAGTTCATCGCACACAACGCTCAGATAGCCGGCAATACCGCGATGTTCTTCTACCTGAATTTCTCTCCCGTTATGAAACCACTGAATTGGACGTTCACGATCAACAACAAAATCAGCCAAGAACTCCAATTCCCGACGAAGTGCAGCTTTCAGGAGCTCAATTTCTTCGCGCACGTATTCGAGCGCAAATTGATCAAACGAGAGTTCCCTGGCATTCTTACGAACCCACTCCCAACGTTTTAGTTCTGAAAGAACATGAGAGATACCAGCGACGGGCACGCTTATCCCACTTATCACATGCCTCGGTAACGTTTGAACTTTCGTCGACTCGATTGCTGATCGTTGCTCCTCTAAGGAAAAGGGAACCACAACAACTATCGTTCCATCTCCCGACGGTTGTTCTGCAGCCTGCTTTAATGCCTCCTCAGCATCCTTTGCATGAACGTAGTGGACTGAAAAATGTCGCAAATTCCCAGTCTTGACATAATGTCGCCGTGCAACCAAGTGCTTTTCTGGGAGATATTCCAAAAGGGCAGATGGGTGAGATTCTCTTCCACCCAATGCTTCTTCAGCCTGTCGAAGTAATTCCTCAAGATTTGCGCTGGTGTGTGGCCATAACGAAAGGCCTCTTGCCGTTCCTCGCTCATGTAGCAACCGCAATTCTGACACAAGGCGTTCTATGGTATCGACAGACTCTGGTCCGGACTCAGAAGCCAGCAGGATTTCACGCGTCGAAGGAAGTGCTGGATCATCAATCATGTTCAAGATCGCAGCACTTTTAAGAAGCCTTTCAGCCGTCTCCCCATATCCTGCACTCTTATCCACCACGGACTCGGCGATATCCCAACGCGCGCGAGCTGGTCCGGCGCCTAGTTGCGAAAGATTGGTTTTGAAGTAATCATAGAGGTCTGAAATCCGGTACAAATTCCCATCAATACTGACCCGATCTGCGAATGCCCTGAGACCAAACGGTTCAAAAGAAGTTAGAAAGCTTACTATAGAACGCTCGTTCTGACCGAACTTCCGAAGCAGTGCTATCAAGACTGGCAGTACAACTGGATTCAATGGAAACAGGCGGGGGGCCAGGGAGATAAGATATTCTTTAGCAGCAAGTGAACCATACAGGCCGCAATCAACAGCCTGTTGCATCACTTCTCGCATCAGGCCATGGATCTTTTTAGGTAAAAGATCCTCTTGAATCCCCAGGGTTTCAGCAAGAAGAACTGCAGTCTGCTCTACCGGCTGGGCAAAAACGATTTCCTCGAAACGACCGGCAACTTTGTCCCATTCTTTCTTGGCGACCGCATCGGCCGCCGCCGAATACGAAGCGAATCCTTGATGCAGCAATGCAAGCACCATTAATGGCTTTCCATTGCTTCGAACCGCCTTCTCTCCAAGACGTTGCAGCAAAAAAACGTCATCATCGTCTGGATGTTGCGCAGCATATCGAAGATTCTGCCCCAACTCGTCCAGAACCAGCAGCAATCCGTCCCCAATCTTCTTGGCTCGAATTCGGTCACCCAGCCGGTCCAAGAGCTTCAGAACCTCGTCGTTAGTGCTGGCAGAAGACAAAATATCACTCTTACCAAAGACTCTAGTTTCAGTTTCGCTAATTCCTCGCAGGATACAGGTCCGTAGTGGCTCTAAGTCACCCGTAACCAAAATTGGCTCCAGTTTAACTCGTTCACCCATCCAGTTCTGAAGATCCAATGGGAGTCTTTCGTCATGGCCTGCCGCAACACGTGCCAATGCCAGTGCAAAGCTGGACTTTCCCGTTCCATAGTCGCCAGTCAGACGCCAAGCGCGCTGGGAAGAAGCAGGCTGGAGACCGCTCGATACTCTCTGAAGAGTTTCACGGACCAAATTAGTCACGACATAATGTTCACTGGACCGGGGATCGTCATAATCCTCGGCCACATCTACGGAACGAAGGAAAGCTGGTCGGACCTGGAAAAGGCTTGAAACACACTGCAAATCCATCAAGCCTCCCTCATATAAGCATCTTCCAAGAGCATCTTGATGTCACTCGATGGTTGCAGCCGGCGTACAATTCTTTGGTTTGCACCTTCCAACACTGCAAACTCCTTTGGCCTATTCTGAGCTAATAGAACGAGGCGATCTCGAACTTCCGCCTCTGGCATCCGAAACACGCGGCCAGGGCTACATTTTCCAAAAGCAACGTCAGAGAACAATACTGTCTTCTCGTCTCTCACATACCGAT
CP071382.1_gap96	3336812	3337429	617	CTCCCACCAGGAGTGCATGGCCAGATCAAAAGTGCCGTTATGCACCGGCAGCAGGAGTTTACCATTCAGGTCCAGATGCGCCTGGATCGCCTCTTCCGGGTGCATATGGACTTCAGGCCAATTCTCGTTATACGCGCCGGTTTCCAGCATGGTGATATCAAAGGGGCCGTATTTGTCGCCGATCTGCCTGAAACCGTCGAAGTAGCCGGAATCGCCGCTGAAGAAAACACGCCGGTCACGGCCAAAGATTACCCATGATGCCCACTGGGTACGATTCCTGTCGAAGAAACCGCGCCCCGAGAAGTGTCGAGCTGGTGTGGCGGCACAACAGACACCGTCGATTTCAGTTTCCTGCCACCAGTCCAGTTGCCGCACCTTTGCCGACGGCACCCCCCAGTCAGCCAGAATGTCCCCCACCCCGAGCGGAGTCAGGAAATATTCTGTCTTCCCCTCTAGCTTCATGATTGAATCATGATCCAGATGGTCGTAATGGTCGTGGGAGATGATGACCCCCTTGATTGGTGGCAATTCTTCAATACTGACGGGTGGCGCGTGAAACCGCGCCGGTCCAGCGAACCGCAGCGGGGACGCGCGGTCCGAAAACATCGGATCAGTTA
CP071382.1_gap97	3526399	3527746	1347	CGGAACGAGAAAAGCCCCGCGCTCTTAGTTGAGCGCGGGGCTTTCAAAAAAATCCCGGCGGCGACCTACTTTCCCACACAGCTACCCATGCAGTATCATCGGCCCAGAGGGGCTTAACTTCCGTGTTCGGGATGGGAACGGGTGTGACCCCCTCGGCATAGCCACCGAGAAACCTTGTAAATATATCTTTCCAATCACACAAGCGAGAAGTTTTCAGGGTAAATATGGGGGGTGGTGTAACCACCCCCTTTAAAAAGTTCGGGAAATAATTATGATCAAGCCTCACGGCCGATTAGTACCGGTCAGCTGAACGCATTGCTGCGCTTACACACCCGGCCTATCAACGTTGTGGTCTACAACGGGCCTTCAGGGGATTGCTCCCGGGGATACCTAATCTTGAAGGAGGCTTCCCGCTTAGATGCTTTCAGCGGTTATCCTTTCCGTACATAGCTACCCAGCGACTGCTCCTGGCGGAACAACTGGAACACCAGAGGTACGTCCATCCCGGTCCTCTCGTACTAAGGACAGCTCTTCTCAAGTATCCTGCGCCCACGGCAGATAGGGACCAAACTGTCTCACGACGTTTTAAACCCAGCTCGCGTACCGCTTTAATTGGCGAACAGCCAAACCCTTGGGACCTACTTCAGCCCCAGGATGCGATGAGCCGACATCGAGGTGCCAAACCTCCCCGTCGATGTGAACTCTTGGGGGAGATCAGCCTGTTATCCCCGGAGTACCTTTTATCCGTTGAGCGACGGCCCTTCCATACAGAACCGCCGGATCACTAAGACCTACTTTCGTACCTGCTCGACTTGTCTGTCTCGCAGTCAAGCTCCCTTATGCCTTTGCACTCTACGGCTGGTTTCCAATCAGCCTGAGGGAACCTTCGCGCGCCTCCGTTACACTTTGGGAGGCGACCGCCCCAGTCAAACTACCCACCAGACAGTGTCCCCGACCCGGATGACGGGCCTAGGTTAGACATCCAAAACAACCAGGGTGGTATTTCAAGGTTGACTCCACCGAGACTAGCGTCCCAGCTTCATAGTCTCCCACCTATCCTACACAAGCTATTCCGAATGTCACTGTCAAGCTGTAGTAAAGGTTCACGGGGTCTTTCCGTCTTGCCGCGGGTACTCGGCATCTTCACCGAGAATTCAATTTCGCTGAGCCACTGGTTGAGACAGCGCGGAAATCGTTACGCCATTCGTGCAGGTCGGAACTTACCCGACAAGGAATTTCGCTACCTTAGGACCGTTATAGTTACGGCCGCCGTTTACCGGGGCTTCGGTTCAAAGCTTCGCTTGCGCTAACAAATCCCCTTAACCTTCCGGCACCGGGCAGGCGTCA
CP071382.1_gap98	3583198	3583698	500	ACATGGAGACCTCAAACATGGGGGAGTGGACGTTCCAGTTGAAGAGGACATAGGGGCCCCGCTGGGGCTGCCCCAGGTCCAGAAGCAACCCGACGCAGACCAGGGAGTAGCCGAGGAAGCCGGTGACGATGGCCGGCCGCACCAGGGGCTCCAGCTTCTTGATGTGGCAGACGTGGGCAACGACGCCGATGGTGAAGGCGCCGGCCGCCAGGGGCACGGCGGTGACCACGTCAAAGGATATCCATAGACCCCAGGGGTAGAGGTCGTTAAGGTTGGTGGTGGCCCCCAGGCCGAAGATGAAGCGTACGGCGGAAGCCAGGGCCGCCGCCCCCACGAGGACCATCAGAAACTTGATGAAGCGATGGTACCCCTTGATTTCATTCATGACGATGCGCGCCGCGGTCATTGGTTCCCCTCCTTGCGGTTCTGTTGTTCCTCTTCTTCCTTCCGTACCCGGTCCTTGCGGTGCTGGAACCAGGAGATGGCGGACAGGGTGCCGC
