gap_id	start	end	length	sequence
CP084704.1_gap1	46049	49158	3109	TGTCCGTATTGTGAAAGTGAAAAAAGCCTGCTTTGGTGAATTGGTGACGGAAGGCTAGCAGCATGGTTTGAAACAATTCGGTCAAAAAAAACTATTGACTCTATTAGCTTGCCATGAGGGGGGAGATAGAAAATTTGGCTAACAGCTTGGCGCTTAATTTCAGTAGTGTGTGTGGAAATTTTTTCGGAGCAAATCTTTGCATCCCTGAGCATCGCTATATAATTTTCAAGAGGTATTAATGGGGTGTAAAGTACAAACGGAGGTAGGTATCTTCGATTTAATGCACTTATATCGCATGTATTTGAAAGAATTAACACTGGTGCATGCTTGATTTCGTTTTCTGGTAGAAAAATAACCGGAAGTTGTTTTATTCCATCGCCTTGAAAGCAGTTATCTTCATGTATGTTAGTGTATAATCGATTATCAATATTGTCAGGAAACATTGATATGTCTTTAAATAGCTTCTCTCCAGTTGTAGGGCTTAGATATTTTGGCAAGTAGCACTTATAGTCCATAGGCCAATCCTATATCAATGACCAGTATTTCGCAGCTACTACACCTGCAATTTCTTCATCCAGTTCAACAATCGAGGTTTCCATTTTCTTGGTGAAACTCATGACTGAAGTTTCGCACCCTTTGATTTTGGCGCAAGATCTTTAAAAGTTAGCATTTAACTAGCGATGACCCCCTTGATTTGGTATACTTGAGTTAACACAAAACCAGTATCCAAGCCAAAGGAGGTCATCAATGGCAAAAGTTACCCTGAGTGATGAAAAACTGCAAGCGCGTCTTCTTGAACAGTTTGAGGTATTACAGATTTTGGGCACGCTGAATCTCCAGAGTCTGGCCAGGAAGTGTGGACTGCGCAAGCAGCAGGGCGAAGGTGGGGTGAAAGTCTTTATATCCCTTTTTATGGCAGTGTTTACCTCCAGCACGATAGCCCAGTTTGTGCGTAAAGCACAGGGTTCTGTATTTGGCCTGAAGAAGGACACTGCCTACCGCTATGCACAGCGCCAGTGCATTCACTGGCGCAAACTGCTTTTGTGTGTTGCCATGCGCGCTGTTGGTGTCCTGGGCAAATACTCCCCGGATAGTGGGCGCTATCTGACCATTGACGACTCCCAGCTGGAAAAGACTGGCAAGCGTATTGAGTACCTGAGCTGGATATTTGACAAGAGCAAGAAGCGCTCAACCATGGGTTTCGAAATACCGTGCCTGAGCTACACCGATGGCACTTCTACTATCCCTATGGACTTTGCCATCAAGTCTTCAGCGAACCGGGTCAGTGAGCATTTGGAGCCTGCTGATCTTGATGGGCGCTCGTATGCAGCAAAACGCCGCATGGAAGTGGGAATGAAGAAAACCGACCTGGTTCTGGAAATGCTGACAAGAGCCCGGAACCACGGAGTTGAGGCTGATGCGGTACTCTTTGACAGCTGGTACTGCTATCCCAAACTGGTGGGCAAGATTTACCACGAGATAGGCTACAACGTTTGCGCTCAGGTCAAAGCGACAAAGACGATCATGGTTACCTACCAAGGGAAGCCTTACGCAACAAAGCAGCTTTGGAATACGGTTGTTCCCGGCCTGCGCGCAAAAATCATCACCGTGCGCAATGTGGAGGTGGAAGTGCGCTCCATAAGGGCAGATTTCGGGAATACTCTGGTAAAGCTGGTGTTCTGCCGACCTGTAGATAAGCGCAGCCACTACAAGCCTATTATCCTGCTGAGCACCCTGACTCACCACAGCGAGCAGGAAGTGATAGACACCTATGCCAATCGCTGGTCCATAGAAACGCTTTTTAAGGAGCTTAAACACACCTGGGACTTTGGTAAAAGCCAGTGCCGCAACTTCGAATCAAATGTCTGCTTTATAACCATCAGTATGATCAGGAGCATCGTGTTTACTCTCATGCAGCGGCAAGAAGAAGACTATCGCTACAATAGAGCGTAAGACCTATGAGGATATCGCCTACCGCTATATAGCCTGCAACCACCACCCTGATCACGCCAGCATCTGCAACTTCCGCCGTCGCTTTCTGCGTGAAGTAGAGCAGTTGTTTGTGCAGGTTCTGTTAATTGCCCATCAGATGAGTGTGCTGAAGATAGGAGTAGTCAGTCTTGATGGCACGAAGATCAAGGCCAACGCATCCAAGCACCGCGCCATGAGCTATGGCTATGCCCAGAAGCTGGAAAAGCAGCTCCTGGAAGAGGTACAGACGCTCACCGGGATGGCAGAATCTGCTGATCGAAAGGATGTACCCGACGGCATGAGCCTTGACGAGGAGCTTTCCCATCGCAAAAAGCGCCTTGAGGGTATTGCAGATGCCAAAGCGGAAATTGAACGGCGGGCCAAGGAGCGTTACCAGCAGGAAAAGCGTGAATACGACGAGAAGGTAGCCAAACGCAAAGCCCATGAAGAGCGCACCGGCAAAAAGTGCCGTGGCAAGGAGCCTAAAGCCCCTTCAGAAGAGCCTCAGGAGAAAGATCAGGTGAATTTCACCGATGAGGAGTCCCGGATCATGCCCCAGTCTGGTGGCGGATTCGTACAAGCCTATAATGCCCAAGCTGCCGTAGATGCCAACAGCCACATGATCATTGCCTGCCACACGACACAAAAGCCCAATGATAAGCTGGAAATCAGCCCATCTGTGGAAAACCTGCGTAAACTCCCTGAAATACTTGGCCAACCAACCGCACTGCTGGCCGATGCCGGCTACTACAGCGAAGAGAACGTGAAAAAGTGCCACGAAGCCCACATGACCCCGCATATCAGCTTTAAGCGTGAAAAGCACAATCAGACCCTGGAAAAACGCATGGCGACAGCGCCCGCACCACCAGAGTGCGAAGAAACCAAAGACACGGCAGACCAATGGATGAAGTACCGCCTGCAGACCCTTGAGGGTAAAGAACTGTATGCCAAACGCAAGGGCATATCGGAAACCGTATTCGGTATCGTCAAGCAGGTGATGGGATTCCGTCAGTTTATGCTGCGCGGAATTGACAAGGTCAGTGGCGAATGGAATCTGGTGTGTACTGCGTGGAACATCCGCAGACTCCACGCACTGACACGGTAACAATGGGTGAGCCAGCGGGGTATATTGCCCAGA
CP084704.1_gap2	50315	51675	1360	TGGTCGCCGACGATATCGCCGCCGCGGATGGTCTGGATGCCGATCTCCTTTTTGGTGCGTTCACCGATCATGCCTTCTCGATGATACACGGCGTCGGTGGCCAGATCTCGCTTGAGGGTCTGAGCCAGTACCTGGGCCATTTTCATGGCGGTGCCGCTGGGGGCGTCTTTTTTGCGGTTGTGGTGGGCTTCCACCACTTCCACGTCGTAGTCGTCGCCAAAGATAGTGGCGGCCATTTCCAGCAGTTTCAGGGTCACGTTCACCCCGGTGCTCATGTTGGGGGCAAAGACGATGGGGATATGCTGAGCGGCGGCATTGATGGCTGCCTGGCCTTCGGCGCTGAGTCCGGTGGTGCCGATGACGAGGGGGATGCCGATTTTGGCCAGTCGGGGGGCGTTGCCGGCGGTGGCGTCGGCGTGGGTGAAGTCGATGACCACGTCAGCTTCGCTGAGGGCGGCTTCCAGGTCGTCGGTGATAACGATGCCATTGGTGCCGAATCCGGCGATTTCGCCGCTGTCCTTGCCCAGGTAGGGTGATGTGGGGGCGTCGATGGCGGCGGCGAGCTGGCAGTGGTCACTTTTTTCCACCAGGTTGAGTATGGTGGTTCCCATGCGCCCGGTAACGCCCATGATGGCTATTTTCAGCATATGTCTCTCCTGTGTTATGCGCGGATCAGTTCCAGGCGCGCCAGCTCTTTGGCGAGGATCTCCCGGTTGCCTGGGCTGAGGTTGGTCAGGGGCAGGCGAAATTCATCGGCACACTTACCCATCATGGCAACGGCGGTTTTGACGGGAATGGGATTGGCTTCCAGGTAGAGCAGGCGATTGAGGTGGAAGTAGCGGTCGTGGATTTCGCAGGCGGCGGCAAAGTCGCCCGCGAGGGCGAGGGCGGCCATCTGGCTCCATGGGCCGGGGATGATGTTGGATATGACGGATATGACGCCTCGTCCTCCCAGGGCCATCTGCCCAAGGGCGGTGAGGTCGTCGCCGGAGAGCAGGGTGATTTTGTCGCCACACAGGCGGCGGATCTCCGAGGCGACGATCATGCTGGAGGTGGCATCCTTGATGGCGACGATGTTGTCCAGTTCGGCGAGGCGGGCGACCGTTTCGGGCAGCAGGTCGACTCCGCAGCGTCCGGGGACGTTGTAGAGGACGATGGGAATGCCAATGCGATCCAGCTCACGGTAGTGCTGGTAGAGGCCTTCCTGGCTGGGCTTGTTGTAGTATGGCGTTACGGAGAGGGCGGCGTCGGCACCATCCTTGAGGGCGTGTTCGGTCAGGCTGATGGCTTCGGCGGTGGAGTTTGAGCCGGTTCCGGCGATGACGGGAACTCTTCCGGCTACTTGCTCAATGCAGACGCG
CP084704.1_gap3	53781	55875	2094	TTGCTATTGGACTTGACGGCAAAGCAGATCATGGCATTCAGGTTTGCAAAGGCCTGGGTGAAGACCTGGGCGTGACGCTCCAGAGTTCGCTGGGAGTAGACGTAAACCGGGGTGCCCACTTCCTGTGCTATGCGTGACAGGGGCACCTCTTCGCAGTGCAGTTCGCCATTGTGGTACGTAAAAAAGTCCATAGTTAAAACACCGTTCTAGGGGGTAGTTTGACATTTAATCCTTGGGATTATATAAGAAATCCGTTGGAAATGTCCAAAAAAAGTGGAGTCGCAGCAGTATGACAAAAATTGGTATTATCGGCGGCAGCGGGCTGTACCGAATGGATGCCCTGAAGAATGTCCAGGAAGTGGAGCTGGATACCCCCTATGGCCCCCCCAGCGATATCATTGTTCAGGGAACCCTGGGTGACGCAACCTTGTTTTTCTTGCCCCGTCACGGGCGTCAGCATCTCATCCCCCCCGGAGAAATCAATTTTCGGGCCAATATTTTTGCCATGAAACTTCTGGGTGTGGAGAAAATCATCAGTGTCAGCGCCGTCGGCAGTCTGCGCGAGCACATTGAGCCCGGCGATATGGTGCTGGTTGACCAGTTTATCGATTTCACCCGGGCAGATCGCCCCGCAACTTTTTTTGAAAAGGGAATTACCGGCCATGTCAGCATGGCGCAGCCAACCTGTCCCTGTCTGCGCGATGCCCTGAAGCAGGCCATTGGCTCTCTGGATGTGACCCTGCACAGCCATGGCACCTATATCTGCATGGAGGGGCCGCAGTTTTCCAGCCGCGCCGAAAGCCACATGTACCGAGCCTGGGGCGCCGACGTGGTGGGCATGACCAATATGCCCGAAGCCAAACTGGCCCGTGAGGCGGAGATCTGTTACGCCACCCTGGCCCTCTCCACCGACTACGACTGCTGGAAGGAAGACGAAGAACACGTCAGCGTGGAAATGGTTCTGGAGATCATGCACCGCAATGTGGAAAACGCCAAACAGGTACTGCAGGTGCTGGCAGCCAGAACCATAGATGCTGGCTGTCAATGCGGAAGCGCAGCGGCCAATGCCGTCATCACCCCCGCCGATGCCATTTCCCGCGAGTTGCGCGAAAAACTCTTTCCCCTGTACGGCAAGTACTGGCAATAAGGGGTTGGGAAGTTTCCTGCACTCTTTGGTTTTCAAAACGCTCTGTAACCATTCACGGCTACCCTGCGTTTTTTTCAGCAGGAGCGCCAGTATTCCGAGAGCGAGCCCGGATGGCGAGCGGCAGAGACGTTGGTCTTCGGACGAAAGTGAGCGTCTCTGGGAGGAATGCTGGCGCGAGTACCAAGCTGAAAAAGCCCCCGCCGAATGGCGGGGGCTTTTGTGCAGATGAAAATTCCGGGAGTATGCTCCTCAGTAAGAGTAGTACATGCTGAATTCCATGGGGTGCGGGCGCAGGGACAATGGCTTGATCTCATTGTTGCGCTTGTAGTCACACCAGATTTCGATGATGTCAGGTGTGAACACGTCGCCCTTGAGCAGGAACTCGTGATCTTCTTCCAGGGCTGCCAGGGACTCTTCCAGCGAGGCGGGCATGGAAGGAATGGTGGACAGTTCCACGGGATCCAGGTCGTAAATATTTTTGTCCAGAGGCTGGCCGGGATCAATTTTGTTTTCAATACCGTCAAGGCCGGCCATGAGCATAACGCTGAAGGCCAGGTAGGGGTTGGCAGTGGGGTCGGGGAAGCGGATTTCCACGCGGCGCGCCTTGGGCGAGTTCACGATGGGTATGCGAATGGCGGCAGAGCGGTTACGGGAGCTGTAGGCCAGCTTGTTGGGGGCTTCGAAGCCAGGCACCAGACGCTTGTAGGAGTTGGTGGTGGGGTTGGTGAAGGCGGCGATGGCCTTGGCGTGTTTGATGATGCCGCCCAGGTACCACAGGGCCTCCTGGCTCAGGCCAGCGTAGCCGGAACCACTGAAGAGGGGCTTGCCATCTTTCCACAGGGACTGGTGGCAGTGCATGCCGCTGCCGTTGTCGCCGTAGAGAGGTTTGGGCATGAAGGTGACAGTCTTGTTGTTCTTCACAGCCACGTTGCGCACTACATACTTGT
CP084704.1_gap4	132199	137140	4941	ATTCCATCATCTTCGGCCACGCCCTGGACGGCAACGTACACTTTGTCTTCACCCAGGACTTTGCCAAGGAAGAGCAGGTACGCCAGTACGACGCCCTGATGCAGGAAGTGTGCAACACGGTGACTGGCCAGTACGGCGGCTCCCTCAAGGCCGAGCACGGCACCGGGCGCAACATGGCTCCCTTTGTGGAAATGGAGTGGGGCAAACAGGCATACAGCTATATGCTGCGCATCAAGCAGACCTTTGACCCCCAGGGTATCCTCAACCCCGGTGTTATCATCAACGAAGACTCCCTGGCCCACCTCAAGGACCTCAAGCACCTGCCCGCCACCCATGAAATCATCGACAAGTGCATCGAGTGCGGATTCTGCGAAGTGAACTGCCCCTCCCGCAACCTGACCCTGACACCGCGCCAGCGCATCACCACTCAGCGCTATATCACCAGCCTGCGCGCCATCGGACAATCCGGCGAGCTGCTGAAGCGGGTGGAAGATGACTACCAGTATATGGGCGAAGCCACCTGCGCCGCCGACGGACTGTGTGCCACCACCTGCCCCGTGGCCATTGACACCGGCTCCCACACGAAAAACCTGCGCAGCACTCAGAACAAGACCATGGGCAGACGCATTGCCGGCCTGTGCGCCCGCAACTTCGCCCCCCTCACCAAGGGCATAGCTCTGGCCCTGGGCTTCTCCCACATTGCCCACCGCGTTCTCGGCAAATCCCTGCTGGGTGGACTAAGCCGCGCCGTGCGCAGCCTCAGTGGCGGGAAAATTCCCGCCTGGGATCCCTGGTTTCCCAAAGCGGCCTGGTTTCGCCCAGTCAATACGAAAAAAGTTGAAGCAACCCATGCTCCGAGAGTGAGCCAGGATGGCGAACGGCAGACACTTGAGCCAGGGAAGGAAGCGAACGTGTCTGGGAGGAGCATGGGTGACGAAGCGCCCAGGCAGGTCGTATACTTCCCCGCCTGCGTCAGCCGCAGCATGGGCCCCGCCCACGGCGACCTCGACCAGCGCAGCCTGACCGAAGCCATGCTCAGCCTGCTGGAAAAGGCGGGATACGAGGTGATTTATCCGGCAAACCTGGACGCTCTGTGTTGTGGAACTCCCTTTGAGAGTAAGGGTTTCATGGAAGAGGCCGATGCCAAGAGCAGCGAGCTGGAAAAGGCCCTGCTGGCAGTCAGCGACAGTGGACGTATTCCCGTGCTGTGCGACACCAGCCCCTGCCTCTATCGCATGCGTCGGGTCATGGATGCCCGACTGAAGTTGCTGGAGCCGGTGGAATTCATTCACGACCACCTGCTTGGGCACCTGAACATTGAGCCCCTGCCCGAAACCGTGGCCATTCACATTACCTGCAGCGCCACCAAGATGAACCTGCAGCCGAAATTCCAGGCCGTGGCAGCCGCCTGTGCCCGCAGCGTGGTTTCCCCCCCGGAAATCAAGTGCTGTGGCTTCGCCGGCGACCGCGGGTTCAACTACCCCGAGCTCAACGCCTCGGCCCTGGCGCCCCTGAAGGCAGCCCTGCCCGCGGACTGTAAGAGCGGATACTCCAACAGCCGTACCTGCGAAATCGGCCTGGCTCGCCACAGCGGCATCAGCTACCAGTCCATCGTCTATCTGGTGGATCGGGTGGCACGGCCTAGAAGCGATAGTTGAGGGAAGCTGTTATCAGCGTTTTTTCATAGCGGTAGAGGGGAATGTTGGAATCGTTCTCCAGATACTGCACCCTGCCATCCAGGGTGATGGCAGGCGTCAGCTCACGGGAGACACCCAGGTGAAACATCATCTGGGTGTCTTTGCGTTTCACCTCCTCGGTGACTTCGGGCAGCACGAGAGTCGCCTCGGCGTACTGAAGCTGGCGGTAGCTCATCCCCGCGCTGAGTGTGACGGCGCTCAGCCTGAAATCCTGTATGGCCCGCACTTCCCAGGCACTGTAGGAGTAGCGCTTCTGCGTGGCATCTTCCTGGAATATCCGCACGCCAAGGCTCAGGGCGTCTTCACGGGGCCCGTGCAGCATGCGCAGGGATTCATCAAGGGCCAGATACGTGCTGTCGCGGTCTGCGTCACGCATATCCCGGTTTTCCACGATCAGTGCCGAGGTGAGACTGAGCCGGGGGGAGAAGAGGTGAATATGCAGCGGCTCAATACCGGTAATGGTGCTGATGGTGCTGCCGCCATAGCTGATGTCCTCGTATTTGAGCAGCATCTGCCAGAGACTTCTTTCTCCCATACGCCAGGCGCCGCCGTGCAGGCGCAGGTAGCCAAGATCGTGGTCATCTTCGCTGAAATGCATTCTGGCGTGGTATTGACCGCCTACCGTGGCAACCCAGGTGCCCGGAGTGCCCAGGGGAATATCATATCCCAGGCTGGCCGTGGTCATGACACCACCGTCGCTGCGGGACATGGGATCCACATCGGAGTCCTGCTGGGGTTCGAAACGGTAGCCCTTCCACTCGAAGACGGAGCTGAGCCCGGAATTCACATTGGAGTCATGGAAGGCGCCCAGGGAGACGTTGCCGCTGAGGCGGTTACCCGGCTCGACTCCTGGCTGCCCGTCCATATCCCGCAGCATGCCTTCAATGTTGGCGCGAACCGCTGGTGGCGGGTCGTGGCGCAGAACCTCTTCGAACTGCTCCCGGGCTCGCTGAGGCTGATTCAGCGCCAGGTAGGCGCGGCCCATTTCCAGGCGCACCCGGTGGGCGTCGGGGTTGCGGGTCAGGACCCGCTCATAGGCAAAGAGGGCGTGGGGATAGCGGCCGGTGGCGTAGGAGGCCCGGCCGTAGTGGAAGCGGATATTGTCATCTTCGGGATACTCCCGCATCAGCTGCGAGGAGATGGCGTAGGCAACGTCATGGTCGCCACGTCGCGAGGCCTGCTGAAGCGAGTGCACCCGCTCTGCGCGACTGGGGAGATTGATGACGGGTACAGGGGCTGGGGTGGGCTCCGTGTCGACCGAGGCCACTTCATGGCCGGGTATGCTTTGGTAGATGCTGAGCAGCGCGGCGGCATGGGGGTGTCCCTGGGCGGCAGCCTTCCGATACCAGTACAGTGCCTGTTCGGTGCTCTGTCCGGTACCCACACCGTCATCGTACATGCGGCCCAGGCGATACTGGGCTGTCACATGGCCCAGCTCAGCGGCCTGTTCAAACCAGAAGAAGGCTTCATGGTCACTTTGCTCCACTCCCTTTCCCTGGAGGAAATTTTCCGCCAGGGCGGCCATGGCATAGGGTTCATTCTGGCGAGCTGCCCGTTCAAACCACCGGGAGGCCAGGCGGTCATCAGCGCTGGTTCCATGACCCATGGCATACAGGTAACCGGTATGGTACTGGGCAATGGCGTAGCCCTGGCGCGCGGATCTGAGATTCCAGGCGAAGGCCTGTTCATAGTCCTGGGGTATACCCTGACCGTGGTAGTAGAGAGCACCCAAAGCGGCCTGGGCTACCATGTGCCCCTGCCGGGCCAGGGGTTCAAGCTGGGTGTAGGCGCGGCTGTACTCACCACGTTCATAGGCGGAGAGGCCGGAAAAGAGATCGGCACCCTGCAGGGTCGCGGGTAGCAGCAGAATAATGCAGAAGGTCCAGGCCAGGGGTGTGCGCATATTCATTGTCGCTGGCCTTCAAAATTGCCGGTGGCGTGGGCGTCGGTGGGCGAGGTGCCGGAGCGCAGCTCCCAGACACCGCCGGTTCCCGCGCCGAAGCTCCCATAGGTTCCTCCGCGCAGCGATCCTTCCGTGACGCTGGCTCCGGGGAGAGTCACACTTTCAAACTGGTCAATGCTCAGGGTATAGGTGCCATGTGCGCTGAGGGTTCCGCGACCGCCGGTCATGGTGATGGCACCACCGTCAATGTCGGAAAAATTCACCTGGAAGTTGCGCACTTCGCCACTGCCGAAGTGGATCTGTCCCGAAAAGCTGCCGGTGGGAAGCTGCTGGTAGGTGATTTCACCCAGGGGGCTGTAGATGCCAAAGGCGCTTCCGGAGTAGGTGGCCACAATATTGTCATCGCGCATGCGGGTGATATCGGTTGCTGCAGTCAGGTTGCCCCGTACATCGTAGCGGCGCTGATCCAGCTGCTGGGAGGAACTCTCCCAGTATCCCCACTCCATGAAAGAGGCATTGTTGTAGCGGCTGTGCCCGGCAGCCTGCCAGGTCAGGTCACTGGTTCCAGTCTGCTGCTGGTGGCCCAGGGTCGCCCCTGAAGCGCCTGTGTGTCTGGAGATCAGACTGGCCTGAAAGCCGGTTTCAGAGGGTGTGGTGGCGTCTTCCAGGTCTGTTTCTGTCTGGGTTCGGGCGATATCCTGCAGATGAGAGCCCACGGAGCCTGCCTGTCCGCCACTGCTGCTGGAGAAGCCTGCTATCGCTGGCTGGCCGGGAATATCGTCTTCCTCGTAGAGCAGGAAGTCGGTGTCCTCCTGGGAGCCGCCCTGCAGAGTGCTTTCATCATCGCTTTCGGCAAGGGCGAATTCACTGTCCCCCTCGACCGCAGCTTCGTCATCGGCGCTGCTTCCCTCGTCAGCGGCCAAGGTCGCATCATCCTCTGCTGCCAGCTCGTCGTCTTCGCTGGAGGGTTCAGGGCCCTCGGCGGTGTCATCGAACTGCTGGTCATCGAAGTGGCTGAGGTCTGCGGCGGACTGCTGCAGGAGGTCGCTCATGGGGCCGAAAATCGATGCGTCGGGGGTGGAACTCACCGAAAACCCTGGGGGAACGTCAAAGTCTCCGTGGTCGTTGTGGTAGGTGATGGTTCCGCTCATGGCTCCGATTTCCTGGGAGCTGCCATCGGGGGTGATCTGTCCCACGATATCGGTGCCGCGGATACCGATGACGGCCAGGGGGGATTCCAGCTTGTGGTTTTCGGGGTTCTGTTCGGCAATACGGCCGGTGATATTGCGGAAGGCTCCCCGCTGCATGCGCAGCATCAGGTTGGAGTCCTGGGCGGTGGGG
CP084704.1_gap5	138844	140681	1837	TTTCCTCAATAAGCAGGGTTGCCGTCGCACTGCCATGGTAGTTGGCTTCAGTGATGGTGGCGACAACTTCGTAACTGCCGACGGCGCTGGGGGCTTCAGTACTTTCATCGTAGGTTACGGTATAGGTAAGGCCTGCAGGATCAGTGGCTACCGTGACGACCTTGGGATCGCCATCCCAGGTGTGGGTGAGACCTGAAAGACTGATGGTGGCTACAGCAGGTTCGACCACAAGGGTTTGGGAAACACTGGTGGCAGGTTCGTACATTCCGCTTCCTGCCTGGCTGACAGTGATCATTGCTTCGCCGGCACCAGCTATCACAAGCATTGAACCATCAATGACGGCCACCGCTTCATTGCTGCTTTCAAAGGCCACTGGCAAACCTGAAGAGGCCGTTGCCACCAGCTCGTAGGGGCCGGTGCCGTAGGCGATGGATCCGGGGAAGGCTTCAAAGGTAATGACTTGCGGTAACAGCGCGTTCAATCTTGGAAAGTGATAGGTGTAAACTCCGGAGTCTGTTCCGATAAACAAATGCTCACCGGTTGCAGAAAGGGCAGGCTTTGTGGGGAAAAAGCTGCTGAATGACGGGGATTCCATTCCCAGGTGAAGCAGGTTGTTATCTGTGATGTCGAAAACATGCAGGTCAATGGAGTTCTGGAAGTTATTCCGGATGGAGAAAAAGAGCCAGTTTCCGTTACTGGAAGCTGCCAGGGAGCCATAGACACTGGGGACATTGGTATGCTCTGCCACCAGAACAGGTGCGGCGGGGTTGCTGATGGAGTAGGAGAGTACATCGGTCAGTCGCCCATCCCCGCCCGTGTAGCGTTCCTTTGCCAGGAAGAGCTTCCCATTGCCCACCGCCAGGGGTGCAATGCCATCTGCTTCAACAAAGTCATTCAGTGTGCTGACACGCAGGGGCTCAGCCGGGTTACTGATGTCAAATATCTCCACATGGGAGTTGCTGCTGACGATCAGGGTATTGCCATCTTCGGTCAGCGATACCTGGATGGGAGAATTTTCGGTCAAGGAGAGTTGCCCGGTGGGGGATATGTTCAGGGGATCGGCAACATCCAGCAGTTGCACCCAGTTCTGATGATGGCCACCGGTCAGGGCAAGCTTTCCGCCTGCGATTGCCAGTCGTGCAGTTATCCCGCCGTTGGAATCCACTGTTGATCCATACCAGGAGCTGGGTGATGAGTCGATCATTCCATACCAGTCGACGGAGAGATTTTCCAGATCGAATACATGAACCCCATACTCATGGAAACCCTGATTATCATTGCTACTGGAAATGTAAACATGGCTGTTGCTGATCACCACATCCTTGGCGCGGGAGTACACGCCGAAGTGGTCGGAGGTGGTAGAGCCAAACTGATTCAGAGTGCCATCATTACTGACGTTATAAAAAATGATGTGGTCGGCATCACTCCCAAATGCATGGCCATCGGCAATGGCAACCAGGGTGTTGCCATCGGAGCTCATGGCGATGGCATAGAATTCCAGCTCATCTTCCTGTACTCCTGTAAAGCGGGGAGCCATGGAAATGTTCAATGGCACGGAAATCGTGCCTAAAACTGCATTATTCGTTTCGAAAAACAGGGTGTCAGCATAGTACCCCAGCAAATTCTCACCGGTGAATCGGATGGTTATGGAGCAACTCTGATCGATATTCAGCGTTGTCAGGCAGTTATGGGAAAGTATCTCGTACCAGGTGCCATCCTGAAAGCCCAGATCCTGTATGGTCACTGGGTTATCCAGAGGGTTGGTGAGAGTCAGGGTCGTTTGCTCGCCCGGCTCGTAAAAATGAAGCGCGCTCAACCCTGGCGGCAGCAAAGTCGC
CP084704.1_gap6	159576	164159	4583	CTGTGGCGGAATTGGTAGACGCACTGTCTTCAGGTGGCAGCGGCCACAAGCCGTGGGAGTTCGAGTCTCCCCAGCCCCACCACTTTTTCTCTTTTTCTCACCGCAATAATTGCTCTTCCCATAAGGATTATCGGTGTACCTTCGCTCCTCCCACTCGCCTGTGGAAATACTCTTTTCTTCTCTTGCCTCATCCGATATCAGTCACGGGTTTACCACTGCCCGAAACGGATTCAGTTCTGGTGCCTATGGCCGGGGGAACCTGTCGTGGCGTGTTGGCGATGATCCATCAGCGGTTCAGCGCAACTGGGATGGCCTGCTGGGCTCTCTGGGTATTGCTGCGATCTCCCTTCCGCTGCAGGTGCATGGCATTCATAGTGCCTATGTTGGCGCGCCCCTTGAGGGTGAAGTCATTGAAGCTGACGCCCTCTGGACCGATCAGCCCGGTGTTGCCATTGGAGTGCTGACGGCCGACTGCATGCCCATTCTTCTGGAACTGCGTGACCAGAGCGACCAGCTGATTGCCGTGGCCGCAGTGCATGCTGGCTGGAAAGGCGCGCTCGGCAATATTCTGGCAGCCTGCTTCGGGGAGGTGAGCCGCCAATGGCCCCAGGTGTATGCCCCGGCCTGTAAAGCCTTCCTCGGGCCGTCGATCTGTGGGAGTTGTTACGAAGTGGGTCAGGATCTGGCGGAAAAATTCTCGGCCAGTGGTTACGGGGGGGCGGTGCAGTGGCAAAATGGTAACTCTTTGCTTGATTTATGGAAAGTTGCCGTATTACAATTGTCGTCGTTGGGCTTTTTATCAGGTAATATAGATATTGCCGCAGAGTGTACCAAATGCTGTGCGGGATACTTCTCCTACCGACGGTGCTCCGATACCGGAAGGGAGCTTGCGTTTATATGGATGAAATAGCCCTTCGCTACACCCGTATCTGTGCCGAAATCCATGCCCTGAGCCAGCAGGCCGGGCAGGAATCTCCGGTGCTGGTGGCCGTATCCAAAACGTTTCCGGCCTCCGCAGTTTTGGAGGCCTATGGTGCAGGGTGTCGCGATTTTGGTGAAAATCGACTGCCGGAATTTCTGCAGAAAGTGCGGGAGCTTCCCCGGGACATTCGCTGGCACTTCGTGGGCCAGCTGCAAAGCCGCAAAGCGCGGGACGTGGTGGGCAAAGCGCACCTGATTCACTCCCTTGATCGCCTCTCCCTGGCAGAAGTTGTGGAAAAACAGGCTGCCAGCCTGAAGCTGGTGCAGGGCTGTCTGGTGCAGGTGAATATCGGCGACGAACCCCAGAAGGGTGGAGTGAAGCCCGCAGACCTCAGTGGATTTATCGGCCAGCTGCGCTCGTTCCCCCATATTGCGGTGCATGGACTGATGTGTATTCCCCCTGCCTCCGAAGACGCGACCCTGTACTTCCGTCAGATGAGGCAACTGCGACAGCGCATGCAGGAGGAGTTTCCCGGTCTGGGCGGCGAACTGTCCATGGGCATGAGTGACGACTATAGCCTGGCTGTCCGTGAGGGCAGTACTCTGGTAAGAATAGGATCAGCCATCTTTGGCCAGCGCGGATAACGACAGTTTCCCCGCTGCCAGGACGCTGTAAGGAGAGCATGTGTATCAGTATCAATACGGGTTTATCGGCTCCGGAAATATGGCAGAAGCCTTTGTGCGTGGAATTCTGCAGAAATCTGCGACGCAGCCGCAGCAGGTACTCTGCTGCGACATCGATCCCAGGCGCCTGGAAGCCCTCGCTCAGGCTTTTCCCGGCATCGCGACCACGAATGACCTGGCCGATATGAATGCCTGCCGCATACTCCTGCTCTGCGTGAAACCGGCGCAGATAGCAGCTGTCTGCGAAAAACTGCATGGCCTGCTGAGCTCAGAAGAACATATCCTGATCTCGGTGGCCGCCGGCATTCCCATGGCAGTGCTGCAGCGGCATTTGCCCGGCCGCAAGGTGGTGCGGGCCATGCCCAATACGCCTGCCCTGGTGGGAGCCGGTGCCACTGGCTACTGTGTTGACAGTACCCTGAGTGAGTCCAGGCGCCGGGAAGTCCAGGAACTTTTTGAGGCGGTGGGAGTCGCCTTTGAACTGGAAGAAAAGCAGCTTGATGTTGTCACCGCCCTTTCCGGCGGTGGACCGGCCTATATCTGCCTGGTGACTGAAGCTCTGGCCGACGCTGGCGTGCGCCTGGGGCTCAGCCGCTCCGTGGCCCAGGCCCTGGCGGCCCAGACACTTCTTGGAACCGGCTCCATGATTCTGCAGACGGGCGAGCATCCGGCGGTGCTGCGCGAAAAAGTTTGCAGTCCGGGGGGAACCACTATAGAAGGTATCTGTGCCCTGGAAATGGCCGCGGTACGCGGGGCGTTTGCCGAAGCAGTGGCTGCGGCATACGACAAGGCAAAACTCTTGGGAGAGGTTTATAATGGGTAGTGTTGGCGGAAGCTTTTTGATGACCTTGGTCAGTACCATCAGTTTTGTTATCAATATATATACCTGGATTCTCATCGCGCGGGTGTTCATGTCGTGGATCAATCCCGACCCCTATAATCCCGTGGTGCAGTTTATCTATCGCATAACCGAGCCGGTGCTGGAGCCGTTCAGGCGCATAATCCCGCCCCTTGGCGGCGTCGATCTTTCACCCATTGTGGTGTTTATTCTCATACGTTTCCTGGAGAACCTCATTCTGGGCTCTTTCCGAATGTACTAAGTGGAGGATTGGCATATGGAACCAGCAATTCCTGAATTTGAAACCTCGTTCCGGGGGTACGACAAGGAGCAGGTGGAGGCTTACATCACCGATCTCCAGGAGAAGATCATTCAGTTGAACCAGCAGAACAAGGAAATTCAGGAACGTCTCGACGCCATTGTCGGCGACGAGAAAATGCTGAAATCCACCCTTTTCCAGGCCCAGCGCTTCTCGGATAACGCAAAAAAAGAAGCTGAAGAGCACAAGAAAGCCATTCTCCAGGAGGCCAGCCAGCTCCAGAAGAAACTGCGCGATGAAATTGAGCAAAAGCGCCAGTTTATGGAGCAGGGCCTCCACGAGATGATGAACCGCTACAGCAGCGCCCTCAAGGAGCTGAAGTTTGTCTTTAACTCCGGCGTGGTCTTTACCGAGCAGATGGAGTCGAAGTTCAAGCGCCTGTGTACGGAGACAAAAACCGAGACCTCCCTGGAAGATGAAACCCGCTTTGCCTTGGTGGACAGCGATCTGTCGGCGGCAAAAGCCCAGGATGAAGACGTACTGCCCGACGACCTCTCGGCCGATCTCGACCGTGCCCTGGAAGCCATTGACGCCATTGAGGCCCTGGAAGAACTGGAGCAGACTGCCGTTTACGATCCGCCCGCCAGTGAAACCCCTTCCAATCCCATCTCCGCTTCCGATGAAGGCGAATACAGCGAAGAAGAGCTGGATCGCTTCCTGCGCTCCCTGCGAGACGGAGAGAATGAAAAAAGGTGATGGCCCGTCACTGACCCTGCAACTGAAAGTGCAACCCCGCAGCTCGCGAACCGAACTGCTGCGGGAAGCTGATGGACAACTGAAGCTGCGCCTGAACGCCCCTCCCGTTGATGGTGCAGCCAATCAGCAGGTAATCGAATTTTTCTCCCGGCTTCTGAGTATCCCCAAATCCCGCATATCCATAGTCCAGGGCCAGCAAAGCCGCCGCAAGGTCATTGCTTTGCTTGGTGTTGAGCCCGCCATCCTCGAAAAGGTACTGCCATGACGGAAACCCTGCGTTTTGACTCTTCCTCCAGCGAACTGCACCTCCTCGATCAGCGTATCCTGCCCCATGAAATTGCGTATATCCCCTGTCGAACCCACCGGGAAGTGGCTGACGCCATCACCACCATGGTCGTACGCGGAGCACCCGCCATCGGCGTGGCCGCAGCCTATGGCGTTTACCTGGGCGCCCTGGAGGTGCTCAAGAACCAGGAGAGCATCAGCCATACCATGGAGCAGGTCTTTGCCCTGCTGGCCGCTTCACGCCCAACGGCGGTCAACCTCTTCTGGGCCATAGAAAAGATGCGACGCGTCAGTGAACGCCATATGACCGCAGATCCGCAAATATGGCGACAGGCGCTTCTGGAGGAAGCGCTGCGCATACACGCCGATGACGTGGAATCGAACCGGCGCATGGGAGCGTACGGTGCGCCTTTGCTGCCCGCGGGTGGTGGAGTGCTGACCCACTGCAACGCCGGAGCGCTGGCCACCGCCGGCTATGGCACCGCCCTGGGTGTTATTCGCAGCGCGGTATCCGCAGGCCGTGGCATTCAGGTTTATGCCACCGAAACTCGACCTTTTCTGCAGGGAGCCCGCTTGACCGCCTTTGAGCTCCTGCAGGACAATATCCCCGTCACCCTGTTGTGCGACAACATGGTGGGCTCCCTGATGGCCCAGGGAAAAATTCAGGCCGTGGTGGTGGGAGCGGATCGCATTGCCGCCAATGGCGACACTGCCAACAAGATCGGAACCTACACCATTGCCATTGTCGCCAAAGAGCACGGTATCCCCGTGTATATCGCCGCTCCCTGTTCCACCATTGATCTGCAGATCGCCTCCGGCGATCAGATTGTCATCGAGCAG
CP084704.1_gap7	181620	185662	4042	AGGAGGCAGAAGGCAAATCCGGCAGTGCTGAGTGCGACAAGAGTCCAGCGGGCAATGGTGGTCATGGTGTGCGCTCCGGGTTCATGCTGAAGGTTGCGGGTTCAGGGGGAGTGATTTCCAGACCTGCCTGGGTCCAGGCGACAATGCCACCGGCCATGTTGAGAACATTGTCAAAGCCCTGTTGCTGCAGATAGCGGGTAAGCTGCCCCGTGCGATTGCCGGTGCGGCAGGTGAGGATGATAGTGCGATCACGGGGCAGCTGCTTCAGGTGGTGGGGGATAAGTCCCATGGGCAGGTGCATGGTGCCGGGAATATGGCCCTGGCGGCGCTCCCAGTCTTCGCGGATGTCGAGAACCAGTACATCATGCTGACTTTCGATCAGTGTGGCAGCCTCCATGACGCTGATGTCAGAAGCGCTGGCAGCTGTGGTTGCTGAGCAAAGCAGCACCCATCCGAAGAGAATACGCCTGAATCTGGAGATGGTCTGCATGTGCCTGATAACTCCGTGCCTGGTTCGCGTTGGGGGGTGGTGGGGAAAAGGCGCCCGCAGTCTGTACTGCGGGCGCCCTGTAATGGTGTTGCTGGGAAAAAACTCAGCGCAATGGCATATCCTTCAGGTAAGCGTTGTTCAGGTAGTGTTCCTGGAGAGGTTTGACATGCAGCTGGTCGTTTTTCTCCGCCTCAATGGCTGTTACGGCGGCTTTTGCGCCTTCCACGGTGGTGAAGTAGGGGACCTTGTAGGTCAGAACACTGCGACGGATGGACAGGGCATCGGCCTTGGTCTTTTCGCCGCCGGGGGTATTGAATACCAGGGCAATGCTGCCGTTGACAATCAGGTCGACAATGTTGGGGCGGCCTTCGTTCACCTTGTGCACGGGTGTCGCCTCAATTCCCTTGCTCTTGAGGTAGGCAGCTGTACCGCGGGTCGCGACAACCTTGAAGCCCAGAGCGATAAGCTTGCGGGCAATATCGGGAATATGTTCCTTGTCTTCATTGCGCACGCTGATAAACACTGTTCCCTTGAGGGGCAGGGTGCCGCCGGCACCGGACTGGGCTTTGGCAAAGGCGATACCGAATTCGGGGTCAATGCCCATGACTTCGCCGGTGGAGCGCATTTCCGGCCCCAGAATGGTGTCGACACCCGGGAATTTAATAAAGGGGAAGACCGACTCCTTGACGCTGAAGTACTCGGGTTCCACATCGCGGGTCAGGCCCAGCTCCGGCAGCTTGCGACCGGCCATGACCAGCGCCGCGATCTTGGCAAAGGGAATGCCGGTGGCCTTGGAGACAAAGGGTACCGTGCGGCTGGCGCGGGGATTGACTTCAATGAGATAAATCTCGCCGCCTTTGATGGCGAACTGGATATTCATCAGCCCGACTACCTTCAGCTCCAGGGCCAGCAGGCGGGTCTGACGGCGGATCTCTTCGCAGATTTCCGCAGAGAGGCTCTTGGGAGGCAGGGAGCAGGCTGAGTCGCCAGAGTGGATGCCCGCTTCCTCGATATGTTCCATGATGCCAGCCACGATGACGTTTTCGCCATCGCACACGGCGTCAACATCCACCTCGGTGGCGTGCTCCAGGAAGTGGTCAATGAGCACAGGATGCTCAGGCGAGGCCTTGACGGCCTTTTCCATATAGTTTTTCAGGGCGTCCACATTGTAGACGATCTCCATGGCCCGGCCACCCAGCACGTATGAAGGGCGTACCACCACAGGATAGCCAATGCGCTCGGCAATCTCCAGCGCCTGGGCTTCGCTGGTGGCAGTGGCGTTGGCAGGCTGCTTGAGCTCCAGCTTTTCCACCAGTTTTTTGAAGCGCTCGCGATCCTCGGCGCGGTCGATGGCGTCGGGGGATGTTCCCAGGATGGGCACATTGGCTTTTTCCAGGGCTACAGCCAGTTTCAGGGGTGTCTGGCCGCCGAACTGGATAATCAGGCCGTGGGGTTTCTCCTTTTCCACTATGGAGAGGATATCCTCACGGGTCACCGGTTCAAAGTAGAGGCGGTCGGAGGTATCATAGTCGGTGGAGACGGTTTCGGGGTTGCAGTTGACCATAATGGTTTCAAAGCCATCTTCACTGAGGGCGAAGGCGGCGTGGCAGCAGCAGTAGTCAAACTCGATGCCCTGGCCGATGCGGTTGGGTCCGCCGCCGATGATCATGATCTTCTTGCGGTCGGTGGGGGCTGCCTCGCACTCCTCTTCGTAGGTGCTGTAGAGGTAGGGCGTCTGGGCCTCAAACTCGGCACCACAGGTGTCGATGCGCTTAAAGACCGGGACAACGCCCTGATCTTTGCGCAGGCGCTCAATACTCTGTTCATCGGTGCTGGTGAGCTGGGCAATGCGACGGTCGCTGAAGCCCATCTCCTTGATCTGGCGCAGCAGGTCAGTGTTCAGGTCGCGGTAGGAGCCCAGATGAGCGATACGTTCATCCATTTCCACAATCTGGCGCAGCTCTTCCAGGAACCAGGGGTCGATATTGGTGATCTGGTGGATGCGCTCAATGGTAAAGCCGATACGGAAGGCGTCGCCGATGTACCAGACCCGCTCCCAGTTAGGAATGCGCAGCTTGTTTTCGATCAGCGCGATGGTATCGGAGTTGGGTTTTTTGATCTGCTCCTCGCTCAGGCGACTTTCAAAACCGTAGGAGTCGATTTCCAGACTGCGCAGCACCTTCTGAAAAGACTCCTTGAAGGTACGGCCAATACTCATGGCTTCACCCACACTCTTCATCTGAGTGGTCAGGGTGGCGTTGGCGTTGGGGAACTTTTCAAAAGTAAAGCGGGGGTATTTCACCACCACATAGTCGATGGTGGGTTCAAAACTGGCTGGGGTCTCCTTGGTGATGTCGTTGGGAATCTCATCCAGGGTGTAGCCAACAGCCAGCTTGGCGGCGATTTTGGCGATGGGGAAGCCGGTGGCCTTGGAGGCCAGAGCCGAGGAACGGCTGACCCGCGGATTCATTTCAATGATCACCAGGCGGCCATCATCGGGGTTGACGGCAAATTGCACGTTGGAGCCGCCGGTGTCGACGCCGATCTCGCGGATGACCTTGATGGTGGCATCGCGCATGAGCTGGTATTCTTTATCGGAAAGGGTCTGGGCAGGAGCCACGGTGATGGAATCGCCGGTGTGCACTCCCATGGGGTCGAAATTTTCGATGGAGCAGATGATGACCACGTTGTCGTTCTTGTCGCGCATGACCTCCATCTCGTACTCTTTCCAGCCGATGATGGACTCATCGATCAGAATTTCACGGGAAGGCGAAGCGTCCAGGCCGCTGGCGACGATCTCGTCAAACTCCTCCATGTTATAGGCAATACCGCCACCGGAACCACCCAGGGTGAATGAGGGGCGGATGATGGCGGGCAGGCCCATTTCACGGACGATTTTCCGGGCCTCCTCAAGGGAGTGGGCGTAGCCGCAGCGGGGCATTTCCAGGCCAATGCGGTTCATGGCCTCCTTGAACAGCTCGCGATCTTCGCCTTTCTGGATGGCCTTGAGGTTAGCGCCGATCATTTCCACATTATATTTTTTCAGAATACCCGTTTCCGCAACTTCCACCGCAGCGTTCAGGGCTGTCTGGCCACCCACTGTGGGCAGAATGGCGCAGGGGCGCTCTTTCTCTATGATTTTCTCGATAACACTGGCGGTAATAGGCTCGATATAGGTGGCATCGGCCATCTGGGCATCCGTCATGATGGTGGCGGGGTTGGAGTTGATCAGGACGACCTCATACCCCTCCTCCTTGAGCGCCTTGATCGCCTGGGTGCCGGAATAGTCAAATTCGCAGGCCTGACCGATGACAATAGGACCGGAGCCGATGACAAGAATCTTTTTTATATCAGTGCGTTTTGGCACAGCGCATCTCCTTGCACACAAATGTTAAAATTCGACCGTGAATCATAGCAAAGCTGCCGATAAAATAAAACATTGAAGCACGTCAAATGATAATTTGATTTGCTGGGGGGCATAAAGGAGCCTGTCAGTATTCCCTTGGCAGGCTGCTGAAAAACCCTCATCTGCGGTGTTGCCCGCCGTCGCGC
CP084704.1_gap8	357181	361280	4099	CTCTGTATCGTCGCCTGCCCAAGCGCGGCTTCAAAAACCCCTGTGGCAAGGAATATGCCATTGTGAATCTTTCACAGCTGAATTCCTTTGATGAGGGCACCGTTGTTGACCTGGACCTGCTGTGCAAGACCGGAGTGGTGAAAAGCTCCCTTGATGGCATTAAAGTTCTGGGGAATGGCGAACTGGAGAAGAAACTGGTCGTCAAGGCCGTGAAATTCAGCAAATCCGCCCGTGAAGCCATCGAGGCTAAAGGCGGTCAGGCCGAGGTTGTGTAGTGCTGGGAGCATTCAAGCACATTTTCACGCTGCCCGACCTGCGCAAGAAGGTACTGTTTACGCTGGGAGTCCTGGCAGTGTACCGTCTGGGTGCTCATATCCCCTTACCGGGGATTGACCCCCAGGCGCTGTCTGAGTTTTTCTCAGCCCAAAGCAGTGCCCTCCTGACGTTTTTCGACATGTTCAGTGGTGGCGCGCTCGGGAGGGTGACCCTCTTTGCCCTGGGAGTTATCCCCTATATCAGCGCCTCCATTGTGCTGCAGCTGATGACGGTAGTGGTTCCAGCCCTTGAGAAACTCAAGAAGGAACCCGATGGTCAGAAGAAAATCACCGAGTATACCCGCTATGCCACCGTGGTTCTGGCATTTGTACAGGGCTATGGCATAGGAATTGGACTGGAGGCCATGACCTCTCCCAGCGGCATGCCCATCGTCATGTATGGAGGCTTCAGCTTCCAGCTGATGACGGCGATCTCCCTGGCTGCGGGAACCACCTTCCTGATGTGGCTGGGTGAGCAGGTGACTGAACGTGGTGTTGGAAACGGGATTTCCCTGCTGATATTCGCTGGTATTGTGGCGGCTATCCCAGGCGCTATCGTACAGTCCTACACGCTTCTGCAGTCCGGCGAGATGAGCATATTCCTGGCCCTTGGGCTGGTATTTGCGGCACTGTTCATGACTGCCGCCATCGTATTCATCGAGCGTGGTCAGCGTAAAATACCCGTGGCCTATGCCAAGCGTATGGTCTCCGGGAAGGTTGTGGGTGGCAAAAACACCTACATCCCCCTGAAGGTCAACACCGCTGGTGTTATCCCGGTTATCTTTGCTTCCAGTATCATCGCTTTTCCCCTGACGTTTGGCGACATGCTGGAGCGGACGCCCAACGTGGAAATGTTCATGCAGCTGTTCTCTCCGGGAGGCTGGCTCTATACCGGACTGCTGGCGGCCTTCATTATCTTCTTCTGCTACTTCTATACGGCGATTATCTTTAATACCAAGGATGTTGCCGAGAACCTGCGCAAGAATGGCGGGTACATACCCTCAATCCGCCCGGGTGCAGAAACTTCCATGTACCTGGATAATGTGCTTTCGCGTCTGACCTTTGGCGGATCACTTTACCTGACTCTCGTGGCAGTGAGTCCAACTTTCCTGATCAAATACCTCAGCGTGCCCTTTTATTTCGGTGGAACGGCACTGCTGATCGTGGTCAGCGTCGGCATGGACACCATGAATCAAATAGAAGCCCATCTGCTCTCACGCAGCTATGACGGCTTCCTCACCAACAGATCGGGAGGCAGATAATGCGACTGATTCTTTTGGGAGCGCCGGGATCAGGCAAGGGCACTCAGGGCCCTCGCCTGGCAGACAAGCTCGCGATTCCCGTTATCTCGACAGGGGATATTCTGCGCGCTGCGGTAGCTGCGGGCAGTGAGTTGGGTGTACTTGCCAAGTCGTTCATGGATAAAGGTGAACTGGTGCCCGATGATGTGATCATCGGAATCGTGCGCGATCGCCTAGCCCTGGATGATGCGGCAAACGGATTCATCCTTGATGGTTTTCCCCGCACGGTTGTTCAGGCGCAGGCCTTGGACGAGATGCTGAAGAATGCATTCAGCGTGCGTATCGACCACGTCCTGAACCTTGAAGTTTCTGAAACGGAACTGGTGAGTCGCCTGGCTGGTCGCCGCGTCTGTTCCGGTTGCGGTGCGACCTACCATGTAGTCGCTGCTCCTTCCCGGGTGGAGGGAATATGCGATCAGTGTGGAGGCCATGTCGTGCAGCGGGACGATGACCGCGAAGAGACGGTGCGTAAACGCATGCAGGTCTTCCAGAGTCAGACGGAGCCGCTGATCGGTTACTATGGCGGCCATAATCTTCTGCGTACCATCCGTGCGACAGGCGATGTGGAACACATCTTCAGCGCTATCCTAACCGCCATTGGAAAATAGACTTGCATATGGCATTTGAATAGTGTACATATAGAACGTTTTGTTTCTGGTGCCGTTTTGGCGTGGCGATAATAGCGAAGCTCCTTTTGTGGAGCGCTTTAGCGACAATGACAGTCGCGCGGAGGAATTACCTGTGAGCAATAGAGGATGTTGATGGCGAAGGAAGGTGCGATAGAGGTTGAAGGCACGGTTGTGGAACCGCTGCCCAATGCGATGTTCCGGGTTGAACTGGAAAACGGGCATCGGGTACTGGCCCATATCTCTGGTAAGATGCGAATGCACTTTATCAAGATTCTTCCTGGCGACAAAGTGACTATAGAGCTCTCTCCCTATGATCTGACCCGTGGGAGAATTACGTATCGTTTTAAGTAGTATAGGAGTGGGATGCCATGAAGGTTAAGGCAAGTGTGAAGCCTTTGTGTGATAAGTGTAAGGTCATTAAACGCAAAGGCATCGTGAGGATTATCTGTGATAATCCCCGACATAAACAACGGCAAGGATAAGCTGGAGGTAGCATGGCGCGAGTTGCTGGTGTTGATTTACCAAAAAACAAACGTGTTGAGATTGGATTGACGTATATATACGGTGTTGGACGTTCCCGTTCCCGCCAGATTCTGGCCAATGTGTCCATCGACATGGACAAGAAGGTCGGCGAGCTGTCTGAAGATGAAGTGAATACCCTGCGTAAGGCCCTCGAAGAGTACGATGTCGAAGGTGATCTGCGCAAGAATGTCTCCCTTGATATCAAGCGCCTGAAGGATCTGGGTTGTTACCGTGGCCTGCGTCACCGTTCAGGCCTGCCTGTCAGAGGACAGAACACCAAGAACAACTCACGTACCCGCAAAGGTCCCAAGCGGACTGTGGGCAAGAAAAAGTAAGGAGTACGCTTTATGGCGAAGCCTCGGACCCGTAAAAGGGAAAAGAAAAATGTACCCAAGGGTGTAGTACACATAAAAGCTTCTTTCAACAATACCCTGATCACCATAACCGACCCTCAGGGGAATGCGGTTTCCTGGAACAGCGCTGGCTCCCAGGGCTTCAAGGGCTCCAAGAAATCCACACCCTTTGCCGCCCAGGTTGCTGCAGACGTGGCAGCCAAGGCAGCTGTTGACCATGGAATGAAAGAAGTTGAAGTGGAAGTACGCGGACCGGGATCCGGCCGTGAGTCATCCATCCGCGCACTGCAGGCTGCTGGTTTGAGGATCCTGTCCATCAAGGACGTGACACCTATTCCGCATAATGGCTGCAGGCCACCGAAACGTAGAAGAGTGTAAGGGGGAAGCATTGGCTCGATATACTGGCCCAGTCTGCCGCATGTGCCGACGGGAAAATCAAAAACTCTATCTGAAGGGGCTGCGTTGCGAAACCAGCAAATGTGCATTTGAGCGACGCGCCTACGCGCCGGGCAGCCATGGTCAACGCCGCGGAAAGCCCAGTGACTACGCCATTCAGCTGCGCGAAAAGCAAAAGGTTCGCCGCACCTACGGTCTGCTGGAAACACAATTCCGCCGTACCTTTGACAAAGCGGTTCGCATGAAGGGTGTTACCGGCAGCAATCTGCTGACCCTGCTGGAGCTGCGTTTCGATAACGTGGTGTATCGTCTTGGCCTCGGCGTCAGCCGCTCCCAGTCCCGCCAGCTGATCACACACGGTCACTTTCTGCTCAACGGCAAGAAAGCCAATATTCCCTCTATCCAGCTGCGTGCTGGTGACGTGATTTCGCTGCGTGAAAAGTCTGCCAATCTTGATGTGGTCAGAGGAAGCGTTGAAGCAGGTCCCAGCCGTACTGTTCCCCAGTGGCTGGAGTTTGATGCGGAAAAGCTTACCGGCAAAGTCAAGCAGCTGCCTGTACGCGAAGATGTCACAGAGCCTGTGA
CP084704.1_gap9	371786	372346	560	CTCGGAGTGGGAAACGCCGCTGCCCGCTGACATCAGCTGAATCTCTCCGGCTGGTATTACCGTATTGTGGCCCATGCTGTCGGCGTGGCGGAGGGCCCCTTGCAGCGGGATGGAAATGATTTCCATATTACGGTGGGGGTGGGTGTCAAAACCCTTGCCCGGAGCCACGATATCATCGTTGATCACACGCAGCAGGCCAAAGCCCATGCGCTCAGGATCGTGGTAGTCGGCAAAGCTGAAGGTATGCCTGCTCAGGAGCCAGCCATGGTCGGCAGTGCCCCGTGTTTCGGCGCGGTGGATCGTGATAGGTGCCATGATGTGTGCCTCCTGTGAAATTTCAGCTGTCTGGAGACACTATAGCAGTAATCAGGAATATGTTGAAATAGCCTCTGTCTCTTTCCTTGACAGTTCCCGGTGATGGGCGTATACGTTTCGTCAAATAACGAAATATCAAGGAGCCCCTGTGGAACAGACCCTGGACACCCTCAAAGCGCTTTCCGACGCCAGTCGCATGCGCGTTATCCTGGCGTTGTGCTCCCATGATGAGCTGTGCGCCTGCC
CP084704.1_gap10	440930	445769	4839	GATATTGCGGGGATGGCCAGCTTTCAGGGCGGGCTCGTGATTGTCAATGTGGAAGATGGGGTAGGAGACCCGCGTGTTTTCCGTCTTGGAGGCATCTTCATAGTTCACGATGCCGTCGTCGTCGTAGACCACGTTTTCCAGCAGGGCATCGCGTTTGATGGCCTGGTAGATTTCCGGTTCGCTGCCGGGATCGAGGTTGATGGTCTTGGCGTAGCAGCCGCCCTCGAAGTTGAAGATACCATCATCATCCCAGCCGTGCTCGTCGTCGCCGATGAGCCTGCGTGAAGCGTCGGTGGAGAGGGTCGTCTTGCCGGTGCCGGAGAGACCAAAGAAGAGGCAGACATCGCCTTCTGATCCAACATTGGCGGAGCAGTGCATGGAGAGTATATTTTCAAGGGGGAGCCAGTAGTTCATCATGGTGAAGACGCCTTTTTTCATCTCACCGCCGTACCAGGTTCCGCCAATAATAGCCACATTCTTTTCGATATTGAAGATGACAAAGACTTCAGAGTTCATTCCGTGCTCTTTCCAGCGCGGATTTACCACTTTGCAGGCATTGTAGATGGTAAATTCAGGGGCAAAGCTGCTGAGCTCGTCTTCGGTGGGGCGAATAAACATATTCTTGCAGAAGTGGGATTGCCAGGCGATTTCCGAGATGACGCGGATATTGCGGCGGGTTTTCTGGTTGGAGCCAACAAAGCCGTCGGTGACATAGACATCCTTGCCGGAGAGCTGGTTCGTTACCAGTTGGTAGAGCTCGTCAAAAACCTCAACGGCGACGGGCTTGTTGATGTTGCCCCAGGCGATATGCTGAGCTGATGGATCCTGCTTGACGAAATACTTGTCCTTGGGAGATCGTCCTGTGAACTTTCCCGTGTCCACCATCATGGTACCGTTGGAGGATACCCGACCTTCCCCGTTGTCTACTTCGTGTTTGAAAAGCTCCTCGTAGCCGAGGTTCCGGTAAATCTTCCCTACGCTCTTGAGGCCCAGGGAATCGGCGTCCAATGCATTGGCTGTCTTCATGGCACTGCCCCTTTGCATGATAATACTATAACATACTTTGCGTTATATGCTGTTGCAAAAGTAACATATTTGCTGCAGCAGGGGAAGGGAAAGTTGCCAAAATATTGACAGGGATCTGCATTGGTATGTTCTTGTTTTTGAATGGGATGCGACTAGGTGGTGCCGTTTGTGGAACCCTGTTCGGCGGTGGCGGGATTATCAGTGGGGGCTTTGACCTGGGAGCGCAGATAGTTTTCCATTTCCAGCAGGGACTTGTTGCAGGGGGCGACGGGGCTGGAATGGTCAAGAACCGGTATCAGGTTTTTGTCCAGAAACATGATCCGGCCAGACTGCTGTAGCTTGCGCACGGCGGCAATGCAGCGTTCCAGCAGCTTGCGGTCGGAGAATATTTCGCGGTTGGTAATCTCTTCGCCGAAGACGTGGTGTTTTTTCAGAAACTGATAGAGGCTGGGCAGCACCTTCTGCTGGGGCGTCTGGGGGCCGATCACCAGGACCTCATCCTCGCCTTCGGCATGGGCCTGGGATTGTGTGCCGTGCAGCGCATCGTGGACGCGCTGCAGCAGTTCGCGGATATCGATGGGTTTGATAATATAGCTGTTGACATTGATTGCCGTCATCTGGGAAATATGGTGTTCCTCATTGAGGGCGGTGGTGATGATGACCGGTACTTCAGGATTGATTTCGCGGATCAGCTCGATCATGCGAAAGCCGTCCATGACCGGCATGTTGATATCGGTGACCACGATGTCGGGGCGGTGTTCCCGGAACATGTCCAGGCCCTCTTGCCCGTTGGCGGCGATGTAGAGGTTTTTGACCCGACGTGAGAGGGGTTTTTCCAGCGCTTTCCGTATGACCGCTTCATCTTCGACATAGAGAATTTTCAGTTCGGAAAAATTCGGAGCAGTCTCCACGGCAGTCCTCCACGGTCAGCAGCCTGCTGGAATATTTTCTGGATACGCAGGCTGACTCTTCCTGAATTGTACACTGAAAAACATCTTAATACGCATCCCATGTGAGTTCAAGGATCTTATTGTGTCACCGTCGAAAAATACCATCATGAAACCATGCAGACCGCAGCTGCTCGCTCCGGCGGGTGATCTCGAAAAACTGTACACCGCCGTAACCTATGGTGCGGACGCGGTGTATATCGGTGGCGATATCGGTGGCCTGCGGCAGCGGGCGGGAAATTTTTCCCATGGCGATATGGTCCGGGGGATCTCCTTTGCCCATGGGCATGGCGCGAAGGTATACGTGGCCGTCAATATCTACCCCCGTCCCGAAAATATAGCGCTCCTTCCCCCGTACCTTGCCGCGCTTCGTGCACATGGTGTCGACGCCGTCATCGCCTCTGACCCAGCCGTGGTGCGCTGTGCCCTTGAGCATGGCCACACGGTGCATCTGTCCACGCAGGCGTCGTGCATGAATACTCCCGAAGCCCTGGCCTGGAAGGAGACCGGGGTGAGCCGTATGGTTGCCGCCCGGGAGCTTTCCATCGAGCAGGTGCAGCGTATAGGTGCCGCCAGTGGCCTGGAAACGGAGATGTTTGTCCACGGCTCCCTGTGCATGTCCTACAGTGGCAAGTGCCTGATCAGTAATTTCACCGCAGGCCGCGACGCTAACCGCGGGGGCTGTGTCCAGAGCTGCCGCTGGGGCTACCGGGTCTGCGGGGAAGCAAGGGACCCTGGTGAACTGGTCTATCCCCTGAATTCACAGGATATCATGGGTATCAGGCAGCTGGGGCGCTTTCGCGATGCCGGCATAAGCTGTCTGAAAATCGAGGGGCGCATGAAATCACACCTCTATATTGCAGCCACCACCTGCGCCTACCGCAACGCCATCGATGACCATGATGGTACCCCTGAAACGGTGGACGCCATGGAAGAACTTCTTCGCAAAATTTCCAACCGGGGCTTTACAGCGCACTTTCTGGCGGGCAGGCCGGAGGATCCCGGGATCAACCTGCGCTCCTCGGGGTATGTGAGCCAGGTTGAGTATATCGGCCAGATCATCGGATGGCAGGATGGCGTAGCCCTGCTCTACAGTCGCGCGCCAGTGCGTTCCGGGGAGCCATTGTTTCTGCTGAACACTGATGGTGAACTGCTGGAGCTGCCTGGTCAGATGCGGGAAATGGATGACACCATGGTCAAGTCGGTCAATCCAGGCACTCTCGTGCAGGTGGAAGTGCCCGTTGCCTGCCAGTACTGGGTGGTATGCAAGGGAACTGAGCCACAGAGGAGGCCATGGTGAACGGTAAATTCGTGGTCTGCAGTGCAGACGATATTCGCAGCGTTCAGGAGTATGGCGTGAAGCGTGTTATCATCCCCTGGGCTGCTGCCAGCCAGGGGTCGGGAGTCTTTCTGCCTGAGCTGGAGGCGATGCTCGCCCAGGCCCATGATGGTGGCATGCAGGTGGATCTCGCTGCTGACATCCTGCCCGATGACTCCCAGCTTGATGCCCTGATGGACGAGTTCCGGCGTACAGACCTGCTGCGGCCCGGCCGTATCCAGGGTGTCAGGCTGCAGAATATCGGCCTGGCGCGGGTTATCAGGCAGGCATATCCCCACCTGAAGGTGATTTTTGACGTGCGTTCCGGTGGGAACCATCCCGCCTACTATACCTGGCTGCAGCGGATGGGGCTGGATGGCGCCGTGCTCTCCCGTGAGCTTAGCCTGGAGAGTCTCCCGGATTTCTTTTGCTCCGCTGGCGCGCCCTTTTCTTTTGAGCTGAGGGTTTTTGGCGCCATTGCCTTTTTCAGCAGCCGTCGCGCGCTGCTTGATATGGCCGTGGGGCAGACATGCCTGCTGGAAGAGCCCTCGCGTCCCGGCCAGCGTTTTCTGCTGGAGCGGGGCAACGATTCGGTGCTCCACCACTCCCGTTACCTTGATCTGCGGGGCCACCTCGGGCGTCTGCAATCCTGGCCGTTGACCCTGGTACTGGATTATCGCCATGTGTGCACCTGCCGGGAGATGCTTGCGTACTGGTTTGATGGCAGGGAGTTTGCCGCGCTGCACGGTCTCGCTCCCATGGCTGATCCCCAGTTGCCTCGGGAAGAGAGTCGCCCGCCATCCGATGCTCAGGAGCCCGTGGCGCGCCTGCTTGATGTGAAGCGTTCACGCTACCTGGTGGCGGAGGTCTTCGCTGGTCTGGCTGATGGCGAGGAACTGCTCTGCCAGTCTCCCGAGGGGAAGTGTTTTTCCCTGCGCTGGCAGCCCCGGAAAACCTGGAGCGGATCGCCCGGGAGTTCGCTGGCGCTGCTGCCGTGGGTGAAAGGAGCGACTGTGGGAGCGGTGTTGATGCGAAAGGATGTGGATGGGTGAAATGCCAGGAACCCTCAGCAGGCTGCTGGAAAGCCCCCATCAGCGTTGCCAAGAAAAAAAGCACACTCATGTGAGTGTGCTTGTTCCATTTGGAGCGGGAAACGGGACTCGAACCCGCGACCCTCAGCTTGGAAGGCTGATGCTCTAGCCAACTGAGCTACTCCCGCTTAAAGAGTGGTGGGGAGGGGAGGATTCGAACCTCCGAAGTCGATGACGACAGATTTACAGTCTGTTCCCTTTGGCCGCTCGGGAACCTCCCCACGATAATGGCTAAATGGAGCTGGTGAGAGGAATTGAACCCCCAACCTGCTGATTACAAGTCAGCTGCTCTGCCAATTGAGCTACACCAGCCCATACGCCGACAGGGGACAGGCCCCCGTCGAACATCGGGGATTATAGGGAAATACTCAGCGATTTCAAGCAAAATCTCCGCTTACTTGTCTTTTTCCTGCATCTGCTCCCAGCGCAGTGCTTTACGGGGAGGGTTTCGGTCGGA
CP084704.1_gap11	447008	449191	2183	ACAGCGTCCACCACCAGTCCGATGAGTTTCCCCTGCACGCTGACAATGATGATGTTGGTTTCCTCCTGCAGGTCAGAGGTGGGATGTCCCAGCTTTTTCGCCAGGTTGATGATGGGGATGACCGAACCGCGCAAATCGATGATGCCCTCCATGAAGGAGGAGCTTTTCGGTATGGAAGTGATGGTGGTTTTCTTGATGATTTCCCGCACCATGTGGATATCCACCAGGTACTCTTCATCGTGGAGCATAAAGCTCACAAACTGGAGCATTTCGTCGTTGTTTTCCGTCAGGGACGTATCAAGAATCTTTTCTTCCTGAGGCTTTGACTTCTGCATGGCACACTCCTGCTCTCTCAGATGCACTGTATCTGAATAAAGGGTTGTTCGATCAGATTGATGAAGACATCGTCTGCCAGAGCATCGCCGTCCGGGGTATCCAGGACCTTGATGAGCGGGCGGTTGATCTCGAGGGTTGAAAGTTCCCAGACCACTCCGGTATGCCCGGCATATTCACCGCTGAGAATCTGGATTTCGCTTCCCGCCGGGTAGCGGGGCGTGATGGAGATGAACACCTTGACCATCTCCAGGTTCAGACGGTTTCCCGCCAGGCGCATGATCACATCCAGGGCCCTGTCCACGGTCATGGCTTTGCGGTAGGGTCGGTGGGAGGTCAGGGCCACGAAGGTATCCACAATGGCGCAGATCTCTGCGTAGCGGTGTATCTGCGCTTTGGTGGCAATGGGTTCACGCCTTTTGGGGATGCGGTTGGAGCCCTTGAGGGCGCGGGGATAGCCACTGCCATCCTGGCTTTCATGGTGCTGATAGGCCATGTGGGCTGCCAGAATGCCCACCCGCGGGTTCTTGCGCAGGAACTCGTATCCCAGATGGGGGTGGTGGCGCATCAGGGCGTCCTCGGCGGCGCTCAGGGCGCCTTCGCGCTCCACCAGCGCCGTCGGCAGAAAGAACATACCCACATTGTGCATCAGCCCCCCCTGGGCGATGGCGGCAATCTCCTTGCTGTCATAGAGCATCTTGCGGGCCATCATGACGCAGCCTGCCAGAACCTCGATGGCGTGGTGGGAGAAGTAGCCTTCCCGCTCCTCCTGGGGGGTGACCACAAAACACTTGGAGCTTCCCAGAAAAATGTTTTCCAGAAGACTCTTGCTGGCAGCTTCCAGCTCACTGAGCCACTCTGAAGTTATTCCCTTGGGGCAGACTGCATCCATGTGGGTTTCCGGGTCGTCGATGGTCTGGTTGGCATGCGCCTCGGTGATGGCGTGGAAAACCTGGTGAACGCGATGCCTGGTGGTGCGCTTCAGATCTTCGCTGATCGTGGCAGAGGGCTGCATCCCCTGGGTACGGGGGTCATCCATGTACACCCACAGGACTCCCAGCTCGTCCAGGCGGTCGAGATTCTTGCCGCTCAGGCGATAGCCGGCACCCACCAGGAGGTTGTCTCCTCCGGTGTACACGCCATCGGCGGTCTTTTCGCCCGACTGAATTTTTTCCAGGGAAATCCTGCGCACGCGTCACCTGTGTATTGAAATAAGCCGTTTACGGGTAATCTTTTACAGTAAGTGTCCCAGCTTGTCTTTCTTGGTGTTGAGGTAGCGGGTATTGTGTTCGCACTCTGCTGTATGCAGGGGAACGCGCTCGTCTATCTCAAGCCCGTATCCGGAAAGGCCCACCAGTTTACGGGGGTTGTTGGTCAGTAAGCGGATCTTTTTGATGCCGAGGTCGGCGATGATCTGGGCGCCGGTGCCATAGTCGCGCAGGTCAGCGGCAAATCCCAGGGCTTCGTTGGCCTCCACCGTATCCATGCCCTCGTCCTGCAGATGGTAGGCGCGGATCTTATTGAGAATGCCGATGCCGCGTCCTTCCTGGAAGAGGTAGAGCACAACGCCGGATCCCGCCTCTTCAATGGCCTTCATGGCTGTCTGAATCTGGGAACCGCAGTCGCAGCGCAGGGAGCCAAACACATCTCCTGTCAGGCACTGGGAGTGTACCCGCACCAGGGTCGGGGTTTCCGGAGTGATATCCCCCTTCACCAGGGCGATGTGCTCACTGCCATCCAGTCGGGAGCGGTAGCCGATCAGTTTGAAGTCGCCACCGTAGCGGGTGGGCAGATTGGCTTCGGCGATGCGCTCTATGGAAAGCTCTTTTCTGACATGAACGCGGTAGGAG
CP084704.1_gap12	629316	630393	1077	GATTCTCTGTGGTGTAGCCGGTGCTTTCACAGAGGGCATCGGAGTAGAGCAGGATGCTGTATTCCGAGGGCAGCTTCAGGGAGCTGCTGCGCAGTGGCAGGCTGTGCCTGGTGAATGGGGGGTTGTTCCCACGGGCCGTCGTAATGGTCTGGCTGGCGCTGTCCTTGACCAGGATGGGGTACATGCCGCAACTGATGTACTCCAGGGTGTTTTCAGCCTGATCCAGGCAGGCGAAGGTAAAGGAGATAAGCTCTTCTTTGACCATGTACTGGCAGATATGACGGGTGTAGGCGTGGGCAACCTCAGTGAAGTGAAAGGTGTTAGTGGCGAGGGCACTCTGCAGCAGGGTATGCAGATGGGAAGCTGAGAGAAGCGAGGTGACCGAAGCGCTCAGTCCTTTGCCCATGCTGTCTATGATATAGAAGAAAGTGCGCTGGTTGTTGATGCGGTAGATGCCGTAGATATCGCCGCTGAGTATCTCCTGTGGCTGATAGTGAACCTGGCAGTGGATGCCGCTGAGCAGGGCGGAATCATTATGAATGATGAGCTGTTCCTTGGCAAAGGCATCGCGCTGTTGCTGCTCATCGTGATCACGTTTGGCCTTCAGGGCAAAAAACTCTTTTTCGCGCTGACGCTGCTCCTGCTCAATCTTGTGCTGGAGCTCGTGACGGGTGCGAATGTGCTGGGCGTAATATTCCAGGTGTCTGCGCAGTTGCTGAACCTCCAGTGGCTTTTTGACAAAACGGTTGATGCCGGCGTCAATGGCCTCAAGGATAAGGTCGCGATCAGAGTAGGCGGTGAGCAGGATGATGGGAGTGTTGGTGTCTTCCCTTCGGATCTGGTGAGCCATCTCCAGGCCAGTCATGCGGGGCATCTGGATGTCGCTGATAATGATGTCGGGCTTGTGCTGATGGTAGGTGTTGAGCCCTTCAAGGCCATTCGTGGCCACAAAGACGGTTCTGGTCATGGGCAGGCGGTTCAGAATGCGGCGGTACAGCTCCAGGGAGCCTTCATCATCGTCCACCAGCAGCAGGCGGATATCGCCCTTATGGGTATTTTCGTGGCTGAGGGGCCTGA
CP084704.1_gap13	779446	784376	4930	GGCGAAAAGCTGGATATTCTGGTGCGGGGGATGCGCAGCTCCCATGAGGTGTCGCTTTTCCTGCGCGGACAGGAGATTACCGCACGAACTGAGACGCCGTTGCAGCCGGGCCGATATCAGGTGCTGGTGCAGGCTCTGCAACCAGCTCTGACACTGAAAATCCTTCCTCAGCTGCCCACGGTGGTGCCGCCCTCCCTCAGCGCGCTGCCAACTCCCAGTCTGCTTTCCAGCCATCCTCTGGCAACGCTCCTGCAGCTTCCGGCAGTCTCTCCCTCACTTCCCCTTCAGCTGCCCGGAGGGCAACTGATTCCCGAAGAAGCCAGTCTGCTTCGCGGGAGCCGGCTCTCACTGGAGGGCTTGATTCGGGACCTGCAGGCGCCTGGTGCGACGGCGAAACCCGCAGTTGCCAGAAGTACCGCCGAGCAGCTTCAGCATCTGAGCGTTCACAGCGGCATGCTGATGGAAAATCACCTGCTGACCGGGAGTCGTCCGGTTGTGCAGGATCTGAAGTTTCAACTGCTTTTACTGGCCGGGCGCTATGCCAACAGTGAGCGACTCGTTGACACTATCCGCCAGCGTCTGCAGTTTCTGACGCGGGAGCAGGTGGCGAATCTCATCCTGAACCAGGACGGGATATTTTTGGTGGAGATTCCCCTGGATACCGCCGATCAGCTCAGGCGCCTGCGTATGCGCCTGCAGAAACGCAAAAAAGAGGCGCGGGGGATTGACTCGGATATCCTTTCCCTGTACATGGAGTTTTCCCGTTTGGGGGAAATCAAGGTAAACTGTTTTCAGCGCGATATGGGAATTGATATTGTGGTCTTTTCCAATGAGCGCAAAACCGTACAGTCCCTGGAGCAATCCCTTGAGGAGCTCAGGGGAGCCATCGAAATGGTTGTGCGTAGACCAGTGCGCTGTGCCGTGCACTATCGCGAGGAGAACCTCTTTCAGGATTTTGACGAAAATCTCGTGTTGATCCGTGCCATCAAATCCTGGCCGTCCGATGATGAAGAGCACCAGTAATATCGAGAAAGAATATGGAGTACAACGTATGGGTTTCACCTGTGGAATAGTGGGCCTGCCCAATGTAGGCAAATCTACCATCTTTAACGCACTCACCAAGGCGGGAGCCGCCAGTGCCAATTACCCCTTCTGCACCATCGATCCCAATGTGGGCGTGGTGAGTGTACCCGATCCTCGCCTGAACACCATTGCGGCTATGATCAATCCCCAGCGCATTGTGCCCACCACCATGGAGTTTGTGGATATCGCCGGACTCGTGAAGGGCGCTTCCCAGGGTGAAGGCCTGGGGAACCAGTTTCTCTCCCATATCCGCGCCGTGGATGCCATTGCCCACGTGGTACGCTGTTTTGAGGATGAAAATATCACCCATGTCAGTGGCGGCATTGATCCGGCCAGGGACATGGAGATCATCAATACCGAGCTGATTCTCTCTGACATGCAGTCGCTGGAACGCCGCATGGAGCGTTTGACCAAAATGCTCAAAGGCCCACAGGCCAAGGAGGTCACCCGTGAACTTGCGCTGGTGAAGCGCCTGCACGAGCACCTTAATGAAGGGAAAATGGGCTTTGAATTTGAGGTCGCAGATGACGAGCAGCCCATGCTGGCAGGTTTTCAGCTGATGACCACAAAGCCTCTGCTCTACGTCTGCAATGTATCCGAGGATGATATCCTCGACCCCGACAAGAACCCCTTTGTGCAGATGGTCAGAAAACGCGCCGCCCAGGAAAATGCCGGCGTGGTGATTCTCTCCGGGAAAATTGAAGCGGAAATTTCTGAACTGGGCGAAGAGGAGGCCAGGGAGTTTCTGCAGGATATCGGCCTGAGTGAAAGTGGTCTCAATGCCCTTATACGCGAAGGCTACCAGCTGCTTGGCCTGATCACCTACTTCACCGCCGGAGAGAAGGAAGTGCGCGCCTGGACCGTTCCCCGTAACACCAAGGCGCCCCAGGCCGCCGCCGTGATTCACACCGACATCGAGCGGGGCTTTATCCGTGCCGAGGTTACCAGCTTTGCCGACGCGGTCACCTGCGGCAATGTGAAGAAAGCTGCCGAGCAGGGGAAGATGCGCCTGGAAGGCAAGGACTACGAAGTGCTGGATGGAGATATAATTTACTTTCGGTTTAACGTTTAGCCATCTTCCTGGAAATATCCCAAGACAAGCAGTCAATTGGAAAACCTGCCGGTGCAAGGTGCCCGCAAGTGGTTTTTTATTAGCCTGTTTGTAGCCATTCACGGGTACTTTGCGTTTTTTTTCAGCAGGAGCGCCAGTATTCCGAGAGCGAGCCCGGATGGCGAGCGGCAAAGACGGAGGTCCTCGGACGAAAGTGAGCGTCTCTGGGAGGAATGCTGGGGCGAGTACCTACACACCGTAAATAGTTACGCCGAACGTAGCAATAACTTTTCTCGGGAGCACCTATGCACATGGAAAAACTGATTGAAAAAGCCTCTGTCCTGATGGAGTCCCTGCCCTATATCAAAAACTTCTATGGCAAGACCATCGTCATCAAGTACGGCGGCCATGCCATGGTGGACGATGAGCTGAAAAAGAATTTTGCCCTTGATGTGATTCTCATGAAATACATTGGCATCAATCCGGTGATTGTCCACGGAGGGGGGCCCCAGATCGGCGAAACCCTCAAGCGCATGGGCAAGGTATCGGAGTTTGTCAACGGCATGCGTGTGACGGACAAAGACACCATGAGCATTGTCGAGATGGTGCTGGTGGGCAAGGTGAACAAGGAGATCGTGGGTTTGATTCACCAGAACGGCGGCAAAGCCGTTGGGCTTTCCGGCCGCGATGGGCAGTTGATTCGCGCGAAAAAACACTATGTGAGCAAGCCGGGGCCAGCTGATCAGCGGCCGGAAATCATCGATATCGGTATGGTGGGAACGGTGGAGGCCGTCAATGTGGAGGTGCTCAACCATGTGGGCAACGGGGGCTTTATTCCTGTGATTGCCCCGGTAGGTGAAGGCGCTGACGGCAAAGCCTATAATATCAACGCCGATTTTGTGGCCGGCGCCATCGCTGCCAAACTGCAGGCCGCGAAAATGGTTCTGCTGACCGATATTCAGGGGGTACAGGGGGCGGATGGTAACCTGATCACCTCTCTGACGCTGCCGCGCATTGACGAGATGATTGCGGAAGGCGTGATTCACGGTGGCATGATTCCCAAGGTGGAAGCGTGTCGTATCGCCCTTGACGGTGGGGTGAACAAGGTTCACATCATTGATGGGCGCGTTCTCCACTCCGTGCTGCTGGAGATTTTCACCGATCACGGCATCGGGACGCAGATCGTGCGCGAAGCGCGCAGCTAATCAGTTTTTACCTTTGTCTGTCTGGAATGTATGCGCTTCCAGGCATCCCAGGCCAGCCAGAGGGCCAGCAGGATCAGGATAGTCTGCCCAACAAAGCTGAAGCGGCTGACTTCATGGACGGCATAGGCCTCCATAAGCAGAGCCGGTACCTTGCCCAGCGTGCTGGCAGCGGCAAAAAGCAGAAAGGACACTTTGCCTACGGCTGCTCCCAGGGTGGAAACCCAGGCCGGGGCAAAGGGCAGCAGGCGCAGCAACAGGATCAGCTGAAAGGCCTCGCGGCCACCGGCATTTACCAGGGCCTGGGCACGGGGATAGCGCTCCAGTGTTCTCTGGGCATGTTTGCGAAAGACCGTCCGATAGAGTCCAAAGGCCACCATGGCCCCCAGTGATTCCCCCAGAAACGAGACCAGTGTTCCTGTCCAGAAACCAAACACCAGTATGTTGGCAGCAGTGATCAGGAAGGTGGGGAAGACGCCAACTACGGTGGCGAGAATATTGAGTGCAATGCTGATAAGCGCAGCATAGATGCCGTACTGTTGCAGGAAATGGGCAATGGATTCGGCCATATAGCTTTCGCTTTCAAGGAAAAAGGGCCTTCACGCAATGTGAAGGCCCTTGCTGGTTGTTGCGGAAAGGAAGTTCAGATATCCAGATTGCGCACATTCAGAGCGTTATCGTAGATAAACTCGCGGCGGGGTTCAACATTGTCACCCATGAGGATCGTGAAGGCACCGTCAGCTTCCACCAGGTCATCGATGCTGACCTGCAGGAGTGAACGGTTATCGGGGCACATGGTCGTGTCCCACAGCTGGTCGGCGTTCATTTCACCGAGACCTTTGTAACGTTGAATGCCAACGCCCTTCTTGCCGCGCTCCACCACATAGTTCTTGAACTTGAGGTAGGAACCGAGTTCAACGGAGCGATCGCCATCCTTGACCAGAAAGGGGCTGCGTCCCATGGACTGGCGCAGGTACTGGTAGATGTCACGCAGTTTGCGCAGTTCCACGCTGGAGGCTATTTTGTTGTTGATGGTCATGGTGGTGCGGTAGCTGTACTCTTCCCGGGTAAAGGTGATGTCGTAGGACGAGGTATCCTCGTTGAAATCCACGCTGAACTGTTCAGGACGATGGCCGTAGCGGCTGACGCAGCGCTCCACGATATCGCGGGCCGACTGCTCGTTGCGCAGCTCTGTCTCCACGGCTACCGCGTTTTTGGCCAGCTCTTTAATAAAGAAGATGTCAAATCCTTTTTTCTGGTAAAGGTGCAGCAGGCGCTCCGCTTCCACGATCCGGCGGATATATTCCTTGCACTGTTCGGCGGTGATCGTCTTGCCTTCTTCGTCTTTGAGTTCGACGTTGTCGAGCCCAAGGTCGATCAGGTAGTCCTGCAGCTGCTTTTCGGTCTTGACATACATTTCCTTCTTGCCCTTCTGGATCTTGAAGAGGGGTGGCTGCGCGATGTAGAGGTAGCCCCGTTCGATGATTTCACGCATCTGGCGGAAGAAGAAGGTCAGCAGCAGGGTCATGATGTGGGCACCGTCGACGTCGGCGTCCGTCATGATGATGATCTTGTGGTAGCGGATTTTGTTGAT
CP084704.1_gap14	981373	982789	1416	CCGCACCGTCACCAGCCGGATTGCGACGGTGGCTGGCCTGGTGGTTTTTTCCATCGGAGTCGCCTGGGTGCTCTTTCCAAAAATGGAATACCTGCCCCACGGCAACCAGAATTTTGTCGTGAATATTCTCATTCCTCCCCCCGGCCTCAGTGTGGCGGAGCAGGAGGATATCGGTCAGAAGATCTTTGCTGCCATCTGGCCCTTCTATCGCACAGAAGTTGATGGGAAACCCGGTATTGAGAATGCCTTCTACGTGGCCACGGCCAATATCATGCTCCTGGGGACCAGCAGTACCGATGAGCAGCGCGGCCGCGAACTGATTCCCATGATGCGCCCGGTTCTCAACTCCTTCCCCGGTATTTTCGGCATATCCAACCAGATTGGCATCTTTCAGCAGGGGCTGGGCAAGGGGCGCACCATTGACGTGGATGTGGTGGGCGATGACCTGGATGAAATCGTCGCAGCAGCTTCCCACCTTTTCGCGGCAGTAGGGCAGTCCATCGCGGGCGCTCAGGTGCGCCCGGTTCCATCACTGGAACTGCTTTATCCCGAAGTGGCCCTGATTCCCGACCGTGATATGGTGCGGGCAGTCAATATGAGCGCCGCATCCGTGGGAACCGCTGTTGATGTGCTGATGGAGGGCCGCAAAGTGGGTGAGTTCAAGCAGGAGGGGCAGAAAAAGATCGACCTCGTTCTGACTGCTCCCCAGTCCCGTGTTTCCAGTCCCGAGGATCTCTTCCGGACACAGATCGCGGCTCCCGGAGGGCAGCTGGTGCCCCTGTCCAACCTGGTGCGCATGGAGCAACGCTACGGCATCACGGAGATACGCCACTATGAAGGGCGCCGTACTATCACGCTCCAGGTGACGCCGCCGGATCATATCACCATTCAGGAGGCCATGGAGATTGTGCAGGAACGCATTGTGCCTTCCCTGAAACAGGAGGGGAAAATCCCCCCCCAGATTCAGGTGCAGCTCAGCGGAACCGCAGACAAGCTGCTGGAAACCGTGGCGCTGCTCGCCATGAACTTTGTGCTGGCCTCGGCGATTATCTACCTGCTCATGTCAGCACTTTTCGGCAATTTCGTGTATCCACTGGTGGTCATGTTTACTGTCCCCCTGGCCACAGCGGGGGGCTTTGCGGGCCTGCGCCTGACCAACGCGCTGATCGCGCCCCAGGCGCTGGACATACTGACCATGCTGGGCTTTATTATCCTGATCGGGGTCGTGGTCAATAATGCCATCCTCATCGTACACCAGACCCTGAATAACATCCGCTACCACTCCATGGAGATGGCGGGCGCGGTGCTCAATGCCACCCGCAACCGCCTGCGTCCGATTTTCATGAGCACCCTGACGTCCATTTTCGGCATGCTGCCCCTGGTGGTGGCTCCAGGGCCCGGCAGTGAACTGTACCG
CP084704.1_gap15	999775	1001479	1704	CTTCGTGAGCCAGGAGATTGGCCTGCTTGGCATTTTCGGCATTCTGCTCGTTGGCAGAGCTTGCCTCGTGAATCGTGGCGTTCACTTCTTCGACATTGCTGGCCTGTTCACTGGCGCCTTCGGCGAGGCTGGCCGCACTGCTGGCTATCTCCTGGGAGGCCACCAGAACCTGGTCTCCCGACTGGTTGATTTCATGGAAAGCACGCGAAATTGGCCGGGAAATGGAGCGTCCGATCAGCAAGCCAACCGCGATGGAGATGGTCAGGATAATGGCCGTGGCCAGTGCGCCGCGAATGGCGCTCTTGCGGAAGACCACATTGACATCATCGCGGACATCGTCCACGTAGACGCCACTGCCGATAATCCACCCCCAGGGCTCAAAGCCTTTTACGTATGATATCTTTTCGACAGGATCCGTGTGGCCGGGTTTTGGCCAGAAATAATTCACGAAGCCGGCATTACTCTGGCGTACCACCTGCACCATTTCCAGGAAGAGGTGAAGGCCATTGGGGTCGCGGTTGCCACTGATATCCTGACCTTCCATGGCCGGGTTGAAGGGGTGCATGACCATGCGGGGATGCATGTCATTGATCCAGAAATACTCATCACCGTCATAACGCATGGGGTGGATGGCATTGAGTACAATCTGCTGGGCGGTTTCGGTATCCAGCTCACCAGCCAGAACCCGTCCGTGATAGTTTTCCATCAGGCTGTAGGCCACATCGACGACGCCGACCAGTTTTGATTTGCGGTCTTCCATCATGGAATCCTGCAGGTTGCTCAACAGAACCCAGCCGAGTGCCAGGAGGCCCAGAGCGGAGAAAGCAATCAATACGTAGATCTTTGCCTGAAGCGTCATATTTCGACCCATGATAAACTCCACTATCCCTATAGGTTTTCTCGTTGACCGGTTGACTGTATCATGAGTGGAACTGTTGCGCAGCGAAAATTTAAGAAAAAGCACATGGTGTTGAGATTTTATCGCATCTGACTCAACTTTCGCACCTTGTTGCTTAGAGTTAAGTTGTTATTATCCTGACGTTTGTCTCGCGAAAACCCTATTGATTTTGCATGCTTGACTCATCTGGTGTTCCACTTTTGTCTCCGGATATTGTCCTTTTTGACCGCGCAAATAGGACACAAAAACGCGCCCCCCGAACGCCCGTTTTTCCAGATCGCCTGCTCGCCTGTTCTGGAGATCCGGCAGCAGGCTGCTCAAAGAGGCCCTTCTGCGGCGTTGCCGGGCATCGCTCGTCACTGCAACGTACAGGAAGTACGCCTCACTTCTCACCTTGTTCGCGCCTCGCACCTGAGAGCTTTTCAATTGCCTGCATAACGTGATGGACCAGGGTTGCCGCCATGCGGGCGGCAACCGCAAACCCAAAGCCACGGAGGGCGGTTGTTTGGTGCGCCAGGGTAAGTCTGGCCAATCTTGTAGGCTGAAAGGAGCCTACCAGAGTAATTGTCTGTTTGACTCTGTAGCAGCCGGGCGTGCAGCGGAGTAATCTTCTGTACGAAGCCCCGCAACTGCGAAGGTGCGAGCCGCAACGCACGTGAACTCGATTCGGCCTCGTTAACGCTTAATGAGAGTGGCCAGCCTGCCAAACGTGGTGAAGCCTATAATCGGTGCAGAAGCAACAGACAGATGCATGCATCGGACTCTCCGGGGTGGTTGGAGGCAGCGCGTACCGACAGATTGGTCAG
CP084704.1_gap16	1002490	1004645	2155	CAAAGCGATCTTGGTGCGGTATGCCGATGACCTTGTCATCCTGTCGCGCTACCAGAGCAAGCGCCTGAGCGACTGGGCTGAACGGATACTGGAGAGTCGCCTTGGACTGATCCTCAACCGGGAGAAAACCAAAGTGACCAACCTCATGTGTCCCCGAGAGGGCTTTGACTTCCTTGGCTTTACTGTCAGACGTAACCTTGATCGCCACTTTGACAGTGGCAAGTGCTACATCCACATTGAGCCGAGCAAGAAATCGTGCCAGCGCATGCGCGCGAGTATCAAAGAAGAGTTTGGGAAAGAAGCCGCCTGGAAACCCATTACCATGCTGGTGCGACAACTGAATCGCAAGCTGCAGGGTTGGAAGAATTACTTCCAGTATGGGCAGCCATCGGTCAGGTTTAGTGGTATGAACTGGTATGTGCAACAAGAACTCTACTCGCACCTTGCACGCCGCAGTCAGCGAGCCTACCGTCCACCGGCAGGTAAGAGCTGGTATCGTCACATCTACCAAGACCTGATGGTACTCCGGCTTACCCGTTGACAGCCTGTGTGTGCTTTGAGGTGAAGACAGCAGGAAAGCCGGATGCGGGAAATCCGCATGTCCGGTTTGACGAGGGGGAGCAGGGTGAAACCTGCTCTCTACTCTACCGGTCCCCAGTTCCAGGCAAGCGGACGGCTGATAAGGAAAGCACTGGGGGCTGCTTCCCAGCTACTTTGGGCGGGTCCAAAGTGGCAAAAGAAGCTCGCATATGTGGTGAGGATAATGTCAAGCGACGCCGTCTGTGCAGAACCATTTCTGCCATTCCAATATGGCATCAGTGTCGACGCCGACAACCTGCGGTTTCGGGGGGTGCGAAACTTCAGATCTGAGTGTTTTCGATTGCTGAGGTATTTCTGCAAACGGTATAGGGGTGCAGAACATCAAAGCGCGCGGAGGTAGATGCCCGAGTTGAATATGCATTGCGTGAATGGCGAAGGGCGTGTGTGTCGACGGGTTTTTGGTAAACGACACCTGGGGAGCAAAGTTGATATTTGTCAAGGAAAACCACTGGCAGATGCCTATACTTTCACACAGGAAAAGCAGTGAATTCATTAACCCTGCACCTGAGGAGGATATCATGGCCAGGAAAGTATGCCTTGATTCAGACGCCTGCATTGCCTGCGGATTTTGTTATGACAGTGTTCCCGATGTATTTGGCAGCGATGATGAGGGCACAGCCTTTGTCGCAAACCCTGATGGCGCCGATGAAGCCAGTATTCAGGATGCCATAGACGGTTGTCCGGCAGCCTGTATCTTTTGGGAAGAAACCTGATCGCCTGGTAACTGCGCCTGATCCTTTTGCTGGGGACAGGCGCAGGACACCTGGATGCGCCCCTCTTCCTGTGCAGAAATTGCACAGATGCGCAAAGCTTTAACAGGTGAAAGGCTCTCATGGGGCAGCCAACAGCTAATAACAAACATTTTCACAATTGGCATGGTACATGCAGCATCCTGAAGTACAGCACACACAACACACTTTTCACACTTTGACTCAGGAGTAGTAGTATGAACACAAAAGGCCGTTTTCTGGCAGGCTTGGCCCTCATGGCCATAATTGCCACAGCAGCTTACGCGTATCCGGGCGGTCCCGGTGGCAAGCGCGGGGGCTGTTTTGGTGGATGTGACACCGAGCAGTGTCAGCAGGCAAGGGAGCAGCGAGATCCGGTCACTCAGGAGCAGGCGACCCAGGCTGCACAGGAATTTGTTGCCAAAAACCTCAACGGTTTTACGGTGGCGGATGTCGTTTCCTATGAAACGCCCAGAGCCACCATGTACACGGCAACGGTAGTTGATGATCGTGGCAATACGTTTATTCTTCACGTGAACCCGGCTGGTTATGTCCGTGGCCCATTCACTCCACGGGAAGCCCGCTGAAAGGCTTTTGACGAGACCCCTTCCTTCTCACCATAGAACTCCTTCCTTGAGAGAAAGTGCCGGTTGCTTTGCAATCGGCACTTTCTGCGTTGCGAACCCTGCAGAGCGGAATCAGGACTGGGCGATCGCCTCGTTGGAACTTTTGAGTTTGGCTGCCAGAGCCTTGACGAAATTCTGGTAGAGAATAGCCATCTGCATGGCATTTTGCGGTGTGATATGATCTGTGACCTTAAAGCAGAG
CP084704.1_gap17	1015453	1019839	4386	CGGTGGGAGCCATGAGCTGCTGGTTGAGGTTGCCGGCAGTACCATCCAGCACCAGCGGGGCCTTATGTACCGCACTGCCATGCCGGAGAATTCCGGGATGCTCTTCATCTTCTCCCACGATCACACCAGCGGTTTCTGGATGTACCGCACCCACCTGCCCCTCAGTATCGCCTACATTGCTTCCGATAGGTGTATTGCCGATATCAGGGATATGTTCCCGTGTTCTGAAGGGCCTGTCTCGCTTTGCCAGCGCGAAGCCGTCGCCTATCGTCCAGCACAGCCCTACCGCTACGCCCTGGAGGTGGTTCAGGGGTACTTTTCGCACCGCGGCATCCAGGTGGGCGACTGCCTTGAGTGGGATTGAGGGGAAACGTTCAGGGTCTGATGACCTGACTGCAGGCCTCGAAGCACTGGTTGCAGCGCAGCAGCCAGCGATAGAGGGCACACTTGAGGCTGCGTCGCCCACCAAGGCCACTGCCAATGACCTTGGCCGGGCAGCGGTTGATGCAGCGAACACAGTTTGAGCATGGATGCGGGTGGATATCGGCGGGAGGAAGTTCACCACTACACAGCAGTTTGACACGCACCGACATGGCGGGAACCTCTCGGGCGACAATCAGCCCCTGGTGTTCTCCAGTGTGCAGATATCCCTTGTGGCGCAGCAGATGGATGCTGTTGCGGCGTGACAGGGTGCCGGGCTGCGGGTGGCGGTATACTTCCATGTTTGGGTCACGATAGAGCAGCCTGAATCTCCTGCTGAATGCTTTCGTACGCCTCCAGGGGGCGCTGGTGTTTGATGATGGGGCGTCCGATGACCATGTAGTCGGTGCCCAGGGTGGCTGCTTCAGCCGGGGTGGTGATGCGGGTCTGGTCGTCAGTGGCTGACCATGCGGGACGGATGCCCGGTGTCACGGTGATGAACTCCGCTCCGAGCTGCTGTTTGATGAGTGCGATTTCCTGAGGGGAGCAGACCACGCCGTCCAGGCCGCAGTCTTTGGCCAGGGCTGAAAGTTTGAGGACTTCCTGGTCAATGGGCTCTGTGATTCCCACTTCTTCGATGTCGCGCTGATTCATGCTGGTGAGTACTGTGACTCCGATTATCAGTGGCGGGCTGGAGAGGTGCGCGACGGCGTTCGCGGCCTCCTCCATCATCCTGCGTCCGCCCAGGCAGTGTACGTTCACCATGCGCACACCCATGTCGGCAGCCGCCTTCACGGCTTCGGCAACGGTATTGGGTATGTCGTGGAACTTCAGATCCAGAAAGATGTTGGCTCCATTATTCATCAACTCTTCCACAATGTCGGTGCCTCGGGACACAAAGAGGGCCTTGCCCACCTTGAACCATGGATTGTGGGGTGACAGCTCAGTCACGATGCTTTTGGCAGCCAGCCGGTCACGGGTGTCCAGGGCGACAATGATGGTTGAATGCATGTTTTCTCCTCTTACTTCCCATTTTCGTGGAGGTTACGGTTTTTCTCCACCTATGATTTCGGGCATCATACACCCTTCCTGCGCCCGAGACAACTCTCCTGCTGAGAGTTGAATTTTGCAGCGTTGCAGCGTATAACCAGTCCTGCTTCTTTGCGTTTTCGCCCATGAGGTCTTAACGTGATGCGACTCAAATATACATACAGCTGATAATGGAGGGTTGGAGTGAGAAGTCTTGTATTGATTCTGACGGCGCTGTTTGTGCTTGCCGGTTGCGGTGGGCCGCGCTGGCAGAATATCCAGGTTGATGAGCAGTCTGCCTATACCGTGCGGGTTCAGCATCGGGTTGCAGATGATAAGGTGCAGACGCAGGGTTACCGACATCCGTTGGTGCTTGATGAGCGTATTTTGTCGGACATGCTGGGGCAGCTGACCTACAGGGCAAAAGGCGTTCTGGTGAGCTCTGGTGGTCCAGTTTTTCATGAGCTGGAAGTCCGCCAGCTGGCACCGGCTCTCGTTCAGGCACTGTCCACCGCTGATCAGAACCAGCGGATCTTCTTTTCGTCGTTTTTTCGGGAACCTGGCAGCGCACTCCGGGAGCGTCGCACAGATGGGGTGCTCTTTGTCGATGCCCAGGCTCAGCTCAATATTGCCTTTGCCAATATCCGCCTGCTGCCGGATATTGACAATATGAATCCCCGTTCCATGGATGGTATCCTGGAGCCGCTTCAGGTTACAGATTCGCTGGTTACCCTTGCCATGGATGCCGAGCACTGGCACCATCAGCTTCAATCCAACGCAAAGCCGTACCCCCTCTGGGTGAAAGTTGATGCTTCCTTGTTGTACGAATCGGCGTTGGGAACAGAGTCCTCTGATCCGTCAATGGGTACTGTGCAGCAGCATCGCGAGCGAGTGCGCACAGGCCTGGAATTTTTACAGGAACTGCACGAAAGTGGCCTGATTTCTGAACAGGAATACACAGAGCGCCGCAGCAGGCTGCTCGATACCCTGCAGTAGAAAACTGTCCGCGCAGTGCGCTGCGTCTGATACAGAAAATTTTCATGAGGATAGATATCTATGAGTATTACAGTTGAACAGGTGCGTGAAGCACTGGCTCCGGTGAAGGATCCCGAAATTGGCAGGACACTGCTGGAGCTTGGTATGATCAAGGATATTCAGGTCAGCGGAAATGACACCGATGTGACGGTGGAGTTGACCACGGCCGCCTGCCCGTTAAAGTCTACCATCGAAAACAGTTGTCGCGATGCCATCAAAGCAGCGCTTCCATCCATCGGGACGGTCAATATCCACCTGACGGCCCGCGATAGCCGCAAAGGCACGGCCAAGAGCACTCCTCTGCCTGGAGTAAAGAACATTATTGCGGTTGCCAGCGGGAAGGGGGGCGTGGGCAAGTCGACGGTCAGCGCCAATCTCGCGGTGGCACTCGCCGACATGGGCCATCGCGTTGCGGTACTGGACATGGATTTCTATGGCCCCTCCATCCCGAAGATGTTTGGCATCACGGAAGAAAAACCCACCGTCGATAACGATATGATCATCCCTGTGGTGGCGTACGATGTAAAGGTCATCAGTATCGGATTTTTCGTGGAGGATGACAGCCCGGTGATCTGGCGTGGCCCCATGGTGCATGCTGCCCTGAAGCAGTTTGTCGAAGAGGTGAAGTGGGGGGAAATCGACTACTTTATCCTGGATCTGCCACCGGGAACCGGCGATATTCAGCTGAGCATGGTGAATATGCTGCCGGTGACCGGAGCGGTTATCGTGTCCACGCCCCAGGATGTGGCCCTGCTTGATGCCAGAAAAGCCGTAAGCATGTTTGCGAGCACTGGGGTGGAAATACTGGGTATTGTGGAGAACATGAGCTATCACATCTGCCCGGAATGCAACCACAAGAGCCATATCTTTGGCGACAGCGGTGCGCGTAAGTATGCCGAAGAGAAGAAATTCCCCTTCCTGGGCGACCTGCCCCTGGAGTTGAGCGTGCGCCAGACCGGTGATGGTGGCAAGCCATTCTTCCTTTGCCTTGATGAGAACGATGAGCTGCGCCAGCGCTTCGCGAAAATAGCCAGAAACCTGGTCTCCAGTGTTGATGTGCGCAATCTCACCAAACCCGCAGCAGCGATTGTCAGTCGCCAGCCATCCGGCTGCCATTAAATCGCACAGATCCCGGCGCCCCTGTGACAAGCGCTGGGAAGGGTACACGCCGTATTTACAGCGGGCGACTGGTGTAGTACCCTGACTCGCTTCTATGATAAATGGGAAAGGGTGATATCCATGGGTTTTTATAGTGGCTCCATCAGCTATACTCCCTATGCGGTGCAGGGCGAACCCGGTATCGACTATATGGAGCAGATGTTTGAAAGTCTGCTGCAGAACCGCTTTGTCTCCTTTGACGAGGTGGATTTTTCCGAGAGTACCATGGGGTGGGTCTCGGCCAGGAATTTTCTCCATAATCACTTCATTCAGGATGAGGTCTTCCCCTCCCGAGATCACATTCTGATCTCCCTGCGCCTTGACAAAAAAGTCGTCCCCTCCCAGATGCTTAAAGCCTTGCTGCCTGAGCGCGAGCAGCAGTATCAGCGCGAGAGCGGCAAAGAACGGTTGACCCGCGATGACCGCATCTTTATCAAGGAGCAGACGCGGCAGTTCCTCATCAAACAGCAGTATCCCCAGACCAAGGTGTGGGATATGCTCTATAATGTGCCGGCTGGACGGGTATTCTTTGGCTCGACGGCTCAGGCAGCCAATGATCTCTTTGTGGAGTACTTCCGCAAGACCTTTGATCGAAAGATCTCCCTGGTTACCCCCCATTGGCGCATGGGGAACATGGAGTTGACTTCTGCCATGGCATGGGCCCGCGAGCAGCTGGCACCGGAAAGTTTCGGGGTGGAGCATGAATAATACCGACTTTCTGGGCAAAGAGTTTCTGATCTGGCT
CP084704.1_gap18	1027126	1030098	2972	CTGTAAGGAGTCGCTGCATGAAAGTGATAGAAATAGAAGGCAAGTCTGTAGATGAGGCAGTCAGCGCTGCCCTTGAAGAGCTTGGCGGCGTCAGCCGCGACAGCGTGACCATTGAGGTGCTTGAAGAGGGAACCAAGGGCCTGTTTGGACTGTTGGGTACACGACCGACCCGAGTGCGTGTCAGTTATACCCCTGAAGGCGGGAAGCTGGACATGGCTCAGCGGCACCTTGAATTCTTCCTCGAGCGAATGGGGGTGAATGTCATCTCCATCAGCCGCACCGAGCAATCCGACGGTACCTGGCTTTTTCATGTGAACTCCACTGACGACGAGGTATTGCGCTATCACAATGGTGAGCCCCTGGAAGCCATTGCCTTTGTTATCTCGCGTATGGTGAATCAGTCCGCGGAAGATCACCTGCGACTGATGATCGACAGCAACAACTACCTGAAGGAAGTTGAGCTTACGCTGCGAGAAGAGGCGCTGGAGCTGGCTCAAAAGGCGATAGATACCGGTCGCAGTATTCCCATGCGCCCCATGAACTCGCGCGAGCGAAAAATTGTCCATGTCACACTGCAGGATATTGAAAGTATCAAAACCGCCTCCAGCGGTGAAGGGCACCGCCGCAAGGTGATTATTATCCCGGAAGGCGCCGAGCGACCTTACAGTAACAGTCGTCGCCCAGGGGCAAACAGCAGGCGGCGCAGCAGCGGGCCTCGTCAGGCTGCGGAAGAGTAGAAGGAGTTCACCTATGAAGTTTTTTATTGATACCGCTAACCTGCAGGAAATTACTCAGGCCAGTGCCTGGGGTCTGATTGACGGAGTTACCACCAACCCGAGCCTGCTGGCCAAAGAGGGTAAGCAGGATTCGCGAGAACTTTTCCGTGATATCTGCGCTCTCGTGGATGGTCCGGTCAGCGCCGAGGTCATAGCCCTTGATGCAAAGGGGATGCTTCGCGAAGCCAGAGAGCTGGCGAAGATAGCCGATAATATTGTCATTAAGCTCCCCCTGACCCTCGAAGGTCTTCAGGCTACCAAGGCGCTGTGCTCTGAAGGTATCATGACCAACGTCACTCTGTGCTTCAGTGCGAATCAGGCATTGCTGGCAGCCAAAGCCGGTGCTACCTATATCAGTCCCTTTGTGGGGAGGCTGGATGACATTGCTGCTGGTGGACTTGAGCTTGTTTCCCAAATCCGCACCATATATGATAACTACGATTTTGCCACCCAGATCATTGTCGCCAGTGTGCGCAGCCCCCTGCATGTGCTTGATTCCGCTCTGATTGGCGCTGATATTGCAACTATCCCCTTTAAGGTCCTTTCCCAACTGGTTCAGCATCCCCTTACCGATCGGGGAATTGATGCCTTCCTCGCTGACTGGCAGAAAACCAACCAATAGAATGGTATTTTGACATTTTCATGACACTATCCTCACAAATAGTGTCATTTCAAGGGAATTGAGAATGTTATCACAATAACACGAGGGGGAGTCGATAAAAGTTATTGACTGTTATAAAACATCATTCTATATTGTCCGGCAATTATGACTCTGAAGGTAGGCAACCAATGGAACGCAAAAAAACTGACTATATTATTCAATCCGTTTCCCACGCTCTGGATATATTGGAAGAGTTCTGTGTGAGCGAAGAATCCGAGATGGGAGTGACCGAGCTCTCCAAGAAACTCGGGTTGCATAAGAACAATGTCTTTCGCCTTTTGGCAACCCTCGAATCCAGAGGATATATCGAGCAAAACCCGGTCAATGGAAATTATCAACTTGGCTATCGCTCCCTTGAGCTGGGTCAGGTGTTTGTCAGTCAGCTGGGATTGCTGAAGCAGGCGCGGCCTGTGCTGGAAGAGGCGGTGGCCAAGTGCAACGAGTCCATTTATCTGGGCGTCCTGCGCGATACTAACGTGGTGTATCTGGATATCGTCGAAACCTCACATCCTGTTCGGGTGGTTCCCCGTGTGGGAACTATTGTTCCGGCGTACTGTACCGCCATTGGAAAAGCTCAGCTTTCCCATGACAGCAGTGAAGAGGTTGAGCGTATTCTCTCCCAGTGTGATCTCAGGAAGTGGACCCCGAACACCCTTGATTCGGTCGATAAAATTATGGAAGATGTGCAGCTTTCCGCGAAACGGGGCTATGCTGTTGATCTCGAGGAGTATCAGCAGGGAGTTGTTTGCGTGGGAGTCAGTGTCAAGGATTACACAAATACCCCGGTTGCTGGTATCAGTTTTACTGGGCCGGTGCAGCGCATGACCCTTGAGCGGGTTGAGAATGAGATACTGCCCATTGTCATGGAAGCCGGGCGGGAAATTTCCCGGCGACTGGGCGCCTACTGATCACCCGTGGGTGAAGCGTTCTGTTTCCTGTAGATTCCGCAATAAAAGAGCCGCCTGACTTCTGCCAGGCGGCTCTTTTTGTTGGCAAACTGAATGATTTCGTGTGGTCAGCCTGCGGAGATAGCGCCGGAAGGGCATACGGATTCGCATGCGCCACAGTCGATGCAGGTGTCGGCATCAATAACATAGATGGCATCGCCTTGAGAAATAGCGGAAACCGGGCACTCAGGTTCGCAAGCGCCACAGTTTACGCACGCATCGCTAATTACATAAGCCATGGAAGACCTCCAGGGGAATTTCAGGTGAATGTATACAACATACCTAGCACAGAATCTAGCGAGGCAGTGGTCGGTTGTCAAGTCTTTTTCCCCGATGAAAATGCTCTGCTGAAGCGCTTTCAGTGGTCTGCAACATTCAGCAGGGCAATGGGTTATGACTCTGCGAAGTTACTCCTTCTCCAGTTCGAAGGCTTCATGGAGTGCGCGCACGGCAAGCTCGGTGTACTTTTCGGCGATGACGCAGGATATTTTGATTTCTGAAGTGGAGATCATCATGATATTGATACCTTCATTGGCCAGAGCGGTAAACATCTTGGCTGCCACACCGGCATGGGATTGCATTCCGGCT
CP084704.1_gap19	1056537	1058781	2244	AAAAAAACCGCTGACGGTATCACCGAATATACCGATTATGCCAGCAATGGCACCATAGATCGCATTGCCCATGGTACTGGCAGCATCCGCCTGATCGTGCAGGAATACGAGAAAATCCTCTCTGGAGACATTACGACCGTCAGTTATCAGACTGGCCACACCCTGCAGTACTCCCAGCAGCTTGTCCGCGACGCACTGGGCCGTATACTTGAGGATGAGGGTTACAATGGTCGCCACTCCAGCTACCGCTGGGATAACAACGGCAACCTGATTGCACGGATTGACAGCCTGGGTAACACCACATACTACCAGTATAATGTCAACAACCAGCTCACGCGCACCACGGAGCCCGGCGGAAACGTCACCACATACGTTTACAACGGCGCTGGCAACCTGGTGCAGGTGAGTGACCCCAGAGGCAAGCAGACCACCTTCCTCTACGATGGCCTGGACAATCTCCTGCGCATCACCAGCCCCGACACCGGAGCAACCCAGTTCGCCTATGACATTGCCGGGCGCATGATACGCATGACCCGCAGCAACGGGCAGGTCACCCAGTATACCTATGATGCCCTGGATCGCGTCACCCAGGCAGTTTCCGGCTCAGCCGTGCAGAGCTGGAGCTACGACACCTGCACCCATGGCAAGGGTCGCCTGTGCTCCATCAGCGACAGCGGCGGCATCATCAGCTACAGCTATAATCTGGATGGAAGTCTGAATAGCCAGACAGCCGTCATCAATGGCACCAGCTATGTGACCAGTTGGACCTATGACAGCCAGGGCCGCGTTACCGCCATCACCTACCCAGGTGGCAACCAGGCCCTCTATGAATACGATAATCTTGGCCGTGTCAGCGCCGTCAAAGCCAGGGTTGGCGGTATCACCCACGCCCTGGCCTCGAATATCTCTTATTACCCCTACGGGCCATCTTCCGGCTGGACCTATGGCAACGGCCTTGGCCGCTCCACCCCCCACAACCTGAATTACCAGCTCACCCACATTCAAAGTGGCGGCGTGCAGTCCCTGGAATATACCCAGACTACTGACAGTCTCATCCTGTCCATCAAGGATCACCTCAATAGCGCCCGCACGACGCAGTACAACTATGACCCTCTGCTGCGCCTCGCTCAGGCCTGGCGGCTGAGCGGCAGTGACAGCTGGAGCTATGACGCCAACGGCAACCGCATCCAGCACACCAGCAGCGCCGGCAACAGTCAGTACGCCGTGGCTGGCAACAGCAATCGCCTGAACAGTATCAGCGGAAGCGGAGCCAGAACTTTTGCCCATGACGTGCTGGGCAATATCACCTCCCAGAGTGGAGCGGGCAGTAACCGGATCTATGCGTATGACCGCTTCAACCGCAAGCAGAGTGTCAGCACTCCACAAGGCACTACCACCTACACCTACAATGCCCTGAACCAGCGCGTGCGCAAAAGTGGAGCCGGTGGCAGTGTCAACTACATTTACTCGCCAAATGGCGCATTGCTGGGCGAGACGTCGGCCAACGGCACAGCACTCACCACCCAGTATATCTGGCTGCACGGCCAGCCCATCGGCTTGATCAAGGGCAGTACACTCTCCTTCATTCATAACGACCACCTGGGCCGGCCCGAAGTGGTGACCAACAACGGCAAAGCCGTGGTCTGGCAAGCAGACAACCAGGCCTTTGACCGCACGGTGCAGATCGACCAGATCGGCGGGCTGAATCTGGGCTTTCCAGGGCAGTACTACGATCAGGAAAGCGGGCTGTGGTACAATTGGCACCGATATTATGATGCCAGTATCGGGCGCTATACCCAGAGTGACCCGATTGGATTGAGAGGTGGGTTGAATACCTATGGGTATGTGGGAAATAACCCTTTAATGCGCATTGATCCGACTGGCCTTGATTGGGTGTATCGCCAGTCAACGGGACAATTGTTTTATGATGATGGTAATGGTGATCTCGCGTATGTCGGAAGGGGGTATTCTGGAAAAGGCCCAGGATGGAACAATCCAGAAATGCAGCATGTTAAAAATGTTGGCCCGATCCCAGAGGGAATTTATCAAATTGGGCCACAATTTAATAGCACACGTACAGGTTCTGGTGTGTTGCCCTTAGTTCCTCTACCTGGGACAAATACTTTTGGCAGGGACGCTTTGCAGATACACGGAGATAATAGATATGGAAATCAAAGCGCATCGGAAGGGTGTGTGATTTTAGGTCCGGATATTCGTAAGTATATTGCTAATAGCTTAGATTAC
CP084704.1_gap20	1093084	1097317	4233	CTGGTGAATCATCACCGACAATAACGGGCTTACCGTTCTGCCTCATCACCGCGTACTGGCCCAGCCGTCTCTTTTTTTCCAGCGCCTCGGCTACAGATTCTCGCAGAGACTCCAGCATCAATTGCCCTGCCTGGGAAACAGGCTTATTTTCAGCTTCTTTCATTGTCCTACTCCATTGAGCATCACATTATAACAGTCCTGATCGATAACCCTACGGTCTGCGCCCTGCTGCTCGAAAACCAGTGTTGGTGTTCCACCATCATTCATGAAACAAATACAGAAATCCACACGATGACTGAACAGATTGAGGAGATTATTCAGGCTACGTGGAAACCTGCGCACAATGTCCTTTGCAGGAATATTGTGGCCGCCATGTGCCACCCGTTCAGCCACGCGCATCTTTGACATTTCCACATCGGCAAGCGCAAGATAAATCAGCTCAACTCGCCAACCCTCTTCTCTCAGCCGCTCAATCAAACGCACATAGCTGCGGCCTGCCAGGGTTGTTTCAAAGGCAAAATCTTCCCCCGCGATGATGTGCTCCTCAATCTCTTGCAGAAAAATTTTGCTGGCCGCAAAAAGCTCCTTTTCCGGCGCCAAGGGTGATAGCCCGGCAGCAATCAAATCGGCATTGATGAAGTTTCTACAACCCGCAACTTTTGGCAGATAGCCCAAAGCAAAGGTGGTTTTACCCGAACCATTCGGCCCGGCAATTATCCAGCAAGTTGGCATTGTTATACCTCCTTCTGATCATTGACAATATAACTACCACCCCGACCATGAAAGACATTTGCAAAGGCGCAAATGCTGTGCAGCACCGCTTCTGGTTTCCAGCCTGCCTTGTATTCCACCCGCTCGTTTTCAATGGTGCGATGGTGGAGCAGGGAGTCGAGGTTGATGGGGAGTTTGGGAGTCATGTCGTCGCCTCCACATCCGGGAACAGCTCCGGGTTAAAGCGGTAGTTGGCCATAAAGTCCCGCAGGATCTTGCGAAAATATTCCTTGTTCTCCGGCAGCATCTCTTGAGGCTCATACAAGGAGTAGTTGCCATGGCTGAGTACATTTACCAAGCGGGCGTGGAGTATGCCGTCCTCGTCGTTGCTATCCTGCTTGATGCAAGCGGAGAAATTGCGGAAGCCGTGGAAGGTGGCCGTCTTTTCCAGAATGTTACGCAGGATATTGAAGTGGTAGGTGTAAACCTCGCCCGATTCGGCCACTTCGTGCAGATGTTTCAGCAGGGCGACATGATGGTAGCGCGGTGTCTCGCCGGTATCCGCCAGCCGGAAATGATCGGCCTCCTTGCTCAAGAAGATTTTGACCGCGTTGCTCAACTCGTTGCACATCACATTAAAGAACAAATGATGGTGCGTGGAGATCACTGTTCTGATCTTACCATTGGCATTCTTCAGCAACTGCGCCAGATGGCTGGCCACGGCAATGGCATTATTATCATCCAGCGATGAGATGGGGTCGTCGATATACAGATACTTCACCCAGGCATAGGGCGAGCCTTCTTCCTGATCCACAGCCAACTGGGCGACGGCGAGAAAAAAGCACCAGACAAAGATATTCTCCTCGCCGCGCGAAATCTTAATGGGAATGGGGCCACCGTCTGCGTCTGTGTCCCGGAAGAAGGTGATTTCCCAGGTTTCGTAGTCGATCAGGAAGTCAAAATCCGCATAGCGCGCCAGCAGCGGGCCGATGCGATTCTCCATCTCCAGCTCTTGCAGGCCGTCGAAAAAGTGGGAATCTCGATTCAGGCGCAGCACCCGCTTGGCGTCATTCTCCAGGTCATTATCCCAGGAGAACAGGTCTTCGGTGAAGGCGTTGAAGTAGAGAGTGTCCCGGGTTTCTTCCTCATCATCGCCTTGCTTACCCAGCTCTTTGAAGGCCATGGACAGGCGCGTCTTGCCGGTACCATTGAAGGCGAATAGCAGGATGTACTTCTTCTGCTCCAGCCGTTCGCGTAGGTGTTCGGCAATATCGTTAAGTGCGGCAAAGTTTGTCACAGAATCACTCCCATCTCGGCAGCGACATAGGAACGGCAATCCCATCTGGCGCATGGGAACGTCGAAGACCTTCTTCTCGGTGTACCGCCAATGACAAATAGGTCAGTCCACACCTGGCCATTTTCAATATTCTTAGCGCTTTCTGTTGCAGCTCTTGTATCGACAAGTGGGCGGCCCATTGGTCGTCAAACATTGAGTTGCTTGAACGACCCGCATAGCCCCACATATCATCATGCACCTTGAGGTACTTGTGCTCTAAATGATTTCGAATGGATCGAAGATTGTATGCGTCCGGCTCCATTGTTTCGCCCAATACCGGAATATCGGTATCCCGCCCGGATTCGACAAAGTCCTTACTTAGCCAGTAAAGCCCCCGAAGCGGTAGATTCTGGTGGCCTTGGAATCTAACGCGCAGACGCTTTGGTTTCCCCTTAGTTCCTCCTTCGAACCACACTGACTGAAAATTAATCGAGCGCTCCTGCATACCCAGTGCCCAGTACTCGTTGATAAAGAAGGCGATTTTATCGAATAGCGAATACGCCATCCGAAATGCGACCTTGATCTCTTCAGTGGCCCTTGAATATACCGGATAATCTAACGTGTCCAAGAGAAGCACATCCTTGTCTGAATAGTGTTTCTTGTAGGATTCCGCAGCCGTTATACCTTGCCAGCACAAAAATCGTGCAGTTGCGTATTCTTGCTTTAGCTGATTAAAAAATCCGATATAGTGTGGAGGTTCTGAAAGTGGGCGAACCATCGCCGGTAGATGCAACACATCATGGGCAGCAATGGGATAGGCGCCCAGGTCGCTAAGTGGCGACAAAAATAATACGTTATCTAATGCCCATGCGCGATATTGGCGCTCCATTTTTGAGCGACCCAGCGAATGTTCACTCAGTGAAATATTCTCCATGCGGCTGAAATCAACATGAGCCTCTATGGCTTCAGCCTTCTTCAGCATGCTCTGCGCTACTATCTGATAATCTTCTCTATCCCAAACAACACCTGGCTCGGTAACCGACTTTAGGAAACCACAAGCGTCTTTCAAAATCACAACCTGATGGCCCGGGTCATAAAGATACTTCGCAAAGGTCTCTAAGCCGAAACCAAGGTTTCCAAGTGCCATTGCGAATTTCGGCATCCGCGTAAGCGCTCGATTCCAATACTCAATAGCTTCTATCGGGCGCCCTATGTGGCTCAGTATATTGCCCAGATTGACAAGCATTTGACACTGCCTGAAGGCACCAAGCGAAGAGAACTCGGTAGAGCGAACTGCCGAGCGCAAATAGAAGATCTCGTTCAAAATCTCCAGCTGATCCCACGCCCAGACCACCGATTCGTCACGGTGGTTTGCCTGCCGAATTACCGACCAGGCATTGGCTCGGAAATAGTCAAGCTCAACCCGCTGAGTTGCATCAAGGCGCTTCTCCAAGGCATCGCAATGTTCAAGCGCCTGCCTTGCTTGGTCAGGAAATTCATCATCAGTCGCACCATCAATCAGGGCTCCGACAAAATCCAGTGCGTCCGATGGGGATAAGTCATCCAGCTGCTTGCTCACTTTTAGTTACCCACGCCCTGGCTGAGTTGCACTTTATTCATGCCCTTTCCATGTGAAATTCGAACTTCTCTATCAAGCGACTGAAGATGTCGATAAATAGATTCTGTTCATAATCGTTCATCATTTCGGTTTGATCGTAATAAACCGTCTTATGCGAATGCGTATTGACGACATTCATTACTTCTTCTGCGTTTTCAATACCTATCTTTTGCAGTGTGTAACTTGCCCTACCTGTACCCAAGAAGGAGGCCACATTTTCCAGAAGCTGGCGCAGCAAAGAGAAGTGATAGGTGTAAAGTTGGTCATTACGTGCCTCATCCAGCACCTCCAGAAGGTGCAGGTGATACAGAAAGACACTTCGCTTTGGCGATTCCAGAACGAGATCATCTCCGATTCGCTTTAGGACTCGGACTGCCGTTATATTCCTATAGCGATCACTCTTTTCACCTTTCGTCAACCGATTTGCAATATTTGCGAACAATCCAATGTGATGCGTTGTGATAATCAGGCGCTTCTTGTCATAAAACTGCTCTACGAGTTGGAAGATCGTGTCGGCTGTTACGAAAATATTGTGATCATCCAGGCTGGAAACCGGGTCATCGATAAAAATGTGCGCATCCTGCTCGTCCGACCAACCTTCGACCTCTAACAAAGCCAAGTAAAAGGA
CP084704.1_gap21	1102976	1106202	3226	GAGTATTTCCGCGAGGGATTCGGCCATTTCCAGGGCGAGGGAGGCCATGATGTGGCTGCGCTGGTAGTTGCCTTTCTCTTTTTCCTGCTGGGCCAGCTGGCCAAGTTTGGGGCCGGTGCTGACGATGAAGAGGCAGAGGTAGTCGCGTTCGGGGTGGACGTAGTCGGCCAGGCAGAGGTCCAGGCCCGGGTTGCGGGGGAAGCTGATGGTGCGCAGGGGCTGCTCCAGGGAGTCCAGCAGGGTGATGCTGTTTTCGCTGCTGCGGTGGGCCTGGAAGTAGCGGTAGACGGCACCGGGCTGGATGTCGCCCCGGCGCTGGATTTCGTCCATGATTTCCTGCACCTGCTTCTGCAGCTGGACGGCTTTGGCTTCGCCGCGCGCGAGGGCTTCGGGGAAGCCTTTGTAGCCCAGGTGCTTGCCGTAGAGCATGTGGGGGTTGATGTGGTCGAAGATGGTCTGCAGGTCGCTTTCCATGTGCACGTGGCGCTTGAGGTCGGGGGGCAGGGGCACGCGCTCCACTGGCTGCACTCGCTGGCTGACGGTGCTGGCTGCCGGCCGGGTGCTAGCGGCTTCCTGGCTGAGTTCTTCCCTTTTCAGTCGCTTGTTCCACAGCTCTTCCACCACGCTCTGGCGCTGGTCGTCGTCCAGCAGGCGTCCGGCCAGGGCCAGGCATTCCATGGGGTCGCGGCAATAGATGGCCAGGCCTTCGTACTGGGGCTGGATTTTCTGGCTGGTGAAGTTTTCCGACAGGGCGGCACCGCCCACCATGAGGGGAATGTCGATTCCGGCGGCTTTCATGTCGGCGGCGGTGGTGGTCATCTGCTGAGCGGAGCGCACCAGCAGGCCACTGAGGCCCACGAAGTCGGGTTTATGCTTTTCTATGGCCTCGATGATCTGTTCCGAGGGGATTTTAATGCCCAGGTTGATGACCTTGTAGCCGTTGTTGGTCATGATGATGTCCACCAGGTTTTTGCCGATGTCGTGGACGTCGCCCTTGACGGTTGCCAGCACCATGGTGCCACGGGTGGTGACCTGGTCGGCTTCCATAAACTGGCTGAGGTAGTCGACGGAGGCTTTCATCACCTCGGCTGACTGCAGCACTTCAGCGACGATGAGCTTGTTGTCGTTGAAGAGGCGGCCCACTTCGGCCATGCCGGCCATGAGGGGGCCGTTGATGACGTCGAGGGGGGGCATCTGGGCCATGGCTTCGTCCAGGCGCGGGTGCAGGTTTTCCCGCGAGCCTTCCACAATATTGCTCTGCAGGCGCTGGGCTACGGGCAGGCTTTCATCGCTGGTGGCCTTCTGCTGGGTCTTGCGCTCGCGAAATTTATCGGCAAAGGGGGTGATGGGGTCTTCACCACGGGCGAAGATGAGGTTTTCGGCCAGCTGCAGATCTTCGGCTTCAATGCTGGCGTAGCGCACCATCATTTCGGGGTTGATGATGGGCATGGTCAGCCCGGCGTCCACACAGTGTTTGAGGAAGACGGCATTGAGGATTTCCCGCGCGGCGGGGGGCAAGCCAAAGGAGACGTTGGAGAGGCCGATGGTGATGGCGCAGTGGGGAAACTCCTCGCGAATGAGGGCGATACCTTCGATGGTTTCGCGGGCTGAGGTGCGGTACTGCTCGTCGCCGGTAGCCACGGGGAAGACCAGGGGGTCGAAGACGATATTTTCGGGGCGCAGGCCGTACTGGTTCACCAGGATGTCGTAGCTGCGGCGGGCGATTTCCAGCTTGCGCTGGGCGGTGACGGCCATGCCGTGCTCCGGGTCTTCGTCAATGGTGCCCACCACCACAGCGGCGCCGTAGGTTTTCAGCAGGGGCACCACTTCATCCAGGCGCTCGGTGCCCTGTTCCAGATTGATGGAGTTGATGATGGCCTTGCCCTGGCTGTACTGCAGCGCCACTTCCACCACGGCGGCGTCGGTGGAGTCGATCATGAAAGGCACCTTGATGCTGCGCATCAGGGCCGCCATAAAGGCCTGCATGTCGGTGTGTTCGTCCCGGTCGGGATTAGCCAGACAGACGTCAATGATGTGCGCGCCGCCGCGAATCTGTTTGCGGGCCACTTCCACCGCTTCGTCCAGGTTCCCCTCGGCGATCAGGCGCTTGAATTTGCGGCTGCCGATGACATTGGTGCGCTCGCCCACCAGATAGAGCTCGCCGGGCTCGATGGGCAGGTACTCAATGCCACTGAGGGCAAAGGGCGTTGCCGGCTGGGGCGTGCGGGCGGGGCGCTTGGCGGCTTCCGCGCTGATCATGCGAATGTGTTCATCGGTGGTGCCGCAGCAGCCCCCCACGAAGTTCAGCCAGCCTTCATCCATAAACTGGGCCAGCTTGCCGGCCACGTCGGTGGGGCTTTGCCGGTAGCGGCCATTTTCGTCGGGCAGCCCCGCGTTGGGTACACAGGCCACGCCACAGGTGGCCAGCTGGGCCAGGCTGCGGATATGGCCGGTCATAAAGTCGGGGCCAGTGGCGCAGTTGAGGCCCACGTAGAGCAGGGGGAAGTGTTCAATGGAGTTATAGAGCGCCTCGATGGCCTGACCAGCCAGCATGGTGCCCATGGGCTCAATGGTGACACTGACTGCCAGGGGCATGTCCACACCCAACTGCTCCATGGCTTCCGTGGCGCCAATCAGACCCGCTTTGAGGTTCAGGGTATCCTGCATGGTCTCCAGCAGCAGATAGTCCACCCCGCCCTCAATAAGGGCCAGGGCCTGCTGGCGGAAGGCATCCCGCAGCTCGCCAAACGTGACGCCACCGGTGATGCAGATGGACTTGGAAGTTGGCCCCATGCAGCCCGCCACAAAGCGGGGCTTATCAGCGGTGCTGTACCGATCCGCCATGGTGCGGGCAATGCGCGCCGCTTCCAGGTTCAGGCGGTGCACCTGATCCTCCAGGGCGTACTCCCGCAGAACAATGGACGTGGAGCCAAAGGAATTGGTTTCAATGATATCGGCCCCTGCCTCCAGATAACGACGGTGAACCCCCTCCACCACATCGGGGCGGGTGATTACCAGGTACTCGTTGCAACCGTCATAGGCCGCGCCGCCAAAATCGGCGGCGGTGAGTCCAAAGCTGGCCAGGGCCGTGCCCGTGGCACCGTCCAGACAGAGAATATGGGAAGCGGCGCGCTGCCGCAGAAGATCAATACGTTGCTGTTGTGTGGTCATGTGGGAAAGCTCCTGGGTGTTACTGCTCGGAAAGCGAAATGCGACAGCACGCTGA
CP084704.1_gap22	1109560	1112017	2457	TATTATGAGGAGTGGGTGCTCCGTGAAGAACCGGAGGATGAAGAGGAGGAGACTGAGGACTCCCTCGATTTGGAATGGGCTAAAGAGGATGAGGGTAAAACCATTGTAATGGAAACATTCAGGGCGTATGCGTCAGAGGGGATGTTCGCTGAAATGAACCCGGAAGAGATCTCCGTGGAAAATAACCTCATGATGACGGAGGGCTCCATAATGGAATCCGAGGATATCTCCCCTGAAGTACTGTAATGGCCGTTGTCAAGGGTGAAGTTTCGTTCAGGCCCCGCACTTCCTTGGAGTGCGGGGTTTGCTATGTGAAGAGTCTGTGGAGTTTTTCCCGGATTCTGCGTGATGATTTCCTGAAAGAGTTGCTGGTAGCCGTCCCGGCGCTGATGCGCTATACTGGTCGGTAATATGTGAGTTGACAAAGGATAATTCATGACGACCATTCCCCTGCAAACCAAATCCCTTTCCAAGTCCTATGACAAGGCTCCCCCGGCCCTGCATCCCCTTGACCTGTGTCTGGAACCGGGGGAGATTTTCGGGCTCCTTGGCCCCAATGGCGCGGGCAAGACGACGCTGATTTCCATGTTGACCGGGCTGATCGACCCCAGCTCCGGCTCGGCTTCCATTATGGGGTACGATATCGCCGAGCAGAGCCTGCTGGCGCGCCTCAATGTGGGGGTTGTGCCCCAGGAGCTGGTCTCCCACGGGTTTTTCAGCATTGAACGGGTGCTGGAGTTCCACTCGGGCTACTTCGGCCTGACCGATAATCGCGAGCATATCGACTACCTGCTGCGCAAGCTGGGGCTGCACGAGCATCGCAGAAAACTGGTGCGCCAGCTTTCCGGCGGCATGAAGCGCCGCCTGCTCATTGCCAAGTCTCTGGTGCACCGTCCACCGCTGCTGCTGCTGGACGAGCCTACGGCGGGGGTGGATGTGGAGCTGCGCAATGACCTGTGGCAGTTTGTGCGGGAGTTGAACCGGGATATGGGCACCACCGTCCTGCTGACCACCCACTACATCCAGGAGGCGGAAGAGCTTTGCAACCGCATCGGCGTACTCCACCTGGGGCGGCTGATTGCCCTGGATGATACCATCAGTCTGATTCATCGCCTGACCAGGCGCATTGTCTCCATAAAACTGACGGCGGATACGGATATGTCGCGCTTTGACCCGACTCTTGTGCTGGCAGATCACTGTCTGCAGATATCCACGGCCTATGGCACCACCGTGGGCAAGCTTATTCAGGAGCTGGATATTCCCCTGGCCAGCATTGAAGATATTTCGGTGGAAGAAGGAACCCTGGAGGACGCCTTTGTGGCCTTAATCCAGGAACAGTCATTTCTGAAAAACGAGGAGGAAGCATGAATCCGTCTGCATCACGTAAAGCCATTATCCGCACGGAACTTCCTTCCGCATTCACCGGATTTCGCACCCTGCTCTCCAAGGAAATCGAACGCTTTTTCCGGGTGGCGGGGCAAACCATCCTCAGCCCCCTGATCAGTTCCTCCTTGTATCTGCTGATTTTCGGTGTCAACCTGGCAAAGCGTATCGATATTGCACCGGGGGTCAGCTACCTGCAGTTCATCATTCCCGGCCTGGTTGCCATGGGCCTTTTGAACAACGCTTTTCAGAATGCGGCCAGCTCAATTATCACGTCCAAATTCCACGGCGACTTTCAGGACCTGCGGGTGGTGCCACTGACTCCCCTGCAGATCGTGTGGGCCTACGCCTGCGCCGCGACGCTGCGGGGCGTGGTGATTGGCCTTGGGGTGGCGATGGTGGGGCAGATTTTTCACTATACGCAGTACGGCAGCTTGCTGGCCATACACAGTCCGCTGTGGCTGCTCTTTTTTGCCGCCTGCAGTGGCGTCACCTTTGGCTGCCTGGGGCTCTGTGTGGCCATCTATTCCCGCAGCTTTGATCAGGTCAGCGCGGTCAGCACCTTTGTGCTGCTGCCCCTGATCTACCTGGGAGGCGTCTTTTTCCCCCTCAGCATCATGCCCGCCTTCTGGCAGGTTGTGTCTCTGTTCAATCCGCTGCTTTACCTGATTAACGGCATACGTTATGCCTTTTTGGGTATGAGTGATATCAGTATTCTTCCTGTGGCCCTGCTGGCCTCGGGTTTTGTGCTGCTGGCGTATACGCTGGCGCTGCTGGCGGTGAAGAAGGGGAATTACGGAAGATTCTGACTTTGTCCTTTTTGACCGCGCAAAAAGGACGCAAAAACGCGCCCCCCGAACGCCCGTTTTTCCGGCTCGCCTGCTCGCCTGTTCTGGAGATCCGGCAGCAGGCTGCTCAAAGAGGCCCATCTGCTGCGTTGCCGGGCATCGCTCGTCGCTGCGACGTACAGGGAGTACGCCTCCCTCCTGCTTTGCCCGCGCCTTGCACCTGGGTCTCTTTGCGTTGCCTGACCCCTGCCTCTTTGCAGTGCTGCCGGACCACTCACTTCCTGTG
CP084704.1_gap23	1154054	1157646	3592	TTCGCAGGCCCGTGCCATGCCGATGATTCCCGGCACGTTCAGGGTTCCCGGACGCAGTCGGCGCTCCTGGGTGCCGCCGCCCATGATGGGGCCGAGGTGCGCTGCGGCTTCCCGACGCACAAAGAGGGCGCCAATCCCCTTGGGTCCGTAGAATTTATGGGCGCTCAAGCTGAGGTAGTCCACATCAAGCGCCTGCAGGTTTATGGGGATCTTGCCTGCGGTCTGGGCGGCGTCCACATGCACCAGGGCGCCAGCTGCTTTTGCCAGGCGGCTGATGGCGGCAATGTCCTGCAGAACGCCGGTTTCGTTATTGGCCATCTGAATGCTTGTCAGGAGTACATCGTCTCCCAGTGCCTGTTGCAGTTCATCGTGTCTGAGCCTGCCCTAGTTGTCGACACCGATGGTTTTCAGGGTGTACCCCTGGGATACCAGCATCTGGCAGGGCTCCAGTACGGAGCGGTGTTCCACGGCGCTGGTGAGGATGGTGCGTCTGCTGCCGGTATTGGCACGGGCCGCTCCCAGGATGGCCATATTGTTGCTTTCGGTAGCGCCACTGGTGAAGAGGATTTCCTCGGCCTGTGCGCCCAGGCATGACGCGATGGTTCTTCTGGCTGAGGCCACGGCGTCATAGGCGCACTGTCCGGGGGCATGCACGGTGCTGGAGGCATTGGCGAACTGCTCGTGGAAGTAGGGGAGCATGGCTTCCACCACCCGTGGATCGCAGGGCGTGGTGGCCATGGCATCGAGATATATGGCGGGGGCGGTGTTCATGGTAATACTCCTTTGCAGGCTGCTGAGAAGCCTTGTCTGCCAGTTAATATGAGGAACCGTTGCCGATGGCATTGCAAGGCTCCCGCCAAACTCTCCAGGCGCGTAACCATAGGTAATGGCAGCGTCTGGTCATGGTGTCCTCGCCATATTGCGCGTGTGTCGGAAAGGTGACAGGGGAATTGTCAGGTTTGCGCCTGGGTTGTCCACCATGATGGCGAATGTGCGGGAAGGTATTCTCCTGCCGCCAGGTTCGTGGTATTGTGTCATTCGGCGACGGGTCAACTCTGCGTTGCGTGGTGTTTCAAAATGTAAAGGATATTGGTGTTGAAGTCATGGGCGTGAAGTGGGTATGTCGTTTATTGATTGGTTGTCTGCTACTGCCTATGCTGTGTGGTGCATGGGCCGGTGCTGTTATGCTGACGGCTGCCGAACGGACGTATCTTGAGGCTCTTGGTCCCATAACGGTTGCTCCAGACCCCGACTGGGTTCCCTTTGAACATGTGGATGAACGGGGAAACTTTACGGGTATTGCGGCGGACTTGCTGGATCTGGTGGCTTCGCGTCTGGGGATCGAATTCTCCTATGTGTTTCCCCGCGACTGGGACGAGGCCCTGGAGCTTTCCCGTTCCGGTCAGGTGTTGATTCTGCCTTTCCTGAACCAGACCCCGGCGCGGCAGGAGTGGCTGCTTTTCACGGAGCCTCTGCTGGTGGATCCCAATGTCTTTATCACCCGGGAGGAACATCCCTATATAGTTGACGCGACGCAGCTGACGGGCAAGGTCATGGTGCTGCCCAGCGGCACTTCCATGGAGGAGCGGGTACGCCGTGATTTTCCCAACCTGGAGATCATGCATGTGGCTACGGAGAATGACGTCTTCAGTGCCGTATCCCGGCGAGATGCCGACCTGACGCTGCGCTCGCTGACTATCTCCGCCTATACCATTCGCAAGGAAGGGCTCTTCAATCTGAAAATAGCTGGTCAGGCGCCCGAACACTACACCAACCGCCTGCGCATGGGCGTACTGAAAAGCGAGCCCATGCTGCGGGATATTCTCGACAGGGCTATCGCCACCATTACCCATGCCGAGCGTGAAGAGATTGTGAACCGGCATGTGAATATCACCATTGTCCAGCCCGTTGACTATGGCTTTGTGTTGCGCGTCGCCGCTGGGCTGATCCTTCTGATTGCGCTTGCCATGTACTGGAACATGCGCCTGCGGCGACTGAACCACTCACTGCAGGAGAGCGAACGCAGCAAGTCCCTGCTCATTTCCAACCTGCCTGGCATGGTCTATCGCTGCCGCTATGATCGCACCTGGACCATGGAGTTTGTCTCGGAAGGCTGTTTTGAGCTGACGGGTTACCGGCCTGAGGATCTGGTGGAGAATCGGGTGGTCTCCTTTGATCAGTTGATCGATCCTGCTGATCACGAATGGATCTGGCAGACCTGGCAGCGCGCCCGCGCTCTGGGGCAGCCTGCGCGGCTGGAGTATTCCATTACCACGGCCAGTGGGCAGACGAAGTGGCTTTTCGAGCAGGGGGATTTTGTCCTGAATGACAGCGGTGATGTGGTGGCTCTTGAAGGGCTGATCATCGATGTGACGGAGCGCAAGCTTCTGGAGCAGGAGATGCTGGCCGCCAGGCAGCAGGCAGAGGCGGCCAATGCCGTGAAATCGGAGTTTCTTGCCAATATGAGCCATGAAATCCGCACTCCCATGAACGCTGTGCTTGGCCTGATCTACCTGTGCCTGCAGACGCAGCTCTCGGCGGAGCAGCGCGACATGCTCAGCAGGTCCTATGCTGCGGCCGAGTCACTGCTGGATATTCTGAATGATATTCTTGATATCTCCAAAATCGAAGCAGGCAAGCTGGAAGTGGAGCAGGTTGAGTTTCCACTGGCGGAAGTGCTTGACAAGGTGTTTAATCTGCTCAAGTTCCGAGTGGAAGAGAAAGGCCTGAAGCATTCGGTCACTGTGGATGAAGAAGTGCCGTCAACGGTGATTGGTGATCCCATGCGCCTTGGACAGGTGCTGCTGAACATCGCGGGGAATGCCGTCAAGTTCACCGAGCAGGGCTCGGTGAGCCTGGAGCTTTTCTGCGAAGCCGGTGTTGATGGCGACCTGGTTCTGCGTTTTGTGTTCCGGGATACGGGAATTGGCATGAGTCACGAGCAGATGGAGAACCTCTTCGAATCCTTTAATCAGACCGATACCACCATCACCCGCAAATATGGGGGAACCGGACTGGGTCTGGCTATCTCTCGCCGCCTGGTGCACCTGATGGGGGGTGATATTCAGGTGGAAAGTGAACCTGGAAAGGGTTCCACCTTTACCTTCAGCGTCCGCTTCCGTTCCGTGGAGCGGCACGTTCCAGCCCTGAAAGATGTGTGGGATTATGATACCCGCATGACATCGCCGCTTCTGGATAGCGCCGGAATGGAAGGATCTCTGGAAGGCGTCCGGGTGCTGCTGGTGGAGGATAATGCCCTGAACCGCGAAGTTGCCAGTGGCATGCTGCGCGGCATGGGAGTGGAGATCACCTTGGCCTGCAATGGCCAGGAGGCGTTGGCGATTCTTGATCAGCAGGATTATGACGTGGTGCTGATGGATATGCGCATGCCTGTTATGGATGGCTTGAGCGCCACCAGGCAGATTCGGCGCAACCCCCGCTGGAATGCCATGCCCATTATCGCCATGACGGCCAATGCCATGCACAGCGATGTGGAAGCCTGCAAAGCTGCCGGTATGAACGACCACATTGCCAAACCGGTGTCCAGGAAGCTCCTGGAGAGCGCGCTGCGCAAATGGACGGGCCGCGAAAG
CP084704.1_gap24	1161859	1162608	749	GGGGATGTCGGTCAACGAAGCCGACTCCCTGCTCAACAAGCAAAGCGGAATTCTGGGTATCACCGGTCGTTTCACCGACCGCCGCGATGTCATCGAAAACGCCCAGGCCAACCCCAGTGATCCCTCCAAGGGCGCCGATGAGCGCTGTATCCTGGCTCTGGACATGGAGGCCTACCGCATCCGCAAGTATATTGGCGCCTATGCCGCTGCCCTTGGCCGTACCGACGCCATCGTGTTTACCGCCGGTGTTGGCGAAAACGCGGGGCTGATTCGCGAAAAGGCCCTGGAAAACCTGGAATTCATGGGGGTAAAGCTGGATCGCGAGAAGAACCTCAAGACCTTCAGTAAGTCCGGTGAGACCATGATTTCCACTCCCGACTCCCCCATTAAGGTCTATGTGATCCCCACCAATGAGGAGCTGGTCTTTGTTGAGGATGTTGTCGGCGTTACCAGCGGCACCTACAGCGATCACCTTTCCTACGCCTATACGTTTGCCCGTCCTGACTATCAAGCCTGAGCAGGCTCTTTTCCCGGCCCCCCGCAACAGCTGTTGCGGGGGGCTTTTTTTTGGGGTACAAAAAGGCTGCTCGCCCAGGGCGGTACGCTTTGACGGCTGCTGAAAAACATCCGCGTCAGGGTGCGGCGACAGGTTGTCAGTAAATCGACCACAAGGGAATTCCATGTACGAACTCACCATCGCCTGGCGAAATCTGCGGGGCAAAAAACGGGAGAAATTCATATCCTTCATC
CP084704.1_gap25	1163791	1166415	2624	GCGCGCCTCTACCATATGGCCGGCCAGCACTCCGTCAGGGTACTTGGCGGTCTGGATATCGACATTCTGCCCGGTGAACTGGTGGCCATCACGGGGAAGAGCGGCACCGGCAAATCGACGCTGCTGCACCTGCTGGGAGGGCTGGATCGCCCCGATGAAGGCGAGGTATTTTTCCGCGGCGAATCCCTGAAGGGTGCCAGTGAGAATTTTCTGGCCCGTTACCGGGCGGAGCATATTGGTTTCGTCTTTCAGTTTCACCATCTGCTCAGTGATTTCAACGCCCTGGAAAATGTGCTGATGCCCATGACCATTGCCGGACAGCGGGACAGTCAGCGGGGGCGTCAGCTTCTTGAACAGGTGGGCCTCGGGCATCGCTGGAATCATTACTCTTCAGAACTCTCCGGTGGCGAGCAGCAGCGGGTGGCCATTGCCCGTGCCCTGGCCAACCGGCCCAGTGTGCTGCTGATGGATGAGCCGACGGGAAATCTTGACGAGGAGAATTCGGCCCATATTCTGGATATCCTCCAGACCATCAGGCGTGAAGAGGGCACCACCATTGTCATCGTCACTCACAGTCTGCAGCTGGCGGGTCAATGCGACCGCAACCTGGTGATCGGAGCCCTCTGACAGGAGTTCAGGTCAGTCGGCAGTTCCCTTCTTGTCAACTGCCAGGCCATCATCTATACTGCTGCGACTTCATTTACAAGGGGAAACCATGTCTTCACTGGCAAAGTACTACGACTCTCAGCAAAGCGAACGCAAATGGTACCAGGCATGGCTTGACAAGAACTACTTCCATGCCGATGAACATAGCCAAAAACCCGCCTATTCCATTGTCATTCCTCCACCCAATGTCACGGGATATCTGCACATTGGCCACGCCCTGTGCATGACCCTGCAGGATGTTCTTATCCGTTACAAGCGCATGGATGGTTACGAGGCCCTGTGGCTGCCCGGTACCGACCATGCTTCCATTGCCACCCAGATTGTGGTGGAGAAGCAGCTGGCCGAAAAGGGTATTGACCGGGTGCAGCTGGGCCGTGAAGCGTTCCTGGAAAAGGTGTGGGAGTGGAAAGAGCACTCCGGCAGCATGATTGTGGAGCAGCTCAAGCGCCTGGGCTGCTCCTGTGACTGGGAGCGCGAGCGCTTCACCATGGATGAGCAGTGCAACCGTGGTGTGATGGAAGCCTTTGTGCGCCTCTACCACGAAGGCATTATCTATCGCGGCAAGCGCCTGGTGAACTGGTGCCCGGTGCAGCAGACCTCCCTCAGCGACCTGGAAGTCATCCACGAGGACGTGGAAGGCGCCATGTACTATATCCGCTATCCCGTCGAGGGCAGCGACGAATCCTTTGTCATCGCCACCACCCGCCCTGAAACCCTACTGGGCGATACGGCGGTTATCGTCCACCCCGAAGATGATCGCTACCGCCACCTGGTTGGCAAACGGGTTGTGCTGCCCCTGTGCGATCGCACCATTCCCGTTATCGGCGACGATTACGTGGACCGGGAGTTTGGCAGCGGGGCCATGAAGGTTACCCCCGCCCATGACTTCAACGACTTTGAAATCGGCAAGCGCCACGGCCTGCAGATGATCAATATATTCACCGACAGCGCCCACATCAATGACAACGCCCCGGTCAAGTATCGCCGCATGGAACGCTTCGCGGCCCGTAAGGCTATTCTGGAAGACCTGGAGGGCGCCGAACTGCTGGTGAAGGTTGACAAACACCTGCACTCGGTGGGCAAGGCAGAGCGTTCCGGTGCCATTGTGGAGCCGTACCTGAGCGATCAGTGGTACGTGAACGTGGAAGTTATGGCCCAGAAGGCCAGCGACACCGTGCGTACCAAGGAAGTGCGCTTTGTCCCCGAAAACTGGGAAAAGACCTACTTCCACTGGATGGACAATATCCGCGACTGGTGCATCTCGCGCCAGCTGTGGTGGGGGCACCGTATTCCCGCCTGGTACTGTGAGGAGTGCGGACATATCACCGTGACGGTGGAAATGGAAGTACAGCGCTGTGAAAAGTGCTCCTCGGCCCACATCCGCCAGGATGACGACGTGCTGGACACCTGGTTCAGCTCCCAGCTGTGGCCTTTTGCCACCATGGGCTGGCCCGGCAGCACCGCAACCCTGGAGAAGTTCTACCCCACCTCGGTACTGGTGACGGCCTTTGATATCATCTTCTTCTGGGTGGCCCGCATGATCATGGCCGGCTACACCTTTACCGATCAGAAGCCCTTCCAGGAAGTGTATATCCACGCCCTGGTGCGGGACAAGTATGGCCGCAAGATGTCCAAGTCCGTGGGCAACGTCATTGATCCCCTGGGCATCATCGACCAGTACGGCGCTGACGCCCTGCGCTTCACCCTGATTTCCCAGGCCGGACAGGGGCGGGATATCAAGCTGGATATCGACCGCATTGAAGGCTACACCACCTTTGTGAACAAAATGTGGAACGCCCTGCGCTTCACCCTGCATACCATGCCGGAACACCCCTCCAGTCAGTTGCCGGAAAATCTCGCCATCAGCGACGCCTGGATTCTTGGGCGCCTGAATGCCACCATCGCCGAAGTGCGGCGCGGCCTGGATGGCTATCAGTTCAATGAGGCATCCGCAGCCA
CP084704.1_gap26	1167553	1169606	2053	ATGCCCGGCTATCGAGTTTTCGAAAAAAAAGCAGTGCGCGATGGCGGCGGCGCCAACCACCGCATGGGTCTCTTTGACGGCGTGATGATCAAGGATAACCATATCGATTTCTGTGGCAGCATTACCGCCGCCGTCGAAAAGGTGCGTGCAGTCATTCCCCACACGATTCGCGTGGAAGTGGAAGCCCGCACCATGGATGAGGTGAAGGAAGCCCTGGATGCCGGCGCCGATATCATCCTGCTGGACAACATGACCCTGGACGAGTATGGCCGTGCCATTGAGTATATTGACAAACAGGTACTGACCGAGATCTCCGGTGGTGTCAACCTCACCAACCTGGAGAGTTACTGCAAACTCAAACCCGATATCATCTCAACCGGATATATCACCCATTCATCGCGCTCCATGGACATCTCCCTGAAGGTGATGAAGTAAAAACCGGCTCTTCCGTATTGAGGATACATTGACAAAAAAGTGAGCATGGTGCCATTTATCGGGATTACAACCAAATAATTCCGGGAGAAGCACCATGCTCACCAGTGTTCTTTACCATGCATACGGCCTTGCTGGCTACGATTACATCCGCACAGAGTATTGCGGCAATACCATCAATTTCCATGTCCGGCCCCGTAAAAAGCTGATTCGCTGCCCTGCGTGCCTTGGCCGTTCTGTCATATTACGCGGCAGTAGCATTCGTCGGTTACGAGGTTTGCCTTTGGGGATCAAGTCCACTTGGTTGCACGTCCACGTTCCACGCATCCAGTGCCTTCAGTGCGGTAGCGTCAGGCGGGTGAGTCTGAAAATAGCCTCTCCACGGTGTTCCTACACCCATGCATTTGCTCGGTATGTGGTCTCCCTTGCCCAAGCTATGACCCTCATTGATGTAGCACGGCTTCTTGGTATAGGCTGGGACCTGGTCAAGTCCATTTTCAAGCAGTATCTGCATCATCACTACAGTAGCCCTTCACTTGCTGGGCTTGAGTATATCGCCATTGATGAGAAATACACCGGACGCAAACATGGCTTCATTACTCTCGTCATTGACCTTGGTTCAGCCAGGGTCGTATACGTTGGAGCAGGCAAACAGGCAGAAGCGCTTGATGGTTTCTGGAAACGCCTTGGTCGTCGCAAGTCATCTATCAAAGCCGTTGCTGCTGACATGAGTCCGGCTTACCGGTCGGCAGTGCTCGAACACCTTCCATCTGCTGCGTTGGTGTTTGATCGTTTCCATGTCGTCAAGCTTATGAATGAACGCCTTACCGATATTCGCCGCGAGCTGTACCATGAGCTCACAAGTCAGCATGACAAGAGCATTCTCAAAGGCACTCGCTGGATGCTTCTCAAAAATCCGCAGAGCATTGGCGAGCAAACCAGTGATCATGAACGCCTTGAACTTGCCCTGCAGGCCAATCGACCATTGGCGGTTGCCTATTACATGAAAGAAGATCTCCGCCAGATATGGCAACAAACTGACAAGGTAACTGCCACGGTATTCCTCGATGACTGGATCAACAGGGCTCAAGCATCAGCTATCAAAGGATTGAAGAAAATGGCCAAAACGCTGGAGAAGCACCGAGAGGGAATCCTGAACTGGTATGATCACCCCATATCAACAGGACCACTTGAGGGGATCAACAACAAAATTGATACCCTCAAAAGGCAAGCCTATGGATACAGAGATATGGAATTCTTCGAGCTCAGAATAAAGGCCCTCCATAATTCAAAGTACGCTTTAACCGGATGAACCTAAAAACCCTTGACCGGCGACGGGATTTCCTTTATAAACTCCCACTGTTGCCCACTACAGGACACTAGCTCAATTGGTAGAGCACCGGTCTCCAAAACCGGGGGCTGGGGGTTCGAGTCCCTCGTGTCCTGCCATTCGTTTCTCATCACCCCTGGCTTCCGGGTCAGGGGTGTTTCTGTATTTTCCCTTCAGCGCTTCACATTTCTTCATACTGGCGAAAAACGTGCGCAAACTTTGTATGGCAGAGTACTCCGTATTCCCGGGCATTGTCCCGTTGAAAGGAGTATTGCCATGAAATGGTACACG
CP084704.1_gap27	1175945	1177836	1891	GGTACTCTCCGGCAGCGTCAGCGTACGTGTATTTCGGAAGTATGCCGTCTGATGCTGCCACGGTGCGATCACAGCCTGTTTTCTGAGGGTGCGCCCTTTTCCATAGAGTTCGCTTATGATCATAAAGAAGGTGGTGCGTTATGGATACGAAGGTTGTTAACGCGATATACGACAATCCCAGGTTCCAGGAGATGGTCAAACGCCGCAATGCATTTGTGTGGCGGTTGACTGGCACGATGCTGGGGGTCTACGGTTTCTTTCTGCTCGGTCTGGCTTTTTTCCCGGCCATCTACGCCTATCCTGTTCCTTTCCTGCGCTACCAGGTCATTCCCATGGGCATTCCCATTGCTATCGGGGTCATTGTGGTCGCCTTTGTGCTCACCGGTGTCTATGTGCGCCGGGCCAATGCGGTGTACGACACCTTGAATGAAGAGGTGCGCAAGGCCGTCATGGAGGCGGAAGCCCAACGCAAAGAGCACAGTGGAGAGTCTCTATGAAAATTGCGCTGATATGCCTGTTTACCCTGCTGGTCTGTTTGTTTGCCGTTTCTTCTGCCATTGCGCAGCCAATCGTAGAGCTGTCGCGCACCGGTGGGAGCTGGGAGGCGGCGGTGATTTTCTTGGTTTTTGTGTTCATTACCCTGGTGATCGTCTATATGTCAGCCAAGCGTACGCGCACGGCCAAGGATTTTTACGCTTCCGGTGGCGGTATTTCTGCCATGCAGAATGGTCTGGCCATTGCGGGCGACTATATGTCAGCCGCGTCTTTCCTGGGAATCACGGGGCTTATCTATCTCTACGGATATGACGGGTTTATCTTTTCCGTCGGTTTTCTGGTGGGATGGCCCATCATCCTTTTTCTGATTGCAGAACAACTGCGCAACCTCGGGAAATACACTTTTGCCGATGTGGCATCGTACCGGTTGCGTCAGAAGCCCATACGTACTCTGGCGGCCTGTGGTTCCCTTTCCGTGGTGCTGTTCTACCTGATTGCCCAGATGGTGGGTGGAGGGAAGCTGATTCAGATACTCTTCGGTGTGCCCTACAGTGCCGCAGTGATTATCATTGGCATTCTGATGATTGTCTACGTTTCCTTCGGTGGCATGCTGGCTACCACCTGGGTGCAGATTATCAAGGCCATCATGCTGCTGTTCGGCGCAACCTTCCTGGCAGTGGCATCTCTTTACGTGGTTGGTTTCAGCTATGAATTCCTTTCCATGCGCGCTGTGGAAATTCACCGCTTCAGGTGGGGGATCATGGTGCCCGGTAAAATGCTCGCTGATCCGATATCCGCCATTTCGCTGGGGCTGGCGCTGATTTTTGGTGCGGCGGGCCTGCCCCATATCCTCATGCGCTTCTTTACGGTCTCCAATGCCAAGGAGGCGCGGAAATCGGTTTTCTATGCCACGGGCTTTATCGGGTATTTCTATATTCTTACCTTCACCATTGGCTTTGGCGCGATCATACTGGTTTCCACCAATCCCAATTATCTTGATGCGATGGGACGTCTGCTGGGCGGCGAAAATATCGTGGCGCTGCACCTTGCCCATGCGGTGGGGGGAGATTTCTTCCTGGGCTTCATTTCCGCTGTTGCCTTTGCCACTATCCTTGCCGTCGTTTCGGCTCTGACCCTGGCAGGTGCCTCGGCGGTCTCCCATGACCTCTACGGAAGTATCCTGCGCAAAGGAAAGGTCTCCGACAGCGAGCTGATGAAGATCTCACGCCGTGCGGCACTGGGCATTGGCATCCTGGCCATTTTGCTGGGTATCGCCTTTGAACATCAGAATATTGCCATTATGGTGGGGGTGGCCTTCTCCATTGCCGCCAGCGCCAATTTCCCTGTCCTGTTCCTTTCCATGTTCTGGTCAAAGCTCACCACGCGGGGTGCTGTC
CP084704.1_gap28	1208169	1213169	5000	AAGATTCAAGTCGGAAATCCTCTGCTTCCAAGAAAATCCGCTAAGGTTCATTGATATGTGACCGTACCGCAAACCGACACAGGTAGGCAGGTAGAGAATACTAAGGCGCACGAGAGAACTCCAGCTAAGGAACTCGGCAAATTGACCCCGTAACTTCGGGAGAAGGGGTGCCCCATTATGGTGATAGGACTTGCTCCTTGAGCCAGAAGGGGTCGCAGAGAATAGTCCCAGGCGACTGTTTATCAAAAACACAGCACTCTGCAAACACGTAAGTGGACGTATAGGGTGTGACGCCTGCCCGGTGCCGGAAGGTTAAGAGGAGAGGTCAGCGCAAGCGAAGCTTTGAATCGAAGCCCCGGTAAACGGCGGCCGTAACTATAACGGTCCTAAGGTAGCGAAATTCCTTGTCGGGTAAGTTCCGACCTGCACGAATGGCGTAACGATCTGGGAGCTGTCTCGGCTGGAGACTCGGTGAAATTGCATTAGCGGTGAAGATGCCGCTTACCCGCAGCAAGACGGAAAGACCCCGTGCACCTTTACTATAGCTTGGCAATGATACTCGGTGTAGTATGTGTAGGATAGGTGGGAGGCGATGAAGCGTGTACGCCAGTATGCGTGGAGCCATCCTTGAAATACCACCCTTACTGCACTGGCTATCTAACTTACGCCCCTTATCGGGGTGAAGGACATTGTCTGGTGGGTAGTTTGACTGGGGCGGTCGCCTCCGAAAGAGTAACGGAGGCGCGCGAAGGTTCCCTCAGGACGGTTGGAAATCGTCCATCGAGTGTATTGGCATAAGGGAGCTTGACTGCAAGACCCACAAGTCGAGCAGGTACGAAAGTAGGTCAAAGTGATCCGGTGGTTCCGCGTGGAAGGGCCATCGCTCAACGGATAAAAGGTACGCCGGGGATAACAGGCTTATCTCCCCCAAGAGTTCACATCGACGGGGAGGTTTGGCACCTCGATGTCGGCTCATCGCATCCTGGGGCTGGAGCAGGTCCCAAGGGTATGGCTGTTCGCCATTTAAAGCGGTACGCGAGCTGGGTTCAGAACGTCGTGAGACAGTTCGGTCCCTATCTGCTGTGGGCGCAGGATATTTGAGAGGATTTGTCCCTAGTACGAGAGGACCGGGATGAACGAACCTCTTGTGCACCGGTTGTTTCGCCAGAAGCACCGCCGGGTAGCTATGTTCGGAATGGATAACCGCTGAAAGCATCTAAGCGGGAAGCCAGCCTCAAGATAAGATATCCCCATGAGAGTCCAGGAAGACGACCTGGTTGATAGGCTGGGTGTGTAATCACCGTAAGGTGTTCAGCAGACCAGTACTAATTCTCCATTGTTCTTTTTCTGGCTTGATGCGCACCGTGCATTTTTTGATCTTGACGCTTCAGATCAAAAGAGATACAACCCTGAGTGTTTGAAAGAAACGCATATTCAACTCGACTGCCAGTCAGTCACGCAAAACCGTTTTTAACCGTTTTGCCTGGTACCTATAGGGCAGAGGCCACACCCGTTCCCATTCCGAACACGGAAGTTAAGCTCTGTTCCGCCTACGATACTTGGGCTTAAGCCCTGGGAAAATCGGACGGTGCCTGGCAAATTACCTTATAGATCAGCCCCGCAGGAGTCTTCCTGCGGGGCTGATTGCGTTGGAAAAGACAGGCAAAAGATAACAGCAGACACAACAGCCGGAGAAGCTCTCCGGCTGTTTGTGCAGGGAAATCAAAAACGGTAGCGGAAGCTCAGGCGAATGTCTGACGCGCTGTCAACACCTGCTGCCAGGCGAGCTGGAAAACGGCGCTCCAGGACATATCCTTCATTATTTCAGGGCAATAAGCAGATTCTCCAGGTTTTTTCGCATAAGCGAGAAGTACGTTTGACCAGCTGCGAGATCTTCTCGTCGCAGATTTTCTATGGGATTGAGCACCAGGGTCTGAGCTCCGGTTTCGGTGGCAATTGTCTGGGCTACCCGGTTGCTGACGGTGGTCTCAAAGAAGACGTACCCGATGTCATTGGCTCGCAGAAAGTCTATGATGGCCATGACCTCACGTTGACTGGGTTCTGAGCCCGGGTGAACGCCGGCTATGGCTATCTGCTCAAGATCATAGCGCTCTGCCAGGTAGGAAAACGCTTTGTGGGGTACGACAAAGTGACGGTTTGTCAAGTCCCGCAGGCTCTCAGTGTACTGCCTGTCCAGTTCAAGGAGTTCATCTTTGAGATGTTGGAAGTTCAAGGAAAAGAAGGGGGCATGCTCTGGCTGCAGTTGAATCAGGGTGTCATGAATTTTTTGCGCCTGCTGGAGGGCAAGGGTAGGGTCAAGCCAGACATGGGGATCATCGGGGCCGTGGTCGTGATGATGGTGATGATGATGTCCAAAGAGGGAGCGCACTTTTCCCCAGGCGCTGCTGAAAAATCCATGGGAGTGGTCGTGATGATGGTGATCATCATCAGCTGCAAGAAGATCCATGCCCTCAGTAGTATTGACTATAGTCAGTTGATGGTCGCCTTCCAGTGCCTTCAGCAGTTTGTGAATCCAGAGTTCAAAGCCCGCGCCATTATAGACGAATATATCCGCCCTGGTTATCTCCAGCATTTGGCGGGCAGTGGGTTCATAGTCGTGAGCGTCGGCGCCTGGAGGAAGAATTGGCTTTACGTTGACTTTTTCGCCGCCGATTCGCTGACTGAATTCCGAGAGGGGATAGGTGGATGCGTACAGGGTCAGAGGAGCGGTCTGCTCCGCCCATACCGGGGTGGTAAGAAGAATCAACGCTGCCAGGAGAGAGAGGGATATTGCGCGCATGCTGGTGCTCCTTGTTTTTGAGGGTTGCATGGGGAGCACTGTACGAAATTTGCACGCTGAAGTAAAACGAAATCGTAACGATTACGATGTATGGGGTCGCTGGTGGAGTTGGGGTTCAGCTGTCGGGAAACTGCTTGCGAATAAGCCAGAATTCTTCTTCGTTGCGCAGGAAGGCATCTACGATTTCCGGATCGAAGTGCAATCCTCGCTCTTCGAGGATAATCTGATAGCACTGTTCACGGGGAAAAGCCGGCTTGTAGCAGCGTTCACTGCTCAACGCATCAAAGACGTCCGCAAGGGCGACGATGCGTGCACTGATTGGAATATCATTACCTTTGAGACCGTAAGGGTAACCGAATCCATCGAAACGTTCGTGGTGATAGAGGACGATATCCCTGGCGATACGAAGGAACTCTGAGCCGATCTCCTGATAAGCTTCATCGAGAATGGTTCCGCCGATTACCACATGTTCTTTCATGAGTTCGAACTCCTCTGTGGTAAGCTTCCCTGGTTTATTGAGAATCTCGTCGGGTATGGCCACCTTGCCGATATCATGCAGACTGGAGAGAGAGAATAACGTTGTGATAATACTGTTGTTCAGATCACTGTGACCATGCTCAGCCAGATCCTGGGCGAGCAGCCGGGTATAGTGCTGAACTCGCTCAATGTGGAAACCGGTTTCCGGGCTGCGATAGTCGGTGAGTTTTGCCATCAGGAGGATGATGCGTTCCTGGCTCTGGATGCGGATAAGTCGCTCGGATGCTTCGAGGCGAACGCGCATTTCATCGGGATGAAAGGGTTTGACAAGATAATCGCTGGCGCCGAGTGATATGGCCCGGATGATGTTCTCTTTTTCCGCCAGAGAACTGAGGACTGTGATGTGGGTATACTGAATCTCGTGTTTACGGATCTGTCGAATGAGTTCGAATCCGTCCATATTGGGCATTTCCAGGTCTGTGATCACTACCCGAGGTTGTATGGCGCGGAATATCTCTAATGCCTCCACGCCATCTGAGGCGCTGAGGACATTGTAGCCAAGGGTTTGCAGGTGATTATCAAGTATTTTTCTCTGGACCCGGGAATCTTCTGCTATGAGTATAGTAGTCGCAAAGCTGCTCTTACTTGGTGTGATCTTTTCGTTCATGGACTCAGGGGCCTCGTTGCAACCATCGCTTACTGGTTATGACGTTTGAGTGGAAAGTATACACAATTCCAGCGGTAAACATTACCATGGAACACCTTAGTTGGAAATACTTTTTCTGGAGACATATTATGAAAAGTTACCGTAAAGAATTATGGTACTGTGCTTCTCAGCGGCGGCAGCTCATCAATATTACACCGCAGTTGACTGAATGCCTGAGGGAAAGTGGAATTCGGGAAGGGCTTCTGTTGTGCAATGCCATGCACATCACTGCCAGTGTCTTTATTAATGATGATGAGGGGGGGCTGCACCAGGATTTTGAGCAGTGGCTGGAGCAGCTGGCACCGGAAAAGCCCTATTCGCGTTATCGTCATAACAGTTATGAGGATAACGCCGATGCCCATTTGAAGCGAACCATCATGGGACGGGAGGTGGTCATTGCGGTAACCGAGGGGAAACTGGACTTTGGTCCGTGGGAACAGGTCTTTTATGGGGAGTTTGATGGAATGCGCAAGAAACGGGTACTGGTGAAGATTATCGGGGCCTAGGCTGAACGGGGAGGCAAAGTGCCTCCCCGTTATCAGTTGTGGGTTACCACTCAAGTTTCGCATCTTGTTGTCTTAGGTTAAGGTGTTATTATTCTGATATTTATCGCGCTGAGACTGTATTGGTTTTGAATACTTGACTTATCTTGTATTCCACTTTTGTTTCCGGATATTGTCCTTTTTGACCGCGCAAAAAGGACGCAAAAACGCGCCCCCCCCGAACGCCCGTTTTTCCGGCTCGTTGGCTTGCCTGTTCTGGAGATCCGGCAGCAGGCTGCCCAAAGAGGCCCATCTGCTGCGTTGCCGGGCATCGCTCGTCACTGCGACGTACAGGGAGTACGCCTCCCTCCTCGCTTTGCCCGCGCCTTGCACCTGGGCCTCTTTGCGTTGCCTGACCCCTGCCTCCCTGCAGTGCTGCCGGACCACTCACTTCCTGTGAGTGTCCCGTGCGGGTCTTGCCAGCCAGGCTTCGCACTCACCGGACGGGCTCAGGGGGGAACGGCCTGCTTCTGCA
CP084704.1_gap29	1228743	1231554	2811	GCCCGCCTGAGACCGTGTCGCCGTCGCGCAGGCGCTCGTGACCAGCTACGATGACGAAACCGGAGATTTCCGGTGAGAGAACCTCCACCATGCGGGCATCTTCACGGCCAGTGTGCACCTCCACCTGTTGCACCGTGGAGTTGTTGGGATCAAAGAGGAAGATGGCCGGCCTGCCATTGCGGTAGGTAATCGCGTTATGGGGAACCTGAGAGACAGGGTGTTCGCTCTCAGAGCGCCATCTGACCTGCACGAACATCCCCGGCTGCAGTTTCTGCTCGGGGTTGGGCAGGGAAATTTCCACCCTGGCGTGGCGGGACAGTTCATCAAAGGCTGGTGCCTTGCGCACAACGGTGCCATGGAATATTTCGCCCGGATGGGTAGGGACGGTGATTTCTACGGCATTGCCCGGATTCAGGGCGTAGTAGTCGGCCTGGGTCAGGAACACCGTAGCAGTGAGGGTATGGATTTTTGCCAGGGTGAATACGGGCGTTCCCGATGCCAGATAGGCACCACGCTGCACAAGGCGGCGCTCCACCACCCGGGGAATGCCATCGTTCCAGCTGGCGGTGATAGTGAAATAGGAGTGCTGCAGTTTGGCCTGCTCCAGTGCCAGGCGCTTCAGTTCCACCTGGGCCTGGGCCAGGCGCAGACGGGCCTGCTGGGCCTCCCACTCGGCTTCGGCCTGATCCAGTTCAGCCGAAGAGGTGATATTCTGTCGGTGCAGTGAGCGCACGCGTTCCATACTCACCTGAGCCAGCTGCGCCCGCGAGGCAGCGTCATCCTCGTTGGCGATGGCCACCATCAGCTCTGCACTGGCCTGGGCGACCACAAGGGACTGCTGGGAGTCCTCGAGATTTGCCAGTATCTGTCCACTGCGAACCCGGTCACCGATATCCACCTGGAGCTCCTGCAGCGTACCGGCAGCTCTGGCCGAGACATTGAACTGCTCTTCGGATTCCAGGGAGCCCGAAAATGTGCGCACCGTGTACATGGGGGCAAAGAGAACCTCGCTGATAGTAACCTGGGGCGCAGTGCGGGCTGTTGGAGACGTTGGCGCTGTGGGCTGGGAAAACTGCGGTGGTCCCTGGAACCAGAGGAAGATGGAGACAATGGCGAGGAGAAACAGCAACAGATTCTTTTTCATGGAAAGTCCGATTTCAGGTGGTGAGCAGGCTGTTGAAAATCATCTGCGACACGGACCGCTGATTTTTTCGTGTGCCTGCCGGTTCAGGGTATTGCTGGCAGGGGTTATTCATGGAAACACCCGCTTATAACGTGAATAAAGTGACCATTGCAACGGAAATCGGATCGAATGATGAGAAAGCCTCTCCTAAAGTTTCGCACCTTGTTGCATTGACTTCAGCGAATATTTTCCTGGTGCTACCACGCGAAAACAGTACTGATTTTGCATGCTTGACACCTCTGGTATTCCTCTTTTCGTTTCCGGATATTGCCCTTTTTGACCGCGCAAAAAGGGCACAAAAACGCGCCCCCCGAACGCCCGTTTTTCCGGATCGTTACTCGCCTGTTCTGGAGATCCGGCAGACACTGCCTCCCTGCAGTGCTGCCGGACCACTCACTTCCTGTGAGTGTCCCGTTCGGGTCTTGCCAGCCAGGCTTCGCACTCACCGGACGGGCTCAGGGGGGAGCGGCATGTTTCTGCTTTTTTCCTGTGCTGGTTCAGCCTGAACGCGCCAACTGTCAGGCTGCTGAAAAGCCTCATCTGCGGCGTTGCTCTCAAGTGCTCGTCACTGCGACGTACAGAAAGTACGCCTCACTTCTCACCTTGCCTGTATATTGAGAATGAGGCATAGTAAGGACTGCTGTTTCGCACCCTGAAACGGCAGGTTGTCTGCGCCGACTCTGATGCCATGTTGGAATGGCGGAAATGGTTCTGCACAGACTGCGTCACTTGACATTGCCCTCATCCTGTTTATGAGTTTCTTTTGCCACTTTTGGGTCGCCAAAAGTGGTGCAAAAGCGACCCCCAGTGCTGTCCTTTTCAGCCGTCCGCTTGCCTGGAACTGGGGACCGCAAACAACCGCCCTCCGTGGCTTTTGGTTTGCGGTTGCCGCCGTCATGGCGGCAACCCTGCGGGTCCATAGCGTTCCAGTCTTCGCGTCCTGGCTGGGCCAGCACACGGGGGGAGAGACAGAAACAGGCCGTTCCCCCCCTGAGCCCGTCCGGTGAGTGCGACGCCTGGCTGGCAAGACCCGAAGGGACACTCACAGGAAGTGAGTGGTCCGGCAGCACTGCAGGGATGCAGTGTCTGCCGGATCTCCAGAACAGGCGAGCTAACGATCCGGAAAAACGGGCGTTCGGGGGGCGCGTTTTTGTGCCCTTTTTGCGCGGTCAAAAAGGGCAATATCCGGAAACGAAAAGAGGAATACCAGGTGAGTCAAGCATGCAAGATCAATGCTGTTTTCGCGGGGTAAGTGTCATGTTAATAGTTCCTTAAGTCAAGATGATAGATGCAAAACTTGAGTAAGGACATATCGTTTTTATGTCATAACGCAGTTCCTGAGGAGAATATTTATGAAACGCTTTTTTGCACCTGCCCTCGTCGTTGCACTGCTGGCGTCACCGCTGTGGGCCAAAGATATCAGTATTGAAGATTTCCTCACAGAGTCAGAGCCCCAGAAGGTTTTCCGCAGCATGTCCGAAGATATCGGAGCCGCTTTCGCCTATCGTTCCGTGGCTCCCGCCTACCGGCTGGGGGGGGTGCTGCCCGGCTTTGAACTGGGTGCCGACGTCAGTGTTTCCAGCCTCAACAACACTGGCACCTGGGGAAAGGTGGGCGAGAACGATTTT
CP084704.1_gap30	1333450	1335068	1618	CTCCAGGGCGTACCTGGTAGAAATGGTCTTCGCTGGCAGTTTTCCCGCTTTGCGAACGACGACCAGAGAGCAACCGAGCTTATAGGCCAGGGCACTGCCGATAATGAAGCCCCGTGATTCCACCGCCACTATGGCATCAAGCTTGCTGCCCACATGGCGGTCAGCGATGACGTCCACGGCAGTCTGAAAAGCACGGGGGTCCTGGAGCAGTGGGGTGATGTCCTTGAATACAATTCCTGGTTTCGGAAAGTCGACAACATCGCGGATTTTACTGGCAAAGTCCAAAGGTTCCTCCATTGTATACATGAAAATGATTCGTATGCACTATCTCACAGCTTGCTGAAATACTCAAAACGCAAGTTGCGCACCTCCGAAACAGCAGATTATCGACGCTCACTCTGACACCAGGCTGGAGTGCAAAAGCGGCTCAGGAAAAAAGGTTTTTCGATACTTCCATTGGGTCTGTGTTTTCAGCACTTCCGCGAAAGATTACGGCCTTTCTTGTGTCTGGCAGTTCCCGCTGTTACAGCATGTCTTTAACCCTCAGGATAAAGCGCGCTCCGAACTCCGTGTTCTCTGCCATAACTGAGCCTTGATAGCGGTCGACGATAATGCGTTGCACCAGATAGAGGCCGAGCCCTTTATCGCGACTCATGAAAGCGGTGGTGACATACGGATCAAACACCCTGGGCAGTATCTCCGCGCGGATTCCACCTGCGTTATCTTCAATTGTAATGATGGTTTCGGCACCCTGGCTCTCGGCGGCGATCATGATCTGGGCTCCTTCCAGATGACGCTCATCAACGATGTTTGCGACATTTTCCAGCAGCTTCAGGAAAATCTCCACCCAGTCGGAACGACATGCGCGCAGGGTCAGGCCAGGATCAATGGTACAGCAGACTTCGATACCTCGCCCACGCAGGTGGCCGAGCAGCAGCTCTTTTGCTTCTTCGCACAGATCCCTCAAGGCGTAGGATGCAGGTATATCCTTGGCATCGTGAAGGCCGGTGAAGCGGTCAATGATAGTGGAGAGGTCTTCAAGCTGTCCCATGATGCCATTGACCCATTTTTTTACAAAGAGTCGTTGCTGGTGATCCAGTTCAAGTTCATCTTCAATCTGCTGAGCCAGCAGTCCGATGACATTCAGAGGCTGGCGCCATTGGTGAGCCAGGTTGACCAGCAATTGCAGCAGGGCTTCCTTGCGACGCTGCTCATAGATGATAAGATCTTGCTGGCGCACCTGTTCGATACCCTGTCTGATTTGCTCGTGCAGCTCTTCTTCGTGGCGTTTGCGCTCGGTGATATCGGTGAAGAGGGTCGCGAACTGCCCTTTGCCGGTATTGAATGCCCGCACATGGAAGTGCCGGCCAAGCTCGACGGAGTACTGGTCAAACACCTTCTCTTCCCCTGACAGGGCCACCCCGGCATAACACTGAATCCATATATCCTCTATTTCGGGCATAATTTCGCGGATGGTTCTGCCGACGACATCCATGCCTTTGAGCCCGGTCAGCTGTTCAAAAGCAGGGTTTACCGTCAGAAAGCGGTAATCTATAGCGGTTCCCTGTTCGTTGCACAGCATTTCATGCAGGGCAAACCCGTCGAGCATGCGCTGAAA
CP084704.1_gap31	1339947	1342381	2434	TGATGCATACCTGGCCCGAATTGGCGAAGCCTCCGATGACACAGCGGGGGAGCGCTTTCTGGATGTCAGCGTCCTGGTGGATGACCACTGCTGAGTTGGAGCCAAGCTCCAGTGTCACTTTTTTTATGCCTGAAGCAGCCTTGATTCCAAGCCCTACTCCCGGGGAACCAGTAAATGTGATCATATCCAGTTTCTCGGAGGTGACCATGGCGTTGCCGACAGTGGATCCTGAACCAACCAGCAGGTTGATGCCTTCTGCCGGCAGTCCGACTTCAAGCAGGAGCTCTACCAGTTTGATCGATGTCAGTGGTGTAGTGGAAGCGGGTTTGAGGACAACGGGGCAGCCAGCCGCGATGGCGGGGCCGACTTTATGGGCGACGAGGTTGAGTGGAAAGTTAAAGGGCGTTATGGCGCCAATGGCCCCCACGGGGTAGCGACGGAAGTAGCCGAAGCGACCGGAACCGGTCGCGGCTGCATCAAAGGGAATCAGTTCGCCACACAGACGGCGGGCTTCATCGGCGGCGAACTGAAAGGTTTCTACACTGCGATCCACTTCCCCACGGGCAAAGCTGATGCCTTTGCCAGCTTCGAGGGCAATAGTTCTGGCGATCTCCTCTTTATCCCTGGCAATAGCGTGGCTCAGACGATCAAGGATCTCGCCCCGTTGTCTGGCAGTCAGTTGCGCCATGGTGCTGCGAGCCGCACTGGCCGATGACAGGGCGCGTTCGGTTACCTCGGAAGTCGCCTGACAGACTTTTGCGATGACACTGCCATCGTAGGGGTTGCAAACGTCAATGTTTGTGCCGGTATCCATCCACTGGCCGGCTACATAGAGCTTATGTGTCAGCATATACCCTCCTGTTTCTGGGAAATGTGTTCTTTCAGGGTGCAGAAGCACAGTCGCTGGGATCACCGTGAATTTTTTTTATGGCGTGGAACAGGGCTGGTTCTATGGCAGCCAGATTTTCCCTCGCTCCCTTTTCCGATCCGGGCAGGTTCACAATCAGGCTGGCCTTGCAGATGCCCACCACGGCCCGGGAGATCATGGCGTGGGGAGTCTTGAGCATGCTGGCGGCGCGCATGGCTTCGGCCATGCCGGGGATTTCCTTTTCCACCACCATGCGCGTTGCTTCAGGGGTGACGTCACGGGGAGACACGCCGGTTCCGCCGGTGGTCAGGACGAGAGCAATATTTTCTTTGACAGCTTTGCGGAGAGCTTCTTCTATCATATCGCTGGTGTCCGGCAGAATCACCGGCTCCGGCTCGACGGCGAATCCCAGCTCCCGCAGCCTGTTGACCAGAGCCGGGCCACTGGTGTCAGTGCGCTGCCCTGTATACCCTTTGTCGCTTAATGTGATAACTCGTGCTGAATAGGTCATTGTGCCTCTTCTATGGCCCGCTTCATGCGCAGGCAGCTTTCACAGGTGCCGCAGGGAACCTCTTCACCCTTGTAACAGCTCCAGATAAGCTCCATGGGGAAAGCGTTACGCATGAGGTAGCCGGCAATCTCCTTTTTGTCCATGTCGATGGTGCCACTGACCACAAACAGGGTATCCAGGGTAGAGAAGTGCAAAGCACCGTTGGCGGCCATCAGGAAGTCCCGTGAGTTGTCAGGGAAGGTTTGCGCCTCTTCGACATTGAACCCCGTGATAATGTGCTGACAGCCCATGCTCTCGGCAAAGACCGCGGCAATATTGATGAACAGGCCGTTGCGGTTGGGAACCCAGACGCTGCGGGCGCTCTGCTCCGATTGTCTGGTGTCATTGATGTCAATATTTTCGGGGATGGTGCCGCGATTGAGGCTTGAGTTGCTCAAACGGGCCAGAAAGGGCAGTTCGACGGTTTCATGGGGTATACCCAAATGATCACAGATGGCCGCAGCAGCGGCAATTTCCTTCTCTTGCGCCAGCTGTCCGTAGGCCATGGTCAACGCGTGCCGGACAACACCTCCATCGTGCAGGTATTTCAGCAGGGCACAGGTTGAGTCCATGCCCCCGGAAAGCAGGGCAACGGCTGATGGTTTCATATTACACCCCCAGGAGTAAGCGGAAAGTTTGAATCAAGGGCCAGATAACTTTCTGGGTTCCACCGAAAAACAGCAGGGCCAGGATTATGAAAAACCCGTAAGGTTCAATACGGGCGACCTGATAGGCCTGTCGGTCTGGCAGCAGTGATACGAGAATGCGGCCGCCGTCCAGTGGGGGGATGGGGATGAGGTTAAAGATCCCCAGGGCCAGGTTGATGATCACCCCCATCTGCACCATGAGAAAGATGGGGTACATATAGACCATGGCATCGGCGCTGACCTGCATGTCTTTCATGGCGTGGAAGATCACGGCGAAGACGCACGCCAGGGTAAAATTGGCAGCCGGCCCGGCCAGGGCCACCCACATCATGTCCCGTTTCGGGTTGGCGAAGTAGCGGTAGTCAACGG
CP084704.1_gap32	1469204	1473783	4579	TGTCCAGTAGACACTCATGATCCCGTGACAGATTATGGAGCAGCTGGTTGCAGGCAGGTGTCAATGTCGTCATGGTGTGCTGCAGGTGCTGACTGATGGTGTAGGGGGAGACACTGAGGGGAGCGTGCCGCAGTGTTGCTTCAGGGGAGAGCTGCAGCAGCCCGTGGATGCATGCATACTCTATGGCCAGGGTATCTTTCTCGTTTATCAATGGTTATCCCTTTCCTGGAGGTTGAGGAGGTTGACCGTACTGCGCAGGGATTCTGGGGATACATGGGTGTATATCTGTGTCATGCGCACATCGGCGTGGCCCAGAAGATTCTGTATTTCAATGAGGTTCGCCTTGCGTCGCACAAGATTCGTGGCAAAGGTGTGACGCAGGACGTGGGCACCTTGCTTCGTACAGCTGAGGGCATCTACCCTCTGCAGCTGGCGCGACACCAGGTGCCATATCGTGCGCGGCGTCATGGGCTGTCCCTGTTTTGTGCAGAAGTAGTATTCCGAAGGAATGGCATCATACCAAGGTGTCCAGTAGGTATCCAGAATTTTTACAAGTTCTGTGGCCATGGGCAGAACCTGCTGCTTACCACCCTTGCGCGTGATGATAAAGGTCTGGGTTCCAGCGGAAACATTACTGCGCTTGAGAGAGCACAGCTCCGATGTTCGCATGCCCGTCATGAGAAACGTGAAAATAATGGAGCGGTTCCGGTCATTGGTGAAATTGCGCTTCAGTGACAGAAGCTGTTGCAGGAACTCCGACTGAGCTTCTGAGTTCACATACTGCGGGAGTTTATCCTGTGGAGACCTGCGGGGAAAAGAGAGTTTCGTGGTTGGATTGGCGTGGGTTATCTCTTCGCGTACCGTAAAGCGGAAGAAGGACTTCAGGGTCGCAAGCACTGTGGAGAACGTGTGTTTTGAGAGATTGCCGGCTCGCTGATAGAGATATGCCCGCAGTTCCAGGTGCGTAACCTCCTGCCAGTCATGGATACCCTGCTCGTACAGATGTTCCGCAAGCCTTCCCAGCTCCTGGGAATATTTTGAAATGGTTCCCGGGGAACAACCCTTCTCCATGCGCATATAGCTGCAAAAATTTTTTATGATCCTCTGCATGGAATTCATGGTTTCATTACCCCTGTGTTTTTACACTATGAGACCAAGTGGCCCATTTTTAGTTTACTCATGCGCTGCATTTCGTAAAACATTTATGCGGAACACGTTACCATTGCAATGGGGTGTTTGCAAGCATATTTGTAATGAAATAATATATTTCATTACAAATATGCGAAAGATCAAACCCTATTAAATCTATCGGGAATTTTGCATATCACTGTCTATGGTGTAATTGCCATGAATAGGAGGGAAATTCGCATTCGAAAAATGAAAATCAGGACACGAAATCCTCGCCGGGCATACCATGCCCTCGCAGAAGGTGAAAGAAGGGAAAAACGTTTAATTTGGCCCAGGAAGACATAAATGGGAATAAGGCGCATTCATCTTGCGGTTAATGGGAGGAATTGAGTACAACTAGGAGGTGCAAAGCATCAGAAAGTGTCGCGAAGGACCAATCGCCATGATTCAATTTTACAATGTTACGAAAAGTTATGGGGATCACTTTGAACTTTCCGGTGTGAACATACGCATCGCCAAGGGACAGTTCTGCTTTCTCTGTGGTCCCAGTGGCGCGGGGAAAACGACGATTATCAACCTGATCCTGGGCGAAGAGCACCCGAACCAGGGAAGCGTGCTGGTGAACCGCCGTAATGTGCCGGATCTGCGTGGCAATGAGCTGGCCAGGCATCGTCGCGACGTTGGTGTGGTCTTTCAGGACTATCGCCTTATTGAGCGTCTCAATGTTTACGATAACATCGCACTTGCGCTGCATATCTGTGGATTCACCGCTCGCAGGGAAATCGACCGCAGGGTGGAGGCAGTCTGTAAAATGCTGGGCCTGGTGAAGTACATTCACGCGCCTGTGATGCAGCTCTCTGGCGGTGAAAAGCAGCGCGTGGCAATAGCCCGCGCACTTATACACAATCCTCCCGTCATCATTGCCGATGAGCCGACCGGTAACCTTGACATGAAGCAATCCATCGATATCTTTCGTATTTTCAGGAAGATATGCGATATGGGCACCACGGTTTTTTTTGCAACCCACGACAATCACCTGGTGGAAGGCTCCGGCATTCCTGTCTATCGGGTGGATAACGGAATGATCAGCTATGATGTTTCACCTTAAACGAGCCTGGTTTAACATGCTGTCTACCCCACTGGTGACGCTGGTGGCCATTCTGACTATCTCCATAGCGTTGACCTGCCTGATTCTCTACCAGACTTTTCTTCATAACCTTCGCAATTATATTGACTACCGCATAGATGGCAGTCGGATAGTCGTCTATATGCACGGAGATCGTGATGGGGATCTAGAGGCATTCCTGAAGCGCTATAATCTCAACTTTCGGTTTATTGACCACAAGGAAGCACTGGTAATATTTTCGCAACGGTATCCAGATGAGTCCGATCTGTTGAGCGCCATGGAGGTCAACCCCCTACCCCAGAGCTACCTGGTCAGCATGGATTCCCACAACATTCAGTACTTCCGCTCCATCATCAACGGCATCAACTCCTCTGGTGATTCGGTCCTGTCTGTCGAATACAGTTTCCATGAGATATCCGTTCTGCTTGAAGCCCTGGATCTGACGGAGAGGTTTCGTCTTATCATCGGTGCTTTTGTAGTCTTTGTCTGCGCCGTCATGGTGTCCAACACCATACGCATCTCCTATTACAAATATATGGACGACATCAGGATTCTGCGTATCCTGGGCGCATCCAGCATGTTCATCAAAGGTCCGTACTTCCTTGAGGCCTTTCTCATCGGCGTCTGCAGTATTGCCATTGCCATCGGCGCCTCACTTTACAGTGTCTACTTTCTGGCATCCGATACGTCCTTTCTCACTATACTCGGCAGCTACGCGCTGCACTACCCTACCATGGAACAGGTTGCCTTGAACTCTTCTATTGTGGCCCTGCTCTCTGTCATCGTCAGTATGTTTACCCTGCGTGGAGCCTCCTGAATGCCATGGATATCGCTGCGGAAATCCCTCACTGCCTCCTGCGCCACACTGATTCTGTTTGTGCTTACCGCTCCTGCAATGGCAGAGCCTCTGATGAGCCTACGCCAGATTGATCACTCAATCCAGGAAGTGAACCAGCAGATTTCCAGGGTTTCCACCCGTATCGGCGCCCTTGTGGCGGATATTGCCACTATCGTGGATGAGACTGAGGAACAGGAGCGCCTGCGGCTTGGGCTTCTGGCGGAGGTAAAAGCCATCGACATGGAGCTTCAGAATATGCGGAACCGTCTCAGGGAGGGGCAGACTCTCCTTGAAGAGCTTGATCGTGAAATCTCCATGATGGAGGCATCCATGAGCGAACGCCGTAACTCCCTTGAGCGTTCATCGAGGCTGCTTTATCGCGATATACATATCCCCCATGACGATACGCGCTATCTCCAGTCAGTGTTCATGGAAATCGGCACATTCCTGGAGGCTCTGTATCGTGATCTGCGTCAGTTGCAGGTGGCTCGCAATGACAATCATAAGAAGGTTCTTGAGCACCAGTCTATGATACAACGTTTTTCCAGCCGCTCCCATGGGCTCCTGGAAGAGATTGATGTCATCACCCGGAAGGTGCAGAGCTCTTTCGCCCTGACCCAGGAGAAAAAACGGATTCTGGATCACCTGCATGAGGAGCAGCAGGATCTGCAGGAAATCTTTCGCGACCTTTTGAACCGTAAAGCGGATTTCTATGAAACCGTTAAGGACATCCAGCACTTCAAAGGCTATATACCGCTGCCCGCTGATGGCCCGTACTTCGTGTCCCAGGACGACAATTCCCTTCTTATCGATATGAAAAATGATGCCCGCGTCTATTGTATCTTTGATGGAGAAGTTGTATATAGAGGGAACCTTTATCGTTTTGAAAACGTGATCATTATTGATCATGGCAACAATTATTATTCCGTGTACGGTGGCTTGGTTGATGTCATCGTCAATGAAGGGGATCGCGTTTACGCCAATGAACTCCTGGGTTCAAGCCTCTATCTGTATTTTGAACTCAGACACCGATCGACGCCCCTCGACCCACAAGAATGGATTTTTCTGGAGGAAATGTGAAGAAGATACTTTTTGTTGTAGCCATATTTGCAACCATGGCAGCTACTGCTTTTGCCATAAACAACGACCTGCTTCGTCAGCAGCTCAAGCTTTTCAGCGAAACTCTGTCCTATATAAATGTCAACTATGTGGAAGTCCCTGACCAGAAAGAACTCATCTACGGTGCTATCCAGGGAATGCTCACCACTCTTGACCCCCATTCATCTTTTATGAAACCCGAGACCTATCAGGAGTTTAAAACTGATACGCGCGGGGAATTTGGTGGGCTTGGTATACAGATTGCCATTCGTGATCGGGTGCTCACGGTCATTGCGCCCATTGAAGATACTCCGGCATGGAAGGCGGGCATTAAAAGCGGCGATCGTATCATCAGAATCGAAAACCAGGCCACCGAGGGCATGAGTGTG
CP084704.1_gap33	1482507	1486101	3594	ATTCTCTTCGAGAAACCCTTCATATTGCAGCCAGTTAAAGATCGCCCGCACATAACACAGGACGTTGGCATAGGTTGACTTGCTCTTCCCCATGGCCTTGTGGGTCAGGTACATGCGCAATTCTCGCGGCCCTGCGGTTTCCACAGTGAGTTCTTCCTGTTGAAGGAATTCAAGAAACCTGCGCATTTCAAAGAGATAGCGGTCTATTGTCTGTTGTGACAGACCACACTCGTATTTCAGATACCGCTGATAGTGTTTTTCCATATCCCTGGTGTTCATGGAGGCAGGATACCACACCCGACGGGCATATCCAATGAAATTATTTATTTCATTGGATAAGAACGGGTGAATTGTTTCATTATGGTTATTTTTCGTGAAATGGTGCATTTTCCGCAATGAAATCAAATGAAATATTTTAACGCAGGCGCAGCGCCTTGAAAATACCGGCAAGCATGAGGAGTACACCTGCCGGGAGGGCGTGGCGCAGAGATGAGTCCAGCACGAAAAGGCCACTGACAATAAGGATCACCGAAATAAGCATCTGCCGAAGGTAGGATTTCACCGCATCCAGCAGTTGAAGTTTATCCTCTCTGTTAAGGCGCACGGTGAATTCGTCATCGTACATCTGATCGACGATCTTCTGCACTTTCAGAAGGGTCATGGGAAACTGCCGACCCTCTTTCAGCAGCTTGCCCACAACGTTTTCCTTCTCCAGGGCACGGGAAAGATTCTGCTTCAGAATGGGCAGGATATCCTTAATGCCATTGAAATTTTCAATATAGGTTGTTCCCAGCCCTTCGACGATGGCGCTGGCGCGCATGATGTAAATGGTTTCCTGGGGGAGTTTAAAGGGCATCTGCTTCATGGAGCCAAGCAGGTCAGTGGCCAGTTGCTGCATACTGCTGGCATTCAGGGAGTTATCATCGAAGATATCGAAAATCTGCTCTGCCAGATCCTGCAGTTCGTCGGCCGGGGCGTCTTCCGTGATAATACCCAGCTTGCGGGCCGCTGAAACGAGGTTTTCGTAATTGCGCTCGTACGCTGATTTCACCAGTTGAATGGTTGCTATTCGTATGCGTCGTGGTATGCGCGTCACCATGCCGAAATCCAGCAGTATCAGTTCACCTTGACGGTTGACGAGGAGATTTCCCGGATGAGGGTCGGCGTGAAAGTAGCCCTTGACGAGCATCTGCTCTGTATAGAACATCACCAGTTTTTCCATGAGGTCATGAAAAGAGATGTCAAGCTTCTGCAGGTGCGCGCGATCATCAAAACGATACCCCTCCTCAAAGCTCATAACCAGAGCGTCTGCACATGAGTACTCCGGGTAGGGGACGGGGAAACGCACCTGAGTCGTGGCATAGACTCCACGGAAGTGTTCAAGATTCTCCAGTTCCCGTGCCATATCGACTTCCTGCAGGATCATGGTGGCGAAGGCCTCAAGCACGGATTCCACGGAATTGCGGGTGTAGTCGGAGAACAGCGGGCGGAAGAGGTGGTGGAAAAAGCTGAGAATGCGAATATCCTGCGTTACCATAAAGGCTATGGCATTGCGGCGAAGCTTCACCGCCACCTGCTGGTTATCGACCGCCAGGGTGGCCCGGTGCACCTGCCCGATGGAGGCGCTGGCCATGGCCTCGTGCTCAAACTCAGCAAAGATGCCGCCATTGCCAAAAGCCCTCTTGAAGACCGTCTGAAAGTCTTTGGGGCTCATTTGGGGTATCTGGTCGTGTAACTTTCGTAATTCATGGATGTACGCAGCATCAAAGAAATCCGTGCGGGTGGCAAGCACCTGGGAGAGCTTTATAAAGCTGGTTCCAAGCTGCTGGATGATGAGCAGGAGCATTGTTGGTGACAGCGGACGTACGCCGAGAAAATGCTCTTTGCGCTTGATGAGCAGGAAAATAGTCAGGAGAAAACGAAAGACGCCGTAAATCCTCAGCGGATTATACAGCCGGAAAAAAAGGGCTATGTGGGTCGACAAAGGTAATCCTTCAGCTGGCTGCCGAGAAAACGCCTTCTGCAGTGTTGCCCGCTGTCGCAGATCGGTGCAGCGCACTGTATGTCCACGTCACTCCTCGATCTGCAAGCTTCTGGCGCCTGGCGTTCTTCATTTGCCTGCCTGATTTCTGGTATTTCAGCAAACCGTTACAAAAAAAGCGTATCCACACATGGATACGCCTGGGAGTTTACTCTTTCCGGGTGAGTTCTTCGCGGAGCTTTTCCAGGTCCTCCCTGGTCACCAGATCCAGTTCGTGCACCACATCCTTGATGATCTGCCGAAGTCTGGTTTCCAGTTGCTCGCCTTCGGATTTTCCCTTGGCGATGGTCTCATCAACAAAACTCCTGGCTTCTTCACGACTCATCTTCCCGTGCCGCGCGAATTCGTCAACCAGGGATTCAATTTTCTCCCTGGTCATCAGGGCGCTTCCGAGACCAAAGAGGATCAGATCTTTTATCCTGTTCTCCATGACAAACCTCCATACGTGTTGTCACGTTTAAGGTAAGCAAAAGATATCGCGGTTTCAAGGGAATTCGTGCATGGAGTCTCTGCCTGCGCTCTCAGTTCCAGCGGCACAGGATTGCCAGGGCCGTGTTGACCCCATCGACGGCGGCGCTGACGATGCCACCAGCATAGCCGGCACCTTCGCCACAGGGGTATATCTGAGGCCAGACACTGCTGGACAGGGTTTCACGTTCACGGGGGATGCGCACTGGGCTGGACGTTCTGGTTTCCGGAGCAATCAGCAGCCCGTGTTCAATAAAACCGGGCATCTTGCGCTCAAATTCCCGCAAGCCGTGTCCCAGTGCCACGGTCACTGGTTGTGGCAGCAGGTGGTGGAGATTCGCCTCAACGGGTGCAGGCGAGCTGCTTGAGCCAGGCAATTGCCCCTGTGGCGTACCCCACAGAAAGTCGGTCGCGGTCATGGCTGGCGGGCGGTAGCTCTGGCTGAAACGGTAACAGGCGGATTCGATGGCGCGTTGATAGGCCAGGCCTGCCAGGGGATCAGTGCTGCCGAAATCGCGCTGATCGACGGTGACCACCAGGGCGCTGTTGGAGTATTTCGCGCTGCGACTCTGGTAACTCATGCCGTTGACAGCGATATGATCCACCTCAGAGCTGGCATTCACCACCAGCCCCCCTGGACACATGCAGAAGGTGTAGACTCCGCGTTCCGCACACTGTGCGCTGAAATGATACTCTGCCGCCGGCATGTTCAGGTGCCAGTGGCCATACTGACTGCGATCCACCAAGTCACGGGGATGCTCTATGCGTACTCCCACCGCCAGGGGTTTTGATTGCAGCTGCAGTTTGCGGCTGAGGCGCTCGAAGGTATCGCGGGCGCTGTTGCCCACAGCCAGTACCAGCGCGTCACCATAATAACTTTGCCCAGTGGTCAGCGCGTCAACCCCGGAACCATGGGGACGAAGGTCAACCACTTTCTCGCCGAAATGCAGTGAGACGCTGTGCATTTCAAGTTGCTCACGGAAGCGACGCAGCACCTGCTGCAACTGATCGGTACCCACATGGGGTTTCGCGTCCCAGAGTATGGCTCGACTGGCTCCCAGACTCACCAGCAGGTGCAGCACAAA
CP084704.1_gap34	1502877	1506526	3649	TTTTCCATGGGAGAGTCCCATGAAAAGCGTTTCTATCTGGAGTGCCGCCGGATACGCTGAGCGTATCCGGCAAAACACAGAAGTAGTCGAAACCACTGATAAGAGCATCGCTTGAAAAATTTCTCATAATCCCCCTTAAGTTTCCTCCCGGCGTTTCCGAAAAGCTTCCCAAAGGCAAGGATGCCAAACGAAAACTATCAGGGAGGATAGTGCCATGTCGATGTCTGTACTGTATAACAACCTGCCGTCTCTCAATGCGCAGAATAATCTGCGCGTCAATTCCAGTGCCCTTTCCAACTCCATTGAACGACTCTCTTCCGGACTGCGCATCAACCGTGCATCCGACGACGCCTCGGGACTTGCCATCTCCGAGAAAATGCGTGGTCAGATCAGCGGTCTGAACCGTGCTGTCGCCAATGCTCAGGATGGTATTTCTCTGATTCAGACTGCTGAGGCTGCTCTGAACGAAACCACCGCCATTCTGCAACGTATGCGTGAACTGGCTATTCAAGCCGGTAACGGAACCATGACGTCCGATGATCGCCAGCACATTCAGCGTGAAGTTGATCAGCTGAAGCACGAAATCGATCGTATCTCCACCTCAACCGAATTCAATACGAAAAAGCTGCTCAATGGCGATGCCACAGCACGCTGGAGTACCTCCAACCCCAATCTGATGGAAGCCATCATCCGTGACCGCGTGGTTTCCGGCAACTATCAGCTGGACGTCACCGCCAAGGTGGGCAAAAACCAGGTGCTCAAGTCCAACATCATGGCCCTGCGCGAAGGCGCCTTTGCCGGGGATGTGCTGACGGCCAATGGCGTAGCCTTGACCGGCCAGACAAATTCTTCCGGCATTGCCGGCATCTATGCCGCCGAAGGTGTTCGCACAGGTGGCATCAATGAGCGCACCTATGTGGTAAACGTACTTTCCAACCTTTCCGGTGGCGGTGCTAACGTCATCAGCGGCGTTTCCACCCTTGGCGGAACCGATGGCGTGAATACCCTCACCACCGGTGGTGTCGGAGTCAACGGTTTCTATCAACAGTCCGGCTCAAACTGGGGCATCGCATCTACCGGTGGCTTTGGTCCCATGGGTAATGTTGATGGTATGAATCGATTCTCGTCCGCTGGTGCCTTTGTCGTATCCGGCTACCACGGTTACGTGGAGATCGAGTTCATAAAGGACATGCACCTCTCAGCAGGCGCGAACGTCAGCGATGCTGCCCGCGTGCGCTTCATCGACGTCAAGACCGGAGAACCCACTGCCTGGACCACCATTGATATCGCTGGTGGCGAACTGGAGCTGGACTCAACAGCCATATTCGGTGCTGGTGCAAACTTTGCGCTTCTCGATGGTTCCATGATCAAAACCGGCGACAAGATGCTGTTGAGCGTCGACGCTGCCCGCAGCCTTACCGCAGCGACCGTATCCCTTGGAAATGGCGCTTTCAAAATTGACGAGCGATACCTGAATGAAGTGGGAACCGGATCCGTGGTACACAATCGCGGAGCTTACTACATCATCACCACTGGAACCACCACCGGCTCAGGCGATGGCCTTCAGAATGTTGTCATCAGTCAGGGGAACCTGACTCACGAGTACCACCTGGCACAACTTGATGCTTCAACGGGTGCCGTTACCATTGGCGCCATTAGCCTGGATTTCAATGCGTCGGCTACAGGGACCCAGACCGATGACTCCCTGGCCATGGAAATCCGTGGAACCGGTGGTCTGGCTTCATCCTACACCAGGCTCAGGGATATTGAGGTATTTATCACCCCTGATGGCCCCAGTGTTTTTGAGACAGCCCAGAAGCTCACCATCTACGGAAATGGCAAATCTGCCGACGTGTACCTGGAAGGCAATGATACCATAGCCCGCCTTGAAGAAAAGCTGACCAAAGCCATTACCCAGGATCTGGGGATCACCATGGGCAACGTCAGCACAGATAATCGCGTGGTGGATTTCATCACGAAAGGTTCCGGTGTCGCAAACTCCGATGCCGCCGTTGACGGCACCATGGTCATTCGGTCCCTCTTTAATGGCGCCCAGGGCGAGCTGGCTTTCGTTGCCGACCAGAAACTGCTGGACGCTCTGAACCTGGCAGAAATTCAGGAAGCCGAAGAAAACCTCTACAGTGTCACCGTGCGTGACGCGCACACCGGCAGACCCGTCGGCAGTGATGTGGTAGGCGATGGCGTCATGAAAGACACCATCCAGGGTGTGGATGTGCACTTCAAGGGAAATATCGGCATAGGCGCTTCCTTCAACGAAACGCTGCAGAAATTTGACTTCACTGCCGACACAGATCCGGCAACCATGTATCTGCACCTGGTGGACTCTTCCATGAGCTTCCAGATTGGAGCCAACGAAGGCCAGACCATGCGGGCCAACATTGCCCAGATCGATGTGAAATCACTCGGACTGGAGAATGTCTACCTTGTCAGCCAGGAGCTGGCCCAGGAGGCCGTAGGACGGATTGATAAGGCCATAACTCAGGTTTCCAGCGAACGGGCCAAAATGGGTGCCATCTCCAACCGACTGGACCATACCATCAACAGCCTCAGCATTGCCGCAGAGAACCTGCAGGCTGCTGAATCCCGTATCCGTGACGTAAACGTGGCCAAGGAAATGTCCCAGTTCACCCTCAACCAGATGCTTACCCAGGCAGCCCAGAGCATGCTGGCCCAGGCCAACGCCATGCCTCAGGGAATCATGCAACTGCTGGCATAACAGAGACAGACAGTACCATCGACCGGTGATCCGGGGAGTCGGCAGCTCCCCGGACCTCCCCGGGCGAGGAAAGAGTCTGTCCGCCAGGGCTTTTTTCCCAGAAAGCCCTGACCGCCGGACTCTTCGGCAGAAATCGCTAACCCGCAAGTCCTCTCAGCCTGGTTCCCAGGCGCGTTAAAGAGAGGCAGGATAACTGACAGGAGGTGTTCCAGACAGAGAATCAGGACAAATCTCGCAAAGGCCTGAGCCAGTGGAGAGACGGCAAAAACCGCCCCACAGGCAAAGGCACATCACAGCTCTTCAAGGATGAAGAGCACACCAGGTGCTGGTACCACCTGAACAAATCACGGAGGATATTGTCATGTCCAGTGTTATCTACAACAACATTCCGTCTATCAATGCGCAGAACAACCTGCGCGTCAATTCACAGAACCTTTCACAGTCCATTGAGCGCCTGTCTTCGGGCCTGCGCATCAACCGTGCTTCCGACGACGCCTCCGGTCTGGCCATCTCCGAGAAGATGCGCGGACAGATCCGCGGCCTTGACCGCGCTGTCGCCAACGCCCAGGACGGCATCTCCCTGATTCAGACCGCAGAAGGCGCTCTGAACGAGACCACCGCCATCCTGCAGCGTATGCGTGAACTGAGTGTTCAGGCCGCCAACGGCACCCTGACCTCTGACGACCGCCAGCACATCCAGCGCGAAGTGGATCAGCTCAAGAGCGAAATCGACCGTATCTCCACCTCCACCGAATTCAACACCAAGAAGCTGCTCAATGGTGACGCCACCGCACGCTGGAGTACTTCTGACAGTGACCTCATGGAAGCCATCATCCGCGACCAGGTCATCACCGGGAACTACAAAATCGATGTCACCGCCAAGGTGGGCAAGAACCAGGTGCTTAAGTCCAA
CP084704.1_gap35	1508328	1512712	4384	TGCAGGCTGCAGAGTCCCGTATCCGCGACGTGAACGTGGCCAAGGAAATGTCCCAGTTCACCCTCAACCAGATGCTGACTCAGGCTGCCCAGAGTATGCTGGCCCAGGCCAACGCCATACCTCAGGGCATCATGCAGCTCCTGCGATAAACCATGGACGGTTTCGCAGTCACACCACATCATTCGGACCAGGCAGGGTTCAACTGATGAAAGGCCGGGGAGTTCTCCCCGGCCTTTTTTTTATCTGATATCACAAAACGACTAGTTGAGTCATAAGGATAACCCGCAAGCGCCCCCGGGTTTTCCCTCCTGTTTCAGACGCGTAAGCTCCTGTCGCATTTGAATCTCCTCGGCCCAGCGCTCGGTTTCATCCCTGACTATGGCTCCAATCGCCTCAGGAGTACCGCACTCATTACTAAGGACGACTACCGTAAAAGCGATAGAGAGCGCACGACCTTTCTGATCAATGGCTGGTACCCGCAGTACTGTGGTGCCATACCGGGTAATCCCGGTAGCCATCGTCTGGTGATACCCTTCCCAATGGCGCTGGCGAAAGCGTTCTGGAATGATAATATCCAGAGATTGGCCCAGGGCTTCAGTTTCACTGAAACCGAAAATACGGCCAGCCGAAGCATTCCACAAGACAATATTTCCAGCGCGATCCGAGGCCAGGATGGCATCACCTGCCTGCTCGACAAGCTGTTGAAAGCGGTTGTCACGGCTCATGATCATACTCTTGCGTGACGGTGTTTATCGCGTCAGCTGACGGTACTTGATGCGGTGTGGACGCTCAGCTTCCGGGCCCAGGCGCTTCTTGCGATCAGCTTCGTATTCACTGTAGTTGCCTTCAAACCAGATCACCTGACTGTCGCCTTCAAAGGCCAGGATATGGGTCGCAATGCGGTCCAGAAACCAGCGATCGTGGCTGATCACCACGGCACAGCCGGCAAAATTCTCCAGAGCTTCTTCCAGAGCGCGCATGGTGTTCACATCCAGGTCATTGGTGGGTTCGTCAAGGAGGATGACGTTGGCACCTTCCTTCAGCATTTTTGCCAGGTGAACCCGGTTGCGTTCGCCTCCCGAAAGGTTGGCCACCTTCTTCTGCTGATCGGCCCCGGAAAAGTTGAAGCGGGCAACGTACGCCCGTGAATTCACCAGCTGATTGCCGAGTTTTATCTGTTCCTGTCCATCGCTGATGACATCCCAGATGCTCTTGTTGCCATCCAGTTGGCGGCTCTGGTCCACATAGGCCAGCTTGACGGTTTCACCAATGCGGATGCTGCCGGTGTCAGGTTTTTCCTGTCCGCAGATCATGCGAAAAAGGGTCGACTTCCCCGCTCCATTGGGACCAATAACACCCACAATGCCACCGGGGGGCAGGGAGAAGGAGATGTTTTCCATGAGTATGCGGTCTTCGAAGGCTTTCGTAATGCGGTCTGCTTCGATGACTTTATCGCCCAGCCGTGGCCCAGGCGGTATGTAGAGCTCCAGATCCTTGGCTCTTTTTTCGCCTTCTTCGCTGAGCAGCTTTTCATAGGCGCTGATGCGTGCCTGGCTCTTGGCGTGACGGCCCTTGGGGGACATGCGTATCCACTCCAGTTCGCGTTCCAGGGTTTTCTGACGGTTCGATTCCGACTTTTCCTCAAGACGCAACCGCTCCTGTTTCTGCTCAAGCCAGGAAGAGTAGTTCCCTTTCCAGGGGATACCTTCGCCACGGTCCAGTTCAAGAATCCAGCCGGCCACGTTATCGAGGAAGTAGCGATCATGGGTTACGGCAATAATTGTCCCTTCGTATTGCTGCAGGTGATGTTCCAGCCAGGCGACGGATTCCGCGTCAAGGTGGTTGGTGGGTTCATCCAGCAGAAGAATATCTGGTTTTTGCAGCAGGAGACGGCACATGGCGACCCGCCTTTTTTCTCCGCCGGAGAGGACACTGACAAGAGTATCAGGGGCGGGGCAGCGCAGGGCATCCATGGCCATTTCCAGGCGCGAGTCGAGATCCCAGGCGTTCAGGGCATCCAGCTTGTCCTGAACCACTGCCTGGCGATCACACAATTTGGTCATCTCGTCATCGCTCATGGGTTCAGCGAATTTGAGATTGTTTGCTTCAAATTCCTTCAGCAGGTCCACCGTTTCCTGGGCTCCTTCCTCCACCACCTCGCGTACGGTTTTGGTGCTGTCGACCAGGGGCTCCTGTTCCAGAAGGCCAACGGTGTAGCCGGGAGCAAGAACGGTTTCGCCATTGAAGTCCTTGTCCACGCCTGCCAGTATACGCAGCAGGGTACTTTTTCCCGAGCCGTTCAGGCCCAGTACTCCGATTTTTGCGCCGTAAAAGTAAGAGAGGGAAATGTCCTTCAATACTGGTTTTTTATCGCGAAATTTACTGACCCGGATCATGGAATAAATGATTTTGTTCGCCTCTGTGCTCATGGTACGTCAGCCTCCAACAGAAAATTCAACATCATGCAGACACTTCAGGCATCATACCATTCCTGGCTCTTACTCCCGAGGGTATCTACAGGAATCAGGATAGCATGACCCAGGCGGCAGTCGCAATCAGTGGCTTTTCCCTGAGCCCAGGAGCGGTGCTCGCGGGTTATCCTCTTCGCCAGTGCGGAACTGACTGAGCATCTGCTGGACGTCGGAGGCCAGCTGCGAGAGTCCAAGGGATGCCTGGGAGATTTCGTTTGCCGAGCGGGCGGTTTGTTCAGAGGCAGCGGAAACGGACTGAATATCGCCACTCATCTGGTCAGATACGGCAGACATCTGTTCCATGGCCGCCACATTCTGTTCTATGCGCTGCAGGAGGCTTTCCATGCTCAGCAACACCTGTTTGAATGAAGATTCAGTGCGCACCGCCAGGGTACTGCCAGTGCTCGCCTTTTCGCTGACGCTCTGCATGGCACCGGACATCTGGGAAACCCCGCTTTGAATGCTCTGCACTATGGCGGTAATTTCTCCCGTGGATTGGCCACTGCGTTCTGCCAATTTACGCACTTCGTCTGCCACCACCGCAAAACCGCGTCCCACATCACCAGCTCTCGCCGCTTCGATGGCGGCATTCAGAGCCAGCAGGTTCGTCTGCTCAGAAATATCATTGATGGCGGCGATAATCTGCTCAACCCGAGATGCCTTTTCTTCCAGGGCGCGGGAATACTGTTCCGCCTGACGCACATGCTCAAGGATGGTGTTCATTTCCCTGGTCGATTGACTGATCAGATCACCACCACCGCGGGAGGCATCCACGGTGGTCTGCGCGTCCTGTTCAATAGCGCTGGTATTCTCCATGAGGCTGCGTACGGTTTGTGACATCTGTAGCGATGCGGAAGCTATCTGTGAAATATTACCGGCATGATGGGCAATGCCATCGCTCATATGAGAGGAGGAACTGGAAAGCTCCTCACTGGATGAAGCCACATCTGAGGCGGCTTGACGTATCCCCTGAACCATCTGACGCAGATGATCGACCATGGCGTTGAGGGAGCGCGTCAGATCGCCGATTTCATCACTTCTCTGTAACTCCAGGTGTTCACTGAGATCTCCTTCGGCTACTCTGTGTACAAATTTTGCTGCTGTGTTCAGCGGTCGCACAATCATCACCGTGCTCACCAAAGCCAATGTCAATGCTGTCACTACAGCGAGAATGGCTCCAATAATCAGCATCCGGCCAGAGCGTGCCACCTCCAGTGCCATATAAATATCAGTCGCTGTCAGGGCAGCATTGACGGAGGAATTCACTGCCTCCAGACTGGTACGGAACTGGCTCGCAGTTTCGCGTAATTCGTAAACCGCCTCAGTCCACATGTCCAGCGTATGGCGATACTGCCGCATACGCTCTACTGCCTGGTCAAGCTGCTCTTGCAGTTCAACTCCGGTTCCATGAACCTGTGCCCAGGACTGGATGCTGTCCGCGACATGGAAAATCTCCAGCAGCTGTTCCCACGCTTCATTGATATACTCTTCATCGAGGGTGTTTTCATAGGATTCCACATTGAGATTCACCAGGGCGATACGCTCAGCGAGGCTGGTCTCAAGGCGCACCATGGCCAGTGCTTCGGCAAAGGCACTGGTGCTCATCTCCCGGTTTCGGCTCCGCAGAAGATCAGCCAGGGCATCGCCGGTATATCGCACATTGTCACGCAGCTGCGCTGCCAGCACATCCATTTGCCCTGTGGCATCCTGTTTCTGGCCCACCAGCTCGCGATAGTGACGGAATTGCTCGGATACCTGACGAAGGGTTTGTTGAGAATCCGCAAGATGCTGCCGAATCTCTCCATCAACACCGGTAAGAAGTGTCTGAACCTGCTGAGCAGAAGTGCTCAGACCCGTAAGTGCAGATGCGAAGTCCTGCGGTTCCTCGCTGGCGATATATCGTTGAATCTCTT
CP084704.1_gap36	1523252	1524864	1612	TCGGCACATTGCGGCTGCGCGCCTTTTCCACAACACTGGCAATGCGCTCCGCAGAACCGATATTTCCAGGGTTGATGCGTAACCCGTGCACTCCAGCATCAAGCGCGCGCAGGGCAAAGGTATGGTTAAAGTGGATATCGGCAACTACGGGGAGAGGCGAAAGGGGAACCAGCTCCGCCAGACTGTGGGAGGACGCCTCGTCGGGAACGGCGACGCGTACGATATCGCAGCCGGCAGTGGCCAGCTCGCTGATCTGTGCCACTGTTGCACGGATATCCGTGGTCCTGGTTGTGGTCATACTTTGAATGGAAACGGGGGCAGAGCCCCCGACCTCAACCTTGCCGATCCACAGTGATGGTGTCTGACGTCTCTGAATCGACATCATCAGTGCCGGAAGTGACGCATGCCAGTCAAAACCATGGCGATGCCATGCTCATTGCAGGCAGCGATAACTTCTTCGTCCCTGACCGAGCCACCTGGTTGAATGATGGCCTTCACGCCAACAGCGGCTGCGGCGTCAATGCTGTCACGGAAGGGAAAAAAGGCGTCAGATGCCATCACCGTATCTTCGATCGGCATCTGCGCGCGCTGCACTCCCAGGCGGCTTGAGTCGACCCGGCTCATCTGGCCAGCGCCCACGCCGACCAGTTGACCATCATTAGCGTAGACAATGGCGTTGGACTTGACGTGTTTGCACACTTTCCAGGCAAAGATGAGAGCGCGGTACTGCTCGGCCGTCGGCTTGATTTCAGTGGCGACCCGACAGGTTTCAATATTGTCGATCATGCCGAGGTCGCGATCCTGCACCAGGAATCCGCCGGTAACCTTGCGCACGAATTTCTCACGATCACGTTTCGCGTCAAGGGTGCCAGTCTCCAGCAGACGGATGTTTTTCTTGCGAGTGAGTATTTCCAGAGCCTGCGGGGTAAAGGAAGGTGCGATAATAATCTCCACAAAGAGCTGAGCCATTTCGCCGGCAGCTGTCTCGTCTATGGGGCGATTGGCGGCGATCACACCACCAAAGGCGCTGACGGGGTCAGTTGCGAGCGCTTTTGTATATGCCTCGGCTATGGTCCCAGCGGAAGCAACACCGCTGGGGTTGGTGTGTTTGATAATGACGACAGTGGGCAGTTGGAACTCTTTAACCAGTTCCAGAGCCGCGTCAGCGTCAATGATGTTATTGTAGCTGAGTTCCTTGCCATGCAGCTGCCTGGCGGTCGCCACACTGGCCTCACTACGGAAGGGGTCGCCATAAAAAGCGGCCTGCTGGTGTGGATTTTCGCCATAACGCAGGTCCTGCAGTTTCGCCCCGCTCATTACCCAGGTGTCTGGAAAGTCCACAGACTGCTCTTCATTGAAATATCCGCTGATGATGGCGTCATAGCTGGCAGTGTGCAGGTAGACCTTACGGGCAAGATTCCTGCGCGTATCAAAGCTTACCACTCCGGTGGATTCAACTTCAGCCTGCAGGGCAGTATAGTCGCTTGGGTCCACCACGACTACCACATCCTGATGATTCTTGGCGGCACTGCGCAGCATGGTCGGCCCACCGATGTCGATGTTTTCAACGGCTTCCTCGTAGGTGCAGCCCTTTCTGACTGTCTGTTCAAAG
CP084704.1_gap37	1528282	1528828	546	AGCGTTCTTGGCAGCGGGAGCCGGGGGTGAAGTTTTTTTGGTGGGTTCAGACGCTGGGGCAATGGGGTGGGGATCAGCGACCGGAGCAGTTGCGGCAACTGCCGCGGCAGGGCGGGGCGACACAGCAGGCGGAACTGCAGCCGTTTCTTCGGCTGGCAGAGGCTGGGGCGCTGGCGGCGTCTCATGGTCCAGAACGACTTCGCCTTCTTTGCCTTCGGTAATCAGGTGCAATCGCTCGACAACCCCGCTGATATCCTGCTGGGAGTCGCCACGGCCTGAGCGAATATCCTCAGTGATGCTCTTCACCAGATCAAAGGCTTCCAGCAGAATATCCATGGTATGGGGATTCATGACAAGATCGCCCTTGCGCAGTTTATTCAAAACATCTTCAGCATGGTGAGTCAGCTCCGCCATGGTGGTAAAACCCAGAAATCCGCTGGTGCCCTTTACCGTATGGGCGCAGCGGAAAATGGCGTTCAGGAGGTCGTAATTATCCGGACTGTTTTCAAGCTCGATAAGATCCTGGTCAAGCTTTTCCAGCAGTTC
CP084704.1_gap38	1544615	1548164	3549	ATACAATTTCACTGCGCAACCGTAACTTGCCCTGGGCAGTGGAGATATCCTCATATTTCTTACTGGAGAGGATTGTCAGGACCGCATCGCGAAGCTGGGGGGAGCGCCGATCAAGTTCGCGGGCCAGACGGGGATTATCCATCTCAAGCTGAATGGTCACCCGCAGATAACGCTTGCCGAGGACGTCAGCCAGGTTCACGATAAACGTATCCATGGGGTACATGGTGCCGATTTCCGTCGTCTCTGTTGGCGCACCCGGAACATCAGCTCCCGCGCCAGGAGCCGCGGCAGGCGCAGGACTGCGCAACAGGAAATACGCACCTGCACCAGCCAGCAGCAGCACAAGAACGAGTATGAGTATAATAATAAGAAGCTTTTTCGATCCACCACCCTTCGCCGGCGAGTTGGACGACTCCTTCTCTTCCTTGTCTTCAATGGCCATATGTGTTCTCCTTATACGGTTCTGAGTCCATTTTTTAGCATAAATTTCCGACTGAGGTAAGTGAAATAGGGCTAGGGCGTCAACATTTCACGCAGTCGCTGCAGCTCCTGTGACTCTTCATCAAGGCCTTCAAAGTATATCTCGACCCGTCGGTTTTTGGCGCGGTTGCTTTCCGTAATATTGGGAACCACTGGACTGAACTCGCCATAGCCTGCCGCCACAAATATCCGTGGATCAAGGTTGCGGGCCTGCACAAAGTACTTCACCACATTCACAGAGCGCGCCGTGGAGAGCTCCCAGTTTGTGGGGTAACGCGATGCCGGCACCTGCACATTGTCCGTATGTCCTTCTATGCGCACTTTACGCTTTGACTGGTGGATAATGGCGGCCAGCTGATCGAGAATCGGAAACGCCGCAGGCTTGATCTCGGCGCGGCCACGATCGAAGAGAATCTCCTCGGCCAGGGTCACCTTGATTCCCTCGGTGTCCTGCTGACTGTCCACCTCGACACTGTCTTCAAGTCCCGTGGCCTGCACCATAGCCTGTATGGCGTTGATAACCTCTTCCATCTGTATCTGCTCGACTTCCTGGATCTGGGCCGTCACCACCACCGGAACGGGTGAAACTTCCGTCTGTCGTCCAAGGTTCAGGACACCGAGGGAGTCGCGCAGAGTCCCCAGGGATTGGACAATCTTGATTTTATCCAGGGTTGCCATGGAGAGCAGCAGAATAAAGAACGTAAGCAGCAGGATCGCGAGATCCGAAAAGGTAACCAGAAAGAAAGGGGCACTTGGCTGCGCACGCTTCTTGCGGGGCTGACGTTTCTTCATGAGTCAAACTGTGTTTTGCGTTGGGAAGGTGGCAGGAAAGCATTGAGCTTCTGCTCAACAATGCGCGGGTTGTCTCCCGCCTGTATGGACATAATACCCATGATGACGATCTCCTTCACCAGCAGCTCTTCCTGGGAGCGCTCAGCGAGCTTCCCGGCCACCGGCAGGGCAAACATATTGGCGATCATGGAACCGTACAGGGTTGTCAGCAGAGCGATGGCCATGGCAGGACCGATGGTGGAGGGGTCGTCCATGGTCTGCAGCATGGCAACCAGACCGATCAGGGTACCGATCATACCCATGGAAGGCGCGAACATGCCGATGGAGTTGAGTATACCCATTCCCGACTGGTGTCGCTGAGCAATATACTGCAGCTTTGTCTCCATGATAGCGTTGACGAGTTCAGGGTCAGTGCCGTCGACTGCCAGTTTTATCCCTTCACGCAGGAATTCGTCATCAACCTCTTCAGCGGCTGTCTCCAGTGCGAGAATACCATCGCGACGTGCCCGCGTGGCAAAATCCACCAGCCGATTAATGACCTCTGTGGGATCTTCTGATTTATGAAAAAAAGATTTTTTCACCACGCCCATCACACTGGTTACCTGTGAAAGGGAGAAGTTGATGAGGATAACCCCCATGGTTCCGCCGAAGACGATCAATACTGACGGAATGCTGACAAACCAGCCCAGGGAGCCGGCAAGGGCCATGGCCATGATTACGAGACTAAAGGCAAGTATTATACCTACAAGTGTTGCAATATCCATAGACCCCTCTTCGCGATGAAAACATAACCACTGACATTAATTAGCAAATGCTCAATACTCCGTCAACAAGTGAAATCACAGGTATCGGGAACTGAAGTATCCTGATATCACCTATCGTCGTGACAACGAAATTACTTTACTGTTTCGTTGCGCCGATCTCCTGAAGTTTTTGTGACTTCCGCATCATGCTCTGAATGTATGAGAGCGCAACCTCTGCAAATTCATGACTTTCAATGAGGACAGATGCCTCCCGATTGTGGCGTAAGGCGCTCACCGTGTAATTGTGGCTGCCCATGAGGGTCAGGCGCTCGTCCACCACCAGTAGCTTGGTGTGCATGCGCGCCGCCGAGTAGAAGTAGCAGTTGACGCCGAAGTATGCCAACCCCCTGGCCGTATCCATATTGGCTTCCATCAGGAAATGGTCAGACTCGTCGGTCTCTTCAAACAGCACATGCACTTCAACGCCCCGTTTTGCCGCGAGAATCAGTGCTTCCTGCAGGTCGGCGGCAGAATTCTGAAATGGACTGTCTGTTTTGAAGATGTATATGGAGAGGTAAATGGAATCTGTGGAACGGGAAACCACATCCAGGAATACCTGACGGAAATCGCGGTCAAATACCGGCGTAACCTGGGTGGCACAGGCGCCAGAGAGATACGGGGGGAGCAGAAGCAGCAGGATTAGTCCAAACAGAACACGACGTGCACGGGGAAAGTCCAGGTGCCCTGTCCGTATTGCAGCCGTCCCTGTTCTGCGCATACCTACTCCTTTTTCCGGCGGCACATGCCCATATTTATATCGTAATCCTGAATCTTCTTGCGTACCGTATTGCGATTCACCCCCAGGATCGCGGCCGCGCTGACCTGGTTTCCACCGGTATACTCCAGCACAATCTCATAAAGGCTCTTCTCGGCACTGCCGATAATGAGTTCGTGCAGATTCCCGGTGCCATGATCCATCATCTGATGCAGGTAGGGAAGTGCGGTGGAACGGATCATCTGGTGCAGTGTCTGGGACGATTCCGGTGCGTTGAAGGGCACCCCGTCACCGTCAGTCAGGGGGAAATCCTCTGGGGTCAGATAGGGGAGATTCGAGAGCAGCAGCGCTCTGCGCACCACATTCTCCAGCTCACGGACATTTCCCGGCCATTCGTACTGGCGAAGCTTGGCCAGCGCCTCGGGAGTCGGCTGCTTCTGGGGAACACGATACTCCTGGGAGTAGCGATAGATAAAGTAGTCGAGAATCTCCTTCAGATCCTCCATGCGCTCACGCAGTGGCGGCAGACGAAGACTGAAAACATTGAGCCGATAGTAGAGATCCTCGCGGAAGAGGTTCTTCTTGACCATCTCCAGCAGGTTGCGATTGGTGGCGGCGATAATACGCACATCAACGTGATAGATGCGGGAGCTGCCCACCGGGGAAACTTCACCCTCCTGCAGAACCCTCAGCAGCTTTGCCTGCAGGTCAAGGGGCATATGACCCAGCTCGTCAAGAAAGAGAGTGCCACCCTGGGCC
CP084704.1_gap39	1560908	1561777	869	ACCAGAATACTCTGCTGGGGATTGCGCAGTACCGTGGCGATCTCCTTGAGCACACCCTTCTCAAACTCATTATGGTCAAAGGGGGGATTGGAGGGAGCCGTAACCGTATTCTGACCAGGTATCTGGCGCAGCACGGCGCTGAAATCAAATTTCTTCGCCAGCGGCTGATCAACCACTTCCAGCAGGTCAACGCGACCCACGGCCTCCTGCAGTGAGCGCAGGCCCAGAGAGGCCAGAATCTCCCGCACATCCTCGGCCACATTGGTCAGGTAGGCGACCACCTTGTCCACCGTGCCCTGATAGTGTTCCCGCAGCTGGTCGCTCTGGGTGGCGATGCCCACACTGCAGCGGTTGAGGTGGCAGACCCGCAGCAACTTGCAGCCCAGAATGGCCAGCAGAGACGTTCCGAAACCATAGCTCTCGGCGCCCATCAGCGCTGCCTTGACCACATCACGCCCCGTCTTCAGGCCTCCGTCGGTCTGCAGCTCCACCATCTGGCGCAGGTTATTGGCCTTCAGAGCGTTGTGAGCTTCCGTCAGTCCGATCTCCCAGGGGTTGCCAGCAAACTTGATGGAGGCATACTGAGCCGCACCCGTGCCACCATCGCTGCCGGAAATGATGATCTTATCGGCATAGGCTTTGGCAACACCAGCGGCAATAGTCCCCACCCCGGCAGAGGAGACCAGCTTGACACTGACGCGCGCATCGGGATTGACCTGTTTCATATCGAAGATCAGCTGGGCAAGATCCTCAATGGAGTAGATATCATGGTGGGGCGGCGGCGATATCAGTGTCACACCGGGAATGGTGAAGCGCAGGGAAGCGATCAGCGGCGTCACCTTCTCGCCGGGCAGCTGCCCCCCCTCGCC
CP084704.1_gap40	1727784	1730101	2317	AACGAACTCTTCCGTGGCGTGCACACCCTGAAGGGCAGCGCCAACTCCATCGGTTTCACCCGTCTTGGCACCTTTGTGCACAGCTTTGAAGACGCGCTTGACTACTACCGCGCGGGCCAGGGCACCGTGAACACCGCCGTGATCGACACCTTCCTTGACGCGGTGGACGTGATCAAGGACGTCTTTGACGACGAAGTGCAGGAACGCTCAGAACTGACCCATCCTGCCCGCTATGAACAGAGCCTTGAGCACATCCGTCAGCTGCTGGTGCGCGTCAGCCCCGCCGAGGAAACCGAGAGTGCCACCGCAGAAGACACCAGCGACCAACGGCCCAGTCAGACCGCCTACCGCGAAGTGCTGCGTGACCTTGCCGAAGAGTTTGCCAGCGTGCCCGAAGCCCCTGACGACAGCACCGACAGTGCCAGCGCCGTTGGAGGGCGCGCGCCGTCAGATCCCGGCAGCCGTGAGGGCGCAGACCACATTGACCTTGGTGAACTGCAGAGCCACAAAGGCCCCGGCGAGCACCTGTATCACATCCAGCTGACCCTTGACAGCGACATCTACATCCGCGGCTACGACCACGCCATCTTCCTGCGCCTGCTGCGCGAACAGGGCAGCATCCTGAGTGTCCGCTGGGACCTCAGCCGGGTGAGCCACCTGAGCGACATCGACCCGCTGCGCTGCGACATTGGCATCGTGGACATCTATATGGCCAGCGACCATCCCCAGGGGGAAATCGAAGAGATCTTCGAATTCCTTGACGACTTTGAATACCGCGTTCGCGTCGTAGACGACGAAACGAGTGAGCCGGCATCCATAGCCCAGAGCGACAGCATAGCAGCGCCGACTCCGGCACCTTCACCGGCAGCGACTGTTACCGCTGCAACTACAAGCCCTGATGAGGGGCACCGTGAACCGCCAGCACCGGACACTGCCGCCAGCGCACCACCCACCGCCCCGGCAGAGGCATCCACAGAGCTCCCCACAGAGCCACCCACCGCCCCGGAGAGTGCAGACGCCATTGCCGCAGCACCCACTGCTCTTGCCGCAGAGTCCGAGGTCGAAGCGGACCGTGCCGCAGAGCGCAGCGCCCCCGCCAATCGCGGTCGCGACGAGAAACGCTCCTTCGTGCGCATCGACACGAAGAAACTGGACGAACTCTTTGACTCCGTCGGCGAACTGGTGATCGCCCAGAGCTTCCTGACCCAGAACCCCACCATTCAGGACATCGCCGACGAACACGTGAAGAAGACCCTGGACGTGCTGTCGAAGATCACGCGCCTGATCCAGAACCGGGTCATGTCCCTGCGCATGGTCCCCATCCGGGATACCTTCGAGAAGATGCGCCGGGTGGTGCGCGACGCCTCGCGCAAAATCGACAAGGACATCGTGCTGCACATCAACGGCGAAGACACGGAAATCGACAAGAACATGGTTGACGCCCTTGGCGACCCGCTGATCCACCTGATCCGCAATGCCATCGACCACGGCATCGAATCCGACCCCGCCGAACGCACCCTCCATGGCAAGCCGATCCAGGGGAATATCTTCCTGCGGGCCTTCCACAAAGGCGGCTCCATCGTGATCGAAATCAGTGACGACGGCCGTGGGATCAACCGTGAGAAAGTACTGCACAAAGCCATCAGGCAGGGCCTGGTGAGCGCCGAAGAGGAACTCAGCGACACCCAGGTGTACAGCCTGATCATGCAGGCAGGCTTCTCCACCGCCGAAGCCATCAGCGACCTCTCTGGCCGTGGTGTTGGCCTTGATGTGGTGCGCAGCTCCGTAGAACAGCTGCGCGGGAAAGTGGAAATCCAGTCCATGGCCCAGCAGGGCACGACCTTCAGCCTGCAGCTTCCGCTGACGCTGGCGATTATCGATGGCATGCTGGTGCGCTGCGCGCACGAGACCTTTATCATCCCGACGCTGTCGATTCTGGAGTCCTTCCAGCCCAGCAATGACAGCGTGTTCACCTACCAGGGCAAGGGCGAGTTTGTGAAGCTGCGCGAAGAAATCCTGCCCATCGTTCGCCTTGATGAAGTGCTGAATATCAGGGCTGCAAAGCGCCTGAAAGCCGCAGAAGCCACGCTGGTGCACGTAGAGAACGACAACGGCCACTTCGCGCTGCTGGTTGACGAACTGATCAGCCGTCAGCAGGTGGTGATCAAGCCCATCGGTGAAGGGAGCATCCGGGTGCCCCAGGTCTCCGGTGCGGCAGTGATGGGCAATGGAATGGTTTCCCTTATCCTCAATGTGGAAGGACTCTACTGAAATGGTTGATGAGAAGGCTCTCACGAAGCGGGAATTTGACTTGCTG
CP084704.1_gap41	1801473	1806108	4635	ATGGAGCGCGATGAACGCATTGTGGAAATCCAGGATAACTACGACAAGGAGAACTTCTACCTGCGCGTGCTCCCCGACCGTGACATGCTCTACCACCACGGCCTGACCACCCGCGATGTGTCCAGTGCCATCGACCTCTTTTTCAAGCGCCAGAAGGTCATCACCATCTATGATGACCGCAACGAGGAGTTTGATATCGTCCTGGGAGTGCAACCGGAGTACTCCTCCATTCCCCGCATGCTCGCGCACACTATACCCAATCCCCAGGGACAGCAGGTCGCCCTGGGGGAACTGATTGCCATTGAGTACAGCAACATGCTCTATCAGGTGAACCGCAAGAACAACCAGCGGGCCATCACCATAGAGTCACAGGTACGCGACGGCATCAACGCCTTCACGGTTCAGCAGGATCTCGACGCCTTTATCAGAACGCTGGAGCTGCCTGCCGGTGTTTACGTGAACTTCGCCGGCCAGGCCGAAGACCAGCAGGAAACCATGGAATTTCTCGTCTGGGCCTTCTTCACAGCGCTGTTTCTGATCTTCACTGTGCTGATCTTCCAGTTCCACTCCTTCATGATCCCCCTTATCATCGGCATGACCGTGATATTCAGCATCATGGGCGTGCTGCTGGGCCTGTTGATCATGGGCATGCCTTTTGGCATTGTCATGGTGGGAATCGGAGTGGTGAGTCTGGCGGGCATTGTGGTCAACAACGCCATCGTGCTCTTCGATTATATTCTGCGCCGCTACGAGAAAACCGGCGACATGTACAAAAGTATTGTCAACGCCGGCAAAATCCGCCTGCGTCCCGTACTGCTGACCGCCACGACCACCATGATGGGCCTGATGCCCATGTTCTTCGCCATCAGCATCAATTTCACCGGGCTCAGCATTGCCCACGGCACAGAAAGCTCCCAGTGGTGGCAGTCCATGTCCGTCACCATTGTCTTTGGCCTCATGGTCTCTACCGTGCTGACTCTGATCGTCGTGCCGACGATGTTCTACCACCACCATCTTATGAAGACCGCGGCGTTGCAGTGGATTCAGCAGAAGCGTCAGCAAAGGGAGTCAGCGCTCCCGATGGCAACCCCCACTCCCCGCTCCCTGCGAAAGTGGTACCACCGCAGAAAGTAAAAAAAGCACCCTGCCAGGCAGGGTGCTTTTTTGCTGTAACAACGATGTGAACTTGTGGTTTCAGGGCAGACCGATAGCCGCCAGGGAAAGGTGAGCCGGCTCGGTCAGGTACTGGGAGACCAGCCCGCGACACAGACGGTTGTTCAGTTCGTGGCCAGACTTCATGGCCACCACCTTCCCGCGCAGTCTCACACCACACAGGGCCAGGTCGCCAACACAGTCCAGAATCTTGTGGCGCACAAACTCATCCTTGTAGCGCAGACCATGGGGATTCATGACCTTGTAGTCGTCTATCACCACCGCATTGTCGAGACTGCCACCTTTGGCCAGGCCAATGGAGCGCAGGTAATCCACATCCTTCTTAAAGGTGAAGGTTCGCGAGCGGGAGATTTCGCGCTCGAAAATCTCCTGGTTGATGGCGTAGCTGGCGCGCTGAGACGTCAGCAGTTTATGGTCAAACTCAATGGTAAAGTCGATCTCGTACTCCGAAGCGGGAAGGATCTTGATAAAGCGATCGCCATCCACAATGGAAAAAGGGCGATTGATGACGATCTCCCGACGGGGGCTGTCCTGTTTCACAATACCGGCTTCCTTGATCAGCAGGATGAAAGAAGCCGAAGAGCCGTCAAGGACGGGGACTTCGGGGCCGTCAATATCGACACGGGCATTGTCGATGCCCAGTGCGTACAGGGCAGCCATCAGGTGCTCCACCGTGCTGACCGTCACATTGTCACGTCCGAGGGTCGTCGCGAGCTGGGTATTGACAACATACTCACAGGCGGCGGGAATAACCACAGGGGGCGCCATGTCTGTGCGCACAAAATATATGCCGGTATTCTCCTTTTCCGGGTAGATCGTCATACGGACCTGTGCACCGCTGTGCAGGCCTATTCCGTAAATGGATACCGGGCTGAAGAGAGTCTGTTGCTGTGTCTTCATCGCTACTGTTACTCCAGGTATGCTTTGCGCGTTCAGGGTACGGCTTCTCAATCACCCCTAAGACTTTGCAATATTCTTGCCCAAAAGAGAAAACCTGCATAAGCAGCAGGTTACACCCAATAAACACGACAGAGCCAAGGCTTCTGTAGGCATTTGACTACAGGTAATCGTGGTGTAGCCGCAACACAAAGTCACAGCGCGAAGCGCCAGTCACGAAAGTCGAATTTTCACCCAGATGGGGCAATGATCCGACGGTTTTTCCAGAGCGCGAATCTCGTAATCGATGCCACCATCGAGAAGTTTTTCTTCAAGGGGAGTGGTAACCAGCATGTGATCGATGCGCAGCCCCCGCTTGGGTTCGCGCTCAAACCCACGGCTGCGGTAGTCAAACCAGCTGAGCTCCTGCATGTCGGGAAAGAGCAGCCGATGTGCGTCGCGCAATCCCCAGTCGGTTAAGCTCTGGTACCACAGGCGCTCTTCGGGGAGGAAGCAGCACTTCCCGCTGCGCAGCCAGCGGCGCGCGTTGTCTTCGCCAATACCCACATCGGAATCGGTCGGAGCTATGTTCATATCCCCCATCAGCAGCAGCTGCTGCGCTGGCTGATGGCACTGCTGCAGATAAGCAGTAAGGTCCGCATAGAACTTCTCCTTGGCGGGAAACTTCTGGGGGTGGTCGCGACTCTCCCCCTGGGGAAAGTACCCATTGAGCACGGTGATGCGACTGCCATCGGAAAGGGCATAATCAGCGCCGATAAAGCGGCGTTGGACATCGGGGCCATCGCCGGGAAAGGACTTGCGCACACTGTGAGGCTGTGCGCGTGAAAGCAGGGCCACGCCATAGTGCCCTGGCTGCCCGTGAAATTCACTGCAATAGCCAAGTTCCCTGATGGCGTCCACAGGAAAGAGCTCATCGCTGACCTTGGTCTCCTGCAGGCCGATGACATCTGGCTGATACTTCTGGATAATGGCTTCGAGCTGGTGGAAGTGGGCGCGGATTCCATTGATATTGAAACAGATAAAGGTTTGCATGATTCACCATAAAAAAAAATACGCAGGACGGGGCGGGGTGCCTGAGCCAATCGTCCTGCGTTAAGGTAAAAGAATCACGCCAGAATATCAATGTGAAAACCGGAGAAAGCGCCCGCCGGCGCGTCGGTTTCCCTTTCCCTCTCCCGCTCAAGGCGCACAAGCTCCTGACGTGCTTCACGCTCGGCAGCGGAGGCCTGCGCAGCCACCTTCACATCCTGGGGAGATGGTTCCGCCGGGGCCAGAGCAGCCCGTCGCACCACCTCCATCTTGAGGATAGTGGCCTCTGGATCTCCCGCGACCGGCGACGTGTCAATGGACACCTCACCACCCACCGCATAGCGCTGTCCATCGGAGCCAACCACAAAGTCATAGCTGATGCCACTGGTAACATAGGGGCCACCCACGGCCGCGTGAGCCTGCTCGTGGGCCCGGACTTCCTGGTCCCGCTTTCTGAGCTCCTGAACCTGGCGCTCTTCACGGGTATCCAGCTCGTCCGGCTGCTGTTGTCTGCGGCTCTGCGCCTCAACCTGGCCATGGCCTTTGTGAAGCTCTGAGCCCTGGGAACGAGAGAAGGAGGAAGACACCATCCACGGGTCTGTACCGATGCTGGATATTTCCATAATCGCCTCCTCCTGGCAACAGGCACCACAGCCGTCCCCTTTTCCCTTCGGCAGGGTGCCGGGCAAACTTGAGAGGCTCGCCTGACCCCCTGACACACCCGTGGAAACTTCCAACACTTTTCCCTTTTCTTTCCCGTCCGGGAAGGCCAATATGGCAGAAAAATCAGCACCTTTTCCCAGGAGGACACCATGAATCCCGTTGCACTGGTTACCGGGGCCGCCCAGTCCATCGGCCGGGTCATTGTCGAACACCTCTGCCGTGAAGGCTGGCACGTGGCAGCTCTGGACGCAGATTCTCCGGCCATAGAGTCGGCCCGCCACACATGGTCAGCGGGCAATGACAGCATCCACTGGATCTGCGCTGATGTCTCCAGAGAGGCGGAAGTGTCGCAGGCTATTGAGGAGGTGCGTGAACGCTGGCAGCGCCTTGATGGCGTCGTCAATAATGCTGCCATCAGCAGCGCGCACTCCGGGCCACCGGAGACACTGTCCCTGGAACAGTGGCGACGTGTGCTTGAGGTCAACCTCACGGGAACCTTTCTGGTCAGCCGATGTGCGCTGCCCCTGTTGCGAAGTTCCAGGGGAGCCGTAGTCAACATTGCCTCTACACGGGCCCTGCAGTCAGAACCCTTCAGCGAAGCCTATGCCGCCAGTAAAGGCGGTGTCCTGAGCCTTACCCACGCGCTGGCGGCTTCAACGGCAGGAGAAGTTCGCGTCAACGCCATCAGCCCCGGCTGGATAGATACCGGCCCCTGGCTCCCGGCGGAGCGCCGGCAGCCCCTGTGGGAAAACCCGTCCGACCACCAGTGGCACTGGTCGGGGAGAATCGGCTTGCCACAGGATATCGCATCCATGACAGCCTATCTCCTGTCATCCGCAGCCCAGTTCATTACTGGACAGAACTTCACCATAG
CP084704.1_gap42	1813417	1818415	4998	ATGGGCTTCCTGGTGCCAGTTCTCGGTCCGCGGAAAAAAGCACCCGTCCTCATCCAGGAAAAACGGGCGGATGCAGCTGTAATTCTGCGCCATCACCTGCAGGCTGGAACACTGGAAGTACTCCAGGGCTGCGCGATTGGCTCCGATAATGCTGCTGCGATCCGCCACCACGATCAGGCTGTCCTGACTGTCGAGAATCTTCTGAATCAGCCGGATCTGCTGATGTTCCTTCTCGCGCAACAGCACATCGCGCATGGTGCGCCCGATACTCTCCAGCAGCTTCTCGCGGCTGATGGGCTTCAGGACAAACTGGCTGACGCCGATATCAATCGCCTGAATCATCAGGTCCGTTTCACTGTGGGCCGTGGTGAGAATAATATGGGCGTCGGGCTGAAGCCTGCGGATCTCGCGGCTCATCTGCAGGCCATCCATAACCGGCATCCGCACATCGCTGATCACCATGTGCGGCTTGTGTTCCCGGAATAATTTCAGACCTGCCCGCCCATCTTCCGCCACATAGACTTTCTTGAAGCGTCGCTGCAGAAACTTGGCAATATTCTCGCGTACGCCTGGCTCATCCTCCACATAGAGTACCGTCAGCCGGGCAAGCCATTTTTCACTGTTATCCATGGAAAATCCTCCGGTTGATGGGGTGAATCAACCTGCCTCGGTGTACACACCCGAAGCAGAGCACAGGTCCGTGCGACTGTCCTGCGATAGCTGGCGGGCTCATTTGCGCAGGGTGATCATGAACATGGCACCCTCCCGGGTATTCGCCACACTCAGTGTCCCGCCCATATTTTTTTCGATGATTTCCTTGGCCATATAGAGGCCGATTCCGGTGCCATGTCCAGGGCCCTTGGTGCTGAAGTACGGCTCAAAAACCCGGTCGATGGGGTCCGTGGAAATACCGCCCGCATTGTCTTCGATACTCAGCATACACTCGGCATCCCGTCCCTCAATCCTCACGCGGATGGCGGGATGCGCAACGTGCCGTTCAACCAGCACATCCCTGGCATTATTGATGATATTGATCAGCACCTGGGCGTACTCATTGGGATATCCGGAAACCCGGCCATGCTGACAGGGGAGGTGCTCTATGCTGACCGTTATGCCATGAGTTTTCAGGCTGGCATCGATCAAAGCCAGGGAGCGCTTCAGCACCCCTTCCGGGCAGAAGGGCACCTTCTCGCGATCGGGCTTGAAGAAGTTGCGGAAGTCGTCGATGGTGCGTGACATGTAATCGATGGCCTCCATGGACTTACTCACCATGCTGTCAAAATACGCATCGGTGAGTTCGCCGAATTCGCGGGCGTCCTGAATCTCCTCCAGGGTGGTGGACAGCGAGGTGAGGGGCTGGCGCCACTGGTGGGCAATATTGCCGATCATCTCGCCCATGGCAGCCTGACGTGACTGGATCAGCAGCAGCTTGTCCTTTTCCCGCAGCCGTTCCTCGGCGCGGAAGCGCTCGCTGATGTCATAACAGGTGCCGATAAACCCAGCGAAAACATCATCGAGGTCGTAGATGGGCCGTCCAACGTCGAGAATTTCCCGATACTCACCACTGTGGTGGCGCAGCCGGTATTCCAGTTCAAAGTTTTCCCGGGCATGGAAGGCCTTCCAGAAAGCCTCGGTGTAGCGGTCGTAGTCATCGGGGTGAATGAGCTGATTGATGTTGCCCTCAAAGGGAGTACTGACGTCGGTGGGAATAAACGCCAGCCAGGTGCTGTTGAAGTAGTCGTAGTGGCCCGCAGGCCCAGTACGCCAGACCATGGTGGGAAAGTTGTCCAGCAGCGAGAGGAAAAAGCTGTGGGAGCGTCTCATGGCATCCTCGTTGCGCTTGCGGGCGGTGATATCACGACACACCGCCAGCACCGTATCAAAGCACAGTGCCGTTTCAGAATCGAAGACGATGTCACACTCCAGATCGATTTCCGGCGTAATCTGGCACTCAAAGTACTGCAGCTCCACCATGCCCATATAGCTGAACTCAATGACTTTGGGAATGCCACTGGTAAAAACATCCTCGATGGAAAGACGCAGCAGCTTCTCGATATCATCGGCGAAGCTGATCTGCTGCAGGGTCTTTCCGCTGAAATCCTCTCTGGCAAAACCCGTTGTCATTTCAAAGGCGATATTGGCAAAGAGAATGCGCCCGTCGCGGTCAAAGCGGATAACCAGGTCCTGGGTGTTTTCCACCAGCGCGCGGAACTGCTTTTCCTGCAGAGCCAGCAGGTGGCGGGACTGCTCCTGAGTGGTGACATCGCGAACCACCGCCAGATAGCCGCAGCTGCCACTGGCACTGCCGCGCATCTGGCTTACCAGCGCCAGGTAGTGGCGTTTCTGACCATGGAGGTCAAGGCTGTAGGAAAACTGACTGGGAAGGCCGGTGGCATTGACCTCATCCAGGGCCTGCTCCAGCTTGCAGGATACTGCCGCTGGGAGAACCGACTGAAAGTGTTTCCCCAGGAACTTTTTCGGCGAGCTGAGCAACGACTCGGGATCGGGAGCATGAAAGCTGCGGATGCGTCCATCCTGGTCAAAGACAAAGAGAATATCCTGCATGGATGCCACCAGCGAGGAGAGTTCCGCCTCCCGCTCCTGCAGGTTGCTCTCCGCCCGCTTCCGCAGCTTGCGAAAGTGCATCAGCAAGTTAATGATGACAAACTGGCCGACGACCAGAACGCCAAGGACGATGATAAACAGCGTCGCCTGGTGCTGCTGACGATCCAGGGTCCGGGTGTGTTCCGTGATATCGTTGATCACGCCGGTGAGCACGTTGGTAAAGGGATCATAACTGGCAAAGATGCGCACGAAAGCGCTTTTGCCATCAGCCCGGGTAATTTGCAGCGTCTGTTCACTGCGCATACCAAATTCCAGCAGGTTCTGGTGAAAGTGGTCCAGGGTGATGCGATCCTCGGGCACCACCATGGCGTGAAGTTCGTCATAGGAGATCTGCTGGTCCCCAATGCCCAGTATGGCCGCCGCCCCCTCGGTGAGGAAAATCCGCATGGAGTTTCGATCCAGTGTCCAGTGCCCGAATCCCGCAATCTGCTCGGCAAAGCGATCCTGGGTGTAGACTCGATCCAGCAGGTAGATCAGGTCACTGCCAGCGGAGAGATCCCTGACCGTCGAAAGCCGAACCTTTCGGCCCTGTCGCTCAAACAGCCAGGTAAAAACCTCCACCTGCCGAATTTCCCCCGAAGCCAGGCGGTGCTGAAAGTGCGCATACTGCGTAGGCGCCTCACGATGCAGCTGCAGTGCCCGCTGCGCCGAGGCATCGGGCAGAATATTGATCTGTCCCATGTGCATCCGGCGCAGGGTATCAATATCATAACCGTAGAAGTCCACAGCCGCCTGATTGGCATCCAGAATAGTGCGCGTCTGTTCATCAATCAGCAGCATGACCGAACCATGCTTGAGGAAAGCACCATAGGTGAAGAGCTCTTCGCCTGAGGCCACAGACAACGACATGCAGAGCACGATACAGATCACAGGTATACGCATGTTCCTCTCACCACTTTCATTTTCAGTGAGCCCGAACCTGTGTTGTACCTGTTCCGAGAAAGTCTCTGCAATATCTTTTTATCAACTTATTCCATGGCAAATTACCCATTCTTTACCCATGCTTCCAGTAGGAATGCAGAATATATTCAGCGTACCGTTTTCCAGGCCATTCAGGCATGCAGCCATTTTTTTATTTTCCCCGTGCCATTCCCCGCCTGGTGTGCGAGAATTTCCGGAACTCCTCACGATGGCAACAGCTTGCTGAAATACTTAAAAATACGCAGGCAATTGAAAAATGCTCAGGTGCAAGGCGCTCGCGGAGCGTGGAATGAAGCGTACTTCCCGTACGTTGCAATGACGCGCGACGGCGGGCAACACCGCAGATGAGGGTTTTTCAGCAGCCTGCTGAACCTTTTCCCGCCATTCCGGGAGCACACCAAGTGGCCGGGGAAGTTCATGGATACGCTTACGAATGGCATCACACCTCCAACACTCAAGAGTACCGGAAAGCACCATGCGGAAACTGAGCCAAGCCATCTGCCTCAAGCCAGCCGAGGCCCTTATCGGTGAACATCCTCAGACCATCTACACCATCCTTGGCTCCTGCGTCTGCGTGATCATGCACAGCCCGCGCCTGAAGATCACCGGCATCACCCATGCCCTGATGCCCTCCATCGGCCAGGCCAGCACCACCACTCCCCTGAAGTACGCCGATGGCTGTGTGCGCTTTCTCCATGACGCCTTCCGCTCCCGTGGCGTCAAACCCCACGAACTCACCGTCAGCGTCTTTGGCGGCAGCCGTATGGCAAACCAGCCAAGGCGTCACGCCTGGATAAGCGTCGGAGAGCTCAATGTGGAAGTTACCCTCACCCTGCTGCGCGAACTTGGCTACCCCATCAGCCACCAGGAAACCGGAGGCATCAATGGCCGTAAAGTCTTCATCAACTGCGCCAGCGGAGAGGTTCTGCTCAAACGCCTGCCCACGCTTCCCGAGTGCCTGTGACAGGAGAGTTGCCGATGCAGACACTTTTCTTCCGCCCCCGCTGAATGGCTTTGACAGTAACGCCCGCTTTCGGTAAAAGAAACAGCAACAGATTCCGGTGTCTGGCACTGCCCGTGTCAGATGAAAAGGGAAGCGGGGTGCAACTCCCCCACGGACCCGCCACTGTGAGCGACGACGACGGATCACTTTGCCACTGGCCTCTCAGGTTGGGAAGGCGATCGGGAGGATGAATCGCAAGTCAGGAGACCTGCCGGAATCACACAGGCCTGCACGGCAGACCTGTGTACTCAACCCTTCCCGGGTATGGAAGGTGGGTGCCGGTTCGGACATTTTCGGGTTTTGCTCGCAACGTGTACCTCCTGTGTTCCCCTGCTTGCCCGGGATACAACGCAGGAGGCTTTTTCATGCCAGCTTTTTTTGCTTGTATCCCGCTGTCAGCCTTGCCATGGCAGCGGATGTTTCCCCCGAATTCCCCTGGTGCCGCCCGA
CP084704.1_gap43	1845883	1850837	4954	GAACCATCGTCATGGGCATGCAACAGGGAGTTCATCAGGTCGTCCAATCCATGACCAAGGTCAATGACAGGGCGCAGAATGGCAACTCCCTCGCCCAGGAGGTGGACAGCGCATTTACGGAAATTATTGGGGGGATGGAGAGCCTGCAGCACCTTATTGATCAAAGTGCTGCCTCTGTGGAAGAGATGGCGGTTACCGCCGAGCAGATTACCGAGGATATCCAGACGATCGCCATAACGTCTGAGCAGACGGCAAAGGGAACAGAGGAAGTTTCGCGCTCCTCCAGTCAACTGGCCGTGCTGGCCTCCGACGTACAGACCAGCGTAGCTTTCTTTGAAATCAGGCAGAATGATGAAGAGACCAGGCAGCTGGCGTTTGTACCGACTCCGCTGTCAACGGACTTTGCGCAGCCTGCTGGTGGCTGCACCGAACAGGCGGGCAAACGGGCCGGATAAACGGCGGCCCGATGCAGAAGAAATGGAGTATTTTTTCTGGGATAATGAATATGGTGGAGGGAACGCCGACCTACCGCAAAACAGTCTCCCAGCCCGCGCTCCTCGTAACTCCTTGATAATAAACGCCGAAGTCATCTCGCACAACCACTTCCCGCCAACCCGACCAGAGAAACGATTTTCTCCCCTGATTTGTGCGCCGCTTCGCGGTCGCATCCCTTCGGGACTCGCCTGCGGCTCGCGCCCCGTTTGCTTCGCAAGCCGTGGTCCCGGCACCGGACGAGGGTGACGGGTTTGCAGCAAAACCGGATACCTGGCGCTGAACCGCAACAACTTCGAATCCGGTTTTCGGACGCCGGTTCGGTTCCCAAAACGGGAATCGAATTGGCCTATGCCTGCCCGCCGAAAACCGTGCTGATCAGGTAGGCCGTATAGCCCACATAACAGGTGAGCAGCACCGCGCCCTCGATGCGATTGATACGTCCCGGTCCCCGGAATCCATAGCCGATCACGAATAGCGACAGGGTCAGCGCGGCCATGACCAGCATGTCGCGATTGAAGACCTCCGGCCCCACCGCCAGCGGATGAATCGTACCGGCGATCCCCACCACCGCCAGGGTATTGAACAGGTTGGAGCCCAGGATATTACCGAGAGCGATATCGTGTTCGCCCTTCCTGGCTGCAATGATTGATGAGGCCAGTTCCGGCAGCGAGGTGCCGACCGCGACGATGGTCAGACCGATGATCAGGTCGCTGACCCCGAACCCATGAGCGATCTCCACCGCGCCCCAAACCAGGATGCGGGAGCTGACAATCAAAAGCGCCAGCCCGACCACCAGCCAGAAGACCGCACGGCGAATGGGCATGGCGCGGACGTCCAGCTCCTGCTCCATCTCGCTTCCAAGCGCATCGGCTTTTTTCTGCATACCCTGCCAGATGGTCCAGGCCATCAACCCGCCGAATACACAGAGCAACACCACAGCATCGAACCGGGTGATCTCGCCATCCCAGAGTTGCCATGCAGCCAGGGCGGTCACCAGCGTGAGGATTGGCAGTTCCTTGCGCAGCACCTGCGAATGTACGGCGATGGGACTGATCAAGGCCGTGATCCCCAGGATCAGGGCGATGTTGGTGATGTTTGAGCCGTAGGCGTTACCCAGCGCGATACCCGGGTTACCCTGCGAGGCTGCCAGCGCCGACACCACCATCTCTGGTGCGGACGTACCGAAACCGACAATCACCATGCCGATCAAGAGCGGCGGCATACCGAAATGGCGAGCGGTGGAGGCCGAGCCCTCTACGAAACGGTCGGCGCTCCAGACGAGGAGCGCCAAGCCCAAAATTACAGCGATGAAGGCCATTGTCATACGAAATATAAGCCCCTCAAGCGAGTTCCCAGCGGTCAACAAGAACTTCAAGCAGGTCCTTTTGCCTTTGATCGACAACAGATGGTGTCCATTCAGCGGTTTTAAGAACCTGCGTCGTCAGAACGTATGATGACACCCCTCGCTTCCCGCCAAAGTACGCCGTCTTCTTGGTGTCGAAATCGAAGTTTTGTGCTTTCGAGTTCCGCTTCTGTGTAAGGGGCACAAGGTTCGCTATGCGATGAACCCAGCTCTTCCGCCCGTCTGGATCGGGCCATAACTTCTCCCATTCGCTTCCGTCGCTGACGGTTTGCGGGAGAACGTGCTCGATTGTCAGCAGGGTTGGATCATAGGTCGCGGCCCCATCTGACAGGAATGAATCCAGGCGCAGGATAAGGTAATTACGGCGGCGAGCGGTCAACTCATAGATCTTGCCATCAAGGGCTTCTTTCATCTCATCGATTTCCGCCTTGGTCAGTTCGACGCTGATGGCAGGAGCATCCTTTGAATGCGGTGCTTGTAGGGAAGCAATAACCTCTGCATAACGTTCGATGCGTTGATTGACGTTTTTTGCGCAAATATGAAGATAGGCCGCGAGACGCTCCAACTTTGCAAAAAACCATAGAACGTATTCCGGGTGATCTTTCTTCTGTGAAAGGAAGAGGATCGCTGGCGGCAGCCAATCGGAGTTATCGATGCGATTCAGCCATTTCAGAAGACGATTCACGTCCTCAGCATTTTTCGTAGACACATATTGCTGTGATTTTGCGATGAGGTATGAATCTGCGTAGGGCTCCAGGACTTTTTCAATCAGGTCTTCCGGCGTGGCAACCACGCTCAGCACATGCTCCTTGAACTCCTCAAGCAGCGCACGCTTGGCCTTTTCCCGAGCATAAATCATCCGTATGTATCCAAACAGGTCATTGAAACCATTCCTGCCGGTTTGAACTTCGAGTTCCTCCCATTTTTCAGTGAACTCATCCTGACGCGCCGGGGCAATTCGCCCAATAACATCAGCCTTAACAATATCGGAAGGGAGCAAATCTAGGCCTCGGTTGTTCAGCACTGAGAACACCCTGAAGGCTGATTGCTGGCTTGGCGTTGACACCGCCACCAAAAAGCACCGTTGAACCAGAAACGCGCCAAAAGCACATAGCTTGTCGGCGTCACTGCCGAAGGTATTTTTAAGTCTGTCCAGCAACAGGCGACTGTTCGACTGAATATTCTTCTGAGATTCGTTGTCGAGACCAGCAGGATCAAGGCCGAGCAGGGTATCAAAATCAAGAGACTGAACGTGTTTCGTAAAAAACTCACGGTCTCTTTCTCGGAGAGAAAGCCTCGGTTTAGGCTTCAGTCCCTGGGAGGCACGTCCTGGCTCCCTTATGTAGTTCTCGAAGTCACTCCTCAGATCGCCCGAAAGATTTGACGTTATCGATGAGAGGAGAATCGTCAGCGTCGTTAATCTCTGCTGACCATCAATGACCTCAGAGTAAGGCTTTCCTTCTTCTTTGATCAGAACAATGCTGCCGAGGAAATAAGTGTCTTCCTTCTCGCGGACGTAAAAATCATATAGGTCGTCAAACAGCTCGGACGCCTGGTCCACTGTCCACGCATACGGCCTCTGATACGACGGTATGACATAATCAAAGTCGGAGCTGAATATTTTCGAGAGAGGATATTCGGCACCACTGATTTTCTTGCTCATCTTGTCTCCTTGTTATTAACCATCTTCTCGAAATTCCAGCTCCACTAAACTGGGACGACGCTGCCGCATCCAGGCCCGGATATCTGGCTTCTGCCACCGGTTTGAGGCGTTACCTGGATCTGCGTGCTGATCCGCTCCTTCAAGGCGGGCACGTGTGAAATGACGCCGATCAGCTTGCCGTCCTGCTGCAGGCCCGCGAGGGTTTCCAGGGCGGTGTCGAGGGCTTCCTCGTCCAGGGTGCCGAAGCCTTCATCCAGAAACAGCGAATCCACCCGGACATTCTTGCTGGCCATATGGGACAACCCAAGCGCCAGGGACAGGCTGACGATGAAGCTCTCGCCGCCGGAAAGATTCTTCGTGGACCGAATCTCCCCAGCCTGATAGTTGTCGACGACGTTGAGCTCCAAGGGCTGAGCATCGTCACGAGCCAGCAAGTAGCGGTCGGTCATTTTCTGCAATTGCCGGTTGGCGTGACCAATCATCATTTCGAAGGTCAGCCCCTGAGCAAAATTGCGGTACTTTTTGCCGTCTGCCGAGCCGATCAATTCGTGCAGGTTTTCCCACCTGCGGCACTCTTTTTTCTGGGCTTCGATAGCTGTCTGCTTTTCCTTTATCCGCTCTTTTGCAGCCGCATTTTCACTCAACTTGTGCTTGAGACCGGCAATGATGTCCCTCAGCTCTTTCAGGGTCTCCTCTTGCTCCTTGAATTGCGGCTCGAGTTCTTCCAGCGACTTGTCTGTGAGCTTGCGGGCCATCTCCGTGGCCAAGCGCGTTTCCCGATCCTTCTGTCTGGCTTTCAGATCTGTTTGACGCTCATCCAGATCCTTGGCCGTGGCTGTCAGCTCCGCCCGGGCTTCAGAGGGTAGTATGGCTGCCAGAAACTGTTCTTCATTTGAAAAGCCAACAGGCGCGAGCGCCGCGGAGAATTCAGTTTCCAGCCTTCTCAATTCTGGCTCTCGTAGGTCGATGCGTTTCTTCAGGGATTCGACATGGGACTTCGCGGTATTCCATTTTTGTTGGAGCTCATTGTGCCGTTCTCTGACCTGCTTTTCGGAACCTTCGGCATCCGAAATTGCCTTGTTGAAACGGCGCTCCTCATCGTCGGGTTTCTTGTCGCCATACAGTGCATTGCGCTCATCACTTCCGGAGGCGAGTTCATTTTTCAAGGTTTCAAGACGCTCCAACTTTTCGGCCAGGGCGGTGCTTTGAGTTTCGATAACCGCATCCAGCCGCTTCACCTCGCTGTCGATGTCGGCAATCTGTTTCTCGATGTCCGTCTTTTTCTTGACCTGGGCCTGCCACACCTTCAGCCGCGCCGTGAGGGTTTCGATCAGTGATGAAATGTCCGTTTCGGAGATGTCCGCAATACCAAGCGGCTGGAGCTTGGTAGCAACAGCCTGCCTGTGTTCGGCAAAATCGGCACGGAGTTTCAC
CP084704.1_gap44	1958705	1961728	3023	CACCATAATGCCAATTTGCTGAAAAATGCCCACCTGCTGCCGTATACGCATTTTTCAACAAACTGTGAATATGTAAAAATTCCGATTCCCATTGGCGCGCCTGAGAGGATTCGAACCTCTGACCTACTGATTAGAAGTCAGTTGCTCTATCCAGCTGAGCTACAGGCGCCCCGTGAATGGTCGGGGTGAGAGGATTCGAACCTCCGACCCCCTGTTCCCAAGACAGGTACGCTAACCAAGCTGCGCTACACCCCGCGACCAATTACGAAGTTGGCTTTATACAAAAAAGGAGCGCCGGTGTCAACGGGAGATTCGCTTTTCCGGCATGTCCGCAGAAAATAATCAGGCCCCGCCAAAGGTCTCCATGGTGTAACTCACCCGCTCACTGACGGTTTTATGGTGACGGGCCATGCTCTCTATCCTGCGCAGCCGAGGGAGAATTCCGCTGCCATTGGCCACCTGAATGGACAGGCCGGGCCGGGCGTTGAGCTCCAGCAACAGCGGGCCGCGATATTTGTCCAGCACAATATCAGTACCGATATAGCCCAGGCCGGTAATATCGTGGCAGCGGGCTGCCAGGTGGAGCATTGCGGGCCAGCCGGGGATACTGATATCCTGAAAGTGTCTGCCGGTATCGGGGTGGGTTTCGATGGGCATGGAGTGCTGCACCGCCTGCAGGCACCGGCCAGTGGCGATGTCCAGCCCCACACCCACGGCTCCCTGGTGCAGGTTGGCTTTCCCATCGGACTCATGGGTCGCCAGGCGCAGCATGGCCATAACAGGATAGCCCTGAAAGACAATAATGCGGATGTCGGGTACGCCTTCGTGGGAGTAGCCTTCAAAGAGATCATCAAAGTGGATCAGCTCCTCGACAATTACGGCATCAGGGGTGCCGGCCAGGGAGTAGAGGCCCGCCAGGATATTGGACATGTGGCGTTTAACATCGCGAATGCCGAGTACCGCTCCCGAGGACTTCACAAAAGCACCCCGCTCGCGTCCGGTTATCACCAGTATACCTTTGCCGCCGGAGCCTTTGGCGGGCTTGACAGCAAAGCCCGACAGTTCCCTGAGCTGCTGGTCAATCCGGTTGATTTTGTACTGTTCACGAACCATGAAGCACAGTCGTGGAACGGGGATATCGTGACGCTGGGCCAGGTATTTGGTCTTGAGTTTATCGTCCACCAGGGGATAGAGATGACGGGGATTATAGCGTCCGATGAAGTCGATATTACGGCAGTTCATGCCGAGAATGCCCATGCAGCGCAGCTCACCAGCGCTGACAAACCACCTCATGGCCGCCACTTCAGGCGCATGGCCCGGAACCGGCGCAACTCCAGAAGTTTGTAGCCGGTATAGTTCCCCATCATCAGGATCAGCGCCACGAGAATCAGATTGATTTCGGGGAAATGAAAACTCAGGTGCTCCATGAGCGGCCACTGCATGAGCAGAAAGGCCAGGATAGCTACCAGCAGGCTGCCACCGCCCTGCATGAGCACTTCGCGGGGACCTTCATCCTCCCAGAGGATGGACATGCGCTCAATGGTCCAGGCGATGATGATGATGGGGAAGAAGGCAACGGTCATACCGGTATTGAAGCCCAACTGATAGCCAAAGAGACTGGAGAAGATGATGATGAAAATGACGATGACGACAATGGTGGCAATGCGCGCCACCAGCAGGAGGTTCAGGTAAGAGAGGTAGCTGCGCAGGAGCAGGCCGATGGCGACAATGGCGATAAAGCTGATCAGGCCGGGCAACAGAGTGGTCTGCAGAAACGACAGGGCAATGAGTATGGGCATGAAAGTACCTGATGTCTGCACGCCCACCATAATGCGCATGAACACCACCACCAGGGCACCAAGAGGCAGCAGAAGCAGCATTTTGAGCATACTCTGCTCCTCCACCGGCAGCTTGTGCACCCCGAAGAAGGAAAAGCCGGAGTCATCCATGGTCAGCCGTGCCAGCTGCACAGCGGAAATACTCTGGCGCATCATGGCAAAACGCACCTGTGAACCATGGCCTCCACTGACATCCAGCAACGAGAGACTGTCCTGGCTCCACAGGAGAAAGTCTTCGGGAATACCCTGCTGCGCCGTACGGGGGTTGAAGAACACCCAGCGATCGCGGGTAAATATCTCCAGCATGGGTATGAGCTGCTGGTTGCGGCGCCCGTCCTCCAGCTGCAGGCCCATAACCACGCGGGAGGGAATCTGGGCGTAGTTGAGCAGCTTTTCCAGCAGGGGAATCAGGGGCGTGGAAGAGAGCAGCAGCGCGGCGTTCTGCCCAGGTGTAGGAGTTGCCAGCAGCTTGATAAGCTCGCGGGTCATGCTCTCAGGAGTGCTGGACATGGCCCGTGCCGTTTCCAGAATCTGTCGGGCAGCCAGTGCCTCGGACTCATCCCAGTGCACACTGGCAATGGATGGCGCACTGGCAGGCGCTTCGGATCCAGCACCCTGTCCGGGTATGACCTGTGCCTTGTAGTAGAGGGTCTGCGCTCCGCTGACAGCGCGAACAGACCATTCTCCACGGCGATTGCCATTATTTTCCAGGATGGAAAATCCATACCCAGGCGAGGCAGTTTGCTCAGAAAAGAGGGCAAAGCCCGGCGGGCTGTCGGGGATATCCAGACTTACCGTCACCGGCCCGCCAGTGGCAGTAAAATCAATACGAGCCTCAACGAGCCACACGGGAGTCTGGGCTCCCGGCAGAAAGGGAATCCCCATATGTTCGTGACGCAGCCAGGCAATGCTGAGGCCCGTCACTATAAGGGCGGCGACGATGAGGTACAGGGAGATGCGCGAAATCATGGAGCTTCGCCAGGCACAGTGAGCTCAACGGGGAGCACAGGTGGAGCTATATTGGTCTGGGCAACATCCACCACCATGATATCCATCAGAATATTGCGCCCGATGAGAATGGGGAACTCCAGATGCTGACGGTCTGAAAGGGTAAACTGGGCTGTCTGGGTGGTTTTGCCAACGGTCACCCCCAGCTCAACGACGGGTCGCCGCTCGGCCTCATCC
CP084704.1_gap45	1969782	1970968	1186	GTTATTGGCCCGGCGGGAAAGGCCCTGGAGATCCGCTTGAAAGGTGAAGACCTGCACACCCTGGAAGCGGCCGCCTACGACCTCTCCCAGTGGCTGAAAGGCTATACCGGTGCCACTGATATACTCAGCGACCTGCGCCCCGGCAAACCCGAATACCACCTGCAGCTGAAAGCCGGAGCCGCCAGCCTGGGAGTAGACGCAGCCGAAATCGCCCGCCAGCTGCGCGCAGCCTGGCTGGGGGAAACTGTCAGTCAGATTCAGGTGGGAAGGGAGACATTTGAAATCATGGTGCGGCAGCGCGACCGCCACAGCCTGCTGGAGCTGGAGCGCTTTCTGGTCACTCTGCCCGACGGCACCCTGATTCCCCTGAGTGAAGTGGCTTCCATGGAGCCTGCCCGTGGATGGGGCCGCATATTGCGCATTGATCGGCAGCGCACGGTCACGGTGAGCGGCGACGTGGATACCCGCATCGCCAACGCCATGGAGATAATCACCGATCTGCAAAAGCGTTTCCTGCCCGAACTGCAGGCCCGCTATCCTGAAGTGCAGGTCCACTTTGAAGGGCAAATTGCCGAATCCCGCCAAACGGGCGCATCCATGCGCAACGCCCTGCTGCTTGGCCTGCTGGGGATCTTCTGCATCCTCAGCTACCAGTTCCGCAGCTTCATTGAACCAGCCGTCGTCATGGTCGCCATCCCCCTCGCCTTCATGGGGGCCGCGTGGGGACACCTGATTACCGGATACAACCTCTCCATGCCCTCGGTCATTGGCGCCGCATCCCTGGCCGGAATCGTGGTCAATAATTCCATCCTGCTGGTCGCCTTTGTCAAGATGCACGCCTCAGGCGGAGCCACTATTCTGCAGGCTGCTCTCAGTGCCAGCCGGGATCGCTTTCGCGCCCTCACCATCACGACGATCACCACCGCCCTGGGCCTTATGCCCCTCATGCTGGAGCGCAGCCTTCAGGCCCAGTTTCTCAAACCGCTGGTCATCAGCATCATCTTTGGCCTGATCACATCAGCTATCCTGGTACTGCTGGCCATACCCTGCCTCTACAGTTTCCTGGATGACTGGCGAAGAAAACCTCAATAGTCAAAGCCTTCAAAGGGTAATCATCCCCTGGGAGAAAAATACGCAGTGTCCCCCGATCAGAACGCGGTCGATGAGATTTTCGCAGAAGAGCTCA
CP084704.1_gap46	1975096	1975596	500	CGCGGTCGGGATCCGCTTTCTTGGCGCATCCGGCGCTCAAAATGAGAAGTGCCAGCAGAAGAAGTATATATCTATGCATGAATATCCTTTGCCTCTGAGAATTGTATCGCTTCCCGCCATCGGCTTATGCGACGGCGATTACCAGTTTCAGGCAAAAATACTACCTGAGAAGCGGTCCTTTGTAAATGTGGTTTTGCGCTGATTTTGTTTCCCGGGGCGAATTCCCCCCCCACGACTCAGCTCCAGTGCTCTGCCTTGAGGTCGCGGTTCATGAGATCGCGAATTCCCTGACAGACGTCCTTATCCTCAAAGAGAATGCGGTAAACTTCCGCTGTTATGGGCATATCAACACCCTTCTGCAGTGCCAGCTCATGGGTTGACTGGCAGGTCTGAACGCCCTCAGCCACCATGTTCATACCCGCCGTGATATCGCCAAGGGTTTCCCCCCTGGCCAGCCGCTCTCCCACAGTGCGATTGCGACTGAGGCCACCGGTACAGGT
CP084704.1_gap47	2017540	2020747	3207	GTTATCGGTCTCAAAATGAGTATAGCGCAACTCCAGTGGAGCCGTGCGGGGAAAATCACTGCTGTGCTGATGGTTCTGGCGCAGGGCATCCATATCAATACCGGCGGTCCCGTCGCCACGGTTGCGAACGCGCAGGGCCGCGCCCAGAGCGCCCAGTGAGGTATGGTGCAAGGGCACCTGCAGGTCAGGGAAATAACGGCGGAAAGCCTCCACCTGCAACGCATTGGAAGCCATGCCGCCAATGAAAATCACCGGGGAAACCACTTCGCGATTGGCCACGATGGTGCTCATGTAATTTGCAGCGTTGCCGCTGTGCAGGCCGGCAATGATATTACTCAGGGACTCGCCCTTGTTCTGCAGGTGAATCATGTCGGATTTGGTGAAGACGGTGCAGCGGCAGGCCACCGCCGCTGGCGACGTGCTCTGCTGGCCCAGATTGATAAAGTCCTGCAGCAGGCTGTCCAGGCGTTCGTGGCTGAGCTGAAAGTCATCGCCATAGAGGGCGCAGGCCAGACGCTCCGCCTGCTGGTCGATAAAGGAACCCGTCCCTGAGGCGCAGGGCCCGTTCATGTGAAAGGCGTCCAGATACCAGGAGCCGTCCCCGTTGTGTCCGATCTGGAACAGCGACGCATCCTGTCCGCCCATACTGATGATGGAGCGCGTCGACGGGGCAATGTGCAGCGCACCGGCAACCTGGGCGATGGTCTCCACCTCAAAGGGAGCGCCCACCACGGAAGCCACGCGCTGTCCCTGGATTCCCGTAAAGCAGATGCCACCAATCTCATTGGTGGCAAAGCGCTCCAGAACACCCTGCAGGGTGGTGGCAACCTCCTCGTTTACCAGGCCGAAGTGCCGCCGGTAAGGTTCCTCGTGAACAATATGGCCGTGGCTGTCGATAACAACCGCGTTAATACTGACAGAGCCTACATCAAGGCCAATAAAATACACAGGCAGCTCCTCAACACCGGCAATGCTCACTGGCAACCGCAGTAACGGTAACAATTGCCAACCAGTGTTTGAATTTTACCACTTTGTAACTATTGCTACAACGAAAAGGCGCCACCACTGCCGTGAAAATACCCCTACGCACTGAACTGCTGCGGCCGCAGAATTTGCCATATAAAAGAATTCCAATTGACATTGTCATCTTTAGCGGGCAGGATATCACCACTATAATCCACAGGAGAGTGATCTATGGCAAAGAAACCCTATCGCTTTGAAACCCTGGCCCTGCACGGCGGACAAGAGCCCGACCCGGTCACCCTCTCCCGTGGGGTGCCCGTATACCGCACCAGTTCCTATGTTTTCAAGAACACCGAACATGCCGCCAACCTCTTCGGCCTCAAGGAACTTGGCAACATCTACTCGCGACTGATGAACCCCACCAATGACATGCTGGAGCAGCGGGTCAGCCTGCTGGAAGGCGGAGCAGCCTCGGTCGCCCTGGCTTCCGGCACCAGCGCCATCCACTATACCGTCATCAACATCGCCCGTGCCGGGGATGAAATCGTCGCCGCCAACAACCTCTATGGCGGCACCTACACCATGTTTGACGCCATCCTGCCCCAGCTTGGCATCAACACGAAATTCGTCGACGCAAAAAATCCGGCTGCCTTCGCCGAAGCCATTACCGACAAGACACGGCTCATCTTCATTGAAACCATCGGCAACCCGGTTCTCGACTTCACCGACATTGCCGCCATAGCGAAAATCGCCCACGAACACCAGCTGCCCCTGGTGGTGGACGGCACCTTCACCACCCCCTACCTCCTGCGGGCCATCGACCACGGCGCCGACATTGTCATCAACTCCCTCACCAAGTGGATGGGGGGCCACGGCAATGCCATCGGCGGCATTGTGACCGATTCGGGCACATTCAACTGGCAGAACCCGCGCTTCGCTCTTTTCAATGAACCGGACCCCAACTACCATGGCCTGCGCTGGGCCCATGATCTGCCCGAAGCCCTGGCCCCCATCGCCTTTGCCCTGCGCCTGCGCACCGTTCCCCTGCGCAACCTGGGCGCCTGCCTCTCCCCCGACAACGCCTGGATGTTCCTGCAGGGCATTGAGACTCTGCCCTTCCGCATGGATCGACACTGCGAAAACGCCGTGGCCGTAGCACAGTTCCTGAAAAAGCACCCCAAGGTGGAGTGGGTTCGCTACCCGGGACTGGAAAGCGATCGCACCTACCCCATCGCCAGCAGGTATCTGAAAAACGGCTTCGGCGCCATGGTGGTCTTCGGTGTGCAAGGTGGCGCGCAAGCCGGAGCGCGCTTTATCGACAACCTGCAGCTCTTCTCCCACCTGGCCAACGTGGGTGACGCCAAATCCCTGGCGCTGCATCCCGCCAGCACCTCCCACTCTCAGCTGAATCCCGAGCAGCAGAAGGCCAGTGGACTCACCCCTGAGCTGGTGCGCCTCTCTGTTGGACTGGAGCACATTGACGACATCCTGGAAGACATCGACCAAGCCCTGCTAAAGGCCTGACCAGCAGCATCACGACTCCCCCTGGCAACAATTCACCAGTTCACTGTTGAGGAGTTCCGCTTTCTATTGTACTATCCCCACGGTTCCAATTCGGAAACGTGGGGGTGTTTTCATGAACCAGAGCCGAAAAAGCTGGCAGCTCTTCTTTCTCAGGATTGCCTTTCCTGCTGCCATCGCCATCCTTCTTTTCCTTTTCAGCATTCTCTTTCTGGTCATTCCCGCTACCGAAAACGCCCTGATCAGCGAGCGCCAGGAGACGACGCGCCAGCTGACCGAAACCGCCTGGAGTGTGCTCAAGGACATGCACATGGAGTACGAAAGGGGGGCTGTCAGTGAAGCGTCGGCCAAAGAGATTGCCAGTAACGTCATACGAACCATGCGCTATGGCGAGGATGGCAAGGATTACTTCTGGCTGCTGGATCAGCAGCCGCGCATGCTGGCCCACCCCCACCGTCCCGATCTGGAAGGCCAGGATGTCAGCGACTTCGAGGACTGCCAGGGCAAACGGCTCTTTGCAGAGTTTGCCGAGCTGACCCGCAGCCAGCACAGCGGTTTTGTGGACTACCACTGGCAGACACGGGATCAGGATGGCATCGCCCCAAAGATCTCTTATGTCAAACTCTTTGAACCCTGGGGCTGGATCGTGGGAACGGGCATCTATGTGGATGATGTGCGCCATGACATTCAGAAAATGACCGAAAACACCCTGCTGATCTCCCT
CP084704.1_gap48	2026417	2031094	4677	CGCCAGGCTGAAGGCGCCCATGGTCCAGGGCATGCGCCGGGCGATGCCGTTCATCTGATCAACACGACTGATGTCATACGTCTCCGCCAGATTTCCGGCACAGAAAAAGAGGGTGATTTTCATCAGTCCCTGGTGCATCAGGTGCACAATCCCCCCCATGGCCGCCAGTGGGCTGCCCATGGCGATACCCAGGGTAATATAGGAGACCTGACTGACCGTGGAGTAGGCCAGCCGTTTCTTGATATCCGTCTGCATCAGGGCGCGCACCGAGCCGTAGACAATGGTCGCGGCGGCAAAGATCAGCAGGATCTGTGCCATACCCAGAAGTTTGACCAGGGGCACCCCGAAGACATCGTGGACGATGCGCACAATGCCGAAGGCTCCCGCTTTCACCACCGCAACCGCATGCAGCAGGGCGCTGACCGGCGCGGGGGCCACCATGGCTTCAGGCAGCCAGCCATGGAAGGGAATCAGAGCGGACTTGACCCCCACACCGATGATCATGAGCACGAATATCGCCTGTAGCTGCCAGCGATATTCCGCCAGCAGAAACCCGATGGTCCCCCCCTCCACAAAGTGCTGTCCGCCACCCAGGCTCTGCAACCAGACCATGCCCAGCAGCAGCAGCGCTCCGCCGCCAAGGGTATAGGCCAGGTAGACTTTCCCGCCACGCAGTGCCTTGGCTGTGCCGCGATGGACAACCAGAGGATAGGTGGACAGGGTGAGCAGTTCGTAGAAGATGAAGAAGGTGAACATGTTGGCCGCTGTGGCAATCCCCATGGTGGCTGCCATGCACAGGCTGAAGAAGCCGAAGAAACGGCAGCGGTTCGGGGCGTGTTCCAGGTAGGCAATGGCGTAGATAGTGGTAATCAGCCACAGCAGCGCTGAGAGCACCAGAAAGAGCATGGTGAAGCCATCGGCGAAGAACGCCAGAGAGATGCCCGGCACCACCTCGAAGGTGAGGCCAAAGAAGTGACCACGCTCCACCCCCCAGAGCATGATCCCCACCAGCACCATCTTGAACACCGCTGCCAGGATATTGACCACGATCCGCAGGAACTGGCGTTCTTCCCCAAGGGCAAAGATAATCAGGGCTGCCGTCAGGGGCGTCAGGAGAATCCACAGGGGCAGCAGGCTATAGATCATGGCGCACCTCCCGGCATGTTCACCGGAAAAGACGCCGTCAGCATATCAAAGACCGGCATTCCCAAAAAACCCATGGCTATGGCCCCCAGAGCCAGAATCAGTGGAGCCGCGTTCATGGCAAAGGGGATTCGCGCAACAGGCGTGGCCGTGGAGCGGGATATGGCGCTGCCATCGGCTTCCCGCATAAAAATGGCACGCAGAACCTTAAAGAGGTAAGCCGCCGCCAGCAGTCCTCCCATCAGGGCAACCAGGGCCCACCACCACTGGCCCAGGTTCATGGCTGCCCGCAGCAGCAGCCATTTGGCCAGAAAGCCGCCGCTGGGTGGCAGGCCCATAATACTGATGGCCCCCAGTGCAAAGGCAAAGAGGCTCACCGCCAGGTGGGAGTGGGGCATACGCAGCCCCTCCAGGCGATCATGGCCGTTGACGAGGATCACATTGCCCGCCGCCAGAAAGAGCGCCGACTTGGCCAGGCCATGGGCCAGCAGCTGGTACATGGCTCCGTGCCATGCCACAAGGGTTGCCAGGGGAAACAGCAGCAGCATATAGCCAAGCTGGGCTACCGTGGAATAGGCGATAATCAGCTTCAGACGCTCCTGTCGCAAGGCCTGCAGCGAGCCGTAGAGGATGGCACAGGATCCCAGCAGACCGATCAGCTGCCCGGTCAGAACCGAATTCAACTCGGCAAAAGGCCAGAACCACAGTCTTATCAGCAGGTACAACGAGCCCTTCACCACCAGAGCCGAGAGCAGGGCGCTCACCGGTGCCGGCGCGCTGGAGTGGGCAGGGGGAAGCCAGAAATGCAGCGGAAAGAGGGCGGATTTGATAAACAATCCGCAGGACATGAGTCCCAGCGCCGCAAAGGCGTAGGGTTGCGACATATCCAGATTCTGACCCAGGGCATACAGGTTGAGGGTTCCCGCGCCCGCATAGGCCAGCGCCACCCCCAGCAGGTAGACAAGAGACCCTACCATGGCGGCAATCAGATAGCGCATACTGGCATGAAAGGCCGGAGTGGTAGCCGCCAATGTGATCAGGGCAATGGAGGCGAAGGTGAGCAGCTCCAGGGTGATATAGAGATTAAAAATATCCGCCGACAGGTAGAGGGCGTTCAGTGCCGCGATCAACACAAAAAACGCGCTCCAGAAGAGGTGTTGCCGCGCCGTGCGCTCCCGCCAGTAGCCAAGGGCGTACAGGCCGATGCAGACACCGCAGAACCAGGTCAGCCACAGCAGCAGCAGGCTGAAGCCATCGGCGGCAAAAGCAATGCCCAGGGGTGGCTCCCACCCTCCCATGGCGTAGTGCACCACTCTGGTCCGGGCAACCCCGCTGCTGAGCTGCAACAGCGCCAGCAGAAGCGATGAGAAAACCGCCAGCCACAGTATCCACAACGAGGAGCGCAGACTGGCCAGAAAGCAGAACATCGCCCCCAGCAGGGGAACAAAAACCAGCAAAACCATGGACGAAGCGGCATCCAGGGACAGGAAGGCACTCATGTCTCCTCCCCGGTTTTGGTCACCGCGCGCGCGTCGGCTTCGGGCTCGACACAGACATCCAGATAGGGCGGAATCTGACGACGATTCAGGCGGCGCAGCAGCGACAGGCCGAAGGCGGTGGCACTGACGGAAACCACGATCCCCGTCAGCACCATGGCGTGGGGAACCGGGTCCGCCAGCTCGGGATTGCGCTGGGCAATGGTGATCAGCAGCAGGAAAACCGATACGGCCATGATATTGGCGGCCAGAATCTTGCGAAAGAGATGGGGACGCGTGAATATGCCATACAGCCCCATGGCAAAGAGGATAATGGACGTGGTTCCGAAAATGGCAAACTGACTCATCGTCGCCTCATCCCCGCTGCGTTGTTGAAGAGCAGCACCAGGATCAAGGCAATGGAGATCATCAGGGAGAACTCTATGGTGAGAATCAGCGCGCCGGCCCAGGCATGGGGAAAATCCAGAAAGCCTTCGTGGTAGATCATGGTACCAAAGCCAACCCCGATAAAGACCAGCAGCCCGAGAATGATGAAGAAGCGAACTCCCGGCGTCGATTCCGCCGCCGGTGCCAGATTTCCGGTCAGGCTGAAGATAATGCCGATGGAAGCCAGGATAACCCCCGCCTGAAAGGCGCCGCCAGGCCCGTGGGCCCCTACCCAGAGCAGGTATCCGGAAACGATGATAATCAGGGGAACCAGGCGGTGCACCAGTGCCACCACCAGCTCGGAGTAGTCCAGGGGAAGCTGACGGCCATCATCGATGGGAGAGAGGACGTGGAAACTCCAGACGCCGATAATAGCCAGAAACAGCACCACGATTTCCAGCAGGGTATCGTAGCCGCGAAAGTTCAGCAGAACCGCCGTTACCGGATGGGAAGCGCCGCTGTGGGCAAGGTTCTGCTGCACCGCGCCGGCAATCAGCAGCTCCGAGTCGGGCAGACGCCACAGACTCCAGCCCAGCAGGGCCAGCAGCACCAGGGCACCCGCCGAAAGAAACAATGTGGAAGGATTGAGGCGGGAAGCCTCCAGCTCATCGTGCAGCTCGCTCCAGTGGCCCGGCTTCCCCTTTTCCAGATCGCGATAGGTATTGAGGAGCATGGCTCCGGTCAGGCCCGCCCCCACCGCCGCTTCCACCAGGGCCAGGTCGGGCGCCTGGAGGCGGGCCCAGGAGATCGCCATCACCAGGCCAAAGACCACGAAGAACACCAGTGAGCGAAAGAGCTGGGGATGCACCAGCGTCCGCCAGGCCAGCCACAGCAGGCCGATTGCCAGCAGCAGATCGAACAGGGAACCAAGGGTCGTCATGACCCACCATCCCGCTTCTCACCACCGCGCAGCATGCTGTAGAGGCCATAGCGAGCCAGCAGATAACAGGAAACCGTGGAAGCGAAGAGGGCCAGCAGCCAGATCAGAAAAATTTTGAGGGCAACCCAGATGGAAGCCGCATTGACCACCAGGCCCAGGCATACAAAACCCAGTCCCACGTTGTCGGCTTTGGTCAGGGCATGCAGGCGAGTGAAGACGTCAGGAAAGCGCAGCAGGCCCACCGTGCCAGCGAAAAAAAAGATGCAGCCGATGATGATCAGGATGATGGACAGAATTTCCAGCACAGCATGCACCTCCTCAGGGTTCGCAAAAGCATACCAAAAGATGGCTCCTGCACCAAGCACACAAAGATCTCTCTGGAAGGGAAACGCCTCTCGGCACACAGGGGCAGAGGCCGCTCAGCGGAAGAACTTCCCGGTACCCCGCACAAAGGCGATGGTGGCCACCACTGCCAGCAGTACCAGCAGCAAGGCCACGTCCAGCAGGGCGGTCATATCCATGGCGTAGGCCAGCAGCAGGAGCATGGCAACCGTAGTGGTACCGAAGAGCTCCACCGAGAGCATGCGGTCGGCATGGGTGGGGCCGCGAAAGACACGCAGCAGCCCCGCGAAGAGGTTCAGCAATAAAAAGAGAGCTGCTCCCAGATACCAGGCGCTCATAGGCCATACTCCTGTTCTATGGATTGCTGATCGGCGTCAAGCTTCTCACCGA
CP084704.1_gap49	2033139	2035819	2680	CGTAGGAGAGATTGATGCTGAACATGTAATGGTTGTTGGCAAAGGCTGCAAAGGATTTGCGCAGCATGATCCCCACCAGGCGCGGGTAGAGTTTGGAGCGCTGAGCCACACTGAGAAACTCTCCGGGACTCAGGACCTCGTCGCCATGGCGGATGCGCATCAGACACTCATACTTGGTAATCTCGCAGCTCTGCAGGTCGCAGATAGGCTGAAACACCGGAAAGACACTATCCTCATCAATCGCCTGCCGGATCTTCTGCGTGATGGCGATATTCTGGCGATAGCGCTGCACCGCGTTAAACTCCTCGGAATAACACAAGGTATTGCGGCGCTGCGCCTTGGCGTGATGCATGGTCATCTCCAGGCGTCCAAGGGGATTGGAAGCCTCGTTGGTGCCCACTACCGTCACATTGAACTGCACATCGGCAATAGCGGGAGGTGTGTGGGAATTATCCACCAGGCAGTCGTGGAGAGTTTCCAGGTAGCGGCTCAGCGCTGAATCCTCAACCCGGGGACAGAGAACCACAAAGTTGTCGCCGGAAAATCGGTAGACCACCCCGCCCTCACAGCACTCCTGAATGCGGCGAGCCAGCTCCTGCAGCAGAATATCGCCACTGCTGATGCCGAATATTTCGTTAATCTCCCGAAAACCATCCACATCCACCAGGCAGAAGGTACGTGGACTGCGCACAAAAGCCAGATCCCTGGCCAGACGAGCGCGGTTGCCCATGCCCGTCAGCGCATCCACCAGATACTGACGCTCCAGCTCGACAGCCGCCTGGTCCACCCGGTTCTGCAGACTGTTATTCAGGGCAACCAGCTTCTCTTCGCGATCCTGGATCTGCTTGCGCAGACTCCTCAGCAGGGACATCAGGTTCAGATTATAATTCCAGGCAAAGTACAACGCCGCCACAATAAAAACCGCCGTGATCAGCACCGAGAAGACAAAGCTGGCCAGCAGACGCTGGCGCTGCTGGTGGGTATGGGAGGCAATAACCTCTTCAATGTCATCAAGATAGAGACCAGCACCAATAATCCAGTCCAGCTCCGGCAAAAGCACCAGATAGGTGGTCTTTTCGCTGATGGTTCGCTCGACATCCGGCTTTTCGTACCAATAGGTAACCCGCGCCGTACCCGTTTCCCGCAGCTGCTGCAGATAGACTTCGCGGTAGGCAAAACCATGCTTGTCCAGCAATGACGAGTCCATGGGGACACCGACCTGGGAAGGATCTATCGGCAACAGCAGATGCCGGGCAAAATCCGGGCCGCCACGCATACTCCTCACCTCCAGGGCAAAGAAGTAGCCATTGAGCCTCGGACCGATGCGATGCTGGCGCAGGCGCTCCAGAGTCATGGCAGGATCGAACGTGCCCTGGAGCAGCTCTGAGCGGATTATCGTCACCTCGCGCTGCAGGTGCTCGCGCAGGAGAACAAACTGACTGTCGATATAGGAATCTTTGAAATCGTTGCTGTACTGCTTCAGAAGCTGAAGCTGCTGATAGGAGTAAAATCCGCTGAGACCGAAAGCCAGAAAGGCAATCAGCAGAACAAACCCCCTCAGAATACGCCTGAAAAGACGCCGCTCGGTTCTGGCCAAAAATTCCGCAGGCATAGGACACCACCTGTGTCTGTATGGAAACGGTTATTGGAGAAAGCGGTACTGACGCATCGTCTGATACACAGGCATGTCAGGAAAATCCTGTCCATGGGAACCACTCTCTTATATCACACCCGACCAGTTCCCACGATACCCTTCTTTGATCCAGGGGAAAACAATCAAAGACAGCACCTTGCACACAGCCCTCAAAGCATCGGGGGAAGAGAGCAACAGCCAGGTTTACCGCAAATGGACACGGAGAAACGCGCAGAGAAAGACAACTGCAGAAAGGCACTTTCTCACACCAAGCTCACAAAGACGCCAAGGAAAGGCAAGGGGATTAACCACGGAAGGCAGGGCAGTTACCGCAAATGGACGCAGATTTGCGCAGATAAATGCAGTGGAACATGAAGACAGGTTTCTCGCGGAGCACGCAGAGACGCAGTGAAAGATTTGACCACGGAAAACACGGAGGGCACGGAAAAAGAGGGGAAGACATACCTCTCGCCGCAAAGCTCACTAAGGAAGACACGGGAGGACACAAATAGACACGGATAAATGCAGGAAGTCATGAAGGCATATCTCACGCCAAGCTCACAAAGACACCAAGGAGAGGCAGGGGAGACGTGCAGGCTTATGCATTTGAACCAGTTACGCGTTTTCATGGTGCGAACGCTGGGTTTTATTGGTACAACTTCGTCGAGCCTGAGATACAAGCTGATATATGTGGCCATTTTCATGGATGTTAACAGTGTCCCGTAACATTTACCATGATATCATGCAGACTGAATCGACTGGCGCGACAATGCTTCGCTTCAGAAGTACGCTTTTTCAAATTGCATGTTTAATGGAGAAACTGGCTCAGGTGAAAGCCTGATTTCATTCGCGTTTATTCGCGTCCATTCGCGGTTGTCATCGGCTGTTCCGTTTTTCCACATCCGTCTTTATCCGAGTCTATCCGTGGTGACAAACGGCTGCTAGGATTTCCCCTGGCGTCTTTGCGCCTTGGCGTGAGAAACTGCCTTCCTGCATTTGCCTTTATCTGCGCAAATCTGCGTCCATCTGCGGATAATATCTCTTGTT
CP084704.1_gap50	2037178	2039923	2745	GCCCTGAACTTCAAAGGCTTTCTGGACGCTGCGCAGGTTGCCGATGCCGTAGTCGAAGATGCCAACGCGGGGGGTGCTGCCCATCAGAGGACTCCCTTGGTGGAGAGCACACCGTCGCGGTTGCGGGCCAGGGCCTGCCGGCAGGCGTGGGCAAAGGCTTTGAAGCAGGCTTCGATGATGTGGTGCTTGTTGGTGCCATAACGCACGTTGATGTGCAGGTTCATGTCGGCACTGGCGGCCACGGCGGCGAAGAATTCGCGCACCAGCTCCACGTCAAAGCTGCCCACCTTGCCGGTGATTTCAAAGCCGTTCATGACGAAGCAGGGGCGTCCGCCAAAGTCCACACTCACTTCCACCAGGCTTTCGTCCATGGGGATGACGGCCCAGCCAAAGCGGGCCATGCCCGACTTGTCAGCGGCGGCTTCCTGAAAGGCCTGGCCGAGGCAGATGCCCGTGTCTTCCACGCTGTGGTGGTCGTCCACGTGCACATCCCCTTCAACGCTGAGTGTGAGGCCAAAGCCGGAGTGTTTGGCAAAGGCTTCCATCATATGGGTGAAAAAGCCGACGGGGGTGCGAATTGACGCGGCTTCAGGCGCGGTATCAAGATCCAGCTGCAGGTGGATTTCCGTTTCGCGGGTCTTTCTTTCAATGGACGCGGTGCGTGTCATGGGAACTCCTTCAAGGGGTGCGGTTTCATACAGGCGGCAGTTCCCCGTCTACCACAGGGGAATGGGTTGCCTGGGAGGCTGCGTGTCGAGGGCATTGAACATCAGGGTGTCGCCAACCCGGCACAGCCCCTGGGACAGCTCGACGTTATTCAGGGCTCGCCAGAAGAGGGTCGTATCGTCACCGCCACGGTGGTGCGGACTGAGTACCACCACCACATCGGGTGCCAGTGGGGAGCTGTCTTCCACGGCTTGCCTGGCATCGGCCAAAGATGACGCGAAGCAGAAGGCGATCCGCCTCTGCTGCCCGTGCCAGGCAAAGGCGAATTCTACACTTTTTTGTCGCATTTGCTCAAGGAGCTTTTGCCTCTGCGTGGACAAAGCCCGCCCATTGCCGGCAGAACCGGTGGCATTCACCACCAGACACCCGTCATGCAGAGAAATTCCCCGCTGACAGTCCAGACCGGCAAGCGCCGTCTGCCATGGTGGCCAATGAAGACCGTCATGGCTGACCACAAAGACCAGCAGCCGCGAGCGGACGAAGGGCTTCAGCCTGCGCAGCAGGGGAAGGATATCCGCGACATCGGTGCCGGGTTTCAGCAGGATCAGGGCGGCACCGTGGTACATGCCCCACGGGAGAAAGCGAAAATCCACAATGCCTGGCAGCCTGTGATTCAGCAGCGGTGCAAGCATGCGCTCCACCACGCCGCCCAGCACATGGCTCTCGGTGGGCGGCCTGCCGGTGACAATGCCCTGACACACGGGCCGCGCCTTCAGCCACATGCGTTCCAGGTGAAAAACCGGGCAGGGTCGGGGTTCGGTATAGTAGCCGGTATGGTTTCCGAAGGGGCTTTCCCGTTGCTGTTCGGTGGGATGAAGAAAGCCGCTGAGCACGATCTGCGCATCGGCGGGAATCTCTGCTCCTGCCATGGAGACCAGGGGCAAGGGACCACCCAGCCACTGGGCGAAGCTGATCTCATCCAACTGGGGTGGCAGGGGAGCGGCGGCGGCCACCAGCAGGGATGCCGGCACCCCCAGGGCAATATGCACGGGCAGGGGCTCTTCGCGCTGGCGATACCGCTGAAAGATCCGCTCGCCATCGCTGCCGGGCAGGAAATGCACCGTGGCCGTTCGCGGGCCGAGAATACCAATCCGGTAGATGCCGGCGTGGGTGATGCCATTGGCCTCGTCGCGGGCGAAGAGCACTGCGGCGGTCAGGAAGCTGCCCGTCTCGGCGGGGAAATTGCGCTGGGCGGGCAGCAGCGCCAGGGAGGCGGATTGACCAAGGCTATGGGGAAACGCGGCACTCCTGTCCTGATACTGTCGCCGGGGCTCCTGCAGGGCGCTCCAGGCGGTACGCCAATCCGCTGACGGCTGGAGCAGGGTATCCAGGGCCTGACGCACCCTGCGGCTCAGGTCGTCGGCACAACCGATGCCCAGCGCCCTGAGCAGGCGCGCTTCGGTGGAGTAGGTGTTGAGCACCAGTGAGATGGGCAGCGCGGCTGAAGCTGGCGCATGCAGCTGCAAGGCGCAGCCCTGGTCGCCGAGGCGCAGCTGCTCCAGGGCCATCCGGGCTGCCAGTGTCGGGGCATACTCACCCTGGACAGCGTGTATGATTTTGTGTTCTGAATCCAGGCGCGTGAGGTAGTCGTCCAGTCGCAAAAGGTTCTCCAGGAGCATCAGCAGGTGGGTGTTCAGAATTTTTTTTTTGAGGAAACAGCATTTTATAGTATGGTGAGTTCGTTTTCCAGGCAACAATTCTGCGTTGGCACGGACATGAACCTGGAGCTTGAAGCAGATTTCTGGGCAGGTTGTAGAAAAAAATGCGTGAACATATTGTGGATATTGGCTCTTATCTCCTCTCCAGCCATCTGGACGATGTGCTGGCAACGCGCTCACTGGTGTCCAATGTGGCCATCTGCGTTCACGACCAGCAACGACGCCTCGGTGGCCTCTTTCACTTTGCCCTGCCTGAATGCACCATCTCCGACAACAACCCATATCTCTACGGAATTCCTGGGCTGGCCCTCTTTTTTGAAGCCTGTTATGGCGCCGGCATGGACCCTGGAAGAATCCGCAT
CP084704.1_gap51	2049734	2052535	2801	ACATAACCGCAATATCCTGGGTCTCAGGATTCTGGTGGCAGCGAATTTTTCCGCCACGATACTCCAGCCACGTATCCAGAAAAGCGGCCTGGCACTGACCGGGTACACCGAATTCGTTCACGAAGACCGCATCCAGATCTTCGGCCAGACCGAGATGGGCTACCTGGGCTCAATAGGCCGCGCCGAAGCGACCCGCAAACTGGAGTCCTTCCTGACCTTCCCCTTTCCGGCGGTGCTCATCACACACCATCCCCAGCCTATCGAACCCTGGATGCTGGAACTTTTCACCAGACATGGAGTCGCCCTGCTGCAGACCGTGCAGACCTCCAGTCACGTCATCGCCACGGTCACTCGCTATCTTGAGTTTGAGCTGGCGGAGCAGACAACCCTCCACGGTGGCATGATGGATATATTCGGCGTCGGAATGCTGATTACCGGGGAGAGCGGCATCGGCAAAAGCGAATGCTGCCTGGACCTGATCACCAGTGGTCACCGCCTGGTGGCCGACGATGTGGTTCTGGTAAAAAATATCTCCGGCGAACTGGTGGCCTTTTCCAACAATGAGCTGGAGCACCATATGGAGGTTCGTGGACTGGGCATCATCAATATCAAGGATATTTTCGGCGCGGCCAGCGTGCGTCGGCGCAAAAAAGTGGAGCTGATCATTGAGCTGCAAAGCTGGGAGCGCCAGAATGCCGCTCAACTGGAGCGACTGGGAGATACCAGGAGTTTTCGCCATGTTCTCGACATCGACATTCCCGTGGTCTGCCTTCCGGTGACTCCGGGAAGGAACATCGCCAAAATTCTTGAGGTGCTGGCACGGAACACCATTCTGCAAAACATGGGATATCAGACGGTTGAAACTTTCATGAGCAAACTGCATAATCGAATCCAGTCCAAAACCGCAGACGGCAGTACGGGAGGCGCGTAGCCATGGAGCTTGTATTTATTGCCGGACAGAGTGGCGCGGGGAAAACCGCTGCCGCCGCTGTCCTTGAGGATCTGGGGTACTACCGTGTCGACAATATTCCCCTGACCATGGTGGAAGCCCTCATCGATGAGCTGCGCAAGAGCTCCTTCGAACGGATCTGCGTTGTCATCGGCGGCTACCAGCTCACTTCACGCCAGCTGGATCTGCAGCAGTACTTCATGGAGCTCTCCCGCAAAGGCATCCGCGTCCGCTCGCTCTTCCTGTGTGCCGACGACGAGGAACTGATTCGCCGCTTCAACATCACCAGACGCGCCCACCCCTTTTCCGGAGAGCTGGCCAGTGCTTTGAAGGAGGAAAAGGACAGCATTTACCGCTGGTCAGAGTTCTTTGAACTGGTCATCGACACCACCAGCCTGAGCATTCACCAACTTAAGGAGAAGCTCGTGGTGCTCTTTGCCAAAGGGCAAACCCCGCGGCGCCTGACCATATCCTTTGTTTCCTTTGGTTTTAAATATGGTATATACAAAGGAGCTGATAATGTGGTGGACGTCCGTTTTCTTCCCAACCCGCACTTTGTGGCGGCACTCAAAGAAAAAACGGGCCTGCAGCAGGATGTCTACGACTACGTCATGGAGGCGCCCCTGACCGGAGAGTTCCTGACCCTCTGGCAACAGGTCTTTGACTCTCTTTTCCGCTGGTATATCCAGGAAGGAAAGTCCTACGCCACCATCGCCTTTGGCTGTACCGGCGGCAAACACCGCAGTGTTTCCCTGGCCCGCTACTGGTCGGAGTACTACCAGCAGCGCGACGATTACCATGTTTTCGTTTACCACAGGGATATTTCTCACCCCTGAAACTCTCTCCCATTGAGGCACAGCGCATGATAGGTATTATTCTCGCCACCCACGGCAACCTGGCCCACGAGCTCCTGGAAACGGCCCAGTCAATCATCGGCCCCCAGGAGCATGTCAAGCTCCTGAGCATTGACTTCCAGCACGATGTAGACACCATTTTCACCCAGTACGAAGATTGCCTCAAAGATGTCAATCAGGGTGAAGGCGTCCTGATACTCACGGACATGTTTGGCGGCACTCCATCCAATATATCTCTTTCGTATCTGAATACTGCCAATATTGAAGTGCTGACCGGAGTGAATCTGCCCATGCTGATCAAGGTTCTCACCTCCCGCGCCGAGGCTCCCACCCCTACCGCCCTGGCAAAGATGGCAAAAACCGATGCCATCGACGGCATTGTCATTGCGTCGGAAGTCATGAGGCAAAAAGTTGAAGAAATCTAGTTTTATCCGCCTTGATGAACGGCTGGTCCATGGCCAGGTCGTACACGGCTGGCTGAGGCACCTGAAAGCCCGCACTATTGTCGTCGTGGACAGCCGGGTTGCGGTGGATCCTCTGCGACAGCAGATTTACCGCAGCGCGGTACCACGGGGCATTGACGTACAGTTCATGACACCGCCGCAGTGCGAAGAGGTCATCGACACCCTCGACGAAACCCTCTTTCTCTTCTCTTCCGTGGAGCAGATGGAAGAAGTGCTGCAGCAACACCCCGTCCAGGAAATAAATATCGGCTGCATGCAGAAGAAGAGCAGCCGTCAACAGGAGTTTAACTCCATCTATATCTCGGACGACGAACTCGACCGTCTGCGCAACCTCAAGGCAACGGGCGCGGTGATTGTCTTCCAGAAAGTTCCAGGAGAGAAAAAATTTATACTCTGAGCCAGCTCCTTCTGCTGACAGGCGCCTTCGCCCTTATAGAATCAGACCGCTATGCCTTCGGACAGTTTGGCATATGCCAGCCCCTGATCGCCTGCACCCTTACCGGCTGGATCATGGGCGACTGGGCCACCGGGCTG
CP084704.1_gap52	2156955	2158745	1790	ACAAGCCTGGCTTACTCCTGTGCTTATTTCCGGACACCTCAGGACAGCCTGGAGGCGGCCCAGCAGCAGAAGTACGAGCTGATCTGCCGCAAGCTTCGCCTGCAGCCGGGAGAGACCCTGCTGGATATCGGCTGCGGTTGGGGTGGCATGATGGTATATGCCGCCCGCCACTACCAGGCGCACGTTCGGGGAATAACCCTTTCAGAGCAACAGTACGCGTACACCCGCGAACGTATCCGGCGCGAAGGACTGGGAAATCAACTTGAAGTGCGCCTGCAGGATTACCGCGATACTGAGGGTCAATTTGACAAATTTGTCTCCATCGGGATGTTCGAACACGTGGGGAAGAAATTCATACCGACCTACATGCAAAAGGTGCATGCGCTCCTGAAACCCGGAGGCCTGGGCCTGCTCCACACCATCGGCAAGGACAATGGCATCGGCAAAAACGACAGAGGCGACCCCTGGATATCCCGCTATATCTTTCCCGGCGGTTACATCCCCCTGCTGGACGAGATACTCAGAGCCATGGGCAACCGTGACCTGGTGGCCCTGGACATGGAAAACCTGCGCCTGCACTATGCCCTGACTCTGGGCCACTGGATTCACCGCTTTGAGCAACAGGTAGACAGAATCCAGGCCATGACCGATGAAAGCTTCGTGCGCATGTGGCGCATCTACTTCCACTACTGCCAGGCCACCTTCCAGTGGGGCCAGACCCGCCTCTACCAGATTCTCTTCAGTAAGGGCCTGCAGAATGACTATCCCCTGACCCGCAACCACATGCAGGTTGCGGGGAATATCACCGAAAACCCTTGAGAGAATATTCCAGAAGCCTATGCTTTTTTTTGGAGAAAGACGAAAACTGAACGCATCAACACCCCCACAACTCCGCAACCGCGACCCGGGTTTACAGGAGCGAAGAAACAGCACAAACAACCAGAACGCTAACCCTTTCCATGGAGGTCTGTCATGGTTTTCCCTCAGCGTATATTGTGGATTCTCTGCCTTTTGATGACACTGGCAACCGCCGCAAACGTTGCCTATGGGAACTACTGGAGCGGAGGTGTAGGGGAAGAGGAACGACTGAATGTCCCCGATGGCAACACCCTGATCATCTTTTCCCAGCGCAGCGGCCCCTACCTGGCGAACATGGCGTTTACTATCAGACGATCCGATAGTGATGTGCAGCTTCAGGGAAAAGCTGACGGACCCTGGGTCATTACAGATCTGCCAAGCGGTGACTATTATGTGACAGCGACCCGCGCCAACGGTGATCGCCAGGGACTGGCTTTTAGCGTACGTGAGGGCAAACAGGCCCGGGCAATCCTGAGCTTCCCGTAGTTTTCGACTTTACTCGCCACGCCCCTGCTGTCACGAAGAGCAGGGGCCATGTTTTCCACTTGCATTGACATGGCTATTTCGCCATATTTACACGCAGATTTCAATTTCACTGCCCCATTCTGCATTGCCGGAGGAATCCATGTCCGCTCAGGAAAACAATCTCTGCCTGGAAAACCTTCCCGTTCCCCTCTACGGCTCCGTCATGGGCCTGACCGGCCTGGCCATGGCGCTGGCCCACTTCGAGCACCGCCATGGTGATCCCTTCTGGTCCCAGATACTCCTGTACGCCGTCAGCGCCTGGTTTGTGGTGCTCAGCATCGCCTACCTGGCCAAATGGGCCAGGTACCCCGCCGAAGTCAACAAGGAGTACCAGCACCCCGTGCGCATGAACTTCTTCCCCGCCATATCCATATCCCTGCTGCTGCTGTCCATCGGCTACCTGGAGA
CP084704.1_gap53	2161601	2162435	834	TCCTGGCCCAGGTTGCCGATGAGGCAGCCCCGGCGAAAGTCGTACTGCTCCATCCCGGCCATGGCATCGGCGGCGAAGTCCGCCATGCGCTGCAGGGGCGAGCGCTTTTCATTGCCCAGCCAGCGCTCCAGCTTGTGCAGGAAGAAGGCGGCATAGGCGTCAATCACCGCCAGGCCAAACTCCTCTTTGCTGGCGAAGTAGTAGTAAAATGACCCCTTGGGCACACCCACCCGCTTCAGGATTTCATCCAGCCCGGCGGTGGCAAAGCCCTTCTCGGTGAATATCTCCATGCCCGAGCGGATCAGAGCCTGGCGGACATCCCCACGGCTGGTGTCATCTTTGCGGGGGCGGCCCCGGCGTTTTGGTTCGTGTATAGTTTCCATGCAGGAAAAATAGACCAGTCGTCTATAAAAAGTCAAACGCCGATCTGCGTTGACCCTTTCCACCGCCCATGGTAATTGTGTTACACATGAATTTCTTTTGGCGACCCGATTACAAAATGGTCAACGTCACGCGTCCTGCTTTCTGCGGAAGGAGAGCTCATGCCAGACACCGCCCCCTCCCCCGGTTCAGCCACCACCGATGATCCCCGTATACGCCTGGTGGAGCGCACCCTCAAGCGCTATGCCCGCCAGCCCGACGCCCTGATTGAAGTCCTCCATACCGCCCAGGAGGCCTACGGCTACCTGCCCGAGGAGATCCTCACCCACGTGGCCCGCGAGCTGGACCTGCCCGAAAGCCAGGTCATGGGCGTGGCCACCTTCTACCACTTCTTCTCCCTGCGCCCCCGTGGCGAACACAGCTGCATCGTCTGCACCGGCACCGCCTGCTACG
CP084704.1_gap54	2233661	2237969	4308	GAGTCAGCAGAAAGCGATCCCGCATCTGACGCAGAATCTGCACATCAAAATGGTGGGCCGAACCGTAAGCGGCGGTGGCGATAAAGCACTGGCTCTGACTGCTCTGCCCGTCGCCATCAACCACCAGAGCCCTGCCACTGCTGCCCGCACCCTCCGTGTCCGTCAGCACCACGGTCACCCCCGTCAGGCGCAGCATGTCTACCGAAGCGCCGGAGAGCTCGCTGAGGGGGTTGTTAAAGAGGTTCAGCCACTGCAGCGGTGGAGCCAGAGGTACCAGGGCGCTGGCATCGCTGATCTGGTTGCTGTCCAGGTGCAGGATACTCAGGGTGGAAAGCGCGGCCAGGCCGCCAATATCCGTCAGCTGATTATTGCCGAGATTCAGGGTTTCCAGGGAGCTCAGGCCACTGAGACCTGCTGGCAGACTCTCAATCTGGTTCCCCCACAGATCCAGCACGCGCAGCTGACTCAACCCCACCAGGGGCTCTATGTCCGCAATGTCATTTTCGCTGGCATAGAGTTCCTGAAGATGGGTCAGAGTGCTCAAGGGGCTCAGGTCGGAAATAACATTTCCACTGATCTGCAGCACTTCCAGACCGCTACGGCCAGAGACGGGAGCAAGATCACTGATCTGATTATTCCCGAGGTAGAGCACCCGCAGCAGAGGCAGGCCCGTCAGAAAGTCCAGGTCTTCCAGGTTGTTGCCGTCCAGGTAGAGTTCCTCCAGCCCCGAAGGCAGTGAAGTGACGTCGGCAATCTCCCCGTGGCTGGCATAGAGGTTCTTCAGGTGCGCCATGCCGCCAATATCCAGAGCCGTCAGCCCGGTGCCCCACACCGCCAGGGTCTTCAGGCCCGGCAGGGCTGCCAGGGCACTGAGATCGTCGACACTGCTGCCGCCAAGGCTCAACCACTGCAGCTGATTCAGATACGTGAGTGGCTGCAGATCGCTGACATTCAAGTTCCCGCGCAGATTCAGCTCCTGCAGGTTGACAAAGTGCTGCAGCCCGTTCAGATCACTGATCTCAACGCCAGTGAGGCTGAGGGTTCTGGTACTCAGCACATCGGCCATGGTGATATCGCTCTTGCCCAGGGCGCCACGCAGGGAGTTCAGCAGTGCAGTGTCCACACCCGAAGTGGGCAAGGGGTCGGAGAAAGCCGGAGTGGCGTAGAGGCGCAGGAAAGAATTACCTTCGCGACTCAGGGACATAAACACCATCTGACGGTTCGCGTTGGCTACCACAGACAGGCCATCGACATCGACATACGATGTCGATGGAGTATAGGCCTGCCCCCCCAGCTTCAGCAACTGGCCCTGATCGTAGGCATAAACGGAGAGCAGGGCGTATTCGCGTTCTGCGGTATCACCTTCAGCATCAAAAAGGTATTCAGCCTGGTCATGCAGGATAAAGAGGCGGTCACCGGCCACATCGATATAGGAAGCATACAGCCCTATGGGCAATTCCAGCGTGTCCCGGAGGGCAATATTTTCAGGATCACTGGCATCGTAGAGGCGGACATAATGAGTGCTGCCCTCCATGCCATCGTAGATATCGTACATCACCACCAGCCAGCTGCTCCCGCCAAAACGAACGGTAACCCGATTGTGGCTTCCCAGCTCTTTCGTGACCAGGAGATCCGGCTCAGCGGGGCTGGAGACATCGTAGAGGAAAAAACGATTCCCCAGGCTGCCAATGGCAAGCAGGCTGCCATCAGCGGAAAAGCTCAGGGAATGGAGGTATTCGCTGGGGAATATGATGGTGCTGACCGGAGTAATCTGTGGGCCAGAGCTCACCTCCAGCAGTTGAACCCTGCTGTCACTCCCCTGGCGGGTGATTACCGCCAACAGATTGCCGGAGATCGCCAGGGTGCCATCATTATACCCGCTGGAATCCAGTAACCACTCGTATGGCAGAACAGATGGATCAGCGGCATCGAAGAGAAGGAGACGCACCTCTTCTTCAGAGGTACCGTTGGTATACCTGACGCTGGCCAGCAGCAGATCATCCACGAGTTCCAGGGAGCGCAGGGAAAAGTACTCGTATTCACAGGAAGGATCTGCGCAGTCAAAGGTGTACACAGGTTCCAATGCACCGGGTTCAGCAACATCCTCCAGGTCCATGCGACCTATGCTCAGTGTGGTGACTTCCGTTATTTCGTCAACCTCGTATTGCCCCATAAAGAGCGTCGTGTTCCAAAGGGCGACGGGAGTGTGACCGTCAAATTCTGACCGAAAGGTGTGGATCCCGTACTCCCGGATGTCAGGCAGGGGAGGCACCACCATGAAGACGCCGGCACTCATGGCCCAGTTGCCTTTGGAATCATAGAGGAGGAGTTTCTGGGCCAACCCTTCCTGGTAATCATACGGAATTGGGGTGAAGCGATAGGAGCCGGTATTCGGGGGTTCAAGGTAAACCAGCTCACCAATCGAGAATCCCTCCAGGATCTGGAGAGCGTCTTCGCCATCTTGATTTTCGGGATCATAGCCATGGGACGGATGGTCTTCCAGGTCGCGCAGGAGCTGATCTTCCCCCTGGTGGCCCGAGTCTGCATCGGCAATCATATAGATCCAGATGTTCTCACCGGTCAGCAGGCTGGTGTCCCAGGTGATCTCGTAGGTGCTGCCCCACTGCAGCCGGCTCTCAGGGGTGGGGAATCCCACGGCCTCCGGATGGTACGTTTTGAGCCCTCCCACGAGGTTAAAAGCCGCCAGCGCTGTCTGGGCGTTCAACATCAAAAAAAGAAAAAGCAACAGCGCTTTTCCGGCAACAAATTCCCTGTACCTGTTCGGCATGGCATACCCCCGCGATAACGTCATAAGCTGCAGACAATGAAGGACATTGAAATCATTGTATGCCCCAGGAGGAATTATCACAAGGGATTTTGTCACAAAATGCCATTTTAATGTCGGGTAAAGTCGTTACGGCAAAACGGGGATCAAGCGCAGCACCTGTCCGGGATTGTGGTCGGTCAGCACCCAGATGCTTCCATCGGGAGCCTGGCGAATATCGCGAATGCGGCTCTGCCCTTCAAAAAACTGCTCCACCTCTTGCACCTGCCACTGGCCCGTCTCGTCCTGGCTGGTCTCCAGACGAGAGATCAGCTGGCCGCGCAGGGCACCGATAAAGAGCTGATTCTGCCAGTGGGGAAACATGTCGCCAGCGTAGAAGAGCATGCCCGAAGGAGCGATGGAAGGCGTCCAGTGCCACAGGGGCGACTCCATACCGGGGAGCTCGGTGTGGGGGGTAATGGTGGAGCCATCGTAGTCGATGCCGTGGGTGGCCTTGGGCCAGCCGTAGTTGGCGCCAGCGATGAGGCGATTCACCTCATCGCCGCCCCTGGGGCCGTGCTCCTGCATCCAGATTTCGCCACTGAGCGGATGCATGGCCATGCCCTGGGCGTTGCGGGTTCCCGTGGCATAAATCTCCGGTTTCATATCAGCTTCATCTGCAAAGGGATTGTCGGCGGGGATGCGGCCATCGTCGTGGAGGCGGATGATACTGCCAGCGTGATCACTGAAGTCCTGGGCCCGCTCCATCTGGCCACGATCGCCAATGCTGAGGTAGACATAGCCTGCGGCATCAAAGACAATGCGCCCGCCAAAGTGACGTCCGCCACTGCTGCGGGGAAAAGCGGTGAAGAGCACCTGCACTTCCGTCAGGCGACCATCCAGATAGCGGCCCCGTGCCATATTGGTGGTGAAGCCCGCCGAGGTACGATCCACATAGCTGAAATAGAGCCAGCGATTTTCGGCAAAGTCGGGGTGCAGGGCCAGATCCAGCAACCCACCCTGTCCGTTGGGATCGATGCGGGGCAGACCACGCACCGGAATGGATTCCAGCCTGCCATCGCGGATAAGGCGCAGCCGTCCGGGACGTTCACTCACCAGCACTTCCCCATCGGGCAGAAAGACAATGGACCAGGGATGACTGAGACCGCCCACCACCTCCTCCACATGGAAGTGGTGAAGTTCGGAAGCATGGGATGATGAAGCTGCAAGGCCCTTCGTCGCTCCAAAAGCGAAAAAGACCAACAGTGAACCGAGAAATCGTATCATGAAGCCTCCCGAAATTATTCGCGTCCTTTTCGCACCACCTTACCACGGGACCGCGTAACAGAAAAGCCCCAGTGAGCGCCAAAACAGAATCGCGAACAATCGGGTCGAAGCGTTACAAACGCTCCAGTCTGCGCATATGCCAGGGAGAGAAGTAGCGCACATCACCCGGCGCGTGGGCAATCACCGAAGAGACAATGAGAATGCCCGCCAGGAAATAAAAGGGCTCCGGGTACCAGGGGTGCAGGAACGCCAGCAGC
CP084704.1_gap55	2283229	2284229	1000	ACCATGGGAGTGGTAGCAGTCGTGCTGGTGCTGGGAGGAAAGCTCTACGCCTTCATGCACCTGGAGAACCTGTGGATTCTGGTTGCAGTACCCGTACTGGCGCGCCTGTCCATGGTAGTTGCCATGCACCTGCTGCCCTATGCCCGCGGGGAAGGACTGGCAAGCTCATTTTACGGAAAACGGACACCCTGGCTGCTGGTGCAGTTCCTGGCCCTGTCTGTCCTCCTGGGGGCAGGGTATCAGATCACCCTGGCACTCCTGGCAGTATTCGTGGTGTTTGTGGCGCTGGTACTCTGGTGGTACCGCCGCATGATCGGTGGAGTCACCGGAGATATGCTGGGAGCCCTGTGTGAAACATGCGAGCTGGTGCTTTTTGTGGCAGCCGTGGTGATCCTGTCGGGACAGGGGACACCCCTGTGACACGGGCGCAAGGCACTCGCTGAACGCTGCAAGCACGTGACTTATGTTCGCGCCTGAAACAGCATTGTCGGTGTTTTACCTGAAGTTTCGCATCTTGCTGTCCTGGATTAAGACATTATTGTTCTGATGTCACCATGCGGAAACCGTAATGATTTTTCATGCTTGACTATCGGGTATTCCTCTTTTTGTTTCCGGATATTGTACTTTTTGACCGCGCAAAAAGTACACAAAAACGCGCCCCCCGAACGCCCGTTTTTCCGGCTCGCCTGCTCGCCTGTTCTGGAGATCCGGCAGACACTGCATCCCTGCAGTGCTGCCGGACCACTCACTTCCTGTGAGTGTCCCTTCGGGTCTTGCCAGCCAGGCGTCGCACTCACCGGACGGGCTCAGGGGGGAATGAACAACCTGCCTCTGCCAATAGCTTATGTAATACCTCAAACCAGGCAGGCAATTGAAAAACCTTCAGGTGCAGCTCAGAGTGAAGCGTACTCCCTGTACGTTGCAGCGTGTGAGCGTCCTGCGGGCAACGCCGCAGATGAGGGTTTTTCAGCAGCCTGCTGATGTGCTGGCCCAGCCAGGA
CP084704.1_gap56	2403485	2406097	2612	CAGCTCAGCAAAGTTGCCGAAGAGCTGCGCAGCACCGTCATGCAGTTCAAACTGCAGGAAACCACCATCGCCCAGATAGCCGCCGCCACCAATTCACAATAACCCCTGAAATCAAAAGCCCGTGACCAACTCAGGTCACGGGCTTTTTCACATCTGGCAAATGAGCCCACAACTCATCAGCCGTCCTGAAAGACCGGAGGGCCTCCACCACCACCGGCAACGGCTCAGGCAGGATATCCGGAAAATCCACCTCCCCCGGCAGCCGAATCGCATAGGCCAGCCGCTCCACCGGGGGCGTAAACTGCGCATTGACACCCTCCCGGTTGCCCCGTGCGTCCACGCGATACCAGCCAACATCGGGCAGGAAAACCGCATTCAGCCCGTGCAGGCAAAAAGGCGCTCCGTTGTCATCGCGACTCAAGCGCTGATAGCACAAACCCGCCGCAATTCCATTAGCCCGCAGCAGCGCCGCCAGCAGATGACTCTTGGCATAGCAATAACCGCTGCCGACACGCAGCACCTCCGAAGCCGTGCAGGTCACCTCCTGCAGCTGATAATCCCGCGAATGCCTGATCTCATCCCGAACCCACTGGAAACACCGCTTCGCCACAGCATGAACCGAATCCGCACCAGCAGCGAGCTCATGGGCCCGAGCGAGAACATCGGGGTGATCCCAGTCGATGATATTCGTAGCGGCGAGGTAGGACTGCATGGGAACTCCTTGTCAGGCTGCTGAAAAACCCTCATCTGCGGCGTTGCACCTGAAGGTTTTAATTGCCTGCTTGTTTCGAAATATTTCTGTAAACTTCTAAACATATTGCTACGTAATACAAAGATATTGTGCATCACTGATGCCAGTTCCGTATGATTGCCCGAAACAGTGGGTGGTTGACTGCAAGGATGCCTCACAACAGCTCGAAAATCTGACTAAGAACTTATCCATAAATTACGCCGATTTTCCTGTATGTGATTATGGCTGCCGCAAGACACGTCAACCCGTAGTGAGTGACCTCAAGCTTCTCAAAGCGCACATGAATCTTCCTGAAACGGTTGAACCAGGAAATAGATGCTTCCACTATCCAGCGCCTCGCCTTCTTTGATGGGTCACGCTTCTTGTCCTCGATCTCTTCTTTTCGCTGCTTTACATGGGGTATGTATCCGCGCTGAAGAATGCTGCTGAGCGCCTGCTTTCCCTTGTAGCCACAATCTGCGCAAAGATGCTGCTCCTGCTCTGCAGGCTTCTCGAAGACTACGCCATCAAGAACAGCTTCAAGCTGGCTCACATCATGCCGGTTCGCTCCGGTTACGACGATGGACAACGGGACGCCACGACCGTCCACCAGGACATGACGCTTGCTCCCGTTTTTTTCCCCGATCCGTCGGGTTCTTCCCTACGGTTTCAAGAGCCATTGGTGCTTTGTACATTCCGCCATCTATGCTTTGCCACTCCCAGGCAATTCCCTCCATCTCGTCATACTCAGCCAGCCCTTGACGCCAAATAGCTTCGAATACACCGGCCTTACTCCACTCAATGAAGTACTTGTGCACGGCACTGGCGCAACCAAACTGCTCCTTGGGTATGGCTTTCCACTGGCAACCGGTGCGCAGCACATAGACAATGCCGGAAAACGCCATTCTGGGGTCAAGTCGCTTCCGTCCGCCACCAGGCTTGCGTTTGTAGGTCTTGTCAGGATCTCTTTGCTGGATTGGCAGCAAAGGCTCAACTCTTTGCCAGAAAGCATCTGAGACTTCCCATGATTGCACTTTAGACATAAATCACCGCCATGAATGATCTCTCACTGAATCATTCTATAGCAAACTATCATAATGGTCAATAATTATTTATGGACAAGCTCTAAGCAACCATGAAATGAAAAAGCTATTTTCTATAACCGGGCCCGTCCAACAAACGGTTCAGATCGTGGCTCGCTTCGCGAGCACAATCTAACCTTATCCGTTAGGTGCTTGACTGGTCATGAACCTTATCAACGAGAATTTTCTCCGCTGCCCTAAGAGCATTAAGAATCTCCTCTGCTGCTCGATTAGCCGATGCGGGAGGCTCGGGACCCGTCACTTCAAATTTAGAGGTTCCCGCTTTTGAACTCGCTTCTAGTAGGTGCTTCAATACATCCTCTCTAGTGATAGCTCCGTGCTTTGATATATACGTATCAATATCGGATTCTATTCTGTCAAGTTGGCTTGCTATGTGATCACAAACATCATGCCAGTCCATCCATGGAGCGTCATAGCTTGGAAGATAGGTACGAATCAAGGAGACCAGCTCAGAGGCAGCTTCGAATTCTTTCTGGAATATAAACTCGGATTTCTTGAGCCTGACTCTGTAGCTCTCTATTTCGAGGTCGAGCTTCTGTTTTTCATCTTGAATAAGGCGGGTAGCCCATAGCTTTCCCAGCCAGTGGGCAAATGCCCCAATAACCACTGCTCCGCCTCCTAGTGTCTAGTTGCATAAATTAACGATAGTATTTTTAAGCTGACTGCCTTTTACTTCACGTTTTCTCCACAGGAAAGGCTTTGCATTTTGCTGGTAGACTTCAATGAAATCCTCTATCGCCTTGCGAAGCTGTTCGACATTGCCAAAACTTGCCCCCTTC
CP084704.1_gap57	2434002	2436207	2205	TCCCGGTCAAAGACGCAGTAGACCCGATCAAAGGGGTCACCGGCGTCTTTTTCCTGGCGGTAGCGCTGCCTGGCAAACTCCACGACACCCACGGGATCATAACCGCAGCCATAGACTTCCACATTAGCGGTGTTCAGCTTGTAGTAGTCGCAGATTTCCCGAAAATAGCCGGGCTCGGTTTTTTCGCCTTCACAGACAATCAGGATTTTCGTGTAAGGGGCGCGTTTCGCGGCACGTCTTTGCAGCCACTCGACTCCCTTTGCCCCGCGCCTGCGCAACAGGTCATCGGTGCCCATCAGCCCTCCCGTGTCAGTGAGCGCACATAGGGCAGCGCCCCGTAGCGTCCCGAGAGATAGGCCAGTTCCAGGTTTTCGCGTCCTTTGCGGGGGCTGAAATCGGTCAGCGGATAGAGCACAGTGGCCTGGCCTTTGCCCTTGTCGCAAAACCAGATCTGATCGCGGCGGAACATTGCCTGATTGAGGATGGAGGTCTCGTGGGTCGTAAAAATCAACTGGGCGTGGTGAGGATTGGTCTCTTCATGGTGAAACAGCTGCACCAGGAACTTCACCAGTTCGGGATGCAGGTTATCGTGCAGTTCATCGATAAAGAGCACGTGCCCGTGTTTCAGGGCCTCAAGCCACGGCCCGGCAAAGGCGAACACCTTGCGGGTGCCGTCGGATTCTTCCGCGAGGTCAAACCGCACCGGCAGGCCATCACTTCCGGTGCGCACGGTCTGAATTTTCAGCAGCTGTTTTCCAGTGAAATCTTCCGCGATGGTTTCGCGCAGGGACTCCGGCATGCTTTCGGGGAGGGCCTTGACATCAAGTGATGTTTTTTCGACCAGGACATCTTCGATATCCAGGTCCGCTGCCCGCAGGAAATCCAGAATCCGTGACTTTGTGGCCTGTTCACACAGGAGTGCAGAGGAGTCGGGGCTCCAGCCACCGACGCCCGACAGGCGCAGCCTGCTCCTGAACCAGTCGAAGACGGGCTGCAGCTGGTGGCTGTTCAGCTGCACCGCAGTGGAGAGAAAGAGGGCGTTGTCGCGGGTGGACTTCTGCCACAGGAGTTTTTCCCCCGTCAGGTGGCTCCCGAACTCCCAGTGGTACTGTTCGCCTTTGGCATTCCAGACGCGGGCAAACCAGCGCTGTGCCCGGTGCTTTGGGTATGCCAGCAGCCATTCTTCGTGGATGCGCTCCGCTGTGGCCGCGAACCCGTACTGATAGCGCACGCCATCGACGATGAAGATCACTTCAAACTCGCTCGGCTGCAGACGGGTACCGGGATCAAGGCGGAAGGGCATGACAGGGAGTTGATCACCCCTTTGCATACTGGTGGCTGACTCAAGAACAACGCGCTTCATGGCCTGCAGGGCCAGCAGAAAGTTCGATTTGCCACCGGCGTTGGGGCCATAAATGGCCGCCGATCGAAGCAGCTCCATGCTGTTGGCCTTGAAGCTGTTGGTCTCCTGCAGTTCGCTCCCCTTGCCCTTGATCAGGCTGAAGGTCTGCTGATCGCGCAGGGAGCGGAAATTGGCCACGCTCAGTTCAACAAGCACAGGAAGCTCCTTGGGATGGAAATGTATTCACAGACAGAGCCCTACGTGGGCACAAAGAAAGACAAGACTACGGGAAAATAGCATATAATTGAAGTTTTGCACCTTGTCGCCTTGGGTTAAGGGGTTGTTTCCCTGATATTTACTGCGCGGAAACAGTATTGATTTTGCATACTTGACTCATCTGGTATTCCTCGTTTCGTTTACGGATATTGTCCTTTTTGACCGCGCAAAAAGGACACAAAAACGCGCCCCCCGAACGCCCGTTCTTCCGGCTCGTTTGCTCGCCTGTTCTGGAGATCCGACAGACACTGCCTCCCTGCAGTGCTGCCGGACCACTCACTTCCTGTGAGTGTCCCGTTCGGGTCTTGCCAGCCAGGCGTCGCACTCACCGGACGGGCTCAGGGGGGAACGGCCTGCTTCTGTCTCTCCCCCGTGTTCTTTCCCGGCCAGGACGCGCCGACTGTCAGGCTGCTGAAAAGCCTCATCTGCGGCGTTGCTCACCAGTGCTCGTCGCTGCGACGTACAGGAAGTACGCCTCACTTCTCACCTTGCTTGCGCCTTGCACCTGAGAGCTTTTCAATTGCCTGCATAACGCTATGGACTCGCAGGGTTGACGCCACGAGGGCGGCAACCGCAAACCAAAAGCC
CP084704.1_gap58	2439964	2441854	1890	CCGCTTTGCTTGACGATGCGCTGCACAAAGGATTCATCGCAGATAAAGTTCTGCCCTAGGGATTTCTTGGCCATCAGGCCGTGGGTATTCAATATCTGACGGACTTTCACGCTTTTCCTCCATAACTGCGCCGATGCTCAAGAATGCGCACCGCGCAGCGGGTGGCTTCCACCAGGCTCGTGCTGGAGGCCTGCCCCTTGCCGGCGATGCCAAAGGCCGTGCCGTGATCAACGCTGGTGCGCACGATGGGCAGTCCCATGGTGATGTTCACCCCACCGCCGAATCCGGCCATCTTGACGGGAATCATGCCCTGGTCGTGGTACATGCACACGGCCACGTCAAATTCATTCCCGGCTGCCATGCGGGCAAAGAGGCTGTCGGCGGGCAGTGGCCCGGCGGTGCTGGTGCCGTGGGTGCTGTCATATTCCCTGATGGCGGGCAGGATAATCTGCTCTTCCTGGGAGCCGAAAACGCCACCATCGCTGGCATGGGGGTTGAGGGCGCACACGGCTACCCGGGGCAGGGCAATGCCGATTTCAATCATGCCGCGATAGGCGTTTTCCATGGCCTGCATGATACGGGGACGATTGAGCAGAGCGGGCACGCTCTCCAGGGCCACATGGGTGGTGACCAGTACGACGCGGATATTGCCTGCCACCAGCATCATTGACTGGCTGGTGACGCCGGTATACTCCCCCAGCATCTCGGTATGGCCGGCATAGTGGTAGCCGCCCAGGTTGATGGCTTCCTTGTTGATGGGCAGGGTCACCATGCCATCCACCGCTCCCAGCATGGCTTCCTCGATGGCGCAGATGACGTAGCGGGCACTGGCGGCCCCGGCAGCGGCACTGAGTTTCCCCGGCTGGGGTTCGCGACCATAGTAGCCTTTGTCCATATACTCGCAGTCGGGCACCGTCAGCCCCAGCTTCTGGCCGTAGTATTCCAGCGTGCCACGCTCCCCGATGACCACGGGGCGGCACAATTTCGTAATTTCGCTGAAGGCCTTCAGGAAGACCTCCGGGCCAACGCCATTGGGGTCACCAAGGGTGAAGGCGAGGCGGCAGGGTGTCGCGGACTGCGGCATGGTATATTCCTCTTCGGTAAGCTGCTGGATAATGTATGTGAAGTCTTGAAAATGCTCAAGAGCAGGTTTCGGAAAAATCATCGGAGTTTTCCGCTGCGGCCACCGGATGCCGGGCATCCGCCTTTCCCATTGACGGGTACTGCCGATACGGTATTATGGTGCAAAATTTCGCAACGAGATCATACGGAACATGCCATCCCTTGAACACACCACCCATGCCCTTGCCGGCCAGAGTCTTTCCTGGATCAGTTTCCAGATAGGCCGCCGCATTCTCTTTCCTTCAAAGAACGATATCCTGACAGGCCGCCGTTTCTTCCTGAGCCTGCCCGACGACGACAGCGCCCGCCAGGTCTACCGCACCATCAACTCCCTGAATATTCCCTGTGTCTACCTCTCGGCCTGGGAGATCCTGCCGGGGGAGGCCAACGATTTCTACGCGCCCAATGCCGCCGCCCGGGCCCAGGCCATCGACGCCATTGTGGGCGGCAGCGCGCCGGTGGTCGTGGCCACCCACAAGAGTACTGTCCAGAAGATCCCCCCGGTTTCCCAGCGCATCATGGAGTTGCGTCACGGTTACCGCTACAAAATAGACGATCTGGCCCAGACCCTGGTGGACAAAGGTTACGTCCGTGTTCCCATCGTGGATGACTTCGGTCAGTTCGCCCTGCGCGGCGATATCATGGATATCTACTGTCCGGGAGGCCCTTTCCGCCTGGAGTTCTTTGACGAGGAGCTGGAGCGCATCACCCGCTTCGACGTGGACACCCAGACCAGCCTGGAGGGTCTGGAGGAGCTGATGGTAATGC
CP084704.1_gap59	2477742	2481017	3275	TTTTTCCTGTGTGCCTGTACCGCGGTGTTCTATCTGATCATGGAAGACCAGCTGAAAAATAAAAAACAGGGAGCCCTCTTCCATCGCATTCCCAGTATCGGCTCGCTGATCCGCCTGAAAAACCAGGCGCTGCTGTGGGGCTTTCTCAGCTATACCGCAGGAATTCTCGTCTCCCTCTACTGGAGCACCCAGCTCTACGGCCTCAGTGTGCTCAGCGGTGACCCCAAGGTTCTGGTCTCCTTTGTCACCTGGCTTATTTACGGATCGCTCTATTTCACTGCGAAACTGGGGGTCATGGATCCACGCCAGTCTTCGTACGCGGTCATCGGCTCCCTGTTCCTCATTATCCTGGCCCTTTTTGGCGTTGGACATATCTTCCCCCGGAACCAGCTATGACATTGATTGCATTAAGCTTCAGTTATAAATCCGCTCCCGTCGAATTCCGTGAACGCCTGGCTTTCGGCCCGGATACCCTGCAGGCCATCCACAGCGACCCAGCGGCTCTGGGCCTGAAAGAAGTGGTCGTCGTCTCCACCTGCAACCGCGTGGAAATTTATGGAACGTCCAGGGACCTTGAACAGACCATTGAACATATCTATTCCTACCTGCAATCGGCCACGCAGCTTGAACTCCAGAGTCTGGAGAGCTGCGCCCAGCTCTTCACCGGCGCCGATGCCGTCAACCACCTCTTCCGGGTCAGCTCTTCCCTGGAATCCATGGTGCTGGGCGAGCCCCAGGTGCTGGGGCAGGTCAAGGATGCCTACCGTGCGGCCCGCGAACTGCAGAAGCTGCCACAGCTGGAAAAGCTCTTTATCAGAGCGTTCAAAGCCGCCAAGCGGGTGCGTACCGAAACCGGCATTGCCCAGAACGCGGTCAGTGTCTCCTTTGCCGCCGTTGAACTGGCCCGCAAGATCTTTGAAAAACTTGATGAAAAGCAGTGCATGCTTATCGGAGCTGGCGAAATGTGTGAGCTGGCCGCCCGCCATCTGGCATCCCACGGTGTCAGAAACTTCATTGTCGCCAACCGAACATTGGAACGAGCCCAGCGACTGGCCACCATGTTCAGCGGCACCGCCTGCACACTGGACAAGCTGGAAGACTATCTGCACACCTGCGATATCGTCATCTGCTCCACCGGCGCCCAGGAACCCGTCATTACCAAAGATATGGCCCGACGCGCCATTAAAAAGCGGGGCATGGAAAACCCCATGTTCTTTATCGATATCGCGGTACCCCGTGATGTGGAGGAATCGGTCAACGACGTTCCCATGGCCTATCGCTACGATATTGACGACCTGCAGGAAGTGGTGGAAGAAAACAAGCGCACCCGCATTCACGAAAAAGAGAAGGCCCTGGGCATAATTGAACATGAAACCGCCCAGTACCTCCAGTGGCTTGAAGTTCGCGACATAAGTCAGTATATTGTAGCCTTTCGCGCCAACGCGGAAGGTATTCTCGCCAACGAGCTTGAACAAAGCGCCAGCAAACTCTCTGCCGAAATGCGTCAGGAGATGGAGCGCTTCGGTCGACGCCTGATGAACAAGTTTCTTCACGCTCCTTCGACCAACATCAAGCGTTTGCTCAGCGATGATGAAAACAGTGCCCTCTATGTGGAAACCTTTAAAAAACTCTTTGATCTGGAGCGTTCATGAAGATAGTTATCGGAACTCGAGCCAGCCAGCTGGCCCTGTGGCAGGCTGAGCACATCAAGGCCGAGCTGGAAAGCCGCTGGGACGATGTACAGGTGGAGCTGAAAAAAATCATCACCAAAGGCGATAAGATCCTCGACTCTCCCCTGGCCAAAGTCGGTGGCAAGGGACTCTTCGTCAAGGAAATCGAAAATGAGCTCATCGACGGTACCATTGATATTGCCGTACACTCCATGAAGGACGTTCCCACCGAATTTCCCGAAGGCCTTGAGCTTTTTGCCATAACCGAGCGCGAAGATCCCCGCGACGCCTTTATCAGCCGCAATGGCAAGAGCATGGCCGAACTGGGACAGCAGAAGGACGTCACCATCGGCACCAGCAGCCTGCGCCGTCAGGCCCAGCTGCTGACCCTCTATCCCCACTGGAATATCGTCTCCATCCGGGGCAATGTGCAGACCCGCCTCAAGCGCATGGAAGAGCGCCAGATGGACGGAATAATCCTGGCCGCCGCCGGTATGAAACGCCTCGAGCTGGAGCACCTGGTCAAAGAGTACATCGCTCCGGAAGTCATGATTCCCGCCATTGGCCAGGGCGCCCTCGGCCTGGAGGTGCGAAGCGCCGACACCGCCCTGAAGGAGCGACTGGAGTTCCTCAGACACCCGGTCACCACCCAGTGCGTTCTGGCCGAGCGGGCATTGCTGCGTACCATGGAGGGAGGCTGCCAGGTGCCCATCGGGGCATATGCTGTTCCAAAGGAGAATGGCAGCGTTTTCCTGAACGCCCTGGTTGCCAGCGTAGATGGCAAAGAAGTGGTCAAGGGGCAGCTGGAGGGGAATAACCCTGAAGAGCTGGGGGTCACCCTGGCCAATCAGATGCTCAACAGTGGCGCACGGGCAATTCTGTCCGTGGTCTATCATAACAATTGATCTTGCGGGAGGTTCTCCGTGAAAAACGTACTCGCAATACTGAGTCTGCTTGCAGTTCTCCTGCTCATAAGCGGCTGTGGTGCTGATCGCTCGGAACCCGGCATCAGCATGGCCCACGAAGTGGAGGCAGCCCTGGCTTCCGGCATGCCCGTTCTGCTTGATTTTGGCGGCGATGGCTGCCCAACCTGTGTACAGATGAAGCCCACCGTCTATCGCACGATCACCGACTACCAGGACACGCTGCGCGTCGTGATGGTAGACACCAATGTGGATCGCCAGCTCTCGGCGGAATATCGCGTTCGCGCTATTCCCACCTATGTCTTCATTGACCCCAGCGGAAGGGAGATCGACCGGCACATCGGGTTTATGGAAGCCAGTGCCTTCGACCGTAAAGTACAGGAATTTATTCAGCGGGCACATCGCTGAATCCGGTATTTTCTCCCATATCCCCCCCGGACCCTCTTTCCCATGAAAGAGGGTCCGTTGCATTTTTCAGCAGCATGAATTCCCGGAGCGACATATCAGGACAACCCGAAGCCATCACTTGCGAAAACATGGCAAAAAAGATACAAGTGTTCCTGATTTACGAGGTACTCCATGGCTCAGATGATCCGCATCAACGATATAATCACGGAAGTACGCCAGCGCCACAAAGATGTTGACGTCACTCCTATCAATAAAGCCTATATCTACGCTGCCC
CP084704.1_gap60	2510810	2512008	1198	GTTCAACGACCTTTTCAAACCTCAATGGAGATGCGATGCACCTCGAAATTTCCCAGAGATACGCTCCCTGTCCACAATAACCCTTCACGGACTCGCCGCGTCAAGGAGCAGTGGCAAAACCTATAGGGTGGCCTGAGGTCTTGGCCATGATGTCACCTCCCTAAACAGTAGCGTTATTTCTGCAGGGACCCCGCCGGTCCGGCACTATCCCCAGAACGATCTTGAGCTGCTTTCCCTTCTGCACCCCCTGCGATTTGTTCCAAGGTGTCACATTGACGCGCCACTGACATCCTGGCGACACAAATAAAACACCGTTAACGATATCCCACTCCCTTATGAAAGAACATCTGCTACCAATAGAGCGAGATCCCCTTCCCTGGTAACCGCCTCGACAGGCACCTCCAGGTTTTCCGATCATTGTCGCCAAAATGATATGACGTTCTATCCTCGTTCTTGCTTATAGTGCCAACCCGTTCACATGTCAAGCGACTTTTTTCGTAAACCTTTTGCTTATAAAGATTGTACACTGCATACAATTCATAGAACATTGGTTGTTGACGCCGGACACCGCAAGACAACACAATACCGTATATGGAGTTACAAAGCGCAGTGTTGTTTGGCTAACATTTTCCCTAACAACGATTTAGCGCAAAGAAAACATTTTACCGCTACTCTGTTACATTTTCTTGACAACAGAACGTTGTTTGTGCGATTTTTCTCAAGATTCAAACTCAGAATATCCCCACGCTGATCATCTCGAAAACATGACAAGATAAAGTTCACCATTAATAAAGGAGCACACTGCATGGAACGCCTCTACCAGGGGATAGTCCGCTTCCGCGAAAGCGACTACCAGAGCCACAAGGATCTTTTCAAAGAACTTGGCCAGTCCCAAAGCCCTCACACCCTTTTTATCGGCTGTTCAGACTCACGGGTCGTACCGAATCTCATCACTCAGACACTGCCTGGAGAGCTTTTCGTCATACGCAATGTGGCCAATATCGTGCCGCCATATCGCGATACCAACGACTATGTCGCCACGCTTTCGGCCATTGAATACGCGGTAAAAGCGCTCAATGTTGAAAATATCGTCGTCTGCGGACACTCCAATTGTGGCGGCTGCAACGCCCTTTTCGCCCCCGAGGAGACACTGAACGCCGTACCCCATGTCAAGAAATGGCTGGAAATATCACACGGA
CP084704.1_gap61	2519948	2523857	3909	CCAGTTTCCCTTCAATGATCATCTGGAAGCCGCGAATGGTCTCCTTCACGGGAACATACTTTCCTGGCGAGCCGGTGAAGACTTCAGCAACAAAGAAGGGCTGTGACAGGAAGCGCTGAACCTTACGGGCACGGTTTACTATCAGTTTGTCGTCCTCGGAAAGCTCGTCCATACCCAGAATGGCGATAATATCCTGAAGCGCCTTATAGCGCTGCAGAATATTCTGCACAGCGCGGGCCACATGGTAGTGATCCTGACCCACGACTCCGGGCTCAAGAATACGGGATGTGGAGTCAAGGGGATCCACCGCAGGGTAGATGCCCAGCTCGGCGATGGAACGGTTCAGAACCGTAGTAGCGTCAAGGTGGGCGAAGGTGGTGGCAGGCGCGGGGTCAGTCAGGTCATCCGCTGGCACGTAAACTGCCTGAACCGAGGTAATGGAACCGGTTTTCGTGGACGTGATGCGCTCCTGCAGGTTCCCCATCTCGGTGGAGAGTGTCGGCTGATAACCAACCGCAGAGGGCATACGGCCCAACAGAGCCGATACCTCAGAGCCCGCCTGGGTAAAGCGGAAGATGTTGTCGACAAAGAGCAGGACGTCAAGGCCATCTTCGCGGAAATTCTCCGCGATGGTCAGGCCGGAAAGCGCAACGCGCATACGGGCTCCGGGAGGCTCATTCATCTGACCATACACCAGCGCGGCCTTATCAATAACACCGGAGTCCTTCATTTCATGATAGAGGTCATTGCCTTCGCGGGTACGTTCACCGACGCCGGCAAAAACAGAGTATCCACCGTGCTCGGTGGCGATGTTGCGAATAAGCTCCATGATGAGAACGGTCTTGCCAACACCGGCGCCACCAAACAGACCAATTTTACCACCCTTTGCATAGGGGCAGAGCAGATCGACAACCTTAATGCCGGTTTCCAGCATGGTTGACTGGGTGTCCTGATCCACGAACGAGGGAGCCTCACGGTGGATTGACCAGTACTCTTCTGCGTTCACTGGCTCACCTTCGTCAACGGGCTCGCCGATAACGTTGAGAATGCGCCCGAGCGTGGCCTTGCCGACAGGGACCGCAATGGGCTTGCCGGTGTCAATGCCGTCCATCCCGCGAACCAGTCCGTCGGTGGAGTCCATGGCAACAGCGCGTACCATGCCCTCTCCAAGGTGCTGCTGCACTTCCAGCACCAGTTTGCGATCCTGAAGCTGTATCTCCAGGGCGTTGTATACCGCTGGTATTTTGTCGGCGTCAAAGGCAAAGTCCACGACGGGACCGATGACCTGGGTAATTTTTCCCGTATTCATACCTATTCCTTCCTTATCCTCGTTTTACAGCGCTTCTGCTCCGGCAATAATCTCCGTGAGCTCCGTGGTGATAGCGGCTTGCCGTGCCCGGTTGTAGAGCAGGGTGAGTTTGTCGATCATTTCCGACGCATTGTTCGTTGCAGAGTCCATGGCGGTCATGCGCGCGGCATGCTCACTGGCAACGGAATCAAGCATCATGGTGTGAACCTGGACTTCAACATGCTTGGGCAAAAGCTGCGCCAGTAACAGTTCATCCTGGGGTTCATAGGTGTAGTCAAGGCGCTGGCTCTCCTCGACGGGGACATTGTCCGGCTCATCGGCAGGGCTCAGCGGAAGCAGTCGATGGGTGATCGGCTGCTGGGTAAGCGCGGAGACAAAGCGGTTAAAGATGACATGCACCTCGTCGTACTCACCATCAATAAACTTTTCATTGAGTTCGTTGATAATGGGTCGCAGCAGTTCAAACTGATAGGACTGGCTGATATCCGTATAGGCTTTCTGGAAGCCCTGGTCACGGCGAAACAGATCCCGCGCTTTCTTGCCCAGAGCATAAATATCCACTTCCTGTCCGGCAGCACGCCTGTCGCGCACAAAATTCTTGGCGGTCCGTATCACCGAGCCGTTGAAGCTGCCGCAGAGTCCGCGATCAGAGGTGATCACGTACACTGCAATCTTTTTTACCGACTCTGCCTGCCGCAGCATGGGATGCGCGTCGCTGGAGACCCTCCACGAAAGGCTGTCGATGACATCCTGCATCTTCGTGGCATAGGGTCTGGCATTGGTGATGGCATCCTGTGCTTTGCGCAGCTTGGCAGCCGAAACCATTTTCATGGCTTTGGTAATCTGCCGGGTGCTTTTGACCGAATTAATTCGGCGTTTTATTTCCTTGAAACCTGACATGCCCTGATTCCTTAAACGCTAAAGGTTTTCTTGAATTCTGCGATGGCTGCCTTGAGCTTTCCTTCCAGTTCTTCGTCCAGCTGCTTCTTCTGAACAATGCCTTTGAGGATGTCGGACTGCTGGGATTTCATGTAGGCGATAAATTCCTTTTCAAACTTGCCAACGGCGCTGACGGGGATATCGTCGAGGTGCCCTTTGACACCGCAGTAGATGCTGACCACCTGTTCTTCAACCTTGAAGGGGCTGTACTCAGGCTGCTTCAGCAGCTCAGAGAGGCGGGCGCCTTTGTCGAGAACGGCTTTGGTGGCAGGATCAAGGTCAGAGCCAAACTGGGCGAAAGCTGCCAGCTCGCGATACTGAGCCAGCTCAAGCTTCAGCGTACCGGCAACCTGCTTCATGGCTTTGATCTGCGCGGCACCACCAACACGGGAAACAGAGATACCCACGTTTACCGCGGGACGCTGACCAGCATAGAAGAGATCGGACTCCAGGAAGATCTGACCATCGGTAATGGAGATGACGTTGGTGGGAATATAGGCGGAAACGTCACCGGCCTGGGTTTCAATAATGGGCAGGGCGGTCAGCGAACCAGCTCCCAGGTCATCATTGAGCTTGGCGGCGCGCTCAAGCAGGCGCGAGTGGATGTAGAAAACGTCCCCGGGATATGCTTCGCGTCCTGGTGGGCGGCGCAGCAGCAGAGAGAGCTGGCGGTAGGCAACGGCCTGCTTGCTCAGGTCATCATAGATGATGAGGGCATGCTTACCGTTGTCGCGGAAATATTCACCGATGGTGCAACCGGCATAAGGAGCCAGGAACTGCATGGGAGCAGGCTCAGAGGCCGTCGCCGCCACAACGGTGGTGTACTCCATGGCGCCGTTGGCTTCGAGAACGTTGACCACGCGGGCAACGGTGGAGCGCTTCTGTCCTATGGCAACATAGATACAGTAAACGTCCTCGCCCTTGAGGTTCAGAATGGTGTCTATGGCAATCGTGGTTTTCCCGGTCTGGCGGTCACCGATGATCAGTTCGCGCTGTCCACGTCCGATGGGAATCATGGAGTCAATGGCTTTAATACCGGTCTGCAGTGGCTCGTGAACTGATTTCCTGGAAATAACGCCTGTCGCCTTGCGTTCCAGATAGCCGAATTCCTTGGCGTCAATGGGGCCTTTGCCGTCAATGGGTTGACCAATGGCGTTGACAACGCGGCCAACCATTTCAGGGCCAACGGGAACCTGGGCGATGCGACCGGTACGCTTGACCGTATCGCCTTCCTTAATGGCAGTGGCCTCACCCAGCAAAACCGCACCGACATTGTCTTCTTCAAGGTTCAGTACCAATCCGTAAAGATCACCGGGAAATTCCAGCAGCTCACCGGCCATGGCGTTTTCCAGGCCGTAGATACGTACAACACCGTCACCTGCCGAAATGACTTTGCCGGTCTCCTGCACATCGAAGGATTTTTCAAACCCTGCGATCTGCTCCTTGATTATCCGGCTGATTTCTTCAGCTTTAATCTGCATGAGTCACGTCACCTCTATAAAATTTAAGCTTTTACTAAGCTGTCTTTCATCTTGTCCAGATGGCCACGCAGGGATCCATCATAAACTACGGAACCGATCTGGGCGCAAACGCCGCCGATCAGCGTTTCATCCACTTCTGTCTGCACTTCGATTTCCTTGCGGGTAATGGCAGCAAGGGCC
CP084704.1_gap62	2543201	2546550	3349	GGAGACGCCATTGCCCGCATTCTCGAGTACGCCGGCTACAATGTGCACCGCGAATACTATATCAACGATGCCGGCAACCAGATGAACAACCTGGGCCTCTCCACCTATATCCGCTACATGCAGCTGCTGGGACACGAGGAAATGACCCTGGAAGAGAGCTGCTACCAGGGCGACTATATTACTGATATCGCCCGGGATGTCCTCACCAAGTACGGCCGCAAGTTTGAAGGCGACCGCTCCAGCATACCCTTTTTCACCACCCTGACCGGTGATGTGATCCTGCAGGGCATCAAAGACGACCTGCAGCGCTTCCGGGTCAGCTTCGACCATTATTTCTCGGAAAAGGATCTTCACGAACAGGGCCACGTCAGCCGGGAGCTGGATCAGCTGCAGACTGCCGGCAAGGCCTATGAAGAGGGCGACGCCCTGTGGGTCCGCACCACCACCTTCGGCGATGACAAGGATCGCGTCGTGCGCCGTGGCAATGGCGAAACCACCTACTTTGCCGCCGATATCGCCTACCACCGCAATAAATTCCAGCGTGGCTTCGACACCCTGATCGATATTTGGGGGGCCGACCACCACGGCTATGTGAACCGACTCAAGGCCGCCGTCAGCCTGCTGGATCGCAACCCCGACGATCTGGAAGTCATCCTCATCCAGCTGGTCAGCCTGCAGCGCGCGGGTGTGCCCGTCGCCATGAGCACCCGCTCCGGCGAGTTCGATGCCCTGCACGACGTACTGGACGAGGTGGGCACCGATGCCGCCCGGTACTTCTTCCTCATGCGCCGCTGCGACTCCCACCTGGATTTCGACCTGGAGCTGGCCAAACAGCAGACCAACGATAACCCGGTCTTCTATGTCCAGTACTGTCATGCCCGCTGCTGCAGCATCATCGAACAGCTCAAAGCCAACGACAAGTACCCTCAGCAAAGCCTGGACGCCATCGATTTCAGCGTGATGGACACGGAACAGGAAAAAGACCTCGCCAAGGTGCTGGGACGCTTCACTGAAGTGGTAGAAGGCGCGGCTCTGGCGCGCGAACCCCACCGCATCCCCCACTATCTCAACGAAGTTGCATCGGCATTCCACAGCTTTTATAATGTATGCCGCGTCATGAATGCCCCCACGCAGGAACTGCTGGCCGCCCGCACCATCATGGTGGAGGCAACCCGTCAGGTCGTCTGCAACGGACTCCATGTCATCGGCATAGACGCACCCCAGCGCATGTAACAACCCCCCGAAACCGCCAAGGAGGCCACAGGTGGATCAATTTGGAACCGCGTCCCGCGCAGGACGCAGCAAGCAGGAACAGCCAAACCGCAAAAGCGGCAATCAGACATTTGCAACCCTTATCGTCTTTATAGTCGGGCTCACCCTGGTCTTTGCCCTGGGAGTCTTTGCCGGTCGCATGCTCCTGGGCTCCAAAGAGATGGATCAGCGCATTTCCGTCCTGCAGCCAGATACGGAAACCACCACCGTCCTGCCGCCAAACTCCCAGCCCCTGAGCGCGCCAACCGCACCCGGAGCGCCCACAGCCCCTGAGCTCAAGTTCGCGGAAGTTCCACCCGCCCAGGAAGCGCAGCGCGCTGCCGAGCAGGCCCAGGCAACCCGCCAGGAAAAGGACAACCTGCTGGCCAAGGCAAAACAGGAGATAGCCGCCCCAACAACCCCCAGCGGCCCCCAGGCACCCAGTACACCACAGGTAAGCTCCCCCGCTGAGCCTACGGCAGCCAAGACTGCTCCCCCGGCCGCTCCGGCCACAGCCACAGGCGAAGGATCCCTCAAACGCACGGTACCCGCCGGAAAATTCACCATACAGATAGCCGCTTTCCGGGACGAGCAGTCCGCGCAGAGCCAGGCGAAAGCCCTCAAAGAAAAAGGCTATGACGCCTACTATATGGTTTCCGACCAGGGAGATCGAGGTATCTGGTACCGTGTCAGAGTCGGTGAATTCGGCCAGCTGGACGCCGCCCGCACCAAAGCCGAACAGATCAAAGAGAAGGAAAAACTCTTCCCCTTCCCCATTGAGGTGAACTGACACGAGCCCTCTGAGCACGCCCCTTTGAGCGCAGCCACAGAGAAACTGCGGGAAATTGCAAGCTCTTGTCTTGACAAAAATTGCCACGTTCTCTAAAAGAAAAAAATCTGAAAACACTGTTTGGCTGACACCCGCATGGGGTCAGACCAGAAAGGTTCTTTACATGAGCAAAGTCCTTGAGGTGGGCAAGATCACCACTACCGCTGTCATGTCCATGAAGGCGGAGGGGGAAAAGATCGCCATGCTGACCGCCTACGACTCGTCTTTTGCCCGCATTGCCGACAGTGCGGGTATCGAAATTCTCCTGGTGGGGGACAGTGTTGGCATGGTTTTTTCCGGCCAGCCCAACACCCTGAGCGTCACCCTGGAACAGATGATCTACCACACCAGCGCCGTCAGCCGTGGGGCCAAGCATGCCCTGGTCGTCGCTGACATGCCTTTCATGACCTACCAGATCAACCCCGAAGAAGCCCTGCGCAATGCCGGACGCCTCGTACAGGAGGCGGGTGCCGAAGCCGTCAAAATTGAAGGCGGGCGCGCCATGGCAGACACCGTACGCAAAATCGTCGGTGCCGGCATCCCCGTCATGGGCCATATCGGCCTGACACCGCAATCCATTCACACACTGGGCGGCTTCCGCGTCCAGGGGAGAGGGGCTGAAGCTGCCGACACCCTGACAGCCGACGCCCTGGCCCTTCAGGAAGCCGGAGCTTTCGCCCTAGTCCTGGAAGGCATCCCCGCATCCCTCGGGCAGCGCATCAGCCGAGAGCTGCGTATTCCCACCATCGGCATTGGGGCCGGCCCCGACTGTGATGGCCAGGTTCTGGTCATGCACGATCTGCTGGGGCTTTTCGATGACTTCACGCCCAAGTTCGTCAAACAGTACGCCCAGCTGGGTGAGCAGGTGGCCGAGGCTTTCCGCCAGTACCGCACCGAAGTAAAACAAGCAGTGTTCCCACAGCCGGAACACTGCTTCAAAGGGTAGCACCTTGCAGGTCATACAAACACGCAAGGAACTGTGCAACGTGCTTGGGGCTTTCTGGCAGAAGACGTCCCATACCATTGGCCTGGTCCCCACCATGGGATACCTCCACGCCGGCCACATGAGCCTGGTGGAGCGCAGCAAAAGCGAGAACGCCTGCACGGTCATGAGCATCTTTGTCAACCCCACCCAGTTTGGCCCTTCAGAAGACCTGGACAGTTATCCCCGCGACCTGCAAAGGGATCTGGATATGGCCCGTGACGCTGGCGTTGACTACGTCTTTGCCCCGCAAGCCCAGGACATCTACCCTCCTGGACACTGCACCT
CP084704.1_gap63	2548995	2552808	3813	GGGTCTTCACCAGTGTCGCCTCCGTATAGCGGGGCGGTGGCTGCGTGAAGTGCTGCAGGGCCTGGATATCTTCACTGGTGAGCTTGTCGCCCTGATGCAGGGGCGGCAGAATATCCTCTTCTTTTTTGGCACTCTCCTCCACCGCCTGATAGAGGGCCAGGTGACCGGCAAAGGCCACCACGCTTCCGGTGGCGCGCAGGGTATAGTCGCCATTGATGATATCCGCCGCCGTGGCGTCAATCAGGGCATCGGCCATCTGCGACGCCAGGAACTTGTCAAAAACAAGCTTGTAGAGGCGGTACTGATCCCCCGTCAGGTGTGCTTTGATGCTTTCGGGGTTCAGGGAAGTGGTGGGGCGAATCGCCTCGTGGGCATCCTGGGTCTTGCCGCCCGTGGCGTAGACCCGTGGTTTTTCCGGCAGGTAATCGGGGCCGAAGGTCTTGCCGATATATTCGCGGGCCATGTCAATGGCATCCTGGGAGAGCCTGGTGGAATCGGTACGCATATAGGTGATCAGACCCGTCTGGCCGTACTCACCAAGGTTGACCCCTTCATAGAGTGACTGGGCCACCATCATGGTCTTCTTGGCGGAAAAACGCAGCTTGCGTGAGGCATCCTGCTGCAGCTTGCTGGTGGTAAAAGGCGGCATGGGGCGCTTGCGCTTTTGCTTCTTTTCCACCGTGCCAACCGTGAACGAACCTTTTTTCAGGGCGTCAACGACAGCATGAGCTGTATCGCCGTCTTTGATCTGGGCCTTTTTCTCTTTGATGCGGAAGAGCTTGGCCTGAAAGGGCACCTCGTCCTTGATGAACTGGGTGACAACACTCCAGTACTCCTCGGTGACAAAGGCGTCGATCTCCTTTTCCCGTTCACACACCAGGCGCAGGGCCACGCTCTGCACTCTGCCGGCGGAGAGGTTGCGCGAGATCTTCTCCCACAGGAAGGGGCTGATCTTGTAGCCCACGATACGGTCGATAATCCGCCGGGCCTGCTGGGCATCCACTTTGGGCTGGACGATTTCGCCGGGATGTTCCAGCGCCTGCACAATGGCCTTCTTGGTTATTTCGTTGAAGAGCACCCGCTTGATGGCAAGTCCCTTGTTTTCCTTCTGCAGAATCTCGCTGATATGCCAGGCGATGGCCTCTCCCTCGCGATCGGGATCGCTTGCCAGAAAGACTTCATCAACCCTGCTGGCAGCGCTTTTCAGCTCATCGATTACCTTCTTCTTATCGCGCAGGGTCACATACTTGGGCTCAAAGTTATTTTCCAGATCAACGCCAAAAGTCGACTTGGGAAGGTCGCGGACATGCCCCACACTGGCTTTGACGGTGAAATTATTCCCCAGGTAGCGGTTAATGGTTTTCGCTTTGGCAGGTGATTCCACAATGACGAGTTTCTTTTTTCCCATACCATCCTCAGTAAAAGGTATAACATCGGGCCCCCGCAACGGTACGGGAGCTCTGCCTACACAAACCGGCGCAAACGTCTGCACACATTTGCCGACACTTACATCAAAACTAAAAGGGTGTAACACATATAATGAGCGAATTGCCAGACAGACCCGTCAAAAATGCAAAAAAACTCACCGTCCGCACGACAGGCGCGCGGACGGATCCAGGAAAGAGGAGACCAGGTCGCTCCCGCAACCCTTCACATGGTAGTCATGGTCACCAGGAAATTTCTAACTCCCTGTCCCCAGAACACGCATCAGCTCTTCGGGGTTGTTGCTGAACTGAAACGCCGTGGTACGCTCCACCACACCATCCTGCACCAGCTGCGCCATCATCCGCACCTGGGTCTGCATCCCCAGGTTGCGGCCGAGATCCATCTGGGAGTAAATCTGATGCACCTTGCTCTCGCGGATCAGGTTGCCCACGGCACTGGTGTTGAGGAGAATCTCCGGCACAGCCACCCGCCCGCCACCGATCCGGGGCACCAGCACCTGGGCGATGACTGCCACCAGGCTGACGGAAAGCTGAGCCCGTATCTGCGACTGCTCGTCACCGGGGAAGACGTCAATGATGCGGTTGATGGTCTGGGAGGCCGAATTGGTGTGCAGGGTGCCGAATACCAGGTGTCCGGTCTCCGCGGCGGTCAACGCCGCTTCAATGGTGGCGCGATCACGCATTTCGCCGATCAGGATCACATCGGGATCTTCCCGCAGGGCGTACTTGAGGGCCTGGGGGAAGCTCTGGGTATCCCGGCCGATATTGCGGTGAGAGAAGAGTGACTTGTCGTGCCGATGAATAAACTCCACCGGATCTTCAATGGTAATAATGTGTTTATGCTCTGTCAGATTGATCTCATTGAGCATGGACGCCAGGGTGGTCGACTTGCCGCTGCCCGTCGGCCCCGTCACCAGGACAAGCCCCTTCTCGCGTTTGACCAGCTGCTTATACATGGGGGGGCAACCGATCTCGTCCAGGGCGGGAATCTTCTCGGGAATAATGCGGAATGCCGCCGCCGTCTCCCCCAGCGCCTTATACAGATTCAGGCGAAAACGAGCGATACCCGGCAGGAAAAGCGCCTTGTCCAGCTCGCCACTCTCCTGGAAGCGGGCAATTTCTTTGCCCTCAACGGTACTGCGGCACATCAGATCAATGTCTTCACCACTGAGCACGGTCTGGTTAACCGGCCGTAAACGACCATCAACGCGAATCTGCGCCGGACTGCCGGCAACCAGGTGCAAATCCGACGCACCTTGGTCAGCCATGATCTGCAAAAGGCCCTTCAGGGTATCATTCATCTCACACCTCCGGTGTCATGGGTTATGGGGTTATCATGGCCATCAGGCCTCTGCCACTCTGGGAGAAACCCGCTCAATCAGCTGTTCCACAAAGCACTGATAGCGCTCAAGCTCAGCTGGCGTAGCAGCTTCAACCCGCATCACCAGCGCTGGCTGAGTGTTACTTGCCCTCAGCAGCGCCCAGGCTCCGGCGCCAAAACAGATACGCAGACCATCTACATCAATGATATCCTGGATACCACTGGCTGATCGCACCGCCGGATCCCGCAGGTATGTCGCAACCGCGTCCACGATCTGCACTTTCCGCTGGTCATCACTTTCCAGACGCAGTTCGGCCGTGGAACAGACCTGCTCAAACTCCCGCAGTTCGTCCCAGATATCAACACCCTGCTTCAGCAGGCAGGCAAATCGACAGGAAGCGTACAGGGCATCGTCAAAGCCCAGGTACTCATCGGCAAAGAAGATATGGCCACTCATCTCGCCACCCAGCAGGGCCCCGGTATCAAGCATCCTGCTCTTGATAAAGCTGTGGCCGGCTTTGCCCATAATGGCCCGGAACCCCGGCAGCCGGTTGATACCATCATACATCAGCTGGGAGCATTTCACCTCGCTGACCACGGTAATCGGCCGTCCGGGGTAGCGGCGCGCCATATCCCGGGCGAAGAGCAGCAGCAGCTGATCGCTCCAGAGAATCCGTACGCCATCATCGGGGTGAGGCAGCACCACCCCCACGCGGTCTCCATCGCCATCATAGGCAAAGCCGACATCCAGCCGCTGCTGGCGCACCAGATCCATCAGGTCGGTAAGATTTTCCGCAATGGTGGGGTCGGGATGATGGTTGGGAAAGGTGCCGTCAATCTCGGTAAAGAGGGCGTGAACCTCGGCCCCCAGACAGCCCAGTACTTCAGGTGCCACCAGTGCCATGGTCGTATTGGCGCAGTCAATGCCGATACGCATTCCCTGCAGCGTGGGGAAGAGGCTGCACAGATACTCCCGGTACCGCACCAGAACCGAAGTGTCAACCCTGGGAACCATTGGTGTCCCTGTCACGGCGCTCCCGCAGCCAA
CP084704.1_gap64	2598257	2602228	3971	AAAGTCGCCAAAGTCGCAGATCTGCTGAATGATGATGGAGACGTCAAAGGGAGTATTGAAACCGGTTGGCGAATTGAACGCCTTTTTCAGCAGGGTATTGATCTCCCAGGTCTTGCGCTCCAGGGGGTCGCTGGTGGGCTGGAAGGGTGCCATCACGCTGTTGTTGTCGGGAATGTAGCTGAGCAGACGCACGGCGCGGCGCAGGGCGGCCACTTCATCGGCAACGGTGATATCCGCGACGCCGGACTGGCCGTGAACCTGAGGCCCACCCAGCTCTTCAGGGGTAATGTCCTCACCCAGAACCGATTTCACAACACCGGGGCCCGTCAGGCCGAAAAAGGTGTCATTGGGTTGGATGACAAAGCTGCCCTGACGGGGCAGGTAGCTGCCGCCACCAGCGTTGAAGCCGAACATGCACATGATACTGGGAACCACACCACTGATCTTGCGCAGGGCGGTGAAGGCTTCAGCATAGCCGTCCAGACCACCCACGCCGGCCGGAACGAAAGCACCGGCACTGTCGTTCATGCCGATCAGGGGAATCCCCTTTTCGCCAGCCATGTAAAACAGGCGGGCCAGCTTGTTGCCATTGGTGGCATCCATGGAACCGGCGCGTACCGTGAAGTCGTGACCGTATACAGCCACATCCCGGCCACCGATATTCAGAATCCCCGTGACCAGGGAAGCGCCATCAAGGTTCTTGCCCCAGTTCTGGTAGAGGATATTGGGTTCCTGATCCGTGAGCACCCGAATGCGCTCCCACACGGTCATGCGCTTTTTGAAATGCTGCTTTTCGATCTGGCCGATGGAAACGGATTTGATGGGACGTTGAATAAGCTCGTAGCCTTCTTTCATGGCCTCTTCATAGGGGCCGGTCTTGGCGCTGGCTACTTCGCCTGGAATGTTGAAGTCGATGACTTCAGGTGGAGCAAAAGGATTTTTTAACGAAGGTCGGACTTTGGTCTTGGACATTGCAGCCATCCTTAATGAGATTGATGATAGGAAACTTCCCCCCACTCAACGGATTGCAAATCAAACCCAGGCGCAGCCGTGGAAACGACCAGCACGCAGAGGAGCAGCAAACCGGAAAAGCACGGGAGCGCACACGCGACATACGCCGCATCGTGCGGTAAGGTGACAAGAAAACGCTGAGCCAGAAACGGAACGACGTTCCCCTCGGAAGGCAACAGCGAATAGCCTGCCCCGCCCAATCAGATCACACCATAAATAGCGCAATCTGCTCGGACATAATGAAACTCATCAGCCAGGCGAAATAGAACTGCTTTTTATTGTTCCTCGACAATAGTTGAAAATGTAAACGTTGTCAATCATTATTTTTACACAGTTACCTGCGGAAATATCGCCCATCGCCAAAACTCAAACTTCGGTAAAAAAAAAGGATATAGAACGGCTCTCGCAAAAATATAACGCCGTTATCAAATGATACAACCGACTGCACCACAACCGGGCCACACGCACAGCCAGAAGCCAGACTCCCCCGGCACCGGAATGCCCCTCGCACCTTCGCCGGATGCTCACCGGTCTGCCTTGCATCCGCGCTCCCAGTGTACTATAGTGGGCGCCTTCAACAGCTCAACGCAAACCGGTGCCACACATTATGCAGTCTCTTTCTTTTCAGCTGAAACACACCTGCGGGCAGGCCCGCGCTGGAACCGTCACCACCAGGCACGGAACCATACACACCCCCATCTTCATGCCCGTCGGCACCCAGGCCACCGTCAAAGCCCTCTCGCCCCGCGAGCTGGATGAGGCCCAGGCCCAGATCATCCTCGGCAACACCTACCACCTGTACCTGCGCCCCGGCCACGAGCTGGTCAAGCGCTTCGGCGGCCTGCACGGATTCATGAACTGGCCCAAGCCCATCCTCACCGACAGCGGCGGCTACCAGGTCTTCAGCCTGGGCAGCCTGCGCAAAATCACCGAAGAGGGCGTGGAATTCCGCAGCCACATCGACGGCAGCAGACACTTCATCAGCCCCGAGAAATCCCTGGAAATACAGCAGGCACTGGGCTCTGACATCATGATGGTCTTCGACGAATGCCCGCCCAGCACCGCCGACCGCGGCTATATCGAGAAGAGCCTGGCCATGACCCTGCGCTGGGCGTCCCGCAGCAGAACAGCCTGGACAAACCGTCAGCAACAGGCGCTTTTTGGCATCATTCAAGGTGGACTTTACCCTGATTTGCGCCTACAATCCCTGTCGGCTTTAGTGGAGATGGACTTTCCCGGCTACGCCATCGGCGGCCTCAGCGTCGGCGAACCACCGGAAAAAATGTACGAGGTGGTGGAGCACATCGCGCCAGCCATGCCCGCTGATCGTCCGCGCTACCTCATGGGCGTGGGAACACCGGTCGATCTGATCCAGTGCATCGATCGCGGCGTGGACATGTTTGACTGTGTCATGCCTACGCGCAATGCCCGCAACGGCACCCTGTTCACCTCGACAGGCAAGGTCAACATCAAGAATGCCCGTTACGCCGAGGATCACGAGCCCCTGGACAGCCAGTGTTCCTGCTATACCTGCCGCAACTTCTCGCGGGGATACCTGCGCCACCTCTACCAGTGCGGCGAAATACTGGGGCTTCGGCTGAACACACTCCACAATATCCACTACTACCTGCAGTTAATGGCAGGCGCGCGCGCCGCCATTGCTGACGGAACCTGGAACCGCTGGAAAAACCAGCAGCTTGACATTTACAAGTGATTTACATACAAATAGTTGCGCTGCGAGCCTAAAAAGAGGGCACTCCCAGCGGAGGCTGCGAGGACAGACGTTTTCCACAGCATTACCAACAAAAACCCCCAGGGTTATCAACAATTTTTGTGAAAAAACACAAGGAGCATTTACTATGGAAGGCTTTTCCGCACTCATTCCCCTCATCCTCATGTTCGCGATTTTCTGGTTCCTGATCATTGCCCCCCAGCGCAAGCAACGCAAAAAGCACCAGGACATGGTGAACAACCTGCAGGTGGGCGATGAAATCGTCACCCTGGGTGGATTCTACGGCCATGTCACCCGCGTTGAACCCGAAGTGATCTTTGTCAAGCTGGGACAGAACATGGAAGCCAAGCTGCGCCGCATGAACGTGGCGGAAGTGGTGCGCAAAGCCCAGCGTACCGCTGAGTAAGAGCGCGGAGTATGGATGGCAAGCTTATAGCCAAACTCCTGCTCATCGCTGCCGTTATCGGCTTCTGCATTCACCTGGCCACCCCGCTGAACGAAAAGATCGCCCTTGGCCTCGATCTGCAGGGCGGCATGCACCTGGCCCTTGACGTCGACACCGAGCAGGCCGTCGAGCGCAAACTGGACGCCATGACCAACGCCCTGCGCCTGGAAGCACAGCAGCAGCACCTGGTCATCGGCACCATCCAGCGCCGTGGCATGCAGATTCTGATACCCGTGCCCTACGCGGAGGAAAAGGCCGAATTCAAACGCCTGATGCAACGCCGCTATGGTCAGCTTGAACTCCAGGACGAGCAGCCGGAGCTGCTCGTCTATGGGTACACCACCTACGATATCGAAGAGATCAAGGAGCTGGCCGTAGGCCAGGCCCTTGAGACCATTCGCAACCGTATCGACCAGTTCGGCGTCAGTGAACCCACCGTGCAGAAGCAGGGCGACCGGCGCATCATCATTGAACTGCCCGGCGTTGAAGACGTGGATCGCGCGGTGGAGCTCATCGGCCGCACCGCCGTGCTGGAGTTCCGCCTGGTAAACGAGAACGTCTCGACCCGGGACGCCCTGGACGGCTTCCTGCCCGAGAACTCCGAGGTTCTCTACCAGCGCCACATGGACCCCCAGACCAACACCGAAGTGGACCGCACTCCCTTTGTCCTCTACCGCGACGTCATCTTCACCGGTGACCGCCTGCTGGACGCGCGGGTGCGCTTTGACCCCCAGTTCAATACGCCCTACGTCTCCATCACCCTGGATGGCGAAGGAGCACGCC
CP084704.1_gap65	2692814	2694158	1344	GGCCAGTTTTCGGGGGCGTCGGGGTCCTCCACCGCAAAGTGCAGTTGCTTCTGTTTGAGCTGTTCGACAGACCAGGCGACGATGGCAGGGGCGTCCTTGGCTCCGTCGGCCTGGGCAGCAGCAGCCAGATCCAGGGAATTGCGGTTGAACTGAGGGAAAAACGGCAGCCAGCCGCGCTTGACCGCCCGTACCTGATGATCCATGGTGTGCCCGCCTGCCAGGGGACCATCATGGCTCGCCGGATTCAGCTGCTCTTCGTCAACCGCCCGCTCATAACGCCACTGATCGCTGTGCACATAGTGAAAAGAGGGAGTGTTCTGGAAACGTGGCGGCCTGGTCCAGTCCAGGGCTCCGGCAATGGTCAGCCAGGGAGCCATGGGAGCCAGTTTTTCCTGCCCCACATAGTGATTGAGTCCACCGCCATTCTTGCCCACACAGCCACACAGCATGAGGGCCACAATCCCGGCACGGTAGGTGAGATTGGCATGATACCAGTGGTTGATGCCGGCACCGATGATGATGGAACACTTGCCATCGGTGCGCTGAGCGGTATCCGCCCACTCCCGGGCAAAGCGGATCACAGTGTCGCGGCCCACCCCACTGTACTTTTCCTGCCAGGCCGGGGTATAGGGTGCCGTTTCGTCATCAAAGTCACGGGCGCAGCCCTCGGCGACACCGGGCCGGGCCACGCCGAACTGGGCCATCAGCAGGTCATACACCGTGGTGACAGCAATGGTGCCGCGATCACTTTCCACGTAGCGCACGGGAACGCTGCGCAGGAGCTTCTCCGTTCCGGCAAAGTCATCGAACCGGACTTTCAGCACCTCGTCATTTTCATCGGCGAAGCTCAGGCGCGGACTGATGGGCTTGCCATCAAGACCATCTTCCATCTTCAGGTTCCACTCACCCTTGCGCTCCTGCCAGCGAAAGCCGAGGGAGCCCAGGGGCATGCGGGGAGCACTGCTCGTCTCATCCCAGACCAGGAACTTGAACTCCCCGTTTTCCACCTCCCGGTAAAGTGCCAGTTTCACAGCGGGCACCATGCGTCCGGGCTGCCAGGAGTCCTGGCGCTTTTCCAGTTCAATCAGAAAGGGACTGTCCGTATAGCGCTTCACATAGTCCAGGAATGCCGGCGTCGGGGCCTCGTGGTGATACTCCTTGAGAATCACGTGGTTGACCGCCATCCAGAAAGCACCATCCTGGCTGGCATGCACCGGAATCCACCAGTCGCCATACTTGCAGGTCATATTGAGATCGGGGGAGAGAACCGCAACCTTGGTGCCGTTGTGCCGGGCCTCCGCCAGAAAGTGCACATCGGGAGTGCGGGTCATGCCCAGGTTGGCA
CP084704.1_gap66	2719427	2721972	2545	CTCTACCTACCACCCTCAACTCAGGAATATTCCACTTACTCACCAACATGAGCTGCAAGCTTGTCCACAAGAGACTGATGGTAGCGTATACCCTGTTGCTGCATTCGCTCGACAGTCCCTTTGAACGAGCGAATCAAACCCTTCTGTTTCGCTTTCAAAAGCAAACCAAGTGTTCCAGCTACCTTCAGCCCCATAAACTCAGCCGCACGGCGACCAATGCGCTCGTCAATAATCACCACATCTGCTTCATACTGGCAGGCAAGAAGCAGGGTCTGTTTCTCTCCATGGTCAAGCTCAAGAAGGAGCGCATGGTGAACATCCGCAATGTCCGGAATCACTTTAATCCATGGAAGTGCCGAGAGGTCAGGAACCATGATAGCTCCACCCTGTGCACACTCGTCAACAACCGCCTGAGCAACACAGACCTCATGGAACAATTGCGGAAAAATATCCAGTGCACCTGCACTGCACAATGCAATGAAAGGTGTTGTATTACTGAAAACTCTCATAGAAGTGAAGTCTCTCGATTAAAGTCATCCAGACTATCCTCCAGCAGACTTGCTCCGCCTTCGTGCAATGCCTTCAGTAAAAAATAGACCCTTCCCACTCCTAGCCATTTCGCGGCTAATCCAGATGAAAGCTTGCCATCGCGAAACAACGCTAAAGCTGTCTGCCATTTTACCAACTCGGATAATTCCTCACTATTCATATGAAGACTCAGCAGCAGCTCGTCGGGGCATTGAATTTGAATCATATTATTCACAGTCATCCTCCCTCACTATTTTGCCTGTGAGCATATAATGAGTGATATCTGCATATTTTTCAACAGCACCCGATTGCATGCTGATATAGTAAAGAACCGTATTCGTGCACCATTGCGAAGGAAATAGAGAATAGGGATTAGGGGAAAAGATGGAGACCTTCCTGGCAACTATTCTCCATTCTCCATCACCAGTTCTCTACCCACTACATGCTACGGACTATTCACTGACGAGCTACTCTCCATCCCCTACTCCCCCTAATACCCCACATAGGTAGTCAAAGCCATGACCGTGGCGGCAAAGGCGGTAACGATTATGGCAGCGGCGACGATAAAGCGCAGGGTGAGATTCATGTTATTCTCCTTGCGATTTTTGGTTTTGGATATTCCGGGCAATACAGATGCACTCTGCACTCCCCGGAAAACCCGGCAAAAAAAACCGGGGGGAGGAGGCTCCCCCCGGCAGGTTAGTAGAGGTTAGTTGGGACGTGCGACAATTGCTGTTGCTGCTGCAGTGTTTCCACCAATGCTCTCAATGGCATCGTGCAACATCTGGTAAGCATAGTTACGGTTATGGGCCCAAGAAGCTTTATCTTCATAGTAGAAGACTTTCCACGTAGTTACTGCGTGGGCAATCTCTTTTGTGGGCCACCCTCCAGCAATGGTACGCTCTTTAATGCGATTCTTGACCATATCCTTGCCTACTGTAGTATCACCTTTACTTTGCAAAGCAGTAAGGAAGGTATTCAGGCTAGCATTATAGGCGGTGTCATCCTCATCCATCAACATGTCATATACCCGATCGACAATCAGAGCAGCAAGGCCACTGACATTGGCTTTTGCCGGCCTTCCAGCCCAATCGTTGGGTGCCTGGCCTGTAGAGCTATGGCAACTTGCACAGTCTGCCCCACCCATTACAGTAGGATTGCTGACTCGGATCGAGTTGGTATGAACATCGTGACAGTCAACGCAACCGAGCCCACCGTGAGTTGTACTCTTACCACGGTATTCCTTACCGGCATACTCCGCAACCATGCCAGAGTCTGTTCCGAAGAGAATGGCGAAGGTGGGGCTGTAGTGGAGGTAGGAGATGTCATAGTGGTTTGTGGGCTGAGCAGGCATTGCTGCCACGTCGGCACCACCAGTGCGTGCTTTGTGGCACTCGAAGCAGATCTGGCTGGCGCCAAGGTCAGCTACATCAACTACTTCACCGCTGTTGAAAGCAAACTCATGGTCTGCTGCCATGGCGCGAGGTGATACAATGCTGTGCCCCTCGCCTTTTTCCACCATGTCGTGACAGGTTACGCAGCCAAGGGGATTCCAGCGAGCTCCATCGAAGCTGTACCCAGTGCGCTCTGCTTTATACACCAGTTCACGACCGGTGTGGCAAGGCATACAACTCGCGGATGATTGCTCGCGGCTGAAGGCGTCGGAGATATAGTTGCCGTGGGTAGCGCCTACGCCCTGACCATACTCAATGGCTTGCTGCATACGGGGTTCTGCCATCAGCTCGTGGCCAACTTCCTTCAGCAGCGCTGCGGTGCCTTCAACTTTGTTGGCACTGTGAACATCGTGACAGGCGGAGCAGGCATTGGGGCTGGCGGGGTTTACATTGTACCCGGTTACCTCAATATCATCAGGTGCAGCCTGGTACTCTGCATAGTACGCTTCCAGCATAGCGATGGCATCGGTCATGTCATCGGTGACGATCAGGTTACCGTTGCGATCTTGACGAGCTTTCTCTACGCCATCTTTAATGTCGTAGTAGTAAAGGCTCTTGCTGAT
CP084704.1_gap67	2883574	2885242	1668	GGCATTGAGCTGAATTTCGCTAATGCTTTCGACACTAGGGTCAGCTCCCTGTGGCGACAAATATATGAGTAGGAAATTATTATTGTAGGCCCTACCAAGATGCTCAGAATAGTCCGCAATTTGCTCTAGCTGATCTGCAGCCAAGAGCTTATTCTCAATCGCAATTGCATAGCCAGAGTTGAACTCAATAAGAAGGTCAATCCTTCTATTATTTTCGATAACTTTTTCGCAGGTGACCCTGATAACATGGTCATGGGGTTTTTGTGCTCGCTGCTGTTCCAAAGAATTAAGAAATATCCGTAAAAATGTGTCACTTTGAGCATGGGATTCGCTGGGGTTTAAAAAGAAAGCGAGCACCTCAGATATTTTATTTTCCCCAGTGGGGATAAAGTCAAATACACTAAAGTCAAAGGCAATGGCCGGATCGTACGCTTTTCGTACCTCTCGCGAGCTTTGCAACGCTGACTGAATACTCGTGAAGTACCTTTCTATCGCCATGCTTAAATCTGATGTAATCATATTGCCCCCATTTATTATGAGCCTGCGTAGCATAAAAATAGCTTTAATGCCAAATGAATTCCACTTAATTGCAACACCCTGTCGATCAATGAATTCTCCCTATGTGCTTTTCCCATGGGGAGAATTCATATGACGGCAGTAGATGTGGGCAGGATTTTTACAGCATAGGGGCGTGCTTTCCTTTATTTGACCCATCCGGATGGCGCGGACATGATCCGCTGGTTAAGTCGCGAATAGTTGAATTACTGTGGCCACAATACTTGCATGCGTATTTTGACTTCTCGCTCCCCTCATACAGTTTGTGCTTGCCTCTGTTTGGTCCGTTTGGATGGCGTGGGCAAGAACCACTGGTCAAGCTGGAAATTGATGTTGCTTTGTGTCCGCAGTACTCACAGAAAAAATTTGGCATGGTGTCCTCCTTGGGTTGGTGCTGACAACATACTGTGGAGGGTTAGACATAATGTGTCGTGGTTGAAAAATCTCAGCAACAGAAATGGTGCGTTTGGCCAGCTGAGCAGTATGCAGTAGCCCCCTCTTCTTGCTCCCCGGCGGGCTTCCTTCCTGTCGTTTGCTGAACCAACATGTTCAGGTTACTGTTCACTTCGACACTTCGGACGTATACTTGTGCAATAAAGCGTACATGTGGAGCCCATATGAAGGTTGTATCTTTTACAGAAGCGAGAAATAGCCTGAAGACGCTGCTGAATTCAGTGGTCAACGACGCAGATACGGCGGTGATTACGCGTCGCGATTCAGGGAATGCGGTTGTCATGTCGCTTGATTACTACAACAGCCTGATGGAGACGGTGCATCTGCTGCGCTCGCCGGAAAATGCCGCGCATTTGAACCGCTCGATTGCCCAGTATAAAGCGGGGAAAGTAACGCCACGGGATGTGGTGGATGAGTAGCCGCTTGCTGGCAACGGACGAGGCCTGGAGCGACTACCTGTACTGGCAAGTGCAGGACAAAAAGACACTGAAGCGGATTAACCGGCTCATAAGCGATACCAAGGGATCGCCCTTTGCGGGTATTGGAAAGCCGGAGCCGTTAAAAGAAAACCTGGCGGGTTTCTGGTCCCGCCGTATTAATGACACCAACCGCCTGGTCTATGCCGTCGATAATACGGCGATTACCATCATCTCGTGCCGC
CP084704.1_gap68	2901045	2905330	4285	TCTCACTTGAGACGCGGGGCACGCGGAGGAAAGACAAGGGAAATGTACCTGGCAACCCTGCACCGTTACAGGTTGACAATCTTCGGAGGAGGCATACCCTATGAATATTATTCACCGCAAGAGGTATTCCAGATGAATCTCCAGGAACTTATAGCTGAAGCACTCCACCTCTCCATGGAAGAGCGGGCACACCTGATTCAGCAACTCGTACTGAGTATGGAATCTCCCTCGGAAGACGAACTGAAAGCCGAGTGGATAAAGGAAGCCCACCGCAAAGCCAGCGAACTTACCCACCTTCGCGAGCAGCTGCAAGTCGGCATCAACCAACTTGACCAGGGGCTGGGAACTACAATCAATTCGCACGAAGAGCTGGATGAATTATTCGTTACAATCAAAGGGGCATAGACTTACCTCAACGCCGCAAACGCAGAAGTGTGAGATTTGATGTGCCTTCATGCGAATAATTCACATACAACGCAAAGCGCAAACAATCAATTAAACCAGCAAAAAGGAGATTGAACATGACATGTTATGTTGTTGGTGCTGGTGCTTCAAAGAGTTATGAAAAATCGCCAACAGGCTTATTAATGCCTCTTGCAAAAGAGTTTTTTCAAACATTTTCAAAACTGAAAATATCAGAAAATAACCATGTGCTCGTTGGACATATATTGCACTATCTTAAAGAGTTTCACGGGTTAAGTTATTCAGAATTTTCTTGCTTTGAAAGAGACATTGAAGAGCTACATTCGGAAGTAGAAAGCAGACTTAACGAAGCACTTATTAGTGGGGATCATGCTACTCGAATCCAGCTGTTATCTGTTTATAATCAACTGACATTTTTATTCACATCTGTTATTAACGAAATTCAAAACGGAAATCCATCTACATCGCATATAAATTTTATCGAAAACTTAATGCCACAAGATTCGATAATAACATTCAACTGGGATACGTTAATTGATCGTGCGCTACTTATAAGTGGCAAATGGCACTGCGATACTGGGTATATATGTGAGCCAAGTGGCATATATAGAGACGGATGGCAGAACTCTGACCCAAGCAAAACATCACAAATTAGACTTATAAAACTTCATGGGTCAAGCAATTGGCTCACATCATATGTAGTCTTTGATGAAAATGAAGAAATTTCTTTTTCGCATGACGGCGCTGCTGATTCCTTTTTCGTCTACGAGTCTACAACCAAGCCCTACCCGTGCTACGATGGCAGATATATACCAGGATATGTAGATTTTTCTTACGGTTACTACCCACCAAATTTGCCAGCCAATTCTAAATTTACTCGCGAAGGTTTTATCGAAATGCGAGTAGTTCCTAAACCACCTTTTGCGCCGAATGGAAGTAATAATAGATCAGGATTGACTTCCATGCCGCTTATCATTCCACCAGTAAAACATAAGCAATACAACATGTATGGCGAATTGTTTAATCAATTGTGGCGTAATGCCGAGATGGAGTTGGCATCAGCAGATAAAATCGCAATTCTTGGTTACTCGTTTCCTGCAACCGATGTCAGAGCGACATCTTTATTTATCAATGCGTTTATGCGGCGAGAGTCTATACCAGAAATTGTAATAGTAAACCCATATCCTGATCAGATTTACTCAAAATTTAAATATGAGTTTGGTGTCCCAAGTTATAAAATTAACACGATCAAGGAGTGCATGACGGAGGATTTTGACTTCCAAAAGCTATTTTAACACTGGTTTACAGCAATAGACCATGCAAGATAATTTGCAGTGTGCATCACCCCATCATATCTTGGGCAAATTGCCCTTATTGCACGTAAAAACCTTGAGAACACAAGTGTGAAAGCAGCCTTTTCCACCCATCACAATTTCCGGCTGAGTATCTCCACCCAACCATCCTTCCCTTGACCATGCAATCACAACCACTTGACAGGGCAGGGGCTCCTCAGTATACTGCCCTGTCGTTTTGCTGTCTGCGCTGAGAAAGTGGGGCATTCCCCTTCTTCCCAAATGCGCGGCAGGTGGTTTTCACAGCTTGCAGAAATACTTCAAAATACGCAGGCAATTGAAAAATGCTCAGGTGCAATGCACGCGACGGCGAGCAACGCCGCAGATGAGGGTTTTTCAGCAGCCGGTTAAGGATAGAGGCCCATGTTCTCCCAACTCCAGAACTCCTTCCAGAAAGTCTTCAAGGACCTGCGCGGGCAGGGGAAGATCAGCGAAGCCAACATTCAGGAGGCCCTGCGCGAGGTGCGGGTTGCCCTGCTGGATGCCGATGTCAACATCAAGGTGGTGCGGCAGTTCATTGCGCAGGTGAAGGAGAAGGCGCTTGGGCAGGAGGTTCTGCAGAGTCTGACTCCTGGTCAGCAGTTCATCAAGATTGTTGATGCGGAGCTGACGGAGCTGATGGGGCAGACCCATACCAAGCTGCACCTCTCCAGCACTCCACCCACGGTGGTGATGATGTGCGGTTTGCAGGGCAGCGGGAAGACGACGACGGCTGGCAAGCTGGCGGCTTCGTTCAAGAAGCAGGGCCGCAAGGTTATGCTGGCGGGTGCCGATATTTACCGTCCGGCGGCGGTGGAGCAGATTCGCGCCCTGGCGGAGCAGGTGGGTGTGGATGTGTACGCCCCCGGCACGGATATTTCGCCGGTGGAGATTTGCGCCCAGGCCAGAAAGCTGGCCATGGGCAAACAGATTGATTTACTGATTCTGGATACGGCGGGGCGTCTGCATATTGATGATGCCCTGATGGAAGAGCTGGTGCAGATCAAGGCCAGCGCCCGCCCTGACGAGATTCTCTTCGTGGCCGATGCCATGACGGGCCAGGAGGCGGTCAATGTGGCCCAGTCCTTTGATGAACGCCTGGATCTTTCCGGTGTCATCCTGACGAAAATGGACAGTGACGCCCGTGGCGGTGCGGCCCTTTCCATCCGCGCGCTGCTTGGCAAGCCCATCAAATACATTGGTGGCGGCGAGAAGATGGATGCCCTGGAGCCTTTCCACCCCGACCGGGTGGCTTCGCGCATTCTGGGCATGGGGGACATGCTCACCCTGATCGAGAAGGCTGAGAGTGTCTACGACGAAAAGACGGCCAAGAACCTGGAACGCAAGATCCGCGGCAATGAATTCAGCATGCAGGATTTCAAGGACCAGCTTTTGCAGATAAAGAAGATGGGGTCACTGGGCTCCATTATGAAGATGATTCCCGGTATGAGCTCAAAAATGGGCGATATGGATATAGACGACTCCCAGTACAAGCCGGTGGTGGCGATTATCGATTCCATGACGCCCCAGGAGCGTGAGAAGCCGGAGATCATCAACGCCAACCGCCGACGCCGCATCGCCAAGGGTTCGGGACGCACGGTGCAGGAGGTTAACCGCCTGCTGAAGCAGTTCCAGGACATGCGCAAGATGATGAAGCAGTTCTCGGGCACGGGGGGCAAGAACAAGAAGCAGCAGCAGGCCATGATGCGCCAGCTGCAGGCCCGTATGCCCAAGGGGGCTATGGGCGGGAAGATGCCTTTCGGGCGTCGTTAGCAGGCTGCGCAAACGCACTCACCTAGCGCATACCGGGAGAGCAGCCTGTTGAAAAATGTTCAGCTGCAAGGCGTCCACATCCTGCAGATGGGCGTTTTTCAGCAAACTCACTTTGGATAAATTTTTTATCATAAAAACTTTTTTTGGAGGTCACATTGGCTGTCAAGATCAGACTCAAACGCCTGGGATCCAAAAAGCGACCCTTCTACCGAATCGTCGCCATGGACTCCCGCACCCCACGGGATGGACAATCCCTCGAAATCATCGGTACCTACAACCCCATCAAAGAGCCAGCCGAACTGCAAATTAACGAAGAAAAGGCTCTTTACTGGCTGGGTGTGGGTGCTGAACCCAGTGACACCGCGCGCAATCTGCTCTCCAAGCAGGGTGTCATGCAGAAATTCCACGAGCTGAAGCTGGAGAAAAAGAAGAAGTCTGAGTAACGCTTCTCTCAACGAGGCAAAAGAGGTCCGAAGTCATGAAAGAGTTAATCGAATATATTGTCAAATCCATTGTTGATCATCCCGATGAAGTGGAAATAACGGAAACGGAAGCGGAGAAGACGACCATTATCGAACTGAAAGTGGCTTCAGACGACCTGGGGAAAGTCATCGGTAAACAAGGACGCATGGCAAAAGCGCTACGCACCATCGTCAGTGCCTCTGCCAGTAAAGATGGAAGACGGCTGATCCTTGAAATCATCGAGTGAAATGCTGTCCATCGCCCGCATCACCAAAACCCGTGGCCTGCGGGGCGAG
CP084704.1_gap69	2914410	2918465	4055	TTGTACGCACACCGCGATGCCCCACCGTCATTCGGGCACCGCGGGGCCCCAGAGATATGGAGCCACCGGATTTGCTGAGATTGAGGGAAATGCCCGGAGCCAACCTGATGCGACGGAAAAAACGAAAAGACATGAGAACTCTCTCAGGGTAGGTATTTCGTATGCTTACGGAATTTTAGCCAGCAAACACGCTTGTTGCAAGCAATAAGTTCCAAAATGGCAATGACTCTCGCTGGAGTCACAGGTAAGCGGGAAAGCGTTCAGGGATTGCGCAGCTCGATGCGGAAAAAAGCGCCGCGCTCCCAGTTTCCAGGGGTGATGGAACCGCCGAAGTGATCCTCGATGATCGTCTTGCAGAGGGAGAGCCCGATACCCGTTCCCGCCTGCTTGGTGGTGAAGTAGGGGGTAAAGAGTTTGTCCATGATATGGGGAGGGATGCCACCCGCGTTATCACGGATGGTGACGGCGTAGCGATTGCCGTTCAAGGGTTCAATCTCGACACCGATTGTGAAGGGTTCGCGCACCTCTGCCCTGCCTTCACGCTCCATAAAGGCGTCCTTGGCATTGTTAAAGAGGCTCAGGATCACCTGCTTAAACTCGTTGGGATAGCCGATGATCTTTGCCGCGCTGGCCTGCTCGGCATCCTGATACACCACCTTGATGTTGCTGGTGCGCAGCTGCTCCCCGAGAATAGCGTCCACTTCACGCACCGCCTTGAGCAGGGAAAAGGAGACTTTCTGCTTATCGGGATCAAAGAAATTCTTGAAATCGTCAACGGTACCCACCATGAAGCTGACCTGCTGCAGGGTTTTCTCAATGGCGTCTTCAAGGGCCTGGGGCTCAAGGGTGCTGTTGCGACTGATGTCGCGCAGGTTCTGCATGAGAAAGGCGATGATGTTCAAGGGCTGTTTCCACTGGTGGGCAATGGCCTGAATCATCTCGCCCATGGCCGCCATCTTGGAAGTCTGCACCAGCAGACGCTGCTGGTTCAGGCGCTTGTCCGTCTCCTCCCGTACACGTTTTTCCAGGTTTTGATTCAGTTCCCGCAGCTGCGCTTCCACCCGTTTGTAATTGGTGACATCACGACCGATGACCAGCTCACCCTGATCGTCAATGGGCAGCCGGCTGACATCAAAGCTGATGGCCCCTTCGGGGCGCTGGAGCGTCACGGATTCATGGTTTCCCTGGATGCGCAGCGGCAGGGGGATCTCACCAAAGAGCTCCTGGTCGCTTTTCCCACGGAATCCCGCAGGGAGCTCAAGCAGATCCACAGCTGAGCGGTTGGCCTCCTGCCAGCGGTCTTCGCGATCACGGAAGCAGACAAAATCGGGCAACGCGTCAATCAGCGTGCGCAGGCGACGATCACTGTTACGCAGCAGGCGCTCACGGTGCTCCGCCGCGCTCACGTCAACCACCTGCACCGCCACAAAGAGCTCCTGTTGCTGGTCCCGGATCGGCGCAATACAGATCTGCTGCTGAATACGGGTTTCGCTGAGTCGCATCTGGTTTGAGGCGTACAGAGGCAGAGGCGCCTTGTTGAGAGAGTGGGAGAGCAGCGAGGAGTGGCCGCGCAACGCGTCCTCCAGCGCCAGGGAAAAGCGGCCGTTGACCGGCTCGACGAAAATATCCCCCAACGTTTTGCCCAGAGCTGCTGATCCACTGATTCCAGAAAACTGCGCCATCCACCGGTTCCAGAAGACAACTGTCCGATCCTTGTTCAGGACAAACAGGCCAATCATGAGGTTGTGGAGAACGGACTCGTGCATGGGGCGTTTTTCCTGTAGAGAATAGAGTATGCTTACCTGTTGTGAATAAAGTGATCAACCTGCGCGATAAAGTCATCAAACGATGGGGCATCCAACATGAACGCCACATGCCCGTGAATGGATTTCGATTCCAGCTTGAAGTCAATCAGCAACATGAGCACGACATCGTCTTCATGTTGACCATCCGATGGAGTGACATCCAGCTGGAGGATGTTGGAGAAGCTTCCGGCATGAAAGACGGGAAGCGAGCTGGTGAATTCTCCCCTGAACAGCGACGCAATGGCGCTGATACAGGCATTGAGAATAATATTGCCAATTTCCGTCATCGCTTCCTGCTCCATCTCCGACATCTGCTCGTGGGGCATGGTGTCTCCCACCATCAGCCGCACCAGCTCGAGACTTTTATCCTCGGGAAAGAGCAGAACCGTATCCGCATTGAAAATGCCCTGAAAGTGCTGCACGACTCCGCAGACATTGCGCACAGACTCCTTATTGAGGTACTGGGAAAGTTCACGACGGGAAAAGAAATACACCGATGGCACCGAGAGGATAACCTCTTCGTTCACCATGGAACTCATGACCGCAGCAGCCTGGCCGATACCGATGTTGAAAATTTCCACAATGGCATCGTGCTGCAAAGGTGTCAGACGCGGAGGGTGTGCCATAAGAGCTACTCCAGGTAGGTCAGAACCTGAGCCATACTTTCAGGGGTTATGGGTTTTTTGACAAAACCGATATCCAGGGAGTGCGCCCGCTGGGACATGCTCTCCTGCACATTGGCAGTCAGCAGAATCAGGCGCGCCTGGCACCCGGCCTGACGCAGCTTTTCCACCAGCTCGATACCATTCATTCCCGGCATATTATAGTCAATGGTAATCAGGTCAAAGTCGGAAGTGGCCACCTTGGCCAGAGCGTCCTCGCCATGGGCCGCCTTCTCCACCATCCAATCAGGGTGCTTCTCAAGGATCAGATTTTCTATCAGCGCCTGGGAAAAGCGGCTGTCGTCGACAATCAGTATGCTCCTGAGCTCAGCCATGGGAACCCCTTCAATCTGAAGTACTTCATTAACCAGACACAATTTTACAAAAAATCATCATAGATAAATGCCGCGCAACAAGCAACCAAAATAGGGAAAGTACCAATCCCAGAATGAATTCATTCCTTGGGCGAATAGGTATCGTTACACTGCTGATTCAGTGACGAATACTCCTCACAGCTCGGTATCACGACCGAAGACCGCATGGATAACCTCGCGGGCCGTCTCTTCCACCGATTTATTTGTCGTATTGACAATATGCCACTGCCGATTGCGCCGACACAGCTCATGGACAAATTCCACTTCCTCAAAAATATCCGCCAGATTGGTGTACGTGCTCTGGGCCCGATAGTGCCGCAAACGCTTGCTGCGCACTTTCTGCAGGACATCCGGGTCCATGATCAGACAGACAATGCGGTTCTGATCCACTTCAAAGAGCTTCTCAGACAGGGGAACCTGGGGAATCAGCGGAATATTCAGCACCTTGTGGCCATGCTGGGCCAGCACAAAGGACGTCGGCGTCTTGGAAGTGCGGGAAAGGCCCAGCAACACGATATCCGCCTTATCCAGGCCATCGAGATTCTTTCCATCATCGTGGGCCAGAGTATATTCCATGGCTTCAATACGCCGGAAATACCGGTCGTCCACTTTGCGGAAGATATTGGGATTCTCCAGGGGAGCGCTCTCCATGTACTGGCTCAGCATATCCAGCGATGGACCAATAATATCCAGAAATGGCAGGGAGTGTTCCCGGCAGTAAGCCGCAGCAAACTCGCGCAGATCCTTCTTTACCACGGTACAGGCCACGAGCACCTGCTCGCTGCGCGCCTCTTCCAGAAGCTGCAGCATCTTCTGCTGACTGTCGATCTTGGCATTCACCGTCAGCACCGTCTTATGCTTTTCATCAAACTGGGCCAGCGCCGCCTTGATCAGGTTGATCGCACTCTGCCCCGTTCCATCGGATACGATATAGATGCGCTTCATATTCCCTCGCACAGACAATTTCCCTGAGTATACACGGATAGGAACATCGCTTACAGCGGAAAGTTGCAGAAGCCACGGAAGTTATCGCAAATGAACGCCAATAGACGTGAATGGGAAATGGCCACGCGTGGACAGTGGATCGTCTTTTATTGTGTGAAGCAGCCGTTTCAACAGCGCAGTAACCGCCTTTTTATCCCATCTATTGTGCATTCATTCGCGGTGCGCTCTTGCCCATCACAAAATCTCAGACCTCTTCTCCCGCTTTTCCA
CP084704.1_gap70	2920501	2925030	4529	TGTTGTCCTTTTCAGCCATCCGCATGCCTGGAACTGGGGACCGGTAGAGTAGAGAGCAGGTTTCACCCTGCTCCCCCTCGTCAAACCGGACATGCGGATTTCCCGCATCCGGCTTTCCTGCTGTCTTCACCTCAAAGCACACACAGGCTGTCAACGGGTAAGCCGGAGTACCATCAGGTCTTGGTAGATGTGACGATACCAGCTCTTACCTGCCGGTGGACGGTAGGCTCGCTGACTGCGGCGTGCAAGGTGCGAGTAGAGTTCTTGTTGCACATACCAGTTCATACCACTAAACCTGACCGATGGCTGCCCATACTGGAAGTAATTCTTCCAACCCTGCAGCTTGCGATTCAGTTGTCGCACCAGCATGGTAATGGGTTTCCAGGCGGCTTCTTTCCCAAACTCTTCTTTGATACTCGCGCGCATGCGCTGGCACGATTTCTTGCTCGGCTCAATGTGGATGTAGCACTTGCCACTGTCAAAGTGGCGATCAAGGTTACGTCTGACAGTAAAGCCAAGGAAGTCAAAGCCCTCTCGGGGACACATGAGGTTGGTCACTTTGGTTTTCTCCCGGTTGAGGATCAGTCCAAGGCGACTCTCCAGTATCCGTTCAGCCCAGTCGCTCAGGCGCTTGCTCTGGTAGCGCGACAGGATGACAAGGTCATCGGCATACCGCACCAAGATCGCTTTGGCAAAGCTGCCAGGGCCACTGCTGCCATAGAAAGCGCGGTCGAACCAGTGCAGGTAGATGTTGGCAAGCAGGGGGGAGATGACTCCCCCCTGCGGGGTGCCTTTGTCTGGTTTGCGGTTTCGCGGAGGGGTGTGTTTATCACCAGGCTCCTGGATAGGGGCTCGGAGCCACTGCCGGATCAGGCGCAACACACTGCCATCGCTGATACGTTGTTCGACGGCTTTCATCAGCTTGTCGTGGGGGATACTGTCGAAGTAGCCCTGCAGGTCGGCTTCGTAGACTTCCAGCTTTCCTTCGCTGAGGCCTTTACGCACCTGCTGCATGGCTCCATGGGCGCTGCGCCCGGGACGATATCCATGGGAGCAGTCGAGAAAATCGGCTTCGAAGATGGGTTCAAGAATCAGTTTGGCGGCGGTTTGTACAACTCGATCTCTGACGGTGGGAATGCCAAGGGGACGGGTTTTCCCGTTCGGTTTGGGGATTTCCACTCGCCGCACGGCTTGGGGTTTGTAGGTGCGATTTATCAGGCTTTGACGGATTTCCTCCACAAAGCCTTCCGCGCCTTCTGGGCGGCGGAGTATATCTTCTATACTCACACCATCCACCCCTGGTGCTCCGGCGTTAGCGCGCACCAAGGCCCAGGCGGCCCCAAGGACGTCGGCCCGGTAGATTCGGTCATACAGAGCATAGAACCGAAAACCAGGCTCCTGTTTCGCTTTGGCGTAGAGCTGCTTCCTCAGAGCAAAGACTTTAACTGGCAGGTTGTGGCGGTTTTCCATTACGGGTACTCCCGCTTCTGCCAGGTTTGTAGTGGAATGAGATTCACTCAAGCAAACGTCTCCTTTCTGAAAACTCAGCGTGACAACAGTAAGGCCCCTTCGCTCCACCAGCATTACCCGGCTTCAACACTATTATGGGCCTCTCCGACTCCCGCACAGCAGGGATACATGGTTATGTATTTCCATGCACCCTTGCGGTTACGATCCGCAGCTGGGCGGGTCTCCCAGGTTCCTGACCAATCTGTCGGTACGCGCTGCCTCCAACCACCCCGGAGAGTCCGATGCACGCATCTGTCTGTTGCTTCTGCACCGATTATAGGCTTCACCACGTTTGGCAGGCTGGCCACTCTCATTAAGCGTTAACGAGGCCGAATCGAGTTCACGTGCGTTGCGGCTCGCACCTTCGCAGTTGCGGGGCTTCGTACAGAAGATTACTCCGCTGCACGCCCGGCTGCTACAGAGTCAAACAGACAATTACTCTGGTAGGCTCCTTTCAGCCTACAAGATTGGCCAGACTTACCCTGGCGCACCAAACAACCGCCATCCATGGCTTTTGGTTTGCGGTTGCCGCCATCGTGGCGTCAACCCTGCGGGTCTACCGCGTTCCAGTCAGCGCGTCCTGGCTGGGACAACACACGGGGGAGAGGCAGAAGAAGTCAGTTCCCTCCAGTGAACATGCAGGCAATTGAAAAACCTACAGGTGCAAGGCGCCCGCAAAGCAAGGAGTGAAGCGTACTCCCTCGTTGCAGTGACGAGCGATGACGGGCAACGCCGCAGATGGGGGGCGGCAGCCTGCTAGAGATCCATTCCGTAGCCGACCTTGGGGATGGAGCGGATCATCTTGCCTTTGTCCCCCAGTTTCTTGCGCAAAGAGGATATATGGGCGTCCACAGTACGGGTGTATACTTCGGAGTCATATCCCCAGATGGAGCTGAGCAGCTGATTGCGGTGGAAGACCTTTTTGGGGCGCTTGAGGAACAGATGCAGCAGCTCGAATTCCTTCATGGTCAGCACCACTTCATTCCCATCCACATAGGCTTTGTGGGTCTCCATATCAATGGAGATGCTGCCGTAGGCGACGGTGCGGTTATCATGGTGCAAGGCCCGGCGCAGCACTGCGTCCACCTTGGCCTTGAGGACTTTCATGCTGAAGGGCTTGGTGATGTAGTCGTCTGCTCCCAGGCTCAGGCCCGTGACAATATCCTGCTCGCCGCTCTTGGCGGAGATGATGATGACCGGGATTTCGCTGCGTTCCACCGAGTTCTTGAGGATGCGCAGAAATTCAAGGCCACTGAGCCCCGGCAGCATCAGATCCAGCAGAATCAGATCCACCTCGATATCTTCCAGCATCATCAGGGCGTCATTGGCGTTGTCCACCGACTCCACCTGAAACTGGCCGTCGCGCACCAGGTTGTATTCCACCAGCTCCCTGAGTTCTTCCTGGTCCTCAATCAGCAGAATCCGGTTCATGGCTGTTATCCTTTCCATTCTGGACAAATTTGCGATGGCGGATGACCTTCCCCGTTTCCATGAAGTACACCTGCTCGGCAATATTGCTGGCGTGGTCGCCGATGCGCTCAATGCGGCGGGTGATGAAGATCAGCCAGATGACCGGTTGCGTCTTGCGCACATCCTCCAGAATATACGTCAGCAGCTCCCGCACGATCTGGGCCTGAAATTCATCCACGGCGTCATCGCGCTGGATGACCTCCAGGGCCTTGTCCGTATCGCGGTGGAAGTAGCAGTCGATGGCGCCGCGCAGCATGTCGGCTGCCGCTTCTCCCATGCGGGGAATGTCGATATAGGGCTTGACCTGGGGAACCTGGTTGAGGTGAATCACCTCGCGACAGATGGAGGTGCAGTGGTCGGCAATGCGCTCCAGGTCGTTGATGATGCGCGAGACGGTCAGAATATGGCGCAGGTCCTTGGCTTTTGGCTCGTAGAGGGCCATGATTTTCATGCAGATATCATCAATGGTGATATCCAGATTATTGATCTGATCGTCCGAGTCCAGCACCTGCTGGGCCAGCACGGAATCCCGTGTGACCAGCGCCTTGATGGCATTCTCTATCATACTGACCGTATGGGTACTCATGTCTGCAATCAGGGACTTGAGGGTGAGGAAGGCATCGTCACGGTTTTTCATGGGAGTCGCTCTTGCTTTGCTGTTTTGACAGTTCTTTCTCGATCTTCTTCAGGCTTTTATGCCGTACATCCATGCCCTTGGCAAGGTAAATTACATATTCTGCTATGTTTTCGGCGTGGTCGCCAATACGTTCCAGGGCTCGCAGAATCCAGATGATATTGAGGGTCTGGGAGATGCAGCGCGGATCTTCCATCATATGCATGACCAGTGAGCGCATGGCCCGCTTGTACTCCGCGTCCACATCCTTGTCCTGGTGCATGACCCGCAGCGCCGTGTCCGCATCAAAGTCGCTGAAGGCCAACAGGGCCGTGTCCAGCATGGAGAGTACCAGATCTGCCAGCTGGCGCACTTCCGAGTAGCCCACCACCGGACGCCCCTCTTCCATCAGGGAGAGGGCGCGGCGGGCCACCTTGGCCGCCTCGTCGCCAATACGTTCCAGATCGCGGCTGGAGCGCGCCACAGCCAGAATCAGCCGCAGGTCGGAAGCTGCTGGCTGGCGTCGCACGATGATCTCGGTACACTCATTGTCGATAGCCACTTCCATGGCGTCCACTTCCCGGTCATTGGCATTGACCGTTTCCGCCAGTTCACGGTTCTCCTCCAGCAACGCCTGCACCGCACTTTTCAGCTGGGTGCGGGCCAGGTTCCCCATGTCCAGAAGGCCATTGATGATATTGTCCAGGCTTTCGTTAAACTGCTTGGAAATATGGGTGCGATGGATATTTTTGTCGATATTCATGGGTCATACCCCTTCATAAGTCAGTAAGAGATGGCAGGGAGCGAGGAAAGATGCCGCTCAGGAAGCAGCCCGACTATCCGTAACGTCCGGTAATATAATCCTCAGTCTGCTTCTTCTTGGGATTGGTGAACAGGGCGGCGGTGTTGCCGAACTCCACCAGCTCTCCCATGTGCA
CP084704.1_gap71	2952493	2952993	500	CAGCACCTGCTGAATAATAGTATAATCCCTTACAATATAAGGAACCGGTTGATCCATGACAAAGGAAACCACTTCACGGATTCTGCCATCCTCATCCTTTTCCACTTTAAAGCTGACTGTGGCTCCCTGGGCGAATCCGCTCAGCACAAAGACAGCAATCAGGGCACGGATAAGGTGCAAAGGGGAATAAACCATGTACTTCCTGTCCATTTGGAGTCACTTCGCCCGCTGGCCAGTGTTTACTTTTCCGGCAAAAGCAGATACAAATTCAACGGACATTTTTACAGGTTTCGCCTGTATAAAACAACCGTTCCGCTATGATCCTATCATAGTATAGGAAAAATAGAGTGTATAGCCCTATTTTCCAGTGATCATCGACTTGTCCGGATGCTTGCCACTGTCAGAAGCCACGATGAAAAGAGCAGCTTCCCGCTTATCGACCACTGCCACAAAACGCCTGAGGTTCACGGGCAACAGAATACACGACAAGGGATTACCAA
