gap_id	start	end	length	sequence
CP085689.1_gap1	1865	2465	600	CCCACTGGAATAATTTTTATTGAATCGGGATTGCCGTTGGCAATATGTAAAAACATGCTAGAAAAGTTCCCAACGCCTTTACCTTGTTTAATATTTTCTTGCAATTTTTTTTGTGCAGATTTACTCAATTTTGCGTCCGTACTATAAAAAATATAGCCAAGATGAGCCCCATTATTAAAATATTTACGTCTAAAAAGAGTCGCATCTTCAGCTAATAACGCACTTTGCATACTTCCCAACCAATCTGGAATGCCATACACATTTTGTGCCGCATCATATTCATAAATGTGAATGATTTCTCCAGGCATAAATTCAGTAATCTTACCGTCAGATTGTAAAAAACAGTATTGATTAGGCTTGGTCATGCGTCTAACATTCAATGCTGGAACGTGTTTATATTTATAAACTTCACCATTACGCAATCTTAATTCTTGTAAATAGGCATTGCCAAAAGTCAAAAAATCAAGGTTGGCCGCTTTAAAATCTTTATAACTAATAATATTAGTACGAACTAAACTATTGCTAAGCATATTACGTCTAAAATAAATGCAACTTCCGTGATGACCATTAGCACGGTTCATTTTACTTAAGCCTCTTAAA
CP085689.1_gap2	101422	102887	1465	TATTAGCTCGAATTCCAATAATTGAGCTAATTTCACGGCTGATAGCTTCTTTAAGTTTTTGCATTTCTCGCATTTGATCGCTGAATAACTCTGGAGTCATTTCAACTTTAATTCCTAATAAATCGGTATTATTTGGGCGACTTACCTCAATTAAATAATGCGGTGCAATCCCTTCAACTCGAAGCAATGCTTCTTCAATTTGACTTGGGAAAATATTAACTCCTCGAATAATTAACATATCATCGCTTCGACCAATTACACGCCCCATCCGTGCCGTTGTACGACCGCATTTGCATTTATCATAATACAATTTGCACAAATCACGGGTGCGATAACGCACTACAGGCATTGCTTCTTTAGTTAATGTTGTAATCACTAATTCGCCAGTTTCACCTTCACCAACAGGCTCTAGAGTATCTGGGTTTAAACATTCAACAATAAAGTGATCCTCTTGAATGTGCATTCCAGTATGGTATTCACATTCGCCACTAACTCCAGGACCAATAATTTCGCTTAATCCATAGTTATTCCAGCATTTGATATTTAATGCATTTTCAATTTTGAAACGCATATCTTCAGTCCACTGTTCGCCTCCAAAGAAAGCATGTTTTAAATTCAACTCTGATGGGTCAATATTCATTTCACGAAGTGTATCAATAATTGTTAATGCATAACTTGGTGTACAAATTAAAATTTCTGCTTCAATATCTTGCATTAACATAATTTGTCGCTTTGTATTGCCAGAAGATGCAGGAATAATACTTGCTCCAACTTTTTCAATACCGTAATGTAGACCAAATCCACCCGTAAATAGACCATATCCAAATGCTACTTGTGTGACGTGTTCTTTTCTCAGTCCACCTGAATAAAGAAAACGTGCGCACAAATCACTCCATAATTCAAGATCATTTTTTGTATATCCAACAAAGGTCGGTTTACCTGTTGTACCACTTGACCCATGAAATCTTGATAATTCACTTTTTGGTACGGCTAAAAGTCCTAGTGGATAATTATCACGCATATTTGCTTTGGTTGTAAAAGGTAATTTACGTAGATCTGCTAATGAATTAATATCTTTACTGACATCAATATTCAATTTCGCAAACTCTTGTTGATAAAAAGGAACTTTAGTTGCTTGTAATAAACTTTTTTTTAAACGTTCAAGTTGTAATGCTTCTAATTCAATTCGCTCTAAAGTTTCATTCTTATCCCAAATGCCTACACTTCGGCATTCTAAACATTCATTAATTTCCGCAATCATAAAACTCATTCCTTACGATTTTTGGCTAAATAGTTCTAAAGCAGATAATGTATCAATGCTACTATTTTCTAATGCTGTCACAGCTGAATTTGTGTCTTCAAAACGAAATACAATTAAAGCTTTGTCATTGTATTTATATGTAAAGGCATACATGTATTCAACATTAATGTTATTCGCATCCAATGCTGATAGTAGTGCTGCTAA
CP085689.1_gap3	298493	303354	4861	GCGTATGTTTTACGGTAGCAACTACTGCTGTTGTTGCTGTAAATGGAGCCGAGGAGACAAAGAAAAATGCTCCTTATTGGGAAGATGAAACGGTCTTTAGAGTCAATAAAGAAGATGCCAGAGCGCATTTTTTCCCAAAAAAACAATTAATAAAAGCATTTAAGCTGCAAGAAGATTCTGCATTTGTAAAGTCGCTTAATGGACAATGGTTTTTTAACTTTGTTGCCAATAAGGAAAATCGTCCAAAAGATTTTTACAAGACCGATTATAATGTTTCAAATTGGAAAAAGATAAAAGTTCCAAGTAACTGGCAAATGGAAGGATATGGAGTTCCTCATTACACTAATGTAAATTTTCCTTTTAAGAAATCGTGGCCAAAAATTGAACCAAATACAACTAAGTTAAAAGAGCCAAATCTTAAAAATTTAACTGAAGATTATCCACACCCAGTTGGTTCATACGTTAAAATGTTTACTGTGCCAAAGGATTGGGATGGTCGTCAAATTTATATCCATTTTACTGGAGTAAAAAGTGCCTTTAATTTATGGATAAATGGTAAATTTGTAGGCTATAGTGAAGATAGTAAAACCTCAGCAGAATTTGATATTTCAAAATACTTAAACAAAACTGGTGAAAACCGTATTGCTGTAGAAGTTTTTCAATGGAGTACAGGTTCATTCCTTGAAGACCAAGATTATTGGCGTATGAGTGGCATTTATCGTGATGTTTTCTTGTTTAGCCAAGCACCATTACACATCCGTGATTTTTTTGCTACGGCACAATTTTCTGGAGATTATAAAAAATCAACAATTAATGTTGATGTTGAATTAGAAAATCATTCTAGTCAAGATTCTCAAGAAGTTAAAGTGCAAGCATTATTATATGATTTAAAACAAAATATTGTTGCGGAAGCTGATGTTCAAAAAATTAATTTGAAAGGCAATACTCGAAAAAATGCTCAATTTAAGATTCTAGTTAAGAATCCAAAATTATGGAATGCGGAAACTCCTAATCTTTATCGTTTAGTATTGAAAAAAACCTTTACAAATGGAGATATAGAGTATGTCGGTAATAATTTTGGTTTTAGAGAAATTGTAATTCGTGATCAACAGGTATTTATTAATGGCAAGCCAATTGAATTTTTAGGTGTCAACCGTCACGAATTGCATCCTGATTATGGTTTTGCTGTTCCTGAAAGCGTGATGCTTAAAGATATTAAATTATTTAAGCAGAATAACATTAATATAGTGCGTACTAGTCATTATCCAAATCATCCACGTTGGTACGAGTTATGTGATGAGTATGGTATTTATGTTATGGATGAAGCAAATATTGAAAGTCATGGTTTTTCTGGTTTTCAATGCGGAGGTGATACTATTGCTCAGGTTCCAAGTTGGGAAGCTGCACACGTAGATAGAAATATTAATATGGTAAAGCGTGACCGTAATTTTTCATCAATTATTTTCTGGAGTTTTGGTAATGAGTCTGCATATGGTAGAAACTTTACGGCTGTATCAAAAGCGATTAGAAAATTAGATACGACAAGAATTTTACACTATGAGCGTATTCCAAATGCTCCAAAAGCAGAGTATAAAGCATTTCCAAAAGATAAGTATGATTATCGCCAAGACGTGGATATTGATGGTTTAATGTATGCATCAATTGATTTGTTAGAAAAAGAAGGACAATCAAAATCAAAGCGTCCATATTTTGTATGTGAATTTTCACATAGCATGGGAAATGCAACTGGTCACTTAAAAGAATATGTTGATACATATCGTAAATACCCACGTTTAATAGGTGGTTGTATTTGGGATTGGGTTGATCAAAGTATTAGAATTCGCCGTGTGAAAAAAGGTGAGGGGCTTGGTGCTGAAAAAGATATTTTAGTTGCACCTTTTGCTAAAGATGATTGGATTTATGCATATGGTACAGATTGGAAATATGGTCCTAACGATATAAACTTTTGCTTGAATGGCGTAGTTACTCCTGATCGCGAGTTAACTGCAAAACTAGCTGAAGTAAAGTCTGCATTTAGTCCAATTGCCTTGGATAAAGTTCTTGATGCTAAAGAAGGTATTATTTTTATAAAAAACTATTACTCATTCACTAATCTAATGAAATTTAATCTTAAATATACAATTACGGCAAATGGTGTAATTGTAAAAGGTGGTACAATTGGACGTGTTGATGTTCCTCCTTTGAGTAAAAAAGAGATTCAAATTCCAATGGATGATGTAAAAATTAGTAACGATGCTGATTACTATGTAAATTTATATTGGACATTAGCCGAAGATACATCTTATGCTAAAAAAGGATATTTACAATCAAGCTCACAGTTTATGGTGAGTAGAACAAATTCAAGTAAGGGATATAAATTGTCCAATGCAAAATCAATGCCAAAAATTGAAAGTAAATCTAATGGAGATGTTGTGGCTAAAACAGCTAAAACAGAGGCGACTTTCTCAAAAACTGGTTTCTTGAAACGCCTAGTAATTGATGATTTAGTAATTATTGATAAGTTAGCAAATGCGCCACGTTTAACTATCTGGCGTGCTCCTGGCGATAATGATAATAAATTCTATCAAGCATGGGAGGATTTCAAAGATTTAAAAGAAACTGACGTTAAGTTTTCAATGAATCGCAATACATCTAGCAATGATTATACTTTTACTCAAAGTGTTAATTATCAGGGTAAGAAAGGAAAATCTCAAAATATTCCAGCTACAGTAAAATGGACTATTAATGGTGATGGTGAAATTTCTGTTGAAGTTAAAGCAGATTTAAAGAATGCGCCAGAAGTTATTGCACGTGTTGGTTTAGAATTTGCAGTTAATAAAGAGTTGCAAAATGTTTCGTATTTAGGTCGTGGCCCATATGAAAATTATGTTGATCGTAAGAGTGGACAATTATTTGGCTTGTATGATTCAACTGTTGATGATATGTATGAATTTTATATTAAACCGCAATATTGTGGAAATCGCAGTGATGTAAAGATGGCTAAGTTATATGGCTTTAATGGTAAAGGCATTAGTTTTTACAGTAATTCAGGAATGAATTTTAAGGCATTGAATTATTCTGAAAAACAACTTAGTACGGTCGGTCATGGTCGTGAATTAAAGAAAGAAGATTATATTACGGTTGGTATTGATGAAGATCATACTGGTATTGGTGGAGGAAGTTGCGGACCTCCAACTTTAGAAAAGTATCGTTTGAAACCTGCTGTTTATGACTTCAAATTTTATATTAAACCAATTAAGTAATTAGTTGGATAATAATAAAAAAACTCCTTCAATAAATTTGAAGGAGTTTTTTTTATTTTTTAAAAGGAGAACAAAATGAAGTGAAAAATTATTTTACCTTTGATGAGTTTTGCGTTTGCAAGTTTTGCTGCATTGTTAATTTTAATATTAGTGATTGCGCATAAGTATAATGCAATGGATAAGTCTTTAGTGAAAAAAAATTGTACAGTTCGCTATGGAGACGCAAAAGAATTTCTTAGCGAGTATGGTAAAATTAAAAGCATCAATAATACATGGTGTGTTGTTGAAACTTCATAATTAAACACAGAAAAAATTTACCTTAATGAGCAGTGGATTGCTAGAAGTAAGGTCTTATTAATTAATTTTTTTTTAGGTATAAAGAAAATTGAAGTAAAAAAAATGATAACGTTGTCGTTACTAATTGATTATAGTTTTTTGTTTGCTGTTTACGACACTATGTAAGTTAAAATTCAACTAAGTGTAGATGAATTTTATTGAGAAAATCCTTTATTTAAAGTTATGGAGATTTATATGAGAAATAAGAAAAAATATTTGATATTTATACCAGTATTATTATTTTTTGTTATTAGTTATATCTTTTTTATTAATAGTAAAATTTCAATGAAAAAAGTTTTTGCTAATGTTGAAGGTATTAAAAAAATTATCATAATCTACGTCACAAAAAAATTTACGACAACGCTGAAGAATGGCGGCGCAATTATTTTTATTGGAAAACTCCATCAAAGAAAACGAAAAGATTTTTTTACTTATCAGAATATAAAGAAATATTTGTAGTGCAAATATGGTTATCAGCTCATAACCGACCAGAGAGAAACTTAAGATGAAATTCAGAAACATTTTTATATAAAAAAGAAAATGGTAGATTCGTGTGACAACAAATGTTAGGGGCAATAAAAACAAGCGATACCTAAAAATAACTAAAAAAAGATGACGGTTCAGTTGTTATTAAAAAGTTTAGAAATGATATTGTAATAAGTGATTTTTCTATTATATAAATATAGTGTTTTGTTCCAAAAGGATTTAGATTTTATAAAAAAACTGGTTCTCAAAACATGGGGAAAATATTTTTAGCTGAGGTAAAAATTCAAAAAGAATTATTAAACAGCGAATTTTATTCAGGATTAAGTAGCCCTTTTGATATTAATGACAAACGTTTAATAATTGTCAATGATTTTATTAAGAGTAGTAATAAAAAATTTAGCCGCTTAAGGTTTTATTCTAAATCAATGAAAATGCTTTATACAGATAAAATATTATTTGAGCAATATTTTCAAACAGTTTGGTTTCCTTGTAAAATAGCATTTAAAATTAATGATAAAAACGTGGAGATTTTTGAAAAAAAAGCAGAAAAATATTAATGACAATATCTGGAGCATTATCTAACTTTAGCTTTAGTACCAGAGATTAGAAATAAAAATTAGTCTTCATTATGCTGCTTGCGATATTGTTCTGGTGATATACCAACTTTTGACTTAAATAATGTTGAAAGGTGATATTGGCTACTAAAATCATACTTTTCAGCAATTTTTTTCAATGAATCATTAGTTGTTACTAGTGTGTTCTTAATGTTTTCAATA
CP085689.1_gap4	321927	326635	4708	TTGTTATGGTATGGAAAATATTCTAACTCTCGATTATTTTTTACGCCGCTTTATGGACAGTATTCTGAAGATGAGAATGTTTCAATGAGGGCGTTTGGCATTAATAGTTTTGTGTATAATAGTCATGGAAAAGAGGATAATTATTCAATTTTTTGGCCGTTTATTAATTATTCACATCAAAAAGATACTGCTAAAAATGACGGTTTTTATGCATTCCCTTTTATTTCAGTTAATAGTAAGACACCAGCTCTTTTGTTTAAAAGTAATGATAAAGAATTTAGCTTTTTGAGCTATTTAGGGTATAATTATGAAAAACTTAGTTACGGATTTAAACAGAATATTTTGCTTTTAGGGTACACTAAAGAAATAAATGATCAACAAAAACGTATGGAAACAAATAACTATTCAGGAGCAGAGTTTGAATATGCAACTATTTGCGATAAGAGTTACATGTTTTTTAATAATCAAAAATATAGTTGGAGATTTTTTCCTGTTAATTCAGGAGAAAAATCAAAAGTTTTAAAGTTCAAAGGTGCTGATTCATATAAATTTGAAACTGACTGTAAACATCCAAAAGATTATCAACAAAATCTTTATGGATTTTGGTCTTTATTGCAAGATTTACGAGGAGAATTTAGACATTTGGTTGATTATCTCGAATTCAAAACACACTATAAAAATAGGCTTGATGATAAGGGTGCTAATATTGAATATTTAAGTAAGTCGTTGAAACGTGTGAAAGTCGATATTGAGAAAACTCATGAAAAAATTGCAAAATTAAATCTTAAGTTTGTAAATTTAAATTCTAAGTTAAAGTTGGATTTTAAAATACCACTAAATTTAAATGATGTTGAAGTAATTTGTAAAAATATGTTAGAAAATTATACAGATGAAGTTGATTATTATCAATATAACTCAATTTTTATGCAGAAAACGCAATTCAATAATGATTATGAATGGAATTTTTTATGGTTTTTAGCTCAAGGTCGTCAGCAAGATGATTTTGAGACCGTTAATATTTTGCAATATTTGTACCGTTATGAGCGAGTTGGCAACAAAGAAAGCCGTAATTTTTTTCCTGCGATAAGTTATTTTAAAGATAAAGATGAGAATAAAAGCAAGTTGTCATTTTTCTGGAGATTGTTAAACTTAGAAAAAGATAATGATAAAACCAAGGGACATATTTTGTTTATTCCATTTGGTCACTAAATTTGAACTATTTTGAAATAAAATTTATACCGTCTAATAGAGTTTGGACGGTATTTTTTTATTTATATTTTAAAATATAGTAATTAGGTTTATATTGAAGAGTGTAAATATAAAGAGAAGAAAATTATGGATTTAATGGAACAACAAAATTTTAGCATTGATAGTGAAAATAATATTGCATACGATAATGCTGAAACTAACAGTTCAATCGTAGATGAAAATAATTCTGCCCATGACAAAATAGCTGACGCTTCTGAAATTGATTTGAGAATTCCGTTGGCAGCTCGATTGCGTCCACGAAATTTTGATGAATATGTTGGACAGCGTCATCTGTTAGGGGAGGGCAAATTACTACGCCGCGCCGTTGATGCTGATCGTTTTAATTCAATCATTTTATATGGACCGCCTGGTATAGGAAAGACGAGCTTAGCGGAATTAATTGCTAAACAGACAAAAAGTTGCTTTGTGCGTTTAAGTGGTGTAAGTTCTACAGTTAATGATATTCGTAAAGAGGTCGCAAAAGCAATTGAAGTAGAGCGTGTTTTTAAACGTAAAACCATTTTGTTTATTGATGAAATTCATCGTTTTAACAAAGCTCAACAGGATGTATTATTACCTGATGTTGAGCATGGTACAGTACGGTTGATTGGTGCTACAACCCATAACCCTCATTTTTATGTCATTGGACCATTATTATCAAGGTCGCTGGTTTTTGCGTTAGAAGAGTTAAATGCTGATGATATTAAGTTTTTATTGAAGCGTGCTTGTCTTGATGAACGTGGATTCCCACACAATAATGTTGAAATTACCGATGAAGCAATTGAATTCTTTGCAAATATTTGCCAAGGTGATGGACGAAAAGCATTGACGTCGTTAGAAATTGCAGTTCTAACTACTAATGTTAATGGAGATGGTGTTGTTAAAGTTGATTTGGCGGCGGCAGAAGAGTCAATTCAAAAAAGAGCAATCAATTATGGGGATGATGGACACTACGATAGTATTAGCGCATTCATAAAAAGTATGCGTGGTAGTGATCCAGATGCCGCTGTTTATTGGCTTGCAAAAATGTTGCACGCAAATGAAGATATTCGTTTTATTGCTCGTAGAATGGTGATTTTTGCCTCCGAAGATATTGGGAACGCTGATCCTCAGGCTTTAGTTATTGCAACGACAACAATGACTGCAATCGAAAATATAGGTATGCCTGAAGCACGAATTATTTTATCGCAAGCTGCTATTTATTGTGCAACAGCACCTAAAAGTAATGCTTCGTATATGGCTATTGACACTGCATTAACAGATGTGAAGCAAAATCGAGTTGCACCTGTACCTAAACATTTACGTGATGCACATTATTCTGGAGCGAAAAAATTAGGGCACGGGGAAGGGTATAAATATCCACATGATTATGAAAATAATTTTGTAGTTCAGGATTATATGGGTTTTGAAAAGAAATATTATAACCCAAAAGGTTTTGGTTTTGAAAAAAATATTCGTAAAAGATTAGATTATTGGCAAAATTTACGTGACATTGAAAAATAGAAATGTATTTTTTGCTAATTTGTCAGAAAGAAATTGTGTTCTTTCATATTTATTGTAATTTTTATATTAATAAATTAAGACTAAAAAATGCTATATCGAAATGATAGAATTTTTAAACCATTTTTCCATAAAAAAATAAAAAACGTTTTGAGGGTAATTAATGGAAAATTTAAAAAAAATTGCACAAAAAAAGCAGTTAAGAAAAGAATTTTTGCAACAACGGTGTACATTAAGTGATAGTTATCGCTCTTATGCAAATAAATTAGTATGTGATAACCTAAAATCAATAACAAAATTAAACGACTGTCAGGCAATCGCAGGATATGTTTCTGATGGATACGAAGCGAATATAAATAAATTTCTTCAAGAATGTTTAAATGAAGGAAAAAGAGTGTTTTTGCCACGTTATGATGTAGCAGAAGACGGTCGTGGAAATTATGTTATGGTTGAAGTTTTTAATTTGACAGAGCAGTTAGTTGTGGGCAAATATGGCATTTTAGAGCCAGCTAAAGAGTTAAAACTTCTTGAGAGTTCTGAATATCAGAATATTTGTTTTCTAATTCCTGGAGTTGCGTTTGATAAATTTGGCGGTCGTTTAGGACGAGGTAAAGGTTTTTATGACCAAATGCTTGATTACGGCGGTTTTAAAATAGGTGTTTTTTTTGAATGTCAAAAAAGTAACACTCAACAAATTCCGATGGAACAACACGATCAAGTGCTTGATTTGGTTGTGACTGAGTCACAAATTTATGAGTTTTAAATTGATAATTTGGCTTAAATTTGAAATTTTAAGTTAGATTTATGAAAAATTGGAGTATATAGGAAAATATGAGTTTTTTGAATGAGAGTTTGATTGCCGCAGGTGGCGCATTTGCTGGTATTGCTGCATATTGGACAATTGCAAGAGTGCGAAATGTTTCAATCGGACAAATGGCTGCTCGTATTAAGAATGAAGCTAAAAAGGAAGCAGAACATATTAAACGTGAAGCAAAAGTAACTGCGAAAAGTGACGTTTTAAAGATAAAAGAAGAAGTTGAAAAAGAGCTAAAAGAGCGTCGTAAGGAGCAGCTATCTGCTGAAAAAAGATTAGCGCAACGTGAAGAGAATATTGAGCGAAAAAATAACCAACTTGAATCGAAAATTGGTGATATTGATCGTCGTAAAAAAGAGTTATCTAATCAACGTAATCGAGTGACTAAAAAAGAAGAAGAGTTGCAAAAATGTATTTCTTCACAAATTGATGAATTAGAACGCATCGCATTATTAGACCGTGAAAGTGCTAAGAAAATTTTGCTGGAAAAATTACAAGGTGAAATTAAGACAGAGTCAGGAATTTTAATTCGCGACGTTTTAGAGGAAGCTAAACAGAAAAGTGAACGCGAAGCACAACGTATTATCACTTATGCTTTACAGCGCTATTCTTCTGATTGTACATACGAAAGAACTACAGCGACAATCCCATTACCAAATGATGAGATGAAAGGTCGTATTATTGGCCGTGAGGGTCGTAATATTCGTGCTTTAGAGGCAGCAACAGGAGTTAGTATTTTAATAGATGATACCCCTGAGGCGGTTGTTATTTCATGTTTTGACCCTGTTCGCAAAGAGGTCGCGCGTCAATTATTAGAACGTTTAATCCAAGATGGTCGTATTCACCCAACTCGTATTGAAGAGTTAGTTAAGAAAATTACTAAAGAAATCAATGATGAGATTTATGAAGCTGGAGAGGCGGCAGTTCTTGAAACAGGATTACAAGGAGTTCCTCCACAGTTGATCAAGTTACTAGGGCGTTTAAAATTCCGTTATAGTTTTTCACAAAATGTTTTAAAGCATTCACTAGAAACTTCATATTTTATGGGAATTATTGCTGCTGAGTTAGGCCTAGATGAGCGTAAAGCGAAACGTATTGGTTTATTTCATGATATTGGTAAAGCGATTGACCATGAGATTGAAGGAT
CP085689.1_gap5	330555	335546	4991	ATCACGTTCACTAGATTCTAGCATATGAATTGGTTTTTTCCCAATAACACCTGGAATTTTACCATTTTTTTCAGTTAAAATAACCACCTCTGTTCCTGGTACTGTTAACTTATCAATTCCTCCATTTGAACGGAAATAAATTAAGCCTTCATCAGAGATATATACAATCTGAAAACCAATTTCATCATAGTGCCCTGCTAGCATTACCTTGAATTCTGCATTGGGATTAATCACGCTAATAGTATTGCCCATTACATCAGTTTTAACCTCATCTGCAAATTCGCTAACATAATCACGAAAAATTTTTGCAGCCTCCATTTCATAACCAGAAGGACTTGAGCTATTTAATAAATCTTCTAAAAATTTTAAACTTTTATCATCAAACATAACTTTTACTCCTATGTAAAAATACCGTTAATTTTATTTTCAATTTTATACAATAACGTCTTTTTATTAAAAAATCATCCCTATAACTAAAAAAAATAGGAACATATAAACATATCTAATAAATTTTCCTTGAAAAAGCTTTGATTATAAAGCATTGTAATAATGAGAATAAAATCTAAAGGATATAATAAATGACATTTGAAGAATTAAAGTTACAGTTTCAGGATATAGTACAGCGTGTTAAGCATCTTGAAACATTTTTAAAAATAGCTGAACGTTCAGACGAACGTTGTGAAATTGAAGAAAAAATGGCTGCTGCTGACTTTTGGGATAATAGTGAATTAGCTCAAGAAACGGTAGCAAAGTTAAGTGCCTTAAAAAATATTATTGAACCATATAAAAAGATTTCGGCAACAGTCGAAGATCTTGAAACTGCAATTGAATTTGCAAGTGAAGATGTTGATATGGAAGAAGAAGCTATTGAAATTGGAGCACAGTTAGTTAGAGATTTGGATAAACTTGAACTATTAAGTTTTCTTTCAGGACCATTTGATGCTAATAATTGTTATTTTTCAATTCATGCTGGGGCAGGAGGCACAGAATCTTGTGATTGGGCATCAATGTTGATGCGTATGTATATGCGTTATTTCGAACGTAAAGGTTGGAAATATGATATTGTCGAGATGCAACAAGGCGATGAAGCTGGGGTTAAAAGTGTGACTTTACACGTAACTGGTGAATTTGCATTTGGTTATACTCGCGCGGAAAAAGGAGTGCATCGTTTAGTGCGTATTTCGCCATTTGACAGTAACGCACGCCGGCATACATCATTTGCGTCAGTCGATACATTTCCGGAATTAAGCGATGATATTGATATTGAAATTGAAGAAAAAGATTTAAAAGTCGACACTTATCGAGCGAGTGGAGCCGGAGGACAGCATGTTAATACGACAGACTCTGCGATTCGTATTACTCATATCCCGTCAGGAATTGTAGTTGCATGTCAGGCTGAACGTTCTCAGCATAAAAACCGTGCGTCTGCAATGAAAATGTTAAAAGCAAAACTTTATGAGCGTGAACAGGAGTTAAAAGCTGCTGAAGCAAATGCAATTCGAGGTGAAAAAACTGAAATGGGTTGGGGTAACCAAATTCGTTCATACGTACTGCATCCTTACCAAATGGTAAAAGATTTGCGTACCGAACATGAAACAGGTAATAGTGCGGCAGTTTTAGATGGTAATTTAGATCCATTTATTGAAGCATTTTTAAAGTCAAAATTAAATATTACATAAGTTTATTTTTAAATAATACTTTGCGGAGGATAATTGTTATGCGTTCTAATTTATACTTGAATTTTGTTATTACTTTGTTGTTAGTAGTCATTGTGGGAGGAGTGATATTTTTGGTTAACTCCTTTGATAGAATGCGCCACACTTTTGAGAAATCGAGCAAAAATATTGAGTTAATTCGTGAAGATATTAATAAGTTAAAAGAAAATGTTCTTAATGCTAAATTTGCCGCCACACAAAATAATGTAAAGGCTGCTCCAGTAAAAATTTTAGATGTAAAAAATATTGCAAATTATCAATATTTTAATCAACAGGCACCTGTAGGAGGAATATTAAAAACTGCTACAGATAGTGAAACTTCAAATCTTAATTATTTAATTCAAAATGAATCTCAAGTATCGAATTTTTGGGGAAAATGTAATAGCGCATTGGCAACCCGTGACTATGAAACTCCCGAAAAGTTTATGCCGTTAATTGCTGACAGTTGGCATATTTCTGATGATAAATTGACTTATCATATTAAAATTAAAAAAGGAGTTTTATGGCATGATTTTACCGATCCAGTTTCTGGTAAAAGGTGGCTTGATAAAGAGGTGACTAGTGAAGATTTTAAATTTTATGTTGATGTTATTAAAAATAAAGATGTAAATTGTCCGCAAATTAGAACCTATTTTAAGGCGCTAAATCGTATTGAGATTCTCAATGATTATGAATTCAAGGTTTATTGGGACAAAAAATATTTTAAAACTGACGAAATGACTTTAGGGTTAATGCCGTTTCCAAAACATTTATATCATGCTTATAGTGGTAAATTTGATGGGAAAAAATTCAATGAAGATGCTAAACGCAATAGCATGATTATTGGTTGTGGTCCCTATTATTTGGCTGAAGTTCAGAAAGGTCGTCGTTATATTTTTAAGCGTTTTGAGAAATACTTTGGACGTGAATATGGAATTATGCCCAAAATTGAAGAATTAGTTTATAATGTTGTAAAATTACCCAATACTCGTTTACAAATGATGAAGTCGCAATCATTGGATCTTTTAGGATTGAATGCTGACCAGTGGAAAAATCATACAAAATCTGCTGAATTTGATGTAAAAACAGGTTTTTTGAAAAAAGTTAAGGCGCCAGGTAGATCCTATAGCTATATAGCATGGAATTTACAAAATGAACTTTTTAGAAGCAAAAAAGTGCGCCGAGCAATGACTCATTTGGTGAACAGAGATTATATTTTAAAATTTGTTTATAATAATTTGGCACGTATCACGACTGGTCCATTTGTCATTGATAGTCCTTTTTACGATAAAAGTATCAAACCAATTAATTTTTCAATTGCTAAAGCGCTTCAAATATTAGCCTTAGAAGGTTGGCAGGACACCGATGGTGATGGTATTCTTGATAAAAATGGTAAAAATTTTGAATTTACTTTTATGATAGTTTCAGCCAGTGAAACGCAGAAAAAGATTTCTGAAATAATTAAAGAAGACATGCGCAAAGTTGGAATAAAAATGAATATTTTACCAATCGAGTGGTCAGTGTTTATTGACCGAATTAATAAAAAGAAATTTGATGCATGTACTTTAGGTTGGACTGCAACATTTGAGCCTGACCCATATCAAATTTGGCATTCAAGCCAAGCAGATGTGAAACAAAATTCAAGTAACTTTATTAGTTTTAAAAATAAAGAAGCAGATAAATTAATCGAACAAATTCGTGTTACCTTTGATATTGAAAAACGAGCCGACTTATGTAAAAAATTCCACCGGTTAATTTCAGATGAGCAACCATACACTTTTATGATGGTTCCTAATAAACTTTTTATTTATAATAAAAGATTACAAAATGTACGAACATTTCCACTTGATGTGGCTCCTACTGATATTATGTGGATAGAAAATAAATAGTTGTTAAATAAATAATTTTATATTTTTGATGAGTTTTTAATTTTTTTAGTTCTTGGTAGCATGAATGTTGTCAATTTTTAGAATTTATAAAATATCGTAAAAAGAATAATTTTTATGATTTATAGCTTGGTTACTCAAGGATTTTTCAAAAAGGTCGTTAAAATAACTGACCTTTTTGTGTAAAAAATTATTTTTTATCTTCTACCTTAACTTTTTTTGATGTTATTTTTGATTTTTCTTCTGCAAATTCATTGGTTGCTTTTGCTGGATTTTTTTCAACATCTTGCAATATTTTAGTTGTTTTTCCCTCAGATAACCACTTTACGACACCTGTTGCAACATCATAAATTGCGCCAATAACTTTTACTTTTTTGTTATTAACTAATTTTCTTGTTGAAGGGCTTTTCATGAACAAGTCTTCAATTCCTTGCCAAACGTTTTCTTCAACAGCATATGGAATTAGCTCTTTACCATGTTTGTGAGGATGAGCCTTTTTAGCTTTAATAACGGCTGGTTTGATTGGTGCAACCAATGCTGGAATATTACGCTCTAAGATATGACCATGACCTTCAATGGCATTTGTAACTGCAGTTACCGCTCCGCATTGAGTATGACCTAATACTACTAAAATAGGAGTGTTAACATGTGCTAAGCCATATTCAATAGAGCCAATTTCGTCAGTATTGCACACGTTGCCTGCAACGCGAATTACGAATATGTCCATCACTCCAGTGTCAAAAATTAATTCAACTGGAACGCGTGAATCAGAGCAGGTAATAATAGTTGCTGATGCGTATTTGCCTTGATCTTCTTTGCCTGCCAAACTTAAACGAGCTTTATTACTGTGTGGATGAATAGCTTTTTCCTCAACGAATCTTTTATTACCAGCTTTCAATTCGTCAAGGCATTCTTGAGCTGATGGCTGAGCTGCAACAGTAACGCCTAAAAGTGTAGTTGTAAATATTAATAAATAAAGAAAACAATTTTTCATAATTTAGTACCTCCAATACTTCTTAATTTGAACTTGAATGAAAAATCAATAATATTTGAGTATTTAACTATTACAAATTATAAATTACAAAAAAAAGGAAAAATTTGCAATAATTTAGAAAAAAATAATTTTACTGAAATTAAAAATTTTCATATAATTATTGAATTACAACTAGTTGTATAATTGTTACAAAAAGAGTTTTTTTATTAAATTTTGCGAAAAAAACTGCAACAAATTTTACCATTTAAAATTTATAAATTTTTCTTGACAATAAAAAATAGTGTTTATTTTTCTTTAAAGGAATATTTGAGGCTTGAAAAGTTTTTAATTTAAGAGTAAAATAAGTGCGTGATTATATAAAAATTTAATATTGGAGAATAAAAATGTTTAAATCAGGATTAGTCTCGATTTCATTTC
CP085689.1_gap6	362194	366754	4560	AATTTTTCTTTTCCTCATTTGTGAAATTGTTCTTTGAGTTATTAATTAAGTCAAGTAACGCATTTGAATCATTGTAAAAATTTTCTAAGAATTTACGATATTTAAAGTCAAGTAGCAGTCTTTCAATATCAATTTTTAATTTTTGATTATCATCTTCTGTTTTTACCCAAGCAATATCATAACGACGCCTTGCTTCATAATATTGTTGCAACGCAGATGAAACTTTTGCCCAATCGATATAAATATCAGTGGCATAGTCTTTGTTTAAAAAGTCTAAAGAATATTGTTTTAATATTAAGTCGCTTTGATAATAGTCTCCTCTTTTAGCATAACATTGACCTATTTTTGCAACCGTTCTTAGCCAATTTTTATCACTGATTGCAATTTTTTGAGATTTTCCTTGCGTCGTTAATTGTTTTAATTCATCCAAATAAATTTTCTTAGCAGTATTAATTGCTTCAGAATAGAGGCCACATTTGTAATAGTTGTCAAGCAAAACGGCCATTACTTCTTTATAGTTTTCTCCTTTGTTGACATTAGAAAAATATCGTAAACATCTACTAATAATTACTACTGGAGATAATTTTTGTTGCTTAGCTAAGTTAATATCTAAAAATAGTACTTTTTCAGCAGTTTCATTGTCAGGGAAAGATTCAAGATAGAATTCATTTAAATATTTTTGAGATAGTTTGTAATTGGCAATGCGAAATGCACTTTGAGCAATAATAAAGTTGGTTTGAAACTTTATTTGCTGCCATTCGCGTGGCATTTGTGTTTTATATATTGAGATAATATCTTCAAGAGCTTTAATATATGCGTCTACTTTTTTTTCATTTTCGAGCATTTTGAAGAGAGGGTTATCATCTGACGCAAAGTCATTACTTAAATAAACTAAAGTTTTAAAGTTGTTTGGGTCATTTAGTAGCTCTTTTGCCATAGAGAATGCTCCATCCCAATCGCCCATATCTTTATAGTAATTATATAGCTTGATATAAGCACCTTTTGCTGAAGCTATACGACGATAATTTGTCAAAGCCCCATGCATGATGTTGATAGCTTGTTGAATATTGTTTTTTTCCTCTTCATGGATTGCAAGGGCAAAAAGAGCTTCAACTTTGTGACTATCATCAAAGGTACTATTTAAAATAGAGTTTACGGCTGAATAGCTATCAATTTCATCATTTGAGTTTAAGTTTATAGCAAACAAACCAACTTTTGCGCTGGCAAATTCATCTAGCGAAGAGTTTTTATCTGCTAAAATTTGTTTGTAAAGTTCTTCTCCTTGTTGACGGTTTTTTTCAGTTAAATTTGCAACTTGTTCTTTGTTAAGTTTGCTATCACCTTCAAAAATTTGAGGTTTTTTGGCTGCAAATGCATAGATTTGTGCAGCTTTTCTTTTTGCTAAAATTATGCAACTATTATTTTTATCGTTTGCTGCTGTTTCATAAAATTGTAATGCTGTGCGGTAATCTTTTAATGCAAAGTAACAATCACCAATGTAAATGTTTAGCATATCTTTTTCAAATTTACTAAGCCTAGAATGTTCATGAATAGAGGCGAAGTTTTCTAAGGCATCTGCATAATTTTCTGTTGCAATGTAAAGCTTTCCATAATAATAAAGTAATGCATTTTGAATCGATTGCATTTCAACATAGTCGTTTGCTTCTTTTAAGTAAAAAATTGCTTCGTTAAAAAGACGATTTCTTTCATCTTTTTTATAGCTTTTTTGTAATTTTTGAATTTTTACTTGTGCTAAAATGGTGTAAATTTCAAAAATTTGAGTACGATTTAACTTCTCTTTTGGTAATTTTTGAATACTAGCTTCTATTTGTTCAATATCACCTGCTTGTAAGCGAGATTTTGCTGCATCGAAAACATGCTTAATTTTAACATTCTGGCGGAGTTGCTCTTTGATATTTTTTTCTTGCAATTCGTTGCGAGCCTTTTTTACTAGAATAAACGTAGCAACGGAACCAGAAAGTAGTGAAGTAATAATTAAAGCATTGCGTGCAAATTTATAATTAATTTTTTTCATAATTACTTTGTCCTTGTTCATAAATTGCTAAATTTAATAAATTTTCACGCTCGGAATTGTTAATAAATCTTATATAACAATTGTCCTCGAATTGGTTATTGCGTGGAATTAGGGCTACGATTTGATTTACTTGATCTACTAAATTTCCCATTGCAATGGGTTTTTGCAGAATTTTAGTTATCTCATTTGAGTAATTAATTTTAACTTGTTCTTTATTCGACGTGCCATATGCGGAGAGGTAAACAATTGGTATTGAATTATTGATACTTCGAGAATTTGGTTCTTTTATAAAAGGAATTAAATCTATACCTTTTCCGTCTGGAAGATCTCCATCTAAAATTAGTAAATCAATATGACTAGAACATAAAATATTTCGCGCTGTCAATAGTGTCATAGCTTGTGAAATATTATAGCCATGTTCTTTTAAACTGTCAGAATAATTCATTGACAATAATGGCTCATCTTCAACAATTAAAATATGATAATTTGCAGGATTTTTTTTCATTTCTGGTACTTATTTAATGTTTTTGAAGTTTTTAATCTTATCAATATGAGGAATTTTTAATAGAGTTCCCGCAGGTATAACTCCTTTTGGGTCTTTAATTAGATGCTTGTTTGCCTCATAAATTTTTTCCCATAAAGTCGCATCATTGTAAACCTCAGGTAAAGCACTTATTGTTTTTAATGGTGCAGGTGTTTTTACTTCGAATGTACTTGCCTTAGTCAGATCAATAGGCGTTTGTTTTTTATATTGCTCGCTTTTATTATTGGCAATTGCGACCTCGGCAGAGATTATTTTGGGTGCATCTTTTGGAAGATTTGAATAATATTCATCATAGAATGATAGTTTAAATTTAATCTCTTTTAAATTTTCAGTAAGTTGCTTTATTTCAGCTACTTTTTGTGTATAATTTTTTCGAGCTTTTAATTCAGTTGAATAACGTTGTGCTTGTATTTCAAGTTTTTTGATATTTCCTGCACTATCATCAATAACGAGGTTATCTTGAATCGAATTAAAGGTTTGCATTTGAGCATTTAATAGGTCAATTTTTGTAATTAAACTATTTAAATTTTGTTGATAACTTTGCTGTAATTGTTGGTAATTTTGTTTCATTACTGCTTTTTTTGCGTCGTTTTCTTTTCTTACTTCGCTAGCCTTTTTAGGAGTTGCAGCGTTTAATGATGCGATAATAATTATTAAGCAAAGCGCAATAATTGATTTTTGATTGAAAAAATTAAACATATTGTGATCCTTATAAAAATTTAATTAGATTTTTTTATAGGAGTATCGCAATAAATATGCCAGAAAGAATAATTCTACTTTGTTTTGAAGAGTAGGAAAGTTAGAAAAAATATAAAAAAAGGAAACAGGTATGACTCCGCTTAAAAATAACAATAAAGTCTCGCAACTTTGAACTTAAACCATTCAGAGATATAACCTGTTTCCTACTCATAAAATAATCTTGTTTAAGTAAAAAAGCAAGAGTTTTTAGGAAAAATTATTAAAGTTTCTTTGTAAGAAGTTAATAACTAACAAGGTATAAAAATAATTGCATATGTTTTTAAATTACTATGAATATGTTTGTGATTTAAAATAGTGTAAAAATATTTTTAAGTTATAAAAAAGCAATATTTTTTTTGTAACAACAAGAGTTCGTGATAAATTGTTATAGCTATAGGGTATTTCTGCAAAGATTAAAAAATATATAGAGAATTGTGATGAAAAAAAAACTTAGTGATTTTGTTGAAAATAGTAGATTATTTAATTATGGAATCATTTTATTGATTATTATCAATATTTTGGCGGTTATTTTGCAATCGGTAAATGTGATTGAGAAAAAATTTGATAAAGGTTTTTTATTAATTGAAGACATTTCGATTATTATTTTTACAGTTGAATATATTATTCGCTTTATTGCTTTGAAGGACAAGTATAAACGTTCTTGGTACTATTTTTTCTCTCCAATGGCAATTATAGACCTTTTGGCAATAATGCCATTTTATTTACCGTTTATTGGTATAGATTTGCGGTTTATGCGTATTTTTAGAATTTTTAGAATTATTAGAGTTGCAAAGTTAGTTAGTTACATTTCCGTATTAGAACTATTTAAACGAGTAGTAAAAAAAGAGAAAGATGCGTTAATTTTAACTTCATTTATTATGATTACTTCTATAATTATTTCTTCTGTTTTGATTTATTATGCTGAATATGAAGCTCAACCAAGTAAATTTTCAAGTATTCCTGCATCAATGTGGTGGGCTATAGTAAGCTTAACTACTATTGGGTATGGAGATATGTACCCAATTACTGTAATTGGCAAAACAATTGCTAGTATTATGGCATTAATTGGCATCGCAATCATTGCGATGCCAACGGGGATTATTAGTGCGGCTTTTATTGCTGAAATCAACTATAAAAACCGCCAAAAATGTCCTCATTGCAATAAGAGTTTGGATCTTGAATAATTATCATGCTAATACTTAATCCTCATCTTTGTGGGTTGTTACCGAACACCCTCCTGCTG
CP085689.1_gap7	509595	513725	4130	AGGACTTATTGCTTTGAAAAATAATGACATTGAAGAGGCTTCTAAATATTTAATAAAATCTGTAGACAAAACTGTTTTCCCTAAAATGAATTTAGCAAAAGAATTATTTAACAAGGGAGAAAAAAAAGTTGTAATTAGTTTTCTTAAAAAATGTTCCTTATTTTGGGATAAGAAAATGTGTGAAAAATGGATAAAAAAAATTAAAAGTAATAAAACACCAGATTTTAAATATTACGTTGAACCATATTTAAATTGATTAGCAGACATCTTACGAGATGAAACACCATAGTTGAAAAATTGTGGTGTTTTTTATTTAACAAATATAAGCTAATAAAAACCGTTAATGAGTTGAATAGTGGGTCAATAAGTGATAGATTTGTTTGGTTAGGTGATAATTTATTGGCATTAGAAAAAGATGGCGTGGCATTTAATTACATCGCAGATGGCAATAAAAATATCACGCAGTTGATTAATTTAACAACAGGAGAAATCGCTAATAAATACGATTATAGCCCATTTGGGCAATTAGCAAAAACAGATGAGAATGTTGAAAACGTATTCAAATTCAGTAGTGAATATGCCGAAAAAGAAACAGGCTTAATATACTATAACTATAGATATTACAACCCAAAAGATGGAAAATGGCTATCCCGCGACCCAATCGAAGAAAAAGGCGGATTTAATTTATATGGTTTTGTAAATAATAGAATTAATCAATACGTTGATTCTTTGGGATTATCTAAGGCTATCGAAGCTACAACAGAAGTTGATAGCGTTGATGATTTATGGAGAGGTGGAAACAAAAATGGCTATAATGGAACAAATAATAGAAATTTGGCAGAATCCGAAGATAAAATGCGCAAATCGTGCAATAAAGCTTGCGGAAAAGCTGGGGCAAATCCTAAAAAGGTAGGAAATGGAAAAGAGATTGAAATTTGGACTTTACTTAAAAAAGGGAATGGTCAAAGAAGACTAGCAGTAAGGAAAGAGGGAAAACTTTGGACTTATATAATTTATCAATATGTACAGAAATTTAAATATGCAAGATATTTATTGCAAACTTACTCTAGCGAAAGATGGAATTGTAATTGTTGTGAAAAAGGTTTTTTGGGGATGAATAATTATTACTTTAATGTTTTAAAAGAAAAACTTTATGAAACAACTGAGCTATTGATTTATATTACTAAGCAATATGAAATTAAAAGTTTAAGAAATAGAAATTTTGATTGGGATAAATTCAAAGGTGAAGTAATAGAAGCGGGAACAAAAGTCATTTCTCAAAAATTTAATTAATAGGATGTTACAATGAAAAAAATATTAATAACAGGTGCAATATCTTGCTTTTTTATAGCATTAATTATTTTTTATATTATTCTAAATAGACGTGAGCAAATAATTATAAATAGATTAATACCTGTCGAGAAATTCACATATAATCAATTTAAGTCTCATATAATGTTTGCGGTGTATATAAAAGAGTCCGAAAATTCTAAAAGTCCTTTTCTAAAAAAAATAGTAAAAAAAGCAGAAATAATACCTTTATCTGAAGGTTATTATTTGAAAAAATATTTTCAGAACAAAAAAGAATATTGCTATCAAATTTTTAAAAAAAATAATACAGAAGGTTTTAATTTTTGTAGAATTGTACCAGGCAAAGGTTGTTTGTTATTTTTTATAAATAGAAAAGCTTTGACATCTTTTACAATATTTTGATCAATACTAATAATATATTGTAATGTAATAGATTGTTTACGTCACAACTATAATAAGAATATCACGCAGTTGATTGATATGAGTTCGGGTTCGATTACGAATCGTTATGATTATTCGCCATTCGGTCAGTTATCAAAAAATAACGAAACCGTGGCGAATGTTTTCAAATTCAGTAGCGAATACGCCGAAAAAGAAACAGGTCTAGTTTACTATAATTACCGTTATTATAACCCAACAACAGGAAAATGGTTAAAACGTGACCCAATCCAAGAAGCTGGCGGATTAAATTTATATGCTTTCATAGGTAATAGTGTAATAAATAAAGTTGATAAAAATGGATTAGAACAAGAGAAAAAAGAAGGACAACGTTTTTTTAAAGATGGTAAAGAAAAAGTTGTAGGAATGCCAAGTTCAATACCAGGGGTGAATATTGGAGCATATTGGCGTGATACTATTCGTGCGTTAGAATATTCTCTTGTTGTAAACAAAAGATGTGTTAACAAAATGGCTGAGATAGAATTAGTAGAGTCTAAATTTAATGTTGTGAACTATATTGATACAGTTAATATAGGTATTGGAATAATGTCTTTTGGACATTCTCTTTCTACAATTCATATCCCAAAAACTAGAGCTAAAACATGTCCTAAAGGACAAGATGGAGCTATTTCTAAATTAATTGTATCAATAGCGGTAATTCAAATTTTTTCTGCTTCTGTTAGTCCATCTATAGGACCATTTTCAGCCGATAATGGTTATCAAATGGAGAGAGGAATGAATGTAAAACTGTTTTTTGAAGTGGAATTTGAGAAAAGATGCTGTTGCGATGAATAAACTAAATAAGGAGAAGATAAAAGTGAATTTTATTATAAAACTTTTTGTTTTATGTTTGATAGTTAATTTTAATATTTGCTGTGATAATATAGATAAAAAAAACGTACCTGAAAGAAAAGCCGACATGATCAAAATGACTTTTTTTTGCAGTGTAAAAAAAATTAAAAATAAAGAAATTTTTATATCAGGTTTTTCTCAAAAACAAAAAGTCTATGCTACCTGTATTTATTATGATGAAAATATTACTTTTGAATATGATATTTTACTAAAAAAGTATTGTTTTATAAAAAATGAAAAGAATGGTTTTAAGGAGGCACTGCAAAAAAATTATATCTATTTTTTTGATGGGCAAAAAATGCAAAAAAGTAAAATAAAAGAATTAACTAGGAAAGAATTAAGAAAATTTGTCGATAGCGATGTTAATAATTTTGATAATTTTGAAAGTATTAAGTCTTTTTTTATTCATAATTAGCTTTTTTAGCAGGCTAATTAATGAAACTGAAAGCGTGAATAGCTCATTCTGTTTTTAAATAAATATTTTAACAAAAAAAACACCATGATGTGAAAATTGTGGTGTTTTTTATTTTTATTGATTTGTTTTGATGAATTGGTTAAGATATATTACTTTGTATTGAATAACTTTCGGAAGGTGAAAATGTTAAATGAATGTTTAAAATTAGATTGGTTAGGTGATAATTTATTGGCATTAGAAAAAGATGGTGTGGTATTTAATTACATCGCAGATGGCAATAAAAATATCACGCAGTTGATTGATATGAGTTCGGGTTCAATAGCGAATCGTTATGATTATTCGCCATTCGGTCAGTTATCAAAAAATAACGAAACCGTGGCGAATCCGTTTAGGTTTTCAAGCGAATATGCCGAAAAAGAAACAGGTCTAGTTTATTATAATTATAGATATTATAATCCTGTCAACGGCAAATGGTTAAAACGTGACCCTATAGAAGAAGACGGAGGAATGAATGTTTACGGTTTTGTTAATAACAATTCAGTAAGTTATTATGATAATTTAGGTAATAGTATGGCATTAGGACAAAGCGGACCATATAGTGTGGGCGGCAATAGTACTGATGCTAGACCAAATAGTTCTGGTAATCATTCAGGTGGCAGTTCTGGAGGACATGGAGGAACTACAAGTAGCCCATATATGCCAGGAATTACAGGACCAAGAAATACGCCTCAAGATAATACGAGCTCTAATGCAGGAGTGGCTTGTAGTTTTTTACTTGGAGAATTTTCAATGTCAACAGATAATAAAGGTTGCACTACTGCTTGTATAAGTATTACTTCTAGTCTAGCTGGAGCAGGTGCATCAGCCGGAGTTGGAGATTCTAAAACTCCAATATCTATTTATGCTGGAATTTGTAAATATGCTGGGGCTTCAGGAGTAACTGATGGCACTATAAATATAAGTGGAGGTATATCTCTATCATCTCCTATTGGAGTGACTATAAGGCTTGGTTGTTTTAAAGTTAATGAAAAAGATAATGATGGGTGCCCATGTCCTGACCCTCTTCATTCAAATTCAAATATCGCTGGAGTGATGTTTATTATTATGGAAAAAT
CP085689.1_gap8	559070	561834	2764	TTGGCGTAATTGTGGAATAAAAAGTACTTCACTGCGAAAAATCATGCGTGAATTCCGTGGCAAATTAAGTTCAATTGCTGCATATTTTGCATGTTCAGCGCCATTGATACTGACATAGTCATCAAGGTCAGTATAATCTTTGACTATTGCTAAAATTTTTGCTGATTCTTGATTTTCTTGCTTATTTTTATGATGAAATTTCGTTAAAATATTAAGAGCCTTGCCTGGTGTATTGCGTGAAAAATCAAGCCCACCTGTTGCATCAATTACCTTATAGCAAAAAATTTCACCGTTGACATTAATTTCATTGTTTTTTTGTGAAATTATGGCATTGGGATTAACATTTACTTGATTGTTAAAATTACTATTTTGATTCGATGAATTATTACAGTTTTTAAGCTCGCTACGAATAGTAAAATTGACTCGGTTAGCGACGCTTTCTATTTCGTACGCTGACCTCGATAGCATATTATTTGTCATTACCTCTTTTGAAGTAATTTTAGTCACCGAAATCAACCCCAAAATAATCACCGACAACAACATTACTGTCATCATAACTGTTATCAAAACAAACCCATTTTCATTATTTTTCATGTTACAATCCTATATTTGAACAAATAATTTTAAATCTTTCAAGATCCTTATTTCAAAATGGTGCTTTGCTATGTGCAATTTTGTAAAAGTCATTATTAACATTTTAATTTTGGAACTAACGTTACAACAAAATAGATTAGCAAAAACACATTGTATAATTAAAATACAAGTCACTAATTATAACCGTACTTCGTCATACGGCAGTGAGGGCTAATACTTTAGTCGTTCTTCACTAGAGGTATTCTTTACAATTTATTATCGTTTAAAATTTTTAATTTTTTGCCTGTTATTGGGTTGAGATCACTGCGACCCCAGTTTGAGTAACGGCTTGCACCAGCGGTTCTCCTTAGCCAATGTTTTACTATACCATTAGTCCATTTTATTGAAATTTGAATTGCAACTGGTAAAGATTCGTCATATAGTTCTTCCTCATTTCCAGCAGTTTGCTGTTCAATAAAATCATTGCTCCAAATGACTTGATTTTTTTCAAATTTTGCATATTTAAACTCTATATCTTCAATGTTTTCAAGGATGACTTCAACATTGCCGTCACTGCTGTTATTCGCTGAAAAATTCTTTAAATTTAAGAACGGAGTACTTTTGTAACGTATTTTTAAACAACTATCTTGTACAAAAAATTCACTAAAAATAAACCCTGTATCATCAGTATCAAAAATCGGTTGTTTACTACTCACTAGCAGGTAATTTTCATCACCAATAAAGTACAATTTTTGAAGATTATTTTCACGATCAACCCATCCAAATGGAACTGCATTGCGAAACAAATTATCAACTAAGCGATCAATTTTACAGTACTCTTTTAACCTCGCACTTTTGCGCTCTGCTACCGCATAACTTTTACTTACACTAAAAGTCACTGATCCCAGCGCAGCCACTATAATAGTACTAATCATCACTGCCATCATTATTTCAACTAGTGTAAACTTTTTAACTTTCATATTCATATTTTTTTTGTCTTTAACGAAAATGTCCAATTATTAATTCTTTTTTTGTAGGAAACTTTTTATTCCTTAGAGCTTGCAATCACAAACACCTTTAGTTGTAAAAACTAAGTGCTAAATTGCAAAAATAAACCATCTAAATATTATGATTACTCCTGTTTAACTGGCATGATTAAATCAAAATTTGCACTGGTTTTGCGACCTGATTTTTTGTTTTTAATGTTTATGTTTAAAGTCCTTAATTGCCATAAATTATTAATGTTTTGATTTGAATTTAGTTCTAGATTTGATTCTTTTAAATAAACGTTGATATTAAAATTTTCTAGGTCAAAAAATTCATTGGTGATTGAACCGGTAAAATTTTCAATGTTGTAATATTCGACTGCTTGGGTCAATTCATGTTGTTCGTTGTAGGCTCGTTCAGCTTTGGAAATCTGCATCATGGTGCTGCTTGAAATTGCTAATAACGTGGTAATGCTGATCGCCAAAATTGCAACAGCAATAACGGTTTCAATTAGCGTGAATTTTTGAATTTTATTTTGCTGTTTGATCATGAACTGTCACTACTCCAGTTAAGTTTGAAATTTGCAGCATCTTTTTAAATGCTGCCGCATTAATGTTAAAACTTTCCCCAGCAATTTTACCATCCTTATAAAATTTCCACACAGCTAAAACATCATATAAAGGCGAATTAATTACTTCATATTTAACATTTTTTGCAAAATCTTTTTTTTCGGCATTGGTTGTGAATGTTATTTTTTTACTTAGTATCAGTTTTTTCATAATTTTTTGCTCTTTTTGCAAAATGAAAATCAAATTTCGTTCACGATAAACAGCTGCAACTAAGACAATTTTTGGGTTCCCATTTAATGCCATCACCCGTCCAGAGTGAAAAATATTAACAATATCTCGAGATGCACTGTTAATAACATTTCGTGAGGAATTTAAATTCAACTGCACTGCGGCAATTGTTGTAGTAATTGCAATAATTGCGATGACCACCACCAACTCAATTAAGGTAAAATTTTGTATTTTTGAAAAATTTTTTTTCATAGTGAATTTAACTCCAAAACTGCCAATAATACTGCGACAACCACCGTTAAAACAATTACCGATAATACTACAATCATTACAGGCTCAAACAATGCTAGCAATCTTTTCAATGTGTTTTTTATATTGCGCTCAAGCTGAAAACTATTGTGTTCTAA
CP085689.1_gap9	570790	575122	4332	CTGCGGGTGAACACACTATAAAAATATTGTTTGATAATCCAACGATTGGCAACACATTAATAATCAATGAAATTGAAGTTTTAAAACCAATTTGTGGTGATGCTAATAATGATGGCGTTGATGACTGGTTAGCAAATTATGCTAAAAACAATAGCAAACTAGACAAAGTTTCAGCTAGCAGCAAAGTTTCGCCAGTAATTATTGAAGGAATCAATAAATTTGCTGAAACCTTAAAAGTTAATGATGAAAGTGTAGAAGCATTTAATGGTGAAAATTGGCATAAGGAAATAAGTTTATCACAAAATGACAGTGAAAATAATTTTAACTTCAACTTTCAAAATGGTCTAAAAACTGTTACGAAAAATATTAAGTGGGAGCCAACAAATATTATCGCTGAAGGTGATGTTGTTACAGTTAAAAAAGGTTCTGCGATGTTGTTAACGGCAATGCCGGCAACTGAAAATAGTGAATACTCAAATGCTAACGTTAGCGTTAATAATGTTAATTATCCAGTAACTGAAAATGCGCCTAAGAAAGTAACATTTACCGAAGTAAAGAATTATGAAATCACAGGTTCATATAAAAATGCAGCGGGAGAAACTGTTGAAAATACATTGACTGTAAAAGTAGTTGATTATTCATTTGAGCAAGAAAATTTAACAATGACAACATCGGCCGCTGCAGTATTTAATATTCCAGAAGTTTCAGAAGAGATGTATTTAGAAGTTACTGGGGATGTTGATAACGCATTGAGCGATGGTTCTGAATTATTAATTCATTCACGCGAGTGGAATCAAGCACAAGCAGTGATTGTTAGAAATAAAGAAACAGATCAAATTATCGCAACATTGCCAATTGAATTAATCCGCTTCTACGGCATCGGCCAAACTTCATTTCAAAGAAAAGCAACCTACGAAGATGGAACTTTGGTGATGGAATTAGATTCAATTTGTTATCCAATGAAAGAAAATTATTCAATTGAGTATAAGATTTTCCTTTCAGGGGTGGCATTTGAAGATGGAACTGTTAATAAAACTTTCAATAGCAGTCAATTTGATGCGACAGGGATGAGCAAGGTTCGTTTTGTAAAAACCCCAGCTGCTCCAAAAACAGCAGCATGTCACCACGCAACGTTTAAAATTGATGGCGAAAAAGTCCAAGAATTATATTAATAATATTCTTCAAGAACATTAATTACTTTAGGGGCAAAAGGCTCCTATTGTAATTAATAACAAATCAAAAAATAAAGGAAATTATATAAAATGAAAAGAATAAATAAGTTTTTATTAATAGTACTATTTTTATTTAGTGTTATATTAGTAATAAATATAAATGCCGCTAGAAATGTTACTGAATGTAAAAAGAAGCATGGCACGCCTCCAACGGGACCGTGCAAAGTTAGAGTTACTGGCACTTGTAGTACAGAAGGTTGTGGTGTTGCAAATGAATGGGATGCGACTCATAGTTACTCAAAACATTGTACACACGTGCATTGTACTAAAGAAACTTGTGATACGTGTAAGGATTCTACAGGAGGATGTCCTGGCGATTGTCCAAAAGCAGAAACACCTACAACAGAATGTAAAGGCACTCCTGTTCCGTGTGATAAATGTAAAGTTATTACGTCATATGCTGATGCAGGTAATCATAGTATGATAAAACATTGTACAAAAGGATATTGTAATAGAAAAGAATGTTCTAAGTGTGACCATGTTACAGGAACATGTTGCAGTCTAGATTAAGGGCATAACTGGGTAGCAAATTCTTGTTGTGCAGTAAAAGAACGATCATGCTGTGCCAAAAAAAAGTGCACTAAATGTGGTAAAACAGAAGGGGAATGTAATGGTATTGGTACTCCTCCACATTCAAAGCTACCTATTGAGGAGGAGGTGAAGAAAAACTGTAAAGAAAAACAAAGAACTCCTTGTGGTATTTGCGGCAATCCATTAAGAATTACGTATTATAAGCATAGTGGCGGAGAGGTACGTTGCCCGCATAAAACGCGACCAGCGTGCCAAAATAACACTCTTTGTACAATTTGTGGTAAAAGCATGGGGAATTGTATGGATGATTTTAATAATCCAAATAATAATTAATAGCTAAATAATAAAAATGGAGTTAGAAAATATTATGAAAATAAATAAAATATGTTGTGCGTTGGTATTAAGTTTGGCAACTTTTAGTAGTTATGCCGTTGAGATAGAAAAATTTGATACTTCGTGGGATGGGGTTAGTCGCAAGTTTGGTTCAGAGTTAGAGAGAGAGGAATTAAATATTGATGAAGATACACGTTTGTTTTTTAAAGGATTAGAGCCTAGTTATATTAATAATCCTCGGCCAATTTCAAGTGTTGCATTAAAAAAACAAATTATAAAATTAATTGAAAAAAGTCAAAAACTTACTGATAATGACTTTAAAAATATCAGAAATCTTTTAGGAAAGCCTTCAAGAGAGATTATTTCGCAAAAGCAATTGACTTATGGTTGGTTGTTTGAAGATGGCGATGTTATTGTCATTCGTGAATTTAGTAATCAAGATAAAAAAGTTTCTCTTTTTAAAAGACTTATTTGGATTGAAAATTATTATGATAAAAATTTTAAAGATATGAGTAATTATTTTGTTAATAAACAATTTCAAGATAAAATTGCAAACTACTGGAAAGATATCAAAAGAAAAGCTAAACGCGAGGGTGCACTTTATTGTTTACCATTCGGAATTTTTGCTATTACTGAACATCAGGACATTTTTTTAAATAGGGGAACCATAATTTTAAAAGATTCACTTGGAATCCGAGAGCTTTTAAATATAAAGCCACATTATTATACAGAAGGAGCTAAAACATGGATTTTAGATAATGGTTATATTTTATCTTATGATGGAACAAAAAAATTTGATAAAGATGGAGATTTATGCTTTGTTTTTGAAATAGGATTAATTGATAAGTTAGATGATGATCGAAATTTTAATTTTCAGATTATAAAAACAAAAACTGTTAAGATTGATAAAAGTTTTACGGAGACATATGTTCTCAAGGCTTTAAAATCTATTACAATAGAGGCTGTAAAGGCAGGGGAAATTAATGTAATACCTGCTGAAAAATTAAAAATTATTGAGAAAAATCCAAATAGTCCAGAATTAGGAATTAGGTTAATTAAGCTATCTAATAATAATGAATATAACGAGCTTTATAAATTGATGCATGAACCATCTTATCGTATTGAGAACGGCCTTATTCCTATTCATATATGTGTCTTTGACAATGGCTATATTTATACTAGTATTTTTATGGAAGAAACCAATAAAGATGGAAAGAATTACTTTATCGTTCAAGTAAGTAATGTTGATGAATTGAAGAAAAAATTTGGACTTGATTTTGATAAACTTGAAAAGGTTTATACTAAAAACAAAAAATTAAAATAATTTTAAAATTTAACTTAAAAGAACTCCATGTGATTGCTTTATTTCATTATGCATGGAGTTTTTTCATGTCAATATGGAGTATTAATAATGAAAAATAATAAGCTTTTAACTATCAAAGTTATTTCAATTGTTTTCATTGCTGTAACTATTATTGCTGTTGCTAAATTTTATAATAAAAAAGCACCTGCAACGACTTTAGAAAATGACAATCAAAAAACTAAAAATGAACTTAAAAAGAGTGAAATCGCTTCACAAAATAACTCTCAAAATAATAACTTTAAAAAAGCAAAATCTACATCAAATTTTATAAAGAAAAATTTTGATTATGGTGAATTGAATGGTTTGTTTAAACCAGAAGGTAAAACTAAATATCAAAAATATCGTCATCAATTAGAGATTGTTAAAAATTTAAAAACTCCATTAATAATGGCAAATATTCAAGGATTGCATGATTATGTTTATGGTGGAAGCAATGATAGATTGGGTCTTCATCTTAAGGATGAAATCTTCATCAAACTTGAAAGCGATAGAAAAGCCAATAAAAGTCACATCGATTTTTTAAGTCAATTATCAGCAGATAAAAGTGTTGATGGAGATTTGCGAGGGTATGCAGTGCAGCACCTTCGTAGTGAATATTCAAAAGCAGATGCTCAACTACGTAAACAAATTCAAGAAACATTGTTCGATTCTCTAAAAGATACCCAGTGTGATGTGTCTGGAACTGCAATATTAGCATTGAGCGATTTGTCAAAAATGTATCCAAAAGAGATCGATAAAGAGCGAATCAATACTGAGTTGGTGTCGTTAGTTGAAGATGAATCGATGCACATTCCAAGCCGAATTGCGATGGTACAAAGTGTGGGATCAATGAAAAATGATTCGGAATCAGTTACTAATGCGATACGAGATTTA
CP085689.1_gap10	584327	586114	1787	AATTTATTACAACTATAGATATTATAATCCTGAAAATGGCAAATGGTTAAAACGCGACCCAATCGCCGAACAAGGCGGATTAAACCTCTATGGCTTTGTAAATAATGACTCAATCAGTAATATAGATTTATTGGGGTTAAAGCCTCCAAGCATTAAATCCAAGATGTGGGTTTCTATGCCTACAATGAAAAGATACCTGTCATTATCCCAGAAAATACTTTGGTATGGTTTTAACTATCCAATTCCAATTGGAGGAAGTCGTAGACCTGGGCTAAAACTTTTTGACTATTTTAATGAGATGGATGAAGATTTACAAGATGAAATGATTGATTTTCAAAAAGGCTTAATAATGTTAACTTATTTGATTGGAGATGATGATTTAAAAGAAGGTGAGTGGACAACAAAGAATTTTAATATTATAGGTATATTACCGATAATAAAATTGTATAATAGTACATATACCAATATTATATTTCAAAAAATGACATTAAGTTTTTGGCTTTCTGGAGCACATAGGGTAGATGGAGAAGGAACTTTTGAATACAGAAAATGTGGAAAAGAAAGAGAGTTAAAATCTTTTCAAGGAAATTTTATTTGGTGGGATGAAATTGATGCAAATAGTTATGAAACTGCTATAGAAAAAGGCAATTGGTATTCTGGATCTCTTGAAGGCTCATATGATTTTCTTTTTGAAAACGATATAATTAATGCAGCGTTTGATGTTAAAATACAATTTGACTATAAAGACGAACACAAGGATAAACCTTTGTCACTCAGTGAGGATTATATAAATGAAATATATAAAAATAAAAAGAACGAATATCTCTAAAATTTTTCAAATAATTTTTTTTAAAATATTTATATTCATATTTATTACGTTTATATTTTCAATTATATTAATATACTGGTTAGGTATGAGAAATTATATTTTAATTAAATCAAGAAATAGTGTAAAAAATAAATTACTTAAGAATATGCTACTTAAAGACTATCCTGAATTGGCACAAAAGAAGTCTTTAATTATTAGTTGTGGAAATTTTTTTAGACGTAATTACCATTTATTCATTTTAGATAAAAAAAATCAAAAAATCGAAAAAGAATTGGCTTTTAATTACAAATCTAATTCAATTGATATATTTATGAAGCCAAATCTTAAGGATGGATATTACTATAAGATAGCTCACCTAATTAATTTCTTACGTAATAATAATAAGGCTATTCCAAAATTTTTAATTAATCTGAAAAACTATAAGTTTTTCAGATTAAAAAATGACAAAGGGAATGAGGTTATGTGTTTTTTTAATGATAATTCACAAAAGATAATATATTATATTTATTACAGACCTAATTATGAAAATAGAAAAATAAATTAAAGAAATATTTATGGAATGAAGATGTTTCAGGTTCGATGGCTGGAGCTGGGGGAGTTGGTGCGTTGTTAGTGGTGAATGATACAACTGAGGATTATTATTCAATGTATGACGGTAATGGAAATATTGTAAAATATGTAGACGAAACGAGCAACTTAGTTGCAAGTTTCGAATACACTCCATTTGGAGCGATTAAAAGTGCGAGTGGTTCAATGGTTGATGAATTACATTATCGATTCAGTACAAAATATTTCGATAATAACACAAATCTAATCGTCTACCGTTACCGTAATTACAACCCACAAACAGGAAAATGGCAAACCCGCGACCCACTGGACGAGGAAGGAAGTTTAAATCTGTATGTTTTTGTCTTTAATAATGCCATCAGTGATATTGATTATTTAGGTTTAAAAGTCA
CP085689.1_gap11	608108	609369	1261	TGAAAAACACTTTACTTTAGATAAGAGTTTATCGGGTCCAGATCATAAGGCCTCTATTGAACCAAATGAACTAAAGAAAATGGTTGAGCATGTTCATGATGTTTCAACCATTTTAGGTGTTCGAGAAAAAGAACCGACGGCATCAGAAATAAAAAATCGCTTTATTGCTCGAAAAAGCATTGTTGCAAAAAGAAATATTGCTGAAGGAGAATTATTTTCAGAAAGTAATTTAACTGTAAAACGAGTTGCTATTTCAGGAATATGCCCAATGAATTGGGAAAAAATTATTGGTTTGAAAGCCCTAAAATCATTTGTAATTGATGAGGTGATTGAATTATGACTCAAAATATGCCAAGTAATCATATCAAAAAAAATATTTGTGTTGTGACTGCTTCACGTGCAGAATTTGGCATTATGAAGCCATTGATAAAACAAATTAATGAGTGTGATAAATTTAGTTTACAGTTGGTGGTAACAGGAAGTCATTTAGCTGAAGAGTTTGGTTCTACTGTCAATGAAATTATTGCTGATGATAATCTTAGAATTTGTCGTGAAGTGGAAATTATTAATGAATTTAATGTTGATAACACTGCATTGATAATGGCTGAAACAATGATAAAATTTTCAGAATGTTTTATTGAATTAAATCCTGATATGGTTGTTGTTTTAGGGGATCGTTATGAAATTTTTTCGGTTTCTAGTGTTGCCACGACGCTAAATATTCCAATTTGTCATTTACATGGAGGGGAAACTACTGAAGGGGCGATTGATGAAGCGTTTCGTCATGGAATTAGCAAAATGAGTTATTTGCATTTTACAGCATCAGAAGAATATCGTAATAGAGTAATTCAGTTAGGAGAGCACCCAAAACGGGTATTTAATGTTGGTGCATTGGCAAATGAATCAATTGATAATTTACAATTATTGAGCAACGAAAAATTAAATGAAAAACTTGATTTTAATGTTGATACTAACACATTTTTAGTAACATTTCATCCTGTAACTTTAGGTGGTAGTCTAAAAGTGGTTGAACAACAATTTAAACAATTACTAATCGCATTGGAGTATGCTATGGAAAAGAAAAATTTAAAAATTATTTTCACCAAAGCCAATGCAGACAGTGGAGGAATTGTTGTTAATAGAATGATTGATCATTTTGTTAAAAAATTTGATCAAAATGCAATTGCATTTCATTCGCTGGGACAGTTGCGTTATTTTAGCGCATTAAAATATTGTGGCGGTGTGATTGGTAATTCTTCAA
CP085689.1_gap12	611168	613039	1871	GTGATTTAATTCTTGAGGCTGATTTGCGTTCGATGCTAAAATATCACTGTGATCACAAATTTTATGCTACGATGGGCGTATCTTTATATCACCATGAAGTACCTTTTGGTTGTGTGATTAGTGAAAATGATGATACTAATAATAAAAAACGTCATGTCATAACTCAATTAGAAGAAAAGCCTAATTTGACCAAAAAAATTAATTCTGGAATTTATATTTTTTCACCAAAAGCAGTGAAAAATGTTCCTAAAAATGAATTTTTCCCAATTACTGAATTATTTAATGACGCCCTTGAGAATGATTTACCTTGTGGGTCATATTTACTCGAGGGAGATTGGCATGATATTGGCCAAGTTGAACAATTCAAAAAAGCTAACGGCAAGTAAAGATTTATTATAAATACCACAAATTCATTACTTTATTTAGCAATAAAAATGACATTTTAAGCGTTATACATTGCAAATAAATTTATATCAAGATAAAGCTGGAGATTGATAGTAATGAATCTAAATATTAGTAATGTTTTATTGGCAACAATATGTGTATCAAATTGCTTAATAAATTCTAATAACTTAAGCGCTCGGGTGAATAATAAGGACATTCAATCACAAAAAAAGCCTAATATTATATTTATTTTAATTGATGATTTGGGAAAAGAATGGTTGGATGTTTATGGTGCAAAAAATATCAAATTGCCAAATATTAATCGATTAGCGCAAACAGGAATGACCTTCAATAATGTTTATAGCATGCCTCAGTGCACTCCATCAAGGTGTTGTTTATTAACAGGTCTTTACCCTGGAAATAATGGAATGGTTGATCATTGGGATGTTCCGCGTTGGGGAAGAGGAGTGCATTTTGATCCGACACAATATCAGGCTGTTTGGGCACGGGAAATGAAAAAAATCGGTTATATGACCGCTGCTGCTGGTAAATGGCAAATTGATGACTTTAGAATTGAGCCCAATGCAATGGTTGAGGCGGGTTTCGATAAATGGTGTATGTGGACCGGATATGAAACAGGCAATAAACCAAGTGGTAAGCGTTATTGGAATCTATATTTAATCTATGATAATAAAAAAGCACAAACATATCACGGCAAATTTGGTCCAGATTTAGTAAATGATTTTGTTTTAGATTTTATCACGAAAAATCGCCATAAACCATTTTTCGTTTATTACCCAATGTTATTAACACATTCGCCATATGTCACAACGCCGCATGAGCCAAATGCAAAAAATGTTACAGAAAAACACAAGGCGATGACTCGTTATGCGGATTTTTTGATTGGAAAAGTAGTCGATAAATTAATTGAATTAAAGCTTCGTTCGTAACAATACCATAGTTTTTTTCACCACTGACAATGGTAGTTCTTCACGATTAGAAAATCAATTAGGAAATTATGTGATTAGTGGAGGGAAGGGAACAATTTTTGAGAATGGAGTTAATGCTCCGTTTATTGTTAGTGGCCCAACTTTAATACCGCAAAATTGCAAATCAAACGCGTTAGTTGATTTTACAGATATGTTGGCGACTACCGTTGATATTGGTGGAGGAAAAATTGCTAAAACAGCGACAGATGGATATTCAATAAAAAGAGTGTTATACGGTAATGCTTTTAAAACAGCACGAAATGTTATTGTAGCATATGGAGGAGGGCGTAGTAAAATGCAACGCGTTAATGATGGGGGTGTTCAAAATGAATTTTATTTTAGAGAACGAGTTTTAAGGTATGATGATTTTAAAGCATTTGTTTCTCCAGAAAGAAAAATTGCCAAAATCATTAATGTGAAAAATGATCCATTTGAAAATATTAATTTGATGGATGCTTCACAATATTCAGTTGAATATTTAACAGCAAAGAATATTTT
CP085689.1_gap13	665424	666919	1495	TCATAAAGCCATTAACGTCGTGAACATTACCCAATTTATGTTCAGGTAACATAAAAAAGTCACATGGGAAAATATCGCCATTATTCTCAACCAGCAGATATTGATGACAACTTGGACTCATAACACAAACATTTGCCTTGTGCTCCACTAAACGGAATAAAATTGAATCAAACAAACGAATTGAAACTTGATAACGATCTGGATACCATGCATCAAATAGTTCACATAAAAATTTACCCCATTGTTCACCGCTTACGCAGTAATCACGTAAATTGCCATCATCATCAAATTCAACGCATTCAATATATTGATGGTGGTTGCTTTTTAATTCATCACGATTATATTTATAAATTTCTTCAGCTTTGTTGATGTTCGCAGTTGTCATTAAAGTTAAGATATTATGTTCAACTCCATTAGCTCGAAGAATATTTAGTCCACGCATAACATCTGCATGGCTACCTGTTCCTCCACGATTTTTACGGTGTAAATCATGTAAATATTCAGGACCGTCAACACTAATGCCAACTAAAAAATTATATTTACGTAAAAATTTACCCCATTCATCGGTTAGTAATGTACCATTCGTTTGTAAAGCTAAACTAACTTGTTTACCTTGACCGTATTTTTTAATATATTTTATCGACTTTTTGTAGAAGTCTAACCCCATGACAGTAGGTTCACCGCCTTGCCAGCACATTTGATAAATTGGCATATTAATATTTAAATATGCACTAATCATCCGTTTTAAAGTTTCATCAGTCATGCGGTTTTCTTCTGGGAAATATTTCTCTTTCTGTAAATAAAAACAGTAACGGCATGCCAAATTACATTCAAATGATGCCGGTTTTATCAATAATGAAAATGTGTTATCCATTGTAATCAATTCCTTTTTAAACATATTTAAAATCAGACTCGTTTTAAAATAACAGTTTGACTCTATTTTTGCAATATTTTTCACAATTATAAGTAACGTTTTTCTTTTAAAATTTAGTTTTCAATTTTTGTAAAAATTAGGCAGAAAATATATGATTAGTAAAATTTTGTAAAAAAACGCTAATTTTTGCAAAAAAGTTTTAAAAAATATTGAATTTTGGTCGAAAATGGTTTATAATGGTATATTATGGTATAAAAAGGTGCAAATAAACATGTTATCATTTTGTGGACAAGACAAATGCAAGCTTGATAAAAACGGTCGAATTAAGTTTTCGCCACGAATTATCAGCGATTTTAAGGACGCGTGTAGTGGGAATGTGGTGCTACATTGCTTGCCTGAAGGTGCAGTGGCGGTTTATCCAGAAGATGTTTATTTACAAATGCGTCGTCAAGAGTCAAGAATTGCAGAACAAGCTGCAAGCAGTGCACTGTTCAGAAGAAATATGCGTCGATTTGGAGCTTTTAGTCAATCAGAAGTAATTTCATCTCAGGGGAGAATTACAATTCCAGCTGCTTATCGTGATCATGGTCAGTTAAGTACTGATAGTGATGTGGTTATCAT
CP085689.1_gap14	724102	725325	1223	TAAATATAATCAGAAACCATTGACAATTGATGCTTTCCCTGTAAGAGGTTTAACTTTTACTGCCTCATTAAATAGGTTTATTACTGATTCTGGAGCAGCAGCTACAGCTATGGCAACAGGTACAAAAACGGGCCAAACGATGCTTTCTGTAGATATTAATGGTCGCCCATTATATACTGTAGCTACCAAAGCAAAAAAATATTCTAAACGCAAAGTGGGTATTATTTCTACTGCTAGTATCAATCATGCAACACCAGCAGCATTTTACGCAACTGAAAAAAGCCGTAGTAGCTATTATGCAATTGGTAAACATTTAGCTAATTCGAGCATTGATTTTTACGGTGGCGGTGGAGTAAATCATTATAATGGTGATGAGGGCAGCGTCTACGAATTGGCTAAAAAGAATGATTTTGAGGTTATTAGAACTAAAGATGGTTTTAATAATTTAAAGAATGGTCAATACAAGAAAGTATTTTTGACAGCCCCACGCTTAAGAGGCGATGCTTCTATGCAAAAGAGTATTGATTCTACTAAAGATGATGTATCTTTAGCACAAATTACTGCAAAAGCTATTGAGGTTCTTGATAATGATAATGGATTTTTTATTATGGTTGAAGGAGGTCAAATTGACTGGTCTTGCCATGAAAATGATGCTGCAACTGTTATTCATGAAACTTTAGCATTTGATAAAGCCATTAGTGTTGCATATGAATTTGCACAAAAACATCCTGAAGAAACTTTAATCGTTGTTGCTGGAGACCATGAAACAGGTGGTTTAAGAATTGGTTTAAGTGGTAATCAGTTTAAAAAATATTACGATGTTCTATCAAAACAAAAAGTTTCTGCAGGAACCTTTAATGGTAAATTAAATAAACTTTTAGGAACTTTTGAATATAGTGAAGACGCTACAAAAATTTCTGAACAATATGCAAAAGTTTTACCATTAATTAAAGAGTGTTTTGGTAATGATATATCAAAAACTCAAGAAAAAATCTTTAAAGAAGGTTTTGTTGCTACAATGCGTAAGCGTGCTGGAAAGGGTACTGATCATGGTAATTGGGGTAATTACACTCCATTAACGGTTATTATTACACATTCAATTAATCAAAAAGCTGGAGTTACTTGGTCAACTTTTAATCATACATCAGCCCCAACAACAGTTTTTGCTTATGGTAAAGGAGCTAAATCTTTCTCTGGTGATTACCAAAATTCTGACTTGGGTT
CP085689.1_gap15	734449	737191	2742	CAGGATTGGCATTAGCTGCTGCGATAGGAGGAATTGCTGCGATTTTAGTTCAAGGGTCTTCTCTAGTTGAGGTATTGATTGCGGCACAAAGTGGCTTTACTTCGAATAGTGGAGTGGAAATAATTGATAGTTTATTAACTCGTGGAGGTCTTGAAAGTATGCTTTCAACGGTATGTTTAATAATATTTGCTGTCTTTTTTGGCGGAGTTATGGAAAAAACCAAAATGCTTGACGCAATTAGCAAATATATTCTGCACTTTGCTCGTAACCGTGGTTTATTAATTACTTCAACAGTGGCAACTAGTGGAATTACTAATCTTATCTCTGGAGATCAATATATTTCAATTATTATGCCAGGAAGAATGTTTCGGAAAGTTTATTTAGACCGTGGCTATGCGCCTGAAAACTTATCACGTACTCTTGAGGATGCTGGCACATTGCTTTCGCCGCTAATCTTTTGGAATACTTGTGGGGCATATATGATTGTAACATTAGGAGTTTCACCATGGGTTTATGTGCCATTTTGTTTCTTTAATTTAATTAATCCAATTGTGGCAATTATCTACGGCTTTACTGGCTTTTCAATTAAAAAATTATCACCAGAAGCTATTGAACATGAAGCAGCAGCCATTAATTCTCATTAACATCAAGACTTTTTTTGCCCCATGGTAAATAATTCAGCTCAACATAAGCAACGATTGAATAAAGTATTGGGTAAAAAAGCATTATAACCCTTAAATATGCCTTTAAAATGTTATCATTAACCGCAGGGGGAATGGCGGGTAAAGCAAAAGCACTTAAAAGTATAAAATTAAAAGAAATAACTTTGAGTTGATACTTAAGGTTTTTATTATTTTTTACAATCGATTTTACAGCAAATCCTATAATAAACAAACTTAAAGCAATGTATATACTCTGGTGAAAAAGCCATGCAGTGTATTCATCTGCTTTAGATTCAGTTGCTCCCAAGTAAATACATAATAGTGGTGTGACGCTAAAAAATATAGGTATCAAAACAATGTAAAGTGAACGGAAGGCTTGATTTTTTGATTGTCTAAAGTTAAAAGTTAAAAATCCGTTATTAAAATTTCTAGTAAGTGGAGAAACCCAGATTAAAGCTTGTGCACTAAGCATCCAAACTATGCTTTTTGCATCTATTCCCATGATACCTGATAGTGTCGCATCACGTGAATAACACAAGTTTGGCATTATCAGTGTATAAATTAACATAGCCAAAATATAAATGCCGCAAGAAAAAACTATATTTAAATAACATATTAGTAAAATTTGTCCAAAAGAAATTTTATTTTTTGTAGCCATATTATGTCTCCATTAACTAATTTAAACTATCATTTAGTAGTAAATATTGCAAATTAAAAAAAAATGAAAATAGTTCTAAAAAAACTGGCTAAAATGTTAGTGCTGTGTTAAATTAATATTTTCTAAAAGTTAATTAAATTATAGGGTAATAAGAGATGAATATAAAAGAAGTTTTAAAGAGCAATAAATATAATATAATGTTACTTTTTTTAGCATTTAATTATTGGTTGGCATATATAAACATGCTACCAAAATCAAAGGCTATAGCAGGTTTTTGTGATGCAGGATTTATGTCACATTTAACAGTTGTAGCTCTTTTTGTTTCTCAATTTATTTTTCTTTACTTGACCTTTAAATCGGAATCTATTAAAGGTTTTTTAAAAAATATCTCAATAATTTATATCTTGCAAATTTATTTTATGCGTGAGGCTGATTTTCATACTATTGTTGTAAATGGCGATACAATGAGTATGACAAATGGTAAATTTTATACTCATGCAGATATTTCTATTGCATTAAAGTGCTTTAGTTTATTCTTATTAGGATTGCTTGCTGTAGCAATTGGTTATGTTGTATTATTTTATGGTAAAAAATTTATAAAGGCTTTTATGAATAATGAAGCATGGACAATTGCATTTTTAATGTGGGGTGGTTTGTTATTTTTAAGTCAGTTGTGTGATCGTTGGGGTGTGATTCGCGAAACTAATTATTGGCAAATTGGAACTATAGAAGAAATGCTTGAGTTTACATCTTCAGCATTTTTTGCTTCATGTACAATTCAATATCTTTTAGCAATTAGAAAAAAATTATCAAAAAATTAACATACAGTTGTTAAAATATCTAAAAAAAGCTCAATATTAATATTGAGCTTTTTTTAGATTTGAGGACATAGTAAACTATGTTTCTCTAATTTGTAAATATCTTTCAGCATCAATCGCTGCACGACACCCCATACCCGCGGCAGTGATTGCTTGACGATAGACATGATCAGCACAGTCTCCAGCACCAAATACACCTAAGCATGAAGTGCATGAACTATGAGCATCTAAATCAATAAATCCATTTGCATCCATTGCAATTTGACCATTAAACATTTCAGTTGCTGGCACATGTCCTAAAGCTGCAAAATATCCTTTACAATTAATAGTTGAAGTTGTATTAGTTTTTAAGTCTCGAATGATTACTCCTCCAACTTCTTCTTCTCCAATAATATCTTCAACAACACAGCTCCACTTAAAATCAATTTTAGGATTATTCATTGCACGTTCTGCCATGATTTTAGAAGCTCTTAATTCGTCACGGCGGTGAATAACTGTAACTTTGCTAGCAAATTTTGTTAAGAAAGTAGCTTCTTCCATAGCAGTATCTCCGCCTCCAATTACTACCACTGGGACATCTCGATAAAATGCTCCGTCACAAGTA
CP085689.1_gap16	738441	742285	3844	ATTATTTTTCTCTCCAAACTCTTTTAATTCATTCAAGTAGTTTGAGTAGTTTATATTTTCTTTCTTTAGGCAAATAATAAATTTTTTTAAACAATTAACATATATTTCATTTTTTATTACCTCTTTATCAATTGCCAAATATGCCAACAAGTAACATTTTTTAGCTTTAGTGATATTATGGTTTAATAGATAGTAATCAGCTAGAGTGTAAAGTCCAAAAATACGCCCTGATAAACTTGAGCTTTTTGTCAATAAAACACTGCATTCATATGCTTTTTGAAATTTGCCATGATCCCAAAAAGAACTTTGCGTATACATCAAGCTTCTATCTAAACAAAGCTCTTTATCATTTTTTTTTGCTAAATTTAGTATTTTATTTAGATAATTAAAAGCTTTGGTATTAATATTTTGAGCAAAATAAATTTCAGTTTTTAGTTTGAAAATTAAAGAATTAAGACCTAAATTTGCATACTTTTTTTCAGCTTCATTAACTTTTGATAAAGCTTGTTTAAACTTTTTATCCATCAATAAAATAGTAATTTCATTAATCTCTTTAGGAGGTTGGTTTAATTGAGCATATTCATAGCTCCCAGGACCTATTTCCCAAACTTTATTTTCTTTATTAATGATAAATTTTAAGTTTTTATTTGAAGTGACTTCAATTGAGGAGCAAGATAATTTTTTACCCCCATTTAAGATGATAAAACCGATTTCATAAGAAAATAGATTAGCAGATAAAAGTAATAACAAAATTATAAATTTATTTTTCATATTAAACTCCTATATCTTTTGTTCTGTAAAAAATTGTACCAAAATTTGGCGTTCAGTTCGTGGTCCATCAAATTCACAAAAGAAAATCCCTTGCCAAGTTCCAAGTTTTAATAGCCCATTTTCAATTGGAATCGTTTGACTAAATCCTAGTAAAGAACTTTTAACGTGCGCAGCGCTATTTCCCTCATAATGCTTAAAAAAATCCTTATTCCACGGAGCTATAACATCAAACATTTTTAAAATGTCATGTTTAACATCTTCATCAGCATTTTCGTTGATTGTGATAGCACAAGTGGTATGTTGCATGAAAAGATGGCATATCCCATTGAAATTTTTTGGGATTAATTTTGTTACTTTATGTGTAATATCAATAATTTGACTATGATTACTGCTAGAAATATTTATTGTTATCATATTATTTTCCACTCTTAATAATAAAGTAAGGTCTTAGTTAAATAGATATGTTCAAAGTAATAAATGCAAATATTATATACCTAAAAAATCAAAAAATAAACGGCATTTTTAGTTATTAACTAAATTATGCCGTTTTAATAATATCTTTATAAAAAATAAATAAAGCTGATATAATTATTGAGGAATAACCAGTTCCATACCAGGTTTTAATTTATTTTTATTATTTAAAATATCACTATTTGCATCATAAATTTTTTTCCAATTTGGTTTGCCATAAAATTTACGAGCAATTTTTGACAAGTTATCACCCTTTTTTACTGTGTAATATTGCTGCTGCTTAACTAAATTTACCACTTTAGGTTCGTTCGTTACAGGAGCTGTATTTGACTGTAAAGGAGGATTTACTGTAGTGTTCATATCAGTTACCACTAATGGGCTTGGAGCTATATTTACTACTTCTGAATCATCTACTACGCTAGTAGTACTCTCTTCAGAATTTAAAGCATCTTCTTCAACAGGAGGTAACATTGTAGGAACTTCCCAATTTGAATATGACTTTTCAATATATCCTTTCCATGATTGCTCTTTTTCTCCAAGTTCAGGTTGAGCTAAAGTTGGACCACAGCCACTTAAAGTGACAAAAGATACTACAGATGTAACTAATACAATAATTTTCTTATTCATAGTTGAATAACCTCCTGCTTTTAGAATAGAAGAAAAACTATTCAGTATATTTTTTTAAGATAAGAGCTCCGTTATGGCCTCCAAATCCCAGGTTTAAGTTCATTGCAACGCTAACTTCTTTTTCTTTTGCAACGTTTGGCGTATAATCAAGATCACAAATTGGATCAGGATTTTCGTAATTAATTGTTGGAGGAACGGTGCTAGTTTCCAAAACCTTTGTACAAGCAATTGTTTCTAGAGCACCAGCTGCGCCTAAACCATGTCCTGTTTGTCCTTTAGTTGAACTAATAGAAACCTTATAAGCATGGTCGCCTAAGGCACTTTTAATTGCCATGGTTTCAAATTTATCATTTAAAGGAGTGCTTGTTCCGTGAGCATTGATATAATCAATTTCAGATGGATTAATTTTTGCGTGTTTTAATGCCATTTCAATAGCTCTCTTTGAACCATCGCCATCAGGGTGTGGAGATGTAATATGATAAGCATCACCAGTAGCTCCATAACCAATAACTTCTGCGATAATATTTGCACCACGTTTTTTAGCATGTTCTAATTCTTCTAGTATTAATACTCCAGCGCCTTCGCTCATTACAAAACCATCGCGTTCAGCATCGAATGGACGACTAGCTTTTTTAGGATCATCATTGCGTTCGCTCATAGCTTTCATAGAGCAGAAACCTGCAAGACCTAAAGGTACAATTGAAGCTTCACTTCCTCCACAAAGCATAACATCAGCGTCATCACGCTTTATCATCCAGAATGCTTCCCCAATCGAATGAGTAGCTGTAGAACATGCTGTTACCACTGCTAAATTTGGACCTTGAGCCCCAAAACGCATTGAAATATTTCCTGCGTTCATATCGATAATCATAGATGGAATTAAAAATGGAGAAACTTTTGACACGCCTTTATCAAGCATTTTTTTATGTTGATCACTCATTGTAGCTAAACCACCAATACCGCTACTAACAACACAACCAACACGCGTTGGATCTACAATATCACTGTCTGGTAAATAATTTGGTAATCCAGCTTCTTCCATAGCTTGACATGAAGCAGCTAAGCCAAAAACAGAAAAACGATCCATTCTTCTTGCTTCTTTAGCAGGAATGTATTTCGTAACATCTAAATCATTAACCTCTCCAGCAATTTGAGTTTTTAAATCAGATGCATCGCATTGAGTAATTTTGTCAATGCCACATTCACCGTCAACCAATGCATTCCAGAAACTATCAACGTCATTACCAATACAAGAAACGACTCCGCGTCCAGTGATTACGACTCTTCTTTCATTCATAACTTATTTAATTCCTCTTTGAGTTTAGTAACACCTAACTAGTTTTTTAAAAGAATAAATAATAATTTTATCAATTAATTATTAGTTTTATTGCTAATCTCACTTTTTTAATACAAGAAAGATGGATCCTTGCTGAACTAAAATTATCTTTCGCAAAGTGATCCACCTACTTTAGTATTCAAAATATGATACTATTAACCTTGTTGGCTTTCGATGTATTTAATTGCATCACCAACTGAAGATAATTTTTCAGCATCTTCGTCTGGAATATCAGAACCGAATTCTTCTTCTAATGCCATTACTAATTCAACAGTATCTAAAGAATCTGCGCCTAAATCCTCAACGAATTTCGCATCTTCTGTTACTTGATCTTCTGATACACTTAATTGCTCTACAACGATTGCTTTTACTTTTTCTGCGATTGAAGACATTTTATGCCCCTTTATATTTTTGTTTAATGATTTTTTATACTCTAAATTTTATTTTACTTTATATAGTTACTATGCGATAATAACTGTAAAATGCAAATTGTTTTTTAATTTTTTTATAAATTTTACTAAAAATTTATAAAAAAATACTATAAAATAACAGTTGTTATTACATTAGCATTCCGCCGTCAACATTAACAACTTGACCTGTAACGTAATTTGAATCACTACTACATAAGAAGTAGGTTAC
CP085689.1_gap17	753340	756859	3519	AGATTATTGATTTTATTAATGATGCAAAAGATGCTGGTGCAGAATTGATTGTAACAACTGAAAAAGATGCCGTGCGTTTTCCTCAATTAAAGCGTTTGGATATTCCGATTGTTTTTTTACGTATTGAAATCGATATTCTTAGCGGGCATGAAAATTTTGAGCAGTGTATTTCGCGGATTTGCTTCTTTTAGTTTTTTGCCAATAAATCTTTAATTATTTTAGTAATTGTTACTAGATTTATCTTTTATTGATGTTAATTTTATACTACTGATTGTTATATAACATGTCACTTTGGTCTAGATATTGTTAAAATAAAGGAAGTAACAAATGCAAAATACCCCAAAATCAATGCGCTTACAAATTGCTTTGTTTGGACGCACTAACGTTGGAAAATCTAGTTTTTTAAATTTAATGGCTGGACAGGATATAGCTATAACGAGTAGCGTGCCAGGTACGACAACTGATGTTGTTGAAAAACCAATGGAAATGATTGGAGTTGGTCCTGCTGTTTTTTTAGATACTGCTGGTCTTGATGATAAGTCCGTCTTAGGTGAAGAACGAATCAAACGCACAATTAAAACGCTAGATCGTGCTGATATTATCACATTGGTGTGTGAAGCTGAAGTTTGGACTGATGCTGAAGAAATGATTTTAGCTGAAGCGAAAAAATTGAACCGCATGACGATTGTGATAATTAATAAAATTGACTTGCAAGCTCCTACAGAAGAATTCATTAATCGTATTAAAAATGATTATAAAGTTACGGTTGTTTGTGTTGATAGTAGTTCATTAGATAATCGTGATAAATATTTAAATGTTTTCAAACAAGCTGTTATTGCTAATTGTCCAGAGGATTATTTAACGCCTCCGCCATTGTTAGCTGATTTGGTGCCAAAGCATGGTTTAGTTGTGTTATTAATTCCAATTGATGTTCAAGCTCCAAAAGGAAGAATAATTTTACCGCAGGTACAAGCTGTGCGTGATTGCTTGGATACTGATTGTGCGTGTTTGATTGTAAAAGAAAATGACTATGTGAAAACTTTAGAAAAATTAAATGTTGCGCCTGACTTGGTGGTGTGTGATTCTCAGGTGGTTGATTTTATGGTTGAAAATACTCCTGAAAATGTTCAATGTACTACATTTTCAATAATTTTTAGCCGTTTAAAAGGTGATATGGCTACTTTTGATGCTGGACTCAAAGCAATTGATACTTTACAAGATGGTGATAAAATTTTAATTGCCGAAACTTGCACACATCACGCTACATGTGACGATATTGGTAGAGTTAAAATACCACGTTGGTTAAAGAGATATACTCAAAAAGAGTTAAGTTATGATGTTTGTGCGGGGCGTGACTATCCAGATAATTTAAGAGATTATAAGTTAATTATACACTGCGGTAGTTGTATGATTAACCGTCAGGAAACATTATCACGTATTGCAAAGGCTGTTGACGTAAATGTGCCGATCACAAATTATGGAATGTGTATATCATACTGCAATAAGGTTTATGATAGAGTTGTCGAACCATTTAAAAAAAGTGGTGCACTGCAATAAACTGTGTACTTTAATGGGGTCAAGGAAATTTATGTTGTTAGGATTTGATAAAATTTCCATTAAGAAATCTTTAGTAACAAATTGCAATTTACTATAGTTAATGCTAAAGTTAGATGTTAATTTTAACCAAGTAATGCAATTAAAAATTTTTAATTTAATTTTTGATGTTTTACTGAAAAGCAAACCAAGGAGTAGATTGAATTTATGAGTAATATTAAGGATTTATTTGTTGAATTTTATGGTGTTGAACCAACTGTAATCGCAAAAGCGCCTGGACGTTTAGAAATTTTAGGTAACCATACTGATTATAATGAAGGTATTACCTTGAGTGCCGCTGTTGATCAAGCTACAGAATTTGCATTAGTTCCTGTTGAAGGGCGTGAATGCCGTTTGCATGATTTCCGTGATGGTAGTACAAAAGAGTTTTCTTTAGATAATATTGATGACCCTACTGGTGGCGGTTGGGCCAACTATGTAAAAGGAGTTATTTCTCAGCTTAATAAACGTGGGATTGAAATAGGCGCTTTTAACGGTGCGATTTTAAGTACAGTGCCATTGTCAGCAGGTATGAGCAGTAGTGCCGCATTAGAAATGAGTGCTGGTTTTGCTTTTAAAGAGCAGTTTAATATTGATATTCCAAAAGCTGATTGGGCAAGAATTGGTCAAGGCGTTGAAAATGAATATATGGGTGCAAATACAGGCCTTCTAGATCAATTTAGTTCGTTATTTGGTGAAAAAGATGCGTTAATTTATTCAGATTTTAGAACTGTTGAAGTTGTTAGAACAGTACCTCTAGCTCATGGTTATAGTATTGTAGTTGTCAACTCAATGGTTAAACATAATTTTACAGGTGAGTCTGATTATAATATTCGCCGCCGTTTATGTGAAGGCGCATGTGCAAAAATTCAGACAAAATTTCCAGAAGTGAAAGCTCTTCGTGATGTTTCAAGTGAAATGTTAGAGACCTCTAAAGAGCTTTTAGATCAAGAAGAATATTTGAAAGCAAAACACGTCGTTGAAGAGTGTGAGCGTGTAGTTTTAGGTACTGAGTTATTAGATAAAGGTGACGTGAAAGCATTTGGCCAATTATTGTTTGATTCTCATGAAAGTAGTCGTGTTAATTTTGATAATAGTTGTCCTGAATTAGATTTTTTAATTGAGCAAGCAAAAAGTATTCCAGGATGTATTGGTGCTCGTTTAAGTGGAGGTGGTTTTGGTGGTATTTCAATTCATTTAGTTGAAGAAGATAAAGCTGAAGATTACTGTAAGCAAATCATTACTGCTTTTAAATTGCAAACAGGTGTTGATACTGAAACTTTTATTTGTAAAGTTGGAGCAGGAGCAACTGTAGAAAATATTTAAATTATACTAAAAAAAGTTGTATTTTTTATTGAAAATACAACCTTTTTGATATTTTCAATTAGAAAGAAAAAAACACTAATAGTTTTAGGTAATTTTTAGTGTTTTTTTTGTGTTTATTGATTGCATAACTAGCTAACTATATTTATATTAAAATACGCTAGTGATAAATGAAGTTAATAGGTTTGCAATAATGAAATATCTTAATGACAGTATAAACGATTTAATTAATTATTTATCTGTTCCTACATTTGTAATTTCACTAAGTAACAATCGTATTGTTGCTACAAATTCCCGCCTAGATCGAAAATATCCAAACTTATTTAATTATGGGACAAAAGTTGAATTAATAGAAGATTCAAAAAATTTGCCAAGAACAAGGTTTGTTAGCTATAATTTTGATGGAAAAAAATTAATTTTAAATTTTCAGCATAAAGAAAATGCATTTTTTGTTCTAAATTATATTAATGAAAATACGATTATTGTTTCTGAGTTAAATTCTGGTATTACCGCGACACGAAGTTTTAAAGTAAAAGATTTTGATGAAAATGATAATTTTTTTCATTATGAATCGACTCCTTTTCATTTTAACTATACATATGA
CP085689.1_gap18	759808	763230	3422	TGACAATAAAAAATTAATTCTTTATTTTGAAAGTATTATGGGTAAAAGTGAAATTTACCTGAATGGCAAATTAATTAAAAAGCATTATGGGGGCTATTTACCAATTTCTATTGATATTAGTGAATTTGTTAAAGCTGGAGCCATTAATATTGATGATTTAAATGTGGTTGCAGTCAAAGCTGATAATAGCGATGATACAGAGTATCCTCCAGGAAAAACACAAAAGCAATTAGACTTTTCATATTTTGGTGGCATTTATCGTGATGTGTACTTAATTAGTCACAATAAAACATATGTAAGTGATGCTCAAACTGCTAATATTAAGGCTGGCGGTGGTGTTTTTGTTCGCAATGAAATTGCAAAAGACTGTCAAAGTGCGTCAGTGATAGCTAAAACTAACATTGTTAATGATACATCTGAAGCTAAAACGGTGATTTTAAAACAATCTTTATACTTAAAAGATGATTGTAAAAATGCGGTTGCAACAATTTCTAAAACAGTTAAGCTTTTAGCAAATTCTAATGAAACAGTTGAACAATCTTTAGATTTAAAGAATCCAAAATTATGGTCACCTGATTCGCCGTATTTATACAACCTAATTACAGAAGTTGTCGATGTAAATAACAATGAAGTAGTTGATTCATTCCGAAATAGAGTTGGTGTTAGAACAATTGAAATTGATCCTGTTAAAGGTTTAATTTTAAATAATAAAGTATTTGAACAAAAATTAATTGGTACAAATCGTCATCAAGATTTTGCTTATATTGGTAATGCATTACCAAACAGTGGACAGTTCCGTGATGCTAAAAAATTACGTGACGCTGGTGCTCGAATTGTTCGTTCAGCACATTATCCTCAAGACCCTGCATTTATGGATGCTGCCGATGAATTAGGTATTTTTGTAATTGTTGCTACTCCAGGGTGGCAGTTTTTTAACTGGAAAAGTAAAGATAATTTTACAAATTTAGTTATTAGCGATATTCAGCAAATGATTCGTCGCGATCGTAATTACGCAAGCGTAATCATGTGGGAGCCTATTTTAAATGAAACTAGTTATCCAGCTGATTTTGCAAAAACAGTTTATGATACAACTCATCAAGAATATCCATATAAAGGTTGTTATGCAGCAAGTGATGGCCATGCAAAAGGCAATGAATATTTTGATTTGATTTATGCACACGGTGCAATTGATAAATTAAAAGGCAAAAAAGCTACTTTTACTCGCGAATGGGGCGATAACGTAGATGATTGGTCAAGTCATAATTCTACAAGTCGTGTGGCAATTGATTGGGGTGAAACGCCACAATTAATTCAAGCATATCACTATATGAAACCTCCTTATGATTGGATTAGTTTTGATAAATTACATAAGAACCGTCCACAACATTTAGGTGGAACATTATGGTGTGGTTTTGACCATAACCGTGGTTATCATCCAGATCCATTTTATGGTGGAATTATGGATTTATTCCGCCGTCCAAAATATTCATACTTTGCATTTAGAAGTCAAGTTCCAGCAACGTTTACTCATCCAGATTCAACAGTTAAACGTGGTCCATATGTGTATATTGCTAATGAATTATCACCATTTTCACCAACGGATTTAACTGTTTTTAGTAATTGTGATGAAATTGAAGTTTCAGTTTTTAATAAATCTTTAGGTCGCTTTAAGGTTAAAAATAATGAAACGGGGTTAAATTCATTAGTGACTAAAATTGAAAATGTTATGAAGTTTATGACAATTAAAGGTAAACATCGTGGTCGTAAATCTGCTGAGGCTAATGTAACAATTAAAGGTTTTGTTAATGGCAAAGAAGTTATTGTCGATAGTCGTTTACCTTCAACTAGAGCAGCACGCTTGGTATTAATTCCAGATTTCTCTGGTACTCCTTTATTAGCTGATGGTAGTGATATTGTAACGGTGGTTGCATATTTAGTTGATAAAAACAACCAAATTAAACGTTTGAATGATAGCGAAGTAAAATTCACTGTGACTGGTGAAGGGCAAGTGCTTGGCGATGCTTCAATCGCGGCAAATCCTCGTCGTTTAGAGTGGGGGTCTGCACCAGCATTGATTCGTGCAACAACAAAACCTGGTGATATTACAATTAAAGCTGAAATTATTTCTAAAGGTACGCATGTTCCTCAGAGTGCTGAGTTAACAATTAAATCTACAAATGCTGATCAAAATTTTGTTTATAGCGAAGTTGCACCATTGCCAGTTGTGGATATTTCTCAAGCAGAAGCACAAGAAATGAGTTCAGATGCTAAGAAAGAAATTAAGAAGTTACAAAAGAAATTGCAAAAAACTGAAGCTGAATTAAATAGCTTGAAGTTAAAAGAGGTTGAGCGTCAACAAACTGAGTTTGAAAAGAGCACAACAATTCAAAAGCAAAAATAATTTATGATTCTTAATTTTTGAATAAAAGAGCACCGTTAAACAGCGGTGCTTTTTTTTATTAGTAATCATATAAAATTTTAGTTTACATTTTGAATATTTATATAGAATTTTTTATAAATATAAATTTTGTTTTTGGAGTATTTTTAGAATTTTAATCAATATAAACTGAAACAGAATCGCTGTATGCAGCACCTAAAGTCCATAATTTTTTATTTTATAGGCCCTAATCACCAAGTGTTGCGCTCCTTTTTGAAATTAAGTCTTATTAAATTAATTCCTCCATAATAAACAAAATAACCAATAACATTAATGGATTCAAGTTTGTCGTGGAATTGGATATGTAGGATTTAGAGTAGTAAAGTTGATGTCTGTATAAATATGAAGAATACAAAATAATTAAGAGAGAAGTAAAAAGAGCAACAATTAAATATTTTTTTTATATTGCTCTTCTTTTTTATACATCACGTTCGATGAAGTAATTCAAACATTTATGTAGGTAGTTGCGATATTTATTATTAGGACACTCTTTTAAAATGTTTAATGCGTCAGTTTTTAGATTGGTCATTAAATCAATTAAATATTGTTCAGCGCCTGAATCTCGAACAATATTTTGAATTTCAGTTATTTCATCATGTGTGTAACGTGCTTGACCACTTAATTCTAGTAATCGATGGTGATCTGTTTCTGAACTATTTTTTAGCGCATAAGATAATAAAATTGTTGGTTTATTTTCACTTAAATCTGAGCAAATTGGTTTACCAAATTTTTCAAAGTCGCCAAAAATTCCTAACCAATCATCTCGGTATTGAAATGCCAACCCAGCACAGTAAACAAACTCGCTAATCTTATTAATTGATTCATTATTTTTAAAATCAGCACAATTCAGGGCGATTGCAACTCCCGTTTCGGCAGCAAATTGCAATAAAACTGCAGTTTTCAAATAAATCATATGGTTAATTTGTTCAGTTGAAATTTCTAACCAATTACAGTATGAAAAATCAATGTCAAATGCTTCACCACT
CP085689.1_gap19	917972	920000	2028	GTTTTTCAGCACGAGCACCTTCCCCTCCTATGTCATCAAAAAATACTGCGAATGAGCGTACACCTAATTCGTACATCATTTCAAATTTTTTTATAGTCGCTTCAAAATCTGCCTTTGTCCATTTTATATCACGCCCAGGGTGAACTGCCCAAACAAAGTTAACTTTATTCTTTTTTGCACGTTTAATCAGTTCTGAAATCCGCTCAGCTTCTTTAGCTGGATAAGGTTCACGCCAGCGAGTTGAAAAACCATGGAAAGGATCATTTTTGGGTCCATAAATATAGGTGTTTAATTTATATTTTCCATAAAAATCCAATTGTGCTAGGCGGTCTTTATGTGGCCATGGCTTTCCATAAAAACCTTCGACTGCACCCCGGAATGGAATATCAGGGTAATCATTAATTTCAATTAGTGGGAATTTTCCATTGTTGTTTAATTGCCTTAAAGTTTGGATTGCATAAAATGTTCCAGTTGCATCATATGAATTGATTGTAATTTTATTTTTAGTTATTTTTAAGTTATATGCTCCAGAGCAATTTTTTAAATCACAGCGAGCTGAAGTTGTTGCTTCATTAATTGAAATTAAATAATTACTATTACTATTATGATTTATAAATTGTTGCAATAGAGTTTTAGCGTTTGAGTCAAAATTGCTACTAAATTGAGCGTCTTTAACATTAACAAAGCCATCAAGAACTGCCATTTTTTGTGGATTTGGATATATTTTAATATTATTGTCAGCAAAAAGTGTCGTCGTACTTAAAGCTAACATGGCTGATAACATAACATTTTTCATTAGAATAACCTTTTCTTTTTTTTAGTTGTAATCTTAAGGGCTTCTTTATAAATATTTGTTTTTAAAAATTACTTTTTTAAACTATTTCTATTTATACATCAATACCTATCTAAAACTTTACATAGTTAATAAAATTTTAATAATTTACGCCACGTGTAATTAATTGTCAATTTTTAAAAGATCAATAAATAAAAAATAATTTATTATTGGTTAAAAAATTATGTAATTGACAAAAAGTTGCAATAATAGTAAATTGTTTTAATACTTTTAGTAGATAATTTAATGTCAAAAAATAAGTATATAAACTTTTATAAGAATGAGCTTTTAGAGGAGGGTAATTCCCTTTTTTATGCTTTGAAATTTGCGATACGTTCTTATATCATGACTCGTGAAAATTGGCTTAGTCGCTGTCGAATTGGGCTTTTTGGATGGCGTGGAGGCTTTAAATCTGGTAAACTTTTTTTTAATCGAAGATTGACAGAGCAGAATATTGCTGCAATGCGTGAGGTTATTGAAGTGATCGACAATCAAGAGTATACAGGTAGTATGAAGGTTCATGCAATTAGTTTGATTTCAAAAAAATTATCACCTACTGGGCGAGGATATGAACTTTTAAGCACTTTTTTAAAAGTAACTGGCCTTGAGGGAAAAAGTAGTTATTTGGGAGCTATTGAAGGCTGGGAGCATTGTATTGTAATAAATGGTCACTCTCTTGAACCAGGGCGCAATTTGGGGTCGGGGAATCATGGAGAGGTATATAAGTTAAAACGTAGCGATGGTGCTGAAGCCTTTGGTAATGGTGCCGTAAAAACATTTTCTGATAATGATTCTTTAACAGTTGATAATGTTGTAGAAATTCAAAATTTTGAATATGTTTATAATATGCTGGGTCCACGATTTATTCTTCACGCACGACAATTTGCATCAGATTTTCATTTATCAACAAATCCACAACGTAGATTTAAATTTTCAGTTATGCCATATGTTAAAGGAATTCCTATTAAAGAGTATGTCAAACAAAGAATACAACGCAAAAAATATGATGAATTTGAGGTTTTAATAAATAATGCAAATTTTCTGTATGAAGTGCATAATATAGGTGTTGTTCATAGAGATTTAGTTCCTAATAATATTATTGTAGTTAATAATTTAGGAGGAGTATTTTTTGTTGATTTTGGTAGCGCTCTACGGGTTGATATGAAGGAGCGAAGTGAATTAACTGATAAATGGTA
CP085689.1_gap20	992281	993012	731	AATGCTTTAGAGAAAAATTATCTAATGGTTGATAAATTTGTGAAAAAGCAAGGAGTTTTTATTATAATTATGATTATTGTAAAATTAAAAAATAAGAGATTTATATTAATCCCTTTATTACTATGTTTCATGATAATTGGGTGCGATGCCAGCAAAAAAAATGTTGACACTAAAATTGCAGTAAAAATAAAAAATGTTAAATTGTTCAAGGTTGAAAGTAACCTTGACTCATTTGAGCGTATGTACCCATGCATAATTTATGGCTCAAAAAGAGCTAAATTGGCATTTCAAATTCCAGGAGTGATAAACGAACTTAATGTTAAGCGAGGAGAATTTGTTGAAAAAGGCAAATTAATAGCAAAATTAGATTCTCGCGATTATTATAATGACTTTACAGCCGCGACAGCGCAGCTAAATCAAAGGAAAAAAGATTATGAACGGCAGAAAAAACTGACCGAAAAAAATGTAGTTTCAAGATCTTATTTTGAACAAGCAGAACGTAATTATGAAATTGCTAAAGCTCATTATGAAAAAACCAAAAAAGCTTATGAGGATACTTTTTTAAATGCGCCATTTGCAGGAATTATTACCGAATTATACATTGAAAATTTTCAAAATGTGGCTGCAAAGGAAGATATTGTTTATTTACAAGATGTTGATAACTTAGAAGCTAGAGTTGATTTGCCTGAGTCAGATGTAGCAAGAATCCCTCCACATATTCCTGCTGATAA
CP085689.1_gap21	1120269	1124822	4553	AACAATATAATTAACATACACCATTAATTGTAGAGATAAGTCCATTGAGTGACGGTTTTATAGCTAACTGAACAAACCTCAATATTTAAATTTGGTTGCGTTTTATTTAAAAAAATTACTTGATAATGTTTAAGATTATCAATATTAGTTGCATTACCTGTTTTAATGCTTGGCTTCAAAAGTGTTGTTTTACCATAATTCAGTTATATTTTGTATATTTACTATTTAATCAATGACTAAAACAATGTAGCATAAAAATACATTTTGTCCATAATTAAAAAGGTAATTAGTATTAGTTCTTTTATAACCAGCATTAGTTTTAGTAAATCTAGTGGAACGCTCTATGCAATGAAAAACCAATTCAAAAAAATTATTTTAGCATATCCTGAAAAATACTCACTCATAAACTCCTTAATTTATTATTTTGTTGATTTTTTTTACGGCATACTATATTTAAACGTATTTCCCTGAAAAATCTTCAAATGCATTAGTTACGGTAAACTCAACATCTTTACCCAAGGCTTTAAAATGCTCTTTTCCGCATGCTATTTTGGCCTTTTCTACAGGGCGAAGAGCATCTGTAAATAATGTACTTTTAGTTTCAACAATAAAATAAAGTTTTTCTTTACCATCTCTTTCTACTAAAACAGCCCAGTCAGGGTTATAGGTTCCCAAAGGTGTGTCTATTTTAAACCATCCTGGAAGTTTTGCATAAAGCTTAATATCATCGCTTCGTTCGAAGGCATTTGCAAACTCTAATTCTATATCTGAGTCGTACACAATATGACTAAACACAGATTTTTGACTTTCTACCATGTTCTTTTGCAAATAACCAAATAATTCATTATCACTAAATAACTCTTGAGAATAGAAAAAATCATCCCCAATCTTATGATATTTAATGCCATCCACAACAAATAATCTCATTTGATGCTGAATTATAGTTGAAATCTGTTCGATGAATTTCTGAGGGTTATTTTTGAATGACTTCAAACGGCCGCTATCATTAATAATTTTTACAATTGTTCGGCGAGTTAAATTAGTTTCATTCTGGAGATAAGTAATTAAATCTGGAAGTTCGAAAGATTTCGATTCATAAACATTTGCGGTTTCCTGAACTTGTTCTGCATGAATTCCTCCACGATCAATTTCTGTTTTTGCCTTGCGGTAAACAAATCTAGCTTTGCCAACATGTAAGTTAGCCTTGATTTCTTCAGCACATTTTTCAGCAAGTGATTCTGCATCAAAATTAACCCTAAAAGTTGTTTTAAATTTAATTCGCTCCCATAATGCTTTAAACTCTGGACTTAAGAAAACGGCTTTATTTAATGATACTTTTTGTTTATCATCATGATTTTTTATATTAAGGTTTCCTGAAACTTTTTTCAACATAGCGACTATTTGAGGAGTATAAACTTTAAAATCTTCTGGTAATTTTAAATCTCCTTTTTTCAAATCATCTTTTAAAGAATCCTGAACTTTTCCTTTTGAATCAATATAATTTTTTGTTTTAAGATGCTCCCATAACGTCTTAGAAGCATCGACTCCAAGATATTCGTTATTATATTCATCTACAGGAACCACAATATTGGCAAATAAATGCTCTTCAACCACGCCAAATTTGATACCTTCTTCCTGTTCAATTTCTTTTTGAAGCTGCTGGGCAAAATTTTCATAAGATTCATTAGCCATAACAGTAAGAGTGTTTACTTCAAAGCCATGAACTCGCTCTCCATGTTGATTAACACATATACGTAACCCTCGGCCTATTTCTTGGCGTTTTTTAATCACTGAATTAGTTTCGTTCAAGGTACAAATTTGGAAAACATTAGGGTTATCCCACCCCTCCTTTAGAGCTGAATGTGAAAAGATAAATTTAAGCTTTGAATCAAAATTCAATAACTTTTCTTTATCTTTCATGATAAGATTATAAGCACTTTCGTCTGCAGCTGTTTTGCCTGAAGCATCTTTTAATCTTGCTGCTCCTGAAGAATCTTTCTTTTTATCAATAGCAAAATATCCATTATGAACATCTGCTGCTATTGTATCAAGATCAGCTCCTTCAAAAAGAGACGTATATTTAGGTTTACGAATAGCTCGCTCATATTCCTCTTCAAACATCGAAGCAAATTTACCCTTTTGTGCATCTCCTTTTTCATCATACCAGCGGTAGTTAGCGACCTTATCAATAAAGAATAAGCTCAGTACTTTAATGCCTTGAGGACGTAAACACATCTCTTTATCTAAATGTTCTTCAATTGTTTTACGAATTTGTAGACGCTTGTATTCTTCCTGATCAACTTCACCAATAGCTTGACCTAGCTTTAAAATATCTGGCTTGCTAGTAAAGCTAACATACTCGTTGTCTTTTTCACAATAAATATCTTCGATTATATAACCATCATAAACATCACGACCGCCACTTTTTTCAAGTAAATCATCACCACTTTTGACGGTGATTTTTTTACGCTTAATGCCCCCCGAACGTTGTCGTGCATCAATTTCAATTTTAGCTGTAATTGGAGACTTTTTATTATCGACACTAATCAAACGAATATAGGCTTTATTGTTTCCATCTTTAACTTCAATTCCAGCAACTTCAATTTGTTTAACAAGCTTTTGTTCATAAGCATCAACTGAATCCAGTTTATATAGCATGTGATGTTTATCAACATGAGTAGCTGAATAACGCAACGTACAAAGAGGATTAAGCGAATCGATAGCTTCTTTACTTTTTGCTGTTGTATCTACACTTTGTGGTTCATCAACAATAACTATTGGATTAGTTTCTTGTATGTATTCAATAGGTTTTGCACCAGTCATTTTGTCGTGTAAACGGTGAATGATATTTGCCTTGTTCTCTTTAGTAGGATCAGTAAAGCTTCTACGGAAGGCATCAATATTAATTACCATGATTTGAATGTCAGAACTTGTTGCAAAATTTCTTACACTTGAAAGATTTCCTTTACGACTATTATCATAAATAAATGAATCGAACGGAACATTTTCATAGAGTTCTTTAAAATGGTCTGAGGTTATTTCCAGTGATTTTGCAACCCCTTCTTTAATAGCTATAGAAGGTACTACAATAATGAATTTTGTAAAACAGTATAACCTGTTCATTTCAAAAATGGAACGTAAATATACATAAGTTTTACCCGTACCAGTTTCCATTTCAACTGTTAAGTGAATTCCATCTTTTGAGCTAAATTTTTCAGATGGGGCTAGTCCATTTTTTAATTGGATTTTTCTGATATTTTTATGGATATCTTCATCAAGCAATTTTAAACGGTTACCAATTCCAAGATTATTTTCATACTGAGGTAAATCTACGTTATAGTCATATTGTAATGGAGCTACAGTAAAATTGGTTTGGCATATTTCTTGACCTTCAAATACTCCAGCAACGGCATCTATTGCCTGTTTTTGATATTCTAAATTTGCATCAAACTGTATTTTCATCTTACAAGCTCCTTACGTCGATAATATTAGCTTGTTTGAGGATTTGAACCGCATTTGTTTTTACTACATCATTTTTAAAGCCTGAATCTTTAAATACTACTCGCATGATTTCAGGTTTTAATTCTTTTTTCAATAAAACAATCCCTTCAACCACTTCAATAGAAATATTGTCAGATAAACAGATAATAAGTGCGCCCATACCGATATCAAAGACTTTTTGGTTAGCAATATTATGTTCAAAGATAGGTAGGGTTAAATCAAGACCGTATTTGAGTAATACTTCATAAAGCACATCTTCTTCTTTACGATCTTTTTTAATGTTTTCAATTTGATTAAGCATATCCTGTTCTGACATATCAAAATCCATTTCCCATGGTTTGATATTTGTAGAATCGAGTTTAAAAACTTTAAAGCCTAAATCACCGTTATAATCAGGATTTTCTTCTTTAATTTTATTACCAGCACGACGAATGCGTTCCTTGCTGATTTCGGCAATAGTTTTATACCCTGCTTTAAATGCCTCTGATTTTTCAGCTGTGTTTTCAGGTAATTGAACTGAAATACATTTTCTCTCACCGCTATCTTCAGCATTTAATTGCATCACCGCATGAGCTGTTGTCGCCGAGCCAGCAAAAAATCGAGGACTACATCTTCTTTTTCAATATTACACAAATTAATCAATTGATAAATTAGGCCTGTTGGTTTTGGATTCTCAAAAAATTTATTAACTCCAAATAAATTTTTTATTTCATTGGCTGAATCAGTATTCGATACATCTGAAAAAATTGAACGAAAAACTCGACCAGCTGGTTGATATACTTTATGTTGAACTGTCCATTTTCCACATTCTTTCGAGGGGATAATTTTAATTTGTCCAAGTATTTGCTTTTCTTTAAATGATTTTTCTGAAATCTGCCATGTCCCATCTTTAATAATACTACCATCAGGACAACTCACATCATATATGATCGGACTTTGTAAACCACCTCTATGTAGTGTATCCCAGTAAAAACGACCGATTTTAAGAGGCAAAGATATAAAACGCTACCACGCAAATTTCGCAAATTTTTATTTAATAACGACCTTTCCAA
CP085689.1_gap22	1166590	1167312	722	AAGGAGCAACTGAAGTTGGAATTTGTCGAGCACTCGATAAATATCGTAAAACTCAAGATAAAGGATTAATGGCTTTAAAAGATTGTGCTTATATTGATGGTCATGGCAATACCTTTTTAGAAAGAGTGAGAGAAATTAAAGATGCAGGTTTTCAAACATTAGTTTTTTGCGATTCAGATGAACAAAATGTAAATGGTAAAAAAGATGAGCTTAATCGAAAAGGTGTAATTATTGCTGATTGTGATGAAAACTGTGCTATTGAGGAGCAAATTTTTAATGATTTATCGCAACCAGGTTGTAAAGCATTAGTGAAATTTGTAACTGATAGTTCAATAACAACAGAGGAATCAATCAAAGGTTCTATGAAAGGGAAGCTTAAGACCCTTCATCTGAATTGGTTTGAACAAGATTTTACCTCTGAAATAAAAAATGCGTTGGGAGAAATTGCTAAGAAAAAATCGTGGTTCAAGAACGTTACTCATGGAGAACAGCTTGGTGAGATAATTTTAACTCATATTGACATTGAGAATGGTTCATCAAAGTTAGAAAAGATATTTCACACAATGTCTCAATTCATCGATGGAGAGTAATATCATGGATTTAGATTATCAAAGTTTTGTTACTGGTGATAAAAAACTGCTCATCGCTCCTGCTGGTTATGGGAAAACGCATACCATTGTCGAATGTTTAAATCATACCAAAGGTAAACAATTAATATTAAC
CP085689.1_gap23	1168701	1171250	2549	CTATTTAGACATAACATTTTAAACTATTCATCTAAATGAGATATAACGAAGACTCCCAAAATAGTCAGCACTGTCCCACCAAAAATCCCCTTCCAAAATCCTGATCGATGCGCATCCTGTTTTGTGATAAATTCTTGCTGACGAAAATTGCTCGACATATAATAATTTTCTTCAATTTCAGTCAAATCAATGTTGGGACTCAGCGATTTCTGTAGCACAAACCTTGCAGCATCAATCGTCAAATTATTAATTGATGCAAACGTCCCAAGCAACTGTTGACTCTCCAAAACTGTACAAATATCCTCGCTGTTAGCTTGTTTTAAGTTTTCACTCATGTTAATTTCCTTGTCGTTAATTTATTCTTATATTTCAAAATTAGTTCTCGTAACTGCCTTTATATCAATGTATTTCTTAATAGTGTTTTTATTGTTGGGGTTAAGTCGGTTAGCTTATGGATTATTTTGCTGTTTTGAGGTAAAATATCTTTGATATGGGTGTCTTTGATGCCAATACCATAGACTTCGATATTGAGTTTTTCAGCAGCTTTGAGGGCTAACTTTACGTTGTCTATTTCGTCTGGTTCGCCGTCAGTTATAATGAAAATTATCTTACGATTTTCACATCGCTGATAAAACGTTTGCAACACGCTCCAGAGTGCTGCACCCATTGGTGTTGAGCCGCAGACTTTGATGTTGAAATTATTATGCATACGCTCATCGTGTTTCAGAATTTGTGACACATTCACAACGTAATTATCACTGCTTTCAGGCACGAACACAGGAAACGCAGTCACACCAACACTAATGTTATTTAAGCCGTGTAATGCCTTTGCAATCGAATAACATGAAAGGCTCGCCAACTCAATATCATTACGCATTGAAAGCGAACAATCAAGCAACAAATGCACTGCCGTGTTGGCTTTTATTTTCTCCGTATTTTTGAGAAACAATTTACAGTTGAATGGAGCTTTTGCCAAATTTTTTGCATTAATTTTATGCCCGCAATTTGACTCTCGACTTCGCTGCAACTCTTTAGCTTGAAGCAAATTGCAAAAATACCTTCTCAACTGATTTGCCGTGGCGTTGCCTTTGCTTAACATTTCACTATCAAATGCCTTTGCTTTATTCTCAACCGTGCGAGACGATTGTACTAAACTGCTACTATGATTTGGTGCTTTCGCCTCTAATTCACCTTGTATTTCACCTGCAAAATCTTTTGATAAATCACCACTTTTAGCTTTGAGTAACTTCTCCAACTGCTTTTTAATAGCCTTGGATTCAGCATCATTTTTGATTAACTTTCTTAGTAACGCTGAAACTTTTTTCGCATACTTCAAACAATCTTCAGTTGATTTTGTATTTGCTTTCATGCTCAAAATGATTCTATCAATTTCATCTAGAACTGTGTCAAAATGTGGCTCTAAAAATGAACGTAAATTATCAGCATGAATACCAACTTCAGCGACCGTGAAACTTCGTATTTTCAGCAGAATATAGTTGACGATTAGCTTAGCATCATTACTCTGTTTTGAGCGTAAATCAAGGTCTTTATTGAAATAATAATTAACCAACCAAGCGAAGTTATTTTTGCAGCCAATATATTGTTTTGAAAGCTCACGTTCAACAGGCCAATCTTCAAAAATATTGAGAATATTCTTCTCAAGATCACTAAGTCGTTTACCCTTAATTAATTCAAAGTTTGTATGCCGAATATGTGCAGATTATACGAATAGGTAATCCTTTGAAATTATCTCCAGATTTTCCCCTCGTTCACACCGTGCATGCGACTTTCACCGCACACGGCGTTCCATCAATTATAATTTTTCAATACAATCATACCTCTAAAACATTAGGTTCCTTAAAGAATTGCGGGCAATTGCACTTGTTTTCTTAACAAGTTTATTTTCTCAATTTTTTTGCAATCTAAATTGAGAATTTTTAAATATTTTGAAATTGTTTCACAATTTTGGGCATGAATCAGTTTATGGACATTTTCTTCAACGATAATTAGATTTTTATATTTATCATCTCCACCTAAAAATATAGGTATTTTATGATGACAATTTATTTCTGTTACGTCAAGTTTATTGCCCGTCACTGCACATTTTCCATACTGTGCCACAAACAATGAAATACGATTATCATTAAATTCAACGCTTCTTTCAGGCGAAGGGTGTTTTAACAAATAACGTATAGCATCTTTACTCACGGATTTTTGTTTGTTGTGAATTACTAATCTATCTTTTTCGACATAAATAGAGATTCCATTGAATCCTGCTTGTCTACTAAATTTAACATAACTAATTGGTAGCAACGCTTTACCGTTAACAAAGCGCAATCTTTTAGATTTGCCGTATTTCAGGTAAAAATACCGTGGTAATTTTTCTCCATATTTTTTTCTTCTTAAATCAAGTCTATTTTCCCGCAACGAGTGACTAAGAAAAGCTATTTCACTAAAGTCTTGACTGCAATTTGATGCAATACTGTAGTAATTATGAATTCCAATAACATAGGCATTGTATTTATCTATCGATGAAAATACTTCTTTGC
CP085689.1_gap24	1223748	1228440	4692	ATCAGGCACTTGAAGAAATAGCAAAAACTAATATCAATCCAATTTCGGTTGAGTTTAGACTTTTAATGCAAGAGATTAGGCTTGGTGTGTCTCTAGATGAAGCGTTACATAAAATGTGTAACAGGACTAAAAATAATGATTTTGAGTTGGTCGCCACAGCAATTATTACGGCGCGTCAAACAGGAGGTGAGTTAACAGCAATTTTTGATCGTTTAGCAGATATGATTAGAGAACGTAATCGTATTGGCAATAAGTTGCGAGCAATGACGGCAATGGGTAAAATGCAGGCAAATATTATCGGCTTGATGCCGTTTGTTTTGTTGGCAATTATTGGGCAAATAGCTCCAGGTATGGTGACGTTCTTTTTTCAAACATTAATTGGTATTATGTTGTTAATAGTCTGTGTTATTTTGGTGATAACTGGTTTCTTCTTTATTAAGAAAATTTTAACTATTGACATTTAGCGAAGAGGAATATTAATAATGAAATTACAAATTTATATTTATTGTGCGTCACTTGCTACTGCAGGTGCAATTTTTTGCATTTTCTTGTGGTTTACTGACTTTGTTCGCAAATTGTCAATTGATAAAATTGAACTCACTGAGGAAGAGCAAAAAGAGATTCCAATTTTAATTAAACTCATGTTACCATTTAAATTAAATGTTATGTTTATTGCTCGAAGTAATAGTTTTGATTTTATACGTCAAGTTAGCCGTGACCAGTTGCTAATGTCTGGGTTTGATCAAGTCTTAGATGAACTTGATTTTGTTGCATCAAAAATTTTAGCGGTAATATTTGGACTTTTATGTGTTGTGGCATCATTTTTTGTATTGTCACCAATTTATGGTGTTATTGTTGGCTCATTGTTGATGTTTTACCCTTCTTTATGGATTCGTTCGGTTATTAAAAAAAGACATTTACAAATAATGAAGGCTTTGCCAAATATTCTTGATTTATTAACTTTATCAGTTGCTGCCGGTAAAGATTTTTTAACATCTTTACGTGATATTACAGCACGTAGAGAAAATGATGCTCTTAATGAAGAGTTAACACGTACGCTACACGAAATTCAAATTGGGAAAAAACGTTCTGTTGCATTGCAAGACTTGTGTGACAGGGTTAAATTAAGTGATCTGACAACAATTATGAGTGCTGTAATAAAAGCTGAGGAACTTGGTGTTAGTGTTGGAGACATATTAAGGATTCAAAGCGACTTGCTGCGTTCCAAACGTTTTTCTTTAGCTGAAAAAATGGCAAATGAAGCGCCTGTAAAAATTTTGTTTCCGATGGTGATATTTATTTTTCCTGTGGTATTTATAATTTTATTAGCACCATTAGCAATGCAGATTGCAGGTGTATTTAAATAGCAATAGCATTAAATTTGAAAAAATTATGATTATTAATATGAATAAAAAGACTGTGGTTTCACATAAACCATTTTATGCTGTGAATTTTTTCACAAGAGGTCGAGGTATGATCTGGCGAGAATTTGATGGCTTTGATGCGATGGTTTTTCGTGGTTGTTCTTCTATTCATATGCTTTTTATGAAAATGCCTTTGGATGTGATATATTTAGATATTGATAATAAAATTTGTAAATTATCAGAAAATTTAAAACCATGGTGTTTTTTTGATGGACACCGCAAAGCTCGAGCGGTGATAGAATTACCCTCAGGGTCAATTAAATTAAGCAATTGTGAGGTTGGTGATTATTTAGATTTAGATGCTGTCTGGGATGATAATTTGGAATTAGAATTTTCAGAAAGTTTATAAATACAGAAAAATTAATAAATTGATAGTAACACTTTTTAAAGAAGGATGATAAAATGAAAATTTTTATAAAAAGCAATAATGATAGCCAAGCAGTATATGAGCTGTCATCTCCTGTGGTTACTGTTGGTTCAGGGGGAACGAATTCGGTCGTTCTTGAAGCAGATAGTTCTGTAGCAGAACTTCATGCTCAGTTTGTAATCAATGGTGAAAAATATATGCTTGTTGATTTAGGTAGTACTGCAGGAACTATTGTGAATGGAAACAAAATGGTTGGGCCTCATATTTTAAAAGTGGGTGACCAAATAACATTTGGAAATCAGACCTTTACATATTGTCAAGATGAGCAAAATAGTAAAAAGTCAGTGGTGCAGTTTTCGCCAGCAGCAGAAAAAAACAGTATTCCAAAATCTGTAAAATTTTCACCTGCAACTGATGAAATAGATTCTAAGCAAACTAATAATAATGTTAAAGAGAATATATTCTCTCATAATTCTGGTGTTGTAGATGAAGCTGGTTCTTTAGAAAATGACTTTGGTGAAGAAACTTTTTTTGCGAAGAATAAAGTTGAAAAAACAAAAGAAAAAAAGAGCTTAAAGAAGAAAATTTTTGATATTATTTTTTATCTATTAGTTTTGATTTTGGCGGGGATTTCAGTGTTCTTTTTTGTTATGATGCAAAATAAGCAAAAAAGTAAAACAGTAATTAAGGTGCCAGAGAAAAAAGAATTCTTTTTAAGTTATGAAAAAGTATTGCAAAAAGATAACAATGTTTTTAATTTTAGACTTACTATAAAAAATAATAAAGCACAAATTATTCTTGATGATCTACTTTCACAACGCAGTTATATTAAAGATTTTAATATTAATAATGAAAGCGTGTTTTATCTTGATACGTTGAAAGCAAGTATTGAAAAGACAAAATTTCAGAACTTGAAAGAAGATAAAACTCTTAAAAATGAACGTGATAGTCAAATTTTTAAAGAAATTAAAATTTATGATAATGGCGTTTTGACGAAATATATTGCAACTAATGAATATCCACCAACATCATTTAATGCTGTTGAAAATGCTATTGATGATTTTGTGGCTGCATTAGGTTATTCATCGTTACCAAAGTCTCCTGAAGAGTTGCAAGAGGAAGCTAAAAAATTATTTTTGTCTGCTAATGATTTTTTTGGGAATTGGCTTGGAGCCCCTGAAAATTTATTGTTAGCAAAATTACGCTATGAGAGAGCAATCGAGTATTTAGACCAATTTGACCCTAAACCTGCAATGTGGGTAAAGGCAAAAAGAAAGTTGGCTGAATGTACTAAGCTAATTAAACAAAGACAGGAACAATTAACAAAAGACTACAAGCGTGCGCAAGATCTTGAGCAACATTCAGATATGCTGAAGGCTGTTGAAGAAAAGATATTATTAACTTCAAAAAATGATGAAAAATATAAAGATTTATTAGAATTAAGAGCTCAACTTGAAGATATTATTAGAAAAAAGGGGGGTAAATAGATGTTTGAGAAAATAAATAATGTGGTAAAATATTTTGTTTTATGTTTAATGTTTGTTGTAACATTATGCTTGGTTGGTTGTGAGAAAAAAGAACCACCAACTACAATTTCATTGAACTCAAAAATTTCTAACGTAAAAGTTATTAGTAATGAAAAAGAATATGATGTTCCTTGTAAAATAAAGGTAATACCAAATAGAAATTATTTTTTTATTGCAAAGAAAGATGGCTATGATGAAAAATGGTTTCAATTGTCAGTCGCTAAAGGTAAAAATTTGAAATATGCTATTGAATTGGATAAACGTAAGACTTTAATTTTAATCGATAGTAATCCTAAAGGGGCTGAAGTGTTGTTCAATGATCAGGTGGTTGGAAGTACTCCTTGTACTATTAAAAATCTCTCAAATGGTGATTATAGTTTATTTTTGAATAAACTTGGCTATAGTCAAAAAAAGGTACAATGGTCAATTACAAATGGACGTCCTAAATTAATAAAAGTAGACCTGCAGTCAAATTTTGGTACTTTGAAAATTACTTCAGAACCATCAGGTGCAGTTGTTAAAGCAAATAAGAAAGTTCTTGGTCGTACTCCATTGAATCAGAGTATTACAAATGGTGTTTATGAACTTACTCTAGAAAAAGCTGGCTATGCACGAGAAAAAATAGCTGTGAGAGTACAAGCTGAAAAAACAACTAGTAGAAATATTGAAATGAAATTGTTGCCAGGTAATTTAATTATTACAGCATCAAGGAATGATGCAAAGGCAATTATTAATGAAAAAACCTATAATTTGCCATTAACATTGAATGATATTAATTCTGGAACTTATGAAGTTACTGTTACAGCTGATAAAGCTTCTCCACTAACAAAAACAGTTGAAGTTATGCCAGGGAAAACAACTAGAGAAAAGTTTAAGTTGGAGTCAAATACAGGAAGTATTGACTTATTAGTTACTACTCCTGGCGTGACTGTTTATTTAGATGATAAAGAGATTGGTACGGTTAAAGCTAGTGAAGAAGATCCGAGCATTGCTGAAGTTTTTAAAATTAAAGATGTTGCCGAGGGAACTCATGTAATAAGATTATTTCATAAATTAGCAAATCCAACTAATCTAAGAGTTAAGGTGCGAGTTAATAAAAATGTTACAACATACACTAAAAAAATTGTGGTTTGGGTTGCAAATTGTCGTTTGAAGCTTAAAACGGCAGATGAAGTTAAAGTTGGTTATTTACGCGGTCGTGGTGACGATTATATTTTATTTATGCCTGCACCTGGAATTACTAGAAAAGTTATGATTAGTGATATTCAATCGATAAAAAAATTGGATTAATGACGAGTTAGTAGAATTTATTTTTTGTAAAAAGATTTTTGCAGTTTAAAGTGTAATTTTATGCGAAAATCTTTTTTATTATGAT
CP085689.1_gap25	1426173	1428494	2321	TGCGATTTTTATCACTGATACTCTCTAAATTGAATTTTAGAGAAAAAACAGCTGTAATAACTAATAGAGTGATAGCTGTTAATATCCATGCAACAGAAAGTAAAATTTTTGCTATTTTTATTCTAACTGTACGAATATTATTTTTGCTATTATCTTCACTAAGCAGTGGAACAATGACTGACCCCATTGCTCCTTCTCCTAAAATTCTGCGCAGAGAATTAGGAATCATAAATGCTAAAAACCATGCACTCGCCAAAACTTCTCCACCCAAAATACGAGCTTCTAGAATGACTCTAATGAAACCTAAAATACGGCTAATTATTGTTGCAAAAGCAACGTTCATTGTATTTTTTAATAATTTTACTAATGAATTTGAATTGTGGGTCACGGCTTTTTCTCTTTTTGTTTATTATATAATTAAAATATATCAACATTTTAATAAAAAACAACCATAAATAAAAAAAGCAGATATCTTTATGGAAAAACATCTGCTTTGAAAAAATATTTTTATATGTAATTATACAGAGAAGCGTACGTGAACTACGTCACCATCCTCAACTACATAGTCTTTTCCTTCAATGCGCAATTTGCCTGCATTTTGAGCTCCATTCCAGCCGTCATTATTAATCATGTCATTATATGAAACTGTTTCCATACGAATAAAACCACGGCATAGGTCAGTGTGAATTTTTCCTGATGCTTCAGGAGCCTTCATTCCTTTTGTAATTGTCCATGCACGTGCTTCTTTAGGACCAACAGTAAAATATGTAATATAGCTTAATAGATCATAGCCAGTATGAATTACACGTTCTAAACCACTTTCGCTAATGCCTAAATCTTCCATAAATGCTTTAGCTTCATCTTCATCAAGTTGGCTTAGCTCTTCCTCTAGTTTGCCACAAACAGGAATAACTTCAAGGTTATGCTCTTTTGCATATTCCATTAATTCTTTCGATGCGCCAGAATTACCAAAATCCATAAAAGTTGCTTCATCACTATTTGCAATTACAAAACTTGGCTTAACTGTTAGTAAATTTAATTTTGCTGCTGCTTGAATTTCTTTGCTATCTTCACGGTTAATTTGTGGGAGTTTGCCATCTTCAAGATTTTTAACATATTTTTGGCATAGTTCTAGTTCATATTTAGTTTCAGCATCACCATTGCGAATTAACTTTTTATTTTTTTCTAAACGACGAGTTAATGCTTCCATATCAGCAATCATTAACTCAGTCATAATAACTTCGAGGTCATTACATGGCTCGACTTTGCCTGCAACGTGAACTACATTTTCATCATCAAATACACGAACAACATGCGCGATTGCATCAACACTACGAATGTGACCTAAAAATTGATTTCCTAATCCTTGCCCTTGGCTAGCTCCTTCAACCAAACCTGCAATATCTACAAATTCCATTGTTGCTGGAATAATTTTTTGAGAACCTTCTAGTTTAGCTAATTTCAACAAACGCTCATCAGGTACGGCTACCATTCCTGTATTTGGTTCAATTGTGCAGAAAGGAAAGTTTGCAGATGCAGCGCCTCCTTTACTCAATGCGTTAAAAATTGTTGATTTACCAACATTAGGTAATCCTACAAATCCACATGAAAAACCCATAATATTTTTATATCCTATTAATAATAATTACTTTTTAATGTTATAGCTATTTTTACAAAGCTATAATTTACAACCTATTGCATCTTTCATCAAGTATTTTAATGCTTTTATCTTAATAATTATCATTATATTAATTATAAAATAAAAAAGAAGACAATGTTTTGCAACATTATCTTCTTTATAAAGTGTAATATTTAAGGCAGTGCGCCTTAAAAATTAGTAGTCATCTACAACTTACTCAGCAGAAACTGCTTCGCCTTCTACTAATTGGATAATACACATTTCAGCAGCATCACCACGGCGAACACCAGTCTTCATGATTCTAGTGTAACCACCATTGCGGTTAGCGTATTGAGGCGCTACTTCGTCAAATAACAATTTAACGTGGCTAACGCTACGCATGCGAGCGATAGCTAAGCGACGACGATGTAAATCACCTTTTTTGCCTAATGTGATCAATTTTTCAGCAAAACGACGTAATTCTTTTGCTTTAGCTACAGTAGTTTTGATTTGCCCGTGCTCGAAAAGACTGCAAGCCATATTAGCTAGCATCGCCTTACGGTGAGCTCCAGTTCTACCAATTTTAAACGTATGTACTCTATGACGCATTATTTATTATACCTCCTGATCAGAGCCAGATTTCACGCGATCAGCTTCTTTCTCAATAGCATTAAGTAAGTTTTCGCTGAAATTCATTCCAAGC
CP085689.1_gap26	1431421	1435620	4199	ATCTCGTGCGACAATATCTATCTCTCCACGTGCATTACGGTAATTCCTCATGAGAATGTTGTAATATTTATCCTTTAAAACATTGGTTGCAATGCTTTCACCTTTTGCTCCTAGTTTTATATGGGGAGCTCGTCTTTTAAAAAATAAAAAGTGTGAAAGCATCTGCTTTTTTACATTATTTATAACAGAATTATCACTCATAATTCTGAAAGGTTATTCTCAGTTAATTTTTCAACAATGTCGCTATAATTATTGCCAATATCATTTTCTTCATTCATAGTCATCATCTCATTGATGTCATCATCCTTAATAGAATTGTATGCAATATTCTCAGATTGTTCTTCAATTAATCCATTTAAAATATTTAATCCTTGTTTAATTTCATATTCATCATTTTTAAAATTGTTTTTTAAGGCAATGAAATCATCTTTATTACTATTATAAATAATGAACATATTTGAAAATGCTACAATAACTGCAGCCGCTGTTGCAATTGGTAGTAAAAATTTTAAAATAAAATTCGTTTTTATATTTTCTTTTGTCTCTTGTGTTTTGCTATATGCATAGTTTTTAATATTAAAGTCTGCACTTACTGGAGGTGATGCTTCTTCTTTTAAGTTTAATTTTAAAATTTTATTAGCTAAACTTGTATTACTAAAAACATTATTGCAATCTATACAATTTTCGATATGCCCCATCTCTTTATGAGAAAGACTTTGTTTATTAAAACCTTTCTCTAAAAGTTTTAATTGTAATTCACTACAATACTCATTCATTTTAGTTGTTGTCCTCAATTTTTAAATATGTTAGTTCTATTTTTAATTTATTAAGTGCGTATTTCATTCTGCTTAAAACCGTATTAATTGAGCAGTCTTGAATCTTTGCAATTTCTTTGAAACTAACATCATTACTTCTTAACAAAAAAACCTCTCTAAGATTTTCTGGTAATTTATCAAGAGCTTTAGTTATGGCTTGACTAATTTCTAAATTATTTAAGTCTTGCCACGGTTCATTATAATCTTTAGTAATCTCAATCCCATCATCATCAAATGCTTCTCTTGCGATAGTGTTTTGATGTTTTTTATTTTTTCTAACATTGTCAATTACGAGATTTCTCGCAATTGTAAAAGCCCAATAAATGAATTTATCTTTATCTGAATACTTGTCTAGCTTATTAATTATTTTTACCCACGTTTGTTGAAAAATATCATCACATAAATGCTGATTATTATAAACTAATTTATATATATACGAATAGAGTGGCTTTCTATATTTTTCATAGAGAGCATCAAAGCATTTATTATCGCCTTTTAAATATTTTTCTATTAACTGACAGTCTTCCACTCGATAAATTCTTTACATTTTAGAATGCAAATTATAACAACTACATTCAGATTGGCATTTTTAACTTAATGCTAATAATATAAACGCATTTTTATGAATTTTATTGTTATTTAAACATTTTTTTTGAATATTTTTGTCAATTGCTTATATTAAGAGATAATTGTCGAGTAAATATAAATATTTTTATTAAAAATACTATTTTAAAAATAATGGAGTAAACTATGTACGTAGGAAGAATTGTTGCGATTGCAAGAACTAAAGATAATAAAAATTGTGCAATGTATCGAGTGTCATCACGCTCATTCCCAAATCGTGAAGCGCGTGAAAATGATGGTGTAGTTTCAATTATGCCAAGAGCTGGTTTTGAAGCTGATTTACAAAAAAGTCCATACATCGCATATAACTGTGTGCGCACTGCAAATGATTATGCTGTTGTGACAAATGGATCACACACTGATCCAATTGTTGAAAAAATTAAAATGGGAATGCCTCCTCGCGACGCATTGGCATTAGGTTTACTGGCGATGGATTATGAAAAAGATGATTATAACACTCCACGTATTGCCGCGGTGGTTCACAAAACTGATAATGTTGCATTTTTAGCGACAATTCGTCATGATGCAGTACACGTAACAAGTTTCACTCTAGAAGCAGGTCAAGCATTTTATGTGGCTACTTATGAACATAATACTCCATCTTGCCACTATATGGATAAAGGTTTTACTGCATTAACAGCGGCTGAAGGCTGTGATTATGTTGTAGAAGGTGGTGTTTTTGCTGAATTAAAAAACCCAGTAACATCAACTGCAGTTGTGGCTAGCGAAGCTGGTTTTGAAATTGCAACAAAAGTAATTTAATTTGCTTTTAATTATTATAATAAAAATGAACAAAAGGATTATTAAGAATTGAGTATTGAAATTCTTGATGGTTTAAATACCGAGCAACGTGCTGCAGTAACTCATACTGAGGGTGCGTTGCTTGTTTTAGCTGGAGCGGGAAGTGGTAAAACACGTGTTATTACTTATCGCATTGGCTATATGATTGCAAAGGGTATTAAGCCAAAAAATATTTTAGCGGTAACATTTACTAATAAAGCCGCACGTGAAATGAAAGAGCGTTTAATTGAGTTAGTTGGTGCTAGTGAAGGCAACAAAGTAACCGTGGGAACGTTTCACTCTTTTTGTTCATTGATTTTACGTCGTGAAATTCATCGCATTGGGTATTTACGCAACTTTACTATTGCTGATAGTAATGATCAAAAAGGATTATTGCGTCAAGCTGCGGGTGAATTAAATTTTCGCAAAGAGGATGTTCCGCAGGATAAATTAATGAATTTTATCAGTAATTGCAAAAATAATTTAATTTCTCCAGAAGAAGCTATTGAAAGTGCTGAACTAGAATACTCAATACGTTTTGCCCATGTTTATAAACGTTATCAGCAGTTGCTGCTAAATCAAAATTTGCTTGATTTTGATGATATGTTATTTAATGTATATCGCATTTGGAGTGAAAATCCTGACGTTTTAGAGCGTTACCGTGAGGTTTATCAATATTTATTAATTGATGAATACCAAGATACCAATGTGGCACAATTTACCTTAATTAAAATGTTATCAGGCGAGCGTGAAAATGTTTGTGTGGTCGGTGATGATGACCAAAGTATTTATGGTTGGCGTGGTGCGGTTGTTGAAAATATTTTAAATTTTCCACAAAATTTTAGTAATTGTAAAGAGATTCGTTTAGAGCAAAATTATCGTTCGACAAATAATATTTTACATGCCGCAAATACCGTGATTAAAAATAATGAAATGCGTTATGATAAAGAGTTATGGTCGGCAAAAGGTGATGGCGATAGTATCAAAGTATTTTCATGTGAGGATGCTAATAAAGAAGCTGAAGCGATTGCTGACAAAATCATCTATGAGATTAAAAAAGGGCGTTTTCAATATAAAGATTTTGCAGTATTATATCGATCAAATCAAATGGCAAGGATTGTTGAACAAACTCTAAGAAGTAATTCAATCCCATGTAAAGTTGTTGGGGGGCAGGAATTTTTTAGTCGTAAAGAGATTAAAGATGCTGCAGCATATTTAAAGTTATTGTTTAATAGTAAAGATGATCAAAGTTTTTTACGTATAATAAATGTTCCGCCACGTGGGGTGGGGGATACGACAGTGAAGAAAATTAAGGAGTTTCGTTCTAATAATAAAAGCTTTAAAAATAAGTCATTTGTTGAAATTTTAAAAAGCTCAGAAAAGTTACCTGAAATAATATCAAAGCGTGCTCAAAACGGTATAAATGATTTTCTTAAAGTTTTCGATAAGTATCAAGAAATTTTTACTGAAGCTGGAGATGTTGCAAAAAAGGTTGAGGCATTTCTTGATGAAAGTGAATTTCTTCATGGGATGCTTAAAGTTTATAAAGACCGTAATGAGGCACTTCTAAGAACAGAATTTATTTATGAGTTTATTCATTCGATTGCAGAGTTTGAAGAGCGTAATGGCGGAAAAGTTACTTTGGCAGAATTTTTAGAAAAATATTCATTACTTGATGAGCAAGATCGCACCAACAATGATGAAAAAAATGATAATGCCGTGACTTTAACAACGGTTCATGCATCAAAGGGGTTGGAATTTCCATGTGTTTTTGTGATTGGCATTGAGGAAAAAGTTTTTCCTCATGAACGTTCGTTAATGGAAGGGAGTGAAGACGAGGAACTACGTTTATTTTATGTAGCTATTACACGAGCTCAATTAGAGTTGTTTTTGTCATGGTCAATGATTCGAATGCAAAGAGGTAAGAAAAATCGCCAAAATCGTTCACATTTTTTAGACCAATTACCAGAACAGTGTATC
CP085689.1_gap27	1450718	1452483	1765	TTTCTTACCCCAAAGTGTGATCTTCGATTAATTCTTGGATTAAAGAGCCAATACCGCTTTCAGTTGCTTCAACCATCTTGCTTTCAGATGCTGTTAGAACAACACTCTCAATCTTCTTAACTTTAGTTGGAGATCCTTTTAGACCTACACGCTCTAAATCTGCGCCAACTTCATTCGCTGTCCATTCGTTAATTAATAGACCTTTTTCCTCTAATACTGCTAACTCTTCAGCTAAAAGTTCAGCATCAGTGTAGTCGGCATTAGCATGAGCTTTTGACAACTCGCTTGGAGTTTTTGCTCTCTTGAATTTCATGATTCTACGAGCCGCTTGTGGACGAGGAGTATTAGCATCCATTACTGTCATTAATGCTGGCAGTTTGCATTCTAAAACTTCATAGCCACCGTCAATTGCGCGTTTTGCTGTTACTTTGTCAAATGATAAATCAATAACATCTTCAACATAAGCAATTTGAGGTAATTTTAATTTTTCAGCTAACTGTGGACCAACTTGAGCTGTATCTCCGTCAATTGCTTGACGTCCACATAATAATAGGTCATAGTTGCCAATTTTGTTTACGCAGCAACTTAATGCAAAACTTGTTGCTAAAGTATCAGCTCCTGCAAAGCTACGGTCTGTTAATAACACCGCTTTGTCCGCTCCACGATACAGTGCATCTCGTAAAACTTCAGCTGCTGTAGGAGGGCCCATTGTAACTACTGTTACTTTTGCATCAAAACGATCTTTTAGCTCAAGTGCAAGTTCTAAGGCATTTAAGTCTTCTGGGTTGAAAATTGCTGGCAAGGCAGCACGGTTGACAGTTCCATCCGCTTTCATCGCTTCACCACTGATGTTCTGCGTGTCAGGAACCTGTTTTACAAAAACTAGAATTGAGTAACTCACTTACTAAAACTCCCTTAAAAGTTTGTAGGAAATACTTAACTTTATACTCGTATCGGGAGCGCTTTTCCTTATTTAATTATGCTGAGCTCCGAAATTTGTATAAAAAATACGTCCAATAGGTTGTTCATTAAATGACTAAATTTTTATAAAAAAGAATTATAGCTTTGTCAATAATCTTTTTTTAAGTGAGCGATTTAACTAATTATAGTACCAACTACGACTTAAAAGTTACGAAAGTGCATTAGTACTTGTTAAACCACGCATTTAAACTAATACTACAATTTTGTAAAAACAAGTTAAAAAATATTTTTTTATTAATTTTTTATTAGAATTGTGGATGAAATCTTTTTAATTTAAGAGTATGAAGATAATGGTTACCCCATAAGGACTCGAACCTTAACTAAGTGGACCAAAACCACTTGTGCTACCATTACACCATGGGGTAAACTCTTCAGTAATGAACTTTAAATAATTAAAGTGCGTTATTCATTGCTGAGTCATTAAAATACTCTTCATTAGAAAAAAATCAACACAAAATAGCAAAAAAAATAAGAAAAAATTTAAAATTGGAGTATATTTTTAAAGAGGAAAAACGTGCTGGTATTTTTTAGCTAAACGCTGTTTGTTTATAGTTAACTAGTTATGATGATTTGCCGTTATTCGAGAAGAAGTATGAGTTTTCAATTTAGATTTTTTAAATATAGGAACAAAATCTATGAATGAGATTAATAATAATGAAAAAAAAATAAATAAATTTGATATTAACCTTAAAAAATATTCAATGGTGAGCGCAAAAGGATTTGCGATGGGGGCTGCAAATGTTATTCCTGGCGTATCAGGAGGAACAGTAGCTTTTGTTACTGG
CP085689.1_gap28	1453545	1458212	4667	GCAAAAATGACTAAAGATGAACCTGCTAATTTAGTAATGTTAGCGGCAATTGCGGGAATTGTTGGCGCAAGATTGTTTTATGTTGTACAATTTTGGGATGAACAATTTGCAAATAAACCTTTTGGCAGTATTTTTCGTATTGACCAAGGAGGACAGGTCTTTTACGGAGGTTTTATTTTAGCAGTAATTACGATTGTGGTATTCTGTAAAATAAAAAAACTTTCAATACTTGGTGTGCTTGATGTACTAGCGCCAAGTTTGGCGATTGGACATGCTCTTGGGCGAATTGGATGTTTTATTAATGGTTGTTGTTATGGCTTGCCGACAAAGTGTGCCATTTCAATTAAATATTCTGTAGGAAATTATCCAGCTGTCAAATATCACAATACACCGTTGCATGCCGTGCAATTGTATGAAGCTCTAGCTAACGTTGCGTTGTTTGCATTATTAATGTACACCATTAGAAAATTTAAAACAGGTTTTACAGTGGGACTTTATTTTGTATGTTACGGTTTTTTAAGATATATAATGGAAGCAAATTTTAGAGGCGATCATATTGAATTGGTAAAAAATGAATTCACTAAAGCTGAAATTGTTGGCATGATTATTATTCCAATTGGGATTGCCTTAATGGTCGTTAGCTATTACATTAACAACAGGTCTGTTCTGAGAAGTGCAGGAGAGTTTGAAAATATCGATGATAGTAAAGAAAATTTAGAGAATAAGAAAAACAAAAGATAAAACATTTTTAATAACAAAAATTTAGAAAATAAAGTTAAGAAGTAAAATGACAACAGAAAACGAACTAAATAATAACTCAGGCATTGTGCCTGATAACAATATTAATGGTAATTTTGACCTAAATAACGAAACTGGTGAATATGAAATGCGCTATAAAATTGGTGAAGAATTCAATGGAATGCGCTTAGATTTAGCCGTCGTTGAATTAGTTAAAGATTATTCGCGCTCATGGGTTCAAAAAGCAATTAAAAATGGCAGGGTAATTTTAAATAACCGCGTTGAAAAGTCTCCAAAATTTAAAATTACCAGCGGAATTAATTTAATTACGGTGGTTTTAACAGATAACAATACCGAATTACAAAAAGGTATGCAACCTGAAAATATTCCTTTAGAGGTGATTTTTGAAGATGAACATTTAATTGTAATTAATAAACCTCCTGCAATGGTTGTTCATCCAGCAGCAGGAAATTATTCTGGAACATTAGTAAATGGGTTATTAAATATTGATGGATTATTTTCACCTGATATTTCATTGAGTGAAGGTCGACCTGGAATTGTCCATCGCCTTGATAAAGACACTTCAGGATGCATTGTAGTGGCAAAAAATGCTATATGTCAGGCTAGATTAATGAAGTTATTTGCCGAACGTCGTGTCAAAAAAGCATATGCAGCTGTGGTTTGTAATTGGCCTCATTTAATTCGCGAAGAACTACGTACTTTAATTGGACGTCATCCAGTAAGTCGTAAAAAAATGGCTGTAGTTGATCGTAATGGAAAAGAAGCAATTACGGAATATGAATTATTGCAAACTGGAAAAATTGATGAAGTGCCTTTTAGTTTATTAAAAGTAAAAATCAAAACAGGTCGAACGCATCAAATTCGTGTTCATTTAAGTAGTAAAAATTTACCAATTGCAGGTGATGAAATTTATGGTGGAAAGCAAAAAATAGAATTCCCACGACAAATGTTACACGCTTGGCGTTTAGAATTTTTGCACCCAATCACAGGGCGCAAAATGAGATTTAGAGCAGATTTTCCAGAAGATTTTCAAAATGTATTAGATTCGTTTAAAGAAAGTGAATATTATAATGAACTAGAAAAAGTTCATTCACCTCTATATGATGATCAATTACGTTATATTGGTGATGATATGTTAGAAAATGAAGATTTTTCTACATATGATTTTGATGATGATTATCAAGATTACGGTATTTATGATGACGATGAGGATCAAAATCCAACCAGTGACAATTATGACGTGGATAATGAAGATTTTGACGGAGACAATAACTCCTACGTCAGAAGTGTTGATTAAAGAATAATGAAATAAAGATAAATAAAAGTATGAATATTAATAAAAATTTCAATGAATATAATTACAATGTGATTGTTATTGGTGGTGGACATGCAGGGTGTGATGCGGCTATGGCTGCTGCACGTTTAGGAGCAAAAACGTTGCTAATTACTATAAATATGGATCATATTGCTCAAATGAGTTGCAATCCTGCGATTGGAGGAATTGCTAAAGGGCAGGTGGTGCGTGAAATTGATGCATTAGGCGGAGTGCAAGGTCGCGTGACTGATGCTGCAGCAATTCAGTTTAGAATGCTAAACAGTGCAAAAGGACCAGCCGTTTGGTCACCACGTGCACAATGTGATCGTCATCATTTTCAGCGCGCGATGAAATATGAATTAGAACGGCAGGAAAATTTAGATATTAAGCAAGCATTTGCAACAAAATTTATCATGGATAAAGCTAATGAAAATATTGTTGGAATTGAAACAAATTTTGCCGATTATTTTTATTGTGATGCAATGGTAATCTGTTCGGGTACATTTTTGAATGGATTACTTCATTATGGAATGCAGAATTTTACAGGGGGAAGAGCAGGGGATCCAGCATCGATTGATTTGGCAAATAATTTAAAAAGCCAACTAGATTTAAGAATTGGTCGCCTGAAAACAGGAACACCTCCAAGAATTTTAGCAAAGACGATTGATTTTAGTAAAATGGAATACCAAGCAAGTGATAATTTTGAGGAACAATTTAGCCATTTTACAACTGAAAATGTGTTTCCAAAGGCTGAACATAAAGAAATGCCATGCTATATGGTTTATTCGAATGATAAAACAGCCGAAGTTGTTAAGGAAAATATTCAGAAAGCTCCTATGTATTCGGGTAAGATTGAGGGTATTGGAGCTCGTTATTGTCCATCGTTTGAAGATAAAGTTATTCGTTTTCCTCACCATGAAAAGCATTTATTGTATTTGGAGCCAGAGGGTGAATTTACCGAAGAGTATTATATCAATGGTATTTCAACAAGTTTACCTCCTGAAGTGCAAAATCAAATGATCCAGTCGGTTGAAGGGCTTGAAAATGCAGTGATTTCGCGTTATGCATATGCCATTGAATATGACTTTATTTTCCCAGACCAGTTAGAACGTACGCTGATGACAAAGCGTTATAATAATTTATTTACTGCTGGACAGATAAACGGTACAAGTGGTTATGAAGAGGCTGCAGGACAAGGTTTAGTTGCAGGAATGAATGCTGCCAAAGTTGCGGCAGGAAAAACTCCAGTTGAATTGTCTCGAGATACTAGTTATATTGGTGTAATGATTGATGATTTAGTAACTAAAGAAATTATTGAACCTTATAGATTATTTACCAGTCGAGCTGAATATCGTTTGCGTTTACGCCAAGACAATACTGATTTGCGTTTATGTGAATTTGCGCATCAAAATGGATTGTTAGATAGTGAAAAATATTTACAATTTGTCGAATATAAGGGAAAACTAGAAAATAGTATTTATATTGCAAAATCACAAAAAGTAAAAGGTAAAACTTATTGGGAACACCTTCGTTTATTAAAAGGTAAATTTGATATTGAAAATGAGCAACCAATTGAAGAATTGCCATTTGATGTTAATGAACTAGAATTAGATTTTGTTAATAGTTTTAGTGACCGCCGAGCAATGAAGCAGTTGGCGATTGAAGCACATTATGAAGGTTATATTAGACGTGAAAATCAGTCTGTAAACCGTTTGAATAAACTTGAAAAATGGCGAATTCCTAAAAATTTTGATTATAATGAAATTAAAGGACTTCGTAATGAATCACGCATGAAATTATGCAAAGTAAACCCGACGTCATTGGCTCAAGCAACTAGAATTGATGGAGTTACTCCTGCTGAAATTGCCTTATTACAAGTTCATTTGAAGCGTTTGCAAAATAAAACAGAAAATAATAGCTAAAAATTATTTAATATTAATATAAAAAGGAAAATTGTCTTGCAGGTTAAACTTGAGCAAAAATCATTGTTGATATCGACATTTAAGCAATTGCTGAGTCAGAAAGGGTCTGCAATTTGTTTATTTATTTTGGCTATGGCTGTAGCACTAACTTTCACGCAGGAAATTTACCTTTTTTATTGCAATACTTATAATTTGACCCCAATATATGAAGAAGGCAATATGGTCAATAGTTTTCAACCGCCTTCTGCTGAACATTGGTTCGGAACAGATTATCGAGGGCGCGACGTATTGCTAAGAGCAATAGCAGGAACTGCAACGGCTGTGAAAGTAGGATTGATTGCGTCATTAATTGCGGCTGTGATTGGCGTACTTTTAGGAGCTATTGCTGGATATTATGGAGGAATTGTTGATGATGTTGTGGTATGGATTTACAGCACATTTGCGGCAATGCCTACTTTATTATTTATTTTATCATTTTCATTATTGGTATCTAAAGGTTTTTTATCAGGCTCTTTATACGATTTTTTTTGTGGCTGTGCAAAACTATTTAATACTGAACCAGCAATGTTTGCCGTCTATTTGGGTATAGGTTTAACTGGCTGGGTTAGTTTGTGCCGTGTAGTTCGTGCAGAAACCATGAAATTGCGTAAAACAGCTTATGCTGAAGCTGC
CP085689.1_gap29	1468506	1469975	1469	AATGCAACACCTATTCCAAGCATATCAACAGCTTTATGGTTCATAAAAATACCCTTAACAGCACTATTAAATGCTTTTTTGACTGCATTAAGGTTATTTTTCTTTTCATATTTAATTTTATTATGAAAGTCAATTCTACCATATAAATCAATAACAATTACTTCAACAAATTCTGGAGAAACATAAATTCCACTTACAAATTTTTCTGTAAAAGTCAGCATTGTTGATGGTCGACCTGCGGATGCTCCAATTTTTCCTGTCTCATGTACTAAGCCCTCTTTTAAGAGCATTGTTACAAAATTTGTGATACTTTTTTTATCTAAGCCAGTTTCTTTGGCTATTTGCGATCTTGATATTGGTGATTTTGTTCTGACTTTATTCAAAACGATAGCACGGTTTATGCTTTTTATTAGCGAATGATTTTTTAATTTCATATTTCTACCTTATTAATATATTTTTTTCACCTTTTACACTTTTTATTTAAAGTAACATAAATATTTTACCACGTTTATTAATGTAAACAAGAAAAAAACTAAAAAAAGAGTATTAATATATAGAAATTAGCGGTTTTTTTATTTTTATTTATTTTATTTAGTAGAAAATTATCTACAAAGTACTATTTTTAGAGTCATATATTTATAATTATTTTATTCATGAAACAAAAGGTATATTTAATGGGTATAATCTCTGTATTATTATTAGGCTTTAGTTTAGCGTGTGATTCATTTGCTGTCGCAATTTGTTGTGGGATAAGTTGTGAAAAGTCTCAATTTAAAGTTAGTAATTTTATAAAAAGCGGCGTTGTTTTTGGTTTATTTCAAGGCGTAATGACGCTTTTGGGTTTTTTTATTGGTAAAAGTGCATTACGTTTTATTTTAAGTTTTAACCACTACATTGCATTGATAATTTTATCTTTTTTAGGTATAAAAATGATTTATAATTCTATAAAAAGTGATCAGTATAATGATGACGAAAACAAAAAAAACAATCCTTTTAGTTATAAAAATTTAATAATTTTAGGATTTGCTACTAGCTTAGATGCACTAGCAGTAGGATTTTCTTTAATTGGCAAATTTCAAGGAATTTATACTGAAGCACTCATAATTGGAGTAATTAGTTTTATCTTAGGAATAATCGGAGTAATTACTGGCAAAAAAGTTGGCCACTTTTTTGAAAATAAAATGGAGTTAATTGGTGGCATTATTTTGATCGGAATTGGAATTAAAATTTTTATTGAACATTAATGAAGTTTTTTTTTGTAATATCTTTAATTCTGTATTAAATTAACAGCGATATTGTATATATGAATAAATTAAACTGGAGAAAGAAAATAATTATGATTAATAATAAAGATAATTTTTATATAACAACCCCAATTTATTATGTAAATGGACAACCACATATTGGTCATGCATATACAACAATTTTAGCAGATGTTTTATCACGTTATCAACGTTCTTTAAACAAAC
CP085689.1_gap30	1471765	1476527	4762	GATGGACTAAAAATTATTACTGTTGATGGTTTAATTTCAAGTGGCGCATCTGTAGGATAAAATTAATTGAATTTTTGAGTATATCAAAATAATTCAAATATGATAAAAGACTGTAAAATGCTAATTTACATTGTATATTGATTATATATTTTTAATGTGTTAACGTTTTACAGTTTTAATTTTAAGGAAGAATATTAAAAAAGTGAATGATTATAATTTAGAGAATCATAATAATTACAATATTGGACAATGTTATGTTAGCACGTCAGAGCCGACATTAGGTGTTGGTATTATTTTAAAAGTTGCTGATAGAGTAATTACAGTTTTTTTCCCAAATAGTGATGAGAATCGTAACTATGCGACTGGTAGTGCTCCATTAAAGCGTTTAATTCATGAAGTTGGTAGTAAAGTTATTACAGTATCTAAAGAATGTTGCGAAATTGCCAAAATTATTTTTTTGAAAAATGGTAATATTGAATATAAATCTACAGATGGTGATGTAATAGCTGAATCGCAAATTATTTCAGCGCTTGACTATAATAGTCCACTAAAACGCTTAAAACAACAAGATTTTGACGACAACAATGTATTTGATTTACGAAAAGAAACATTACATATGCAGAAAAAGTTGATGTCAAGCCATGCACGTGGTTTATGCGGTGCGCGTGTGGAATTATTGCCGCATCAACTTTATATTGCTGCGCAAAATTCAAGTGAAAAATTACCACGAATTATGTTGGCAGATGAAGTTGGTTTAGGTAAGACTATTGAAGCGGGGTTAATTTTACATCGTTTATTAGCAATTGGCTTGGCCGAAAGAGCATTAATAATTGTTCCCGACGCATTAGTTCATCAGTGGTTTGTGGAAATGCTACGGAAATTTAATTTACAATGTTCATTAATTACTGAAGATTGGATTAAGGTTGGTTCAGAATTAAGTAATGAGGGGCAATTAGATAATATTTTTAGTGAAAACCAATTAATAATTGCATCGTTAGAAGTTGTTACAAATAACGCTGAAATCCAACAACAACTGCTGAATGAAAAATTTGATATTTTAATTGTTGACGAAGCACATAAACTAGAGTGGAATGTCGAACATGGCGCATCTCCAGAGTATGATTTAGTTGATAAAATTAGTGAAATTACTACAGGGGTAATTTTGTTAACAGCAACTCCAGAACATTTTGGTTATGAGGGGCATTTTGCTCGATTAAGATTGTTGAATAAAGAGCGTTTTTATGATTTAAATGCATTTATCGCTGAATGTAAAAGTTATCAATTAACAGCAAACATAGCAGAAAAATTACAAAATGATAGCAATTTATCCGCTGAAGATAAAAAATATTTATTTGAGAGTGGAATTGATTTTTCTAAATCAAAAATTGCACTTCAAAGATTATTAGATCGTCATGGATTAACACATATAATGTATCGCAATAGTCGAAAAAATATGGCTAATTTTCCAAAGCGTCAGGCTGTTTTAACTGCAATAGAATCGTTAAATAATGAAGATTTTCAACGCCTTAACGATGTGACAATTCAGAATTATGTTTCGCAAGCGACAGTTAATTATTTAGCTAAATTATTAACCGAAAACCTAAATACTAAATTTTTAGCAATTTGTTCAACAAAAGAAAAAGTAGTCGATATTTTTAATCGACTTCAAAAAATCATAAGCGTAAACATTGCCGTTTTTCATGAAAACATGACCATTATTGACCGAGATAGAAATGGAGCGTATTTTGCGGATGAAAGTATAGATGGTGCTCAATTATTAATTTGTAGTGAAATTGGCAGTGAAGGTAGAAATTTTCAATTTGCGCATAATTTAATTATGTTGGACTTAGTGTTTGATATTGCTTTAATAGAGCAACGAATTGGTCGTTTAGATCGAATTGGACAAACTGAAACAATAAAAATTCATCTACCATACATAAAGAACAGTATTGAAGAATGCTTAGTGCATTGGTATAATAATGGGATTGGCGTTTTTAAACAATGCCTAAATTTAAATTTCGGTAAATTTGAAGCAATTAAGCATGAACTTCAAGATTATTTTGCTAATGATTTTGAATATAATAATCAAAAAATTACCGAAATAATTAAAAGAACTATACAGCTTAAAGAACAAGTAATTTTAGAATTAGAGCAGGGGAGAGATCATTTGCTTGAATTAGGTTCTTTTAATGAAAGCAAGGCAAATTCAGTTATTGATGAAGTTACGCAATTTAATGAAGAAATTCAATTGCCGAAATTTACTGAAAAAATTCTTGAATTTTTCGGAGTAAAAATTGATAAATTATCACTAAACGATTGGCAGTTATCAACTCAGTCGATGTTTAGCGATGCATTAGTTGATTTACCACCAAACAGTGATGAAATTAAGTCAATAACTTTCTCTCGTAAAACAGCTTGTAAACGTGAAGATATTCTCTTTTTAAATAGTGACAGTGCATTAATTCATAGTGGCATTGATGCTTTATTGAGCTCAACTCAAGGGAATTGTGCGTTGAAATTTTTAAAAAAAGCATATACTAAGGGAATTTTTCTTGAAGTTGTTTTTAGTTGTTTTGTTATTGCTCCAAAAAATTTGCATATTGAACGTTTTTTACCTACAACTCCTATTAATATAGTTTTGGATACTAATTTAAAAGAAATTGATATTGAGAATTTTAATGATGCTGAAGAAGTTATTATAACTAAAAAAATGTCATTACCTCAGCAGTTGTTTGATAATTTTATTCCAAATATGCTAGATTGTGCACGTGATAAAGCATCCCAAAAAGCAAAAAATATTATTGCTGAGGCCCAAGAAAAAACTCAAATTTTCTTTGTTAATGAAATTGAAAAAATTGAGTATTTGGCAAAAAACAATGTCAATATATCTGAAAGTGATCTAAGCATCATTAAAGAACGAAAAGACGCAGTTAATAGTTTAATTTCTCAAGCTCAAATTAATGTTGATGCTTTAAGATTAATTATTAGTAAGTAAAATAAAAGCACGCTTAAAATTGAAAGCGTGCCTTTTGTCTAATTATGCTCTAAATGAAGATTTGATTCATCTATTTTTTCAATTTTTTGTTTATTTTTTAAGGTTTGAATTATTAAATAAATCACAATCATAATCCCACAACCAATTACAATATATAAACTAATTTTTTCAAGGTTAAAAGTTCTAAAAAGCAGTGCAACTGCAACAGTAAGGGCTATTATGGAAAAACTGCGACTTACGTTGTGATCATTTTTCGCTTTAACTGTATAGCTGTGTAAAACTGCACCAATAGGGTATCCAATACTTCCTCCAATAACCAAAAATACTGCATAATTTAATGCAGCTTTTGCATTTGATGATAAATTAATACTAATAGAGCCATTATCACTTAAAAACAAATAACCAATTGATCCTGATAATGCTGTAACAAAAACTGCTAAGCGACAAATCTTTCCTGTATATTTTTCTTTTAGGTGTAGAACATTTGTCAATAAAGGTCGATTCAAGGTTCCTCCTCCAATACCAAGAAACGATGATAGTACGCCAACAGTAGCTCCAGCAGAGGTTACTATAAATGGACGATTATGAAATTCTTCGACGGCATTGATATGTTTCTCATTGACCATAAAGCTTTTGTAGGAAATCCATAACATTAACGAAATAAAAAGTACTTTATCAAAAAAAATCCATCCTAATGTTTCAATAATAAAACTACTTAAACCCTTGCCAAAAAAACCGCCAATAAATGCCATACCGCATAAGGGCAGGGCCACAGTTAATCCAATTTCACCTCGCCTCCAGCCAATACTTTTAAATTGTTTAGCAACTGTCAAAAATGTACTACCACACATCTGTAGTAGACTTGCCGTTGCTGCAATATCTCGATTTACTCCTAGTGCTAGAAGAGCAGGCACAATATACCAACCGCCACCTAATCCCCAAAAACCTCCAGCAAGCATGGCAGTAAATCCAATTAGCACACAATAAAATTCTGTCATCAAAAACTCCTTTTTTTTACTATTGGGAACTTCTTTAAACAACGCAATTTATAAAGAAACACCCTAAAATTTATTACAAATTAGTTGCTATTTAGATTGCAAACTAACAGTTAATAAGTTATTTTATATAAAAACATAATAGCAATGATTCACTATTTAACAACAAAATTCAAGAAAAATCATGAAAATTTTATATATTTGCATCGGAAATGAATTATTACGAGGTGTTACCTTAAATAAAAATTTGTCCACCATTGGTCAAAAACTTCTTGAGTATAACATTGAGTTAACTCATCAGATTACTATTGGAGACTCTTATGCCGAGATTAATGATGCAATAAAAAATAATCTGCATTTATATGATGTCATTATTACTACTGGTGGGCTTGGTCCAACAAGTGATGATATTACAAAAGAAGCAATTGCTAAAACAATAGGCTTACCTTTAGAACAAGATTTAACTGTTAAAAAATATTTAGAAAAGCTTTGGCATAAACGCTTTAAATGTCAGCCAAGTTCTAATCAACTAAAGCAAAGTTATTTCCCAAAAGGGGCTGAAATAATAGCTAACTATAATGGCTCGGCTCCAGGTTGTCACGTAAAATATATTAATGAGTCTGTAAAATGTGATATTTTTATTTTCCCAGGACCGCCTAATGAAATGATACCAATGTTAAACGGCTATTTTTCTGAATACCTAGATGCTAATAATGGTGAACAAATATGTAATTGTTATTACCTTTGTGATGTTCCTGAAAGTAACGGCGAG
CP085689.1_gap31	1479598	1482238	2640	TATAAACTGGTTGAACATTCAACGAGATGCCTCTAAAACTCATAACATCAACAAAAAAGCCAGCAATTCATTTTTACTGGCTTTTGGAAAATAAGTAAATTATTATATTATTTTTTAAAGAATTTCTTAGCTTTTTTCAAGAATGCTTCAATCTTTGGATTAATAATTCCTGTGCTGTTTTTACTTTCTTCAGCAAATTGCTCCATTAATTCTTTCTGTTTTTTATTTAAATTCTGAGGAACTTCAACAATAATCCTTACGTGCTGATCTCCACGGTGTCCTCCTCGAAGAGCAGGAATTCCTTTGCCTCTTAAGCGTAGAATTGTACCATTTTGAGTTCCTTCCTTAATTTTTAGTTTAGCAGCACCTGAAACTGTTGGAACTTCAACAATTCCACCTAGAATGGCTGTTGCTATATCAATAGGCACTTCACATACAACATCATTTCCGTCTCGCATAAAAACATCATGAGGCTTTACATGTAAGAATACATACAAGTCCCCTGCTCTACCGCCACGCAACCCACCACTACCTTCGTTTGCTACTCTTAATCGAGAACCATTATCAACACCTGGTGGTATATGTATTTGTAGATTTTTTTCAGTACGCTTTAACCCTTCACCGTGACAAGACCTGCAAGGTTTTTCAATAATTTCTCCCGCTCCATGACAGCTTGGGCATGCTTGACGTACTTGGAAAAATCCTTGTTGCATAACAATTGAACCAGATCCAGCACAACGACTACATTTAACTTTTTTTGAGCCAGGTTCTGCTCCGCTACCAGAGCAAGTTTTGCATGAATCCATGCGGTTAATTTTAATCTTTTTATCAGCTCCAAAAACAGCATCTTCAAAATCAACTTCAAGATCGTAACGTAAATCATCACCGTCAACAGCACCATTACTACTTGTTGATTGTCGGCTTCCTCCGCCACCAAAAAGATCTTCAAAAATACTGCCGCCACCACCGCCACCAAATACTTGACTAAAAATATCAAATGGATCATGAAAACCTCCACTGCCACCAAAACCTCCAGCGCCAGCGCCACCAGCACGTTTAAATGCATCATGGCCATATTGGTCATATTGAGAACGTTTTTGTTTATCACTTAAAACTTCATATGCTTCAGATAATTCTTTAAATTTATCTTCAGCCTCTTTATCTCCAGGATTTTTATCTGGGTGATATTTAACTGCTAACTTGCGATAGGCCTTTTTCAATTCAGCATCAGTAGCATTTTTTGAAACACCGAGAATATCGTAATAGTCTTCTGACATTATTTATACCATTAAATTTTATATTTATTTATTTTCTTCTTCGATTACTTTACCGCTACTAACAATAACCATAGCCGGGCGTAATAATTTTTCACCTAATGTGTAACCAGCACTCCACTGCTTTACAACAATTCCTTCCTCTATGTCATCAGAATTTTCATGACCAACAGCCTCATGCTTCATCGGGTCAAACTTTTGACCAACAGCGTCAAAACATTTTACATCTAAATCATCCAGAGCTTTTGAGAATTCACTTGAAATCATTTTCATCCCCTGGACTAAAGAATCAAAATTTTCTGCTGAATCAGCAACTTTCATTGCCATTTTAAAATGTTCAAAAACGGATAAAAAAGGTGTTACAACGCTTAGTTGAGAATTAAATCTTGCGGCAGCTATATCTTTAACTGTACGTTTTCTGTAATTATCAAACTCTGCACGCATTCTTAGATTATTATCATTTAATTCACTAATCTTTGCTTCTAATTCTACAATTTTCTCATCGGCTGTTAATTCTATTTCTACTTTTTCATTATTAACAGCTTTCTTACTACCTTCTTCAGCAACAAGGTGCTCTGCCATCTCAGCAGCTGCAGCTGCTTTATCAAACTCAATATCTTCTGTATTATCGTGTTGTTTCTTTGTCATTTTATCTACACTAAACCTATAATAATTAAAATTTTTACTAATTCATAATAACACTATACATAAAAATAGTGTAATTGTCATTACTTGCTGTTTAATTTTTAGTTCCTAATTAATGATTAAACTCATTGTTTAGGTTTTTATTTAACTAAAAAATAAAAGCTATTTGCTAAATTACACTATTTTTTTTGAAATTCAATTATAAAAATTAAATTATTTTATTGCAGTCCCAGATACTTGAATCTCTTTTTTCCAAAAGATTAATGAATACCACATCCACTCAGTGGTATAATTTGTTTGGATATCAATAACCTTTGTAGCATCTAAACCACGAGCAGCCCTTGTGACCATTGATACAGAATCGCTAATGTTAATAGTGTCTTTGAAGTATGCACTTTTACCAACGTTAAATGTGTTACCAGCTAAAAATGGTACTGCGCCAAACATGTAAACTCCCCACACATTACCATTAATATGTGCTACAGGTACAGCTTTGTTTTCTGTTACATACATTCCGCTAAATTTTGTTCCAGATTCAACACTTGAACAACCAGTTAAAATTGTTGCAGCTAATGATGCCGCACTTAATAAAAATAGTTTTTTCATGATAAATAATACTCCTCTTCTTATATAATTAATATTATTTTAATCTATCTAACGCTCTATATGCAATATCTTTACGATAAAACGAGCCATCCCAGTTAATTTTTTCAACAGCTTT
CP085689.1_gap32	1490919	1493932	3013	TTTGCCCGCCATAAATAGGGGTCATTTTTAAATCTTTGTCACCTTTTAATGAATTTAACTCTTCAACAACTTGTAGTGTTAATTCACGTGTTGGTGTTAAAATAATTGCTTGAACATGTTTTTTATGTCCTTCTAATCTTTCGATAATAGGCAAACCAAATGCTGCAGTTTTACCTGTTCCAGTTTGAGCTTGAGCAACTACGTCTTTTTCGCTATTCAAAAGCAACGGAATTGTTAAAGCTTGAATTTCAGAAGGTTCTTCAAAACCTTTCTTTACTAAGGCTTCTAATACTTTATCAGACAACCCTAGTTCTTTAAATTTTGGTAATTTTGTCATTTATTTATTATTCACTTTATCTGCTTAATTAATGAAAATGTGCCATAACATTCACTAATAATAATTTTTCAAAATATTTATTGCTAAATTTCTTGAATTTGATTGCTTAATTGCAAATTAAAATTCTTTTCTCAAATTAAGAATATTTTTGAGCTACAAATTTGCAATTACTCTTGTTTGTTCTTTTTTTCTTTTAAAATTATTTCACCTTCTTCACATAAATTAAAGCGTTCTCGAGCAACTCTGCTGATAACTTTTGGGTCATTTTTCAGCCCTTCTACTTCAGCATTAATCTCTTTTTGTTCTGCAACTACTTTAGCTAGTTCATCTGTTTTACTAGTTAAAAATTTTCGTGATTTATCACGATTTTTTCCAACCATCATACAATAAATGACCACGCCAGTACTTATCAACAAAAAAATCATAATAAATACAGTATAAACAACGCTTTGCCCTTTGCGGTTCATAATTTTAACTCCATTTTGAATTTAATTTATATCAATTAATTCAATCCTAATTGCAATAGAAATTCAGCATTTGAATAGGTCTTTTTCAACTTACCAAGTAGCAATTCCATTGCTTCAGGTCCTGGTACACCATTCATAGCACGGCGTAATGTCCAAATACGCTGCAACTCATCAGGGTGCATTAGTAATTCCTCTTTTCGAGTACCACTTTTCTCAATATTAATTGCTGGATAAATACGTTTTTGGCTTAACGTTCTATCAAGGTGCAATTCCATATTACCAGTACCTTTAAACTCTTCGAAAATAACTTCATCCATTCTGCTTCCAGTATCAACTAATGCTGTTGCAATAATTGTTAAACTTCCATGATTTTCGATATTTCTTGCAGCGCCAAAGAAACGTTTTGGTTTATGTAGCGCATTAGCATCAACTCCGCCGGATAAAATTTTACCACTGTGAGGTTGAACTGTATTATAAGCACGTGCTAAACGTGTAATACTATCTAAAAGAATAACCACATCTTTGCCATACTCAACTAAACGTTTTGCTTTTTCAATAACCATTTCTGCAACTTGAACATGACGTTCTGGTGGCTCGTCAAAAGTTGAGCTAACAACTTCCGCGTTAACAGAACGTTTCATATCAGTCACCTCTTCAGGGCGCTCATCAATTAACAAAATAATTAATTCGACTTCTGGGCTATTTTTAGTAATTGAATTAGCCATTTTTTGCATTAAAACAGTTTTTCCTGTTTTTGGAGGAGCAACAATCAGACCACGTTGTCCTTTACCTATTGGTGAAACGATATCGACAACACGTCCTGAAAAATCTTTAGGATCATGTTCTAAGGCCAATCTTTCTGTTGGGAAGTATGGTGTTAAATTACCAAAAGGAATAATTCCCTTTTTACGCTCAGGTGAATCATGATTAATAGTCTCAACTTTTAACATTGCAAAGAAACGTTCTTTTTCACGAGGAGAACGAATTTGACCACCTACAAAATCACCTGTCTTTAGGGAAAAACGTCGGATTTGTGATGGGCTTAAATAAATATCTTCTGAGCTTGGCATATAGTTGTAACTTGATGAACGTAAAAAACCAAAACCATCATTAGTAATTTCTAGGAATCCACTACCATACATAATACCATTCTGTTCTGAGTTCGAGCGTAAAATTTCAAAAATTAATTTTGATTTCTCTAATGCACCAACACCTTCAACATTTAATTCATCAGCCATCTTAGTCAGCTCTTGCATGCTTTTCTCTTGCAACTCATGAATATTTAAACTGGGTGCAACTTGATCACGAATTACATCACGGCGGCGACCATTTCTGCCACCACTATTGCCATTGCGATTATTATTGTTATTATGACGATTGTTGTAATTGCGATTGTTATTATGTCGCTGGTTATTATTGCGATTATTATTGTTTTGCTTCACAGCTACAGCTGAATCTTCATTATTTGCTTTATCACATTGTTGATTATTTTCAACATTTACTGCTTTTTGAGTAGGTTCTTTTGGAGGTAGTTCTTGACTAGTATCTTCTTTGTTTACAGTATTTACATCATCTGTTTTGCGAGGTCTACCACGACGTTTTGTTACTTCTGCTACGTCTTCATTTTTAGAATCAGACTTCTTTGCGCTTGTTTCAATATTAGTTTGATTGCTAGTAGTCTCTTCTTTGCGAGGTCTACCACGACGGCGAACTGCTTTCGCTTCAGTGTTTTGTTCAGCTTGAACCGCAGAGTTTTCTACAGCGCCATTCGCTTCATTTTGTTTTTTTTCGGTCATACTTAACTCTTAATTTTTTATCTATTATTTTACATTGTTCAACTAATTCATTTAACGAGCCATTATTAATTATAGCATAATCTGCTAGCTCTAGTTTAATATCTGCAGATAATTGGGCTTTTTTTCTAAATTCGACTTCAGTTTTTGAGTAACCTCGTTTCAAAAGTCGTTGATTTTGTTTTTCTTTAGAACACCAAACGCCAATCACTGCCTCAAAATAAGTTTCTAAATTACTTTCAAATAGCAAAGGAATATCAAAAATAATAAATTTTTGACTCGCTGTAGCAATCCTTTCTTGAGCTTTTTTAAATATGTAAGGATTAAGCACAGCACTTAAAAAGCTTAATTCGGATAAATAATTCTCGTTTGCAAAAATTTTATTTGCAATATCTTTACGGTTTATAACCCCTTCT
CP085689.1_gap33	1515236	1518714	3478	TTTGTTCAACTAATTCAGTAACTAAGCCTTGATGTCCTACCGAACCATCATTTGTTGATAATCTTACTTCAAAATTAGCTTCTTCAAATTTATCCATTAAAATTAGGTCATCTTCACTACGCGCCCCTAATAATAACACTCCTTTTGTAACGCATTGTTTTGCTAAAATATGCGTCGCAGCAGAACCATAACCTCCCGCAACAATTACTGGAAATTCATCATCTTTAGTTGGGGTAAATGAAACACCCAATGGACCCATTAAATCACAAACTGTGCCTACCTCTAATGTTGCCAAAACCTTAGTTCCTTCACCAACAATTTTATATGCAACCGTCAATTCTCCAGTCTCAACATCCACATCACAAATACTAAATGGTCGACGCAAAATTCTGTCACGTAAATTAGCTATTTTTACATGAACAAATTGTCCTGGCTTAGTATTTTTGCAAATTTCTGGCACATAGAAAACGACTTTATAATAATCGCCTTTTAAAACTTCATTTTTTAAAATTTCACCTACTTCAGGCATATTTTTTATCCTTAATTTAATTTTTTATTTCATTATTTTTCTTTAATATACTTGCTGCATTTCTATTTTTGCTCTTTTTAACGTCAATTTTGTTGCATTAACCCATTCTGTCTAAAACTATAAAAATCATTTTTACTAACAATAATATGGTCTAAAACAGCAACATCACATGTATCTGCAGAAGCAACAATACGCTCTGTTAAATTTATATCATTAATAGATGGCTCGCAAACACCAGTTGGATGATTATGAACTAAAATTATTCCAGTAGCACTGTTCGTCAATGCCATACGCATAATATCTCTCGGATATGCGACAGTCCTGTCAACAGTACCTTTTGACATAATTTCACAACAAATTACATGATGCTTAATATTTAGAAAAATCACTAAAAATTGCTCAATGTTAGAATTTCCCAGTTTCATTCTTGCGAAATCATAAACTTTTTTAGGAGAACGCAGCACATCGACATCAAGAGCTTGTTGCTCTAAATACATTGTGGCAATATTTCTTAGTAAAGAAATTAAAATCGCACTGTTTTCAGCAATTCCTTTGACTTTTACTAGCTCCTTAATATCCGCGTCAAAAACATTAGCAATTGACCCAAATTCAGCCAATAAACGTTTTGCTAATGGCTTCACATCTCGCCGTGGAATTGAGTATGTTAACAACAATTCTAGAACTTCATAATCATGCATCCCTGCTAAATTATTGCTCAAAAATCGCTGTTTTAAGCGTTGGCGATGACCTGCAGGGTTATTTTCTGGTGTTAAATTTTCACTCAATGTGGAATTTAATTTTTTTTCTTTATCATCAATTATTGACATATTTCGTTATTAATCTGATTATTTTTAATTAACATGGTTCTAAAACTGTTAATGATTCAAAATGCCCTGTCCTTGGGAACATATCATAAACACCTGTTTGAGCAATTTTCCAACCTTTTTTAGAAAACACTTTTAAATCTCGACACAACGTATCAGGCGCACACGAAATGTAGATAATTTTAGCAAATGGCAATTCACTTAAAACTTCACGAACATTACGATGTAATCCATTTCGAGGAGGATCAACTATTAAAATTGTTTTGCTTAAATCGTTGAATCTTTTAAAGTTTTTTAATGATTTTTCAACTTTTCCAGTTAAAAATTTAACATTATCCTGTAAATCATAATCTTTTAGATTAAACGTTGCAGCAACAACAGCTTTTTCATCAGCTTCAATTCCAGTAATATTTTTAATTCCAGCTTCAGCTGCAGCCATTGCAAACAAACCAGAACCACAATATAAATCAACACAACTATCAACATTACTTTGAGTTTTAGTTTCCTTAATAATATCATGAACTTTTTTCATTAACTTATCGGTCACCGATTGATTAATTTGCTGAAAACTACCTAGCGGAGTTGAAAAATTTCCATAAATTGTTTGCTGGCGTACCCATGAAGCATTTTCTTTTGGATTGTTGCGCCAAAACAAAACTTCATCTTCACCTTTTTTATTGGTAATTTTCTTTAATGTTACACTCATTTCACGATGTAAAGAATGATAAAATCCTTTATTTGAGCGTAAATCAGCTAATTTTTTATTAATTAATTTATCAGCAATCGCACATTGCTCAATATCAACCACATTTTCATTATCACTTTTAATATAACCTAAAAAGCGTTCACGTCCTTCTAGTTGAGCATGTAATGTGATTTTATTGCGATAGTATAATTCACTATCACTACCAACAATATCATTAACTTTTTCAATATCATTGTTAATGTCAAATTTACCATTACGCTCTAACATTTCAATAAATTGTTGATGCTTCATGCGAAGCTCTTCATTGTAAGAAGCATGCATGTAAGCACATCCAGGACAAAAATCAGCACCTTTATTTGCAGTTGGTATTACCGCATATGGGCAGACAATATCAATTCGCTCTGGTGAGGCTTCAATAACTTTTAATAATTTGGCTCTTAAATAATTATGTTTCTCTTTAGTTATTTTTACTTCGACAAATTCACCCTGTAACGTTCCAGGTACGAAGCAAACTAAATTATTTACACGCCCTACTCCATCGCCACCAAAGGCTACATTATCAATTTTTATTTTAAATATTTGTTGCATAAATTTCCTAAACTTATTTTTTTCGTAAATATATTTTCGTTAAATATATAATCTATTTAGTAATTTTTAAATTGATTTAGCTAAAAAATTATCTTTTTTCCTTTTATTTTACAATAAATAGATGATTTTTTATGGATTGAGTTTATTTTATATGATTAACGAATAAAAAATATCATATGGAGTTTATTATAAAAATGAAAGTACCTTTATTAGATTTAAAGAGTCAATATCAGGATATTAAAGAAGAAGTTTTAGCAGAAGTTAGTGAACTTTGTGATTCACAGATGTTTATTCTTGGCGCTAAAGTTGAAAAATTAGAAGAGGAAATTGCTGAATACTGCCAAACTCCAGGTTCAGTTGGAGTTTCAAGTGGTTCTGATGCTTTAATTATTGCATTAATGGCCGAAAATGTTGGTGTTGGAGATGAAGTAATTACAACTCCTTTTACGTTTTTTGCAACAGCTGGTGCAATTTGTCGTGTCGGCGCTACTCCTGTGTTTGTAGATATTGATCCAAAAACTTTCAATATTAATCCTGAATTAATTGAGGAAAAAATTACAAATAAAACTAAAGCAATTATGCCTGTTCATTTATTTGGCCAACCATGTGATATGAATCCAATTATGGAAATTGCAAATAAATATAACTTGGTAGTAATTGAAGATGCTTGCCAAGCTATTGGAACAGAATATAAGGGTCGCCGTGTTGGATCCATTGGTGATTATGGTGCATTTTCATTCTTCCCTAGCAAAAACTTAGGCTGTTTTGGAGATGGTGGAATTGTTTCAGTCCGTGACGAAGAAAAAATACAACGTATGAAAATTTTCCGTA
CP085689.1_gap34	1676612	1679251	2639	TCATGAATTAATTGTTATAATTCCTCACTAATTTTTGCTAAATTTTTGCCGTGGATACAATTGCGTAACGCTTCAAATTATAGGCGAGATTTCGCAGTATAATCCTAATTTTTGTACAATTTATTCCGATTGAACGGAGCAGTAAATTGCTAGCTATCATAGCTTGAACTCCAAAGATATGCTCGACTCTGCAACGGATTTTTGAACAAATGCGATTGCTCTATTTTTCGTGATTTGTCAACGGTTTATTTATCACACCTTTGCGGTGGATTTTAGGTCGAAAACCTATCTTTTTTAAGAGTATTAACTTTTTCTTTTAACTGACATGCAGAATCTGCATAAACATTTTTGTTTAGGTTCATGACAACTAAACTTGAAAATATTTTAATTTAAGTTTTTTTATTAAATGAGTAATAAATTTATAAAACGGTTGAAAATTTCTGATGCGAAGTTTCTTGAGATTTTGAAGTATTTTGTCTACGATATTGAAGCATCAAAAATTGCAGAATTAACGAACCTAAGTCGTAGCAGTGTCAACAATATTTTAAAGGCTTTTCGATTAAGAATTGTTGTGATTTGTAAGCAAGAAAGTCTTTTTCAGGACAGTAGTGTCGAACTTGATGAAAGCTACTTTGGAGCTCGTCGTATACGTGGCGTTCGAGGGCGTGGATCACGAGGCAAAAGCATTGTTTTTGGTATGATTAAGCGTGGAGGGAAGGTATACACCCAACAATTGGATAACTGTTCTCGCCAGCAACTTTACCCAATAGTCAGCAAGAAAATTGCCAAAAATGCAACAATTTACACCGATTCTTTCAGAACTTACAACGGATTGGTTGACTTTGGCTATCGGAGGCACGATCGTGTTAAACACGGCGAAAATGAATTCGCCGATGGACACAATCACATCAATGGGATTGGGAATTTTTGGGGCATTGCCAAAACTAGGCTTGCTCGTTTTAAAGGTATTTCCAAAAACACGTTCTATTTGCACTTTAAAGAATGTGAATTCAGATTCAATTATAGGTATAAAAATATCTATAAATTTCTTCTGAAAAATTTTAGAAATAAGCCGCTTAAGTTGTCATGAACCTTTGTTTTAATTGGTTTTAGAAATAAACCTACATCTATAATTGATTGCATATTGTCAGCAATAATTGCATCATTAAAAAACTGTAAATAAAAAAATACTTTTGGAAATATTTTCCAAAAGTATTTTAATTTGATCAAAATTTAGATTAAATTAATCAGCATACTCATACTCATGACTGCGAACAAGGTGTGCGTTTGCCCAGTCAGCATGATCCCAACGGTCGCTACCTTCTGTTCTAACTCTCAACCTTAATTCTCTTACGCCACAAACATTTACATCAATTACTTTTGTTGGTGTCCAAGGTTCCATAGGTCCACTATTGTAAATGATTTCATTATCTCCATATACTCTGAATGAAACTTTACCATTTACGTCAGATTCTTCATCAACACCAATATCAGCACGGAATCTATCATAATCACCATTGATTTGGAAAATCATCTGTGATGGAGCGTGAACGCCAAGACCTTTTTCATAAGTGCGTGGATCCATACGTAATGTCTTACCATCATATGCACCTCCTCCACCTACAGTTTGGTCAATTCCAATTGGTCCATGATCATAGCTATTGTTATAAGCTTCTTTCACTTTTAAATCAGAAAGATAAACGATTTGACCACCTTGAATCGTATATTCTTCAGGAATGTGATATCTTAAAATACTAACAACAGGAGCATGATCTGATAGTTGCTCTCCATTTCTCGAGAAAAGTAAAGGATATAAATCCTTATCACCAGGGGTATTATCAATTGTTTCAAAATGTTCCAATGTAAGATATACTTTTTCTCCCCCGCGGAAAAAGATTCTATCAACTCCACCAAATCCATTATAACTATCATCTTCTGACCACTTTTCAGAACGAGAATCTGTTAATCCATTATCATCTCGTAAATCCTGCATAAAGTCGTCCCACATACTTGCATTAAAGTCCCCCATAACAATTACAGCATTCCCTCTAGGAATTTTTGTTTGGATGTAAGCACTTATTTCATCTACTTGTGCTTCAATATTCTCGTGACTGTCACCAGTGTGTGCATTGATAACATCAATGTAGATTTCAGGATATACCATTACTTTACTGTGAAGAATCCCTTTATTAACATAAACCTCATTGTTTGAAAATGTAAGTTTTCTTGGTTTTGTCATTGGAAATTTCGAGAAAAAATCTAAACCATTCCCTGTAGTATAAATATGCTCACCCTTTGAATAATATGGGAACCTCAAATCTCTATTAAATTGAGAAAAATAGCTCCATAGTTCTTGAACGCCAACAATATCAAATTTGTTTAAATGCCTCCCCATTTCTTCTACACGTCCAGATGGATCACCCGCTGTACCTCCCCAAAATAATGGCCATGGAAGAGCTCCTATATTGTAGCTTATAACTTTAAAAGTTCCGTCTGCACCTCCTGCACTTGCATCTTTTGTTGTTCACAAAGTGGATGCTAATGCAATACTGCCAAGAACAAACATTTTTTTTAAACTTGTGATAGTTTTTTTCATAACTTGTTTTCCTTAAATTTATTTTGTTTTATTATTGTTTTTT
CP085689.1_gap35	1737739	1742183	4444	AAGGCTGGGGAGCTGATAAATTACGCTCTGAACAAAATAATTTAATAAACAGCATTCACGGGTCAATAGTTGCCAATAGTATTGACTCTGGCGATTTAATGGGTGCTCAAGCTCAATTACAGGAGTATCAAAAGTTTTTAAATCCAGCACAAATGCAAAAATTATCAACCGTCTTACAGGAGCGTAGTAAAATGGCACAAGTGCAAACTGATACCGAATCAAGCCTAGATTTTATTACTAAAAATGGTGGTGACTACCTTTTTAATAGTGCTGAATCATTCAACAATGAAGTTGCTAAAATTCGTCAAAACTATTCGGGTAAAGAAGAGGAAGAGCGTGTTAATTATCTCAAAAATCGTTATAATGAAGCAGTAAAAGCAAATACTATGCAATTTGCTAGTGACGTTGCAAACTCAATGAACAGTTTAAGACGTATGAAAACAGTTGCAGAACAAGAGTTTGCCATAAGAAACATCGCCAATGAGTCATTGCGTAATGAAGTTCAAAACCGTTTTAATAAGCTCAAAAAGAACTCTCAACAAACTGACCCAATGGCATTACAGCATCAATTATACTATTTCAAGCGTGATTTAGACCGTGGTTTCACAGTAGAAAATGGGCAAAAAATTGCTCTTGACAGTGAAACAGCTTTCAATGATTTTTTTAGCCGTGAGAGTTTGCCAATTAAAGAATATGATAACTTAAAGAAACGCTTTTACAAAAAAGGCAATCATGTTACTAATGATATGCGACACACTGCATTAATTGCCAATGGTATTACAGCTGAACAAATTGCAGATAATGAAGAGTTAGATTTAATGCTTGATGGCTACTTAGAAAACAAATTCGGTATTGACGAAGAGCGTACACCAGAAAAAATCAAACGCTTAACAGCTGAATTTTTGGTCAAAAAAGTTACTGATAAAGATATTAAATGGCATAATTCAATTGAAGCTCAAGATGCATTTAAAAATACAAATAATGGTATGTTTGATGGAAAAGTTGAGCTCAGTTTCACTAAAGAACAAATTATTGAGCGGATCAAAGAGGAAAGAATTGATAACTTAATAATTGATAAACGCATTAGCCGAGCACGAGCAAGCAAAGAAGTTGCAGATGACCTTATTAATAGCGATGATATTAATAACTACTTAATTCGTCACAATATTAAAGATAAATACTTGGGGGAGTAAGTCCATGCATGATGATGAAAAATTAAATATTTTATTTACCGCAAATACTGTTAATAGTGAAAATGAAGCATTAGCAGGGAGTCAATATGATTATGCTAAAAAGCATAAATTGCCAATTGAAACAGTACAAAATGCTGATAATAACCTTTTGCAAGAACCTATTAAAATTGATAAAATTGAGCCAAAAACAAAACAATTTTTGCTTGATAATCCAGCACGCACAAAAATTTTTAATAATGTTGCAAGTACTGACCGTCTTAATAAAATAGAACAATTATCAAGCAGCTATAAAAATGCTCAAGATGATAATTTTGTTGCTCGAGAGTACACAGATGAAGAAATCAAAACTATTGAGAGTAAACTAGATTTAAAATTTACTGGTAACGGACGATTTATCCCGGCAAATACATTTGTTAGTACAGCAGATCAACAAGAAATTGATAACTTGCCAATGGATAAAAAATTTAAAGATGTGTTATTTACTGAGCCAAAAACGCAAGAAGAATATTTTAATATTGACCCAAATATTGACGTTGACATTTTTAATGATTATAAAACTGTTTTAAAAAAAGGATTACATGATAAAAGAGCCACTGAAAGTTTGAGTTATGGTACAAAAAATATCAATACTCAAGATGTAGTCCAACACCGTATAGGTCAATTTCGCGACTACGGCAAAGCTCTAAATGCAGGTATACTAATGCAAGTGTTAGACATTGAAACAGCTGAAAACTGGCAACATTATGCCGAAGTTGACAAACCAATGCTGCAAGATCTAGTCAATAAATATGCAGATATTTACAATCTTGAAACTATTGATGTATCTGAGCTTGAGAAAGAGGGTGCATCTTGGGGCAGTGTTGGCAAAAAGCTAACAGATACTTTTACTACTGCTAAAGATTTTATAAATGGTAAAAGTGAAAAAATTAAAAACTTTGATAATGAAAATATCTTTAATAATGATTCTCAAACGATGAATTATATTAACGATGCCTTAGAGGATAACAATATTGCCAAAAAAGGAAGCACGACAGGGAAAAAAGTTGCGGACACAATTGCAGCTAGCACCGCATTTATGGCGGAGTTTGCAGTTAGTGCCATGTTTACTGGTGGCTGGGGTAGTTTTGCCAAAATGGGAGTAAAGCAAGGATTTAAACAAGTTGTCAAAAATTCCGTAAAAAACACCTTGAATTTAGGGCGCTTAGAGCTGCAACGTAATGCCTTAGTTAGTCCAAAACTTTTAGCTGAAGCAATGAATGAACGTCATGATGTCACTCTTGACATTGACAGCGCAAAAAATATTGTTGCAGGAGTAAAGAAAACTGATTTAAGCGTGGTCGAAAATTTTTCAAATAAGTTAATTAGTAATTTTATTGAGGGCTATATTGAACGTAGCGGAGGGCTTTTTATTGGTTCAGCTTTTGGCAAAGCAGTGAGCAAAATTCCAGTAGCAAAAGTGACTGCCAAAATTCCAAATGCCGTAAAACAAAATATCTTTGCAACTTTTGTGGCAAAAAATAGTGCAAAATTAGCAAACTTTGGCAAAAAAGCTCAAAAAGTTACTGCGTTCAATGGTTTTATTGCAGAAAACTTTGAGGAAGAAGTAACCGCCTTTAGTAACTATTTATTAACTCAAGTAGCCAATGAAACAAATATCAAGTTTTTAAATATGCACCAAAATAGCCCTACCGTACTAGGCAACATGAACGAAAATAGTTTAATTCAACTTAGTAGTATTGGTTCAAGTTCTTTAGCATTTGCCTCTCTAGGACTGCCTGCAAATTTACAAAATTTACGCTTGCAAAAAAATATGCAACAAAACTTAGAACTGCAAGAAAAAGTAGTAGAGCTTATCCATGAAGAAAAGATTGCTAGTAAAAGTGCTGTGAGTGAATATTTTGAAGAAGTCGGACTTGATAATGTACTAGCTCTTGATGCAAATAATGCTTTAACTCTCTTTCAAGAGCGCACTGATATTGCCAAAAGTTTGAATATTGATGATAATAAACTAGCTGAAATTGAGAATAAGGCAAAGCTTGGTGATGCCGTTTTATTTGATTTTAGTGAAGTTGCCGTCAATTTAAAGCCAGAACAATATAAAATGCTCTCTACTCACGTTGAAGCAATCAATGGACGTATGCAAGCACGCAAAATATACAATCAAACTAAAGCAAATGATTTAGCCGAAACTGTCAAAAATAACGACAAGACAATCGCAAAAGAATATATCACTAAAGAAGTGCAGAACCGCAATGCTTTAACTATTGAATTAGAGCGTTTACGAGATGAATTATTAACTAGCAAAGTAAGCAATATTGATGCAGAAAATACCATCAATGTTTTAAATAGTTATGCCGTGACAACTGGTTATAATGAGAATTACCAACCATCAGACTTATTGAAAAACTTGAGTTTTCAAAACATTACAGCTGAACAGTTAAAAAATGGTGATATGTTTCAAGCCGCAGCAGCTTTACGGCGTAAGACAGACCCAAATAATGCGGAAAAAAAAGGACAATTAAGAACTGGAAATGTAGCACATAATAAGGCTTTTTTAAATGATTATGGATTGAGTCTAAACAAAGGTCTTGATGTAGATTACGAGTTTATTTATGGTCGCCATAGTGCTAGTTTTATTGACCAATACGATGCAAAAGATAAAGTTGAAGCAGTTTTAAGCAATCCAGAATTTACAGTTAAGGATAATAAACATATAGCAATTTTAGCTCCAGTTGGAGACAAATATTTTAAAGTCAAAATAAAAGGAAAGCCTAAGTCTCGTAGAGATCAAATTCGTTCAGCTTTTGAAGTAACTGAAAAACAATATTTAAAAGACAAAAAAAACCAGCTACCTCGACCTGTCTCGGAATTGTCCGACGGTTTAATTGCGGACTCGGCAACTAAAAAAGTTTTCAAGCACCCGCTAAGGGAAGCTGGTAATAGTAATGTAGCAGAAAGTAGCGATAATGTCAAGCAAGATACTTTCAATCAAGACCTTAAAGGGGCAATTTCATTTCTAGAAAATGGTAGAGCCGTTATTAGTTTAATTGAAAATGAAAGCGATTTTTCAACCATTATTCATGAGGTCGGGCACTATATTCATAATATGTTTGAGGATTTGTCAGCAAGCCATGATGCATCTAGTCAAATAAAAACAGATAAAACTTTGCTTGATGTTTTTTTAGATAATGACACAACTAACGAAGTTGAGCGTAAAGAAAAGTTCGCTCGTGCCTTTGAACAATATTTTT
CP085689.1_gap36	1744451	1747616	3165	ATATCTTCGAAACACACCTTAGCAAAGATTTAGCATCTACTTATAAAGAAATTAATCATGTCAATTTAAAAATGATTGAAGCTGATAGCTTTGAAATTACGACTAGTGATGGCGAACTTAAAAAGATGAAAGGTGGCTACTATCCCCTCTCCTATGACTTGAATATTAATAGTGACATTAGAGAAAAGGAGGAAGCAAAAAGCGTTTTAAATGCTCACAAAAACTTTTTAAGTCATCCAACTAACGGCATGATTAAAGAGCGTAAAAATAATGTTGATCGAGTTGTTAGCCTTGAGTATGGTAAACTTGCAGAAGCGCTCTTTGAGAGCATTCACTATATCGCCTATGAGCCACGTTTAAGAAAAGTTAGTAAACTACTAAAAAATAACCAATTGCGTGAGAGTATCGAACACAAAAAGGGAAAACCTTTTTATAAAGCATTAAATAAAATTGTCAATAACGTGCGTGTTCCAAGCACTAATAACGCTTTATTAAGTGCAAAAGTTTTCGAATGGAGTCGCACACTAGCAATTACTAAAGCTTTGTGGGGCAATATTGGCGCAAGTTTGATGCAGGCAAGTAGTTTTACTTCTGGAATTGCAACAGTCGGCTGGCACGATTATGTCGCTTACAATATCGAATTTCTAAGCAATCCTAAAATGGCTAAAAATGAAGTCTTTGAGTTATCGCCATTCATGCGTGATCGATTTAACAATGTTGATATTGACTTAAAAAAATCTATGAACTCAGTAAAAAACAGCAAAACAAAAAACTTTATAAAAGGTACGGCAAATGCTGGCTATATTGGGATAAAAATTATGGATACCGCTGTAGCATTTCCAATGTGGCGAGCTGCTTATTATCAACAATTAGAGAAACACGGCAATAGCAAGCAAGCAGTTATTTTTGCAGATAATTTAATTGCTACAACTCAAGGTAGTAGCCAGCTCAAAGATATGAGTGTAATGCAATTGCACCCTCTTGGTCGCTTTTTTACGATGTTCACCAGTGCTACTCAAGCATTAGGAAATCGCTTTTATACTCACGGCAAGGCAATAACTAAAGGACAATTAAAAGGCACTCATGCCGCATCATTTATTTTTAGTGAAGTATTAATTCAAGCGATGATGCAAGGACTAATTCGTTGTATTGCAAGTGGCGAGCTAGACCCAGCTAACGAAAGAACTCAAAAGCTATTTGCTAGTGAAAGCTTGGGTTATTTTTTTCAAGGGTTACCAATAGTTCGTGATGCGTTTAGTTTCACTTTTGCTCGGACGATGGGGGAAAATGTCTATTTCCGTGGGATTGGAAGTCCAGCAGCAGAAGTACCAACATGGGCGATAAAAACACTTAATGATATTTTTCAAAGTGATACTAGCAACGAACAAAGACTTATTGCTATATCAGAAGCGGTTTGTATTCCTGCGGGGTTAAACCCAGCAAAAGTATATAAACAGCTTAAAAAATTCAATAAAAATAGTAATAACAAAAATAATGATGCAAAAATAAACTTAAATCTTAGATAAATATCTAGACAACTATTAGACAACTAAACAATTATCATGTATATTATACATAATTAATGGGGGATAATAAATAATGACTGTTGAAGCAGAAAAACCTTTAATCGTTTATACGGCTAACGGTACAAGTAATGAATTTCCAATAACTTTTAATTTTATAGACAAAAACCATGTTAAGGTTTTGTTAAATGACCTTGAATTACAAAATGGCATTGATTACACTGTAAACGATAATACCGCAATATTTGCCGTTATTCCAACACAAAATAGCAAAGTATTAATCAAGAGAAACACTCCAATTGAGCAAACAAGCTTTGATTCGGGAATCAACACCAAAACGTCGACAAAAGCTGTTGAAGCCGCCCTTGATGCTGTTACAATGGCACAACAAGAGATTCAAAATCAAAATGATAGTACATTAAAAGTTGTGACAGCTCAAGACCTTAATTTAGAAATTGTAAGTCAAGAATTAGCAAACAAAGTAGTTTGCTTTGATGAAAATAATAATTTAATAGTTCGCCCTAAAAGTGATTTTGACGGTAAAGCATTTGTATTTGATGATTTAACAGAACAACAAAAACAAGAGTTAGTCGATTTAATTAATGACGAGCGTTATGCGGCTATTAATCACACTCACGAAGAGTTAGGCAACGGCATTTCAGCTAATGCAAATAATTTAGAACAGCATAAAAATAGTTACCATGCGCCTAAGCCTAATTTATGGATTAACCCTAACGGGGCAATTAATCAATACAATATTGACAATGCACTAACCAAAACTTTAACCGAAAGTAATTATTGGATGGATCGTCACTTTTGGGATATTCCCAATAATGATGAAAACTTAGAAATTGAAACTTTTAAAGGTGGCGGTTATAACGTTACGGCTACTGGCGAAACTTATAGTGTTATACAAGGCTTTGATGTTGGCGATTGTGCAAATCTTTTTGGTAAATTTTGCACAATGACAAACATTTCAAGCGCTTCAATGAGCAAGCAGATTATTTTAAAAACCAATGATAACAGTAAAACTATTTTAAACCCAACTTCATTGGACAATAACTCTGCAATCTTTGATTTAACAAGCTATAATTTAGCAGACTACAACGAAATTTGGTTTAAGTTTAGCTGTAACGCAACTGATAATAACATTGATTATTTAGCAGTCAATGAGGGCGACAAATTCTATGGAGTTGCTGAAGTTGAAACAGTTAGCGAATTATTTAGATGTCAAAAATATTACCATATTGAAAATATTAAGCCAACCCGAAGCAGTGGAGTTCATCTATATTATTGTCGGTTTAATGTTGCTATGCGTTGCACTCCTGCACAAAAGTATTTAGCAGGTGATACTTTTAAAATTGTTATTAATGATTCTTTGGGTTTTTATGTTACCGCAACAGCAAATTCTGACAAAGACCATTGGTACGCTTTTGATGCAGAATTAAAGTACGCACCAAGTCAGCCAAGCGCTTTAAATGTCGCTGATTTTACCTTGCAAAGTGGTTCTATTAGTGACGATGACGAAACCGCATATTCGCCATTATGGCTGCAAAAAGAGGGTAATTATTTAAGGTTTTCAAGTGATCAAGACTCTACCCACTGGCTCTATGATTTAGCGACTCCATACGATTTAAACGGC
CP085689.1_gap37	1786119	1787335	1216	GTAGTGATAATTATGTCGTGAATGTGTCGCAAATTCTAAAGCACGATGAGCGTATGCATAATAATTTCAACATTAAAGTTTGTGGTTCAACGCCGATGGGTGCAGCTCTTTGGAGCGTGTTGCAAGCGTTTTATCAGCGACGTGAAAATCGTAAGATAATTTTCATCATCACTGACGGCGAACCAGATGAAATCGACAACGTAAAGTTAACACTCAAAGCTGCTGAAAAACTCAACATTGAAGTCTATGGTATCGGCATCAAAGATACCCATATCAAGGATATTTTACCTCAAAACAGCAAAATAATCCACAACTTAACTGACTTAACCTCAACCATAAAAACATTGCTAAAAAAGAGTTTAATTTAATTAAAAAGAGAGCTAAATATGCTCTTTTTTTTCTTTAATTATGAAATTTATATTTTTTATTGAAATGATATAGTTTTTGATTTAATGTATTAGAGATTGAGTTTCAATTATTATATAGAAATTAATTAGTAGTGTAAAAAATTGTGATAAATTAATTATAGGTGAAGTAATGTTAAAAAAATATTCTTTTGAAATAATTTTAAGTGCATTTTTAGTTATCATTATTAGTTGTGTGATAAAGTATTGGATTCCTTTGAAGTCTTTTGTAGGCATCAATAAAGAAATTCTGACCATTTTAAGTGGAATTTTAACTGCGTTGTTTACAGCTTTGCTTTCAATTCTTTATACTAACTGGCGTTTATACAAAAATGAGATACAGAAAAAGGAAAGAGAATATGATGAATTTGCTTCTATTTGTAATGCATACACCAATGAAATTATTAGTTTTTTAAAAAGATTTTTAAAAAGATATGGGAAAATACACGAGTCCAATATTTTTGAAAATTTTAATTCTGATGACCAATCAATTATGCTAATTGAAAATTATAAAAATAAGTTAAGTCATTTAGATTACGTACGAATTAATAATCTTTCACCAGCTAGTTTTGAAAATTATGAAGTTGGTTTAGAATATTTAAAATATTTAAATAAGAATATCGAAAATGCTAAACAAAAATTAAAAAATGAAAATAATTCAAAAGAAAATAAAAATATCTACGATTATAAAGAGATTTATACTTCTGAATTTATGAATGTAGTACTTTGTATGGTAAATGCTTTACTTGAATTACAGTGTGACGCTAATAAAAAGGGTATAAAAATTGATATTAACTCAAAGGCATTTACTA
CP085689.1_gap38	1802120	1803783	1663	AAATTGACACTTGAGGCTAACATTAATGAAATTGATGAAATAAAAGATTCTCTTGATACTATCTAAATTTTAAATTACATATTTTTAATAACTCTTCGATTTTTTCTAATGGTAATTTGTCGATGATTTGTTTTAGTTGGGTACGTTTTTCTTGTAATACTTTGTCTTCTTCTGTTTGGGTATTGCTAAAGTCTACATTCATATCTTTGAATGCATTTTTGATATCCCGTTGGTTTGCGTGCATTGAATAATGTTTTGTCATCTCTGGTGACATATGACCAACCACTGCTTGTACGACTGCTAGAGGAACGTTGTGCATTCCAGCGTAATAGCAAAATGAATGGCGTAGACTGTGTACATCTTTTACACTTACTACTCGTGTACGACCTTTAGGAACCTTACTGGTAGTAATGTTGATGCTTTCAAGGAATTTTTTAACTCTATGTGAAATCCCAGAGACGTTTTTTTCGTACATTTCAGCATTTTCTGGGAGGACGTACTCAGATTTATCTTTAAATGCTTGTTCTTGCAGAAAAGTTGCTAATGGTGGCATAATCGGTATCATAACCTCTTTTTGCGTTTTACGAGTCATACGGGTAATTAAACCTTCATTGAGGTTGACTTCATTCCACTTCAACAAACAGATGTCAGCTTCACGCAATCCAGTGTACAGGCCAACTGTAAATAAACCTCGAATAAAGTCGTTTGCTTTTTCAAATATTAGGGTTAATTCGTCTGGAGAAAATGCTTCACGTTTTTCTTGACTTTGCTCTAGCTTTTTAACTCTTGAGAATGGACTTTGTGTTAAATTAATATCGTCAACTAACAAATTGAAAACTTCGTTTAGTGTCACCATATAGCCATTAATTGAGCGTGGCGACAGCATTGACTTTTTATTTTTATACTCGCTAACTTTACCATCTCGTAGAAATGTCACATTTTGGTTAAATTTACCTGACTTGATTAAATTGCTTACATACTCTTCAGCATGTTTGGGCGTGACTTCGCAAACAGTTTTTATTATATTCCATGAAGCTCAGGAAATCTTGCCATTGCTGAGACTTGGCTTTCATAGACTTTTCGCTTATTTTTCTACGTCGTGGTTTATTCATCGCAACTTCAAAAGCATTTTTCAAGAATATGCGGTTACTTTTCAGAACACGGGTTAATAATAAAAGAATCATTGAACAGCTTGTAATAATTATTGTATGGTGGTAAATTAGTTTATTGATTATCATTGAAAAACTGTTGATTTTACAGTGTTTTTGCACTCAAAAAAAATCGTAGCCGTTTGATGCCATAAAAGAATTTTTCAGTGTCAAAAAGTACCGTTTTTTGATAATTTTATTTTTCGCATCAATTTAGCTAAATCAGACATTTTGAACTTAAAAATTAATATTTTTGAGGTTAATTAAAAAATAAAGCTGCCATTCCCGGAGTGCCATTTTTACCCTCAAAAATTTGAAAATTATTTTAAAAAACTGAAAAAAAGGCCAAATCAAGCTATATCAGATATTTCCCCATAAAATTAGTGTTTATAAATTTGTTTAAATTTTAACAATACATTTAAAGCTAATCACGTTTTGATTTATTATAATAAACTTCACATATAGAGCGTTTGCTTACAATGATTTAGTTATAGAATATATTAAAGCAACCTATA
CP085689.1_gap39	1833763	1834520	757	AATTGCTTTTATAATTCCCTTTATTTTTATTTAAATCTCATTAAACAATTCAAATGTTTTTATATCTTTTAACGATAGCGAAAAAGACTCTTCTCTCTGATCTGGCATTTGAAAATTGATAATAGATTCATTAATAGGAGTACACTTAACTTTATTTTTGTTCATTATATTGCTAATTTTATTAAGAATATGCTTATTTTTATAATCATCCATATAAATATAAAAATGACCTTCAACCTCTTGGGTTTTCGGGGAATATAATAGCGCAAACTTAGAAAGACCAATATCTTTTGAAACATCACAATAAAACCCCCAGATAGCCGTTTCTAAAAATATATCAAAATTTTTACCAGCCAGTTTAGCTTTTTGATACGCATGTTCCCTTAATGATTTCCCCTGTATTTTTCCAATACCGCTTACAATTAACTCAAATATAGGATCTTCTAGCTTGTATGGGATATTAAAATAACACACTCCAGACCAATAATGATGCATCCAATCATTATTATCATCATTTTGATTAATTTTTTTTAAGATCCAATTTGAATCAACCTTTGAACAATGATTGGCTAAAAAATGAACATTAACAATATTTTTTAATTTTTCTTGTTGCATGCTTTCACAATTAAACCATTTCTTAATCGCATTTTTAGCATCTTTCAAAGATTCAAAGAAGAAAACTCCAGTAAATCTAGAAACTTCATTTGGAAAATAGTTTTTCCTAATGTGTTCTAAATGAAATTCATTTCTAATTTGA
CP085689.1_gap40	1897795	1899416	1621	AATTTAATGTTAAGGATTTATCAAAATGGCAAACAAGTTTACCCTCCAGTCGACAAAGCTATTCCAAAAGATGTTTTAAAAGCATTAGAAAAAAAAGCGACCTTTACAATTCCACCAAATACAAATCTTATTGATTTTGCTAATATTTTAAATAAAAAATATAAAATCAATGGCTCAATTGAAGGTAATGACTTCGTTATTAAGCTTTAATTTTATCTATTTAATATATAAAAGTGATGAACATTATTTAATAATTTTGATGCTCATCATTTTTTTATTATCTGTTTACGATAAATTTCATCAACTGGAGGTTCAATTCTCAAAAATTTCTTTTTATTGTCCATATTTTTTTCAAAATCTAAACAAGCTTGACGAACCGCTAAAATCATTTTAGGCTCCATTGAAAAATCTTTATAAAAAACATAAATCACAAATTTATCAACCCGCGAATATGAAGTTATCTTTGTAACTCCATCAATTTTTGCTAGAATGCTCTCAAGTTGTTCAGTGTATTTTTCATTCTCCATAGCATTAGATGATCCTACTGAGGCAATAGCATATTTTACTTGAATAACAGGCTTTGGACTTCCAGCAAATTTGCACCCAGCAACCCCAAATATTAATATTATTATTATAATGAAAAATTTATTCATAACTAATCCTCTTTTGTTAGAAATACAATAAAAATTTTATATATACTAATAATATAAATGACAAAGTTTAACTCTAGATCCTAAAAAGCAGAAAAGTTAAAGAATTTATCAACTTTTCTGCTTCTAGAGTACTTATAAAATATGATTTTAAAAAATTATTATGACCAAATTATTTAAAATCAATAACAATTCCTAAGAATTTTTGAATCATTGGTGAAAATTTTACCACCAATGGTGAAAATACAATGCTGACCATACTCATTAATTTGATTAAAATATTTAATGAAGGTCCAGATGTATCTTTACATGGGTCTCCAACAGTATCACCAATAACAGCAGCACCATGAGTAGGATTTTTAGATCCATCGCCTAGCTTTTTACCACCATGATTACCTTTTTCGATGAATTTTTTGGCGTTATCCCAAGCTCCACCAGCATTATTAAGCATCGTTGCTAAAACGAAACTACAAACCAAACCACCAGCTAATAGTCCCATTACTCCAGGTACTCCCAATACCAATCCAGTAATTACTGGTACAATAATCGCTAATAAACTAGGCACAACCATCTCACGTTGAGCTCCAGTTGTTGAAATATCTACACAACGAGCATAATCTGGAGTTTCAGTTCCATCCATGATACCTGGTTTTTCTTTAAACTGACGACGTACTTCATTAACCATCGAACCAGCCGCGCGACCAACAGCTTTCATAGTCATCGCACAAAAAACAAATGCCATCATTCCACCCACAAATAATCCACATAATAAATATGGATTCATAATATGCATTTGGAATAATTCAACAAAATCCAAAATATTTAATTTTTCAGCAGCAGCATTTGTTAAACCCATAAATGTACCATCACTAGATTTATCTGCTAATTTGCCAACCCAAATTTTAACTTCTTCAATGTAAGCCGCTAACAAAGCCATCGCAGTTAAAGCAGCAGAACCAATAGCAAACCCT
CP085689.1_gap41	1945083	1948156	3073	CTGGCGGAATACTCATATAATCAAGCGGGATAATTTTTTTGCTAACTTTATTTTTGACGATTGCGGTTTCATTTGCCATTTCACGCTTATCTGAAGCACTAAATGAAATATAAGATCCGCTCGCCCAAACGTAAATATTTGGTGGAGGTTTAATTTGCACCCAATCACTGCGTTTGTCATTAACAACCGAAACAGGCATTCCCTTTGGAGCTTGTGCATAAACTTGATGGTTAATGCTTGGCCCGCCTCGTAGATTAACTTTAGTTGTAATCTTACCATCTTTAACAAATTTTTTGCTTACCCACACTTCAACATTTTCTGGAGCTTTTATTTGTAACCATGCCCCTTTTTTCCCAATAACTTCTAACTTATCTCCATCACTGGCTCTCCCCACAGCGGTATACAATGTTGATGGCTTAATACGCAAATTTAAGTTATATGCTTCAACTATTCCTTTATACGCGCGTTGAAATTTCACATACGGCTCTTCTTTCTTCTTAGCCTTTGACACGGATTTCTTTTTATTCTCGGCTTTTTTTGCTGATGGAGTGTTAGCAAAACTTTGTAGCGTTGCTGTCAAGCAAATAAACGTCACAATTAATTGATGCAGTTTTCTTTTCATTTTATTCTCCCATAAAAAATGAATATCTTTAAATATCTATAATTTTTTTACACTATTTAACAATAACCTCATTAAATGGTAATTTCTACTTGAATTATGATAAATATAGCAAATATTATAGTCTATAGACATTTAGAAGTAGCCTTTTATAAATTTGTTATAAAAACCAACCTTATAAGAGTATTTCAGTAATACTCATAATAATCAAATGGCAGACAATTTACTCAATTATTTTCTAAAATATTTAGAATCAGAAAAAAACTACTCAGTGAATACTATCAAGAGCTATTATCTTGATATTGCCCAATTTTCTCGCACAATTTTAAAGAGTGAACCTGAAAAAGCATTATGGAAAAATGTTGAAATCTATGATGCTCGTAGTTTTGTTGTTGAGTTAGAAAAAAACAATTTGAGTAGGCGATCAATCAATCGTAAAGCTTCAGCATTGCGCGCATTTTTTAAATTTTTAATTCGTGAGGAATATTTAAAAACGAACCCTTTTAGTAATTTGACAACTCCAAAAACAGGTTCATCATTACCTCAATATATGACAATTGATGAAGTCAATTCATTAATGAACGCAGTTCATAGCTATTGGAAAACAGCCGTTGCCAAAGAATTATCAAAAAACGATGATGACGCATCATTTGCTTGCGCACGCGATACGTCAATTTTAGAACTAATTTACTCAGGGGGCTTACGAATCAACGAAGCAATGAATTTAAATTTACATGATTTAGATATATATAGTGATGTAATTAAAGTTTCAGGCAAAGGCAAAAAAGAGCGCCTATGTGCACTTGGCAAATTTGCTATCAAGGCGTTGACTCATTATTTAAGCGTAGCTCGACCTCGCCGCACAATTAACAACCGAGAAAATGCACCTTTATTTGTTAATAAACATGGAAATCGCCTAAGCGCTCGTTCATTTCAACGTAACTTTAAGAAATATCTAATTGAGGGGAATCTACCTATAGAATTAACCCCGCACAAATTGCGACACTCTTTCGCAACTCACATTCTTGATGCGGGTGCAGACCTACGTAGTGTTCAGGAGATGTTAGGGCATGAAAATTTAAGCACGACACAAATTTATACTCATGTTAGCGTGGAACGTTTAAAAGAGGTTCATCGCGAAAAACATCCACGCGCCAAAGGTTAATTTCACACTCTTTTTTGCAAATTTTTCAAACGATACTACATTATAGAGAAATTATTATACAATTAATTTTAATTTAAAAAAATTATAGAGACTATTATGAACGAAATTTTACAAAAACGAATCGAAAAATTTAAAAATATTGATATTTATCCAGTAATTTCATCTGAATTTTGCAATAAAAGACCTCCTGTTCAAATTCTTAAAGATATTGCTGCTGGCGGTGCTAAAATAGTGCAACTTCGTGAAAAAAATATGACTAAAAATGAAATCTTCCACCTTGCGATGGAATATCGCCAAATAACTAATTGGTTCGATATGTTGCTAATCATTAATGATCATGTTGATATTGCCTTGGCAGTAAAAGCTGACGGGGTACATTTAGGTCAAGACGACTTACCCTTAGTTGCAGCACGCATGGCATCTAAAAAGTTAATTTTTGGCTCGTCGACACACAATATGCAAGAGGCTATTGAAGCTATTAACGACGGTGCATCATACATTAACGTTGGTCCTATTTATGAAACACAGACCAAAGAAGTTGGCTATGATGCCGTTGGATTAGAGCAATTTAAACAAATTAATGACCAAATTGATATTCCAGTTACTGTAATGGGAGGAATTAAAGAACACCACATTGCAGAGTTAAAAGCTCATGGCGCAAAACGCATAGCTATGGTTACTGAAATAACAATGTGTGATGACGTTACTAATAAAGTTCAAGCTTTACGAGACCTAATAATTAACTAAATTAACATAGATTATTTAGTTAATAGCAAACTCAAAATAACGTAACTTATAACAGGTATTGATAACCATGCTAAAATGGTTATTGATACCTTTACTATTATTTTTACTGCAGAATATTTTAGTGGTGGACAGTTTAGTGGTTTCTTTAATGTTAAAAGAGAAACCGTACCAACTATTGGTGCAATCAAACTAACAAAAAAGTACCAGTAAACAGTCAAAGGTTGCTCTGAAGAAATAAAAACTAAATTGATTTTTTGCCCACTATTTAATGCTAAAATTGCAAACACAATAGTAGTCCCAATTATTGTTAAAATCGATAATAAATTTATTCTCAAATAAGCAGAACTTTTTAAAAATTTCCCCTTTGCTAAAAAATATTCAAGCATTGAAAAAATAGTTACAACTACTAAAAGTCCTGCAATCGAAAAATTAAAATTAAAAAAACCATTATGTTTCGCTGCATTTAAAAATGACAACGTCATCAGCATAATGATTCCGTAACTAACAGTACAACTTATAATCAACGCCAACAACCACATTAA
CP085689.1_gap42	1961014	1961738	724	CGTGTGCTTGTTGAAGTTTTCAAAATTGAGCAACTAATAAAAAAAGGTAATGTTGCAGACTATGTTGAGCTTAAAGCTACACCAAAAGCTTATAAAGCATTTTTTGGTAAAAACCGTACTAATGCTATCATTGTAACGGCACATTATGGCAACTGGGAACTATCAGGAATGGGGTACTATTTCTTAACAAAATTTCCAGTCACAGCGATAATGCGACCGTTCAACAATCCTAAAATTGGCAAAATTTTTATCAAAAAACGTGAAGCAGCAGGACATGAACTTCATCAGAAAACCGGAGCTATCAAGGTACTGCTAAAGACATTAAAAAAAGGTAATTCCATTGGTATTATTGCTGATCAACACGCTGGCTCTATGGAAGGAGTTGAGGTGCAATTTTTTAATCACCCTGCTCGAGCTCACATTTCACCAGCATTGATGCACTTAAAAACTCAAATTCCAATTTTAGTAGGAGTTACCCGTAGAAAACCTGGTTATAAATTTCAATATGAATATGTTGTTAGCGATCCAATTATGTTTTCACCGACAGATAATAAAGAACAAGACATTAAGGATTTAACCCAACTATACACAAGCGAATTAGAAAAACTAATTGCCGAAGATCCAACTCAATGGTTATGGGCACATCGTCGCTGGTTAGATATCAATCGTGATCGCAAAAAAAGAAAGAAACGCAAAACAAAAAAATAAAATTTCTTAATAACAG
CP085689.1_gap43	1966768	1969939	3171	ATTATTTCTATTTTACTTTCATTAAGTACCTTTTCATGTTGCAATTCAAAGTCATCAAATAATAAACCCTTAATTATTTCTGAAACATCAGATGCAAACTTCTATTTAATTGGTGAAAAAGAAATAACAACAAAAGATGCTATTAAAATGCTTAAAAGTAAAGAATTACCAGCAAAAATTGACTATATTGAATATGATAAAAGGTCTGCTCCATTAAAAACAAAACTAATTCAAACATTAATAAAACAAGCTATAAAGTCAAATAGCAAAATTAAATGGTATAGGTGCACATCTATAAAAATTGATGAACCAAAATATCAAAGCCCATGTATGAATGAACAAGATTGGATAAATTCTGATTTAAAATATCGTGCAGAGATACTTGAAAAAGATTCTAATGATTTTTAATGCAAAATATCATTGATAGAAAAGTTTAAAAGCCGTAGCGATATTCTACAGCTTTTTTATAATTTTTTATATCAAACTTTATACTAATTCGCTTTCAATTATAGACATAATTCATTCTTTATATTTAAATTTATCTTTTTAATGCTAGTACGATATTCATATCGCACTGTGCTGAAAAATGAAATTTTATTTAAAATTTATAAATTATGTCTATCTTTGAAAGCTAAATAGTATTAACTGCTTTTCAACTTCATCAATCCAATACTACAAGGCCCATTTTGGCAACCACCTTCGCAAGTTGTCACCTCTAAATAATTAGTTATTTTTTCTTTATTAGCATAAAGTTTTAATTCAGCAATCTTATCAATTGTAACTCCATCAATATGATGAACATCAATTTTATCAGTATTGTTTTCAAAAAAAGCTTTCTCAACTGCTGCAGCCAAGCCACCAGCTTTAGCTATTGTTTTTGCCTCATTGTTGTGTTTACTCGGTGATAATGAGGTTTCAGATAAAGATTGAATATCAATTTTATGAGCAATAAGCATTGCTCCTAAATCCTCAAAAGTTAAACAAAAATCCAGATTATCTGAATTTTGTACTTCAAGCTTATTTGCCATGCAAGAGCCAATGAAAACATTAACGGCATCACTATTTTCGCTACTTAATTTATCAGCAGTATATTGTAAAGGTGATTTTGATTGCGAAACATATTGTGCCATTTCAGGAATATATTTTTTTACCAACTCCAAATAAGCTGGACATGATGACGAAGTCATTAAACAATTATTATTTTGACTACTTTCACTTTTACAGCGTAGTTTTTGTTCCAACACTTCAGATTCATTTTTAATTAATTTTAATCCTCCACTTGCAACTTCATAAACCTCATCAAAACCAATTTCTTTAATGGCAGTAACAAATTGCTCTAAAGTTCCAGGGAATTGCCCTTCTATAGCTGGAGAAATTAGTGCGTTTACTTTTTTCTCTCCTTTTATTGCTTTTAATACGTCAATAACTTGAGAAATTTCTAAAACTGCACCAAAAGGACACGCATTGGTACATTTACCACAATAAATACACTTATCAAAATCTATATACTGTTGATTATATGCATTCTTTTTTATAGCACCAACTGAGCACTCTTTTTCACAAGGTACAGGAATATGTATAATTGCTGAATATGGACACGCATCAACACATTTTCCACAATTATTACATTTAGCGTAATCAATATAAGCTTGACCATCTTTTACGTAAATTGTTTGTTGAGGGCAAACAGTTGTACAAGGACGAGCTAAACACCCTTTACATGCTTCTGTCACCAAATAACGTGCTTTAACACAGCTTTGGCAGGCAATATTTAAAACACTTAAAATGCGTTTATTCGCACTTTTTCTTTCTAAAGCAACTTTACCATATTCTCCAAGAGTTGTTGCTTCTTCAATTTCATCTTCTGTAGCAACACCAAGCGCAGCCATCACACGATACTTTATTAATTCACGATCTTTGTATACACAACAACGCGAAGAAGATTTAATGCGTGGTCGCAAATTTACTGGAATATATTTTAAATTTTCTTCTAGTTTATCACTCAAAAACTCTTTGATGACTTCAACTGTAATTTGTTTTTTTAATTTATGGGCATTACTTAAATGTTTCATTTTAAACGCTCTTCAATTTCTTTAATAATTTTAACTATTGTCGCATTCGCGATGATGTCTCCATCAATTTCAACAAAAGGGGCATTTTCATAATTTTTATCTTGACAGCATCCCAAACATGGCGCTCCTGAAATGTTCACATTTTCTAAAGATTTTTTATCTAAAAAATCCTCAAGGTGTTGTAATTGAAATGCTCCCATTACATAACAGGTTGTACCAACACAAATTTTGACATCAATTTTTTTCATAATACCCTCTTTATTTTAAATTTATTTTAACTATATATATCTCACATTCACAATTTTTCGGTAATTTATCTCCAAAATCACTTTTATTTTTTTTACAATATTACGACGAATTTCCAAATCTACGGGCAAAGTCGGATCTTGATGGGCAATATTTACACGTGTACCGACCACAAAGTCAACAATATCACTCTCATGAAAAAGTTCTACTAATTCTTTTATTGATGGTGCCGTTTCTTTTGTTTCACCACTTTCTAAATATTTTGCTAACTCCGTTAGAGTTAAAATCCCCTCTGTCACTAGGTTCACGCCTTTCATTTCAGAAGTCATTGGTAGAAATCCGTTCTTATTCTTAATATCTGTTAAAATTTCTCTTTTTAATTCTCGAGAAATAATACTAGCTGTTGTTCCGCCACAAATAATTTTTTTCCCTTTGAAATAGCGAATTATGTCAGCAAATTCACTGTCACTGCTCTCTTTATATGGAGGACCTGTTAAAAGAATTGTTCTGCGTGGTTCCCGATAATATGCAACACCACAACTAATATCATCAATTTTTCTATTATTTGGATTAAAAGTACATGCTTTGGTAGTTATTTGTTGCGATAATTTTCGCGCTGAAATATCTTCATCTTGTGACACTAAATACTTTATATAATCTAGACACCCTTCACGCTTCCAGCCAAATTTATGTCCTCTTTGCCCCAAGCCAGCTTGACTAACGCCATCACTAAAAAAAATTAAACGATCTCCATGTTTCATTTTGAATTCACTAACGTAAATTTTGCGGTCATTCCAACGGTCTGAAACTAATGTTTTCATATCATGTTCAACTTCAGCAGTGCCTCGTAAAT
CP085689.1_gap44	1971132	1974475	3343	ATTAATACAACCACTTTCACAGGCTAAGCATTCAATGAACACTTTTTTATCTAAGTTCATCACCTTTTCTTTTAAAAAGTTTTCAATATTATAAAGTCCAGACAACTGCAAGTAAATTATATCATCATCAATATCATTAACACCCTTAATCGTTTCAATCATACCTCCTTCTAGAGGATACAAACACCCCTCCTCTGCTTTAAAAGGATAAAATTGCTGATTACTTATATCATCTAAATTTTGGTTTAAATCAATTTTTTCTTCAGCAAGCCAATCTTGTAAATTTTCAAATGTTAATGCTGCTCCAATCAAATCACTATCACGGTCAGCTTCATTTTTTTTAGCTATACAAGGACCAAAAAATACCACAGCGATATCTTCATCTTGGTACTGTTTATGTAAAAAGCGCGCATGAATTTGCAATGGTGAGCCAATATCCATAATTTTTGAACCATATTCGCTATTAAATTTTTTAATATAGCTTACTGCACTTGGGCATGCAGATGAAATAAAAATGTCATTTTCTTTACTTTCATGCAAAATTCTATGAGTTGCAGAACTAACAATTTGTGCTCCTATAGCAGTTTCACTAACTTCATCAAAACCTAATTTCTTTAGTCCTATAATAAATTGTTGTTCGCTACAAGTAAAAGAATTTATCCATGATGGAGCAACCGAAGCAATTATTTTAGTTTTATTTTTGAGTAAATATTTTGCAATGCTAATATCATTGCGAATTTTTTTTGCTCCTGCAGGACAAACTTCAACACACTTACCGCATGAAACACACAAAGAAGGAATAACGCTTGCGCTACCATCAATAACTTTAATTGATTTTGTAGGACAACGCCTTACACATTTATAACAATCTTGACAACTATTTTCAAGGGTATATACAGGAAAATTACGATTCATTTTTCAAATTCTCAGTTAATAATTTTAACATTAAACTCGCATCTACATGACTATATAATTTTCCATTAAAAACAATATTTGGTCCTTTACTACACTGCTCTTTGCATATAGAACAACCTAGCTCAACATCAACTTCATCAGATAGTCCATGTTCAAACAAAAATTCCTCAATAATCGCCAAATTTTGTTCATTGCCACGAGAAAAACAGCTACTTCCCATACAAATATTTATTGATGGCAATTGCATAAAAAACACACTCCTAATTTAATACTTTTATATTAATTTAAATATATTAATGACAATTTAGATTAAATCAAGCTTTTTAATAGTTTTTTATTAATATTTTTAGATAAATTACATTATGACTGTTTTTAAAGTATAAAAAAATGTTGAAATATATAACAAGAGGCTAAAAATATGCAACTTTTTTTGCCGCTAAAATAAAAAATTGAAGTTAATGTCATTTTATTCAACAAAAAAGGTAAATTATTTTTATAAAATGACGTTTAAATATATTGTAGTCAATTTTTTACAATAAATCAGAGATAACTATGTTCGACGAAAAAAAGATTGCCCAACTTCACAATTTTCTCAATTTTATAATTTTTCTGGGTGCAACCTATGTTGCAGTTAGTTTTATAATCAAATTATTGGATAATTCTGGAGAAATGTATGAAAAAATTTCATGTATGCCTTGCCTTGATTTTAAACCAATATCATTTGGTATAATTTTAATGACAATTGGCTTTTATGTAAAAGCAAAACTAAGCACAAAAAATATTGATAAATAACTACTTGAGTAATTTTAACCGTTCTATATAATTGTCTAATAAACTATCTAGTTCAAAATTATACCCCATTGAATATGCAGTTGCTACATTTGTTGCAGGATTTATAATTTCTTTATTTCTCTCTTTGAAAGTATTTTCGGCAAACTTATAGTAATTTTCAGATGAATACTCCTCTTTTAAAAAAAGCGTTAAATCAATAAACCTAGATAATTCTTGATTTTTAACACGTTGCAAACCTTCATATCTAAAAATCAATGGATAATTTACGTACATATAAGTATTTTTTGTTAGCCGTAAATCCTTTTTAAGTGTACTTGAGAACATAATAATGTTGGAGTAGAACATAGATTTTCTGCTAAAAAAATTACTATTTCGCAGCTGCTTCAATAATTTAATAAGTTGAGCAACATTATCCTTTTGAATAATTTTTAAAGACAAAAATTTTTCAAAAGATGGCGCAAAAATATTCTTAATATTTTCACCATTACACCCTCGATTAAATCGGCATTCAAACTCTAAAAGTAAAACCTGAAATTTTATCAATTTGAGCGCTAATTTTTTGTCATTATTAATAATAGCTTTATCCAAATGAATGTTTGCTAAAGTCATTAAACTAGTTACTTTTTTTCGTAAAATTTTCTCTCTTTCATTTAAATATTCAATAATTGAACCATTAAATTTAATTGAGTGGCAAACGGCTCTATCAATCGTAAAAGGTTTGTCTAATGGCAACTGCTTGATAATTTCAAACTGCACTTCTCCTTTTTTCATTAGTAATTTTTCATTAATACATTCTTTATTAAAAAGGGGGTAATTGAGCATACTACCCAAGTTTAAATCAATAAAAAACAAATCTGTAATATCTGTAGTTTGAATATTTGGGGGGTATTTATTAGCGTTATGTAACTGTTCTATAGTTAATGGAATGTTATGATATTTTGCTTTTAAAATCAAGCGCATAAAATTAACCTTAGGTCCCAAAAATTGAGCCAATATCGACAAAAAAAATGATGTAATGAATAGGTATTGAAGCTTTCTATTTTTCATAATTTCTCCTTCTATATTTAACAATATTTTTTAAAATATTTTCTCCCAAAAACACACTAATTATTTATATTTTACCTCCTTTCTAGCAGGAAATTCGTGTTTTTCAGTAATATAGCCATCAACAAGTTGCGCTGCAATTAATGTATAATATGGAAATGTGTTTGGATTAATCTGTTTGTTGCTTTTAGAAACAATCAAACGACCCTTTATTTTCAGCCAAACCGTTTTTTGGGGGTTACAAAGGATGGTATATTTAGCAAAGTACTTACGCAATCGCTCCGCGATTTTTATTCCCCCATACTGCGGATAACTTGGTGCAAAAAGGCGAAATTCAATCATGTTTTCGCCATATTCATTTTTAAATAAAATAGGTTCTAAAATAGCAACAAATTCAATATACTGCTCATCTTTAACACTTTTTCCCGCCATACTATTTGTCAAATATTCCTTTTTAGGAAAAGGGCTACTTGCACACGAAGACAATAAAAATAATAACATATTTACTATCAATATTAAGATTATTGCCCTAAATTTCATAACTCTTTCCTCCAGTTATTAAAACCAATAATTGCGATAAAATTCAGGTTGT
CP085689.1_gap45	2074047	2075530	1483	TAATTCAATCCGACATCAATTAAAAATTGTAATCTAGAGCCAATCTCTTTAACTATTTCACTACAAATAACTTTTTCTTCTTCATTAAGATTTTTGGTCAATTTTAATATAAATTCATGCGCATTATCAATTGACAATGCATTAAATTCATTAATTGCCAAATCACCAACAGTTACAGCTAAAGAAGCTTCATTTAAACGCGCACCATTACATTCAGGGCAATTTTTACGACTCTGATACTTCTTTAAACGTTCACGAACGGCATCACTCTCAGTTTCAGTAACACGTTTCTGTAATAATGCTAAAACGCCCTCAAATGGACGGCGCATTTTATACAGTTTACGGCGAATATGATAATCAAAAACAATTTCATCTTTTGTTCCATATAACAATGTATGTTGAATATTTTTTGGTAATTTATTGTATGCGGTTGTTAATAATTTGGGATAATTAAAATATTCCGCTAAACACTTAAATAAATGATTATAATAAATTAATAGTCGACGTGGACCACGACGTAATCCAGGAAATAATCCTTTACTAATTGATAACGATTTATCTTCTATAACCAAATCTGGATCCATTACTTGCAATGAACCTAAACCGTGACACGTTTGGCACGCTCCGTAGGGACTATTAAATGAAAAATTTCGTGGTTGCATTTTTGGAAAACTAATGTCACACTTTACACATGCTAAATGTTCACTAATTTGTTCTTCAACCCACTTTTTTGTTGCCACATCCTCAATCAATAAATGGATTAATCCATCTCCCAATTCAAGTGCCGTTTCAACTGAATCACTTAACCTTGCATTATCAATACGCCCAACAACTAAACGGTCTACCACTGCCTCAATTGTGTGACGAACATTTTTTTCTAGTGGCGTTATTTCTTCTCCATCTAATAATTTAATTTGACCATCAATTCGAGCCCGTACAAACCCATCAGCTCGCATTTTAGCAAACACATCACGGTGCTCGCCTTTACGTCCGATTATATATGGCGCCAAAATCATTAATTTACTTTGCTCAGGATACGAATTAATTTTTTCACAAATTGCCTGTGGACTTTGTGCTTTTAGTACGGCATTACAATTTGGACAATGCGGAATGCCAACATGTGCATATAACAAACGCAAATAATCATAAATTTCTGTCGTAGTCGCCACGGTCGAGCGTGGATTAGCACTACTTGAGCGCTGTTCTATGGAAATTGCTGGCGATAGCCCTTCAATATGCTCAACTTTTGGTTTCTGCATTCGATCTAAAAATTGTCGTGCATATGCTGATAAACTTTCAACATAACGACGTTGCCCTTCAGCATATAACGTGTCAAATGCTAACGATGATTTACCCGAACCACTTAAGCCAGTAATGACAGTTAATTTATTACGCGGTATCGTCACATCAATATTTTTTAAATTATGTTGTGCCGCACCTTTTATATTAATATCTTGAAACATAAAAAACTCTTTTTGATAAC
CP085689.1_gap46	2078200	2081511	3311	GTTTTATCATTTTTGCGCCAAGCGTTATCAGTACAAAATGTTCCTTCAGCAAAAATAATTAGCGCAATTGCTTTATTTATGACAATTTTCATTATGCAACCAGTTTGGAGTACAGCATATAACGATGCTATAAAACCATTCAATGCCAAAGAAATTTCTCAAGAAGAAGCAATGATTAGAGCAATTAAACCATTTAAAAATTTCATGCTACGCCAAACTCGCGATGAAAGTTTACTGCTTTTTATGGAAATGAGTGAAATAAACCAAGTTGAGGCTGCAACAGATTTACCAATGCACATCATTATTCCAGCGTTTATCGTTAGTGAATTAAAAACAGCATTTCAAATGGGTTTTTTAATATTTTTACCATTCTTGGTTATTGATATAATTGTTGCATCAACTTTAATGTCATTAGGTATGATGATGTTACCACCAACTATGATTGCGCTGCCGTTTAAGTTGTTATTATTTGTGATTATTGACGGCTGGACATTAATGATTAAATCATTAGTTTTAAGTTTTAATTAATCATCAGAATCTGGAGAATCAAAAATGAGTGAAGAATTAGTTATTGAGATTTTACAAAAAACAGCACAAGTTATGGGATTGCTAGCATTTCCACCATTATGTAGCATTGTTATTATTGGCTTAATCACACAAGTGATTCAAAATGTAACACAGCTAAAAGATCAAGCATTGGCATTTGCTCCAAAATTATTTATAACTGGGGGGTTAATGGTATTTTTAGCGCCCTGGTATTTACAAATAGTTCACCAGTATTGTAATGAGATTTTTATTTTAGTTAGTCAGGTAAATAAGTAATGAATTTTGATTATCCATTAACTTTTAATGCGTTAAAATTTATGCTAATAATGGTTCGAGTTGGAGCTTTTATGTTTGCAATGCCTGTCGTAAATCAAAAAGCTATTCCACCACGATACCGAGTTTTCTTAACTGTTTTTTTAACAGTGATATTCATGCCTATTGTTCCCGAAGAATTATTGACACCAATTTTAAAATTTTCATTGAATATTTTATCATTAACAATGATTTTAATATCTGAGGCAATTTTAGGTGTTTGCATTGCGTTAGCATTTTATATTGCAAAAGAAATTTTAGGATTTGGAGGGCAACTTTTCGACCGTAATGCAGGTTTCCTATTAGCTGGAGCATTTGACCCTGATGCACAAGGACAAATTACACCATTTTCGCATTTGTTAATGAATACATTTATTATATCAATGTTAATTAGCAACAGTCATTTAGATATTATTCGCTATATGGCAGCATCATTCAACACAGTGAGTCCAGGTGAATTTTTTATTTCAACGACTACATTTAAGCTAATTATTGCATTTGCGGCAAAAATTTTTATAATCGGAACTCAAATAGCAATGCCAATTATCATAAGTGTATTATTTTTAAATATTGCATTAGCATTCATGTCACGAATTGGACAAGATTTTCAAGTATTGATGATTTCATTTCCATTGCGAATTGTTTTTAGTTTTATGCTATTAACATTACTATTTCCTGTAGTACTGCAAATATGTCGAATTGTAACATCGCAATTTTTCACCCTAATCAATAATATTTTAATTTAAAACAAGAAACTCATAATGGCCAATAAAGATCCAAGTAAAACCGAAAAACCTACTCAAAAGAGAATAAAAAAAGCTCGTCAAGATGAAGGGAATGTGTTAGTATCTCCTGATATTATCTCTTTAGCCGTGTTAATTGGTGGAGTTTTAATGATGCTTTATGTCGCACCAGCTTTAAAAAAAGCATTTACACAAACATTTTTCCTAATTCAAGAAACTGATTGCAGAAAAGATTTTACCTACGATAATGTTGCGCGAGGATTTTCATATGGACTATCAATGTTTACGGCAATTATGGCACCATTTTTTCTCGGGGTTATTACTGGTGGAATTGCTGGAGCTAAGGCACAAATAGGTAGTTATTTTAGCCTAGCACCAGTTAAATGGAAATTTGAGATGAAGTTTAAAAAAGGCTTCATGGAGATGCTACCAAACAAACAAAATGTTATTAATTTAACCTTAACAATCGCAAAATGCACTGTGGTTGGTTTTATTGCCTATTTTGCAGTCAAAGGCAACGTCAATGAATTAATGGAAACTTCAATGAAACCAGTAGGTGCTTCATTAAAATGGAGTTTATTACAATGTTTCTTTATTTCAGCCAAAATTATTGCTGTTTTTGTGGTTTTAGCAGCAACTGATTATGTTTTTAAGCGTAAAAAATATTATGAAGATTTGATGATGTCAAAGCAGGACATTAAAGATGAACATCGTAATGCTGAGGGAGATCAGTTTGTTAAAGCCCGTGTAAAACAAAAAATGCGCGAATTATTACGTAACCGCATGATGCAAGAATTACCAGAAGCAACAGTAGTAATTGCGAATCCAATTCATGTTGCAGTAGCATTAAAATACAGTCATGGTGATTTAGCTCCAAAAGTAGTAGCAAAAGGATTACGTAAGCGTGCGCTATTGATAAAAAAAATTGCAAAAGATAATGGTGTGCCAATCGTTGAAGCACCACCATTGGCGCGTAGTTTATACCGTAATAGTAATATTTTTGAATTTATTGACGAAAAGTTTTTCAGTGCTGTTGCTGCAATATTAGCAAATCTACAAACAAAAGGCAAAAAACGCTTTTAACAAAAAAATTTACAACAAAACATGAATCAATAATTGCTTCCTGCGATATTATTAGTTGATATTGAGCAATGTCAAGTATATTCAATATCGACTAATAACACTGTAAATGCAACCAAACATTCTCAAAATTGCGTGCTTTTAAATCCTGTTTGCGAATCCAAAAATAAATCATCCCCGAATCACCCCAGCAAATAGCTTCGGAATCAAGTTATTGAGCAATGTCAAGTATATTCAATATCGACTAATAACACTGTAAATGCAACCAAACATTCTCAAAGTTGCGTGCTTTTAAATCCTGTTTGCGAATCCAAAAATAAATCATCCCCGAATCACCCCAGCAAATAGCTTCGGAATCAAGTTGCAGTAACAATACCCAATCATCAACACCTTTTCTTAAATTTTCAAGTTCATCTTTAGGAAGTGATTTAATTTTCTCTATATCATCATGTTTATAAAACATATATTGACAATCTTCTGCCATTTCATCATTTTGAATTATTGCAGGATATCCAAACATTTGATGAGAAGTATCTCTTGATTCATAAGCTTGAAATTCTAGGTCAGAGTATTTTTCTTCATCTGCATCATTAAAATTTAGAGATAAAATTTCAGCACTTAAATTATAAG
CP085689.1_gap47	2082683	2083490	807	AATCTTAGTAATTATTAACTTCTTGGTTATTGTTAAAGGTTCGAGTCGTATTGCGGAGGTTTCTGCTCGTTTTACACTTGATGCGATGCCTGGAAAACAAATGAGTATTGACTCTGATCTTAATGCAGGTCTTATCGACGAAGATCAAGCCCGTAAACGTCGCCAAGAATTATCTGATGAAGCAGAATTTCATGGGGCAATGGATGGAGCAAGTAAATTCGTAACAGGAGATGCAATCGCAGGTATTGTTATTACTGTAATCAATATTGTTGCTGGTATTGCAATTGGTTGTATGAAAAAAGATAACCCAATGACAGTTTTTCAAGCTTTAGAAACTTATGGCTTATTAACTATTGGTGATGGATTAGTAAGTCAAATCCCTGCTCTATTAATCTCAGTTTCTGCAGGTATGCTAGTAGCAAAAACCAACAGCAGCAAAGGTGCAACAGGCACACATTTATTAAGTCAATTATTTGCTCGCCATGAACCAATTTTCATTTGTGCATCAATGATTATATTTTTAGGATGCTTGCCAGCATTTGATTTCTTAACATTTGTTTCATTTGCAACTATTTTAATAATAGCAGGCGTAGTTGTGATGCAAAGAAATAAAGCAAATGGTACGGATGATTTAACGCCAGCCTATGCCGGTGCTGACGGTACTGGAGCAAACCAGCGCAATGGTAATCCTAATGCAAATGGTTTGCCTAATGATCAAAATTTAGCTCTACCAAGTGGCGCAACTAATCAAGATACTGCTAAACAAATTTCAATGCCAAAACTACATCCAATGACCTTAGAAGTTGG
CP085689.1_gap48	2085650	2087113	1463	AGTCATATTACGAATTTAAACAATTTCGTAATAATACTGGCTATAATATTGCCCATAAATATAGCGTTGGTGGGTATCGGTCAAATTTCAAAACTCAAAGTATTAATTTAGCAAATAACATTAAAAATAAACTAAAAAGAACTGACCAGGCTCAATCTTTACGTCAAAGAGCAAAGTCAAATGATGACTTCAATAATTTATCAAAAAAAGCTGTAAAGTGCATTGCAATTGCTAGTGGCAAAGGTGGAGTTGGCAAAACCCTAATTTCAGTAAATTTGGCACTCTCACTATCAACTAAATATAAAAAGAAAGTATTGCTAGTTGATGCCGATTTAGGGTTGGCAAATGCTGATATTGTTTTAGGAATTGAACCTAAATACTCGATGCAAGATTGTATTTTTAAAGGTAAACCATTAAGTGAAGTTGTTATAAAAACTGAGCACGGATTAGATTTAATTGCTGTTAGCTCCGGTAATAAAGAGATGGTTTCCTTAGGAGCTGCACGTTTGGAAATGTTTCTCAAAGAGTTAATTAATTTTGCTGCAAATTATGATATTATTTTATTTGATTGTGCCGCTGGAATTGATAATAATGTAACATCATTTATTGCAACAGCTCCTCAAACAATTATCGTCGCATCAACGGAGCCAACGTCAATAATGGATGTTTATGCATTAAATAAGTTAATTTACCGTGATAATTTATCACAAAATGTTGGATTAATAGTCAATATGGCAGATGACAAAGAACACGGTTATCGAGTCGCTAAAACATTAAGCTCTGTCAGCAAAAAACACCTTAATGTCCAAGTTCATTTACATGGAGTTATTTCACGCAGCGAGGCAGTTCATGAAGCAGTTTGCAAGCGTCAGCCATTTTATTTTAGTTGTAAAGATCAGTCAATAATTGAAGACATTGATAACATTGCTAAAGATATAATTTTATCGCATAAGTCAGAAACTAAATTACATAGCTTAAACACCGATAAATTTATTGATGGAATCATTAAAGGATAATAATAATTTTATAAATATAAGAAATATAAGAAATATAAATAATTCAGATAAAGAGAGTTTTAAATCATGGTTTACACAAACTTAATTCACCGTTTAGTTTTACTAATTTCACTATTAGTAGCAATAACATCCTTTTTTATTAATATTGCCATCAGAAATATTAGTTTCTGCAAGGCGGCATTTAATTCACTGTGCATTTTATTTATTACAGGTATAATTTTTTTAATTGCGTTTAAAGCTATTGAAAATATTTTGTATCGTCATTTGCACGAGCAGTACAAAAAAAACAAAACTATTGATTTTGAAGATCAAGAAGCATAAAAATTTCAATTTTTATTAACTAGTAATCAATTAGAGTAAAAAACATGAGTATTGAATCAACAACTGCAAAAAGAAATGATTCCGAACAATGGCATTATAACAACATTGCTCAGCAATCTAGTGAAA
CP085689.1_gap49	2242054	2245979	3925	GTAACTAGATCCTGGATTAGGAGAAGAACCTAAGTATAAATCTTCTTCAGTAATATATCCTATAGCATTTTTCCCAGGCAATACACAATAAACAGTAACATAACAGATAGGGTTAAAAAAGTAATCTTGACCTGCATAATTTGATGAATTACTTTGATAATATGATAGTGGACTATAACTTGTTCCTGACGTTATATTAATTACAATGTTTTCATTAAAAGGAGTAATACTTTTTAAAAAACATGAATAAGCAGGAGGTGGCACTGGATGATCACAAGCTATTATATTTGGGTTATTATTAGTAGTAGCAAATGATTCTACGGCGGAAATTAAAATACAACTAAAAAGAAGTAATAAAATTCTAGTGTTAAACTTCATTGTTTTGTTTCCTTTTGCTAAATTTTTTATATTATTATTTTTGTTTATTTTTTAATTTTTGAATCGCATTTTGTGTCGCAACTTTATAAAGCTGATGGTCATTTTTCAGAATATTTTCCAAACCCTGAATATCATCTTTAGTGCCGATTTCGCCAATTGTCGCGATTGCTGTTAGGCGTAAAACCATATCGCCGGGATCATTAAATGCTAAATCTCGTATCGCATTAGTAACTGATTCCGAATCATTTTTCATTGATCCCACACTTTGTACCATCGCAATTCGGCTTGGAATGTGCATCGATTCATCTTCAACTAACGACACCAACTCAGTATTGATTCGCTCTTTATCGATCTCTTTTGGATACATTTTTGACAAATCGCTCAATGCTAATATTGCAGTTCCAGACACATCACACTGGGTATCTTTTAGAGAATCGAACAATGTTTCTTGAATTTGTTTACGTAGTTGAGCATCTGCTTTTGAATATTCACTACGAAGGTGCTGCACTGCATACCCTCGCAAATCTCCATCAACACTTTTATCTGCTGATAATTGACTTAAAAAATCGATGTGACTTTTATTGGCTTTTCTATCGCTTTCAAGTTTGATGAAGATTTCATCCTTAAGATGAAGACCCAATCTATCATTGCTTCCACCATAAACATAATCATGCAATCCTTGAATATTTGCCATTATTAATGGAGTTTTTAAATTTTTAACAATCTCTAATTGATGACGATATTTTTGATATTTAGTTTTACCTTCTGGTTTAAACAAACCATTCAATTCACCATAATCAAAATTTTTCTTTATAAAATTTGATGTAGATTTTGCTTTTTTAAAGTTATTATTTTGAGAGTTATTTTGTGAAGCTATTCTGCTTTTTTTAGCCTCTTTTTTTGTTGCTAATGGCCTACTATTTCCCGTTGTTTTGACAGGTTTTTTATTACTGTAAAACTGAGCAATAGCAATAATCATTACAGCAACTAAAATAACCCCAAAAAGCTTAATAATTAAAAGCTTATTATTTTTCATTACTAATATTCCTTTGTTAATATAAAAAACTCCATGCATATAATTGGAAATACATGGAATTTTTAAATTAATTGGTAAAGTTATTTTTTATCAGTGGTTGACTCCTTTTCAACTTTTTTATGAGCAGAGCATTTTACTTCTGTATGAGCTTCGTTTTTGTTCTTTTCAGAATCATATGTCATAACATTTTTAACAACCATACTCCATAGCCATATTGCTTTATTACGATTTTTACTATCAGACATCATTTTTACAGCGTTCTGATATTTTTCTTCGTCAACGGAATAATTAATTTTTTTCAAAAATTCAACATCAATTTTTGAATACCAATAATCCTCTAGCAAGGTTATATTTCTCTCATAATTTTTTAAATCATTATTCCCAAGAGCGATTTTTAATTCTTTCAATATTCCAGTAAAGCAATCATTGTCCTTAAATTTTTTATAATTTTTCAAACAATCATTATACATATGTACAGATAAGTAAATATTATAGCTAACAATAGGCAAGCTTTTATCTTCTTGAATAAGAACTGCAAAATCTGCTATAGCTTTATGCAATCTACCGCCATAGGAATGCCTGATTAATTCTAATTTTATATATAGACAATCAGGGTATTTATTAAATGCTTTCATGACGTTCATTTTATAATTATTTATAACATCAATATCAGCGGATTTATTTCCATACCAAAGACTTTTGAATTGTATCAACTTTTTTATACACGTTTTTAAATCATCATTTTCTTCTATTTCCAAATTCTTAATTTTTAAAGATTCAATTTTAATATTATTTGATTCTTTAAAAATTTTTATATATTCATTTTTTGTAATATTAGCTCGTAAGCTTACAGGTAAAATAAATATTAAAATTAAAAAATTTTTAAACTTTTTCATACAAAAATCCTTTTTTTGGGGGCAAGTGATATTTATTTAAATTATTTATATGAATAGATACAAATGCTCATTTTAACTACTCTGCAGGAACATTTCCTAACATACAATTATTATCACAAGTATGGTAAGCTACACCCTCAATTACTACTGGAGTACTCGCAGAGTGAGTTTCGACATCAGTATACTCTCTATTACAAAAACCGCATTTGCGTGTTATCTCATTTTCTCCAGCTTTATCAATTTGAGGTTTACCATTAACAATTTTTGACGTACATTTTTTAGTGACGACCGCCCCTATTATCGGTCCATCACATGGAGGACAATAGTGCCGTCCTCCGCCACAACCCACGTCACAACTCCACTCATCACATTTACCCGGAGAGCCAGGAGCACAATGAGGATCTTCAAGAACATGGTTAAACTTAAGGTATACATATTCATTACATTTATAGCATCTTTCTAAAGGTATAGATGTGTAACCCGCTTCGGTCGCAGTACAAGCTTTATCTTTTTTACCATGATCACATCCACAAGTGCCGCCACTACAATTGTAGTCACATGTAAATTGATCACAATACTCTTTTTCACAAATGAGGTTATGATAATCCTTTACATGCTCATATTTTTTCCATCTATCTTTTTTGCATATATCGCATATTCCTTCATTTTTGTAAGTGTAACCCGTAAGGGATAAATCGCAGGCTCTATCAGTTTTTTTATCATGGTCACATTTATCTACATTAGGGGTAATTTCAGTTGCAGTTACAATTAATATAGTACTAAATAAAAATAGCACTAATAATAAAAACTTATTTATTCTTTTCATTTTATATAATTTCCTTTATTTTTTGATTTGTTATTAATTACAATAGGAGCCTTTTGCCCCTAAAGTAATTAATGTTCTTGAAGAATATTATTAATATAATTCTTGGACTTTTTCGCCATCAATTTTAAACGTTGCGTGGTGACATGCTGCTGTTTTTGGAGCAGCTGGGGTTTTTACAAAACGAACCTTGCTCATCCCTGTCGCATCAAATTGACTGCTATTGAAAGTTTTATTAACAGTTCCATCTTCAAATGCCACCCCTGAAAGGAAAATCTTATACTCAATTGAATAATTTTCTTTCATTGGATAACAAATTGAATCTAATTCCATCACCAAAGTTCCATCTTCGTAGGTTGCTTTTCTTTGAAATGAAGTTTGGCCGATGCCGTAGAAGCGGATTAATTCAATTGGCAATGTTGCGATAATTTGATCTGTTTCTTTATTTCTAACAATCACTGCTTGTGCTTGATTCCACTCGCGTGAATGAATTAATAATTCAGAACCATCGCTCAATGCGTTATCAACATCCCCAGTAACTTCTAAATACATCTCTTCTGAAACTTCTGGAATATTAAATACTGCAGCGGCCGATGTTGTCATTGTTAAATTTTCTTGCTCAAATGAATAATCAACTACTTTTACAGTCAATGTATTTTCAACAGTTTCTCCCGCTGCATTTTTATATGAACCTGTGATTTCATAATTCTTTACTTCGGTAAATGTTACTTTCTTAGGCGCATTTTCAGTTACTGGATAATTAACATTATTAACGCTAACGTTAGCATTTGA
CP085689.1_gap50	2248634	2251301	2667	TAGAAAGTAGTTACTATTATTTGCCGCTAATGTGGTAATAGAATTTGAACCAGTCTTAATCTCATTTCCATCATCATCTAAAGCTTTAATTGAAAAATTATAATCTTGATTCGGCAAAAGATTGTTAAAAACATAACTATTATTTTTGGTAGTTAGTAATAATTGATCATTGCAAAAAATTTGGTAACCTTTAGCATTAGAAAGATTTTGCCAATTTAATTGCATGGAATTTGCTGTTAATTCATTGTACGAGACAACTAAATCATTATCAACCGCAAAAAGATTTCCACTCCCCAGTAATAAAATACCGCCAACAGACAACTGCTTCAATAACTTCATTTTTTTATATCTCCTTAAAATACTATAATATATATATCAAATCATATCAAAAAATACTAAAATTATAAAACTAAACGGCTTTAAATTATTTCATAAAATGCAAAACAAGCTTATGATGTTCCAAAAAAGCTCTAAAAAAAACTTTTTGTGCAATTCCTCCTTTAGTAGGTAATCTTAATAATAATTTAGACTAATATTAAAGCAATACAAATATATTTTTATCATTTTTCCATATAATAATTGTTTTGCTTAGGTTCAATATTAGTTTTTTAATAATAATTACTAAATAAAAAACTCTTCAACTTAAAATTTTATTAACATTCTCAAGTTGTTGTTTTGCGATTTTTATTACTTTTGATTTGTAATCTATTTTTTTAAGGATTAAATTTTAGTACAATTGAATTAGTATAGTGATACCCTTTGTATTTTGACGTTTTACAATAAAATAGACCAAATTTTTAGCAAAAAAACGTAAACAAATATTTAAGGGCGTTCATTGTATCTATAACCGTGTTTATTCAACAGCAGTATTTTTGAATACGGCTGTTATAGATATTTTGAGCGTATTTTTGTTTTTGCATTTTTTGCGAGGCTATTAGGTCTAGCCCTACTTTAGATGTGAAGATTTAAATACGCTCTTTTTTTATGCTTAAAATGCAGGGGCGTTATAGAATTTTTTTAGGAAGTTTTAAGTTTAGTAGTTCTCATTTAATCAAATAATAGTCAACAAATTAATGAGGAAAAACGATGTCCCAAAAGCAAAATGATCAGGAAACGAATTCGCCACATAAAGTAAAATATTATTCCAAAGAGGAGTATGAGAACGGAGACTTTGAAGGAGCTATTTTAGAATGTTTTTCAATCAGCACCTCCAACGATAATAAGAAAAATAAAGTGCATGGTTATTTGTTAACGTTGCAAGGTTAGTAGCATTTTGCTTAATGTAATTTTATCATTATTCTGAAATTGTAGTTTTGATGTTTTTATTGCTTTTGGTTTGCAATTTGATTTTTTAGGTATTAGTTTTTAGTACAATTGAATAATTTATAGTGTTTACTTTCACTATTTCTGCGTTTTGTTTCAAAATACGCCAAATTTTTTACATACGAAACGCTAACGAAAGAACTGAAAGATACCGTTCACTATATCTATAAAGACTGTTTTTCAAGCTGTATTTTTTTTGAATACGGCTTTATAGATATTTTGAGCGTATTCTTTTTCTGCATTCGTATGTAGGTTATTGGCGTAACCTTGAAACATGTGTAGGAATTTGAATACGCTCTTTTTTTGTGCCTGCATTTTGCTTCCACTTCATAAAAGAGCTGAAATAATCGAATGATTGTCATTTTTTTGACAATCAATAATAATTTAAAGGTGTATCTAAAAATTTATTTTAAAATAGAAAATAGATATTTTTGAATTTAGAAAAGTATTTTTAATTTACTGCGTAGCAAGTCGCTACGTATAAATTCATAAATTATTTAAATAAAACAAAAAGAACATTTCTTAGATAAATGTTAAATTTTTGGATGCGCCCAATCAACTTAGTTCTAATTTTATGGAGTGTAAAATGGAAAATTGTCAAAAAAGTTCACGCAACAAAATCGTTGAATCGCTGTTTAAATTTAAAGAGTATGAAGAATATGCGGATGTCCCAATATTTCGCCGTCAATGGTTCTTTTGGTTATTATTATTGGTACCCAGCCTTACGAACGTCTATCTGGGTAATCCGTGGTATATGAATTTGTTAGAGATTTTGACGTTATCTGGATGTTTTGCGATTATCGTTTTTGGAAATGCCTATTATAAACGTCGTGGCAAAGTATGTCCATTCAATATTTTTAATCGAGGGGTCAGCTTTTTAATTGTTGTTGGCTGGATGATTAATGCGTTTCGCAATGTGATTTTAAGCGTAATTTCGTAATTAAAAGGAAATGGAATATGAAAAAGAATTTAAATTATATAAAACTAAAAGGAAAAAATGTAATGAAGTTTTTAAAATTGTTTACAATAATGTTGGTAACGATAGTGGCGGTTATTTTAACAGGATGTTCAAAGCCGACCCCAATGGGAAGCGATGAACAGGTAAAAGAATTAGTTATTAGTATAGTAAAGGAAAACACAGGCGTAAGGTCTTTGAAGTATGCGAAAATAGAAAATATTCGCACAGTTGAAGTGAATAAAGATATTAAAAAGTCAACTTCAGAGGCTGATTTGCACTATAGTTTTTCTGGTTCAATCGATACAAAAACTCCTATTAAATACACAGCTCAAATCAATGAAAATGGCGAATTATATGTTGAAGTTTATGGTGATTTACCACGTTGG
CP085689.1_gap51	2336630	2340552	3922	AACGAATCCACTTGCAAGCCGCTAAAAGTTTTGCGATTGAGTCGTCAATTAATCGAGCGTCTAAGCCTTGATTGAAGTCAATTTTAATAGGCATTGTTGCGATTTTTTCAATCTGTTTGATGCCAAATTCACTGGCTAAAACATTATTGTCTAGCAAAACAACCTGCTTAAAATCTCCTGCAATGCGTTCAATTTCCGCTACTTCGTGAACATCTCCCTCTTTCTTTGGAACTACACACCAAGAACATTTATTCGGGCAACCTCTTGTCAAAAAGCCAATCGCATAATCTGAATGATCATAAATCGAATAATCTGGAGTCATACTCTCAATTATTGGCGGTAATTTTTTACTAAAATCATAGCCAGTTCCGCCCTTGACGATTTCACAATCTGCAACATAATCAACGTCTTTTGTGAAAGTAAAAACTTTGCTTTGATAAATTTTTGACGGCTTATCAAATAACGGCTCAAACCATTTAACTGTATTCCCTTTTAGTTTATGAAAAGCACTAATTTTCATCAACGCTAAATTTGGGATCTTACTATCAACATCAACTAAACAAATTAATCCACTCATTCTGCACCCCTTAAAAGTTGAATTGTTGCTGATGTTTATTTTCTTGAATATCTTTTTGCTTTTCGGCTTGCCGTTTTACCGCATAAAGAATATTAAAGCGTTGCGATTTCGTTAAATTAGTTTTTGCTAAATAGTGTCCTAGCTGGCATAATTCTCTATTTCTTTTTATACTTCTCATAATTCACCCTCCTAATCAAAGATAAATTCTTGTTGTTGTTCATGCTTGAATTTGCAACCTTTGACCGTTTTTTTAATCCACCAATCAAACATATTGTCGCCATCACTCCAACGGTCAACGCTCTTTTTGCCCTCAGCTTTTTTCTTTGCGTACATTTTACGAAATGCGATGCGATATGCTTTTTCGTATTGAGGGAACTGTTCAAGCTCTTTATTTGCGTTTGTACTCATAGGACAACCCAAACAACCGACCCGTTTCCAGCCTTGATCGTAAAGCTCGCAGTATGGCACATTATACATTTTGATGAATTCCCATACGTCCGCTTCTGTCCAATCAATAATTGGGTGAAGATATTTTTTTGTGTTGTCGAACATACAAACTTCGGTCATTTTTCGCCGTGCTCTGCGGGTGCTTTCTGCGTGTCTAACTCCAGTAATTACCAATCGACCAGTACCGCCACGCTCTTTTAATTCAGCACAACACCAGCGTTTTTGGCGCATTGGAAAACCTTTTTTAACTAATAATTTAAAAAATCCCTCTTTTGGGTAATGAATTTTTGTTTCAAGGTGATGTTTTTTTCCGAATTTAATTAAAGGCGGTGGATCTATCGTTGTTAAATTGTGGTGAGCATCAAATTTAACTCCGCTCATAATTAATAGTTGACGCACTACAGTTGAATCTTTTCCAAACGAATTTGCAAAATAATAACCCTCTGGTGGTTCAAATTCTTGCAATCTTTTAATGGCAAAGTAACTTTTGTTTTGCTATAATAAATACAGTTTATACAATATTTCATTATTTAATTACTCCTTTATTTTTTTGTACAATACTTTCTCAATTTTTACTATTTTAGCCTTGTTGGCTATATTTTGACTCAGTATTAATTTTATTTCTTCACATTTTAAACAGTCCACGCCTACAAATTCAGTGGACGTATTAATTAAACTCATTAATTCTTGTGGATTTTCTTTCACTTTCTTACCTCCCGAAAAATATAAAAACTATTGCGATTAAAATTAAAACAACATTAAAAGAGTAATCACAAAGCAGTTGCGATTTTCTAAGTTTTACCCTTGACGGTTCTAGCTGACTCTCAAGCTGATTTATTTTGATTTTAAATAAAATTATATTCGTGTTTAGTTCTTTAATTTTCTTTTTCAAGCTTCTGTTTTCAGCGTCAAAATCATAAATAATTTCATCTTTACTCATTTTCTCTACCTCCTGTTTTATTCAAAATCCATGTAAATTTTGCAAACTTCTTGTAAACGTCTAATTAATGGTTTTTCTTGAATGTCTAAGCCTAAATCATGATATTTTTTTTGTAAATTTTTACCGTTGTCGTTTGAAGTGATCCACAATTGCCAGCCTTTTGGTTTTTCGCCAATCCATCGACCTGCTAGGTATTTTCTTTGCTGTTCACTACGAATGTAACGAGCGTTGATTAATGAAAAAAAGCGTTTCATTTTTGACACGGTTGTATCTTCAGTTCCTAGGTCGTCAATAATTAGTAAATCAACCTCAAAAAGCGAATTTAAAAATTTATTTCCTAAGTAAGCACTTTTTGAAAAATAGCCAACAATATCATTCATAAGAATGTCAGCTGGAGCAAAATAAACCGTCTTATTTTTAAGCTGTTCAAAAGCAAATTTTTGCAGTAATCGGGTTTTATTTTTACCAGTAATTCCACCAATCCATACTGAATTATTGCAATTTTCATTTAAAAATTTAAATAATTTTTCATTAGCATTCTTATGGTTTGGGTCGTAGTCTTCAAGCTCAAACTCTTTCAAGCGGCTAAATTCAAGTCGTTCATTGTAAAGAGCATCTTGTTTGTGTTGGATATCGTCTTGACTGCGTTTCCTTTTTAATTCTTTAACACGACTATTTTCAATGTTGCTACAATCGTTACAAATCGCATATTTTAAACGTGTTTCTCGTAAAAAATCAAGAGTAAATTCACCTTGCGATAATTCAATTTTGATGTTTTTTTGACACTTTTTGCAAACAGCGTCTAAAACTTTAGGTTCATTAACTGTTGACATTTATTCACCCTCCAATTGCCGCCAACGGGCTATTATCGTTAGTAATTTCAACCTCACAACTTTTAGTCGAAAAATTATTTTGGTTATTAAAGCCTCTGTTATTCCATGTTGCTAAACGCTTTGCGGTTTCCCATGTTTCATTTTTTTGAAATTTCATCTTGCCATTTTTGTCACGCTCCGTCCAGTAATTAATAAAATTAGTTTGCATTTGTTGCGAATATTTATCGCTATGAAAATCAACATCTTTTTGAAATTCATCTAATGTCCATTTTTTAAAATTGATACTTAATCCACTTACGGTTAGCTTGACTTCTTTAGTTTTTGCTTTTTTGGCGGTAGTAGTTGCCGTTTTTGTTTTGCATTTCTGCTTATTTTTTCTACGACTCTCACCACTTTTTTTGCCTGCATTTACTCTTTTATTGTGCTTGTCTACAACCTCGTTGTAGATTTCAACTTGATGTTGATTTACTAGAAATTTGCCGTCCTCTGACGGCTTAAACATTCGATTGACAACAAATTTTTTAATTCGCTTCCATGTCTCATCATCCTCGATGTTGAGAAAATCATAACGCAATTTGTTATCATTGTTTGGGAGCATCGCTCCATCTAGCCAAGCTTCTGATAAAAGTTTTAAATAAGCACCAAATTCGTCAAGCTTCATATTTCTAACTTTGCGACTTGATAAAAGTTTCTCAATTTTTAATGGCATCGTGTGCAAATTATTAGCCATTATTTACAACCCTCCTAAAATGGGATATCATCTTCGTAATCTTTAGAATTAAAAACATCTGGATTACTTGGCGGTAAATCATTTCCATACTTATTGCCGTTATAATTATTCTGCTGTTGAGTGTTATTGGTTGTTTGCGTGTTGCTCTGCTGTTGATTATTATTGGTATTACCACCAGCGTTTAAGCCTTTGATTGTTTCAAGTACAATGCGTGTTTTACTATGCTTAACTCCATTCTTTTCATAGTTATTTTGTTGCAATCGTCCTTTAGCTTCAACTAAACTTCCTTTATGTAGATAACTGCTAGCAAAATTGCTTAACGCTCCCCACGCTACGCATCGACCCCAGTAAGTTTCTTTTTTCTTACCATATTGCTCATTAACTGCTATGGTAAA
CP085689.1_gap52	2418976	2420048	1072	CTTACCTGGAACGCTAACATTAATACAACCGACTGCAGTTATTGCCAATAGTAAGCCAAAAACTAATACCGTTAATAAATTTCTTGTTTTCATAACATCTCCTCAGCATTTGTTATAATGTTTTATACTCAAAAATTAATTACTAATAAATATACAATACATTATAATACGTGAGTTAATTTTTTGCACAACTTTCTATTAATTAGGCAGGATTAATCAAAGAACCAAAGTAACAATAATTTAAAAATAATCCACTTAGAACAAATGTTAAAATTAAAATAATATTCCAAAATATCATAAATTTTTGTGAATGCTTTCTTATCATACAAATAAGCGCCAACAGTTCAAAACCTACAATGAGTACAAATTCTTTAATAAATACCCAATCATCTCTAGTTAATCCTTTTCTTAAAACCGCCTCCCTAATATAATTTGGATTAACATAACAGTATTATTGACGATTAAATTTATTAACGTTGTACTCTCCTTCATTATTTAGATTACCACTAAAACTATCTCCAAAATATTCCTTACCATCAACTTCATATTTATACAATAAATTAAATTTCTCGTAATCTATCATTTCAAATTTTATAATTTCACACCGAACTTGTTCATATTTGTAAGTTCGCAAACCAAAATACAAAACTAACCCCAAATATCCAACCATTATAACATTAAAAGCACTCCAAAAAGTAACAATGCCACATTTTTTTAGTATCTTTAGCCAACCAGACAATTCAAAAGCTTCATTGCGCCGTTGAGCTTGATATTTTTTATAAGAATCAAAAAAATAGTAACCAAATGCACAAAATATAACAATGAAAGAACCTAACCCAATAATATTATCTAGGTACTCAAATAAAGATGGTCTATGTTTACGAAAAAAACAGCTTTTTTTGCAGAATTTTTATCTACGTAAAAATGTGCATCTTTTTTCTTTATAAACTTCTTTTGCAACCCCGCGCAACATTCATAATTATGACGATGAAAATCATGTCTGAAATATTTTTGACCTTAATAAAAATATGAATATTTAATTCATAGTCGTCAATATCTTTAGTTGGAGGGA
CP085689.1_gap53	2423273	2425867	2594	GCTATTTTTATAATTCTACGATAATCCATTGAAAAAGCAAAAACTGCATCTTGATCATGGCTTTCAATAATTGGCGCACGAGCTGCGCATTGCCATTGCTCTTGACCTTTCTTATTAAAATATTTTATTTTTGGTAACATTACATCGCCATGATGCGGATCTCGGCGCTTTTCTATGTTTGAAATACAAAAATTTTTATTATCAACTGTCACTAAAAAACTATCAATATTTTTGATAACAGGTAAAAAGAATGACACTTGAAAATTCTTTTTATTAGCATTATCAACGAAACTTTGAATTGTCCGTCCACTCTTTAAGAGATAAACTTTTTCATTAGCAACCTTTGGTGCATTACGCTGACTAAAACTACCAAAAACTGCCCTTGACACCCAATTATCACTCCCCCATTGAATACCACTATTGCGTAAAATCTTAAAATTATAATTTAACCCAACAATTGGAATTCCAGCTTGAACAAACGGATTATCATTTAATGGAAAGCGTGAACCATTTTGTCCCAACTCTTGAAACCAATAAAATTGATAATATGGCTGTTTGATTTCTTGATAATCTTTTTTAATTAACAAAGGAATGAAATTATTGGCATTATTTTCTGTTCCCCATGCAAAGTTACTGATGTAAACCATATTAAAATTCGCCCCACTAAAACCAAACGTCTTCGGGATATACTTCTCACCAAGTTTATCCGCTAAAACGACATCGTACTGATTTTCATTATCCATTCCTCCTGGACACACTGACAGCAGTGAATACTGATAAATACCATAACCGCTTGGATTACTATTATTAGCATTATTTAAAATCTGCTGGCGGCGTAAATTCGTCACCGTTTGAATTGCACCTTGATTATATTTTTTGGTTAAATCTACAAAATTTGGTGTATCTGTGTATTCAAAAACAGCCGCTAACCCTGCAGCCTGAATATCTAAAATAAACAAAATTGAAGCTGTTATAATTATTATAAATGTTAAAAATGAATGCCTTGATTGTTGGATATTCGCTAAATTCATCACTACTTTACCTCTTTTATTATTAAAAAAGTTGATTAATTGTCTTTAGTAGCTTATTATTATAGACAAATAGAAATATAGTAAAAAGCTAACTTTAATTTTTACAGTCATTCATAAATTAATTTATGGTTATTTTCAATTAAACTTTTATGAATGACTGCGTGTTACCGAACAACCACGTCTATTATTAAATATATATTAATTAAACGTCATAATCAAAATTAAATTTAGTAATTTATTATCAAATAATTAAATAAAAAACATATTAACATACTATAAAATAAATAATTATGAGTAAATATAACAACAATAATAATATAAATAGTTTTGAAAAGCCATTTACTGTGGCAATTGTTGGTCGTCCAAATGTTGGAAAATCTTCATTATTCAATGCAATTTTGAAGCGTCGTTTAGCAATTGTTCATGAAATGAGCGGAGTAACCCGTGATAGAATCATGGCACCAGCGTCATTTAAAGGTAAACATTTCCAGATTGTTGATACTGGAGGACTTGGAGTCTTTGCTAAAGAAAAACGTAAAGTGGACCGTTGGGATCAAGGAATTAGAACACAAATTGATGCAGCAATTGAAGACGCTGACGCATTAATTTTAGTAGTAAATGTGCAAGAAGGAATTTGCCCTCTTGATAAAGAAGTTGCTAAATATATTCGAAAAACTGGAAAACAGGTTTATTTGGCAGCAAATAAAGTTGATGATCCAGGGCATGAAAGATTGATGGCAGATTTTACATCTTTAGGTTTTAAAAATATGTTTCCAATTTCATGTTTACACCGCCGCGGTATCGAAGACCTTTTATACCGTACAGTACGCAGTGTAAAAAGTAATAAAGAACTCGAAGAAGAAAACAAGTTAGCAAGCTTTAATATCGCAGTTGTCGGACGTCCAAACGTTGGTAAATCATCAATGGTAAACCGCCTAATTGGTGAAGACCGTGTTATGGTTAGTGAAGTTGCAGGAACAACCCGTGATTCAGTTGATATTGATTTTCACTTGAAATTAAATGATGAAGAGATCAAAGCAACGTTAATTGATACGGCTGGACTGCGTAAAAAAGCAAAAGTTAGCGATGCAGTAGAAATGTTTAGCGTAATGCGAGCGAACGACGCAATCAAGCGTGCTAATTTAATTTTATTTTTAATTGAAGCATCAAAAGATGGTGTAACTGCTCAAGATAAGCGAATTGCAGCACTAATTCAAGAAAGTGGAAAAGGATGCGTTATTGTTGCAAATAAGTGGGATGAATGCAAAAAAGTTGAAGCTGACAAAAAAGTTGTTTTAGACGAGATAAAATACCAAATGCCACAAATGAATTATGCACCTGTCGTTTTTGCGAGTGCAATGACTGGCTTTAATATGGATAGCGTTCTTGATTATGTTGCAGAAGTTAAATCACAAAGTGAAGTTTCTGTACCAACTTCAGTTATTAATAAAGCAATTGAAGATGCATTTTTACGAAATTCTCCACCTGTAATTGGTCCTCGTCCATTTAAAATTTATTACTCAACAATGATTAATAACGAACCTCCACACTTCGTGTTATTCG
CP085689.1_gap54	2463324	2468102	4778	TTTTAAGTGAAGAGGTTATTTTTGCCTATAAGTGCGATAATTATTATCACCCAGAAGCTGATGGAGGAATTAAGTTTGATGATGAATCATTAAATATAGATTGGTTGATTCCAGCTAAAAAGATGATTTTGTCAGAAAAAGATAAGATTCAACCACTTTTAAAAGATGTATCAGTGTTTAATATTAATGATGAATTGTCGTAAAATCAACAATAAAGGAATCTTTTTATGATTGATATTTTATTAGCGACATATAATTCAAAACAATTTTTAAACGAGCAAATAGATTCAATAATTGCTCAGGATTATACAAATTGGCGCTTAATTGTTCGTGACGCAGGTTCAAGTGATAATACAATTAATATTTTGCAAAAATATCAGCAAAAATTAGGAACTGAAAAATTTATTATTATAAATAATAATAAACCAAGTTCTTCACTTGAAAATTTTTGTGAATTATTAAAATATAGCGATAGCGAATATATCATGTTTTGCGACCATGATGACGTATGGTTACCAAATAAAATTTCATTATCATTACATCATCTTCAAAAAATTAAGAATCAAAAGCAACCTTTAATAGTTTTTAGTGACAAAAAAGTTGTTGATGAAAATTTAAATTTATTGAATAAATCATTTTTTCGTTATTCAAAATTAAATCCTTACAAATTGGGGTTGAACAACCTCATTACTCAAAATGTAGCTTCAGGATGCACCATGTTATTTAATAACGCATTACTCAAAATAATAGATATTGATGTAATGAAAAAATGTGCAGTTATGCATGATCACTGGTTGATGCTGGTTGCAAAGTTATTTGGGGAAATTAGTTATTTAAATCAACCAACGATTTTGTATCGTCAGCATAAAAAAAATGTTCTCGGGGCACCTAGTTTTATGACAAAATTAAAAAGGTATAAAAATTTTCATGATAGATTTAGAGAAAGCTGTAAACAGTGTCAGGGAATTTTGGATAACTATGGCGATAAAATTGATGGTAAAACAACTATTATGCTAAAAAAATTTACTGATTTACCTAATTGTAATTTTTTTAGGAAGCGCTATATTATTCTGAAATATCGCTTTTTTAAACATGGACTTTTGCGAAACCTAGGAGTATTTTTTCTAATATGAGTATGCCAATTGTAAATATCGTGATTCCAACATACAATGCTGGAGTACAATGGAAACTCGTTCTTGAAGGTTTGGCAAAACAATCATATCCAATCGAAAAAAAAATATTAATTGATACGTCCTCAGGTGATAATACTATTGCTTTAGCTGAGGAATATGGATTTGAAATAACTAAAATTTCTAAACAAGAATTTAATCATGGTTTAACACGTAATCTGGGGTTAAATTTAACAACAAAGCAATGTGATTTAGTATTATTTATGACTCAAGACGCGATATTAAATGATCATGATGCTATAAAAAAAATAGTCAAAGCCATAGATTCTAATAACAATATTGCTATGGCTTATGGAAGACAGATTCCTCGCGAAAATGCAACGAAAATTGAAAAATTTGTGCGTTCATATAATTACCCTGCAAATTCAAAATTGAAAACTTTTAGTGATTCTGAGACTTTGGGGATTAAAACAGCTTTTTGTTCTAACAGTTTTGCATTATATTGCAAAGATAAGTTTTTAGAAATGGGTGGATTTAGAGGTACAAATTTTGGCGAAGATATGTTACTAGCGGCTGATTTTTTAATGAAAGGATGGGGCGTTTATTATTGTGCTGAAGCTGAAGTTGTGCATTCGCATAATAATAGTTTAAGCGAGGAATTTAAACGAAATCTTCATATTGGAAAAATGCATAAAGAAAATAGTTGGCTAATAAATAAATTCGGCAAACCTCAATCTGAAGGGAAAAAATTATTAGCAAAAGCATTTAATGAACTTAGCTGGTGGGAGTTCTATAAATTTTTAATATATTGTACAGTCCGCTACTGTGGCTACAAGTTAGGGAACAAATGAAAAAAGAAAGAAAAATATTATGGTCACTTTTTGGTGCTTTTTTTCTATTATCAATAGTATTAAGTATTATCGACGTTATACCAGCTAGAGACGTTGCATTTCGTTATGCTCCAATGGCTGAAGCTTTTGCGCGTGGGGATTGGGATTTTGCTTTTCATCCACGCGTTCCAATGGCGTTGCCATTGATGGCGGGAATTGTCTGTTTTGTTTTTAAATGCAGTGGGTTTATGGCCTGCAAAATAATTAGTAGTTTATTTTATAGTTTAACAGTTTTTCCGATTTATGGAATCAGTATTAAAGTTTTTAAGAAAAATTACAACATCGCATTAACTTCTGTAATTTCAACTGGATTTTGCTCTCATTTAATTCGCTTGGGATATAGCGGGTTGCGTGACTCCTTAAAGGAATTTGCCATAATTTTAGCAGTTTATGGAATCGTCAAAATCTATCAAAATCGTGAAAAGCTTAGTGGATATATTTATGGTGCAGTAGGAATGGCATTATTAGTGACATGCCGAGTTGATGCAGTTTTATTTGCTATTATTATCGGTTTAACCATGATGATATTTGATATTTTTGCTTCAAAACTACGTTTTCCATGGCGAACTATAATTGCAGCAGTAACGTGTTTAGCAATTATTAGTCCTAACTTAATTTATAACTATCGAACAATAGGCTATCCTGTTTCCGAAGCTCGTCTTGCAGTTATTATGGATAAAGTTGTTCCTCAGATTTGTAATAAAAATGCGAAGTTAAGTTTACATCAAGCTACCAATGGAAAAAATGAAGAGAAAAAAGTTAACTCATCAATATCAGGAGTTCAAAAAAAAGTTTTATCTCAGCCTTTACATGATATCAAATCTGGAGGCGAAAATGATTTTGGAGAATATTTAAAAAATATTTTTACAGGTTGTTATCCATATTATCTATTTTTAGCTTTAATAGTTATTGTCTATCGTATAAAAAGAAAACTGTGGACCAAAGAAGAAACTATTTTGTTGAGTGGTTGTGTGATTCATACTTTTGGAATTTTGGCGCAAATAAAAATTTTTCATAACCAATATTATGTTTCGCCAAGATATTTGCTGCCTGCTATGCCTTTGTATTTTGGATGGGTTGCGATTGGAGCTCTTTTTGTAATTAATTTTTTGCGTCAAATAGTTAATATTAAGCTAATTAAGTTCATTATTATAATAGGAATGTTTGGCTTGATTGCTGATGGAGCTGGACCACTTATCAAAAGTTATACTTCAAGTAAAAAATCGATGCGACGACAACATTCTCTTTTTGTGGCAAAAGTGATTACTGATGATTTTAAGCAACGTAATATCAGTAAATTTTATAAACCTAATTTAAATATATTCTCATATATAACTAATTATCAACCATTTATTTACAGTAATGATTTAAATACAATAAGTTACTTATCTAAAGGCAATTGCGTAGGGTTAAAAAATATCTCTAATGCAGATTATATTGTTTATAGTTATCGAAAAAAATTAAAAGAACAAAATCATCCACAAATTGAAGAAGATCAATTTAATGAATATGTTTTACTGAAAAAATTCTGCACTTATTCTCGCGGCAAAAAATATAGCTATGTGAGTAAAGTTTATTTTAATAATTGGAGAAGTATTAATGAATAGCACACGATTGAGGGTTTTATGCTTAGCTATTAGCGATTTTATTACCTTTTATGGACTTTTAATTTTAGTTGCGTGGATTTACAAAAAAATTGACGGGGTTTACGAGATGAGCTTGTACTACAACCTTTGGAAAGTTTCACTAATTTTTATTGTTTGCAATAGTTTTATAAAATTATACCACGGCAATGTATTTTATCCTGGCGTTTCACTTAATGTAGTTGAAGAGATGCGTAGAATATTTTTTTCTGTTATTTTAACAATGTTAATACTAGGCTCATATTTAATTTTAGTAAAACACATCGATATTTACTCTCGATTTGTCATCACTGCAAGTACTATGCTAATAATTTTCTTTACTCCTATAACTAGATGGTTTGTGCGTTCTATTCTGAAAAAACTTGCTCTTTTTGAAACAAGGTGCATTATTATTTCATCTCGTGATTGTGATGTTAAAAATGTCATTGATGAGATTAAAAAAGATCGCCAAATGGGACTAAATGTAGTAAAAGTTAAAAAAGCTTTATTATCGAAAAGATTTTTGCATTCGCTAAGAAAATATCGGCATAAATATAATATTTCCTACGCTATTTTAATAATCAATTCTGAAGAGTTAAACAATTACATTTATGATTTATCGCAAATTTTTGAACATATTATGATTATTTCGCCAAATCAAATTGGGTTTAGTAGTAGTATGTATAGATATGATTTAAATGGCATTAGTGGCAGTGAGCTTAAAAATCAATTACTTCTAAAAGGTCCGCGTATTTTAAAAAGTATTACTGACTATTCATTTGCTCTTATTACTACAATAATTCTTTTGCCTTTTCTGTTAATGATTACAATCCTTGTAAAAATTACATCTCCTGGACCAGTTTTTTATAAGGCAAAACGTTTAGGAATCAAAGGCAAAGAGATAAAAGTTTTAAAGTTCAGAACCATGCATCAAGACGCTGATGAACGTTTACAATCACTGTTGGACAATGATAAAGAATTAGCTAAAGAATGGAAAGCAAACTTTAAACTAGAAAATGATCCTCGAATCACGCCTTTAGGGAACCTATTAAGGATAACAAGTTTAGATGAATTACCTCAATTCTTTAATGTTTTAAAAGGAGATATGAGCGTGATAGGGCCACGTCCAATAGTTA
CP085689.1_gap55	2469598	2470859	1261	TGAAAATACGATGGGTTTAGATCCAAAAGCTATAGAAGCGGCTATTACTGATAAAACATCAGCCATTCTTGCTGTACATGTTTATGGTTTTCCTTGTGACGTTGAAAATATCGATAAAATTGCCAAAAAACACAATTTAAAAGTTATTTATGATGCAGCTCACGCATTTTCTACAGAAATTAATGGCAAGTCAATTTGTAATTGGGGCGATATTACTATGTTGTCTTTTCACGCGACAAAGTTATTTAATTCTATCGAAGGTGGAGCTCTCGTTTACAATGATAAGAGATTAGGCAAAAAAATTTATGAATTGAGAAATTTTGGCATAAAAGAAATAAATCATGACGATGCGGTTAAGGATGGAATTAAGAATGAGAATTTCATTGATGATATTGGCATTAATGGGAAAATGAATGAATTTCAAGCAGCATGGGGAATTCAAACATTAGAAATTGTTAAAGAAGAACAAGGTAAAAGAGCAACAGTTGCTCAAAAATATATAGAATTATTAAAAGATATTGATTTTATTGAAATACCAAAATTTCCAGAAAATGTCACTAATTCAATGCAATATTTACCAGTACTTATTAATAATTATAAGAGAGATGAACTTTATAATTTCCTTAAAAATTATAATGTTTTTTCTAGAAAATACTTTTATCCACTTTGTTCAGAATTTGGCTGTTATAAAGATCTTCCTTCATCTAAACCAAGTAATTTAAAAATAGCCCACCAGTTATCCCGCAAAGTTTTATGTTTGCCTTTTTATGGGGAGTTGGTTGAAAATGATTGTGAGATTGTAAAAAATATTTGTAAAATTATCAAGGAGTTTAAATAAATGTGTGGAATACATTTTACAAAAAATGTTTCTCGTAAAAAGTTCAAGAAATCTCTCGATTTACTTTATCATCGAGGACCTAACGCATCTGATGTGAAACAATTTGATAATATATTTTTGGGACATACTAGACTTGCAATTATCGACTTGGATAAAAGAAGTTCTCAACCTTTCACAGGCTCTGATAATGAGACTCATATTATTTTTAATGGAGAAATTTACAACTTTAAAGAATTAAAAAAACAATTCAACATTAAAACTCGCACAAGCTCAGATACTGAAATACTTTTGGAACTGTATTTAAAGCTTGGAGAAGATGTTGTCAATCACTTAAATGGCATGTTTGCTTTTGTGATTTATAATTCAAGAACAAAAGATATTTTTATTGCAAGAGATAGGCTTGGCATAAAACCTCTTTATATT
CP085689.1_gap56	2472673	2474580	1907	AAATATGGCATGTACTCTTTACCTTACGACTCTGAAGAGGTATTCGGCGGATTTTTTAAAAAAAGAAGCTATGAATTCATAGATAAAATTACCAGTGAAAATAAACTTGCCAGTTTAGAATTTGATTACCCAATAATTGAGGAACATATCAATAATTTTGCTTATAAGTACAAGATTTGGCCATTCAAAAAACAAAAAATTGATCAACTATTAAAAAAAATTTCATTATCGCTACTGAATTATGTTAAGCCTTTATCACACTATTTCCCTAGAGGAGATTTTTATATTCCTAAAGGTTATGATAATTTTAAAAAAGAACTAAATGACTATATAAATGATTTGACTTCGTACTTATCGAAACAAAACGCAGGGAAAAATATATTGTATCAACAACTTTTGACTCCTGCGAGCTTCAATTTATATAAGAATGCGATTCCTAATTTACGATATATTATAATTGATCGTGACCCTAGAGATATTTATGTATTTCAACGTCACCTTTGGAAGAGTCTTGCAGTACCGAATAACCCGCAAGATTTTGCAGAATGGTATAAACTTGCAAGAGCTCAATTAAATGAACTCGAAGGTAATTTTTTACATATTAAATTTGAAGATTTTGTTTATAATTATGAAAATACATCTTCAAAAATCATGACCTTTTTAAATTTAACTAACGAGCAACATGTGAAAAAATTAAAATTTTTCGACCCATCAAAGTCTATAAAAAATACGCAAATGTGGAAGAAAACTAATAAATACAATGATGAAATAAAAATTTTGGAAGATTTATTGCCTGAATTTTTGTACGAATTTCCATATTTTGAAGATGATAATCTAGAAGGGATTTGGTAATGAATACAAAATTAACAATTTTATTAATAACATACAATCACGAGAAAACAATAGAGCAATCTATAAACTCTATTCTGGAGCAAAAAACTAATTTTGAATTTATTATCAACGTGTTAGATGATGCATCAACAGATAACTCTTCAAATATTGTTGCCTCATATGTTGCTAAATATCCCTCAAAAATAAAATACACTTTGCGCAAAAAAAATGTCGGAGTAGTGCAAAATATTTTCCAAGGTATAAAGGACGTTAAAACCCAATATTATGCTACTTGCGAAGGCGATGATTACTGGTGTGATGAAAATAAAATTCAGATGCAAGTTGACTTTCTTGATAATAATAGTGACTATAGTTTTTCTGGCCATAATACTATTTTTAAAAGCAATAATGGCGAAGAAAGAAAAATATTTTCTGAAGAATCTTATACTATAAAGTCAACATACTCTATGCCTCTAAAATTTTCTAACAAAAATTTTGTCAAAGTTCACCCTTCAAGCAGAGTTTATAGGACAAGTTGTATTGATTTTGCAAACTTAAAGTTTCCTGATAGTATTATTTGGGACAGCTGTTCATACTGGTATTTTTTAGCAAAAGGCAAGCTGCATTATATTGATAAAGTTATGTCTATTTATCAATACACGGAAGATGGTATATTTTCTGGATCAAGTTCTAGAAAGCAACGATTTTTAGCATGTCGCAATATTTTAAATATAAATAAAGAATTTGATTACAAATACAATAATATTTTTATCCAGCAGTTAAAGCCTTTATGCCATGACTTAAATTTAAGCATCAAAGAACGATTTTTAATGAAATTATTCCCTAGATTTTTTACAAAAAAAGGCGATGAACTTCTTGAAAAATTTAAAATTGAACTACTTTACTCTGATTATAAAAATAATTTTGGAGATATGTTAAGTCCAGAAATATTAGGTAAATATGTTAATTGCAAAATAGAAAAAAATCAATGTTTAAAATCTTGTGATACAGTCTTTATTGGATCTCATTTGGAGCTTTTTTTGAAAGATAAAACAGCAAAGATTAATAAAAATAAT
CP085689.1_gap57	2477879	2482021	4142	TAAATTAGTAGAGTTCTTTATTTCTTTTGCAGTATTAATTGCATTAATGGTATATTATAAATTTTTACCGAGTCAAAATATTATATTCTTGCCGCTGTTTTTAATACTATGTTTAATTATTTCATCAGCTGTGGGGTTAGGAATATCAGCTATGAATGTACAGTTTCGCGATTTTAAGTATATTGTTCCATTTGCAATTCAAATGGGACTATATATTTCCCCTGTTGGATTTAAATCAAGTATAGTTCCTGAAAAATGGCGCTTTTTATATTCATTAAATCCAATGGTCGGAGTAATTGATGGCTTTAGATGGTGCATTCTTGGAGGAACTGGAAATTTTTATGTTCCAGGATTAGTTATTTCAATATCTATGACAATTATTACATTTATGATTAGTTACAAAATATTTAGATCAACAGAAAAAACATTTGCGGATAAAATTTAATTATGCATGATAATATAGCTTTAAAAATAGAAAATATAAGCAAGAAATATGTTATTTCACATGCAAGTGGAAAAGCATCGTATCGAACTCTACGCGAATTTGTTAAGGAGTTAGCCTTTTTTTGGAAAATTAAAAAAGACAAAAAAGAAGATTTTTTAGCCTTAAATGATATCAATTTAGAAATCAACAAAGGTGATAGAGTTGCAATTATCGGTAGAAATGGCGCAGGCAAATCAACTCTTTTAAAACTACTAAGCAGAATTACCGAGCCAACACGAGGTAAAATTGCTATTTCAGGTCGTGTAGCTTCGCTACTTGAAGTTGGAACAGGATTTCATCCTGAGTTAACAGGCAAGGAGAATATTTACCTGAATGGCGCAGTTTTAGGAATGACTAAAAAGGAGATTGAATCAAAATTTGACGAAATAGTTAACTTTTCAGGTGTAGAAAAATTTCTAGACACTCCACTCAAGCGCTATTCGTCTGGAATGCAAACACGATTAGGATTTGCTATTGCAGCTAATTTAGAAAGTGAAATTTTAATTGTTGACGAAGTTTTAGCTGTTGGTGACATTGAATTTCAGAAAAAATGTTTGGGCAAAATGGATGAAATTTCAAAAACTAAAGGGCGAACCATTTTATTCGTAAGCCATAATATCCTTGCTGTTCAAAATCTTTGTAATAAAGGAATTGTATTAGATAAAGGCGAAGTTATTTATTCAGGGAATGTAGAAGATGCTGTAAAGTATTACACAGACCTAAATAGTAATGGTAACTTTAATTTAATTACTAAAGATAAGAATCTAGATTTTGTTGATTTTATCTGCCCAACAGCTCTACACTCAAAATCAAATTGGGATTTTCAATTTAAAATAAATTCGCAAAAACATTATCAAGACTGCTATATTAATTTTGTTATTTCAAATGCCAATAATTTAAAAATCATTCATTATTCGGGTCAAAAAGATAAATTTAGGGATATTAAACAAGGACTTAATACTCTAACGTTTTCTGTTGGAGATGTTCATTTAAATGATAGTAAACTAAGTTTAACGTTACAGATTTTAGATAAAAACCTTAATGAAATTTTTCATGCAGATAATTTTTCTTTACCTTCAGTGTTAGATTTAGAAAAATACACTAATCATTTGGCTGTTTGCGATAATAAAATTTCACTTCAGTTGGATTATTCTTAAAGTTTATGACCTATTTACCAACCATATCGCTTAAAAGTTATACTTTTAAATTTAAATTGTTATTATGACAACCAAAAGTGATAGATTACGCTGAGCTGACTGGCAAAAAGATTTAAGCACATGTAACTAAGAGTTTAAATCATACTGTTATGAAAAAATTAAAAGTAATTGAAATTTTTCTGACTCCGTCATAGATTCGTAGATCAATTACGGAAAGCTGGACTAAATAATGAACAAATTGCGTCAGTAGTTGGTCATAGTTCGACAAAACAAACTAAAGATTATGGCGATTATCACAATGTTATTGATTTAAATTCAAGACTTACAAGCCAATAAAACTTACAAAAAAACAATTTAAAAAACAAAAGTAGACCACAAGTCGACACTATAAAACAATAAAAAAGCGCTTAACTCGTTAAGAATTAAGCACTTGGAATATTTAATTTGGTACCGAAGGTGTGTGTACTCATTTTTTTTAAATCACCTCAAAATTTTATTTAACTTTCATTTTTTGAATTTAAAATGTCTAATTTAGCTAAATTAATGCGAATAATAAAATCATCAAAAAACGGTACTTTTTGGCACTTTTAAGTCTCAAAATGGTACCAAATGGCTACGTTTTTTCAAGCTATAAATTTATACAAAAATCACCATTTTATCATGATATTTTAATTGTTTAATTTATCACAAAATCAATAAACTTCAAGATTCGTTGTTATTAAATATAATTTTAGAAACCTATAGCTACAAATACAAAAATGCGTTCAAGGATATGAATGTGAACTTTGGTAACACTCAAACAAAAGAAGACAAACTCCTCCAAGAAAACGTACTCAATTAAAGCAAATCATCGATACATTAGAACTTGATAAAGTTGAAGAATTATTATCTGTGTTAAAAAATTAGCTGCTTAAGATTTATTAATATTAGTATAAAATCTTTATTTAAACTTGCAATTATACATTTGTAGATTATATTTAATATTATCATAAATCATCTAATATTAACTACAAGGAACTCAATTTATGAAACAAACAGGAACAAGGAGTGCTGGGAAATGGTCAAAACCAGCATATAAAGTAAATGGCAAGAGACCAACGAAGAACAGAGCTAATGTAAAGAAAACCACATCTCAATCAACAAGCAAAAAATCAACAAATGCAAACAAGCCCAATGAAAGACAGCTTTTTGATAGAATTGCAGATGACCACTTTCCTAAACATTTACATCTGAAGTTTTCATTTTATGCAATTTTTGACAAATGGCATGAAAAGAACCCAAGTAAAAGAACTGAAAGTTATCAAGCAGGTATGCAAATAATGTTGGCATTGACTGCATTTGACGACCTATCTAAAAGCAATTCAATTAATATGTATATGGTTGTCAATGAAGCAGTAAAATCTGATGAAAATTGGCTGGAGTCTATATGGGGAGGCACTGTTAAAGGAGCTGAATGGCTTTGGGATAGTACTGCAGATTTAGCCGAATATCTTGGTGATGCCGTTGCAGACGCGGCAACATGGACATGGGATTCGACATGTAAAGTGTTTAATGCAACTGTTAAAGCAACTAAAAACGCTTCTACTAAGATAATTGACAGCACAGGCTTGTTTCTTAATTTATGTGTACAAGCAATTATCAAAGGAGTTAACAATGAAGTATTACAGCAGCAATATGTAAAAACTTTTAGATTAGCGGTACATACTTGGAAAAATAGCGATTTATCATTTGGTGGAATTGTTACATTGTGCACAGATTTAATAAAAATTTTTAGTAAACCTTTAGCTGGAGTTTCTTTTGATTCAAAAACAGGAAATATTTCGGGGTCAATAACAATTGCTGGTTTAAAGTTGAAAGCTTGGAAAATTGAAAAGAAATACTTCTTAGTTAAAATTCCTTTTACAGATGTTGCTTTTGAAGCAGTACCTGTTATTTCCTATAGTTTGGATGCAAGTGTGCCTTTTGATATGGTATTTAGACCTTTTAAAGCAATAACAAAAAAAGAGCAAGATCGTTACTTGCTAGAAAAAAATCCTTTATTGGGTCTTGTGGCCTTAGACGCGGTTGTTAATTTAGCAGGTCGAATCGAAACTAATATGACAATCGTTGGTGATTTATTAACAAGTGGCATTGGATGGGTTAAAAATATGACATTACTTCCTATTCAAGGAGCTTTAGCAAATGGCAACGCATCTTTAAAGAATATAGAATTACCTAAGCCAGATGAAACAGCTAGTTCTTCTTGGCAGCCCCTTGGGCTTAGTCTAATAAGTGGTGAAGGAGCTGTTGCTCCTGAAATTGGGAGTTTTCCAGGACCTGGTTGGACAGGTACAGCAAAACAACGTCCCCAAAATATCGTAGATTTAACTGCTAAAATTCACGATTTTGGCTATCATATTAACGACGTTAAATTTTTCCCTACTTCTGTTTTATTTGCTTTCATTGACAAGTATACTATTTCAAGAAAAGCCAAATGTGATTATATATTTAATGTAATGGCA
CP085689.1_gap58	2497744	2502360	4616	CGATAATTGGTTGTCTCTAACCAGTCGTTGATTAGGTTGCTATTTTGATAAAAACTAATTAGGTTACTTTCCTTAATTTTTATCAATTCTGCTAACTTTTTCTTATCACTTTTCATCTGCTCCAAATCAGCAATGAAGCTGTCAAAATTATCATTAGCTAATTTTACTGCGGTAAATTTCGGACAATTATTTTGTACTTCACACCAATCGCATAATGGATAAAACTTGAGGCAATATTCAACATCATTTAGCGTTTTATGGCCATTGAGAAGCTCTTGAGAGTTCTGCCAAATTTCTTTAGCAATTAACTCAGCTTGAAGTGTGCTATTAGCATCTGGCACAAAGCCATCGAATGATTTCGCTTCAGTCATTGAAACTGCCAATATCGAACCTTTGATGGTTGAATTTGAGCTTAACTTCACGTTGAAAGTTTGCTCAATAATCTCAGGTAACGTCAGATTTTGATGCGAATTCTGAACGCTAAAACATGGCTCGTTGAAGCATTTTTCTAAAAATCCAATTTGAGCATAAAGCTGCATTTGATAGGATTTGTAGATTTCATTTGGAATTGTTTCCATGCTTTTAACTTCAACAACATGAATTTCATCAGCATTCACAAACACCATATCTAAATGACCTTTAATTGGCACGCCATCGACATTGATTGCAATTTCTAACTGTTCAAAAAACGGTTGATTGTTACTTTTTAATGCTTCAACCAAACCACCTTCAAACCAATGCCCACGCTGCAATATTAATTGTTTATTCAGGCAATTATTTTTACCTTTAATTCCTAACTTACTAGCCACCGCAGAGCGTAAACATTCAGCACCTTTGGCAATATCAGACATGCCAATATATTTAGTGCGATCACCCAACGTTGAGGTTGTATGTTCAGCCCCGTGTTTGACCAGTGCTGACTCCAGATTTTTAATAATATTCATGGTTCACCTCATTTAGTAATTTCATCAAGTAGTTGACTGCATTGCTTACGTGTTAATTCTTGTAGACTATTGACGTTGAAGCGATTAATGACATTTTGAATTGGAGTGTTATTTTGATTTAACAAGTCTAACAAATATTTAATTTGTTTTGGACTTGCAACATCATTTGAAGTGTTTTGTTGAGGCGGATTTTGGTTAGTTGTTTGTAGACTTTGCGAATTATTCTGTTGTGAATAATTAGGATTTCTGATTTCATTTTCAACTGAATTTCGCACCATTTTAAAGGTTTGATGAATGCGATTTTGCAATTCACTTTCAGCTAAACCATTGGGTAATTCAACCTCAACAGACGCATGAAAGCTGTGACTTGAATACTTTTCCTCAGCAGGAACTTTTTTCGAATAAGAAGCATGTAATTTTAACATTTTCTCAATCTCCTCTATGTTTAATTTGTTAGTTAATTTTGAGCTTTAGGAGGTGATTAATGTTGTAGAATTTTAGTCATGGATTTTGATTATTCTTTGCGTTCGTAGTGAAACTTTTCGTCACCAAAAATAGATTTGATTATTTCATCAACTTCAGCTTGAGTTTCTTTGGTGTTGTAAAAATTGAGTTCAGCAAGCACGCAGCCAATAGTCATTAGGTCATCGACTAGTCCCCCAGGAATAAAATCTGGAATAATGTCAATTGGACAAATCAAATAACCTAGTGTAGCAACGATTAAAGCTTTGGCGTAAAGTGGCACATCTTCACTTTTGAGTAAAACGTACAATGTGATGATTTGCTTTAATGCCTTTGAACTTAAAGATTTAATGATTTTCTTTAACTTGCTAAAGAAATTTTTTTCAGAGTAGTGTTTATCATATTTATTGGGATCAATAATCATAAAAATTACCTCCTTGATTTGTTGAAAAACTTGACTAAAATCCTACACATTTTCCATTAATCAAAAAGGCAATATATAAATGTAATTAAGGCGAGATCCATTTTTGTTATATAAATCCTTGAGCAAAATACTCCAGTGCTGTTTTAATATTCACGATAGTTAACTTAAAAAGATTGCTTGCATCGTAATTTTAATCTTTTTTTGAAACCATTTTCCCATATAGCTAGTTAATGTAGTTTCTAATATATTACCTAGTACTTTTCCACAAAATGCACACGTGAGTATATCTCCATTTTCTTTTAAACACGCACTAAGAGTTCCGCTATTACAAATTTAAACAACGCTGAGTCACTAGGCTTGGTAGGCTATATTTGAAAGTTAATTTAAACTTAGAGTAGTTCTAAATCAGCATATTAATATTTTTTAACTTAAATCAAAACAGTATTTTCACTATCACTGACCATATCTATTTTGAACAGGCATAAATTCACTTAATAAATCATTAAATTCATCATCAACTTTTTTAAAATCTTCATTATAGTATGAACTAACCTCTGTATCTATAAATTCTTGCATTACTTTACGGATAAATTTTTCATCTTTAATAATACGCCAAAGAGTTACAATAAAACCTCCAACATCTAGCTTAGTAAGATCACCTGAAAAAGCAACATATAAAGCATTACTAACTGTAGCGATTGTATTTGAATAAAGAATTATTTTCTTGGTCTTTACTTGATAAATTTTTTTATCTATTTCACTCTCCGCTGTACAAAAAAGTCCATGAATCATTGAAATCACTGTATTGATAATTATAGAATATGTTGCTTGTTTTCCAACTGTAAGAAAGTTAGCACTATCAATTCCATTTTTAGCTAGAGTTTCAGCAAATTCAGGGGATAATGTTTGAATAAATGGAATGGGTAAACTACACTTTGTATAAACATCTGAATGAAAGTGTATAGCTTGCTTTATTATAGCTGCAGCAAATGCAACGGGTTCATTTTGTAATCGTTCATATGCCGCCTCTAAAATTTTATCATTATGAGCGTTATGAGAAATTACTTTTTCCATTGACCCTCTAGTATGAAATGAGTCTAAAGCATGCGTAGTAAGAGTATTGGTCATAATATTTAAAGGACCAATAATCCAACCTAAAATTGGATCATGACCTAAGGTTTTATATCGGTGATTCTGTCCCCCCAACCCTAAATCAAAAGATTGTCCTCCCTTTATTTTATCATATGGTACCCCATCCAATAATATGGAATCAAGCTTATTATAATACCAACCTCCAGCTTTCCCTGATTGCCCCTCACCAATAACATCACTAATAGATTCTTCTAGCTTTTTGTCTGCTTTCTTGGTCGTGTCATGAGCAACTCTTTCCGCAAAATTTGAGAAAAAATACTGTCTTACACATTGTAAGGCTGTTGCAAGTAATAGAAATGTAAAATCTAGTTTACTAAGTTTAGTTATTTTATAAAACTTATCAAACATATCTTCATTCAGTTGATTATATTCTGTTGAAAATTGATTTATTTCTTCTTCAGTCAGGTTTAAATTATAGTATTCTTTTGCTAGTTGAGTATTTATTTTATCAATATTAAATTCAAAACAACCAGTTTTTTTCCCTTGTTTTTTACGACGTTCGGCTCGACGTTTAGCTTTGGAGGCTTCTTTCATGGTAATACTTTTCCCAGTCTTCTTTTAATTTTATTTCAGCAGGATGAATAATATTATCAGCTTCAATTATGGAGTCTAATATATCGCTAAATCCTAATAAATTTTCAAAAGATATTTTGTCTAAATACTTTTTACATTTTTTAAATGTCAATGTAGAATTTTTTAAACTTAACATTTTATCTTTTGCGACTGGAGAAAGAGTTCCATTGTCAACAATGTAATTTAAATAATAATCTAGTTCATCCTGTTCTTCAGCTGATATTTTTCCATCACATTTTGCAATTGTGTAACAAAATGCAGTTAAACCAATCATATAATCATCTTGTTCTTTAACTTTTTTTAAGATGGGTTTCATTTTTTTTAATATTTCTGTTTCTCCTTTTTTAATACCATCTTCAAAACCCTTTTTCTTTGCAGAACGACGATTTGCTTCAATATCCTCTTCTTCTTTGCGACCTACAGCAGCTCCAATAGCTGCTCCTGCTAGTCCCGCTGTAGTAGCGGCTGTTGCAGCACCAGTCAAAGATGCAACTAAACTTGCTCCTGCTAATACAGATCCTCCACCAGTAAATGGAGCTGCTGCAACAGCTCCAACTCCAACAACAGTTCCTAGTAAAATTTTGCCTAACATAAAAAATACCTTTAGTCTTATTAAGTGTTCACTATAAAAATATATTAGCCTATATTTAGCACTATTTCAAATGAAATTTTGAAATTTTTGACTTTGAAATTAATGATTTTAATTTTAGGGAGGAATTGTTATTTTAAATTTTGTGTTGATTCTCTTTTCCACCAAATTTTTGTGATTTTTAAGGCATATCAATCTCAAAAAAAACAAGAATATTATTTTTCATTCTTTAGAGTGCAATTATCAAAAAACAAATCGTGATTTTTTTTATAGTTACCACTATTTTTCCCCTGTTTTAGAAAATTAAAAGAACAATTTTTAAAAGATATATGTCTAAAACCTATTATTGATTCATCAAATTTAGAATCATCAAAACAACCATTTTGAACATTGCAATTATAGAATCCACTTTGAAAAAAACTATTTTCCAAAAAATTAACTCTAAATAGATTTGCATGATTAATATTAGTGT
CP085689.1_gap59	2538663	2542607	3944	TCACTATGATAATCGCCTTGACTCATATCAATACGTTTTGGATAACACCCGGTCAACAATGCAGCTCTAGATGGCGAACATACTGCGCAAGCTGAGTAAAAATCAGTAAAACGCATCCCTTCTTTTGCCATACGATTTAAATTTGGAGTCGAATTAGCTTTTGAACCATAACATTGCAAATCTCCATAACCTAAATCATCAACATAAATTACAATTATATTTGGTTTTTTTCCTACTACGGAACTTGCAGCAAAAGTTGTTGAAATAGCTCCAAAAACAACTGAAGTTGCCATTATGCCTTTTGATAAATTTTTCATCTCTTGTTATCCCTATATATTATTAATAATTCTTTATAATTTTCACCACTAAACAATAATTATATAAATTTTTCAACTTTTTATCAAAGTTTGTTTCGTATAAAAACTAACGAAATTTATAATGCTTTATTGTGAGAAAAAAATTATTTATTAATAAAATCGATAACATCATTAATAATTTTTTCTAAATTACGAACTGGCTTCCAATTTGTATCATTAGTAATTGTAGAGATATTTGGTGCACGATGAAGCATATCTTCAAATCCTTTATTATATGCTTTTTCATATGGAATCTTTTCAATTGACGAACTGCTATTTGCTTGAGCTATTACTTTCTGTGCCAATTGATTAATTGAAATCTTTTCGGTATTACCTATATTATAAATTTTACCAGCGGTATCATCACGTTCTAATAAAGTACGTAATGCTTGAACAGTATCAGCAACGTGACAGAAACAACGAGTTTGTTCACCAGTTCCATAAACTAATAAATTTTCATTACTCAAAGCAGCTTTGACAAAACGTGGTAACACCATGCCATAACGCCCTGTTTGACGTGGACCAACAGTATTAAAGAAACGAACCACACAGCCATCTAAATCATTTGCTTGGTGAAATGCCATTACGAAAAATTCATCTAGAAGCTTACTACACGCATATGACCAACGAGAATTATATGGAGAACCAATTAACAAATCATCTGTTTCTGAAAAGGTTTCTTTAGTAGATTTACCATAAACTTCACTAGTTGAAGCAACGATAATACGAGTGTTATTTTTTGCAGCAGCTTGCAAAACTTTTTCAGTACCACTAACATTGGTTAAAAGAGTATGAACTGGGTCATTAACCACTAACTCCACACCAACAGCAGCCGCTAAATGATAAACCATATCAGCATTAGCAATTAATGATTCAATTTTACTATCTTCGTCAATAATATCTTCTTTAATAAAAGCAAATTTTTCATTTGTAAGATGTTGAGCAATATTATCTTCGCTTCCAGTCGAAAGATTATCAATCACTGTTACACAGTGACCTAAAGACAAAAGTTCATCCGTTAAATGACTTCCAATAAATCCAGCACCACCAGTAATCAAAATTTTCATAACGCCTAATACACTCCTCTATCTTAAAATTAAACCATTCCATTATTTCTATGAAAAAAGCAAAAAACTATACTGAACACTTTTTGTCAGATCGCAACAAGCTATTAAACAATACCATCACAGGTCCAGAACAGATATATAAATTTATCACAATTAACAAAGTAATTACAGGTTTATAAATTATTAACGCTAATATTACAAAAACTAAAATCATTTGCACTTTATTACGTTTTAAGTTTGCTAAATATTTTCCCACGTGAATATATTTAATTTTACTCGTCATCAATAAACCAAGTACACCTGCATAAAATGGCATGGTATAGGTTAATTTATTAGCTAATTCAACCAAGTTATCAGAATAATCATGAACGAGAAAAATTACCGCAATACACACAGCTGAAGCAGCACCAGGGCTTGGTAATCCATAAAAAGTGTCACTGCTCTTCTTCTCTTGTAAAGCGTGTACATTATAAGTTGCCAAACGTAATGCAGCACAACCTAAGTACATTGCACATCCAAACCAAATAAACAATACGGGCAATTCTTGAAGATGATTAATTTCGTTTAAGCGATGCGCTAAAATTGCCACCAAAACACTTGGAGCAACACCAAAAGTCACCATGTCTGCCAAAGAATCCATTTGCATTCCATGCATACTAGTTGCATTAAACAAGCGTGCAGCAAACCCATCAAGAGCATCAAAGATCATAGCCAAAAGAATAATCACTGCAGCTATAGCTAAATAGTTAAAACTATTATTCTCTGAACTCTTTCCATAGACACCTAAGCACCACAAAATCGCAGTAAAACCACACAACGAATTACATAATGTTAAAGTATTTGGAACAAACTTTAACAACTCATTAATCTTTTTCACTTTCTTAACTTTACTCTTTTTTTCCATAATTTAATACTGCACACCTTAGCAAAATAGGTTATTAAATTTATAAAGCAAATTAGCTTTCTAACTCTTTTTCAATAGTATTAAGCTCAGCCATTACAGTAGAGCCTCCCAACACTTTGTCACCTATTTTTACTTTTACTGTAATATTTTTATCAGCAGGCAAATATAATTCAACTCGCGAACCAAACTTTATCATGCCATAAACTTCACCTTTATCAAAAGAAGAATTAATTTCTACAGGACAAACAATTTTACGAGCAACGGCTCCTGAAATCTGACGTATTGCCAGTGGAAAATTAACTGAATTCGCCGTTCCCATACCGCCAATAATCATTGACTCATTTTCCTTTGAAGCATCAGGATTACGAGCATCAAGATACCTGCCTTCTTTATACTTTTTATAAACAATATTCATCGCTGTTGGAGCTCGATTGACATGAACATCAAATACTGACAGAAAAATACCAATTCTTACAATATTTTTCCCCTCAAAAAATGTCATTGAATCATCGTTAATTAACTCAATATCTCGCACCACCCCATCAGCTGGAGATAAAATTACTGCATCATTACTTGGAATTTTTCGGTTTGGAACCCTAAAAAAACTTGCAACAACCAACCACATTATGAGTGCTGCACTACCTAAAACCACACCAGCGAACCCATTCGCACATAGCCCTAAGAAAAGCGCACCAATCATCAGAATAACAGCAACAATTGTAGCACTAAGCCACTCACGCATACCATATTCAGTTAGTTTCATATCTTTATTGAACCTTAATTTGTTAATAAACTAAAAAACTTATAGTTATTTACTATAACTATAATCCGCTTCTTTGTGAACTAATAATGTTTCAATACCTTTATTTTCTCACAAAAAAGTATCTTTAAGCTAATATTAAAAACCATTTAAGTCAAATTTTTAACAACTATTTGTATTAATTTAGCTGCTATTTATCGTCAAAATAGCTAAAAAACAACGCTAAGCACTTTCTCTTGAACAAAGTAAGAAAAAAAATTCGCAACAATATGCTTTTTACTCTTCTCTTTTTGAAATTAATTTTTGCCTCATACGCTGTCGCCTTCCTTCTTTGTAACGAATTATCGCTCCATAACTTAAACAATAACCAACTATACCACTCACAATCCCAAATAAAAGTCCGCCCGCAAAAAATGTGATTAATATATCACTACCTAAATCCCAAAACATCACAACTGTTTTATATGTTGCTTCAAAAAAACCACTCTTTTTAGCCATTTTCATTATTGATGTTAATGCTTCAGAAAAGGTCGCATTTAGTTTGGCAAATTCAAAAGGTCTAAAAATTATCAATCCCCCGACGTAGCACTGAATCGGATAAATAAAAAACACTGATACATGATTCGTTATCCATGTAAAACCAACTGATAAAACCTTATTCGCCTTAAACAAAAAAGCTAGTGGTAAAGCAACTATTGTTTGTAATCCAATCGGAACTAAAAAACCAATAAACAACCCTAAACCAACACCAAGAGCTATTGATCTTGGATTATCATTAATTCTCAATAATTTTAGATATCTATAGCGGAAAAACCGTCTCCATTCAAAAGATTTCCTTGCCATCTTATTATCACTCA
CP085689.1_gap60	2545033	2547426	2393	CGCAGTATCTTCAGCAAGAGGCTATACATTAATGGGCCCTAATGAACCAATTAGAGTTGTTGGCGAACGTATTAACCCAACAGGAAAAAAGGCATTACAAGCTGAATTGCGTGAAGATAAAATGAATATTGTGCGCCAGTTCGCAATCGAACAAATTGACAAAGGCGCAACAATTTTGGATGTTAATATGGGCTTAAGTGGCATTGACGAAAAGCAACTAATGGTTGATAGTATTTCGATGTTATGTAAATCATTTGCTACACCTTTATGTATTGATTCAACTGATTATGAAGTTATTGAGGCAGCATTGCAGATTTATCCAGGTAGAGCATTAGTTAATAGTATTAGCGCCGAAAAAGAGCGAATTGAAAAAATGTTACCTATTGCAGCGGAGTATGGTGCGATGATTATAGTTTTACCTTTAACTGATGATGGCATTACAAAAACTACTGAAGAACGAATTAAAGTTATTAATGATATTTATGCTGAAGCCCAAAAATATGGTTACCAGCGTGAAGATTTAAGTGTTGATGCATTAATTATGACAATTTCATCAAATGCTGACGCTGCTAAAATTGCGCTTGAAACCATTGATTATGTAACTAATGAATTCAAAAGTAACACCATTTGCGGTTTATCTAATGTTAGTTTTGGTTTGCCCGAACGTAAATGGGCAAATTCAACTTTTTTAGCAATGGCAGCTGCTCGTGGCTTAAATATGGCAATTGCTAATCCTAATGATCAATTATTAATGAATACATTATATGCGGCAGACGCTTTAGCAATGCGCGATAATAAACTGCAAAATTATGTTAATCATTTCAGCAATTTAAATTGTAACATTATGAGTAATAACAACTTGAACTCCAGCACTGAAACTTCGACACAAAAAGCACAAAACAGTGCAGAAGAAGTGATGAACTGTGTTCTTAATGGCGCAGATGACATGATCAAAGAAACAATAAAAACAGCTTTAAAGGAAGGATTTACGGCAAAGGATTTAGTTGACAATTATTTAATTAAAGCAATTAATATTGTTGGCGAAAAATTTGAATGCAAAGAGTATTTTTTACCACAATTAATCAATTCTGCGGATGCAATGCGTTGTGGATTTGAGGTTCTTGAGCCTATTTTAGCATCTGAAAAAAGCGCCCTCACTGAAAAATTAGGAAAAATAGTATTCGCAACAGTTGAAGGCGACATTCATGATATTGGCAAAAATATTGTCTGCTTAATGCTTAGAAATTATAATTTTGATGTTGTCGATTTAGGTAAAGATGTCACTGCACAGACAATCATTGATGCAGCAATTGCCGAAAAAGCTGATATTATTGGGTTAAGTGCTCTAATGACGACAACCATGAGTAATATGGATAAAGTTGTTAATTTGGCAAAAAATTATCCAGAATTGGCAAATGTAAAATTCATGGTTGGCGGGGCTGTTGTCGATGCCGAGTATGCAAAAAATATTATGGCATATTATTCAACAGATGCAATGGATGCTGTTAAAGTGGCGACAAAATTAATGGGTAAATAATCTGATGAATAAAATCAACTTAAAAGCAAATTCATATTTTGAAGATGAATGTTTCAATTCGTTAACGATTGAAAATACTGATTTGAAGAAAACTGAATTTTATGGTTGTAGTTTTACTAACTGCAACTTCTTTTATGTTGATTTTTCTGAGGCAATATTTGAAGAATGCCAATTTTCTAATTGCGTGTTTTCAATTAATAAAATTTTTGACTGCAGTTTTCGTGAAGTTAATTTTTATGAATGTAAATTGCAAGGAATAAATTTTGAATTATTAAATCAATTTGCCTTAGAAATTAATTTTAATAAATGTAAACTACAACATTGCTCATACTCTCAAATGGATTTGAGCAACACTTCTTTTGAAGGTTGTTCACTTCATGAATGTGATTTTAATGACAATAATTTGAGAAATGTTAATTTCAAATACTGTGATTTTACAGGAAGTTTATTTTCAAATAACAATTGCGAAAATGCCAATTTTTCAAATGCTATTAATTTCAATATTAACCCAACTGATAATAATAAGTTTATAACTTATTGAAACAGACACATTAATAGAAAAATAAAATATAAAATCATGCCATTATTTGATAGAATTATAGAAAGCACATGTGATATAGTAGAAGATTTAGCTGAAGATATTGCTGAGTTTGCTGACGATAGCTTTCATGCTGTTGAAGACTTTCTCACGTCTCCGATTCAACACACAGTTGAAACAGTTGAAGATCTATCTGAAGCCACGGTCTATCTAGCAAAGAGCAATCCTGTTGGTAGCACCATAGAAGGAGTTATTGACTCATTTCGCGATGCAATAACTGAACCAGAGCGCGGCAGTGTATTATACACCGATTTGCTT
CP085689.1_gap61	2696326	2701108	4782	CTTTACACTTTTAACATATTTTTCATAAGACTTTATTTTCTGAAACGAAGAAGTTTTATATTTGCTAGACAGCTGCAAATCTTTAGATAATGTAGCAACCGTATTTGCTAAAGCATCACGTTGTGCCGCATATTTTTTAACTTGATCTTCAAATTGTTTCAAGTTTCCTTCTAGTTCACTATATTTTGTGTGATGTAAACTATCCGCATTAACACTTGAAGATTTCTTTGTTCCACTTTTAGAATCTAATATTTTTACAACTGATCCTATAGCATTTGCTGTTTTTTCCGATCCTTTTACATACTGTTCTCTTTTTTCAAAAAGGAAGTAACTAATTACCGCAGTAGCAATCGCTAATACCGCCACTAAACTAATAACAATCTTGTTGAAAGTGCCCATCTCAAGCTCCTATGAACTAAATTTAAAGATTTATATCTTATTTTAAATACTCTTTTGGAATTAACATTTGATTATGAAAACTTGCGCATCATCTCACTTAATTCAATAATATTTTAATTAAGCAAAAGTTGCTGACGCTCAAACATCAATCCATCAAAATGTTTCTTACCTACATCAAAAACAATAGCTATATTTGAAATAGCCACAAAAATAATTTAGCATCATAAATACCTTTTGCAAACTGTATTTACAATATTATTGGTTGATTTTATTTTTCCTTAGTTATATTCAACCAATTTGATACTCTAAAAAAACAAATTTAGAGTGTTCCAAAAACAATCCTAAACCAGCCCTCCGTTCAATTTTATGAATAAAAACTTCACATTATCAAATATTTTTAAAGTTCCTTGTGAAAATAATTCAACTTCACCAAACCCCATGAAATCCTCTAATTTTGCAGGCATTTCCCAAACCAACAAAGCATCATTTAAACTTTTGACAAATGATTTGTTCGCCGCCAAATTAGCAAAAACTTGCGCAGAATCACGATATGGAGGATCTGCAAAAATAACATCCGCTCCAAAAATATCATACTTAGTGTATTTAGTAACGTCACATTTTTCAACACTAAACTGAGAAAAACCACTTCGCGTAAAATTATCAACTATACATTCACAATGCAAGCTATTTTTCTCCAAACATAAAACTTTATCTGCACCACGGCTTGCAGCCTCTAAAGCCAACGTTCCAACTCCAGAACATACATCAATAACATTTAAATTATCAAATGATCCCAAGCTATCAAATAAAGCTTTTCTAGAACGAACCGAAGTTGGTCGAACCTCAAAACTTGCAGGAGTATGAAGCTTTAAGTTTTTAAATTTACCGCTAATAATTTTTATATCACTCATGAAATACTTAGACCATTTCAACTTTCAATTATTTAGAAATTTTTTCTTCAACTTCTTTTTTAACTTCATCTACAGCAGCTTCTCCACCCTTCTTAGCAGCCTCATTAATAATTTCGGTCCCAGCCTCTTTAACCTCTTCTCCAACATCTTCAGCCTTATCAGCAACCGATGTAAAAATTTGAGCTGATTTTTCTTTAACTGTCTCAAGAAAATCACGCCCAAAATATCCCCCCATGACAAATGATATAATACAGAAAAATAGCAAAATAATTCCAAAACAGCCACAGCCAACAATTTGATCTTTTAGTGAACTCATTTCAACTTAACCTTCTTTTAAGCATTATTTATAGTTAAATTATAATTTTATTATTTAAAGATTTTTCCTAAAAATAAATCAACTATTTTTCTTTGTTAATTTCCAACTTTCAACCAAAATTATTTTTTAGTTACTCCTACCTTAATTATAGCAAAAGTAACTAAAACATTTATTACTCCCACTCAATTGTACCTGGAGGCTTTGATGTAACATCATAAACAACACGATTCACTCCACGTACTTCATTGATTATACGATTTGACATTTTTTCAATTAAATCATATGGCAAGCGACACCAATCAGCAGTCATTCCATCCATACTGTCAACAGCACGAATCGCAATTACATTCTCATAAGTCCTCTCATCACCCATTACTCCAACAGTTTTTACAGGTAAAAATACTGCAAAAGCTTGCCATGTACTGTAATAAAGATCTGCTTTTTTCATTTCTTCAACGACAATTGCATCGGCTTCTTGAAGAACATTAATTGTCTCTTTTGTTATTGGACCAAGATGACGAACACCTAAGCCTGGACCAGGAAATGGCTGGCGAAGAATAACTTCATCTGGTAGCCCCAATTGACGTCCAACCTCACGAACTTCATCTTTAAATAATTTTGCTAACGGCTCTAATAATTCAAACTTCATATCTTCTGGCAAACCACCAACATTGTGATGACTTTTAATCATTGCCGCAGGATTTCCATCAATTGGCACTGATTCAATAACATCTGGATATGTTGTCCCTTGAGCCAAAAATGTTGCATCTTCAATTGAATCTGCCGCATCATCAAAAACTGCTACAAACTCATGTCCAATGATTTTACGTTTAGTTTCTGGATCAGTCTCATCAGCTAATTTTGTTAAAAATCTATCCGTTGCATCAACTGTGATTAATTCCATATCAAAAGCGCCAGCAAACAACTCATTAACACGTTCGGCTTCGCCTTTACGTAGCAACCCGTTGTTTACAAAAATATTTGTTAATTGTTTACCAATCGCTTTTTGAATTAATGCTGCAGCAACAGATGAATCAACTCCACCACTTAGACCCAAAATAACTTTCTGATCACCAACAGTTTCGCGAATAGCTTTTACTTGACTTTCAATAAATGACTTCATTGTCCATTCAGCTTTGCATTCACAAATCTTATGGCAGAAATTGCTCACAATTTCTTTACCTTGTATTGAATGGACAACTTCTGGATGGAATTGAATACCATAGAAATGTTTTTCTGGATGATTAATTGCTGCATACTCTGTATTATCAGTGACAGCTACAGTTTTAAAACCTTCAGGTAAACTTAATACTTTATCACCATGACTCATCCAAACTTGAGTTTCGCTATCAATATCTTCAAATAAAGCATCGGCTCCAGTTTTGCGCAAGATAGCTTTACCATATTCACGAGCAGAACTTGCTGCCACTTCACCACCTAATGTGTGAATCATTAACTGCAAACCGTAACAAATACCTAAAACAGGAATCCCCATCTCAAAAAGAGCAGGATCACACTTTGGTGCTGTTTCTAAATATACACTTGCAGGACCTCCACTTAAGATAATACCTGCTGGATTTTCTTTTTTCAGCTCTTCAGCTGGAGTATTGAACGGTAATATTTTACTATAAACATTACATTCACGGATTCGGCGTGCAATCAACTGACTGTACTGCGATCCGAAATCCAATACCAATATTGTTTCAACTTTCTCTGACATTTTACCTCGTCGAATTTAATTTATCTTATTTATAATTAATTTTTTATATTTTCATTTTTATACACATATTCAAAATGTAATTTACTACTAATTATGCAAATTTTAAAGTTATTTTATAAAAATTTTCTCAATAAAAATTTTTTTATATTTTTTTTTCAAAAATAATTATTTTTCTCTTGCAATCAATTTATAAATAGGGTAAACTAGTTTTAGAGACTATTTCATTAATAGCTTCTTGAATAAAAGGTTTTATATGTAGTTCAACACTAAAAATAATCCATCGTAATTTTACAGTATAACATTTTAATTAATAACTTGTTACAAATACTTAATCTTTTACAGTAATTATTTTTAGCGCAATCAGAAAATCGAATATTTGCTATTTAGTAATCTTAAATTATTCAATAGCTAACTGAATAATTAGATTGCTAAAAAATCCGCAAATATTCTTAAAACAAAGGGTAATATTATTATGGTTACAGGAATTGTTTTAGTAAATGTTGAAAGACCTCGCCTCAAAGATGTGATTAAAGAAATTCTAGAACTCAATGGTGTATCTGAAGTTTACACTGTTGCAGGAGAATATGACTTGGTTGCATTAATTCGTGTAGAAACAAATAAGGAGCTCTCTGATATCGTTGCGAATAAAATGCCGCATGATATTGATGGAATCACGCATACGAAGACACTCGTATCTCTTGATGTCGATAGTAATTTAGACATAAAGGCACTGTATGCTGTATAAATAATTAAAATTTATACGTTTAATTAAATCAGATACACCTGTGATTTTTATAAAGAAATCGAGGTGTATTTTAGTTATTTAGGAATTGAGCCAATTTTTATGAAAAAAAATATTTTAGTAATTTTTTATATTTATTTAATAACCTTTTGTTTATATGGTCAAGAAAATGTTAAAAATGATCGCCTGAAAAACGATAAAGCATTACGTGAATCAGCACATAAAGGCAATTTAACGGCACAGAAGAAATTAGCATATGAATATTTCATGGGAAATAACCGCTCAAGAAACTATAAGCTGGCGGTTTATTGGTTTAAAAAAGCAGCAGAGCAAAATGATAGTTTTTCGAAATTTAATTTAGCAGTTTGTTATTCAAAAGGTTTAGGAATTAAAGAAAATAAGTATCTCGCATTCAAACTCTGCGAAGAGGTTGCTAACGATATCCCCAAAGCTAAATATATGCTTGCACAATTTTATCAAAAAGGTTTCTTACCTGTAAATAACGATCCTCGAACAGCTTTACAAGCCAACTTATCAAAAGCTTCAAAGCTATATGAACAATTAATAACTAAAGATAAATATGCCGACGCTTATTATAGTTACGCAAAAATGCTATTAACTAATATTGATGCCACCGAAAAAGATAAAGAAAAAGCAGTCAAATTGTTACAAATTGCGATAAAAAATAACGATA
CP085689.1_gap62	2900307	2903204	2897	TAACAATTGATAACATGAAACTAAGTAGTTTGATTGAGAAATTACTTTATCAACATATGCCTCTGCCGCTTCCAACTCTAAACGGTCTAACGTTAAACGTGATAAATTTCCACCTTTATCAAATAACTTTCTACTCTTAATAGCTTGCTCATTAAAATTAAGATATTGACGATTGTTCAATTCAAAGCGTTCTTTCACCTCTTCAATATTTGCGTGCGCAATACGAACTTGAGCCATGATGCCTAATGATAATGCCAAAATTCTTTGCTCCATTTCTTCAACTTGAATTTCTTGAGAACGGTATGTTGCAATTTGTTGCGGTAAACGTAACAGATTGTATGCAGCTTTTGCCCCAATTTCAAACCAGTTACTTGTATAAATAAATTTATTACTACTATATGTAAAATCAGCAAAAGCACGAACCGTTGGAAACATCATCAATAAAGTTTTATACGACTCTGTTCTTGTCACATTCTTTTGAACATCTAATTGCCCTAACTCTGGACGTTTAAATAATGCAACTTGCTCTAAAAGTTTTATATTTGGAAATTCTGCAGCTTTAAACTTTTTAAACATGCTTGTATCTACTTTAATATAATCTGTTGGTTTGTAACCCATTAAATTTGTTAACTGAAGACAAGCATTTCGGTATGAGCGCTGATATGACACCAAACGTATCTCTAGATCCAAGAAACGTTTCTGTTCATCAATTAAACGTAAAATTTGCACTTCACCTTTATCTTGTACTTTCTTCAATGTTTCTTGAATATCACGGCAACGAACTAAAAGGTCTTGTGTGACTTCCACTGCATTTTGTGCTGCTGCAACACGGTAATATGTTTTAACAACATCCAATTCTAAATTCTGTGCAGCTCGACGTTTAGTTAATTTTGAAATAATTAATTTATCACTACTTTGAGTTGAGTTTAAAAATGCTAACCCAAAGTCAAGAGTACTTAAAGCTAATTCAGCTTTAAACGTATCAACTGTGTTTTGTGTACTTTTACTACTCACTAGAGATTGTTCGCCAGTACGAATATTTTCACTACTAGATCCCGGAGTTCCTGTTCTTGACTGAACATCATTGCTAATGGTTAAATCTGGCAACATTCCTAGTACTGCAGCATTTTTCTGCTCTGCTGCAACACGACGTTTTAAATCTAAAACTTTGTAGTCTAGATTATGTTCAATTGCACCATCAATGCACTGCTGTAAAGTATAAACTCTTTTTACATCAGGACGTTTTGTTCCAATTTTTTCAATAAATTTATTTGCAGCATCCACACGCTGTTTCTTATATTCATTCTCAGTGTTACAGCCAACTAGCACAAACCCCAGTGCCATTGTTAAACTACTTAATTTTTTAATCATTATTAACGTTCTCCACATTACTAGTATGTATTTTTTAAATATATCAAAGCTTATCAAATATAAATTACGCTAAGACGCCAATGCAATTATGACTTATATTTTAAAGCATATTACATTGACATCTTAGCCTCAGACTTTCTCAGAAATTATTCAGCAGTTTCAACCACTTCATTTTTCTTTAAAATTCCTGCTTCTAAAAGTTTATCAATCAAGCGTTCCATTGAATTATAAGCATTCAAGAAACCCTGAGGAGGCATAATAATACGCTCAGCTGTCTCTGATGTAGGCTCTCCTCCGTTTGCATCTGGTTGTAATCTGAAGAAATCATATCTTACCATACCGCCAGCAAAATGCACTTGACCAATCCCGTCTGCATAAATCTCAACTTTTTTGTCACTCATAGTTGTTACCTCATTATTTGATTTTTACTACTTTTTAAAAATACATACAATTATAATACTGTATTATTTAAACATTTCCTTAAGTCTTACCTAAAGTATATTTAAACTAACATAATAGTCTAATTATTTCAAGATATTTTTTACAATATTTGACTAATTTTTTCAATAATAATACTACAAAACATTAAAAAAGCTTATTTTTCATAGTATACAAAAACAGTATACTATATTTTCATCAATTATTCCTCTAATAAATTTTAAGGTTTTTTTTACTTTTTTTACTATTATTATTTTTTTTCAAAACTATATTATTTTAGTACAAGTTTTAAAATATAGAAAAAATGGGGAATTTAACCATGAAATTTTACTCTTTGATATTAGCTTTATACATAAGTTTTTTAGGCTCTATTTGTTCCGTAAAAGCAAAAAACCTTTCAAACAATAACTCGTTGACTACCAAATCCTTTCAAACTATCAAATTTAATGGAATGCAAGTAAAAGCAATTTTATCTCCAATCCAAGAAATTATTGTTGCGCGTCGCATCTCTTCAAAAATTGATAAATATAATTTTAAGGTTGGAGAAAGATTTAAAGAAGGTGATGTTTTAGTGAACATCAATGCCACTTTTTTTGAATTTCAACATCGCAAAGCACAAGCCGCAACAATTGAAGCTCAGAAAAATGAAGCATATTGGCGCAACAGAATTGTAAAAGAAAAAGATATGTATAAAGATGGAATTGGTGATAAAGCAACTATTGAAAAGGCAATTCTCGAACACGAAATTTGCAAATCAAAGCTAGCTGTCAGTAAGAATGATCTTTTTATCGCAAACCTAAATCTAAAAGAATGCAAAATAATTGCTCCTTTTTCTGGACGTTTAGTAGAAAAAACTGTCCGTGATGGTGAACATTTTAGAGACAGAGAGCCACTAATGACAATCATCAACGACAACCAAGTTTTGGCCGTCATGTATTTACCATCTTTCTTAAGAACTAAACTCAATCAAGGCGATGCTGTTTCTGTAATGGTTGAAGAAACGATGAAAAAGTACACTGGAAAAATTTATACTCTTTCGGCTAAAATTGACCCTAGGAGTAAAACATTTGAAGTAAAAGTTGTTATTG
CP085689.1_gap63	2913652	2915062	1410	TCAATATTAGCTAAACGTCTATTAATATGTAGTTCTTTAGAACACAACGGCTTGTTAGGATAATGACGATTGAAATCAGGAAAATTTACATACATTTTCTCAAGCATATCAAGATATTTTTTGTCCTTAGTTTGCTCGTATAATGCCAATACTCCACGATTAAAGCAAGCTAATGCCCAATAATGACCACTTTGCGACCCGCCACTTACAGCTAGAGGGTAAAAGTAATCTGTAAACATATTCTTTTCAATATCTTTATTAATCAAATAGTAGTAGCCCCTAGAATCATTCTTAGAACGTTCTACCGCATTGTTTATTGCTTTAATTCCACGTTGTTCAACGCCGTTATCGTCAAGAATAGCCCCCATTCTAACAGTTCCATCTATGTAATAGCCTGTTTGTTCAAAAGTCCACCAAGACTTATTCTTGTTCTTAGTTTTTAAATTACCAAACCAACCCTCTGATTTAAACACCTTATCATATTTCGGCAACTTTTTAGACTAATTTTCTGTTAAATCCTCAGCAACATTTAACAGCCACCCTCTAGGCTTAATATTGCCTACTGGCAAATGATTTAACTCCCCATAAGGCGCTTGAACGACCGTAATTTCATCCTTTTTCGTAGTATTAACTAATGAACTACATCCTGAAAATATCAAAATGCCCAAGGAGCCACTTAATACTAAGTTAAACGCAAAATTACCTTCTCTACTTTCCCTTTTTTTAAAAAACATGATAATCCCTTTTGATTAATTCTTTAATAATAAATAAACCTAATATGAAATTATTATATCATCGATATATTTAATAAGCAAATGATTTGTAGATATTTATGATAAATTTAAACATACAATTTATCTATCATAATTTATGGATAAAGGAAGTAAAATTAATTTCTTGAAGTTAAAAATTTAAATTAATTTCATATAATTGAGAATGCGTACATTTGCCTCTTCGCCGTTATACTCTAAAGTATTTCTACTTTTAATAGTACGATCAATCGTAACTGCGGGGTTATAACCAAAAGCAATAGTTGTATCTTTTTCCAATTTTTTCCCTATATTAATACGGGGAATACTATTTGAAATTTCAGAAGATCTTAATTTCGTTATCTCTTTACGACAATTTTCCAATTGATTAAGAAGTTTTTCATAATTTCGCACTAAATCCCGTACCGTAACCTGATTGTGCTGAGGCAAATTTTCAATGATATCAGGATTTCTTAAAATTGGTTGAATACTATTGGCTATACGCTCCACTTTAGCATTAGTAGCAACAACTTCAGCTTCAATTTCTTTAATTCTACGATTAATCTTAGCACTACAACCACAAATTAAGATTGTTTTAGCTGAAGAGCGATCCGAACCGATATTTGCTGCTTCAATGCCACGCAACGCCTGAATTTTACCG
CP085689.1_gap64	2917444	2919554	2110	AACATAACCCTTCAATTTGTTTCTTTTGAATATTCCCTTTACATACAAATTTGATCACTTTTTCAAAACTAGATTCATCTCCACGCATACAGTAGTCAATAAAATGGTTAGTTCTTAGAAAACGTTCATTATCTCCTAAAAATTCCGGACCTCCAACAACGGTTATGATTTCTGGACTTACTGCTTTCATCATGCCTAAAGCTTTAATCACTGCTTCAATATTAAACAAATAACACGTCGCAATCACTACACATGGTTGAACCTCTAAAATCTCACTCAATAGCCCATTCTCGAAATCTTTTACAGTTCGGCTAAATTCATGCCAAGAAGCTGTAACGCCTTTAGCTTCACACCATGCCCGTAATTTACCGTAGGCGAGCATACTATGTGAATAGGAACTATTAATTCCAAGGTAAGCTATATTACTCTTTTTTACCATTTTATCGTTTATTAGCCTTAAATTTTATTTAATTAGTGATATATTGAAATTACTAATTTACAATTAAAAGCAAACAATGCAAATTAAGGATAAAAATTATGGATAATTGGAATATTGAAACAAAACTAATCCAGTGCGGATATCAGCCAAAAAGCGGCGAACCTCGTGTTGTTCCAATCACGCAAAGCACGACCTATAAATATGATACATGCGCCGAAGTTGCGGCTCTTTTTGATTTAGAATCTGTGGGTCATATGTACTCAAGAATTAGCAATCCAACAGTGTCAGCATTTGAAGAAAAGATGACAGCTCTTGAGAACGGTGTTACAGCTGTGGCAACAGCTTCAGGACAAACAGCATCAATGTTATCAATTTTAAACGTTTGTAGCAGTGGTCAAAGCTTTATTGCAACGTCAAATTTATATGGTGGAACAGCAAATTTATTCACGCATACAATGAAAAATTTTGGAGTTGAGGTTATCTACGTTGACCAAAATGCATCTTTAGAAGAACTTTTAAGTCATGTTAAAGAAAATACTAGAGCAATTTTTGCTGAATCATTAGCAAATCCAGCAATGGATGTGCTAGATTTTGATAAATTTTCAAAATTTGCCAAAACTGCAGGTATTCCATTAATCGTTGATAACACATTCCCTACGCCATTTTTGTGTAACCCAATTGATTTAGGTGCACATATTGTGGTTCACTCCAGCACAAAATATATTGATGGGCACGCAACAAGTGTTGGGGGAGTCATTATTGATGGAGGAAAATTTGACTGGAATAAATATTCAGAGAAATTCCCAGGTTTAACAACTCCTGATAAAAGTTATCATGGATTAATTTATACTGAGGCGTTCGGCAATATGGCATATGGCATCAAAGTCCGTACACAATTAATCCGTGACACAGGCGCATACATGAGTCCTATGAATGCCTTTTTATCAAACAATGGACTAGAAACGCTACATTTAAGAATGGAACGTCATTGCAAAAATGCTCAAAAGATTGCGGAATTTTTGGCGACAAATGATAAAATTTCATGGATAAAATATCCAGGCTTAGCTGGAGACGAAAATTATAATGCTGCAAAAAAATATTTAAAAGGCTGTAGTGGAGTATTCACGTTTGGAGTTAAAGGAGGAGCTGAAGCGGGCGAAAAATTCATGAATGCATTGAATATTTTTGCAATTGTAGTTCACGTTGCAGACCTCAGAAGTAGTGTATTACACCCAGCAAGTATGACACACCGCCAACTTGATGAACAAGAGCAATTAGCTGCAGGTGTTACTCCAGACTTGATTCGTATGAGTGTTGGCCTTGAAAATGCTGATGACTTAATTGCTGATATTGAGCAAGCATTAGCGCAAATTTAAGCTTGGAGCAATATAAATAAAAACTCTAAAACCAATTCTTCATGATGGTTTTAGAGTTTTTTTAAATTTCAATTTATGGTTTTAAGGAAGTAAAATAATGAGTAATTTTTATAGTTTTATTAGAGGAAGAGTTATACCAGTTTTATTAGTTATTGGGGCTTTAATTATTTTTGGAATAAGTGTTATTTTGCCGTTAAAAAAAGTTTACTCTGCTAAGAAATGGGTCAAGACTGAATGTTTTATGACTGAAAGCTTTGTTGAAAAAACATACGGAGGAAAAGAAAAAGTTAATCAC
CP085689.1_gap65	2924039	2924927	888	GTTAATAATGTATCTTAAAGGTAAAGTTATTCATGGAGAGTCTTTTTTAAAGCATTATAAATAAATTTAGGAAGTTATAAATGGCACATTTAGATTATATCCCAGAAAAAGTTTGTAGCAAATTTTTTTCAATTGACGTTAACGATGAAACTCAAATCATTGAAACAGTTGAAATCATTGGTGGTTGCCCTGGCAACTTAGCGGCTATATGCCAATTGGTAAAAGGAAGAAAAATTGCAGATGTTATTGAGTTATTAAAAGATATTCCCTGTCGTCCAGGAATGTCATCATGTCCAGCTCAGTTAGCAATAGCCCTTGAACAGCTTTAGTTTCGAGAATAAATGCCTGAAACAAAGCTTAATTATAAAAGGTCACTCTCAGGAGTTTATTTATGATTAAATATATCACAATGTTTTTTAGCGATTTTTGGCATCTTTTTTGTTTAATGTCGCCAGCGATGCTACTTGGTTTTTTAATAGCAGGAATTATTGCTGCATTTTTAAAGGTTGATTTTATTAAAAAACATTTTGGTGAAAACCGCCTTTGGAATATTATTAAAGCTTCACTTTTTGGAGTACCATTGCCATTATGTTCATGCAGTGTACTACCTGTTGGTTTAGCTTTACGCAAAAATGGAGCAAGCCGCGGTTCAGTGACTTCATTTTTAATTTCTACACCACAAACAGGTGTTGATAGTATAATCGTTACAGGGTCGATAATTGGAATAGTTTTTGCTGTTTTCAAAGTAATTTCTGCATTTATTACTGGTATCATCGGAGGAGTTTTAACCTATATTTTTGTGAAAGAAAAATTTGAAGATCAAGATAAAAAAGATACCGCTACGTCATGTTGCCATCAAAGTGGTAAAGAAGCAGGAAATGACTGTAT
CP085689.1_gap66	2930930	2931870	940	AGTATCTTTATCTAAGTAGTAATTTTCTTGATTATTTGAATTAAATTTAAATGCTCTAATTCCAGCAGTCGATGTATTTTCACCATTAATTCCAGGAGCTAAGACAAAAACACTACCATTCAAAGTAACATCTTCTCCATCAATAGTTAATTCAATTTTATTATCATAGTTTGTATCTAAAATAAACACATAAGGACTACCCCAACGAGTCACAAATGATTTAATAACTTGCCCATCACTACTTGTATCATCAACTGCAACACCATTTTTGGGACTTAAATACATTTTCTTACGCTTATTTTTCGGGGAAGCTACTTCTGCACCAACACCGCTACTCATATTTATACCCATTAATTTCTTCAAAAAGTCAGCATAGTCACTTTCAGAATCAATAGTACTTCCAGTGCTACCTTGGAAACCAATTCCTGTAATATCTACTCCTCCAATAGTAATTGGATCTGGTGAAGTTTCATCTTGAGTAGTGTTCCCACAATACAAAATTGTATCTTGCCCTGAATTCAATACTGGCAACAAGTCGTTATTATCTGCTTTAAATTGTTCAATAGCAATTTTTAATGAATTAGCTTCTGTGTTAGCCTCTAAAATTCTCGCTTTAGTTCTTGCTACATTTATAGCTGGTGTAATTAGCCCTGCTAAAACAATAATGATTGCGAGTACTACTAGGATTTCAACCAACGTAAATGCTTTGACTCTAATTTTGTCTCTTTTTTTTAACATAATTCAACTCCTCAAACAATTTAAACTATAATTAATTTTATTTTAAATACTTTATTTTTACTATTTATTGACAATATCATCGACAGTTCCAAATCCAATAGCGCCGCCACTTTCTTGTGAGTCATATGTCTCTGGATCTTTTATTTCATTACTACTAAGGTTGCAGTTAATTTGGTTCGTTTCAATATCAAATAGCTTTTCA
CP085689.1_gap67	2984597	2985533	936	TAATCAAACTTAATTCCTTTAAGCCCTGCTCGACGTAATTTAATCCAAGCATTTAAGGTATGATCTTGAAACTGCTTATCAGTATAGTCATATCTCACAAATGTTTGATGATGCATATGTGGCAAATGTAAATAATCAATATTGTTATTAAGCATCCATTCTGGATGAGCAATTGCAAAATCATTTGATGGCATACCTGCTTGAATGTAGGTAAACATAATTCCATTTGTTTTTGCTAACTCATCTCCAAATTTCTTAAATGTATTTAATTTTTCCCTCAAAGTTCTATATTTAGCCCAATGTTCATCATCCCACCATCCCTGTTGAGTGTTACCATGAGAACCATAACAATATGCATCTGGTTCAATACGGTATGCAACTCGAGAATACTTCAAGAAACCACTTTCTTTGGCTTTTTGAGATTCTTCCGCCATACCATCAGAATAATTAACTTTCACGTTACCAGTACCAAATCCTCCATGTGATGTTAACCAACCACAAACTGTTGGGAAATTATATATATTTGGTTTTGCGTTGGTTTTCTTTGCCATATTTTGAGCATATAGCTCTAAATTTTTATATGGATCTGCAGTTACAATATCAACATAGTAAAAATCTTTTGACACATAAATTCGATTTGGCTTGACTAGTTTTCCAACTGGATCAGTAATCATTAATGACATTGAAGGAGTTTTTGCTTTACCTTTTAAATTCCATGGAGCAGCTCCTGCGTCACGATTTCGGTAATAAACTACTGGATATGGGCGCATTGAATGCCCTTTTGGATACAAACTAATTTCTTTATCAGTTAACACATATTGCTTAATGTAATCCACATAACTTAAGCCCCCTGCAACAATACTAACACGTTTATCATTCAATTTTCCTGTCAAAAGAAAATTATTTTGACCACTACGGTTTAAACCTTTTTTAATT
CP085689.1_gap68	3003356	3004157	801	GCTACAATTAAAACATTCAAACTTAATGGTTGGACCAAAGCTAATATGTAAATAATCATTACTTGCGCCACATTCTGAGCAATCTGCGCGATTTTCACGGTAATCGTTAGCATATTCTAAAATTGCTTTACAGTTTTGACACTCTACTTTCATCTTTAATCCTAATGGCTGTTATTTTCAAACAAAACAATATTTAACTATTTAATTTTTTGAAATTGAAATCCCTTTAACTTTTTTATAAATACTAACTGCATATGAGTCGGTCATTCCAGAAATAAAATCAATGATATTCATCAATCTTATATAACTACTTTCAAACCACTCCTCAGATTCAACTCGATACTTTTGCGGAATTAAATGTAGCAAAGTTTTGGTATAAAAATTTGGTTTTTCACTTTCAACTTTTGCCGTCGCATAATCATTAACTGCTGTCATAAAAATATCTAACAAATTAGTTGTCAATTCAAACCCAGCAACATTAATATCAACTGCGCGGCGGTCAGTATAAATATTTTCCTTTGAATAATCATAAATTGCTTTCAACGGATCAGAAGAAGGTATTAACTTGGTAATATCTTCGGTAAAATCACCACGCATTATATCATCAATATTTTCTTCAAAAACTTTACTACATTGCTCAACTAAAACATTTAAAACTCTCGCTCGCAAATATTCCACTCGCTGATCCCGTGATGAAAAATGCACTAATCTGTTATCAATTGAAGTATCTTGAATAATATCATTAAAACTATCATAAACCATTTCATAATCAATAATTTTTAAGCTATATGCGTCTTCAAA
CP085689.1_gap69	3007390	3008146	756	CTTTACCGCCGAATAGCCCCTTTTTAACAGGACCAAGCACTTCTATTTTCACAGTTTTCTTAAACTTCTCTCCTGCTAAAGCTGTCTGCATATCGCCTTGCATTACATGCAATTTATCAACTTTAGCCTGTCCTTTTTCTTGTTTACACCCTGCAAAAAACAGCATCGTAAATGCCATCACTGTAATTACAGAGGATAAAGAGAATAACTTTTTCAAGATTTATTTACCTTTTATTTAGTTAAAATATTTTTTTATAATTTTTAAACTGTTATGGTTAGAGAAGTTATTTTCTCGTTAACCGACTAACTATAACATAATTTTCACATTTTTAAAACAACTATTAAACATTAATTTAATATTATTTTATTTTGCTTTTTCCCAATGCATGAATTACTTTAAGAAGTGATAATGAAAATAAAAATTAATACTGTTTAAAATATAGAGGAAGAATGACGAAAAAAAAACTCACTCCAATGATGCAGCAATACCAAGCAATTAAAAATGAAATACCTGATGATTGCATTTTATTTTTTAGACTTGGCGATTTCTATGAGATGTTTTTTGAAGATGCGCAAAAAGCAAGTGCTCTTATGGATTTAAACTTAACGGCTCGTGGCGGAGTGCCAATGTGTGGATTTCCATACCATGCACTTGATAACCATTTGCCAAATATTTTAGAAAGTGGCGTAAAAGTTGCCATTGCCGAACAAGTTGAAGACCCAAAAGAAGCAAAAGGCATTGTTAAACGTGAAGTT
CP085689.1_gap70	3118603	3122727	4124	TTACTTATCTTCAAATTTACCTGTTAAAAGGTCACCTAAAACTTTATTAGCCTCTTGAAGTGCCTCATCCTCTTCTACGACAACTTCTTCAGATTCACTTTTAATATGAGCTTCAACCTTTTCTTCAGCCAATTCTTCAATAGCTGATGATAAATCCTGCTCGTTAATTTCTGCCGTTAATTTATCGTCATTTTCTTCAAGTTCCGAAATAGCGACACTTTTCGCTTCAACATCATCTGCCGTTAAAGACTTAAGTAATTCATTTTCTTTAATATCTTCTTCACTTTGCAGATAACTTGCAATCTCTCCAGAGCTAACTGCTCCTGCGGTTTGAACATCTTCTTGTTTTGCTTTATTAATAACATCCAAGAAGAAATCTTCCAAGTTCATCTTTGGATGACTAACTCTAATTTCATCTGTATCTAAATTTTCACGTAAAGATTTTAAAACTTTTTCAGTTTGTTTAGCGTTTAATTTAGGAAGAGTAATTTGGCAGTCTTCTTCAACCTGTAGCAAATCGTTTAACTCTCCTTCTGCACGAACTTCTCCACCATACAAAATAACCACACGGTCACAAACATCTTCAATATCACTCAATAGGTGTGATGTTACAACCACCGTTTTTCCACGGTCTTTCAATAATTTAATAAGATCTTTAACCTCACGGCAACCTAATGGGTCAAGACCAGATGTTGGTTCATCAAGAATTAATAAAGATGGATCGTTAATCATTGCTTGAGCTAAACCGATACGACGCTGCATACCTTTAGAAAACTCTCCTACACAACGATTACGAGCATGACTTAATCCTACCATATCTAGTAGTTGATCAACACGATTCTTCAATTCGATACCATACAAACCAAACAATGATCCAAAAAATTCTAATGTTTCTTGAGCTGTTAAATATTTGTAAAGATATGTTTCTTCAGGCAAATAACCCACTAATTTCTTAGTTTCGACGGCACGTGGTGGTTGCCCTAAAACTTTTAAGTTACCTCCAGTAGGGTAAAGTAACCCTAAAATCATCTTCACAGTCGTTGATTTACCACTACCATTTGGTCCTAATAAACCAAATACTTCGCCCTGCTTTACCTCAAAATCAATATCATTAACAGCACGCGCTTTTGGACGAGCCCAAAAATCGCGGAATATCTTTGATAATCCTACCGCTGTAATTACTGATTCTTTTTTAACATTAGACATTATAAATCGTTGCCTCACTCTTTTTATTGCACTATAATTTACAAATTTTAAATTTATATATTATCTGTGACATAAATTATTTAAATATTTTGAGCACTTTTATATTTCAAAAAGTGCCCATTTCAAGCTATCTACTGCTCTACTTCTTCATCTTCATCAGTTTTTTCTTTTTGCTTAAGGTTTTCTTCAAATGTCAATTCTTCACCTGTTCTCACTAAGCGAGCACTATTAAAAATAACCACCACAGTACTAATTGTATGAATAACTGCCGCCATTATTGGGTTAAGAATATTAAACATCGCCAAAATAATTCCACCAAATACACATAACATGCCAATGAAAAGGTTTTGATTAATAATAATCTTTGATTTCTTTGATAAAGTCATTAACATTGGAATACGACGTAAATCATTTGTCATTAATGCAATTGACGCACTATTAATCGCGATATCAGAACCAATTGCTCCCATCGCAATACCTAAATCCCCTGCTGCAAGTGCAGGTGCGTCATTCACACCATCTCCCACTACTGCAACCAATGAATTTTCTTTAACTTTTTCTACATAAGCAACTTTTGTTTCTGGTAAACATTCACTTTCGTAATGGTCTAAAGATAATTTATCTGCAACATTCACAGCAACGCTATGACGGTCACCAGTTACCATTGCACAGTGCTTCACCCCTTGCAAACGCAAATCATCAATAATATGTCCTGACTCTTTACGCAACTTATCTTTCATCCCAATCCAACCAAGATTTTTACCATTAACAGTAACGTGAACTACACTCATACCTTCTGCTTCTGGATCATGCTCCTCTTCTGGTAATTCTAAACCCAAAGATTTTAACCACTTATAACGACCAACTCTAATTACATCATCGCCATCATAAGCAATTACACCTTTGCCATGCACCTCTTCAAATTTATCAACTTCTGGTAACTTTATCCCAGCCTCAGCAGCCAACTTACTAATTGCCATCGCTGTAGGGTGATTACTATGTGCCTCAGCTGTCGCACCAGCTTTTAATAATTGTGCAGGACTGACGCCTTCAACGCCTTGAAGTTTTGCCACAGACAAAATACCATCTGTTAAAGTACCAGTTTTATCGAATACAAATGTTCTAATTTTAGACGCTAACTCTAAGTGAGAAATATTTTTAATAAAAATACCTAAACGAGCCGCTGCCGCAACTGCCGCAACCGTTGCAGATGGCGTTGCTAACACAATTGCACATGGACAAGCAATCACTAATACTGAAATTACTTTTTGTATCGCTTCTTCGTTATTACTTGATAAAAAGTATGCCAAACCTGCAATCATCAAAATCGTAGGTGTATAGTAAGCAATATAATTATCAATCACGCGCACAATTGGTGATTTGCTACTTTCAGCCGCTAAAATCATATCTTTTACTTGGCCTAAAGTTGTATCTTGACCAACTTTAGTAACTTCAATATCTACGCTACCTGTCAAGTTTTGTGTACCAGCAAAAATATCATCACCTGCAACCTTATCTACAGGAATTGATTCCCCAGTAATCGATGCTTGATTTACCGTACTCTCTCCTTTAATAATTTTACCATCAATAGGGAAATTGTCCCCTGGTCTTACACGAATAATATCACCAATTTTAAGTTCTAAAACATCAACTTCAATTTCCTCGCCATTGATAATTTGACAAGCAATTGGAGGAGTTAATTTAATTAATTCTTCAATTGAACGTTGTGCTCCACTAGCTGTTTTTGTTTCAATAATGATTGTCAACATCAAGAAGAAAGAGATAATTCCAGCTTCTTGAAAATTTCCACTTGAAAAAGCAGAAACAACCGCTAATGCAACCAATGAATTCATTGTGACTTTACCTTTCAACAACTCTTTAGCTGATGTAAAAATAATCGGCACAGCTAAAATCAAAGAACCAATTAATGCACTAAAAAAGAATGGATATGGTTGTTTTGGTAAAAGATAAAGTAAAATATATGAATTTAGAATAAATATACCACCAAAGATTGCCAAAGACAACGTTGCCATTGAACGTTCATGTCCGTGTCCATCAGTCAATAAATCAACATTTGAATTATTGTCTTGAACATTTTCTGTATTTACATTTTCACTCATTCTAATTACATTCCTCTATTTATTAGCTTCCAACTCAATAGCACGTTTCAATAATTCTTCTTGACTAACTTTCTCAACTTCTGGATTGATCTTAATTCTAACCTGTTGTTCGCCTTTACCTTTGCTTATAATATACTTACGATCAATTTGTCCTAAAATTTCAGATAAAGTGTTATTCATCAAAGTTAATGATACAGCTTCTGGAGCTAAAGTATACTCTTTATATATTTTTTGGAATCGAATATTCTCTGCAATTGTGCTTTGAACAATTCTTGTTTTATACGCTTTAGCATCTGCAACAACCTTATTTGCTTCAGTCGCTGCATCTTGAATAATTTTATCAGCCTCTTGAGTCGCCTCATCAATTTTTTGCTGAGTGCTTGTATCAATTGAAGCAACTCTACGGAAATCCTCTTTAAGAGCTTCAGGAGGTGATGGTTGGCGTGGAATATTTACTGTATTAATTACAACACCAATATCAAGTTTTTCTACCGATTTATTAAAATCTCTAATAACTTCCATACGGTAATCATTTACTCCATAAAGAACTTTTGAGACTTCACTTGAAGCTGTTACTTTAATTACAGAATTTCTAAAACGATTTGTCAAAATATTTTGTAATGATTCTAAATTAATAATTGAATTTGAACTTACACTGCCTCCAGCTGATAAATTTTGTTCAAAATCATTACTATAACATGTTAAAAAGAATTTTTCTGGATCTTTAATTTGATAAACAATATCCCAACCAGATAAAACGATATTTGTATCACCAGTAATCAAATAATCGTCACGTCC
CP085689.1_gap71	3143595	3145565	1970	CAGGAATTATGTCATATTACAGTGGAAAATTTTCATTATGCACCATTGATTGCTGGAGATGATTTTTTTAAGCTATTACCGAATGACTTAAGTGGCTTGAAGGCTCTTGAAATTGGAGCTGGTGGCGCACAAAATAGTATTTATTTGGCAATGAATGGAGTTAATTGTATTGCTAATGATATTTCTGAAAAACAACTCAAATTTGCTTCAGAATTAGCAGAGCGTTATGATGTTGAACTGGGAACGTTATGTTGTCCAATGGATAATTTAATTAATGAGTTAGATATTACTTCTGAAGAAGATAAATTTGATATTATCCATTCGAGTTATGCATTAAGTTTTTCTTCTGACCCTAAAAAATTAGTTCAAAATTTAAGCAAGATTTTAAAGAAAGATGGAATTATGTTAATTTCGACTGGCCATCCTGCTTTTGCTGGAGAATGGTTAGATTTAGGAGAAGATGACTTAGGAGAAGGGATGTTCTTAAAAGATTATTTCACTCCACAAGCTGATACTCGTTATGATGAAGATGGTCAAGAGATTGTTCGTTCGACATTTTACACTGTTGGCGAAATGTTTGATTGGTTTGCAAGTGCACAAGATTTAACGGTAGAGCGTGTCATTGAACCTCAAGCGATGGATTTAAGTAATATAGAATATGATGATATTATTAATGTAATGCCATATTTTAGCCATGACTGGATGGAATTACATGAACAAGCACGTCATATTCCATTGATAGTTATTATTAAAGTAAGGAAAAATTAATATTTTTTAAAAGGTTATTATAATTTAATTATTTATATGTAAAGGAGTTTATAGAGATGAAAAATAGTAAAATTTTAGTTGTTTTTACCTTAACAATTTTGATAGGATTAGTGGTTTCATTAACATTAATTTTTATGCCTAAACGGCAAGAAATAACTCCGCAGAATATTCCAATTACTAGTGAACAAGCAGAGATTAAAGAGATCAAAGAAATTCAAAAAACAACCATTAATAACGCTAATAAAATTTCAAATGCAATTATAGTTGTGGTTATTTTTGTTCAATTATTAACGCTGATTGGTGGAGCAAGTGTTTTTGCTAATATTAAAAATTCAAGTGATAGTGCTCAGTTAAAGCTTAAACGTATTGATAGTGCTGATATTTTTCTTGATTTACCATTATATATTGGTTTATTTGGGACAGTGGTATCATTTTTAATTATTTCATATAATCCCCAAGCAAGTAGATTGGTAGCATATTCATCAACTTTGATTGGTATTATTATCAGTACTTTAATGAAAGTTTTTATTCATTATCCGCTAAAACAAAAATTGTTAACGGTTATTGAAGAAGAATCAATAAAGTTAAAAAAGCGTGATTGAAATTAAATAAGCTGTACGAGGGTTATTATGAATAAATCAATATTAATTGTAATTTGCGATTTTATCGTATTATCGGTTTTATCGCTTTCGACAGGATTGAATCCAGAATTCACTAAAGATAGTAATTATTCTGGAAATGTTTTGGTGACTGCACAGAACATCGATAAAATTTTGAAAGGTTTAGCTGAACGTGAAAAGAAAGTTCAGCAAATGGAAAAACAACTACAAAAAAATTCTACACAATTGCTATCTAAGGATAGTGCTTTAGCTAAAATTGCTGCAACGTTAGAAGCTTCCCAGCAACAAAATGTTAAGGCTGAAAAAGTTTTGAAACAGCAGGCACAGTTAAATAAAGAAATTTCTGATCAGTTGGCTAAAAAAATTGCTGAAGGGTTAGAAAAAGAGCGACTATTAGCAATTGAAAAAAGCCAACGCAATGCGACTGAATTAACAATTAAAAAAGTATCGCAAGAAAATGAACAGACTAAAAAGCAATTAAATAAAATTGTAGAGTCTAAACAAGAGCTAGAAAAAGAATTATCAAAAAAGAATATTGTTTTAGCGCAAAAAGCTTCACAATTATATGGTTTATCAAAGGAA
CP085689.1_gap72	3147703	3151318	3615	AATATGACTACAAAATAACTTTTTTAGATTTAAGATTAATGGCAGCTGAAGTTGAATCAATTGATTGGAAAAGTTTAGAAACTACTGAAGATAATGAGGAAAAGGTTACCGAAACTACTCCTGAAAATCAACCGCCAGTTGCTGGAAATGGTTTGACAAAGATAGAAGTTAGTTCACTTGTTCGACCAGGGGCATTGACACACGGAACGGTTGAGTTTATTTCTGGAGCTAAAGCTGAATGGATTTTGGAAAACAACGGACGCTTGGGTCTTGATAATGTTACAGGGCAACCAACAGAAGCTGACTTGGCTGATTTTCAAACTAAACTTCAGGTTTTGCTCAGTAATAAACATTAAAAAATAACTACTAATGGTAAAAAATCTGCGTAATTATGCAAAAATTAAATATCAGGCAGTTTTTGAAGAAATTCTTTAAAAAATATCGATTAATGAAAATTACTGGAATTTTGGTGATTTTTATTATATTATCTTATTTTACTATTAGTAGTTCATGGTTTATTACTTCCGTAATTTTACCTAGCGTATCACGTTCTATGAATATAAAATTATCAGCAGATAGCTGTAATTTTTCTTTGTTGTATTCTTCAATAAAACTACAAAATGTTTATTTTTCAGACGAAAAAAATTTTTCAGTTCGTTTTGAAAAGATGGAGATTAAATCTTCACTGAGAAAACTTTTAAATAAACAAATCGATTTTGACGAGGTTTTATTGGAAAATAGTGAAATTGTTATTCAGAAATATGATAACTACCAGCAAAAAATAAAGGATCAAAAAGCTTTTAAGAATATCCTGAAAAGTGAAGAGAAACGTTTTAATAAAATTTCTGGAATGACGGAAGAAAAGGCTAAAAAACGAAAGAATTATGCTCAAATTAAAGAGCAACTACAAAATGACGGGAAAAAGACCGTTGATTTTATAGCACAAAATATAGCTGAATCCTTAAAAGATGTCAATATAGGAAAGCTTCAATTTAAAAATGTCAACCTTAAAGTTAAATTTATCAATGAACAAAATACCTTAACTGAAATTGTCATGAGTGAGTTTTTTCTTGAGGTCAATAATTTTGCTTTGGGCAAAAATATTGAAATGCAAAATAGTTTTGTGTTTAGCATGTTTGCTGATAAAGTGGTGAATATTAATCAAGCTAAGGTTGCAACTGTGGTGCAATGTTTAATTGATAAAAATGGTAAAGTTAAAAATTTTAACCTTGAAAGCAGTACTGATCAGATTTTAGGAAGGGTTAAAAATGTTGATTTGCAAGACAATGTTTTTGATTTAAAGGTTGCAGGAGAGGGAATAAATGACGTTTTTAACCTTAAAAAATTAAATATTGCTCAATATGATAAAAATAAAAAGTTAGTAAGTTTAGTAACTAGTGAAGCGAGCACCGCATTTCAACCATTTCTTGGTAAATTTAATATTAAGGTTGCTCGTATTTCTCAAGAATTAATGACAATTGTTGGCTTTATTGTTGGGAATGAGTTAATTGGAGACTGTAATCCTAAATTTGAAGGTAATATTGAATATAGTCAAAGTAAAATTGTTGCTGATGGAGAGCTTGATATTAAGTTTAGAAAATCAAGGGAATATCCTTTTATTGATTCAATTGTTCAGCAGAAAGATTCCATTTTAAGAATTTTAAATTATCATGCAAAGAATATTACAAAAGTTGATGCTTCATTAAAATATCAAATAAAAATAATTCCAAAAATTGATGATGTTCAAATAAACAAAATTGATATTAATGTTAAGAATAATTTGGCAGAAAAATTTTCTTTGACAATTTCTGAGCCAATTAAATTTTCTCTTCCTAAATTAATTCATAAAATTAAAATTTCGCGTCACTATCTTAATCCTCTTACTCAGGGAGCGGTAGAAATAAAAGCTTTTAATTTTAGACTTGATAAGCTTTTTAATGAGATAATTGATAAAAAAGATTTTTCAATGCGCAAAGGTTATTTATTTACCCGTGTGTTATTATCGCTTTCGAATGATAAAAAATTACAATTTAATACTAATAGCTATATTAAAAATTTAGGGTTTAAAATAAAAAAAGATAATTTTGTTAATGCTAACTACAAACTTTTTGCGCAAGGGAAAATTACCAATAATGATATTATTAATTTAAAAATATTAGACTTTAGTGTTGATGAGTCAAAACAGCGTCAAGGTATTGCAAAAATATTTCTAAGAGATTGTGATTATCATATAAAAAATAATTATTTATCGGTGAAAAATAGTGATATTTTAATATATGATAAAGTTGTTGAATATTTGCCAAATCGTTATTTGAAAAATAAATTAACGGTTGATCTGACGGGAATTAATTTAAACATAAACAGTGGAATAGTACTAGATTTAAAAAATAATTATATATTGCTAAGAGATTTAAATTTAGATGGTTATGAATCTGGATTGAAGAATAAAATGTTTTCTATTAAAAATAGTAATGATCTATTTAGAATTGATTTTTCAAAGAAAAATGACGGATCTATGTTATCTTATCCAATTAAGGTTGAATATTTAATTTCCCCGGTTAAATGTGCTAGTTTATTTGAAAGACTTGCAGTTGATAAAAAGAGTTCTATTGAGAATGGTAAAATTAGTAGTAATGGAGAAATTTTATTAAGCAAAAAAGATATAAAATTGGATGCTGATATTAATTTTGAAGATAAGGTTAATAAACTTAATTTGTGGAATAAAAGTAATATTAATTTTAAGTTTGATAGCAAAAATTTAAATATTTATAAAGCAAATTTTAATATAAATAATTTAATAAAATTGAATGTTGTTGGTGGTTTTAATTTTGTTAAGAAAGGTGCTAATTTGCAGTTGGATTTAGTTCAGGTTTCTGATAAAATTTTTTCAATTATTCGTAAAGATGAATTAGCTAAAGATTTTAAGTTTGATGGGACAGGTAAGAGTTCCGTTACTCTTGACTTTAAAAAAGAAAAAAGCTTACATGCTCAAACCTTGCTACAGTTAAAGAATATTAATAAAAATAAAGATTTGTCGGCTAAAATTATTTGCGATTTTAATGCACAAAATGATTTTAGTTTTTTAAAGATGAACAACTGTGATATTATGATGTTTAAAAAGACAAAAAATATTGCCGATATATCTTTGAAAGCTGATTATTATTTAGACTATTCTCAAAGGTCTTTAATTAATATTAAAGGCAATAATTTAGTTTTAACGGATATTTTTGACGATCTTAAAATGAACTCAAAAATTAGTGTAAAAAAGAAAAATAACGAAAGAATAACGGTAGATAAATTAAAATTAGAGAATAGTAAACCAGTTGTTGATTACTTGCCAGAAAAAGAACCTATTGCTGTTGACTTTAATGGTATGAATTTACATTTATTTGCAAGTTTAGATAATGTTAAGTATCGTGAAATTGATGGTAATATTAAAGTACAAGGAAAGATAGAGAATAATGTTGTTTTTGTTGATGATTTATCTGTAAGTTTAGCTGGAGGTGGAATATTAGTTGCTGATGGGGCTATTGATTTGGGGATTTCTGATGGATATGTATATAGTTTTAATGCCGATATTGATGACCTTCCTTTAACAAATATAATGAATTCTAT
CP085689.1_gap73	3207350	3209880	2530	GCCTCTCAACGCCATATTCTTCTTGATTGTTATTTAATGCTTCACTAATCCCGTCACTAAATAAAAGTAATGACATATGAGGGTTAAATTCTAAAGTAATTGTATCAAAAGAAGCAAAATCGCTAGGTAGTAAACCTAAAGCCGAACTATGAGGAGAAATTTTACGCACATGGCCACGAATAAATGTAAAGAGATCGGTATGTCCACCGCGACAATATTCAATAGTATTATTCTTTTTGTCAAGTAAACAGCAGGCTAGCGTAATAAATCGTTCTGCATCAGTATCGCGAAATAGGTTGTCATTTAGTTCTATTAACAATTCTTCTAATGTGGTAAAATCACGCACTGCCGAACGAATAAAACTGCGAGTCATTGCTACAATCATACACGCAGGGATACCTTTACCTGTTGCGTCCCCAAGAACAACCAACATTCGGTCTTGGTCGATTTCAACAAAGTCGAAAAAGTCTCCACTAACCTCTTTTGCTGAACGAGTAAATGAATCTACTTTAAATTGATCCCAGTTTGGAAATGCTTCTGGTAAAAATGAAGCTTGTAATTCACGGGCAACTTCAAGTTCTTGATTAATGCGTTGCTGTTCAGATAGAGTCGAATAAACATCAACAAAATTTTGTGCTAATAATACCTGTTGTGCAATAAATTTAAAGCGGGAAAATTGTTCATTGCTAAACGGACGATTAGTGTTTGAACGATTGTTTACTGCGCAGATTACTCCCGCAACATGACCCTCTTTAAGCATTGGCACAGCCATTAAAGAGTGAATTTCAAAAGGGCAATTTAACTTTTGGATACGATGATCAGCAAAGCCATTGTCAATAAAAACACTGTTGCCAGTTGTTACAATTGAGCCAATAATACCGTCGCCAACCATAATATGACGACGCAAAAATGAATCAAATAATTTATCAAATTCAATACCTGCCGGAATATTTGGCGGTAAAGGTTGAAGGTTTGGAACGTTGCCTGCAAATCCAATTGGATTTAAAATCTTTCCTTCACGGTCGAAAATAATAATCCCTCTTGCTTCAGTAAAGTCAGCAACGTATCGTGCTGTCATATCCATTGCTTCGTGAACTTCTTGTGAAGTCGATAGATTACGAGAGAATAGATTCAAGAAATTTGAAATTTCAGCTTTACGGTGGAGTGCATCGCGAATTTTTGCACGTAAAAAATAATTACGGTTGCTTATCACAAAGCAGTAAGCAAGCATAATTATAAAAATAATACAAAATAATACTATTAAGGTTATTGGTAAATCCATACCACTATTTACATCTCAATTTGTTCAACATTTCATGGATTGATAGCAAAAATTTAAAAATCACATTTAAGGTTTCTGCAATATTTGTTTGAAAAATAGCTACCGTATCAATTATAATATAAATCCTCGAGCGCTTTACTTAAAATCTAAACTGCTAAAAAAACGAAAATTTATTTCTCACGCTCAAGAAGTGCCGTAAATATTTTTTCGACAAGTGAGGTCGTTAATTTGGCATCATCTAAAGCACGATGGGCGTTATTTTCATCTTTGTGCTTTAAATTCAGTAAAATACGTAGATCTTGCAACTTGTATGAGGGTAAATTTTGAAAAGTTTGCTTTGCTAAAGTTAGTGAATCAAGCGTTTTCCCTTGCCAAGGTTGTAGCCCTGTACGAGCCAGGCTTTCCTGTAAAAATGCCAAGTCAAAACGTGCGTTATGTGCAACTAATGTTGTACCACGGGCGAAATCGGTAAACTTATTGCCGACATCAGCAAAGATTGGAGCATCCTTTATCATCATATTAGATATTTTGGTTATCTGAGTAATTTTATACGGAATCGTCATTGATGGGTTTACCAAACTAGAAAAGTAGCTTTGTGTGCCATCTAGTTCAATTCTCACTGCTGCAATTTCAATTATGCGGTTTTGAACAGGGCTAAACCCTGTGGTTTCAACATCAAAAATTGTGAAAGGGCCTAACTCATGCCATTTTTCGATTAACATTTTATTATTTCTTTTTGTTTTTATAGTTTTTATATCAAATCATTTTATCAAGTTACATCAGTATTTCACAAATACAACTTAAAAAGGAATTCAAATATGAAGAGCTAAACAAAAAAAAGAAGACAACGTTTCGTAGTCTTCTTTTATCTAGAGGGCGCTTCAAGAAATTGAGTCATTGTTCTAATTTTGTAATCGTTGCTGGATTTGATAATTTTGTAAAATAATCATTTAAAAATTTAAATAATATTTAAATTTTATCTTAAAATTAATTTCAGAAACACTCTATTAAAAATTAACAAAATTTATTTATTTTGCATAACCATTTGGGTTTTCGCAACGCCATTTCCATGCAGATTCGATAACCGCCGTAGCGTTTTCATATTTAGGTTCCCAGCCAAGAACTTTACGAGCTCGTGTTGAGTCTGCAATTAAGAATGCAGGGTCGCCAGCACGACGTGGCTCAATAATCGCAGGAATTGGGTGGCCCGTTACCTCACGAGCTGCTTCGATGATCTCTTTTACGCTT
CP085689.1_gap74	3254967	3256864	1897	GTGTTAAGCTGCGATAAGCTTCGGGAAGGTGCAAAAAACCTTTGATCCGGAGATTTCCGAATGGGGCAACCCAATAGAGAAAAGCTCTATTATCGTTAACTGAATACATAGGTTAATGAGGCGATACTCAGGGAAGTGAAACATCTCAGTACCTGAAGGAAAAGAAATCAATTGAGATTCCGTAAGTAGTGGCGAGCGAACGCGGAACAGCCTAAACCGTTAGGTTTACTTAACGGTGTTGCGGGACTTCACTATAGATAATTAATTGTTAGCAAAATGAGTTGGAAAGCTCAGCCAAAGAATGTGAAAGCCATGTATGCGAAAATAGCTAATTATTTTAGAAGTATCCCAAGTAGGACGGAACACGTGAAACTCTGTCTGAATCCGGGAGGACCACCTTCCAAGGCTAAATACTAATTAGAGACCGATAGCGAATAGTACCGTGAGGGAAAGGTGAAATAGAACCCCTGTTAGGGGAGTGAAAAGAATCTGAAATCATGTGCCTACAAAGTGTAGGAGCTCTTCGGAGTGACTGCGTGCCTTTTGCATAATGAGCCTGCGACTTACGTTATGTAGCAAGGTTAAGCTAACAGCGCAGCCGAAGCGAAAGCGAGTGTGAATAGCGCGTTTAGTTGCATGACGTAGACCCGAAGCTGAGTGATCTTACCATGGGCAGGTTGAACCTCCGGTAACACGGAGTGGAGGACCGAACCATTGCGGGCTGAAAACCGCTTGGATGACCTGTGGTAAGGGGCGAAAGACTAATCAAACTCAGTGATAGCTGGTTCTCCTCGAAATAGCTTTAGGGCTAGCCTCGAATAAAATAGCGTACGGGGGTAGAGCACTGATTGTTTGCGGGCCCCTACCGGGGTACCAATGACTATCAAACTCCGAATACCGTATTGCTTTAACTCGGGAGTCAGACCATGGGGGATAAGCTCCTTGGTCGAGAGGGAAACAGCCCAGACCGCCGGCTAAGGTCCCTAATTTAGACTAAGTGGTATGAAGGATGTGAAGCTGCATAGACAGCCAGGATGTTGGCTTAGAGGCAGCCACCATTTAAAGAGTGCGTAATAGCTCACTGGTCGAGTGGTTTTGCGCCGAAGATGATCGGGACTAAAGTCTAAAACCGAAGCCGCGGAGTATTTATACTGGTAGAGGAGCGTTGTATGTGGATTGAAGCCGATAAGGAATTGGAGGTGGACTGCATACAAGTGACCATGCAGGCATGAGTAGCGAAAAACCGGATGAGAATTCCGGTCCCCGAAAACCCAAGGATTCCCGGGGCAGGTTCGTCCGCCCGGGGTTAGTCGGAACCTAAGGCGAGGCCGAAAGGCGTAGTCGATGGACAACAGGTTAATATTCCTGTACTACCATTACGGAGTGATGGAGGGACGCAGTATGCTAAGCGAGCTGGTTATTGAATTTCCAGTCGAAGGAAGTAGGGCGAGATGTAGGCAAATCCGCATCTCATTACGCCTGAGATCTGACAGGCCACAACGCCTTCGGGCAGCGTGGAATCGCTGATGCTTCGCTGACTAGAAAAGCTTCTAAACGTTGATGTAATGGTATCCGTACCGTAAACCGACACAGGTAGGTGAGGCGAGAAGCCTAAGGGGCGCGAGAGAAACCACGTTAAGGAACTCGGCAAATTAACCCCGTAACTTCGGGAGAAGGGGTGCCATCATGGTTAAGGATTTACTCCGTAAGCCTACGATGGTTGCAACAAAGCGGTGGGTGCGACTGTTTAACAAAAACACAGCTCTCTGCTAACTCGCAAGAGGATGTATAGGGAGTGACACGTGACCAATGCCAAAAGGTCAAAGGAATCTGTTAGCTTTACGCGAAGCAGTGAACTGAAGCCCTGGTGAATGTCGGCCGTAACTATAACGGTCCT
CP085689.1_gap75	3262322	3264297	1975	GACGCAATTTGCTTTTTGAAGTCATATAAGCAAAATGTTCTTCATATGCAGAATCGTTTAATGGTAAACGGGCTGCGTGACATAGTTCATGAGATAAAAGTTCAGTTCGTTTGTAGATAAAAAATTTCTCGTTATCTTTAAAATTTTTACGAATTAAAAACATACTTAGTCCGCTCTCTGGAAAATATGCCGCACATCCTCCCCACATAAAACCTAAGCTTTTTGACAGGAAAAATCCTGGGACCCAAGTTGCTGAAAAATTGAACAGCTTTGAAGTAGTTTCTCCTGCTTCGTTCATGATTGAATCGGGAATTATATCATTTTTTGAGGCTGTAATACCATCAAAAATTTCGTAATCGTCATTTTTAACGATGCCAGTATCTACTTTTTGTAAATTATCTAAAAGTAGTTGCATTCTTTTTTTAAAATCAGCTGCATTTTCATTGCCTGCTAAAAAAAGGCCATTTTTATCAAATTCAACTAGTAAGTTTTCATTTGTCGCAGTAATATTTTCGATATTTTCTTTATTAAGGATTTTTTTGTAACTCATGCTTTATTTTATGGGCTTTATTTTAAAGTCCTTTTTAGTTATTATTTCTTTATATTATTGTTAATAAAAATAGAGGGTAATTGCTCTAATTGCAATTGTTTAACAAAAAAATTGAGACGATTTATTGATAATTATTGCAAAATAGGGCTCATAAACTTGACAACATTAGGCGATAACCTTATAATATTTAGATTTGAATTTAAAAAGAGATTAAATTATTTTCATTAAGTTTATGAAAATGTAAAAATGTAGTTTTTATTGAAAGGTAGTTGATCGTTTAAAAGGGAACGAGGAGGTTTTTTAAGATGATTAGTATTACGAAATTATTCACTGGTGATAGCGAGCCAAATGATAAATTACGCTATGGAGGTAATCGTTGCGGCGATGCGGTGCCAGTTATGGATAGACGTCCAGTAGTAGTTTGGAACTGTACAAAACGTTGTAATTTAGTATGTAGCCATTGCTATGCTCGTAGTGATGAGGCAAAAGGTGATTATGAACTTTCTACAAAGGAAGGAAAGAATTTAATTGATGATTTAGCACAATTTGGTAGCCCAGTTATTTTATTTAGCGGTGGCGAACCATTAAGTCGCCCTGATTTGCCGGAGTTAGCAAAATATGCGGTTGAAAAAGGACTTCGTGCAACAATTTCAACCAATGGAACTTTAATTGATGAAAAGATGGCGGCTAAGCTTAAAGAGATTCAATTATCATATGTTGGAATTAGTATTGATGGGACAGAGGAAACACATGATAAATTTCGTCAACGTAAAGGTTCATATGCGAAAGCCGTACAAGGTGTGCGCAACTGTTTAGCTGTTGGATTAAAAGTTGGTTTGCGTTTCACAATTACTAAAGATAATATGCAAGATATAGGCGATGTATTTGATTTAATGGAACGAGAGAATATCCCACGTATCTGTTTTTATCATTTAGTAAACACGGGACGAGGTGAAGATATTAGTGGCTCATTGCTAACACATGAAGAGACGGCTAATGTTGTTGACTATATTGTAAAACGTACACTTGAATTAAAACAAAAAAATCCAGCTGTCGAAGTTCTAACTGTAGATAATAGTGCCGATGGACCATATTTATATTTAAAAATGAAAGCTGAAAATAACCCAAAAACGGAAGAGGTATATCAACTTTTAAAACGTAATGGCGGTTATAGCAGTGGCGTGGGTATTGGTTGCGTGAGCTGGAATGGTGATGTATATCCAGATCAATTTTGGCGTCAGCACAAGTTAGGTAATGTTTTAGAGCGTCCATTTAGTGAAATTTGGCAAGATATTTCCAATCCATTGATGGCAGGGCTTAAAAAACGTCATGAAATGGTTGAAGGTCGTTGTGCTGAATGTAAATTTTTAGAAATTTGTGGCGGTAACTTTAGAGCACGTGGTGAAGCTGCAACAGGTTCACTGT
CP085689.1_gap76	3265690	3268061	2371	AATATTGATGAAAATAATGCTGATGAAATAGCAAAGATTAAGGTGTTTTTTTCAACGGATCCACGTATTACGCATGCTTATATTCGCAAAGGAATGCCAAATTTATGGTTTACGATTACAGAACTGAATGAAAAATTTGCTGAAACAGTTGCCTTTTATGATAAATTATTTGTTGGTGGTATTTGGAATATGCCGGCAATTAAACGTTATAAGATTCGTGCAGTTTTTGACGATAATAACGATGATGTAGGTAGTACTGAATTAATTAAAAAAACATCATTTTCTGAAGCTCAAAAAAATGCAATTCGATATTTTCAAGGCGACATTGAAGTGACCTCAAATCTATTTGCTAATGCTGCCCAGCATTTAAATATTGAGTTGGCGCAATTAATGCAATGGCTCCAACGTTGGCAATATTCAAAAGTAATGCGTCGTTTATCGGCAGTGGTTTTTCACCGTAAAATTGGGGTTAAAGGAAATGCGATGTGTGCTTGGGAGGTTGCTAAAGATCGCGTTGATGAAGTTGGTGAATATTTAGCTAAGTTGCCAGTTGTAACCCATTGTTACGAACGTGATGTGCCAGTTGAATTCAAATATAATATGTTTGCAATGATGCATGGTAATACTCTTGATGATGTAGCTAAAAACTTTGCAATCATATCTTCGGAGCTAGATTTACCTAATGGGAAAATGTTTGATTCAGTTTTAGAATTAGAGAAAAGTAGCCCAAAATATTTTATATAATAAAATACTTTTTAATAGGTAGTTTTTAGCGAATAAATGGTTAGAAAATTTAAGAAAAAAGTTGTTTTCTGTATTGAGCAGTGCTATAATGCTATACTAATTAAGGTATTAACAAAAATTTTAAATCTTCTAACCATTTTGGTGTTAGAAACAAAAAAGGACCCGGGAATAATGAAAAAAAGTTTGTTTTTAGCTGCAATTGCGGCAACTACATTAGCTTTAACTGGTTGTGAAACTATGAAGTGCCCTTGGAGCTCATATGACAATGAAGACTTCTACTGCAAGGACAAAACAATGAAGCCAGAGGTAATTAACGAGGCTTATTACTCTGTGATGAGAGATTTTAATTACCCAATTTACCCTATTTTAAGAACTCCTAATTTCTGGTTCAGTGATTTTGGTCAAGGCGATCTGGCTAACCTAGGTATGGGTGGAATTTTCTGGATGAATGTTAAAGGAACTTACCCTAAAAAATGTCTTTTACCTGAAGGTAAAAAATTTGCTGGCACTATGTATGGTTATTTAGGTCATGAGATCTATTTACTTCCAAATCAAACTTTACCTGAGCACCGTCATTTAGCAGGGCCAGAAGGTTGTGGCGCAAAAATGGAAAGCTGGTTAGTTCGTTATGGAACAGTAATGCTTTATAGTGAAACAAAAACTGCAGGTGCTAAATTAATTAAAGATTTACCAGCAGACCAACGTCCTTGGGGATTTGGTGAGCCTTGGTTTAAAAGTAAATATTATACAATCGTTAAAAGTGGCGAAAATGGTAAATTGGAGTGCCCAGAAGGTTGGCACGGTATGAAGGCTTTTGATCAAGGTGCAATCGTTACTGAGTTTGCAACATATCATAACCATGTTATGTTCTCAAAACCAGGAATGACTTTTGCTAATTCAAAGATGCCTGAGAAAAAAGATAAAAAATAATTTATTTAGCTTTATAAGCAGTAAATAAATGACAATAGTTAAAAAGCTGTTAGAGTTTTCTAACAGCTTTTTACATGAATAAAGGAATTATTAATATGACACAAATGAGTAATGAAAATTATTATGATGCTGATAATGCGGTAAATCCAAATGGAATTAAAGATGCATTTTTTGCAATGATGAAAAAATTTAATTATCCAATTTATCCACGCTTGAAAACCGATGAATTTTGGTTTTGTGACTTTTTAGAAGCTGATTTTGCTAACCTAGGCATGGGTGGAATTTTCTGGATGAATGTTAAGGGGAAGTATACAAAAATTATCGGAAATGACTCTGCTGATAAATATATTGATGACAATTATGGTTATCTAGGGCATGAAATTTATTTATTGCCAAATCAAACATTACCTGAACATCATCACGAAGCAGGAGCCGAAGACTTTGGTGCAAAAATGGAAAGTTGGCAAATTCGCCATGGTTCAGTAATGCTTTATAGCGAAATTGAAAGCGATGGCGCTAAATTGATTGCTGATTTACCAGAAGATCAACGCCCTTGGGGATTTGGTGAAGATTGGTTTAAAAGTAAATATTACGTTATTGCTAATGAGGGTGATTGCGTGGATATGGAAGATGCTGAGTCTTTCCATGGAATGATGGCACTAAGTGATGGTGCGATTGTGACTGAATATGCAACTTA
CP085689.1_gap77	3280049	3282615	2566	AGCTTCTAAAAAACAAGGCAAGCAACGTGCTCGTAAAGCAGGAAAAGATAGTGTTTTAACAATCACTTATAGCCCTGCTGCTGGTGGTATTGATGTTGCGATGAAACTTGTTGATAATGCAAATGCGAATTTGCCAAGATTTGGTTTAAAAACTCAAGTTAGTCAAAATTTGGATACGGCAAAATGGTATGGTCGTGGACCTTTTGAAAGTTACTGGGATAGAAAAACATCTGCATTTGTTGGATTGTACCAAATGAACGTTGAAGATATGTTTTTCTATTATTTAGAGCCTCAAGAAAGTGGAAACCGTACTGATACTAGAGCTTTAATGCTTTCTGGTAATGAAGACTATGCTCTTCAAATTATTGGTAAGCCAACAATTGACTTTGCTGTTGTTCAATATAGTGAAGGTAATGTTGATAAAGCTAGTCACCCTTACAAATTGAAAAAAGATGTGAATAATCATCTTTACATTGATTACAAACAAATGGGTGTTGGTGGTGATAATAGCTGGGGAGCAAGAACTCACAGTCAGTATACATTACAGCCAAAGAAAACATTTGAGTACAGCTTTGTAATTAAGCCAATGGTTGATTAAATGCTTTACTATTAACATTATTTAAAATTGTTAATTAATAAAAAGAAAGCTAGAGATTTTATAAGTCTCTAGCTTTTTTATTTGTTAAATTATGAGAATAAGTAACTGACTAAAAATATCATTTTTGATATTTTTGTGTTTTATTAAAAGGATATTTTTAGAACTGGGTCAATAAATAGAGTTAAAAAATCATCAATATATTAATACTTTTATATTATTTTATTTAAAAAAGTTATTTTTATTTATATAATTCGCAGTTTGCAGTATAGCTTTATTAAAAATAAGGTATGAATTTTATATTTAATATAGAAAAAGTGGATGGGGATAAGTAGGGCTTTTAGCCCTACTTATTTGTAATTATAAACCTCTTTTACGGTATTGAGTCGGAGTGACCGCAAAATAACTTTTAAACTGTTTAGAAAAATCATATTGAGTAGAGTAGCCTAGTTGGCTTGCAACAACTTTAATTGGTTTGTCTAAATCACTTAATAGTTCAATTGCTTTGTCCATGCGACATTGAATACGGTATTTATGTGGAGATACTCCATACTTGTCCTTGAAGTTCTTACGTAGTTTAGCATAACTGACACCATTTTTCTTGGCGAAAAGTTCCATATCTAGCTTTTGATCATGCTGAGAATTTAAGAAACTTTTGGTTTTCTTTAAAAAAGCAGACTCTTTTATTATTGTAGAATTATTTATACAGCCAGTGACTAAGTAGCATAATTTCGGCAATAACAAACTTGCATTGTTGTCTTTAATAGAAGCGAGCAAGTCCAAGTACTCGTTAAAGCTTATTAATAAGTCATGGTTTAAGGATGTATAACCAATTTTACCATTTAAATTTTCACAATTTGTTGCAACAAACAGCTCGAACAAAGGAACTGGAATCGTTGCATAGAAAATTTTCCAATTTTGAGGACAATTAATGTTGATATTACATGATTGCCCAGGTGCAATTTGGAAAAAATTACCTCTTACTAATTTACAACTTGCTTGTTGTCTTTGGGAAGTTAATTCACCTTCACCACTTAAAACCACGACAAAAGTATAGCATGACAAAGAACTGTTTAGCTGCAAATTTTCTTCACATATCAAGCCAGCGGCAAATGAAAAATTTACTCCACTACTACTAACAGTAGCTAATCCTTCGTGGCGTGTGCATAGTTTACTCTCTAAAAACATACATTCACCTTACATTTTAAAATTTTACTATCAACTTTCTCTCTACAAAAAGTTAAGGACTCGAATACAAGAACCCTCGTATATAATTATATTAATTTTTTTTTAATATTCAATGACAAAGCCAAGATATATAAAAAAAAATATCAAAAATATCAAATTTCCCATTTTTATTTGGGAAAATTTAATTATAATAACAATATAAATAACTTTTGTAGAGAAGAAGTTTAATAATAGGCTTTATAAAAAAAGAAGTTTAAAAAAAATAGGTGTTATTATGAAAAAAATGAAATTTACTCTTATCGAGCTTTTAGTTGTAGTTGCAATTATTGCAATTCTTGCTGGTATGTTAATGCCTGCACTAAGTGCTGCCCGCGAACAAGCAAAAACAACTTTCTGTTTAAACAGTAAAAAACAATGTGGTAACTATTTAGCAATGGAACAATCTGACATTGGTAAAATTTTACACGCTGCTGGTGGTGGTGGTGCTCAAGATAACTGTTTACAATGGGTAACAGTACTAGCAGATGGTCCAATGTCTCGTCATGAAGGCGGTCAAATGAATGGTACATGGCCTGCAGGAAATTTGAATGGTTTAGGTTATTTTAAAATTTATGGATCTCAAGCGTCAAAAGTATTTAGATGTGAAAAAACAAAATATTTCCAAGGTAGTGATCGTGGTATGAGTAGTCCTGGTAATAATGAATATGAAGGACGTAACCGTTACACATATGCAAACAGTGAAATTGCTATGGGTATGCCAATTGGTGATGGTTTAAATAGTTC
CP085689.1_gap78	3294361	3296263	1902	AATGTTTTTTTCTTATTCATATTTAAAAAATCGTTTTATTATCAAAACTTGCTAATAATTCATCTTTAGTTACGGTTACTGTTCCAACTTTTTCAACAACAACACCCGCCGCATGGTTAGCTATTTCGGCGGCGTCACTTGAGTTTGCTCCAGCTGCTAATGCTAGAGAAAATGCACTAATAACAGTATCCCCTGCACCAGAAACATCAAACACTTCATACGCACGCGTCGGGCTAACAGTTAATGACCCATCGCGTTTGAAAATAGCCATTCCTTGGGCTGCTAATGAAATTAATAAATATTTAGGGTTATATCGTTCCATTAGAACTTTTGCAACCTGATGAAGATTTTCATCATCTTCAACGTTTGCTGTTGGCTCTGTATAAACCATTCCCGCTATAGCAAACGCCTCTAAGCGATTTGGTTTCATTACGGTTAAATCTTTAATATTCATTAAATGGCGTGGGTTAGGATCTAGTGCCGTGATACAGTTATGTTGTTTTGCTACGTCAACAACTTTTTGTACCATTGTATCATTTAGCATTCCTTTTGCATAATCTTCGAAAATAATTGCGTCTAGGTGATTTTTCTTAATTAAATCAATTAAGTCGTTTGCAATTTTTTCTCGAATTGAGTCTGCTACAGGGTGTAAATCTTCATAATCAATACGCATTAATTGTTGTGAATCAGCAATAATACGTTGTTTTTCAATGGTTGTCCAATTTTCATCGAAACAAATTGATTCAGTGTTAATATTGTACTCTTTTAGAAGTTTGACTAGTTCATCGCCGCGAGCATCATGACCTAAAATACCAAATGCTTCAACTTCTCCTCCCATTGTGATGATATTGCGCATAACATTTGCAGCTCCACCCAGAGTTGACGTTCTACGCTTGACATGAACTACAGGTACTGGCGCTTCGGGAGAAATTCTTGTTGCACGACCCCAAATATAAACATCGATCATTAGGTCTCCAACGACCGCAATTCTTTTATTTTTAAAATTATTTAAAATATTGATTAGTTTTTTCTTTCGCATCGGAATTAATTTTTTTAACCTTTACTTTTTATAATATTCATCTCTATTTAATATTTTTAACTAAATTAGTTTTTTGATTAGATATTTTTTCAGGCTGCTTTTGATCATCGTCTTTAATAATCTTTGGCATATTCATTTTTATCTTATCTAATGATTGAACAGTTTTTTTAGCAAAATTTTTAATCTTTACATTGTATTGTTTGCCGTAACTCTTTTTTTGTTTGTTAAACATATTTAAATCACCCGCAAATCTTTGCACCATCAAATTAATTTTATGAATTTCATCCAGTGTTAAGAGTTCACGGTTGTTACGAATATATTCAGTAATTTCCATCATAAAGTCACTACCCAAGCTCGCTTGGCTTTGTATAATGATATCGCTACTTTTGATTTTTTGAAATTCTGATCTCACATGATCAACCTTTTCTGTTAATTGTTGAAGTGATGCCTCTGTGTCCCACAGTGAAGAATCCCTGAGTTTCATAGGCATATAAAATGCTAAAAAAACTTCAGAAATAAACGTGAAAACAAACAATACAATTACAGCAAATGTAATGTAATCTTTTTTGAAATTAGCACTGTATTTGATACTCAAAACAGCTTCTCCTTTATGCTTAATATTATTTTATAACGCTAAAATAATTTTAATTTTATCTTTTTTTATTAATGACAATTTATCGCTATTAATTTACTAACCTTTTTATCTTTTTGCAATTTACTAATTAATAATATTGCTTTTTTTATTTAAGCTTTTTAAATATTCTAAACTTGAGAATTTATTTTTTAAGATTGATTCTTAATTTTTAAATTAAATACTTGAAATATAAACTCTGGGTCAAGAGATCTTTTAGAATGTCGTAGTC
CP085689.1_gap79	3315500	3320459	4959	TATGAATAAAACCAAAGTTATTGCTGAAACAGGCGCTGGGCAGCATGGAGTTGCAATGGCAACTGCGTGTGCTTTAGTTGGCTTAGATTGTGAAATTCATATGGGTGAAGTTGATGTTATTAAAGAACATCCAAATGTTACTAAAATGAAAATTTTAGGGGCTAATGTTATTACCGTAACAAGTGGAACAAAAACGTTAAAAGATGCTGTAGATAGTGCTTTTGTTGAGTATTTAAAAGATCCGCAAAACTACTTTTATGCAATTGGTTCAGTGGTTGGTCCACACCCATTCCCAATGATGGTACGTGACTTTCAATCGGTTATTGGTCGTGAAGCAAAAGAACAATTTGCTGAAATGAATAATGGGGCATTGCCTGATTATGTAGTTGCATGTGTCGGAGGCGGAAGTAATGCTATTGGTATGTTCAGTGGATTTATGAATGACTTAGGTGTAAAGTTAATTGGTGTTGAGCCTGCGGGTCATGGTTTAGATACCGACCATCATGCAGCAACAATGACAAAAGGAACTAAAGGTGAAATTCATGGGTTTAAGTGCTACGTATTGCAAGATGAGCAAGGCGAGCCATTGCCTGTTCACTCTATCGCGTCTGGTCTTGATTATCCAGGGGTTGGTCCTCAACACTGTCTATTAAAAGATATTAAGCGTGCAGAGTATGTTAGTGCAACTGACAAAGAGTGTTTAGATGCATTTATTACTTTATCAAGAACAGAGGGGATTATTCCTGCACTTGAGAGTTCACATGCTATTGCTTATACAATGAAATTAGCAAAAACATTGCCAAAAGAAGCGACAATTTTAGTTAATTTAAGCGGACGTGGAGATAAAGATGCTGATTATGTTGCGAAAAAATTAAACTTGATATAAATTAATTAGGAGTGCGGAGTGTAAAATATACTATACTTCGCACCATAAATTACAAGACACATAATTTTGGAGAGAATAATGGACGAAAAAGCAGCTTCAAGAAATGACTACAAGGGTTTATATCGTGAAATTAATGGACGAGTTGCGCAGTTTTTGAATAGTTACCATAACGATGAACTATTGTTGCAAGATGCAGTCTATGAACTCAAAAAAATTAATGATTATGTGCGTGCGATTGAAAAAGAGATGCAAGGCTTGGAGTTAAAGAATTCACAAGCGAATAATTTAGATAACACAATATTTGAACAACAATTTGAGCGTTTAGAGCGTATTAGACTTGATTTAATTAAGTATAATTGCGAGGTTGAAAGTTTATTGCCATACCGTTCAAATGGATCGACATCAGCTGCAAGTTCAAACAATGCCAATTTTATTCACGAATTAATTTCTCTGAATAAACTTCAATTGATAAGAATGGGGTTCTTTTTTATGCTTCCTTTCATTATTGGGGTAATGGTTGCTATTTTATTTTTAGGACTTATGCTTCGTTTTGCTTGGGGAGGGTAAGTGAATGGGGCTGTTTTCAAAAAAACAACCTGAGAATAATTACCACAATATGTTAATTGATTCATATATGCAATCAGGTAGAATTAAGCAACAGTTTGATGGTGAATTTGCTATTTCGCTCGGAAATAAAGCTGTAAAAATTATTAGTTATATTGTTTTTATTAGCATTTTTGTGCTGGGAATTATTTATATTTTTTAGGAGATTGGATGAAAAGATTTTCAGTTGAGCAATTGCTGGTAGGCGGATTTGATCATAATTTTAGCTATGTGGTTGCAAATTTTGCAGCGAAGACTGGGTTTGTAATTGATCCATGTGGTAGTGCGGTGATGATTAAGAACGCAATTGATAAATTTTATAAAGAAAATGAGATAAAAATTTCAACAATTTTGGTGACGCATGGTCATCATGACCATACTGAAAAAGTTGCCGAAATCTCACAATATTTAGCAAAACTTAATGGCTGTAAAACTACTGTAATTTTAGGAAAAGAGGCGAAGCTGCAGGTTGCAAACGTAAATATGATTTTTGCTGAGGATCAACATGAATTTAAAGATTTGGGTTTTAAAGTTTTAGCGACTCCTGGGCATACTAATGATGCAGTGTGCTTTTTGCTTGATGATGATAGTGCTGTTTTTACAGGTGATACATTATTTGTTGACGATATAGGTTATTGTAATGCAAAAAGAATGTATGATTCATTAAGAAATAAATTGTGGAATTTGCCTAATCAATGTATTATTTACAGTGGGCATAATTATGGACATATTAAAGCGTGTTCGATTGAGTTGGCAAAAAAGTTAAATCTTTTTTTTGCCGCGAGTCAAAAAAGTTTAGCAGAATTTAAAAAACAATTACAAAACTTAATTTAGGAGAGAAAAATGAGAATTGTCGGAATGTTAATATCAGTTGGTATTATTATGGTTTTAGCAATGTTAATGTTAAGAAGCCCAAGTTCACTGGAAACTGCGGCAAGCGGTGAAGATGATTTGACCCAAGTTGACAGTGCTGCCGGATCAACGCCAAAAGAAGAGGGTGCAAACAAGAAACAAGCTAAAAAAACTTTGGCAGGGCGTGCAACATTAAAACAGTTTAAGTCAGTTGGCAAAGCGTTAGATAAAACTGATGAATACAATAAAAAAGCAGAAGAAGCTTTGAATGATCAATAAATTTTGCAAAAAAATCTTTCATAAATTAATGTGAAAGATTTTTTTTAGAGGGGATCTGAAGTGCACTTTTTAAAGAAAAATAATCTTTTAAAGGTTAATGTTGATTATGATGAAGCAACTATTGAAGATTTAAAATGGTACTTTATTCAAAAAATTTGTTCTCCTGCTTCGAGTTATGTAGTAAATAATTCGAGTAATGATATTTTAAAATTAAAGTATCAATTTAAGTATAGTAATATTTTTAAACCTCATAAATATTCATTTTTGATTACAACAAGCTTTGAATTTTATTTCAAAAAAGATGATGATGGACTATTGCAGATAATATATTCATATCATAAATCTAACCTAAATATATGGCTTTTTTTAGGAGTCTTATCTTGTTTTATAATTACTAAAAATCTACCAGTTTTGATTTTGTTTTTAATATTTGGAGGAGCAATATTTCTCTTTTTAACAATGATTTTACCTGATTTGGTAATTGATTATTTAACAAAAAAATTTGTTCGCAAAACATTCGGGGATGTTGAAATTTTTAGACCATCAAAGCTGAACTTACTGCAATTAAAACAACTTGATGCTATTGATAATATTAAAGAATTAAAAGATATTCGGGCAATTCCAAAATCATTCAAAAAATATTTTATGAGTGATATAAATCAGCAATTAGAATTGTTGCTTTTAATTTGCTTTGTGCCATTATTTCTTTATGTTGGTTATATTATTTATGATACTGTTTTTAATAATTTGAAAATTAATATATCATCTTTCATGCCGTTGTTGATATATCCAATTATTACTATTTTAATACTATTGATGGGGATTTTATTCTATTCTGTTGCATGGCTTAAAATGAGAAAACAACTAAGAATTTTTGTTAAAGGAAATGAATACAACGCAGAAGTTACAAGAATTAAACACCTTTGTTATAAAAAGGGGCAAAACTATTTATATTCAAAAATTTATGTTAAAGTATTAATTCAGAGTGGTGAAGAAATAAATTGCTACGATATTGTAAGGCGTGATACGGGCGAATTCATTGAAAACTTACCACTGCAACAAATTAAAGTTATTTATGCTCCAGAGATAGCAAAAAACCGTATTTTTATTCCAATAAAATTATTAACGAAAGATAAGTAAGAACTATACATTAATAAATTTTTGTTAAAAAAAAAGGCATAAAAAAGAAGAGTCACTGTTGTAGGATGGACAGTGACTCATCGGAGAGTACCTTAAATACAGCTATTGCAAAAGCTACAGCATATTTTCTCCGAAAGGGATTCTCTAAAAAATAACTTTTAGATTACCCATAAGATGTTTTATTAACTCGCACTTTTAATAAAACAACATGGTTAGTTTATATATATGTCGTGAGACTTTGTTATTTATTAGGGAAAATTAGAAAAAAAACTAAAAAAAATTATATTTTTTTGAAATATTATCTTTTGGGCTTAAAATTTAGGGATTAAAAATAAAAAAAGCAACGATATAATAAATCGTTGCTTTTTTTATTTTTAATGAATTGTAGCGCTTAGAAAATTGTTCTGTCGTTACTTTTATTTTCGTTTTCAGAGTCTTCTGAAGAAAGTTCTTCACTACTTTTATCCTGAACTGGTATATCAACAGAATTAACTGTAAAGGATTTCTCTTCTGCTGGGGCTTCAGTTTCTTCATCTGGATCGATTTTGAAATTAACATCAATTTCTTCATAAGGCATGTCTAAGAGAGTTTTAACTTCTTTAACGTCCATAGTTTCTTTTTCTAATAACTCAAGACTTAGTGCTTCTAACTGATGACGGTAGGTTGTTAGAATTTCTTTTGCACGATTTTGACCATATTCAACTAATTTTTTAACTTCAATATCAATTTCGCGAGCAGTTTCTTGACTGCAACTATCCATGCCCTCACCATGTTTTGTAGAATACGGATTTTCACTTTGAATGCGATATTTGATTGGACCAATTTTTTCATTCATACCGAATAAGCAAACCATTGAACGTGCAATGCGTGAAGCATGGTCAATGTCGCTTGATGCGCCGCTGGTTACATCGCTAAATACGATATCTTCGGCAACACGTCCACCCATTAACACTGCTAATTGGTCTAAATATTGTTGTTTGCTTTTCGTATAAACTTCTTCTTCTGGTAATGTTAATGTCACCCCTAAAGCTTGTCCGCGAGGAATAATTGTTACTTTATGTAACGGATCGGCAAATTCACAATGTAATGAAACTAATGCGTGTCCTGCTTCATGGTATGCTGTTAATTTACGCTCACGTTCGCTAATTTTGCGACTACGACGCTCTTTTCCCCAACAAACTTTATCGCGAGCCTCTTCG
CP085689.1_gap80	3436057	3440608	4551	CAGAAAAGTACTAACAAAACAAGCAATAATGCTAGCTTTCAATGTTTTATGGTTATTTTTTAGTTTAACCAATCCATAAATGAATGCCAAAAAAATAAATGGTAGGATACATGACTGATATTGTAGCTCAATATTAATGCGAGCTCGCACATCCATTAACAACGTGAAAATTAAAATTATTAATCCGCCAAACAACAAAGTTGGTTTGCGCCAAATTAAATAACTAAATGGTAAAAGCAGAGTTAGGGTGTAATTAATTGAATTAATGTGAAAAATTCGTCCCCAGAAAATTTTAGCACGAGTGATTGGAGATAGGAGAATTTCTCCATAGCTATTTCCTAACGACTTATAATAGCTAAAAAATCCATATTTATTTAGTGATTCTGGGAGTAAATTTGGCATGATGAATTTGGTCACAACAATAAAATAAATGGTGCTAATAGTAAATAATAATAGCGCCGTTTTAAACTTTTTTTGGCATAAAAAATATAGTCCAACTCCGAAAAACATTGGAGCCGTAGTTTCTTTGGTTAATAATATTAAGATAAATAAAATCATTGACCAAATGTAATGTTTTTTTTCAAAAAGGATCCACAACGTCAATACGAAAGGAATAATGATATATACTCCATGGAAACCATAAAACATTGCTAAATTTAAATTTAACAACGAAGGCGTAAACAAAATTATTAATGCTGCAATCAATGCTGTCATTTTTGATAATTTTTTAGCACGACAGAAATAGTACACAATCAAACAATTTGCGAATAGAATAACTGAATTTAAGACAAAAATTGTATTTAAAAATCTAAATAATGCGACAAAAGGCAGCAAAAAGCCAATCAAAACAGGCATAAAATGCTGCCCCATAAAATTGTAGTTTAACTGATTAGAAAAAAATAATTTTCCTTTCAAGGTGTTATCAGTAACATTGAGAAATATTCCCCAATCAGAATAGTGTAATTGTCCAGAATTTAGGTGCAAATTCTGTAGATAAATTCCATAACCGCACATAATCAAAAATGCGGAAATTAGAATAGTTAAAACGCTTTTGTTGTTTAAATTTAATGCAATTTTTATCCGTTTTAAAAAATAATAACTCAAATTGTAACTAATTAGACCACTACTGAAAACAAAAATTAGCATCATTAAATAATTGTCATATGGGAAAAGCATCAGCAATGCTGGAAGTAGTGAAATAGTAAATTTACCTACTAAACAGCGATTTTTCTTGAAAGAAAAAATGGTTAACATTATTACTGAACTAATGAGCACACAAGTTATAATTTGGTAGGCATTAATTTTTTCATTATACACAATTTTTTTGACAAAAAACGCACTAGGGAAAACTTTGTCTACTCTAATAATAAAACGGTAAATTGCCAATAAAAATATACTTAAGCAACTTAATGATAAAAAATAACAAAAATGCTTATTCTTCAAAAGTAACTTAGTAAAATGTATGAGCAATTTATTCATAGTTGTCCTTAAAATTATAGTTTTAATCCAATTGCCATTTTTGGCGATTTTTTCGATTATAGTATTTAGGAAATAACTTTGGAACTAGTGGTGCAATGCGATACCACGCAGGGTAATATATCTCACGTTTTCTTTTTAAATATGCCTTGAAAACACAGTTCGCAAAATCAGCTGGGTTTGTGCTACTGCCTCCTGGTGAACTAGGAACTGAGCGTTTTGCCAAGGCACGACTTGAAAAGCCAGTATTCACTCTTCCTGTGATAATATTGAGAACTTTTACTCCTTTTTGTTCGACTTCAGCTCGTAATGAATCACTAAATGCGTTGAGAGCATATTTTGAAGCGCAGTAGTTTCCCATACATGTTACATGAAGTTTTCCAGCAATTGATGAAGTATTAATAATGGTACCTTGAGTTTTTTCAATTAAAGAATAGAAAACTTTGGTGACTTCAATTACTGCAAAATAATTTAACTCAAAAAGCTGTTTTAATTCATCCTCAGACGTTTCCAACCATGTGGCATATTCACCAAGCCCAGCGTTATTTATTAATACATCGCAACGACCAAATTTTTCTGTAACAATTTTAGCTGCATTTTCACGGTTATCGGCTTTGGTTATATCCGTTTTTATCCATAAATCATAATTGATTTCTTCATGATTTGGTTCACTGCGGCATAGAGCAACTACAGTAAAATTATTGTCGTAAAATTTATTTGCTAAAGCAGCCCCAAGCCCACTTGACGCTCCAGTTATTACAGCAACTTTTTTTCCCATTAGTTTTTTTTTCCATTTTTCCATGATATATTAAAAATAAATTCAATTCTAATTCGTTATATAATTTTAATGTTACTATAACTCAATAAATATGTAGTTACAAAAGTAAAATTAGAGATTAAATCAAAAAATATTAGTAAGGAAAAACCATGAAGAAGGGAAAAATTAACACTGTAAGTTTAACTATGATAGCTTCTGTTGCATCTTTAGCTGCTAATAGTGCTGGAGCACAAGAGCAATGTAACAAAAAAAAGCCGAATGTGATTTATGTACTTTTAGATGACGCAGGGTATGGTGATTTTAGTTTTCAAGGACAGAAAAAGTTTAAAACGCCAAACATTGACAAGATGGCTGAAGAGGGTGTTCAATTTAGCCGTCACTACAGTGGCTCAACGGTTTGTGCGCCATCTAGATGTGTTCTATTAACTGGACTTCATACAGGTCATGCGCAAGTTCGAGGAAATAAGTCAATGAAATCAGGAGGGCAGCTTCCTTTAACTAATGATACAATCACTGTAGCAAAGAAAGCGAAAGAGGCTGGTTATGTAACTGGTATGTTTGGTAAGTGGGGTTTAGGTTCATATAATAATTCAGGAAGTCCTAATAAGCAAGGATTTGATAAATTTTACGGCTATACTTGTCAAGCGAAAGCTCATAACTATTACCCAGAATATTTATGGGATAATGGTAAAAAAATCATGTTAAATAAAAAAGTTTACACACATGACTTAATTGTTGATGAAGCATTTAAATTTATTAAAGAAAATAAAGATAAACCATTTTTTGTTTATTTTCCAATAACAATTCCACATGCAGCGCTGCAAGTCCCAGAAAAGTATGTTAAACCATTTAGAGCTCAATTCCCTGAAACTGAAAATAAGATGGGTTATTATGATGGGACAAAAATACGTAATCCTCGCGCTTGTTTTGCTGGAATGATGTATAAGCTTGACCTTGATATGGGACGCATGGTGCAATTATTGAAGGATTTAAAAATAGATGAGAACACTATTATTATGTTTGCAAGTGATAATGGACCGCATAAAGAGGGTGGACATGATCCTAAATATTTTAATTCAAATGGTGGATTAAGAGGTGTTAAACGAGACCTATATGAAGGAGGAATTCGTACTGCATTTTTCGTACGTTATCCTAATAAGGTTAAAGGCGGGCGTAAGTCAGCGTTAAAAAGTAGTTTTCAAGATTTTATGCCGACATTTTGCGATTTTGCAGGAGTTAAAGCGCCTGAAAATTGTGATGGAATTTCGTTTAAGAATGAAATTTTAGGAGATAGTGTAAACCAAAAGAAACACGACAACATGTATTGGGAATTTATACATAATAGTGTTGGATCTTTGCAAGCAGTGATTTTTGCTGATGATTGGAAATTAGTAAAAATTTCCAATAAAAAGACCAAAAAAGATAAAATTGAGCTTTATAATTTAAATAATGATATGAAAGAAACTAAAAATTTAGCAAAACAATACCCAGAAAAAGTTGCTGAAGGTTTAGAAATTATGAAACAATCACATACTGGAAATAAGTATTTCAAACTTGTTTCAGAAAGAAAATAGATCTCATATTTTATATATACCTAAAGAGCAGAGCATAAAACTCTGCTCTTTTTTATGGTGCTTGAAAGATGCTTTAAGATTATAATCAAAACTTTTTTGATTCATCGTTTCTAAAAATTGCGTTTTCATACATTATTTAGAATTTACAGGGTTATAATAATTTCTATTCATGTGTTTCCTTTCATAAGTAGCCCAACCATCGAATTCGGCAGGAAGATTATTAGGATTTATATCATGAGCTTTATCCTCGCCAAAAACATATTTGCAAAAAACATAACCTTCTATGCCACTGCCAAAGTTATAAGTATAAAATAGTGTATTTTTGTTGTTGTAATATTTTATCATAAAGTTATTTGTTGTTCCGACTAAAGAAAAATAATATAAAAGAATGAGTTTGTTTTTGTAAATTAGAAAGGATCCATCTTTGTCCCCTATCTCGAAATCAAAAACTTGATAAGGGATATTTATATTTTTTTTTTCTTCAATACATTGTTTATTAAAATTCTTTACTTTTGGAAAATATTCTTTTAATGCTCCTTGCTGAAGTGCTTTTCTGACATCTGCAATTGAGTAAGTTCGTTTTTCGTCGCTGAATTTTTGCAATAAGTTATTTTCGCTACTGCATGAAAAAGTTAGTAGTGAGAATTTCATGATTAGTGTCAAAATAATTAATTTCTTGAACATTATATTTTCTCCTTAAGTTTGTTTAAAATAGAATTTAAT
CP085689.1_gap81	3442125	3443493	1368	AATAAGAAACTTAATAATTTATTGATAATAACGTTGACTTGCAGTAGACTTGAATATCTTTATATTGGTAAAACAAATATAAATCACATTAGTAATATTACAAAACTTAATCAATTAAAGGTTATCGAAGTGAGCAATTTACAGCTATCAAATTTGAGTAAAAAAATGATTGACTACAAGATGAAAAAAAAGCCATTTGTGATATTAAATGATGTTGATAATATTGAATTATTATATTTTTGATACATTAAAAATGTGTAAGGTAATAACTCTGAAATGAATAATTAATTTTTTTAGGAATGCTATAATAAATATGTGAAAACGATATTAAAATATTTGAACTAAATACTTTAATAGTAGAGCTTTACTTTATGAATACAAATAATTTATTTACTAAAAAAATCTTTTAGAATAGTTTTTTACTCTGCAACTTCTAGTTAGTAATCGTTTACCAAAAGATAAAATAAAAAAACTTTTTGGAATAAATTTTGTGGAGATAGTAAACTTATCTAGGGGTAGACTCACTTTAATTTCTAGTAACTCTAAAAAGAATTCGCTTGATTCCAGGTTTGGGAGTCTTTTGAATTATTTGTAACTGAGGATATGGTAGATCGTTTATCTTAAAAAAATTTTATGGAGCAAATAAAGGTAATGATACGCCATATAATAAATCTGTAATGAGTTTTAGTATGAGCTCACCAGCAGGAGGTATATCAAAGTATAAAGGAATTGATTTTTCATATAATATAATCGATTTCAGAAATTGAACTTAAAAATAATGAAAAGTTTTACTTGGTTCATTCTTATAGCCATCTTTTAAAAGATAGTGCTATAAAATAATGTAAAAAAACTTCAAATTAACACTTTATTTGTTAACTTGAAGTTTCTTATCGAAAATTTATTTAAATACTTAAACAATATTTTTAATAAATTATTTCTTACGGAATACAATACGACCTTTGCTTAAATCGTATGTAGACATTTCTAAAGTTACTACATCACCAGGTAAAATTCTAATAAAATTCAAACGCATTTTACCACTGATATGAGCTAAAACTTCATGCCCATTTTCTAATTCTACCTTAAACATTGTGTTTGGTAGCAATTCTTTTACTACTCCATCTACTTTTATTACATCTTTAGCCACGTTAAAATCTCCGGTTCATTTTCTGTAATTAATACCATATGTTCAAAATGTGCTGACCACTTACCATCTTTTGTTTTTACAGTCCAGCCGTCTGGTTCGGTATAAACTTTCTCCGTACCAAGGTTGAACATTGGTTCAACCGCTAGTACCATTCCTGGGCGTAATTTTGCCCCCTTAAATCCTGTTGTGTAGTTTGGTACTTCTGGCGGTTCATGTAATGC
CP085689.1_gap82	3477018	3479854	2836	ATAAAAATCAATCCAAATTTCTTTTTCAGAGATACTCTTAAATGTTCTTTTAACAACACTTTTTGAATCGTTGGCTAGTATTTCAATTGATTTACCTGAGTTATAAAAATCTTTATTTTCTACAATATTGGCTTCCCCACTGCTAACAAGCCAACTATGTTGTCCATCAAGATTTGTTGTAAAAAATTCGTTAAAATCTTCAATATAAGGGAAGTTTATATCGTTATCTTTAACAAGAGGGTTCCAACCATTTTGAACTTCCCAACCATCATTCATTCCATCTTTATCAGTATCAAAATCATGAGGGTTTGTATTAAGCTCTATTTCGTCAAAATCATTTAATTTATCACCATCTAAGTCAGAGTCGATATTTGAAACTATTGGGTTTAAGTTATGACTTATTTCATCTAAATCATTCATTCCATCATTATCAACATCAGTACCGATATTAGAAACCCTTGGGTCTAATCCCAATTTGACTTCTTTTATATCAGTTAAATTATCATTATCAAGATCTGAAGATATATCATGAGCAACCAATGGGTTGAATTCTACATCTATCTCTTCCTTGTCAGTCATCGTATCGCCATCAGTATCACTATTCAAAGGATTTGTATTATGAGTATTAATTTCAACATTATCATCCAAACCATCACTATCAGAGTCCTTTTTCAATGGATTAGTATGATGAATGTTCACTTCGTCGATATCAGTTAATGTATCACCATCCAAATCAGAAGAAGATGCATTTGCAATATTAGGATTTAAGCCATTTAAAACCTCGTCGACATCCATAATTGAATCATTATCTAAATCACTATTTAAATTTGAAACAAGCGGGTTCAACCCTATTTCAATTTCTTTTTTATCGGATAGACCGTCACCATCGGTGTCAAATTTACTTGGATTAGTATTATGAATATTAACTTCGTCATTATCGGTTAATCCATCATTATCAGAGTCTATTTTTAAAGGATGAGATCCATAATTTTTAATTTCTTCAATATCAGATAAAGTATCATTATCTGAATCTTTACCAATATTAGATAGCAAAGGATTTAATCCATGTTCAAGCTCTTCTTTATCACTTAATCCATCTCCATCTGTATCAGATGAATGCCAACTTGTTTTATATATATATTGTTCAAAAGCATCTAATAAACCATCTTCATCTTTATCTAGAACAAAATGAAAATTAACTGTTTCTTTACAACCGCAGCTATAATTAATCGTTATATTTTCTGAAATATTTATATCATTTAACGAATCACTAGGAATGACTGGACTAAAAATTAAAACTTGTTTGTTTATATCAAAAGGGTGTTGAGAAAAATTACCATTCCAGCTCGGAATATTGCTTTCACATCCACCACAATAGTAACTAGATCCTGGATTAGGAGAAGAACCTAAGTATAAATCTTCTTCAGTAATATATCCTATAGCATTTTTCCCAGGCAATACACAATAAACAGTAACATAACAGATAGGGTTAAAAAAGTAATCTTGACCTGCATAATTTGATGAATTACTTTGATAATATGATAGTGGACTATAACTTGTTCCTGACGTTATATTAATTACAATGTTTTCATTAAAAGGAGTAATACTTTTTAAAAAACATGAATAAGCAGGAGGTGGCACTGGATGATCACAAGCTATTATATTTGGGTTATTATTAGTAGTAGCAAATGATTCTACGGCGGAAATTAAAATACAACTAAAAAGAAGTAATAAAATTCTAGTGTTAAACTTCATTGTTTTGTTTCCTTTTGCTAAATTTTTTATATTATTATTTTTGTTTATTTTTTAATTTTTGAATCGCATTTTGTGTCGCAACTTTATAAAGCTGATGGTCATTTTTCAGAATATTTTCCAAACCCTGAATATCATCTTTAGTGCCGATTTCGCCAATTGTCGCGATTGCTGTTAGGCGTAAAACCATATCGCCGGGATCATTAAATGCTAAATCTCGTATCGCATTAGTAACTGATTCCGAATCATTTTTCATTGATCCCACACTTTGTACCATCGCAATTCGGCTTGGAATGTGCATCGATTCATCTTCAACTAACGACACCAACTCAGTATTGATTCGCTCTTTATCGATCTCTTTTGGATACATTTTTGACAAATCGCTCAATGCTAATATTGCAGTTCCAGACACATCACACTGGGTATCTTTTAGAGAATCGAACAATGTTTCTTGAATTTGTTTACGTAGTTGAGCATCTGCTTTTGAATATTCACTACGAAGGTGCTGCACTGCATACCCTCGCAAATCTCCATCAACACTTTTATCTGCTGATAATTGACTTAAAAAATCGATGTGACTTTTATTGGCTTTTCTATCGCTTTCAAGTTTGATGAAGATTTCATCCTTAAGATGAAGACCCAATCTATCATTGCTTCCACCATAAACATAATCATGCAATCCTTGAATATTTGCCATTATTAATGGAGTTTTTAAATTTTTAACAATCTCTAATTGATGACGATATTTTTGATATTTAGTTTTACCTTCTGGTTTAAACAAACCATTCAATTCACCATAATCAAAATTTTTCTTTATAAAATTTGATGTAGATTTTGCTTTTTTAAAGTTATTATTTTGAGAGTTATTTTGTGAAGCTATTCTGCTTTTTTTAGCCTCTTTTTTTGTTGCTAATGGCCTACTATTTCCCGTTGTTTTGACAGGTTTTTTATTACTGTAAAACTGAGCAATAGCAATAATCATTACAGCAACTAAAATAACCCCAAAAAGCTTAATAATTAAAAGCTTATTATTTTTCATTACTAATATTCCTTTGTTAATATAAAAAACTCCATGCATAATGAA
CP085689.1_gap83	3512871	3515035	2164	GCGGAGCTGTTCCACGAAAAATTAAAAGTCTTTCACATACTGAACTTTATAAATTCAAACAAATTTATGAGGATCGTTGTTATTATGAAGAATTAGCCGAGTATGAAGCAAGCGGCGGAACCGTGCGGGATTACACCGTTGTGAGGTTTGGCAAATGTTAGGATTAAGATACTTTACAAATTTGATAAAAACTAGCTTTAACCGTTCATTCAACGGGGCAAGAACAGACGGTTATAATAGTGACTGGATTGTTAGTCCAATTCGTGATAATGAACAGTTAAAAAAAGATTTAAAAATGTTAATAGTTCGTAGTCGTGATTTATCTAAAAATAACAGTGATTATATAAAATATTTATTAATGAGAGAAGTTAATATTATTGGTGCAACTGGTATTAAATTACGAATGAATGTAACTAAAAATAATGGTAATTCTGATTATAAAAAAAGTGAATTAATTGAACTTCACTGGATTAAATGGGGGAAAAAACGCAATAAATATTGTTCTCATGACGGTTTATTGAGTTGGTTAGAACTTCAAGTTTTAGCCGACCGCACGTTAGCAGTTGACGGGGATAGTTTCTTTTTAATTCATGAGGGAGCCAATAACCCATATTTATTTAAATTGCAACCAATTGACAGTTTAGACGTTGATATTGAATTGAATGTATCTGCTAATTACAATCAAAATCAAATTATTATGGGTATTGAGTTTGACTCTAACGATAAAGTTGTGGCGTATCATCTCAAGAAAAATAACGAAAACAACCGTTTAGGCGATTATAATTTTGTAACGACTCACAATAGAATACCAGCTGAACGCATGATACATATTTATCAAAAACGTTTTGCGGGGCAAGTGCGAGGTTTTCCATTAGCAAGCGGGGCAATTCTTGATATTAACATGGCTGACGGCTATAAAAAGGTTGCATTAGTTGGAGCAAGAGCGGCGGCGTGTCAATTAGGCGTTTGGGAAGATTCGGGAAGCGGGGCGAGTTCAAGCAAGCTAGGCAACTTAAAAAATAATAAAAATTTCAGTCAACCAACAGTTCGGGAAATGGTTCCAGGGCAAATTATCGACGCACCAGCGGGAAAAACTTTTAAGGCTCACAATCCAACCCAGCCAGTAGCGAATTTCCCGCATTTTATGAAAGCTATTCAACGTTCAATAGCAAACGGCGTTGGAATGCTCTACAATGCGTTATTTAATGATTATGAGGGGGTTAATTTTTCCAGTCTAAGAGCGGGGGCGATTAGTGAACGTGATAACTGGATGATGTGCCAACAATTTTTAATTGAAAATTTTCACGAGATTGTTTTTGCAAAATGGTTAAAATATTTCTTACTTAGTGGTCAAACAAATTTACAGCTTAGAAATTATGAACGGCTGTTAGCTGATAACTGGCAACCTAGGCGGTGGGTATGGGTTGATCCTGTAAAAGACGCTAACGCCAACCGCTTAAAATTAGAGATGAACTTAACCAGTCGTCAACGTCTTTGTAGCGAATTAGGCGTTGATTTTTTCGAGGTAGCGGACGAATTAGCACGAGAAAATTTATACTTGCAAAATAAAGGGTTAACGCCTGACGCAATAGATGAGAAGACGGTGTCTATAATAGAGGAGCTTATTAAAGATGAGCAAAAAGAAGAAGAAAAATAAATTATTAATTCAAAATTATTTCCGCAATTACACTGCGGACGTTAGCAATGCTAGTGGCGTTGACGCTGACGAATTGAAGTTAACAATTTCGATTTCTAGCGAATTTGCGGTGCGTCGTTATGATTTTTACAATGATGAATATTTCGACGAAGTTTTAAGTCACGATCCAGCGGACGTTGATTTAAGTCGTGCGGCAAACGGGGCTAGTTTTCGTGATGAACATTACGGCGATCAAATCGGGGTGTTAGCTAATCCAGTAATTAGAGATAAAAAATTGTACGTCGATGTTATTTTTTCAAAAAATAATGAACGAGCAGTAACAATTTATAAGGACATGGTGGATAATATCCGCCGCAATGTTTCAATTCGTCCTGAGTATACAGGACAAGGGCGACAAATTGGAACTAATGACGCAGGCGAAAAAATTATTGCGTTTCCGTGGCGATTAATCCACGCCGCAGTAGTAGCCGACCCCGCCGACCCTGATGTTGGAGTAAACCGTAATAA
CP085689.1_gap84	3516639	3519426	2787	CGGTAAAGGAGAAATAACCATTACCGAGCCCGCTATTATTTTAAGCAGTAGCGACGCCAAAAAAGTAGCAGAAGATAGTGTTATTAAAATTTATAAAATTGACTATTTAACGGGCAAACATTACCCCGACGGTATGGGAATGACAAAAGTTATGCTAACTGAAAACGATTCAAATAATAACGAAATAGGCGAAAGATATGGGTATCAGTAAAGCGTGTTATGAGGATAATTTAAGAAATGAGCAAGCTATTGCAAAAAGAGGGCAAAAGCAAGCTAAATCAAGTTTTGATATAAATAGCGGATTTTTTCAAATTGTCATTAATAGCGAATTAGAAGCGGAAATTCAGCAAGCATTTTTAGAGCATGGCAATGTTACAAAAAAAGCGTTAGCAAGTACATTGCGTAAATATGCCAAAGCTGAAAAAACGCTAGTTAAACGAGCTTTAGCCAAGGCTACAGGCGTAAAGGCTACAACAATCAATAAAAGAATTAAAACTAAAACTGCCTCAAATCCAAATAGTCCAATAAAAAACGTGCGTTTTTGGGTTGGCTATAATGAAGTTGCTTTTCATTCATTCGGGCGGCGTTTAGGGCAAAGTAAGCGTCGTGGCGGTGGGGTAACTGCTTATAGTGACATAGGTAATAAATTTGCACAAGGTGCGTTCTTAGCTAATGCAAATGGAGCAACTAAAAAAATAGCTTTTATCCGCAAAGGGCGGAAAAAGTACCCGCTTAAAAAAGTAACTCTCGATGTCGAAAAACCAACCTTGCAAACGTTACCAAATTTTTATCAGCAAACAGCCCGTGCTGACGAGAAGTTTTTAAAAATATTTCAACAGGAATTAAATTATTATGTCAACGTCAAATCATAATGTAAAAAAATATTTAGATAATGTTATTGCTGAAATTAAAGAGCATTTTAATAAAAGCAAATTAAATATTGATATATTTAACCCGAATATAAAATTGTTAATTGCTCCAGCTATTTTAATTGACATTGCAGGCATGAAAGCGGGTGAAGACGACGGAACCGACCGCAATTGTTTAAATTTAGAAATGAGTGCATTTTGTGTGTTTAAACGTGGATTAGTATCGAATCGTTTTTTATATTTAGTTAAAGAAGTTGCCGCCGATTTAATGGGGTTTATTCGAGATAATAATTTCAATTGTAGTGGTTGGGTTGAATTGCCTAATAATATGGAAGCAAACACTATTGATTTTGAAGTTAGTGGTTTATTTGAATGTATTGAAGTAGAATGGACGCAGACTATTTATTTAGGAGAAAGTGTGTGGGATAGCGACGGGATTATTCCCGAAGAAGTTATGATTTCATTTGTTCCTGAAATTGGCGAAGCTCACAAAGAGGGTTACGAGTGTGTTTGATAAAATATTCAAGAAATTTAATAATATTGAGCGTAAACTAGAGAATTTAATTAAAATTGGTGTAGTAATTGAAGTTAATTACGCTGATTGCACAGCACGAGTTAAAATTGGCGAAATTGAAACAAATTTTTTATCATTTGCGACTGTCAAAGCGGGTAGCCATAAAATGTGGAGTCCTGTAGAAATTGGCGAACAAGTTTTAATTTTTAGCCCAAGTGGTGAATTAACCAACGGTATTATTTTTGGATCATTATATTCAAACGCCAACGCCGCCCCAAATTCTACACCAGCAAAAGAGGTGCGAATTGTTCCTGCTGGCATTGACGTTACCACCAATAAATTTGTTATTAATGGTCAATTAAAAGTTAATGGCAGTGTTTCAGTTAGTGGAGATGTTATCAACGGTGGCGATGTAATTAGTGGCGGCGACCAAGTCGCAGGAAGTATTAGCACCCAAAACCACACCCACGCAGGTTGCCAAGGCGGTAGCACTGGAAAACCGCAATAGATTTGTAATTTATTTTTAATGATATATAGTATATTATCGTTTAATATTTTTAAGTGTGAATGTAAAATAAGGAATTTGTAAAATGATTAGAGTTTTAATTGCGTTTTTATCATTAATATTTGTAACAACGGGTTGCATAACAACTAAACCTGAAAACGAGATAACACAGTGCTTCGTTAAAATAAAAAATATTGACAAAGATAAAGGTTTATATTTGTTAACTACTTTAACGGTAACAACAAACGAAGCTGGAAATCATGATATACTCTATGCCCCAAAGTTAATTATTCAATATAATCGCAGTGGAATGACAAGGTCATATATTGAATTTGAATCTGATCAAAAGGATAAAACAGAGTCTGGTTTTACGGCAGAAATTAGCACAATAGCGAATGAATATGCAGAGGCAAATATTAGGTCAAAATATAAGGATCCATGGGCAAAAAATAAATTTAATTACCTTGAATATAAGGGTCTTCTTGAATTAAATAAAGTATTCAAAGTATATGAAACTCCTTCAAAAGGAATGAAAGATCTTAAATTATCAGAAAATGATAAATTTGTCATTGATAATTTAAAATAATCTTTCAATTGTAATTAATTAAAATTTACGCCCTAGCATTAAATTGTTAGGGCTTTTTTTGTGCTTACATTCTTAACTTGGTTAACGGTTTGTTCATATAGTAAAACATGGAGAACTTTACTTTATGAATGGAATAAATAACGCAACTGGGAAAACTTTAACTGGTATTGACCACTTGAAGCAATCAATAGCGGACATTCTCAACACGCCAATTGGGAGCCGTGTTATGCGTCCGACTTATGGTAGTAATATTTTTAAACTAATTGATAATCCAGTAAATGAAACCTTTAAAATTAATATTTTTGCGGCAACT
CP085689.1_gap85	3525654	3527495	1841	GAAATCTTTAGGAAAAGCAACTACACAAGCAAAAAAAATGGGAGTTACTTTTGATAAAACCACACTAAAAAGCCAAAAACTTTGGACTTCTTTCAAAATAGGAGCCGCCTATACTGCAAAAAGTATTCATAAATTAGGAGTTGGTTTTATTAAATTTACTGGAATTATTGGCGGAGCTGTGGGCTCTGTTTATGCTATGACTGCAAAATTAGCAACTAGCATGGATAATATTATAAAAACTGCTAAAAAATTAAATATCGGTGTTGAACCACTCCAAGAACTCCAACATGCCGCTCAATTATCAGGACTTGAAATAGGAACTTTCAATACCGCTCTTGAAATGCAAATAAAAAACATTGCCGATGCCGCAAAAGGTACAGGTGTAGCCGTGCGAGCGATGGAGCAATTAGGGCTCAACGCTCAAGATTTAAATAAATTAGCACCTGAACAGCAAATGAATAAAATTGCAGATGCTTTAAAAAATGTTAATAATCAAAATGACAAATTGCGTATTGCTCGTGAAATATACGGGCGTTCTGGAAGCGGAATGCTTAACGTTTTAAATACGGGTTCAACTGGTATTAACAAAATGCGTCAAGACGCACAAGATACAGGCAACGTATCAAAAGAAAGCGACCTTAAAAATGCTGAAAAATTCAATGATGAATTATTACGTTTTAAATCTATTCTAACAGGATTAACCAAAACAGTGGGTTCAGCTTTAATGCCAGTCTTTAGCGACATGATGATTGAATTTAAAAACTTTTTCGGTAAAAATAAAGAGCAGACTAAGCAGTGGGCTAAAGATTTTGGCAGCTCATTAAAAGACCTTTTAAAGGGCGGACTTGAATTGCTAAGAGTTGGTTTAAAATTTAGTAAGTTCATGGGAAATTTAATTAATAATACAATCGGCTTTAAAAGTGCCGCAGTTTTAGCTATTGGAATTATATTTGGAAAAGTAACAGGTTTATTTTCTATTTTAACGCCGGTTATAAAATGGAGCACAAAAGCATTATGGAAACATATTGGCGGTTGGCAAGGTTTTAAAGACGCTGTTTCAAAACATGGGAAAAGTGCATTTAATTTTATTAAAAACGGTTCAAAGACTTCATTTACTTTTCTTAAAAAATATGGGAAAAGTGCATTTAGAGGCTTAGGAACTGGTTTTAAAAATTTAGGTGGAGTCTTTAAAACTGTTGGTTTAGGACTTTGGAAAGGTATAGCTGGATTAATTCCAGTATTGGGAACATTTTTCACAACCACAATCGGTTTTATTTGGTCAACAACTGTAGCAATGTTGGCGTGCCCTATTACATGGATTGTGTTAGGAATTATGGCAATAATCGGCGTCGGTTTTTTACTCGTAAAGTTTTGGAAACCGATTAAAAAGTTTTTCATCGGAGTATTTAAAGCGATTGCGTGGTGGGCGTTATGGCCAGTAATGCTAATTATTAAATTTTGGAAACCGATTAAAGGTTTTTTTGCGGGAATTTGGGACGGAATTATTACAGGAGTAAAATGGTGCTGGAATTTATTAAAAGGCATATTTAGCTGGAGCCCATTTGCATTAGTAACCAAAGCCTATGGAGCCATGTTTAATTGGCTTGATAAAAAGTTTGCTATTTTTAAAAAGATTGGTTCAGCGTGGAGAAAAATAAAAGGCTGGTTTGGTGGTGGAGATAAAGACAGCAAAGAAGATGACCCACGAGAACAAGATATTATCTCCGCCACCAAGCAAGCGCAAAATAGCAGTCCAGCTGCAATGATGAGCCGTAACAATCAAGCGCAGATTAACAATAATCAAAAAATTTCAATAAATATTAAACCAACCAAAGGCATGA
CP085689.1_gap86	3556544	3558971	2427	TGTATCGATTTACATGATGGGCACGTTAAACAAATTGTTGGCGGAACATTATCAGACTCTGGAGCAACTGAAAATTTTATTTCAGATAAAGATTCGGCATACTACGCAGAGTTGTACCAAAAAGACAACTTAACGGGAGGTCACATTATAAAATTAGGTGCAAATAATGATGAAGCTGCATTGATGGCACTAAAAGCGTATCCATATGGTATGCAAATTGGAGGTGGCATAACGGCAGAAAATGCTAAGTTTTGGTTAGATAATGGCGCAGAAAAAGTAATTTTAACTTCGTATATATTTTCTGATGCTAAACTGAATATTAAACGATTAGATAAAATTGTTGAAATCGTTTCTAAAGAAAAATTGGTTTTAGACTTAAGTTGCCGTAAAAAAGGTGATCAATATTATATTGTAACAGATCGTTGGCAAAAATTTACCAATATGGAGGTTAATGCAAAAACACTAGAATTCTTAGCAGGGTATTGTAGCGAATTTTTGATACATGCGGTTGATGTTGAAGGTTTACAAAGTGGTGTGGATAAAGAGTTAATTGCTCTAATGGGCAAGTTTTCGCCAATTTATAGTGTTTATGCAGGCGGAATTTCATCAATGGATGATATTAAATTGATTATGGAATATGGCAACGAAAATGTTGGTTATACTGTTGGCAGTGCGTTGGATATTTTTGGTGGAAAATTATTGAAGTATAATGAAGTTGTGGAATATGATAAACAATTTTCAAATGAGTAAATCGTAGGGCTGTTTTGGATAATAAAAAGAATAGTAAGAAAGATAATAACATAAAAGATTTTAAAACGAGAATTTTTAAACAATTAGCAGAATCTGAAGATCAACTACGGTTAATTGATTATGTTAAATTAACAAAATATCAGCAAAAAATTATCGCAAGGCAACGTCGTAAACAGCCAATCGATAAAATGTTATTGCGTCTCAAAAAGAGCGTTGAGTTGGGCGTAAAACGTTCCTTAAAGGAGGTTGCTAAAAATTTAGAAAAAAATGTTAGTTATCCAGAAAATTTACCAGTTTCAGAACGTCATCAAGAATTAACAGAATTAATTTTAAATAATCAAGTTATTATTGTCTGTGGAGCAACCGGTAGCGGTAAAACGACTCAGTTGCCAAAAATTGCACTAGATGCGTTGCGTGGTCGAAAAGGGTTTATTGGTTGTACTCAGCCACGCCGTTTAGCCGCGAATTCAGTTTGTAACCGAGTTGCAAGTGAATTAAAAGTTTCGGTAGGAAATGAAGTTGGTTATAAAGTTAGGTTCGATAATAGTTGTAACGATAAAACAGTTGTGAAATTTATGACTGATGGGGTTTTGTTAGCAGAATCAACTAATGACCATAAATTATTGCAGTATGATACGTTAATTATTGATGAAGCACACGAGCGTAGTTTAAATATAGATTTTATTTTGGGTTATTTAAAAAATCTATTACCTGAGCGACCTGATTTAAAAATTATTATTAGTTCAGCGACGTTGGATGCTGAAAATTTTTCGCAATTTTTTGATAATGCTCCAATTGTTGAAGTTGAGGGGCGAACATATCCAGTTGAGCGATTTTTCATGGAGCCAAAAGAAGATGAAGAATTAAGTAATCACGTTTATCGTGCAGTGAAGTTTATCAGCGATATTGATAAAGAGGGTGATATTTTAGTATTTTTACCAGGCGAACGTGAAATTCGTGAAGTTGCTGAACATTTGACTGGGCGTTTAATTAAAAATAGTAGTGAAATATTACCATTATTTGCCCGAATGGGACTAGCCGAACAACAACGAATTTTTTCCACAAATAATCAACGCAGAAGAATTATTTTAGCAACAAATGTTGCTGAAACATCATTAACAATTCCTGGTATTCATTATGTTATTGATTCGGGATTAGTTCGTATGAGTCGCTACAATCCACGAACGAATATTCAAGAATTGAAAATAGAACAAATTTCACAGGCCAGTGCCAAACAACGTATGGGACGTTGCGGACGTATTGCAGAAGGAGTTTGTGTTGCGTTATATGATGAGGAAGTTTTCAACGATAGTAGTGAATTTACCGATCCTGAAATTTTACGAACATCATTAGCTGGAGTTATTTTGCAAATGGCAACGTTACGTTTGCCGTCTTTAGAAGAATTTCCGTTATTAGATCGCCCAGAAAATGGTTTAATCCGTGATGGTTATAAATTATTGACAACTTTAAATGCCCTCGATTATGAATTTCGTTTAACAGGGGAGGGCGAACGAATTGCCAAATTTAACATTGATGTGCACATTGCAGCAATGATTAGCTATGCTGAAAAAGTTGGCTGTTTAAGTGAAATTTTAGTTTTAAGTTCATTTTTAAGTATTCAAGATGTTCGGGAACGCCCAATTGATAAACAGCAACAAGCAGATACAGCACACAGTC
CP085689.1_gap87	3561112	3562893	1781	TTCCCTGCTAAAGATGAGGATAAGACCGAACGAGCTAACTTAAGTTTCTTTGTGGAACGATTAAGCTTAGCGCTTGAGGCTGTTTCAAAATTTGAGGATAATTTTGAATTAAGAAGATTTGCGATGTTGCTTGAAGAATATCGCATTGCAACTTTTGCCCCTGAAATAGGACTAAGAGAAAAAGTTTCACAGAAAAAACTCAATAAACTTTGGGATGATATTCGTTTATAGGATACTTATTTTCACTAAACAATGCTGTCAAATTGTGAATTTGGCTGAACATAGTCATTCATTTCACTGATTTTTACGTGTTCTTTGTTTAGAATGTATTTTTTGATTTTGAAGAAGAAAAATACAGCCACAATTGCAGCAACTATATCAGATAATGCGATGGAAAACCAGACACTATTTTCAATTGGAATATTTAAATTGTATGTTTTTATGATAAGCGGAAATAGTAACACGAAGGTTAAAAATAGCCCTACTTGACGGAATATTGAAAAATAAAGTGCTGGTTTAGCATTACCTAAAGCTTGGTAAACTGTTGTTAAGATAATATGCAACGCTGCAAAAGGTACTCCTAAACAGAGTATTTTCATGCCATCTATGCATGAGTCAAGTAAATGTTTATCTTTTAACATTGTTAACGAAAATGGTTCAGCAAAAATATAAATTAATGATAAGGCAACTATCCCTACACTAATTCCCCAAACCATACTATCGCGAATTGCGATTAATATTCTTTTATACTCTTTAGCTCCAAAATTTACCCCAACAATTGGTTGAAGCCCTTGAGCTATACCAATAATGGGTAGTACAGCAAATAGAAATGCTTTTGAAATAATACCATATACAGCAATATTATCTTCATTAGTATAATAGCGCAAAATATTATTAATGACTGAGAGATTGAAACTTCCCGCAATATTCATAAAAAATACAGATGCTCCAAGTGCGACTATTCTTAAAAAAATTTTCTTTTCAACAATCCACATCTTTAAATCAACTGAAATAAGAGTTTGTTTTGAATGATAATAGTATAGTTGGTAAACTAAAGTAATAACTTTTGATAAGGTTGTTGCAATAGCCGCTCCAGCAATGCCCCATTTAAAAACAACAATGAATAGCCAATCAAGGAAAATGTTACTTAGCACTCCTGACACGACTCCAATCATTGAATCTTTTGTATTACCTTCAGCCCTTAAAATATTGTTGCCGACAATGCAAAGTGGGAAAATAATGGTGCCAGGTAACATCCAATATAAATATGTTCGGGAATCGTGTAAAACAGTTTTGGTTGCTCCCATCAAATAGAGTAGTGGATCAGCAAAAATATAACCAATTGCTGTCATTACAACGCCTAGAATTAAGCTTAAACAAAAAGCATTGCCAGCTATTAAATTTGCTCTTTTATAATCTTTATCACCCACGGCATGAGAAAAGATTGATGATGCTCCTACTGCAATCATAATTGCAAATGAAAAAGATGTGATATTCAAAGGTAGCACAACTGTGCACGCTGTAATACCACTTTTTCCCACGTATTGACCCAAAAATATTGTATCTACTAAACTAAATAATGCCGTTGCTAACATCGCAATAACTGCTGGTGTCGACATTTTTAATAATAGTAAATTAATATTTTCAGCTGTTAGTTTGTGTTGACTCATAATCTCTTGTAATCTCTAAAAAAATATTTCCTAAGTTTCAATATAATTTAATATAATTATCCTGCAAGGAATTTAGGAAATAAAAAAACATATTTCAGTAAAATCCCGAAA
CP085689.1_gap88	3609082	3611748	2666	TTGATTATGAAATTGGTCGCGTGTTAAATTGTATCAATGAAAAATTGCCTGATGCAATGACTCTGTATACTTCTGATCATGGAGATGCTCTTGGTGAGCACGGGTTGGGGCTAAAAGGTCCAGCTGCTTACGATGGCATCACGCGAATTCCTATTATTGTTCAATATAAAGATATTCCCAAGGGCTCTGTTAATACTGGAGTCGCCAGTCATATTGATATTGTGCCAACAATTTTGGAATTTTTTGATGCGCCAAACTCTAAGGTTTTAGAGGGAAAAAGTATGATGAAATCATTATTTGATCCAAATTACCACAATAATGAGCAAATTTTTATCGAATTTGGGCGCTATGAAGTTGACCATGATGGGTTTGGTGGCTTTCAACCAATGCGTTGTGTTTTTGATGGTCGTTATAAATTAGTGGTCAATTTATTAAGTGATGATGAGCTTTATGACCTTGAAAATGATAAATTAGAACTTGTAAACTTAATTAATTCTGATGATGTTGAATTATGCAAAAAACGTGATAATTTACATGATATTTTATTAAATTGGATGAATGAAACCCGTGACCCATTCCGTGGATATTATTGGGAAAATCGTCCATGGCGTAAAGATGCGAGAAAACCAAGTTGGGGATACACAAAAATGACTCGCCAACGTGAAGAAAATGAACACTATGAACCACGTCAATTAGATTATTCAACAGGTCTTGAAATGGTTGAAGCCGTGCGTAAAAAACGTTAATTTTAGCAAAAAGGGAAAATATAGTATGACTGAAAAAATACGCTGTGCATGGTGTGATTTAAGTTCGCAAGAATATGTAAATTATCATGATAACGAATGGGGTGTGCCAGTGCGTAATGATGATCGCTTGATTTTTGAATTACTAATTCTCGAGGGAGCTCAAGCTGGATTATCGTGGTTAACAATTCTCAAACGTCGTCAAAATTACAAGCGCGCTTTTGACAATTTCGAAATAAAAAAGGTAGCCAATTACAACGAAGAAAAAATTGCTAGCTTAATTAGTGACGTAGGAATTATTCGTAATAAATTAAAAATTAAGTCCGCAGTTAGAAATGCTAAAATTGCATTAAAAATTATTGATGAATTTGGGAGTTTAGGTAATTATTTTTGGAGTTGGGTAAATGACAAGCAAATTAAGAACAATTTTAAAGATATTTCAGAAATACCAACTCAAACAGCCTTGTCTGAAAAAATATCTAAAGATTTAAAAAAGCGTGGTATGAGCTTTGTTGGTCCAACAATTATTTATTCATTTATACAGGCAATCGGTATAGTCAATGATCACACAACCAATTGTTTTAGATGTAAAAACTAAGGGGTCTTCAATAACTCTATGATTTTTTCGTAATTTTTTAGTGGAGTTTTAGCGTTTAATTTCTTAGTCCAATCAACGATTGAAATTGATTTTTTTGTTTCAGGGTCAATAAATTCACGCTTCGCACCATACTTTAGTAGTAACTTAACAACCTCCAAACGTTCATTTTTCAACGCCCACGCTAATGGGGTTAAACCTTTGTTAGTATATTCTAGATTTAGCTTTTGATTTAAAAAATACTCAAATATTTCATCCGTTGTGTCAAATGCAATAATATATGCCAAAAATGACTTTTTAGGCATGTCAAGTTTTTTGAAATTGGCTCCATTTTTGATTAAAATCTTGATAGCTTCTAAATTTTTTTGAGTTACAGCGTAGCCAATTGGAGTAATAAATTTTGTTTTATCAGGATTCACATCTGCCCCATGTTTTAATAATATTTTTAATAATTCAAGATTATTCTTTTTTTGAGCAATGGCAATGTTTAGTACAGAAAAACTTCTCCGACTGTTCTTGAATTTCAAATAATCTGAATTTGCTTCATTTGGGAAATATTTTAGTAATAACTCTAACGTTTGAGGATTAAAACTAGCAAGAGCGTAGTCAATCAAACCTTCACGAAGTTCTGTATTTTTTTTATTTTTAAGCTTAGTTTCTAATAATTTTAGCTGTTCCTTTGCCGGATTTTGCATTAATAACAAAGCATATAATCCAGGTTTGATATTGTATTTTTTAAGTATTTTCAGAACTTCTATTTGCTGTTTTTTGATAGCTAATTCATAAATTTTATCGAGTTCAAAACCTTTGTCATAATGGTTATTTTTTAGGAAAATTTCTAAAAGTTTGTAATTTCCTTTGAAATAAATTGGACCAATAAAACTTGTAGCTTCTGTCTTGTCTACTTTCTTGCGGTAATTTTTTGGTAATCCATTTTTAATTAAATATTCAGAAATTTCAAGAGTTGTACTTCCAGTTAAAATAGTACCATAAATTAATTCTTCCTCTTTTGAAAAACCACCAATTTTAGCTTTGTTTTCAATTAAAAATCTAACTATTTTCAAGTCAAAAGATGTCATCGCCATAAATAATGGGGTGATATTATTTTCACCAACTTGGTTGATCGTTCCATATTCTTTTAGAACAGCTTTAAGTGCCTCAATATCACCTTTTCCTGCAGCTAAATGAGCAAAATGATATCTATTGTTATATCGTAGACTAATTAAATCCATGGACTGTTTTGTCCATGGTTTTAGTATATTTAAGTCAACATCTTTAAATTGCTCGATAATTTTTTTTCTATCATCTGCAAGTTCATTATTACTATT
CP085689.1_gap89	3616513	3619757	3244	GAATTTCCCTTCTTAAACTATAAATCATGAATATTTATGATTTATAGTTTAATCTATTTTTTCCGTAATACTAAAGAACTTTTCTGTTAACCGTTGTTGTTCATTTTCGCGCAACTTTTCACGCTCTTGTCTTTCTTTTTGTTGAGAATATTTAACTTCCTCATGAACTAATAAGTCACTTTGTGAGGAAGTGATAGAATTAAAGAAATGATGATTTGTATCATCATAGCTTGGGTCAACTTTGCGCATCATAGCAGTGGTTAATTTATAGCCATCGGCGCCATGAAGTATCCACTCAAATTTAGTCATCTCATCTAAACGCTGAAGCAGTTCGATTTGATTCAGGGTGGCTTTGCTAGCTAAAAGCTTATTGTAAATCTCTTCGCCGGGTATTCCTTCGCGTTGTCTTTCAATCAGAATAATCATTATATCGGTATATTTACTATATGTAAGGAGTGCTATAATCATTTTAATGATAATATAAACGGTATCAACAATTAGTCCGCCAGGAATTAAGTAGATAAAGATTTTTTCCATAATTTTATTTGAGAGATGGTTTTCCATTGGACTATGGCGAAAATGCTGACCAAAACTAAAACTTGTATCGTCAACTTTATCAAAGTCATCATTTGTTGCGTCTACAAAACTTTGATTATTATTGAATTCTGCAAAGGTAATAATTGGGGTATTCACATAAACGCGATAGCCTCCCGCTAAAATGTTGACAATTACAACCGTAATAAAGTAGCTAAACTGTTCTTCTCCAGACAATCTATAATAGATATAATGTAGTATCCAAAAAACTCCTAATGCCAAAGATAACTTTAGTAACAGTAATAATAGCCAGTTCCATAAAAAAACTTTGAGATAATTTTTATATAGTTTTTTATTATGCTCTTCAATTGAAATCTTACTCATTTTAATCACAAAGCAACTCCTTTAATAACTTCTTTCTCATTTTAGCTGTTAATTTAAAACCATTTTCACTTTCTTTAAGCCATTCATACTCAATCATACAGTGTAAAATATCACGGCATTTAAGTTCATTTATTAGGTATTTATCTTTATTAATATAATTTAAAATTTCGCTACCACATACAGCTTCTGGGTTGTGGCAACCAACGAATTTTAAAATTTTTAAATGCTTAGATCGCATTTTGAATGCTAAATAGATTTGCCTAAATACTACGCAAATATCGCCCAAGGCATCACCAGGTGCTTTAAGTATCTTGAAAATTAAAAGAACAATGTCTGTTGACTTATCCTCTTCGTTGAAACCAAAGTTAGGATGGTATTGGCTAAAAGCAGTATCTTCAGTTAATTCAATCGAATCAATGGCAACCTCAACTTCCTCCATCGCATTTTTAATCGTTAATGAATTGTAAATGCCGAATGGTTGGCGTTTACGGTATTGTAGAAATGCTAAAGAGCCATACAATGAACAGATAACGAGGTTGCCGACTACAATAAAAGGTAATGCAATCAAAGTAATAATGTAAATGCTAAGCAGGTAAGTTAACACCAGAAGAAAACCGAATGATAGAAATTTATAAAGAAGCATGACTGCTCGGTCAACTATAAATCCCTGAAAAAAAATTGAAAAATTTTTATGAATTACTTTCTGTAGCGCTTGTTGTGCTTGAATATTTATCATTTTCCACCCATTATTGTTATTTCCGATTAGGAAAATATAATTTATTATCTTGATAATACAAATTTATTGTGAAATAACAAGATTAAGTTCGTAAAATTGTTAAAGAAAGAGTATATTCATCATGAATGTAATATGAATAATTAAAGAACCATAAAGCAATATGAAAAAGAAAGATTTATTAGAGTATTTAGAAAAAAATAATTTTCGTCCTGGGAAGATTTTAGGACAAAATTTTTTAATTGATGATAATTTGCTAGATTTTATTATAAAGGCAACCAACCCACAAGAAAATGAAAATATTTTGGAGGTTGGACCAGGTTTTGGAGCATTAACAAGAAAGCTTTTAGCAAGCAAAGCAAATTTAACTGCAATTGAGTTTGATCATCGTATTTGTGAATATTTACGCGATAACGTTAAAGATGATAATTTTACGTTGGTTGAAGGAGATGCTGTGCGAGTGAATGTTGCTGAAATTTATGATAAAAATACGCCATTCAGAGCAATTGCTAATTTACCATACTCAATTAGTAGTATTTTTGTGGCGCGTATGCTTGAATTAGAAAACCCACCAGCAGATATGTATTTTATGTTGCAAAAAGAGATGGGTTTACGTTTATCTGCTGAATATAACACTAAGGATTATGGCGCATTGAGTATTAGAACGCAGTGTTACTATGATGTTAAAATTTTGCGTATTGTACCTCCACAAGTTTTCCATCCTGCACCTGAGGTTGAATCAGCGATTGTGGCTTTTTATAAAAAAGAGAATGCTCTAGGGTATGAAGAACGTCAATTAATTAGTAAAATTACTAAAATGGTGTTTTCGCAACGTCGTAAAAAGATGATTAAGCCATTGAGTTCGCTATATCCTAAAGAAGACATTTTAGCGACATTCAAAAAACTGGATATTCGTGAAGACATTCGCCCTGGGGCCTTAACTGTAACCCAATTTATTGATTTAGCGCGAGAATTAGAAAAATTACGCCTTGTGAAATCATAAAAAATTTTGAATATTTGTTCATTTCATGAAAGCGCAAAAAAATCTTCAAAAATATTTACAACGCAATAAGTATTTACACCATAGACTTGAGCCTCAGGTAAGTGATGGGGTTAAGTTTGCGACATGTATTGTGATTGTCGCATGTGCTGAATACGATTATTTAGGGCGTTTGTTAGATTCATTGAATAATGTAGATGATATTGAAAATTGTGCAGTAATTGTGGTTGTCAATCATAAACATGACGTTGATATTACAGTAAAAGAGCAAAATATTTTGACTCTTCAAGAATTGGCAAATAACAATAAAGGTAAATTTAGAGATTTTTCCCATTATAAAATATTATTAGGGAAAAATCTTTTTTATGTTGATGCGGTAAATAATTTATTAACAGCTCATGCTAAAAAATTTTTTGGGGTTGGTGCTGCTCGCAAAATTGGTCTTGACTTGGTTTTGAATTTACTTGAATTTAATGGAGAAATAGAGCCGCTGTTAATTTGTCTAGATGCGGATTGTGTAGTCAAAAAAAATTATTTAATGGCAATTAAAGAATGTTTTAGTCGTAATAAAAACATTGTTGGTGGAGTCTGCG
CP085689.1_gap90	3660283	3660783	500	AAAATTGTGCGCTCTTCTTGAGGGGTTTTTCCAACGGTTCAGCAACATTGCCAGCGGCTACCCATTCACGGTACGCTCTCGCTTGAAAAGTGTCGCTATTGACGTTGATTATGGACCCAGTTTCAAGGTGCATTACTTGAGTGTCAGTTATTTTTTGAAACATTTTTTTTCTCCTTGTTTAAATTTCAGCGTCTGCAATCCAATTAAAAGCAATGGTATAATTAGCATCATGATTTTGGCTTGAAACAATAAAACCGTTATTGGTGATGTAACTTATAATCGCTGGTGCCGTGCTTGCTGTCGCTAAATTATTTGGCAGTAAGTTCCATGAACTAATACGATTGTTTGATCCTGATAATGAGGTAACCGTTATGTTAGGTTCACACCTTTTTGGCATTTTAAAAGCAGGGCGAACCGCATAATTAGTCCCGCCTGGCGTTGAAATAAACATTCCAACTTCACGGTATTTGTTACACTTTAATGCTTCAAGAGGTACGCTG
