gap_id	start	end	length	sequence
CP082927.1_gap1	14456	16198	1742	GGGCGGATCCCTGCGGGACGCTCAGCTCGGATGAGACGGTTGTCGGCATGCTCGTGACTGGAGCGGCGGAGCTGGCTGCCTGGCCTCCGTTCAGGCTGACACTCGCCTCTTCGGCAAAATACGCACTCTCTTCTCCGTCCGCATTCACTGCAAGAACAGAGACATAGACCATTGGAGAGATCGGCGTGTTCGCGAGTGTGTAACTGTTCACACTTCCTTCGACCGTGTCGTAGTCATCGTATGATCCGTTGTTGCTCAGAATGGATGCGTGACTATAGAAGACGCGGTATGCGGAGACGGATGTATCATTGAGTGGCGTCCATGAGACGAACACTTTCCCGCCCTGAAGCGTTGCTTCAATGCCGGTCACGCTGCCAGGCGCAGCTGCAGCTGCAGCGAGCGGCAGACAGAGGCTCACACAGGCGAGCGAGAGACGAAGAAGTGTGGTCATAAAGTTTGTGTGAATGTTTCCAGTTATTATAGCAAAAATGGGCTTTTACAGCAATGCCCCTTCCGAAAGGCGGAGAGCTGTGTACCATGAACATCCATGCTCTGCGATCTCCTTATTCCGGCGTATAACCACCCGAATCTGCTCAGGGACCTTCTTTTGAGCCTGGAAAAGAACACGGACCCTGCGCATCTGGGGCGCATTCTTATAGGAGATGACGGCAGCGACAGCTTTTCGAAGCGGGAAATGGCCCGTTTGGTGGAGAATTCCGCACTTCCGATCACGCTGATCTCCCGCCCCCACACGCTGGGATTTGGGGCAAACTGCAACGATCTCTTCGCAAAAGCCACGGCGCCGTACTGCATTGTGCTGAATACCGATGTTTTACTCCCGCCCGGGTGGCTGGAACGCATGCTGGCTCCTTTTGGACGTGATCCCACCGTTGCGCTCGCAACACCGCTATCGACGAATGCAGCAAACCACACCATCGCTCTTTTCCCGGGTGAAACCTGGCTCGACGCAGACCGTTCGCTCGCGGCAGGGTCACCTGCGTACCCGGATGACTGCACCGCCATCGGGTTTTGCATGGCTGTCGATCGCGCCAAACTCCTCCAGAATAATCTCCCGCTTTTTGATCCGCTCTTTACAGATGGCTACGGTGAAGACTCCGATCTGCACTACCGCATGCTTGCCACAGGATTCCGCTCCGTCGTCGTTGATAACCTCCTTGTGCATCACATCGGTGGCGCGTCATTTGAGACAGTCGCAACAGTCGATGACATCCGGCAGAACGCGCAGAAGCTATTCAGGAAGCGCTGGGGCACAACACACGACGCACTAGTGCAGCAGTTCGAACTGCACGCGTCACCTACTCTTCGCAACAGACAACCGGCACCGTCTCAGGATCTCGATGTATTGCTGATCCTGCCCACAACAGATTTGCGCTACGGCGGCATCTGGATGGGTGCGACGCTTGTGTCGTCTCTCATGGCAGCCGGAAAAAAGGTGGCAGTCCTTGCAGTCACCAATCCTGTTCCCGGAAGCCTGCGTACGTTCGGACTTGAGGCCTGGGCCGATGACACGCTGATGGGGCAGACCGTCTCATCTATTGGCTGTGTTCTTGCATCCGATGAATCGTCGCTGGATTTGGCCCGACGTGTGGCGCAGAACTATTCCTGCCCCGAGGCAATCCTGCTGCAGGGAATGGAAGTGGCGTTCCGCAGCGGGCGCACTATCCAGACATTCCGTCACTATCAGTCCCTCCCGCATTTCCTCTGTGTTTCTGAGGCACTGG
CP082927.1_gap2	20179	24358	4179	TCATCTTTTCGACGGAATCCCACAATCAGGGATTATTCGATGCGCATAACGAATACACAGCGATTGATGGAGAGTGGCATCCGGAATGGGAAACAGATCCGCAGAGCGCGTATAACACTGATGGGATGGAGGAGTATGCAGACGGTGTACGTATTGCACATTTCTATCTCCAACACCCGACCCGCATGATCCGTCTGCCGCTCAGTAAAATGGTCGCTGCCTTTACGGTCGTTCCGTCTATCGTCCTTCTTGTTGTTTTTCTGATGCTGGAAGGACTCATGGGATCGCTTCTCACTCGTAGATCTGTTCGATTGGCCGCACTCGTCTTCGGCCTGAGTGTATGGTGGATGCTGATGGATGACAGAATGCTGTATGCAACACTGATGCCGCTTGTGAATACGCCGTATCTGTGGGGATTGCTTCCGGGGGTGACTGCCATCATCGCACTACTGCTCCGTCGCGTTTACATGCCATCATTCCCGCCCATCCCGCTGATGGTGACCGCAGTTGCGCTCAACTTTGTCCTGATGATGATTCTCGTCATGTCAGATTCAGCCATCTACATGAGTCGCCATGTGAAGGTGGCGGAATTTTTGTGGATACTGCTTGCGGCCCTTATGCTCGTGCACTGGATTGCCGCGCTCATCACACCTTCTCTGCAGACCCATGACTAAGTCCATAGACGCATCGCAGGTTTCCATCATCATTCTGTACTGGAATGGATATGACGATACGCGCGCAACGATCCAGTCATTGCTGCACTGCACACCGACTGCTGCGGAGATTGTCGTCTGCGACAACGGGTCCGACATCAATGGCGCTGCTTTGTTTAGCAAAGAATTCGGTGATACCATCCGGTGTGTTCGCTTTCCGGAAAACTACGGAGTGACAGGAGGATTCAACGCAGCAATCAGTCAGGCAGATCGTCCATTTGTTGTGATACTGGACGATGATACAGAGGTGACAGAAGGATGGCTGGAGGCATTACTGGCAGCCATGGAAGATCCGCAGGTTGCAGCCTGCCAGCCCAAATTCCGCTCGCTGCGCGATCCTGCATTTTTTGATTACAACGGCAGCTCTGGAGGATATCTCGACCGGTTTGGCTACCCGTTCACGCGCGGACGCATCATCCATACTGTGGAGAAAGACAGGGGTCAGTATGACACGCTCTGTGACATTCACTGGACCAGTGGCGCATGCATGATGTTTCGCAGAGCATTATGGGACAAGCACGGTCCGTTTGTGCATTTCCATGAAGTGGATCTGTGCTGGCGTTGGCGCAATGATGGCTATCGGATTGTATCCGTTCCATCATCTGTCGTGCGGCACAAAGGGGCACCTCTGCGTTCGTATGCTCCACAGCGCCTCTCTACGTATCACCGCAACAATCTACTCACCATCCTCTCGCTAAGTTCCCCGTTACAACTCATCACAGTTCTCCTTCCGCGCCTCTGCCTGGAGTGGGTGACGATTGTCTATTATCTCTGCACTGGACACATTGCCGCCGCGTGGGCTGTCTGCCGCGCATTTTTCTCATTCCTCATTCACGTACCGCAGACCGTCATCCATCGCCCGCGGGCAAAACGCTACGCACCACTTTTCCCCCGCAGCATCGTCTGGGCCTATTTTATCCGTCGCCGCAGAACATTCAGTGAACTTCTCTCGCGCTAAACAATTGCCGAACGAATTGGGACATTGTACGGTGACTACCTTGTTTCTTTCTGTGCCGTATGACACATGAATCGCTCAGGTCAGAGATTCTCCAGCTGGTGGAACGGTACAGTGTAGAACGATGGCCGGCGCAGACATTCCGGCCGGGCGTAGACCTTATCCGTATCGCAGAAACGATATTTGATGCACAAGAAATATCTGCTCTCACAAACATTGCACTCGATTTCGCACTGGTCACCGGTGAGCAGACAGATCGTCTGGAAGCCGCACTCGCACAGTACATCGGCGTGAAGCATGCGATGCTCACCAATTCCGGATCATCCGCCAATCTCCTCGCTATTACAGCCCTGATGTCCCCGCTCCTGCGCGATCGACGTGTACAGCCCGGAGATGAGGTCATCACTGCAGCGGCCTGCTTCCCCACCACTGTAAATCCGATTGTGCAGAACGGACTGATTCCTGTGTTTGTGGACAGTGCTTTCCCCAGCTGCAACATCGACGTCGGCGCTATCGAGCGTGCCATCACACCGCGGACAAAAGCTGTCATTTTCGCACACACCCTCGGTAATCCTGCCGATCTCGACGCACTCGTTGCGCTGACGGAAAAGCATCACCTCTGGCTGATTGAAGACAACTGTGACGCACTCGGCAGTCTGTACAAAGGCAAAAAGACCGGATCATTCGGGCATCTATCGACCGTCAGCTTTTATCCTGCGCACCACATGACAACAGGCGAAGGTGGCGCTGTGTTTACGGATGATCCGCTCCTCAAAAAAATTGTGGAGTCCGTGCGCGATTGGGGCCGCGACTGCTGGTGCAAGCCGGGCAAAGAAAATACCTGCGGCATGCGCTTTGGCTGGCAGTGGAAGCATCTGCCGGAAGGATATGATCACAAGTACACCTACAGCCACATTGGCTATAACCTCCGGATGACCGATATGCAGGCGGCCATCGGCCTTGCCCAAATGCAGAAGCTGCCATCATTTGTAGAGAAACGAAAACAGAACGCCATCTCGCTCCGCGAAAAAATCCAGGATCTCGAAGAATTCTTTATTCTTCCAACTCCGCTCGATGGCGCAGAGCCCAGCTGGTTTGGGTTCCCGCTCACCGTTCGCGACCCTGCCCGTCTCGATCGCGTTCGTGTGACCGCCGCTCTCGAAAAATCACTGATTGCCACGCGCCCGCTCTTTGCCGGAAACATCATCCATCAGCCCGCGTATCAACATGTCCAGTATCGCGTTGCAGACACGCTAGAAACCGCCGACCGCATTATGCGCGACACATTCTGGGTCGGGATTCATCCGGGTCTTACAGAGGCACATCTATCGTACATGGCCGGGCAGCTGCACCAGATCTGCCGGCAATCGCATTCGGTGATTCCCTTGGACACAGAATAGTGTCTTTCTGCTACTATTAAACCAATGACGCGCACCCTCCTCCACGGCGGCACCATCATCAGCGATGGCATTGAATCAAAAGACGATGTGCTGATCGAACACGGGAAAGTATTGGAGATCGCCCGCTACATTGAAGACGCCGACGAAACTATCGACGTAACCGGGAAAATCCTCACGCCCGGCTTCATTGATTGCCACGTCCATTTCCGCGAGCCGGGACTGGAACACAAAGCAACCATGAAAACGGAAGCCGCCTCTGCAGTCGCAGGTGGTGTCACCACGGTGTGTGAAATGCCGAATACCATTCCCCCGACCAATACCGCTGCTGCGCTTGCGGATAAAATCCGCCGTGCCGCAGAGATTAAAGACTGCGATCTGCATTTTTTCTTCGGCATCACGGAAGATGCACACCTGGCAACACTCATCGAACTGATGAGTTCCAGCGCAGAAGAATCCATCAGACTGCGCAACCGTCTTGCGGGTGTGAAAATCTACCTCGACCATTCCACCGGAGATCAGAAAATTGCCGATGCACTCCTCGACGGAGTCTTTGCTGCCTGTGCCGCACATGACCTGACGCTCGTTGCACATTGCGAAGATCCCGCCACCAATGCGCAGGCCGCTCTCCAGAACACACGTACAAACATTGCTGCGCACTCTCTGGTTCGCCCGGCGCAAAGCGAAGTCATCGCCATTGAACGCGCGATTGAACTCGCACAGGATCACGACACGCGGCTGCATATCGCTCATCTCTCGACTGAAGGCGGCATCAATGCTGTGCGTGATGCGAAACTCGAAGGCATCAACGTGACCTGCGAAGTTGCCCCGCATCATCTCTTCCTCACGACAGACGACTACGAACGTCTGGGAACGCTTGGCAAAATGAATCCGCCTCTGCGCTCCCAAAAGCACCGCTTCGCGCTCTGGCAGGGAATCATCGACGGCATTGTCGACTGTATCTCGACCGATCATGCCCCGCATACACTCGAAGAAAAGCAGGCAGGCGAACCGCTCAAAGCGCCATCCGGAGTGCCGGGTGTCGAAACCATGATCCCCCTCCTCCTTTCCGTTGCTGCGAAACACTGGCCGAATCCGGGAGAGCAGAACGCAG
CP082927.1_gap3	31670	35221	3551	ACAAGCCGTTGCTCCTGAAAAAAGCGGAGGCGGAAAAATTGCAGACACTCCTCAGCCAGAAAGGAATCAGCGTTATTCCTTTGGAAGTGAAAGCAGGAAAATACATCAAAGTGGTGATTGGAATCGGTAAAGGACGGAAGACGATTGATAAGCGGAAAGTGATTAAAGAAAGAGATATCAAAAAGAGATTGAAGAAGGGGGAGGAAATTTGAGGATATTTTCTCTGGCTCTTCCCCTTCCCTTCGCCCTATTCTCTTCTCATGTCTTTGCTCCCGCCCCAAATCACCCGCACGATTGAAGAGTTCCAGAAGCTTCCGGGCGTCGGTGCGAAGTCGGCGGAGAGACTGGTGTTTCATCTTCTCAGAAGTTCCCGCGCCAATCCGGAGTCGCTCGGAAAGGCACTGATTGAATTGAAGCAGCAGCTGCGTTTTTGCCGCGAGTGTCAGATGGTGACGACGAATGAACGGTGTGTAATCTGCGAAGATCTGGGTCGTGACAAGAGCATGATTCTGGTGGTGGAAGAGCCGCTCGAAGTGGTGGCGTTTGAAAAGACGCAGTACAAAGGCGCCTACCATGTGCTGCATGGCGTGCTCTCGCCTATCGATGGCATGGGCCCGGAACAGTTGAAAATCCGTGAGCTGATTGAGCGCGCAAGAGCAGGGGGCATCCGCGAAATTATCATCGCGACGGACCCGGATATTGAAGGTGAAGCGACTGCAACCTATTTGCGCGAACAGTTGAAAACCATTGTCCCGAGCATCACGCGCCTCGCGCATGGGCTCCCCATGGGGGCGGATATTGAATTTGCGGATCAGGTCACACTGAGAGAGGCGCTGGCGGGAAGACGGTCACTATAAAAATGGCCCCTTTCGAGGCCTGGGTTCTTTCTTCCTCACCTGTGCTGTTATTTCTGGCGGTACTTTTTCCGGGGCTTTTCTGTTGAAAATAAACCCGCAAAATATGCCGCAGAAACCAATCCAGCCACCATCACTATCCATGCCCACCACGAGTCGCCAACAGGGTTCCCAGCGTGTCCGCTGATGCCCAAAAGGGTTGAACCGGATAACATAACGGCGGAACTGACAAGGATGCCTACAATCTGCATAAAGCGCATGCCATTCTCCAAAGAAAGGATCAATCAGAACGATGTGCTCTGATGTATTAGTATAATAATACATATGAATAGTATGTCAATTACCGATGCTCCCCCCCCATCTCCCATGCCCCATTGCGGAAATGAGGCTTTTTTGCTATACTGAAGAGAAATATTTCGCAGCCTCATGCCAAAAGAAAAACCAACATCCACCACCAAGGCAAAGAAGAAAATTCTCATTGTGGAAGATGAGAGGCCTCTTGCACATGCGCTCGAATTGAAAATGATGCACGAGGGATACGACACGCACGTTGCATCGACCGGTGAAGAGGGTTTGAAAGAAGCATCAACCGGAAAGTACGATCTCATTCTGCTCGACCTGATTTTGCCCGGGCTCGACGGCTTTACGATTCTCGAAAATCTCAAACAGAAAAAATCCAAAACAATGGTGATTGTGCTGAGTAACCTGGGACAGGATGAAGACCGCAAGAAAGCGGAAGAATACGGAGCGAAACAGTATCTCGTGAAATCCAACGTCCCGCTCGCTGACATTGTAAAAGTCGTAAAGTCCATCCTCTAAAAAACCCAATCACCAATTTCCAATAACCAATAACCCGCACCCATCATGGCTCTCACAGATGCAGAACTCGGGAAACTTCTTCTGGATTTAAGCTACCTGTCTGCAGAGGATGTGAAGCGTGCGGAGACGCATGCAAAAGCGCACAGCATGACGCTGAAAGATGCGCTGACAGAGCTCGATCTCCTCAGTCAGAATATTTACGAAAGTGCGGTCGCGGAGTACTACCACTTGTCCTACTACGATCTCTCCACAAACCCGCCGTTGCCGGAACTGGTGGACCTGTTGCCGGAAGATATCGGCCGCAACTACAGCGCGATTGTCATCAAAAATGAGAAGGACAAAATTGTGGTTGCAACATCTGACCCGACAAACAAATTTCTGGAAGAAGCGGTACGTCTGAACTTCGGTCAGACAATCGCGATTTTTCCGGACAAGGAGAGTACTGATAAAAAAACAACCTCACGCAAAGCGGCTGCGCATTTTTCTTTCTCCAAACAGAAGGTCGAAGAGCGCAAAAAGTACACAGGAAAAATTGAATTCGCGTACACCGCGCGCAAAGGTCTCGAAGCGTTTTTCGTACAGTACAGAAAGCCCTTGGCGACACGCTTCCAGCAGATTATCGATGCCAACAAAAAAGTCGCTCCGGAAATTCTCGAAGAAATTTTCAACGATGCCATCGGTCTTCGCGCATCCGACATTCACTTCGAACCGCAGGACAAAATTGTCGTTGTGCGCTTCCGCGTGGACGGCGTGCTGCACGAAGCGGGTCGCATTCCGAAGGAATACTACGAAGGTGTGGTGAACCGCATGAAGATTGCGGCGAACATGCACATCGACGAACACTTCATGGCGCAGGATGGTGCCATCCGTTACGACACCGGTAACGGCAACACCATGGACATCCGCGTCTCTATTGTGCCGATTGTCGACGGTGAAAAGATTGTGCTGCGCCTTCTCTCCGAGTACGTGCGCTCCCTCACTCTCGCAGACCTCGGTTTCTCGGAAGAGCACCGTGCTGTGCTGGAGAAAGCCAGCCACAAACCGTTCGGTATGATCCTCACGACAGGACCCACAGGATCAGGAAAATCTACCACGCTCTACGCGCTCCTGAAGCTCCGCAATCACCCGGACGTGAACATTTCCACCATTGAAGATCCGGTTGAATACAAAGTGCCGGGCATCAACCACATTCAGGTGAATACCGAAACAAACCTCACATTCGCAAACGGTCTCCGCGCTCTGATGCGTCAGGACCCGAATATTATTCTCGTGGGAGAAATCCGCGATGGTGAAACCGCATCAATCGCTGTGAACGCTGCGCTCACCGGTCACCTTCTCTTTAGTACACTCCACGCAAACGACGCGGTGACATCTGTTCCCCGTCTGCTGGAAATGGGCGTCGAGCCGTTCCTTCTGGCATCCACTCTCGAAGTCGTGATTGCCCAGCGTCTCGTACGCCGCATCTGCCCGAACTGTCGCTATAGTTACTCTGTTTCGCAGAGCGACATCTCGAAACTTTTTCCGAATGCATCCAAGTTCTTCGAAAAGAAGAAGTCCACCCTGCTCTATAAAGGGAAGGGATGTGAGGCGTGCGGCGGCATCGGCTACTCCGGACGTATCGGTATTTATGAATTGCTCATCATCACACCCGAGGTAGAGGAACTGATTGTGAAGCGCTGTTCCAGTGCGGAGATTGAAAAGGTTGCCCGCAGTAAAGGTATGCGTTCACTCTTTGAAGACGGATTCGACAAAATGCTTGCGGGCGCCACCACGCTCGAAGAACTGCTTCGCGTCGCAAGTCCTCCTTCTGCTCCTGCCCCGCATGTTAAAGAAAACAAAGCAGACTAAGTCTGCCGCCCCCGCCGGCATGCATCCGGG
CP082927.1_gap4	40920	42002	1082	CACTTTTTCCGAATGATCTTCCATCCGGTGCCAATGACCAATGTGTAGCGCCATTTTGCCTGCCGGCCAATACATTCAACTGGCAGATTTATGATCCGGTGTCGGCTGACTGTCTGGAAGCGACATTGCCGATGACATGTACCTAGCGCCGCATAACCCGTCCTCTTTCAGAGTGCAGTCAAGACAGAAAAATTTTACGTGCGCCCATTGTTGTTACAATAAGGTCCACTTCCAGGACAGATTCTTGTCTGTCCGATCATTCTCTTCCCTTACTTTTATGAGTTTTTCTGCTCTTCGAGCACGAAAAGGGTTCACGCTCATTGAACTCCTGCTCGTGATCGGCATCATTGCCATCCTGGCATCCATCGTCATTGTGGCGATCAACCCGACCAAGCAGTTGGCTGACGCTCGCAACGCACAGCGCCGCGCGGATGTGAACACCATCCTCAACGCCGTGTACCAGTACGCGATCGACAACAACGGTAACCTCCCGACAACCATCACCACCACCGCTCAGATGGTTTGCGCAACAGGCGCAGCTGACTGTACGGGTAAGGTCGATCTCGATGTCCTCACAGGTTCCTACATTGTCAAACTCCCGATGGATCCGCAGGTCGATTCCGCTTCCGGTGGAACCGCTTACGTCATCGGTATCGACAGCAGCAACCGCGTGACTGTTTCCGCACCTCGTGCAGAACAGGGCGTCACGATCAGCGCACAGCGCTAATCGTCCGTCTTTTAGTATCGAAAAAGTATGAGCAAACAATGCCTCCGCAAGGGGGCATTGCTTTATAAAAAGAATCATTGATAAACTGCCGGTTGATGCATCCTTCCCTTTGTCATCGCCGCGCGGGTTTTACGCTTCTGGAACTTCTGGTGGTGATCGGCATCATTGGTGCACTCGCATCGATTGTTGTCGCCGCTCTCAGCCCCACGCGCCAACTTGCATCCAGTCGTGATGCAAAGCGGCAGAGTGATGTGAATGCGATTCTGAATGCGGTGTATCAGTACACCATTGATCATAAGGGCATACTGCCCGGAGGAATCCCTCAGGGAGATACGCCGCGGGGTATTTGTACTGT
CP082927.1_gap5	130519	135373	4854	TCAGGCAAACTTTACGGGTACCGCGGTGGCTGATACCCAGTCCGGTATGAGAGCGCCGCGCGGCGTCTCCTATGATTCTGCTACCAAAACGCTTTACGTCGCCCAATTCTCGGGGAACCGCGTTACAACCTATGACCTGGGCAATGGCATAACCGACGGAGAAAATGCGGTGAATGTGCTGGGTCAATCGCTGTTCACCACTCTTACTGCAGCAAGCACGCAGCCCGGCCTGAACGTGCCGTATGGAATTCTGATTGATAGCGCAAACAGCAGACTCTATGTGTCCCAATCAACAGGAAACCGGGTCTCCATCTTCGATGTTGCGTCCATTACCAATGGTGAAAATGCCGTGGACCTCCTTGGTCAGTATGACGATGATCTGGTGACACCCGGCCCCATCTACACAAAATCCGTTGCGCATAATGGACCCAATATCCATGGCCTCAGTCTTTCCATCGCCTCTTATGGAGCAGTGGAACTGGATTCCACAAATCATCGGTTGTTTCTAAGTGATACCGGCAATAACCGTGTTCTTATGTATAACCTAGATAGTGACGACCAGCTTCTCGACAATCTCCCGGATGGCGTGCTGGGGCAGGCGAACTTCTATACGAACACTGCAGCAACCACCCAATCCGGATTAAGTCTGCCACACGGACTCGCGTTCGATAGTGCGAATAACCGATTGTTTGTGGGAGAAAGAAACGGAAATCACCGCGTTGTTGCTTATGACGTTACGTCCATCACAAACGGCGAAAATGCCATCAATGTGCTCGGGCAGGCGAATTTCACATCGGCCACTGCAGCCACAACACAGGCGGGCATGAACCTTCCACTTGGTATTGAGTACAACAGTGCAACCAGTCAGTTGTTCGTGGCTCAGGATTTTGCCAACCGAGTCACTGTGTATGACGTTGCATCTATTACCGATGGAGAAAATGCCGTTGCAGTTCTGGGGCAGACAACTTTCACAGGAACATCAGCAGGAACAACGCAGGCTGCCATGTCAGGCCCCTACGATGTTGCACTCAGCGGAAGCACGCTTTTCGTTGCAATAACCGGATCCAATCGCGTCAATTTGTATGACATTGCGAGTATTACCAATGGAGAAAATGCGATCAATACATTGGGACAGGCGAATTTTACTGCAACCACTGCGGCATCGACGCAAGCCGGTATGAACGTTCCCCGTAATGTCGCGTACGATGGTATCAATAAAAGGCTCTATGTAGCCCAAGATACAGCACGCGTGACTGTCTATGATGTTGCAACCGTTACAGACGGTGAAAATGCGGTGAATGTCATAGGACAGCCTTCCTTCACCACTATAACACCGCTTGCAGATCAGCACGGACTCACAAGCCCGTCCGGTATCGAAATTGATGGCGCTCACAACAGATTGTATGTCGTAGATGCCACAATTAACCGTGTCCTTTCTTACAACACACAAGTCGGCATTGGTAACGGCGAAAATGCCGTGAGTGTGCTGGGGCAGTCAGACTTTACGACAACGACTGCTGCCACCACACAGGCGGGTATGAACATTCCGTACGATGTCACCCTCAGCGGCAGTACCACTCTGTTTGTTTCTCAGGGAACGGGAAATCGTGTGACTGCCTACAACATTGGTGACGGTATTACAAACGGAGAAAACGCCATCAAAGTTCTCGGACAGGCAACCTTCACCGCCACCGCACTCGGCAATACGCAGGTCGGTATGAACGCCCCCCGCGGCATTGCCTATAACCCTGTCACCAAGACACTTTTTGTGTCCCAAACAACAGGAAACCGTATTACCACCTACAATCTTGGTGACGGCATTACCGATGGAGAAAATGCTGTGAATGTTCTTGGTCAGCCCAGCTTCATAGTTATTTCTGCATTAGTCACCCAGCCGGGTCTCAGTGCTCCCAACGGTCTCTCTATCGACACCACCAATAACAAGCTGTATGTCCTGCAGTCCGGTGCCCACCGCGTCTCTGTCTTTGATATCGCCACTATTACAAACGGGGAAGCAGCGGTTGATGTCCTCGGGCAAAGTGACAATGACCTTAATCCTCCGGGGCCTATCTACACAAAAGGAACTGCCAACAATGCCGCGTACAAAATGGGGTTGAGTGCGCCGCAGGGCGTTGCTCTGGATAGAACCAATCACCGATTGTTTGTAGCAGATACCAACAATAACCGTGTCCTTCTGTACAATCTGACGGCTGGCAATGTTCTCATCGATACACAGCCGGATGCTGTCCTGGGGCAGCCTGCTTTCTGGAGCAATGCTGCAGGTGTCACACAAACCGGATTGAGTGCTCCCGTGTCACTTGCTTTCGATCCTGTGCATAACGAATTGTACGTAGCGGACTTCTCGGGTAATCGTATTATTGTCTACGACACCGCCAGTGTTGTCGACGGGGAAAATGCCGTTGATCTCATCGGGCAGTCCAGTTTTATAGTATCCACTGCCACAACGACACAGACTGGTCTCTCCGGTCCTAGGCAGATTGATTACGACACTGTCTCCGGGCAACTGTTTGTGTCCGAGTCCGGCAATCACCGTGTTGTTATCTACACCATCAATCCACCCAGTGATGCACCATCGGGCGGCGGGGATGAGTTCCATTTCTTCGGTTTCTAAGCCGCAGTTTTCTTTTTCAGCACAAAGAAAAACATTGACCGGCAGAATCCTTTTTTCAGAAGCACAATGTCAAAGTCTAAAAAAAGTTCCCGTAGTTCTTTCTCCGTAAATTCATTGTGAAACGGTTCATTGTGGAAGTGTGTCGAGCTTAAGAACCGGAAACGCCAGAAGAGAGAGCGTCTTGGGGTAGAACCAATCAGGACGCCGTCAGATGTGAGATGCTGTTGCATAGACAGAAGGGCCTGCCGTGGATGCACCAGATGCTCTATGACTTCGGTGCAGACAATCAGGCGGAATAGTGCGAGACTGGCGGGAAGATGCTCTGCATCCGCCTCTAAAACCCGAGCCTGCGGTGCGTAGATGGCCGCCCGCGCAAGGTGACGGGGATTCACATCCACTCCGACAGACCCTGTGGGCAGATGCCGCAGAATGAGCCCGGTGCCACAGCCGACATCAAGCCCTGGACTGTCGGGAGCAAAACGTTTGAGCAGGGAAATCATCCTGTGCTCCCGGTACCGGTGAAGAATCGCCTCGGGGCCGCGCATGTTGTCCGTCACATCGTTCCAGTCATAATCCTCAATTGTCTTATAAAAATCTTTCACATACGCGGTGTAGTCAGCATCGGTGCGGGGCGGGCGGCGGGGAGGCATGGTATCAATGAGTATAGGGAGCGGCTTTCCACGGAACGCCTGCCATTGTATAGAATTCCGCAATTGCCTGTCTGTTGATGCGTGGAGGGACCCGTTCCAGTTGTGAAAGCGACAAGACATGTTCGAGCGTCTGAGCTGCATACATCCACTCTTCACTGTTAGCATAGGCTTCCGCGAGTAATTCCTGCACCTGGATTCTATAGGGATCACGCATGCTCGCCTGCTTCAGAATCTCAACCGCTTCCGCAGGCCTTCTTTGTGAAAGCAGCAGTTGTGCCAGGAGAATATGGCCGGTCACGCCTGTCGATTTCTCAATCTGCCTGCGAAGCTCTGCTTCCAGTGCAGGAATGTCTGTGGTTGCAGTGGTATCCAGCACCGATCCGTACGCAAATCCGTCGACTGTCAGCAGCGTGTAGGCCTTACGCGCAATGAGATCCTTATTGTCTGGAATGTCCCGTACATAGACCGCAGCCCGATCATCAATGTACACCAGCTTCCATGCGGGATCAGCCGCCAGGTGAGAGATGTATGGGAACGGCAGTTGTAACGGGGATGCGCGGAAGTCGATAACGGCATAGGTGATGTCGTATTCGTCCGTTATTTTTTTCCAGAGTGCGGGATCCTTCCCTGCTTTGATAGTCTGTTCCATAAACGGCAGACCATAATCCACATACCGTCCGTCGACAAATACCTTTCGGTCCGGATACCCGCGATAGAGCAGATACGCGCCAATGTTGTATGAGTTAAACATGTTGCCGCTCACCTTCTCGCGTTCCAGAAAATCTGCAGCACCCTTTGCAGCAGCAGACACTCCGTACCCCAGCACATTTTCCCGGCGCAGCTCTGCGTTGAACCCTCTATGAAGCGCTATCCCGAGTCCGCCGAAACAGAGCAGAAGCATCACTGTGAGCATGCTTGCAGACAGCCTTTTTTCGAGCCATCGATCTATCTGTTCCCACCCGGAAAGTTGATCGGCAATGACTGCAAGTGCTGCAATACAAAACAGGAAACCATGTCGGAAGCCAAAAAATGTCAGTCCGCCAAACCCAAGAAGCAGAAGTGCGCTGAAAAGAACATGTCGTCGTCGAAGGAGTAACACTGCAGCGGATGCAAGCCAGAGCGGACCAAGATCCTGGATATGTGATGCTGGTGAGCGCGGCTGCCACTCGCGAATAAATTCCGTCGGCTTCTGTCCCAGAAAATCCACCAGCAGTGTGATATTTTCAAAGCCGTTTGGTGAGAGGAGCGAGACAAGAACCATTCCCGCCAGACATCCAAGGATTGGTAGCCATGCACGCCCGGAAAACCACTGATACGTCAAAAGAGCACCGACAATCGCGAGTCCGAAAATACTCACTGCTCCATGCATATTCACCCATAAAAACTGCAGCACGAGAAAGAGCCCCAGGCACCACAGCTGCATTGTTGTGATCCCCCATCGCACCTGTGGCGCGTTTTCATCATCGGAGCGCAGGTAAAAAAGGCAGCTTACAAGGAGTGCCGCCATGATCACAAACGTGAAGAGCTGTGGACGTATCATCAGGAGCGATCGATTGCTGAGGATGACCCATG
CP082927.1_gap6	301923	305870	3947	GGAACATTTTTGAGAATAGTGACGAACGCGGTGCGGTCTTCTTTGGTGAGTTGATAGAGGGGCGTGTCGGTATTGATATGCGCGAGCTTCAGGAGAATATCCCCCAGTCTCGGTTGTACAATATCGCCGATGTTATTGCGGATCAGTTTGTTTTTCCCCTGCTCAAACACGTCCAGCACTTTTCTGTCGAGCGCACCGGGATCAAGCGCCGGGAACAAATCGAGCGAGAGCAGGACCTCCCCTTCTTTAAGCAATGCCCCGATCTGCTTACTCATATTGAGGACCAGCGGTCCACTGAGGCCGGTATGTGTGAAGAGCATTTTTCCTTTTGCTGCCGCTTTCTTTTGACCATTCTGCAGAATCGTCAGCTGCACATTTTTGAGAGAGATGCCCATCACTTTTTTCACCCACGTATCTTTCAGGGTGACTGGGACCAATGCAGGATCCGGTGTAATCACCGTATGTCCAAGATTGCTCAGCCACGAAAATCCGTCACCGGTTGATCCGGTTTCAGGATGTGAGAGCCCGCCCGTTGCAAGAATGTAGTGGCGCGCAGAAATTTTTCCATCCGCAAGAACAATGCCCGTAATTTTTCCGTTCGCGCCTTCGATTCCTTTCACTTCTGCATCCGTCCGGATCTCCACATTACCTTCCTGCATATATTTGAGGAGCACCAGTCGCACATCCGCTGCTTTCTCGGAAACCGGAAATGCACGCTGTTCCGCTTCGACTTTAATTTTCAATCCGCGCTGCTCAAAAAAATCGCGCGTGGCCTGCGCGTCGAATTGTGAAAACACGGAGAACAGGGATTTTCCTTTCTTGCCGTATTTATCAACGAGTCTATGGGTATCAAATTCTGCATTCAGAATATTGCACCGCCCGCCACCGGTGATGAGGAGTTTTTTTCCGGTTCCCGGATTTTTTTCGAGCAGGATCACTTTTGCCCCGAGCTCAGCAGCTCTTCCGGCTGCGATCATGCCGGCAGGGCCGCCGCCTATAACGATAACATCGTGGGTTATGGGTGATCGGTTATGGGTTATGGGGCGTGACATATGGGTTTTAGCCTATCAGAGATTGGCGATAGGATCTTTGGGTATGGATGTCTTATACTGAGGCTATGCCCAAAGCTCCGCCAAAGCCGGTTCTCACCTGCAAATCCCAGAAAGACTGGGAAAAGTGGCTCAGTAAGAATTATACGGATGAAGTGGGTGTGAATCTGCAGCTGTTTAAAAAAGATTCCGGCAAGCAGACATTCACCTACGACGAAGCGCTCGACAGTGCGCTGTGTTACGGATGGATTGACGGTCAGAAGAATACGTATGATGCAGAGTCGTGGGTGCAGGCGTTCACGCCGCGCCGCAAACGCAGCCCGTGGTCGAAGCGCAATATTGAACATGTAAAGCGACTTATTAAAGAAGGACGCATGCAACCGTCCGGTCAATTGCAAATTGATCTTGCGAAGAAAGACGGCCGCTGGGACCGTGCGTACGATGCGGCATCGGCATCAGTGATCCCCGAAGATTTTTTGTCGGCACTGAACAAGAATAAAAAAGCGAAAGCATTTTTCGAGACGCTCAACAAAGCAAACCGGTATGCCATCACCTATCGGTTACAGACTGCAAAGAAACCGGAAACGCGTGAAAAGAGAATGGCACTGATTCTCGAGATGATGAAAGACGGAAAAAAGTTTCACTGAATGATCTCAATGATGATGCCCCATTGCTGTGCTCTTCACCGGGCGTGATCCCGGCTTTGCCCGCAGCATCTGTGAAGCAAAATACGTGGCGACCGGCACAGCAACGACGAGTGTCATACTTCCGACCAGCGTGCGTACAATTTCCTCCGCAAGAAATTCTCCGTTGAGCGTGACCCAGAGCGGATAGGTCGCCTGCGTTTTGAAGAGAAGCAACAGCGGCAGCGATGCTCCGGCGTAGGCGAGAGCGAGAGTATTGATGAGTGATGCAATATGTTCTCGTCCCACAGAGAATCCTGCTTTCCGGAGATCATGGATTGAAAGTGAGGGATTCGCTTTGCTGATTTCATCAACCGCCGCACACTGTGCGGTTGTAATATCATCAAGCACACCGAGACAGCCGATAATCATGCCGCCGAGCAGCAGTCCGCGGAGATCAACAGATTGCAGCGGGCCCGTCTGCAAAAACACCGCCTCTTCCGATCCCAGACCGAAGAGCGCAGCTGCATAGACATACAGAATCGACACAAGGACCGCAATGACGAGTGTCACAACAGTACTGAGCAGTGCAACGGATGAGCGTTTGTTGAATCCATGCGCAAGATACAGAGACGAACACGCAATTGCTGCAGCACCAATCAGGCATGTGAGAAGCGGATCATCACCGGCAACAATGCGCGGGAGAATGTAGAGCACGAGAATGAGAATGCTTGCCGCAAGTCCGACAATCGAGGTCAGTCCGGTTTTGCGTCCGAGCAGAATCGTCACACCCACAAACGCAAGAGTGAGCCAGATAAGTGCCGGGAGACGATAGGATTCTTTGATGAGATACAATTCGCTGCCGTCCGCGCTGAATGTTTTACTGAGCACAATAACGCGCCCGACATCCAGCCGCATATCTGCACGGTTATTCACAATGCCGTTCTCCGCCGGAATTTCTTTCCCTGCCTCCGGTCCGCTGAGAATTTTCAGGCGCAAATGCTGCACAGTCTGCTTCATTCCAAAATCATCGTTTGTCTCTTCACTCATGATGGCAATGACCTCCGCTTTTGAAAATTCCTCCCGCGGTTCGCTCTCCTGTGCAAAAGCGATGGATGCACTCAGGAAAAGACAGACGGCTCCGGTCAGTATCACCGATGATCGGCTGAAATATCGCATATACGTACGTTGCAGGAAAAAATCAGTAGCCCCATGCGTCTTTCCACTGTTGCATGAGCGCAATCTCTTTCTGCTGTGTATCAATAATAGCCTCTGCAAGCGTGTGAATGGCCTCATGCTTTGCATGGTCGAGTGCCAGCTCCGCCATATCGACTGCACCTTCGTGATGTTCGATCATTGCATCAATAAATGCTTTGTCGAAGTCGTCCCCGGTTTTTCCTTCCAGCGATGCGGTCATGTCATGCATGCTCATGGAATCATGCTGGTCCTCTGTCCGTGTATCGACAGTGGTGCAGGCGCCAAGCAAAGCAGTGAGTACTATGAGGGACAGTGTGGATGCTTTTTTCATGAGAAGAGTGGAAGCAAGTGTGTTGATACTACTCCATTCACTCTCTTATAAAAACACCCCGTAGAAGTAACGGGGTGTTTTTTACTTTCTCATGATTCTTTATCTGTCACACTTGCCTTTGAATTCCAGGCGGAACGATCCATTCAGATCGCCTTTCAGCTGCAGTTCCGCTTCGCCGGTTGTATCAACGTTCGCAAAGACGCCTGTGGCGCTTTTAACCGTGTACCGGAAGGACTTCGGGAGAGTGGAGAATCCGCTTTGTACCGGACCCTCGAGATGAAGCACCAGTGTTCCCTGCGTGGATTGTGTGATGGTGATATCGCCCGCTGCGCGTCCGACTGCTACAAATCCGAGTCCATTGATGACGCCATTCATTTGCACAGAACCGCCATTCACAGATCCGGTTCCGGTCAGAGAGAGCTTGCGCCCTTCGTCATTAATGGGGGAGGTGAGTGTGAACGCACCCGTCAACTTGCCTGAGAGATCCGAACAGGCAACGGTGGATGCGGAGGAAGCGCTCGATGTGGTGGAGCTCTGTCCACTGGAGACGGATGACGTGCTGGAACGGGAGGAAGACCATTTCTTCATGCACGAGAGAGCCGCTTTGCTGTAGACCTGGCGTGCATCATTTTTTGCCTGAAGCAGTTTTTTCGATGCAGTGTTATAGGAACTGGTAAATGTTTTCTCTGCGGCAGCAATCGCAATGGCGCGCTCAGAGACACTTACTTTTGCCCATGCAGACACTTC
CP082927.1_gap7	425856	427152	1296	GTGAACGATGTGGAACATTCCCGCTTTGCGCTTTGGTACTGACTACCATAGTGCAAACAAGTCAGACGTGGTTGATTTGGGATCAAAGGAAGTCCTGGGGAAATTGGGACTGGTCGTGGATGGCATCATCCAGAAGGATTGTCGCAGTGGAAAGTTGCTTGAGGCAGCCTTCAAAAAGCTGCAAGCCATTCCCATGAAGGCTCGGGTGGCCATGTGTCAGAGTGCCTGCACTCACTTCCTGAACGATGCACTCGATTGCGGCGGCGTCCTGCAAACATTCGACGAGTACATCGATGTGCTCACCCGCACGAGCGGGTTGTCGGAGTTTCTTGCGGGGCAGGTGACGGATCGCATTGGCAGCACGCTGCGCAACATGGAGGACATTGTGATGGGATTGTCGCGCGGCATGCCGCATAGCATCATTGATGCCGGCATTGGCTGGCAATGGGGTTCAACGATTCGCCTGGTGCCGCGTGTTCACGCGCTCGGCTGTTGTATGCCTGGAAACTCTCCGGGAGTGCATGTCATCTGGCTGCCCGCTCTTGCGTTTGGTATCCCGGTGCTCATTCGACCTGGGTCCGCTGAGCCCTTTACCCCATATCGGTTGATTCAGGCTTTCATCAAAGCAGGATTTCCGAAGGAGGTGTTTGGGTATTACCCGTGCGAACACAGTGGCGCAAATCTCATTCCCACGCTCACCAAAGGGGCGATCGTTTTCGGGTCGGATGAGACAGTGAAGCAGTGGAAGGAAAATCCTCTCGTGCATGTGCACGGGTCGGGATTCTCTAAACTCATTCTGGGAGAAGACCGTTTGAGCGAATGGAAAACATTGATTCCGGCACTTGCACAGAATGTGTCCGCGAATAGCGGACGCAGCTGCTATGCGGTGTCCAGGATCATGGTTCCGGGTCATGGAAAGGAAATCGCGGCGGCTCTTGCAGAAGAGCTGGCAAAGATCATTCCGCGACCATTGCATCACCCGGATGCGTTTCTGTCCGCCATGGCAATGCCGGAGCGGGCGACGGCGGTGAATCAGGTCATTGATGAGGAACTGAAAACCAAAGGTGCCATCGATATGAGTGCACCGCATCGTACCGGGAGCCGGTTAGTAGAATTTGAAGGTCGAACGTACATGCTGCCGACCGTCATCTACTGCGAGAAGAATGACCATCCGCTGGCGAATCAGGAATTCCTCTTTCCTTTCACAGCGGTCACCGAAGTGTCGAATGATCAGGCGTTTGGGGAGATGGGGCCCACACTGGCGCTCGGCGTCTATACCAATAACGAAGAGTTAAA
CP082927.1_gap8	519396	522693	3297	GTATGTACGAAGACGGCGCGCCGGGTGAGATCTTCATCAAAATGAGCAAAGAGGGTTCCACGCTCTCCGGTGTCATGGATACGCTCGCACTGAGCCTCAGTATGAACCTCCAGTACGGTGTGCCGCTCGATGTACTGTGCGAGAAGCTGGTCCACACACGCTTCGAACCGATGGGTATGACCGCCAACAAAGAAATCCCGATGGTCAAATCCGTTATGGATTATCTCGGACGCTGGCTTGCCCTCAAGTTCATGACCAAAGAGAAGGCAATGATGTTCCACAACCACGACCTGGTGGAGAAGTCCTACAAGGACGGTACGAAGAGCAAGGATGCCTTTGCAATGCGTCTCCCCGTCGTCGACGAAGGGTCGACGGCTCCAAGCCTGTTTGAGGACACAGTAGCCTTGCCGGCCGTAGCTTCCGAAGAAGCGGAGGCTGGACCCACCACTCTCGAAATCGCCAAGCAGCAGGGATTCACCGGAAGCATCTGCGGCAGCTGTGCCTCCACGAAAATGAAGCGCAATGGTAGCTGTGAAGTGTGTCTGGATTGCGGGGCAACGTCCGGTTGCAGCTGATCTCGACTACGCTCGATCTGAGGATCTATGTTAAGAAAAACGAAAGCCGCTGACATCCTGTCGGCGGCTTTTTTGGCAATCACGCGACTGCCGGCTCCTCTTTGGTTAGCGGTCTTTGGGTGTAAATGCACAGACAAGTGCTACTGCACCTACGGCTCCTACTACAATGACCGAACCGCCAAACTTCCCAACCATTCCGAACACAATGCACGCCATCTCTCTGTCCCCAAAGAGAACTTGTGAAAGGATCACGGCTGATCCATCTGCAAACATCATCGACCTACGCACGCAGAGTGTCAATAATCATTGTCATAAAGAAAACCGCAGATCCATCTGCGGTCGGTTTGCATCCCCTTAGGATGCGTCTTTGGGACTCTGTCTCACTCCATTAGGTCGTGTGAATGCCATAATAGTGCCAGTCAGAATGCCTCCGATTATCCAGATCCATAACCAGCCGGGCATTCCTCCCCAATCCGCACAGATACATTCCCATATGTATAGCATCGCTCTGTCCCCACAGAGGTACAAAGATCGAAGTTCCCGCGGAACTCCTGAAAAAAGTATTGCCAATTTTACTTTACCTGTCAATGCACCTAGCTGCGCTTCCTGATTGCATCCTCTATACTCTCCTCATGTCCGATTACGTCGATCACCTCCCGTCCCACGAACGCGCACGCATCCGTCAAAAAATGCGGAGCCCCGAAGCGTATGAGCGTCTGCGTGAAAAAGTGAAAGGTCCCGAAGACCTGGAAAATGAAATGAAGAAAAGCGAGCAGCTGGCTGAGTTGCATTTTGCATTGGAGAGTGATCGCAGCGTTGGTGAAAAAATCAAAGCGTCTATCGACAAAGATATCCGTGAACAAGGCATCGAACATATCGTCGATGCGGATGCGCTCTCACCGGAAGTAAAAACACAACTCGAACAAGGGAAATTCACACTCGTCGTCTCTGCCCATCCCTCAACTCATGAGGATACATTGATGCTTCTGCCCGAGGGAAATATCCAAGAAAAAATTCCCGTGAAGACAAGCTTCAGTGAACAGTATGCGGGACAGGTTCTCAGCCGATAAAGTGGTTGTTTGTGAGTTCAGAGAATGTGTAACCGTTTTTACATGGTCATAAACAACACCCCGAAAGCACAGACGAATAAGAAGAGCTTCATGAGGACCGAAGAGTAGATGATCACCTAATGTGTTCACAAGAGGGGAGAGTAAAACACCCCTTGCGTCTCAGATAAAAGATGAACAAATTAGTATATCAGTGATCAATTTTCTGGCGATTATTTTTCTGAGTATTTTTGGTGTTCACTCTTGCAGGATGCCGAGAAAGTGGCGGAGAGTGAATGGTTGTACACCGCATAGTTTTGTGTACATCTGATCACCACGAAAACGTCAGTTGCTCTCTTTGGGAATTTTGTTCATATCATCATCCGGTGCCATGCGGTTTGTAATCTTTTTTTGACATCGCACACACTCATGCACAATCATCCACCCACCTTTCTTTGCATCGTAGTCGATGCCGACAGGTTGCATCAACCCCTGGCACAGAGATTCGCGGTCACCGGGACCTGTGTTATCGACGTGTTTGCTCCAGAGGCAGATCGGGCAATGATTGCGGTATGTACCTTTACCGAGTGGTTCGACTGCTGCATTGCAGTGTTCACAGATGAATGGCTCTTCTCGGGCTATAAATATTGTCATAAGGAAGACGAGGATGACGAAGAAGACGAAGAGTACGAGGAATTTTATAGAATAGAAGATCGTAATTTATTAAGCAGATAACTCACACGGTGAATGTGATCATTTGCTTTTTCAAATATCACTTGATCGATATATTCCAAACCAAGAGCGATTCTGCATTGGCAATGCAACTCATCGAGAGATCCTATTCCTATTTCAAAGTAACGTGCCTTATCTTTTTGTGATCTCTTCGCATTCCCTTCGGCTATGTTCATAGGAATACTTTGAGCTGAGCGCCTCATTTGATCGATTAGGGCGAATTTTTCTTCAGCCGGAAAATTCTTAGTGATTTTATAAATCCACAAACATAAAGAAAAAGATTCCTGCCAAGCCACCAGTTTTTCATACGTTTTAAGTTCCATAAGAGAAGATCATACAAAAGTCATTCTTCTTCGTCATCCTCGTCTTCTTCGTACTCCTTGTACTCCTCATGATCTTCATACATTGAAACGGAAATGCATAATGTCGCCATCTTTCACGATGTACTCTTTTCCTTCCGCACGCATCTTGCCTGCCTCTTTCGCTTTGAGTTCCGATCCTGCAGCAATGTAGTCATTGAAGGCGATGGTTTCTGCGCGGATGTATCCTTTTTCAAAATCCGTATGAATGGCACCTGCTGCCTGCGGGCCGGTGGACCCGATCGGAATGTTCCATGCGCGGACTTCCTGCACGCCTGCCGTGAAGTAGGTCATGTAGCCGAGAGCTTTGTACGCAGCGGTAATCAGGCGGTCGAGTCCGGAAGAAGTTACGCCGAGTGATTCCAAAAATTCCTGCGCGTCTTCTGCAGAAAGATCCTGCAGATCTTCTTCGATTTTTGCGGAAATGAGCACGAGTTCATCGGAAGGGGAAAGTCCCAGCTGCCCTTTGAGTACAGTCACATCAAGTCCTGCCATCTGATCTTCAGCCACGTTTGCAGCGTAGAGCATCGGTTTGAATGTCAGCAGCTGAAAAGATTTTGCGATAGCGGTCTCATCTTTTTCCAG
CP082927.1_gap9	537778	539608	1830	CAGATCGGTTAGCGAGTCCGTAGAGTTCGCCCCATCCCCACGGATACAGATATTCAATATCGAGTGTCCGGGAGGAATAGTGCGAGAGTTCTTCTTTGGTGTGTTCACGGATGCGCAGACGCTCGGGAGAGAGTCCGATATCCAGACACCACTGCCACATTTCGTCTTTCCACTTTTCGAAGATCGGGCCTTCGGTTCCCGGTTCCACAAAGTACTCGATTTCCATCTGCTGGAATTCCCGTGTGCGGAACGTGAAATTTCCCGGCGTGATTTCGTTGCGGAAAACGGTTCCGACCTGTGCCACGCCAAACGGCAGACGCTTGCGGGAAGTCATCGCAATGTTTTTGAAGTTCACGAACATTCCCTGTGCTGTTTCCGGGCGCAGATAAATATCTGTTCCCTCTCCTTCAATCACGCCCTGCTGTGTGCGGAACATCAGGTTGAATTTTTTGGCAACAGCCCAGTCCACACTGCCGCAGCTCGGACAGCCGATTTTTTCAGCGGTGAGCATTGGCTGCACTTGGTCGAGGGTGAGAACGGCGGCTGCCTCTACGCCCATTTTTTCTTCAATCAGTTTGTCGCCGCGGAAACGCTGTTTGCATTTCTTGCAGTCGACCAATGGGTCGCCGAAGTTGCTCACATGTCCGCTCGCCTCCCACACTTTCGGGTTCATCAGGATGCCTGTCTCAAGTCCCACCATATCGCGGCGCTGACGGACGAAGCGGTTCCACCACTCACGCTGAACGCGGTTTTTAATCTCCAGTCCCAGCGGTCCGTAGTCCCATGTGTTGGCAAGGCCGCCGTAAATATCGGAGCCCGGGAAGATAAATCCTCTGCGCTTGCAGAGGGAAACGAGAGTGTCGAGGGTGGATGCGGGCATAGGTCACGATACTAGCGAAGATTCAACCGCTGCAAAAGGCTCTTCTGCCCCTTTTTGGCAGGCGCAAAGGGATGTATGGACCTGATCAGCGAGAAAAACTTCCAGGATAGTCCGCTGACCGTTCCCTTCTGATACACATGCAGATGTCGCCAGGTCACAAAGAAGACGATCATATTGGCAGTTGCAATGGCTACAGCGTGGGATTTTCCGAAGGTTTCCTGCACCAGCACTCTGTCGAAATCCGAGAAGGCAACCAATGAAACAAGGTTCAGGAGGAAGAGGAAGGAGGCGCTCAGATACAGGAAGATTCCTTTGCGCCCCGTCATCACCAGCGGAAGTCCGAGAGCCATGTAGGCAAACAAATACCGCTCGTGCATTTCCGCGTTGAAGAGGAAGAATGAATAGGCAATCAGCGCAGCAGACAAAAAGACGACACCTGTTTTTCCTTTCATCTCAATATCATTCCTGATGGATCGCATCCATCCGAACGTGACAGAGAGAATCACAATGCCCCACAGAATCAGTCCGACTGTGCGGTGCTCCATGACATTCAGGAAAAGATCCGTTGCGGATTTTCCGGTGTCTCTGGAGTAGAGCATGACCCACATGTTGTACGCGTTCGAACTGAGGCTTGAGTAATATCCGACGGAGTTCACGAAAATATCAACAAATTTGCCGGACATGTTTTTTGCAATAAACGGAATCATCACAGGAACAGTCACAATGGCGCCACCGGCAATCATCATCAGCCAGCGGTGCCAGTAGAGTCCTGCGATAATCGCAAGAACCGGCAGGATAATAATCGCCTGCATTTTGAAGAGGAGTGCCGCCGTGACAGCCATGCCCGCAAACAGCCATCGGTGACGCTGTGCAGCAAGAAGGGACAGACACATGAAGAGGGTAAACACGCTGTCGGTCTGACCCCAGATGCTGGAGTCGTGGAAGACGGC
CP082927.1_gap10	581857	583787	1930	GGGACTGAAAAAAGATCTGAAAGCGTTTACAGAAGAAAAAGGAACGGAACCAACGCTCTTGCGCCCTGCATCGGATGCGGCAGAACCCTGGCTGATTGCGGACATTATCGACGAACGACTGGAGCAGGGAATTCCGGCGCAGGAGATCGCGATTCTTGTGCAGACAAACGGCGAGCTGCGCCCGATTTATGATGTGCTGCGCGCACGCAACATTCCGGTTATTCTCCAGGGAAAGTCCGATCTGCTCTCTCATCCTGTCGTCAGGCAGTGCATCCTGATTCTGCGCAGTATGATGGATCATTCAGATGATGCATTTCAGCATGCGATGAGCTGTGAAACATTCGGATGTCATCCGACCGATATTGCACGTCTGGTTCTGCATGCCCGCGGAGAAAAACGGTCGTTTCATGAAGTCTGTCTGGCTGCGGAGCTTTTACCTCTTCCGTTTGTGAACCGTGATGCGATTATTGCTGCGCGTGATTGTATGGAGGATCTTATTGCGCACAGAGAATCCCGCACACTGCTTGATTCGCTCGAACATGTGATGCGGCAATCAGGGATAACAGAAGCAGCGACAACAATGGACCCGCTCGATCTTGCCGTCATCGAGACATTTTTCCAGTACGTGAAACAGCGTTGTCTGGATAATCCATTGCTCGACATCAAAGATTTCCTGAACGATCTGCGCTACTACGCCGATGAAGAGTTCGGTCAAATCCGTCTGACCTATCAGATTCCGCATCTTGTGACGTCCGGAGTACAACTCCTCACTGCGCATCAGAGCAAGGGGCTTGAATTCCATACGGTGATTTTGAGCGCATTCCGCGAAGGACACTGGGATGAGCGCCGCAGTCCCGCAAAATTGGCTCTCCCGGAAGAGTTGCTCTTCGGATGGGAGAAAGATGCAAAGACATTCGAAAAACATCAGGACGAGCGTCGTGTGGCCTATGTTGCCATCACACGTGCAAAGCGTGAGCTCTTCATGCTCTGCCCGAAAGAATTCGCCGTCGGTGAGCGCAGCAGGTCTGTGGCGCCGTCTGCCTTTTTTGCAGAAGCCGGCCCCTTGCCGGAGCGCGATGCAGCCCTGAAGAATGCGGAAAAATCATCACTCCTGCTTTTGCAACCGCTGCGTGATCTCGACAGTGAATTGCAGGCATACATCAAAGAAAAACTGGAAACGTTTGCATTGTCCCCCAGCTCCCTCACAACATTCCTGGAAGATCCGCAGCTTTTCCTGCGCGTCCATCTGCTCAATCAGCCGCAGGAATTCACAGAGGCATCGCTGCGTGCCATGGGATACGGAAGTGCCGTACACTGGGCATTGCGTAAATGGGCGGAGGCGGTTTCCGCGTCGACAGACCATTTCGGGTTTGATGATTTCATGCGTGAGTTTGAGTGGCACCTGGCGGAGAAAAATATTCTTACGGAGAAGCAGCGCGATGATCTCTCGAAACTCGCGAATGCTGTGTTGCCCGCATACTTTGCAGAACATCTCAACGATCAGCGTCCTATTATCTATGCAGTTGAGCGCGATTATCGTGCGCAACTTCGCGATATCCCCCTAAAAGGAAAAATCGACCGCATTGATCGTCTGTCACCAACATCGTCGGATGCCATCATCATCGATTTCAAAACAGGCCGCCCGAAAGCTCCCGGCGAAATCCGCGGCGGGCTGGAGGAAGGAATTGTCTCGCGCACGGCAGAGGGTGCGTATTTCCGTCAGTTGGCATTTTATGCGCTGCTCATTGAGCAGGCAGAGCCGCTCCTGGTTCCGCAGGCATTCCGGCTGGCCTTTATCGGGGAACGGGGCGAAGAGCCGATCATGCGCGATTTCAGGATTACGGATGCGGAGAAAGAGGATCTGAAAAAAGTGATTGCTGAGGTCTGGGCAAAAATACAGAACCTTGATTTTACGCCTTTAGCATAAGCT
CP082927.1_gap11	695743	699317	3574	TGAAATCACCTTCAATGTGGAACAGGCGGACAAAGGAAATTTCGCACACTACATGCTGAAGGAAATTATGGAACAGAAAGAGAGCGTGGCAAAAGCCGTGAACCAGAGTGATGAAGAAATCATGACCGTGGCCAACGCCATCAACGAAGCACAGGGAACCTTCCTTGCAGCCTGCGGTACCGCTGGAAAAGCGTGTATGGCTGCGGAATATTTCTTCTCAGTCGTTGCACAGAAACACGTGAATTTCGCTCCAGCAAGCGAGTTTAAGGTGTATCACCATTTCCTGAAGAAGGAATCGCTGCTAATTGTCGTCAGCCAGAGCGGTGAGACTGCAGATGTGCTCGAGGCTATGCAGGTCGCAAAGAGCAAAGGTGCGAAAGTGCTCTCGATTGTGAACGTGGAAGGATCGAGTATCGATCGCGCGTCTGATTACACACTGCGCATTAACGCCGGACCCGAGCGTGCCGTTGCCTCCACCAAAGCTCTCACGGGACAACTCGCTGTGCTTCTTCTTGTTGCATACGCGCTCGCCGGAAAACTACAGGAAGGAAAGAAGCTCCTCCTCGAAAGCGCATCAATGATCAACGACATGTTGAACCCGCGCTACGTCGAACGCCTCAAGCAGCTCGCGGACCGTATCAAGGCAAAAGAAGACCTTTATATTATCGGCAAGAGCTGGAACTACCCGATGGCCCTCGAGAGCGCGATCAAGATTCAGGAAGTGAGCTACATTCACGCGGAAGGATTTGCCGGCGGCGAACTGAAACACGGACCCATCGCCCTCATTGAAGAAGGAACGCCGTGCATTGTTCTCGCAGGAAACGACGAAGTGACGCCGGATATTCTGAGTAATGCCGTACAGCTGAAAGCGCGCGGTGCGCTTGTAATTGGCGTTGCTCCGGAGAACAACGAAATCTTTGATGAGTGGATCAAAGTGCCCGATGCTGCAACAGCACAGGCTCTCGTGAACATTATTCCGATTCAGGTGCTTGCGTACGAACTCGCGATTCAGCGCGGGAAGGATCCGGATATGCCACGGAATTTGGCGAAGAGCGTGACGGTGAAGTAGGCCTTCATGAAACGGAATAAGAAAAGGATAGTTTACTCTTGCGTGTCTGTGGGAAAGTTTTAGAATCCGCAGCCATGTATGTCTCCTAAACGTTCGCAGTCGGCTCCTCTCAATCCTGTCGCTGTGTATTTACAGGAGATAGATGCATCGCCATTACTTTCACCGGCAGAGGAGCAAATATTGGCGGAACAAAAGGAGGCAGGGGATGCTGAAGCAAGCGAACACCTCATTCAATCGAACTTACGTCTTGTTGTAAGCATTGCACGCACAAAAGTACGAATGGGGCTGTCTCTGCAGGATGCCATTCAGTCTGGAAATCTGGGATTGATAAAAGGAACGAAAAAATTCAAAGCCCGCAACATCCGGTTCTCTACATTCGGCTCATACTGCATCGAACGCGAGATAAACAGAACAGCTGACGATCAGAGAGGAACCATACACATTCCGCATCATGTACAGGATTTTCAAAGGAAAGTAGCGAAAAGAAAAGAGGCATTGCACTCCACCCTCGGACGGGAACCGACTGATGAAGAAATGCGGGAGGCAATGGAATTGGAGAAAAGAAAATGGGAATCAAAGAAAAAATTAAGCGCACATGCAGTGATGGCAAAAAAGGCCAATGCAAAAGGAGAAAATGTAGACGTGTTGCAGCTGGATCAAAGAATTTCTCATAATGAAAAAGATCCTGCTCTCGTACTGCAGCAACAGGAAACAATGCAGGTCATGTTGAATCTGATCAAATCACTGGAACCCGATCAGCAGGAAATTATCCGCATGCGGTATCTCACTCTCGAGGGAGGAAAAACCACTCACAAGGAAATTGGTGAAGTATTGGATATGAGTGTCACGCAGGTCAGGAAACGTGAACGGAAGACATTGGCACAATTGCGTGCACTTTTAGGTGCGCAGCTCGGACTGACAGAACACGATGTATTTGATAACGACGGATATTGATACCTCACTATGGAAAATACGAAAGAAGTACACTATTGGGAAGTATCACTCTGTACAGAGCTGCACAGATATGAAGAATACAGAAATCCGGCACAGGTCATAGAATCCGCAAACCGTATGGCGACGAGTGTGACAAAAAATATTTACGATATTCAGGATGCAACTATCATCTCGACATTACGCATTCTGACAAAAGCGATGCAGGTGGTACGACGGGACAGTCATGCAGCTACTTTTCGTATCAGTGAAATTATTGCCATGCTGCAAAAGAAACAGGGTTACAGATTGGACGAAGACGGAAAACCAAGTGCGGATTTATAAGTGATCCGCATAACCCATTACCACTAACCCATAACCGGTCTGGCACGCTGGAGGATTACTCCGTCGGCTGAATCCCATAATAATCAAACAAGAACGCCGCAATATCATGGAACAACGGACCGGCGGTGGATTCTCCGTAGGCAATCTGCTGGTTTTTCGGACGATCGAGTTTGACCAGGACGACGAATTTCGGATTCGGAACCGGACCGTAGCCAAGGTATGTACCGACTGTGGAACCTGTGCCGGATTCGTAGCGTCCGCCGGGACCGGCGATCTGACTCGTTCCTGTTTTGCCGGCGACTGCGTAGCCTTTCACCTTTCCACGTTTTGCGAAACCGGTGTTGGCGGAGTTCACCAGCATGGCACTGATGGTCTCGGATGTTTTTTCCGTGATGACCTGATCCACAATGCGCGGGGCGAATTTTTCGACGGTACCGTCTGCGTGAATAATGCTATCCACAATAGTCGGGTGCATAAGCTTGCCACCGTTTGCGAGTGCGGCATTTGCAGTCACAACCTGGAGAGGTGTGGCAGAAATTCCCTGACCGAACGATGCGGTTGCAAGATCGGACAAGCTCCAGCGGCGCCACGGCTTGATGTCTCCGGTCACTTCATCTTCCAATTCAATAGCCGTCACTTTTCCGAATCCGAATTTCTCAATCATGTGCTCAAAGAGTTTACTGCCGAGTCTGCCGGAAATGTTCGTCATGCAGGTGTTGATGGAGAACGCGAGGCAGTACGTCATGTCGACGCGTCCGTAGAATCTTTTCAGCGCGTTATTGATGGTATACTCGTCCACTTTCACGGGGCCGTCATCGTTATAAATGGTTTCCGGCGTAATTTCCCCCTGATCAATCGCAATCGCCATGGTGATAGGCTTCATGACCGATCCTGGCTCATAGATTTCCTGCACCGTGCGGTTCAGGTACGCACCGACACCGATGTTGTTTTTGTACTTGAGCCAGATGCCCGCCACTCCCGTCGGGAAGACTTCCACGCGGTCATTTTCTCCAAGGTACAGATAATGACGTGCGATATCCCTCAGATCAAAATCACGCTGCAGGGCAGAGAGTTCTTTCTGGATTTTTTCCGGGAGAGTCGCACGACCCTCGTCGGTAAAGACCTGCGCTGCATAATCTTTCACAACACGGGCATTCGTCTCAGGATTATAAATTTCCACCACAATGGTGCGCTCTTTTTCAGGAGCGAGAGTGATGGGCACTTTGTCGT
CP082927.1_gap12	736195	738838	2643	GCCACCGGCAACATTGATGAAATCCTGGCTGAGGATGACCGCTACAAGAGTATGGGATGCGTGCTGGTGTCTGATGAGGTCTTGGAGATTCTGGCTATGACGTATGCATTAAATGACAACACGCTGGAAGTCGCGACCGTGAAAGGACTGCCCGTCATGGCCAACAAAAGCACACTGGCAAAGAGTTTGTAATTGCATATACTGCCACTACTCACGGAGAGGTGGCCGAGTGGCTGAAGGCACCACACTGCTAACGTGGCAGGCTCGCAAGAGTCTCGAGGGTTCGAATCCCTCCCTCTCCGCCAGCCTTCGCAAAGCGAAGCTGTCCGTCGTAGCAAGAACGAAGGTGGACGCGAGTTTATTGAACGAAGGGCTATGGCTGGCAAGTCACTATAAAAACATCACTCTACTCCGCGCGCATCTCTCCGGTACACACACCACTCGCAGTCTTCGACGTGCGGAGGCGGCAGATCGGCCTGCAGGCACTCATGGGCACCGAGAAGCGCATCATTGATCCACCCATCATTCCCTTCATAGGGAAGCATTTGCAGAGTGAATTCAAGCATACGGTCGAACATGTCTTTGTCCTTGATGGCATTCGCGTAGACGATGTACCCGGTTGAGGAGACGGCAAATCCGCTCGCACGCAGCAGCCACTGATAACATTCCATCTGACGCTTGTACGAATCACGGCCATCGAGCGAAAGAGTGGCAATGGTACTTGTCGCTTTGTAGTCGACAACGATGAGCTCCCCTTTTTCATTCACCCAGATGTCATCGGGAATGCCAAACAGCAGAAAATTTGTCGGTGAGTGCAGGACACGGATGCCTTCCGGTGAATCGCGCCACGTAAGAAAGTCTTTGTGTCGGAACGGAATCGCTTCCACACCGCAGGCGATCATCATCGGATGTGCCTCCCCTTTTGCGCGGTACAGATCGAATTCTTTTTTGAGGAGCGCATCCACTGCAAGATTGAGTGAATACGGCAGACTGTCGATACGCCCGATACCGAGACGGCGATCTAAATAAAAGCAGCGTGGACAATCCAGAAAAAGTTCCAGCTTGGATCTGCTGAGCGGATAGGGCTCAGAAGAGTCTGGACTGTAGAGATTGCGGGTGCGCATACGATGGAGCATACCAAAATCCCCGGCGGTATGCCGGGGACAGTGGATAGTACAAACGGTTACTATCAGTGGGAAATGGCGATGGGAGAGAGTTCCATGCGCACATATGCCAGCGCAGGGCGAGCCTGAATAGCTGTAATCAGCTCATTTTTCAGGGACAACTTCTCGTCATCGGACAGTCTCTCTGATCGTGCATCCCGGAAGAAGCGCGAGAGCGACAGGTCCATAAAAAGGGTGGGAGAGGAAATAAAACAAAAATAGAAAGAACAGGTCAGTACGCCGTAGCAAGGCAGGAACGAAGCTGCTTCAGGCCGCGGTAGATACGGACGGACACGGTGTTAGCGGATTCGCCCGTTACTTCCGCGATTTCGGACGGAGACAATTCATTCACATAGCGCATGACAATCATCTCGCGGTAATTGTCATCCAGATGTGTGAGAGACCGCATGACGCGGGAATGTTCGATTTTGGACTGCATGATGGGGGTTTCATCAAGACCCGGATCAAATCCGTCTTCCTGGAGCTTATCCAGTGACATTTCTTTCTTCTTCCGCGCTTCATCTGCAAGCAGATTGTTCGCAATACGATAGAGGAACGCACGCATGTTCTGGACTTCTCCGCCTTTCGACAGATAACCCCACATACGCATGAATGTTTCCTGCATGAGATCCTTCCCGCGCTCGCGGTCGAACGCACGGAAGTAACAGTGACGGAAGATGGCATCGGCATAGGCATCGTATGCAGCCAGGAATTCTCGCTCGACTGCAGAGGAGGCATCTGCAACCGGGAATGTAACAGCGGGTGGTGCCATAGAAATAGGGGGAAATGAATCTCAAATTCTGAGGCATGACGCCCGATTTGTCACCGTCATTTTGCCATTTCCAGGGCATATTGCATTGACGATAGACCCTCTTTTTTCCGCAGTAGTATGCCAAAAAATCAATGTAATCCTCCATTATACTACGAAGTGAACAGTGCGCCAAGAAAATGATCGTGATAATCTAACGATATGAAAAACACCTCAGTCATCGGTATTGATCTTGGCGGAACGAAAACCATCATCGCACGGTACGACGCAATAACCTATGAGAGACAAACCGAAGAACGTATTGCAACAAATGCATCCGCAGGTCTGGACATTGTTCTGCGTGACTGCATGCAGATCGCAGCAAAAATGCGCACACCCACGACAACGGGGGTCGGGGTCGGTATTGCGGGGCTCATCCGCCAACCGGAAGGTGTGGTCATCCATACACCGAATATCAGCGCCGGAAAAAATATCCGTGCAAAAGAACTCCTGGAAAAAGAACTGAAGCTGCCCGTCCGCGTCGCGAATGACGCAGGATGTTTTGCACTGGCAGAGGCAATGCTCGGTGCAGGAAAAGGAAAGAAGATTGTGGTCGGGATTACAATGGGAACAGGTGTAGGCGGCGGTATTGTGATTGATGGGAAAATATTCGGCGGCAGCCACGGATTCGCCGGTGAAATCGGACACATGCTCCTGATGCCGGGAAAGCCC
CP082927.1_gap13	740469	745097	4628	CTCCACTCGGTAAAGACCGTCGCCATTTCCGCATTGGTGAGCCCCCCAAGGCGTTTCAACAGATCGTAGCTTTCGGCAATCATCTGCATCATGCCGTATTCAATGCCATTATGAACCATCTTCACAAAATGACCCGCACCGCCTTCGCCAATGTACGCTACGCACTTTCCCCCGGCGCCATCATCGGCAGCCATCAATGTAAGAAGAGGTTTGATATATTCAAACGCATCCTTGGACGCACCGGGCATCATACTCGGGCCGTTCAGTGCCCCCTCTTCGCCGCCGCTGACACCCATTCCCATGAAGTGAATCTGTTTTGCAGCAAGCTCCGTAAACCGTCTCTGTGTGTCGCTGTAGTGGCTATTTCCTCCATCAATCAGAATATCGCCCGGCGACAGATGCGGCAGAAGTTCGGCGATGACATCATCAATGGGCTGGCCGGCTTTGACCATAATCAAAATCGCGCGGGATGGTGCGAGTGATGCGCAAAGCTCCGCAACAGTCTTGCAGGCAACAAATTGGCCTTCCGTTCCGTGGTTCTTGATAAACTCCTCCATTTTTTCTGTCGTGCGGTTGAAGACTGATACCATCGCACCGTTTCTCGCTGCATTACGGGCGAGATTGCTTCCCATGGTACTAAGGCCGATGACGCCGAGAGCGGGCAGAGACATATGTTCTTGTGTAGCATAGCACCTCTCCCATAGAATCACTCCCTTTTTTCTTCTATGACAGAATCACACGCAGAAGCGGCAGAAGCAATGGATCGTTTCAACGGCTACTTTCCTTTCAGCGAAGTCAAAAACATGCCCGACGAACTCTCTCTTGCCCTGGAAAATGTGTCCCAGGAGAGCAGGACAGAATGGGAGAAAATCTATTTTTCCATGCGTGAAACATTTCTGACACAGATCAATCGCCTTAAAAATCCGGAGACTGTGCTTCATCCTTTCAATAACGCATCACTGGAACAACCATTTGATGATACTGACCTGCGTCAGGTGGAATGGGGTGCCTTGGTCAGACAGATTGAAAACAAGTATGCAGGATTGCTAATGATGCTCAAAGAAATTGCGCACTCTACTTCTTCTTTGCAGTCACTTTCGCCCAGTCATCCTGAAACTTCTTCAGCCCCGCATCCGTCAGCGGGTGAAGTGGCAGCTTAGCAAAGACATCGAACGGAAGCGTGCAGATGTGAGCGCCCGTTTTCGCTGCGTCGACAATGTGACGCGGATGACGCGTGGACGCGACGAGCACTTCGCAATCAAAATCGTAGTTGTCCCAGATATCCATAATTTCATCAATGAGTGCCATGCCGTCTTCGGAAATATCATCCAGGCGTCCGATGAACGGACTGATGATGTTGGCACCGGCCTTTGCAGCAAGCAGCGCCTGCGATGCACTGAAGATGAGTGTGGTGTTCGTACGGATTCCTTTGGAGCGGAAATACCTGAGAGCCTTTAAACCTTCGGTCGTCATCGGGACTTTTACGTACACGTTCTTGTGCCACTTTGCGTATTCCGTTCCCTGCTTCTTCATTCCTTCAAAATCGGTTGCGGTCACCTGCGCACTCACGCACGGCGCATATTTGCACATTTCAATCACGGTTTTTTTGAAATCTTTCCCCTCTTTCGCAACGAGCGACGGGTTGGTGGTCACGCCATCAAGGACGCCCCAGCTCGCAACGAGTGCTACCTGTTCAACATTTGCCGTGTCCAAAAATAATTTCATGAGTGTGATGGGAAAGAAGCAATGCGATGATACAACGAATGCAGACGCTATGCACGATGCTTCTGAAAGAGAGGCACCACATTTTTGTCTTAGGAGGAGTATAAGAATCATATCCTTCCTCACACTATGATGCGTCCCTTTCCACTTATTCTTGCCGGCATCGCGATTGTCAGCGTCGGCACCTACGCCACCATCGCCTACTATCAGCAGCCGGATGTTGTGTTCCCGCTCGGAAATGAATCGTCATCTCTATCCACTATCGGGCGATCATCAACAAACACCTCTGCCTCCTCTGCAACATCGGTCACCTCGTCCGCCGCTGCAGCAACATCATCCACTGCAACAGAAAACTCCAACGACGATCTCCCCTCTTCCGTCCGCATCGACGTTCCGTTTGCCTCACAAGCCCCTTTGCAAAACTGGGACGCACTGCATCAGGAAGCATGCGAGGAAGCATCACTCATTCTTGTGAAATATTTCCTTGAAGGAAAAACAATCACGCCACAAACCATGGAAGATGAAATCCAGAAACTGGTCGCATGGGAAACAGCAAACGGCTACAAAATCGACGTCGACACCGAAGAGCTCCTGACCATCGCGAAAGAATTGTACGGACTGAACGGACGCATTGTGACAGATGTCAGCGTCGAGAGTCTGAAGCGCGAACTTGCTGCAGGAAATCCGGTCATTATCCCTGCCGCCGGTCAGACACTCGGAAACCCGTACTTCTCCGGTGACGGTCCTCCGTACCACATGCTTGTCGTTGTCGGCTACGACAGCAAAAACTTCATCACCAATGACGTCGGCACCCGCCGCGGCGAAGGCTACAAGTACGATTACGATACGCTCATCAACGCTATTCATGACTGGAACGGATCAACGGATACGATCCTGAGCGGACCGAAGAAGATGCTGGTAATTACAAAGTAAAAAAGCCCCGGCTCCCGACAGACATCGAGAGCAAGGGCGGCGGCACTGTCACAAAGAATCTTTCTCACTCCTTCTGGATAACCAGACGTTGTGAGCCGTGACAAGCGACTACGCCAATCTGGTCGCCACTGGCAACATTATTCAATGTCACCGGCTCATCCCCTTCCATGGTAATCGTCAGGCAGATCGGATCAGCGGACTCATGGCGGACCAAAAGAATATTGTCCGCATGCACCAGGAATTCGATCGGCGTTGTGCAGGAAACCGTTCCGATTTTGGTTTCCGTGTATGGCGCGAATTCCACGGAATGTGCTGTACAACGGGCGTATAGTCGCAACTCAATTGCCAGCCAGTAGTTTTGGTGCTGGTGAGCAATCAAGGCGCCATCGCTTCCGACCTTTAGAGAAACGCTTCCCATCATTATTCTCCGTGTAACAGTGCTTTTAATTGTAAACCAAGCGATTCTTGGCTTGAATATTATAAAATTTTTTACTAAAAAGTCAATATAACCTGCCACCCAGCAGAACGGCAGTATCTGGCTGAATCAGGACCACTTCCCCATTCTCATCAGGAACTCCGAGTGTCAGAACTTCCGAAATGAACGGCCCGATCTGTCGCGGCGGAAAATTCACCACGCAGAGAATCTGACGACCGATAAGATCATCAATACTATAACGAGCCGTAATTTGAGCCGATGATCGCTTGATGCCAATCTCAGCTCCGCAATCAATCGTCAGTTTGTAGGCAGGTTTGCGCGCTTCCGGAAACGGTTCTGCGGCAATAATTTTTCCAACACGGATGTCGAGAGCCTGGAAGTCATCAATGGTTGCCATCCTTATTCAACAGAAACAGGAAGCGGATTTTTCCGGACGCGTTCCGGCCATGTTTCAAATGGAGGCAATGGCTCGCCGATCAAATCATTTCTGTCGAAATATGCCTTCATCTCCCCTGTCACAATAAAAATTGTCTGCGCTACCTCACTCAACAAATCAAAAACAATTGCTCGCGGATCTCTATCGATGAGAGGTTCATTTCTATTGGCCTGATCCTCCATGATTCCATCCATACCAGTTTTCGAAGACTTGGGGGCAAGCGCACTGATGCCACTTGCAACCGTGCCACTCATTGTTCGCAAAGAGCTTTTAAGACCAAAGCTTCCATACCCCTGGGGGGCGACCATCATGGTATTTAACAGAGCTGGCTGCAATTCTTCTGCAAGCGCAGTGACTGCTTCTGCAAACGCCGGCATCTGCGGATCTGCATCAATAACGCCGTTCATGCGCTCCCGCAGCACTGTCCATTCTCCGGGTAAAAATATCTGGCCGTTTGCTGACACTTTTTTCGCAGCCTCTCGAACAGAACTGATAATAGCCAATGCCATAGTCGAAAAAGCACTGGGTCTCTTATTGGCTTCTTCGCGCCATGCATCCAATGCTTCCCATCGACACTCTCCAATCGTCAGACCTAATTGCTGGCTCAGGTAGAGCGATTCCTGCAACGGGGGCGACGCATCTGCCGGTTCCGGGGTTATCGACTCATCAACGGCATCAAACCACTGACGGGTAAGGTTCAGATTCATAGGAAGAAAGGAAGGATAAACCGAACATACACCGGTTTTCTGTTATGTCTACAGTCTTTCAAAAAGGCTCAAGACACTCTTCGACGAGCTCCAGCCGTCGCCCAAGGGGCTATGGCCGGCAGGCAGAGTGACACTGTATACTCCCCGTAATCTCAACCTCATCCCTCAATCTCAATGCTCACATCCCGCCCCGACCGCAAAGATCTCATTGGAAAAGATCCGTCCATTGTCCCCATGTCCGCCCAGCGCGTGCTTGCGGCAAATCCGGAGCTGGAAACTATCTGGATTGGACCGAACGATGGAGTGACGTTGAGCGATGACGAACGGAGGCAGTACGAACTCGCACACAAGATCATGTGTCACCTGTGCATTCAGGCACCGTTTGATCATCAGT
CP082927.1_gap14	748190	752443	4253	GCCTACTGTGTGGCAGTCCACAAGAACTGGTACTTCACCTCTTTTGGTGCAACATCCACCACCCTCTGGCACGTGGAAGTCGGACCACAGGAAATCAATAACATCGGCGAAGGCCCGCTCAGCGTCAACCTTGTCAGCGGTTCCACCAGCATGGACGGCCAGGTGAAAGCAGAAGCAGGAGGCGTTGTCGGGTATAAGGAATGGACAAATAACCGTCACTTCGAAATCCGTGGACCGTCCAATCTGCAGACTGCCATCAGCTACATGCTCACGACTCTTGTCGCCAACGATCAGTAATCCTCCCCATGCCCCTTTTTTCGTACATTGCCCGGGACGAACGTGGCCGCATCGATCGCGGTACCATGGACGCAGCGTCTATGGACAGCGTGCGTGAGTCCCTGAAGGCCAAGGGATTGAGCGTCGAGGAGATACTGGAAACACGCATCCCGGTCGCACAGGCGCGTCCTGTCGGTTTTACGCCATCCATGCCCTGGACCACCATTGAAGATAAGAAAGAGGAAAAGAAAACCGAAAAAGCGATGGAAACAGAAGAGCGGGCGTATATTCCCCTGATTGAAACTCTCCGCCTTTTTGCCGGCTGGCTGCTTGCCTGGTACGGCGCCGTGTATCTGCTCGGAAACCTGACCCTGCAGGAAAAGCTGCCGGTCTATATTCCGTATCTGAATGCGCTCTTCACATCATCTCTCGTCCTGCGGTTCACCTTCGGCACCTTCCTGTTCCTGCTTCTGACGTCTCTCTATAGCGCGATGGGGCGCGGCGTCGGGAAAGGCATTGTGCTGACAATTATGGGAGTGGCGATGTTTGTGCTGTTTCATTTGAATGTTTGATGAGGTTTTAGCTTCTAGCTTTCAGCTTTTAGGTTAAGTGGAAATTTAAATAAAAAAGCGGCCCGAAGGCCGCTCACTGTTTCTTCATCTTAATCTCATCCCCCAATCTCAAAGTCCAAGCTGCTTTCTGATGTCATCCGCAGCCGCCTGTTCCTGCTGCTTGGCTCCTTCCTGCACGGATACAGACTGCAGATCCTGCCAGTCCTGACTATGCTTCTGTTCGAGCTTCATGAGCTGTGTGAGGTGCTTTGGGGATAGTTCGCTGAACTTGCGGCGCTCTTCTTCCAGAATTTTCTGCAGTTCGTCGACCTGGAACTGGCTGAGGTTCGGGATCGCCTTGATAATGCGCCACTTTTCGTCGCGTGTGAGGGAAATGCTACCGCGCAGCAAGCTGAGGAAGCGCTGTTCGTCGAACTGGGTGTTCTCATGTGGGGGAACAAGTATATTCTCATTGGACAGCTGGTCGGCAATGGAACCGAAACGGTAGTTACCGACTTCGCCAAGAACACGGATATCTTCATCGTCGTATCCCATTTCTTTCGTTGCCTCTGTTCCAACTGGAGGCGGAGGCGGGCCCTGATCCTGCGGCGGGTTGCCACCTGTGCCATCATCATCGCCTGTCTGTCCGCCTGCGGGCGCAGGAGGAGCGGGAGGCGTTGCAAACACCATGGATGGATCGATACCACCTGCAGGGACATCGTCACCGGGGCGTGGTGGGGTCGGAAGTGTCTGATCGTCTGCCATACAAAAAATGGGGAGAAAACAGAGATAGTCTACCGTTTCATGGCTGTTTGACAATAAAAAATCATTACGCAGCCCTGTCTCCACTCATCCCCATCGCCTTTTCCGCCGCATGCCTGGCACGCAGAATGAATTCGGGCTGGAACAGGTTTGGGAAGCGGAAATCCGGGAGTCCGCTCTGACGCACACCGAAGAGTTCTCCCGGGCCACGCAGCTTGAGGTCAATCTCTGCGAGGTGGAATCCGGAGTCGTACTGTTCCATCGCCTTCAGTCGCGGAGAACGGGACTGTTCGGCAGTTGTCGTAAACAGGAAACAGTAACTCTGAAAATCACTGCGCCCGACGCGTCCGCGGAACTGATGCAGCTGTGCAAGACCAAACCGTTCTGCGCCTTCGATGACGATGATCGTGCTATTGGGCACATCGATGCCGACTTCAATCACCGATGTCGACACGAGAATGTCTGATTCTTTATTTTTGAATCGGCGTAAAATATCTGTCTTATCCGCAGGCAACATTTTTCCGTGCAGCATCATAATGTTTCTGTGCGGAAATCCGTCGCGCAGACGCTTCACTTCCTGCTCCACGCTTTTCACATCTTTGATTTCCTCCGCTTCCGATCCGGTAATGAGCGGACACACCACAAACACCTGTCGTCCTTCTGCAATCTGATGATCGATAAACAGTTCCACAGTTTTACGGTCATCCGGCGACACCACTTTTGTCTGGATGATTTTTCTGTTCCCGGGTTTTTCAAGAAGCACCGAGAGATCGTGATCACCGTACGCCGTGAGCGCGAGCGTGCGCGGAATCGGTGTGGCAGTCATTGCGAGGAAATGCGGATTACCTTTGTCCTTCAGTCTCGCGCGCTGATTCACACCGAAGCGATGCTGCTCATCGACAATCACCAGCTTCACATCTTTGAACTGCACCGAGTCTTCAATGAGTGCATGTGTGCCGATGACAATATCAACCGTTCCGTTCGCTGTTCCCATTTTTATATTTTTCGAATCAGGTGCAGGTGTAGAGCCTGTGAGTAACTCCACGCGTGGTAATGGAAATGTCATGCCACTCTCCGAATGTTCCAAAACGTAGTTATAAAAATTCAAAAGAAGACGTGAGATGTTTTCCGCATGCTGCCGCGCCAAAACTTCTGTCGGTACCATGAGCGCACATTGACCGCCCGCACGTAGCACTGTCGCCATCACCGCGACTGCAACCAGTGTTTTTCCGGAACCAACATCTCCTTCGAGCAGTCTCGACATCGGTACATCTTTTTCCATGTCGCGCAGAATTTCGTAGATCGCAATTTTCTGACTGCCGGTCGGCTGAAATTTCAGTGATGCAAAAAAGGTTTTGATGAGCTCGCTGTCCATGGGAATCATCAATCGTGTCTGATGCTCCCCCTGCCACATTTTTTTCCGCTCGAGTGCCTCGACCTGCACCGCATACATTTCTTCAAATGCGATACGCTGCTGCGCGCGTTCCACATCATCCGGTTTTTCCGGAAAGTGTAACGCCATCACTGCATCTTTACGTGACATGAGTTGCTCATCATCCACGACAGATTGCGGAAGCGTTTCGGCAATGAGAGAAATTGCATCTTTGATGAGAACCATTTTTTCACGTAACCATTTTGTGCTGATGAGGTCATGTTGCGGATAAATCGGAACGAGTCGTCCTGCATGCACGAGCGGCTGCTTCCCCACTGCCTCAAACTGCGGACTCTGCATTTGCAGCCGGTAACTTTTCTCAGAAATTTTTCCGGTCAGCACAACTTCCGATTCTTCGGCGAGCATCCGTTTGATGTGCGGCTGATTGAACCACACAGCATCGAGCGTCGTTCCCTGTGTATCGGTAAATACCGTACTGACTATCACACGTCCGCCGCGAATGCGGACCGTCTTCAATTCCCCGATCGTTCCGCGGAGTGTCACCTTCTCGCCCAGCGGCGAATCGGCAATCGTCTGGATCTGGCTCAGGTCCTCATGCGCCCGTGGCAGATACATCAGCAAATCCCCCACCGTTTTTATATCCATGCTTTCGAGCACATCCAGGTGATCCTTGGTTGTGCGCAGTGCATCTTTGAGCGGAGTACGGAGATTCATTGGTCAGAGTGTAGCAACGTGTACTGACGTACACCATTTATTTCAGGAGTACGAGGATGACGAAGAATACAAGGAAGACGAGGAAATTTCTTCACACTCTTTGTACTCTTCGTACTCCTCGTCATCCTCGTACTCCTCCGGTATACTTTATCCATGCCCGACTTCGCACAATCCATCAAAGACCACGAGAATCTTCCGGAAGATCAGCAGAAAAAAGCAGGTCAAGCCATCAGCGGAAAAATGGGCGCGGAGCACGAGGAGTTTCTAAAAACAATTTTGAAGCTGCTCGACGAAAAACAGATTGATACCACCAACCCGCACTCATTCATCAACACAAAGATCTACGACGGAATGCCGCAGGACTGGAAAGGAAAAACCGACCTCGCACTCATCAATATCGCGCACCTCATGCGGTTGATTGAGGAATTCTACAAATCAAAGCAGACACCGAACGAATCCCCTCACCTGCAGCAGATGATTGAGGAATTATGGCAGATGAAGCAGCGGATTGAAGAAAAGTACGACGTCTTCAAATTTTAAAAGTACGTCACTCTGCG
CP082927.1_gap15	757066	760112	3046	TGGATTCCTGCAGCCTTGCCCAGAACCGCGGATTCGACTATAGAGGCATCCGGCTGCGGTTTGCAGCATCCCTTCTCCTTTTAGAAAATAGAAAAATCTGCTATAATAATAGGAATGTCACACACACCCCCACCCTCCCCCTGGCTTGCCCAGCTTATACAGGAACGTGCCGCTTTTCTGCTGAACGGTGACGCAGAAGCGGATGTCGCCGTTGTCGGCGCCGGTATTGCGGGTGTATCCACCGTCTATCAGCTCCTGAAACACACGGATCTGAAAGTCATTCTTATTGATGCCGGACGCATTGCACACGGTGCTACAGGCAGAAACGCGGGGCAGCTTGTGAGCTACTTCGAGCGTCCGTTCCCGGATATTGTGAAAGCATTTGGTTTGGAGATGGCAGTCGCCGGACAGCTCGCCGTGGAATCCGCCTGGGATATTGTGGACGATATCCGCTACGACTGCGGCCTGAAGACTCCTCTGCACATTTGTGCGGGATATGCAGGACTCACCGCTGTGGAGCAGATTATTCAGCACCTGGAAGAACAGGACCTGCGTGCAAAGGCAGGCATTGAACAGGAACCGATGCTCATAAAAGTGGACCCCGCTCTCATTGCCCAGATTCCGGTGCATCTGCAAAAGTACTGCACGCAGGTCCCGCAGTCTGTGATTATGAAAGCGCTGGAAACAGAAGATGACGCGTTTATTGCAGCGGAAATTGCGAAGAAAGGATGTATGAACAGCGCGCTTTTCTGTGAGGAACTTGTTGCACATCTCGCAACCCGCTTCCCGGAACGCCTGAGTGTTGTCGAACATTTGCCGGTTCACACCGTCACGCTCGAGAAAGACAGCGCCATTCTCCATACAAACAGCCACACGATTCACTGTACAAACGTCGTGCTCTGCACCAATGGCTTTGAAAACTTCACCATTGAAAACAATGCAGGCGAGCCAGTCGATGCCAGTTTTCATGCAAGCGTCAAAGGCCGCATTGGCTACATGGCTGCGTATTACGACGAACCGAACCAGGTGCCAATTGCCATCAGTTACTACCGCTCCGACATGAAGGGTGAACCGTACCACTACCTCACCCGTCGCCCCTACGACAAAGCAGCAGGCAGTAGCGGATCACTCGTGTGTATCGGCGGACCGGAGCGTCATTTGCCGGACAGCGCCGAGTATGACCCGCTCGTCGCTTTCCCCGCAGATATTGAAGAAGAGCTGGACCGCCAGCTCCGCTACAGTTACCACGATCTCCCGCCGCGTGCTGCGAGACTGTTTTTATGGCAGGGATTGATGGGCTACACCCCCAACCAGATCCGCCGTGTGGGATACGAGCCGAAGAACAAGGTGCTCCTCTATAACCTCGGCTGTAACGGCGTCGGTATTCTGCCGTCCATTTACGGCGGCAAGCGCATCATGCAACTCCTCTCGGGAATCGACCTACCGCCGTCCATCTTCGATCCGGCGCTCGGACATCTTTAATCTATGCACCCGACACAATCACCCTGGCTGGCACAGCTGAGCGCACGCGAGCCGCATGGTTTGTCACGCGATCCCGATGCAGATGTCGTCATTATCGGTGCGGGTATAGCGGGCATCGCCACGACCTATCAACTCCTGATGCACAGCGACCACAGCGTCATTCTTGTCGATGCAGGACGCATTGCACATGGCGCAACAGGCCGCAATGCCGGACATGTGGTGAATGAATTCGAACGGCCCATCAGCAACATTATGGAGGTGTTTGGAAAAGACATGGCACTCGATGCCCTGAAAAACGTGGAATCCGGTTGGGATATTCTGGAGGAAATGCTCTCCATGAGCGGCATACACGACTCCTACGAAGCCTGTGTCAGCTACAACGGCTTTGCAACCATTGATACGCTGCTGGATAACCTCCGCACCCACGACATCCGCAGTGCAGCGGGCATCATCCATGAACCGATTCTGGTCAAAAATGACCCCGCGATCCTTGCTCAGATTCCAGAGGAACTGATGCCGCACGTGACCCCGGTCCCCCACTCTGCGGTTCTGGAAATCCTGCACACAGATGACACGTCTTTTATCGGCGCCGAAATCGCACAGATCGCCTGCATGAACAGCGCACTGTTCTGCGAAGATCTGACCACATGGATGCTCCGCAAATTCGCTGATCGTTTCCAGGTGACAGAAGAGACACCTGTGACAACTGTTGTCCTCCACTCCTCTTCTGCAGAACTACACACCGCGACTCATCGCCTCACCGCCCGGCATGTCATTCTCTGTACCAATGGCTACAAAACAGTCCGCATTGAACAGTCCGCTGGCGAACCCATTGACCCCGTCTTTCACGCGATGGTGCAGGGTGTCGCAGGCTATATGACCGGCTACCTGGACGCAGAGCCTAAACCGGCACAGGCATTCAGCTATTTCCACCCGGAAGAGTACTACATCACCCGTCGGCCGTACGCGCTCAAAAACGGAAGCACCGCGTCGCTCACCTGTTTGGGCGGAGGAGATGCCGAGTTACCGGAGAATACCACTTTCGATCCCCTCGCACCGCTTCCTCCGGACGTGGAGCAGGGACTCGCGCACGAAATACTACATGTCTACAATGGCCTTCCGGATACAGCAACGCACACATTCCTCTGGCAGGGTCTGATGGGCTACACCAAAAATACCATCCGTCGCATTGGCTTCGAGCCACGCAATAACGTGCTCCTCTACAATCTCGGCTGTAACGGCGTCGGCATCCTGCCCTCCGTCTATGGCGGCAAGCGCATCCGGCAGCTTTTGAAAGGCGACACGCTGCCCCCGAGCATTTTCGATCCCATCAACGGAGATCGTTAAGATTTTTTCTTGACCCTCACGCCACGTCAGCCTTTAAGCTGCGTCTGTTTTCCAATCCCCTTAACCGTATGCCCTACACCGTCCAGCAACTCGCCGACCTCGCCGGCATCAGCGTCCGCACTCTGCATCATTACGATGAGATCGGCTTGCTGACTCCTATGCGTTCCCCAAAAAACGATTACCGTGCATACGGCGAACCGGAACTCCTGCGCCTGCA
CP082927.1_gap16	843504	846144	2640	AACGATCTCGAGGGAGTGTTTAACGGCAATCTTTTTGAGGATGAATCCCTCCTCCCACTCTACCGTGAGCTGCTTGGCGTGACCGGTCACAAGCCGTTTGAATGTGTAGGAACACCGGAAGAAACAGCGGCGGCATTCGTGATGGCGCATAATCGCGGAGAGTTGGAAGACACGGCAGCCATGAAGATGTTCCTGGATGACGTGATGCCGGAAATCATCGAGCCGGACGAAATCATCGGCGAAGCGATGCTTCAGCGTCCGAAGCATGCGATTCCTGACCAGTTCCTCCCGCTTCTGAAAAACCTATGAAGATCCAGGATCTCGCCGGCAAGAAAATCTGCATCCTCGGCTTCGGGAAAGAAGGACAGGCCATGCTTGCAGCCATCCAGACACATGTGAAGAAATGCAAAATCACCGTCGCGGATGAAAACCCCGATGTACTGAAGGAGCTCGCAGAGACAACGCCGTACTACCTGCAAAGCGGCGAAGAATGGCTGAAAGATCTAGAAAAGTTTGATGTCATCATCAAATCCCCAGGCATCCCCCCTTCCAGTCTCCCCATAACCCATAACTCATTACCCATAACCTCATCGACCCAGATCTTCTTCGACACCATCGAAGGCTCTGGCGCAACGGTGATCGGTGTGACCGGCAGCAAAGGAAAAAGCACGACATCCAGCCTTCTCTACGCACTCCTTAAAACCGGCAAGAAGGAAGTGCATCTGATCGGAAACATCGGCGAACCTGCCATCAGCCATATTGATGACGCGAAGAACAGGACACTGTTTGTCATGGAAATGAGCAGCTACCAATTGATGGACCTCAAGACCTCACCACAGATTGCCGTCATCACGAGCTTCTTCCCGGAACACCTGAATTATCATGGATCGATTGAGGCTTATATGGATGCCAAAAAACACATCACGCGTTTTCAGACAGAGAGTGACCTCGTATTTTTCTGTGCAACATCCGATGGAGCGACCGAGATCGCGAACGAAAGCCGTGGAACCAAAATCCCCTTTTCCATGAAAGATGCTCCCGTCAGCATCCCGGACACGCAGCTGATTGGAGATCATAATCTCAGTAACATTGCCGGAGCATTCATGGTTGCAACCAAGCTTGGCATTGAGGAAAAAGCGGCGATCGAGGTGATCAAAACTTTTAAAGGTCTCCCGCACCGTCTCCAGTCACTCGGCATTCACCATGGACAGGAATGGATTGATGACGCGATTTCCACCACACCGGAATCAACCATCGCCGCGCTCGACGCGCTCGACAGCAGAGTGGAAATTCTCATTCTCGGCGGACAGGACAGAGGGAACGATTTCGGCGCACTCGGGGAGCGCATCAAAGCGTCATCCGTCAGCACAGTGATTCTTTTCCCCGGCAGCGGCCCGCGCATCAGACAGGCGATCATAGATGCGGGTGCAGCCGTGGAATTCTTCGATGCTGCGTCCATGGAAGACGCTGTGACCATCGCCAAGAAAGTGACAGGCGGCAGAACACCGCTCGGACACCCGATTGTCCTGCTTTCGACCGCATCGCCAAGCTACGGCATGTTCAAAAACTTCGAGGAGAAAGGCAACATCTTTGCCCACTACGTGCAGATGGCATAAAGAACGATTTTATGCTAAAATAAACAGATGTCGCGCATTCAATATCCAAAACTCCTCCTGCTCGTCTGCTCGTTTGTTCTCGCATTTTTGCTGTTTGAGATGGGGATTTTCGATGCCCTCCCCGTCCTCCTTCGGGGCCAGGGGTATCTGACAATGTTCTTCGGCGGACTGCTCTTCAGTTTCGGATTCACCACCCCGTTTGCCATCGCGATTTTTATTGAGATGGCAGATACCGTCGATCCGTTTTTGGGAGCAATTGTTGCAGGAATCGGCGCCATGCTCTCCGATCTGATCATCTTCCAGTTCATCCGCTTCTCATTTCTGGATGAACTGCACAGACTCGGTCATACACGTTTCATCAGCTGGCTCTGGACCCACGCGCACAAAGAAAGTATCCCCGAGCAGATCCGACACTACATCAAATGGTCGATCGCCGGCATCATCATCGCGTCACCGCTCCCGGATGAATTGGGTGTCACACTGTTAAGCAGCAGCGCCGACGTCAAAGGAAAACCCTTCGCCGCATTCTGCTTCCTTCTCGACGCCATTGGCGTAATGATAGTCCTCCTGACGACACAATCACTGAGCTGATCCATCCCCGACCTTTACTTTTGCAGGACGCAATACTTTGCCGTTCAATTCATAGCCTTCTTCGAGCACCTCAATAACGGTATCCGCAGCGCCCGGACCAACCATGAGTGGATCGTGCTTGTTGGCATCCACCGGCTGATGGAGCGACTGCATACGCTTGAGACCGACATCGGCCATCTGCTTCATGAGATCCGCTTCGATGGCACTCACACCCTTCACCCATTCGTGATCTTTGAGGTCCTCCGGAATGTGCTGGAACGCACGCTGGAAGTTATCGAGTGTCGGGAGAATTCTGCGGACCAATGATTCCGATGCAAACTTCCGGAGATCATCCGCCTCGCGCTCGACGCGCGCTTTTGCATTCTGCAGATCTGCCTGCGCGCGACCGGCAAGATCGCGATAACGATTGAGCTCCGCTTTCAGAGACGCGATT
CP082927.1_gap17	858961	863445	4484	ACTACACCACCGCCAGCGTGAAGCAGTCGGAAATCGTAGAAGCCAAATCCGAGCAGGCAACGGCGGATGCAGAAGTGAACCAGAGTCAAAGTACCATCACGCTGTATACGAATCTGAACAAGGTTGCAGACAGGCGCCTTGCGGCTATCAGCGTCAATCGCGAGGCTTTAATTGCGGGAATCACCGTTGTGGATGTGCCAGGAATCCAGGAACTCGGGGTGTTGGATACCAAAACCGGTACCAGATCGGGCAATAACTCCAATATATTCGGGAATTAGGCGAAACCGGCCTGTTGCGGGAAATTGGTCTTTCTGCTATACTAACTAGATACGTTTTCCGCATGCCTGACACAAATACTCCAATCGGCCCAGACACAACTCCCCTGCCTCCAGCAGGAAATGGGGTTCTTCCGCCTGTCAGCCTCAAGCAGGAACCGCCGATGATGCAGGCTATTGATGACCTGCTCGGTCTCCACAAACAGACAATTGATGTGCTCGACAAGAAAAAGGATGACGAGACCTGGACCGCCGACGAGCGCGAAGCCATCAAGCGGTATGAAGAAGGTCTGCAGAAAATGCTGGATCTGATTGCCCCTGCCGGTATGCAGGTCCGCAATAAAGATATTGTCATGAACGACCTGTACGCACGGACGTTCTATACCTACAACTGGCCAAACTATATTTATCCGAACTGGCTCGCGCAGACCATCAACATGACCGCAACCATGGATATCGCCCAGTACATTTACCCGACCTCGAACAAGGCGATCATGAAAATGCTCCGCAAGAAAGTTGCGGAACTCCGCTCCAGCATCCGTATGCTGGAACAGCGCGGTATTGTCCGCGACCCGACACTCGAGGCAGCGCTGCAGGACGCCGAAGAACTGCGTGACCTCCTTGCACGCGGCCAGGAAAAACTCTTCCAGTTCGGTATGTACATCACGCTGTATGCGGAGGATGAAGAGCATCTCAAAAAGCTCCAGACTGACCTTGAATCTATGCTCGGAGGAAAGCTCGTGCTCACAAAGCCGGCCCTCTTCCAGATGGAACACGCGTGGACCAGCACGTTGCCGCTCTGTCTCGATGAAATCGAGATCAACCGCAACATGAACACCTCGCCACTCGCAGCCAGTTTCCCGTTCAGCTCGAGTGACCTGACGGACGACCACGGTATTCTCTACGGTATCAACCGCCACAACGACTCGCTAATTATCTTTGACCGCTTCGATCTCCCGAACGCCAACTCCAATATCTTCGCAACCTCCGGAGCCGGTAAGTCCTTCACCGCGAAGCTGGAACTCCTGCGCTACCTGATGCTCGGAACCGAGGTGCTCGTCATCGACCCGGAAAATGAATACACCAACCTCTGCGAAGCAGTCGACGGTTCGTTCATTCCCCTCTCCATCCAGAGTCCGTTCCGCATCAATCCTTTCGATCTGCCGAAGGCAATCCGCGGTGACGAAGCTGCGCCTGGTGAAGTGCTCCGCTCTGCGGTCATCAATATCCACGGCCTCCTGAAGCTGATGCTCGGCCCCATTACCCCGACCGAAGACGGTGTGCTGGATAAAGCAATTCTTGATACCTACGCCCTGAACGGCATTACGCTCACCACAGATGATCTGACTGCCAATGACCCGCCAACCCTCGGTCAGCTGGTCGATGTGCTGATGACAACCGATGGCGGTGAGAACATGGGAAAGGTGCTCCAGAAATACACAACAGGAAGCTTCGCCGGCCTGTTTGATCAGAAGACAAACGTCGAGCTCAATAAGCAGATGGTCGTCTTCCAGATCCGCGACCTCGAAGAACAGCTCCGCCCGATCGCCATCTACGTGGTCCTGAACTTCCTCTGGAACCGCATCCGCACTGAACTCAAGAAGCGCCTGCTCGTGATTGATGAAGCCTGGAACCTCATGCAGCACGAAGACTCCGCACGCTTCCTCTACGGCATCGTAAAGCGCGCCCGTAAGTACTACCTGGGCGTCACGACCATCACACAGGACGTCGATGACTTCGTGGAGTCTCCGTTCGGAAAACCGATCATCACAAACTCCTCACTACAGCTGCTGATGAAGCAGTCCCCGACCACAGTCGATAGCCTCCAGAAACTCTTCTACCTGACAGATGGTGAGAAGTACGTCCTCCTGAACTCAGACGTCGGACAGGGCATTCTCTTTGCCGGGTACAAGCATGTGGCTACAGAAATTGTCGCAAGCACGGAGGAATCCAAACTGATCACAACGAAGCCAAGCGAGGTGGCAGCTCAGCAGAGAGCAACCGCCCAGAAGAAAATGAGCGATGCAGAGAAAAAGGAATAACGTTACTGCGCAGCCTCAGCTTCCTCCTCAATCACTTTCCAGCGCACTTCCGGTTTCAGCTTTCCGCTCACCGCAAAGCCGGCTGCTTTCTTGTGCCCGCCGCCACTCAGATTCCCGGCCATGGCCGCCACATCGACATCGTCCCGGAGTGTCCGCAGGCTCCCTTTTACTTTGCCGTCACGCTCAGACAGCACCATGGAGAAGCGCATGCCCGGCACCGCATTCACATAGTCGATCGCGCCTGCGAGCTCTGAGTAATCCGCTCCCGTTGCACGGAAATCTCCTTCGGTTACGGCACTGATGGCTCCCCCCTCTTCCGATACACTGATTTTTTCGAGCACACGCCCCCAGAGTTTGAGTGTGCTGAGTTTTGCCGTCCGGAACACCGCCGTCACAATCATCTGCTGGCGCGCCCCTGCACGGAGCAGGCGGCCGACTGTCCTGTACACGCCCGGCGTGGTGTTGCTATGGAGCAGTCCGCCGGTATCGGTATAGACACCGGTCAAAAGCGCAGTCGCCACATCAGGGTTCATGTTCCACAGGAGGAGATCTGCGAGCATGACGACAATTTCACAGGTGGATGCCGCCTCAGGCACGAGGAGGTTGACTGTGCCAAAGCGCGGATTGCCCGGGTGATGATCAATCATCACCGTTGGAATAGTACCGTCAAAAAGCTGCGGATGTGTCACATGCATCTCCGTCATTTTTGCCTCTGCGCAATCCACAATCACTGCGGCATCGCCTGCTTCGAATGTCGGTGGAGGTGCAATACGTTTGGCCGTGTTCAGAAACTGAAAAGTTTCCGGCACCGGATCCACACAATGAAGCGTGACCTGTATGTTAGGAAATTGCTGCTCCAAAAGAAGTGCGATACCCACCACCGATCCGATCGCATCGCCGTCCGGCCCACGATGACAGATGCACGCAATCCGTTTTGCTTTGGAGAGAAGGTCTGCTGCCGCGCGCGCGTCTGCGTGAGTGAGAGACATAAAGGGTCTCACAGTACGACGAATATGACAGACGAACAAACATATGCTGTTGCGGAATATTCTTCTGTTTGTTGTGATTCACAGATGCAAGAAAAAGATGACACGCACGAAACACATCATGCTGTACACTGTGTGCGATGTCTCACTCTGTCATTTTTTGCGGCACACCGGACTTCGCAGTTCCCTCTCTGCAGGCACTGCTGAACGATGCTGCGTTTGATGTCACGCTCGTCATCACCCAACCCGATCGTCCGGTCGGCAGAAAACAGATCCTGACTCCTCCGCCCGTGAAAGAGCTGGCGCTTGAAAAAGGCATTCCGGTGTTCCAGCCGGAGAACATCAACCTCGAATTACAAACCTATCTCGATACAGCAAAGATCGCGCGTCCGGATTTTCTGATTGTCGTTGCCTACGGAAAAATCCTGAAACAACCAATCCTCGATCTCCCGAAAGTAGCCCCCATCAATGTCCACGGTTCCATCCTCCCGCGCTGGAGAGGGGCCTCCCCTGTCGAACATGCCATTTTGAACGGAGACACGGAGACGGGAGTGACGATTCAGATTATGAGCGCAGGCCTCGACGAAGGTCCGGTTCTTTCGATTGGTACAACGCAGATCGATCCGCGTGAAACAAGCACCAGTCTCCGGGAAAAACTCTGCGTCATCGGTGCGAAACTGCTTGTCGATACTTTGAAGAAACCTCTCGATCCACAACCCCAACCCGATACCGGCATCACGATCTGCGGCAAGCTCTCGCGCGAAGACGCCCGAGTGAATCCGGAAACAATGACCGCCGACGAATTGGACCGCTGCGTCCGCGCACTGAATCCATGGCCCAGTGTTCTTGCGACGGTCGATGGACATGAGATTAAAATCCTCGACGCCGCACTTGAACCGACCGCAGAAAGCATGCCTCTGGCCTGCGCCCATCAGACAACGCTGCATCTGCTTACAATCCAGGAAGCAGGCGGAAAACCGGTCAAAGCAGCAGATTGGAAGCGGGGTCTACGGAATTGACACACAGACAATAAAGATTAGTATTCCATGCTCTCTTGCCCGTAAAGGCATGAGTTTGGAGGGCGTAGCTCAGACGGGAGAGCGCTTGCATGGCATGCAAGAGGTCGCGGGTTCGATTCCCGCCGTCTTCCACTTCTGTCCGCAAGGATAGAAATGCACCTA
CP082927.1_gap18	931374	934435	3061	CGAACGCTTTGTGGATGTGATTGATCACAACCGTAAAATTGAAGGCAACGAGGGTTACCACCACAATCTCAAAGCAGCCAAAGACGTCGCGGCAGCGGCATCACTGATTGCACTTCTCACGAATATTATCGTCATCGGCATCGTGTTCTATCCGTACGTGGATATGACCATCCGTGCGATGATTAAGCAGTAAGAAGTGTTCCCTTGCGAAGAAACATTTCAGAGATGCTTTGCATTGTGTGCTAAATCTAAAACTGTCCACCGACGGAACCAGAAACCCATGTAGAAAAGGTTGAGGAGCAGGATCACTATCATTGATCCAGAGAGCCACACACCGTTCATTCCATAGATTCCAGCAATAATCATGATCGTAATACCAACCGGAAGTTCTCCACACAAAAAAAGGAGGACAGCCCACCACAAACGTGAGGCGGCGGTTTCTAAGTCAGTCATGATCACACCTTTCTTTCAAAGATCGCAAGGGAACACCAAAAGCATTCCAGAGCAGACGACGTCTGTACAGTAAAACTGACCCTGTGCTCTTTCGGGGTCAGTCGGTTTTCACGTCTATCGCAGTGACAGAACAAAGGGAAAACCATTTAGACACGCTCATTTTTTGCCACATGATACACACGCGGCTTTCGTTTCCACGGGTGATGCCACAGCTCAATCAGCTGTGCCAAAAGGACCATCGCACCAAAAGGAACATTCATCGGATTGGCCAGATACGAACCGATCGATACCTCAAAAAAATCTCCAAATGGTGTAAAGGACACGGGACACCTCCAATCTGTGAAAGAGCACAGGGATTACCTCTACTCTAGAACGAACTTTCTCCAATACAAGGACTGTTACGCCGCAGGCGCCTCCCCTTCCTCCGCTTTCTTTTTCGGCACATAGGTTCCATCCTTCTTGGCTTTTGCGTCGATCATGCCTTTGCTTGGAGGCGGAATACCACCGGATGCTTCCAGTTTTGCACCGAGCTCTGCCATCAGCGCCAATTCAGCTTCGGTAACAGGCTCATCCAAAAACTGCTTCTTGCGCACGGAATTATATTCATTGGTCCACATTTCGCGGTCACGCCAGACACGGTAGTCAGCCAGAGACATTTTCTTGGCACGCGCCTTCTTGATCTCTTCTTCTTCTTTCTCCTTTGCCTTTTCATTCGTCTTGGCAGCGATTTTCGCCTCACCGGCGGTTGCCGCCCACCGGAGGATTTTCTCCTCCACCACAGCGCGTTTCTGAGCGTAGCGTTCACGACTCAGATCACGAAGTGTCTGCACGCGTTCTTCATCCACTTCCACCTTAGGCGGCGCAAGTGTTGCGAGAGAAAACGGCTTGCTGGGGATACCATCAATCATCAGGCGGATATACGCGTTATATTTCGGAAGACTGAGAATATCTTTCGCGCTGACCATTTCTTCAAACTGCAGACTCAGGTCTTCTGCATCATCAGAGCCGATCTGGAAGCTGACCATGGAACCGACGTTTCCGAACACCGCGTCACGGAGGGCCGTGTCGTTTCCTGCAATAAGAAGCTGTCCGACGTACTGGTGCGCCATTGTGAGAGCCAGTTTATATTTGCGGGCCTCGGAGAGAATCGTCGCGAAGGACTTGGTCGCGAAGTTCTGGAACTCATCCACGTACAGATAGAACGGGCGGCGCTGTTTTTCCGGAATATCGGCGCGGCTCATCGCATCAATCTGGAATTTGGTCACAAGCATGGAACCGAGGAATGCTGCGGTATCTTCTCCGATCTTTCCCTTACTGAGATTCACGAGCACGATTTTGCCGGTATCCATTGCGTGGCGGACATCAAGCGTGCTTTTCACCTGACCGATGATATTGCGGATGAGCGGTGTTGTGAGCAGCTGTCCGATCTTGTTCTGGATAGCAGCCACAGCCTCTGTACGGTACTTATCGGTCCAGCCGGCGTACTCGGTTTCCCAGAAGCTCTTCACGACCGGATCAGTGATATTGCTGACAATTTTGGCGCGGTACGCGTCGTCGCCGAACATGCGGAGAATACCGAGCATGGAGGAGCCTTCATTTTCAAGAAGCGCGAGCAGTGTATTGCGCAGAATGTGTTCCATACGTCCGGAGAACGCTTCCGGCCAGAGCTTGGTAAAGACGCTCATGAGACCGGAGCAGATCAGCGAACGCTGATCCGGATTCGCACACTCCAGCATGTTGAAAGAAATCGGGAAATCGCGGTCTGCAGGATCGAACAGAATGATGTCGTTGGAACGGTGTTTCGGCGTGAAGCGCAGAATATCTTCGATAAGATCTCCGTGAGGGTCGATGACTCCGATCCCCTTTCCGCTGTAGATGTCGGAGTAAATCATGTTTTCGAGCAGTGTTGATTTTCCCATACCCGTCTTTCCGATCACGTACATGTGGCGGGCGCGGTCTTCCGGGCGGATACCAAACTGCGTGCGACGACCGTGGAAGACAGACTCTCCGAGAATGGTGAGGTTTTCCTCGGGATCGGTCACATTCGGAATCGGCATGTTGACCGGTGGTTCGAGCTTTTTGGCGGTCACCCAGTCAATATTCGGGGTTTTCACAAGGATATTCGGGATGTGCCAGAGCGTGGCGATTTCTTCTGCAGAGAGCACGTACGGCGCGGAACGAAGTCCCGTCGGCAAATGAGCCGATGCATGGACCTCATGCATGTGGAAACCATTACTGTGCGGCAGCGTGAACTGGCGGAAACTGCTCGCGATCTCCTGCACCTTCGCGACCGCTTCATGCTTGCAGCTAAGAGGTGCAATCACACTCACGCGGACATTGGTCTTGAAGAGCAGACGATTCAGTTTGTCGGCAGCACCCATCATCTTGTCTTCGCGATCATGTGTGCGGGCACTAATCTGCAAATGATCGTCCGTTCCTTCCTGTTCCACATCGGCACCCGTAAGAAGCGAGACAGACGTTTTTGATTTGAAGCCACCGAACCACACTTTCCATCCGCCCATCAGCATATCGAGCGGGAAATACAGCAGACGTTCCATACCGGTTGCCAGGTGCACTTTCGCAAACAACTTGGCATACGCAGTCCAGT
CP082927.1_gap19	935866	938289	2423	GTCCATACGGCTCTTGAAGCGGTCGATACGGCCTCCGCGGAGATCCTTCTGCTGCTTACCGGTATAGATCGGGTGGCACATGCGGCAGATTTCAACGGTCTGCTCGGCAACCGTGCTCGGAATCTCAAACACTGTTCCACAGGTGGAGCAGGTTGTTTTCGCCTTTAGATGCATTTCTGGGTGGATTCCGGACTTCATAGTAGGGGCATTGTACATAATAATTTTGATGGTGCAAGTAGGGGCGTGGCATGCCACGCCCCTAGAGACCAAAAACAACGAATTATATCTTATTTCACCTCTTTTACCGCCTTCTTCTTGCTCTTCTTGGCAGCCTTTTCGACCATTTCCGCCTCTTCAAAGAGCTCTTCCGCCTCTCCTGCGCGCTCCTCTTCCGCTGCGAGCAACAGTGCCTCCTCCGCCTCTTTATCAAACATCACGACGCTCATGGTGGCGACTTTATCCGGCGGATCGAGGCGCATGACAATCACACCCTGTGTGGCGCGTCCGCGGGACGGAATGTCTTTGAGCCCCATGCGGATGGTCTGACCCTGCTTGCTGATACAGAGAAGATCGCCTTCTGCACCTTCCTCCAGCACCACGGCTCCGATGATGTCACCGGTCTTGGCGGTGAGCTGTGCTGCCTTCACCCCGGATCCTCCGCGTCCCTGGAAGCGATATTCTGTGACCGGACTCATTTTGCCGAGACCGTTTTCCATCACCACCATCAGTTTGCTCTTGGATGCATCGCGGATGACGCCTGCCTCGACCACGCGGTCGTTATCAGCCAGGCGGATTCCGTAGACACCGGCGGCGCTGCGGCCCATCGGGCGGACGTCGTCTTCCTTGAAGCGGATTGCTTTTCCTTTCTGGGAGACAATGAGGATTTCGTTCTTGCCATCGGTCGCAACCACCCACTGGAGGTTCTCGCCTTCCGGCAGCTTCTGTGCAATGAGACCACTCTTGCGGATATTCTGGAATTCGCCGACTTCCGTGCGCTTCACAGTGCCGTGATCGGTCACCATGAAGAGGAATTTCGCTTCGCTCAGATCCGCTTTGAGGATCGCTGTGATGCGCTCATCAGGTTTGAGCTGAAGCATGTTCACAATCGCCTGTCCGCGCGCGATGCGTCCGGCCTGCGGCAGTTCGTATGCAGGCATCTGGAAGAGACGACCGGTGTTTGTGAAGTACAGGAGGTCGTCGTGGTTCATGATGTGCAGGATCGAGAGCACTTCGTCGTCGTCGCGCACATCGGCTCCTTTGATTCCCTTTCCTCCTCTGTGCTGGGCACGGAATTGGAGCGGGCTGAGTCTCTTCACGTAACCGCTGCGTGTGAGCGTCACGATCATCGGAGCGTTCGGGATCGTGTCCTTCGCGCTGAACTCTCCGGCGGCATTCGGCACCACCGCAGTGCGGCGCTCGTCACCGTAGGACTTTTTGATCTCGATCAATTCGTTCTGGAACACGGCATCGATCTTCTTTTTGTCAGCGAGGATCGCGTTGCATTCGTCAATGAAGCGCTTCACTTCCTTGAGCTCATCGACAATCTTCTGGCGCTCGAGTCCGACAAGTGTCTGAAGGCGCATTTCGAGGATCGCAACCGCCTGAATCTCGCTCAGTTTGAATTTCTTCATGAGACGCTCTCTCGCCATTTCGCGGTTATCGCTCTTGCGGATGGTATCAACCACTTCGTCGATGTTATCCAGTGCAATGACGAGACCCTCCAAAATATGCGCACGCTCCATCGCTCTGTCACGCTCAAAGGTAATGCGGCGTGTGATGACCACACGGCGGTGTTCAATGAAGACTGCAAGCAATTCCTGCAGGTTCATGAGGCGCGGCTGCAGACCGTCTGCGAGCGCGATCATGTTGTACCCGAAACTGCTCTGGAGGTCTGTGTGCTTGTAGAGCTGGTTGAGAATCTTCTGCGGATACGCGTCCTTCTTGAGTTCGACAATAATACGGATTCCCTCGCGATCGGATTCGTCGCGGATATCGGAAATGCCGACGATAATTTTGTCATTCACCAGTGCCGCCATCTTCTGGATGAGCACGGATTTGTTCACCTGGTACGGAATCTCGCTGATGCGGATGTGGAAGCGGCCACTGGTTGTTTCTTCAATCTCCGCCTTTCCACGGATCATCACAGAACCGCGACCGGTCAGATATGCCTGCTTGATGGCTTCTTTGTCGTAAATAATACCTCCTGTCGGGAAGTCCGGGCCCTGCACAAATTTGAGCAGATCTTCCACAGACGCTTCTGGATGTTCGAGGAGATAGTTCAGGGCGTTGATGAGTTCATGCAGGTTGTGTGGCGGGATGTTTGTCGCCATACCAACCGCGATACCAACGGTACCGTTCAAAAGCAGATTCGGGATTTTGCTCGGGAGCACAGAGGGCTCCTTGCGGGATGCGTCGTAGTTTGG
CP082927.1_gap20	976691	977947	1256	CCGCATTGATGCCAAGCGCGACACCCTGCTTCTGGAAGCCATCCAGCGCACACTCCGTCGCATGAAGACACTGACAGATCTGCTCACGAAAAAGAAAATTGCCTGGAAGAAACACGAGAGTGCGAGTGAGCTGAAAGAACTGATTTCCATCGTGGAAACCGTCATGCCGCACTGGCAGCAGACACATAAAACCAAGAGCCCGATTTTTAAGGAGATTATGAGTATTACCAAAGGGCTGAAGGCATCACTTTGAATAGAGGCGTCACTCTGAGGACACTCGAAGGGTCGACACCGAGCCCGTCCTTGAACGTGCCTATGCTTCGAGCGTCCTCAGCATGACACGTGCCTGACACAAAAAAGCCCCGACTTTCATCGGGGCCTCTTGAGTCAATCCTGGAAGCTGACAGCTATTTAGCGGCGGAATCCACCTGGACGGCCACCACCGAATCCACCCGGGCGTCCTCCACTCATCGGCGGGCGGCGGACTGGGGCAACGTAGCCTTCCGGAGGCGCAGTCATCTGCTTGAGAGACATGCGGGTCTTGCCTTCCTGTGCATCGAATTCGACACACTTGGCCTGGATCACATCGCCGACTTTCACGACGTCTTCGACCTTCTCGGTACGACCCCATGCGAGCTCGGAGATGTGGATCATTGCATCTTTGCCCTTCAGGAATTCAACGATGGCACCGGTGCCGTCAATGATGCGGACAACCTTACATTCGTAGACCTTTCCGACTTCCGGCTTGGCAACAATGCCTTCAATCCACTCCTTCGCCTTCGCCATTGAGTCTCCGTTGAGAGCCGTGACGAACACGAGTCCGCTGTCGTCGATGTCGATTTCGACACCGAGTTCACCGGTGATCTTCTGGATGGTTTCGCCACCCTTTCCAATCACGAGACGGATATCGTCCGGGTTAATGGTGATGGTTTCGATGCGTGGTGCGTACGGGCTCATCTCTTTGCGTGGCTCTGGGATAGCTTTGAGCATGACATCGAGAATGAATGCGCGGCCGACTTTGGAACGCTCGAGAGCGTCTGCAAAGACGGAATCCGGCAGACCCTTGATCTTGATATCCATCTGGATAGCCGTCACACCTTTCGCAGTTCCGGTGAGCTTGAAGTCCATATCACCGCCGAAGTCTTCTTCATCCTGGAGATCGGAGAGAATGACGTACTGTCCCTTCTCCTCGTCAGAAATAAGACCGAGCGCGATTCCGGACACCGGAGCACTGATTGGCACACCGGCAGCCATGA
CP082927.1_gap21	1123232	1127523	4291	TGAGTGAACCGATTTTTGATCATCTGGGAGACCGGCTCCACCGCTTCAACAATCAGTCCGCCGAGGAAATGCGGACGCTCTACACCGCCTGCGATGTCTCACTGGTCCCATCACTTTGTCTGGACTGCTTCCCGACCATCTGCCTGGAATCCATGGCGTGCGAACGTCCGGTCATAGGAACGACGATGGGCGGAGCCCGCGAATCGGTAGTAGAAGGACTGTCGGGCTGGATTCTGAATCCAGAAAATACAGACACTTTCCGCGCAACAATGCAGTGGTGCATGGACCATCCCGATGAAACCGCAGCCATGGGGAAAGCCGGACGGAATCATATGAAAAGCCATTTCTCGATGGAAAAGATGATTGAAACACTGGAGGGGATCTACACAAAACATCAGAAGGACTCCTGATCCTTACCCTTAACCTTCCTCTGAACCTTCCGTATACTTCCGCCATGGATGCTCCTATTAACGACGACTCAAAAAAGCCCTACTTCCGCGCCAGTGAGGTCTACAAAGTCCCGAAAGTCTGGGGCGAAGAACACTGGATTGTGAATAAAGAATACTGCGGTAAGAAGCTTGTCCTGAAAAAAAACATGCGCTGCAGTATTCATCAGCACAAAGAAAAGGATGAGGTGTTTTACGTCCTCAAGGGCAAGGTGCTTCTGGAGCTTGCAAAGGAAACCTTCACCCTTCTGCCGGGAGATTTTGTCCATGTGAAGCGTAATACACCACACCGTTTTACGGGACTAGAAGCGAGTGAGATTATGGAGTTTTCCACTACGCACAAAGAGGAGGACAGTTACCGGATCAAGGAATCCGGCCATGTAGATGAAGACCGTTTTGAGCGTGAGAAAAAAGTGCTAAACAGTTTCCCAAAAGCATCGGTCCTGGTCGTAGGAGATGTCATGCTTGATTCCTATATTATCGGCGCAGTAGATCGCGTGTCTCCTGAAGCCCCAATCCCTGTTGTCCAGTTCAGGTCCGAATATCAGGTGCCCGGAGGGGCAGCCAATGCCGCACGCAACGTGGCGGCACTCGGAGGAAAGGCGACGGTCATTGGCGTCATTGGCGATGATGCGTACGGAAAGACACTGCAATCCATCCTCAAAAAAGAAGGCGTGAATGCCATACTTCTGAAAGACAGCTCCCGCCACACCATCCGCAAAGAACGTATTCTGGGAGGCAGCCACCAGCTCCTGCGACTCGATTATGAAAGCACGCATACACTCAGCACCGCACTGGAAAAATCAGTGCTGCAGGAAATCGCCAAGGGGCTAAAAACCTGCGATGTCCTGCTGCTCTCGGATTATGCAAAGGGACTCCTCTCCCCCTCCCTCATCAAGAAATGTATCGCGATGGCAGCCAAGGCAAAGGTTCCGGTTATTGTAGACCCCAAGCCACGTGACACGTCCTACATGCAGTGCCTGAAAGGTGCCACGCTAATTACACCGAACAAAAAAGAGGCCGCTGTACTGACCGGGAAAGACGATCTCACACCCGAAAAAATGTGTGCTGCACTCTCCAAAGAACTAGGAGGAAGCGTCCTTGTCACACTCGGAGAGCACGGCATGCTGTTGATGGAAAAAGGAAAGAAGGCACAGGTCTTTCCGGCTCTCACACAGGAAGTGGCCGACGTCTCCGGAGCCGGCGATACGGTTGCCGCAACACTCGCTCTCGCACTGGCATCCGACACAAGCCTGACCGACGCTGCAGATCTGGCAAATCGTGCCGCAAGCATCGTGGTCCGGAAGGCCGGTACTGCAACCGCCACCGCCGAAGAGCTCGCTTCCACCCTGTAATCATGTCGCCTCTGCACGCGCTGCTTCTGGATCGGGATGGCACGCTCATTGAAGACCAGGGCAATACCAATGATGTCCATCATCTGGCTTTTTTGCCGCACGTGGTAACGGGGCTGAAGCGTCTGGCGAAAGCAGGCCTGCGGCTTTTCATCATCACCAATCAATCCTGCATCGGCAGGGGCGATGTGCCAGAGGCGCAATTTCTGTCCTTCCAGAAAGAGCTGACAGAGAGATTGGCAACCGACGATATCATCATTGAACACACGTTCTATTGCCCCCACAATACAGATGCAGGCTGCGACTGCCGCAAGCCCAAAGCAGGACTCTGGCATCAGCTGCAGCGAGCATATCCGGATATACACTCAGCAGGCGTCCTGATGGTGGGAGACAAAGATGCCGATATCGGATTCGGGAAAGCAATCAATGCCCGGACGGTGCGACTGTCTTCTTCCGAATACCCGGTCACCATTCCATCCGATGACACAGTTACAGATATGGATGAACTGGCGGACATGCTGTTTGAGGAAGCTGGTGAGCGTGTTCTGAGCATAGATGCAGCAGCGGATTTTGTACGAACGGCTCAGAAAGAAGGAAAGAAAGTGGTCACCACAAACGGCAGTTTCGACCTGTTCCACCCCGGTCATCTGTTCCTACTGAGCGAAGCACGGAAACATGGCGATCTGCTGATAGTCGGTGTAAACAGCAACGCATCAGTCAAACGCTACAAAGGCCCCGACCGCCCGATTGATGACGAACACACCCGCGCCCTCCATGTCGCCTTCCATGCCGATGCTGTTTTTGTCTTTGATGACGACGATCCGCGCGAGTGGCTGAAAGTCATCCGCCCCGACGTGCATGCGAATGCAGAAACATACGGCGCAAACTGCATCGAAGCTCCTGTGGTGAAAGAGATCGGTGCGGAACTGGTACTGATTCCGGTCAAAAAAGAGCTCGGATCAACCACCGAAAAACTTGCCCGTACCCCCCGCGCATGAAGACGATTCTCTGGGCACTGGCCACGTTTATCTGCTCTCCTTTTTTACTGCTAACCACTAGAAAAAAGGCAGAAAAACCACACAAGATTCTGGTAATCCGTTTCGGAAAAATCGGCGATCTTGTGGCAACTACCCCCATCATCCGTGCACTGAAAGAACGGCAGCCGCAAGCGGACATTTATGTCCTCTGCCGGACATCGTGTGCAGCCGTCCTCCGCAACAATCCTTTCATTCATACGGTCCACACGTACGATGAAAAAACCGACCGCCGCGCACTCCTGAGACGTTTCCGCAGAGAGCGGTTCGACTGGGTGATAAGCGTCATGCCCGATGCATTCGCATCCATCATCGGCATCTGGTCAGGGGCGCCCGTGCGCAGCAATACCATCTCTAGCGTCCACGGCATACTCGTCAGAGTCCTCAGCCTGTTCAGCACACACACCCTGCACTACGGATTCCATCAATCGACCTTCACACATCAGATGAAGATTCTGCAGGCACTCCATCTGGAACCTATTCCCTACAAGCTCGACATTTTCCCGGGCACCGATGACGTCGCGACTGCCACGCAGTGGATGGAACAGTCTACAGTGAAACCCAAACATTTCGTTGTCCTGAACCCGACTGCAGGAAACGGCATCAAGGAATGGCCGGTCGAAAAATGGGCGGAGCTGGCTGGCCGGATTCATGCAGATTATGCAATGCCGGTTGTCCTTTCCACACTGGACCAATCCGTCATTCAGGAGATCCGCACGCACCTCTCACCCGAGGTTGTAGCTGTCGATGCATCAACACTGAACCTGCACCAGGCCGCGGTGGTCTACGGCAACGCTGCTGCGTTTGTCTCGGTCGATACGGGGCCGCTCTATATAGCAGAAGCAATGCAGGCGCCTATTGCCGCCATGGTCGGACCTGTCGATCCGGTCGAACAGATGCCTCCACCCTCAAGCCGCGTCATCCACGTTCCCCCACCCGCAGGCACAGTGCCCTGGGTCTTCATCGCAAAGACGCCGCGCACCGGAACAGACGAGCAACTGCGTGCAAGCAGAGAGACAACCGTCGACAGTGTCTGGGATGCACTGAGTCGGTTACTCGGGAAGCAATAAGCCGCTTTCGAAGTAATCCTGTACACCGGATAAAAGCGTAAATGCAGGATCATATCCGAGCTTTTCCTGCGTGGGGACAATGTCCGCCTGCGTGAAATTCTGGTACGAGCCCACGTAGGGGTTCTCAATATAATCCGGTGGCAGACTGAGCCCAAGCGTTGCATTGAGCGCATCGATGATCGCATTGAACGTCACTGCGGTGCCAGTACCGACGTTATAGATGCCGCTGGCTTCGTGACCGACCGCAAGCGCACACAGGTTCGCCTGCACTACATCTTTTACATACACCTGATCCCGCTTCTGGGTTCCATCAAAAAAGATCCGGGGGTTCTTCCCCTCTCTCATTTGCTGTGCGAGTTGATAGATCATACTGGCCATATGCTTCTTGC
CP082927.1_gap22	1129480	1130784	1304	GATACGGTGATCCACTGCGCGTCTGCAGTCGGTGTTGGTCAGTCCCAGTACGAGATCAAGCGCTATACCGATATTAACGTAGGCGGCACCGCAAACCTGCTCCAGCTCCTGATTGAGAAAGACTGCACGGTGAAACAGATTCTGATTCCAACAAGCATGACGTCCTATGGCGAAGGCTTGTACCGATGTGAGACGCACGGCGATGTCCGCCCGGGCCTGCGTCCGGTGGAGCAGATGGAACAGCATGATTGGGAACCGCACTGTCCGGTCTGCGGAGCATCTGCAGAAGGTGTACCTATCAAAGAAGATGCCCTGCGTGAATCCGGCACCATCTACGCACTCACGAAAAACATGCAGGAAGATATGGTCATGAATATCGCGCCGCTCTACGGCATCAAGGCGACCGCCTTCCGCCTGTTTAACGTCTATGGACCGCGCCAGAGCCTGAGCAACCCGTATACCGGTGTGACCGCCATTTTCCTCTCCAGACTTAAAAACAATCAATCCCCTGTCATCTACGAAGACGGCAAACAGTCCCGTGATTTCATTTCGGTCCACGATGTCGCCCGTGCCTTTCTGCTCGCACTCGATACCGATGCCGCAAACGGACAGGTATTCAATATTGGCAGCGGCCACCGGACGTCCATTGCAGACATTGCCGCAACGCTCTCAAAGCTGACCGGCATCGATGTCCCGGCAAAGATCACCGCAGAATTCCGGAAGAACGATGTGCGTCACTGTTTTGCAGATACCACGAAAGCAGAGTCGATCCTTGGTTGGCAGCCGACCGTCAGCTTTGAAAAAGGCATGGAAGAACTTGTGTCGTGGGGCGAAAAGCAGGAGGCTGTAGACAAATTTGCAGAAGCAGAAGCTGTCCTGAAAAACCTCAACCTCCAGTCATGATTTCCGTCGTCATTCCCGCCCACAACGAAGAGCGCAACATCCGCACCACCGTGCTGGGCGTTGTGACGAATGTGAAAAATCCGCATGAGGTGATCGTGGTTGCGGACCATTGTTCGGATAAGACTGAGGAGATCGTGACAGAACTGATGCAGGCCTATCCGCAGATAAAAATGGTGAAGAATACCGAGCGGAAAGGCAGTTTCAGTAATTCCGTGATTACCGGCCTCAAAGCTGCAACAGGTGATCTGGTTGTACCGGTGATGGCCGATAACTGTGATGACCCAACAACGATTGATCGAATGGCAGCTGCGATGACAGAACGATCTGCCGATGTCGTGTGCGGATCGAGATACATCAAAGGCGGACACAAAGAAGGCGGGCCCATTCTCCAGAACATCCTC
CP082927.1_gap23	1167161	1170415	3254	TCAAGTCTCTACGCAGGAACATCGATCAGCGGAGCAGGACTCAGTGATTGTGATACAGGTGCAACCAGTAAGCTGCTGTGGGATGCAACCACCGGACGCTTCTCCTGTGGCACAGATCAGACAGGAACAAGCAGTTCCTTCTCCACTGGAAATGTGCTGACGATTGGCAATGCGAAATATGTGAGCAAGCAGGGTGACACAATGACGGGGGCTCTCGTCATTAATATCCAGGGTGGTTCACTCGGAAGTATGGGCCTGAGAGTGATAAATACCCTCTCCGGTGCCATCATCCACGCAGAGAAAGAACTCACCTCTTCCGGAACATTAATGGTGAAGCAGACGGGAACAACGCGTGGATCGGGAGCGCTGACAGCAGTAAACACGACACGCTACGGAACAGGGTCATACATGGCAGCATCCGGTGCCATTCTTGTCCTGGATAGTACGGCAGGTGGCATCGGCAGCAGCAAGTCTCCGCATATTCTGTTTGGGTATAAGGGAAACTTTGATATCGCTCTCTGGAGAAGTGCTGCGAATGTGCTCTCAACCAATGGAACATTCTCCGGATCCGTTCTCCGCGCAGACAGATTGCTGACATCCTCGGGATCGCTCGCGGTAGAATCTGGTGCATACATTGGGGGCGATGTGCGCTTCGATGCTGCAAGAAATCACGTCATCAGCGTACAGGGCACAACAGGGACCACAGGAAAAGGACTGAGCATTGTTGCAGGAGACGCTGCGATATTGGGAGGCGCGCTGGTCCTGCAGGGTGGAACAAACGGAACAAACCGCGCTGCTATTACCCTGAACGGCACAGGAGATCTTGGCGGTGATATTAGTGTCATTGCAGGTCATGCAAGCAACACCGCCGAGCAGGGGGGAAACCTGACACTGTCCGCCGGAAACGGAGGAAACAATCCGGGATATGTTGTGATTGCAGGTGGAGCAAATTCATTCACGGGAGCAGGAGGATCTGTCTACATCTACGGAGGAGACGGGGTATCTGCCGGCTCGGGAAACGTAATGCTTGGCATGACCAGTGCAGGTGTTGCTGCAGGAAACGTTGGTATCAGAACACTCAATCCGGGGACCGCGCTGGAAGTGAATGGTACAATCTCTGGTTCTATTCTCTTTGCAAACTCTGCTCTCCGCTCCTCCGGAAGCATTACGGCAGAAGGAACAATCAGCGGAGCAAATCTGTACGTAGGCACATCCATTCAGGGTGCAGGTCTGACGGATTGTGACACTGGTGCAACAAGCAAACTCCTCTGGGATACAACAACAGGTCGCTTCTCCTGTGGAACAGACCAGACAGGAGGTGGCAGCTCCAGTTTCTCTACAGGAAATGTCCTGACGATCGGCTCTGCAAAATACGTGAGCAAGCAGGGTGATACGATGACCGGTGCCCTGCAGGTACCGGAAATCAGAGGAAATGATGCAACGGCAATCAATACACGAGGAACCAACCTGGTTGTAGCCGGTGGTCGCGCGCAGGGTTCTGCAAGCGGCGGAGATATCCTCTTCAAAACCGCACCTACCAATACTGCAAGTGCTGCTGTTGCTGCCAACTTTGTTGCTGCCAACACCGAATACCTTTCCATTGGAGACAACGCCGATCTCTCGTTCGGTGACGAAGATTTCTCCATTGCGGGCTGGGTGTATTTCAATAGTCTGACAGGTGGCGGATCATTCGGAACGATTGTCGGCAAATACAATACAGGAGCAAACGAACGTGAATATTCCGTGTACCTGCCATCCGGTACCAACAAACTGCGCTTTGTTGTCACAAACAATGGATCCGTCGCGAACGGCATCCTCGATTCCACCGTCAGCGTCACCACGGGCACATGGTACTTCGTCTATGCTGAACATGATTCCGTAAACAATGAGCTTGTGCTTAAAGTAAACGACAACACGGCTGACACCCTTTCCTACAGCCTGGGAGGACGTGATGGTGCATCGACCTTCGCACTGGGAAACATGGTAGGTCTGTCCAGCGCGCAACTCGATGGACGCTTGGATGAAATAGCTATCTATAACAGAGTGCTTACCCCCACTGAACTTACATACCTTTACAACGGTGGAGCAGGACGCGTGTACGGAGGAATCGGTATCCCTGCAACAGATGGCTCTGATCTCACCACTTCCCTTATTTCCTGGTGGGATCTGGACGAGACATCTGGCAGCAGAGCAGACAGCCACGGATCCAACACCCTGACAGACAACAACACCGTTACAAGCGCAGCCGGTAATGTCTCAGCCAGCTCATCCGATCTGAATACACTGGTCAGCCGCATGGTTATCACGAGCTCCGGAGCTGTAGGAATCGGCACCATCACCCCGGGTTCCACCCTTGCGGTATCGGGCGCCACTATCATCAACGGAAAGGGCACCGCAAACACCAGGGCAAAAGCAGGTCTTGCTCTTGAAGTCATTGGTACCATCAGCGGTTCTACGGTCTATGCAGCGAGCGCTCTGCGTTCATCTGGATCCATTACCGCAGAAGGAACAATCTCCGGAGCCAGCCTCTACATCGGAGGATCCATGAGAGGGGCAGGCCTTGTCTCCGACTGTGACACCGCATCCACAAGCAAACTCCTCTGGGACTCTACAACCGGACGCTTCAGTTGTGGCACAGATTCCTCCAGTAGTTTCTCCACAGGAAACGTCCTCACCCTGGGTGGCGCCCGCTACGTGGAACTGAAGGGTGACAGCATGACGGGCTCACTCCAGACTCCGAGCGTTAACTTGTCCGGCGTGCTGCTGACCAGTCTCAATGGACATAACCAGGTTCTCAACTTGAACAATGCAGGACTGGCGACCTACGGCGTCACGCGCATGAGTGCAGATGGCAACCTCAACAATATCGGATCCATCCAATCCGGAGAAATCCATGCGACTACAAATGCCTCCTTTGGCACCGCGGTAACCTATACTGTGGGAAGCGGCCCGCGCGGTTCAGCCATCGGAGATTTTAACGGAGACGGAAGAGGAGATGTGGTTGTGACCAATGCCTCCACCACAACCATCTCCGTGCTCCTGAATACAGGCTCGGGCAAGCTTGCGGCAAAAACAGATTATACAGTCGGAAACTTCCCCTATGTGGTCGTTATTGGAGATTTGAACGGAGACGGCAAGCAGGACCTTGCAACCGCAAACAGCGGAGGAAACACCATGTCTGTGCTCCTGAATACAGGAAGTGGTAAATTTGCAACACACACAACCTACGCAACCGGCACTGCCCCGCGCGGCCT
CP082927.1_gap24	1238742	1239242	500	CACAAGCATGCGCAAAAACTGGCACAGGAGTACGGCGCCCCACTCACGACCACCTCCGCCAACGTGCATGGCAAACCAAACCCGTACTCCGCAGAAGACATAGTCAATCAGTTTGCAGATCAGGAATTCAAACCTGATCTGATTCTCGATAGCGGCACACTCCCGCACGTTCCACCATCCACCGTCATCAATCTCACAACGGATGACGACAAGACGCTGCGGTCAGGAACAATCAAACTCTAAGCCGGCACACATTCCAAAGTGGCCTCTTAGGGCCTTGCAATTTTTCACAAATAGGCGTACTCCGTGCGAAATCTTACTTTCTTACCCCCCAATTTTATGGCTTCCACATTGGAAAGCACAACAGCACCGGCAGAGACGACTGACGTCGTCGTCGATTATTCTCTTCCGCTGGATAAAATGACCCCAGCGCAGCGGGAGGCAGCTATTGCACACGGAATTGAAGATACAAAGAAGCATATTGCCGCAGAAAGACTGCA
