gap_id	start	end	length	sequence
CP087999.1_gap1	4052	6711	2659	ACTGGTATTTTACCGACGAACTGCCACAGTTCAGGGCAAGTATATCCATCAGTTCTCTATCCCCCTGCAAATATAAATGGTGCGTTGATATACCACGGAGAAAGATCTCCGTCAAAAAATAAAACTGCTTTTTATATACAACAGAGTTGTTTACAGTTCAACTTTTTTCTGGAGGCGTAACGTATACTTGAAGCGGATTTAAGGCCCTCTTTCTGGTGGACATTTTGATTTTGCTGTGGTAAGTTCCTGAAAAATTTTGACCCAAATACGCATAAAGGAGGTGAGTTACTTTGGCACATACCATTACCGACGATTGCATCAACTGCGGCGCATGTGACGATTCTTGCCCGGTTAGCGCTATCAGCGAGCAGGCTAGCAAGCGCGTAATCTCCGCTGACACCTGCATCGACTGTGGTGCATGCGTTGACACCTGCCCGGTGAACGCAATCCACGCTTAATCGATTTACCGTAGTATGCAATGCCATGGCCGGCAGCGGTTTTACCGCCGCCGGCCTTTTTTTATTTCCGGCGCGCAGTGCGCTGGGAGAATATGAGCCACAAAAAAGGCCGGCGAAAGCCGGCCTTTTTCTGTTCTTCCTTTTGAATTGACTGTTACTGCCCGGCGACGGTAGAGCCGATAACCTCTACGCCAAAGTCGGCAGCCTCCTTCGGCACATTCGGTATCGCCACGACGAAGGGAATCTTATCCCCCGGCTTCACACCCAGGTTCGCGAGGGAGTCGCCAAACTGGTTGTTCATGGCCGCGTCGAGCTTCGCCATCGGAAGGGTGGTCAGCTGCTGCTCGGAGAGACGGTTTCCGCAGTAGGCGGTTTTTTGTACCAGCACCTTTCCGCTCTTGTCGAAGATGGAGACCCTTACGTGGATCGAGGCGCGAGGCTTGCGGAACTGGTTTTCCGCCTCCCCGCTCACCACGAAGAGCTCACCCGCCTCCTTGTTCTGGTAGAAGGAGGCCAGCGGGTTGACGATGGCAATTCGCCCCTCCTCCGCCCCTTCCAGCCCGAGCCAGTGAGCGACCGTCCCGAGGCCGAGGCGGTCGAGGGCGGAAGGGCCTCCCTTCATGAGGTAGTACCCGCCTCCGGCGAGGGCAGCCACCAGGAGAACGGAAAGGAGCGCCAGCGAGGTGGTAACGACGGGACGCCCCCTGCGACGGGAGGGGATCCCCAAGGGGGGGAGTTCCTCATCGGCAGCCGCACCGTGAGGAGCGGTCGCGGAATCTCCGAAGACCTTGTCGAAATCGAGGAGGCTCGACAGCGGTATTCCCGGACCACCCGCCGCGTCGGACGCACTCTCCTCTTCAGCTGAAGGGTGCGTGCTCGCTACGGCCTCCTCATCATGCCGCGGTGCGGCAGGGGTAGCGGCCGGAGCGGGAACGACGGGAGCTGGAGCGGGGGCACCGCCGAGGAGGTCATCATTGAACGAGAAAGCGGATTCCTCCGCGGCATTCTTCAGTTCCGGAGCCGCCTCCTCCTTTTCCTCTGCAAAGGCGAATTCGTCAACTCCGGGGGGGGCGGGCGCGGCGTTCTCGCCGGAGAAGGCGAAGCCCCCTGTCTCCGGCTCCTCGTAGCCGCTCTGTGCGAGCTCACGGGCCGCCTGGTCAGCATCCCCTTCAAAGGTGAAGTCACTGAGGTCGAACTCAGGCACCGGCTTCTCTCCCTCTTCCTCCGCATCAAAGGAAAAGTCGCCGAAGTCGAAATCACTGCCGACCGGTGTCACACCCTGCTTCGGGGCGGGCTCTGCAGCGGGCTCTTCCTCCAAGGAAAACTCGCCGAAGTCGAACTCCCGCGCGGGAGATTTCTCCGCCTCCAGCGCCGGGGGGGCAGGTGCAGTTACCTCCTCCTCAAAGGAGAACTCCTGGAATCCCACCACCTCCATGCCCGAAGGTGGCGGCTCCAGCTCTTTCGCCGAAGGCTCGTCGTCGAAGGAGAACTCGTTGAATCCTGCCATCTCCTCCGTCGGGGGAGGTTCCTCCCCTTTTGCGGACGGCTCGAGATCAAAGGAGAAATCGGACGGGGCGAAATCGGTTGTGGCAGACGGCTCACCGGCGGGCTCCGGCTCAAAGCTGAACTCGCTCACCCCAGCAAAGCGCCCGGCGCCCTCCGGCTCCTCCTCCTTTTCGGGGGGAAGGCCGAAGGCGAAATCGGCGGGCTCCGCTGCGCCCTTTGCCGCATCTCCTTCTTCTTTCTCTTCGGGGACGGGGAGTTCCGGGGGGGCGGGCTCCTGCGGCGCGGGGGCGGGTTCGGCAGGTTTCGCTGCGGGGGCACCAAGGCCGGAGAGGATCGCGTCGAAATCGGTCTCCTCCTGCGGCTGCTCGGCGCCGGCTATAAAGACGTGGCGACACTTGGAGCAGCGGACCTTCACGCCGCCCGGCTTCAGCTTCGAATCATCTAACCTGAATCTGGTGCTGCACTGTTCACATTGGAGTATCATGCTGTCCCTTTAAGAGGAGTATCGGTTACTTCATAAATAGCGGAAAGCTCCCGCATCCGCTCGTCCAGGTCGAGGCCGTAGCCGACCAGAAAGCCGCTGCCGCATTCCATCCCCACGTATTCAGGGACGATGGGACGCTCGCGATGCGCCTTCTTGTTGACCAGAGTGCAGATGCGTACGCTTTTGGCGCCTCTGCTGCGCAACATCTCCA
CP087999.1_gap2	43941	46684	2743	GCCGGTCGCGGACTTCATAGTTTTCACACTATTCAATCTCACCCCCGGGAGCCACGTCGGCGATGCCCTCCACTTCTTCATCTACGACACACTCAAGATCTTTTTCCTCCTGGCGGTGATCATCTACCTGGTGGCTATCATCCGATCGTACTTCCCACCCGAGAAGACGAAGCGGATCCTGTCGCACGAAAGGGAATATGTCGGAAATGCTGTCGCAGCCGGTCTCGGTGTCGTCACTCCCTTCTGTTCCTGTTCGGCCGTTCCCCTCTTCATCGGCTTCGTGGAATCCGGCGTTCCCCTGGGAGTTACCTTTTCCTTCCTGGTATCGTCCCCCATGGTGAACGAAGTGGCGCTCATCATGCTGTGGGGCATGTTCGGGTGGAAGATCGCCCTCATATACATCGGTACCGGACTCGTCGTCGCGATCGCCAGCGGCATCGTCATCGGACGGCTCAAAATGGAGAAGCACGTCCAGGACTACGTCTGGGAGATGCGGGTGGGGAGCACGGAGATTGTGGAGCAGGGATGGCCGGAGCGCTTCCGGTACGCCAGAGAGTACACTCTCGGTCTCCTGAAGAAAATCTGGCCATACGTGGTGATCGGCATCGCCGTTGGCGGCTTCATCCACGGCTATGTCCCGCAGGATTTCCTCGCGAAGTGGGCAGGGAGGGAAAATCCGTTCGCCGTACCGGTCGCGGTGGCTCTGGGGGTGCCGCTCTACAGCAATGCCGCCGGGATCATTCCGATCGTTCAGGCCCTGACAGCAAAGGGAATGGCCATCGGCACAGTCCTCGCCTTCATGATGGCTGTCACGGCACTCTCCCTGCCTGAAGCAGTAATACTCAGCAACGTCCTTAAAAAGCCGCTTCTGGCGACGTTCTTCGGTACGGTAGCCTTCGCCATAATCCTCGTCGGCTACCTCTTCAACGCCATTTTGTAACGGCGCTCCTCGAAAGGAGCTGCAGAGCCGAATTTTCCTGAAGGGGGATAGTTATGAAAATCGAAATCCTGGGTCCCGGCTGCGCGAAGTGCAAGACACTGTACGAGAACGTAAGGAAGGCAGTTGCAGAGAGCGGTTCAGCTGCCGAAGTCGTCAAGGTGGAAGAGATCCGGAAGATCATGGCGTACGGCGTCCTGAGCACCCCGGCACTCGTCATAGACGGCGAGGTAAAGTTCTCGGGGAAGGTTCCCTCCGTCAATGAGCTCAAGGGGATGCTTTAGGACGGGCAGGCGCCACGTGTGAAGAAACCACCAAAGGAGACGGTAATGAAATCAAAGCTCGCAGCCATGGCGATTATCCTTGCTCTCGCCGCGCAGGCACATGCAGAACTGCCATCCGCTTCTGCAGCTGCCATTCAGCAAGCCCTCACCTCGGGAAAACCTGTCGTCATCGACCTCGGCGCTCGCACCTGCATCCCGTGCAAGAAAATGGCGCCGATACTGGAGGGGCTCTCCAAAGAGTACCGTGGCAAGGCGAACGTCCTCTTCATAGACGTTCATGCAGACCGAGCTGCCGCTGAGCAATTCCGCATCCAGATGATCCCTACCCAGATCTTCTTCAATGCCCAGGGGAAAGAGGTGAAGCGCCACATCGGATTCCTGGAGAAGGCGGAGATCGTAAAGTATCTCCAGACGGCCGGGCTGAAATGAGCTTTCTGGACAACATCGAGCAGATCGTCACCCTCTACCCCGTCGTCGCCTTCGGGGCAGTCTTCCTGGCCGGAGTACTTTCGTCAGCATCCCCTTGCGTGCTGGCGACAATCCCGCTGGTGATCGGCTTCGTAGGAGGGTACTCTGACGGCGACCGCCGGAAAGCATTCCGATACTCACTGGCGTTTGTCGTGGGACTGTCGTTGACCTTTACCGCGCTGGGCGCCGCGGCAGGTATTTTCGGTACCATGTTTGGATCTCTGGGTGGCGGATGGTATGTGGCGGCAGGGACAGTAGCCATCCTGATGGGGTTGCAGATGCTCGGCGCCTATGAGATCCGCCTGCCGCTCCGGTGGAATTATCAGCCCGGTAGACGCGGCGTGGTCGGGTCCTTTCTCCTTGGACTCCTGTCTGGTGCGGTCTCATCCCCCTGCGCCACCCCGGTCCTGGTCGTCATACTTACTGTGGTAGCCACGACAGGTCATGTGTTGTACGGCGTCAGCCTCCTCTTTACGTATGCCATCGGCCACTGCGTGTTGATGCTCGCTGCAGGAACGTCCGCAGGCTTTGTGGACGCCTTCATCAAGACAAAGGGAGTGGTGAGTTTTTCCGTATGGGTAAGGCGCATAAGCGGAGGCATCATCACGGCGGCAGGCGGCTGGTTTATCTGGAATGCCTTTTAGCTCATCATCGAAAAACGCCGGCTTCCTGGCGGCGCACCAGTAGCAGCCAGGCCAGCAGTAGAACTTCCGGCCGGTCTCGCCGCCAGAGATGGTCTCCGGGCATCTCCCTCTGCAGCGCTGCGGGCCGCAGCGTCCACCGCCGAAGCAGCACCATGCAGCGGCGGCGCCTCCTGCTGATAGACTCTTATCAAGGGAGGAGGTCTAGCGATGGAAGAAACAGGCCATGCACCAGGTTGCGGCTGTGCGGCGCACGCAGCGGATGCGTCCGTTTCCCTTGTGGGCAGTACCGGGCAGGTTGTCTTTGACGTTCGGGAGAAGTCGTCGATGATCAGGTATCTCGGCGAGACAGCGGTCACCATGAAAGGAGGGGCGTTCAGCGCCGGGAAAGTCCAGGCCGTCGCAGTCCTTTG
CP087999.1_gap3	48592	53444	4852	CGAGACCCTTGCGCTTCACCCACCCCGTCAGGGCGTTTTCCAGGAAGGCCCGTCCCCCCGGTGCTGCACGCTCTTCAGTCGACGGCGCCTCCTGCGGCGCGTTTCGCACCGCCTGCGGAATGAGCTCAAGATCCTCGTTTTCGTCGCGCGGCTCCTCCCCCCTCGCCGGGTGCGCGGCGAGGCAAAAAAGGAGCAAAAGGAGCGTCGCCTGCCTGCGCATCATTCACCCTTCAGACGCGGGAGAAACTCACGCTGGTACCAGCTGTCCGGGATCTTCTTCGCCTTGTAGCCGGAGAGGTTCATGGTGGTGACGAGCTTTGGGTTCACCCCGTCGATGAGGATGATCTCCGCCGGTCTCTGCGCGCCGAGCTGCTCTTCAAAGTTGTGATAGTAGGCGATCTTCAGGAGCCGACCGCTGTCTGAGTAGAATTTTCCCTTCACCGGCCGGTAGCTGTCCTTTTCCACCCAGTACTCGGCGCGTCCGTAGATCGCGCTGTCGTTACTCGGCGTGAGCTCGAGGTGCCAGCATTTGCGCGGCTTGCGGTCCGCGTCGTTCAGCATTTCCCCTTCCGGCGGGCCGACGAGCTTCGCCTGGTAGTCCCTGGCGAAATTCACCGTCACCACGTCCCCCTCGGCTGCCTGCCCGATGAGCCTCTGCTGCGGAGAGATCCGCACACTCGTCCTCGAAGCCGGGTCGTAGAACCACATCGTGGTGCCGCTCATGAGGACGGCTTTCCCGGCGTCGCGAGGGGGCTCCAGGTAGCGCACGAGGTTCTTGTATTGCCCCGTCCCCTGGTCGATCTTGGAGTAGACCCGCAGGATGACTTCGTTTCGCGCCGCTCCGTTCACGTACTCGGTGAGGCGCAGCCCGACCTGGAAAGGCTCCGCAGGGTTTCGCACCGCATCGGAGCGGGTGATGATGTTTTGCGCCGACTCGGCGGAGAAGGCGTACGGCACCGCGAAAAAGAGGAGCAGGATAATCGGAAGAGAGAGGTTCACTTTTTTCATACGTGCCCCAGTGCATCGACGATTTTCATCCGGGCCGCTCGCCGCGCCGGGATCCAGGCGGCAACGGTGGCCATGGCGCAAAGGCCGAGCCAGATCTCGAAGATGAGGTGCTCGACGCCGCGGGTCCGGACGATAAGGTTGGTCGGGTGGGACTGTCCCGGCGGATGCCAGGTGAGCCCCGCGTGGTTGACGCCGTAGCTGGCAAGATAGCCGAGGATGATGCCGAGAGTCGCGCCGATGACACCGAGGATCGCCCCCTCGAGGATGAACTGGAGGGTGATCCCCTTTTTCTTCACCCCGAGCGCCCTCAGCGTTCCTATCTCCTGGGTGCGCTCCATCACGCTCATGCTCATGGTGTTCACGACCGTAAAGAGGACAATTACCGCCATGACGACGGAGATAAAGGAGAAGATCGCCACGAACATCCCCACCGCCTGCTTGTAGAAGGGTTGCAGCTCGTTCAGCTCCTTCGTCTCGAGGTCGAGATGATTCTCCCTGATCAGCCGCTCCAGGCGGGCGCGGGCGACCGGAATGTCCTCCGTGCGGTGCAGCTGCACCACGATCCCCACCGCCTTTTTCTCACCGCGTCCGTACAGCAGGCGCTGCGCGAGGTTGAAGTTCATCACCACGAGAGCGTCGTCGTACTCCTTCACCCCTTGGGAAATCGCCTTGTCGACATAGAAGTTGACGACATTCGGCGCCCCCGCCGCGGTCGCCGCCAAAAGGTCGAGACGTGGAGCGGACTGCGGCTCCCCTCCGTTTGGCGCCCCGGACGCGGACTCTTTTGCCTCTCCCTCCAGGGCGCTGAAATCACGGGTCGCCGGCCCCGAGATCGCACCGGCGGCGGGCTGATCGCCCCCCTCCCCTTTCGGGCAGTCGCCCAAATGGAGCGCCTCGCAAAGCCCGAGCATCCTCGCCAGCCCCACTCCGATGAAGCCATGGGACTCGTCCTGCTCGTTGATGCGGTTACTCGCCGCGACCGGGTCGTAGTCCAGGTGGTGCTCGTTCCAGCGTCGCATCTTGTTGTAATCCGCCGGCACGACACCGAGCCCGAAGAAGGTCTTCGACGCCTGCGCCTCGAAGTTTCCCGCTATCCCGAAAAGGTTGATGGTGGGGGTGACCACGTTGATCATCGGCTTGAGAACCGGGTCGTTTCCAATCAGCGCCAGCACCGCCTGGTAGTTGTCGATGCCGTACGACGCGGGGTTTCCCACACCGTACTTGAAGTAGCCGTTCCTGAAGACCGCGAGATGTCCCGACCGCGTCACGTTCTGCGTTTCCAGCGCCACGAAGATGTGGGAAGTGAAGCCGCCGAAGAGGAGGAGAGCCATGGCGCCGACCGCGATGGCGGAGACGGTCATGAGCGAACGCCTGAGATTTCTGAGAATATTTCTGGCAGCGATCTTCAGCGTCGTCATTTGTCCCTCTCGACGTGCTCGATCAGTTCGCCGTCGCGGATGGAGAATACGCCCTGGGCGTGGGAGATGAGCTGCGGATCGTGGGTGGAGAAGATGAAGGTGGCGCCGTAGCGCTCCTGGACGCCGTACATGAGCTCGATGATGGCGGCGCTCGTCTTGCTGTCCAGGTTCGCCGTCGGCTCGTCCGCCAGCACGAGGCTCGGCCCCTTCACGAGCGCACGCGCTATCGCGACCCGCTGCTTCTGCCCGCCGCTCAGCTGGTTCGGCCGGTGCGACGCATGGTCCGCGAGTCCGACGGACTCGAGCATCGCCATGGAGCGCTCGCGCCGCTCCGCCGCCGGGAGCCCGAGGAGGGTCAGGGGGTACTCCACGTTTTCAAAGGCGGAGAGAACAGGGATGAGGTTGAAGTTCTGGAAGACGAAGCCGATGTGCTTCGCACGGAATTCGGAGATGGAGTCGTCGGAGATGGCGCCGACATCCTGCCCGCACACCTCGATCCGTCCTTCCGTCGGCTGGTCCAGGCAGCCGATCATGTTGAGGAGCGTTGTCTTCCCGCTCCCGGAGGGGCCCAGTACCATGGAGAAGCGCCGGCGAGGGATGGAAAGGGAGACCTTGTTCAGAGCAGGGATGGAGACCTCCCCGACCTGGTAGATCTTCGACACCCCCTGGAATATCACCACCTGATCTTCCTGCACGAAGCGCCCCTCCTCATATCACTCAGACTAAGAATTTTACTTGAGGTCCCCCCTCCCTTGACGGGAGGGAGACAGGGGGTGGGTGAGGCTGCTACCAGCTGGACTCGTGGCACCTTCCCCCCCACCCTGTCCCTCCCCCGCATGGGGGGAGGGGACGTTCCAACTCCTGCCCGAAGTCCTCGGAGGTACCGCACGCTCTGAAGCGGTGCTGATGTCATGAGTGCACATTTGACTCTTCCTCAGCTGCGGCAGATTAAAGCATACAAAAGAGAATGTCAATCGAGCTCCGAGAACAACCAGACCGTCTATGAAAGCTCATTGTGACTTCCGTGTTGATGTCCGAAAACAGCTAGTCTTATCCCTTCCGATGCTATAGAAGTAGAGAAGAGGAGATAGAGGATGGAAATTCGCACCCTTCCGCTCGACAAAACAGCCTGCTACGACGCCATGCGCGCCCACGACTCCCGCTTTGACGGCCGCTTTTTCTGCGGAGTTTCTTCCACCGGGATCTATTGCCGCCCTATCTGCCGCGTCAAGCTTCCCCAGGAGAAGAACTGTTCTTTCTTTCCGAGCGCTGCCGCCGCCGAGGCTGCAGGGTACCGCCCGTGCCTCAGGTGCAGGCCGGAGCTCGCTCCCGGCCTCGCCCCTGCCGATTCCTTTGCAAGGATTGCCAGATCGGCCGCCCGCATCATCGAAACGGAGTGCCTCGCTGACCAAAAGATCGTCGACCTAGCCGAGATGCTGGGGATCACCGACCGCCACCTGCGCCGCATATTCCTCTCGGAGTACGGAGTCTCCCCTGTGCAGTTCCTCCAGACCCGCCGGTTGCTCCTGGCAAAGAGCCTCCTCACCGATACCTCCCTCCCTGTAACGGAGGTGGCGATGACAGCAGGGTTTGGCAGCATCCGCCGTTTCAACGACCTTTTCCAGAAACGCTACCGCCTCGCGCCGTCGAGACTTCGAAAGGAGACGGAGAGCGGCTTGCGGGTGGCAGACTCCCTCACCTTCACCCTCGCGTACCGCCCGCCGTACGCCTGGAACGAGCTTCTCTCTTTCCTGCGGGACCGCGCCATTCCGGGGGTGGAGTCGGTGACAGCGGAAGCGTACCGTCGAACTGCGGCGATTCGAAAGGGGGATACCGTGCACAAGGGGTGGATCTCCGTTTCGCCGGCGCCGCGCCGTGATGCGCTGACCGCCACACTCTCCATGTCGCTGCTCCCGGTCCTGCCGCAGGCTCTCGCCCGGATCAGGCATCTTTTCGACCTCGACTCCGACCCGGCAGCGGTGCAGGAAAAGCTCTCGTCGATGGCGGCACTTTCACCTCACCTTCCCGTCGCCGGCATCCGGGTCCCCGGCTCCTTTGACGCATTCGAGATGGCGACGCGGGCGGTTCTGGGGCAGCAGGTTACGGTGAAGGCGGCCCGCACGCTGGCGACGCGGCTGGCCGCTTCTTTCGGTGAAAAGGTGGAGACGCCCTTTGCAGAGCTTTGCTGCACCTTTCCTCTTCCAGAAAGGGTGTGCGGGCTCGAGCCTGTGGCCGATCATCTGGGGCCACTGGGGGTGATAGGCGCGAGGGCGCGTTCCATTCAGGCGCTGGCGCAGGGGATTTCCTCCGGCTCCATCACCCTTTCCCCTCATGCCGATGCCGCACAGGAGATGGCAAAGCTTCTGAAGCTCCCCGGTTTCGGCCCATGGACTGTCCAGTACGTCGCCATGCGCGCCCTTGGCTGG
CP087999.1_gap4	70904	73166	2262	GACAGCGGAAAAGGGGGTTCCAATGGGCACTAAGGTCAGCAAGGTATCGATCGGCGCATTCGTCCTCGGGGCCGTCGTCCTCCTTGTCGCTGCGGTACTGGTCTTCGGAGCCGGCAAGTTCTTCACGAAGCAAAACACCTATCTCACCTATTTCGAGGGGTCGGTAAAGGGGCTGAACGTCGGCTCCCCCGTCACCTTCCGCGGCGTGAAGGTCGGCTCCGTCTCCGATATCAGCATCATCATGGACGAGTCGACTAAGGCCCTGAAGATTCCGGTCGTCTTCGTCATCGACCCCGCCAAGTTCAAGGGTACGCGCGCCGAGTTCCAGCGCGGGGACCCCAGCAGCATCAAGAGGGCCGTGACGACCTACGGCCTCAGGACGCAGCTCCAGTCCATGAGCTTTGTGACGGGGCAGCTCATGGTCGCCCTCGACTTCTTCCCCTCCAAGCCCGCCAGGTTCGTCGGTCTCATCAAGACGTACCCGGAGATCCCGAGTGTCCCTACCCCGCTCGAGGAGCTGCAAAAGACGGTGCAGGACCTTCCCCTGAGGGAGATCGTGGAGAACCTGAACCGTGCCATCGCCGGGGTGGACCGGGTCATCTCCTCCGTCAACGTGGAGAAGACCACGAAGAACATCGACGTGGCCCTGCAGGACATCCAGGGGCTGGTGCGCAACCTGAACGGCAGGGTAGGTCCCCTCACCGAGAGTCTCGCGAAGACCTCCGAAGAGGCGCAGGCGACCCTGAAGGAAACGCAGGAGACGGCGGTCGTCGTGCGCGGAGGGATAAAGGAGCTGGCCGCCTCCACCCAGAAGACCCTGGAGGCGGCGCAGACTGCCCTGAAACAGTCGGAACACACGCTGCGCTCTTACTCGGACGACTCGGAGATGATGGCCCAGATGGACAGGACGATGCGCGACCTCTCGGCGATGACCCGGTCGTTCCGGCAGCTCTCCGATTACCTGGAACGCCACCCGGAGGCCCTGATCCGCGGCAAGGGGAGCGAAGGAGGTCGTGATGGCAGGTAGATTCCCGCTGCTGGCCGGAAGCATTGCCGGTGCCCTTACCCTCTGCCTCGCCGGCTGCGCAAGCTCCCCCCACACCCGCTTCTACACCCTCCATCCGGTCGGGGAGCGGCAGGTCGAACGGACTGCCACGCCGGCCGCCCCGGTGTCGGTCTTCGTCAGGCCGGTCGACATCCCCGATTACCTCGACCGCCCCCAGATCGTGACGAGGAGCGGTCACAACGAGCTGGTGCTCGCGGAATTCGACAGATGGGCCGGCTCGCTGGCCGACGACATCACGGCGGTCGTGGCGGAGGACCTTTCCCGGCTCCTCGGGACGGAGAGGGTCTACAGCAATCGTAGTGTGCAGGGGGAGAAGGCGGACTACACCGTCGCGCTGCGCATTCTCCGCCTCGACTGCACCCCCGGCGAATCGGTCTTCATGAGAGCCCAGTGGCTGGTCCGCTGCCCAGGTGAGGGGAAGAGCGTCTCCGTGCAGGGGGGCACCTTTACCGCCCCGGTAAAGGATCGCCAGTACCAGACGGTCGTCGCCGCGGTGAGCAAGGTGCTGGAGCAGGTAAGTATCGCCATTGCGCGGGATATAGCCCCGGCGGAGAGAGCGGCCGATAAGACTGGAGCCCCCAGATGACAGCAACGACAGAAAACCAGGACGTGGTACGCATCACGCTCGCGGTCCTCTTCATCGTCGTCCTCATCAGCGCCTGCTTCTCCATACTGCGCCCCTTCCTCACCGCCCTCGTGTGGGCGACGATGATAGTTGTGACGACGTGGTCGCTGATGCTGCGGGTACAGGGTCGCCTCGGCGGGAAGCGCTGGCTCGCCGTCACCGTCATGACCCTCGGGCTCCTCCTCGTCTTCATCATCCCCTTCGCGCTGGCTATCGTCGCGATCGTCGGACGCGCCGACGACGTCGTCGCCCTCAGCAAGTCGCTCGCCGCCCGCCCCCTTCCCCCCCCGCCGGAATGGGTAGAGAGGCTCCCGATCGTCGGGGGAAAAGTGGCGGCGCGCTGGCACACCTTTGCGGCGGCGAACCAGGCGGAACTGTCGGAGCGCTTCGCCCCCTATGTGAAGAGGGTGGTAGGCTGGCTCATCACACAGCTCGGCGGCCTTCTCATGATGGTCGTGCAGTTCCTTCTGACCACGATCATCAGTGCAGTGCTCTACGCGGGGGGGGAGCAGGCCGCGAAGGGGGTCTGTCTCTTTGCCCGGAAGGTGGGGGGGAAAGACGGTGAAGCAGC
CP087999.1_gap5	89910	93584	3674	GCTGAAGTAGTCCCAGGCGTCGCCATTATCACTGTAGTCCTCCCGCACCGTCCCCCACTGGCGCTCCGACAGGTACGGCCCCCACTTCCGCCAGGGAACCTGCTGCTCACGTGCTTCCTGCAGGCGAAGAGTTTCAGCAGGTGTAGTGGAATTCTCAGATTTTTTCATGCTGTGAGCCCTCCTCTTTTGAGCTTTTAATCCCACCGCCGTTTACCTCAACAGGTGTAACGAAAAAGCATCTACAGCAAAAAAGAGCAGCACCGCGGCAAGAACCACCAGCCGCATCATTAATTGCCGCCAATGTCTGCACCGAGAAAAAGAATATCGCTCAGGTCGCGTCTATGCCAGCAGCAGAGTGGGACAAAGCCTGCTTTTGTGAGCGCCGGCGGGAGATGCGAGCGGTGCACGTGACGGAGGAACGGTGGAAGGAATGTTCGGAAACGTGTGGGACGTGGGAGGCGTTTGCGGAGCGGCTTGAAAGCCCGCCCCGCGACAGAAGAGGATGTGCGAAGCTGCAGGCGCTGCTGGTGACTAGAGAAGCGCCAGGTCTGCAGCCTTTCGCGCATGGATCGCTGCAGTATCGAAGAGAGGAGTAGACGAATCCGCAGGGGGAAGCAGGAGTGCGATCTCCGTGCAGCCGAGGATCACCCCTTCCGCCCCGCGCTCCACGAGGCCCGCGACAATCGTGCGGAACGCGTCGCGGGACGCCGCGTCTATCTTCCCGAGGCAGAGCTCCTCGAAGATGACCCGGTGCACGAGGTCGCGGTCCTCCTGATCCGGGACGAGGACCTCGAATCCGTGATCCACCCGAAGGCGCTCCCGATAGAACGCCTCCTCCATGGTGAAGCGGGTACCGAGGAGGCCGACCGTGGAGATGCCTTTTTCTTTGATCGCCTGCGCCGCTGCATCGGCTATATGGAAAAGAGGAATATCGACAGCCGCCTCGATCGCTCCATAGACCTTGTGCATCGTGTTGGTGCACAGCACCAGGAAGTCGGCCCCTGCGGCCTTCAGCGCACGTGCCGCATCGGCAAGGACCTCCCCTGCCGCAACCCACTCCCCCGAGCTTTGCAGCTGCTCTATCTCGTGAAAATCCACGCTGTACAGGACCAGCTTCGCGGAATGAAACCCGCCGAGCGACTCCTTGATCTTCTCATTGATGACCTGGTAGTACGAAACCGTCGACTCCCAGCTCATCCCCCCTATCAGCCCGATGGTTTTCATTTCTGGACCTCTTTCTGTGGCATTGGAATCCGGAAAAGCTCTGCATACGTTCCCCCTCCCTGGACGGGAGGGGGACAGGGGGTGGGTGAAGCTGCCATCTGCTGGAATGGTGGCACCTTCCCCCCCACCCTGTCCCTCCCCCGCAAGGGGGGAGGGGACCCGTTCAACCTCCGGCGCGATTTCCATAGACCCTGTTTTAGTGGCTGGCAAAGAAACTGCGGAAAGAGTCGATCGTTCTGTCTACATCCGCGGCGGTGACGTCGAGGTGGGTGACGAGGCGGATGCTGTCACCGCGCCCGAGAAGGATCCCTTCCGCCGCCATCGCCTCGCGCAGCCGGTCAGCGCTTCCTGCAGGGGGTGTCACGAAGAGCATGTTGGTCTGAGCCTGAGAGACGGCGAGTTCCTCTATGCCGGCCAGCCCCTCGGCAAGGCGCTGCGCGTTTTCGTGGTCCTCGGCGAGCCTGTCCACATTGTTCTGCAGAGCGTGGATCCCTGCGGCGGCGAGGATACCTGCCTGGCGCATGCCGCCACCCGCCACTTTGCGCCACCTGCGCGCCTTGGAGATGAGCTCTGACCCGGCACAGAGCACGGAACCGACCGGCGCCCCGAGCCCCTTGGAAAGGCAGACCGAGACGGAATCGAACCTGGAGGCGATGACGGAGACCGGCACATCGAGCTCGACCGCCGCGTTAAAGACACGGGCGCCGTCGAGATGGAGCGCGAGGCCGTGGCTCAGCGAGCACTCTTTTGCCGCGTCGAGGTACTCAAGCGGCAGGACGCGTCCCCCTTGGGTGTTCTCGAGGCAAAGAAGCTTTGTAACTGCGTGGTGGTAGTCGCGCGGCTTCACCATGGAGGAGACCTTCGCGAGATCGAGGGTGCCGTCCTCCTCGAACTCGATCGGCTGCGGCTGAACCCCTCCAAAGATCGCGGCGCCCCCACCCTCCCAGCGATAGAGGTGTGCGTGCTGTCCGCAGATGTATTCGTCTCCCCGCGCGCAGTGCGACAGGAGGGCGAGGAGGTTACTCATCGTACCGCTGGGGACAAAGAGAGCATCCTCCATCCCGAGCATCTCCGCGGCGAGCCGCTCCAGACGGTTCACCGTCGGGTCTTCACCGTAGACGTCGTCCCCCACCTCCGCCTCCAGCATAGCAGCACGCATTGCGGCAGACGGACGGGTCACCGTATCGCTTCTAAGATCAACAGTCTTCATACTCTCCTCTGAAGTGTCACTTGATTTATAACTGGGTCGGGTATGTCGTAGCCAAGGCAAATCCCCCCTGTCCCCCTTGGGGGGGACGCGAGGCCTCCTCCAGCGCTACGTGGAAAATTGGCCTCGACCTCTCGTTCCCAGGCTCCTGCTTGGGGACGCAGCTGCCCGCGAGGCTCCGCCTCGCCAATGCCGCTTCTTGCTTTCCCGCTGGCGCGGATGCAAAGCTGGAGCTTTGCCCCCAAGTGCGTTCCCAAGATGACCTTGGGAACGAGCAGGCGTAGTGCGAGTTCCCAGCTACGCAAAAAAAAGCCCCTGACCTCGCAGCCACTTTAATAAAAGTTTCAGGCAAAGCCAAGGGCTTTATGGCCGCACAACCTTGTTGCCGCGGCTCGAACCGCCGACCGGTGACGCGGTTACTTCCCCTTTTCCATATTCATCTTCATCATCTCGCACCCTTTAACTACTTCGTCCGCCTCCGCGATCACCTTCTTCGGATCCGGCGTCTGCGCCTTCACTTCCTTTTCGAGCAGGTCCAGATGCTGCCGAAGGGATGAAAGGCGCCCCTCCATTGTCTTGATATGCTCGTCCATCTGCTGCCGCACATCTGCAGGTATCCCCCTTTTGTGCTCGTCATGGTGCTTCTTCATGAGCCCGAAGCTGCGCCTCATCTCCTCAACAGCAGTCTCCGCAAACTCCTTATCTACCTTCCCCGTCCTGCGCACCTCCGACTTCAGGGTCTGGGCAAAGATCTCCATGCTCTGCCTGTAAGCCATCCCGAGCTTGTGGTGTGTATCCTCCATCATCCTGTGCATGCCTCCGCCGCTCATCCCGCCCGGCTCAAGGCCATGGGCCTGGTGCGGCGGCTGCGCTGCAGCATTTCCGGCGCAGAGGCATCCGGTGAGTAGTATTACGTTCAGGATCATTTTCCTCTTCATGGCACGCTCCCTTTGATCCACTTTGTTCATGCTGAGTTAGGCCTCCAGCTAAAGCCTATCCCCGGGTCGAAGTGGATGCAAACGGCTGTGCTGCAAAGGAAAATCAAGTTCTCACGAAGTCGGGACTTGAGAAGCTGTAGGGGAAGTTCATGTGGTCGGTGTAGGTGCCGGCGAGGATGGCTGCCACATCCTCCGTAAAGACCAGTTCCTCGTCGGTGGGTATCACGTAGACCCTCACCGGAGACCAGTCGGCGCTTATCAAGGTCTCCCGGCTCCGGCTCATGGCGGAGTTGTTGCGCGCCTCA
CP087999.1_gap6	98040	102828	4788	TACTTCAGCCCCATGACCTGCACCGCGCCGGCGAGCTTTTGCGGTTCATCAGCGTCGAGCGGGGCGGGCCGGCCGTGGGCGACGTCGCAAAACGGGCACCTGCGGGTGCAGACAGCCCCCATGATCATGAAGGTCGCGGTGCCGAGCCGGAAGCACTCACCCATGTTCGGACAGTTCGCCTCCTCGCACACCGTGTTCAGGCTGCTCTTGCGCAGTATCCCGGTGATCCGCTCCACCTCGCTGCCGCAGGGGGATTTCACCTTCAGCCACTTCGGCTTCGGGAGCGCGGGCGCGTGGCTCGCACCCTGTTTCTGCCGGCTTTTTTGACCTATTTCCTCAATCATCTTCATAGCTCCGCTTCAGTTTATGCCTCTTCGCAAGGCTCTTCCGGTAATCCGGGAGTCAGCATCAGGAAGATCCCCCCTCCCTTGACGGGAGGGGGACAGGGGGTGGGTGAAGCTGCTGTATGGCTGAAATGGTGGCACCTTCCCCCCCACCCTGTCCCTCCCCCGCAAGGGGGGAGGGGACGTCCGACCGGCGGTCCCTGGTTTTACCGGATGCCACTTTCGCAAGGGGGGAAGGGACGCTGTGCCCTGCTGCAGCCTCGTTGGTCGCTCCGTGATTTTTGCCGGCGGAGCACAGCGTCTTTCCCGACCGTCGGCGCCTACGACAGGAGCGCGTCCGGCGCCTCCATGATCGACTTCAGTTCCGCCAGGTACTTCGCGGCATAGGCGCCGTCGTGCACCCTGTGGTCGGCGGAGATGGTAACCCTCATGGTGCGGGCGATGCCGACCTCACCATTCTTGGCAACGACCTCATCCTTCACCTTCCCGACCGCGAGGATCGCCGAGAGCCCCGGGGGGACGATGGCGATGAAGTCCTCCACCCCCAGCATCCCCATGTTGGAGATGGCGAAGGTGCCGCCGGAGAGCTCTTCCTTGCCGAGCTTACCTTCCTTGGCGAGCCCCACCAGCTCGCGGCTTTTCACCCCGATCTCCGTTGCCGGGAGTTCCTGGCACTTCCTGATCACCGGCATGATGACCCCGTCGTCCAGCCCGACCGCGACCGCCATGTTGACGTCCGCGTGCAGCGCGATGTTCTTCTCTGCGTAGGAGGCGTTCAGCAGGGGGAACTTCTGCAGCGCGACGGCGCACCCCTTGATGAGGATGTCGTTGATGGAGACCTTCGTCCCCTTTTCTTTCAAGGCTCGGCAAGCCGACTCGGCAGCCCCCATGTCGATCGCCACGGTGACCATGTAGTGCGGAATGGTGGTCCACGAGTTCGTCACCGTCTTCGCGATGGCGGCGCGCATCCCCTGGAGCGGCTGCAGCGTCTCAGCTGGCGTTGCCACGGCGGCTGCCGCCGGTGCCTCCTGGGAGCCGGAAGCACTCTGCTCGGCCGGAGCCTGGGCCCCGCCTGCGAGGAAGGCCTCGATCTGCGCGTCGGTGACTTCTACCTCCGCTACCACCGCGAGGTCCGCCCCGACCGGGAGCACATCGCCGTCGGTGGCAATCTTCTTGCGCAGCACGCCGGCGCAGGGGGACTCCATCACGTTCACGATCTTGTCCGTCTCCACCTCGGCGACCGCCATCCCCGGCACGATCGGCGCCCCTTCCTCGACCAGCCACTGCACGAGGGTCCCTTCCTCCATGGTAAGCCCCCATTTCGGCATGGTGAGGGTCTGGATACCTGCAGGCGCGGCGGCACCTGCTGCGGGGGGGGCAGACGCTTCCTGCGCGGAGTCGGCCGCGGAGGCGTCCCCCCCGCCAAAGCTCGCCACGAAGCTGTCCACGTCCCCATCGGAGACGCTCGCCTTTGCGATAACTCCCAGAAGCGCCCCCACCGGGAGGGTCTCATTTTCCCCGGCAACCTTCCGCACCAGGATTCCGGTCTGGGTCGCCTCGAGGACGTTCACTATCTTGTCCGTCTCCACCTCGGCTATCGCCATGCCGAGCTCGATCTCCGTACCTTCCTCAATAAGCCATTGCACGAGGGTCCCTTCTTCCATGGTGAGACCCCACTTCGGCATCGTCAGTTCAGCCAGATTTGCGCTCATTTCACACCTCTTTTCTCGTTCGGATTGCTCCGGTCATAGGGCATTGTAGAATCGGCCGCTGGCGGTGAACCCCATCCCCACCCTGACCCTCCCCTTGAAAGGGAGGGGACGACAGGCGGCATCAGGTATTCTCCCTCCCCTTCAGGCGGAGGAGCGGGGTCAGGACGGGATTCCAGATCTCTCGCCAGAGAGAGTCCCCTTGCGGGCGGGGGAGGCGGCGGGGGGGAGACCCGTTGGTCCCCCCCGCCCGCAAGGAGATTGACAGCCGCCGAAAATCCCGGCGGCTCAGCCGCAAAAATGCCTGGCTTCTTGGTTATGCAGCTTCCTGGGCCTTCACCACGGAGAGCGCTGCGTTGAGAACTTTCTCCGCATTGGGGATGTACAGGTCCTCCAGCGCCCCGGAGAAGGGAACCGGAGAGTGCGGCGCGGTCACCAGCTTGATCGGAGCAGCCAGCGCCTCGAAGGCGCCCTGGGCGACAACCGCCGCGATGTCCGCCGCCATCCCGGCTCTCTGATGCCCCTCGTCCACCACCACGAGCTTCCCGGTCTTCTCGACACTGTTCAGGATCGTTGCCTCGTCGAGAGGCGAGATGGTGCGCGGGTCGATGACCTCTGCGGTGATGCCGTCCTTGGCGAGCGCGTCGGCCGCCTGCAGCGCCATGTGCACCATGCGTCCGATTGCGACTATGGTGAGATCCTTCCCTTCGCGCACGATGTTAGCCTTGCCGAACGGAATGGTGTACGGCTCCGGAGCGACCTCACCCTTCATGGCGTAGAGGGCCTTGTGCTCCATGAAGATGACCGGGTTGTTGTCGCGGATCGACTCGATGAGGAGCCCCTTCGCCTCCGCCGGGGTGGAGGGGACGACGACCTTCAGCCCCGGGATGTGGGCGAAGATGTTGTACAGGCACTGGGAGTGCTGTGCCGCGGCCCGGAAGCCGGCGCCGTACATCATGCGGATAACCACAGGGGTCTGTGCCTTGCCGCCGAACATGTAGCGGAATTTTGCTGCCTGGTTCATGACCTGGTCGAAGCAGACCCCGAGGAAGTCGGAGAACATGAGCTCCACAACCGGCCTCATGCCGCAGGAGGCTGCGCCGATCGCCGCGCCGATGTAGGAGGACTCGGAGATCGGGGTGTCCATGACGCGGTCGCCGAACTTCGCGTACAGCCCCTTGGTTACCCCCAAAACCCCGCCCCAGGCGTCCATGACCCCCTGGGTGCCGCGCCCGCCGGCGTTGTCCAGGCCGAGCACGATGACTTTCTCGTCCCGCTCCATTTCCTGAGCCAGCGCTTCGTTTATCGCGTCTTTGTAGCTGATTTTTCTAGACATTGTTGGCTCCTTTCTGTGCTCAGTACGAGGTGTAGACGTCGGTGAGAAGGTCCGCGGCGGTGGGGTGCGGCGCAGCGATCGCCTTGGCGACGGACTGGTCGATGAGGGCGAGAACTTCCTTGTCGATCGCCTCCAGCTCCGCGGCGGTGACGAGACCTGCCGAGGTGACCTTCTGGGCGAAGATCTTCAGGCAGTCCTTCTCCTCGCGCTGTTTCTGCACCTCCCCCGGCTGGCGATAGGTCATGGCGTCACCCTCGAAGTGGCCGTAGAAGCGCTGGGTCTTGCACTCGAGGAGGGTGGGGCCGTGCCCCTCGCGGGCGCGGCGGATCGCCTCGCCGGCTGCCTCGTACACTGCAAAGAAGTCGTTGCCGTCCACGGTCACGCCGGGCATCCCGAAGCCGGCTGCGCGGTCCGAGATATTCGGGGTGGGGACGTTGTAGGCGACGCCGGTCGATTCGGCATAGCCGTTGTTTTCGTTTATGAAGACGACCGGGAGCTTCCAGATGCTGGAGAGGTTGAGGCTCTCCAGAACGGTCCCCTGGTTGGAGGCGCCGTCGCCGAAGAAGGCGATGCCGACGGCCTTGTTGTTCTTGAACTTGGCCGCAAGCCCTGCGCCGCAGATCAGCGGAGGACCGGCACCGACGATGCCGTTGGCGCCCATCATCCCCTTCTCGAGGTCGGCGATGTGCATGGAGCCACCCTTGCCGCCGCAGGTGCCGGTCTTCTTGCCGTAGATCTCCGCCATCATGCCAGGGATCTCCACACCCTTGGCGATGCAGTGACCGTGGCCGCGGTGGGTACTGGAGATGCGGTCCTCGTCGTTCAGGTGCATGCAGACCGCGGTGGCGACCGCCTCCTCGCCGGAGTAGAGGTGCACGAAGCCGGGGATTTTCCCGGTCGCGAACTCCACGTGGAGACGCTCTTCGAATTCGCGTATCTCTTTCATTGTGCGATACGCCTTGAGCAGTTCTTCCTTCTTGAGTTTCGTAAGCATAGTTCCTCCTTCACTTTTTTTGCCTGCCGTAAGGTGAATACAGAAGTTCCGGCCTCACTTGCCCTCATGTTTTCATTGGCACCCCCTCGTCTTTCAATATGTGTGGGACCCGGTAGTTCCTAGCGTGCGCAGAAGAGGTGATCTTCCGCCGCCTTTGCCATCACCCGGTCAATGTCTATCGTTATGGGTCCTTCGAGATCCAACCAGACCCTTGGCCGGTCACGTCCGTTGAATTCCAGATCCCGCTCGCCATCGAAGGCAATCGTGCCGCTGCACGTCCTGAAAGCGCATATCTCCTTGGGGCGCAGCTCCGCCAGGTGCGACACCCCCACATCCTTCATGAGCCCCGGCGCGATCGGCACCGACACGGTGAACATCCCCTCCCCCGGCGGCACTAGGTTCATG
CP087999.1_gap7	195204	199111	3907	CAGGACAAGGACGAGGCAGACGAGAAGGGTCATGAGGCCGGAAGCGGCGTTTCTGCGTCCCCTGCACCGCTCCAGCACCTTTTCGAAGAGCGGAAAGGTGATGATTCCTATCGCCGACGCCCACACGAGGGTGCTGAGGAAGGGAGCGAGGATGAGAAAGAGCAGGTACAGGAGAAGCAGCGCGAACGTGTACGCGAGCAGCGTAAAAAAGAGGGTTCGATCCATCGGCCAGGTACTCCTTGCTTGCCGACTCAGGCCGGAGCAACCGGTTGCCCGTCCGCGAGGCAGCGCCATCCCTTCACAATTTTAACTATAACCCAGACGTATGTTGCCACCATGACCAGGACGCCGAGGCCAAAGAAGAGCATCAGGAGGAAGGAGACCAGGAAGCCGAGGAGCGACTTCCAGAAAATGGAGATCTGGTAGTCGTAGTGGCTGCGGTACGTACCGGTGGCGCTGTCGCGGTAGAGGTAGGCGATGACCACGCCGATGAGCATGGTTACCCCCCACAGGAAGCCGCCGAGATAGCAGGCGTACACGATCGTCGGCATCGTCTTTTCCGACTTCTCCATCTTTTCCAGCGCGTCCGTTATGTTGCCGGGGATGAGGGGGAGGACGTAAATCTCCCGCGCTGCGTCCCCTTCGGCAACGAAATCGACCCGGGCACCCCCGCGCGGCTCGCCGGGGCTCTTCCAGTCGGAGCGGCTGAAACGGTAACGCGTCCCGTCGGCGCACCGTATGACCCCTACCTCCGCATCGAAACCGAGCACCATCCCTTCCATACTCTCCTCCTCCCCCCGCTGGCGGCGGAAGCCTGTTTTCCGGCAGGACCGGCGTGTGTAATCCGCGAAAAGGATACAGAAAAAGGGGGTAAAGTCTAGCGTGGCGGGGGCTCGCGACGGCATGATACTCTTTTAGGAAGAGGAAGCCATGTTCATCCCGCTGCACGTTAAAAGCGACTACAGTCTCGGCTTTGGTACCGCCTCGGTGGAGGAACTGATCGAGCGGGCCGTGGCGCTCGGCTACCGGGCGCTCGCCCTCACCGATCTGGAGAACCTCTACGCCCAGGTGCGCTTTCACCAGGGGTGCCGCGAGGCGGGGATCCGCCCGCTCACCGGGTTGGAGCTCCGCCCCGGATTTGACGGGAGGCACAACGTGGGGCGCAAGCAGGGGCGCGTCGTCCTTCTGGCGCTCGACGAGAGCGGGTACCGCAGCCTCTGCCGCATCGTGAGCCGCAGGCGAAGCGCGACGCTGCAGCGACCGATGGAGGCGCCGCACCGCGACCCCCTCCCGGTGGCGATGAAGTGCTCCGACGGTCTCATGGCGCTGAGCGACGACCCCGCCGTCGTGGAGGAGCTTTTCTACAGCGGGAGCTTTCTTCCCGAGCAGCTGGGAGTACTGCTGGTGCGCCCGGACGAGCAGCAGCGTGACCGCAGGCGGATCGAGGCGGCGGAGCGCCTCGGGGTGCGGCTGGTGGCGGATCTGGACTGCACTTTCCTGAGGCAGGGGGACCACCCGCTCCACGTGCTGCAGCTGGCCATACGGCAGGGGCGCCCGATGCGGGACACGGCGCTCGGTGCCGACGTCGAGGGGCGGGAGAGGTGGCTTCGCTCCCCCGCGGAGGTGGCCCTTCTCTTTGCCGACCAGCCGCAGGCGCTGCACGAATCGGCAGAAATTGCAAATCTCGCCTCTTTCGACCTGCAGGGGGTGCAGGGGACCTCCCCGATAAGCCCCTTCATAGGCACCGGAAGCGCAGCCGCGACGCTCAAACGGATCTGCCTGGATGCGCTGGAAGATCTCATGGTGGAGCGTCACCGCAGACGCGACTACCTCGTCCGACTGGAACACGAGCTCCAGGTCTTCGAGGCGCTCGGGTTTTCCGGTTTCATGGCGGTGGTCGCCGACATCCTCTCCCACTGCCGCCGGCTCGGCATCCCGGTGGCGGTGCGGGGCTCCGCAGTCAGTTCCCTCACCCTTCACCTCCTCGGCGGCTCACCGGTCGACCCGCTGCGGCACGGGCTCCTCTTCGAGCGCTTCCTGCACAAGGGGAAGTCGGCGTGGCCAGACGTCGACATCGATCTTCCGTGGCACCGCCGCGACGAGGTCATCGACTGGGTCTACCGGCGCTACGGACAAGACAAGGTGGCGATGGTGGCGGCTCACCACACCTTCCGCTACCGCTCCGCCCTGCGGGAGGGGCTGAAGGCGTGGGGGGCCTCACCTACCGAGATAGAGCGGGCAAGCGCGCTTCTCCCCCCGGAGGATCTCGCCTCCGAGGAGCTCGATTTTCTCGGCATGGCAGAAGCGGCACAGGAGGAAATCCCCGAGGAGATTGACGGCGGAGGGGGTGCCCCCTTTCCCCGCATGGGAGAGATATTCCCACTGATACGCCGCCTCGTGGGGCGCCCCCACCACATCGCCGCTCACCCGGGGGGGATCGTGGTGGACCGCTACCCGCTGGAGGACCTCCTTCCCCTGGAGCGGGCGCCGAAAGGGGTCATCATCACGCAGTACGACCTCGTCGCCGTCTCCCGCCTCGGCCTTGCCAAGATCGACCTCCTGGGAAACCGCTGCCTCTCCGAGCTCGAGGAGGCACTCGCCCCGCGCACCCTGTCCGACATCCCTCCGGAGGACCCGGAGACCCTGGCACTGATTGACGACGCCCGCACCGTCGGCTGCTTTCAGCTCGAGAGCCCTGCGATGCGCTCCCTCCTGAAGCGCCTGCCGATCCGCTCCCAGAACGACGTCACCGCAGCGCTGGCACTGATCCGCCCCGGCGCCGCCTCCGGCGAGGTGAAGGGCGCCTTTGTGCGGCGCGCCCGCGACGAGGAGGGGGTGAACTTCCCCTTCCGCCTCATGGAGGACCGGCTGCGGGAGACGTACGGCCTCTTTCTGTACGAGGAGGATGTCATGCTCCTCCTTTCGCGAACCGGGGGGATAACCCTCGACGAGGCTGACGAGTTGCGCCGCGCCATAGTGAAAAGCGGCGGGGACCCGGCGACTCTGGCCCTGCTGCAGTCGGCCTTCCTGGACAGGGCGTCCGCCGTCGCGGGGAGAAAGGGGGCTCAGGCGCGGCGGGCGTGGGCGACCGCCACACGGCTTGCCGCCTACTCCTTCAACAAGGCGCACGCCGCAAGCTATGCGCTCCTTGCCTACTACTCCGCCTATGCGAAGGTGCACTGTCCCCTCGAGTTCGCCTGCGCCCTCATCAACCACCATCAGGGGCTCTACCCGCTGCGAGTGGAGGTCGCGGAGCTCTCCCGTATCGGGATTGTCGTGCAGGCGCCCCATGTGAACGAGTCGCAGTACCACTCCTTTTCCGTGACCGCAGCCGGGCAGAAGGGGAGCGTGCGGGTCGGACTCGACAAGGTGAAGGGGCTCTCCGTGCGCCGCGCCATGGAGATACTGGAAGACCGCAGGCGGCGCGGCCCGTACGCGAGCCTCCGAAACCTCCTGGAGCGGGTACCGCTCTCGCTGAGGGAGGTCGCCGCGCTGGTCCTTTCCGGCGCCTGCGACGAGCTCTCCCCATTGCACTCCCAGCACTACCCCTTCGCACACGAGGCGGCGCTGGAACAGCTGCAGGAGGGCTCCCCCCTCCCCGACCTCGACCGGCTGAGGGTTGCGCTCCCCGATACGGAAAGCGCGGAGGGGGAGCGGATACGGCTCTACCAGGCGCTGGTACGGGTGAGAAACGAGCTGAGCTACCTGCAGATGCACCTCGCGGCGCACCCGATGGCGCTCCTGCGGGAGGAGGCGCAGCGGATGTCGTGCGTGACGGTAGAGGAGGCGAGCCATGCGTCGGCGGGAAAGACGGTGCGGCTTGCGGTGGTGGTGGCGGCGATGCGCAGGGTGCAGACGAGGCAGGGGGCGATGCAGTTTCTGACGGTGGAGGACGAGACGGGACTTC
CP087999.1_gap8	202725	206863	4138	GAGCAGGCGCCGGTCGACGCGGCGGCAGTCGCCGCCGACCTCCTGCAACCGGGGAGCAGGCCGATCCTGCGGCTTGCCTCCATGATGGTGAAGGGTCCCGCGCACAGCGCCAAAAAGTGCCGCCAGGTCGCCCACAGCAACTCCAAGAGAGACAAAAGGCTTGCAAAGGCCAGCATACACCGCGGATCCCGGGGCGGAAAATCCGCCGGTGTAAAGATGGCTTCCAGGAAGAAACATTCCCGTACCCGCACCCGCGCCTAGCGCGTTTCCCTGTGCGACGCCGAGAGCGCGTCGCGTCCCGGCCACGGCAGCTTCGGCTGCCCAACCTCCGCCCCCCCACACGGTACCGCGATCTCAATTTTGGCGATCACGGAAGACGTTCCAGCAGTTTTCAAGCAGCGCCTTAAGTCACAGTAACCGCAATACTGGCACTTACGACATCATTCCGGATCGTGACGCGGCAGATGCCGCCCATGGCGGTCCGGCACACCTGCAATGCTATGAAGACCAACTAAAAGAGAGAATGAATGACTAGAACTCGACTGATACAACTCTGTTTCGCTGTCGCCATCATCGGGCTGATAGCCTCGGGCTACCTCTACAAGGAGCAGCGCGCCGAGGAGCGCAGCCGCATCAGCTATACCGCCTTCGTCGACCTGGTGAATGTCGGTGCGATCCTTTCCGTAAAGGCAGAAGGTGATGCCATTACCGCTGAAGGTAAAGGCGGGGCTACCTACCGCGTGTACCGTCCGCTGGACGCAGACATCTCGAAGCTCCTCATCTCCAAGCACATCGACTACTCGGCGAAGCCGCCGGCACAGCAGAGGTGGTTCGAGATCGGCTTCCTCCTGCTGGTGATCGGGTGCGCCGCCTGGGCTCTGAAGAAGTTTTCCGTCTTCGGCCGCAGCAAGGCCACCCTCGTGGAGTCGGCAAAGACGAACACCGCCTTCTCCGACGTCGCCGGAGCGGAAGAGGCGAAGGCGGACCTGAGCGAGACGGTCGAGTTTTTGAAGGATCCGGAGAAATTTAACCGACTCGGCGGGAAGATGCCGACCGGCATACTCCTCGTCGGCCCCCCGGGCACCGGGAAGACCCTTCTGGCGCGCGCAGTTGCAGGCGAGGCAGGCGTTCCCTTCTTTTCCATGTCAGGCTCGGAATTCGTGGAAATGTTCGTCGGGGTTGGCGCTTCGAGGGTAAGGGACCTTTTCGCACAGGGGAGAAAATCCGCTCCGTGCATAGTGTTCATCGACGAGATCGATGCGGTCGGGCGCAAGCGTGACGCGGGAGGTGGTGGAGCCTCCGACGAGCGTGACCAGACCCTCAACCAGCTTCTGGTGGAGATGGACGGTTTTACCGTCAACTCCGGGATCGTGGTCATCGCCGCCACCAACCGCCCCGAAGTGCTCGACCCGGCGCTGCTGCGCTCCGGCCGTTTCGACCGCCAGGTTGTGGTAGGATCCCCCGACATCAAGGGGCGCGAAGAGATCCTGAAGGTCCATGTGAAGGACGTGCCCCTCAGCAGCGAGGTCGACCTGCGGGTGCTCGCCCGCGGCACCTCCGGTATGTCCGGAGCGGATCTGGCGAACGTCGTCAACGAAGCCGCCATCCTCGCCGCCCGCGCCAACAAGGACAGTGTGGAGATGTCGGACTTTGAGGCTGCCAAGGACAAGGTCATGATGGGTGCCGAGAAGAAGTCGATGGTACTCTCCGAGAAGAGCAAGCTGAGCACCGCCTACCACGAGGCCGGGCACGTGCTGGTGGCGAAGCTCGTCCCCGCGTGCGACCCGGTGCACAAGGTCTCCATCATCCCGAGGGGTCGCGCTCTCGGCGTCACGCTGCAGATTCCCGAAGAAGACAAGCACTGCTACACCCGGGACATGCTGATCGGGCACATCAAGGTGCTGATGGGCGGGCGTGCAGCAGAGGAGCTGATCTACAAGACGACCACCACCGGCGCAGGGAACGACCTTGCCCGCGCCACCGACCTGGCACGCAACATGGTGTGCGAGTACGGCATGTCCGAGGCCTTCGGCCCCGTCGCCTTCGGCAACCATGAGGGCACCGCCACGAAAGGGCACGAGGTGAACCACGGGAGGAACTTCAGCGAGACCACCGCTCTGGAGATCGACCGGGAGATCCGTTCCATCGTCACAGGCTGCTACAACGAGGTCATGCATCTGCTTAAGAAGAACAGGGCAGCGCTGGAGAACCTCACCATGGAACTCGTCGCCAAAGAGACTCTGGAAGGTGATGAGATCGATGAGGCGATAGAGGAGCATATCACCGTCGAGGCAGCGTAAAGAGGCTGCAGTTTCACCCTCATGAGTATGGAAAAGGCCCGGGAAGCTCCGGGCCTTTTTTTTTCGTCCGGAAACGGTGGGGAACCAGGGCGTGGTGTGTCCTCAGAGGCAAAGGCGGAGTATCCACGAAGCGCTGGAGAAGACCTCGCGTCCCCCCCTTTGCGAAGGGGGGACAGGGGGGATTTAGCCTTGTAAAACCACCAGTTGAAAGGACGATGTCGCAGACCGCCCAACCACGTGACGGATGCGGCGCAAGTCCTGGTGTGTCTTCTACGGGGCAAGCAACTTCGTGCCTTCCAGTTCAACCGGCAGAAACCGGAGTCCCCTATGTCGTTGATACTGCGCAGTAGTGGATCCTTTGGATGTGGCAACCAGAAGCAAATCCCCCCTGTCCCCCCTTCGCAAAGGGGGGAACGTAAGGCCCTCGCCCACTCCCTGGAGGGCACACTCCTTTTTGTTTCCACGAACGAATCTGTCTTTATTGCTCGTTGGCGCAAGAGACTGCGGAGGATCAAGCCGCAGCACCGTTTGACAACCATCGATTGCTTGCTACTGTTACAGACTCGAAAAATACTCTCATTCATCCGATCGCACTCTTGAATACCAGTTCCACGTAAGCATCAAGGCCACGAAAGCACTCATCGAGAAAGGAGCAAGGCAATGCCGACAGTGAAAGGAACGAAAACGGAAGAGAATCTGTTGAAATCGTTCGCGGGAGAGAGCCAGGCGAGAAACCGCTACACCTATTTCGCATCGACCGCTCGCAAGGAAGGATATGTCCAGATCGCGGACATCTTCGAGGAAACCGCAAACCAGGAGAAGGAACACGCCAAGCGCTTCTTTAACTTCCTCGAAGGTGGGGACACTCACATAACCGCGACCTTCCCGGCCGGCATGGTGGGAACTACCAGGGAAAACCTTCTTGCCGCGGCGGCTGGCGAGCTCGAGGAGCACACGATACTGTATCCCGCCTTTGCTGCAGTGGCGAGGGAAGAAGGGTTCCCCGCCATCGCAGCAGTATGGAATGCCGTCAGCGTCGCTGAAAAGCAGCACGAAAAGCGCTACCGCGACCTGTGGGGCAATATCGAGGCGTCCCGCGTCTTTTCCCGGGAAGAGGAAGTAACGTGGCGCTGCCGCAACTGCGGCTACCTCCACACCGGCAAAGCAGCAGTCGACCTCTGCCCGGCCTGTGCCCACCCCAAAGCTCATTTCGAAATTCTCGCCGAGAACTGGTAGACCCGGAGCAACACCCAGGCGCGGGAGGACGTCTTCCCACTCCTTCCTCCCGCGCCAAAAGCACGATCGGAGCCCCTCCTAATGTGGAGCTAACTGCCCTCGTTATCATTGACTTTGAAGTGCAACGTCTATACAGTCTATGTCCATGAAAAGAGCCATTGCGTACCTACAGGAAAAGACCACCGGCGTCATCACCGATCTCACAACCCTTGCAGTCATCTTCGGAATCGCCTTCTTTCAATTCCTTGGCAGGCTGCCCCTCACCGGTACCGATGAGGCGCGCTATCTCGAGATCCCCCGGGAGATGATCGAGCGCGGCGATTTCGTTACGCCGACGCTCAACTACGTGAAGTACTTCGAGAAGCCGCCGCTCCATTACTGGTTGAACGCCTTCTCCACGCTCCTCTTCGGAGAAACCCCCTTCGCGGCACGATTCTCCGGCGCGCTCTTCGGGGTCCTCGGCGTCCTTCTCACCTACCATATCGGGCGCAAGCTCTTCGGGCGCCGGGCGGGATTCCTTTCCGCCGTCATCCTCGGAACCTCGCTGGGCGTGGTGATCCAGAGCAGGGTCAACATCACCGACACCCCCCTCACCTTCTGCC
CP087999.1_gap9	220413	224678	4265	TCGTGCCCCGGCAAAAGCAGGGGGGCCAGAAAGGCGAGAGTCAATGCGAGCTTTTTCATAGAGGAAGCTCCTCATAGCTGTGCACTACCCATCCTTTGAAAGAGTTGAAAGGGATAGCGGTCCGCAGGAAGGTGGGGAGTGTCTCGACCCGCGACCGGAAGGAGATCCTCTCCCCCGGTACGCTGTAGCGCCTCCCTTCGCACCACCACGATGAGCCGATCTTTTGCGCAGCGGGGGCACCGGCCGTGCATCTGTCGAGAACGACATGCTCCTCGTCCGGGATCGCCCCCAGTTCCACCCCGAGCCAGACAGGCTTGCCGAGATGTTCTCCCAGCGACAGCGTGCTCGCCGAAATCTGCAGGAGAGGCTCCCTGCCGGTGCGATAGCTCATCACCACTATCTCATCGGCATTTTGCGCGATCTGCTGAATAAGCGACCTGTCGCCAGCGTAGAGTGTATCGAACCAGAAAGGGACTACCACAGAGAGAGTCAGTCTGGACCGCTCCTTTATCTCGGCCACCAGGTTCGCGTACGCCGTGGCATAAAAATCCCTGCGGGCGTTGAAGTCACTGTTGAGATACGGCTCTATGTCAGTCTGGAAGCCGGCGAAATGAGCAGACGGGTGACTCTCATTGTACCTTTCCACCCGCTCGATCCGTGACAAGAGCACCTGAGGAGCCGTCAGATAGTCGGGACTGCCATCGAGGGCGAAGACATCGACTCCCGCGCGAGCGGCCTTTTCCAGGAAGGGAGCGAAGACCTCCAGGTCATCCCCCACCTGCAGGTAAACCTTGCCGATCCCGCGGGTCGCCAGTCGCTGAAGCACCTCTTCCTCATGCCCCACCACCTTTCCCCTCTGCCAGATCCAGATCGCCTGCGCCGGCGCAGGCGGTGCTCCCTCTTCATGAGTGAAGCGCACCCCCTGCACACCTGCAGACCCGCTGGTGGAATCAAGAAGGAGCACCAGTTGCCGCGCGCGGCTGAGATCGGCCTTTTGCACGAGGCTCTTCAGGGGGAAAGACTGCGACGCCCCCTGCGTGAGGAGTGCGACCGGCACGTTGTCTTCCTTCGCGGTGAGGGGAAGATCCGCAAACGCGAGTCTCCAGCTCCCCCTGAAGCGCCCTGAGATGGTCACGGTGCTGTAGGCGAGGAGATTGATGCTCCCGGTGGAGGTCAGGGGCAAAATGTAGCCGCAGGGACCGTCACCTCTCCGGTACATCGTCCCCTTTTTCAGGAGGTACCTGCCGAAGGGTATGGCAGCCGGGGAAACGGTGTGCACGGGAAAGGCCGGTTTATCGGCGTTTATGGCAGAAGCGGAGAGATATTCGGCGTAGGAGAATTTGCCGGAGACGGTAGCGATATCGACGCGCGCGGAGCGGTCAACCTGTGCGGGATCGAGAGACGCGGTGAGGCCGGCCATCGAAAGAGACGGGAGGAGCAAGAGTAATTGCAGTGCAAGAGTCGGAATAAAATTCGGCACGGGAACCTTCCTGACAGCACAAAACAAGAACAGTGAAACATGAGGATTCTCTTTCAGTACCAAGTGCCGGTATGGGTACTGAAAGTGATAGTAACAATACCACAGATATTTCCAGGAAAGTGTGAAAATTTGTGGATCCAGCGCCTTCTTCATACTATAAGCTACAAGATTAACCAATTCTATTATCTCTGTGAAATATTTTACTTCATGGGATCCACGCAGCAGAGGATTTGTTCCTTTCATCGTCGCCGGAGTGTACAGCGAGAAAAGGTTTTGACATTGGAGTTGATGTCTACTAATCTGCAGGCATCCCCCTTCTTGCCGGGACCGGTTTCACCCGAAAGAGAACAAGTAGCTACAGGAGCTCGTTTTATGCCTATCGTAATGGGATTTCTTGTCCTGATACTGTGCAGCACCTGCGCGATAAAGATGTTTTCTCCCCCTCAGACCGCGCAGCAGCAGGCCGAGTCCAAAAAGCGGCAGGAAAGCGATGACGCGAAGCGGATGGCGAAGGAGTTCGTGAGGGAAAAGGCGAAGCTTCCCGCGACGGCGGAGTTCGCGCCGCTAAAGGATTTCCAGGTAAAGACGCTGGGGAGCGGGGTGTACGAGATCTCAGCCTTCGTCGAGACCCCTGCGGAGAACGGGAGCAAAAAGCGCAGCAACTTTGTCTGTGAGCTCAAGAAGAACGGCTACAAGTGGGAGCTCGTCCAACTCGACATGCCGCGCTGAGTGGCGGGCCTCAGACCCGAAAATCGCCATAAGAACCTTATAACTCAAGACCTGACCCCGGGGTCAGGTCTTGAATTATAAGGTTTGTTAGTCACCGCACTGCTGGCGAATCCTTCCTCTCACCCTTCCCTCTACGCTGTCACTTTCGGATAGCGCATTAACAACTACACACACTCTCATTTTTCCCTCCTTCTGTACTAAAGAGTTTTCCTCACCCGCCGATTAGATTCCCCACCGATTGGATAACGCAGAGCGCTCGCTCGCAACAGCTGCGCTGTGGAGGAAGATACACCATGCAAAAGGTAATAATCGTCGATGACAGTGTGGTAGTCATTCGCCAGCTGGAAAAGATCATCTCCGGAAGCGGCCACTTCGAGGTCGTTGGCCGCGGCAACAATGGGCTGGAGGCCATAAAACTCCACCAGGAGCTGCGCCCCGACATCATCTGCATGGACATGAACATGCCCGGCATGGACGGGATCACTGCACTTCGCGCCCTCGTCGCTCGCGACGCCGCCGTCAAGGTCGTCATGATCACTTCCCTCGGCGGGGTTGGCGACAAGTTCTCCGAAGCGATGAAGATCGGGGCCAAGGCAGTCCTTTCCAAGCCTTTCGAAAGCGCAACCGTCATCACCACGCTGCAGAGCCTGTAATCCCCCTTTCTTCCAGGCATATTTTTGAGAGGTCTAGATAATGGCTGTTAAATTCTTTGGGCAATTCCTGGTGGAAAAAAATATTGTCTCCCGTGAGGCGATCCTGGAGGCCATAAAGCTTCAGGACTCGGTAAATCTACGCTTCGGCGACACGGCCCTCTCCATCAACCTAATCTGTCAGGCAGATATGGAGCGGGTTCACGCGGCGCAGCGCACCGAAGATCTTAAATTTGGGGACATGGCAGTCAAACTGGGGATCCTTACCAATGAGCAGGTAAACCAGGTTCTCACTGTGCAAAAGAATTCTCACCTTTACCTCGGCGAGGCACTGGTGCAGATCGGCGCGGTCCAGGAACAGGACCTGCCCCGCCTTCTCGACGACTACAAGGCGGACCAGGAGCCGTACCTCACTCCGCGGATAGAGATCCCTACGGGGGTGCGCCATCCCGACCTGTGGGAGATGTATGCGGACCTGACGGCAAAGATGTTCACGAGGATTGTCGGCACCGCATGCCGTCTCGGAGCCTGTCGCGTGGAGGAGCACATGCCGGAGGAGTTTGTGGTCGCGACGATGGAGATCCGGGGGGACGCGGAGGCTACCTGCATCTTTGCCGGTTCCGCCGAAATCCGCCAAAGGATCGCCTGCGCCATTCTCGGAGAGGAATCGGTCGATGAGGAACCGGAGGATGTGCTGAACGATTCGGTGAAGGAATTCCTGAACATCGTCTGTGGAAACGTGGCGGCAAAGGCCGCGCAGAAGGGGAAGACCATCGAGATCCTCCCCCCGCACCTCGTTCATCCCGCCTCTGCAGGGATCTCTGTCCCGAGCGGCAGCCGCGGGCTCTTCTTCACGCTGCATCTGTCGACTGCGGAGAGAGCATCCATTGGTGTGATCGAGCAGTCGTAGCTGATACGACGATCGGTCGAAATCGAACCTTCAAAAGCCCCACCCGTCAAGGGAGGGGCTTTTTTTGTTCCAGGCTGAGCCGCCTGTAGCACGTCCCCTTTCCACCCCATCCCCACCCTGTCCCTCCCCTTGAAAGGGAGGGGACGCGTGGGCTCCTGCTCTGCCAGATCCGCCAGCGACGGGTCGCAGCGATCGTAGGCCGGGATAAGCCGCAGGCGTTCCCGGCGTCGGCGGCAGCCGATAGCCACTACCAGCAGTTGCCGGAAACGCTCCGCTTATTCCGGCCTACATTCTACATGCACCCTCCCCCCACAGTAAGTCTTGCAAACGCTTCATAAACTCAGTACAATCCGGCGCGTACTGTATACACCTGCCACGTCACGCCCGGCCATACGCAAATCCGACCCTGAAGCGGAGCAAGCATGGATAGCACGGTAGCGGCAAGCCCACTCATGGCCACCATTCTCGATTCCATCCCGATCCCCATATTCTTCAA
CP087999.1_gap10	231289	235999	4710	ACGGCGTGTGCAACGCGATCCTCCTGCCGCACGGCTGCAGCTTCAACCTTATCGCCTGCCCGCAGCGTTTTGCCGACATTGCAGAGGCGATGGGAGTGGATATCACCGGGCTCATGCCGATGGAAGCAGCAGAAAAAGGGGTGGAGGCGATCAGGAAGCTCTCCGCGTCGGTGGGGATCCCTGCAGGTCTTTCCGCTATCGGAGTGAAGGAGAGCGATATACCGGTCCTCGCCGAGAGCGCCTTCAAGGACATCTGCTGCCTCTTCAACCCGCGCAAGATAAGGCCTGACGACATCGTCGAGCTGTACAAGCAGGCGATGTAGCGGCGCAGTGGCCAGGGGGGACTCGCGTCCCCCCTTTGCGAAGGCTCATCGGAAAATTCCGGAAGCCGCACTATGTCGCAACGAAGCGCCGCACGAGACCCCGCGTCCCCCCCTTTGCGAAGGGGGGACAGGGGGGATTTGCCTTGTTGGCGGATTTCTACAACCACTTGTGGGAGCCATCCCGCAAACTGCGCTAGCAGATGACAGTGATGCTGGCCGTGCTTTCCTTCTGCAGGAACAGGGTCGAGGGTCCATCGATTCAGCTACACCAACAGGCATTTTCGGAACCACTGCCGCGCGTTGTCGAGACCATTCTGAAGATGCCAACCCAGGACCTAAATCCCCCCTGTCCCCCCTTCGCAAAGGGGGGGACGTGATGACGGACTCCTTCGAAGGGGCACAACTGCTAGTTACCCGCAATTTCAGGGCCCCTGCCCGCGGGGGGAGTCATGCAATGCACAACACTTTTACTCACGGAGGTGAACGGATGAAGAAGATACTGGTTGCCCTAATGCTCTGCACAGGTCTCGCACTGCCCGACCTCTCCTTTGCGGCAAACGCAAGGGACTACATTCCGGCGCCCCCGGGAACCTTTCTATTCTGCTCCTACTTCAAGCACATCACAGCGCACAAGCTGTACAGCGACGGAAACAGGGTGAGCAGCGACTTCAACCTGTCCGAGAACATCGGCATCTTCAGGCCGGTCTACTACACCTCCATCGCCCCGAAGGCACTCTACGGCAACGGCCCCTTCACCATCGACCCGCAGTCGCTCGTTGTCTTTGGCGACGCGGAACTGGACGGCTCTGCAACGGGGCAGACAAATCTCTCCGACTCCGGCTTTGCCGATCCTGTTCTCCTCACCACCTTCTGGTTCGTCAATGCTCCCGAAGACAAATTATGGGTAGGATTCACCCCGTACGTCACCATGCCGCTCGGCTCATATGACCGGACCCGCGGGCTCAACCTCGGCGCGAACCGCTGGGTCATCAGGCCCGAGATCGGCATCGTGAAGGGGATCGGCGATCGCGCGTATGTGGACCTCGTCTTCAACGGCGACTTCTTCACGGACAACGACGACTACGGGACCGGGGCGGACCGCGGGAAACTGGAGCAGGATCCGCTGTTCGGCTTCGAAACCCACGCAAGCTACGATATCACGAAGCAGTGGTTCGTGTCGCTGGACTACTACTACAACAGGGGCGGGGAAACGAAGGTGAATGGCGTGAAACAAAATGACGAGCAGGAAAATCACGGGCTCGGGCTATCATTCTTCTGGGGGGTGGGGGATCACAACCAGCTGATGATCGAGTACAGGGACGACTTCTCCGTGAAGAGCGGTCCGGGAACCAATACCTTCACCGCACGCTGGGCGTACTTCTTCTAAAAGCCCGCGCTGCCGGTCGCTGGAAAGGACCGTGTCTCGCAAACGTCAACCCGCAAATCCTGGAGAGTATTAACCGGGGACCACTTGAACGTGAAAGGAGATTGCCCATGAAGCGCCTCACCGCCATTACCGCCCAGTTGCTAGTGATACTGTGCCTGCTCTTCTCCGTCTGCGCCGGCTGCCGGCATCTGCAGAAGGGGGAGACGGAGCGCTGCCCGTCCTGCGGACTCGAGTATCCTGCCGGAACGAAGCACGACTGCAACGGCAAGCACAAGGAGTAAAAGCTCGCGGCGGCCGCCGGAGGATGGGCCGCCGCACCTTTTTTCATCTGCCCCCCCTGCGTACCAACTCAAGCCGCCCTCGACGAGGCCCCTTCCACGGGCCTCCGTCCACCCCGAGATGACAGCTCTGACAAGCCATGCCTGCATCCTCCCCTCCACTGCAAAAAAAATTAGCCTCCGGTAAATTTTCGCATAAAACCTCTAGCACATTTTTCAAACTATGTTACATTGCCCGGTATACTGCATACACGCCTGTTTATTGCACCCGTAAAGCGGTTCCACGTGGCTTTTGATTTTCCGACAACGACACAGAGGGAGGGATTATGAAAAAGGGGTTTATTGCTGTCTTTCTGGTAATTGCGCTTCTTGTGCCCATGACTGTTTTCGCCGCCGCCGTGAAGATCGGGGTCATCAACTCCATGACCGGTCCGGAGGCCCCGATCGGTGAGAACCTCACCAACGGGATCAAGCTCGCCCAGGAGGACCTGAAGAAGAAAGGGATCAACGTCGATCTCGTGTGGGAGGACGATACGGGGAAACCGCAGATAGCAATGAGCGCCATGGAAAAGCTCGCCACCAGGGAGAACGTGGCAGGGGTCGTGGGGCCGTACACCTCCGCCTGTGCCAACGCGGTCGCGAAGCTCTCGGAAAAGTACAAGGTCCCGCTTCTGGTTCCCGCTGCGGCGAAGGAGGAGATCACCCGCCAGGGGTACAAGTGGGTCTACCGCATGAACGCTCCCGCTGACGTGTACGCCTCTGTCCTCATCGATGCCACCATGAGCCTCGGAAAACCGAAGACGATTGCCTTCATCTACGAAAATACCGACTTCGGCACCTCCACCACGAAAACTGCGAAGGAGTACGTGATGAAGAAGGGGCTGCAGGTGGTGGCGGACGAGCCGTACTCCAAAGGCTCCCCCGACTACCGCTCCACCCTCACGAAGATCAAGGCGAAGAAGCCGGACCTCGTTTTCATGGTCTCCTACGTGGCCGACGCCATTCTCCTCATGCGCCAGGCGCGCGAGATCGGGCTGCAGCCGCAGGCTTTCCTCGGCGGCGGCGCCGGGTTCACCACCGTGCAGTTCGCCAAGGAGAAGGAGATCTCCAACTGTGTCCTCTCCTGCACCCAGTGGACAGACGACGTGAGCTGGCCCGGGGCGCGCGACTTCGGCGCCCGCTACAAGGCGAAGTTCGGGAAGGAGCCGACCTACCACGCGGCGTGCGCCTACGAATCGATGATGATCATGGCGCAGACAGCGGCGCAGAGCGCAGGGGACCGGGAAAAGACCCGGGCCGCGCTGAAAGCTGGAAAGTGGAACGGCATCATGGGTGAGGTCCGCTTTGCCGACTATGCGGGGTTCACCAACCAGAACAACCACCAGATGCTGGTGCAGCAGATCCAGGAAGGGAAGTACGAGACGGTTTACCCGAAGCAGTTCGCCACGAAGAAGACGGTATACCCCTTCCCCGCGTGGAAGTAGCGTCACTTTCGTCAGGCCGGTCTGCCCCACCCGGGCCGGCCTGACGTTACATTGAAGGCACCCGGAGCCCCCCATGATCGTCTTTTTCCAGTCACTGCTGAGCGGAGTCCTTATCGGCGGGGTCTATGCCCTGATCGGCATCGGGCTCACCATTATTTTCGGGGTCATGCGCATCATCAACTTCGCCCACGGCGACATCATGATGATCGGCATGTACCTCGCCTACAACCTTTTCACCCTGGCGGGGGTGGACCCGTTCCTCTCCATCGTCATCATCGTGCCGGTCATGTTCCTCTTCGGCGCGCTGCTGCAAAAGCTCTTCATCAACAGGATCCTGAACGCCCTGCCGCAAAACCAGATACTCCTCACCATCGGGCTCGGGCTCATCATGAGCAACACCATGATGCTCATCTTCACCTCCGACTACAAGATCCTCTCCACCACCTACTCCTCCAGCAGCGTGAACCTCTTCGGGATCTCCATCTCCGAGCCGCTGGCGATCTCCTTTGCCATCACCGCAGCGATCACCGCGGCGCTCTACTGGTTCTTCCTGAAGACAGACACGGGGCAGGCGATCCGCGCCACGGCGCAGGACCGTGAGGCGGCGCAGCTCATGGGGATCAACGTGAAACGGATGTCGATCATCGCCTGCGGCGTGGGGGCGGCGCTCGCCGGGACCGCCGGTGCGCTCATATCGCCCACCTACTACATATTCCCGCAGATCGGCAGCGCCTTCACCCTCAAGGCCTTCGTCATCACCGTACTCGGGGGGATGGGGAGCGTCCTTGGCGCCACCCTCGGCGGAGTCGTCATCGGAATCGCCGAGTCGATGGGGGCGGTGTACATCTCCAGCGGCTGGAAGGACGTGGTGGTCTTCATCCTCTTCCTGCTGATACTTCTCTTCAAGCCCTCCGGCCTGATGGGCAAATCACGCACCTAGCGGAGTCTGCCGTGACAACTGATGCGATCGCCAAGAATGACTACATGAAGTTTGTTACCCCGGCCCTCACCTGCGTCATCCTGGCCGGGCTTTTCCTCTTTCCCAGGTTCGTGGACAACCCCTACGCCCTGCACCTCATGATCCTTCTCTTCATGAGCACGATCATGGGGCAGAGCTGGAACATCGTCGGGGGGTACGCCGGGCAGTACTCCGTCGGCCACGCCGCCTATTTCGGGGCGGGAGCCTACACCACCATGGTCCTCATGCAGCAGTGGCATATCCCCCCCTGGTACGGCGT
CP087999.1_gap11	292095	295491	3396	GCGATTTCGCCAGCTCTTTCAGGAGACGGTACAGGACGAAGAGGCCCAGCGGAGCGAGCACCACGGGGAGAAGCTGCCCCACCGAGACCTTCGGAGCGGAGAAGCTGCTCAGCCGCTCCCCTGCGCCGCGGAAGAGGTTTATCTGTTTTTCCAGGTTGTAGGTTACCACCGCCTTGTTCCAGTAAAACCCGAGGGTATCGACGAGGAGCCGCATCTGGCCGACGCGGGGGACGTTCCCCCCGAAGTTCAGAGACCAGCCGCTCGGGTCGATGGTGAGCCACCCTTTCCCCTCGAGGTATGCCTCCACCCAGACGTGCGCCATGTCCTCCGTCACGAGGTAATACCCGCCGTTGTCGCTGTACACCCCGCCGCGGTATCCGCCGACCAGCCGGGCCGGGACCCCCGCGAGCCTCAGAAAGAGTGCGGCGGAGGAAGCGTAGTACTCGCAGTTCCCCTTCTTCTTCACGAAGAGGAACTGGTCCAGGGGATCGGTCCCGGTCGGAAGCTCCTTTGTGGAATAGGAGAGGCGCTGGGCGCGGAAGAAGCGCTCCATGCGGGAGACGATCTCTTCGGGGGGGGCGCCTGCGGCACTCTCCCTCGCTGCCTTCTGCAGGCGCGGCGGGAGGTGGGCGGGAAGCTCCAGGTAGAGCTCCCGGTCTATCCCCCCTCTCAGGCGGATGCGGTCCGAGGGGGTGGAGACGGCCTGGTAGCTGATCCGGGAGGATCTTGGCGCGGAAGTCGTGAAGACGAGATCCGAGGCAGCGGCCCGGCGCACGCCGCTTAGCGACAAGGGGTGGTTCAGCGCCAGGAGGTAGGGGGAATTGGAAGGTTCCGGGTAGAAGGTCTGCTCCACCGAGAGCCCCCCCTTTACCGGAATCGGTACCTCCTCCGGATCCCCCTCGCGTACCCAGCTGTCACCCTGGAAGCCGTTCAGGACGATGCCGCGCCAGTACAGGCGATCCTCGGGGAGCTTCTGGCACACTACCCGAAAGGCGGGGGTCTGCACCGCAGTGATGCTCGAGGTCTTTCCCGGCGTCACCTTCTCCGTGAATCCCACAGTTCCCCTCCCCCCCTGGTCCACGTTCCAGATCGGGTACTGGGTGCGGGGGAGCACCACGAAGAGAAGGAGCATGATCGGGACGGTCGCGGCAGGCAAAAGAAGCGACGTCCCCAGCACCTTTCTCAGGGCGCGGCGGTCCAGAGTCATCTCCGGGTCGTGGACGTGGAAGGCAAGAAGCACCAGCGAGACCGCGAGGAGCACGAGGAGGAGCAGGAGATAGGCGAGGAAAATCCCGGTGAGGTTGTAAAGGGACGACGCGGCGAGGCAAAAGAGGGAGAGGGCGAAAATCTGCAGGTAGTTCCTGCCGCTCTTCTCGGAGAGGAGGCGCACCGCAAGGAGAGCCACCAGGAGGTTCGCCGTCACCTGCACGAGGTCGGAGAGGGAAAAGCGCGCTCCGTAGTAGAGGAAGAAGAGGATGGAGAGCCCGGTGAGGAACCACCCGCTTCGGGATACCCCTCTCCGGTCGAGACAGATCCCGCCGGCCAGCGCCAGCGGAAAGAAGTACTTCGCCACCATGTCGAGGTACGGCATGAGGGGAAGGTAGCCGATGACGGCGCTTCCAAGCGAAAAGATGGCGATTATCGTCCTAATTCTTACCATACAGGGCCAGTTCCCCCAAAAGTTGCAACCTGTGCTGCCGCGTGTTTCCTGCCGCCACACGCTTTTCCCCCACCTTCAGCCCCACCGGCCGCCCCACCTTCAGGAGACGGTTGATAAGGTAGGCGCCGTGGCTCAGGCGATCCTCCATGTTTCGCCCCGGCAGGAGTTCCGGCTCGATGATCACCGGCTCATCGGCGGTGGCGGAAAGCTCCTTCACCTTGAAGACCTCGTGCTTTGCCGAGAGGCGCCAGTGGATCAGCTTCAGCGACTCGCCGCCGCGGTAGTCGGAGATCTTCACCAGTTCGCCGTCATACCCGGGGGAAAGGGGGGTGAGATCGGAACCGGCATCGGGAGGGGCGACGGGGGTGGCCACCGGGAAGGAGCGCGGGGCGGGAAAGACGGTGACGCTCGACTGCACCGGCACCTGGCGGCGGCGCACGAAGAAGTGGACCGGGAAGGAGGAGCCGACCACCGCACAAGTGATCGTGTGCAGGCCGCGCTCCGGGAAGGCGTGCAGAAAGCTCACCTTCTGCGCCCCTCCCCTTTCCACGACCGTGCAGAGTGCCTCCGTCCCGCAAAGGGCTATCCGGATGAGAAACGACGGGAGGAAGCGGCGCCGGTTGATGATGAGCACCGAGACGAGCGTCTGCACCCCGGCATAGACCTCATCCGGCACCTGCAGCCGCACCTCGAGGTTGCGGATGTTCAGCCACCCCATGAGGCCCGATACCGCCATGAAGCCGAGCATGGCCGAGACTATGAGGAAGAGGAGATTGTTCCCGGTATTGACCGCAGCGACGCCGAGACCGAGGGTGGTGGCCACGAAAAGCCCCCCTCCCTTGGTGAGCTCTATGTGAGGGGGAGCGGAATCTCTTTCAGGATGCCGTTTAATAGCTCCTCCTTGTTCACCCCCTCCTGCTCCGGCCGCACAAGGATGCGGTGCGAGCAGACGGTGGTGGCGACAGTGCGGACGTCCTCCGGGGCGACAAAAGACCTGCCGTCGAGGTATGCCGCAGCCTTTGCCGCGTCAACGAGCCCTATCGCGCCACGGGTGGAGATGCCGGTGAGGATGAGCGGGTGGGTGCGGGACTTCCTGACAATGGAATAGACGTAGTCGGTGACCTTCTCCCCCACATACACGGAGTGGCGCACCGCAGCGATCGCCTCGAGGAGGTCGTCCCTGCTCACCATCGGCTGGATGTGCATGAGCTCGTCCCTGATGCTCCCTTGCCTGATGATGATCTTCTCCATCTCCTCCGGCGGGTAGCCGATGCCGCTTTTCATGATGAAGCGGTCCATCTGCGACTCGGGGAGGGGAAAGGTACCGACCTGTTCCACCGGGTTCTGGGTCGCCAGGACGAAGAAGGGATCAGGGAGGGTGTAGGTAACACCTTCCACCGTCACCCGCCGCTCCTCCATCGCCTCGAGGAGCGCGCTCTGCGTCTTCGGCATGGCGCGGTTTATCTCGTCGATGAGAACGATGTTGTTGAAGATCGGCCCCTTGATGAAGATAAAGCGCCCCTCGGTCCGGTCGTATATGGAGAGACCGGTGATGTCGGAGGGGAGAAGGTCGCTGGTGCACTGGACCCTCCCGAAGGAAAGGCCGAGGGAACCGGCAAAGGCGAGAGCCATCGTCGTCTTCCCAAGCCCCGGTATGTCCTCGAGGAGCATGTGCCCTCCGGTCAGAAGAGCCATGAGGCAGAGCCGGACCGCCTCCCCTTTTCCCTGAAGCCGCT
CP087999.1_gap12	438977	440296	1319	TTTTCCTCTGCGTCGGCTGGTTCATCTACATGCGCTACAGATTGATCCTCGAGAGGGACCGCACCAGGGAAGGGAAGAGGGACGGCATCCTCGTCGAGCAGCTGCGCACCCTGCTGCAGGAGCCGCCTTCGGCCCCTCACTGGGCGTATCTGGGTCGGGTAGGACTCTTGCTGCGCGAGTACCTGGTGGCGCTCTGCGGCGGGGACGCTAGGTTTCGGGGGGGGAGCGGCAGGCACTTCATGGAGAGGATGGGCTCGCGGCTGCCGCATGAATCGGTGGCACCGTTGACCACCATCCTTGCCGCCATCGACAACAGCGTCGCAATGGAGACGGAGCACCATCAGGATATGGAGGCCCTGCAACGCGAGATCCTGGAGGTTGTCGAAGCCACGGCGCAGCGCTCGGCGGCCCAAGGGTAGCCCGCTATGACGGTCGAGCACCCATGGGCACTCCTTCTCCTGGCACTGGTTCCGGCGGTCCTCTTCGCCCGGAGAAAGGGGGCGGCGCGGACCGGATTTTCTGCCGTGCCGGCGCTCGGCCGGGAGCTGCAGCCAGGGCCGCTCAAGAAGTATGGGCCGGACGTGCTGGCCGCAAGTGCCATGGTTCTCATCGTCCTCGCCATTGCAAACGTGCAGTACTCGAGCTACTGGCAAAAGACGTATCCGGAGTCGAAGTGGATCATGCTCGTCCAGGACCTCTCCGGCTCCATGGGCAGGCCCAGCGACGAGAGCGGCAGCATGACGCTCGGAGACGTTGCCCTGGAGGGAGCGTCGGCCTTCATCGACATGCGCAGGAAAGACGACCTCATCGGCCTCGTCGCCTTTTCCAACGTCGCGCAACTGGTGGCGCCACCCTCCTTCGACAAGGAGATCCTGAAGAAAAAGCTGGAGCTTTTGAGGAGAAAGAACGATTCCAGCGTCTTCAGGGAGCTGAGCATCGGGGGGGAAACCAACGCCTCCCACGCAGCGTGGCTTGCCACGTGCGTTTTTTTCATGCTGCTGCCCGAGGAGAGCCAGCCCTCCTACGAGCAGCTCGACAACCTGCGTTACTCGCTGATGGGTCGCGGCGATGCGGCGGCAGCGATCCCCGCCGCGCTGAAAAAGATCAACTTCGGACGCGGCATGGCCATCGTCCTTTTCACCGATGGCCGGATAGAAGCGAGCCCGGGAGGTGACGGCGCCGAAGAAGGGCTCCTCAACTTCGTCAACGTGATAGGGCTGGTGAAGCGGCTCGGCATAAAGCTCTATCTGATCGTAGTCGGAGGGGACGTCACCGCCGAGGTCCGCCAGGCTCTCGAGGGGCGCGCGGGGGAGTCTGCG
CP087999.1_gap13	587404	589558	2154	GTTGATCCCCCTCCTTGCCGGGCGCTACCGGGTCATCGCGGTCGACCTCTACGGCTACGGCGAGACCCCCTTCCCGCCGGATAAGGCGGCCTTTTCCCTGCGAGACGAAGTGGAGCTCGTGCGCGAGGTACTGGAGCGGGAGCTGCCAGCCGGCGCGGTCTTTCACCTCGTTGGCCACTCCTACGGCGGCGCCGTCGCCCTCTCCTTTTGCCACTACTATCCCGAGAGCGTACGAAGCGTCTGCGCATTCGAGCCTGTGGCATTTCATCTGCTGGACCTCGCCGAGCCGCAGCTGTCGACGGTGCTGCAGATGGCGCAGACGCTGGAGCGGCTCGGGGCGCAGGGGAAGCCGGAGCTGGCCGCCGAGACCTTTCTCGATTACTGGGGGGGACCCGGCACCTTTGCTGCGTATCCGGCGCGGCTGAAGGAAGATTTCGCCGCGCGAACACCGAAGTTGCGGCTCGACTTCCAGGCTATTACCCGCACCGCCATAACGGTGGAGGATTACCGCCGGCTGCAGCTCCCGGTGCACCTGATCGTAGGGGAAAGGAGCCGTCCCCCTGCCCTCTTTGTCACCGAGGTGCTCTCCCGGACTCTCCCGCACTGCACGCTGCACAAGGTGCCCGCAGGCCACCTCGCCCCCTTCACCCACCCGCAGCTGGTAAACCCGCTCATCGCACAAACGCTGCGCTGACGAACCCGTTACTGCGGGGCGAGATGGAAAGAAGCGAAGCCCTCGGCAGCACATCCCTCGTGAAAGGGAGGGGACGCCTGAGCTCCTTCCGGAAATTCCGGAGGAGCGTGGGTACATTGCCACGAAGCACTGCAGAACGCCTGACGTTCCCCCCTTTGCGAAGGGGGGGCAGGGGGGATTTGCCTTCGCCTCCTTATCGATGACCACTTGAACCAGCCTCTACCCCATCCCCGCCCTGTCCCTCCCCTTGAAAGGGAGGGGACGCCCTGAGCTCCTGCTCTGCGAGGAAACGCCGGTCACTTCGATCTCGCCTGCGTCCCTTGCCCTGCCCCGGAAAAGACTTTCCTTTGCGTGGTTTCCTTTGCGCCCTTTGCGTCTTTGCGGTGGATGTTCAGCTTTTCCCGCTTCTGCTTCCGGTTCGGTCCACCGAAAACGCCCGCAAACCCGCACGGGCCGCCATTTGAGCGCTTGACATTTCCAGATCACCCCACAAAATCTTCATGTGCTCTAACAATGTCATGAAGAAGTCCGGGGGGCGGTATGAGCGAGATGCGGGCCAGTGCAGTCAGACCGAAGGCACTCTTCCGGTCCACAGTCGGTGACCCCGGACCGGTCTATCCGATCGACAGGTGGATACTCTCCCTCTTTCTGAAGGGGATAGGGAACCCCGCGATCCGCAGCGTCCTCTGGGACGGCAGCGACATCTCCCATCCCGGGGCGGGACGGGTCGGCATGGTGATCCGCAACCGCGCCACCCTCCTTCGCCTCATGGCAAACCCTCTCCTCAACTTCGGGGACGACTACAGCGCAGGGAACATCGAGATCGAAGGGGGTGTGGTCAACTTCCTGGAGGCAGTGTACCGGGGGATGATGCGCCCGGGGAGGACCTGCCGCCGCTCCCGCCCGGTCGCCCACTGGCTGCAGAGAAATGTCAACTCCCTCTCCGACTCGCGCCGCAACATCCACCACCACTACGACATCGGCAACGACTTCTACCGGCTGTGGCTCGACAAGGAGATGCTTTACACCTGCGCCTACTACCCTGCCCCCGATGCCACCCTCGAGGAGGCGCAGATCGCCAAGATGGAGCTTGTCTGCCGCAAGCTGCGCCTGAAGGAGGGGGACCGGGTCATCGAGGCCGGGTGCGGCTGGGGGGGGCTCGCCCGCTACATGGCGAAGCATTACGGCGTGAAGGTTCGCGCCTTCAACATCTCGCGGGAGCAGATCGCCTACGCCAGGAAGCGAGCGGACGCGGAGTCGATAACCGGTGTGGAATTCATCGAGGACGACTACCGCAACATCACCGGAGAGTGCGATGCCTTCGTCTCCGTCGGGATGCTGGAGCATGTCGGTCCCAGCCACTACCGGAAGCTGGGAGAGGTCATCAACCGCACCCTGTCCGACACCGGACTCGGACTGATCCACAGCATAGGACAAAACGTCCCCGAATCGATGAGCGG
CP087999.1_gap14	673352	677181	3829	ACCGTGTGCAGAGCCCATCTTTACACCCGTCCATCAGCGATGAGGCCGTCCTCTCTCGTCGAGGCTGCACGGTCCCGCGCCGAAGTAGGCGATGAGGAGGGCTCCGCCGAGCATGGAGATGTTTTTCAGGAACATGATCCTTTGCATGGAGGCCGCCATCGGATCCGCCACGGCCCAGAAGTTGTGCATGGCGAAGGTCACCGGCACGAGAAAGAGCACCAGGAGCCACGCCCCTATGCGCGTCTTCCATCCGAGCATGACGCTCAGCGCCCCGGCGATCGCGATGATGCCTGAAAGGGGGACAGCGATCGCTGCAAGGGGCACCCCCCGTCCTGCGGCATACCCTATGGTCTCGCTGCTGAAATGACCGGGACCGGAAATCAGGAAGATCGCGGCAAAAAGTATCCTCCCGAGCGGGACGATGTATCTCATGATGCGCCTCCAGGCATGTATACTGCGGCGCCGGCGAGGGGCGGCGTCACATCTTCCCCTTGCGCCGGGCGGTACACCTCTTTAATTATTCTGACCTTACAGCGGGGCATGTCAAAGCTTCCGCATCCCCCCGGGAAAACTGGAACTTCCGGTGCGAAAAGCGTTATTGCCTTGGCTGCGACAAACTGTTAAAACCTAGCTTTGGGTGAGAAAGAGAGCGCATGCGCATTAACGGTTCCCATGCAATGCCGACAGTGAAGGAGTGAACATGCAACAGAAAAGAAATGCCCTGAGGAAGAACAAGGCGATAGCGCTCAGCCTCATGATCGGCGCCGCCGTACTCTTCGTCATTGCACGCTATCACAAGGGGAGTGGCTGGGAGTGGGTCGCGGCCTTTTCCGAGGCCGCCATGGTCGGCGCACTGGCCGACTGGTTCGCCGTCGTCGCCCTCTTCAGGCACCCGCTGGGGGTCCCGATTCCCCACACGGCGATCATCCCGAACAAGAAGGAGACGATCGCCGAGAACCTCGCGATCTTCATCCGTGACAAGTTCCTGGCGACCGAGTCCGTCGTCGCGAAGCTGAGAGAGCTCAATCCCGCGCAGCACCTGGCGACGTACCTCATGTCCAGGGGGAACGCGCAGTGGCTGGCGCAGGGGATCACCAGCATCATTTCCGATTCCCTCAATTTCCTTGACGACGAGCGCGTGCGCCAGGTGCTGAGGAGCGCCCTGAACGACCGGGTGGAGAAATTCGACCTCTCCACTTCCGCCGGCGCGCTCATCGACACCCTCAGAAAGGACAACCGGCACCAGGCGGTGCTCGACGACCTGCTGCAGCGTCTCGGGGGGTGGCTCGCCACGGAGGAGGCACAGGGAAAGATCGCCACCTTCATCGACAACTGGCTAAACACCGACTACCCGCTCCTCAGCCGCTTCATCCCGAACCGCGACAACTTCGCCAAGGGAGCCGGAGAGAAGGTCGCCGGGAAAGTGAACGAGTTCATCCAGGCGGTGAACGCGGATCCGACCCACGACGTGAGGCAGAAGTTCGACAACGCCGTGGCAGGGTTCAGCACGAAGCTCAAGTCGGACGAAGCGCTCAGGGAGAAGATCGCGGGGCTGAAGCGGGAGGCGATCAACAACGCGCAGCTCACCGACTACGTTAAGGGACTGATCAACGACCTGAAGGTGTGGCTCGCGGACGACCTCGACCGCCCCGACTCGAGAATCCAGCAGAAGATGGAGGACCTCGCGGTCGCCATCGGGAACACCCTCTCCAAGAACAGCGACCTGAAGGACTCCATAAACGAGCACCTGGAAATGATGGTGCGAAACTACGCGGAGACGATGCAGAAGGGGATCACGAAGCACATCGCCGGGACCGTGAAGCAGTGGGACGACAGGGACTTTGTGAACGAGATCGAGCTCAGCATCGGCTCCGATCTGCAGTTCATCAGGATGAACGGCACCCTGGTCGGCGGCATGATCGGACTTCTCCTGCACTCGGTCACCCTGCTCCTGAAGTAAGCAACAAGGTACGGCGGGAGCGCCATGCGGCGCTCCTGCACGCTGCCTGCCGGAGGTGGAACGATGGAGTGGCACCCCGACGATTTCCCCTTTATCAAGAAGCTCACGCCGGAGTACGAAAAGACGATCCGGCAGATCCCTTTCCTCAACATCGATTCACTCCTCATCCCCTCCCCCTACATACTCGACAAGGCGATCGACGTGGACTACGACCACAGCTACGTGTGGGAGGAGAAAGGGGAGATCCTCGGCTACCTCCTGGTCTACGCCACCCCCGACCAGAAGAAGTTCCAGATCTACCGCCAGGTCACCAGCCCCTTCGGGAGGGGAAAAGGGATCGGTTCCGCCTTCGTTCTCTATCTCGCCAACACGGTCGATCCCGACTCGCACATCTATCTCTACGTCTGGGACAAGCTGATAAGCTCCGTCGACTTCTTCACCAGCAGGGGGTTCCGGATCGAGGACCTCATCGTCTACCGCAAGATGAAGTTCCACCTCATGTCGGTCACGGCGCAGACGATCAGGGAGCGGGGACTCGCCCCGAGGAAGAAGGATGTGCCGGCGGTCGAGGAACTGAGCAAGGTCCGTCACGACGCGAAAAAGTCGGTGAAGGTTCTTTTCGACATGGTCTCCATGCTGAGCCTCGACAACTTCAACAAGGTGACCGAGGACATCAACAGGGAGACCACCGCCCTCTTCAACACCCTCAACATGTACTCGGACAGGATCAGCACCTCGCGGAAGGTTTCGCTGAAGGAACTGATCACCGAGAGGGTGATCCCCTACCTCGAGGCGGCGGACAGCAGCTGCGAGATCCGGCTGGTCCTGAAGTCGAAGGCCCCCCCGGTCAGCGGGAGTTATCTCAGCTACAGCCGGGCCCTCATCAACATCGTCTCCAATGCGCTCGACGCCATAAAGGCCGCGGGTCGCCCGGGAGTCATCCGGTTCACCCTCGGGCAGGAGGAAGATCGGGTCGTTCTGTCGGTGGAGGACAACGGGATCGGGATCCCCGAGGAGAAGCTCAAGAAGGGCCCCGACGAGGTGCCGCTCTTTGTGGGGCACACCACCAAGGGGGAACAGACCGGCGAGGGGATAGGGACAAAGCAGATCTACGCCGCCTTCGGCCCGCCCCACATCGCCGTGAAAAGCAAGGTGAACGAGTGGACCCGGTGGACGATCTCCCTCCCCGTCATCACCGACAGGGATACAGCGCTCCTCGCCGACCTCGGCTCCAAGTACTTCAGGTTCATCAAGTCCACCCACAGGATCCCCCTCACCAAAGAAAGCAGCAGGAGGGACATCTCCATCTTCATCTGGCAGTTGCGGCAGATGGAGATCTTTAGCTACGACCTCGTGTACCACTTCAGCAGGTACAACAACGTGCGGGACATCTTCCAGAACGTCATGCTGTACAGGTTTGACGGGAAGTCGTTCGAGGATCTGAAGGCAGAGCTGAAGAAGTACCGCATAGAGCACGACGTGATCCGATCGTGGCTTCTCGGGGTTACCAAACGGATCAGCCGCAATGAAAGCTATCTCCAGGAGAATATCTCCTTCCACGAGTACAAGGGGATTCTCTTCGAGAGCTACAGCCAGGCGATCGACCGCACCATGATCTTCACCCTCGACCCGTACAGCGGCGAGTTCCTCGTCTCCGACAGGAAGCTCGCGGAGCACCTGGACTTCGTACCGTACCTCTCGCGCGACAAGGATGAGCTTTTGCGGGGGGAATTCATGGGGGATGTGAAGCATGACGACAGCCCGATCTATCTCGGCGTGTGGTCGGTGAAAAACAGGGAGGATCTCCAGCAAAAGCTGAAGCTGATCCAGCGGGGAGCGGAGCAGTTGCTGCAGATGGGGCTCGACAAG
CP087999.1_gap15	678203	679553	1350	CTCTATGTTCCAACGTAGTTTGTAGGCTTCGGCCACCTGTTCAGCGGTAAGGTCATAGCGGTTTGTCGCAACCCAGTATTCCTTTCGGTCAACGCGATAGCCAACTACTCGGAGCTCTTTCTGCCCTTCAGTGAGCCCCTTCTTGCCCAGAATAACGATGGCGTCATAAAAGACGATGTCACTGTGCGGAAGAGGATTTTGACGGACGACCTTCTTTCTGGCTCTCTGCTGGATGCGGCAGATAAAGAGTTTGCCGTCTTCTTGCCACTGATCGAAGTCGGCGTTGCATTGGTACCCTCGATCAAGGACAGCAGTTTCGCCAGGCTGGAGGATACGGTCTACATACTGCCGCTCCACCTGGTTAGCGTCAGTCACGACCACACTCGTCGGCACACCACGGTTCAGATCAAGGCCTACGTGGGCTTTGGCTTTATTGTGAGTGCTTGAGTACTGCGCCCAATCCATGGACATCAAAGCGTCGATGACAGATCCATCGATGCCAACAAGGTTGCCAAGTTCTGCGTGTTGGGCGGGAATGACTTTGCGAGCCTCTTTCGCCAGTGCTCCAAAGATTTCAGTGAGTTGTTCGAGTCCACGTGTGTTGATAGCCTCAAAAAAGGCGGATTTTTTAACGCCTTTAGGTGGCGCAACACATTCCTTGGCGAAATTGTCCTGTTCCAGGGCCTGGATCAGTTCTCTTCCAGAAGAGAATTCCTGGAGATGGTAGTAGACAAGGGCCTTTAGCTGATCGTCGAATGACAGTTGCAACGGTCGGTAACCTCTCGATGTAAGTGGAGAAACAGGGGTGCATGATCTCTTTACTGGGTCGAGAAGTCTATTAAATTCATAAGGATTCTGCGGCTTTTGTCTGCTGAAGGGACGCATGTCGTAACCACTCCCGAATTACGTAGTTACGAACGCGGCGCGCGCCACCCTTCAACAGATGTCAAGCAAAAAGTACAGCAATATCAAAGATTTCAGAGAGCAAGAACCTAACCGGACAACGCTGCCCTGTCCCCCCTTCGCAAAGGGGGGGACGCGAGGCCTCGTGCCGCCCTTCATTGCAACATACTACGGCTTCCCCAGAATTCTCGGATGAGCCTTCGCAAAGGGGGGGACGGAAGTTCTCTTGCAGCGGTTCTGGCTGCCATCCCCTTTGCTACTTGCAAAGCTCCGTGAAAGGGACATCGAGAAGATCCCCCGACACCTCAGCATCGTCGAAGTGCCACCACTCCGTCGCGAGGGGGCGAAATCCGGCGTTGCGCATCGCTATGGCGAGGATCTCCCTATTTTTCGCGGCTGCGGGCCCGACGTCTTTTGCGGAACTCGCCGCCCTAGGGGAGAAGTCGT
CP087999.1_gap16	683004	686894	3890	GCTCGTTCCTGCGGGCAGGATCGCTCGGCACGAAGGGGAAACGCTCGTAGCAGCGCTCGAGCGGCAGCTTCTCCTCGAGGGGAAGCTCGGCGCTGAAAGAGATCGTGCGGAAGGTGGCGATCTCCGGGTGGTGGCGGCGCACCGACTGGTTGAAGGTCGTCTGGCGCATCCGCTCCTGGGTCAGCCGATCCAGGTCGATGTCCCCCGTGATGAGCTGCTGGCCGTAGTCGAAGCGGTTCGACTCGGCGAGGAAAACGCCGTTGTCGCAGATCATGCCGTGGCCGTCCCAGGCGAGATCGGTCGTCGATTCCCCGGAGCCTGCAGCGCTGTAGATGTAGGCGGCAAGGCAGCGGCTGGCCTGGCTCGCAACGAGCTGCCTACGGTAGTCGGCCTTGGCAACGGTGATGTTGGAGGCGGAGAGGTTGATGAGGACCTTCGCTCCGGCCATGGCCGCGAGGGACGAAGGGGGGATGGGGACCCAGATATCCTCGCAGATCTCCGTGAAGAAGGTCAGGAGCGGCTGCTCCTCCACCTGGAAGAGGAGGCGCGTGCCGAAGGGGACCCCCTTCTGCCCCAGGAGATCGATGTTCTCCACCGGCGCGAAGTCCGCGGGGGAGAACTGGCGCAGTTCGTAGAACTCGCGGTAGTTCGGGATGAAGCTCTTAGGGATGACCCCGAGGATCCGCCCGCCGTAGACGACGGCACCGCAGTTGAAGAGCATGCTGTGCACCTGCAGCGGCAGCCCCACGATGGTGATGAGCGGTATCTCCTTCGAGGCGTCGAGGACCTCCTGCAGGGCCTTCAGAGATGCGTCCAGCAGGGCCTGCTGGTGAAAGAGATCGTCGCAGGAGTAGGCGGAAAGCCCGAGCTCGGGAAAGACCGCGACGAGTGCCCGCCTCTGGTGGGCCTGCCGCATCATGTCAACCGTCTGCCGCGCGTTGAAGGCGGGGTCCGCCACCCGCACCTCGGGGATGGCAACCGCTATGCGGACATAGTTGTGATTGTAAATGTTGAAAAAGGAGCCTTTCAAAGTCCCGCCACCTCCGTGTGCAAGCGTTCGACAACATGGGCCAAAAGGGCAATGGGCAGTCTCTCACAAACTCCGGCAGGAAACCAAGAGAAAAGATATCACTGGTGAAAATGCGTATACGTAATATGCGGCGACGGTCGATGCAGTCCATGTAGGCCGGGATAAGCCGCAGGCGTTCCCCGGCATCTCCGTCCGGAGCGGCGCAGCTGTCTGCCGGGCAACGCTACCGCTTATGCCGGCCCTACAGAGACAACTTCACGAGGTGAATGCAGTCCAGGTAGGCCGGGATAAGCCGCAGGCGTTCCCGGCATATTCGTCCGGAGCGGCGCAGCTGCCTGCCGGCAACGCTGCGCTTATGCCGGCCTACATGGAATACAGTAAACCCTTGATTACCGCCGAAAGGTTTGCCGGATTGCGAAGAATCCTTCCCACGGGTCCCGTTCCAGCCGCTCCAGGCGCTCCTTCATGTTGAGGACGCTGAAGCTGTCCGGCTTCACCCCCTTCACCAGTTCCTCCCACCCGATCGGCGTGGCGACCGGCGCCCCCGGGCGGGCCCGAACCGAGTACGGCTCCGCTCCGTGCGCTCCCCTCCCGTTTCTCATCCAGTCCACGTAGATGCGCCCCTGCCGCTCGCTTTTGGAGAGCTTCGCGGTAAAGCGGTCGCCGCGCGACTCCTCCATCTCCTCCGAGATCCGCCTGGCAAAGGCGGTGACTTCCTTCCACCCTTTGCTCCGGTCAAGGGGAGCGACGAGATAGTACCCCTTGCCGCCGGTCGTCTGCAGAAAGGACTCGAGCCCCCGCTCCTGCAGATGGATCTTCAGGAGGAGGGCCGCCTCGGCGAGATCCTCCCAGGGGTACCCCTCCTCAGGGGGATCGAGGTCGAAGAGGAGGCGGTCCGGGTGCTCCAGGTCGGCGTAGCGCGACTGCCAGGCGTGGAACTCGACGCTCCCCTGGCGCACGAGCGTCAGCACCCCTTCCGCATCATCCACCGCGAGGTAGCGCTCCGCATGCCCGGCGATATCTATCGGGCGCACCGGAGGGGGAAAGTTGGTAGCGTGCTTTTTGAACTGGCACCGGTAGATGTTGGTGGGGCACGCGATGAGCGTAAGAGGCCGGTCCACGATGTGGGGGAGCATCAGGTCGGCGACGAGCGTGTAGTAGCTCACCAGGTCTTCCCTGCGCAGCCGTTCGTGGGGGAAGACCGGGAGATCCTTCTTCGCCGACCGGGGGGGCGCCGTCTGCATGGCCGTCTCCCGCGCCCTTTCGGGGATTTCCAGGCGCACCTCGCGGGAGGGCTTGTCCTCCCGCAGCCCCTTGAAGGAGGCGTTCCTGAGCATCCCCCGCCCGGAGATCCCGCCGTGCGCGACCTCCGCCACCAGCTCGGGGCGCACCCAGTGCGGGTTGCGGTACTCCTGGCCGGACGGCGGGTTCACAAAAGGGGGCTCCGGTTGCTCGTAGCGGCTCAGAACCTCGAGAAGGGTTTCACTCGATGAAATGCTGTATCCGCTCTTGATCTTCCCGGCGAAGACGAGGTGCCCCTCCTGGTCGTAATACCCGGCAAGGAGTGAACCGAAGGGGCGGCCTGCCCCGGACTCGGTATAGCCGCCGACCACGAACTCCTGGCGCTGGGAGCACTTCACCTTCAGCCAGCGGCGGCTCGGTTCCGAGACATAGCCGGAATCTGCCTGCTTCGACACGATCCCTTCCAGCGTCCTGCTGCACACCTCGCGATAGAATTCCTCCCCGTGCCCAACCACGTGATCGACGTAGCGCACCTGCTCCATCTGAGGGGGAACGAGGTCGGCGAGTATCGCTTTCCGCTCCGAAAGAGGTGCGCCGCGGATATCGTACCCCTCGTAGTTCATGAGGTCGAAGACGACGTAGGTGATCTCCCCTTCCCTGCCGCTGCGTAGCGCTTCCTGAAGCGCGTGGAAGTCGGAGCGCCCCTGGGAGGTGAAGACGACGATCTCCCCGTCGAGCCAGGCCTGCCGCACCGGGAGGCGCGCCACTGCGCGCTGCAGAGTGGGGATCCGGTCGGTGAAGTCGATCCCTCTTCTCGTGAAGAAGCGCACGCCGGTCCCTTCCTTGTCGATGCGGCACACCATCCGGTAACCGTCGTACTTTATCTCGTGCAGCCACTCGTCTCCCTGGGGGACCTGGTCCACCAGCGTCGCCGGCTGAGGCGTCGTGCAGGAGGGGAGAGCGCCTCCGAGCGCGTGGCCAAAGACAGGGGGGGTGACCTCCCCGACGGTGCTGCTCCAGAGGCGGTCGCGGTCCTCGGCGATGTCCTCCATGGTACGGCCGCTCATCACGCTCCTGTCGCGGGCGAGGATGTCGTTCGGGGAGGCGAAGTCGTCCGCATCCTTCACCAGCCGCCAGCTGCGGGTCTCCCTGTCTTCGCGGGTCAGCGTCCATCGGCCGCGCAGCTTCTGGCCGTGCAGGACAAAGTGGAGCCGCCCTTGGTAATACCCCTGTTTCCCCCCCTCCAGCGGCTCCCATTCACCGATATCCCAGACCATGACGGTGCCGCCTCCATACTCACCGGCAGGGATGACTCCTTCAAAGCGGGCGTATTCAAGGGGATGGTCTTCGGTCTCGCTGGCGAGGCGGTGCTGGGTGGGATCGAGAGAGGGCCCCTTCGGGAGTGCCCAGCTCTTCAGCGCGCCGTGCAGGCGCAGGCGGAAGTCGTAGTGGAGATGGCTTGCGGCGTGCTTCTGTACCACGAAGATGTTCCCTTCTTCCGCCCCCCCTTCTCCGGAAGGCTCAGGGGTGCGGTTGAAGTCGCGCTTTCTGCGGTATTCCTCGAGGTTTCCTTTTTCGGCAGCGCTCATTTTGTGGAATTGCCCGGCCTGTTACAACT
CP087999.1_gap17	693206	695979	2773	GGAAGGGTCACTGTGTTGCATGCATTATCACAGTGACAGTATTACCTCCTGAACGGCAGCGAAAGTACTCGCGCCCTCCTCTATTCCATTTTTCACCAATCTTCCCTTTTGATCCGTCCGCCAATGCACCTCGCCATCGACGGCGCCTTTCCTATATCATGATAAGGAGATGAACGGGAACAGACGGACAGGTTATGCTGAGCTCCCGCTGCACGGCGGGAAAGCGCCGCGCTGGCTTTTCGAGCGGATGACGCGGCTCTCGCGCGAGATCGTGCGGCACATGGTGGCGGAGTACGGCGCGCGGGAGGTGCTAAGGCGCCTCTCCGACCCTTTCTGGTTCCAGGCCCTCGGCTGCGTCCTTGGCTTTGATTGGCACTCCAGCGGCGTAACGACGACCACCTGCGGCGCACTGAAAGAGGGGGTCCGGGGGGTGGAGAACGAGCTTGGGCTCTTTGTCGCCGGAGGGAAGGGAAAGGTTTCCCGCAACACCCCGGCAGAGATCGTCGCGCGCTGCGAGACGCAGGGGGAAAATCCGCTCCCCCTGGTTTATGCCAGCCGGATGTCCGCCAAGGTCGACAGCGCCGCTGTACAGGACGGCTTCCAGATCTATCACCACTCCTTTTTCTTCACCAGGGAGGGCGAGTGGGCCGTCGTGCAGCAAGGGATGAATCCCGGGAGTTGCACGGCACGGCGCTATCACTGGCTAAGCGCCGGGGTGGAGAGTTTCGTGGAGGAACCGCACGCCGCCATCTGCTGCGACGAAAGGGTGACTCCCCTCAACCTCGTCGCCGCCGAGAGCGCCTTGGTGAGGGAACACGCCGTCGAACTGGCGGTCACGCCGGACCGGGAGACGATGGCGGTGGCGGAGAGGCTGCCGACCCTCGTTATGCCTCAGCGCCACGACATCGTTCCGGGAGACATCAATCCGAGACAGCTCCACAAGATACTCCTGCAGACCTACGAAAAGCCGCCGGGGAATTTCGAAGAACTCCTGGGGATGAAGGGGGTCGGCCCAGCCTCGCTGCGGGCGCTTGCACTGGTGGCCGAGGTCATCTTCGGCACCCCGGCCTCCACCCGCGACCCGGCCCGTTTCTCCTTCGCCCACGGCGGAAAGGACCGCATCCCCTACCCGGTGAACCGGGAGGTCTACGACACCACTATCGAGGTACTCAGCAAAAGCTTGCAGCGAGCCGCCGTGCCGCGTTCCGAAAAGGTGGAGGCGCTGCGCCGGCTGGCACATTTTACGGAGCCGGAAGATGATCAAATAACGCAGTCGTTGATAGAGAGAAAGGAGGAGACGGAATAGCAGCTACCGCGAGCGCGACCGGCGCAGTGGCGGAGCAGCACCGAAGCAGCAGCGAAGAATGGAGGAGCTTATGCCCGAGTTACCGGATGTAGAGACTTTCAGACGCTATTTCGACAGTACGGCGTTGAAGCAAAAGATAAGCGCTGTGGAGGTCAAGAGGGCGGGAGTGCTGGACGGCATTTTGCCGGAAGAGCTGCAAAAGGCACTGGTGGGAAGAAGCTTTCTCTCGACCCGGCGCCACGGAAAGGTCCTTTTTGCCCAGACCGACGGCGACCTCTGGCTCACCGTCCATTTCGGCATGACGGGGTACTTCCGTTATTTCCGCGACCTCTCGGAGGAGCCGCCACACGATAGGTGTCTCATCACCTTCGCAAACGGCGCGCACCTCGCCTACGACAACAGGCGCATGATCGGCAGGATAGGGCTCACCCCGTCGCCGGAGGAGTATGTCCGGCGCCACGACCTCGGCCCCGACGCGCTCACGGTGGACGAGAAGACCTTCAGGAGTCGTCTCGCCACAAGGAGTGGCCGGATCAAGCAGATTCTCATGGACCAGGACCTTGTCGCTGGGATCGGGAACGAGTACGCCGACGAGATCCTTTTTCAGTCGAAGATACATCCGGAGACAAAGGTGGGGTCACTGACGGACGGGAATTGGCGGGAGCTGTATCGGGCGAGTGCCATGGTGCTGGACAAGGCCGTGGCCAGCGAGGCGGACACCGAGAAGATGCCGCACTCCTTTCTACTGCCGCACCGGATGAAGAAAGGGGAGTGCCCACGCTGCTCGAGCCCCTTGCAGCACCTGAAGTCCGGCGGTCGTACCGCCTACTTCTGCCCGACCTGCCAACCGGCACCGTAGCTGCCAGCGCCGGGAGCAAAGGGGACAGGCACCTGCGGAGCCAGTCCCCCCGCATGCCGGGGAATGTAGGAAATGTAGGCCGGGATAAGCCGCAGGCGTTCCCGGCACGCCGCCGGCGCCACTGCCGCTTAAGGGCACCGCGACGGGGCCGCGAGATATGCCTGCAACACCGGGATATCAGCCGCGGCCCAGTCGAGCGTCTCCAGCTCTCCGGCTGAAAGCCAGGCCACAGCGGCGTGCTCGTGCAGAACAACCTCTCCCGATTTTATTGCACAGATGAAGGGATAAAGCGTGACGGCAAGGGTGGGGTAGTGGTAGGTGACCGGCTCCAGCGTGTCCTTCAGGACGACCTCGATCCCCAGTTCCTCAATAAGCTCGCGGCGCAGGCATTCCTCGGTCGTCTCCCCCTCGTCGATCTTGCCGCCGGGAAACTCCCACTTGAGCGGCAGGCTCATCTCTGTGCTTCGTTGAGCCGCCAGCACGAGTCCGTCCCTTTCGATGATGGCGCAGGTGACGTGGATGTGCCGCATGCCGGTCATGCCCCCACCACGGCAGCACAAGAGGTTTCAGTGGTCAATGTCAACGACCTCGCTCAGATCCCACACCGT
CP087999.1_gap18	806556	810988	4432	CATATCTGGATACGTGGGGAAGTGCGGAAGAATTTGAGAAGTGGCGAAAGTGGGCAGCAGATGATAAGCAGGCAATGAATCAGAGCTACCGTTAAAGCTGCAACGCGGCTCAGGCTTTGAATGTGGGGCTCACCTCCACGGTGCTCCTGCCAGCACATAGTTGAGGGCGTCCTCCTCTTCATGCCGACGTCGTTCCAGCCGGGGGGCCGTCCCCCCGGCTGGACTCGCGACCACGACACCTGCGTCCCCTGCTAATTGCTGGACCGCGTTGTTCCCGCCGTGCCGGCCACCGTCGTTGTGGCACCGGTTGCGATGACTACCTTGCGGATGGTGCTGTCGCCGAATTCGGTAAAGTAGATATTGGCCAGGGGACCTCTACATGCACTGGCGTAGATTACAGGGCCGCCCCATGGTTGCAAAGGCGTGCAGATGGCGGAATCAACCTCGATAAGCCGCCTCGATTGCAGCGATGTCGATCTTTGTCATCTGCATCATCGCATCAAACGCTCGCTTGGCAGCAGCGACATCGGGATCGGTGACCGCTTTGATCAGGATGATCGGCGTAATCTGCCAGGACAATCCCCACTTGTCCTTGCACCAGCCGCACGCGCTCTCCTGCCCGCCGTTGCCGACGATCGCATTCCAGTAGCGGTCCGTCTCGGCCTGGTCTGCGGTTGAGACCTGGAACGAGAACGCCTCGTTGTGCTTGAACGCCGGCCCGCCGTTGAGCCCGACGCACGGAACGCCCAACACGGTAAACTCGACGGTCAACACGTCCCCTTTTCTCCCGGACGGAAAATCTCCCGGTGCGAGGTGCACCGCACCTACCGACGAATCTGGAAAAGTCTCCGCGTAAAACCGTGCCGCCTCCTCGGCGTCCCCGTTGTACCAAAGGCAAATCGTGTTCTTTGCTGGGTTCATGATGTCATTCCTCCATGATAAAAGCGGACGCGTAAATGAGTCCGTTACAGCATAGCATGATTCACACAACACCTCTGGTGCAAGATCTGGAGGTAAATGCCAGGTTCGGCGTGGCGTGATGACGCCCCTTTACATTTCCCCAAGGATTCTCTATGCTTTGCCTATGCTACTACTTGTCGCGGCAGCTATCCTGCTCGTTCTCGGCATCCCCCACGAGGCTCTTGCCTGGGGAGGGGGGGTGCACCTGCAGCTCGGGATGAACGTACTCTCCAACCTGGGGATGCTCGATCCCGCCATCGCCGCCGTTATCGGCGCCCACCCCTACGACTACCTCTACGGTTGCATCGCCGCGGACATCACGCTCGGGAAGAAATACACCCACTACCTGCAGCACTGCCACCGCTGGCGGATCGGCTTCCGCATCCTTGAAAACGCGGAGGATGATGCGCAGCGCTCCTGCGCCTACGGCTACCTGAGCCACCTTGCCGCGGACTGCGTCGCGCACAACTACTACGTTCCGTTCAAGGTGATGAAGAGCTTCGCGGCGATGACGCTGAAACACGCCTACTGGGAGATGCGCTTCGAGAATTACGTGGAGAAAGACATCTGGGAAACGGGGAAGAAGGTGGCACAGGAGCACTTCAGCCGCAACGACCTCCTGCTCCAGAGGGTGGTTTCCAACACCATCTTCTCGTTTGCCACCAACAAGCGGATCTTCAACTCCATCCTGCTGGTGAGCCGCCTGGAGAAGTGGCAGGCGTTTCTGCAGACCATCAACGAAAGCTCCCGCTATACACTGGAGGAAACGGACCGGGAAGAGTACATGCGCCTCTCCCAGGACGCGGTCTTCGATTTTCTGCTGAACGGGCGAAAGGCCCTTATCTACCATGCCGACCCCACCGGCGAGAAGGCGCTGGAGGCCGGGGATGCCATCCGCAAGAACCTGAGGCTTCTGTACAAGAGCGGGAAGATCACCAAGCCGCAGGCGAACGAGGAGCTCGATCAGGTCCGGATGAAGCTCAGGCAGGCGATTTGGGAACCGCGGCAGTTGCGGCATATCTCCAGCTGATTTTTCGCCATCTCCGGAGCCGATTTCGAAACGGGAGCCGCCTTCTGGTGGCAAGTATGTCGGAGCTTCCTGCCGGAAACGCTTCGCTTATTCCGGCCCACATTCTACATTCCGCCTACCTCCAAATGATAATGGCCTGCATTGCAGGCCATTATCGCTTCTCACATGGATCCGTTCTCCTATTCCGGCATGTCCTTCAGACGTCTTCCCGTGCTGTCGGTGATCGTGGTCCCGGCAGCTTTTCTTTTCTGCTCTGCGGTGGGGGCGCCGACGGAATAGCTCGTTACGCTGCTTTGCTTCATGCCGCCGAACTTCCCGCTTACCGCCACCACCAGGGATGACCGCCCCTCCCCCGCGCGGTAGCTCACATCGAACGCTTTCTTTTGCCCACTCGCGAAACTCTGGCCGGCAACGGGACGGGCGTCGCTCGTGACTTTCAGCCCGTCGACCCCATTTACCCGCACCTCCACGTCGGTTGCGGCGGCATTGAATGTTATCGATACGCGCGCCGCGCTGCTCCCCATCTCCGCATTTACCGATACGGGAGCGACCCGTTTCCCTACTGGCCTCGTCTTCCCCTTCGTGTAGGCGGTGGAATCTCGCGGTATCATCGCCAGCGCCGAGAGGGCGAAGAGTACAGCAACCACTACAGAAGCGATCTTGTGCATATGCGCTCCTTTTCCATCGAGAGTCTTTTTAGTTGCTGGTGAAGTTCAGGGATACCGTGTAGCTGATGCTACTTTGGCTGTACCCGGTAAGGACGACCACATACTTCTTCCCGCTTTCCGTCGCCACCTGCACTGTCTCGGTCCCGCTGGACACCGCGTCCGCCGAGGCGAGCGGGTTCCCGCCCTGGTACACGTCGAGAGCCACATCCTGTGCCGAGGCGGCCGATACCGTGATGGTGCGGCCATTGCCGACGAAGACAAAGTACTGCCTCTGATCCCACTCGTTGTAGTGGCCACCGCCGAGCAGGGTCATGTTGATGCCTGCCGGGAAGGATGAAACTGGGATGTACATCTCGGAGAGGTTAATGTCCCCGGTCCCGTACTCCGAGGTTATGGCGCCGATACCGTAGTGGGCAAGGGCCGTGTCGACAGCTGCCGAGTCGACCCCTTGTTGCTGCTTTAGATAGTAGACAAAGGCTCCGAGGGTGACCATGGCGTCGGTCGTTTTCAGCGGCCCGGCGAGCACATCGTACACCCCTCCCAGCCCCACGCCCACATGGTCGAACGCCTCGCCGGTGCCGGTGTCATAGAGATCGTACATCGCTCTCGTGACGCAGTCTTCGCAAAGGCAGCCATAGTCGACGTCGTCCGCGGCCGAGGGTGCGGTTTCCGCGTCGACGCCGAAGCTGTCAAGCACCCCGCCGGACCACATCGTGTCCACATAGAGAGGGTCGTTGCACACCATTGCCGCCATCGCCGTGGCGCACCCCTCTCCGAAAGCGAGAGCAGGATCCAGTTTCTCTCCGGAAGAATGCGGCCCTCCCGGACTGTCGGAGCGGGAGAGATTGAACTGCAGGAAATGCACCCACTCATGGGCGATGACGTGGTTGTCGAACTCGTCCGTGTCGACCCCGTCCTTGCCGAGGATATATATGGCCTTGTCGGTTATGGAGTAGTGCGAGGTGGTGATGAAACCTTGCGCATTGTCGCCGGACTCCGGAACATTGCTGGGGCTCCAGTATAGCGTCAGCGCCGGCCAGGCAACGGTCTTCACGGCGCTTACCCCTTTCGACGCGGAGTACATGGTGTCGAGGATGGCAAATGGCGCGGCCCTTCTATTGGCGGCGACGTACGCCGTGCCGTTCCACCCGGTGGCGGCGTGGATGTTCTTGGTGCCGGAGGTTCCATCGAGTGGAGCGCTCATACTCCAGGTCGAGCCCTGGTCGGTGTTGTCCTTTACCTGCATCGGCGGGTCCGCCGTCTCCGCCACTACCACGAGCTTCAGGTTGGCGGTGCCGTTCGGTGTGTAGGAGACCTGGTAGTTGCCAGAGGAATCAGTCCTTGTGGTGGCGAGAACCGTCGTGCCCTGCATGACCTGGACCGTGACGTCACGCACCGGCTTCGCCACCGCGTTGGAAAAGGCAAGGGTACCGTGACCGGTTGTCTGGCTGTAGGTGGCGGGGACGAAGTCGTAAGTTACCTTCCCGTTGATGGAGACGGCACCGGTCGCGCCACCGCCACCGCCGCCTCCCGCGCTACCGCTGTCTCCACCCCCTCCTCCGCCGCCGCATGCGGCAATCAACGCCAAACAGAGAATGAAAGCCATACGCCCCAGGAATATTCTCATACTCCTCTCCTCCTTTACTGGTGGATGTTGGGACTACAGACTTCTCAATCGTTCTGATTGTCGTACAGCCTTTCTGGCAATTGATGTTTCTTGCTTCTGAACCGGTTCACGCGGGCCCGTTGCCACGACGAGCTGCAGATTAGCGCC
CP087999.1_gap19	859657	863325	3668	CGGCCGCCGCCTCACGGGCGAGCCGCGCCGTCCCCTCCACGTTCGCCTTGCGAAACTCGGAGAGGGGGTCGGAGGAGTCTTCCCGCAGCACGTGCACACGGGCCGCCAGGTGGACGACCGTCTGCACCCCCTTAACGGCATCCCCCCACTCCGTATCCCCACCCAGCAGCCCCACCGTCACTGTCTCGGCCCCCCCCGGAGGCACGGGTGTTTCCGGGTTTCGGGCCAAAAGCAGATCCCCCCTGTCCCCCCTTTGCAGAGGGGGGAACGTAGAGGGTCGCGTATCCCTTTCCGGGCGCTCCCGCACCGCTCCCCGCACCGTCCAGCCATCCTGCACCAGCCGCTCGCACAGGGCGCTCCCTACGAAGCCGTTTGCCCCGGTGACGAGGGCCCGCCTCACAGCACCGTCTCCGGGCGCTGCACGTACTGGAGGAACTTCTGCCACACCTTGTGGACCATGAAGAACGGTGAGAGGCGCAGCCCGTTCTTGCGCGCGGCCCCCCAGATCTCCAGGTTCTGCTTCACCATGTTCCTGATGCTCCTGTTGGTGGTCCCCCCCATGCGCATCTTCACAGTCACCCCGGGCACGTAGCGGGCGTGGATCTCCTTTTTGGCCAGGAGGCGCATCAGGAGCTCGGCATCGGCGGCTATCTTGTAGTCGAGATCGAAGAGCCCGAAGCGGTCGTAGACCCCGCGGCGGGCAAAGAAGGTCGGGTGCGCCGGCATCCACCCCTTTTCGATGAGGCCGCTTCTGTACTGCCGCGACTTCCAGTAGCGCACCACGCGCTCCGGTCTTTCTCGGTCCACGTAGACGAGGTCGGTGTAGCACGCCTCGACGGAGGGATCGGCGAAGACCCCGGCGATCTTGCGCAGCACTCCGCTGCCGGCGTACAGGTCGTCGGCGTTGAGGATCCCAATGATGTCGCCGCCGGCCAGCCGGATCCCCTTGTTCATGGCATCGTAGATGCCGCTGTCCGGCTCGCTGACGTAGGTGTCTATCCCCTCCGCGAAGGAGGCAAGGACCTCCTTGGTGCCATCGGTGGAGTTCCCGTCGATGACGATGTACTGCACCGGATAGTCCTGGGAAAGGACGCTGCGCACGGAGGCCTCGACCGTTTCCCTCGCGTTTCTGACGACGGTGATGATGGAGATGGACGGTTTCTCACTCATGGCTTCGAACCCTTCCTACGAGCGCGCATATGAGACGGTATCTGAAGCGGATCTTTTGCAGCACGGTGTACGAGCTCTTTTCCCCGGTGGGGGAGGCGTTCGCCCCGTGCCTCCGGTAGCAGACCAGAGGGTTGCGGAGAAAGTGCGTCCTCCCCGCCATCTCGGCGACGATCCCGAGCCACATGTCGTGCATCGGGATCGTCTCCGGGAAGGGGAGCGCCATATCGAGGACCGAACGCCGGAAGGCCATGCAGCACCCGAGGTAGCCATTTTTCAACACGTTCTTGACGACACCGGGGCCGGAGCCCCTCATGGCGAAGAAGGAAGGGGCGATCTCCCTCCCGTTCTCGTCGATGAGGTTGCAGTCGCTCACCACGAGATTGAAGCGTTCCAGCAGCGGCATGAGAGCCGCCACTTTTCCCGGGTGCCACAGGTCGTCCTGGTCGGCGAGAAAGATCCGCTCGCCGCGGGCGGCACCGAGCGCGTTTTCGAAGTTGCGCACCGGGCTGCGGAAGGACCCGTTGAGGAGGACGATGCGCGGGTCTGCCATGCTGCGAACCAGTGCGACGGTGCTGTCGGTGGAGGAGTCGTCGGAGACGATGACCTCGTCGTGCGGGCCTAGCTGCGGCAGTATGGAGTCCAGTTGCTGGCGCACGAACCGCTCCCCGTTGCAGGTCGCCATGCACACCGAGATAGCGGGCGCCTCCCCGGGCACGGCACCCCCTCTTCCGGCCTCCCCCCCTGAGCTAGCCACTGTGCACCTTCCCTGTAACGCCGGCCACTCCGGCGAGTATTCCCCGCGTCATCATCTGCAGCTGCCGACACCGCGCCCTTCCCGGAGAAACCGGGAGAAAGAGGGCGCGCGCCAGGAGCCCGAGGGAAAGGCGCACCCTCCACACCCACGGCACGTACGGCAGGCGCACGAAGTGCACCGTGTTCCGGTAGTAGTAGTACCGCCGCAGCGGGGTGTACTCGATGAGGCGCATGCCGCACGAGATCGTCACCTCCCCCTCCCCGAGTTCGTGGGACATGACAGCGTCGGTCACCCCGAAGAGGGAGTACCCCCGGGACCTCGCCCGGAAGCACCATTCGGTGTCCACATAGTCGATGAAGAGCTCCTCGTTGAAGAGCCCGACCCCTTCGAAGACCTCCAGCGGGTAGAGGCAGCCGGAGGTGATGAGCTGGTCCACCGGGAGTGGGGCGCCGTCGGCGGCGTACAGGTGCCGCACCCGCCACCCTGAGGTGGCCACGAAGGGGTAGCGAAGGGGGGGCGACTGACGGTAGTCCACAAAGGCAGGGCCCACGGCCGCCACGCTCCGGCCGCTCCACTTCAGCTCGCGCAGTGCCTCCAGCAGGCGGAGCACCATATCCGGCGCCGGGGCGCTGTCGTGATCGAAGGTTACGACGTAATCGCAGCCGAGACTTCCCGCTAACAGCACCCCGCGGTTTAGCGCACCCCCAAGCCCCACGTTTTCCTCCATCGATTGGTACAGCACCTCCGGATACCCCCTGAGGACCTCGCGCACCTCATCGGAGGAGCCGTTGTCCAGCACGACAACCCGCCCCACCTGCAGGGCGATGAGCCCGATCAGCCTCTCGAGCTTGGCGCGGTCGGGGTGGTACGCCACCACGAGGGCGCACACCTTCGCGGGTAGATCAGCCATCGCTCCCCCCTCCCCCCTGCGCCGCGGCGACCGGGACTCCGCACACCCTTCCGGAGGAGAGTTTCACGAGCATGCGCCGGACGCCGGGGATCAGGAGGTAGCAGATTAGCACCACCAGTGAGTCTCGCGCGAAGGGCCGCAAGAGGTATTGGTTGGCGAAGAAGGTCATGAGGAGCGGGTAGAGGCTCGCAGCATAGAAGAAGATGCCGTACCTGCTCCCCCGCTTCGCTGCCTTGTAGATCACGCCGTGCATGAGACCGATCAGCAGGAAGATGAGGACAAGCCCCGGCAGGGTGAAGGCATAGAAGTCCTTGTAGACGGTGAAGACGTTCGTCGGCATCGGCACGTACACCCAGCTGTGCTTGAAGTCCGGAGCGTCGACGGCGATATCGAGCCCCGCAACGCCGCCGACGAGGTACAGGAGGAAGTAATCCAGCAGCGTGTATGCCTCGTCGGTCTTGTGGGTGAGCTGCATATACCACATCATGAAGACGGCAAACACGGTGCCGATCGGTAGGCAGATCTTCAGAGCCTCTTTCAGGGTCACTCTTTTCCCCCGTTTGAAGAGGCGGATGGCGAAGAGTCCCGCCACCAGCGCAAGGATCGAGTTTCGACCCGTGTTCAGGATGCAGTACAGGAGGGAGATCAGCAGGGAAAGATAGAAGAGCCGCTCCCCTTTCCTGTGCTCGAGATAGACGAGGAAGGTAGTGCTGATGGAGATCGCCATAGCGCTACTCGTGATGATGCTGGAGTATGGCTTCTCGCCACTTACGAGGGAGGAGATGATGAGATGCCTGAGTTCCCCCAGGCTGAAGAGGGATCCTCCCAGTCCAG
CP087999.1_gap20	866993	870942	3949	CTGCCTGCGACAGGGACATGAGCCCGAAGGCCTTTCCCAGGTAGCTCTTCGCGATTGCTCTGAGTATGGTAGTAGCGCTCATACTCTCAACGGCCTTGGATCAAAATATTGTTGAGGATGGTCCTGGCAAAGGTCTCGCAACTGAAGGGGGAGAAGAGATCCCCGGCGAGAAATGCCCGGATTGCTTCCAGATAGCCGCGGTACGCATTTGCTGTCATCATGGAGAGATGGTCGTAAAGCTCGCGGTAGCCGGGAAAAGCCCTTCTGTCTATGAAGCAGTCGGCAGGAATATAATCGGTCACATTTCCGGCGCCGAGATAGACCGGGACGCACCCGGCGAGGAGGGCGTCGAATATTTTTTCAGTGACATACCCCGGAACGTCCCGCACGTTTTCGTAACAGATGGCGAAGCGGTACCGCTCCAGCACCGGCCTCTTCCGCTCCACCTGGCCACGGTAGGAGGGGTACTTCGGAGCGAGTGCCCTGCGCACAGACGGGAACCGATTCAGGAGACGCAGCGGGAGAGTCGCGCCGAAATCCCGCTCGTCCCACCCGACCCCGTAGAGGTCAAACTCCTCCGGGTGGTGCGCCTCGAACCACCTGATCGCCGCTACCCTTTCCGAGTAGAGTTCCTGCGGGTGAGAAGCTCTCTTGTTCCCCGCGATCATCACGCAGAGCTTCCTCCCCTCCTCGTGACTCAAAAGCCCACCCTTGTGGCGATCGAATGTGTAGTTGATCTTGATGAACCTCTCACCGTCAATGAGGGAGTCGTCATAGGTAAAGATCCTTTCGAAGGCACCCGCAAGAGGACTCTCCAGCACCGGCGGCCGTACCAGGACGCTCTCCAGAACGATGAGGTAGAGGGGCTTCCCGCATTGCAGCATTTCGCGGACAAGGGGATGCGAGGTGTCCGGCAGGTCGATAAAGACAATCGCATCCGCCTCTTCCGGAGCGATAAGTGCCCTCGTGCCGACCGTCACCCCCCTGCGCTGTGCGGCGGTGTGGAGGACCTGGAAAGGTCTCAGCAGACCGTCACCGATTACGCTCTCCGCAGACGCAAAGATCCTGTTCCCGTCGTTCAACCCGTCATGGTAGTTGTGGAATAGGATCTTCAAATCGGCTCCTGGCTATAATGAGCGGCAAGGTACGAGGGATTCAGACCTCAGGAAAATGCCGTTGGTGTGATTCTGGTAGACGAGGGTGTAGCCGACCGTGGCGAGAAAATCGCCGACCAGTCCGTGATCCTGGTTCGTCTCCACTATCACAACCTCGGGACGGTGCTCATCCCACCGATTCGACTGTAATACCGTAAGATCGCACCCTTCCGTATCGACGGAAAGGAGATCGACCTGGCGCCCGTCGAGGTAGCGCTCGAAGATTTGGACCAGGGGAATCACCTTCACCGGGCGCTCCTCCACCACGGTGACGTCAAACTCCTTCACGTTGCGCAGCGCAGTCTCCCTATCAAAGGACGAAAGGGTATCCACATTCAGGAGATAGAATGTCATCTCAGATTCCGTCGGGCCCACCCCCATCTCAAGGTTTATGTCACGCGGCCTTGCTTGTGCGAGCTTACGGTAAAGGTGCGGCGTGGGCTCGACGTTCACCCCGCACCACCCTCTGTCGTAGAACCTCTTGGTATTGCTGAGCAAAACGGGATCATTTGCCCCAACATCGACGTACACGCCGTCCTTCCTCCCTCTGAAGATGGCGTCGATGATCAGGTCCTCCTGGTACTGGCTGAAGGAGCCGAGCGCCTCATGCAGGTAGACCGCGCGCGGGGCGGGGGCGGGGCGTCGGCACACCCTGCGCACCACCTTCTTCACAACCGGTGGAACGAAGTCTGACAAGGTCAGGTTTTCACCCATTACTTTCACCTTCACCTCCGCACATAAAGCGCCGCAAATTTTACCGTACTATCGCCAGCATCGCCCCCCGCGGAGCTAAGGCACTTCCATCTCTTCCACCAGATCGATGAGCATCTCCCTCGCCAGTTCCTCACGGTCCAGATGGGGCGACATGTCCTCAATGGGGCGGTTCACCACGAGCTTCGGATTCACCGTCGTCCCCTGCTCCAGCATCACCTCCACGAAGGCCGGCCCCTTCGCGGCAAGCGCCTCCGCGAGGACCTCCGGCGCATCGGCTCCGCTAATCCGGTACGCCGGCACCCCGTACGCCTCGGCGACCTTAATGAGGTCGGGGCAGCCGTACCCTATGACGGTGGACTGCCGGCGCCCGCCGAAGTACATGTCCTGGAACTGGCGCACCATGCCGAGGCAGGCGTTGTTCAGCACCACGATCTTTATCGGGAGCTGCTGCCGCGCCACGAGGTCGAGCTCCTGTATGTTCACCTGGATGCCGCCGTCGCCGGCGATGGCGATGACACTGCGCCCGGGAGCGGCCTTCGCTGCGCCGATTGCCGCGGGGAGCGCGAACCCCATGGCGCCCATACCGCCGGAGATGAGCATGCGCTGCCCCTTTTTCAGGCGGAAGGACTGGGCCGCCCACATCTGGTTCTGCCCCACGTCGAGGGTGACGATGTCCCCTTCGGTGCTGGCGGCGGAGAGGATCTCCATGAAGAGGTTCGGGTCGACCCCTTCAGGAGGGGGCGCATTGAGGCGGGTGGGGAACTTCGCCCGGTAGCGGTCGAGGACCGCGAGCCAGTCGGCGCGATCCGGCGGGGAGTAGCCGGTGAGCTTGCGGTTCAGCCCCTCCAGGAAGGGCTTCAGGTGGCAGTGCACCGCGATGTCCACCGCCACCCGCGCCTGCAGTTCCACCGCGTCGGTGTCGACCTGCACCTTCCTGGCGGCGCGGGCAAAGGTATCGGGGCGGGTGCCGGTCTGTCGGGAGTCGAGGCGCGAGCCGAGGATGAGGAGGAAGTCGCAGTTTGCCACCGCGAGGTTGCTGTAGCGGTTGCCGTAGGCGCCTATCATCCCCGTGAAGAGGGGATCTTCGTGGGAGACCGCATCAAGCCCCATGAGGGAGGAAACGACCGGTATCCTGGTGCGCCGCACCAGCCTCTCCAGCTCGTCGGCGGCGTTGGCGCTGCGCACCCCGCCCCCGGCGAGGATCACCGGGCGCTTTGCCGCAACCATGAGCTCGACGATGTCGTCCAGCCGCGCCAGGGAGGAGGGCTCCCCTTGCTCCATGGCGCCGTACTCCGCACTGTCGAAGAAGCTCGCGAGCTCCTCCGGCTCGATATGCGCCCGCTGGATGTTCATGGGGATGTCCAGAAGGACGGGGCCGGGCCTGCCGCCGCGGGCGAGGTAGACCGCCTTCTCCAGCTCGTAGCGGATGGAGCCCGCGGAGGTGACCAGCTGCGCGTATTTGGTGAGGGGGCGCACCACGCTTACTATGTCGGTCTCCTGGAAGCCGATCTGGCGCACCGGCTTCTCGAACTTGTACTCGTAGGTGTTCACCTGTCCGGTGATGAAGAGGCAGGGGACCGAGTCGAAGTAGCAGCTGCCGATCCCGGTGAGGAGGTTCAGCGCGCCGGGGCCGCTGGTGGCCATCGCCACCCCGAGCGACCCGTTTATCCGCGCGTACGCTTCCGCGGCGAAGGCGCCGCTCTGCTCGTGGTGCACCGAAACGCAGGAGATTTCGTGCCGATAGGAGGCGGAGTCGAGAAGGTGGGTGATGGCGCCCCCCACGAACTCGAATATGTGGTTGACGCCCTGGCGGACCAGAAAGTCGATTACGTAATCGGAGAGTTTCAACACTTCCTCCTTCAGGGGTAGCATGCGAGGTTGTCCCGCATCCAGGAGAGAGTGCGCTCCAGCCCCACCGGCAGCGGCGTGGCCGGGAACTCGCGGCCGTGGGCGCGGAGCTTGGTGAGGTCGGCGCACCAGCAGGAAGGCTCCGGGCGCTGCGGCGTGCGCGCATCCCATACCGGTTCGAGCCGGCTGCCGGTGAGCCTCAGAGCCAGGGCCACCACATCACCGACGGAGTG
CP087999.1_gap21	883337	886857	3520	AAATCCTTCGTCCCCATGCGCGGCTTCTGGATGATCTCCACCGCCCCGTACTCCAGCGCCTTCAGCGCCGTCTCGCTCCCCCGCTCGGTGAGGCTCGAGCACATCACCACCGGGATCGGGTGCTGGCTCATGATCCTGTGCAGGAAGGTGACGCCGTCCATGCGCGGCATCTCCACGTCGAGCGTTATGACGTCGGGGACCTCGTCCCGGATTCGCTCGGCGGCGATGAAGGGGTCTCCGGCGGTGGACATGACCTCTATCTGCGGGTCCGAGGAGAGTATCTCCGACATCGTCTGCCGCACCACCGCGGAGTCGTCCACAATCAATACTCGTATCTTTTTCCGCATGCTAAATCTCCGTTCGTCTCAGACGTTTGAGAAGGACCTCCCCCGTGTGGGTGTAGAAAAAGATCTTCCGCCCGCGCGGGCCGCCGACGTCGGAGGAGACGATCCGGATCCCCTCCCCCTCCAGCACCTCCAGGGCCTTCGCGATGTTCTGCGTTCCCACCGTGCCGATACCGCCGTCTCGGGCGTCGAACATGTCGGAGCCGCCGAAGATCTTCGCCTCGATCTCGCCGCGGCACACGCCGCGCGTCTGGAGCCCCTTCAGCATGAGCCAGATGGCGCACTCCACGTACTTCCCCCCCTCCGGCTCCGCCGCGAGACACGGATCCTCCCTGCGGCAGTGCGGCAGGAGCGCATGGCAGATCGTTCCGATCCGGTGGCGCGGGCTGAACATCGTCACCGCCACGCAGGAGCCGAGGAGGGTGGAGACGACGATCGGCTCGTCCGCGAAGTGCATCTCACCGGGGCGCAGAAAGAGAACCGGGAGCTCGGGGGTGCGGGGGGTCATTTGACTTTCCGGTACACGGTGGGAAAGACGCTGACCAGCGGGACGTCGAGGCCGGAGAGGGTCTCCGAGTGCCCCATGAAGATGAAGGCACCCGGCTTCATGTAGCGGTGGAAGCGCTGCAGGAGCTTCTCCTGCGTCGGGCGGTCGAAGTAGATGATCACGTTGCGGCAGAAGATGACGTCGAGCGGCTCGCGGATCCCGAAGTCGTCGTCCATGAAGTTCAGGCGCCGGAAGAAGACCTTGCGGCGCAGCTCCGGTGCGATGCGCACCAGCGGGTTCGCGCGGTCCTTGCTCTTCAGGAGGTACTTCTTCTTCAGCGCCAGCGGGACCGGGTCGACGAGCGCCTCCGCGTAGGTGGCGTTGCGCGCGCGGTCCAGCACCCTCGTGGAGATGTCGGTCGCCAGAATCCGGAAGTCGAAGTCCGGGTGCTTCTCCGCGAACTCGGAGAGGACCATCGCCAGGGTGTACGGCTCCTCCCCGGTGGAGCACCCTGCACTCCAGATGGAGAAGGTCCCCCCGCCGCTGCGGCGCAGCCAGTCCGGGAGTACCTTCTCGGTCAGGAAATCGAAGTGGTCCGGCTCGCGAAAGAAGTCGGTCTTGTTGGTGGTGACGAGGTCGATCATCGGCACGAGCTCCTGCTCGAGACCGTCGGCGGAGAAGAGGTAGTCGCAGTAGTCGGAAAACTTCTTCATGCCGAGCGCCCGCAGCCTCTTTTGCAGGCGCGACTCCAGCATCGTCTTCTTCACGTCCGGCATCTTTATGCCGCACTTCTCGTAGATGAACGCGCTCAGCCGGTTGAAGTCCCGCAGCGTAAGGGCCGCCGCGGAGTCGATGGAAGATGACGAATCCACTAGTGCGCCTCCCTCTCGACCGACTGGATCAGGTGCTGGATGTCCAGGATGAGCGCCACCGAGCCGTCGCCGAGGATCGTCGCGCCGGAGATCCCCTCGATGTTCTTGTAGGCGCGCCCGAGCGACTTGATGACCGTCTGGTGCTCCCCTATGACGTGGTCCACCACGAAGCCGACGCGGGCCCCCTCCACCTCGGTGATGACGATCTGCTCGATCTCCGGCGGCTCGCCGGAGATCCCGAAGCGCTCCCTGAGCGGGATGTAGGGGACGAGGTGGTCGCGTACGTTCGCGAGATTGCGTCCGTGAGCCCGTGCCACGTCCTCGCGGGTGAGTTCCACGCACTCGTTCACGAGAGCGAGCGGCAGCATGAAGGAGTCGCCGCCGATCTTCACGAGGAGGCTCTCGATGATCGCCAGGGTGAGCGGTATGCGCACCGTGATGCGGGTCCCCTCGCCGCGGCTGCTCGAGACATCGATGGAGCCGCGCAGCGCTTCTATGGCGCGCTTCACCACGTCCATGCCGACCCCGCGCCCGGAGACGCTGGAGAGCTTCTTCGCGGTGGAGAAGCCGGGGGCGAAGATCAGGTTGAAGAGTTCCTTCTCCGAGAGCTCCGCAGCCGCGGGGATGATCCCCTTCTCGACCGCCTTCGCCCGGATCGCCTCCTTGTCGAGCCCCGCCCCGTCATCCTTGATGGTGATGAGGACGCTGTCTCCGGAGTGGACCGCGGCAAGGTGCACCGTGCCGTGGCGCGGTTTCCCTGCGGCGACCCTTGCCTCCGGGAGCTCGATGCCGTGGTCGATGCTGTTTCTGATCAGGTGCACGAGGGGGTCGTTCAGCTTCTCGATGACGGTCTTGTCGAGCTCCGTCTCCGCCCCGTCGGTGGTCATCTCGATCTCTTTTCCGAGCTCGGAGGAGAGGTCGCGCACCAGCCTCTTGAACTTGGAGAAGGTGCTCCCGATCGGGAGCATGCGGATATTGAGCGCGCTGTCGCGCAGCTCGCTGGTGAGGCGCTCCACCTCTTCGGCGATCGCCGAGAGTTCCACGTCGTCCCGCTCGATCGCCGTCTGGGAGAGGCGCGCCTGCACCGTCACGAGCTCACCGACGAGGTTCACGAGGACGTCGAGCCTCTCCGCGGGGACACGGATGCTTGTCGCCGCCTCCTGGCTCTGCTTCTCCTGGCGCACCTCCTTTATGTGGCGCTGCTCCACGAGAGCGGACTGCACCTTCGCCTCCGGGATGATCCCCTGGCTGACGGCGAGCTCGCCGAAGCGCTTCTGCTGGCCAAGAACCTCCGCCATCGCCTCCGCGGTTATGTCGCCGCGCTCCACGAGGATCTCGCCGAGCTTCTTGTACCCGTCGTCCGCGACCGAGGCGCCGTGATCGGCAATCTCCTCGATCCTGATCTCGCAGTCGTCCTCCACGAAGATGAAGACGTCGCGAATGGCGTTCACCCCCTGGTCGGTGGTGAGTACGATGTCCCAGTAGACGTAGCACCCCTCCGGGTTCATCCCCTCCAGCGGCGGGAATCCCTTGCTCTGGGCGGTGATGCTGCAGGTGCCCATTTCACGGAGCTCGTTCAGGAGGTGCAGCGGGTTCGTGCCGCACGCCATGATCTCTGCCACCGGGGCGAAGCGGATCCGGTAGGTCGCAAGGGTAGCCCGCTCCGGCTGCGCCTTCGGCTCGTGGACCTGCGGCTGCTCGTCGCCGTGCGGCGCGAGCTCGCGCAGCCCCGCGATGATCTGGCAGCTCACGCTCTCCTCCGGGAGGTCCCCCCGCTCGGCAGCATCGAGCATCGCCTTTATCTGGTCGCGCGCCGC
CP087999.1_gap22	952202	953473	1271	GGCGTTTCGCCCGTTTCAAGCGTACAAGTCCTTGTATGAAAAAAAGTGCCAGTACAACCCCAGTGAGGAGGCTGAGTTGGTCATTCAGGTCTCGCTGGATCGCGTCGGATAGCACTGGGGAGAGGGAAGCAATAGTTGCAATAGCCAGGGGGATGGAGGCATACGCTTCCAGAAAGCCGATGGAGAGAATAATAGAGGCGAATGAAGACCCCGTAGAAAACCATCCATGCGATCGAAGGAAGCGGCAAGCGATGATGATGGAAAAGGTCGACCACAACGGATAAACCAAAAGATCTACTGGGGAGATCGAGGAACATCGGAGCACAACAGCTCCAAGGCAAATGATCGACCAGCGAAAAAGCATGTATCTCTGCGGGGCGATCTGTTTCAGACCATCTCCGCTCAACAGAAGACAGAAGACGAGCACAGTAAGGAAGAGCATCGATGCCACGCCTAACGTCTCCACGGAGGGGGAGGATGTTAGGCGTGGCATACCGGCGGCGAGACAGGTTCCAAAAAGTACCCCCCCCGCTATGCACTCCCAAAAAGGGAAATCAGGCTGTTTTACTTCGCGGCTTCTGCCCATGGCCCGATGGCACATGGTGAGAGCCACCGCCTCTCCCAGAAGCATTCCTCCGTAAAAGCTGCTTCCCTGCGAATCTGCCAGCACCACTTCGAAATGATCAAAAAGCCCGCCAAATGCGACTGCCATTCCGGTACAAAAGAGCGAACACAGAAGGGGTATGGTAACGGCATTGCTGCCGCGGCGCCACCCCCAGTGCATTGTCATGGCGGCCATAAGCGCCGTAAGCGAGCCGGCCGCCAGGATGCCAAGTTCTGACGGATAAATCGGGTGCCACATCAGCCAGAAGGTAGAGATGATGCTAAGTGCAGAGAGGATTATCAGCATTGGATCCCTCTCCCGGTGCCACGATCAGCGTTGGCTGAGATAGACAAGTTCCCGACAGAAGATCCTGGACCCATTGTGTTCATTTCTATCTTTCTGCTTCATCAAAGCTTTGTGACTTTTACCACTATGATGACGACTGATCGTTCCAAATTATAAATCACAGCTGAGCTTATCGCAGCTACAAACGAACCCAAGAAGACCATTGCCTCCAGGACTAAAGAACCATTCGCCCAGGACGGTTTGAAGTGCCCCTAGTAGAGCAGTTGAATCCGTAGCCGTGGAACAGAGCCATGAACCGTCCTAACAGCAACGATCCCAAGCCCTGACATCCTAAGGTTCGCTATAGCTTAACTCCTGCACC
CP087999.1_gap23	956421	959603	3182	GGTTTCGCAGTCGACGTGGGCAACACGGCGCCGGCATTGGACGTGTACTGCCATTTGAGCGGGACGGCACTTTTGATTTTGTATACCTTCTTGGGATCGTATGGAGCGAGCAGGCCATTGATTCCATAAGTAACCTTCACCGCAAAAGTGGTATTTTTCGCTACGTTGCCCGCCCTGTCTTTCCCAGTACAGGTAACGGTGGTAGCGCCTATCGGGAAGAGACTCCCGGATGTCGGCGTGCAGGTGGCGCTGCCAGTGCCATCGACGGTGTCGGTGGTGGCGGGGCTAAGGTAAGTGACCGCCGCGCCCGAGACACCGGTGGCCGTAGAGATGACATCCTCACGTCCTTCAATTACAGGGGCGATGGTGTCGGAAACAGTTACCAGGAAGATCGTGGGTGTTGCGGCATTGTTGGCTTTGTCGAGTGCACTGCAGGTAACCATTGTTGTTCCCAGCGCAAAGGTGGTGCCAGAAGAGGGAACGCAAGTGGCACGGCTTCTTCCGTCGACGACATCAACACTCTCGGGGCTATCATAAGTCACCACAGCGCCGCCGGGACCGGTTGCTTCAACAGTCACGCTGCCATGTGCAGCAATCGTCGGAGGCGTCGTGTCCTCTACCATCACCTTGAACTTCGTCGCCGTGGCAGCGTTACCTGCTTTGTCCGTTGCGTTGCAGATCACTTCGCTGATCCCCAAGCCGAACGTGCTGCCGGAGGCGGGAATGCAGGTAGCACTGCTTCTTCCGTCTACGAGGTCCACACTCTCGGGGCTATCGTAGATCACCGCAGCGCCGCCGGGACCGGTTGCTTCAACAGTCACGCTGACATGTGCAGCAATGGTCGGAGGCGTCCTGTCCTCTACCACCACGTTGAACCTCGTCGCCATGGCAGCGTTACCTGCTTTGTCCGTTGCGTTGCAGATCACTTCGCTGGTCCCCAAACCGAAGGTGCTGCCGGAGGCGGGAATGCAGTTGGCAGTGCCGTCTCCGTCCACCATATCCGAGGTGGTTGGGGTGCTGTAGGTTATTACGGCTCCGAAGGGGCCGGTTGCGTCGGCGGACAAGTCGCCGTGCTCTGCTATAGCCGGCGGAGTCGTATCCTCCACCGTGACTCTAAAGGCAGCCGCAGCGGAATTTCCTGCCCTGTCGGTGGCGCTGCAATTGACCTCGGTGCTTCCAAGTGGGAACTGCGCATCCGAAGCCGGCGTGCAGCTGACATCCACCCTACCGATCACATTGTCGGTCGCAGTCAAAGTAAAGGCTACCTTGGCTCCTGAGGGCGACGTCGCCTCATTCTTAAGATCAGCGGCGCCATCTATTACGGGGGCGGTGACGTCGAGAACCTTGACGTCGCACTCGGCAGTGCTGTACAGCCCGCCCTTGTCTGTAACCTTCAGCTCAAACTTCATGCTGTCGGACTCATTCGTAAGAAGAGGGGCAACAAGAGTGATGGAGGAAGCCGATGCTGGGTCGTAGGATGGAATGTCGGCGTTAGGGGGGCCATGGAGCTGCTTCCACTCGTAAGAGGCAATGCCATCCCCATCGCTGTCGCTCGAGGTGACACCGTCAAGGGTTAGCGAGGCGCCCTCGTTTACGCTCGAGGCACAGCTTAGCTGCGTGACCGGCGGGTCATTGAGCCACCTCACCGTAACTGTTTTTGTGACCGAGGAGGTAAGGTACCCGTCGGAAACAGTGAGCTGGAAGGTAAGTGAGGCCCCGTTTGGATACGGGACGGCGGGCGCTGTGAAGGTTGCAGTCGCCGGGTTCGATGGGCTTACCGTAAGGGCGGCGGGCGGTCCCCCTACCTGCGTCCAGGAATAGGTCAAGAAGTCACGCTCAGGGTCGGAGGTTCCGCTGCCGTCAAGTGTGACGGTTGTCCCCTCAAACGCCTCGCTCGGCACTACGACTGCGGAGGCGACGGGACTGCCGTTTGTGTTCTCTACCTTAACCGCGGTAGTAACCGTATTCACCAACGAGGAGCACTCGCCGACTCCGGTGACTTTCAGTTGGAAATTGAGGGTAGCTCCAGCCGGGCCCACGCTTGGAGCAGTAAACGATACGTGCGATGCGTTACTCTCGGAGAGCGTAACTGCAGGTCCGCCTATCTGGGTCCATTCGTAGGTTCCGGCATCCTTTGAAGGCTGCCCATTTAGCGTGACCACAGTCGCACTTCCGCGGGTAAGTTCCGGTACTGTTTGCATCGTTGGACTGATTTGCGCAGTCGGGCTTTTGCACGAACCTCCCGCATGGGCCGGGAGTGCTGGCAGTACCGCAAGCGCTGCGACAATACCCAGTAGAATTCCTTTAGTTCTCACTTGATTCCCCCTCCATTTGAAAGTGGCATTACACAAATCCAGCCTGCTTCTCCACCACACCCTTACACCCGTGCTCATCCCCCCGGAGAAAGCCGTAACACCGAGCATATGGCCACGGTGCCACGAGCAAAACTCATACCAATCAAAATTGCTATGAGAGATCGTACACTTAATCAAGAAGAACAGAATAGCAAAATCAGGAATGTAAAAAAGTCCGGCAGTAATAACTGAATACGTCAGAGGGTGTGTAAATAATCCCGACAGCCATTTCGCCTCAAAGCTGTACGAGCAGACATCGCTGATCAGCTCATCTTCACCATGCCACGTGCGACCGCGACACTGGAAGGTGAAATGAGTTGGAGCGCCAGCACGAGGGGGGCGGCTTAGGCTAAAGTCAGGGGGAAAACAGGGGACCGTGGCCACACCGAGGGCGAAGAGTGCGAAGTGCTGAGACTATTAAGGGAAGACTAAAAAAAGCGGTCGCACCGATGGGAATAGGGTTTGCCGGGGGATGCGAAAAAGCACACCCGTCCTTCAGCGCCTGCTGAACCATTGCGACAAGGACGTGACAGAGGGATCAACCATCGAGGGTGAAACACGCCAAGGCGGTCCGCCTTTACCCATCGGGGGATGAAAGCCGGTACTAACGGTAACCAGCCGCCAGAGCGGCCTTTTATCCTCCGCCTTTACTCGTTACTCATGACTTTACGCAATACGGACATGCCTTGCCGGCAGGACTCTTGTGAGGCTGATGCCGATACCCGTCTCCGCGGAGCGGGATTGACATCTATTTACCAATGATATACATAAAAGAAAGCTAATCTATATCTAATGGAGGGCGACGACATGGGCCTTAGGGTCGTGACG
CP087999.1_gap24	961532	962928	1396	CATAGTTTATGATTACATAGCCTACCGCTTCACAATGATCCCTTCGCAGAAGCTCGCTCCAGGTCGTTACAGCTCAAGTATCCAGGCGAAGGACCTTTCATCGAACAAGATGACCAAACCGTTTACTTGGACGTTCACAGTCGCCTCCCAATGACATACAACGATAAGAAGGGGACAGGTTCCTCTACAGGAAAAGGGAACATGTCCCCTTTTGCGCGTTGCCCAAGACGTGTCCCGCCTCCAGCGACCGTTTCAAAGACACGACTTGGCACGGTACATCCGCTAGACAGTAGAAGGAACCGATACAATAGCCAGACTATGCAGCGATAAGGCAAAAATGCGGAAAGCTCGCATATCATCTGGGCTGTTTATGAATACCAAGACCGGAAGTATTGTAAAGCTCCGAGGCACAAGAACCACCCTTTCGATATCGCCGCCCCCAGGCTGACACCCTGAGCCGTCAAAATTCCCGACAACGTCATGGAAGCATCCTTAATTTTGCCCTGCGCTGTCAGCCTCGCCGCGCCTCACTATTGTCGACGACTTCACGAAAGAGTGCCCAGCACTGGAGGTGGACCACTCGCTGCCAGCGCAGCGTGTAACCCGTGTCCTGGACCGTCTCGCACTGACTCGCGGACTGCCCGAGAGGATCATTATCGATGACGGTCCGGAATTTATGAGCAAAGCTATGGATGAATGGGCTTTGTAAACAACGTCCGCTTGCGCTTCATCGGATCTGGAAAACCCGTGCAGAGTTGCTTCATAGAAAGGTTTAACGGCAAGTTCCGCGAGGGATCCTGAACGACAATGTCTCCAGGGCGCTACACGATGCCATGCGTAGGATCGAAGATTGGCGCGTCCTTAAAGTGGTCCTGTAAAAGGCGGGAGGTCACGAACTCTCATAGCCCTGGCCTCGCCTCTTGCGGAAAGTGTATGCCCCTTCTTTACGCTTTGCGCGATCGGCCCCGTCGGCAGTTTTTTTCACAGCCTCTACAATAATGAGAACGTCTGCCCCGAAGATGAGAATAGCCTCTATGGTTCCAGCTACATGTTTTGTTGAATACAAGGATTGCAGGTCTAGGCACAGTGTGTGGGTGTAAACCATGTAAAGGAGTATTTACAAATACTGCCCCTTTTCATGCTTTACACGGACCACATTGATCCTCCTTCATGACTCGAAAGGCTCAGCAATTCTAATATGGCCATTACCGGAATAGAAGTTGCAGTACTGCGGCCAAGGGCGATAGTCGTCACTTCATATTCGGGAGGTTCCACAATGAGGAAATTGTTTAGAGGATTAGTAGCAACACTGGCAGTTGGCTTGGCGTTCGTCGGGAGTGTCTGGGCGACTCCGATAACGTTCACCCCCGACTTGGCGGGGTCGTCAGTAACCGTT
CP087999.1_gap25	964606	966856	2250	CCAGATCCCACGCGGTATCGACCTTGAGCCGCGGCTCCCATGGCACCTCGGCGAAACGTGGCGGAAATTGCTGGCGCAGCCTGGTCATCTGCTGCTTGTAATACGCCCCCTTGATTGTCTTCTGGAATGCCTCTTCCGGCGTGGACGGGAACTCCTGAAACATCATGTCCAAGCCCTGCTGCGCCCGCTTGTGGACGTACCAAGCTTTTTGCTGGTCATCGAGATCAATCCCGTGTTTCTCTTTGAGCTCTGCAAAGTACTCGTGCAGCTCCTGAGTGATTGTCACACCCTTGGGGTCCATGCGGTTCTTGGCGTCAAGCTGCCAGCCAAAAAAGTGCAGGTGCATCTGCAGCATGGAGGGGACTTTCCCCTCCAGCGCGCGGTTCTTAGCTGCCTCACAGTAGTTGTAGAAGTCGCCGGATCTACCTTCTGCCGTGGACTCAATAAAGATATGTTGTCCTACCTTCGCGGTGTTGAGGGCTCCCGCCTTGATCTCCAGCGCCTTTTTGGGGAATTGCGCGCAAATTTTGCCGTACTCCGAGATATGGATGTACTGGTAGGTACCGCCCCTGAGTGACACGCCGCAGGTGATCCATGAGCCGTTGGCAAACATAATTTCTTCCGAGGAGTCTCGTCCCCCCGCCGCCTTGCCTGCCGGAATCAGCGTGCGCAACCACTTGGGAAGATTGTTGTAGGCGAATTTTATCTTGTGCTCGAAGAAGCTCTTCGCGTCATCCTGCCGATGGGCGACGATGCCGCAATGAATATTGCCCCCCTTGGAGAAGAGGCACAGATCCAGGAACAGGATACAGATAAAGGTTGTGACGCCGTGTTGGCGGCTCTTCAGGATGATGTTCTGATACCACAGGTTGTCCAGGAGCATCTGCTGCACCGGGCGTAGTCTGAAGGTTACCTTCTGCCCGTCCTCATCAATCACGCTGTAGAGGTTGTTCAAGCGCCAAAGCTGATCCCCAAGTTTCTCCTTTAGTTCTATCTGTTCCGGCGTCATTCGTACTCCCCCTCGTCGTTCGGTTTCATTTCGATAACCTTGTACCGTTTGGAGAGCGCCATAAGGGGCGGGGCGCTGTCAGTTATCTCCGCCAACACCTCGGCCAAGTCCCCGAGAACATCCCCAGCTGCTTTGGTGTCCGCCTTCTCCACGAAGAGCCGGTGATTCTTGCCGAGCATCTCTAGGGCGCGCAGCCGGTCGGGAAGCTTGATGTTCGAAATCACGCAGATGCCGTCTTTCTCTTCCCCTATCACTGTCGCCTTGGTTGTGAAACCCGCTATCATACGGGCCGCATCCGGCGAAAGCTCATCGAGAGGCTTGAGGCGCCCATCCGCGTCGAACATTTCGCGGGGGTCGTAGGTGGCGATGTGGGCGATGTGCTCAAGCACCTGGTCGGCACTGAGAGTTAACCTGGCCATGCGAGCGGCATGGAGTTCGGCAATACGCGCAGAAATGTCAGGATTTGTCAGGAGCTCGTGAGCGCTTCTTCGCGCCGCCTCATAGGAGCTGTGAGGGTACACCCGCTGATACGCGCGCGTGGCGTTCCCATCCATCAGGTACTCCACGCAAAAGCGCTGGTGACGGTCTTCTAAGGGCATTGCCTCTGGGGCAGGTGCGGGCGCCGCTGCCGTCTGCATGCGGTGAGACGTAACAGGTTTGCGCGGCGGTTTTGTAACAGGCTTTGTAACAGGTTTGCCCACGCCGCCCAGCGCCTCCACCACCTTCTTGTTCGTCCATAGGCGTGCCCCCTGCACTCGGGCGGTTGCCTTGGAGTAACCAGCCTGGAGTGCTGCAGCGGTCTTCGCCTTGGCGCGGTCCGCAGGCGGCAACGCTAGCAGATAGTCCACGAACTTCTGCTGCTGAGGGGTAAGTGCCGGGGACATTGGCTCAATCCTCTTCGTTCTTGCCGTGCTTGCTCTCGGTGGCGGCGCCCCACAGGTCTAGCGCGGCGCCATCGGCTCCCTCAGGGGGCGATTCCGCTAGCCCATTTCGGTACAACGTGGAGAAATGGATCAGCGGCTCCGGATCAGCCTGTATTTCCTTGATCAGAAGCGCTAGTGCATCTGTATCACCGACCTTCGTGGCGGCAAGTGCTTTCAAGCCATCCACAATTTCCTCATACGTCATGTCCGCCGTACACATACTCTCGTCCACAGGCTTCCCTCCATTCCCGTTGTCCGCGTCTGCCCACTGGAATTTCTTCCCCGAGAGGCGGTCTTTCTGCTCCGAAAGGGCTAGCG
CP087999.1_gap26	1054995	1059311	4316	CGTCGGCATCGAGCGCCGCATCGAAATCGAGGACCACAACCCCTTTTCGCGCCATATCGCACCTCTTCTCGCCACAGTAAAACCATCCTGCCATGAGAGTGTATCAGCATCCTGCCATCATGGGGGCATGTCCCTCAGGGATGCATCCCATGTCTGATCCAGATCAGTTAGCCGGATATCCGCGTCAACGTGAACTCCACTCCATTAGCCTTGCATTGCCCTCCACACGGTCATAAGATTTCCTTAAAAAGGAGACGTAAAGCAGCGCGGCACCAAAGATTTTCGTGCCGAATCGAGGAGATGCTCTATGACTTTATTCAGACCAGATCCGACCTTTTATCCTTCTCCGCGTATGGCGATGGACGCTCCGCCGGAGAAGGTTGGCTATGTGGCAACACTCAACTATGGCGGCGCCCCCAAACCGGACGCCTTGGCCGTGGTCGACCTCGACCCGGCGTCGAAGGGGTACGGCGAGATAATCCACCGCCTCGAAATGCCCTACATCGGAGACGAGTTGCATCACTACGGGTGGAACTGCTGCAGCTCAGCCCTCTGCCCCGCCGCTCCCCATCCGCACCAGGAACGACGCTACCTGATCGTTCCGGGCCTCAGGAGCTCGCGGATCTATATCATCGATACAAAGCCCGATCCCGCGCGCCCCACCATCAGCAAGATCATCGAGCCGGAAGAGTTGATGGAGATGTCCGGCTATAGCCGCCCCCATACGGTGCACTGCGGCCCCGACGCCATATACGTGAGCGCTCTGGCGTCGGCCAACGGCAAAGGGTCGGGCGGCATATTCATGATGGATCACTTCAACTTCAACGTGCTCGGCCCCTGGGAAGAGGACCGCGGCGCCCAGGACCTCTCCTACGATTTCTGGTGGCACTTCACCCACGACGTTATGATCACCAGCGAATGGGGAAAGCCTGCGCAGTTCGAAAACGGCCTCATCCTGGACGACCTGATCAATTCCCGCTACGGAAAGAACCTGCACTTCTGGGACCTGAGGAGGCGCAAGAACGTCCAGACCGTCTCCTTTGGCAACGACTACCAGCTGGTGTTCGAGGTGCGCCCCGCGCATGAGCCGAACAAGACGTACGGATTCGTCTGTGTGGTGCTCGGGCTCAAGGATCTCTCCAGCTCGATCTGGATGTGGCACCGGGAGAGTAGCGGCAGCTGGGGGATCACGAAGGTCATCGACATCCCGGCAGAGCCTGCCGACGCGAAGCTTCTGCCGCCACCCCTGCAGGGGTTCGGCGCCGTCCCCCCCCTGGTGACGGACATCGATCTCTCGCTGGATGACCGTTTTCTCTACGTTTCCTGCTGGGGAACAGGGGAGCTACTGCAGTACGACGTTTCCGACCCGTTCCACCCCCGGCAGACCGGGTCGATAAAGCTCGGGGGGATCGTCCGCCGGATGGCGCACCCGAAGAGCGGCCCGCTCCTGGGGGGACCTCAGATGGTGGAAATCAGCCGCGACGGCAGACGGGTCTATTTCACCAACTCGCTGTACGGCATAGTGGACGACCAGTTCTATCCGGACAAGATGTCGGGATGGATGGCGAAGGTGGACGTCGACCCGAACGGCGGGATCGCGCTGGACGGCAACTTCTTCGTCGATTTTGGAGAGACTCGTGCGCACCAGGTGAGGCTCGAGGGTGGCGATGCATCCACTGATACATTCTGCTATCCATCATGACGCGCTGATCAGCTGGCTCGCCATGATCGGGTTCGGGGCCTACCACGGGCTCAATCCCGGAATGGGATGGCTCTTTTCCCTTTCCAGGGGACTGCAGTTGCAAAGCGAGAGGGCGGTGTGGTCCTCCCTTATCCCCATCGCTCTCGGACACGGAGCTGCTGTCACGGTGGTGGCAGCGCTCGTTCTGGCGGCCGGGCACCTGATGGACCCGGCGGTGCTTCGGGTGGTAACGGCAGCGACGCTGCTGGCCTTTGGCGTGTACAAGCTCTTTCGCTACTATCGCCATCCACTCTGGGTGGGGATGCAGGTGGGGATGCGCGACCTCTTCTTCTGGTCCTTTCTGATGGCCTCCGCTCATGGCGCAGGGGTCATGGTGGCCCCCGTTCTCCTCTCGCTGACAAGGCCGCACGGTCTCCACACAGCGGCAGAGGAAGAAATAACCTCCGCAGTCGTCATGCTCCTCGCCATATCGGTGCACACCGCGGCGATGCTCGGGGTCATGGGGCTGGTGGCGTGGGTGGTCTACAAGAAGCTCGGTCTTGCTGTGCTCAGAAAAGGGTGGCTGAACTTTGACCTGCTGTGGGCGGGTGCGCTGCTGGCTGTAGGGGTGGTGGCGTTATTCGGTGCCCTCTCCGGCGGAGGGCATCACTGATCGCGCGGCTTCTCCGGCGCAGCGGTCGAGGCAATGATGCGCCGCCTCCGTGAGTGGCGACGGCGCAATCCGCTTCTCTGTCATCTCTGGGCTTTGAGACGAGTGATGACACCGGACAGGACGTTTTCGCGTTCAAGGAACTGTGCGTGCAGATCCCTTTTGTCCGTCCGCACTCTTTCCGTCTTCAGGTCTTCAAGGCAAGACTCCAGTTCATCTGTCAGGATGGCAGCCTCTTTTTCGGATAGATCGATGTTGGGCATACGTTGCCTCCTTTGTGTCACAACTGCTTGGTACCCCGGCCACAGCGCCGGCCCTACGCTTCCTGCAAGAACCGATCACTTCCGCCTCCGGGCGGGGTGAGACAATTCCATTATAGCGGGAGCGCCTCAGAAACGAAAATCGAAGCAATGAGGGGGTCGGCTTCGCCCCCCCCCCCCGCCTATCTCCCCCCTGAACGATACCCGCCCGGTTCGGAGCGAAAGGCGACGGCGAGGCGGTTCCACCCGTTGATGGCCACGATCGCCAGGCTGAGATCCACCAGCTCCTTTTCACTGAAGTACTCACGCGCCACTTTGTAGACCTCGTCCGGCACATGTCCCTCTGCCACTCTGGTTACCGCCTCCGTCCACGCCAACGCCGCCCGTTCGCGCTCGGTGAAAATCGGCGCGTCGCGCCAGGCGCCCAGCAGGTACAGACGCTGCTCCGTCTCGCCGGCGGCACGGGCGTCTTTGGCGTGCATGTCGAGGCAGTACGCGCAGCCGTTGATCTGGGAGGCCCTCATCTTTATGAGGTGAAGGAGAGAAGACTCCAGCCCGCAGTCGCGCAGGTATCTCTCGAGCCCAAGCATCGCCTCGATCGCTCCCGGCGCTACCTTGTTGAATGCTATTCGTGATGCCATTTTTTTGCCTCCTTCAGTGGAAGTCGGAGCTTCGCGGCCACCTGCGCACACGCTAGATCCGGATACTGCTTCTCCAGATTTTCATCTCTGCAGCGGCTTGCACCAGATCTTCACGAAAATCGGGGTGAGCTATGGAGATCAGCGCTTCTGCCCGCTCCCACGTGCTTAGCCCTTTGAGGTTCACCTTGCCGAACTCGGTCACCACCCAGTGCACCGTGCTGCGCGGGGCGGTGACGTTGCTGCCGCAGGCGAGTGTGGGGACGATGCGCGATGTGGTTTTACCTGACTTCTGGTAGGTGGAGGAGAGGCAGATGAAGCTTTTCCCCCCTTTCGACAGGTACGCTCCGGCAACGAAATCGAGCTGGCCGCCGGAGCCGCTGATCTGCCTCGTGCCGCATGACTCCGAGGATGCCTGCCCAAATAGATCGATCTCAAGGGCTCCGTTTATGGAAACCACATTGTCGAGCATCGCGAGCGTCCGGGCGTCGTTTGTGTACTCCACGGAGCGGCTCAGCAACTCCGGGTTGTTGTGCATGTATTCGTACAGGTTTCGGGTGCCGAGCGCGAAGGTCAGAACCTGGCGGCCGCGGTCGATATTCTTTCTCGATCCGTTGATCTTCCCGCTCAGGGCCAGATCCATGAAAGCATCGGTGTACAGCTCTGTGTGCACGCCGAGATCGGCCAGCCCCGACTCCCCGATCAACATTCCCACCGCAGCAGGCATCCCGCCGATCCCCAGTTGCAGGGAGGCGCCGTCCCCTATCTCCCCCATGATCAATTCCGCGACTTTGCGGTCGGCATCGGTCACTGCAGATCGTGGCAGCTCCGTCAGCGGCGGGTTGTCCCCCTCCACGACATAGCGCACCCGCGAGAGATGAATGCGCTGTTCCGGGCCGCCGATGCAACAGGGCATCAGCTCATTGACCTCGACGATGATGTTTCGCGCACGGTCGCATACCGCCATGAGATGAGAGCACTGGGTCCCGAAGTTGAAGTACCCTTCTTCATCCATGGGAGCGACCTGAAAGATCGCCGTATCAACGTGCAGGTTCTGCCGGTAGTAG
CP087999.1_gap27	1081298	1083618	2320	GTCCCCCTCCACTTCCACTCCGTGCTCGTCCGGGAGCAGGCCGACGAGAACCTCGGTGTCGCCGGCGAAACTGTCGCCGACCTGAAGGCAAGGCTTTCCCAGGCAAAACCGGAGTAGCTTTCACTCCCTCTCCCCGCTAAACGCCGCGCGACTTCCTTCCTCCAGCGGGGAGAGGTTACCCCGAACCTTTGGCCGCGTCCGCCGGAAACGGTGAAGGGGTGCCTCCTGCCGGGTTGTCCAGCCGCCGCAGCAGCAAAAACCCTCTGGCTTCCCCCCCTTCCCCTGGTGTATAGTCACGCAAAGGCGCATCAGCCGCCAATTTTCCCGGCACGAGAGAGAGATGAACAGCGAGCAGAGCATCACGTTGAAGTACCTCGACGGATACCCGGATGAGATCAGGGCGAAGGTCGGCGCCCTTGTGGCGGGCGAGAAGCTCGGCCCCCTCCTCCTGAAGAAATACCCGTCGGCGCACGGCATCAAGACCGACAGGGCGCTGTATGACTATGCGGTAGCCATAAAGAACGAGTACCTGAAGAAGTCACAGCCTCTTTCCAAGGTTGTCTACGACCCGAAGATCAGCACCATCAACCATGCCCTCGGCCTGCACGCCTTCGCCTCGCGGGTGCAGGGAAGCAAGCTCAAGGCAAAGCACGAGATAAAGGTCGCCTCGATCTTCAGGGACGCGCCCCTGGAGTTCCTGCGCATGATAGTGGTCCATGAACTCGCCCACCTGAAGGAGAAGGATCACAACAAGGCCTTTTACAGTCTCTGCGAATACATGGAGCCCGCCTACCACCAGTTCGAATTCGACACCCGCCTCTACCTGACTCACCTCGACCACGCCGTCCCCCTTTACTGATTCCACAGCCACCGCCAGCACTCCCGGCATCTCTGCCAGCGCCTTCGGCCGCCGGAATGACGGCAGATCCCCGAGACTGTTGCATCCGCGCGCCAGACGTGTAAACTATTAATTTGGCAGCAGTTTTATCGACCGGAGATACCACCGTCGCAAGGAGGCTGCACGGACTCCATGCAGCCTTGGAGGTAGAGGAGGTTTTCCATGGGAATGTTCGACGACATGGCAGGGAAGGCACAGGGATTGATGGGACAGCACGGCTCCCCCGGCCTCATGAAGGGGATCGCGCACATCCTTTCCGGAGGCGGACTGAGCGGGATCATCCAGTCCTTCAGGCTGAACGGACTTGGCGACATAATGACAACGTGGATCGGCAAGGGAGAGAACGCACCGATATCCCCTACTCAGCTTAAGGAAGGGCTGGGAAACGAGCGGATTCAGCAGGTGGCGGCAGAGGCCGGGATATCCAACGACGAGGCGGCAACCCAGCTCTCGGAGCACCTCCCCAACGTGGTTGACAAGCTGACCCCGGACGGAAGGGTCCCGGAAGGGGGAGCGCTGGAAGAGGGCATGGACTTCCTGAAGAGCAAGTTCTAGGGGGAAGAGTGAAAAAAAGGGGGCGGCGAAGCAGCCGTCCCCTTTTTCTATGCATGCATCTCCATCACGGAGTTCTCGTCAGTACTCGCCGTCCTCGTATATGGTGTCACTCCCTTCTTCCAGCATTTGTGCCGGCACGCCGGACGGCGCGGATATCACCGGTTCCGCCGGTGACGGAACCGGCGCACCACCCGGCACAAAGGCTTCATTGAAGACGTCGTCGATCGTCTTCACCGGCACGATCTTCACCTTCTCGAGGATCTGAGCCGGAATGTCGACCAGGTCCCGCATGTTCCCTTCCGGCACGATGACGACCTTGATCCCCGCACGGACCGCACCGAGGATCTTCTCCTTCAGTCCGCCGATCGGCAGGACCTTCCCCCGCAGCGTTATCTCGCCGGTCATCGCCACCTCATGGCGCACCGGCTTCCTGGTGAGGGTGGAGAGTACCGCGGTCGCCATGGTGATTCCGGCGGACGGGCCGTCCTTCGGCAGGGCGCCTGCGGGCACGTGGATGTGGAGGGCCGTGTCGCGGAAACGCTCCGGAGGTATGTTGAAGCGCGTGGCGTTGGCGCGGATGTAGGAGAGGGCGGCGTCGGCCGATTCCTTCATGATTTCCCCCAGCGAACCGGTCAGGTGCAGGGTCGGCTTTCCTGCCATCGCCATCGCCTCCACAAAGAGAATCTCCCCGCCGACCGGCGTCCAGGCGAGCCCCGTCGCCGTCCCCACCTCGTCCTCCTCGAGTTCCGTGTCGAACACCCGCGGAGGCTCGCCCATCAGTTCCTCCACCTGTGCCGCGGTGACCCGGAAGTTCTCGGCGCTCCCTTCTGCTACCTTCTTGGCGAGCTTTCGGCAGACCTTTCCGAT
CP087999.1_gap28	1193002	1195621	2619	CGACGTTATCTTCTTCAACGGCCTCGGCGACGCCATCGCGAAGGTGTACGGAAACCTCCGGGCCGAGAGCCGGGTCCTCATGCCGGCGCCGACCTACACGACCCACTCCCTCGGCGAGGCGATCCACGCCAACGCCATCCCCGTCTGCTACCGCCTGAAACCGGAGGACAACTGGTACCCCGACATGGAGGACCTGGAGTGTCACGTCAAGTACAACCCCCAGATCTCCGGGCTCATGATGATCAACCCGGACAACCCCACCGGGATGGTGTACCCGCCGGAGATCCTCAAAAAGATCGTGGCGATCGCCAAGGCGTACGACCTCTTCATCATCGTGGACGAGGTGTACAGCAACATCGTGTACAACGGCGAGAGGACGGTGCCGATCTCCGACCTCGTCGGCGATGTCCCCGCCATAGCCATGAAGGGGATCTCGAAGGAACTCCCCTGGCCCGGCTCCCGCTGCGGCTGGATCGAGTGCTACAACTCCGACAAGGATCCGCGCTTCAAGAAGTTCATCAACGCGATCCTCTCCTCCAAGATGAACGAGGTCTGCTCCACGACGCTGCCGCAGCGCTGTCTCCCCGCGATCCTGACCCACCCGGGGTACCGCGAGTACCTCGACGAGAGGATCGCCCGCTACGAGCGGATGAGCAACATCACCTACGACTACCTGAAGCAGGTGCCGGGGCTGATCGTCAACAGGACAAACGGCGCCTTCTACATGGCGGTGGGCTTCGAGCCGGGGCTCCTCACCAACCGCCAGTCCCTCCCCATCGAGAACCGCGAGGTGCGGGAGCTGGTGGAGGGGATGGTGAACGTTCCGGGGGTCGCGCCTGACAAGAGATTCGTCTACTACATCCTCGCCCACACCGGGATCTGCACGGTCCCCCTCTCCTCCTTCAACACGGAGATGCTCGGGTTCCGGGTCACCCTCCTGGAGAAGGACGAGCAGGAGTGCCGCAGGATCTACACCATTCTCACCGAAAAGATCGCGGAATACCTCGCGTCATAATGAAAGAACACACAGAGCCCCGCCCCCCAGGCGGGGCTTTTTCTTTGCCGGATTGACTTTTACGGCGCAATTTGCTATCCATGCCGAGTTTCCGCCCCTTCTCATTATGAATAAAGGTAATAAGGTTTCATTATGACGGCATCTCCTACCCACCCCGCACAGGGCGCGCCGGCCGCCGCAGCGCCGGAACTCGCCCAGGGTGAGGAGATGAGCCAGGAGGTGTTCCGCTCCATCGGTGCCGTGCTGAAGGAGCATGACGGCTTCACCCTGGAATGCTACAAGGACAAGTGCGCGAAGAGGCGAATCGGGATCAGGATACGCGCCACCGGGTCCGCGTCCCCGGAGGACTATTGCGAGCTCCTCGCCAGGGACGGCGTGGAGCGCGACGAACTGCTGCGGGTCCTCACCATTCACGTCTCCCACTTTTTCAGAAACCCCTCCACCTTTGCGAAGCTGAGCCGAGAAATACTCCCCCCCCTCCTGAAGGGGCGCGGGGACGGCGAGGAGGTGCACCTCTGGAGCGTGGGGTGCGCCGCCGGGGAGGAGCCGTACACTCTCGCGCTGATCATGAAGGAGCGCTTCCCCTCCCAGCTCGCCCGCCTGAAGCTCTCCATCACCGGAACCGATGTCGATGCCGCAACGCTCAAGGCCGCAGCAGGTGCGCGCTACGGGACGGAGCGCCTGGAGGAGGTGGAGAGGCGGCTCCTGGAGCGCTGGTTCACCCCCGCCGCGGGGAAGTATGAGCTCGCCGACGAGATCCGGAAGATGGTAGCCTTTAGAAAGGGCGACCTGAACGACCCGGGAAGCTACCTGAAAAGCGACCTCATACTGTGCAGGAACGTCCTCATCTATTTCGAGCGTGCGCGCCAGGAAGAGATACTTTTGCGCTTTGCCGACGCACTCTCCCCCGGAGGGGTGCTGGTGCTCGGAAAGTCGGAAACGCTGGTGGGGCAGGCGCGGCGCCGCTTCGCCACCGTATGCCCGGTGGAGCGCATCTACCGCGTCGTGTGATCCCCCGGCGCCCCCTCGTGCGCGTGGCACGGCAGGGAACGCCCCCTACAGGAGCAAGGCATGTACATCCAGATCGGGTATAAGTTCATCCTCGGCTTTCTCACCGTCGTCGCCGCCGTAGCGTTTGTTCCCGCCTGGGTGCAACGCCTCGGCTACCCCCCCGAGATCACCAGCATCCTCTCCTACGTGGTGGCGCTCACACTGGGGCTCATCATGGGCTCCATCTTCACCAAGAGCTTCACGCGGAACATCTCGCTGCTGCGCGCCTCCACGGAAGCCATCAGCCAGGGTGACCTCACCAACGAGGTCGCCGTCTCCGGATCGCGCTTCCCCGACGAGACAAACGACATGGCCGCCTCGGTGAACCGGATGCTGGAGAGCCTGAGAGGGCTGGTGCGCCAGATCCGCGAGACCTCCGAGCAGGTGTCCCGCTCCTCCCGCACCCTCTCCTCCTCCGCACTGGAGGTGAACGGCTCGAGCGAGGAGATCGCCCAGGCGGTGGAGCAGATCTCCCGCGGCGCGGAGAGCCAGGCGGAGATGGTATCGAAGACCTCCAAGGTCATCCACGACATGGCGATCTCGGTGGACCTCGT
CP087999.1_gap29	1348537	1350070	1533	CAAGGCCCTGTCTATCTGGATCCATTACCTTCTTGTCGGACTCCCTACCCGCTAGCTGCTACCTCCCCTCAGCCGAGCCCGCCTGCGGGAGAGCCAGGTCTGAAACGGTGGGCAGAGACTCGCCGTCCCCCCCTACTTCTGACCAGCTCTTGTCGGGATCGAAAAGCTGCATCCCGGGTGCCACCTTCGGCGTATCCTGCCCCAGATCCTTCTGGTACACTACGCCGTCCTGGTTGACGATGAAGGTCATGATGCCGGACGCTCCATACCGCGCGGGGTATGCCACCATGCCAAATCCCCGCACCATGCGACCGTTGACCACATAGTCGAACGCCCCGCCCGGCGCGTTCCTCCCCTGCCCCTTCAGTATCCTGAAGTAGTAGCCATGGAAAGGTACCGGCCACTTCCCCTCAGGCTTCATGTACCCTTCGCGGGCCGCCTGAGCTACCAGGGGACCCAGGGGGCTCTCCTCTTCCCCTTCCTTCGCCTCCCAGTACAGACCGTCCTTCTTTCCTGGCGTGCTGAGGAGCTGCTGGGCATACTCCGATGGCCGACCCGGCGCGTGCGCGCGCGCCGAATACTCGCGCTGCGCCTCGACGTAGGCATCCAGGATCTCGATGGCCTCCAGCTCGTTCTTTCCCATTCGCCGGTTGAGGATCTCCTTTCTACCCGCGTTGGTGTCGAAGATCCAGGACTCCCCTTGCTTCACGACCGGTATCGGCAACGGATAGTCCTGTGCCCCGACCAGGAGAACCGCCTTGTTCCCCTGCACCATGTCCAGGTGGTTTTTCGCCTCATAGAGCTTCACCAGCTCCGCCCGGCCGGCGCGATCAGCGACCACATCTCCCGATGATATGAGACTCTCGGAGCCGGGGCCGAGGATCTCGGCGAGCCTGGCCTCGTCGCTATTTTTCAGAGCCGCAAAGAGGGCTTGCGCCGCCTCCTCGGGTGAGGAAAAGGAAACCTGCCGGCTTACCTCATTGGCAGCATCGACCATCCCCTGGAACGCAAGGACCAGGACCGCGGCGAGTACAAAGTGGAGGAGGTGGAACGCCCTTCCTGTGGCACATGTCCTTTTCATCGTTTCCCTCTCTTTCTCTTCGTGCTTTTTTCCAACTATCCGATCCATCAGCAGTATCTGCGCCGCCCACGGCAAGAAGATACCGACCGTAAAAGCCTCGCCCGGCGCTCCGGCTCGACTGCCCCAAAACCCTTGCCACCCCTTTACGATCAATGTTATCACACGGGGCTTCAGCCAAGAGATTAGGCGCCTGGAGTGTTCATGCAGTGGTGGAAAGAGAGAGACAGCCGTGATGAAGGTGAGCCTGCCGCCGCCACTTTCCGTCGGCGACTCCGTTGCGGATAATTACCAGCTGCCCCGCCCGATTATGACGGGCACCCATCGTTGGAGACGGTTCGCCTGATGGATCCGGCGAAATCGACATCAAGTAGAGGAGGCAAAAGTGTGCGCTGCGACCCATAAGAAGGAAAAGCAGTTGAATGTGCGACGTTTCGTCCGGTAAACTGGCCGCG
CP087999.1_gap30	1353100	1357069	3969	AAGCGCGCTGAAGGAGTTGTGTGCCAGGAACCGGCTTCCGGAACAGAGCGTGGCGCAGATGAATGAGACGCTGCACAGGAAAGGGATCTATCAGGTGGGGATGCGCCAGCGGATCACGGATTGGTGCTGCATCTGGGACGACATGCTCCGCTGCTACGGCGACAAGTACCGCATGATCGATATCGAGGAGATGCTGCGGGGAGTGGAACGATTCATAGACAGGGAGCTTTACCGCACCTGAATCTGGTTACGGTGGTAAATCGAAAGGGGGAGCCATAGGTAGCCCCCCCTTCCGTTCCCGCCTTAGGAGGCGCCGCGTGACCGCGGCGCCTCTTTTCGTTTGCAGAAGCTACTTCTTGATCACGCAATCGACGACGGCGTTGATCCTTCTGTTTTTCTGCCGCCCTTCCGCGGTGTTGTTGTAGGCGACGCGGCGGCTGGAACCGTACCCCTTGGCGGAGAGGCGGCTGCGGTCGATGCCGCACTTCTCTACCAGGTAATTGACCACCGCCTCGGCGCGCTGCTGCGAGAGCTTCATGTTCCCTTCGTAGCTCCCCGTGTTGTCGGTATGCCCCTCGATTACCGCGGTGGTCGTGGGGTAGGTATTCATGTACTCGCCGAGCTTGTCGACATCGCCGGTGCAGTCCGGCTTGATGTCCGCCTTGCCGGTATCGAACTCGAGGTCGAGCGTCATGCACAGGCGCTGCGGAGGAGGAGCCTGTTTCACGTCGAAGGCGCAGTCGATGATCGCCTCGATGCGGCGGTTCTGCTGGCGCCCCTGCTCGGTCGCGTTGTCGGCGATCGGGCGGGTAAGCCCGTAACCGCGGGCGCTAAGGCGCGACCCGTCGATGCCGAACTTGTCGCAGAGGTAGTCCACCACCGCCTGGGCCCGGCGCTGCGAGAGATCCATGTTGTATTCCGCATTGCCCACGTTGTCGGTATGCCCCTCGATTACCGCGGTCGTGGTCGGGTACTTCTTCATGAACTCTCCGACCTTCGCAATCTCGTTGTGGTATTCGGGGCGGATCAGGGCCTGGTCGATATCAAACTCGATGTGCAGCGTCATGCAGTACTTGTAATGTCCCGGCGACGGTTCGGCGGCGGGGACCGGCGCCAGCGGGGCTTCCTTCCCGGGGGCAGGGGCCGCGGGGGCCGGTGCGGGAGTGGCTGCTGCAGGGAGTGCTGCCGGTTTCGCTCCGCCGAAGAGGAAATCGAGCCCGAGCAGGTATTCGAGGTTGTGGTAGGTCTTGTTGTCGTCCATCACGATGTGGCGGAGGTCCGTCCTTACCGCCATGTTGTCGGCAAAGAAGTACTTCATGCCGAGGCCGTAGTTGAAGGCGGGTCTGTGGCGGGTTCCTGCGGGCTCGGGATAGTCGCGGGTTATCTCGCTGAAACCGGCGGCAAGGTACGGAACGAACGGCCCCTCCGGCATGAAGTGATAGAGGAAGTCGAGGCCGTACTTGTAGACGCTGACGTCCTCACCCGGGGAGACCCCGTAGGGGCTTGTGTTGGTATTCTGGTGTGTGCGGATGTAGTCGAACGCGAGTTCCGCTCCGAAGTTGCTGGTGAAGTTGTAGCCGAAGCGGATTCCGTACGCCGGCCTCGTCGTCAGGTGCTCGGCCCCCATGAAGGTGTACCCCCCGACCACCGGGGTGACGGAGAAACTCTCGGCATTGACCCCGGCGCTGGCAAGATTTGGCACTGTCAGGAACAGGGCTGGAACAAGGATTAGTAGCAGATACCTTTTCATCTTCCGACCTCCTTTGAATGATGGGAATCTCGTATGCGCTGCCGAACGAGCGTTGCATGCTGATGCACGGACTTCACCGCGGGTCGCCGGGCGAAATTTCGCGCTTCTTTCCGTTCATGCCGTCGTGGAAACGGCACCTGCGAAACGAGTGTTGCTGCGTCACCTGATGGAGGGAAAAAGCCTTTCGGCTGGGAGATTCTTGTGAGGAAGGCGGAATGTGTGCTGACGGAGTGCGGCCGTGCGGGATGCCAAGGAGTACTGAACGGTTCCCTGTGACTCGATAGTTGCTGCATCCCCTCACCCCGCGGAATCAGATATCAATGCATGTTCGCTATGCTATCATTTTTTCCGCGGGTCGCAACAATTAATGTGAACGTTATTTAATGCAGATTGAAGTGCTGTATCACGAACTCCGCGACCTGGGCAGGGTCGTTCAGATCGAGCACCGGCACGTCCAGTTCGAGCGGCTCGTCGCTGGCGACAGCTATGAGGGTGGGGTCGTGGTTCTCGCCGCGGCAGAGCAAGGTGGCGCTCCTTTCCTTGCGATGCAGCTCCACCTTCGGCATTCCGCTCTTTTTGAACCCTTCGGTGACGACGATGTCCACGTCGCCGAAGTAGGTGGCGATGAGTTCGTCGATTTCGGGGGAGACGTTGTGCTGTTTCACGAGGGCGAGCTTTTCAGGGGAAGAGACGAGCATGGTATCCGCACCGGCCGCGGTGAGGCGGTAGCTGTCCTTGCCGGGGATGTCGATATCGAAGCGGTGGGCGTCGTGCTTGATGGCGCCGACGCGGAGCCCGCGCTTTTTCAGCTCGGTGATAACCTTCTCCAGCAAGGTCGTCTTTCCGGTCCCCGATTTCGCTACAAATGAAACAACCTTCGTCTGCATCGCTGCTGCCTCCTTGCTGTCGGGCTCGCCGTCCCGGGGGTCTTGTGCACGCAGGCACCTCCCGGCGCAGGTGCACTATAGCCATCCGCCTGCGACAAGTCAACAGCTGCCGACGAGCTCGCTGCGCGGCGGGAGCAGGGAGAATTTCGGAAAAGTTGACGGCTGGAAAAAATGAAGTTGACAGTAAAAAACGACCGTGTTATAAACTCTCTGCTTTCGAGGTACACCCCGCAACGGCGCGGGCACCGAAGAAAAGCCTGTAGCATCAGCAATTTATTCCCCATTAGCTCAGTCGGTAGAGCGGGTGACTGTTAATCACCATGTCCGTGGTTCGAGTCCGCGATGGGGAGCCATCTTCAAGAAAAGGCCGATTTCCTCCAGGAAATCGGCCCTTTCTCTTTTCCCTCCACACGATCTTCCGACTTCCCATCAAGTGGCTAGTTGGCGTGCAGAATCCCCACCTCCACAAACAACACAGCACCGACACGGCTACGTCTGCACCTCAAGTAGCTTCCCCCCGGCGACCCCTTCCACGACTCCGCATAATTCACATTAGATGATCTTGTGGTACCCTTTCCCGGGTCCGCCTCCCGCCGGCGCACGTTTTTCATGCCATTTTGCGATCAGCAAGAAAACAGGTGGAAACTCACCCTCCTCCCGCCATAACGGAGATGATCATGCTGAAAGTGCACTCGCAACAACAGGAACAACTGGCGCGCGCCATGTTCATTCAAAAGATGCAGGCAGCATTTTCGCGGGACATTCCCGGCTTTGCCGATCTCGCGGAACAGGACCGCAAGGAGTTCCTTGACGAGAGCATGTCCGCTGCAGAAGCCATCGGCTTGATCACCGAGCAGGGCATGGCATCTTACGCGCTTGCGGTATGGTGGCTGGGGCCGGATTTCGAGACCGTTTCGGAGGAACTTCAGGCGTTGCTTGGGAGTTCTTACCCGGAGACCCGCAAGGTGCACGCGATGAACGAGTGGGTCCATGAGATGATCGGCAACCCCGACGACATAGCCGCTGCAGATAGAAAACTTAAAGAGGCATTCGGCCGAACAGAGGCATGGGGCAGGTAGAAAAGTGCTGACGATAAAGGGACGCCCATGGGACTTTCAGATCCGGTGAAGGCTGCCTTAGGCAATTGGCTCGCCAACAAAAAGTCCACTCAGCTGCAAGAGGCTGAGGCGAGGAAGACTCCTGCGATGCGGCAGCACGAGTATGACGTGGCTCGCCAGGCCATCCTCGGAGAATTCTCGTCGCAGCCGTTCCCTATCTGCCAGCATTGCATCGTCGACGCGAAAGCCGCACGGCGCAAGGAGCGTCTCGACC
CP087999.1_gap31	1399808	1401911	2103	GGTGAAACGCAGGGGGCGATACTGCGCTAGCCGCCGGCGCACAGCTCACAAGATTGCCGGAAAACGGACGATGCAAAAAAAGGGACTCTCCCGCTTTCGAGAGTCCCTTTTTCCGTCTCCACCCATCACCTCGCGTGCCCTCTACTTCGGCGCATCGAGCCCCGCCCGGTGAGGATCGCTGCCGCTTCTTACCCCTACAAAGTGCGCCTCAATCCCGCGCAGCTGTTCCTCTCCCAGTACCCTCAACGCCACCGGGAAGAGATCCTTCTCCTGCAATTCCACATGCACCTCAACCAGGCGCCTTAGCACCAGTGCCTTCGGTCTCCACCGCTCGTCATCCAGTGCCAGCGCCTTGAAGCCCCCGATGGTGAAGGTAGCAACGCGGTGCAGCTCGTAGCTTTCCAGCACGAGGCCGCGAGCCTCCTCGTGCTGCTCCAGAGCGGTGTACAGAAACCTCTCCTCCCCCTCGAAGTGCCTCTGCACCCCTTCCTCGATCCGGTTGAAGAGAGAGAGCATCTTGTCGAGCTCCCCTTTGCCGCACTCGGCGACCCGGTCGAAGAGATCGAGGATCTCCCGGTGATCGCGCCTCAGCAGGTCCAGCAGGGGCTCACCCCTTCCTGCGGAGTCACCCGTCCCGGCCGCTCTGGCTGCATCGTCTCCGGCTGTCATTGCGCCTCCCGGCGAACGCCCTGAAGCTACTCGCTGCGCGGCCGCGGCTTGTCGCTGACGGAGAAGTCGGCCTTTGCCTCACCCTCGGTTCCGATGTCCTCCGCGCCGGTGCGCTTGAGGATGTCCAGCGCCCTCTTTTTCCAGTCAGCGTTGTCGCAGTGCACCGAAACGAGGATGTCCCCTCCCTTGATGCGCCCCGCGTACCTCTTTGCCTCGTACTCGGGAATCCCCATCCCGACGAGCGCGCCGGTGAGCCCGCCGATGACGCTTCCCGCACCTACTCCGGCGAGCATCGCCACGATCGGTCCTGCGGCCACGAAGGGGCCTACACCCGGTATGGCCAAGGCGCCGATCCCGGTCAGCCACCCGAGGATACCCCCGATCACGGCACCGGTCCCTCCCCCTGCGGCCGAGCCCTCAGGAGCCTTCGTGTGTTTTACGTGGGCGAAGTCCTTCGTGCCAACGTTCTCGGAGAAGAGGACCGAAATATCGGTGGGGCGGAAATCCGACCTCTTCAGCGCCTCGACAGCCTCTTCCATGTCCTGACGTCCTACATATATGCCAAACACTGCCACGTTCTTTCGTGCCATGGTTCAAGTCTCCTTTACGACGGTACGTCTCCTTCCTGCACCCGGCATCCTTCTCCACCGCCGGAACACTCCATACATCCAGGTGCTGCGGCTGTTTCCTCCCGGTCCTGCATCTCACCGTTATGGCTGCCCGTGCGCCGCGCCCGGCAGCGTCACACTCGCCCCAGCAGCATAAGGACGAGCAGTATGACCACGATGAGGCCGATCCCGCCACTGGGGTAGTACCCCCACCCGGCGCTGTACGGCCAGGTCGGCAGCGACCCGATCAGGAGCAGGATAAGGACTATCAGCAGCACGGTTCTCATGACTCTCCTCCCTCACTTTCCCGCGAGTTTTACCAACTACTCCGGCCCTCCTGCGAGGGTCGGCAGCCCCGTTTCAGCACTCTCTCCTTCTACACTTTACACCTTAAAAGTTCACACATTCGTCCTATTTGTCAACGATTTGGACCGCCACCACCGGCATCGGCCACCCCTCCGGCATGGCGCGAGATGCCCCCTCTTTACCTGGTGCCAGGCGGGAACGAACCCCGTTTTTCCGCCGAACGCGGACGCACCACTCCCTGTACCATCCACTGCCTCACCGCTTCTGGCTGCTGGTAACCTGGCGCTCAAAGGTCGGGAGTATGGCACGGAAGAAGGCGTTCTTTATCAGCTGCACCACGATCTGCATCGTGCTGGTGTGCGGCTTTTCCAGCGGCCCAGAGATATCCGCCTTCGTCGCCACCGCCTGCCGCGGCTTGTTCTCCAGGAGCTTCGCCACCCCCCCCACCAGCATCTCGTACAGTTGGTGAAAGAGGGATCGATCCTTGTCCTTGCGCCGGTCGTAGACCTGCATGTCCTTG
CP087999.1_gap32	1416073	1419573	3500	TCCTACAATCTTCTCTTCGTAATTGAGGCCGCACGGCCGCAGATCCACCTAACCGACAGGACCGGCTTTTTCTTCGTCCTTCCCACCGACACCATACGGGTGGCGAAGGAAAGCGGCATCCTCGACGAGCCACACTACCGGCCGTCCCAGGGTACCCGTATCCACGCCATCCTCTCGGTGATGGACCTGAAAGACAGGAAGTCTGCGTACACCCTTGCCCACGGAGAAGGAAACCCGGAGGCGCTGCTTCAGGACGGAGACGTCTCGAACGCGGAAAAGATGAGGATGCTCGATGTGGCGGCGGAGTACGTGCAGGTGCGCTACGCGCGCGACGAACTCGACAAGGATGAGTACAGCAAGCTTTACCTGAAGCTGCTCAGGGCGCGCAGCAAGCTCGGCACGCCCCCGGTCGAGCTGTACGAGATCAAGGAGCCTTCTCGCCCCGAGAGCGGGCACCGTACCAGCAAGGTCGCAGTGGGAGCAGGAGTGCGCAGGGGTGAGCCGGTGGTAGAGCTGGAGGCGCAGCCCGCCTTTCACGGGCTCCTCGACCCCGACATAGGGTACATCCGCGGCGCGCAGATCGAGTTTTTCAACACCGCCCTTCTTTACAATGCGAAGACCGAGGACGTGCGTCTGAAGAGGGTGCACCTCGTCGACATCATCTCGCTGGCGCCGCGCGACACCTTTTTCAAGTCGCTCTCCTGGAAGGTTGCCTTCGGCGCCGACCGGGAGGCGATGAGAAACGGGCAGGATGCGCTCGTCTTCAGGCTGAACACCGGAGGGGGGTACACCTATTCCTCCCCGTGGGACGGGATCATCTATGGACTCGGAGAGGCCGATCTGGTCGCAGGGGGGAAGGTGCGCGCCGGAGTGAGCCTGGCGCCGGGGATAAGCGTGGGGATTCTGGAGCAGCTAACGGAGTGGTGGAAAGTGCATCTTTTCGCGAGGGGGTTTCTGTACCGGCTGGGGGACCATCGCGACACTGTGACCTTCGGGGCGGGGCAAAACTTCAGGGTAAACCAGAACAACAGCATCACCACTCAGTACAGTCGGCAGTATATGAACAGCAACGTGATCGAAGAAGCGGGACTTCTGTGGAATCACTACTTCTGAGCTTGCATGTACGCACGTTGTCATGTAGGCCGGGATAAGCCGCAGGCGTTCCCGGCAGTCCGACTTCACCACCGCCACTGCCTTCGCCCCGACTTCATCCGTCATACCGTTCGTGCTGAGCCTGTCGAAGCTCGCCTCTAAGGTTTTCCGGCTTTCCGCGGGCCGGAGAATCCGGGGAGTCCTCTTCGGCAGGCTCAGGGCGAACGGGGTCGGCTACGGCTCGTTCACCAGGCACGCCTCGTCGTTCTTGTCGCAGTAGCGCACAACGCGCACCTTCTCCAGGGTAATCAGCCCGCCGCACATCATCTCATCTATCTTCGGCATCGTCCGGTCAATCCTCTCCTGACTCGCCACAACCTCGATGATTATCGGCAGTTCCTTCGCGAGCTCGAGGAACCGATCCGAGTGATAGACAAGATGAGGGCCGAAGCCTGAAATCCCGCGCAGCACCGTCGCCCCCTTGAAACCCTCCTTCATCAAAAGCTGCGTCAGCGCCTCATAGAGCGGCTTATGGTGAAAAGTATCATTCTCGCTGATATGAATCCGCATCAACGTCTTCTCCCCCTCCAGCTTTCCCATAGCGCCCCCCCTTTTGACAGGCTTCATTATAACACAGGAGGTGAAGTGGCCAATCTGCAGAGTCACGGCACACCTCGCGCGATGGAGTACCGTCTGTTGGGAAGGTAGCGCGCGGAGTCGTGTAAGTGGTATCCTTCTTTAAGTATTTCCTCACCCTCAACAACGCTTTTGGGTGCGTCACGCACGTAAGGGGCATGGTGCTGGCGGTCGTGCGTACTGGTATAGATGTACGCCCGAAAAAGACAGAGCTTCTACGGAGTAGACGACAGATGTCGCATATTCCTGCACATAAAGATGTTCGCAACTGGCCCAAGCCGCTCCTGATAGCAGCAGTTGTCTTTCTGGTGGCAGCGGCCACCTCTGCGGCACTGGTCTGGCGCATCGAGGAGAGCCGCCTCAATGAAAGACGCGCCGCACTCGGCACGCTGGCTGGTGCACATGCCACTGCACTCCAGCTCAATATCGAGAGATCTTTTTCTGCTAGCTATGCGCTTGCGGCCCTGGTGCGGCAGGGGAACGGGACCGTGCGTGACTTCGAATCTGTCGCGAGGGAAATGCTTGCGTTTTATCAAGGAGTAGCTGCGCTGGAGCTGGCACCGAGAGGCGTTGTACGCCAGGTTGTACCCCGTGAGGGTAATGAGGGGGCGATCGGGCATGACCTGCTGAAAGATCCTCAACGAGACCGCGAGGCATTGCTGGCAGTGCAGACCGGTAAGCTCACCCTGGCGGGGCCATTCAATCTCATGCAGGGGGGATTTGGAGCTGTGGCCCGTCTCCCTGTATTCCTTGATTCGGGCGACGGCAACCAGAAGTTTTGGGGCTTTGTCTGCGTTCTGATCCGCTTTCCACAAACGCTCGATCCGGCACAGCTGGCAACGCTAACACGGAGGGGGCTGGCGTATGAGCTGTGGCGCAATGAACCGAAGAGCGGAAGAAAGCAGATCGTAGCCTCCTCGTCCGGTCCGCTGTGGAACCCGGTGCACAGAGCTATAGAGCTGCCGAACAGCAGGTGGGTTCTTAGCGTAGCTCCGTCGGGAGGGTGGGGTGACCCGTTGGGAATGTCGTTGATGGTGATTACCGCGATCACCTTCAGCCTCCTTCTGGCATGGCTCACAAAGCTCCTGATGGAGGCGAAGCTGAATCAGGCGGGACTTGAGACTCTTGTAGAGGAGCGCACCGCCCAGATCAGGGAAAGCGAAGAGCGTCTTCGCAGCCTTGCCGACAATCTCCCTGACAGCTACGTATACCGCTACACCCGCGAAAACGAGGCACCCCGATTCCTCGAAGTTTCTGCGGGGGTCGAGAAGATCCACGGCGTGACGGTTGACGAGGTGCTGCACGATGCGCGGGCCCTGCACGGCCAGGTCAACGAGGATATACGTGCCGCTTTACTGGAAGCGGAGCATGCCAGCACCGCAGCACTGGCAGATTTCCACTTGGAGGTGAGTTATGCCGCAGCCGACGGGAGAAGCCGATGGCTGCAGCTGCATTCGCGTCCGCGTCGGCAATCATCCGGTGCCATCGTGTGGGATGGGGTTGCTACCGACATCACCGCACGTAAGGAAATGGAGTCCGCCCTTCGCGCCGAGCGGGATTTCTCCGACGCTGTCCTCAATACCCTCCCAAGCATTTTCTACATGTTTGATACCGATCTGAAGCTTCTGCGCTGGAACAGGAGATTCGAGGAGGTGACCGGATTCGATCCGGCGCAGTTGACAGGGATGGGCGCCCTCGACTTCTTCTCCGGGGAAGACCGCGAACGCGTTGCCGCCCGGATTGCTGAGGTATTCGAGCGCGGTGAGGCCGAC
CP087999.1_gap33	1421067	1422114	1047	ATCCACAAGACCATCTCTGGGGTCAGGCTTTGCATTTGGGGATTTGGTTGTAGGGCTACGGTTTAGACGAGGCGTCAAAAACCACCCGATGCAAAAGTCTGCCCCCGACGACACCCCTGATGATAAGAAGCGGCCAGCCGGAAGAAAATTGATCGGCGTTGGCAAAGATGCTAACCTCAGTGCACATGAACTACACCGTCGAGTACTTCCACAAACGCGTCAAAGCCGAGATCGAGGGCCGGCCTGTGGGGATACTGGAATACGCCCTGGCAAGGGAAATTCTTGCTGCCCGCGCGCGAGTCGGTCTCTCGCAAGAAGCCGTAGCCGAGAGGATGGGCACGACGAAGAGTGCCGTATCGCGTCTCGAAGCCGTCGGGAAACACGCGCCTTCCCTGACGACCCTGAAGAAGTATGCCCGCGCCGTAGGCTGCCATCTGGAAATAAGACTGGTTCCCGAGAAATCGAACCAGTAAAAGGTCGAGGCTTTCTGCCGCCCCCCCTTCACATTTGCTACATTTAAACAGCAAGAGGGCCGGTCTGATGACCGGCCCTCTTGTTTAAGTTGGCGGAGAGGTAGGGATTCGAACCCTAGGTACGTTTCCGTACACCTGATTTCGAGTCAGGCACCATCGACCACTCGGACACCTCTCCGTATGTTGACAACTCTACGTTTTACTAAAAATCCCGTTAGGTTAGCTCTTCCACCTTCACTCAGGATGTGTTGCCAGCTTTCGCTGTTTGTCGCCTTTTTTGCACCGGAAGTGCACCATCAGTGCACCATTATTCTGTAGCTCTCAGCGGCCACCTAGACGGCAGGCGCAACGGAATCAGAATCATAGCGCATTTTAGGCCAAAACTCAAGCTTATGTTTTCATCGAAGCCTGACGGAATGCGGCTTTTGGGGTTCTAAGGGCTCGGATCTCTCATGATAGATTTGCGGCTTCATGCAAATATATCTTGAGAGACCGAACGAGGCGAAGCCTCGGAATTCATAACTGATTACGCCAAGCAGCAGCCAACTCGTCCTTCAACCGCACTGCACCATTG
CP087999.1_gap34	1455116	1458712	3596	CCGCCGACCCGGCAAACGGGATCTTCCTCATCGGAAACGCCCCGACAGCCCTTTTCGAGCTGATCCGCCTGGTGCGGGAGGAAGGGGTGAGGCCATCCCTCGTGGTCGGGCTTCCGGTCGGTTTCGTGGGGGCGGCGGAGAGCAAGGAAGCGCTCCTGGAGCTCTCCCGCGACTTCCCCGAGCTCCCCTTCATCACCAACCGGGGGCGAAAAGGGGGTTCCAATGTCGCCGCGGCGGTCATGAACGCCCTTTTGATCCTCGCTCACGGGCGATAGAAGTTGCCATTTATTGGCTGGCGTTGTATATCAGTGCGTGTCGCAGCTAACACCGTTTTGTTCCATTGAGAGTGCCCGGTTTTCCTGTAATTCATCCCTCGGCAGCACAGGATCTATGAGCTATGACCCCCAGAAACCTTCGACACGGGTACACCACCGGTAGCTGCGCTGCGGCTGCGGTAAAGGGCGCGTGTCAGATGTTGCGGGACCAGGGTCCCGTCGAAGAGGTACAGCTGACGCTTCCCTGCGGCGAAACGGCCCGTTTCCGCCTGCAGGGGGGGCGCATAGACGAAGACAGCGCCTCCTGCTACGTGGTGAAGGACGCCGGGGACGACCCGGACGTCACCCACGGCGCGGAGATTCACGCGCACGTGAAGATAGCATTTTTCACCGAGCACCGCCTGGTCATCCAGGGGGGGACCGGCATCGGGCGGATCACGAAGCCCGGGCTCGCGGTCCCCGTCGGTGAGTGGGCGATCAACCCGGTACCGCGCAAGATGATCCTGGAGGTCATCAAGGAAGTGTTTGCACTCCGCTGCGTCCCGGCGACCCTTACCATCACCGTCAGCATCCCCAATGGCGAGGAGCTGGCGAAGAAAACGCTGAACGAGCGACTCGGCATCGTCGGGGGGCTCTCCATCCTCGGCACCACCGGAATCGTGAAGCCGATCTCCACCAAGGCCTGGACCGACACGCTCGACGCCGCCGTTAGCGTCGCCGTTGCCTGCGGCGCGCGACAGGCCATCCTCTCCACCGGCAGGACCTCTGAAATGGCGGCCCAGCGCCACCTGGAGCAGACCCTTAAGCCGATGGCCGAATCCTTCATCATGATGGGGGACCACTTCGGCTACGCAGTCCGGAGTTGCGCGCAGAAAGGGATGGAGGGAGTCGTCGTCGCAGGACAGTTCGCCAAGCTGGTGAAGATCGGCTGCGGGCACGAACAGACCCACGTCTCCGCCTCCACCATGGACCTTTCCACCGTCGCGGGGTGGCTTGCGGAAACAGCCGGGCTGGAGCACCTGGCAGAGGTTGCTGCCCGCGCCAACACCGCCCGGCACCTCCTGGAGGAGTCGGGGAATGACCAGAAGCTGGTGGCGCTCGTCTGCGAGAAGGCGGCGGCCCAGGTGAAGCGGCTCGCCCCCGAGCTCTCCGCCACCGTCCTCATGGTCGGCTACCATGGCGAGGCGCTCTTTTACGGATAACATCCCGTCTTCCTTAACGGGAGCGGGTCGGAGAAAAGCCGCCAAAGGCACCGACTGTGCCCCCTCCCCCGCCCTGGGGGATGACATGCAATCGAGGGAAACAATGGAACAGCAGAAAATCTTCTTGGTCGGCGCCGGCATCGAAGGGTGGGAAGGCTTCGGCAAACAGGCGCTCGACGTCATCAACAGCGCCGAGGTCCTGATCGGGCACAAGCGCCTGCTGGAAATATTTCCCGATTTCCCCGGCGAAAAACGCTCCATGGACGACCTCTCGGCGATGCTGGAGTACCTGAAAACGACCACCAGGCGCACCGTTGTCCTCGGCTCAGGGGACCCGAACTTTTTCGGCGTCGCGCGTTTTCTGCTCAGAAACCTCCCGAAGGAACGGATCGAGATCTACCCGAACGTTACCAGCGTGCAGTACGCCTTCGCCCGCATCAAGGAGCCGTGGGACGACGCGGCATTCGTCTCCGTGCACGGCAGGGGGATCAGCCGGGCGCTGGACAGGATCATCGCCTCCGAAAAGGTGGCGATCCTCACCGACCCGGTGAACACGCCGGCGCAGATCGCGAAGGCCCTCATCGCCCGCGGCGCGGAAGGGTACGATGCATGGCTTTGCGAGGACCTGGGCCTTCTCTCCGAGCGCTTCACCAAGACGACGGTCCGGGGGCTCACCGAGATATCCGCATCGCCGCTCAATATCCTCATTCTCATCAGGAGCTGGGAGGCGAACCTGCAGCACTTCCCGGTCATGGGGATCCGTGACGAGGAGTTCTCCACCGCCAAAAAGCTCATCACCAAGGAAGAGGTCCGCGCGGTAACGCTCGGCAAGCTCCAGATCCAGGACGACCTGGTCCTGTGGGACATCGGCGCCGGAAGCGGCTCCGTCTCCATCGAGGCGGGAAACCTCATGCCCAACGGGCGCATCTTCGCGCTGGAGAAGAATCCGCAGTACCTCACCTTCCTGAAGGACAACCTCGCCAAGTTCGTTGCCCGCAACGTCATGGTGATCGAGGCGTACGCTCCGGACGGACTGGAGGACCTCCCCGACCCGGACCGTGTCTTTATCGGCGGATCGGGCGGGATGCTGGAAGAGATCATCGAGGCCGTCGACAAGCGGCTGAAGCCGGAAGGGGTCATCGTTCTCAACGCCGTTACCCTCGACACCCTCACCAAGTCCGTCGAGTTCCTTGAGGACCACGGCTATACCGTCGAGGTCACCTGCGTCAATATCTCCAAGACCCGCGGGCTCACAGAGTACAAGATGTTCGCGGCCCACAACCCGGTCTACGTCATCTCGGCCTGGAAAGGGGAAGAGTAGTGGCGCAGATTTTCGCAGTCGGGGTGGGACCGGGCGATCCGGAGCTGGTGACGAGAAAGGCTGAGCGGGTGATTCGGGAGGCAGACGTCATCTGCGCCCCCACGGGAGCGGCAGAAGCGAGCAGCTACGCCCTTTCCATCGTGGAGGAATTCATCGACCGGGAGCGCCAGGAAGTACTGGTGCAGGTCTTTCCGATGAAGAAGAACCAGGAAGGTCTCGACCCCTTCTGGGAGGAAGCCGCCGACCAGGTCGCCGCACGGGTGCGACAGGGGAAGAAAGTTGCCTTTATCACCATAGGGGATCCATTCCTTTACTCCACCTACCTCTATATCCACCGCATCATCCTCGCGAAGTATCCCGAGATGCAGATAGACGTGGTGCCGGGAATTTCCAGTATCAACGCCGCCTCCACGGCCGCCGGATTCCCCCTTGCCATGGCGGCGGAACGGATCGCCGTCCTCCCCGCCACCTATGAGGACGAGGAGCTGAAGAGGACCCTGCAGCAGTTCGACACGGTGGTTCTCATGAAGGTGAACCGGGTCTTTGACCGGGTGTACGCCGTGCTGAAGGAGCTGGGGCGCGAGAAGTGCGGAGTCTTCGTACGCCGCGTCGGCTCAAGCGATGAGGAGATCATCTTCGATCTGGAGAGCCTGGTAGGGAAAAAGCTCGATTACCTTTCCATGTTGATCGTAAAGAAGCAGGAGGGGGGCCGCCTGGCGACGCCGGCGGCGTGAAGCGGTGAAGTACAAGGAGATCGTATGCCGACAGCTGCAGAATACGTGAAGGACCGTCCCGGAA
CP087999.1_gap35	1460432	1464880	4448	GCTCCTCTCGGGGCACCTCGGCGGCGCCAATGCCCTGGCTGAAAGGTGCGCGGCGCTTGCCGGGAGCATCCCGGTCGTCACTACCGCCACCGACGCCAACGGCCTCCCTTCCTTCGACATGCTGGCAAAGGAGAAGGGGTGGGTTATCGATGACCTCTCCAAGGTAAAGGTCCTGAATGCCCTTCTCCTCGAGGGGAAGGAGATCGCAGTCGCCGGCCGGGAGGAAGAGATCCGGAGCTATTTTGGCGGGAAAGGCGCACTGAGCTTCCACGCCACCGTTGAAGACGCCTGCGCCAGCGGCGCCAGCGGGTGCCTGTGGGTGACGAACCAGACGCCTCCTCCGGAGCTCCCCACCGAGCGGCTGCTGATCCTGCGCCCGATGGATCTCACCCTCGGAATCGGCTGCAACAGGGGCACCTCCGCCGCCGAAATTGGAGCAGTGGTTCACCAGAAGCTCTCCGAGCTTTCTCTCTCCATGAAAAGCGTCGGGTGCATCGCCACCGCGAGTGCCAAGGGAGACGAGCCGGGGCTCCTCGCTTTCGCCTCGGCGGCAGCGATTCCGCTCGAGACCTTCGAGCCCCATGAACTCAATGCGGTAGCGGTCCCCTCCCCTCCCTCCGAGCATGCCTTGGTGGCAATAGGCGCGCAGGGTGTCGCCGAACCGGCCGCGATACTGGCGGCAGGGGGAGGGAGGCTCCTCCTCAACAAGGTAAAGAGCGGGAACGTGACCCTCGCCATCGCGGTGAAGTAGATAGTAGCAAGATGAGATGCAATGTAGGCCGGAATAAGCGCGAGCGTTTCCGGCAATGGTTCTCGAGGTTTCAATGTCAAAACTGCACGTTGTAGGGATCGGCCCCGGCGGCCTCAATCACATGACCCTCGAGGCGCGCCAGGCGATCGAGCACTCCCAGGTCATTGTCGGGTACCAGACCTACCTTCACTTCATCGCCCCCCTGCTCGCCGGGAAAGAAGTCGTCTCCTCCGGAATGATGCGGGAGGTCGAGCGTTGCCTCGAGTCGCTGCGGATCGCCGCCTCCGGGAGGGACGTTGCCCTCGTCTCCAGCGGTGACGCCGGCATCTACGGCATGGCGGGGCTCGCGCTCGAGCTCGCCGAAGACGCTGCAGCGTTCGACAATGTGGAAGTTGTGGTAGTCCCGGGAGTTTCCGCGGTGCAGGCGGCCGCTTCCGTCCTCGGCGCGCCCCTCATGCACGATTTTGCCGTTATCTCCCTTTCCGACCTCCTCACCCCCATGGATACGATCAGGAAGAGGCTGCGCGCCGCGGCGGACGCCGACTTCGTGGTTGCGCTCTACAATCCGCGCAGCAAGGGGAGAACCACCCAGATCGAGGAGGCCGCGGGAATTCTCCGGTCAGCCCGCGGAGGGGACGTCCCCGTCGGTATCGTCCGCAACGCCTGCCGCGCCGGTGAGGAGAAGGTCGTCACCACCCTCGACGAGATGCTTGGCCACCCCATCGACATGTTTTCCATCGTCATCATCGGCAACTCCGCCACCAGGATCTCCCAGGACGGCAGGATGATCACCCCGCGCGGCTACGACGTGGAGTCGAGCACGGTCCGCAGGGAGCCGCGCGCCCGCGCTGCCGCCATTCCGCCGCAGGCAGTGATGTTCTGCGGCACCGGCTCCGACGTGGGGAAGAGCGTTCTCGCCGCAGGATTCTGCCGGATCCTCAAGAGGCGCGGCATCTCCGTCGCTCCGTTCAAGTCGCAGAACATGGCGCTCAATTCCGCCGTCACCCCCGAGGGGGGAGAGATCGGCCGCGCCCAGGCGGTGCAGGCCGAGGCGTGCCGCATTGCGCCGCACACCGACATGAACCCCGTCCTTTTGAAGCCGAACTCGGAGACCGGCAGCCAGGTCATCGTGCAGGGGCGGGTCGTGGCGAACATGGGGGTGAAGGAGTACAACAGCTACAAGCCGCAGGCGTTCGAGAAAGTGCGGGAGAGCTACCAGCGACTGAAGTCGCGCTTTGCCTTCATCGTGATGGAGGGAGCCGGGAGCATCGCCGAGATCAACCTGCGCCGGCACGACATCGCCAACCTAAAGATCGCCGAGATGGCGGACGCTCCGGCCATCCTCATCGCCGACATCGACCGCGGCGGCGTCTTTGCGCAGATCGTTGGGACCGTAGAGCTCCTGGAGCCGAAGGAGCGGGCCCGGGTAAAAGGGGTAATCATCAACAAGTTCCGCGGCGACGCCAGCCTGCTGACGTCGGGGATAGAAGAGGTCGAGCGCCGCACGGGGCTCCCGATCCTCGGCGTCCTCCCCTGGTTTACCGGGTTTTCTCTTCCGGAGGAGGACAGCGTCGCACTGCAGAAGAAAAATACCTCCTCGAAGGGTTCCGCGGACAAGCTGCGCATCGGCGTGCTGCGCCTCTCCAGGATCTCCAACTACACCGATTTCGATGCACTGGAGCGGGAACCGGATGTCGAGCTTTGCTACCTGGACAACCCGAAGCTGCTGGACACCCTCGACCTTCTGATCCTGCCCGGAACGAAGTCGACCATCGCCGACCTCTTCTTCCTGACGGAGCGCGGCTTCTTCGACCCCATCAAGCGCTTCAAGGGTGCCATCGCAGGAATATGCGGCGGATACCAGATGCTCGGGAGACGGGTCTTCGATCCGCACGGTGTCGAGTGCGGCATTAGGGAGGCAGCGGGTCTTGGGCTTCTCGATGCAGAGACGACGATGCTGGAGGAGAAGGAGACGCACCAGGTGGTGGCACGCCCGACCTCCGCAGCGCTGGCAGTCTCTCCCGCAGGGGGAGCGGAGCTTTCGGGGTACGAGATCCACATGGGGCACACCGTGCTCGGCCCGGAGGCGGAGCCGTTTGCGGCGATCACCGCCCGTTCGGGAGCAGCGGTAGAGGTCCTCGACGGCGCCGTCTCAGCAGATGGACGCGTCTTTGGCACCTATGTGCACGGCATCTTCGACAACGACGATTTCCGCACCGCGTTTCTGAACCAGCTGCGGCGCAAGCGCGGGCTCTCCGAGCAGCGGCAGGCAGTTCCAGTCGTCGAGCCGTTCGACCTCCTGGCGGACCATATGGAGAAGCACCTCGACATGGAGCGGATCTTCGCGATCTGCGGGCTGCCGTTCGAAGGAAGCGCCTGAAGGTACGAACGGAACAGCTGAAATAGGTATAGGGTCGGGACGGCCACCATTGCGGAAGGTTCATCCGGAGAATTCCCGGGGAGCGTGGGTACATTGCCACGAAGCGCTGCAGAAGGCCCAACGTTCCCCCCTTTGCGAAGGGGGGGCAGGGGGGATTTGATCTTCAAGTCTCCTCTAGAACCGCAGCCCGTTTAACAGTACATCTCGGTCGTCGAACCGCAGTGCTGCGGCACTCTGACGACATAGGCACCACGAATTTTTTGCAAAGTGGAATCAAAGAAATTGCTTGAGACCACAGCAGTTGCGCACTGGCCAAGTCAAATCCCCCCTGTCCCCCCTTCGCAAAGGGGGGGACGCGAGGCCTCGTGCGATCCTTGTTCAAACATAGTACGGCTCCCCCGGACTACCCGGAAACCTCCCCTAAAGGGAGGCGGAAGGATGAGACGGCGGCTTTCCGGTTGCCTGAATCTGCCATGAAACGAGTACTGGCGTGAATAATCCTCTTCCACTTGACGCTACATTGCTTCTCTGTGCTGTAATCATCGATCTCCTGCTGGGGGACCCGCGCTCTCTGCCGCACCCGGTCGCCGGCATCGGCCGCTTCATCTCCGGCTTCGAGCGCTTCCTGCGACAGCGGGTGGCGAATCAGAAGACCGGCGGGATCATCCTGCTGGTGGCCACGGTTACTCTCACCTACCTCGCCGCCGACTGCATCATAAAAGGGGCCTATGCCGTATCCCGCTACCTCGGCTATGTCGTGGAGATATACCTCGCCTGGACCTGTCTCGCGGCGCGCTCGCTGCACCAGGAATCGGCGAAGGTAACGCGGGCAATCGAGAGCGGAGACCTGGGGGCGGCGCGGCACTGGCTTTCCTACATCGTCGGGCGCGAGACGGCGCAGCTCGATGAGGGGGAGGTGCTGCGAGCCACCGTTGAGACTGTGGCGGAAAATACCGGCGACGGCGTTATCGCGCCCCTCTTCTACCTCATGCTCGGCGGAGCTCCACTCGCCCTCGCCTACAAGGCCGTCAACACCCTCGACTCCATGGTCGGGTACAAAAATGAGCGTTATCTCCACTTCGGTTGGGCCTCCGCACGCTTCGACGACCTGGCGAACTACATTCCGGCGCGGCTCACCGGTTTCCTCATGGTTGCCTCGGCACACCTTTGCAGCCTCGACGGCAGCGGTGCGAAGGAGATCCTCCTGAGGGACTGCCACAGCCATTCCTCGCCCAACAGTGGCTTCCCGGAGGCCGCGGCGGCCGGCGCCCTGCGGGTGCAGCTCGGAGGGACAAACACCTATTTTGGGAAGGTTAT
CP087999.1_gap36	1493688	1494634	946	CGAGGTCGGGGCGGTCGATTCGATCGTCGACATCGTAGGGACCGCCATCGCCCTCGACTGGCTCCGCTTCGAAAAGATCGTCTGCTCCCCCCTCCCCTACGGGAGCGGCTTTGTGGAGACGGCGCACGGCAGGCTTCCGGTCCCTCCGCCGGCGGTCGCGGAGCTCCTGCGGGAGATCCCGGTGCACGGCAACATCGGCCCCGGCGAGCGTGTCACCCCGACCGGCGCGGCGATCGTGGCGGCGCTTGCCGACTCCTTCGGCCCCGCTCCGGAGATGCGGATCGAAAAAATAGGGTACGGAGCCGGGACGAAGGAGTTCCCCGACCTCCCGAACCTGCTGCGCGTTGTCGCCGGCGAAAGCGCCGCCGGCACCGGCGAGGAGATCCTCGTATTGGAGTGCCACATCGACGACATGACCCCTGAGGCGTTCGGATTCCTCATGGAGAGGCTCCTCGCCGCGGGCGCGCTCGACGTGGGGCTTGTCCCGATGCAGATGAAGAAAAACCGCCCCGGCACCCGGGTGACGGTCATCGCGAGACCGACCGATCTGGACACCCTTTCCGGCGTCATCCTGAGCGAGTCCACCTCCATCGGCTTCCGCTACTACCCCGCGCGCCGCATGACGCTGCCACGCCACAGCGAGACGCGGGAGACCTCACTCGGGCCGGTGCGGGTGAAGATCATCGGGGCTGGGCGCCTCTCCCCCGAGTACGAGGACTGCCGCAAGATCGCGCTGGAGCGGAAGATGCCGCTCATCGAGGTGTTCCGCATCGTCGAGCGGGAGACATGGCGCCCATGAGACTGTTTTTGACCATCGCCGCCACCTGGGGGGGACTCGGCTACTTTCCGGTCGCCTCCGGGACGGTAGGGACGCTGGGGGCGATCCCCCTGTACCTTGCGCTTTCCCGCCTGTCGCTCCCTCTGTACCTCGTCACGGTCGTCGCCT
CP087999.1_gap37	1502191	1505529	3338	GCGCAAGGCTGCCGAGAGAAACCACACGGCGACCCACCTCCTGCAGGCGGCGCTGCGCGCGGTGCTCGGCGATCACGTGAAGCAGGCAGGCTCGCTGGTTACCCCGGAGCGGCTGCGCTTTGACTTCACCCACTTCTCCGCGATGACCGCAGAGGAGATCCGCCGCGTCGAGGCGCTGGTGAACGGCTTCATCATGGATAACTCCGAAGTGAGCGCGCTGGAAATGGGGCAGAAAGAAGCGATGGCCGCAGGCGCCACCGCACTCTTCGGCGAGAAGTACGGCGACGTGGTACGCGTGGTGAAGGTCGGCGAGATAAGCTCCGAGCTTTGCGGCGGCACCCATGTCGGCGGCGCCGGCGAGATCGGCTTTTTCAAGATCCTCTCCGAAGTCGGCATCGCCGCCGGCGTGCGCAGGATAGAGGCGCTCACCGGGAGCGGGGCGCTCGCCTACGTGAACACCCTTGAGGACGAGCAGCGCGCAGTCTCCGCCCTCCTGAAAGCCGACGCAGGGTCGGCGCTGGAGAAGCTGGAGAGGGTACTCGCCCAGCAAAGAGAGCTCGCGCGTGAGATCGAGTCGCTGCAGGGGCGGATCAACGCCTCCAAGTCGGTGGACCTCGTGCAGAAGGCGCGCGAGCTGAACGGCATCCGCGTTCTCTCCACCCGGGTCGACGGTGTCGACGCGAAGGGGCTGAGGGAGCTTTCGGACACCCTGAAGGAGCGGATCGGCTCCGGCGTCATCGTCCTCGGCACCGCCGCGGCGGACAAGGTGAACCTCCTCGTGGCGGTCACCGCCGACCTCACCGAGCGCTGCAAGGCCGGAGACGTCATCAAGGCGATCGCACCGATCGTCGGCGGCAACGGCGGCGGCAAGCCGGAACTCGCCCAGGCAGGGGGCACCCGCCCGGAAAACCTGGACGAGGCGCTGGAAGCGGTGTACAACATCATCGGCTAAAACCTTTCCACCTTCCCCCTCCCCTCCAACGGGGAGGGGGATAATGCAACCGGTCATGTACCCAGGGAGACCGCATGCTCCAACAGACCCAACAAGCCGGCGTGGCACAGATGCAGCAGAAAGCGCAGAAGACGGTCCTCGTGGTGGACGACGAGGCGATCATCCGCGACCTGTGCATGCGGGCGCTGCGCGACTACCACACGGTGGAGGCAGCCAACGGCGAGGAGGCACTCAGGGTCTACGAGCAGGGGGGGATCGACGTCGTCCTCACCGACGTCATGATGCCGAGGGTCGACGGCATCGAGCTTCTGAAGGCATTGAAGGAGCGGGAGCCGACCATCGTGGTCATCATTATGACCGGCTACGCCGACAAGGATCTCATCCTGAAGGCGCTGAAAGAGGACGCCGACGACTTCATCACGAAGCCCCTGAACCTCATGCAGCTGCGCACCGCGGTCGACAAGGCGCTGGACAAGAAAGCGCTGAAAGAGGAGATCGCGAACCTCAAGAACCTGGACCGCTTCAAGACGAACTTTCTGTCCCTCATTTCCCACAAATTCCGCACCCCCATCACCTCCATATCACTCTTCCTGCAAAACCTCGCCGCCGGCGTGTACGACCCATCGCAGGAGACGAACCGCGAGTACGCGGGTCTCATCTACGACGAGGCGTGCTACCTCGGAACGCTGGTCACCGACCTCCTCACCTTCTCCCACATGATGGACACCGGCGAGGCGCTGAAGCTCGAGCCGTGCGACCTGCCGACGATCATCGCGCTGGCGCTGGCGAAGGCAAAGGAGCGCACCGACAGGCTCCACATAAACGTGGAGTGCGAGCTGCAGCCGATGGAGGAGATCCTCCTCGACCGCGAGAAGTTCTCCTTTGCGCTGCAACAGGTCATCGACAACGCCTTCAAGTTTTCCAAGCAGTCCGGGCAGGTCCGGGTGGCGATGGAGCAGACGACACAGAACTGCCGCATCGAGATCGAAGACACCGGGATCGGCATCCCCCAGGGTGAGCTCCCGAAGGTGTTCGAGAAGTTCTACCAGGTCGACGCCGACCGCACCGGCCAGATCCGCGGCTTTGGGCTCGGGCTCTTCTACGCGCGGGAGTTCGTGCGCATGCACGGCGGCAGCATCACCCTCGACAGCGCCGTCGACTCCGGCACGAAGGTCGTCATCACCGTTCCCCGCAGGCCCGGCGCATCCTCGTAAAGCTGCGGCCAGCCCCTCTTTAGCGTTGATTATTTCATCTCATCTGCTATATTAGCCCCTTTCCGCGCAGCACCTAATCTTCGATACAGCCAGAGGCAGCCATGCAACGACTCATCGAAAAGGCGAGCACCCTCCTGGAGGCGCTCCCCTACATGCGGCGTTTTGCCGGCAAGACCGTGGTCATCAAGTACGGCGGCCATGCCATGGCGGACGAGAACCTGAAGAAGTCCTTCGCCCTCGACGTCATCCTCCTGAAATACATCGGCATCAACGTGGTGGTGGTGCACGGCGGCGGCCCTCAGATCAACGAGACGCTGAAGCGCTACGGCATCGTCTCGCAGTTCGTGCAGGGGATGCGCGTTACCGACAGCCAGACGATGGGGGTCGTGGAGATGGTCCTCACCGGCCAGGTGAACAGGGAAGTCGTCGGCTACCTGAACCAGCACGGCGGGCGCGCTGCCGGCATTTCCGGGAAGGACGCGAACCTCCTCCTGTGCGAGAAGCTCCTGCAGGAAGTGCGCAAGGAAGACGGCACGGTCGAGAAGGTGGACATAGGATTCGTCGGCGACGTGGTGCAGGTCGACCCCGCCATCCTGGAGGCGCTGGAAAAGGGTGGCTTCATCCCCGTCATCGCGCCGGTGGGTGTCGGAAAGGACGGCCAGAGCTACAACGTGAACGCCGACCTCGTGGCAGGGCGCGTCGCCGCGGCCTTGAAGGCTGAGAAACTGATCCTTCTGACCGACGTCGCCGGTGTAAAGTCGAAGAACGGAGAGCTCCTCTCCAGCATCGCGCTCCAGGACGTCCCCCCCCTCATCGCGGACGGCACCGTCACCGGCGGGATGATCCCGAAGGTCACCTGCTGCACCGACGCGCTCGCCGCCGGGGTGAAGAAGGCGCACATCGTGGACGGCCGGATGGAGCACGCCATCCTCTTGGAGATCTTCACCAACGTGGGGATCGGCACTGAAATCCTGGGATAGGACCGGACGAATCCTCCGTTCGCCGAGCCGTTGCTCCGAACGTGTTTCAAGATCCCCCAGTATGTTATAGGAGGGAACGGAATGAATTCAGCAGAATGGATTGAAAAGGCGGATCGGTACATCATGCGGACCTACGGCCGCTACCCGCTCGTCCCGGTAAAAGGGGAAGGGTGCAACGTGTGGGACGCGGAC
CP087999.1_gap38	1507228	1512016	4788	AGGGTACGACCCTGATCCGAAGGTGCTCGACTGGGCGCGGAAGAACTCCAGCTCGAAGATCACCCTCACCCGCGACCCGCGCGAGGCGGCGCTCGGCGCCGACGTTCTCAACACCGACGTGTGGGCGAGCATGGGTCAGGAGGAGGAGCAGAAGATCCGCGAGAAGGCCTTCGCCGGCTTCTGCCTCAACGAAGAGCTGATGCACTCCGCGCATTCTGACGCCATCGTGCTGCACTGCCTCCCCGCGCACCGCGGCGAGGAGATCACCGACGAAGTCATGGAAGGAAAGAACTCCGTGGTATTCGACGAAGCGGAGAACCGTCTCCACGTGCAGAAGGCGATCATGGCCACGCTGATGGCCTAAAACCGTTTCTGTCCGCAGATTACGCAGATTTTCGCAGATTACAGCGCACTGTTGCCACTATCCTCCTTGGGTCGAGCGGCTGATAGCTAAGGATGCTCTGGGAAAACAAGAATTTTATAATCTGCGTGAATCTGCGTAATCTGCGGACAACAAGTTTTTGTGCGTAATCTGCGGACAACAAGTTTTTATGCGTAATCTGCGGACGAAAAGCAGTTATACGACTTAAAGGAGAACCTGATGGCCAAGAAAGAAGTCAAAAAGATCGTTCTCGCCTACTCCGGCGGGCTGGATACCTCCATAATCCTCAAGTGGCTGAAGAATGAGTACGGCTGCGAGGTCGTCACCTTCTCCGCTGACGTGGGTCTCGCGGATGAGCTCACCCCGGTGCGCGAGAAGGCCTTCGCTACCGGCGCCAGCAAGGTGTACATCGACGACCTGCGCGAGGAGTTCGTGCGCGACTTCGTCTTCCCGATGTTCCGTGCCAACGCCATCTACGAGGGACAGTACCTCCTCGGCACCTCCATCGCCCGCCCGCTCATCGCGAAGCGTCAGATGGAGATCGCTGCCATCGAAGGGTGCGACGCGGTGGCCCACGGCGCCACCGGCAAGGGGAACGACCAGGTCCGCTTCGAGCTCGCCTACTACCACTTCAACCCGAACATCACGGTCATCGCCCCCTGGAGGGAGTGGAAGCTGAACAGCCGCCAGGCGCTCATCAACTACGCAAAAAGGAACGATATCCCCATCCCGGTGACGAAGAAGCGCCCCTGGTCCAGCGACCGCAACCTGCTGCACATCTCCTTTGAAGGGGGGATCCTCGAGGACACCTGGGCAGAGCCCCCCGAGCAGATGTACGTCCTCACCAAGAGCCCGGAGAAGGCACCGAACAAGCCGCAGTACATCGAGATCGAGTTCGAAAAGGGTAACGCGGTGGCGGTCGACGGCGTGCGCATGACCCCGGCGGAGCTCCTGACCCACCTGAACACCCTCGGCGGCGAGCACGGCATCGGCCGCGTGGACATCCTGGAGAACCGCTCCGTAGGCATGAAGTCCCGCGGCGTGTACGAGACCCCGGGCGGCACCATCCTGCGCGAGGCGCACATGGCAGTGGAGCAGATCACCATGGACCGCGAGGTCATGCACCTCAGGGACTCCCTTATCCCCCGCTACGCGGAGATGGTCTACAACGGCTACTGGTTCTCTCCGGAGCGCGAGATGCTGCAGACGGCGATCGACGACTCCCAGAAGACGGTGAACGGCGTGGCACGCCTGAAGCTGTACAAGGGGCACTGCCGCACCGTCGGGCGTAAGTCGGAGAGCAACTCCCTCTTCAACCTCGACTTCGCCACCTTCGAGAAGGACCAGGTGTACAACCAGCAGGATGCGGAGGGCTTCATCAAGCTGAACTCCCTCAGGCTGCGCATCAGGTCCCTCATGCAGCAGAAAAACGGGTAACAAAAGCGATAGCAGAAGGCGATTTTTCAGGGGCACGATGTCGGTGCCCCTATTCGCTTTTATAGCCGGAGAGGTCCCGGCAGCCGGATCAGAAACCGGCCAGGCAAGATCAGACAGGAGAAAAAAATGTCCAAGGACAAACTGTGGGGCGGCCGCTTCACCCAGCCTACTGACAAGTTCGTGGAGGAATTCACCGCCTCCATCGATTTCGACAAGCGCCTGTACCGGCAGGACATCCGCGGCTCCATCGCCCACGCAAAGATGCTCGGCAGGCAGGGAATCATTCCGGCCGAAGACGTGGTCGCCATCGAGAACGGGCTCACCGATATTCTCGCCCAGATCGAGGCGGGGAATTTCGACTTCTCCGTCTCTCTGGAAGACATCCACATGAACATCGAGGCGCGTCTCTCCGCGAAGATCGGCGACGCCGGCAAAAGGCTCCACACCGGGCGCTCCCGCAACGACCAGGTGGCACTCGACATCCGCCTTTACCTGCGCGACGAGCTCGTGGAGATCTGCGGGTACCTCGACCGCCTGATCGACTCGCTCCTCTTCCAGGCGGAGGAAAACCTCTCCGTCATCATGCCCGGCTTCACCCACCTGCAGACCGCGCAGCCGATACTCTTCTCGCACCACATGATGGCGTACGTCGAGATGCTGAAGCGCGACAAGGGGAGAATGGAAGACTGCCTGAAGCGCACCAATGTCCTGCCGCTGGGAGCCGGGGCGCTCGCGGGGACTACCTTCCCCATCGATCGCGAGTACGTGGCCGAGCTCCTCGACTTCCCGCAGGTCACCCGCAACTCGCTCGATTCGGTGAGCGACCGCGACTTCGGGCTGGAGTTCTGCTCCGCCTCCTCCATCCTCATGATGCACCTCTCCCGCTTCTCCGAGGAGCTCATCCTCTGGTCCACCAGCGAGTTCCGCTTCGTGGAGCTCACCGACTCCTTCTGCACCGGCTCCTCCATCATGCCGCAGAAGAAGAACCCGGACGTCCCCGAGCTGGTGCGCGGCAAGACCGGCCGGGTATATGGAAACCTGATCTCGCTCCTCACCGTCATGAAGTCGCTGCCGCTGGCCTACAACAAGGACATGCAGGAGGACAAGGAGCCCCTTTTCGACACCATCGATACGGTGAAGGGGTCGCTGAAGATCTTCGCCGACATGGTGCGCGAGATGAAGGTGCGCCCGGACAGGATGCGACAGGCGGCCGCCGCCGGCTTCTCCACCGCGACCGACGTGGCGGACTACCTGGTGCGCAAGGGGATCGCCTTCCGCGACGCGCACGAGATCGTGGGGAAAGCGGTGCGCTACGGGATCGAGACCGGGAAGGATCTGGACCAGTTCTCCACCGCCGAGTGGAAAGCCTTCTCCGAAGCGATCGACGCCGACATCGCCGACGCCATTACCCTGGAGGCGTCCGTCAACGCCCGCAAAGCGACCGGCGGCACCGCGCTCGAAAGGGTGAAAGCGGAGATCGACCGCGCCCGCGCAGAGCAGAAGCAGTAACGACCGACCAGCCACGCCATACCCGCACACCCCCGCCCTCACGTCCCCTCCCTTTCAAGGGGAGGGACAGGGTGGGGATGGGGTTCGGCACCCCAGACAATGTAGGCCGGGATAAGCCGCCGAGGCGTTCCCGGCAGTCCAACAGACGCAGCCGCGCACCAGCGGGCTGCGGCTCTGGAGGAGATCCAAAGATCAAATCCCCCCTGCCCCCCCTTCGCAAAGGGGGGAACGTGAGGTCTCCTGCAGTGCTTCGTGGCAATGTACTCACGCTCCCGGAATTCCGGAATGAACTACATGGGATGGGGTTCGCCCCACAGAGGAAAGAGATGCTACGCACCAGGCTCAAGATCGCCGTCTGTCTCACCACCTTCGTCGCCCTCTGCGGCTGCGGGAAAAAAGGGGCTCTGCTCCCCCCCGAGGCGCTCGTCCCCGCAGCGATAAACGACCTGCAGGTGCGCCAGAAGGGGGACCAGTTCCAGGTGAGCTGGTCCGGGCCAGCGCGCGAGGAAAGCGGGGCACGGCTCCAGGACCTTGCCGGGTTCGTCCTGTTGCGCCACCAGGTCATCGATCCCGCCAGCGACTGCGACCTCTGCCCCGATGCCTACCGCGTCATCGCCACCATCGACCTCGACTACCTGAAGGACGTCCGCCGCAGCGGCAGCCGCTATGTGGTTGCCGACCGCGACCTCACTATCGGCACCACGTACCGATACAAGGTCCGCTCCTTCAAGCAGAACGGCACCAGCAGCAAGGATTCCAACAAGGTACAGCGCCCGGCACACACGCCTCCGCCACCCCCGTCAGCCTCGACCGCGTCGTCGTCGGCAGGGGTTACCGTCACCTTCTCTTCCCCGCCCCTTCTGGAGGGGAAGCTCGTCGGCTATGACGTGTACCGCCGCACCGGCACCGAGGAGTTCCCGGTGGCGCCGCTAAATCCGGCACCGGTTCCCGGACCGTATCTCGACCAGACGGTCCGGCACGGTGCCTCCTACATCTACAGCGCACGCACTGTGGTAAAAATCGGAGAAGATATGGTTGAGAGCGCGCCTTCAGCCGAGGTGAAGGGGGAGATCGCGGAGCCGGAGTAGCAGGTGCTCCTTCCCGCCCCTCCCTCCAGGCATTCCATGCCCTTATCTTGCCTTTTCCACCCTTTTCATGATAAACAATCGTATTCTCAGCAATGGCGGCCCTTCGCGGGGCTGCCGTTCTTATCCAGCAGCCGCGCCTACCGGCGCGTGGAGCGTGACATGAAAATTACGAGAGCGGAGGTGGAGCATGTGGCACGCCTCGCCCGCCTGGCACTTTCCGACGCGGAACTTGATACCTTCACCGGCCAGATGGACGCCATCCTCGCCTACGTCGAGAAGCTGAACGGCCTCGACACCACCGACATCGTCCCCACCTCCCATGCCGTCCCGATGGAGAACGCTTTCCGGGTCGACGAGGTAAAAAGCCCGATC
CP087999.1_gap39	1514572	1516343	1771	TGGCTGCAACCCTTCCGGAGCTTCCGGACGCAAAACGCGCACGTTTCCAGAGTGAGCTCGGCCTTCCCGCCTACGACGCCGAGGTCCTCGCCGCAAGCCGCGAGCTCGCGCACTACTTCGAGGCTACCTTCGCCCTCTTCCCGCAGGCGAAGACGGTGTCCAACTGGGTCATGGGGGAGGTCACCCGCGCCCTCAACGAGGACAGCCGCGACATTTCCGAGTGCCCCGTGACGCCGGAGCGCCTCGCCGAACTGCTGAAGCTCATGGAAGGGGGCACCATCTCCGGAAAGATCGCAAAAACGGTCTTCGACGAGATGTACAAGACCGGCAAGGCTCCTGCGGCCATCGTCGAGGAGAAGGGGCTGGTCCAGGTCTCTGACACCGGCGCGATAGAGGCGATGGTGGACGAAGTACTCGCGAAGAACGAAAGCCAGGTCGCAGAGTACCGCGGCGGCAAGGAGACGCTCTTTGGCTTCTTCGTCGGGCAGGTCATGCGCGCCTCCAAGGGGAAAGCGAACCCGGCCGTAGTGAACGAGTTGCTGCAGAAGAAGCTGAAGGGGTAGTGAATCCACCCCATCCCCACCCTGTCCCTCCCCTTGAAAGGGAGGGGACGTGGGGGCACCGGCCTCGCCGGGCACGACTTACGGTTACTGTTTTACCAGGAGAGAAAGATGTCCTTCAGAACGATAGAGTGGCGAGACAACAAGGTCGTTATGATCGACCAGACGAAGCTTCCCGCTGAGGAGCGCTACAACACCTACACCGACTACACCGGTGTGGCCGAAGCGATCCGCGGCATGGTCGTGCGCGGCGCCCCTGCCATCGGGGTGGCAGCGGCCATGGGTGTGGCGCTGGGCGCCCGGGACATCATCGCCGACACCTTCGACTCCTTTTACCGGCAGCTGGAGAACGTCTGCGACGTCATCGGCCGCACCAGGCCGACGGCGGTGAACCTCTTCTGGGCCATCGAGCGGATGAAGCGCGTGGCGCAACAGCACAAGGCGCTCGATCTCAACTCCATCCGCGAGATGCTGAAGGCGGAAGCGATCAGCATCGAGACGGAAGACCTCGCCATCTGCAAGGAGATCGGCCGCCACGGCGGTCCCCTCATCAAGGAGGGGGGCCGCGTCCTCACTCACTGCAACGCAGGGGGGCTCGCCACCGCGGGGTACGGCACCGCGCTCGGCGTGATCCGCGCGGCGCATGAGTCCGGCAAAAAGATCCAGGTCTTTGCCGACGAGACGCGCCCCTGGCTGCAGGGGGCACGCCTTACCGCCTGGGAGCTCATGAAGGATTCGATCCCGGTGACGCTGATCTCCGACAACATGGCCGGGTGGCTCATGCGCCGCGGCGAGATCGACTGCTGCGTTGTCGGCGCCGACCGGATCGCCGCCAACGGCGACACCGCCAACAAGATCGGCACCTACTCCGTTGCGGTGCTGGCGAAGGAGAACAAGATCCCCTTCTACGTCGCCGCACCGATCTCCACCCTCGACCTCACCCTGCCCACCGGCGACTCCATCCCGATCGAGGAGCGCACCTCCAGCGAGGTGACGCAGATCCAGGGGGTGGGGATCGCCCCGGAAGGGGTAAAGGTCAGAAATCCCGCCTTCGACGTCACCCCCGCCCGCTACATCTCCGGGATCATCACGGAGAAGGGGGTTGTGCGCGGCGACTTTGAGCGGGAACTCAGAGCCCTGGTAGGGCAGTGAACATCCCGACCCGGTTCTATATGGGGATCCTCGCGGCCCTGACCGGGGACCCCAAAGAA
CP087999.1_gap40	1571846	1574524	2678	ACCGGCCTCAGACACAAAAAAACCGGGGCCGTAATATCCGTTGATATTTCGGCGACCCGGCTGTCTCAGGGAGACCCTTAGGCTTTCCGTCCCATTCTCGCGAATGGTTTAGTATTGTCGTCTATCGAAATGGCATCTTGCTTCAGGTGCTCTATTTCTACCGTACCTGCCGAAAAATTGTCAACAAAAACCTCTCTAATTCAACTAATTACCCGGTTTTTCCAATGATGCCAGGATGTTCCGCAGCAAAAAAATTTCCCGAGGAGGACCTTTTTCCCGGAGGGCTGCTTTAGCATGAAATCGCCGCTCTACCGGCTCCCTTAATTAACTTCCTGCCCCAGAAATGGTGCAGGTGCCGCAAATCGCTGTTGATTATTCCCGGCCCCTCACCTAGAATGAAGGAACTTAATGAATATCGAGGAGATAGGATTGACAGTACTGCTCTTAGCGAGCCAGGCACGACTGCTGGAGCTCTTCCGGTCCCTGGAGGCTCAGGGCATGCTGCAACTGCAGGTCGCCTCCAGCATCACGGACGCCGAGCGACTCCTTTCCCAAAATCCCCCCGATTTTGCCTTTGTCCAGAGCCGCGTCTCCGCCCTTTCCGGAGAGATCGTGGTGCGGCACATCCGCAGTCTCCTCTCCCACCGGTCAAAGATCGTGCTCCTGTCCGGAGACGAGGAAGAGCTGAAGAAAGCGCAGACCCTCCAGGCGCTCGCCATCAATCTCGGCAGCAGCGACGAGTCGCTCAGATACGCGGTGCGCGAGGTGCTTTCCTCGGCTGAAATCGCGCAGAAGGCGCAGGAAGCTGTCGCGCCCCCGGAGCAGGACGAAAATGACGACACTTTGGCGGCACCGGCAGAAGGGACGCCGCCGACTCCGGAGCCATCTCCCCTGGCACCGGTCCCCCCGGCAGAGGAAGGGACTGAGCCGACCGCAGCGCCGACCTCCGAGAGCGCTTTCGAGAAGACGTTGAGGGCCCAACAGGTGTATGAGCCGCAGCCGGTATCACGTGCCGAGGCGGAGCGCCAGCATCCTGCCGAGCCCCCGCAGAAGGCGCGCCGGAAGCGGCGTTGCGTCGTGATGGCACCAGCGCGGTCGCTGCGCGACTTCGCCTCGAAGAGCTACCTGTCTCCGCGCAAGCTCAGGCGCCGGACGTTCCTGCTCATTTCCATCGTCGTCATCGGTGCCGCAGCCGTCACCGGGTATCTGCTTCGCCCCGAAACGAGAGAGACGATTCCCCTCCCCCCCCGTCCGGTCCAGAAGGTCCCGATGCCGCCGGCTCCCGCTCCGGCTGCGCCCGCACAGCCAGCCGCTCCGCAAGGTGAGGCTCCGTCCAAAGGGGATGAAGCAGTCGTTCCCGAACCCCGGCCGAAGCCGAGTGCAAGCGGAAAGGGACTTGCCGACCTCCCCCCCTTTGTGGTCGATGCCGAACAGGATACCGAGTACGGGAAGACGCACCCCGGCTGGGAGCGGTATCTCACCTCGCGCCTCGAGTACAAGATCTTCCGGGAAGGCACCCTCATCAAAGCCGTGCAGATCATGGCGGCAAGAGACGAGACGGTGCCTGGGGAGTTGTTCAACTGGGCGAAGAAGGAGTTTGCCGCCGCGGGGCCACACAAGCTACTATCAAAAGAGCAGAAGGGTAACTACCAGGTGGAAAAACTGCAGGCGGAGGGAGCGGGGCTGACCGTCTATCGCAAGGTCCCCGATCTGAAGATAAGGGCATTGGTCCTCTACTTCCGGTGATTTGCCAGCGACCGGAAGAGGAAAAGAAGGTGTTTGAGGTTTTATGTTTGCATCAAGAAAAGCAGGGTTCCTGGTCATTCTCGCATCGCTCTATTTCCCCCCTCAGTCGCTCGCGGCATCCACATTCGACATCGACGTGAACGAGTTGGACAGGAAGGATTCCGCAGCGAAACCGAAGACGGCCCGCCCCAAAAAGCCGAAGCCGCCGAAGCCGAAGAAGGCGCCGAAGCCGATCATCTACGAGGACGGCTACGCCAAGTACACCGTGCAGGAGAGCGACTTCAGGACGCGGCTTCTGGCAAAGCACCTGCACCTGCCGGAGGAAGAACTACTGAGGCTTCTCCCGGAAATCCTGCGCCTGAACGGCATATCGAACCTCTCCGAGCTGGAGATCGGGCAGACGCTGATTGTCCCGTTGCCGGCGCCGGCCGCCCCCCCCGCAGAGTCGGGAGCGCCCCCGGCGCCGGGATCGCCGGTACCCCCGCACTCCCCCTCCCCGGCCGCTCCGTCCGAAAATATCGGTCCGGAAGGTGGTTCCGGCCGCCGGTAGGATACGCGCGGATCGGCTTGCGGTGGTCCAGAGATATGCACTGACGCCGGAGCCTCGTGCTCGTGCGCAGGCATCTTGCCTGCGATGGCGGCTCAACCGCCAGAAGAGTTACCCGTTATCTGAAGAGGCGACCTACCTCTTGTCCGACGCAGCCGCAGCAGCACCCACCGGAGCAGGGGGGCCGGCCGTTTCTTTTTTACCCGAGGGTGAAGGGGGAAGCGGCTCCCCCTTTATATAGAGAACGACAAGTTCGCGAAGCTCCTCATCGACCGCAAATTTCAACGGGCTTTCAGGGAAATCCCTAAGAAACTGCGCCATGAGCTTTGCCCCCTCCAGTCGGTTACCTTTCCTGAACTGCCCCTTTGCGAGCCAGAAGAGGGCC
CP087999.1_gap41	1662319	1664154	1835	ACCGGCCCCGATGGCGCCATGCCTCAGGGTCCTCTCCATCCGATCATTCCTGGTGGTAACAGAAGGATGCGCCATCGAAGCTCCCCAAGGTGCAGCGGCAAGGAACGACCATCTATTTTTAATTCTAGTACCTTGCCCGGCGGGGAGCCAGAGAGGATGCGGGATGAAAGGTGACTATTCCTCCGAGATCACCTGGCCGGGAATGACAAAGGAGATACCCTGGCCGCCCCGGGCGCTCAACATGACAGACTCGACGATGGGAGGATTCATCGGCTTCGCGGCGCGCCACCTCACGATGAAGTTCGACCCGGGGCCTCCCGCGCTCTCCCCTTCCTTCACGTGAATGTACTTTGTAGCGAGCGGCCCGAGCGCCAGAGGGGATGCGAGATGGCGGCGCAGCACCTTGCCATCCGTATCGTAGTAATCGATGCTGCTGATGGTGAGTCCCCTCTTCATGTCCGTGTTGCGGATCGTCAGCACCGTCTCCAGGCTGACCGGCCGCGCCCGCGGACCGATGGGGAGATTGGAGTAGACCGAAACATAGACAGTTTGCCCGCTGGAGAGGCGGACATCATTCGCCGCCGCGGCAAAAGTGGGACCGCTGATGCTGGCAGCGAGAAGTACTGCAGATAGAAATAGTTGAAGTCTCATCCCTTCCTCCTATGTCAGATATCGAATCACGCTCGTCACTCTCGTTCCCAAGGTCCACCTTGGGAACGCACATGGGTGCAAAGCTCCGGCTTTGCATCCGCGTCAGCGGAGAAGTGTCCGAACAGTGGCGAGGCCGGGCCTCGCGAGCAATGCATTCCCAAGCTGGAGTATAGAGTCTGGCGGTGCGCATTGCACACTTTAAAGAAAAATTTGACTCAAGGTAATCGGAAAGGAGCCGATAACACCAACGGTGAACAGCGGCACTCTTCTTTGCCGGCCTGCTTGAGATTGTTCAAATACCCACAGGAGAATCAGACGTGAAAAAAACAGTGGTGGTTTTGGCCGTGGCGGCGCTCTGTAGCGCCTTTTTTGTGACATCCGGGACAGCGGCCGAAAAGGGAACCGTCGATCCCAAAAGCGGAAAAGCCTGTTACGAATGCCACCGGAGCAAGGTTACCGGTGCCTATGTTCACAGTGCCCTGGCCGACAAAGAATGCACCCCCTGCCATGAGGTGTCCGCCGGGAGTCATCAGAAGGACCACAAACTCTTCGGTGTGAAGGACAAAAGCGCCGCCCTTTGCTACCAGTGCCATGACAGCAACTCCAAGGCAAAGAGCGTGCATCCGGTGATCGAAGCGGAAAGTTGCCTTGTCTGTCACGCGAAGCACAACTCGCCGCAGCAGTACCTGCTGAAAGTCGAGGCCGATTGCTTCAACTGCCATGAAAAGGCACTGGTGGAACAAAAGCAGACCACGAAGGGGACCGCCTTCCGCGACGGGCAGGACAATCTCCACTTCGTGCACGCAGGGACGAACAAGATTTCCTGCCTCGCCTGCCACAACGTGCACGCGAGCGCCCAGCTTCACCTGATCACCCCGAAAGGAAAAAAAGGGGCGGAGACGGTGACGACGACCTACACCACCACCGACAAGGGCGGGAACTGCACCACCAGCTGCCATGACGCCATGGGGTACGAGAGGAAGTAGCACGACGCGTATCACCGGCCACGCCGGCCATACATCTTGATATTCCTCGGACCGGAAGGGGGATGGAGCTTGCTCCATCTCCCTTTTTCTTTGCCTGGGCCACTCACGGTGCTGCAGAAATTCCTATGAAAATGGTATGGTAAGGAATAACACATGTAGCGGGCAGTCTGACCGAGGCTGCCACCAGAGGGAGGATCG
CP087999.1_gap42	1666842	1667642	800	TCTCCCCCCCACTCAATCAAGCTCTTTCGCACAGTGGCGAGGTCAGCCTTGAAGGAGGCGGCGTCCGGATAGGCCTCGGGATCATCAGGATCGAACCGGGCGTGGTGCAGGCGATGACGGACTACCGCCACGTACTTGCGATACGACTCGCACTCGGGGTACCCCTCGATGTCCAGAGCCGCAGCGGGAAAGGACCGTCGATACTCCTCGATCGCCGCATCGATTTCCGGAGAGGACCCTATCGTGCAGCTGGAGGTGGTGAGGAGCTCGCGAAGCTGGTCGACTTCGGCGAGGTAGTGCGCGAGGATCGTTTCGCGTGCCTTGGCAAGCGCCGCCCGTGTGCTTTCGGTAGTGACAAAGGGGTTGCCATCGCGGTCGCCCCCTATCCACGATCCGAAACGGAGAACGGTCGGCAGCTCACCCGGGCAAAACTTCATCCCGTACACCTCGGCAAAGGCATCGGCGAAGTCCTGGTAGAAGGATGGCAGAGGCCGAATGAGGGAATCCGGGTAGTGGTGGAGTCCCATCTCGATCTCGTCGATCACCGTTGGCTGCGTGCGACGCACCTCGTCGGTCTGCCACAGAGCGGTGATCTCCGTCGCAATGGCGTCCTGCCCCCGTGCCGCGGCATCCGGTGCAAGAGGGAGCTGTTCAAGCTTTTCGAGCACCTTCGCGATACGGCGTCTCTTGAAAAGAACCACCTCCCGAGCCACTTCCGTGGGGTGAGCTGTAAATACGGGAACGACCTCCACCTTTCCGAGGCACTTCAGTGCCTCCTCGCCGCTGATGCCGCTATCACG
CP087999.1_gap43	1697311	1701195	3884	AGCGATGGAGTCCTTCAGCGCCTTGCCCGGACGGAACTTCGGCACCTTGGCGGCTGCGATATTGATCTCGCTACCGGTCTGCGGGTTTCTGCCGGTGCGGGCCTGGCGGTCGGAGACCTCGAAGCTTCCGAACCCGACGAGGGTAACCCGGTCGCCGTTTTTCAGCGCCTCGCTGACACTGTTGATGAAAGCGCCGACGGCCTTCTCGGCCGCGCCCTTAGATAGATTAGCCGATTTCGCTACTGCATCGACGAGTTCTGCTTTTGTCATGTCTAACCCTCCTTTTCTTATGTGCAAAAATTTAAGTCACTATAACCATAAATTTTTCCTTTGCAAGGCTTTATTTGCACCGGAAATGATTTTATCCCGCGCCAGGAGCGGTTCTAGCGCCCATCCCCCCCTCCGCGAAGCCCCTTCCGGCGTTTCCGGAAAGCTTCCTCCACTGCGGACCCGCTCGCCTCTCTTTTCGCCGGAAAGACGCAAAAACAGACGGTTAGAGAACCGGCTCCTGAAGGGGCGCCTGAGCGGGGACCGGGACCGGTTCCGGGTCGTAGGTGGACGGTTCGGTGCCGCTTATGAAACACTCCTGCACAGCACCCGGAGTCCCCTCCCGCGCCAGCCGACCGGTGCGCGGGTCGATGAGGGCGAAGGTGACGTCGTTAGGGGGCTCGAAGCGCTTCGAGGGGATCGCCGCCAGCGCCCGCTGCATGAACTCGGTCCAGATCGGCGCAGCCGCCTGCCCCCCTGACCCGCCGGCACCGAGGCTGCGCTCCTGGTCGTAACCGACCCAGACGCCGGCCACCAGTTGCGGAACGAACCCGACGAACCAGGCGTCCTTCATGTCGTTCGTGGTGCCGGTCTTTCCCGCGACGGGGCGGCCAAGGGCCCGGGCCCGCCCGCCGGTACCGCTGGTGACGACGCTCTCCATGAGGTTCGTCATGATGTAGGCGACGTCGGGGGAGATGACCTGGTTCGGAGCCGCTGCACCGCGTCTCGCGGGTGCCGTGCCGGGGGCGGCGATACGGGCGGTGGCTGCCGCCCCCTCTCCGGTCAGGGATGCGTCCGCATCCTCGCTCGCCTCCGGGGGGGCGCCGGCGCTGGAGATATCGGTGAAGACCGGGATCTTCGGCGGGTTCATCTCCTCGAGCACCGCGCCGTCGCGATCGAGGACCTTCGTCACGAAGTACGGCGCCATCCGGTATCCTCCGGAGGCGAAGACCGCATAGGCGCTGGTGAGCTCAAGGGGAGTGACGCTGGAGGAGCCGAGCGCCAGAGTGAGGTTCCCGGCCAAGGGCGAGGTGATCCCCAGCCTCTTCGCACACTCGATGGCAGTCCTCACGCCGATGCTCTCCAGGATTTTCACGCTCACCACGTTTATGGAGTTGGTGAGCGCCGTGCGCATGGTGACCGGCCCGCGGTAGATGTTGTCGTAGTTGCGCGGCTTCCACGTCTTCTCCTGCCCGCTGTCGTACTCCACCTGGGAGTCCTGGATCACGGTGGCAGGGGTCATCCCCTTTTCCAGCGCCGCGGCGTAGATGACCGGCTTGAAGGCCGAGCCGGGGTTCCTGCGCGCCTGGGTAGCCCTGTTGAACTGGCTCTTCCTGAAGTCATATCCGCCGACAAGGGCGCGCACCCCGCCGCTTTGCGGGTCGATCGCCACGAGGGCCGCCTGGGTCTCCGGCGTCTGGTCCAGGGTAAAGACCGCTCCAACCCTGTTCTGGTCCGTCTGCTGCGCCACCACCTCGAGGACTGCACCGAGGGCGATGGCACGCTTCCCTTCCGGCTTGCCGTAGCTGTTCACGAGCTCGAGGCGCCCGGCCCAGTCCATCCCCTTCCTGTCGAGGATCCCGGTGCGGTCGCCGACCCGCACGGTGAGCTCCCCCTTCGCCGGGTCGGCCTTGATGACCACCCCCTGGTAGCCCCCACCCTGCTTCAGCGTCACGGTGTCGATCTGGTCCTCCACCTTCTTGCAGAAGGGATCGACCTCCTCTTCCGTGAGGTAGCGCGCGGCGCCGCGGAACCCCTGCCTCTTGTCCAGCGCCTTCAGCCCGTTCACCACGCCGTCGTAGGCCGCCTTCTGCATCTCCGCGTTCATGGTGGTGTAGATTCTCAGGCCGTCCTTGTAGAGACGCTCCTCGCCGTACTTCTCCTCCAGTTGCTGGCGGACCTGCTCCAGGAAGTAGGCGCTCTGCTCGGGATTCACCTTCTTCAGGCTGTGGATCGCCACCGGGAAGGCCTTCGCGTGGTCGGCTTCGGCCTGGGTGATGTACCCTTCCTTCACCATCCTCTCGAGGACGTAACCCTGGCGCTCCTTCGCGCGGTCCAGGTGCTTGATCGGGGAGTAGGCGTTCGGTGCCTTCGGGAGCCCGGCCATCATCGCCATCTCCGCCAGGTTGAGCTGGTCCACCTCTTTCCCGAAGTACGTTTCCGCGGCAAGCTGCACCCCGTAGGCACCGGCGCCGAGGTAGATCTGGTTCAGGTAGATGTACAGGATCTCGTCCTTGGAGAGGCGCTCCTCCATCCTCTTCGCCAGTATCGCTTCCTTCAGCTTCCGGGAGAACTTCTTCTCGGGGGTAAGGAGCATCGACTTCGCCACCTGCTGGGTGATGGTGGAAGCCCCTTCCTTCTTTCTAAGGGACATGGTGTTCTTGAAGATGGCGCGGACGATCCCCAGGTAGTCGATCCCCTTGTGCTGGTAGAAGTTGCTGTCTTCGGCAGCGACAAAGGCCTGGATCAGACGCCTCGGGATCTTGTCCACCGGCACGACCGTGCGGCGCTCCAGGTAGAATTCGCCGACGAGGCTGCCGTCCTCGCCGAAGACCTGCGACACGATCGGCGGGCGGTAGTCGGCCAGGCGGTCCACCTTCGGGAGCGCTCCGAGCAGGTAGAAGAAATATCCGAAGAAGGCGAGCACCAGGAGGGCGCCCCCGCCGAGCGTTATGCCAGCGAGAAGCTTCTTGCCGGACCCTTCTTTTTTCCTGCGCGGCCGAGCCTTGTACGTCTCCATATGGTAAAACTCCAGTCTATCTATGAGATTACGCAGACTGCACATTATCGCAGAACGCTGATTTAATTCAAGGCTATTGTGTAAAGCCCCCTCAGACCACCCGGACCCTTAGGGAAGACTCACTTTTTTCACTCAGAATTAGGCTTTCGCAATTTTGGACATTGACGCAGGCGTCCTATCAAAGTACAAGGAGAAGCTGGCACACTATCCGGGAAAAGAAGTTACTCACTCCTCTCCTCAAACAACAGTAGAGGGAGGGATTCAACCTTCCTCTTCAGTCGACTTGAAGGCGGTGTGGAGGGGTATACAGTGAGCGGCTGCCTTCTTTCCGTTTTCAATGAGTGGAGGGGATGACCGATGAAGAGAAATTTTCGCCTGTTTCGCCTGTTGCTCCTTGTACCGTCACTCCTTCTCGCCGGCACCACCGCGGGTGCGGCGGAGCTCGGCCCCTTCAACACGCAGGACCAGAGCCCCCTGGTGCAGATATACGGCCTCCCGGCGCAGGAGAGCGCGACGGTCCTCGGCAAAGGGAGGTACCTCGCCCGGGTGGCGCTCGACGTCGCCAACAACAACGCCATCGAAAACACCCCTCGGGAATCGATCACCCTTGACGGCGAGTCGTGGCGCACGACGCTGACGCTGCGCCGCGGCTTCGAGGGGGGGCTGGAGGGGGGGATCGAGATCCCCTTCGTCTACCAGGGGGGGGGCGTATTCGACGACTTCATCGAGAACTGGCACGACTTCTTCGGACTGCCGCAAGGGGGGCGCAAGGAGGAGCCGCAAGACCGCCTCAGCTACGTCTACACGAAGGACTCCCGCGAGCGCCTGCGCATGGACCGCTCCCGGGGAGGGATCGGCGACGTGCGGCTGACCGGCG
CP087999.1_gap44	1754441	1757693	3252	CAATGACGCTGCTCGGCACCTTCTGCGCCATCACGGAGAAGCACGCGGTGCACGCCATCATCTACCTGGTGACCTCCTTCTTCGCACTGGCGATCATCTTCTACCTCCTCGGCGCGCCGACCGTCGCCGCCTTCGAGGTCATCATCTATGCCGGCGCCATCATGGTCCTCTTCCTCTTTGTCATCATGATGCTCGACCTGAGCCACCCGGAGCGGATGAATATCCCCCGCCCGAGGGACTGCTGGCCGGCGCTCGTCATCTTCGCCGTCATCTGCGGCTCGGTGCTCGTCCTTGCCGCCAGCCATACCCCCGCCATCGCCCCCCCCTTTCGCGGCGTGACGGTGCGGGAGTTCTCGCTGGGGCTCTTCCGCCGCTACGGCGTCGCGGTCGAGCTCATCTCCATGCAGCTTCTCTTCGCCCTGGTCGGGGCGCTCTACCTCGGGAGGCGGCGATGAGCATACCCCTTTATCACGTCCTCGTTCTCGCCACCCTCATCTTCGCCATGGGACTCGGCTGCGTCGTCGTGTGGCGCGCCAACGTCATCATGATGCTCATCGGGATAGAGATCATGCTGAACGCTGTGATGCTGACCTTCGTCGCCGGCTCCGCCCACTGGGGTGGCCCCGACGGGCAGATTTTCTCCCTCCTGATAATGGCGCTCACCTCGGCGGAGGTCTCTCTCGCCCTGGCCATGGTTGTGTACCTGCAGCGGCGCAAGTCGACGGTGAACGCGGATGAATTCAGCAGCATGAAAGGGTAGACCTGGAATGTCCCCTCCCGCAACGGGAAGGGATGACGAGCTGGAGGGATTCCTTTTTCAAAAGTAGATACTCTGGCGGTACAGAGAGGGTGCTTCATGGCGACGTATCTGACACTCATGCTCCTCTTCCCCCTGCTCGGGGCGCTCCTCAATGCGCTGGGGGGGCATTTGCTGCCGCGGCGGGTGGTGGAGGTGGTCGCCTGCGCCACCGTCTGGGGGAGTTTCGCTTGCGCCCTCCTTGCCGCCACCGATTACACCGCTCCGGCGACGGTACTGCTCGCCTCCTGGCTCGCCACTTTCGATCTCGCCGCCCCCTTCTCCCTCTACCTTGACCCGCTCTCCCTCTCCCTTTGCGTCATGATCACCTTCGTGTGCGGGCTGATCCACCTCTACTCGGTCTTCTACATGGCCGGCGATGAAGGGTATGCGCGCTTCTTCGCGCTCCTGAACCTTTTCGTCTTCGCCATGCTCACCCTCGTCCTCGCGGAGAACCTGGTTCTGCTCTACCTCGGCTGGGAAGGTGTCGGCTTCTGCTCGTACCTCCTCATCGGGTTCTGGTACCGGGAGAAAGCGAACGCTGACGCGGGGCGAAAGGCATTCGTCACCACGAGGATCGGCGACACAGCTCTTGTCATCGCCATCGCCTGGCTCTTCCGCCTCTCCGGAAGCCTCTCGATCTTGCAGGTAAACAGCTTGGCGGGAGCAATCCCCCCCGCCACAGTTACCGCTATCGGCATCCTTTTGCTGATCGGGGCGACGGGAAAATCGGCGCAGCTTCCTCTCATGGTGTGGCTCCCCGATGCCATGGCCGGCCCGACCCCTGTCTCCGCACTCATCCATGCGGCCACCATGGTGACCGCCGGGGTGTACCTCCTGGCGCGTCTCTTCCCCCTGGCCGGATCGTCCCCGACGGTCTGCGCCGCCATCGCCCTCACCGGATGCCTCACCGCCTTCTACGGCGCCACCTGCGCCCTCGCGCAGCGCGACCTGAAGAGGGTGCTGGCATACTCCACCATCAGCCAGATCGGATACATGACCCTCGGCGTGGGGGCAGGGGCGATCACCGCCGCCACCTTCCACCTCCTGGTCCACGCCTTCTTCAAGGCGCTCCTCTTCCTCGGCGCCGGGTGCATCATCACCTCATTTCATCACGAGCAGGACATCTTCAGGATGGGGGGGGCCCGCCGCTCCATCCCCCTCACCTTCTGGACCTTCCTGGCGGGAGCCGCGTGCCTGGCGGGGATCCCCCTCACCGGCGGGTTCTTCAGCAAGGACAGCATTCTCGGTGCGGTGTGGTCGCGGGGGGATCTCCTCTACCGCGGACTCTACGTCCTGGCACTCCTGACCGCCCTCATCACCGCTTTTTATTCCTTCAGGCTCTGCTATCTCGTCTTCGGCGGAGAAGAGAAGGGGCACCCGCACCGCACGACGCAGTTGCGCGCCATGGAGATCGTGCTCATCCCCCTCGCGCTTCTGGGGGTCTTCGGCGGCATGCTGAACCTCCCCGGCTACCTGGGCGAAGGGTTCCTCGGCCACTTCCTCGCCTCCGTCCCCGGCGGCGCACCTGCGGAAGGGTCGCACGCCGAGGAGATCGCCCTGCAGGCGGTTGCCGGAGCTGTCGCCCTACTCGGCGTCGCCGCCGCGCACCTGCGCTACGGCGCGAAGAGAAGGGAGGACCGGATGAAAGAATCGGGGTCACCCTCCGCCGCGACCCTTTTCCTGCTGAACGGCTGGTACTTCGACCGCCTTTACGACCTCATATTCATCCGCCCCTTCAGGACCCTTTCCGCCTTCCTCTGGGAGCGCGTCGACGAGGGGATCATCGACGACTCCCTCGATCGCCTCGGGCACTTCCTCGGCGGATGCGGCTCCGCGCTCGGGCAGTGGAGCAGCGGCAAGATTTCCCTTTACCTCATCAGCTTCGCCGCGGGGTGCGCCTGCATTCTCGTCTACCTCGCCTGGGTCGCGCTATGAACATACTCTCCATCTTCATCTTCCTCCCTCTGGCCGGCGCCCTTCTGGCCTTCGCCCTGCACCGTAACCCCGACGGGGTGCGGACCGTGGCGCTGGGGACCGCCCTTGTCGAGCTGGCGCTCTCCGCCTACCTCTGGGCCGCCTCCGGCGTCTCCTCTCTCGGTGCGGGTGGCGGCTTTTTCCTCCTGGAGGACCTTCCCTGGGTGGAGCAGTTCGGCATGCGCTACACGGTCGGGATGGACGGGATCAGCCTCGTCATGACTATTCTCACCGCCTTTATCACCGTGATCGCCGTCCTCGTGTCGTGGCGCGGGATCCAGCAGAGGGTCCCCCTCTACTACGCCCTCCTCCTGGTACTGGAGACGGGGATACTCGGCGTCTTCCTGGCGCTCGACCTCTTTCTCTTCTACCTCTTCTGGGAGGCGATGCTGATCCCCATGCTCTTCCTCATCGGGATCTGGGGGCACGGGCGGCGGGTCTACTCCGCCGTGAAGTTCTTCCTCTACACCTTCTTCGGG
CP087999.1_gap45	1761068	1763761	2693	AGAAGTTCGTGGAGGCAGCCGGCCAGTAGACGCCGGGATGGTAAGCGCTGATAAAAAAGCGGCTCCGGAGGGATACCCGGAGCCGCTTTTTCTTTTGTCACTGCCGGGGTGCTAACCGACGCCGAGGAAGCGGGAGATCGCCCGTACCATCACCTCCGACGAGAGCGAGCCGAGGAATGCCTCCGGGTCGCTCACATTCCTCTTGAAGTACTCGATGATCATGGTCTCTCCGTCGGAGTGGCGATGGATCTGGGAGAACCCCCTGTGGGTCATCTGGTAGCTGTTCACCCCGATCTTCCTCATCAGTCCCTCCGTCACCAGGAAGTCGATGGTGTAGTCAAAGATCGTCTCGTACTTCTGCTTGTCGCACCCGTTCCCTGCAAGAGCAATCTCGCACTGCTTTGAAAGCTTCTCGCAGATGTGCTTCTGCTCGCTGCTGACGGTGGCGGCGTTGGCATTGAGGTACTCGCAGTAGTTCACATCTTCCATTATGTCGAAGAGATTTTCGGCGTTGATCACCTGATAAAACTTGGTCAGCACCTCATCCCTCTCCAGTTTTACCTCAATAGGGAACTGCTCGTACAATTTCGAGAAAACCAATGAAACGAAGTAGCTGAATATTTCCACATTCTCGGCCATGACGTTCTCCTTGTTTTCTTTCTTTTCCTGCTGTTTTGGCACCATCTTTCGAGGGGCAGGTGGGTGAAGGAGCGGAGGGAACAGGTAAGTAAGTACGTACTGTAACTCCGTATACGTGTCAAGTGAAGGGGGCAAAAATCGAGGCGTCTTACATGAGGCTCTTCCGGAAATAGTGGAGTGTCACAAGAACCCGGGTGCCCCCGCGCTGGAGCGTAGGCATCTTGCCTGCGATGGCGGCGCAGCCGCCACAGACCGCGCGGCTGGCGCCGCGGCTACAGGCTGGGAAGCCTGTGCTCCAGCGCGGCGCCACCAGCGTGCCATCCGTTAACGAAACGGGGTAGCCATGCACCGCTCCCCCCAGGAAGTCCCGGATGAACCTTAAACGAAGAGGGGGGAGCCATTGCCGGCTCCCCCCTCTTTGTCGTCTCGGTATTAAATACAGGAGGGCTCTCCACCGCATCCGCTTACCAGGTCTCGTCCGGCTCCCCCCACAGGTTGTGGGCGATGTCGTCCAGAAGCTCGCTGATCCCCTCGCCGGTCGCGGCGGAGATCGGGAAAACCTTTATCCCCCGCTCCTCGAAATACGGGAGGACCTCCTTCAGGTTCTCGCGCACGTTGGGCAGGTCGATCTTGTTGATGACCACCGTCTGCCTCTTCTCGGCAAGTTCCGGATTGAAAAGGGCGAGTTCGCGGTTGATCGCCTCGTACTCCTTGATCGGGTCGCGCTCCGGCATGAAGGAGAGGTCGAGGAGATGCAGGAGCTGCCCTGTGCGCTCCAGGTGCTTCAGGAAGCGGTGCCCGAGCCCGGCCCCCTCGCTGGCGCCCTCGATGAGTCCCGGGATGTCCGCCATGACGAAGGAACGGTAGTTCTTGTACTTCACCACCCCGAGGTTCGGCTTCAGCGTGGTGAAGTGATACTCGGCGATCTTCGGGCGCGCGGCGGAGATCTTCGTGATGAGGGACGATTTACCGACGCTCGGCATGCCGAGAAGGCCGACGTCCGCCATCAGCTTCAGCTCCATCCTGATCCAGCGCTCCTCCCCCGGCTCGCCGGGCTGGGCGAACTTCGGCGCCTTGTGGGTGGCGGTGGCGAAGCGGGCGTTACCCTGTCCTCCCCTCCCCCCCTTCAGCAGCACGATGGTGGAGTCAAGGTCGGTGAGGTCGGCAAGCTCCTCGCCGGTCTCCGCATCCTTTATCACGGTCCCCTGCGGCACCAGTATGACCAGAGGCTCCCCCGCGGCTCCGTGCCGGTTCTTGCCGCTGCCGTTCCTGCCGCGCTCCGCCTTCTGGTGCGGGTGATGCCGCAGGTCCATGAGGGTGGAGAGCTGCGCTCCGACCTTCACGACCACGTCCCCCCCCTTGCCGCCGTCGCCGCCGTCCGGCCCGCCGAGCGGGATGAACTTCTCCCGCCGGAAGGAGACGCACCCGGCGCCGCCGTCACCCGACTTGACGTATATCTTCACCTCGTCGATAAAGCTCATGATCTTCCTCTTTCAAAGGATCTCCGGCAGCAAATATACCCTCTCCCCGTGAGGCGGAGGGTGGTTTGGGAGATCCTCAAACGTGAAAAGCCCGGAAACTCGAGGCTCCGGGCTTTTGCACTCTTTTATGTCGGCTGCCGTTAGTTGGCCGGGTAGACCGAGACCTTCTTGCGGTCCTTACCCATACGCTCGAACTTCACCACGCCTTCGATGAGGGCGAAGAGGGTGTAGTCCTTGCCGAGACCCACGTTGTTCCCCGGGTGGATCTTGGTGCCGTGCTGGCGGTACAGGATGTTCCCAGCCTTTACGGTCTCACCGCCGAACTTCTTGCAACCAAGCCTTTGGCCGTCAGAATCGCGGCCGTTCCTGGAACTGCCGACCCCTTTTTTGTGTGCCATTTCATGACTCCTTGCGACCGCCGACCGGTGCTACCTGATGCCGACGCGTCTCGTAAAATATTTCCTAGGCGTTGATCTTCTCGATCCTCAGGATGGTTCTGAGTTGGCGGTGCCCGTTAAGTTTCCGGTGGTTTTTCCGGCGCTTGGACTTGAAGACGAGAATCTTCTTGTCTTT
CP087999.1_gap46	1779468	1781874	2406	AGGCGATCCTCGACATCCAGAGCATCGGGATGGCGCCGCGCATGCTGGAGCAGTTCATCAGCGACGCGCTCGACACCCCCTCCGGCGTCATGATCATCACCGGCCCGACCGGGAGCGGGAAGACCTCCACCCTGTACAGCTGCGTCAATCACCTCAACAACATAAATACGAGCATCGTGACGGCGGAGGACCCGGTCGAGTTCGTGATCGAGGGGGTGGCGCAGTGCTCCATCAACACGAAGATCGGGGTCAGTTTCGAGGAGACGCTGCGCCACATCGTGCGCCAGGATCCGGACATCATCGTGCTCGGCGAGATCCGGGACAACTTCTCCGCCGAGACCGCGATCCAGGCTGCCCTCACCGGGCACAAGGTCCTTACCACCTTCCACACCGAGGACAGCATCGGCGGCCTGCTGCGCCTCATGAACATGCAGATCGAGTCGTTCCTGATCTCCTCCACCATCGTGTGCGTGGTGGCCCAGCGACTCCTGCGACTGGTCTGTAACTCCTGCGCCGAGGCGTACATTCCCACCCCCACCGAGTACAATAGACTCGGGTACGCCACGAAGGACCTCGCGGGGGCGACCTTCCGGATCGGGCGCGGCTGCAAGGACTGCCGTTTCACCGGTTTCCACGGGAGGCTCGGCGCCTTCGAGCTCCTGATCCTCAACGAGGCGGTGAAGGAGGCGATCCTTTTAAACCGCTCATCCTCCGAGATCCGCCGCATCAGCATGGAGACCTCCGGCATGGTCTCCCTCTTTGAGGACGGACTGGTGAAGGCGGCACGCGGCCTCGTCTCCATACAGGAAGTCCTGCGCGACCTGCCGCGCATCAGCCCCCCCCGACCGCTTCACGAGCTGAAGCGCATCCTCGGCACCTAAGGCGACAGGGAAACCGAAATGTCCAATCGATCGATCGTAGAGGTAATAAAGAGCTACCTGGCAGGTGACACCATCAGCGTGCCGGTCTTCAACGCCGTCGCGGTGCGGCTGCAGAAGGAGCTGGCGTCGCCGGAGTTCAAGATGGACATGGTGCACCAGCTGATCAGCGCCGATCCGGGACTGGCGAGCCAGGTGCTGCGTGTGGCGAACTCCGCGTTTTACTCAGGGCTCACCCAGGTCGCCACCGTGCAGGACGCGGTCGTGCGCCTCGGCTCCCGCGAGGTGGCCAACATAGCGATGCTGACGACGCAGCAGGAGCTGTACCGCTGCAAGACGCCGGCTTTCAAGGGGGTCATGCAGAAGCTGTGGCTGCATTCCTACTGCTGCGCGGTGGGGAGCAAGTGGCTTGCCGGGCGCTCAGGGCTTGAGGAGATCGCCCAGGAGGCCTTTCTGGCGGGGCTGCTGCACGACATCGGGAAGCTTTTCCTCCTGAAGGTGATGGAGGAGATATCGCTGAAGGAAGATCTGGGGAAGGCTCTGACCCCCGCCATCATGCGGGAGGTGCTGAGTTCGCTCCACGTGGAGCAGGGGTATCAGCTCATGCTGAAGTGGCACATGCCGGACATCTACTGCGACGTGGTGCGCTTGCACCAGGCGGACCAGTGGCCGCAGGGAAATCCGCTCCTGGCGGTGGTGAGGCTTGCGAACCTTGCCTGCCGGCGGCTGGGGATCGGCATCGACAGCGACCCGTCCCTCCTCCTCTTTACCGCGGCGGAGTCTCACGTCCTGGGGCTTAAGGACGTCGTCCTCGCGGAGTTGGAGATCCTTCTGGAGGATACCCTGGAGCGGGCTATGCCGAACCCGTCCTGACGGCAGGGAGGGGGGGGCCGCTCTTCTCGTCGAGAAAGGTCTTCAGGAATTCGGCATCGAGAGGCTTCGGAAGAACGGCGACGACGCCGAGCTGCACGCAGCCGTCGATTTCTGTGGGATCCTCCGAGGAGGAGAGAGCGAATACCGGAAGCTTGCTGGTGCGCTGGTCGGCGCGGAGCCTTTTGAGGACGTCGATCCCGTCCAGCTTCGGGAGCCGCAGGTCCAAAAGGACGACCTCGGCGACAGGGTTCTCCCACCCTCGATCCGTCTCCCCGAGGAGAACGTTTATCGCCTCCGCACCGTCCCGTGCCACCGAAATGGTTGTAAAGCCTGCCTTCTTCAGAGCCCTGACAGCCAGCGTCTCACAGTCGCGGTTGTCTTCCACAAGCAAAATCGATGTCTGCAGCATGGCTCCCCCCTCTATCGAATCATGAACCGACGTAAGTACGTCCCCTGTCACCGATGAGCCATCTGAAGCAGTAGCAAGAGCCTCCACAACTCTCTGAAGATTTATATTAATATTTCATGTGTAACTTATCATTTAAATCTAAGAAAATCAACCTGCTTCTGTCAATAATTTTACCACTGCACGTTGTTGTGTCATAGCAGATTCAGGTTATGAGTCCTGAAACTTCTGTGCACTCATAGGGCTTTT
CP087999.1_gap47	1787282	1789863	2581	AGAGGCCCATGAGCTCTTCCACGCGTCGTCCCGCGAAGAGATCATCAATGAGGCCGCCGACCTCTTCGAGCTTATGGAGGCAATCCTCAAGCGGCACGGAATCGGCTGGGAGGACGTGTACTCGAGACGCGCTGCGAAGCGGGAGACAGCAGGAGGCTTTGAAAAGCGGCTCATGCTGCACGCGACCGCACCGACACACGAACAGGCACAGTCGGCGGCCACCACACCCAGCCTGCCACAACTTCTCACCTTCAACTCCCTCATCGGCCTCGTCGATGTCATTAAGCGCGAGCTGGCCGAGGCCGAGGCGCTGCACATAGCATCGGCATTTTACTCGCGCGGGATGCTGAACCTGCTCCTCGACCCCTTCCGGGACTTCCTGGAACGTGGCGGGCGACTGCGCCTATTGACTTCGGTGATGGGCAACTTCAACAACCCGCTCGACCTGCAGCACCTCGCCACGCAACTGCCCAGGATCGACATAAGGATCTTCTATCCTCTTGGCGAAGCGGGCGCCGCAGATTTTAACCAGGAGCCCCCACCCTTCCACATAAAGAGCTTCCTGTTCGAAAAGCCCCACGGAACGCATTCCATCATCGTCGGCTCCTCCAATCTCACCGGGTCCGGACTCGGGGGAAACGGAGGCCGCGGGAATCATGAGTGGAACTACTTTTCCAACAGTGAGACGAATCTTCTCTTCCAGAACAACCTCTCGGCCTTCGATGAGGCACTGAAGGAGTATGAGGACTACTGGCAGCGATCGTCGGTACCGATCGACCAGACGTTCCTTGACGCCTACATGCCGCGCTGGCAGAAGGCTCGGGAACTGCGTAGAACGGTTGCCACAGAGATGCGACAGACCTTCCCTATCCCCCTGGCTCCGCGGCCGGCGCAGGTTACTGCGCTGCAGGCCCTTGCGGAGCGGCGCGGTCGGGGGATCCGTAAGACCACGGTCATCGCCGCCACAGGACTAGGAAAAACGTATCTCGCCGCCTTCGACTTCCAGCAGAGCGGAATGCGAACGGTCCTGTTCATCGCCCACCGGGAAAACATCGTCCTCCAGGCGATGGGGACCTACCGCACGGTAATAGGGACCTCCTTCTTCGGCGAAGTCCTCTCCGGCAACTCCAAGCCGAGCGGCAGAGGCGGGAGCCTCTTCGCCACGGTGCAGACCCTGTCTCAGCCGGACACCCTTGCTCGCTTTACTGCCGATGCATTCGACTACATAGTCGTTGACGAGTTTCACCACGCGGACTGCGATTCTTACCAGCGAGTGTTGGGGAAGTTCCGGCCCAAGTTCCTACTCGGGCTGACCGCGACACCGGAGCGGATGGACGGCCGCGATGTCCTAAAGATCTGCGATTATGACGTCGCCTTCGAGACCCGCCTCTTCGACGCCATCGAAAATCGCTGGCTGGTACCGTTCCACTACTTTGCAATCCACGACAAGACCGACTATTCCGCACTGCACTGGACCAGCCGCGGCTACATCGAGAGCGAACTGGATGCCGTGCTCATCAACGACACCCGCGCCGCGCTCGTGTTCAATACTCTGCGCAAGTTCCTCCCGGCAACCGGAAAGACGAAAGCTCTTGCCTTCTGCTCGTCGAAAAGCCATGCCACGTACATGAGCCGCAAGTTCAACGAATTGGGACACAGTTGCGGCATGACGTCTATGTGCCTCCTCGGTGAGAACTCTATGTCCGAGCGGGAAGATGCGATGCGGAGGCTGCAGGATGAAAGAGATCCCCTCCAGATCATCTGCTCGGTCGACATCTTCGGCGAAGGGGTAGACATCCCGGCCGTCTCCCACATTCTGTTCCTGCGGCCGACGCAGTCCTTCACCGTTTTCCTCCAGCAACTCGGCAGAGGACTGCGGCAGTTTCCAGAAAAGGATTACCTCGTCGCCCTCGACTTCGTCGGGAACTTCCGCCAGTCCTATGTGGCGCCGTTGGCAATGCGGGGCTACACGAGCCTGGAGCAGTACAGGAGCCAGAGGAGGAAGGAGGAGGATTTTGTACCTCCCGCGGCGTGCTACGTGAGCGTCGAGACGGAAGTGCAGCGGATATGGGATGCCGAGATCAGGAAGCTGGTAGATCGCCCGGACCCAATTCAGCGGCTCAAAGACCTTTACCTGCAGTTGCGTTCCAGTCTCGGTCGCTCCCCCGGGATCATGGACTTTTTCGCCAACCCCGCGGCCCACGACCCGTATCTCTTCCTCAAGGCGAAGAAGCCGAACCTGGGGGAGAACTGGCTGCGGGTAAAAGAATCGATGGAGGATCTGACGGAGTACGAAGCGACGCTTCTGGGCACGCCAGCAGAAGAGCTTCTGCAGCACCTGGAAACCGAGCTAAGCCCAGTGCGTTCCTACAAAATGGTCGTGCTGAGATCGCTTCTGGAGTTGGGTGGTCACGAATGGTCCGTGGATGACGTCGCCCCGCTCTTTCTGAGGTACTACCTGGAAAACCGGGAGCGCCTTTCGGACTACGACGATCTCGCCAAACACGAGACGCCTCCCCTCTACCCCCTGTCGAAAGTCGCGGCGCACCTTATGCGGATGCCGCTGGAGAAGTTGGAGAAC
CP087999.1_gap48	1828824	1830380	1556	CCGAGGCGGGTGTCGTCGTCCAAGAGCGTGCCGAGTCGCACACCGAGCGCGCGGGTGATCTTTATGAGGGGGGTGAGCGAGGGCGCTAGCTCCCCTCCTTCCAGTGCGGCGATGACCGTCTCGCTGCAGTCGCACCGTTCGGCCAGCTGTTCACGGGTGACGCCGAGTGCTTCTCGTATGGTGGTGAGTTTCCCTCCGATGCGGCTGACATCTGTCATAGCTGATCTTCCCTCCAGTCTCCAGTGAACGCTGCCTGTGGCCGGTCTGAAGTACAAGTCGCCACGGCGCAGAATGTATAGCAGTACTCCGTTGGCGTCAACGCAAAATGTGGACAGCTGTTAACGTAGTAAGACATATGAACTTACTCTACTGAGCCTTAACTTTTTCGATCCTGTGCGACAGCGCCGGGTGCAAATTTGTGACTGACGCAAAAACTGCAGTCGCCCGAATCGACGACGCCCTGCTATTTCACATGCAAATACAAATGTTTGCGCACACCGAACAGAGTTGGCGATAGATAGAGTTAATGAAACCATAATGTATTGAATTTGCGTCGTTTCTTTGTTACCCTCCGACAATTATTTTCCTGAAGGAGCGGTGATGGTACTGAAAGACATGAACGACATCCGGCAGGAGGCTGACTGCCTCCGGTCGGCGGCAGAAGTGGAAGAAGCACTGACACGCATGGCACAGGAGATCACCGAGGCCATGGATGGAACCGTCCCGGTCGGGTTTTGCATCATGAACGGCGGCCTGTTCATGACCGGCAGGCTGGTGGACAAGCTCCCCTTTGCGCTGGAGCTCGACTACATGCACGCCACCCGGTACGGCGCGGAAACGACCGGCGGCGCCCTCAACTGGAAGGTCCGCCCGGAACGCTCCCTGAAAGGGCGCACCGTCCTTCTCATGGACGACATCCTCGATGAAGGTGTGACGCTCGCGGAAATCATCAAGTACTGCGAGGACGAGGGAGCGGAGAAGGTGTACACCGCCGTCCTCGTGGAGAAGATGCACGACCGCAAGGCTCCCGGGGTCAAGGCCGACTTCGTGGGACTTCAGGTGGAGGACCGCTTCCTTTTCGGCTGCGGCATGGACATCGCAGGATACTGGCGCAACCTCCCGGCCCTCTACGCCATGAAGGAGCAGAAATGACCTCTCGCATCGCCTCTTATTTCCAATTCCAGCGCTACGGAACGAACTTCCGGAGGGAGATCATTGCCGGTCTCACCACCTTCCTCACCATGGCGTACATCATCATCGTCAACCCGGCCATCCTCGAAAACGCCGGCATCCCGCGCGGACCCTCCACCACTGCGACGATCATCGCTGCCGTCTTCGGCACCGTCCTCATGGCCTTTTTCGCCAACCGCCCCTTTGCCATCGCGCCATACATGAGCGAAAACGCCTTCATCGCCTTTGTGGTTGTGAAGGTCATGGGATACTCCTGGCAGACCGCTCTTGCCGCCGTCTTCTTTGCCGGTGTCGTCTTCACGCTCCTTACCCTGTTCAAGGTGCGCAGCTGGCTCGCGGAGGCTATCCCCCTTTCGCTCAAATGC
CP087999.1_gap49	1844126	1849046	4920	TTCGGGGCGCCTTCCGGAGCACCGGGAACCGGGCGTTTTCTAAAGGGCATAACCATGAAGGCGATGGGGCGTAGTTCAGATGCGCTCATACTTACCTCCTTTGACAACAGTGATCTCCGAGGGAATCCCTTGCAGATTAATGCATAACTATGAGCAAGTCAAAATCTCTCATTTACATCTCCTCTCCCCTTGCGGAGGTTCTTCCAAAGATGCGGGGGCCCCCGCGCTGGAACGTAGGCATCTTGCCTGCGATGGCGGTGCAGCCGCCACAGAGCGCGGCTGGCGCCGCGGCTACAGGCTGGGAAGCCTGTGCTCCAGCGCGGCGCCACTAGCGTCCCCTCCCGTAAGGACGGGGGATGACTCTGCTTTATACACATACGGGGTCATTGCCCGGCCTGGAGTTGCGGCGGCGATCCCTTTTCTCCGGCCAAGGGCACGGCAGCACTGGCAAAAGTGGAAATGTAGGATAAAAGTTAACGAGCTATTGCTGGAGGTCCCATGAATCCACATGTCTTTGTCGCCATGCCTTTCGGCAAGAAGGAAGAGATCGACTTCGACGCCGTTTACCACGACTTGATCGAGCCGGCACTGAAGGAGCGCGGATTCGAGGTGTTCCGCGCAGATCAGGAACTGCGCGCCGGCGAGATTCGGGCGGACATGTTCCAGGAGCTTCTCCTTGCCGACCTGGTGGTCGCCGACGTTTCCATCGACAACCCCAATGTGTGGTACGAGCTCGGCGTGAGGCATGCGCTCAGGTCCCGCGGCGTCATCCTCATCCAGTCAAAGCGCGAGTACCAGCCTTTCGACATCTACACCGACAGGAAACTCACCTATCACATAAAGGACGGCGCCCCCGATCCCGCCGCTCTGCAAAAGGACCGCGACGACCTGGCGCGCCACGCGGTGGAGACCTTCAACAGCTGGCACGGCCGCAAGATTAGCCCTGTATACCAGCTCCTCCCCTACCTCGAGGAGCCGGAATGGAAGAAGCTGTATGTAAAGGAGTCGGGGGAGTTCTGGGAGCAACATGAGGCGTGGGGGAGCCGGATCGAGACCGCCCGCCGCAACCGTAGGCCCGCCGACATCATGGTTCTCGCAGAGGAGGCGCCAAACCACGCCCTGATGAGGGAGGCGCGGCTGGCGGCAGGGAAGGCGCTTATCAACCTCGGCCACTTCGAGCTCGGCATCGAGCAGCTCGACAAGGGGATCGCCGCGTCACCGGAAGATGCGGAGATGCTGCGCAGCAAGGCGCTTGCCCTTGGCCGGCTGAAGAAGCACAGCGAGGCGAAGGAAATCCTGCGCTCTCTCCTGCGGGAGGACCCGTCAGACGCGGAGACACTCGCGCATCTCGGGCGGGTCGGTAAGGAGGCGTGGGTGAGCGGGTGGCGGCGGGAGGGGATCGCGCCGGCGCAGATGCTCGTGGAGGCGGCGCTGGAGGACGGCCTCCTGCGGGAGGCGATATGCACCTACTCCGCGGCGTTTCTACACGACCCCTGCCATTACTACTCCGGGATCAACGCCATCACCCTGTCCCATCTCCTCGCCCATGTAAGCGGAACGGAGAAGCCCCCGGAGCAGTGCGCTCTCATGGAGGGGGGGGTGCGCTGGGCCATCCGCAGCGCGCTGTCGCGGGAGACGGTGCAGGAGAAGGATTACTGGGCGAGGGCGAGCCTGGGCGACCTCGAGCTTCTGGCAAGCGACACCTCCGTCGTGGAGAGGGCGTACCGCGATGCGGTCGCAGTCGCCGACGGCAACTGGTTTGACATCGACTGCTCGAGGCAGCAGCTCCTTCTTCTGAAGGACCTCAATTTCCGCGCCGTGCAGGTGGAGGCGGCGCTGCGCATCTTCGAGCGCGAGATGGAGAAGCTCGTCGAGCCGTGGCGCCCGCAGAAGGTTTTCCTCTTTTCCGGCCACATGATCGATGCGCCGGGGCGGGCGGAGCCGCGCTTTCCCCCCGAAAAGGAGGAGGTGGCCAGGGGGGCGATCGCCGCAGAACTCGATCGCCTGGGCGCGATGGCGAGCGATCTCGCCATCTGCGGCGGTGCGTGCGGCGGTGACATCCTCTTTGCCGAAGAGGCGCTGAAGCGCGGGCTGAGAGTGAACGTGCGCATCCCTTTTCCAAAGGGGGAGTTCCTGGAGCGATCCGTCGCATTTGCAGGGGAGCAGTGGGTGGATCGCTTTCAGGCGCTGAAGGAGCACAAAAAGAGCAAGCTCCTGGTGCTCCCCGAGGAGCTCGGGCCGACTCCCGTCGGGGCGAACCCGTACGAGAGGAACAATCTCTGGCAACTGTACTACGCCCTCTCCTGGGGTCCGGAAAAGGTCCAGCTCATTGCTCTGTGGGACGGCAAGGCCGGAGACGGGCGCGGCGGAACGAAGCACATGTGCGACAGCGTGAGGAAGCGCTCCGGCGACGTGCACGTCATCGAGACGCGGTCGCTGTGGTAGGCCGGGGGGTGGAGTTGCTGAACTACCCCATATCATACGAGAGAGGAGGTAGTTATGGAGGGTGAACTCAACCACGCGAAGCTGACCGAAAGGATCGAGCGGAAAGGGGCGAAAAAGATTCTGGCACTCGATGGCGGAGGGATCAGGGGGATGATGAGTGTCCAGGTTCTCATCGCCATCGAGGATCTACTGCGAAAGGAGCTCCAGAAGGACGAGAGCTTCCGGCTTGCCGACTACTTCGACTTCGTCTCGGGCACCAGCACCGGAGCGATCATCGCCGCCTGCATCTCCCTCGGCATGAAGGCGCGGGACATCGAGGCCTTCTACATCAACAGCGGGAAGGAGATGTTCGACGAAGCGTTCCTCCTCGACAAGCTCCGTTACAAGTTCGAGGACGAGAAGCTCGCCAGGAAGCTGCGGGAGGTCTTCGACGGTGATGAGGGGGTGACATACCTGGGGAGCGCGAAGCTGAAGACCCTCCTCATGATGGTGATGCGCAACGCCACCACGGACTCCCCCTGGCCGATCTGCAACAATCCGAAGGCGAAGTACAACGACCTGTCGCTCCCGGACTGCAACCTGAAGCTCCCGCTCTGGCAGCTGGTGCGCGCGAGCACCGCCGCGCCGGTCTATTTCCCCCCCGAGGTCCTCACGGTAGGAGAGCACCGCTTCATCTTCGTGGACGGCGGCATCACCCCGTACAACAACCCCGCCTTCCAGACCTTCCTCATGGCCACGACGCAGCCGTACAACCTCAACTGGCAGGCGGGTGTGAAGGATATGCTGGTGGTCTCCATCGGCACCGGGACGAGCCCGGGAGAAAACGAGAAGCTGAAGCCATCGGACATGAACGTCCTGTACAACGCCGGCAGCATCCCCTCCGCCCTCATGTTCGCGGCGTTGAACGAGCAGGACTTCCTCTGTCGTGTCTTCGGTGACTGCGTCTGCGGCGATCCCCTCGATTCTGAAGTCGGCGACATGATGGACATGAGAGGCCCGGGTCCGAAACTCTTTACCTACGCCCGCTACAACGCCGAACTTACCCGCAATGGCCTGGACAAGCTCGGGCTTCCCAACATCAAGCCGAAGGACGTGCAAAAGCTCGACTCCGTCGACCACATCGCCGACCTGCAGCAGGTAGGACAGGCCGTGGCGAAACAAAAGGTGAAGAGGGAGCACTTCGAACGCTTCCTGTAGGCGCAGGGCACCGGGGGGAAGTCGCACTATGGCAGCATCAGAAGCCGCTTCAGCAGGAGGCGGCTTCTGCTTTTTCCGCCATGCGCCGCACTCCTTTGCAAGAAGTTACTTTTTAGTCAGGGTGGGGATGGTATGAGGCATGCAGACAGCGTCCACGTAGGCCGGGATAAGCCGCAGGCGTTCCCGGCAGTCCACCACAGACGCAGCGAGGCGGAGCGATTGCCGGCAACGCTACCGCTTATTCCGCCCCACGAGACATGGCAGTGTACGCCCCCCCCCACCCCCCTGCACACTCGCTAAAGTCTCCTTTCCCTCTTCTCATAATTAGATAAAATTGACCGTTGGGTGCGCGGAGGGCGGTGCTTATTCTTGCGTAAGAGGAGGCGTCATGACTCAACAGAAGAGGTTTCTCAAAGGGAAGCTGTACGAGCTTAGCCTCTCCGAGCTGCGCGTCGACAAAAACCAGCCGCGGAAGTACATCGACGAAGAGGCGCTCCAGGAGCTGAAGACGTCGATAGAAAAGCATGGAGTCCTGCAACCGGTTCTTGTGCGTCGCGCCGCGGAAGGAGGTTTTGTGCTCGTCTCGGGGGAGAGGCGGTTCCAGGCTGCGCTGAAGGCGGGGCTCACCACCATTCCCGCCATCATCACCGACGGTGACCCGGCTGAAGTGGCGATAGTCGAGAATCTGCTGCGCGAGGATCTAACCGCTGTTGAGGAGGCTGAAGCAATTGCAAAACTGAAGGAGGCGCACAATTACAGATTGAGCGACCTCTCCAGGGCCCTCGGGAAAGCGGAATCGACCATCAGCGAGATTCTTTCACTGGTGAAGCTTCCGGAAGAAATCAGGGACGACTGTCGCAGCAACCCGAAGGCTTCCCGAAAGATCCTGCTGGAGATATCAAAACAGGCGACCCACTCGAAGATGAAAGCACTCTACAAGAGGTTCAAGGTACGCGGCGCCTCCGACGGGCACTTCAAAGCGAGGTCGCGCACAAGGAGCGTGCAAGGGGTCGATGTAAATTTCGTCCGGAGGTTTACCCAGAGAATCGATCTACTGCACCTTGGAAATCTGGACAAGGAGCAGAGTGAAAGCCTGATGGCCGACCTGGAGGTGCTAAGGTCCGCCCTCAGCAAGAAGATAAGAACACTGAAGATGCAGCCGCAAAACAAGTGATTGCCAGAGGGGGATGCGCTGCAGCGGCAAAAGGTTCGGAGGGGCGAAGGCGGCGCCTCTACCGAAGGATCAGTCGACCTTTCCTTTCGCTTCTCCATCATGAG
CP087999.1_gap50	1890911	1891495	584	GCTCTCCAGGGCGTACCACACCCTCATCGAGCGCCCCGACGGCTTCATCAAGGGGGCGGTGCGCATGACCAGGGGGGGGAAGTAATGAAAAAGAAAGGGGCTCGTCCCCGGCTGGGTTTCCTGGGGACCGGGTGGATCGGCCGGCACCGCCTGGAAGCGATAGCGGCTTCAGGTGAGGCGGAAATCGCCGCCATCGCGGACATCTCCCGTGAAAACGCCGAAGCGGGAAAGATCGCCCCGGATGCAAAGATCGTCTCCACCCTCGAAGAGCTTTTGCCACTGAACCTCGACGGCGTCGTCATAGCCACACCGAGCGCCTTCCATTGTACCCAGGCCATCCAGGCCCTCACCGCCGGCCTTTCCGTCTTCTGCCAGAAGCCGCTCGGGCGGAGCGCGCAGGAGACGGAGATGGTGGTGAGCGCCGCCCGCAGCGCCAATCGCCTCCTCGGGGTCGATTTCTCCTACCGCTTCACCGAAGGGATCCAGAAGATGTACGAGCTGACGAGGGGGGGGGCACTCGGGAAGATGTACGCTGCGGATCTCGTTTTTCACAACGCGTACGGGCCGGACAAGCCGTGGTTCTA
CP087999.1_gap51	1892519	1894462	1943	GCGATGCTCGCGGCGGTGGAGCGACTGTACCTCCCGCTGCAAAACACGAGGGTCATCCACAACGCGCGCAGCGGAGGGCACTTCGTTCCGGGGGCGAAGAGGGAGCTTATCCTCTCGGTGGGGCGCCTCTGGGACGACGCGAAGAACATCTCGCTGGTGGAACGGTGCGCCGGCGCACTCCCCTGGCCGGTGTACGTGGCCGGGGAGGAAACGCACCCCGAGGGGGGGCAGGTGGCGATGGAAAAGGTGCGCACCCTCGGATACCTCCCCCAGCAGCGTCTCGCCCCGTGGTACCGGTGGGCCTCCATTTACGCCCTCCCGGCGCGTTACGAGCCGTTCGGCCTCACGATCCTGGAGGCGGCTATGTGCGGCTGCGCGCTGGTGATCGGGGACATTCCGACGTTGCGGGAGCTCTGGGAGGGTGCGGCGGTCTTCATCGACCCGGAGGACGGGGAGGCACTGACCTTTCACCTGCGGGCCCTCTGCGCTGATGCGGCAGCGAGGGGGGAACTGGCGGAGCGGGCGCTGGCGCGGAGCAGGGATTTCACTCCGGAGAAGATGGGCGCGCAGTACGTGGCAGCATACGGGTCACTCCTGCAGGGACGGAGGACAGCGGCAAGCAGGTGACGCCTGTTCATAACTCAAGCGGCGGTAGCAGCAGCACCCGTTACAGAAAAGGACCCCCGATGCACATCGTCATGTTCTACCACTCCATCGTCTCCGACTGGAATCACGGCAATGCCCACTTCCTGCGCGGGATCGTCACGGAACTGATGGCCAGGGGTCACCGGGTCGATGTCTATGAGCCTGAAAACGGCTGGAGCTTCAGCAACCTGATCCGTGAAAAGGGGGAAGTCGCGCTGGCGCAGTTTCGCAAGGCGTACCCGTCGCTGGAAGGGAAGCCGTACCGGCTCGAGAAGCTCCAGCTCGACCGGGCGCTCGCCGGGGCAGATCTCGTCATCGTCCACGAATGGAACGAGCACGAGCTGGTGCACAGGATCAGCGAACACCGGCGCAAGAACCCTCACTACCGTCTCCTGTTCCACGACACCCATCACCGCTCCGTCACCGACTACCGCTCCATGAGCGCCTACGACCTCTCCGGCTTCGACGGCGTCCTCGCCTACGGCAGGAAGATCCGCGACATCTATCTCGCCAACCGCTGGATCGATCGGGCATGGGTATGGCACGAAGCGGCCGACGTGCGCGTCTTCCACCCCATGCCTGGGGAGGAGAAGGAAGGGGACCTCGTCTGGGTCGGCAACTGGGGGGACGGCGAGCGCACCGAGGAGATCAGGGAATTCTTCGTGGAGCCGGTGCGCAGGCTGCGGCTGAAGGCGACCGCCTACGGCGTGCGCTATCCCGAGAGCGCGATCGAGCTCCTTGCCGAGGCGGGGATCCGCTACGGCGGCTGGCTCCCGAACTTCGAGGTCCCGAAGGTATTCTCAAAATACAGGGTGACCCTCCACATCCCGCGCCGCCCATACGCGAAGGCCCTCCCGGGGATCCCCACGATCCGGCCTTTCGAGGCGCTCGCCTGCGGCATCCCCCTCGTCTCCGCCCCATGGGAGGACAGCGACGGACTATTCCGCCCCGGAAAGGACTTTCTCTTCGCCCGCGACGGCCACGAGACGGAACGGGTACTGAAACAGCTGCTGAGCCAGCCGCAGGAGGCGCGGCAGCTTGCCCGCAACGGGCTGGAGACGATAATGCAGCACCACACCTGCAGCCACAGGATCGATGCCCTCATCTCCATCTGCGGCGAGCTGGGACTCCAAAACGGGGCGCCGGGGGAGAAGGCGCTCAACGAGGGATGACATGACCCGCTCTCTTTCCATCGCCTTTTTCGGATCAAGCCTCGTCTCCTCGTACTGGAACGGAGCCGCAACGTATTACCGCGGGCTCCTGCACGCCCTTGCGCGGCGGGGGCACCGGATCACCTT
CP087999.1_gap52	2065488	2068288	2800	CGGTCGTGTGCTTCTGCGGCGTCGCGATGGAGACGGTGATGGTGCGGTCCATGACGATGGCGCCGTCGAGGGAAAGGATGGCATCCTTCGCCTCGGCTTCAGTGGACATCCTCACGTAGGCGCACCCTTTCGACTGCCCCGTGTGGGGGTCGGTGATAATATGGACCGAGGTAACGGTTCCCGAGACGGAAAAGACCCTCTTCAGGTCCTCTTCGGTGGCGTCGTACGACAGTTTGCCGACGTATAGCTCCTTGGCCATTTGTTCTTGCTCCTTTCTGATGACTGCAATGCAATTTACTCTAGCACACCGGAGGGGCGGCCGTCCCGCGCCTCTCGGTGACACTCACCGTTTGTCGAGGGGGATGACCAGAGTCTGCCCCGGCTTCAGCCGCTCCAGTTCCCTTAGATGGTTCAGCCGCTTTATCTCCGGAAGGAGCGGGGCTCCGGCACTCTCGCCGATTCCGTGGGACGCCAGAATCTTCCAGATCGTGTCCCCCTCCCGCACCAGGTGCGAAATACGTCGATCCGCCGGCGCAGCGGCCGGTACCTCCCGCAGCTTCTCCTGGGCGGACCCTGGTTGCGGGGCCGGTGCGGGAGTCGCTGCCTGCGGCGCCGCCGGAGCTATTCGCTGCGGCGTTACCTGCGCGACGGTGGCTGGAGGGGCGGGATGTTTGACGAGATGGGCGGCGATGGCTCCAGTCCCGATGGCGGCTATGAGGGCGGCGACATACCACACGCCGCGGCTGCTGCGCCCGCTTCCATCCCCTTCATCATGATGCGCGGAGAAAAGCAGGTCCCTTGCGGCTTCAGCGGGCGCCGGAGCCGCAGCATCGCCCTTTTCACGTGCCGACTCTATGGCGCCCAATGTTATGCAGGCCGTGATGGCTCGCTCGAGCGCCGCGTCGTCCTGCGCCGTAACTAGCGTTTCACATCGGATGCGGTCGGCACTGTCGCGGTCGGCAGCCAGCAGCACGACCTTCGTCGTCGGAGGGAGGAGCCTGTTGAGGTACGCCAGCACCTCGTCCCCGCTCACGCCGGAGATCGTGCCCTGCACGAAGGCGTGGGAAGGGGGCGCGGCGGCTATCTCCTCTTCACCTTGCGCGAGCGTGGGCACAATGCGCAGCCGGTTCTCCAGCGCGCTGCTCGCCCGGGTGAAGAGTTCGGATACTCTCTGCTGGTCTGTGATCACCAGGATGTCTGCCATAGACCCGGCCTCCGCTGAATTACAACAGGCCATCTTAGGAGAGGCGAAAGGAATTGGCAACTTGTTTCGAACGGTGCGGCGGGGGAGGGGCGAAAGGATTCGAGGGGAGAGCAGGAGAGGGATGCTTTTGACTACGCGGATCTACGACATCCCCGCCCCGCCCTCCCCTCGAAAGGGGGACTCTTGAAGGCTAGTTCTTGTGGCAGGAAGTGCAGAGGGGATCGCTGACCCGGCGGCTCATCTGCGCCTCGCGATTGCGCGGTACCCCTTTTCCCATCAGCTTCTCGCCGATCTTGTGGCAGTCAAAGCAGTTCTTACCCTTCAATGCCTGGTGCATGCGCACCATCGCGGGATTCTTGCTGTGGCATTCGTTGCACTCAAAGGCTTGCGCCTGCACTGCACCGAGTAGCAGCGTTATCAGGAGGGTAGATGTCTTCACGTTGACTCCTTCGTTCTTTGATCTGCAGTGGCGAGCCCATTGCTGAAGGCACAGTAGCGGCAACAGAAGGGAGTTGCCTTGACCTAAGTCAAAGACAGCCAAAGCGAGGACGCCCTTCGGGGTGAGAAAAGACTTTCCATAGCGTCGGCGGTGTGTTAATTTTTCTGGTCTTTCGCTGGCTGCCTTCCCCGTATCGGCGGCGGTACAACAACCTGGAACCTGAAAATGGCAAAGATAATCTGTGTGGCAAATCAAAAAGGAGGGGTGGGAAAGACCACGACGGCAGTCAATGTCGCCGCCTCTCTCGCCGTGGCCGAACGGCGCGTGCTCCTGGTGGACCTCGATCCGCAGGGGAACGCCGGAAGCGGCGTAGGGGTCGACAAGGGTGCCCTCGAGGAGAGCGTCTACGACTGCCTCATCAACGACGCGGCCCCTTCCTCCATCGTGCTGCAGACGGAGCTCCCCTATCTGCACCTTCTCCCCGCCACCTCCGACCTCGCCGGGGCCGAGCTCGAGCTCGCCGGCATGAGCGGGCGCGAGCGCAGGCTGAAGAAGGTGCTGGCGACTCTCTCCGACTCCTACGACTATATTTTTATAGATTGCCCCCCTTCGCTCTCCCTTCTGACCATCAACGCCATGACTGCGGCGGATTCCGTCCTGATCCCGCTGCAGTGCGAGTTCTACGCGATGGAGGGGCTTTCACAGATTCTGAAGACCATTTCGCTGATCCAGCAGGGGCTGAACAGTCCGCTCTACATCGAGGGAATCCTCCTCACCATGTTCGACGCGCGCAACAACCTGTCGCGCCAGGTGAGCGAGGAGATCAGGGCACACTTCAAAAAGGAAACGTTCGCCACGGTGATTCCCCGCAATGTGCGGCTTTCCGAGGCTCCCTCCCACGGCAAGCCGATCGTGCTCTACGACATCACCTCGCGCGGTGCCATGAGCTACATGGAACTGGCCAAGGAGATCATAGTTCGGGAGGCTGCACATGGTGGTTAAAAAGATGGGACTCGGGAAAGGAATGGGAGCGCTCCTGCCGGTGGTGGAGGAGCAGGGGAAAAAGTACTTCTCCTGCCCGATCGAGGACATAAAGCCGAACAAGGACCAGCCGCGCAAGACCTTCGTGAACGAGAAGCTCGAGGAGCTTGCGGCGT
CP087999.1_gap53	2112527	2113355	828	GGTCGCTGTCTCCCCGGAAGCTCCGGCGGTACCGACTCCGGCGGCGACCTCGAAAGCCGCCCCAGTTGTGGAACCTTCTGCGTTTTCAAAGGGAGAGCCGCGAATGGCAGCGGTCGCCGCAGCAGCGCCGCATACGCTGCGCGCAGCGCCGAAGCAGGTGGAAACGGTCAGCGCGTCCCCGGCAGCACCTGATGGTGAGGCGGCAGCGGTGACTCACCCCGCCCCTCCCGAAGCGGCACCCGCAAGTCAAATTGCCGACGCTGCGTCAACGCAGGCGCCCCTTCCAGCTGCTCCGGTTCTTTCCGCTCCCGCTGCGGTGTCAGAGACGGGGCTGGCCTCGGCCACAGCAGTACAGGCTCCCGCGAAGGCAGAACCCGTTCTTCCTCCCGCAGCTCCCAGCTTCCGCAAGGCCGCTGAAGTGGCTCCTGCAGCTGCTTCCTTCCTGCGAAGCTTCGCCACCGCCGAACCGGCGACGGCAGCTGCGGCACAGGATCCGGCGCCTCTTTCCGTCGTCGCTGCCGCCACAGAGGCTCCTTCTCAAGTGCTCTCTGCTGCCGCAGCACCCGCTGTCGCTGCAGCTGAAATCGTGGTGGCAGCGGCCGAGCCCGCGTCTGCAGCGCCTCTGGCGGCGCAGGGGGTATTCAGGCATCAGGTAGGATTCGCGGCAGGTGGGATGGTGTACAGTGCATCGGCACGTCCCTTGCTAAATCCGCAAGCGCCGGCACAGTCGGAGCCCCTCCCGGGCGCTCCCTCGCAGCCGGCTTCCGAGGGCGCCAAGGGGATGCCCGCGATGGCTGCTCCCGAAACGCCGGAAAGGATACCGGGGCG
CP087999.1_gap54	2116470	2117395	925	TCGGTCTGATCAGGTAACACCCTGAGAGGGAGGGGGCGGCAAGCGTCCCCTCCCTCTTCCGTTAAACGCCCCTCCTGAATACCTGCAATGCCGGGGACTGGGGCAGCACCCACGCTGCCACGTTCCTGCTGTCGAAATGTTGACTCTTTCTGTTGCCGGTCTCTTCTCTGCATTACCCGCAAGTTGCGCCGCCCGGTACTTTCCCGCAGCGCGCGCCGTTACAAGTAGCAAGGTTACAGCAGCTCCCGATACTCGTGTGAAGGATAAGGATTACGGGCTGGCCCTCCTGGAGGAAGCCCGGGGACTCCGACCGAAAGAGGCGTCCCGCAACCTGGTCTGCATAGGAGGTAGCGATGAGCGTAACTTCTGCGATGTACACCGGTGTAAGCGGACTCTTAAGCAACAGCCAGGCGATGAGCGTTATCGGCAACAACATCGCCAACGTCAACACGACCGGCTTCAAAACCGCCAGGACCCTTTTTGCCGATCTCCTGTCGGACAGCATGGGGAACTTCCAGGTCGGCACCGGTTCGAGGGTGCAGACATCGGACGAGGTCTTCACCCAGGGCTCGATGCTCACCAGCGGCAATGTGACGGACCTGTGCATCTCCGGAGAATCGTTCTTCGCCCTGAAGGCGGCGGGGAGCCCATCGCCGGTGACGACGCAGGACGCGGCCTACCTCACCCGCGCCGGCACATTTCATGTGGACGGAAATCTGACGCTGGTAAACCCTGATGGCTACCAGGTGCTCGACACCCAGGGGAACCCGATCGTCTTCACCGACACCTTCGGCGCGACCCTGGACACATTCGGCAGCGACCTCGGCACGACGACCGTCACGGACATCACCGCAGACCTCGCGAAGGTGAAAGCCCTTGCCGACACGGACGCCACGAAGGTCGATGCTGCAGATGCCGCGTGCAC
CP087999.1_gap55	2228796	2231088	2292	GGTGTGGCCGACGACCTCGTCCGCGTACTGCCGCTCGTCGAGCATGGTGCCGGGGAAGGTGGCGATGAAGGAGCGCTGCCAGTCTTCGGGGCATCTCTTGAGGGACGCGGCGTCGTTCCCTTTCAGCCACGCCATGCCGGAGGCGACGGCGCTGGAGTCGATCCCGCCGCTCAGGCAGGTGCCGAGCGGCACGTCGGAGCGCATCCTGATCCGCAGCGCGTCGAAAAAGAGCTCGCGGAATTCCTCCACCTGCTCCCGGTAGGTCGCTGCTACCTGCGGCAGATGCGCGGAAGAGTCCCACCAGCGGCGCATGGTGGCGCTCCCGTCGCCGTTGACGGTGAGGCAGTGGCCCCCCAGAAGGCGCTTCACCCCCGCCATCAGGGTCTCCTCGCGGGTCCCTTCCAGCGCGTAGGAATTGGCGAGGAGATCGGGGACGACGTTGACGTCGAGCTGCGCGGGGAAGCCGGGAAGGGCGCTGAAGGCCTTCATCTCTGAGGCGAAGATGAGGGCGTTGTCGTGCACCGCGTAGTAGAGGGGCTTTACCGAGAAGCGGTCGCGGGCGAGAAAAAGGGTTTTCCTCGCCGATTCCCATACGGCAAAGGCCCACATGCCGTTGAAGCGGGTGAGGCACTCCTCCCCCCAGCGGGCGTAGGCGGCGACGATGACCTCCGTGTCGGTCTCGGTGGCGAAGCGGTATCCCTGCGCCTCCAGCTCGGCGCGGATTTCCAGGAAGTTGTATACCTCGCCGTTGAAGGTGATGAAGAGCTCGCGGCCGTCCGGGGTGCGGTAGCGCATGGGGCAGGCGCCGACCTCGCGCGGGTCGAGGATGGCGAGGCGCCGGTGCCCGAGGGCGAGCTGCGGCTCCAGGTGGATCCCCCGGCCGTCCGGGCCGCGGTGCGCGAGGGCATCGGTGAGGGCGTCGATGTCGCGGCGCTCCACGGTGCCCCGGAAGCTATAGATCCCTGCGATGCCGCACATCAGGCGCCTCCCTGGAGCCGAAGGAGGGTGGAGGCGACGTGGCAGACCTGCTCCTGCGTGAGCTCAGCCGACATCGGCAGCGAGAGGATTCGTCCCGCTGCGGCGCTCGCGGCAGGATACCCCGCCGAGTCGAAGCGGTCGGCATATGCCTGCAGGAGGGGGAGGGGGATGGGGTAGTGGATACCCGTCTCGATCCCCTCCCTGTGCAGCCCTTCCTTCAGCGCTTCCCGGCGCCCGCTCTCTATCACGAAGAGGTGGTAGACGTGGCGCGCCTCAGGCTCTTCCTGGGGGAGGAGGATGTCGGCGCCTGCGAGGAGGGTGCGGTAGGTCTCGGCGTTTGCGCGCCGCAGCTCGGTCCACTTTTCGAGGTGCGTGAGCTTCACGGAGAGGATCGCCGCCTGCATCCCGTCGAGCCGGGAGTTGCGCCCCTCGAAACGGTGGTCGTACTTGGCGATCCTGCCGTGGTTGGCGATCATGCGGCTCGCGGTGGCCAGTTCCTCGTCGTTGGTGACGATGGCGCCGGCGTCGCCGTAGGCGCCGAGGTTCTTCCCGGGGTAGAAGCTGAAGCAGCCGAAGTCGCCGAAGGTGCCGACGCGGCGCCCGCGGTAGAGCGCGCCGTGGGCCTGGGCGCAGTCCTCGATGACGCTCAGGCCGTGCCGCCGGGCAAGCGCCATGACGCCGTCCATATCGCAGGGGCGGCCGTAGAGGTGCACCGGGATGATGGCGAGGGTCTTTTCGGTGACGCGGCGCTCGGCGTCGGCGAGGTCGAGTGTATGTGAACCGGGTAGGGCGTCGCAGAAGACGACGCGGTATCCGGCGCGGGTCACCGCCTCGCTGGTGGCGATAAAGCTGTTGGCCGGCACGATGACCTCGGCGTCGTCGGGAAGCTCGAGGGCTGCCAGCGCGATCTCCAGTGCGTCGGTGCCGTTGCCGACCCCGATGCAGTGGTCGGCCTCGAGGTACCCTGCGAAGGAGTCTTCGAAGGACTTGACGTGCTTGCCGCCGATGTAGGCGGATTCGGCGATGACGGAGCGGATCGCGGCATCTATATCGGCTGCTATGGAGAGGTACTGCCGGTGCAGGTCGAGAAAGGGGACTTTCATGGCGTTATTTCCCTAATGAGGCGGGCCGGGTTTCCCGCGTAGATCCCCGGGGCGTCGATGTCGCGGGTGACTACCGCTCCCGCGCCGATGACGACGTCGTCGGCAATGGATACCGGGAGGACCGTGGCGTTGGTCCCGATGGAGACACGGTTACCGATACGGGTCCCTTTCCAGAGGGTGCGGTCGCCGCGGGCCGGGCCGCCGGTGGCAA
CP087999.1_gap56	2232294	2233879	1585	GGGCGAGCTCGAGGGTGTGGCGGGCGTGGTTGCCGCTCTCGGTCAGGATATTGACGACGTCGAGGCGGTCCCCCATCGTCTGCATCATGACGTGCAGGTCGGTGAACCAGGGGACTCCGTAGCGCTCGCCGTACTCACGCGCCCGGTCGATCTTTATGTCGCACACCGCGGCGAGTTGCGCGCCGGGGAGCTCCCGGGAGAGGATCTCCGCATGTTTTCTGGCGATCCGGCCGCAGCCGAGCAGGGCAAAGTTGAGCTTGGTCATGATTCCTCCACGTCAGCCGTTGCTACGCGCAAACAGCCCTTTCTTGTTTTCGATCTGCCTGATGGCGTTCAGGGTGGACGCCGCCACCGCCGCGGAGCAGCCGTCGTAGGAGGCGAAAAAGATCTTGCGTAGGCTGCCGCGCTTTATCTTCTGCATCTGCCACTCCCTCTCGTCGGAGAGGATCTCACCAATCCGGTCCCGCTCGCCGGGGTCGACGCTGCGCAGGAATCCCCTGATGACGATGTCCTCGGAGTTGCTCCCCCCGATGTTGGGGTCGCTTTCCGCGCCGGGTACGTTCAGGAGGAGCAGGTTCTTGTCCAGGTACAGTGCGGAGAAGATGATCCCGCCGTAGTCGGCAAGGATGTAGTCGGCGGCCTGGTACAGCTCCGTGTTGTCCACCATGTAGTCGATGAGGTGGGTGAGCCCGGCGCCCCGGAGGGACGCCGCGATCCCGCTCCCTTCTTCCAGGTCGAGCGGGTGGGGCTTCAGGACTATGTTGAAGCGGTCCGTAAGCGCGCTCATGGCTGAGAGGTAGATCGGGACGGAGGAGAGCTTCCCCCGCGTGGGGAGCCACACGATCGTCTTCTTCCCGGGGTTGCAGCCGAACTTTCGCTGCAGCGGCTCCCTCTCCGGTTTTTCCTGAAAGTAGGCGTCGTAGCGGGGGTATCCCATCTGGAGCTTCACCCCGCCGGTGAAGTCGAGCCGCTCCGCCTGGTAGGGGCCGAAGCAGAGGATGTAGTCGTACAGCGCGTTCCAGTCGGCGTAGTTCCACTTCGCGTCGCCAAGGCCGTACATGAACCTGATGTTGCACTCGCCGATCCGCTTGATGAGGCTCGTGCCGCCGTTCATGTCCATATAGTGGTTGGAGACGAGGTAACGGTACTTGTAGGCGCCGTGCACCGAGGAGAGGGGGACCGTGTTGATCCCGGAGAGCTTCCCCATGAACTCGGCGTCGCCGAGGAGGTGGTCGAAGAGGACCACGTCGAGCTCGTTGGGGTTCAGCATCCGGAACACGTTGGCGTAGTGGTGGTACATCTCCTTCGTGTGGATGATGAACGCTATCTTGTCCACGCGTACCCGCCCATCTCGTTGAAGACGTCGATGTCGGAGGCGCCGTCGAACTCGAACCAGCCGCCATCGACCGGGACGGCGTGCACCGGCGTGTGCGCCATGACGGTGCGCAGCATGGTGGTCATGTCGAGGCGATCGACCCTCTCCTCATGGAGCTGCTGCAGGGTCTGCACGACCCGGCGCCACCCCTGCGGCGAGAAGTACAGAAGCCCCATGTACTGCCCCTCTATCTCGGCGACGGTGCGCGCC
