gap_id	start	end	length	sequence
CP092821.1_gap1	17108	18561	1453	CCGCTTGAGGGCGCGAAATTAAACGGTTGGATTGCCGGAGAATTCCAATCTTTGGGTTGTTCGGTGTCCGCTTCGGTCGCGGAAGTTGTCGCGCGCCGGGCGGGCGATGATCTTTGGGCCGTGGAAAATGAAATTCAAAAACTGGCCCATTTTACCGCCGGCCGGCCGATAACGGTTGGCGACGCGGAACAAAACATTCCGCTCGCGACCGATTCCAATATCTTTAAAACCATCGACGCGGCGGCGGCCCGGGACAAAAAACAGGCGCTGAAGCTGATCAAAGAACATATCGACAAAGGGGATCATCCTCTTTATTTGCTGGCAATGGTCGCGTCTCAATTCAAAAACCTTGTTTTGGTAAAGTCCGCCGGCACGGGCGCCGGCGCGGCAAGATTGGGTATCCATCCTTATGTTTTCGGCAAAACCGTTGCGCTCGCGCGGCGTTTCGGTTTGGATGAATTGAAAGATATTTATCGCAAAATTTGTCAGGCCGATTTTGACATAAAAACCGGCAAGATCAGTCCCGAAGCGGGTCTTGATTTGCTGATCGCGGACATTTGAATTTGGGCGCTTGCGTGGCAACCTCCAGTTTCGATTATAATAGAAATGAGATATAAATTGCCCAAGAATAATCGAAATTGCTTTAAAAAAACAAAGAGCGCCAAAGAATTGGCGATAAGCGAGCATGGAATGGCGAAATTGGAAAAAAGGGTATTGGCCCGGCTTGCCGCCTGATTATCGGTTTTTGCGAACATAAAACCCCTCCATTTTTGAAGGGGTTTTGGGCTTATTATAATTTACGCGCTTGTTTTCGCCAGCAGTTTGGCGATGCGGGATTTTTTTCTGGCCGCGGTGTTGGGTTTGATCGTGCCGGTTTTGGCGGCCTTGTCGAGAGCCTTAAAAATTGCCGGCAGATTTTTTTTGGCGTCTTCGATTTTTTTCGCGCCTGCCAAAACCCGCGTTTCTTTCAGTATGGTTTTTATTTTCTGTTTGCGAGCTTTGTTGGCGATCCGGCGTTTGGCGTTTTGCCGCAAAGCTTTTTTGGCGGATTTGATGATTGGCATAGGATTAAATCAAAATTAAAAAATGTCGTTGATTTTTAATGGCATCGGCGACAAATGAAATCATACCATAATTCCTGTTTTTTGCAAGCAGGCATGAGTATGACAACCCCTCACCGGGGAGCAAATTTGTTGAGGTTTGACCTCAAGAATTTGTATTTTGAGGTCAATCCTCAACGAATTTGCGGTAAGGGTTGGCGCGAATTTAAAGGTCAAACCTCTCGCAAGCCGAGGATTGACCTCCAAATTCGCTATTTTTACTTCCCGGTGAGTGGTTACTGAGTATGGCAACCCCTTACTGGGGTAGCGCTTTTTGCATTTGGGGTCGTTCCCCTGCGAAGCTTTAGCGAAGCAGGGGTGCGACCCCTGCAACAGCATTCGAATTTAAATTC
CP092821.1_gap2	29101	32704	3603	GGGGATAGCAGTGGCGCGGTCGCGGATTTGATGCGGCTGGAGAATTTGGGTACTGCCGCGGCCAATTCGGGCGTGGGGTTGCAGTTTATCGCCAATCGCACCACGGGCGGCGCCACGGAATTCGGCCGCATTGACATGCTGGCGACGGGCATTGGCGACACGGACTACTCGGGCGCGCTCCAATTTAAGATCGCGGCCAACGGCGCGCTGGAAACCGTGGCCGAATTCGGCAATCCCAACATTGTTTTGAACCGGCCTTTGCAAGTGAATGTGGCCGGCGACACCGGCATCAGCTATGACTTGCAGTTTATGAGCACCGGCAATTCCCACATCACTTCCAACGGGCCCCTCACGATCGCGGCGGGCAGTATCAACCGCGCGCAGAATTTGGTTTTGACCACCCAGTCCAACGAGCAAACCGGCGATTTTGGCACGGCGGCCACCACCACGGCGACAACCTTGACCGATTCGGACAAGGCGTGGACCGTTGACGAGTGGATCGGCGGCGCGGTCACGATTGTGAGCGGCGCGGGCCGGGGCCAAACGCAAACCATCACCGACAACGATGCCACTTCAATCACCGTGGCGGATTGGGACGCCACCTTGGGCGATCCGGCGGCCAACTCGGTCTATCGCTTGAGCTACGCGCCCGGCGGCGATATTCTGATGAATCTGGCCAACAGCAACAATATCTTCGGGGGCTTCAAGATTTTGGGCAACGACAACGGCGGCTACGCGTTCCGCGTGGCGCCCGACGGCAATGTCTATGTGGGCGGCGAGGGCGCGGCGGGTTCCAATTTATTCGTCAAGCAAAACATCACCAGCTTTGGCGGCATCCTTTCGTTGCGGCAATTGGATATTTCTTCCGCCGGCACTCCCGCGGCCACCACTGCCACCAGCGGCGGTTCCTGCGCGGACAGCACGGCTTATTACTACAAGGTAACCGCGGTCAACGACAACGGCGAAACCACGGGCACGGCGCAATTCACCGTGACCACCGGCGCGTCGGGCAGTAATATCAATCTCAATACCATCGCTTGGTCCACGGTTACCGGCGCCACGGGCTACAAGATTTACCGCTCCACGGAAAACAACGACTGGGACGGCGACGCCAACGACCAATGGGTGGACGGCAAAGTGGTGGCCGCGCCCGCGGTTACCTACGACGATAATTGCGCCGGCGACACCGCCTCGCTCACGCCGCCGGTTGAAAACACCACCGGCGGCAAACTGGCGATCAACACGACCGGTTCCACGCGGCGGTTTGAGGTTTTGGAAAACACGAGCGCGATTCCGCAAATGAAAATTGTTTCCGACGGTTCCAACTACGCGGAATTCTATGTTGACGCCACCGGCGACTTGAATTTGAAGCTCACCGGATCGGGCGGCGACGATTTGACTTTGCTCAACGAGAATATGAGAGTTTGCGCCGGGGGCGATCTCGGTTCGGTTTCCTGCCCCTCGACCGGATTTTCAATTTCCGGCACGGGCAATTTGATCGTGGAAAATAAAGTTGTCGCCGACAAGTTCGAGCAAATCTGCCCCGCCGGTTATGTTTGGGCGCCGGGGAGCGCGAAATACGGCACTCTGCCCGGATTTTGCGTGATGAAATACGAAGCCAAGAATGTGGGCAGTGTGCCCACCAGCCAGGCCGCGGACGCGCCGTGGGCGACCGTGTCGCAGGAAGCCGCGCGCGCCTATTGCCAAGCGCTGGGCGAGGGCTATCATCTGGTTTCCGAGCCCGAGTGGATGACTATCGCCGAAAACATCGCCGCCACGCCCATCAACGACATTGACGCCGGCGCCGGTTTGCAGTTGGCCACCGGCCACACCGACAACGATCCGACCAACGCGCTGGCGGCGGGAACCGACCCGGCGGTTTCGGCTTGCAATCTGCGCCTGCCGCTTTCCGACGCCGCCAACGCGTTCGCGGCCAACTGCCAGCTCCGCGACAGCGGCGCGGTCTATGGCTATTCCGGCACCGGCAACCAGTGGGCCGACACCGGCTATTCCGCCGGCGGAAACAACAAATCCCAACTGCGCGTCCACGCCCTGTCCAACGGCAACACCGTTTGGGACATCGCCGGCAATGTGTGGGAATGGACGGACGCGATCATCTCGCAGGTTGACCAGCCCGGCATTGGCAATGACGGCGGTGCGACTGTTGCCAACTGGGGCGAGTGGAATGTTGCCTATTACCTCACCGGCGCGGCGGCCAATTCCCGCCCGCCCGATGACGGCTGGACCGGCGCCAACGGCATCGGCCGTTTGTACACCTATGGCCGCGACGAAACCGCCACCACCACTTACCGGGCCTTCCTTCGCGGCGGCGATTGGGGCAGCACTTCCTACGCCGGCGTCTTCGCTCTGTACTTGTACGATTCGCCTGCGGGCACGTACAGCCACTTTGGTTTCCGTTGTGCCCGGTAGTTTGTAGCAATCCGGTATTTGGCGGCGTCCCGCCTTTGGCGGGGCGCACCCGTGTGTGAATTTTTCAGAGGGTCTAACCCTCTGATCAGAGGGTTAGACCCTCTGAAAACCATCTGAAAACCCTTACAAAAAATGGAAAAAATCAATGATCAATAGTCTGGCAATCCTTGAAAAAACATACGAGTTGACATTGTGGCTGTATCCGACCGTGAACAAATTTCCCAAATCGCAGCGGTTTGTGCTGGGCCAGCGCATTGAAAATGCGGCGCTGGAATTTTTAGAAAAAATAATTATGGCCAATCAAAGCCGGGCAAAAACCGTTTATCTGAAAAAAGCCAGCGTCCAATTGGATGTGTTGCGGATTTTAATCAGGCTTTCCAAAGATATGCACTTTATCAGCATACGGCAATATGAGTTTGCGGCGCAAAAAATAAATGAAATCGGCAAAATGCTGGGCGGCTGGATAAAATTTTGCGGAACCGGGCAGGACGGATGATGTTATCAAATTTTATCGTTGGTAAAATCATCCGTCCCGCTTGACGCATAATCGCCGAACGGCGCGATAATTTGACGAGCGGGCGAGGGGCGGTGCCGCGAATAACGGCGATGTTGGCCTTCCAACGCGGCGGCAATTGGAACAACACTTCCAACGCCGGCGTCTTCGCTCTGAACTTGAACAATTCGCCTGCGAACACGAACAGCAACATTGGTTTCCGTTGTGCCCGGTAATTTTCCGCAAGGCCAGAGCGAAACCCCGCCGGGCGGGGCAAGCCCGTGCCAAAAAACTACTGGCACAGCTCCTTTCTTGATTGGAAAATCTTGCGTTTGGCAGAAGCGTTGTTTTCCAAAAAAAGGAAAATTCCGGCCCTTACCCCGGAACGGTTCAATTTGGAATTGTCCCGCTCCGGGCCGGTGGGCCTTGAATATTTTTCAGAGGGTCTAACCCTCTGATCAGAGGGTTAGACCCTCTGAAAACCCCTTCCAACAAAATGTTTGAGAAAATCTGTTCTTTTGAAAATTTACATTTGGCATATTTGAAAGCGCGCAAATGCAAGCGCTACAAAAAGGAGATTTTAAAATTTGGATTTGATGCCGAAGCAAATTTGTTGAAATTAAAAGAACGGCTGGAAACTCAAACATATAAGCACGGCGGCTATCGCGAGTTTGTCGTCA
CP092821.1_gap3	39816	44711	4895	TCGATAGTTGCGGAGGCAAGCGATGATTATAATGATAATAAATGGCATCATGCGCTTGCTATCAGAAATAGTGATAGTATTTACTTGTATGTCGACGGAAAGTTAGTTGGCAGTAATACTGGGGTAAGTAGTTTTAATGTTGATAATATATATAATTTTTCTATTGGAAATAGATATTGCGCGCCACGGTATCCTTTTTTTGGTCAGATTGATAATGTGAAGATTTATAATCGGGCGTTGAGCGAGGAGGAGGTGCGGTATCACTATAACCATGGGGGGCCGGTGGCGCATTGGGATATGGATGAGGGGTCGGGATCAACAATCAACGACAAATCGGGCAATGGCAACGATGGCACGCTGGTCAACGGACCGACTTGGACGCAGGGCAAATACGGTTCGGCCTTGAGCTTTGACGGAGTGGATGATTATGTTTCAATTCCGAATAACAGTGATTTGGATATTACTGCCGATGAAAATTTTTCTTACGGTTTATGGCTAAAGACTACTTCTACCGGCTGTTCTGCCTGCCATTTTCTTATAAAATATAATCCAGATGGTTATTCGTTGCACTTTACCGGTGATTATGTAAAAGCTCTTGTTAACGATTCCGACGAACAAATACTTTCTCCAGGTTATCGGATAAACGATGGCAATTGGCATTATGTTGAAGTTGTATTTGATAGAAGTACGGACTATATGACTCTTTATGTTGATGGCGCGGCAAGAAGCCAGACCAATGTTGAAACAATTGGCAGCTTGTCAAATTCGCAGGCGCTGTCATTGATGCGTTTTAACGCTTTTTATATTAACGGCCAGATTGACGATCTAAAATTTTATGACTATGCAAGGACGGAGGAGGAGATACGGTTGGATTATAATGCCGGGATGGCGGCGCATTTGGGGCCGAGCGGGAAAACCTGTTCCGAAGACCCGGCAAGCTGTATGGACTATGGCTTGGTGGGCAACTGGGATATGGATGAAGGCGGCGGATCAGTGTTGAATGATAATTCGGGGAACAACAACCACGGGACGCTCGCCAACGGCCCGAAATGGACGCAGGGGAAAAATGGCGGCGCGTTGCAATTTGATGGCAAGGATGATTATGTGAATTGCGGGAATGGGGCAACACTGCAACCAACCAGTATGGCAACACTTGAGTATTGGATGTATCCAAAGCAATTCTCCGATGGGATGTATGAGAGAAGCGTAGTTGGATGGTATGCCATGACTGGTAAAGGTATTTATACTAATTTTTGGAATTCAAGATTATATGCACAGTTTTGGGATGGGAGTGTTTGGCAAACTGTGAGTTTTACTGTACCTTTGCTTAATCATTGGTATCATATAGTAGTTACCTACGATGCGAATGGTGGGGCTAATAATTATAGGATTTATTCTAACGGCGTTTTAAAGAATCAATTAACAGTAACGGGTAATATCGTTTATACCGGCGGTTATTTCAATATTGGGAGAGATACACTAATGCCTTTTAATGGTTTGTTGGATGAAATTAAATTATACAATCGGGCGTTGAGCGAGGAAGAAGTGCGGTATCATTACAATCAGGGCGGGCCGGTGGCGCATTGGGATATGGACGAGGGCGAGGGAACGCGCGCGTTTGATTCTTCGGGGAACAACAACCACGGGACGGTTTCGGGCGCGACTTGGGTGGAAGGCAAATACGGCTCGGCCTTGAGCTTTGACGGCGCGGATGATTATGTAGATGCGGGGAATGATAGCAGTTTAAATGCTACTGATGCGATTACGGTTGGAGCATGGGTAAATCCTACGGACGATACGACTCATCGAACAATTTTAGTTAAAGAACATTATGATAATAAATTGGGGTATTTGTTACATCAAAAAACTGGAAAAAACTGGATGTTTCGTTTGTATGACGGTACATCACAATACGAAGTAACCAAAACAAATGCAGTTGATTTAAATGAATGGCAATATATTGTCGGAACTTATGATGGAACAACGATGAAATTATATAAAAATGGCGTGGAAATAGCATCGTCAGGAGTTGGCCCGAGCTTAATTGCGACCACTGGAGAGCCATTGTGGATTGGCGGCAGACCATTGCAAGGTCAATATTTCAATGGTCAGATTGACGATGTGCGCGTCTATAACTACGCAAGGACGGCGGAGCAAATTCAGATGGACTACCAGCAGGGAGTGGCAACGCATTTGAAGTAAGGATTTGATTGAGCGTTGAATAATTTTAAAGGGGTCTAACCCTTCCGATTACGAAAGGGATAGACCCCGGAACCAGCAGGGGGTGGCGACGCATTTGAAGTAAGGATTTGATTGAGCGTCGAATAATTTTAAAGGGGTCTAACCCTTCCGATTACGAAAGGGATAGACCCCGGACCAGCAGGGAGTGGCGACGCATTTGAAGTGATGCTTTGAAGGGGTTGCACCCCGAAAACCCAAATACTTTAAAAGGGGTCGCACCCTTGCGATTACGCAAGGGAACGACCCCCTTGGGAACGGCCCCGAGGGAACGACCATGGAGGAAGTTGCGGTCAGAGGTTTGTGAATTCCTGATTTGAGATTTTGATTTGCCGGACGATCTTTTTTATGATCGGCAATCCGATGTCTCCTCCGTGAGGATTGGGAATAAAAATTTTCTCGCGTTCTCGTTTCATATATTCGTGCCAGCCTCCCGTATGGGGGCCCGAAAAGCCGATTGCTTTCAGCTTTTTAATCAAAATCCGCCGCGGGACGGGGGAAAGATCAGGCATTGGTTTTTGCCGGCTCTCTGAATCCGGGCAAAAAGGTTTTTTCCTGCAAGCTGGTCAAAATGTAATCTTCAATCACTTCGGTTAATTGCTCCCGGGCTTCTTCCACGGAGCCCGCTTGCGCATAGGCGCCGGGCAAATCGTTCGCGCTGGCGCACCAGCTTTTGGTTTCTTGGTCGTATTCATATTCAGCCTTGCGCAGAATATTCTCAATGTATTCGGCGATATACAGTTTCATAGCGCTATTTTTATAATTTGCTTTCATTATAAATTTAAAATGAAATGTGTCAATTCAATCAATGATTTGTAACCCCTCGCCGGTTTTTTGCATTTTAAGGGTCTATCCCTTCTGTAATCGGAAGGGTTAGACCCTTTTATGAAGGGTCCGACCCTTTCAATGGTTATGATCCAAATGCTTTTGAAGGGGTCGCACCTTTCCGAGTATCCCTCGCAAAAGCCTTGGGACAAGCGGAAGTGATGGACCCAAAAATTCCGAATGCTATTAAAGGGGTCGCACCCTTGCGAGTACGCAAGGGAACGACCCCTTGGGAACGACCCCTTCGGGGGTTCTGAACTTGTAATCTTTTTGGAGAGATATTATAGTCAAAGCATGGAAAATATTACCATTGGAAAAAAAGAATTAAAGGAGGCGGTGCGGGAAAGCGTGAAAGAGGTTTTTGAACAAGAATTTGCGAGGCTTCGCGCTTCGTTTTTGCCGTTTGTGTCGCGGGAGGAACAAGATGATATTGAAAAATGTTATGGAAATCCTGCCCGTAAAAGCGTCAAAGATATTGAAGTTGAAATATGAAGTGGCATATCGGCTTTTCCGCGGGTTCCTTGAAGTTCATCAAGAAAAATAATTTGGATGAGGACTTTGCGGTTGAAAAAATACTGCTTGCCTTGCGAAAATTCAAAGGAGAGGACATAAATATTGATATAAAAAGGCTTGGCGGCGAGTGGCAAGGTTTTTACAGAATTCGTTCGGGGCGATTGAGAATTATTGCTGAGTTTTGGTTTGAAAAATGCCGGGCGTATATTGAAAATATTGATTGGCGGGGCAATGTGTATGGCAATTGATTTGCTTTTTTTGAATTGTAAAATCGGCGGATAGGCGCTCGTTAGCCGCTCGCCGGGCCAAAGCAAGCCGCGCGAGATATTTTTGTAAAGGGTCCGACCCTTTCAACCCTTTCAATGGTTATAATCCAAATGCTTTTAAAGGGATAATTTTTTGAATGATATCGGAATATGGCGATTATAAACAAAATCAAGAGAACGGCCCGGGGGTTGCTGCCGGGATTCGCGTTGGGCGGGTATCATTTTTTGCTGGCGCTTGCCGCGGCGGCGCGCTACGGTTTTCCATCGCGCAAATTGAAAGTCATCGGCGTGACCGGCACCAACGGCAAATCGACCACGATTGAGTTTATTTCCGCGATCTTAAAAGAAGCGGGCTATAAGGTCGCGGTTTTGTCATCAATCAAGTTCGAGGTCGGGGAAGACCTGCGGATCAACAAAACCGGCAATACCATGCCGGGACGGTTTGCCGTGCAAAGCATACTGGCGCGGGCGGCCAAAGCCAAATGCGATTACGCGATCTTGGAAGTGACTTCGGAGGGCATCAAACAGCATCGCCACCGCTTTATTGATTTTACCGGCGCGGTATTCACCAATTTAACCCCCGAACACATCGAAAGCCATGGCGGGTTTGATAATTACCGCAAGGCCAAACTTAAACTATTCAAGGCGGCCAAGGGTTTTCACGCGGTCAACTGCGACGACGAAAACGCAAATTATTTTCTCGGGTTTAAAGCAAAACGCAAGTTTGGTTATGGTTTTTGCGGCAGTCAAGGCATCGGCCGCAATGGTGCCGATTACGCGGTGATCTGCGCTCAAGATATTAAAACCGGTTTAAACGGCGCGCGATTTAGCGTTGGGAACGATAAGTTCGAGATAAATCTGGCCGGTGAGTTTAATATCCACAACGCGCTGGCCGCGATCTGTTGCGCGGTTTCCCAGGGAGTGGGGATGGACGCGTGCCAAAGGGCGATTTCCGGAATCAAGATCGTGCCCGGGCGGATGGAAAAAGCCGGCGACTCGCCGCGGGTGTTTGTTGATTTCGCGTTCACTCCAAACGCGCTGGAAAAAGTTTAT
CP092821.1_gap4	68164	72366	4202	GCGACGCCGATCGGCAATTTGGGCGATATAACGGTTCGGGCGGTTGAAGCGCTGAAAAGCGCGGATTTGATATTGTGCGAAGACACGCGCGTGACCAAAGTTTTGCTTGATAATTATGAAATCGCAAAGCCGATGTTGAGTTACCACCAGCATTCGGACGCGGAAAAGACCGGCGAAATTTTAAAATTGCTCAAGGATGGAAAAAACTTGGCGTTGGTCTCCGACGCCGGTACGCCCGGTATCAGCGACCCGGGCAACCGGCTGGTGGAAGCGGCGGTGGAAGAATTCGGCGATAGCGTTAAAATCATTCCCGTTCCGGGCGCGAATGCCGCGATCGCGGCGTTGAGCGTTTCCGGTTTCGCCACGGACAAATTTATGTTTGCCGGTTTCCCGCCGGCGAAAAACAAACGCAAAAAATACTTTGAAGACCTGCTGGCAAACGAATTCACCGCGGTGTTCTACGAATCCAATTTCCGAATTTTAAAAACCCTGTCCGAAATCGACGAATTGAATCCCGACAAAACCCGTCGCATTGTTGTTTGCCGCGAACTGACCAAAACCTTTGAAACCATCTATCGCGGCACGATCGCCGAAGTGATCGCCAAAATCAAAAAAGACCCTTTGAAGGGCGAATTTGTCGCGGTACTTGAAGGGAGGCGTTAATTTTGATAAGGTTTTATTTATTATGGCTTCAAGATATTATATCACCACCACTTTGCCCTATGTGAACGCCAAACCGCACATTGGTTTCGCGCTGGAGATCATTCAGGCGGATGTTTTGGCGCGATGGCATCGCTCGCAAGGAGCAGAGGTGTTTTTCAATACCGGTACCGACGAGCATGGCGCTAAAATTTATCAACGCGCCGCCGAGCTTGGAAAAACCCCGCAGGCGTATTGCGATGATTCCGCGCGGCCGTTTTTGGCGTTAAAAGAAAAACTTGATTTGTCGTTTGATAATTTCATCCGTACCACCGACGCGCATCATATCGCGGCGGCGCGGGAGTTTTGGAAGCGATGCGACAAGAACGGCGATATTTACAAAAAAACCTATCGCGCCAAATATTGCGTGGGTTGCGAATTGGAAATTACCGATTCGCAACTGGTCAACGGCCGGTGTCCGATCCATCCCAATAAAGAAATTGAAATTATTGAAGAAGAAAATTATTTTTTCCGGTTTTCAAAATATGAAAAACCGCTTTTGGATTTTTATGAAAAAAATCCGGATTTTGTTTTGCCGGCGGGCCGTTTTAACGAGATCAAGAATTTTGTCGCCGGTGGATTGCGGGATTTTTCCATTTCGCGCGTCAAAGAAAAAATGCCTTGGGGAATCGCGGTTCCGGGCGATGAAAACCAGGTGATGTATGTGTGGTTTGACGCGCTGGCGAATTATATTTCTTGTTTGGGCTGGCCCGAAAATGAAAAGAAGTTCGCGGATTTTTGGGGGACAAAAGAAAATCGCAATGCCATCCAAGTGGCCGGCAAGGATAATTTGCGCCAGCAAGCCGCGATGTGGCAGGCGATGCTGATGTCAGCCGGGTTGCCTAATTCCAAACAGGTGTTCATCCACGGGTTTATCACCGCCAACGGCCAGAAAATGTCAAAATCATTGGGCAATGTGATCGATCCGGCGGAACTGGTGGATAAATACGGAACCGACGCGACGCGCTACTTTATGTTGCGCGAATTACCGCCCGACGAAGATGGCGATTTTTCCTATGAAAAATTTGAAGAACGCTATAACGCGGATTTGGCCAAAGGCATTGGCAATCTGGCCGCGCGCGTGACGGTAATCGCTCAAAAAATCGGCGCGCCAATGTCTGTGGAAACCGCGCTCAATCCGGAAGTGAAGGCCGAAATTGATATCGCGAAAAACGCGGTTGCCGCCGCGCTGGCGGAATATAAATTCAACGAAGCTTTGGCCGCGGTCTGGAAAGCGATCAATTTTGGCGACAAATACATAGAAAAAACCCAGCCGTGGAAAACCAAAGACACCGCGGCCGTGGGTGATTTGCTGTTCGCGCTTTCGCAAATCGAAAAAATGCTTGCGCCGTTCATCCCACAAACCGCGCAAAAAATCAAAAAACTGCTGGCGGGCGAAGCAACCGGCATTTTATTTCCGCGGTTGGAAGAGTGAGTTTGCGTCTTCAGTTTTCTTTTGGCAGATTGGGAATATAAATTCAATGGCAAAATTAACCGCGAAAGAAAAAGAAAAAATAATGAAACTGCGGTCTCAATTTCCGCGACAGCTCAATATCTCCGTCCACTGTTGCGAGGAGGGGGGTTGCGGCGCGGATAAATGATTCTCCGGGTTGTATAACTGAAGGAAATACTTTTTCAGAATTGATTGAAATGGTAAACGATTGTCTTTATACTTATTTTGGAATACCGTTAAAATATCTTGGGTTTATGCCGACCTATTTGCCGCGGATATAGAAATTTGCTAAAAAATGCAATCACTCACTGGGAAGTAAAATAGCGAATTTGGAGGTCAATCCTCGGCTTGCGAGAGGTTTGACCTCCAAATTCGCGCCAGCCCTTACCGCAAATTCGTTGAGGATTGACCTCAAAATGCAAGTTCTCGAGGTCAAACCTTAACAAATTTGCTCCCCAGTGAGGGGTTACAAAAAAATATCTTGACGCCAAAGAATAAATTTTGTATATATTTAAACATAATCGAGATTATATTCAAATATAACTTTTTCAAGGTGAACAATCCGGCCGCGTTAAACAATCCAAACTTTAACTTTTTCTTTAGCCCCTCTCGGAGTTCGGGAATTTTTCGTTTGCGCGGTTGATTTGAATTGTTGATAACGCTCAAAGCAAATGGCAAATTCTCGGACAACGAGATTTTTTGTTTTTATAAACGCTTGTTGCCTTATAGATCGTTTAAAATTTGGAGAATCGCTATGGAAATTGGAAAATTCCCGAACGCCATCAGGATGATGGCAGGTATAGAAGAAAATGAAACCGCGATAAACCGGCTTGGGGTTTTTGTTTTGTCGAACCCCGATATCTACAAAGAAATAGCTGGTTTATTCCGCGAAAAATGTATCGGCCTTTTCCGTGAAAATTATTGCTGTGCGGAAAAGTGGACTCTTCAAGGGGTAAGTGGGTACGGCAGCTTCATTTCTTTCGGGGTGGGCGAGAGAATAAAGAGGCAAGAGAAGCTTATTGATGAAGAGCTCAATGATTTTCTATGCCAGAAGAGAAAGTCCGGCGAAAAAGATTTGGCTGTTTATTATTGCACAAACGGCAATAAAGAACGCCATATTATTATCACGACAATAACATGCCCGCAGGTTTAATCCGCGGGCATCATTTTTAAAACTATTGGCAGCTTTTTCTGTTGAAGTTTCTGTTGAAGTTTCTGTTGAAATGTCTGTTGAAATCAAATTTCAACAGAAAATTTTTGCCATGTATGGTGATTTGGACAAGATGACCAAGGTTTACCATTCTGATATGGATGATATCTTGCAAATAAGGGAAAAATATCTCTTGGAAGCCGTTGCTTTGCTTGGTAGATCATTTGATTGATTTCAATTTATCGGCTAATCATTGACGCGGGTTTGGTGTTTTGGTATTATTTAAATACAAATTTATGAATTGCCAAACATGGGAAACGAATATTGTGTTGATGGCGGCGGCACTTCTTTCTTTTAAGGAGGGTCTTTTGTTTGGCAGGGAATAACGGAAAATCAACGAACAAATCCAAAACTCTCCGAAAGGAGGGTTTTTTGTTTGTTGCAAAGCGGAACTTTTACAAATAAATATTGCGGAGTGATGCGCGTGGTCGACGGGAAAAAAGATGAACAAAGAGTTTTTTGGACTAAGACATCAAAAAAGGACGAAGATTATTTGGGCGGAAGTTGCAAGGCGAGACATCCTGTTCTTTCGGGCCAGGATTGCGCTTACGGCGATCCCCGAGATAAGCCGCCCGAAAAAACAGGGTGGGGACATTGTCCGTATTCGCGGGAAAACGAAAATAAATAAAAATGGGGCAGTCGCTTGATCGCCCTTTTGTTTTGCTGTCTTGACGGGTTTGCATCGGTTTGATATATATTAAATATAAGAATATGAAAAACCAGAATCGACAACTGAATAGCAATGGATTGTTGTTGGTCAGCCTGGTCCTTATTATTAAGGAGGGCTTTTTATTTGGCGCAAGTTAAAGAAAATAAAATTTGTTCCAAATAAAAAGCCCT
CP092821.1_gap5	79546	82645	3099	AAAGTTTTAACGCGCAACGCGTCCGCGATCGAAGCGCTGGGCGCGGCCAATATTTTGTGCGTTGATAAAACCGGCACATTGACGCTAAACCAAATGCGGTTGCAGCAGTTATCGTCGGGCGTTGCCAACATCGATCTTGCCGAATATGAGAGCGGCGAAAAAGATTTGCCCGACCATTTTAAAAAATTGCTGGAATACGCGATGCTGGCGAGCCAGTCGGACCCTTTTGATCCGCTGGAAAAAGAAATAAAAAGGACGGGAGATTCATTTCTGTTCTCGGTTAATCGTTTGCAAGAATCATGGAAGCTGGTTAAGGAATATCCGTTTGCCGGAAATCTTTTGGCGCTTTCCCATGTTTGGGAGCCGGGTGACGGCGATCGTTATGTGGTGGCGGCCAAGGGCGCGCCTGAATCAATTATCGATCTTTGCCATTTAAGCGCCGCCAAGAAGGCGGCGGTTGAAGAACGGATGAAGCCGCTGCTTGAAAAAGGATTGAGATTGATTGCCGTGGCGGCGGCGAGCGCGGAAAAAACAAAATTGCCGGATTGCGGCCAGCATGATTTTGATTTTGAGTTCGTGGGGTTGCTTGGATTTTGCGATCCGATCCGGCCGTCGGCGGCGCGCGCGATAAAAGAATGTTATGACGCGGGAATCCGCGTGTGTATGATCACCGGAGATTATCCGGGAACGGCGCAGCACGCGGCGCGCGCGGTCGGGCTTAAAAATCCGGATGAATATTTGACCGGCGACGATCTTGGCAGTTTCAGCCATGAACAGTTGCATAAGCGTTTGAAAACAGTGAATATTTTCGCGCGCGTGGCACCCGAACAAAAAATGCTGATCATCAACGCGTTTAAGGAAGGCGGAGTTGTTATCGCGATGACCGGGGACGGCGTGAACGACGCGCCGGCATTGAAATCCGCCAATGTGGGCATTGCCATGGCCGAGCGGGGAACCGATGTGGCGCGCGAAGCCGCGGATTTGGTTTTGTTAAACGATGATTTCGCGTCGATCGTGGCTGCGGTGCGGATGGGCCGGATGGTTTTCGACAACATTAAAAAAGCGATCAGCTATATTTTCGCCGTGCACATTCCAATCGCGGGAATGTCGTTTTTGCCCGTGGCGCTGGGAATGCCGGTGGTTTTTTATCCGGCGCATATCGCGTTTTTGGAATTGGTGATTGATCCGGCGTGTTCGGTGGCGTTTGAAGCCGAACCCGAAGATGAAAATGTAATGAGCCGGCCGCCGCGAAAATTGGACGAGCCGCTGTTCGGCAGAAAAGAGATTTTGAGAAGTTTGATGCAAGGCTTGGGAGTGTTGGCCGCGGTATTTTTGGTTTTTCTTTTCGCCATCTGGTCGGGCCGGAGCGAAGGGCAAACGCGCGCGCTGGCGTTTTTAACCATCGTTATCGCCAATTTGTCATTAATCATTGCCAATCTTTCTTCCGGCAATCCGTTCAAGGTTTTTGCCAATGGCAACAAAGCGTTTCGATTCATATTCCTCGCCACTTTAATCACGCTGACTTTGGTATTGTGCGTTCCGGCGTTGCGAAGCATTTTCCATTTTGATCCGATCGCCGCTTCCGATATTATTCCGGCAATCGCCGCCGGCGTTTTGGGCGCTTTCTGGTTGGCGCCGTTGAAAATATTTTTTAAACGAAAATCTTGATTTTTAGCGTTTAAAATGGTTTAGTAAGGATGAAATGTTTTGTCGGCGCAAAGCCGCGGCAAGACGAGGAGGGTTGGCTGAGTGGCCTATAGCGCTGGTCTTGAAAACCAGTTGGGGGCAACCCCTCGGAGGTTCGAATCCTCCACCCTCCGCCATGACGATGTCAGCCTGTTTGCCTACGACGGATGCCGCGATCCGAATATTTTAGGAAAAATCGCTCTTTGGGCGATTTCTTAGTATAATCAAATTAAATATTTATGGGTAATGTATTAAAAAACAACCCAAAAGCATACTTGCAGATAATAACATTCGCAATCTTGCTTTTTGTTTTTTATAAACTGGGCTTCCCATCGTATTTTATTGTTGGGATGGGGATTTTTATTTTACTGCTCATTTTGTTAAAGGGAAAACTTTTTAATAAGATTGATTCTTTTTTGACCGCCAGATTGCCTTTTCTTTCCAAGCAAAGCCCGCGCGTTAAAAAGCTGATTATCGCGATTGCTTTTGTTATCGCGTATATTTTTTTGAAACAAATCGCCTTTTTTGTTTTGTCGCGGTTCGGGGTTGATGTTCAAAAAATAATAATGGATGGCGTTAATAATAATTGAAAAAGGTAATTGGAAAAATACCATGGCGGATTTTATTAAAACAATTTAGAATACCATCGTAATAAAATATTTATTCACGGCTAGCTTTGATTTTATGAATAAAGAGATTATAACAACAAAAATAGCGATTTTCCGAAAAAAAGAGATACGCAAAATCATTCATAATAACGAGTGGTATTTTTCAGTTTCTGATGTAATCGAGGCATTAACCGATACTGTCGATGTCAGAGATTACATAAAAAAAATGAGAAAGCGTGATGTTAAGTTGGATGATTACTGGGGGACAAATTGTCCCCTGCTTGGAATGATTGCGAAAGATGGCAGAAAAAGGAAAATTACCAGTGCGAATACAGAAGGAATTTTTCGTATTATCCAGTCAATCCCGTCTCCAAAAGCCGAACCATTCAAGCGTTGGCTGGCAAAAGTGGGATATGAAAGAGTGCGGGAAATTGAAGATCCGGAATTGGCAACCAAGAGAACGAGGGCGCTTTATAAACTCAAAGGGTATTCTGAAAGTTGGATAGAAAAACGAATGCGCGGAATTGCCATTCGCGAAGAATTGACGGATGAATGGCAAAAATGCGGCGTAAAAGAGCAAAAAGAATATGAGATTTTGACCGCCGAGATTTCCAAAGCCACTTTCGGCATGACTCCGAGTGAATATAAAAAGCTGAAGGGGCTAAAAAGACAGAATTTACGCGACCACATGAATGATCTGGAATTGATTTTTAATATGCTTGGTGAGCGGGTGACAACAGAAATATCGCAACAAGAAAATCCGGATACTTTTGTAAAAAATAAAAAAGTGGCAAAAAGAGGCGGT
CP092821.1_gap6	86026	87585	1559	CATTGTTCCATATCGCGATATTGGCGATTTGCCGGATTTTTTGGCGCAGGGCGTCCAAAATATCTTCGGTGGCGATTTGACCGGTTTTTATCTCACCGGTTCTTTGTCTTACGGCGATTTTGAACCGGGGCGCAGCGACATTGATTTGGCCGCGGTTTTGGAAAAACCGGCGCAACCCGATCAAATCGACAAAATCAGAAAATTGCATCAGGCGGCCGAACAAAAATTTAATCAATGGGCGGGAAGAATCGAATGTTCTTATGTTCCGCGATCGATGCTGGCCGAGGTTTTGCCGCCGAAAGAGCCGCGGCCATACTTTGGCGCCGGTATTTTTTATCCCGCCGCGCCTTACGGCAACGAATGGCTTATCAACCGGCATTTTCTTTACCAAAACGGGATCGCGCTTTTGGGGCCGGATTTTAGAACGCTGGCGGCGCCGGTGGCAACGGCGGATTTAAGAGAGGCGTGCGTTCGGGATTTGCGCGAAGAGTGGGCGCCCAAAATCAACGACGAGAATTTCTTGAATAACAGCCATTGCCAATCGTATGTTGTTTTGAATTTATGCCGGATTCTTTATGCCGTTGCCAACGGCGAAGCGGTTTCCAAAAAAGCCGCGGCCGAATGGGCAAAATCCGAATATCCGCAATGGAAAGATTTGGTAGAAACCGCCGAAAGCTGGGGTTATGGAATAGAAATGGAACGCCAAAATGAAACAATCGGGTTTATAAAATTTGCCGTCGCCAAAGCGAATCCGTTGAATAGCGGCAGTTCTTGACAATATTGAGTGGTGATATACAATGTAATTATATTGTATATATTATAATCAAAACCAATATGAGCGAGGTAATTAATTTTCGAGTTGATAAAAAAGTGAAAAGCGAAGCGCAAGCGATTGCCAAAAAAATGGGGCTTAATTTGAGCGATGTAATGAATCTTTTATTGCGCCAGATAGTTCGCGATAAAACGATTGAAATTAGACCAAGAGAATTGACTAAAAAAGTGAAATTGGCGGTGCATGTGCCGGTGGCGCACGCCGATGTTGTGCGCCGGGCGCTGGGGGTGGCGGGCGCGGGGAGGATCGGGAATTATGGTTTTTGCTCGTTTTCATGCCGGGGAACGGGGCGGTTTTGGGGAAACGAAAAATCCCATCCGGCCATCGGCAAGGCAGGCAAGCTGGAAACCGCCCAAGAAGAACGGATCGAAGTCACGGTGCCGCGCGCGATTTTGCAAGAAGTGATCGCGAAGATGAAATCCGTCCACCCTTACGAAGAACCCACATTCGATATTTACCCGATTGAAAACTGATTATGAACGGAATTAATCAACCAAATCAAAAAATTGATAAAAAAGGAATGTTTTGCGAATGGGAGCGAATGGTTTTACAGTATTCATTTGTTGGCGGTGGAAAAATTTGCCAAGGAGCTTTTGGGAAAATTGCCCAAGGCGGATAAAGAATTGGTGATGCTGGGGGTTTGGTTGCACGATTTGCAACGGGTGCGTGGAATAAAAGGTGATCATGTGAAAATTGGCGCGACAGAAGCGGGCAAGACCATGGAACA
CP092821.1_gap7	88861	92269	3408	ACTATTTTTTAAACAAGGATTATCCTTTGCTGCGGGAAGTAAAAAAAATGTTTGATGTCGATTTTGGATTGCCGCGCATCATTGAAAAAAAACTTGGGAAATTAAAAGGATTGGATCATGCTTATATTTACGGTTCTTGGGCCAAAAACGCGATGGATAAGGAAAGCGATATTGATCTTTTGCTGGTTGGCTCCCATTCTTCGTTGGAAGCCAAGAGGCGTTTGTTGCCTTTGCAAAAAGAAATTGGACGGGAAATCAGCGTGGTTGATATGGGCCAAAAGGAATTTAAACAAGCGATGGTCGAAGGCGATCCGTTTATTAAAAACATATTTTCGGATAAAATAATTGAATTGGCGACAAAGTAAATGTTTGAGCGTTTTAAATTCACCGCCGTACAGATCGCGAATTACCGCCGGTCGGCCGAACGCGATTTGGCAATCGCCCGCAAATCGGATATCTCCGAGGTTGCTTTCCGGTTTTCTTATGACGCGTTGTTGAAACTGGCCACTGCGATTTGCGCGTACAAATCTTTACGGGTGAAGGCGCGGCAGGGCCATCATATCGAGTTAATCAAGAAATTGGCGGAAATCATCGGCGATTCGGAAATCGAAGTTTTGGGAAACCAAATGCGGGCCAAACGGAATTGGGATTTGTATGGCGGCGGCGCGCTGATCTCAAAAAAAGAGGCCAAAGAATATTCCGATTGGATTGCCTTAATATTCGTCAAAGCCCAAGAATATTTTGATGGCAAAAACCAAAGGTTGGGATTATAAGATACGGTCGTTGTTGAAAGCGGGATTTTTTTGATATACTATTGATTAACTTGAATATCACTCAACCCTAAAATAAAGCTAAATTTAAGGGTTCGGCTATTCAACTTAATTAGAGAGGGTCAATAATAAAAAACATGAGTTTTTTGTTGTTCAAATAAACACAAACAAATAACTAAAAACAAATGGATATTGAACAAGTTAAAATTTGCCAGAGTTGCGGCATGCCGATGGAATCCGCGGAAGATTTCGGTCTCAATGCCGATGGAAGTAAAAACAAGGAGTACTGCCAATTTTGCTGGCAGGACGGTGAGTTTACCGCGAAAGTTGAATTGCCGGAATTTATTGACGCGCAAGTCAAGATCGCGGTGGAAAAAATGGGAATGGATGAATCCGAGGCCCGCGCCGTGGCCGAGACGACTTTGCCCGAGCTTGATCGCTGGCGCGCCATTTAGAATTTTTTTTAAAAAATAAATATATGAAGACAATATTTAAGGTTTTGGTTTTTGTTTTGGCGGTAATGTTGTTGGGGGCGTTGGCGATATTTTTCGCGCCCGGGAAAAACGCGCCGGTGGTTGAAGCGCCCGAACAAACGGGAAACGGCGGCGGCGATGCGGCCGCCGATGAAATTTATTGCAATCAATATGATCCCCAAGATTGCCCGCAAAAATGCGTTATTTGCCCGCCATGCGAGGTTTGCAGTTCAATCCAATGCCGCGCCAAAGCGTCTTGCGCGGCAATGGGTTTTGACGAAAATTGGTACAAGGAAAATGTAGCACCCGTTGAAAAACCGGCGCCGGATGGCGGCGGGCAAGCGCCGAATGCCGGCATGGCCAATCCGGCGTCGGTTTATTGTATCGATCAAGGCGGCAAACTGGAAATTCGCGAAGGCGGCGGCGGGCAATACGGCGTTTGCGTGATGCCCGATGCCACCGAATGCGACGAATGGGAATTTTTCCGCACGCAAAAATGCGGCGGAAGCGCCGGCGGCGATAATGGTTCGGCCGGCCAAACTTGCGGTCGGGAAAATTGCCACGGTTTGGAAATTGTTTGCGGGTCCAATCCGGCCGAAATTTGCACCATGGAATATCGATTGGGCGACAAATGTCTGCGTTATGTGAATTGCGGCATTGTTGACGGCGTTTGCCAAGAAATTAAGAACGCGGCGTTTGACGCGTGCAAAGTCTGCGTCCAAAAATGCGAAACCGATTTTGCCAACGACCCGCAAAAATCTTTTGATTGCGAAAGCAACTGCGAATAGAAAAATATGGAATATATCGACAGAATATATGGAAAAACGGAGATTAACGATCCGGCGGTATTGGAATTGGTCGGCTGCCCGACAATCCAGCGGTTGAAAAAGATCGACCAGGCCGGATACTTCACGCCTTTCTACCCGGGAACCGAACAAAGCCGGTTTGAACATTCGGTGGGGGTTTATTTGTTGTTGAAAAATTACGGTGCGCCAATCGAAGAACAGATTGCCGGACTGATCCACGACGCGTCGCATTCGGCGTTTTCGCATTGCGTGGATTATGTTTTGGCTGCGGGATCGGAATCCGAGCAAAGCCATCAGGATAATGTTTTCGATGAGTTCGTGCGGCGGTCGGAAATTCTGTCGATACTGAAAAAATATTCAATCGATCCGGAATATATTCTTGACCAAACCAATTTCCCGCTTGAAGAAACCGATTTGCCCGATCTTTGCGCGGACCGCATCGATTATTCCTTGCGCACCGCGCGGGTTTTCGGTGAAATCGAAAGCGCGGATTATTTTTTGGAGAATCTGGAAGCGGAAAAGCAAAAATGGGTTTTTAAAGACTTTGAAAGCGCCAAAGGTTTCGCGAAGATGTTTTTTAAAATGAACGCGAGGTATTATTCCGGTCTGTTTTCCGCGGTAATGTTCCGCGCGGTGGGCGATTATCTGCGTTACGCGCTGGAAAAGGGATATATCAACGAGGCCGATTTGTATTCCACGGATGAGGAAGCGCTGGCCAAGATCGCGCGGTTCCACGACAAGGACGGGGAATTGTCAAAATTGTTCGACCGGATGAACAATAAAATCGGATTCAGAAACGATCCCGCCGACTATGATGTCTTAGTCGCTTGCAAGTCGCGCGCGGTCGATCCGCTGTTTCGCGCGGATGGCATAATCAAAAGAGTTTCGGAAGCCGATGGCGAATGGAAAAAGATATTGGAAGCCGAATCCAAGCCCAAAATATATTTCATCAAATTCGACAAATGAAATGTTCTGATTGACATAAACTTTGGCATGGGGTAAATTAAAGTTAATCTTAAGATAAACTTTATGGAAACAAAAAATCAAATAATCGGCCTTAAAGAATTGCGCGAAAATACGGATTTTTATATTAACGCCGTTAAAAATGGCGGGTCTTTCGTCGTGGTCAGGAAGTCAAAGCCAGTTTTCAGAATATCCTCCGCGGATGAAGACGAGGGTTTATGGGAAACGGCGATTGATTTTACCAAAATCAAAAAGGGTGGTGTTCATATTGATGAAATTTTATCTCGCTTATAAATATGGTGGATAAAATTCGGAAAGCTTTGGATAAATTATCGTCCAAAGAAAGAAAAGCCATTGATGGGTTGCTGGTTAAGATGAAGAATGGGCAATTTGACG
CP092821.1_gap8	94263	95395	1132	ATTTTACATTGTAATTTTGATTTTTGATTTTTACATTTTAAATTTATGAATATGTTGGCGCGGGCGATGGCGGTGGGATTGGAGCTGGGATTCGCAATTGCGATTCCTTTGGTGGGGTTTTTGCTTTTCGGATTGTGGCTGGACCGCAGAATTGGCACAACGCCGCTATTTATGATAGTATTCTTGCTGGCGGGGCTGGCGGTGGTTGTTATCGAAGTGAAGCAGTTAATTTTGCCGTTTCTTGAAAAAAGGTCAAAAAAGAATGATAAATTATAAATTATCATTGATAAATTAAATAAAAAAATATGGAATTAGAAGTAATGAGACAGTTGGCCGCGGCGATTGCCATCGGCGTGGGTGCCATTGGGCCCGGTTTGGGCATCGGTTTTATCGGCCGGGGAGCTATGGAAGCTATCGGCCGCAATCCGGAAGCCGCGGGCAAGATCAGTACGAATATGATTTTGGCCATCGCGTTCACGGATGCCATCGCGATTTTCGCGCTGGTGGTGGCGTTGATAATTCGCTTTGTTTAATTGTTTTGGCGGAGTTTTATGCTCCGCGGTTTGCCGGTTAATTGGCGGGCAAACCATAGAGCGTAAGAATAATTTTCAATTTTCAATTTTCAATTTTCAATAAAATTACAATGTTCCAATGTCACAAACAAAATGCGAATCCGGTATTTTGTTTGGATATTGAATTATCGGAACATTCATTGAAAATTGGAGTTTGAAAATTGAAATTTGCAAGGTTATGGAAGGTTTAGGTATTGATCCAAAAATTTTGATCGGAGATATCGCCACATTCGTTGTTTTGGCGGTGATTCTTAAAAAATACGCTTATAAGCCGTTTTTGGCGGTTTTGGAGGCGCGCCGGAAAAAAATTGAAGAAGGCGTGGCCAAATCCGAAGAAGCTGAAAAATCGCTGGCCAAGATCCGCGGTTTGTCCGAGGAAGTGAAGGCCGCCGGGGAGAAAAAAGCCAAAGAAATGATTCTTGCCGCGGAAGCCAAAGCGCAAGAAAAAGCCAAAGCGATTTTGGCGGCCGCCGAAGAAGAAAAAAAGAATGTGATCGCCAATGCCAAGATTGTCATGGAAAAGGAGCGGACGCGGGCCGAAGAGAATCGCCAAAAAGAAG
CP092821.1_gap9	214018	216849	2831	CCTTCAGGTACGGCTTGCAACAATACGGTCTGTTGCCCGTCCGGTTATTGCGGTTGGGGCGATAATGTTTATTTTGTCCGCGAATGCGTTGCCAGCGGCCAAATTCGAGAAAATTCCTGGGCGAGTTTGATTTGCCGTTCCGGGATATGGAAAGTGCGGTTGAATGGCTGGGGTTGCAATAATTCGGCTTGGGGCGGTTGCGATGAGGGATGGTGCCAAACTTTCGGCGATGCCGGTTTTTGCCGAAGTTGCGCTTTTGACTCTGGCTTGGCTCAAGGTTGTGCCAACGGTGAAGCATGTCCTTCGGGAACTTTATGCAATAATACGGTTTGCTGCCCTTCGGGTACTTGCGGTTATGGAGACGGCCTTGTTTTTGGTCGCCAATGCGTGGCTAGCGGCGAAATAAGAGAAAATCTTTGGGGCCGGCAGATATGCCGCAACGGGGTTTGGAAGACCTTGGTGGGCGGCTGGGGTTGTGATCTTTTTGGGGAGTGCGAATCCGGAAGTTGCCAAAAGATTGGCGGTTACCATTATTGCATATCTTCCTTGCCGTTTTCTTCCGCGTACACTTCAACCGCTTACAATACGGGAATGTATTGCCAGGGGACTTGCCGTACTTGCGCGTCAGAGGGCAATGTTTGCGGCAATATGAGCGATAATTGCGGCGGTACGATTTATTGCGGCGATTGTTCTTCCGGCCAAACTTGCGCTTCCGGCCAATGCGTTTCTAGTTGTGTCAATGATTGTTCTTCCAGCGGCGCCAAGCAATGCGGCGGCAACGGTGTCCAAACCTGCGGCAATTACGATGCCGACAGCTGTTTGGAATGGAGTGCGGCGGTTGCCTGTTCTTCGGGACAAATCTGTGCGTCCGGCCAATGCGTTTCTAGTTGTGTCAATGATTGTTCTTCCAGCGGCGCCAAGCAATGCGGCGGCAACGGTGTCCAAACCTGCGGCAATTACGATGCCGACAGCTGTTTGGAATGGAGCGCGGCGGTTGCCTGTTCTTCGGGACAAATCTGTGCGTCCGGCGTTTGCGTTGCCAGTAGCGACGATTGTACCGCCGAGTATTCCAAAAAATGTTATAACGGCAATGTTTATTGGTATGATTCTTGCGGAGTTCGCGGCGATGTTTACCAGAATTGCGGTAATAGCGGGTCGACCTCAAATTATCAATGCGGCGGTAATTGGCTTCAGCAGGAAACCGTTGTTAGAGATTGCGCCGCCGGCGCGTGCACTCAAGATTCATCATGGAATAATGTTCAGGATTGCGCTTTGAGCGGCAAGATATGTAAAAATGGCGTTTGTATTGCCGCCTGTGTCAATGATTGTTCTTCTAGCGGCGCCAAGCAATGCGGCGGCAACGGTGTCCAAACCTGCGGCAATTACGATGCCGACAGCTGTTTGGAATGGAGCGCGGCGGTTGCCTGTTCTTCGGGACAAATCTGTGCGTCCGGCGTTTGCGGCGTTAAAGACGCGCTTGCGCCTGTAATTTCAGGTTTGGCGCCTTCGGGGAAAGCATACAATTCCAGCGTGGTTTTGGTTGCGACCACCAACGAGGCCGCGGATTGCCGTTATAGCTGGTATGATAGAAGTTTTGACCAGATGACTTTACCGTTCAAAACTTCAAACAAGCTTTATCATTCGGCGCCGGTATCTTTGAGTTCTTACGGCAAGTACACTTATTATGTGCGTTGCAAAGACGCTTTCGGCAATGCCAATCAGATACCAAGCAAAATATCGTTTGATTATGTTTCGGCAACCGGTGCCGCCACTATTGCCGCGCCAAATATTCAAGCGTCTTCAACTGTTTCATCCACCGCGGGTCTCGCGGATAAAACTCCGGCGGCGATTTCCGGTCTGGCGCCATCGGGCGCCATCACCAATGCCACGACCGTTATTTCTTGCGTTACCGGCGAAAAAGCGACTTGCAGGTACGATATTGCCGATACGGATTACGATTCGATGGAAAATACGATGGATACCGCCGCCGGCGTTCATCAGAGCAAAACAATAACATTGTCCAGTCCCGGAAATTACAATTACTATGTCCGTTGCAAAGACGCGGCGGGCAACAAGAACGCCGATTCGGTTAAAATCAATTTTGATTACGCGCCAGCTTCAAAAGTTCCGCCGGTAGTTTCCGAATTGCAACCTGCCAGCCCGGTTTATCAGAAAAGCGTAATGCTGACGGCGGTTACCGATAAGGCGGCTCAATGCCGCTGGTCAACCCGGGATCAGGATTTTGACGCGATGCCGGGACAATTTTCGGCAACCGATGGCCAAAACCAGCAAGCGATAGTGGATTTAAACGATTACGGCCGATACGATTATTATGTGCGGTGCAAAGATGACGCGGGCGGCAAGGCCGCGGTTTCTTCGGTGATTAGTTTTGAATATAAAAATCCGGAGCTGGAAGCCGCGGTTTTAAATGAAGTCGCCATTCCCGCTCAACAAGAACCTGTCGCTTGCGGAAAACCGGTTGCCGGCGCCAGCGACGGCGCTTGCAGCGCCGCGGTTGATTGTGTTTGCGATCCGGACTGCTCGGCCGGCGGCGGCGATGATCCTGATTGCGCCGCCGCGGCTGATAATTCAAGCGCCGCCGGCAATTTGTTGATTATCGCTATTCCGGTTGTCCTGATCGTTGTTGTCGTCGCGTTGATCGCGGCGGTGAAAAAAAGACGCGGCGGGGAAGACGGCGGCGAAGAAAACTAAAAAAAGATCCGTGTTTTTCAGGCGTTTGTTTTTGCCATACCCTCTTGCGAATGAGAGTTTGAGGTTTATTCTTTTTATACCCCGTCGGCTTGCCGCGGGGGACAAAAAGAATGAGGATT
CP092821.1_gap10	305243	308488	3245	CAAATTTTTCAAATCGCGGCGCAACCGCGTGACCTCCAACTATCAGGCGGGCAACCGTATTGAGTTTGACAGCGGCGAGTCGCTGGATATGATCCGCGCGTCCACGATTGATCCGGCATTGTGGGGCGGCGAGGCCAATTTCGGCGCTTCGGTGCAGTTTTCCATTGATATCTCGCCGGATCAATTGCCGGCATTTATCAAAAGGATTGAGGCGGCTTTGGCTCGACCCGCGCGGATGGATTTACCCAAGGTGATTGCGATCCGCGATGCCGTTAAGTCAAAAGACTTGGACGCCGAGTTGGTGCGAACTTTGGCCAGCGAGGATCACGGCAGAATAGTTTTGATTGCCAATGAAAACTGCCAGTATTCTTTTTATTTGCAGGGCGCTTATGGCGAGCTTTCCGACAAAGGCGAATTCGACAAAAAGGCGTTGCAAAATTTTTTTAATTCGCAGAATATAAATTTGTTGGAGCAAATCAATGAAATCAAAGTCAGAGTTTATGATCCCGAAGGCCGCGAACGGTCGAAGAATCTAAAAGCCTTGATCGATTTTCATGATGAAGAAGGCCGGGTTTGTCTGATTGACGGCAAGTGGTATCGCTATAACCAATCGTTCGATAATTTTTTGCGGCGCGAAGCGGATTCGATCGCGGTTGAAAAAAACAAGGCGGCGGCGGAAGGGAAAAATTTGGATGAATTTATCGAAGCGCAAATCGCCGCCGGTTTCATCGATTGCCGCAAAGCAATCGCGGCAATCGATGAAAAATATCGGGTGAATAAAATCGATCTTTATAAAGACGGTACATTATATTTCATCGAATTCGGCAATATTGAAGCTCCGAATTACGCGGTTGACCAGGCGATCGCCGCGATCAAATATCTGCAAGCGCGCCGCGGCCAGCTGGTTTTGGACGGTCAGACTCTGGATGTCGAAAGGATTTGTTTGTGGCTGGTTCCCGATGGCGGCCGCGAGATCGAAAAAATTTCGCAAATCGATTCATTAAACTTTCTGATGAAAATTTCCGATTTCAAACGCTCGGTTCTTTCGGCCGGGTTCAGGCCAAGAATTAAAGTTGGCTGACTTTGCTTTTTATTCGTATCGGTATTAAGATTTTTGATATAGCACAACAATATGGAATTCAACGAATATCAAAAAATCGCGCGGACTACCGCGATGTACAGCGGGGCGGGGAATAATTTCGCTTATCCGGCTTTGGGATTGTGCGGCGAAGCCGGCGAGGTGGCCGAGAAAATAAAACGGATCGTGCGCGACGGCCGCAAAGAAGCGACCGCCGAAGAATCGAAAGAAATTTCCAAAGAGCTGGGCGATGTTCTATGGTACATAGCCAATCTGGCCGCGGAATTCGGTTTGGATTTGGATATGATCGCGCGGGAAAATTTGGAAAAGTTAAAATCGCGCAAGGAGCGCGGCGTGTTGCATGGATCGGGAGACAACCGATAGCCAATTTCCAATATCCAATTTTCAAAAACCATGGGCAAAGAGGAAAAAAGGGAAATTAATTTGCGGGGCCGCAAGGTGATTTATTATTTGAAGACCAGCACGCGGACGCGGAGTTTGAGGATTTCAATCAAGCCCGGCGGAATCGTGGCGGCGATAAAACCGAATTTTGTCAGCGACCGGAAGGTCGATGATTTTTTAACGCAAAAATCGGAATGGGTGATTGCCAAGATTGATCTTCTAAAAAATAAGCAGCCGATTCTCGCGGCCGGCACTCGCGCGGATTTTAAACGATTATCGCCCAAAGCCCGGGCGTTGGCCCTGGAAAAGATCGGGCGGTTCAACAAAACCTACCGGGTCAACTTCAACCGCGTTGCCATACGCGACCAGAGTACGCGTTGGGGAAGTTGTTCATGCAAGGGCAATTTGAATTTCAATTACCGCATCGTTTTTTTGCCCGAACATCTGGCCGATTATATCGTGGTGCATGAAATGTGCCACCTGCGCGAACTTAACCACTCGACCCGATTTTGGGATTTGGTGGCGCGCGCGATTCCGGATTATGCCGTTCGCCGCAAAGAATTGAAAAACGGCTATTGCTGAAATTGGGGGCGAATGTGTTATGATAAATATGCGGAACTTACGCAAAAGTTGTTATGTTAATCGATATATCAATTTTGTTGAACGAGACCTACGGTTTATTTTTGCATTGGATTGAACAGCACGGCGGCCGGGTGCTTTTGGTGATCTTGATTGCCGGCGCGGTCAACGGTTTGTTCCGCACGGTTTTGTCGAGAAAAAGATTGATGCCCGTTATTGACAATATCCCCCGTCCTAAGTATAAGAATATAATCGGCGAATATCAGAGAAAAAGGATTGAAACCGTGGTTAAAGCACTCAATAACACATTATCAACGACGATTTGGGCGATTGCGATTATTACTGTATTGCCGGAATTCGGGGTTAATTTGGGGCCGATACTGGCCGGGCTCGGGCTGGCCGGGTTGGCGGTGGGAATGGCGGCCAAAGATATGCTGACTGATTTTATCGCCGGATTTTTCATAATCATTGAGGGCGAGTATAGCATCGGCGACAAAGTTAAAATTGGCGGAGTTACCGGAAAAGTTATGGAAGTTTCGTTGCGCCGCACCATTTTGCAGGGTAGCGGCGGTTCAATCCATATTGTTCCCAATCGGGAGATAAAATTGATTAAGCGTTTCGCGGGGAGGAAAAAGGGCGAGCAAGCAAATAATAATCAATCCGCTGTTTAAAGGCGGGTTTGATAAAAAAATGGAAATAGAATCGTTTCCCCGTTCAGTAAACTGGTTTTTTACCACTGGCAGTCCGGTGCCGGAAATTAATTTTTGGCTTTTTATCGTTATCGTGGCTTGGTCGCTGGCTTGGAAAGGCGCGGCGCTTTGGAAAGCCGCGCGCAATAACCAATTATATTGGTTTACGGCGCTGATGCTCGTGAATACCGTGGGTATTTTGGAAATAATCTATATTTATGTTTTTACCAAAAAACGGCCCGAAATCGGTTCAAGTTCGGTTATTAAATAATGTTTTTCGGAAAATCTCCTGTCTTCGGGCGGGAGATTTTTGTTATAGGCGGCTGACAATTTTCAGATCCAATTTTTTTGTTTGAGTTTCCAATATCGCGAAAGTTGCCTGGTAGAACATTCCGGCCAGAGTGCCCGGATTGGCCAGTTGGCATCCGTTGACGCTTTCAATCCACGGCTTGTGGGTGTGTCCGTAAAAAATAAAATCGAATTTTTGTTTTTGGCAA
CP092821.1_gap11	379800	381851	2051	AGGCATATTCAATTTCTACTTTTGTAGATCCAAGCGGCGAGCGCACAAGACCTTGAGTCTCTAATAGGCATATTCAATTTCTACTTTTGTAGATAAAGAGCGCACAGCGATAAGATGTTGTCTCTAATAGGCATATTCAATTTCTACTTTTGTAGATCTCAAAAAGCGGGGGATGTCGTTCAACTCTAATAGGCATATTCAATTTCTACTTTTGTAGATAACACTAATCCCGTGCTTACCGGAGCGACTCTAATAGGCATATTCAATTTCTACTTTTGTAGATATCTGATAATTTGTTCATTTTGTTTTGACTCTAATAGGCATATTCAATTTCTACTTTTGTAGATAATACGAAGCCGCGATTGCCCCGATACTCTAATAGGCATATTCAATTTCTACTTTTGTAGATTCTATTATTGGAGGGGTGGTTGATAACTCTAATAGGCATATTCAATTTCTACTTTTGTAGATTCGCTGGTTTAGTTAGCCAGAGATTGACTCTAATAGGCATATTCAATTTCTACTTTTGTAGATTGCAATAATCGTTATTAACAATTATTCTCTAATAGGCATATTCAATTTCTACTTTTGTAGATTCTATGTGTGCGAACGGGGTATTGTCTCTAATAGGCATATTCAATTTCTACTTTTGTAGATTAAAAATCTTCTTCTTGTTCCGCTTTCTCTCTAATAGGCATATTCAATTTCTACTTTTGTAGATGAATCCCGCTGTTCTTGATTTCTGTGTCTCTAATAGGCATATTCAATTTCTACTTTTGTAGATTTGGCCAATACAACTGATGAATGGTTTCTCTAATAGGCATATTCAATTTCTACTTTTGTAGATTTTGCCCCGCCGGATACCACCCATTTCCTCTAATAGGCATATTCAATTTCTACTTTTGTAGATTGTACAAACCAAATAAAGAGGAAATAACTCTAATAGGCATATTCAATTTCTACTTTTGTAGATTTCGTGTGTCGCGAATTTCGAATGTTCTCTAATAGGCATATTCAATTTCTACTTTTGTAGATATTGACCCGCACTTTTCTTACGGCGAGCTCTAATAGGCATATTCAATTTCTACTTTTGTAGATTCTCCCAAGAGCAAATAATAATGATAACTCTAATAGGCATATTCAATTTCTACTTTTGTAGATCGAAGCCTTCCGAAAATTCTATTGGACTCTAATAGGCATATTCAATTTCTACTTTTGTAGATTCGCCGATACAATACCACCATATTTTCTCTAATAGGCATATTCAATTTCTACTTTTGTAGATCTTAATTCGCTTACTCTTGCCATTACTCTAATAGGCATATTCAATTTCTACTTTTGTAGATTCAAAACAGAATAAAAAAATAATCAACTCTAATAGGCATATTCAATTTCTACTTTTGTAGATGGCGACAGCATAATGGCCTTCACGCTCTCTAATAGGCATATTCAATTTCTACTTTTGTAGATACTCCGGCAACCCTATGCCCCGAATTCTCTAATAGGCATATTCAATTTCTACTTTTGTAGATGGCGGGGATGGCGGTTATGTGTGCGCTCTAATAGGCATATTCAATTTCTACTTTTGTAGATTTATTCTTTCCGGCGATTGCCACCAACTCTAATAGGCATATTCAATTTCTACTTTTGTAGATAAAAAAGTATTCACTTTGTCCTGGGCTCTAATAGGCATATTCAATTTCTACTTTTGTAGATTTTTTTCGTTTTGAATGGGGACTTCAAATTATTTAAATACTTTGAATTACGAAATTAGCGTTTGGGGAAATTTGACTTCAGCTTTTGGGAAGTCAATTTTCACCAAACGCGGCGGTAACCGCGCGAATTTTGAAATCAAATTTCCGCGATTACGCCGAAAATTGATTTCAAAATTCGCTGTTTCGTAATTCAAAATAAATAAGTATTTAAATAAGTATTTAAATAATAACTTGGTATGAATCGAAAAATTGAAAACAAGAGCATCGGAAAACTTGCCAATAGGGACTAACCGCTCGCGAGTATCTCTCGCAAGAACCTCGGGACAGGCAACGAGG
CP092821.1_gap12	413231	413832	601	ATTTTTAACGATCAAATCTAAATTTGGGATCACCACTATCAGATATAGCAAAAACCCTGCGATTGTGCCTATCAATGTATGTATGAAAATCACCTCGTTTTAAGACTATAATAAAAATTGACTTTGTCAACACTCGAGTTTGTTTTATTTGTTTGGAAATTGAAAATTATTTTAACTCTATGTTTGATGCAATTACTTTCGGGAGCGCGGCGTGGGACGCGTTTATGGATCTGCCGCCAAAATTCGTTAAAAAAAGCGCGCATTTCACTCCGGCAAAGAATTTGGTTTTTGATCTGGGATCAAAAATCGATGTTCCCGCAACGCGGTTTGCCTTTGGCGGGGGCGGCGTGAATACCGCCCGGACATTCGCCGCGCAGGGTCTTGATACCGCCTATTGCGGCATGGTGGGCGACGACATTCCCGGCCGTGAAGCGATTGAGTATCTGAAAGGATTGGGCGTTGACGCTTCAATGGCGGTGAAAACCGATAAAATTTCCACCAACAGTTCCGTGGTGCTGAACGCTCCGGGGATGGATCGCGTGATTTTGGTTTATCGCGGCGCGTCGGAATTGTTGGAAAACAAAAATATCCAATGGGACAA
CP092821.1_gap13	451093	453794	2701	CTTGTTTCCGCAAATTGGATCAAAGAAACGGATCGGATGGGTGATAACGCCGCTACATTCTCCGTAATTTTTTGAATTGGTGCCCCAATTTTTCGAATAACAAGCAAATACTTTGTTTTTTGCGATTCCGCAAGCTGCGGTCTGGGCAATCGTCGGATTGGGCGTGTTTGCCAGGCAAGATAAATTCATATCGGTTGCGGTGGTTGTTTGTTCCGCTAACGCCTCCAATCCGCCTAAGATGGTTGGCCCGGCTACTATTGTTTGGAATTTATATTTGACTGTAACATTGTTGGAAGAACTGAAGACATCGGTGATGAAACATTTCCCGGGGATGTAGGTGTATTCGGTGCATCCTTCCGTGTATCTTATAATGCCGTTGAATGAATTGTTGTTCACGATCCGGTCGCTGTTGTCAAGTTGGCCGTTGTCCATGTTGATATAAGGTCCCTTGACGCAGCGGTATTGAGTCGGGCTTTTGCAAGCGACGGTCAAGCTGCAACTCGAGTAAGTGGTTATTTTGTAACCGTCGCAACACTTTGTGGTGATATCTGTGAAAACCGTCTCTTCGTTGTTGACACAACCGTTAGTCCCCGCCGTCGGCGAGATGACATACCCGTCTTCGCGCATGTTGCTGGGCGTTTGGATCGGGTTTGATCCGTTTTGCGAAACGGTACCGCTTGAGTAATTGCCGGCCGCATTTTCCGCGTCAGCACCCTTGGCGGAGTTACTTTGCGTGCTTGTATCGACAAATGATATTTCCGCGAGATTTGTGTCTGTTGCGGTCGTAGCGGATGATTGAGAATTTGTTTGCGTTTCGTTCATCGCGGCGATCATAGAGATCAACTGGTTGATCTGGACTTTTAACGCGTCAACCTGCGCTTGCAATTCATCCAATGTTGCGGCTTTCGCGGTCGCGCCGGCCATCATAATCGCAAGCGCCAAAATACATACGGTTACTTTTTTTGGAATTTTTATCATGGTTTATTTTTTAATTAAATTTGTATTTTTAAAACAATCCGCGCGCGCAAAACGACCTTTCCCGGCTGCGGATTAATTTTCTTTTATTATACAATATATTTCATTTTCAAATCAATCAACATCAAGCGGGTTTCTTCATTTTTCCAGATTTAAAACCCGGGTAATACCGGGTTTTAAATCTGGAGTTGCCGCTAACCGGCAATGTGCGGCGCGGCGTTTGGACCGCCATAATCGCTAACGGAACAAAATATCATTAAAATTGCATACTGCCGGAAAGGAAGCCTATTTGAGACGCAATTTGGGTAATCATATTTTGGATCGACGAAAGATCCATGCTTGGCAATGAGCCTGTCAGACCTATGCCCGCGGTGGTGCTCGCGTATGCTGTTCCGTTGTTCAAGCCCGCGATTGAGATCGTATTGGTCGCGTTGGTTGTGCCGGTTGTGCTGGTTGCGTTCCCCGTGATTGTATTGGTTGTATTGACTGCGGTGTTATTTATGCCGCCGGCGACTATTCCGCCGATTCCGCCAAGGGCGACGCCGAAAGCTTCGGTTCCCAAGGGGTTGGCAAAAGCTCCCGAAAGTCCGCCTTGTTGTACCATATTTTCCACCGGCACCATTGCGTTTTTCAATTCTTTGCCTAGAAGCTGCATATCCGGATCGTTTTGTATTATGCCTCCGAGTTGCGAACTCATTTCCTGTATTTTTATTTTGATCTCCGCGATCGATTTGCTTATCGTATCTAATTGTTCCGCGGATAATGTGTTGCTATTTTCGGTATATACGGTGTTATCCGGCAAATTTATAATGCTTATATCCTGCGCTCTCGCGGCCGCGAAAGAGAATAAGCTCGCGGTTATCGCCAGGCACAAGCCGCTCGCGGCAAGTCTTTTTTTGTTCATAAATTTATTTATTTTAAATTGCAAAGTTATCTCTTGGCAATCGCTTGCGTTTTTGATAAGTTTGCGATTTAAAAATATTAATATCAATTATTATAACAACAAATTCAAGATTCTCAAATAGTGTTTATCCACATGCCATTTGTTCACATATTGAAATCACATTTAGAAACCGCGCTAAAAGTGCGAAAATTAAGGAATCATTCGCGGGGGATCGGCGCGCCGACGAGCGGTCGCGCCAAATGGTATTGTCGGCGGATTAAATTAACAAAACCTCTTCCACGGTGTCGGCCACGATTTTGGTTTCGCCGTCGCGGTTGTCCACGCGGCCGTAAACGAATACCACTTTGCTTTCCGCGAACGCCGCGGGATTTTTTTCCATCGCGGAGGCAAAGACCACCACTTCAATTTTATCGGTCAGGTCCTCCAGATTCATAAACAGCATCGGTTTGCCGGTCTTGGTGATGATTTTTTTGACGGTTGAGATCATGCCGCCGATTTTGACCAGCCGCGCCGCCGGATTTTCTTTGACGCGGGTGATTTTGAGGCATTTATTGTCCATCTTTTCGCGGTATTCTTTCGATTCCAGGGGGTGCGAAGTCACAAACAGTCCCAGCAATTCTTTTTCCCAGCCGAGTTTTTCCGCGTCCGTGGCGATTTTTGCCGCCGCCAAGGAGTAGGACGCGGCCTTTGACTGTCCGCCGCCCATACCGCCGAAAAGGTCGCGTTGGCCGTTGGATTTTGTTTTTTCGTTTTCGCGCCCGATTTCCAGCAGTTTTTCAATGTTGAAAAGCAGGGTGTTGCGTTCGGCCATATTGTCAAACG
CP092821.1_gap14	552856	555988	3132	GTTTTTTGTTTTCAATCATTGTGCCGACCAATAGCTTTGAAGCCGGAACGCAGATGATCGCGCCGCTGTTTTGACTGCCGGTTTTGGTTGGCGAAACAAACAGATCGCCTTCGGCGTGGATGCCGCGCTTGGACCGTTTGCTAATGGAAACCCTATTGGGGATCATCTCTCTTTTGGCTTTCCTTTTCTGCTTGCGCGAATGATAGCGCTTGGCGCAAAGCAAATGACAGTATGCCTGGCCCCAGGCGCTGTAAAGCCATTTATAAATGGCATTGGCGCCAATTCTCGGATTCTGCTTTTCGCGCTTCATTCGTCCGGCGATTTCATCCGGGGAACGATGGTTTTCCAACCCGGCGATAATTTGTTCTCGCAGAGCGGGATATTTTTCAACCTTCATTCCTTGATGCTTGCTGTACGATCTTTTCACTCGCGCTTTTTGCTGGGCGGTTTTGGCGGAATAGACGCCGTTCTTTCGTTTTCTTTTGTTGATTTCCCGGCTGATGGCGCTGGCGTCAAAGTCCAACACCTTGGCGATTTCTTCTTGTTTGTGGCTGGCGTTCTTTAACGCTTCAATGCGGTCTCGATCAAATTGGTTAAGGTGGCGGAAGCGCCGCCTTTTTTTGCGTAATTTTTTGGTTTCTTTTTTCATACAACCTCATTTTACCGAAGTTGCATTTCAAAAGAGAATTTTCGAGTCAAAACTTAATAAAGGAGGTGGTTTAATTGGATGAAATAGGCGAGTTAAGGCCGATTTTATTTATTCCCGGATTTTTGCGCGACGAAGAAACGGTTGCGCGGGTATCGCAAATTCTTGAACAAGTCCAACCGGTTTTCAATGAAGCCGGTTGGAAAATCGTGGTTTCTAATTATTATCAAGGGGAACCAATGGATAATTCTTTGGAAATCTATGCGAGAAGCGTTTATGCTGATATTTTTTACGGAAAATATCGCACCATAATCGCTCATTCAATGGGCGGATTGCTGATTCCGGAAAAATTGCCACGGCAAATGCTCCCGCCGGTAATTATTGAATCGCCACTAAACGGAGTTACCATGCGGCAATTCAAAATTATCAATCTGCTGGCAAGATTAAAAGGATTGGGAAAATCGCGCTTTCCGCTGGACAATATCAGCGTTCAAGGAATGTTGAGAAACGGTGATTTCATGGAAAATCGCAGAACCAAAAATTTTCCATGGATGATGCCAATGCTCCAAATAAACGGTTCACTGGGAACGAATTTTCTTGCCCGTTGGGACGGCGACACATTTGGAAAACATACCGATTGTATTGGGGTATATAAAGAATTTCCAAAAATTGATCATATCGCTCTCTTAACCGATCCCGATGTGATAAAAGCGGTTATAGCCCATTTAAATCGATGGGATGATAAATATGACGCTTTATCGCAACGGAGGATATATCGGAGGCCCCTCGAGGACGAACCTTGAGGCCTTTTTTTATACACGCGCAAGACGAATTTGCATAGATTTGCATAGGTGCCACCTATGCAATTTTTGTGTTTTCGACGGGTTTTTGGTATGTTGAAGGTATAAACATAAGCAATGGAATATGGACGATATTGAGAATAATTTGCAAAAATATAAGGATTTGATGGAGGGTTTGGCGCGCAAGATGCCCCAGATCGTTTTGGCGTATATTTTTGGCTCCACAGCAACCAATAGGCGCGGGCCGATGAGCGATTACGATTTCGCGGTCTATTTGAATGAACCGGACAAAAAAAAGAGATATGACATTAAATTCCAATTGATGGGCGAGCTGTCGAACGCGCTAAAAACCAACAAAGTTGATGTGGCGGTGATAAACGATACAGACAATATAAATCTAAAATACGCGATCATCAGCGAAAGCAAAGTTATTTTTGAAAAAGAGCCACATAAGATTATTGTGGAATCAAGAATTTTAAATGAATATTTTGATTTCAGAATTTTTATTGACACATATCAAAAAACAAAATGACAACAATCAATGTTATTGAATCAAAACTAAAAGCCATTGATGAATATTACTCGCAATTGCTTGAATATCGGAAACATTCGCAAAAAGATTTGGAAGGCGACGCCACGCTCAAAGGCGCTTTGGAGCGGTATCTATATTTGCTTTGCCAATCCGCAATTGATTTGGGCGAAGCGGTAATCGCTCTCAAAGATTTTTACCGGCCCGGATCATACGCAGAAATTTTTGAAACCCTGAAAGAAAAAGAGGTTATCTCATTGGAATTGGCGCAAAAAATGATTAGAATGACCGGCTTTCGTAATTCAATAATTCACGATTACCAAAAATTTGATTTTGCCATTGCCTATGAAGTTTTAATGTCAGGCATTGATGATATTAAGAAATTTGAATCAATTATCAAAAAGTACTTGAATTTGTAATTCCGATGCATCTCCCCTCGAGGATTAAAACTCTCGGGGTTCTTTTTTTATATACAAACGAGAGACTTGCACACACCAGGTCGGTGCAAGTTTTAAAGGGAGGAGATTTGGACGGCGTTGCTTCGGATAATATGCGATTTTAGTATACTATCCAAAATAAAATTCAGGCGATTGCCGACAAAATCGCTGCCGAAAATCAAAATGTGAGCTAATGATCATTCGCCCCTACGCGATATAACCCAAAACCCGCCGCGCAAATCCCACACGTCTTATTTTCCCGCCTGCGTTTAGAAAAACAAAAAACCGTCCCCTCAATTTGCTCGGGATGGTTTTGTGTTTTTGTTTGAAAATTGATAATTGAAAATTAAAACGACGATAAAAAGGTGGAAATCGGCCAGCCTACCGTTAAAGGCATTGAACTTTAACAAAATGATTGCAAAAGATTACGATTTTCGTTTTAAAATTTCCACTTCGGCGCGCAAATCCATTAAATCAATGTTGCGCGCGGTGTTTGCCAGTTTAGCTTCGATGCGCTCTTGGCCATCTTTGAGATCGGCGACATCATGCTCAATACATTCGATTCTCTCAATCTGTTCCAAAAACCCCTGTTGCATTTTTAATAACAATAAATCAGTTCTATCGTCAATCTTTTTGTCCAGAATACCAAACTTGGTGTCAATCTTTTTGTCCAGAATACCAAACTTGGTGTCAATCTTTTTGTCCAAAGTCGCAAACCCA
CP092821.1_gap15	608694	611147	2453	GCAATACTGTCGTCAACCCAAAACGCCGCCGCGATTTCAATGAACGAATTGCCGGCAACCCGGGGCAACGCGGCAACCTCGACCGATATGACCAAAAATAGAGGCGCAAACGACAACGGACGAAACGCGCTTTCAAAGATACAAGAAAGAGGCGGCGAAGAAATCGACCGGCGGGTTGAGTCGTTGAATAAATTGGAAGAACGGGTGCGATCAATGATAAAAATAAACGACAGCCAAAAAAACGCGATTATCGCGCAATTACAAACGCAGATCGAGTCGCTGAACGCGCTTAAAGCCCGGATCGCGGCCGGGACAAGCGCGAGCACCACTTTGGAAAACGAAAAGAAGATAACCAAAGAGTTCCGCGTTTATGCCCTGACGATTCCGCGGGGGTACATCATCGCCGCGATCGACCGAATCGACAATATGGCCCAGAAATTGCAAGGTTTGAGCGATAAACTCGCGGCCAAAATTACGGAAACCAAACCCGATAACGCGGCCAAGCTGCAAGAAAGCGTTGCCGATATGAATACCCGAATCGCCAACGCCAGAACGCAAGTGATGGCGGCGCAAGCAAAAGTTGAAAATTTAAAACCGGACAACGGCGATGAGGCAATCGCCAAATCAAATCAGGAAGCTTTGATCGCCGCCAAAGGATTGGTAAAGACCGCCACAAATGATTTGAATTACGCGCGCAATGCCGCCAACGCCCTCGCCAAAGAACTAAGAAAACTGGGAATCAAAACAAATGTCGGCTTTGGCGCCGCCACCACAACCGCCTCGACCACGACAGAATTATAAAAATACCCAATATCAAAAATCCCGCCACGCGGGATTTTTGATATACCCGTTGTTTGATTTGTCGTTTCGAGTTCTTGGAGTTATTATGGAACCATAACCCCGCGCTTGCGGGGAAATTATTTGCATGAACGATTATCCTGAAGTTACGACAAAAATGGTTCTCGCCGAATTCTGGAAAGGAGTCAAGCCGCACAAACGGTTGTTTTGGGGCAGTTTAATCTGCTTTTCAATCAGTTTTGCCATAAATGTTTTTGTACCGATATTTTACAAAGATTTTTTTGACACTCTGGAATCATTTTCCGATAAAAACGAAAGCACCCCCATATTGATACGGATCATATCAATTATCGCTCTGTTGCATTCTATTAATTGGGTTTTCGGACGAATATCGGTATTGATGGCGAATCGACTTGAAGCAAAAGTGTCTTCTCTTTTAAAACAAAATTCTTTTAATTATTTGATATTGCACTCGCGCAATTTTTTCGCGAACAATTTTTCGGGAAGTCTGGTACAGAAAATCAACCGCTTCAGCCGTTCATTTATCAGAATTGCCGATGCCGCTTTTTTTGAGTTTCTTCAATTATTGATCACGGGAATTGGAGCGATTATAATCACATCATTTATTTCGCCGATGATTTCCCTGATAATCACCGGCTGGATAATTATATTTGCAGCCTTTAATATTTTATTTCAAGTGCGCGTCAAAATTAAATACGATATCGCCGCCGCCGCCGCGGATTCTAAAACAACCGGACTTCTTGCGGACAACATTACCAATTACAGCCCGATTTCCCTGTTCAACGGTTATAAACGCGAATCGGCGCTATTAAAGGAAACCGTTAACGATCAAGCGAGAAAATTATGCTTTTCATGGGATTTATGGATTGTTATTAATGCCATCCAAATCGCGTTAACTTATACGATCGAATTTTTCATATTCTATTACGGCATTATTTTCTGGCGGCAAGACCTGATCACGGCAGGCACATTTGTTTTGATGCAAATTTACATTATCGGAATCGCGCAGCAATTCTGGGGATTGAATCGAACCGTGCGCGAGGTTTATGAAAGTATCGCCGATTCCAAAGAAATGGTGGAGATTATGGCTTTGCCGCACGAAATCAAGGATGTGGCCGCGGCAAAGGAATTAAAAGATGTTGAAGGGGGTATCGAATTCAAAGAAGTTAATTTCAGCTTCAACGAAACTCGCAGTGTTTTAAAAGATATCAATTTGGTTATCAGCGCCGGAGAAAAAGTTGCCTTGGTTGGGCCGTCGGGAACCGGCAAAACCACATTCACGGGATTGCTTTTGCGGCTTTTTGATCCAGCCGGCGGCGCGATTTTCATTGACGGACAAAATATCCATAATGTCACCTTGGAAAGCTTGCGCGCGAGTATCAGCCTGGTGCCGCAGGATCCGGTTTTATTCCACCGAACGATTATGGAAAACATCCGCTATGGAAAACCTCAAGCAACCGACAAAGAGGTGATTACCGCGGCCAAACTCGCTCATTGCGATGAATTTGTCGATTCAATGCCATTGAAATACGAAACATTGGTGGGAGAACGAGGAGTCAAACTTTCCGGCGGCGAGCGCCAGCGCGTCGCCATTGCCCGCGCCATTCTGAAGAACGCGCCGATATTGGTGCTGG
CP092821.1_gap16	683082	687797	4715	TGATATTTTGGATGGTTTGGTTGATCTCGGCGATTAAAACCTTAAGAGCCAGATTCCACGAGTCTCCCAGATTTTGAAAGTCGATAAACGCGCCGTTAACGATGTTCACGGAAAAATAAGTGTAATTCAAGCGGTCAACCTGCTCGGCCTTCCCGCGGCGGATTTGTTCCAGCTGGGAGTTAATGCTGATCCGCTGCTGCGTCAACCTCTCAATTGTGTTTATTTTACTATCGATGACTTTCGCCAAAGTTTCGATGTCCTTAGCGCCGGCCGCGGCTTGCGTTACATCATCGTAGGCACCCGTCGCGTTGTTGAGAGTTTCATCGATTGACGCCAACTTCTTCTGCAAAATATCGATCCGGCTGGTATAATCATCAACCTGCCGCTGAATGGTGTAAGTGCTTCCGGATAATTCTTTGGGATCCATTTCTTTGATCAATGCCAGTATCTCATCGGTTTTGGCGCGATTGACCTTGAACGAATAACTGCAACCGTTGCGATATTCGCGGGCACTTTCAAAAATAACATCCTCCCGCGACTTTAATCCGCCGATGGCGGCGCAAGATTTTTCCAGCTGGCCGGTCTCAATGCTGGCATTATAATCGGTAACTTCATATTTTTCCGCTTGATTTCCGATTGCATACCCATTGTCGATATATGAGTCGTCACCGTCCGAAGAAGCCGCGTTCCTCGACGATAATCCGGCTGATTTGAAAATTTCTGATTCCGCCGGCATCGGCGCAGCCGCATTTTCCAAATAACCGGAATCATAATTCGCCATTTTCGAATAGCCGCCGATCGATTGCGTTTTTCCCGAATACGAGCCGAATAGCGATCCCAGAAAAACAAACACCGCGTAAAGAATAATTGCTCCCAAAACCGCCAAACCGCCGATCTTTAAAACCGGTTTGACCCAAAGATTGATTTTTTCCATTATTGCCATATTTATATTTTACTTTAATATATTTATATTCTATCATCGCAATTCCAATGTTTGCAAATTGCGAATTGAGTATTGAGTTTTCCGCGGCGCGCATCGAAAAACCCCGCGGCGGCGGGGTTTAACTTCAAAAATCAAAATTCTGCCTTCTCTTCGCTTTTCTTCACGCGATTTTTGCAACCGCAAACGCACTCATCGCCGCATTTACAACAGTGGTAGCAAAGCGTGGGATTGCAGGAACAAGCGTCCTGCTCATTCTCCAAAGGCATACGGCACCCCTTGCACTTGTCAAACTCTTGGTTCGGATCAGTAAACATATTTTTGTGATTACTTTACACGGACCTTTCACCTATATTTTGGCAAATAACTTGCGAATTGGCAAAGCTATTCTACCTTTTCCATGGCAAAACTGGAAAAAAATGCGGAATTTTGCTATGGTATATTTGTTTTGAGGCCCCATCGTCTAGCGGTTAGGACACTTGGTTCTCAACCAAGGAACACCGGTCCGACTCCGGTTGGGGCCGCCAAATTGCATATACGCCATTTTCCATACCGACCGCGGCTTCACCGCGGTTTTTCGGTTATCTTTTCGATAAGCCTCCCCCTCCCTCCCTGTGGGAGCGTTCCCGTAATTTGAAAATCCGGACTTTAATTCTCATTATTTGATAATCATTGCCATCCGTGGATTTACGAGCACATAAATAGAATTTTTGTATAGACATAGGCTTACGATGTGATAAACTAAATTTTAATAGCAGAAATAAAGTTGCCTATTGTTAATTAAAATTCTACTACTATAATTTAGTATATGTTAAACCTTGCCGACAATTTAAAACGCCTTAGAAAGGCTAAAAATCTAACCCAAGAAAAACTGGCGCGTCTTGCCGATTTAACCAATAACACAATAATCAAAATCGAAGCCGGTAAAAATCAGAATCCAACACTTGCTACCCTCAAAAGCATTTCCAAGGCCCTTGATATAAGTGTGAATGAGTTAATAAAATAAATTTTATGGGAAATAATTATTTTGAAAAATTAAAATCATCAGTAAGGGGAAAAGTTGCGATATTTATCGATGCTGCAAATTTAGAACAGTCTGTAAGGAAAATGTGGGTAAATCCAAAAGATATTCCGGATAATTTAAAAAACCTTACCACAAGCGAGTTGCGCTGGTCTGTCGATTATAAAAAAGTAAAAGATTTTTTTGAAAGTATCGGCAAAGTGCAATCAATACGATTTTATTCTGCCAATTTTGGATCAGAAAACCATTTCGGTTTTCTGTTTTTCTTACGAAAAGGGTTAAAATTTATTTTGAACACAAAACCTTTAAAATGTTATTCTGACGATACAGACGATAATCATCATCGTAAGGCAAATTTTGATGTTGAAATTGCAACAGATGCCATGTTTTATATGAATAAATATGATACTTTTATCCTATTTTCCGGTGATTGCGATTTTGAATATCTGCTTAAATTTCTGCGAGGGCATGGCAAAATCACAATTGTTTTTTCTCGAAGCGGTAATGTGGCAAAAGAGCTACCACCAGCTTGTCACCAATACTTTGATATAATAGATTTTAGAGCAGAAATTTTAAAAGTTGCTCAAAAAGCGAAGAACCCCGCACCAGACACTGGTACGGGGCCCCGCAATTGATATCATTTGGCACTACTGCCATATGTACTAGTATGTTAATCTATCAAAAAAGTTATGTCAAATTTTACCCACTAATTTTACCCACTAATTTTACCCACTAAGTTAACAAACCGCCGCCTCGCCGTGGAATTTAATCCGCCGTGGAATTTAATCGCAAATCGGGGACAGATAAGGTTTTTAGTGATTCTAACCTGTCTAAAATTATATTTGATGACTTTTTGTTGTTAGCGATGAAATGATTAATTAGTTGTCGGCCAGGGCTGACCGGTTCTGTTTTTGATGAAATTTTGCTATTATAAATAAACAATTTATAACGATTTAAAAAAATTTATGGATTTAATTCCATTTAAAAAGATAATGTTGAGCAGCGTGACAGTCACGGCAATTCTTCCGGGAATATGTTCTGCTTCTTGTTCTACAAATGCAGCGGATTGTTTTCCGATGCCAACGTTTGCGGAATTTTTAACTGCGTCCGGAGATTGGATCACGGGTCCATTTATTATGATTTTTGGGATGATATGGCCTTTTTTATTATTTTTAGGAATTATTATAACCCTTATATCTCTTCGTAGAAATCACATGCTAAGGCTACGGGATTGGATGGGCTTAGAATTATTTAAACGACTCATTGGGCTTTTCTTTTTATATTTGCTATTCCTTTTTATGCTTTATTTAAGTGATAAAGAGAAATTTTGGAAATGGTCTTTGGGGAGTTTGTTATTTCTGATTATAATTTCAGCCTTGGTTTCGATTATTCATAAATTCAAAAACAAAAATTGGCAAAAAAAGATGAATCAAATTATTTCGTTTGCTACGAAAAACAAATTAAATGATATTATTTATAAATTTATCAACGAGTTCCGCCATAGCGGAAAAGGATTGAAATTTTCTTGGAATTATCGAGGATATAGCTTTGATTGTTATCGATTGGATGATTTGCGAAGTATTTTACGCGAAAAAGGGCTGGAAATAACGAAAAGCAAGCTTCTTGATTTACTCATTTATTACATTGATATTCAGGAACGATCAATTACTTTAAAAGGATCAAATTGACGACATCATTGAACACACCCTCGGTGTTCAATTTACGCATTTCTATTATAAATTAAAAAACTACACAATAAATTTTGTGTAGTTTTTCAATTGCGACTGTTGCCTGCCGCTTGCGCGGTAGTCGTCGCCGCGGTTGTGGTCGCGTAAATTGCCGGAGGGGCTGCGGGAGGCGCGGCGGGTTTTTTGATTTCTTCATTGGGCGGAAGCTGGCTCACATAGATCACATACTTCGCCAGTTCGGTGAAAACCGGGATGGCGGAATACTCGGCGGTGTTTACATTGGGAGCTTTGAGTTTGACCAGAATTAAAAATTTCGGATCATCGCTGGGAAAATAACCGATAAAACTCTGCGTGGTTTTGTCCGAATAACCCGATTGTTTGATGTTTAAAGTCGACCAAGACATTTGCGCCGTACCGGTTTTGCCCGAAATGGTATAGCCCAAAACCTTGGCGGCCTTGCCAAAACCGTTGTCAACCACGCTGGCCAGCATTTTGGAGATCGTTTTTGAAGTTTCCGGAGAAATCACCTGCCGTTTTTTCGCCGGATCAAATTCGGCGCGGCCGTCGCGCGCCACCGACGGCTGAACCAGCCGCCCGCCATTGGCCAACGCCGAATACGCGCGAATCAATTGGATTGATGTCATCCAAATACCCTGCCCGTAAGAAGCTGTCACATAATTGATCGCGTAACCTTTTTTGAATCCCGAATTATTGGAAAAAGTTTCCGGCAAATCAATGCCCGTAGGCTCGAAAACGCCGAATTTTTCGATATAATCGGTAAACTGCCGGTCGCCCAATTGCTTCTCCGCGAACGCCGCGCCCGTGTTAATCGAATGTTCCAAAACATTGATCATCGTTTGCCGGCCGTAAGAACGATGGCCGTAATTATAAATGGTATCGGGTCCCACGGTGAGCGATCCGGAATCGAAATAACTGGTTTCGGGAGTAACCTTGCCGTCATTGAGCGCCGAAGCCATGGTAACGCCCTTGAACACCGAACCGGGCTCGAACAAAGTTTGGCAAGAATCGTTTCTGAATATATTGATATTTTTGTTCGCCGATTCTT
CP092821.1_gap17	690237	694928	4691	CTTTTCCCATTCGCCGCTGGAATAGAGAAAAAGGCAATTATCCAAACCGCGGGTGATCACTCCCCCTTTTTTTAATTGCCGGCGAAATTTCGGCGGCACGGCCAATCTTTTCTTGTCGTCGATTGAATATGAATACTCGCCAATAAACATTTCATTTAAGGAAGCTTTCACAAACGGCTTCCATATATTTCCCGTAAATCCATCTTACCACTCGTTTCCACTTCTTACCACTTTTTAACACCTATACCTACTTTAGTCCCATTCAATCCCATTGTCAAATCCAAGGAAAATAAAGCTAAATCGGGGTGTTTTTCCACAGGGGCAAATATCAAAAAACCGCGGGATTGCCGCGGTTTCCAAGATTGATTTATGAAAGCGTTGTCCCAACTCGATGGCTGTTTTCGAAATAATCATTCATTATCTCCAGCAGTTCCGCCGGATTATAATGCGCCTTGATGAGATATTTCTCGGGTTTTATACCCAAATGATTTATCTGGCGGTCAAGATCGGGATTCTGGTAATTGGTAACCGCGAACACCGGGATGCCGCGCGTGATGAAATTCTTTTTCATCGCCTTTAATATCTCGATTCCGTGGCCATCGACAAGCATAAAATCCAAAACCACCAAATCGGGTTTGCTCGAATTGCCGTTGCGGATCTGGCGCAACTCTTCAAGCATCTCGTCCTTGCTTGAAGCCAGCTCGACTTCAAAATCCGCATGCTCAAACATTCGGCGATAAAGATTGATCTGGACAGGTTCGCTTTCGACAAGAATTATTTTTTTCATTTTATGATTTTTACAAAACGCAATTCGCCGAACTGATCGTTAAAAAACTCCGCTGACGAATATCCGCCGGCTTCAACCATCTTTTTGACCGCGTTCGCTTGCGATTTGTCGAATTCCATATAGATGAAACCGCGAACTTTCAAAAAATTTTTGGCCTCTTTTAAAAATTTATCGATTGTGTCCGTTCCCCCGGCGCCGGAAAAAAGCGCGGTACGCGGTTCATAATCAAGGACCGATTTTTGCACCTCGCCGATTCTGGCCGGATCAATGTAGGGCGGATTGGCCAAAATGGCATCGTATGTGTTTCCTGCAGGGATGTCGTTGAAAATATCGGATTTAAAGATATTAACGCGATTTTTATCGATACCGTTGATTTCAAGATTGATTTTTATCTGCCAAACGGCGCGAGAATCAATATCGGACAAATCGACATTCGCGGCCGGCAACTTTTTCGCCGCCGCAACGCCGATACAGCCCGAACCGGAAAAAATATCCAGAATCCGAAGATTCTCTTTCTTTAAATTTTCCAAATCCTTGATTGCCGCGGCAGTCCAAAATTCGGTTTCGGGCCGCGGAATCAACACGCGCATGGAAAGATCAATCTTGCATCCGAGAAATATCGCGCGGCCGGTTTGGTATTCTTCGGGAAGATCGGATTCTGTTTTGACCATCGCGAATTTCTATTTATGGATCACGCTTCCGTCAAACGGTTCGCCGTCGATCGCTTTTTGGAAATTGTCGAAATCCGTGCCTCGAATAAGTTTGGCGGTAAGATTGATTTTCTTCGCCACCTTGGCTCCGGCCGGATCAACCGGCGAAGATAATCCGGGAATCCATTTCGCCGGAATCAATTTTTGATACTCGCTCCATGTCAAATCCATTATCGGCTTGGCGTCGGAAAATTTGCGCGGATCCTTGTCGCACACATAGGGCGCGTCGCCGGCGATAATCACTTCCGGCTGGTTGAATAATCTGGCGCACTGGATCGCGTCGTAATCGGTCGACCATCCCGGCTGCCAGCCGGAGACCATCAAAACCTTTTTATTGCTTTTTAAAAACGCGTTGATTTCTTTTCTTCCGGGTTCATGGTCAAGGATTCGCGGGAAAGAAACTTCTTTCAAAATTTTGGCCATAAACAACGCGTTGGTTTTGGTTGCCTGAATGCCGATCCAGTCAAGATCAAGGTTGTTCTTTTTTTCGCCCAAAACTTCGCGGGCGGCCTTCTGGTACATCCGGCAGGGTTTACCTCCGCCCACCACAATAATAAACCTTTTGCCTTTTTTCGCGTGTTTAAGAATAAATTGGCGGAACTCGCGCAAAAACGAAACATCCAAGCCGTTTAAACTTGCTTCGGCGTACGGATACACGATGGAACCCCCCAAAGAAACGACGACAATCCCCGGCTTTTCGGCTATTTTTTTATTCATAATCTTTTGTTTTCAGGCAAAAAAAATATAATACTATTATATTTCTTATATATTTCTTATCTTCTTTATCCTACTCCTTTTCGGAAAAATCTTCAAGATGTCTTCAAAAAAACGAATTTTCTGCTAATATCCACCTATGGAACCAATGTATATCTATCCGGGCACTTTTTGTCCGCCGCATTACGGACATATCGCCGTTGCCAAAGAAGCGGTGGCGGTTTTTGGAAAGATAACCGTTATTTGCTCGGTCAATCCGGTCAAAGAAGGCAAAATGCCGTTCGACCCGAAGGAATGCAAAAAAATGTGGAAAAGTTACGACCTTGGGAAAAACATTGATGTCGTCACTCTCGACGAGTTTCTAGCAAATAGAGACAACTCGGTAACGACCATAATGATCCGCGGTATCCGCAACGACAATGACATCAAATACGAAAACAGCGTCATACTTTATAATTGCGAAAACTACGGCGTCCGGCATTACCATTACATCTTGAGCCGAAAAGAGTTTGAAAATATGTCATCCACCAAAGCGCGTTTGGCCGCAAAATCCGGCGATCTGGCCGAACTCGAAAAATTGGTCAACGCGGGCACCTCCGCAAAAATGCTGGAAAGATTCCGCATCGAGAATTAAAATTCACTCCCATTGTCATTTGTTTGAAAATTGACAATTGAAAATAAATTGGGTTCTTGCGTCGGGGTATTAACCCCGCCGCAACCAGAGGATGTTTCCTCGAAGATTACTTCCGATTACTAAGGAATCCTCATTCTTTTTATTCCCCGCAGCAAGCTGACGGGGTATAAAAAGAATTAAAAAACCGGAAGTTATTCCGGTTTTTTGGCGCGTGTGCCCCCAGCAGGGCTCGAACCTGCAACAAACTGCTTAAAAGGCAGCTACTCTACCATTGAGTTATGGGGGCAAACTCTTCCCCGCTTGAGGGCGGGGGAAAATTTTCAATTTCTAATTTTCAAACGAGATACTATAAACCTTCGTTTCTCAACTGTTCCAACAGTTCTTTTTGTTTGCGATTTAATTTTTTGGGAATTTCCACATTGATCCGGGCATACATATTGCCGCGGCCATAACCGGAAAATCGAGTAACGCCTTTGCCGGAAACCCGGAAGACTTTTCCCGATTCGGTGCCGGCAGGCACTTTCAACAATATGTTTTTGCCCTCAATGGTCGGCAATTCAATCTCTCCGCCCAAGGCCGCTTGCGCCATAGTGATATTTTCCGCCACATACAGATCATCGCCTTTCCGGTCAAACACCGGATGGGCTTTGACGAATATCCGCACATAAACATCGCCGGATTTCCCGCCTCTTCTCCCAGCCTCACCTCTTTGTTCTATCTTAATTACCTGGTTGTTGTCAACCCCGGTCGGAATTGATACTTTGATTTTTTCATCGTTCTTCACCCGGCCTTCGCCTTTGCAAACATTGCACGGCTTCTCGGGCCGATAGCCTTCGCCCGCGCACTCCGGACAAATAACATATTTGGTGAATGACCCCATGAAAGTTTTCTTGATCTGCTGGACCTGACCGGTGCCGCGGCAGGAAAAACACTCTTTGATTTTGGTTCCCGGTTCGGCGCCCGATCCGGTACACCGCGGGCAAACATTGTTCTTTGACACCACAAATTCTTTTTCCGCGCCAAAAAACGCTTCTTCCAAAGAAATCTCTATGTCCAAACGGATGTCTTTGCCCTTTTTGGGATCGCGGCGTTTTTTGCCCGGATGGCCGAATCCGAACATTTCTTCCATCATATCGCCCAAATCCTCGAATTGCACATCGAAATCCGCGCCCGGCCTGCCCCAAAACCAGCCGTCCTGCGAAGCGCCGCCGCCAAAACCGCCAAAACCTCCGCCGCCCGGCTGTCCCGTGAACGCATTGCCATATTGATCGTACTGGGTGCGCTTGTCTTTGTCCGACAATATCTGGTAGGCTTCGTTTATTTCCTTGAACTTTTCCGCGTCGCCGCCTTTGTCCGGATGGTACTTGTGCGCCAAATTACGATACGCTTTTTTGATATCGTCGGCGCTCGCGGTTTTTTCAACCCCCAAAATTTTGTAATAATCTTTGCTCATTTTTTGGATTGAATGTTAAAGTCCGCCTCACCGCAGTGAAGCGGACTCACTCAAACTCAATTATTGTTTTTCTTTAAACTCGCCTTCCTGCGGACCGGCATCCTTGCCGGCGCCGTCATTCGACTGGCCGCCTTGCGATCCCTGTTGTTCCGACTGGCCGCCTTGCGATCCCGGCTGTTGGTATAATTGCGCGCCGGCTTTGGAAAGCGTTTGCGACAAGTCGTCGGTCTTTGCCTTAATATCTTCTATGCTATCCCCATCTTTAATTTTTTTCAAGTTCTCGATCTTTTCGACAATGCCTTTCCTTGCGTCGTCCGAAAGCTTTTCGCCCGCGTCGCGCATCGCCTTTTCCGCGGTATAAATCAGATTATCGGCCAGATTGCGGCTGGCGAT
CP092821.1_gap18	699702	701578	1876	GACAATCAACAATAATAATTTCACCTGGGTGGATATCATCGAACCGAAAGATGAGGACATTCAGTATTTGAAGGATAAGTTCAAAATCCATCCGCTGACCGCCAGCGCCATCATTCCGGCCATCCATTATCCGGACTTGGACTCGTTTAAAAATTATCTTTTTATCATCCTGCACTACCCGCATTATAACGAAAAGGGAGAAATCAATATCCGCGAGTTCGATTTCATCGCCGGCCAGAACTTTTTGATAACCAGCCGCCAGGATGAGATTGCTCCCCTGCGCCGGGTTTTTGACAACTACCGCAACGCCGGCGGCCGGCGCGCCGACTATATGAACAGCGCCGGTTATATCCTGTTTTCGATCCTCAACATTTTCCTGAAAGATATCCTGGCCAAGATCAACGAAACGACCAAAGAGATCGATGATCTTGAAGCCCGGATATTCACCGGGCAAGAGCGCGAAATGGTGGCCGCGATCTCCAGCCTTAAAATGAAAGTGCTTGATTTTTGGCGCATCGTGGAACCCCAGCGGATGATCTTTGAATCTCTGCGCGTTTCCGGCGTCAATTTTTACGGCCCGGATTGCCGGCATTATTTCGTAATCCTGCACCGCGCGCACCGCCGTATCGAAAACACCTTGAAAAGCGCCAAAGAAACCATCGAGGCGCTGGAAGAAACCAACCATATTCTGGTTACGGTGAAAATGAACGAGGTGATCAAAGTACTCACGCTTTTTTCGGTAATCTTTATGCCGCTCACCCTCCTGGCCAGCATCTGGGGCATGAATACCGTTTTCCTTCCCTTCCATTATACCAATCTTGATTTTTTCTTTATCATGCTCATTATGATCGCCACTCTCGCCGCCATGCTCTTCTTTTTCCGTTATAAAAAATGGCTGTAATTTTTTAGACGATAACCCGCCCGGCGATAATGCCCGCCTCGTGACTATCGCGAAAAACTCCCTTTTGACAGGGAGTTTTCACGGCCGCGGCGAACTTTCGCGATCAGGCTGAATTTGTTTTTAATCCTTCCGGATTTATTCGCCGATATAATATGCCCCAAAACCTACCGAACAATTTCCAAAATTGCCGTCCGGGAAATATTGGGCTCGGTTTCCGTGGCGATAACATGGATTCTGCCGGAGCCGGAATCTTTATAAATTGAATATCCGGTATTTATACCCGTGTATTTCCCGCTCGGATCAACAGGCAAAGCCTGAATATAAGTCGGCGTCAAACATTTAAGAGCGGCCGATACCGTTGTCGTGCCGGACGCCATATCGGCGACAATCAATGTCGTCGTTGCCGGCAATAAACCGCAAACATAATCAACGCCGTCGCCCCCCTTGAAAGTTCCCTCAAAAACACCTTTGTTGTCGGCTATGCGCTGGCCAACGGCATTCAAAATTGAATTCAAGTTGCTCGTTCTTTGAGTGTCGCGGCCTTGGGCGAATTGGCGAGCCGGATTTATGGCGACAATGACAACGGCCGCCAACAAAGCGATCAACCCGATCGCCACCAGAATTTCGATCAAAGTAAAACCGGCATTCGCGGTTTCCTTTTTTTGTTTTTGCATAATTTTTTTATTTTATTTTTTGTTATTTACATTATTGACTGCGCTTGTTTTTTCGACCTTTGTGAAAACGCAAATTAAAATTCGCGCCAATCGTTAATCGTAATTTTGTTGTTTTCCAGCTTCGCGGTCACTCTCAAATTCGTGCGGGAATTTTTCCAATTCGCGGTTGCGGTTATCGTATAGGGATCATCTATGCTTATTTCAAGATTTTCACATTTTTCCGAAACATCGACATTTTCGTTACGAACGATTCTCAACAGCGCGGCTTGAACGCATCCTTCCGCGCGCGCGGCGCTGATCT
CP092821.1_gap19	714490	716088	1598	GCGGCGGCAAAAACATTCCGAATTCTTCAACTTTAACCCCGAATTTGCGCGCGAACGCGAAATGCCCCAACTCGTGGAGCGTAATCAAACCGATCAAACTGAAAAAAACAAGTAAAATGGTTGAGATCATTTAAAATAATTTTCAAGTATCAATTTTCAATGAATGTTCCAAATTACAATTTCCCAAACAAAAGCAAAAATCGCATTTTATTTGGCACATTGCTCCATTGAAAATTCAATGAAAATTGGTAATTGAAAATTGAAAATTTTATTCGGAGACTTCCTTCTTCTTCCTGTCTCCGGCCTCTTCGATCTTTTTGCCGTAGTTGTCAATCAATTTCTGGAGTTCGTCCTTGGCTCTGAATTTATCGTCTTCGCGAACTTCGCCTTCGCGCTCCAGTCTCTGTATTTGCGACCAAGCATCATCGCGCGCCCGGCGAATCGCTTGGCGAGTGTCTTCCTGCACTTTGGAAATCACTTTCACCAAACTCTGGCGGTAATCGCTGGTCAAATCCGGCATCGTAATGCGGATCACCGCGCCTTCGGCCGCGGGCGACAAACCCAGTTGCGACGATTCAATGGCTTTTTGTATCGGCTCGAAATAAGATTTGTCCCACGGTTGAACCACGATCTGCCGCGGCTCCGGAATCGAAATCATCGCCAGCTGTTTCAGCGGAAACTTCTGGTCAAAACACTCGATCACCATATCTTCAATGATCGACGCGCTCGCCCTTCCGGTCCGAATCTTGGCCAATTCCCGATCCAAATAAACCGTTGCCTTGTCGAACTCCGGCTGAACTCTTTTGATTACTTCTTTATAATCCATAGATTTTTAATTAAAGAATTTTATCTTTTGCATTTCGCATTCAAGAGAGGTCGCTCCTCGGCGTACTCGCCGAGGTGCGACCTCTTGTAACTTGCATTTTGATTTTGCATTTTCACCCGTATTCCCAACATCTTCAATATACCACACCCCATTTTATTGTTAATCTTGACAAAAATTAAATATCCAGCATAAAATTCTCGATTGCCAGTTTCGGATTCGCGTTGGTTGCCGTTAAAGTCACATTCAGATCGTGAATTTTCTTCAATATGGCGGCGATTTTCTCCAATGTATAGGGATTTTCTTTTGTTTTGCCAAACACGAATGGCGCGCTAGCTTGGCAGGAGCAAGACTCCTGCGAATCTCGCAGGAGTCTTGCTCCTGCGGCTTTGGCCGTTGTCTCTTCGCGTGGATCGGACCCACGCAAGGGATTCTTCTGCGTGGGTCCGACCCACGCAACATCCCCGTTTTCGGTTTTATTCAATGTTTCCAACATCAGCTTGCGGAAATGGAATTGCCAAATTTCCATGATTTCATCCAAATTCGCGTCTTCATTTTCAATATCGGTGATTTTTTTGGCATAAGCGAATTTTTCCGGCAATTCGGCGTTGATGATTTTGGCAAACTCCTTGGCGTTCGCCCGCCATTTTTTTAATTGTTCGGGGTTGGCGATAAACTCGGCCAATCTCCCCGGCCGGCCGAAAGATAGTTCCACGATCTCCCCGGCAAGCGTTTCATCAATTTTATCGCCGCTTTTTAAAATCAAATCTTTCGC
CP092821.1_gap20	724679	726668	1989	TTTGCCCCGCAAGAATACCGCGACAATTACCGCGAGCTTTCCCAAAACCATCCCCGTGGCATCGATTGTTCGCTTTTCTCTTTTAATGGAAGTCGTTTTCATAACTAAGATTTTATTTCTTCTTTCTTTTCAATTTTGGCGGTCTTTTTGGTTTTCTTTGCCGCGACCTGCTTGATTTTCCCCTTGACCGTTTCAACAACCGGCGGCCGATCCAGCAATTCAACCACCGCCATGGGCGCTCCATCCTTAAGTCTTTGGCCCAAAAGCGCGACGCGAGTATATCCGCCGACACGATCTTTAAAGCGGGGCGCGATCACCGCCGTCAATTTGCGGCTGGCGACTTCGGGCAATATTGACGCCAAAGCTTTTTTTGAAGCCAAATCGCCGACCTTCGCCTTGGTAATCAATCTCTCGACAAAAGAGGCGGCCTGGCGCGCGCGGACCTTGGTGGTTTGAATCTTTTCCCGCAATATCAGATTGACCGCCAAAGAACGCATAAACGCTCTTCTTTGATCGGTTTTCCGGCTGAATTTTTTACCTTTAATTCTCTTGTACATAATAATATTATCAGAACTCAAATGCCAAAATCAAAATTTAATCGGTTAGATTATGCGTTGAAAACATTTCGAAACATCGTAAAATGACTGACCAATATCTCCGAAGCCTGCGCGAACGCGGTTTCCGGAGTAATGGTGCCGTCGGTTTCGATTTCAAAAATTACTTTGTCGAAATCCGTCCGGTCGCCTACGCGCATATTTTGAACCTTGAAACCAACTTTTTTAACCGGCGTAAACATCGCATCCATCGCAATCACCCCGATTTCCAGCTTGGCCTTGGTTTGGCGCATTTCTTTTGACATATAGCCGGTCCCTTTTTCAACCTTGATTTCCATTTCCAATTTGGAACTTTTCGCGGTCAAACTGGCGATGTGGGTTTCGGGATTGGCAAGCTCCAGCTGGCTGGGAATCTCCAAATCCGCGCCGGTAATCTCTTTCTCGCCCTTGGCCTTCAACACGCAAGTCTGCGGCTCGTCGCCGGTCAGCTTGAATCTTAATTGGCGAACATTGATCATCAATGTGATCACATCTTCCATCACTCCCGCGATCGTCGAAAATTCATGCGGCACGCTTTTGATATTTATCTGGGTAACGGCGGCGCCTTCAAGCGACGACAGCATCACCCGCCTCAACGCGTTGCCGACGGTAACGCCATAACCGGGGTACAGCGCCTCGATTTCGATTGACGCGCTGTTGCCTTTTTTATCAATTACTTTGGGTTCAAGCGGTAATGGTATCATGATTTTTTGCCGTAAATCCTCGAACGTTTTACCGCGTCACACGCGGGTATTCGCGTCCAGGAAATCAACGACATTTAAATAATTTTCAATTCCCAATTTCCAATGTTCAAACTTGGAATTTTTTATCTGGCGTAAAATTCAAACACCGAACCGATCTCGGCGGGCAAAGCCAATTCCTCCATTGAAATATCGCCCACTCTCTTGCCCTCCATTTTGTCCGCGTCAAGCGACAGCCATAACGGCGTTTTGTAAGATTTCAAGGCCGGCTGTAATTGAACAAAGTAAGCGTTCTTGATTTTGCGCGGCGCCACGGAAACCACATCTCCTTTAATAACCCTGTATGAAGGCAAATTGACCGGCTTTCCGTTGACCAAAAAACTCTTATGGCTCACCAGCTGCCTCGCCGCGAGCCGGGAAGGCGCGAATCCAAGCCGGAACACAACATTGTCCAACCGCCCTTCAAGCGCGCCCATCAGCGCCAGCGGCAGGTCTTCGGCGCTTCCTTTTTTCGCGAGAACGGCTTTCACATAGTTCTTGAATTGCTGTTCGCGCAGGTTATACCACGCCTTCACGCGCTGTTTTTCGCGCAATTCCCGGCCGAATTCCGAAAGGGAGCGCGCCCGGCGCTTTCCTTTTTTGCCCGGAGCGGTCGGACGGCGCACCATGGCGCATTTCTGGCCGTAACAGCGGCT
CP092821.1_gap21	759279	761545	2266	TCTGGATTCCGATCAGAGTCCAAATTCCGCCAAAGAAATTCTGCCACAAACTCATCCCGGGAAGAATTGCGGCCAGCATCGGGCTCAAATACCAGCAAATCGTCGCCGCGATTAAAAATGAAAACACCGCGCCCAAAATGCCGAAAATCAACCCTTCAACCAAAAACTGCCCGCGCACAAACCATCGCGACGCGCCCACAAGCCGCTGGATGGCAATCTCGCGGCCGCGGCTCAAAATAGCCGTCCGGATAGTGTTATAAGTGACAATCACCGATATAAAGCCGAGAATGGCGAACAATATCAACCCGACCTTCTTGGTGTTTTCGGTGATCGCGAAAATCTTTTGGATTACTTCTTTTTTTTCGTTATAATTCACGCGGTTCACCATATCCTTATATTCATCCTGCGCCAGCAACGCGGAAACTTCGTCAAACTTCACCGTTGATACCGCGCTCACATTCAATAACGAAACAAGCGGATTGCCGTTGATCTCATTGAGCGATTCCAACAAAACCGCGTCATTTTGGTGGCGAATCTTGAAATCTTCCAACGCCTGGTCTTTGGACACATACTGCACATTTTCAATGCCCGGGATTTGATTGATTTTGTCCTTAACTCTCAAAATGTCGTTTTCGGAAACGCTCTCGTTGAAATAAACCGAAATATCCGCCTTGGATTGGAATTCTCTGATCAAAAAAGCGCTCACATCCTTCATCTCGAACAACAGCGAAGTGAGCAAAATCGGAATCATTATTATGAAAATATTGGCTATCGCGATTCCGCCGTCGCGGCTCAAATTGTGCCAACCCAAACCGATTATTCTTTTGATGGAAGTAAACATAGAGTTCCTTGAATAATTTTTAATTGCCAATTTTCAATTTTCAATGAATGATCAATTGCCCAATTTTCAAACAAATACAAAATTTTGCATTCCGTTTGAACTATTGCAACATTGAAAATTCAATGAAAATTAGAAATTGAAAATTGAAAATTTTTAGAGAGCGAACCTTCCCTTCTCTTCGTCGCGGATAACCTTGCCTTTTTCCAGAGTCACTACGCGTCTTTTAAGTTTATTGACAATCTCGCGGTTATGCGTGGCCAGCACCACGGTCGTGCCCATCTCATTGATTTTGAGCAGAAGCTTTAAAATATCCAAAGTGTGATAAGGGTCAAGATTGCCGGTGGGTTCATCGGCCAGCACCACTTCGGGCCGGTGGATCAGCGCGCGCGCAATGGCTACCCGCTGGCGTTCGCCGCCGGAAAGCTCGGCCGGAAAATTTTTCTCGCGGTCGGACAATTCCACGATCTCCAATATCCGCGGCACATCCCGCCTAATTTCAGTGTCGCTGGCGCCGATAACTTTCATCACATAGGCGATATTGTCGCGCACGGTCATATTTGGCAAAAGTTTGTAATCTTGAAAAACCGCGCCAATGCTGCGGCGCAAACCATTGAGATTCCCTTGCTTCAATTTGTAAATGTTCTGGTCTTTGAATAAAATACTGCCGTTGGTCGGTTTTTCTTCAACCAGCATCAGCTTGAAAAGCGTGGTTTTGCCCGCGCCCGACCGACCCACCACCGACACAAATTCGCCCGGCATTATGCCAAACGAAACTCCATCCAGCGCCACGATATTGTTGGCGCCCGCGGTTCGCGAATCATAAACTTTCGTGATGTCGTTAAATTTAATCATTTGATTGAAACCAATTTACAAATCGCGATTCGTTATGCCAGCTTGATTTCCGCTTCGATAAATTTGTCCAATTCTCCGTCAAGGACTTCGTCCACTTGCGTCGTTTCCACTCCGGTGCGCGTATCTTTCACCAGCTTGTAGGGATCAAGCACATAGTTGCGGATCTGGTTGCTCCAACTGGCCGAAACCCGCTCGCCTTTGATCTTCGACAGTTCGGTCTCGCGCGTTTCCCGCATCAGCTGGAACAGCTTCATTTTTAACAATTCCATGGCCCGGTCGCGGTTTTGCCCCTGCACGCGCTCGGTCTGGCAAGTGGTGAATATCCCTGTCGGGATATGGGTAATGCGCACCGCCGACTCGCGTTTATTCACATATTGTCCGCCCGGACCGGACGACCGGTAGAAATCAATCCTCAAATCTTCGGGCTTCAATTCCAAATTTTTCAATTCGCTTTTCGGAAATTCGGGATAAACTTCCACCAGCGCGAATGATGTCTGGCGCAAATGTTTGGCGTTGAACGGAGACAACCTCACCAAACGATGAACGCCGGTTTCTTTTTTCAAATAACCGTAT
CP092821.1_gap22	783588	786467	2879	CACTTTGCCCGCCGACAAATCAAATCTCAACTCGGCCAGCTTGGCAAGTTTTTCATCCAGTATCACGGCTAATTCTTGTTTATTTTTTTGGCGCAATTCGGAAGTTTTCATTTTATGTGATTTCAATATGCTTAGGGCTCTTCCACAAATAAGTTCCTTAGATTGGTTATCAGATTTGTCCCAGATTTCGTTTTTTCCGACCGAGCAAGATTTGAGATGTAGCAATGGCTACATTGAAAATCTTGCGACCGAAGAAAAACGAAAGATGGGGCGAATATGGAAGCAAGATGGGGAAGTTATTTGTGGAAAAGACCTTAGAATTCTTTTTTGACAAATCTGGTTTTGATCGGCAATTTATCGCCGGCTTTCTCAAGCGCCTCGCGGGCGATATCTTCTTTAACGCCATCCAGCTCGAACATCAAGCGTCCGGGTTTCACCACAAAAGCGTAATGGTCGACTCCTCCCTTGCCGCCGCCCAAAGGCACTTCTTCGCCTTTGCTGGTTACCGGCTTGTCCGGGAATATTCTGATCCAAAGCTTGCCGCCCTTCTTCAAATATCTTAAAATCGCCCGGCGGCCCGCCTCGATCTGGCGCGAAGAAATCCATTTTTCCTCAAGCGCTTTCAAACCGAAACTGCCGTAATTCAACTCGGCTCCGCGGTACGAAAGACCGATACCGCGGCGGCGGCCCTTCTGCCATTTGCGATGCTTAACTTTTTTCGGCATTAAAATCGACATACTGATAATTCAAAATTTAAATATCAAAATGCAAGATTGTTGTGTTGAAATTGTTTACAATTTCAACGATATATATTTTCCTTAATTTTGATCTTTGATTTTTTAACTTTTAATTTTTTACAGCTTTTCCCCTTTGTACACCCACACTTTTATTCCGATAACGCCGTAGGTGCAATGCGCTTCGGTCAGCTCGTAATCAATATCGGCCCTAATGGTTTGCCGCGGCAAACGCCCCTTGCCAAGCCACGCCGTGCGCGCGATTTCAACACCGTTCAACCTTCCCGCCACCTGAACCCTCACTCCCTGCACATCCCGCGAACCCATAGCCTTCTCTATCGATTGTTTCAGAACCTTCAAATAAGGCATCCGCTTCTCGATTTGCGCCGCGATTGATTGGCCGATATAAGCCGCCGACGCCCAAGGATTCGTGATTTCTCTGATTTCAACGCGCAAATCCGCGCCGTTCTTTTTTGTTTTGCCGGTTTTCGCGCCCTTGAAAATCAATTTCTCCAATTTCTTCCGCAACTCCTCGATCCCTTGCCCCTGGCGGCCGATAATAAGACCCGGGCGCACGCATGAAATTATCACATTCATTTTGCCGGGAAACCGGTCGATCTCGACCTCGGAAATGCCGATGCCCGCGAGGCGCTTGTGAAGGAATTGGCGTATCAGAAAATCTTCTTCCAACATCGCGGGAAATTTCTTTTCGTAATAACCGCGGGAATACCATCCCGAGCTATCTTTTATTCTGAATCCTTTTGGGTGAACCTTGTGAGCCATAATAGCAAATTTAAAATTTAAATATCTGCGCCTGAGGCGCACCCGCCTCTGGCGGGAAAATAAAAATTATCGATTTAAAATTTTTCTTTGAAAAATTTCGATATATAATTATTCTTTGATTTTGATTTTTGATTTTTCAACTTTTAACTTTTCTTTAAGTATCATCGTGATATGGGCCGTTCTTTTTTGCAGTTTGTCGGCGCGGCCGCGCGATCTGGGAAAAACTCTTTCCGACATCGGGCCGTCGTTGACCATCAATCGATCAATATAAAAATTATTCGGATCCAATTTATAAGTATTCTTCGCCGTCGCCATTGCCGATTGCAAAAGCTTCAATATCGGCAAACTGGCCTTCTTGGCGGTAAATCTCAAAATCGCTTCGGCCTCGGTCGTCGATTTATATCTCACCAGATCCGCCACCATCCTCACTTTCCGGGCGGTGATCTTTAAATTTCGTAATTTTACCGTGATTGCCATATTAATAAATCAAAATTTAAATATCTGCGCCTGAGGCGCACCCGCCTCTGGCGGGAAAATGAAAATTTTAACGATATATTATTCCTTGATTTTGATTTTTCAGCTTTTAGCTTCGCGCTTTCTCTATTTCTTCTTTGTCGATGCCGCGACGGTTGCCGCTCCGGCGCTCGCCTGCTTGGCTTCAAGATCCTTTTGCATCTTCCCGCCGTGGCGATGGAATTTGGTCGTCGGAGAAAATTCTCCCAGCTTATGCCCCACCATTTCTTCATTGGGCTTGACCGAAATGAATTCTTTGCCGTTATGAACCGCGAACGCCAGCCCGATCATTTCGGGAACAATCGTGCTCCGGCGCGACCAAGTCTTAATAACCGCGATGCCGCCCTTTTTGACTTTTTCCATTAACTTCTCGTCCACGAAAGGACCTTTTTTTAAGCTTCGTGCCATATTTTTTCTAAATTTGAATATCGAATATCGAAATTCGAAATATGAAATTCAGTTTGATTATTTGAAAATTCGGGTTTGTTTCGGATTTCGTGCTTCGGATTTCGTGCTTTTATTTATTTCGCTCTTCGTTTAACAATTAACTTGCTGGTCCACTTTCTCGGATTGCGGGTCCGGACGCCCATTGCCGGTTTGCCCCACGGAGTCTTGGGATGCCTCAATCCGATACCCGTCCGTCCCTCGCCGCCGCCATGCGGATGGTCGCAGGGATTCATCACCGAACCGCGCACCGTCGGCCGCCATCCTTTCCTTCTCATCGCGCCCGCGGTATGATAATTCTCGAATCGGTATTCCGGATGCGAAGCCTTGCCGATCGACGCGTAACATTCCGCCGGCACTTTCCTCACTTCTTTGGAAGGCATCTGCAATTGGACGAATTGGCCT
CP092821.1_gap23	794807	796196	1389	CTTCCGCCGCGCCTTCCTCGTCATCGGCGCTATCGGAAGACCCCGTGTTCTCGACAGAATCGCCAGCGGGCGCAGGATCGCCTTCGTTTGAAGATTGGCCATTGTTATTTTCCAAATTTCCGGCGGCGGAACCTGTCTCCGGCGATTCGCTTGATCCCGTATTTTGGGCCGGTTCGTCGCCGCAAGCCCCCTCGGTTTTTTCCCAAACGCCATTCTCGATCCAAGTGCAATAGACTTCTCCGGTCGCTTTATCCACCATTTCCAATTGCTCGACCCGCGCGGTCTTGGCGCTGAAAGTTTCCACCACCACCCTTCGCAAGCTGGCCGCGCCATCATAAATCGCCAGCCCCAAAGATTCCAAGATATTTCTCACCTTGGCCAGCAAACTGTTTTCGGATTCTTCCGCCGAATCAACAGTCGTGGTGGAATTTATCAACCCTTGTTCGGTCAACTGCAAACTTATATTGTCAATCCGCGATTGCTGGGCTTTGGCCACTTCCAACAGATAGGCGGTGAATTTGGGATAATCAAGCGACAGATAGCCGCTGGCGTTTTGGCCGACAAGTTCGGGCATCACCGCCTGCACTTCCTGCGCGATCATACCGATCTCGCGCTGGGCACCAAGATTCTTGGCCGCGTCCAGAGAAGTGTCCCAGTTATAATAAATGCCGCGCAGTTTGCTCAAATTTCCGATCACATCCATCTCGTCGGCAATCGATCCGATATTGATTTTCAGCCGGATATCCGACGATGAATTGGTCAATACGCCGTCGGCATCCGAATACACCGCGCGATTGCCCTCGCCGGCAAGCGTCCCAATCCCCACATTGCCGGCCCCGTCGATGCGCAGGCGTTCGGCAATCGCCGCCCCGCCCGTTCTGGTCCAGAAAGTCAATGCCGATGTTTCACTCCCCGATGTTGCCGTGGTCAAAAGATTGCCAATCCGGCCCGTGAGCTCATCCGTCCCCGCGCTGTCTTCGGCGTAAAAATTAATTAACCCGCCAATGCCGTCCGCCGCCGTGCCCGAAGTTTGCCGCCGCAAGCGCAAAACCTCCGCCACGGTATCGGTGGTAGCGGGATTGATGGACAGATACCCGGCAATGCCATTCGTGGAACCGCCGTAAACACCAAAGCTGTTCGTGGAATTGCCGTAAACGCCATAGCCATTCGTGGAACCGCCGTAAACACCAACATTGTTCGCGGAAAGGCCATAAATGCCATAGTTGTTCGTAGAACTGCCATAAATGCCATAGCTGTTCGTGGAATTGCCGTAAACGCCAAAGCTGTTCGTGGAACCGCCACGGACACCATAGCTGTTCGTGGAAAAGAAATTACCCGCGTAATAGGTTCTTCCCCGAATCACATAGCGCAGGCGAACATCGGTATTCG
CP092821.1_gap24	804051	807937	3886	AACCAAATTGCCCGAAACATTGTAGAGCTTGTCGGCAATCGTTTCCGGCGCGGTGGTCTGCGCCAACCGCAACCGCCCGTTCACACGCCGTTCCAAACCAAATTGCCCGAAACATTGTAGAGCTTGTCGGCAATCGTTTCCGGCGCGGTGGTCTGCGCCAACCGCAACCGCCCGTTCACATCCAACAGCTCCGCCGGACTCGTCGTGCCGATGCCCACATTGCCGGTGCTATCAACACGCACCCGTTCATTGCCGGCGGTGCTTAAAGTAATATAGCCATCAGTATGGGTTGCCGCATTGCCAGATGACAGAGTTAAAGGATAGGCACCGGTGGCGGTGGCAGAACCAAAGCTATATTTAGCTCTATTAAAATTGGTCATATAAACCCCCCTGTTCGTTCCGCTCATCACCAGATCATTAGTTACTATATAAGCATTAGAACTTATCGTACCAGCAACATCTAATTTCACAGAAGGCGCCGTCGTGCCGATGCCGACATTGCCGGTGCTTGGGTCAAACACAATGCCCGCGGTTGAAGTGGCGTTCCCGACGCGAAACCCGCCGTTCACATCCAGCGTGTATCCCGGACTCGTCGTGCCGATGCCGACATTGCCGGCACTATTAATTCTCATACGCTCAGCATTGCCTGCCGCAACACCTATCGTTGGCGTAGTGACAAAAGAAATCAAAGTCGGAGCTGGAAGCGACCCACCCACCGTACCACCAAAATAAAGTTCATCTCTTGACGCATCGCGACTATCAGCGGATAAAACGGAAATATTGTAAGTATTGTCATAAGAAGGAATTGCAATACGCCCAAGTTTTCTAACATTTGCCGATAAAGTAGTCGTATTCAAATCCGCCCCAATTAAAATGCCACCGGTAGCGCTTCCAGATTGCAAAGTAGTAATACCAAGCACATTTAACTTTGAAGAGGGTTCCGTCGTCCCGATGCCCACATTGCCGGTGCTCGGGTCAAACACAATGCCCGCGGTTGAAGTGGCGTTCCCGACGCGGAAACCGCCGTTCACATCCAGCGCATACCCGGGACTGGTCGTGCCAATGCCCAGGCGCGAGTTGGTATCATCCCAATACATTCCGGAGAACGCGGTCCACGCGCCATTGTTGTTGTAGAGCAGTTGGCCTTCCGCGCCCGAAGGCAGGGCGCCGCCCGCGGTGAGATTCACGCCGTTCCAAACCAAATTGCCCGAAACATTATAGAGCTTGTCGGCAATCGTTTCCGGCGCGGTGGTCTGCGCCAACCGCAACCGCCCGTTCACATCCAGCAACTCCGCCGGACTCGTCGTCCCGATCCCGACATTGCCGGAATTTGATACGATAAATTTCACGGCATTGGCCGAATTATCCAATCTGAAAATGCTTTTGGCGACCGCCATCGCGGCGCCGGCGTTATCGTTTGAAAAAACAGAATCCACCGTTAACGACGAATTGCTTGCTATCGAAACAACGGTTTTGGTTTCTCCACCAACGGTAATGTTGTCTCCGATACCAACTTGCGTTGTAAAATATGAACTCGTTCCGGCAACAATAGCGGAGCCCGCGCTGGTCGCCACCGTTCCGGAAGCGTTAAAACCGGCGGGAGCTTTAGCCGTCAATCTTGATAATTTTGTTGAAATCCCCCCAATGCCGATACTGCCGTCATCGCCAATAAATAATCTGGAAGTATTTGCGGTTGATCCGCTTGGAGTGGTGTAAATATTATACGAAGTTCCATGGCCGGCGGCAGTCCAATCTTCAGTAGTTTTGGCAATGGCAAACGCGCCCCGGCCGTAAGCGGAACCATCCCAGCCGTAGAAATTATGATAACCCAGCTCCGCGCCGGTAAGCGCCGCGCCATCTATATCGCTTGGGTTCCCTCGTTTATATGTGTTAAGACCATTGGCATAATTACTCTGCGTCCAAAAATATAAATTGAGATATCCGTTGGAATTTTTTGATCCGAATTTTCCTCTGGAAGCGACTTGAAGCTCGCCGCCGCTCGTGATCTTGAATCTTTCGTTGTCTTCGCCGTCGTCAGCCACAAACAAATCCGCGCTGTCAAAATAAGCGGTCAGGCCGGAAGCGGTTTCCCCCAAATATCTGCCGGAAATATAAAGATGGGTATCGTCGGTAATTGAAGCAACTCCGAATGTTTCCGTCCCGATTTTAATCGCGTCCCCTTCCTCCAATTCGCTGGTGAACAATGTTCCGGTTCCCGTCACCAACGCTTGCCCGGTCCCTATCGCCACCGTGCCGGTAAGAGTGGAAAATGATTTTCCCTTAAGGTTGAGAATCGTCTTCGGACTGCTCGTGCCAATCCCCACATTGCCGGCGAAATAGCCATTGCCGTCGCGGTCAACGAAAAACTTCTGAACTCCGGCGACGCCAACGCCCAAAAGCGGCGCGCCGGCAATGGCGCTGGAAGGATTTATCAAAACGCTGGATTGGGCAAAATCGGTCGACAGCGGCTGGTAAGTGAACACCGCCTGCCCCGAAGTTGACATTCCGGAAGTGTTGATGTTGGCGACATAGATATCGTTGAAGCGGTGCGCGGCGTCGCCCAAACTCGCGCCCAAATCGGTTGCCGGAGAAATATCCCCTGAAGATGATATTCCGGCCAGCACCGCTTTGCCGTCGGAATCAATCGAAGACACCACATTACCCCCCGAATCCGCGATCTGGAATTGGTAGGTGCCGGCGTCATCGCCAAGAACCACCCGGGCGCCGCCGCCGGTGGTGAGTTTCAAAAGATTCGCGGTTTCATTGTCGATCGATTCCGCGCCGGCGCCGAAATTCAGCCGGCCGCCGGAAACCGTGATGTCGCCGGACAACCGGATGTCGCCGGTCGCGTCAACCGCGTATGTCCCATCGGCCAGTTTGGCCGCGGTGGCGCCGTTCACCGCGTATAATGCTTGCGTCCCATCGGCGATATCCACCGTGGTCGTGCCGTCGGTAATTTGAGTTTTTCCGCCCGCGCCGGCTTGCAAAATTAAATCTTTGCTCGCGCCCGTGGTAATCCGGCCGGCATCGACAAACGACAGTTGGCCGCTTTCCAAAGTCGTGGACGCCACATCCAGCTTGCCCGCGGCGTAGATGTCATACCATCTTTGAGACGAGCTTCCCAAATCATAACCCAATGTTGAATCAACGAACGGAACGATGCTGGCGGCGTTGTCCGTATCGCCCACCACCAGATTGCCGGTGCCGTTGGGCGCGAAAACCAGATTGCCGTTGTCGGTGGTGTAGAATGTGCCGCCGCTCGTCAAAGTGATGTCGCCGTCCAATACCAGATTGCCGGTTGAATCAATATAGTTGGTATCGGTATGAAATTGCACCGCGCCCGTGCCGTTGGGATTGACGAGCAAATTCGTGTCGGCATCGCGGGTGGAAATGGTGGAAGACTTGATGGCGATGTTGTCGGCTTGCAAAGCAACCCCCGATCCGCCTTGGATCACGGACAATACCGCGGCCGTGGTGGTCGCCGAAAAAGCCGCCGCGCCCGAATAGGTCTGGCTGCCGGACACCGTGAAATTGCCGCGCACGACCGCGTCGCCGCCGGCGCTAACCGTGAAATTGCCGCTCCCGATATCCAGCGAACCGCCGGTGATCGCGCCATGGCGGTTCACCGTGAAACTGCCGCCGCCGATATCCAAAGTGTTGGCGCCCAAATTATCCGGCGGATTGTAACTCTGTCCCAGCGAATAATTGGGCCGGTCCGAATCCATCTGGCGCAGAATTTGATTAACTCGCGCTTTGGTGCCCTCATCGGCGACAACGGTATTGACTTGAGTTTGTATTTCTTTGGTATGAATGGTTTGAATCTCCTTGGTTTGCACTTCCTTAGTCTGTATTTCTTTTTCCGGATAAATGTTTTGGACGATTGGCG
CP092821.1_gap25	912886	916965	4079	CAATTGGCCCATCAAACCCGACAATTGGGATTGAAGAGCGGCAATCTGGGCCGCCAATTCTTCCGCGGTGGCCGCCTGCGCGTTGGACGCGACAGTCGTTCCCGCGATCGCCAAGGCAATCATGCCCGCGATTAATTTCTTGCTATTCATTGTTTATTTATTGTTTTTTACTAAGGTTTTTTAAACCTTTTTTAACTTCGGTCGCGTCAACCTTTGAATCCTCCCAGCCAAAGCTTTAAAGCTGTGAGCATCGCGACTGCTTAATCCTTTGTCCCTCCTTTCGTCGGGACGCGGGAGGGGTTTGAAAATCTTGATCAAGATTTTCAAACCCCTCCCGAAGCTTTTTTGTTATTACTTATTCAACGAACTGTTAAGATAGTAGTCAATTGCCTGGCCGTAATTGCTTTCGTCATAAAGTTTCTTAACTTGCGCCAGATCATTGGCCTGTTCTTCGGACAACACCGTGCCTTTCCTGAAATAATCAATCAGCGAGCCAACAATCTCCTGATCGGACGCGGCCTCGGAAACATCGCCGGTACTGGTGGAATTCTGTTCCAATCCCAGCACCCCGTAAACCTGTCTCTCTTTTTCGTCAATATCTTTCATCGCCAAACCGGCTTCTTTCACGATCGCGCCCGCGTTGGCCGGATTTTGCTTGACCATTGACGCCACTTCTTTCTTTGCCGCGGCCTTGGCGGTTTTGTATTCATAGAACGCCGCCGGCAAATTCTTTAATAAATTCTTTTGCGAGATCACATCAATCTCCTCAAGCCGTTTGGCCGCGAGCAACAAATTGGCCGCCGGATTTTTGTCCTGGCCGGTGGCAATCGCCATTCCCTTTTCGGTGGCCTTTTTTAACGCGTACAGCGGCTGGCCCGGCAACGCGCTTTGCGATGCCGCCACGGTTCCGCCCGCCAATCCCGCGATCAATAACCCGGCAAACGCCGCGCGATATTGAAAAACGAAATTTGACGCCAATGAAAGAAGCGACTGTTTATGTCCTATCGCTTCCTGTCCTAGAATCCGCGCCTTGCTCAAAACCGCCCAGTCCGCATCGGGTTTGATCTCCCTTAAAGTTCTTATTTGATTGATCAATTCTTTTTCGCCGTTCATAGGTTTTTTGAGCCTGATAAAGTTATGACGCAAAACCTTAAAAAATGTTACAGTGGGACAAGTTTTACAAGGTCGCACCTTGCACGATTGCAATCGTGCAAGGTGCGACCTTGTAAAACTTCTTAAGACAATTTAGTTCGCAGTTCTTTCATTGCCCGATGGAGCAAAACCCGGGTGGCTTCTTCAGAGCGATCCAGAAGGTGGGACACCTCCTTGATCGGCATATCTTCAAGGTAACGCCAGATGATGGCGTTTTGGTAATCTTCGTTCAAATCCACCATGGCTTTGCGCACGGTTTCCATATCCGAAGCCAGAACCGCTCGCTGTTCCAGATCAACCTTGGTATCAGCCAGCTGGCTCTCGACCAGCTCCGGCGAAACCGTTTGAATCTTGGCTTTGGCGCGGTAATGGTCGATCACCAAATTTTTGGCGATTTTGTACAGAAAAGCCCGCGGGTTTTTAATTTCATTCGGATTTGTTTTATAACTCTCCCATCCTTTGGCGAAAGTTTCCGAAGTCAAATCCTGCGCGATTTCCTTTGAATTCACGCGCAAAAAGACAAACCGGTAGATTTTTTCCACATGGTCGTCATATATCCGGCTGAATTTTCCCTGAATTTTATCCATAATTATCAAACAGCATAATTACCGCTTGTTTTATAAAGCGGCTTAATCAATCGTGTCCTATCAAATATATCACAATTCCCGACAAAAAACAAGCTAAAAGCTATTGACAAATCGGCGACACACTGATCTAATTTTATGAAATGTTGATCTTTAATTTATAGGCCGTAGTGTTGCGTTCGCCTGTTCTTTCGATCAACCCCTGTTTTAACATTGAACGGAAATCGCGGCGGATGGTTCTCTTGCTGATGGCCGGGAAAATTTTGAGAATTTCCCAAACCTGCGCGCTGCCGTTTTCCTTCAAAAATTCGGCAATCCGATTCTGGCGCGCGATCTGGCCGCTGGTTAATCCGCCCCTGTCGTCTTCATCGTCATCGTCATCGCTCTCGTTTTCTTCCTCGGACGGACTTTTGATTCCCCTTGCCGCCTTTGAAACCGAAACGACTTCAACCGTTTCCCCTTTTGCCGTAACGCCGGTTTGCGGTTCGTTTGCGGGATTATCCGTTGCCGACAAAACCGATTCGGGTACAATCATCGGCGCCGCCGACTGCCGAAGCTCCACGCTCTTCGGCAAAGGACAAATTATTCGGGCGTCCATTCTTCCCGCGGCCACCGACTCGAAATCCGCGGCCGCGGCTTTTGATTCGCCGTTTTGCGATTTTTCTCCTCCCAAGACATTTCTCGCTTCTTGACGCGACATTTCAATTTCATCCAAGGCCGGAACGATTCGCGCGTAATCGTTTTTCAGCTCGTTAATCTTTGCCGGCGAAACCCAATCCTGCGAAACCGCAATCTGGAAATAATCGTCCATCACCTCCAAAAGCCGCTTCAAATCATCCAAATAACCGTTATTTTCCATAACAAATTTGGCGATGATATCATCGGCGATCTCCCGCATCTTATAGCGCAGCGGCTCGCGCGCGGGAAAAAGAACGGTCAACCGGTAAACATCTTTGGCAAGTGTCGTAAGAGTATTTTTGTCCATAGAAATATTCCCCCCGTACATATTGTTATCTTGGATTGCGAAACCATTAAATTCAAATACCGTTGAAGGTCTAACCCTTGCGATTACGCAAGGGACAGACCCCAAAAGCCAAGCGCGACGCAATGCTCAAAGCATTGCAGTAGCAATGCTTTGAGCATTGCAAAAATATCCAACCGCGCAAACCGAGTATATTATTACTTTTACACTGTTTTTAAAATTTGTCCAAAACGGAAATCAATCAGTTTTCAACTCCGGGAGTTCCGCCCGGAACCGCGCTCGTTTTCCAGAATAAACTCGGCAGGCGCGCCATGGTTTTTTTGACCGCGTTATCCCCCGCCGGCCATTTGGCTGCGGCAAGAACCGAATCGCGCAACCGGCAATCCGCGTCAAAAAGATACAGCGCTTCATTCGAGTTCCCCAGACCGCCGGAATAGATTTTATCCGCGGTAATTCCAACAACCGATTCGTCATCGGTTCTTTCCAATAAATACAAACCTCCGACCGGTAAAATTTCACCTTCGCCGAACGAAATTTTTATTTTCCGGTTTTTATTCTGCAATTGCCAGCCGGAAATATCCAAATCCCGGCCGGAAACATTTTTCAATTCCATCCATTCGTCGCTGTAACTTTGCGCGGTTCCCATCCACGCCACTTCATTGATGATAATCTCTTTTTCCGGCGCCGGTTTTCCGGAAACTTCGCACCATTGAATCACCGGCTTTGCCGCCTTAACGGTCTTGGTTTTATCCGATCCCGTTTCCAATGTACCGGTTGAATTCGCGATCCGCGGCTTAATTTCGACCCATTGGCCGCCCGCGCCGAAAACCCGGCTCATATCCGCTCCCAGCGCCGCAAAACCAATCCCCTGCCGCGCCCAAATCAAGCCGCCCGCCAATAATCCGGCGGCCAATAATCCGACAATAACAATATATTTCTTCTCAACATAAAAAATCATTATTCCATTATACCAACCTCATTGATTTTAACAAAAAAACCGCAACCGCGGCCTTTTTCTCCAACCACAAAAAGAATCATCGCGCCCGCCGTTTTTCGGAACCCTGCGAGCGCGACGGCGCGAACACGAGGAATCCCGCCGCGGCGGGATATCCATGTTCCGAAAAACGGCGGGCGCGATGATTCGCCGCCTCTATAACCCGCTCAATTCCCTGATCTTGGAAATCGGGATCACCGACACCTTGCCGGATTTATCGATATCGCAAATGCCCATAATGTTGCCTTCGATATCAAACGCGGGCGCGCCCAGCGCCTCGGCTTTTTCATAGATATTGGTGTTTATCGCGTCGGGCGTAAAATCGCGGACCAATCCTTCATTGACAAAATTATCTCCCGATGCCAAC
CP092821.1_gap26	921737	925362	3625	CCAAGCCAAAACCGACAGCCAGCGCGAGGATCACGATAATCGCGATGATTAAGCTTCTTTTCTTTCCCTCCGGCTTGTTTTCAACCGCCTGCGTCGGCTCCATTGTTTTATTCTCGGTTGAATTAAGATCATACATTGACATAATCTTAATAATTTTCAATTTTCAAACTCCAATTTTTGCGCCTCGGGCGCAAAAATTCATTGAAAATTGATAATTGAAAATTGTTTTGTTACATAGCTCTATTCCCAAAGTTTCTTCGCTTCTTCCCAAAATTGCGGTTGATCGCGCTTTTCCTTCATCCAATACCACCACTCCGACCCCCATAAATAGAATGTGTCAAAGCCGGTGTTTTTGGCGAATTCGATATTGTTTTTGAATTGTTTGATGTCCATGGTCTTGGCATCGCTGTCGCCGCCATCGTAAAGCTGATTGGCCGCCCACGGTTCGGCCTGCAATTCGCCGCAAATAACTCGCTTTTTAAAAACCAAACCGATAATTTTGGATTTCACCCAATAAAACGCCGGCGGGATCGGATAGGTAATATAGGTTTTTATTTCATGAAAATACACCCGGCGGTACATGGTTACCGCAACGGTATCACCGATCATGGCGGCGTTGAACCACCACGAACCCTCCCCGCTATCCGATATTACAACACGACGCTTTTGCTCGTCAAGAGACCGCGCCAGCGCCGCTTCTTTTTTTAAAAAATCTTTGTCGATCCACGGACAATCGCCGAATTGAAACAGCGGTTCGTTTTCAACCTGCCAAGAATCCACCGCGGAATTACCGCGATAATGCAACACCAGCGCTTCCAGCATCGCCAATATCTTTTCCTGTTGCCGTTCCTTGCCGATGTTCTTGGCCCATTCGGGCACATGGCATTCGGGCCAGCGCGGCGTTTTCATGCCGATGGCCAGCATAACTTTGGCGTTATGGAGCTTTGCCTGTTCCATCTGCCAATCAAGATCGGAAAAATCATAAACGCCATCCTGCGGCTCGATCAAATCCCAGTGCGCCGCGATCTTTAAATTCTTGACTTTCAAATCATCCAACAGCGCCAAATAGGCCTCTTCCCAGTCCAACCCCATATCCTTGGCATGTTTTTGCGAAAACGCCGCCCCCCAAGTAATGTTTTTTGCCATAGCCGCTTTATACATATACAAAAACCCGATCGCCAAGGCTAATGAAATTATTACCAGCCATAAAACAATTTTCTTTCGCATTAGTATATTATACCAAATTTTTCCCATAAAAAAATTTGGCAATTAAAGAAAATGTCCATACATCGGATGTCTGGACATTTTAAACCGCGCCGAATTTAGGCGCGGGTTTAGTCTTTTCCCAAAAGATAAACGCTAAACATTATTCCAATCGTCGTAACTGATTTCGGCTTGTTTAAGAATTTCTTTAAGTAACGGCACGCCGATAGCATCGCTTCCGTGCGGCGACGGAATACTGACTTTCAAAGTTCCTTTTTTCATAAAGCGATGCTTTCCTCCGCTTAGCGGGCCTTCAAATCCCAATTTCTTGAACTTTTTTATCAAAATTCGGCCAGAAACGGGATTAAGCATATTGTTTTGTCAGAACTCGCTTTGTTTTAACTGACGGCGTTAATCCGGGGATTGAATCGCCATCGGTCAATTTCAACAATATCCATTCTTCCAGCACTTCTTGCAATCCCTGCCGGCAAATTTCCAATGTTTTTCCATCCGCCCAAACTCCTTTAAGGCCAGGAATTTCGCCAAAATAAGTTCCATCTTCCAAAATCTTATAGGAAGCTTTTTTAAATTGTGATTCTATGTATTGGGTAATCATATTGTTTATCAAATTGTTTTTTGATTATACAATTGGCCGGCGAATAGTCAATTCAACGCGAAAATGGCCAGGCCGAGCATTATCAAGGCGATGGCGGCGGCTTTTTGGACAACGGCGCCGGAATCGACTTTTTCCTTGAGAACGCCGGGAAGAAAAATCGAGATTATCGTTGAAAGAACGAACAGTGAAATATATTGTATCCCGGCCATGGCGTTGATCACCGGCACGCTGGCTTGAGGAGCAAGCGACACCGCCAGACTTTGAAGCAAAAACGCGGCGCCTCCCGCGATCTGCCCGATGAAAAACAGAAAATTGGGCCGGGCGGCTTTTTTGACGCTGTGGCGGCCAAACACGGTTTTGCGCACATCGCCGGACAAAAGGAAAGTCAGCGCCGCGGCCACGGATCCAAAAGCCACCAGCAAAAACCCGCCCAAAAAAGCCAACCGCAGATAAACCAATTTTGACAACACCACCGATGACGCAAAAAGCAATGATGCCATGCCGATCCACAAAAAACCGCTCCTTTTGAAAGAAATTCCCTTGGCCATGATCAGCCAACTGCCGGCGATCAGCAAAAAAAATCCCGCCATTTCTTTCAACTCCAGCACCGCCTTCCCTCCCGAAACCAGCGCGGTCAAAAAAAATCCGAAAATCGGCACCAAACTGCCGATGATCGGCACCACGCGCGACGCTTCAAACCGCCTTAGCGCGGAAAGATAAAAATAAGAACCGTATATCTGCGCCGCGCCCGCGGCAACGCCAATCAAAAAAAGCGCCGGCGCGGGACCGGCCCACGCCCCGAACGGCAAAAGCAAAAACGCGATCGCGCTCAAAATGCCGATATAGAACGCGTAAAGCTTGGGATTGGAGATCGACCCGCCCAATAAAATTTTGTCGATCAGCGCCGTCGCCGCAAGCAATATGTAACTCCCGATGGCAATGTATAACCAGAGCATGAGTTCACTTCGTAATTTTCAATTTTCAAATTCCAATTTTCAATAAATGTTCCAATTATCCAATGAACAAACAAAAATACCGCGTATTCGTTTGAAAATTGATTCATTGTCCGCCGGAGGCGGATGCGCCTCGGGCGCAAAAATTCATTGTAAATTGAAAATTGATAATTGAAAATTAATTCAGTTTTCCTTTGTTGGCCACCAGCCTTTCAATATGATAGGTTCCCAGCTTTTCGCCTTCGATAAATCCTTCCATCGCCGCCTCGGCCAGATAGCCTTGGAAAAGCCAGTCATCCAGCCACTGGCCGATACAGTTCATATCTCCCTGCTCGATGCCAAAACCGGAACGCAACAACCAGCTCTTGTTAAAATCCTCTTGCGAACCGATGGGCGGCGCGACGATGATCGGCACCCCCAAGGCCGAATAAAAAGAAAGTTCGCTGGGTTTGGTCCACAAAATATCGACTTTGCGCAATGTCTTGTTGAAACGGTTGAAATAATTTCCGATTTTTTCTTCAAATAAAATTTCCAGATTCGGATTCTTTTCCAGCCTCAAACCACGGGCCGCGTTTTGGAACAATTTTTTCAATTTTTTATTCGTTCCCGCCGAAAGAACCAGTTTCATTTTTCCTTCCCTTATCCGCGGGGCCAGCTGGCGCGCGATTTCCAAACCGATCTCGCTTTGCGCGCCCGCGCCGCCGGCGGAAAACATAATCGCCGGCAAACGGCCCGCGCTTCTGGGCAAATCTCCCAAAGTTTTTTTCGCCAAATCGCCGTATTTTGAAAGATAAATTCCGGCCGGATCAAGATTCGCCAGCCGGCGGCCGAGATCAGCCTTGGCAACATCCAT
CP092821.1_gap27	926750	927462	712	ATTAAGCTGCCCATGATCCCGGCTCGCACCGCCGAGGCCGGAAAACCGATCATCGCGATAAACAGCCAAACAAAAACCAAAGTGGCCCGAAGCGCTTTCTGACGCCACCACCCCAACGCAATCAACAACGGCGCGATAATTCCAGCCATTATCGTAATATGGGTTCCGGAAACTGCGGCCAAGTGCCGCAATCCCGCGATATTCAACTTCTCTTTCAACTTGGCGCAATCAGGATCCGCCTCAAGCTCTTTTGTCGAGCAACCGGCCAAACCGCTTTGATCACCCAGCAGAATCGCGATTAAAAGCGAGTTATGCGGAGACGGCAATGCCTGGCCAATCCCCTCTTTCAGCTTGTGCTTAATCCAAAACAATCCCGAATAAATCAAATTGCCGTTGCCTTCGGAAATCAATTCTATTTTCGGATAGCGCGCCATGGAATAGACTCCGTCCTTGGCTAAATAATTTCTATAATCAAAATCGGAAAAATTTTGCGGTTCTTGGAGCGCGGCAATAAATTTGATCCGGTCGCCGTAGCGATATTCCGGGTAGCGGTTGGCGATCACCAAGATTTTTCCGTTAATACCGCCCGGCTTCAGAACGATCTGTTGGCTCGCCGGACTCAAAATCGGATCGCCGGCAATGATGCCTTCGATCTCCGTGGTTTTGCCGTTAAACTCTGTCAGTTGGTTATTCTGCGCGGATTGCCAAACGC
CP092821.1_gap28	933169	936690	3521	GGCTTCCAGATTGTAAATGTTATTGGTTTCCTTTTGATATTCCACCATGCGCGCGCGCATAAAATCCATCACTTCCAAGGCAAACGCCCGGCCTTTGTGCGACGCGATGTTTTCGCCCAAAAAGTTCACCAGCATTTCATTCATCCCGACCAAGCCGATGGTTGAAAAATGGTTGCCGTAATAAGCTCCGCGCGACTTTTTGATATTGGAAAGATAGTGGCGCGAATAAGGATATAATCCTTTTTCAATGTAATTTTCAATCACCTTGCGCTTGAGTTCCAAGCTTTCCTTGGCCAGATCCATCAGATGTCCCAAGCGTTCAAAAAACTCTTTCTTGGTTTTGGAAAGATAGCCGATGCGCGGCATATTGATCGTCACCACGCCGATAGAACCCGTCAGCGCGCCCGAGCCGAACAATCCGCCACCGCCGCGATTGTGCAATTCGGTCAAATCAAGCCGCAACCGGCAGCACATACTGCGCACATCCTCGGGACTCATATCGGAATTGATATAGTTGGTAAAATAATTTATTCCGTATTTGGCCGTGGCTTCCCACATCGGCTCCAGCGCGGGATTATCCCAATCAAAATTCTTGGTAATGCTCACGGTTGGAATCGGAAATGTAAAAACGCGCTGATTTTTATCGCCATCCAGCATCACTTCGTAAAACGCGCGATTGAGCATATTCATCTCTTCCTGGAATTCGCCATAGGTTTTATCTTGCGGCACGCCGCCGATAATCACCGGCTGTTTGGCAAACGACGGCGCCGGAGTCAGATCAAGAGTAATATTGGAAAACGGACACTGAAAACCCACGCGCGTCGGCGTGGCCATATTGAACAAAAATTCCTGCATCGCCTGCTTGACCTGCAAATAAGTTAAATTGTCATAACGGATAAAAGGCGCCACCAAAGTATCGAAATTGGAAAACGAAACCGCGCCGGCAACCTCGCCCGCCAAAGTATAAATGAAATTGACGATTTGCCCCAAGACCGTGCGCAAATGCTTGGGCGGGACGGATTCCAGTTTTCCCGGCGTACCGCCAAACCCGCGGCGCAAAAAGTCATACAAGTCCCACCCGGAACAATAAGGCGCCAAAGTGTCCAAATTGTGCAAATGGAAATCACCCGATTCGTTGGCTTCGCGGATTTCTTTGGGATAAATTTTATTCAGCCAGTATTTCTTGACGGTGTAAGAAACCGCGTAATGGTTCAATCCCTGCAAAGAAAAAGCCATATTGGCGTTTTCCTGCACTTCCCAATCCATCTTTTCCAGATATTGGTCCACGCGCTCCATCGCTTCATCGCTGGCCACGGCCGCGTCGCGGATACGGCGGCGCTGTTCGCGGTAAAGAATGTAGGATTTGGCCGTGTCCACCAAGCCGTCCATAATCAAAACCTCCTCGATGATATCCTGTATTTGTTCAACCGAAGGAATGCCGTCGTTCTTGAACCGGCGGTTGAAAATTTTCAAAACTTCATCGGCAATCTTTTTGGCCTTGGCTTCGTCTCCTTGGCCGGTAGCCGTGACCGCTTTGAATATTGCGTTGATTATCCGGTCAAAATCAAAATCCACGATTCGCCCATCCCGCTTCTGCACTTTGGTGATTTTATTTTCCATAATGAACCTTTTGTTAAATTAAAAACGACTTAAAATCCGATCTATGGTTTGCATAAATCGGCAAACGGAGTTTTTCTATAAGAATATTTTCTATTTTACCCCACCCAAAATTCCCGTCAACCGCCAGTATTGTACAATGCAACCGCTCACCGGAGGCAAAAACACGCTGCCTCAGCAAGGGATTGCTATTTTGTAAAATTCCAATTTTTCTTTAGGATACCCGCCTTCGATAGCTTCGATATACCTTAATCGCCGATGTCGCGCAAACAAAAAGTCCGTTAATGTTTGGCCTCAACGGGCTTCAACCGCCAAGCATCAACCAGCTACTCATTCAAGCAACGCTTTGTTTGAATTTTTTGACCCGACAAACTCCGCCAAATTGATTTTCATAATTTCAAGATTGATAATATCTCCATTTTGATCGTAATTAATCACAACATTGTCTCTGCCGCATTTGTTATAATTCATATCCCACCGCACCTTTTGATGTGATAAGCATTACAAGCTTGAGGCCAGGGAATGTTCTTTTATCGACCTGTTTGCTGTTTTGAAGCACGACGATATTTGTTTTGTTAAGGAGTTTAACATAAGTCGCGTTTATCATGAAGGTTTTACTTGCGACTACGGTTTGGTTGGTAAGAACTGCCTGCGGATTGATCGGTATCCAGACATAAACGAAAGTCGATTGCGGAAGAGTCACAAGCGGCGCGGAGTCATACTGTATGCCGGTAAGCTGAGCGTATGCGAGCATTTTGTTGCTAAAAGACTTTTTTAACACAAGCTTGGTGGTGTGTCCCGCCTCATCTTTAATCATATACCCAGAAGCAGTCTTTGTCACAGTGACGCTTCCAAGATTGTCTTTACCTGCCACGAACAAGTCTTTTAATGCGATGTCTGCCATAATTTTTGCTTCCGGGGCGGTAAGGTCAATGTACAATTCCGCAGTCTTTGTTTCTTCAGTATTTCCCGCATTATCGGTCGAGCGATACTGCACGACATGTTTTCCCTCGCCTGCCAAGGTAAAAGGCATTGTGTATTTTTGCCATGTTGTATCATTGTCAAGTGAGTACTCTGTCTTTACAACGCCGGTTCCTTCCGCATCATCCTTTGCGGCAAAAACTATAGCAATGTCGGAGCGGAACCATATGGGGCCACCGGCACCGGAAGCAACGAGGGCAGTGGTGGGAGGTACAGTATCTGTATTCAGAGATTCGAGATGTACAATAAGCTGATTAAGCAGGTCAACATCTATTTGCGAAAAAAACCCGTCACCGTTAAGGTCCCCGCTACTAAATAGACCTTCATAATATGTATTGAGATCTTCCTGAAGTGCCGTAATGTCAAGTCCATTTATCTGGCCATCGCCATTGACATCGCCTAGCCCACCTTTTGCAATTTCCACGCGATATTTTATCACCCGTTCTTCTCCGGCAGGGATTGTCTCATCAAATTCTATTGTTGAGCTTGCGCCTCCCATGGCACCCATCACCCCCGCACCAAGGCCATAGAACCGTACCGAATACTCGCCGGGGAGCGGATTGGTAAGAAGGAATTGTTCAATCTTTCCATTGCCGCTATAGAAAGAACCCGGGATATCATTCAGTTCTCCCGTAGCAGAAGTATAGCCCATTTGCCGACCCAGCGGATCAGTGATAATAAAATCAACCGGATCAAACATGCCATGGAACCAATTCTTTATATTCGCAAATGTATTTTCTGTCTTGAGCGCATGCAGAAGCAATTCAGGAGAAAGCAAGGGAATCAAGTACTTCTTTCCGCCAAATGTAGCCTCCATTGACTCTAAATCATTCGGTATAAAACCTGCGCCATTTCGATAACCAACAGTTTCCGCCGCCCATTCCACCAACCCGACGCAGGTAAACGAATTATCACGGCCTTTT
CP092821.1_gap29	938324	938873	549	TGCTAGCGCCCTACCGGTTTTCGCTTCCGCACCGGAAACAATTTCGTGCTCATTCCTTGATTAAAAAATACTTCGCCCACAAAATGGCAAATCCGGATTTCGAGATTCGCGCTTCGGATTTATGATTTTTCAGAAGCCCGTGGCCACGACCGTGATCTTGATTTCGCCTTTGGGCAAAGTTTGGTCGTGAACCGCACCGAAAATCACCCGCGCCTGCGGATTGATTTCCGAAGTTATGATTTTTGCCGATTCTTCAATTTCGGAAAGACTGATGTCGGCGCCGCCGGAAACATTGAATAACACGCCCTTGGCGCCGCGCGCCGGAACATCAAACAGCGGCGATTCAATCGCCGCCCGGGCCGCCGCTTCGGCCCGCTTTTCGCCTTTGGCCCGACCGATGCCGAAAACCGCGCGGCCGGAATCTTTAAGAATCGATCTCACATCCGCAAAATCGACATTGATTATGCCCGGCGATAAAACCAAATCCGAAATGCTTTGCACCGCCTGGCGCAAAATTTCGTCGCAAATCCAAAACGCGTTGGTCAAAGT
CP092821.1_gap30	955615	958180	2565	CCATGGCCGCGTTATCCATTGATAAATCCGCGCCGGGCGCGAGAAATTTCATATTCAGTTCATCAGCCGCTTTTTGCATTGCCTCGCGCAAAGCCGCATTGGCGCTCACGCCGCCGCCGATAATGATTGATTTGGCGGCAAATTCTTTGGCCGCCCGCGCCGTTTTTGAAACCAGCACATCAACGATCGCCTGTTGAATCTCAAAACTCATCATTCGCGGATATTCCGGCGATTTTCGCGTTTCTTCGTTCTGCTTTTGATGCGCGTACAGCACCGCGGTTTTCAATCCCGAAAAACTGAAATTGTAATTTTTTTGGGCAATCATCGGCCGCGGCAATTTGACTTTGGTTTCCGAAGGAGCATCTAAAAGGGTCGGACCCTTTTTATTCAAAAAGGGTCCGACCCTTTTAGAATATTTTTGGGCATATTTTGCAATCTCCGGGCCGCCGGGATAGCCCAAGCCCAAAATGCGCGCGGCTTTGTCAAAACACTCGCCCGCCGCGTCATCTTGGGTTTGTCCCAGCAATTTGTAATCGCCGATGCCGCTAGCCAAGAACAACAGCGTGTGTCCGCCCGAAACCACCAAACAAACCGCCGGCAAATAGTTTTTGGCAAATTTTTCTTCGCCGATTTTCAAAGTTATCAAATTCGCCAAAAAATGCGCCTCCAAATGATTGGCTCCCGCCAACGGCAAGTTGTATTTCTTCGCCAAATCTTGCGCGAAATTTATTCCCGTCCATAGGCACGGATCCAAGCCCGGCCCTTGCGTTACGACGATAAATTTTAATTTTGATAAATCAAATTTTTTTGTCGCGTCTTCAAAAACGAAAGGCAGATTTTTCTGATGCTCGCGTTTTGCCAAAAACGGATACACTCCGCCGTATCCGGCGTGCAATTCGGTTTGCGAAGAAACAACATTGGACAGCGCCTCAATCTTCTCCAATTTCCCCTTATCCTCCTTTGCCCGCAAAACGCTGATTGAAGTGTCGTCGCAAGAAGTCTCAATCGCCAAAAAATACAGTTCTCCGCCTTTTTTTGCAAATTGCATAATTGCTTTAAATTACGAAACCATTGAATGCGAATGCTTTAAAGCGGTCTAACCCTTGCGATTACGCAAGGGATAGACCCCAAATGCAAAGCGGTTCGCAATTCAAGATAATTGATAATTCATTGAAAATTATTTTATATTTTCCAAAGCCAGCTTCACCGCCCCGATGACCGGATCGCCAACAACCACAAAATCAAACTTTTTGGGATAATAGCGTTCAATCTCATTCATCGCGGTATCAGCCACCCAGCGCGATTTATAAACCCCGCCCGCCAGCACCAACGGCACTTGCTCAAAAAAACTAAGCTTGGCAGCGGCCACGCGCACCGACAGTGCGATTTCTCTTCCTGCAGCCAGCAAAATCGCTCGCGCCACTTTGTCGCCGCCGATTGCCGCTTCATCGCATAACACCGCCAATTTCGGCAAATCTGATTTGGAATCTTGATACACAAATTTCAGCAACTTATCAATGTTGTTAAATTTATATTTTTTAAACACAGAATCAACCAAACTTGTTTTTTCGCCCCGGCCATCTACCGACTCGGCAACCGCTTGCATAACCTGGCTACCAATCCATTCCGCCGCACCCTTGCTTACCCATCCTTGATTATTAACCAAAACCTCTTTACCATTATTCCAACCATGCGTCGCACTGCCAGTACCCGCAATCGCAACAATTCCATCTTTTCCGCTAGCGCCGGAACAAAACGCAATAAACTGGTCAGAGCCGATACTCACTTTGCCCTTAAAAATTTTCGCTATTTTTTTATTCTTTTTAAGTTCCTTGATAATCGCAACTTTTTCGTTTTTATATTCTTCTTCCATCGCCGGCAAACCGATAAAAACGGCAACAATCTTGGCGTTCTTTCTTCTTTTTATGAGATCATAAATTCCTTGGGCAACATTCTCCATCGCCAATTTTGCCCCCGCGTTGCGCACGCTTGACCCGCCCGCCGCCGACCGCGCGACAATTTTCCCGTCCAAATCCGCCAGCGCGCACGCGGTCTTCGTCCCTCCCCCGTCCACCCCGATGACAAATTCATTCTTTGTTTTTTTGCCAATTTTCCTGTTTATCATTTATTATTTATCAATTGATAATTGAATTTACTATCATTCTACCACACCACACCTCCATATAAAAAAAGGAAGCCAATACGCAATTATCGCAATTGGCCATGGAGCATTAAATACTTAAATTTCAATTATTAAATGCAATTCCTTGCTTCCAATAATTTCGAAAGATATTTTTTGCTCATTTAAAATCTTTTCTAAACTTTCTAACTGCTCCGATGTCATTCTTATTGTCATTTTATTTCTCTCCATCGCAAAAACAAAACACAACACACGGATTATCTCCGTGGTCTATATTTTGCTTGATATTTTTTACTTATCACGCCTTGCCGAAAAAGTCAAATTTTACCGTCGTCGTCCATATTGCGCGAAACAATGGAGCCGGCGTTGATTTGGCAATTTTTGCCGATAAAGCGGGCGGGCAAAATGGTCGCGCGCGCCCCGAT
CP092821.1_gap31	1011977	1012784	807	CAAGGGTCTAACCCTTGTTGATTATCCCTCGGGGATACTCGGGACAGGCAACAGGGTATAGACTCTTAAATACAAAATCCCGGTAAAAAATTACAACATAATCCCTCGCCGGGAATGGCATTTTATTGCTCCCCCTTGCGCGCCCGCGCCGCGAACGCTCCGATAATAAACAGCGCGGCGGAAAGCGCGAGCGCAATCGCGATCGCGATCGCCAGGCTGAAATCGTTTTTTAACCTGCCGGTCGCCGAAACCTCCTCTTCCTGATCGGCAACCGCTCTGGCGACGGCATCGCCGTTTTTGGCAAACACCAATACTTCCGAGCGCGCTTCGATCCGGCCGGAACTGTCGGTCTGCGCCGCGTAGACGCTGTGCCGGCCGTCATCCAAAGGTTTGTCCAGAGTGTAGGTCCAGCGCCCTTGCTCGTCGGTTTTAACCACCACGATCACCGGCGAAGAAAAGATAAACAATGTAACATAGGAATTAGGCAAGCCCCAGCCTTTGAAACGAATGCCGGTTTTGCCGCCGGAAAGCGTTACCGTGCTTACCGGATCAATTTCATCAAAACGGTAAATATCGGTTTTCTTGGGCGCGGATGTTTGCGGGTCGTGGTATTTGATTGAAGCGAAATTATCGGGTTTCAGCGGGTCATAACCGTTGGCGACTTCGTCGCCGTCCAAAATGCCGTCGCCGTCGGTGTCGGGATTGAGCGGATCGGCGCCCAGCGCGATTTCCCGCTCGTCATACAGACCGTCGGCGTCGGTGTCTTTCAGCAACACCGCCTCGCTTTGCCGGATCGCGGCTTCTTGA
CP092821.1_gap32	1016625	1019684	3059	TTTGCGGCAACATCGGTTCTTGCTCCCGCGGATTCCGACTGCGCGCCGCCGCTATCGTTAAGCGCGAAAGAACCGGCATAGACCGGCAAAGGAAAATAACTCTGGGTCGCGGAAGCGTTGGCATCGTTTCCGGCGCCAACGATTCCCAGCCCCAAAACATCGCCAACGGTTAAAATGCCATCGCTTGAAACCGAATCCGCGCGGCGGGCGCAACCGCTCCCCGCGCACGGCGTCAAACCATCGGAAGATTGGACAAGTTGCGTTGGTTGGTTTGAATTTTCGTTCGTGTTTTCCGGAAAATTTCCCGAGTTGGCCGCGGGCGAACCCCCGGTTCCCGGCGAACCAACCGTGCCGTTTGGCGTCCCGCTGTTGTTTGTATTTGTGTTTGTATTTGTGTTTGTATTTGTGTTTGTATTTGTGTTTGTGTTTGCGTTTGCGTTTGCGTTTGTTCCCTCATTCACATCCACATTGGCATTGGCACTTACATTTGTATTCACATTTGTATCGGCATTCACATTGACATTGACATTGGCATTTACATTCACATTGGTATTCCCCGTCACGCTTCCGGCAAGATCGGAAATATCTCCGGACAATCGGTTTTCGTTGCCGCCGGCGCTGTGCGCCCGCAAATTACCCGCGGCCTGCGCGAATTCCGGATTGGTTTCGGCGTATTTCTGCGCCTCGGGCGAAGCAAGATAATCATTCAACGCCTTGATGATCGCGCCGGTATCCTCGCCCGCGGCCAAAGCCGCCGCGAACTCCGCCTTGAACGCCGCGATCTTTAAAGCCACCTCGCTCCCCCCTCCTCCTCCGTCGCTGGTACCGTCAACGCTGATATCGACGCTACCGCCGCTTGAACCATCGCCAGCATCTCCAAATTGTGCACAAATGTTTTGGTTAGATACTAAAAAACCAAAAAATAATACAATGAAAAATAACGGCAAAATTAAAAAAGAAGAACAGTGTTTAAAATCAATAATTCTCATGATTTTTCCTGTAAAAAAGTAAATTATTTTATTATAACACAATTTAAAAACAAAAAACGGCCGATGCCGCTAATTATACATACAACCAATCTATAAAATAAATTTGGGAGGAGTTATAAGTCAACTCCTCCGAATTCCATTGTTTGATTCATTCTTTCAAATGAATCTGGATCGCCAAGAACATTTACCATAACATTCTTGGCAACTTTGATCGAAACATAATATCCCGGTTGGTTCAACCATGGATCTCGACTTACGAGATGTTTCACCGCTGGAAATTGCCCGGCAAAAAGAATATTAGTTACATTCACGGAGATATCCTTTCCGCCCGCAACTTCGACTAGTTTCTCCATGCACTGCTCATCAACTAAGACAGGATCATCTATTAACCGGTCATAGACTAATATCTCAACATCGCCAATAACTCGATTAACATCATCCCTAAAGATGACCGTCCTTGCATCGGCATTGCCTGTTATCTTATTCTTGGATGTGTAATGACCAAGGGAAGTCACTACCTCATCCCCGAGATCGAAACTTAGGTTGATAGGACCGTTTTCAAGCTTGATTTTATGAGTTTCTATCAATGGTCCTCTTTCGATGTTGCTATAGTCCACTGTTGTCGCAGAACACAACATTAGCATCACAAAGGGTAACATTACCCATACCAACTTCATAAACTTCATTTTCCCCACCTAATCCCGCGGTAATCTTTTTACTAAAACTTAGTGATTTAGTTTTTAAAGATCGCCGCTCTTTTTACTATTACTATAGTACACCATATACCCTGTTTCTGTCAAGCTTGACAATGATAATCGCTCACCGAGTATCTGTATTTTAAGGTCGTTCCTCGATGTAATCGTCGAGGTGCGACCTTGAAATAACTCTGGGTCGCGGAAGCGTTGGCATCGTTTCCGGCGCCAACGATTCCCAGCCCCAAAACATCGCCGGCCGCCGGAATGCCATTGTTTGAAACCGAATCCGCGCGGCGGGCGCAACCGCTCCCCACGCATGGCGTCAGACCATCGGAAGATTGGACGAGTTGCGTTGATTGATTTGAATCTTCGTTCGTGTTTTCCGGAGAATTCCCCAAGTTGGCCGCGGGCGAACCCCCGGTTCCCGGCGAACCAACCGTGCCGTTTGGCGTCCCGTTGTTGTTTGTATTTGTATTTGTGTTTGTCCCCTCATTCACATCCACATTGGCATTGGCACTTACATTTGTATTCGCATTTGTATCGGCATTCACATTGACATTGACATTGGCGTTCACATTCGTATTCACATTGGCATTCCCCGCCACGCTTCCGGCAAGATCAAAGATGTCTCCGGACAATCGGTTTTCGTTGCCGCCGGCGCTGTGCGCCCGCAAATTGCCCACGGCCTGCGCGAATTCCGGATTGGTTTCGGCGTATTTCTGCGCCTCGGGCGAAGCAAGATAATCATTCAACGCCTTGATGATCGCGCCGGTATCCTCGCCCGCGGCCAAAGCCGCCGCGAACTCCGCCTTGAACGCCGCGATCTTTAAAGCCACCTCGCTCCCTCCCCCTCCTCCGCCGGTGCCGTCAACGCCAACATCGGTGCTACCAGCCGATCCACCAACAGTATCACCCCCACCACCGCCAGCACCTATTTCTGCATTAACTCCTAAAATAACCAAAAATAATAATTGTAATAAAATTATAACTATTAAAAAATTTTTAAATTTATTTAATCCCATTTCTAATAATAAATTATTTTATTATAACATAAATTTAACCATCAACTATACAAGAATAAAAAACGGCCTTAAAGGCCAAAAAATAAAATCATTATCGTTTATTAAAAAAATTATTGAGAAGTTGTGTTCAACTTCTCAATTTCGGAAATGGTATTAAAAATCTGTTCACCCTCTGTAGCGTTCCTTGCCAATATCTCGAAAAGGTTGTTGCCTTCGAGAGGAACATCTATGACGATGCTCATCCCGTAGTCAAACGCCGCCACAGTTTTGATACCATTCCGCCCGTTAATTACCACAGCCTCCGTGGCAATAACTTTCCCTCCTTTTTTCTCCATATAGGAGGCAGCACTTGC
CP092821.1_gap33	1023266	1026856	3590	CTTTTATCTTCTCCATTCCCCCGCTTTTTTCAACCACTTCCTCATCGGCCAAAGCCGCCAACTCAAAATAGATGTTTGGAATGTTTTTTGTTGTTTCGTAACAATAATCGAGTCTGGGCCAATAATAATGCGTAATAATGGTTTTCAAATTCGGATATTTTTCAGCCACTTGAACAATATATTTCGGATCATTCCACTTGGCGCATTCACTGTCACCCGAATTTTCTCCCGTATGGAACAAAACTGGAACACCCATTTTTTGACAAAGTTCGTAATACGGCAAACATCGATCGTCGATCGGGTAATAAGGATCATGGCCGGGAAAAAATTTAATTCCTCTAATCTTTCCTTTATCCAACAATTCTTTATATTTATTCAATTCGCCCGACCCCCTTTGGATAATTTGCGGACTGCCCAACAAAAACAGATTCCGGCGATCGCCGATCAACTCAACCGCCCTCTCTAAATCGGCGATACTCCCGCTGTTTTCAATATTGTCGGGAATGATAATCGCGGCCGATAAATCATTTTTCTCCATTTCTTCCAAAAACAGAGCAAAAGCCTCTCTTAAATTTTTTGCGTTGCTATTGTAAATGACCCTGCGGCAAGACCGCAGGGCGTTCGCAGCTACAATTCAAACAATCGTAACTGGCTCACATCTTTTGGTCTGCCTTGGTTTTGAATGTATCGCTCAATAACTTTCCTATTACCGCGTGCGCTGATCGTAGCGATATAATAGCCGTCTGTCCAGAACTCTCCACCCCAGAGTTCTTTTTTAATTTCGGGAACTTGCCGGAACACCTCGCGCGCGGTAATGCTTTTTATTATTTTGATAACCTGGTCGCCGGAATACTTCGGCAGGAATCTTGCCAGAATATGGGCGTGGTCTTGGTCGAATCCCACATGGCTGATCTCAATGGCGTACCGTTCCATAAATCCTTTCAGGCTCTCGACAATTGCGGCAATCACCTTTTCGTTCAGTAATGCTTTGCGATATTTGACCGTAATCTGGATGTGGTAATAACATTCGGAAACATTGTGGTACCAACGCCAGATATCCCGCTTTTCTTGCTCCATATTGGCTTATTGTAACACGGACGCGCTTTCGCGCGTGATGGTAGGGGGATATCCCCCTACCAAACCACCCCCTTAAGTTGTTCCCTGCGGCAAGACCGACAGGGTGAAAACATTATATAAAGAAATATGAACATGAGAATCAATAATCATAAAATTATTTTTAGCAATTTGGCAGTGCGGTTATTCTATCGCCTTTCTTTAATTTCGATTTCTTCTTTCGCAAAATCAAAAAGGGATACCTCGGGGTTCTGCCCCAGGGTAGTTTATTTTGTGAAATTCTGGATTGCCCGTGTCTTCACAGTTTATAATTCTTGCGCTTGCGCGAAATGTTAGAATAAATAAACCGGACGAAAAAGATATTTGCCGCCGCCCCGGCAATCAGCCGAATCAAAACAGCCGAAAATAATTTTGGAATCGGGGTATGATTTTTCAAAAACGCCAACCGAACGCGGAAGCGAATTTTTTGTTTTTGATTTTATTTCAACCGCGGTTATGTTTCCGCCTTCCGATTGCAAAATAAAATCCATTTCATTTTTCTTTTTATCACGCCAATAATTTAAGCCATAATCTTTTTTCGCCAGCTGGCCAAAAACCGCGTTTTCCAAAAGCTGGCCGCAGTCACCTCTCTGCTCAAACGGCCGGAAATCATTAACGATCTGATTGCGAAGCCCGGTATCGATAAAATATATTTTGGGATTCTTTACTATTTCGGTGCGTTTATTCTTAAAATACGGCAAAATGCGGCGGCTTACAAAAGTTTTTTCCAAAAAATTCATATACCGTTTTAAAGTCGGGTATGAAAATTCCGATAATTGGCCCAACTCTCCGTAATCGATCAGATTGCCAACTTGCAACGCCAGCCCCTTGATAAGCTTTTCCAATTTATAATCATCAATAAGACCCAAAACATCTTTAACTTCGCGCAAAAAAAATGTATTGTAAATATTTCTTAGGACTTCCTTCTTTTCTTCGCTGTCGGAAGAAATAACCACCCTTGGATAGCCTCCGTAAACGGCATATTCCTCAAAATATTTTTTAAACTTGTTGTGGATTTCCGCGGAAATTTCCGGGGCTTCCCCGCTCTCGATCTTTTGGCTTGACATTTTGTATATTCCGTTCAAACCCCGGTCTTTATAACTTAAAAACTCTTCAAAATCGAACGGGTAAAGATTGAAAATAAAAATACGCCCGACCAAATATTTGATCGCGTTAACCGACAAATCGATTGCCGACGATCCCGATATCAAAATTTTTATTTTCCGCGTATCGAAAATGTATTTAAGTTTTTTTCCGCCGTTTCTCGAATACTGAAATTCGTCAATAAACAGGTATTTATAATTCTTCGCGTAAAGATTTATAAAATCATCGATGTTCTTATTAAAGAGACCGAGAGCGACCCGATCTTCAAAACTGATAAAATTTGCGCCCGAAAGGCCGGAAAATATCTTTTTTAACATTGTGGTTTTGCCGCACTGCCGCGGACCCATAATGGCGATAATTTCCGGCTTATCGAGATATTTGTTAATCTTACCCTCTAATTTGCGCTTAATATACATAATTTCACTAAAATTTAACTATAGTTACATTTTAGTACAAACTAAAATTAATATCAAGTTCTTATTCATTAACCAATCTAGTACCATTAAAACATTTGGCGGGATTTTTTGACATTATACTCTGAAAGGGTTGGACCCTTTCAGAGAGTTCGTTCCTCCGGACACCTTCATAAAATAAAATTTGCAATGCTTTAAGCATTCCAAAAATAAAGCCCAATAGTGGATTGATACTACTCCGAAAATTTAAACGACATTACAGTTAATCAATCCCCCAAACTCCCCCGCCAAACCCAAACGCCTCAAAAGGCGTTTTTTGTTTTTCTCGCTCCCCCGCTTGAAAAAGCTCGCGATTTTATTTTTTGAAATTCTGGATTGCCCGTGTCTTCACAGTTTATAATTCTTGCGCTTGCGCGAAATGTCAAAACAAATAAATCATTAAAATGCGACATTATGTTTGAAATTTGATATTATCCAAAATAATGGATAGCAAATGAAAGAAGAAATTAAAATAATTCCAAAAAAAGAAATGCCTTCAATGAGAAGGAAAATTAACGCGCTGGCAAGAGCGTCTTATCCTGATTTTGTTTTATGGGAAAATGCCACATTGCAATATTGGGATAAAATATATTCCGATTTTATTGACTATCAGATTATTTTTTACGCGGGGCAAAAACTGGCGGCAATCGTCAATTCCATCCCTGTTTTTGTGCCGGACAAAACTATCTCGCTCCCCGACGAGGGATGGGATTGGGCTTTGGCCACCGGCTGTAATCAGCACGATGAAAAAATCAAACCAAACACACTCATAGGATTGTCAATAGTGGTTGCTCCAGAAATGCGCGGGGCCGGATTGGGCAAACTTTGTCTTTTGGAATTTAAAAATCTGGCCAAACGGAAAAATCTAAAAAAAGCTTACATCCCGGTACGGCCAACCAAAAAAGCCGACTTTCCAAAAAT
CP092821.1_gap34	1159297	1159797	500	CAACCGGAAGATGTTTCCTCCGAACTCCTCATTCTTTTTGTCCCCCGCGGCGAGCCGACGGGGAATAAAGAGAATTAAACGGTAAGTTTTTCCCTGCCCTTGGCGCGGCGCGCTTTTATGACGCGTTTCCCGCCCGTGGTTCTCGAACGCTTGCGAAAACCATGCGCCTTGCTCCTTTTTCTTTTCTTCGGCTGATAAGTTACGCTCATATGGTTGTTTTAATACAACCCCATTGTACTCTAAAGCGGCAAAAAGTAAAGGCTTGTTTGGCGCGTCCCTCGACAAATCCATTTAAAAAATGATAAGGTGTCAATAGTGTTAATTTTCCGGTTTTATCCACATTTTACCCATATTTTTCCACAAGTTTTCAACACAGGAAACCTGTTGATTTTTTACGCGAATTGTTGTGTGTTGTCTTTTTTTTGAGAGTAATCGGACGAATTGTTGTGTAAAAATATTTTTTGTTTTCATTTTTTCTTGTTTTTTTTCGCGAATATCGG
