gap_id	start	end	length	sequence
CP097562.1_gap1	4744	6674	1930	AACATTTTTTTAAATATGCCATCAGATGAGCTTTTTGCAAATGTTGAGGCAGTTTTTTCATTATTTGAATTAGATGATAATGCTGATAAAATGATGGCAGATAGTTTAAAAGCAGTGCAGGATTTTATTAAAAGCAGAAATACATTAAAAGTTGAAGAAAAAAAACAGTTTGATGATAAAGTTCTTCATGATTATACAAGGATTTTCTGTTTAAGCGACTCTGTGCCTGTTGCTGAATCTATATATTTATCTCCTTCACACTTAACTATGCAGGAAGAAACAGGCAAAGTATATTATATATACAAATCCTGTAATTTTGATATGAAGCACACTTCAAATGAACCACATGACCATATATCCTATGAGCTTATGTTTATGTCATATCTTTCAAAAGGCATTGCACAAAATATAGAAAAAGGTGATAAAAAACAGGTAAACAGCCTGCTGCATTTACAAAAAATGTTTTTAGAAGAACACCTTTTAAAATGGGTTGAAATGTTTAGTAAATCAGTTATCGGTTTTGTTGAAAGTGTCAGTTTCTATGCACCTGCATGCTATTTTATGATGGGCTTTCTTAAATATGATTTTGAAATAGTAAATGAAAGTTTATCATAGGTTAATATCAAACAAAAGGAGCCAATGCCTATGAAACGGCTGATGTTAAATACATTATGTATGTTAGCTTTTGTGTTCCCAGCATATTCCTATGTTGGCGATTCTTATGTAACCCCAGACAGCTGGAGCAGACATGTGAATGCCAACGGTATCAAAGCAAGCCTTAACGGTCTCAGCTTTGGAGATACAGGCATATTAAAAATAGGGTTAACAACAAGAGCTGCATTTAAATTTGGAGAAGATGAAGACTGGTCAATTTATCAGTATGCCCGTCTGAGATTAAGTGAAACGAAACTAGGTCAAGGCACAGTGAATGTAAACTTAAATATTCGTGGAGCTTATGACAGTCTTCCAGATATTGGTGGCAGCACAATGGACGGCCAGTCATCAATCTATTCAGGAAGTTCATATAACCAGTTTTATGACGGCTTATATACTTCCCGCAAATATGATGAATATACCCGCTTAAATGGTAAATATGATGGTAATTTTAGAATATATCAGGCTAATGTAGAGTTTAAAGGAGTAGTGCCGTATACAGATATAACAGCAGGCAGAATATATTTAAACAATCTAGATATGTATAAAATAGACGGCGGCAGTTTCCATTTTGATACCTGTGACTATTTTAAGCTTGATATATACGGCGGTCTGCCTGTCAGCTATTACAGCAATTTAAAAACATCTTTAATAGGAGCAGCGATAGAAGTTCCAGTAACGATAAGCGGCACAAAAATCAGAGCCGAGTATAACTACTTTATACATGAAGATGGCGGAGACTTTAACACCCATACTGCCAGAGGCAGAATAGACCAGAGCTTATCCTTTCCCGATATAATATCATCCAATATCTATCTGGAAGGAGCCATAATAGGTAAAGCTATGCTTTATGAAGCAGGTCTGGATGCGAATATAGATATAAGCCGCACAGGCATATCAGCCTACATAGCAGGTCAGTATGATAAGAATAAAGGCGATATAAACCCGTATATATCCATGTATGAAAATATGTTAGGCGGCAGCAGTGAATATGTAATGGGCGGAGTAATGGTTACACAGGGAATAACTGACTATTTAATATTAGGAATAGGCTGGGAAACACGATTTAATTTCAGTGAAAGCTATGGCGACAGAGACTACCAGAGAGTATTCGGTAATATAGACCTTGTGGGTTTACTCCATAAAAACAATTATTTAAGTTTAATAGTAGACTGGTATGATGTAGCAGCATATAAAAGACAGGACAGCAATTCTAAAGTAATGGGAGGTTTTCGTATAACTCAGGTATTTACAGATAGACTAGAAGCATGGGCAG
CP097562.1_gap2	9846	10664	818	GAAATGGTATTGTTGTTTTAATACCTAATATTTTATATTCCAACAGTGAGCGTTCCATATTTTGTATTGCTCTTTCACGATTTCTACCCCATGTAGTAAGTTTTGCAATCATTGGGTCATAGAAAAGTGGAACATTATATCCTTCATGAGCTGCATGGTCTACACGAACATTTCTTCCAGTAGGTGGTTCATGGACAGTAATAACACCAGGTGATGGAATAAAGCCATTTTCTGGGTCTTCTGCATATATACGACATTCAATAGCATGCCCTTGTTTAATAATTTCATCCTGTTTGTATGGCAGCTCATCGCCATTTGCAACAGAAATCATATCACGAACCAAGTCAACACCAGTAATCATTTCTGTAACTGGGTGTTCTACCTGCAATCTTGTATTCATTTCAAGGAAATAGAAGTTTTGGTCTTTGTCAACCATATATTCAAGTGTTCCTGCACTGTAATAGCCTATTTTTTTGCAGGCATTAACACTGACTTCAAGCATTTTCTGCCTTGTTTCAGGGCTGATATATGGTGATGGTGCTTCTTCTATTACTTTTTGGTGTCTTCTTTGGATAGAACATTCCCTGTCATAGAAATGGATAACATTACCATGTTTATCACCAATTATCTGAACTTCTACATGGTGTGGCTGCTCTACATATTTTTCAATATATACATCACCATTGCCAAAAGCTCTTTCTGCTTCTGAAACTGCCATATTAAACATATCTTCTAATTCTTCTCTTTTATGGACAAGTCTCATGCCTTTTCCACCACCGCCAGCAACTGCTTTAAGCATTACAGGCAAGCCAACATTA
CP097562.1_gap3	192223	194506	2283	AAAAATGCTTATAGAACAAATGGTTGACGAAGCTAAAAAAGATTCTGCAAGAACTATAAGAGAGTTAGAAGAAGAAGCGAAAAATGAATCTGAAAAAAGAGCAAGAAGTATAATTTCTACTGCTATTCAACGCTGTGCTTCTGAATTTACAAATGATATTACTGTTACATTAGTAAACCTGCCAAATGATGAAATGAAAGGTCGTATTATAGGCAGGGAAGGCAGAAATATTAGAACATTTGAAACTATTACTGGTGTTGATATTATTGTTGATGATACGCCAGAAGCCGTTATTTTATCAAGCTATGATCCATTTCGCAGAGAAACTGCTAAATTAACATTAGAAAAATTAATTACTGATGGCAGAATTCATCCTGCAAGAATTGAAGAACTGCACCAAAAAAGCAGGCAGGAAATGGATAAACATATTTTAGAACTTGGAGAAGAAACTGTATTTAACTTAGGTATTCACAATATAAGCCATGAAATATTAAAACTTATTGGCAGGTTAAAATACAGAACAAGTTATGGTCAAAATGTATTAGGTCATTCAATAGAAGTTGCAACTATTGCAGGTATTATGGCAGCAGAACTTGGACTTGATCCAAAAATTGCTAAAAGAGCAGGGCTGTTACACGATATTGGTAAAGCAATAGATTATGAAGCAGAAGGTTCGCATACAACAATTGGTGTGGAAGTAGCTAAGAAAAATAAAGAAGACTGGCGTATAATTAATGCTATTGCCAGCCACCATGGTGAAGAAGAATTTAAATGTATTGAAGCCATACTTGTTCAGGCAAGTGATGCTATATCTGCCTCACGCCCTGGTGCAAGACGAGAAGTATTAGAAAGCTATATTAAACGACTTGAACAGCTTGAAGAAGTTGCATCTTCTTTTGAAGGTGTTGCAAAATCATTTGCTATTCAGGCAGGAAGAGAAGTTAGAATTATTGTAGAGCCTGATAAAGTAAATGATGATGGATTAGTTGTTCTTTCCAAAGATATTTCTAAGAAAGTAGAAGAAGAATTAACTTATCCTGGGCAGATAAAAGTTATGGTTATCAGGGAATCTAGAGCTATAGAATATGCTAAATAGTTATATATATTTATAATTTTTATATAAAGCTGGATAGTTTTTTTACTTTCCAGCTTTTTTTATAATGTTTTTATATATTTTCCCATAAAATGATGTATAAAAAACCATTAAGTCAAGCTCAGTATGACCTTCAGTTTTCATAGTATAAGTCATTTTGAGCCTGAATTTATAAGGCAAAAATCTAAATTATCTATATTGCAGGAGTGCGTAACATATTTAAATTATCTTACTTTTTATATACTTTGCTTAAAAATCAAATCTTTATTTTCTTTAACAAGCTCATTTATCAATTTTAGCAGTGCACTTGTTTATTTATAAAGTCTTTATTTAGTTTAGATAGTCATTTAACTTTTTTTTGAGAGCTTTCTTTTTTAACTTTTCTAATGCTCTGTTTTCAAGCTGTCTTACACGCTCTCTTGACACTCCCATACTTTCACCCAGTTCTTCTAATGTTTGAGGCTGTCCGCCATCAAACCCATATCTTTTAATAATAATTTCTGATTCACGAGGGTCAAGACTTGAGATTATTTCATCAATTGATGATTTTAATGCTTTTGCAATAATAACTTTTTCTACATTAGAATCTTCATCTTCTATAGAGTCAAGAAATGTTTTATCTTCACTATTGCCTATATAATTATCAAGAGAAAGATATGATTTAGAAGCCATTAATACTTCTTCAATTTCTTCCATTGGAATATCTGTAGCTTTAGAAATTTCTTCAATAGATGGAACTTTTCCAAGGTCTTTTGTAAGTTTTTCTGTTGCAGAGTTAATTTTATAAAGATAAGCAGTATGTTTAACTGGCATTTTCACAGCACTGCCTTGCTCATTAACAGCCTGAATTATTGCCTGTTTAATCCACCATACAGCATAGGTAATAAATTTTGTGCCTTTTGATGGGTCATATCGTTTTGCTGCCTCTAACAGACCAATATTACCTTGATTAATTAAATCAAGCAAAGGAATATCTTGATTTTTATATTTATTTGCAATGGATACTACAAATTTTAAATTAGCAAGAATAAGATTTTTTAATGCTTCTTTATCTCCCTGTTGTATTTTATATCCAAGCTCCATTTCTTCTTCATGTGTATATGGTTTATATGCAGAAATATTTTTAAAATACTGCTGCATAGCATCTTCTGTTGCATTGTCATTAAGTTCTGTTACATGGTCAATATTTA
CP097562.1_gap4	200750	205356	4606	CTTCTATATTCTGCATCAGTAATAGTATCTTCCTGCCTGTAATTTGCAGGTGTCTGGTGGATTATCCTGCCGTTATATGAATTATCTTTAAATTCAATTAAAGATGAACATATAGACTGTGCCTTATTGTTTAATGCTGCATGTATATTGCAGTAGTATCCTTTATAATACTGAGTATATCCAAATGTCAGTTTCCAAATATCACTTTTTATTAAAGATAAAGTATTATTATTAATATTATTTACATCATAAATAATAGTTAAATCTGCACCAGTGCTGTTAATAAAGTCTGGTAGTTTTTCACTGTTTATATTATTTTCATTAAATGTCAATGTTTTTATTCTTGAAATATTATTAAACTTATTGCCAAAAAACTTATGCTCAGAATTAATATAATATTGATTTAGTTTATCTATAATACTGCTTGTATTATCTTCATCTATAACCATAGCTGCACACTTTAAGTATCCAGTTTCCATTAACGATACAATAAAATCAAAATGTCTTGGAAAGTTTTTTGTTATAACTGCAATTTTTGACATTTATCCTCCACAAAAAAAGACAGATTATATTTTTAATCCAAATAAAATAAAAAAACAAGTTTAATATTTAATAATTTCATTGATTTTTCATAAATTTATATGTTAATACAATACAGTCATAAAATATAGAGGATTTTTTAATGTTAAAAGGTGGTATATATATAACAGCTGCTGTTTTTTTATTTATTGGTTTTCTCTATATGTTTGTAATAGATATTGATACTTTTGATTTTATTACTAATAATCAAATAAAAAAAGCTGAAAAAATTCATCATATTAATGATTATTTAATCACAAATGATTTTAATCTTAAAACATTTACTCATAAAATTACTTCATCATGCTTAAATGAAGATAAAGCATGTCAGGTATTAGAAATATATAAATATGTCCGTTCAAGTTTTATTATAGATAATGTAACAAATAATTTATCCATACCAAACCCTTTAAATGCATTTAGAAACAGACAGGGCACATATCTTGATATTACTCTTTTATACTCTTCATTACTTTTACACAGCGGTATTTCTACATATATAAAAAAGGACGGCAGTAAATATTACAGCTATGCATGTGGAATAAATAATTTTGATATGTATAATACAATTAAAACTGATTTACACTCTAAACCATTGGCGTATAAAGATATAATGTTAAGAAATGGTCAGGTATGGGCATTTGATTTATCAAGAGAAGCAAATGATAATTTAATTATAGATATTGAATTTTTTTCAAAATATCCAGTAGATATTGTGCTTTTTCCTAATAGACATGAAATGAATGCTCATTTAAAAGGGCAGTATGGCAGATATAATGCAGACTGTTCATTATTTAATGTTAATGAAGCGAACATAAGCTGTCATGCACCGCAAAAAACTGGTATTATAATATTTAAATCATTAAGTGATGATAATAAATTTAAAGCAGGAATATATAGGGGTGGAATATTAGCTGGTGATATAAAAAGTGAAAAAAGCAGGCAGGGCAGCAACTGTATAAAAATAGATATTAATAGTCATGGTGATTTCATATATCCCGGCATCATATATTAATCTTAAAAATAGAATATGTATAAAATTTTATTGTTCCTATATTTTTTTAGTATTATATCATAATTGTCAACTATAATATAATATTTAGTTGACAATTATAATTATATGCTGTAACTGTATTGATACTAAAATTATAGGAGAATTTTATGCAAAAAATTTTATGGGTTATAATAATAACTTTATTTTCTCAATATCCTTTATATGCTAAAGAGTTCATATTTGGTGATTTTAAAACAGATATTTTTGGAACTTTATATGTAGATGGTTTTTATACTTATTCTTCAGAAAATTTTGAACCAATGTATTCAAGCATGAAGATAGAAAATGGAAGACACTCTTTTGGCTCTTATGCTTTTGCAGGTTCATCAAAGTTTGGTATAACTCTGGCTTATAGAAATATTTCAGGAACAATAGAAGCAGGTATTTCAGATCCTGTTAGAAAATTTTATTTAAAATATAATATTGGTGGAAGTGCAAATCATTATCTTTTAGCAGGAAAAGATAATAATATAGCATATTACAATTTTGGTCAAATGTCTAATGATAATCAGGCATTAATTGATTATGGAACAGTATCTAATATGAGAAGACTGCAAATTCGTTATGGAATAAATGGTTTTGAAATCGCAGTAATATTTCCATATATAGGATTTGGTGCTAGTAATGATATGGCATATAAAGGTTATTATATTAATGATAATATAGAAAATACATTTATAAAACATTCTGACTATATGTTTAAATATATTCCTAGGCTAGAGTTTGCTTATACTGTTATAAAGAATAATTTTAATATTAAATTTTTTGGTTCTTATGGTATTTATATGTATGAAAATACTGTGCTGACAGATGAAATGGATAAATTTAACAGCACAGCACATGTATTTAATGCAGGTTTTGGCGGTCAGGCAGATTTTGGCAATAATTTTATTAACTATACATTTTATATAGGACAGAATATGTATTTGAATGATTCTAATGGAGTATGTTTTGGTAACAATTCTTTTTTAAATCCTGTATTTTTGAAGAAAAACGATAGTAATTTATATAATATAGATATAAAAAACATATTAAATACTGGTGTTGCTTTTGGATATGGTTATAAAGCTTTTAATGGTAAAATGGTTATTCAAACAGGTGCAGGATACAGTTTAAATATTGCAAACCATTATAAAAATTCAAATAGAAATTTAGGTGCATTTTTCAATACAAGATATTATATAAATGACTATTTTTCACTTATACCAGAGCTTGCTCTTCTTTATAATATTAGTGGAGCAGAAGAAAAATTTAATAATGGATTTTCAATAACAGCAGGAATAATGGCAGTCCTTTCTTTTTAATACATTTACAGCTGTTTTTTTAAAAAAATATTAATATTAAATTGACAAATATGTAAAAATTATGTATTTATATTTTTTAGTGTGAGAAAATCATACTTAGTTTAGGATATAGGAGGATTACATGAAAAAATTATTACTCTCATGTGTGATTGCACTTTTAGCAGTGCCTGCATTTGCAGTAGAGTTTACTTCTGGTGATTTTAAAGCAAACATCTATGGTAATATTTATGCAGATGGTTTTTATACTTATTCTTCAGATAAGGCTGAACCACTTTTTTCATCTTTATCAATGAGTAATGGTAAGCATTCTTTTGGCTCTTATGCTTTTGTTGGTTCTTCAAATTTTGGTGTAACTATGAGCTATCAAAATGTTTCTGGAACAATTGAAGCAGGTCTTGGAGACCCTGTAAGAAAATTTTATTTAAAGTATAATATTGGTGGAAGGGCAGATCACTACATATTAGCTGGTAGAGATAATAATATTGCATTTTATAATTATGGTCAAATGTCAAATGATGGTCAGTGCATGATAGACTATGGAACTCTGGCAAATAAAAGAAGACTACAGCTCCGTTATGGTATCAGTGGATTTGAAATGGCAATCATTATACCACAAATAGGTTTTGGTTCAGGTGACGATAAAGCATATACTGACAGTTTTGGTTATTCATATACAGATAATAATGGAAATAATGTTGATGATACTATTAAATCTTCAGATTATATGTTTAACTATCTTCCTAGATTAGAGCTTGCATACACTATAACTCAAGATACTTTTAACTTTAAAGTATTTGGCTCTTATGGTGCTTATATGTATTACAATAACAGTGCATCAGCAAATATTGATTCATTCAACAAGACAGCTCATATGTTTTATATAGGTTTTGGTGGTCAAGCAAATATAGGCAATTCATTCCTTAACTATGTAGGATATTTTGGTCAAAATATGTATTTGAATAATGCTCAAGGTGATTATCGCACAGGTTTTTCAAAATCAGCTTTAAATCCAATAAGTCTTGTATCATCTAATGGTAAATATACTATTGATATTAATGATATTTATAGTGCAGGTGGTTCATTAGGTTATGGTTATAGTGCATTAGATGGTAAACTTGTTTCTCAAATTGGTATTGGTTATAGTGCCAGCTTTGCAGACCACTATGTTAATGCTGACCAAAATATAGGTGCATTTTTAAACACTCAATATTTTGTAACAGACTGGTTTTCTATAATTCCAGAAATTGCACTTCTTTATAATATAGATGGTGCAAATGGAGAAAACCAAGGCTTTTCTATAGTAGCTGGTTTAGTTTTTGCTCTTAATTTTTAATATATATAATGATTTGTAAATAAATAAAGGGAATAGAGTAATGTAAGATTATGAGACATATGTTACAAAAATAAGTATAAAAAAATACCTCTTAGTATATAGTATAAAATTAAGCAAAAAACTAAACTAAACTAAGAGGTATCACAATGAATAAAGTGATAATAACAGAAGAAATGCGATTTCGTCAACGGTTATGTGAGTATGCATTAAAAAAAGGAGCAACGAAAGCAGCCCGCAAATATCAAGTGAACCGTATGTTTGTATACAGGCATTTAAAGAAATATGATGGAACAGTTCAGAGTTTATCTTTTAAAAGTCGTAGACCAAGAAACAGTC
CP097562.1_gap5	326131	329497	3366	CAATACTTGGTCCTTCTGGATGTGGAAAAACAACTACTCTCAGGCTTATTGCAGGCTTTGAACAGGCTGACAGCGGTGATATTTTACTGCAGGGAAAACGCATTAATGATATTCCTGCAAATAATAGAGAAGTTCATACTGTTTTTCAAAACTATGCACTTTTTCCACATATGACAGTTTTTGACAATATTGCTTTTGGGCTTAAAATGCATAAAGTTCCTAAAAATGAAATAACAGAAAAAGTTATGGATGTTCTGCGCATTGTAAAACTTGAAGAATTTATTGATAGAAAACCGCATCAGCTTTCAGGTGGTCAGCAGCAGCGTGTTGCTCTTGCAAGAGCATTAGTTAATCAACCATTAGTTTTGCTGCTTGATGAACCTTTAAGTGCATTAGATGCTTCCCTGCGTCTTAATATGCAGAAAGAATTAAAACAGCTGCAGCGTAAATTAGGCATTACTTTTGTTTTAGTTACTCATGATAGAGAAGAAGCATTATCTATGTCTGATAGAGTAATTGTTATGAATCAGGGTATCATTGAGCAGTGCGGCACACCTAAAAACTTATATGAAGAGCCAAACTCTATATTTGTTGCAAACTTTATAGGTGATGTTAATGTGTTAAATGGAGAAGTGCTTGGGTTTGAAAATAATCTTGTTAAAGCAAAGGTTGAAGGTAGAATATGCAGCATTAAAACAAAAAAAGAATTAAATATTGGTGAAAAATTTACACTTCTTCTTAGAGCTGAAGATATGAGAATAGAAAAACTCAGCGAATACCCTGATACTGAAGGATTAATGGTTGGTAATATTGAAACAAAAGTATATAAAGGTGCCACTCTTGATACAACTATAAAATTAAATAATGGCACAATAATTAAAGCCAGTGAATTTTTTGACGAAGAATATGAAGATTTTGACTACAATATGAATGAACAGGTATCTGTTGGCTGGGTTTCTGGCTGGGAGGTTGTATTAAAAGATGAAAGAGCGTAACCTGTTTCACACTGTAACTATTGCAGTAATAGTTTTATGGCTTTTGCTTTTTGCATTAATACCAAATATTATAATGTTTATTGTCAGCTTTTTAGAATATGACAGTCAGTCTTTTGTAAAAGCTGTTTTCACTTTGGAAAACTATAAACGCTTTTTCTCTGGTGCATATTTTAATATATTCTTAAACTCTTTTAAAATTGCAGCAATTGCTACTTTTTTATGTTTGATTATAGGATACCCTTTTGCATATATTTTAGCACGCTCAAAATCAAAGTATAAAGGTCTGCTGGCACTCCTTGTTGTTATCCCTTACTGGACAAGTGCATTAATCAGAACTTATGCAATATCGTATATGCTGGCAGCAAATGGGCTTATTAATACTATACTTATTAAAATCGGTATTATAGATACCCCGCTTTCACTGCTCTATACAGAAGGTGCTGTTATTTTTGGCTTTGTATATACTCTTTTACCATTTATGATACTGCCGCTTTATGCTACAATTGATAAATTTGATTTTAGATATGTTGAAGCAGCTCAAGATTTAGGTGCAGGTAAACTACGCACTTTTTATCATATCATACTTCCACTTACATCACCAGGAATTATTGCAGGCACAGTTTTAGTGTTTCTGCCTGCCCTTGGATTATTCTATATACCAAGCCTTTTAGGCGGTGGCAAAAACATAATGGTAAGCAATATTATTCAAGAACAGTTTACATCAAATGTGCTGCAAAACTGGCCACTTGGCTCTGCTGCAAGTGTATTAATAACTGTTATTATGGGTATTATGATATGGGCATACTATAAAAGCTCAAAATCATTTAGGACAAAGGTGTTGTAATGAAAAATGTAAAATGGCATTGGCTGTATATATTTTCAGTTTATTTATTTTTATATCTGCCATTAATTATTCTAATAATCTTTTCATTTAATGAAGCATCATCCGGCACTATATGGAAAGGTTTTTCTTTAAAATGGTATGAAAAATTATTTAATTCAAGTGCATTAATAAGCGGTCTTGTAAACTCATTAATTGTAGGTGTATCCGCAGCTACTCTTGTTACAGTTATAGGCACACTTTCTGCAGTTACTTTATTTAGATTTAAATTTTTTGGCAAAAATTTTATAATGTCATTATTATATATACTTATAATGTCCCCTGAGATTATTATGGGTATATCACTGCTTTTACTGTTTAAATTTTTAAGTATGAATTTAGGCTTTCAAACACTGCTTATTACACATATTACTTTATGTCTTCCATTTGTTATGGCTGTTCTTTTTACAAGACTTGCTGATTTTGATATGCATATTATTGAAGCCGCAAAAGACTTAGGTGCAAATGAACTACAAACATTTTTTCATATTATTCTACCGTCAATACTGCCTGCTGTAATAGCTGCATGGATATTAAGCTTTACTATATCTATGGATGACAGTATATGTGCATTTTTTACATCAGGACCACAGTTTGAAATACTGCCGCAAAAAATATATGCAATGGTTAGAACTGGTGTAAAACCAGAAGTTAATGCTTTAAGTACACTTATTTTTGGAGCATCAATGCTCATAATCATAATAGCTCAAATAATGTTAAAAGAGAGGAAAAAATGAAAAAAATCATTATTCTTATGCTGGTATGTTTAGCTGTTTTTGCCTGCACAAAAAAATCTGAAAACGAGATTTATGTTTATAACTGGTCAGAATATATTCCTGATGAAGTTATCAAACAGTTTGAAAAAGAAACTGGAATTAAAGTTCGTTATACCACTTATGACAGTAACGAAGCAATGTATGCAAAAATAAAAATAACTGGTGGTGCAGATTATGATGTTGCAGTTCCATCAACTTACTATGTGCAAAAAATGCAGAAAGAAGGCTTAATACAAGCTATTGATAAAACAAAACTTACTAATTTCAGCAAACTTAACCCACAGCTTATTAACCAGACTTATGACCCAGATAATGCATTCAGTATTCCTTTTATGTGGGGGACTACTGCTATTGGTATAAATGCAAAATATATTGATCCTGCAACAATATCTTCATGGGAAGATTTATGGAGAGAAGAATTTAAAGGAAAAGTTATGCTGCAAAATGATTTAAGAGAAGTTTTCCATGCAGCACTTCATTCCCTTGGTTATTCTGGAAATACAAAAAATAAAGAAGAATTAGAAGCAGCATATAACAAACTTGTAAAACTTATGCCTTCTGTTAAACTTTTTAATTCAGATTCTCCTAGAACTCCATTTTTAAATGAAGAAGTATATATTGGTATCATGTGGAGTGGCGAAGCATTTATGGCTGCTCAGGAAAATGAAAATATTAAATATATCTACCCAAAAGATGGTGCTGCTGTATGGGTAGA
CP097562.1_gap6	330572	332346	1774	ATTAAATTCTAAAATTAAATCAGGAAGTAAAGAAAGCTCTTTTATATTTTCAGCAATATCTTCTACTGCTTTCATTTCTTTTTTTTCTGTATAATGTTTTTGAAAATAATTTATATCTCCAGTTCTTGTTTCTGGTATATCATGAAAAAGTGACAGCAAAACTACCCTGCTGCTGTCTGCATTTAGTCTTTCTGCTAAAATATATGAAATAATTGCTGTTCTATATGAATGGGATGATATGTTCTGATTTCCAGTTCCTAGAAAATCAAAACCACTGCGTTTAAATCGGTTTAATAAACCAGTTTCAAAAATAAAGGCAACTATTTGATTATGCGATGAATGTTTAGACATAAAAAGTAAAATGATATAATAAGCACGATTTAATCATGCTTATTATATCCATTAAATAATTAAAATGATTCTTTAAATGATTTGCCAACAAGAAATTTAGGCATTTTTTTAGCAGGAATAACCATTTCTGCACCAGTTTTTGGGTTACGACCTTTTCTTTCTTTTCTTTCGCTTACAGTGAAAGTGCCAAAACCAACAATAGTTACTCTTTCACCTTTTTTTAATGTTTCAAGAATTGTAGCTTCATAAGCAGATAATACTTTTTCAGCTTCAACTTTTTTTACACCTGTTTTTTGTGCAATAGAATCAATAAGTTCTTTTTTATTCATGTAATACCTCCATAAATATATAGGATAAATTTAGATATTGTATACAATTACTTCTACTTGTCAAGTAAATATATACCATTCATCCCATATTTAATTAATTATTTATTTTATTAATAATTCTGCAATTTGAACAGCATTTGTAGCTGCACCTTTTCTTAACTGGTCACCACTTACAAAAAATGATAAACCATTATCATAGGCTATATCTTCTCTAATTCTTCCAACATAGCATAAATCCTGCCCTGATGCTAAAAGCGGCATTGGATACTGTTTTTCATCAGGATTATCATAAAGTTTAACACCTGAGGCATTAGAAAGTAATTCTCTAGCTTTTTCTGGTGTAAGTTTTTTCTCAGTTTCTATTAAAACACTTTCTGAATGAGCAGTTAATACTGGCACACGAACACATGTAGCACTTACTTTTATTTCATCAGAATGAAGCATTTTACGAGTTTCATTATACATTTTCATTTCTTCTTTTGTATAACCATTTTCAGTAAACACATCAATATGTGGAATAACATTAAAAAGAAGCTGGTGAGCAAAAGCCTTTACTTCAATAGGCTCTCCTGTTGACCATGCTTTTGTCTGTTCCATTAATTCCATAGTAGCTGCAGCCCCTGCTCCAGAAGCTGATTGGTAAGATGATACGACTACTCTTTTAATTTTTGCATAATCATGCAGTGGTTTTAAAGGAACAAGCATAATAATTGTTGTGCAATTTGGGTTAGCAATTATACCATTATTTTTTAATGCATCTTCAGGATTTACTTCAGGCACAACTAATGGCACATCATTATCCATTCTAAATGCAGAAGAATTATCAACAACTACAGCACCTGCCTTAACTGCAGATGGAGCAAATTCTTTTGACCTTGATGCCCCAGCAGAAAATAATGCTATATCAATATTTTTAAAGGAATCATGAGTTAACTCTTCAACAGTATACTCTTTTCCATTATACTGCATTTTTTTACCAGCAGACTTGGAAGATGCCAAAAGTTTTAAATTATCAATAGGAAATTTTCTTTCAGATAAAATATCTAAAAAAGTCTTACCTACTGCACCAGTAGCACCAACAACTGCAACATTAT
CP097562.1_gap7	475159	476420	1261	TCCAGCAAAGGTTATAGAAAAAGATAAGAAAACATATGAAGAAGCAAAAGCAAGGCTTGATAAAATAAATGAAGCATTAGATGGTCTTAAAAAATAATGGCAACAGACAAAAATAAGCCGCCATATTTAAGACGAATATTTGCAGGTAAAAATATATATATATTTGCTTTGGTGGCTTTTGCATTTGCATTTTTAAATATATACAGGCTGAATAACCCATTAGAAATAGGCTCTACAGCACCAGAACTTACAGTAACTGCATATAATGGGGAAAGCTTTAAAATAAATGAAATACTAAGCCCTAAAGTTGTAATTTTTTATAAAAAACATACTTATTTTTCTAACTATATTATTAATACAACTTATAAACGGGCACTGCCTGCTTTTAAAATCCTACAGGATAAAGGGATTGCTCAAGTTATTGTTATTGCTCAAGGTTATGATAATACTAAAGAATTGAATAATCTTTTAGGGGAAGATGATTATTCAAACTATAAAAATATAATATTTGCTGCTGATACTAAAACAGCAGGTAAAAAATATGGGATAAGAAGCTGGCCTCATTTATATGTTATAAGCTCTGATAACAGAGTAATTTATGAAACTAAAATAGGCAGTGCTGATAAAGTGCAGCAGATATTATGGAGGGACTAATGGAAAACTTTTTTAACAAGGACTTAAACGAAAGTTATGATGTGATTATTTTAGGTGCAGGTCCTGCTGGCTGTTCTGCAGGAATGTATGCTGCACGAGATGCACTTTCTGTGCTTATTTTAGAAAAAAACTTCCCTGGTGGAAATATGGCTATAACTGAGCATATTGAAAATTATCCCGGCTTTACTGAGCCTGTATTAGGTCATGAAATTACAGATAAATTTGTTAAACATGCACAAAAATTTGGAGCAGTAATAAGACAAGGCAACTGTGTAGATGTAATAGATGATGGTATATGGAAATCTGTTATACTTGAAGATGGAAGAAAAATAAAATGTAAAGCATTGATTATTGCAACAGGCTCTAAACCAAAAAAAACTGGTGCAAAAAATGAAATAAATTTCATAGGCAGAGGCATTTCATTCTGTGCTACATGTGATGGCGGCTTTTTCAGAAATAAAGAAGTTATTGTTATTGGCGGTGGTGATTCTGCCCTTGAAGAAGGTATATATCTTACAAAATTTGCTTCCAAAGTAACAATAGTTCACAGAAGAAATGAATTTAGAGCTGCTAAAATTATCCAAAACCGTGCAAAAGAAAATAAAAA
CP097562.1_gap8	551923	553451	1528	TGCTCACCTAACCTTCTCCGTCACCCCATCGTTAAACGATTTATGCCGGTACAGGAATATTGACCTGTTTCCCATCAACTACCCCTTTCGGACTCGTCTTAGGGACCGACTAACCCACCGCGGATTACCCTGCCGGTGGAAACCTTAGGTTTACGGCGAACGGGTTTCTCACCCGTTTTATCGCTACTCATGCCTACATTCTCTCTTCTGTACGCTCCACTAAACCTTACGGTTCGGCTTCTCCGCTGAACAGAATGCTCCCCTACCACTGTATAATAATCTTACACAGTCCGTAGCTTCGGTAATACACTTAGCCCCGTTATATCTTCGGCGCAGAAACGCTAGACCAGTGAGCTGTTACGCTTTCTTTAAAGGATGGCTGCTTCTAAGCCAACCTCCTGGCTGTTTCTCCATTTCCACATCCTTTACCACTTAGTGTATATTTAGGGACCTTAGCTGACGGTCCGGGCTCTTACCCTCTCGACCACGGATCTTCTCACCCGTAGTCTCACTGCTGATATATTCTCTTCCGTATTCGGAGTTTGTATGGGTTCGGTAAGCGGTATGCCCCCTAGCCCAAACAGTGCTCTACCCCAGAAAATTAAATATCAACGCTGCACCTCAATGCATTTCGGGGAGAACCAGCTATCACCAGCCTTGATTGGTCTTTCGCCCCTATCCACAGGTCATCCAAATGGTTTTCAACCCAAACTGGTTCGGTCCTCCACAGCGTCTTACCGCTGCTTCAACCTGCCCATGGATAGATCGACTGGCTTCGGGTCTAACGCATGCAACTAATTCGCCCTATTCAGACTCGGTTTCCCTCCGGCTTCACCTATCGGCTTAACCTCGCTGCATACGATAACTCGTAGGCTCATTATGCAAAAGGCACGCCGTCACATATTAACATATGCTCCGACCGCTTGTAGGCACATAGTTTCAGGTTCTATTTCACTCCCTTAACAAGGGTTCTTTTCACCTTTCCCTCACGGTACTCGTTCACTATTGGTCGATGACTAGTATTTAGCCTTAGAGGGTGGTCCCTCCTGATTCCTGCAGGACCTCGCGTTTCCCGCAGTACTCGGGTACAGATTTAATCTCTTGACCATTTCGATTACGGGGCTCTAACCCTCTATGGCCGGCCTTCCCATGCCGTTCTTCTATAGCCGCAAGTATTATAACACCTGCCCCACAACCCCAGCCTTATGACTGGTTTAGGCTCTTCCGTTTTCGCTCACCGCTACTCACGGAATCGAGTTTTCTTTCTTTTCCTTCAGGTACTGAGATGTTTCACTTCCCTGAGTTCGCTCCCTTACGGGTAGTGGAGGGTCGCTCCACTGGGTTGCCCCATTCGGATATCCACGACTGTAACGCCTGTTAACAGCTTATCGTGGCTTTTCGCAGTTTGCCGCGTCCTTCTTCGCCTGTCATCGCCTAGGCATCCTCTATGCGCCCTTAGTAGCTTGACCTAAATTGCAGTTCTCTCTATACTCCTCTCACTTAATTCTTATTCTTATGTCAATCATTA
CP097562.1_gap9	554596	555145	549	CCCAGGCGGGATGCTTATCGCGTTTGCTGCGGCACTGAACTTAAAAGCCCAACACCTAGCATCCATCGTTTACAGCGTGGACTACCAGGGTATCTAATCCTGTTTGCTACCCACGCTTTCGCACCTCAGCGTCAGTTTCCAGCCAGATTGCCGCCTTCGCTAACGGTATTCCTCCTGATATCTACGCATTTCACCGCTACACCAGGAATTCTGCAATCCTCTCTGATACTCTAGTATTATAGTATCACTAGCCTTACTAAAGTTGAGCTCTAGTCTTTGACTAATGACTTACAACACCGCCTACGTGCTCTTTACGCCCAGTCACTCCGAACAACGCTCGCCCCCTCCGTATTACCGCGGCTGCTGGCACGGAGTTAGCCGGGGCTGCTTATACAGGTACCGTCAATACATACACAGTTACTTATAGGCATTTTCTTCCCTGTCGAAAGAACTTTACGACCCGAAGGCCTTCGTCATTCACGCGGCGTCGCTGCGTCACTCTTACGAGCATTGCGCAAAATTCCCCACTGCTGCCTCCCGTAGGAGTCT
CP097562.1_gap10	567142	571189	4047	TTTATATTAAGTTAAGATTTATTTTTTACTAAAAGTGTAACATTTGTCCTGTTAGTTAAGAAATTAATCTTTTAAAATATTAAATCTATGATTGACATATATTATGAAAAAGAGTATATATAATTAATGTGTAATATACTAAAGGAAAAGGAGATTGATTATGAAAAAAGTTATCTTACTGACTATGGCTGCTCTTTTTGCATTTGCTGCTCTTGCTTATGCTCAAACAGTTCCAGCTGACAAACTTCAAATTAAACTTAATGAAGCTTGGAATGTTAAACCACAAACTCAAAAAGGTGTTCTCTATAACCATGAGCCACACATTAAAGCATTAAACAATAAATGCGATTCTTGTCACAGTTCACCACAAGGTGCTACAAAAATACAAGTACAAGGTGAAATTAAAGGTGCTAATGCTAACAACGGAGCACACAAATTCTGCTGGACTTGCCATGATAACACACCAAAACCTAATAAAACTCCTGGCAAAACTTGTACAAAATGTCATACACTGCCTAAATAAGTGATTTTAAATTAATTTTTTAATATAAAACCTGCTTTAATGAGCAGGTTTTTTTATGATTATCAATATTATACTATCATATAAAAAGGTATTTAATAAAATATTTATTCAGCATATATATAATGTCTTAATAAATTTGCAATTTGTATTAAATTATTATAACCCCCTATACAGCAGAAATTAATTTTTATACTACTGTAAGAAAATATATCTTGTATTTTTATTCTTTTTTGTTAGATAATTCTCTATATTTCAAGCTCAATATTGACACACTGTTTTCACACTATAAGTCATTTTGAGCCTGATTTTAAAGGAGAAAAATCTAAATTATTCTTTTATTACAGCAGTGCATAATATATTAAATTATATTATTTTTAGATACTTTGCCTTTTAGGCTCAGGACGAACCGTCTGAAAGTAAGCAAACTAATAACCATCCTATAAAATTATTTAATTATAAATAGGCTGATGATATATTTTATGAGAACTTAAAAATATTATTAATACATAACTATCACATTTTTAGAAGTTGCCAGTTTATAAGTCAGAATAAAAATGTAAGAGTATAAGACATATGTTACAAAAATAAGTACAAAAAAATACCTCTTAGTATATAGTATAAAATTAAGCAAAAAACTAAACTAAACTAAGAGGTATCACAATGAATAAAGTGATAATAACAGAAGAAATGCGATTTCGTCAACGGTTATGTGAGTATGCATTAAAAAAAGGAGCAACGAAAGCAGCCCGCAAATATCAAGTGAACCGAATGTTTGTATACAGGCATTTAAAGAAATATGATGGAACAGTTCAGAGTTTATCTTTTAAAAGTCGTAGACCAAGAAACAGTCCAAATAAGCATAGTAAGGAAGAGCTTGATTTAATATTTAACACATATGCCGAGCATGGTTTGTATGGTAATGCGGAGGTATATGTCAGACTTCTAGAAATTGGTTATAATCGTAGTTTTGGCAGTATGTGTATGCAGATAAGGAAGAAAGGCTTAAAGTCATTAAACAAGTCAAAAAAGAGCTATACAAGATATGAACCAATAACAGGTCAGTATATAGGCGACAAGGTTCAGATAGATATAAAATATGTTCCACAGGAATGTATAATGTTTTCCAGCTATGGTAAAAAATATTATCAGATAACAGCGATAGATGAATACAGCAGAATGAGAGTATTAGAAATAGTAGAAGAAAAAAGCACATTTGAAACAGGTAAGTTTTTAGACGAACTGGAAAGTAAATTTGGCTTTCCACTAAAAACAATTCAAGTGGATAATGGCTATGAGTTTGTAAATGATAAGGAAGTTACAAACAAGAAAAGCTATTTTGAAGAGACAGCTGAAAAGAAAGGATATACTATTAAACGAATAAGACCTTATTCACCTTGGCAGAATGGAAAGGTGGAAAGAAGTCATAGAGAGGATGGAAAAATTTTATATGCAAATAATAAATTCTATTCCAAAGATGAATTAATTAAGGCTCTTAAAAAGCATGAAGATAGATATAATAATACTGCTAAAACATGCTTAAATTTTAAATCTCCATATGAGATTGTTATTGAAAATAAATTATTGCTTGATTTATATTAAATTAAGATTTATTTTTTATTAAAAATGTAACATTTGTCCTGTTAGTTAAGAGCCAGTTTATAAGTCAGAATAAAAATTTGTTTACATAATCAATAAAATTATGATAGTATTATAGCTTAATCATAAATAAACTGGAGTTTTTAATGAATAACTGGATGACTTATGCTGCATTTATACTATACTTTTTAATACTAATATTTATGGGTATTCATTTTTATTTTAAATCCCGTAAACTAGAAGACTATTTATTAGGCGGCAGAGGTATGGGCAGCTGGGTAACAGCACTTTCTGCACAAGCAAGTGATATGAGTGGATGGCTTTTAATGGGACTTCCCGGAGCAATTTATCTTGCTGGTATGAACCAAATATGGATAGCTGTCGGACTTATTATTGGAACATTCTTAAACTGGATTTTTGTTGCTGCAAGGCTTAGACTTTATACTGGTGAAACTGGCTCAATGACATTATCATCTTTCCTTGGCAAAAGGTTTAATGACCCTACAAATTCTTTAAGGCTTATATCTTCAGTTATTACATTATTATTTTTTACTGTTTATGCTGCTTCTGGTCTTGTTAGTGCAGGTAAACTGTTTGAATCTATGTTTAATATAGATTATACAACAGCAGTAGTGCTTGGTATGGCTGTAATGATATTTTATACACTTTTAGGTGGATTTTTAGCAGTATGCTGGACAGATTTATTTCAAGCACTGCTTATGGTGTTTGCAATAGTAGTTCTTCCTTTTATTGCATACAACAGCATTGACCCAGATACAATGACAAAAGCATTTGCTGCAAAAGATGGCACATTTAATCCTATCCCACAAGGAGCAGCCATTGCAGTAATATTATCTATCATTTCAAGTGCTGCATGGGGGCTTGGATATTTTGGACAGCCGCATATACTTGTTAGATTTATGAGTGTAAAAAATATTAAACTTCTTCCACGCTCTATAACTATCGCTATGGTTTGGGTTTTCATTTCACTTACGGGTGCTGTTATTATTGGTCTTTTAGGAATACCTTTATACAAAGAGCTGCCAACTGGTGATGAAGAAAAAGTGCTTATTTATATGATAAGAGATTTTGTGTCTCCTTATTTTATTGGTGTGCTTCTAGCTGCAATTTTAGCAGCAATTATGTCTACTATTTCATCTCAGATGCTTGTATGCTCATCAACATTAACAGAAGATATTTATGCTAATGTTATTAAGCCAAAAGCAAGCAGTAAAGAGCTTTTGTTTGTAAGCAGGATATTTGTACTTATAATATCAATTATTGCACTTATTCTTTCTTTTGATAAGTCAAGCAATATATTCCAGCTTGTAACATTTGCATGGGGAGGATTTGGTGCAGCATTTGGACCAGTTGTGCTTATGGCTCTTTATTCAAGAAAAGCAACATGGTATTCTGCTCTTGCTGGCATGGTTGTAGGAACAATAGTTATGCTTACATGGTATTTTACTGGATTAAATAAATATATGTATGAAATTGTGCCGAGTTTTTTAGCAAATATTGTTGTAATGTTTATAATCAATTATTTTAAACCAAATACTAATAAAGATATAGATGATGAATATAATAGAGTTCAACAGTATTTAAAAGATGGATATACTCCACCAAATAAAGATGGTGAAGCTGACTGCTGCAATTAAAGAAACAAATTTTTAAGATGCCTAGACTTACCAAAAAAAATTATACAAAGCTATATAAGCAGGCAGGCAAATCAAGTTTAAATTATATCTTTACTTGCAGCAAATATTGTAAGATAATTTAAGCTAAATTAGGTTTTATATAAAGCGTGATGTATAAGCGAAGTATCTTAAAAATAAATACTCTAAATATGTTATACTCTATTGCAATATGAATAATTTAGATTTTTCGCCTGTAAAATCAGGCTCAAAATGACTGCTGTATAAAATTTT
CP097562.1_gap11	577146	580692	3546	AAGACCAGTGTTAACAAGATAAGCATTAACACCATTAGCTTTCATTTTTTCAGCTAAAATTTTAGCATAGAAGAATGGGTGGAATACCATAAAAGGCTCGCCAAAGCATGTAGAGAAAGTAGCTGTTGGCTCTTTAACACCTTTTTCAGTGCCTGCAACTTTTGCAGTATAACCAGAAACGAAGTGATACATAGCCTGATTTAAGTTAAGTTTTGCAACTGGTGGAAGAACACCAAATGCATCATAAGTTAAGAAAATAATATTTTTTGGCTGTCCGCCTTTATTATCTGGAGAAATTCTTGGCATTTGAGAAAGTGGATAAGAAGAACGAGTATTTTCAGTTAATTTATCACTGTCTAAATCAACTTCTCTAGTAATTGTATCATAAACAACATTTTCTAATATTGTGCCGTAAGAATGAGTAGTTCTGTAAATATCTGGCTCCATTTCTTTAGAAAGTTTAATAACTTTCGCATAACAGCCGCCTTCTATATTGAATACACCTTTGTCATTCCAGCCGTGTTCATCATCACCAATAAGAACGCGTTTAGGGTCAGAAGAAAGTGTAGTTTTACCAGTGCCTGAAAGACCAAAGAAAATAGCAGTATCGCCTTTTTCACCAATGTTTGCAGAGCAGTGCATACTCATAATTCCTTGTTTTGGCAGATAGTAGTTCATAACAGTAAATACTGATTTTTTAAGCTCACCAGCATACTGAGTGCCGCCTATTAAAACTACTTTTTTAGCAAAGTTTAACATAATAACTGTGCTTGAACGAGTGCCGTGTTTTGCTGTATCTGCTTGGAAATTAGGAAGATATATAACTGTAAAATCAGCTTGAAAACCTTGTAATTTAGCTAAATCTTTTTCGCATATAAACATATTGCGTGCAAACATATTATGCCATGCAAATTCGCCAATAACACGAACTTTTAAACGGCATGATTCATCTGCACCAGCATATAGTTCTTGAACAAATAACTCTTTGCCATCGCAAAAAGCCATCATATCATTATAAAGAGTGTTAAACTGTGCTTCGTTTGCTTCTTTAGCAGCTGAAGAATCCCAGTTTACATCTTTTTCAGAAGTAGCTTCTCTAACAACATATTTATCTTGAGCAGAACGCCCTGTATGTGCACCAGTTTCAAAAACCATTGCACCGCCTTTTACCACATGACCTTCACCGCGTTTGATAGCCTCTTCATAAAGAGCTTCTGTCGGCATATTTAAATAGATTGCTTTTGGATTATTAATCCCATAGGATTTTAAGTAGTCTGTTGAAGCATTGTAGCTGCTCATAGTGTCATCCTCCAATATAGTGACTGAATTTATATTTATAAACAGTCCTAATTTCATTATAAAAAGTAGTATAGTATATTATTGAAATAAGGTCAACAATATTAAGTAAAAAAAGAAAAATTTTTCTTAAATAACAAGACAAAATTACAAAAACAAGAATTACTAATAAATTAAGCTAAACTAAGCTGGACTTACCCAAAATTTTTGAAATACAGTCCGCACTGTTACTGTTTATTTTTTGGTGTTACACTAAACATTCTTTTATATTCTCTTGTAAACTGGCTTATGCTTTCATACCCTACTTTAAAAGCTGCTTCAGAAACAGTAGCATTTTCATACTTAATAATGCGAGAAGCTTCCAAAAGCCTTAAAGACTTCTGATACTGTATAGGGCTTAATGTTGTAACCATTTTAAAATGGCGGTGAAATGTAGCTGGCGACATATTTACCATTTCTGCTAAATCATTTATGCTGTAATGATTATTATAATTTTCTTTTAAATAATTAATAATTTTTAATATTTTATTATTCTGGCTTGAAGTAATTGCAAAAGAAATAAGTTTTTCCCTTAATTCAGTTTTCAGTAGAAAATAATACATTTCTTTAAGCATAAGCGGCGATAATACTTTTATATCATTATATGACTTATTCAATAAATCAGCAAGCCTTATAAAGCTGTCAATAATATCATTACCAGCTTCTATTTTGCCAAGGCTTGAATATGCATGGGTCATAGATGATATATCCACATTATCAAGTGAATATATAACTTCTGTCATAAGCTGCATATTAACTGCAAATACCATAGCAATATAAGGAATTTCCTTAGATGCTTTTAATACATAGCTGGAGCATGGCATTGGAGTGCCTTGAAATACTATCTGACCTTGTTTATAATCTATTATTTCACTGCCTGCAGAATATCTTTTTTCTCCCTGAACAGAAAAGATTAATAAAGGCTGCTGTAAACATACTTCTGACTGAAATGGAGCATCACGCTTCACAATCAAAAGACCATCAATATTTGTAGTATAAGACTTAGATTCAGGCATTAATGGAAGCAGTTTATCTAATAATTTATATTTATTTTTTTCAAAGTAGCTGTTCAATGTATCCTCGTTTTATTATTATTTAGTATATATTATTTATTATGAAAGTCCACCCATTAATAGAATTATGCAAAAAAATAACAGTATTGTATCTTTTTTATAGTATATTCATATATTATATTATACTATAAAATGAAAGTATATATTCAGGGGGCTTGTATGGCAGACATTTCAAGAAGAAATATATTAAAAGCAGGTCTTATTACACCGGCAGTGTTATCCAGCATTACAGTTGATGATTTATTTGCACAGGAAAATACATCTACTGTATACATGACTAAAGATTTAAGTCCTGAAGGTCTTAAAAGAATATATTCATATATTAATAAGGAAATCACTGGAAAAGTAGCAGTAAAACTGCACACAGGTGAGCCACATGGTCCAAATATTATACCACCAGTATGGGTTAAAGATTTTTTAACTGTTATAAAAAATCCAACAATTGTAGAATGTAATGTGCTTTATCCAAGTCCAAGACAAAACACAAAAGGTCATTTAGAAACACTTAAAACTAATGGCTGGACATTTGCACCTGTTGATATTATGGATGCAGATGGGGAAGTAAACCTGCCTGTAAAAGGTGGAAAACATTTTAAAAATATTGCATTTGGCAAAAATATATTAAACTATAACTCTATGGTAGTGCTTACCCACTTTAAAGGTCATGCAATGGGCGGCTTTGGCGGCTCATTAAAAAACATTTCCATAGGCTGTGCTTCTGGCAAAACTGGAAAATCTCAGCTCCATGAAGGAATGTGGGGTGCAACTGGTAAAAAATTTATGGAAAATATGGTTGAAGGCGGCAAAGCAGTTATAGACCATTTTGGAAAAAAAATAGTGTTTATAAATGTTATGAGAAATATGAGTATAGACTGCGACTGTGCAGGCACATCAGCTGCAAAACCAACAGTGCCAGATTACGGCATACTTGCTTCTACTGATATTTTAGCACTTGATAAAGCATGTGTAGATATTATTTATAATATGGAACATAATGCAGGTAAAGATTTAATAGAAAGAATAAAATCTCGTCATGGACTTCGTCAGCTGACTTACATGAAAGAAATGAAAATGGGAAATGATAATTATAAAATAGTAGAAATATAAGTATCTTGAATATTAATTAAATCAGCTTATA
CP097562.1_gap12	608950	613520	4570	TTTACTATTTTCTGCAAATGCCCAGAAGTTTCCCCTTTTTTCCATAAAGATTTTCTGCTTCTTGAATAGTAATAAGCATATCCTTCTTTTAATGTAAGCTCTAATGCTTCCTTATCTGCATAAGCCTGCATAAGCACTTCTTTTGTATCTGCATCCTGCACAATAACAGGCACTAAGCCTGCACCCTTTTCAAAATCAATAATAATATTCATAATATTTTTAACTGCCTTAACAAATTCTAGGTAAAAGTTCACCCGGTGGCAAATCTATGTGGCGTTTGCCACCTGAAATCGTTTTTAATATAACTTTGTTATCACCAGTAACTTCCCCTATCACTGCAGCTCTTTCCCCTTCTTTAACGGACTTTAAAACAGCAAGCACTTTCTCGCAGTCATCAGCACCGCATATTATAACAGCAGCACCCTCATTTGCAACACTTAATGGGTCAAACCCTAATGTATCACATAATTCTGCCACATCCTGCCTTAATGGTATTTTTTCTTCATCTATTAAAAAACCTTTTCCACTTTGTTCTGCTATTTCATTTAAAACAGCAGCTAAACCGCCCCTTGTAGCATCTCTTCCAAATTTAATATTGTAAGGATAAACAGCTTTCATCATATTATTTAAACAGGCACAGTCGCTTTCAATATTTCCTGCAAACCCAAACTGACCTCTTTCAAGCATTACTGCCATACCATGACGGGCAATATCTGATGTTACAATAACTTTATCACCTGCTTTTACAGCAGAAAAGTCATTTAAGTTTTTAATAACTTTCCCCAGCCCGCATGTATTAATGATGACACCATCTATACCGCCACGCTCTACCACCTTTGTATCGCCGCAGACTACTTTTACACCAGCTTTTTTTGCTTCATGTGCTGCACTCTGCACTATTTTTTCTAATTTTTCATAGCTGTATCCCTCTACAACAACAAGAGCAAAGGAAATATATAAAGGCTCTGCACCGCTGACAGCTAAATCATTAACAGTGCCGCATATAGAAAGCTTGCCAATATCTCCACCACTAAAAAACTCTGGACGGATAACAAAAGAGTCTGTTGTAAAAGCAGAATTAGTGCTTGTTTCTATATGAGAAGAATCACCTAGATTATTTAATATATCATTATCAAAATATTTCAATATAATATCTTTTATAAAATTAGCGGTCTGCCTGCCACCACCGCCAATGGAAAGTGTTACTATTTTATCATCCATAATACACCTATCTTAAAAATTTGTAATAAGCTGCACATGTTCCTTCACCAGAAACCATACATGGACCAACAGGGTCTTCTGGAGTGCATCGTTTTGCAAAAAGAGGACAGTCCTGCGGCTTGATTTTGCCAGTTAAAACCTGCCCGCATTTACAGCCTTTTATCTCTGTAATATTTTTAGGCTTTAAATCAAAGCGTTTTAAGGCATCATATTCAATATATTCCTGCCTTATTGCAAGTCCGCTTTTTTTAAGCTCGCCAAGTCCACGCCAGAAAGCATCACTTTCATAAAATACTTTTGCAAGTATTTCCCTTGCATTTGCATTGCCAATATCTGGCACAACACGCCTGTATTTATTTACTATATGAAAGTTTTTATTATTTGCCTGTTTTACTATTTCATACACTGCATCAAGCATTTCAACAGGCTCAAACCCAGCCACAACAGCTGCTTTGCCTGCTTTTATTAAAGGCTCATATAACTGCACACCTGTTACTGCTGTGACATGACCGGGACACAAAAACCCATCTAAATACATATCTTTATCGCTTAATATTAAGTCAAAAGCTGCAGGCATTGTTTTACAGAAAGATAAAACAGATAAATTTTTTAAACCTTTTTCTTTTGCTTCCATAATTAAAGCAGCAATAGTTGGTGCTGTTGTTTCAAAACCAATCCCTAAAAATGTATAATGTTTATCAGGGTTATCTTCTGCCAGCTTTAAAGTATCAAGTGGAGAATATACCACATTTACATCTGCTCCACGGGCTCTTTTATCAATAAGAGTTTCTCCATTGCTTCCGGGAATACGGAGCAAATCACCAAAACTTGCAACAGATACACCACAATCAAGCAGCTCAAAAAATAAATCAATCTCTCCCTGACTTGTAACACATACAGGACACCCCGGACCTGAAATCAGTTCCACATTTTCAGGCAGCATACTTTTAAGCCCAGAGCGGGCAATAGCCATAGTATGAGTGCCGCATACTTCCATTATTTTATATGTTTTATGAGTATCTGCTTCCTTTTTTATAGACTGACTTACTTTTAAAGCAGTTTCTTTATCTCTAAAAGGAATGTTTGGATTCATCTGTATAGTCCAGTAAAAATTCTAATGTTTCTTTTGCTTCTTTTTCGTCTATTTTAGAAATAGCAAACCCTGCATGAACAACAACCCAGTCACCTGCTTTTACATCATCACCTAAAAAGATAGTGGAAATCTCCCTTTTAGTGCCAGCAACATCAACAGTTGCCACATGCACATCTAATTTTTCAATTAATCCCGGAAACCCTAAGCACATAATCACTCCCTTTATCTATTATTTGATTTTCCTTTAATTACTTCTGCCAGTTTAATAAAAATACCAATTATTACACCAGATAAAAAGCCGCCAAAATGCATCCAGTATGCAACATTTGATATACTTATAAACCTGTTTTTAATACCAATATATTCCTGAAAAGAATGAAGGTATTTATTTAAATTAAAAAACTGCTCACTATACCATAATAAAAGCTGAAATATTAAAAACAGTAAAATAATAATAACTGCAGGTATATTTCTTATTATTGCATATATTAATAAAAATATAAATGTTTTTATTTTTGAAAACGGGAAAAATATTCTTAACTAACAGGACAAATGTTACACTTTTAGTAAAAAATAAATCTTAACTTAATATAAATCAAGCAATAATTTATTTTCAATAACAATCTCATATGGAGATTTAAAATTTAAGCATGTTTTAGCAGTATTATTATATCTATCTTCATGCTTTTTAAGAGCCTTAATTAATTCATCTTTGGAATAGAATTTATTATTTGCATATAAAATTTTTCCATCCTCTCTATGACTTCTTTCCACCTTTCCATTCTGCCAAGGTGAATAAGGTCTTATTCGTTTAATAGTATATCCTTTCTTTTCAGCTGTCTCTTCAAAATAGCTTTTCTTGTTTGTAACTTCCTTATCATTTACAAACTCATAGCCATTATCCACTTGAATTGTTTTTAGTGGAAAGCCAAATTTACTTTCCAGTTCGTCTAAAAACTTACCTGTTTCAAATGTGCTTTTTTCTTCTACTATTTCTAATACTCTCATTCTGCTGTATTCATCTATCGCTGTTATCTGATAATATTTTTTACCATAGCTGGAAAACATTATACATTCCTGTGGAACATATTTTATATCTATCTGAACCTTGTCGCCTATATACTGACCTGTTATTGGTTCATATCTTGTATAGCTCTTTTTTGACTTGTTTAATGACTTTAAGCCTTTCTTCCTTATCTGCATACACATACTGCCAAAACTACGATTATAACCAATTTCTAGAAGTCTGACATATACCTCCGCATTACCATACAAACCATGCTCGGCATATGTGTTAAATATTAAATCAAGCTCTTCTTTACTATGCTTATTTGGACTGTTTCTTGGTCTACGACTTTTAAAAGATAAACTCTGAACTGTTCCATCATATTTCTTTAAATGCCTGTATACAAACATACGGTTCACTTGATATTTGCGGGCTGCTTTCGTTGCTCCTTTTTTTAATGCATACTCACATAACCGTTGACGAAATCGCATTTCTTCTGTTATTATCACTTTATTCATTGTGATACCTCTTAGTTTAGTTTAGTTTTTTGCTTAATTTTATACTATATACTAAGAGGTATTTTTTTATACTTATTTTTGTAACATATGTCTCATAATCTTACATTTATTTTTGAAAACGGGAAAAATATAATAAACAAACCCATAATACCTGCAACTGCACCACTTGACCCTATTATAGGATATTCAAGAGAAGGCATCATAAATGCTTCAGTAATTGCAGCCATAACACCAAGCACAATATACAGGCATACAAATTTTACAGAGCCAAGATATTCTTCCACATTTTTACCAAAAATATATAAAAAATACATATTTACAGCAGTGTGTAAAAAACTGCTGTGTAAAAACATATATGTAAAAAAAGATGACATTTTTTCACTGATACTCACTATCTCTGAAGGCATGGAAAGCTTTAAAGGCAAAAAACCGTGGTCTGCAAAAAGCAGCCCGTGAAAATTAATACGAAAATATATATAAATAACTATATTTATTAATATTATAAGCCATACACCATAAGCAAATCTTGTTACTGGAATATTTGTTTTTAATGGAAACATAGCTCCTCTCATTATTTTGAAAAGTATTATAGTAGTTTGCAAACATAATTGCAAACAGTTTTATAAAAAAGAATAAATGAAATGAAAAGGCAGATAAAACCATCTGCCTTTATAATATAATTGATAAGTTAAAAAATTTACTATTTTGTTCTTGTATATGCAACAGGACCGC
CP097562.1_gap13	631026	635512	4486	TTTAGCAACTCCTTGAAATATATTACTATGTTCTTGTAAAGTTCCTCCCCCCTGCTGATATGTAAAGGATAATAATGAAATATAAAGCTTTGTATCTTTAATACTATGGATATTAAAAGGTCTACCTGTCCCTGTTAAGTATTTAGCCAATTGATTTTCATATTCTTTTTTACCTATATCATATATGAGCGATATTTCTTCGTCTGTAAATTCAAAAGAAAAATCATTCACAGGGATTTTTTCTATATCACTTCCTTTATTATATTCATCTATTAGTTTTTGTATTTCCTTGCTTAGTTTATCTATATTTTTTACCTTTGTATTTTTTGCTGTTTTATATTTACGGATTATTTGCAATACTTTATTATCTGAACCATTACCATTGCAATTTTCTTCTATAAATTTATTATATTTACCATTACCATATAATAATACATCTTTCTGATAACCAATTGTATTTATTTCTTCTATAGGTTTTAAACTTGAAAATTTGTGCAAAAGTGCTATAGCAAGCCAGTTAGGGTTATCCTCTATATTAAACCCTATACCAAAAGTAAGTTTCTTTTTGTTATCTACATATAAGCTGTAATCTGTTGATTTTGGGTCTGCTTCACAATGAAGTATAAATTTTTTTTCAAGTTCTTTATATTCTTCCTTATTAAGTTTGGTATATACTCCCACTATGCACCTCCAGTATATGTACTGATGAATGCTGCTGTAATTAACTGTAAACCCATATATTTATAATAAAGGGAAGATATTAGTATATTTTCATTTGTAGTATAAAGCACATCATCTATTGGGGACATTCTATCCCACTCATAACCTTTCATCATTCGGTTTCTATACATACATGGAGTTTTTACATGAAAATTATGGGTAAAATAAAAGCGTGTTCCTAAAATCTCTTCCGTTTCTTTATATGTATATTCATATATTTCTTTAATAATATTTCCTTTATCATCTGTTATTCTTTCTGGATACTTCCTCATAGGTGGTGCAGGCTCTTCTATGGGAGTAAAAAACCATTTAGTATATAAATCTCTTTCTCCGTGCTTATTTGCCTTTGCCTGCTCTATAGACCTGCCACATACTTCCCATAACTCATCATAACCAGGACCTAGTTTAGGATTATAATAATCATTTTGAAAATTATATGACTGCTCTTTATATTTTTTATTGTATTCATTATCAGCACTTTTTACTATTATACTTTTATCTGATAGTAATTTTGGAGTTGTACATTCTAGGCGAACTATATTCCTATCTATATTTGGAAAAAGTTCTAACTCTGTTTCAGAACCATATAACTGGTTAAACTTTAACTCTTTATAAGTAAATGTATTTTTTGGTAGTTTATAAAGTGGAATATACTTATTTATAATACCATTTTTAAATGATGCTCTTAATGTTTTACATACTCCGTTATAAAATAAATCATATATAAAATCATATAAGGTAAAATCTGTATTTCTAAATGCATCATCTACAGCAAATTCAAAATCTGCAATGTTATATATTATTTCTTTACTATAATCATCATACCCTGATTCTTTTTTATATGATATTGTCTTATACTTCTTACCATCTAACTGTTGAAGTATAGATGCCATGGATTCAAATGTGGCTGTATAACCAAAATCACTCTCAATATCTGGGTTTTTGGTATATTCTTCATAGGGTAAGTAATGATAACTTAAATATTTATTAAATGATTTATAATCTTTTATAAATTCTGATGCACCTATTAATTTTGGGTTGCTTTGGCATATACTATATATTTTATTGAGTATCCAATATTCTACTATTAACTGAATATATGGATATTTCAGCACTAAACGAGATAAATGACTATCTGACTGTTTCGCTGTTAATACTGCCTCTTTCACTAGCTCTGCAGGAATTGGGATACTAAAAGCATAGTAACTGCCATATTGTTTTTCATTATCAACATCTACTAAATCTAAAGATGATAATGGAAACAAATTTAATTGCATTGATAATAATACATCATACATATTGTCATGTTTACTTAATATGTCTTTAATTGTAATCTGATTATTTTGATGCCCCATGCTCTTTCCTTGTAGATGTTAATAAGTTTATTTATTTCCAAGCCTGCTAAATTATTACAGGCTTGGAAAAGAATATACTATATTATTTAAAAGCAATGTCTATAAATTATATTTTAATTTAACCAATCTATCGGTAAAAAATAACATTCTGCATCATTACCATTCTGTATGTAATAAGAATAATATTTGTTATCTGTCTCGCATGATGTATCTATAACACCTACACTTCCATTATCATCCCATACATACTCTGCTTTACCACACCCATCGCTTGTAACATTTCGAGTCTCTGTTCCTGCACTTGGCAGTTCATCACTACTTAATTTATAGTATAAATCATCAATTGAAGCATTTTTCATGACTGTTTTCATTGGGTGTTTATGAAAAAATATTGGAATATCTTTATATACTGTGCCTGATTTTGTTTTTATATCACTTTTGTATATATAATCAACCCATATATTTTCTTTATCACCATAAAAATCATGTAGTTTTTCATCAAATAAATATGGAAATCCTTCATCATATTTCTTACTATTTTCAACTAAAAAGTCAAGATATTCAGAATTTTTGGTAATAAATACATCTTTCCCTTGCTGCTTAAATTCAATTTTTGCTTCAACACCACCATTAGCTCTAATAGTAATATTTACAACATTAGGACTTATAGTATATATAACTTCACCTGATAAATCTTGAATACCTGTTTTTGTTGAAATTCTTTCTGCTTTTATACCAGTTTCAATATTTTCAACATCAATAATCATTTTGGTATCTTTAGATGGAAGTTTATCTGATAATACTCTATATAAAGGGTGATAATCTGCCATCAATGTTTTAAATTGTGGATATATTTCTTTAATAGTTGTATTTTTTACAACCGCATTACCCCATGGTGATATTGGACGGCATATTTCTACTGACATATTGTAAAACATGGTGTTTACACACATATCATTATTTTGCAATCCATTATTATTTGAAAAATTAATTTCTGCTCCATATACATTAGAGCTGATAAATATAACAAAAATAAATAATATAAATTTTTTCATATTTCCTCCTTATATTTATTTTTTCTTATATTTTTTTGCAACATAATCATATTGCTCTGTAAAATTTGTTTTAATATATTCTTTATATGGATTTTTATCTGAAAAAAAATCATCTATACTCTTATGGTCACTCCATTTATTACATGGGGCAATTTCATTAGATGGATATTTAAAATCAAAAAAACAGGCAGGATTGATTTTTTTATCTAATCCACCTAATCCTTCTGCACCTATACTTCTTATTTCTATATGTAAATGTGGTGAATCTGAACCTTTTGCATTTCCACTAGAACCTGTATAGCCGATTAAATCGCCAGCTTTAACTTCTTTTTTAGTTCCTATTAATTTATGGTCAAATTCTTTTAAGTGACAATAAGAAAATGTATATACATTATTATCTGTTTTATAGCCATTTCCCATAAGTTTTTCATAAAGATTTGGATATAATAATTGATATTTTTTTCTTTTATCCTATTTTTATATATATCTAACCCTTTTTCTGTATTAATTTCTAGAAATATTCTATATCCATAACCATAATTTTTTTTTCATCAGTATAATTATAATGTATAATTCCATCCATACATGCATACACTGGTGTTCCATCTAATGCAAATAAATCAAGCCCTGTATGTATTTTACCTCCTTTTTCTCTCATATTACCAAAAGCTCCATGCGATGGCCGGTATTGTTTCATATTAAACAAAGCAATTTCCATTTTATCCAATGGGTCACACCAGTCTTTACTATATTTCACTTCCAGTTTTATTGGTACTTTACCATATACTTTATATAATTTATCTTTATAAGTATTATCTATTATATTATTTAAAGCATTAAAAAAATTATCTGCTTTTTCAGATAAATCTATACCACCATAGATTATGTTTGATGTCATAAATTTATTATAATGACTTGTAACATTCATAATATAATCTTTTATAGTAATCATTGTATTAAATGATTCTTTATCTGTAAAATCAATATTATAGTGTTCAAATATATGCATATATCTAGAACCTTGAACATTTAAAGCTTCTTTTAAAGCATTAGGGTTAGTTTTTATATCATTTGCCATGATATAATAAGAACCCTCTGGTATTGTATTAGTAGCTTTATCATCATAATAGAACTTTTCACTTTTTTCAATATTTAATGTATTACCTGCTGAATAACCAGGATAATGTACAGCCTTTAAATTATCATTTAACATATTAAGCGATATTGTATTATTATGCTGTATTTGATTATCACTTATAGTCTGGTTGTGAACTTACCCAAAAATTTTGAACTAAGCCACTAAATAAATTTCTTTTTCCTGTAAAGGTGTAAGTCCATTAGCTTTTATTCTGTAAT
CP097562.1_gap14	636548	638480	1932	ATGTAACCTTGATTCGCCTGAATGCTTATATCTGTTATAGATATTACATATTACTCCTTTATGGATTTTACAGCATCTTGATAATTCACTGACACTCATTATTCCATTTTCTAATATTGTTACTAGATATTTCTTAAACTCATAGCTATATTTTCTTGCCATATACACTCCTTATATGGCTCGTCCAACTTTTTTGGGTAAGTTCAAAAAATCTAATATATAAGCTGTAGTTAAAATTGTATATTTATTCAGGCACTATAATCTATAAATTAAAGGCTTCCATAACTATGCAGACCTGAAAATAATAAATTAACCCCTAAATATGTAAAAATAGTTACTAAGAAGCCAATTAATGCGATTGATGCTGCCATTTCTTTTGACCACCTGAGAGAATATCTTCCATGTAAATATATACCATATATTACCCATGTAACAAATGCCCATGTTTCTTTTGGGTCCCAGCTCCAGTATCTGCCCCATGAAGTTTCAGCCCATACAGCTCCAAAAACTAAACCGCCTATTGTAAATATTGCAAAGCCTGCTGTTATAAATTTATATATTATCCTTTCAAGCATATCTAAATCAAAATCTATATTTTTAAATAAATTTTTAATAGAAAGACCATAAATAAAAAACAGGACACTAAAAATTATCATAAAAAGCACATATAATATATTTATAAAACTGTTTGTTCCAAAAACTTTTATTAAAATTAAAAATATTATAGATGCAGAAGATAAACCTAAAACTAATGTCCATATAATATAATAGTAACTTTTTCTCATCTTTGATACTTTTATTAAATAAAGCAAAGCAGCAATAGCAGAGACTGCAAAACATACATAAGCTGTAAAACTTAATGATACATGGGCTAAAAGCCAGTTACTCTGCAAAGCTGGAACAAGTGGGTTTAAATTAGAAGATGCTCCTATTGCATTTATAAAAAGCACTGTTGCACCACATAAGGCAAAAGCAAAAGCACCAAGAGATTTATTTTTTGTTTTAAATTCTAATATAACATAAAAAACTGCAAGTAAAAGAGCAAAAAACATAAGCGATTCATAAAGATTTGTAATAGGAACAGCTCTTAATATACCACCACCTGCAAATTCATAAAACTCTGCCCATCTCATAAAAAACGAAACTATGTGAATAAATGTGCCTATTACACCAGCAGCTGTTGCTGCAATACCAGTATTTTTATTTTTAAAAATCAAATAAAATGTATATAATACCATAGCTAAAATATACAATATACCTGCTATGCCAACCATCTTATCAGTCATTACAGTAAGAATTGATGCTGTATTTTCCATAATAGCTGTTTCTCCTTAACTTATATTAAAATATTTATAAAATTTATCAGCAGGGTTTACAAGCGGGAATTTTCTGTGAGTAAAAACTTTATACTTTAATATTCCATTAGAAACTGTAAAAATAATGGCTGTATAGTTTAAAAGATAAATAAAAACTACACCAAAGCATAACAGTATACCGCCAAAATATACAATGGAAATGCCCGGATTATATTTTACAGAAAAACCACTGTATACTACATCTTTTAATTCTTTAAACTGAAAAGCCATATTAAGTGGCTCTACATAAGTAGGCTCTTTAGAATAAAGCAGCAGCCAGCCACCCATAAGCCCCCTGCCGTCTTTATCATATACAGCTAAATATAAAGCAGGATTTGAAAGATTATATGATTTATTATAATATTCTCCTGTCTGGCTGTTGTAGGCAATATCAGAATAAAAGTCCCTTACTACTATTTTATAATCATTAAAATCATAAGCCTTGCCATATTTTAAACCCACTGTTTCTGATTTATTATCTTTTGATATTAATACATTCATAACCATATCATTATGTGGTGACTGACCATAACTCGCCTGATAAAAAACTACATCTTTATATTTTAATGGGTGATTT
CP097562.1_gap15	651107	652677	1570	ACCCATTGTGTGCTTTTGCTAAAACACCAGCATATATATTATTATAATATACATTTCTAGTATTTTTTAAGAATCAATACTACAATCAATATTATCTTCTGTTATAATAAGCTGATTAATTAAAACATTATCCTTATACTTTTTTAATTTTCTTTCAGGTCATTACATATTCTTTTAAAAGGATTAAATTAAGAAACGGAGGAGGTAGGATTCGAACCCACGGTAGGCTACTAACCTACAACGGTTTTCAAGACCGCCGCCTTAAACCACTCGGCCACTCCTCCAAGGAAGTATTTTTATACTATATATTTTTTTATAATGCAAGCATTTTTTTTAAAAAAATAATATTTTTTACAGATATATTTTTAGTGGATAAATCATTCTATTTATTGCTGAATATTACTATATCAGTCCCAGAATTGTTGTCTCCTGCAACTACCTTTTCGCCATAAGAATGGATAGAATATTTTACACCGTTGCTTTTATATTCATAATTTCTGCCCCAGCCGTCTACTAAATCAGGTGCAGGAAAATTATAACCTTCCCATTTTAGATTTCTGCTGTCAAAATTTCCTTCTAAATATCTGTTTGGAACAATATGGTCTGGCACAACTGTAACATTATATTTTTTGAGATTTTCAAGCCCTTCTTCTGTCTTTGGATAGTGTCCATGCTCTTTTTTATATGCTTCAAGCTGTTTTTCTATTACAGAAATATCATATATTGAATGCTTTACTTTATCTTCATGGCTTTCATTACTATTTTCTGCATAACTTATACATGTAAATAACAAGCCCGCACAAATAATGTTTAATAATACAAATATTTTTCTCATAAAATACTCCGTTTTCTGATTAATTTTATTATAAAATTTCATTAAGCATATTTAAAAATTTATCAGGATAATATAGTGCAAGTTCACCATGATTTAAACCTTTATATTCTATTATCCTTGAATGTGGCAGCAGTTTTTTCAGCTGCTCTGCTGAATGTTTAACACATTTCATTTCTTTAGAACCATATATACATATTATATCAGTTTGTGAATTTTTAATTGTTGATTTTAACTGATATGAAGCCATATATGTATCATATATATTATAAAGTGTTTCTTTTTTCAAGACAGGAATATATTTTATATACATTTGTTTTTGGATATTAGTAACAGTCCTTTTTCTTGAAAATTTTAAAAGAAACATCTGTATTTTGCAAGCTGTTTTTGTAAACATTATATTATAGCAGTATTTAACAATAATTTTTGATATTTTTGCAAGTTTTGGCTGTGGATAAAATATACTTCCATCTATTACTGCTTTTTCAGCAATATCTGGTTTTGATGACATCATCTCTAATGCTATCTGCCCGCCAAGAGAAAGACCGTATAATAATTGTAATTTTTTTGCAGGGCTTTTTCCAATATATTTAATAATTTGTTCTGCACAATATTCTGTAGAGATATATTGTGTTTGACTATCTTCACTATGACCATCAAGTGTTGGAATAATAACATAATATGATTTAGATAGAGTATCAATATAGTTTATAAAATTCCACCATCCATATCCTGCTC
CP097562.1_gap16	661127	664355	3228	TCTTCCCCTTCAAAATCTTTAAGAGCGATACTTAAAACTTTACGGGGTTTATATGAAGCTGCATTACCATAATAGCTTAAATCTATGCTGACATTGCTGCCATTAAATATAATATAATCTTTTTCATCACCAATTAAGCCTATAAAATAACCCTGCTCATTTGGCTGGCGGATTTGGCTTGAAATATCAAGCTTGATTTCATTTTTATCTTCTTTTGTAATTGTTTTAAGTGGTGCAATTCTCTGCATAGAGACATATCCGTTTTTATCTACCACTTTTTTAAAAAGCACAATTTCTGCTTTATTTTTAATATTTAAGCCCAGAATATTCAGTTTTAAAAATGCTTCTTTAAAATAAAGCATATCTTTGCCTATAAAATCATTTGTTTTAAGTTCAAGATAGCTTTTATTTGCAGTGCCTGCATTAAGCGGCATATTTTTTTGACTGCTGTATTTCTGCACACCATTTTGCAGCACAGAAAGATTTAGTGCTATACCTGTATCTCTAATATACGGGCTTTCTGTGATTATAGTAAATTTATTTTTATCTATAATAAAATCGCCACTGCCAACACCTATTGCTTTACCCTGCACTATATAATCAGAAACAAGACTTCCTTTAAATATTTTACGGCAGTTTAATGTGGAACCCGGCTCAGTGCAGTCTGTATCTATCGTTACATTATCGCCCCTTACATATCCAGTAACAGGAAATCTTTTATTAAGGTTTGTATCTATAAGATAGCCTGACACCCTGTTATTTTTAACAAGAATATTTAGCAAGCCGCTAAACACTTCTTTACCTTTATTTTTAACTTCTATAGGATAAAAACCTGTTGATAATGCAAGCCTTTCTCCACTAATAGAAAATGGCAGCATAATAGTTTTAACCATAGAAATAGATTTGCCTTTGCCAGAAGTAACATTAATACTAAACCTGCCATTTTTATCACTTACTACACTTTGGTTTGTTTCAACTGCTGTAATTTTTGCATCAGGAACAGGTTTATTATTAACATCAAGCACTATACCGCTTATTAAAACTGAAGCTATTTTATCACCAGTAAAAGAAAGGCTGTCCATATATAATGAAGTGCCTGTTTCAACTTTTAAATTTATTCTATTTACCGCATAATTTATGCCTTTTGTTTTAAGATATTTATAAATATTGCTTTCAATAGCTCCAGACATATCCATCTGAGCAAATCCGTCATCTGAATAAACCTGTATTACAAAGTTTCTGAAAATATATGTAATATAGAAATTAGCCTGCTGGCTTTTCCCCTGCTTTTTCTGCAATGGCAAAGCAACCATTATGCCCTGCTCCCCAAAAGGAACTGGTGCAACCTGTTTACGATTTGCATATTTTTTAGATATATCTGCAAGCTCTTTATAGTTTTTTAATGCTTCTGCAAAATTATCACATTCAAATATTCTGGCAGAAACAACATAAGTATTTTCACGCTCTATATCTAGTATTTTCTCTTTTTTAGTTGAATAATAAGCATAAGTATTTTCATAAACAGTGCATCTGTCCCGTTTTTCTGCAACCACACCTGCAACTATCCATGAAGAAGAACCGCCTTTCATTTGAGAAGCTTTTGGGAAAATATCTGCTACTGTTTTTATTTCTTCTGCAAAACTTGTAAAAAATGAATAAAAAATAAATATAGTTATAAGTAATGTTTTTTTCATAATATTTCTTTTAGCATATTTTTATTTAAATTTAAATAATTTTTTATTTAACTTTTAAGTATTTATATGTTATAAAATTTTAAATTTGTATAAACTGGAGAAAGTATGCTTGCTAAACGCATTATTCCATGTCTTGATATAAAAGACGGCAGAGTAGTTAAAGGAGTAAATTTTGTTAATATTAGAGATGCTGGTGACCCTGTGGACGCTGCAATAGAATATGAAAAACAGGGAGCAGATGAAATAGCTTTCTTAGATATTACAGCGACACATGAAAAAAGAAACATTATGATTAATGTTATAGAAAAAGCAGCAGAAAATGTCTTTATGCCTATAACTGTTGGGGGCGGTATAAGAACTATTGAAGATATACGCAGCCTTTTTGCAGCAGGAGCTGATAAAGTGTCTATAAATTCTGAAGCTGTTAAAAATCCTGATTTTATAAAAATGGCGGCTAATAAATTTGGCTCTCAGGCTGTTATTGCTGCAATAGATGCTAAATCAAAAGAAGATGGCTCTTATGAAGTAGTTATTGCTGGCGGCAGAAAAAGAACAGGACTTGATGCAGTAATGTGGGCAAAAACTATGGAAGATTTTGGTGCTGGAGAAATACTTCTTACAAGTATGGATAAAGACGGTATGAAAACTGGCTATGATATAGAGCTTACAAAGGCAGTAAGTCAGGCAGTAACTATACCAGTAATAGCGTCAGGCGGCGTTGGCACTATGGAGCATTTTTATGAAGGCTTTAAATATGGTCTTGCAGACGCAGCCCTTGCTGCAAGTGTATTTCATTTTCAGGAAATGACAATATTAGAAGTAAAAAAATATTTAAACAATAAAAATATACCTGTTAGATTATAGAGGATATAATATGGAAAATATACTGCTTATACTAAACGAAACAATTAAAGATAGACATCAAAACCCAAGCCCTGCTTCTTATACTACTACATTATTTGAAGGTGGTGCTAACAAAATCATAAAAAAACTTGGTGAAGAAAATGCAGAGTTTATTAAAGCATTTTTAACAGAGCCACCTTATGAAACAGCAGCAGAAGCAGCAGATTATATATATCATTTAATGGTTGCACTTCGTTTTAAAGGGATAGACTGGACTGATGTTTTAAAAGAACTTGAAAAAAGACATGCACTAAAAGGAGATAAATAATGAGTGAAAAACCATGGGCTGGCAGATTTAACCTGCCTACAGATATATTTGTAGAAGAATTTAATGCATCTATCTATTTTGATAAAAGATTATATAAGTTTGATATTAAAGGAAGTATTGCTCATGCTGTAATGCTTAGCCGTCAAGGAATAATAGCAGAAAGCGAAGCAAGAGCAATAGTATCAGGTCTTGAACAGGTGCTTGATGAAATAGAAAAAGGTGAATTTCATTTTGATATAGGCGATGAAGATATACACATGGCTGTTGAAAAAAGACTTACTGAAATAGCAGGTCCTGTTGGTGGTAAACTGCACACTGCACGCAGCAGAAATGACCAGGTAGCTGTTGATGTTAGAATGTATG
CP097562.1_gap17	666924	667462	538	CATAGGAATATTAAATTTAAAATCACCTGTATTACATCTAACAAAAGAAGTGTAATCATAACCGGGCATAAGCCCTGAACTTGTCATATCAACAATATTAAAGTTTACAAATTCAACATAACCATTAGATGATTTTGGTATATTAAAGCCTTTATAGCCAAGATAAAATGGCATATCCAGCTTTAATCCATCTTTATCCGTCCAGCCATAATCAATAGAATATATGTCGTTTAATCCTAAATTTTGATATAAAGCAGAAAACTCAAATTTTGTATTAGTATCACCTTTTTTATAAGCTATTAAATCTCTTGCATAATCTTCAGAGTATTTTCCACTGATACCAGTAACTTTTTGAGCAAATAACCCTGTCCCATTAGCCTGTATATTACTTTCCCCTTTTATATGAAGTGCAAAATACATAAGACTTGTATCATCACCAAACTGTGATAAAAATAGAGTAGGAAAATATTCTTGAATCAATGTATATTTTTGTGAACCTAAGGCAGCTCTTTTTGCAGCACCATTCTTTTTATATTCC
CP097562.1_gap18	784313	788158	3845	AAATGCCGTAAGACCAGCAGTAATAATATATGAACTGCCAAATGGTGCAGTTCTGTAAAAATATGATTTTACTGCCTTTTTATTATGAATATTTAAAAGCACATCAGTTTGTGCCATAACAAGATGATACTCATCAAAAGGCAGCAGCTCATCAAACATTTTTGTTTTTAGAAATATATCTTTAAGGGGTGTATTTAAAAGCCTGTTTTCAAAATTAATCATTAAAAAATACTCTCATATCAGTTGTTTTCATAACTCTTATACCTAAATCAAATGCTCTGTCTAAAAATATTTCTGATAAATATTCAAATCCATCTACTGATGATACAGCATCTTCTAGTAAAACAAATTTTTTAAAATCTTTTGAAATATATTTTGCAATATCAAGCAGAGAGTTTGCAACACAATGGCTTAGTGCTTCCCCTGCTACTAATATCATATCATTTGCAGCTACAGTATGGGCTATACGGGAACTTGCATATATATTATCCTTTTCTCCCATACTTACATCTGCTCTTAATACAGAATACTGCTCTGTAAAAGAGTTAGTGCTTTTATAGATATATTCTGTTGCATTATATTTTTCAGAATTATATCTTTCTATCGCATCAAAAAGCGGCTTATAGATATTTGCACCATTTGAGCCAATAATACAATGCGGCGGCCAGATACAAAGCTCATATCTTCCGTTATTTTCAAGCTCCCATACATAATATTCTGCCAGTTTCTGATAAGCTGGCACTGCTGCATAATATCTGCCTGATAATACATCCTGCTTTTTTATAATTGTAAAAAATTCAGGATGAGTGCCTGTTTTACTGTCTATCCAGAAAACGGGACTTGCAATGTGAAAACTTTTATGCACATCAAAAGTAATTGTAATGCCGCTTAAATGCTGCCTGTATGTATCAATAAAGTCAGCAAGCCTTTGCATATCCTGCTCTGCACCTTTAACATACAATGCACCATCTGGGTCACAAAAATCATTCTGTGGATCTATTATTAAAAGATGAATTTTCTGCATTCTAATATTCCTTATTAAAATTATTTTATTATTATACAATGTATATATATAAAAATCAAGTTTGTTACTCAAAATTTTTTAACAGGACAGGCTTGATTTATACTACCACTTTTCTATTTTTTGTGATAATATATATTAACTTGTTTATTTCATAATCCAGTTATAAAATTTAAAACTGCATTATTGCCAGAATTTTTAAAATAATTATTGCAATTTAAGCAATATTTAATGATAATTGATTAAATATTATTTTTAGCGAGGTCAGCTATGTACGAAAAATGGAAAGAACAGTATGAAAAAACAATCAGTAAATTTCCTGAGCGTAAAAAAGTTTTTAAAACTACTTCCGGATATGTTGTAAAGCCTTTCTACACTCCAGCAGATATTCCTGATTTTGATTACGAAAAAAAACTTGGTTATCCAAGCATTTATCCACTTACAAGGGGTGTTCAGCCTACTATGTATCGCGGTCGTTTTTGGACAATGCGTCAGTATGCAGGCTTTGCAACAGCAGAAGAATCAAATAAAAGATACAGATATCTGCTTGACCAGGGGACAACAGGGCTTTCAGTAGCTTTTGACCTGCCAACTCAAATTGGTTATGATTCTGATGACCCAATGGCATCAGGAGAAGTTGGTAAAGTTGGTGTTGCTATTGACTCTCTTGCTGATATTGAAACATTATTTAATGGCATACCGCTTGATAAAGTTTCTACATCTATGACTATTAATGCAACAGCTTCATATCTTTTATCATGCTATATTGCTGTTGGTGAAAAACAAGGGGTTTCCTCTGATAAATTAGCAGGAACTATCCAAAACGATATATTAAAAGAATATATGGCTCGCGGCACATACCGTTTCCCACCTACTCAGTCTATGAGATTAATCACTGATATTTTCTCTTTCTGTAAAGATAATGTTCCTTTATGGAATACTATCAGTATCAGCGGATATCATATAAGGGAAGCAGGAAGTGATGCTGTGCAGGAAGTTGCATTTACACTTGCAGACGGTATAGCTTATGTTGATGCGGCTATTAAAGCAGGACTTGATGTTGATGATTTTGCAGGCAGGCTTTCTTTCTTCTTTAACTGTCATAATAACTTTATTGAAGAAGTTGCAAAATTTAGAGCAGCAAGAAGAATGTGGGCAAAAATTATGACAGAAAGATTTAAAGCTAAAAAAGCAAAATCTACTATGCTTCGTTTCCATACTCAAACAGCAGGCTCTACATTAACAGCACAGCAGCCGCAAAATAACATTGTCCGTGTTGCACTGCAAACATTAGCAGCATGTATAGGCGGCACACAGTCTCTGCATACTAACTCTTATGATGAAGCTCTTGCTCTGCCTACAGAAGAATCTGTTCGCATAGCTTTAAGAACTCAGCAGATTGTGGCAAATGAATCTGGTGCAGCAGATACTATTGACCCACTTGCTGGTGCATATATGGTAGAAGCTATGACTGATGATATAGAAAAACGCGCATTTGAATATATCCAAAAAATAGATGACCTTGGCGGCATGATGCGTGCTATTGAGCAGGGTTTTCCACAAAGAGAAATCCAAAACAGTGCTTATGAATATCAAAAAGCTATAGAAGATGAAGATTTAATTATTGTTGGTGTGAATAAATATCATATAGATGAAGAACCACCTAAAGGTCTTTTAAAAATTGATTCTTCTGTTGAAGTAAGCCAAAAAGCAAAACTTAAAAACTTAAAAGAAACTCGTGATAATGATGCAGTTAAAAGAGCTCTTGCAGATTTAACAGCAGCTGCAAAAACAAACGAAAATTTAATGCCAAAAATCTTAAATGCAGTTAAAACTTATGCTACTCTTGGCGAAACAATTAATGCTTTAAAAGAAATATTTGGCGAATACAAAGAAAACATCGTATTATAAAATCAAAAGCCTTTCTGCAATTGATGAGAACCCCATTTATTGGACAAATAAATGGGGTGTTTTTATGTCATGCAGAATTAAATATTTTTATTAATCAGTTCTGGTTTTAGGCATTCTTTTAAAAAATACATTAAATCTTGATATACTTTAATAATATATATTATTCTTTAATACAATTAATTTATGGTATATTTGACATATCAAGGAACTGTTGGAAATATGTTATCTGGTATTGTTATACCAAGAGAAACTGAAATATAATTTATAAGACTGTCTTCTGTAATTTGCGATTTATCATCACGCAGACTTGCTGCAAGCTCACCAAAAACACTGCTGAAACTGTCCTGCCCCAGTAAATCACCAAGCATTGCTGCTGCATCTTCTGAAAGTTTAAGTCCACTGTCTAAATTATAAAGAAATAAATTATATTCCTTTAAAAATGAAGGTAAACCAAGCCCTACAACAGTTGGATTAACATCCTTGCCAAAGTCTGTAAGACCTTCTTCTGTAAGCTGCAGTTCATTAGAACCACCCCCACTTGAATTTAAAAGCATAGCACTAATATTAACAACTGTTCCCATAGTGCCTGCAAGACCGCATAATGTAAGATTAGTATTATTTAAAGTATGATTTGATTGTGCAAGCTCTGTTTTATAATCTGCACATATATTAATAGCTTTTTCATACTGTTTGTATAAATACATTGATGTATTCATATCTATCACATTATGTCCAATAACAGCCGCAGCTGTTCCATAAATATCATTACCGCCAGTCTGCAATATGCTGTCAAGCCCTTTTACAATATCAAAGCCACTGCATGAAAGAACAGCACTAACATAACTATATAAATCCTTTTCACTAAGGGATACACTAGAATTAACATAGTCATCATAACGCTCAATAATTACAT
CP097562.1_gap19	789562	794485	4923	AATTTTTTATGAGGATATTATGGAGTCATTTTTTGATATAAGTGATTTTGCAAACCTGATTATATATTTTGCAGTATTTATTGGTATTACAATCTATTCTGCATTTAAAACAAAAAATAAAAAATCAAACCAGAATGATGATGAAAGTGTTATTATTCAAAACAGTAATCAGAACAATACAGATATAGAAACAAAATTAAAAAGCATTATAAGAAAAAAAAATAATCCATACCAAATAAACAGAAATAAAAACAATAATCCAATTTTTGCTAATTCTACTAACAACATAAGCTATACTCGCACTCTTATGATTTTTTTAGCTGTGGCAGCTGCTGCTGTTTTACTTATCGCATATTTTACAGGCACTTATGAAAGTTTTATGTAAAAATTATTTATTAGTAGTCTGGTTAATCTAAATAATGTATTATGCAGTAAAAAAAGGCAGAGAAACAGGTATATTTGAAAGCTGGGAAGAATGCCAAAAACAAATCACTGGTTTTTCTGGAGCAGAATTTAAAAAATTTAAAATACTTCATCAAGCAGAAGAATATTTATCTGCTGACAGCTTAAATGATGAAAAAAATGATGATTTAAGCGGTCTTCATGCTTATATTGACGGCAGTTTTTCTGAAAAACAGACAGAAGCTGGCTTTGGTGCCGTTATTTTATATAATGGAGAAATAATACACACAATAAAAGGCAGCAGCAAAAAATATATAGATATGCGTAATGTAGCAGGGGAACTTTTTGCAGCAGCTGTATCTATTAAATGGGCTGTAGAAAATAAATATAAAAGTATAACACTGCATCATGACTATTCAGGTATTGCTTACTGGGCAAAAGGACAGTGGAAACGCAAACAGGAAGGCACTATCAATTATAAAAAATTTATTGATGAAATATCTGAAAAAATAAATATTTATTTTGTAAAAGTAAAAGGACATTCTGGAGATATATATAATGATATGGCAGATAAACTTGCAAAAGAAGCAATAAATATTACAGATGAATAAGGAATAATATGAAAAGTATTGACAAATGAATATTATTTATGTTTAATCATTTATCAAATTTATAGTTTATAAGCCGAAGTGGCGGAATGGTAGACGCAGCGGACTCAAAATCCGCCGATTTTTAATCGTAGGGGTTCAAGTCCCCTCTTCGGTATAATCATCAAAAATATACCCAAATAAGTGAACTTATTCAAAATTTTTTTCTCACATTCATTTTAAGCCTGATTTTAAAGGTGAAAAATCTAAATTATATATATTAAAGCAGTGTATAACATATTTAAAACTATCTAACTTTTTAGATACTTCGCCTTGCAGGCTCAGTATGACCTAGAGCTTTCACATTGCAGTAAGATACGGAAACAGGCTCAGGACGAGCTGTCTTTAGTAAGCGATAGACGAACTTATTTCGGCAGAGGGTGATTTAAAAAATTTATGGATGAATTTTTTAATACAAATTTATTAAGTCATTTTGAGCCTGACTTTAAGGCGAAAAATCTAAATTATATATATTAAAGCAGTGCATAGCATATTTAAAACTATATAGCTTTTTATTTACTCAGCCTTATCATTCTCAGTATAACTGATATGCAAAATTTTTAAGTAAGTCTATTTTATTCATCATAAGATTATAATATTTGATAAGTAGAAATACATCTAATATATAAATATGTTATTACAGTTTTAATCAAAAATATAAGTAATGCAGATTTTTAATATTTATCTTATAGTATGCTTATATCCATAATGTCATCAATATTAATTTTTGTATCATTAACAATAATAAGTCTGTTATAAGTATCTATTTTTTTGATAATGCCAGTTACTTTTACAAATCTGCCACCGCTTTTTCTCTCATCTGCTATAAAATATTTTACATATATATTATTTACAGCATTAGTATTATATAAAATATTCTGCAAAATATAATTAATTCTTTCCTTTTCTTCTTCATCAAGACTGTAAGATGTTTCTGTAATTCTTTCTGTTTCTTTCACAGCTTCGCTATGACCTGGCAGGGCAGAAAATGGTGCAAACTGGGCAGCACGATTTAATACATTCATTGGAGCATGTATATTAGATATTCTGTGTGGCATATTTATAATATCCCCATAATATTTACAGCTGTCATTATCCATTATGCTATATGACCACCTATCTGATTATTTCTATCCATTGCAGTAGCACCATCAAAAAGATTCATACATTTTATTACTGAATTTTTGCCAAACCGCTTTTTTATATTGATTAAAGTTTTCTGTATATCTTTCTCTTTCAGTCTGCTTTTATCATCAGCTTTTTTATCTTCTTCTAAGAAATCTAATATTGTTAATGGCTTATTCTCTGATTGATATGTATTTTCTGGTATTACATGATTAAATATAACACTTATTCTTCTAATCCATAAATTTTTGTCTACAATGCTGTCATAAAGGGAAGATACTGCTGCAACTATATCTTTTGTAGATGATGTATAACTTTCTAAATTGATAGTGCCATGAGCACTTTTTGGTTTAATCCTGCCATATCTATCTATTTTTAAATCTCCATTATATGCTGGTAAATCATTCCTTGATAAATTTTCAACATCATAACTAACTGCTAAAATTATCTGGTTTGTAACAAGTCCTTTTTCTACTAAATCAAGGGATAAAATATCTGCCATTTCTTTTGCTACTGTGCGTGCTTTTTCGCTTGTATATGGACTGTGCAATACCTGTGCTGAACCTATACTTTTGCTTTCTGACTTATATGCTTTAATATGCGCCATAGTGCATGGTTCGTATCCCCATGCGTGGTCTATTAAAAGCTCTGCATTTATACCAAAAAGTTTATAAAGCAGTTCTTCATTATAAAAATCATGGTGGCTGATAGAGCATTTTGCAATATCCCCCATAGTAAATATGCCATACTTTTCAAGTTTTTCTGCATATCCTTTGCCTATCCGCCAGAAATCAGTTATTGGCTTATGGGTCCATAGCTTATAACGGTAAAGTATTTCATCAAGATAAGCGATACGGACACCATCTTCATCTGGCAGAGTAATTTTTGCCATAATATCAAGTGCAATTTTTGCAAGATAGAGATTTGTGCCAATACCTGCTACAGCTGTAATACCTGTTTTTTTATAAATATCCTGTATCATCATTTTAGCAAGATTGTATGGTGTAATATTATATACTTTTAAATAACTTGTTATATCTATAAAAACTTCATCTATGGAATAAACATGTATATCTTCAGGAGCAATATATTTTAAATATATTTCATAAACTAATGTGCTGTATTTTATATAATGAGCCATTCTAGGCGGTGCTGCAATAAAAGCAAGAGCAAGGCTTGGATTATGCTGCAGCTCTGTAATATTGTATGATTTTCCAGTAAACTGTCTAAATGGCAAATGAATAAGCCTTTCCTGATTAATATTTTTTACCTTCTGTATCACTTCAAAAAGACGCGGTCTTCCAGTTATTCCAAAATATTTTAAAGCTGGAGTAACTGCTAAGCATATTGTTTTTTCACTGCGGGATTTATCTGCCACTACAAGATTAGTAGTTATTGGGTTAAGCCCTAAATCAACACATTCCACAGAAGCATAAAAAGATTTTAAGTCTATACATAAATAAACCCGTTCTGACACATTTATCTCCATATATAATATAGAACAAATGTATTATATAAGATTTTTTAAAAAAAGAAAAGCAAAAAATAAAATAAGTGGGTTTATCCTAAAAACTTTGTGCTGTAAGTTACTTTGAGCCTGTTTTAAAGGTTAAAAAATCTAAATTATATATATTACAGCAGTGCATAATATATTTAAAACTATCCAGCTTTTTAGATACTTCGCCTTACAGGTTCAGTATGACCTGCAGTTTTCACATTGCAGTAAGACACGGAAACAGGCTCAGGATGAGCCGTCTTTAGTAAGCGATAGCCGAACTTGTTTCGGCAGAGCGTGTTTTAAAAAATACAGGGATGTATTTTTTAATAAAAGATAAATTAAGATACTTCGCCTTACAGGCTCAGTATGACTGAATTTACTTTTTTCTAATACTATTACTAAATATTTTGATAATAATAACTATCATTTCTTTCCATATAAGTTTATTATATGGATTAGTTTAAGTTTTTTTGTAAGAGCAGTATAAAAAACATAAAAAAGGCTGCTTTTATTTGCAGCCTTGACCGATAGAAGAAATAGTAACTTCTCCAAAATAATCTGAAAATGTATTATTTAAAACAGTATTATGTCCATTTCCATTATATTCACTTGCAACCATTTCTATTTCAAGACGATATGTGCCATCCGCAATCTCTGCAGCATCTATCATACTTTTCTCAATAACCGCTTCTAATGTAACACGAGAATTATATTTAAGATCTTCTGGATGGTCAATTTCTATTGGTATATCATTAAAATAAAGCCTTGCTCTAGTAAAGCGAAGATAACTGTTTCTAATAACAGGGTCTACATTGCTGGAGCCATAAAGACCTTCTGAGCTGATAGTATATTTTACAGTTCCATCACCTTGAATAAAATCTATACATACAGGTGGAAATTTATATGTATTTGTGCCATTAGTTATGCTGTCAATATCAACTGATGCTGTAGTAAAAGCAAAAACTCCGTTAACTTCATCTGTTGTTTCTTTTTCTAAGGCACACGACATAATGAAAAACGGTATAATCAATGCTGCCCAATATCTCATATTTTAACTCCTTACAATTTGTCATGATAGCATAAAATAAAATTAGTTAGCAAGAAAAACATACTATTTTTTACATAAAAAAATGGGCAGCTGTTAACTGCCCACTATCATATATGGCATTATATGCTGCTATTTTTTATGTTTTAATTCTGCCCCAGAAATACCCGGAGTTGTCATACCTACAGGGTCTAAAATAATATTAA
CP097562.1_gap20	869738	873406	3668	AATCCGCGTCAACAAGTAATGTTCTATAACCTGCCGCACTTAAAGATAAAGCAAGACTTGATGAACAAAAACTCTTTCCTACGCCGCCTTTACCGCTTGCGATTGATATTAACTTTGACATTATCAGCCCTTTAATAATTTATAAATATAAACTCTTATATTACCATCTATTATATCTATACAATGTTATTTAAATAAATACAAGATAATTTTTATATTTTTATGTATATAAAATAAAATTTTTTATAACACCTTATTTTTTTCCAGTAATTTTATATATTTAATGTTTTTCAAATTCCTGCCATACAGGCTCTAATTCCTTATTAACTCTTTTAAGCCTGAAACCAAACACTATGGCAGAAATAATCATTATGCTGCACCATACAACCACTGTAATTTGCGGTGAAAAATGCTCTGTCATGATACCTGCAAAAAATGCTCCAAGCGGACCAAGACCATAAATGCCTATGGAATAAAGGCTTGCTGCCCTGCCACGCATATCACTTCTTACTGCTGACTGAAGATAAATATTTGTTGCAATAAGGGATGATATAAGACCAAATCCAGCAGGCACCATCATAACAAGTGAAAAATAGTGATTAGTGCTTAATCCAAAAATTATCATACATATACTATGCAGTAAAACAAGAGTAAATATTGCATTAGGCAGTTTTCTCATAGTGATAAATGCAGCTACTGCAAAAGCACCTGTCATTGCTCCAAGACCAAAAAAACCCTGCAGGAAACCTAAAAGCTGTGATGAACCATGCAGAACATCTTTTGCATATATTGGAAGCATTACAGAATAAGAATATGAAAAAAATCCAACTACTATAAAAAATGCAAACATTACACGCATATAGTATACATTTTTAGAATATTTTACTACTTCTACTATATCCTGAATAATACTTTGTTTTTTTGCCACTTTATTTTCTCTTGCTCTAAATTTTATGATAAATAATGCTGCAATTACAGGTATATAGCTTACTGCTGTTATTGCAAAACAAATTGCCTCATCTGTGATAAAAATTATAAATCCTGCAGCAGTAGGACCAATAAGCCTTGATAAATTAAATATTACAGAATGTAGAGCTATGGCACTTTTTAAATCAGAGTTTTTATTTACCATTAAAATAAGTGAAGCCTGTCTTGCCGGCATATCTACTGCAAATACTACTCCTAAATAAAAACTTAAAAATAAAATATGCCACATCTGAATTGTATCAGTAAAAATCAGCAAAGCCATTATTAAAGCATGCAGTAAAGTTAAAATCTGGGTAGCAATTATAAGCCTGCGAATATCATGCTTTTCAAGCCATGCCCCTGCAACTAATCCAACAATAAATATAGGTGCATTTGATAAAAGCTCCACAAGACCCAGCAAAAAAGCTGATTCAGTAGTGCGATAAACAAGCCATGATGCAGCAAGCTTCTGCACCCACATACCAGTTAAAGCCACAGACTGACCAGCCATATATATTGAAAAATTTTTTGATTTTAGTGCATCAAAAGTATGGACAACCATATATTTTACCTTAAAAAATATGCTTATTCACTGCATTATAATTTATCAACAAATAATAAGCAATAAAATAATGTAAAATATAAGGATAAATGAAATTTTGAAATAAATTATTTTATACCATATTTTGCTTTGCCGCTTTCATCACTGCCTTTATACACTTTATACCGTGCAGCTATAAAATATATAATAAAATATGTCAATACTGCACAAATTATACCTACAAAATGAGTTCCTACAATAAAAGGTATAAAAAGAGTTTTACCTGCTTCAAAAAGTGAAGATAAAGTTACATTATTCCAGTCAAAAGTAAAGGTGCTGTCCATACCAAGCAATATAAGACCTACTTTTGTTGTAAAAGCAAAAATAAATGGAATAGTAACAGGATTAGTAATATATACACCTATCATTAAAGGATATACAGGCAGATTAAAATAGCTTGATACAAAAAGTGCTATATAAGTTTGAGTGCCAACATAGGGAGAAATACCAATTAATGCACCAAGTGCAGATGATTTTGCAAGCACTCGTGGTGAAACATCAAGTGAAAGCATCATTTTCAGTTTTAATCTTATTCTAGCGATAAAACGAAGCCTTGATGTTCTATTTTTAAAAATTTTCAGCATTCAGCACCTAGAAAATATTTAAAGCTGATACTGCATCTTTTAAAACACTTTTTAGTTTTTCATTAGATGCTGCAAAATTAACAGTAGCTTCTAAAAGACCTTCTTTTGTGCCACAGTCAAAGCGTTTGCCTTCAAATTCATAGCCATATACATCATGATATGTAGCAGTATATTTCAGTGCATCTGTCAGCTGAAGCTCACCGCCTGCACCTTTTTCTATTTTACTTAATGCACTTATTACTTCAGGGGTTAAAATATATCTGCCAATAATTGCCATATTAGATGGCGGATTTTTTTCAGGTTTTTCAACCATATCTTTAAGACGAGAAAATCTGTCTGTTATGTTTTCTTTTATCTCAACAATGCCATATTTAGATGTTTCACCTTTTTCAACAGGCATAAGAGATATTACTGGACGCTCTACTTTATCATAACATTCCATTAACTGCTTTGTAACTGGTATTTCAGACAGGATAATATCATCTGGAAGAATAACTGCAAACGGCTCATCTTTTACAATATCTTTAACACACATTATAGCATTGCCAAGTCCAAGCATATACTTCTGGCGGACATATATAATATCCACCATTTCACTTATCCGTTTCATATCTTTTAAAATATCTTTTTTGCCGGATAACTCAAGCTGACTATTAAGCTCAACATTAACATCAAAATGGTCTTCTAATGCTTTTTTTGTGCGGCCGGTAATAAAAATAATCCTTTCTATACCCGCATCAATAACCTCTTCTACTGCATACTGTATAAGGGGCTTATCTATTAATGTTATCATCTCTTTTGGTATAGCTTTTGTTGCAGGAAGCATACGAGTGCCAAATCCAGCAACAGGAAATACTGCTGTCCTTATATTCATAATACCACCAAATAATGTATATCGCTTAAACTAAAATAGCATATAAAGAATTATAGTCAATACTTAAAAATCCTGCTTTTGTTTTTTATCCATAGTATGACTATTAATAAAATTTGCAAACCTGTCATACCATGCAGAAGGCATTGATACAGAAAGATGCCCAAAACTGTAATCATTAATTAAATAACCAGAAGCACCAGAAACAGATACTAACCACGGATTAAAATTACGAAGAACTGATTTTTCTGACTCTTTTTTAAAAGAAAACTTGCTAATCATAGGGATAAGTGCTGTAAGTGCTTCCAAATGTTTATCACCGCTCCCCCTGCCTATTGTAACAAGTTTATCACCTGCTGCATAAGCCTCTATTCTTCTGTTGTTTGCAAAGAAAACAAAATAATCTTTATTAAAAGTAGATGCTAAATCAAAATCAGTTTCCCAGATACAGACAGATTCACTGCCCTGCCCGACTATCCTGCTTGTAATAATAAAGCTGTCTCTGTTATTAGCAAGAACATCATTAAAAGATGTATATTGAATCATGCCCACATGCTCTTGAGACTCATCATTTCTTAAAACACTTCTTTTAAACAGCAAAAGGTCAGTAAAAGTGCCAACTGAAAGTTCTGGATAAGACATTTCC
CP097562.1_gap21	1010640	1013690	3050	ATTAAACTGCCATCTGTTTTATATGTATCAACTTTTCTCCAGCGAACTGGTCCAGGGTTTATCTGGTTATAGTCTTTGCAAGAAACAGAACATGAATTACATGACATACATCTAGTTTGGTCAAAATAAAATGCATAACGCATGATTATCTCCTATAATTATTTATTTTTTATCCATACCATAGCAGACTGCTGTCCGTTACCATGGTCTACCCTTGATGGTCTTTGAGCCATAAGTGTATTTGCACACCCTCCATCATCTATGCCGTCAACTGGGTCTGGGTCATACCAGCAGCCTTGATGAAGTCCAATAAAGCCTCTTACTACCCTGTCAGTAACTCTTGCAATAACACGAACATCACCTATCGGGTTGCCTATTGTGATTAATTGACCATCAGCAATACCTTCTGCTGCAGCATCCTGATTATTCATCCACACTTCACTCCAAGAAGCGACATTTTCTTTGCCAGCTATTGGCTGACCGTTTGAAATTGTCTGATTAAGACGGGCAAGGTTTGCTGTTTCACCAGCTTTTACTTCCTGAACTGCACCAATATTGCCATACTCATTCCAGTCATTACCAGAATATAAAGCTCCGCCTTTAATTCTGTGAGTTAATTCTCTTAAATATGGATTTTCAGACTGAGATGAGTGTGCTCTATATCTATCATGAGTAGTTGTTAAGAGATAACCTTTGCTCATATCTAATGTATTTTTACCATTCATTACACCATAAGCTTCATTAAAATAGTCTTCATAAGCATAGTATAATGGAATAGGATAAACTAATGGGTCATTTTCAAAGTCTTTGTTAGCTTGACCAGTAGCCTGTCCCTTACTTGCAAGGTATCCGTGCCATTGTTCAAAACGGTGTTCATAGCAGTAAACAAGTGAATCTGAATATACATGAAACCTGCCAGATGCTTTTGGACATAAATCAATAGTTGATTGCAGCCATTGTGCACCATAGCCTGTTTTTTCGTTTGTCTTAATACCTGATATAAATGCTTGAGACATATTACCAGCAAGATAATTATCAAGATTTTCCCTTAAAGTAGTTTTTGTAACAGTAACTGGTGCATATTCACTTGCTGTTTTTGGAGCATAAGGGTTATTAATGAAATCTTCCCATGTTTTGCCATGGTATAAACTTTGCGGATTTACACTTGCTTTACCAAATGCATCTTTTACTAAATCTTCAATTTGCTGATTAGGAATGCCGCCTGTAAATTTAGTCGCAAGCTCATTACCAACACCTTTTAATTTACCTACTGCTTTTAATAAATCATTTGTAAAGTTCCATTGAGATTTAGCCTGACCGGGAGCATTACTTACAACTGGGATATATAAAGAGTTACCAAGAGATATGCTGATAATATCTTCCTGTTCCCAAGTTGTAGCAGCAGGTAATACATAGTCTGACCATCTTGGAGACGGAGATAAAAAGTTATCAAATGATACCATGCAGAATGTATCTGGATTATCTGGCTGTGTAGAACCTAAATCAAGAGCTTCAAACATTTCTCTTGCATCATTTGGGTCCATATGCTGGTTCATTGGAATATTACCACCAGAGTTTAATATAAACCGAAACCCTGCTTTTAATGGTTTGCCATCTTTACCTGTTTTCCATTTATAATATCCATCAGCATTTGTTTTTATTGTGCCATCTGCTTCTCTATCCCATGTATAAAGAGCTTTTGCACCACCATCTTCATAGTAAACACCTGACTCAGAATTTCTATAATCCCAGTCAGGTATATATTTTGCAGAATAACCATTTGCAGTTAACTGCTCTTTAAATGCAAATTTTATTGCATTATGCCACTGAGTGCAGGAAATAACTGGTGTTGCAGGGCTGCTTGGAACATCTGGACGGCTTATACTTACATTTAATGTGCCTGCTGCATTACTTCTTGCACCACCAAAAGCTCTGCCTAAACCGTCACCAGTCTGCCCCCATGATTTAGAAAGAATAAGAAGTGCCTGCAAAGCAAACATATTAATCACACCATTTGCCTGCTTTTGCTGAGCACCGCACCATTCGCTGTATATTGGATGATTATCTTGGTTAAAATAAAGCTCTGCTAAATCTTTAATAGCCTGTTCTGGTATACCAGTAATATCAGAAGCCCATTTTGTATTTTTAGGTTTTAAAAAATCTTTTTTAGTTTTGTATTTTGTAGTATTACCTGCTGATGAAATATAAGAGCAAATAGAGCCATTTCTTTTAGCCTGTTTAGATGCAAACTGGTCAGCTACATAGTTGCCACTGTAAGCTGCTTTTGTAAGTCTCGCATCACTGCCCATAATATAAGCTGAAAGTGAACGACCTGCAGGAACTGCATTTACTTTTACAATAGGCTCTTGATAAACATACAATGATGTGTCCGCTTTATTTTTCCAACGATATGGATATGTGTTTCTACCTATTGTAAATGGTCCTGTTTCTTTGTCCCATTTATCAATTTCAGACTTTGCAGTTGTTTGGTCTATATATATTTTTCCAGCATTTTCATTTATATCCGTTCCAACAGCTGTATCTGTTCCCTTAGTATAATTAGTTTCTATCCAATATTCTGGAGAATCAAAGAAACCATATACCATTGTATCAATATAATCTACATCTAATAATCCGCCTGTTTTTTTGTTACCATCAGCATCAAATGTAGTATCTATTGCATGATAAAGCATACCAAGAATTAATGCAGTATCAGTGTATGGTTTCATTTGATACCATGTATCTGCAAGAGTTACACCAGTGTCAACAAATTCTGGTCCTATGAACCATACTTTACCGCCACGCTGCTTCATCATTTCAACAGAACGGATTTCAGAATATGCTGAGCTGTTTACTGTTGATAATACATTGGAACCCCATAAAACAACATTTTTAACTGCACTTGCAACAGTATTTGCATTTGCACTGCTGCCATTATAACCAGTATAGCCAGTGCCAAAGAATGACCTTTGATGAAAAGAATAATCATGAGTATATTTTGCATAACCGCCCATTAAACTTGCCGCAGCTGATGTGCTTATACCTGTCCA
CP097562.1_gap22	1021721	1026287	4566	TAAAAATATCCTGTTATAATCACTATATTTTTCATCTATATAATTTTTATAATCTTCTAACTGGTTATCACCTTCTCCACTCCATATTTTATTTTCAATAATAAAAATTACTTTATTATTTTTACTTTCCATTACAATATCTATTCTTCTGCCGTTATCTACTGTATATTCTCTATATACTTCTAAATCAGAATAATCTAGTAAAAGCAGGTTTATATACTCTGCATCTTTTTTTGAAAGCTGCATCAATATTTCTTTTAATACTTTATCATTAAGATTATGATTTTCATAAGGATTAAAAAGCCATGCTAACATATCAGAATGAACTATTTCCTTATCTGCCATATTAATTATTTTAAAAATATTGGCTTCATCTTTTTTATATGTTAGTCTTTTAAAATCATTAGATAATAATAAATCTCTTATTTTTTCCTTTATGCTGTCTTCACTCATATATTACTCCAAAACTATAGATATTTTAAGATTATTTTTATACAGCTGTAATCAGCAGTTGATTTCTTCCAAGTATATTGCCGCTGATAATCAGGGATTTTAAGTTTATAGTCATTTATCAATACTCCTAAACTCTTTATATCTACTTCAATGCTTTCTGACATAATATAAACCCTCCATGCCATTATAAAATATAAAGTTTAATCTCTTAAATCTATTTTATGTTCCCATGTATCTTCATATTCTTTTCCACAACACTCATTTTTGTATTTACCTTTCCATTCTTCAACTCGCACAGGAACATATGTTTCAATTCTATTTCCATGTTTATTTTTTATTGTTCTTTTTTCTTGCTTATTATATACCCTAATACATTCTTCACTCAATTTTGTTGTTTTAAAATCTTTTTCATAACAGTAAGGACAGTATCTCCTTATTTCATCAGCATCAGGAACTTTTTTGACAAAATAAATAAATGCTATAATTAATGGAATAAATATAATACTATTTAGCACTAACAAAGGTAAATCCTGCTGATCCCCATTTAACACGGCAAATAAGAAAAGCAACTCAATCAACCCAAAAAAAATTGATGGAATAAAAAACAATGCTGATATAATACTATACTTCTTATCCATTTTTTTTAATTGTTCATATTTCTTTTTATTTTCTAAATTTTCCATAAAATTCTCCTTGTTTAACAATAAATTGTACAATACTATTCTTTATAACAGTGTGTGTATTTCTCTTGCACACCACAAAATGTTCTTTAAAATTATTACAAACTTTGATAAGGTGTAAATCTTTACACTGAATAATAATTATTGGAATTTAAGAAGAATTATCAAATAAAGATGAATGATACAATAAGATTGTGTTATTTATAAAGGGATATAGGCAAAAAGGGTGAGTTAGAAAATCAGAACTGCGTCTGCCCCCCCCCGATTAAAACCAGATTTATTTAATATTATTAACAAATTACACCTCAATATAACTATTATATAAAGAATAATATAAGTCACCATTTTTATTATACAGCAAACTTGTTATTTTGTCTATCAATATTTACCAGCTTGTAATACAATATTTAATCTACCAAACTTATGCGACAATAGGTTTCACTTTGAAATAATATTTTAAGATTAGTTATATTAAATTTTAACTCATCCAATATTTTCTAATAAGCTTATTGTAAAATATAATGCGTACTTATACTAAATCTCTTCCTAATTCTGCCAAGGGGGCGAGATAACTAGATTGTAAATATTACATATATTTACCACATTTTAATTTATTACATACATTAGAAATTTGTATATTTCAGATTATTCGCCTTACAGATTCTTCATTGTTTGTTGACACAAACATTCAGAATGACATGGCTCAGAATAGACAAACGAAATTTAAATTAGTATAATATTATATATTATTAATAGTTATTTTCTTTGCTTATAAAATATTACCCGTTATTTTACAATGTTAAATTTCATATAATACTTATTATTGAATAAATAACCTTATAGGGCTTATTCAACTTTTTATTCTAATTCTTTTAAGATTTCTCTTGTTCTAATAAGGGCTTTATCAATATGGTTTGTAATATTTTCTTCGCCAATCATCTCTATAAAGTGCATTTTTTTAAGTGTTGCATAAGGTGCTGGATTTACACCAGATAAAACAAGCTGTGTTCCTGCTTTTTTACATGTATTATAAAAGTTTTCCAGTGCATGCTCGCCAGTTGCATCTATTGCAGGAACATTTCGCATGCGGAGAATAAATACTTTTGGAGTTTTACCTATATGTTCTAATGTATTAATAAGCATATCTGCAACACCAAAGAAGAATGGTCCATTAATTTCATAAACTTCAACACCTTCTGGTATTTCTTTATTTGATGTTGCATCTGGGTCTGCAATATTCTTAGCAGTTTTTTCTGACACATCAAAATTTATTTTACCCATACTTGTAACATCACTCATACGCTTCATAAAAAGCAGTGCAGCAAGCACAACACCAACCTGCACTGCAGCAGTTAAGTCTATTACAATAGTTAATATAAATGTTGTAAGCAGCACAACCACATCGCTTTTTGGCGAACTTAAAAGGTTTGCCATATTTTTTATACCCATCATATCAACAGAAACTACTAAAAGAACACCAGCAAGAGCGGCCATTGGTATTATTTCTATTAAAAATGAAAAGAAAAGTATAAATAAACATAAAAATACTGCATGTGTAATGCCAGAAAGCGGGGTTACACCGCCAGCACGGACATTTGTTGCAGTCCTTGCTATTGCTCCAGTTGCTGGGATACAGCCAAAAAAGCCGCTTAAAATATTTGCAGCACCTTGACCTATAAGCTCTGTATTTGATTTATGATGCGAGCCTGTCATACCGTCTGCCACAACTGCTGAAAGCAGAGATTCTATACCTGCAAGCAGTGCAATTGTTATGGCGGCAGGAAATAATGCTCTTATTTTCTCAATAGTTACTTCCGGCACTGTAAATGATGGAAACACTGCATTAATTGTGCCAAACCTGTCACCTATTGTTTCTGCATTTAAGCCTAATAAAAAACAAGCAGCTGTTGAAATAACTATTGCAACAACATGAGATGGTATATTTGTAGACATTTTTCTTATAATTAATATTATGATAACTGTGCCTGCACCTATAGCTGCAGATGATATATTGATTGTAGAAAGGTTTGAAAATATACTTATCCATTTATCTATAAATTCAGGTGATGTTTCTTTATATGTTAAGCCTAAAAAGTCTTTTATCTGAGATGAAAAAATAACAACCCCAATGCCTGCTGTAAAGCCTGTTGTAACAGGATATGGTATAAATTTAATAAATGAGCCAACCCGAGCTATACCTAAACATATTAATATAATACCTGCCATAATTGTAGCAATAATCAGACCGTCATAACCATGCTGAGCAATAATACCATATATAATAATAACAAATGCACCAGTAGGACCGCCTATCTGATAACGGCTGCCGCCTAAAAATGAAATAAAGAAACCTGCAATAACTGCAGTAAATATACCCTGAGATGGTGTAGCACCACTTGCTATTGCAAAAGCCAGTGCCAAAGGAACTGCCACAATACCAACTGTTATACCTGCAAATAAGTCTTTTTTAAATAAAGCTAATGAATAATTTCTTATAACTTCAAAAAATACTGGAACAAACCTTTCCTTAGATGCCATAAAATACTCCACACTATATAATAAAAAATCATATAATACTTATATGATAAAATGGCAATATTTTATTAATAGCGTAACCCACTTTTTTTAAAACATCACATAAGTCTTAATAAATAATTACAAATAAAATTTGATAACTTATTAATAATACTAAATAAAATAATAAATGTATTCTAGTAGATGTATAAAAAGGCAACAATTAAACTTTGTCGCCTTATATGTTAAAAACAATTAAATCAAATTATATTAATTATTATATCCAATATCTGCTTTAAATATATTTGATATATCAGGTGTAGGAAATGCAGTATTTGGATCAAGAGTTTCTACATTATCAGATACTTTTTTCATACGAACAACAACAGGAGCAGTTTTTGCAATACTAATACCAGTATCTTTAATCATATCTATTATAACAATACCATTTTCTATAGTTATATTATAAGTATCATCTTTACTGCCTGCCAAACTATCTGCATTTCTACCAGTTGTTCCCTTTGTAACATTATCAAGATTTAAATAATTATCTTTAACAGCAGAAACTGGTATATCATTATAAACAGTGTAATTATATTTTTGATTTTTTGCAACTTGAGCTACCGTTGGATTATTAAATCCACCACCATCTAATTGAACTTTTGTAATTATTTTTACATAATCATTAGAAACAGCTATACTTCCTTTTCCTTGCATTTCCGAATCTCTTTGATTTGCAATGTTAGAACATTTTGCATCACTACCTACATATTCTTGAAGTTTGCTGCAATCATTTGTTAATGTTGCTACTGTTGCATATGTATAGAAAAACTCTATATCATATGTGCCTTGTAATGATTTCAAATCTGATTCTGATAATGTTGGCTGAGTTATCACTGGTGTATCATTTTTTTCTTCG
CP097562.1_gap23	1042167	1042797	630	CCGAAACAAGTTCGGCTATCGCTTACTAAAGACGGCTCATCATGAGCCTAATAAGGCAAAGTATCTTAATTTATCCTTTATTAAAAAATACATCCTTGTATTTTTTAAACCACACTCTGCCGAAACAAGTTCGGCTATCGCTTACTAAAGACGGCTCGTCATGAGCCTGATAAGGCAAAGTATCTAATAAAAAAGATAATTTAAAAATATTATACGCTTATGTAATATATATAATTTAGATTTTTCGCCTGTAAAAATCAGGCTCAAAATGACATGATTGTAATAGTTTTATTGTTCACAGAGTTATCGCTGCACAATGTCTATTCTGAGCGAAGCGAAGAATCTATTACAATTAGTTACATAAACTTATTATTATACAATTATTTTTAATCTCTTAAAAATGGAAGAAACTTAAACTTTCTTTCAGGCAGCGGCTCATCCTGATTATTTTGTGATGGGTTATTTGTAACATCATTTCTTTGGTTATCTAATGCAGAAGCTGGTGGAGTGTTTTGAGTGTTTTCTTCACCAGGCACAACAGGCACTGTTGTAACTGGTGCTAATACATTTGGTCTATTAATATTATCACTAACGGCATTAGGGTTTATAGATGCGGTATCAACAGCAAGT
CP097562.1_gap24	1045993	1050617	4624	GAAAGCTCATTTATAAGCCGTGATGTGTTAGTAACAATAAGAGCATTAATGCCTGATATAAACAAGCTGCTTTTTTCTTCAAACCCTGTGGAAGTAACGGCAAGAAGTGGAGAAGATGAAGAAAAGGCAGCAAAAATGCAGGCTTTATTAAACTATCAGATAACAGCACAAAATCCATATCATACTATATTTACAAGGCTTATAACAAATGCACTTATAACAGGCTGTGCAGCTTTAAAAATCTTATGGATAAAAGAGTATAGTGAAAAAGAAATTGATGAAATAGTGCCAAAAGAAAAAATGCAGTCATTAATTAATGCAGGTTTTCAGGTAAAATCAAGCCCTGTGTATATAAATGGCATAGAAAAATACAGGGTCCAGTATAAAGCATCATATGTCAGTAAAAATCAGCCAGTTTTTGAAGTGCTGCCTTATAATGAATTTTTATTTGATGCAAGTGCCTTATCTTTACAGGAGGCAGATTATGTAATACACAGGAAACTTGTAAATTATGATTATTTAATCCGCAGGCAGAAAGATGGGGTGTATAAAAATATATCAAAGATAAAAGATAATGTTTTTACTTATGAAGATGATGATGTTCTAAATAAACCACACTATATTTCTTCCAGTGATAAAAATAAGGCAAGAAAGCTGTATATGCTTAATGAATACTGGGGCAGGATAGATATTGATAATGATGGTTTACTAGAAAATGTAGTTATAACTTACTGCGGCAGTCAGATATTATCTATAGAAGAAAACACTTATTCAATGTATCCGTTTTTTGTGTTTGCACCTTTTTTATCAATGGACAGCATTGCAGGCAGGGGGCTTGCAGAGCTGGCAGAAAATACTCAGATAATTAAAACTGCACTAATAAGGGAAATATTAGAAAATACAAGGCGGAATAATAACAGGAAGATTTTTTATAAAGTAGATGATTTGCTAAATCCATCGCAGATGGTAACAAGCGAGCAGTATGTTGCAGTGCGGGACAGTGCAGATATTAATAATATATTTGCTCCAGAGCCTTTTGAAGTAATAAGTGCAAATACATTTTCCTTAGTGGAATATTTTGATAAGGAAAACCAAAAGATAACAGGGGTCAGCGAAATGAAACATGGCTTGAAACAGTCAGTTGAAACTCAGACAGCAACAGAAGCAGTTATAAAATATGAATCAGCTGCTTCACAGGTGCAGACTGTTGTTTTAAATTTTGCTGAAAGTTTAAAGGAAGCATACAGATTTTTAGTATATCAAAACCAAAGGTTTATAGATAATGTGCAGGTTGTCCGCCTTTTAAATGATGTAATAGAAATAAATCCGCAGGATATAAAAGATATAGATTTTGATTTAAATATATCACAGTCCTTATCAAGCGGATGGGAAGATACAAGACGCAGAGCATTAAATAATGCACTTGCTATGATGATAGAAATAGGAGAGCCTAGGAATTTAACAGATAATATGCGTATAAGAAACCTAATGGCAAAAATATTAGAAGAAAGCGGGTTAAAGGATACAGAAAATTATCTTATAGGTTTAGAAAAACTTAGAGAGCAGGCAGAAAATGGATAATCTGCTTAAAAGCCGCATATCAAAAGGCGAAAAAGCATATTATGCAGCTGAATATATTTTACCGCTTTTAAAAACTTATGAAAAAGAAATATTACTGTCACTGGAAAAGGGTGAAAATATAAGAAAACTGCATGGTATGGCTTATATAATAAAGAAAATAAATGATGATATAAAGCGTGATATATCTCACGGAGAAGATGCAAAAAAAATGATGATAAATAAATCAGTAAATAAGGAATAAAAAAATGAGTGAAAATATGAAAGATAAAGAAACAAACAGTCAAAATATAAATATACAGGAACTGTTAGATAAATATAAAACTGGAAATATTGATGAATTAGAGATTCCAGAAGAGATTTTATCTCTTTTTGAAATGCTTTATGCAAAAAGAAAAGAGCAGGAGCAGTCAAATCAGAATGCAGCAGGAAATATGCAGGTGCAGATACCTTCTGTTTCTTATATTGATGGCTTAAGCCTTGAAGATATTAAGTATATTAATGAGCAGGCAGCTCATCATGTGGAAAAATATACTGGTGAAAATTTTAATATGGAAAATATAATTCACAGGGAATATTTTGAATACTTTAAACAGCAGGTATTAAAAGCAAAAGAGCAGGAAATAAAAATTATGCAGTTTGAAAAAAGTCTGCATGAAAAATACGGCTCAATGTATGAAAAGGTAGAAACTGCGGCAAGAAATGCTTTTGAAAATATGGCATATAGAGATGCAAAAAATATAATTATGTCCCGTATGAAAGGGGATATAGAAACCCTTATAACATTTTATGATAATATTTATAAAGGTTTACAGTCAGAAAATAAGTCAAAAGAAAATATGAATGAAAATGCAGTGTTTCCACCAAATGCAATAAAAGGCGGCAACTATACAAATACAGCCCAAAAACAGACAGGCTATGAAAATTTTATATAGAGTGAATATATAATACAGCAGCAATGCGAGCATTTTTTGCAAGTACACTTTTTTCCGACTGAGAAGTGAGGTATCAAAAAAAGTGGCTGAAAGAAAAAATTGAAAATGATTATATAATTGGAACATAAAGAATGAAACAGCGAAAAAATACTTTATGAGATTTACGGCGGTAAGACAGTATAGATTATAAAAACAAATACAAAATATATTTAATGTAAGGAGAATAAAAAATGAGTGTAATTTATGATACATATACAACAAACACACAAGCAGAATTAGTTAAAAGAAGTGTGGGATTAAGGGATAAAATATTTCAAAATGCAAAATTATCCCCATTATTTATGATGCTGCAGGCTCGCGGCAGAGTAATAAGCGAAACAAACCAAAAGTTTGAATGGCTTGAAACAAGGCTTAATAAGCCGACATTTAAAGTAAACCCAGCTGGCTCGTCAGAAACAAATTTAACTGTTGTAACAGATGAAGATACTGTTACATTTTTAACAGAGGGCTCTATCATTAAAGACATTAAAACCCATGAACAGATGAGAGTAACTGCTGTAAATGGTAAATCGTTAACAGTTATAAGGGGTTATGGTGTAACAAATGCAAAAGAAATCTTATCAGATGCAGATAATAATAATGCGACTCTTGTAAATATATCTGTTGCATATCCAGAGGGCAGCACAGCACCAAAAGGCACAGTTCTGCTTAAAAAAGATAACTTTAATTACTGCCAGACTTTTAGAAGAACTCTAAAAATCACCCGTAACAAACTCCGTCAGGGAGAATATGGAGATGACGGCACAACAGCAGAAAGCAGAAGAAAGGCAGAACGAAATAAAATATTAAGGCTTCATCAAAACGATATAGAGCAGTCATTAATGTTTGGAGAGCCAAAGAGAGATTTATCAGGCAGCGAGCCTTTATATGTTACTGGAGGACTTTTCCATTATATTAAAACTAATGTTATGAGTATTACAAACTCTGATAAATTTAAAATAGGCACTATTAATGAAATATTAGGTGCTATGGCAGATAAAGGTTCAGCAGGAGATAAAGTAATGCTTACAGGCTCAGGCTTTAATGCAAAGCTTAATGATAATGCAATTAAAACCTTTGCAGGCGGCTCAGGCTCTTTATTAAAAGAGTTTGGCATATCATTAGATAAAATAGATACTGAATATGGTGAGCTGAATATAATGTATGACCCAGTATTATCATCAGTTTATCCAAATACTGCTGTTATTATTGATTTAGATGAGCTGCTTTTACACTTTATAGAAGAAACAAAAATGGATACTAATATCCAAAGTGACGGCTATGACGGTGTGGCAGATACATTTTTAACAGACTGTGGTTTAGAAGTATCAAATGAAGAATGTCATGGCATACTAACGCTAAACTTTTAAGGTGCATATATGAGATTTTATTCATGTTTTACAGATTTAAAAGTAATCCATTTAAAAGGAACAGCCGTTTTCAAAAATGGCATATATGAAACATCAGATAAAGACATAATAACAGAACTTAAAAAAGATAAAAATATACAGGTGAAAAAATCTATTGAAGAAATAGTGACAAATGTAAAACAAAATCCATTAAAATGATAAAACAGGGGCAGTTTTGCCCCTGTTTTACAAACAAATCACTTAAAAATATGATTTTATTAATAATTTTATATTGATTTTTTTAAAAAATATTATATTATTGTTTCATGTGTTTTATGTATTTATACATTTATTTTATTTATTTAGGAGGAAAAGAATATGTTGAAAGTAAAACCGTTTTTATTCATTCTTTTTTTAACTGTTTTTGCTGCTCTTTTATCAACGGGCTGCAGCAATGATTCTTCTAGTTCTGGGGGGGGATATATAACCCAGATGGAGAAGAAGAAAAAGTAACACCTATTGATTTAGCAGGAAACCCATTCAGTCTTTTAGGTGTTTATGATGTTATTTTATACGGCATTAATGGAGAGCCAGTTAATACTCCAGCTATGAAAAGCGAACTTCGTGTTGGTTTGAATTTAAATAAAGCAGCAGGTGGTATGGAAGCACCAGAAGTTTTAATGTCCCTTGATTTTGAAGGCACACAAATCTTGTTTGATAAAT
CP097562.1_gap25	1058411	1060732	2321	TTCATCATGCTTAATCATAGTCATCATAGAATTATAGCGTTTTTTTTCTGACTGCAATTCTTTAACAGCACTATTCCTGCTTTCTTCTAATGATGCAAGCTCTAAAACTCTGGCTTCTTCTTCTACTTTAAGGTTTTTAAGGGTTTTTACATCTTCATTAAGCTTATCTATTTTCAGCCTTAAATTAACACCTGCTTTTCCTAATATTTCAAGAATTTTAACAGTATCTTGCGGCTTTTCTGATGTGGTGATAATCTTAATATCTGAATAACCCATATTATCTATCACATACATATTGCTTTTTGCAATATCCTTTTTATTTTCATCTATTTCTTTTGAAACTTTTATTATACTGCTGCGTATACTGTTTATATTGCTTTCACACCTTTTCTTTTCCTTATTAAGCTCAGAAATAAGAATATGATAGTTGGATATTTTAGATGATAATACACTTATCTGCTTTGTAATACTCATTTTTTCTGACTGCAGTTTTTTAAGCTCCGCTTCTTCACTGCGAATATTTCTATTTATTTCTTCTAATGATGCAGTCTGAGCATATACACAAACAGTATAAAATAAAAGTAATAAACCAGTTAGTATAAACTTAATCTTCATTGATAGATGATACCTGTTTTAAAAATGATATAACACTTGCTCTTGCAGAAATCACACCTATTATACATACAATTATACATGATAATATAAAATATTTTATATCTGGCACATCATATATGTTAATACCTGCCTGAATTAATATGCGACTGTTAAAAGGAATGAAAACTGCTGCAAAAATAATCAGGCTGCATAAGTATGCAAATAATGATAAAAAAAATGACCCAAATAAATAAGGCACTGATATAAAAGGTCTGGTTGCTCCCACAAGAGAATAAAGCTTAATTTCTTCCTTATATTTGTATAATGAGAGTTTAATAGTATTATACACTACAAAAACAGCTGACAAAGCAAAAAGCACACTCATTGCTGTAATAAAAAGCCATGCTCCTCTGCCTATTGCTTTAAATTTTATCATATATTCTTTGCCATAGCTTACTTCATCTACTCCTTTAATATGTCCTGCTTCTGTAACTATTTTATCAAGAGTTTCTTCTAATGTATCACTTGGATAAATCTCTATAAACGACGGGAAAAACTCTTCTGCAAAACTTTCAAGAGTAGCAGCTTTTGGTGCATTTGCAACTGCAAAAGCCTTTGCATCTTTCTGACTGTAATATTTTGCACTTGTAACATTATCAAGCACTTTTATAGATGACAATATTTGTTCCGCTATAATATCATTATTATTTGCAAGATATACCCTTATTGTATTAGCCTGTGATAAATGGTTTAAAAAACCTGCTGTGCCTGAGCCTGCCACCCAGAAAACATGATACATAAAAATAACAGTAGTAAGAGTTAAAAAAGAAAGAAAATTACTGCGTAATATAACAAAAAACCTAATCACACCACGCATAAAAAGATAGGTAAGCTTAGAGCTCATTTCTCACCTCATCTCTCATAACTTTACCTTTTTCAAGCTCTATTTCTCGGGCTGGATATTTTTCCCGTAAAAATTTATCGTGGGTAGCCATAATTACTGTAGCACCAGTGTCTATACATTCTCTTAATACTGCCATAATATTTTCAGCATTTTCCTGGTCTAAATTACCAGTCGGCTCATCTGCTAAAATAATTTTAGGGTCATTAATTAATGCTCTTGCAACAGCTACACGCTGCTTTTCTCCACCTGATAAGTTTTTAACTATATCATCACGCTTTTCAAATATTCCCATTCTTTTAAGCAAAGGCCATATACGCTCTCTTGCTGCACTGCGTTTCATATAAAATATATCAAGCCCTAGTTTTACATTATCAAAGACTGATACATTTTCTAAAAGTTTATAGTCCTGAAATACTACACCTATCTGACGGCGTAAAAAGGGCACTTCTATTCTGCTCATTAAATTAATATCTCTGCTTTCAATAGAGACAACTCCACGGCTTGGAAGTAAATCGGCATATATAAGTCTTAAAAATGTAGACTTGCCTGCCCCTGACCTGCCTATTATATATACAAACTCACCACGCTTTATTTCCACATTAACATTATTTAAAGCCTGATATTCACCAACAAAGGAAACACCAACATTAACAAACTTTACCAATACTTTACTCTCAAAAAATTTTTAATATTTTACTAAAAATATTCTAATTATTCAAGTTTTTTATTTTTAAGCATTAATTTACTTTATATATCAACATATTAAAAAAAATCATATTTTTTTAAATTTTAAGTTTATTTTTTTTGTTAATAGGATTATAAT
CP097562.1_gap26	1075817	1076565	748	TTCATCAATAACAAGTATCTCTACTGCACTTAAATCAAGCACCTGCTGCTCTTTGTAATCAAGAAGTCTGCCGGGAGTAGCAACTAAAATATCAATAAATTTTTGTTCAATCTGGCGTTTTTGTTTTTCATAATTTATACCGCCAAAAACAGACTGTATAGTTAAGCCGCAGTATCTGCCAATATTTCTTGCATCTTTTTCTATCTGTATAACAAGCTCCCTTGTTGGTGCCATAATTAATGCTCTTGGAGTGCCTTTTTTTCTGTCACTTAATTCATTATTCATAAGCCTTGTAAATAATGTAATTAAAAATGCAGCAGTTTTGCCTGTGCCTGTCTGGGCTTTTCCTGAAACATCTTTACCTTTTAAACTTTCTGGCAAAATAAGCTGCTGAATTGGTGTGCAGTATTTATATTCACATTCATATATGCCTTTCATAAGTCTTGGAGAAAGCCCCAAATCATGAAAGCGGAGTATATCTTCTTTTTCTTCTACATGAAATTCGCTTATCTCCCAGCTGCCAAATTCTACTATTTCATCTTCTATGTTAATATTTTTAAGCTCACCACTTTTACTGTGCCTGCTTTTTGCTTTGCTTTTAATATTTCTACCATTTTGCCTTTTTTCTACATGCTTGTTTTCTGGTATTACTGCTTGATTTTCTCTATTTATTTCTTTCTGTGCGATTTTTTTTGAAATCTCTTTAATGATTATTTGATTTTGTGCAGTCTTATTTTTTTTAATAATT
CP097562.1_gap27	1082333	1083873	1540	CAAAAGGATGATTTTACATGTCTAATAATGAAAATATAACAATTGATGAAAACTCTAAAAACATACAAAATATGTTTGATAAAATTGCTGACAAATATGACTTTTTAAATGGAATACTAAGTTTTGCCATGGATGAAAAATGGCGTAAAAAAGCCATACAGTGTGCTGATATTCAGGATAATCATAAAGTGCTTGATTTAGCATGCGGCACAGGAAATATGATTATAGAAATTAAAAAACAGCACCCTTTATGCCATATATTTGGCAGTGATTTCAGTATAAATATGCTGCACCACTGCAGAGAAAAAATACCGTCCTGTCCTCTTTCTGCAGCTGATGTCCATAATCTGCCATATAAAGATAACTATTTTGACAGATTGACTATTGCTTTTGGATTTAGAAATGTTACAGATAAACTAAAAGGACTTTCTGAATTCTTACGGGTAATTAAACCCGGTGGAAAAGTATGTATATTAGAGCTTACAAAGCCGGAAAATGCTTTTACAGATTTTGTTTATAAGATTTATTTCATGTATATACTGCCTGTAATTGGTGGTATATTTTCATCTAAAAAAGCATATAAATATCTGCCTGAATCAGTTTACCATTTTCCTAAGCGTAAGGAATATATGCAGTTAATAGAAGATGCAGGGTTTAAAAATGTTACATTTAAATCACTTGTTTTTGGAGCTGTGACTATTGCAATAATGGAAAAGTAGCTGCTACTGCTGCAAAATTAAATTTATTATACTTATGACATCATTTTTATGGGCTTGGCTTAATAATGCAAAAATTTTAAAAGTTTGTAATACAAATTCTTTATGACTTTCATCAAGTATTAAATATGCTTTTTCTTTTTCTTTTGCACAGCGACCAATTAACGGGTCGCTATCTGCTTGTAATTTAGTTACAGGGAAACAAACATACAACATAGGCTGCAAGCCAACTGCATATTGTTTTTCTTTAATAATAATTTCAACTAATACATCAAAAGAAGATAATTTATAAAGCAACAGTGGATATTGAACTATACTTTTTTGAAAATTTATTCCTTCTAATTCATATTCAACTGGATGACATCTTTGAACAGATAATTCTGCATTCTGCTCAATAAGTTTACTATTATCTATTTGATTTATTTCATTTAAAAGATTTTCTATTTCATCCTTACTTATTATTTCAATATCATAAAAATAATATAAATACTCACTTAATTCATATAATGCTTTTTCTTTTCCATTTGAGCCAATAAACCTTTTATTTTGTAATGTTGATAACTCAAGTTTTGTTTTCTCACTTGTTACTATATCATATCCTATTTGCCATTCTATATAAGAATTAAGCTCAAATTCTTTCTGCCTTGTTGCAACTGGATAACCATAACCATACCATATATCTCTACTTTTAACTCTTGTTTTACTTGTTTGCCCTGTCAATGGTATGGCAACTTTAATATTCTTATTTAATTCATCAATCTCTTCAATTTTCATAATGTATATCCAAATAATTCTGAAAAATATTTATCAATTTTTTCATTCCT
CP097562.1_gap28	1089116	1092931	3815	GAAGTACATGGTGCTGACATGTGAAAATAATAATCAAGTTTTGGAGCATTTTGATATTTATGTAATTTTTCTGGATATTCTTTTAGAAATGATTTTACTATACTTACAGAAGATGGAGCAAATGAACATTTAGAAGTAGCTTGAATACTGTCTGCTAAATCAAGTGCTTCCTGCATTTTAGTAAGCTCAGGGTCATTTTTTAACTCTTCCATCATATCTGCTAAAAGAGTTGTTCCGTTTTTTCCCGGAATACACCTGCCACAGCAGCCATGCTCGCTGACATACCGCACAAACTTACACATAGCAGCAGCTATATCTACTTCCCCATCATATACCAAAAACCCATGCCAGCTAATAACAAGTTTCACAGATTTACCGTTTACATCATCTTGAAAGATAAAGGGCGATTCTGGTCTGTCCTGCTCTTGAACATTCCTAAAATCAAGACGCTCACCTTTACGAAAGCCATAAACTACTTTTGGCATAATCTACCTCTTGTTCTCATCTTATATGCTTTATTATTCCATAATTTTTTAAAAAATGCTAGATGTGTTTTAAAGTTATTATGAACTTACCCAAAAAAGTTGGACGAGCCATATAATGAGCTTATATAGAAAGTAAATAAGGTCATACTGTGCCTGAAAGACGAAATATCTAAAATAGTAATCTATAATATTAATAGTTCCTTCGCTCGCTGATACTCACTCAGGAATACATATTTTAGTATATCAAAAATTTATGCAGTATAAAATGCTGCTGCATTAAAAAATATACTAAGAAAATACTATATTTTTCTTCCATAAAATTATTTTTCAAGATATAGTGATAATATGAGAAAAATTACATTAATATTATTCATAATTATAATATTTTCCAGTATCAGCTTTGCACAAACTGATATTCCTGTTAGAAGTATTAAACAGCTTGAAACTGAATGCAGCAATAATGATTTCCTTGCATGCTATTTTGCAGGTCAGCTTTTTCAAGACTCTGGGCTTATATTGTCAGCTGTTACTGCTTATAAAAAAGCATGTGGAAACAAAATATATGAAGCATGTGTCAAACTTGGAATATTATATAAAGGCGATTACAATAAAACTATGCAGAAAGAAGCCGTTAAACTTTTTAACACTGCATGTGAGAATAACATAGCTTCCGGATGCTTTGAACTTGCAGCCATTTATTATCAAGGGGAAATCATCAGAAAATCACTTAAAAAGGCTAAAAAACTATATGAAAAAGCATGCAGTCTGCAAAATGCTTCTTCCTGCTATAATATGGGTATTATATATCAGAAAGGCTTAAAAGTTGAAAAAGATATAACAAAAGCACTGGAATATTTTAATAAATCATGCAGCTTAAAATTTAAAAAAGGATGCTTAGAGTATGAAAAATTATTAAACAGCTTAACTGAAACTTTAAAGGAAAATTAATATGGATAATGTAATAATAAATATTGCAGAAAAAAGCGATATTAAAGAGATATTAGAGATTTACAGTTATTATGTTTTAAATTCCCCTGCTACTTTTGAAATAGATATACCTGATATAAATGAATTTTCTCTACAAATAGAAAAAATACAGAATAAATATCCATACTTAACTGCTAAAATCAATGGAAAAACAGCAGGATATGCTTATGCTGCACCACTTAGAACAAGAAAGGCTTATGACTATTCATGTGAAACAACAATTTATCTGCACCACAAATATTTAAATAAATCAATAGGCACAAAACTTTATACCTCTCTTTTTGAATATATCAAACAGATGAATATATTAAATATATATGCCTGCATAACTTATGCAAATACTGAAAGTGTGCTTTTTCATAAAAAATTTGGATTTCAGGAAGCAGCCCATTTTAATAACTGCGGTTATAAGCACAACACATGGCACGATATACTATGGCTTGAAAAAATCATAGGAAGCCATAAGACACCACCTGCACCATTTATTAATTTTAATGATTTAAAACTATAATTTTTTAGTATTACTTTTATTACTCATTTCATCAATGTAGTCTTTAAAGGCTTTTTTCACTTCTTCTTCTGATGAGCCTTTTACTGACACATTCTTTCCTGCCTTAACTCCTTTTACACTGCTTGTAAAATTATTATCATTAGAAGAATATGATATGCGGCCGTAATGTTCTTTATAATGTATTAAATTATGCATAGTAAAACTCCTTGTAACCAAACTTATACTATACAATAGTTTCTGCCCTGCTGTTTTGTATAAAAATCATACCATATAACAGGGCAGAATATATCTGCTAACCAATAAATTTAATAAATGCTTTTACTCTTTCATCATCAAAATTAATTTCATCTGGTTTATTCATTTCATAACTTGCATCTTTAATATAAAATGGATTTTCTGATACATCCATAGGCAAATCATCTTTTTCCTGCTTTTTTGCTTCATTATGAAGTGCCATAATGTATGCAAGCACCATATTTCTTTCTTTTACTGTTTCACCCTCTGCCATAAATGTAAGTTTTGGAGAAGTGTTACTCATGCCATACATTAAAAAGCCTGTTGCCCAGTCTATCCTAATCTGACCGTCAAACTCTACAATAGAAAAACCTGCCCTGCCTTCAAATGTTTTTCTTAATGTATCTAAAATAGAAGCTGTTATTGCATCTTTTGCTTCATTTGATACAGAAGTAGTGCGTATTTCTTTTGTGATAAAGCGTTTTGGCATTTTATCAAAAAATGGTTTTAATGTTTTTATATTCATTTCATCTAATACTTTTTCAAGCAGAAATATATTTTCAACAGCATCATCTCTTGGTATACCGTCCATAGTATCTGTTGCAAACATGTGAAGTGACGCTTCTATCTGTATATCTCTGTAACCTGTTTTTGCAACAAACTCTTTGATAGAAGAAAAGCCTGCAAGTGCTGCCATCTTATTCATATTAGCAGTAATAGTTTCTTTCCATAAAGAATGACCTTTTCTGTGAAACTCTGTTGTGCCTTTAAGCTCTTTTTCCACATAGCTTTTTACACTTGAAGTATAGCGTGGGTCTACATAAATAATGCTTGCAATTTTAACTATTTCATCAATTTTCTCTTTTGCAACATTTAAAGCTTCTAATTTTTTCTTTAATGCAGGCACTGCTATCATAAGTTTATAGCCGGCTAAAATAAATGCAAGATTATCACCTAAATAATGACCTTCCCCATTTAATGTTAATGCATCTTTGCCCTCTGTTATAGAGCCCCTGTCTGCATCTAAATCAAAAGAATGAACTCGTAAGCCTTTATCAAGAGCAGCCTGTAAAGACGGAACTCTTTCAAGCATTTCTTTTCTTGTAGGGTCTGCCAGTAAATCACCAGCATTTACATTTATATCTTTACCTAATATTGTTACTGTTTCGCCAAATATATCTTTAAATAGCTCTACATACTGCACACCTGTGCCACCAAACACATTTACTGCCACCATAGAGTTATCTCTTTTAGAAAAATAATCTTTATAAATATTTTTCATTTTTTCAAAATATACTTTTTTACCTTCTGCTGATTTATCTGTAATTGTGCCACATTTAGCATTTCTTGTGCTGAAACTGCCACTTGCAACAGCTTCATTCATCTGCCCCAAAAGATATGTATGAATACCTTGAGTGCCTATGCCAAATTTTGCTCCGTTAGTAGTTACTTCTACATGGCTTCTTGTAATCTGGCAGTGACCATGAGCCAATAACTGCTCTTGATTTTGGTACACCTGACCTGAAGAAGAAATGCCTATGTCATATACATTTACACCCTGAGAAGCTGCACCTTTTGCAAAAGATTCTGCTAATATT
CP097562.1_gap29	1173433	1177590	4157	CAATCTCTCTGCCCTCTGTTGTGCCTGCAAAAATAAGGGGTCTTATCATAATCCTTTATATCCCCTTGGTGTAACCATTTGGTTTTTTATTAATTTTGTTGTGCTGTTGCCTATAATAATTAAAGTAAACATATCTGCCTGAAAATCTTTTAATTCCTTAAATAATAAAATACCTTTTTCTTCCTGCTCTCTTTCGCAGTTTCTAACATATCCGCACAATGTATTTTCATTTATATATGGGGATATGATTTCGCATGCTCTTTTTAGATAATCTGCTCTTTTTTTACTTGATGGGTTATATACTGCAATAATAAATTCTGCATCTGCTGCAGCAATAAGCCTTTTTTCTATTTTTTCCCAAGGTGTTAGTAAATCACTAAGAGAAATAACTGCAAAATCATGAGTTAATGGTGCACCAAGTTTTGCAGCAGCTGCTAAAACAGCACTGATACCGGGTATTACTTCCACTTCCACATCACTTTTCTCTGCTGTTTCTATTAAAAGCCCTGCCATACCATATACTCCAGCATCACCGCTTGAAATAAGTGATACAGTTTTACCTTCCTCTGCTTTTTCTAATGCTTTTTCACATCTTGATTTTTCCTGTTTCATAGGTGTTACTATAAGCTCTTTATCTTTTATTAAGTGAGCTATTAAGTCTGTATATACTCCATAACCTGCAATAACATCGCTTTTTTCTATCGCTTTTAATGCTCTTTCTGATATTAAGTCATCTTTTCCGGGCCCTGTGCCTATACAGTATATTTTTCCTTTCATACTATCCCCTTTTTAAAAACTTCCCTGCCATAATTTATGGCCTATTGATAAAGTAAATCCATTCTCACATAGCTTCTTTACTATAATTTCACTGCCATTAAAACATTTCACTGCCCTTTCACACACATTATCTACACCAGTAATTTTTTTTACAAAATTTGAAGATGTAAAATCTCCCTGCATATCTGTAAGCTGCTTTGCAGAATATGTAACAAAAGGCACATTTAAATATTTTGAAAGCTTTAATATAGCTTTTTCATCTTTTTTAATATCAATGCTTGCTATTGCAAGTATTTTTCTTTTATCTATATTATTTTCTTTCAATACTCTTTCTATAAAATCTTTTAAATAATTATATTCTGCATCTTTTCTGGCACCTATCCCTAAAACATACTCTTTTGGTATAAGCTGCATTGTATAAGGGTATGGCTTAATCTCTAAATTATCGGCTATCACTATTCCGCATTCCTGCTGCATATCCGCAACTATACCATCAGGCATTATGCCTGATACTTGATATTCTGAAACAAACCCTATCTTTTCATTTCTCAGAAGCCTTGATGATACTTCTTTTATCATAGTTATATCATCAATATATAAATTATTTTTTTCTGCCCATACATCTACTGCAAATTTATTATTTATATCTGTTGCAGTAGTTATCACTGGCTCTGCATTTATATACTCTGCAATTTTTAAAGCCATTTCATTAGCTCCGCCAATATGACCGGAAAGCACAGGTATAACATATCTGCCATTATCATCTAAAACAATAACTGCTGCATCTTTATTTTTTGACACTATAAGTGGAGCAACTGCACGCACAGCTATCCCAACAGCTGATATAAATATCACTGCCCTGCTTTCATAAAAAATATCTGCTGTAAACGATTTTATGTCTTTTTCAAGCATTTTTATATTATCAAATGGATATTTGCCATAAAGCAGTGCATCAGGATATATTTTATGCAGTTTTAAACTTAATTCTGCCCCTTTTTGTGTAAATGATATTATATATATTTTATCCATCAGTGCCTTTTCTAAATTCATGGGAAAATGTGCCGTCATAAAGTTTTGAGCGTTCATACTCATCCCCTAAAAAATCGCCTGCAAGCACAAGTGCAGTTTTTGAAATATTATTTTCTCTGCCTGCTTTTTCTAAATTTTCAAGTGTTGTAACAACTTTTAATTCATCTTCCCATGTAACTTTATATATTATGGCACAAGGTGTATCTTTACTATATCCACCTGCAATTAATTCTTCTGACAGGCTTTTTAACATAGATGAACTTAAAAATATAACCATAGATGCCTGATGAGATGCCAGAAGCCTTATATTTTCTTTTTCAGGAACAGGAGTTCTGCCTGCCATTCTTGTAAGTATTACAGTTTGAGAAATGGAAGGCAGAGTATATTCTGCATTCAAAGCTGCTGCCGCACCTAAAAATGAGCTTACTCCTGCTACACTTTCAAAAGGTATATTTTTACTTTTTAATATATCAGACTGCTCTCTAACTGCCCCATATATACTCATATCCCCAGTATGCAGCCGCACAACTATTTGATTATTTTTATGACTTTCTTCCATAATATTCATTACTTCTTCCAAAGTCATAGAAGCACTGTTATATATAATACATTCTTTTTTTGCATAGTTTAAAAGTTCAGGATTAACAAGCGAGCCTGCATATATAATAACATCTGCTTTTTTTAAAAGCTCTGCTCCACGGACTGTTATTAAATCAACAGCACCGGGTCCTGCTCCCACAAAATATACCATATCTTTACCCCTTTACTATTATTAATGAAAAATAACTGCTTTCATCTGCTGCTTTACTGAAATCTTTATATATTTTTTCTTCTTCCATGCCGCAGTTTTCTACCATATATGTTTTATCAGTAAGGCAGCATTCATCTATTTCCTGCTTTACTTTTGCTATTTTTCTGCCACTTTTCATAAGCACTTTATTTCCAGATAAATTTAACAATTTTTTATTATCTTCATAGTTTGCTGGTATTATTATTAATGGCTCAGCACCATCACATAACGATATATTAAGACGCGCTGCACTGGCACAAAAAGAAGTAACACCTGCTATCATTTCTACATCATATCCTTTGCTTTCTACTATACGGTGAATATACATATATGTAGAATATACAGATGGGTCGCCAAGAGTAGCAAATGCAGTATTTCTGCCTTTATCTAAATAGTTTATAATAAGCTCTGCACCACTTTCATGGCTTGCCTTTAAATGCTCTTTATCCTTTACCATAGGCATAGGAATAAATATTATTTCTTTTTCATAAATATATTCTTTTATTATTTCATAAGCCCTGTTTTTGCCAGAAAGGCTGTCAGGAATAGCTATAACATCAGCATTTTTTATAGTGTTTACTGCCTTTAATGTAATAAGCTCTTTATCCCCGGGACCTATACCCACACCAAATAACTTACCTTTTTTCATTTTTATATATCCTTAAAATATTTTATAAAATCTAGTGCCTTACTGCTGTATTTCCATGTGTTTTCTTTATTTGTAAATACCATAACTTCGCACTGTATTTTATTTTGAAGCCGTCTTTTAATATTTTCCATAATTTTATTAATTACTATATCCCACACTTTTTCATGCAGGTTATAACGCATTAAAATATAATCTATTTCATCAGTAGATACTGCATTAAATATTTCTTCAATAACTTGTTTTTCTGCACCGCAAAGAGCAGCATAAGCAGCAAATATTTCATGGCGGCAATCTGCATAGTTTGAATGGGTATTCATAATGCCGCCTGCTGTTTTTGAAAGTTTTCCTGCATGACCTATTATCAATATCCGCTCTGGCTGTTTATATAAAAGATAATCAAGAGTATCGCCTATATAGTTTGATATTTTTATACCTTTTTCTATATCTATTCCAAATTTTTCAAGTGCAGCATTTCTGCCGTAATTTCCGGGTGTTAAAAGTATATTTTTCCTGCCCTGCTCCATCTGGCTGTCAATTTCCAAACATATTGTATCAATTAATGCTTTTTCACTCATTGGCTCAACAATACCAGTTGTTCCAAGTATAGATATGCCCCCAATAATGCCAAGCCTTTCATTAAATGTTTTTTTAGCAGTTTCAAGCCCTTTTTCTGCTGAAATGATTACTTTAAAACTTTTATCATAGCCATAGTCTAAGCATACTTTTTCCATTTCATAAGCAATCATTTTCCTAGGAACAGGGTTTATTGCAGCCTGCCCTGCTGGCACTTTAAGCCCTGATTTTGTAACCCTGCCTATACCTTTGCCGCCATCTATTATTAATTTATCATACCCTTTATATACTGCTGCTTTTATCTCTATGCCATTTGTAACATCTGGGTCATCGCCGCTT
CP097562.1_gap30	1312107	1312782	675	TGCCATAGCCTGCATTTTTTTCCCACAAGTAACCTTTATACACTTTTGCAAGCTCTGCCATTAAGTTATCTCTATATACTTTTGCTATAATTGACGCTGCTGATACCTGTATATATGTATCATCTGCCTTGTTTGGATGGATATATTCTTTATCAATATGGTTAAGTGCTACTGCATCAATAATCAATTTATCATAATCACAGGTAAGGCGGGATAAACTTAAATGCATTGCCTGTTTTACTGCATTTAGTATATTTATCTTATCTATTATGATTGGGCATACTATCCCTATCCCGTAAGAGACAGCATGTTCTAATATAAAAGGATAAAGCTCTTCCCGCTTTTTTTTAGAAAGTTTTTTAGAATCTTTTATACGGATGTCATAAAATCCACTTTCAAAGACTGCTGCACATGTTACAACAGGCCCTGCAAGGCAGCCTCTTCCAACTTCATCTATACCTGCTATGAGCATTGTTTTTTTGCCAGAATACCACGCTCAAACCAGTCTATTACTTTTTCAAGCCCGACACCTGTTTTGCATGATATAATAAAATCTTCTAGTGTGCTTTTTATTTTTTTAGCATTTGATACAGCTTTTTCTATATTAAAATCTACATAAGGGGCTAAATCTACTTTATTAATAATAAAAATATCACCAGCAAAAAACATTGAAGG
CP097562.1_gap31	1316039	1318299	2260	TTAATATATTCTCTTTTTCCAGTTCTGAATCATAAATTACAGTGTCATATAAATATTTCTCTGGTGCATCTTGTGTTAATATGTATTTTCCCAACATACTTTGTAGAATTTCTTCTTTTATTTCTCCATTTTTATTTGTTAATGCAGTATTTTCTGAAATTTTACCATATTTTTTATATTTAAAATAACCTTCTAACTTTTTACATTCCCAATCATGAAATTTTGAAACAATATTGGATATTGTTACTTCATTAAAGAACTTATTATCTATTTTATTAATTTCTTTATCATATTTACACAATGCTTTATGTATTACTTGAATAGGAATATTAGATAAACTACATATTTTTTTTAAAAACATATTGTAATCAAGTTTTTGATTTATGATAGATATTTTTTTAGTTAATCTTTTTATATTATTATTTTTTACATCTATATCTTCCTGTATAGCCTCTATATATGGCTCATGAAAAACAGTATCTTTTAATATATTAAAAACAGCATCATCTATTATATTATCTACCGCTTTATCATATAAAATAATGCATTTTTGATTTATTATACTCCATAAATCTTTTATTTGTTCAAATTCATCTGCTCTTATTTTTCCTGATATTCTTTCACCTTTATTTCTATCTCTTACTTTACCTTTATTAAGTCCTTTATTTAATATTGGATATTTTGCAAATAATTCATCTCTTTTATTATTTTTTATTTCTCCATGACGATTAATATACTTGCTTGATAGTAATTCTTCAAATAAATCATCTGCACTTTTATTTTCTTCTTTTGCTATTTTCTCAAGTGTATCATCTGAAATGATATTAATATCTGGTATATCTGCATTGATTTCATTAATCAATTTTTCAGCAAAATCTTTTTCTGTAAAATCTATGATATAATTTAATCTAAACTCTTGGTTATCTATTCTATTTCCTTTTTCATCAACAGGTAATCGTAACCCTCTTCCTACTTCTTGCAATTTACTTATTTCACTGCCACTGGAACGAAGTTTTGCTATTGTAAATACATTAGGGTTATCCCAGCCCTCTTTTAGTGTCCATTTTGAAAACAAAAATCTTGTTAGATTATATTCTCCATTTTCATTTTTTATTTTTAGTAACTCTTTTTTACCTTTCAATATTAATTCTATTTCACTTGCAATTTCTTCTTCGCTGCTACTGTTATCTTTAGAAAAATATCCCGCATGGCACTTACTAATATTACTTAAACTTGCTTCTAAATATTTCTTATATTCTTCATTCTCTTTCCCATACCGCTCAATTTGATTATTTAGCATTTTTTTAAGCAATTCTTCAAATTTATTTAATAAATATGCCTGACTTTTATCTGTATTTCTATATGATGATATATCATCAATAAAAAACAATGCTAATGTTTTTATTTTATTTTCATAGTTACAAAAATTTTTATATTCTGTTTCAAAGTGTCTTTCTAATGCCAACTGTATCATTGCTGATTGGTAATCAGACATATATATATCAACAGCAACTTCTTCACCTACTTTTTTCTCTATACCATTTGAAAAAACAACCGTTTTTTTTGTAACACCTTCTATATAAATATTTTTTATAGAATTATCAACTATTGATAAACTATCTTTAGAAGATAAAATACATTGTTTGTTTAAATTATTGTTTATATGGGTTATTATAACTTGATTATTTTCAATCTTATTTATCTTAATTTTTCCATTTGATATGCCATCTATTTGTGCATGCTCTTTTGATATTCCTTTTACAAGATTATTATTAAATGCTTTTGCAGCATTTAAATTATATAATAAATTTTCATAGTCTTTTACTATATTATTATTTTGTTTAATATCTGGGAAAGTAGCACCATATCTAATAATTAATTGTGGCTTTATGGATTCAATTACTCTAGTAAATGTTTTATTTTCTTTAGAAAATCTATGTGGTTCATCAATAATTAGAACAGTCTTTATATCTTTTAAAGCATCAAGTGGGCAAGTATATCCAGAAATATTATTTTCATAATCATTTCTTGTCATTAAAGCACTTAAAAAAAGATGAGAATTAACCAATAAAACACTAATTGACTTATTATATTTAGTTACACTTACAAAATTTCTTATTTCTTTAGGAAACATATTGTTTTTTTTCTTTTTATTCTTTTTTACTGCATTTAATACTTCAAGGTCAATTGTTGTTCCATAACTGCATGTTGTTTTAAAAAACTCTTTTGCATATTCATCTTCAATAAATTGTTTTGTGCC
CP097562.1_gap32	1333392	1336177	2785	CTTATAAATCAGCTTTTTATGTCAAAAGCATTTGAAAAGCAGATTATAGCCTGTATGCTTTTAAAAAGATATTATTATAAATTTGAAGAAAAAAATATTGTATACATTATAAAAGATTATATATTAAATAATATTATCATTAACTGGGCAGTTGCAGACCAGATAGCAACTAATACTTTTAGCAAGTTTAATGATAAATCATTTCTGCATGAATTTTCCACAAGTTTTCATTATCTTTTAAGGCGGTGCAGTGTAGCTGTATTTGCAGAAATGCACCTTACAGATAAAGATATGGATATGCTTATCATTAATATTAAAGAACTTTTGCAGGAAAAAGATGAATATGTTATGCGTGCAGCAGGCTGGGCATGCAGAAATATTTTTAATTATAATGAAAGTAAATACTTTGAATTTATAAATGAAAACTGCCACCTTATGCCTAGAATAATGCTTAGAAATGCGATAGAATTTTTAGATGAAGATATAAGAGTAAATATTTTAGTTTCATCAAAAGAAAAAAGGCACAGAATGATACTGAGTCTGAAAGGCGAAGTATCTTAATAAATTTATATTAAAAAATACATCCCTGTATTTTTTAAATTACACTCTGCCGAAACAAGTTCGGCTATCGCTCACTAAAGACGGCTCATCCTGAGCCTGCTACCATTGCTTACTGAGTCTGAAAGGCGAAGTATCTTAATAAATTTATATTAAAAAATACATCCCTGTATTTTTTAAATTACACTCTGCCGAAACAAGTTCGGCTATCGCTCACTAAAGACGGCTCATCCTGAGCCTGCTACCGTGTCTTACTGATCTTGATTTTTTAAGCGAAGTATCTAAAAAGCTGGATAGTTTTAAATATATTATGCACTTCTGTAATATACATAATTTAGATTTTTCAACTTTTAAGACTTTAAAATGACACATATGACAAAATCTTTGGATAAGTCCAAAATTTTATAAGTAAGCAGCAGGAAATAAATATTGGCAGATATAATATCAGATAAAACAAACTAATACAAACTGCCAGCTTATTAAGATATTATCATATAATTATACTATTTAAAATTTATGAATAATTCTAATATTAAGAAAGAGGTGCTTTAAACTCAAAAGTAAACCTTAATCCGTTTTCTATACGCTCTACTTTTGATTTGCCATGATGTCTTTCAACTATTGTGCCGGCTATTACTATGCCCCAGTAGTCAAAACTTTGAGAAAGCATAGTATGTTTCCATGGGCTGAACATACTCTCTATGATATAATCAGGAGCTTCTACACCTTCTAAATCTATAAACAGAGTGAAAAAATCATTGTTTGCTGAAAGTTTTATTTTAAAATGGAGTGGCTGGCAGTTAGAAAAATAACGGATATTGTCTTTTAAAATATAGCATACTGCTAATTTTAAAAACATCTTGTTACCTAATATATGAAATGGTCTGCTTTCTGATAAATCATATTCTAATTCATAACTGTCAGTAATTTTATAAAGATAAACTGTAAAATTCCTGTCAACATTCTTCTCAGCCAAAGATATAACAAGCTGGCTCATAAATTCGTTTATATCAACATTTTCTGTCAGTTTAAATGATATTGCATGAGTATAATCATTATATCCTGAAATTATTTCTTCAATTAAAAGCAGTTTATTATCTACAATCTTCCATAAGTTATGTATATGAGCATCAGACTCAGTTTTTGCTTTTATCTGCCTGATAAAGCCGCCTGCAGCTGTTAAAGCATTCATTACATTATGGGACAAATGGCGAGAAAAACCAGCAACGATAGACTGCTCTTCTATTTTACGCATTTGCAGTATTTTTGTTATTTTAGTAGTTATATCATCAAAAATAATTTCAAAATTATAGCTGTCATCACTTAGTGCAATAACATGACCTGCAATACTTATGCTTTCCCCTTTTTTATTTATCAGTTTGCCTGAAAAATTAGAATCAGAGCCCTGCAATGCAGCTCCCATACACCGTTTAACTTCTATTGCTGTATTTTCATCAAATATTTTAAATATATTTTCTTCTATTAAAAACTCACCATCTTGATATACTTTTGCAAACTTTCTATTGTAAAAGAAAATGTTACCAGTTAAATCTATCTCTACAATGCTCTCAGGTGACGCATTTAATATATGTTCCATTTTATTCATGAAATAGCCAATACGCTGCAAGCCACCTTCTTTTTCTATATATTGAGAATATTTACCAGCTACTTTTGTCATAAAAAAAGTATCAAGGCTTGCATGAACTGCTGTTTTTATAAAATTTATATCATTTGAGCTGTCTATAAAATAGCTGCCGTTGTGTGGATTTTTATCTTTTACAATAATGACAAAGCAAGATGGAGAATATTCATCAGGAAATTCTGTAACAATAGCATGTGCTTCATTTTTACTGCACAGCTTAAAATTATCGTTTAATTCTTTAGCAACACCTTCATAATGTGGAAGGTTTACATAAACATGTCTCACTATATTCTCCCCAAAAGTCTTTTATGCTAGCATTATAATGCTTTATTGTCAAGCAGCTTATAAACTAGCCACAAAGAAAACTCTCAAAATATATTGTAACAACAGCATCCGTTTTTAAAACATTATTCATCTTTGCTTTCAAATCACGCTTTATGTATGCCATAATAGATGGTCTGTCAATATCTGTAACAGGATAATTTTTCATAATATTTCTGATTTCATTAACAGTTTGTGCTGTAATATTTTCTATAGCTTTTGCATCTTTTTTATTATGGGCTTCAAATACAATATCTATTTTAA
CP097562.1_gap33	1393040	1395919	2879	ATAGTTTCTTTTGATGTAATATCTACTTTATCCATTTCTGTTTGGTATTTGGCAGATATATCTGCAAATGGCAATGTATTATTTTTATAATTACTTTGCAATATCTGTGTATTAGTGTAATTATTATTTATCTGTATAACAATCTCCTTAATAAAAAGTGGAATATTTTCCTAGTATATAGTGACTATATCTTAATTCTAGCAAATTCACTGCCAAATGTTATTATTTAAGTGTTATTTCAGCTAATAGATATTGACACATTTATACTCTTTTATTATAACTTCACTATGAATGAATACAGCTATATTGAAATATATAAAGATAAAAATATATTAGCAGTGCAGAAAAATCACGGCATATATGTTATACCAGACAGGAAGAATACTGTTACACCGTTAATAGATATTTTAAGGCATGATTATGGTGAAGTATATGTTACTCACCGTCTTGATGCAGGCACCGGCGGTTTAATGATATTTGCAAGAAATAAAACTGCTCACAGGCATATATCATTGCAGTTTGAAAAATCTTCTGTTACAAAGTATTATATAGCTGTTACTGAAAATAAAATAGTTCCCCAATCTTTAATGCTTCCAATTGCTAAATCAAACCATGGAAAATACTCTATTAATTTTAAAAGCGGTAAAAAGGCAGTTACTTCTTTTTATAATCTTTCATCAAATGATAAAGGTGCATTGATACTTGCCAGTCCTAAAACTGGCAGAACTCACCAGATAAGAGTGCATATTAAAGCATTAAAAGCTCCACTTTATCAAGATTTTCTTTATAATAAAAAAGTAGATGATAAAAGGCTTACTTTACAGTGCTTTTATATGGGCTTTTTAAATCCAGCAAACGAAAAATATATCAGCTTTACATCAAATATCACAAATTTTATGCTTCAATATATTAATATGCTTGAATTATCAGAAAAAAGTGTGTATCAATATAACTATGAAAGCAAATAATCAATTTAAAAATATACTTGTATTTAACCCTGCTTTTTTAGGGGATACTATAATTACTACACCATTAATTAGAGCACTGCATGTGCTTTATCCTAAAGCAAAAATATCTTTCTGCATTCGCCCAGAACATGCTGACCTTTTTTATAATATTCCATTTATTAATGAAGTTATTATTTTTGATAAGCGTAATACGCATAAAGGGTTTGGCGGACTTTTAAAATTTGTAAAGATTATTTCAAACTATCAGTTTGATTTAATTATTGATTTACACTTGTCACTTCGCTCCTCTACTTTATTTTCTATGGTAAAAAATACATACATTGTTGGTTTTTCTTCTGCTGTTATGAGCTATCTTTTTAATAAACGGGTTGAGAAAAAGCAGGAACTTTGCGAAGTAGAAAGAAATCTTATGATATTAAGTGCATTATGTGATGATTTCTCTTTAGAAGATGCTAAAAAAATTGGCGGACCACTTACTGCTTATATTGATAAGCATTTAAAAGAAAATGCACTTTCTTATTTTGCCGTTTCTGCACCTGATAGAAAAGTTATTGGTATTGCTCCGGGCAGTGTATGGTCAACTAAAAGATACCCTGTAGAATATTTTGTTAATGTGGCAGAAGATTTATATAATAAAGGTTATGCTGTAGCATTATTTGGCGGAAAAGATGATAAAGAAAGCCTTGATGAATTTGCTTCACTTTTCAAATATCCTTACTTTGATTTTGCATATAAAACATCTTTAAAAGAGCTTCCTGCTATTCTTTCAGCAGTTGATTTGCTTTTATCTAATGACAGTGGAGCAATGCATATAGCTATTGCAGCAGGTACACCAGCAGTTGCAGTATTTGGACCTACTGTTAAATCACTTGGTTTTTTTCCATATGATGAAAAAAGTATTGTAGTTGAAAATAATGATATTAACTGCAGACCATGTGGAAAACATGGTGGCAATACATGCCCAAAAGGTCATTTTAAATGTATGAAAGATATTGAGCCTGAAAGAGTTTTAATCGCTGCTCTTTCTATTTTACAGCAGGGTTAATGTATGAAAGAAATTTTAATTGTAAGGTTTTCTTCCCTTGGCGATATTGTTCTGCTGACAGGTGTTTTAAAATATGTAAAAGAAAACATTGCAGAAGATATTGCAATAGATTTGCTTACATATTTCCACTTTGCAGGTGTATTGCAGGATTATCCATATATTAGGAATATATATACTATCAAAAAAGGGGCTTCTTTAATTGATTTAAATGAAACAGTATCTACTATGCCTAATTATGATGCAGTTTTTGATTTGCATAATAATATTCGCTCTGCTTTTGTAAGGTTTATTTCTTCCTGCAAAAGCTATGTATATGATAAAAATTCTCTTGGAAGAAGACTTTATGTAAAAAAAAGATTGTGCCGCTCTAAACTACAGGAACATACTGTTATAAAATATTTTAAGCCATTTATGAAAGCTTTTAAACTGGATATGCCTGATATTGAACTGCTGAGACCTTATCTGCCTTTTCCTAATATTGAAAAAAATAATTCATTAAAAAATGCAGTTATCCACCCTTTTGCTTCAAAAGCTACAAAAGAATGGCCTTTTTTTGCTGAACTTGGATGTATGCTTTCTGATGATGGTTTAAATGTTATATATATTGGCAATGGTGAGATGAATATACCAGCCTGTGCAGATGATAAAACTGGTAAAGTTTCTCTTTCTGCCTTAATAGAGTTTATTGCTCAGGCTGATGTATTTATTACAACAGATTCAGGGCCATTGCATATAGCTACAGCTTTAAATATCCCTACAATTGCAATATTTGGACCTACTACAAAAGAACTTGGATTTTATCCACCATTTAAAAATACAAAAGTTATAGAATATGTTGGCTTAAAATGCAGACCATGCCATATTCA
CP097562.1_gap34	1438043	1440043	2000	TCTGCTAAAAGTTTAAGCTCAAGCTCAACTTCTATTTCCTGCCCGGGTCTGCCGTCTTCTGCATATCGTGGTGCTCTCTGCTCTGGTGTAGCAAAGTTCATATTGCCTCTGCCTCCCCTGCCCCCAAGAGCTGCTAAAACTTTTTCCCCGTCATTAGTAATATCTGCTATAATATCACCAGTTTCTGCATTTCTGATAATAGTGCCAGCAGGAACAGGAAGTATTAAATCTTCTCCTGCTTTTCCATGCATATCACTTCCTTTGCCTTTTTCTCCGTCTGGTGCTTTGTAGATTGACTTATAGCGAAAATCCATTAAAGTATGTTTTGATTTATCACCAATGAAATAAATACTAGCACCATTGCCACCATTACCGCCGTTTGGTCCGCCCTTTGGCACATATTTTTCTCTGCGAAAACTTATACAGCCATTGCCACCATTGCCTGCTTTTAGTTTAATAGATGCTGTATCAATAAATTTCATATTGTTTTAACCTGTAAAATGAATATAATAAAAAAAGCCGGTATAAACCGGCTCAAAAACCATATAATCAATATGGTATAATTAACATGCTTTTTCAGTTTCAATCATTACAAATTGACCAAGTCTGCCTTTATTAACAAACTTAACATAGCCAGGAATAAGAGCGAATAATGTATCATCTTTACCAATACCAACACCTTCGCCCGGTTTATATTTAGTGCCTCTTTGACGAATGATAATGTTACCTGCTTTTACTAATTCGCCGCCAAATTTTTTTACACCTAATCTTTTGGAATGGCTGTCTCTGCCGTTACGAGAACTACCGCCTGCTTTCTTATGAGCCATTGTTATCTCCTACCCATTAATTTTAACAACTTTTACTTTAGTAAACATTTGTCTATGACCTTGGCGTTTACGATAATCTTTTCTTCTTTTCTTTTTGAATATGTAAACCCTGTCAGCTTTTCCGTGTTCAAGCACTTCAACATCAATAGAAGCACCTTTAACAAAAGGTGAACCTGCAGTTTGCTTATCACCTGAAATAAAAAGAACTTCTTCAAATTTATGAGTGGCACCTACTTCAACTTCTAACTTTTCAACATTGAAAATATCGCCTTCTTTTACGGTGTATTGTTTTCCACCAGTTTTAATTACTGCGAACATGCAGAACCTCCACCTATTATTAAGGAAAATTAATCTAATATAAAAAAATATTACTGTCAAGCAAAATTTTAATTTTCTTGTAATTTTTCTATTCCAGAGCCTTTTAGTGTTACTTCTCGTCTCTCTCCGGAATTACTCATTATTATAATTTTTTTAGTAAAATCAGCATTTCTATCAGGGGCGAAAGTAAACCCTAAATAGCATGACTGACCTTTTTTTAATATAAAATTTGTTTCGTTATTATTAGCAATACATGATGGAAGATTTTTATTATTTACTACTACTATTCTAAAATTTGTGTCTTTACTTTCTGATAAAATAGAATAATGCTGGTCGGCATCACTTGTATTTGGTATAAGTATCTTCTGCACATTTCCACCAAAATATACTGTGCCAAAATCAAGCATATCAGCAGCAGAGCCGTAAAGAGTATATTCTTTTGCACCTGAAAGTATTCTTTTATTAAAGACTAATTTAGCAGAAAAATCACCTGCTGAGCTTGGCAGAAAGCTTATAACTATACCGCATGGGCTTTCAGTTGGCTCTTTTATTTCATTTTCTAATATTTTGCATGTGCTTAGTGCTTTATCTATTTTAAATGCGGTATCTCCATTTATTTCATAAGTAAGCGGAGATGTATCTTTCCTGCTTGTTTTAAATATTTTAATATAGGCATATTTATCACTTTTTGTGCCAGCCGTTTCATTCTGCCATTTTATAGAATATTCTGCTCTTTTATTATCAATATTTTCGCCGCTGTTATCTGTATAATATAATACAGTAGAATCAGGCATTAATATACCAGTGCCTTTAATATTGTATTCAACTGTATCTTTTTGGCTTTTAATATACATA
CP097562.1_gap35	1449468	1453314	3846	GGTATAATTTTAAAAGAGCACCATTTAACAATCAGCTTGTCCGCCGCGCATTAACTCATGCGATAAACAAGCAGAGTATAGTAGACGGGCTTCTTTATGGCAAAGGCATTGTGGCAGAAGGTCCTTACAAGCCTGATTCATATTGGTATAATCCAAATGCAAAAGGTCCAGAATATAATGTTGAAAAAGCAAAAGCACTACTTGCAGAAGCAGGGTTTAAAGATACAGATGGTGATGGCATACTTGAATATAACGGCAAGAAATTTACAATAGAATTAATGACTAACTTAAATAATGATGTCCGTGGCAAAATAGCAGAGCTTGTGCAGCAAAGCTGGGCTGATATTGGTATAGATGTGCAGATAAAAGTTCTTGAATGGGCAACAATGCTTGGCGAACTTAATAAAAATAACTTTCAGGCTGTAATTTTAGGCTGGTCTACAGTATTAGACCCAGACCAGTATGATATATGGGCAGCAGAAAGGTGCGGTGGCAACGGTCAAAACTATATATGTTACAGCAACGAAGAAATAGACAGACTTTTAATAGAAGGCAGAAAAGTTTTTGATAATGAAGAAAGAAAGCTTTGTTATGACAAAGTGCAGGAAATATTAGCACAAGAACAGCCATATACATTTTTATATTTTCCATACAGCAGTATTGCTCTTAATAAGCGGTTTCAAAATGTGGAGCCTGCAAAAGCCGGCATTACATATAATTTTATAGACTGGTTTGTTCCAAAGCAGCAGCAAAAATACAAAATAGTTGTAGAATAAAGGATAGGGGGGGTATGTAGTGAAACGAATTTGTCTTTTTGCTGGTTTTAATATTAATGGTATAATAGAAGATTATGTTCTTTATTATTTGCAGGAACTTTCCAAAATATCAGATATATACTATTTAGCAGATAATAAAATAATGCCGAAAGAATTTGAAAAAATTACCCCTTATGTAAAAGGTGCTTATGGATATAAGCATGGCAAATATGATTTTGGTTCATGGCAGGAGTTAATAAATAAAATCAGCTGGGAAAAGATAGCAGAATATGATGAACTAATTTTAACAAATGACAGTGTCTTTGGTCCGTTGTATGATTTACAAGAGTTTATAGAAAGCATTGAAAAAGATAAAGAGTGGGATTTATGCGGCATAAATACTGCTTATGATTTCCATACATGGCATCTAAGCAGTTATTTTTTAGTTTTCAGAAAAAATGGATTTTTGTCAGAAACATTTAAAGAGCATATTAACTCTATAGAAAAAGAAAATTCTGTTAAAAAAGTGATAGAAAAATATGAAATAGGACTTTCAAAAAAAATGGTGGAAGCAGGGTTTAATGTTAAAAATGCAGTAAAATTTAGGAAAAATATATATATTTCATGGCGTAGTTTTTTTACTGCCGGTTCTCCATTGATTAAGCGTAAAATTTTTAATGATGAATTATTTTTAATATGCAGAACATTGAACTGGGAAAGTTTTTTTAAAAAGCATACAAAGTATAATACTTCATTTCTTTATACCTATGTAAACCAGTTTAAAAGCAGGTTTAGAATATTCAGGCTGATAAACAATAAAATTTTCTGGCAGTATGCAGGTAAAGGAATAATTAAAATAATTTGGACAAAGGAAAGAAAACTAATTCGTCTATTTGGAATATATCTGCTTAATATTTATAACTATGACAGCAATAAAATCAAACTGGTGGAGTATTAAAGTATGGATAACTGTAGATTAATTGAGCTAACATCTCATGGAGATAACAGGGGAAGTTTAATAGCTCTTGAAAAAGAACATGATGTGCCTTTTGATATAAAAAGAGTATTTTATATTTATGATACTAAAAGAGGAACACCAAGAGGTCAGCATGCAAATAAAAAATCAGAGCAGATGCTTATATGTGTAAGTGGTTCATGTAGAGTTAAAGTGGATAACGGTAAAGGTATGCAGGAAGTTTATGAATTAAATACACCAGAACAGGCTCTTTATACTGGCACTATGCTTTGGCGGGAAATGTATGATTTTTCTGGAGGCTGTGTTTTAATGGTAATAGCAAGTGAATATTATAATCCAGAAGAATATATCAGGGATTATGATAAATATATAGAATTAGTAAATGGGGGGGGGGATATAGGTAAATGTATATTCATCCTCTTGCTGATGTTAAAAGTAAAAATATAGGAAAAAATACAAAAATATGGCAGTTTTGCATTGTATTTGAAAATGCTGTAATTGGTGAAAACTGTAATATTTGTGCCCATGTTTTAATAGAAAATGATGTAGTTATAGGTGATAATGTTACAGTGAAAAGCGGAGTTCAGCTTTGGGATGGTATCTGTATAGAAGATAATGTTTTCATAGGTCCAAATGTAACATTTACAAATGATTTATATCCCCGTTCAAAAAAATATCCTGAAAAATTTTTGCAGACAGTAGTAAAAAAAGGTGCATCAATTGGAGCAAATGCAACAATTCTTCCGGGGATAATAATTGGCGAAAATGCTATGATAGCAGCAGGAAGCATTGTTACAAAAGATGTGCCGTCTGATACTTTATATAAAACAAACATAACTGTTGAAACTAGGAGCCTGATATGATTAAATTTTTAGATTTACACAAAATAAATGAAAGATATAGAAAAGAAATAGATGAAAGAATAAAAAAAGTATTAGACAGCGGCTGGTATCTTTTAGGCAAAGAAAACGATGAGTTTTGCGATAATTTTGCAAAATTCTGCGGCACAAAATATGCTGTTGGTGTTGCAAACGGATTTGATGCATTAAGGCTTGCTGTTATGGGTTTAGGTTTTAAATATGGTGACGAAATACTTGTGCCGTCAAATACATATATTGCTTCTATACTTGCCATATCAGAATGCGGCTGCACTCCAGTTTTAGTTGAGCCTGATATTAATACATATAATATTAACCCTGCTTTAATAGAAGAGAAAATTACAGATAAAACAAAAGCAATAATGGTTGTTCATTTATATGGTCAAACTGCTGATGTATCAAATATTAAAAAAACAGCAGATAAATATAATTTAAAAATAATAGAAGATGCAGCACAGGCTCATGGAGCATGTCATAATGGTAAAAAGGCAGGTAATCTTGGCGATATTGCAGGCTTTTCATTTTATCCGGGTAAAAATTTAGGCTGTTTAGGTGATGGTGGTGCGGTTACTACAAATGATGAAGAACTTTATAATAAAGTGAAAGCATTGAGAAACTACGGCTCACATAAAAAATATGAAAATTTATATACAGGCTTAAATTCCCGATTAGATGAAATTCAAGCTGCAATATTAGATGTAAAACTTAAATATTTAAATGATGATAATAATTATAGAAAAAAAATTGCAAAATATTATATAGAAAACATTAAAAATGATAAAATAATACTTCCAAACTACAGCGATGAACATGTTTATCATATTTTTGCTGTCAAAACAGAAAAAAGGGATGATTTGCAAAATTATCTTAAAGAAAACAATATAGAAACATTAATACATTATCCTATTCCACCACATAAGCAGGTTTGTTATAAGGGAATACTGGGTGAAAGCTATTCTGTAAGTGAAGAAATACATAAAACAATTTTAAGCCTGCCAATCTCTCCAGTAATTAAAATGGAAGAAGCAGAATATGTAGTAAAAGTTTTAAACAATTATTAAATGGTAAAAAAAAATGAAAGATAATATAGAATTATCAGTAATAATACCTGTATATAATGCAGGAAAATATTTGAAACAGTGTATAGATAGCCTTGTAATGCAGTCTTTAAATGAAATGGAGATAATATTTGTAAATGACTGTTCTCCATGCAGCGATGATGAAGAGCTTATTAAAA
CP097562.1_gap36	1529348	1532127	2779	TTAAGTTGTAATCACTGCATAAGTATCTACTATGAATGAAAATGAATAATCTATATGATAAGTTATAGTTAAAATTGCAAACTTTTTAGAACACTGTCTTTTTAAATAACACATGCAAAATATATATAGTATATATTACAGTATGATACTTTTAAAGATGAAATGGCAGCTGATTTATTGAGAAATAGTAATGCAGTCATAAATTATAAGCATAGAAAAATATTTTAATAAAAAACAGCTATTGAAAAATTAAATTATTTATGACATAATGCAATAATTAAGATATTTTTAATATTATTACAGAATATTATAAAACAAAAAAATAGAAAATCAGGTAAAGCACCAAGAGCAGATACAGTGCAGAATGTATATATAAAGGCTTGTTGAATGCTGTTAATCAGCATTACATTAGCACTTGTTAAATAATTTCAAAATATATTATGAATATGGCTGCTTATTATAAAGCTGGCATATTTATATTAAAATAAAGAGGTTGTTTTATGGATGTGAAAAAAAGAATAGTAATATCTCTATCATTAATTATTGCAATATGTGTTGTTTTATTATCATTAATCAATTATTTCTTAATGAAGAGAGATACTTTGTATTTGCTAGAACACTCTCAAAATGCAACAGTAAAAAATGGCATAATCATTCTTGAAAACTTTGCCAATGAAAAAATAGGGATAATAAAAGGTCTTTCCGAAATTATAAAAACAATGCCTGAAAACGATATTGATAAAATGACAGAATATTTGTATGCTGCAAAACAACAGGGTGATTTTGGGCTTGTATTTACAGGAAATACAAATGGCAGAATGATTCGCTCTAACGGCAAACATGCTACTCCTGATACAGGATATGATCCTAGAACAAAAGACTGGTATATTGATGCTGAAACAAATATGAAATCTGGAGCAACAGCACCTTATGTTACAGCAACAGGCGGGAAGAATGCCATAGCATTTTATAACCCTATATTAGAAAACGGCTTTAAAGGCTCTGTAGCAGGATTTGTTACTCTGGATTATATTCAAAATGCCATATTAAGTATAGAAGTTGAAAAAGGCGGAAGAGTATGGGTATTTGACGAAAAAGACAGAGTTGTAATCCATGATATAGAAAATCTTATTATGAAAGAAAATGCAAGTGCAAAATTTATTAATAACAAAATAAAAAGCAATAATAACAGCGAAAACTTAATTAAATATGTAAATACAAGAAATGAAAAATTTGTAGCTTCATGTGCAGTTTCTCCTACTTTAAGATGGACTTTATGTGTATCTTTGCCTGAAAATATATACTATGAACCTGTAAACAGACAGTTAAAAATTTCCATAATTTTAGGGATAACTTTTATTTTGATAGGCGTTATACTTATGTATCTTCTTGTTACAATTACTCTTAAACCTTTAACACATATAAAAAATGGACTGGAAAACTTTTTTCTTTTTCTTAATTTTGAAAAAAATCATGTAGATAAAATACAAGTAAAAAATAATAAAGATGAATTTGGTATTATGGCATATCTTATTAATCACGAAGTTGAGCTTATTGTAGAGAACAATAATAAAAACAATGAAATGGTTAAAGAAGCTATTACTATATTTAATGAAATTAAACAAGGTTTTCTTGATAAAACTATTCAAATACAGCCTTCCAACCCTCTTTTAAAGGAATTTGTAAGCCTTGTTAATGAAACGATATTATCTTTAAAAGGTAAAATAGGTGCAGATATTAATCATATTGATAATGTTATACAAACTTTTGCACAAGTTGATTTTACACCTAGATTTAATCCTGCACAGTCCAATTTAGAAGTAGCTTTAAATAAAGTTGCTGATGAAGTTTCAGAAATGTTACGGGATAATGTTAATGTAGCAAACACATTAGAAGAGAAAGCAGAATTATTAAAAGATAATATGAATAAATTAACAATTGGCTCTAATGCTCAATATAATTCACTATCTGCAAGTGTTTCTGCAATGGAAGAGATAGATGAAGCTATGGCAGAAATTAATGATAAAGCACAAAATATGATACAGCAGAGCGATGCGATAAAAAATGTAATAACTATTATCCATGATATAGCAGACCAAACTAATTTACTTGCATTAAATGCTTCTATTGAGGCAGCAAGAGCAGGAGAGCAGGGAAGAGGGTTTGCAGTTGTTGCAGATGAAGTGCGAAAGCTTGCAGAAAAAACATCTCAGTCATTATCTGAAATAGAAAAAAATACAAATTCACTTATTTTATCTGTAAATGAAATGTGCAGCAGTATTACAGAGCAGGTTTCTAGTATAGACTCAGTAAGTAGTACTTTCAGTGAATTAAATGAACTGACAAAAACAAATGCAGACATTGCTAATCAAACAGACGAAATAGCGAATACTGTTCATACTAATGCAAAAACTATTTTTGAAGTTGTTTCAAAAGGAAAATTTCAATAACAATAATCAATGGGTAAATTTTTTAAAAATTTTACCCATTGATTAAGTTTAGTGGGTAAGAAACAGCATATTTGGAATTAGCCAAAATTTTGTATATCAGTCATTTTAAGTCTGATTTTTAAAGGCGAAAAATCTAAATTATATATATTTAAAGCAGCATATAATATATTTAAAATATCCAGCATCTTAGTTGCTTCGCTTTTTAGGCTCAGCATGACAGAGGTGGGGTGGAAGCAGGCTAAGTATGAATTTATGGATTTTAAATTCTTTTGCAATATTCATTATGAGTAAAGCTATAATTTAAACTTAACTTGCCCTTTAATAGATTT
CP097562.1_gap37	1540120	1541910	1790	AATCATCAAATATGAAGTGTTATAAATTTTAAACAATGGCAAACTAGATGGGTTTGTAAAAATATACTACGAAAGCGGCGCTTTAAATATAGAAGTGAATTATAAAAATGGTAAAGCTGTAAGTGCTAAATGTGCTAATGGCAGAACATTGAATAATGAAGAACTTTCTAACTGGAAGAATGGTTTTAAAGCAATATGTGATTAGTTAATAAACAGTAGAAGTTTTGATATTATTTTTTTATTGACAAATCAGTTCATACCCTTATATTACAAATAGGGAGAATAGATGAGAGCTATTGATATTGCTAATTTTTTTATTGATTATAACAGTCATTGTGTAGATGAAACTATTACTCAATTTTAGGCTTTTAACAGGATGGCAGAAAATAAATTTTGCCAGTATGTAATTTCAGCTGATAAATTATTATTTTTTAATCAGTATAAAAACAGCTGCATTTGCTTCAAATGAAACAAGTCTGCCATTTTCTTCTTTAAATGATAAAAGATTTTTTACACTATCAGGAAAATCATTTAGAAGCTTAACTATTTCATATTTCACTGTGTCATCTTTTGCCTGCTGTATTATATTATCAATATAAACAGTTTCTTTAAAATTGAGAAAACAGCTAAGTCTTGCATCATCCTTAATAAAATCAAGGATTTCATTAACAGTATAAAATCGTCTGTGGTTATCATATATCTGTGCTGCTGCAGCATTAATATAAGCATCTTCATCATATACTATAGTTTCAGTAATAACAACTATACTATCCTGCTTAATATCCTTAAAGAAATCATTTAAATATTCTTTTGGATTATCTTGAAATGATAGTTTATGTCTTAAAAAATATATATTATTTTTATTAATATTGTAGTCATTAATATACTTATCTACAATCTGCTTGTCTTTATTAAATAAGCTAAACATACTTTTTTCTCCTTGCCTTTTCTAAAAATGAAAAAGTAACAGCAGATAAATCATCAAACTCCAGTAGAAAAGCATCATGACCGTAGTCAGAATCTATTGTTACTCGCTCAACTTTATTATCATATTTTTTCATAATATCATACATTTCATCCATTTGGTAGGCTGGAAATAAAAAATCTGTGGTAAAATCAATTAAAAGAGTATTAGCTTTCAGCCTTTTTAAAGCATCTTCATAAGAGCCGTATCCATAGGATAAATCAAAAATATCCATAGCTTTTAAAATATATAAGTAGCTGTTTGCATCAAATCTTTCAGTAAATTTATATCCATTATATTTTAAATAGTTTTCTACTTCATAGCTGCTGGAAAAATCAAATATAGAGTCCTGATACCCAAGCCGTCTGCCAAATTTAGCATTAAATGAAGCATCAGAAAGATAAGTAATATGGCCTGCCATTCTGGCTATTGCAAGCCCATCTTTTGGGGTTGTTTTGCCATAATAATTACCTTCATTCCAGTTTGGGTCTTTTGTGATTGCATATCTTGCAACAGTATTAAAAGCCATTGCCATAGGTGTTATTCTTCCTGCTGCAGAAATTATAACAGCATTTTCCACCATTTCAGGAAAAGTTATAGCCCATTCAAGCGACTGCATTCCGCCCATTGAGCCGCCTATAACACAGAAAAGTTTTTCAATATTCAGATAATTCAGCAGTTTTTTTTGTGCTTTTACCATATCTCTAATAGTAACGACTGGGAATTTTAGGGCATATCTGCTGCCAGTATATGGGTCAATACTTGATGGACCTGTAGAGCCGTAGCAGCTGCCTAATATATTTGAGCATATAACAAAATACTTATC
CP097562.1_gap38	1545319	1548987	3668	CCCTAGTTTTAAAGGGGATTCTGTCAGCCTGTAAACAAGCCATGAATTTGCAAGTTTCTGCACCCATACACCAGTCATAGCAGCAGACTGACCAGCAAGAAATATTGTGAAATCTTTTGATTTAAGGGCAGAAAATGTGTCTGGGTCCAGCCTGAAAGGAAGTCTTAAATGAAGGTGCATATTATTTATCTCTCATAATACATTTATTCATTCTATCAGGCTCTGGGCTGCATTTATAAAGTGAGCATTCATTTAGAGAGTATGATTTGTATTTTAATATATCATATATTAAATATCTGCTGCTGTTGTTATTTTTATTCCCAGCTTGAATTAACTTCCAGTATTTTACTTCACTATTATTACACACTAATATACGGGAGCCATAAAGAGTGGCTTCATCAAGAGTAAGTGCAGAAATATTTAATGGCATAAGAGATAAAACCAGCAGTAAAATCAATTTATTCATAATAATAATATGATATATATAAAAAACAAAATTATCAATAATATTATAATCATTTAGTGTAAAATCTAAAAACGATTGCAAGAGTTTAAGCATTGTTTTAAGTTCTCATAAAAAATATCATTAGCCTAGAGCCTATGTTAATAATATTAGAAAGTGGCAGTGATATATTAATACTACTAATATGTATTGTTTTAACTATAATATATAACTAATTACCATGTTGAAGTTATGCTTTCATTTATACTTGTTTATGCAGGTTATATTGTGCTGGCATTTTATAAGGAAAATTTTATATAAAGCAGAGTGAAAATTGTGTATATAAAATATGGAAAAAATATTTTATAGTTTTTATTGTGTATAAGTTTTAATAATCAGCCTTTAAGAATATTTAACTATTCTTAATTAGTGTGGCTTTATATTTAATTATATCTTTTTCCTTGCACCTGATTAAATAAAGTATATAATAATGGTATGAGAAAAATTGTATATATATTATTTTTAGTTTTGTTATCAGTAAATTTGTATGCACAGAATATTGGTGGTCCTATTGTGCGAGGTGTGGAGCCAAAAGAGCCAGCAGTGCTTGGCGACCCAAAACTTTTAGACCCATTTAATAATCCAGATGAAGTAGATGAGCCTTATATAGAAGACCCAGATATGACTAGAATGGAGCTGCCCTTTAAAGAGCCTGAAATATTATTTGACAGGGAGCTGCAGGATGAAATGCTTCAAAGATATTATGAAAAAGAGCCTGAAGCCCCCCTTTTATTTGAGCCAGATTTAAGGTATAAAGACCCAATGGCGAAAGAGCCTGAGCCTTTAATAGTTGTGCCTGATGAAAGAAATATTGGCAAGTGCCCTAAAGGGCTTAAATGCAATTAATGTGCAGGGCTTATACCCAGCCCTATAAGCATCATTTTAACACCCATTGCCACGATAAATACCTGCATAATTCGTGCTGTTACAAAAAGGACCAGTTTACCAAGCACTCTTTCTAAAAATGAAGTAAAGTAGAAAAGCACAGACATAAATAAGAATGCTGCAAATATTCCTGCAACAGTGTTTTTCATACCGCCTTCTGCTGCCATAACTACTAATGTAGACAGTGTTCCCGGACCTATAAGCATTGGAAAAGCCATAGGGATAATAGAGCGTCTTATCAGCTCTTCTTCGCTCATATCCTGATATTGAGAAAAATCTTTTACAGTGCCCGGAAAAAGCAGATTTTTTATACCCATAACCACAAGGATAATTCCACCTGCAATTCTTAATTCATTAAGAGATATCCTGAACATATACTCCATTACAACAGGTCCTGCAAAAAGAAATATCATCACTATAACAAAAGCTGTAATAATGATATTTCTAAAAAGGTGCTGCCTTGTTTTTACAGGCATACCGTCAGTCATAGAAATAAACTGCGGCAGGTTTCCAAAAGGATTCATAACTGCAATAATTGCAATAGCTGCTAAAAATACAGCATATATAGCTGATTCAATATTAGTAAACATAGTCTTTGCTGCCTTATAAAAAATATTTTATGCAATATATACTTTTTATAATTAATAGCAAGTAAAAATATATAATCAGCACCCTATTTTAATTTAAAACTAAAGAACTAATAAATCGGACCAAAAAGATATTTTTTAGTTGCAAATATGTAGAAATAATGTATACTATTCAAATGAAGACATATTGAAGGGCAGCATTTTTATTACTTTTGTATGATATATGTATATTATACAGTGGTATTTTTATCCTTTGCCAATCTTTATATTTAATTACCTTATGTATGAAATCAGCAGATAAAATTTGTTTAAAAAGCTGATAATAATAAATAACTCCTGTCTTAATAAGTATTATATTTATGAATATGAAATATGATGTATCTTTATTGATTTATATTTTATTTAATATTGATTAATAAGGCTAAAATATATAAAGGAGGTTTTATATGAGGTTTATGTCCACGGTATGCATTACAGCCTTGGTATCTGCCATTATGCTTCTTTCTGTCACAGAAAGTTATGCATATAAGGGAGATGAGTTTATCACACCAGACAGCTGGAACAGGCATATCACATCAAATGGTATAAAGTCAACAATGAACGGCATATCCTTTGGGGATACGGGTCTTCTGAAAATAGGCTTAACAACCCGTGCAAAATTAAGGTTCAGTGATGAGACAGACTTTCCAATTTATCAGTATGCCCGTCTTAGATTAAGCGGTGTTCAGGCAGGAGAAGGCGAGTTTGTGCTTAATCTTAATATGCGTGGAGCCTATGATGATACCCCAGCAATAGGCGACAGAACATACCACAGGTTTTACAGCGGCCTGTATGCGTCCCGCTCTTATAATGAATATACGAGAAGTGTTAAATCATTAGATGGCGATTTCAGGATATATCAAGGTAACATAGAGCTTAAAAATGTTATTCCAATTACCGATATTTCTTTGGGCAGAATATATTTACAGCAGATAGACGGTTATAAAATAGATGGAGCTAATATTAAATTAACCCCATCAGAATATTTTAATATAGGTGTATACTACGGTTTACCTGTGAGCTATTACAGTGATTTACAGACACAGGTAGTGGGAACAAATATAGAAATCCCAGTAGCATCCAGCGGGACAAGTCTGAAATTAGCATACAGCTATTTTATGAAGCTCAACAGTGGGGGGGGGAATCCAGACACCCATGTAGCTAGAGCACGGCTGGACCAGTCATTAAATTTTAATCCAATATCAGCATCCTTCTACGCAGAAGGAGACCTAATCGGCGAAGCCTTTGTATATGAAGTAGGTTTTGATGCAGACATACATGCAAGCAAAACGGGCATATCAGCATATATCAATGGTCAAGCTACACATAATGAAAACCCAGTAAACACATATGTATCTTTATACGAAGGGATATTAAGCTCCAGCGAATATGTTATGGGCGGTTTTAAAATATCACAAGGTATAGTAGACAAACTTCTTTTAGGCATAGGCTATGAGGGCAGGTTTAATTTCAGCACAGCTTATGGCGACCGAGATTACCACAGAGTATTTGCGAATTTAGACTTAGTGGGCTTAATTCATAGAAACAACTATCTGAGCTTAATAGTAGACTATTACAATGTTCCAGAGATAAAACATCAAAACGGCAATGAGAGAGTAGTAGGCGGCTTTAGAATGACACAGGTATTCCTTGAA
CP097562.1_gap39	1551594	1555152	3558	AAGTCTTGTTAGATTTTTCATATATTTCTAATATATATGCCTTGACTTCTGCATATTTATCTAATGCAGCAGGCTTTTTAACATTATAATAGTAAGTGCTTCTTTTCATATTACTCACAGACAACAGGATATCCAAACTGTAATACAGCCTTAATGCAGTTATTATTTGTGCTTTTTCTGTTGAACTCTCTGTTCCTTTGACTGCATTAAGGCTTCCAGCTTTTTTAAATATGCATTCTCCGCTGACTTGTAATAAAGCTCTTTTTCAAGCTCTGATATTCTCTCTTTTAATTGTCTTACTTCTTCACTATCATCTGATTTAGTGAGTTTAATATCAGTAGAGTTTGAGTGTTTACTCTTTTTACTGTTCGGGATATTCTTATCTGACATATTATCTCCAATAAACTTACTGCAAAACTTATTCCAGTCATATATTACTGATGCTGATGGTATATTAAAATATAGTGCTGTCTGCTCATAACTTAAATTATTTGATGCCTTATAAGTTAACACATTTAATTTAAAATCTCTACTATATTCATTGCGGGTAAAGCTATGATGTAAACTTGATTCGCCTGAATGCTTATATCTGTTATAGATATTACATATTACTCCTTTATGAATTTTACAGCATCTTGATAATTCACTGGCACTCATTATACCGCTTTCTAAGACTGTTACTATAAACTTCTTAAACTCATAGCTGTATTTTCTTGCCATATACACTCCTTATATGGCTCGTCCAACTTTTTTGGGTAAGTTCACTTTGCTTAAAAATCAAGCTCAGTATGACACGGCAGCAGGCTCATTATGATATTTAAGTAAAAGTATTGACATTTATTCTATAATAAAAGATATTATTATAAATAAAAAAATTAGGAGTTTTAAAATATGAAAAAGGCAGTATCTACTAATAAAGCACCGCAGGCAATAGGTCCGTATTCACAAGGTGTCTCTTTTGGAGATTTAATTTTTACATCAGGTCAAATTCCTGTAAACCCTGCATCATCTGAAATTCCATCTGGTATTAAAGAGCAGACAAAACAGGTATTATCAAATATTTCTGCAGTGCTTGAAGCCGCAGGCAGCTCTATGGATAAAGTATTAAAAACAACTGTATATATTAAAGATATGAATGATTTTGCAGCTATGAATGAAGTATATTCATCATTTTTTAAAGAGCCGTTTCCTGCCCGCACAACAGTAGAAGTATCAAGACTTCCAAAAGATGTATTTGTTGAAATAGAAGCTGTAGCTTATAAATAAAAAGTTCCGCCTGCTTTTTTGCAGGCGGAATAGGAGAGTGGGACAGCCAGCTGGATAAACTGGCTGTTTAAAACAAGATATAAAATGGAAGTCGTTAAGCTATTTAGTAGCCTCAACTCTTTCCTGTTGAGTTAAAGAAGCAAGTTTTTTTACTTTTTCAACATCAAGTTTTAAAGCATTTGCAACCTTTGTGCCGTAATCTGCACTGGCTTTATAAAACAATGCTGTCTGCCTGTATTGTATATTTTCTTTTGCATCCCCTAAATGACCTGCGATATTTGATACAGTATTTGCTTTTTCGCTGTCATTCATTACCCTGTCAAAAAGCACGCCTGCTTGAATAAAGTCTACATCTTCTAATGGTCTGTCGTGCATACCAAGAGATGCAGATATGTCTATAAATGGCGGGTTGAATTTTGTATCAGTTATTGTATTAGTAAGTGAACTTGGGAAATAATGATATTCTGCACCGCTGTTTCCATCTACACTCATAGCACCATCTCTTTGACCATTGCTGAAAGGACAGCGTGGTTTATTCACTGGTATTTGATGTGAGTTTGCGCCTAAACGATACCTGTGAGCATCGCCGTAAGCAAAAAGCCTGCCTTGAAGTAATTTATCTGGAGATGCTGCAATACCCGGCACTAAGTTTGCAGGTGTAAATGCAGCCTGCTCAACATCTGCAAAAAAGTTATCTGGATTTTGGTTTAATGTAAGCCTGCCTAAAGGTATAAGCGGATAATCGCTGTGATACCATACTTTTGTAACATCAAATGGGTCAAATTTATATGTTTTTGCTTCTTCTGGTGTCATTATTTGAACAAAAACATCCCATGACGGATATTCTTTGTTTTTGATAGCATTAAACAAATCTTCTGTGGAATGGTCGGGATTAACACCTGCCATTTTCTGTGCTTCTTCATTTGTCATTGTTTTGATACCCTGATTTGTTTTAAAATGATATTTTACCCATACGAATTCATTTTTTTCATTATACCACATAAAAGTATGGCTTGAATGGCCGTCCATGTGCCTGTGGCTGTAAGGTGTGCCTCTATCAGAAAATAGTATTGTAACCTGATGTATAGACTCTGGTGTCAGAGAGAAAAAATCCCAGAACATATCAGCATCATGCAGATTTGTCTGCGGATTTCTTTTTTGTGTATGTATTAAATCAGGAAATTTGAGAGCATCTCTTATAAAAAATACTGGTGTATTATTTCCTACTATATCATAGTTGCCCTCTTCTGTGTAAAATCTTATGGCAAATCCGCGTGGGTCTCTTGCAGTATCTGCTGAGCCTCTTTCACCGCCCACAGTAGAAAATCTTAAAAATACATCAGTTTTTTTGCCTACTTCTGAAAACAGTTTTGCTTTTGTATATTTTGATAAATCATTAGTTACTTCAAAATATCCTTTAGCACCAGTACCTTTTGCATGAACTATGCGTTCAGGAATGCGTTCTCTGTTAAAATGAGCAAGTTTTTCAACCAAATGGAAGTCTTGTAATAATGTGTAGCCTTCTTTTTCACCTGTTGTCATGGAAGATAAATCTGTTCCAACAGGTATGCCTTGTGATGTAGTTAAATATTTTTTATCCATATTGGACCTCCTTATAAATATACTTTATCATAATAGTAATGATTATCAATACTATTTTTGATTAATTCAACAATTTAACCATAATTGTTGAATTTAAAGCATATATAAATAAATTATAAGCTGTAAAATCTGCCTTGATTTTATATTTTCATTATAAATTAAAGTAATTATTTGGCATCAAAAACAGCTTTTTACTGCATTACATATAGTTTTGGACTTACTAAAAAACTTACATATCAGTCATTTTGAGCCTGATTTTAAAAGGCGAAAAATCTCACATTACATATATTACAGCAGCATATAATAGATTTAAATTATCTTACTTTTTAGATATTTCGCTATATTCCAAACCCTGTATTATCTTATAAATCTTATAAACTATACTCATATTGTTTTGCCTGAGTTTTTTGGTTAAATCCATTTAATATATAATTAAGTCGCATAAATAATAAATTGGTGACATTTTTTTTAATAATAATTATACATATTCCATTATTTATTAAATATTATGCTTCTTTATTCCTTATGATTAATATAAATTGCGAACTTTTTAGAACATTATTAAAAATCATTTGACAGCAGTTCAAAGTATCTATTTAATATAATCAAGAATATTTATGTATAAGGAATGAGATGCTTTCATACACTATCCGCAGGCTTTTAATGATGATACCAATGTTTATAGGTATT
CP097562.1_gap40	1613137	1613776	639	CTTTGCCCCTGATTTTGTCCCGAAAAAAATATCTGTATATGATTTTAGACGGCCAGACAGGGTTTCAAAAGAGCAGCTTCGTTCTATTAGAAACCTGCATGATAAGTTTGCAAGAAACTTCAGCTCAAATTTATCAAGTTTTTTAAGGACAATAACAGATATTTCTCTTGTGGGTGTTGACCAGATGACTTATGGTGAATTCCTTATGTCACTGCCTGACCCAACAAGCTTTAATATTATCTCTATGATACCTTTACAAGGCAATGCTGTTTTAGAGATTAACCCGTCACTTATCTTTCCAATAGTAGATAAGCTTTTAGGCGGGCAGGGGCTGCCGCTTTTCCATGTGCGAGAGCTTACGCCTTTGGAAATGACTATTATAGACAGTATTATTACACTTATTTTAAAAGATTTGGAAGATGTATGGAAACAGATTATTCCAAATGTAAGGCTTAAAAAAGAGTTAAGTGAAAACAGTCCGCATGTCATACAAATTGTTGCACAAAATGAAGTAGTTGTGCTTGTAGTATTTGAGGTTAAGTTTGGTGAGGCTACTGGTATGATGAATATTTGTCTTCCAGCACTTATTTTAGAGCCAATACTTAATAAAATAAGCTCTCAGGACTGGCTTATTGGAGC
CP097562.1_gap41	1618161	1621305	3144	ATAAAATTGATGAGCTTATCTCGCAAAAAAATAACAACGGTTAGTTTTGCTGTTGTAATATTATTAATATTATTAGTTAAAGTTGCTGCAGCAAGGGTTTATGTATATGAAGTAACCACTGCAGCAACTCATTTTCAAACTGCATCAAAACTGCCGCCTGATGCTTTTTTATATTATAATGGCGGCTATGATGTAATATATGACCTTAAAGTAATTGCTACATATCCTGATGAAAAAATGGATCAGGCATTAAAGGATTATAACCTTGAAGAAAATAACAGTAATAGTCTTGTTCACAATCCTGTTCCTCGCAGTATACCAAAAAAACCATATTATTGGTGGAGATAATCTATATGCTGCTACTTACGAGGAGCAGAATATGTATGAAGTCAAAATTGAAAATAATTTATCAAAAGTGATTACAACAATGACTGTAATGGCTATGACAGAACAGGAAGCTTATGATAATGTGGCTTTAAATGGCTGGACTGTTATTGGTGTAAAACTGATAAAAGAAAGGGTGAAAGATGAATATACTCTTTCTACTGACTATATAAAAACAGAAATCCCAAACAAAATAGAGCTTGAAGATGCCATAGAGATACCTGCAGCAAAAGAGCTGGAAGAAGAAAGCCGCATTATTGTTTCAAAAGAAAGCGGCAATAAAAATGTGGCAGATAACTTAAACCTTGTTCCTACATCAAAAGATTTAGAATTAATATTAACAATACATTTTCAGCTTGGAAATGTATCACCAATATTTAATGATGACATATCAAAATTATTTGACAGCCTGCCAAAAGACAAAAACTATGTGCTTTTTGGAAATGCAGATGATGTTGCAGTAGGCAGACATGCTACATACAGCAATAACTATGAGTTGTCATATTTAAGAGCAGACCATATAAAAAAACTGCTTATTGAAAAAGGATATAATGCCGATAAAATAAGGACAATAGGTTTAGGCACCGGCTACCCATTAGAAAAAAACAGTAAAAAAGGCAGCCTTAAAAACAGACGAGTAGAGATATATGGATTCAGAACGCAAAGCTAGGTATGAACAGCTCTATAACATTAAACTTACAGAATTTTATAATTTTGTCAGTGAAGTTATGGGTGATTTTAACTACTCACTTCACAGAACAGTAAAAGATATAGAAAATAAACGCCGCATAGAAATATGGTCATATCAAAGCCGTGAAGACCAGTCAGCAGTTGTATGGATAGAAGTTGTAAAACCGGGAGAGATATTAGACCCATACATTACAACAGATGTTCTTAGAACAATGAATGACGAAAATGTTACCCGTCTTTTCTTTTTTACAAATGGTCAAATGGGACCTGAAGAAAAAGAGGTATTAGAAGGCTCTAACCATTTTGTTTTTGGAACAGATGAAATAGTAGAAACATTAATAGCCATAGATATGAAACGCTCTATAAAAGTGGTGCGTAAGCGTAAAAAAGTAAAAGTGCCGTCAGCTATGGTATTAATTAAAAATTTTTTAAAGGCAAATAAAGTAACAAGACGGGAAATTAAACTTAAAACAAGTGCAGTTCCAGAGCTTGCGTCTCAATATTATAAACTTATCCGCAGAGTGTTAAATGAAATAGACAGAATACCGGATATTAATGACATACCTGCTCAGTCAAGAGAGCGTCTTAAAAAAATACAGTATGACCTGCTTCCAGAGCTTTTAAAAACACCTTATTATACTTTTACATATCAGTTTGTATATTTAAGAAATGCTCTTTTTTCTTTAATTGAATATACAATAATATATATAGGCAATGTTATTGAATATGAAGCAGAAGATGATTTAAAGAAAAACAGAGAAGTTATAGAAGAAATTATGAGTAAACTTGACAGTGTTGATGAAGAGATTTCAAACTATAAATCAGACCTTATGTTTACTTCTGAAAAGGTAGCATTAAAATTAATAATGTATGCAGCAGTATTTAGCGTCGCTTCTATTTTTATAATGATTGTATTAAAATTTACCAGATAAAATCATGAATTTTTTAAAAATATAATTAATAATAAAATAATTATTATGCCAATATATGTATTATCCATTATTTAAGCTGATAAAAATAAAAAAATTTTTGTAAGATTATGAGACATATGTTACAAAAATAAGTATAAAAAAATACCTCTTAGTATATAGTATAAAATTAAGCAAAAAACTAAACTAAACTAAGAGGTATCACAATGAATAAAGTGATAATAACAGAAGAAATGCGATTTCGTCAACGGTTATGTGAGTATGCATTAAAAAAAGGAGCAACGAAAGCAGCCCGCAAATATCAAGTGAACCGTATGTTTGTATACAGGCATTTAAAGAAATATGATGGAACAGTTCAGAGTTTATCTTTTAAAAGTCGTAGACCAAGAAACAGTCCAAATAAGCATAGTAAAGAAGAGCTTGATTTAATATTTAACACATATGCCGAGCATGGTTTGTATGGTAATGCGGAGGTATATGTCAGACTTCTAGAAATTGGTTATAATCGTAGTTTTGGCAGTATGTGTATGCAGATAAGGAAGAAAGGCTTAAAGTCATTAAACAAGTCAAAAAAGAGCTATACAAGATATGAACCAATAACAGGTCAGTATATAGGCGACAAGGTTCAGATAGATATAAAATATGTTCCACAGGAATGTATAATGTTTTCCAGCTATGGTAAAAAATATTATCAGATAACAGCGATAGATGAATACAGCAGAATGAGAGTATTAGAAATAGTAGAAGAAAAAAGCACATTTGAAACAGGTAAGTTTTTAGACGAACTGGAAAGTAAATTTGGCTTTCCACTAAAAACAATTCAAGTGGATAATGGCTATGAGTTTGTAAATGATAAGGAAGTTACAAACAAGAAAAGCTATTTTGAAGAGACAGCTGAAAAGAAAGGATATACTATTAAACGAATAAGACCTTATTCACCTTGGCAGAATGGAAAGGTGGAAAGAAGTCATAGAGAGGATGGAAAAATTTTATATGCAAATAATAAATTCTATTCCAAAGATGAATTAATTAAGGCTCTTAAACAGCATGAAGATAGATATAATAATACTGCTAAAACATGCTTAAATTTTAAATCTCCATATGAGATTGTTATTGAAAATAAATTATTGCTTGATTTATA
CP097562.1_gap42	1793000	1794199	1199	TTTTCATATTTTCAATTTCTTTTTCACTTTTCTTTTTCTCTATTTCTTCAATAGTTTTTTTAAAATTATTACCACCGTATGGTTTATCAAAAGCCCAGTAAAAAAGTCTTAAATCATGGTTACCCATTATAAGATATACATTTTTAAGAGAAGCAAGCCATATTAATGCTTCTATCATTGATACATTATTTTCGCCTCTGTCAATATAGTCACCTAAAAATATATATGCCTTTTTAGTATCCTGCAGCATATCATTATCTTCTAAAAATTTGGAAAATACAGTATAGCTTCCATGTATATCAGGTATAACAGTTATATCTTCATACTGTTTAAATGTTTCCTGCTGTAGATAAAAAGTATCCCATTTGGCAACAGCAGAATATAAATCTGTTTCATAATCTTTATGTTTTTTCTTAAATTCAATAAGCCGTGCCTGATATTTTATTAATACATCATAAGATATGCTGTTATTATATTTCCTTGAACGAATATTATTATAACATTCATCAATGCTGTATTTATCATATACAACATAAACTACCCTGTATCTATATGCTTTTGCCATATCTAATATATTGTTTATATTATAAAGCCCAGTAGTATCTAAAATAGTTGTCTGCCCATATATCATTCTGTTTTCAAGCATCTGCATAAGCTGCTCAAAAACTATGCTGTCATAGAAACTGTCAATATTACTGCTTTTATCAATATAAGGAAATAATGTGCCGTTCATAATACGCAGAGTATCTGCAGAAATAGTTAAATGTTCTAAATTCAGTCTTTTAATATCATAACTTTTTCCAGAACCGGGAATACCTGTAAGCATAAAAAGTATTTGCATAAATCACCTTTTTTATATGATAAAATGTGTATAATATAAAAAGCAATAGCACAAATGACTAAAAAAATAAAGAAAAGATTAAAAACACATCTGTATAATTATGCCTTTCTGTTTATAATATTAATTACAAGTAATTATTGTGTTTCTATGCTAAAATACATTCAAAAAAATATGTTTTTTATAAATATTTTTAATTGACAACAGCTTTTATCAGTATTATATAAATCTCTTGTTTAAAAATATAGTGAGGTAGTATGAAAACTGCAGACATTAAAGAATTAAGTAATTTTTTACTTGATTATGCTGTTATGTTAATGCGTTCAGGAGCAAATACTGAAAGAACTGTCCGCAATGTTAC
CP097562.1_gap43	1809389	1812572	3183	CTGCTTTTTCTTTTTCTATTTCATCTACCCATTTTGCAGGCAGACCAAATGCTGGCTCTTTTGTAGGGATACCACTAATATCATCCATTGGACCTGCAGGGTTCATAGCCATATATCTGTCTGGCATAACACTGCCTTTTGCAGTGCGGACACCACGGAGCAGCACCACATATTCATCTGCATCAAGCTGTAAATTATCCCTTATTCTAACAGGTGGAACAATAAAACCCATTTCAAGAGCTATTTGACGCCTGATTGACTTAATTCTATTTAAAAGTGTGCCACCTTGAGCTGCATCAACAAGTGGGATAATACCAAACCCGATTTCAAGTTCCATAGTATCCATTTCAAGCAGCTCTTTAACTTCTTCTTCCTCTGGTGCAGGTGGTTTTTCTTCTTCATTTTCACTGCCTTCTTCATCATCAAGAGTATCGCCTTTTTTCTCTTTACGCAGCATAAGATAACCAACACCAACAGCAACTAAACCAAGAAAAATAAAAGCAAGTTTTGGCATACCCGGCACTATTGCAAAGAAAAGCAAAAGACCACCAGTTATAAAAAGCACTTTTGCCTGTGGAAAGAGCTGTTTTGTAAGCTGTTTTGCTAATGAGCCAGAATCGTTGCCTGCCCTTGTTACAATTATACCTGCGGATGTAGAAATAATAAGAGCAGGAATTTGACCAACAAGACCATCACCAATTGTTAATATTGTATATGTAGAAGCAGCTTCAGAAACAGAAAGCCCATGCTGTAACATACCCAGTGCTAAACCACCTATAATATTTATAGCTGTAATAATTAAACCTGCAACAGCATCACCGCGGACAAACTTAGAAGCACCATCCATACTTCCATAAAAATCAGCCTCTCTTCTAACATCTTCCCTGCGTTTTCTTGCCTCATCTTCATTAATTATACCAGCATTTAAGTCTGCATCAATAGCCATCTGTTTACCAGGCATAGCATCTAATGTAAAGCGGGCAGCAACCTCTGCAACTCTGCCGGAACCTTTTGTAATAACCATAAAGTTAATTAAAACAAGTATGATAAATACAATAATACCAACAGCATAGTTACCACCTACAACAAACTGACCAAATGCACGGATAATTTCACCTGCTGCATCTGGACCTTCATGACCATGGAGAAGAATTGTTCTTGTGGTAGATACATTTAATGAAAGCCTGAAAAGTGTTGTTAAAAGCAGCACAAATGGAAAAGATGAAAAATCAAGTGGTCTTTCTGCATATAATGATACAAGCAAAATAATTATACTTAAAGATACACTGACAGTAAGAAAAAAGTCTAATAAAATAGATGGTATAGGTATAATCATTATAACAAGTATAAACATTACACCTAGTGCCAAAGCAATATCTGTCTGCTTTGCGATTTTTTTTATAATGGAAGATGCTGTGACTTTTGTATCTGCTGCCATATTTATCCTTAAAATATTTAATTATGGATATAGTATATATATTATAAAGATTATTATATCCATACCCTTTTGATATTATATAAAATTTATATTATTTTTTCCATAAGAAAATAAAAAAGGCGGGATATAAATATACCCCGCATAAAAAATAACTGAATTATTTATTTGTTTTAAACTGCTCAATTAAGTTTTTCAGCTTTTCTGTTCTCTGCTGAATATGGCTTACTGTATTATTTACTTCATTTACTGCCGCATTACTTTCTTCAATACCTGCAGCAATTACCTGTGTATTATCCACAACTGTCTGAATTGTTGCATACTGCTCAGATACTGCGTCTGATACTGGGCTCATTGCCTGATAAAGAATTGTAACATTTTCTACTGCTTTTTTAATTTCAGTTGTAACATTTGTAATGTTCGTTGTTCCTTCATGAACACTTGTTACTGATTTATCCATAGCATTAGAAGCATTATCTGCATCTTTTAAAAGCTCACTGATAATGTTTTCAATCTCTTTTGTAGCTCCTTGAGTTCTTTCTGCAAGTTTTCTCACTTCATCTGCAACAACTGCAAACCCTCTGCCTGCTTCCCCTGCCCTTGCTGCTTCTATCGCTGCATTTAATGCAAGCAGGTTAGTCTGGTTAGCTATATCATTAATAACATTTAATATATTGCCTATCTGTGCAGAGCTTTCTGATAAGTGGCGGATAGTTTCTGAAAGATTTACTGTATCCTGTTCAATTACTGTCATTTTTTCACTTACATTATCAAGTTTTTCAGTTTCATGTCTTGTTGCATTTGCAGTAGTTTCAAGTGACAGCATATTTTCTGAAAGTGCATCACTTGTTCTTTTTGAAATACCGCTTACATTTTCCATTCCCTCTACCATAGAAGATACTTGTTGTGACTGAGAGTTAAATGTAGCTGATAATTCTTCCATAGTAGCTGCAAGCTGATTATTAGCAGAAGCTACTTCTATAATAGATGAACGAACTTCGCTTACAACATCCTCTGTGGACTGATTAAGGGTATTAATAGCTTTTAAGATAAAGCCAAGCTCATCATTATTATGAATTTGCAGTTTTACAGATAAATCTTTATTTTCTGCCATTTTATATATTTCATTAGCAAATACACCAAGTGGATTTAATATTTTACGCAGTAAGAAGTAAAGAACTATAACACCCATAATTGATATAACAAGTATAATTATTGCTATTTCTAAAGCTAAAAAAGCAATATCTTTTGCAAGAGTGTTTTTATCCACACCGTAAAGAATCACAAAATCATAGTCTCTTACAGGCATTACCTGACCAAGCCTTGTAGAGCCGCTGACACTGTTATATTCCTGTGGTTCACTAAAAGCCATTGAGCGTGTTTGAATTTTTTCATTAATATAATTTACAAGTGCAGTGTCATATAATTGTGTAACATTTTTCATTAAATGCTCTTTATTTAAAGCAGAAGCAATAATACCGCTGTTATGAACAACATATAAACGACCATCTAATCGTTCATTTGGAAGATTTTTTAAATACTGGTTTACATTTAGAACAAAGTCCACACTCATTAATCCTTTAACTCCACCTTCTTTTTTAATAGGGTATGTTAAAGTTAAACATATTTCACCAGTTGTTGTATCCTGATATGGCTCAGAAAAATATATATCAGCAACTTTCATGCCCTCAATATACCAGTCTCTCACTTTATGGTCATAATCTTCTGAAATTGAATTAATTGATGCT
CP097562.1_gap44	1813595	1814192	597	GCATTTCCTAAAACACATTTAAAAATTTAATAAGATGTATAAAGTGGAAATTATATATCTTAAATTATTATAAGGTATCAAAATAGTTGAGCCCATAAGGAAATATCCTTGTGGGCTTTTTTTATTACCTTATTAAAAAATTAAAATTTAGTATATTAAAAATAAGTGTATATATTTTTAATGTAACAGCTTAAACAGGTATCAAGATAATTGAGCCGATAAGGATATACTTATCGGCTTTTTTTTGTTCCTGAAAGGCTTTATGCAAGGACGAATAATTTTGGTTATATTTTATTAATATAGTTGTGTAAAAAGGAAGTGGAGAGCCTGCAATCGTATTATAAAATTCATAACCGCACAAAACATTAACTTTTTAAAATGGTGCAAAATTTTAACAATAGAATTGCATCTGAAAAAAGAAAAAACAAAATTAAAGGCACAAAACACTTATCTATAAATTGTTTGGAGAGATAATTTATAGTAAAACTGGAGGAAAATTATGGCACTTTCAATCGTTAACAACCCAACAGCAATAGGCGCACAAGGCGGCGTAAACAGCGTAAACAGCAAACTTGCAAAAACAATAAAATCATTATC
CP097562.1_gap45	1822806	1826051	3245	CATTTTCTACACCAGAACTTTTTGTAATTGCAGAAAATTTAGAAAAAATGAAGCTTGTTGTTAATATATCAGAAGCAGATGTGGGAAAAGTTGCAGAAAATCAAAAAGTTCGCTTTACTGTTGATACTTTTCCAGATGATGAGTTTGTATCAACAATATACAGGGTAAATAAAGGCTCTACAAAGTCAAATGATAATATTGTAAGCTATGAAACAACTATTTATATAGATAATAATAATTTAAAACTTCGTTCAGGAATGAGTGCAACAGCAGATATTGAAACAGACAGTGCAGAAAATGCTGTGCTTATACCTGTTGCTGCTCTATTTTTCCAGCCACTTATAGAAGATACATCTGAAGCTGGCAAAAGACCTGCTATGCTGCAAGGTCCACCGGGAAGAAGACCAAAGTCTGCTAAGGAAGTAAATACTGATATTTCAAAAAACGCTTCAATTTATGTGCTTGTCAATGGGAAACCAGAACTTAGGCATATTGTTACAGGTGTAAGCGATGGTAAAAATATACAGGTTATTGAAGGCATCAGTAGTGAAGATGATATTATTACAAGTATGAAAAGAATATGAGTGATTTTATTAAGCTGAGAAATATTGTAAAAGTATATGGAAGTGGGGCAAATTCATTCCTTGCATTAAAAGGTATTGATTTAGATATTAATAAAGGTGAGTTTGTTGCACTTATGGGTCCGTCAGGCAGTGGCAAATCTACTATGGCTAATATTTTAGGCTGTCTTGATAAAGCAACAAAAGGCTCATACTTTTTTAATGGTGTAGATGTATTTTCACTTAACAGGAATGAAACAGCACTTTTAAGAAGAAACTATATTGGGTTTATTTTTCAAGGCTTTAATCTGCTGGCAAGAACTACTGCTCTTGAAAATGTGGAGCTTCCATTATTATATAGGGGTATGCCTAAAAAGCAAAGGCGGGAAAAAGCAAGACAGGCTCTTAATATGGTAGGGCTTTTAGAATGGGAAAAGCATACAAGTGCCCAGCTTTCAGGTGGACAGCAGCAGCGTGTGGCAATAGCAAGAGCTATTGCATCAAACCCATTATTTTTACTTGCTGATGAACCAACTGGAAACTTAGATACAAAACGAAGTGTTGAGATTATGGATATACTTTCTAATTTAAATAAAGAGTTAGGCATTACTATTTTAATGGTTACTCATGAGCCTGAAATGGCACAGTATGCATCAAGAGAAGTGCATTTTAGAGATGGAGAAGTAAATGCAGCGGAGGCTGTTTTAAGATGATATTTAATGCTGTATTTTTGGCTTTAAGGCAGATAAGCAGAAACTATTTAAGAGCATTTTTAACCATGCTTGGTGTAATTATTGGTGTTGGTGCTGTTATTATTATGATTAATTTAGGTAATGGAACACAGGCTATGATTAAATCAGCTATTGAAAGTTTAGGCAGTAATCTTTTAATGATACATGCTCCGCCGCATTTAAATCCGGGCGGCACAACAAAAAGCCGTTATTTTACTATGAAAGAAGTAGAAACCATTGAAGACAGAGTGGCGGGGATTAAGGCTGTTGCTCCTACTAATATGTCATCAGTAGTTGCAAAATATATGAATAAAAATGTGCAGACTTCTATATCAGGTGTAACAGAGGGTTATTTTACTGCAGTTGACTGGAAAATAGCAGAGGGTAGAAGTTTTGAAAATAAAGAATATATAGCAGGCACAAATACATGTATTATAGGGGAGAGTGTCCGTAAAAATCTGCTTGGCAGCACCCCTGCTGCTGGCACTAGATTAAAAGTAGGCTCAGTAGTATGTGATGTGGTAGGTGTTTTAGAAAGCAAGGGACAGGGTGGCAGAGGAAATGACCAGGATGATATAATACTTATGCCATTAAAAGCATTCCAAAGAAGCATAAGCCCAAGTAATCCTATATATAATATTAAAATTATAATGGTATCTTTGAATGAAGATGTTGATTATAAGGCAGCATCAGAGCAGATTGCTGTAATATTAAGACATATGCGTAATATTTATGATAAATCAAAAGATACTTTTGAAATACAAAGCACAAAAGAAATACAGGAGACGGTAGAAAAATCTATTGGTAGTCTGACAGTATTCATTGGTGCAGTGGCAGGAGTAAGTCTGCTTGTTGGCGGCATTGGTATTATGAATATTATGCTTGTATCAGTAACAGAAAGGACAAGAGAGATAGGCACACGGCTTGCAATTGGTGCATTAGAAAAAGAAGTCCTTTTACAGTTTTTAGTAGAGAGTGCAACAATTAGTGCTGTTGGCGGGTTTATCGGCATAATATTTGGTTTTTTTATGACACTGCTGCTTTCTGCAAAACTGCATATCCCATTTACATTTGATGTAAAAATTGCAACAGTATCTTTTATTTTTTCAGGATTTATTGGCATAGTTTTTGGCTACCTGCCTGCAAGAAAAGCATCACGCCTAAACCCAATAGATGCATTGCATCATGAGTGATAAAAAGAACATAATTTAGTAATATTCGCAGGTAACTTCTACTCCGTTTTCCCAATTTAGAAGTTCAGCTTTTGTCCATTTTCTACCGTTTCCACAAATACCGCTGACTGGTTTATCATCTTTATATGTTATTGTAGCCCATAATGCACCTTTTTCACTATATCGCTCAGTATTTCCATTCCTAAGACCATTTTTATAATGTCTTTCTTCCTGTAATGCTCCACTTTCAAAATAGTATCTTGCTATACCATCTATTATACTATTTTTAAATTTTGCTTCTAAGAATAAATTGCCATTATCATAGTAATATTCAGCTGTATTTTGTTCTAAATCAGTATACATATTTATATGATTTTTAATATAATGACTCATTGTTTTAAATTCATAATCTATTGAATATTGACTATCACTTGCATAGTGTGTGTATGTATCTACTTTACCGTTATTCACCTTACAAATACTTGTTAGTTTGCCATTTGTTTTATTGTTCTCTATTATATTTCCGTGAATTACTCCGTTAATAATATCAGCATAAACTTTTGAACTGTTTGTTTCAAAACATGCTGTTCCTGTTATATTATCTTTAATGGGTAAGAATGAAATATTTTCTCTATCTAATACAGGCAACATTTTATTTACAAGTATATCTAATGATGATAGCATCATAAAATAGGCTAATTCGTCTGCAAAGCTAGAAAAAGAAAGATTATCTTTTGTATATAAATTATCAATGATAATATCACATTTATAATTTTGTTTAC
CP097562.1_gap46	1875884	1879626	3742	TTATAGCGAGTATTAAGAAAAATGCAATAGTTGATTAATTGTTTTAAACTTTTTCTTTCCTGCCTGCATATTTTTTGTATGCAGGCAGGAAAATATATATATACTTTAAATTTAAAATTTTAATATTAAACTTTAAACTGACCTACAAGTATTTTTAAAGCTTCTGTTCTTTCCTGCAGGTGGTCAACAGTAATAGAAATTTCATTTACAGCCGCATTACTTTCTTCAATACCACTTGCAATAACCTGTGTTTTATCATTAACATTTTGCACTGTCTGGTGCTGAATATTAAAGCCTTCCATTAATTGATAAGTAGTATTAGCCACATTGCTTACACCATTAACTACTTTAGAAAAAGATGTTGTAGTTGTTTCTATTACTTCTACACCATTTGTAACACTGATAGATGCTGAAGACATTTCCTGAGAAGCGCGTTCTGATTCGTTTTGCAATGTAGAGATAATATTTTCTATTTCACTTGTAGCTTTAGTAGTTCTTTCTGCTAATTTTCTAACTTCATCAGCAACCACTGCAAACCCCCTGCCTGCTTCTCCCGCTCTTGCAGCTTCTATTGCAGCATTAAGAGCTAAAAGGTTAGTCTGGTCTGCAATATCATTAATAACTGTTAATATTTCTCCAATCTGTGAGGAGCTTTCTAAAAGTTTATTAATAGTATCTGATAAATGTGTAGTTTTTGTATTAATATCAAGCATAGTATTTTTAATTTCACCTAATGAGTTCTGCCCCTGTGTAGTGGATTCCGCAGTGGTATTAATAACCTGCAGTGCAGAATTTAATTCATTAGTAGCATCCTGAGACTGGTTTGTAATGTCATTCATATCTACTACAATACTGTTTACCTGCTCAGTTTGAGAGTTAAATGTAGCAGAAAGCTCTTCAATAGTTGCAGCAAGCTGACTGTTGCCTGAAGCAACTTCATTGGTAGAGTTTCTTACTTCAGTAACAATTTCCTGCACATTAATAATAAAATTATTGAAACTTTTTGCTAAATCAGAAAGCTCATCATTATTAATTGTTTGCAATCTTATAGTTAAATCTCTATCACCGCTTGTTAAGTCTCTTGAAGCAGCAACAAAAGAATGTAAAGGTTTTATTATAGATGTATAGGTAATAAGAATTGCTGCAGCAATAACTGCTACTGTAATAAGCAGTATTGTAATAATAACATAAATAGCTGAAGTTAAAGAAGTCTCTGCATAAGCAGTTTTTTCTTGTATAATAGTATTAATAGAATTTGAAGTTTGCTGAGAAATACCTAAAAAAAGGTTTGTGGCGTCAACTCTTTGTTTATTAACTGAAGCTCGTGATTCATAAGCTGCTACTATTTCTTTATATATTTTCTCGTTTTTTGCTATATTATCAAGCATTTTATCAATTATATTAAGAGAAGCTCTTTGCACAATATTATTTTTTATAGTTACCAGTTCATTATTTACTTCTACCATTAATTTCTGTATCTTTGCAAGCTCTTCAACATTTCCTGTATATCTTACAGTTTGAAATATTTCATATACAAGTGCAGTATCTACTGAAATAGTTGCAATGCGAGAATAGTTTTCAAAATATCTAAGAGTTACTTCACTGTTATCAATATTATTTTTAATTACATTTGTAATGGTTTTTCTTAAATTTTCAGATTCTGTTAAAAATTCATCTACAGCCTTAATAAATTCCTTTTCTTTAGGCACTATATTATTACGAACTTCAACTTGATGTGTTGCAGCAGTAAGATATGTATTAACTGCTTCTTTATATTCAGGAAAAATAGCTGTTATTTCTGGCACAATAGAGGCTTTATATTTGTCTGCAAGAAGTGTTTCCAGTTTATTTAAGTTATCTTCTGCATCAGTTTTTAATTGTTTTAAATTGTCATATTTATCTTGTGAAGGGCTTAATACATAGTCTCTAAAAGATATACGAATCTCTGCTATTTTACTGTTTAGGGAATTATCATATTGATATAAGTCTAAATATACATTACTAATATCTTGAGCAACTTTTCTGCCATTCTTAATGGCAACAAAAGAATAAATACCCATAACAAAAGCAGCTATGGTTATTACAGACAATATAGCTAATATTTTTGCTGTAATGGTAATCCTAAGTTTAGAACGCATAAAATACTCTCCTTAACATGCTGAAAAAAGTGACAAAAAAGAAAAAATATTAATATCTTTTTTATACACATAAAAATATGCAAAATATATTACATTATTATATCTTATCTTAATAATATGTCAAGAAAATAAATTTGCAGGATAAGTTATTTAAAGTTTTATTTATCCTTTTTCGTGTTATACTGAGCCTAAAAGGCGAAGTATTTAAAATATACAAACTACAATAATCATAAAATATAGTATGTATAGTTATTGAAACTCATACCATATAGATTTTTCTCTTTGCTCAAAATGACAATGTGTGAATTATTATAATAACTGTTATAGTTATGTCATACTGAGCCTGATAAGGCGAAGTATCTAAAATATACAAACTACAATAATCATAGAATATAGTATGTATAGTTATTTTAAACTCATACCATATAGATTTTTCGCTTTGCTCAAAATGATAATATGTGAATTATTATAATAGCTGTTATAGTTATGTCATACTGAGCCTGATAAGGCGAAGTATCTAAAATATACAAACTACAATAATCATAAAATATAGTATGTATAGTTATTTTAAACTCATACCATATAGATTTTTCGCTTTGCTCAAAATGACAATGTGTGAATTATTATAACAGCTGTTACAATTATATCATCCTGAGCTTTTAAGCATATCCTTTGATTTGGTCGTAAAGAATACTTTTTTGGTTACCAAAAAAGATAATTTAAATATATTATACACTGCTGCAATATATATAATCTATATTTTTTGTCTTTAGAAATCAGGCTCAAAATGACTGATACACAAAATTTTTGGGTAAATTCAATCATTTCTATAATGTATTACATATTTACTTTATAAAAATTATATATTATAAACAGTTTTAAGGACTTATCTATGAAAAATAATAATCGTAAAATTGACGGCAGATTTTGGCTTACAAATAATGGTGAATATTTTGCAGGCAGAGGTCGTATAGAGCTTTTAAAACATATTAAAGAAACAGGCTCTATTGCTCGTGCTGCAAAAGTTATGAAAATGAGTTACAAAGCAGCATGGGACAGTGTTGATGCTATGAATAAAATGACTGGTCAGACTCTTGTGATTAGAACAAGCGGCGGCAGAGATGGAGGCGGAAGTAAAATTACAGATGCAGGTTTAGAATTTATTGAAAGATATGATAAATATACAGAAACTTTTGAAAAAGTGCTTTCTATTATTGATAATAATCCTGATATTGAAAGTTTTGTTAACAGCTTTGATATAAAATCATCTGCTGATAATTCTTTTAATGGTAAAGTATTAAGTATTAATGAGGGTGCAGTATATTCAATAGTAGAGATAGACGGCTTATCTTTTAAAATATATGCTTCTATATCAAAGAGCAGTATAGAGCGAATGGGGCTTTTAAATGGTGATACTGTTACTGCATTAATTAATTCTAACCAGCTTGTTTTATCTATTGATGAAAGCATACAGTTAAGCTGCAGAAATAAGTTTACAGGAAAAGTTAATTCTGTTAAAAAAGGTGCAGTAAACAGTGAAGTCTTTATTAATTTAGATAACAGTAATAAGTTATGTGTTATGGTAACTAATGAAAGTATAGACA
CP097562.1_gap47	1882245	1885469	3224	ATTTAGAGCAAAAAAATATTTTAAATTTTTTTCATGAAAATCAGCCATTGATTGTAAGTGATATTATAAAAGGTAGAGGTAAATTTGCAAGTGAATGGTTTTTAGTGATTTTAAGAAAAAAAGAAAAAAGTGAAGTTAAATGGATATTAAAGCCAATAAATGAAGTAATTAATTTTTACAGTGGTAATGTAGAATTTAGTCCGCAGGGTAGTTTAAAAATTGGAAAAATAACTATGCAGAGAAAAGGTGGTGATGGAGGAAGAGATACAGCAAAAATGCTCCAATTTAAAATTAACCCGTGCGAATTATTTTATTAGCTTTGCAATATAGCTATGAATGGTTTATAATAAGCACATCATCATTTTCAATAACAGTATTGCCCCGTGGTATAATAACAGTATTATTTCTTTGTATCATCACTATAAGCATATTTTCCTCTGCTTTTAATTCTGCAACTTTTTTGCCTATAAGTCCACTTGTTTCATCAATATGTTTTTCAGATATTTTAACACCTTCTATATTATCGCCAGCTTTTGCACAAAGTATTAAAATATCATCAGTTTTAAGGACAGTAGAGCCTTTTGGCACTATTTTTTTTAAGCCTCTTTGCAGCATAGCAATAATAGTATCAGGCGGCAGTGTAATATCTTTTACTGCCTTTTCATTCCAAGGGTGTCCTTCAGATATGGAGCTTCTAATAAACTTAACAGGCACTTCATCTGAATAGTCGGTAAATGTTTTCATAACATCTTCACTGTTATCTATCATATTCAGCTTTTTAGCAGCATAAGGGATAAGTGAGCCTTGAAAAAGGATAGAAAAAAGAACTATTAAAAATACAATATTAAGTATATCATTACCTGCATATTCTGTATTTGAAGCAAGTCCGTTTTTTGCCATTATCGCAAATACAATAGATGCAGCCCCCCTAAGTCCTGAAAAAGCAACAAGAGACTGCTGGTTAAAACTTGCTTTAAGTGGAGTAAGCAGTGCAAAAACAGATGCAGGTCTTGCGATAAATGTTAAAAATAAAGCAATAATTAAGGCAGGCAGTATATATTTTGGAAACTGTGACGGAAATGATAAAAGCCCAAGCAGGAAGAAAAGCAGCATCTGCATAAGGTCTGTTACACCATCAAAGAAATATACAAGTGGTTTTTTATCATTAAATTTAGTATTGCCAAGCACAATGCCTACAATATAAGCACTTAAAAAACCATTGCCGCCAATAAAGGCAGGCAGAGAATATGAAAGCAGTGCAACTGCTACAACAAAAATCATTCTCATTCCGCCTGAAGAAAAATGATATTTTTGGATAACTTTCACTGCTCCATACGATATTGCAGCACCAGCAGCAATGCCATAAACAACCTGAGCAAAAAGCATATATACAAAAGAGCCTGCATTAAAATCGCCAGTAATCATAGTGATAAGTATAATAGTAAGCATATAGGCAGCAGGGTCGTTACTTCCGCTTTCAAGCTCTAATAATGGGGCAGTGCCTTCTTTTAAGTTCAATCTTTTTGAGCGAAGTATGGAAAAAACAGAGGCAGCATCTGTTGAGCTGATAACTGAGCCAAGTAGAAAGCTGACAAGAATTGACATACCTATTACATAATGGCAGAAAAGCCCAATAAGTGCAGCAGTCATCACAACACCAAGTGTTGAAAGTATTGCAGCTTTTGCCACCACAGGTTTTGCTGTCGCCCATTTTGTGCCAAAACCGCCATAAAATATAATAAAAATAAGAGCGATTGTTGCAATCTGCTCCATAATAACATAATTATCAAAAGGAATTTTAAAAATACCATCAGAGCCAAAAAGCATACCAAGAATTATAAATGCCAGCAGCATAGGCATACCAAGTCTGCTGGATACTTTTGTAAGCATAATACATAATATTAAAACAAATGATAAAATTAAAAGTGTTGATGTCATAATATACCTTATTTTATAGATTTTTCATAAGTCTTATCATATTTTTTAAAATAATTCCATTATCAATAACTGGAAACTCATAATTTTTTACAAAAAAATCTTTTATTGTTTTATTATATTTATATCCTAATTTTTCATAATATTTTACAAGATGTTCTGTAGTGCCTATTTCTATACATTTATATCCGCAAAGCAGAGCCTGATTTTCTGCCATAGAAATAAGTGATTTGCCAATAGATTTGTTTTGATATTTTTCTAATACTGCCAGATTAATAATTTCAGCAGTATTTTTATGAAAGATTAAAAGGCATTCTCCAGCAAGCTCTGCATTATAGAACGCACCAAATAATATTCCGCAGGACAAATATTTATCAACTAACTTTTTAGAAGGGTCAGCATCAAGCAGCAGATGATAAGGTATTTCCATTTCATGCGGGTATTGTTTAATTATAAGCATTATTCATCTACAAGCTGTTTTTTATTCTCTTATCTTTGATATAAATCTGTTTAATATTTGGTGCTCTTTCATCTTTTCTTTCATCTATTTCAAAAAGCTGTATAGATTTTACCAAATCTTTAAGTTTTGCATATCCATAGTTACGGGCATCAAATTCTGGTGACTGTTTTGTAATATGCTGTCCAACTTCGCCTAAAAAAGCCCAGCCGTTTTCATCCATTGATGCAATTACAGCAGAACGAAGCAGATTTACAAGGCGGGTATCCATTTTAAGCTCGTTTGTAGTTTTTCTTTTTACATGCTGCTGTTTTTTATCTTTATCATTATTTTCACTGTCTGTTTCGTCATCTAATTCCTGCAGGATTTCTGTATATATAAATTTATCACATGCACTGATAAAAGGCTGTGGAGTTTTCTGCTCTCCAAATCCGTAAACATTTAATCCACCTTCTCGTATGCGGGAAGCAAGGCGTGTAAAATCGCTGTCGCTTGATACTATACAAAAGCCGTCAAATTTGCTGCTGTATAGTAAATCCATAGCATCAATAATCATGGCACTGTCTGTTGAGTTTTTTCCTTTTGTATAGCCAAACTGCTGCACTGGCTGCAAAGCATGTTCTAAAAGAATATCTTTCCAGCCTTTTAGATTAGGGCTTGTCCAGTCGCCATATATTCTTTTAACATGGGCAGTGCCGTATTTTGCAATTTCTGCCATAAGTCCGTATATTATACTTGGAGATGCATTATCTGCATCTATTAAAACAACTAATTTCTGCTGTGAGTTATTAATATCTTTTGTCATCATATTTCATTTAAAAATTTCACACCA
CP097562.1_gap48	1887770	1890843	3073	GAAAGTGATATAAGTTTAGATGAACTTTTAGCAGTAACTGATAATGTTTGCCTTGCTGATAAAAATATAGCTTCATTTGTATCAGGTGGTCCATGCTTAAATATGCTTTTATGGGGTGAAAAGGGCAGTGGCAAATCTACTCTTTTAAGGCTGCTTGCTTTAAAATATGCTTCATCTGGACTTGTTACTATTGAGTTTATTGATGAAACTTCTGGTGCAGTTTATGGTCTTTATAAAATAATAAGGGAAAACAGTGATAAAAAATTTCTTTTATTTTTTGATGATATATCATTTAAAGATGATGATACATCATACAGACGGTTTAAATCAGCTATTGAGGGCGGCTTAGAATCAAAACCTGCAAATGTTATATTTGCAGCCACATCTAATAAACGGCAGATTGTTTCTGTATCATCATCAGATACTGGAGATATTTATGACAGAGATGAGGCATCAGAGCAGACTTCTTTGCAGGCAAGGTTTGGCTTGTCTATAGGATTTTATTCTCTTAATAAAAATGATTATTTAGAAATTGTAAAAATGTATTTACAAAAATACAATATAAGTATGATTGATGGGTGGGAGAAAATGGCAGAAAGCTATGCAATAGACAGGGGCGGTAGAAGTGGACGCCTTGCAAAGCAGTTTGCTGCCTATTTATATCTCACTATACAATAAGGGGGAAAAATGTATATTGAAATCAATTTATCTATTGAGAAATCTGGTGGGGAAGAAAACCTTCCAAAAGTGATTAATGCTGTTTCAGAAGCTGTAAAAGAAAAGTTTCCAGAAGCAGAAGTTATTGTCCGCAAAGGTTTTTTTAAAACTATTGATGGTGTATATTCTGATGATTTATATGCAGAAGGAGAAGTCAGGCAGCTTATAAACACTGTTAGAGAAAGAGTTTTAAATTAAAAATGCGTCTATTGTTATCTTTTGTTACATTATTAATGCTTGCTGTAAACATTTATGCAGATGATAATATGACTGCATTTGATGAAGCAGTATATGATAATGTAACAAATGATACTGAAAAATCAAAAACGAACATTAAGCCAAAACTTGTTCCTGATAGATTAATTAATGATAAAAATACTTTTATGAAAGATTTTGGATTTCCAGCAAGAGAAGAATTTAAAATCAATCAAAATCTTGATGCAGCAGGAAAAGATGTTTATAAAGATGTAGAACTTTCTATGAAAAACAGATGGTCTAAAACAAATATCTGGGGCAGGGACTTTTTATATATAGAGGGTATGTTGTCAGGTGGAGTTTATGGCTTTAATATGTTTTCAATAAAACCTGCAAATGCTTCTCAAAAAGAATATGTTATACCTTATGGTGCTTTGTCATTAAAATTATTCAGCGGCACAGTCTTTTCGCCAGAATTAACCATAAAAGATTCAAAATTTATATTTTCAGAAAATGGTGCATCTATTGATGAGCAGGAAGATAACTATAATTATTATTACTTAAAACTTCCACTTGGTTTTTATATTCCTTTTTTTGGCTGGAAATCAGAGATGTATATAGACGGCAGTTATTCAAGCCTTAATAATAATTTTTCAGTGAAAAGCAGCTTAATGGTGGAAAATAGTATATTAGAAAGCGGCAGTAGTTTTCATTTATCATCATCTTACTGGAATGTCCGACTTTATTTAGATACCCCTGTGGTTTTAAAGCCATCTATTACAGAATATGCTTATTTTGGCTTATATTATGAAGAAATAAGAAGTGCAAGAACAGCTTTGCCCGGAAACGATTATATTAATGGAAATACTCTTTTAGTAAATTATACTTCTCGTTCAGGTGGTATTTTTTATGAAATGAGACAGGATTTATATAAAGGCTTAATGTTTGGTATTAATGTATATGCTGGCATTGGAGATATTGAAACAAGTAGAAAATATAATGTAACTTATGGCAATACTGAAGGTCTTGTGGCTTATAAAGCAGAAATAACCCTTGGTTATCAGCATATTTTTAAGCAGCAGGGAGTAGGTGTTGCTTTTGATGCGGGTGTAAGCTATGCAGGGTTTGTGGAGTTTTTTTATGGTAAAAAAGATGGTCCATACAGTTTGACACTTGACGGTGATTTAAGATATTTTGCTGAGATTAGGTTTTTATTTGGTTATTAATCAGCCTTATTTTAACTTTATATTAGATTATTTACTTTATTTATAATGATAAATAGTTTTAAATAATATCTTAATAATTTCGCAATATTTGTTACTGAGAATAAGTATATATGCAATAAAATATATAACTATTTCGCCGCTGATAAACTCATAATGTTCTGAATCTTTTAGGATGCTATTTTATATAGTCAAATCTAAAAATAATTGTAAAAATTGAAGCAGAAGCATATAGATTTTACAATATTTTTCTTTTCTTTATTTCAGTATTGCAAAAATATTTATTATAATATAAAATGTTCTGTTATATTATAAATCTTTATACAAGGGTTGTATATGAATAATGATGAATTAAAAAAAGCTTCAGAATTTGAGGAAGAAATTGAAAAAAGTTCTTCTCTTGATGAGTTAAACAGTATCCGTATTAAATATATGGGAAAAAAAGGAATGATAAGCCTTTTAAATAAAGTATTAGGCACTCTTTCAAATGAAGAACGCCCAAAAATGGGTGAAGCTATCCAAAATTTAAGAAATAATTTTGAAACAAAATTTACTGAAAAAGCAAATACTATTAAAAAAGCACTGAAAGATGCGGCTTTATCTCAAAAATATATAGATGTTACTTTAAGTCCTTATCCTTTTAATAAAGGCTCACTACATCCTGTTAAAAAAATATATGATGAAATAGTTGATGTATTTACTGCTGCAGGTTATTCTGTGGCACAAGGACCTGAAATAGAAGATGATTTCCATAACTTTGAAGCATTAAATCTGCCTAAAAGTCATCCGGCAAGAGATATGCAGGATACTTTTTATATAGACGAAAATAATATTGTGCTTAGAACACACACTTCTCCTGTGCAGGTGCGTGTAATGGAAAGCCAGAAACCACCTGTAAAAATTATTGCTCCGGGCACAGTTTACAGGTGCGATTACGA
CP097562.1_gap49	1893444	1897339	3895	GCAGCTGATTTAATAAATACAGTAAAATCAATAAGCCCTATAATTACAGATACAGTTGTGTTTGATGTATTTGAAGGCAAACCTATAAATTTTGGATATAAAAGTATAGCCATCCGCATAACTTTTACTGATATTGAAAAAACATTAAGAGATGATGATATTAATCCGATAATAGATAATATCTTAAAAGCCCTTGAAAAAGAACATGGGGCAGTTCTCAGGTAGCAGCATGATACCTGACTAAGTTTTTTATTGTGTTTGTTTAATACTAATTATTTTTACATATAAAAAATAGAAATGATTATAAAAAGTCTGCATAATTATTGTATTTTTATATAATTTATGCAGTATATGTTATTAACTGCTTGAAAGTTTAAAAAAATTATGGTTAAAATAATTTTTTAAGCATACTTGTCGGAGCGATTATGAATAAAAAAATAATCTTACTTGTTACTATAATATTAATGTTATTTACCTGCACAGTTTATGCAGTTGAACCTTATTTAAATACACAGCTTTTAGAATCAGCATCTGTTGGAGATGCAGATGCAGTGCGTGACGCACTATATAATGGTGCTGATGTTGATGCAAGAGACAGGCTTGGAAACACTTCCCTTATTCTTGCAGCAGACGGCGGTTATCAGGAAGTAGTAAGAATGCTTATTGCATATAAGGCATCAGTAAATGCAGTAAATAAGTTTGGTTATACTCCACTGATGTCTGCTGTTACTAATTCCCACAGATATATTGCATCTCTGCTTATAAAAGCAGGTGCAGACCCAAAACTTCCTAATAAATATGGCACTACTCCAGAAATGTATATTAAAGCTCAGGGTTTTTTTACAATGAATGAATATATCAGCGATGAAAAACCTGTTATTACTTCCCGCATAGACGACAGACCAGCAAGACGAGGCACTATGGCAGCAATTCACAGTGCTCCATGGAGAGAAGAATTTAATCAGCTTATATCTCTTGGCAAAACAAATGAAGCTGCTGAGCTTTTAGTCGGCTATGCTAATACAAAAAATCCTGAAGCATGCTATCTTTTAGGCACATTATTTTTATCAAAAGGCAATACTGAACAGGGTATTTTCTGGGTTAAGCAGGCTGCTGCCCTTGGAGATTCTATGATGAAATACCGTGCTGCAAAATCTATTATAGATAATGGTGCAGGAATTGGTATGAAAGAAGCAGTAGCAATGCTTAAAGAAGCTATTGCAGAGGGTAATAATTTTGCTAAAACTGAATATGCGAAAGCACTGCTTTTTGGCAATGGAGTTCCAAAAGATAATGCTAATGCTTATGCTTTATTTAAAGATGCAGCTTCTTATGATTTACCTGAAGCAGTATACTATACTGGTATGCTTGAATATACTGGCAGAGGCACTGTAAAAGATGAAACAAAAGGCTCTGCTAAAATTCAAATGGCAGCAGATATGGGGTTTTATGAAGCAGAACAGTTTATTGATAAATTAAATGCTCAAAAACATATAAATCTATTAGTTAATTCAAAAGTAGGCGATAGAGCAACAGTGAAAGCATATCTTATTTCTATGGGTGCACCTATTAATATAGATAACCCAGAATGTGATGTTTATAAAATAGGCAGTGCATGGAATGATGCTTATAAAATATCAACTGTTAAAATGTGCTATCCGGGGGACGGCACAGTAGAAGCTAAATTTATACTAGGTGAAGCAATAGATAATATTGAATTTACATACTTAAAAGGATTATATCCATCGGCTGAATTCAGTATGCCTTCAATGTATGATAATACGCCTGTTCAAGTAAACAAAGAGAAGATAAATGCTTATGATTTAGATATTGCAGGTGATAATAACTCTCTTGATAATATAAGCATATATGACAATACACAGGATAATATTACAGGTAATAAAGAGAATATAGATTTTTCTAAACCTGTATCTTCTGATATTAAAAACAGTAATAACTAGGCAGCATGAAAAAACATATATTAATTTTATTTATATTATTAATCCCATTACAAATTTTTGGAGCTGATTTAGAAAGCACTGTTAGAGATGCTTTTGAGCTATACTCTGTTAATAACTTTGCTGAGGCTGCCCCTATGTTTGAAGAAGCATATTATATGGCAAAGAAAAATACTCCAAAAGATATATCAAGCAGATTTCGCACTTCCTTATATACAGGTCTTTGTTACAGAGGTATGAATGAATATCAGCAGGCAGCAGCTTGGTTTGCTGTCAGTCTTGCACTGGCTGAAAAAGTAAATGATTTATATGATATTCCTACACTTATTGCTTATATTGCAGAAGCAGAAAGAATGGCGGGTAATGTAAAACAGGCAGAAGAATATTATGCAAAGGCACTGCTTTATGCAGATTTAACGGATAAAGACAAGGCAGTATTATATTATGGAATGGCTGAAAGCAGGCGTATTAATGAAAACTATTCAGGTTCAAAAGAAAGCTGTGATGAAGCACTAAAATATGCAGGTAATTTAAAACTGTATAAAATATTGTCTTCATGTGATATAATATATGGAGAATATTATAGAGTTAATAAAGACTATGCAAAGGCAATGTATTATTTTACAAGGGCTCATGATACATCTCGTGCAAAAAAGTATGCAGATATTTTAGTGCCAGCATTAAATGGAATGGGGCTTACATCAGAAGCTCTACACCGCTCTGATGCAGCACGGGAATATTTTGAGCAGGCTTTTTTTGCAGCAGTAGAAAATGGTGCAGTAGATAATACTGATATAATATATAAAAAAATAATAGACTATATGCCTGAAAAAGGCAGTTTTAAATATCAGGGAGATAAAGCCTTAGAGCTTGCATCATTAGATTTTTTAGATGATGAAACATCACTTCTTTTATACAGTCTTTCTGCACTTTATTACAGAAATGGTGGAAGATATGAAGAATTATATCCTGCTGCAGAAACAGGTTATAATCTGGCAGTTAATCTTTCAGAGCAGAATCAGGCTGCAGAATTTTTATATGATATGGCACTTTCTCTTTTTAAATCAGAAGAGTATGAAGAATGTGCTGCAAGAAGTGAAGAAGCTGTGTCTCGCTTAAAATCTACAGATAGAAAACATCTTCTTAAAGATGCATATTTAGTCAGGTCAGAATGTTTATATAACTTAGGACTTTACAGACAGTCTTATGAGATGGCAGAACATGCACTAAATTATGCAAAACTTGCAGAACATGATAAAATTAATGCAAGAATTGCAGAAATTAAAGAAAAATTAATATAGAAGAATTGAAATAATAATATACTGTTGCAAAAAAGCAATAATATATGGTTATATAAAGTTTTAATAGCATGTAATGTTTGAAAGTGTGTTAATAAGTAACAAAAGAAATCTTTAATATTTATTATGAATACAGCAAGATAATTTAAAGTAAATGCGGTATTACTGAGCCTAAAAGGTGAAGTATCTAAAAAAAGAATGTCAATGCTGAGCTTGATGTTTAAGCGAAGTATCTAAAAACAATAGATAGTTTAAATATATTATACATTACTGTCATATCAATCATTTAAATTTTTCGCCTTTAAAAATCAGGCTCAAAATGACATAATTGTAATATTTTTATTTATTCATAGTTACAGCAATACAATGTCTATTCTGAGCGTAGTGAAAAATCATAATATATCTTTTATTTTCAAATTCATTATATATTTATTTTTAGTAATAAATATTACGAAATTAATTTGAGTATCAAATATTTATACCCCTGCAATTTTAGCTGTAACTTTTCCTAATATAGTAATTGTTTCATCCTGCATTTCTGCAGCAGAATATATTTGTGTTTCATAATTTTTATTATCAGAAATAACTTTTAAATTGCCGTCTTTATCTTTATCAAGTCTTTTTACTCTAAGTCCATTA
CP097562.1_gap50	1914595	1917046	2451	TTATTCTAAATATATACCTGTAAATATTGGTAAAAAACAAAATATCAGTATAAATGCTTCTGTTATTCCAGAAGCAGAAGCATCATCTGCACTTATTTATTCAAGCAGTAATAATGCTGTTGCTGCTGTTTCTAATGACGGCACAGTTACTGTTAATAAAGCTGGTATAGCTGTGATAAATATTGCCCTTGAAAAAGATAAATCTGTTAATAATCAGGTGATTATTAATGCATTCAATAAAACAGCTGATGTGGAAAATAGTCCAGCAGTTATGGCAGTTGCAGTTGATGAAACATATCTTAAAATCAAAAAAGGAAAAGGGCTTGCCATATTTCCAAGTGTTCGTCCGGGTAATGCAGTAAATAAAGAGCTGGCATATCTTTCTACTAATGCTAATGTGGCAGAAGTTAAAGACGGCTTTATAAAGGCAAAAAATTACGGCAGTGCGGGAATAATAATTTATTCTAAATCAAACCCTGAAAAATATGCTTTTATAAATGTGGATGTAGTAAATGAAGAAAGCAGTAACAGCGGCTCAGGCAGCTTTACAGCACCAGATGGCACTGCTCCAATTGATTTAAATAAAGACCCTATGTCATTGATTGCGAAATATCAAATCCTTGATTATTCAATAAATGGCGATAAAGCAAAAACAGCAGATTCAGCAAGCAGCCTGCGTGTAAATGTTAATTTAGATGGTCTTGGTGCAGGTATTGTAAAAATATTAATGTATATTAATTTAAATGGTAGGGAAGCCCGCCTTATTCAAAAGAAAAATATAAGTAATTATGGCAGTATTCCTGATATTTTTACATCTCTTGGTGCAAAAATAACAGGCGACTATACTATGGAGTTTACTCTTGACCCTGTTAATTATACAGAGCTTGCAAGACAGGGTATAGTAAATAAAGGCGATACTCTTGTATTAAATATTGGTAAAATTCAGGCATTTGCACCTGCCGGTGGTTTGGGAAGCGATATTATTTTTGATGAAAAATCTGTGCCTGTTGAAGGTGAAAATACAGATGACAGCAATACAGAAACACCTGAAACACCAGAAGATAATAATAAACCAGATGAAATACAGGTAAAAAGCATTAAATTTGATTTAGAAGAGTTCAGCCCTGTTGCAGTTAATGAAACAATACAGATTAATGCAGAAATCTATCCTGATAATGCAGCTAATAAAACTCTTGTATGGAAAAGCTCTAATGAAAGTGTTGCAACAGTAAATAAAAATGGGCTTGTTACAATACATAAAAATGGCTCATCTGTAATAACTGCACAATCTTCAAATGGGATAAAAGCAGAAATGCAAATTGTGCCTGCAGCAGCAGTTTATAGTTTTAATCTTAACAGTGATAAGATAGAATTAACAATGAATATAGATGCAGAAGCAAATATATCATATCAAGTTTATCCTGAAATATTAAATAATTCAAATCATAATGCAGAATATTTTGCTGATGATACTAATATAGTATCAGTTGATAATACAGGTAAAATAACTGCTTTATCAGCGGGTGAAACATTTATCCGTGTAACCATTAATGATATTGTAAGAGAATGCCATATTATAGTGAAGCCTGAGCCTGAAAATGTTATCACAGTAGAACAAATTGTATTACCATCTGGCAGTGAAGGCAGATATGAATTATCATTAGGCTCATTTACTTTGGAAACTAACATTATTCCTGAAAATGCTTCTAATAAAAGGCTGAAATATCAGTCATCAAATCCACAAGTTGCAGAGATAAATGCAGCTGGCATCGTAACATTAAAAAATACAGGTGAAACAAATATTACAATTACATCTTCTAGTAATCCTGATATTAATGCAGTATATAAAGTTATTGTAGAAACACTGCCAAAAAATGTAGTATTTGAAAGATTTGATTACGGGGTTGCAGTTGGTGAGACTTCTAAAATTATTCCAGTATATGAAGGCAGTCCGTCTAACACTAATACAGTATTTAAAATATTAGATAATCACAGCATTGCAGAAGTAAATGAAAAAACAGGTGCAGTAACTGGGTTATCTTCTGGCACAGCTTTATTAGAAGCGGTTACAGAAAATGGTAAAAAAGCAACAACGATTATTACAGTCTATACACCTGTTGTAAAAGGTAATGTGCATTCATTGCAGGGAACATACCAGATAATAGATTTTAGCCAGTATAACGGCACTCTTAATGTTGGAACAAATGATTATGGTGGTGTGGAACGCATGATAGGGGAGATGACTATTGAAGTTAATGGCAATAATGTAAAAATAAAAAGTAAAATCCAAATGGACAGCAGTGCAATGAATAATTTTGGTGGTATTTTAGGACAAGGTAAAGAAGAAGCAAGAAAAGGTCAGTTTCAATATACTGAATACACTGAAGCTGCATATAATGCTTCAGGGTTTGGGACAGCAGGCAAAACAAGTGCAAAAGTTACTCATGACAA
CP097562.1_gap51	1918422	1921222	2800	CTGGCAGTATTCCTGTTATGGCATTATCAGTAAGTGCAATATTATCAAGCTGGGCAAAGGCACCTAAATTTTTGCTTAAATTGTCTGCATTAATTTTGCCATTACTGTTTATAATTTTAAGCCAGAAAGAAGATGATGATACTGGGTCTTGTGGGTCAGATGAGCTGTTTGCTTTTATGCAGTAATAAAGAGCATTATCACTGCCTAAAACAAAAGCACCAATTTTATAGTCTGCTTTTTCATGCCAAAAAACATTATTTCCTGCCATAAGGTTTAGGGCATTATTTACATTTTCATTTATGCTTTCATCAAGTTCATCTTTACTAAATTTTGTTAAGCTGCCATTTTCTTCTGCTATAATGTTTGTTATATCAGAATATGATGAAGTTAATGATACATTTATTTTATTATCAGATAAATCAATATTTTCTATATTTTCCTGTTTTATAAGTTTTTGCTGCCAGCTGCTCCATATATTACTGCTAAACTGGCGAATATAACCTGTATTAAATAAATAATCAGGGCTTATAAACTGATGTATTTTATTATTTTCTTTCTGCACAAGTAAACAGCCTGTTTCTATATCAGAGCTGTTATTCAGCTGCTTTTCTATTATATATATTCCTGCTGTTGTAATGCTGTTATAATCTTCTATACTGCTGTTGCTGTCTATGTTTGTGATTTTTATCTGCCTTGTATCAAGGCTGGTGCATTCAATAAGCAAATCATCGCTGTATACTGGATACTGAGAATTATTTTTGCCAGTTCTATATGCAAGATAATCTTTTAAAGTTTTGGGATTTACTGCTTTATCTACATCTTCATTTTCTATTATTTCATGTAAGCTTGCAAACATAATGCCAGTAAGTCCGCCATTAGATGAGCGAATTGCATTTAAGTTATTTTCTTCATCAGCTGTTGAAAATATCATAAAAAAGTAATCTGTTCTTAAAATATTATTCCATGCTCCATAATGGCATGGTGTTTTTATCCACCTGATACCGTCAAAGCTTGCAAGAGTAACCCCAGTTGATGAAGCAAGGGTATATACATTTGCTCCGCAGCTTATATCTTTCCAAGGCTCATTATAATTTAAACTAATTTTCTGCCATACTGGGTTTTTATTAAGTATATCTTTTTCAAGACAGTAAACAAGGCGGGTTTCTCCATCATAAGCACATGCTGTAAACCTGCCATTACCATAAGTTAAAGATATCCATGATGATAAAGGCATATTTATTTCATTCCATGTTAAGCCGCCATCTGTGCTGTATATTGAACGAGTGTTTCCAGATACTCCAACTGCCATTATAATATTTGAAGAAGAAAATGATATTTTTGAAATCTGTATACTGCTGTATTCGCATACTTTTCTCCAGCTTTTGCAATAATCTTCTGATATATATATTTTGCCAGATACTGTGCCTGCGATAAATTTATTATTGTTATATGTAATACATGAAAAATTATCTTCTGCTATTATGCTTTCTTCCCATAAGTTACCATTATCCGTGCTTTTAAAGCATTTGCCAGTATTAGAAAGCAGGATAAATATTCCACTGCCATAAGTTATAGCAGTTAATTTATTATTTATCTGTTTTTCTTCCCAGTCTGCTCCATAATTATAAGACAAACATATCTTCCCGTCAGCTGCTGCTGCAATAATAGTATTACCGCCATAGGCAGAAGATATCCATAATCCTTTTGGCATATATACTGCGTCCCATGGTGCATATTTTATTTCTGCAGCTTTAAGATTTAGTGCATTATGAAGCCATGATATATCTATCTGTCCGTTAAAATCAGCAGGTTTTTCAGATAATATATCATTAAGAGAAAGTTTTCCTTTTTCCTGCACATAAACTGGGCTTGTTCTGTTTTCTGGTGTATTTTTAGACACTTCTACTGAAATATAAGCTGTATTATTCATTTACATAACCTTTACTGCTAGATATTTTTGCATAATGAAGTGCAGAATAAAGCCCATTTTCCACAGGTATATTTAAAGGACTGCATGCCCATTTTTTGCTTAAATCTGCATATTTTTTACACTCATCTGTTTTAGAAGATACTGCATTAATATATTTATTATAAATATTATCCATATTTAAGCGGACAGCCATATATTTTGCAGCCACTTTATTTTCTGCCTGCTCCATAAGGTCTGATATATTCACTTGTGCTTTATTAAAAGAAAACTCAGCTTCTTTTATTTTTGTATCAGTATCTTTCTGAAAAAGTGAAAGAGTTTCTTTATATTTTTTTGTTTCTTCCTGTATAGACTTTCTATATTCTTCTGCTTGATTTATAATTTTAATATATTCATTTTTTAAGTTTTCTATTTCCTGCATACTTTTTTTTATTTCTTTAAGCTCATTTAAAGAGTTTTCTGCTGTTTCATATATATTTATTAAATTCTCTGTTTTCTCTGCTACAATATCTTTTATATCATTTGTAACCATTTCTATATTGTCAGATACTGCCTTTAACTCTTGAATATTAAAAATACTGCCTAAATTAGTGTAGTGACTGCTGTTAAAAAGATGTGCTTTATCATCACTTACTAAGAAAAATGGTGATATTGCTTTTATTTTTCCATTATCATTTACCTGTATTTTTTGTGTATTCCACGAATATAGTTTCATATTTTCCTCCATTTTTAAAAAATGGTAGCATATATAAAAACAGGTATGTCTGATAAAAGCAAAAAAGTCCGTAAAGTCCAAAAAAATATGATTTTTTATAAATTGCAAAATAATACTTGACAAATCCCCCCCCCCGTATTTTTTAAACCATGCTC
CP097562.1_gap52	1926779	1928686	1907	GGCAACAGGTCTCAAGCAGCTCAGCTTATCAGAATAAATAGAAATACACTGCATAAAAAAATACAAACTTATGATATGGAAGAGTAATTGATGAAATATATAAAATTAATAATGATTATATTACTGCTTTTTCAGAGTATGTGTGTTTTTGCAGAAGATGAAAGAGTTATAATGGTGCTTGAAGTAAATAATATTGAAAAATCAACAGGAAATATTATGATACATTTATGCAGAAATCAGCAGGAGTTTTCAGGCAGTGTGCCTGTGGCGTATGCTTTTTTCTTCCCAGCAAAAAAGAATACTGTTACTGCAAAAATAAATATTCCTAAGGGGATGTATGCTGTAAAAGTTTTCCATGATGAAAATGAAAATAAAATACTTGATTTAAATGCAGCAAACCACCCAATAGAAAAATTTGGATTTTCTAATAATTTTTTTGGCTCATATTCAGAACTTCCACCTTATGATAAAGTGCTTATAAATATTGATAAGGCAGAAAATTTTGTAAGAATTAATTTAAGATAATAATATAATGATATAATTATACAAAAATTAAATTTTACTCTTGTATTATTTTATAAAAAGAGTATATTCAGACAAAAGAAGTCTTTTTAATAAGATTATGTGGAAGTGATAAAATGAGTGAAATACAAAATAACACAAGTTCTTCTCGTTTACAGTTTTTTCCTGTTATGATGTTTGCTGTTATAATGGGGTTTTCAGGTATTACACTGGCTTATAAAAAAGCAAGTGAAGTTTTTTTACTGCCTGAAATAATATATCAGATATTATCATATATTACTGCATGTATTGCTGTAATAATCACATTTATATATCTTTTGAAACTGATAAAATACCCAAATGAAGTAAGACAAGAAATAAAACATCCTGTAAGGGTCAATTTTTTTGCAGCAATATCTATTTCCATGCTTCTGATTTCTACTGTTTTCCATGAATATGAAAATATTGCATTACCTTTATTTATATTCGGAGCAGGTATGCAGACATTTTTTACATTTTATACTATTACATACTGGCTTAATAAAAATATTGAACTTGCTCACTCAAATCCAGCATGGTTTATTCCAGTTGTAGGCAATCTTATAGTGCCTATTGCAGGTGATGGGTTTGCTGATATTTATCTGCTTGATTTCTTTTTTTCTCTAGGTATTTTCTTTTGGATAATATTAACTGCTATCCTTTTTAACAGAATTATTTTTCATGGCATGCTTGCTCAAAAATTTTTGCCAACACTTGCAATATTTATTGCTCCCCCGTCTGTTGGAATGTTAAGTTACTTAAAATTACAGGGTGCTTATGATATGTTTGCAGTTATACTTTTTAATGTGGCTTTAACTTTTGGTTTAATACTTTTAGCATTAATAAAAAATTTCTATAAAATTAAATTTTTCATATCTTGGTGGGCATTTACTTTCCCAATGGCAGCATTAACTATGGCAATTATTACTGTATATGAAAAAACAAGTTTTGAATATTTAACATTTAAACTGCTTGGCTATGTTTCCCTGATTATGACATCTATTTTAATATTAATTGTATTGATAAGAACAATAATTGCAGTTAAAAATGGCGAAATATGTGTAAAAGAATAAAATAGGGTAATTTTAAAATCAGACTGTGGGATAAATCCAGATATTTTAAATATATTATACATCACTGTAATATAAATAATTTAGATTTTTCGCCTTTAAAAATCAGGCTCAAAATGACATAATTGTAATAGTTTTATTGTTTAGATTTGCCGCTGCAAAATGTCTATTCTGAGCATAGCGAAGAATCTAAAATATACAAACGACAATAATCATAAAAATAGTATGTATATTTATTGAAACTTATCCTATATATATTTTTCGCTTTGCTTAAAATGACAATATGTGAATTATTGT
CP097562.1_gap53	1931727	1934724	2997	TGCACATTTCAAGGCAACCCGCTTATTATTATTGATAGAAAAGCTGCTGATGATTACAAAATAGCAGTGATTGCTGAAAATATTAAAAAAATGGATTTGCGGGATATATATATAAGCCCTAAAATGCGAGAAGTTTTAGATAGTTTTGAATGATTAATATTTTTGGATAAATTCAGGTAAGTATTTAAAGTAAAAGTGAAAAAGGTGTTATATGTCTAGTGCATTTGCATTGATTGTGATAAGTGCAGTATTCCATGCAGCATGGAATTTATTAGTTAAGACATCAGCTGATAAAGTGGCTTATAATGTCCATATACAAGTAGCAACAGCTGTATTTATCACAAGTTATACAGTATTGTTTTTCCCAGAAGCTTTTTATTTTCATAAACCTACTTTTATATATGCACTGCTTTCATCATTCTTTTTTGCCCTTTATCAGCATTTTACAGCAATAAGCTATAAATATGCAGATGTATCATTAGTTTATCCAATCACTACTTCATCGCCTTTTTTTATTATGATTTGGGCATATTTTATTTTAGATGAGCATGTTACTCCATTTGGTATTCTTGGTATTGTGTTAGTGCTTGCTGGCTGTTATATAATGAATATAACAAAAGGCAAAGGCAATAAATCAGGTTTATATGGCATATTGACTGCTCTTCTTGCTGCTTTTTTATACTCGTTTGGTGCAATGGCAGATAAAATGGGGGTAGAATCAGTTAATACCCATCTATATATTATGCTTATGGCAGATTTTATGTCATTTTATTCTGTCCTATTTACAATAATAAGCCATCGTAAATCAGTAACACTTCATAGAAAAGTCAGTGTCCCTGTTCAGTGGAAATTAGTTATTCTTGGGGGGCTTGCAATGTCTGCATCTACTATTACATACAGATTAGGGCTTATTGACATGCAGATTTCGTATTCATCAGCTTTAAGACAGTTAAGCTCATTATTTGGTGTGCTAATGGGATTGTTTTTTTTGAAAGAATCTTACGGCTTGCAAAGAATAGTAGGAAGTATGGTAATTGTGGCAGGAATAATGCTTATTCGTTTAAATATGTAGTATACGGAGTATTATTTTTCATTACTACTTCGTTGTTTAAAAAAACAGCTCAGTCATTTACTATTATGCAAACTCCTGTCATAAAATTTTCTATTCGCCTTGTCTAACTTAAAAATCTTAAAACCTTGCTGTAATCATAACTTTCGCTGTTTTTATTTATATTTCATTTTATCACATAAATTTTTCATTTTGCTCAGAAATGAAAATAGATACTTTTTTGTAAAAAACTTAAATTAATTTTTATAAATTATTTTTCGCAGTGATGTTTCTGATAGATTATATTTTTTGCGAAGCTGGAATAAACTGACCCATTTTTAAAAAATGGTAGCATATATAAAAACATGTATGTCTGATAAAAGCAAAAAAGTCCGTAAAGTCCAAAAAAATATGATTTTTTATAAATTGTAAAATAATACTTGACAAATCCCCCCCCCCCGAATATAATGCCCCTATCTTTTTTTGTATAGGAGGATTTTATGAAAAAGTCTTTATTACTTATTTTAGCAAGTCTTTTTGCTGTTTTTTCACTTACTGCTTGTGCAGATGAAGACAAAAACGATACAGCGGGGGAAGTAAACGGTGGAACACCAGTAGTAAACCCAGCAAGTGAATATGTGGGAACTTACGATGTTACATTTTTTGCAACAAAACCTTATGATTCAAATAATCATGCAATGGATATGTTAGTAACTACAGGCAATATGTCAACAGATTGCACAATGGCAGATACCTTAGGTATTTTGAAAAAGGTAGATGGTCAAGCAAATGTTCAAGATGGTGAATGTGCCGCAGATGGTTCAAATGATGCTAAAATAATTGGTAAACAGGCAGTAATTAATTATAATGACGATGGTCTTGTTTTAGAAACAAAACTTCAAATGTGGAGTAGTGTTTTTTCATTTTCTCAAGATGATGTTTATCAATACACTAAATATACAGCTGTTCCATCTTCATCTGTTACATCTAATGCAATTAATAATGTTGCTAATCCTGTATTAGGGGTAAGCGGCAGAAATTTAACCACAAAAACATTAAATCCTAAATCTACTTTTAAAATAACTAAAAGAGATGATGGCACATTATATGTTGAATTAGAATTAATGGAGAAATCTGTATTAAACGGTCAATTAAAAGCTAATGCTCCTACTTATGTTATTTTAAAGAAAAAATTAGATAAACCTGAACCTGTTGACCCTAATACTCTTTTTACAACTACTTCAGGTAATGATACAGCTGATGGCATTTATGCAAAATTTAAACCAACACCAGATGAAGCAGCACAGTAATTGCATATGAACTTACCCAAAAATTTTGAACTAAGCCACTAAATAAATTTCTTTTTCCTGTAAAGGTGTAAGTCCATTAGCTTTTATTCTGTAATTATTATAGAAATCAATATATTTTTCAAGTTCATATTTAAACTGTTCTATATTTTTGAATTTGTTAATATAATGTAAGAGTATAAGACATATGTTACAAAAATAAGTATAACAAAATACCTCTTAGTATATAGTATAAAATTAAGCAAAAAACTAAACTAAACTAAGAGGTATAACAATGAATAAAGTGATAATAACAGAAGAAATGCGATTTCGTCAACGGTTATGTGAGTATGCATTAAAAAAAGGAGCAACGAAAGCAGCCCGCAAATATCAAGTGAACCGTATGTTTGTATACAGGCATTTAAAGAAATATGATGGAACAGTTCAGAGTTTATCTTTTAAAAGTCGTAGACCAAGAACCAGTCCAAATAAGCATAGTAAAGAAGAGCTTGATTTAATATTTAACACATATGCCGAGCATGGTTTGTATGGTAATGCGGAGGTATATGTCAGACTTCTAGAAATTGGTTATAATCGTAGTTTTGGCAGTATGTGTATGCAGATAAGGAAGAAAGGCTTAAAGTCATTAAACAAGTCAAAAAA
CP097562.1_gap54	2085368	2087250	1882	TGAATGAAACAGGTGTTGGCGGTTATAAAGAGATAATTGCTGCAATTCGTGGCAAATCTGTATACAGCAAGTTAAAATATGAAAGCGGCGGTCATCGTGTGCAGCGTATTCCAGATACAGAATCTTCCGGCAGAATACATACTTCTGCATGCACTGTTGCAGTTCTTCCTGAAGCAGATGATGTGGAAGTGCAGATTGAACCAAAAGATTTGCGTATTGATGTATACCGCTCAGGTGGTGCAGGTGGTCAGCATGTAAATACTACTGATTCAGCAGTTCGTATTACTCACCTGCCTACAAATATAGTGGTTACATGTCAGGATGAAAGAAGCCAGATAAAAAATAAAGAAAAGGCTATGAAGTTATTGAAGTCAAGACTTTTAGAAGAAGAAATCAGGAAAGCAGAAAATGAGCGTTCTGAAGAAAGAAGACTTCAGGTTGGCTCAGGAGACCGCTCTGAAAGAATAAGAACATATAACTTTCCACAAAACAGGCTTACAGACCACAGGATAAATTTAACAGTATACAGCCTTGATAAAGTTATGGAAGGCGAACTGGAAGATATTTTAGAAGCATTGGCATCTTATGATCAGGCTGAAAGATTAAAAAGTGCTGGATTATAATATTGATTGTCAAAAGCTTTATAAAAAGGGCAGAAAAATATAATCTGCCTGTTTCTCAAGTTTATGATTTAATATCCTTTATGCTTGGTATAGATTATTCTAAGGCAAAGTATGCTCATAATAAAGAAATAGATAATGAAAAGGCAGAATATGTATTATCGCTTCTTGAAAAAAGAGAGCCTGCTGCATATATAACAGGCAGGCGTGAGTTTTACGGCAGAGAGTTTATTATAAACCATAACACTCTTATACCGCGGGTAGAAACTGAGATATTAATTGAAGAAGTAATTAAAAGATACAGACGGGCAGAAAATATAGAGCTTATAGATATATGTTCTGGAAGCGGAGCAATAGGTTTAACTTTAATGCAGGAGCTTAATATATCTTTTTTAACACTTTTAGATATAGATGATAAAGCACTTGAAGTATCAAAACAAAATGCAGATAAATTTAATATTACAAAAAATATAGAATTTGTATGCAGTGATATATTAAACTATACTACTAAACAAAAATATGATATAGTAGTCTGCAATCCTCCATATATATCAGAAAATGAATATGATTTATTGCAGGAAGAAGTAAAAAAAGAGCCTTATCATGCCTTAGTTGCAGATGATAATGGGCTGATTTTTTATAAAAAAATATTGAGTAATTTTGAAAATTTGTGTAAAAGTAACGGAATAATATTTTTTGAAATAGGGGCATATCAGGCAGGCAGTATTTGTGATTATGCTGCTGAATGTAACCTTTATGCAGAGTGTGTGAAAGATTACATTAATAATGACAGAGTAATTGTAGTTAAAAACAGTAAAAGAGGTATTTAATGGAAAAACTGATTATAGAAAGCTGTCCAGCATTACATGGCGAGGTGGTAATAAGCGGTGCAAAAAATTCATCACTGCCTATTCTTGCTGCAACTATTTTAGCAGCAGGCAGATACCATATAAGCAATATTCCAGCTTTAAGAGATATAAACACAATGTTTAAACTTCTTAAAAATGCTGGTATAGAGTCCAGTTTTGAAAATAACAGTGCTGTTTTAATAAATAATGATACAGAAGATTTTGAAGCACCTTATGAGCTTGTGAAAACAATGCGTGCATCTATTTTAGTATTAGGTCCGCTGCTTGCAAAAAAAGGCAAAGCAAAAGTATCACTTCCCGGAGGATGTGCAATTGGAGAAAGACCAGTTGATTTGCATATTGCAGCTCTTGAAAAAATGGGTGCAAAAATAGAAGTAAAAGATGGTTATATAT
CP097562.1_gap55	2098772	2099888	1116	TAATATTTTATAAGCCTGCTTATGAAAATAAGCAGGCTTTTTGTATTATATAATTTCATAATTTTAAAATAACTTATTTCAGTATTTAAGGCGAAGTATCTTAATTTGTCCTTTATTAAAAAATTCATCCGTGAATTTTTTAAATCACGCTCTGCCGAAACAAGTTTGTATATCGCTCACTTTCAGACGGGACTTCCTGTCCCTACCTTAGTCATACTTAGCCTGTAAGGCGAAGTATCTAAATTTTACAGATTTTGTTTCACAGGCTATAAAATAAATCTACTTTCCTTTATGTATTGGCAGATTTAAGATAATTTGTGCGCCTTTTTCTCCATCATCTCTGTTTTTAACATTAAGTATGCCATTCATTTTCTTTTCTATAATTATTTGAGCCATATACATACCTATGCCTGTTCCTTGAGAGCCTTTAGTTGTATAGTGCATTTCAAATATTTTTCTTAAATCTTCTTCACTAAGACCTGAGCCGTTATCTGTAATGCTTAAAATAATTCTTTCATCATTATGAGTGTCTATTTTAATAGTAATTTGTCCTTTTAATTCAGGTTTTTTTTCTTTTCTTGATACAATGGAATCTTTGCCATTGACAATAATATTCATAATAACTTGTTTTAAATCATTAGTAACCCCAAAGACTTTTAAATTTTCAAACTGAGCAGGCATATCATATATGACTTCAATATTACTTTTTTTCAAAACAGGTGTTAAAAGAACCATAATAGATTTAACTGCCTGACTTACTTTGAATGGAACACTAATATCTTCTGATTTAAAGAAATTTTTAAAGTTTTCCATAGTTTCAGACATAAACATTACATGGTTCATAATGGACTGCATCATCTCTACTAACTCTTCTTTATCAAATTCATCATCTTCTTCTAAAATATCTTCAGTATTTTGTGCAATAAGTCCGATAGCATTTAGCGGCTGTTTCCACTGGTGAGTAATAAAACCAATCATAGTTCCTATTGTTGCAAGTTTTTGATACTGTGCCAATATTAACATATTTGATTCTAATGTGTTTTTTAAATAATCACTATATGATGATATTAAATTATTTGCTTCTTTTATACATCTTTGCTTTTCAATTGTTTCTGT
CP097562.1_gap56	2121057	2122331	1274	AAAAAAAGACCTTCGGCATGTAAAATGCCGAAGGTCTTGCCAATGATTTTCTAAATCAATGATAAAGCCAGTGTTATAAAAATAACACGAGATTGTTGACTTTATCCAAACAAATTTGGGCTACTCCCCTTCACATAAAAAAGGACAGCATTATATAAAATTAAAATACTATAATAAAAAGTGCTGCAATTATTTATTATATATTTAATAAAACTATTTATTTACAGTTTGTGCTTTGTTAAACTTCATAGTAAGGCGTGAAACTTTACGGGAAGCTTGTTTTTTATGGATAGCACCTTTGCGTGCAGTTTTATAAATAACACTTACAGCTTGTTTTAATAATGCTTCAGTATTATCAGCACCAGTTTCTAAAGCTTTCATATATTTTTTAATATATGTTTTCATAGCTGATTTATTAGATTTGTTAATCAGTCTTCTTTTTTCTGACTGACGAATACGCTTTAAAGCTGACAAAGTATGTGCCACTCTAACACCTCAAAAATTAATAATGATTATTGTAGACTAGAAAAATAGCAATATTTAAAAACTTTGTCAAGCAAATATTATAAAAAAGTAAAGATTTTTATTATTCATTGACAACACACAATATTATGCTAAAATACTATATCATTAATAGAGCATATTTTTTTAGTTAAGAATATGGGTTGTATGAAAAATGTCTTTTTAGTTTTTTTATTTTAATTACCCAGCTTTATTTTGATGAGTATGGCATTAGTTTTGCCAGAATAAATGCTTGTATTCATAGGTTTAGAAAAAATAAATGCAATAAATTATAAGGGAGGTAGGAATATGATTTATTCTACTGAAGTAGAGCATATGTGTCCAATAGCAAAAGGTGCATATCATGGTCCTGCACCAATACCACAGGAAGGTAAATGGGTTCAGGCAAAAGAAATTAAAGATATAAGCGGGCTTACTCACGGAGTAGGCTGGTGTGCTCCACAGCAGGGAGCATGCAAATTAACATTAAATGTTAAAGACGGTATTATTGAAGAAGCACTTGTTGAAACATTAGGCTGTTCAGGTATGACACATTCTGCTGCTATGGCATCAGAAATTCTTCCGGGTAAAACAATTTTAGAAGCATTAAATACAGATTTAGTCTGTGATGCTATCAATGTTGCTATGCGTGAACTTTTCTTACAAATAGTATACGGCAGGTCTCAGACTGCATTTTCAGAAGGTGGTCTGCCAATAGGTGCCAGTTTAGAAGATTTAGGTAAAGGTTTAAGAAGTCAGGTTGGCACAATGTT
CP097562.1_gap57	2123940	2125098	1158	ATTGATTTCCCTATTTTTTCATCAAATAATATATTTTTAGTAGGTATTTGTATGTTATCATTAAGCCCGAAAGCGATTTCACCTGCAAAGCGTGAGCCTTCATCCATATCAAGCATTTTATGTAAGAAATCCTGTCCTTTTTCAGCACGAGCTTCTACAACCTTTCCTTTTTCAAACCTTAAAAAAACATTTTTTGCTTCTACACCATTATAAGTTGTAGGTATATCAAATAAAATAGTGCCTTCTGCACTGTCTTCTACTGGGCTTGTAAATACTTCCCCGTCTGGCATATTTCTATAACCGCAGCAGTTTTCCCATTTTCTACCTGTTACATTTAATTTTAAATTAGTATCTTGTCCTTTAATATGCAGCCATTTAGTGCCATTCATCCTTTCTGCTATTGCTTCCTGCTCCGCTTCTACTTTTTTCCATGCAGCTATTGGGTCATCTTCATTTAATTTACATGCTTCATAAACAAATGCTGTATATTCATCAAGAGACATTTCAGCATCCTGAGCCATAGACTGATTAGGATATGGGCATAATGACCAGCGGAATTTGCCTTCTAATTCTCGTTTATTCATAATTTCTCTGACTGGAAGAGCAGTTTTACGCATTAATGCTATTTTGCTGTGGTCTGCATTAGTAAGAGATTTTGTATTGATAGTAGAATCAATATAAATATAAGCTGTCATAATTTCAGCCTGTTTTATATCAAATTCAGGCAGATAAGTAAGCTGTTCATAGCTTGCATATTTTGCCATATATTCTTGACTTTCAGGTATAAAAAGCCTTAAAAATGGATATGCACCAAGTTTTATAATTTCTTTATACATAGCTTTTATAAGTGGTTCTGCTGATGTTTCTGCTTTTATTTGCACCACATCCCCTTTTTTTAATTTAAGAGAATGGTGGGTAATAAGTTGTGCTAATTTCTCTTCATAAGATATATACTGCATAAAATCTCCTTAGTGTGTTTTAATTTTGTAAGATTATGAGACATATGTTACAAAAATAAGTATAAAAAAATACCTCTTAGTATATAGTATAAAATTAAGCAAAAAACTAAACTAAACTAAGAGGTATCACAATGAATAAAGTGATAATAACAGAAGAAATGCGATTTCGTCAACGGTTATGTGAGTATGCATTAAAAAA
CP097562.1_gap58	2133556	2137306	3750	AAACAGGGTTTAAAAATGTTGCTATTATTTTTTCAGGTATGAATGTAAATAATGCAAATACAAATAAGCCAATAAATATTACAGAAATTCGTGAAAGAGATATTATTTTTTGTATTCTTGTATATTTTAAAGCACCAAAGTTAATAGATATTAATGGCACAAGGGAATCGCCTACTGCATAGCAGAGCATATTTGCAGCCCATAGAGCATAGTTTATAACAGTAAATGCTTCTACACCATAAGTGCCAAGTCTTTGCACCATTATATTATTAAATAAATAAGCAACAACAGCAACAGAAGCTTCACTTAAAAGTTCAGAAGAGCCGTTATAAGATGCATATATTATTTCTTTCCATTTTCCTATTCTGCATGTTAAATACAGCCTGCCTTTTTTAAAGAAAAAGTGTAATAATATTAAAAATGTAGAAGCCATAAATGACAAGCCTGTGCCAAGTGCTGCTCCAGATATTCCCATATTCATATGGACTATAAAAATATAATCAAGTATAAAGTTTAATACTGCACCAAATAATACAGCAGTAGAAGCAAGATATGGATTTCCGTCAGTTCTTATCATTACAGATAGGCAATATTCTAAAGACTGAAATAAGAAGAAAATAGATACCATTTTAAGATATGGCACAGCATATACCATAATCTCATCATTAGCACCTAAAAGTCTTGAAACATTTTCACTAAATATAAAACAATAAGCAGTAAAAAATAATGACATTACAGTTATAGTGATTATAACTTTTGTAAAGACAGCTGCTGCTTTATATTCTTTTCTTTCTCCAAGATATTTGCCTATAAGCACTGCTACTCCAATAGTCAGCATAATGGATATACCAAAAACTACTGTTATAAGCGGTATTATAATATTGACAGCAGCAAGGGCCACACTGCTTACATATCTGCTTACAAAATATCCGTCCACCAGTGAAACAGAGCTCATGGCAATAAGCCCTATCATATTTGGAAAAGTAAATTTAAAATAAGTTTTATATATACTGCCAGAAACTATTTCTAATTCATCATATTTCATAATATTATCTTTTTAATAAAAATTTTCTGCTAAGCATAAACAATGTTAAAGCAGCAGCAAAAGTTAATAATTCACTTACTGGAATAACTGTGTAGATACCTGTTTTGCCAAAATATAAAGGCAGTATTAAAAGCATGGAGCATGGCAGTATCAGCGACCTTAATGTAGCAATTATGGCAGATTCTTTTGGTCGCAGCATTGCAGTAAAGTATGATGAAAACACCATATTTACTCCGCTTAGAAAAAATGCCCATTTAATTATACTCATAAACTCAACAGCCATATTAAAAGCAGCAGATGAAGTATTTTTAATAAATAAAGCAGTAAGAGTGTCTCCAAAAAAACTGATTAAGAAAAATATAAATATTCCATTAGATATTGTAAATATCAGCCCTGTTATTAAGAAGTTTTTAATACGGTTAAATTTACCAGCACCGTAGTTTGTGGAAATAAGTGGGTTAAGAGAGTCTGCTGCTGCATAGTTTACCATATTTCCAAGCCATAAAATATAATTAATAGCAGTAAATGCTGCAACACCTTCTTCTTTTGCATATTTCATCATTATAATATTAAATAAAGCCATAGTAACCCCAACAGATATTTCATTCAAAAATTCTGATAATCCATTAAAGCTTGATTTTAATATTTCAGAGAAATTATTTAGTTTTAATGATATTCTTAACACACCTTTTTTCATTGCAAAATGTATGAAAAGAATGATAAAACCTGCTAAAAATGATATACCTGTTGCATAAGCTGCCCCTGCTACTCCCATATTAAAAACTGCAATAAATAATGCATCTAATACTATATTAATTACTGCTCCAGTAATGAGAGCAAAAGATGCGGTATATGGGAAACCATCCACCCTTGCAAAAACTGATAAACCATAGCCTATTGTAGTAAACATTACAAAGGGGATTACTATTTTGATATATAAAACACTAATAGGTGTTGTTTTATCACTGCCGCCAATTAAATATATTATTTCTTCTGTAAATATAAGAATAATAATAGAGATTATAATAGTAATAACGGCAACTGTAATAATAGATTTTGTAAATATCTGGCATGCTTTTTCAGTATTTTTTTCACCAAGATATTTGCCTGTTGAAACAGCACCACCTACCATTACCATCATGGCAAGACCCCATATAAAGCTGAATACAGGATATGAAATATTAACTGCTGCAAGAGATAACTCCCCAGCATAATTTCCAATAAATATACCATCAACAATACCTGCTGATGACATAAGTATAAAACTTAATATATTTGGCAGGGCAAATTTATAAAACAGCCCTGTTTCATTTAAAGATGTAATATCTGACTGATTAATGTTCATAAAATAATCCTAAAATAACAGCATAAAATACATAAATGCATATTTTACTGCAAAAATATTTAAAAATTTGAAAAATTATAAAAAAATATGTGCTGAAAATAATATTCAGATACAAAGTGGTGGTTTAATGAAAAACCTGTCAAAAGAGAGTTTGTTAGAAAATGCATATTGCGGATATAAGTTCATATTCTAATCCCAGTCTTTAAGCATAACACATTTGTAACATGATGTCAAAGGAAAAAATAAATTGAAAAAATCTATCTTTATTTGTTGACATATAAGTAATATACCGCTATCTTCTATTTCAAGTAGTTATGTTTTAAGTAACTGTATTATAGTATGAAGGGTTAAGATTATGGACTTTCAAAGTTTTTCAGATAAAATAGCAGGTCTTGATTACAGCAGGTTAGAGCAGGAAGCTCTCTTATGCAGAGGCGATATTCTTACAATGACAACACTTGCTGCAAGCGGTCATCCTGGCGGCTCTATGTCAACTATTGATGTTCTTTTAACAGTTTACAATATTGCAAATGTTAACCGTAATAATCTTCATGATTTAAACAGGGACAGAATTTTTGTTTCTCATGGTCATATTTCTCCTGCTGTTTATTCATGTCTTGCTAAAAAAGGTATTTTACCGCAGGATGAGTATATTGCATATTTTAGAAAAGCAGGCAGTATGTATGAAGGTCATATTGAACGCTCTATTCCCGGTGTTGAATGGACAACAGGTAATCTTGGGCAGGGGCTTTCTGCTGCATGCGGAGCTGCTGTTGCTGGCAAAGTTAATGGCAATGAGTTTGATATTTATGTCTTTATGGGTGATGGAGAGCATGAAAAAGGTCAGATTACAGAAGCAAGACGATTTGCAGTTAAATATAACCTTTCAAATATTACAGTAATTGTTGATTATAATGCATTGCAGATTTCTGGAGATATTTCTAATGTAATGCCTTCTATGAATATTGCAGAAAGCTATAAATCTGATGGATGGGAAGTTCTGCATATAGACGGTCATAATTTTAAAGAAATAGCTGGTGCTTTATTAAAAGCAAAATCATGCAGCAGACCAGTATGTATAATTGCAGAAACTTCTATGGGAAGCGGTGTATCATTTATGGAGCATAAAGCATGTTTTCATGGTGCTCCACTTTCAGAAGAGCAGTATTATGAAGCTGTGAAAGAGCTGAAATTAGAGCCATCGCTTGAAAAATATAAAGAAATGCGTAAAGGCTTTATGTGGGCAGCTCCACATATAAAAGCAGAAAATCCTAAAATAAATATTAATCAAGGCAGCCGCATTATATATAATGCTGATGTTAAAACTGATAACAGAAGTGCATTTGGTGCTGCTTTATTA
CP097562.1_gap59	2140777	2142121	1344	ACCTATAATAAAAATAACATCAGGTTTCATATTGTTAATAATTTGGACTTCTTTACTAAGTCTTTTTGGGCTCATATCTGCCCCAATATGTAAGTCAGAAAGTGCGGCAATAGTTATATTTTCTTTCAATTCTTTTTTTAGAGTTACAGTATATGCTGTAATTTTTGTATTATGACTATTTATATAGCCGTATATTATAGTAACTAATGTAAGCACAAGGACAATAATCATCTGCACTTTATGGCTTAAAAATGGAGTATGCAGCAGTTTGAAAATAAGCCTGATAATATCTGTTGCTGCAAGATAGATAAAAAGATAGTTAGTAAAAGCAAGTATTAAATGTGTTGCAAAGATAATGCTGTTTGGAATATGTATGCCAAATGTTTTAACTAAAATTCTTGCGATTAAAAAAGTGCTGAATAATATTAAAAAAATAAAAATAATAAGCCACATATTATACTTTTTAAAAAATGCCTGATAGAGCCTGAATGCAATATATGAGCCAAAAACAATATTTTGAAGTATAATTAATAAAATGATACCCATACTTTCTCCAAGTTTTACTCTATATTACTGCTGTATCCACTATCTTTATTTGTTTGTTACATTAATCAGCACTATTTCTGAATTAGTGCCTACTCTGAAAGGCGGTCCCCATAAACCAAGTCCGCTTGTAACCAAAAAGTGAAATCCATCATATTTTTTCATACCATAAGATACTTCATACATTTTTTTTACAATAAGATTTACAGGAAAAAACTGTCCATCATGAGTATGACCAGAGATTTGTATATCTGCATTTATTTTTATGCCATCTTGTGGTGATTTTGGTATATGGTCAACTATTATGACAGGCTTTGTTTTATCATCTATTTTGCTGTATAAAATTTCAATATCTGTTCTTTCATTATTAGATGAGCTGCTGTGACGCAGACTGTCTCTGCCTATAATATAAACTTCCTTTTCTGGAATATATGCAATATCATCAATTAAGGTTGTAAACCCTGCTTTATTAAAAACTGATAAGACATCTTTTTGACTGCCACTGTAATACTCATGGTTGCCAAATACTGCATATATTCCAAATGGTGCTTCAATTTTTTTAAACTGTTCAATATATTCTTCTGTAAAATCATTTATATTATTATCTATAATATCTCCAGCAATTAAAACAAAATCAGGCTTTAAATTATTTATAATTTGTATTTTTTTATAAAGCCTTTCCGCAGTCATATCAGAGCCTATGTGAATATCTGATAATGCCGCAATAGTAAATGGTGTATGTATTGTTTTATTTAATGCAATATTATATTCATTAACTTTTGTAAGATGGCTGTTTATGAA
CP097562.1_gap60	2166905	2168271	1366	CCAGCCCTTATGATAATCTAGATATTATGCTTTATGAAGCAGCCATTCAAGGTGATTTTGAAAGTGTCCGCAGGTATATTGATATGGGAGCAAATATAAATAGTGTAGACAGCAGCGGAAGCACCATAGTTTATAGGATGAGCCTTTTAAAAAATGTATCTATGGACCAGATGAACTGCTTCAATTATCTTTTGTTAAAAGGAGCTGATGTAAATAAGGAAAACTATAACGGCTATACTCCATTAACTGCTCATTTTTCATCAAATCTTTTCAATAAGGAATTTTTAGACAGGCTTATACAAAATAATGTAGAAATCAATAACCCTGATTTTGACGGCGATACTCCGCTTCATTTTGCAGTTATGAATAATAATATAGAAGCTGTAGAATATTTATTAGAAAATGGTGCTAATGCCAATGTAAAAAATAAAGATGGCATTACACCTTTACACATTGCAGTAAAAGAAAAAAATTATGATATTACTGCCAGATTACTAGATGCAGGAGCAGATAGAAACACAAAAGATATTGACGGCATAAGTGCCTTAGATATTGTTAAAGCCAGTAATGATGTAGATTTATTTAAACTTTTCAGCATTACTCAGGAAGATATTAAAAAAGATAAACTGCAGGCAGAGCTGCAGCAGGCACTTATTAATAATATATCTAAACCAGCAGTAAAGGCTGTGAAAGAAAATATAGATAAAGGATTTTATAACAGACCAGTAAAGCAGGATAAGGGTGCATCATCTATTGATGGTAAATTTGTTGGCGAAAATCCAACTCCATTAATAGCGGCTTTATATTTTGGTTATAATGATATTGCAAAAGCTCTTATAAATATAGGGGCAGATGTAAATAAACCTAATGATTATCCTTTTTATTCTCCATTAATGGTAGCAGCAGAAAGCAGTAATAAAGAAATGGTTAATCTGCTGTTAAATAAAGGTGCAGATGTAAATTATCAATCTAAAATGGATGGTATAACTGCATTAAATGTGACAAATAGTGCAGAAATTGCAGAAATTATATTAAAAGCAAAGGCAGACCCTGATATATCATCAAATGCAGCATGTCGTTCTGCACTGCAAATGGCTGTTATTAATAATAATTATGATTTGGCAGAAATACTTTTAAAGTATGGAGCAGATGTAAACCATGTAGACTGTAGTGAATATAAACCAGTTATTGCAAATGCAATAGATACTGGCAACCCTGCAATAGTCAGACTTCTTTTAAATTATAATGCTGGAGTAAATACTGAAGTAGGCGAAGATTTATCAACCAAAGTGATAGATTATGCAAAACAGAAAGGAAATAAAATGATTATAGATATGATTAATGAAAAACTGCAGCAGTCAATATC
CP097562.1_gap61	2172373	2174296	1923	TAATGGAAATATTGTTCCAATAGATGTAATTGCAGACAAAGTTGTTTTTATGCTGCATTTAGAATATTTTGCAGATATTTCATCTGATGATGTTTTTTCAAAAGCATTTAGTAATAACAGGTATGACAGGCGAAGTGATATAAAAGACAGTTTAGAGTTACTAGAAGAAGGATATAATAATTCCTTTTGGGAGCAGGCTGCAAAATGAGAAAATTATTAATAGTGTTATTTACATTAATATCTTTTAATGTATATGCTTCTCCCTATGCAAACCCATGGCTTTATGATAAAATGCTTGATTTTATACAAAACCCTGCAGCATATAAGGATAATTTTACAAATGGTATAATACAGGATAGAAACCCTGATATAATTGTTGGTGCATTTATAGAAAATGCTTACTCTGTATATGAAAAAGAAGAAGAATTTACAAGTGAATTAAAATCATGTGGTGATAACTGCTATCAGGATAACAGCTCAAAAGATATACTGCAGTCATACCATAAGTTTTTTTATGTATCTGCGATAGTGCTGCCAGTTTCTGAAATATTAATACAAAACCCAGCAGCAGGTGAAAATATATCATATTATATACAAAATAAACTTGTAAGCTATACATGGGAAAATGAAAACTATTTAGTTATAACTATAAATAAAGATAAACTGGAATTTAAAAAACAAAAAAACAGTATTGTAATAACTACAACAATGCAGGTTTTAAAAAATTACATACTAAACTAATTAGATTAAGCTTGGTGAACTATGAAATACAGATATATATTATTAAACATAGTTTTTATATTATTTTATTCATTAAGTGTTTTTGCATATAATGAGCAGGATATTGATTTATATAATCACTCAAACCAGCATGGTGTTATTTTTCATGCAGAAGATAAAAGAGCATATTATGATAATATAACTTATGATGTAATAAGCTATGGCAAATGTAATAAAGAGCAGTATAAGATTATAAGAAATACCGCAAAAAAACTAAAAGATAAAGAACAGCCTTTCTGGATATATAAATACTGCATTAGAGCAGAATATAAATATAATACAGAAAGCATTATAAAAGCCTATAACAGCTACAGGTTTGATTTAAATAAAAGACTGCTTGAAAGCAAAGATTATAAAGTTATTGATAATATTGTGTCATACCTGCCTGTAAACTTAAAAAAAGGCAGCAATTATCTTTACTATCTAGGAATGAGAAATAATATTATTGAGTGGAGTGAAGATAATAATGTAATGCAAATAACACTTCCAATAATGTTTAGTGGTTTAATAACAACAATGAGTTTAGAAGAAGATAACAGTATATTAGTAAAAGAAATCTTTGTATATGAAAGACCAAATGAAATGCTGCCAAAGGATGAGTATAAAGATTTATTCATCAAATAACAGCTGAACTTTTCCAAAAAACTTAGAATATAGTCATTTAGAGCCTGATTTTTACAGGCGAAAAATCTATATTATATATTGCAATAGTGCAGAATATATTTAAATTATCTATATTTTCTCATGACTTAAAAGACATTACGGACATGCCATATTTTTCCTGCTGTTATAAGTATATAACATTATTAAATAACATATGAGGCAAAAATGGATAAAATATATATCAGTATTATATCTACACTTATAATAATTATCATATCAATTTCTATTTATATATTAATAAAAACTGGATTTTATAACAGTATAATTAAAGAATTGCAGTCAGAAAATAAATATCTGCTTTCTCAAATAAGCAGTGCTGAAAGTTTGATTGACTTTCAAAATGCTAAAATAAATAACTATGCAGTTAATATGAAAAAAGTAGAAGAAAAATATATGCAGGATATAGCTTATATTAACAAAAAATATAATGCATTGCAGGAAAAATACAAAAATGCAGGTAATGTAGAATGTTTAGGTATG
CP097562.1_gap62	2305408	2306671	1263	TTCAACATCAAATGAATCAAATGATGAAGCTGCTGATTTTATAGTAGATAATATAAATTTAATTGATTTGGAAAATCAGTTGAACACAAAAAAATCTAAAGAGAATATATATAATAAAGTGATACATATCTCATCAATAGACTATATAAAGTTATGGCATAAAATTCAGTTTCAAAATGATATATTAGTCAAATTTATGTATCAACCAAGATATGTAATAGAAGTAACAAGATATAAAGAAGTGTATAATGATGATTTATTGGATAATTATATTAAAAAACGCTTTGGAGCAACATATGGAGTATTTGCAGTTTATGTATATATTAATGGAGAAAAGTTTTTATTTGACAGTATAATAGATGTTTATAATAATTATGCAGTGCATCATAATGAACAAATAGATGCATATAATGAAGAAATTATGAAAAAATATCCACAAGATTATACAAGTAAATTAAAACCCAATTCATTAAAAAAGACTGTTATCAAAGATAAAAAAGTAAGTAAAAGTATTATAGGTATTATAGAAGACTATATTAAAGATATGAGTAATCATGTATTTATAAAATCTGATATGCGTAAAAAAAATTTACAAGATAACAACAGTTATGCTTTATTAACATACGGAGGCTACACAATGGAGCCATCTGGACCAGATACTATAACAGAGGAGGTAAAACGCAGAATACCAGAAGGGCATTATAAGGGAATTTTTCATTATAGTGAACCTCCATACAAGAAAAATACCTTGAACTTATATAACGATACCGTTCATTCCAGCAGATATATTTTACTTCATGCCGGAGGCCGTTATATTGAGTTTACTACAGGATGTGTTCTTATATCAAGAGAATCATATGAAACGGGAAATAACTATACAAGTAAGGATTTAAGAGGAGATATTGAATACGAAACTCCAACAATGAATATACTAAAATCATTAGATATTTTATACACAGCGATTTATGAGCATCATGTCAGCAATGGGCAGAATCTTCACTATGAAACAGATTTATCAAAATATATTTCATGTGTTATAAGAAATAAAATAAACAGGGGGTAAGACCATGGTTACTTTTTATGAAGAATATAAGGGATACTATGTTATTTCCATAACCGATGACGATGAAGAAGGGTTTCCAAAAGACTTTAATATTACCCTTCCTAATAGATATAATGGTTTACCGAGTGTTATTTCCTATGGGTATGTTGATTTAAAGAAAAGTGAAGATATAGGTAAAAATACTTATTATGAAGAAATAA
CP097562.1_gap63	2346583	2347083	500	GACCCGCAAAGTTCTATGAACCACCAGTATACTGTATATGATGTAATAAAAGAGCCTGTTGAAAATTATTACAGTTATGCAAAAGATGAAATGAAAAATATTGTTCTTAAATTACTTTCTGCAGTAAGACTTAGTGAAGATAAACTTTATAAAAATATAATGCATTTAAGCGGCGGTGAACAGCAGAGAGTAGCTGTTGCAAGAGCATTATCTGTCCAGCCTAAGTTATTAATACTTGATGAAGCATTAAGCAGCCTTGATATGATAATTCAAGCAGAAATAATTAAACTGCTGGAAGAATTAAAGGAAAAATATAAGCTTTCATATCTTGTAATATCTCATGATATAAGAATAATCTTAAAACTGTGTGATGATATTATTTTTTTAGAAAACGGTATAATAAAAGATAAGTTTTCAATAGAGCAGGGGATAAATAATCCAAGTGAAAGCTTTAAAAATATGATGATAGTATAAATTAGCCCCTAATGTCATATAGATTG
