gap_id	start	end	length	sequence
CP098240.1_gap1	11106	14903	3797	CTCAAAAAAAGAAAAATATCTTAAACAAATAGTCGAAAATTTCATAAAAACCGGTGAATCTATCGGTTCTCTTAACTTAAAACAAAGTTATGGTATCAAAAAATCACCTTCATATCTTCGGGCAATTATGAATCAACTTGAAAAGGAAGGATTCTTAGAAAAATCTCATAGTTCAAGTGGCAGAATCCCGACTTTACAAGGTTTTCAATATTATGCGGAATTTTTATCTTTTGACGAAAATGAAAATTTAGCAAACAAATTAAAAGATTTATTCGCCCGTCGCCGCATAAATATTGAAAACACAATTTCTGAAGCCGTTAAATTAATTTCTGAATCGGTTGGTACTACCCTAATTGCAACAACAAATAACGAAAATGAACGATTAATGTCAATAAATTTAACGCAAATTTCCCAAAATGAAGGAATTATTGTTGTTGTTAGTTCCAGTGGTAATGTGAAAAATAAAAAAATAACTTTTTCTGAACAGATTCCAAGACAAGATGTTAAAATTGCTATTAGACTTTTCCAGGAAAGATTAATAAATACACCTTTGCTTGAAATTTCTTCAAAATTAGCTATTTTAAAACAGGAATTAGAGAAACAAATTAAACACAGCGATGAACTTTTGCATCATTTTATGGAGAAAATTTTTAATTTTCAAGCCCAAAATAAGTCTAATATCTACAATAAAAATTCGCTGATTTTGGACAAGGAGATTTCGCGGGCCAAACTTGTTGATTTACTTTATATAATTGAAAAAAAATCAATTTGAGAAATGCTTGAAGATCGAACAACAAAAGACGATGATACCCTAAAAATCAGTATAAAGTCCCCAGAAGTTTCATTTATTTCGAAAAAATTTGAAAAATTTTTACCAATTAAGGAAATCAGTATGGTTGGGGCAGCTAAAAAAATTAATTATTCGGCCGCTCGAACAGGTATAAAACTTTTGGAAGATTTTTTTATCAAACAAAAGCAAGATTAGAAAGGGATAAAAATGGTATTTGGTGATAAAAAACTACAAGAATTTGAAAATAATTTGCAAAATTTGTCTTCTGATAATGATTTAGAAGACAAAAAAGTTATAAATCCTGATGAAAAACAAGAGCTCGAAATAGATAAAGAAGTAGAAAAAACTGAGAAAACTGAGAAAAAAACTCGTAGATTTTTGAAAAAAGAAGCAAAATTAAAAGACCTTGAAAATCAAATTCAAAATTTAACCACTAGAAATATAACTCTCGAAATCGAAGCAATTAAGTTAAAAGATAAGATCAAAAAGTTAGAGGAAGATTTTAAATCTCAGGTTAAAACTTTTGAAGAAAAAGCAACACAAAGAGTCAAAGAATTAAAACTTGATTTACAAAAAAAGCTCGAAAATGAGCAGGATTTACTTAAAAAATACAGTTTACAACCATTTTTTGAGGATTTTAGCTCGCCTTTTTTAAACCTAAAAAAAGCTATTTCTTATGGTTTAATCTCTCAAAATCCCGAAATTTCCGCGTATGTAAAAGGTTTTGAAATGCTTGTAAATCAAATTGAAAATGTAATGGAAAATTTCGGTTTAGTCAAAATATATCCTAAAATAGGTGATTTTTTTGACTCATCAGTCCATGAAATTTATGAAATAAAAACAGGGGAAAATGATAAAATCCTTGAAGTTGTTTCAGAAGGTTATAAATTACACGACCGAATTGTGAAAACAGCGCTTGTTGTAGTTGGAAAACCTAATGAAGAAAAAAATTAGCCAGGCAATAATTAAATTTTTTAAAAATGAAAATTTAATTATTGATGAAAGTAAACTAATTATTGAAAAGTCAAAAAATTTTGGTGATTATAGCTCTAATGTGGCGCTAATGTTTGCTAAACAGAACAAAATTGACTCCCTAAAATTAGCGCAAACGATTAAAAATCAACTACTTTCAGAAAATTTAAATTTAGAAAAAATAGAAATCGCTCCCCCCGGCTTTATTAATTTTTTTATTTCCAAAAATGAATATGCAAATATAGTTTCAGAAATTATTCAAAAAGGTGAAAATTTTGGCCGTTATTCCTTACAGAAAAAAATAAACCTTGAATTTGTTTCGGCAAACCCGACAGGTTTTTTACATCTTGGTCATCTTCGAGGCGCAGTTATTGGTGATATTTTAGCGAATATCCTTGAATTTAGCGGCAATTTTGTATTTCGAGAGTATTATATTAATGACTTTGGTAGTCAAATTGATCGCTTGGTGAGCTCAGTTTTTTCCCGATATCAACAGATTTTTAAAAAATTTGCCCTTCCTGAAGAAGCTTATCTTGGCGAGGATATAATTTGGTGTGCGCAGAAATTTTTTCAAATTTATGCAAATAAATTTGAAAATTCATCACTTGACGATTTAGAAACTTATAAAATTTTCCGTGAAAAATCTATTGAGATTTTTCTTGACGAAATTAAAGCTGATTTGGCAAATTTATCTATAAAATTCGATGTTTTTAGCTCAGAAAGTGAACTTTTTAGGACTGAGAAAGTTCAAAAAAATTTGGCAAATTTACCTTTTGTTTATAAAAAAGAAGAGGCAATTTGGCTTAAAACTTCCAAATTTGGTGATCAAAAAGACCGTGTTTTAGTTAAAAAAAACGGAGAATTTACTTATTTTTCAAGTGATATTGCATACCATTTTGAAAAAATTAATAGTAATTTTAAGCCGGATTTTTTGATAAATATTTGGGGGGCAGACCACATTGGTTATGTTGATAGAATGAAAGCGGCCCTAAAAACTGTTAATTTAAATCAAAAATTAGATATTTTACTATATCAATTAGTAAAATTATTCAAAAATGGCCAAGAATTTAAGATGTCCAAACGAATGGGGAAGACTTTTACGATTAAAGATTTACTCGAACTTGTTGATCAAGATGCAATCCGTTATTTTATTAGTGAAAGAAGTTATAACTCACTTGTCGAATTTGATATCGGCCTAGCGGCTAAAATAAGCCTGCAAAATCCGTTGTTTTTAATTCAATATGCCCATGCAAGGGCCTCGAAATTGCTGGCAAATTCGACAATAGTTCCAGAAAAAATATTAAAATTTGAAGCTGAAAACGAGACTATTTTGATTTCAAAATTAAAACAATTTGAAGAAATTGTTTTAAAAATTACAAAAAATTATAAAATTAACCTCTTAAACAAATATTTGCTTGAATTAGCTAATCTTTTTAACTCATTTTATTCTAATTCAAAAATAATTGGTAATCAAAATCAAAATAGTCTCTTATCCCTGACAAAAGCAGTTCAAATAGTACTAAAAAATGGACTAAAATTACTTGGGATTAAAGCCAAAGAAAGGATATAAAAACGTGAAAACAATCATTTCGATTGCAATTGATTTTCTAAAAAATCGTGAATCCGCTCATTTTAGCGACATTTTTTTAGAAGTTCAAACTTCTTTGATGTCAAAATGAGAAAATCAACTGCCTAATTTATCAACAGATAAAATTTTAACACTAAAACGGGGCGAATTATACAAATTACTATCAATTGATGGTAATTTTGTCCCACTCGGCGATAATTATTGAACACTTAGATCAGATCTTAACGCTTAGTTTTTTTTTTTTTTTTTTTTTAAAGTTTTTGACTGCAAAAAAAAAAAAAAAAAAAGTATCGAAAGGGAAAAATGCAACTAGTAAATACTAAAGAAATGTTGAAAAAAGCACTGAAAAATAACTACGCAATTCCACATATTAACATTAACAATCTCGAATGAACAAAAGCGGCACTTTTAGCGGCCCAAGCAAAAAAATCACCTTTAATTATTGGC
CP098240.1_gap2	17130	18845	1715	ATTTTAGTAGTCTAGGTTTTTCTAGCAATGCTGAACAAATTTATTTATATTTATTATCATCCGGTTACTAGAATGAAAGCAACTTTACTACTTTTTAGACTATTATTTTTAAAGCCCCTTTTTCTTTTTATCTGTTTTCTTTTACTTATTTTTTTCTTAGTGACCCTATTTTTACAACTAATACTTATTGATAAACTATTTATTCTGAGAATTTTAATGTTTAGTTCGATATTTTTTCTTGCATTTTTTATTATTTTAAGGTATATTTGGTTTATTTTAAGATATAAAAAAGAAGGACTTAATTTATCAAATGCTGAACTTGCAACAAAATATCCGAAATTTTACAGAATACAAAATGAAAAAGACTATCTAAAACACGTCCCAATTTTAATTAGCGGGTATTTAATTTGATTGCAAAATAAGTTGATGACTGTTGCAGATAAATTTGATAATTACGAAGGAGATCTAGAAGAAAAAAATAATTTTTTATATAAAATCCACTTAAAATATTATATTTTTGAATTATTTTTGACCTTAGTTATTATTTTATCATCTACTTTTTTGTTTGCTATTTTTATTACTTCAATTTTCATCTCTAAAAGTAATGATTTGCCATTAATTAAAAACATTATTTTTATACCGATTGCTTTTTTTGGGTTGGGCATCTTATTATTTTTATCAACCTTTTTAATAAAGTACTCGCGGACAAATTTAGTTTTTCTTTCGGAAAACTTATTGTCTAATTCGATTGAAAAGTGCAAAAATTATTATAAAAAAACTTTTTTTCAATTTTATTTTCCAAAAAAAGGTAAGCATAAAAATTTTAATTAATTTTTTTTTGAAAAAGTATTTTATATATAACCTCATTTTTTATTAAGGAACCAAAAACTTAAATTTCCAATATGTTTGAATTTAAGTTTTTTACAAGTCACTAGTAAACCTATATAAAATATTATTAGGGCTAAAATTGGAATATAGTTGATCAAATAATTGAAAAACTAGTGTGATTTTCTATGTGTATGTTAATTTTGTAGAATCCTGATGTGAAATCCTTTTGTAAATTTCAGGAAAATAATTGGAACTATAAAAATAAAATCTGAATTTCCCGAAAAGGCCTGTAAAATAGCGATTTTTTGCTTCTAACCGCCAGATAAATCTTTTACTTGTTGATTTAGTTTTTCACCTTGAGTATTAAGAAAATTTGCACTTTTTTCAAGCAAATTTTGATTAAATTCTTTTTGGATTAAGTTATTTCTAATTAAAATATTATTTTTAACAGAAAGATTTTCAATTAGGTTAAAATCTTGAAAGACTGCATTAATTAAAGGGTTTTTCTCTTCATTCGCTTTTATATTTCGTTGCAAAAACAACAATCAAATTAATTAAAACTGATTTTTACCAACCAACTTTTCAACTAGAAATGTCATCTTATTTGAAATAATTTCTAGGTTAATTTTCTTAAGAATAATTTTATAACTGTTTTTTTGGTTAAATTATTAATTTATATTTTAGATATTTTTATAGTCCTTATTTTAGAAGTTGAACCACCGGTTTGCTGTAAAAAAATCATGAAATTAACAAATAAATAAAAGAAAGAATAAAAAACAATATAATTCAAACTAATAAAAAATAAAGACAAACTTGCTCATATGAAGGAAATCTATAGTTATTGTTTGATATCGCTGAATAAATTTCAGGAGTAATTGGGACTATTA
CP098240.1_gap3	70022	72680	2658	ACACTTTTATATTTAAGACCGGAGACAGCTCAGGGTATTTTTATAAATTTTAAAAATCTTCTGCGGACAACAAAAAATAGTTTGCCCTTGATAATTGCTCAAGTAGGAAAATCTTTCCGAAATGAAATTTCCCCGGGAAATTTCATTTTTCGCACTCGTGAGTTTGTACAACTAGAATTAGAAATTTTCTTAAAACCCGATCAATCAGAGAATTTTTTTCAAAATGAGATTGAAAAAATTAAAAACTTTTTAAAAAAACTTGGTTTTGCGAAAAATTCAATCAGATTAAACTATCACAAAAAAGAAAAATTAGCTCATTATGCCAAGGCAACAGTTGACTTTGAATACAATTTTAATTTTGGGTGGGGTGAATTGATTGGAATTAGTAATCGTGGTGATTATGACCTCAAAAACCATAGTGAGAAAAGTGGCGAGAAGCTTGAATTTGTTGATTCAGCTACAGGAAAAAAATTTTTACCCCACATTATCGAACCTTCGATGGGCCTTGATCGTTTAATGTTGGCGGTTTTAGAAGAATGTTTTTGTTTTGATAGTGTAAAAAATCGCTATTTTTTAAAGTTACCATTTATTCTAAGTCCTTATAAGGTTGCAGTTTTGCCGCTTTTGAAAAAATTTAATTTTTTAGCAGAAAAAATTTGAAATGAATTAATTAGCCAAAAAATATCAGCAACACTAGTAACTTCCGGTTCAATCGGAAAAAGATACTATCATCAAGATGTGATTGGGACGTATTTTTGTATTACAATTGACCAAAAATCGGTTGAAAATAGCATTGTAACACTAAGATTCCGGGATACAACCGAGCAAAAAACACTAAAAATTGACGAAATAACTAAATTTATCAAGGAAAATTTTGTTAATGAATAGACAAGAAATTATAACACATATAATAAAAAATACCGATATTTACGACCTAATTTCAAAAAATATAAATTTAAAACCAAAAGGTCGAGATTCTTTTGTCGGTCTTTGCCCATTTCATGAAGATACAAATCCGTCGTTGTCAGTTTCTTTAAAAAAACAAATTTTTAAATGTTTTTCGTGCCAAAAATCCGGTAATATTATAAATTTTGTAATGTTGTTACAAAATTTAAATTTTTTAGAAGCCCTGCAATTTCTTGATAAGGAATATAATTTAAAACTTAAGCTAAATTATACCACAAAACTTGAAAAAAATTATTCAAAAGATGAGCTTCAAGCATTACGAGCCTTTGAAAACGCGGTTTCTATTTATTTAGTTGAACTTATCAAGATTTTCTCTTTAGGCCAGCAGAATTTGATTATCGAAAATCCTATTTTTTTCCAGTTATTTAACTTCCTTAAATCACGCGGGATTACAAGGGAAATTATCGAAAAATTTAAAATCGGATTTGTGCCGACAAACTCAATTTTAAAAAAATTTCTAATTGATTCAAAATTTTTTGATGATGAGGTTTTGATGAATTATTCACTTCTAACTGTTAATGGAAATGATTTTTTTCAAAAAAGACTTGTTTTTCCGATTGAAAATTTTGAAGGAAAAGTGGTTGGATTCTCTGGTCGCTGTTTAGATGATAAAATATGTCAACCAAAATATTTGAATTCATCCTCGAATAGTTTGTTTTCAAAGACTGAAATTCTTTATAATTATGCAAACGCAATAAAGCAAAACCCAAAAGAAATCATTATTACAGAAGGATTTTTTGATGTAATTGCTTTTTATAAGGCGGGAATTCAAAATGCAGTTGCACTGATGGGAACAACTTTGACAAAAAAACACTGTGAAATGCTTAATAATTTTACAGTTTTACTCGCGCTCGATAGTGATAAGGCTGGTGTGGAAGCTAGTCTAAAATCAGGACTTATTCTGGGACAAAACCGTATAAATACTTATATTTTAACAGGTTTTGAAGGCAAAGATCCAGATGAATATTTCAATACTTTTGGTTCAGAAGCACTTGTTAATAAACTAAGTAATCGAATAAATAGCTTTGATTTCGCTTATGATTTTTATAAAAATTCTATAAAAAATAATTCAAGTGAAGAGATAAAAATTTTCATTGAAAAATTTAGTCCCTTTTTAGAAATATTATATCACCAAAATCTGCAATTAGCACAAATTTTTTTCAAAAAAATTAAGGAAGATTTTGGTGTTTCCCAGGATAGTTTTAAATTTAGACCTTCAGTTCAACATTATAATGAATTAGAAAATACCTTAAAAGAAAATGACGACCAAATTAAAAGTATTCACATAAAAAAAACAAATAATTTATGGCTAGCAAAACCGATTTCAACCGAAATTCAAGAACTTAAAATTTTAAGTCAAGTTTTAGATGATATTTTATACGATGACGGTGAAAAATATAATCGTTTTAAAGGAAAGCAATTTAAATTTCTAAATCCATTAAATAATAAATTAATGGAAGAAATTAATATTTTTGGGTATAAAAGTCCAAAAATGCGGGAAAAGATAAAAACAAAATTAAAGGAAGTAAATGCTGAATTAGAAAATTTAATATTTAAAGGTCGCATAGAAAAACTCATAAACGAGGATTTAAATTGAAAAAAAGAGAAAAATGCCGATGATTTAGACAATTTAATGGAATTAATACAAAAAACAAGAGGCAGAAAAGATGCCGATAATATTCGTAAACTTCA
CP098240.1_gap4	74213	75110	897	TCAACTTATGCAACCTGATGAATCCGCCAAGCGATTACAAGGGCGGTTGCCGACCAGGCCCGGCTCATTCGAATTCCGGTTCACATGGTCGAGACAATCAATAAAATTAATAAGGTAGAAAGGGAATTGCAACAAGAAAAAGGACTTAATCCAACAGCCGAAGAAATTTCAGAACGTTTAGGTGGCGAATTTAGCCCTGATAAAATACGGTATATTAAAAAAATCAATATCGATCCAATTTCACTAGATAAAGCAATTGGGAAAGAGGAAGATAGTTCATTTTCTGATTTTATCAAGGATGAGAATATGATTTCCCCAGTAGATTATGCAATTCGTGAGGAAAAAGCGAAAGTTTTGCTTGAAATGATCGATTCAACACTTGATTATGATGAAAGAGATTTTATCAAAAGACGTTATGGGGTCGGAACAAACGATGAAGGAATTCCTTATCAGGCACATAGTTTTGAAGAGCTTGCGGCGATGCGTCGAGTAACAAAAGAGAGGGTTAGGCAAATTGAGGCAAAAATTCTAAAAAAATTAAGAACCCCACATCGCCGCCTATCATTAAGGGATTTTAATTAAAAACTAATGAAAACAAAGGATGTTGGCGATTTTCTCCTTGAAAAATTTCCACTAGAAAATTGCCAAAATTGGGATAAGTGTGGCTGACAATTTCTTTTTGATACTAAATTTTTAGGCGCAACTATTTGTCTTGATCTGACAAATGATGTCCTAGATTTTGCACTAAAAAACAGTTCTAACTTGATAATAACTCATCACCCATTTTTTTTCTATCAAACAAAAAAAGAGGAATATACCTATTCACCTTATAAAAAAAAACTTACTTTTTTACTTAAAAAAAAATTAATTAGTGTGATTTCACTGCATACTAATTTT
CP098240.1_gap5	79925	83990	4065	GGTTCAAGACAAAGAATTTGCTGACTTTTTCTTTGATTCAAAATACACAAAAGAACTTTTAGCAGAAAAATTATTTTCCCCAGTTATTAAATTTATGCAGATATGAGAGGAATTTAGTTCATATTTTGATTCTAAACAGTTTGATTTTTTGTTTCTTGAAAAGAAAAAATTCGAGGAAAACTTACATCAAAAGTTTGCGAAAATCAACCAAATTTATGAAATTTCGCGGATTAATACTGATATTAATGCGCTAATTCAATTAGAAATTGATGATTTTGTAAAAAAAGTAATAGAAAAGAATATTCAACAAGATTTTTATAAAATTTTTGCTAAAAAATTTTATAAATTATTAATTGATCAAATAGTTCACTTAGAATTTGAGGCTTTTGATTGACAAACTTTGCATTTAAACCAAAGGCAGTTTGATCAAGCCCAGAAAAATTTAGATCAATTAACCCGAAAAAAAGTTGATTCAATCCTTCTAGAAAAAATTCCGCAAATTGACTCTTTTTCCGATAAAAATTCAGAAATTAGAATTTTAAAACAAGAAGCAAATAAGTCACGTCGCTTAATGCCTTTTCACGAACTTTTTGTGAGAATACCTAATCTGTTAAAAAAATTAAAACCTTGCATTATGATGTCGCCACTTTCTGTTAGTTCATATTTTAAAAATAGTGATATTGAGTTTGATCTTGTAATTTTTGATGAAGCCTCGCAGCTAAAACCAGAAAGTGCAATCGGTGCAATTATCCGCGCAAAACAGTATATAATTGCGGGTGATAAAGAGCAAATGCCTCCTACAAGTTTTGGTGATAGCCTTTCTGATGAGGGAGATAATGAGGAAGATCTAGCAGAATTTAATGTTTCTGATTATCTTTCAATTCTTGATGTAAGCCAAACTTTTTTAAAATCTTATAGACTAAAATGGCATTATCGGTCAAAATTTGAAGAGTTAATTCAACCTTCAAACATTGAAATTTATAATAATGATTTAATGACTTTTCCGGCAATCGAAAGGCCACAAGAATTTCAAGGAATTAAATTTTTTAAAGTTGAAAAGGCAGTTTATAAAGATCGTAGAAATGAAAAGGAAGCCGAAAAAGTACTTGAAATCCTTGCAGAAATTTTTCAAAAATATCAAAATAAGTTTACAATTGGGATCGTTACAACTAATCTTAAACAAGAAAAATTAATTGCTGGCAAAATTGATAGGTTTAAAGAAGAAAATCCGCAGTATTTTCAAGGTATATCAGAAGATATTTTTGTTAAAAATATTGAATCAGTTCAAGGTGATGAACGCGATATTATCATTTTTTCACTGAATTTTGGGCCTAATCCAGATGGAAAAATTTCTGCTAATTTCGGGGCAATTAATCAAAAAAATGGTTATCGTCGTTTGAATGTCGCTTTTACTCGTGCTAAATATTCAACAGTTGTTGTTTCTTCAATTGAACCCGAACAAATTGATCTAACAAAAACAAAAGCCAGGGCCGCTGTTTTTCTAAGAAAATATTTAGAAATTGCTAAATATGGCGCTCAATTTAATACTCAAACTACAAAAAGCACATCAAATGAAGTAACTTTTGAATCTATTGTTTATAATGAACTAAAAAAATTAGGTTATAAATTATTAAAAAATGTGGGTTATTCTAATTATAAAATTGATTTAGTTATTTTAAATCCTGAAAATGAAGATCAGTTTCTGCTGGGTATTGAATGTGATGGTTCAATTTTTGCAAAACTAAAAAATGCGCGGGATCGCGATATTTTAAGAAAAAAGTTCTTGAATCGCGTGGTTGGAAAATTTTTAGAATTTGATCAATTGATTGATTTCAAAATCCAAAATTACAAATAAAAAAAATTAAAGAACAATTAGAACTAGTACAGGCTAAAAAAACAGAAAAAAGCCAGGATGTGTTAGCCAAACAAAACAAAACTAATGAAAATTTGATTTTAATAGCTGAAAAACCAAAAAACGATTTCAGATCCGCATTTCAAATAAGATTTAAATTGGATTTTCAAAATTTAATTAAATTATATGATAAAATTAAAGATAAATTTAGTTTATTAATCTATATTTTTGAAAAAGTTCAAATTTTACACAAAAATGAATTTTATAAAATTGTTGCCTGATTAGATGGTAAGACAAGAACAAGTATTCTAACTAAACAAGAGGCACTTAAAATTGCTAATAATCTGATAAAAAAAGGTATAATTTTCGAATCACAATCACATTATTTATTAAAAAATGTTGTGAATTATAATTTTTTCTTTCAACCAAAAAGACCAATAAAGGAAATTCACTATTTCGAGATTAAAGATTTGATTATAAAAATAGTTCAACACACAAATTCGATAACTAAAGCCGATTTATACAACTTAATTTTAGAAGTCACTCATTTCACAAGCCTACAAAACAAAACTCGCGACTATCTTGATAGATGTCTTGAAAAATTAATAAGTGAGAAATTAATTTTTATTGATAGATATAGCAATTTAACTTTATAGCCCTAATTGTTTTGTTCATTTTTCTATTACTAGGTTGATAACTTTTTATGCTAAAAAAAGTTGTTTTTATATCATTTGTGGTATAATTTATGTAATTAAAAAAGGTGGGTATGATGAAAAAGACGCTGAAATTAGGTCTACAGGTAAGCCTTCCCATTATTTTTTTCTCCGGAATTATTACAGCCGGTGTTTTTTTTCAACCTCAAAAAAAAGCCAATTTTCCTAAAAATTTTTCAAATGAAATAAAAAAACCATTATTAAATGAGATTAATTATCTTGCTCTTGGTGATTTTTTAAGCACTGGATTTGATTGAAATAACAATCTTGATGGTCGGGGTAATATGGTAAATGGCTCAATTACGGGAATTTCTTTTCCTGCTTTTTTTGTTAATTTTGCCCAAATTATTAAGTCTGATTCCGTTAAGTCATTTAAAAATTTAGCCTTAAATGATTCAGGAATTTCGGACTGATTATATTTTTTGGAGCCAAAAAATAATTTTCTTGATAAGGCAAGGTTGAATAATTTTAAAGCGCAAATTTACAATAAGTCCCGATTTACAGAGATAATTAGGTCGGTTTTTGGGGATTTTAGTTCTAGCTTTCCAAAATTAATTGAAGAGATAAAAAAAGCAAATTTAATTAGTATTTCACTTGGATTTAAAGATTTTTTAGATGCATTTAATTCTCAATTTTTTGATGATCTTAAGCTTTCAAGTTTAAAAGAAAATAGAAAAAACACTGATTTTGTGTTAAAGGTAGACAAAATTTTCACAAGAATTGAGGCAAATTTAGAAAGAATAATAACCATTATCAAAAAAATAAATCCTAAAGCTCATATAAATTTAATAGAATACTATCAAATTCAGCCAAAAATCCAAAAATATTTACAAGATTTAGCCGAAAATTATTTAATAGAAATTAATGATAATAATCTTTCGATTTATCGATTGAACAAACTAATCCAAAAAGTAGCCCAAAAAACAGGGGTTAATTATATAAATCCTTTTAGAGGCGTTAATTCTAAGGTCGGTGATGAATTTTATTTTGATAGTCATATGAATTTTCGCCCGCAAATTAAGGGAAGTAAGCAAATTGCGCAAAATTTAATTTTATCGTTAACCCTAGGAAAAAACCAAATAAATTCTCTATCTGAATCAAAAGATCACAGAATTCACCAAACTAATTTTTCTAGCGATTTAAATGAAAACCAACAAATTAATTTAGCTCCAGATAAAGAAATTTTAGAAAAACTATCGCTTAATGGTTCATTGCTAAATTTTGTAAAAGCTGATTCAAATTTTGAAAAGGAAAGCATTCAGGCATTGCATACTTTTAAAAAAGAGGAAAAAACTAATTTTTCTGCAAAGGATTTTCTAAGTAAAATTACTCCACTTCTTGACTCACAGCAAAGTCCCTTTGTAAAATTAGTAAACGAAATAATTGATACTTTTGGCAATGAGGCAAATCCTAATTTTGAGGCATTTAATAATATTATTGACATTATTTTCAAAAGTAATTTTGTCACAAATCTTCTGCAGGTCGCCCAAAGTTATTTAT
CP098240.1_gap6	86474	90060	3586	AAAAAATTTTTGATTTAAAATTTCTGGTTCTGATTGTACAATTTGCTGTCCTTTTTTGTATAAGACAATATTTTCTAATATTTTTTTTAGGACCAAAGCGCTGCTTTTATTAAGAAAAGGCCCATAAAAAAAGATATTTTTTGACTTTTTGCTGCGTGAAATTTTATAAACTAGTTCAATATTCAGTTTTTTTTCTAATTCTAATTTTATATAGGGATAATTTTGGTCATCTTTAAGTTTAATATTATAAATTGGTTGGAATTTGCTTATGATTTTTTTTTCTAAAATTAGTGCTTCCGTTTCGTTTTGGAGAATATCATATTTAATTTCTTTAGTTTTTCTAATTAAAACTTCGGTTTTATAAGAATTAGTCGCTCCTTTTGCATACTGATTCATTCGTGATTTTAGACTCTTAGCTTTCCCAACATATAAAAGGGTGTTTTTTTCATCATAAAAACGGTAAACTCCTACCTGGTTTGGCAGCATCAATTTTTTAACTAATTCCTGAAATTTTTCCATATAAAAATTTTAAGTTCTTAAAATATAAACAAATTTTTGATAATTATTATAATTTTAACAAAAAATTGGTATAATTAAATCTTGAAGTTAAAATAAATTAGAGTGAGATTTTTTAAAATGGATTTTGAATCATATAAAAAAACTTCTGTTCCTAAAATAAAACAGTTGAAAAAACATGGAAAAATTTTCTTAGTTGTTGGAATTATTTTTTTGATTTTTTTTATTGCTTTACTCACTTTTTATTTAGTTAAACAAAATGACGGCGGCTTGCCAAATGATTTTATCGATTCAACTTGACTTGCAGTTAGTTTGTTGTTTTTGGTAATTAGTATTGCTTTTTTGGTGTTTTTTGGGATAGTTATTTATAAAATTAAAGCTATGAAAAAAGTTGAAAGAGATATCGAAACTCAATTAAAAGAATTATAGCTATTTTAAAAAAAGTGAAAAAAATTATAATAAATTTTTATTTCTAGTTAAAAATTATGACTATTTTTCATAAATTCTGGCACTTTTTAACTTTAAGTGCCAAATTATGGTATACTTTCTTTTGTCTAGGAAAATAAGACAAAATAATACTCAAAATTCAAAAAAATTAGAGAAAGGATACCAAAAAATGGCAAAAGAAATCATTTTAGGAATCGACCTTGGAACAACAAACTCAGTTGTTGCAATTATTGAAAATCAAAAACCTGTCGTTCTCGAAAATCCCAACGGAAAAAGAACAACTCCATCCGTTGTCGCTTTTAAAAACAATGAAGAAATTGTCGGGGATGCAGCTAAAAGACAACTTGAAACTAACCCAGAAGCAATCGCTTCAATTAAAAGATTAATGGGAACTGATAAAACAGTTCGTGCAAATGAAAGAGATTATAAACCTGAAGAAATCTCGGCAAAAATTCTTGCTTATTTAAAAGAATATGCTGAGAAAAAGATTGGTCATAAAGTAACAAAAGCAGTAATTACAGTACCTGCTTATTTTGACAATGCCCAACGTGAGGCAACAAAAAATGCCGGAAAAATCGCTGGATTACAAGTAGAAAGAATTATAAATGAACCAACAGCGGCCGCACTTGCTTTTGGGCTTGATAAAACTGAAAAAGAAATGAAAGTTCTTGTCTATGACTTAGGTGGGGGAACTTTTGATGTCTCAGTTTTAGAATTATCCGGTGGAACCTTCGAAGTTTTATCAACAAGTGGTGATAATCATTTAGGTGGGGATGACTGAGATAATGAAATTGTAAATTGACTTGTTAAAAAAATCAAAGAAGAATATGATTTTGATCCAAAAAGTGATAAAATGGCGCTTACAAGACTTAAAGAAGAGGCTGAAAAAACCAAAATTAATCTTTCAAATCAAAGTGTTTCTACAGTTTCTCTACCATTTTTAGGAATGGGCAAAAACGGGCCGATTAACGTTGAACTTGAACTTAAAAGATCAGAATTTGAAAAAATGACTGCCCATTTAATCGATAGAACTCGCAAACCAATTGTTGATGCTCTAAAACAAGCAAAAATTGAGGCTTCTGATCTTGATGAAGTTCTCCTTGTAGGTGGATCAACAAGAATGCCAGCTGTTCAGTCAATGATTGAGCATACTTTAAATAAAAAACCAAATCGTTCAATTAATCCTGATGAAGTAGTCGCAATTGGTGCTGCAATTCAAGGGGGGTTCTAGCTGGAGAGATCAGCGATGTTCTACTTTTAGATGTTACTCCTTTAACTTTAGGGATTGAAACTTTAGGTGGAATTGCAACACCTTTGATTCCAAGAAATACAACAATTCCGGTAACAAAATCACAAATTTTCTCAACAGCTGAGGATAATCAAACCGAAGTAACAATTTCTGTTGTCCAAGGTGAACGTCAACTTGCAGCGGATAATAAAATGTTAGGTCGCTTTAATTTATCAGGAATTGAAGCTGCTCCACGAGGTCTTCCCCAGATTGAAGTTAGCTTTTCAATTGATGTCAACGGGATTACAACGGTTTCAGCAAAAGATAAAAAAACCGGCAAAGAACAAACAATTACAATTAAAAATACTTCAACTTTATCAGAAGAAGAAATTAATAAGATGATTCAGGAAGCCGAAGAAAATCGTGAAGCTGATGCTCTTAAAAAAGACAAAATCGAGACAACAGTTCGTGCCGAAGGGCTTATTAATCAACTTGAGAAATCAATAACTGATCAAGGTGAAAAAATTGATCCAAAACAAAAAGAATTACTTGAAAAACAAATTCAAGAATTAAAAGATCTTCTAAAAGAAGAAAAAACTGACGAATTAAAATTAAAATTAGACCAAATTGAAGCAGCTGCCCAATCTTTTGCGCAGGCAACCGCGCAGCAAGCAAATACATCTGAATCTGATCCAAAAGCTGATGATTCAAACACAATTGATGCTGAAATCAAGCAGGATTAAAATTTTTTCGGTATAAAAAACGCACACTTGCAAATTTCTGCTAGTGTGTCTTTTTTATATTTATATAGTTAAATAACTTTTAAAAATGGAATTTTCACTTAAAAATTCCTTAAATTTTCCGGTTTTTGGGATTTGATCAATCAGGAAAATTTAGTAAACCGGCTTAAAAAAAAAAAAAAAAAAAAAACTTTAAAAAAAGAAAAATAAGGTATAATTTATGGCAAAACAAGATTTTTATAAAATTCTGGGAGTTGAAAAATCAGCATCACTAACAGAAATTAAAAAAGCTTATCGAAATTTAGTAAATATTTATCATCCTGATAAAAATACAAAAAAATCAGCAGAAGAACAAAAACAAGCTGAGGCCAAATTTAAAGAAATCCAGGAAGCCTACGAAATTTTATCTGATGAAACAAAGCGAAAACAGTACGATAAATTCGGTCATGCCGCTTTTGATCAGCAATTTGGTGGGGGGTCTAGTGGCTTTTCAGGATTTGATTTTGGCGATATTTTTTCAAGTTTTACCTCTGGTTTTGGTTTTGGCGGCTCACAAGAACAAAAATATAGTCGTCCTTTAAAGGGCGAAAATTTTCAAGCTAAAATTTATATCAGTTTTATCGAGTCAATTCTTGGAAAAGAAATCTCCCAGAAA
CP098240.1_gap7	128504	129962	1458	GGCAGTTCAGTCATAAAAGCGCCATTACCACATTTTACATCAATAAGAATAACATCGGCCCCAGTTGCAATTTTTTTAGACATAATTGAACTAGCAATTAACGGAATCGAAGAAACTGTTCCGGTGACATCTCGAAGAGCATAAATTTTTTTATCAGCCGGAACAAGTGCATTTGATTGGGCAACAATTGCAAGGCCAATTTTTTGAACTTGTTCTAAAAAATTGGCCTCAGTTAATTGGGTTTTAAACCCAGGTATTGACTCTAATTTATCAATTGTTCCACCTGTAAAACCAAGTCCTCGTCCTGACATTTTTGCTACTTTATAACCAAGGGAAGCAAAAATAGGTCCAATAATTAAAGAAATTTTATCGCCAACTCCCCCTGTTGAATGTTTATCAATTTTAATTCCGTTAATTTTCGAGAGATTAATTGTATTTCCTGAGGCGATAATTTCACGGGTAAAATAAAAAAGTTCATCATCATCAAGACCGTTAATTAAAATGGCCATTAAAAAAGCCGAAAATTGATAGTCAGTAATTAGGCCGCTTTGAAATCCGTTGATCATAAAATTAATTTCTTCAGCCGAAAGTTTATGTTTTTGTGATTTTTTTTCAATTATTTCGAATAAACTCATAATATTAAATAGCCTCAAGAGCAATTTCAATCATTTCCACAAATTTTTCCTGTCTTGTAACCGAATCAAGTTCAGATTTTGTGATTAAATTATCGGAAATAGTAAGAATTGAAGCTGCTTTTTTTCCGAGATAATTAGCGATTGTAAAGAGCGCAAAAGATTCCATCTCGACTGCTTTTGCCTTTGATAGTTCAATAGTTTTTTCTAAATTACGACTTGAGTAAAAAACATCGGTTGAGTGAATTCTTGTATAAAGTGGATTTAGTCCTAACTTTGTAGCACTATGGAATAAATTTGCTACTAAACCTGGATTAGGGTGTGCTAAATGTACTTTTTTTCCCGAAATAAGTGCGGGAAAAGAGCAAGAATCTGATCAGGCCGAGTTAGCAATTACAAGTGAATAAACTTCAAGATCTTTATCATAAGAACCTGCTGAACCAATTCGAATTATTTTTTCAACATCATAAAATTTAAATAATTCATAGGCATAAATTCCAATTGATCCAGAACCCATTCCGGAAGCGGCGATAGTTACTTTTTTTCCTTTATATTCACCAGTAAAAATCAAATTATTTCGAACTTTTGAGACTAATTTAGCATCTTTTAGAAAATTTTTAGCAATAAATTCTGCCCTTAACGGGTCGCCAGGCATTAAAACTATCGGTGCAATTTCGTTTTTTTTAGCTTCAATATGTGCTGTCATTTTTTCTCCTTATGTTAATTATCAAGTGATATTATAATATAAAAAGGGCATTTTTGTTAGTATTTCTTTGCAAAAAATATCTAAACTTTTATTTTTCAATGGTAGAACAGGTATGAATAA
CP098240.1_gap8	130998	133782	2784	CAAGTTGTTTTTCAATAAATTCAGGCTGTTTTTCTTCTTTTGCTTTTCTTGCAGCCGCGATTCTCTCCTCGTTAGAGGCGATTATTTGATCAATTATTTCTTGAGGGCTATCTGCTGGATAAGAAATTGCGGTCCCATCAGACAAAATTGCTTTGATATATTCTATTTTTTCAGCATTTGAATTATTAAATAAAGAAACTATTGCCTGATAAGCGGATTCTGCTACCAAAATGTTGAATTTTTTTGTTGCTTCCTCGGTAAAAATTTGATAAGGATTTTTCTGGGAATACTGAACTAAATTAGCAGAAGATCTTAATTTGTCAATGGTGTCAATATGATTTTGTCACTGACTATCAAGTGTTGATAAAATAATATAACGTTCTGATTCAAAGTAGGTTTTTCCAAGATTTTCCTTTAAAACTGATTGGATTTGTTTAAAATAAATAGTTTCTAATTGTTTGATTAAAAATTCATTAAGTTGTTCAATGGGATAATTTTCAATTCCAATTTGCCCAAAGTTAAAATGAGTAATTCTTGATAAATTATCATTAAGAAAATTTATTAAATTTTTATAGTGAATTTCTTGATTTGGTAAAATTATAAAATCATAGTTTAAAATGATATCAACAGCCCGAATAATCATCTTCTGGATATAATGGTCAAAATTTTCAATCTGAAGCAAAATATCTCTTTGGGCATAAATTAAATCACGCTGTTGACGAATAACATCATCATAACTAAGCACAGTTTTACGCATATCGAAGTTAAAGCCTTCGATTTTCTTTTGGGCTGCAAGTAAAACCGCATGAATATATTTTCCTTTAATTGCCCCATTTGTTTGTCCATAAGCGCCAAAAATTTGATCAAAATTGGTAAAACGCCGAAAAAGTTGGTCCTGAAGTGAGATAAAAAATCGCGAAATTCCCACATCACCTTGTCGTCCAGAGCGACCTCGTAGTTGGTTATCGATTCTTCTAGCTTCGGCTTTATCGGTTCCAAGAATATAGAGGCCGCCAAGTTCAGTCACACCAGGCTCTAAAATTATATCAGTTCCTCTTCCGGCCATATTTGTCGCGATTGTAATCGCATTTTTTCGTCCTGCCTTGGCAATAATTTCGGCTTCAAGTTGGTTCTGTTTTGCATTTAATACTGTATGATAAAGTCCTTTTTGGTTTAGCATCTCCGAAAGCGTTTCAGAGTCAACAACTTGTGAGGTTCCAATTAAAATTGGCTGCCCCCTTTTATGAACACGTTCAACTTCGGAAATTATAGCTTGATTTTTTTCGTGACTAGTGGCAAAAATTTCATCTCTTTCATCCTTACGAATCATCGGTTTGTTTGTCGGAATTACATTCACGCGCATATTATAAACATCGATAAATTCTTGTTCTTCGGTTTTGGCAGTCCCGGTCATCCCTGATAATTTTTTAAAAAGGCGAAAAAAATTTTGATAAGTAATTGTTGCTAGTGTTTTTGTCTCAGGTTCAATTTCAAGCCCTTCTTTTGCTTGCAGGGCTTGCTGGAGACCTTCAGAATAAGATCTTCCAGCCATAATTCGCCCAGTAAATTGATCAACTAAGGCAATTTTGCCGTCCTGGACAATATATTCAACATCGCGTTTCATCACCTTATTGGCTCTCAGCGCGTTTTGAATTCGATGAACTATTTCTGAGTTTTGAATTTCATATAAATTACGAAGCCCAAAAAAAGCATTTGCCTTATCGATTCCTTTATCATTTAATTTAATTCCCTTGGTTTCTTCATCAATATAAAAATCTTCAGCAATTAGAGTATTAACAAATTGGTTCGCGGATAAATATTGGGCTGGAAGGTTAGTTTTGCCACCACTGATAATCAAAGGGGTTTTGGCTTCATCGATCAAAATTGAGTCTACTTCATCGATTAGGCAAAAATTTAGCCCCCTTTGAACTTTTTCAGCTGCTGAAAAAACCATATTATCCCGGAGATAATCAAAACCTAATTCAGAATGAACCGAATAAGTAATATCGGCATTATACATCATTCTTTTGGTATTTGCATCCATTTCGGTTTTGTTAATTCCGACTGTAAGGCCTAAAAAGTTATAGACTTTTCCATTATCTTCAGCATCTCGTTCGGCTAAATATTCATTAACAGTTGAGACAATTACCCCTTGGCCTAAAAGCGCATTAAGATAGACAGGCGGGATTGAAGCAATTGTTTTTCCTTCGCCGGTTTTCATCTCAGCAACTGATCCCATATCCAAAATTAGGCCCCCAAGAATCTGGACATCATAAGGGGTTTTGCCTAAAATTCGCTTGGTCGCCTCGCGGGCAACTGCGAAAGCATCAACACGAATATCCTTGAGTTTTTCGCCGTTTGCAAGCCTTTTTTTGAAAATATTGGTCTGGTTTGCCAGGTCAAAATCGGTCATTGCCCCATAAAAACTACGTTTTTGGTTAATTTGTTTCAAAAGCCGGTATGCGAGCCGTAATTCGGAAGAGGTTTTAAAAAAGTTAAATAGATTTTTCATCGTTTCAATTTAGATTTTTTGAATAATTTTACCAAAATTATTCAAAAAAATAAGAAAAGTTTATCAATTTAATTACCTATGTAATATAAATAAGAAAAATTTAGGATTCTACTAAAATCTTAATAATTTTTTATTTTTTATAAAAAATTATATTTTTAAATTAAAAACTTACTAAAAAGAGATTTTAATTTAAAAATACCTGTTTTTCATTTATTTTTGTCATTTTAATAACTTATTTTTTAATTTATTACAAACTAAAAAATAAAAAAGAT
CP098240.1_gap9	139809	142156	2347	TACAATTAACGATCTTTCTGAAACTGATCGTGGAATTTATCAAGAAATAATGGAGAATGTTCTTAGAAGATCCGGAATTGACCCCGCAATTGTTCTTGAGGAGCTCAAAAAACGAAAACAAGAGCAAGAACAACAACAACAACAACAAAAGCAAGAACAAGAAAAAGATAAAGAAAAAGAAAAAATCGAAAATTAAGTTAGTATATAAACTAATTGTCTGAATTTTTTCTACTAACTTAAAAATATGTTATAATTTTTCTTAATTATTTTTGTGTAGAGAGAAGGTAGTAACATTTTTTACCTTAATCCTTCAAGTTTTTATTTATCTCTTTTTGTAAATTTATTAGTTTTTCTTTTAATAATTCTTGCTGTTCCGATTTTACTAGTTTTATTAGTTGCTTTTGTCAAACCGCGGATTAAACAAACATCAAATATTTATCTTTATTCTTTAAGTAGTGGACTTTTGTTGATGGTTGCAACTGTTGGACTTATTCAAGAAGGTTTTCATGGGGCTGAAGCATTCAGTCATAAATTTGAAAATTTAGAAAATTTATATAAAATTTTAATAATTGGCGGGGGAGCACTTTTTGGACTAGTTAGTGTTTTTATTGCTCGTTGATTTTTTATTAGAATTTTTAAAACTGAACTACATTCAGATCATAAAAAGCATGACCATAGTGATCATATTGTAAATTTTTCTGATGTTGATAGTCCAAAAAGTGCTTGACTTGCGATACTTCTTTTACTTTCACACCGAACAATTGATGGCTTTATTTTAGGTTCAGTAATCGCAAGAGTAACTGCTGGGGACCCAATAAATTGATATTTAATTGGAACTTTTATAGCGCATATGTTAATTGAAGTTTTAATAATTCACTACCGTCAAGTTCAGTATGGCCAAAGTATTAAAAAATCAGTAATTTATAACTTAATAACAACCCTGATTTTAGTGCCGATTATTATAGTTGGTGCCTTTTTGAACCGTTTTTTTATTAAAACAGGCTGACTAATACCATTTTTTAATGTTTCTGGCGGGGCAATTTTAAGTTTTGTTGTCATAATTGAGTTAGTTCCAGAATTTATCCATTTAAGAAATAACCCTTCTTTTCAGTGACATTTTTCTCTTTTTTTGTTTGCTTTAGGAATTATTTTAGCCTTAATTATTTTAATTTTACATGAACATTAAGCGCGTAGATCCACAAAAATACTATAAATTTATAGTATTTTTGTCGAAGAGTAATTAGATAAATTCCTGAAATTGATGTAAAATTTAATATAAAAATTTCTAATTTTTGTTAATTTTTAAAAAAAATTTCATAAAAGTTGGAAATAAGCCTAAATAATTATTTAAATTTAAATTATTCTTTGTTTTAAAGTATTTTTTGGTAACAAAAAATTTTTTGATTAATTTTAAAAAATATGTTATAATTATTTTCGAGCTACAAAATGTATATTAAGCTTTGGTTTAGTTCAAACCGCTCAGATGAACATCTTTGACTTTGCAGTTGTAGTTAAAGCAAAAAACTGCACCACCAAATTTATTTGGTGGTTTTTATTTAAAAACAATTAATTATTTTATATTTAAAATTGTTTTTAAATAAGCGCCAGTATATGATTCACTAACTTTTGCTACAGCTTCTGGTGTTCCTTTTGCAACTATTTGGCCCCCGTTATCCCCGCCGTTTGGACCTAAATCAATAATATAGTCAGCAACTTTAATTACCTCTAAATTATGTTCGATTACAATTATACTATCACCGTTATCGACTATTCGATTTAGCACTTTAATTAAATTAGCAACATCATAATTATGGAGTCCAGTTGTTGGCTCGTCAAGTACAAAAAGTGATTTTCCTGTAGGTTTTTTTTGTAAAAAAGTGGCTAATTTAATTCGTTGAGCTTCTCCTCCTGATAAAGTTATTGCTGATTGGCCAAGTTTTATATAACCAAGACCAACATCAGCTAGGGTTTGTAATTTTGCGATTATTTTAGGCCAATTATGGAAAAATTCAAGTGCTTCTGAAACTGTTAAATCAAGAATATCCGCGATTGTTTTTCCATAAAAACGAATTTGTAGGACATCCGGCTTGTATCTTTTTCCTTGGCAGTGATCACATAAAACATAAATATCAGGCATAAAATACATTTCAATTTTAATTTGCCCGTCTCCTTGGCATTTATCACACCGCCCAGTTTGCAGATTAAAGGAAAATTTTGACTTTGAAAAACCAAGCGCTCTTGCCTGCTCAGTATTGGCAAAAACCTCACGGATATCATCAAAAACAGAGGTATAAGTTGCGGGATTTGATCTAGGGGTTCGTCCGATTGGGCTTTGATTGATTGCAAT
CP098240.1_gap10	145827	149231	3404	TTTTCCTCAACACCTTCTAAATTTTTACCAAGAAAAACATTATCATCAACATTTATATATCCTGAACGACGACCAATATTAATTCCGTTTACCATCGAGCGCCCGAAAACAAGGATTTTTTTTTCTAATTTTATCCCAATTTCAATTAGTGCTTTAATTCTTGTTAAATTTGAAGCAAAAGCGGTGATGATAATTTTTCTTGTAGCAGATCGCATATGCATTTCAATATCACCTAGAATATCCCGTTCTGAAGGCGAATGGTTAGGCCTCATTGCATTTGTTGAATCAGAAAAAAGCACTGTTAATTTTTGGTTCCCAATTTCTTTTAGTCTTTCAAAATCGGTATAATTTCCAATTGGAGTATAATCAAATCGAAAGTCGCCTGTGCACATAATTGAACCATGTCTAGAGGTTATTCTAATTCCAAAAGCATCCGGGATAGAATGCTGGGCGGTTCAGAAATCGACTGTAAAACTTTCAAAACGATGAGTATCGTTTTTGTTGATTTCGATAAATTCAATCTTTGGCCTAATTTTTTGGTCTTCAAATTTTGCTTTTAAATATTGAATAGCGATTTTTGGGGCAAAAATCTTTTTAATATCCACTTCTTGAACTAAAAAAATTATTCCGCCAATATGATCTTCATGACCATGAGTTACAAAAAGACCACGTATTTTAGCTTGTTTTTCTTGCAGGTACTGATAATTTGGCACCATTCCTCTAATGCCTGTATGAAAAAGGTTGGCAAATTTGATTCCAGCATCAATAATTACAATATCATAATCATCCTCGATAACTAAAGTTGATTTACCGATTTCCTGCATACCACCAAGGCCGAAAAAACGTGTTGGATTCACCATTAAGGACATAATTTTCCTAACAATATTATCTTTTTTTAATTTTTTTATAATAATTTATAAATTTATAAATAAACATCAGCAATAATAACTATCATTTCAAAAAACGATAGTTTAAAGTTTTTTAACTTTATAATTATAAACTTAAGGTAAAACTTTAAGATTAGAACATATTTTAGCAGATTTTTTTAAAGAAAGTAGCAAAAATTAGTTTTTACAGACGCGAATTAGTCCTGGATTATGTAAATCTAGCTTAAATTGACCTTCATAAGACTGCAAATTATCAAGAATTTGCTCATAAAGATGGCCAAAACCAATACCAGAAATTAAATTAATACATCTTATTTTTGAATTTTTTAATTCAAAAATAAGATTTTCAACAACAGCCGCTGTTTTTTGGCGATCAAATCCATGAAAATCAAAAGTTTTTTCATTATAAGGATAAAAATCCTTAATATTAGAGTTGGATTTGATTGTTAATTTTTGAATTTCATCTCAATAGCCAAAGTGAAATTTTTTCTCTTTCTTTCCAAATTTCATTCTTACTTGGATTTCATATTTTATAATATTTTTTTGTTTTAAATCAAAAATTCAATTAAATAATTATACCATAAAATTTAAAAAATTTATTAAATTCCATTTTTATTTTTATATTTTAAAAATAAAATAAAAAAAAATGGTAAAATTACAACAAATGGAATCAATTAAAAACAAAGAAATAAAGGTTAAATTAGTCGATAGCGGGACCTTAACCTACAAACTTTTAGAAGCAGGCAATCCTGGAGACTGATTTTCGCTAGTAAGTGAGATTCAAAATTATATTGAACAAAAAACTAAGGAAAAAATAAAGCAGAAATTAGAATCATTTAAATCACAAATCCGAAATGATATTTTTACAAACGATGATGAAATAAAGCAAATGAAGGAAACAATTCGCAAACTTAGTGATGAAAATAGTAGCTTAAAAAGTGAAAACCAAAAAGAAACAGCAAATTTAAATACTACTTTTACTCAAACAATTAGTAAAAAAGATATCGAAATAACCAATTTAAGAAATGAAATTGGCAAATTTCTTGATGAAAAAGATAAAATGCGAAGTGACATTCTTGCAAATGATGATGAGATAAAGGCGATGAGGAGTGAAATTTCTCAACTAAAAGAAGCAAATGCCAACTTACAAAATGTCAAGTTAGAAGAAATTTCAAATTTAAAACTAGAACATAAGGACGAAATTAATGAAAAAGACCGTAAAATTAGTTATTTAGAGAATAAATTTAACGACTTGGAAGAAGAAAAAAATAATTCAATTCAAAATGCTGTAAGTCAAAAAACACTAGAAATAAAGGAAAAAATTGAAAAAGAGCTAGAAATTAAATGGGAAGAAAAAATAAAACAGGAAAAATCAGATTTAAGAGAAAATTTTAAGGAGCAAATTAATAAACAAGAAGAAAAAATTCAAGATTTAGAAGAAGAATTAAATAAATATAAAGAAAAAAATATAAATTCAAAAGAAATTGGTGAAAATTTAGAAAACTGAATTTTAGAACGTTATAAAAGTGTTTTCCCACTTGACCAAGAAAATGATGAAACGATTAGTTTTAGTCTAAAAAAAGATACAGAAAATCTTCGTGATGAAGGTGAAAAAAAAGCAACTAAAGCAGATTTTATTTTTACTATTTTTGACAAGGAAAATGAAATTAATGAGACTGTAATTCTTGAGGCAAAATCTGAGTCAAAACAAAAACCAGGGAAGCAGAAAAATAAGGATTTTTTCAAAAAGCTTGAAAATGATAGGATAAAAAAGCGAGCCCGTTATGCAATTTTAGTAACAGAACTTGAACCAGATCAGTACATTACGATTGAAATTGCGCCTAAATTCCCAAAGATTTTTATTTGCCGCCCCCATTTTTATCTAGCACTTTTAATGATTCTAAAGTCAATGATAATCAAAGAAAAAAAATTAACTAAACACGTTGAAAATCTTGAAGAAAAAGAAAAAATAATTAAAGATTTTGAGGATTGAAAAAATAACAAAGTGGCAAAAACAGCCGAAAAAATAAGAAAAAAATCTGAAAAAGCAATGGAATCTAGTCAAAAAATAATCGATGAAGCTACAGAAATCCAAAATTCTTTAAATGAAATCTCAAATACTTTAATTAGAAAATTAGAAAATACAATCAATAATTTTAAAATTACAAAACTCGCTAGAAAAGTTGAAAAAATTAAAGAAAAAGAGATTCACTCTTCTAATTTTGTTTAATTTTTATCGTAAAAATACAATTTTAATATTGATTTTTTATTCTTTCAAGATTTTTTGCATATTTTTCAAGGTATGCTTGTGTTACTTGATCAATATTTCAGTTTAGTATTTCGATAAAACCTAGGAAAAATTCAAATAATTCTATTAAAATTTTTTGATTTTTTTCTAGTAAAAATTGAGAAGCTAAGATAAAAACCCGTTTAAATTGATTATTAATATCTTTATTTTGAACAAATTTTGTTTCAAAAATTTGTTTTGTTTTAAAATGAATACAAGCTGAAACTAAA
CP098240.1_gap11	156399	157685	1286	TTTACAGTAATTAAACCAAATCGACAATTTAGGAGAAACTAGTTAGATCTATGAAAGAAACAAAAATTAAAACTGTTGAAAAAGTTTCAAATAAAAGAGCGCTGATGATTATGGCGACATGACCAGTTGTTGCTGGAGCTATTTTTGGTTTTTCTTATTTAACTTATGCGGTAAGCGAGTCAAAATATTTTAAAAAGGCTGATACGCGAAAATTAGAAACAACAGATTTAATTCAAATGGGAATCGATCTAACTAATAAAAAGTTTGGCGAAATTATCGACAAACTTGAAATTGACAAAGATTTTGTCAAGTATTCGGCTAATCAAATTCTTGAATTATCTCGTAATTTACAGTCTAATTTTCATTTAGTTAACCTTTTTAACCTTGCAGATTTTAGTACAAAATACCCATTTTTAAAACTTAATATCAACCCGATTGATAACTCTGATGTTGATGATAAAAATTTGGTTACAAAAGTTGTAAATAACAATTTAGTTAACGTTGTTTTTTCCGCTCATGATCAATTAAGCAATAAAGTTTATTCAAAAGTTCATTCAATTCGTGGTTTTAGTGGTAAAGGTGAGATTCCTTTTGTGAATTTTAGTGTTGATCAGCAAAAATCCGCTTTTGTTTTAAAGCCTGTTGAGATTAGAAAAAAATGAAACGCACTTTCTTTGATTGATAGTTTAAATAATGACTATAAGAAAACTCAGGATGCCAAAAAAACCCTTGAAAAATATGGATCTTTTTTATTACTTGATTCAAATAATACAATTATAAATTTCCCAGAAAAAACTCACTTTGATTTTAAAAAGGATGAATTAGGTGATATAGTTTTTAAAAATCTAGAAGATCCAAATGGAAATTTATGAATATCATTTGATATTTTTGATGAAAATAACAAAAGAATTCGTTCTTTTGATCTCAAAGTTACAAATTTACTTAATTATCGTGAGGTCACAAATTATCTTAACAATTTATTAAAAAAAGAAGATGATTTAATTGAGCTGAAAAACGAAAAAATTGAGGAAATTGTTGCCAAAAATGTTTCTTTATCAACTTTTTTCATTAGTGCAAAGGGGGTTGATCAATTTTTTGATATCTCAAAATTAGAAGCACTTTTTACTAATTCATTACCAAATTTTGCTATTAAATTATTCGCGACCAACACACAAATGGATCGCTTAAGCGAAGTCGAACTGCTTGTTCAAATTGATTTTCAAGCAAGAAAAGGTTTAATTGCCGACCAAAATCAAGCCCAAAATAGTATTGAGTCTGAACAACTT
CP098240.1_gap12	261548	265686	4138	ATTTTGCCTGTTTTTTTCACTAGCATCAATAATGTGCAGAATTAAATCGGCTTTTTTGATACTTTCATAAGATTTTTCAATACCGATTTGTTCAATTTTTTCAGTAGTTTTTCTAATTCCCGCGGTATCAAAAAGTTTAAAAAGAAGACCGTCAAGCACAAAATTTCCCTCAACAACATCGCGTGTAGTGCCTGGAATTTCGCTGATAATTGCCTTATTTTCGTTAATTAAAATATTTAAAAGTGAGGATTTTCCGCTGTTGGGCGCTCCGACAAGACAAGTTTTTATCCCTTGATAAATCAGGCGCGAATTATTTGCGATTTTTATTAACTGATCAAAATCGGCTAATAATTGGTTAATTTTTGGCAAAAGCACATCTGAGGTTAAAATTTCAACATCATCATATTCTGGATAGTCAATATTTACTTCAATTATCCCGATAATTTCCTCAATTTTTTCAATTAAATTTTTAATAAAATTAGAACTTTTTCCTAAAAATTGATTTAAAGCTGCTTGATGTTGAACTTTTACCTCAGCATGTATTAGATCATTAATCGCCTGGGCTTTTACTAGATCAATTTTCCCATTTAAAAAAGCCCGGAGACTAAACTCACCTGGATTTGCAAGGCGGGCGAGTTTGGTTTTTAAAATAAGCTCAAGAATTAAATTTGTATTTAGAACACCGCCGTGAGCGTTAATTTCTACAGTGTCTTCACCGACAAAATTTTTATTTCCGGCAAATCAGAGCACTAAAACTTGGTCAATTTTTTGGTTATCATCATGAATTCAACCAAAAGTTATCTCCATTGACTTTCCGACTTTGCCTAAAAAAATTTTTTCCATAATTTTAAAGGCATTAGGGCCAGAAATCCTAATGATTGAAATTGCTTGGTTTATTTGCCCAGAAGCGATTGCACAAATTGTATCAGAAAGCAACTTAAATTCTCCTAAAAAAAATTAAAAATAGGAAAAATTAAAGCTAAATTCCTATTTTTTTCTCATATTCAGCCAAATTCCCTTGAAAAAAAATTGCACTATCTTCTTTGATATCTAAAATAACATTAGCAACTTCGTTGATCAAAGCAAGATTAAAAGTGGTAAAAATTACCCCTGAGTCATAAAGTTTTAGAGCTTCAATGAATGAATCAATCGATTCAGAGTCTAAATGATTAAGTGGTTGGTCAAAAAGTAGGAAATTTGACTCGCTTAACATCATTTTTGCAAACATCAGACGAACTTTTTCACCTCCAGATGTAACTGAAACCTTTTTAAAAACTTGATCGCCATTAAAAAACATCCTTCCAAGAAAACCTCGCATTCTCTGGGTAGAATTATCCTTGTTTTCTGGTTGTAAATTAAGACTTGGCCATTGTGAAATTCAGGATAATAAATCAAGATCGCCGTTAAAAAAACTATCATTATTTGCTGGAAGATAGTCAAATTTGATTGTCGAACCTCAACTGATTGTTCCTGAAGTTGGCATTTCTTTTCCTGTTAAAATTTCAAGTAATTTAGTTTTAACTAAATCATCTTCGGCAAAAATTACCATTTTTTGACCTGGTAAAAGATTAAAAGAAATATTTTGAAATAAAAAATTACCTGTAAGTGGGTTTTTATAACTTAAGTTTTCAACATTTAAAACTTGTTTTCCCGGTCGCGGGAAAACTCCAAAACGAATATAAGGATATTTTCGTGAGGAGGGTTTAATTTCTTCTAACTGGATTTTTTCAAGTGATTTTTTCCGGGAAGTTGCCTGGGCTGATTTTGAAGCATTTGCTGAAAATTTGGCAATAAATGCTTCTAATTTGGCGATTTGCTCCTCTTTTTTAGCATTAGCATTTTTCTGGAGTTCCTTTAGTAGTTCTGATGATTGTTTCCAAAAACTGTAATTTCCGGTAAAAATTTTTATCTCGCCATAGTCAATATCAACTGTATGTGTGCAAACTTGGTCTAAAAAATCGCTGTCGTGGCTAACAATTAGAACAACGTTTTTATAATTAATTAGAAATTCTTTCAGTCATTTAATCGCTTTAAAATCAAGGTGGTTGGTCGGCTCATCCATTATTAAAATATCGGGGTTGCCAAAAAGTGCTTTTGCAAGGAGAACTTTGACTTTATAGCCGGATTTTAAATCTGACATCTTACTATTTCAGTATTTTTTGGGAATTTCAAGAGCGGAGAGCAAAATTTGGGCATCATTTTCCGCGCTTCATCCTCCTAGGAGCCCGAATTTTTCCTCAAGTTCGCCAGCGCGGTTATAATCTGCTTCAGTTGCATCAGGATTTGCATAAATTTGATCTTTTTCTTGTTGGATTTGGTACAATTTTTGGTTCCCCATTATTACAACATCGGTGACATTGAATTCATCAAACTCAAAATGATTCTGTGATAGAACAGAAATTCTTTGGTTTTGTGAGATATGAATAGAGCCTGAACTTGGTTCAATAAGTCCTGCTAAAATTTTCAAAAAAGTGGATTTCCCAGCACCATTTGCGCCGATAATGCCATAAGTATTTCCTTCTGTAAATTTTAAATTTACATTTTGGAATAAAGTTTTATCAGCAAAGATTTTCGATAATTCTCTAACTTCTAGCATTTTATTTTCCTTTAATTCTAATTTTTTATGGTATAATATTATACAATAAAATCGAAAAATAACTAGTTTAAATTTTCTTCTTTTTCGATTTATTTATTGTCTCTTATTAAATTTATCAAGAAAGAAAGTGAAGTTTAAAAAATATTGCTCTTTTTAATTAAAAATCAAAATGTTGAAAAAAAAATTTAGAAAAATTTTAGCTTTATTCTTGCCAGTTCCACTTGTTTTTTTAACTTCTTATTCTTGTTGAAGTTCACGAATTAAATCAATTAGATCAGCAATTAATGAAAATTTTGGACCAGATTTTGAACTACCAGAAAAACAGGGAGTTTTTAAAAAACAAGATCCAAGATCATTTGATCTTTATGTATCCGAAGTTAATGCAATGCAGTTAAAATGATTTTTAAATAAGTCAAGTTTAATTGACTTATCCCAGGAAGAAAAAAACAAAATTTATGCTTCAAAACTCGCAAGATATTATGTTTTTGATAACAAAAATCGAATATTAGCAGATGAGGATAAATTTAATGCAGAGCAGGACATTAACCCTACCTTTTTAAAAAAAGTTTTTGAAAAAGCAGCGAATTCTTATTCAGGAGACAAAACAAATAATCAAGGAGTGTCTAATAAAAATAGTTTTGAGAAACTAGATAATTTTAAAATTTACCGCGAGATTTCAAAAATTTTTGATTCTAACTGGCGTTTTCTTGAGGTTAGACTTATAAAACCAGGGATAATTGTACCTGATAAAAGAAATTATATTTTAATAAATGCTTATAAGATTTATTATACAAATCCTGTTGATTTTGAAAAGAAAAATGAGGCAGAAAAAACTGAAAATACTGAAAATCAAGCCCAAAACAATAAAAACTGGCGAATTAAAGCTCCAAATCAAAAACCAGTCACGCTTTTACGACTTCATTGATATAATAAAAATTTAGAAAATCCTTTTAAAATTGAGTTTAATTCAATTGAAAATCCAAATTCTGAATATGACTTACAAATGATAAATGATATTGACCAACCCGAGTCAATAGCTGATTTTGACTTTAATTTTTCAAGGATAAACTCTAAAAATACCTCAGAACCACTTGAAATTTTCCATTCAGAACCATTTATTCGTCTAGTTTCGCAAAGTTTTGCAATCCCTTTTGATGGTGAAATTACAGACTTTGAAGCTGAGGATTTTAAATTTAAATACGTGTTTAACGAAAAAAATTAAATTTTTTATAATTTTATATTAAATTTACTATTTTTCTTCAATATAATAAAAAAAATTTCAGATTTTTCCATTATGGTAGAAAAAAACGTAAAAAATTATAATTTTTTGCGTTAAAAATAAAAAATAGCAAAATTTTTACCAATTTTTATTTTTTATGGTATATTTATAATTAGTCTTTAAAAAACGAAAGGGTGAAGATGCAAGCAAAAAACAATTTATCTCAATTTGTGAATATGATTTTTTCTTATAAAATCAATTTTTTTGCATTTTTATTTTTGAATATTTTTTCTAGATCTTTCTCAATTAATAAAATTAAGAAT
CP098240.1_gap13	267570	268314	744	TTGCCTCTAGAGTTTTAGGTACCCCTTCTTATAAAATTCTTTATAATTTTGTCCCGGTAATTATTCCGCTTTTAATTACAAATATCGTTTTTGTAATTCCTGGAACAATTCTTGGTGAAACTGGACTGGCATTTATTGGACTTTCACTTCCAAATGTTGCTACTTTAGGTAATGCAATTAATGCGGGAATTCCAATTGTAACTTTATATCCCCGTTATGTTTTAATTCCTGCATTTTTCTTAATTTTACTTACCTCTTCAATTCAAATGATTGGAAATTCAGTTCAGGATGCCCTAAGGAGGCAAAGATAAAATGATTTCGTATTTTTATTCAAAATCAGCACCACAGTGTCTTAAAACTGAAAATCCCAGATTTTGTTATAAACTAAATAAAAATTTAGTAAAATTTCAAAAAGAATTAGATCTATTAAAACAGAAAAAACTTGCACCAAAAGAATATGAAAGCCAGTTTAGTGATCTAAAAGAAAAATTTTTAGCTTATGAAGTTAATATAAAAAAACATTATCAGGCAAAAAAATCCTATAAATTACGTGCTATTTGAGATCGGATTCAAAAATATTGACATACAAGCTTTAACAGATCCCATTTTGATTTTGAAGCATTTTCTAAAAATGTTGAATATAAGCAAATAGGAAATAAACGTCATAAAATTGTTGCCCAGATCAAAAATTTAAACCTTTCTTTTGTCAATCCAGCAAATCCCGAGATTAGAAATATCGTGATT
CP098240.1_gap14	272964	274213	1249	TTTTGCAGACAATTGATGGTCTAAAAACCGCGGCTGACTTAAGAAAGTTAAAATTATATGATCTTTTCCTTTTAAATTCAATTGATCCAGAATCTGCAACTATTAATCCTTCAATTAAAGATTCAGCAAAATTTTTTAGAAACGACTGGCAGACAATCGAGGATCAAAGTAAAAAAGGATTTATAAATTCTACTGAATCCAAAAGTTTATTTGGAAATTCATTAACAGATGCAGCAGGAAACTTACTTGAATTTGACGAAAAAGGTAAATTAATCGTTGCCGAATTTAAGGAATCTCAAGATAAAAGAACCTTCAGCGATCTTAAAGTAAAAGTGTTTTTTGCAAATGGAAGACCAGCAATTGATCCGACAATTTTTACAAAACCAAACAGCCTTAGTGAATTAAAAGCAAAAATTTCTGAGATCCAAAAAGCATTTTCTGATAATGTTGTTTCTAACTTCGACAATAATGGCTGGGATACAAAAGCCGAAGGATTCTCCCGTTTTCTTCCTTCTAATCCTTTTTTTGCTAAATCACTTAGTGCAATTTTAGCAAATAATGCCGAAAAAGAAGCATTTTATGGGACAAAAATTGCCGATAATCCATCTAAATTAGAAATTAGTGTTGAACTTCCTAGTTCAGTTTTTGATCCTAGTCAAATTCTTAGTATTGTAAAAAGGTATATAAAAGATGAAGAAGCAATTAAATTAGGTGAAAAATTAGTTCAAGATAGTAAAGGCAAATTAGATTTTCCTACTTTTCTTTCAATTTTAAATAAAGAAGAACTTACTAAGGGTAATTCTTCTGCAATAAACAAATTATTTGAAAAAATTTTTCTAACCCCGATAACAGAGAAAAAAGATTTATATACCGATCTAAGAAATATCACCTATTTCCGTGATTCTTTAGTTGGAAAAATTGATTTAGCTGTTGAATTTATTCAAAATATTTATAATATTTATTTTGAATGACTCCAAAATCAAAGCCTCGGGATAAATCAGGCCCTAAATACTCCAAAATCAAATACTACCCCGGATAGAAAAGCTCTTGTTTTAAAAAGTTACTGAAACTTTGTAGTTTCTGACCAAATTTGGAATAATTTAGATAAAATTTTTATTATCAAAGGTGAAAAAAATCCTGATAAAATACCTTCTCGGTCTTTTTCTGCAATCCGAAATTTCCATCGATTAACACCGAATGTTTATGATAAAAATTTCGTTAATTTAACTCAGGGGGCAGTTTTCGCTTC
CP098240.1_gap15	312891	315164	2273	TTACCAAGCCTTGATTTTTAAATATTTTAATGTTTAAATTTAGCGATAAATTTGTTATAAACTCAAAAACCAAGAAAACCAAAGCCAAGAATCATAAAAATAAAAAGTGGAATTATTCAATATCAGGTTGTTTTTTTCTGAAAAATATTTTTTGTTTGATCGCCTTTAGCTAAATTTGAAGCATTTAAATTTGGTGAAAAATCTGAATTAAAAACAGTGAGCTCTTTTTTTCCACCAATTTGTGAAGTTCCAGGTTCTAAAATCAATGTGGCCTTATCTAAGTTTGGATTAGCTCGAAAATTGTTAGCAATTTGAGCTAAGTTTTGAATATAAAGATATTTTTTAGCATCAATTTCTTCTGGTAAAAGTAGATTATAGACATGATCCCTTAATGCGTTTTCGAGATTTTGACTATTTTTTGCAACAGAAAAACTAAATTGCGTTGCACGTATTTGACCTAAATTATGAATTTTTGGATTTGTTAAGCTTCCGACAATATTGACTAATTTAATTGTTTTTCCGCCATAAAATTTTTTATTAGAATCTGGCTTTATTTTTAGTTCTAGATCCCAAACTTTATGCGGAATCTGCTCACTTTCTTCTATATTTTTAACTACTTTTTCAACAATTTCATCGAAATTTATGATAATAAAATCAGCATTAAATTTATATTTTTCCTTAGTTCAACTTTTTTCAATTTCATCAAGAATGAATTTTTTTGCTTTTTCAGGATTAGAAACTCCAGCTAAATTTATTCTGCTAATATCAAGTTTTTCAAAGATATTCTGCCATTCTTCAATAATTTCACTTGTTTCTGGCAATTTTCTAAGTAAAATAAATGGCTTTTGCAGAAAAAAATTGTTCTTAAATTCATCTTTTACCTTAAAATTCGCAAAAATCTTATTATCTTCTTCTTCAAGAACTATATCAACTTTATCACCATTTTCTTGAGAATAAAAATAATTGATAATTTCGGCATAATTATTTGTATTCTTTTCGCCACTTAACAGATTAATTTTGTCAAGTTTAAAGTCAATTTTTGTTTTATTTTCATACTGGTCTGTTTCACTAATATTTATATTTTTAAAAGTGAATTTACCATCATTTTTACCTAATAATCCATTTTTTTTCTCATTTTTATTTATAATATTTATTTCAAAATTAAAAGTTCCATCTTGATTCTCAATAATATTTTCAATTTTTAGCTCATTACCAGCAATTTCATCAATATCATGGATCATTATTTTTAATAAATCAGCCTGCATTTCCGGATTAATTTCTAAAATTGTATTATTTTTTCCAAGTTTAAATTTTGAATTTTGTGAATTTTCTATTATTTTTTTCTTTTTAATCGCTGAAATAATCCGATTTTTTATTAAATTACTTGAGTCTAATTTAGCATTAATTTTTTTAATTGTTTGTTTTTTAACTAAATTCTCAATGAAATTACGCCAATAAAGCAGGATTTTTTCATAAGATAATTTTTTAATATCATCTCAGGACATTTTTTGCAGCATTAAATTTTGTGATAAAATTTGTCCTACTTTTGATTCCCAAAACGGAATAATTGCCTTATTTGGAAAAATTTGACTAAAAAGTTGGGAATTTGAGTTCTCGCCAATCGCAACTATTTTATATGAAGATGTTCCCTTTTCAAAATTTGAACTAAAAAGTCAAATTCCTGAATTTGAAAAGTATTTATTTGTACTATTTGTAATATCAAATTTTTCTGATTTATGATCTTTTTTGCCTAAAAGTTCAAATTTTTCGTGATTATTAGGGTTAATTTTATATCTATATGATGAAATTTTTTCATTTTCAACTGCAGAATTTAAGGTTATATTCGCTCCTTTTCCACTAACACTTCCTTCAGCAATGAAGCCAAAATCTGCATTAAAACCTGATTTTAAACGTGAAATCTCACTTGGAAGCTGGGCAAAATTACTATTTTCTGGCAAGGAATCAAAATTATTGCCAGTTGAAACTCAAAGAATTTCCTTCTTAGTGCCAGTTTCCTTATCAATTAATGGGTCAAATTTAGGGTTTTTTATTTTAAGGCCTAATTGATCATATACTAGATTTCCAGATGCATCTTTTAGATAAGGTTCAATTAATTTTTGTTGTTCTTTATTATTTTGTGGATCTCATGCAAACCACTTAATATCCATTATTGAATTGGCCGCTTTGATTACAAATTCAATTTCATAGACCGCTATTATTTTGGAATTATCCTGTGTTTTATCACTTTTTTCAAATTTTTTTATTTCAACCTT
CP098240.1_gap16	346122	349584	3462	ATTTTTAATCTCTAAATCAGGGGTTATTCCGTTAATTTCTAAGGGAATTTCTGTTTTTTTTCCTTCATTTGTGAAGATAAAATTAAGGTAATTTTTATTCCCTTGGTTTGTAAAATTAAGATTATTATCAAAAATTTTTGGTTCTAAAATTTGCCCTTTATGAATAAAAGTTGGTAAGCCGAGACTGTTAACTAAATTATACGAACCTCCAAGTTGAATAAGCGCCTCTTCAAAAGCAATAAATGTTTGTTTTTGGGTTTTGCTAGTTTTAATAAATTGATTTTGTAATTCCTTGCTAAACTCAGCAAAACTTAAAAAATTTTGCGGTTTAATTGAAATTGATGATTTTTTTTCATCAATTTCAAATTTAGCAAGATTTTTTTCAATATTTTTATCAGAAAAACCTTTAATTTCAACTGCTTTTGAAAAAATTTGCCGTTGATCGCTAGTTCTTATAAAAAATACAATATTTTTAATTGCAGTTCCACTTGCTGTTGCATTACTTAGATCATAACTAATTTGGTAATTTTTTTGGTATAGTTTATCAAGATTAATTAACGTTAAAAGGTCAAGATTATAAATCTTGCTTTTTGCTAATGCAAATGCTGTACTAGCTGATAATTCTTTGAATTGATTACTAATGAATAAATTATCAAAGAATTTTCCAAGATTATTTTCAAAGGGATTTTCAGTTTGACTAATACTTAAATTTTGTGATTTTTCATTTAATTTTTGATAATAAGCACGATTATATGACCAAATACCTAAAGGAATTGCAGTTGAAATAGTTATAATACCACTTAGAAGCAAAATGCTAGTTACAATTCTTGCTGGTTTATTAAAAAATCCTTTAAAATTAGGTATTTTTTTCATTTTAGACCTCTTAATTTTGTATTTTTATTTTTCTAAAAATTAATTTTTTATTAATTTTTAGAATTTTTTGTTATTATAATTTTTAATTTCTGCCTTGCAATAATTGGATTTATCTGGCTATTTTCATCATTTTTATTATCAGCTTTTAAATCTTTGGGATTTTTATCCTTCTTATTAAGATAAAAACTTATTAAAAAGGTTAGTTTATCCGTATTTAGTGAGTTTTCAAAACTTGGTTCAAGTAAAAATTTTGCCTCCTCTTTGGGAAATTGTTCTTTAAAATAAGAACTAATTTTATCAATATTTATGGAAGTTTCTTTAAAATATAAATCTGAATCGTTATTATTGTCATTATTTTTTGGTTCAGGTGAATGCTTATTTGTTAATTTTTCCTTAATTTTTTTAAAATTTTCTTCACTGACACTATAATTTAACAAATCAGCCGGAACACTTTCAACTACCTTATCGAATTTTTCTTGTATTTTAGAATTTTCATCAATTTTTTGAGTTGAGAAATTTATTAAAATTTTTTGAATTGGGCTTTGAAAGAAAAATTTTTTCTGACTAGAATCACCAATAATATAGTAAAAATTTAATGTTAGATATTCATTATCAACATTGGCATTATAAGTATTATCTTTTTCTAAATTTCCATTTATTGATTTTTTTATGTTATTATCAGAGTCTAAATTTTTAGATTCTGGTTGAATTTCAGAATTTTTATTTAAGTTTTCCTGTTTTTCTAAAGAATTTAATTCGGGTTTTTTTAGCTTCTGAATTTCAGAATCATAACGAGCTTTTGAAATTTCATTTTCTTTTTGAAACACAATTTGATAATCTAAATTGGTATCTAATTTTGTTCACCCTAAAAAATTATCAAGTTGACTAGCCTTATAATAAAAAGCTAAAAGAAGGTCGGCCAATGTTGTGAATTTAACACTTGATTTTAGGTTTTCCTCAATTTGTTGTCTTGTAAATTTTCTAGCTGTTTCTTTAAAAAGTTCTTGGTCTTCTAAAATACTAATTACATCAGAAATTGACTTGCTTTTTAGATTATTGAATTTATCTTTTATTGATTTTGGAAGAAAAAGGGATGAAAAAAACCCTTGATTATAAAAATCAGCGAAATGATTATTAAAACTTAAAATATTTGTAGTTTTATTATCAAAATGAATTTTTGAACTAGTTTCAAAGATATTTTCTCCATCCAGGTTATTAAAAATTTGCGAAGCAGTCCGATTTTGATTTAAAAGTCCAAAAGCCTTTGCAATTAGGAAAAAACTATTTGCTATTTGGCTTGGTTTTTTCTGAATTAAATCAGCAAAAAAAGCTGTTACATCCGAAGGATTTATAAAAAAACTTTGTGAATGTAGTGTTTTTAGTTCAATTTTTTGCTCTTGATTTTGTGAATTTATATCAATTTTTTGTTGATTTAATCGAAAATTTGCAATTTCTGTTAAACTAGGTAAGTATGTCTTTCCAGATCAAGCCCGAACTTTGGCCTCAAAATTATCAAAATTAAAATTATACCGTGATAATGAATTTAGCTGTCTTTCTAAACCTTTATAATCTTGTTGCAATAATAAATTATCAATTTCTTCTTTTTTTAAGGGATTATTCGAAATGACCGGTTGACCAAAGGTTGAAATAAATTTATTTTCAGGACTTTCCTCATCATTAAAAAGTGAATTTTTCCGATAAATTAAAGCTTTCTGGCTTCCTGGAATTATTAGATTTTGACCATTTTTATTTGATATACCAAAGCCGCCAATACTTAAAAACAACTCTTTTTCATAGATAATTTTTTGTGAACCAGGTTTAAATAAGGATTCTCTAAGGAAAATTTTATAGGGAATTTCAATTATATAATTATCATTTTCATTTTTTAATTTAGCATTTTGTTGGATAATTTCAAAACTAATTCCGTTTTGATTTTGTGGAATTAGTTTTGAAGTCGGCCCAAAATCTAGAGCTAAATCCTCTTCTAATAAAGAATTAATAACCCCTTTTATGTAATTTTGGTTAGTATTGGCAGATAAAATTCCGGATTTAATTTTTGAAAATATGTCAAAAGGATTCAGTTTAGTTATTATTAATTTTCCGTCTTTTTCTTCAGTGTTAAATTTTAGTGGTTTTAGTTTAATATTTTGAAAAAAATTCTCAACATTGAAAAATAATGATTTTTTATCATTAGTTTCAAATCTAATTTCAAAGATTTTTTCGCTAAAGTTTTGACCAATATCACCTAACATTTTTGCGGCTTGATCAGTTAATTTTGCCTCAAGATACATAATTGGGATATTATCTTGTAGATTTACAAATTGATTATTAGTTTTATTTTTTATAAATTTAAGACTAAAAATCGGATTTTCTGTTTTTCCAATTTTATTATCTTTCGATTCGCGTGCTTGTAAAATCAAGTTAGATAATTCAGGGAAAATTTCATTTATTTTGACCTCAACCTCGTTTGGATTTTCAATTTTATTAACTTCTTGCGCAAAATCAATTGCTCTGTATAACTTTTTTAATTTTTTTTTACTAGTTTGATCAGAAAAATTTGTGGTAAAATTACCTATATTTAAAATATTT
CP098240.1_gap17	351353	354722	3369	AAGACTAAAAAAATTAGCAAATTTAGAGGCTTTTAGTGACCAAAAAGTAATTGATAGTTTAATAAATCTTGGTTTTGAAGTTGATCAAATAACAAAATTAAATGAAATTTCCGGGATTAAATTCGGTCAAATTTTAGAAATTAGAAAAAATCCAGAAGCTGATAATCTCTGAATTTGTAAAGTTCAATTTGCTGATAAAATCAGAGAAATTCAAACAACAGCAAAAAATGTTATAGAAAACAAACAAGTTCTTGCATTTATCCCTGGTTCAAAAAGTGGAAATACTACTTTTTTGGCAAAAAAATTACGCGGGCATATCTCCGAGGGAATGTTAATATCTGCAGCGGAGCTAGGTTTTAATAAGCATTTGTTAAATTCAGAATTAGGTCAAGGTGTGCTTGTTTTTGATCCAATTTTTGATCTTGAATCTAATCCACTTAAGGTTTTAGAACTAGATGATCTAATTTTGGATATAAAACTTTTATGAAATCGACCAGATGGTAATTCATATTTGGTCTTGGCAAATGAGCTTGCTGCTTTTTTTAAGACAGATTTTAGTCTAATAAACAAGGAAATTAGTGGTAAATTTTATTCAGAACTTAAAATTATTAATAAAACTGATAGTAAAATTTTTGCCCTTGAGATTCAAAAGTTACCTAAACTAGCATTAGTTGACATTTTTTTGCTTTTAAAATCAGAAGTAAAAATTGGCAATTTAGCTCAAAATTTTGCTAATTTTATCCTAATTTATACAGGCCAACCTTGCTATTGTCTCCAATTAGAAAAAAACCAGCAAAAAGTTGAACTAATAGAGCAAAAAGTTAAAATAAAATACGAACCTGATGCAATTTCAAGTTATCATTTTCTTGATCAAGAAAAAAAACCGTTATTAATTCCCGAGTTTTCTGATCAAATAATTATGGAAAATAATAGCTTTTTCCTAATAATGCCAAAATTTAATTTGCTGAAGGTAAAACAAATTAAACAATTTTTAAAGAAAAATAGTCTAAAATTAACCCAGTTAGGAAAAAATTATAATTATGGGACAACTTTTATCGCCCTATCTTTTCTAAATTTTTTTCTAGAAGATCAAAAAATTGACTTTTCCTGACCAATTAATTTTGATAAGAGTTTAATTTCCAAAAAAACTTTTCTTGATTTAAATTATAACGAGCTTAAAGAGATTTTAGGTCTAGAACTTAGTCAGGAAGATATTAGTAAAACTAATTTAATTCTTGAAAAAATCGGGTATAATTTTGATAATACTAGTTTTAGTCCCCCTTTTTATCGGGTTGATATTGAATTTTTTGCTGATTATGCGGCTGATTTTCTAAGATTTTATGGCCTTGAAAAACTAAAAGACTGCAAATTAGAGCAAGTAAAAGCCAAAATTCCAAACCCGGATTTTGAACCCGTAAAACTTAAAACACTTGGATATTATGAAACAAATTCATTTCTTTTGATTTCAAAAGAAGAAGATTTTAATCCACTAGAGCTTAAAAGTCAGGATCTTCTAACTTTTCCATCTCAAGAACATACAAAAATTCGTTATTCCTTAGCCTGACAGCTTGCAAAAATTACCAAATACAACCAAAAAAGAAAAATAACTGAGATTAATCTATATGAAAGAGGCTCAATTGCAGGCTGAAATCATTCTTTAGCGCTTGCTTCAACTATTTATACAAGTGAAGACTTAAAAAAGCATTTAAAAATATTGTATAATTATGATTTCGATTTTCTTCCAGCAGATTCAGAATTCCTCAATCCCGAAAAGTCACAATTTATTTATCTTGATAATGTCTTAGTTGGTTGACTAGGTCAGGTTGCGGAAAAATATAACTATGAAAATGTTAATTTTTTAGAGATTTTGCTCTCAAAAGTGGAAAAAATCCCTAAAAAAGAGGGAGGGAAAATTAAATTTAGACCTTATGATAACTCCCAACTAAAATATCGTGATATCACGCTTTCACTGCCTATGAAGGATATTCCTGATCCTTATCTAAAAGTAATTCAAAAAATTCCAGAAATTTTTTCGGTAAAATTAATAAATTATGTTATAATTAATAATCAACAAAAAATTACTTATCGAATCACAGGACCTGATCAGGTTTGTGCAGAAATTGATAAATTCTATAAATAATTTCATTTTTTTATTGATATTTTTATGAAAATGAAATTATTTATAATAAAGGAAAGAAATGGCGATAGTTCCCAAGAGAAAAACATCAAAACAACGTAAACATAAAAGACAGTCGCATTCAGCGCTGAAATTACCAAATTTAGTCAGTTGTAGTAACTGTGCAAATAAAAAGCTACCTCATCATATTTGCCAATTTTGCGGTTTTTATAAGAACCGCAAAATTATAAGTTTTAAAGCAGTAAATGACAAAAATTAATGAATTAATTAATTTTTGTCAATCTTTTTGTGTAAAACAAAAAAAAAAAAAAAAAAAAAAGTAAGAAAAAATTTGTTAAAATAAAAATTTATAGTATAATTATTAATACTTTTATTACTATGCCGATTTAGCTCAGCGGTAGAGCAGCTGGCTGTTAACCAGTTGGTCGCAGGTTCGATCCCCGCAATCGGCGCCATTAGGCCCGTTGGTGAAGCGGTTAACACACATGGTTTTCATCCATGGATTCACGGGTTCGATTCCCGTACGGGTCACCAAAATAAAGGAAGATTAGCTCAGTTGGGAGAGCAACGCCCTTACAAGGCGAAGGTCAGGGGTTCAAGTCCCTTATCTTCCACCATTTCGCCACTTTAGCTCAGCAGGCCAGAGCAGTCGCCTTGTAAGCGAAAGGTCGTAGGTTCGATTCCTATAAGTGGCACCAAAAATAAAATTATTTCTTAAACTTCGTGTACTTTTGCGCGAGTGGTGAAATGGCAGACACGCTAGATTTAGGCTCTAGTGCCTTCGGGTGTAAGGGTTCAAGTCCCTTCTTGCGCACCACGATGATAGGTCAACCTTGTGTTGATTTTTTTTTTTTTTTTTTTTAAAGAAAAAAAGATGATTACATTTTTATATAAACCAAAAAAAATTAGCTCCGCAAAATTTCTAAGGCAGTGATCAAAAACTAATTTGATCAAAAAAGCAGGCCATGCAGGGACTCTTGACCCATTAGCATCCGGACTTTTATTGGTTGCAACTGAAGATGATACAAAATTATTACAATATTTAGATCAGAAGACAAAAACTTATTTAGCAAAAATTCAGTTTGGTTTTTGATCAACAACTTATGATGCCGAAGGTCAAATTTACGCGGTTGAACACTCGATTAAAGTTACTAAAGACAATTTAGAACAAGCATTAAATAGATTATCAGAAAGCCAAAAACAGGTTCCACCAGTTTTTTCAAGTAAAAAAG
CP098240.1_gap18	357345	361170	3825	CGATTAATTTGCGAAACATTAAGAATTGCTAGTGTTTTCTCAATACTGTGTACATAAAGCAGGTTAATATTTTCAATTTGGTCGTTTTCGTTATATAAATTATTATCCTCATCAAGCTTAAGTCATTCAATTACGAATTTTTTTAATTCTTTGAAATTGTTAAATCCAAGCTTTTTTGTTAATTGTGTAATTGTTCCGACACTTATAAATAAGGTTGCTGCAAGTTCATTGATAGTTTGCTCAACAAATTTTCGTGGTTTTGTTTCAATAAATCGGATAATTAATTTTTCAATGTGAGTTAATTTAAAATTTTTTGAAATGGTTAGAACACTCATAATTTAACAATTTTACACTATTTTTAAAAATTTTTAAAAAAAAATCTTAAAAATTTTTAAAATATTAAAAAATTAAAATATACTTAACTTTTATAGGAATTAATAAGAAATCCTTTGCGACATTATTATAACTTAATTTCAAGAAAATTTAGTTAATTTATTAAAAGGTTTCCAATTTATTATTTCTGAGACTTTTAGTGAAAATAAATTTTTCTATTAATCAAAAAAACTATGTTTTTATAGTATTTTTTTGATTAATAGTCAAAAACCCCCCTCAATAGTCCTAATAAATAAGGCTAAAAATCAATAAATTTTTTGTGATTTTATGATATAATTATATTAAATTAGAAATCAAAAATTGGTAGAACTTTTTGATATTTTTTATAAGTTATATTTATTTTTAAGGTTCGAAATTAGTTTATAATATTTTCTTTTGAAATTAATTAAACTTAATTTTTTATGCAAAAAACGCTTAAATTTATAGTATAATTTTTAATTTAAAGGAAATTATGGCTAAATTTATTTTCGTTACCGGTGGTGTTTTATCTGGAATTGGTAAGGGCGTATCAGTTGCCTCAGTTGCTAATTTATTAAAAAGTTGTGGTTATTCTGTTTATATTCTCAAATTAGATCCGTATCTAAACGTTGATCCTGGTGTTTTATCCCCTTATGAACATGGTGAAGTTTTTGTTACTGCCGATGGAGGTGAAACGGATTTAGACTTAGGCCATTATGAAAGATTTGTTGCCCAAAATTTTTCAAAGGATTCAAATCATACAAGTGGCAAAATTTTACTTTCAATTATTGAAAAAGAACGTAGAGGCTTTTATCAAGGAAAAACAGTTCAGATAATTCCGCATGTAATCGATGAAATAATTTTAAGAATTAAAAATGTAGCAAAAAAATATAAAACTGATTTTGTTCTAGTCGAAATAGGCGGAACTGTTGGCGATATGGAATCAAATCCGTTTTATTTTGCAGCATCCCAAATGGCATCCGAATCGAATTTTAAGGATGTTTTTTTTATTCATACAACTTACATTCCATTTTTAAATGCATCCGGGGAGTTTAAAACAAAGCCGGCACAATTTTCAATTGCTAAGTTAAATTCGCGCGGAATTCGTGCGAATGCAATTTTTCTTCGCCTAGAAAATGATAAAATTGACGAAAAAATTGCTAAAAAGGTAGCAAAAAGCGCCTTTTTATCATTAGAAAATATTATAATTATTCCTAATTTACAAAATATTTATCAACTACCATTATTACTTGAAAAAACAGCTTTATTAAAGTCAATTTTTTTACATTTTCAGTTGGAATTTCGCCAACCAAAATTAGAAAAATGAAAAGAATTTACTAATTTATTACTAAAAAAATGGGAAAAAACAGTGAAAATAGGTGCGCTCGGCAAATATACCGAATTTCTTGATGCTTATAAGTCAATTTTAGAGGCTTTTAAAATTTGTGCTGCGCACCAAAAAGTTAATCTTGAATTAGAGTTTGTTGATACGGCAGATAAAAATTTTTCTCTGGCCAGACTAAAAAATTTTCAGGGAATTATTATTCTTCCTGGTTTTGGCTTTCGCGGCTTTGAAAATAAAGTAGAAGCAGCAATTTTTACCTACCAAAATAATATACCAACAATTGGAATTTGTCTTGGAATGCAAGTGATGACAGTAGCGATGGCCAGGCTTAACGGAATAAAAAATGCCCATTCAGCCGAATTTTTAGCAGAAAAACCTGATCAGATAAGCGTTCTTGATTATAATCACCAAGAAGGTTCAAAATTACAGATTGGCGGGACATTAAGACTGGGTGAATATCAAGTAATTTTTGCAAAAAATTCAAAAATTGCAAAAATTTATGGTAAAAATTCGGCTTTTGAACGTCATAGACACCGATTTGAGGTGGTTAAAAAATATTCGGCTAAAATTGAAAATACTGATTTTATCTTTAGTGGTAAAGATGCAAAAACCGACTTGATTGAAGTATGTGAGTCAAAATCACATATTTTTTATATTGGAGTTCAATATCATCCTGAATTTATTACGCGTCCACTCGATCCACACCCACTTTTTAATAGTTTTATAGCAGCTATTATTGAGAATGTTTACTAATTTTTTATTTTTTATTTAATTTTAGCTATCCGAAATAGAATTTTTAAATAAATAAACCCCGAAATTAATGAAACTAAACAAGCCAGAATTACTGGTGAGTTAAAAAAATAATAATAGTTTTGAAAAATTTCTCTACTGATAGAATAACCAGTAAAAATTGTTAATGTGGCACCAATTTGTAGGATAGTTTTAAGTTTTCCTCAAAAATTGGCAGCAACATTAACGTTTTTTTTGGCTAAAAAGATACGAAAACCATCAATAATTATATCCCTAAGAACAAAAATCAGTACTAAAAATCAAGGTACTAAGGTTAAATAAGCAAGAAAAAAGAAGGTTGTTGTTGTTAAAATTTTATCAGTAATCGGATCAAAAATTTTACCAAATTCAGTAACAGCGTTTCATCTTCTTGAAAGAAAACCATCAAATAAATCAGAAAAACTACCTATGATAAACAAAAAAAAAGAACCTAAAAAGAGAGAAAAATTGTCGGTTTTGCTAAAAAAATAAAGGAAAAAACCGATTATTGTTGCTGCAATTATCCGAAAAAGAGTTAGGAAATTAACAAAATAAGCACGGATTTTTAGCTTTTTCTTCTTCATTTTTTTCAAAAAGATCGTTTTATATTATTTGGTGAAATTCGGTACGTTTCAAAATATTCATCAGAAAGTTCTAAAATTTGTTCACTTTTAATTTTACCTTTTTTTAGATCGTTAATTAACGACTGATAATATTTTTGAAATTTAATTTTTTCTTCATTAAAAAAACTGAGAATTGTTTGATCAAATTCCTTTAAAAATGAAAAAAAATCAAAAAAATACTTAATTTCATCAGAATTTCTTTTTTTTCATAAATTTGACTTTTCTTTAATTAATAAATTTAAATTATCAAAAAAAATTTTTTCTGTTTCATAGCCAGATTTTAAAATCTGATCAACAATTGGATCTTTTTCAATTCTTAGTAAATGGATTTTAGCTAAATTATTTAAATCTGACATTTTTAATTTACTACCAACTACGAAGTTTTCTACTAATTCCTCGTTTTTTTCAATAATTATAATAATTCTGGCTAAAAAAATTGCCAAGGATTTATTTGCCAATTTTTTCATTTCCTCTTTTTCAGTTTTTAATTTTCTTAATTTTATACGATTTGTGATAAAACTATAAGCAAAAAAACCGATAATTAAAGTTACAAGTAAAACAACTACAACAATTAAATTAGTATCAACCATAACATTTTCTTATATTTTTTTAAAAATATATTATTTATTTGTTAAAATTTTGGTATTTCTCTTTCTGAATCGGTAAACTTTTTTAGCATTTTCATCAACTTTTATAAAGCGACAATTTGGGAAACTAGAACAGCCAATAAAACGCTGA
CP098240.1_gap19	377955	378715	760	TCCTAAGAATATTCTTTTAATTTCACTTAATAAAAACAAAGTATATATTTATAATTCAAACGACTTTTTAGAACATATTGAAAAAGTTTATATTGGTGCTGCAAGCATTAATAATTTTGACTTCCATACAGACAAAAAACCAAAAAAATTAGATCTAAATTTCCACGCAGATCAAGAAGAATTAATAAGTTTACTCAAAGAAAAACAATACACAAAAATAAATATCGATGAAAACTGCATTGTTGGTTGAGCTAGTGAATTTTTTAGAGAAAATCCCGGAAAAACTAAACAAGATTTTATTGGCGATAATACTGGAAAAACTAGAACTCTAGGTGAAATTCGTGATCCTAATATTTTTGCTAAATATATAAATCCTTATAAAAAAGATTCCAATGTTCGTTTTGAATATTTAATGGATCAGTTAAATACAAAAATTCAGCAAAAAAATTTAGGAGCCTTTTATACTCCAAAACCTTATGTAATTAAAGCCTACGAATTACTTAGAGCGGCAATTTCGGAAGTTCCTGAGGGAAATGACTATATAATTTTAGATCGTTGTGCTGGGACAGGTAATTTAGAAAAATGATTAACAGACGAGGAATTAAGTCATGTTGTTGTTTCGACTTACGAATATTATGAATATAAAGTTTTAGTTGAACTATTAGGAGATAAGGTAAGACATATCATCCCTCCAACTGAAGATTATAACACTTTTCAGCAAGGTTTTGTAAATGGAGCTAATGCATTAAGTGAAGAATAT
CP098240.1_gap20	380333	380835	502	GCCTAACTTGCACACATATTTAGGAATTCGTGAAGACCAAGTAGCTTCTTTGACAGCCATTATTGGTTGAGTTACACTTGCAACTCAACTACCGGGTGGATTTTTATCTAATAGGATTAGTTCGCGTTGACTCTTATTTATTGCTGTCTTATCAACAGGAATTATTACATTTTGATTTGGTATAACCATCAAAAATGCTCAACACTTAGGTGAAGAAAGCGCTTTGACTCAATATAAAATTATTTGAGGTCTTTGAGGAATCACATCAACTTTAATCTTTTGAACCCCACTTTGAAAACTAGTTTCACAGCAAACCGACCAAAAAAACCAAGGTCTTGCTTATGGGATTCAAGGTAGTGCAAATGGTATAGTTGGATTTTTCCTAGTTTTTGTTATTGGTTTAATTATTACTTCAATTTATTATCCAGAAAATCAAAATACTAATGAAATCAATAGCACACCTTTTGCTGCTTATACTTTTATAATTGGTAGTTTTTTAGTA
CP098240.1_gap21	502112	504667	2555	TATATGACGAAAAAAAAGCAGATATTTTCGAAGATGAATTTGGTAAGTTTTTCTTAGGACATCCTTTAGAACAAACTAATAATATGAAATTTAATATTCAAACATCTCCAAGTTTATTTTTTCCGATATACACCGATGGAAAAGAAGTTTCTTTAGTAAAAAAATCTAATTTTTTTGAACTTTTTCCTCCAAAAAATAGAAATGGTGTGCAAGGTGTATGAAGATGATCTAGAGAAAAGTTAATTAAAGAAAACAAAAATATTTTTGTTAAAAAAGTAAATGATAGTTATGAAATATATCCAAAAAGAAGAGAATTTACTTATAGATTAAAAAATATAATTATATCTTCAAGTATATCAACAACCTCTGGTGTTCGAGAAATATGAAATATTCTCAAAGATGATTCATTTACTACTCCTAAACCTGTTTCTTTACTAAAGTTATTAATTTCTTTAAAACCTAAAGAAAACACAAGAGTTTTAGATTTCTTTGCAGGTTCAGGAACAACAGGACAAGCAGTTTTAGAACTAAATAAAGAAGATGGCGGAAATCGTTCTTTTGTTTTAGTAACTAATAATGAAAATAATATTGGTCAAAGTGTTACATATGAAAGACTTTATAGAATTAATAAAGGTGAAGGGACAAAAGGTCAAAAAGACTTTGAATGAATCAAGAAAAATGAAGCATTTGATACAAGTTTAAATGTATTTTGATCTAAAACTTATAACACCTCTTTATTAAATAACAATATAACAAATCAAGAATTAAAAGATAAGTTTATAAAACTTTTAAAAGATTTTGGAATCAATAAAGACAAAGAAAGAATTGATGATTCAGTGCTAAAAACTCTTTCATCTTTAAGACCATATAAAGAAGAAAATAAAGGAAAATAAAGGAAAAACAACAATTAATTGACCATGCCTGAGGATTAATAATTACTAAAATGAAAGATAAAATAAAGAATACAAAATAAACACTCAAGTTGGAATAGTAATCACTTTAAAAGAAGTAGATGGAATAAATAGAATAGCCGAATTCATACAAAATTGTAAGAGTCAGAAATGAAATGCATATACTTTTGATATTAATGTATCTAATAATATTTTTATTAAAAAACAGGAGGATTTAGAAATAATTTAATTATAATTTAATTTAAATAAATTACTTATAAGGAAAAAAATGAACAAAAAAGAAGAACTGTTGAAAGATCATTTAAAGGAGTTAGGACAAATTTCTAAATCATCTTTAAATGAAAATCAAAAAGAATTAATTAAATTAAATTTAGAAATTTTAAAAAATAATGACAAAATTTCTATAGATGAATTTGAACAAATTTGAAGATTTTTAAAACAAAGAGTAGCAACAGGTTTTGTTTTTGATGAAGCCCCAGAAATTAATAATCAAAGTATCGCAATACTTGAAAAGGACGAAAAATTATCTTTTTCTTCTTCAAAAATGAAGGATAATTTACAAAATTCTTTAATCATTGGAGAAAATTATGATGTTTTAAAGAATCTTATAGGAGTAGAGAGAGAGAGAGAGAGAGAGAGAGGATTCTAACTTCGATTTAATCTACATTGACCCTCCTTATAATACACAAAAAACATCAGATGATGGAAATAATTTAACTGACGATCAAATAACTGCTGACAAATTTATATATCGGGATAAATTTTCAAGAACTGGATGATTAAATTTATTAAATGAAAGACTAAAATTAGCAAAACAACTTTTAAAAGAAGATGGAGTTATATTTGTATCCATAGATGATAATGAACAGGCGTATTTAAAAGTTTTAATGGATGAAATTTTTGGTGAAGAAAATTTTGTTGCGAATATGGTTTGAAGGAAGTCAGCACAAGGTACACATAAAGATGTTGAAGTTGATAATTTAAACACTGTAAATGAATACATAGTAACATATGCTAAAGATAAATCAAAATTTAAATTTGATTATGTAAAACATTCACAAGAAAAATTGGATGAAATATATAAATTTAGAGATAAAAATTTTGAAAAATATGGTGCATATAAATTGCAACCACTTGTTAATAGTTGAAACGGTGCCTGATACAGATCTGGACAAGATTATGAATTAGAAGCTCCTGATGGTACTAATTTTAAAATATGACAAAATATCGATAAGCCACAAAGTGCATCTTATTCTTGATCTAGACCTACCTTTGATAAAGCTAAAAATTTGGGTTTAATTGAATTCAAGAAAAATAAACAAGATTATTGAGTAGTTCATAAAAAAGAATATCAATATGCTAAATTTGATACAAAAGAAGGTGTTTTAAAAACTGTAGCAAGAGGTGTTCCTTTTACAAATATGATTGTTGCAAATCAAAATAACTTAGAGAGTGATATTTATACATCTGAAGGTGCTAGAGAACTTAATTCCATCTTTAATAGTAAAGAATTCGACTATCCAAAACCAGTTAGATTAATAAAATATTTAATAAAAATGTTATCTAGCAAAAAAAACATTAGAGTCCTCGATTTCTTTGCCGGTTCAGGTACAACTGGACAAGCAGTTTTAGAACTTAACAAAG
CP098240.1_gap22	676223	679725	3502	GTTTATGTTGATCAAAAACTGTTGGAAGATAAGGGGAATTATAAAGTAAATCTTTTCTAAAATCCTGGCCATATCAATAAGCCCCGAATTTTAAAGCATCGCCTGTTTCCCCAAAACGGCCTACTAATTTTCCATCTTTTTCTTTTGCAAGTTCTTTTGTTCTTTTATCAATAAAATCGGAAGGAACTGGTCTAAGCATCCCTGAAAGAACGATTTTATCAATAAAACCATTGAAAAAAACCTTTTCTTTATTTGCTCCTTTTTGAAAAGTGAGTGCTTTTTGGCCTTTAAATTTTTCAAGACTACCTTGATATTCTTGAATATATTTATTTTCATCATCTAAATCTTTTGGATCAAGGCCAAAAAGTTCAAGGAGATAAAAATTAGTAATTGTATTAGTAAAATAATTTGATTTTGGATCATAATTAGGAATTTTTTCCTGTGCTAACTTGTCAATTTCTGGACTTCCGCCAAATTTTTCACGCTCGCTTGGAACCGAAAGTCGCTGGCTGCGAAACCCATAGAAATAATCACGCGGTTTTAGATAATATCCTGAAGGTTTTCCATCTCAAGTAACCCAGTTTATTTGATCTTTTAGAAAAAACTGAACTTTTTTCGCTTTTTCAAGCGAAGTAGCAAAAAATTCGGAATTAATTGAATTTTTTTGCTGCCGAAGTCAATTTTATTACTAATGACTTCGGTTTTTGACCTGGTTTTAGATAACCTAATTCATGTTGATCGCTATCAAAAACTAGTTGAGTTCCATCATCTTGAGTAACCAAAATTGCTTTAATATTCACAAGGGCGTTTCAAGAATAACTTGGTTGGCTTGGTTCATATATAAATCGCTTGTCTTTTTTGGTTTGATCAGCTGCTAAAACACCATTTTTTTCAATTTTTAGTTCATTTTCATAAACTGTTTGGATCAAAAATGAATTATTAAAATAAAGTTGTGAACTAGTCAATGGCGATGTGAAAGTGTTATTAAAACTTTTAAAAGCCCCAGGTGAAGAAGTTGCGCTGTTAACATTAATATTAAATTCCTGCCGCTGCCAGGCTGGCTGAACCCCGCAGGATAAAAAACTAACTAATGAAGTAATACTTAAAACTGAGCCAATAAATATTTTACCCACCTTTTTCTCCCTTTTTTTTTTTTTTTTTTTTACTAAAAAAATAAAAAAACTACTATTTTGAATAGTAGTTTTAAATTTTAAATGGTGAATTTACTATATCAAAACAAAAACTACTATTATAAATAAAGCAAAAATCTAACATTAAACTTGCGAATAATGTTATTTTTTACTTTATATTTATTAGTAAAATTTGTCTGCATTGTATTTCCTGTAAAGATATTATAGCACTTTTTTTAAAAAAACCAAAAAATTTCAAAAAATTTTTTTTCTTGGTTTTTTTAAATTTTGTTTTATAATATTTAAAACAAAAATTGAAAGAGTAGTAAGGCCAGCCCAATTGCAATTTTTGCTTTTATATATTATAAATAAGGCGGAATTATAATTTTATATTTTCCCCGCCGGAAAAATGATCCTAAGCCTTGCTTCAGCTACTTTTGTAATTGGGGTTTCTTTTTCTATTAACGAAAGTATATGTAAAAATTCTAATAAATCAAGGTAAAAATAAAAAACCTTTGTTTTTATAGTGTTTTTTAAAATATTATCTTTAGAAACAAAAAATTAATGCCGGTTTTTTAGAAAAACCCATAAAAGATTTTTAAATAAAATTTCAAAAATCTTTTATGTTTTTAAAATTATTAAAAAAAATTATATTTTTGTTAATAATTTTAAAAAAACGAAAAGAACCAAGAAATTACTAAGAAATTAAAAACTGCTTTTTTAATTAAAAATCGCAAAAAGCACTTAAATTACAGCACTTTTTTTACTTTTAGAATTTTAGGGCAAAAAAACAAAAAAATTTTTTTAAATTTCTTATTTTTTTTGATATAATTTAAATTCTAACCGTTTTAGATTTTTTTGAAAGCTTTGATTTTTATTTTTTGTTCTTTGAATTTTAGTTTTTCCATAACATTAAATTATGCTAAATGAAAAATTTCCTTTTGTTTGACCGTTTTTAATATATAATTATAATGTATATTTCTAAATGAAATTATGTTTAAAAAACCTTATAATTTATAGTATATTTTAATAACTAGGGAAAACAATATGTCAAAAATTTTAGCAACCCCAAAAGCAAGAGCGATGGCAAAACAAGCTAATATTGATCTTGCTGATCTTAAAATTCAAGGTCGGAAAATTGAAGCTTCCGATGTTGAAAATTACATAAAATCCTTAAAATCAGCACAAACTAGTGCTGAAAAAGTAGAAGTTTCATCGTCTCAGGCTGAAAAAACTTCTATTCCCGCGTCAATTCCGCCTAAATTAGAAGGAAAACGCGAGAAAATCGCTCCAATTCGAAAAGCAATTGCAAGAGCGATGACTAATTCTTGAAATTCAGTTGCCTATGTCAACCTCGTTAATCAAATTGACGTTAGCGATCTTTGAAAACTTAGAAAATCAGTTTTAGAGCCTGTCCTAAAAACATCAGGTGTGAAACTAACATTTCTTGCTTTTATTGCCAAAGCAATTTTGATTGCTCTTAGTGAATTTCCTGTTATGGCAGCAAAATATGATGAAGCAACAAGTGAAATTGTCTATCCTGATACCTTAAATTTAGGTCTTGCTGTCGATACTGACGCCGGGCTTATGGTTCCAGTAATTAAGGATGCTCAAAAGCTTTCAATTGTAGAAATTGCAAAAGAAATTGTTCGTCTTGCCAAAGCTGCCCGTGAACGTAAAATTAAACCAAGTGAAATGCAAGGTGGATCATTTACAATCACAAATTATGGATCAGTTGGTTCACTTTATGGTGTTCCAGTAATAAATTATCCTGAACTTGCAATTGCTGGAGTAGGAGCTATTATTGATTCGGCCGAGGTCAAGGATGGTCAAATTGTTGCTTCAAAAATTATGCATTTAACAGTTGCTGCAGATCATCGTTGAATTGATGGTGCAACAATTGGTCGTTTTGCTGCAAGAGTTAAAGAATTATTAGAAAAACCAGAAATTTTAGGAATCTTATAATGTATAAATTTAAATTTGCTGATATCGGTGAGGGACTACATGAAGGTGTTGTTGCCCAAATTTATAAAAAAGAGGGGGAAACAGTCAATGAAGGTGATTCGCTTTTTTCTGTTGAAACTGATAAAATAACAGCGGATATTCCTTCCCCAAAAACCGGAAAAATCGTAAAAGTCTTAATGGCAGAAGGCGATACAATCCACGTCGGTCAAGAAATTTATCATATCGATGATGGCTCAGGAGCTGAAGCTGAAGTTGAAGAAGCAAAACCTGAAGCCGAAGAAAAACCCGCTGGAGGAGCCAGTGTTGTGGGCGAGGTTAAAGTTAGTGATGCACTTTTAAGCTTTGATTTTGGACCAAAAAAAGCAAAAACTGCTTCGCCAGAAAAAGTTTTAGCCGCTTCAGATTCA
CP098240.1_gap23	682545	687372	4827	GAAAATCTGCCATTTAATTGATGAAGAACCAGCATTTACTACTAAAATTTTTGCTTTCACTATTTACCTTCTTCAACTTGTAGAGCGCTAATTAGCACGGTATTAAAGACATCTTGAGTTGTTGATCCGCGGGATAAATCATTAATTGGGGCATTAATTCCGGTAATTATTGGACCAATTGCCCCAAAATTTCCCAATCTTTGGGCAATTTTATAGCCAATATTTCCTGCATCAAGATTCGGGAAAATTAAAATATTGGCGTTTTTACCTACATTTACTTCATATTTTTGGCGGCGAACTTCAATATCAAGGGCGGCGTCAAGCTGAATTTCACCATAAGCTTCAATTGGGGATGTTGCATTAAACATTTGCGCTGCTTTAGCCACTAATTCTGACTGCGGCGATTTTGCTGATCCTTTTGTTGAAAAAGAAAGAAAAGCTGGTTTTGGATCAAAACCTAACTGAATAGCAAAATCAAGGGCATTTTTAGCAATATCAACAAGTTGATTCTCATTTGGAGCAATATTTACTGAAATATCACTAAATAAATATTTTTCCTGATCTTTATGCATAATCATTACTGATGAAATTGTTTTTATATTTGGTTTTGGGCCGATTATTTTAAAAGCTGCTCGTAAAATTTCGGCTGTTGGGTAATTAAGACCCCCGACAACTGCATCTACTTTTTTCTTTCTTAGTAGCATCGTTCCATAAAAAGCATTTGATTGAAATTGAATTTCAGCTGACTCAGGAGTTTCTTTTCCCTTGCGGAATTTAAGAAATTCCTTAATAAATTCCATTTTTTCTTGAAAATTAACTATATGTTGATCAACGTCAAGATTTGGAATTTCTTCATCAACTAGTAAAACCGGTTTTACTAAATTTTTTTCCTTTAAAAGTTTTGCCGCGGCAATTGCTCGCGGATCAGCGCCATCAATAATTAGAACTGAGCGTAAACTTTTTGTCTCATTTTGTTGCTCAAGTCTTGCTTGAAGATATTCTTGGTATGTCATGTTTTCCTTTCAAGTCCTAGAAAATTAACTTTTAAATTTTAAATCAAGTATAATTTTATACTTTTTTTTCGAAATTTTCTAAAAAAGCATTAAAAAATCTATTGCTTATTTAAGAAAATTAATCAATATCTTCGATAAAACCAAAATTTAGATCATTAGGTCGTGTAAATTTATTTTTCTTTTTTAGACAAATATATAAGGTATTTTTAAAATCATCATCATTTTCGAAATTTTCAATTTCTTCAAAATCAGCAAGTCCAATTGTTAAAATTTTATAATAGGATTCAAAATATTCCCTAAATATTTTAAAATTCAAAACAATCATAAAAGTAAAAAATGTAGCCTCAAGGATGATAAACACAGTTAATCCAAGATTTTTATCTATAAAAATTTTACTAACCAAATCAGTTTTGAGTCAATTTGAGGCAAAAGTATAAAATAATTCCTCGATAATTGATAAAGTTATAAGAATAAAAAAGAGAGCGAAAAATGATCAGCCAAGAAATGACATTATTGCCAGATTTTTATTCATCGACTTAATCTCTTCAAAATAATTGACCTTATATTCGCGCAGTCGGAAATCATTTGCATAAGGTTTTCCATCTTTTATTGAACATTTTCTAACTAAAAAATTAAAAATTTGTTTTTTATTTGAAGTTATAAATAAACCTAGAGGTATAATACTTAATAAGTCAAATCCAGCAACTTTTTCGGTGTTTTTATAATTAAATTCTTGAAATTCTCGCCAGAAATTATTGCTAATTAAGAAATTTTTCCTCACATTTTCAGGTTCGAAATGGAGAGATAAACCAGAAAATAAAAAATTATTTTTCTTAAAGATACGTCCACCTTTTAAAATAAAAAATAAAGCAAAAAGAAAAAAAATAATTGATAAAGTTCAAAAAATTCAAAGAACTTTATCAAGATTTTTAACAAAAATATTAAGATCAGCTATTTTTTCTCCATTGCTTTCCAGTCAGTTTTTAAAATTTATCTCTAAAAATAGACCTATTCCTAAAAAATAAAAAAATAAGCTTAAAAAAAATACGATTTTAAGCAAAATTAACTTATTTTTTTTAATTTTCCGGTGAAAAAATAAAACATATTTTCTAATCTCTTCACGTTTTTTCATATTGTTAATAGTTGTTTTTCAATTGACTTGTTATTACCAAATTAGTTAAAACTGAAATAGCTGAGACTAAAGTATCAAGAATACTTATTATTGCACCTAAAGGATTTGCATATTTTATCGTTGTTAGAACACCGCGTTTTAATTTCCCTGCAATTTTTAGACCATCAACTATTTTATGAGCAGAAAAAAATGCTTTTTTAAATAATGCTTCAGTAACAAGATCACGTAATACTGTATTTGTTATTTTTCTTCCTAGTATTCTTGAAACCATTACTTTCATTACCTTTTCAATTGTAGTTTTAATTAAATAACGTACTGCAGATGTTTGAGTTGATATATTTATGATATTATAAAAAAAGATAAAATCAGGGTCTTTATTCTTCAATTTGGTTTTTAATTCGTCTTTAAATTCTTCAAAATTCATCTGTAAAAATTTATTAATTTTTTGATATTCAGATGAATTTTTAAATTCTTTTATTCTTTTTAGATCTTCTCCAATTGCCTTTTGAGCCTTAAAAGATTCGCTTACAAAAAATGTCATTATCGAGGATTGTAATGCTGCTGCAGCCGCAAAAGGAAGAGTAGCTCCAAAAGTTCAGAATGCTAATCCCGTATAAGTTAAAAAAAGTGCTCAGGAAGCTGCTGCAAAAATTGACGATGTAATATTAAGGCCATTATTTATATCATATAGTTTCTGATATTTCTTGAAAAATTCCTCAAATCTTTCTTTTTTTTCTTGAAATTCAGTTTGTAATTTTAAAAATTCATCTTTTATTTTAGCATCGTTTAGAAAATCATCAATCAAATTCTCCTGTTTTAGTTTTGTTGTTTTTATATTTGTATCAGTTTTTTGAGATAAAATTCTTTCATATTTTGGTGGGGTTGGCGGGTTTTTGTGTTTTTCAGGATTTGGTTCTATTTTTTCTTGGTTATATAAAACGTTTTTTGGGTGTATATCAAGTTCAAAACTAGAACTTGTATATTCTAAATATTTATCTAAAACCTCTCTTGGAGTTATTTTTTTTAGTTCTAATTGCTTCTAAATTATCATAATAATCAAATTTAAATCTTGTTTTTAATTGCAAATCATCAATATTTTCTAAACTAAAATTTAAAAAATTTTCTATTTCTGGATAATCGCCAAAATCAACATTTTCAATATTTCCCTGCATTTGTAGGAAATTTTTTTCAAATTCCTTCTGCGCATAAGCGCCATCAGGAATTGACATTTTTACCGGGGTTATTTCATAAATTTCTTTTGGTAAAACCATTGCAGGTCTTGGGTTTCTTCCTTGAAAAATATCCATATTTACAACTTGATAGACAGGGGCTAAAACCCCTGGAAGTTGGGATAAATCACCTAAATTAAATAGAATTTTCTTCATAAATCAGCCCATTATTTATAATTTTTGCTAGTTGATCAAGCTGATAAAATTTCTTTTCCATTTCTTCTCCTAGCGCCTTAATTATACCTAAAAAAGAATTATTTTTTGAATAAATTTCAAAAATATTAAATCCGAGATTTGGACTTCAAAAATAGATTTTCTCTTCTTTTTCTCTTCAGAATTTAAACCCTTTATTTTCTAAGGTAATTTTTAGATTTTCACTAAGAAAATTTTTGTCAATAATTAAAAAATTTTCATTATCGCAAACATTAAAACCGAAAGGAATTCTACTATGCTTTAAATAAAAAACAATATTTTTTGAAGTTGTTATTTTGAAAAATGTAGAAATATACATAGTACCAAAACAAAAATCATCAAATACATAATCTAAATCTTTTTCCTTAACCACAGATCAATATTCTTGGCTAATATTTTTGATTTTTAATTCGTTATTTGATGCTAAAATTTCAAATTTTTCCACGTTTTCAAATAAAAAACCGCTCTGGTGAACCATTTTATTTATCGATCAGGAATTAAAATCAAAAACAAATTTCCTTTCGCGATAAACCATTTTTAAGAAAAAACAAATTAAAGATGAAAAAAATGCCACTAAACCAGAGGAAAGAGCAGTATATAAAATAATGAAAATTACATTTTCTTCATTTGTGCCAGAATTTTTAAGAATTAGTACATTAAAAAGTAGAACAAAAGTTATTAATGTAAACATTACCGCAATTCTTAAGAAAAAATTAAAAGTTTTATCTATTTTTTTTAATCGAAATCCAACCAGCATAAATCTTTGTCAGTATTTATCAAGTCGGTATTTTTTCATTATTTCTACTAAAATATTATTTGAATTTGTATTTTCCATAATCTAAAATTTTACATTTTTTTATAACAATTTTTAGAAATTACCCTTTAATTTATAGTATTTTTTTATTTTTTAGTCTAAATTATAAAATTATCTTGAATTTTATTTGAATTTTTATAATTTAGTACTAAAAAATACAAATATTTTTTCCTATTCTAAGAAAAATTCATTTTTTAAAAAAAATTGATTTTTATAGTATAATTTATTTGTATAATTGAATTAACTTGATTTGAAAGGGAACAAAATGAAAAAAATGCTTAGAAAAAAATTCTTGTATTCATCAGCTATTTATGCAACTTCGCTTGCATCAATTATTGCATTTGTTGCAGCAGGTTGTGGACAGACAGAATCAGGTTCGACTTCTGATTCTAAACCACAAGCCGAGACTCTAAAACATAAAGTAAGTAATGATTCTATTCGAATAGC
CP098240.1_gap24	689194	689923	729	GTCAAATATGTCTCTGATAATATTGTTGTAATCCGCGATGGTAAATTCATTTCCCAGTATAATAAAAATGAAGAAATAATTGATGAAAACCGGCTAATTCAAGACATTGTTGGCCGGCCTTTAAAGTCCAAATTTCCTCCTAGGGATTTAGATCGAAAAATCGGGGAAATTATTTTTGAGATCAAAGATATAGTCATTCCTCATGCTAGTATTGCAAATTATAATGTTGTCAAAAATGCCTCACTTGATGTAAAACAAGGCGAAATTGTCGGAATTTCCGGACTTGTTGGATCGGGTCGAACCGAATTAATGCTTTCACTTTTTGGGCAATATTATAACAAACCTTCAAGTGGCAAAGTTTTCTATAAAGGTAAAGAAGTAAAATTTACTAACACAAAACAGGCAATCAAATCGGGAATTATGTATGCTTCCGAAGATCGAAAAAATGTTGGTCTAATCCAAATTTTTTCGATTCAAAATAATATCACTTCCGCCGCCTTGCATTTATTTTCAAAATGAGGAATTCTAAATAAAAATAAAGAAATAATTAATGCCCAAAAACTAAAAAAGGATGTAAGTATTAAAACAAAAAATATTCTAAATAATGTCGAATCCCTTTCTGGGGGAAATCAGCAAAAAGTTGTAATTGCCAAAGCTTTAAGTACCAAATTTGACCTTCTAATTATCGATGAGCCAACAAAAGGTATTGATGTTGGCTCAAAATACGAA
CP098240.1_gap25	799310	803214	3904	AATTTGCAAATGGGCAGAAGAAAAAAATTTTGACTTTTTCATTACCGCTGATCATGGAAATGCTGAATTAACAGAGGATGAAAACGGAAATCCGTCAACAAAACACACAACTTTTCCGGTTATGTTAATTTCAAGTGATAAAACCATCAAACTAAAAAGCGGAAAATTAGCAAATATTGCGCCAACTATTTTGGACTATTTAGGACTTGACAAGCACCCTGATATGGACCATGATTCTTTGATTATTAAAGACAAATAATTTTTCTTTATTTAAAAAAGTGTCCTAATTTATAGTATTTTTTAAAATCCACCAAAAATTTATTTTTTCTTTTTTTTTTTTTTTTCTTGATAAAGTTACATTATAAAAACGTATTATCTACTTAGATAAAATACTAAAAAATTGGAGAAACAAAAAAAATGAAAAAAAGTAAGAAAAATTTATTTAAAAAAATAATCAAAATTTCTCTTTTTGGTATTTTTTCAACTTTATTTGTAATTTCTTCTACTAATGACAATCTACAAATTCAATCTGTTATTAGTAGAAGAAATACGGAAAATTGAAGTGAAAAATCTCAAAACACATATAAAGTTAGTCAAATGGCTTCTGTTAATAACGTTGACGAAGATGAAATTTCAAAAGCAATTCTAAAAATCAAACCAAGAGAAGATGAGTTTGCCCCAGCAATCCCACTTTTATTTGGGGCGCTTGGCGGAATTCTATTTGGCGGGGTATTTTCAAGTTGACTTAGCCAAAATCCGCTACCCGAATTACCTCGATTGGGCAATGTTGGCTCATATGCCCCACAAATTGACCAAAAACCAAGTGAAAATACTGAGAAAAAAGTATCAAAAAGGTATGAAAATAATTCATACCAAAATTCTTTTCTTGATTATTTCCAAAAAACTGAAAAAAAATCTAAAATTGAGAATTCTGGACCTGTATATGGGCCATTTTTGCCTGGCGAAGATAAGCGCGAACTTGACCCAATTGTTGCAAAAAGTGCTAATTCAATAACAATTGATCTTAATATTTTATCGATAATAACCAAAACAAAATTATCAGAGAGAGTTGCAGCCTTAAGCAGAGTCGAATTCGTCGAAATTACTGATAGGAAAAAATTAAAAGATTATAAAGATATTCATCTTGCATACTTTTTTGACGAAGTTCCAGGTGGAAAACCAAAATTTATAATTAGCAAAACTAAAATTAGTGAACCGGTTGCTTGGGAGCTTTCAATTTTAGGTCTGCAAATTGAATTAGGAATTCCAGAAATTTTAGAAAAAAATTTCTTCCCAAATATTCGATTACAACCATTAAATTTAATAGAAAAATTTCTGAAAAGATTAATGTTTAGACCTAATTTTTATTCTTATAGTAAACATAAAATGCAGCAATTAGCCTACAAAATTGCCGCCACAATCAACACAATAAATTATGGAAATTTAGGATATAATGTTCCATATTTAAATAATGATAATGATCCAAATTATCCCAAAAGTTATTATATTGTTGAAGATTTTTATGAAGAAATATTTGATAAAAATGAAAATTGATATATAAATATGCCATCAAGTGAAACATATTATTTAGAAAACCCAAAAATAGACCCAAATAGAACTAAAAATATCTGAAAGAAATTAGAAAAAAAGTCTATTTTTTTTAAAAACTACCATGTTAGAAGGGTTAAATTCAAACCAAGTGATAGAGAAAAAAATGAAAAAACGGGAAGGGATATAAGACATAGTGACCTAAAAAAAATAGAAGGAATTCATTATTTATATGGAGATCCAGTTAAATTCCCTTATTAAAATTAAGGAAAAATTTATCGAAAATAGATATCGCGAGGTCATTCCGCGCGATTTTATTTCAACAAGAAATATCTACATGCACTGAAAAGTGCCACCTATTTCGGAAATCAATGGCGAAAAAATAGTTGACTGTTGGCCTCCTTTACCTTATTGTGATATTAAATTTATGCCATTTTTAGAATTTAACACTTCTTCCTCAAGTTTGGGATTGCACAATCCAATCGAGGATATGATAGCAATTCCTTACAAACAAGGTGATTATATTTATCGACTTCGTCTTGAGGAAATTCAAAGAGCTACTTTTTTTTCAAAAGAATTAAGATTTTTTAAATTTTACAAGAAATCAATTTCTAAAGAAATTTATAAAATAATCAGCGAGAGATATCGCCGAGTTTCAAAATCTCGTTGAAATCTTGATGGAATTTTTTGAGATAATAACTCCTGAAATGATATAAAAATGGTGGTAGTTGCAATTGAAAATATCGAAGATGCTCAAAATTGTCAATATTCAATCTCTTTTCCGTCAATTTTTAGGATGAGTTATACTGATAAAATAAGACTAAAAGAGGCCGAACAATTAATAATTGATGAAATTGAAGAACTAATTCCATATGCAAAACCGAAAAATCTTGAAAATCACAGAGAAAAGATTTTTGATTTTTTATCAATTCAAAATGAATATAATTCCAAATATTTCGATTCCAATAAGGTGTATTTAGGCGCTAAAATTGAGGATGATTTAAAAAAAATAGAGAAGGAATTTCAAGATTTTGAAGCAGAATACCCGCTTGCATTTAATGTAAGAACTTTAGAAACTTATGAAAAAATTTTAGAAAAATTTGAAAAATACAATATTAAGAAATTTGATCTTGAAAAAGACGACAGAAATCAAATTTTAATTAGTTGGCTTGACAAATTTGGGCCGGAATATCAAAAACATTGTATTAATCTATTCGGAAAAGACGGTAAAAAATATTATGATGAACTTGAAAAATGAACAAATAAAATAAATCTAGTCCAAATTTTCCAAATTATGTTTGGACCTTTAATAGATTTTGTTTGAACGCGTTCAAATTATTACATAACCAAACCTGATGCCATCATTTTAAAAAGTTGAGGTTCCCTTGATCCTTCAAAATTTGAATTATATCATTTTGGCGGTGTGGAATATGGAATTTATAATGAAATTTTAGAGCAATTTGACTCAAAAAATCCTGTTTTCTGATTGAATACTGGTTATGAACCAAGTGGAAGAACCGGCACAAATGGTTGAATTCCCGATATTATTACTAAAAATTTAATTTTAATTCACCGTGATGGGGAAAATATTTTATATTGAATTGGAAAAAGTCCATTTTATCATCATGTTTATAATGGAAAATATTTCCCGCTAAATTTATATTATAACAAAAAAATTTCTGATATTGAAAAAGATATTTTTTTACGCGGAAATAAAGATCCGGAATTTTATTCATATAAATATGATTTAAATATCGATGTAATTAGAAGAACCAACGAGCAGTTAAGCAAATTGTTTGATTATATTAATTTATATGAAAAAAATTATAAAAAAAATAATTTAAATAAACATTTTGAAAATTTCTTACACAAGTCAGATTTATTAACTAAAAGCGCAAGAAGAAAATTATTAAAATTTGAAAGAACGTCATTTTTTGAAAAGCACAAGAAAACTGTTAATTACATTAATCCCGAAAAAAACGAATATTATGATTTTAGATTCAATGCGCTTTATAAAAAATAACTGTAATTCTTAGTTTTTATTATTATTAAAAAAAATCGTGTTGCTAAATTTTTGTTATTTTTGATGCTTTTTTGGTTTAAAAAGAGGGGTAAAAAGGTTATCAGAAACTAAAATCGTAATACAATTACATTTAAACACGCCAAAATTAACTCTCAAAAACGTGTTTTTTAGTTTTAAAAAAATCAAACCTAAAAAGAGTAGAAGGAATTCACTATTTATATGGATACCCAGTCAAATTCCCTTATTAAAATTAAGGAAAAATTTTTAGAAAATAGATATCGAGAAGTAAATGTGCGCGATTTTATCTCGACAAGAAATATCTACATGCATTGA
CP098240.1_gap26	834188	836684	2496	TTGCATCCATTAGACTTAGACCTAAAAGATCTTTTACTACTTTAATTACAGCAACTTTTTGTTGTCCGGCAGCTTTAAGTGTTAATTTTACTTCGGTTTTTACCTCTTCGGTAGCAACTGGAGCTGCAGCTACTGCAACTGCTGATGGATCAACTCCAAATTCTTCTTTAAGTGCATCAACAAGTTCCATTACTTCTTTAATGGTCATTTCCTTTAATGATTCAATAAATTGTTCTTTTGTAATTTTAGCCATTTTTTCCCTTTCTAGGCAGTTATTTTTTGTTCATCGATTAATAATTTAAGTCCAAAAGCGAGTTGTTTTAATGGCCTTTGAAGACCAGAAGCTAACATTGTTAGTGCTTCTGTATAACTTGGAAGCGCGGAAATTAATGCATTTTCTGCGGCGCTGACAACTTGATTGTCATAAATTCCACCTTTTAGAATTAAAAGTGGTTGTTCCTTGGCATTTTTAGCAATTATTTTTGCTGGGGCTATTGCATCTGTTGTTCCAAAAGCGAATAAATTTGGACCAACTAAATCAGTTTGTAAATCTAAATAACCGTTGTTTTCAGCTGCTATTTTAAAAAGCCGATTTTTATAAACTTTTGAAAGAACGCCCGCGGATTTAAATTCTTTACGTAATTGTTCTAATTCATTAACAGTCAGTCCGCGGTATTCAACGATTGCCAATGATGAAGAATTTTTTAATAAACTATCAATTTCAGCGACAATTTCAACTTTTCTTTTACGAAAACTATTCAATTTTGCTCTCCTTTCTTTAAAAAAATAAGGGGCAATACTGAAAGATACATTCAAATAACAAATTAAGCCACACCGGCAGTTATTATCTCTATGTATTGCGTTTTTGAATTATACCAGAAAGCGAAAATAAAAAAAGTATTTTTTTTTTTTTTTTTTTTTTTTTTTTTTTTTTTTTTTTTTGCAGGTAAAATTTATTTATTTTATTTATTCTTAATTTAAAGTAGAAAATTTCTTTATTTATATTATATAATAAGGAGTTTAAAAGCAACTTATCCAAATAGCAAAAATTTTTGTTTCTGGTTAAGTTAAAAAATCTTAATTATACCATAAAAAATTTAAAAATTAAAAAAATTTTTATGAATCTGTGGTAGAATTATATCTCAATATATAATATAAATAAGGAAAATTAAGCGGCTGACAGAAAAAAAGGAGAAAATTATGCTGTTTTATTTATCGAAAAGAAAGAAAATTGTTCTGAGTGGACTTACAGTTGCTGTAATTGCAGCCGGAATGAGTTTTTTTGCGAATCCGCAGTTTAGTAATTTTTTTCGCTTTAATTCACAGATTAGTTATAATTCCAAAGCTCCCTCAAGTGTTGCTAAAAACGATCCAAATGATCTAAGTTTTTATTCCCCTGTAACAAATTCAGAATTTGACCCGCTTAAAAAAAGTCAGCCAAAAGCGGATCTAATCAAACCTCTTGAAGAAAAAAAGAGGACATAAAACCTCAACAAATCCAAAATGAAGAAATAAAACCAGAAGCTGAAAAAGAAAGTTTTGATCTAATTACTACCCCAAAAACGCAAACAAGCCAAAATCCAGAACAGACCCAAACTGAGACACCAAAACGCGTTGATGCCGAATATGGATATGTCACCCTTGATTGATCAGGTCTAAAAGTTAAAGCTTATGTCAAGAAAAAACCAAATCGCCAGTATTCAACTTATGATCTCCAAAATGGTTTAGCTAATCGCAAACCTTACCAGGCCCAAGTTGTTGATGAAGTTCTAAGTATTGAAGTTACCCCTGAAATTCGGGAAGCCAACAGAAAAAATGCAGCCCAGGCTCTTAAAAATTCCGTTCAAGGCTCAGCTTTTAGTATTTATGCTGAGACAATCGCTCAAGGCGATGATAAAGTTGCGGCAGTTGTTGCACAAAATTATGAAAATTATTATAAAAATATGTTTTTAAAATGGCGGGAATTATTTGAAAATGGCGATAAAGTAAGAGATTTTCTAACCCAAGAAGGTTATAATAAATATCCGGATATCAAAAGCAAATATGAATCTGATCTTGCCAAAGCCGAAATCGAAATCCGTAAAGCTGAAGCAGAAGTCCAAAAAATCTACAGTGAAAGACCCCCAAGAACTGGATTTGATGGCTCAGGAAAAGAAACTTTTACCGAAGAAAATAAAATAAAACTACGTGATTGACAAGTAAAATATAATGAAGCAATCAAAAAACAAGAAGCAGCAAAACAATTAAAAGAAGATGCAAAAAATACTAAATATGCCAAGTTAATTTATTATCTTGATTATTCTAAATTTGTTAAAAATTCAAAAGAAAATGATGACTATCTTTCAAAAGGATTTACAATCAATCCGGATAATTCCAATATTTCCGTTGATGCTGAAGGTACGCTAAGGTCAAATTCTTGATCACCTTTGATTAATCAAGTAACTTCAGTCTATAAAAAAGATAATGAAACCAGACGAGCTTTTGGTTATGGAAGTT
CP098240.1_gap27	926672	927172	500	GGTACTGAAATCCCAATCTCAAAAAAATCACTTTTCACATAATAAAATATAAGATAATTAGTGACAATTTGATTTTTTTTGTTAATTATTGCTTGAAATTCCCAATTTTTTTTAATACTACGAATTTTTTGCAAAACTATCTCAACAAAAATTATTTATCAGAAACAGTTAGTCTTTTCCGACCTTTTGCGCGGCGTGCAGCAAGAATTTTTCGCCCATCGGCTGTTGACATTCGCGCGCGGAATCCGTGTGTTTTTAAATGTTTTCTTTTATTTGGTTGATAAGTTCGCTTCATTTTTTCTCCTTTTTTGCTTAAATTTAAGTTTTAGAAGTTATTTTAAGGTATTTTAAAAAAATATTGTTAAAATTTAAAACCAAAATCAACTTTATTAAATGTGCTAAATAAAGTTGATAAAATGTTTGCAAAAACATTTTTGTTGTTTTAAACAAAACAAATTGATTTAAAAATTATACTACAAAATTAAAGGAAAATTTATAAA
