gap_id	start	end	length	sequence
CP096137.1_gap1	41016	41680	664	GCGTTCGCCTTCGTCTGGTACCTGATCCTCAAGGTGATCGACCCCGGCCTGCCCGTCTTCCTCAACGAGAACGGCACGCTCGTCGCGGCGGCGCTGGCGGCGCTGTTCCTCGTCTACCAGACCTTCTTCTCGTGCGAGGGGCGCGTGAGCCTGGGCAAGCGGCTGCTCGGCATTCGCGTCGCCGACTCCGACGGCGAGCCGCTCGACTTCGGGCGCGCGCTCATGCGCGCGCTCGGCTACGTGCCGAGCTCGCTGTTCACCGCGGGCTTCTTCTGGACGCTCGTCGACCCGCACGGCCGGGCGTGGCACGACATCGCCGCCGGCAGCTTCGTGGTCTCGGACAACCGCCTGCCGGTGCAGCGCGGCCGCGTCCTGCGCCTGTCCGCCGGGTTCCTCGTCATCGCGTTCGCGCTCGCGGCGGGCTGGCACGGCATCTGGGAGGCGCGCTACCTCAAGCTCATGACGGTCGCCCACGCGAAAGCGGGCCTGCGCGAGTTCGACGGCCTGCAGAAGACGTACTACGCGCAGAACGGCCGGTACGCGGGAAGCCTCTTCGCGCTCGCCGAGGCCTCCGTCGACCCGCGCGGCTTCCTGCGCGACATGGCGGTGCTCTACGACCTCAAGGCGTTCCGCTTCAAGACGGACGCCGCCGGCTGGTCGGTCG
CP096137.1_gap2	130296	133153	2857	CCGGTCTACCTCACCTCGACCTACGTCCAGGAGTGGCCCGACAAGCATAAGGGCTACGACTACGCGCGCACGGTGCATCCCACGCGCGATGCCCTGCAGAAGAATCTGGCGTCCCTGGAAGGCGCCGCCTTCGGTCTGTGCTTCGGCTCCGGCATGGCCGCGACGTCGACGATCATCGAGGCGTTGAACCCCGGCGACCACGTGGTCTGCGGCAACGATCTCTACGGCGGCAGCTACCGCGTGTTCACCAAGGTGTTCGCCCGCTTCGGAGTGAAGTTCACGTTCGTCGACTCGACGGACCTCAAGGCCGTGGAGGCGGCGTTCACGTCCGCCACCAAGCTCGTCTGGATCGAGTCCCCGTCGAATCCTCTCCTGCGCATCACCGACATCCGCGCGATCTCCAAGCTCGCCCATTCGAAGAAGGCCAAGGTCGTCGTGGATAACACGTTCGCCTCGCCGGCGCTGCAGCGTCCGCTTGAACTCGGCGCCGACGTGGTCGTGCACTCGACGACGAAGTACATCGGCGGCCACAGCGACGTCGTCGGCGGCGCGATCCTGACGAGCGACGAGGCCCTGCACAAGGAGTACAAGTTCCTTCAGAACGCCGTCGGCGCCGTGCCCGGCCCGCTCGACTGCTTCCTGCTGCTGCGCAGCACGAAGACGCTCGCGCTGCGCGTTCAGCGCCACTGCGAGAACGCGGCCGTCGTCGCCAAGCACCTGCTCGCCCACCCCGAGGTCGCCAAGGTGCACTACCCGGGCCTGCCCCAGCACCCGGGACACGAGATCGCGAAGGCTCAGATGTCGGGTTTCGGCGGGATGATCTCGCTGGAGCTCAAGGGCGACCTCGAGCGCGCCAAGCGCATGATCTCCTCGTGCAGGATCTTTTCGCTCGCCGAGAGCCTCGGCGGCGTGGAGTCTTTGATCAGCCACCCCGCGTCGATGACGCACGGCAGCATCCCGCGCGAGGAGCGCCTGAAGGCCGGCCTGCAGGACGGCCTCATCCGCCTCTCCGTCGGCGTCGAGGACGCGAAGGACCTGATCGCGGACCTCGACTCGGCCCTGACGAAAAGCCTGACGGCGAAGTAGCTACCAGCTCCCAGACGCCCCGCCGCCGCCGAAAGACCCGCCGCCGCCGGAGAAGCCGCCCCCGCCGCCCGACGACCAGCCGCCGCCTCCGCCTCCGCCCGAGTCGTGGGTGGAATACAGGAAGGTCTTGCCCCAGTACACCTTCTTCTTGCGGATCACGATCTTGCGCCCCCAGTCCGTGTTCGAGAGGAGGTACTTGAGCACCGGGACGCCGAAGAGATGGAGGAGGATCGCGGGGACCGCGTGCTCGGCTCCGATGGTCATGGCGCAGACGAGCAGCCAGCCCGGGATGAGCATGAAATACATTCCCAGCTGGTCCGGCTCGATGATCGCGCGGACCTCCATGAAGAGGACCATCCAGATGATGAACAGCATCCCGAGCCAGGACTTCACGCCTTCCCAGGGTCCCTCGTCGAAGTGCGTGCGCCACGGGGCGCGCGGCCCGGGCACGGAGTAAGTTCCCGCCGCGGAAGCGAGGATCGCGTCGACGCCCGCGTTCACGCCGCCCGAAAAATCACCCGCGCGCAAGCGCGGGGCCATCTCGTCCGAGATGATGCGCCCGGCCAGCGCATCGGGCAGCGCGCCCTCGAGCCCGTGGCCGACCTCGATGCGGACCCGGCGGTCGTCCTTGCTGATGAGCAGGAGGACGCCGTCGTTGACGCCCTTGCGGCCGAGGCCCCACGCGCGCGCGACCTTCAGCGAGTAGGCCTCGAGGTTCTCGCCCTGAAGCGACGGGATGATGAGCACGGCGACCTGCCGGCCGGTCTTCGCCTCGTCGGCGGCGAGCTTGGCCGTGAGGTCGTCGGCCTGGGTGGCGGTGAGAAGCCCGTGGCCGTCGACGACGCGCGCGGCGGGGGGACGTCGAGCGCGGTCGCCGGGGCCGCGGCGAGGAGGACGGCCGCTACCAGCTTCCGGATGAGCCGCCCCCGCCGAAGGATCCGCCGCCGCCGGAGAAGCCGCCTCCTCCTCCCGACGACCAGCCCGAGGACGAGGAGCCGCCCGACGTCTGCGTGAACAGCAGCGAGTCGCCGTAGTAGGTCTTGTTCCCGACCGTCCGGAACTTCTTGCCGAACGCGGTGTGGGGAGAAGGCTCTTCACCATCGGGAAGCCGATCAGGTGCGTCAGCAGGCAGCCCATCCCGATCTTGGCGCCCCAGATCGCCATCGGGAAGGCGGCCCAGAACGGGATCAGGAAGAAGTAGAGGAACCAACCCATGCCCGGGGTCAGCACGCCGATGATCTCGAAGAGGCCGAGGATGCCGAAGACGAAGGCGCTGATGAGCAGGCGCTCGAGGATGCTGTCGCCGAGGCCGTTGAAATTCTCCTTGTTGCCCTCGAACGGCGAGGACGGCGCGGGAGGCGGGGTGTAGGCGCCCTCGCCGGCGGCCATGATCGCCTCGGCGCCCGCGATGACGCCGCCCTCGAAGTCGCCGGCGCGGAAGCGCGGCACGACCTCGTTCGAGATGATGCGTCCGGCGAGCGCGTCCGGGATCGAGCCCTCGAGCCCGTGGCCGACCTCGATGCGCAGCTTGCGGTCGGCCTTGCTGACGAGGAAGAGGACGCCGTCGTTGACGCCCTTGCGGCCGAGCTTCCACGTGCGGGCGACCTCGAGCGAGAACTCCTCGAGGGACTCGCCCTCGAGCGAGGGGATCGTCAGCAGCACGACTTGATGGCCGGTCTTCGCCTCGTACTGCTTGAGCTTGGCGTCGAGGGTGTCGGCGGCCTGGGGAGACAGCAGCCCGGCCTGGTCGTTGACGCGCCCGCCGAGGTAC
CP096137.1_gap3	270832	273749	2917	AAGCGCGCGCTGGAGCTCTCGGCCGCCGGCGGGCACAACCTCATTCTCGTGGGCGCGCCGGGCACGGGCAAGTCGATGCTCGCGCGCCGCCTGCCGGGGCTGATGCCGGAAATGACGCCCGACGAGGCGCTCGAGGTCACGCTCGTGCAGTCGGCCTGCGGGCGCGCGACGCCCGGGCTCGTGCGCGAGCGGCCGTTCCGCGCCCCGCACCACGGCTGCTCGGCCGCGGCGCTCGTCGGCGGCGGCCCGTCGGCGCGCCCCGGCGAGGCCTGCCTCGCGCACGGCGGCGTGCTCTTCCTCGACGAGGTCGCGGAGTTCCCTCGGCCCGCGCTCGAGAGCCTGCGCCAGCCGCTCGAGGACCGCCGCGTCACCGTCGCGCGCGCGCGGAGACCGCGGAGTATCCCGCGCGCTTCACCTTCGTCGCGGCGGCCAATCCGTGCCCGTGCGGCTGGCGCGGCCACCCGCGCAAGGCCTGCGTCTGCCCGCCGGCCGCCGTCGGCCGCTACCTGGCGCGCCTCTCGGGCCCGCTGATGGACCGGGTGGACCTCCAGGTGGAGACGGCCGCCGTCGCCTTCTCCGACTGGGCCTCGGCCGCTCCCGCGGGCGAGACGTCGGCCGCCGTCCGCGCGCGCGTCGCCGCCGCCCGCGAGCGCCAGCGCCGGCGCTGGAAGGGCGCGTCCGCGCCGCTCAACGCCTTCGTCGACGCCGCGGCGTTCCGCCGCGGAGCCGGGGCCTCGCCGGGCGCCCTCGACGCGCTCGCCGCCGCGGAGCGCGCCGCCGCGCTGTCGGCGCGCGCTCTCGACCGCGTGCTGCGCGTCGCGCGCACCGCCGCCGACCTCGCCGGCGCCGAGGCCGTCGAGGAGGCGCACGTGCTCGAGGCCGCGTCGCTGCGCGCGCTCGACCGGATGAAATCAGGCCTGGAGGCCGCCGTATGAGAAAGCTCGTCATCGCCGCCGCCGTGTTCTACGGCGTGTACTGGTACGCCAGCAACAAGTTCAATTTCGCGGACACCTCGTCTACGCGCGCAAGAGCCCGCAGGCGAAGTGGTCGGTCGCCACCGAGTACTACGTCGGCATGGTCTACTACCAGCGCGCCGAATACGCGAAGGCGCAGGAGACCTTCGAGCAGCTTCTCGTGGTCCACTCGACGGGGCCGTACTCCGCGCGCGCGCTGCTGCGGCTGGCCTCCGCCGCCGAGGAGACGCGCAACTACCAGGTCGCGCGCGAGTCCCTGCAGCGCTTCATCGACGAGTACCCGGACCACCGCAGCCGCAACGTCGCCGAGCAGAAGCTCGAGGTCATCAAGTTCAAATGAGCGCTCCTCCCTTCGCCCGGCTCGTCACGGAAGCCATGGCCCGCCGCGGCCTCGGCCTGCGCGAGCTGTGCCGCCGGGCGCGGCTCGACCCGTCGTTCCTGTCGAAGGTGCTCGCCGGCAAGCGCAACCCGCCCGCCGAGGACGAGGTCCTGCGCCGCATCGCCGACGCGCTCGAGGCCGACGCGGTCGCGCTGTTCGTGGCCGCGGGCCGCGTCCCGGACGAGTGGCGCGCGCTCGCGGGCGATCCCGAACTGCTGCGCCGCGTGAGCCTGCTCGCCGGGCACTCCCCGGCGCGCCGCGTCCCCGCCGCGGCCGCGGCGCCGGCGCCTCGCGCCGCCGCCGTCCGCCCCGCCAAGCCCTTCAACGAGGAGCTGCTGTAGCCGTGGCGCCTTGGGAGCCGCGCCGGAGGTGGGCCGTCCGTCTGAACGGCGGGGAGCGCCGCCGCGCCGCGCGGCGCGCCTGCTCGAGACCCTCGGCCCCGACGGCCTCGCCGCCGCCGACGCCGCGCAATGGGCCGCGGCCTGCGGCGCGCCCGTCGAGAACGCGCAACGCTGGCGGGCGGCGGCCCTCGCGTTCGACGCGGTCCGCGAAGAGGCTCGCGCGCAGGCCCTGGGCGCGCGCGTCGTCGTCCTCGGAGACTCCGAGTATCCCGACCTGCTGGCGTCGATCCACGACCCGCCGCTCGTCCTCTACGTGATCGGCTCGTTCGCGGACCGGCCCGCCGCGGCCTTCGTCGGTTCGCGGTTTCCGACGCCTTACGGTCGCCGCGCGGCGCGGCGGCTGGCCGGCGAGACCGCTCGCGCGGGCGCGGCGATCGTCAGCGGCCTGGCGCGCGGCATCGACGCCGAGGCCCATCTCGCCGCGCTCGAGGCGAAGGCGCCGACGTACGCCGTGCTCGGCGGCGGGCTCGGAAACGTCTACCCGGCCGAGAACCGCGGGCTCGCCCGCCGGATCGTCGCGGAGGGGGCGCGCTCATCTCGGAGATGCCGGTCGACGCGCGGCTGGCGCCGGAGCTGTTCCCGCGCCGCAACCGGATCGTCTCCGGGCTGTCCTGGGCGGTCGTCGTGGTCGAGGGCCGGGAGAAGTCCGGCTCGTCGATCACCGCGAGCCTGGCGCTCGACCAGGGCCGCGAGGTGCTGGCCGTCCCCGGGCCCTACGACTCGCCCCTGTCGGAGACGCCGCACCGCCTGCTGCGCGACGGCGCCCGCCCGGTGAACACCGTCGCCGACATCCTGGCGTCCCTGCCGGACGGCCAGGTGCGGGCGGCCTGGGAGGCCCCGCCGCCGCCCGCCCGGCCTCGGCCCGCTCCGACGGGCGAGGAGGAGTCTTTGCTGGCTCTTTTGGGCTCAGACGCCCTCTCCTTAGATGAACTGGTCCAGCTGTCCGGGCTTGACACCATGCGTATTTCCTCTATAATGTTCGGGCTGGAGCTGAAAGAAAGAGTATATTCCGTTCCTGGACAGAGATATGCCCAAAAAGAAGCCCGCTGAGAAGCCGGAAAAGAAAGCCAAGGCCGTTAAAGCCGTTCCGGCCGCTCCCGAAGCCAAGGCGGCTCCCGCCGAAAAGGCTCCGAAGACCTCTAAAGCCTCCAAGAACGCCCGAA
CP096137.1_gap4	275510	277735	2225	CTCCGCGGAGACGGAGATGGAGGCCTCGCGCATCGAGCCGAAGATGTCCGACGAGCTCTGCCCCGTCTGCACGGCGCCGATGCTCATCCGCGAGAGCCGCTTCGGCAAGTACCTCTCGTGCTCGACCTTCCCGAAGTGCAAGGGGAAGATCCAGCTCACCCCCGAGGGCCAGAAGGTCGTCCTCGAGATGACGGGCGAGAACTGCGACCTGTGCGGCAAGCCGATGGTCATCCGCACGGGCCGCAAGGGCAAGTTCATGGCGTGCTCCGGCTACCCCGAGTGCAAGAACACGTTCTCGCTCGACGCCGACGGCAAGAAGATCGAGGGCTCGCGGCCGCTGCAGACGACGCGCCCGTGCAACAAGTGCCAGAAGCACATGTGGCTGCGCACCGGCAAGCGCGGCTTCTTCCTGACGTGCCCCGGCTACCCCAAGTGCCGCAACCTGAAGCCGGTGTCCAAGGAAGAGGGCGAGAAGCTGAAGGTCGAAGGCGAGGGCCTGCGCGCGGCGCAGATCGCCGCCCGCCTCGCGGCCCAGGCCGCGGCGGCGCCGCCGCCTCAGGCGCCGGGCTGACGCCGCCCGCGATGGCGACCGAACAGGCCTTGGGCCCGCTGCGCCTCCAGGCCGACCGCTTCCTGACGCACCTCAGGGCCTCACGGTCCTATTCGCCGCACACGCTGCGCGCCTACGGCAAGGACCTCGAGGCGTTCGCCGCCAAGTTCCCGGACCTCGAGCCCTCCGCGATCGAGCGCGTCCACGTGCGCGGGTGGCTCGCCGACCTGCAGAAGGACGGGACGGCCTCGCGCGCGACCGTGCTGCGCCGCATGGCGGCCCTGCGTTCGTTCATCAAGCATCTGAGAAGCATGGGCACGTTGAAGGGCAACCCCGTCTTCGGCGTCTCTTTGCCCAAGCGCCCGCGCCCCCTGCCTAAATTCCTGACGGAGAACGAGATGGCCGAGCTCATGGCCGTTCCCGCGGGCGGCGACCTCAAGCGCGGCCGGCGCGATCGCGCGCTCGTCGAGCTCATCTACTCCTCCGGCCTGCGCCGCGCCGAGGTCCTGGCGCTCAACTGCGGGGACGTCGACTGGCTCTCCGGGACGGTGCGCGTCTTCGGCAAGGGTTCCAAAGAACGTCTGGTCCCCGTCGGTGACGGGGCGCTCGGCTGCCTGCGCGCGCACCTCGACGACCGGGGCCGCCCCGCGGACGCCGAGCCCATGTTCGTCGGCCCGACGGGCAAGCGCCTGAGCGACGCCGGGCTCGTCTTCGTGCTCTCCCGCTGGGTGAAATCGAGCGCGCTCAAGAAGAAGATCACGCCCCACGTCCTGCGCCACAGCTTCGCGACCCACCTGATGAACCGCGGCTGCGACATCCGCATGGTCCAGGAGATGCTCGGCCACGCGAGCCTGCAGACCACCCAGATCTACACGCACGTCTCCCTCGACCGGATGAAGGAAGTCTACAAGGACGCGCATCCGAGAAAGTGAAAGACAAAATAGAGTTGTTGATGGAAGAAACGGGCTGCGACCGGGGCGAGGCGGAGCTCGCTCTCGAGATGTGCGGCTACGACCTCGAGGAGGCGGCGCGGCAGATCCCGCGCCTGCTCAACGACATCTGCGCGCTGAAGGGGAAGTTCGTGCGCGCCGGCGAGAACCAGCACGGCCTGCTGCTCGTCGTGCTCAACCTCAAGAGCCGCAAGGTCCTGCGCGCGCGCGCGGTCATGTCCTACGACCCCGCCGTCTGCTCCGTCGAGCTCGACGAGGAGTGGTTCGCCTTCGAGAAGCACCTGTACGGCTGCCGCCTCTGGGACGGCTCCTTGCCCGCCGAAAGCCTGGAAGTCGAGCAGCGCCTGGCCGCGCACTTCCGCGCCGCCGAGCCCGCGACGTTCGACCGCCTGCGCGCCGCCACGTCGGAGGAGGCCGCCGCGGAGCTCTCCGCGCCCCTGCGCGCGCACTTCCGCGACCGCGATTTGAGCCTGCGGTTGAAAAAGGATATTCTTGACCTCGGCCAGTTCCAGTCCCTGCGCAAGGTGCCGGCGCCGGCCGCCCGCCGCGGCAAGCCGGAGGCCCCGCCCGAGGAGGACCTGCTCATTCTCAAGATCGCCCTCGAGGAGGACCCCGAGGGCCCGCCCGCCGGCGAGATCCGCGCGGGCGACACGGTGTTCGCGCGCATCGTCGACGGGCGCGACATCGCGCAGTATCTCGCGAGGCTGTTCGGCGGCCTGACCGCC
CP096137.1_gap5	282152	286046	3894	AACGGCACCGTCTATCAGCTCACGGCGACCGATGAGAACGAGGGTTGGGGCGCCTCCTCGATCAACGAAGAGGGTACGAGCATCACTCACTTCACCTACATCAACCAGAACGGCGACCTGGCCTATCGCCGCCGCACCTCTCAGGGCGTGGTCACCGGCGCGTTCGACCTCGACACGCGCGGCACCTCCGGCGCGGGCGGCCTTCCTCTATACGAGCCGGCGATCTCGCTGACCAAGAAGAATCAGACCTGGGTCAACAACGATCTTTACATCGCCTATGTCAGCACCGGCCGCACCGAGCTCCACTATATGGCCTGCCGCTCGACCGCGACGGCGCTCGCCTCCGGCTGCGACACGACGCGCGTCTTCCGCACGGGCGTCGAGTTGAACAATCCCAAGCTCGGCTTCTGGGGCGAGCGCAACGAGCCGATGCCGATCATGTGGTCGGACGTCGACAAAGTCTACTTCGACAAGATCATCACCTCGACCTTCGCGATCCCGAGCGTGACCGTCGTCAGCACGGCTGCCGCCTACAACGCCTTCCTGACCCAGCCGAACTACGACGTGATCATCACCGGCGCCAACTTCGAGTTCGTGACCGGCGTTTCGACGCCGACCCCGCGCTTCCAGATTCTGGCCAGCTCCGAGACGCAGGCCGACGTGACGGTCACCTCCGTCACCTATATAGGGAAAACCTCGATGCGGGCGTCGATCGTGCCCAGCACCAGCACGGTCAGGATTCAGTTCCAGCGCGAGTCGGACGGATTCGTCGAGCCGGAGATCTCGGTCGCGTCGATGGTCTACGCGGGCAACACCGTGGTGTCGGCGTACGTCAGAGCGTCCACGCAGGCTCAGGCCGGTCGCTACACGATCATTCTGACGAATCCTTCTTCCGGTACGGCGGTCTCGCCCCCGGCCGTCGATTTGGGCGCGACTTTCTACATCACCGTCCCGACCGCCACGATCACGAGCCCCGGCCCGGGCAACAACCTCGGCTTCGCCGTCGTCACGGGCACCGTCGGCTTCAACAATGAAGGTCAGACCGTCATCAGCACCGCCGCGGTCCGCGTCACGCATGTCGCGACGGGCAAGGTCTGGAACGGCTCCGTAATGACGACCTCCGGCTTCGCCGACGAGGAGGCGAAATGGAGGCCCGCCTCGCTGAGTCCGGCCGCCACCGCCTACAATTTCACGTTCGATACCTCTAACGTCGGCAACATCCCCGATGACGGCCCGTACGAGATCGCGGCGCGCGCGCAGACGCGCGATGGCGGTATCGGAGATCCTTATAATCCGGCCATGATTAGCACGGTCGGGATCAATCTCGATCGCTTCGCGCCCACCGCGACGATGGTCGCGCCGTATCCTCCTCCGACGGTCACCGCCGCGACGAACTCGATCACCGCGATCAGCTTTCAGTTTGCCGACGCGGGCACCGGCGTGATCGTCAGCAGCATCATGATCCAGGACATCGGGATGCCGACGGGCGCTCCTAATACGTGGATCGCTTTCACGACGGCCGGAGCCCTAGGCCTTCCGGATGAGCAGATCTGGCTCGCGACGACCACGGCGGATGCGTCTCGGTCGATTTTCGGGACCGGTCAAGTCGGCGCGGTCAACATGCTGATCAACAATGCGACTTCGATCAAGCTCCCGCAGTGGGAAAACGGACGTAAGTACGCGATTTCCGCTTACTCAAGGGATGCCGCGAGCCGGTTCGTCAATACGTCCACGTCGGGTACCAGCGCCTACACGATATTCGTTTACGACACCCAGATTCCGACCGTGACCGTGGTCTCGCCGATCGGCCTGGCGTCGAGTTCCGGCACCGCAACCTGGGTGACCTCCTTCAGCAGCGTCACCGGCAAGATCCAGGACAACGTCTCGGACTCGCTCGATCAGCAGTTCATCCACGTCCGCATCGCCCGCCTGGCACCGGGCGCGGCGGAGACCGTGGAACGCTGGTTCGACCCGAACACGCTCGACTTCGACAACACCTCCCTGACCGGGCTGACGGCGTACAAGAACCTGCCCGGACAGACTTTGACCGCGCCGAACGCGCAGGACAACTGGGCGTGGGACTTCAGCAGCGCGATCAATAAGTTCGATGACGGCCGCACCTACCGCATCGAGGTGTACGCCAACGACGGCGCCGGCAACTCGACGGGCACGGCCGTGTCGCCGGCCCACAGGTACTATCTCCGCCTCGACAAGAACGCCCCGTCCTTCACCTCGATCGTCATCAGCACGGGCGGTCCGTTCGACAACACCAGCTCGGTGCTTCCCAACACCCTGACGGTCGGCATGTACGGCTCGAGCAATCCGCTGACGACTATCCGGGCGAACATCACCGACGGCACCGGATCCGGCATCACGAGCGTCCAGTACTCGCTGCGCTTCGACGGCGCCAACGGTGGCTTCCACTTCGTCCCGACCGACCCGTCTTCTTGGGTGTTTCAGGGCGCCCCTACCTACGTCAACGCGACCTCGTCGACGACGCCCCAGTTCGCGGTCTCGATCACGTCCTCCGTGCCGTGGCTCGATTCCCAGAACTACTTCCTCTCTTACATAGTGACCGACCTCGCCGGAAACACCACGACCTACTACTGGGACTTCCGGTTCGACCGGTCCCCGCCGACGTTGAGCAACATCATGAAGATCGGTACGTACTCGATCTCGTCGGGTACGTTCCGCGATCCCAATCAACTGCCGAGCGTCATCGACGGCATCGTCAAGGACGAGATCGACGGGCAGCAGAACGCCGGCGTGCAGAGCGTCAGCGTCGGCGTGCAGCGCATGAGCGACGGGTTCTGGTACCGCAGCCCGCTGATCCCGCGTTGGACGGCGACGCGCAATGATCCTGCCGCGACGCTGGGCGGCGGGAATTCGTGGTCGCTGCCGATCGGCGGCGGCGCGGGGCTGTTCTGGGATAATAAATCGACCGAGACGTTCGCTCTCTACGTGTGGACGAAGGATAACGTCGTCGCTCCGTTCGATAACGCGACTTCCTCGACGAGCCTTGTCACCGCGCTCAAGGGCGTGTTCAAGTGGGAGGTCCAGGCGCCGAGCTCGACGTTGACCTCGCCCTCGACGGTCGGCAACAACGTGTGGTTCTCGTCGCACGTTCCGTTCAATCTGCCGCGAATCGCCGGCACGGCGTTCGATCAGCCCTCTAGCGGTCCGGGCGCCGGCGGCGACGCCTCCTGCAGCATGCCCGGCGCCAGCGGCTGGCCCGGCGGGTCCTACAACATCTGCGCCGAGCAGGTGGAAATCCAAGATACCGCGAACGGCAAATGCTGGGACGGTTCGGCCTTCAACGCCACCTGCGGAGACGTGAACGCGTACCGGGCGATGACGGTGTTCCAGTCGAGCTACACGTACGACACGCAGATCGGCGTGCCGGGCGGCCTGTGGGAGTCGTTCACACCCGGCGGACAGTACCGCATCCGCATGCGCGGCAAAGACTCGGCGGTCACGGCCTCCGGCATTTGGGACCCGAACACCGAGGACCCGGGCACTCCGACGGACTGCAACTCCGTGGCGCCCGGCAGCTACAACATCCGCTGCATCCGGGTCGACAAGACCGCGCCCGCGACCGTCGTCACGAATCCCGTCCACAACAGCGACATCACCGCTCCCGTCTCGACCTTTGACGGCACCGCCACCGACAGCGGCTCCGGCCTCGGCAAGACGTTCATCATGATCTGTCAGGACCTCGCGGGCGCGCCCGACCTCACGAAGTGTCTGACGGGCGACGGCACGCTCGCCCCGACGGCCGGCTCGACGTTCACGGGCCCGCCGAACTGGTTCGAGCGCCCCGGCGCGGCCTCCTGGAGCCTCAACACGAACGCGGTGACGGCGTGGACCGTCGGCGTGTTCTACCACGCGATCGTC
CP096137.1_gap6	289249	291458	2209	CTCGACGCGAACCTCAACGCCGACGGCACGCCGGCGCGCATGTTCAACTACGACGACTCGCCGCCCGTCACCGCGGTCTCCTACCCCGCTCAGTTCGTCTCGTTCGTGCCGGCGACGATCACCGGGACGGCGCAGGACACGCAGCTCGCGCTGAACCCGTCCGGCATCGTCGACGTCCGCCTGCGCATGACGCGCACGACGGGCGAGTACTGGAACCTCTTCACCTCGACCTGGAGCGCCACCCCGCTCGGCTTCTCGAACACGAGCCTGACGGGCATCAACCCGTGGACGTTCTCGAACTTCTCGGGCGCGTTCGTCGACGGCTACCGCTACGACGTCAACCCGCAGGGCGTCGACGCGGGCGGCAACGTCGAGAGCCCGTCGTTCTCGACGTACTCGTTCATCGTCGATCTGAGCACGCCCTCGAGCGCGATCCTGTGGCCCAACGGCGGCGCCTTCGTGAGCTCCGCGGCCGTCGTGATCCGCGGCGTCGCCGAGGACCGCTACTGCGGCCTGAACCCCGCGACCTGCAACGCCTCGCGCCAGTACGAGTCCGGCATGACGAGCACCATGGTGGCCGTCGCGGTCGCCGAGGTCGTCGTCTCGACGACGTGGTGGGACGGCGCGGCCTTCACGTCGGGCTCGCCCATCTTCCTGCCCGCGGTCTTCGTCGGGGCTTCCTCCGGCACGTGGACGTTCGCGATGCCGCCGAGCGCTCTGACCTCGACGAAGTACTACAAGGCGGTCGTGCGCGCCAAGGACCTGGCCGGCAACATCGACGTCGTCACGTCGACGAACACCTTCGTCTACGACGCGGCCGCGCCCGTCGCCTACGCGACGGCGCCGACCGGGTTCAACGGTCTCATCACGACGATCTACGGCACGGCCAAGGACGACATCCCCGACGTGCCGTCGGTCGTGCGCCTGACGATTCGTGAGACGGCTCCCGTTTCCCAGTACTGGAACGGCACCGGCTGGCAGATCGGCCCGGTCGAGCTCTCGTCGGGCGTCATCGGCTCGCTGATCACGGGGACGACCTACGCCTGGTCGTTCGACGCGACCACGGTCAACTTCATCAACGCGGCGACCTACACGGTCACCGCGCGCGGCGTGGACGGGGCGGGCAACATCGAGGCGGCGCACGGCACGCCGGACATCGAGTTCTACCTCGAGGCCCCGACGCCGTCGCTCGTTCTGACCCAGCCGACGGCCCCCGACCTCAAGCACTACGGCCCGAACTCCGCCGGCCCGGTGACGACGATCCTCGGCACCGGCCAGAACCTGCGGACGACGGCCGGCGTGCGCATCGCCCTGCAGCGCCTGACGGAGCCGACGAGCTACTGGTTCGAGCCGACGCAGTCCTGGGTCAACGACCCGGCGACGTTTACGCCCGTCAACGTCGCGGGCGGGACGCCGCAGACCTGGTCGCTGACTTTGACCAACCCGTACGTCGTGTTCGACGCGTCGTACAGCCTGACGGCGACGCCGGTCAACAACGCCGGCCTGCTGGGCACCGCGGTCTCGCGCACGTTCGTCTTCGACCGCACGATCCCGCTCAACGGCATCACGAATCCGGCGTCCGCGCCCTGCCAGGGCGCCAACGCCTGCCTGAGCTCGTTGCCGACCATATCGGGCACGGCCTCCGACCCCACAAGCACGACGCCGCCGTCGGTCACCGCGGCGGGCGTCAAGGTCCGCCTGAAGAACGCCGTCAGCGGCGAGTACTGGAACGGGACCGCGTTCGCGCCGGCGATCTCGGAGATGTCGATCGACCCGGGCGCCTTCTCCGGCGGCGGCCCCTTCGCCTGGAGCACGGCGACGTTGGCGGGCGCCGCGCTGCGCGACGGCGAGGACTACACGATCCTCGCTCACGCGGCCGACAAGGCGGCCAACGATCAGACCGTCGAGGCGCAGATGGCGGCGTTCACCTTCATCTACGACACCTCGACGCCGACGGGCATGCTCAGCCAGCCCTCGTCGGGCCACGTTTACCTGAACCTGACCACGATCTCGGGCACGTCCGTCGACCCGGGCGGCGCGAACCCGAACAACAAGTTCTCCGGGGTCGAGCGCGTCGAGCTGCAGATCTTCAGCCCCGTCGACGGCGTCTGCTGGAGCAACGCGGCTTCACAGTTCAACGTCGGCTGCCCGAACTTCTTCGTCGTGACCGGCACGACGCCGTGGTCGTACTCGAACGGCGCGCTCACCG
CP096137.1_gap7	301009	302497	1488	ACCGACCTCGTGTCCGACAGCCTCTACGGCCTGCCCCAGGACTACACGTTCACGACGGGCACGGGCAACGACAACGGCACGCACACGTTCACGATCCGGCTGCGCAAAGCCGGCGCGCGCATCCTGCGCGTCGAGCAGACCGACAACGCCGCGCTCTTCGGCATCCGCAACCTGACCGCGCACAACAAGATCGGCACGCGCGTGCAGCTGATCGCGGACTGCGACCCGCTCGGCCAGCAGGCCGGCCCCGGCGTGGTCACCGTCGGCTCCGAGGGCCGCGTCGGCTCGCCGCGCACGCGCACGGCCGGCCAGACGGTCAACTACTGCGCGCGCATCACCGACGACTTCTACAACCTCGACTCGGACTCGACGACGATCGTCTACGTGACCGACACGGACCCCAACAACGAGTCGCTCAGCGCCGACCAGTTCCTCGTCGTGCCGGGCTCGGTCAGCTTCAGCCGCGTGTTCGTCACGGCCGACCCCGTCGGCCAGGTCGTCCAGTCGACGGGCTCCGGCGTGTTCCCGAACGCGTCGAATCCGTCGTCGCCGGTCGTCGTCGTCGGTCAGCCGGCCGACCGCCTGCTGGCGCTGCTTCCCAACGAGACGCGCGTGCAGGGCAAGTTCTCCATCGCGCCGTTCGGCAAGACGCTGGGCTCCGCCGAAGAGGTGCAGGCCGGCTCGACGACGTCCCTGCGCGTGTACGCGGTCGACCCGTTCTACAACGACGACGTCTCGGTGGCGCTGCCGGTGACGGCGCGCCTCTACACGGAGTCCTTCACCGGGTCGCAGTCCCAGACCCTGCAGTCCGGCGTGACGACCTTCACCTTCGCGCCCGTCGTCGCCGGGACCCAGAGCTACATCGTCCAGTCCGCCGCGCTGCCGTCGGCGACGTCGAGCTACCTGACGCCGTCGCCGCTGCGCGTCTGGTGGGCGCCGCCCGTCAAGCTGCAGCTGCTCGTCGAGGGCCAGACACCGGCGTCGGGCAAGCCGCCGTACGACGCGAACCCGACCACCGGCGGCCGCGCCGTCGCCACCCCCGCGATCCTGACGGCGGGCGTGACGACGACGCTGACGGTCAACCTCGTCGACGCGTGGTTCAACGTCGTCAAGGCGACGACGCCGTTCATGACGCAGACGGCCAGCGTCACCATGCCGCTCGCCCAGCTCGACTTCCTCAACGACCCGAACATCCAGGGGCGCGCGCTCGCGCCGAACCCGTTCCAGCGCACGCTGAACTTCGGCACGACCTCGTTCTCGTTCATCCCGGTCACTCGCAGCGCCGGCATCAGCCTGCGCGTGATCGACACGAACCTCACGGGAACCTATTACAGCACCGACACGGTCTCGAGCGCGCAGGTGCAGGCGAACACGCCCGTGTCCCTGCTCGTCCAGATGCCCGGCGAGACCTACGCCGAGGGCACGCTCGTCGGCAAGACGGGCTCGCCGTCGACCCTGACGGCCGGCTCCTCGTACAGCGTGTCCCTG
CP096137.1_gap8	420871	421706	835	CGGGGAACTCAAGAGGCTCGAATCCGAGCGTCAGGCGCGGCGCGAGGCGCAGATGAGCCCGCGCGAGGCCGAGCTCGACAAGCTCGTGCGCGAGTGGCCGCGGACGCCCGAGACCGACGCCTACAAATACGGCGTCGAGGAGATCGCGCGCGCCCTGGAGCCCAAGCTCGGCGGCCGCCGCCTGGTGACCGCCTACAACGAGTTCTGCGCGCCGTCCGTCGAGGACGCGATCGACGGGCTCGTCGCCGAGGGCTACAAGAAGATCAGCCTGATCTCGACGATGTTCACGCGCGGCGGCATCCACGCCGAATGCGAGATCCCGGGCATCGTGCTCGCCGCGAGCAAGAAGCACCCCGGCGTCGTGATCGAGTACGCGTGGCCCTTCGACGCGGATTTCATCGCGAGCTTCCTCGCCTCCCAGCTGGGGCGCGTCCTGTCCCCGGCCAAGTCCTGAGAGGCTTCGCCGCGGCCCCCGTCCCCCGGAAGGGGGCGGGGGCCTTTTTGCTAAGATACGCCCATGGCCATCGAACAAACCCTCATCCTCATCAAGCCGGACGGCGCCCACCGCAAGCTGACCGGCCTCACCATCGACCGCCTCGACGCCACCGGCCTCGAGATGGTCGGCGCGAAGATGATCGTCGTCACCGACAAGCTCGCGCGCGACCACTACGCCGGCCTCAAGGACAAGCCGTTCTTCGAGGACCTGATCAAGTACATCCGCGGCGGCTACCACGACATCAAGGACAGCCGCATCCTCGCCCTGTGCTACCGCGGCGAGAACGCGATCAAGGCCGTCCGCGCCGTCGCCGGCGCCACGAACCCGGAGCAGGCCGCT
CP096137.1_gap9	422974	427913	4939	GGCGTGGACGCTCTGGCGAAAACCCTGGCCTCGGGCGGCTCCGTTCTCCTGCTCGGCGCGGGCACGAGCGGCCGCATGGCCGTGCTTGAGGCGGCCGAGTGCCCGCCGACTTTCAACACGACTCCGCGCCAGATTCGCGGGATAATCGCCGGCGGCAAGTCCTCGATGTTCCGCGCGAAGGAAGGCGCCGAGGACAGCCCCGCCCTCGGCCGCGCCGCCGCCTCCTCCGTGCGGAGGGGGACTGCCTGATCGGCGTCGCCGCGAGCGGCGTCACGCCCTTCGTGCGCGCCGCGATCGCCGAGGGCCGCCGCCGCGGCGCGACGACCATGCTCGTGACCTCGAACGCGAACCACACCGGCTGCCGCCCCGACATCGTGATCGCCCCGCTCGTCGGTCCCGAGGTCGTCACCGGCTCGACGCGCCTGAAGGCGGGCACCGCGGCCAAGCTCGCTCTCAACGCCCTGACGACGGGTGCCATGATCCGCGTCGGCAAGGTCTACGATCACTGGATGGTCGACCTGCGCCCGACGAACCGCAAACTGCGCCTGCGGGCGGGGCGCATCATCTCCGACCTCGGCGGCGTCTCCGCCAAGCGCGCCGACGCGCTGCTGCGCGCCTCGGGCGGAAAGGTCAAGGCCGCCGTCGTCATGGCGAAGCTCGGCGTCGACGCCGGTACGGCGCGCCGCCTGCTCGCGGCCGCCGGCGACAAGCTGCGTCCCATTCTGGAGGGCTGATGAAGGGCAAGGTTCAGATCGAGACGGTGTCGTCCATCGTCCTTAAGGACAATCCGCTCGGCGACCCGCGCCGGCGCGACATCCCGGTCTACCTGCCGCCGTCCTACGGGACCACGCGCGGGCGCCGCTACCCCGTCCTCTACTACCTTCCGGGCTTCACCGGCACCTCTCGCGGCACCCTCAACTACAACCCGTGGAAGGAGAACATCGCCGAGCGCTTCGACCGCCTTATCGAAGAAGGCAAATCTCCGGAGGCCATCCTCGTCATCGCCGACGGCTTCACCGCGTACGGCGGCTCGCAGTACCTGAACTCGACGGCCACCGGCCGCTACGAGGACTTCCTCGTCTACGAGGTCGTCGGTTACATCGACGACAAGCACTCGACGGTCCGCCACCCCGAGGGCCGGGCCGTCATCGGCAAGTCTTCCGGCGGCTTCGGCGCGCTCAGCGTCGCGACGCGCCACCCCGAGACCTTCCTGCACGTCGTCTCGCACTCCGGCGACATGGGCTTCGACGCGTGCTACGTCTCCGACTTCTACAAGTTCGTCGGCGCGCTCGAAAAATACGACGGCTCGCCGGCGAAGCTGCTCGCGGCCTTCAAGGCCTCGCGCACGAAGGACGGCTTCGACCACGGCGCGATCAACACGTTCGCGATGGCCGCCTGCTACTCGCCCAACGAGAAGTCTCCGTTCGGCTTCGACCTGCCGTGCGACCCGCGCACCGGCGAGCTGATCCCGGCCGTCTGGAAGCGCTGGCTCGCCCACGATCCGGTCCACACGGCCGCCAAGAACGCCGGCGTCCTGCGCCGCATGAAGACCCTGTGGTTCGACGCGGGGACGAAGGATGAGTTCTACCTGCACTTGGGAGCCCGGCGTTTCTCAGACGCGCTCAAGGCCGCGAAGGTGCGCCACACCTACGAGGAGCACGACAAGGGCCACTTCGACATGGCCGAGCGTCTCGACAAGTCCCTGCCGCTGCTCGCCTCCCGCGCGCGCCGCATCGGCTGAGCCGTTTTCCGGGTCTTGACGAATTCCGGAATCCGGCTATACTTCAATCGGTCACGGACGTGCGCCCACCCCTCGGCGCTATTTCGTGGCTTCGTTTTTTCCGGTGAACCGATGATAAACAAACAACGTTTGAAAATGAGCCCTGCCCTCGGATGGACCGCCTGCGGTCCGTCCCGCGGCCTGGAGGTTTCCGTCTAACCGCGCAGAAACGGCGCGCATCGACGGAGCCCCGGGCCCAAAAGCCCGGGGCTCTTCGTTTTGGGGATATCGGACAGACGCAAGGAGGTGATCCGAAGTGAGAAAGAAGCACCGCAAGCAGAGGGGCGTGTCCGCCCTCGACGTGGCGCTGGAGGCGTGCCGGGCTATTCTCCCGTCCGACCTCCGGCCCAAGCCGGACATCCGGCGCGCGACCGTGCTGGCCCGGTTCGCCGTCGCGATGACGAAGTAAGCGAGCCTCCGCGGACGCGCGGGGGCTCGCCGTTTTTCAGGGTGCGAGCGCGGCGATGTCGGCCAAGTGCCGGTCCTTCTCGGCGGGGGAGAGCCAGGACGACAGGAAGGAGTTCTTCGCGATCAGCCTGAGCTCGTCGTCGGTCAGGCGCAGCGCCCGCGCGGTCTCGGCGTAGTTCTCGCCGGCGTAGCCGCCGAAGTAGGCGGGGTCGTCGGAGTTGATCGAGGCGCGCAGGTCCTTGCCGAGCATCGCGCGCAGGGGATGGTCCTCGAGGCGGTCGACGACGCGCAGCCTCACGTTCGACAGCGGGCACACCGTCAGCGGGATCTGCTCGGCGGCCAGGCGCGCGACGACGTTCGCGTCCTCGAGACAGCGGACGCCGTGGTCGATCCGTTCCACCTTCAGAAGGTCCAACGCCTCGGAGATGTAGCGCGGCGGACCTTCCTCGCCGGCGTGGGCCGTCGCCTTGAGGCCGGCGGCGCGGGCCTTCGCGAACACGCGTTGGAACAGCGACGGCGGGCGGTTCTTCTCCGAGGAGTCGAGGCCGACGCCGTCGATGCCGCCCACCGGCAGGGCCTCGGCGAGCGTCTTCTCCGCGTCGGTCTCGTCGAGGTGGCGCAGGAAGCAAAGGATCAGTTTCGACGTGATCCCAAGCTCCTTCTCGGCGCGAGCACGGGCGCGGTTTAGACCTTTCAGGACTTCGGCGTAGGGGACGCCGCGGCCGGTGTGCGTCTGCGGATCGAAGAACATTTCAACGTGCCGGACATTCATGGGAGCGACCTTCGTGAAATACGCCCAGCATAGATCATGGAAATCCTGCTCATTCACGAGGACCGCGGCTCCCTCGTAGTAGATGTCGAGAAAGGTCTGGAGATTCGTGAACGCGTAGGCGGCCCGAACTGTCTCGACGGAGCCGAAGCGCAGCTTGACGCCGTTGCGCCGCGCCAGCTCGAACATGAGCTCGGGCTCGAGCGTGCCCTCGATGTGGAGGTGCAGCTCCGCCTTCGGCAGCCGCGCGGCGAAGGCGCTCATTTTCCTTCGGGGGAGCCGAAGCTCGGCGTAGCGGCTGCGGCCGAAGAAGGCGGCGCGCAGGCGGATCGTGGGCTTCTTCGCGGCGCGCTCGGCGGCGACGGCGGCGGTCAGGTCGGCGAGCGAGGCGAGCGGCTTGCCGGCGGCCTCGGTCAGCAGCGCCGTCGGCGCGAAGCCCGCGACGGCGGCCGGGCTGCCGGACTCGACGTCGTAGACGAGCAGGCCCTTGAAGCCGGGCTTCAGCTTCAGCAGGCGGCGCACGTCGTCGGTGATTTCTTTGACCGTGAGGCCGAGGCCCTTGTCGACGTGTTTCGGCGCGCTCTCGACGTCGAGAGGGCTCTCGACGAGCTCGGCCTCGCCGGCGAGCTGGTCGGCGCCGCGCGCCCAGAAAACGGAGACCTTGGTGCCCGCCTGCAGGCGCGAGAGCGCCGCGTCGAGGCCGGTCTGCGGGCGCTTGAACCAGTCGATCAGTCCGCCCGAGCCGAGCGGCGAGTAGCGGCTCTTCGGCTTGACGGTGACCTCGTCGCTCTTGCCGGCCTCGCGCAGGCGCAGGATCACGTCGCCGGGCTTGAGCCCGAGCTTGGCGGCCGGCGAGCCCGGCAGGACGGCGTTGACGAGCTGGCCGACCGAGCCGTCCTGCGTCGGGCCGGCGACGCCGAGCAGGCGCGAGAGGTCCGCCGTGAGATCCTGGGTCTCGACGCCGAGCCACGGGCGGCGCTTGTTCTCGAGGACGGAGCGGGGGCGCACCGCGGCGTCGACGAGGGCGGCCTCGGGGCCGGACAGCTCGCGGACGAGCTCGTCGAGGGGTGCAGCGCCAGCAGCGGCGTCGGCACGCGCCAGGAGTCGCGGTCGACGACGTTCTCGTAGCGCGCCTCCTCGACGATGACGGCGAAGGGCAGCCCGTCGAGGCCGCAGAGCAGGGTCCCGCGCTCGGAGGCCGCGCGCGGCTTGCGGCGCAGGGACTCCTTGTAGGAGTAGCTCCAGCCGTCGAGGCGGTCGGCGAACGAGCGCACGCGCAGGGACTCGCCGGAGAGGCGCGGCTCGACGGCGAGCATGAGCTCGTCGTCTGCCGTCTCTTTTCCGCCGCCGAGGGCGGGGCCCGCGTCGTCGGAGGCGAGCAGCCAGCCTTCGTAGGGGCCCTTGAGGACGCCGACGAAGCGGGCCGGGGTCGCCTTGCCGCCGCGCACGAGCTCGACGCTCTCGAGGCGCTGGACGAGCGCGGGGGACAGGCGCGTGGGAACGAACAGGCGGCCGCCGCCGACGGGGAGGGCGACGTCGACGCGCGTCTTCACCTGCCGCTCGCGGTCCTCGTCGCTCGACGCGAGCGAAAGCCCGTACAGGCCGACGGCGTCGACGGCCTCGGGGCGGAACCGCAGGCGCGCGACGGCCAGCGCGCCGGAGGCGCGCTTCTCGGCCTCGCGCCGCGCGCGCAGGAAGTCCTCCCACGGCAGGGCCGCCTTGCGCGCGGACTCCGGGTCGACGAGCTCGTCATCCTCGTCCCAGCCCCGGCCCCGGATCCAGCCGCGCCACGTCGCGCTCGAGTCGAAGAGCATGTCGTACGACTCGTCGAGCCGGGAGTTCGGGGAGGCGGGCGCGCCGGGACGGTCGAAGGAGCGCAGGAACGGGGCCTCGTTGCGGGGCCGCGGCTTGCTCCAGGCGGAGACCGAGACGCGCGAGTCGGGGGCGCGCGCGGAGAGGCGCGCCGAGAAACCCTTCTCAGG
CP096137.1_gap10	600200	600934	734	GCGACGGCGCCGCCGAGGCCGGCGGGCGCTTCCTCGGCATCCCGTGGCGCGGCACGTTCCGGTTCGAGTTCCGCCCGGACGGCGGCTACCGCGGCGTGATGGTCTCCGGTCCTCTGCGCCGCATGGAGTGCCGCGTGATGATCCGCCCCGTCAACGGCGGCACCGTCCTCGAGCACGAAGAGGACTACGATCTGCCGCTGCTGCTCAAGCCCCTGCGCCCGCTCGTCAAGCGCTGGCTCGACCACACGCTCGAGACCGAGCTCGACCTCATCAAGGAGCGCGCCGAGGCGCTCAACCGCAAGGTCCAGCTCGACGTCCTCGACGGCTGATCAGACGCCGGCGATCAGCCGGAAGGCGCGCTCGAACACCAGCGAACCCGCCGCCCAAGCCGGGAAATAGTCCAGGCGCACGAGTCCCGCGACGGTGCGCGGCTTGCCCCGGTACTCGGGCTCCCACGGGGCCTCGCCGATCGCCGCTCGCAGGATCAGACCGGTGATCAGCTCGAAGACCATGATGCCCGCCGCGTAGAAGGCCGCGCGCAGCGGCCAGGCCCACTCCCCGATCACGGGAAGCAGGAAGAAAAAACCGGGGTAGAGCAGGGCGTAGATCGGGATCATCCAGACGTAGGAGTAGCCGATCAGACGCTTGCCGCCGTTTTTGCGGGAGTCGCCGACTGCGGTGAAGACGATCTCCGCGCAGACGCCGACGGAGGCCATGAGCAGGGCGCGCTCGAG
CP096137.1_gap11	623711	625356	1645	CGGCCAAATCATAGAGATAGGTCATATTCTACGCGGTCTATGCGTAGATTATAGTGGGTATAATGCTCTTTGTCAAGATAATCTACGCACAAGATGCGTAGATTATGAGCTTAATCTACGCAAAAAATTAGATATAGCTTTATTTTTTATGCTGAATCAGCGATTTGACCATCCGAATCGCCACGGCACGGTCTTTGGGAGAAGCATCCTTGAGGATGCTGGCCAGCTGAGCCAAGTCGGCATCCAAGGGCTTATACGTGGAGGGAACGCCTGTGTAGAGATCCTTGGGCTCGATCCCGAGAGCTCCGGCGATGGCCTGGAGGGACTTCGTGGCGGGTTGCCTGGAGCCGCGCTCAAGGTTGCTGATGAACTTGTCGCTGAGGCCGGCCGCGTCGGCCAGCGCGTGCTGGGTCAGGCGCCTGCGCTCGCGCTCTTCCTTGATCCGGCGTCCGATCGCGAGCCAGGCGTCCTTGTTGTCGGCCTTCATCCAGGACTGATTGTAAATTAGGGCGCTCGCCGTAGGGACGCTCTGTCGGCATAGTCAGTATGTATGCTGTAGGCATACTTTGTATAGTCAGCGTCGCGCAGCGACGCTATGCCAACACTCAATTGGATCGGCAAGGAGGCGGTGGTCAACCACCATCGGCAGGTTCCTTTCCGGCTGCTGCGCGACGTGCCCGCCCTCTCCTGCGGCGATCCCGGCTCCGGGAACCTCATCGTTCAGGGCGACAACCTTCTCGCGCTCAAGGCGCTCCTGCCGTACTATGCCGGGCAGGTGAAGTGCATCTATATCGATCCGCCGTACAACACGGGCAATGAGGGGTGGATTTACAACGATAACACCAACAGCCCGGTAATCAAGAAGTGGTTGGGAGAGGTCGTCGGCAAAGAGGGGGAGACTCTCGACCGACACGATCGATGGTTGTGCATGATGTATCCCCGCCTAGCTCTCCTTAAACGCTTTCTTCGAAAAGACGGCGCGATCTTCGTCAGCATCGATGACAACGAATATGACCTGCTCAAGATGCTGATGGGCGACATTTTTGGCCCCGAGAATCATGTCGGGACTTTCATTTGGAAGCGCCGCACGACTCCTGACAGTAGAAACCTGAATGGTGTGTCGGGCGATCATGAATACGTGCTTTGTTTTCAGCGTTCTCCCGAATTCCGAGTAAAGGGCCAAGAAAAAGATCTTGGAAAATACACGAATCCAGATAACGACCCGCGTGGTCCTTGGATGAGCGACAACTTGACGGGATTGGCGAATGCGAAAGAACGTCCCAATCTCCATTACGACATCATTCATCCGATCACGGGCGCTCGATATAAGCCGCACCCTTCGCGCGGATGGGGCTATGGGCAGGAACGCATGGCCGAAGCGATCAAGAATGATCGAATCTTGTGGCCCAAGCGCGAGAACGGCCGCCCGCGGCTGAAGAGATTTATGTCCGACATGCAGTCCCAAACGACGGGGTTCTCCACAGTATTGAATGCGCCTGGTAACGTGGAAGCCACTAAGGAATTGCATGACCTGCTTGGCCCCAAAGCATTTGCATTCCCGAAGCCGACCCGTCTCGTCGAAATTCTTATCTCGCAAGCCACTGGGCCGAATGATCTTGTCCTGGATTCTTTTGCGGGATCTGGG
CP096137.1_gap12	626531	628066	1535	ATCGTCGACGAGGCGCACAACGCCGGCACGCCGCTGTCGTTCTCGGCTCTGGCGGACGTGCGGCCGTCCTGCGTGATCGAGTTCACCGCGACGCCCGACCGGTCCGGCCAGCCGTCGAACGTGCTTCACCAGGTTTCCGCCGCCGAGCTCAAGGCGGCCGACATGGCCAAGCTGCCCGTTCGGGTGGTGGTGCGCGATCTCAGCCAGCGCGACGAGCTGCTCGCCGAGGCCGTGACGCACCGGCGGAACCTGCACAAGCTGGCGGAGGCCGAAGGTCAGGCGACCGGCGAGTACATCCGCCCCATGCTCCTGATCCAGGCGGAGAGCGTCGCCGTTTGCGAGGATCTGAAGAAGAAGCTCGTGGCCGAATTCCAGTTCGCCGAGGCGGAGGTGAAGATCAGCGTCGGCGGCAACGACGAGCTGGCGGACGCCGGCGACCTGCGCTCGCCGAAGTGCCCGGTTCTCGTCGTCATCACGGTCCAACGCCTGCGCGAGGGCTGGGACTGCCCGTTCGCCTACGTACTGTGCAGCCTGCAGGCCACGCGTTCGGCCACCGCGATCCAGCAGATCGTCGGCCGCATTTTGAGACTGCCCGGCGCCAAGGCCAAGACGGCACCCGATCTGAACTGCGCCTACGTATTCTCCGTTTCTCCGTCCATCGGCGCGGTGCTCAACGAGCTGCGCACCGCGCTGGTGGCCAACGGCTTCACGCCCGCCGAGGCCGGGCAGATCATCAAGCCCGCTATGCAGGGCGGCCTGCCGCTGAGCGCCAACCCGCAGACGGTCGTGGTGCCTCCCAAGTCGCTGGAGGCGAGCGCCGAGACCCGCGTCGCGGCCATGGGCGGTAAAGCAGCGGTCGACACGGAGACCGGCACCATTTCCGTGTTCGCCCCGCTCGAGGCGGCCGAGGTGGAGGCGCTGGTCGCCTGCGTGAAGACGCCGGAGGCGAAGGCGGCGGTCCGGAGTCTAGCCGCAGCGGTGAAGATTTCGTCGCCGTGGGAGAGGAACGTCGAGTTCTCCGCGCCGATGCTGTGCGTCAAGGATCCGGCCGGGCTGTTCGAGTTCGAGGAGACCTGCCTCAAGGAGCGTCTCTGGAAGCTGAGCGGCAAGGACGCGTCCTTGCCCGGCTATGATCCGAAGGAGCGGCCGAAGGGCCGCGTCGGCGCACTCGACGTCAGCGCCACCGGGCAGGTCACGACCGACACGGTCATCGGCGACGCCGCCCAGACCTTTCTCGACGTCTTGCACCGGCAGATCACGGCGATGGGGACCGAAGAGGAGTGGGGCGAGGAAAAGATCGTCGCCTGGCTCGACTGGCGCGTGGAGCATCGGGACATCCTGGCCGGCGAGTCGGCGGCGTTCATGCTTCAAGTCCTGCGCGCGCTGACGAGCAAGGGCGCGGCTCTCGCGGACATCGCGGCGGACCGATTCCGGCTGAAGGAGTTCGTCGAGCGGCGGATCGAGGAGCATCGCCGGCAGGAGCATCATGGCGCGTTCCAGGCCTACCTGGACGGGATGGAGCTCGTCGTCGACCC
CP096137.1_gap13	631450	635405	3955	GAGCGCGGACTTCACGTGGTAGAGGCGGCTCGACGTCGGCGTCGCGACGCGCTGCAGGCGCGTCTCGGCGTCCATCGGCTCCGCTCCGGCCAGGCCCTTCTTGCCGCTCTCGAGGCCGCGCAGCGCCTTCTGCAGCGCCTCCTTGAACGTGCGGCCGATGGCCATCGCCTCGCCGACGGACTTCATCGCGGTGTCGAGGGTGAACTCGCCGAACTTCTCGGTCGCGAAGCGGGGCGCCTTCACGACGACGTAGTCGATGGAGGGCTCGAAGCACGCGAGCGTGGCCTTCGTGATGTCGTTGGGCAGCTCGTCGAGCGCGTAGCCGACGGCGAGCTTGGCCGCGAGGCGCGCGATCGGGAAGCCCGTCGCCTTGGAGGCGAGCGCCGAGGAGCGCGAGACGCGCGGGTTGATCTCGACGACGACGCGGCGGCCCGTCTGGGGCTGGACGGCGAACTGGATGTTGCAGCCGCCGGTCTCGACGCCGACCTCGGAGATGATGCGCTTCGCGTCGTCGCGCATCTCCTGGTACTGGCGGTCGGACAGCGTCTGCGCGGGCGCGCACGTGATCGAGTCGCCGGTGTGCACGCCCATGGGGTCCAGGTTCTCGATCGTGCAGACGACGACGAAGTTGTCCTTGCAGTCGCGCATGACCTCGAGCTCGTACTCCTTCCAGCCGAGGACCGACTCCTCCAAGAGCACCTTCTTGACGGGCGAGAGTTCGAACGCGGTGTGGACCTTCTGGCGCAGCTCTTCGAAGTGGTAGGCGATGCCGCCGCCGGTGCCGCCGAGCGTGAAGGAGGCGCGCACGATGATCGGGAAGCCGAGGTCGCGCGCGACGTCCTTGAGGTCGCTCTCGTCGGTGACGACGATCGAGCGCGGCAGGTCGAGGCCGATCTTCTTCATGGCCTCCTTGAAGAGCTGGCGGTCTTCGGCCTTGCGGATCGTCTCGAGGCGCGCGCCGATGATCTCGACGCCGTGCTTCTTGAGGATCCCGCGCTCGGCCGCCGCGACGGTGAGGTTCAGGGCGGTCTGGCCGCCGAGGGTGGGCAGGATCGCCTGGGGCTTTTCGATCGACAGCACCTTGTCCAGATATTCCGGCGTCAGCGGCTCGATGTAGGTGCGGTCGGCGAGCTCCGGATCCGTCATGATCGTGGCGGGGTTCGAGTTGATCAGGCAGACTTCGTAGCCCTCTTCGCGCAGCGCCTTGATGCCCTGCGTGCCCGAGTAGTCGAACTCGGGACCCTGGCCGATGACGATCGAGCCCGAGCCCACGACGAGGATCTTCTTGATGTCGGTGCGTTTAGGCACGGGGCATACCTCCGCCTTTCGGGAAGCTCTCGAGCCCGTCGGCCACGGCGCACAGGGCGCCGAGCAGGGCTTCCGTCTCGTTGAGATCGCGCACGGCGGGAACCTTCCAGACGACGCGGAACTGTTCGCCGACGAAGTCCACGTGCTTGAGGCCGGCCAGGCGCTGCTGCATCGTCGAATCGAAGACGATGGGGCCGGCCGCCTTGTCGGAGCAGCGCGCGAGCAGCTTGTCGCGGAACTCGCGCTCCGTCGGCTCGAGCGCGTCGGGAACGACCATGCCGGCGCGCCGCGTCACGAGCTCCTTCGGCGCGCACTCGACGCGCAGGCGCGTCTCGGCGGAGAGCCAGGCGGTCACGGTCACGCCGGCGTCCGACGTCTCGATCGCGACCTTGCGGCCGTTCCACGCGCCGCCCAGGCGCGGAGGGTTCGCCTCATAGGTCAGGCCGAGCGCGGCGCGCATCGTCGGCCACTGAAGGGACGGCGTGTCCAGCTTGTGCTCGCGCCAGAAATACCAGGCGATCGGCGCGATCGCGAGGAGCCCGAGGAGGGCGGTCACCGCGAGCGTGCCTCGCGCCCCGCGAGCATGAGCCCGCGGAAGCGCTCGAAGAGATAGCGGCTGTCGTGCGGGCCCGCCGAGGCCTCGGGGTGGTATTGGACGGAGAAGGCGGGCAAGGTGCCGTGAGTCATGCCCTCGGACGTGCCGTCGTTGAGGTTGACGTGCGTCGTCTTGACCGCGGAGGGCAAGGTCTTCAGGTCGACGCAGAAGCCGTGGTTCTGAGAGGAGATCTCGATCTTCCCGGTCTCCAGGTCCTTGACCGGGTGGTTCGAGCCGTGGTGGCCGAACTTGAGCTTGTACGTGCGCCCGCCGAGGGCCAGGCCGAGCAGCTGATGGCCCAGGCAGATGCCGAACAGCGGCACGCGCTCGGCGAGCAGGTGCTTGATCGTCTCGACGGCGTCCGTGACGGGCTCGGGGTCGCCGGGGCCGTTGGAGAGCAGCACGCCGTCGGGCTTGAGGCGGACGATCTCCGCGGCGGAGGTCGAGCACGGCACGACGGTGACCTTGCAGCCCATCGCCGTGAGGCAGCGCAGGATGCCGTACTTCACGCCGAAATCCATGACCACGACGTGGAGCTGCTTGTCGGCGGGCTTGAAGCCCTCGTCCCACGAGTAAGGCTTATCGCAGGTCACGGTCTTCGCGAGGTTGAGGCCGGCCATCGTGGGCAGGGCCTTCGCCTTGGCCAGCAGCCGCTTCCGGTCGCCGTCCGTCGTCGAGATGATCCCGCGCAGGGCGCCCTTGTCGCGCAGCTTGAGCGTCAGCGCGCGCGTGTCCACGTCCTCGATCGCGACGATGCCGTGCTTCTTGAGGAACGAGCCCGCGGACTCGACCGACTCGTGGTTCGAGGGGTGCTTGCACAGCTCGCGCACGACGAAGCCGGAGAGGCGGGGGCGCGCCGACTCGTGGTCGCCGGCGGTGATGCCGTAGTTGCCGATCAGCGGGTAGGTCATCACGACGCACTGGCCCGCGTACGAGGGATCGGTAAGGATCTCCTGGTAGCCGGTCATCGCGGTGTTGAACACGAACTCGCCGCCGGTCTCGCCCGACGCGCCGCAGGCACGTCCCGCGACGAACGTCCCGTCTTCCAGAGCCAGCCAGGCCTTGTCGTTCATCGGGTTCCTATTTTAGCAATTCTCCGACGTAAGATTGGTGTCAGACCTCCCACTTTCCCACTTTTCTATAAGCCGCGTTTCTGTGGAAAAGTGGGAAAGTGGGAGGTCTGACACCAGCTAGTGCCTGAAGTGGCGCATGCCGGTCATGACCATCGCGAGGTTGTGCTCGTCGGCGGCGGCGATGACTTCGGCGTCCTTGATGGAGCCGCCGGGGTGGATGATGGCCGAGATGCCGAGAGTGAACGCGGCGTCGATGCCGTCTCTAAAGGGGAAGAAGGCGTCGGACGCGAGCACGAGCGCCTTCGGGCCCTCGTTGTCTCGCAGCCAGAGCTTGAACTTCACGCCGGACATGTGGACCGAGTCGACGCGCGACATCTGGCCGGCGCCGATTCCCACGGTGCGGTCGGGACCGGCGAGGACGATCGCGTTGGACTTCACGTGCTTGGCGGCCGTCCAGGCGAAGCGCAGGGCTTCCTCCTCGGCGGGGGTCGGCTGGCGCTTGCTGACGACCTTCCAGTCGGGGCCGGTGACCGCGCGGTCGGGCTCGGTGACGAGGACCTCGTCGCCGATCGAGCGGTACTGCAGGGCCTTCGTGGGCGGCCGCGTGCGCACGAGGATGCGGACGTTGGGCTTCTTCGTGAGGATCTCGAGCGCCTCGGGCTCGTAGCCGGGGGCGACGAGGACCTCGACGAAGCGCTTACTCAGAAGCTCGGCGATGGCCTTCGTCACCGGGCGGTTGAAGGCGAGCGCGCCGCCGAACGCGGAGAGCGGGTCGGTGGCCCAGGCCTTGTCGAAGGCCTGCTCGATCGTCTCGCCGACGCCGATGCCGGCGGGGGTCACGTGCTTGAACACGACGGCCGCGGGCGCCTCGAAGTCGGAGACGGCGTCCCAGGTGCCGGAGGCGTCGAGCAGGTTGTTGTACGAGAGCTCCTTGCCGTGCAGCTTGGAGAAGGACATCCCCTCGTCGGTCGCGTACAGC
CP096137.1_gap14	673818	675110	1292	GACGGCTTGCTCCACCTCGATCCAGGCGTCGCCGACGGGCATCTTCTTGCACCAGCCGCACATGCGCAGCGCCGGCTCCGCGCTCCTGGCCCCGCTCTCCAGCAGCGGCTGAGGCGCGCGCTTCTCCACGGCCAAAGTCCGCACCTTGAACTCAACGGACCCGTCGCCGGCGGCGTTCGCGGTCATCTCGAGAAACCGGCGAGTCTCGGAGGAGTCGCAGCGGAACGGGAAGCTCAGCGCGTTGCCGGCGCGCGCGCGCTTGAGCAAGTCGCGGTACAGGAGCCGAGTGGTCGTGTCGGTGATGAAATCCCACAGCGACCGGGAGACGATCTTCTCGGACACCAGGTGCGGCGAGGCGTTGGCGACCGCGAAGCGGTCCCAGGCCGGGCCCGCGCTGACGATGCGGTCCTGCGCGTCGATGCGATAGACGACCGGTTCTTCCGCCATGCCGTTAGTATAGCCCCGCAAGCCGCGGAATGCGACCACTGGATTTATCGGCGAAACGCTGATACCCTCCCGGCATGCCGCGATTCGCCCTGCTGCTGGCCGCCGTCCTTCCGCTGGCGGGGTGCGGCCTGCTCTGGAAGGTCGGCAAGGGCACGGTCAAGACGACGGCCAAGGTCGCCTACGGCACCGCCAAGCTCGGCACCAAGGTCGCGGTGGGGACCGTCGTCGTCGCCGGCGGCCTCGTGAAGGACTTCGCCTACTACGCGGCGCGCAAGGCCTTCTACGAGAAAAACCACGACGGCGCGGACTTCTCCTCGGCCGCCGCGACGCGCATCACGGCCCGCAGCCGCCGGAAGTTCCCCGACTACAAGGGCCCCTACAAATGGCCGCTGGCCGCGGGCGTCGTCAGCTCCGAGTTCGGGCCGCGCTGGAAGAAGAATCACGAAGGCCTCGACATCGCCGCCGACGAGGGGAGCCGGTGATCGCCTCGGCCGCCGGCGAGGTGCTCTACTCCAACAACCGCATGCGCGGCTACGGCAACGTGGTGATCCTGCGCCACGACTCCAACGTCACGACCTTGTACGCGCACAACCAGAAGAACAAGGTGAAACTGGGCGAGAAGGTCGAGCAGGGCCAGGTGATCGCCCTGCTGGGAAACACGGGCCAGTCGACCGGGCCGCACGTCCACTTCGAGATGCGGCGGGTCAACAAGGCGGTCGACCCCCGCTCGGTCCTGCCCAAGACGCAGTTCTAGCGGCAGCCGAAGGCGACGTACCAGTACTCGTCCATCTCCAGGGCCGCCGCGGGAATCGGCGCGCGCGCGCCGAACTTGCTGCGCGGGCCTT
CP096137.1_gap15	681278	683110	1832	CAAGCGCGTGCGCGTTCTATTTTTCCTTCCCGATGGCGGGCGACGGTACGCCGACCGTGGTCTATATCATTGAGGGCGCGGGAGCCGCGCTGCGCGTCCTGTGCGTCGTATCGGCGGTCGTCTTCGTAGTCGCGACCGTCAGATTCCACAAGGCCGCGGCGCTCGAGAAGTAGCGAGGCCCCGGTCTCTCGAAGGCATCCAAAGAAAAGGCCCTCCTTTCGGAGGGCCTTGCGGTTCTGATACGCCAGATTGGCTGCGGGACTAGGATTCGAACCTAGAAAGGCAGATTCAGAGTCTGCTGTGATACCATTTCACCATCCCGCAATAAGGCCCATATTTTACCAGATTTCGGGCCCGCCCCGGCGCCCGTAGGCCTTTGGACCCCTGACAAAAAGGGGGACCCCCGCTATCCTTTGTCGACGAGAAAAATCCGTAACATCTCGAGGCTACGATAGCCCTATGATCCTCTCCACCTTGATCCTCGCCGCCGGAACCGCCTTCGCGCAGCCCGCGCCCAAGCCCAAGTCCGCGTCTCCCGAGGACCTGGCGGTGGCGCTGGCCAAGCTGCGGCGCGGCCAGGAGGACACGGTGCGCGCGTCGATCATGGGAGGCGCCGAGGAGCTGCGCGACGCCGTCGCCGTCGAGTCCGGCCCCGCGAAGAAGACGCTCATGAACCGCCTGCCCGGCATGGCCCAGGACCCCTTTCACATCTGCCGCGCGCTCAAGGACTGCAAGGAGGCCCCGCTCACCCTGCACGTCGAAGACCAGGCCCTGGCCGACGACGCGTTCCTCGCGCTGGCGCGCCCGTGGTTCAAGCTGCAGGAGGCGCGCGGCAAGGCGATCAAGCTCACCGTCGACCGCGGCACGGGCGTCAAGCTCGAGCTCGAGGATCTGCCCGGCCTGGCCGCCGTGACGCTGACGGCCGAGCCGACTCCGACCGGCGGCTTCGACGTCTCCGTCGAGAACGGGCCCGAGGCCGCCAAGGCCTTCGCCGCCGCGCGCGCCGCCGCTCTCCCCGGCTCGTAGGCCCTCTCGTCGAGTTGCTAGGATAGGGCGATGCGCAAAGCCCTGCCCTGGCTCGTCGGCGGATCCGCCCTGCTCGCCGCCCTCGCGCTCAATTACTGGACGGGCACCTACGTCGACCGCATCGGCCCCGCGCTCGCGCCCGCGCGCGATTTCCTGTTCGACCGCCTGCCGTTCGCGGTATTTCCTCTCGTGCACGGCTGGGGCTTCGTGGGCTTTCTCGCCGTGTTCGGGGCCGGGGCGTGGCTCGACGGTCGCGGGCGGAGGGTGCCTTTCTACCTTTGGGCGTACGCGCTGATCATCGCCGCGCGCGCCGTGTTCACCGTGCTCACGCCGTTGGGCGTGCCCGCCGAGGCGCCGACCTTCGAGCATTACTCCTTGCGCGGCGTGTTCCAGTATTTCGACTTTCGGCACACGTTTTTCTTCTCCGGCCACACCGCGTTCCCGTTCACGGGCTTTCTGATCGCGGGGCAGCGCTGGGTCCGCTTGGCGTGCCTGGGATTCTCGCTGCTGCTGGCCTCCTCGGTCTTGCTCAGCCGGCTGCATTACTCGATCGACGTCTTCGCCGCGTTCTTCATCGCCTACGCGGTCGCCGATCTCTCGCGCAAGAGCTGGACGCGCCTGGGCTTCGAGGCGGATAGGCCGTAGGACCCCGGCCCGTCCTGGGCCGAAAGAAGCCGGTTTTTGAGGGCGAGGACCCCTCCCGAAGGCCCGCCGTTCTATTACCATCGCGGTATGAGGCGGCTGCTCGCCGTTCTGCTCTCGTCGACGCTGGCGCTGTCCGCGCCCGCGCAGACGATCTCCGCCCC
CP096137.1_gap16	790500	793247	2747	CTACGAGCGCGAGTTCGCGCAGGGCTGGGACGCGACCGTCGTCGAGAAGGACGCGCGCTTCTCCAAGGAAGACTGGCGCAAGGTGGGCCGGGACTGCGTCCAGCTCTACTACGAGGGCCATCATCCGTTTTCGCAGGACCGCACCGTCGCCATCGAGAAGCGCGTCGGCTTCCCGATCACGGTCGACGGCCGCGAGTACCGCATCGAGGGCTTCGTCGACCGCCTGGCGCTCGCCCCTGACGGCGCGTTCGAGATCGTCGACTACAAGACGGCGAAGTCCCTGCCCAACCAGCAGCACGCCGACGAGGACTGGCAGCTCGCCCTGTACGAGCTCGCCGTGCGCCGCGAGTGGCCGGACACGAAGGAGGTCCGCCTCAAGTGGCACTACGTGCGCCACGGCAAGACCTTGGTCTCCGTGCGCGACGACGCCGCGCGCGCGAAGCTGCTGGCCGACGCGGGCGCGCTGATCTCGCGCATCAAGCACGACCACGAGTTCCCGACCAACGTGACGCCGCTGTGCGACTGGTGCGAGTACCGCGACCTCTGTCCCGTCTTCGCGCACCCGATCAAGGTCGCCGCCCTGCCTCCGGCGGAGCGCCCGAAGGACGCGGGCGTCAAGCTCGTCGCGGAGTACGCGGAGGTCGAGGGACGCCGCCGCAAGCTCAAGGACGAGCTCAAGGCCGTCGAGGGCGAGCGCGAGAAGGTCGAGGCGGCGCTCGCCGACTGGGCCGAGGCCGAGGGCGTGGCGACCGTGGCCGGAGAGGGCGCTCAGGCGACGGTGTCGATCAAGGACGAGCTGCACCTGCCGACGAAGACGGGGAGGCCGAGAGGCACGCCGAACTCGAGGCCGAGGTCCGCGGGACCCCGCTGTGGGCCGAGGTCGCGAAGTTCGACGGGCACGCGCTGATCGAAGGCCTCAGGGCGCGGCGCTGGACGGGGAGCTGCTCGCGCTCGCGGAAGGCCTCGCCGCGCGCTTCGGGCGCCGCGCGCGCAAGCGCACCGTGCGCCTCAAGCGCAAAGTCGAAGACGACGACTAGGCTTCTTTAGTCGTACGCCGCTTTGTCTGATCCGCCGATCCCGAGCTGGACCGCAAGGCTCATCCAATCGGTCTTCAAGCGGTCGTGCTGAGCCTCGAGCTCGTTCCAGCCGCGCTCGAAATCAGCCGTCTTGCCGCCTCTGACCTTACGGGTGGAACCCTTGTGGTGCCGGGCCGACTTCGCCAGTGTTTTTTCATGGTCGCCCCTCGTCCGCAGTATAGCCCCGACCTCCGTTTTCGTCAACGGGAAATTTTTCCTCGCGCGGCCGCCTCGCTCGACGACAAAAGCGAGAGAAGCCGGGCGTCCGCGCCGGCCCGCGGCGCGGATTCATACAGCGCGGCTTCCTCGGCGAACAGTCCCCGCGCGCCGTAGATCGCTCCGAGCGTGAGGTACGCGGGCAGCGCTCGCGGGTCCTTGCGGATCGCGGACTTCAGCGCCTCGACGGCCGCGTCGCCCCGTCCGGCCAGCCAGCGGGCGAGGCCGACGTCGGCGAGGAGGGAGGCGTCGTCGGGAAGCTCCTTGGAGAGGGCCTCCAGCGCGGCCAGGGCTCCCGGATCCTTTAGCTCCTGACGCTTGAGCGCCGCGCGACGGCGCTGGTCGGCGTTCGCGGCGGGAGCGGTCACGCGCGCGAGCGCTCGCAGCGCCTTCTCGCGCTCGCCCGCGCTCGCCCAGGCCGAGGCGCGCTCGAGAAGCAGGCGGGGCTCGTCCGGAGACTTGGTCAGCAGCTCGTCGAGCACGGCCGCGGCCTTCCTATGATCGCCCGCGGCGAGAAGGCGCAGGGCTTCGCGCTCGCGCTCGGCCGGGGACCGCGGTCCGGAGGCGGCCGTCGCGGTCGACGAGGTCGGCGTGGGAACGGGGACCGGCGGCACGGCCGCCGGCGGAGCGGAGGGGACCGGGGGCGCGGGCAGAGGGGAGCGGCCGCCTTCTCGGCGAGACGCTCCTCGAGCGCGGCCGCGCGAGCCGAGTCGTCGGGATCGAGGGCCCGGGCGCGCGCCGCGGCGAGCGCCGCGCGGGCGCCCTTTTCTGAACCGGCGTCGGCCTCGAAGAAGGCCAGGCCCAGCCGCAGCTGCGGGTCCGCGGGCTGCGCGGCGATCAGGGCCTCGAGCATGCCGCGGGCGCGCTCGCTCTCGCCGAGATCCTGGTACAGGAGCGCCATGCGCTGCCGCTCCTGAAGGTCGGGGCCGATCGCCTCGGCCGCCGAGAGCGCGGCGAGCGCCTCGCCTTTGCGTCCGGAGCGGGCCAGCGCGGCGGCGAGGTCGAGCCGGGGGCTCGCGGAGCGGGGCGCCAACTCGGCGGCGCGCTTGGCGGCGTCGACGGCGTCGGCGTGGTCCTTGAGCTCGAGATAGGCGGCGGAGGCCCGGCGCAGGGCCCCGACGGCGGGCGGGCGCTTGAGCGCCGCCTCGAGCGCCTTGCGGGCGCCGGCGCGGTCGCCGGCTTTGACCGAGAGCTCGGCCAGGTCCAGGAGCGGCACGGGGTCGGCCGGGGCGTCCTTGGCCAAAGCCTCGAGAGCGGCCTTCGCCTTGGCCGCCTCGCCGAATTCTCCGTAGAGCCGGGCGGCGCGGCGGCGCTCGTCGGACGAGGAGGAGGCGGAGGCGGCGGCCAGATCCTCGAGACCCAGCTCGCGCGGGCCGGTCCGCGCGAGGACGGCGGCGCGGTCCAGACGCAGGCTCGCGTCCCCGGGCTTCTCCGCGATCAGCGTGTCGAGCAAGG
CP096137.1_gap17	907253	911269	4016	GTTCCCCGTCAAGTACGTCGGCCGCCCGCTCAAGTTCCCGGACCCCGCGCTCTCGCCGTCGGGCCTGCAGTCGAATCTGACGCGCCAGGACGTCCTCATGCAGCGCGCCGCCTACGCGACGGGCCGCCTGCGCGACGGCGGCACCGGCGAGCTCATCGGCGCGGCGAACGCGACGCTCCTCGCGCCGAACTTCGCGATCACGGCGACGGCGAACCCGTGGACCGAGGGCGGCTTCGTCGCCGCCGCTTCCTCCGTCTCCGCCCGCCCGATCGAGGCCGACGGCCTCTTCCGCGTCGGCCCGCTCCTGCCCAACGTCTCCTACGACCTGCGCCTGGCTCAGGCGACGTGGGACCCCAACTTCCTCGCAAATGGGAGCCAGAACTTCGCCCCTGTCACGATCGGCGGCGTCAAGCTCACGCCCGGCGAGATCCGCGACCTCGGCGTCGTCTCGCTCGGCCAGGGCCTCTCGGTCACCGGCTCCGTCAAGTCGACGACGACGGGCCTCGGCCTCGGCAACGTCAAGGTCCTCGCCAAGCCCTCCTACGGCGGCGACGACCTCGTCGTCCAGACCTTCACGAACCAGCAGGGCCTCTACACCCTCTGGGTCTCCACGCTCGTCTCCAACCAGTTCACTTTGACCGCCGCGCCCCGCGGCGGCAACCAGGCCAGCGACGGCAAGTACTACGGCCAGGTGACCCTCTCGAACGTCAACCTGCAGACCCAGACCTCGGTCCAGTTCCTGCTCTCGCCGCTCACCGTCGCCGTCACCGGCCTCATCGGCGCGCCCACCGGCGAGCGCTTCAGCTACCCGTTCGGCGACAAGCGCGGCTTCCCCGCGGTCGCGATCAACCTCCAGCCCGTGGGCGTCGTCCCCGACAACCCGCTCGGCGACATCGAGGAGATCACCGACCAGCTCGGGCGCTTCACCATCCCCGGGCTCTCCACCGGCCTCTACACCTTCCATGCCACCTCGCTCGGCTTCGCGACCTACAACGCCACGGTCTCCGTGCTCGGCTCCTCCTTCTCCATCTTCACCGGCTCCAACACGCCGGCGACCCTCCTGCTCACGCGCGGCGCGACCGCGACGGGCCGCATCCTCAAGTCCGACGGCTCCTCGCCCAACTCCTCCGAGGTCGTCGGCGTCGCCGCCGCCAATTTCGGCGCCGGCGAGTTCGTCGTCGGCTCCGTCGAGGTCGACCCCGTCGCCAAGACCGTCAACGCCTACACGATCTCCGGCTTCAAGCCGGGCATCTCCTACAACATCGTCCTGCTCTCCGGCTCCAACGGCAAGGAGGTCTCCTTCCCGCCCGAGGGCGCGGGCGTCCTCTTCACCTCGGCCGAGTCCTCGACCACGAAGACGGTCAACCTCACGTACCGCCCCGCCGCCCTCGACTGCCTCGGCACCGCCAAGGCGCTCGACGCCGCGCGCACGCAGTTCGCGGTCCAGGTCGACTGCCTCAAGCCGCTCCGCCAGGAAACGGCGCTCGACGACGACCTCTCCACGATCCTCACCGCCTCCACCTTCACGGCCGCCGGCGGCGCGCTGGCCGCCCCGAACGGCGCCGGCGTCCTGTCCTCGCGCCTCCTCTCCACCGACCGCCGCCGCCTCACCGCGACGTACACGCTCGCCGCCCTCGAGTCCCGCTTCTCCATGCGCGTGCGCGCCTCCGCCTCCGAGGTCGACCCCCGCACGGGCGACAACTTCGCCATCGACAAGGTCTTCGACTTCTACGCCGGCCTCGACGCCCACGCCGACGGCCGCGCGACCAACATCGACGGCGGCGCCGTCTCCATGCGCCCGTCGGCCCAGGACGAGGCCCTCGGCCTCGACGAGCGCTCGCGCATCGACCTGCCGCCGGGCGCCTTCGGCGAGGGCTCCGACTCGCTGCCCGACTCCTCCGTCGTCGCCCAGCCGACGACCACCGTCAACGTCTCCATGTCCAAGGGCCGCGACCAGACCCTCGCGCGCGCCCTCTCCATCGCCACTCTCGGCTACGCGCCGGCCGCCCTGCAGGTCCCCGACGTCCCGTCCGCCTACCCCGCCGAGATGTGGGCCGCGATGTCGCAGTACCGCACCTCCGCCTCCACGACCCAGGTCGGCGGCGCCAACCCGATCTCCGCCTTCTACTCCATCTTCCTGCCCGCCGGCATCCGCCACCAGCTCAAGAAGCGCGCCGACCTCACGCTCTCCTACAACCTCGCCGCCTCCACGGCCACCACCGAGAACAACATCCAGGTCTGGTTCTACAACGCCGTCCTCGGCCGCTTCGTCCTCGAAAACGTCAACCGCCGCGTCGACACCGTCAACAAGACCATCACGGTCTCCGTCGACCACTTCTCCACCTTCGTCGTGCTCGACTCGACGCCGGTCGCGACCTCCGACGTCACCTTCGGCGGCCAGGACATCGCCGTCGCCAACTTCCCGAACCCGGCCGACTGCATCACGCATTCCAACATCGCCCGCAACGCGACCCTCTTCGGCGCGGGCGGCGTCCACGCGCCCTTCGTCGGCACGATGATCCGCACCTCGATCCCCGAGGCGCAGTCCGCTCCCTACAAGATCAACATCTACAACGTCGTCGGCGAGAAGGTCCGCACGATCGAGCAGGGCGACCTGCCCGGCGCCAAGACCTACTACACGCCCTGGGACTGCCGCAACGACAACGGCCAGACCATCTCCTCCGGCATCTACATCGGCGAGGCCGTCCACGGCGGCAAGCGCAAGTTCTTCAAGATCGCGATCATCAAGGGGAGCGGCCTGTGAGGAAGCTCATCGCGTCCGCCTTCATCGCGCTCCTGCTCCTGGCGGGAAGGGCCTCCGCGGGCACCGCGTCCGCCGCCGGCACGTCGGGGGCGCCGTTCCTCAAGCTCGGCGCCGGCGCGCGCGCGGCCGCGATGGCCGACACCTTCACCGCCGTCGCCGACGACGCCTTCGCCGCCTACTACAACCCCGCGGGCCTTGCCCGCCAGGAGAAAAAGCAGTTCGGCGGCTCGCACTCGGCGCTCTTTCAGGGCGTCAGCTATCAGTCCCTCGTCTTCGCCGTTCCCTTCGGCAAGGCCGAGGGCCGGGAGCGCATCGAGACCGAGTCGAACCGCCATGCGCTGGCGCTCTCCATCTACTACCTCGGGGTCGGCGAGGTCGAGCGCCGCACGGGCGACTCCACCTTGCCCGTCGGCACGTTCGACGCGGCCGACTCCGCGTACGCGCTGTCCTATTCCCACGCGCCCAACGACCGGCTCTCCCTCGGCGTCACCGGCAAGTACATCACGCAGACGATCGACACCTACCGGGGCTCCGCCATGGCCGCCGACCTCGGCGTCATGTACCGCGCGAACCCGCACAACGAAAAGCCCCTGAACATCGCCCTCGCCGTCCGCCACATCGGCAAGCGCATCGGCTTCACGGCCGCCCAGACCGACCCGCTCCCGACCACCCTCATCGCGGGCGCCTCCTACGCCCCTTCCAAGGCCTTCACTGTGGCCGCGGACCTCGGCAAGGCCCGCGACGCCTCCGCCTACGGCTCCCTCGGCCTCGAGGGCCGCAAGAGCCTCTCCGAGGGCGTGGGAGGGGCCTTCCGCTTCGGCTACACCTCCGCGCGCCGCGACAACGGCGGCCTGGCCGGCGTCACGGCCGGCGGCGGGCTTCAGTTCCAGAAGGCGGCCTTCGACTTCGCGTGGATCCCCTTCGGCACCCTGGGAGACGCGTTCCGGTTCTCCCTGCTGGTCAAGTTCTAGTGCCCCCGCGCCGATGAAGTGGGAACTCCTCAAGCGCCTCCGCTGGCGCAGCGGCAAGTCGCTCCTCCCTCTGTGCGCCGGCAGCGGCCTGGCGCGCGTCCCCGGCGGCTTCTGGGTGATCGCCGACGACATGAACCACGTCGTGCACGTTCCCGACGGCGCGGGTCCCGGGCGGGGGCGGAGATTGTTCCCGGGCGTCCTTCCTTCCGACGCCGCTTCGCGTAAGCGCGTGAAGAAAGACCTCGAATCCTTGATCGACCTGGGCGCAGGGAAGCTCGTCG
CP096137.1_gap18	937385	939335	1950	TCCCGACCGTGGTCATCGGCTACGACACGCGCTTCCAGTCCGAGGACTTCGCGCACGAGGTCGCCGCCGTGCTCGCCAACGACGGCATCCGCACGCTCGTCTCCAAGGCCGACCTTCCGACGCCGGCGCTCGCCTGGGCCGTGCTCGCCAACAAGGCCGTCGGCGGCGCGATGATCACCGCCTCCCACAACCCGGCGCAGTACAACGGCTTCAAGTGGATGCCGTACTGGGGCGGCTCGGCCTCGCCGACCGTCACCAACGACCTCGAGCGCCGCATCGAACTGCTCGGCGACCACGCGATCAAGACGATGACCGACGAGCGCTCCGCGCGCGAGGCGTGGACCGAGGCCGTCGACCTGCAGAAGTCCTACTTCGACCAGCTCGAGAGCCTGCTCGACGTCAAGACGATCCGCAAGGCCAAGCTCAAGGTGGCCGTCGACCCCATGCACGGCTCGGCGCGCCTGTACCTGCGCAAGTTCCTCGAGGAGCGCCTCGGCGTGACCGTCGAGGCCCGCAACGAGGACCGCGACGTCCTGCTCGGCGGCATCTCGCCGGAGCCGACGCCCGCGTCGACGGCCGCGCTCGCGGAGACCGTCAAGAAGGGCCGCTTCGCGCTCGGCCTCGCCACCGACGGCGACGGCGACCGCTTCGGAATCGTGGACGCGGGCGGCGTCTGGATCCAGCCGAACGAGGTCGTCGCGCTGGCCTACGAGCACCTCGTCGTCAACCGCGGCTTGAAGGGCAAGGCGGCGCGCTCCGTCATGACCTCGCACTTCATCGACGCCGTCGCCAAGTCGCACGGTTCCGAGACGCGCGAGACGCCCGTCGGCTTCAAATACCTGGGCGAGCTGCTGCGCTCGGGCCCGTTCCTGCTCGCCGGCGAGGAGTCGGGCGGCCTCAGCATCCGCGGCCACGTCCCCGAGAAGGACGGCATACTGGCGTGCGTCCTGATGCTCGAGCTCGTGGCCTTCGAGAAGAAGCCGCTCGCCGCCGTGCGCGACCGGCTGTTCAAGAAGCTCGGCGCGTTCCACGGCACGCGCCTGAACTACAAGATGGAGCGCCTGCGCGACATGATCGAGCTCGAGGGCCGGCTGAAGGTCAAGCCGCCGCTGGAGCTCGCGGGCGCCGCCGTGTGGCGCATCGACCAGGCCGACGGGTTCAAGTTCATCCTGCGCGACGGGTCGTGGCTCGGCCTGCGCTCCTCGGGCACCGAGCCCGTGTTCCGCGTGTACGCCGAGTCGCACTCGCCCAAGGGGCTCGACGCGATGGTCGAGGCCGGCAAGAAACTCTTACAGGGGAAATTCTGATGTCCAAGATCGAAGGCGTCCGCGCGCAGGAGATTCTCGACAGCCGGGGCTTCCCGACCGTCGCCGCCGAGGTGACGCTGGCCGACGGCTCGAAGGGCTGGGCGGGCGTGCCCTCGGGCGCGTCCACCGGCGAGCACGAGGCCGTCGAGCTGCGCGACGGCGACAAGAGCAAGTACCTCGGCAAAGGCGTGTCGAAGGCCGTCGCCAACGCCCAGGGCGAGCTCGCGAAGGCCGTGAAGGGCCTCGACGCCTCCGACCTCTCCAAGCTCGACGAGACGATGATCAAGCTCGACGGCACCCCGAACAAGGGACGGCTCGGCGCCAACGCGATCCTCGCGATCTCGATGGCCGCCGCGCGCGCCGCGGCCGTCTCCGCGAAAAAGCCGCTGTACGCGTTCCTGCGCGACGCCTACGGGATCAAGTCGGACAAGTGGATCTTGCCCGCGCCGATGCTCAACGTCGTCAACGGCGGCAAGCACGCCGACTCCGGCCTCGACGTGCAGGAGTTCATGATCGTGCCGACCGAGCAGCCGACCTTCGCCGAGGCGCTGCGCGCCGGCGCCGAGATTTACCAGGTACTCAAGAAAAAGCTCGCCGCGATGAAGATGACGACCGCCGTCGGCGACGAGGGCGGCTTCGCGCC
CP096137.1_gap19	957079	958546	1467	AGGGGCGTGTCGGCCAGGAACTCGCGGCCCACATCTCCCGCCCGGGCAAGATGTTGCGCTCCCGCTTCGCCCTGCTGCTCTCCGGCGCCCTCGGCGTGGATCAGGAGAAGGCCGAGGGCGTGTCCCGGGCGATGGAGCTCGTCCACAACGCGAGCCTGCTCCACGACGACTGCGTCGACGAGGCCGACCTGCGCCGCGGCCACCCGACGCCCAACAAGATCTTCGGCACGACGACGGGCCTTCTCCTCGGCGACCTCGCCTTCGCGCAGGGCCTCGAGGAGGCGATCGACATCTCGCCGAACGCCCCCAAGCTTCTGGTCACCACGGTCCGCGAAATGACGGTGGGCGAGCTGCAGGAGGAGTTCCTCAAGGGCTCCACGCAGGTGACCGTCGACGCCTACATGGGAGTGGCCTCGCGCAAGACCGGCGCCCTCTTCGAGTGGGCCGGCGCGGTCCTCTCCGAGCTGTCCTCCTTCCCGCACGAGCAGAGCGACCCGCCGCGCCTGGCGTGCGCGGCCGGCATCCTGCTGCAGATCGTCGACGACATCCACGACTACACGTTGTCGGACCGGATCTCGGGCAAGGACGAGGGCCAGGACCTGGCCAACCGGAAGCTCACGTTGCCGTGCATCTACGCCGTGCAGGATCCCTCGGTCCGCGAGGAGTTCCTGGCGCTGTGGAACGAGGAGAAGCCCGAGGCGGCGAAGATCGCCAAGCTCCTGAAGGACCGCGGCTGCATCCACAAGACGCGCGAGAAGGGCCGCGAAATCGTGAACTCGATGCTCGCGATGATCGAGAAGCTGCCGTGCAAGGCCGAGGCCAAGGAGCTGGGCTTCTTCGTCGAGCTCATGGCCAAGAGGGAATTCTAGTGTCGTACGAGGCGCTGCTGCGCAAGTCCTGGACGAGCGGCGACTTCAAGGTGTCGGAGACCGAGGCCGCCGAGGCCGACGCGGCGGACACCGCCAGCATTCTGAAGGTACGACGTGAGATGGAAGAAATCGCCGCGCGCGAGACGTGGGACGCCAACTCCTGCCTCGTCGCGCACAGAGAGGGAATCATGAAGCTCGCTCCATTCGTGAAGTTCCGTGAGGAGAAGTTCGGCGCCGTGCTGTTCGAGACGCGCTCCGAGAAGGTGTACACGCTGAGCCCCACCGGCGCCGCCGTCGTCCGCGAGGTCATCGCGGGCGCCGAGTCCGCCAGCCTCGTCTCCAAGCTCAAGGAGAAGTTCGAGGACCCGACCGGCAAGATGGCGCAGGAAGCCGAGTCGTTCCTCGCGCAGCTGAAGGAAAAGGGTTTGATCGTCGAGTAATCGAGAGAAACAACATGGAAGACCAACAGACGTCGGACCTCGGCGCCCCGCTCTACGTCGCCTGGCAGATCACCAACGAGTGCAACCTCGCGTGCCTTCACTGCATCGAGGAGAGCGGCCCGGGCAAGGCCTTCAAGGACGAGTTGACGACCGAGCAG
CP096137.1_gap20	961074	965030	3956	TTTCCTCTCCGCGTGGGAGTCGTACAAAGCCGCGTGGGGAACGACGGCGGTCCGCGAGGCGCTCGAGCGCCTGGCCGCCGACCCGAAGCTCTCGGCCCGCGCCAACGAGTGGACGGAGCTGGAGCAAGATTTGCCGGCGATGGTCAGCCGGTGAAAAGAGGACACATGAACGACCAGAAGACCGTGACCGATGCCAAGGCCGAGCCCAAGCTCGCTTGGGAGACTCCCTCTCTTGAGGAAGTTTCCGAGCGCGTGATGGCCCAGCCTTACATCCGGTTCACGTAAAATGACGGACCGGAGGGGGCGTCCGTGGGCGACTACGGCGCCCCCTCTTTCTTGCCTGGCAGCTGAGCAACCGCTGCACGGGGCGCTGCCAGCACTGCTGCGAGGAGTCCGGGCCCGACAAGGCGTGGCCCGACGAGATGAACCGCGAGCAGGCGTTGTCGCTCGCCCGCCAGATCGTCTCGAACGGCATCGCCTACGTCGCGTTCGGCGGCGGCGAGCCCATGGGCTCGCCCTGGGCGCTCGAGATTTTCGACATCCTGACGAAGGGGGCGTCGAGATCAAGATCGAGACGAACGGCTTGGATCTCAGCGACGCCGTCTGCGACCACTTGCAGCGCCTCAAAGTGGCGTGCGTGCAGATCTCCATCGACGGAGCCACGGCCGCCGTTCACGAGCAGCTTCGTCCCGGATCCGGCTATGCTCCCGCCTGGGCCGCCATCGAGCGGCTCGTCAAGCGCGGTCTCGAGCCCGAGCTCGTGTTCATCCCGACGCGAATCAACGTCAAGGACGCCGTCGCCGTGTACGAGCAGGCCGCCAAGGCCGGCATCCGCACCTTCGTCACCGGCCCGATGATGCGCCTCGGCCGCGCCGCGTACGCGTGGGACACGCTCGCCTGCTCCGAGGAGGAGTGGAAAGAGGCCGTGATGGGCCTGAAGGCCGCCGCGGCCGCCCTCAAGGGGCCGAAGCTCGCGATCTACCCGTGGGGCATCCAGCAGGAGATGGTGACCCGCGCCGAGAGCCCGCAGTCGATGGTGCTCGTCGTCCCCAACGGCCGCGCCAAGCTCCTCAACGCCCTGCCGTTCGCCGTCGCCGACCTCCGCACCGAGAGCCTCGCGACCGCGTGGCCCAAGGTCGGAGCCGCCTGGAAGTCCAAGGAAGTGCAAGACTTCGTGCGCCGCGCCCAGACCGAGACCGACCTCCTCAAGCACGCCAACGAGTGCTGGGACGTCAAAGTCTAGGCCCTTTTCCCGGGCGTTCCTTCCCCAGACGGCCCAACCCCCGGCGCTTCCCTACCTTTATACTCTGGCCATGATGCGAGCCTTCCTCGCGGCCCTGCTGCTGCTCTCGCCGCTTTCGTCCTTCGCCCAGGTCGCCCGCGTCCCGGTCCTCTCCTCGCCGCTCGTCCCGGCCTTCCGCGGCCCCGTCATCTCCGAGCTGAACGCCCAGCTCAAGCCCCTGCTCGCCGCGGAGACGATGCCCCAGCTCAAGGCCGCCTTCGCGACCGGGGTCGTCCCGACGCCGGCCGCCGCCACGCCCGCCGCCTTCGCCGCCCGCGCCGCGATCGTGCAGGCCATGGCCGACCCGAAGGCCGCCTTGCCGCAGATCGTGAGCTCGCTCCAGGCCGCCGGCGGCCCCAAGGCGCAGAAGGCCGCGGCCCGCCTCCAGGAGCTCGGCGCGATGCTCGAGTCGCCCAAGGCCGCGGGCGTGATCGCCTCCGCCGCGGCGCTCAACGCCCGCTTCGACGGCGCGACCGCCCTTCCCGGCGAGTCCGTCGACCTCTCTCGGATGCCGACGAATGAGAACGGCCCTTCAGAAAAGAAGACGTTGCGACGTCTTCGCAACGAAGTGAAGGAAGCGAATAAACTCGAAGATATGCTCGCCGCCGCGAAGACCCAGGCCGTGCTCGTCGTCCTCCAGGGCATGGACACCGCCGGCAAGGACGGCGCGATCAAGCACGGGATGACCGGCCTCAATCCCGCCTGGACGCGCGTCTCCGCCTTCAAGAAACCGTCGGCCGAGGAGGCCCGGCAGGACTTCCTCGAGCGCATCCGCAAGGAGGCGCCGAAGCCCGGGATTATCGGCGTGTTCAACCGCTCCCACTACGAGGACATCGCGGTCCCGACCGTGTACGGCACGCATTCTCCGGAAGAAGTCGCGGCGCGTTACGCGAAGCTCGTCGCCTTCGAGCGCGAGCTGGCCGAGCGCGGAGTGAAGGTGGTCAAGATCTTCCTGCACGTCAGCAAGGACGTCCAGCGCGAGCGTCTGCAGCGGCGCATCGACCGACCGGACAAGCGCTGGAAGTTCGCGATGGCCGACCTCGAGACGCGCAAGAAGTGGGACGAGTTCCAGAAGGCGTACGGCGCGATCCTCGCGCGCACGAGCACCTACTGGGCGCCGTGGAACGTGATCCCGGCCGACGACAAGCCCCGCCGAGACCGCGCGTTCGCCCGCCTGTTGCGCAAGGCGATGCAGCGCATGGGGCTGGCCTACCCGCCGGCGCCGGACCGCGACGGGATCAAGATCCCGAAGTAGGGGGCTTGGGCTCGGTCGCGGGCGTGGAGGACGCGCGCTCGACGACCATCGAGATCTCGACGTCGAGCTGAGCCCCGATCGCCGCGAGCCAGCGCAGGTCGTCGCGCGAGAACGTGACCGGGGGATGTTCCGGCAGATGATCTCGCAGACGACCTGGACCTTCGCCTGCGTCGAAATCTCCCCGATCTTCTGCGCCACCGGCGCGATGCGCTTGAGGAACGAGCGGAAGTGGTCGTCGACGCGTGTGGTCATCATCGCCGTCGAGTCGAGGATGTAGCCGTGCTCCTTTAATAGGGCGCCGAAGGTGCCCGTGCGGTCGCCGAGCTTCCAGGACTCGTCGGGCTTGATGCCGAGGTGGGCCTCGATCTGGGCGGCCGTGAGCGTCTGGCTCGTGATCTTCAGGCGGACGACGGTGCTTTCTCTGGCGGGCACGGGAGGGAGTGTAGCGGCGTAAGGTTACAGCGTCAAGGGCGAGAATTTACGGAATGTACGTGCCTGGCACTTACTCAGTGCTTGAAGTGGCGCACGCCGGTCGTCACGAGCGCCAAGCCGCGCTTGTCGGCGGCCTCCGCGGCGGCCTTGTCCTCCGACGCGCCGCCCGGGTGGATCACCGCGGTGACGCCGCCGTCGGCCGCCGCGAGGATGTGTTCCGCGGTCAAAGCGCCGTCCGACGCCAGGACGACGGGGTCGCCGACCGCGAGGATCGGATGCCGCTCCTGGGACTTCACGACGGCCAGGCGCACGGCGTCGAGGCGCGACGTCTGACCCGAGCCGATGCCGATCACGGCCGTGCCGCGCGCGATCACCGCGGCGTGGGTCTTGGCGTGCATCGCGCCGTGCCAGGCGACGACGAGTCCGCGCATCTCGCGCTCGCTCGGCTGGCGGCGGGAGACGGTCTTGAGCTCGGCGACGAAGGGGCGCTGGTCGCGCTCCTGGACGAGCATGCCGCCCGCGACGGCCCGCAGGTCGAGCTCGTGCGCGGAGATGAGCTTCGACGGCAAGGTCACGAGGCGGATGTCCTTCTTGGCTTTCAAGAGCTGGAGGGCTTTCGGCGAAAACTCGGTCGCCGCGATGCAGGACACGAACTCCTCGGCGAAGAACTCGGCCGCGGCCTCGCCGACCTCGCCGTTGACGGCGGCGGTACCGCGGAAGCAGCCGCGCGGATCCCCGGCATAGGCGCGGCGAGCGGCCTTGGCCAGGTCCTCGCCGCACGCCAGGCCCGCGACGACGCCGTGCTTGACGATCGCGCAGGCCGGCTCCTGGAAGGAGTTCACGAGCTCCCAGGCGGTTTCCAGGTCGAGGTAGTGGCCGTAGACGAGCGGGCGGCCCGTGTGGAGCTGGGCGGCGTTGAGGCCCCAGGGGCGCGCGCCGGACAGCGTGTAGAACGCCCCGTTCTGGTGCGGGTTCTCTCCGTAGCGC
CP096137.1_gap21	967523	970315	2792	CGCCTGCTTCTGGTAGTAGGCCTCGTCGTGCGCGCGGATCTCGCGGCGCAGGGCCGCGATTTCGGCCTTAGGGCTCTTTTTTGCGGGCATTCTTCTTCTTGGGAGGAGCGCCCTCGCGGGCCTTCTTGAGCGCGTCGAGGATGCCGTTGACGAAGCGCGTGGCCTCCTCGGTCGAGTACTTGCGCACGATCTCGATGGCCTCGTCGATGATGACGCCGACGGGCGTGTCGGGGCGCGCGCCGAGCTCGTAGGCGGCCAGGCGCAGGACGTTGCGGTCGACGGCGGCCATGCGGGCCATCGACCAGTTCGCGGCCCGCTCGGCGATCGTCGCGTCGAGGGCCTCGACCTTCTCCAGGGTCCCGAGCGCGAGCTCGCCGGCGAAGGCGAGCGTCTCCGCGTCGGCCTCGGCGTCCTCGCGGCGGGTGACGATCGCGAAGGCGTCGGCGCCGCTCAGGCGCGCGACGTCGGCGACGTAGAGGGCCTGAAGGGCGATCTCGCGGCCCAGGCGCCTACGACCCACGGAGCTCCTCCTTGAGCGCGATCATCTCGAGCGCGGCGAGCGCGGCCTCGCGGCCGCGGTCCATCGCGCCCTTCGTGCGCGCCATCGCCTGCCTCTCGTTGTTCGGCGTGATGACGCCGAGGATGACGGGCACGCGCGTCTCGAGGGAGACGCGGTGGAGGGACTGCGCCATCGAGCGCGCGAGGTGGTCATTTTGGGGCGTCTGACCTTTCATGACGCAGCCGAGCGTCACGACGGCCTGGTAGAGGTTGGTCTTCGCGAGCTCCTGGACGGCCCAGGGGATCTCCCAGCCGCCGGGGACCTCGACGACCTTGAGCTGGGAATCCGTCCAGCCCTCGGCCTTGAAGGTCTTGAGGCAGCTCGCGAGCAGGCGCGAGGTCACCTCCTCGTTGAACCGCGATTTGACGATGGCGACTCGCTTCATCTGATCTCCTCCGGCACTGACAGCAGGTGGCCCATCTTCTCGCGCTTGGTCTTCATGTAGGCGGCGTTGTGCTTGTTCGAGGGAAGCTGGAGCTGGACGCGCTCGGCGACGTGCAGGCCGTAGCCTTCGATGCCGACGATCTTGCGCGGGTTGTTGGTCAGGATGCGGATCGAGGTGAGGCCCTGGTCGGCCAGCATCTGCGCGCCGATGCCGTACTCGCGCAGGTCGGGCTTGAGGCCGAGGGCGAGGTTCGCCTCGACGGTGTCGAGGCCCTTGTCCTGGAGGGCGTACGCCTTGATCTTGTTGATGAGTCCGATGCCGCGGCCCTCCTGGTTGAGATAGACGAGGACGCCCTTCTTCGCGGCCGCGATCTGCTTGAGGGCCGCGTCGAGCTGGACGCCGCAGTCGCACTTGGCGGAGAACAGCGCGTCGCCCGTCACGCACGACGAGTGCACGCGCACGAGCACCTTCTTGGCGCCGCGCACCTCGCCCTTGACCATCGCGAGGTGGACCTTGCCCGTCAGCGTTTCTTCATAAACACGGATGGTGAAGTCGCCGTACTTGGTGGGGAGCTTGGCGCTGGCCTTGCGCTCCACGAGGCGATCCTTCCGCCTCCGGTATTCGATCAGATCGGCGATCGTGACGATCTTGAGCTTGTGCTTGCGCGCGAACTTCATGAGCTGCGGCGTGCGCGACATCGAGCCGTCCGCGTTGAGGATCTCGCAGATGACGCCGGCGGGCTTGAGCCCCGCGAGGCGCGCGAGGTCGACGGCGGCCTCCGTGTGGCCCGCGCGCACGAGCACTCCGCCTTCCTTCGCGCGCAGGGGGAAGATGTGTCCGGGCCGGCCGAGGTCCTCGGGGCGGGTCTTCGGGTCGATGAGGGCCTTGATCGTGACGGCGCGGTCACGGGCGGAGATGCCCGTCGAGGTGCCGCGCTTGGCGTCGACGGAGATCGTGAACGCCGTGTCCTTGCCGGGGACCGCTCCCAGCGGTCCCGAGGAGTCGGTCATCTGTCCGAGCTTGAGCGCGTCGAGGCGCGAGGCGGGCAGCGGCACGCAGATCAGGCCGCGCGCGTGCACCGCCATGAAGTTGACGGCGGCGACGCCGCACTTCTCGGCGGCGATCACGACGTCGCCCTCGTTCTCGCGGTTCGGGTCGTCGATGACGACGATCATCCTGCCTTTGCGGACGTCGGCGAGGGCGTCCTCGATGGGGTGGAACTTCATTTCGGGCTCCTGAACGCCTCGGCGGCGGCCATCGCGTAGCGCGCGAGCGGGTCGGCCTCCAAGTTGACGCGGTCGCCCGCGGCGCGCTTGCCGAGGTTCGTGTTCCGCAGAGTGTGGGGCACCAGCATGATCTCGAGATGATCCTTGGCCACGGCGGTGACCGTCAGGCTGATCCCGTCGACGGCGACCGAGCCCTTCACGGCGACGAGGCCGCGCAGGGCGGCGGGCAGCTCGAGGCGCAGGCGGTAGAAGGCCTCGCCCCAGGGCTCGAGCGCCAGCACCTTGGCGGCGGCGTCGACGTGGCCGGAGACGAAGTGGCCGCCGATCTCGTCGCCGAGCCTCAGCGAGGGCTCGACGTTGACGACGGCGCCGGGCTTGAGGGAGCCGAGGCTCGTCCGCTTCCAGGTCTCGGGGCCGACGTCGAACTTGAGTCCGCCGGTCGCGGTGAGGCAGACGCCGTTGACGGCGATCGACGCGCCGAGCTTGGGCTTGGGGATCTTCGCGGAGATCTCGAGCGTCGTCGCGGTGCGCTTGGTCACCTTGCCGAGATGGTTGATGATGCCGGTGAACATGCTAGTTCCTCGCCCCGGTGCCGGGGTTGTAGAACTCTTCGCGCGAAGAG
CP096137.1_gap22	1059301	1063752	4451	CTTCGGGACCTTGCGCGGCGTCTTCGGAGAATACCATGGCGGTTAAAGGCCTGCAGCGTCGCAAGACGGTCCTGGAGATCCTGACGGAGCGCAAGCTCCTCAGCGAGGACCAGCTCAAGACGGCGACCGCCGAATCGGCGAAGACCGGCAAGACGCTCCAGCAGGCCGCGATCGACCTGACCTTCATCGGCAAGCCCCAGCTCCTCAAGGCCCTGTCCGAGGACTGGCAGGTCAAAGCGGTCGACCTTCTTCAGATGGACGTCGACATCGAGGTCGCCAAGATCATCCCCGAGGCGGTCGCCCGCCGCCACGTCGCGATTCCCTTCGCGAAGGAGGAGAGCGTCCTCTTCGTCGCGATGGCCGACCCGCGCGACTTCTTCGCCTCCGAGGACATCCAGCTGCGCACCGGCCTCGAGATCCAGCCCTACCTCGCGCTGCCGACCGACATCCAGGCCGCGCTCGACGGCGCCTACGGCCGCGGCGAGAGCGCCGCGCTCAACCGCCTGATGACCGAGGTCGGCAAGAGCGAGGCCGAGAAGGTGCCCGACGGCGAGGGCATCGAGGTCCAGAAGGAGGCGCCGAAGTCCGACATCAGCGAAGTCGACGCCTCCGCGCCCGAGGTCGAGAAGTTCGTCAACGCGATCATCCTGACGTGCATGTCGATGAAGGCCTCGGACATCCATATAGAACCGTTTGAAGACCCGACCGGCAAGACGTCCAAGATCAACCTGCGCTACCGCGTCGACGGCATGCTCCTGCCCGGGACGTTCTCCGTGCCGTGGAGCTACCGCAACGCGATCGCGGCGAAGATCAAGATCATGACGAACTCGATGAACATCACCGAGCGGCGCATCCCGCAGTCGGGCCGTATCCAGATCCTGGCCCAGGGCAAGCCTATCGAGTTCCGCGTCGAGATGGTCCCGACCGTCTACGGCGAGTCGTGCGTCATGCGTATTCTCGACCGCGCGAGCGTCCAGGTCGACATCATGAAGATGGGCTTTCTCGAGGACACGCTCGGCAAGCTCCTCGGCCTGCTCAAGGGCATCGGCGGAAAGAAGAACTTCGGGCTCATCGTCGTCTGCGGCCCGACGGGTTCCGGCAAGTCCACGACGCTGTACGCCTGCCTGAACCACATCAACCGCCCGGACATCAAGATCCTCACGGCCGAAAACCCCGTCGAGTACAACCTCGACGGCATCATCCAGGTGCCCGTCAACCCCGACGTCAAGCTCGGCGGCGACAAGACGTTCAACTTCGCCGCGGCGCTGCGCTCCTTCCTGCGCCTCGACCCCGACGTCATCATGGTCGGCGAAATCCGCGACGAGGAAACCGCGCACATCGCGATGGAAGCCGCGATGACCGGCCACTTGGTGTTCTCGACGATCCACACTGAACGACGCCGCGTCGACGATCTCGCGCCTGACCGACATGGGCCTGCCGGCCTTCATGGTCGCCACGACGGTCAAAGCCGTGCTCGCCCAGCGCCTCTCGCGGCGCCTGTGCACGACCTGCAAGGTCCCTCACGATCCCAAGCCCGAGGAGATCAAGATCTTCCAGGAGAACAAGGTCGAGCTCCCGGCCGGCACCAAGATCTTCGGCCCGCCGGAGGGCGGCGGCTGCGAGGCGTGCAAGAATCTCGGCTACAAGGGCCGCGTCGGCATGCACGAGATCCTGATCATGTCCGACACGCTGCGCGGCTACTGCCTCAAGGACGTGGCCGCCGACAACGTGCGCAAGGAAGCGGTCAAGGAAGGCATGCGCCTGATCGTCCAGGACGGCCTCGAGAAGGTGAAGCAGGGGCTGACCTCCTGCCGCGAAGTCCTCGGCGGGACGGAGTAAGCCATGGCCCAGACCAACGCCAACCCGGCCGGCCCCGACATGAACGTAGACCTCGCGCTCGAGCTGTTCTCAATCGCCGGCTCGCTGAACTCGACGACCGACCTCGATTTTCTGCTTCAGAAGATAGGCGCCGCCGCCGAGCAGCTTCTCGACAGCGAGGCGAGCGCCATCATGCTCGTCACCGACGACAAGAAGAGCCTGTTCTTCCGCGTCGCCTCCGGCGAAAAGGCCAAGGCTTTGAAAACGATGACCTTGCCGATCGGCCAGGGCATCGCCGGCTGGGTCGCGCAGAACCGCCAGCCTCAGGTCGTCAACGACACGAAGAGCGACCCGCGCTTCGCCGGCAAGTTCGACAAGGCCTCCGGCTTCACGACGCGCTCGCTCCTGTGCGTGCCGATGATGTTCCGCGGCGAGCTCGTCGGCGTCGTCGAGGTGCTCAACAAGCGCGAGGGCGGGTACGGCGAGGGCCACATCGGCCTGCTGAGCTCCCTGGCCAACCTGGCGTCGGTGGCGATCGTCAACGCGAAGATCATGGCCGAGCAGAAGAACTTCTTCTCGCACGTGCTCGAGCTGCTGACGGCCTCGATCGAGACGTCGAGGCCCGGCCTCGAGAACTACCCGGTACGCGCGGCCAAGCTCGCCTGCGCGATCGGCCGGGCCATGGAGGTCGACGAGTACGACTACCGCATGCTCTACTACGCCGGCGTCCTGCACAAGATCGGCCTCATCGCCTTCAAGAGCCCGCGACTGCTCGCGGATCTGGGCGTCACCAGCGCCAACGACGAGATGCTGCCGGCGTTCTCGGCGCGCATGCTCGAGGGCATCAAGATGCTCGACGGCGCCGTGCCCATGATCCGCCACCACAAGGAGCGCGTCGACGGCACCGGCTACCCGGGCAAGCTCAAGGGCGACGACATTCCGCTCGGCGCGCGCATCCTCGGCCTCGTCGTCAAGATGGAGGAGCTGCGCGCCGCCGGCCTCAAGGACGTCGCGCTCGGCGTCCAGGCGCTCAGGGAAGCCAAGGACGGGGTCGGCACGCGCTACGACAAGCGCGTCGTCGACGCGTTCGAGGCCGTGCTCGAATCCCATGGAGGGACCTTCTGATGGACAAGCCGCTGCGCGTTCTCATCGCCAAGCCGGGCCTCGACGGCCACGACCGCGGGGCCAAGGTCATCGTCCGCGCCCTGCGCGACGCGGGCTTCGAGGTCATTTATACGGGCATCCGCCAGACGCCCGAGATGATCGCCGCCGCCGCCATGCAGGAGGACGTCGACGCGGTCGGCCTGTCGCTCCTCTCGGGGGCCCACCTGACCTTGTTCCCGGCCATCTGCAAGGAGCTGAAGAAAAAGGGCTTGAAGGACGTGCTCGTGTTCGGCGGCGGCATCATCCCCGACGAGGACGTCAAGCCGCTCCAGAAGGCGGGCGTCGACGCCGTGTTCGGCCCCGGCACGCCGCTGCAGACGATCGTCGACTACCTGAAGGGGAAGCTGGCCGTTGCCCGCTAAGACGAACCCCTCGGATCTGGTCCGGCGCGTGCGGAAGGGCGAGCACGCGGCCGCGTCGCGCGCCCTGTCGATCGTCGTCGACGACGGCAAGGACTCCGAGGCGCTCGCCAAGGAGTTCTTCAAGGCCTCGGGCTCCGTGCAGAAGATCGGCGTCTCGGGGCCTCCCGGCGTCGGCAAGTCCACGCTCACGGGCCGCCTCGTCGGCCATTTCCGCTCGAAGAAGCTCAAGGTCGGCGTGCTCATGGTCGACCCATCGTCCTCGATCTCCGGCGGCGCCTTCCTGGGCGACCGCCTGCGCATCATGGAGCACGCGACCGACCCCGGCGTGTTCATCCGCTCCTTGGCCTCGCGCGGCATGATCGGCGGCCTCACCTACGCGATCTTCGGCGCGATTCACGTATTGGAGTCGCTCGGCTGCGACAAGATCCTCATCGAGACGGTCGGGACCGGTCAAGACGAAGTCGAGATCGCCTCGGTCGCCGACACCGTCCTCTACGTGACGACGCCGTCGATGGGCGACGAGATCCAGGCGATGAAGGCCGGCGCGATGGAGATCGGCGACCTTTTCGTCGTCAACAAGGCCGACCTCGCCGGCAAGGACAAGGCCATCGCCGACCTCAAGGCCGCGCTCGGCCTCGGCCACTCCGCGGGCCAGGCGGTCAAGGCCTGGGAGCCGCCGGTGCTCGCGACCTCCGCCAAGGACGGCGACGGCGTGCCCGAGCTCGCGGCCGGCCTCGAGGGCCACTGGGACCATCTCAAGAAGTCCGGCGAGGGCCGCGCGCGCCTCAAGCGCCAGCACGCCACCGAGCTGCAGTTCTGGATCCAGCGCCGCGTCATCAAGAGCGCGCTCGAGCGCGTCACCGACAAGAACCTCGAGGAGCTCGTCGCGCGCAAGACCGACCCCGCGTCGCTCGGGCGGAGGCTTCTCAAGTGAAGCTCCACCACGTCGGCGTGGCCGTGCGCGACCTGAACGCCGGCATATCCCATTATCAGGCGTTGGGGATGACGATGGCCCATCGCGAGACGGTGCCGGCCCAGAAGGTCGAGGTCGCTTTCATGGGCTCCGGACCTTGGATCGAGCTCGTCGCCGGCCTCGGTCCGGATTCT
CP096137.1_gap23	1130600	1131141	541	TGCCGCTCATCGCCGGCTGGGCCGTCGGCTGGCTCGTGACGACGATGGGCCTCGGCGGCTACGCGATGGCCTACGGCGTCTACGCCGCGCTGCTGCTCGCCTCCCTGCCGATCTACTGGAGCATGATCCGCGACCCGCGCTTCCCGGCCCACGACAAGTTGGGCGTCTGGGGCCTCGCCTCCCAGACGGCCGTCTTCATGGCCGCGCTCGGCGCGAGCGTGATCCATCCGTTCACGCTGATGCTGCGCTGGTCCTTCAACTCGATCTTTCCCGGCGCGCGGGCGCCGATGCCCGAGGGCCGCGCCGCGAAGGCCGCGTGGCTGGCGCGCGAGGTCCTCGTCTCCGTCGCGGGCGCCGCGCTGTTCCCGGTCGCCCTTCTCAAGGCCCTGCTGCGCGTCCCCGCGGCCTGGCGCGCGGCCAAGGCCATGCGCTCCTCCGGCAAGGGGGCGTCGCCGGCCTCGCGGACGCGCTCGAGAAGTACAAGCCGACGCAGGGCCTGGCCTACATCCTGCGCAATCGCATCCTGACCATCCTGACCGGC
CP096137.1_gap24	1143386	1146089	2703	GGCTGGCGAACACGTACGCGCCGACGCCCTTCTCGATGAACACCGGCATGTTCATATAGATCGGCATGTCGGCGACGACCTTCAGGTTGTGCTTCTTGATGTGCCAGGTCAGAGACGGCGTGATCTCGTGGATCACCGAGCCCATGCCGGGGCTCCTCTTGACGCCGGCGTTGATGTAGCCGGAGTTCTCGTCCATGGCCAGGGCGGCATAGCGGAGGCCGATCTGGTACGGCTTGACGTGGTAGGCCACCTGGCCGCGCGCCGAGGCGATGTGCAGCGCCCCGTAGCGGTTGTAGAAGCCGCCCCAGTCCACCTGTCCTTCGGCCTCGACGACGTGGCCGTTGGACAGCGGATGCCGGATGACGGCGTCGCCGCCGACGAACCACGTGCGGCCGCGCTGCAGCGTATTGGCGCCGCCGGTCGTTCCCGCCGTGTTGTTGGGCCCCGCCGTGATGAACGGGTTGTAGTTCGCGTCGATCAGCAGGTTCTTGTCGATCGTGCGCAGGTTCTGCACGATGCCGTGGCCGATGATCGTGTCCTGCATGAACAGGGCGTTGAGGTAGGCGGCCTTGGTCGTGCGGGTGAGGTCGATGTCGGTGCCGACGACGTGGTAGATGTCGGAGTCGACGCCGTCGTTGTAGCCGACGCGGGCCACGACCTCCGGGACGCCGAGCGTCTCAGGCAGATAGCGCTGCGGAACGTCGCGCCCGCCGCCGGAGAACAGGCCGATGGTGCCGATCAGGTTTCCGGCGCTGCGGCTCTGCAAAGCCAGGCCGTAGTCGCGTCCCTGATAGGAAGCCATCGTCGCGATCGAGCGCTCCGCGAAGTTCATGAAGCCGCGGTCGGAAATACCCTCGCGGCCGTAGGGGACCCGGAACTGGCCGATCTTGAGGTCGGTCCGTTCCCCGAGCGGCTTGAGGGGAATGTCGGCCACGAAGTCGAGCATGCCGAGGTCGGTGTTCGAGCCGTTGGCGTTCTCTCCGCCGAGCGTGAACTGGGTCTCGTACTTGACGTCCTCGTAGTTGCCGTAGAAGCCGAGGCGGGCCTGCTTCATGAACAGGTACACCCGGGCGTGGTCGCGGTACGGATCGGGGACGGCGACCTGACCGACGCCGATCATCTGGCCTCGGCCCCGGATGTTGAGGCTGAACTTATCGTTCTTGACGACCTCGATCGCGCCGGCGGTAACGGCTCCCGCCAGCAGCGCCGAGGCCATGAGGGCCGTCATCGCGAGTTTCATACTAGTTCTCCTTTTGCGTCTTCAGAATGAGGTCGAAGCGGACCGTCACGGCGTCGCGTACCTTGATCGTTCCCATCATGAGCTTCGGCGGGGCGATGCCGTAGTCGGACATCAACAAATCGTGCGAGCCGCGCACGGCGACGGAGCCGTCGCCGGGGATCAGAACGAGGGAGAGCGCGACGCTCTTGGTCACGCCCGCGATCGTCAGCTCGCCGGTCGTCGTCGCCGTCAGCGCCCCGTCGGCCGCCTTTGCGAGCTCGTACTTGGAGAGCGTATAGACGACCTCGGGGAACTCCTCGGCCTTCATCGCCTTGCGCATGTTCTTGTCGAGCTTCTTGTCGCCGGACTCGAGACCGGCGGCGGGAATTCTCAGGGCGAGCGTCTTGACCTTGCCGGAGGCGACGGCCGCGGCGGGGCTGAGTCCCTCGGCCGCATCCACGTCCAGCTTGAGGACGGTCGCGGCGGCGTTCCACTTATGGAGGGTGGAATCGCCCTCGACGCGAAGGAATCCTCCCGGGTTCACGGCGGCGCTCCAGGCGAGAGCGGGGGCCAGAAGAAGGACGGCGGGGATCGGGATGTTCATTCGATTCACCTCGATCTATGGCGTAGCAACGAATGTGCCACGCCGGTCGCGCCGGCGCCGGGGCCGCGGCGCTGTCGGCGGTCAGCGCTTTTTCTTCGGGGAGGGCTTGGCGGCTTTGGGGGCGACCAGGGTTTCCGGCGGGAGGTCGGCCGCCTCGATCGTCGGCCCGGAGGCCATGATCAGCGCGCGCTCGACGGCGTGCTCGAGTTCGCGCACGTTCCCGGGCCAGGCGTAGGCGGTCAGCGCCTTCGCGGCGGCGGGGAGAACCTTGCCGCCGCCGACCCTGTGCGCACGCGCGCCTTCTTAAGGAAGGCCTCGGCCAGCGGCATCACGTCGTCGCGGCGCTCGCGCAGCGGGGGAATGGCGATCGGAAAGACCTTCAGCCGGTAATAGAGATCCTCACGGAACTTCCCCTCGGCCACGAGCTTGGCAAGATCCCGGTTGCTCGCGGCGACGACGCGCGAGGCGACCTTGACCGGGTGGTTGTCTCCGACGCGCCGTATCTCGCCTTCCTGCAGCGCGCGCAGAAGCTTCACCTGCAGGCCCGGAGTCGTCTCCGTGATCTCGTCGAGGAACAGCGTCCCGCCGGACGCCTCTTCGAAAAGGCCGCGCTTATTGCGGTCCGCGCCGGTGAACGAGCCTTTGACGTGGCCGAACAGTTCGCTTTCGAGCAGACCCTCGGGCAGGGCGCCGCAGTTGATCGCGACGAAGGAGCCGTCGCGGCGGGGCGAGTTCTCGTGCAGGGCGCGCGCGATGACTTCCTTGCCCGTGCCGGACTCGCCGGTGATGAGCACGGTGGCGTCGGTGCCGGCGACCTTGTCGACGAGAACGAGGACCTTCTTCATCTCTTCGCTGGCGACGACGATCTTCGCGAAGCCTT
CP096137.1_gap25	1295670	1299886	4216	CGCGGGTCGACTGCTCTAGGAGCGTCGACACCTTCGGAGGGAGGAGTCCGAGCAGGCCTAGGCTGCGCCGCTCTTCGTAGGTGAAGGCCGACCCTTTGTTGAGCAGGGGGTCATGCAGTAGTCCGCGCCTTTCTTATGAATTTCCATACCGTTGTGCCTATGCGTCCTTTCGGTTCGCGACCCAGAAGCGCGGAGGGAGCGCGCCGAGGGCCATGAACGCGACCTGCAGCGCGGAGAACGCGGAGAGCCACAGGAAGGCCTTGTCCATGAAGCCGTACGAGTGCAGGCCTATGCCGAGCATGTTCACGCCGAACCAGGAGAGACTCACGATGATGTTGCCGAAGATCGCCATCAGCATGATGCCGCGCTCGCGCACGTAGCCGCCCCAGCGCGCGTGCAGGATCAGCGCGTTCCAGAGCACGATCAGGAGCGCGCCGTTCTCCTTGGGGTCCCAGCCCCAGAACCGGCCCCAGCTCTGGTCGGCCCAGATGCCGCCGAGCACGGTGCCGATGAAGCTGAACAGCAGGCTGAACGCGATCACGCCGTAGGCGAGCGAGGCGAGGGCCTTCGAGGCCTCCGGATCGGGCTTGAGCGGCAGATGCCGCCGCACGACCCAGGCGATGCCCAGCATGCCCGCGAGATACGTCGAGCTGTAGCCGATCGTGATCGCGACGACGTGGGTCGCGAGCCAGAAGTTCGAGTCGAGGACCGCGCGCATCATCTCCATCGTGTCGCCCGTGGCGCTCAGGTGATGCGCGATCAAGAGGGTCGTGAAGCCGATGGCACAGGCGCCCGAGGCGGCGAAGCCGCGCCGGTGGATGCGTTCCGAAACTAGTCCCAGGAGCGCGGCCGCCCAGCCGACGAACACGGCCGACGAGTAAAGATTGGTGACGGGCGGGCGGCCCTGCAGCACAGTGCGCGCGAGAAGGCCCAGGGTATGCACGAGGAAGGCGGCCCACGCGAGCGAGCGCGCGGCGGCCGCGACGTCCTCGCGCCGGGTCGCCCAGGCGGCGAACACGAGCAGGAGCGCGGTCAGGTAGAGCGCCATGCCGGAGACGAACGGCGTCGCCTTGTTGAAGAGGGTCTCCACCCGCGCCGAGCGCGCGGCGGCGGGTTGGTTCTGGGCGATCCACTTCGCGTGCTCGGACAGGGCCGCGTTGAAACCGGCGGCGTCGCCGGCGCGATAGGCGCGTCCCATCAGGGCGAGCGACGCGAGGCCCGGATGCGGGTCGCGTCCCGTCGTCGGGTCGGACAAGGCGTCGCCGGTGCTGAGCCAGGCGTCGGGCGACTGGCCCTTTCTCGGCGGCAGCGCCTTGAAGGCGGCAGCCTGCGCGAGGAATTGATAGCCCTGCAGCAGGACCGACAACGCCTTCAAGGCGCGGCGATCCTTCGCGGTGGGGCTCTTCGCGTGAAAGGCGGCCAGAGCATCGGGAAGCGCCGCGGAGAACATAGCGAGGTCCGTCGCCGGATCTCCCTGCCCGGAGAGCATGAAGGTGTTTTTGACGCGCTCATAGAGCGTCAGGCGGCGGTCGAGATTGAGCAGGGCGTCCTGGAAGCGGGAGCGCCTCCCGCTCGAGACCTGGTCGGCGGCGGAGGCCTGTTTCGAGACCTCCTCGCGCTTGGGCTCGATCTGCCAATAGGCGAAATAACGGGTCTTGCCTTGGGGATGCCGAGCAGCCCCAGCACCTCGGGGTCGTCCACGACGAAGGCGGGGTAGGTGTCGGCTGCCTCGGGCTTGAACGCGGAGTCAAGGAGCCAGCGCGTCGCGATGATCGTCTCACCGTCGACTGCCACGCTCTGCTTGCCTCGGATGGACAGCAAGGCGGTTCGCGCGAAGCTGTCCATCGGCTTGACGCGGCCGCCCTCGAGAACCGGCAGGCGGGCGAAGGTCCGGAAGTCGAAGTCAGATTTCGGCTCGGGCGAAAAGGCCGGGAAAGCGGCCAGCGCCAGCGCGCCCAGGAAAGCCGCCGCCTGCAGCCGCTTGGTCTTCATGAGGGCCTCGCGCCGAGCGCTTTGCGCAGCATCACGCCGAAGTGCCAGAGCAGGCCCAGAGCCACCAGAGCGCACGACAAATACGGGAGCGTCCACGCGGGATTGCGCACGACCTGCAGCACCGACAGCGTGTCGTTCTTGCCGAAGCTCGCCTGATAGAAGGTCAGCCCGCCGTGGCGCAGGGGCGAGTTCATGTAGATCAGCACGTCGCGATCGTCGCCCGCGAGCGGATCTTTGAGGCGCACGAGGCTCGAGAAGTTTTTAGGAATGTCCGTTCCCGGATAAAGGTCGTGCTTGAAGTCCTTGAGCGTCAGAGAGAGGGGTGCTGGTAATGGCGCAGGCGCAGGCTGAGCCTCCAGCTTCGGCCCTCGTGCCTGAAGCCTTGAGGCGCGCCCAGCGCGTTCGACAACAGATAGACGCCCATGCTGCGTCCATCTTTCAGCACGGGCTCGACGACCGCGACCGCGGTGTTCTGGTCGTTGTCGCCGGTCACGGGCGGCAGGGGCTGATAGGACATGCCCGCGCCGACGCCCGCCGTGACGATGGATGGAGGCCCGCCGGGAGCGCGCATCGTGAGCGCCGCGTTGTCGTGGTAGGCTCGCACCCGCAGTTTGAAGGGAAGCGACGCGTCGGCTATCTCGGCGCGCGACTTCAGGAGCGCGTCGGGGATGCCGCGCTCATCGTTGAACTCCTTGTCGGTCTCATCGATGACGGCGACCTCCATGCGCCGGTAGTCCTCGCTGAAGCTCTTCGTCTGGCCCTCCTCGATCGCCATGTTGCTTTCGACCTGCAGGAGCGCGGTCGCGAATTCGCCGATGAACAGCAGGGCAAGGCCGATGTGCATGATCCACAGCCCGCCTTTGCGCCAGGTCAGCTCGAGCCGGCGGAACTGCGCGAAGACGAGGTTGAGCAGGAGCAGGCCGCCCAGCAGACCGCCGCCCGGGAACACGGGGAAGCGAACGGCGGACCCGTCCGGAGTCCACCAGACGATGAAGGCGCGGATGTAGCGGTCGACGGCCAGATGGGTGCCGAGGTCGACTTGCGCCAAGGTGCAGGCGACGACCAGGATCATGAGCAGGGCTAAGCAGACGATCGTGAGCTTGAGCGAACTCACCGCGGCGGCCAGACGGCTCAAGAGTTCATTTTGGGGCATCGGGTTTCAGTTCCTGGATGAGCGTGAGGAAGCCGCCGCGGGCGGACTCGGTCGCCGCGGCTTCGCCCATGAGCTTGAAGAACCAGGTCGTGCCGCCCGTGTCGACGGCGGCGACGATCATGCGCGCGCGGACCTCGCCCGCGCCCGTGAAATCATAGACCTTCACGGGGCCCGCCTTCGTGACGAGGGTCGTGCGCGCGTCCGCCATGCCGGCGTCGTCGGTCGCGGGCAGGCCTATCTGCCCGCGCCAGCGGTTGACGTTGGCGAGCTCGCCGCCCGAGGCGCCGGGAAGGGCGACCACGGTGGCCTCCGTCTTGAGGCCGCCCGGAGGCGTGAAGGTCGCGAGGCGGATGCCGTTGCCCGCGACTTCCTTCCAGCCGGAGGGCACGGTCCAGACGAGTCCCTTTCTTGCGGACTTTGGGGGGACATTTCCTCGCCTATGGCTCGGTCTGGCCCTTCCATTTCAGCTTTCGGCACACGCGCGCGCGTGATCGCCTCCTCGCCGCAGGAGGCGAGCTGGAACGCAGCCAAGACGGGGAGCACGGCGGCGATGCGGAGTCTCATCACTTTATTTTGGCAATTCGCCTAGAAGCGGCCCTGAGCCGACAGGTAGCGGGCGAGATCCTCGATCTGGACGTCGGTCAGCTGGCCCTTGAAGGCCGGCATCGCGGAGGCGGGCATCGATACCGAGGGATCCTCGATGTATTTCTTGATGAAGGCCTTGTCGCGGGCCGTCCCGATAAACGAGAGATCGGGGCCTGAGTCCGCTCCCTCCTTGCCGAGCTTGTGGCAAGCCGTGCAGTTCTCCGTGAAGAGCTTGGGCGCGGCCTTCGTGAAGGGCTCTTCCGCGTGGAAGGACTTCATGTAGGCGACGAGGACCTTGACCTCGTCGTCGAGGAGGTTCAGCTTGGGCATGACGGAGCCGGGCGTGACGCTGCGGGGGTCCTTGAAGTGCCTTGTGAGCCATTCCTCGGTCTCGCCGCCCGCGACCTTGTCGAGGGCGGGGCCGACGACGCCGCCCTTGCCGCCGACCTTGTGGCAATGCGCGCAGTTCAGCTGATCGTAGAGCCG
CP096137.1_gap26	1321483	1324837	3354	GTAGCCGCTGCGGTCGAGCGCCTCGGCGAAGATCGTGTAAGCGCGCTCCTCTTTGGGCTCGACGATCACGTCATATGTCTCGGCGGGCCCCACGCGAAACTCGTCGACCTCGACGGGCTGCACGTTTTGCCCGTCGGCCTGCACGACCGTCATCTTGAGACCCGGGATGCGCACGTCGAAGAAGGTCATGGCGCCCGCGGCGACGAACCGCAGCCGCACCCGCTCGCCCGGGTGAAAAAGAGCCGTCCAATTGGCGGCGGGAGCGATGCCGTTCATCAAATAGGTGTACTCGGCGCCGGTGACGTCGGCCATGTCGGTCGGGTCCATGCGCATGCGGGCCCACGACCGGTAGTCCTTGATCGCGGCCCATAGTCCCTTTTCAGCGGCGTCCGAGAAGAACTCGCGCATGGTCCTGCGTTGGAAGTTGAAGTACCCGGAGCGCTTCTTGAGCTTGTCGATGAGTTTTGCGCTCGATTTGAAGGTCCACTCGGAAAGCACGATCACGTGCTCCCGGTCGTATTTGAACGGGTCCGCCTTAAGCGGCTCGATTATGATCGGCGCGTAAACGCCGGCCTGTTCCTGCCCGCCCGAATGACTGTGAAACCAGTACGTTCCGCTTTGCACGATAGGGAAGCGATAAACGAAGGTTTCTCCCGGCTCGATGCCCGCGTAGCTGACGCCGGGCACGCCGTCCATGCCGGCTGGGACGAGGAGCCCGTGCCAATGGATGGAGGCGGACTCCTTCAAACGGTTCGTCACGCGCAGGGTCACGTCGTCGCCCTCTCGCAGGCGAAGCAATGGTCCAGGCACGGACCCGTTGATCGCCATGGCCTTTCCGGCGCGGCCATCGACGCGGAAGGAGAGATCATCGATCGTCAGATCGATCGTCTTGCCGCTCAATTCGGTCGGGCCGGCGATGTTCGCGTTCGCAAAGGACCACGAAGGACCGCAGGCAGGCAGTATCACTGCCAAACCGATAATTCCGGCCTCGCATAGGAGGCGGCTCAAGAGAGACCTTAGAACGTTCATTTTCCATTACAGTGTCCGTTAAATAGAGCGGGGCGTGAATAGTGGGTTTGTCGTGGTTTTGTCGCCTTTCAGTTAACTGCGTGTCATATAAGATTCATAATTCCATTGCCCACTATGAATAGCAATGGCAGGCCACGCGTGCGATACTGAGCGCGGTGCACGGAGGAAGCCATGCTGACAGGCGGTTGCTGCGGCGAACGAACGCGAGCGAATTGGGTGCTTTGGATTCTCATTGCGGCCGTCGGCGTCTACGCGTTCATGGAACACCGGGGTCATCTTCTCCGGGCATTGCCCTACCTGATCCTCCTCGCTTGCCCGTTGATGCATCTCTTCCATGGCCGCGCTCATCAGGGGAAACATGAAGAGGCCCAGCACGATATCACCCCGCATTCCACTCCCAAGAAATGATGTCGATGAATCACGATCATTTTATTGTTCCGCCCGGAAAAAAGATCCGATTGAAGAATTATGATCCGGGGTTCACGTGTCATTACAAGAACAAGGACGAGGCCTCGGAGAAATTGCGGAAGGATATTAAACGACTGGCGAAATATCAGAACGTGCTCTACGCCAATAAGACTTATGCGCTGCTGGTGATGCTGCAGGCGATGGACACAGCCGGCAAAGACGGCGTGATACGGCATGTGATGTCGGGAGTCAATCCGCAGGGCACGCAAGTCCACTCCTTCAAAGCACCTTCAGAGGAAGAGCTCGGGCACGATTTTCTCTGGCGGAGCATGAAGGCTTTGCCGGAACGCGGCGGGATCGGCATTTTCAACCGCTCGTATTACGAAGAGGTGCTTGTCGTACGGGTCCATCCAAAGATTCTGGATTTACAAGGTCTGCCGCCTGGAACGAGGGAAAAACCATCTGGAAGCATCGCTTCAATGAGATCAACAGCTTCGAGAAGTATCTAGTCAGGAACGGGATCGTCGTCCTAAAATTCTTCCTCAACCTCTCGAAAGGAGAGCAGAAGCGCCGCTTGCTCTCGCGCATCGATACGCCGGAGAAGAACTGGAAGTTTTCATTCAACGATGTTAAAGAGCGGGCCTACTGGGACGACTACATGAACGCTTTTGAGGACACCTTAAACCATACGAGCACTGAACATGCGCCCTGGCACATCATCCCCGCCGACAACAAATGGTTCACTCGCACGGCTGTCGCCGATATAATTGTCGAAAAACTCAAATCGCTCAAATTGAGCTACCCAGCTACAAGTAAAGAACACCGACAGCATCTTCTCGAGGCTAAGACGCTATTGGAACGGGAGGCTGCATGAAAACCAGCGTAATTGAAGTGCGTGACTTCCTATCTGTGTTAAGCGTGCTCGGAGTGGAACAACGGATTATGAAGGTGCCGGGAGTCGAAAGTGCGACGGTCAATTTCGCCGCGGGCACCGCCACGGTCCGCTACGACGAAACTCAGCTCGAGGCGGCCGATATCAAGACGGCCGTGCACCAATCCGAGTCGCATTCGACGCAGGCTTCCCGCGTCAAGCACGCGAAAAAGCATAAATCCACATCCAAGCCTGCGGTGCCTCCAGAGACACCGGCGGTAAAACCGCCGGAGGCCAAAGTCGATTCCAAGGCGCCTGCGCCGCTCAAGGATGAAAAGACTAAAACCGAACCATCGCCGAAGGGCGGCGGCGCGAAGGGCGGAGATGCTCCAGTTCCGACCGCTCCGTCTCCCGTGGCCGCTAAGCCCGTGAACGAGAAAGACAAAGAATTATCGCCTCCGAAGCCGGCCGCCGCTAAACCGACCGAGCAGAAGGGGAGAAGGATTCCCAGGCCCCCGTGAGCGGTGAACCGAAGTCGGACGATCACAAGCGCCACAAGCCGGACGCGATGGCGGCGAATAAGGCGGAAATGGCGTCGGAGATGGGGCATGGGGAGGGAAAGGACCTGGAAGGGATGGCGCGCGACATTCGCAACCGCCTCCGACCTTCCCCCGAAAACAGGGCCAAGTGAAAGTTGAGTCCGAAGTGGTAAAACACCCAACGGAGGACTCAAAAAATGGCGAAGCGAAGGACGGAAGAACAGATCATCGGCGTGCTGAAGGAATCGGAAGCCGGCATGAAGACGTCGGAGCTGTGCCGCAAGCACGGCATCAGCGAAGGGACGTTCTACAAGTGGAAGGACAAGTTCGGCGGCATGACGATCAGCGAAGCTCGGCGCTTGCGCAGTCTTGAGCAGGAAAACAGCCGCCTGAAGCAGATCGTGGCCGACCAGGCGCTGGACATCCGGGCACTGAAGGAGATCAACTCAAAAAACTGGTAAGGCCCAAGGCGAAACGTGCGGCGGCAGAGCACGTTGTGGTGAGTCT
CP096137.1_gap27	1369658	1374326	4668	AGCGATATCTCGCGCTCGATCGTGGCCGGCGCCAACGTCGTGCTCGCGACGCACGCGGGGCTCTCGAAGCGCCACGTGAAGGGCGACTTCGACCTCGTCGTGCTCGACGAGGCCAGCCAGGCCAGCGAGCCGCTGTCGTGGGTGCCGCTGACGATCGCGCGCAAGGCGATCTTCGCGGGAGATTCGAACCAGCTGCCGCCGACGATCTACTCCAAAGAAGCGGCCGAGGGCGGCCTCACCGTCACGCTCTTCGACCGTCTCAAGGACATCCTGCCCGCGTCGGCGCAGACCCTGCTGCGCGTGCAGTACCGCATGCACGAGGACATCATGCGCTTCCCGTCGGACGAGTTCTACGAGGGCAAGCTCATCGCCGACGAGTCCGTCGCCAAGCACGTCGCCGCCGAGCTGCCGGGCGTAGCGCCCTCGGACCTCACGAGCCGCCCCGTCACCTACGTCGACACCGCGGGCGCCGGCTTCGACGAGACCTGGAACGACCTGCTCGAGAGCCGCGAGAACAAGGGCGAGGCGGAGCTCGCGGTGAAGCTGCTCCACGAGCTGCTCGGCTCGGGCTTGAAGCCCAAGGACGTCGCGATCCTGACGCCGTACGTCGCGCAGGCCAAGCGCCTGAAGACGCTCGTTCAGGAGCGCGGCGTCGAGATCGGCTCCGTCGACGGCTTCCAGGGCCGCGAGAAGGAGGCGATCATCCTGAGCCTCGTGCGCTCGAGCGAGTCCGGACAGATCGGCTTCCTGTCGGACCTGCGGCGGCTCAACGTCGCGATCACGCGCGCGCGGCGCTGCCTGATCGTCGTCGGGGACTCCGCGACGATCGGCCGACACCCGACGTACGCGCGCCTGGTCGCGCGAGCGGACGCCCTCGACAGCCATCGCTCGGCCTATGAGTGGATCGGAGCCTAAGAAGGACCTCTCGAAGCTCACGCCGGAGGACCGGGCCGCGCTCGTCGCGGAGCTGACGGCGCTCGTCGGGAAGGCCGGGCTGCGCGTCGACGAGGAAGCCGTGATGCGCCACATCCTCGCGCACGCGGGCTTGAGCGAGGCCGGCCTCTTCTTGCCGAGCCTGTCGGCGCTGTGGGGCGCGACGCGCTCCTACTTCCCGAGCGTGCCGATCGACGCCGAGCGCGTCGTCGAGGCCGTGCGCTTCTTGAGACGGCGGGGAATCCTGCGCGAAGCCGAGGGTGGATCGGCCTTCGTCGACGGCGCGGCGCTTCGCGAGCTCGCGGACAAGACCTCCGGCGCCTAGGTCACGGAACTTTTCGGCCCCCTCAATCGTCTGGTAAGCGAGGCCGCCGGAAAGGCGGCCAGGAGGGTACCATGGAAAACTTGCCGAAACTCGACGCGCGCGTGCGGCCGTACCAGGACACGTCGGACCGCCCCACCAAGCTCATGGCGTTCGCGGAGCTGATCATCGCGGATGCCTTCGTGATCAAGAACATCCGCGTGCTGAAGAAGGCGGAGGGGACCGACGAGCCGTTCGTCGTGTTCCCCGCGGAGAAGGGGAAGGGGGCGCTCGCCGACCGCTGGTTCGACACGGCGCATCCGGTGACGGCCGAGGCGCGCGTCGCCGCGATCGAGCTGATCCTCGAGAAGTACCGCCGCGCGGCCGGAGGCGCTCCGGCGCCCGCTCCCTTCTAGGGGCGGGTCTTCATGCGGGCGCGCAGCCAGAGGACGGCGCCCAGCACGGAGGCGACGATCGCCGCCGAGATCAGGGACTCGGCCGTGTTGATCTGCTTGGCCAGGCCCTCGTAGGTGTCGCGCGTCAGGTAGCCGAGGTAGCCGAGCAGCAGGCAGCGCGGGATGGAGCCGAGAAAGGTCCACAGCGTGAACTGCCCGAGCGGCAGGCGCAGCACGCCGGCGGCCGCCGAGATCAGCGAGAGCGGGACGATGGGCGCGGCGCGCAGGAGGAAGATCATCGTCGGGACGCGGCCCTTGAGGCGCGCCTCCATCGCGAGGATGTCGTCCCAGTCGAAGCCGAGGAAGCGGCCCCAGCGGTCGATCATGGGCTTGCCTCCCCAATACGCGATGCCGAAGGCGAAGTAGGCGCCGAGCGTGGAGGCCACGGCGCCGGGCAGGACGATGCGCGTGAGGATGGGGACGAGCGCGCCCGACCAGGACAGTCCCGGCGTGATCAGCAGGGCGCCGGCGCCCATGATGATCAGCGGGGAGGGGATCGGGACGATGACGGACTCGACGATGACGCCCAGGAACACGACGATGGGGCCGTGCGCCTGCATCATGTCCATGATCCAGCGGGTGATGTCTCCGATCATGGGCGAAAGGGTAGCAAAAATCGGATAAACGGACGTCAAAACCCGGTATAATCTAGGCGCCATTCCTAATACGCGCGCGTAGAATGACCCCGAGCTCCCGCACCCTCGAGACGTCCCCGGCCGGCCTTCGCGGCCTCCTGCGCGACCTGCGCGCCCCCGTCGTTTCCGGGAAGGCCTCCGCGCCCGCGCTCCTGCCCGAGCAGCTCGGCGACCCCGCGTTCCTGAAGGAACACGGCGTGAGATATCCTTACGCCACCGGCGCGATGGCCAACGGCATCGCCTCGGAGGCCCTCGTCGAGGCCGGCGCCAAGGCCGGCCTGCTCTCCTTCTTCGGCGCGGCGGGCCTGCCGCCCGCCCGAGTCGAGGCCGCGATCGACCGTCTCGACAAATCCCTCGGCGCCCTGCCGCGCGGCTTCAACCTGATCCACAGCCCGAGCGAGAGCGACCTCGAGAACGCGGTGTGCGACCTGTACCTGCGCCGCGGCGTGCGCCTCGTCGAGGCCTCGGCCTTCATGGGCCTGACGCCGGCGATCGTGCGCTACCGCCTGCACGGCATCCGCCGCGGCGCGGACGGCCGCGTCGAGGCGCCGAACAAGGTCGTGGCGAAAGTGTCCCGCGTGGAGGTCGCCGAGAAGTTCCTGGCTCCCGTCTCCGAGACGATGCTGCGCGAGATGACGGCGTCGGGCCTCATCACCGCCGAGCAGGCCGCGCTGGCCGCCGAGCTCCCGATGGCCCAGGACCTCACCGTCGAAGCCGACAGCGGCGGCCACACCGACAACCGCCCGCTCGTCGCGATGTTCCCGGCGATGATCGCCCTGCGCGACCGCCTGCAGGCGAAGTTCAAGTTCAAGAACCCGGCGCGCGTCGGCGCCGCCGGCGGCATCGCCACGCCCGACGCCGCGGCCGCCGCGTACATGATGGGTGCCGCCTACGTGCTCACGGGCTCCGTCAACCAGAGCTGCGTGGAATCCGGTTCCTCCGACAAGGTGCGCGCGATGCTCGCCGCCGCCGGCCAGGCCGACTGCATCATGGCGCCCGCCGCCGACATGTTCGAGCTCGGCGTGAAGGTCCAGGTGCTCAAGCGCGGCACGATGTTCGCCCAGCGCGGCATGAAACTCTACGACGTTTGGAAGTCGTTCGATTCCATCGAGGCGATCCCCGCCGCCGTTCGCGCTCAGCTCGAAAAGGATCTCTTCAAGGATAATCTCGACGCCGTTTGGTCCTCGACGCGGGAATTCTTCTTGAAGAGGGATCCCTCTCAGGTAGACCGCGCCGAGCGCGAGCCCAAGCACAAGCTCGCGCTGGTGTTCCGCTCCTACCTCGGCCAGGCCTCGCGCTGGGCCAACGCCGGCGTGCCGGACCGCGTCCTCGATTATCAGGTCTGGTGCGGGCCCGCGATGGGCGCGTTCAACGAGTGGGCGCAGGGAAGCTTCCTGCAGGCGCCCGAGAACCGCACGGTCGCCGTCGTGGCGCGCAACATTCTGTACGGGGCGGCCGTGCTGACGCGCGCCCATTTCTTGAGATGTCAGGGCGTTATCCTGGAACCTGAAACGACCCGCGTCGAGCCATTAACAGCCGACGAACTTGCCCGCCTATTGGACTGAATAGATCATGGCCAAATTAACCAATCATGAATTCATGCCGCTCGCCGTCGTCGGTCTCGGCGGGGTGTTCCCGAAGGCGAAGACTTTGCGTCAGTACTGGGCCAACATCAAGAACAAGGTCGACTGCATCCAGGACGTTCCCGCGAGCCACTGGACCAAGGAAGACTACTTCGACGCGGACCAGAAGAAGCAGGACAAGGTCTACTCCTACAAGGGCGGCTTCCTGGACACGTACGATTTCGATCCCTCCGAGTTCGGCCTCTCGCCCAACACGCTCGAGGCCACCGACCCCGCGCAGCTCTTCGGTCTGGTCGCCGCCAAGATGGCGCTGGCCGACGCCGGCTACGACGTGAACCAAGAGACCTGGGACCGCACGCGCGTGTCGTGCATCTTGGGCGTCACCGGCGCTCTCGAAATCGTGATCCCGCTCGGCGCGCGCCTCATGCACCCCAAGTGGAAGGCCGCGATGGAGGGCGCCGGCGTGCCCAAGGACCGCGTCGACGACGCGCTCGCGCGCATGGCCGACGAGTTCGTGCCGTGGCAGGAGGCCTCGTTCCCCGGCCTGCTCGGCAACGTGATCGCGGGCCGCATCGCCAACCGCTTCAACCTCGGCGGCACGAACTGCGTCGTCGACGCCGCGTGCGGCTCCTCGCTCTCCGCCGTCCACATGGCCGCGATGGAACTGCAGGCCGGCCGCGCCAAGATGGTCGTCACCGGCGGCGTCGACACCTTCAACGACATCTTCATGTACACGTGCTTCACCAAGACCCCGGCGCTGT
CP096137.1_gap28	1389886	1392963	3077	GGCGTCGTCCTCTACGCCGGCGTCTGCAAGGAGTCGAGCGAGCCCGCGACCGCCTGCGCGGTGGCCTCCAAGCTCGGCGTCCAGAACGACTGCGTCGTGCAGGACATCAGCAACGCCTGCCTCGGCGTCATGTCCGGCATGATCGACATCGCCAACCGCATCGAGCTCGGCCAGATCAAGGCGGGGCTCGTCGTCTCCTGCGAGTCCGCCCGCGAGATCAACGAGAGCATGATTCAGTCGATGCTCAAGACGCCCACGATGGAGCACTTCAAGCTCTCGATCGCGACGCTCACCGGCGGCTCCGGCGCCGTGGGCGTCGTGCTCACCGACGGCTCCTTCGGCCGCACCGGCCCCAAGCTTTTAGGCGGCGCGACTTTGGCCGCGCCCCAGCACTGGGACCTGTGCCAGTGGGACCGCGACTTCATGAGGACCGACGCGCCGGCCGTGCTCAAGAACGGGATGGAGCTGGCCAAGATCACCTGGCAGGCGTTCTCGAAGAAGCTCGGCTGGACGAGCGCCGACATGGACAAGACGATCACCCACCAGGTCGGCGGCCCGCAGACGACGGCGCTGCTGACGGCGTGCGGCGTCGGCCACGACAAGGACTACCCGACTTACGAGTATTTGGGGAACATCGGCACGGTGAGCCTCCCGCTGACGGCGGCGCTCGCCGACGAGCGCGGCTTCTTGAGCAAGGGCGACCGCGTCGGCTTCATCGGCATCGGCTCGGGGCTCAACTGCATGATGCTGGGCCTGGAATGGTGAGAGCCGGACTCGCGGTCTTCCTGGCGCTCTGGACTCCGGTCCAGGCCGCGGAGCCCGCGTTCGACGCGCTGTCCCACCTTCTGCGCGAATACGCCGGCCCTGTCGACGCGGCGGCTGCGGAGGCCACGCCCGAGGCCGAGGCTCCCGCGGGCGAGCGCCTGGCCCAGGTCTCCGCCGACCTAGCGCTGATGGCCGAGGGCCTGGAGCTGTTCCGCGCTCCGGCCCACGCCGAGGCCGCGCTCGTGAACCTGCCGGACCACGTGATCCCGGAACTCCGCCCGTTCTTCAAGGACCGGGACGCCGCCCTTCTGACGATTTACCGCACCTTGGCCGTGACCGACTACACCTGGGCCTCGCGCTTCCCCGAGCCGGGCTGCGAGCCGCGCGAGCGCCGCGCCGCCCTGCTCGCCGCCGACGACGGTCTGTTCGCCGACGACCAGGGAGGCCTGTCGCCGTGGCTGGCCCGCCTGCTCGGCCCGGCGGCTGTGGGTCGGAGCGCGACCGAGGCGCTGGACCGGGCCTCCTCGAGGTCCGCGACGTCAGGGCGCGACTACGAGCGCCTGCGCGCCAAGGCCGCCAAGATCAGCGCCGCCCTGCGTTCCGAGAAGGCCCAGGGCCGAGAGCGCGCCAAGCTGTACTGCCTTCGCGCCGAGACATACGAGTCCCTGGCCGAGGCGCACCGCGCTTCCCGGGCTCCGATCACGGCGGGGCTCTCCTTGGGCGAGGCCGCCGACTCGGTCGTCGCGCTCGCCTGGGCCGCGAATGGGAAGGCTCCGCGCGTCGTCGGCGCCGGCACCATGGTCGAAACCGCAGATGGTCCGCGGCTGCTCACCGACGCGCGGCTCAAGCCGGCCGAGGACGGCGTCCTCTCCGCGATCACGCGCGGCCGCGACGGAGGGCTCGGCTCGGCCTACCCGGTGATCGTCGCGAGCGCCGACGACCTGATCCTGGTCGGCCGGGTGCCGGCCATAAGCATTCCGGCCCTGCGCCTGGCTTCGGGCCCCGCCGTCGAGGGGGACTTCTTCCGCGCGCTCGGGCACCTGTCCGCGGCCGGCCTGTGGACGACGACGCAGGGCCTCGTCACGGAGACGCGCGAGTCTGCTTTCGCCTCCGACGCGCTTGTCGGACCGGATCTCGTGGGCGGACCCATGCTCAACGACGCGGGCGAGGTCGTCGGCCTGATCATCCTGACGCCCGGCGGCGCGCCCGTCGCGTTGCGTCCCGAGACCTTGCGCCGTGCTCTGGCGGGCGCCGTGGTCGGCCCCGTCGAACTGCCGTCGGCCTCGCACACTGGAACGGCGTCGCTGCTCACTACGGCGCGCCCGATCACGGGCGACCTGCCCGGAGCCGGGGGCGAGGCCGTCGAGGCGGGCCTGCCGAGTAGCCTGGGCGGCGTGAACTGGGAGGGTGGCGGCGGCGTCGGCAATTGGCGCCCGCGCTCCTCCGCGGGGCCGCCGCGCTCCTACTCGAGCTATTCGGGCTCGTCGGGGTCGTCCTCGTACTCGAGCTCGGACTCCGGCGGCGCCGAGCTCGGCCGCGCGCTCGGGCAGGCGCTCGCGCCGCTCGTCGAGGCGCTGATCTTTCGCGGCATCCCGGCGCTGTTCCGAGGGATCGCGTCGTTGTTCAAGTCGAAGCCGAAGTCTCAGTCCACGCAGAAGATGGTGGCTCTCAGTGAAGTGAAGAAAATTGAGCAGCAGAAGGAAGAGGAGAAGCTTCCCGATCCGAAGCTCACCTTGACCTTGCTTCCGGCCGAGGCGTTCGTGACTTCCACCCAGCCTCTCACCCTCACGGCGCGGGTCTCGGGGAACCGCAAGGACCTGAAGCTCGACGGCCACGTCGTCGAATTCCGCGTCAACGGCGTCGACGTCTCCACTTCCGCGACCGCGACGACCGACGCCTCCGGCGTCGCGCTACTGACCATCACGATCCCGGCCGCGGCGATCGCTCATAAGAATTTGGACGTGGAAAGCGCGAAACATCCGTGGCTGACGAACGCCGCGCACACCCAGGCGGCGCACAACGTCTGCCAGGTCACCGTGATGGCGGCGGAAGGCGCGCTTGTGATCACGGCTACGATCTATGCCCCGCAGCTCGCGCTTGCGGGCGGCGGCCGGGTGGTCGCGAGCGCGACTTTGTCGCAAGGCGCCTGCGCCGCCATCGGGGCGGCTTGGGTCGCTTCGGCCAAGCTGGCGTGCGACGGGCTTCTCGGCAAGGAGATCGCGGACGTGAAGCCGGCGCCTCATAGCGCTCCGGCTCCTCAAGGACAGGGCGCCGCCAAAGCGTCCGGTCCTATGGTTGCGGCGGCAGCAGAG
CP096137.1_gap29	1412496	1416660	4164	CCGGTGCCCCGCAACAATTATCGCGTGGGCGTGCCCGTCGGCGGTTGGTGGACCGAGATCGCGGACTCGGACGCCGCGGAGTTCGGCGGGTCGGGCGTCACCTTGGGCGGGGGCGTGAAGGCCGACAAGGACGCCTGGCACGGCCGACCCTACTCCGTGAAGCTCAAGCTCCCGCCGTTGGCCGCCGTGTTTCTGCGCAGACCCGCTTGACAGGCGGCGACTGTTTCCAGTGTGGAAGGCCTGTAGCGTCTAGAACCGCGCGGAGTAGTTCACGCCGATCTTCTCGGTCGCGAAATGGCCGGCGGTGAGGCCCCACTCGGTGCGCAGAGACAGCGGGGAGTCCTTGCGGCGCACGGAGATCGCGGCGAGGCCCGAGCCGGTCCCGCCCTGGAGCGCGGAGCGAAGCGCCATGCCCGTCGCGGTGTCGAAGTCGACGCGGACGGGGCCCATCGTCCAATCGGTGCGAAGGCCGGCCATGTAAAGGTAGGCGCCGCCGAGCGTGCCGGCGGAGACGAGGAATTCGGCGTCCCAGTTCTCGATGTTGGACGCGTAGGCGCCGCTGTCCTGGCCGAAGCGCTCGAGCTGGTAGCGGCGCACGAGCGCGTCCATCACGGCGTCGGACATCGCGGTCACGTGCGCTCCCACGGCCCGGCGCTGCCACGCGGAGGTCTCGGCCGGGCCGACGGCGCCGACGGGGCGAAGCTCGATCAAGCGGTAGACGGCGCGCTCCTGGCGGCGGCGCAGGCGCTCGGCGAAGATCGCGTCGGAGGTGCCCACGGGGACCGCGCTCATGCGGCGGGAGAGGTTCCCGGGCAGGACGGCGGAGATCAGGTGGCCGCGGACCAGCCCGTACACGCCGTCGGCGACGGCCTCGACGCCCCGGTAGACGGGGCGGGCGGACTCCGCCCAATCCTCGGAGCGGGAGGGAGAAGCCAGGACCAGAAGCAGCAGGGCCAGGAACTTCATCCCTGTTAAGGTAGCCGGGAAAGGGGGTCTGCGCAGGGGCACTCGGGCCCCCATCGGGGTGGGCCCAAAGGGCCTAAGGGGGACGGCGGGGACGCCTCGGCGCGTCATCTCGGTGTTGTCCTCGGTGTTGCGGCGCCGGCGGGACCGTCCCCGCCGTCGAGGACAGTATGGGCGGATTCTGTTACGGATTTTGTATCCTGGCACCCATGAAAAAACTCATTCTCGCCGCGCTCGCCGCCGCCGCCGTTCCCGCGTCCGCCACCGTCCGCACGAAGGCCGTCGAGTACAAGCACGGAGACGTCGTGCTCCAGGGCTGGGCCGCCTGGGAGGACGGGTTCAAGGACAAGCGCCCCGGCGTGCTGGTCGTCCACGAGTGGTGGGGACACGGGCCCTATGCGCGCAAGCGGGCTGAACAGCTGGCCAAGCTCGGTTACACGGCTTTCGCGGTCGATATGTACGGCAAAGGGGTCCTGGCCAAAGATCATGAAGAAGCCGGCAAGCTCGCCGGGGCCTTCTTCGGGGACCGCACGCTGATGCGCGATCGCGCCCTGGCGGGCCTGGCCGAGCTCAAGAAGCTGCCCTATGTGGACGAGACCAAACTCGCCGCGATCGGCTACTGCTTCGGCGGCACGACCGTGCTCGAGCTGGCCCGCGCCGGGACCGACCTCAAGGGCGTGGCGTCCTTTCACGGCAACCTGGCGACACCCGTTCCGGCCGCGGACAAGCCCAAGGCCTCCATCCTGGTCCTCCACGGGGCCGAGGATAACTTCGTCAATCCCGGCCTGGCGGCGTTCCAGGACGAGATGCGCAAGTCCAAGGCCGACTGGCAGCTGATCTCCTACGGCGGTGCGGTGCACAGCTTCACCGTTCCCGAGGCCGGAAACGACCCTTCGAAGGGCATGGCCTATAACAAGGAGGCCGACAAGCGCTCCTGGGCGGCCATGAAGGCCTTCTTCGAGGAGCTCTTCAACTAGTAACCAAACTGGTCTAGGACCTCAGGCCCGCGTTTTGGAGGCTCCCGCCCCGGGATAGGGGCGGGGGCCTCCGCTATCCTGAGGGCATGAACACGAACCTCCTGGTCGCGCTGATGCTGATCGCCGGAAACGCCGCCGCGCTCGACGCCGACGACGACGCCGCGGAAAGCCAGTGGACGGTGCCCGAGGCCGCGCCGCCCGCTCCGGGCGCCCCGTCCGGCACGCCCGAGGGCGGCTACGCCGACCCCGACCGGCGCCGCATGGACGAGGAGCGCCGCAAGGACGTGCTCGACCAACTGTGCCGCAAGCTCAAGCTCAACAAGGACTTCTCGGTCGGCGGCGACAACTGGCCGAAGACCACGATCGGATTCACGCGGCGCATGGAGGCCGACATCGACGGCGGCCTGGCCATGATCGACGAGGAGCGCCTGAGCGTGGGCTGGAACAAGGCGCTCAGCGAGGAACTCGGCGGCTCCGGCGCCTCCGGCTCGGTGTACGCCGGCGCCACGGTGGCCGGCAAGTCGATGGTCATCCGCCGCATGGGCACGTTCAACACCTGCGGCGAGGTCGACCGCCTGCTCAACGTCACGGACATCAAGCTCGCGATCCCGTTCACCTCCAAGCGCATCATGGCGATGGAGCCCGGCGAGCTGTGGCGCATCCCGCTGACGCTCAACGTCGGCTACGGCGCCTCCGCCTCCGACGCGCTCGACGGCTCGGGCGTGACCATGTCCTTCGGCATGGGCAAGTCCAAGAACGGGGCGGCGAGCATGACTTTGTGGCGCCTCGACCAGAAGCGCGCCCGCTTCCGCTTCCGCATCGACTACGTCGACGTGCGCTCCCGCCACTTCAACGTCAGCAAGACGATCCCCGCCGCGGAGTTCGCGATGAACGGCACGAACGCGGCGCTCGGCTTCCTCGAGAAGCAGGTCCAGCGCCAGCTCAACAAGTACACGGCCCTTTATCTGTCTCTGGGCCGGTCCAAGAGCAACGGCCGCCGGCTCGTGCTCGAGTACGTGATCGACCCGACCGACCCCGAGCAGGCCCGGGCGATGGCCGAGGCCCTGCAGGGCAACTTCCGCGACCTGCTGACGCTCGCGCGCAAGATGGCGACGAGCAAGACCTCGGCCGACGAGACGCGCGACGCCTACGCCGACCTGCAGGAGGAGAACGCCCTGCGCCTCGGCTACGCGAGCTACGCCGCGATGTCGCAGTACCACGGCCGCTCGCGCACGACCTCGATCAACATCCCCTTCCTGTTCAAGGGGGACTGGTCGTCGTCCCGGGGCTCCGACACCGTCGTGCGCTACACGGGCGAGGGCGGCGAGTTCACCTTCCATAATGCCGCGCGCAGCCCCAACGGGGAGTACTTCAACGTCCCGTTCCTCGGGCCCATCGTCAAGGACATCGAGAGCCGCAACGTGGAGTTCGTGACGTACGCCCCGAACGGGCAGGAGCATCAGGCTCCGTTCGGCGTCTACATGCACAACCAGGCGTTCCTGCGCATGCCGGCCTCGACGGTGACGGGCGGCCTGCGCGACGCCAACGAGATCCTGAGCCTGGCCGGCGCGGCCCGCACCGGCGGCCGCGATCGCACGATGGGCATCCCGCTGCCGCAGGTGCCGCCGGTCCCGGAGGACGGCGTGGAGGCCAACGACCAGAAAGGCTGGACCTCGCTGACGATGGTCATCAGCCCGAAGGCCGTGGCCGACGCGGCGACGGCGAGCGCGCAGGAGCTGCTGAAGGCCTGGGCGTTCGCCACGAAGGCGGAGGATCGCACGATGGCCGAGTGGCTCGTCGCGAACGGCCGCCTCGAGAACGGGCGCATGGTCTACGATCAGGCCCAGGCCGCCCGCGACCTCGGCTGGGACGCCCAGCAGTCCCACCAAAGCTGGCTGCAGAATATGGCCGGGCGCGCCGCGGGCCTCGTGGGCGACATGGCGGAGGCGGCGGGGGCGGCGAGCGCGACGGAGCGCTCGGCGGCCCTGGCGCGGGCCTTTTCCCACGAGAACCGCTCCGGGATGGGCCACGCCGACGTGTTCCGCGTGCTGATCCAGTTCATCGACCCGCTCGACGTCACGGGGGACTTCGTGGCGGCGGTGGACTCCGCCGGGCGCCGCGGGACGAAGATCCAGGCGCACTACGTGCTCAAGAAGGGGCGGGCCGAGGTGGCGGGCCTCTCGGACGCGGGCGCCACGCGCGGCCGTTTCGCCGACGGCTCGAT
CP096137.1_gap30	1589641	1591028	1387	CACGTTCGACCTGAGCACCGACCTGTGCAAGAACTGCACCTCGAACTACTACAGCAACCCGATGGTCAACGAGGGAAACGACCCGTACCGCTGGCGCACCGAGATGGCCCGCGCGTTCATGGATCGCGTCGCGCTGGCGGCCCGGACCGATCCCGTGATGAAGGATTATCTTAAGGAAGCGCTGATCCGCTGCCGCATCAGTTGATATATACTATCGCCAGGCGCCCCTAGGAGCGTAAATCATGAAAAGAATCTCCCTGAGTATCCTCGCCGCGGCCCTCTGCGTGGCCCCGGTCCGCGCGTCGGCGCAGGCGATCCTCCAGCGCTGCGACGCCTCGATGGCGGACGCGGATCGCATGGTCCAGACGGTCATGGAGTGCGCCGGGGCCGGCGACGTGCTCTCTCTCGCCGTCTCCACCCCCGCCGCGCCGGCGACGGTCGAGCAGGTCGAGTACTCCTCCGCCCCGATGCCGGCCGTCGTCGATCACGCCGTGCGGGGACACCAGCCGCTGGCCGGGCACCTCCTCGAATACTACACCTACACGGCCTTCGCGGCCGGCGATCCCGCCCTGTGCGCGCCGCTCGAGTACACGTCCGGAGCGCGCAAGTGCCGGCAAAAGGTCGGGAAGCTGCTTTTCCTTCAGACCGTGACCGCTCCCGCCCCGCAATTCGCGAAGGCCTGCGTGCGCTCCGAGGGAGACAGGGCCGACGCGCAGACGGGCCGCTGCTGCGACCTGATCGCCGGAGTGCGCGGCCGCCCCGAGGCCTGCGGACCGCTTCTCGCCCAGTGCCAGACCGGCGAGCCGACCTGCCGCGCGTTCGCCTTGAGCGCCGTGGGCGACGCCTCGGCCTGCGCGAAAATCCCGGTGCAGTCCGAGGACTGCGACCCCAAGGTCGCCGGGGATTGCGCGCGCAACCAGGCGGAGGACATCGCCAAGTGCGAGGGCACCGCCGCCTACGCGCGGGCCTTCAAGGCCAAGAACATCTCCCTGTGCGCCGGACAGTACGAGTGCCGGGCGCTGATGGGCGGCGCCAAGGGCGTCGCTCAGGAGATCGCGGCCAAGCATCTGCGCAACCCCGCCGGCGAGTGGTTCCTGACCAGCGGCTGGAAGAAGCGGGTGCGCAGCGGCTTCAAGCGCGTCGCCGTTGCCGCTCCCGCCGGGGCTCCCGCGGCGGCCGCGCCGAAGGTTCCCGCGCCTTTCAAGGGCTTCGCCTGCACGGGCGTCCTGTCGTCCCTCGAGAACCGGCGCGCGGCCACGGCGGCCATCAACGCGGCGCAGGTCTGCCTGACCGACGTCGAGGCGGCGCTCCAGAGCCCGCTGCGCGCGGTCTCCGACGGGATCGACGAGCGCCTGGAAAAGCTCGCTCGACTGAGCCTCCGCCTCGA
CP096137.1_gap31	1597722	1601653	3931	CTCGCGGCCCTTCCCTTTCGCCCACAGCGCGCGGGCGCGCAGGCTGCGGATCCAGGGATTGCGGGGCTCGCGGCGCAGGGCGTCGTCGAGCAGCGCGAGCGCCGCGTCCGGGGCGCGGTAGACGAGCTCCTGCGCCCAGAGGGCGGTCAGCCGCGGGTCGCGGCGGTCGCGCGAGGCGCGGCGCAGTTCCTCGCCCTTCCAGAGCTGGTGGCCGATCAGGCTCGCGCGGACCGCGCGGGCCCAGCCGTGGCGGGGGCGGTCGGCGAGGAGCTTCCCGAGGTCGGCGACGTCCTGCACGCCCAGCTCGCAGTCCTCGCCCGCTCCGGAGTACAGCGTGCAGCGCACGAGCGGAGGCAGACGGCCGAGCACCCACTTCGCGTCCTCCTCGTCGCGCAGGCCGCGGCGCCACGCGCGCTCGGCGCCGGCCTCGTCGCCGCGGCGCAGGCGCGCGCCGGCCAGGCGCGCGTAGGACCAGCGGTGGTCGTGGATCTCGGTCATGCGCTTGAACGACGCCTCGGCGCCCGCGAGGTCGCCGCTCCACTGGCGGATGTGCCCGCGCAGGGCGTGGACCCACAGCAGGCGCGGCGCGAGCGCCTCGGCGCGGTCGAGGAGGCTCTCGCGGCCGCGGCGCGCGCCGAGGACGTGGAGCGCGGCGCTGCCGGGCGCGAGCTCGAGGGCGCGGGCGAGGTCGGCGCGCGCGGCGTCCTTGCGGCCGGCGAGCCAGAGCACCTCGGCGCGCCAGGCCAGCGCCCAGGGGCCCGCGCCGCCCGCGACGGCGGCGTCGAGGTCGGCGCGCGCCCGCGTCAGGTCGGTCAGCTGGACGTACGCCGAGCCGCGCCACGCGAGCACGCGCGCGTCGCGGCCGCCGAGCTCGAGGGCGCGCGTGAACTCGGCGATCGCGTCCTGGTAGCGGCGCACGGGCAGCAGCGCCAGCCCGCGCAGGGCGTGCAGGAACGCGCTGCGCGGCCGCGCGGCGAGCATGTCGGCCAGGGCGTCGGCCGCGGCCCAGGCCCCGCCCAGGCGACCCTCGCGCGCGGCGGTGACGGCGAACCAGGTGAACGGATGGCCGCAGAGAGGGATGTGCCCGCCCTTCATCAGCATGCCGGCCTCGTCCTTCTTCGTGAAGAGGCGCAGGCGGCCATCGATCACGCGGTGGCAGGTGACGCGGATGCACAGGCTCATCACGTAGTGCAGGTTGAGCTCGTCGCCGGCCAGGTCGAACGGACAGTCTTCCGTGAACAGGCGCGCCAGGCGCGCGCGCTCGCGCGCGGACAGCGCCGCGGAGCCGGCGTCGAGGAACTCCCGCCACGCGCTCATCGCAGCTTGAGCCTCCACTCGAGCGTGAGCCCGTCGGACGGGCGGTAAACGCCGGAGTCGTAGCGGCGCAGCGCCACGCCGAAGCCCGTGCGCCCGAGGTCCCAGAGGAAGCCGCCTTTGTACTCGTGCGCGACGGCGCGGCGGTTGACGAAGGCCGTGCGCTCGAACTGCAGGAAGAACTCGACGGGGCCCTTCACCTTCGGCTCCCAGCGCAGGCTTTGCGCGGAGTCGTGGAAGCCGCGGATGATCGTCGCGGCGACGGGGAGTAATGGGCCGGGGAGGGTCCGCCGCCGGCGAAGCCGGCGTAGCGGTCGATCGCGGCCTTGGGCAGCGAGCGGTCGTAGAGGCTCTTGCGCGCCCTCGCGGTCCAGCGCGCTCCCGCCAGCTCGGCCGAGAGCGTCGCGCCGATCGAGGTTTCGAGCGCCCGGAAGGGAGAGGCGGACGTCCCGAGGCGCTCGTCGACGTGGGAGGTGAAGGTCGCGCCGAGACCGGCCTTCACCGCGGCGCGCTCCTGGACGAGGAACGTCCCCTCGAAGCCGCCGTGATGCCCGCGGTACCCGTCGCGCGGGGCGGTGACGCCTCCGCCGGCCGAGAGGTCCCAGCGGCGCGAAGGCTCCCAACCGACGTCGGCGCCGAAGGAACGATGCATGACGCTCCCGCCCGGGGCGCGGAACAAGGTGACCGAGGGCTCGACGCGGAAGCCGCGCGGCAGCTTGTGCCAGGACTCGACCATCCACAGCGCCTCGTTTCGCGGGGCCGAGAGGTACTCGACGCTGACGCCGTCGTCGGCGGCCGCGGCCGGCGCGAGGAGCAGGACGGCGAGCGCGAGAAGCCTCATAAGCGCACGGTGAACGGGAACGTGAGCACCTCTCCGCGGCGCTTGAGCTGGATCCAGAGCTTGTAGAGCCCCGGCGCGGGGGCCTCGTCGTGGACCATGAAGGTGAGGTCGCCCGACATCGCGTGGAGGTGATAGAAGCGCTCGCCGCCCTCGGAGACCAGGATGCCGTGGCCCTCCATGCCGAGCCACGGCTCGAGGCCTTTCGCGTCGTCGAGCTTGAACGCGAGGTGGAGCATCCCCTTCGCCGGCTCGACGCGGACGGCGGCGCGCTCGACGCCGTAGGACTTCTCGATCCAGCCGGAGGCCGCCGGAGCGTCGGCGACGAGCGGGGCGCGGCGGGCCTTGCCGCGCACGCGCGCGGAGAAGCGTCCGCCGAGCGGCCCTTTCGCCGCGCTCTGCGCCTCGGCGAAGGCGAGCCAGGTCCCGGGCTCGAGGAGCTCGGCCGGCGGCCGGTCGTCGGGGCCGGCGGTCCCGTTGACCGTCAGCGTGAAGCGTCCCGTTTCGGGATCGAACACGGGGTGGACGTGCGCGAAGCGGGAGAGGTCCTCGCTGACGAGGATCAGGTGCAGGAGCTTGTCGTGGATGGGAACGAAGTCCTTGATCGGCCCCGTCTTGGCGTCCTCGAACCCGATCGTCCACGTCCGCTCCGCGCCCGCGTCCATGCGGTTGAGCCACGAGCCCTCGACGTCGAGCCAGGCGCGCACGCCTGGGCGCGGCCGCGCGTGATCCGCGCGCGCGGCGGCCGGCGCGATCAGGAGAGCGCAGAGGATCGCGTTCCTCATCTCAGGGTTTCTCTCAGGGACCTGGCCTCGTCGTTCTTCGGGTCGAGCGCGAGGCAGCGGTCGAGCTCGGCCCCGGCGTCGGCGCGGCGTCCGAGCTGGAGCAGCGCGGCGCCCCGCCAGTAGCGGTCCTCGGGATGCTCCGCGCGGCGACGCCCCGCCTCGTCGAGGAGCGAGAGCGCGCGGTCGGCGCGCCCGGAGTGCAGGGCGACCTGCGCGAGCCACGCGTGGGGCCAGGCCCACGACGAGTCGAGCGCGATCGAGCGCTCGAGCGCGGCCGCGGCCTCCGCGTAGTTCCCGGCGCGCATCAGCAGGAAGCCCGTCCACGCCGGCGCGCGGTGGTCCTTCGGGTCCGCGGCCTCGGCGCGCCGCACGCCCGCGAGCAGCTCGGCGGCGCCGAGGTCGGCGACCTTGCCGGTGAGCTTGTAGTCCATGTCGGCGGCGGTGGAGAGATCGGCGACGAGCTCGGTCCAGCGGCCCGCCTTCAGGAACGCTTCCGCGCGGTCGAGGTAGAACAGGGACATCTCCGGCAGGCGCCGGATCGCGGCCGTGAGGTCGGCGATCGCCTCGCCGACGCGTCCCTCGCGCGTGTTGATGACGCCCCGCCACCAGTAATGGCGGTCGTACCACGGCGAGAGCGACATCGCGGCGTCGAGGCAGGAGCGCGCCTCGGGGAGGCGTCCGAGCTTGAGCAGGGCCAGCCCCTTCCACGAGCGCAGCCACGCGCACGTCGGATCGAGCCGGATGCCCTCGTCCATGTCGGAGAGGCCCGCGGCGTCGCCGGAGAAGATCTTCATGCGGCCGAGGTAGGTCCGGTACCACGCGCGTTCCGGCTCGGCGGCCGCCGCGGCGGTCAGCGCCTCGATGGCGCTTTTCAGGCCTTCGGGGGTGTTCGCGGCGCCGCGCGAGCCGGCGAGCAGGGCGCGCGCCCACACGGCGCCCGGCTCGGCGCGCAGGTAGGCCTCGAGCGCTGGGCGCGCGAGGCTCCAGTCCCAGC
CP096137.1_gap32	1665739	1669491	3752	CTTCGCGAGCGCCGCGCGCAGCGCGGCGGCGTGGAGCACGGCGTGGCGGCCCGGAACGTAAGAGGAAGAGCGGCCCAGGAAGAAGTGCCGCCCGAGGGCCTCGACCAGCGCGTTGCTCCGCGGATTCAGGCTCATCCCCGAAATCGAACCATTTTTAGCGAGGCTTGACGCTCTCCGCGTTTTGACTTATCCTTTCGGGACATGAGCAATTCCGCCGCCGCCCGCGTCCTGCTCGCGGCGACGCTGGCCCTTTTCGCGACGTCCGCGCGGGCCGATTCCAGGGCTCAGAAATACTACTACGAGGACATCGCGTCGCCGTTCTTCGCGCCCGATCCCGCCCGTCCCGGCTGGATGAAGGCCCAGCGGCCGGGGTCGAAGGACGGCTCCTTCCGCAAGGAGAAGCCCCCGGGCGTCTTCCGCGTGTTCGTGCTCGGCGGCTCGATCGCCGGCCTGCTGCAGTACGAGGGGGCCCCGGCGACCTCGGGCCGGTCCTGCGCAAGGCGCTGCCGGGGCGCCAGGTCGAGGTGCTCAACTGCGGCATGGCCGGCTACGAGAGCTACCGGGAGGCGCTCGTCGAGCAGGAGGTCCTCGAGTACGAGCCGGACCTGCTGGTCTTCCTGACCGGCCACAACGAGGGCATCGCCTCCGCGCCGATTCCGCTGTGGGTGATGCGCGCGCAGGAGCGCCTGAGCCGGTTCGAGGCGTACCGCGCCTGGGTCCGGAAGGTGCGGCCGTCGGGCGACGGCGTCTCCGGCGGAGGCGCGAAGGCCGACGCGCGCGACGCCGCGTTCCGGCGGAACCTCGCGGAGAACCTCCGGCACGCGCGCGCGCGCGGCGTGCCCGCGGCGGTCGTGATCCCGCCGCGCAACTACCGGGCGCCCGCGGAGGCGGCCCGGACGCCGTACGACGCCGGGCTCGTCGCGGGCTGGATCCGCTATCTGCGCGGCGATTGGAAGGGAGCGCGCGATGCCTGGGCGGCGGCCCTGGACTCGCCGGCCGCGGCCCTGCCCGAGAACGCGGACCTCCACGCCTTCGCGTGGGTCTTCATCGGAAGGGCGGAAGAGAGGCTCGGCCGCTGGTCGCGGGCGCTCGAGGCCTACGACCGGAGCTCCGAGCACGATCGCTCCTCGATCTGCGCCTCGGCCTGCCAGAAGATCCTGCGCGAGACCTCCGCCGCCGAGGGCGCCTTCCTCGTCGAGGCCGACGCGCTCTTCCGCGGGCTGACCGCGCCGCGGGCGCCCGGCCTCGAGACCTTCAACGACCGCATGCATTGGAAGCCGCGATTCAACTGCCTGGTCTCCTCCGAGATCGCGGCGGCGGCCGCCGTGAGCCTGCCGGCGCTGCCGTGGGACGCCGCGGCGCTGCGGGGCGTGCGCGCCTCCTGCGAACTCCCCAAGGAGGGCGCCGCGGGCGACGAGGCCGACGACAGGCGCGTCCTCGGCTACGTGCGCATGGGGCTGTCGTGGCCGGATTTCGAGTACCTGTCCATGGTGTCGGTGTTCTACCTCGCGTTCGCGCGGCACGCGCGACCGTCGTGGTTCGCGGACCTCGACGAGCTGGCCGCGCGCACGGCGAATCCCCAGACCCAGGTCTACGGCATCGAGATGGCCGACGCCGCCGTCTTCGGGCCCCGGCTGCGCTGGCACGTCGGCGAGTCGCGCCTGCTCGACGGGGACTGGAAGCGCGCGCGCGCCGACATCGCGCGGGCCGTCGCCGCCGATCCCGCGCTCGCGTGGGCGCGCGTGAGCCTGGGCGTGGCCGCGGCGCTCGCGGGAGACCGCAAGGCCGGGGCTCGACTTCTCTCCGAGGCCGTCGAGCGCGCCTCCGGGCACCCGCACCGCCGCCGGATCGCCGCTTCCGCGGCGGCCGCGGCCGTCGAGCTCGGCCTCGACGCCTCCGCCGCGGCGGACGCCGATCCCGAGCGCTGGGTCGCGGCCGCCGAGGCCGCCGTCGACGCGGGGCGTCCCGCGCAGGCGCGCGACGCGCTCAAGCGGGCCGCCGCGGCCAAGCCCGAGGATCAGCATCTGCGCCGCATGGGCCAGTGCTGGACGCGCCTGCGCGACGACGAAGGCTTTCTGTCGGTCTCCGGCGCGCTCGTCGCCAGCTATCCGAAGGACGCGGACGTGCGCATCTCCTTGGCGTCGAGCCTGCTGGTTCTCGGACGCCGGGCGGAGGGGAGGCCGCTCTCGCCGAGGCGGAGACGCTCTCCCCGTCGCAGTCGCAGCGCCTTCAAATCGCGAACTGGCGGCGCTGGCTGGCCGACGGCGCTCCGCCGGCGAGGATACCGCGATGAACGCGGCCGCGCCCCTGCCGATCGCCGCCGTCCAGCTCTACGCCTGCGGCCTGTTCCTCGCCGCCTGGGCGCAGATGGGCTGGGTCGACTGGAAGGAGCAGAAGATCCGCAACCAGTACCTCTGGTTCTGGGCCAAGCTCGCGCTCGCCGGCTGGCTGGCTCTGGCCCTCCACTCGGCGGCCGGAGAGCTCGGCTGGACCCGCGTCTACATCGTGCCCTCCTACTACCCGGCGCTCCTCGGCCACGCGGCGTTCTCGGCGGCGGCGGCCTACGCGCTGTGGTGGCTGCGCATCTGGCCCGCCGGCGACGTCAAGCTCTTCGCGCTCCTCGCGCTCGTCCTGCCGTTGACGCGCGTGCCCGCCCAGTTCCGCTCGGGGACGATGTTTCTCGAGGTGCTGATCAACGTCTTCGTGCCCGCGGCGGCCTTCCTGTTCCTGACGGCCGGCGCCTACCTGTGGCGCACGCGCTTCTCCGGCTGGTCGGACCGCGCGGCGGCCTGGGCGCGGGCGCGGACGGCGGGGCTGTCCCTGCCGAAGGCCAAGGCGCCCTCGCTTCCCTCGGTCCCGGCGGAATGGCTGCGCGCCCCCGACGCGGCCCGCCTGCGCGCCGCCGTCGAGCCGGTGCGAGAGGTGCTGCTCGGCTGGTACGACCAGTACCGCGCCGAGCCGTTCATGCTCGTCAAGGACATCCTCTCGTGGCTGGCGATGATGGCGACGATGTCGCTGATCTCCTACTACCTCAACGACGTGATCTCCTCCAACGTGCTCAAGACCCTGTTCTGCTTCGCCCTCATGTTCGGGTGGAGCCGCGTCTGCCAGTTGATCGGCACGGTGCAGGCGATGGGCCTGCTGATCGCCGCCCTGGCCTTCATGCTCCACCGCCACCCGAACGTTGATGTCCCGGCGCTGGCCGTGATCTTCGGCCACATCACGGTCTTCTCGCTCTGCATCTTCCTCGGCATCCAGATCGCCTTCCGCATCCTCGCCGGCAAAACGGGCTGGGCGTTCCTGCCCGTGCTCATGATGTTCGTCGGCCTGATCCCGTGGAGCATGATGATCGGCTGGGTCTGGAGCGTCTTCGTGGAGGGCCTGCGCTCCGCGGCGCGGCTGCTCGGAACGGTCGAGGCCCCGGCGGTCTCCATCCCGCGCCTGCCGCCCGTCCCCGCGCTCGAGGCGCCCGGCGTTCCGGCTTGGCTGACCGCCCTCGAGGGCTCCGGTCTCGGCACGTGGGCCGCGATGGGCCTCTTCTTCGGCCTCGCGCTGGTTTTTGTTAAGATTTGGGACGCTGAGTCCTACAACTCCGTGCCCGTCGACCACATCGAACCCTTCATGAACCTCGGGCCCTCCCTCGTCGAGCGCATCGAGGCCGACGAGGACTTCCGCGACGAGCACTTCCCGACCTTCTACGCCGACGGCCTGACGCGCGACCAGGTCGAGGCCCTCAAGGTCTGGTGCCGCGA
CP096137.1_gap33	1691207	1695259	4052	GCGCAAGGCGCTGCCGGCCTTCGGCGGGGGCGCGAGCGTCTCGCTCGGCGTGGAAGAAGACGCCGCCACCGGCGACCGCGACGCGTGGTACCGCTTCTACGACGACCACGGCAACGTGGGCAAGGTCAACGCCCGCACGGGTGAGGCTCTCGTCGTCAAGACGGCGCCCGAGAAGGGGAAGAAGGCCGCCGCCCCGGGCCTGACCACGGCGGTCGCGCCCAACGAGCTGTACGCGCTGGCGCTGGCCAACATCACGGCGAAGGCCGCCGAGACCGGCGTCTCCGCCGGCGACATCCGGCTCCTCTCGGCCGTCCACGAGACGCGCTACTTCAACGGCGCGTGGGTCGGCGACGAGTGGCGCTTCTTCTTCGGCTGGGGCTCCGAGCGCGGCGGCGTCGAGTACATGGTGCCCGCGCGCCGCACGATGATCACCGAGACGATGATGGACGCCTTCGAGCCGAAGCTCGTCGAGACGGTGTCGGCGCAGCGCCTCAAGGACGGCATCCCCGCCGGCCTCTTCGACCGCGCCGTCGTCGTGGCGCCCGAGACGGCGCTCAAGGGCGTCGACGGCGTGGCGCGCGTGAGCCTCCTGCCCCGCGTCGAGCCCGTCAGCGGCGACAAGGACCTCTGGTACTCCCTGCAGGACTCGGGCGCCGAGCTCGCCTCGGTCAACGCGCGCACCGGCGAGGTCCGCAAAGGCGAGCCCCGCAGCCCCAACGCGACGCTGGGCTCCTTCGTGGCCTGGCTGATCGGCGCGGCCCTCGTGGCGCTGATCTACGGCGGCCTGTACTGGGCGATGACGAACGCGCCGGCCGCCGTTCCGCAGGGCGTGCCCGACGGCTACAACGGCCCGATCCCGTCGATCGACGACGTGTTCCGCGGCATGGGCGGTATGCTGGGCTTCGTCGGCCTCGCCGGCGTCCTGCGCGCCAAGAAGGCCAAGCTCTCCGACGACGACGTCCGCTCCGCGGCCGCCGGCGTCATCTCGATGAAGGGCCGCCCGTGGTCGCAGACCGAGTTCAACGCGTCGTATTACCCGGCCCTCGAGAACCTCAAGCGGCGCGGCGCGACGAAGGCGCAGGTCGCGCTGTTCGAGAAGCTCGTCGCCGACGCCCCGATCAAGGGCGGCTCGTTCAACCCCTGGTCCGGCGACTGATTTTGACCGCGCTCAATCGCGAGCGCGCCGTGTCGTGGTAGAATAACGCGGCATGGCGCAGACGCTCCTGTCGTGGTGCGCGTTCTTCCTTTATTCCTCGGCCTGCGCCGCGGCCTTCGTCTATCTGCGCAACAAGAGCGAGCCCGTGCGCCGCGGGATGCTCTCGCTTCTGGGAACGGGCCTGACGCTGCACCTGCTGGCCTACGGCGCGCGCGTCGCCGCGTTCTGGGCGTTCCCGGAGAACCGCTGGTTCCTGCCCGTGAACTCCTTCTTCGGCGCGCTGTCCTACCTGTCGCTGGCGCTCGCGGCGGCGTTCTTCTTCATCGAGGCGCGCAAGAAGCTCGGCATCCTCGGGGCGTTCATCCTGCCCTTCGTCGCGCTCGGCCTCGGCGCGGCTCTGCTGAAGGCCGACCCGGCGCCCGCGCCGCTGGCGCCCGAGCTGCGCAGCTACTGGCTCAACACGCACCCGATGGTCCTGATGACGGCCTACGCGGCTTTCGCCAACGCCTTCGGCGTGTGCCTCGCGCGCATGATCCAGGAGCGCCAGCTCAAGTCGCGCAAGCCGGGGGCCTGCTCTACCGTCTGCCGCCGCTCGACGATCTCGACGCGCTCAACGCGCGCATCGTCGCCGTGGCGCTGCCCGTGTTCGCCGCGGGCCTCGCCATGGGCGCGATGTGGGCGTACCAGGCGTGGGGTCGCGCGTGGACCTGGGACCCGAAAGAGACGATGGCGCTCATCACGGCCTTTTTCTACGCCGAGTTCCTGTGGCTGCGCTACGCCGCGGGCCAGCGCGGCTCGCGCCCGGTCTACGTCTCGATGATCGGCTTCGCCTGCCTGATGGCGACCTTCCTCGGCGCCGAGCTCGGCGCCGGGCGCCACGACTTCCTGGGGGCGAAATGAAGCTCGTGTCCCTGAGCTGGTCGCACCGCGCGCGCGCCTCCGCCGCGCGCGAGGCGCTCGCGGCCGTGCCCGTCGAGCGCGTGCTCGCCGAGCTCAAGGCCCGCGGCGTCGGCGAGGCGGCGGCGCTGTCGACGTGCAACCGCTTCGAGCTGTACGCCGTCGGGGCCGGCCACGCCGGAGCCCTCGTCGGCGCCCTCGAGGAGATCGCGGGCTCGGCGCTCCGCGAGCACGTCGAGACGCGCGAGGACGAGTCCGCCGTCGGCCACCTCTTCGCGGTCGCCGCGGGCCTCGACTCGATCGTCGTCGGCGAGACCGAGATCCTCGGCCAGGTGAAGACGGGCTATGAATCCGCGAAGTCCCTCGGCATGACGGGCAAGCGCCTCAACGTCCTCTTCCAGCGCGCCCTCTACGTCGGCAAGAAGGTCCGCACCGAGACCTCGATCGCCGCCGGCTCGGCGTCGGTCCCGTCCGTCGCGGTCCAGCTGGCCGAGTCGATTTTCGGCAGTCTCGAAGGCAAGTCCGCGCTGATCCTCGGCGCCGGGGCCATGGCCGAGCTCGCCGCCAAGCACCTGGCCGCCCGCGGCGCCTCGCGCCTGTCCGTGGCCAACCGCACGTGGGAGCGCGCCTACCAGCTCGCCGCGCGCTACCAGGGCGAGGCCGTGCGCTGGGAGGATTTCCCGCGCGAGCTCGAGCGCGCCGACGTCGTCATCGCGTCGACGGGCGCGCCGAAGGCGGTGCTCACGCGCGCCGTCGTCGAGGACGCGGCGCGCCGCCGCGGCGGACGCTCGCTGTTCATGATCGACATCGCGATGCCGCGCGACGTCGAGGACTCCGTCAACGAGCTCGACGGCGTGTACCTCTACCGGCTCGAGGATCTCGAGGCGATCGTGGCGAAGAACATGGCCTCGCGCGCCGAGTGCGTGGCCGCCGCCCGCCGCGTCGTCGACGCCAAGGCCGCCGAGTTCGGCGCCTGGGCGCGCTCGCTGGCCGAGGGCCGCGAGCTGAGCCTCAAGCATTCGGCGGCGCCGCGATGAAGTCCGCCGCTCTCGGCATCCTCCTGCTCGCGCACGGCGGCGACCCGTCGTGGAACGCCGAGGTCGAGAAGCTCCGGGGCCGCGTCGACGCGAAGGCCCCGACGGAGACGGCGCTCGGCATGGCCGACCTCGAGACCCTGCAGGCCGCGGTGACGCGCCTCGAGAAGCGCGGCGCCACGCGCATCGTCGCCGTTCCTCTGTTCGTGCAGACGCGCTCCGAGGTCCTCGACCAGACGCGGTACGCGCTGGGCCTGGCGGATGAGCCGTCGGCGGCGCTCAAGGCCGCTTATGAAGGGATGGCCAAGGCGCACGCGGCGCACGCGGGACACGGCGGCAACGGCGGTCACGGACACTCGATGACGTTCTCGACCGAGCGCGTGAAGTCGAAGGCGAAGATCGCGATGTCCGCGGCGCTCGACGACGACGCGCTCGTCTCCCGGATCCTGACGGAGCGCGCCAAGGCCCTGTCGAAGAAGCCGGCGGAAGAGACCGTGATCCTCGTCGCGCACGGTCCTTACGACGACGCCGCCGTCGGCGCCTGGCAGGGCGCGCTCGACCGCCTCGCCGCGCGCGTGCGCGAAGGCGGCAAGTTTTCCGCGGCCTCGGCTTCGATGCTGCGCGACGACTCCCCGGCGCCGGTGCGCGCGGCGGCCGTCGCCGCGCTGCGCGCGAAGGTGCGGGCCGCGGGGGACGGCGCTCGTCGTGCCCGTGCTCATCGCCCGCGGCGGCATCGAGAAGAAGATCGAGAAGGACCTGGCCGGGCTGACGTACGCGTGGGACGGACGCACGTTGATGCCGCACGACGGGTTCGAGGCCTGGGTCCGCGGCCGGGCGCAGGCTGTTGTTGAGACTGAATTTCAACAAGGAAAAACGAAATAAACCGCTGTTTGACACCTCCGCGCCCTAATTGATATTTTTTGACGCTTCGCGGCGTCGCAGTTCGAAACTAATATAGGTAAGAA
CP096137.1_gap34	1697131	1698028	897	GAAGGGCGTGGGCGCGTACTCCATGCTGATCGGCATCCCGCTGATGGGCGCGATCGCGACGGCGTGGATGCTGCTGCCCAAGCTCATCCAGAAGGAGCTCGACGGCAAGAAGACGATGGGGGCCTTCCTCGGCCTCCTCGCGCTCTGGGCGGCCGCGGGCATGGCGATGGGGAAGATGAACGCGATCCAGGGCGGCTACCTGCTGTTCCTGGTCGGCTCGTCCTTCTACTTCGGCTTCGTGCTGCCCCAGCGGCACATCCGGACCCTGGACTGGCCGCGGTACCTCGTCACGATGGTCCTCGTCGTCAGCACGATGAGCGTGCTTCTTAAGATGTGCGCTAATCTCGCCTTCAACATCAAGTACGTGCTGACCATCCCTTCGATCAGCATGAACATCTGACATGAGCTACCGAAAACTTTTCATCGCGTCCAACGCCCTGATGCTGGCGGCCTTCGTCTGGGCCTTCGCCAAGGACTTCGCCGCGCCCTGGCGCCCGTATCAGAAGAAGTACTACGAGATGTCCGCCGACGTCCTCGAGAAGAAGGCGGCGGCCGAGAAGGACGCGAAGAAGGCCGCGGACCTCAGGGCCGAGGCCAAGAAGATGCGGCGGTCTCCCATGGAGATCAAGCAGATCATCGCGGGCGACCTCGGGCGTTTCGACCGCTGCGTGACCTGCCACGTCGGCATGGACGAGTACACCAACCCGAGCCTCGTCAACGACTTCAAGGAGAACCCCTACAAGTCGCATCCGAAGGTGGACGCGGCGCTCGTGAAGGCGCATCCGTTCACCAAGTTCGGCTGCACCTCGTGCCACTCCGGCCAGGGCCTCGCGACGACCGTCGAGGGCGCGCACGGCTGGGTCAAGCACTGGGAGAAGCCGATGCTCAAGGGCGCCT
CP096137.1_gap35	1699304	1701021	1717	GGAGCCGCTACGTCAAGCGCATGATGAACAAGCCCGGCTGCAACCTGCAGAAGGCCGACGGCAAGTCCATCTACGAGTTCCTGTCCTACGACTCCGTCAAGCGCAAGACCGGCGCGAACGCCGCGAAGTGGGCGGAGCACCGCAAGAGCCTCATCAACACGCTGAAGGAGAAGAACCCGAAGCGCTACGCGGAGCTCAAGGAATCCAAGGACCTCTAAGACGTTGAGCGCCCGCGGGCTGCTCGTCTACGGCTACGAGCCGAGCGGGCATTCCGCGGCGGCGTACGCTCTCGAGGAAGCCGGCCGAAAGGCCGGCTTCTTTTTCCCGGGTGGAAATCGCCGGCGACCACCATCCCGCGGCCGGCCTGGGCGTGGCCCGGGCCTACCACGGGCTCCTGCGCGCGGCGCCCGGCTTCTACGGCGCGCTCTACCGCGGCGCCTGGGCGCGTTCCGTCCTGCGCGCGGTCCGTTCGTCCTACCTGAGCCTCGGCGGCGCGCGCCGCCTGCGAGAGGGCGTGCGCCGGTCGGGAGCGTCGGTCGTCGTCTGCCCGCAGGCGGCGGTCGCGGCCGTCCTGTCCGAGGCGAGGCGGCGCGGAGAATTGGACGTCCCGGTGGTCGCGGTGCTGACCGATTTCGCCGCGCATCCCTTCTGGACCGATCCGCCCGCCGACCTGGTGCTCGCCCCGACGCAGGAGGCGGCCGCCGTGCTGGCGCGCCGGGGGCGAGAACGGCGGCCACGGGCATCCCGGTGCATCCGGCGTTCGAGTCGCCGCGCTCCCGCGAGGAGGCCCGCCGCATCCTCGGCCTGCCGTCTTCCGCCGACGTCGTCCTGCTGACCGGCGGGGGCAAGGGCTCGGCCGCCTCGAACGGCAGGCCGCGGAGCTTCTCGAGACGGCGCCGCGGGCGCGCGTCCTGGCGCTGTGCGGCGCCAACGACGGGCTGCGAAGAGCCTTGTCTCCCGGCGGCGGACGGCTGCGCGCGTTCGGGCCTCAGTCCCCGGAGTTCGTCGCTCTCCTGATGGCGGCGGCCGATATCCATATGGGCAAGGCCGGCGGCCTCAGCGTCGCGGAGAGCCTGGCCTGCGGACTTCCGATGGTCTTGAGCGACGTCCTTCCGGGGCAGGAGGAAGCCAACGCGCGGCATCTGCTGGCCGCGGGCGCGGCCGTCGCGGGCGGCGTCCCCGCCGCGGCGGCGCTGCTCGGAGACCGCGGCCGCCTGTCGGCGATGCGCGCCGCGGCGGCCCGCGCCGCCGTGCCCGACGCGGCCGCGCGGGCCGTGGCGGAAATTTTGGCATTGACCCGAAGCCCCCGCAGTCCTATGCTAGAGGCGTGAGCGTGGCGAGGAGAAACGGATGAGCAGGAAAACGGACATCGAAGCCTTGATCGAACTGAACGGCCCGGCGGCGGAACTGGCCAAGCGCGCCGCGAAGCATCCTTCGGACGCCCAGGACGGGACCGTGCCTCTCGCGCCCGCGCGCGTCGCGAAGGTTCTGGAGCGCTTCCTCGCGGGGGAACTCTCCGCGGGCGACGTCACGCTGTGGGCGAAGGCGCTCGCCTCGCGCGAGGACATCGCCGCGCCGAACGACAAGGACGGGAAGCTCGACGCGCTTCTTCAGGAGCTCGCCGGAGCGGAACCGTCCCCGGCCTCGGCCAAGAAGCTGCTCGAGCGGGTCTCGGCGCTGCCGTGAACGACGGGAGGTCCGTTGACTCCCCGTGCCG
CP096137.1_gap36	1720044	1720718	674	AGGACGTGAACAGCGTCGCGAACAGCATGATCTCGGACGCGAGGAACAGCCACACGCCGAGCTTCGCGTTCGTCACCCCGCTGTGCGTGTCGGGGTTGTTCATGATTGCGGCGGGATCGTAGGTTCGGCTCATGCTCTCCTCAGGACGGCTCGGTTTGCATCCAGAAGTCGTTCTTGCGGCCGGGGACGGAGTACTCGTACGGGCCGCGGTGGACCGTCGGCGTCTTCTCGAAGTTGCCGTGCGGCGGCGGCGACGGGCACGCCCACTCGAGCGTCGTCGCCTGCCACGGGTTCTCGACGGTCTTCTCGCCGCGCCACATGCTGTGGAAGAAGTTGTAGACGAACGGCAGTTGGAACAGCGCCAGCGCGTACGCCGAATACGTGCTCACCACGTTCCAGCCCTGCACCGGCAGGTTGTGGAACTGCGCGGTCGGGTCGTAGAGGCGGCGCGAGGCGCCCGCGAGGCCCATGAACAGCATCGGGCCGAAGATGCCGCACATGGTCGTCACCGTGCCCCAGAAGTGGATCCAGCCGAGCGTGTCGTTCATCTTGCGGCCGTACCACTTCGGGAACCAGTGGTAGACGCCCGCGAACAGAGCGATGATCGAGCCCGTCACGACCACGAAGTGGAAGTGGCCGATGACGTAGTACGTGTCGTGCAGGTAGATGTCGGT
CP096137.1_gap37	1721898	1724314	2416	CGGCGTGGGGATCGTGAGGGGCGTGGCTGCTCATCTTAGAAGTCCTCCGCGGGGTTGGACGGGGCGGCGCTGGCGACCGCGGGGTTGGCCGCGAGCCGCGCCTTGTACCAGGCGTCGAACTCCTCCTGGGTCTGCACGTAGGCGTCGCCGCGCATCAGCGCGTGGGCGAAGCCGCACAGCTGGGCGCAGGCGATCTCGAAGTGGCCCGTCTTCGTCGGCGTGACCCAGACGGGGATCTTCATGCCGGGCATCGCGTCCTGCTTGATGCGCCACTCGGGGACGAAGAAGCTGTGGATGACGTCCTTCGAGTACAGGTCGATGAGGATCGTCTTGCCGACCGGGGCGCGCAGCTCGTTGCCCATGACGACGTCGTCGGCCGAGGCGGGATCCTCGCGGTCGAGGCCGATCGGGTTCGAGAAGTGCACGAGCTCCGAGCGGCGCGGCCCGAGCTTGCCGTCGGGGCCGGCGTAGTGGACGTTCCACGCGAACTGCTCGGCGACGATCTCCATCTTCACCGCGTCCTTCGCGTCGGGCGTCGAGCGCTTGATGCGGTTCCAGACCGGGACCGCGTAGAAGACGATCAGCGCGATCTCGAAGGCCATGATGACCATGTCGGGCGCCAACGACTTCAGGGCCGAGCGGTTCTTGTAGAGCAGCTGGCCGAAAGGGAACTTGGAGAACGAGTCGGGGACCGAGATGTGGGCCGGCGTGTCGTCGTGGTCCTCGCGCTGCGCGGGCACGCCCGGCTTGGCGCGGTACTTGATGAGGAGGTACGTGAAGAAGATGCCCCACAGCACGAAGATGCCGACCATCGCCGCGTGGATCAGCCAGATGCCGAAGTCGATCTCGCCGGCGTAGCTCGAAGCGGCGAGGGGGATAGACCAGCCGTATTTGCCCATTCAGTCCTCTCTTATAAACGTCCGCGGCGCGGGGATTCTATCACAAGACGCCGCGAATTCGCGTTGACCGGACGCAGAAAATCGAACTTTTCGTCAAAACGACGAATCCGACGATTCGCCCTTCCCGGGACGCAGGGTCATCAGGTAGTCGGCGACCGCGCCGATCTCGTCGTCGGAGAGCTTCTCGGACCACGTCGGCATCCGGATCAAAGGAGACTCTCCCTTCGGGTCGGCCTTCTCGGACATCGGCACGCCCTTCTTGATCTTCGCGACGAGCTCGGGCTTGGTGTAGGTCTCCCAGGCCGCGTTGAGCCTCGGAATGAGGCCGCCCTTCACGTTGTTGTTCGGGTAGCCGCCCGCGCCGCCGACGCCGTGGCAGCCGACGCAGCCCGCGCGCGCGTAGATCACGCGTCCTTTCTCCTCGGCCTTCGCCGAGTCCCAGGGCTTGCCCGCCGTCCAGGCCTGGCCCTTCTGCTCGGCCAGGTAGGAGGAGATCGCGCGCACGGCCTCGTCGCTCATGCGCTTGTTCGGCATCAAGGTGTCTTTCTTCCACGCCTGCGGGTCTTTGATGAAACGATTCAGCCATTCCTCGGAGTGCCGGAAGCCGACCAAGGTCAGGTCGGGGCCGACGGCGGAGCCTTCGCCGCCGACCCTATGGCAGGACGCGCAGCCGGCCTGCGTGAAGTACGCCTTGCCGGCGAGCTTGGGATCGGAGGGGACGGAAGGGCCGCAGGCCGCGGACAAAAGCGCGACGAAAGCGATCAGGACTTTCACGCGCTGATTCTAGTATAAAGGGAGCATGGCGAAAATCCTGGCGTTCGCGGGCAGCCTGCGCAAAGGCTCGCTCAACAAGAAGGCGCTCGCGGCGGCCCTGCCCGGGCTGAAGGCGGCCGGCGCAGAAGTCACCCATGTCGACCTCGCCGACTACCGCATGCCCGTCTACGACGGCGACCTCGAGGAGGCCTCCGGGCTCCCCGAGACCGTCAAGAAGTTCAAGGCGCTGATGAAGGCGCACGACGGGTTCCTGATCTGCACGCCGGAGTACAACAGCTCGATTCCCGGCATGCTCAAGAACGTGCTCGACTGGGCGTCCCGCTCCGAGGAGGGGAGCCGCAGCTCGCGTGCTTCGCGGGCAAGACCGCGGCGCTGATGTCGGCCTCGCCGGGAATGCTCGGCGGCATCCGCTCGCTGGCGGCCGTGCGCTCGATTCTCGAGAACATCGGCACGCTCGTCATCCCGGCCCAGGTCGCGATCCCGAAGGCGCACGAGGCGTTCGCCCCGGACGGCTCCTTCGCCGATCCCAAGCGCAAGGCCGCCGTCGACGCGCTGGCCAAGCGGCTCGTCGAGACCGCCGACAAGCTCAAGTGAAGGCGCCCGTCGTCTTCGTCGGCCACGGCAACCCGATGCACGCGCTCGCCGACAACGCGTTCACGCGCGCGCTCGGCGCGCTCGGGAAGTCGCTGGGCAAGCCGAAGTCGATCCTGTGCGTCTCCGCGCACTGGTACGGCGGGGGCGCC
CP096137.1_gap38	1841019	1844940	3921	GTCAGGCGCACGACGTTCTCGTCGCACAGCCCGGCGCCGGCGACGATCGTGTCGCGCACGTGGGAGCCGAAGCTGTCCATCTCGCTCATCACGGCGGCGATGCCGCCCTGCGCGTAGTTGGTGTTCGACATCGCGGCGGCCTTCTTCGTCGCGAGCGTCACGCGCCCCAGGCGCGCGAGCTTCAGCGCGCTGAGCAGGCCGGCGATGCCGCTGCCGAGGACGAGAAAATCGGGACGCCGTTGTCCGTTTTTCGACATTGAAAGGGGGTTGCGGAGTGCTAGATTCTAACAAATGATCCGTTCCTTCTCCGGCCGCGTCCCGAAGATACACCCGAAAGCCTTCGTCCACGACTCCGCGGAGGTCATCGGCAAGGTGACCCTCGGCGCCGAGGCGTCCGTGTTCCCCGGCTGCGTGCTGCGCGGGGACATCGATGAGATTAAAATCGGCTCGCGCAGCAACATCCAGGATCAAGTCGTGATTCACACGAGGGATGGCCAGCCCACGGTGATCGGCCGCGGCGTCACGGTCGGCCATCGCGCGGTTCTCCATGGATGTCGTATCGGCGACCGGGTGCTCGTCGGCATGGGGGCCATCATCATGGAAGCGACCATCGGCGCCCGCACCTTGATCGGCGCCGGCGCGCTGGTCCCCGCCGGGGCGAAGATCCCGTCCGGCGTCCTCGTCCTCGGCTCCCCGGCGAAGGTCGTGCGCAAGCTGCGCCCCGAAGAGCTCAAGATGCTGGTCTCCAGCGAGAAGATGTACGTCGCGCTGGCGCGCGCCCACAAGACTTCGTCGAAAGTCGTGTTCGGCCTCTGATGCTGGCGGCGGCTTTCCTCGCCGGCGCGGCCGCGGGCGGCGGAGCCGTCTGGGCGTGGCAGCGGCACAGCGCCAAGAAGTTCGCGCGCGTGTTCTCCTTCGCGATGCACGAGCTCAACACGCCGATCACGGCCGTCAACATGACGGTCCTCAATCTGCTGTCCGACGTCTTCGGGGAACTCCCGGCTCCGCTTAAACCCTGGGTGGAGATGACGCGCGAGCAGGTCGGCCGGCTCAACGGGCTCGTCGGCGAGGTTCGCGATTTCGTGCACATGGAGCTGCACGAGGACTTGCGGGTCGGAAGCGCCGAGATGAGCGCCCAGGAGATAGTGGACGAGGCACTCGTTTCCATCGCGCGCGGCATGGAGCAGGCCGGCGTCGAGTTCACGAGCTCGGTGGAGAAGGGCCTGCCGCCGCTGCGCGTCGACCCCGACCGGGCCGCGCGCTGCCTGACGAGCGCGCTGTTCCACGCCCGCAAGTTCCGCACCGGCGGCGGCATCGAGCTCAAGGCCGTGCGCGCCCCGCCGGCGCCGCCTTCGTCGTGAGCTACGACGGCCCGCGCCTGACGCCGGGGGCCGTGCGCGACAGCCTGGACCTCTACTACCCGGCGCGCCGCGGCAAGAGCCAGACGCTCGGCGCCACGGGCCTCGGCCTCGGGCTCGTGCGCGAGGTGTCCCGCCTCTCCGGCGGCGACCTGTCCTACGAGGTCGACGACGCGGGCCGCTCCCGCCTGACTTTGACGTACGCCGCGGCGGGGGCCGCGTGACGCGCATCCTCATCGTCGAGGACGAGCCCGAGATCGCCGACAACCTCGCGGCCCTGCTCGCGGCCAAGGGCCACAAGGTCGCGACCTGCCACGAGGGCGCCGAGGGCGTGACGCGCGCGCGCAAGGAGACGTTCGACCTCGTCCTGCTCGACGTCATGCTCCCTCGCATGTCGGGCTTCGACGTGTGCAAGCTCCTCAAGGCCGACCCCAAGACCTCCAAGATGAAGATCGTCATGGTCACCGGCCTCGGCCGCATGGGCGACGTCGAGGAGGCGTTCCGCGCGGGCGCCGACGACTACCTGATCAAGCCGTTCGACTCGGTCCGGCTCTTCAAGAAGATCGAGAAGGTGATGGCGGGCGCGTGAGACGGGCCGCGCTCCTCGCCGCCCTGCTTCTCGCCGCCGCCCCGGCCCGCGCGCTCGAGGCCGCGGCCGCCAAGGTCGACATCACGCCGGACCTGGCCTCCGAGCGCGTCTGGCTCGCCGGCTTCGGCGCCAAGGGCCGCCGTCCTTCCGGCGTCCACGACCCGCTGTACGCGCGCCTCGTCCTTCTGCGCGAGGGGAACACGACGATCGCGCTGGCCGGCTTCGACCTGCTCGGTCTCTACCTCAACGACACCGAGGCCCTGCGCCGCGCCTGGTCCGGCGGCGAGCCGGGCCGCGTGCTGTTCGTCCACGCGACGCACCAGCACAGCGGCCCCGACACGCTCGGCCTCTGGGGCCGCCTGCCCGGCGTCTCCGGGATCAACAAGGCGTATCAAGAACGGATCATGGACCGCGTGGTGCAGGCGCTGCGCCTGCTCGAGACCCAGCTGCGCCCCGCGACGCTCGCCGGCGGCAAGGGATCGCTCGACCCGCGCGGCCTGTGCGCCGACTCGCGAGACCCTCAGGTGATCGACCCCAATCTCGCCGTCCTGCGCGTGAAGGCCCGCGACGGCAAGGCGATCGCCACGATCGTCAACTGGTCCTGCCACCCCGAGGTCATCGGCCGAGACAACAATCTGATCACCGCCGACTACCCCGGTCCGCTCTGCTCCCGCATCGAAGAAAAAACGGGAGGCGCCTGCCTCTTCCTCAACGGCGCGATCGGCGGCCTCATGACGCCGGACGTGACGGAAGAGAACTTCTACGAGACCGCGCGCATCGGACACGCGGTGGCCGACGCGGCGCTGGCGCTCCCCGTCTCGGCCGGCGGGAGCAAGCTCGCGTACCGCGCCGCGCGCCCGCTCGTGCCCGTCGAGAACTCGCGCTACCTGCTCTTCCTGCGCTCCCTGACGGGCGGGCATGACCTTAAGACCGCGGATGGCAAGGCGATCCCGGCCTGGAAGGCTCCGTTGTATTCCGTTCGGCACTTGCTACTCGGCACCAAGGCCGCGCAGCGGCCATACGTAGAGACCGAGGTCGGCGTGCTCGATCTCGGCCCGGCGCGCCTGCTCGGCATGCCCGCCGAGGTGTTCCCGGAGCTCGCGATCGGCGGCTACGACGGGAAGTATTCATACGGCAAGCCCGTCGTGGATCCGAAGGGGCCGGAGCGCGACCTCAAGAGCGCGCCGAAGGGACCCTACCTGCGCGACCTTATCAAGGCGCCGGTGCCGATGCTCGTCGGGCTCGCCAACGACGAATTGGGCTATCTGGTTCCCGCGTACGACTTCAAGGTGAGGACGTCGAAGTCGCTGCTGCCGCGCTGGCCCGGCCACTACGAAGAGACCAACTCCATCGGCCCGTCGGCCACGGCGATCCTGACGGACGCCGCCGCGAAGCTGCTAAACGAGAAGCGCTAGGCGGTTGGCCGCGAAGGCCAGGACGTACGCGAGCCCGAACAGGAAGACGAACTGCAGCGCCGGGAGCTTCCAGCTCCCCGTCTCGCGGCGCACGGTCACGATCGTCGAGACGCACTGCAGCGCGATCGCGAAGAACACGAGCAGGCTCGCCGCCGTGCCGAGGCCGTAGCGCAGGCGCCCGTCGGGCTCGCGCGCCTCGCGCAGGGCCTTGATGAGGCCCTCGGAGGCGTCGGACTCGCCGCCGAGCGCGTAGATCGTGCCGAGCGTGCCCACGAACACCTCGCGCGCGGCCAGCGCCGAGAGCGCCGCGATCGAGACGCGCCAGTCCCAGCCGAGGGGGCGGAACACGGGCTCGATCGCGCGGCCGGCGGCGCCGAGGGCGCTGCCCTCCATGCGCAGGGCGGCGGCGGCCTCCGGCGGGGTACCGGGGGAACGTCCCGGCGCGGATACGAGCCGAGCGCCCACAGGATCACGCTGAGAACGAAGATGACCTTGCCCGCGCGCTCGACGAAGTGCCAGCAGCGCGCCCAGACGTAGCGCGCGAGCTCGCGCGGGCTCG
CP096137.1_gap39	1874220	1875643	1423	AGCACGCGGGTGTCGAGGACGAATTCGTGTCCCGGGGCGAGCAGAAGTTTGGAGCGAGCGTTGAGCCAGGAGAACAGCAGGGCGGCCGCCGCGAACGGAAGAAGCTCGAGCCAGGGCCCGCGCTTGCTCATGTCCCGTTTCAGAATCGCCCAGTCGAGAAGAAGAAGGACGGCCGGCAGGGCCGCGCCCTTCCAGCGGCACAGGCTCGAGACGACGTACAGCGCGAGCGCGAGGGGGACGCGGCGCGAAGGCGCTCCGCTCCAGGCGAGCAGCGCCGCGAGGAAGAACGCCGTCGACAGCAGGTCCGGCAGACCGGTCGCCCAGGCCACGGGCTCGGCGCGCAGCGGGTGAAGCGCCCACGTCAGCGCCGACAGTCCCGCGGCGAGCGCGGCGTCGCGCGCGGACGCCTTCGGGAACGCCGCGCGCAGGACGCGCTCCGACCACAGCGCGAGCAGGGCCGCGCACGCCGCGTGGGCGAGCCAGCTCGCGAGGTGATAGGCCGAGGGGTTGAGTCCTTGGACGCGGAAGATCAGGGCGTAGGACAGCCAGCCCAAGGGCTGATACGTCCCGTACTCGAGGCTCGTGAGCATCCACCGGAGGTTTTCGGCCGACAGCTCGCGCAGGCGCGGGTTGTCGAGGATGAGCCAGTAGTCCTCCAGGTTGACGAACGAGTGTCCCAGCGCGGGCAGGAACGCCCAGGCGGCGGCCAGCGCCGCGGCCGCCGCGGCGGCGAGCCTCACGGCCTCTCCATTAATAAGGACAGGCGCGCGGCCTCGGAGGCGTGCCGGACGGGGTCCAGGCGGGAGCCGAGCCACGCCGCCATGATCCGGCGCGAGCCCGCGAGGTAGACCTCCTGCGTCCAGGCGCGCGCCGGCGGCGCCGCCGTCTCCGGGGCGTCGAGGAAGCGGCGCGCGTCGGCGGCCGGATCGCTCCGGGTCTTCGCGCTCTCGATCCGGACGAGCGAGCCTTGCGGAACGCTGTTCGGAAAGGACGCGAGCACGGGGCCGAGGACCGCGGGCACGGCGAGGACGTCGCGGCCGGGGTTCAACCGCTTCCACGCGCCCCAGTCGAAGGACAGGCCGGAGTCCTGGGCGGGCAGGACGAGGTCGGGGTAGGCTCGGCGCAGTCGGCGCACGTAAGGAGGAAAGCCGAACATCGTCGGCGCGACGAAGGCCCGCCCGCCGCCTTGCCCCCGGACGAGCTCGAGCTCGAGCGCGGCGAAGACGTCGTCGTCGGCTCCCAGGATTATCACGTCGCCAGGCTTCGTGTCGCGGAGCATGGCGCGGACGTGGTCGAGCAGGGGATTCTCGCGCGCGAGCGACAGCGGCCGCCACGCGAGCGGCCCGAGCGCCGCGGCCGCGGCCAAACCCCAGGCGAGCGCCGGGCGCGTGCGCCGCGCCAGAGACTCCGCGCCGCGGCCCGC
CP096137.1_gap40	1891932	1893978	2046	ACGTCTGGGTGCAGTCCGACGCCCCGATCAACCTGCGCGGCGAGCTGAACCTGTTCTACCACCTCAACGCGATGCACGACTACATGTTCGGCGACGTCAACCGCTCGAGCGCCGCGCCCGTCAGCCACCCCGTCGTCGCGATGGCGCACGTCGGCCCGAACATGGCCAACGCCTTCTACAACCCGGACTACGACAACCTCATGTTCGGCGACGTCAACGCGCTCGCGCCCGAGGACGGCTTCACCGACGACGCGACCGTCGTGCGGCACGAGTACGTGCACTACCTCGTCGAGAAGATCTGGCCCCTGCAGAACTTCGGGCAGGCGGGGGCGATCTCCGAGGCGCTCGCGGACTACTTCTCCGGCTCGTCGCTCAACGATTCCGCGATCGGGACCTACGTGCTCGGCTCGCTCGGCGGCACGGGGGCGCTGCGCGAGCTCGACTGCACGAAGCCCGGCATCCCGTGCCGCGTGCTGAGCAACCTGACCTGGCTCGGCCAAATCCACGACGACAGCATCTTCCTGTCGCAGGCGTTCTGGGACATCCGCCGCGACCGGATCGCCGCGCTGGGGTTCACGAACGGGCGCTCCTGCGCGGACGGCCTCATCTTCCAGTCGCTGCTGTTCTTCCCGGAGAGCTTCGGCGAGTACTACGACGCGATGCGCCGCGTCGACGCGGAAGGTCGCGTGCCGGCGTGCGGAGGCGCGAGCACGGCCCAAGCCGCCATCAACACCGCGTTCGCCACCCACGGGCTCATCCTCGGGACGGGCGACGCGCTCGAGCGCAACGACGGCTTCGAGACGGCGACCGACATCACGACGCGCACGGCGCTCAGCGCGACGATCTTCCCGACGGGCGACTCCGACTTCTACTCGTTCGGCGCGGGCCCCGGGCTCGTCAAGATCACGCTCAGCCTGCCGGCCTCCGGCGGCTTCTTCAAGGCCTACCAGCTCAAGCTCTTCGACCGCTCGCACCGCCCCGTCGCGGGCGCCTCGCCGCCCATCGACGGCTTCAACACGATCGACGGCTTCTGCGAGACCTTCGACTGCAACACGACGGCGGGCTCCGTCGAGCTGCAGTACAACAACCCCGCCGCCGGGCAGCTGTACCTGCAGGTCATCGGCGGCGAAAGCATCAACGGCTCGAACAGCGGCGTCCAGTCCACGACGCCCTACGGCCTGTCGGTCACCTACCCGCGCTCCTCGGCCCTGACGGGCTCGATCGTCTCGGCGGCGTTCGACAACGACCTCATCAGCTTCGACGTCGACGTCACGACCTTCATCTCGACGCAGGACTGGCGCTTCATGTCCGCGCAGCTGCGCGACCACTCCTTCAATCCCCTCGCGAACACGCGCGTGAACTTTCCGGCCCTCCCCGGTGATTTCCTGACCTTCGTCTCCTCGTCGAACTCCTTCGGCCACGTGCGCGGCTCGGTGCGGCTGGCGCCCGGCTTCGCGTCGCGCTTCCCCGGCTCGGGCACGGTCCACCTCGAAGTCTTCGGCTACAACGTCTACGGCAGCACGTCGTCGCTGGGCATGTCGAACCCGCTGAACCTGACCGCGCAGCAGGCCGAGCTGACCGCCTACAACAACGTCTTCAACCCGGCGACCGGCCAGAAGGCGACGATCAAGTACGCCACGACCGCGGCGGGGCGCGTCGTCATCAAGCTCTACACCGTGACGGGCCAGTACGTCGCGACCCTGCTCGACGCCGACCTGCCCCCGGGCCGCGGTTCGCTCGACTGGGACGGGCGCAACGTGTCCGGCTCCGTCGTCGCCAGCGGCATCTATCTCCTCCGCATCGACGCTCCGGGCATCCACAAGACGCAGAAGATCGCCATCATCAAATGAGGATCGCAGCCATCACGATCACGGCGCTCCTGTGCGCCCCGGCCCCCGTTCGGGCCGAGGGCCCGGGCACGACCGCCGTGCCCGTCCTGCAGATCCCGATGTTCGCGCGCGCGGCCGGCATGGGCACGTCCTTCACCGCGGTGGCCAGCGACGCCTCGGCGCTGTTCTACAACCCGGCGGGCCTGGCGCGCCTCAA
CP096137.1_gap41	1963815	1965317	1502	GCCGAGTACCCGGGCGGCATGGAGCACACGACCGCGACGACGCAGACCGACGCCTGCCTCATCGACGCGCAGGCCCACGCCGACCACGACCTCGACACCTTGGTCGCCCACGAGCTCGCGCACCAGTGGTTCGGAGACCTCGTGACCTGCGCCGAGTGGCCGCACGCCTGGCTCAACGAGGGCTTCGCGACCTATTCCGAGGTGGTGTTCCTCAAGGAGGACCGCGGCGAGGACGAGGCGCTCTACGAGCTGCTCCAGAACCGCCGCGTCTATCTCGACGAGGACGCGGGCCGCTACCGCCGCCCGATCGTCTGCCGCACCTACACCGACCCGTGGACGATCTTCGACCGCCACCTCTACGAGAAGGGCTGTTGGGTGCTGCGCATGCTGCACCTCGAATTGGGAGACGAGCTCTTCTGGAAAGGCGTCAACCTGTGGCTCACGCGCCACCGCGACGGCATCGCCGAGACCCAGGACCTCGTCGCCGCCTTCGAGGAGGCGACGGGCCGCAACCTGCAGGGCTTCTTCGACCAGTGGGTATACCGCGGAGGGCATCCGGCCCTCAGACTGCGCTGGCGCTGGGACGGCAAGCGCAAGGGCGAGCTGCACCTCACGCAGACGCAGGACGTCTCCGACTCGTCGCCGGCCTACAAGCTCAAGGCCCGGTTCCGCGTGACGGGCCGCGGCTGGACGCGCGACTTCGTCGAGACGGTCGACGCCAAGGAGCACCGCTTCGTCTGGAATTTGCCCGGCGAACCGCTCGACGTCGAGTTCGACCCCGGCCTCGAGCTGCTCGCGTCCTCGACGATGAAGAAGCCGCACGCGATGTGGCTGCGCCAGCTGCGCGGCGGCTCGACTTCGTCCTCGCGATCGATCGCGGCGTCCTACGTCGCGGGCTGGGGCGGCGCCGCCGCCGTCGCCGCGCTCGAGGCCGCCGTCCGCCGCGAGAAGTTCTGGGGGTCGGCCTCCGAGGCCGTCTCCGCGCTCGGTTCCGTCTCGGGGCAGGGCGCCGTCGAGGCCCTTCGCCGGCTCGCGAAGACCGAGAAGCGGCCCAAGGTCCTGCGCGCCGTCGTCGAGCAGCTCGGACGCCGCGGCGGCGCCGCCGACGCGCGCGCCCTGGCGCCGCTGGCCCGCTCCGGGCGCAGCCTGCTCGTGCGCGCGGAGGCCACTCGCGCGCTGGGCCACCTCGACTACGCGCGGCACTCCGCGCTGATCGACCGGAACATGAAGGCCGCGACCTATCGCGACGGAGTCGCCGCCGCGGCCGTGTCCGCGACGGCCGCCTCGCGGGATCCGCGCGCCGCGCGCAAGCTGCTCGCCGCGTCGAAACCGCCCTACCGCTTCGGGGCCCGCGTCGCCGCGATCCGGGCGCTCGCCGAATACGCTCCGTCGATGCCGGAGGCGGTGCCCGCTCTGATCGCGATGCTCTCGGAGAAGGACGAGCGCGTGAGCCTGATCGCGTGCGCGGCCCTCGGCCGGACCGCCGACGAGCGGGCCCTGCC
CP096137.1_gap42	1974935	1975534	599	GTCTCGGCGATGCCGAACAACCTCGTGTTCTGCCTCGCGGCCGAGAAGCTCGCGGGCGTGAAGACCACCCCGCGCGCCGACGCCTTGCGCGTGATCATGTGCGAGATGAACCGCGTGGCCTCGCACCTGTTGTTCTTCGGCACGTACGGCATCGACCTCGGCGCCTACACCCCGTTCCTGTACGCGTTCCGCGAGCGCGAGATGGTGCTCGACCTCTTCGAGATGCTGTGCGGCGCGCGCCTGACCTACAACTACATCCGCCTCGGCGGCGTGATGGTCGACGCGACTCCCGAGTGGCTCAAGCGCACGTCGGAGTTCGTCGAGTACTTCAAGCCCCGCCTCGACGAGTACGACACGCTGCTGACCTACAACCCGATCTTCATGGCGCGCACGAAGGAGTCGGCATCGTGACCGCCGCGGAAGCCAAGGACTGGGCGCTCTCCGGCCCCAACCTGCGCGCCTCCGGCGTCGACTACGACGTCCGCAAGTTCGCCCCGTACTCCGGCTACCAGAACTACGACTTCGACGTTCCCGTCGGCAAGGACGGATCCTGCTGGGACCGCTACTTCTGCCGCGTCTCCGAGATGCGCCAGTCGGTC
CP096137.1_gap43	2021892	2026425	4533	GCGCGCGAGCGCCAGGCAGGGGAAGCGCGAGAAGTCGGGGGCGCGGAACTCGAGGGTGCCGGCCTTCACGAGGTCGAGCGGCTCGACGACGCGGCCCGCCCGCTCGGGATAGGTCATGCCGTACTGGATCGGAAGCTTCATGTCCGGCACGCCCATCTGAGCCAGGACGCTGCCGTCGGAAAACTCGACGCCGGAGTGGAAGATCGACTGCGGGTGGATGACGATCTCCACCTGCTCGCGCTTGAGGCCGAAGAGGTTCATGATCTCGATGAGCTCGAAGCCCTTGTTCATCAAAGTCGCGCAGTCGACCGTGATCTTCTTGCCCATCTTCCACGTCGGATGCTTGAGCGCCATCTCCGGAGTGACTTCGGAGAGATCGCCCGTGTACTTGGAAAACGCGCCGCCCGACGCGGTCAGGATCACGCGGCGGATCGTCTTGAGCGGCGCGGCGGCGCGGGGATCGGGATTGAGGCCCTGCACGCACTGGAAGATGGCGGAGGGCTCGGAGTCGACGGGCACGATCTTCGCGCCCCAGCGCTCGGCCTCCTTCATGAACTGCGCGCCGGCCATCACCATCGGCTCCTTGTTCGCCAGCGCCACGATCTTTCCCGCGCGGATCGCCGCGAGAAGGGGGCGAAGCCGACGCCGCCGACGACGGAGGTCAGCACGACGTCGACGTCGGGATGCGAGGCGAGGTCGCACATGCCCTCGACGCCGGGGGCCAGGTGCTTCGTCGCGCCGTTGACGCGCGTCTTGAGCTCGGCCGCGGCCTTCGGGTCGAACATCGTGACCGCGCGCGCCCCGAACTCCTTGGCCTGCTCGGCGACGAGCGCGGCGTTGCTGTGGGCGGAAAGGCCGAAGACGGAAAGGGCCTCCGGCATCTCGCGGATCACGTTGAGGGCGTTGACGCCGATGGATCCGGTGGAGCCGAGGATCGCGACTCTCTTCATGGTCATCGGAAGCTCAGCGCGTAGTACACCGCGGGGGCGCACAGGATGTAGGAGTCGAAACGGTCGAAGACGCCGCCGTGGCCGGGCAGCAGCGCGCCGCTGTCCTTGATGCCGGCGTCGCGCTTGACCATCGACTCGGCGAGGTCCGAGGCCTGGCCCGCGACGCCGATCAGCGCGCCGATGAGCCCGGCCTGGAGCGGCGTCAGAGCCTCGCGCAAGGACGTTTTCTGGAAAATCAGCGCCACGACGACGGCGGCGGCGAAGCCCGCGGCCGCGCCCTCCCAGGTCTTCTTCGGCGAGAGCACGGGCGCCAGCGCGTTGCGGCCGAGGCCGCGCCCCGCGAAGTAGGCGGCCGTGTCCATCGTCCAGACGGCGGCGAAGGTGAGGAACGCGAAGGCCTCGCCGTGCGGGCGCAGGTCGCGGATGAGAGCGAGATGGGCCGGCAGCCAGCCCGCGAACAGCGCCCCGAAGATCGTCAGCGCGACGCGGTCGAGCGAGTGCGTCTTGGCGCCCATCTCGAAGAGGACGACGAGCGCCGAGCCGCCGGCGAGCACGAGCGGCAGCGGGCCGCCGAGGGACGCGCAGGCGGCCAGCGCGCCGCCGAAGACGATCGTCGGGACGAGCTGGACCGGCCGGCCTCCGAGCCGCAGCATCAGCGCGTACTCGTAGCAGCACAAGGTGGAGATCCCCGCGATGAACAGGCCGTAGGCCAGGCCCCGGCATGGACGAGCCAGAGCATCAGCGGAATGCCGACGAGCGCGGTCAGGACGCGCGGCAGGAGCATGGCGGGATTCTACAAAATAGCCCGGCGTCCCCGCAGGGCCTTACTTGACGAGCGGGTAGATCACGAGCCGCCCGTCGTCCCAGACAGGCTCGGCCTTCGCCCGCAGGCGTCGAGAGAGGGCGCCCCCATCGGCCATCGCGCCGGTCTTCTCGCAGGCGAGGAAGCGGGCTCCGGCCCTGCGCTTCTCCTCAAGGACGGGCCAACCTCCTTCGCCCTCGAGCTCGAGCGGCCGCCACCAGCCGCGACGGTCGAGCCGGTAGAGCAGCACCGAGGGCGCCGCGCCGCAGGCGACGAAGAGGTCGTCCTCCAGGCTGACGGCATTCGCCGCCTCGCCCGCGCGCGCGAGGTAGTCGAGGCCCTGCCGGTACCAATGCCGGATGCGCAACGCGGAGTGCACGGGCACGGCCAGCATCAGCAGAACCGCCGCGGCGCGCGCCCACTCCATTTTGGAAGCGCGCAGGCCGGCGGCGCCGGCGCCCATGATTCCCGCGGCGACGGGCACAAGGGGCAGGGCCGTGTAGTCGTGCGCGTGGGCATAGTCGCCCAGCGCGAGGAGGTGCGCCAGGGCGCCGAAGAACCACGCGAGCCAGAACGGATCGCGCTGTCCGACGAACAGCCGCCGCGCTCCCACGAGGAAGAGGACCAGGCCGCCGTAGGTGGTCACGAGCTCGATGAAGCGCGAAGCGAGGAGGAACTGGGCGAAGTAAAGAGTGCGGCCGTAGTCGAAGAGCGACGCGAACTCCGCGGAACGAGTGGGGACGACGTAGACCCCCGTGCTCGCCCACCGGTACCAGGCGAGCACCAGTCCCATCGAGACCAAGCCCGCGGCCCACATCCGGACGTCCGCCCAGGTCCTGCCTCCGAGGCGGCGCCAGGTCAGCGCCAGAAGGGGAATAAAGACGTGCGCGTAGGGCAGCTTATGCCCCACTGAGACGAATGCCGCCGCGGCGGCGACGGCGACCGCCCACCAGGGACGGCGCTTCTCAAGCGAAAGATCCCAGAAATAGAGCGCGGCCACCAAACCCAACAGCGCGGTCGCCTCGGGCTGAACGGTGCGGCCGAAGTATATCTCGAGAGGCGAGACGCTGAAGAGCAGCGCGCCGTAGAAAGCGGGCTCGCGGCCGAGTTCGCGCTCGAAAATGAGGAAGAGCAGCAGCGCGGTAAGGAGCGAGGCGAGCAGGGAGAGCACGCGCCCCCACGTCTCGCCCAGACCGAACAGCGGCCACAGCTTCCCGAGGGCGTACATGTAGAGCGGCAGTTCGGTGGCGGCGAGGCGGTCCTCAGGGCCCTCCCAGTCGACTCGCGGGCGATGGACCGGCCGGTCTTCGCGCGCGTAGTTGCGGGCGATGGACGCGGTGTTGACCTGACGGTGGTGGTGGTAGTCGAGCGACGGGGCACCCAGCCCGACGAGGTGGACGAGCACGGATAGCCCGGCGACGGCCGCGAGCATGACGCCGCGGCCCGGGAGGCGCGTCATGCCGTGATTCTAGCCGTTTCCGCCGGTGATTTGCTAAAATAGGCGCGTGGGGATCGCTCGCCCGGAATGCTCCGTCGTCATCCCGGTCTACAATTCCCAGGGCTCGGCGGCTCGCGTCGCCGAAGACGTTCTGGCCGCGTTCGCCGGCGTTTCCCTCCAGCTCGTGCTCGTTGACGACGGAAGCCGCGATGAGAGCGCCCGGGTCTGCCGCGAGCTCGCAGGGCGCCATCCCGGCAAGGTGCTGTTCGCCCGGCTCTCGCGCAACTTCGGCGAGCACAACGCGGTCCTCGCGGGATTGAGATTGGCCGCGGGGCGCTTCGTGGTCGTCATGGACGACGACGGCGAGAACCGGCCCGAGGACGCGCGCCGGCTCTTCGAGCGCGCGCGGGAGACCGACGCGGACCTCGTGTACTCCCGCTATCCCGGCCGCCATCACGCCTGGTGGCGCCTGGCCGGCAGCCGCTTCAACGGCTGGGTCGCGGGCTTGCTCATCCGCAAGCCGAAGGATCTCTACCTGTCGAGCTTCAAGTGCCTCAGCGGCTGGCTCGTGTCGCAGGTGACCCGCTACGAAGGTCCGTTCCCCTATCTCGACGGCCTCGCGCTGCAGTACGCGGGCCGCATCGAGGTCGTCGACTGCGCCCACGCCCCGAGCGAGCGAGCCGCGTCGAACTATAATCTCCGCCGTCTCGGCCGCCTCTGGCTCAACATGGCGGTGAACTTCTCGGTCGCCCCGCTGCGCCTGAGCAGCCTGCTCGGCGCCGGGATGGTCGCGCTCGGCGGCGTGCTGACGGCGGAGGTCGTCGTCGAGCGCTTCACTTCGCCGTCGCCGACTCCGCCCGGCTGGGCGCACCTGGCCGTGCTCGTCCTGGTCTTCTCGGGCGCGCAGCTGCTCATTTTGGGCGTGATCGGCGAGTACCTGGGCCGGCTGTTCCTCATGGCCAACCGTCTGCCGCAGTCGGCGGTGCGCGAGCTCGTCGGCGCGCAGCGCCCGGAGGATGCCGATGTCGGCTCCTGAGGCGCCGCGCTCCGCGCTCGTGGTCGGCGGCCTCGGCTTCATCGGCGCGGCGCTGTGCGAGCGCCTCGTGAAGGCGGGCTGGCGCGTCGCCGTCCTCGACTGCCTCCTCGAGTGCGGCGGCGGCCGCGAGTTCCACGCCGCGCCCGGCGCCGAGGTCGTGCGGGGCGACGCGCGCGACCGGCGACTCGCGGAGTCCCTCGTCGAGGGCCGCGACGCGGTGTTCAACCTGGCCGGGCGCGGAGGACACCTCGACTCGGTGCGCGATCCCGAGGGGGACCTCGAGCACAACCTGCGCGGCCCGCTCTCG
CP096137.1_gap44	2029997	2032942	2945	CCTGAGAGCCCGGCACCGTGAAATCGAGCTCCCGCCCCGTCAGCCACGGGTCCATGACGGCGTCGAGCGCCAACGTACCGTGGTTCAGCAAAGCGAACGGCAGCAGGCTGTTGGGGATGTCGTCGCCGCCGTGCCAGCGGAACGTGGACATATACAGCGCGACGTGGGCCAGCGCCAGCGACAGCGCCGGCCTCTTCGCCCAGCCGCCCTCGAGAGATCGAAGAACCCCCAGCGCGGACAAGGCCGTCGCGAGCGCCGCCGCGGGCAAGCGCGCGCCCGTCGCCAAGCAAACCAGAAGCCATACGGCGGAGACGGCGAGCGCGAATCTCATGCGGCTACTTGGCCGACAGCCCGCCGAAGCGCCGGTCGCGCTTCTGGTAGTCCTCGAGCGCGGCGACGAGGTGCTCCTTGCGGAAGTCGGGCCACAGCACGGGGGTCACGTGCAGTTCGGCGTAGGCGACCTGCCAGAGCAGGAAGTTCGAGATGCGCATCTCGCCGGACGTGCGGATCATCAGGTCGAGTTCGGGGAGGTCCGCGCCGTAGAGGTTCTCGGCGATCGATTTCTCGTCGAGGGATTTGGCGCCCTCGGCGATCGCCTTGTTGGCCGCGTCGAGGATCTCCTGGCGCCCGCCGTAGTTGAGCGCGAGCACGAGGTTCAGGCCCGTGTTTTCCGAGAGCTCGTCGATCGCGGAGTCGAGCTCCGAGCGCACCGCGGCGGGCAGCGCGTCGAGCCGGCCGATCGCGGAGAGGCGCACGTTGTTCTTGTCGAGCTCGAGCGTCTCCTTGTCGAGCGCCCAGGAGAGAAGCTTCATCAGCGCGTCGACCTCGTCGGCCGGGCGAAGCCAGTTCTCCGTCGAAAACGAGTAGAGCGTCAGCGTCTCGATGCCGAGCTCGCCGGCGGCCCGCACGATCGCGCGGACCGAGTCGACGCCGGCCTTGTGCCCGGCGACGCGGGGCAGACCCCGCTTGGCGGCCCAGCGGCCGTTGCCGTCCATGATGACGGCGACGTGGCGGGGAGCTTCGCGGGATCCAGGGACATGGGCGTCCCTAGATCGTCGTGATTTCCTTCTCTTGCCGGTGATCGAGTCGTCGATCTGCTTCGTGTAGGAGTCCGTGAGCTTCTGAACCCGCTGCTCGAGCAGGCGCAGCGCGTCCTCGGTGATCTCCTTGGCTTGGAAGGACTTCTTGAGCTTGTTGAGGCCGTCCTGGCGGTCGTTGCGCACGCCGACCTTGAACTCCTCGCCGAGCTTCTTGACCAGCTTCACGAGGTCCTTGCGGCGGTCCTCGGTCATCATCGGCAATGAAATACGGATCATCTTGCCGTCGTTCTGGGGCATCGCGCCGACGTCGGCCTTCTGCAGGGCCTTCTCGATGTCCTGGAGGGTGGAGGGGTCCCACGGCCGGACCTCGAGCGTGCGCGCCTCGGGGACGGAGACGGCGGCGACCTGCTTGAGGGGGACGAGCGAGCCGTAGGCCTCGACCTTGACGGACTCGAGCATGAGAGGGTTGGCGCGGCCGGTGCGCACGACGGAAAGCTCCTTGGCCATGCGGGCCATGCGCTCCTTCATCGCGGCTTCCATCTGGGTGATCACGGCGTCGCTGGACATGGTCTTACTCCGTGGCGATCAAGGTTCCGACCTTCTGGCCGGAGACCGCGCGGGCGATGTTTCCCTTCACCGCGAGGTCGAAGACGACGACGGGCATGCGGTTCTCCATGCACAGCGTCAGCGCGGTCGTGTCCATCACCTTCAGCCGCTGCTTGATGCTGTCCATGAACGTGAGCTTCTCGAACTTCTTGGCGGTCTTGACCTTCTTCGGGTCCGCGTCGTAGACCCCGTCGACCTTCGTGGCCTTGAGCACGACCTCGGCCTCGATCTCGACGGCTCTCAAAGCGGCCGCCGTGTCGGTCGTGAAATAGGGGTTGCCGGTGCCGCCGGCGAAGATGACCACGCGCCCCTTCTCGAGGTGGCGGATCGCCTTGCGGCGGATGTAGGGCTCGCAGAGCTTGTTGATCTCGACGGCGCTCTGCACGCGCGAGCCGACGCCGAGCTGCTCGAGGGCGTCCTGCAGGGCCAGCGCGTTGATGATCGTGGCCAGCATGCCCATGTAGTCGGCGGTGACCCGGCCGATCGCCTCGCCGCGGTCCTGCTCGCCGCGCCAGATGTTGCCGCCGCCGACGACGATGGCGATCTGCAGCCCGTGCTCGTGGGCGAGCTTGATCTCGGCCACGATCGACGACAGGGCGTCCGGCTTAATGCCGTGAGAGCTCTCTCCGCACAGCGACTCGCCGGAGAGCTTGAGGAGGACCCGCTTGTACTTCTTGGCCCCTGGCATTCTCCGCGGTTACTCGCCGAGCTGGTAGCGGGCGAACTTGACGATCTTGATCTCGCCGCCGACCTTGGCGCCCGCCGCCTTCAGCAGGGCCGTGACGGTGACCTTCGGGTCGCGGATCGACGGCTGCTCGAGCAGGCAGTAGGCCTGGTAGAACAGCTTGTTGATCTTGCCCTCGAGGATCTTGGGGATCTGGTCTTCCTTCTTGCCCTCTTTGCGGAGCATCTCGGTCTGGATTTCCTTCTCCTTCTCGATGTCCGCGGCGGGGACTTCCTCGCGCGCGAGATACTTCGCGGAGGGGATGTTGCCGACGATCTGGAGCAGCAGCTCCTTGGCGAGCTCGGCCATCTCGGGCGACTTGGCGGCCGACTCCGAAGGGGCCGACAGTTCGATCAGCGCGCCCTTCTTCGCGGGGACCGCGAGGTCGGTCTGGTGGGCGTAGCCGGCGATGAGGCCGGGGCCCGAGAGCTCGAAGCGCACGTAGCGGCGCAGGCCGAGGTTCTCGCCGAGCTTGCCGACCATCGGCTTGACGAGCTCGTCGTTGGCGGCCTCGACGCTCTTGAGCGTTCCGGCGGCGGCCTTGTCAAGGACGGTCTTGACGAGGCCCTGGAAGT
CP096137.1_gap45	2035515	2037349	1834	CATCTACAAGCTCGACAGCCGCCTGCTCAAGTCGATCATGGCCGCCGAGTCCGAGTTCAACCCGCAGGCCGTCTCGCCGGCCGGCGCGCGCGGCCTCATGCAGGTCATGCCCGTCACCGCGGCCGGCGTCGGCGTCCAGCCCGAGCGGCTCAACGAGCCGCGCTCCGGCGTGAAGGCCGGCGCCGCGTACCTGCAGGTCCTCTTCGAGACGGCGTGGCGCAAGTTCAAGCTCAAGGGCGTGCGCTACACCGACGCGCCGATGTGGGTCGTCCAGCGCGTGATCGCCGCCTACCACGCGGGCCCGAAGTTCCTGACGCGCCTGAATCTTTTTCCGTCGACCCGCGCCTACGTCAAGAAGGTCGTCCTCTTCTACCACTCGAAGGTCAGCGACCTCCGCCGCCCGGCGAACGTCGCGCTCGAGCTCCCGGCCTACTCCGAGAGCGTGACCCCGAGCGGTTCGATGTATTAAGATAGGCGTGATGCGCGCCGCCTCCCTCGCCGCCCTCGTCCTGCTCGCCGCCTGCGCGGGCCCCAAGCCGTGCACGCGCACGCTGTGCGTCGCGCGCCTCGACGGCACGATGCGCCTCGACGGCTGGGAGGGCTCGGTCGTGACCGCGTCGCGCTACCCGCAGCCGCCCGTCGTCAACGACGCCGTCGTCACGATGGTGTTCGGCTCCGCGGCCTTCGTCAACGGCAACACGCTCGTGAAGGCGCAGGAGGGGAGTTCCTTCAAGTTCACCGTCTCCACCCGCGCCGCGTCGGCGATCGAGGTGTCCTCCGGCACGGTGACCGTGACGCCCTACCGCGGCGTCGAGGCCCTCGTCCCCGCCGGCGTCCCCTACGCCCTTCCGAAGCCGTAGTCGTTATGCTTGAATAGGCGCCGATGAAAAAGGCGCTCATCACGGGCATCACCGGCCAGGACGGCTCGTATCTCGCCGAGTTCCTGCTCAAGAAGGGCTACGAGGTGCACGGCATCAAGCGCCGCGCCTCGCTCTTCAACACGGACCGCATCGATCACCTGTTCCAGGACCCGCACGAGAAGAAGCTGCGCTTCCTCCTGCACTACGGGGACATGACCGACTCCTCGAGCCTGCAGCGCGTGCTCAAGCTGGTCAAGCCCGACGAGGTCTACAACCTCGCCGCGCAGAGCCACGTGGCGGTCTCCTTCATGGAGCCGGAGTACACGGCCAACGTCGACGCGCTCGGGACCTTGCGCCTGCTCGAGGCGATCCGCACCCTCGGCTGGGAGAAGAAGACCAAGTTCTACCAGGCCTCGACCTCCGAGCTGTTCGGCAAGGTCCAGGAGACGCCGCAGCGCGAGAGCACGCCGTTCTACCCGCGCTCGCCGTACGGGGCCGCGAAGCTCTACGCGTACTGGATCACGGTCAACTACCGCGAGGCCTACGGGATGTACGCGTGCAACGGCATCCTGTTCAACCACGAGTCGCCGCGCCGCGGCGAGACCTTCGTCACGCGCAAAATCACGCGCGGCCTGGCGCGCATCAAGCTCGGGCTCGACGAACGCATCTGGCTCGGCAACCTCGACGCCAAGCGCGACTGGGGCCACGCGCGCGACTTCGTCGAGATGATGTGGCTGATGCTGCAGAAGCCCAAGCCCGCCGACTACGTCGCGGCGACCGGCCGGCAGAACTCCGTGCGCCAGTTCGTCGAGGCGGCCGCTTCCGAGCTCGGCTTCGACCTCGTCTGGAAGGGCAAGGGCGCCAAGGAGACCGGCGTCGACCGCAAGACGGGGAAGACCTTGGTCGCGCTCGACCCGCGCTACCTGCGGCCCACCGAGGTCGACACCTTGCTCGGCGACGCCTCCAAGGCCCGC
CP096137.1_gap46	2052422	2054540	2118	CGCGGGGAGAGGTGCAGGCGATGCTCGGCCCAGACGCCGGGCTCCGACATCGCCTTCATTTTTCCCTTCGGGCGGTTGACGCCGACGAAGCGGACGGGGACCTTGCCCAGCGACTCGGTGAACAGCGAGCACAGCCGGTCGTACTCGCCGTACGCGCGCCGCGACAGGATCACGCCGCCCGCGTTGACGATCATGAGATCCCCGCGCGCAGCAAGGCGGCCTCGCGGCTCGTCCAGGCGCGGAACAAGGAGCGCGTGCCGAGCGGCGCGTCCTCGAGCAGAGGCGCCGCGCAGTCGGTCGAGGAGGCCTGGTACGCCTCCCAGCGCGCCTGCGGGGTGAGCGCCTCGGCGGCCTCGACGAGGGCGGCGGCGGGGAGAAGGCGCCAGCACGCGGCGCGCTCGAGCGGCGTCAGCTTGGGCCACAGCGCGGCCAGCCGCGAGGGTTCGGCCGCGAGCGCGGACTTGAGTTCGGGGAAGGCGCGGCGGCGCAGGGCGTCGCGGACGGAGGCCGGCGTCGGGGAGTCGGACACGGGCTGATTATATCGTTTCAGCGGCCGAGCCGGACGGGGGCTCGGGCACGAGCGGCACGCGCCCCTCCGGAAGTCCGCCGGGACCGAACGCTCCCGGAACGGGCTCGATGTCGCGCAGGACCCGGACGGGGTCGAGCAGGACTTCGGGCCGCTCGTAGGTGACCTCGAAGACGCCGGGCGCGCCCTTGAAAGCGCCGCGCAGGTCCTCGGGACGGCCGAGCAGCGCGAGCACGTACTTGCCCGGGCCGAGGCCGTCGAAGGAAAACCGGCCGTCGCGGTCGGGGATCCGGGAGCCCGAGAGCCAATAATGCGTCGTGCGCTGCGCGGAGCTCGTCCAGACGGAGAACAGGCCGACGCGCAGGCCGACCGCCGGGCGCTCGTCGAGGAACGCGGAGCCGTCCACGCGGCCGTCGCGCATCTCCTCGAGGGGGCCGACCTCGATGCGCTTGTCGCTGACGGCCCACAGGCCGTCGAGCCGGGTGAGCCAGGCGCGCGCGTTCTCCTCGTCGCCGAAGCGCGCGTACGCGGCGGAGAAGCCCTCGAAGATGAGCTGCGCCTCGGAGGCCTTCTCGAAGCCCTCGACGCGGCGTCCCGTGGCGGCCGCGAGCTGCTCGAGCTTGCCGTAGCGCTCGGCGGTGACGGGGCCCGCGCGCAGGAGCTCGAGGGCGCGCAGGTAGTCGGGATGGACGCGGCCCGGGACCGAGATCATCAGCGCGTCGAGCGCGCGCTCCTCGTCCCACCAGAGCAGGCGCCCCTCGCGCACCGAGGCGACGGCCTCGCCGGCGAACACGCCGCGGAAGCGCGTCCGCTCGAGAAACGCCTCGAGGCGGTCGAGGCTGTCGGGCGAGAGGTCGGTCGTCTCGGTCGACATGCGCCGCGAGTCGACGCGCCACGCGCGCCCGCGCGCCGGGTACAGCCACGCGACGGCGAGCGTGCGCGAGTTCCGGTTCGTCGGCACGCCCGCGGCCTCGGCGAGCGAGCGCGGGCCGAAGCCCCAGACGCGGGTCAGCGCCGTCTCGGCGACGAGCGTGGCGCCGCCCCACGCGGCGACGAGCGACAGCACGACGGCGCGCGACCACGGCCGCCAGTCCTCGCGCGCGAGCGCGGCGGCGACGGCGGCGAGCGTCGCGGCGAGCGCCGCGGTCAGGAACGTCGAAAGCACGACGGAGAGGAAGCTTCCGCCGCACAACTCGACGGCGCGCGTCAGCTGCGGCCAACGCGACGCGCACCAGCCGATGCCGGCGGAGATGAGGCCGAACGCCGCGCCCGCGGCCAGGCCGCGGCGCCCGCGCGCCGCCGCGAACGCGGCCGCGGCGAGAAGGACGGAACCGATCTGCAGATCGAGCGCGCGGCCCGCCGAGAGCTCCGCGGGAAACGCGTCGGGAAACGAGCGGATCGCGCGCGTCCACCCGAGCGCGCACCACGAGAGCGCGGCGAACAGCGGCAGGCGCAGCCAGAAGGCGGACGGCTCCGGCTCGCCCTTGCGGCGCTCGAAGACCCAGAACAGCGCGGCCGTCAGCGCGGCCGCGCAGAGCCCCGCTCGATCATTCCGCGTCCTTCTGCAGCTTGGCGAGGATGCCGAAGTCCTC
CP096137.1_gap47	2055562	2058507	2945	CTTCGTCGTCCACGCGACCTGGGTCATGTACCCGCCGGTCGTGTGGAGGATGCCCTTGGGCTTGCCCGTGGAACCGGACGTATAAAGGATGAAGAGCGGGTGCTCGCTGTCGAGCTTCTCCGCGGGACAGACGGCCGAGGCCTTCGCCGTGAGGCGGTGCCACCAATGGTCGCGCGTCTCGTCGATGGAGATCTCGTTGCCGGCGTGCTTGAGCACGACCACGGCCTTGACGCTGGGAGCGGACTTCACGGCCTCGTCGACGGCGTCCTTCAGGCGCAGGATCGCGCCCTTGCGCCAGCCGCCGTCGGCGGTGATCACGACCTTGGCGCCCGCGTCGTTGATGCGGTCGCGCAGGGCCTCCGCGGAAAAGCCGCCGAAGACGACTCCGTGCACGGCGCCGACGCGCGCGCACGCGAGCATCGCGATCACGGCCTCGGGAATCAGCGGCATGTAGATCGCGACCCGATCCCCTCGGCGGACGCCGAGGGATTTAAGAGCATTCGCGAACAGCGACACCTCGCGGTGCAGCTGGAGATAGGTGTAGGTGCGGACCTCGCCGGGCTCGCCCTCCCAGATCAGCGCGGCCTTGTGGCGGCGCGGCCCCTCCAGGTGGCGGTCGAGGCAGTTGTAGGAGAGGTTCGTCGTCCCGCCGACGAACCACTTCGCGTCGGGGACCTTCCACTGGAGGGTCTTGCGCCACGGCTTGAACCAGTGCAGCTCCTTGGCGGCCGCGTCCCAGAATTTTTCGGGGGACTTCGCGGCGGCGGCGGACAGCTTGGCGCGCGCCGCCTTGCTCGGAACGCGCGCCGTCTTGGAGAACGAGGCGGGGGAGGATAGGCCTTTTCTTCCTTAAGAAGAACGTCGATTGAGCGCTCCGCGTTCCTGTTTTCCATGGACGCGATCGTAGCAAATTCTTTATAATCCCCCCATGCTTCCTACCTATCGACCCCGCAACCGCCGTCGCCTCAAGAAGATCGGTTTCCGCGCGCGCATGAAGACCGCCGGCGGCCGCAAGACGCTCAACCGCCGCCGCGCCAAAGGCCGCAAGTCGATCACTAAGAAGAAGGCTTGACGCCGACGTCCGGCTTCGGCGACGACGCGCGCCTCAAGGAGAGACGGGAGTTCCGGAAGGTCTTCGAGACGGGCAAGAAGACCGTCGGACGCTCCGTGATCCTGTGGCACCGCGTCGACGCCGACGAGCGGGAGCCCCGTCTGGGGCTCTCGGTGAGCGCGAAGGTCGGCAACGCCGTCAGGCGAAACCGGCTCAAGCGCCTGCTGCGCGAGACGTTCCGCTCGCGCCGCTCGGAGCTCCGCCCCGGAGCCGAGATGGTCGCGTATCCGCGCCCGGCGTGCCCCTGGAAGGGGCGCGCCGACGCGGAAGCCGACCTCCTCGACCTGTGGCGAAAAGCCGGGCTTCTCCGATGAGACCTCTCGTCCTCGCCGTCCTCGACGCGTACCGCCTGCTCGCGCGGCCGTGGCTTCCCGCCGCGTGCCGCTTCCATCCGAGCTGCGGCGACTACGCGCGCGACGCCGTCGCGTCGCGCGGCGTCGTCCGCGGGCTGATACTCGCGGCCGCCCGCGTGCTGCGCTGCCATCCGTTCCATCCCGGCGGGCACGACCCCGTGCCCACGCTCTCTCGCTAAAAGGAAATCATGGACCGAAATCTGCTGCTCGCCGTCTCCCTGTCGGTCGCCGTGTACGCGGCTTGGTTCGGATTCCTGGAGAAGCGCTTCAATCCTCCTCCTTCTCCGGCGCCTTTCGCGGCGGACGCCAAGGCTCCCGCCTCCGCGAAGGGTTCCGCTCCGTCCGCGGCTCCCGCCGCCGCTCCCGCCGCGCCGGCCAAGCTCGATCCCGCCGACGCCGACGAGGTCCAGCTCGGCGACGCCGTCGCCAAGATCCACCCGCGCGGCGCGTCCGTCGTCAGCTTTCTCTCGCCCGAGCCGCTCGGGCGCGTCGAGCTCGTGTCCGATCCCGCGCACGGCCTGTTCTCGACGTTCCCCGAGCTCTCCTTCGCGCGCGACAAGTCGGTCAAGAACGGCCTCGTCTACGCGGCGGTCCGCGCCGACGGTCTCAAGATCTCCAAGCAGTTCCTGCCCGGCGCCGGGACGGTGCCGCCCCGCGTGCGCGTGCTCGCGGTCAACCCGACGCGCAAGCCCGCCGACGCGGGCGCGTGGACGCTGTCGGTCGGCCCCGGACTCGGCACGATCGAGACCGAGAAGGAGGAGAACGAGAAGCTCCAGCGCGCGCTCGCCCTGACCCCGCCGGGCAAGGGCCTCAACGGCCGCATCGAGACGCTCAAGCCCGGCGTGCACGCCGGCCCCTTCCGCTGGATCGGCGTCGACAACCGCTACTTCCTCGCGGCCCTGCTGCCCTCGCCGGAGCTCTTCGAGCCGGCGCGCGTCGAGGGCCAGGCGTCGGTGATCCTGACCGCCAAGCCGCAGACGATCCCGCCGGGCGGCTCGTTCGCCTGGGAGGTGCCGTACTACCTCGGCGCCAAGGGCCACACGTGGCTGACGAGCTACGGCCTCGGCCTCGAGCGCTCGATCGACTTCGGCTACTTCGCGTGGCTCGGCCGCCAGTTCCTCGTCGCCCTCGAGTGGCTTCACGGCCTGACGGGCAACTGGGGCTGGGCGATTCTTCTTCTGACGCTCGCGCTGCAGGTCCTGCTGTTCCCGCTCACGTGGAAGAGCCTGCGCGCGGCCGCCGCGATGAAGAAGCTCCAGCCCGAGATCGCGAAGCTGCAGCAGCGCTACGCCGACGACTCGGCCAAGCTCAGCGCCGCGACGATGGAGCTGTACAAGACGAAGGGGGCCAACCCGCTCGGCGGCTGCCTGCCGATGATCCTGCAGATGCCGATCTTCATCGCGCTGTTCAACACGCTGCGCGGCGCGTGGGAGCTGCATGGCGCGGCCTGGATCTTCTGGATCAAGGACCTCTCCGCCAAG
CP096137.1_gap48	2065438	2069556	4118	CGAACTGCCCGAGGCCGTGCGCCTCTCGTGGCCGATGCTCGCCCCGAAGGGCGTCTTCGCCGCGTTCCAGTCGGACGAGCCGGACCCCGCGTCGCCGGCGCTCGCGAAGGCGCTTTCCGGGACGGGGGGACCTTGCTACAGTCTTGCCCGTACCGGCGGCCGCGCGAAGAGCGCGACCGCCGCCTGGCGATCTTCGTGCGCAGGGAGGACTGACCGATGCAGATGCTCAGCCGCTATTTCACGCCGTTCGCGCTGGTGCTGATCCTGTCGGCCGTCCACTTCGGCGAGCCCGAGCCGCACGTGACCAAGATCTCGCTCGGCATCCTCGTGGCCGACGTGCTCGCCAACTGGTGGATCGGCAAGAACCAGTACCGCTGGGTCGCGTGGGCGGGGCGCTTCCGCCAGATCCAGGTGTGGCTGAACCTCGTCTGGGCCGTGCCGCTGTTCTACCTCCTGTACCCGTACTGGGGCCCGATGTGGCTGCTGTTCGTGCTCGCCCCGACGGCCGCCGCGCTGACGACGTCGAAGCTCGAGACCGTGCTCTGCGCGCTCGCCGCCGCCGGCTCGATGATCGCGATCATCTGGTCGCGCCAGCCGCTCGAGGGCCCGTTCCTCGGGATGGTCGGCTCGCACGCGGCGTTCATCGTGATCTTCGCCCTGTTCGTGCACAGCCTGGCCCAGACGGCCCTGCGCCTGCGCGACACCGCCCTGCGGTAGTAAATAAGAGGAAGGCCGGGGTGGACAGCCCCGCGCCGAGGGGCTAAACTAGAACCGTGGACGTCCTTTTACGCCTTCGCGTCCTCATCTGGGTCCTGGTCATCAGCCTTTGGGGCGTGATGGTCTACCAGTACCTCGGCGAGGAAGAGCGCGATTTGGCCAAGATGAAGCGCATCGCGCCCTACAAGGCGCCCGCGCCGCCGCCGCTCGCGCCGCCTCCCGACGAGGCCGCGTACGCCGCCGCGCGTCCCGCCGAGGTCTACGCGCCCGCCGCCGCCCTGCCGCCCGGCGTGCCCTCGGCCGTGCCGCCGGCCCAGCTCGAGCTCGGCCGCCCGCCCGCGACGCCGCCCGCCGCGCCCAACGAGCTGGGCGTGATCCCGTCGAGCGAGTACATCGGCGCGGCGCCGTCGAATTCGCGGCGGACCGTCGCCTCGAACCCGGCCGTCTCCGCCGTCGGTCCCGCCTCGCGCGGCCCCGTCCGGCCGGAGTCCCAGCCCCGGACCGCCCCGGCGCACCCGGTCCGGGAGGACCGCGAGTCCGCGGCCGACATGCCGACGCCGCCCGGCTTCGTGCGCAGCACCTCGCGCCACTTCGTCGTCTTCGCCGAGCAGTACCCCGCGTCCGAGCGCTTCATCGAGCTCATCGAGAACCTGCACAGCAACCTCATGCTCGACCTGGCGCCCTTCTCGCCGTGGGCGAGCAGCGAGCGCACGACGATCTTCCTGTTCAAGAACCAGGACACCTACCGCCGCGTGACGGGCCGGCCCGTGTGGTCGGGCGGCGCGAGCTCGGTGACCAAGCGCAAGCTCTACGTCTACGAGAGCGAGGAGCTCCCCGGCATCGTCGCGCACGAACTCACGCACATCTACTTCGACGGCTTCTTCCTCGACGGCACGACCGACCCGCTCTGGCTCTCGGAGGGGATGGCGACGCTCGTGCAGGTCGAGCGCGGCCTCGCCGCGCCGAACTGGCTGCGCGAGAATCTCGAGCGCCTCGAGGCCGGCGACGGCTTTCCGATCGACAAGCTCACGGCGGTGACCTCGACGGCGGGCTGGCCCGACGCGAAGGTCCGGCTCTGGTACGCGCAGTCCTACAGCATCGTGCGCTTCCTGATCCGCACGCAGTACCGCTCGTCCTTCTACAAGTTCTCCGCGCACCTGCGCGACGGGCGTCCCGCGCCCGAGGCGCTGTACCGCGCGTACGGCGCGCCGTACACGCGCATGGTCGCGCTCGAGCACGCGTGGCGCTACGAGCTCTCGCGCGCCTCGATGGCCAAGCTCGGCGGGCAATAGCGGCCGCGCGAAAATAAAATAACGGCGCCGCGAATCCGCGGTTATTTTACCCCGTCTCTCCGACGAGGATTCGTCCGCGCATAAAATCGTCACTTGACAGAAACAAGTCAGTCCTCTATACTCCTGATCCCGGTGGGGAAAAGTGGTGAAAAATAACAACCGAGTGTCGAAGGGTGGGGAAACGTGGCCCTGCTGATCGGTCGTTACGACTACTCGCTCGACCCCAAGAACCGGCTCGCGGTGCCGCCGGACTACCGCGAGAAGCTGGCGCAGGAGAAGGGCCGGTCGTTCTACGTGACGAGCGGAATGGACGGCTGCCTGTACCTGTTCCTCCCGACGCAGTGGGAGAAGATGCTCGCGGACGATCTGAAGATGTTCTCGATGCCGGACAAGGAGCAGGAGCGGGCGTTCAAGCGCAAGTTCTTCTCCGAGGCGGTCGAGGTCGAGCCGGACGCGCAGGGCCGCATCCTCGTGCCGCAGTACCTCAAGGAGCACGCGGGCCTTCGCTTCGACGTGCTGGTGCAGGGAGCGGGCAACCGCGCCGAGATTTGGGACGCGAAGCGCTGGGCGGCGTACGAGAAGTCGACGATCGCCCCGGCGTACAAGAAGATCGGGAAGAGCCTGGAGATATGATCTTGGAAGAGCGCCGCTACACGCACGAGTCCGTCCTCCTCGCGGAGACGGTGGACCGGCTCGTCACCGACAAGGGGGGCTGTACCTCGACGCCACCCTCGGCCTCGGCGGCCATTCCGAGGCGCTCCTCAACACGCTTTCGGCCCAGGGAAAGGTACTCGGTCTCGACGCGGATCCGGAGGCGCTGTCCGAAGCCGGCCACCGGCTCGCAGCCCACAGTGGGAGATTCCACTCGGTCCGCGCGAACTTCCGTTCCCTGGGCTCGATTCTCGAGAAGGAGGGCTTCCTTCCGCTCTCCGGCGCGCTGTTCGACCTCGGCGTCTCGTCGCTGCAGCTCGACAAGCCGTCGCGCGGCTTCTCGTTCCTGCGCGAAGGGCCGCTCGACATGCGCCTCGGCGAGGGAACGCTCACGGCCGAGCAGATCGTCAACCGCTGGCCCGCCGAACAGATCGCGATGCTCCTGACGGAGTTCGGCGAGGAGCCCGAGGCCGACCGCATCGCCCGCGCCATAACGGAAAAGAGAAAGGCGAAGCCTTTCGCCACCACTTTGGAGCTGGCCGCCTGCGTCGAGTCCGTCGTGCCGCGCACCGGGCACCACCCGGCGACTCGCACGTTCCAGGCGCTGCGCATCGCCGTCAACCAGGAACTCGAGTCGCTGACGCGCGGCCTGGAGTCGGTCCTGCCGTACGTCAAGACGGGGGGCGGATCTGCGTGATCACGTTCCACTCGCTCGAGGACCGCATCGTCAAGAACGTTTTCGCTTCGTTCGTCTCGCAGGGGTCGTGCGATTATCTCGGCAAGGGCGGGCAGTCGATCGCCCCGTCGGAAGCCGAGGTGGCGCGCAACCCCCGGTCCCGCAGCGCCAAGCTGCGGGTCGTGGAAAAGAAGCGATAGGGGGCACGATGATCAAGAACACTGCGTTCCTGAGCGGTTCGTCGGTCGCGATGGCGGCTCTGACCAAGCTCGACACCACGGTGTCGTTCCTCGTGGACAGACGCCAGACGGTCGCGGTCTCCCCGGTCGGCAAGGTCAGCTCTCCCGGCTACGTGTGGCGCCGGGTGTTTTTGAAGGGCAGGAGCAATCGCCCCTAGGATTTGGCGGGCGCCCTCTCGGCGGGGCGCCCGCCATCGATGTACGGGAGGCTCTCTCTCGGCGGAGAGCCTCCCACCGATCTCGCAGTTTGAGGGTTGCGGATATAAGACGCACCGCTAACCCTCGCCAATAAAGCCGGCACCCCTCTCGGCGGGGAGTGCCGGCCGACTTAGGCGGCTTCTCTCTCGGCGGAGGAGCCGCCGCCAAATAAGGGCGGGCGCCCCTCTCGGCGGGGGCGCCCGCCCCTCACTCTAGAGAAAAGGAACATGGTATGATGGACGCGCTCATGGGATTCGATCCGAGACGGGCCGCCAGGTTCGTCGGCCTCGGCGCCCTCTTCCTGTTTCTCTGCTGGCAGCACGTCCAGGCCACGCGCATCGGCTA
CP096137.1_gap49	2106078	2109595	3517	CGCGGTCGACACCTCGAAGCTGGCCACCGACTCGGTCACCGGCGTGAAGATCCTCGCCGGCACCATCGACACCGCCAAGCTCAACGCCACGATCCAGGCCCAGTTGGCTCAGTCGGGCACGGTCGCCGACGGCGCGGTCAACACCAACAAGCTCGCCACCGACGCCGTCACTACCATTAAGATCCTGGACGCCAACGTCACCAACCAGAAGATCGCCAATGCCGCGATCGATACGAACAAGCTGGCCACTGACGCCGTGACGACGGCCAAGATTCTTGACGCGAACGTCACCACCCAGAAGATCGCGAACGCCGCCATCGACACCAACAAGCTGGCCACCGATTCCGTCACCGGCGTGAAGATCCTCGCCGGCACGATCGACACCGCCAAGCTCAACGCCACGATCCAGGCGCAGCTGGCGCAGTCGGGCACGGTCGCCGATGGCGCGGTCAACACCAACAAGTTGGCGACCGACGCGGTCACGACGATCAAAATCCTGGACGCGAACGTCACGACCCAGAAGATCGCCAATGCCGCGATCGATACGAACAAGCTGGCCACTGACGCCGTGACGACGGCCAAGATCCTGGCGGGGGCGGTCGACACCTCGAAGCTGGCCACTGATTCCGTCACCGGCGTGAAGATCCTCGCCGGCACGATCGACACCGCCAAGCTCAACGCCACGATCCAGGCGCAGCTGGCGCAGTCGGGCACGGTCGCCGACGGCGCGGTCAACACCAACAAGCTCGCCACCGACGCGGTCACTACCATCAAGATCCTGGACGCCAACGTCACCACCCAGAAGATCGCGAACGCGGCGATCGACACCAATAAGCTCGCGACTGACTCGGTCACGACCGTCAAGATCCTGGCGGGGGCGGTCGACACCTCGAAGCTGGCCACTGATTCCGTCACCGGCGTGAAGATCCTCGCCGGCACGATCGACACCGCTAAGCTCAACGCCACGATCCAGGCCCAGCTGGCTCAGGCGGGGACCGTCGCCGACGGCGCGGTCAACACGAACAAGCTCGCCACTGACGCCGTCACCACGATCAAGATCCTGGATGCGAACGTCACCACCCAGAAGATCGCCAATGCCGCCATCGACACCAACAAGCTCGCCACCGACGCCGTCACGACGGCCAAGATTCTGGCGGGCGCGGTCGACACCTCGAAGCTGGCCACCGACTCGGTCACCGGCGTGAAGATCCTCGCCGGCACCATCGACACCGCCAAGCTCAACGCCACGATCCAGGCCCAGTTGGCTCAGTCGGGCACGGTCGCCGACGGCGCGGTCAACACCAACAAGCTCGCCACCGACGCCGTCACTACCATTAAGATCCTGGACGCCAACGTCACCAACCAGAAGATCGCCAATGCCGCGATCGATACGAACAAGCTGGCCACTGACGCCGTGACGACGGCCAAGATCTTGGCGGGGGCGGTCGACACCTCGAAGCTGGCCACTGATTCCGTCACCGGCGTGAAGATCCTCGCCGGCACGATCGACACCGCCAAGCTCAACACGACGATTCAGGCGCAGTTGGCCCTGGCGGGAACCGTCGCCGATGGCGCGGTCAACACGAACAAGCTCGCCACCGACGCGGTGACGACCATCAAGATTCTGGATGCCAACATCACGACCCAGAAGATCGCTAACGCCGCCATCGACACGAACAAGTTGGCCACCGACTCGGTGACCGGCGTGAAGATCCTCGCCGGCACCATCGACACCGCCAAGCTCAACGCGACGATTCAGGCGCAGTTGGCCCTGGCGGGAACCGTGGCCGACGGCGCGGTCAACACCAACAAGCTGGCCACCGACGCGGTCACGACGATCAAGATCCTGGACGCGAACGTCACGACCCAGAAGATCGCCAATGCCGCGATCGACACGAACAAGCTGGCCACTGATGCCGTGACGACGGCCAAGATCCTGGCGGGGGCGGTTGATACCTCGAAGCTGGCCACCGACTCGGTCACCGGCGTGAAGATCCTCGCCGGCACGATCGACACCGCCAAGCTCAACGCCACGATCCAGGCGCAGCTGGCGCAGTCGGGCACGGTCGCCGACGGCGCGGTCAACACCAACAAGCTCGCCACCGACGCCGTCACGACGGTCAAGATTCTGGACGCGAACGTGACGACCCAGAAGATCGCCAACGCCGCCATCGACACGAACAAGCTCGCCACCGACTCGGTCACCGGCGTGAAGATCCTGACGGGCACGATCGACACCGCCAAGCTCAACGCGACGATCCAGGCTCAGCTCGCGCAGTCGGGCACGGTCGCCGACGGCGCCGTCAACACGAACAAGCTCGCCACCGATGCCGTCACGACGATCAAGATCCTGGACGCGAATGTCACCACCCAGAAGATCGCCAATGCCGCGATCGATACGAACAAGCTGGCCACTGACGCCGTGACGACGGCCAAGATCCTGGCGGGGGCGGTCGACACCTCGAAGCTGGCCACGGATTCCGTCACCGGCGTGAAGATCCTCGCCGGCACGATCGACACCGCCAAGCTCAACGCCACGATCCAGGCGCAGCTGGCGCAGGCGGGGATCGTCGCCGATGGCGCGGTCAGCACGAACAAGTTGGCTACCGACGCGGTGACGACGATCAAGATTCTGGACGCGAACGTCACGACCCAGAAGATCGCCAACGCTGCCATCGACACGAATAAGCTGGCCACTGATGCCGTCACGACGGCCAAGATTCTGGCGGGCGCGGTCGACACCTCGAAGTTGGCCACCGACTCGGTCACCGGCGTGAAGATCCTGGCGGGCACGATCGACACCGCCAAGCTCAACGCCACGATCCAGGCCCAGTTGGCTCAGTCGGGCACTGTGGCCGACGGCGCGGTCAACACCAACAAGTTGGCGACCGACGCGGTCACGACGATCAAGATCCTGGACGCGAATGTCACGACCCAGAAGATCGCCAACGCTGCCATCGACACCAACAAGCTGGCCACTGACGCCGTGACGACGGCCAAGATCCTGGCGGGGGCGGTTGATACCTCGAAGCTGGCCACCGACTCGGTCACCGGCGTGAAGATCCTGGCGGGTACGATCGACACGGCCAAGCTCAACGCGACGATCCAGGCGCAGCTGGCGCAGTCGGGCACGGTCGCCGACGGCGCCGTCAACACGAACAAGCTGGCCACCGATGCGGTCACGACGATCAAGATTCTTGATGCGAACGTCACCACCCAGAAGATCGCCAATGCCGCCATCGACACGAACAAGCTGGCCACCGATGCGGTCACGACGATCAAGATTCTTGATGCGAACGTCACCACCCAGAAGATCGCCAATGCCGCCATCGACACGAACAAGCTGGCCACTGACGCCGTGACGACGGCCAAGATTCTGGCGGGGGCGGTTGATACCTCGAAGCTGGCCACCGATTCCGTCACCGGCGTGAAGATCCTGGCGGGTACGATCGACACCGCCAAGCTTAACGCCACGATCCAGGCCCAGTTGGCTCAGTCGGGCACCGTCGCCGACGGC
CP096137.1_gap50	2112473	2116257	3784	AGCTGGCGCAGTCGGGCACGGTCGCCGACGGCGCGGTCAACACCAACAAGCTCGCCACCGACGCCGTCACTACCATTAAGATCCTGGACGCCAACGTCACCAGCCAGAAGATCGCCAATGCCGCCATCGACACCAACAAGCTGGCCACTGACGCCGTGACGACGGCCAAGATCCTGGCGGGGGCGGTTGATACCTCGAAGCTGGCCACCGACTCGGTCACCGGCGTGAAGATACTCGCCGGCACGATCGACACCGCCAAGCTCAACGCCACGATCCAGGCTCAGCTCGCGCAGTCGGGCACGGTCGCCGACGGCGCCGTCAACACGAACAAGCTCGCCACTGACGCCGTCACCACGATCAAGATCCTGGACGCAAACGTCACCACTCAGAAGATCGCGAACGCCGCCATCGACACCAACAAGCTGGCCACCGACTCGGTCACCGGCGTGAAGATCCTGGCCGGCGCGGTAGACACCAACAAGCTCGCAACGGACTCCGTCACGGCAGCCAAGATCCTCGCCGGCTCGATCAGCACCGGCAAGCTGGCCACCGACGCGGTGACGACCATCAAGATCCTCGACGCCAACGTCACCACCCAGAAGATCGCCAACGCCGCCATCGACACGAACAAGCTCGCCACCGACTCGGTCACCGGCGTGAAGATCCTGGCCGGCACGATCGATACCGCCAAGCTGAACGCCACGATCCAGGCGCAGCTGGCGCAGTCGGGCACGGTCGCCGACGGTGCCGTCAACACGAACAAGCTCGCCACCGACGCCGTCACTACCATTAAGATCCTGGACGCCAACGTCACCACCCAGAAGATCGCCAACGCCGCTATCGACACGAACAAGCTGGCCACTGACGCCGTGACGACGGCCAAGATCCTGGCGGGGGCGGTTGATACCTCGAAGTTGGCCACCGACTCGGTCACCGGCGTGAAGATCCTCGCCGGCACGATCGACACCGCCAAGCTCAACGCCTCCATCCAGGCCCAGTTGTCGCTCGCTGGGACCGTCCTCGACGGCACCGTCAGCACCAACAAGCTCACCACCGACGCGGTGACGACCATCAAGATCCTGGATGCCAACGTCACCACCCAGAAGATCGCCAACGCCGCCATCGACACGAACAAGCTGGCCACTGACGCCGTGACGACGGCCAAGATCCTGGCGGGCGCGGTCGACACCTCGAAGCTGGCCACCGACTCGGTCACCGGCGTGAAGATCCTCGCCGGCACGATCGACACCGCCAAGCTCAACGCCACGATCCAGGCGCAGTTGGCTCAGTCGGGCACGGTCGCCGACGGCGCGGTCAACACCAACAAGCTCGCCACTGACGCCGTCACCACGATCAAGATCCTGGACGCCAACGTCACCACTCAGAAGATCGCGAACGCCGCCATCGACACCAACAAGCTGGCGACCGACTCGGTCACCGGCGTGAAGATTCTGGCCGGCGCGGTCGACACCAACAAGCTCGCGACGGACTCCGTCACGGCGGCCAAGATCCTCGCCGGCTCGATCAGCACCGGTAAGCTGGCCACCGACGCGGTGACGACCATCAAGATCCTCGACGCCAACGTCACCACCCAGAAGATCGCCAATGCCGCCATCGACACGAACAAGCTCGCCACCGACTCGGTCACCGGCGTGAAGATCCTGGCCGGCACGATCGATACCGCCAAGCTGAACGCCACGATCCAGGCGCAGCTGGCGCAGTCGGGCACGGTCGCCGACGGTGCCGTCAACACGAACAAGCTCGCCACCGACGCGGTCACGACGATCAAGATTCTGGACGCGAACGTCACGACCCAGAAGATTGCCAACGCTGCCATCGACACGAATAAGCTGGCCACTGATGCCGTCACGACGGCCAAGATTCTGGCGGGCGCGGTCGACACCTCGAAGTTGGCCACCGACTCGGTCACCGGCGTGAAGATCCTGGCGGGCACGATCGACACCGCTAAGCTCAACGCCACGATCCAGGCCCAGCTGGCTCAGGCGGGGACCGTCGCCGACGGCGCGGTCAACACGAACAAGCTCGCCACTGACGCCGTCACCACGATCAAGATCCTGGACGCGAACGTCACGACCCAGAAGATCGCCAATGCCGCGATCGATACGAACAAGCTGGCCACTGACGCCGTGACGACGGCCAAGATCCTGGCGGGCGCGGTCGACACCTCGAAGCTGGCCACCGACTCGGTCACCGGCGTGAAGATCCTGGCCGGCGCGGTCGACACCAACAAGCTCGCGACGGACTCCGTCACGGCGGCCAAGATCCTCGCCGGCTCGATCAGCACCGGCAAGCTGGCCACCGACTCGGTCACCGGCGTGAAGATCCTGGCGGGCACGATCGACACGGCCAAGCTCAACGCCACGATCCAGGCCCAGCTGGCGCAGTCGGGCACTGTGGCCGACGGCGCGGTCAACACCAACAAGTTGGCGACCGACGCGGTCACGACGATCAAGATTCTGGACGCGAACGTCACCGGCCAGAAGATCGCCAACGCGGCCATCGATACCAACAAGCTGGCCACCGATTCCGTCACCGGCGTGAAGATTCTCGCCGGCACGATCGACACCGCTAAGCTCAACGCCTCCATCCAGGCCCAGTTGTCGCTCGCTGGGACCGTCCTCGACGGCACCGTCAGCACCAACAAGCTCACCACCGACGCGGTGACGACCATCAAGATCCTGGATGCCAACGTCACCACCCAGAAGATCGCCAACGCCGCCATCGATACCAACAAGCTGGCCACCGACTCCGTGACCGGCGTGAAGATCCTCGCCGGCACGATCGACACCGCCAAGCTCAACGCCACGATCCAGGCGCAGCTGGCGCAGTCGGGCACGGTCGCCGACGGCGCCGTCAACACGAACAAGCTCGCCACCGACGCCGTCACTACCATTAAGATCCTGGACGCGAACGTCACGACCCAGAAGATCGCCAATGCCGCGATCGATACGAACAAGCTGGCCACTGACGCCGTGACGACGGCCAAGATTCTGGCGGGGGCGGTCGACACCGGGAAGCTGGCCACCGACTCGGTCACCGGCGTGAAGATCCTCGCCGGCACGATCGACACCGCCAAGCTCAACGCCACGATCCAGGCGCAGCTGGCGCAGTCGGGCACGGTCGCCGACGGCGCCGTCAACACGAACAAGCTCGCCACCGACGCCGTCACTACCATTAAGATCCTGGACGCGAACGTCACGACCCAGAAGATCGCCAACGCCGCCATCGACACGAACAAGCTGGCCACTGACGCCGTGACGACGGCCAAGATCCTGGCGGGGGCGGTCGACACCTCGAAGCTGGCCACCGACTCGGTCACCGGCGTGAAGATTCTCGCCGGCACGATCGACACCGCCAAGCTCAACCCCACCATCCAGGCCCAGTTGGCGCAGGCGGGGACCGTCGCCGACGGCGCGGTCAACACCAACAAGCTGGCCACCGATGCGGTGACGACCATCAAGATCCTCGACGCCAACGTCACCACTCAGAAGATCGCCAACGCCGCCATCGACACCAACAAGCTGGCCACCGACTCGGTCACCGGCGTGAAGATCCTGGCCGGCGCGGTCGACACCAACAAGCTCGCGACGGACTCCGTCACGGCAGCCAAGATCCTCGCCGGCTCGATCAGCACCGGTAAGCTGGCCACCGACGCTGTGACGACCATCAAGATCCTCGACGCCAACGTCACCACCCAGAAGATCGCCAATGCCGCCATCGACACGAACAAGCTCGCCACCGACTCGGTCACCGGCGTGAAGAT
CP096137.1_gap51	2179163	2182943	3780	GAGCAGGGCGACGCCGTCGTCCTTGAGGCAGCGCGCGGCGGCGTCGACGAACGGCCGGTGCTGCGGCTCCGGCAGGCGCTCGAGCGAGCCGAGAGCGACGACGCGGTCGAAGCGGCCGTGCGCGGAGGCGAACGGCACGGACACGATCTCCACGGGCAGCTTGCCCGCCGCCGCCCGCGCGGCCTCGGCGCGCGCCGCGTCGGGCTCGACGCCGAGCACTCCGACGCCGTGCCTCTCCGCCGCGTAGCGGGCGAAGGCGCCCCACCCGCAGCCGAGCTCGAGCACGGTCATGCCGGGGCGCAGGTCGAGCTTCAGGCAGACGAGCTCGAGCGCCGCCTCCTGGGCCTCGTCGAGCGTGGACGCGCCGGCCCAGTAGCCGGAGTGGTGCGCGAGTCGTCCGCCGAGCATCGCGCGCACCAGCTCGTCGTCGGGAGCGTCGTCGGGCGGCGGCGCGCCGCCCGACGCGCGCCACTTCAGGCGCAGCGCGGCGAGCTTCGCGCGCAGGCCGCGCGGCGGGCCTCCCGCTGAAACCGTCCCCGCGCGGTAGAGGCGGGTGAACAGCTGGTCGAGGCGGTCGCAGTCCCACCAGCCATCGACGTACGCCGCGGCCACGGCGGACGCGCCGCCCTGCAGCGCGCGCTCGAAGAACGCGGGCTCGCTCACGCGCACGTCCCACGGGCGGTGCCCGCCGACGACCACGTCGGACTCCGACAGCAGGTCGCGAACGGCTTCTTCGGCGGCTCTGATCGTCATGCCGCCATCTTACCGCCGCGCACGATGGCGGGGAATGTGGGCCCGGTGACATTCATTTGACCGGCTCCGGCGCGCTCGCGCCATGTGCTAGAATCAGTGCGGCGCCCCGCTTTATGGAGAGATGGGTGAGCGGCTGAAACCAGCGGTTTGCTAAACCGCCGTACGGGTGCAAACCTGTACCGAGGGTTCGAATCCCTCTCTCTCCGAGCTTTTCCTTAATGATGCTGAGGATGCTCGGGTCTTATGACCCGACTCAGAACTGCTGTCGACTCCGTGCTAATGAGATGAGCCAAGACGAATTCTGGCCCTATTATGTCTCGGAGCATCTGAATCCGACGAATCGCCGGCTACACTTCGTCGGGACTTCGCTCGGGCTGATCTGCGCGGTGTTCGCGCTCGTGTTTCTCTCGCCAGCGTTCTTTGCTCTCGCCCTGTTCTTCGGCTACGGGTTCGCGTGGGTGGGGCACTTCGGGTTCGAGAGGAACAAGCCGGCCACCTTCAAATACCCGCGGCTCTCTTTTCTCGCGGACTTCCGGATGTACGGGCTGATCGCGCGAGGGAGGATGGACGAGGAGATCAGGCGTCTGGGGCCGGAGCTGGCGCGCCTGCGGCGGGGCTGAAAAAGGCGCCGAGCTCCTCGAGGCTGCCGAGCCTGCGGCACGGCGGCAGGGAGCGCATGAAGACCTTGCCGTAGCCTTTCTTGAGGAGGCGCGAGTCGAGGCAGACGACGGCCCCGCGGTCGCTCGAGGAGCGGATCAGGCGTCCGAAGCCCTGGCGGAACTTCATGATCGCGCGCGGCATGGACCAGTCCTTGAAGTAGTCGCGGCCGTTTTCCTCCAGCCAGCGCCGCCGCCCCACCTCGAGCGCGGAGAAGGAGTTCGGGAACGGGAGCTTGACCAGGACCACGCAGGACAGCGCCTCGCCCGGGACGTCGATGCCCTGCCAGAACGTGTCGACGCCGAGCAGCACCGCGTCGCCGGCCTCCTCGAACTCGCGCACGAGCGCCTCGTGGCCCGAGGCGCTCTGCGCCCAGACCGGCCGGCCCTTGATGCGCTCGCGCAGGAGGCCGTGGACCTTGCGCATGAGCTTGATGTTCGTAAATAGGAGGAAGACGCCGCCCGGCACGCGCGCCACCACGTCCGCGCAGGCGCGCGCGACCGCCTCCGCCGACTCCTCGTCCTGCGGCTCCGGCAGGCCCTCGACGGGCCAGAACGCGGCCTGCCGCTCGTAGTCGAAGGGGAGGACAGCACGAGCTCCTTCGCGTCCGGCAGGCCGACGCGCGACTTGAAGTCCTTGAGCCCGTCGCCCGTGGACAGCGTCGCCGAGGTCAGGATCGACGGGATGCCGCGCGAGAAAAGGCCCTCGGCCAGGCGGCGGCCGACGTCGAGCGGGGCGGAGCGAAGCTCCGGGCCCATGCGCGTCCACGCCACCCAGCGCGCCGTCGCGTCGGAGTCGGGCTTCAGTATCCCCATCATCGCGTGGCCGTACTGCGAGACGCGCGAGTGCAGCATGCGCATCTCGACCTCATCGGGCCTTCCCTCGGCGGCGGCGGCGCCCTCCGCGAGCGCCTTGTCGAGCGCGACGAAGGAGGACGGGGGAGCCGTCGGCGCGGTCTCGAGGAGCTTGTCGGCCGCGTCCTCCTCGCCCTTGAGGCCGTTGTCGCGGGCGAGCCCGCCCAAGAAGCGCGTGAGGTCCTCTCCGGCCTCGGCGGCGAGCGCGTCGAGCCGCTCGTCGGCCGACAGCTTGGCGCTGGCGCGCACCTCGTCGACGATGCCCAGTCCCGCGCCGAGGCTCGCCGTCAGCCCGTAGCGCGCGGAGGCCGCGTCCTCGAGGTTGTGCGCCTCGTCGAGTATCAATGCGTCTGCCGGAGGCAGACGCGCGCCGGAGAGAAGCAGGGCATGATTGACGACGAGGATGTGCGAGCGCTCGGCGCGCTCGCGGTCCTTGCGCCACAGGCAGCGGTCCCAGTACGGGCCGCCGGGGCCGAGGCAAATCTCGCCGTCGCGGGCTATGCGGTCCCAGAGGTTCTGCGGAACCAGCTCGGGAAGCGAGGAGCGGTGCCCGCTCGCCGCGTCCTTGGCGTGCGCGCTCAGGCGCTCGACGAGCTCCTTGCCGGCGTCGGAGACGTGATCGGGCTTCAGGCGCAGGCGCGCCAGGCGTTGGACGCACAGGTAGTTGTCGGCGCCCATGAGCATCGAGTAGCGCAGGGGCAGGCCGAGTTTCTCGAGCGCGGCGGCCGTCGTCGGCAGCTCGTGGTTCATGAGCTGCTCCTGCAGGGCGCGCGTGTGCGTCGACACGATCACGCGCCGGTCGCGCGTGGCCGCCCACATCGCGGCGGGGAGGAGGTAGGCGAGGCTCTTGCCGACGCCGGTGCCGGCCTCGACGACGAGGTCCCGGCCGCCCTCGAGCGAGGACCACACGGCGCCGGCCATCTCTTCCTGAAGGGGGCGCGGCTCCCAGCCCGGGCGCGCGCGCGCCAGGGCGCCTTCCGGGCCGAACAGCGCGTCGAGCTCCATGGGACACATTATATAATCCGCGAAGTGCGCGACCGACCCGTCCTGTGGGCGCTCCTCGTCACCGCGGCCTTCATGGCCGCCCGCTTCGGCGTCAGGGTCGCCTTGCCTCCCGCGACGGACCTCCACACCTGGTTGCTCATCGACGCGTGGAAGACGATCCCGCGCCTCGGCGCCCTCGCGGCCTGCTGGTGGGCGATGCGTCCGGCCGGCCCGCGCGCCTGGGGTTGGACGGCTCCGTCGGGCGCGGGCGCGGCGCTCGCGTTTGCCGCCTGCTTCGCCCTCGGCCTGAAGTTCCTCGACAACGGGCCCGGCGACTTCGGCGCCGGCGAGAAGGCGGTCGGCGTGCTGCTCACGATCCCCGTGGCGCTGTGGGAGGAGCTGTGCTACCGGGGACTTCTCTTCCAGGGCCTGCGCCGGGAGATGAGCGCGCTGCGCGCCGCGCTGATCTCGACGGCCGTGTTCACCGTCATGCACTGGGGCTCGATCGGCGTCGCCGGCTGGCCGGAGATCT
CP096137.1_gap52	2286007	2289857	3850	GAGGCGAAGTCGCGCGACGGCGAGAGTGCCAGCTTCTCCACGGCGAAACGGCGCGCGTCGAGGACGAGCTTCAGGCGCTCGCGGCGGCCGGGAGACGTGGCCGGATCGGCGATGGTCTCGGCCACGCCGCGCTTGTTCCACAATAAACGCATGTGTCCCGCGGCCGAGCGGTACGCGTAGAGAGGAGAGCAGCCCGCCGCGGCGAGAAGGAGGAGGAAGCCGACCCTTACGGATCGACCCATTTGCCGTGTTTCTTGATCAACTCGACGAGCGCGTCGTCGGCCTTGGCGAAGGGGATGCCCTTCTGGACGACTTCCTTGCCGACGTACAGGTTGATCTGGTCCGGCGCGCCGCCGACGTAGCCGAAGTCGGCGTCGGCCATCTCGCCGGGGCCGTTGACGATGCAGCCCATGATCGCGATCTTGACGCCCTTGAGGTGGCCGGTCTTGGACTTGATGCGCTCGGTCGTCGTCTGGAGGTCGAAGAGCGTGCGGCCGCACGAGGGGCACGACACGAACTCCGTCTTCGTGATGCGCACGCCGGCGCCCTGGAGCGTGTTGTAGACGAGCGAGACGATCCGGTCGAGCGGCAGGTCGGCGTCGATGGACACCGCGTCGCCGATGCCGTCGCAGAGCAGGCCGCCGATCATCGTGGCCGAGCGCAGGACCTGCTCTTCCGCCGTCTTCTCGCGCGGGGCGCGGATCAAGATGGGGAGGTCTTCGCGAAGGCCGCCAGCACGCGGTACTCGTGGATCAGAGCGGAGATGTCCGCGCCGCGCAACGACAGCATGGTCGGGACGTTCTTGTACAACGAGGCCGCCTCGAGCTTGCGCGCGAACTCGGCGTTGTCGGATTCGATGAGGTTGACCATGCCGGTCGCGCCGAGCGCGTCCAGGAACGCGGCGTAGTTCTTCTCGTCGGCGTTGGCCCAGCAGGTCGCGTCGGCGATCTTTACCGCGTCGAGCGCCAGGGACAACGGCCCTTCCACGCGCGCGAGGTAGGCCAGGCGCGAGGTCTCGGTGGAGAGCTTGGCGCGGATGTCGCGCAGGCGCTCTAAAGACTTCGCGTCCGTCACCTGAAATTCGAGGACCTCGAGGTCGGCGCCGGAGGCCTTGCCGAGCAGGACCTCGTGGAGGTCGAGGATGGAGTCGGCGGTCGCGGTCTCGGGAACCTTGAAGAACGTGCGCACGAGGTCGAGGCCTCCGGTGACGAAGGGGCCCACGGGGAAGTAGTCGGACTTGCGGCGCTTGTAGCTGTAGAAATCGGCGCAGTGGTACTTCGGCGTCTTGGACTCGACGCGCGGCTTTTCGTCGGGCTTCTTGTGGTACGGGGCCGCGAGCACCTGGCAGACGGGGACCTCGAACTCCGGGTCCTCGGTGAGGGACACGCGGATCGTGTCGCCGATGCCGTCTTCCAAGAGGGAGCCGATGCCGATCGCGCTCTTGATGCGGCCGTCCTCGCCGTCGCCGGCTTCCGTCACGCCGAGGTGCAGCGGGTAGTCCATCTCGATCTCGTCCATGCGCGCGACGAGGAGGCGGTAGGCCTCGATCATGACCTTCGGGTTCGAGGACTTCATCGAGAAGATGAGCTCGTTGTAGTCGTTCTTCTTGGCGATGCGCGCGAACTCGAGCGCGGACTCGACCATGCCGAGGGCGGAGTCGCCGTAGCGGTTCATGATGCGGTCGGAGAGGGAGCCGTGGTTCGTGCCGATGCGGCAGGCGCGCTTGAGGCGCTTGAGCTTGAGGACGAGGGGGTGAAGCGCTCCTCGATGCGCGCGAGCTCCGCGGCGTAGGCCTCGTCGGTGTATTCCTTGACCGCGAAGCGCTTGCTGTCGACGAAGTTGCCGGGGTTGATCCGGATTTTTCACAAAAATCCGCCGCGGCGTCGGCGGCGTTGGGCGAGAAATGGATGTCGGCCACGATAGGTTGATTGAAGCCGGCCTTCACGAGCTTCTCTTTGATCTTGCCGATGGCCTGCGCGTCGGCGACGGTCGGGGCGGTGATGCGGACGATCTCGCAACCGGCCTCGATCATCTTGACCGACTGGCGGAAGGTGGCCTCGACGTCGAGGGTGTCCGTCGTCGTCATCGACTGGACGCGGATCGGGTTGTTGCCGCCCACGCCGACGTTGCCCACCATCACCTCGCGCGTGCGGCGGCGGCGGTAGGCGTAGAGGTCGGGGACGTACTTCTTCAGCTGTTCGGCGACGAGCATCGAAAGATTATATCATGTTCCGCATGGCCCTCCCGTCGACGCTCGGCATCCGGCACATCGCCCTTTTCGTGAAAAGCATCGAGGCTTCCGAGGCTTTTTACTGCGGCCTTCTCGGCTATCAGGTGGAGTGGCGGCCCGACGCCGACAATCTTTACCTGACGATGAACGGCCACGACAACCTGGCCCTGCACCGGGGGAGCCGAAGGGCGAGACGCGCCTCGACCACTTCGGGATCATTTTGAGGAAGGCCGAAGACGTCGACGCCTGGCACGCCCACCTGAAGGCGCACGCCGTCAAGGAACCGAAGACGCACCGCGACGGGGCGCGTTCCTTTTACTGCAAGGATCCGGACGGCAACGGCCTGCAGTTCATCCACCACCCTCCCATAGCGGACAAGGCGTAGACCTGTTATACTCGGCCGCATGGAATTAGCCGAGCGCCTTCCGCGGCTGTGGGCCGCCCTGATCGACCGCCTGCTGGTCCTGCCCCTGATCCTCGTGACCGGCTTTCTGCTTCCGTACGGCCTGGCGCGCAACGGCAACGGGATCGCGGCGATCATCGCCTCCGTGACGATCTTTCTCGGCCTCGTCGGCTACCAGATGTGGCTGCTGACGACCCAAGGCCAGACGATCGGCAAGCGCCTGCTCAAGATCCGGATCGTGCTCATCAAGGACCTCAGCAACGGAGGCTTCGTCGCCAACGTGCTTCTGCGCGGCGTCGTGCCGTGGGTGATCACCTTGATTCCCGGCCTTGGAATCCTGTTTTCCGTGTGCGACCCGTCGTTCATCTTCCGCGAGGACCGGCGCTGCATCCACGACCACATCGCCGGGACGTGCGTGATCAAGGCGTCCTAAAGGAGACCCATGGAACTCGCCACCAGGAAGCAGAGGCTCGGCGCCGCGCTCGCCGACGGCATCATCGTCGCGATCCCCTACGCGATCGGCTCGCTCGAAGCCGCGCCGGCGCCGCTGCGCCTCGTCGCGGTCATCGCCTCGCTCGGCCTGCTTGTTTACCAGCTGCGTCTGGTCTCGAAGACCGGCCAGACGATCGGCAAGCGCTGGGTGGGCATCCGCATCGTATTGAAGGAAGGGCTCGTCAACGGCGGGTTCGTGACCAACGTCGTCAAGCGCGGCCTCGTCAACGGCCTGCTGTGCCTGATCCCGGTGTACTTCCTCGTCGACTGCGCCTTCATCTTCCGCGACGACCGGCGCTGCCTCCACGACATGATCGCCGGGACTTGCGTGATCGTGGCAGAGCCCGACGTGGTACAATGAGGGGGTGCAAGGTAACTCCGTAGGCCCCACAGAACCCTCCGTCGACAGAATCGACGAAATCCGCCGCACGCTCTCGATCCTCGAGGCCGCCGCCGACACCCCCGAGCTGATCCGCGCCCTCCCCGAGGAGGAACGCATGCGCCTCGTGCGCGCGGCCGGCAAGCTGGCCCGCCCGGCCCGCCTGCAGCGCTCGCGCCAGTCGCGCCTGGAGCGCATCGCCGAGAAGGCCGCCAAGGTCGAGGCCGACCGCGCCGCCCGCGCCGCCTCCGGCATCCGCGCCGCCCGCCTGGCGCCCGTGTTCACCGCCCCGCAGATCGCGCTCCCGGCCCCCGACGCCCCGGAGCGCCACCTGTCGAAGCCCCAG
CP096137.1_gap53	2330261	2332679	2418	CGCCGTCGCGGCGGTCGGCCGCGACGCAGGTGCGCCCGACCTCCAGGATCCGTCCCGGCGCGGAGAGGAAGCGGCTGAGATCGAACTCGCTCTGCGAGTAGAAGCCGCCCGCGGCGGCGGCCGCGTCCTGATCGAGCGCCCGCAGGCAGGCGACGACGCGGCCGGAGGGCTCGCGCACGAGCACGTGGAGGCACTGCGCGTCCCAGCCGTCGGCGTCGAGGCCCTCCGGGCCGGAGAGACGCGCGCCCATCTCGCCGGCGAACACCGTCCAGCGCAGGCGCTGCGCGTCCCGGACGTCCTCGATCGTGCGCGCGAACGTCGTGATCAGCCCCGTCTTCTCGAGCGTGGTCGCGTCCATGAGTCCCCCGCGGCGTCCGGCCGCGGGGCGATGCTCCCAAAGGCGCGTCTCGGGCGCGTGACGAACGCGTCAGGAGCGGATGCCGCGGGGTTAAGGCTGCTTCGCGGCGGCGGGGAGTTCTTTCCGCGCTCGAAGAGCGCGGTGTCGCGGTAGTCGGAGCGCGCGAGGGCCTCGAAGAAGGTCTGGGAACGGACGAGCGAGGCGCCCGGGCCGGGCAGCACGCGGGCGTAGGAGCCGTCGGCCTTCAGCGTCCACGCCTTCTGGTTGTCGGCGAGGCCTTTGCCCAGGATCGTGTCACGGACGTACTTCTTGAGCTGAGCGTCCTTGACGGGGAAAGCGACCTCGTAGCGCGAGTAGAAGTTGCGCGGCATCCAGTCCGCGCTCGACAGGTACATCTTGCGCGCGCCGCCGGCGCGGAAGTAATAGATGCGGCTGTGCTCGAGGAAGCGGTCCACGACGCTGACGACGCGGATGTTCTCCGACATGCCCGCGATGCCGGGGCGCAGGCAGCAGATGCCGCGCACGAGCAGCTCGATCTTCACGCCCGCGTTCGAGGCCTCGTAGAGGGCCTCCACGATCTCCGGGTCCTGAAGGGAGTTCATCTTGGCGATGATATGGCCCTTGCCCGTCTCCTTGAAGAACCGCGTCTCCTCCTTGATGAGGCGGAGCATCTCGTCGTGGAGATTGACGGGAGCGACGAGGAGGTCGAGCAGACCCTCGGGGCGCTTGCCCTTCGACAGCGCCTCGAAGTAGGCGAGGGCCTCTTTGCCGATGTCCGTGTCGCCGGTCAGCAGGCCCAGGTCGGTGTACTGTCGCGCGGTGACGGGGTGATAGTTGCCGGTGCCGAGGTGCGAGTAGACGCGCTCGACGCCGTCCTCCTCGCGCACGACGGCCGTCACCTTCGAGTGGACCTTGTAGCGGCCGAGGTGCCTAACGACGCGCACGCCGGCCTTGCGGAGCTCCTCGGCCCAGCGCAGGTTGTTGAGCTCGTCGAAGCGGGCCTTGATCTCGACATAGGCGACGACCTTCTTGCCCGCCGCCGCGGCGTCCTTGAGCGCGCCCATGATCGGCGAGTCGAGGCTCGTGCGGTACAGCGTGTGCCAGATGCGCTTGACGCCCGGGTCCTTCGCGGCGGCCTCGAGGAACTTCACGACGATGTCGAAGGAGTCGTACGGGTGGTGCAGCAGGATGTCCTGCTCACGCACGATCTCGAAGGCCGAGGACGGCTTGCGGAACGGCGCCGGCACCTGCGGCTCGATCGGCGGGTAGCGAAGGCCGGCCTTGGGCGTCTCCACGCGCGCCAAAGTCCGCAAGTCGAGCGGGAGGTCGAAGCGGTACAGCGCGGAGGAATCGAGACCCAGGGCCGTCGCCAGAAACAGCGCGCCCTCGGAGTACGCGGGGAGTCGACCTCGAGGCGCACGACCTTCGCGCGGCCGCGGCCCTGCACGGCGGTGAGGATCTGGCCCTCGAGGTTCTCCTCGTCATCGGGACGCCAGCGCAGGTCGGCGTCGCGGATGATCTTGAAGGGGAAGGTCTCGATGACCTCGCGCCCCGGGAAAAGATCCTCGGCTCGGTCCGCGAGCCAGCGCTCGGCGAGCGCGTAGCGCCGCACGCCGTCCTTGGTGGGCAGGGGGATCAGTCTCCCTTCACGGTCCTCGATCGTGATGACCGCGTACTCGCGCGGGAAGCGGACGAAGACGTGCAGGCGCTCGCTGGCGAGCGCGGGCGGCGGCTCGGGGTAGCGGCGCACGATGACCTTCAAGGTCGGGAGGCGCTCCTGGACCTCGGCGTCGGGCGCGCGCTCGTCGAGGAACTCGGTCAGGATCTCGACGCCCTCGGCGCGCAGCGCGGCCAGGATGTCGCGCAGGACTTCCGCCTGCCGGGACTTCTGCCGAAGCGCGTGCTCGCGGATCTGGGCCAAGACCTGGCGCGCGGTCATGCCGTCGAGGAAGCGGGCCGTCGTCGAGCGGCGCGCGAGCTTGGCGATCTCGGCGACGCGCGTCATGAAGAACTCGTCGAGGTTCGAGGAGACGATCGTCGCGAATCGCAGGCGCTCGAGA
CP096137.1_gap54	2333925	2335610	1685	CGCCGAGGCGACGACCGCGGCGAGCGCGAGCGAGCCCGAGAGATCGGCGATCAGGAGAGGCTGGAGGATGTGCAGGCCGTTGTTGACGATCTGCGAGGACAGGATGCCGGCGACGAAGGCCGCGATCGGCGAGCGGCGCGGCGCCTCGGCGGAGAGGGGAGCGGACTGGGGGCTTCCAATACGAGGGTCATGTCAGAGGGCTCCGGCGGGGACGAGCTCGTCGTCCCAGCGCTTCTTTTCGACGTAGGCGCGCCGCGCCGGTATCGAGACCATCACTCGCTCCGGCAGGATCAAGGCGGTCAGCGCGTTTCCGTACACGCAGCCCGTGTCGAGCCCGACGGCGTTCGGCCGCACGACGGGCCGGCGCTTGGCCCAGTGTCCGAAGGCGACCAAGGTGCGGTCGCGGTAGTGCTCGTACCACGGTCGTCCGTCGGCCAGGCGCCGCGTTTCGGTCAGAGCCTCGGCGCCCTGCCACTCGAGTCCTTCGCGGGGGTCGAAGCCGGCGTGGACGACGAGCAGGCCGGGGCCGGAGACCGTCAGCGGCATCTTCTCGATGTAGCGCATCGCCGGGGCATAGGCGTCGCCGAGCTGGCGGTAGGTCTCGGGATCGTGAGCCTTCTCGTCGGACTTCGTGCCGGCGCGCCAGTGGCGCAGCAGGCGACGCTCGTGGTTGCCGAGCACGCACTCGAGGTTCGGCGTGCGCATGGCCCACTCGATGACCGAGCGGCTGTCCGGTCCCTTGCTGACGAGGTCGCCGACCGAGATCAGGCGATCCTCGGGCTTGGCGGCCGTCGCGCGCAGGAGCTCCTGCAGTTCGGCCCAGCAGCCGTGCACGTCGCCGATGACGATGGTCCGGGACATGGGTTACTCCTCCTCGCCGTCGCCGGCCGGGGTCAGGCCCTCGAGCTTCATGCGGTCGAGGTAGCGCGCGTGCGCCGACACGATCTCGTCGCGGATGACGAGCCCCGCCTCCGCGATCCCGCCGTAGTTCGCCTCGAGGTGCGCCTCGAGTTCCTCCGGCGTCGAGCCCTGGAGCGAGAGGCGATGCGCCCGGCCGAGCTGCGTGCCGGCCGCGTAGGCGAGGTCGATCAGCTGCCCCGTCGTCAGCATCTTCTTGAGCTTGGCGTTGAGCGGGTCGAGCTGGCGGACGTAGTACTCGACGCCGTCGAGGACGGCTCCGCCCGAGCGCAGCTCCCAGCCGGGGGCGTGCAGGTCGGCGGCCGCCTTCATGCGCTCCGCCTCGCTGCCCGCGGGGGACTTGTACCACTCGGTGTCGGGATCGGTGCGCGTCGCCTTCACGTTCAGCAGCATCCGGTCCAGGCCGGAGCGCGGGTCGTTCGGCGCGAGCACGACGAGGAAGATGCCGCGAAAGCCCATCGAGCCGCGGCCGCGGCCGGCTTCCTCGATGTGATAGTCGTTCATCACGCCGTCGGCGCGGCCGTCGGCCCAGCTCTTCACGAGCGCGACGACGTCGGGATGGTCCGCGGGAAGCGGATTCTCCCGCATCTCCTTGGCCCACTTTTTGTTCCGCACGAGGTAGGCGTTGGTCGTCTTCTCGTGCTCCTCGGGCTCGACGTCCTTGAGCTCGCGCATCTCCGAGATCGCGCGGTCGGGATGGCGGAAGCCGCGCAGGTAGCCGCGCTTGAGGGACTTCAGCGCCTCCTTGTCCAGAAGGCCCTTCGGCT
CP096137.1_gap55	2398278	2401416	3138	AAGATCTGCCGGCTCGCCTTCGAAATCGCCCGCGCCGAGGGCCGCAAGAAGGTCACCTGCGCCACCAAGGCGAACATCCTCAAGTTCACCGAGGGCCTGTTCAAGCGCGTCTTCGAGGAGGTCTCCAAGGACTACCCCGAGATCGTCGCCGAGCACCAGATCGTCGACAACTGCGCGCACCAGATGGTCATGCGCCCCGAGCAGTTCGACGTGCTCGTGATGACGAACATGAACGGCGACATCCTCTCCGACCTGGCCTCCGCCTTGATCGGCGGCCTCGGCTTCGCCCCGTCGGCGAACCTGGGCGACGGAGCCTCCATCTTCGAGGCGGTCCACGGCTCCGCGCCGCAGATCGCCGGCAAGGACATGGCCAACCCGACCGCGCTGCTGCACAGCTCGGTGCTCATGCTGCGCCACCTGGGCGAGATGAAGGCCGCCGACTCCGTCGAGAACGCGCTCCTCGTCACGTTGGAGGAGGGAAAGATCCTCACTCCCGACATGGCCGGCGGCGGCCGCGAGCCCTCGGGCACGAAGGCCTTCGCCAAGGAAGTGATCAAGAACCTCGGCTCGGCGCCCAAGGCCTACCCCAAGCGCGAGTACAAGAAGGTGATCATGCCCAAGGTCTCGCACGACGCGGTGATGGTCGTGGCCAAGGAGACGCGCCCGATGGGCGTCGACATCTTCGTGGCGACCGCGATCGACCCCGCGGTGCTCGGCCCTTCGGTCGAGCAGATGATCGCCGACCTGCCGGTGCGCCTGACCCAGATCAGCAACCGCGGCGCCAAAGTGTACCCGAACGACCTCGGCGTCGAGGCCGACCCCGTCGACTGCGCGCGCCTGCGCTTCAAGGTCGCCCACCACGGCGACACGCTCTCCGACAAGGACATCGCGCAGATCCTCCTGCGCGTCGGCGCCCAGGCGCCCTGGGTGCACGTCGAGAAGCTCTACAAGTACGACGGCGTGGCCGGCTTCACCAAGGACCAGGGCGAAGACTGAGGACGCTCTAAGGCTTTCCGCAGCCGCGTCCCCGCCGGGCGTCTCGCGCCCGGTGAGCCGGACTTAGATCTCGCTCGCTTCGGCGGGACGGCGCTCGACGAGAGCGACGACGCCGGCGCTGACGAAGTAGAGCGCAAGCAGAACGGTCCCGAACAGCACCGTCGTGGCCAGCACGTCGCCGGGCGTCAGGAAGGCGGCGGCCGCGAGGATCGCGACCGAGGACTCGCGCCAGTACTTGAGCATCGCGCGCGAGGACACGAGCCCGAAGCGTCCCAGGAAGTAGAAGAGCACCGGCGCCTCGAACGACAGGCCCGTGCCGAGCACCGTGTAGAGCAGGATGTCGAGGTACTCGTTCGGGCGCAGGTTCGGGCGCAGGCCGGCGGCGAAGGCCTCCTCGAGCAGGATGCCGGCCAGGACCGGGAAGGCGACGAAATACGCGAACAGCGCCCCGGCGGCGAAGCAGGCGCTCGTCGTCAGGACGAAGACGGTCGCGAGCTTCTTCTCCTTGGCGTGCAGCGCGGGCTCGACGAAGGCCCAGACCTGGTAGAACAGGAAGGGGGAGATCGCGACCACCGAGGTCCAGAACGAGAGCCGCAGCAGCGAGAAGAACGGCTCGGCCAGGTCGGTGTAGGCGAACGGCTCGGCCGCCTCGAGGCCCGGAATCGATAGGAGCGGGCGCTTGGCGAGCTCCCACAGCTTGAAGCGCGCGAAGTAGCCGAGCGCGGTCGCCGCGGCGAGCGCGAGCGCGGAGTGGATCAGGCGGTCGCGCAACTCGCCGATGTGCGACCAGAACGGCAGGCGCCGTTCCTCGTCCTCGGGCAGCGCCTCGGGGATCAGCTCGACGCTCACCGGCCGCTCCCGTCGAAGGCGGCGGGGATGTGCTCGGCGCGGCCGGCGTCGATCGCGACGACGTCGAAGCGGCAGGGACCGTCCCAGCGGCGCGCCTGCAGCCACACCTTGGCGGCCAGGATCAGCTTGCGGCGCTTGGCGCCGCCGACCGAGGCCGCGGCGCCGCCGAACGCGGAGGACGCGCGCGCGCGGACTTCCACAAAGACGATTTCATCCCCATGGCGCGCGACGAGGTCGAGCTCGCCGACCTTGGCCCGGAAGTTCCGCTCGAGGATCGTCATGCCCTTGGCCGACAAGAGGGCGGCGGCGGCGTCCTCGGCGGCGCGGCCGGTCTCGGCGCGGCTCACGGGCGGGCTCCCGCGCTGGCGGCCACCGGCGCGTAGGTCATGCGGTGCGCCTTGCACGGACCGAGCTTGGCGAGCGCGCTCAGGTGCACGGCGGTGCCGTAGCCCTTGTGCGCGTCGAAGCCGTAGCCCGGGTGCATGCGCGCCAGGCGCCGCATCCAGCGATCGCGCACGACCTTGGCGATCACGCTCGCGGCCGCGACGCACAGCGACTTGGCGTCGCCGTCGATCACCGGCTTCTGTGGGAGCGCGTCGCCGGTCATCCTTTTCGGCCCGTCGACGAGGACGAGCACCGGATTCTTGACGCCCTTCGCGGCCGCGCGCCGGGCGGCGCGCGCCATCGCGTCCAGCGTGGCGCGCAGGATGTTGTCGCGCTCGATGACGCGCGGGTGCGCCCACGCCACCGACACCGCGAGCGCCTCGGAACGGACGACCCCGAAGAGCCGTTCCCGGCCCTTCGGGGTCATCTGCTTCGAGTCCTTCAGGAGGCGCAGCTTCGCCGAAGGGACCTCCGGCAAAGCCACGGCGGCGACCACCACGGGCCCCGCGAGGGGGCCCCGGCCGGCTTCGTCGACGCCGATCAAGAGCGCGCAGCGCGCGTCCGCTCGAGCGGCGTCGTCGAAGGCCCGGCCGTCCAAGTTACTTGGCGACGGCGGGAGCGTCTTTCTTGGCGGCCTTGGGAGCCTCGGCCTTGGGGGCCTCGGCCTTCTTGGTCTCGGCCTTGTGGGCCTCGGCCTTGGTGGACGCCTGCTCGGCCGCGGTCTGGCGGTCGTCGATGCGGGCGGACTTGCCGGTCAGGTCGCGGAGGTAGTAGAGGCGCGCGCGGCGGACCTTGCCCTCGCGCACGAGCTCGATCTTCTCGATGTGGGGCGACGAGATCAGGAACGTGCGCTCGACGCCGACGCCGAAGGAGATCTTCCGGACGGTGAAGTTCTCGCTCGCGCCGCGG
CP096137.1_gap56	2429609	2430765	1156	CGAGCGGCGGCGGCGGCCTGCTCTGGAGCCTGACGTTCTACAACGGTTGGGGGCTCGAGACGCTCTTCGGCGCCTATCATCGCGGCGGCTCGGACATCACCGGAGAGAACCTCTCGGATCTCGCCGACTCGCGGCGCGACTTCTCCAAGCGCTCGGCGCTCTATGCCGTTCCCATCTGGGGGAAGAAGAACTTCTTCTTTCACAGCGCCGTCTCTCCCTTCGTGGCGGCGGGTGCGTACTGGTTCCAAGGGGAGAATTCGTACGAGGTGAAGATTTCGAACAACTTCATCAGCACCGGAATCGAAACCAAGACAGTTCGCGGCTTTTATCCTGTGCTCGGAGCTGGAGTCGAGTTCTTTCCGACGCGCTTCATCCGGCCTCGCGTCGAGGTCCGACGCTTCATCGCTCCGAAGTTGACCGCGCGCGGCAACGAGTTCAACGCGTCGAGCACGATCTATTCCATCGGCCTGCTGACGTCCTGGTAGAGACCGGCTCGTCGTGGAATAACACCGAAAATCGGCTAGAATACGGCTCGTGACGAGGCTCACCCTCGCCGTCCTCCTGGCCCTCGGTTTCGCGCCCGCGCGCGCCTCCACCGCCGGTGGACACTACCCGGCACCCAAGCCGGTGAGGTCAAGCATCTCGCGACCCCGTAGATACATCGCGCAACTGATCAGCGCAGAATCGCATCTTCGTCGATGAATAAAAAATCGGTCGACATTCGACCCAAGCCCTCCACAGCTACGGTAATGGCATTTGAATATGCCTTGCTGGGGGTATCATTCTCACGGCCTTGCTCCTAAGAGTTCTATACGTTCGCTCCATTCACGACGACATTTTCTCAACAACATTAATAATTGATGCCAAATTTTACGATCAGTGGGCTCTGGACATAGTTGGTGGAAACTGGCTCGGCAAGGAAGTCTTCTACCAGGATCCGCTCTACGCTTATTTTTTGGCGATCTGCTACAAGCTTCTAGGACATAGCCACGATTCCGTGAGATATGTCCAGGCTGCCCTGGACACTTGTACCGTGGGTCTCCTTTATTCACTCGGGAGAGCTCTCGCGCCTGGAGTCGGGCTCATGGCAGCTGCGATTGCCGCATTCTATGCTCCGATGATCTATTACATTGGGCTTTTGGACAAAACGACATTA
CP096137.1_gap57	2432156	2436840	4684	CGACTTATCGCTGCAAACGTGACTACTGGCGAGATTAGCGCCGGCTCACTCAGCAGCCAGAATTCTTCTGATGGCATTCAGATCCTTTCATCGATCGCGGTCGTTTCCGGGAGCAGCATAACTTTGCGCGGAGCATCCGGGTATATAACTCTAGCATCAAGCATGACCTCGGGAACTCTCATCGGTGACGGGAGTAATTTATCCGGAACTGCAAGCATCATTCTCAACGCCACCCAGACTTTTACTGGCGCAACGACTTTCTCATCCAGCTTTACAGTTCAAAGCTCCGGACGGATTATTCGCATCTCAACTAGCGCCTCAACGAATATCATTGCTATTGATACTGATGGGGCAATCCGTTTTATTCCAACATTGCACAATAGTTCGTCGACATCAATTCCCTCGGTCGTCACATCAAACACAGCATTAGGTCCGTGTGTTTCCGGTTCGACACTTGCGATAACCACGACTGGCGGACAAGTGGAGGCTCAATTCACGGGCCTTGTAACGAACCCAAACACAAGCACGACAACTGCGATTGCAATTCTGCAGGACGGACAATTCGTCGGTAACATGAGCGCAACCAAGCCGCTCATAAAAGGGGGGCGGAAGCAATCGTTCCACCTATCTCAATACATTCAGCTTTCTCTTCGAAGCCCCGCCGCCTGGATTGCATTCATATTGCATTACACTCGCCGCCCCGGATGGGGAGATGCCGCTATTGTGAATTCGGCGGGAGTTACGAGCAACTTCTTTTATTTGAAGGAAATAAAATGACCGGAAGCATTATTTCGATCATAATTTTATTTCTGGCTACAAGCGCTTACCCCGGCATCGTGGCTACCGATACTGCGTACACAGGCACGATCAGCGCTATCACATCGCCCGGCATAAGCATCACCACGAACGTTTACTTCACATTCGGAAGCAGCCTAACTCTTACCGGGCCTAATGGAACTTTCTCTAATCAGTCGAGCGTTACCGCCTCCGCTTTCTTCGGCGACGGGAGCCATCTATCGGACGTGGCGAGTTTGCTGGGCGACAATACATTTACTGGCGCCAACACATTCACATCCAGCTTCACGATCCAAAGCGGCGGACATCAAATTAATCTTTCGACTGGCAACACGAGCAACATCAAAATCGAGGCTGATGGCACTGTATCGTTTTTCCCTCAACTACATAATTCTTCAGCGGCCAGTATTTCGGATTATTCCACTACAAATGCCGCATTCGGGCCTTGCATTCCTTCATCAACCATCACATTTACGACCTCCGGGGGACGTGTCGAGATAGTGTTTACCGGCAACTTGGAGCTGACTTCTCAGATCACAGTCGGCGGTACATGGATTAATTTCCTTCAAGATGGGCAATTTGTGCGAGATCTTTCCGCCAATAAAGGCTTTATGGTTTGGAAGCAGCTCGGGAGTCTCGCGGGTAACATCCAAATTCAGCCAGTGCGGATCGCATACCTCTTAGACGCGCCCGCGCCGGGCCCTCATTCATATTGTCTAACGCTATCGTCACTCAATGGTCTAACGTCGACGCTCACCAACTCAAATGCGGGAAACATCTTCTATGTCAAGGAGATCAAGTAATTTGAAGCTCCGCACCCGGCATCTACTGATTGCTTTTTTGTTTGGCTTGGCCACCCCACACGCCATAGCCTCACAGTTTTCTGCCGACACAGTGTCAATAAGCACATTGAACGCCCGGGAAGGATCATCAGGAGTTATTATTTCATCTTCACTTTATTTATCCACTAATAACAGTATGAACCTCAGTGGCGCCTCCGGAGCAGTTCTATCAGCTTCGAGTGTAACTGCTTCATCCTTTTGGGGCCGAGGGGGGCATTATCAAATGTGAATAACTCGGTGTTATTCGCAACTCAAACATTCTCTGGAGCCAACACATTCACATCAAGCTTTAGCATCCGAAGCAACGGCCGATTGATCGCGCTGTCAACAAGCAGCAACACAAGCAATTTGACCCTCAATGCGGATGGCACCATCACTTTCTTCCCGGAATTGCATAACTCATCTCACACAGTAGTTCCGTCATGGAGCACTACAAACACTTCGCTTGGAATCTGCGTGTATGGTTCGACCGTAACCATATTGACCACCGGCGGGGACGTAGAGGTATCGTTTACCGGAGCCGTGGACTTGGCGAATGCACTTGTTGGAGTAAAATTGAGCGTCCTCCAGGACGCCCAGTTCCCGCCGGGGCTCAATTCAACTACAGGTATCGCTCGCGCTGTGAGACCTAATGCCTATGGAACACAAGCTTGTTTCAGCTACCTTTTCAGCAATGTGAGCGCAGGGGTGCATTCGTACTGTCTTACATCTGCTTTAGTTGGTACCGGCTCAGTTGATATTCTAAACGATGCGAGCACTGCCAACATATTTTATGTGAAGGAACTCAAATGAGCTTGCCGGCAAAATTAATGCGTTCGGAGATTTAGATGAAAAACGTGATCGTTGTACTCGCTTTGTCTTTCGCCACCCGCACAACGGCGTTCGGGCGCGAGGTTAAGTTTGAGAAAAAGTTAACCCGGGCGAGCTTCAATCGCAACTGATCGCCGCCGGATTTAAGATCAACTACATCGAATGCTCAGGCACGCGTTGCAAGATTGTTCTACCCGACTCCGAAAATAAGAATCCGATGGGACTTGTTCAAAAATATATTTACGAGGATCCGGCTGAGATTCGCATAAAGAAGATCGGAGAAATGCGTATTTTGATTGACAAGTGGGATTCCGGGACAATCTCCCCTGAAGAAAAAGACCTCCTGATAAAAAACGTGCTAAAGATGGTGTTGGGGCCCAAATGATTCTCAACGCAGTCTCATTAGGTATTTGTTTTGCAGGATTTACGGCTGCAGCGCCGTTCACCGTCGACATTTCGACGCTGTACGTCAATGGCGGCCAAGTCGGGATTGCGACTGCGGCTCCACAAGCTACGCTCGATGTTAATGGTTCGGCACAATTCGGCTCTGGAGTGACCAAATCCACATTCACGTCCTCTGGTCTTCTTAGGCTGACTACATCTGGGATTCAATGGGCCGACGGAACGACCAGCACGACCGCAACTGGAGGAGGCGGGGGCGGATCCGGAGACATGACTACGGCCGGAAACAATAGCGTTACGGGCTCGATCTCCATGACGTCACAATCGTCCTTTACGGTCAGCATACCAGCACGATCAAGCGGTTCGTTCAGCCTCAACCAAATCACGCAAAAAGGGCTCGTTTCGGGATTTGTGGTCTTCGCGTCTACAGGAGGAGTCGTCACGATTCAAAACTCGCTGAACGTCTCGAGCATTACTCGGATCAGCACCGGCTACTATGGCGTGAACTGGGCGCAGCCGATGGTGACGACCGATTATCCTTGCTCGGGCATGGCAACGTCCGATCCCGGAAACCTGGGGAACAGCATAGTCGTCCAGTCGCAAACGGCGGGCGACCTCGAAATGAGGAGAACACAATACCGTTTCAGGACGTATTACACGTCGCCAGACACGGTCAACAGCCCTGATCGCGTGACCCTCATCTGCTACGGAGGAGCCGAGGCCGCCAGTCTTCGTTGAACGGGCAGAGTCGGCTTAATCGTCGATAAATCGGCTAGAATACGGACCGTGACGCGCCTCGCGCTCGCCGTCCTGCTGGCCCTCACCGCGCTCCCCGCGCGCGCCTCCACCGATCCGCTGACGCTCGACTACGATCTGGCCGCCGACGTCGACACCCTCGACCCGCACTGGGGCTACGACGCCGTCTCCCTCTTCGTCGTCGACCAGGTCTACGAGACCTTGATCGACTTCCAGGGCGAGTCCCTCGACTCCTACGAGCCGCGCCTGGCGACCGTCGTCCCGAGCCTGCAGAACGGTTTTCTCTCGAAGGACGGCCTGACCTACGCCTTCCCGCTGCGCTCCGGCGTGAAGTTCCACGACGGAACGGTCATGACGGCGGAGGACGTGAAGTACTCGCTGATGCGCTTCCTCCTGCTCGACCGCGACGGCGGGCCCTCGGGCCTGCTCAGCGAGGCCTTCCTCGGCGTGCGCAGCGCCAAGGACCTGCCGCCGGCCGAGGTCTTCGCGCGCGCCGACAAGGCGATCTCCATCGAGGGCGGCGCCCTCGTGCTGCGCCTCAACAAGCCGTTCGCGCCGCTGCTGAGCATCCTGGCCAACTTCGCTCACGTCGTGTCCCGGAACGCGGTGATCAACTCCGGCGGCTGGGACGGCAAGGCCGCGACCTGGGTCTCGCGCCGGAACCCGCCGAAGGAGCTCTCCGCGCTTTTCGCCAAGGCCAACGGGACGGGCCCGTTCGTCCTGGAAGCCTGGGACAAGGCCGCGCACCGCGTCCGGCTCGTGCGCAACGAGAACTACTGGCGCAAGCCCTCGGTGCTCGCGCGCGTGAACCTGCTCACGGTGTCGAACTCGCTCGAGCGGCGCAAGCGCCTGGCGGCGGGCGAGAGCGACGTCGCGTTCGTCGAGCGGCGCTACCTGGACCAGTTCGAGGGGATGACGGGCGTGTCCGTCATCGACGGCCTGCCGGCGCTGGAGTCCCAGAACGTCGTGCTCTTCAACTTCGGCGTGAACCCGGCGGAGAACCCCTGGATCGGCTCCGGGAAACTGGGCGACGGAGTCCCGCCGGACTTCTTCACCGATCTCGAGATCCGCAAGGCCTT
CP096137.1_gap58	2438266	2439633	1367	CGCGTACTGGCGCGGGCCCGCGAAGCTCAAGGGCGTCATCATCAAGGTCATCGACGAGTTCGCGACGCGCAAGCTGATGCTCGGCGCCGGCGACGCGGACAGCGTGTACGGACCGCAGATGTTCTTCCCGCAGCTGCAGAACATGCCGGGCGTCCAGCTCATCGACGAGCTCGACACGCTCGACGTGAGCAGCGCGCTGTTCTTCGCGTTCAACATCAACGGCGTCGGCAACCAGAACCTCGGCTCCGGGAAGCTCGACGGACAGGGCATCCCGCCGGACTTCTTCGCCGACAAGGACGTGCGAAAGGCGTTCGCGTTCTCGATCGACCGCGACGCCTACGTCAAGGACATCCAGCGCGGGAAGGGCCGCCCGGCGAACAGCTTCATCCCGACCGGCCTGCTCGGCTACCGCTCGCAGGGCAGCCCCTACAAGTTCGACCCGAAGAAGGCCGAGGAGCACTTCAAGAAGGCGTGGGGGGCAAGGTCTGGGAGAACGGCTTCAAGCTCTCGATCATCTACAACACGGGCTCCGCACCCGCGCAGGTGATCTGCCAGATGATCAAGCGCAACGTCGAGGCCGTCAACCCGAAGTTCAAGGTCGACGTGCGCGTGCTGCAGTGGTCGTCGTTCCTGGAGCAGAAGCAGGCCGGCAAGCTGCCGATCTTCACGGGCGCATGGGCGGCGGACTACCCCGACCCCCACAACTTCGCGTTCCCGATCCTGCACTCGGCGGGGTACTTCCCGACGGGCCAGCGCTTCAAGAACGACAAGATCGACGCCCTCATCGACAAGGCCGTCCGAGAGCTCGACGACGCCAAGCGGGCCAAGATGTACGCCGAGCTGCACAAGCTGTGGGACGAGGAGGTCCCGAGCTTCGTGATCGCGGAGGGGTACCGGTACCGCGCGCAAAGGACGTGGGTCAAAGGGTTCACCTTCAAGCCGACCTTTCCCGACATGCCCTACGGCGGCTACTATTACGACCTATATAAGGACGCGAGATGAGTGCTAGAATACGCCCCATGATGAGATCCCTTCTCGCCGCCCTGCTCGTCGTCGGAAGCGTGCCCTCGCCGGCCGCCGCCCTGCTCGCCGTCAAGAACCCCGGCGTCTACACCTACCTGACGATCTCCGACGCCGACAGCCTCGACCCGGCGTACTCGTACGACACGGCGTCGCACATGATCATCCTGAACATCTACGAGCCGCTGTTCCAGTTCGACAAGGCGTCGACCGAGAAGCTGATCCCGCTGATCGCGACGCAAGTGCCGAGCCGCGAGAACGGCGGCATCTCCCCGGACGGGCGCACGTACACGATCCAGATCCGCAAAGGGATCAAGTTCCACGACGGCTCCGAGGTGACCCCCGAG
CP096137.1_gap59	2441357	2444513	3156	GATCGCCTTCATCCCGATCATGCTCGTCGGCGTGTACTTCGGCGTGCTGTCGGCCGTTTATAAGGACAAGCTCGTCGACCACATCTCCCGTTTCGTCGCGATCACGGGCTACTCGCTGCCGAGCTTCGTGCTCGGCCTGCTGCTGCTGATGGTGTTCTACGGCAAGCTGCACTGGTTTCCTCCGGGCCGGTACGCTCTCGAAACCGACATGCTCGTCCACGCCGACACGTTCCGCCATTTCACGGGGCTCCTGACGCTCGACTGCCTGCTCAACGGCCAGTGGACGGCGTTCGTCGACGTGGCCAAGCACATGGTGCTGCCCGCGGCGACCTTGCTCTACATCTCGGTGGCGCTGCTGCTGCGCATCACGCGCTCCAGCATGCTGGAAGAGCTGTCCAAAGACTACGTGCGCACCGCGCGCGCCAAGGGCCTGCCGGAGCGCGTGATCATCCGCAAGCACGCGCTCGCCAACGCGCTCATTCCCGTCGTGACGCTCTCGTCGCTGCTGTTCATCGGCCTGCTCGGCGGCGTCGTCATCACGGAGACCGTGTTCGACTTCCCGGGCATAGGCCGCTGGGGCGTGCAGGCGGCGCAGCAGCTCGACATTCCCGGCGTCCTCGGCTCGACCTTGCTCGCCGCGTTCCTGTTCGTGATGGCCAACCTCGTCTCCGACCTGCTCTACGCGGTCGTCGATCCCCGCATCCGGGTGGGGAACTGACATGGGCCGGCTCAAGGCGGCCTGGAAGGTCCTCAAGCGCAAGCCGATGTCCCTGCTCGGCTTCGGCATCATCGGCTTCTTTCTCGCCGTCGCGCTCGCGGCCCCGCTGCTCGCCCCGCCCGAGGCCGGCACCCGCGACAACTACATCATCCCGCAGACCGGCTACAGCCCCGACCCCGTGCGTCCGTCGAAGGAGCACATCTTCGGCACGACCGAGCAGCAGTACGACCTGTACTACGGCATGGTCTGGGGCACGCGCACCGCGTTCTCGGTCGCGCTGAAGGTCGTCGGCTTCTCCGTGCTCGTCGGCATCCTGCTCGGCGGGGCGGCCGGCTTCTACGGCGGCTGGATCGACGAGGCGCTCATGCGCTTCACCGACGTGATCCTGGCCTTCCCCGACATCGTGCTGGCGGTCGTCATCGTGGCGGTGCGCGGACCGAGCCTCGAGAACGTGATGGTGGCCGTCACGGCCGTGTCCTGGCCGTCGTACGCCCGGCTCATGCGCGGCGACGTCCTCTCGGTCAAGGAGCGCGACTTCGTCGCCGCGGCGCGCGCGATCGGCGCCTCCGACGCGCGCATCCTGTTCCGCCACATCATCCCGAACTCGATCTATCCCGTGCTCGTCGTCGCCTCCCTGTCGATGGGACGCATCGTCATCACGGCCGCCGCGCTCTCATTCCTCGGCCTCGGCGCTCCCGTCGGGTACGCCGACTGGGGCCAGCTGATCTCCCTGTCGAGAAACTGGATCCTGGGCTCGTCGGGCAATCCCTTCGAGTACTGGCACACGGTGTTCATCCCGGGCATCGCCATCTTCCTGTTCGTGCTCGGCTGGAACCTGCTCGGCGACGCCGCGCGCGACATCCTGGACCCGCGCCAGAAATAGCCCCCATGCCCACCCTCAACGCCCTTCTCGACCGCGCCGCGCAGGAAGGCGGGGAGAAGACCGCGCTCGTCTTCGACGGGCGCGAGATCTCGTTTCACGATCTGCGCCGCGACGCGCTCCAGATCGCCGAGGGCCTGCGGCGCGCCGGCGTCGTCAAGGGTGACCGCGTCGCGATCGTCCACCGCAACGGTCCCGAGTTCGTCGCCGCCTATTTCGCGGCCAACCGGCTCGGAGCGATCGCGGTGCCGATCAACTTCATGGTGCAGAAGCCCGACGAGCTCGCCTACATGCTCAACGACTGCGCCGCGAAGGGCGTGTTCACGCAGTCCGAGTTCCTGAAGGGGCTCTCCGGCGCCGCCGAGAAGGCCCCGTCGGTCAAGGCGCTGTGGGTCAGCGATCTCAAGGTCCCGCCGTCGGCGCTCGTGCGGCCGCTCGACGACCTGCGCGCGGCGGCGTTCGCCGACGGGGGAGCGACGCCGCCGTCGAGAGCGACGTCGCGGCGATCCTCTACACCTCGGGCACGACGGGCTTCCCGAAGGGCGTGATGCTCACGCACCGCAACCTCGTGACGAACTGCGAGGCGGCCCTGCGCCGGATGACGTTGAACCGCTCCGACGTCACGCTCTGCATCCTGCCGATGTTCCACAGCTTCGCCTGGACCGGCATCGTGCTGACCTCGCTGCGTCTGACGATGACCTGCGTCGTCTTCCCGGCGATCGCGCCCGCCAAGCCGTGGCTCAAGGCGATGGGCCGCCGCGGCGTGAGCCTGTTCGCGGCCGTGCCCCAGGTCTACGCCGCGCTCGCCAAGGAGGCCAAGGACTGGAAGACGAAGGCCTTCCTGCGCTGGTGGGCGTTCCGCCGCGTGAAGGTCGCCGTCTCCGGCGCGGCGCCTCTGGCCCCGGCCACCGCCGCGGGCTTCAAGGACGCCGTCGGCGTCGACATTCTCGAGGGCTGGGGGCTCACCGAGACGAGCCCCGTCGCGACGATCGCCGCTCCCGACCGCATCAAGCGCGGCTTCGTCGGCCCCGCGATCGACGGCGTCGCGGTCAAGATCGTCGACGACGCCGAGAAGGACCTGCCCGCCGGCTCCGAGGGAGAGATCGTGGTCAAGGGCGACTGCGTCATGAAGGGCTACTGGGGCCGGCCCGAGGACACGAAGGCGACGTTCACCGCCGACGGCTGGCTCAAGACCGGCGACGTCGGCGTCGTCGACGCCGACGGCTACGTCGCTATCCGCGACCGCAAGAAGGACATGATCATCGTGAAGGGCCTCAAGGTGTTCTCCGCGCAGGTCGAGGCGGTCATCGCCGAGAACCCCGCCGTCGAGGAGAGCGCGATCATCGGCGTCCCCGACGAGGTCGGCGACGAGGTCATCAAGGCCTTCGTCGTCCTCAAGAAGGGGTGCGAGGTCGACAAATCGGCGCTGATGCAGTTCTTCAAGGAACGCTTGGACGCCTACAAGCGCCCGCGCGACGTCGAGATCGTCGAGTCCCTGCCGAAGAACGCCCTGCAGAAGGTCCTGAAGAAGGACCTGCGCGAGCGCGAGCTCAAGAAG
CP096137.1_gap60	2523325	2526532	3207	CTGTCCGCGTACCTCGTCTACTTCGGCGCCGGCCATCTCGCCGACGTGCGCCAAGCGTGGCGGCGGCGCGGCCTGTGATCGCCGCCGCGCTCGCCGTCCTGCTGGCCGCGCCCGCGGACGCGGCGTCGGTGAAGCTGTTCGCGTTCGACGACCGCGGCGGGCCGCTGGACGCCGCGGGCCTCGCGCGCCGCCTGGCGCGCGCCGACGAGAAGGAGCCGGACCTCGCGAAACTGCCGGTGTGGGCGGTGCCCGTCGACGGCAAGTCCCCGCGGCAGCGCCTGAAGATCTCCCAGGAGGGCAAGCTGGTCCTCGGCTCGTGGGAGAAGGCGGACCGCGTGCGCCTCGAACTCGTCTGGCCGGTCGAGGAGGACGGCTACAACGCCGTCGGAGCCGACAAGGGCGGGGCCGGCTTCGGCGACGGCGAGGTCGTCTTCCTCGACGAGGAGATCGCGGCGACGCAGTACCGCCTCTTCAAAGACATGTGGAAGCGCCGCATCAGCGACTGGCAGCCCCTGTACAAGCCCGGCAAGAAGGCCAAGGCGCTCGCCGACGAGGCCAAGGACGGGATGGCCGCGGCCGCCGGCGAGAAGGAGACGCCCGCGCGCGTGAAGGCGTACAAGTCCGCCCTGCACGCGACCTCGCTCGCGTGGGAGAAGGCGCTTTTCGAGCACGGACTGCAGCACGCGCTCGACGAGCGCCGCGCGCCCGGCCTCCGATTCGGCCTGACGCTCGACGAGAGCATGCTCAAGCGCCTCGACGATCTCGATTGGATCGCCGAGGCCGTGCGCCGCTCCGGCGCCGAGTGGGTGCGCCTCGTGTTCCGGGCCAACGGCCCCGACTTCCTCTATTCCTCCCTGCGCTCGTTCAACGAGTACGACGGCGTCGTCGAGGAGCTCGCGCGCAACAAGGTCCAGGTCATGGGCTGCGTGCTCGATTCGACGCAGTGGCCGAAGACGCTGACGCCCGAGCTGTACGCGGAGCGGACGAAAAACCTCGTGCTCCACTACCGCGGCAAGATCTCGAGCTGGGAGGTCGGAGCGGAGCTCAACGGCGACTGGCTCGGCGGCGCGAGCGCGCCGTTCACTCCGGACCAGGTCCACCGCATCTACTCCTCCGGCGCCGCGAAGGTCAAGGAGATCGACCCCGCGCTCGAGACCGTCGCGACGCTGTACGCGTGGGAGGAGACGGCGCCCGACGCCGCGCACGCGCTCTCGGGCTGGCTGCCGGTCCAGGTCAAGCGCGGCTTCGGCCGCGACCTCGACGTCGTCGGCCTCAGCGTCCAGCCCGAGGACAACCCGATGGGCATGGGACTCGAGCGCGCCTTCGACGCCGTCGGCGAAGCGCTGCCCGCGCAGAAGCTCATGATCTCCAGCCTCGGCTACGTCGAGAAAGAAGAGCTCAAGGGCTACTGGTGGCTGGCGCCCGACGACGTCGACGGCGCGCGCAAGGACATCGCGATCCTCTACGCGACGGCCTCCTGCGCGATGCCGCGCTCTTTGTGCGGCGGCTTCTGGTGGCAGACGCTCGACCAGATGCTCCCCCCGGCCGGCGCAAGGCCACCGACCTCTACAAGGTCTGGCGCCGCACGCTCGAGCAGCTCGGCCGCCGCGACGAAAAGAGCAAAGAATAGCGCCCGTTTGGTAAGATAGGGCGTCGCGAGCCGGTAGCTCAGTGGTAGAGCACGTGCCTTTTAAGCATGTGGTCGTGGGTTCGATCCCCACCCGGCTCACGGCTCAGATTTCGCATTTGCCTCCATCGTCTAACGGTTAGGACGCGGCCCTTTCAAGGCTGAAACAGGGGTTCGATTCCCCTTGGGGGCACCACTTTCTCGGTGCTTGCGTTCATTAGGTTCCGCGCCCCCAAGGGGAATCGAATCTAAAGAAAGGCGCGTGCGCTGCACGCGCCGCCCCTTGGGGGCGCCAATTTTTGCTGTCCGCCAACCTCGGAGACGTCCTCGTCCGCCGGCTGCTGGCCTTCGCCGCGCTCGTGCCGCTGACGCTCGCCGGAGCGGGCGTTCTCGCGCTGCGCCGGGGCGCGGCGAGCGTGGAGACCGTCGCGGTCGCCGCGAGCGTCGTCAACTCGATCCTGATGATGGGCGCCGTGCTGTGGGCCGGCGCGCGGGTGCGGCGCCTCGATCGCGAGCGCGAACGCGTGGCCGAGGAGCTGCGCCTCTCGCACGAGCATTACGTGCGCGCCGTCGAAGGCTCGACCGACGGGCTCTGGGATTGGGACGTCGTCACGAACAAGGTGTACTTCTCGCCCCGCTGGAAGACGATGCTCGGCTGGGCCGACGGCGACCTGCCCAACGACTTCACGACCTGGGTGAATCTCCTGCACCCCGATGACGCCGAGCGCGCGCAGAAGGCGGTGAAGGACTACCACGACGGGGCCATCCCGGCCTATGAGGTCGAGCACCGCCTCAAGCAGAAGGACGGTACCTACCGCTGGATCCTCGCGCGAGGGACCGTCCTGCGAGGGGCCGACGGGCGGATCCTGCGCATGTCGGGGTCTCACGCGGACATCGACGCGCGCAAACGCGCCGAGGAGGTGCTGCGCGAGAGCGAGGAGCGCTTCCGCCAGGTCACCGAGAACATCCGCGAGGTGTTCTGGCTCGCCGAGGGCGACGTCGTCATCTACATGAACAAGGCCGCCTGGGAGCAGGTCTGGGGGCGGACCCTGCCGCCGCTCCCGGAGGTCGCGAAAGCGTGGACGGAGTCCCTCCACCCCGAGGACCGGGAGCGCGTGCTCAAGGCGACCGCGCAGCGCGTCGGCCCGCTGGATCACACGTACAGGATCATCCGCCCCGACGGCTCGACGCGCTGGGTGCGCGACCGCATGTTCCCCGTCCTGGACGCCGCCGGGCGGCCGTACCGCCTCGCCGGGCTCTCCGAGGACGTGACCGAGCCGCGCCTGCTCGAGGGCGAGCTGCGCGCCGCCCGCGACGCCGCCCTTGCTTCGGCGAAGGCGAAGTCGGAGTTCCTCGCGAACGTCAGCCACGAGCTGCGCACGCCGCTCAATGCGATCAACGGCATGTGCGAGATCATGTCGCGCGAAATCCTGGCCGAGCCGACCGCCTCCCGCGTGCGGCTGGCGCACGACGCCGTGCAGGTGCTCAGCGCGATCATCGACGACCTGCTCGACGTCGCGAAGATGGAGGCCGGGCGCATGTCGCTCGATCCCCAGCCGACCGATCTGCGCCGCACGCTC
CP096137.1_gap61	2530531	2532332	1801	TCCCGTACTGGCCCCTGGTCTGGCTGACCACCGTGATCCTGCGCCGCCGCGTCGCCGACCCCATGGTCGACCGGTTCAACCCCGTCGAGGCCGCGCCGAAGGTCGCGCCGCGCCCTCTGCTGGTCATCGGCGGGGAGCTCGACCGGCTCATGACCCCCGAGGACGTCAAGAAAGTCTACGCGGCCGCGGGAGAGCCGAAGCAGCTGTGGATGGTGCCGGGCGCCTGGCACGCGAAGTGCCGCGAGGCCGCGGGGCTGGAGTACGACACGCGGCTCATCGGCTTCTTCGCTCGGGGGCTGGCGTGAAGGCCGCCGCGCTCGTGCGCACGAAGGGAGCGCTCGCCGCGCTGGTCGCCGGCTGGCGCCGGAAGGGCCTGTCGGTCGGCTTCGTCCCCACGATGGGAGCGCTGCACGCGGGCCACGCCGAGCTCGTGCGCCGCGCCGCGCGCGAGAACGACCGCGTCGTGGTGTCCGTCTTCGTCAACCCGAAGCAGTTCGGCCCGAACGAGGACTACGGCCGCTACCCCCGCGCCCTGCCCGCCGACCGGCGGCTCGTCTCCGCGGCCGGCGCCGCCGCCGTCTACGCCCCGTCGGCCGACGAGATGTACCCGAAGGGCTTCACGACTCACGTCGAAGTCGAGGGGCTTTCCGACCTGTACTGCGGCAAGTACCGCCCCGGCCACTTCCGCGGCGTCGCGACGGTCGTGCTCAAGCTCTTCAACCGCGTCCGGCCCGACCGCGCCTACTTCGGCGAGAAGGACTGGCAGCAGGTGCGCGTGCTCGAGACGATGGTGAGAGACCTCGACGTTCCCGTCGAGATCGTGCGCGTGCCGACCGTGCGCGAGGGCGACGGGCTCGCGCTGTCGAGCCGCAACGCCTACCTGAGCGCGGACCAGCGCGCCGCCGCGCCCGCCCTGCGGCGGGCGCTCGAGGCGGGGCGCCAGGAGCACCGCCGTCCCCATTCCCGGCCGGAGACGGTCGCCGCCGCGGTCCGCGCGTCGCTGGCGAAGTCCCCCTCAAGGTCCAGTACGCCGCCGTCTTCGAGGGCCGGCTGCTCGTCGCCGCCTACCTCGGAAAGACCCGGCTCATTGACAACGTCCCTCTCTAAATAAGTTACGATAACGACCTCATGACGCAGAAAGGCCACGGACACGACAAGCCCGCCGCCCACGTGAAGCCTCCCTATAAGAGGGCTCAGTACTGGGTCGACGCCCCGCTGCAGCTCCAGATGGTCGGCTTCGTGATCCTCCTCATCGCGGCGAGCCTGCTGCTGACGACGTTCAGCGTGTTCCGCGGGGTCCAGGAGACCTCGATCTCCTCGCGGCAGATCTTCCACTCCCTGGAGTGGATCAAGTCCGCGCTGCGCGCCCCGCTGCTGCTCGCCTCGGCGATCTCCCTGCTCGCCGGCGGTCTCGTCACCTTGTTCTGGTCGCACCGTTTCGCCGGCCCCCTGCGCGTGCTGTCGGCCGGCATCGCGCGCGTGCGCCACGGCAACCTGGCGGTGCCGGTGCGGGTGCGCACGACCGACGCGCACCAGGACCTCGCGCGCGAGTTCCAGCTCATGCAGGACGAGCTGCGCAAGATGGTCGAAGCCGACCGCGCCCACATCGCCGAGGCGACGGCGCTCCTCGAGAGCGCGAAGTCCACCCCCGAGGTCGCGAAGGCGCTGGATCATCTGCGCCAGGCGTGCGCGAAGTACCACCTCTGATGAAGGCCGCGCTCCTCGCGGCTCTCCTCGCTCCCTCCGCCCACGCCGCTCCCGCCGCTGCCGCCGCCCCTTCCTCGGGCCCCGCGCTCACCTT
CP096137.1_gap62	2564033	2568040	4007	TGGATGGCCTCGCGGCGGACCGCGGAAACCTCGCGCCACTGCACGCGCCCAAGGATCTTCTCCTCGGTCAGGCCGTGGCGGGACGCCACCTCGGCGATGATCTTGCGCGCGGCCTCGACGGGGACGGGACGGGGCGCCGACGGCGTCTCGCGGTGCGCCTCGAGCTTGTTCAGGAAGGCCTCGCCGCCGATGGCGACGCCGCCCATGACCGGCAGGACCTGGTCGCCGGCGGTCTTCATGCGGTCCTTGATGTACTGCAGGTAGCGCACGGACTGCTTCAGGCGGCCGTTGCCGAACTTGCGCAGCACGAGGTCGGAGTCCACGAGCGGCTCCTTGTGCTCGGCCTCGACGTAGGACGCGCAGGACGACCACTGGTAGCGCCAGGGCTTGTCCTTGAGGTGGTCGCGCACGCAGGCCAGATGGACGTAGCGCGTCATCTCGGCCAGGTGAGTCTCCTTGTCGACGAGGTAGGCGCGGTAGCGGCCCTGGAACACGTGGCCGACGGCGTTGTGGGCGGCGTTGAAGTACTTGGTGTACTGGGTATTGAAGCCCTGCATGACGGCGGAGAGATTCGGCTGGGCCGTCTCGATGAGGAGGTTGACCGAGTTGCCGAGGAGGCTGTAGGCGTAGACCTCGAGTCCGTGGCGCTCCTTGTACTGCTTGAGCAAGGTCAGGAACTGGCGGCGGTCCTGGTTCGACAGGAACAGGTCCTGGCGGTTGTTGCCCTGCAGAATGACGAGGTAGCAGGCCCCGGCGTACTGGATTCTCTTCGGTCGTCCCATAGTGCGACTATCCTACCATAACGACCGCCCCGAGTGCCAGGCTTTCAATGGTTAGGATGGTGTCAGGCGTTGCGAAGTTGCAAGTTTCGACTCGCGCCGGCGCGAGTCGCGATCGCTTTGAAGACATAATCACTCTTCCCGGGAAGAGTGCGGAGACAACGGAGCCTCTCGTCTCTCACGATCTCGATGACCGAATGCTCCGAAGTCCACGGGAATGCCCTTGCTCTTGGCCGCGATCAGGAAGGCGTCCCAAGGCCGGCGCGGAATTCCGAGCTCCCTTTATCCCGTTCCTCCGACTCCAAGAATCCCTGCATCCCCGGCTGCGCGTACACGGCTCGCTTTTGCGCGACATCGAGATCCTCCTCTATGAATAAGACGCTCGTCGGCTTCGCGCGTCCGACGAACGCCTGCAGCAGGCGGTAAACTGCGGCCTTGTCTTCCATCGCGCCGCGATCGTAGAGATCGTGCAACCCGGTTTCCTCGACTCCAACGATGAGATTCCTGAAATCCCGCACTTTCGCTCTATCGGCGAGGAACGATGACGCGTCGTCATAGCCTATAGTCTTTACGACGCCTGTGATCCGTTCCATTTGAACCCGGATGTTGGTCAGGGCCTCCGCCACCGTGCGGTGGGACCTGACCGGATCATTATGAATGTCGGCCACGGAGAGCTTAAACGGAGTAGCTGAAACGTAGCGGACGCTTGCGGACTTCTCCAGACGGGGGATGGCTCCGTAGATGTGAGCGGACGCGCCCGAGACGACGATCAGCGCTCCGTGGCCATGCCGCTGAACATGCGCCGACACGGCTTCTTCGATTTCGTCCCAGCTCGTCCTGTCGCGGCTGGTCGCGATGGGCGTGGACTTCTTGATTACCTCCTCATAGATACGCCCGAGGCGGGGATCTCGCATATCGAACATTGGCGCGCCGTCGTTGAGGCGACGTTCCTTCTTAAGGCCCGCTATGAGCTTCTCGGCAGGAATCGAGAAGTCCAAGACGGTGCCGGTGGAATGCGCAACCTCCGGCAGACTCGCCGCCGGCGGCGCTACCTGTGCTTGCGCCGAAACCGTGAGAATCCATGCCGCGAGAATCGCGGCCATTTCAGGGGCGATGGGTCGGGGTGGGAGTCGCCGCGTTCTCAGAGCGATTTTTCTTGAGAAGCATGGGGGCTACCAGCCCGATGACGACGGCGGCCAACGCGCTCAGAAGCGCGAGCAAACCCCACGTTTTGAGCGGATTCGAGAGAAACCCGCGCGGCGCGTCCGGCGCCGAACGTCCCGCGGTGTTCGCATTGGACGCGGGCGCCTGTCCGGTCGCCGTAGAGCCGCGAGAAAGCTTCGCCACGATATCTTGGAAGGCCTGAGTGAACCGTCCGTCGAGCTTGGCCGCAGCCTCGTAGTCCGCGAGAAGTTCGGCTTCCGCCTGGCCCAACGCCCTTCTGGCCTCGGCGCGTGCCGCATACGCTTCCGCATTGCGCGAGTCCATCCCGACTGCTGCGTCCGCATCCGCAAATGAGCCCGCTGAGTCCCCCGCGGCAAGTCGCGCCTTCGCACGTTCCACTCGCGCCGACGAACTCTCGGGATCGGCGGCGACGGCCCGGTCGAAGAACTTCAGCGCTTCCCTCGCATCGAGCTTCATCTTTCCCCAGCCCTCATTGATGAGCCTCTGTGCCTCTCGCGACGAAGCGCTAGTCATGGCGACGCGAGGAGGAGCGGCGGAAGACGACGGCGCCGCGCTCTCCGCCGGACGAGAACCGCCTCCCGCTGTGCCGGCAGGGTTCCCGGCGGCAGCGGGCGCGCGCTCCGCGGCCGCCCCGCGGCCCTTGACCTGCATGTACAGCATCATCGCGTCCTTATCCTTGGGGTTATCCCTCAGGATACGCTCGGCGCGTTGGCGGGAAAGGTCGTAATTCCCCGTCCGGTAGAAGACGTCGGCGCTGGCGAGAAGAGCTTCCCGCACGAGCTTCGGGTCCTTGGATTTTTCGGCGAGAGCGAGACCGCGCTCGGCGTAGGGGATGGCGCGAGGCGCCTCGGAAACGGTGACCAGGCTCTTGGAGACGTCGATCTGGGTCTGCGGATCGGTCGCCTCCGAGTTGCCGATCGTTTCGATCTTCTCTACGGCGCCGGCCTTGATCTGTTGCTGTTCGGCTCGCTGCTCGGAGGTAAGGTTCGGATTCGTGCGAATTTGCTCCTCTGCCTCGAGCGCCTTATTCTCCTCATCTTGAAGCTCCTCGCTCCGGCGACCTGCTTGGCCAAGAAGCGGCAGGAATATCAGTACGGCGAGCAATGCTCTTCGTTTCATGGAGTCAATGCGGCAAGGTCGACTTCCTTCAAATAGAAACGCTTCTCCGCTTCAAATGCCTTCTTAAGTTCCAGCGAATCAGAAGGTAACGCGATTTGCTGAACATGACCGACCAATCCATTTGCACGCATACCACGAATCAACGTTCCATCCAAAGAAACCAACATCTTGTAGCCGTCAATTTCTTTGCCTTCAGGTTTCTCCTTAACCAGAGTTGTGCCGAGGCTTAGTTCTTTCGGCTGAGGATTCCCCTTCTCATCTATTTCATAAATGACGCGAAAGGCGTGTTCCATTCCGTCTTTAGACTTGTCGTCATCCAGACTTACGCCCTTGGCCTTGATCTCATCCGCGTCGAATCCAAGCGTTCGAGTCGAAGGAGCTTTAAGCGGCCACTCAGTGCCGATCTTCCAAGCATGATCGACAACGGCCTTCCACGTTCGTACCGGCTTAGAGGTGGCTTTTTTTGACGAGGGCTTCTTCTTATCCGCGGACTGAGCGGTGCTAGCGACTAAAAGGAACGAAACCGCGCACAGTGCAAGTAATCGAGGGGCCATGCCCGTAGGATAGCCGGATCAGAAGACGACGGCAAGGGCGCGCAACGTAAAGTTTTGCGGGTGTTTCCGACTGGCACCGGGGCGGACAAGTCACTATTGATAATCACTCTTCCCGGGAACAGTGATTATCAGTAGTTTTTCGGCGGGTGACCCCGTATGACGACCCTATTTATTTCAGGCCGAAGAGGCGCCGCACAGCAGCTCGTAGAACCGGGCTCCCGCGAGCTCCGCGGCGGTCACCGCGTCGTGCGCGCCCGAGGCGCGCAGCGTCTCCGCGTTCTTCGCGTCGTCGGAGGTCATGATCCATTTAGAGGGGCTCGCAATCAATGAGAGGCCTCCTTCATACGGATGCCCGTCGCCCACCCAGCCG
CP096137.1_gap63	2742101	2745534	3433	GGGCAGGCGTCCTCCGTCTTCGACCGCCGCGAGGGCGGCGACGCCAAGGTCGTCGTCACCCAGACCGTCACGATCAACCCGGCCGTCGCCGCTTCCGCTTCCTCCCTGCCGGTCGGCGGCGGGACGACCGAGGCTCCGTCGGGCTCGTCGCTCGATTTCGTCAAGGGCGGCTCGAACGCCTACTTCCAGGACAAGGATAAGGCGGCCGAGCCGCCGAAAGCCTCGACGCCGACCCCCGCCGCGGCCTCCGCGCCGGAGCCCGAGCCGGAGCCGGTGAAGGCCGCCGGCAAGGGCGGAAAGAAGGCCTTCGTCATGCCGCGCCTCTCGGGCACGAAGAGCATGGCCGGCTCCAACTTCAAGGGCTCGGGGGCTCGCCGAAGCCGGGCGGGATGGCGGGGATGGCGGGCGTGGCCGACCCGCAGTCGGGCAAGGGCGGCCAGGACATGGCCGACATGCTCAAGAACATCCCCGGCGGCATCAACAACCCCGAAGTCCAGAAGCTCATCCAGAAGAACAAGGCCAAGAAGTAGCCCGGCGTGCGCCACCTCCTCCTCGCGGCCGCCGTCCTCTGCCTCTCCCTGCCCGCGCTGTTCATCCGCTTCGCCGCCGCGCCCATCGAGGCGATCGGCTTCTGGCGCCTCGCGCTGGCCTGCGCGGCGCTGGCCCCCTTCGCGTGGCGCCGCCGCGCCGCGTGGACGCCGGCCAAGGCCCGCGCGACGGCCCTGGCCGCGGCCTGCTTCTTCCTCCACCTCTGGACCTTCACCTGGGCCGTCCGCCACACGACGGTCGCCAACCTCATGCTCGCGTTCTCGACGCATCCGCTGTGGACGGGCGTCGGCGCCTGGCTGCTGTTCGGCGAACGTCTCGGCCGCCGGGAGCTGGGCGGCCTGGCGCTCGCGGGCGCCGGAATGCTCGTGCTCTTCGGCGGCTCGGCGCGCCTCGGCGGCTCCGGCCTGGCCGGCGACCTCTCGGCGCTCGTCTCGGCGATCACGTTCTCGGGCTGGGTGCTCGCCGGGCGCGGCGTGCGCCGCGGCCTCGACAACGTAAGCTTCCTCCTTGGCGCCTACGGCGCGACCGCCGCGTTCTTCCTCCTGCTCGGCGCCGCGCGCGGCTCGCCCATGACGGGCTACCCGCCGGCGACGTGGGCGGCCCTCGCGGGCCTGGCCTTCGCCGTGAGCCTCGGCGGCCACGGCCTGTTCAGCTACCTGCTCAACGAGTACGGAGTCCTGACGCTTTCCTGCGCCAAGCTCGTCGAGCCGGTGCTCGCGGCGCTCGGCGCGTTCTGGCTGTTCGGGGAGCCGCTGTCCCCCGCCTCGGCGCGGCCTTCGCGCTCATCGCCGCGGGCGTCCTCGTCCTCCTCCAGCGCCGAAAAACCGACATCGAAGCGTGACGGCGCCGTGATGGGACGCCGCCGCCTCCGGCGCTAGACTGAGGGCGTGAGAAGCGCCTTCCTCCTCGCCGTCCTGCTCGCCTCCCCGCCGGCGCGGCGACCGTCCTGCTCAAGGACGGCGGCCGGCTCGAGGGCCGGGTCATCTCCGCCGGGGAGACCGAGGTCGTCGTCGAGACCGCCGCCGGCGTGCGCCGCGTCGACGCGGCCCTCGTGCGCGGAATCGAGTACGAGGCGCCCGCTGCGCCCGCCCCGGCGGCCCCGCCCGCCTCGGCCGCCTCCTCGACTTCCGGGCCGCCGGACAAGAACGTATTCTCCCTCGCCTTCGGCCTGGGCGCGCCGCTCGACGACGTGGGCTTCGGCGCGGTCGGCGGCGGCACGGCCAACGACGGCGACATCGGCCCGCTGCTCGGCGCGCGCTGGCTGCGCGAGCTCGACGGCAAGCTCGCCCTCGGCGCGGACCTCGAGTACTTCCACCGCGGCGCGACGAACTCTCCCGGCCTCCTTCCGCTCGCGAACTCCTCCGTCAGCGGCGACAACTTCCTGTTCATGGGCGTGGCGCGCTGGTACCTGACGGAGCGCGGCAACGCGCGGCCCTACGTGCTCGGCGGAGCCGGCGTCTCGCGCTCGTGGACCCGCGTCGACTCCGCCCCGCGCCCGGGCTTCGCCTGGACCGACACGAACACCGACGAGGCCCGCCGCCTGATCGACGACGGCGCGTGGGCGCTCGCGGGCACCGCGCGCGCGGGAGTCGACTTCGGCTGGGAACTGATGGGCCCCGCGCTGTTCGGCCTCGAGGCGGGCTACACCTGGCTGCAGCGCCGCCGCTTCGAGGCGACGCCCGCCGGCCGCGACCTCGGCCTGACCGGCGTCGACGGGGCGCTGCGCGTGTTCACGTTCGCGGCGCGGTGGAGCTGGCGATGGTGAGGATCACCTTCCGCCTTCTCGCCCTGACCTCGCTCGCGCCGCTGCTCGGCGCCGTCGGCATCGGCCCGCGCCGCGACGACGGCGGCGGCCGCCGCGAGGAGCGGAGCGAGGACCGGACCTCCGCGCCGGCGCCCGCCGCGCCCGCGCATTCGGGCCCCGGGCGCGTCGGCATCCAGCGGCGCGAGCCCTCCGGCTCGTCCTGGTCCGGCCCGTCCGGCTCCCACGCGCCGTCGGCCGCGCCGGGACGAGTCGGCATCCACCGCTACGACGTTCCGCATTCGTCCTACCGCTCCGGCAACCGGTACCGCCGCTGGCACGGCGGCGGCGCGAATTGGCACGGCTACTACGGAGGCTCGCGCTGGTACTGGACGCGGCCCTACAACGGCTACACGTGGTGGTACGACGAGCCGTACGGACGCTGGGCCTGGTGGCACGGCGGACATTGGTGGCACGCCGGCCCCGGCGGCGCGGCCGTCGTCTACGTCCAAGGCGCCCCGCCGCCGCCAGTCGCCGTCGAGGCCTCGCCCGCCGCGACGCCGTCCGGCGACCCGGGTCCGTGGACGAGCCCGAGCGGCCGCCGCCTCGTCGAGGTCGTCGGCGAGGACCGCCAGGCGATCCTTTACGACAAGACCGGGCCCGCGCCCGCCTACCTGCGCCTGCTCGGCCGCGGAGCGTCGAAGGTGCGTTTCTCCAAAGCCGGCGCGGGGACCTCGATCATGGTCGAGTTCGCCGACGGCACCTTCGCGCTGTTCGACGAGGACGGCAAGCCGCTCAACGCCGAGGCTCATGCCCCCGCCGTCGCCGTCCCGGCGGCGTCGACGACGCCGGTGAAGATCCCCGCTCCTCCTCCCCTCCGCCGGGCGACCTGCCTCCGGCGCCCGCCGAATAGCGGGACGTCGCGGCGGGACTTAGGGCCCAGCGCGACACGGGCCCTCTACCCCAGGCCCCCGGCCGGCCACGCGGGCATACTGGGGGCATGAAGAATGTCCTCGCCGCACTCGCGCTCGCCGTTCTCGCCGCGCCCGCCTTCGCAGGCGGCGAGGCGGTCGCCCAGTTGCGCGGCGCCGCCGCGGATCACCGAGCCGGCGCGACGTCCTACGACGGCGGCTACGCCGGCGA
CP096137.1_gap64	2887915	2889915	2000	GGGCGAAGTTCACGCGTTTCTGTTACACTTTCGCCATGCGCCGACAACCCGTTTCCCGCGCCGGCTTCACGCTGATCGAGCTGCTGGTCGTCGTCCTCATCATCGGCATCCTGGCCGCGATCGCGGTCCCTCAGTACTTCAAGGTCGTCGAAAAGGGGCGCTTCTCCGAGGCCACGTCGTGCTTCTCGGTCATCAAGGGCGCGCAGGAGCGCTACAACCTCAAGAACAACACCTACACGGGCGCCGCGGCCGATCTCGACGTCAACTGCGCGGCCGGCAAGGCGTTCGGCGCGGTGGCGCTGACGGGCGGCTCGGGCGCCTTCACGGCGACCCTCACGCGCATCGCCCCGCTGCCGACCACCTACGGCGCCTACACCGTCACCTTCATCTCGCCCGGCGGCAACCTGACCTGCAGCCAGGCCAACTGCACGACCGACCTGCTTCCCTGACGGAATTCACAAATCGCCCACATTTAACCCAAGCGCGGCCGGGGCGCAAGTGCTACACTGGCGTCATACGCAGTACACGTTTTCGGAGGAGAATAGAATGAAACTGAACGCGAATCGCAGAGGGCAGTCGGGCTTCACCTCATCGAGCTGCTGGTCGTCGTCCTCATCATCGGTATCTTGGCCGCGATCGCGGTTCCGCAGTACTTCAAGGTCGTCGAGAAGGGCCGGTTCTCCGAGGCCACGTCGTGCTTCTCGGTCATCAAGGGCGCCCAGGAGCGCTACCTCCTGAAGAACAACACCTACACCGCGGTCGTCGGCGACCTCGACGTGACCTGCGCGACGGGCAAGGCCTTCGGCGCCCCGGCGCTGACCGGCGGCACGGCCACCTTCACGGCCACGCTGACGCGCATCGCGCCCCTGCCCACGACGTACGGCGCGTACGTGGTCACCTACATCGGCCCGGCCGGCACGCTCGGCTGCAGCCAGGCGAACTGCATCACGGACCTCCTGCCGTAAACGGGGACCGCCCGAACAACCCGGGAGCGGCCTCCGCCGCTCCCGGGTTTATTTTTAAATGGCGGCATTCATTTTGACGTCGCCGCCTAAATGTCGCGAGCAATTCAAAAAAGTTCTGCTACACTCAACATGGCCGGAAACTCCAGGAGAACCATGAACACGAACAAGCGCCGTAACGCGGGCTTCACTTTGATCGAGCTGCTGGTCGTCGTCCTCATCATCGGTATCCTGGCGGCGATCGCGGTTCCGCAGTACTTCAAGGTCGTCGAGAAGGGCCGGTTCTCCGAGGCCACGTCCTGCTTCTCCGTCCTCAAGGGCGCCCAGGAGCGCTACAAGCTCAAGTCGAACACCTACACCGCGGTCGTCGCCGACCTCGACGTGACCTGCGCGGCCGGCAAGGCCTTCGGCGCCCCGGCGCTGACCGGCGGCACGGCCACCTACACGGCGACGCTGACGCGCATCGCGCCGCTGCCGACGACGTACGGCGCGTACGTCGTGACCTACATCGGCCCGGCCGGCACGCTCGGCTGCAGCCAGGCGAACTGCATCACCGACCTCCTGCCTTAACGCGCGCCGTCAGCGCTTGAACGAAGCCGCCCGGGCGACCGCCCGGGCGGCTTCTTCTTGCGCGCGGCCGCGAGCGCGTCGGACGGGGCGTCGGCCAGGCGCGCCTCGAGGTGGGGCAGCGCCTCGGCGGCGCGGCCCTCGGCGAGCAGCGCGGCGCCGAGCTCGCCGCGCGCGGGGCTGAAGCCCGGGTCGCGCTCGACGGCCGCCGACCAGAACGCGACCTGCCCGCTCCAATGCCGGATCTCTCTCCGGGACAGGATTATCAATCCGAGAGACAGCGCCGAGACGGCGGCCCAGGCGCGCGGCGTGCGCGCGGCCGAACCCGCGAGAACGAAGAGCCCGAGAACGCCGAGGTAGCCGTAGGCGAGGTAGACGTACACCGCGCCGTTCTGCGACGACAGCGCCGGGGGCAGGACGGCGGCGGCGTAGGCCGTCCAGGCGAGCAGCGCCCACGGGCGCTCGCGCCGG
CP096137.1_gap65	2893333	2897787	4454	GGCTTCGACGCCGCTCGGCTGGCTGGGCTCGGGCCTTCTCTGGATTTCATATCCGCTCTCGGCCGCGCTGTGGTTCCACCTGCCGGGCTGGGTGGGCAAGGGCGTCGGCAACGTGTTCGAGGGCCTGTGGCTCGGCGCCAAGGGCCTCTCGCGCGTGCTGACCTCGATCCACCGCGACACCGTCCTGCTCGACCGCCTGCAGAACTTCTCCAAGCGACATTGGAACGCCTCGAAGTGGAACGGCGTCTGGCTCGCCGTGATGTGGACGCCGATCATGCTCGCCGAGGCCGTCATGTACGCGCTCTCGGGCCTGGGCGGCCTGTACGTCGGCGCGGTCTCCGCGCCGGTCAACTTCGCGTGGGGCGCGGTCCACAAGCTGCGGCCGGGCTCCAAGGCCGACGTGTACCTGGCCGAGGCCGCGCGCCTGGTCTTCGACAACGTCCAGAACGGGAAAGTCACCCGCTACAATCCTCTCGCGGCGAAGCTGATCCCCGTCGCGAACTCGCCGAAGTTCCTCGTCAGCGCCATGGGCTCCGTCGGCCTGCGCCTGCTGCAGCTCGGCTGGCTCCTTTATACCGCGATCGCGACGCCGCTGCTCGCCGTCGGCGGCCTGATCCTCGGCTTCTCCCGCCTCAAGGACTACGACGAGAAGCGCCACAGCCCTTCCTCCCTCAGGGTCACGCGCGACGACTCGCCCTCGGAGAAGCCCGCCGAGCCCTCGGAGCCGTCGGAGCCCGGAACGCCGGCCAAGGCGCCGATCGCGCCGAAGCTGATCGCCGTCGCGCTGGCGCTCGTGCCGGCGTACTTCTTCGGCCTGCCGATTCTCGCCGGAGCCTCCTTCATTCAAATCTCGCTCTACTTCGCGCTCGTCCTGCCGCTCGCGGCGATGCCCTTCATGGGCAAGGCGCCGATGTGGGCCAAGTCGCTGGCCGGCCGCGCGATGTTCTACAACGGCCTCGTGTTCCTGCTCAACGGCAACGCGATTTTGGTCGGCCTGCTCGCGATGCTGGGCGGCTGGGGCTTCCAGCAGTGGGTCAAGAAGACGCAGAAAGAGGGCGGCAACTTCGACGAGGCCGAGCTCGGCGCGTTCTTCGGCGCGCTCGGCGCCGCGGCGGCGATCGGCGCGGTGTGGGCCGGCTTCCTCGGCGGCTGGATCGGCTGGGGCACGCTCGGCCTCGCGGCCGCGACGAGCCCGTTCCTCCTGATGCACCTGCCGGAGTGGGTGTGGCGCGGCGTGCGCGGCGTCTTCAGGTCCTTCGCCGAGTCCATCGAGTCCTACTCCGACGTCGCCGGCTTCTGGCACGAGGACACCGAGTTCCGCTCGAACCTGAAGTCTCACGCGAACCACTGGCTCAAGAAGACGTACTGGAACGGCGTGTGGCTGTCGGTCATCTGGGTGCCGGTCGGCTTGATCCAGCTCGCCGAGTGGACCGTTTCGATCGCGCTCGGCCTCGTCTCCGGCCTGCTGCGCTCGCCGTTCGCCTTCGCGGCGGCGGCGTTCGAAAAGGCGGCGCCCGATACCAAGAAGGCTCGCTTCGCCGACGGCCTGCTGACGGGCTGGACCTCCGCGGCGGAGGGCTCCAAGTCCGTCTTCGACCGGATGGTCGCCGGCCTCAAGCCCGCGATGAACGACAAGACGGCCGTCACCGGGCGCCCGACGGCGAAGGCGATGGGCGCGTTCTTCGTCGCTCGCCTGGCGCAGCTTCTGTGGCTCGCGGGCGTGCTCGTCATGAACGCCGCCGGCATCGCCTTCCTGATCGGCCTCTACCGCGGCGTCCGCGCCGCGATCAATCCTCCGGCTAAGCCCGACTAGCCCCCGGGCCGACGGACTTATCCCCAAGGCTCTCGCGCGAGAGCCTTGGGGATAACTTTTCTACTTCAGCGGCTTGCCGAAACCCCGAAAGGTCCAGCCCCGCTCGAACAGGACTTTCGCGTCGTGCTCGCGCGTCAGATACCAGTCGTCGCGCGAGGCCTCGACGACCTTGTAGCCCGCTTCGGAGACCTCGCTGACGAGGGCGATGTGAGAGATCCAGCCCTTCTCCCCGCGGCTCAGGAACACGACGTCGCCGGGCTTCGGCGGACCCTTCATGTCGAGGCAGCCGTTGTGCTTGCAGTACAAGTACAGGTTGCGCGCCCGGCGGTCGAAGTAAGGATCCCCGGGGCCGCCGTCCAACGGGCCGTAGTGCTCCGGGTGCTTCCGGTAGTCGGCTTCGAGGAGCCGGCGCAGCGACGTGCCCGCGTTGCGGTAGGCCAGGCGCGGGACATCCATGCAGACGATGAGGCCGATCCGTCCCCCGGCGTCGCCGTACATGCCCTGGACCGGATCGTAGAGCACGCCGACCAGTTTGCGCGCCTCCGCCACGATTTTCGCCCGGTCGGCCTTTGCGTTCCACGACGGCGGCTCGGCCGCCGACCCGCGGTAGAGATGCGGCTCGACGAGCACCGCCGCCGCCACGGGGACCAGCAGCGGCGACATGAGCAGGAGCAGGACTTTCGCCGCGGTCGAGGCCGTCATGCCGTCGATACGCTCGCCGGTCGAGGAAGCTTACAGGCTTGCTAAAATACGGGCATGAGATTCCTGATCCTCGGCTCCGGCTTCCAGGGGCGCGCCTGCGCCTACGACATGCTCCGCAACCCCGCGGTGACGGAGGTCGCGCTGTGCGACATGTCCGCCGCGAACCTCGCGTCGGCCAAGAAGTTCCTGGCCAAGGTCTCGAACGGCCGCGCCAAGTTCAAGAGGCTCGACGCCTCCAAGCCCGCCGCCGTCCAGAAGGCCCTCAAGGGCTACAGCGCGCTCGTCTCCTGCGTGCCCTACTTCCTCAATCTCCCGCTCGCCAAGGCCGCGATCGCCGCGCGCGTGCACTACGTCGACCTCGGCGGCAACACCGACATCGTCAAGAAGGAGATCGCGCTGCACCCGCTCGCGGTGAAGGCCGGCGTGTCGATCCTTCCCGACAACGGCCTCGGCCCGGGCATGATCTCGACGCTCGCCGTCCACGCGATGTCGATGCTCGACCGCGCCGACGAGGTCTTGATCCGCGACGGCGGCCTGCCGCAGAAGCCGGTCGCGCCGATGAACTACATGCTCACGTTCTCCGAGCACGGCCTCATCAACGAGTACGTCGCGCCCGCCACCGCGCTGCGCAAGGGCAAGGTCGTCTCGATCCCCGGCCTCTCGGAGACCGAGCTCATCGACGTGCCGTCGATCGGGCGCTGCGAGGCCGCGCACGCGGCCGGCGGGCTCTCCACGCTCGCCGAGACCTACGCCGGCAAGGTCCAGACGATGGACAACAAGCTCATCCGCTACCCCGGCCATATCGCGGTCATCAACGCGATGACCGCCATGGGCTTCTTCGACGACAAGCCGCGCGAGGTGCGCAAGGGAGTCAAGGTCGCGCCGCGCGAGCTCGCCGCGAAGCTGTTCCGCGAGCACTTCCACCGCCCCGGCGACGAGGACATGGTCGTGATCCACAACACCGTGCGCGGAATAAAGGACGGACGGCCGGCCGAGATCGTCCACTCGCTCGTCGACCGCGGCGACAAGGCCAACGGCATGACGGCCATGATGCGCACGACGGGGTTTCCCGCGTCCATCGTGGCCCAGATGGCCGCCGACGGGCGCGGGCGCATCAAGCCCGGCGCCTATCCCGTCGAGCTCGGCGTGCCGCCGGAGCCGTTCATCGACGAGGCGCGCAAGCGCGGCTTCGACCTGACCTGGAAGTTCCGCTGGCTCGACGGCGCGGCCTCCGAGGCCGCCGCGATCGCGACGGCCGTCTAGCGCTTCGGCGTTCCCAGGCCCGAGAGCACGAGGATCAGCCCGCCGGCAATCGTCCCGGTGATCGGGAAGGGGATCGCCGCCGCCAGCGCCCCGGCGAAGGCTTTCGCGCGCGCCAGCCGCGGCGGATCGCCGCGCAGGCGGCTCTGGATCGTCAGGATAGCGGAGTAGACGATCGCGAACGCCGCGAAGGACATCACCACGACCGACGCCGGGCCCAGCGACCACTCGAGGCCGAAGCACGCCCAGTCGACGGCCAGGATGGCCGCGCCGCTGGCGGGGTGGAAGAAGGTCGGGCGAGTCGAGACGGGCCGGTCGGTCACCGGGCCTGATTATGCTTCTTTTCGGACTGCGCCTCGAGCCGTTCCTTCTCGTGGGCGAGCTGGGCCAGCGCCTGGGCGGCGACGTCGCGCAGGTCCTCGTTCTGCTTCATCACGCGCTCGAGGGCCTGGGCGAGGTTGTCCATGACCGAGTTGACGGCGCGCACGGAGCGCGCGACCTCGGGGTCGATGTCGTCCTCGTAGCGGATGCCCCAGCCGCCGTTGGCGAGCTTCTCGAGCGCGAGGCGGATCTCGAGATTGTTGATGCGCTCCTCGCGGCTGCGCACGCGCTCGGCCATGACGGCCGTGAAGAACGCCATCACATGGAAGAACGCGAAGCGCAGGAGCAGGTTCGTCGT
CP096137.1_gap66	2899224	2902133	2909	TCGAGTACGGCGAGGCTCCGGATCAGGGCGCGATCCAGAACCAGGGCAACGCCTACCTGAAGGCGAACTTCCCGCGTCTCGACTACATCAAGACCGCGCGAATCGTTCCCTGACCTTCGGCCGCGTCAGCGCGTAGAGCACCGCGACGGCGAGCAGGCCGTCGAGGGCGTACAGGAACCAGCGGAAGTCGTCGAGAAAGCCGGGCGGGAACTCGCGCGCCGCGTCCACCGTGGCCCTCGCGATGCCCGCGGCCGGGTGCTTCCACCACAGCGTGGCCAAGGTGAACAGCTCGAGGCCTATCGCGAGCCGGCGCGCCCACTCCCGGCGCGCGAGAAGCCCCAAGCCCGCCGCGATCGCCGCCGCGCGGATCGCGCAGGACACGGCGTAGCGCAAGAGCATGACCTGATAAGGAAGGTACTCGTAGACCTCGGCGTAGAGGCGGAAGCGCAAGGTCGGCAGCGAGATCACCCCGGAGAGCAGGAGGAGCGCCGCGGCGGCGCCGGCCGCGAAACGGGCTTCCGCGGGATCGTATTGAGGGCTTCGGGCTCCTTCCACCCGGCCAGTATAACATCTGCTAAAATGCTTCTTAGCGGGATGACAAGGGGCGCCATTGGACCATAGATCGAAGTCGCAGCAGGAGCAGGACGCCAAAGACCTGCAGAAGATGGGGTACGCGCAGGAGCTTCTGCGCGACATGGGCGGCTTCTCCAACTTCGCCATCAGCTTCTCGGTCATCTCGATTCTGACCGGCGCCACCCAGCTGTACGGCTACGGCCTCCAGCACGGCGGCCCCGCCCAGATGAGCTTCGGTTGGCTCCTGGTTTCGATTTTCACGATGATGGTCGCGCTGTCCATGGCCGAGCTCGCCTCCGCCTACCCGACCGCCGGCGCGCTGTACCACTGGTCGAGCTTCCTCGGCGGCCGCGCGATGGGCTGGTTCACCGCCTGCTTCAACACCATCGGGCAGTTCGCCATCCTGGCGGGCATCGACTGGGGCCTGGCGAACTTCGTCATCGGCCTGACGGGCCTGACGCCGTCGCCGTCCATGACGATCAAGGTCTTCACCGCGCTGATGTTCTCCCACGCTCTGCTCAACCACCTCGGCATCCGGATCGTGTCCTGGCTCAACGACTTCTCCGCCTGGTACCACATGGCGGTCGTGCTGTTCCTCCTCGTCGTTCTCGGCATGCGCGGCTTCGCCCAGCCGGTGAGCTTTCTCTTCACCTTCAACGCCGCGGACGGCTTCAAGCCGTCGTACAGCTTCATCGTCGGCCTGCTGCTCGCTCAGTGGACCTTGACCGGCTACGACGCCTCCGCCCACGTCTCCGAGGAGACCCACGATCCGCGCCGCAACGCGCCCTGGGGCATCTTCATCGCGGTCGTCGTCTCCGTCGTCTTCGGCTTCCTGATGCTGGCCGCGATCACGCTCTCGATCCCCGATCTCGCGCAGGCGACCGCCTTCGGCGACAGCGCCTTGATCGAGGTGATGAAGCTGCGCCTGGGCCCGGGCCTCGGCTCTCTGCTCGTGTGGCTGATCTGCGGGGCGATGTGGCTGTGCGGACTGGGCGCCATGACCTCGGCCTCGCGGATGGTGTTCGCCTTCTCGCGCGACGGCGGCCTGCCCGCGCACAAGGTCTGGGCCGCGGTCAGCAAGCGGTTTCAGACCCCCGCCAACGCGATCTGGGGCCTGTTCGCCTTCGCCCTCCTGCTCGCGATCTCGGTCAAGGACTACAGCGCGGTGCTGTCCATCGCGGTGATCTGCCTTTACGTCTCCTACGGCCTGCCCATCGTCGCGCGTCTGTATGCCCGCGCGACCGGCCATGGCGGAGAGATCGGCCCGTGGCATCTCGGGAAATTCAGCACGCCGGTCGCCGTCGTCGCCGTCCTCTGGATCGCCTTCATCTCCGTGCTCTTCGTCCTCCCCCCAACCAGCAGGCCGGAGCCATGATGTGGAAGGCCGTCGCCGTCCTGCTCGTGATCTGGTTCGGCTGGTCGCGCGCCCGCTTCAAGGGCCCCAAGTACCACCTTTAGGAGAAAGTCCATGAAAACCGCGGTCAAGCCCTCCGCCAAGACCTATCAGATGCTCGTCGACGGCAAGCTCGTCTCCGCGGCCGCGACGCGCGACATCACCGACCCCGGCAGCGGCGAGCTCCTCGGCAAGGTGCCGGAGTGCGGGCGCGACGAGGTCAAAAGGCGATCCTCGCCGCGCGCAAGGCGTTCGACGAGGGCCCCTGGCGCAAGACCACCGCGCAGGACCGCGGCAAGTTCCTGTTCAAGATCGGAGACCTCATCCGCGCCAACGCCAAGGCGCTGGCCGAGCTCGAGGTCCGCAACATGGGCAAGCCGCTCGCCGAGGCCGAGTACGACGTCGCCGACGCGGCGAACTGCTTCGAGTTCTACGGGGGCCTGGCCACCAAGCTGCACGGCGAGACGATGTCGGTGCCGGCCAATTCCCTCTCCTTCGTGGTCCGCGAGCCGGTCGGCGTCTGCGGCCAGATCATCCCGTGGAACTACCCGCTCCTCATGGCCGCATGGAAGCTCGCGCCGGCGCTGGCGGCGGGGTGCACGGTCGTTCTCAAGCCGTCCGAGCTGACGCCGCTGACCGCGCTCGAGCTCGCGAAGCTGATCCTCGAGGCGGGGCTTCCCGCCGGCGTCGTCAACATCGTGACGGGCCCGGGCAAAGACGCCGGCGAGGAGCTCGCCGAGTCGCCGCTCGTCGACAAGATCGCCTTCACGGGCGGCACGGTCACGGGCCGCAAGATCGCGATCGCCGCGACGGGCAACCTCAAGAAGACGACGCTCGAGCTCGGCGGCAAGAACCCGAACATCGTGTTCGCCGACGCCGACTTCGAGTCCGCCGTCGACGGCGCGCTGTTCGCGGCCTTCGCCAACCAGGGCGAGGTGTGCTC
CP096137.1_gap67	2928828	2929522	694	GTCGCCGCGGCTTCTGTCGGTCCATCTTGTCGACGAGGAAGATGAATCAATCTCGGAGTCGACGGTGTTCCGAATCCTGAAGAAGTACAACCTGATCGTGCCTCGCCCGTTGGACCAGCGGCCGGCGGCCAAGCAGTGGAGCCACAAGACGACGCGGTGCGACGAGATTTACCAGTGCGACGCGACGATGTTCATTATCCCGGGCTGGGGCCGCTACAAAGCGATCCCGGTGATCGATGATTTTTCACGAAAGCTGCTGGCACTGCCGCTCAAGCCCGACGAGACGTCGTTCTCGATCGCGGACGCAATGGAAGAAGCCCTTGAAAACGCCCGGCGCGAGGGTCATAATCCCCGGACGAAGCCGAAGATGCTCAGCGACAACGGGCCAGGGTTCATCGGTGAGATCCTGGCAAATTACTTAAAGGCCAGAGGCATCGGGCACATCTTCGGGGCGCCGTATCACCCGCAGACGCAGGGCAAGGTCGAGAGACTCAACCGAAAGATCAAAGAGGCGATGTGCCTGGAGATCAGCTGCTCGCCGGATGAGCTTCAGCGAAAGCTACGCGAGTTCATGCGGGTCTACAACGCGACGCCCCACAGTTCGATTTTCAACGTGAGTCCGAATCAGATGTACGCCGGGAGGCTGAAGAAAATCCTGAAACGACGCGCGGCGATCAAGCGCAAGACGCTGAAT
CP096137.1_gap68	3021476	3025796	4320	CGAGCTCGGGGCGGACCCAGATGTGGCCGCGCGAGGCGAAGGCGAACGTGAAGTCCTTGTACTTGCTGTCCGGGCGGTAGGCGCGCACGAGCGCGGCGGCATTGCCGTCGAGCCGGCCCTCGAGAACCTCGGCGCGCAGGAAGTCGCGCAGGCGCGAGTCGGAGACGTCTCGTCCGCGGCGGATCGCGGCGAGGAAGACGACGGATTCGACGAGGGTGTGGAGGACGAAGGCGCCCGTGAGCGCCATCGCGCCGATCGCGACGGCGGCCAGAGCGGTGGCGCCGGTCGAGGGCTCGGCGTTGGCGGCGGTGAAGGCGTGGGCGCCCCAGCGGGCGGCTTCGACGACGCCCCAGACCAGGCCGGAGAAGCCGGCGAGCCAGAGCGGGAAGAAGGCGCCGCGGCGCTGGCCTTCGGGCTTGGTCAGGACGGAAGGGATCGGAGTACGCGCGGGCGCGACGTCGCGCTGGTCGGCGGCGGACGGGGAGGCGAGGCGCGGCGTCAGGGCCGAGAGCGCCCCGGCGACGACGGGAGCGGACGCATCCCCGCGGCCTTTGATGAGGGTCTCGCCCGTGATGCGGGCGGAGAAGTCCTGGGCGGCGGCCTGGCCGAAGGTTTCGCCCGACGCGGCGGGCTTGACGGCTTCGAGGGCCGAGGGAACGGCGGCCAACGGCAGGGCCTTCGCGGGAGCGGCCGCCGCTTTCGCGGCGGCCGGCGCCGTCAATTGGGCCGGGATGAGGGACGGCGCTGCCGAGATGACGGGCAGCGGCGTCGCGAGGGCGGACGGGGTTAACGACAACGACGGATTCAACGGCGACGCCAACGGCAACGAATGAACGGAAGGGGATCCGAGGTTGGCGCCCAGTCCGACGGACCCCGACGGCAAATTAACGGAGGGAACGGATCGAGAAACGGTCTGGGCCACCGCGGCCGAGACGCCGGGGCCCCAGGACGACAGCGTCAACGCCGCGCAGAGCGCGGCGGACGTGGTCCTGAGGAACGGCGATTTAATTTCTTTCTTCACTGCAAGAAGATCATTTCAGGCTGAGTCGTCTCGGGCTCTTTCGGCTCCAAGGGGCGGCGCTTCACCGGGGGTTCGGGACGATCTTCGATGATGGTTTTTTCGCCTTCGGCGTTTTTCGAGTCTCCGGCTGGGGCTCCGGCTCACGATCATATGAACGGATATTGTCGGAGGAGGTCTGGGTCACCCGCTTCTTGTAGATGATCTTCGGACCGCGGAACAATTCGTAGGGCAAAGCGAAGCCGGCCTGAGCGATCCAGCTCCGGTACTGGAGCTGCCCCAGCGCCTTGACCTCCGCGTTGACGAAGAAGCTCCACGTCGGCTTCGCGTACTGCACGCCCGTGATCCAGCGTCCCTGGCTTTGCTCGGGGCGCTCGCTGCTTTCCCCCAGCACGTCGGCGATCAGGAAGGTGCGCGACTTCAGGTCGAGCCTCGAGCGCACCGAGCCCGTCGCGTAGTTGTACCCGATGCCGAAAAACGGGGTCCACCGGTCGAAGTTCTTGTGCGCGATGGCCGTCAGGCCGAAGCTGTTGATGTTCCAGTCGATCTCGCCCTTGAGCTCGCTGTCGGCCCTGAAATTGCTGTCGATATCGACGTTGAACGTGCCGTTGAGGCGCGTGCGGCCGCGCAAATGATTATAGTGGCCGCCGATCGTGACTTTCGGGAGATCTTCCTCCCAGAGGTCGAAGTGCTGGCGCACGCCGAAGCCGTAGGAGTTCGTCTGTACCTGGGCGGTCATGGTCGGGGAGATCTTGTAGCCGGGAGGCGTCGTCGCGTTGGCGAAGCGCAAATAGGCGTCGCGCCGCCCCGGCAGGCCCATGCGCAAGTGCAGGGCGAGGTTCGGGAACAGCACCTGGTTCGGGAAGATGTTGGAGCCGCCTTTCTCTTCAAGCGCGGGAACCGTCAGCGACGGGAACGATTTCTTGTTGAACGGAATGCGGCCGATGCCCAGCGAGATGTCGGGCTGGAGCGCCCAGCCCTGCACCTCGCGCGGCGGGTCGAAGTTCGAGCCCGCGTTGAAGGCCAGGCCCTGCGCCATCTCGTGGCTGAGCCACTGCGTCATCGAACGGAAGTCTTCCGACAGGCTCGGATTGGCCGCGCGCGCCGGCGCCGCCCCCGAGGCGAGAACGAGAGCCGCCCAGAGGGCGGCCTTCGCCTTCAATGCTTGATGACCGCCCGCGAGCGCCCGCGGTCCGTGAACCAGTGGTAGACCTGAGCGCCGGCCTCGAAGGTCAACGTCGTCTTAAGGCGGTCCGGGTTGGCGGGCTTGGAGCGGGTCCCGTGCTTCCGGCCGTTGGCGGAAGGGTTTTTCTTCATCTTCCGATGGTAGCAGTCGCCCCGACAGGGGGCATGGGCCCGAGGTCCCAAGCCCGAAAAGGCAAATGGCCCACTATAGGGAAATGGCGTTAATTACTAAAAGCCTGGCACGCTGAGACGATAAAAAGGGCGGCGGGCCCTCTCGGACCCGCCGCCCCCGAGCCGCCCCTGGGATCAGGGATTCTCGTGAATCTTGAGCTTGCCGTCCTTCTGCATGAGCCCGACGCGCGCGTCCCGGAACATCTTGAACACGGCGATCCTGTCGCCGGGGACGAGGTCGGCCGGGATCATGAACACGTGGAACTGGCCGTTCTCCGTCAGGATGAAGGTGAAGGTCTTCTTGGTCTTGTCGACGCGGCCGTTCTTGACGTCGTCGGTGTAGAACACCTTGTAGGGCAGGCCGCCGATCGTGACCGCCGCGCCGCTGGCGCTGACGGCGTCGAGCATCTTCTTGAGGGTGATGCGGGTCTTGTCGTCCTCGTCGGCCGCGTTCTCGAGGATGATCTCGCTCTTCATCTGGTTGATCACGTTCGGGGCCAGGTAGAGCTTGTAGGTGTTCGCCCCCGCTCTCACGGACTCTTCCTTGTCGAGGAGGCCCTTCACGTTGAAGAACACCGGCTCGGAGCCGTCGACGAGGATCGACACGTAGGCGTTTTCCGAGCGGTCGAAGGCGCCGCTGACCCAGACGTCCTTGCCGCCGAGGCTGTACTTGAGCGGGCTCTTGAGCTGCTTATTAAGGAGCGTCGCGAGGTCGAGGTCGCCGACCTGGGCGGAGGCCCCGGGGGCCTCGGCGCCGAGCTGGGCCAGGACCGAGAGGCTGAACCAGCTCATCTGCGCGCCGGCCTGGGCGACGGGCAGGTACGTCCGCCAGTTCTTGCCCGCGGGCTGCGGCAGCGGCTGGGCGAAGGCGACCTGGAGGGCGCGTTCGGCGCCGGCGGCGGCGGCCTCGGGTCCGGCGACGGCGCGCGGAGCGGCGAGGGCCAGGACGAGAGCGGCGGCGGTGATCACGCGAGTCATGAATCCTCCGGTGGTGTCAGGCATTAAATCTTTGCCTCCGGCCTTTCAGCCGGTGCGGGATTCTAAGACAAGCGATTTTGGATTGCAAGCGCGAAACGTACCGCGCGGGTGATTTTTTTACCCCCTCCCGTTGTCAGGCTTCGTAGGGGTGGAGGACGGGGCCGGCGAGCGGCGCGGGCAGCGGAACGAGCAGGGCGCCGGGCGCTGCGACGCGCTCGCCCTCCTCGAGAAACACGAACACGCGGTAGCCGCGCGCGCGCAGGTCCTTCACGAGCGCCGGCGTGGGCGCGTCGGGATAGGCGGGCACGCCGGAGTAGTACATGACCTGGGCCGACTTGTGGTCCTTCACGTTGAGCACGACCTTCTTCCCCGGTTCCGCGCCGATTTTGAGCGAGACCGCGCGGAGGGCCGCGTAGTCGTACGTCGTGCTCCAAACGGGCGCGGAGTAGTCCGCGCGCAGGCGCGGCACGGCGAGAGCCAGGAGAGCCAGCGCAACGGCCCCGCGCGCGAGCGGCCCCCGCCTCCAGGCGGCGGCGCCGGCCAGGCCCGCGAGCAGGCACACCGCGGCGACGGACGCGCAGGGATACGAGTACAGCTTGGTCGCGATCAGCGAGAAGAAGACATACGGCAGGCCGACCCACAGCAGGAGCGCCTGGACGCCCGGAGAACGCTTCTTGAGCGCGTAGGCGAGAACCGCCGCGAGCGCGGGCCAGACGAGCCAGCCCGTCCCCACGACGGCGAAGTGCACGGGCAGCAGCTTCAGGTACCACCACCACGCGTGGGCGTGCCCCTCGAGCGCGTGGAGCAGGTGATCGAACTGGAGCGCGGACTCGTGGCGGTAGAGCTCCGGCCAGCGCGACGACGCGTACAGCGGCCACGGCAGGGCCGCGAGCAGGAAGGCGCCGAGGGCGTAGGGCCAGAGGCGCTTCGCCTTCGACCTATAAAGGAGCGGGATCGCGGCCGCGAAG
CP096137.1_gap69	3027292	3029164	1872	GCCGCTTTCGCCGTCTCGATGTCGTCGGCGTTGATGATCGCGTCGTAGTCGGCCTTCACCTCGCCTTGCAGCGACTTCGGCGCGTGCCCGAGCAGGTTCCAGAGCTTGTGCACGGTGCAGCGCTGGATCGGCAGGTTCGGCCACAATTCGAGAAGCGCCCGCGTCAGCCCTTTGTTGCCGTCCACAATGGCCAGCTCGATGCGCTTGAGCCCGCGGTCGGCTAGATTCGTCACAAACCCGCTCCAGGCCGCCGTGCTCTCAACGCCCATCACCGCCAAGCTCAGAAGGACCTTCTCGCCCGTCGAGCGCACGCCGATGGCGACCATGATCGGGAGCCTCTCGGCCTTGCCGCCGCATCTGACTGGCATGAAGGTCGCGTCCAGGTACACGTAGCGGATATCCTCGCCGGACAGATCCCGCTTGCTCCAGTTCTCAAAGTACGCCTGGAGTTGCACGATCACGCGCGAGATCGACGACTTCGACAGCGGCGAGTTCTTGAGCAGCGGCCGGATGGCCTGCTTTACTCGTCGCGTGTTGACGCCGCCGAAGTAGAGGCCCAGCAGCGCCGCGTCCACCTCCCGCGTGCGCCTGGCGTAGCGCGGGACGATCTGCGATTGCCATTCCCGGCTCCGTTCTCCGTCGAAGACGAGCGCGCGCGGCACGACGAGCTCCGTGGGGCCAAACGACGTGCTCAGCGTTCTGGTCTTGGTGCCGTTGCGGTAGCCCCGGCGCGTCTCGGTCCTCGCGTAGACGCCGGCGCCGAGGAAGGCGGTCAGTTCTTCTTGGGCAACTCGTCCGAGGGCCTGACGGATGTGATCACGGGCAGCATCACTGAGGACGTCCAGCGAAAACGGCAACGCCACGGCTGTTGTACGAACGGGTACGGCCTTGATAGACTTCATGTGAGCGTAACCTCCTGGTCGCCAGCTGATAACTGGCGCGGTTGTTTGACTTCTTCAACCAGAGGTTACGCTTTTCAATTTTCCACAACAACCGGGACGGTGCCGGTCCCGACCCAGAACGGGACTAGAACTAATTGACGGCTGATCGGGAATGTTTTCATCGACGATTTCCCGTAAGGGAATAATAGCTGCCTTCTCGCCCCTTTGCGCCAGTTCGGCGATGGCGTCTCTATCGAAATTCCGCGCCCGCCGAATTAATTCAGAGAAGTCTGATTTTTCGTAGGGGCGCTGTTCGGCATAGCAACAGGTCGACAGAAGAATAGCAGTCATGGCAAACGCGAATCGATTCACCGCGACCTCCCCACGCGCGTCCGCCTACTGACCGTAGGCAAGGCGCAGGGCCAGGTACTCCGGCAGGCCCGCGGCGCGGATCTTCGCCTGCACGCCGGAGATGTCGTAGGGCACGCGGAAGACGCGGAACGTCCCCTTCTCGGAGTCGTAGAGGCCGCACGAGGCGCGGTTGTCCTGGTCGCGCGGCTGGCCGACCGAGCCCGGGTTGAGAGCCACCGGCCCCATCACGCCGCCGTGCAGGCGCGGCAGCGACTCCTCCTTGTCCTCCAGGAAATGCGTGTCGACCTGGTCCGGGGAGCCTTCGACGAACCGGAACAGCAGCGGCATGTGGCTGTGCCCGACGAACAACGGCCACTTGTTGACGAGGGCGACGTTGTCGCGGAATTGCAGCGGGCTCAGCAGGTACTCCTCGGGCGGGTTGCGCGGCGTGCCGTGCGCGAGCGTGAAGTTCGGCGTCTCGATGCGGGCCGTCAGGCCCTCGAGGTAGGCGCGGTTCGACGGGGACAGGTGCTCGCGCGTCCACATCACCGCAGCGCGCGCGTATTGGTTGAACCAGTCGAGCTCGAGGCGCTCGACGACCGCGAGGTCGTGGTTGCCGCAGATGATCGACAGGTTCGGC
CP096137.1_gap70	3077630	3079384	1754	CGTCGCCGAAGATCGTGTACGCGCGGTAGATCAGATTATGAGTCGTCATCGGCCCAATTGAAACGAAGCAGTTGCCGGAGCGCAGCCCGTCGGCGTAGCCCTGCGTGTTGTCGACGTGGGAGGGATTGACCCGCGGGCAGGGCGTCGCGGCCGAGATCGCGAAGGGCTTGAACGAAGTCCGCACCGTCTGGGCGGCGGCCGGCAGGGGCAGCAGCGCGGCGAGCAGGAGAAGTCGTCTCATGCTCGCGAGGCTAGCAATTTTTTCGCGTCAAGCGACGGGGTCGCGCTGGAGGAACGGGTAGCGGTAGTCGCGCGGCGGGTCGAAGGTCTCCTTGATCGTGCGCGGGGAAACCCAGCGCAGGAGATTGAGATAAGACCCGGCCTTATCATTGGTGCCCGAAGCGCGCGCGCCTCCAAACGGCTGCTGGCCGACGACGGCGCCGGTCGGCTTGTCGTTGAGGTAGAAGTTGCCCGCCGCGTGGACGAGCGCCTTCTCCGCCTCGACGAGCACGCGGCGGTCGCGCGCGAACACCGAGCCGGTCAGCGCGTAGGGCGTGCTCTCGTCGACGAGCTTGAGCGTGTCCTTCCACTTCTTTTCCTGGTAGACGTAGACGGTGAGCACCGGTCCGAAGATCTCCTCGCACATCGTCGTGCTCTTGGGGTCCGTCGTCTCGATGATCGTCGGGTGGACGAAGAAGCCGACGCTGTCGTCGCAGATCCCGCCGGCGACGATCTTGTTGGCCTTGTTCTTCTTCGCGGCCGCGATGTAGGCCTTGATGCGGTCGAAGGACTGGCGGTTGATCACGGCGTTGACGAACTTGCCCGGATCCTCGGGGGTGCCGACCTCGATGGTGGCGAGCATGTCCTTCATGAGCTTCTTGATCTTCGGCCACTGGCCCGCCGGGACGTAGGCGCGCGAGGCGGCGGAGCACTTCTGCCCCTGGTACTCGAAGGCGCCGCGCACGAGCGCGGTCGCGACGGCCTCGGGATCGGCCGACTCGTGCGCGAGCACGAAGTCCTTGCCGCCCGTTTCGCCGACGAGCCTGGGATAATTTTTATAGAGGTTGATATTCTGGCCGACCGTCGTCCACATGCCCTTGAACACCGACGTCGAGCCGGTGAAGTGCACGCCGGCGAGGTCGGGATGCGAGAGGGCCACGTCCGAGACGGCCTTCGGGTCGCCCGAGACCATGTTGATGACGCCCGGCGGCAGGCCGGCCTCTTCGAACAGCTTCATGACCCAGTACGCGCTGTACATCGCGTGCGTCGACGGCTTCCAGACGACGACGTTGCCCATGAGGGCGGGGGCCGCCGGGATGTTGCCCGCGATGGCCGTGAAGTTGAACGGCGTGACCGCGTAGACGAAGCCCTCGAGCGGGCGGTACTCGAGGCGGTTCCAGAGGCCCTTCGAGCTGTCGACCTGCTGGGCGTAGATGAACTCGGCGTAGTAGGCGTTGAAGCGCAGGAAGTCGATGAGCTCGCAGGCGGCGTCGATCTCGGCCTGGAAGAGGTTCTTCGATTGGTTGAGCATGGTCGCGGCGTTGAGCGTCCAGCGCCAGTCGTTGGCGAGGAGGTCGGCGGCCTTGAGGAAGATGCCGGCGCGGGCCTCGAAGGGCATCGCGGCCCAGTCCTTGCGGGCCTTGAGCGCGGCGGCGATCGCCTTCTTCATGTCGGCGGGCGAGCCGTCGTGGTACTTCGCGAGGAGCTGGTTGTGGTCGTACGGGGAGCGCACGTCGTGCTTCTTGCCGGTGCGC
CP096137.1_gap71	3083335	3086220	2885	ATGCGACCGGCACGGCGACTTTGTACAAGCACCGCCTCGGCGACGCGTTCAACACGCTCGAGAAGGAGGTCACCGACTTCGACCCGACCCGCGGGCCCGGGCGGACCGAGGTGCGCACGATCACTCTCGACGACTACGCGAAGGCCGAGAAGCCGCCGACCGTCATGAAGATCGACGTGGAGGGCGGCGAGAAGCGACTGCTGGCCGGCGCGGAGAAGACGCTGCGCTCCGCGCGCCCGGCGATCGCGATGGAGGCCTGGGCCGGCGAGGGCGGGCGCCGCTTCACCTTGCCCGCCGCGCGGCTGCTGCTCGACTGGGGCTACGAGGTCCGCTCGCTCGACGAGGACGGCGGGACCGCCCCGCTCGCCCCGGAGTCCCTCCCCGCCTTCCTCGACGCGATCCGCGGCTGGGACAACCTGATCTTCGTGTCGAAGTAGTGTCAGTCCTCCCGTTGTTGCATTATTCGAATTGGGATTTCCCTTTGCGAATAATGCAACAACGGGAGGACTGACACTATTTCCTAGGCAGGCGGCTGCTCGCGGCGGCAGACGATCTCGCCGCTTTCGGCGACCTCGAAGGAAACCGCCTTCGCCTTGGCGGCGCGCGCCTCGACGAAGTGGTTGGCGTAGCGGTCGAACAGGATGCGCTCGAGCTCGCGTATGCCGAACTTGCTGACGCGGATGTTGGCCTCGAGCGCCTGGATCAGGAGCTCCGGCGCCACGAAGCGCGTTTCAACCCCATACTCCTGGCCGAGCTTGGCGATCTTCAGCAGCGCGATCTCGGCGATCTGCATGCCGGCCAGCGGGTTGAAGAGGTAGACCTTGTCGACGCGCCCGAGCAGCTCCGGGCGGAAGGTCCCGCTTTCGGAAAGCACGGTCTTGATCGCGTTCATGATCCGCGGGTAGTCCGTCAGCCCCGCGACGGCCTTGCCCATCGACTCGGCGAGCGCGTTGCTCGTCATGACGACGACGGCCTGGGTGAAGTCCGCGGTCTTGCCGCTGCCCTGCTCCGTCAGACGGCCCTCGCCCATGAGCTGCAGCAGGAGGTCGAAGACGATCGGATGCGCCTTCTCGATCTCGTCGAAGAGGACCACGCGCTTGGGATTGGCGAACATCGGGCGCGTGAGCTGGCCGCCCTGGTCGGCGCCGACGTAGCCCGCGGAGGCGCCCGTCAGGCGCGCCTTGCCCATCTCCGCGCTGGCGAGCTCGGAGCAGTCGAAGCGCAGCAGCGAGCCCTCGTCGCCGAACAGGTACTCGCAGATCGCCTTCGCGAGCTCGGTCTTGCCCGTGCCCGTGGGCCCGAGGAAGAGCAGGTTGCACACGGGACGCGTGCGCTTGTCCTTCATCCAGGACAGGCGGATCAGCCGCGCGACGTCGGCGATGATCTCGTCCTGCCCCTTCACGCGCGACTTCAGGTGCTCGACGAGCTTGTTCTCGTCGACCGTGAAGCGCTTGCTCTCGGCGTCCGTCTCCTTGAGCATGCCCTGGAGCTTGCTCCAGTCCGTCATCTTCGAAAGATCGCTCACCGTGTTCTCCTCATGGAAGGGTGCCGGGCGCGCGGCCGCGGCGGAAAATGTCGCGCGAGAACGCGCGCCGGACGAGCGACGTCGACGAGCCGAAATAGGCCTCGACGGCCGTCGACTCGCTGCCTCGCACGCCGACGACGCGCGGGCGCCGGGGACCCGTCACCGTCGCCGTCGCGCCCTCGTAGGCGTTGATCTCCGTCTGCGGAGCGTCGTCGTACCGGCAGTCGGCCAGCTCGACCGACGCCTCGAGCCAGGCCGCGACGGGCAGACGCCCCGCGATCTTCGCGCGCGTGAAGCGCGCCTTGAGCGGGCCGCGCAGGATGACCGTGGCGCGGCCGCCCATGAGCTCCGAATCGACGACCGTCAGCCGGGACGGCCTGTCGCCCTGCTCGGCGATCAGCGCGGGCTCTCCGAAGCCGGGAGTTCCGAGCTCGACGCGCCGCAGCAGGACCGTCGAGCCCGTCGCGTACAGCGCGCCGTGCGGCTCGCGGATCGGGAATTCGTTCGGGGTGCCGTACATCACGCGCACCTTTTCCATCTCGAGGCTCCCGTTGCGCACGACGACCCCCGCCATGCGCCCCGAGTGGCGGATGGTGACGGCCCCGGGGTCGGAGCCCTGGCCCGTGATGCGGAGGCTCTTGTCCGTGACCTCGACGGGGCCTTCATAGATTCCAGGGCGCACCTGGATCTCGTCGCCCGAGGACGCGCTGAACGCCGCGTCGCGCAGGCTGCGCGTGTCCCCGCGCCGGCGGCGTCGACGACGTAGACGCCCGGGCGCGCGGGGCGCACGAGCATCGCCGGAGGCGGAGGCGGCAGAGCCTGCTGGCCGATGAGCCCGTTGATGAACCCGGCCACGCCCCCGGGCCGCCGCCCGCCGGGATGCCCTGGTTGTTGCCGACCCCCGCGCCGGTCAACGTGATCTGAGGCGGGGCCGGCGGCGTCGCCGCGGCGGCCGGCGCCGGAGCGGGGGCGGGGGCGACAGCGAGCGGCAGCGGCCCGGGAGCCGGGGCCGGCGCGGCGGCGGGAGCGGCCGCGACCGGGGCGCCGAGCGCGAAGTGCTCGGCCGCCGCGGGCGCCGCCGCCGGCGCGGGGCCGCCGCCGGCGCGAGCGCGGGGCCGGGCGAGCGGCGCGCCTGGATCGAGCCGACGAGGGAGACGACGGCGGCCAGTCCCGCGATCGCCGCGAACATCTGGAACCAGCCGTCGCCGGCGACGCGCTTCACGCGGGCCTCTCGCGCGCGAGCAGCAAGGTCCCGGCCTGCGTGGCGCGGTCGTAGCCGAGCGAGACCTCGCTCGTGCCTTTCTGCCGAGCCTCCTCGAGCAGAGGGTCCATCAGCCGGCGCAGACAGCGGGCGAGCTGG
CP096137.1_gap72	3087637	3089612	1975	GGGCCGCGCGGCGCCTCGGGGTCGCCGGAGCCCATCGAGCCCGCCGCCGGCGCCCGGTCGGAGTCCGGGACCGCCGCGGCGGGCGGCGCGGAGGCGCGCAGGCGCTCGGTGGCCGCGGCGTTCACGTCGGCCTCGGCGACCCACAGGACCTTCCGGTTCTCCGCGACGATCGGGACCGGCGACGGAGCCGACGGCGCCCGGAACCAGACGACGCCTCCGGCGAGCGCCCCGGCGGCGGCGAGCGCCGCGAGCGCCAGCCCGAGGCGCGGGCGCGGCTTGGCGCCCGGCAGCGGCACGTACGCGGAGGCGCGCGGGCCTCCGGGTCCGGAGAACGAAGACGAGGTTTTCGGCGCGGCGTCGGCCTTGGCCTTCTCGGGATCGGGCTGCGGGTTTTCGCTCATAACCGCCTTAGTATTGAGGAAGCCCGGGGACTTGTCAACCCGCTTTACCGACTCCTTCCCCCGTCGTAATAACTCGGTAATCGGCCCCGGGCTATACTGAGAACGCACCGATGATCGACACCGAACGAGACCTGCTGCAGGTGCGCCGCCTGCACGACGAGATCCTCCGCGAGCGCGCCGAAGGCCTGCGCGAATCCGCCGGGACCTACCGCGCCCGCCTGCTCGAGCGCGAGGAGGCTCTGGCCCGCCTGCGCGTCCAGGTCGCCGCGCTGAAGGCCTCGCTCGCGCCGAAGCCCGCGCCCGCGCCCATCCCCGTCCCCGCGAAGGAGGCCCCCTCGGACTCGGCGAGATTCAAGGAGGCCTCCCTCCCGCGGACGGGCTCATTCTGGACGCGCGCCGCTCCGTACGCGGCGATCGCCGCGTTCGCCGCGGTCATGGAGCTCGGCGGCGCGCGCCGCCCGGCGCCCGCGTCGGCCCGCGACCTCGCGGCCTTCGCGCGGCCCGCTCCGGCTGCCGTCGTTCTCGGCGAGAAGGCGGTCGCCAAGGGCGCGCCCGTCGTCGCCGACGAGGACCGCTCGCAGGAGGCCCTGCTGCTCGTCCACGAGTGGACCTTGCCCGGCGACGAGCGCACGCTCGGCGACCGCCTGGGCGGCGGGCTCGACCTTCCGGGCGGGCGTCCCGCGTGGAGCGTGGAGCGCACGGCGGAGAACGGCTATCGCGTGACCTTCCGCGACGGCGCCCGCGACGCTTCCTACTCCTTCGACGCCGACCTGGCCGCCCGCGTCGTCTGGCCGACGCCGGAAACTCAGGAGCTCATCGCCCCCGCCTCACCGCCGCGCTGCGCGACGCCGTCCGCGAGCCGTAGCTACTTAAACAGCGCGAGGCTCGACGTGTAGCCGTGCACGAACACGCGGCCGCCGACGGGACCGAACTCGCCGTTGGCGAAGAAGCCCGCGAGCGGCACCGGCCCGCGCAGGCTCTGCACGAGCGTCGCGTCGTGATCGGATTCGCCGTAGAGGCCCTTGCCGCGCCCGCAGCAGGCGAACAGCAGGCTCCGCGCGGAGCCGCGTCGGTCTCCGGCAGGCTGCCGAGCAGCAGCGAGAAGTCCTGGTCCGAGGTCTGCGCGTCGCGCAGCTGGAACTGAAGGGTCTGCCCCCGGCGGAGGTTCGTGCCGAGCACGAGCGCGCCCGTCGCCTGGTCGAAGCCGAGCAGGTTGCGGATCAGGAAGTCTCCCCGGCGGAACTCCGAACGGCTCTCGTTCATGACGACGCCGGCGAACAGCGAGCTGCGCGCCAGGCGCTGGTCCTCGGGCGTGCACTTCGACAGCGTCTCGCGCAGGACGTCGAGCGGGCTGCGCCCGCCGAGCTCGCGCAGCACGTTGCCCTCGGCCTTCGTCACGATCAGCGGGTCGCCGATCGGACGGCAGCCCTGCGCGACGACGGTCGAGACTTCGACGGGGCCGACGAGCGCGACGCCGGCCACGCCCTGGCGCAGGACCTGGGAGCCGAGCAGGAGCCACGCCGGGCGCTGCAGCAGCGGGGCGCTGGCCATGCCGCCGACGACGGGCGCGCCGG
CP096137.1_gap73	3094606	3096437	1831	GCGCGAGCGTGATCTCCTGAGGCGCGCGCGAGAGCGCGTAGCCGCCGGCGCTGCCGCGGTGGCTCGCGACGAGCCCCGCGCGCCGAAGCTTCACGAGGATCTGGCTCACGTAGTCGGCCGGGACGTTGTCGATCTCGGCCAGACGCTCCGCGGGCACCGGCGACTTGCCGTGCTCGGAGGCCAAGGTCACCATCAGGCGCGACGCGTACTCGATCGAGCTCGTGATCCTCATGGAATCCTCAGTACAGCCCCAGCTGCTCCTTCGCGTCCTCGGTGGCCATCGTGCGCGGGTCCCAGCCCGGCGCGAAGGTGAGGTCGACGTCGACGTCCTTGATGCCGGGCAGCTTCGTGAGCGCGGTGTGGACCGAGGCGAGGAGCATCGGCCCGTACGGGCAGGCGGGCGAGGTCAGGCTCATCTTCACCTTGACCGACGGGCCCTTCGCCGACTCGCCGAACTCGGCGCCGTAGACGAGGCCGAGGTCGACGATGCTGAGATGGATCTCCGGGTCCTGCACGGGCTGCAGCGCCGCGCCGACCTGTTTGAAAGTGGCTTTTTCCACGGTCTTGGTCATTTGGCCGCCTCGAAGCCCTGCATGACGGTGTTCCACCCGAGGGTGGCGCACTTCACGCGCAGGGGAAATTTCCGCACGCCCTCGAGCGACGCGAGCGGCTCGAGCTCCTCGGGAAGCCCGGCCACGTCGCCGTTCTCGAGCATGAGCTTCTTGAACGCGGCGACGAGCGACTTCGCCTTCGGAATCTCGGCGCCCTCGAGCGCCTCGGCCATCATCGCGGCCGAGGCCTGCGAGATGACGCAGCCGTGCCCCGCGTATCTCAGCTTCGCGACTTTTCCGTCGCGAAGTTCCGCCGTGATCTCGAGCTCGTCTCCGCAGACGGGGTTGATGCCGTGCGCGCGCAAATTCGCCGGGTCCACCTTGCCCTTGCGGGTGGAGGACCGGAAATAATCGAGCAGCACCTCGCGATAGAGGTCCTGCAGTTCCGCGTCGCCTTCCATCAGCTTACCCCCGCCTTCGGTCCCACCCGGAAGAACTCGAGCGTGCGCTTGAGCGCGCGCGCGAACGAATCCACGTCGGACTGGTCGTTGTACAAATAGAAGCTGGCCCGCGCCGTGCCGCCGCACTGCAGCTGGTGCATCAGCGGTTGGCAGCAGTGGTGGCCGACGCGCACGGCGACGCCCTCGAGGTCGAAGGCCGTGCCGACGTCGTGCGGATGAAGGCCGGGAACGTTGAACGAGACGACGCCGGAGCGCTTGGCCGGGTCCTTGGGCCCGAGCACCGTCATGCCCTCGGCCTCGAGGATCGCGCGCGCCTTTTCGGCGAGCTCGTGCTCGTGGGCCGAGATCGCGTCGAGCCCGACGTCCGAGAGGTAGTCGAGCGCGGGCGCGAAGGCGGCCTGGTCGGCGAAGTTCGGCGTGCCGGCCTCGAACTTGTACGGAAGCTCGTTCCAGGTCGACTTCTCGAGCGTCACGCGCGAGATCATGTCGCCGCCGCCGAGGAACGGGTCCATCGCGTCGAGCAGCTCCTCGCGGCCCCACAGCACGCCGACGCCGGTCGGACCGAGCATCTTGTGCGCGGAGAACGAGACGAAGTCCGCGCCCCAGCTCTTGAGGTCCATCGGCTTGTGCGGCGCCCACTGGCAGGCGTCGACGGAGACGACCGCGCCCGCGGCCTTGCCGAGCTTGATCAGCTCCAGGACGGGGTTGACCGTGCCGATCGCGTTGGAGAGGGCGGTGAAGGTGAAGAGCTTCGGCCCCTTGGCGAGCGCGGCCTTGACCTTGGCGAGGTCGAGGGTGCCGTCGAGCTCCACCGGGACG
CP096137.1_gap74	3120348	3125082	4734	GGCACATGCGGCCGATCTTCGTGTGGCCGCGCAGGATCGTGCCCGGGTAGATCACGGTGTCCTGGCCGATCTCGACGTCCGCGTCGACGTGGGTGGACTGCGGGTCGCGGATCGTGACGCCGGAGATCATCAGGCGCTCGAGCATGCGCTTGTTGAGCACGCGCTCGGCGGTGGAGAGCTGGGCGCGGTTGTTCACGCCCTGGATCTCTTCGGCGTTCGAGGACGTGTACGCGTGGATGCGCCCGCCCTTGGCGCGGATCGCCTCCATCACGTCGGTCAGGAAGTGCTCCTTCTTGGGACCCTTGGCCTGAATGTCCTTGAGGCCGTTGACGAGCGCCTCGACCTCGAAGCAGTACGCGCCGGAGTTGACCTCGGTGACCGCGAGCTCCTTCGGGGAGGCGACGCTTTCCTCGACGATGCGCTGGACCTCGCCGAGCGCGCCGCGGACGATGCGGCCGTAGCCCTTCGGGTTCTGCAGGCGCGCCGTCAGCAAGGTCGCCTGGCCCTTGAGCTGCTCGTGGGTGAGGAAAAGATTGTAGATCGACTCGTAGGTCAGCAGGGGCGTGTCGCCGCACATGACCATCGCGGTCTTGAACTTCTTCAGGAACGGCAGCGCCTCGAGAACGGCGTTGCCGGAGCCCATCTGCTTCTTCTGGTGGATGACCGACAGCGGGCGGGCGACGCCGATCGACTTGAGCATGTCGGAGGCGGCGACCTTGACCTGGTCGGCCTCGTGGCCGACGACGACGCCGATCGCGCCGGGCTTGAGCGCGTTGGCGATGCGCAGGACGTAGAAGAGCATCGGGCGGCCGCCGACGTGATGAAGGACCTTGGGGATGGACGACTCCATGCGCGTGCCTTGGCCCGCGGCCAGAATCAGCACGGCCAGCTGTCCTTGTCCCTTCTTGTTCGCGCTCATGTTCGTCTTATCCCTCTAAAACGTTTTCCCAGGCCTGGATTCGAACCAGGAATAACGGATTCAAAGTCCGCTGTGTTACCATTACACCACCCGGGAGTCTGCGCCGTTCCCTGCAGCGGCCTGGAGAACCTCCCGCTGATAGCAGGCGAACACTTTGCTCTCCAGTTGCGAACGAAAATCGACGGTGATCGGATGCGCGACGTCTTTGAAGGTGCCGTCGGGCATCTTCCGGGACGGCATGCACAGGATCAGGCCCTTGTCGCTCTCGATCACCTTCATGTTCCGCACCACGAAGCAGTGGTCGAACGTGACGGTCGCGAACGCCTTGAGCTTGTCCTCTTTGCGCAGGTGGACGCGGATTTCGGTGATCTCCAAGATGTTCAGCCGTGACAGCTCGTCAGATAAACCTTCCAGGGATACGCCCGGAGCCTTCTGACTACCCGCTCACCCTCGGCGTGCGAACCGACGAAGCCGAACACCGAGGAACCCGAGCCCGACATGCGCACGCCTCTCGCCCCCGTCGCTTCCATAATGCGCCGGGCTTGAGCTACTTCCTTCAAAACTGGCAGGTCCGCCTGCTCCAGGCGGTTGAACAGAAAACCGCCCCATTCCTCGACGGGGCGGCCTCTTTTCAGGCTGCGGACCAGTTTATCAAGTTGAGAGAGGTTTTTCAACACGTCCGCCCGGCGGCGCGGGGGCAAAGCGGTGTAGACGGGCCCCGTCGGGGACGGGAAGCCGGGCCAGGCCAAAACCATGAAGGGCAGGGACTTGGCGATCTTGACCGGGCGCAGGCGGTCGCCGATGCCGGTCGCCCGGCAGAAATTGGCGTCTTTCAGGAAAAAAGGCACGTCGGCGCCGAGCTTGACCCCGATATCGTGCAGTTTCTTCTTCTTGGCGGCCGTCAAATTAATCTTTAAAAGCCTGGCTAATCCGAGCAAAGTGCCGGCGGCGTCCGAGGACCCGCCGCCCAGGCCCGCCCCCATCGGGATGCGCTTGGTCAGGATGATCTTGACCCCTACCCCGACGTGGAAATCATGGTAGAAGGCGCGGGCCGCGCGCAGGATCAGGTTGTCGGGCCCCGCCGACAGGGGCTCGGTGCCGAGCTCGTCGATGATCTCCAAGGTCGGTTTGTTGCCGTTGACGACCTCGAGCTCCAGGACGTCGTAGAGGTTGATTTTGGCGAACAAAGTCGAGAGCGTGTGGTAGCCGTTCGGCTTCTTGCCCGTCACCTCGAGGAAGAGGTTCACCTTGGCCGGGCACTGCTGCTTGATGCTCACGGAAAAAACTCCGCCTTCGGCTCGGGGCAGGAGATCGCGAGCTCCCAAAAGCGGCCCTTCGTCTCCAGAAGACGCGGGACCTGGCGCTCGCGGGAGCGCAGGAAGTCGGAAAGCGCGACCGCGACGCCGTTGTCGGCCGGGGAGATCGAGCGCGCGAGCGCGTCGTCGAGATCGACGCGCCAGGCGGGGCGCATGAGGCTCGTGCGGCCCCAGCCGCGCTCCATGCGGGCCGGGCCGGGACTGAACGCCTCGCCGGACAGCGCGGCCGCGATCGCGGAGAAGGCGCCGTGCGCGGCGGCCTCGACGCGGCCCTGGTCGACGCCTTCGACGGGGAACTGGTCCATCGTGAACCCGCGCTCGTCGAGGCGCGCCCGCCACGCGGTCGAGAACATCGGACCGAGCAGCTCGAAAGACGCCTGCCGCGGCGCCTTGAAGGTGAACAGCGCCTGGCGCGAGACCGCGTGCCCCGCGATGCGTCCCTTGAGCTCGCACAGGCCGCTGAGCTTCTTGACGCCCCCTGGACCGCCGCGAGGTGTCGCCGCCACAGCTCGCCAAGCTCCTCGTCGGTCCAGCCCTTTTGGAGCGCCTCGGCGCGGGGGCCGGCTTTCTCGGACCCGAGGCTCTGCGCGAGGCGCCACGCGAGCCACGCGTCGCCCTTTCGGCCGAGGGCCTCCGCGGCGGCGGCGAGATGCTCCCAGACGGTCTCGTCGTCGCCGATCGCGCGCGCGGCGGCCTCGAGCTCCGAGACGGCTTCCGTGCTGCGCCCCTGCTTGAACAAAGCCCAGCCGAGGGAGTCGCGGTACGCGGCGTTCGTCGGCTCGAGTACCAGCGCGCGGCGGATCAGCTCCTCGGCCTCGGCGAGCTTGAGTCCGCGGTCGGCGAGCGAATAGCCGAGGTAGTTCAGCGCGGGACCGTCGTCGGGCTTGCCGTCGAGGAGCTTGCGGAACTCGGGCTCGGCCTCGCCGATCCTGTCCATCTTCTCGAGGATCGTCGCGAGCTGCCAGCGCGCGTCGCGGTCCTCGGGCTTGACGGCGAGCACCTCGCGCAGCAGCGCGACGGCCGCCGAGCGCTCGCCCAGGTCGTCGTGGCCGAGCGCGAGGTAGTAGGCGACGCGGTCGTCCTTCGGCCAGCGCGCGCGGGCCTCCTGGAGCGTCTTCATCGCCTCCTTCACGCCGCCGGACTGGAGCTGGTAGTAGCCGAGTCGCAGATGCAAGGTCGGGTCGTCCTTGAGCGCCGAGCTGTCGCGCAGGGAAGCCGCGGCCTCCTTGAAGTCGCCGCGGCGTTCGGCGTCGGAGGCGAGCCACGCGGCGGCGGCGGGATCGTCGGGCCGGCGGGCCTTCAGACGCAGGAACTCCGCGCGCGCCTCCTCGAGGTCGCCGCGCGCGGCCTCGAGCTCGGCGACGTGCGCCCACAGCTCCCAGTCGTCGGGAATCGACAGCAGGACCTTGCGGTACTCGACGATGGCCGCCGGCGTGTCGCGCGAGATCTCGTAGATCTGCCCGAGGCTCAGGCGCACCGGGTCCGACTCGGCCTCGTCGAGGAGATCGCCCGCTTGAGCTTCTCGATCGCCGCGGGGTAGCGCCGCTCCTGCGCGTCGAGCTTCGCGAGCTCGTGCAGGACCTGCGACGCGTGCTCGGGGTTTCCGGAGAGGAAGCGTTCGAGCAGCGCGCGCGCGCGCTTCGGCTCCTTCGGCGCGATGAGCTCGGTCAGCGCCATGATCGCGTCGATCGACGCGGGGTCGAGCTTCAGCGCGCCCTCGAAGGCCTCGACGGCCTCCTTCTCCTGGCCGCGCGACCAGAACACGCGCGCGAGGATCATCTGCGACTTGCCGTCTTTCGGCGCGAGCTCGAGGCGGCGGCGGGCCCACCTCTCCGCGCGGCTCCAGTCCTCGAGCTCGAGCGCGAGGTCGGCCGCCTCGCCGGCGAGGAACGCCGAGCCGGGATCGAGCTCGAGGGCCTTCTCGTAGGCGGCGAGCGCCTCGGCGTAGGCGCCCCGGCGCTCGAGCAAAGTCCCGCGCAGGTATTCCTGCTGGGCGCCCGCGGGGCCGGCGCCGCCCGACGACGGGGACGCGGCCGCGGGCAGGGCGAGCAGGAGGGCGAGGAGGACGGGGGTCAAGGGATCACGAGGTCGAGCAGGACGGCGTCGGAGCCGTCATCGTAGAACTTTTTCCGGCGGCCCACAACCTCGGCGCCGGCGGCCGCGTAGAACGCGAGCGCGCGCGCGTTCGCCGACGAGCACTCGAGCGTCACGCGCTCGGCGCCCTCCTCCTTCGCGGCGGCGACGAGCGCCGCCCACAGCGCGCGCCCGGCGCCCTCGCCGTCCGCGGCCGAGGCGAAATCGAGCAGGCGCGCCTCGCCGTGGCCGACGCGCGCCAGCGCGTAGCCCCGTCCTCCCTCGGCGACGAGGAACAGCGACTCGGCGCGCGCGAGCTCGGCGAGCAGGTCGGCGCGCGACCACTTCGCGGTGAACGGGCGGGAGGCGGCGAGCGCGCCGACCGCGTCGACGTCGGCGGCCGTCGCGCGCCTAACCGCGGGGCTT
CP096137.1_gap75	3127000	3128678	1678	GTCTCGGCGGACAGGAGCTTCTTCCAGCTCTCGGGGATGTGGGCGCGCGGGTGCGGCACGAGGCTGCCCATCAAGGTCCAGCGCGGCTTGACGGGAGGCGCCTTCAACGGCATGCCGGCCTCGTCGGGAAGACGGTCGGCCTTCTTCAGGTTGCACGGCCGGCACGACGTCACGACGTTCGTCCACTCGTTGGACCCCTCGCGCGAGCGCGGGATCACGTGGTCGAGGTCGAGCTCGTCGCTCGGCTTGCGCTTGCCGCAGTACGAGCAGCGGTAGCGGTCGCGCGCGAAGACGTTGTGCCGGGTGAACGCGACCTCGCGATGCGGGATGCGGTCGTAGCGCACCAGACGGATCACCTCGGGCACCGCGAAGCGCGTGGTCGGCGAGGACACGAATCCGCCCGGTACCTGCGCCCAGTTCGAGGACGCCGCGATCCAGGCCTGAAAATCGTACGGCGTCAGGTCCTCGTCGAGCGCCTCGGCCAGGCCCATATAAACCAAGGTGACCGCCCGTCGCCAATCGGCGACGGCGACCGCCCGGAAGGACCGGTTGAGCACGAGAGTGCGCGCCATGTCCCGCATAGATTAACAGGGGAAAAGCTTTAAATCAACGCCCCCACCCCTCGATTTGGCCGCGATTTGACCCCGTTTTGGGCCTCGTTTGCGCTCCAAGGGCCATAATGGGTCCGACGCCAGGAGGCGCTATGGACACCGGTTCCTTGGTCTGGTCTTACGCGGCGGCATTGACGGTCGCCGCCGTCGTGACGGCGGCATTCTCGCGCGCCATCGACCGCGTCCTTTATAAGCTGATCCCCGAGGAGGTCGCGCCCTCCTGGACGCAGTTCGTGAAGTTCGCCCTGTTCGTCGCCTCCTTCGCGGGCGGCATGCCCACGGGGCCCGGAGGCGCCTTCATCGACCGCAACGGTCCGCTCGTCACGCCCCCGTCGAGGGCACCGGACTCATGATGGTCATGCGCTCGGTCGGCGGCGCGCTCGCCGGCGCGTCGTGGATCTTGCTCGTGTTCTTCGGAGCCACTTTGACCGCCTACATGGCCGGCCGCGTCTGGTACGCGCTCAAGGAGCGCCGCGAGAAGGAGGCCGCCGAGCTCAAGATCCGCGAGGACGCGCATCGAGAGGAGAAGGCTCTGCGGGACGCCGCCTCCGAGAAGCGGCGCGCCGCGCCGGCCGAGCCCACGCCGCTCCGCCGCCAGGAGCCGAGCGAGGCCCGGCCCGTCTCGCCGAGGACGGAGTCGAAGAATCTTCCCTCGAAACGGCCTTAGACTGTTTCCAGGAAACAGTGATTATCAGCAGTGAACGATTTGGATATACTCGGGGCATGAAGATCCCGCTCGCCCTCCTGCTTTTCGCGCAGACCGCTCTAGCCGCCGACGTGCCGTACGAGGTCGTGAAGATGCCGCTGCAGCGCGCGAAGGCCGGAGCGGTCAACATCAAGGCCGCGAGCAGGTGGAACGCGCTGTGGAGCGCCGACGAGGTGAAGGCCTGCGGCCACGCCGTCCCGATGCCCGCGCCGCCGGCGATCGATTTCAACAAGCACGAGATCGTGGGAATCTTCCTCGGCGAGGGCGGTTCTTCGCGCAAGGATCCCGTCGTCGTCTCGGTCAAGGACTCGGCGACCGAGCTCGTGGTCTTCTACCGCGCCGACAAGCCGCCGAAGGGAAC
CP096137.1_gap76	3156703	3158399	1696	TCCAGCGCTCCGGCGGCCGAGCGCTGATAGACCCCTCCGTCGGCGGAGCGGTAATAGGTCTTGTCGCCCGCCATCAAAGTCTTCCAGCCGCCCTCGACGGCCTCCGCGTGCACGAGCGTGCCCTTGCCGTCGGAGGCATGCACGGTCAGCGAGCGCACGCCGTCGTCCACGCGGGACATCGCGACGCCGACGACCGCGCCCGCGGCCGCGATCGTTCCTCCGGTGGCCGCGTCGAAGACGGCGGCGCCCGACAGGTCGGTCCGCACGCGCTTGAACGACTTGATGCGGTCGTCGTTGAGGAACGCGGCGAAGTCGGGGTCGCGCTCGCCGCCGGCGACGACCTCCGGCAGCCGCTTGCGCTCCCACGCGCGCATGAGCTCCCCGGCGAGCTGGCCGCGCGCGGAGTGCAGCAGGACGCCCGCCTGCTTCGTCGCGTCGTCGAGCGAGTTCCAGGCGGCCTCCTTCTCCTTCTTCAGCGCGAACGCCGCCGCGATCGCGGCGACCTGTTGGCCGGACCCCGTCGTCGCGCCGCGCAGGCCGTTGGCCTCGACGTAAGCCGCGAGCCTCTCGCCGGCGTGCTTCTCGAGATAGTCCTGGTCCTGGCGGAACGTCGAGTCGAACAGCCGCTCGCGCTGTCCGTCGACGAGCCCGTCGGCGAAGGCCGAGAGCGCGGCGCGCGGGTCGGTCTGCGCGAGCAGGCCCTTCGCCCACGCCTCGTCGAGCACCGTGAAGCCGGGATTCCAGGACGCGTCGCGGCCCTTGAGCTCCGCGACGGCCGCGGCCAGCGCGGCCAAGGTCACGGCGGGATCGGTCAGCTCCGCGCCGCGCGCGTACAGCGAGGCGCCCGAGGAAGCCGTCGACTGCCGCCATTTGCTCACCTGCTCGTCGAACGCGCGCGCCATGTCGGACGCGCGGCCCTGTTCGGTCGCGAGGAAGGCGAGATTCTCCCGCCATTTCTCCGGCGTCGCGCCCACGGCGTCCGCGAGGAAGCGGCGCCGCTCCGGCGTCAGCGCCGCGTCGGTCCAATGCGAGGGGTCGCGGTCGGCGAGCATGTCCGCCCACTCGGCCGCGGCGGCGACGCGCTTGCCCTCGGAACCCGCGAGGTCGAGCAGCAGGCGGCGGTACGACTCCCAGGCGGCGAGCACCTCCTGGTCGTGCGACGAGAGCGCGGCCTTCTCGGCGCGCGACTTGCCGGCGAGGCTCTTCGCGCGCTCGAGGAACGCCTTGTTGACGAGGCGCGGATCGACGAGCCCCGAGACCGCCTCGACGATGCCCGCGGCGTCGAGCTCGCCGCGCGCGGCCTTCTCGCGCAGGCGCACGGCGGCGGCGGGCTGGTAGTCGCCGTAGTACAGCCGCCGCAGGGACTCGTCGCGCAGGGCGGCGCTGTCGGCCTTGAGCCGGGAGGCGTTGGCGGGGTCCTGATAGAACGCGAGCGAGCCCATCACGCCGCGCGCGTCGCGCACGAGCGCCCACTCGCCCTGCCGCAGCGCGCGCTTGCGGACCTCGTCGAGGGCCATCGCGCGGCCGTCCCCGGTTTCCGACGTCATGCCCGTCAGCGCCGCCTCGACGTGCGCGCGCGCCCGGTCGAACGTGAGCAGCTCCCCCGCTTCGCCGCGAGGCCCCGGTCGATCTCGGCGCGAATGCCCGCCCAGTCGCCGTCGGGCGCGCCCGCGACACGGTAGGCCGCCAGGGCGCT
CP096137.1_gap77	3268696	3270655	1959	TGAACAGGCGGACCATATGAAGGATGGCGTCGACCTCGCGGATGTTGGCCAGGAACTTGTTGCCGAGGCCCTCGCCAGAGGCCGCGCCCTTGACGAGGCCGGCGATGTCGACGAAGCGGCAGGAGGCGGGGATCGTCTTCTTGGGCTTGGCGATCTCGGTGAGGCGCCCGAGCCGGGCGTCGGGCACGCCGACGACGCCGACGTTCGGCTCGATCGTCGTGAACGGGTAGTTCGACGCGGCGGCGTTGCCGGAGGTCAACGCGTTGAAGATGGTGCTCTTGCCGACGTTCGGGAGGCCGACGATGCCGATTTCCATGCCGTCATTTTATCATTTCCCCGTCGGAACCGCCCGGGGACCGAAGGTCCCGGCGCGGCATGGGCCCAATTCCCACTTACAAAAGGACCAACGGCCCTCAGGCCCCTCGACGGGCGATTGGTAGTATGCGCCCATGAAGAAACAGATCCGTCTCTCCCCCGTCGTCGTCGCCCTCTCCCTTTTCGCCTCGTCGATCCCGCTTCCCGCCGCCGCGCAGGTGCGCGTGCAGGCCGGCGCCGGCTCGGCCGCGGCCCCCGCGATTCCCGCGCTCGGCGGCTCGATTCTTCCCTCCGCCGGATCGCTCGCCGCGCCGACGGGCGCCCTCGGCCTCTCCGGCTCGCTCGGCGCGCCGGCCGCCGCGCCGACGCCGCTGACGACCGTCGTTCCCGCGATGGCCCCCGCCGCGCTCAACGCGGCCCCGGCCGCCGCCTCCAAGCAGCTCCCGGGCGGCGCGATCGTCGTCCCGACGCCCGGCGCCGCCGCGACCCACGTCGCCGACGAGGCCGCCGCCTACACCGAGGGCCTCGCCTTCACCGAGGCCGGCCAGGCCGTCCTCCCGTCCGCGAAGGCCCCCGCCGCCGAGCGCGGCATCGTGACGCGCGCGCTCGACGTCCTCCTGCGCCGCCCCGCTCCCTCCGTCTCCTTCGACGGCGCCCGCGAGAAGTCCGCGCCCGTCTTCGGCGCGATGGCCCTCAAGGAGCACAAGCCGCTGACTTTGCCGAACGGCTCCGCCGCCGACGAGCAGCCCACGATCCCCTCTCCCGACCGCGAGCCCACGACGCGCATCGAGGCCTACGGCCTGCCGGGCGCCCAGAACGTCGGCGGCATCTTCGAGACGAGCCGCAAGGTCCTCGCCGCCGACGCGGCCGACACGACGGCCGTCGTCGCGGCCGTCCGCGCGATGATCGACGCCGACCAGGCGCGCTACGGCGTCGCCAGCTCCGACCTGCGCCTCGTCCACGCGCAGAAGTTCGCCGGCAAGGGCGAGCAGGCCGACACGCTGTTCGTGTACTTCCGCCAGATGAAGAACGGCCTCATCGTCCACGGCTCGGCTCTCTCCTTCACGGTCAAGACGATCGACGGCCGCCCGACGATCGTCGCTCAGACCGGCCAGATCTTCCCGCGCCTCGACGCGAACACGGAGACCGTGCTCACCGACGACCAGATCATGGCCAAGATCGCCGAGCGCACGGGCCTGCCGGCCTCCGACGTCGCCTCCAAGTTCGAGTTCTACGAGCAGAAGCTCGTCTACTCGCGCGGCCAGTGGCGCAACGTCAAGCTCTACCTCGCCGACGGCGTTCCGTTCATGGTCGCCGTCGACGTCGTCGACGGCCTCGTCTTCGCGTGGGACAACCGCGCGGGCCTCGAGTCCGCGGCGCAGCCGTCCGCGGGCGGCGTGACCGGCACGATCGCCGGCAAGGCCGTCGACCGCGGCCCGATCGTCAAGGACGCCCTCGTCTCCGAGGTGGCGCTTCCCTTCCTCGAGGTCAAGATCGGCGGCAAGTCCTACCTGACCGACAAGGACGGCAAGCTCCCCGCCGACCTGGCCGCCGTCGGTCCCGAGGGCCTCGAGCTCACGGCCACGCTGTCCGGCCCGTGGGTCCGCGTCGAGAACCAGCAGGGCGCCACCTTGACCGTGAAGG
CP096137.1_gap78	3272538	3273954	1416	CCGGCCTGCTGTGGGACCTCGACCGCTCCTTCGGCGGCGTGGCGCTCAAGCCGCGCCTGGGCCTCGTCGGCCGCAACCTGAACAACCCCTCGTTCAAGCAGCCCGACGCCGCGATCGCCGCGGGCTACGCCGACAAGTTCAAGGTCAACCCGCAGGTCCGCCTCGGCGCCTCCCTTCAGCCCTTCAACTGGTGGAACCTCGCCGCCGACATGGACCTCACGCGCAACCTGACCCTCGTGAACGCCGGCAGCCGTCAGCTCGGCGTCGGCAGCGAGTTCAACGTCTTCAACCGCTCGTGGATCAACATCCCTTTGCGCGTCGGCCTGCGCCGCAACGTCGACGAGACCTCGGCCGGGACGATGCTGACGCTCGGCGCCGGCCTGAACTTCCTTCACGTGATGTTCGACGCGTCGGCCGCGGTCAGCAACAAGCGCACGACTCTGCAGAGCCAGGGCGAGCAGAAGAAGACTCCGCGCGAGGCCGCCGTCGGCTTCCAACTCTCCGTCCTCTTCGGCGGCTCCGACGAAGAGCCCGCCGCCCCGTCGCGCGAGTGGAAGGCCGCCCCGCCGCCCGCCGACTATCAGCCCGCCCCGACCTCGGTCATCAAGAACGCCGATAAGGCGCACGAGGACCTGAAGGTCGAGGAACTCAAGAAGGCCGGCGAGACCAAGCCGACGACGACCCGGCCGTAGGCCCGTTAGGGTCGCCCGGGCTACGGGACGAGCGTCGCACGCGCGGGATTAGCATCGGACTCCGGATCTTCGCGCATGATCTGCACGGTGACGGACGCGAAACCCAGGGTCGCTCGCGCGCCATCGCGAATGGCCTTCAACCGCTTGAGCTTTGCGTCGAGCAAAGCCCGTGAAACCGGCATCGATTTGAGCGCTCCGGCCGAGGACTTCATCTCCTTCTCGATCCAATCGATGCGCTCGTCGAGCTCCTTCATTTGCGGATTTTTGAACGGGCTCTGCGCGTTATAACTGATGAGTCGCCCGAGGCCCAACAGCTTTCGCGCGGCGGGGCCGGACTTCACCTCGGGGAGTAGATACCCAAGGTTGTAGGCTGGTCGCATCCTCGCCATGCCTCCGTAATCGGCCCCCGACATTTGGTTAACCGCCGTCTGGTCTGAGAAGCTGGTCAGTTTTCCCTCCGCGGCCCGCAACACCGACTCGATGACGGCCCGAGTCTTCGCGGGATCTTCGACAGCGAGGCTGATGTTATAAGTTGTCGCCGAGCGCCCGCCGAAGATGCCGACCTCCCGGTCCCAGTAGCCATCTGGGAAATCGGCTTCCAGAGGCGTGGTTGCAGCGAATACCGGGACGGCGGTGAGCAGAATGGCCATTGTGTGAAACATGGTCTCCTCCGGGGCGCCGTCCGCAGTATAGGGCAGGAGTGACCGGCCGTCCAGGGGGATAG
CP096137.1_gap79	3275182	3279682	4500	ACGTCAACAGGTAGCGCGCGGCAGGCATTTTCTCCAATTCGCTCTTGTTCGCCAATTCGCCCTCGAGCACCGCGATGCGCTCTTCTATCTGTTTTTGGCTGTCCCCGGAATGCTGGCGATTGAGTGCGTAGCTGACCAATTCACCCATCTCCAGCAGCTTCTTGGCGAGCTTTTCAGCTCCTTTCGCGGGCACGGAATAGTTCAGTTGACGCATGCGCCCTTGTACTCCTCCCATGTATGAATTGCCCATTCCAACTTGGCTCGGGGCGCCGGCGGCGGTCATCATCACGTCTATCTTCGCGGTCATCGCGTCGACATCGTCGACACGAATGCCGACGTTGTAGTTTTCAGCCGTTTGCGAGCAGCCGTAGCCTCGGCTCCAGTATGCTTCGGGGTTATCTTTGGCGTTGATCTTCGGGGTCTGCGCGCCGGCGTTCGGGGCGAATACAATGAGCGCGGCTAGCATGATCGTACGCATGAAAACCTCCTGGGGGACTTTCCCGAGTATAACCCCGCCCGCCTGCAAACGCAACTCAATCCGTTAGGGTTTGAAGAGAATCGTTAATAGTGAGGCCTGACACCCTGTAACGGTTCTAAAGGTCCCAGCGGCGGATCAGGACGAAAGCCAAAGCGCCGAAGCCGGCATTGGCCAACCACGCCGACACGAGCGGCGGGACCTGGCCGCTGACGCCGAGCGTGCGGCCGATCTCCATCATCCACAGGAAGACGAAGGACAGCGCCAACGCCGCGCAGAAGCTCACGACGCGCGACGACTTCCGCAGGCGCATCGCGATCGGAATGCCCAGCGCGCAGATGATCAGGTTCGTGAACGGGTAGGCGACCTTGGCCATCGCCGCGACCTCGTACTCCCGCGGAGATCCACCGAAGCGCCCGACGCGGCGCGAGTACGCCAGCGCCTCGCGCATCGTGAGCTCGTCGGGGCTCGTCGCTCGAGGAACCAAATCGAGCGGCGGCGCGTCGAGCTCGGAGACGGTGGTCGTAAACGGCGTCTCGACGACGCCGTCGCCCGTGAAGCGGCGCTCGACGCCGTCGTGGAACACCCACCTGCCGCGCTCGCCGTCCCAGAACGCGAGCTTCGCGTCGAGCTGGCGGTCGACGCCCGTGGCCCCCATGATCTCCAAAATCGGCCGCTCGAGCTTGCCGTCCTTGGGGAGGAACTGCCGCGCCTGCACGAACTGGTCGGGGCCCCCGAGCAAAGCGACGTTCTGGTATTTCGTCCACTCCCACTCCGGATGGACCTTCTCGCGCCAGAGGCGGCGCGAGCGCGCCCAGGCGGCGGGCATGACCGTCTCCTGCGCCGCGAAGGCCAGCACGGACACGGCCAAAGAGCAGCCGAGCACGGGCAGCCAGAACGTCTTGGTCTTGATGCCGCAGGCCTGGGAGGCGAGCCACTCGCCGCTCTGCACGAAGCCGCCGACGGCGACCAAGGTGGCGAGCAAGGTCGCCATCGGGATCACCCGCACGGCCCAATACGGCACGCCGAGCCACAGGCACTCGAGGATCGTCGTCAGCGGGGCGTGCGAGCGCATGATCGGGTTCATCTTGTCGAACGTGTCGCCGAGGAAGATGAGCACGGCGAAGAGCCCGAGCCCGAAGCCGAAGGGCCGCATGAACTTGCCGATCATATACCGCGTGTAGATCGTCATCGCGAGGCCGCCCGGCGCGTCAGGAAGAAGCCGGCGGCGAGGCCGACGGCGTCGCACAGCCACGGCGCGACGGAGGCGAGGTTCTCATGGCGGCGGCCCAGGCTCACGCCGACGACGAGAAGCCCGTAGAACGCGAACATGACGCCGAGGCTCGCCGCGAAGTCCGCGCCGCGCGTGCGCTTGCGCGAGCCCATGCCGAGCGGCACGCCGACGAAGAAGAGGACCAGCGGCGAGAGGGCCCCGACCGTGCGCACGGCCGTCTCGACGCGGTACTCGACGGCCTTGTCCTTCGGCGTCGCCGGATCGGCCGCCTTCGCGCGCAGGCGGAAGCTGTTCATCTCCTGCATGTCGAGTTCCCGCGGGGCGGCCGCGACGCCGGCCAGCGGCACATAGACCGTGTAGCGCTCGAAGCGGCCCGACGTGAACTTCTCGGGCTCGTTCGAGGGCAGCTGGAGCTGGCCGTCGAGGAGCTCGAGCGTGATGCCGCGGCCCGGGTCGGTGCGGATCGAGCCGCGCTCGGCGTTGAGGCGGATCGGCTGGGCCGTGCCCGGCTTGACGAGGTAGACGCCCTCCAGCTCGCCGGTCTTCGCGTCGGAGCCGCGCGCGTACAGGCGCCAGGGGCCGAGCTCGGTGAAGGAGCGCGGACGCAGGTCGACGCGGGCGATCTTCTGGGCGGCCTCGGTCGTGCGCTTCTTGAAGGAGTGGAAGCCCTCGGGGCCGGCCTTGTGGTTGACGAAGAGGAGCAGCGCCGACAGCGCGACGGCCGTCCAGAGGAGAGGCCGCGTGATCTCGCGGTAGGAGAAGCCGCTGGCGCGCAGGGCCATGACCTCGCCGGATTCCGACAATTGACCGAGGACCACCATCGACGCCACCAAGAACGACATCGGCACCGCCAGCGCGGCGAAGGAGGGAAGCAGCCGCGCGAACGACCCCAGAATCCACCACGCGGGGATGCCCTTCATCATGGCCAGCGAGAACAGCCTCAGAAACTGGTTCATGAGGAGGACGCCGAGGAACAGCACCGCGCAGGCGGCGAAGACGGGAAGGAACTGTCGCAGGACGTAGCGCGGCAGGATGGGCATCTCGGTCGATTCTACCAACTTTGGTATGATCGGCTCATGAGCGATCTCACCTCCCAATCCGACGCCGCCGTCCTCTATGCCGACGACCATTACCAGGAGTTCCTGGAGGACCTGAAGAAGCTGGCGCGCATCCCCAGCGTCTCGTTCCCGGGGTTCGATCCCAGGGAAGTGGAGCGCTCCGCCGAAGCGGTCGCCCAGCTCTGCCGCGAGCGGGGCCTCGAGAATGTGGAAATCCTGAAGATGCCCGGCGCCCACCCCTACGTGTACGCCGACTGGCTCCACGCCCCGGGCAAGCCCACCTTGCTGCTGTACGCGCACCACGACGTCCAGCCCGCCGGCCGCGAGGAACTGTGGAAGTCCCCGCCTTTCGAGCCGACCGAGCGCGACGGCCGCCTCTTCGGCCGCGGCTGCGCCGACGACAAGGCCGGCGCCGTCGCGCACACGAGCGCGATCGCGTCCTGGCTCAAGACGCACGGGAAGCTCCCGGTCAACGTGAAGGTCATCATCGAGGGCGAGGAGGAGGTCGGCTCCGACAATTTGGAGCCGTTCCTGCAGAAGTACGCGTCCAAGGTCATGGCCGACGCGATCGTGCTCACCGACACCGGCAACTTCGACCACGAGACGCCGTCGATCACCGTCGCCCTGCGCGGCATCGTGGCGCTCGACGTGACCGTGCGCTCGATGGACCATCCCCTGCACTCCGGCATGTGGGGCGGCCCCGTCGCCGACCCCGTCCAGGCCCTCGCGAAGATGATCGCCTCGTGCACAGACGCCAAGGGGCGCATGGCGATTCCCGGGATGTACAAGGACGTGCTCAAGCCCGCGAAGGACTCCGAGGCGAGCCTCAAGGCGCTGAAGCTGCCCGAGAAGCTGTTCCGCGAGCAGTCGGGCCTGTTCAAGGGGACCAAGCTCATGGTCAACCCGAAGGACATCCTGCGCTCGAACTGGTACTGGCCGACGTTCTCCGTCAACGCGATCCAGGCTTCGTCGAAGAAGGACTGCGCGAACATCATCAACGACAGCGCGTGGGCGCACATGGGCATCCGCGTCGTGCCCGGCCAGGACCCGAAGAAGGTCCTCGCGATGCTCAAGAAGCATCTGCTCAAGAACGCGCCCTGGGGCGTGAAGGTGGAGTTCTCCGGGGAGACTGCGAACCCCTCGTGGACGACGGACACCGGCGCCCCGGCCTTCGCGGCCGCGCGCCGCGCGTTGAAAAAGGGTTATGGGCGCTCCGCCGTGGATATGGGCTGCGGCGGCTCGATTCCGTTCGTGGGACCCTTCGCGAAAGCCCTCAAAGGGGCTCCCGCGCTTCTCATCGGCGTCGAGGACCCGCTGTCGAACCCGCACAGCGAGAACGAGAGCCTGCACCTGGGCATGTTCCAGAAGGCGATCGCCTCGGCCGTGCACCTGTACGCGGAGATCGCGGACCTGCCGTCGGTGAAGTGAAGAGCTTGCTCCTGGAGTCGGCCTCGCAGCCCAAGGTGCGTTTGCGCCCCGTGGGCCCCGGAGACCTCGAGGAGCTGCGGCTCTGGAAGAACGCCAACAAGCGCTGGTTCTTCTTCAAGGGCGACATCACGCCGGCGATGCAGAAGGAGTGGTTCGAGCAGTACTTGAAGCGCGCCGACGACGTTCTCTTCATCGTCGAAGACGGCGGGCGCAAGCTCGGCACGCTCGGAATCCGTCTCAAGGACGGCGCCTACGACGTGTACAACGTCGTGGCCGCCCCCTCGGAAGCGGGCAAGGGCTACATG
CP096137.1_gap80	3282156	3283605	1449	CTACGAGGACGCGCTCGCCCGCGCGCTCGGGGCCTTCGCCGCCCTCGGCAACGCCGAGACGGCGGGCCGCCAGGGTCGGTTCCAGTACGTGAACACGCACGTCGCGATGCGCATGGGCTTCGACGCGGCGGAGTCGCTCGCGCGCAGGCTCGGAGCCGCCGCGTGAGCGCCGGCGGCGACGAGCGGTACTACGACCGGCTCTTCGACGTGCCGTGGGTCATGCGGCTCGCGGACGCGCCGCGCCGCGCGATCTTCGATCATTTCATGCGCGAGCTCGCGCCGCGGCCCGACGAGTCCGTGCTCGACCTCGGCGCCACGAGCCTGGCCGATCCCCAGGAGAATATGTTCGAGCTCCACTACCCGCATCCGGAGCGCGTGACGGCCGCGGGCGCGGAGGACGCCTCGTTCCTCGAGAAGCGCCACCCGGGACTGCGCTTCGTGCGGATCGTCCCGGGGAAGCCGCTGCCCTTCGTAGACGGCGAATTCGACGTCGGATTCTCGAACGCGGTCATCGAGCACGCGGGGTCCCGGGAGGCTCAGGCGTTCTTCCTGGCCGAGCTGATCCGCGTCTCCAAGCGCTGCTTCGTCGCGACGCCGAACCGGTGGTTTCCCGTCGAGATGCACACGCGCCTGCCGCTCGTCCATTGGCTGCCCGCGCGCGCGTTCCGCGCGGTCCTATCGGCCCTCGGCCTGGACTTCTACGCGCGCGAGGAGAACCTCAACCTCCTGAGCGCGGCGGACCTGCGGCGGCTCCTGCCGCCGCAGGCCGCCGCCCGCGCCCGCGAGGGCCGGCACTACTTCCTCGGATTGACGAGCAACGTCTCCTTGTCGATCGACAGCGAGCGCCACGGCGTGTCCCAGCGACCGTCGTAGACGACCCGCTCGAGGTCGAAGCGCCCGCCGAAGGGCTTGTCCGGCGGGTCCGCGTAACCGAGCGCCAGCAATGCGATGACGCGGGCCGTCTCGGGGATGCCCAAGGTCGAGCGCACCATCGCCTCGTCGAAGCCCTCCATCGGGGCGGTGTCGAGGCCGAGGTTCTCCGCGGCGAGCATCAGGAAGGAGAAGGCGATCATCGTCTGGCGCGTGACCCAGACTCCCATGTCGGTCTTGGGGAGGAAGGCGTTCACGTTGCGGCGGATCATGCTCGCCGTCTTGTCGTCGGGGATCGAGCCCGTCGAGCGCCCGTCGGCGATCACGCGGTCGAGGTCGGCGTCCTTCCAGGCCGCCGTGTCGCCGCAGGCGACGATCACGACCGGAGCCTTCTCGACCTTCTCCTGGCCGAACGCGGCGGCGCGCAGGGCGCGCTTGGCGTCGGGGTCGCGCACGACGATGAAGCGCCACGGCTGGAGATTGTAGCCCGACGGCGCGAACGTGCCGAGCTCGAGCGCCTGCTGGAGCAGGTCGTCGGGGACGGGATCCGGTCGGAACGCGGGGGTCGCGCGGCGCCGA
CP096137.1_gap81	3291424	3296373	4949	CGGCCGCGCGCGAGGCGCTCGCGGGGGTTTCCGCGCCCTCCGAGGAGCTCTCGCAGGGCACGCACTCCGGCGGCCCGCGCCTGCGCGGCGGCGGGGAGGGCGGCAGCCTGAGTTCGCTGATCAAGGACGAACTCGCCGCGGCGGAGACCTACCGCCAGGCGCTCGAGACCGTCCGCGGCGCGGAGGCCGAGGACCTGCGCCGCTTCGAGACCGAGCACGAGGAGGCCGCGCGCGTCCTGCAGGCCAAGCTCGCCGGGCTCGGCGTCGAGCCGCCCGCCGGCACGGGGCTCTGGGGCGCTTGGGCGCGCGCGATCGAGGGCAGCGAGCGCTTCTTCGATGAAAGGGCCGTGCTCAAGATCCTCAAGCTCGGCGAGGAGCGCGGGGCCGCCGACTACGAAGAGGCGCTGCGCGACCCTGCGGTCGGCGCGGAGCTCCGGGCGCTCATCGTCGACTCCCTGCTCCCGGCCGCGACGGCGCGGGCGGCGGCTCTGGGGCGCCTCGTCGCGCGCCGGCGCGGCTGAGCGCTACTGGATATTGACGAGCTTGACGGGCAGGACGAGCTCCTTGCCCGCGCGTTCGATGCGCACGGCGACCGTGTCGCCGGGCTTGTACCGGTCGAACGCGTTGTAAAGGTCGTCGAAGTCCCGCACCTTGTGCGACTCGACGCCGACGATGATGTCGCCGGCCGCGACGCGCCCGCCGGGCAGACGGCGCAGGCCGCGCAAGCCCGCCTTCGCCGCGGGCCCGCCGGGCGTGACCTCGTTGACGACGACGCCCGGCTTCTCGCCGATCAGGTAGTACTTCTGACCCGTGTTGAGGATCGTGATGCCCATGCCGGGCCGCACGACCTTGCCGTAGGCGATGAGCTCCGGCACGATGCGCGCGATGAAGGAGACGGGCACCGCGAACCCGATGCCGGCGCTGCCGCCCGAGCGGCTGTAGATCATCGTGTTCATGCCGATGAGGTTGCCGTCCGAGTCGAGCAGCGGGCCGCCGGAGTTCCCCGGATTGATCGCGGCGTCGGTCTGGATCATGTCTCGGATCGTGATGCCGCTGACGCCCTGGACCTCTCGGCCGAGCGCGGAGATCACGCCCGTCGTCAGCGTGTGGTCGAGGCCGAACGGGTTGCCGATGGCGATCGTCTTCTGCCCCACCTGCAGGGCCTCGAGCTTGCCGACGCGCACGGGGACGAGGGCCTCGCGGCTCTTCTCGACGCGCAGCACCGCGATGTCCTTCGTCGGGTCGGCGCCGATGAGCTTGGCCTCGAGCTGGGTCTGGTCGCCGAGCGTCACGAGGAACGCGTTTCCGCCCTGCACGACATGGAAGTTCGTGACGATGTGGCCTTTCTTGTCCCAGACGAACCCGGAGCCCGTGCCCTGCGGGATCGCCTGCTCGTCCATGTAGGGGCTCTGCGTGATCGCGACGTTCGTCACGTAGACGACGGAGCGCGAGGCGCCCTTGAACACCTTGATCGTGTTCTCCTCGTCGGCCAGCAGCGCGCGGGCGGGAAGGGCGCGGCCGAGAAGGAGGACGGCGAGGAGCAGCGGTCTCATGGCCGGATTTTATATAATTACGGTCCGTGACGACCTCCGCCCCCGCTTCCAACCCGAACTGCACGACCAGGACAAGCGCCCGACCCGGTGCCCCGCGTGCGGCTACGACGGCCCCGAGCACTCCAAGCCCTCCGCCGAGGCCGGCTTCGAGCTGCTCGACTGCCCGGACTGCGGCCTCGGGCGCACCTGGCCTCCGGTCCCCGGCTCCGAGATCGGGAAGTGGTACCCCGAGCAGTACTACGGCAAGACGAACGTGCGCTTCAACGCTCTGTTCGAGCGCATGATCCGCTGGTTCCGCTGGCGCCGCGCGGCCGTCCTGCACAACCGCGTGCCGCGCGGGCCCGTCCTCGACGTCGGCTGCGGGCGCGGCATGACGCTCGCCTTCCTGCGCGAGCTCGGCTACGAGTCCCACGGCCTCGAGCTCAGCGAGACGGCCGCCGCCCACGCGCGCGACGTGCTGAAGCTCGACGTGGCCACCGGCGACTTCCTGACCTCGCCGCACGAGAAGAACCGCTACAACGCGGTCATCTTCCATCACTCGCTCGAGCACTTCGCCAACCCGGTCGCCGCCGTCGCGCGCGCCTACGAACTGCTGAAGCCGGGCGGGGTTCTGTTCATCGCGGTGCCCAACTACGGCTCCTGGCAGGCCCGCCTGTTCGGCCGCTTCTGGTTCCACGTCGACGCGCCCCGCCACTACTGGCACTTCACGATCAAGTCGCTCGACGCGATCCTCGCGCGCCACCGCTTCCGCGTCGTCCAGCTCGACCATTTCAGCTTCGAGCAGAATCCCTACGGCCTGCTGCAGTCGATGTTCAACGCCGCGGGCTTCCGCTTCAACCTGCTCTACTCGCTGCTGAAGAACTCGACGGCCCGCACCGACACGGCCCTGCGCTACCCCGTCCAGAGCCTCCTGCACGCCGCGCTGCTCCCCTTCCTCGTGCCGTTCGTCGTCGCCGCGACCGTCCTCGAGACCGCCTTCAAGTCCGGCGGCACCTTCGAGATGTACGCGTTCAAGGAATGAGCCGGCGCGGCCTGCTCGCCGCCGCGATCTTCGGGCTTTCCCTCCTCGTCCACGCCAAGGGCCTGACCGCCCCCTGCTCGACTACCACTTCCACCGCCAGGTCAACACCGCCGCGATCGCCAGAAACTACGCGCGCGAGGACCGGCCGATCCATCGCCCCCGGCTCGACTGGGCCGGAGCCGACGATCATCTCGCCGGCACGGAGCTGCCCGTCTACATGTGGCTGTACGGAAAGCTGTGGCCCGTCGCCGGCCTCGGCGAGGTCTGGGGGCGGCTGATCTCCGCCCTGTCCTCCGCGGCCTGCGCCGTCCTGCTGCTCGGGCTCTACCGCCGCGAGTTCGGCGAGGAGGCCGGGGCCTGGGGCGCCGCGGTCTTCACCGTCCTGCCCGTGGAGGTCTACTTCGGCCGCACGGTCCAACCCGAGGGCTTCGCCCTGCTCGCGCTCGTCGGCGCGCTCGTCGCCTGGGAGAAGTCGCTTCGCCCCGGCCGCCCGTGGGGCTGGTGGGCGCTCGCCGTGTTCTGCGCGTTCGTCGCCGTCGGCGAGAAGCTGCCGTACGCGCACGTGCTGGCCCCCTCGCCGGGTTGACCTGGCGGCGGCTCGGAAAGAAGACGCTGACCGACGGGCGCCTGTACGCGGCGGGGCTGCTCTCGATGGGCGCGGTGATCGCGTGGTACGCGTGGGCTCGAACGGGGCTCTACGTCGTGCCGACGCGCGCCGGTGAGTACTCCAATCTCCTCGCCTGGTCGCGCCTGCCGTACTTCATCCAGTTCCAGCTTCTCTCGCGCTGGCCCGAGGTCGTGATGACCTACGGCGGGACGGCGCTGTTCTTCGTCGGCGCCAAGGACGTCCTCTGGAAGCAGCGCGAGGTCTTCTGGTTGGCGTGGTTCGGCGGCGTCGCCGTTCATCTCTTCGCGATGGGCGGCTACTCGCATTACCACGAGTACACCGCGCTGCCCCTGGCCCCCGTCGCCGCCGGCCTCATCGGCGTCGGGATCGCGCGCCTGCGCGAAAAGGCCTCGGCCCTTCCCAAGCCCAAACGCTCGCTCGCCTACGCGGGCCTCGCCTTTCTCGTGCTGTCGATCCCGGCGCACGCGGCGGGACGGATCGGGCACTGGTACAAGCAGGGCTTCGACTTCACCTCGCGCGCCGGCGAGGCCGCCGCCGCGGTCAGCGGGCCCGACGATCTATTTTACACGAACTGCCAGGCCTCGTCGGTCCTGCTCTACTACCTCGACCGGCGCGGCTGGTCCGACGAGCTCGACGTCCAGCCCGATCTCGCCGGCGGCCTCGTCGACCGGGCCGCGGCCAAGGGCGCGCGCTTCATCGCCTCGGAGAAGCGCGGCCTGTTCGCCGAGGGCGGCGCGATGTGGAAGCGCTTCCGCGCGAAGGGCGCTCCCGTCTGGGACGACGGGAAGCTCGTGATCTTCCCGCTCTAGGGAACCGTCAGCCGTCCGCCGGAGATCGTCAGGCTCGGAAGCTCGATGGCGAAGGGCGTCTCGGGGTTGGGATACAGCGGGATCGTCAGCTCCTTGATCTCGCGGAACATCGACAGCGGCACCGACGCGCCCGCGAGCTTCGCCGACAGGATGCCGATCTTCAGGCGGCGCGGCATGTCGACGAGCTCGATCGAAGCCTCGGCGGAGACCGGCTTGCCGTTCCAGGTGCCGGTGATGCGGACGGTCTTCTCGAGCTCGACGGAGGCGACCTGGAGGCCCTTCACGCGGGCGTTGAGGAACGCCTTGAGCTCTTCGGCGCCGACGTCGAGGGATTTCAGGCGCAGCCGCTCGAGCTTCAGCAGGCGAATGTCGACCCAGTCCTCGTCCTTCTCGCTCTTGGTGACCGGCAGGAAGCCGACGTTGACGAGCTCGAGGCTGGCGTCGCGGACGACGAGGCCGCGCGCGTCGAGCTTGCCGATGTCGACGGACATCGACTCGTAGGTCGAGCGCCCCGCGTTCCACGGGCCGAAAGCCGCCTTCAGGTCGGTGAGATCGACCTTGCCGGCGCTGTAATGCTGGTAGACGAGCGTCTTTCCGGGGTACGGCTTCTTGAGCGCGCGGCGCTGGCGGAACAGCGTCGCCGTGTTGTTGTCCGGGAGGGTCCAGCGAGCGGTCTCCTCGTAGGCCTTGCCGAACCAGCCGCGCGGGTCTCGGATCTCGCGCGCGGCCTCCGGAAGCCCGGAAACCACCTGCTCGGGGCCGACGCGCGGCTCCTTGAGCAGCACGAACTCCGAGAACTCGCAGAGGCGGCGGTTGACGCCGCGCATGCGGACCTTGTCGAGCCCCAGGCGGCGCTGCATCCAATGAAACGTCGGCGCGTTGAAGTAGGTGTCGTTGGCGACCAGCGTGACGTTCGAGATCGGAGCGGACGGGTCGCG
CP096137.1_gap82	3385243	3386776	1533	TTGCCTTGGACAACGCCTGGGACAGACGAGCCCCCTTCATGAGCGAAGAAAGAACCGATGCTTCAGGAGCGGCGAGCGTGACGGAGCTTACGGGGCCGCCGCCGCGCTTATATAGGAGGACCCATTGCTCGTGAGCCCAATCGGACTTCTTGAGGGGAGAATCGTCGCGACGGTCTCTTTTCCAGATTCGGTGTACGGCATGGCCGAATTTCAAGAATCGGATCGCCGGGCCAAAAATCAATACGGAATTATTTTTGACGGATTGAGAGAGCAGTTTGGCCGACAACGGCGCGTGGGGCGCCGCGTGAAAGAGTTCTTTGTACTCCCATTCCAACACAGCCAAATTTTCTATGAACGGCGCTTCGCGCCCAAACTTCTTTTCAGGAATCCGGGGAACGAGCCGCCGTAGTCCGACAGATTATGGGATTTGGAAGGAACGGACCGCGCGTACTCCTCGCACGCCCTCAGAAAATCCTCGTCACCCAGAACGCGCCAGCAAGTCTCAAACGTCTCGCCCAACGCTTCCGACAGTCTCGCGGGATAGCCTTTCCGATACACGTCGACGGCGGCGAGGGCCGACAACCGGCCTCCTCCGGACACCGACGCGGCGAACGACGGGTCGACGGCGCCGTAGGCCGAGGAGACGAAGCGGCGTTGAAGCGCTTTAAGCGACGGCAAGATTCGCCTCCGCCAACCGTATCGCCTTCTTCACCTCGTTTTCGAGCACGTTCCACGCGGGGACGTCCTCGTCCCATTCGATGAGCACGGGAACCTCCGGCACGCGGCGGATCACGCGGCGATACAACTCCCAGACGGGATCGGTCGGAGCCTTGGAGTGCGTGTCGAACAGGAAGTCGCCCATGTCGGAGTAGCCGCCGAGATGGAGCTGGGCGATGAACTCCGAGGGAATCGCGTCGAGGTAATCCTCGGCCTTGAAGCCGTGGTTGGTCGCGCTGACGAAGACGTTGTTGACGTCGAGGAGGATCTTGCAGCCCGAGCGCCGCGCGATCTCGACGAGGAACTCCTCCTCCTTCATCTCGGAGTCGCGGTAGGTGAGGTAGCTCGACACATTCTCCAAACCGATCGGCCTTGCTAAATGCTCTTGGACGCGATTGACATTCCTGACGACGGTCCTGACCGCCTCTTCCGTATAAGGCAGCGGCAGGAGATCGTGAATATTCTTCGCGTGCGCGCCCGTGAAGCAGAGGTGATCGGTCACGAGGAACGGCTCGACCTCGGAGATCAGCCGCTTGAGGGATTCCAGATACCCGGGCCGCGGGCCCTCGACGCCGCCGATCGACAGCGACACGCCGTGCAGCGCGACGGGGTAGTCGCGACGGATCGCTTTGAGGACTTCTCGCGGGCGGCCGTGCGAGTCCATGTAGTTCTCGCTGAGGGCCTCGAACCAGGAGACGGCCGTGCGCGGGCGGCGAAGAAGGACGGGGAAGTGGGCGGAGCGCAGCCCGGCCCCCGCCTTGATCAGCCCGCTTTGAACTTTCCGTTTCGCGAGCGGCAATCGGTCTCCGTCAGGCT
CP096137.1_gap83	3402646	3403378	732	TCGCCCCGGGCTCGAAAGTCGTCATGGACTATCTGAAGAGCGCGGGCCTCGTCGAGCCGCTCGAGAAGCTCAAGTTCCACCTCGTCGGCTACGGCTGCACGACCTGCATCGGCAACTCCGGGCCGCTGCCCGAGGAAGTCGCGAAGGCCGTGTTCGAGAACAACCTCGTCGTCGCCGCCGTGATCTCGGGCAACCGCAACTTCGAGGGCCGCGTGAACCCGCTCGTGAAAGCGAACTACCTCGCCTCCCCGCCGCTCGTCGTCGCCTACGCGTTGGCCGGGAACGTCGATGTGGACCTCGCGACCGAGCCCCTGGGGACCGGGAAAGACGGAAAGCCCGTGTACTTGAAAGACGTGTGGCCGACCAACGATGAAGTCGCCGCCGCCGTCGATCGCCACGTCACGCGCGAGACCTTCGTCCGCCAGTACAAGGACGTTTTCACCGGCGACAAGAATTGGCAGTCGCTGAACGTCGAGGCCACCGAGGCCTACGCCTGGGACCCGAAGTCCACCTACGTGCGCCTGCCGCCGTACTTCGAGGACCTGAACTTCAAACCGAAGGCTCTCTCCGACATCACGGGCGCCCGCGCGCTCGCGGTCTTCGGCGACTCGGTCACCACCGACCACATCTCGCCGGCCGGCAACATCGCCAAGGACTCCCCCGCCGCCAAGTACCTGACCGACAACGGCGTCGCCGTCTCCGACTTCAACAGCTACGGCGCGCGCCGCGGCA
CP096137.1_gap84	3406497	3411053	4556	GAAGGGATTCGCGGTGATCACGGGGTGCGTGAACAGCTCGCGGCGCACGACGGCTTTGAAGGCTTCGAGATCTTTCATGCCCACAGCATACCCCGCGGGCTGTGTTTCTGTGAAGTAGCTAATATTGACATCACTGTTAACCTGTGGTTTACTACGGCATGGACCTCTACCAGCTGCGCTACTTCCTCGAGACGGCCCGGGAACTCAACTTCACGCGGGCCGCCGCGAACCTCGGCGTCTCGACGCCGGCCGTCAGCAAGAGCGTCGCCCTGCTCGAGCGCTCCGTCGGGCAGCCCCTGCTCACGCGCACCCGCCGGCTCGTCCAGCTGACCCAGGCCGGCGAGCGGCTCAAGGTCCACGCCGAGCGCGTCTTCGACGAGGTCGAGGCGGCGCGCCTGGACCTGCGCGGCGAGGCGGGCTCGCCCGCGATGCTCAAGATCGGCAGCCGCGAGATGATCACGAACTACCTGCTGGGGCCGTCGCTGTTGGAGCTGAGGAAGCTGCACCCGTCGACGCGCACCGGCATCTACGAACTGGGCCCCAAGGAGATGGCGGCCGCGCTGAAGAAGAACCAGATCGATTTCGCGTTCTACTACAGCGCCGAGATCCCCGATCCGTCCCTCGAGATCCGCCGTCTCGGCCATCTCGATTCTCACGTCTACGCCGCGCCGTCCTTGTGGAAGGGCGCCAAGGCGCCTAAGACGTTCGACGAGGTACGCAAGCTCCCGTTCATCGCCCCGCGCTATTTCGGCGCCGATCCCGCGGAGGCAAGCCTCGACGGCTTCCCCGATCAGGAGTCCCCCGGACGATCCAGTACGAGGGCGAGTTCCTCGAGACCCACCGCCGCTTCGCCCTCGACGGCATCGCCGCCGCGGTCCTGCCCGACTTCACGGTCAAGCGCGAGTGGAAGGCCGGCCTGCTCGCGCGCCTCCCGGGGCCGGAGCTCGGCCGCGAGATCTACTTCCTGAAGCGCCGCGGGCGGACGCTCCCAAATGCCGTCGACGCCTTCGTCGACGTCGTCGCCCGCTCCATCAAGCGCGTCGCCTACTGAGAAAGAAGGGTCAGACCTTACACGTTTCACTTTTCCACTCGACCGAATCGAGTAAAAGTGAAACGTGTAAGGTCTGACCCCTATTTTTTCAGCTTGAAGCGGGCGAGGCGGAAGCGGTGGAGGTTGAGTTCGGACTTGCCGCCGACGATGAGCTCGGCGAGCGACTTGCCGACGATCGGGGCGAACTTGAAGCCGTGGCCGGAGAAGCCGGCGGCGACGAAGCCGTTGGGGGCGTCGGGCAGGCGGTCGATGATGAAGTCGTCGTCGGGCGTGTTGTCGTACCAGCACACGTGGCCCTCGAAGTCGACGAAGTCCGCCAACTCGGGCAGGAACTTCTTGAGGAAGCCGCGGCAGGACTTCTCGAACTTCGGAGAGAGCGTGCGCAGGTCGTCGGCGTCGGCGGCCTTCACGACGGGGCCTTTGCGGTGGTCGCCGATCTTGATGAAGCCCTGGATGTGCACGGGGAAGCCGTAGAAACCGCCGGTCAGGCTCGCGAAGACGGGGAAGTGCTCGGGGCGGTAGCGGCCGCGGCCCTGCTGGGGGCGGAGGAACAACTGCTCCTGCTTCGTGATCTTGATGGGGATGCCCCAGGGCTTGAGCAGCTCGTTGGACCAGTAGCCCGTCGTGAAGACGAATTTCTCCGCCTCCCAGGTCTTGCCGGCCGCGTCCTTGACGGACTTGATTCCGGTCTTGTCTTTCTGGATCGAGACGATCTTCACGCCGTTGCGGATCTTCACGCCCTTGCGCTGCGCGATCGACGCGGTGGCGGCGACGGAGCGGCTGGCCCAGATCATGCCCCCGTCGGGGTGGTAGAGCGCCCACTTGAAGGCGCCGGACTTGTACATCGGATAGCGCTTCTTGACGTCGGGCGGCAGCAGCTTCTCGAAGCGGATCTTGCGTTCCTTGAGGACTTCGAGGCTCTGCGACTCGTAGCCGACGGCCTTCGGCGCGAGCTCGAGCATGCCGTTCTGCAAGAGAAGAGTCTCTTCGGACAGCGTGTTCAACTCGAGCCACAGCGGCATGGCCTTCAGCGCCATCTCGGTGTAGAAGGAGTCCTTGCCGTAGGTCAGCCGGAAGACGCGCAGGTGGTCGCCGGAGGCGGCCCACTGGTTGGGAACGTCGCGCTGGTCGAGGACGGTGACGGCGTGGCCGAGCTGGGCCAGGTGATAGGCCGTCTGCACGCCCATGATCCCGCCGCCGACGACGATGACCGAGTTCTTCACGCTCACAGGAAACGCCCTCCGATCCGTCCGGCCGTCCTTTCCGGCGACGAGCCGTGCTCGACCTTCATCCACTTCCCGCCTTCGTCCTCGGCCATGCGGCCGAGCTCGGCGTCCGCCGTCACGACCGTCACGGCCTTGCCGCCGCTCCACTTCCTGGACCTGACTCGGTCCAGGATCAGATCGTCGGCCACGAGGTCCCGCGTGAACGTCAGGCGCAGGTTCTCGGGCGGCGAATCAACGAGCGAACGGAACGGACCGTCGAAAAAGAGCTCGAGCTCCAACGAGCCTCCGGCGTCGCGGCACAGCTTGGCCATTATCATGGCCAAATGACATGTATCGCTGTCCTCCTGCGTCGCGTGGGCCGTCCCCCGTAACCGTAGGCGGTGCGAACCAGGTTCGTGCCGTCGACGCAGTAAAGCTGGACGCTCATCCTAGCTATTTTAGCAAACCGATGGAAACGCGGCCGTCGCCTGATTGAGGCCCGAGGACCCTTGACGACGCCCTCGGAGGACTTTACACTGGCCGAGGGCGCTTTCCCTAATATGAACGGCAATTTCTGGCTCGTCGCGCTGCTGCTGGCCGCTCCCGTCGCGCGCGCCCAGGACGAGTCCGACGCCCCCGCCGGCGCCCCCGCCCCCTGCTCTGGCGCGTCCCGCCCGCCGACGCGCGGACCTCCGCCGCGACGGTGACGGGCCTGGCGCGAACGCCGTCGCGCGGGCTCATCCGCGACTTCCAGCTCGCGCTGAAGGGCTACCCGGAGAGCAAGGCGAAGGCCGACCTCGAGGCCGCGCTCGACGAGCTCGCCAGGGGCGCCGACGCGGCCGAGCCCTCCCAACAGCAGGCCTATATCGACTCGCATCTCGGGACGCTGACGGCGACGATCAAGACCCTGTCGGCCGACGCCACGTCGGACTTGCGCGCGAAGGCCGCCGCGCGCGCCGCGGCGCTCAACAACCGCGCCGAGCGCTGGGCCGAGGGCCGGGACCTCTCCGAGCTGGCGCTCGCCCACGATCCCTCCGATCCCGACGCGCTCGTGGCCCGCTCGCAGGCCAGCTCCGCGCTCGGCGACTTCTCGCGCGGCTACTCCGACGCCGACGCCGTCCTGCGCCGCGCGTCGGACTCGGCGCCGGCGTGGACCGCGCGCGCGGCCGCGAGCTACGGCCTCGGCAACTACCTCCAGGCCGTCGAGGACGCGCGGCGCGCGCTCGCGCTCGACCCGAACGACAAGACCGCTTTCGCGCTGATGAAGCTCTCCGAGGGCCGGGCCGCCGCCGCGCCGCGCTTCGAGAACGCGAGCCTCGCGCAGTCGGTCGAGCGCGAGTATCACGGCATGGTCCAGCAGCTCAACCAGGTCGAGCAGGTCCGCGCGCTCCCCGTCGAGCGCCCCGCGGCCGCCGCGATCAAGCGCTTCACGCAGAGCGCGAGCGCCAAACTGGCGGTCAAGGACTACCACGGCGCCGTCGGAGAGGCCGACAAGGCGCTCGAACTCGAAGGCGACAACGCGGACGCGCTGTTCTACCGCGCCGCGGCGCAGAATCTCCTCGGCCGCTACGGCGACGCCGAGCGCGACGCGTCGAAAGGGCTGGCGCTCTCGCCGTCGGCGGCGCACCTGCGCGACGCGCGCGCCTGGGCCTACATCCGCATGGGCCGCTTCGCCGACGCCGTCGCCGACGCGAACCACTCGCTCGAGATCGACCCGAAGAATCCCTACGCCTACGCCAACCGCGGCCACGCGAGCGAGGGCCGCGGCGACTACGAGGCGATGGCCGGCGACCTCAAGAAAGCGGCGGAGCTCAACGCCCTCTTCGAGCCCGACTACCGCGACTCGACCCGCCGCCACGGGATCGTCCCCGAAGAGCTCTCGCGCGAGCGCGCCGAAAAGCCGTTCATCGAGCGCCTCGCCCCGCGCACGCGCTCCTTCGGCGTGATGCTCGTCTTCACTTTGTCGGGCGGACTGCTGATCGGCCTCGGGCTCATGCACGTCGGCGGCGGCCTGCGCGACGCGAAGGAGAAGAAAGCCGCCGCGTCCGGCGCGGCCGCCCCGGCCGCTCTCGCCCAGCGCTACGAGCTCGGCCGCGCCATCGGACAGGGCGGCATGGGCGTCGTCTACGAGGCGCGCGACAAGACGCTCAAGCGCCGCGTCGCGATCAAGATGCTGCGCGAGGAGTTCCTCAAGGACGAACAGGCCAAGAAGGCCCTCGTCGAGGAGGCGACGACCGTCGCCGAGCTCAGCCACCCGTCGATCGTCGACATCCACGCCGTCGAGCAGGACGAGGCCGGCG
CP096137.1_gap85	3509073	3511226	2153	TCGTCGAGGCCCTGCGCCTGCTCGAGCGTGCGCGGGAAGCCGTCGAGGAGATACTTGCCGCCGGACTCGAGCCGGCCCGCGACCATCTCGATGACGATCGAATCGGGCACGAGCTTGCCGGCCTTGAGATAGTCCTGCGCCTTCTGGCCGACGGCGCTCTGCGCCGCGATCTCGGCGCGGAAGATGTCGCCCGTGGCGAGATGCTGGAAGCCGAACTTCTCGGCCAGGCGCTTGGACTGCGTGCCTTTGCCGGAGCCCGGGGAGCCGAGCAGGATCACGATCACTGCGACACCCCGCTGCCGACGTTGAACCAGCGTCCCTGGATGCGGCCCTTCTTCAGGAAGCCCTCGTAGTGCCGCATGATCAGGTGCGCCTCGAGCTGGCCCATCGTGTCGAGCGCGACGCCGACGGCGATGAGCAGGGACGTGCCGCCGAAGAAGAACGGGACGCTGAACTCGCGCTTCATGACGTCGGGCATCACCGCGATGATCGCGACGAACAGCGCGCCGCCGAGGTGATGCGCTCCAGGATCCACTCGATGTGCTTGGCGGTCGGTTCACCGGGCCGAATTCCCGGTATAAAACCGCCGGACTTCTTCATGTTCTCCGCCAGGTCGACCGGGTTGATCGAGACCGAGTTGTAGAAGTAGCAGAAGAAGATGATGAGGCCCGCGTAGACGGCGTCGTAGATGTAGTTGCCGCCCTGGAAGAACTGCATGAAGCCCTCGTTGCGCGAGGACTCGGGCATGAAGGTCGCGATCGTGATCGGCACCGAGAGCAGCGAGAGCGCGAAGATGACGGCGATGACGCCGCTCTGATCCACTTTGAGCGGCAGATAGCTCTGAGAGCCGCCGTACATCTTGCGGCCGACCATGCGCTTGGCGTACTGGACCGGGATCTTGCGCTGGGCGGTCTCGACCCAGACGACGGAGATGATGACGGCGGCGAGCGCGGCGACGATCGCGATCGCGGCGAACAGGTTGATCTCCTCGAGGCGGACGAGCTCGAAGAGGCTGTAGGCGGCGGCCGGGATGCTTTCGACGATGCCGGTGAAGATCAGGAGCGACACGCCGTTGCCGATGCCCTGCTCGGTCATCTGCTCGCCGAGCCACATGACGAAGATCGTGCCGGCGGTCATCGTCAGCACGGTGACGCAGTAGAAGGGCCAGCCCGGTTCGATGACGGTGGGCATGCCGCCCGGCGCCTGCATCTGCGTGATCGCGATCGTCAGGCCGAAGCTCTGGAAGACCGCGAGGAACAGCGTGAGGTAGCGGGTGTAGCTGTTGAGCTTGCGGCGGCCGAGCTCGCCGTCCTTGGCGAGGCGGTCGAGCGCGGGGATCACGTGCGCGCCCTGCAGCAGGCTCATGATGATCGAGGCGTTGATGTACGGGACGACGCCCATCGAGAAGATCGAGAAGCGACCGAGGGCGCCGCCCGAGAAGGTATTGAGGAAGCCGAGCAGGCTGCTCTGCTGGGCGTTGAAGATCGCCCGGATGGCGTCGCCGTTGACGCCCGGGATCGGGATCGCCGCGCCGATCCGGAACACCGCGATCGCGCCCAAAGTGAAGAGGACGCGCTTGCGGAGTTCGGGAACGTCGAAGATGTCGGCGAGACCGCGCATCGTCAGGCGGCCTTCACGACTTCGGCCTTGCCGCCGGCCTTCTCGATCTTTTCCTTCGCGCCCGCGGAGAAGCCGTGCGCGCTGACCTTGATGGCGCGCTTGAGCTCGCCGTCGGCCAGGATCTTGACGGGCTTGCGGCCCTTGATGAGGTTGTGGATGCGCAGGTCCTCGATCGTGATCTCGGCCTTGTTCTTGAAGACGCGGTCGAGCGTGCCGAGGTCGATGACCTGGTAGACGACCTTGAACAGGCCGTTGGTGAAGCCGCGCTTGGGGATGCGGCGGAGCAGCGGCGTCTGGCCGCCTTCGAAGCCGACGAGCTTGCCGTCGCCGGAGCGCGAGCGCTGGCCCTTCTGTCCGCGCGTGGCGGTCTGGCCGGTGCCGGAGCCCTCGCCCATGCCGAGGCGGATCGGGCGGCGGCGCGAGCCGGGGACGGGCTCGAGGTTGCCGAGAGTGATGCGTTCCTGCTGCGCGACGGGGGTCTTGGTCTTGGCCACTTTATTTTCCACGGAGCTTGATGATGTCTTCCTTCGTGC
CP096137.1_gap86	3531266	3534332	3066	GCAGCTCGCCGACGCCGCGGACGCGGCGGTTGCCGAGATGGTCGATGTCGTCGAGCTTGACGGGGAAGTTGCGGTCGAGCAGGTTCGGCACCGCGGTCTTCCACTGCGCGAACGCGGCCGAGAAGTCCGCGACGGCGAAGCGGTCCTTCTTGAGGCCCTGCTTCGTCGCGTCCATGTCGTCGTCGCCGTCCTTCTCGTGAAGGTCGATGAGCGCGAGCTGGCCGAGAGCCTCGCCGTTGGACTTCTTCGCGTACTCGGCGAAGAAGGCCTTGTAGTCCGCGAGACCCTCGTACTGCGCGCCGCGCGTCGGCATCGCCGTCGTCTTGGGCGCGCCGTCGGCGAGATGGGTGACGCCGGAGTTCAGCGCGATGATGTGCTGCATCGTCGCGATCACGTCCTCGAGGCACAGCGTGCGGCGCGTGAACGCCGGCAGCGCGAAGTGCTTGTGCTTGCGGCTGTCCGGGCGCGGCGTGACGTCGCGGCGCACGGCCAGCTTCCAGAGGTAGTGGTGCAGCTTGACGGCGACCTTATGCCGGCCGACCTTCGAGAGGTCGTACTTGCGCAGGTTCTTGAAGATCAGGTTGTCGAGGTACGCCTCGGCCTGTCCGGGGACGATGAACTCCTGGCCGCGGAGCTTCTTGTAGATGTCCTGCTGGGCTTCCTTGACGGACTTGATCTTGTCCTTGCGCAGGGTCTCGAGGATGGTGGGGTCGTCCTTTTCGGGGTCTCCCGTGAGGACCTTGATGCTCCCGACCTTCTTGTCGAGCATCCGCTTGATGGACTCGTGCGTGACCTTCTTGCCGGCCTCGAGCAGGACTTCGCCCGTGGACTGGTCGACGACGTCCTCGCACGAGATGCGATGGAGCAGCGCCTCCATGGTGGACGGCCCGACCTCCAAAGTCTCGTACGGGTAGAAAATCTTCAGGATGTCCGCGTCGGACTCGACGCCGCAGGCGCGCAGGAAGGACGTCGCCTCGAACTTCTTCTTGCGGTCGATGCGCACGAACAAAACGTTGTTGAGGTCGAATTCGAACTCGATCCACGCGCCGCGGTACGGGATGATCTTCGCGAAGAACAGCTTCTTGCCGAGGGCGGAGATCTTCTTCTCGTCGTCCTCTTCGAAGATGATGCCGGGCGAGCGGTGCAGCTGCGAGACGACGACGCGCTCGGCGCCGTTGATGATGAACGAGGCCGTCGCGGTCATGATCGGAACTTCGCAGACCACGACTTCCTGCTCGACGATCTGCTTGAGCTTGCCGGAGGGCTGGCGCGAGGAGAGGCGCAGGATCGCCTTCAGCGGGCGCGTCCACGAGGAGTCGTGGTTCTGCGCCTCGAGGGCGGTAGCAAAGCGGGGCGGGGCAAATTCATACCGCACGAAATCGAGGACCATCGAGCCGTCCGTCGACTCGATCGGGAAGACGTCGAGGAACGCGGCCTGGAGACCGAGGAGCTTCCGGTCTTCCGGCTCGACGCCCAACTGCATGAAATCGCGGAACGAATTCGTCTGCATTTCCAGGAGGTCAGGCATCGCCATCGCTTCCGGAATCTTGCCGAACTTGATCTGTTTCACGCGTGTTCTCCCGTGCTGATCATCGAAAAATCTCTTGATTGCTGCCTGGGACTAAAAAGCGACGGGACCGTCGCCCCCTCTCGAGGGCGACGGTCTCGTCTTTCGGAATTTACCTCGTCAGGGGCACTTACTTGAGCTCGACGGTGGCGCCCGCTTCGGCCAACTTCTTCTTCATCTCCTCGGCGGCGGCCTTGGCGAGGCCTTCCTTGACGGGCTTCGGAGCGGCTTCCACGAGGTCCTTCGCTTCCTTCAGGCCGAGGCCCGTCAGCTCGCGAACGACCTTGATGACGTTGATCTTGTTGGTGCCGGCGTTCGCCAGGACGACGGTGAACTCGGTCTTCTCTTCTCCACCGGCGGCGGCGCCACCAGCGGCGGGGGCTCCGGCGGCGGCGGCGGGCGCGGCAGCGGCGGCCTTCACGCCGAACTTCTCCTCGGCGAGCTTGACGAACTCGGCGGCCTCGAGGACGGTCAGCTGACCGACGGCCTCGACGAGCTGCGCGGGCGACAACTTGGTGGTGCTCATTTCATTTCTCCTTTTTCGACAGCGCCTTTAGACGAGGCTTTATCCCTTTCGGGACTGTCGACTGCGTTTTAGGCGGCAGCCGCGCCGGACTCCTTAAGCTTGTTCTCGAGGGCCTTGACGACGAGGACGGCGTCGCGCGTCGGGGCCTGGGCGATCGCGACAGGCTGGCTGACCAGCGTGTACACGAGGCCGACGACCTTGCCCATGAGCTCCTGCTTCGACGGGAGCTTCGAGAGCTTGTCGCAATCCGCGGGGCTCATCCACTTGGCGGAAACGTAGCCGGCGCGGACCTTGAGCTGCGGGAACTTCTTGCCGAGGGTCGCGAGGACCTTGGCGGGGAAACGGGATCGTCGTTGTCCGCGACGATCAGGCCGACCGGGCCCTTGAGCATCTTGGGGTCGACGCCGTCGATGCCGGCGTTCTTGAGCGCGTACTTGACGAGCGAGCTCTTGACGACGGCGTGGCGGCACTTCAGGGGGCGGAGCTGGTTGCGGAGCTCGTCGAGCTCCACGAACTTCATGCCCTGGAATTCGGTGAAAAAGAGGTGCGGCGCGGCCTTGAGCTTCTCGGCCAGCACCTTGCTCGTCTCGATCTTCTGCTGCTTCGTGAGTTTCATCTAAATTGTCCTCGGCTACTTAAATCTGAGCTCCAATCCGCCGCCGTACTGCGTCCCGTCGACGAACGACGCCTCCGCGAAGAAGGCGATGCGATCTTCCGCCGGGATCCGCAGCCCCAAAAAGGGCGTCCCCGTGTCCTTATGCCCGCCGGCGTGTCCGCCTCCGGCGAGGTCCTTCAAATCAGCCTGCACTCGGCGCCACAACACGCCTCCGTACGGTTCGAGCTTCCAGTTCGAGTCGATTTCGAACAAGTGGCTCGTTTCCACGGCTACCTGGTACGTCGTCAAGTCCAGGCTCTGGCTGAAACCGTTACCGATGCCGGGGGTTCCGCCCGGGTTGATGCGGTTGAAATTGTA
CP096137.1_gap87	3712804	3713913	1109	TAGCGCGCGAAGCGGCCGTCGAAGTTGACCGCGCTCGATCCGGGGGGCCGCTCGGACCGCGCGGGGGCCCCACGACGCCGGCGGAGGCGGGCAGGGCAAGGGCGAAGACGAGGATCCAGAACCTCACGGCGATAGAGTAAAGGAATTCGTCCGGGACCGGGAGGGCCGAAAGGCCCCTCAGAATGTACCGAATGTACGGGCCTGGCACTAAATCGTAGAATCGACGGGTGAAGAAGAGGGCGGTGTTCCTCGACCGCGACGGGGTGTTGATCCGGGACGCGGACTACCTGGACGACCCGAAGCGCATGCGGGTGCTCAAGGGCGCGGCGCCCGCGCTGCGGCTGCTGCGAAAGGCGGGGTTCAAGCTCGTGGTCGTGACCAACCAGAGCGGGGTCGCGCGCGGGTACTTCACGATGGCCGACGTACGGCGCGTGCACGCGGCGCTCAAGAAGGCGCTCGCCCGGGGCGGGGCGCGCTGGGACGCCGTGTACGTCTCGCCGCACGGGCCCGACAGCCCGCACTCCTGGCGCAAGCCGAAGCCCGGGATGCCCAAGGCCGCGGCGCGGCGCTTCGGCCTCGACCTCAAGGCGTCCTACCTGATCGGCGACAAGACGTCCGACATCGAGTGCGCGCGGCGCGCGGGCTGCGCCGGGATCCTGGTGCGCACGGGCAAGGGCGGCAAGGACCGGGACTACAAAGCCAAGCCCGCGGCGACGGTCAAGGACGTGCTCGCGGCGGCGCGCTGGATCGTCAGCCGGGAAGCGCGCCCGCGACGGTCGTAAGCGGCTTTTGTCACGGCGGCCGAGGTTGGCCGCGGCGTCGCGCGCGACGCGCCGGATCCAGCCGGTCGTGCTGTATTCCTCCGAGAACTGAGCGGCGCCGGTCGTCCCGCAGAACGCGAGCACCCGCGCCTGCGCCGAGCGGTTCTCCGCGATCCGGTTCACGGCGTTTTGGAACGGCTCGGCGATCCAGAAGTCGACCACCGAGCCCGCGATGAGCTGCGCGTGCTCGCGCACCGGGTTCGCGCCGGCGGGCGGCTCCGGCACCCGCAGGGCGCGCGCGATCTGGCGGCCGGGCTTGAGGCGTCCGTCGGCGTTGAGCTCCTCGAC
CP096137.1_gap88	3716967	3721823	4856	TAGTTGACGATCCCGTCGGAGGGACGGTCGGTGAAGCCGTGGTACATGAGGACGACGGCCGAACGGCGGCGCAGCCAGCGCAGCGGCCGGTCGAGCCCGAGGTCGAGCGCCAGCGCGAGAGCCCTGCCCGTCATGGGAACATCAGGTCGTGGTCGCTGTCGATCGACTGCGTCGGCAGCGGCGCCGACAGCAGCTCGGCCGAGGCGGGATCGGCCGCGCTCCAGGCGAAGCGCACGGGCCGTTCGCGGCTCAAGACGGGGGCGGCCGCGGCGAGGAGGACGGCGTCGGTCCCCGCGAGCCACGCGTCGTCGGCCCCGGAGTCGAGCGCCCAGCGCGCGAAGCCCTTCACCAGGCCCGCGCGGGCCTCGGGCTTGCCGGGGCCGACGAGCAGCAGGTGCGCGCGGCGCCGGCCGAGGCTCTCGAAGAGGCGGAACACGCCGGCCGCGCCGCCGGTCTCGGCGAGGAAGTGCTCGGCGCGCCGCGGGTTCTCGAGGAGGCGCCAGCGCACCCAGTCGGCGTCGCGCGGCACGCGCGGCTTCATGTTCATCGGCTCGTCGAACTTCTCCGCCAGGCCGCCGGAATCGGGCGGCAGGGGCGAGACCTTGAGCGCCGGGGCTCCCGCGGTCAGCGCGCGCAGCCCGAGACGCGCCGCCGGGCCGAACAGGACGCCCGCCGCCGCCCCGGCCGCGCCCCAGCGACGGCGCATCGGACCGGCGAGCTCGAGCGGGAACGAGCGCGCGAACGCCCCCGTCCGCTCCGTCCAGCCGAGCTTGAGGAACACGCGCATCGACTCGTCGTTGCAGAAGGTGATGCGGCGCGGGCACGTGGCCATCCACGCCTCGGTCAGAGCCTTGCCGTGGCCCTTGCCGCGCCACTCCGGCAGGATCGAAAAATCGACGAACCAGATCGCCGTCGACTCCCGGCCGTCGTGCGCGATCTTGACCGGCATCGACCCCGCGAAGCCCACGACCTTGCCCGCGTCGACCAGGGCCAGGGGCTCGAGCCCCGGGAACCGGTCGACGCGGTACAGCCAGCGCCAATGTTCGTCGAGGAACGCGGCGCGGTCCGGCCAGGCGGCGGCGAAGAACGGGGTCAACGACCCCGGCGGTATCGCCGTCGCCTTCCGGATCTCCGGCATCGGGCCTTAGTGGCCGACCGGCGCCGAGCCGTCCTCGATGTACTCGCGGACCTTGTAGCGCGACGCCGTCCAGATGAAGATTCCGGAGACGGCCGCCATGAGGATCGCGAAGAACCAGTAGAAGCTGGCGCCCTGGAACTTGTTGATCGCCGACACGTAGGCGGTCAGCACGTTCCCGAAGAAGATCGTGAGGAAGAAGAAGCTCATGATCGTGCTCTTCATCGCGCGCGGCGCCTGCGTGTACGCGAACTCCAGGCCCGTGATCGAGATCATGATCTCGGCGATCGTGATCAGGAGGTACGGGATGAACTGCCAGGCCACCGACGGCTTGCCGCCGCCGTCGATCGCGTGCTGGATCAGCGCCGCGCCCGCGAACGACGTCGCCGCGATGACCATGCCCAGCGACATGCGGCGCAGCGGCGTCATCGTCGTCTTGAACGCCTTCTCGATGGCCGGGTAGCCCCACGCCGCGAACAGCGGGATCAGCGCCATGACCATGATCGGGTTCAGCGCCGAGATCTGCGACGCCTCCCACTTCACGCCGAACACGTCGAGGTTCATCTGCTCGGCCTGCAGGACCCACGAGGAGCCGTGCTGGTCGAACAGCGCCCAGAACACGGTCACGGTCGCGAACACCTTGCAGACGTCGAGGACCGCGCGCGCGCCCTCGACGTCTTCCGCGGAATACTTCGACGCGGCCGCGGAGAAGAAGTCTCCGCCGGGCTTGCGCTTGCCCGTCGCCGCGGCCCAGAGGATCGCGAGGAAGCCGGGCTTGCCGGTCTTGCCCGTCGGGGGGACGTTGACGTACTGCGGGTGTCCCTTCCAGAACACGACCGTCGCGATCGCCATCAGGATGCCGGGCAGGCCGAAGGCCGCCTCCGGCCCGTACCAGACGAGCATCTTGGGGATCAGCAAGGTCGAGAAGAACGAGCCGAAATTGATCGCGAAGTAGAAGATGTCGTAGATCTTCTGGATCAGGTGCTTGTTCTTGTCGGTGAACTGGTCGCCGACGTGTGTGGAGACGCACGGCTTGATGCCGCCGGAGCCGAGGGCGATCAAGCCGAGGCCCCAGTACAGGCCGGTCTTGCTGCCCGGGAACAGCGCGAGCACGCCGTGGCCGACGCAGTAGACGATCGACAGCGTCATGATCGTCTTGTACTTGCCCCAGTAGCGGTCGGCGATGTACGCGCCGATCAGCGGCGTGAAGTAGCACGCCGAGACGAACAGGTGGTACGCCGCCGTCGCCTCGTGCTTGGGCATCATGAGGTGATTGACCATGAACACGGTCAGGATCGCGCGCATGCCGTAGAAGCTGAAGCGCTCGCAGGCCTCGTTGCCGACGATGTACTTGATCTGCGGCGGGAACGTGTCCGACTTGGCGGTGGTCGTCATATCAGGTCGAGCTCCTTGAGGGCCTTCTTCAGCGCGGGACGTTTGTCCGTCGACAGAGGGGTCAGCGGCAGGCGCGGCTCGGGGCGGCAACGGCCCATCATGGCGAGCGCGGCCTTCACGGGAATGGGGTTCGTCTCGACGAACAGCGCCTTGATCAGCGGGAACAGCTCGAGGTGCAGGCGCGCGGCCTTCTTGTAGTCGCCCTTGAGCGCGGCCTCGCACAGCGCCTGCGTGCGCTGGGGCGCGACGTTGGCGACGACGGAGACCACGCCCTTGGCGCCGACCGACATCATCGGCACGGTCAGGCTGTCGTCGCCGGAGAGGACGGTGAAGTCCTTTCGCTTGGCGGTGAGCTGCAGGATCTCCGAGACCTGGTCCAAGCTGCCCGCCGCTTCCTTGACCGCCGCGACCGTCGGGCAGTCCTTGGCGAGCTTGGCGATCGTCGCGGGGGCGACGTTGACGCCGGTGCGGCCGGGGATGTTGTAGAGCATCAGCGGCAGGCGGCTCTCCGCGGCCACCGCGCGGAAGTGGGCGTAGAGGCCCTCCTGCGTCGGCTTGTTGTAATAAGGAGCGAGCACGAGCAGGGCGTCGGCGCCGAGGCTCTCGGCCTCTCGGGCGGCCTCGACGGCCTTCCACGTCGCGTTGGTGCCCACGCCCGCGATGACCGGCACCTCGCCGCGCGACTCGTCGCAGGCGATCTCGATGGCGCGCCGGTACTCCTCGTGCAGAAGGGTCGCGGCCTCGCCCGTCGAGCCGCACGGCACCAGGCCGCGCGTGCCGCCCTTGAGCTGCAGGCGGATCAGGTGGCGGTAGGCGTCCTCGTCGAGGCGGCCCTCCGCGTCGAACGGGGTGACGAGCGCGACGTAGGAGCCTTCGAACTTCATAGGGAGACCTCTCCGGTGAACGTGATCCGGGCCGGGCCCTCGAGCCGGGGCCCGTCCTGGAAGGAAGCCGACAGAACGTCGCCGCCGCGCACCGTCACGCGCACGGGATGGCGGTCGAAGCCGAGCACGCGCGCGACGAAGGCGGAGGCCACGACGCCGGTGCCGCAGGCCAAAGTCTCGTCCTCGACGCCGCGCTCGTACGTGCGAACGATGAGGCCTTTCGCGCCGAGCTCCACGAAATTCACGTTCGCGCCCGCCTTGCCGAAGGCCTTGTGGAAGCGCAGGGCGCGGCCGAGCGTTTTCACGTCGACGCGCCGCGCGTCGTCCACGAAAACGACGGCGTGCGGCACGCCCGTGTTCACGTAGTGGGCCTGCACGAGCTTGCCGCCGGCGCGGACGTTCATGCCGAGCCGGAGGTTCTTGGGCGCGGGCATCGTGACTTCCACGCGGCCGGGGCCGGTGCGGCGGGCGTGGAGCGGGCCGCGGTTGGTCTGAAGCGCGAAATCCTTGCCCTTGAGCCAGCCCTGCTTGATCGCCCAGTAGACGCCGGCGCGGGAGCCGTTGCCGCAGAAAGCCGAGGACCCGTCGGCGTTCCAGTAATCCAAACGGACGGAGCGGCCTTTGCGGGACATGACGAGGAGACCGTCGGCGCCGATGCCCTTGCGGCGATCGCAGAGGACCCGCGCGAGAAGGGCCTTAGCATGGCCCTTGGGATTATCGAGCAGAACAAAATCATTGCCCGCCCCGGAGAGCTTCCAGAAGCGCGTCATTTCTTCGCCTCTCCCGCGAGGCGGTCGCGCAGGCCGCGCGCCGCGCGGGCCGGGAAGTCGCCGCGCGCGGGGGCGGTCAGGGGCGAGAGCTCGAGCGCCGCCTTGGACGGCAAGCCGCGCGCGAGCTGGGCGCGCGCGCGGGCCCACAGGGCCGCGGCGTCGCCGGGCGACTCGCGCAGGACGAGGTCGGCCTCGATGAGCGCGTCGGCCGGGCGACCGGCCTCGATGAGCCACAGCGCGCGCGCGCCGCGCGCCGACGCCGGCGCCGCAGGCCAGCGCCTCGTCGAGCGCGGAGAGAGCGCCGGGCAGATCGCTCTCGGCGCGGCGCGCGAAGGCGGTCAGCACGTGGCCGTCGGGGTTCTTGGGCTCGAGGGAGATGGCCCGGCGGATGGCGAGTTCGGCCGTCGTCCAGTCGCGCTGAGCGAGCAAGGTCTCGGCGTAGGAGCGCCAGACGTCCGCGCGGCTTTCGAGCGTCTCGAGCGCGACTTCATAATGCTCGGCCGATCGATCCAGGAAGCCGAAGCGCCGGTCGATCTCGGCGAGGCCCAGGTGGGCGCCGAAGTGCTTGGGCTCGAACAAGATCGCCTTCTCGTAGAACGGGCGCGCCTGCTCGTCGAGTCCCGTGCGGTGGAGCATGTCGCCCTGCCGCGTGAGCAGGTCGACGTTCTTCGG
CP096137.1_gap89	3733581	3738119	4538	TTCGCCTGCGTCGCGGCCGACATCGAGACCGGCGAGGAGGTCGTCTTGAAGCAGGGGCGCGTCGCCGAGGCGATCCGCGCCTCCTGCGGCCTGCCGATCATCTTCGAGCCGATCCAGCTCTCCGGCCGCTGGCTCGTCGACGGCGGCCTGGTCAACCCGGTGCCCACGCGCGTCGTCGCCGACATGGGCGCCGACATCCTGCTCGCCGTCAACCTCACGATGCCCGCCGGCGAGCGCAAGAGCAAGGTCACGGAGCGCCACAACGCCCGCCTGCTCGACCGGCCGCTGACCCTCGAGAGCCTGCGCCAGGCCGCGATGCCCGTTTTGCCCAAGGCCTTCCGCGCGCCGAACCTGCCCGAGGTCTTCTTTCAGATGATCTACACGATGGAGTACGAGGTCGCGCAGTCGCGCCTGGACCTCGCCCACGTGACGATGTTCCCCGACCTCAAGGGCTTCTCCTGGACCGAGCTGCACCGCGCCGGCGAAATCATCCGCGCCGGCGAACGCGCCGCCGAAGAGGCGCTTCCCCGTTTGAAAGCCCTGATCCCCTCATTCAGGCCCTGAGCGGTGTCAGGTTGTGCAATTGTCCGATTCTCCGGATGTCCGAACCGGAGAGAATCGGACAATTGCACAACCTGACACCTACCGGCGCCCCGGCTCGGCGTCGGCCAGCGAGCGGGCGGCGGACTCGAGGTCGCCGGAGGCGATGAGGCCGAAGATCGACAGGAAGCGGCCGAGCTTGCCGCGGCGTTGGGCCACGGCGCGGCCGTAAGAGGTCGTCTTGGCGTACTTCACCAAGAGGTCGTCGACGAACTCCCTCCAGCGCGGCTGCTTGAGCACGGCCTCGCTCACGCGGAAGGGGACGAGCCGGTAGTTCGAGATGTCGCGCGACAAATTGCGGCGCAGTCCGGAGCTCTCCGCCATGGCCCGTTCGATGTCGGACACGCGCGAGAGCCAGCCGTCGGACTGCAGGGCCGAGAGCGCGGACTGCGCGTTCGCCTTCAGGCGCTCGAGGCGCTCCTTGTAGGCCTGGCCGCGCTTCTTGTAGTTCTCGCGCACGGGCGCCGCCGCGGGGACGGCGTCGATGGCGGCGAGCAGGTCGGCGGTGAGGAAGCCCTCCTCGTCGGAGAGCCGGTCGAGCTCCTCCTCGAGGGAGGCGGCCGTCAGCCAGCGCGTCGCCTCGCGCTGCCGGCCCGAGAGCTCGACGAGCAGCGCCTTCGAGATCTGGGCGGGGTCCTTGGCCTTGGCGGCGGCGCGCTCGAAGTCGGCGAGCGCGGCCTGCGCGCGCGCCAGCGCCGCGTCGCGCCGGCTCCGGTCGCGGCGCGCCTTGCCGGCGGGAACCTTCGCCAGCAGCTTGCTCTCGAGGTTCGGGTCCTTGAGGTCGCGCTCCTCGAGGCGCACGCCGGCCAGGTCCGCGAGTTCCGCCAGGCGCGCGCGGCGCAGGCGCTCCTCCATGTTGCCGAGATCGAAGCGCAGGCCGTAGGCGGGGTACGACAGCGTCGCGTGGTCGAGCTTGCCGGTCTCGATCAAGGCCGGGGCGCCCGGGGGCGCCTCTGGTTGAGCGCGCTCTGGAAGGCCATGAGCTGCGGGGAGTAGCCGCGCAGGTTGCCGGCCGAGAGGCGGTCGTAGAACGTGGCCGCGAGCGCGGGGTTGGCGGCGGGGGAGCGTCGCCGCCGGGGCCGCCCTTGGGCGCCTCGCCCTGGATGATCTTGTCGCTCATCGTGCCCTTGCCCTCGAAGAGGTTGCGCAGCTGCTCGCGCTTCTCCTCCTCGCCGGCGGTCTGGTCGGCGAGCGTCGTGAGCTTCGAGGTCTTGGCCGCCGACTTGAGCACGCCGTAGGCGCCGCGCGCCTCGTTGTTGCGCGCGTAGGTCGTCTTGATCTGCTTGGTGATGCCGTTCTCGAACTTCTGGTTGCCCTCGGCGTCGTCGCGCGCCAGGCCGACGGCGATCTGCGCGGAGGTCGACAGGTCGCCGCGCACGTACGCGGCGATGTCCGCGCGCTTCTTCGACTCGTCGGTCTCCTGGGTGATCGCGTTGGCGATCTTCGAGCGCAGGATGCGCTCGACGAGGGCGGCCTGCAGGCTCGGGTCGGACTCGAGCTGCTTCTGCATGTCCTGGATCGCGGCCGCGCGGTCCTCGATCTCGAGCGTCGCCTCGGGCGCGGCCGGCTCCTGGGCGCCGGCGGCGCCCGCGAGCAGCAGCGCGGCGAGCGCCAGGGCCCTCATTTCGGCGCGGCCCCCGGCGCCGCGGCCGTGGAGGCGGCCGCCTCGAAGGCGAACACCGCGCGCCGTCCCGAGCGCACGACGCCGTCGTCGCCGATGCGCGCCAGGCCGAGCGTCAGGTCCGAGGTCTCGATGTCCTTGCGCGTCTTCGTCCACAGGTCGAAGAAGGAGTGCGTGTCGCTCTTGTCGGGCACCGCCCAGCGCGCGACCGCGTAGCGGCCCTTGGGCGCCAGGCCGATCGAGATGAGCTTGGCGAAGGGGCCGCCGCGCAGCAGCACGCCCCCGGCCCAGTCCTTGGCCTCGACGGCCCAGGCCTCGCCGGTGCGCTGGGCGATCAGGATCACCTTCGAGTCGTCGGAGAACACGACGGGGTCGCCCTTCTCGGGATAGTCGACGGCGTCGTCGGTCCACAGCGTCTGCGCCGTCGAGCCGAGGATCTTCAGGCCGCGCCGCGACTCCAGGAGGGCCGAGCGCGAGGGGCTGTAGACGAGCTTGCGCTCGAGCACGTACGCCGCGCGCCCGTCGGGGAGGGCTTGCCCTCGACCTCGCGCGTCGTCGCGCCGCTGTCCTCCTTCAGCAGCCCGACCTCGAAGGACAAGGAACCCTCGGCGTCGTAGAGCACGAGCGACTTGCCCTGGCGGCTCCACCCCGGCGTCGACTTCGACGTCGCCATGTCGGGCAGGACGGGGGCCTTGGCCGCGGAGGCCGAAGCGGCGAGCCAGGCGCCCAGCGCGGCGGAGAGGATCATTTTTTCAGCGCTCCGATCGCCTCGACGCTGACCTTGCCGCGCACGCGCGGGAACGCCTTCACCTTCCAGGGCTGGGCGATGGCCATCGTCGAGAAGCCGGTCGGGGGGAGATCTTGTAGCGCACGATCGCGTCCGGCCCCTTGTTCACGGGCTCCTGGAACTCGATGATCCAGCCGCCCGTCGGCCGCTCGCCGGCGAACACGGCGACCGCGTAGTACTTCTTGAAGTCGAGCGGCGGCGCGTCCTGGCCGATCTGCAGCCACAGGCGCGTCCACGCGCCCTCGTCGGCGGCGACCTCGGCCGAGGGATCGATCGGGCCGCCCTGCTGGCCTTTCCATTCCATGGGCTTCTCCTTCTTGGCGTGAGCGGCGGCCGGCAGCAGCAACGACAGCGCGAGTGCCAACTTAATCATGAGACCCTCCGACGACCAAAGTCGGCATCCGGATCGTGGGCTGGCCGTCGCTGACGGCGACGTTCTGCCCCTCCTTGCCGCACGTTCCGATGCCCCAGCCGATGTCCCAGCCCACGCGGTCGATCGAGCGCAGGGCCTCGGGCCCGACGCCGAGAAGATTCGCGTCGCGGACGAGATGAGTGATTCGGCCATTTTCGATTCTCCAGCCCTCGTCGACTTCGAACACGAATTCTCCGGAGGCCGTGTCGACTTGCCCTCCGCCCATGCGCGTCACCAGGAGGCCGTTCTTCATCTCCTTGATGATCTTCGCCGGATCGTCCCGGCCGGGCGCGATGTAGAGGTTCGACATGCGCGGGATCGGCCGCGCCGCGAACGACTCGCGCCGGCCGTGGCCGTTGGACGCGAGCCCCTCGCGCAGGGCGGTGGTCCGGTCGTAGAGAAAATCGGTCAGCACGCCGTTCTCGACGAGCGTCGTCGCGCGCGCGGGCACGCCCTCGTCGTCGAAGACGAAGGAGCCGCGCTGGAAGGGCAAGGTCGGGTCGTCGACGACCGTGATCGTCTCGGGCGCGACCGTCTTGCCGCGCATGCCGCGGTAGGCGGGGAGGACCCCTCCTGCACGTGGTCGACCTCGAGGGAGTGGCCGATCGCCTCGTGGATGAAGGTCCCGCCGGCCTCGGCGGCGAGCACGACGGCCATCTCGCCGGCCTTGGCCTTCGGCGCGTCGAGCTTGGCCAGCGCGCGCGCCGCCGCGCGCCGCGCCGCGCGCAGGCCCGCGTCGCCGTCGAACACCTCGAAGCCGCGCTGCGCGCCGATCACCTCGACGCCGCTCTGCTTCATCCCGTCGCGCTCGGCCACCACCGACACCGAGAGCGTCGTCGAGACGCGCCTCTGCGAGTGGTCGGCCCCTTCGCTGTTGAGCACGCGCGTGTCCTTGAGCCGGTCGCTGTAGGACGCGGTGACCTGACGGATCAGGGGGACATGGCGCGCGCCGCGCGGTCGACCTCGCGCAGCAGCTCGAGCTTGATCTCGAGAGAAACGTCGGCCGGATCCAGCCGGCAGGCGCGCGAGGCGGCGCGCGGGGCCGCGAACGCCGGGCCGCGCCCGCCGCCCGGCGAGAGCCGCTCGCGCAGGCGCCGCGCCGCGGCCGCCCCCAGGTC
CP096137.1_gap90	3802450	3802950	500	CACGTTCGACGCGCTCGGCCTCAAGGAGGGCTCTCGCGAGCGCCTGTCCGACTACTTCTCGACCCACCCGGGCGCCTGGGAGCGCCGCGCCGCGCTCGAGCGCGAGTCGGGGAGGACGCGGTGACCCGGGGCTTCGCGGCGTTCGTCGCGGCGCAGGCCACGAGCTCCTTCAACGACAACGCGTTCAAGACGTTCGCCGTGCTCTCCGCCGTCGCGGCCGACCCGGTCGGGGCGCCGCGCTTCATCGCTCTCGCGGGCGCGGCCTTCGTCGTCCCGTTCCTGCTCTTCTCGACGGCCGCCGGCGACGTCGCCGACCGCTACCCGAAGGCCCGGCTCGTCGCGCTGTTCAAGGCGATCGAGATCGGCCTGCTGCTCGCCGCGGGTCCGGCGCTCGCGGCGGGAAACCTTCCGGCGCAGCTCGTTTTGATCTTCCTGATGGGAGCGCACTCCGCGTTCTTCGGGCCCGTGAAGTTCTCGATCCTGCCGGAGCTCGTCGAGCC
