gap_id	start	end	length	sequence
CP103952.1_gap1	3332	7481	4149	CTCATCTTATAAAAACCACATTATTTAAAGATTTCGTAGAGTTTTTCCCCGATAAATTTATTAACGTAACTAATGGGATTACTCCAAGACGTTGGCTCGCCTTATGTAATCCTCGCTTGGATGCATTATTAGAGCAAACGATAGGGAGTGCTCATATTACGGATCTCTCTCAAATTCACAAGGTGATCCCTTTTGCTGATGACGCGAGTTTTCGAGAACAGTGGCATAAAATTAAGCTTAATAATAAGCAGGATTTTGCATTAAAACTTAAAAAAGAAACCGGGGAGAACATAGATCCCTCCTCTATGTTTGATTTTCATGTAAAGCGTATTCATGAATATAAACGGCAGTTAATGAACATTCTTAGGGTGATTTATCTGTATAATGATCTTAAGGAGAATGTATCTTCGAGTATTGTCCCAACAACAGTAATTTTTGCTGGAAAAGCGGCTCCAGGATATGCGTTTGCTAAGTTAGTCATTAAACTTATCAATAGCGTTGCCGATTGTGTAAGTAACGATCCTCAGGTGAATGAAGTCTTAAAAGTTCTCTTCCTTCCAAATTATCGAGTGACGATGTCTGAGATGATTATGCCTGCTTCTGATATCTCGGAGCAGATCTCTACAGCAGGTATGGAAGCTTCCGGAACAGGAAATATGAAATTTGCTTTAAACGGTGCCCTAACAATAGGAACCATGGATGGAGCAAATATAGAAATGTCGGAATATATTGGTAGGGACAATATGTTCATTTTCGGTTTGTTAGAAGAAGAAATAGCCAAAATAAGGCGAGAGTATTACCCACAGGCTATATGTGATAACAATCCCAAGATTGCTCATGTGTTAAAATTACTAGATCAAGGATTTTTCAACACTTCAGACAAAGAACTATTCAAGCCTATAGTACATAGATTATTACATGAAGGTGATCCATTCTTTGTTTTAGCGGATTTAGAATCGTATATTAAAGTTCATGAATCTGCGGCTACCTTATTCCACAACACAGATGAATGGGTAAAGAAATCGATATATAACGTAGGCGGCATGGGCTTTTTCTCTAGTGATAGAGCTATTGCTGACTATGCCAGAGATATATGGAACGTTCCTACAAATCATAAATCTTAAGAAAAAGGCGCTGCTAATCCAATATGAATGACTTTTATTAGCAACGCTTGTTGTTGTCGAAAAACGCGAAACTTTTAATTTAATAACAGGATAGAAGGAGCTTCTAAGATTTTCTGCAATCGCTTCATAAACATTGCGGCTGGATATCCGTCAATTACACGGTGATCTATAGACAATGTCAATATACACGTAGAACCAACTAGAATTTCTCCATTGATTACTATCGGCTCTTCCTGAACACTACCCACAGCAAGAATAGCTGCTTGAGGGGGATTGATAATTGCTGTGAATGCTGTAATTCCTGTCATGCCTAAATTGGAAACGCAGAAAGACCCACCTTTATACTCTTCCTCTTTTAAAGATTGAGATTTCGCTTTAGAAGCTAAGCTTTTAATCTCGGCAGAAATCATACCTATGTTCTTGCGATCAGCACAGCGTACAATAGGAGTAATTACTCCATCAGGAATAGCCACAGCTATCGAAATATCTATAGTTTCAAAACGTACAATTTTATTGTCGACGCTATTGAAGCCTGAATTTACTTCAGGAAACTCTTTTAAAGCTAGGGCGCAAGCACGAACAATACAGTCATTAATAGACAGCTTAATTCCTTGGGCCTGTAGTTCCTTAAGCAGGGCGAGCAACGGCGAAGCATAAACTTTTTGTGTTACATAAAAATGTGGAATAGAGGCTTTCGCAGCTTGTAACCTCTGTGCAATGATGTCTCGAATAGGAGAAAGAGTTTCCTCGTGATAGGATCCAGGATGCACTTCAGGAGCTTCAGGGTAACCAAAACCTGCAATACCTTTGGTAGGAGCTTTATCCAGGTCTTTTTCAACAATACGTCCGCCAGGACCGCTACCTTTGATTCCAGAAATATCCAGGTTTTTTTCCTTCGCTACACGTTTAGCTAGGGGAGAAATGGGGGATTTTGAAGAATCTACTTTTAAAGATAGAGGTTTAGACAGGGGAGGTTCAGGTTTAAATTGAAAGGCTAACTGCATGGGGGCAACGGATGGTTGCACTTTCGTGACTTCTTCTTCCACTAGTTGAACATTTTCTACAGGAAGTTCTGGCTCGGGAGTTTTAGGAAGGATAGTGTCTAAGTTGAAATCCTCATCCTTTTCCGAAGATATGACAGCTATAGGTGTGCCTATGTGTACTTTTGTTCCCTCTTTAACAAGACAATCCCGGAACCAGCCTTCTTCATTTGCCGTATGCTCGAGTACAGCCTTATCTGTTGATACTTCTAAGAGAACATCACCAAACTCTATTTTATCGCCATTGTTCTTATGCCATTTTACGATAGTTCCTACTTCCATGGTGGGAGAAAGTTTCGGCATTTTTAATAGAGAAATCACAAATTTACCTCATGATTTTTTCGATAGTGTCTAAAATACGATTCACATTGGGCAGAGTTGCTTGCTCTAATGTCTTGTTGTACGGCATAGGAGTTTCTCTTTGGCACACTCTTAAAGGAGGGCTATCTAGGTAATCAAAAATATGTTCTGTAATTTCCGTAATGATTTCCGCAGAGATCCCTGCAAAGTAATGACCCTCTTCTACAACTATACAATTTCCTGTTTTCTTTACTGAAGAAAATATTCCAGAGATATCTAGTGGCTTAATTGTGCGTAGATCAAGAATTTCTATAGAAAGACCATAACGCTGTTTAGCAACCTTTACAGCTTGTTTTACGATAGAAACCATTCGACCGTAGGTGATAATTGTTAAATCCTTACCCTCTTCTACAACTCGAGACTTCCCAATAGGGATTAAGTATTCTTCGACGGGGACTTCGCATTTGAGATTATACTCTAACTCATTTTCTAAGAAGAGAACAGGATTGTCATTTCTAATAGCAGATTTTAATAGTCCTTTAGCATCATAAGAATTCGATGGGGCAATAACAATTAAACCCGGGATATTAGCATATAGGGCCTCAACACAATGAGAGTGCTGACAAGATACTTGTGCTGCAGCACCATTAGGACCACGAAATACGATGGGAACTGAGAAGATTCCTCCAGTCATATAATGCATTTTTGCAGCATGTGAAATAATTTGATCTGCAGCTACTAAAGAGAAATTCCAACTCATAAATTCTATAATTGGACGCAAACCGGTTAATGCCGCTCCAATCCCTATACCAGCGAATGCCGCTTCACTAATTGGTGTATCAATAACTCTTGATGATGACCACTTATCTAAAAGGCCTTTTGTAACTTTATAAGCACCGTTATATTCAGCGACTTCTTCTCCTAGTATACATACATTAGGATCCCTCGCCATCTCTTCATCAATAGCTTCTCTAATAGCTTCTCGGATTTCTAATGTAACATACTTAGGCATACACACCCTCTTCTAATGTGGCAATCGTGGGTTCTGGATCTGATTTTGCTTCAGTAAAAGCTTTTAAAACCTCGTTCTTACATTCTTCACGTAATGCTTGAAAACTTTCTTCTGAGATTACTCCCAAGTTGATCAGCCATTTTTTAGCGAACATGATAGGATCTTTTTTTATAAGGCATTGCATTTCTTCTTTACTTCTATACAAGTTGGGATCAGAAATGGAGTGTCCTCTAAATCGAGAACATAAGCATTCAACAATGACTGGAAGCCGCGTTTTTTGCATGTACTCATAAGCTTCTTTAAAGCCTAAAAGACAATTGAAAAGATCAAAGCCGTTTAACGTGAATGAGCGTATACCGTAAGAAGCCCCTTGGGATTCTCCTATCGGTTGTTTTGCAATAGCACGATTGAGAGCGGTCCCCATGCCCCAGCCATTATTTTCTATAATCAGCATTAAGGGGAGGTTATGTAGAGCAGTAAAATTCAATGTTTCGTGAAATACTCCTTGAGCAACAGCTCCATCTCCAATGAATCCTAGGGAGATCTTATCTTCACACCGATATTTGATAGCGAATGCCGCTCCAGCGGCTAGGGGAATTTGACCTCCTACGATTCCAAATCCTCCTGGAAAATTCGGACCACACATATGCATGGACCCGCCTCGACCTAACGC
CP103952.1_gap2	181047	182867	1820	GCGACATACCCAATACACTTCAGGTTCCATACCCTCTGCATTAGGAAGCTCTCTAGAACCCAAATCTATAAACTTACCCATAAAGTACAAAGGACAACTCTTTAATAAGAGCTTCTCTAAATCAGGAAGATCTATTCCCTGACAAGCTGCTTGTAAACGCTTAAGACCAAACTTCTCTACCTTTTCTTGACACTTCTGTGAAGGGAAAACAAAATTTCCAGAAGATAGTCCCGAGATCACTGCACGCAACTCTTGCAGAGACAACTTTCCCTGAACCACGAAATCATAAATAACCGAAGGGAATTCACGTTGAATTATAGAAGCAAAACCTTGCGGAATAGAAGGTTTCAACTTTAACTTATCCCCACGATAAATCAATAACCCACAAGAGACACCCAAAAGAATGATAGAGATGACCAAACCCAGGATAATTAACGGTTGAGTTAACCCACAAATCATCAAAGTTGCGAAAGTAGTAATTAAAGCAAGAAAAACACTATTCGCTATAGCAAAAGCATGTTTACGTAAACTATCCGCAATACACGTCTGCGCCTTACGTTCTTTGATTACTAATATCGAAGCAGCATTAGATCCTAAATGAGAAGGTGACTGTAAAGGATGCACGCTATACTACCCAATGAATGAAATAAATCTGAGGAAATATACGCATTTTTAGAAACAAAAAACAATGGATAAATCTCAGAATTTTCCGGTTAGAATAACGGAAATCTAACTCTGAAAATACAGTTGAATGACTCTTAACTACATAGCCATTTAAGATAAACTACAGTAGGGAATACTACGGAATTATAAAAATACATTGTTTTACAAAACAGTCGTCTCAGAGTGAGAAAATTGATAATTTCTCCTCAGCTAAAGTCTTGTTGTCCAGCCTCTGACTCGATGTTTGCATAGCAAGTTGAGGGGTACGTTCCTAAAATTCTTTTAGTGCATTGTAAATACACTAATGTGTTCTCGTTCTAGCTCCTGTATTCATGTCATAATCATAATAAGGTTGTCCGGAAAGCATAGTATGATCCACTGAGACTTCTGGTAAAGGCTCTCCCCCATCCCGTCTACGATTTAACAACTGGATTGTGGATTCATGGGTTCTCCATCTCAAACTTCTACTAGAGCTATCTTGATAGTCTTCTATCCATTCATCCCATGTAAATAGGGTAACATGAGGATCAAAGCTTGTTTCCACTGCTTGGGTATAAGGGAAAGTAGACATCATATTTCTACATAGATGTCCCCCTCGACTTTGCAATTCAATTTCGCAAAGAAAATCGATAGAACGACTATCTAATTTCGTAAATAACTGTAACTGCTCCCAACTCACTCCGTGTTTACATAAGTAAAGGAAAGAGTTAGGTTTATTTACTTCCGATTTTAAATCAAAGACTCTCAATGAGAAACTTGGTTGATATGTGCTACTTATACTATCGATTATACGACGTTGCAGTGTAACAATGATATCCTGCACTTGCGACCACGTTTCATTCTCAGCATGTTCAAGAAGCGTGAGGTATTCTTCTCTAGATACTGTGCGCGATAAAATCCAAATGAAAGGCGTGAAGATTGTATCAGAAGTATGAGCAAATCCCCTACGGCTTGTCCAATAAACTTCAGGAGATAATCGATGAGATTCAGGAAGTGTCCTATCTCCCAAGGCAATCAATCTATTGATAAAGTAAAAAGGACATTCTTTTAATAAAACATCATCCAGAGGACGTAATCCAGTACCAAGAGATTCGCTTTGTAGCTGGGAAAAGGAAAAATTCTGCAATTTTGTTTTTAGGCTATTAGGGTAACTTTCA
CP103952.1_gap3	185757	187322	1565	ACGAAGTACTTTTCCATTAAACAACAATGCTTAAATCTAAAAGATTTCCATTTTTATGATGTTTATGCTCCCCTAAGTCAGTCTGAAGAGAAAAAATATGCGTTCCAAGAAGCTGTAGATCTTATCTACACTAGCCTTTTTCCTCTAGGAACTGAATACACGGATATCTTAAAACAGGGGTTAACAACTCAAGGCTGGGTAGATAAATACGAAAATCTTAATAAACGCTCTGGAGCCTATTCTTCAGGATGTTACGATAGCCATCCTTATATCCTCCTAAACTATACGGGAACCCTTTATGATGTATCTGTAATTGCCCACGAAGGGGGGCACAGTATGCACTCGTATTTTAGTAGGAAACATCAACCTTTCCATGACGCTCAATATCCTATTTTCCTTGCGGAAATTGCTTCTACCTTAAATGAAATGCTTCTTATGGATTCCATGCTTAAGGACAGCAACTCAAAAGAAGAGAAAATCACCATTCTGACAAGATGTTTGGATACCATCTTCTCTACACTATTCCGTCAGGTATTATTCGCCTCTTTTGAATACGACATTCATCACGCAGCAGAACAAGGGATTCCTCTGACTGAAGAATACCTATCCTCAACTTACAAGAATTTACAAAATGAGTTTTACGGAGAAATTATCACATCTGATGTCCTCTCTCACATAGAATGGGCAAGAATTCCTCATTTCTACTACAATTTCTACGTATATCAATATGCAACGGGGATTATAGCCGCCCTGTGCTTTTTAGAAAAAATTCTTAACAACGAAGATAACGCTCTGAACTCGTATCTGAACTTTTTAAAAAGTGGTGGATCGGATTTCCCCTTAGAAATCTTAAAGAAATCAGGATTAGACATGGGCACAATTGACCCAATCCAAAAGGCTTTTTGTTTTATCGAGAGAAAAATTCAAGAGCTATCATCTTTAATTTGAAACAACTAAAAAAATGGCGCTTGATATTATTAAGTGCTAAAATCATTGCCAAAAACATGAGGCTTTGTTATCGTTTTCGAGAAACGGCAAAGTCTCTTAGAATATGAAACACAAGGAGCTTACAATATGTCAGATCAAGCAACGACCTTTAGGATTAAGCCCCTGGGCGATAGAATTTTAGTGAAAAGAGAAGAAGAAGATTCTACATCGCGCGGCGGCATCATTTTACCTGATACAGCAAAGAAAAAACAAGACCGAGCACAAGTGCTAGCCTTAGGAACAGGGAAGCGTGATAAAGACGGTCAAGTCCTACCTTTTGAAGTTAAAGTAGGCGACACTGTTTTAATAGATAAATACGCGGGACAAGAACTTACCATGGATGGTGAGGAGTACGTCATTGTTCAAGAAAGCGAAGTTATGGCAGTTCTCAATTAAGACTGATAATTATTTATAGATTGCAAAAAGTTAAGGAGCACAAAAAACAATGGCAGCAAAAAATATTAAATATAACGAAGACGCCAGAAAAAAAATCCATAAGGGAGTTAAAACTCTTGCAGAAGCTGTAAAGGTAACCTTAGGTCCTAAAGGACGCCATGTGGTTATCGATAAAAGCTTTG
CP103952.1_gap4	237450	240914	3464	CATCCGATAAGGTAAACTCCAGGTAACAACAATCTGCTGGCCCAATGTTTCACGCAGACAGGTTTGTTCTATACCCAGATGTGCTGCAGCTGTGTAATCATTATCTATAAATTCCGTGAACGAGGACAGGCACGGCTGCGAACATCCGGACAAACACAGTATAGATCCCAGAGGGAATAGAAGAACCCATAAGCTTCTAGAACAATAGTAACGCAAAAACAAAAGCAAAGAGTGCAAACGATTCAACTATCCCAATAGATGCAAAAGATTTACCATAAATAGCTGAAGAGCGTGCATAAGCTTGGATAGCACTTACACAACATTTCCCCTGCATTACAGCCGATATTAATAGTGCGATCCCTACAGAAAGCCCTACAGCAATCCCTGCTATAGCACCAACTTTGCCATCTTTTATACCATCTCTAAGCAAAAGCATAAAAATCAATCCATAGATAGATTGCGAAGAAGGCATTGCAGACAAGCCTATAATCTTTCCATGTCCCTCGTCAATTCGAGACATCACAGCATGCGAAGCCACCCCTGCCATACCACAACCAATGGCACTGCCTATCATTGCTAAGCCCATGGCAAAAACAGGACCAACAACCGATAAATCAATCATTATGTACCTCTATACCTCATAATAATACTACAAGAAAACCCGAGAATGAATTCTTTAATTGTCTTGCTTATAACTTCATTTTTCCAAAGGTCCCGAATTCTACCAAACCATAGAATTATTACCTAAACCTATCCCTAGGAATCCACAACCTTATGACATACTACTTTCTTTAAGGGATGTAGGAGCTTGCCTCCCCCATCAAAACTATAGTGATACCACTCAATAAAGTTTAATCTTAGACCGTGAATCACTCCCCCCATAATAGAAAGTAATATGTTCACTGAATGACCAAACAAAATAATAATGAAAGCTATAGCAGGCGAAAACCGATTGCTAATCTGTACTATTGTGGTTCCTACCATGGCACCTGCCAAGCCTAATGCGTATATACGCAAATAAGATAAAACATCTGAGAATACCTGAATAATCGCTGTAATCTCATCTATACCACCAATACCACGTTGCAACACTGCTCCGGAGACTGCAAGACCTATACCTACAAATATGCCGTAATAACCTAGAACCCCTCCAAAATCATAAGGGACATGGAATAGGTAATGAATTAAAGATACAGACTGTAAATATAAAGGAAGATAAAGATAGGCACCGCACATAAAAATGATCCACCCAAGCCCTGAATAGCGCTGACGTATATAACGCAACATGCCCAGAGCCATATGAATCAATCCGACAAATAAAGCTAATTCCATGAGAATATTGTCTGTAAACTTATCATAGACAACAGCACGTTTACCTACGTCGCCATTAACGGTTTCAGTAGCAAGGAGAAACTCTTTTGGGGTCTGCTTATCTTTCAATAAAGGATGTTCATTAACTAACTCTTTATATCCCTTAGGATGCTTCTCTAAATAATATTCTGCCTTTTTCAATGCTAATACATGCGTAAGCGAGTACTCTCGCAAAGGATTTGAAGGACTGATAGAAATGCCAAAAAAGGAAGTGGTAGCAAATCCCCAACAAATACATCCTAATCCTAAAATAGAAAACATCTTCAGGAAACGCGCTAATGACTTGGAACCTTTAAGCGCACGACGTGCCTTAAATGTTATGAACAACGAGGTTGCTAGAAAAACAAGTCCGTAACCACCATCATTGACAATCATAGAGAAGAAGAACAAGAAGGAGACAAATACCCATAACGAAGGGTCTTTATCCGAAGATGCTGGTGTATCATAAATATTCACCAGATCTTCCCCAATGCGTCCCAAACCATGATTTTCTAAATAGGTAGGAACAATCTCATCTGGATTTGGGGCTACCTTGTATAGACAGACATCAAATTCTTCGCAGAGTTTCTCTAATTCTGTTAGACGATCAGAGATTACCCACCCCGAAATAGCGAACATCCTACCATCGAAAAGCTCTTCAACACTATCTTCGGCATGTTTGAGTTGCTGATCATTGGTATAATTGCAAAGTCCTTCAAGAATATCCTGACGATAAGCATAAAGCTCACATATTCTTGATTTTTTATGATGAATAGTCCTTAAAAGGACAGCTTCTTGCGATTGCAACTCATTAACAGAGTGTGGAGCATCAATCTCTGTAAATTGGTCTTTTGATAAGCCGACTACACCAATTACAGCATAATAATCGAAATTATACGCCGTAGATAAGTAGAAAACATTCGCTTGATCAACTTCTAGCTCTTGCCCTTCAACATGTTTGCGATAGAAAAACCTTATGGTTAATCCTGTTTTCCTTGTGAATTCAGCAATATCACTAGAAGAAAATACGCCTAGAGGTTTCACTCTAAGAATCTCTTTCCTTAAAGCTTTTGTATTTTCCGTGAAAGTAAGGATTTCTTGGTGTAGAGAAAATACCTCATCTAATATCTGTTCAACGGTTAAGTCTTCAGATTTTGACAACGACAAATCTGATGTAGGATATTCTCTTTTCAAACTATTTAGAATTTTCAGACACTCAGAAAAACGCCGCATTTTTTCTGAAGTAACGAATCTCTTATCGGAAATAAACTCGACAACTCCGAGTTCCCTGCAAGCAGTAAGAAATTCTGAGCTATTTCTTCCAATAAAAAGATACTTATCTACATTTACGCGCATTCGGATTCCTCCTTACGCTGCTGTATCTTTTTCTTAGCCATCTTTACTTGGCCAACATCTGTAATACTACGATCACTCAAGAAAATTGCTATTTTCTTAATCATACGTGTTGTCTCTGGAATCAGCTTTTTCTCAAAAAGATTTACACGAATAGAGACATTTCTTAACTCGTCTTCTAAAATTCTTTGCTTTTCTACAGCCACTTCAGAGCGTACTTTATTAACTACAAACTCTCTGGTGTAAGCGACAAGAGTGTCTACCCAGATCGGGGTATCTAAAACAGAATAAGAAGATTCCGTTAGAACGATATTCTTTATTACAGGAACTTCGACGCCTGCGATGTTTTCATATTCTTTTGCTACTTTTTCGATCTTAAAGCTATTTACTATAGCGTCAACATAGAGAGAAACACTATAGAGCTCAGCAAAGGCGTATATGCTTTCTCTAGATTCTTCATATGCGCGTATACTTTCACTGGCCTCTCGAATAGCATTGGTTACTTCTACTTGTAACAAGGCTTTCTTTAATTTTAACGTTGGTAAATATGTTTCCAGACGAGAAAGTTTTACCTTTTCTAAACGATAGGCGTTCTTTGTTAACTTTACCTGTGAAGACATGACTTGGGCCAATACTTATTGATCAACTGTTCCTTTATTCCTACTTCTTCGGAATGGAAACTTTGAGCAAGAATTTTCCACCCAATATCCAAAGCTTCTTCTAAAGGAATATTTACTTCTAAACTCATCAATCGTGTTTCA
CP103952.1_gap5	269125	270818	1693	ACTTCTCGCCACAAGTCCGCACGATACTTGTTATGAGGATCTTCAACACACTCACGTGCCTCTTTTGGCCAGATATTAGATAAAACGGAAATTAACCCCTGTGCTCCACACTCATACATTTGTGGCCATAGGCCATCGTCGCCACAATAAAGAACGAAGTCAGGACTAATCTGTGCATATTCTAGACAATGTTTAATCGACCCTCCAGAGTCTTTCAAACCATAGAAAAAAGGATGAGTAGCCAGAGAGCGTACTGTATCTAAATATAATGTTGTTCCTGATCTAGAAGGAATATTGTATAGAATTGCAGGCTTGTTTGCTTTATTTAACAGAGATTCAAACCAAAGGGTCTGACCATGTACTCCGGGCTTAGTATAAATAGGGGTAGTGATTAAAAAACCATAAATAGGATACGACTGGCATGTATGGATCCAATCTGAAGCTTCATGTAGTGATGTCCCTGGGACACCAACAATTATGGGAACCTTCAAATTTAAAGAACATGCATAAGAAATTAAGGATTCTTTTTCCTTTGCTGTCATGGATAGGCTTTCTCCGGTACTACCAAAAAGAACAACACCGTGGCTTTCTCTCTCTTGAAAACGCAAGAGATTTTCAAAGCTTACAAAATCTATAGAATGGTCAGGTAAGAAAGGCGTGACAGAAGCCGTGAGTAATTTCATAGTAATCAGCGGTTATACTACAGAAAACTTCTGCTTAACATAATCATTATGGAGTTGTTCTACAACATTTCCTGCAAGATTTTCAGGAACGACTAAGCTTAATGCCATATAGCTTTGGCAACAGCAAAAGATAGGGGAAGAATAATGCCGTAATTTTTCCGTTACAGTCGTTACAACTTTTGTTGAAGCTAATCCGGAACCGATCATTGTGATTAACGCTAGATCATAGAGCATATGCACGGTGCCGATGTTCGATAACTTATCATAAAGCTCTCGAACAACATCATCGGAAACGTCATCATCATCAGTTGTAAAGGATACCGTGCTATCTTGAGAAGTGATTAATCCAGGAAGAACATGATGGATGTCTAGTATAGATAAAATCTTATCCAAGCCCACAGTACTTGAACCGCTGCAGTCTATCGACCATAAGCGCTGATGCTGACGTAAAGACAAGGCTTTTACGCGAGGCTCATGACTCATCATTTTATCCATAGCATAGATCCACGTACCCCCTTTAGATAAATCAAAAGTTGAGGTTACAAAAATAGGGATACCAGAGCGCACACAAGGAGAAAGCATCGGTGGGTAAAGGATCTTAGCGCCAAATGTGGCAAGATTCTGCATTTCTTCAAAACTCAACTCAGGAATAAGTTGAGCATCTTCAATAATTCTAGGATCCATGGTATAAATACCGTTCACATCTGTATAAATACGCACTTCCTTAGCGTGACTCATTTCTGCAATTAGAGCTCCAGAATAATCACTCCCCCCTCTACCTAAGAGGGTTGTTTCCCCAGAAGCATTTGCTCCTATGAATCCCTGGGTAATGTAACAAACATCACTCCGAAGATCGAGAGCATGCCAATTGTCACGCATACGCACGATGTCAGGAGTGGCTCGACTATACTCACCGTCTGTTAAGATCACGGTTCTAGCTTCCAAAAACTCTAAAGACAAATCATTACTACAGCAAAAAGCATGGAAGAGAGAGGCGGATATATCCTCTC
CP103952.1_gap6	272921	274682	1761	TATAACGGAGTCTAAAGAATACGAGCTCTGTCTAGAAAACCCTGGGCCTAAAATAAAACGGTTGGATGACCTCAACAAAGAACTCAATAACGTTCCCATTCTTCCCGAACATCCGATGATACCAACACGCATACAACCTTCTAAAAATATAGAAAAAACACGACTTTTTATATCCCTAAAAGGGATGAGCTTTCCCTCGACAAAAATCCTAAAGGACCCTAGAATTTAAATCTCTTTGATTCTTTTAACACGAATTATTCTTTATAATCCGTAATAGTCTATACAAGTAGAAAGCTTTTTTAAATAGATACTAAATTATAAACTTCTATTTATTCATGACTCATCACATCGCTGCAATACTTTCCAATTCTGAAAGTTATTCAGATGCACTGTTAAATTCTCGACTTGCTTTATGGAAAGCTTATTGTCCTCAAGTGTTTTTTGAGTACTTGGATGCTCTAAATCTAACTGCAGGATCAGCGATAGATATTGATCACATTCACCATACTATCCTGTCAAGAACAGGGTTTACATTATTCTCGACAAAAGATTATCTCTCACCACACGACTATTTATTTGAGTTAAGTCAGCAACGGTTTCCCATAGCTAAGCACATACGCAAAATGGAGAATGAAAGTTTTTCAACTCTTCCTGACCTCATTCACGATTTATTTTGCCACGTTCCATGGCTATTGCATCAGGAATTCGTAAAATTTTTCTCTTCTATGGGGAAGCTCTTTATAAAAGCTGTAAAACGAGTAAAAGAAAACTATTCTATAGAAGACCAGCCACGCATACTTAACAGCAATGTTCTAGCAATCTCGCGGTGTTTCTGGTTTACAGTAGAAAATGGCCTTATTGAAAAACAGGGAGAGAGAAAAGCCTACGGAGCTGCTATATTAAGCTCCACGGATCAGTTATCCTATACCTTTAACAACAACGTATTCGTTTCTCCGTTTAAAACCGAACACATTATACAACGTCCCTGCGATCCAAAATCCCTACAAACCACTTTCTTCCTCATTCGTGATTTTAGCGAATTAAGTGACATTGCAGAAAAAATGCACCTATTTCTAGAGCAAGGACGTCTTGATTTTATTGTCTTTGGTCCACACGATATGTACTATCAAGATATTATCTATTTTTTGAATGAACATGTCTCTTCATAAAGATAGGGTACTGTTTAACCTATCGCTTACATTTTCATTGATTTTGATTCTATCCAATCTCGTAGCAGCTTCTAGGCTTGTGATTACCTCCTACTTCACGATCCCTGGAGGGCTGATACTCTATCCCGCAACCTTTGTAATCTCTAATATTGTTAATGAGGTCTTTGGCCCTGAGAAAACCCGGCGTATGGTTTTGTCTGCATTTGCTGGCAACATATTCTCATTGATATTCCTTCATATGATCTCTTTTCTTCCCGCATCTTCTCCAGATGTCGAGCATGCATGGCATACCCTTTTTGATATTAGCCCGATAGTATTTATAGCGTCCTTTGTCTCTTTTTCAGTCTCTCAGCAGCTAGAGATTCTCTCCTTTAGCTTCCTCAAACAACGCTTTCCTAATACCCCTGCTTGGCTACGTAACAATACCTCCACCCTGCTCTCTCAAATGATGGACACATTCATTGTAGATTTTGGCGTCATTTACCTAGGAATGCATCTCCCCTTTACAAAAACCCTACAAATCATGATGTGCTCTTATCTTTATAAAGTTTTCTTTAACATTCTCACCACACCCATCTTTTATCTTGGGGTA
CP103952.1_gap7	406657	408275	1618	TCTTCAACTTCTTCTTTTATCTCCTCTAAAAAGTCCTCTGCTGAGGGTAGGTCTGCTACACACAACTCTTCTATTTCATCCTCTGACTCTGATTCTGATTCAGAGCGATCCTTAGGTTGAGTTAACCCTTTGATAATTACATGAACTGAAGCAACGTGAAGACCTGTATACTCAGATATTTCAGAAACTATGCATCCTTGTATTTCTTCAGTTTTTTCTGGTATAGAAACACCATAATCAACGTTTACTTCGACACGAACTTTGACTAAATGATTTTTAGAATCTTGTTCTACATAGATTCCTTTCATTCTCTCGATATCTCTACCGAATAAGGTATCAATTAAATTACCCCCTAAAAGAGAAACTCCGTTGATTTTAGCTAAACAATGTAAAATAATTACTTGAATTACGCGAGTTTCTATATCACGGCTAAATACAGTCTCTGGAAACTCAATTTCTTTCACATCTAATTTTAAATTCTGCTTATCCATATTCCTCCTATGTGCCTATTTCGCTAGCGAGAAATGTACTCTATAGAAATAATAAGCGCTAGTGATTAGTCTAATGGTCAACCGGTTAATATGCTACCCTCAATGCTACCTATTTCTTTTTTTCTGATTTACATTCTGTTAGGGTTTGTATCTGCTTACCTGGCCGTGAAAAAAAATCGTAACCCGATCGGCTGGTTTCTTGCAGGAATGTGTTTTGGGTTCTTCGGGATCATTATTCTCCTCATCCTTCCTGATCTCCCTCCAAAGAATGATAACTCTACCCTCTCTTCTGATGAAAACGAACCCTCTAATAACATTTTACATTCTATTCTAGAAGATTCTTCTGTAATTTCCTCTCCCCCTCCTGTCACGCAAGTTCCTAGGGATACAGAAAAATGGTTTTATCTAAATACAAAAAAAGAAAATGTAGGTCCTTTGTTCTTAGAGGACTTGCTTGTATTCCTGAGAGACAAAAATAAACACGCTAAAGAAAATACAAATCCCGAGGACATCTGGGTATGGAAAAAGGGAATGGAAAACTGGGAAAGAGTAAGGAACATTCCAGAATTAAATGAGGCGTTAAAAATTCTTAAATAAAAAACAAAAAATCTTTAACACCCCTGCTATCGTCGTGGGTGTGGTATCGAGATTCTCTACCAACTTGCTTTGATAACTCCAGGGATTTCACCCATAGAAGCCATTTGTCTAAAACAAATTCTAGAAATAGCGAACTTTCTCAAATAACCACGAGGACGACCCGTTAACAAGCATCGATTATGTAAACGAATAGGAGCCGTGTCTCTTTTCATTTTATTCAGTGCAACACGTGCATTTTCCTTCTCTTCTTCGCTAGCGGTTAAGCTTTTTGCAATTTTGCGAAGCTCACTTCTTTTTTTGTAGTTTGCCTCTACTAATTTTCGGCGCTTATTTTCTCTCGCTACTGCTGACTTTTTCGCCATGCGTTCTTACCTAAAACTTATTAAATTATTTTTTACGCGCAGGTCCGGTTTGACGTTGCTTACGGTTAGGGTCTATCTTATTAATAACATAAAGACGCCCTTTACGACGAACAAGCTTATCTCCCTTTGAAGGATCTGCTTTAATAGATGAACTCACTTTCATGAAAA
CP103952.1_gap8	411061	413894	2833	TGAATATGACAAAGAAAATCTTTCAGATTTCGTGTTATGGAAAGCATACGATAAAAAGAGAGACGGTCATATCTATTGGGAGAGCCCATTTGGCAAAGGTCGCCCAGGTTGGCATTTAGAATGTTCTATCATGGCTATGGAACTTCTCGGGTCTTCTATTGATATCCATGCAGGCGGTGTAGACAATATTTTCCCCCACCATGAAAACGAGATTGCTCAATCAGAATCTTTATCTCACCAGCCTTTTTCTCGTTACTGGCTCCATTCTGAGCATCTTCTTGTTGATGGGAAAAAGATGTCGAAAAGTTTAGGGAATTTTTTCACACTAAGAAATTTGTTAGATCGTGGATTTTCTGGAGAAGAAATCCGCTACATGCTCTTACAAAGCCATTATAGAATGCAATTAAACTTCACTGAAGAAGGATTGATTGCTTGCCGTCAAGCGTTAAAACGCTTGCGTGATTTCATTTCTCGATTAGAAAGTCCCTACCCTGAAAGCGCTACGATTTCTGAAGATATCGATCGGTGTGGGCAACTGTTTTTACAAGATTTTTCAAACGCTATTGCGAATGATTTAAACATAGCGACAGCACTCGCCTCCCTTTTTGATTTTATCCATCAGACAAACTCACTGATTGATAAATCAAACTTCACACAGGCTGATAGCAACTATGTTTTGGACATTATGAAGAAAATTGACACCGTACTTGGTGTTATTCCCTTCACTACGTCCTTAGAAATCCCTAGTGAAGTTGCACAACTCGTTGAAGAACGAGAAGTTGCCCGCAAGGAGAAAAATTGGAAGCAAGCAGACGTTCTTCGAAATCAAATTGCGTCTCTCGGCTATGTTATTGAAGATACAAAATCAGGGCCTAAAGTAAAAAAATATTAGTCCTTGTCTGATTCTAAACGACGCATAGCTGGGAAATACAATACATCACGAATCGAGGCAGCATCTGTAAGGATCATAACCAAACGATCAATACCGATACCAAATCCTCCTGTGGGAGGTAAACCTTGGCATAAGGCTTCTAAAAATTCTTCATCTATAGGATGGTATTCGCTATCTGGATCTAAAGCCTTTTTCTCTTGTTGTTTTTCTAAAAGTACTCTCTGACGCAAAGGATCATTCAACTCTGAATAAGCGTTACAAAGCTCTTTACCTAAGCAAAAACTTTCGAAACGCTCGACAAAATCCCCATCTCCTGAGCGTAAAGATTTACATAGGGGCGTCGTCTCTACAGGATGATCTGTAATATGATGAGGCGCAATTAATTTATCGCAGACTAACTCGTCAAATAATGCTGCGATTAATAAACCTCTGGGAGCTGTCACGTAAGATTCCTCAGGCAATGAAAAACATTCTTTTAAAATTTTTCGCAACTCATGATCTCCATGAAGATCTACATCGACACCTCCATATGTCTTGATACTATCTTTCATAGTCATGCGAATCCAAGGAGCTTTAAAATCAATGGATACAGGCCCTTGTTTTAAGTGTGAATAGGTCAGAACGGTACTACCATTGTTCAACTCACAGACGAGATGTTCAACGAGATTTTCCACATAGGTCATGACACTGTGATAGTCTATGTTCGTTGCATAGGCTTCCATGATGGTGAATTCAGGATTGTGGGTTCTATCGATCCCTTCGTTCCTAAATACTTTTCCGATTTCGTAAATACGTGGAGTGCCTCCAACAAGAACTTTTTTTAAAGAAATCTCTGGAGAAATCCGCAGAAATACTTCTGAGTGCAAAGCATTCAAAGTAGTTATAAAGGGTGTTGCCTCAGCGCCGCCATAAACATTTTGGAGTATAGGAGTTTCTACCTCTATGAATCCCTGAGCATCCATGTAGTGACGGATTAATTTGATAATCCGACTTCTTTTTAAGAAAGTTTGCCGCACTTCATCAGAAGAAATGAGATCCAACCAACGCTTTCTATAACGAATTTCTTTATCACTTAGGCCGGCATGTTTATCGGGCAGAGAAATTAAAGATTTACACAATAGTGAGACGGTTTCGACAAGAATAGTTAACTCTCCGGAATGCGTGAAGAATAGATACCCTTCGATTCCTAAAATATCACCGAGATCAAGCTTCTTCTCTATGAATTTTATTGGGGTAATCTCTGCATCTACAGGGAGACCTGCAACTGAAGAGAAATCCCTGTTAAACATCACCTGGATCTTTTGATCATTATCTAAAATCTGGGCAAAAGCGTTCTTTCCCATAGAGCGGAAAAGCACCATACGACCTGAGATTTTTACCTTAGGGGTTGCCTTATTCGTAGCATCTTCGCTATTCCCAAGGGATTGGGACATATATTCTTTTTTTATTTCCTCAACACTACTTGTTCCGGGGAATTCATAAGGATAGGGATTAATACCTAAATCAGCTATTTCCCGGAGTTTGTTACTTCTATGGAGAAAATCTTCTTGTTTTAGGTACTCAGCTTCTGTAGACATCGTTTTTCTAAATCCTTTTGCCTATTTCTTCTTTTCTAAAGACTCTTCTAGTTATCACGTAATCCAAACATAAAAAAATTATATATGATCGAAAGAAAAGAAAGTTAAAAGTTCATTGTAAAGTGGAGATTTTCTCAAAAACAACAAAAAAGATGAACGTTTAATTAAGAGAAAATAAGAACTTTAGAGAGGGAGATCTCCTCTCTAAAATTCTTTAAGAAGAAATTAGCTATTTTGTACGCAAAGCAGCTTTGATTTTTTGAACGTAATTCGCGCCACCACCGTACTCGAATCCCATTCTAGCTTTCTCAACTCCATGAGCATCAATGAAAACTAATGTGGGGAATCCGTTTACACTGTATTT
CP103952.1_gap9	421573	422711	1138	CTACACGCTTATTAAGTCTCTCCTTGCCAGGGCAACCCCAAGCTTGTCGAGTTGACAGTCAATACAAATATGCTATGGTTGCTGAAGGCGCTGTAGACTTTTTTATCCGCTACCCCTTTGCTATTTCTCAAGCAAGAGCGTGGGATCATGCTCCAGGGGCTTTTTTAGTAGAAGAGTCTGGGGGCGTAGTTTCCGATATTTTTGGAAATTCGCTCAACTATCGTCGAGAAGATTTCATTTTAGAAAACCATCCCATAATTCTAGCTTCCGGGAATGCGGAAATTCACAGAATTACGTTAGACGCCTTACAAGAACAAGCAAACATTGTTTCTGAAGAAAACTTGCTAGCTTACTAAATGTAAGCTGTCAGTTTTTCTTCTACAATACTGTCTGATAAAATTACGGTATCTTGATCGGTATCTTCGCTTTGCTGATAAATTTCTTTAAGAATTAAAGGCAGTTGACTCACTTTTTGTAAGACTGTTTTGGGACAATAGGCTTTTCCAACAGCAAGAGCTACATTCAACAAGCCACCAGCATTTGCTAGATAATCTGGGGCATACAATATTCCTTGAGCATGAAGCACAGCGCCTAAAGAAGGATTCTCTAATTGATTATTTGCAGCCCCTACAACAGCACGACAACGTAAGTTATAGACATTACTTCTATTAATCACTCCACCGAATGCACAGGGAACAAAAATATCGCATTCTAATGTAGGGAATGCATTTACAGGGACAACAGTAACCCCATAGAATTTGGTCACTTCATCAAGAACAGCTTGATTTGTATCGGAAACATACAACTCTGCACCTGCAAAAAAGAGCGAGTGTAACAGCTTTCTACCGACAGAACCAAGACCTTGGATTCCGATCTTCCTTCCTTTTAAAGAAGAACTCCCCCATAACTGCTCTGCAGTTTCCTTGATACATAAAAAGACGCCATGAGCTGTATAAATTGAAGGATCACCGCTCACGCTTTCTATACCGCATACCCAAGGAGTTTCCTGGTTGATAATATTAATATCACTGACAGAGACTCCCATATCTTCTGCTGCAATATACTGTCCGTTGAGAGAATCTACTGCTTGACCGAAAGCCCTAAGGATATCCTCGGTAGGACGCGTCATCCCTTTAGG
CP103952.1_gap10	425759	429574	3815	AAGCTTTTACATGTACACCCACATTCCCTTCAGCAAAAATAAAGTAATCTGTGAGCTGAGAAATGGCACGAACATCTAAGACAACAGGATTATTACCTTTTTTGTTATCAATAACTTTGGCAATTACTTTTAATAAATCAAAGCAAAATAATTCCATAGAAACTGGCACGAGAATACTCGATTATCTAAGATAAGGTCGAGCTTTTTTTCTTAGGTTAAATAATATTCCAATAATACTTTCTTGCCATTTTTCTAAGTCTTCCTCTAGGCCGGACCACTGTCTTCTCCTCACCTAGAAGAAGAAAAGGCAAATCAAGAATATGGTCTGAGAAAGTATGACTTCTCGCCCGTCCTATTTTTTTTAGATGGCTAAGTATTCTAGCTTTATTATCTCCAGTTAGGCATTGATTTGCAAGCGTTTGCCCTCTAGAAAATCCTTGATACTTTGAAGCATAACATACGTTGGCTCCTAACTTTTCCGCTATTGGTCTGACAATGAAATCTGGCGAGGAGGAAAAGATCATGACTTCCCCTGAAGAATCCTCCAAAGCTTCATAAAATTTTTCTAAAGCTGGCGTATAAAAATCTTTTTTTACCAGCGTCTGTGCAAAATCGCAGGCTGTAGCAGAAAGATCCTCAAATGCAACCGATGAGAGTAATGAAGAGACTATCCGAGAATAAAATGAGGGTAAGTCTAAAAAAAAATCGAAAACGAAGAAAAGAGAAAAAACAAGAAGGAAGGGTTTTATAAGAGAATAAGCGACGCTCTAGAGCGTATTTATAAAACCCTATACTGCTATTTCCTCGTAGCAACGTACCGTCTAAATCAAAAGCATAAATACAAGATCGTCTCATGTTAACTGCTGAATTTGGCGCTTCAAGTCGAGGATACTTTGATCCAGTTCCTCTAAAGCACGTTTGTCTTCTTCAACCAGAGCACTGTACTGCATAGCACGATCGAAATCTAGGCCCGAAGATCCCAGAAGTTTCTTATCTTGCTCTAGTTTATCTTTTAATTCCTTACGACGCTCTTGTCTTTGGGACAAAACTTGTCGCATATTTGTGAGCTTTTCACGAGAATCAGGAGAAGACAGCAGTTGTTCTTCAAAATATGCTGTTATATGCTGTAAAGTTAAATTCAATCGATTATCTAAAGAAATCCGCTCTGAGGCAGATAAGAAAGCTGCCTTAGTTAAAGATTCTTTCAACTCTTGCCACTCGGATCGCGTTTCTGAGTGAATATCCCCAGAAGTGCATCTTTCAGAAAATAGTTTAATCTTTTCAGTTAACTCTTTTATTGCTTCTTGTCGAATCTGTTTATCTCTAGCTAATTGCTCTTGATATACCTGTTCGGCAGCATCCTGTTTTTCTTTGAGCTTCTCAAACAAAACTTGTAGTTCTGCCTTCAAGGCAACAACATCATCATGAATTAAATCAAGAGACCGTATACGCTTTGCAGCGGCGTCTAAATCCTTGCGAATTCTAAAAAGGTCACCGCCCTCTTCCAATACTTGAGCTATACCTGCGAGTTGCTCTCGGACATCTTTAGAGTTTTCAGCAGATGCCACTCTTAGACGACTTTGCTCTTGACGGATTTCTTTTTCTAAACCTTTGAGTTGATCCCAGCATTTACTGAGCTTCAAACGTGTATCAGAAAAGACAATAGAAGAAACAGCTAAGCATTTAGCAGCCTGCTGTAGATTTTTGATTTCCTTCCGTAAAAAAAAAACGGAACGCTTTAATGCGTCCTTATCTGCACGAGAAAAATATTTAGCAACAAAAGACTCAACATCTTCTGAAAAAGCGTCACTAACTTTCTCAATAAGTTCTTTTCTTTTCGGGAATACTTGATTTCCTAGAGACGATAAATGTCGGAAAAATTTGCTTTTTAATCGCATACGCATGCCAACATTCATGAGCTCTTTGCGCAAATCAATAATTCTTGCTGAGAAGCTACTTAACCACACTAATGAGGTATGTAACTCCTTATAAAAACTCTTCCTCTTCTCTAACGTCTGGGTTTCTAAAAACACCGACTGCTCTTCTTGCACCGTTAGGGGGTTGGTTCCTTCTAAGAAATTCGTTATATCTTGCTCTAGACAAGATATAGCCAACTCAATCTGTCCAACGACAAAAGTCCCCTCTTCATCTTGTAAGGATTTAATATGCCGTCCTTCTTTCGTTAAATCAATATAGCGTCGCCAAAATTCAGCCCGCTTACCAACGTTTTCTACTTGATGGAATAATGGAAGACAGTGCTTTCTTATCGCCCAAAACAACTTTAAATTTGCTCCTTGGTTGTTTCTTAAGGCTTGTTCCATTTTCTCTAGACTAAAAGTCACCTGCTCTTCTATCGATGAGAATACAGATAACTCTTGAGTAAATATGGTAAAGGATTCATTAGTCATCGCGGCGTTAGAAATATCATCACTTTTGAATTTCAATTCCTCACTAGAAACCACTATAGAACCTTGTTTTGCTTCTGAAGAATAAAAGCTGTTGTCTGAAGTATCCATAATAACAACTTAGGGTGTAGGGCTTGACAAAGAAATAATGAATAGAAGATAAAGTTTGCCCCCGCACTACATTATCGTCAATCGTTTTTATGAACTTATTTACTAGAATTTCCTTTGACGAGGGATTGGAGTTATTTAGAACAAGTCCTTTAGAAAAACTACAGGAAGCTGCAAATATTTTGCGTAAACAGCGCTATCCTGATGATAAAGTCACTTATGTCCTAGACGCCAACCCTAACTACACCAACATTTGTAAAATTGATTGTACTTTTTGCGCATTTTATAGAAAGCCTCATGCTTCTGACGCATATCTCCTTTCTTTTGACAAATTTCGTTCTTTAATGCAACGATATATATCTATGGGAGTTAAAACTGTGCTTCTTCAGGGAGGAGTTCATCCGCAGTTGGGGATAGACTATCTTGAAGAATATGTACGGATCACAGTACAAGAATTCCCCTCTATCCACCCTCACTTTTTCTCTGCAGTAGAAATTTCACACGCAGCCTCTGTATCAGGAATGAGTAACGAAGAAGCTTTAATGAGGCTTTGGAATGCAGGACAGAGGACGATTCCTGGAGGAGGCGCTGAAATTCTTTCCGAACGCGTGCGCAAAATTTTATCGCCAAAAAAAATGGGGCCCGATGGATGGATTAATTTCCACAAGCTTGCCCATCGTTTAGGGTTCCGCTCTACAGCCACAATGATGTTTGGGCATATAGAAAACGCTCATGATATTCTCTTGCACCTGCAATCTCTAAGGGATGCTCAGGACGAAACCCCTGGGTTTTATAGCTTCATTCCTTGGAGCTATAAGTCTGGGAACACCGCCTTAGGACGTAGGGTTCCTCACCAAGCACCTCCGGAGATGTATTATCGTATTCTCGCAATCGCTCGAATCTTCTTAGATAACTTTGAACATATCGCTGCTTCATGGTTTGGAGAAGGTAAAAAACACGGAGCTCGTGGATTACATTATGGGGCCGATGATTTTGGGGGAACGATCATTGATGAGAGCGTTCACAAATGTACGGGATGGACGTTAAAGAGTTCTGAAGAGGAAACTCGAGCTATGATTGCTGCAGAAGGATTTATCCCTGTTGAGAGGAATACTTTCTATGAACATATAGAAACGCCCTCTTATCAACCATGAAGAAAATAATCCTCTGCTATCTTTGCTGCTAGAGTTTCTGCGGTTAATCCTAAGGTAGGTAATTCTCGAAATATAGGGTAGCGTTTAAACCAGGTCCTTTGTTTTTTAGTATAATGGCAAGTATTCGCTATAAATTTTTGTTTAACCG
CP103952.1_gap11	476008	479711	3703	CTACAGGGACAACATTTTCTTTCCATGATTTAAAAATCCAAACATTTAATGTTCCTCATGATGCTGTAGATCCTGTAGGATTTATCTTTCATTACCGTGATGAGAAATTAGGTTTTTGTACAGACTTAGGTTGGGGAACTTCATGGATTATTCATGAACTTTACGACTGTGATTATCTACTTATAGAAGCCAACCATGATCCTGAACTTGTCCGACAATCTTCTCGCCCCGACATTTATAAAAAACGTGTTCTTAGTAAGCTTGGCCATCTATCAAATCATGAGTGTGCGGAATTATTACAAAAAGTTCTCACTCCCAAAATAAAAAAAATCTACCTTGCTCACCTCTCTAGTGAATCTAATACACCTGAACTCGCGCTATCTACGGTATCTTCTGCTATAGAAAATATTACTTCTATTGCTCCTGTCGTTGTAGAAAGTCATGAAGCGACTGATCCTATTTACTTTAGCTCTTTAATAACCGCATGAAATTAGAACATACTTCACACCAGACTCTATACATTTCTCTAGATCATAACTGGGAAAAGAGCACTTGCTATAGTATGGATAGAGCTTCGCAGTTACTGAATTTCAAATTTCTTCCCTTTCTTACTTTTGCAGATTGGAAAGTAGAAGAACAAGTCCGTAAGCTCTGTCACAAGGCTAAGAAAAAACAGTGTATATCTCCCTTAGCAAAATGGCTAGGACAGCTTCACAAGCAAGACTTAACCATGCCTCCTATGCCTCCTATAGCCATTTGTTGGATCAATTCCTATATTGGTTACGGAGTCTTTGCTCGAGAGAGGATCCCTGCGTGGACATATATTGGAGAGTATACAGGGATATTACGTCGCCGTCAGGCTATTTGGTTGGATGAGAACGACTACTGTTTTCGTTATCCCTTATCCTTATGGCTATGGCGTTATTTTACTATCGATAGTGGACATCAAGGAAATTTCACTCGTTTTATTAATCATAGTGACAAGCCTAACGTAGAGGCCATCGGGGTATTCCAGGATGGACTATTTCATGTGATTATTAGAACGATTCAAGCAATTGAAGCGGGCGAAGAGTTATGTTACCACTATGGCCCGCTATATTGGAAGCATAGGAAAAAACGTGAAGAGTTTATTCCCGAAGAAGAGTAGGTGGTTAACTCTTGTCGTATGTTCCCATGAGCTCCGCGGTATCTATAATATGACCTTCCATGACTTCAAGAAGCTGATCTTTGGTCACATTTTCCTCTGCAGGTAAAATGGTATCTAGAGCATAGCTGGAGAGATAATACCGATGCTGTCTATCTGGTGGGCAGGGTCCTTCATAGCAAGCTTTTCCTGAAGTATTCAATCCTTGAACAGCGTAAATATTTGCGCCTTCTGCTAGTTCGGTTATCATTGGAGAGAGGTTATATACTATCCAATGAATCCATAGACCATCTTCTCGTAAATTTTTGGGCACATCGGGATCTTCCATAATCAACGCAATACTTTTTGCTTCTTTAGGAACATCTTTAAATATTAGGGGTGGTGAGATCCCAGCGCCTTGACATGTATATTTTTTTGGAATTGCTTTCCCGTAATCAAATGCCGGTGAGAGTAATTGCATAATTCGTCTCCAGTTAGATATCTAGATTTTGCAAAACAGTGGGTTGAGCATCTTCCTCCAGTCTAAGTAAGGCAACTTCTCGATGTGTGGACAACACATCCTTAAACAAAGCTACCAAGGCTATAGAATTTAGAATCACCATACCCGCAAACCCTGTGTCAGAAAGGCTCCAGATCAATCGCATATCTACTATGCCTCCGAAAGGTATAACCGCGACAAACAGGATCTTTAACCAGGAATTGGCTCGTTTTCCTGGGATCATATATTCTAAACTTTTTTCTGCGCAAGCAAACCAAGTCAGGACCGTCGTATAACCAAACAAGGCCATGGCGAGAATGACAACAAGCCCTCCAATAGAACCTAAGCTTGATTTAAAGGCATTTAACACCATCAGCGTCCCCTCTTGTCCCGAGATATACGCACCAGAAACAATAAGAACAAGTGTAGTGATAGAGCAAACTATCATAACGATGACGGGGGGTAAAAGCGTAACCAGACCATCAATCACTGGATTCTTGCTCTGAGAATCGGATTGTAGAATAGACACCATACCACTACCACAATCCGTAGCCATAATCGCACGACTCATTCCAGTTGAGATAACTTGCGTGACTGTATAGCCTCCCAAGCCTGCAACTGTTGCTTTTATTCCTAAAGAAGACGAAACGATAAGTTTTAGCGCGGGAATGATCATCGAACTATGCTGTATAAGAATAATCAGACAAGAAATGGCGTAAAAACCTGCTATAAAAGGAATCACGCGGGCTGAGAATCTTAAAATACGGCTATTTCCCCCTATGAGTACGGGGACAATTGTTAATGCAAGAAGAATTCCTACAAGAAATTTCAAAGGCACACTCTCAACACAAAGAGGGACTATGCAATTAATTTGTGCAAAATTTCCTGCAGAGAATGCTGTAATAATTGTGAATATACAAAAAAGACCGGCGAGGAATTTACTTCCCAAGCCATAGGCGAGGCATCCCGTGGGTCCACCGATAAACTTGCCGGATTGTCTACACAATTTACGATATTTGACGCCTAAAAAGGACCCTGAGTATTGAACAATGGCACCTAAAAGAGCGGCTACCCAGATCCAGACTAAAGCTCCAGGCCCTCCACAAGCAATAGCAACAGCCATGCCGGCGATATTTCCAGTACCAAAATTCCCAGCAAGAATACCAGCTACAGCTTCGTAACGAGACACTGTACCATTTTCAGTAGACAGATTTTCCTGTTTATTTTTCAACATTAGATTAAAGCCAAGCTTTAACCCAGTAAATTGCAAGCCCCGTAATTTCCATGTTAATAATCCACCAAGAAATAGAATCGTGGGGAACACACAAAAGGAAATGCAGAAATTATTTAATTGTTCTAGGAAATGTAACATTTGTCTCTCTCTTTATTGCTAATAGTGTTCTTTTAACGGAAGATCACAGCAAATTAGCTTGTAGCTTCCTCTCCTGGCTTAGGGGAAAGGAAGCTTCGTTGTAGAGAGCTTAAGAAGGTTGAGATATCACAATATCTACAAGCTCAGGCCACCTTTCCCCTTGCACTATTGAGGCAACGGTCCCGGAATCTAATCCTAAGGTGGAGGCAAAAGCAGAGATATCTTCTTCAGTAATAACACCCTGAGAAGCAGCTTGAGAAAATACGTCACTTAATTCGGACATAAACATATTCCAAATCCAATCGCGACCTTGCATTTTCTTCATACCTTCAATTAATGAAGGGTTTTCAGCTAGAAGCTTCATTAAAGCTAGAGGGTGAAGTTCTCTGATGCGGTTTAAAGCGCTCTTAATCTCACTCTGAGACATAGCTAACGATATAGAAGATTTTTCAGCAGCAGCAGAAACAACGAAAGAGATATCTCTTTTGTCTTGATCCGATAACTGATCTTCGTATTTCTTAAAGTTAGCTTGCACTTTCTGCGTATCCTTCTTAGATTGACTACGTCGAGCAAATAATCTTCGCGAACGACGGGACGGCTTCTTTTCACTTCTCGTGAGTATAACAGATTCGTTATTTATGTCCCTCGAGTTTTTTACGCGCTGCTTAGATCCATAAGGGTTCAAGCAGCAACTACTCAAACTCAAGAG
CP103952.1_gap12	496403	500540	4137	GTGGAAAATCTTCACTATTATCTGCCATAGCATCAGGATCAAAATCTACTATTAATGTTATTGCCCTTATTGGCGAAAGAGGACGCGAAGTCCGTGAGTATATAGAACAGCATGCTTCAGGATTAAAACATCATCGAACAATCATTGTTGCTTCTCCCGCACATGAAACAGCACCGACTAAAGTAATTTCAGGACGTGCTGCCATGACTATAGCGGAATATTTTCGAGATCAAGGACATGATGTGCTATTTATTATGGACTCTCTATCACGATGGATAGCCGCACTTCAAGAAGTTGCGTTGGCAACAGGAGAAACGCTAGCAGCACACCATTATGCTGCTTCTGTTTTCCATCATGTTTCCGAATTTACAGAACGTGCTGGGAATAACGAACGTGGTTCTATAACAGCTCTTTATGCTATTTTATACTATCCCAACCACCCCGATATTTTTACTGATTATCTTAAATCTCTTTTAGATGGGCATTTCTTCCTTACTCATCAGGGGAAAGCCCTAGCGTCTCCCCCTATTGATATTCTTCTTAGCCTATCAAGATCAGCGAAAAAACTTGCCCTTCCTCACCACTATGCAGCTGCGGAAAAGCTCCGTAGCTTACTAAAGACATATCAGGAAGCTTTAGATATTATCCATTTAGGAGCCTACAGTCCCGGACACGATAAAGATCTCGATGATGCTGTAAAAATCCTTCCTAGCATAAAAAACTTCCTTTCCCAACCGTTGTCCAGTTACTGTCAGTTGGAAAATACCTTGAAAGAGTTGGAGGCTTTGGTAAATCTTGAATAAGAAATTAGTAGCTTTATCTACCCTAGCCAAAATAGAAATGTATCATTCTTCATTAAAAGTACGACACTTTAAAAGTGAAAAGCATTATCTATCTCAAGAGCTTGTTAATATAAAAGAACGCATGACGCTAGTTTCTAAAACCAGGAAAGAGCGGTTTTTATACCGAAATAACATCGAACATTACAATTCACTTTTAGAACACTTGCAAACATTACAAGTCTCTATTTATAAACAACACGATATCTCCTGTAATCGCCTACAAGAGCATCAAAGTAAATTACTAGAATTAATTAACCGTAGAAAAATCATCGAAAAGATCAAGAATAATAAGTATTCTAAATATCAAGAGATAGGAACGCAAGGCTAACTGTAATGACCGACTCTGTAACCTTCCCGTCTGTCGTGGAAATGTCTTCACTAACAGAAAAACTCAAGTCTATTAATCAGGAGCATTTATTAGATTCGTGGTCGTCCCTTTCTCAAAAACAACAACAGCGTCTCTATCACCAAATTTCATCTATAGACATAGACCTTTTCCGTAAACAACAACAACTTATCACTTCTCCAAGACCTATCCTAAAAAATTTTCATCCCTTAACATCTTTCGCTTCTTCAGGAGAAGATCCTGAAAGAACTCAAGTAGGGACAAGGCTTCTAAAGGAAAAGAAAGTCGCTTGTGTTGTTCTCGCTGGAGGCCAAGGATCTCGATTGAAATGTGACGGGCCTAAAGGCTTGTTCCCTGTATCTCCTATCAAAAAGAAGCCCTTATTCCAGCTTGTTGCTGAAAAAGTCTGTGCAGCAAGTAAATTGGCAAATCAACCTTTGCCTTTAGCTTTTATGACATCACCTCTAAATAATCGTCAGACGCGTTCCTATTTCGAATCTAATGATTATTTCCATCTTGATCCCAACCAAGTAGACTTTTTCTGCCAACCCCTTTGGCCTTTATTATCCTTATCGGGAGATTTGTTCCTTGAGGATACTGACACTCTATCCTTAGGGCCTAACGGAAATGGTTGCCTAGCAACTCTTCTCTATACCTCAGGGTTATGGGAAAAATGGAAGAAAGCAGGAATTGAAATGGTTAGCGTTATCCCTATCGATAATCCTCTAGCCCTACCTTTTGATGTAGAACTTTGTGGATTCCATGGTATGGAAAATAACGAGGTCACCATTAAAGCTGCTTTACGACAAACTGCTATTGAAGATGTGGGAATCTTAGTACAATCTAATGATTCTGGGAAAACTTCAGTCATTGAATATTCTGAAATACCCCAAAATGAAAGATTTGCCACAAACGCGGATGGCACGCTCAAGTATTGCTTAGCCAATATCGGTCTCTATTGCTTATCTATGGATTTCATTGCCCATGCGGCCTTGCGTGAACTCCCCCTATATAAAGCTCATAAACATGCAAAACAGTTGGGGCTATATTCCTCAGAGAAAAACTCTTGGAAATTCGAAGAATTTATCTTCGACCTCTTTTGCTATAGCGAACGTTGCCAAACTCTTGTATACCCACGTCAAGAATGTTTCGCACCACTAAAAAATCTTGAAGGCAACCATAGTCCTGCTACCGTCCGAGAAGCTCTTTCCGCTAGAGAACGTCAAATCTTCCATAAAGTTACTGGGAAAAAACTTTCTCCAAACACAACATTTGAATTAGAAGCCGATTTCTATTATCCTTCGACCTCTACTTCCCTACATTGGGAAAATAAAGCGTTTTTCGAGGAACCATTTTTTGAGGCCTCATGAAAGAGAAAATTGCCTACTTAGGTATGGGCATTTGGGGATTTTGCCTTGCTTCCTTATTAGCGAATAAGGGTTATCGTGTAGTAGGATGGGCGCGTAATCCTGAATTAGTTGCGCAACTACAAACTGAGCATCGGCATCCTCAGGCTCCTGATATTCCTATCCATCCGAATTTGTCATTCACTACAGATATGGTAGAGGCGGTAGACGGCGCTTCTATGATTGTGGAAGCAGTCTCTTCAGCAGGAATACGCCCGGTATCTGAACAGCTAAAAACAATTACCGACCTCAACGTTCCTTTTGTCATTACCTCTAAAGGTATTGAGCAGCATACCGGACTCCTCCTCAGTGAAATCGTTGTCGAGATTTTCGGTAGTAAGGCTTCCCGATATCTCGGTTATCTCAGTGGGCCTTCTATAGCACGAGAAGTCCTTAAAGGCTGTCCTTGTTCAGTTGTGATCAGTGCGTATGACCCTGACACCTTGAAAAAAATACATAATGCTTTTCTCACTCCGAAGTTTCGTGTGTATCCCAATAGTGATCTTAAAGGCGTAGCTCTCGGTGGTGCTCTGAAAAATATCATAGCGATTGCCTGTGGAATTTCTGATGGGTTCCAATTTGGAGATAATGCTAAGTCAGGATTGGTAACTCGTGGTCTTCATGAAATACGCAAATTTGCCACGATCATGGACTGCCGCCCCGATACTCTCAATGGCTTAGCAGGTCTTGGAGATCTTTGTACTACCTGTTTTTCTTCACTAAGTAGAAATACCAGGTTTGGGAAGCTAATAGCTCAGGGATTAACCCTTGAACAAGCAAAAGCAGAAATCGGCATGGTTGTGGAAGGTGCGTATACAGCCCTTTCAGCATATCAAATTGCTAAACATCACAAAATCGATATGCCGATAACTACAGGAATCTACCGCGTTTTATACGAGAATCTAGATATCAAAGAAGGTATTGCTGCACTCTTACAAAGAAATACTAAGGAAGAATATCTTTAAACATGGAGATACGCTCTATTAGCTCATCTCCTTAGATAGAAGCCTCATCCTACTGAGTTTTCATTTGTACATTTTTTTACCATTTGTTAAAGATGAATTTATAACGCATAGTAAATAAGGTCATCTACTAAATGAATAGCAAGCTGAAAAAGCACCTACGTTTAGCATCACTCTCTCTCCTAGCTTTATCAGGAATGTTCTCCTCCTCTACCCTTAATGCTATGCCATCGGGGAATCCTGCAAGTCCTGTAATTCCTAATATTAATCCCGAACAAAAGGGAATGTGTGCTTTCGAAATCTGCAATAGCTACAACCTCTTTGCAGCACTGACCGGAAGCTTAAAAATAGGATTTTCTGGTGATTATGTTTTTTCAGAAAGTGCACGAATAAGTAATGTTCCCGTAGTGACCTCAGTAAGCACAATGAATACAGGTCCCTCACCTACAGTTACCTCAACAACAAAAGACTTCGATTTTGATTTAAACGATTCTAAAGTTAGCTCTAGCTGTGTCTTTGCTTCAGTAGCTATCCAAGACACCTCCCCAGCAGCTATCCCACTTTTAGATATTAGTTTTGAT
CP103952.1_gap13	600794	601622	828	ATCTGCATCCTTCAGCAGAATCAGGATGGTTATTCCATGGAACGACTCTTGCGCACAATGACGAAGGCATACTGGAAGCTGCTATTAATTATGACAAGGGTTTACTCCAAGGAACCTCATATTACTACCATTCTAATGGTCAGGTTTGGAAAGAGTGCTCTTATCACAAAGGCCGCGCTCACGGTGATTTCCTCACGTATACATCTGAAGGATTTCTACTAAAAAAACAGACATATCAAGATGGAGAAAAGCACAGTGTATCCATACGCTATGAAGAACGCTCTAATACTGTGCTCTCGGAAGAAGAATACGATAACGGTCTATTGTTAAAAGGCTATTACCTAGACCCTGAAACTCATCAAATATTTTCTGAAATCACCAACGGCAACGGAACACAAGCGATCTATGGAAAACATTCTATCGTAGAAACACGGGTGTTCGTCCGTGGGGAGCCTCATGGAAACGTGACTGTATTTGATAGTCTCGGCAATCAAGTTCTGCAAACCTACACATTATCTGAAGGCGTAAAACATGGTGAAGAGCTATTTTTCTATCCCGATTCTGGAAAATCTAAACTCCTTTTAACTTGGAATCACGGCATTTTACAAGGCCCCGTAAAGACCTGGTATCCCAACGGATCTTTAGAAAGCTGTAAAGAATTGATAAATAATAAAAAATCAGGTCTGTTAACGTTGTATTATCCTGAGGGGCAGATCATGGCTACCGAAGAATATGACAACGAGTTGCTTGTAAAAGGCGAGTATTTCCGCCCTGGGGATCGACATCCTTATTCTAAGATAGATAAAGGTTGTGGCACAGCAGTGTTTT
CP103952.1_gap14	605526	609250	3724	TTATACTTATCAGGAAGACCCTCAAAAGTCTTTCTCCCCATGATTAGGACATGATTTCCTATAGTTTTGGAAAAAAATTCGATATCTTCAGGATAGTTCCACGGAAGCTTTCCTTGCTTTCCCATGACTCCCCGGGGGTCACAAGCAACTATACCGAGTATTTTACACATAAACCCCAGGACATGCTGCTGCGGATAAGACCCTGTGGTTTGCTTCAACATCATGAACACGTAAGTAATTCACGCCTTGCTGTTGTAACAAAACCGATAAGCTCACAGTTTCCCAATCACGATCTTTAGCATCATATTTCCCCAACAAAGAGAAACACGATTTCCTTGAGTGCCCTACCAACGTAGCGCAACCAAGCTCTCGGAATTTTTCCATTCTGTGTAATACATTCAATGCTTGTATGGGAGTCGTTCCGAAACCTATTCCTGGGTCAAAAATAATTTGATCTTTGCTCAATCCCAAAGCAACAAAAGCTTCAATTTGCTGCTTTCCCCAGCTTAGCAACTGGTCTGAAGCACATGTGGTAAAAGCTAACGTTTTATCAGGACGTGGAGGAAGAGAACACGAATGATTGATAACTAATAATAAATTCGCATCTCTGGCAATCTCAGCCATTTCTTTAGAGCCGCCAGAAACATCATTTATCCATCGAATTGGATAAATTTCTAAAGCTCTCTTAATAATCTCAGGATAAAATGTATCCAAGGAAACGTCTGGATATTGCATACATCCTGACCATTTTTCCGCTAAAAGCTTGAGTACCGGCTCTAAACGGGCCCACTCTTGATCTACGTCAATCAACTGCTTAATTTTAGGGTTAGTTGCTTGCGCACCAAAGTCTATTACGGAAGCCCCTTGAGCAAATAATCGCTCTGCATGAGCAACAGCTTTAGAAGGATCAATATATAATCCCCCGTCAGAAATGGAGTTATCCGTAACATTCACTATGCCCATTAAAAAAGTAGTAGGAGAAAAGCTATTCAGAATAATCTCCTGAGGACAAGGTAGACAATGGGCTATTTCTCCAAACGTTTTTAAGTGAAATTCAGAATCTGGTTGATGGAGTTTTCTAGTAGGGCATAACGATGCCACAAGAGAAAGTAAGAACGGTCTTTCTAAAATCCTATGATGAGGTATGATGATGTCATCCTGTTGGTAATTTTCATCACCATATAACAGAATATCCACATCCAGAATCCTAGGAGACCAAGGTAAGGCATTAGGATCTCTACCAAGCTTACGTTCTATATGTTTGATCCCTGACAATAACTCCTTTGGAGATAGTGCAGTCCTTCCAATAAGTACGGAATTAAAAAAAGGCAAGTCCCATTCTTTTGGTGAGTCAGGCAACAATAAAGCCTTTGTCTCCAAAATTATGGAACTTTGTAAATCTTCTATGCCCAACTCTTTTAAAAGAGAAAATGCTCTACGAAAATTTTCAAAACGGTTTCCTAGATTGGAACCTAGAGATAAACAAATAAAATGCTTGGTTATCATAGTGAAATTTCCCTACTTATCTTAAAACAAATGGGCTTCAGTAAGTTAGGAACAGGAGGGCGTTCTTTACGCACTTCTAAATCTATTTTAGAAACCTTGTCTTTTAACTTTGCTTCTAAAGCATCCATTAAAATCTTAGATAAGTGCTCTACTAAAGCACAAGGCTTACTAGAGGCTACTTCTTCTATTAAAGAAGTGATTTCAACATAACAGCATGCATCCCCAAGATCATCTGAAACACAAACAGAGGGCTCTTTAAAGAAAGAAAGGACGACAGAAACTAAAATGGGCTGCTTAAAATAACGCTCCTCTGGAGAACATCCAAGACGCACCCATACACGAAAATCTGGAATAATGAGTTGATGCGATTCTGCGGCGACACCTAAAAGTTATAAAATGATTCGAGTTATTTTCCCTTGATATTCTTTGCTTTACCCGTGATTTTTTCTTCTTCTAAAAGATCGAGGAAAGCTCGCAATTGTTTTGAACGAATCGGGTGACGCATTTTTCTCAAAGCCTTAGCTTCAATCTGACGAATACGCTCTCGAGTCACATTAAATGCTGAACCCACCTCTTCTAGTGTTTTAGGCTTGCCATCCAAAAGACCAAAACGATGAATCAAAACAAAACGTTCACGATCCGTAAGGGTTTTTAACACCTCTTTCATTTTATCTTTAAGCATAGAATAGCCTGTGGCCTCTGCTGGAGACTCCACACCAGTATCTTCCAAAAAGTCGCCAAAGGAGCTTTCGCCTCCCTCACCAACCTCTGCTTGTAAAGAAATTGGATGCTGAGCAATTTTATAAATTTCCCGCACCCGATCAGGGGTTAATCCTAACTCTTCGGCCAATTCCTCTGGTGTAGGCTCTTTGCCCGTTTCCATCATTAATTTCTTAGCACCACGAAGAACTTTGTTTATAGTTTCAATCATGTGCACAGGAATACGGATGGTTCGTGCCTGATCTGCAATAGCACGTGTAACAGCTTGACGAATCCACCATGTGGCATAAGTAGAAAATTTATATCCTCTGCGATATTCAAATTTTTCTACAGCTTTCATCAAGCCCATATTCCCCTCTTGAATCAAATCTAAGAAGGAAAGGCCGCGGTTTGTATATTTTTTAGCTATGGAAATCACTAAACGAAGGTTGGACTCAACCATTTCTTTTTTAGCTTCCTGGCTCTTGTCCATCCAACGCTGCAGCATACGCACGTCTTTTTTGAACTCTTCCAGAGTTCTTCCTGCTGCAACTTCTCGCTTGTATAATCTACGCTTAGCAGCGTCTAATTTTGCTGCTGCAAACTTATTTCTTTCTGCTCGAACCTTCAAATCATTGATTTGCTGTTCCAATTGTAAGAAAGAATCATATGCTTTAAAGACAACCTCACCGAAATCTTCGGTAACATTGTGACGACAATGGAAACAACGCAGATAAGCTTGCGTACGAATACGACACTTTTCTAAATCGTCGTTTAATTTCGCAGTCTCTTCTTTCGATAAATTATTTTGTTTTAAAGCCAACAGCAAAGACTCTAGATATGCATCTTCTTCCTTAAGCAAACTAATTAACTTAGGAAGCAGCTTTAAGAAGTGAGCTTTGTCTTCGACTTCTTTTTCTGAAATAATTTTATCAAAACGTTCTTTTCCATTGATGAGGTATTGCGCAATAGAAATAGCTTCTTTTGAAGAATAACGAAAACGTAAGATAATCCGTTCAATTTGAACTTGAGCTTTTTCTATTCTTTTAGAAATTTCAACCTCTTCCTCTCTAGTTAATAGAGGAACAGTTCCCATTTCTTTTAAATACATACGCACAGGGTCATCAGGAGTCCCCTCTGTACGCTTGGCTAAGCCCTCTAGCTCTTTGGCTTCTTTTTTTCTTTCCTTTTGTCGTTCTACATCTGCTTGGTTCAGGACTTGAATATCCATTCCCGTAAGGAAAATCAGCACCTGATCGATTTGTTCAGGCGTATCGAAAGACATGGGAAGAATCTCATTGATCTCCTCGTAAGTAATAAAGCCCTGATCCTTAGCAAGAGAAACGAGTTCTTCTAACTTTTTCTGAGCTTCTTCTTCATGAGCCGCTTCCATAGCCTGGCCATTTTGTGTATTCATGAGCATTTAATTATTGGGTTGCAACAAAATAATAGGGCCCTAGCCTTTGGGTAACAGTTTAGCCAAAGAAAGATAGGAAATCTAGGGATTTTTAATAAGCAT
CP103952.1_gap15	610384	613475	3091	ACGAGGGGAAGAAGAAATGCAACTATAGGGAAGAGGTAGTTATGATACCGAGCTATTGGGTGAAAAAATTTTTTCACAAACAACATAAAAATTCTCATCCTTTTCTCATGAACTCATAAAGTTAGCTTTACTTTTCGAGTCTTTTTAGAAAAAACCATGCGATTAATTCTATTTTTTATGTTTGCATAAAAGTTTATTTATCTCTCCCATAAAATACAGTCCATTTCCTCTGTTTTTATTTCTTTTTATTGTTCTTTCTTTTACAATCGCCCCCTTATTGTAACATAGTACCTCACTTATCAAATCTTAACTGAAATGTTAAGACAGGTTGACTCTTTCAAATAAAAAAGACTTGTTTTTGGAGTAACAATGGCACCCAAGAAAACAACTAAAAAGGGCGGTCCAAAAAAGCGGCCTTCTGCAGAAAAGCGTATTATAACTTCGCAAAAACGTTATTTGATCAATCAAAGTTTTAAGTCAAAAGCAAAGACAATGATGAAGAAATTTGAAGCAGCCTTAAAAGCTGGTGATCAGACAACCATTGCTTCTGGATTACAGTTAGTCTACAGCGTAGCTGACAAAGCTGTAAAAAGGGGCATTTTTAAACAAAATAAAGCCGCTCGTATCAAATCACGTGCTACCCTACGAGCTAATGCAAAAATATAATTTTAATTTATAGGTAATTATGACTACTTCCTGCTTTAGTAGATGTTGTCCCACTCTATCTAACATTCCTCTTTGTCCCGACTTAACAACGTGTTGTGATCAGATTCGACTAAATGCTACGAAACTTCATAATAGTATTAGTCTTCTGGGAGATGTGTTTGGAATTTTAGGTTCCTCTACAATGATTGCTAAAGCATCCCTAAATCCAGAGAACACCAACACTCTAATGCGAGTTACCTCATTAGAAAATGCGTGTGGAATAGCTGTAGGATTAAACAGCTGTGTAGATACAGTAACCCTGGTCTCTCAGTTATTAACAGGTGCTATGTTCTATGAAGTAGACTCTGCTACCGGAAGTGTCAAAATAGTTACCAAAAATATACAAAAACCCAATGGGGAAGTAGAAATTGTTTCCAGTCGTATACTAAGATCGCCTCTTGCTATTGCAAGCAAAGTGACTCGCTTAGCTTCTAAAGCGACAGGAAGCGCTTGCTTACTCTCTGATTTGAAACTTGTAAATTTAGCAAAACATGCGAAAGGTTTAGGCGGTATTTCTACCGGCTTATCCGCTATTAGTTCTGCTTGCGGCGCTGTTGATGACGTTGTCAGCATCGTCTCTACTTTACGCTCAACAGACTTTGATCCTTCTTACGAAGATCTTGTCCAACGTCGTGTAACATTAAGAGAGAAATTCTTCTCCTTACTGTGCAATTTTGTCGATTTAGTCGCGGATATTCTTTGTTTATTTGCTAATTTTGCTCCTGCGTTGTTAGGACCTCAATCTGCTCTCATTATTGGTTCTTTCTTCCTGATGTCTGCCGTTCTAAACTTTGTTCAAGATTCTATGAGTTTATAAGATCTGTTTCTAAAGAAGACGATCTACCCCATAAGTATACTTATGGGGTTTTTTTATGATCTTATACAACGTCTCTCGATCAGCCCACACATCTATGTTGTTCTTTGCACGTGTGATCGCTGTGTAAAGAATAGAAATGTCAAAAGTTTCACACCCTTTAGGGATAATAACAATGACGTCCTCGTACTCACTTCCCTGACTTTTATGCACTGACATAGCGTAGTTATAGGTATAATAAGAAAACTCTTTGGCATCGATAAAGCGAGAGTGAGAAAAAAATAACTTTTGCGTCTTTGGGCAAAGGTGCCCCGTATCACCATTAAATAGCCCCCAAGCTTCATAACGTTCTGTTATCATAATAGGAATGGGTAACTCTGGATGTGTTTTTTGTATTTCATGAAAGAGCAGTTCATTTAAGCGTAGGTATCCCCAAGGACCATGTCGCATAGGAGTTAAAACACACAATTGTGTTTGAGATGAGGGGGTATTTATAAACGCCTCTTTAATCATAGAAAGTGCAGTGAGCATAGGAGGCAAAGGGGTAAAAGGAATGGCTTGTCTTTCTAAAACAGCTCTAGCAAAATTTTGAACTCTATTTGTTTTAGCTCTGTGAGAAACATGAAGATGTAGAGCTCTTTCAGGGAAACGTGCTATCAAATCTTGAAGAGGATTTCCGGCGCCAACACCTATGGGGGGGAGCTGATTCTCATCTCCCAATATAATTAAATTATCAGCAATGATTTTCCCGTGTTTATTTTCCCCTGATAAAGTGTTGACTAGGCTATGCAGAAGACTAAATGTCACCATAGACCCCTCATCAACTAATAATAAATCAAAAGAAGCGCACTGGTGATACGCATGTTCTTGCAAGAATCGGTGTATTGTTTGGATTGTGACACTAGACTCAGAAATATGATGTTTAGAGAGTATGTGACGGATATGAGAGGTTGCTTTTCCTGTAGGAGAGACTATAGCAATACGGATTTTAGGATACTGCTTAATTAACGCGATGATTATCTGTACAGCAAGAAATGTCTTCCCTGTTCCCGGCCCACCACAGATCAAAGAAAAACAACTGTTAACAGCTTTGTGAAAAACCTCATTTTGCTCCTGAGATAAACTCGACAGAGTTGTTGTAGTCAGGCTGTACCGATTAGAAGCTTGTGACAACAAAGAGAGTTTTTTAAAAAGTTTCTCACGAACTGTATATAAAGATTTTAAATAAATTTTATTATTTTCTATCACAAACAACGACGACAAAACATCGTGAGGAAGAGCCTGAAAATATTCATAAAACAGCTTTTCAGAAATTCCGGATACTGAAGGGAATAAACGCTCATTTTCTATACTAAGAAAGGGATAACCACAACGCCAAAGAGCAGAAGAAATAGCCAGAAATGCAAACGCTTTTTTTGATTCTGGAGAGATATGGCGCTTCGCAAAAGCTAGGTCCAAAGGTAGAACAATCTGTTGTTGAACTACATCATAAAGAAGGTGAGAAACATCCGGGCTTAACGAAAGCATGAACTCTATGCATTTTACCCCTTTTTATAACTCGTTTCGAGATCT
CP103952.1_gap16	775176	777588	2412	GGAGACCATTAGAAAAGAATGTTTTATGAGAAACAAGCCTTCCCTGGTCATAGGTTTTGATTACCGATAGCGTTGTAGAATGGGGGAAGGTGATTGTGATCTCGCCGTGAAGAAGACCTTGAACGTAAGTTTCATAAAGAGTCGATCCGTCTTTTAAAACTTTAGTGATTGTTCCATCACAGCCCCGCTTCACCCAATCTCTTCCTGATACGATAATTCCGTAATTATTTCGGAAAGTCTCCTTCATCACCGAAGGATCTTGTTTTAGAGTAGACCCATAGGTAAAGCATGAAAAAGAGAGTGCGCAAATGCAAAAAAGCAGCTGTTTCATGAATCGATTGTTCCTTTTGTATCGTCTAGTTGCTCATTAAGCATAGCAAGTAAACGCTCATGTTCTTCTTCTATTTCTTGATTAGATAATGTTCTTTCCTTGTCTTGGAATAAAAGACGTAGGGAAACATTTTTATTTTGTGCGGTAGGGTTCTTATTTTGGTATATACTGATAATGGAAACACTTTCAAGCCATTTAGAAGGGAAACTTAAAAGTTTCTTCCTTAATGCATCTGCTGGGACAGACTCATCAACGGTCAGTGTGATATCCCTGAATGAAGAAGGGTAAATAGGGTACGGCTGGTAGCGAGCTATAGCTTTCTTTTGTGTATGTAAAAGAGAGTCCACCGAGAGCTCTGCAAAGAATACAGGATGCTTGATGTGAGCTTTTTTACATAGCTGAGGATGTAATGTCCCAAAGCGTCCTAACAGATGCTTGTGAAGATAGAGCTCCGCTTGCTGATAGGGATGAAAATTCGGGTGTTCACTGGGACGAATTGTGTAAGTCTTCGAAGAAATATGGAAATGGCGGAATAATCTCTCTAGCCATCCTTTTATTGAATAGAAAGACAAAACACGCTCATGAAATACCCAAGAGAGTTCTTCTGCTTCCCCTGATAGGATGATACCTAAACTTTGCGTTTCTTGATATTGGGCATTTTTCTTAGTGTAAATCGTCCCTAACTCAAAAGCATGTGCGTAGGGAGCTTGTCTATTTAAATTTGTTGCTGTACTTTTTAATAGTCCAGGCAGCAAAGAATCTCGTAGTACAGTAGCGTGTTTAGAGCCTTGCAGTGCAATATAATCCGTTTCTTGCCTATGTAAGGCTGCAGTCTCCATATCCAAAAGGTCGCAGGTGAAAAATTGTTGCAACCCAGATTGTGCTAAGAAGTCGACAATTTCTCGTTTAAACGCATATAGAGGGCTATAAGTGGCAGGAGCTTTTTTCTTCTCTGTTTTCCATGGCTGCGTTCTGCAAATCTCTTCAACAAGATCGATTTCCTCACGGATGTCATGACGATACGCAGGCACCTGCACAGAGAGGCTCCCTTGGTCTTGGGAAGTCACAGTAAAGCCTAAAGAGGCAAGTTCTTCATGTACTTGAGAATGACTAAGAGGGACTCCAAGCACGCGTTCTACCATTTCCGTGCGTAAGGTTAGAGTAGGAGATGGTGGTATAGAACCTAAAACATGAATAGGAGCAACCTTAGCTTTGGGGAAAAGCTTTTGTATGTAGTGGATGGCTGCGTAGAGAGAAGGCAGAACATGATCCGGATCGGTACCTCGTGTAAAGCGGTAGGCAGCTTCAGAATGCAGGGGAATACGCGTTTGAGAGGCGCGGATAGCCTTGGGAAGAAAATACGCAGCTTCTAAAATAATGTCTGTAGTTGTTTCGTTGAAGGAAGAATCCCCACTTCCCATGACACCTGCTAAACCTACGGTATGGTTTTTATCACAGATAATCGCTGTTCCTTGTGGGATCAGAACCTCTTCATTATTTAAGAGTTTTAGACCATGTTGTTCTTGTGCTTTTTCAGCGTGTAAGGAGTCGATATCTACAGTTTTTGCGTCGTAGACGTGGAGAGGTTGCCCCAAAGCCAACATGATGTAATTCGTGATGTCTACAATGGTATTAATAGATTTCTGTTTGAGTTGGCTGAGAGCCTGTTGTAGCTCTTGAGGAGAGGTTTCCCCACATACTCCAGAAATTTTTACGCAGCAGAAAAAGGGACAAATACTCGTGTCATGAGAAGGGCTGTCTTTGGTAATTATTTCTAAAGGAGAAAATGCAAACTCCTGAGGTAGAATAAGGTCGACATGGGTGACATGCGCAATTTCTCTAGCAAGACCTAAAAGGGAGGCGCAGTGGCCAAGATTCGGAGTCAGAGAGAATTCAATCCATGTATCGGCAAGTAGGGCACAGGCACTTTCTCCTAAGGGAGTGTTTGTAGGAAATTCAAATAATCCCCTTTCTGTTTTTTGGAGACGAGAAAATCCTAATTCATCAGCGCCACAGCACATACCTTGGGATTCTATACCACGCAATTTAGATTTTTTTATTGTATAAGGATTCCCTTCGTG
CP103952.1_gap17	782841	784466	1625	TTTGGAGCTTTTTTTTGTTGGGTTGCTCGACGCTGAGGGGTGTGCATGCCGTCTCCTTATGGTGGAAAGATTGATACAACATATGGAGATGAAAAATCAGAAAAAGAAAAAGAGATTCTCCTATCTGTTATTATAAGAGGGCAAACCTTTATTCTAAAAACTTTTAACGCACCGAAGAGGGATCGAACCTCTAACCACCTGGTCCGAAGCCAGGTACTCTATCCAATTGAGCTATCGGTGCCTAAGACTTCCTGACGTGCGGGATCGGAGGCCTTTGAGGTTGGAGAGCTTAGCAGAAGTTCCTCAGAAACTCAAGAAAAACTCCCCAGGACAGCGTTCCCTATTGTTAGGATAAAGCGAGCATAGTCTCGGTCAGGTGGGTGGGACTTTCTAGGATGACCGCCCTCTCCAATACATTGGAGAGTTCGCGGATATTCCCGGGCCAAGGATAGTCGAGAAGAGCAGATTTGGCGCTTTCCGAAAGTGTTTTCATTGGTTTATTATTTAACCTACAGAATTTCTCTAGGAAGTACTGTGATAAAGGAAGAATATCATCTTTTCTTTCTCTTAGGGGAGGGAGGTACAGGGGAATCACGTTAAGACGATAAAACAAATCTTGTCGGAAAATTTTTTGATCTACAGCTTCTTTAAGGTTGCGATTAGATGTAGCGAGGATACGCACATCTACCGATAAGGTTTTCGTTCCTCCAAGGTGTTCAAATTCTTTCTCCTGAATCGCTCTGAGTAGCTTGGCTTGAAGATTGATAGGCACTTCCGTGATCTCGTCTAGTAAAAGGGTCCCGGTGTGTGCGAGCTCAAAACGCCCTGCCTTTTTTCCTGCGGCTCCTGTAAAAGCGCCTTTTTCATGACCAAAAAACTCGGATTCTAACAATGTTTCCGGAATGGCAGCGCAATTCACCTTGATGTAGGGGCAGGAAGCTCTAGGGGAATTTCTATGAATAAAAAACGAAAGGACTTCTTTCCCACAGCCAGATTCGCCATGAATAAAAATGTTAGCAGAGCTATCCGCGGCTTTTCTTGCTTTAGATAGTAAATCCTTCATTGCGGGGCTCTCAGCGATTAGAGGATGAGATTCTGAGGAAATTTGCGATTTTAGCAAAAGATTCTCGTTTACAAGGTTTTGTAATTCCTCAGCCTTGGCTATGAAAGCAAACAAGGCTTCCGATGAGAAGGGTTTTGTGAGGTAGTTAAATGCCCCATGATGCATGGCTTTTACAGCATTTTCGATTGTTCCGTACGCCGTGATCACTAGAACAGGTGTATGGGGCGCAAATTCTTTAGAGGTTTTGATGATATCCATGCCTGTCCCATCAGGCATGTTCATATCTGAAATAATGAGGTCATACTTCTCTGTTTTGATCTTATGACAGCCTTGTTTCACGTTATCAGCAGTAAACGGAGAGAGTCCTCTGGTTAGAAGAAGCTCCGAAAGAAAGTCTCTTAACAGAGGCTCGTCATCCACGATCAATACTTTTTCTATAGTCATCAGGCGTTTATGAGTTTCTAAGTTAAGAATTCTTATTACCGAATTAAATAAATCTTCGTAAAGGAACTAGTTTTATTTTTATATCTATTTCTTACAAATAAATCTTTTTGAATTGATT
CP103952.1_gap18	789400	791181	1781	ACAAAAGAGCGGCATTCCCAGAGAGATGCTTGGTAGATAGCGATTTCCCGGAAGCTGTTAAAAAACGGAAATGTTTATGACAACAGAATCCTTCCACTATAGATAATGGGTACTGTTTGTGTAATAGACGTGTAATGTCGATGATTCTTGGATGTATAGAAAATTTTTTGCATAAACTATGATTTAATCCATCGCAGTCATAGAGAGTTTCCTGTTCTGTTTCCTTAGCACCTAAGGAGCCGTGGCAATGAAATGAGTAAGCAGTAATTACCGCTTGTTGTGGAGTCGGCCAGTGGTATTTCGGTAAGGGGGAGTCTTGTATTTCTGGGTACATAATGACAGAGTGCCCCTGTTGTGATGTAATTCGTCCTGCGCGTATGTGCCTATGTGATGTTTTTGTGGCAGGAGAACACGCACAGATTAGAGGAAATAATAATAATCCAAAACTTATCTTAATAAGAATCCTAAGCATGGGGTAGAATTCCACGTAGTTGTTTTAAGAAAGTATAGCCTAACTTCTCAACTTATTTAACTATGTTTTAGATTTGTTATATGTAGTTAGTGAAAAATACAAGGTGATATGAGTTAAGGTAACCATGAATATCCATGATTATCAGGTGTTCTTTTTTGATTTTGATGGTTTGGTCCTTGATACCGAACCTTTATACTACAAAGCATTTTTAACAGCGTGTAGAGAACGCGGACTCGATACCGCTATGGATTTCTCTACATATTATTTATTTTCAATGTTAGGAAGAGAAGTTTTCAAACAGAAGTTTTTGGAGCTTTTCCCTAATACTGAGTCTTTTTTCCCACAGTGTTTTTATGATCGCGAACGTATCTATAAAGAGTTAATACAAACTGAAGTTCCTTCCCTACTTCCCGGTGTAGAAGATTTTTTACGGTTCCTATTAGCTGAGAACAAAACTATTGGAGTAGTGACAAATTCGTCACATGTGCTGACCCAGCGTTTTTGTGAGGTCATACCCATTCTGAATCAGTTTCAATTTTGGGTTACACGAGAAGACTATGACCGGCCTAAGCCGTATCCTGACAGCTATCAATATGCCTATCAGGCTTTTGCTAAAGAAGGAGAAAAGGTGGTGGGTTTTGAAGATAGTGTGAAAGGCTTACGCGCCCTTTCAGGCATACCAGCAACGCTGATCGCTGTGAATGCTATTATGCCATTGTCTCGAGACAGTCACAAAGATTTCTGTGATAAAGATTTTTATTATTTTTCTTCTTTTAAAGAGTTGATGTTGCACTCTGGAGTACAAAACCAATGATAAGGTTTAGGGTAACATACGTGGTATAAAGATAGGGCATAGCTGGGAGCTGCTGGCGGCCCTTTTCTACGATTTTTCTGTATTAATATCTCTTGAATGTATTCAGGAGGATATTTTCCTCTACTAATATCTAATAGAGATCCCACAATATTCCTTACCATTTTATACAAAAATCCATTGCCTTTACAGATGATGGTTACTGTCTCTCCATTATCTACAATGTCTAAGTTGAATAACGTGCGTATAGTTGACGTATAGTCACGTCCATGATTTGCAAAAGAAGCGAAATCATGAGTTCCTATGAGGTACTTAGCCCCTTCTTGCATAAGATCTGTTCTTAGATGATGTCGTGGATAATAGGAAAAATAACGTTCCCAGGGAAGGGGCTTAGGAGATCTTTTTAGTAAATAACGGTATTCTTTAGCGATAGCTGAAAATCGTGAGTGGAATGTATCGTCTCCAAGAACAACGTCGCGAATCACTATATCTTTGGGC
CP103952.1_gap19	800988	803858	2870	GAGTGAGATCAATAGCTTCTGGGAAGCGTAGTAAGGCTAAAGCTAACGCTTCTTCGGAAGGCTCTTGAATATCAGCCGTAGACTCTAAGCTAAGTTTTTCAATACCTAACCGCCGTTTTATTCCTTGGATACGTACATAACCATAAAGAATAAACATCGCTGTATTTCCTTCAAAACGCAGCATCTTCTCAAAAGAGAAGACATAGTCGCTAACACGATGAGAGGAAAGATCAGCATATTTGATAGCATTAATACCAAGAACAGGAGCTCGTTCCGCAATTTCTGCCTCAGACATCTCTGGGCGGTGCTTTTTTAAAGTAGCCACAGCTTGATCTATAGCCATGTCTAACAATTCCTGAAGTTTAATATTTTCTCCAGAACGAGTTTTGAACTTTTTCCCTTCAGAATCAAGAACAAGGCCAAAACCTACATGAGAGAAGACTTCTTTATTGGGAAGGTAGCCAGCAGCTAATGCCGTAGCCTCAAGAAGTTGAAAATGTAAGGATTGTCCCATGTCGGTAACAATAATAATTTTATCCGCATGGTCGTGCTCTACGCGATAACGCATAGCAGCTAAATCAGTAGTGGCATAGTTGTAGCCACCATCACTTTTTTGTACCATAAGAGGGATAGAAAAACCCTCATGAAAAACACATTTTGCATTATCGGAAATTGTGATGAGATTTTTCTTTTCTAAGTCTTTGATAATCTCAGGAAGGAAAGGATTATAGAAAGATTCCCCACGTTTCTCTATGCTAATGTCTAAAATATTGTAAATCTTTTGAAACGCTCGTTCAGAAATTTCGCATATGCGTTCCCAAAGTTTTCGTGCTTTGGGGTCTCCTGATTGCAATGCCACAACATTTGTTTGTGATCGTTTCTTGAATTCTGCATCTTCAGCAAAACGAGCGTGTGCTTTCTTGTATAAAATCGTTAGATCTTCAAGATTTTCGATATCTTCAGAGGATTCCTCCTGAAGATAAGTAATAAGCATGCCAAACGCTGTTCCCCAATCACCAATGTGATTCAATCTTAACACGTCATTACCCACAAAAGTAAATATACGAGCTAAACAATCACCGATAATTGTAGAACGTAGATGGCCTACGTGCATGTCCTTAGCAATGTTTGGAGAAGAAAAGTCTATAACGACTTTTTTAGGATCTTTAACACGAAATCCTGAAGATAGATCCTGAGAATATGACTGTAAACTCAGGTTGAGAAATTCTTTTGAAAATGTGAAGTTAATAAATCCAGCACCTGCAATTTCTATAGAAGAGAAACTATTTTTGGAGATGTGATTCACTATAGATTCCGCAATAGCTCTAGGAGGCATTTTTAATGTGCGGGCAAGCTTCATCGCATCATTACATTGGTAATGGCCGAAAAGCTCTTTTGTTGATTGCGTGATGTCAGGAGAGATGGTTTCTATTTGAGGGAATGCAGATAGAATCGCTTCTCGACATAAAGAGGAAAGATAGGAAAGAAGAGTCATTTAAGGAACCTCTCCAATACAACCATTTTCATACCAAGTTTTTAGCTCTGCTATTTTGCTCATGATCCTATCTGTGGCTATTTGGTAAGTTTCTTTGGAACTTAGGGTCTCATTATTAATCAAATCGTCAAAAGTTAGTGGTGTGCCAAAAACACAGGTAACGGTTTTCCAAATTTTAGGAAATTTTTGATAGCGATTGAAAATATCATAGGTCCCACCAATATATACAGGAATAACGGGAACGCAAGCTTTGATCGCTATTAAACCAACACCAACTTTTCCAGGAAGTAGCTCTCCCGTTGGGCTCCGCTCACCTTCAGGATAAATAATGAGCTTTTTGTTCTTTTTTAAAATTTCGAAAGCAGCTTTACAAGCTGCAGCATTTCCTCCCCCTTTTTTGACAGGGTAACATCCCCATTCTTTATACAACCACCCAGTAAACCGATTACTAAATAATGTAGAACGCGCTAAGTGATACAAACACCCACGAACAGATAAGTGCAAAGCTACGGGATCCAAATAAGAATTGTGGTTTGCAGCAATAATAGCCGCTCCTTTAACAAGATTCTTTTTTACTCCGTAAACTTTATGTCTATAGAGTAGGGTAAAGGCAACTCGAGTAAGAAATTTACAAACTGTAAATATCATGGCAATTTCGGAGAAATTAAAGCTGAAATTTTCTCTAGAACTTGGCTTATTGTCAAATCTGAAGAATCTAAAACAACAGCTCCTTCCGGAATAACTAGAGGATCGAGAGTGCGTTGGCTATCTGTTTCATCACGTTTCACTAGTTGAGCATATAAAGCTTCTTTTGAAATAGAATCATTGGGAAGATCTTTTAATCTTCGCGCAGCGCGCACTTCAGCACTCGCAGTGAGAAAGATCTTTACATCAGCATTAGGGAATACCTTAGAACCCATATCTCTTCCTTCAAAAACACAATTACCTAATTCAGCATATTTTCTTTGCAGTTTGTGCATGAAAAGACGTACTTCAGGCAGTTGAGATAATTTTGAAGCCGCATTGGCAACTTCTTGAGTCCCTAGCTCTACAGATAGAAGATTTCCTTCTAAAAAAGCTTCCAAGGGCTGCCCAGAAACAAATGAAAAAGAAAATGGGGGGTTGTCAATAAGTTCTTGAATCGAGAGATGTTTCCATGGTTCACACAAGTGTGTGTAGGCCAGGGTACGGTACATTGCCCCTGTATTGCAGTAGTTGAAGTTTAAGTCCTTTGCAAGAGCCTTTGCTATTGTGCTTTTCCCTGTCCCTGAGGGGCCATCTATTGTAATAATCATCTGAGAAACATAGATTTTTGCGTAATCAAAAGTAGAATATACACAATAGGTGTAGAAAGTAGAAGAGAATCTAAAGTATC
CP103952.1_gap20	841577	843494	1917	TTACATCAATAATCAGAGGAAATTCTGCAGAGTTTCCTCGGAAAGTCATATCTTTGTAAGTAGAGATGACAATAGCGCCTTTAGCAAAAATGGCACCTCCATTCCCTGCAGTTTCTGTCGTGTAGGTGGGGAATGTAGGTGTTTGAGTTCCTTCCTCTTTTACTGCTGCTTCTTGAGAGAAGTATCTAGGGAAGAGATGCGTTTCCTTGAATTTAGGAGGAACTAAACCGCCAATTCCAGATTCAGCTGCTGGTTGTGGTAGAACAGGAATCAGAGGAATAGGAACGCGAGCCGCGTTATTTGTAAATGCAATAGAGTTAAGGATATTCCTAATTGTCAGTGTGGAGTCGGTAAATAAAGCACCACCCGCTTGTTGGGATAGATCATCCTGGAATGTAAGGTTTTCTAAGCCATCAAAAGATATAGGACCTTTGGAGTATATAGCTCCACCTTGTCCTGTCATTCTAATCAGGGTGCAGGATAAGGATCCTGGGTTTCCTGCATGTGTAATGAATGTTATAGGACCAGTTTTGTCATTGTAAAACGCACCCCCGCCTTTAGGAGCAGGAGTAGAAGTAGACGCATCTGTTGTGGAGGTAGTAACGGCAGGAGAAGATGCTGAAGATAATGAGAAACCTAGAGAGTTAGGTTTTTCATCTGTGAATTTCCCTATATCGAAAATTCCCTGATCCCCATCTAACACATGCGAAGCAAATGATGTAACATTCTGGTCATCTGGGCTATGATACAACTGTTCTTGAGGTTGTGTAAAAGCACTCTCATATCCTATTGAAGTGCTTAGCTTACTCTCGCTCTTTTGTTTGCTTGAGTTGGCACTACTCTGTGTATCAGGAGCAGGAGAAGGAGGAGGAGTAGGAGCAGGTTCTACTACTCGAGTCGATTTAGCTTCAGGAATATTCGTGAAATTTGTGAAAGAGACGTCCCCAGTGATGGTGTATGTTGTTCCGCTGTCATCTTTTGTTTGCTGCGTGAAATTCTTTGATGAAGAATCCGAAGCACTTAATCCCGATCCTCTGTAGCTGGAGTTTAATTCTTTCGAAAGAGGTTCACTAAATACTGTAATCGAGGGGAGTACGGCAGCAAAAACAGCTGTAGCTGATAGCCACTTCATAGAACAAAAACCTACTGCGAATATTCACTGTCTAGATATGTGTTAGATAAATCAGAAAGGCAAATTAGGCAAGGGATAATAAAAGAGAGCAAGAAAGATCAAGATATTAGAAATGAGCTTTAGGGAGACAAGAGCTCATCTATAATACCTTGACGCATGCTATTCGTAATCTCTGACAACGTTCATAGTCAAGGAAAAATTAAAAATTTAGAGATATACCACCAAAAGCGTCGCCAGAGAAGGTGTTCCCTTCGCGTTGCATGGTTGAGATTCCTAAATATGCCCTAGCCAGTTTACATTTGAAGGTGGTGCGGAATTTCAGGTTGAGTGCTTCTTGTCCCATAAAGACACTGCCAACTTTCCAAGAATGCTGATTCAGGATTAATGAAGCTGTAGTTAAAGGATCTTCTCTGAATAAGTCCTTAATATAGGCCATGCTAAATTCTGATAGAAGGGAATATTTGGCTCCGAATAAACGTAGTTCTAGAGAGACTCCTGTAGGAAGAGCAAGGTTATTCAACCGTGAAGAAGCAAAATACCGAGGATCGTATCCTGTTTCTATGAAAGGATTTTGGTTAATTGTAGTATATTCAAGATTGACAAAAGGTGTGATTTTAAGACAGCGAATTCCCTTAGGGTAGGCATAAGATAAACCTACACTGCCCCGAACTCCTTGGTTTTTCCACGACCCACGGGTGATATCCTTTTTAGAAAACCGATGTTTCATAACATGAGACTCTTCCGCATAGCTTACAGAAGAACGAAACGATAATGCTTTCCAGTTT
CP103952.1_gap21	963019	967065	4046	TTAAGCATCTACCTAACTGATTTTTTGCTTCTTCACATTTTTCTGAAAATAGCGCTTTCTGCTCTGCAGATAAAGTAAAACCTTCTGCGAGTAGTTTAGAAATATCCCAAGGGCCGTTTTTCATTGCGATACCAACGCAAATAGGACCAAACGCATCTCTTTGCTGTTGGATAAAATCAGTTAAATCATCGTATTTTGCTTCAGATCCTAGATTTTCATCAGGAGTAATCATGCATGTGCAAAGACAATCGAAGAAACAGAGGAAAGGACTCCAGCAATTGTCTGCACACCAAGGCCTGCAAGAATCTTGGCAGAATTGGCTGGTGCGTTGTATTCTTGCAGAATTTAAAGCATCAGAGACAAGGTCTCCAGCAGCACGAATGGTATCTAGTAATGTTGGATCACCCACTTTTAAACTAAATTCTGAAGTGGATCCAGGTTGTTTTGTAATCCCATTTAAAGACATAGTTTCTTCTTCATAGGCATCTTGTCTTGAGCGGCAGCTCATACTAATTCCAGGGCAGCACATAATTTACTCCATAAATAACAATGTGGTTTACTAAGAACCCTTATACTGTTGATGGTTCTTATTCTTTTGCTAAATGGCTTTATGCACTTTTGACGTTTTGTGGAGAGGGTTTATAAGAGTTGTTACTCTTGTGTAAAATAGACAGATGACATTGTTAATCTTGGAGAAAATGTGAAACAACTAATGTGTGAATTATCCTCATTTTATGTGCTAAAAAGCATTTAGGGGGCAGATGTTGTTCAAAAAAATATTTTAAGTCTATAAAAAATTTTTGAATGTAGGGGCTGCCTGTAGGATAAAAAGTCGCTTTATACGGTTTTACAGTCTATTTTCATGTTCTGTCCAACATCGTGTTCTCGCAGAAAGTCGTACCCTTAAATTACCGGCATGTTGAACCCAGATGCTTTGTTATGCTTCATCCTGACGATGAAGTTTAGTCACACCTTCTTCATTTACAGAATCTAAGCCAAACTCTGCATAACAAGGAAGACTACAGTAGCCCGATCAGGTCGTGTAACCTTTGTGTATTTTCGTGATCTGGAGGAGATGTCGAGCGTTTCCCAATAAAGATAGAATGTGTTCGCTAGTCGCTTCCAAGGAATATTGGAGTGATCTCTATGGGACTCTGTTCTGAATTTTTTTACAAATACTTCGTGGATTTGAACAAGTGCAAAGGGAAAACACGGAATTTGCCGAAGGAATTTAGTGATAATCATGAAAGTGGAAAAATCGTTGAAATAGGAGTGTAGGACGAATTTTTTTCGTCTGATAAAATCTTTCTTGTTGATTTTATTTCAAAAAATTCTTATGACTTTTTCACTTATACAACCAAGATGTGATAAAAGTGATAAGTCTGCTGAAATATCTTCCTAAGGTGTCCATACTTATAGTAGCTACCTTAGGTACATTGACTACAGCTGAGGCGGCAAAGAAAAAACATGTGCCAATGACAATGGTTTATTCTTTTGACGAGGTTTTTACACATTTAGAAAAAAACAAAGAGGATACTTTATTTTGTATTAACGTAGATAGTGTAATTCAGCATAAGTACATAGGTTCTCCGGGCTGGTATCAAAATAGGTTGTCAAGGCTTTCTAAGCGTTTTGGAGATTTTTTTAAGGCAAAAAAACGGGTGGCTGAAGAACAGGTGCTCATAGATACATTAGTAAGCAAAGAATGTTTAGAGTTAAATGTGGCAGATCGATTTTCTCAGATACTTTCTGAATGTTCATGTTCTTTACTAGGAGTTTCTTCATTAGGAATCGAATCTGTTTCTTCAACATTAAAGAGTCTAAAAGAATGCGGTATAGAATTGTATTCGCGAGCATTTCCTACAGAAGACTTTTTTTTGGAAACCACACAGAAGTGTAGTGCATCTGCATTAGTACAAGACGGTGTTTTATTTTGTAGTACTTTAGGGTTTTCAGAAGCTATGAAGCTGTTGTTTATCTATGAAAATAAAATGCCAAAGAACATAGTATTTTTAACTGATAATCCTGAAGAAATCAAAACTTTAGGACGAGAATGTATAGATTTGGGGATCAAATTTTTTGGCTTAGTGTATTATCCTGCTGCAGAAAGCATATTTTCCTATGTTTACCCTTATTCAGCAGCGGTTGAGATTCAAGAAGAACATGCGTTGAAAGTTATCTCCGATGCTACAGCGCAATTATCGCTAGATTCTCTTAATCAAAAGAGTTAACATTATTTACTTGAAACAAGCCTTATAGTATCCTCTCTGTCCCCCTGAGAGGGTGCTTAGGGCCCTTTTTCAGTTTTACTCACATAGTGAATCCTTAGGTTGCTTTATATAAAAAAATATTTCCATCCTAAAGGGATGCTCCGTACAATAAAATAATTTTTTGTCTTTGAGAGCATTGCTATGAAGGTAATATTTTTTATCTCAATTTTCTTTTCAGTATTTTCCTTAGAAGCAAGTATTATCAAAGTGTCTGATATACAAGCTGTGAATAAATACGCAAGAAAAGGTTCGTTAGTTTTATTAGGCTTGGACGAAACTCTTGTCTTCCCTAAACAAATGCTTGGAACCAACTCTTGGTTTAACGAACGTCTAGAAAATCTAAAAAAAGAAGAGTCTGATTATGATCCTATGGCAAAGGCGTTTGGCGAAAGAATTGCTGTGTCATTTGCTGTAGAGTATGAGCTTATTCATCCCGAAGTTCCTAAAGCTATAGAAACTTTAGCTTTATCTGAAGCTTGGGTAATGGGAGTGTCTCAATTTCCTCTCCCCATGGCGAATCATTTCCTTCGTTCTGCCGAAGCTTTAGGTGTCGTGTTTTCTTCATGCTTACCAGCCCGTAGTGATGGGTGGATGCAACATCGAAAAACACTGGGTAGACCTCAACATATGATGTTTATAGAAGAGCAAGTACTCTTTACTGGAGGGCTTGTTAACGGCATCACCATGGAAGAAGTTCTTTCCACTTTATTTTCAACTTTAGAAACCTTGCCACAACAAGTGATCTATGTGGATCAGAACAAGGAGAACCTGATTTCTGCAGAAGCAGCATGTAAACAAGCAAATGTGTATTTTATAGGGATGCTCTATAATCCTGCGGTAAAACGGGTCAAGAGCTATAAATCTGACATTGCTAACCTGCAGTGGTTGCAATTATGTAATCAACTCTCCGATAGGTATTTTCAGTCTTTGCTGACCTATGTCATTGGTCCAGAGGGGCAAGGATAGTATTTTAAAAAAGTTAGGGAAAAGCCCTTAGGATAAAACCATGGGCTGATTCCCTAAACTTGAATTCTTCAGAAAGAAATACATAACGGAAGAGAAGGGATTCGAACCCCCGGTTCCTTTAAGAGAACTTCTGATTTCGAATCAGATGCATTCGACCACTCTGCCACTCTTCCTTGAGAGCACTAGTGTAGGTATTCCTCGCTAGGAAATCAAGCCCAACCATAATTTTCTTCTATTCTTAAAACGCTAAAAACACGCGAGTGTGCCTTGCGATCTCTTGTCATGGTGTTGGAGACGTCCTACAGTCATCTCAAGAGCGACTGTATTGAAAATCAATAAGATGGGAATCTTTATTATTATTTGCTTAAATTGAAATGAAATTAATTAGAATTATGGCTTTATGTATAAGTAATTTAATAAAAATTGAATGATAAAATCATATTAAAAGTACGTTTTTTGATCTAAAATGGAGTATAGATTTTTGGTTTTTTTATTTTATCATGTCGCAGCCGCTATATACGAACAGACTTATTACTGAAAAATCACCGTATTTGCTTCTTTATGCTCATACGCCGGTAAATTGGTATCCTTGGTGTAGCGAGGCTTTTGACCTGGCTGTGAAAGAGGATAAGCCCATTTTTCTTTCTATTGGTTGTGCACATTCTCGATGGTGTCAGGTTATGCTTCAGGAAAGCTTCGAAAATCCTGAAATTGCCGCAATACTCAACGAGAATTTTATTAATATTAAGGTAGATAAAGAAGAATTGCCTCATGTGGCGAATCTTTATTTTGATCTCGCACAAATGCTTT
CP103952.1_gap22	973417	974627	1210	CTAAACCCTGATGTATCAGGGAAAACATTTTTTCATATACAACTAAAATAGCATCAAGAGAGTCGAGAGTGCTTAAATGATCTTGTAACGAACTCAGCTCTTGAATTAGGGTATCTACATCATTACAAGGCATCGCTCTCTCTACAGTTAGTGTACGAAAGACTCTTCTTCTGAAAGAAAATCTTCATTTCGTTTTTGAGACAACTCACGTACACGCTCTTCCGCTTTACGGATCCGTGATTCACATATACGCATTAGGGCATCTGCTTCTTCATAAAATTTTAAAGAAGCATCTAAAGATGTCGAAGGTTGATTCATGAGATCTACGATCTCTTCTAACCTTTCCATAGCCTTTTCAAAGGGAATTTCTTCCATAGTTTAAAACTCTTGAGTTTCAAAGTTCTGAACATCCGTCACAGTAAGAGTGGCTTCTCCATCCTGTAGTCTTACCCTTACACAACTATGTTTATGTAAACTTTTGGCCGAAATGATAGCCGAATTTTCATTAAAGTCAAAGAGCATAGCATACCCGCGTTTTAAAACATTTTTAGGATTTAATGAAATTAACTGTTTGGAAACAGTGTGGTATTTTGCTCGATGTCTTTCCACAAGATGGTTTAGGGAAAGGAAGAGATTTTCTTTAGCGTATAAAAAATGCTCCCTACGTTCGCATACTGTATAAACGAAAGCTTTATTTAACCGTCTTTTTAAGAGGTTAAGGGCAGATGTTTCTTTTATAAATAATTGATTAATTTTGGTTGTAAAATGTTTTAATAACGTTTGCTTGTGAGCTAAAGATTGCTGAAAATATCCTAAACGCTGAGATAAAGCTCTGTGAATTTGATCTCTACAAGGATCGAATCTCTGCCTATACTGCTGCGTGTTGTGAATAACAAGATTTTTTTTAATATGCACACAGTGGTGTTTTAAAGCCAGCAAACGATTTTGGAAAGCGAGATTGATCATTTTCCAAAGATCTTGGAGACGGTACGTCATACGTTGTAAAATATCACTTTGCAACCAGCGCGTATATTGCATATAGCGTTGCTTGCTTTGTGAAAGTTTTGTTTGTATTGACCGTTCTATAGAGACACGAAGATAGTCTAAAGATTGATGGGGAGGACGGAAAAAATCTACGTGATCTAAGTACCGCTTCCATTGCTGAATTTGCTTTGCTTTCCCTGCAAGCAGTTGCTGTGCATGAGCATTC
CP103952.1_gap23	977309	980598	3289	CTATGGTAGCTCATAAGGGGGTAGGTTTAGCAGCTCCTCAAGTAGGGGAAAGCGTAAGACTTTTTGTTATGTGTGTTGAGGGAGAAACAGAAGATGGGGATCTGATTTTTTGTGACTTCCCCAAGGTGTATATTAATCCTGTACTTTCTGATGTTTCTGAGGATCTTGTTTTAGGTAGGGAAGGATGTTTATCGATTCCTGGGTTGCGAGCTGATGTTTACCGCCCGCGTAGCATTACCGTAAAAGCAATCAACCTCGACGGTCAAGAATTCACGGAACATTTAGAAGGGTTTCCTGCGCGTATTATCATGCATGAAAATGACCATCTCAATGGAGTTTTATACATTGATAAGATGGAAGAGCCTAAGGATTATAAGAAGTTCAAGTCTACCTTAGAGAAAATTCGCCGTCGTTATAATAATCATTTAACAGATAAAGCTTCTTAGTCGTATTGTATTGTCTAAAGCTTGCTTGTCTTATTGATTTCTTCAAGTTCAAAAGAAGCCTTAACCATTTGAGTAAAAGATTACTGATTACTTGGATGTTTTGGCTTATCGAGTTTGAGGTAAAAGAAGAAGCGGTTATCCGCTTCTCTTTTCTCGTATACCGAGTATAGCTGCCAGTGCTCAAAGATTTTGGTTCCTAAAACCATTTGATATTCGAGATAGTTAGGTGCCTCGGTTCTATGCCAGCCATATCGTAGCGTCAGATGATAATTCCAACAGGGATGCGGACGAACAAAGACCTTCCCTAAAATGAGATTCCGACGATCTGATAAAGGAGAATTAAAAAGTTCTTCAGGAGAGCGACTCACATCTAGAATATAGTTTTCCTTATCACATTTAAGAAGGCTGTACTTGCTTCTATGCAGGAATTCTAAAGTTAAACCGATATTATCACTTCCTACCCATTGCCAAAGCAGATTCATATGATCCCAGCAATGTTTTTTCCATATCCATTCAGCATCTAGAGATAGGGTATTCTTACGATCTAAAGGTAAGGAAATCACGCATGCTGTTTTGGGAAATGTCGATCTTGCAAATGTATTTTTAAAAATTTGTGTTGTCCAAATTTTGGCGGAAGCGCGTGGAGCACTAGGAGAAACACGATTTAATATAAAGGATTCAATACCTATCTTACATAAATGTAGAGAAGAGAAAGCATCATTGATAGAAAAGATATAGTGCTCGTGGTTCTTTGCTAATGGATGTGTTGCCGATGTAAATGAAATAAAAGGCTCTACAATATGCTTGGTGTGTAGGTAATTCTTATATGCTGAAAAACGATAATCTAAATTTATTTGCGCAGAAGCTTGGCAATGACGTTGGGAGGTGTTGGGGACGTTGCCGTAATAAATCGCTGATGCTGATACCGTGGGGGTTAGTGTCCCTATAAGTAGGGGAATCGCACGGTATACTTTAGGAGAGGCCGCAGCTCTCAGTGAAGAAAAATTGGAGCCAGCAATGTTATTGCTAAAAGCAAAGTTTAAATAGCCACATTCAAACAGATTCTCAATGAAAATCCCTGTATTTTTAATATTCACAGGGTGTTGCTTCAAAGAAAGATAGGGAAGTTCTTGATTCACATTCTGGAACGGATTTACCTTCACAGAAGAAGAGAGTTGGCCGTCTAATAGCGCATCATGCCAGGTAAGGCGCACTTGTGTAGGACCAGTATTTTTTAAAGAGAAATTATTTGGAAAAATGTCAGCAACCGTTTCCCAGCTGTCGCTTAAATGATACTCCCCGGATAACTTGGTCTGTTTATGTGCTAGAGAAAAATTTCCATGGAAGCGGTAGCGATCTCGAGGTTCTGCCATATCAATCGCTAAGCGGTGGGCATAGTAACTTTTCATATTAAAGACATTTTCAGGTTTCTCTTTTTGTGAAAAGTGCATGTTATAGCCAACACCTATGCCATGCTTGAAAAAGCTATCTAAAAAAAATGTAGATAGAAAATGCTTTTTAGAAATAGGTGAGTAGCTCACCCCTAAATAAGAACCTAAAAATCCTCCCGTACCTCCGCGGAAATTAATCGGAGGTTTCGGAATTTCCATGGGCATAATAGAAAATTTCGGGAGGAATAATAAAGGAACATTACAAATACTGAATGTGGTTTTCCCTATAGAAAGTACACTGTCTGAAGAGTATTCTAAGTAGTCTCCCGAAAGACAAATATGTTTTTTAGGACCTTCCGATGTGGAGATGTATCCTTTGTGGATAATTAAAGTTTCTGGAGTCAACGTCATCATAGACCCGCCCAAAAACCAAGGATACATTGCAAATCTCCCATTGGTCAAAAGACATGAATCCGTATCTTCGTAGTATTCCAAGTAGTCGCAAACTAATGTCTTTCCTCGGTAATTGACCATGACATTTCCATGAGCAATTAATTTCATGCCACGTTCGGGAACATTGTCTACGTAGGCACGATTTGCCTGTATGCGCAGATTATTATGAATATTGAGGACGCCATCTTCGATATCTAAAGTTCCAGATAGCCCTTTAAAATGGCTCAGATAGGATACTTTTTTCTTTGCAGCTTCTTTATGAGTTAACGCCTCTGAAGAAAATGAACACGACAGTAGTGCTGATAGAAGGAAATAGGGGAAACAACGTTTCATATGTCTTCACTATTCTATCATTTTCATCAATAACCCAGCTAAGATATGACAATTTTTTGCTTTTGTTTGTGTCATTAGCTGAATAAGTAAACGAATATCCTCATGTGTCTTGGATACCACAAGAGTTTCAAGAATATCTAACATGAGTTTTGCACGTATTTCTGGAGTAATTTGATAACGAAGATAAGGAGAATCAGGGTGGGGTTGCTTATCTTCTGTATCAATAAACAATAACGTTTCTTGGATGAGCTCCTGAGCATAACGATGTAGGGATAATTTTTTCTCAGGGTCTTTAGTCAAGTTGTATAATGCTAAATCGGCATAAGCACGGATTACAGGCTCTCCAGGAAGTTGGGATGCTCGTGAAAGGATATCTAAAGCTTGTTGATGAGAAGAATGTGCTAAAAAAGAGATGGCTTTAGAAGCCAGCGCTGTTTTCTGACTTAAGAGTATTTTCTCTATATAAGGAAGATACGCCTCTTTAGGTAGTTGTAAAAGAGAAACAAGGATCTGCTCTTCAGCATGTTGAATAGCAGATAAGGCTTTAGCACGTTCTGTAGGATTTTGAGGGAGGATTACTGCTTGGCATTTCCACCCTTGTGTCGCACGACCTTTGGAAAATGTAGGCACTAATGCTCGGGTATATTGTCGCTGAACTAACCATTC
CP103952.1_gap24	981728	986297	4569	ATTATGAATAATCAAGCCACCACCTTCTTGAATACTGTAGCCTCCACATTTATCTAGGGTAGAAAATGCTTTGACATACCTTCCCAAGTACGCTTCGGGTAGTTGGGTAAATGTTACCCATGTGGTCTCTTCTCCAGTGACTAATTTCTTATCTTGCAGAAGCGCTATACTGGTAATTACGGAATGGGTTTGACCACTTAATGTTTTTAACATTTCAATAGCCTCATCATAAGAACCCGGCTTATTGAAAATTTTCCCTTCATACACCACAACGGTATCCGCAGTAAGAATAAGACCTTCAGGATGATGATCCTTCACTATAGACTCGGCTTTACCTACAGCCAATTCGCGAGAATACGCTATAGGATCACCATGATAAGGAACCAAATGTTCTTCAAAATTTGAGGAGATACAGGTAAAAGGAATACGAAAGTATTCTAGTATCGATTTTCTTCGTGGAGAAGAAGAACCCAGGATGAGCTTTGGTTCCATACGCCCTCAATAAAATATATCCTAGACTTACATTCCTTAGGCTATAGCTTTCTACTGCTTGTGTAGTCCGCCATTGTCCCGTCAAAGAAAGTAATCTTACCTTTTTCAAAAATCAATAATTTCGTTGCGCATTCTTCGATGAGGGTTCTGTCATGAGAAACAAATATGGATGTCCCTTTGTAATCATTGATAGCCCAAGCGAGTGCAGAAACAGACTCTAAATCTAAATGGTTATTGGCTTCGTCAAGAATAAGTGTGTTGTGGTTTTCCAACATCATCCCAGCCATAAGCAAACGAGCTGTTTCTCCTCCGGATAGAGCCTTGATCTTCTTGAAAGCGTCATCGCCACCAAATAACATCTTCCCTAAAACGCTACGGATCTCTTGATCGTTAATTCCCGTTTTACGATTACGTAACCATTCGAATAGCGTTTCATCTCCACAATCTTTTAAGACGTCAGAGTGATTTTGAGGAAAATAGGAATAAGCAACTTGATGACCAGTTTTTATAGATCCTTGAGTAGGGGACTCTACACCAGCTAACAGTTTCATTAATGTCGTTTTCCCAAGGCCGTTGTTCCCAATAATTCCTAACTTATCTCCTTGATATATCTCTAAAGAGAAAGGTTGGAATAGGTGAGCTTCGTCATTATAACTTTTGGTAATACCTTCTAGAGAAAAGACAATCTTACCAGAAGCTTTTTCTGATAAAGGGAAACGTATGTAAGGACGCTGAATATTTGATTTCTTTAATTCTTGAGGCTGGAGCTTTTTAATTTCTCGTAAGCGTGATTGTACTTGACTTGCTCGAGAGCCCGCTCCAAATTTAGCCACAAATTCTTTAAGCTGGGCTATTTTCTTTTCTTTGGATTTGATATCTGCTTTCTCTTGATCTCGAGAAGCTGTTTTCATTTCTACCATAGCATCGTAATTTCCAGGATAGATAATGACAGTGTCATAATCAATATCAGCAATATGGGTAGTGATGGTATTTAAAAAGTGCCTGTCATGGCTAACAACAATCACAGTCCCATCATAATCCTTTAAGAAATTCCCTAGCCAGTTGATAGAGTGAATATCCAGGTGGTTGGTAGGCTCGTCAAGAAGAAGAGCTTCAGGATGACCAAACAAAGACTGACATAAAAGCACACGAAACTGTAGGTCTATAGGAATCGTGGACATTTTATTGTTAAATAATGCTTCTGGAATTCCAATTCCTGTAAGTAGTTCTTCAGCCTCAGATTCCGCTCGGTAACCATTTTCTTCGCCAATGATTTCTTCCATTTCACCGAGTTTAATGCCAATAGCATCAGTGAACTCTTCAAGATACAAAGCATCTCTTTTTTGCAAAGCATCCCACAACCGTGCGTTACCCATGATTACGCAGTCTAAAACGGAAACATCACCAAAGCTATCTATATTTTGGCGTAGAATACCTACTTTCTTAGGTAAAGAAATAGAGCCACGAGTAGGTTCTACACAGCCTGTGATAATTTTTAGTAAGGTAGACTTTCCTGCACCATTGGGTCCTGTTAGTCCATAGCGATTGCCAGGGTTAAAGACGACAGACACGTCGTCGAACAGTACACGTGTGCCTAAGGTTTTGCCAATTTTGTCAAGTACAATGCTCATAGCGCATAGCATAACAAAGAGGAGCTTAGAGCACAAGAGGTTTGCCTAAGGTTTAGCTATGGGGGTGGGACTCATCATGTGTTTGCTTTTTAAGCTTCATAGATACATGAGTATAAATAGTTGTGGTTTCTAAAGAACTATGACCGAGCAGAGCTTGAATGGTTTTTAAATCCATGCCGTTCTCTAGCCAATGCGTAGCAATTGTATGGCGGATGGTATGGGGGGTAATATTCCCTGATAAACCCGACTGGCGAAGATATTTTTGAAATTTTCTATCAATAGAGCGAGTCGTTAATCTTTTCCCAAAACGATTTAAAAAAATTGCTTGTGAATCTTTTTCAATGCCTGTTCTCGCAGGATGAGTGAGGTATTGTTGTAGCCATTGTGCTGCATGAGGAGTCATAGGAACAAGACGTTCTTTTTTTCCTTTCCCTCGGATGCGAATGAGATGGGAGGTGAAGTCAATATCCCAGTGGTTTATAGCAACAATTTCGCTGATACGTAATCCTGAGCTATAGAATAATTCTAATAAGCAACGATCACGAAATCCTGTATATTTCGATAGATCCGGAGTTGCCATGAGTATTTCTACTTGCTCATAAGTGATAGGTGAAGGCAGTTCTTTAGGTAATCTAGGTCCTTGAATTGTTTCGGTAGGATCTTCAGGAAGAATACGATGTTTCACACAATACTGTGAGAAGCTTTTAATTGCTGAAAGTCGACGTTTGATTGTGCGTTTTGCTTTGTTTTCTTGCATGAGTTTTAAAATGTAGAGACGCACAGCATCTTTTGTTAGTAGAGAAAAAGGAAGCTCAGCTTCCTGTCTTTCTTTTGTGACTAAACAGATGGGAGGGGATGGGGTGAGCTCACCATGTTTTTCTAAAAAGTTTTTAAAATCATTTAAATCGATACAATAATTTCTTAACGTATGAGGGGAAGCAGTTTTTATATTTTTTAGATAATCAAGAAAAGCATAAAAAGCTGAGACCATAATGTTCCTAAACACTTTTTCTGCAGTATCCTTTATATAGGGATTTATTTAGAAGAAGGGTTTTTAGGGAAGGGATAACTACGGAATTCTTCAGCTGCAGTAACATTAGGGAAAATTTTCCCCGCTTCTATTTCAAACTCTTTAGAATTTAAGTAGCGTGCAGAAAAGTGTGTAAGCACGAGCTGTTGTGCTCCAGCAGCTAAGGCTTGGGTAGCTGCTTGCTTGGCTGTCATGTGGTAGTGACTTTCTGCTAAATGGCGATGCTCTTCAAGATAAGTACTTTCACACAACATAATTCTTGCATTTTTAGCTAAGTCTACAATGGATGGGCAGGGAAGCGTATCTGCGATAACAGCAATGCTATCACCCTTTCTAATATAGCTTAGGTCTTTGAGATATAGGGTTTTCCCGTTTACTGTGACTTGTTCATTACGAAGAAGATCTTGCATAATAGGACCACGTAATCCCGCAGCCTTGATCTTTTCTGGAATGAATTTTACCGTGTCGGGTTCGGTGATTCGCCATCCTAAAGTATCAACAAGATGATTGAGTTTACGCGCTTCGATACGGAAATTTCCAAAATCCTCAACAATCCCTTCTTTATCTATAGGATGTTCAATAACATTGATAGTCTCGTGATAAATCGTGCCGTAGCGTAATCTATCGAAATACTTTTTCCCCGAAGCTGGATAATAACAATGTATGGGATGGGTAACCTTATCCAAGTTTAATCTCATCAGCATAGAGCCTAAACCTAGACAATGATCACCATGAAAATGACTAATAAAGATCCTAGAGACAACAGTAGGAGCAATATTAGCAAAAATGAATTGTCTTTGTGTTCCTTCGCCGGGATCAAAAAGCAAACCTTCGTTATTCCATCGAAATAAGTAGGCTCCTTGATTGCGAGTTCGCGTCGGTTGTTGACTGGAACAACCTAAAATAACTAATTCTCTACAGCTCATAAATTTAGGAGAAAGTGTTCGGGAAAAGGAATAGAATAAACCAATCTAGTAAAAATACTCTACTAGAACTTGCCAGAGAGTGTGGTGAATTTTTATTTTTAATTTAATCTATACAATGCATGTAATTTTCATATTTTTTAGGGAACACAGGTTTAGGTAGTACAATAGGCTGTTGAGTGTTGTGATCACTGGAACTGTCATCCGAATCAAGAGAAGATGAATTAGAAGATGGAGATGAAGAGTTTCTAGGACGAATCAGATTTAAGACTGAGGATGTTCTTCTGCGAGGTTTTTGTACTTCATCAGATGAACTTGCCTCTACTTGCTTTCTTCGGGGAAGGGTTCTCAAACTTCTTCTTTGTCTTCTTTGTAGTTTTGCTTCTTGTTCTTTCGCGTATTTTTTCTCATCTTCTTTGATGGTTTCATGAAGTAAGCGATTGTATCGTACATCTAATTTAGAGAGGTCTAAATCTCTAGGCCGTATATGAGC
CP103952.1_gap25	1148932	1149432	500	TGCCTTTTCTTATAGCTATGTTTGATTTATTGAAATCCTCGTTCCTTCTTCGTGGTGCCTCTTTCATTCCAGGATGGATTGATAATTTAACAGCTCCAGATGTTTTATTCTCTTGGACTACACCAGTTTGGTTTATTGGTAACGAATTTCATCTTCTTCCTATCCTGTTAGGGATTGTCATGTTCGTCCAGCAAAAGCTTTCAGCTTTGAAGAAAAAAGGACCTGTTACAGATCAACAAAGGCAACAGGAAGCCATGGGGACGATGATGGCTCTTTTGTTTACCTTCATGTTTTACAATTTCCCTTCAGGTTTAAATATTTATTGGTTTTCTTCTATGCTTCTTGGATTGATCCAGCAGTGGGTTACTAATAAGATTTTAGACAGACAGCATCTTAAAAATGAAATCACTGTTAATAAGAAAAAGCAAAGGTAACAACTGAAAAAAAAGCTTTTTTATATTAAAAAAGATATAAGAAAACTATTTAGATGAGATAGTTTT
