gap_id	start	end	length	sequence
CP110623.1_gap1	38523	39059	536	CTCTTTCTTTTGTGTTGCTTCAGGAAATATCTTCCGCGAGCAGAATGGCTTTGTTGTCGCTGATTTCAAAAAAACCGTCGGCTATGGTGAATGTCTTTTCACCACTGCCGGGAAGCTCGAGCTTTACCTTACCGCCTTTTAGTGCGGCAACGAGCGGAGCATGGTTTTTGAGAACCTGAAACAAGCCGTCCTGCCCGGGAGCCAGAACACTGGTCACTTCCCCTGCAAAAAACTGTTTTTGAGGAGTAACGATCTCTATTGCAAAGGCTTTATCGGAACCTGCCATGATAATCAGATAAAGTTACAGGGTTTTGGCTTTCTCGATAGCCTCTTCGATAGTGCCGACGAGGTAGAATGCATTTTCAGGCAGATCATCGTGACGTCCGTCGATGATTTCATTGAAGCCTTTGATGGTATCCTCGAGTTTAACATACTTGCCTTCGAGTCCGGTGAAGGCTTCGGCAACGAAGAACGGCTGTGAAAGGAATTTCTGAATTTTTCTTGCGCGGGCCACGGTCAGTTTATCTTCATCGCTC
CP110623.1_gap2	73453	74509	1056	AGCTTGCGGACAAAGCAGCCTATGAATTGCTGGATGCGCGTAATTACATCAATGCGGTTATAGGAGGTCGCTCGTGAATCCCTTTCTTTTCAATATCCTTCTGGCGATAGCCTGGATGTTGCTTGTCGGTGACTTCACTGCCGGAACGTTTGTGCTTGGCATGGTTGTTGGCTATCTGATTCTATGGTTTTCGCGTTCGGCGTGGAGAGAAACAAAGTATTTTTCGAAAATACCGCTGGTAATCAAGTTTGTTCTGTACTTTCTGAAGGAATTACTCATCGCGAATCTCAGGGTGGCGTTCGATATCATTACACCGAAGGATTACATGGAGCCCGGAGTGATTGCTTTTCCGCTCGATGTCAAGACAGATGTCGAGATCACACTCTTCGCGAATCTCGTTACCCTGACCCCTGGAACGCTGAGTCTCGATGTATCTCCCGATAGAAAGACGCTCTACGTGCATGCGCTGTATGTCAAAGATGCCGTTCGGTTTTGCGATGAACTTAAAGAAGGTCTTGAAAAACGATTGATCGAGGTGATGCGATGACGTTTATAGAATGGTCCGTAGATATTTCGGTGATCATCATCGGTCTTTCGATTCTGGTGATTTTTCTGCGCCTGGTTATCGGTCCGAGCATCGAAGACCGGATTGTTTCGCTGGACCTTTTGTCGGCTAACGCGATAGCTTTCATTGCGGTCTACTCTATTCAAAAGAAGACGACAACATTCCTCGATGTGGGTATCATCGTGGCATTGCTGGCGTTTCTCGGTACGGTGGCTTTTGCATACTATCTTGGAAGGAGGGGAAGAGAATGATAGAAATTCTAAGCGGTGTTTTTTTGCTTGTGGGAACCCTTTTTATTCTTGTTTCGGCAATCGGTATCCTGAAAATGCCCGATCTCTATACCCGTATGTCGGCAACGACCAAAGCTTCAACGCTGGGTATAGGGCTGGTACTTATCGGGACGACCGTTTACTGGCAGGATATTGGTATTGCTTTCCGAGCTGTAGCAATCATTATTTTCTTGTTTCTTACAGCACCAGTAGCTGCTCACA
CP110623.1_gap3	171700	174958	3258	CCTGCTTCCTGAGGGGTGCGGTTACCTTTTTTTGTGTTGCAGGGACTACATGCGGTAATAAGGTTTTCCCAGGTATCTTCGCCTCCCTTCGATCGGGGGACCATGTGATCGATCGTAAGAGGTTTGTCGGTTCGACCGCAGTACTGACATTGAAAATTGTCTCTTCTGAAAATATTCTTTCTGTTCAGCATGATTTTTTTATACGGTAACCGGACATAAACGGTTAACCGTACGATGCTCGGCAGGGGAAATGATCGGGATACGGTACAGACAAACTCTTCCGGATGATGGGCGACAGTGACAGCTTTTCCGCAGAACAGCAGCACAATCGCTTTTTGTGCATCACAGATGCTCAGAGGTTCGTAGCTACTGTTCAGGACAAGTACTTTTGTTCTGCGTAAGTGCATGGCTCGGTTGTTTGTAAAGTATACGCCCATATTCCGAAATTGTCAATACTCCGAAGTCACATTTAGGTTAAAAGAGGGGAGATTGGTAAAAGGGTAACGGGTAATAGGGACAATGGAATAATTCTTGTAGGGGCAGACCTGTGTGTCTGGCCGAGCGGCGTTTGGATTTCGATACCGACAGGGGTCGGTATCGAATACGTTTTAATGAGTGCTTGATATCCCTACAAGTCGGGATTGAGGCTTGATAACCGTATAGCTCTGTAGGGGCGAAAAATTTTTCGCCCCTATCGGTGTCCGTGATTATGAAAACCGGAGATTATGCTGTCATTCTGCCTTGCTCAACAGCCGAAACAGCAAACGTTAAGTTTTCTCGATGCCTGGGCTTCGTCAAGTCTTTTTACCGGGGTTTTGACAGGAGCGTCAAGGACGAGATCAGGGTCATTTTCTGCTTCGTCGGCGATTGCCAAGAGGGCGTCGGCAAAAGCATCGAGCGTTTCGCGCGTTTCGGTTTCCGTAGGTTCGACCATGAGCGCTTCGCTCACGATGAGGGGAAAGTAGATTGTCGGGGCATGAAAACCATAATCGAGAAGCCGTTTGGCAATATCGAGGGTTCTGACATTATGTTGTTTTTTCTGTCTGTCGCCTGAAAGACAGAATTCATGCATTACCGGTTTCGGGTAGGGAAGTTCGAACTTTTCAAGCACCCGGGAAAGAAGGTAGTTTGCGTTGATAATAGCATTTTCGGAAACCCGGCGCACGCCATTCGCTCCAAGCATTCTGATGTAGGTATAGGCGCGAACAAGAACTGCAAAATTGCCATAGAAGTTCATCATGCGCCCGATGCTGTCAGGCTTGTCTGGATTCATGGTATAAACGGTGATTCCATTCTTTTCTGTTTTTTCTATAGCCGGTACAGGCAGGAACGGAACAAGTTTATCGCAAACACCGACCGGTCCGCTTCCCGGGCCACCGCCACCGTGAGGTGCTGAAAACGTTTTATGCAGATTATAATGAACAATATCAAAGCCCATATCCCCAGGCCTGGTGATGCCCATCAGCGCGTTCATATTGGCGCCGTCCATATACAAAAGACTGCCGTTTTCATGGACCAGCTTTTCAATGGCGAGGATATCGTTTTCAAAAAGTCCGAGGGTGTTTGGATTGGTGAGCATGAGTGCCGCGACGTCCGGTGTGAGTTTTGTTTTCAAGTCTTCAATGTCCGTTCGGCCTTCGGCGTTGCTGTTAACTGAAACGATTTCGTAATTCGCGGTTGCTGCCGATGCAGGATTTGTCCCGTGTGCGGAGTCGACAACCAGCAGTTTACTTCGCCGGGATCCCAGCGATTCATGGTATTTTTTAATCAGAAAAATGCCGGTTAATTCACCATGCGCTCCTGCAGCCGGCTGGAGGGTAACCGCTGCCATACCTGCTATTTCCCGCAGCATCTCACTCAGTTCGTACATGAGCCTGAGAGAGCCCTGCGCGGTGTGTTCTGGCTGTAAAGGGTGCATTGATGTGAACCCTTGAAGGTCTGAGGTGCTGTCATTGATTTTCGGGTTGTATTTCATCGTACAACTGCCGAGCGGGTACATGTTTTTATCAACATGGTAATTGAGGTTCGACAAGCGTATGAAATGACGAACAACTTCACTTTCGGGAAGTTCCGGAAGATCTGCAGGTTCCGATCGCAGAAAGCGTTCGGGAATCAACTCTTGAACAGGTTTTGACGGTAGATCGGGAGTACCGAAACAAACGCCCCGGCGTCCTTTTCGGGAAAGATCGAAAATGAGTTTTTCTTTCATTGCACTGATACAAGTTGAAAAGAGTGGTGGTACAGGAACTCTTTGTAAACCCTGAGCAACATTGAACGCTTGACGCGCCAGCCAGGGTAACATATAGATGACATGCAATATATGCTTAAACTGTACAGAAAAAAAGCCGGGAAGGGTACACCGACAAAGGTTTTCAGCCGGTGCCTGTTTCGAGCGTCGTCAAGGCTTCTTTTGCTGCAGACTGCTCGGCATCCTTTTTTCTTCCGGCGGTTCCTCTACCCAAAGGTTTGCCGTCACAAGATACCTCGATGGTAAACAGCTTTTCATGTTCGGCACCTTCTTCCGAAACAACTGCATAGACCGGCGGCGCAAGCTGCCGTGACTGGGTATATTCGATCAGGCGGCTTTTGTAGTTGTGTTCGACGGCATCGAGTTTTTTCAGATCAACATGGCTGATGACATGTCTCTGGATAAAATTTTTCGTTTCAGCAAGGCCCATGTCAAGATAAATTGCACCGATGAGTGCCTCGAAGGCATCTGCTAACGTTGATTCGCTCGAGCATATTTTACTTTTATCGGCGGATTCTCCGATAAGCAGGTGCTCGGAAAGAGATATTTTCCTGGCAAAACCGGCAAGCGATTTTCGATTGACGATTTTTGCCCGATTGCTCGACAGTTTTCCTTCATCGCTGTCGGGAAAGCAGGTATACAGGTGTTCGGAAATGATGAGATCGAGGACGGCATCGCCAAGAAACTCGAGGCGTTGATTGGAATCGGCAGGCTCGGCCTGGTCATGAACTATCGATCTGTGGGTAAGTGCGGTGACATATACTTTGGAATTGGAAGGGGGATATCCCAAAAGCTTCTTGAACCAGGCTATGGTGGTGTCCTGAATCGTTAGAGAACCGTTTTCAGTATTGCTTTTGGTACAGGATTTATCATCACCTTGAGAGCGATGAAAAGCGAATGAACCGAGTTTTTGCCAGAACTTCTCCATAAGCAGGAGATGATTTACAGAGACCTAAATTTTTCTGAAAATCAGTGTTGCGTTGTGGCCTCCAAAACCAAAGCCATTGTTA
CP110623.1_gap4	212249	214502	2253	TCATTTCTCGTCGGCGGAGAAGAGGGTTTTCATTATTATCCTCGCCACTCGACACAAGCTGTATGGCTCGATGAGGTTTCTGTGGCAGCAACCAAACTGCAGATCGAACGTGAAAATGTCCAGGAAGAACTTTCCCGATGGATACGGTGGTCGGATGCAGATGCCAGCAAGTATCGCAATGGTCTTACCCCGGAAGCAATGGATATCACAGGGCTTGCCGGATGGTATGTAAGAAATTTCTACGGTTCGAGGGATGTGTTGGGTAAGGACTTTCGGTCGGCTACAGTTGAACGTGTCAAACAGCAGGTTGCGCAAAATGGTGGTTGGATTGTCATTACGTCGGAAAATGACCGGATTTCAGCCCTTATTGAAACCGGCCGCTGTTTTGAACGGATGTTTCTCAGGGCAAGAGACTGCTCGGTCGGTGTACACCCGATGTCCCAGGCCCTTGAAGAACCTCTCTGGTCGGAAAAGGCTGCTGAAATGTTGAGGCTGGACAAACCGCCCCAGTTTCTTCTGCGAGTCGGCTATATAAGGGATTATCCCCCTCCAGTAAGTTTGAGGATGCCCCTTGATGATTTTACGAAATTGAATGAGAACGGAAAAGTATAGAGCCACTGGCTTCGGGCGGGTGGCTGGAAAGCCAATGAAGGTATGAGGAAATCACTGTATTCCAGGTTTGATGATGATGAACTGATTCTTCGTGATGAGCTTGCCATCGATCGCACGTTGCTGGCCAATGAAAGGACATTGCTGGCTTATTTGCGATCGGGTGTCGCCTTGGTTATCGCCGGAATTTCCATTATGCACTTTGCCAACGAGATGTGGTTTTGGGCTGTTGGAGTCGCGTGTATACCGTTCGGTGCCGTTACAGGTGTTGTCGGCGTGATACGATACCGCCGTATCGGCAGGTCGATCGATGCGGTGCGAAGGCAGTCTCCAGCAAGTAGAATAAAATAACATATGGTAGAACGATATGGATGTAAAGAACTCCTTCACATTTCTTGAAGCGTTGCGGAAAAACAACAACCGGGAATGGTTTCAGGCGAACAAATCGTTTTATGACCTCGCCAGGGGAGAGGTTGAGCAGCTTGTTGCGACTCTGATTCCGATTGTCAGAGGGATCGATCCCGATGTCGACGTGGTCAGTCCTAAAGAGTGTCTGTTCAGGATATTTCGCGATGTACGGTTTTCGAAAGACAAATCGCCATACAAAACCAACTTTGGTGCTTTTATCGCAAAGGGGGGCAGAAAAAGTCCGTATGCGGGCTATTATCTGCATATAGAGCCTGGTGCGTCGTTTGTAGGGGGAGGTGCGTACATGCCGGAGTCGCACTATCTCAAGGCGATCAGGAGCGAGATTTTTGAAAACACTGGCGAATATAAAGCAATTATCGAGAGTCAGGAGTTCAGAAAGTTCTATGGCGGGATGTACGGAGAGAAGCTGAAGACCGCCCCGAAAGGATTTCCGAAAGATTTTCCAGATATCGATTTACTGAAAAACAAGCATTACGCCGTCACACACAGGGTCGAGGATGATTTCTGGTTTTCGGACTCTCTTGTCGATGATGTGACGGGGATGTTTTCTGCTCTGTATGGTTTAAACAGGTTTCTCAATAATGCAATCAGCAATGCAGATAAAGGATGACGTCATTCACTGGCTTCTGGAAGATGACAACCCCCCGATACGCTACCTGACTCTGACCAAGCTGCTGAACCACACGGAAACAGACTCGGAAGTGCGACACACCAGAGCACGTTTCATGGAGTACAAGGTAACGCAAGGGATCCTCAGGCATAGTAGGGAATTTTGGGAAAGTGACGACCGGGCATACTGGAAATACACCGGCAAGTATTGGCAATTAATTTTTCTTGGCCAATTTATGGCAGACGGAAAAGATCCGCGCATTGCCGAAGGAACGCATGATATATTGAAGAAGCGCAAGTGGGTGATGAAGAGCGGAGGTCAGTGTCTGACTGCCAGTCTGCTCACCGCACTCAGGCGTCTTGGTTATGGCGGTCATCCTGTAGTCACCGAGGAAACCGAGGCATTGGCAAAGAGAATTGTCACGGATCGTGGAATAAAGTGTTCAGCGATGGTTTGTAGCTTGCTGCCACATTGTTACATGGCNGTGCCGAAAATTTTGCTGCTTTTTGCGGAAATACCCGCTCACAAACGTTCAGCAAATATAACCCTTGCGATAGCGCTTCTCGTAAAGATATTGCTGGAAAACGAGATTTATGTTTATGTGC
CP110623.1_gap5	366218	366808	590	TGGACATGCAGAACATTCGAGGGAGATTGTTGATAGCTAAAGCAAAGAAAACAGCCTGATGGATCTTTTTCGATGAGATAAGACTTGCCGGGGCGAAAATTTCTGATCGAGAAGTTTCCCTTAAGCTGTGTCGTAATTTCATGCACTTCTCTTGGTGACAGTCCCTCTGTGGTAAGGATGCTGTAAAGCGACTCTCCTTTCCGAATAGTTTCTTCCGAGGTGATATTGGATAATTTCGATTCTTCTTCTATTTCTACCTGGACATCTTCCAATTCTGCTGTTGCGCCGAGTTCATCATCATAGGTGTGAAAGAACGGAGACATTGAAACCAATACGCCGGAGATTCCGATCACTGCAATAACTGCTACAGCTGTAATTACTTTCAATTGCCATGTCCGGTTTTCTTTCAGCGGTTTTTTAGCATTCACCATAGTCGACCCATTGTTATTTGTTCATTAACTGAGTATGCACGCAGGTCCGTAGCTCATCTATTCGTTCGCCTATAAATCGACTGAGATAGCCTTGTATATGACAGGATGATTCTGTACTTCTGTACTGCATATCTTCGTGGTAGGTTTTTCAAATTTAAA
CP110623.1_gap6	393131	396733	3602	TTTTGTAGAATGGTGGAATAGTTATATCTTAGTATCCTCTGATTGTCCAATAAATTCCAATGCTTGGTTCATGCGTATCTTAACATTTACAGGTAAAGGCGGAGTCGGAAAAACAAGCGTTTCTGCTGCAACTGCCGTGCGTTTGTCGGAGTCCGGTTACCGGACTCTGGTACTGTCTACAGANCCGGCTCACAGTCTTTCGGACTCTTTTAATATAGCTTTAGGGCCTGAACCTACCAAGATAAAGGAAAACCTGCATGCAATCGAGGTAAACCCATACGTTGATCTCAAGCAGAACTGGCAGGCTGTTCAGAAATATTACACTCGAGTATTTGCGGCGCAGGGTGTCTCTGGCGTTGTTGCTGATGAAATGACGATTCTTCCTGGCATGGAGGAGCTTTTTTCCCTTTTGAGAATCAAGCGTTACAAGGCTGCTGGTTTATACGATGCACTTGTTCTGGATACAGCGCCTACAGGTGAAACATTGCGTCTTCTATCACTGCCTGATACTCTTTCCTGGGGAATGAAGGCTGTGAAGAATGTTAATAAATATATTATGAAGCCGCTCAGCAAGCCTCTTTCCAAGATGTCGGATAAGATTGCCTACTATATTCCGCCTGAGGACGCTATAGAATCAGTAGATCAGGTTTTTGATGAGCTTGAAGATATCCGGGAGATTCTTACCAACAATGATAATTCGACGGTCAGGCTTGTCATGAATGCTGAAAGAATGTCCATCAAAGAGACTATGCGTGCATTGACATATTTGAACTTGTATGGCTTCAATGTGGATATGGTNGTGGTCAACAAGTTGCTTGATGCACAGGAGGACAGCGGTTATCTCGAAAAATGGAAAGGCATTCAGCAGAAATATCTGGGAGAAATTGAAGGAGGGTTCAACCCCTTACCGGTTAAGAAACTCAAGATGTACGACCAGGAAATTGTTGGACTCAAGGCTCTTGAAACTTTTGCTAAAGACATATATGGCGACTCTGATCCTGCCCAGCTTATGTTCAATGAGCCTCCTATCAAATTTGAACGGCACGGTGATATTTACGAGGTTCAGTTGAAGCTTATGTTTGCCAATCCCGTAGATATTGATGTATGGGTCACGGGTGATGAGCTTTTTGTTCAGATCGGGAACCAGAGAAAAATTATTACACTGCCGATAAGTCTTACAGGGCTTGATCCTGGCGATGCTGTTTTCAAGAACAAGTGGCTGCATATTCCTTTTGACCTCAACACTCAGGGGCAGCATCACAGGGAAAAAGAGTTTAATAAAGTCTGACGTTGCTTTATACGGCGATGGTTGGCTGGTACTGGTTTTTTTTTTACATTTTCTTGGCTTAATATCAACAACTAATAAACGGTGAGACCGGACCGGTCCCCTGAGGAGAGTAATATTATGGGTGAATCGTATCAAAATCTTCGTAAAGATTTTAAAAATCTCGAATTGCCGGATCGTATGACATTTCTTGCAGAAGGAGCTTTGTTGACCGGGCAGAGTGCGATTGTCGGCGGGCTTGAGCTTCTCGGCAATGTTGTTGAAACGGTGACTGGAACTGTTGGATCGCTGGTGGATGCAACCGGAATTGGGCGAGTACTTGGCAGTACGAGTGGCGTTGTTGGAGACACCATTGACAGAGTGGCCATTACGGTGAAAGATGTTTCCAAAACAGCAGGTGATCTGTATTCCGATGCAGTGAAAAATGTGGAAAATGTCACTGAAAACGCTGCAACTGCAGTAGGTGATGCCGGAATGTCTGCATCTGAAACTGTCAAGGGTGTCAAGAATTCCATAAGTGGTAGAAAGTAAGCACACACGGCCCCATTACCCTGTGACCGTGATTTTGTTTGTGTTTTTTTCTATTTTAACGTAAATTGGTTCAAAGTTTCTATTTCCGTTTACTTGGTAAAATTCCAATAATTAAATTCCAAAAGGAGGAATTATGAGTGGAGGAGGCGTATTTACCGATATCCTTGCCGCAGCCGGTCGTATTTTTGAGGTGATGGTTGAAGGGCACTGGGAAACTGTCGGTATGTTGTTTGATTCTTTGGGTAAAGGTACCATGAGAATCAATCGTAATGCTTATGGTAATCTGGGCGGTGGCGGTGCAAGCCTTCGCGGTTCTTCGCCTGAAGTTTCCGGTTTTGCTGTGCCAACCAAAGCGATTGAGTCCAAATTCGCCAAGTAAGCATACAACAAATATGCAAGCTTAGAAGGCAGTGATAGCGTTGTGCTAACCACTGCCTTTTTTGTTTGAATCTGTATTTGCGGTGACAAGGCTTCGTTAATTGAGCGTCTGCTGTACAGTCATTTTATTGTTGTTCCGCGATAATTAACCTCTTTTTTGAGTCAGCCTGTTTGCCGCATCTTAAGTCTGTTTCTACTGCTCAGAGTTTATCTGCATTTTGTGCTCTCGATGAAAGACAGTACCCGGAAGCAATTCGGATCGCCTGGGATGGGAGCCGTTGTATGCAGTATTCGTATTATTATATAATTTCCATTTGTTTTCATATTTTAAACATTTGAAATAGTGAAAAGGACAGGACTTTAGATGACTTCTATTTTTACGTATGTATCGGGGCATACAGAATTGGGCGATGTCACTGAATTTTTTCAAAAGAAACTGTTAAATCCCGGAGAGCGTCCAATAGCATTTTTTGATGGGGTCTTTTATGAATCACATCAAGAAAGGGTAGGGAATATTGCCTTTCAGGACTACCTGATATATTCCGACAAGGCCGTGTATCTCTGGGCAAGGGGGGCCAACAAGGATTATCTTGACAGATTTACCTTGGGGGCGGTATCGATAAACTGCAGGAACAAAGACAATGATTTCGCCACCCTCAATCTTAGAGTTAGAAGAGAGGGAAAAGAGCCTGTCTATGTGATATTCGACATGGTTGAAAGAGCGGAATCGGAAAAGATTATCGCCCTGCATACGATTATCGAATCCACTATCGAAAGTTCCCTTGGCAACAATTTCAGAGAAGAGCTTCCTGATGAGATAGCCGAAAAGATACTTGCGTCGGCAATAAGTATCTGTCCTCCGGCTCCTCTTGCGTTTTCGCCACCAGCAGATCAGGTACAAGGGACGGAAAAAAACAGTCAAATAGGNTACGGCCAGGACTTGCTTGAACAGTATAAAGCCTCGATCGGGTATACCCCGGAGGGACGAGTTGCTCCACCGGTTATGGAAGGTATGCCTCCCGTCGGACAGCCGTCAGGTGGGTCGAGNGGGGCGATGCCTCCAGGTATTCCGAAGGAGCTTGAAGGTATACTGCCTACAGATCCTGAAGCGTTGAAGAGAATTGCCGGTAATTTGAAGGAGACCATCGGTGAGGCTCCGTTCAAGTTGCGAGATCAAGTGATGAAGGATCTTCAGCATGTTCCTAATGATGTTGCCACGATGCTGTCCGCAATCAATGAATTGATATCCAATATCGCCGATAATCCGAAAGCAGAGAAATTTGTCATGAATGCTATCCAAACGGCTGTCAAAAATGATGGTATTCTTGGCTCTGTCGGAAAAATGCTTAAAATGACCACCAGTTTTGGGCCTATGGGTAAAAAAGGGTCAGCACAGCATTCTTCCGGT
CP110623.1_gap7	400272	401581	1309	ATAACCATATCGACGCTGCAGGTGGGGTTGTTCAGGCTATAGAGCGTGCCAAGCGTTACCTTTCGACAAATGGAACAGCCATGAAAATCGAGGTCGAGGTACGATCTACTGCTGAGTTGCAAGAAGCTATCGGGGCTGAACCTGATATTATCCTGCTCGATAATTTTTCACTTGATGAGCTTTTTACGGCGGTTTCATTCGCTAGAAAGCAGGTGCCTTCGATCCATCTTGAGGCTTCCGGCAATGTTGGGTTGCATAATGTGGTTCAAATTGCAGAAACGGGTGTCGATTATATCTCGGTAGGTGAGTTGACCCACAGTGTTACGGCTCTGGATTTGTCGATGGCCGTCCAGTTTACGTGAAGTTGAAGCGGATGCAGGAAGGATTTTAAAAAGTTCTAGGCCCTATATGATTATACGTTGCATATAGGACCTATTGATGATAATTGCTTATTCGTCATGCTGTGGGAGTGGCTTATTTTCACCGTTTATGGTCACCGAAGACTTGATTATTCCATAAATCTTGTCTTTAAGAATAGTGTCGGTGATGTAGTCTCTGAACTCGGTTGACATATAGGTGTTTACTAAGTCGTCTGCCTTGAGTTCAGGGTTTTTCTGTGCTTCTTTTTCTGCATAAGCCTTTATATCATCATCGGTAACCTCGAGCTTGTTCAACTCTGCAATTTTCTGACTGATCAACATCCAGCGGGCATGTTTTTCAGCATTCGGACGGATCGATACCCGAAACTCGCTTTCATCCATGCTCGGAGGAAGGTTGCCTCCCATCTGTCGTTTAGCATTTTCAAGCAGCATGTTTTCGAATGAGTCCACCATCGCTGACGGGGTTGGAACGGGGTTTTCTTCAATGAACTTTGTCGAGATAGACTCAAGAAGATCCTGCTCGGATTTGTTGCTGAAGTGTTCTTCGAGCTGACCTCTCACATCTTCACGAAAATCATCGGTCGACTCGAATTTTTGCTTAGTGATTTCTTTGACCAACTCATCGTTCAGTTCAGGAAGCTCCAGCCGCTTTACCTCTTTTATCGCGACTTCGTACCGGTATGCTTCTTCACCTTCTTTCTCGGGTTTGATATCGACGCTTACCGTTTCGCCTGCTTTTTTTCCGAGCAGTGCAATATGGAACGGGTTGTCGTCAGGAAGATATTCCAGGTTGAAATGATAGTTTTCGGTTTTCTGGTCTTCCAAAACATTTCCCGAGGCATCCATTTTTTCCAGGTCGGCAATAATAGTGTCTTTTGCTTCAGAAGGCCCTTCAACCGGAACAAGAGTTCCGTGCCCTTTGAGTATAA
CP110623.1_gap8	404569	408509	3940	TTTTTGAAAGCGAAGATTAGACCAATGGAAGCAAAAAAAACAGTACAGGTGAAAAAAGAGACAGATCCGGCAAAACTCAAGCAGTTGAGTATTGCCATGGAGACGCTTGAAAAGCAGTTTGGTAAAGGTGCTATTATGCGTCTGGGTGACAAGGGGGCCGTAATGCCTGTACAGGTGGTTTCCACCGGCTCGATTGCTCTGGATTTTGCACTGGGAGTCGGTGGATTTCCCCGGGGAAGGGTTACGGAAATATATGGACCGGAATCCTCCGGAAAAACCACGCTTGCACTTCATGCGATTGCCGAAGCCCAGAAAAACGGTGGTATTGCCGCTATTGTCGATGCTGAACACGCTTTTGACCAGACCTATGCGAAAAAGCTCGGAGTTGATATCAGCGCTCTTTTGATCAGCCAGCCGGAATCAGGTGAACAGGCTCTTTCAATTGTTGAAACGCTGGTGCGAAGCGGTGCGGTCGATATCGTGGTTGTTGATTCCGTTGCGGCGCTTGTTCCACAGGCGGAGCTCGAGGGAGAAATGGGAGATAGTGTTATGGGATTGCAGGCCCGTTTGATGAGCCAGGCATTGAGAAAGCTGACGGGCGCTATCTCGAAGTCCAGCTCGGTTGTTATTTTTATCAACCAGCTTCGTGACAAGATAGGGGTGGTGTATGGCAACCCCGAGACCACGACTGGTGGAAAAGCACTCAAGTTTTATTCATCGGTTCGTCTCGAAATACGCAAAACTGCACAGATCAAGGACGGTGCGGAAATTATCGGTAACCGCACCAAGGTAAAAGTGGTCAAAAACAAAGTTGCCCCACCATTTAAAACTGTCGAATTTGATATTCTGTACGGAGAGGGGATATCCATGTTAGGAGAGTTGATAGATCTGGCTGTTGAATTCGGTATCGTTAAAAAGTCAGGAGCCTGGTTCAGTTATGAGTCGGAAAAGCTTGGCCAGGGCAGGGAAGCCGTAAAAAGAGCTTTGCGTGAGGATGCCGATCTGACCGGAAAAATCCAGCAGCAGGTAAGAGATATTATGCAGCCTTTTACCGGAACAGGAAATGGTGAAGCTTAACTGAAGAGATGAGAATAGGCAAGTTGCACATAGAGCGTCCGGTTATTCTTGCTCCTATGGAAGACGTTACGGACAGGTCTTTCAGAAAAATCTGCAAAAGGTTCGGAGCCGACATTGTCTATACTGAATTTATCAGTGCGGAAGCGCTTCGCAGAGGGGTCGAGAAATCCGTGCAGAAGATGCTGTTTGAAGATTACGAACGTCCTGCGGTCATTCAGATTTTCGGGAATTCCGAGGAAGCTATGGCTGAAGCGGCTGTTATTGCTGCCTCGTACTCTCCGGATTATCTTGACATCAATTTCGGGTGTCCTGCGAAAAAGGTTGCCGGCAAGGGTGCTGGTGCTGCTTTACTCAGGGAACCTGAAAAAATGGCCTGCATCGCGGCATCGGTGGTGAAAGCCGTATCGATTCCCGTGACGGTGAAAACCCGGATTGGCTGGGACAGGGAATCGATCAATATTCTGGATGTCATTCCAAGGCTCGAGGACGCAGGCATCGGGGCGATAGCGGTTCATGGCCGTACAAGAAGCGAGATGTACAAGGGAACTGCGGATTGGGACTGGATTGCCAGAGTGAAAGAGCATGCAAGGATTCCGGTTATCGCCAACGGTGATATCTGGTCGGCCCGGGATGCTCTCGCCATGTTCAATCATACGGGTGCTGACGGTATCATGATCGGTCGTGGATCTATCGGTAATCCTTTTATTTTCAAGCAGGTCAAGGAACTTCTGCAGGGTGGTTCCGTGGTGACATTTCCCGGTTTCAGTGACAGGATAGCTGTGGCTATCGAGCATCTTCGGCTTTCTGTCGAATTCAAGGGGGAAAAATACGGAACGCTCGAGATGAGAAGGCATTACGCTACATATCTGAAGGGGTTACCGAAGGTTTCACGTGTAAGGGATCGACTTGTTCGAGAGAATAACTGGCAACATGTGATCGAGATTCTCAGGGCTTACGAAGCCGATTGTGAGCGGTATGCGAAAGAGGGAAAAATACGGGAGTACGCGGAGTATCTTAATGATCATTCGAAACGGCTGGTCCTGAGGTGAAGGAAAGAAGAAAAACCGGTTCGGTGGCTTGATGGCGGGAAATGGGAAAGAGAATAACAGAGAAATTTTTGTAAATCCTGTAGGGGTTTCACAAGGGCTATAAAAGAAAAGAATGTCATTCGTCTTTTGACTCGTTGAAGAGTTTGACACGTTTACTAATCACACAATTATAGACAGAGCATAATGAGTAGTACAGAAAAAGCATACAGCGTGGCGATTCTGGGGGTGACCGGGCTTGTGGGCAGAACCATGCTGGATGTGCTTGATGAGCGTGATTTTCCGGTTCGGGAAATTATCCCTCTGGCTTCCGAGCGGAGCTTGGGCAGGGAAATAAAGTTCAGGGGGAAGACGTTTCTCACCGATGTGCCGACTTCTGAAGCTTTCAGCCGGGCGGATATCGCGTTATTTTCAGCCGGAGCAGGAGCAAGCCGGCAGTGGGCGGCGGTTGCAGCGGATTCCGGTGCGATCGTTATCGATAATTCTTCTGCGTTTCGCATGGATCCCCATGTGCCGCTTGTTGTACCTGAAGTCAANTCCGAGGCGATTTTCGGGTTGGACGGGAGTCCCTGTAAAATTATTGCAAACCCTAACTGTTCAACCATTCAGATGGTGGTGGTTCTCAAACCGCTTCATGATAAGTTCCGTATCCGGCGGGTGGTTGTTTCAACCTACCAGTCTGTAACCGGGAAGGGGAAAATTGGGCGTGACGCTCTCGAGGAGGAGTTGACAGGCAGGATACCCGAGTCATTTGTTCATGTTCATCAGATCGCTTTCAATGCCGTGCCGCATATCGATGTGTTTCAGGAGAACGGTTATACCAAAGAAGAGATGAAGATGGTCAACGAGACGCGTAAAATCATGGGCGATGAGTCTCTGAGCGTTTCACCGACAACCGTTCGTATTCCGGTATACGGCGGACACGGTGAGGCCCTCAATATCGAATTTGATAGCGATTTCGATATCGAGGAGGTCAAGGGACTGCTTTCGGGTGCACCGGGGATCGTTGTTCAGGACGACCCTTCGGCAAATGTGTATCCCATGCCGCTCTCTTCCTATGAAAAGGACGAGGTTTTTGTGGGCCGGATACGACGGGATTTCTGGCATCCCAACACGCTGAACATGTGGATCGTAGCCGACAATTTGCGTAAGGGTGCAGCGACAAATGCTGTTCAGATCGCAGAAAAACTTGTCGGAAGGTTATGACGTTTTTTTGTCGTAAAGGTTGATGAACGCTGCGCTCAGCGCTTTCAGCTCTATCGGTAAGCAGCAGGAGGAGCGAACGTTGTTCTCCATGGCGTACAGGTTGACAAGGTTCAGAGGGGAAAGGGTTGTTCCTGCTGCATCTGATATTCGTTCGGCAAGAGGCTTGTCGAGGGCGAGATTTCCGGTAATATAGATCGGATGTTGCTTGTATTGCGGGTTTGTCATCAGTTCCCGCAATACAAAATATTCCGCATCGTTTTGATGATTGAGCCGCCAATAGCTGAAATGTTCGAGTTCACCGTTACTGCCGGCAGAAAACGTCGCATATTCATGTTCGATTTCCAGAAGGACAAACGGTTGAAACGTTGCTGCAACACTTCGGATTATCGGCTTGAGGTAGAGTGTTGCATTACTGATTGAACAGAACGCTCTCAGCCTGTGACGCACTGTGCTGAAAAGAGTGTCTGGGTAGTAAAATACCAGGTGTTTGCGGACAGGGTGCTGTTCCGAGTTGAGTGTGTACGGGATGTTGTCATGCATGTATTCCCCTGGTTTGCTCAACAGAAAGCCGGCTTCGGCTTTGCAATGAGTGTCGAAAGTTGTATCGGAAA
CP110623.1_gap9	423036	427954	4918	TGCGTTCGGGACTATTGATGTGCTTGTCAACAATGCCGGGATCGCCGGGGCGAACAGGCCTACCCACGAAGTTACCAGGGAGGAGTGGGAAAAAGTCATAAATGTCAATGTGACCGGGGTTTTTCTGTGCACGAAATATGTCGTTCCTTATATGATGCGGGTTGGTAGAGGGAGCATTATCAATCTTTCATCCATTTACGGGCTTGTCGGTGCGGCCGATCTTCCGCCCTATCATGCATCCAAGGGGGCTGTGCGACTGATGAGCAAAAATGACGCACTGCAGTATGCAAAGGATAACATCAGGGTCAATTCTGTGCACCCTGGTTTTATCTGGACGCCGCTTGTCGAGCAACTTGCCGAGGATTCACCGGATGGAGCGACTGCTTTCAGGGCACATCTTGACAGCAAGCATCCGATCGGTCATGTCGGGGAGCCTGACGATATCGCTTACGGCGTGCTCTATCTGGCATCCGAAGAGTCCAAATTCATTACCGGCAGCGAACTTGTCATAGATGGTGGTTATACCGCCCAATAACATCACTTTTTCGGTGCATCCGTCATCTGTTTTGCCGGTTCCATGTTCTTCAAAAAGAAACAATGATGAACGTTCCATTCTATCATGTCGATGCATTCACTGCCGAGGTTTTTGCCGGCAATCCGGCAGGGGTGTGCTTGCTCGATGAGTGGTTGCAAGACGATGTTCTGCAAGCAGTTGCAGCTGAGAATGCTCTCCCCGAGACGGCTTTTCTCGTCCGTCGGGCAGGCCATTATGAACTGCGATGGTTTACACCTGCATTGGAAATAGACCTCTGCGGTCACGCTACACTTGCCAGCGGGCATGTCATTTTCAGCCGGGCAGGCGGTGATTCAGAACGTGTGGAATTCATGAGCAAGAGCGGGCCTTTATCGGTGGAACGACAGGATAATCTGCTGTTTCTCGATTTTCCCTCACGAAAACCTGAAAAATGTACACTCCCTGATGGGCTTGACACCATGCTCGATGCGTTACCGACCGATGTTCTTGTCTCACGTGATTTGCTGGTTGTTTTTGATGATGAGGATACTGTAACGAATCTCGATCCCGATCTGGACGCCATAGCGAAGCTCGAAGGTTTCGGGATGATTGTGACTGCGCCCGGGAAAAACTCCGATTTCGTTTCGCGCTTCTTTGCTCCGGGTGCCGGGATTGCTGAAGATTCTGTTACGGGTTCGGCACACTGTACGCTTGTACCGTACTGGGCAGAGCGTCTGGGCAAGAAAAACCTTCATGCCTTCCAGCTCAGTAAGCGAGGAGGCGAGTTGTTTTGCGTGGATGACGGTACGAGGGTCTCGATCGGGGGGCGAGCGGTAACCTATCTGTCAGGAACGATAACGATATGAAAAAAGGACGCTCATAACTCGTTGAACGTATTACGGATTTCTTTTGGATGTTTGTTCGGGAAAAGGTGAATTTTCTTGGTTGTTTCGACTGGAGTGGCAAAATTGCTGCGGTAACTCGAAAAAGAGATGCCGCTTTTTTCAATTTTCAGACTGATTTCAAGCATGGTAACGGTATTACCCTATAAAGGCAGATATCCGGATCTTCATGAATCTGTATTTCTTGCCGATGGCGCCCGTATTATCGGCGATGTGACCATCGGTGCACACTCAAGCGTCTGGTTCAACACGGTTATTCGCGGGGACGTCTGTCCGATACGGGTCGGTGAAAAAACAAGTGTTCAGGACAATGCCACGCTGCATGTAACACATGATACCGGGCCGCTCAATATCGGAAGCAATGTCACCATAGGACACGGTGCAGTTCTCCATGCCTGTACGGTGAAAGATTATGTGCTTATCGGTATGGGGGCTGTGCTGCTCGATGATTGTGTCATCGAACCGTACTCGGTTGTCGCTGCAGGTTCGCTTGTCAGGCAAGGGTTTAGAGTGCCTTCTGGCGTGCTGGTGGCGGGTGTTCCCGCAAAGGTCATGCGGCCGATTACGGACGGCGAGCGCCGGACAATTGTCGAATCGCCTGAGAACTATGTCCGTTACGTTCAGAACTACCGCGATGGAGGGTACGAAGGCTCAGCAGGAGCTACAGGTCTATAACCAAAAGTTTCATGTTGTAGGGTATCGATAATCATGATTTCAATCAGGGTACCGGTCTGTCTTGCTTGAATATTTCGGCATTTGTTGAGAAATTAGAAAGATAAGGTGCAAAAAAGGGGTTTTATGTAGCGGCAATACTCGTGGCGGTCAACATGTAAAACCGGGAAAACGTATGGGTGCAATACGATATGCGAAGGGTCCTGTGGTTTATCTCTATGATACGGGTAATCTGAGGACCAGGAAAAAACAGCTTCTCTGGGGTGACTGGCTGCGGATCGGTGACAATATCAACGATGACTGGGATGAGGTGAAGTGGGGTAAGGATACCTTCGCCATCAGGAAAGAGGATTATCAGCGGGAACGTGTGCTCGAAATGATCTTTCTCGACGTGGGCCAAGGTGACGGCTGTATTGTTACTACTCCCCAGCTTGGCTCCAGGGAGAAGATCATGATCATCGATGCCGGTATTGGTGACAACATGAAGGGTTATCTGGAATATCGCTTTCGGGATTTCAAGAAACAATTCACCTTTCATGCTGCTGTCGCTACCCATCCTGATAGTGACCACTATCGTGGTTTCCAGAAGATTTTCGAGAGTCCACGGATATCGTTCGAACATGTCTATCATAATGGCCTGATGGAGCGGACTGGCGACGATCTGCTGGGGCCGGTGACAGACGGTTTTCTAACGGACATTCGCGCCAGCAAGACTGCAGCCCGAAAGCTTTATTCAAGCGCGGCCGTACGCGGCGAAAAATGGTATCCGGAACTGATCTGGACTGCGCTCAACAGCGACAGGTTCGGCAATGTCTCGATGCTTTCCACAGAGCATGGGCAGAAGGAGGGTGGGCATACCTGGATGCCGGGTTTCGCACCTTCGAACAACGAGGACTTCACGATCGAAGTTCTGGGCCCGGTAATCGAGAGGGCGCCGGACGGCAAGAAGGGTCTCCGGACCTTTGCAAGTTCGATGACAGCCAAGGCGATGAATGAGGGTAAAACCAAGAACGGGCACTCGGTTTTGTTGCGGCTCCAGTATCACGATTTTTCTATTCTGTTCGGCGGTGACCTCAACACGCCAGCCGAGCATTTCCTGATACGCCATTACGGCAATGAAGGTGAAGCACCTACCACCATGGCCGAATCGGCGAAAATGATTGAAAAAGCAAGGTCACGGTTCGCAGTTGACATGATGAAATGCTGCCATCACGGGTCGTCTGACGTGACTGACGAATTTCTTGAGGTGACAAGACCTGCGGCTTACGTAGTTTCGTCCGGGGACGAAGAGAGCCACGTGCACCCTCGCCCCGATCTCCTCGGTCTGCTTGGTAAAAAGGGTCGCGGAAAAAGGCCGCTGGTGCTCTGTACCGAAATCTTGCGTTCGACCCGTGAAAAAGAGGATGTCAAGCTTCGCGGCAAACTCGACAAGCTTGTTGCCAAACTTGACAAGGAAGCCGACGCCCAGAAGAAAAAAGAGCTTGAGGAAGATCGGGCTAAAATCCTTGACGAGGTATTCAAGCGCAACGTAGGTGTTTATGGAGCGATCAATCTGCGGACTGACGGGCAGACCGCTGTCATTGCGTTTCGGAATGAGAAGACAAAAGGCGTGAACAGATGGTTTTACTATGAGTTGAAGAAGGATGCAAATGGTGTGTTCCAGGTTCAGGACAAAGACGGGCATTAAGATTAATGTTGTTTTCCTTCATTCGGCCTTCAAGTGATGCAAGTTCCGAGTGTAACCTTCCCGATCAGCCTCAAATACCATGGTAAAGTGTGTTGATTTTACTAAATTACGCGACAAACATTTAAAAGGCATTTCGAAAAAACTGTCACTCCCGGCTCGTCGGGAGACTCCGGGTTTCTCAAGTCTATCCCGGCATTGTCGGGAATTCGGTCGTCTTGCTCTTGAGCCGCCCATGACATTTTTCGGAGCACCTTCGGGGAAATGATCAAACAGGCAAATAATGAAAAGTGATGTTGTTGTAGTTGGAGGGGGAATCAGTGGGCTCAGTCTCGCGTATTACTGCTCGCAGGCCGGATTCAAAACCACTTTGTTGGAAAAAAACGACAATCCGGGGGGATCGTTCAACTCTCACCGTTACACAGGCAATAACGCGAATTTCTGGTTCGAGCTCGGAGCTCATACCTGTTATAACTCATATCAGAACCTTCTGGACATTGTTGATGCCTGTAATCTTACCGATTCGATTATTCCCCGTGAGAAGGTTCCCTTTACACTTTTGGTCGATAAGCAGCTCAAATCGGTTTTCTCAGCGCTCAATATTTTCGAGGCTCTCAAAAGCATTCCAAATATCTTCTCTCTCAAAAAGGAGGGATTGAGCGTTCGTGACTATTATTCTAAAATCGTTGGGGTCAACAATTACAGCAACACACTCAGCCATTTCTTCAATGCCGTTCCTTCGCAGCCGACCGATGATTTTCCTGCGGACATGATGTTCAAGTCAAGACCCAAACGAAAAGAGGTGTTGAAGAATTATACTTTCAAGGAAGGGATGCAGTCTGTCGCAGAAGCAATTGCAAAAAGCAAGGGAATCAATGTTTTTACCGATCAGGAAGTTGCGGGCATTGAGGTGATCGATGGCAGTTATGCGATCACGACAAAAGCGGGCGTTACTCATTCGGCTACTACGCTTGCTCTTGCAACACCCTCTGCGGTTTCTTCACACCTGCTTCAAACGATCGAACCCGATATTTCAAAGCATCTCGGTTCGCTCAAGGCTGCAACGGTTGATTCCGTTGGGGTTGTGATCAATAAAAGTGACCTCTCGATCAAACCCGTTGCCGCGATCATTTCGCCAAACGATAT
CP110623.1_gap10	456093	459359	3266	AGGAGCACGGCCTGTTCACTCTATCCGAAGGGGCTGGTTGATTTTCCTATGCCGGAAGGGTAGGGGGGACGAATTTTACAGGTTTACTTCCGGCAGCGTTCAACGGAATGTGAAAAATTATTGAGTGTTTGTGAGGCTGTACGGCTGAACGTGGCCTTTTGTGCTCGGCGTGTTATTGCTGTATATTGCTGGGGAAGTGATGTGATTGTGCTGGATGCAGGGGGTGCTGTGTGCAATATTAAACGGAGGGATATATGAGCGAAAATGAAGTTGTGATTATCAGCCTGCTGGTATCGGTTCTCGGTCTTATCGTCATAGCTGGAATTGTTTGGTTCGGGTATATCCTGGCGAGGGTATCGCGCAAAAGTCCGGCGTTGACAGGCAACCCAGCATTGGACGGGGTGCTTGCCGAGTGGGTAAGGCAGGGTTCAGGCAGTTCTGACGATCTTCCTCGAGTTGCATATGAATCGTATTCCGAATATCTGCATAGAAGAAATGAGTTTTGGACTGCATACGGGCAGGTGCTTTTAGCTGTGTTGATCGTCGTTGTGTTGACGGTTTTGTTGATAACGCAGACTATAACGGCTGAGGCGGGTTTGCCTATCCTGTCCGGAATATCGGGTTTTGCAATTGCGAAAGGCATTTCCGCAACAAAATCAAGCGGTCTGCCGCAACTTAAAAGGCCGGGCGGATAGCGTACGACGAAATCCTGCTCGAACGATGCTAAATAATTGTGCGGTGAAAGGCATTAACGTTATGGGTCGGGTTTGGAGATTACTCGTTCACCAAGCGCTTGTAATATCCTCTATCGATTTTTTCCGTTCCGGTCAATAGCCGCCACTGCTCAACGCGGGTGATTGTTTCAGGGGTTTTCAACTTGCCGGTTTTCCTTGACAGCGTGGCCTTTATTTCGTCGTCGGTTAGCGCTTTCCCGGTCACTTCGATAAACGCCGAAGGCCGGAAGCCGTATTCCGGATCGTCAACCGGGACGACGATTGCCCTGCGTACTCCTTCGAATGAACAGAGTGCACGCTCGATTTCTCAGGATGGATATTCTCACCCCCTGAAATGAACATGTTATCCGTTCGTCCGGTGACCAGCAGTTCTCCATCAGGCGACATTTCTCCTGTATCTCCGGTATGGAACCAGCCTGAAGCGTCGGTTTTCAGCATCGGCCCTCTTTCCGAGAGGTAGCCTGGAAAAGGCAGGGGCCTTTTACGAGAATCTCGCTTTCTTTGTCGATCAAGAGTTCACGGTAGGGAAGCACCTTGCCTGCACCAATGGTGCTGACCGGACCTGATGTGGTGGTTATCTGGGAGCTCATCTCGGTTGATCCGTACGTGAGATAGACCGGAAGTTCGGCTTTCGATGCCTCTTCGAGCAAGGCCGGTTCAACGGTGCTCCCGCCAAGCAGGATGACTTTGAAATCCTGAAGCTTTTTCAAGGTTTTTTCATCATTGATCAGCCGGTAAAGCTGTGTCGGAACCAGTGACAGATGTGAAAGATGGAACCGGCAGAGAGCATCCTGAATCAGTGTTCCGGGTTCAGGGACAACAAGTGCACCACCTCCAAGCAGCGAACGGAAAAGCATTGCATAACCGCCAATGTGAAACAGGGGCAGGGAGAGCAGCCATATGTCGCCGGGGCCGAAAGGAAGGTTTTCATTCGAGCCGAGAGCGCTGTAATAGTGGTTGGCGAATGAGTGCAGCGCAGCTTTCGGAAGACCAGAACTCGACGAGGTATGGATGACCGTTACCGGTTTTCTCAGTTGTTGGGCGGGTGGGCTGTCGAGTTGTCGGTTTGCTGAATCATGCTCGGCAGACTTTGTTTGAACGGGCTTTGTTGCCGTAAAGAGCGTTTCCAGGCGCTGCTTTCCGCCATGATCTCCTCGGGGATTAGTTTGACAGGGTGAGCGAGTTTGTTTGTCAGGCTTTGCGGACCGATAAGGGCCGTGGATTTGAGGAGAGGAAAAAGGGTCTGTAATCTGGATGCCGGAAAGCGATAGTTCAGCGGTGCGGCTACGGAGCCTGTTTTCAAAAGCGCGAGCAGTAGCAGAACCATTGTTGCACTGTTGGGCATGCAGAGTGTTACGATGTCACCTTTTCGTATGCCTTGGCGTTGCAGTACCGTTGCTATTCGACCGGTTACGGCTTCCAGGTCCCTGAACGAGAGCGTTTTCTTTTCATTGATAAGCGCCGGGTTGTGACTGTATTTTTGTGCGGCATTCGCTACAATGTCCATCTTTCAACGAGTTCGAGCATTGACAGGTCGGGATTGAGACTGCTGCGGTATGTGTTTTCCGAAAGAAGGCACCCTTCTTCGACGTGAAAGCTGCCGAAAAGAATGTCATGGCTGAGTTGCCGGAATGTGTCGAGACCGCAGGGTGTTGGTTCAGCCGAAATAATGGAGGCAAGACGGGCATAGAAGCCAAGACCGATCCCGGTTTCATAGGCTGAACTGATAATAGCCGGAATTTTTTCCTCTTCTGCTTGTAGAGCCAGTCGTAACGTGTTGGAGAAGCTGCTGATTCTCGAAGGTTTCAACACAACGCCGCCCAGGCAGTCATGTGGTATTTCGTTCCATATGCCAGGGGTCATCCAAAGTGATTCGTCGAGTGCTGAGTGGATGCCTGTCCGACTGAAGAATTCAGGAATAAGGTAGGGATCCGCAACCGGTTCCTCTATATATTCGATGCTGTTTGCAGGAATTCGGTTGAAAAAGGTGCATGCGTTTTCCAGGGAAAAAGAGCGGTTACTGTCGAGACGCAGGGAAATATCGTTGCCGAAAGCACAGTGCAGTGCGAGTACCTGTTCAACGGCGAGTCCGGGATTGCGTGCCTGTACCTTCAGCTTGAATGTCCGGTATCCCTTTTGAAAGTGGTCGGTTGCGATGGCAAGAATGGATTCGGTGTTACCGAAGAGCAAGGCGTTGAGCGGAAGCTTTTCCTTGGCGTGCGTTGCGCCTGAAAATGATGGAAACGTTTCTCGTGCAACCGATTGCAGGTTCAAAAGGGACATTTCGATACCCGTACGGACTGATGGGAAGAGGTTATCGGGAAGCGTTTTTCCTGCATTGTCGAGTGATAAATCACCGAAAGAAAGATCGATCGCAGGCAGCAATGAGGCGCATTGTTCAAGAGCTTCGGAAAGTGTTTCTTCATGTAGCCCCGGTAGAGGGGCTATTTCTCCAAAACCGGTATACTTGCCGTCTGTNGTCTGAAGGCCGATAATGAGACCATCCCTTGTGTTGAGACTGGAACCTCTGAC
CP110623.1_gap11	577675	582263	4588	TAGATACTTTCCTACGGCAAATTTTAAACAAACAGGTTAACTCTTATGAAAAAAATTGTATCTCTTCTCGCAGCCGTTGCAATCTTCGGCATGGGATCGGTCGCCATGGCTGATCTTCCTTCGTACAATGGCGTCGATGCTACCAGCGGTGTTGTCGGTGGTTTTTATGCATTCACCTCTATTGAGGATCAGTGTCTTGACTATGGTGAAGACATGATCGGTGGAGGAATTGAAGGTGATTTTTACATGGAGGCGTATAGTGATGCCGATTATGTCGTTGGTGCCAATCAGTGGGTAGGTTCAGGCGCTGAGCTCTATGGAGAAGCAGACCTTGATCTTGACGGTGTTGAAGATGAGGATGCCTGTCCGGGTTGTGCACCTTGTGATGACATTGTCGGTATGGCGGGTGGCTCTTTAAGTGCCGATATGAGCGGCGCATCGTTTTCCGGATACGGTGAAAATACGGCATGGGCAAGTACCAACACGTTGTCTGTCGTAACCGGTAGCGGTGATACAAGCGGTAGCGCTGGTATCGGTGGTTACTCGAGAGCTTCCAATGGTTTTGTTGGAGCATGGTCCGGCGGTTGGGATTGATAGAAACGCTGTTAACAGAGAAAGAAATGCAAGACCGAAACATCTTTTCGGTCTTGCATATGCTTTCGTTAGAATAACAACATTAGATATGCATGCACGATGAAAAAAGGACTACAGGTAACCTTTGTAATCGTTATGTTTTTTGTGGCAACTACCGGCTGGGCAGATACAGATATCGATAACTCGGCTACTGCTCAGTCTCAGGCTACTAGTGTCGCTGAAAACAACAATGGCGGAGATGGCGGAACTGCGTCAGCGTCTCTTAGCTTTAAGGGATCATCATCATCTCCTGCTCCCTATATACCTGGGACTGTAACCGGTCCTACAGGGTTCCCCAGTCTCTTCAATATAATCGGGCGGCCAGCTCAGTTAACCGGACTTGCGCTGCAATCCAAGCATTTCTTCTCTCCAACATGTCATCGTGTTGAAACAGGGGAAAGTGGCGGTACAAAAATCGTTTATACCGGTGCAAAGCCTGCTTCGAGAGAAGACGTGAAAGAGCGTGATGTTTACTTTGACTTTTCCGGTGTGGGACAGGGAGAACTTATCGGTTCGATTACGATCCAGAGTAAAAAGACAAAGGCTGACGAGGTTGATTTACACACATTGATCTTTGACGCGACTCAGTTTGCTGCAGGGATCAAGGAGTTGAGAGGGTATGACATTACACTTCTCTCCATTCCTCAGGCAATTTCATGGGGTGTTGGAATCGATGCCAAAAGCGATGGTCTTTCCGTTTCTCCAGTGTTGTCAAGCCTCCTCAACGGTCCTACAGGAGTGTTGACAGGTCTTGCTTCAGGTTTTTCACAAACAGGTGGTGTTACAGTACCGACCGGTATTGTGGGTTGTACGTTTCTTGTTCTGATTGAAAATGAGAGATCGCAAACTATCGATATTCGGCAAGCATATGTGAACAACACCAATGGCAACGGTAAGGAAAATGGTAGTGGAAATGGCAAAAAGCTTGAAGCCATTGAAGCGCAGGAAACAAAATAAAGTCTAAAAACATAAAGCTGAATATCGACATGCCGATGATTTTATTCTTTTTTTTGTGAGTTGGTATTAGCTTGATAACATGATAATAAGAGGTGCGCCGGGGTTCTTCGGCGCATCTTTTTTCCTTCTTTTCTTTCTCCATTTTGCGGCAGAAGCGCTATCTGTAACCTTCGCTTTCTTTTCCCTGAANNNCCCACCACTATTTTTCCCCTTTGTATTTGATTTGGATTTTGTATTTTTAGCGAGGAGATGTTTGCCGTTCCCCCCCTTNCCAACGGAGCGNNNAGCATCGCCCCCCTTCGTCAGCCAAGCATTTTTTTCGTTGTTGCAGTACCGATATGGGGCTGACGCGGCGGAGCTATGTAAAAAGTTACTTTTTTGTCAAAAGGCTGTATTTTTTATGTGAAAAAAGTATAACTTCTTTGCTGAAAAGTCTTTCTTCCCTCGAACGCCAATTTTAGTAACCGGGGTAAACAGTCATGAACATAACATTGAAACGTTTTATCACCTTTGTTCTTGCCGTGCAGGTTTTTGTTTCACCGCTTTTCACGGTATGTGCTTTTGCACAACAGCCTTACGGTTCATCCAGCCTGTTATACTCATCGCCTTCAAGGGGATATCAGCAAAACGGCTACGGTCAGCAACGGCAGGTTATGCCTGGTTATGGTATGCCGCAGGATACTTATTTTACCGACAGCATGGGTAATATTCTCATGTACGTCAATGTTCTTGGCGAGGTATATAAACCCGGTCAGCATATCGTTCGCCAGGATTCCGATATTTCTTCTGTGCTCTCGCTCGTAGGAGGGCCGAAAGAGGATGCAAACCTTGAAAAGGCCAAGCTGCTCCGCCACAAGCCCGATGAAGATGGTACCCAGACATACCCGATCAACCTCGAATCATATTTTGAAGAGGGCGACCGTTCCGAATTTGTCGAACTCAAACCAAACGATACCCTTGTGATTCCTGAAGACAAAGGGCTCGATACCAACATGGCGCTTCGTATTGCGGCACTTATCGTTTCAGCGGCAAGTGTTGTTGCCATCGCAACAAGGTAGAGTGGGACGTATAGGTAATGGTTAATGGGGATTAGGCGATAGGTAATAGGGATTAGATAATAGGTGGAGTGGGTTTTTGGGTCTGACCTGAGGATGTAAAAGTGAGAAGGCAAAAGACATAAGTGATTCATAATGGAGCCCGGGGTCGCGTTGCGCTTGCCCGAGGATGACATTTTTTATCTTTTCCTTAGCACTTAGCACTTAGCACTTAGCACTTAGCACTTAGCACTTAGCACTTAGCACTTAGCACTTAGCACTTAGCACTTAGCACTTAGCACTTAGCACTTAGCACTTAGCACTCACAGAACTAAATATTGTTTGATGGCGGATAATGAAAATCAGATAGAGCAAGAGATAAACATTCAGGAGCTGCTGCAGGTCCTGTGGAAGAATAGAGTCCTGATCGGAGTGGTGACCGGTGTGGCTCTGGTGCTGGTGCTCCTGTACCATTTCTCGGCAACTCCCGAGTATCGCTCGACTTCCGTTGTGCTTATCAAGACTGACAAGGGCGGTGTGGGTGAGATGATAAACCCGTTCGAGTCGATGACTGGTTTCGAGCTCCAGAACGATATCGAACTGATCAAGTCATTTCCGCTTGCCGAAGAAGTGGTTAGGGACTTGACTGCCCGGAAAGATCGTGATTCGTTGCAACTGTTTGGAGAGCGGCACTATGTTTCCCCTATCGGTGCTCTGTTCAGCGGCCTGCGATTCGGGATGGGAAAAGAAGAAGAAGCTGATTACGATCTGTTGATGCGCGAATACGCAAAAACGTTGCAAAAACGGGTATCGGTGGGTAATACCCGGGATACCGATATCCTGAAAGTATCGGTATCGAGTCCTTTTCCCGATGAAGCTGCCTTGTTGACCAATGCGATCTGTCAGTCCTACATGCGTAAAGACATAGAGTGGAACGCCGATCAGGCGATGTCGGTCAAGGAGTTTGTCAGTGAACAGCTGGCAAGTCAGCAGCGGGAGATCGCCGCAGTTGAGGACCAGCTGTCGTCCTATATGAAACAGCAAAATATCTATGAGCTGACCGGCAACGCCGAAAAACTGTTGGAAAAGCTGGTCGAGGCCGAGTCGCGTTACAACGATGCCCAGGCTGAGTACAATATTTTGAAAAACCGTCAGGACTTCCTGGTACAAAAACTCTCCGAGGAAGAAAAGGCGCTGAGCGCTAAAATAGCCAAAAATGTCGATCAGCAGTCAAAAGAGCTTAAGAGCCGTATCAAGCAGGAAGAAAAAACACTGATTACGCTGGCGGGAGAATCAGGTGCTGAAAGCAGTTCCTATATCGCCAAAAAACAGCAGCTCGATGTGCTCAAACAGCGGTTGCAGGAGCTGACCCGAAACATGATTGCCGGAGAACTGGCGTTCACCAGCAAAGCCCGTCAGTACCAGTTTGATCTTATCTCCGAGCAGTTGCAGACCGATGTTCGCCTTGCAGAACTCAGCTATATCGCTCAGGAGTATCAGCGATCTAAAAATTACTATGAAAGCCAGCTGAACAGGCTGCCGCAGAAACAGCTCAACTACGCCCGATTGCAACGGGATCGTGAAGTACTCAACAACACCTATACCTTCCTCAAAGAAAAGCTGGAAGAGTCGCGCATCAAGATAGCCTCGGAAGTCGGCAAGGTGGTGATCGTCGGCGCAGCGTTCCCTCCCATTGAACCCGTGGCACCGGATTTGAAGAAAAACTTGCTGATCGGCCTCATACTTGGGCTTGGCCTTGGCGGGGCTATAGTTTTTATAAGGGAGATGCTCGATCATTCCCTCAAGGATGATACTTTTCTTGAAGATCACGGTTACACCCCATTGGCAGCCATACCATATGTGGAAGATAGAAACGGTAAAGATCTGCCGAAAACCCTGAAAGGATCATTAGAACAGCTCACTGGCTATCTACCGAAATATGGTGACAATGGTAAGTCTTCAAA
CP110623.1_gap12	682848	685616	2768	AACATGGAAAACAGTTGAGTCGGGCCCTTATCCGTACAAGGAGGGTCTGCACCCGGTTGTGAAAAAAAACTACGGGAAATGGAAATATCATGAGTATCCCCGACCTGGGGTGTTGAAACACGTTGCCGAAAGCGGTGATGTGCTCTATACCGTGCGCGGAGGAACTCCCCGCCAGGATTCGGTTGATTTTATAAGGGTACTTTGTGATGTGGCCGATACCTATGCCGATGGATACCTACGGTTCACCACTCGAAACAACGTGGAATTTCTAACCCCGGATGAGGAAAAGGTTCAGCCGCTTATCGATGAACTCGAAAGCAGGGGAATTCCGGTCGGCGGTACCGGCAAGACCATTTCCCCGATTGCCCATACCCAGGGGTGGTTGCATTGTGATATTCCTGCAACTGACGCATCAGGTGTCGTCAAAGCACTGATGGATGAACTTATCGACGGTTTCAGAGGCATGGATTTCCCGAATAAGGTTAAGATCGTTACCCAGTGCTGTGAGCTGAACTGCGGTGGCCAGGGGGATATCGCGATTATCGTGAAACATACCCGTCCGCCCCGGATCAACCATGAAAATCTGAGTGAAATTTGCGAGCTGCCGAAAGTTGTCGCCCGTTGTCCGGTTGCTGCAATCCGTCCTACGGTTGTTAACGGCAAGAAATCGCTGGTGATCGATGAGGAAAAATGCATGTACTGCGGCGCCTGTTTCGGGGCGTGCCCTTCCATGGAGATCAATCACCCTGAATACTCCAAATTTGCCATTTGGGTTGCCGGAAAAAACAGTAACGCCAGATCAAAACCTGCTTTGATGAGCCTTGTGGCTCATGGTTTGCCGAATAATCCTCCCCGCTGGCCTGAGGTGGGTGCTGTTGTCAAGCAGATACTCGATGCCTATCGTAAGGGAGGGCGTCCATGGGAGAGACTGGGTGAATGGGTTGAAAGAATCGGTTGGAAACAGTTCTTCGAAGAGACCGGCCTCACCTTTGACGAGGATATGATCGATAACTACAGACATGCGAGAACAACATTCAATCAGTCCGCTCACGTACGGTTCTGATAAAAGGCAAGGAGTAGAACAATGAGTCAACTTGATCCCAAGGAGTCCAATCCAGTCCTTGATTTCGCTCTTAATTACGAGTATCCACCATATAAAGAGCAAGTGGGGCGGATAAGGTAGTTGCTTTCGGTGATGCCAGTCACAAATGTCCGATATATGTCGAGTGGCGGCCACCATGTAACGATGCATGCCCGGCTGGAAACGATATCCGCGCGTGGCTTACGACGGTGCAGCAGATAGAATCCAAAAAGCTGAACAAGGAAGAGGTATACCGGAAGGTCTGGTACGAGGTAAGCAAAACTCAGCCGTTACCCGCAGTATGTGGTCGCGTATGTCCCAATCCGTGTGAAGGCGGCTGCAACCGGAACGAGAAAGATGGTTCGGTAAGTATCAACGCCTTCGAGCGCTGGATAGGTGACTATGCCATAGAACATGGTTTTGAGCATGAAAAGCTGACCGATGAAGTCAGGCCTGAGCGAATCGCAGTTGTCGGTTCAGGTCCTGCGGGTTTGAGCTGTGCGTTTCAGCTCGCCCGCCGTGGCTATAATGTCACTGTTTTCGAAGCGTTTGAGGAAACAGGGGGAATGCTTCGATACGGAATACCTCCATACAGGTTGCCCCGTCACGTTATTGATGCCGAAGTGGGCGCAATTGAACGAATGGGGGTTGAAATCAGATGTAATACGGTTATAGGCAAGGATATCAGCCTTGATGAAATCAGGAAAAAATACGATGCGGTTTACCTCGCTATCGGTGCTCATAAGGGCATTCGGCTCGGTCTGGATGGTGAAGATGCTGAGAATGTCTATACCGGTGCGGAGTTTCTCAACCGTGTCCATTCAGACGAAAAAATCGATGTCGGTGATCAGGTTGTTGTGATCGGCGGTGGTGATACCGCCATCGATGCTGCACGTGTATCGTTGAGGCTGGGTGCTGGAAAGGTAACGATTCTTTATCGACGTACCCGTAACGAGATGCCTGCAATTGATCCTGAAATCGAGGAGGCGCTTGAAGAGAATGTCGATATTCAGTTTCTGACCGCTCCGATCGGTATTGTTACCGAAAACAACCGTGCAGTTGCTGTGAAGTGTCAGCGAATGGAACTTGGTGAACCTGACAAGAGTGGTCGAAGAAGACCGGTGCCGATCGAAGGTTCTGAGTTCGAAGTGCCTTGTTCCACGCTCATCCCATCTATTAGCCAGGAACCGGAATGGCTGGATGCCGAGCGTTATATCAGCGGCAGGGACTGGCTGAAGCCTAAAAAAGACTGGTCACTCGAAGACGGTGTATTTGCCGGAGGAGATGCGGTGAACCTCGGCCTTGTTTGCGGTGCTATCGGTGATGGAAGACGGGCTGCTGAAAGCATTCACGCCAAATTCACCGGGGAGTTCCGCCGGTTGAGGAGCGAAGAGTCATCAAAACTTCCGACATGAATCTCGAGTATTACGAGGGTGCAGAGAGGAGTGAAAGGACGCATCTTCCCCCTGACGTTCGCGTCAAGGATGGTCTCGAGACTGAAATCGACCAGGGGATCACTGAAGAACAGTTTGTCCATGAGGCAATGCGATGCATGAGTTGCGGGCTTTGTTTCGACTGTAAACAATGTGTTTCCTTCTGTCCGCATGAAACAATCCAGCGTTTCAAGGATAATCCCGTCGGTGAGGTGATGTATACCAAATATTCAGAGTGTGAGGGTTGCCACCTT
CP110623.1_gap13	688187	690748	2561	GCTTCTCGAAGATGTTGACGGTTTCCTGGATGTAACGCTTCCTGCATTATATGTTACGGATGTCGTTCTTCTTGCTGCCGTGACATTTCTGGTGATTCGACGGTTTCAGGATGTTAAAGTACGTCTGATATCGCTGCCTACCGATTATTTCCCGCTGTTCATGATTTTGGCGATAGCTCTGGTAGGGGTTCTCATGCGCTACATTGTCAAAGTTGATGTGATGTCGGTGAAAGACCTGATGGTCAATCTTGTCCACTTCAATCTCGCTCTTCCTGAAGGAATCGGTGCACTTTTCTATGTTCATCTTTTTCTTGTATGCGTTCTTGCCATGTATTTCCCATTCAGCAAGTTGATGCACATGGGCGGGATTTTCATGAGTCCGACACGTAATCTCGCTAACAACAGTCGTGAAAAAAGGCATGTGAATCCCTGGAATCCCGATATGAAGTTCAGGACCTATGCCGAATACGAAGATGAGTTCCGTGAAAAGATGAAAAAAGCGAACCTGCCGGTTGAAAAGAAATAACTATGCCGAAATTTGCTCCAAAACAATCGGAACTGAAAAAGGAGTTCGAGGAAAAACCAAGCCTCCTCAAAGGCGATTATCCTGACAAGGAGTTGTTCGATACGCCTGTAGAGTTCCGTGATGGAAACTGGTGTTATCCTGCCAAACCTGAAATTGTCGAGGATCTTGGATTCGCAAACCCAAGAAAGTGGTCGCCGACAGACGACGACTGGAAATTACCTGACGGGTGGGAAAAAACCATCAAGGATGGCATGAAAGATCGCCTTGAACGGTTCCGTTCTTTCAAGCTTTTTCTGGATACCTGCGTACGTTGCGGGGCTTGTGCCGACAAGTGTCATTTTTTCCTGGGTACAGGAGATCCCAAGAATATGCCGGTTGCACGAGCCGAACTTATCCGTTCCGTGTATCGAAATGATTTTCCCCTTGCTGAAAAAATCCTCAAGGGTTTTTCCGGGGCGAGAAAGCTGACGCCCGAGGTTATCAAGGAGTGGCATATGTACTTCCACCAGTGTACCGAGTGCCGCCGCTGTTCCGTTTTCTGTCCGTTCGGTATCGATACTGCAGAGATCACGATGATGGGCAGGGAACTGCTGCACCTTATCGGGGTTAACAATAACTGGATTCTTGAGCCGGTATCGAACTGCAACCGAACCGGGAACCATCTGGGTATCGAACCGCACACATTTGTGCAGAATATCGAGTCGCTTGCTGAAGACATTGAAGATCTTACAGGGGTTACCGTTAATCCAACATTCAACCGTAAGGGAGCTGAAGTGTTGTTCATAACACCTTCCGGTGATGTGTTTGCCGAACCGGGCGTCTATACAATGATGGGTTATATGATGCTTTTCGAGCACATCGGTCTGGATTACACCATAAGCACTTACGCTTCGGAAGGGGGGAATTTTGGGTTTTTCACCTCTAACGAGATGGCAAAGAAGCTCAATGCCAAAATGTACCATGAGGCTAAGCGATTGGGTGTCAAATGGATACTTGGCGGTGAATGCGGTCATATGTGGAGAGTCGTGCATCAGTACATGGATACCATGAACGGTCCGGCTGATTTTCTCGAACAACCGGTTTCACCCTTGACCGGAACGAAATTCGCCAACGCCGCATCTACAAAAATGGTTCATATTGTCGAGTTTACCGCGGATCTCATCAAACACGGTAAACTGAAACTCGATCCCAAGCGTAACGATCATCTGCGAACGACGTTCCATGATTCCTGTAACATTGCCAGGGGGATGGGGATGCTCGAAGAACCGAGGTATGTACTGAATAATGTATGCAATACCTTTCATGAGATGCCGGAAAACACCATTCGTGAGCAGACGTTCTGCTGCGGTTCGGGTAGTGGTATCAATACCGAAGAGTATATGGATATTCGTTTAAGAGGCGGCTTTCCCAGAGCCAATGCAGTCAGGCATGTCAAGGAGAAACACGATGTGGACTCCCTTGTTACTATCTGCGCTATCGATCGCGCTACGCTTCCTGCCCTTATGAATTACTGGAATCCCGGAGTTTCAGTCTACGGACTTCACGAGTTGGTCGGAAACGCTCTTGTTATGGAGGGCGAAAACAAAAGAACCGAGGACATGAGGGAAGACCCAATGGCCGGATTCGAAGGCGAGGAGGAAGATGAAGATTAGGGAACGTATACTTGTCTTTGGGGGGTTGGCGCTGTTTTTCTTTGCGGTAACCTATGCATTCTGGCAGGAAGGTGAAGCAAAAAAAATTTCGACACCGGTTGCAAAAGGTCCCGGTGAACACTGTGTCGAGTCAAGAGAATACATGCGNGAGAACCACATGCTTCTGTTGAACAAATGGCGTCATTCGGCGGTGCGTGAGGGTGAACGCATTCATGTAACTCCTGACGGCAGAGAGTTTGAAAAAAGCCTGAACACTTGCTTTCAATGTCATGGCAGCAGGGGATTTTGTATAAACTGTCACACCTACGCTGGCGCAAAACCGAACTGCTATGGATGTCATCATGAAATGTAGAAAACAATGTGATGAACGAGAATAGAAGAGA
CP110623.1_gap14	718379	719092	713	CAGTGACGTTGTCGATATTTTCCTGTTTGCATCTGATAAACTGGGTGAGGTTATCCTGGATAATCTGTTTCTTTTCGAAATAAACTTTCTCGTCACGGATGTAACGATCGACAAAGGCAATTGCGACGGTTAGTGTCAGGTCACGATTTTTCCTGAAAGCCATGACCTTGATATCCTTGCCTGTTTCAGGATATGCATACTTGAAAATGTTCGAATTGAGGTATTGTTCTGTCTCAAATACAAGCCGTTCCGTTTCGGTTCGCGGAGCATGTCCGACACCGACCGACGTGTCGTTTGCTCCGATAACCGGTCGTGAGAAGGTATCGGTAAGCTCAGGAGAGCCTGGTTTGATTTCATTCTGGTAGATGATGTTGACTTCCGGATCAACAAACCGCAGATTTTTACGAAGCCATTTTTTTGCAGCGGCTTCGGCAATTTCGCCCACCTGAATGACTGTGCCGTCATGGGTGTAGGTTGCGCGATCACCGAAGATGATTTTCATGGGCTCGATAACTTTTCCTCCTCCCGGTTGGGGCATTGTTCGCCCGGCAACAAGCATCCCTTTATCGATGTTGTGGTGCAGGATCCGTCCGAAACGGTCGTTATATTCCTTGCAAAGGGCTATACAAACGGCTTCCATGATGGAATCACACATGGTATCAGGGTGGGCAATGCCCTTGCGCTCAACAAGTTCCGTCTGCTGCTGCTCAACA
CP110623.1_gap15	734555	737444	2889	TGATTGCCCCATCGATAATGAGGTTGGCCACCTTGATGATGTTGCGGAGTTCGAGTATCTGGGTTGTAACCTTTGTTTTCTTGTAGTATTGCTCGGTCTCTTCCTTGAGAAACTCGATCCTTCGTTTTGCCCTCTGGAGTCTGAGGTCACTGCGTACGATGCCTACATAGTCGTTCATTACCTGCTGAGCTTCTTTTTTGTTGTGTGAAACAAGGATCCACTCTTCCGGGTTCACGGTTCCACTGTCGTCCCAGTCCGGAAAGGGAGTGTCGTTATGGAGTGTTATAACGGCTTTTCTGATATCGGTAAAGGCCCGGTGGGCGAAAACAAGTGCTTCGAGAAGTGAGTTGCTCGCCAGCCTGTTCGCACCATGAACTCCCGTACAGGTTGTTTCTCCACACGCATAAAGGCGGTTGATGCTCGTTCTTCCGAAGGAATCTGTTTTAATACCTCCACATGAGTAATGCGCAGCCGGCACCACCGGTATCATCTCTTTCGTAAGGTCAATGCCATACTCAAGGCAGGTTTCGTAAATGTTGGGAAAATGCTCGATGGTTTTCTGAGGGTCGAGGTGCGTAACGTCAAGAAAAACACACTCATCACCGGTTTTCTTCATTTCGGAATCAATCGCGCGTGCAACGATATCCCTTGGTGCAAGATTTTCCCGTTTATCGTACTTGTGCATGAATTCCTGGCCGTTTTTCAGCTTGAGAACCCCTCCGAAACCACGTACTGCCTCGGAGATAAGAAATGATTTTGCCTTGGGATGATAGAGTGAAGTCGGGTGGAACTGAACGAACTCCATATTTGCTATTGTTGCTCCGGCCCGGTATGCCATTGCGATACCATCTCCGGTCGCTATGGATGGGTTTGTCGTATGTAGATAAACCTGGCCCAAGCCGCCTGAGGCGACCATGGTTATTTTGGCAAGTATTTTTTTCAGTTTCCTGTTTTTCGAGTCAAGCGTGTATGCGCCATAACAGTTGATATCATTGGTTTTGATGCCAAGATGGTGCTCCGTTAGAAGCTCTACGGCGAAATGGTGCTCGAGCAACGTTATGTTCGTATGGCGGTTGACTCTTTCAAGCAGCGCCTGTTCAACTTCCTGACCGGTGAGGTCTTTGGCATGGACGATTCTTTTTCTGGAATGCCCTCCTTCTCTGCCAAGGTCCAGGTTTTCACCGTTTGTCGTCGTGAAATCAACGCCAAGTTCAATCAGTTTTTTGATATGTTGCGGACCCTCTCTGACCATGAGAGAAACCATTTCATGGTTACACAGCCCTGCACCTGCATCGAGTGTATCCTCTATATGAAGTTCGGCGCTGTCGTTTTCGCCAACAGTTGCAGCAATACCTCCCTGGGCCCAATTGGTATTCGAAACACAGCTTTCTTTTTTTGTAATAATGGTTACACTTGCGTAGTCGGCGATGTGCAGTGCAAAATATAAGCCTCCGATGCCACTGCCGATGACCAGGACATCGGTTTTAATTTCTTCTTTCATAAATGACTATGGGGATATGTTACGAGGAATAGTCGGTGAGGTTGCTGTGTGTTTTGGTTGATACATATTCCAGGAAAAACACAAGAATCAGCCCTGTTACCATCAACATCATAACGGAAGTGACCATGGGGTCGGACCCGGTAGTCTGAAGATAGGTTTCAGGCGTGACGTTGGATGAAAAGAGCAGGGCGTTTTTGCCGTCGGCTACTGCATCAGCAACAGCTATTTTCCATGGCCACACCTTGGTTAATGAACCGATCATGATTCCGGCAAGCAGCATCATTGTCTGGTCATGATAACGTTGCAAGAGCTTTGAAAGAATTCTGACGAAACCAAGCAGCCCAACAAGGCATCCCACTCCGAAAACAGCAATGACAGCAACGTTGAACTCTTTGATGGCTTCAAGAATAAATGAGTATTTCCCCAAAAGCAGTAAAATGAAACTGCCGGATATGCCGGGTAGTATCATGGCACATATGGCGATTGCGCCTGAGAGAAAGATGAACCACCAGCTTTCAGGGGTTGTTACGGGGGAGAGGCTCGTTATTACAAAGGCTGAAAGCATCCCCAGGAGTCCTGCTGTCCAGGCGATAAGGGAATGTGTTTTTACTTTCCGAACGATAACTACGGCTGATGCGATAATGAGCCCGAAAAAAAACGAGAGCAATAGCAATACATGGTTTTCGAGCAGAAATACAATTGTATTGGACAATGTGATGATGCTGATGAGGATACCGAGAAACAGACTCAGTAGAAAGCTTCCGTTGATGGTTTTCCAAAAAGAGTGAAATTCAAAACGGAATAATTTTCTCAGCGCCGAGCTGTTTATCGATTTCAGTGAAGCTATAAGGGTTTCGTAGATTCCGGTGATAAATGCAATGGTACCGCCGGAAACACCCGGAATCACATCTGCCGCACCCATCAGGATGCCTTTGATGGTTACAGGAAGATAGTATTGTACTATTTTTAAAACCATTGAGTTGATCGTATTCAGCGTCAGTTCCTGTTATCGTTGTTTTTCTTTCTGAGATATTTCAGTGAGTTGGCAATGATGATAATGATACCCACAAGAATAATATAATGTACAAAATCAACCAGATCGGGGAACAGGGCTGCAAGAAAATAACCGGCCGAAGTAAAACAAAGTACCCAGACGACAGATCCTGATATGCTGTAAAAAAGAAAAACCGGGTATGGCATTTTTGCCACACCGGCAAGTGTTGCGGTAAAGCTTCTTACCACAGGAACGAAACGTGCGAGAAAAACCGCTTTTGAGCCGTGCTTTTCGTAAAACCGTTCTGTTTTGTCGAGATGTTCTTTGCGGAAGAACATCGTTTCCTTTTTGTTCAAAAAGGCTCGTTGAAGCTGTGAGCCGATGAAATAGCCGG
CP110623.1_gap16	774865	779175	4310	TAGTAGGTATTACATGTTTTTCAAGGCAATCGGTTGTCTGTTGCAAGCATTTTCCTAAGCCGTTCTTTAACCGAACCGGTAGGCATTTGTTTTCCAGTCCAGATCTCGAATGACCGAGATGCCTGGGCAACAAGCATCTCGATTCCGGGGATGGTCACAGCGCCTGCCTGGCAAGCCATTTGTAACAGACGGGTGTCTATAGGATTGTAGACCATATCGAAAATAATCTGGTTCTCGTGAATTGCTCCCGTACCGTCCGGAATGATGCTGTTGTCATGTTCTGTACCCAGCCCTTTTGTACCGATTGGAGTAGCGTTGATCAGAAGTTTGCAATGACTGATCGCGGGATAGTCATCGAGTGGGTGGATTGAAAAAGATGCCGGTGGAATGCTATTCTGAAAATGATGACAAAGCGCTTGGCCTTTTTCCCTGTTTCTGGTAAACAAACGGATGGCCGAAGGACTGAAATTGCTGTTTAATGCTTCAACAGCCGCCATGGCGGCTCCTCCATTGCCGAAAATCCCTACAGGTTGTCCTTTTATCATTGACAGGTAAGGTTCGAGAGGCGTAACGATTCCCGCAATATCCGTATTGTAACCTGTAAGAATTCCCCTGTCATTGACGATGGTATTGACTGCGCCAACAGCCTGCGCTTCGGGAGAGAGCTGTCCNATGCAGGCAACAACATCTTGTTTGTATGGGATTGTGACGTTGAAACCTGCTATACCGAGTGCTTTTGCTCCTTCAAGTGCCGGAAGGATCTGATCGGAAGACGAGATGTTGAAAATCGTATAATAATAGGGCAGCTGCAGTATTTCCGCAGCTGCATTATGAATATAGGGCGAGTAGGAATAGTCGACGTTTCTGCCGATCAGCCCAAGGATTTTTTTTGCGCTGTACATACAGTCAGGTACCGATGCTCAAATTATGCCAAGTATTTTGCGAATGGAGTCCTGATTGTACAGCTCGGGAAAAGTGCTTTTGAAAAGTTGTTTTTTCCCTGGATCGATGGTGAACGCTTTTGTCAATGCGATGATGGTGCTTTTTTTATCACCAAGAGCGAAATAGGTGGCGGCTATTTCAAAATGCGCTTCAGCAGACTGTGGCTGAAGCTGCAGTGATTTTTCGAGAGCATTGATGGATTCAGTATACAACGACGCTTCTCGAAGAACAAGAGCGTAATCAACCCATATTGCNGGCGATTCGGCTTCCAGCTCAAGGATTTTCTCATACGTTTGAATCGAAAAATCCAGGCTNCCNATATTATAATAGGTCTCGGCTTTCAGCAGAAGAAAATCGACCGATCCCGGAATATACTCGAGTGCATGATTGATGGATTGTAACGCCTTGTCGTAGGCTTTATCGGCTTCATAACAACAGGCGAGAGCAAACCATGCATCGGCAAAGTCCGGTTTCAGTTCTATGCAGCGCGAGTAATGGGAAATAGCGCTATCATATTCTTCAAGTTCTTCATAAGCGATCCCGAGGTTGTAAAGAGCATTGATGTCGTCAGGTTCGAACTCGATGGTTTTAAGGTAACTTTCAGCAGCTTCTTCTATTTTGCCGGTTATTGCCAGCACGTTTGCCCGATTGTACCATGCGGAACTGAAATCATCAGCGATAGCTATGGCCATATCGTAACACTCAAGGGCTTCGTCGTATTTTTTAAGTTTACTGAGGACAAGTCCCTTGTTGTACCAGGCATTGACATTATAAGGGTCCTGGTCGATGGTTTTTTGATAGCAGGCAGAGCTTTCCTCCATCTTTCCAAGAACATCCTTACAGAATGCCAGTTCGTACCAGGCTTCGGTAAAATCAGGTTCAAGATCAAGACATTTTTCCAGGTATATTTCAGACTCTGTGTAACGTTCCAGCTTCTGCAGAATCAGGCCCCGGTAAAAATAAAGCTCTTTTTCGAGGGACGAGTCAAAAATAATGGAGTCAAGTTTTTCAAAAGCCGCTTGATAATCAGCAGTATTGAAATGTGCAAGAGCGAGGTTCAGCATCATTTCACTGTCCGCTGGACTGAGTAGAGCAGCTTTGGCGAACGCTTCCTTTGCATCATCAAAAAAACCGTTCACAGTCAAACAGTTTCCTAAATGAAACCATGATTCGGCATTATAGGAAGCGATTTCGGTTAAATGACGGGCGACAGTCAGTGCGTCCTGATGTTTTCCCTCATCATTGAACTGATTGATTATCTCAATCAGTTGCTCACTATCGTATATGGATGTTAAATCGAGATCGTCAAGTTGAACTTTTCCGAAAGAACCATTCGTGTCGTAATTGCCGCCTTCATCAAAGAAGTCAAGGAAGCTCATAGATGTGGAGTATATTTTCTTCTTCGTTTCCTTCTACTACATGTCAAAATAAATATACGAGATTTTTTGCAAAAAGAGAGCTTCACGGAAAACGCTTTCAAACAATCCTTCTGTCGGTCGGCATGGTGCCGTATCGCAGTCATGTGCCACCGTTTTTTTCNGGATTGTTCCTCTCATAGAAAAATTTTACGACGGATTCTGCCATTTTGGATCCGATTACTGTCTGGAGTTGTTCCTGAGAAGCATGTGAAATCTGTTCGGTCGAACCAAAATGTTCCAGAAGCTTCATAGCGCTTTTCTCCCCTATACCCGGAATATCGGTCAGAGACGTTTTAAGGGTGCGCGTTGTTCGCAGTTTTCGATGGTAGCTTATCGCGAAGCGGTGAGCTTCATCGCGTAATCGCTGCAAGAGCTTGAGCGCTGGTGAAGTCTTGGGAAGATTAAATGGATCACCGATTCCGGGCAGATAGATTTCTTCAAGACGTTTTGCAAGGCCGATTACCGGCACGTTGATTTGCAATTCAGTGAGAGTTTTCCTGGCAATGTTAACCTGGCCTTTTCCGCCATCAATTACAATAAGGTCAGGGATCGGAAGCTCTTTCGAGAGTTTCCCGCTGTAACGGCGTACCAGTGCCTCGTGCATGGCTGCATAGTCGTCGGAGCCTTCAATACTCCGCAGTTTGAATTTTCTGTATTCGGACTTTCTTGGTTTTCCATCGGTAAAGCATACCATTGAACTGGTGTAGTCACTGCCTTGAAAATGAGAGTTGTCGAAACATTCGATTCTTTTGGGCAAGTGTTCGAGATGGAGTGTTTCTTGCAGGGCTTTGAGAGCAGGATGTTCCCGAGCAATTTCACCGCGCTTTTGTTTTTCTATCAGATATTCCTGTAAGTGATGGCGGGCATTTTCCTGACACATCTCCACAAGTTTGGCCTTTTCTCCTCTCTGCGGAGTTATGAAGCGTATCGATTTGATGACGGATGTATCTTGTTTTTTTGGATTGGAAAGCAGCGAGTGAAGAGCTTTTTGGTTCTCTGCCGGTAGAGCGGCCTGCGTGAAAATTTCCTGTGGAATAAGGTCCGGAGTTTCCAGGTAGTATTTTTCAAGGAATTTCGACAGCAGGTTTGCAGTTGGTTCTTCTTCTGTATTTGAGAAATACATTCTCTGAGACCCGAGCAGTTTGCCTTCTCGAATTTTAAAGACAATTCCACATGCGTCGTCTCCTTGCCTTGCTATTGCGAAAACGTCACGGTCAACCTGATCGTTTGTGACAACTTTCTGACGTTCAGCATATTTTTTCAAACCGTCAATCTGCATTTTCAGCTCGGCAGCCTCTTCGAACTTGAGTTGTTCGGCGCATCGTCGCATCTCTTTACTCAGTGAGCGGACCAGTTCGGAAGTTTTGCCTTTCAGCAGTCTGATAACTTCATCGATCATAGCATTGTATTCCGCTTCAGACTGAAACCCTTCACACGGTCCCTTGCATTTGTGAATGTGGTAGTCCAGACAAACCGTGAATTTTTTTTGCCGGATATTCTCTTCACTCAGCTTGAGCTTGCAACTCCTGACCTGAAATATCGAACTGATCAGCTCGAGCACTGAACGAAGTTGCCGGGCTTCGGTGTAGGGCCCGAAATATGTCGAGCCGTCTTTTTTTACATGCCGGGTAATGAATATTCTCGGAAAAGGTTCCCTGGTTATTACCAGGTAAGGATACGTTTTGTCATCCTTGAGATTGATGTTGTAGCGAGGCTTGAGCTGCTTGATGAGATTGTTTTCAAGAATAAGCGCTTCGACTTCGGAAGAGGTTATGATGACCTCGAGATCAGCAATATGATTGACGAGAATTCGGGTTTTTCCATATAACTGGTTGCTGTTGCCGAAATATGAACGGACTCTTGAGCGCAGACTTTTTGCTTTTCCAACGTAGATAACGTTTCCCCTGGAGTTTTTAAACTGGTATATACCAGGGTTTGACGGCAGGGCGG
CP110623.1_gap17	797858	801938	4080	CCCGTTGGTCGCAACGCACAGAAGCATGTCGGGATACTTCTGCCGGACAAGTCGAAGTGTTTCCATGGTGTCCTCGGGGTTTGCAAAAGGGTCACCTGGTCCCGCGATGCCTACAACGGCGATATTTGGTGACAGTTCAAGTGCCCGGTCGAGGTAATGCAGAGCCTGGTGAGGGGAAAGTACCCTGCTGGTGACACCTGGCCGGTTTTCGTTCAGACAATCGAATTTCCTGTTACAGTAATTGCACTGGATATTGCACTTCGGTGCAACTGGGAGGTGAATGCGCCCGAAAGTGTGCCTCGATCTGTCGTTGAAGCATGGATGTTTTTCAATAGATAACGTCATGATACGTCCCCTTACATATATGTATAGCCGATTGGTGATGAATTTTGTCTGTATTCGATAACGGTGTTTACGATTCTGTCAAACAGTTCCTGGGTTCCCTTGTACCCAAGATGATGCAGCCGTTGTCCTCCGAATCTGTCATGAATCGGGAATCCGATACGGATGATCGGAATGTGATTTTTCCGCGACATGGTAAAGCCTTTGCTGTTGCCGATAAGGAGATCCGGCTTGAGGATTTTTGCCTCGCCTCTATGTCGACGAAATCGACCCCGTCTCGGACTTTTATACCGAGGTCATTAAGGTCCGGCACCATTTCCTCAAGGCGTTTTTTCAGGAAACCGCTTTTCCCTCCTGACGCACAAAGAACCGGTGTTATACCTATTTCTCTCAGGAAAGCGGTTATGGCGATCACAAGATCTTCCTCGCCGTAAACGATTGCTTTTTTCCCGAATACGTATTTGTGCCCATCAACGTAGGAATCGACAAGCCGTCGCCGTTCATCTTCGTATCTGTGAGGCAGAGGCGTCTCTGAAAGTTTTTCGAGCAGGTTGAAAAACGCATCGCTTTGTTTTATGCCTATAGGCAAAGAGAGTCGATAAGAAGGGACATCAAATTTTTCTTCAAGGTATCCGGCAGGTGACTTTTCACCGTTAAGGACCGAGGTGAACTCGATGCTTGCCGCTGCGGTTCCACTTTTTCGGATGCATGCTGTGGGTTCCCCCTTTGGGGATCCTGTGGTATTCTCCCCATGGCCCTCCATCAAGTGTTTCCGAGTAGTCTGGGAGAAGTACGAAGGGGATGCTGAAGCTTTCGAGGATCTCCTTGAGGTACCGCAGGTCTGCCGGTGAAACCATGTTGGGAAAGAGGGTCAAAAGGTTTCGTTTCGTTCCTCCTTCTGCAAGTTGAGCGACTGTTGCTCTCATCGCGGCATGAAAACCGTCGATATGCGTTCCCTGGTAGCTTGGAGTCGATGCATGGATCATCACGGGCTGGGTAGAGCCGGATCGGATTCACTGCCATACTCTCTGAGGATCATGTCCACATCGTCACCGATGGTTTCAGAGAGGCAGGTTGTCGCAATTCCGATTATCTCGGGTTTGTATTGCTTTGTGATGTTCTGCAAACCGAGCTTAAGATTGTGGCTGCCCCGAAAACCGCCGTGTCTTCGTTGAAGTTCGACGATGCAATGTCAACCGGCTCCTTGAAGTGGCTGATGAGGTAACGGCGAATGTATGTTGCGCATCCTTGGGAGCCGTGCAGGAACGGAACACATCTTTCTATTCCTTGAATGCCAGGCAAGCTCCAAGCGGGTTACAAAGTTTGCAGCGTTCTGGGTTGCTGTTTTTGCTGTTTTCATGAGAGACCTCCTTTTCTTGGAGCAAACTGCCATACCGGACTCATGACAGACTCGTAGACTTCTTTTGCGAAATTGTACATGCCGATAAAACCGGCAAGCGGGATCTTTCTTTCGTGGTTATGGTCACAGAAGCTTACACCGAGTTTATAGGCGATCGGTCGCTCCTTGACGCCTCCGATCAAGAGGTCGGCTTCTTTTTCGAGAATGAATTTTGAGAGTTCGACAGGGTTTGAGTCGTCGACGATAATTGTTCCTTCATCGCACATTCCTTTCAATCCTTCATAATCGTCTTTGTTGCCGGTTTGTGAGCCGGCAAGAACGACATCCATGCCTAGTGAATCGAGCGCCTTGATCAGCGAAAAGGCCTTGAATGCTCCGCCAACGTAGATTGCGGCTTTTTTCCTGTCAAGCGCTTTACGAAATTCCAGAAGCTGCGGGTAGAGTTCACCAACTTCGCGGCTGACCACTTTCTTGGTGGCCTGAAGAATTTCCGGGTTGTCACTGAAATGGGATGCGACATCATAAAGCGCTTTCGACATATCCTCGATACCGAAATAAGAAACCCTCAGGTAAGGGATGCCGTATTTTTCTTCCATCATTTTTGCCAGCCTGACCATCGAACCGGAACACTGAACAATGTTCAGTGAAGCGCCGTGTGAGCGTCTGATGTCGTCTACCCTGCCGTCTCCGGTCATGGTAGAAACAACCTCGATGCCCATCTGTTCGTAGTAGTCCTTGATGATCCAGGCTTCGCCTGCAAGATTGAACTCGCCCAGAATGTTGATGCTGTATTTTCCGATTCCTTCGGTGGAACCTGTCCCGACGATTTTCATCAGTGCATCACAGGCGGCTTTGTAACCGTCTTTCTTGGTTCCTTTAAAACCTTCGGAGTGCACGGGAAGAACCGGTATGCCTTTTTCTTTCGAGACTTTTTTACAGACAGCGTCGATATCGTCTCCGATGAGTCCGATGATACAGGTCGAGTAGATAAATGCGGCTTTCGGCTCATACTGATCAATGAGTTCAAGAAGCGATTTGTAAAGTTTCTTTTCTCCGCCGTAAATGACATCCATTTCTTTCAGGTCGGTGGAAAAGCTCAGGCGGTGCAGCTCGGGTCCTGAAGAGACGGCCCCCCGGATATCCCAGGTGTACGCAGCGCATCCTATGGGGCCGTGAACGACATGTAGAGCGTCTGCAACCGGGTAGAGCACGACACGTGAGCCACAGAAGACACAGGCTCTCTGGCTAACCGACCGGAAAGACTGGTGGTTTCGCATTTGATGTCGAATGTTTCGGATTCTTTGTTTTTTTCAAAAACCTGTTTTTTTCTTCCCTCGAGTATTTCAAGTTTTTCCATGGCTTCTACCCCAGGTTCAATGGTTTACATAACGAGTTCGAACGATTCTTCAGGAGCGTCGCGATCCTGCCGGTCCATGAGGACTCCGAGTATTTTCTCGGCAAGCCTGATAGCCCCCATGTAGCCGATGTTCGGGAAATAGCTGTGTCCGATACGATCAAGAATCGGGAAACCATAGCGGACAAAAGGTATGTCCTCGTCGCGGGCAATGTATTTGCCGTACGTGTTTCCGATCAGGAGATCGACAGGTTCGTTCTTTATCCACTGGTGCAGCAAAAAGATATCGGCCTGAGGACCGTTTTTGACATTTGCATCCGCATGAGTGTCAGCCAGTATGGCACGAATACGTTGTTCGAACCGTTTGCCCGGAGTTCCGCTGATGATATGAACCGGCTTCATGTTCAGGTCGAGCAGAAATTCGGTAAGCGGAACAAGGTCGTCAGGGTCACCGAACAATGCTACTTTTTTACCATGGAAGTATTGTTCCATATCGGTCATAAGGTCGACAAGTCTTCCTCTTTCATCCGTGATCGACTCGGGTATTTTTACACCGGCAGTCTTGCTCAATCTCATCAGAAAACGGTCGGTAGCTCTCAGTCCGACAGGAATGTCTTCGGTTTTGAACGGAACCTTGCATTTTTTGTCGAGAGCGACAGCACCCGGTTCACCGCTGAAACAGCCCAATGCGATCGATGATTTGCTCTCACCGGTGCTTTTCAAGTCGGGCACTCTGATGCCGCCTTTGGGGTAGAAAACATGTTTTCCTGTCTGTGGCGCATCGAGCACATCCGATGTATCGGGAAAAAGCTGAATCGTTACGCCGAGTTCTTTGGCAAGCCTTTTGATTTCCCGCATGTCTGAAGGTTCCATCCATCCTGCAACAATGTTGATCTGTTCGATCGGTTTACCGGTATTCTCCGCAAACTGCTCGGCCATGGCTGCGACCATGTTGGCATAACCGGTGACGTGTGAACCCACAAAACTCGGCGTGGGCGCGTAAATCACATGTTTTCCTTCGGGG
CP110623.1_gap18	879369	881777	2408	TTCGCAGATTTTTTCCGATCCTTTGCATCCCTATACCAAAGGTTACTGAAGTCGATTCCGAGGATCGGTTCAAAACAGCAACGTCTTAACGTTATCGAAGGAAATGTTCCCAGGCGACGCGTCTTCCCGACGGGTGCAGATTTGCCAATCGCTGTCCTTTGGCAGATGAGCTTGTCGAAAAGTTGAACCTCAACTTGAGGAATATGACCCTGGACATAAGGCAGCCTGTGGAAAATTCATGCCTAATCGTGTTGAATAGGGTAGATTTTTCACTTTCGTAACATTCTTCGGTGATGTTGCCGGACTGGAAATGACGGGCTTTTCTGAAATGCCAAGCATAATACCTATATTTCCCCCTGAATTGCATGTATCAGGCTTTTCCAAACCGTCCACTTATGATGCTATGCCCGAGCCATTGATTCTTGTCGTGGAGGATGACCGTAACTGGCAAAACTTTTGAAATACAATCTTGAAAAAGCCAGTTACAAATGTTTTCTGGCTGAATCGGGGGAAGATGCTCTGCAGTTGCTTGCGGAAAGAGATGTCGATCTTGTTTTGCTTGACATTATGCTTCCTGGTATCGATGGTTTCGAAGTTTGCAGGAGAATACGCCAGCACCAGCTTTTCAGGGATCTTCCCATTGTGATGCTGACTGCAAAAGGAGAAGAGATCGACAAAGTGCTGGGTTTTGAACTTGGCATCGATGACTATGTTGTCAAACCTTTCAGTCCCCGTGAGTTGAATCTCAGAATTCGTGCTATTCTCAAGCGTGACAGAAGAGGAAAGCGGGATACAAGAGAGGTCATGAAATGCGAGGGCCTCGAAGTCGATATTGCCAAACACAGTGTCAAGCTCAATGGCAAGGAAATTACCTTGACACTTATGGAGTTCAAGCTGCTTGCCGTACTTTTAAAAAGAAGAGGGCAGGCTCAGTCACGTGAAACGCTGCTCAGTGATGTATGGGACGTGGATAAGACCATAAACACTCGCACCATTGATACCCATATTACCAGGTTAAGAGAAAAACTCGGTAAAACCGGTAAACTTATCAAAACCGTAAGAGGGCTTGGTTACAAGCTCGAAGACAGCAGAGAGGGCGGTGAAAAAAACTAGCGTTTCTTTTAGACTTGGGCTGGTTTTCGGGGTTGTTATTTTTTTTACAGTTGCAATCAGCTACTTCTATCTTGGCGGCCAGCTTCGGTCGCTTTTCTATGATGATTTAAAAAATCAGTTATACAAGAAGCTACAGCTTAACCGTCAGCTTCTCGAGAGCAGGCCGGTACAGTGGGATGATATTACTGTGTCTGATCAATGGGCTGATGATGTCGGTTCGGCCCTGGAGCTTCGGGTAACGCTTATTTCAATGAATGGCGCGGTGATAGGAGATTCCTATATCGCTCCTGAGCGACTACCTTTTGTTGAAAACATATGCAACGGCCTGAGGTGCAACAGGCGCTTGTTGAAGGCATCGGTGAAGATACCCGCTTCAGTGAGACCGTAAAAGAGGACATGCTGTATATCGCGATAGTGCTTGGTTCCCAAAAACCTTTTGCCGTCCTGCGTTTTGCAAAGCCCTTGAGCCAAATCCGACGACTTGAGGCTGAAATTCGCAGAGGTGTTGAAGGGGCCTTGTTCTGGTCGCTGTTTATCCCTGATTTTCGGTGCGCTGACGGCTGTTTTTCTCGCAAGTCCACTGCGGCATATTGCGTTGGCCGCCGATAAGCTTGTCCACGGTGATTATTCCACCAAGCTTCAAGTGAAGCGCGGTGATGAAATAGGACAGCTTGCCAGGGCCTTAAACTATATCTCGGATGAGATGAAGCACATGAACCAGCAAGAGGAATGGTTCAAGGCGGTGTTTTCGAGCATTCGAGAAGCGATTATCGTTACTGATTCAAACGGTGTTGTCATGCTTGGAAATCCCGCTGCCTGTAGGTTTTTCAATCTGGATTGCGGGCAGATGATAAGGACAGGGGCCGGACGTAAGGTAACCGATGCCCGACTGCTTGATTTATTCGAGCGTATAAAAGTATCTGATTCACCGATTGCCAAAGAAGAGATTACCGTTATGACCGATCGTGGGGAAAGGGTTTTGCAGGTCAGCGCCATGCCGGTGATCAAGGACAATGTTTCTCAGGGAACGGTTTTTGTCCTCAACGATATTACCAGATTGCGTAACCTGGAGCGGGTACGAAGGGATTTCGTTTCAAGCGTTTCTCATGAGCTTCGTACACCGTTGACCAGTATTACAGGGTACACTGAAACACTTCTCGAAGGAGCTATACACGACCCTGAAAACGCCAAACATTTCTTGCAGATAATTCATCAGGAGAGCGAGCAACTGACGGCACTTATCAATGATGTACTCGATCTTTCGAAAATAGAGTCCGGTCGAATCAACTACAAGT
CP110623.1_gap19	906757	909262	2505	ATCGATCAAGTGGTGGGTGATCAACGGCAAAACAGGCCTTCGATCAAGGTGCATGCCGTCGAATCCGATTCGGTCACTCCACAGAATCCTCAGTTGCCGCTTTTACCCGGTCAGGATGTCAATACCAGGCCGGTCAGGAATATCGCCGGGACCAAAGACTATTCCGAGGCGGAGCTTCGTGAAGCCATTATCAAGAACATCGAGTACTCGAGCAATGCCGAGGCTCATTTCGATACGGCTTTCCAGCACGCCACCGAATGCGGTTTCGGCTGGCTCAGGGTGTTCTCGAAATGGAGCGATGACGATGTGTGGTCTCAGGATTTGGTGATCAAAAGCATTCGTAACCGGTTTTCCGTGTTGATGGATCCCGATGGTGTCGAGGAACCCGATTTCTCTTGTGCGAACTGGTGTTTCATCAGCCAGAATATGCGCAAGAAGGCTTTCGAGGCACTGTATCCCGACGCGTCTCTCGGGAGTCTCGGCGATCACGATGGCGATTACAGCCGTCACTGGCGATCGGAGGGTATGGTCAAGGTCGCCGAATATTTCTGGCGTGAACCTGTCGAGAGGAGGTTGTTGCTGCTCAGCGACGGGCGCACCGTCTGGGAGGACGAGGTCAGGGACGTGCTCGATGAACTGCAAGCGAGCGGTATCGTTCCTGTGCGTGACAGGGTCGTCGACTCGCACAAGGTCATGTGGGCCAAAATCACCGCTCATTCGATTCTGGAGGGTCCTACGGAACTGCCGTTCCGGACCATCCCCGTCGTGCCCGTTCTTGGCAAGGAGGTGACGATCGACAACTATACGTTTTATCGCGGTCTCGTTCGATACGCCAGGGACGCACAGAAAATGCATAACTACTGGATGTCGAAAGCGACTGCGAGGGTCGCTCTCGCTCCTCTTTCACCGTATATTCTCGATGCAGAGAGTATCGAGGGGTTCGAGCACATGTGGAAACAGGCGAACAAGAAGCCTTGGTCGTATCTGCCGTTTCGTCATCGTTCCGATGTTCCGGCTCCGAGACGCGAAATGCCACCGCAAATGCCTGCCGCGGAGTTACAGCTCGCTTTGGCCGCCAATGACGAACTCAAGGGCGTGATCGGGTTGCACGATGCCAGCCTGGGCAGGGTCGGCAACGAGATGAGCGGTAAAGCCATTCTCGCCCGCCAGAGGCAGGGTGACCGAGGTACGTTTTCCTTCATCGACAATCTTTCGAGGGCGTTACGCAGGGTTGGCAAGTTACTTATCGAGGGTATGGTCGTGTACGATACCGAGCGAAACATGCGTCTGAAATTTGTCGACGGTTCGGAAGACTGGGTGCGGATCAATCAAAGCGTCTTCGACGAGCAGTCCCGCAAGTGGGTCAACATCAACGATGTTTCCGCCGGTAAGTTCGATATTACCGTCAGTGTCGGGCCGAGCTACCAGACGCAGCGCATCGAGGCTGCCGATTCGCTCATGCAGTTCATTCAGGCCGTTCCCGGCGCCGCTCCCGTCGTGCTCGATCTCATCGCCAAGAACATGGATTGGCCGGGTGCCGACGAGATCGCCAAGAGACTCAAAAAGATCGTTCCCACTGGTGTGCTCGATCGTCAGGAAATGCTCGATGAAGGGATACTGCCGCCGCAACCGACGCCGCAACAACAAGCCGATATGGCGCAAGCCAGGGCTCAGGAGGCTTTCGCTCAGGCCAAATCTATCGAGGCTCAGGCGAAGATCGCCGAAATCGAAGCGGCGGCGCGATCGGCCGGGCCGGGGTCGTCCGAGGAGACGGTGAAAAGGCTGGTTGTCGAGGCTCTTTCCGAGGTGCTCGTGCCTTCTGTTTAGGTTTTTTCGATGCGTTGTCGTCGTGTTTCGGTTCGGTGCGGTTTCGTGTTGTTCGTTCTTCGCTGCTCGATGGCTTCGGTGCAATTTCGAGAGGTTTGAGAGCTCTCTTTTTTCAGTCGTCCCAGGGTCGAGCCCGAGGGTGACTCCATTATGACTCGTTACTGGATTAACGAGTCCGCCTCTTTTTTTCTTGATGTTTCAGACCTGGATATTATTAATCCGTTTGTTCGATTGCGAAAAATTGATAAGTACCTGAAAACGCTTACGGGAGGCATATGTCCCGGCTGTTTTCGCAATCGAACAAATGCGCTATGTCTGTCAAGTCTGTCACGAACGAAAGAAAAACGCTGGCTCCGGCAGCAACCCTGGAGCTTCCGACGAACATCAAGGACGGCACGTACGAGATCGTGCTGAGTGACAAACCTGTCGACAATCCGGCTATCGATCTGACTCATGAACCGTCGACACGGCGGAAAACCGATGACGGTGAGAATAAAGACGATAAGCGGGGAAAGGTCGACAAGCCCGACGATAAAAAGAATTCCGCTGATGATGCCAGCGCGGACGCGGAGGACCGGGATGCAAAACCCAGGGTCCCGAAAGGCGTTCAGAACCGCATCAACAGGCTGACTCGTGAAAAACGTGAACTCGAACGACTTCTCGAAGCTGAAAGAGCTG
CP110623.1_gap20	914087	916912	2825	ATGCTGGCGAGAATCGATGCGGATAGCGCTATCGCGTCGGATATCACGCAGCTTCAAACCGATCTCGGTTCCGTCGACGGGGCGGTTTCGGGTAATTCTTCAGCTATTTCCGCTCTCGATGCGAGAGTGACGACGAACGAAGGTGATATTTCCGTGAATGCGTCGGATATCATGTCTTTGCAAAGTGATTTGACAGACATTGGCGGCGACGTTTCCGGCAACAGTTCGGCTATTTCGACACTGCAGACTAATGTGTCGCAAAATATTTCCGATATCGCTTCGGTTCAGGCTGATGCTTCCCAGGCTCTTGCCGACGCGTCGTCGGCGCAAAGTACTGCCGATGCGGCTACGAATGCTGCCCAGTTGGCACAGGATACGGCCGATGGCAAGATAACCGCGTTTTACCAAGCCACGGCACCTTCCGGTGGTGTGGAAAGCGGTGACTTGTGGTTCGATACGAATGATGGTAATAAATGCTATCGCTGGACGGGATCGACATGGTCTGCGATAGACGACGCCCGTATTGCCGATGCGGTGTCGGCGGCTGCTACGGCGCAATCGACAGCCGACGGTAAGGTGGTGACGTTCGTCCAGTCGTCGCAACCGACTGCCGATGCCGTTGGTGATCTATGGTTCGACAGTGACGATAGTTACAAGGCGTATCGATGGAACGGAAGTTCATGGGCTTCGATGGTGGACAGGCGTGTATCGACGGCGTTGTCCGACGCTTCCCAGGCTCTTGCCGACGCGTCGTCGGCGCAAAGTACTGCCGATGCGGCTACGAATGCTGCCCAGTTGGCACAGGATATGGCCGATGGCAAGATAACCGCGTTTTACCAAGCCACGGCACCTTCCGGTGGTGTGGAAAGCGGTGACTTGTGGTTCGATACGAATGATGGTAATAAATGCTATCGCTGGACGGGATCGACATGGTCTGCGATAGACGACGCCCGTATTGCCGATGCGGTGTCGGCGGCTGCTACGGCGCAATCGACAGCCGACGGTAAGGTGGTGACGTTCGTCCAGTCGTCGCAACCGACTGCCGATGCCGTTGGTGATCTATGGTTCGACAGTGACGATAGTTACAAGGCGTATCGATGGAACGGAAGTTCATGGGCTTCGATGGTGGACAGGCGTGTATCGACGGCGTTGTCCGACGCTTCCCAGGCTCTTGCCGACGCGTCGTCGGCGCAAAGTACTGCCGATGCGGCTACGAATGCTGCCCAGTTGGCACAGGATACGGCCGATGGCAAGATAACCGCGTTTTACCAAGCCACGGCACCTTCCGGTGGTGTGGAAAGCGGTGACTTGTGGTTCGATACGAATGATGGTAATAAATGCTATCGCTGGACGGGATCGACATGGTCTGCGATAGACGACGCCCGTATTGCCGATGCGGTGTCGGCGGCTGCTACGGCGCAATCGACAGCCGACGGTAAGGTGGTGACGTTCGTCCAGTCGTCGCAACCGACTGCCGATGCCGTTGGTGATCTATGGTTCGACAGTGACGATAGTTACAAGGCGTATCGATGGAACGGAAGTTCATGGGCTTCGATGGTGGACAGGCGTGTATCGACGGCGTTGTCCGACGCTTCCCAGGCTCTTGCCGACGCGTCGTCGGCGCAAAGTACTGCCGATGCGGCTACGAATGCTGCCCAGTTGGCACAGGATACGGCCGATGGCAAGATAACCGCGTTTTACCAAGCCACGGCACCTTCCGGTGGTGTGGAAAGCGGTGACTTGTGGTTCGATACGAATGATGGTAATAAATGCTATCGCTGGACGGGATCGACATGGTCTGCGATAGACGACGCCCGTATTGCCGATGCGGTGTCGGCGGCTGCTACGGCGCAATCGACAGCCGACGGTAAGGTGGTGACGTTCGTCCAGTCGTCGCAACCGACTGCCGATGCCGTTGGTGATCTATGGTTCGACAGTGACGATAGTTACAAGGCGTATCGATGGAACGGAAGTTCATGGGCTTCGATGGTGGACAGGCGTGTATCGACGGCGTTGTCCGACGCTTCCCAGGCTCTTGCCGACGCGTCGTCGGCGCAAAGTACTGCCGATGCGGCTACGAATGCTGCCCAGTTGGCACAGGATACGGCCGATGGCAAGATAACCGCGTTTTACCAAGCCACGGCACCTTCCGGTGGTGTGGAAAGCGGTGACTTGTGGTTCGATACGAATGATGGTAATAAATGCTATCGCTGGACGGGATCGACATGGTCTGCGATAGACGACGCCCGTATTGCCGATGCGGTGTCGGCGGCTGCTACGGCGCAATCGACAGCCGACGGTAAGGTGGTGACGTTCGTCCAGTCGTCGCAACCGACTGCCGATGCCGTTGGTGATCTATGGTTCGACAGTGACGATAGTTACAAGGCGTATCGATGGAACGGAAGTTCATGGGCTTCGATGGTGGACAGGCGTGTATCGACGGCGTTGTCCGACGCTTCCCAGGCTCTTGCCGACGCGTCGTCGGCGCAAAGTACTGCCGATGCGGCTACGAATGCTGCCCAGTTGGCACAGGATACGGCCGATGGCAAGATAACCGCGTTTTACCAAGCCACGGCACCTTCCGGTGGTGTGGAAAGCGGTGACTTGTGGTTCGATACGAATGATGGTAATAAATGCTATCGCTGGACGGGATCGACATGGTCTGCGATAGACGACGCCCGTATTGCCGATGCGGTGTCGGCGGCTGCTACGGCGCAATCGACAGCCGACGGTAAGGTGGTGACGTTCGTCCAGTCGTCGCAACCGACTGCCGATGCCGTTGGTGATCTATGGTTCGACAGTGACGATAGTTACAAGATGCACCG
CP110623.1_gap21	978541	979521	980	GAGTTCAGAGCGGCTTACCATGAAGAAGCTGTAGCCTATGGCGGTTATCTTCCGAAACTCGACGCTACTGCAGGCATCGGCCGGGAGTGGGTGGACGGTGACAATCTGACGAAAGATGTTTATACTCGCAGGGGCGTCCGTCTGGAAGTGACGCAGATGCTGTTTGACGGTTTTTATACCCATCACCAGGTGTGCCGACTGAAGTGTGAGGGCAAGGCGCTTTATTTCGAGTTTCTCGATTCCATCGAGCAGGCCGGTCTCGAAGCTGTCAGGGCCTATGCCGACGTACAACGTTACCGGAACCTTGTCACGCTTGCTGAAAAAAACTATGCCTACCACCAGAAAATCTACAATCAGGTCAGTCGCCGAGTACGATCGGGTGTGAGTACCAGTGTGGACATGGAGCAGATAGAAGGGCGACTTGCATTGGCAAAGTCCAATCTCATTAACGAAAAAGCGAACCTGCATGACGTGACAGCACGTTACCAGCGGATTGTTGGAGAATTACCTCCGGACATACTACCGGAATTCGAGGTACCGGTATCGGCGATTCCTTTGAGTGTCGGGAGAGCGCTTGAAGAGTCTTATCGGAAGAACCCGGGGTTCCTTGCCTCGATGCTTGAAATCAAGGCATCCAGGCATGCGCTCGATGTGCAGAAATCGAAGTTTTATCCACGTTTCGATTTGCGGGCCTATCAGGACTGGAGCTGGGACGAGGATGGTATTGACGGTTATCAGCGAGAGGCTGCGGTAGAGGTAGTGATGAGTTACAACATCTTCAATGGCGGCTCGGATTTTGCTGCAGTACGCCAGTATAAACAAAAGCTGTACCGGTCGATTGATTTGAAGGATAACGCATGCCGTAATTTGCGTCAAACGGTTGAAATTGCGTATAATGACCGTGAGGCGCTGACTTCCCAGGTAAGCTATCTCAATCAGCATCGCATGCAGCTCGCCCAGGTACGAGTCGCCTATCTTGA
CP110623.1_gap22	980751	984813	4062	CGGCATGCTGATGCCGAACGGTAGTTTCTGGCTTATGGAGGTGGCTCCCGAGCATATAAGAGGAAAAGCTGTGGGCGGTTTTACGGGAATGATATTTCTTGGGCAGTTTCTTTCTCCGATTCTCATGGCCCCTTTTGTATCGCTCTTTTCGCTTAACGGAGCGTTTCTGATATCAGCTCTGTTTCTCGGTATCGTTGCAATCAGCATCGCAATGCTTCCAATGAACCGAATTGTTTCCTCTCGAATATCAAGTAATAGTCTCGATAAGAACAACGTTCGTTAAGCAGGGACCTTGCCAGGAGGCTTATACATCAGTATATTTCATGCATAAACGGTGTTTACGGGATCACTTCCATCAGCAGGCCGGGTTGAAGGAGGGAAAGAAAGTGTTACGCCAGGCGTTTTAGGAGAATTACCCGTAATGCAAGGTTTTTGCCAAGAAGGGTTGGCTTTGCTCTTCGGGCAGTATGATCTTTTTATTCCGATCTTTTGCTTCCCTGAAATTTTTTGCTCTACGGTATTCATGCCTGCACAGCGCCAATTCCGTTTCGAGTGTCCCGATGGGGATGTTATCTATACTGTTCAAACAAGCCTTCGCGCCAAACATGTCCGGTTACGTGTTTCTCCTCGTGAAGGGCTCGTTGTTGTCATTCCGCAAGGGTTTGACAGGTCTCTGGTGTCCGGTATTGTCGGAAAACGACTGTTCTGGATACGGAAAGCTCTTGGAAAAATGCCCGTGGTTCGATCNCCGGAAGGCCTGTTGCCTCAAACTCTTTTCCTGCGAAGTATCGGTGAAGAATGGTGCGTTTTTTTTGAGGTCAACAAGAAGCCGGAGTGTTGTTTCGTTGAAAAACCCGGCAGAATACTCGAGATCCATTCGTTGCCGGGTGGGCTGAATACACAGCTTGATCTTCTGTATGAATGGGTTAAAAGAAAAGCGGGGATCGAACTATTGAAAAAGCTCGATGAGGTTTCGAAACAGTATGGATTTTTGTATGACAAAGGAGCTGTACGATGTCAAAAAACCAGGTGGGGAAGTTGTTCGGCCAAAAGAACGATAAGCCTCAACATGAAGCTGCTGTTTCTTCCGCCTGACCTTGTTGAGTATATCATGCTGCACGAGCTTTGTCATACCGTTTACATGAACCATTCACAACGTTTCTGGGCTCTTGTCGAGCAAAAAATGCCGGATTACGTTGTTTATGACCGTGCCATGAGAGAAGCGTCCCGTTATATCCCGCAGTTTCTGCAATGATGAGCGAGCCGCGGAAGAAGTCCAACCGTTATTTGTCAAATAAAATGACCCATAGATATCTGACGAAATCGAGATTTCTGCTTGCAATGCAGTGTCCGACAAAGCTCTACTACGCAGGGAAAGAAGAATATGCCGATCAGTCGAGCGAAGATTCTTTTCTTGCCGCTCTTGCTGAAGGAGGGTTCCAGGCCGGTGCACTTGCCCGTAGTTACTTTCCCGGTGGACACATGATCGGGCAGCTTGACGATCGGACGGCATTGGTTGAAACCGCCCGGCTTTTTGAACAGGAAAATGTCGTGTTGTATGAGCCGGCTTTTCTTTATGAGAATCTTTTTGTAAGGCTGGATATTCTGGTCAAGGAAGGTAAGCGGCTGCGTCTTTACGAGGTTAAATCCAAATCCTGGAATCCTTCCGAGGAAAAGACATTTGTCGGGAAAAAAGGCAATTTTACCGCAGCATGGAAACCTTATCTCTATGATATTGCATTTCAGGCTTATGTTTTAGGGAAAGCCATTCCGGGGTTCGGTACGGAAGCGTTTCTCATGTTTGCCGATAAAACCGCAAAGTGTCCGACTGACGGGTTGAATCANAAGTTCCGCATTCGCAAGCGATCCGGGAACAAGGCGGAGGTATTGACCGGTGAGTTGACATCGTTGGACCTTTCCATTCAACTGTTGACTTCGGTTCCGGTTGGTACTTATGTTTCCATGATTATAAACGGTGACGGAACGGATGATTTCGAACCAAGGGGTTTCGAAGGATCGTTGCGGTACTTGGCGGATTGCTATGCAATGGATCGGAAGATTTCGCCGGAACCCGGAGGGAAGTGTGGAAAGTGTGAGTTCATATCTCCCGAAGAAAACAGGCGAAGGAAAAGCGGTTTCAAAGAATGTTGGAAAGAGGCTTTCGGGTGGCGGGATGAGGATTTCAGGGAGCAGCTGGTGCTCGATCTTTGGGACTATAGAAAAAAAGATTCTGCAATATCTGACGGAAAATTAAAGATTGTCGATCTTGAGAAAGAAGATCTTGGGCTGAAGGAAGATTTTGGTGACGGNCAACATGGGCTTTCCAGAACAAACCGCCAGTTTCTGCAAATCGAAAAGGAACGGTTGCATGACGAGGAGCCTTATATTGACAGGGACAATCTCAAGCGGGAAATNGAAGGGTGGAAATTTCCACTGCACTTTATCGATTTTGAGACGGCGACGGCTCCCATTCCGTTTACCAAGGGGCGGTATCCNTACGAGATGATTGCTTTTCAGTTTTCGCATCACGTAGCCGAAGAAAATGGTTCTGTGCGTCACGCAGGCCAGTTTTTGCTGACAGAACCAGGTGTATTTCCGAACTATGAATTTCTTCGGGCTCTCAAAACCGAGCTGGAAAAGGATCGAGGTTCGGTTTTTCGCTACAGCCATTACGAGAACACTGTTCTGAACGTCATTCACCGCCAGCTCAGGGAAGAAGAAAACCCTCCGGGAGACAGTGAAGAGCTTCTTGCTTTCATCGAGAGTATTTCTCACTCTTCGTCCGGAAACGAATGTTCTTGGCAGGGATCGAGAGATATGGTCGATCTGCTCGATATGGTAAAGCGTTACTACTATCATCCACTGACGAGAGGATCGAACTCCATCAAGTATGTTCTACCGGCCATACTGGAAAGTTCAGCTTTTTTGCAACGTAAATACGCAGGGAATGTTTACGGTGCCGAAGGAGAAATTTCCAGTTTGAACTTCAAGGACAAGCGGTGGATTGAAAAGGAAAACGGTAGAGTCAAAGATCCATANCTGCTTTTGCCGAAAATGTTTATTGACATTGCGCCGGAGGAGATGGAACATTTGATGAGCGGAGAAGAGGAAAATGCGATTCGTCACGGCGGGGCGGCAATGACTGCGTATGCAAGGCTGCAATATGAGGAGATGAAAGATGTTGAACGAAATGCCATCATGCGTGCATTGCTTCAGTATTGCGAGCTCGATACACTNGCGATGGTAATGTTGTTCGAAGCATGGAAAGAGGAGGTTTCATGATCATAGGTATACCGAAAGAGGTTAAAGTCAGGGAAAATCGTGTTGCCTGTACTCCCGCGGGTATACGGTATCTTTCGGACGCAGGGCACACGGTTCTGGTTCAGAGCGAAGCAGGGGATGGGAGTGGTTTCAGCGATGCTGCGTTCAGGAAGTCGGGAGCGGAAATATTGCACGATCCTGCGGAAGTCTGGCTGGCCGATATGGTTGTCAAGGTAAAAGAGCCGGTTGAAGCTGAATATGGTTTTCTCCGCAACGGTCAGGTCTTGTTTGCTTTTCTGCATCTTGCGGCAAACCCTAAACTGGCTTGTTGCCTTGTCGAGAAAGGAGTGAGTGCCGTAGCTTATGAAACCGTTTATACAAACGGGCGCTTGCCTCTTTTGGCTCCGATGAGTGAAATTGCCGGTAAAATGAGTGTTATGGCAGGGGGGGTTTACCTTGCAAATCATTTTGGCGGCAACGGCATGTTATTGGGTGGTGTTCCGGGAGTTTTACCCGGCAAGGTTACCATTCTGGGAGGAGGTACGGCGGGAATGAATGCCGCTATCATTGCAAAAGGGATGGGCGCAAGGGTTACTGTACTGGATCTGAATCAGGAAAGAATGCGTTATCTAAGCAACGTGCTCGGTGCGCAGGTCCAGACGATTTTTTCAACAGGCCAGCACATTATTGAAGAACTCAAAGATACCGATCTTCTTGTCGGGGCGGTGCTTATTCCAGGGGCAACCGCTCCTAAACTACTCGATCGTGACATGCTGCGCTCCATGAAAAAAGGTTCGGTTT
CP110623.1_gap23	1023000	1025444	2444	CAGAAGCTGGTCGATTGTGTGAAAACCAGTGACGTTCTGATCAGTAGCGTTCGGGTATTCGATCTTTTCGAAAGGGAGCTGGAAGACAATGGCGGAAAAGTAGAAAGAAGTATTGCGTTATCTCTGAATATTACAGATCACTCTGGAACTCTTAAAGAAGAAAAAGTCAAAAAGATTCTCCGGAAAGTCATGGAAAATGCAGAAAGCAGGCTTGGTGCGGTAATTCGGCAAGTTTGATGCGTAAAGATATGGAGAAACGCATAGAAGGCAGCGAAAGTTCTGGTCTTGATCTGCTTGAACGACGTGTTGCGCAGATTGTTGAACAGCTGACTGATTGCCGAAAACAAAATGAAATGTTGCAGGCTGAAATCACGAGTCTTCAGTCGATACTGCGGTCATGCAAGCTTTCTGTTTCGGGAAGCGGGCAAGGAGGAGCGGTTGATGGTTTTTCCTACGAGGAAAAAGTACAGGTGAGACAGAAACTGGTTATGATCCTGCAGAGAATAGAAATTGAGCTAAGAAACGAGATGCCGGGTTAAGAGGTTGATGGAAAAGATAAATGTCAACATCTTTGGTGATAACTATCCGTTAAGGGTAGAGAGTCGCGAATCGACGGAACAGGCTGCATTTGAGGTTGATGAGATTATGCAGCAGTTCGCCGGGAAAGCTCCGGACCTCGAGGTTAAAAAGTTTGCGGTACTCGCTGCAATTCATTTTGCAGAGAAGAAAAACGAACTTATGGTGAAGCTGTCATCGATGGAAAAAAAAATCGACCAGCTTAATCTTTTTCTTGAGCAAAATTCGTTCTAATCGTTTACATTAGAAGTAGAAGAAATATCCGCACCGATTACAGGGGTGTTTTGTAAGTAAAAGAACCAACACTTAAGAACTGGGAGCTGTACTCTTCTTTTGGATTGCAGGCCTTGCTGAACTCAAGGGTTCAGAGGATTCCGGAAACGGGATCCCATAGGAAGCAAAAAATCTGAAGGAGGCACCCACCGTACTGAATACGGGTTCTTAAATCTTACACATCCCTGCAGGTGCGGATTTTTTTTTGCATTAAAAAGTGCCCTTTTTATCGGACAACGGGCGCACAAAGGAGGTAGAATTTAATGGGGATTGTCGTTAATCTTGTTCTAATAGTTATTGCGTCACTTCTGTTTTTTTGCGTGGGTTTTTTTATCGGTCGTTTTATGCTCGAGAAGATCGGAACGACAAAAGTGCTTGAAGCAGAGGAGCGGGCAGTTCAGATCGTACAGGAGGCTCAGAAAGAAGCGAATGAGTACAAAGATCTGAAAGTCGCCGAAGTGAATCAGGAATGGAAAAAACGAAGACGGGAATTCGATGCAGATGTTACCGTAAAAAACAACAAGTTCAATCAGCTACAGAAACAGATCCGCCAGAAAGAAAATAATGTGAAGCGACAGAGTCAGGACCTTAAGGAAAGTGAAAAAAAGGTTTCCGAAAAACTCAAGGGGCTCGAGCATGACAGGGAGATGGTTGCAAGTAAGAACAGTGATCTGGAGCGGATTATCGCCGAGCAGAACCAGAAACTTGAAGCGATTGGCAACCTTCAGGCTGAAGAGGCGAAGCAGAAGCTGATAGAGAATATGGTTGCAGTTGCAAGGGAAGAAGCGACGGAAACGATACACAAAATTCATGAAGAAGCGGAGCAGGAGGCAAACAAGATCGCTGAAAAAACATTACTGACTGCGATACAGCGTGTTTCTTTCGAACAGGCGACTGAAAGTGCTCTTTCGGTTGTTCACATTCAGAGTGACGAACTCAAGGGACGTATTATTGGACGTGAAGGCAGAAACATCAAGGCCTTCGAAAATGCAACCGGGGTCGATATCATTGTTGACGATACTCCTGAAGTCGTTATCCTTTCCTGTTTCGATCCTTTACGCCGTGAGCTTGCCAAACTGACTCTTCAAAAACTACTCATCGATGGAGTTATTCATCCGGTCGCGATCGAGAAGGCCTATGAAGATGCGAAAAAAGAGATCGATGACGTTATCATGAGCACGGGAGAGGAAACGCTGTCATCACTGCAGATTCCCGATATGCCTTCCGAGCTTGTTTCTCTTATAGGAAAAATGAAATTCCATACGGTTTACGGTCAGAACCTCTTGCAGCATTCACGTGAAGTAGCCATGCTTGCCGGTCTCATGGCCGCTGAAATCAAGCTCGATGCAAAGCAGGCCAAACGTGCAGGACTGCTGCATGATATCGGGCTTGTTCTTCCGGAGAGCGAAGAGTCTCATGCCATTGCAGGAATGAAATATCTTCAGAAATTCAGGGAATCAAAGATTGTACTCAATGCCATTGCCGCTCATCATGGGGACATCGAAAAAGAGAGTCCTATTGCCGCTCTTATCGAAGCTGCCAATGTAATCTCTTCTTCACGGCCGGGTAGCAGGGGTGCTGTGACGCCTGAAGGT
CP110623.1_gap24	1049327	1051945	2618	ATGTGTTCGATTCCTACTATTTTGTCCCGCCGTATCTTGAGGATTCTCTCACAAGTATTCAGACGGAATATGATGGGGTGATCGTTGTTCCGATGATCCCTGTGGAGTCAGCCTTTTCCTGTGGGGTTGCTTGTCAAATTGTGACGGATATTTACGGAGATCAAAAGTTTGAAAAGACCCGTATGCTGAACAAGCTTTGGCAGGACGAGGAGTTGCACAGGCTCTATACCGATTATCTGTTTCAGAATATCGACAGGTCTTATCTGGGTAAGCCTGGCAAAAAAGGGTTGGTGCTGGTTATTCACGGTACTCTTGTGCGGGATCGTGCTGGAAATCCTCCGAAAGTGTTTACAGGGTTGAATGAAACCGGTGAGTTTTTCGAGATGGTCAAAAAGCAAATTATAAATGATCCCCGAAATGTTTTTCATGGAGTCAAACAGGGGTGTATGAACCATACTACCGGAGGTGAATGGACAGCCGAAACTGTTCAGAAGGCTTTTCAGGAGTTCCACGCCGAGGGTTACGACAGCGTGGTGATGTTTCCCTATGGTTTTTTTGCCGACAACAGTGAAACAGAGTATGAGGCACGTACGTTGCTTGAAAAATCCCCGTTTACATACAAACAGTACATTCGTTGTATCAATGGTTTTCCGCAGTTTGCTGAATGGCTTACTGTGCGTATTGTCGATGAAATAGAAAAACTTCATGCAGTTCAGGAGGTCTTCAAGAATTTGTGGTCTATAAAAAAAATCGGTGAACATGCAGGAAATTGAGAAGCTTGAAAAAGCTGCCGGGAGTGATCCGGGTGATAATGGAAAGCAGTATGAGCTTGCTTTGGCGTATATCGGTGCCGGCAGGTATCCCGAGGCTGTTGGTGTTCTTGGCGGATTGCTGGAAAAGGATTACCGGAACGTCAATGTTCTGTATTCAAGAGGGGTTGCCCATATGTCAACCGGCAACTATCGTCAGGCAGGTCGGGATTTTCTTCGTGCAGTCGCGCTCGACAGGGATTTTCTTCATGCTTACAAGAATCTGGGATTCGTGCAGTTAACCATGGGAAAAGAGGATGCGGCTGTCGGTACGCTTGAAAGGGCTCTCGATATAGATCCTTCGTATGTTGATGCCTATTGTCTTCTCGGAGATGTTTATATCGACATGGGTGAGTATGGCAAGGCAAGAGCTGCGATCGAGAAAGCACTTGAACTCGAGCCGGATGGAGCTGAACCGCATTGCAAGATGGCAATGTACTGTCTCTCACAGGGCGATTTCAAGGGCCTGAAGAGGCAGCATATGATATTGAAGGAGCTCGATCCTGCCCTTGCATCGCAAATCGGAGGGCTGTTTTTTGATGAAACCTGAAATGAAAGAAGGCTATAAAAGAAAGCAGCTGATGAAAACAGGGCTTCAGATTGTCTTTGCTATAGCCTGGTTTCCTATACTGTGGCTGCTTCTTTCTGTAACTCTCGGAAAGTTGTTCGCAATGTTTATCGGAATTGCCTGGCTTGAACACTCTTTGGTTATCGGCTTATCACTATTGTTAATTTTTTTTGCTTTCCGCTACCTCGTCTTGTTGAGTGAAAGAATATTTGGCGAAAAGTAGGTTTTGCCTTCCTTTATTTGGTTTTTTTGCTTCATTTTTTTCTTTGTTTAGGTTGTTCCGTGTTATGGCAGGGGCGGGAAAAAGTTTTCTTCTTGTCTTTTTTTGTGGTTTCGACAACAATTTTGTTTATATTGGGCGCACTTGTTAAAAGCTTGTTAAAAGAGTCTCATGAGCCAGAGATATCAACGTAAAATATATTCTTATGGACCAAACGTTGAGTGATTTCGGCACCGTTTTTGTTTTTCTTCTCCTCGGTATCATTTTTGTTATCGGAGGTTATCTGACCGCCCGCCTTTTACGCCCCAGCAGACCCAATCCTGAAAAGCTTGCAATATACGAGTGTGGTGAAGAAGCTGTAGGTTCTGCCTGGATAAAATTCAATATACGTTTCTACGTCGTTGCCCTGATCTTCATCATTTTCGATGTCGAGGTTGTTTTTTTGTTTCCCTGGGCCACGGTTTTCAAGCAGCTTGGTGGTTTCGCATTGATCGAGGCGCTTGTTTTCGCAGGTATTCTGATCATTGGTCTGGTGTATGCGTGGGTGAAAGGTGATCTGGACTGGGTCAGACCGACGCCGAATGTTCCAACCATGCCTGTTATAGATGAAAATGAGAATGACCGGTAATATCCCGATAGAGAGTTAAATACAAGCATAAAAGGATATGGGATTACTTGATGCAAATATATCGAAGCACAATGTGCTGGTGACCTCGGTCGACAATGTCATGAACTGGGCTCGTCTGTCTTCTATCTGGCCGATGGGGTTCGGGCTGGCTTGCTGTGCTATCGAGATGATGGCTACGAACGCTTCCAATTATGACCTCGAACGTTTCGGTATTTTTCCCAGGGCGTCTCCACGCCAGTCCGATCTTATGATCGTCGCCGGAACGGTTACCATGAAGATGGCCGAAAGGGTGATCCGTCTCTATGAACAGATGCCTGAGCCACGATATGTCCTTTCCATGGGAAGCTGTTCGAATTGTGGCGGTCCTTACTGGAAACACGGTTATCATGTGCT
CP110623.1_gap25	1054199	1055122	923	AGACACTTGCCGATATTCTCAAACTGCTCCAGAAAGAGGATATCGTCAACAAGTCGGCGGACAAGTTTTTGTTTGTGATCGGGCCGGGCGTTTTGTTTGTCGGCTCTTTTCTCGCTTTTGCGGTTTTGCCTTTCGGGCCTTCTTTCATCGGTGCCGATCTGAATGTAGGGTTGTTCTATGCAATAGGTATTGTCGCTCTGGAGGTTGTCGGTATTCTGGCGGCAGGTTGGGGTTCCAACAATAAATGGGCGCTTTACGGTGCTATCCGCAGTGTCGCCCAGATTGTCAGTTACGAGATTCCGGCGGCAATCGCCATTTTATGCGGTGCCATGATGGCCGGTACATTGAGCATGCAGCAATTCAACCTGCTCCAGCAGGGTGAGTATGGATTTCTGCACTTCTTTTTGTTTCAGAACCCTATTGCATGGCTGCCGTTCATTATTTATTTCATCGCATCGCTTGCTGAAACGAATCGTGCTCCATTCGATATTCCCGAAGCTGAATCAGAGCTTGTGGCCGGGTATTTCACCGAGTATACAGGGATGAAGTTTGCCGTTATTTTTCTTGCGGAGTACGCCAGCATGTTCATGGTATCGGCGATCATTTCGATCGTTTTTCTCGGTGGCTGGAATTCACCGTTGCCGAATATCGGTCCTCTGTTGCTCAATGACTGGACGACCGGTCCTGTCTGGGGAGCGTTCTGGATCGTGATGAAGGGGTTCTTTTTCATCTTCATCCAGATGTGGTTGAGGTGGACGCTTCCAAGGCTCAGAGTAGATCAGCTCATGCATCTTTGCTGGAAAGTGCTCACACCATTCGCTTTTGTAGCATTTGTGCTGATTGCAGTCTGGGAGATTTATGTCAAATAGGATTCAGAGATAAACATGAGTGAGTATTTCAGGGATATAGGCAGCAGTATCACA
CP110623.1_gap26	1057812	1062591	4779	CACTCTTGCAACTCTTGCTCTTGCCGGTCTGCCACTTACCAGTGGTTTTATGAGCAAGGATGCCATTCTTGCCGGTGCGCTTGGATTTGCTGAAGTTGAAGGTGGCGGCATATACTACCTGATACCGGTTCTCGGGTTTTTCTCTGCAATGCTCACGGCGTTCTACATGGGCCGTCAGATTTGGCTGGTATTCTTCGGAAAAAGCAGAACTCATCTCAAGCCTGCCGGCGGACATGACGACCATCACGGACATGATGAGCACGGTCACCATGAGGTTCATGAAGTACCATGGGCGATGAGAGCGCCCCTTGTTGTTCTGGCAGCCTTATCGGTTTTTGCGGTTTACTCTCCTGANCCCCTCGATGGTGGTAAAGGCTGGTTCATGCATCTGGTGCAAACTCCGGAAACCGTTGTTACCGCAGGCATGGTGAGTGAAAACATTAGTGCTCATCCAGTATCGGACGTTCAGCATGAGGCCGGGACAGAAGAACCAGAAGCGGATCTTCATATAGGGGAAGTTGCTGCTATTGAAAACACTCCTGATGCAGAGCATAGCGAGAATCTGGGCAGTGATCATTCAACCGCCGCCGCCCATGTTGCCGCTGAGGAGCATGCAGTTTCACATAACGCCGAACACGACGGACATCAGGGAGAAGAACATCATGGACCGGTTTTCAGTGATCCCCGCCAAGCGGCGATTGCTCATGCCACGCATGAAAACCATGATCCTGCCATCATGTATTCGAGCATCATGGTTGCGCTCGGCATAGGGTTTGCTTTGATTGTTTACGCTTTCAGGTTCATCGACCCGGAAAAAACGGCGCAGCGTATCAGACCGCTTTATCTCTATTCGTTCAATAAGTGGTACTGGGATGAAATATATGAGGCGACGTTTATCAAAGGGTCATTGCTCATATCGAAACTGCTGGCCTGGTTCGACAGCAATATCGTCGATGGTATCGTGAACGGCATTGGCGCATTGGTGAGAAGGTTGGGAACGGCAAGCGGTAATTTCGACCACTATGTTGTCGACGGCCTTGTAAACTTCACTGCCTTTTTCGTTCAGACATCCGGGGCGGCAATGAAAAAAATCCAGACCGGAAAAGTACAGACCTATCTTGTCATGGTACTTGTGGCCGTTACGGGATATATCGTGTACTACTTTTTACAGGTAATGTCTTAGCTCATAGACGAAGAGAGGTTTTTATTTAATCTGAAACTAACAGATAACTGAAGATGCTGAGTTTAATTGTTTTTCTGCCCATCATAGCCGGCCTGATAATTCTTGCAGTGCCGTCATCACAAAAGCAGATCATCAGGATCGTAACATTGCTTGCAGCTCTCGTACAGGGTGTTCTCGCTGTTCTCATCTGGCAAGGCTATGATCCCTCTCTTCCGGGTATCACCGCTGCTGCTGACGGTTCGCTCGATGGTGCATTCCAGTTTGTCGAAAGGCTTACCTGGATTACTTTGGACCTCGGTAACTTCGGTACTTTGAATATCGAGTATTTCCTCGGTGTAGACGGACTCTCAATTACGATGGTTATTCTCACCGCACTCATTTCCATTATTGCTGTTTTGTCCAGTTGGACTATACAGAAACAGGTGAAAGGCTACTTCATTCTGTTCAACCTTCTGAGCACGGCGATGATGGGGTGTTTCGTGGCCCTTGACTTCTTTCTGTTTTATGTGTTCTGGGAACTCATGCTTCTGCCGATGTATTTTCTCATCGGTATCTGGGGTGGCCCGAACAGGGAATATGCAGCCATCAAGTTTTTCCTTTATACGCTTTTCGGTTCCGTTTTCATGTTGCTGGTCATGATCGGACTTTATTTCAGCGTTATCGATCCTGCCACCGGTAATCATACGTTCAGCATCGTTGCAATGGCGAGTCAGGAGAACTATCTTCCCGGTTCTATTTTCGGACCGGAAAGTGTTGTGTGGCGTTATGCAGCATTCATTGTGCTGTTTATCGGTTTTGCCATCAAGGTGCCTATGTTCCCGTTCCATACCTGGCTTCCGGATGCTCACGTCGAGGCGCCTACACCGATTTCGGTGATTCTGGCAGGTGTCCTTCTTAAGCTCGGTACCTACGGTATGATGAGGATAAACTTCCCGCTTTTTCCTGAGGTGTTTCAGGCATCACTCTATGTTATCGCCGTGTTCGGAGCGATAAATATTCTTTACGGTGCATTTTGTGCACTGGCACAGTCGGATCTCAAGAAACTCGTTGCGTACTCGTCGATCAGTCATATGGGATATGTGTTGCTGGGGCTTGCAGCCAACAATACAGAAGGCATGACCGGTGCATTGTATCAAATGTTCAATCATGGTACCATTACCGCGATGCTTTTTCTTCTTGTCGGTGTTATCTATGACCGCGCACATACTCGCCAGATCGAAAAGTTTGGCGGTCTTGCCTCTTACATGCCGGTCTATGCCGGGATTGTTACCGTTGCATGGTTTGCATCGCTGGGTCTTCCGGGGCTCAGTGGGTTTATCTCCGAGGTTCTGGTCTTTGTCGGGGCGTTCAGTTCCGAGCTTATAAGGTATGTCGCTATTGTTTCCGCATTGGGCATTCTGTTCGGTGCCGTCTATCTGCTATGGTCTCTGCAGAGGGTGTTTCTTGGAAAACGGAGACCCGATGCGGTTTACGAGCTGCACAAGGATGCCGATGGTAACGATCAGATCCATTTCCATGACTGGAAAGGCAAGAACGACCTTGACGGAAGGGAGCTTGCCATGCTTGTTCCTCTTACGGTCATTGTCATTTTCCTCGGCATTTATCCGATGCCGGTTCTCGGTATGATAACCACAAGCATCAACAAGCTTGTCGAGGTATTGTCACCGGTCGTATTGACAGCTTTGAACTGATCTGGGCGGAAGCTGTAATGAAGAAACAGGATGCCGGAATAAACAACTACGAATAACGTTTTTTAGAACATTCACGTCAATAATATGTACGAGCTACCATCCGGTGCTGAAATTCAGGCTATCGTTACGACTCTGAAGTCCAGTGCAGCATATTATCTACCCGAAATATACCTGTCAGCTCTTTTTCTTGTGCTGATTCTGGTCGATCTGATTTTCAGACCGAAAAAGCATCATCTGCTTTCGATTACATCACTGGTAGGCCTCGCTGGTAGTCTCTGGTTTATTTGGCAGCAGCATACAATGGCCGGGCAAGAGATCTTTTTCGGTATGTATGTCATCGATGAGTTCGCGATCTTTTTCAAGTATTTTTTCGTGCTTTCTGGTATTCTGACCGTTTTTCTTTCGATGTCCTCGGATGAGCTTAACAACCGGGCTTCAGGGGTTGGGGAGTATTATGTTCTTGTTGTCGGCATGGTGATAGGCATGGTGATGATGGCATCGTCGACAGATCTGGTGATGATATTCGTTTCGATGGAGCTTGTCAGCTTTTCCGCGTACGTTTTGACCGGCTATTTAAAGCGTGAACGACGTTCAACTGAAGCGTCATTGAAATACCTTGTTTATGGTGCAGTATCTTCGGGCTTGATGATCTATGGCTTTTCAATACTCTATGGTCTTACCGGGGAAACCAATATCTCTGAAATCAGCAGCGTACTGATTTCAAGGGGGTATGATCCGGTAACATTTATGATTGCTTCGATCATGATTCTTACCGGTATCGGATACAAGGTTGGTGCAGTTCCGTTTCATTTCTGGAGTCCTGACGTATACGAGGGTGCACCTATTCCGGTTACCGCTTTACTGTCTGTCGCTTCCAAGGCAGCCGGATTTGCATTGCTTATCAGGTTTTTCTATGTGGCGGTTCCTCACGGTACCGAAGCAGTTGCGTTCACACCGGGTTCAGAATGGCTGATGCTGCTGATGATCCTGTCGGTAGCTTCAATGATTTACGGTAACGTCGTCGCTCTCTGGCAGAAAAATGTCAAAAGATTGCTTGCATACTCTTCGATCGCTCATGCTGGCTACATTCTCCTGGGCATCATCGTCATGGATGAACTGGGAACACAGGCGACCTTGTTCTACATGCTTTCCTATCTCTTCATGAATTTCGGCGCTTTTCTTGTTGCTGTTATTATCGCGAACAAGACCGGAAGCGAGAACATCGAGGACTATCGTGGTCTAGGCCGGAGAATGCCTCTTACCGGGGCAGCTATGACCGTGTTCCTGATTTCTCTGGTCGGGCTTCCACCAACTGTAGGTTTCATTGGAAAGCTGATGATTTTTTCTGCACTTCTCGCAAAAGGTTCGGTTTTTGTCTGGCTTGCTCTCATCGGTATTCTTACCAGCGTTATTTCTCTGTATTACTACATGTTGATTCCGCTGAACATGTACCTGCGTGAATCGAAGCAACCGCTTCCCGATACCATCAAGACCGGTTTACTTCCCAGGCTGGTAACGGCATGCCTCATGCTGCTGACACTGTACTTCGGTATCTTCTTTACACCACTTTCCGATTTCGCTCATTTTGCGGTTACGCTCTTCGGCAACCAGTTGTATTGAGGGTTGCAACTCTGAAAGTGGATTACAGAAACAGCAAGGCCAGGCGTTGCGGAAAAGCAGGCCGGGCTTTTTGTGTTCATATAATAATGCATTTTTACAAGCTTTCTCGATAAGCGAACTTTATAACTTTACTCTATTATATCGAGAAGTGACCGTAGCTTTTTTTGGAGATCAGGGAGTTTGTTTGTTGCAACATCCCAGACAATGGTATAATCAACTCCAAAATAGTCATGAATAAGCTTGTCTCGCATTCCGGTAATTTTGCGCCACTCGATGTCAGGCTGA
CP110623.1_gap27	1078810	1079869	1059	NAGTGTATTTCGATACTCGGCGATGATTGTAACGTTTATTCTGCTCGGCCGTTTTCTCGAAACCGGCTCGAGGTTGAAAGCAGGTGATACCCTGACGTCGCTCATTGCAATGCAGCCAAAAGAGGCCCGGCTTGTCATGCAGGACGGTCAAACCGTTATGATTCCTCTTGATGAGATTCACCAGGGTGATACGATCGAAGTGCTGGCTGGAGAAAAGATTCCACTCGATGGCTCGATTCTCGAAGGTGGAGCCGAGGTTGACGAGTCGATGCTGACAGGGGAATCCACACCCTCTTTCAAATCGAAAGGAGAGGAGGTCTTTTCAGGGACCATTTCGCTTAACGGCAGGCTCTCTGTTCGGGTTTCTGGTACGGAAGGCGATACAGTCCTTTCGAAAATCATACAAACCGTCGAAGATGCCAATCAAGGAAAGCTCCCGTTCAAGCTTTGGCCGACAGGGTGGCCGGTTATTTTGTTCCGGTTGTCGTACTGTTTGCTGTTTCGGCTTTTCTGTATTGGAATCNNNCAACAGCCGATACAGCTGTTGCCCTCANNNATGCCGTATCCGTCCTTGTCGNNNCATGTCCATGTGCCCTTGGCCTGGCAACGCCCCTTGCAGTTCTGCTTGGAACAAGTACGGCAGCGAAGAAGGGAGNNNTTGNNNAAGGCGGTGACATTTTTGAGACCGTATCCAGAACAAACCGTGTGGTGCTTGATAAAACCGGTACGANNNCCAGCGGTAATCCTTCGGNNNCCGATGTCGNNNGCATGGNNNAACGTGAAGAATTGCTGTGCTTTGCGGCATCTCTTGAAAAGTATTCCGAACATCCATCGGGAAAGGCCATTGTACAGGCGTACAAGGGGGACGTTTTTGACGTTGCAGGTTTTACCGTTGTTCCCGGTAAAGGGGTTGTGGGTACTGNNNACGGGAAATCAGGTTTGGCTGGAAATCGGGTCTTCATGCTTGAAAGCGATGTTTTTCTTTCTCGTGAAGCTGAAGAAGCCTTTACGAGTTTACGCGCGAGGGAAAAACGGTCGTGTTTATCGCGATAGATGGTT
CP110623.1_gap28	1106713	1109753	3040	CGTACTATGGCTTTAGCTGCTGTGTTGTCTTTGTTTTTTTGATTTTTTTTGTTTTTTTACTGCGGGTCAAATGACTTTTTTGACGCAGGTGCCATGTAATGCTTGGTGCTGCGGCAGTCAAGGTGTGAATTTATGAAAAAACTGATAAACATATTCAAGGAGAGAGCTAAAGCTATTCCAGCAGAGAAGGCAAAAGCTCTCGGCGGAGCCGTTGCGCTTGCCGGGCTTTTTTCAATAGGTTTTATGATAAAAAGTCATATTTCGCCACAGCCTCGCCTGAAACTTGAGCGGCGCAATAACGAGTATGTAAAAACCCTTCAGAGCGATGAAATCGAATGGCTTGCCCGCAATATCTACCATGAAGCCCGTGGGGAATCATGGGAGGGCATGCTTGCTGTCGGCGTAGTGACTCTCAATCGTGTCAAATCAGCGGATTATCCTGATACGATTGAAGAAGTTGTCAAGGAGTACAAGCAGTTCAGCTGGTTCTGGGACGGTTTACCGGACAGGGTAGGAGATCGTGCAGCCTGGAAAAAGGCAAAAACGGCGGCGGCTGAAGTCATGCTCAATCCTGACCTTCCTCTTGCAAAGAGGCTCGAAGGTGTTACGCATTACCATGCCGATTATGTTTCTCCCTACTGGGCCGGAGCTAAAAAAGAGGTCACCACGATCGGGAGGCATGTGTTTTACATGTAAAATTTTCAAAGTTATAGATAACGTGGTCTTAGAGGAAGCCTCCTTGCAGCAATCAGTTGCAAGGAGGTTTTTTCTCTTTGGGCGGGCTGTTACTGCTTCTGATTGAGAGTGGATGAGATACCCGACAAAACATCCTGCACGAGTTTGAGTGTCGAGGTTGCTGCCCCGGTTGCGATAGAAACGCCGAGGTTAGCGTATTCCTGGGCTGCATTGGTGACGTTTGTTGCTCCGTTGATCACATTGTCTGCCGCATTCTGTGTCGTGTTGCCAACCGCATTGAAGAGGTCGGAAAAAACGCCGTTGCTGTTTTCTGCCATAGCTGTATCTGTTTATGGTTTGAAGTGCTTTTGAACCGGGATATGTTGGTAAATATAGCACAATTGGCTAAAGAAATAATGCGGATTTTTTCTGCTGCCAAAATATCTTCCTGTATATTGGTAGGTACCTCTAATCAGAGATTAAAACCAGGGGATAAATCGGCTATGAGTGAGGATATTCTCGGATTGGAACCACAGGAGGTCTGGAAATATTTCTACAGCCTGACCAGGGTGCCTCGTCCCTCCGGCCATGAAGAAAAAGTCAGGTCGTTCATTGCTGATTTCGGTAAAAATCTCGGATTGGAAACCATCGTTGACGATATTGGCAACGTCGTCATCCGGAAACCCGCTGTTGCGGGTTTGGAAAGCCGTGAGGGCGTTGTTCTGCAAGCTCATCTCGACATGGTACCGCAGAAGGACAGTAGTACGGACCATGACTTTGAGCAGGATCCGATAGAGGCTGTGATCGACGGCGATTGGTTGCGTGCCGATGGGACTACCCTTGGAGCCGACAACGGCATCGGGGTTGCCGCTGCAATGGCAGTGCTTGCATCTACAACACTTGCACATGGTCCGATAGAGGCATTGTTTACCTGTGAAGAGGAAACAGGCATGACCGGCGCTTTCGGTTTGAAGGCCGGACAACTGAGAGGCGGAATTCTGATGAACCTGGATTCGGAGGATGAAGGTGAGCTGTTTATAGGGTGTGCCGGCGGTCTCGAGGTTATGGTGACACTCGATTACGACAAACGTCCTGTTCCCGAAGGGCATGCGGGATTCATGATCGGAGTTTCGGGATTGAAGGGGGGGCACAGTGGTATGGACATTCATCTTGGGCGTGGAAACGCTAACAAGATCATGAATCGCCTTCTCTGCTACGGTCATGAGCGCCATGGCCTTAAGCTTGCCTCAATCGAGGGCGGTACTCTCCGTAATGCCATTCCTCGTGAATCGAAGGCGACCGTTGTTGTCCCTGCCGAACAGTCCGGGTGTTTTCTTGACGAACTTGCAATGTTTTCTCAAACCGTACAACGTGAACTTGCTGTAGTGGATTCAGGGCTTCGTGTCATAACGGTTCCTGTCGAGAAGCCAGAATACATTATCGAAACTTCTGTCGTTTCCCGTCTCCTTCATATGCTCTATGCGTTGCCGAACGGCGTGATGCGCATGAGCGACGAGATGCCCGGTCTTGTGGAGACTTCCAATAACCTCGCTGTTGTTGCTTCTTGCGATGGAGCGTTGAAGGTTGAATGTTTGCTGAGAAGCTCGGTGGACTCGGCCAGGGATGATCTCGGAATCATGATCCGAAGTGTTGCCAGGCTTGCCGGAGCTGAACTGGTATTCGGTGGAAGCTATCCGGGATGGAAACCCGACCCCGAATCAACGATTCTCAAGAGCATGCGGGAAGTCTACAAAGCGAATTTCGGAAAACCCCCGGAGATAAAAGCGGTTCATGCTGGTCTGGAATGTGGAATTATCGGGTCGACCTATCCTGAGCTCGACATGATTTCTTTTGGTCCTACCATCCGTTACCCTCATTCTCCTGATGAGAAGGTTCACATCGCCTCTGTAGGAAAGTTCTGGAATTTCCTCGTGGAAGCGCTCGAAAACGTACCTGAAGCGTGAATTGCCAAGAGAGTTGACAGCCTCGAAAAAGAAAGCGAGCTAATCCTCGAGACATTGTTGACGGGCATGTGATTGGATGGGAGCGGTTCTATATAGCTGTTTGTTCTATAGGCTTGTTCTGTAACGGTTTGCTTTTTTTGTTTCATCCCTNNNNTGTCGTAATTGCTCAAGATGCGGTTGTCCATGCCGNNNCTGCCGAGGAATNGGGAGTTCTTCACTATGGGGCAAGAAGGANGCTAAGTATACAACTCTGATTTTTTTNNNAACCCAAAAAAGGAGACGTGTTATGTCACCAAGCGAAATGAACAACTTCGGGAGCATGACTAACGAAGAGCTGGAAAAGCTTCTCGAGACAAATGCAGCGATGAGGCTCGAAGATGGAAACCGGAAGTGCTCGTTTA
CP110623.1_gap29	1111317	1113270	1953	GGATCGAAATAAAACATATATCTGATATCGGTTTTGTTATAAAAGGGTTGGTTTTACCTCATGCAATAATTACAAACTTTCCAAATTGCTTTTAAAAGTTAGACGGCGGAAAGGATGTATTCCGGCGTCTTTTTTGTTAAGCTTATGGGGTTTGCAGAGGATCATCGGATTGCGAGTGTTTATCNTTGGATTTTTTTCGTCTGTCAGTNATCGTTGCAAGTTTCAGCATGACAGATCTCGGAAACAGACGTCCGCTTTGTACCAAAATCTTGTTTGCAAACCCGGGGACGGTATAGAGTTTGTTTTTTTGCAGAGCATTTATTGCCGCTTTTACAACCTGTTCGGGTGGCCCGACAGGCATGAACGTCTGNTGAGGATCAATTCCGGTTTTATCGAAAATATCGGTTTCGGTCAGGCCAGGGCAAAGTGCCAAGATCCGTATGCCTGAGTCTTTGAGTTCCTCTCTGATCGATTCTGAAAAACTGAGAACGAATGCTTTTGTGGCAGCATAAACTGCGTTGTACGGAATGCCCTGGAAAGCTGTGATCGAAGAGAGGTTGAGAATTTCTCCCTGATTTCTGTGTTTCATTTCAGGCAGAAAAAGATACGTGAGCTTGATGAGCGTTAGAGTGTGCAACGTGACATCNTTTTCATGACTTTCAAGAGGTTGAGCGTCAAAGGCTCCGTCAAGGGCGAAACCTGCATTGTTTACCAGCGTTCTTACCACAAGCTGTTCACGTTTGCAGAAGTCAAAAACCTTCTCTGCGCTGTCTGGAAAGGAAAGATCCTGTTGGAATGTTCGGACATCAACGCCGTACGTGTTGCTTAAAGTGTTTGCGAGGGCATCGAGTTTTTCTCTTGATCGGGCGACAAGGATGAGATTGCTTCCGCGGGATGCATACTCTTCCGCAAAAACTTTTCCAATTCCCGATGAGGCTCCGGTTATCAATATGTGTTCCATATGTTTCTTTTGTTGTGTGGCTCAGCTGTCGATACCGTGATGATAGGGTGCAAGCTAAAACAGATACAAAAAGGAAGATAGCAAATATCCAAAAGCGGATGATAACATTTACAGGAACAGAATGTGGGTACAAAAGGTTTGATTATATTTACATAGAGATTCACAGCGTTGCCGCTGTTCAATAGAAATAAAATCATTTTTTTGAGCTACCATGGCCCGAATTCTTTCACGAAAAATTTTTTTCTTGTTTGCGTTCATATTATCGCTTGGGGTTGTTTTCAACATTTGCGATTTGTCTTACGCAGCAAGGGACGATGGCCGAAAGGTAGTGTACCTGCTGTCTCTTCAGGGTACGGTGAATCCAGGCAGTGCTGATTTTTTCGAACGTGCCATTGATGAAGCTGAAAAACAGGGCGCTCATGCAGTACTGGTTGAACTCGATACACCAGGCGGTCTGGTTTCTTCCCTGCGCAGTATGATCCAGCGTGTTCTTGCATCGCGTGTTCCGATAATTGTCTATGTGGCTCCCCAGGGAGCGCAGTCAGCTTCAGCGGGGGCTCTTCTGACTATTTCCGCACATGTCGCTGCAATGTCGCCTGGAACGGAGATCGGTGCAGCAAGCCCGGTCGGTCTTGGCGGTGGAGGGGGAGACGGTGATGACACCATGAAAAAGAAGGCGGAGAATGATCTGGCGGCATTTGCCAGGAGCATAGCCGAAGAGCGGGGCAGAAATGCGGACTGGGCCGAAAAAGCGGTGCGCGAGAGCATTGCTTCCAGCGCGAATGAAGCGCTGAAGGAAGGTGTGATCGATTTTGTTGCTGCCGACCGTAACGAACTTTTTGCCATGCTGGACGGCAAGCAGGTTGAAACGATCGATGGTGAGGTGACGCTTGACTTGAAGGCCGCCATTGTGGAAGAGTTTACACCGACCTTGCAGGAACAGATTCTTATCAAACTGGCTGATCCTAATCTTGCCTATATTTTTATCATGG
CP110623.1_gap30	1116913	1118612	1699	TATCCGGGCCTGGCGTCTTGTGGCGGCTTCTTCGATGCGCCGCATCGGCAGACCTTTTTCGATGGCTTGTACCATACCGCCCATCTGCTCGATTTCCTCGATGAGGTTCCAGGCTTTTCCGGCAAGCTCGGTGGTCAGGGTTTCGACAAAATAGGAGCCTGCCCAAGGATCGATCGCCTTNGTAATATCGGTTTTTTTCTGCAGGAAGAGCTGTGTGTTTCTGGCGATGCGGGCGGAAAAGACCGAAGGCAGGGCAATGGCTTCGTCCAGGGCATTGGTGTGTAACGACTGTGTGTGACCTTGCACGGCGGCAAGAGCCTCTATGCAGGTCGGNGTGATGTTGTTGAATGGATCCTGTTCGGTCAGGCTCCAGCCTGACGTTTGACAGTGGGAACGCAGCATCAGGGATTTCGGGTTCGAGGGGTTGAACCGTTTGACAATCTTTGCCCAAAGCATTCTTGCAGCTCTGAGCTTCGCGATTTCCATGAAGAAATTCATGCCGATGCCCCAGAAAAACGAGAGGCGGGGGGCAAAGTCGTCTATGCCGAGACCTGCCTCGATACCGGTTCTTAGGTATTCAAGGCCGTCTGCAAGGGTATAGGCAAGTTCGAGGTCGGCCGTTGCACCGGCTTCCTGCATGTGATATCCGGATATGCTTATGGAGTTGAACTTCGGCATACTTGCGGCAGTATAGCGGAAAATATCCGATACTATGCGCATGGACGGTTCTGGAGGATAGATATAAGTGTTGCGGACCATGAACTCCTTGAGTATGTCGTTTTGGATGGTGCCGCTGAGTTTATCCGGAGAAACTCCCTGTTCTTCGGCCGCAACGATGTAGAATGCCATGATGGGAAGCACTGCACCATTCATGGTCATCGATACCGACATTGTATCGAGAGGTATCCGGTTGAAAAGAATTTTCATGTCTTCAACCGAATCGATGGCGACTCCAGCCTTGCCTACATCTCCGACAACGCGGGGATGCTCGGAATCGTAGCCGCGATGTGTCGGCAGGTCGAAAGCAACGGACAAGCCTTTTTGCCCTGCTGCAAGGTTTTCCCGGTAAAACTCGTTTGATTCTTCAGCGGTCGAGAACCCTGCATATTGACGAATGGTCCATGGACGGACAGTATACATTGTTGTGTAGGGCCTNCCCGTGTATGGCGGAAAGCCTGGAGCGAACTGTAGTTGTTCGGCATTGCCGGTATCTTCCGACGTGTAAATGTTCTTGATCGGTATGCCCTCAAGGGTCGGCTGATCGTTAACCGGGATGTTGCATGTCTTGGAGGAATACTCGATGGTTATGCTTTCTTTTGCCGTTACCGGGGCATCGGCACAGCATTCGTTTTTCGAAACAATCAGTTTGGTCGTTACACCCTGTTCCGTGGCAAGGCGCATACCTCCGCACTCCTCGATAGCTGTAAAAACTTTCCAGGCTGATTCTGCAAGGTTTGATGAGAGTGTTTCGATATATGCCGAACCCGCAGCAGGGTCGATGACCCGGTCGAGCATGCTTTCATGTTTGAGGATGTGGTGGATGTTTCGTGAGAGACCGGCGGCAAATGACCTGTCTGTATTGTTCCGGCGGTCGAAATGGCTTATGAACAGCGTATCGTATCCTCCCAAAACTGCTGCTGTGGTGACGGTTGAAAGTTCTATGAGCGTACTGTGATGATCTCCCATGAAGGGTTTTCCG
CP110623.1_gap31	1124876	1128420	3544	TTGTAGAAATGAAAGAAATTCGTCGGTCATTGCGATCTGCATTTGTTATCGGAGGTATACAACTGAAGGTTGAACAGGAATCGGCCCGGAGCAGGGTCCCCGAGTTACACCGCAACCTTTCAACAAGAGACGCCCTGGAGATGTATATCAATCATAACAAGCAGTTACTTCCACTTAAAAAGACCATTTTGGATACGGCGCAGCTGCTGGAAGAAGAGTGCAGGCAAGGGTCAGCCGGCAAGGGAGTTGATTTCTCTGAAGAGTGAAGAGAAATCGTCGATCGAAAGGGATTCTGCGCGCCGGGTCAAGTCAACCGAGGTGACTTTCGAGAGATCATAGTTTTTTTTGAGATTGTTCTGAAGAGTTTTTCTTCTCTGGCTGAAAGCGGTTCGGACAAACCTTCTGAATGCATTCTCGTTTTCATCCAGAGAACTTGTGCGTGGGATAATGTTCACCACTGCACTGTCAACGTCTGGTTTCGGTCTGAATACCTTGCGACTCACCTTGAAAAGGTACGAAACCTCGCAGAATGTCTGAAGCTGTACGGCCAGAATACCGTACTCTTTCGTGTTGGGTTTGGCAGCGAGGCGTTGAGCCACTTCATGTTGCATCATCAGAGTTTCTGAAACGATGTATTTGCGATTGTCGAGGAGCTTGAAGAGAATGGGGGAGGTAATGGAATAAGGTATGTTTCCCATGATCTTCAATGGCCCATCAGCAGAAAGGCCAGGAATGTCTATTGTGAGAAAATCTCCTTCGATTACCTTGACAGATGGAAACTCCTTGTGAATGAACGCTGCTAATGCGCGGTCTTTTTCAACAGCGGTGAAACTTTTTGGAGATGCTTCGAGAATTGCGCTGGTGAGTGCTCCGAATCCGGGACCTATTTCAAGGATACGGTCATTCTTTCCGATTTCAGCAGATTGGACGATTTTTCTGCAGATATTGCGGTCGGTCAGGAAGTTCTGACCAAATTTTTTTTTTACCGCTATTTCCGTATGCTTATATTCAACTTTTGTCATTTCAGGCGATTTGAGAGAAAAAAATAACAGCAGGGAAGTACTTTTAAAAATTTAAGTTATTCTTGGAATAATGGCTGAACAAAATACCCTTGCCGAAGCTGCACGATACATTTCTCGCGGGTCACTTGCAACCCGTAAAGGATTTGGTGAGGCATTGCTCGAAATCGGTCAAAAAGATGATTCTGTCGTGGCACTGTGTGCCGATCTGACCGGTTCACTGCATATGCATCATTTTCAAAAGGAGTTTCCCTCCCGCTATTTCCAGACCGGTATTGCCGAGGCAAACATGATTTCCATGGCAGCAGGGCTTGCCACTACGGGTAAGAAGCCCTATGCGGGCACATTTGCAGTATTTGCATCCGGTAGGGTATATGATCAGATCCGCCAGTCGGTATGCTACTCGCGTCTCAATGTGAAGATTTGTGCATCTCATGCAGGTTTGACGCTTGGTGAGGACGGGGCCACGCATCAGATGCTTGAAGATATCGGGCTCATGCGCGGATTGCCTGGAATGACGGTGGTTGTTCCTGCCGATTACAGTGAAACCAAACGTGCGGTAAAGGCTCTTCATGAGCACGAAGGCCCGGTCTACCTTCGTTTTGGCAGGCCGTCGGTTCCCGATTTTTCCCTTGACGAGGATGGTTTCGAAATAGGAAAATCCATCGAGCTGAATCCTGGGAAGGATGTTACGGTTATCGCCTGCGGCATCATGGTCTGGAAAGCACTTGAAGCTGCAAGAACTCTTGAAAAAGAAGGAGTGACCGTAAGAGTCATCAATATGCATACGATCAAGCCTATCGATAAACTGGCGATTGTCCGTGCAGCGAACGACACCGGTGCAATCGTTACTGCAGAAGAACATCAGGTACATAACGGGCTAGGTGATGCAGTCGCTCATGTTTGTGCTGAAAGCATTCCGGTTCCGATAGAGATGGTTGGTGTCGAAGATACTTTCGGTGAATCCGGGAAACCTGATGAGCTGATGAAGAAATACAAGCTTGCTACAGAAGATATTCTTGAAAAGATATATCTGGCCTTACGTAGGAAGATATGAGGGATAACGGAAACGTGGTGTACCGGTTTTATGTTGTGATTACTGGGCCAAGCAATGAACAAAGAGAGCCGATTGCACGAGAGTTTCGGGAAAATGTATAGCACAAGGAGAGAAAGGTTATGACAATGCCTAATTTAAATGACATGATGAAGCAGCTCCAGCAGGCAGGAGCAAAGATGCAGGATGTTCAGAAACAGCTTGAAAAAATAACCGCTGAAGGGGACGCCGGAGGCGGGATGGTCAAGGCGACGGTCAGCGGAAAGCAGAGAGTTCTTTCCATAACCATAGACCCTGAAATACTCGATGATATGGAAATGGTTGAGGATCTGGTTGTTGCAGCGGTAAACACCGCTCTTGAAAACGTAGCAGAGAAGGCACGTCAGGAATTATCGAAAGCTGCAGGCGATATGCTCGGTGGTGGAGATATACTGAAAAACTTCAATTTTGGCCAGTAGGATTGTTTCATGCGATACACATCGGCGGCAATTGAAGCACTGATAGAGGAATTTGCGAAATTGCCGGGAATTGGGCGCAAAACAGCCCAGCGACTTGCCATGCATATCCTTCATGAGCAACCTGGAGAGGTCGGCAAACTTGCCAAAGCTCTTATGGACGTCAAGGAACGGGTTATCAGCTGTTCGATATGCCAGAATGTTACCGATCAGGGTGACGATCCTTGTTCCATTTGCAGGGGAAGCAACCGTGACAATTCGGTGATTTGTGTCGTGGAGTCTCCTACCGATGTGCTTGCATTTGAAAAAACAGCTCAATATCGTGGATTATATCATGTCCTGCATGGCGTTATCTCTCCTCTTGACGGGATAGGCCCGGACGATATAAGGATAAAGGAGTTACTTGCAAGATTATCTCCGGAGGATGATGGGAGGGTCAAGGAGATTATAATGGCAATGAGCCCAACAGTGGAAGGTGAAACGACAGTTTTATATATAAGCAGGCTTTTAAAACCTCTTGGAGTGGAAGTGACGAAAATCGCTCGAGGGATTCCTGTTGGTGCAGAGCTTGAGTTTATCGATGAGGCAACTCTTTCAAGAGCGCTTGAGGGGCGGTCGGTTTTGTGAAAAAAATAAAAAAGAAGCTTCGTGAAGCTTCTGGACTATTACGAGGCAAACGTAACATTTATTTTGACGGTGCAAGGTAATAAAAAGTCAGTTGTAATACTTGGTGGGGGCCTTGCAGGGCTCACTGCCGCAAAGCGTTTAACGGATCAGGGTTTTTCAGTGAAGCTCTTTGAAAAACGCTCCATATATGGAGGAAAAGTTTCATCGTGGAAAGATGAAGAAGGCGACTGGATAGAGTCCGGAACGCACTGCTTTTTCGGGGCGTATGATGTCCTTTACGACCTCATGCGTGAGATAAACGTCTATGATTCGGTGCTCTGGAAGGACCACAAACTGACCTATACGCTATCGGAAGGCAACAGTTTTACGTTCAATACGTGGGATCTACC
CP110623.1_gap32	1308446	1309672	1226	ATTGCGCTGGCAGCATCGTCTGCATTGATATTGTAAACGTTGCCTTCATCGTCGAACCCGATTGGTGCAATAACCGGGATGAGTCGGGCATGACAAAGCAGGTCGAGATAACCGGTGTTTATTCGGATGATTTCACCAACAAGACCGAGTGATGCCGCTTCCTTACAGGGGATGGCCTTGATTGTATTTGCATCCAGACCACTTACACCAACGGCTTTTGCTCCGTGTTCGCTGATGAGGCGGACGATATCCTGGTTGACTTTTCCTGCAAGGGTCATTTGCACGATCGAGATCATTTCTTTGTCGGTGACCCTTTTTCCATGGATGAATTGCGTCGACACATCGAGCTTTTCCGCTGTTTTGGTAATTGCATCGCCCCCACCGTGAACCAAAACGACATTGATACCCACTTGNCGTAAAAGGGTGATGTTCTGCGCAAAGGCATCTTTGAGCACCTCGTCCTTCATGGCGGCACCGCCATACTTGATCACAAAGGTTTTATCCTCGAATTTCCGGATATAGGGCAGGGCTTCGATGAGTACCTGGCCAATGGTGGATTGAGTGAGATTTTCAAGAGATTCTTTCATTGAACGCCTGCCGAATTAAAGGTTTTTCATGTTCTGTAACTACCGTTGATCTCTATATATTCCTTGCTTAAATCACAGGTGTGGACCACAGCGCTGCCCGCTCCGTCACCCAGGGAAACGATAATCGTATAGCTGTTGCGGCTGAGAATTTTTTTTGCATTCTCTTCCGAGAAATCCGAAACATAGCCCGGCTGGAGAATGAGAAGATCGTCAAATTGTATCGAGACGTTTTCCGGGTTGAAGACGGCACCCGATCTTCCGGCAGCCGCGATGATCCTGCCCCAGTTTGCATCTTCTCCATGAAGAGCGGTTTTGACCAGGCTGGAGTTGGCAATGGTTCGTGCAGCTTTTTGAGCATCGAGATCGGTTGCGGCTCCTTCCACACGGATCTTCACCAGTTTGGTCGCGCCTTCGCCATCCATGACGATCAGTCTTGCGAGAAACGTCATGAGACTCTCCAGTGCCTCATAGAATATTTGAGCGTCACGGCTGCCGGGTAGAATCCTGGTGTTCGATGACGATCCTGACAACAAGGCTACCATATCGTTGGTACTTGTGTCACCATCGACCGTAATGGTGTTGAAGCTTTTTTCATTCGCTCTCGAGAGCATTTCCTGAAGCAGCTTCTGTTCTATTTTC
CP110623.1_gap33	1325715	1329351	3636	CGGGCCCCGCTTTTTTCTTACACTCACTCCACCCAATCCAAGCAACAACGTGGCTTTTCTGGTTGTCAACACAAACGTTACCGAAGAGGTCGTCCCTGCCATGGCAAAGGTCGATAACTTTATTCTCGAGAATCTTCCCGAGGCAAGAGGGCGGTCGAAAAGAATGTCGTTGGGGGCAGGGGAGATCGGCATAGTGGAATACAAGATCACCGGTCAAGATGTTACGGAACTCTACCGTATTGCCCGCTCCATAGAAAACGAGATGAACGGCATCAGTGGAACGGTTGATGTCAAGAATGATTGGAGTGAACCGGTAATTCGCACAAGGGTTGAAGTCGATCAGGACCGAGCCCGGCGTGCAGGCGTGACCAGCAAATCTATCGCCAATGCCTTGAATGCGTATTTCGAAGGAGTTCAGATAAGTGATTTTCGAGAAGGAGACAAGATAATTCCGATTGTTGTGCAAGGCGATGAAACCCATGATGATTGGAGCGGATTGAGGACTTTGCCAATTAGAGCTGAAAACGGCGAGTCTGTGACCCTTATGCAGATCGCGGATTTTAAAAGCTACATCGCACCCGGAAAATTAATAAGACAAGATCAGGTGCGCACTCTTACGGTTTCCTGTTTGCACACTGCCATGCAGGCAGCAGAATTGCATACGTTATTGTGGCCGTTTATTCAGACTTTGGCTCTTCCTGACGGATATGACATTGATATTGGCGGAGAAATAGAAAGTTCAGAAAAAGGCAACAGCGCTCTCGCTGCAAACCTGCCGTATGCTCTTTTGGGTATGATCGTATTGCTCGTTATACAGTTCAACTCTTTCCGTCGCCCGACCATCATAATGCTAACCATTCCGCTGGTGATTATAGGCGCTGTTCTGGGCTTGCTTGTAAGCAGAGCTTTTTTAAGCTTTACGGCGATTCTGGGAATATACAGTCTTGTCGGCATCATTATGAACAATGGTATTGTGCTCATTGACCGCATCGATCTTGAGCGTTCCAGGGGATTAAGGGTTCGGGAAGCCGTTTTCGAAGCGTGTCAGGCTCGTTTACGTCCCATATTAATCACAACATTGACCACAATTTTAGGGCTTGTTCCTTTGGCCCTTTTTGGAGGAGCAATGTGGTATCCGATGGCTTGGGCCATTATGGGTGGTCTGGCAGTGGGAACGATCCTGACGCTTGGGTTCGTTCCTGTGCTCTATAGTTTGTTTTTCAGAGAGACGTGAGACTGCCGTTAATTTCACGAACAATCAAGAAACCACTCAGCTGGTTAACTGCCGGAAAGCCTCTATTGTTTTCTTTTTCTCAACTACGCCGTCATCCCATGCGATTGACCAGAAGGGAAGCCACGCAAGGCTGACCGAATGGATGACAATATCGGTTCTGCGCGGTGCAAGTTTGTCTTTGCCGACAGTTTCCCGGATGTTTTCCCATTTGTTGGTGATTGCTTCGACTCTTGCTTTCAGCTCCTCTTCAAGCTCCTCTATTTCTTCCCGTAGTTCTTCGATTTCTTCATGCGATTCCTCGATATCAGCCTTCGCTTTGGCTGTCATACGGCGTTTGTTCAAGGCTGTTCCGATTTTGCTGGTGCTGCGCTTACCCATGAAAAAACCCAATACGGTTTCTCCGATACTGAACAACTCCTGCCGTTTGCGGTTCTCGTGTTCCAATTCATCCTCGGCAAGCTCACGTTGCTCTTTGCGAAGTTTCTTTTCCAGCCGTTCCACCTGTTTTTCAAATTTAGCCTCGAGCGCGTCTGTTTCCTCATCTCTTTTTTCCCTCGCCGCTTGCGAAAGACGAATCATGAAATCCCTGAGGGGTTCGGCCGGGTGCTGAAAAAGCTTCAAATCATCATGGACGGCAATGGATTTTCGTTCGTTGTAATAAAGCTGGTCTTCGAGTTGCTTGGACAGTGTACGGATCTTTTTCTCACTGTTCACGGTGTCTTTAAGGGGGCTGAAGAAGGGGCCGAGAGCATTTTCCGGCCTCTCAGGGTTACGGCTTATCAGTTTCGTATCGATCATCAACTCTTCGGCATCATTCCAGTCGGGAACGAGGCTGTTTTCAGCAAGCCGAAGCAGCAGTTTTTTTTCGGTTTTTTCCTTGATATTTCTTCGTTTGTCGACGAAATACACATCAGCAAGACCGAACAGCGCAGGTTGATATATCAATCCAATGGAATACGAGTGACTGAAAGACCCTTCTTCGAGTGACTGAAGTGCTTCTTCATGGCTAACCATCAACGGCAGAAAAATCTGGCGAATTGATGGATCGAGAGAGGGTTTTTGGGGTAAATACCCTTCAGGAGTTGCCGGCTTGAGATCGGGGAGAGACACAGATATGTCGGATCGTTCCGGCTTTTTCGCTGAAGGCGAAGGCTGGGCAGAGGGGTTGATCGACGACTTTTTCTGCTGCATGAGTTCCCGGATCTGTGGTTTTGTCAAAGGACCTCGTAAGTAACTCATCGCCCACCGGGTATGGAATACGATGGGTTTATCGTCATGAACGTTATGTAAAAGAAAGATACGGCTACCAAGCTGGGCGATCATGCTATCATAATCGACGGCTTCGCTGTCTCCTCCTGCTTCGTTTATGGCATTTTTCAATCCTTCCAGTACACGATCCTTATCACGTTCCGCCTGCAGTTTTCCTATGAACCACGTACCGGCATTTGTAAGACCTTTGTAGTCGATATCGACAGGGTTTTGCGTGACAAGGACACAGCCAAGTCCGAATGCCCGTGCTTGTTTGAGCATGGTCATCAATGGACGCTTGGATGAAGGTTCGGAAACAGGAGGAAGGAATCCATAGACTTCGTCGAAATAAAGCAGGGCTCTGAGGCTTGTAGTGCCAGGTTGGGTCCGCATCCAGGTGAGCATGTTTTCGAGCAGCAGGGTGACAAAAAACATCCGCTCACTGTCTGGCAGGTGGGCCAGGTAGAAAATGCTGTGTCTGGGTTTGCCGTCGGCTGTAAACATCATTTGGTCTATATCCAGCGCATCTCCTCGAAGCCAGTTTTCAAACCCTGGGGAAGCCATCAGGTTGTTGAACGACATGGAAAGCTGGAAGCGCTCTTTTTTTGGGAAAAAGGTATCGATGTCGAATACACCGACCTGTTGCATTGGTGGTTCCTGGATCGAAAGAATGAGTTTGCCGAGGTCGAGGTTTTGTCCCTTTTTCCAAAAGTGTTCAAAAATGCCAGCCAGAAGAATTGCTTCACGGCTTCTAAGCGGGTCTACGTTCTGGTCGGCAAGACCCAGAAGAGCGGTGACAGTACCGTTAATGCGTTCCAGGATGGATTCCTTGTTGGATTCGAAATCAAGCTTGGGCGCAGCGAGGCTGCCAAGAATACTGACCGGTATGCCGGCTCCTGAGCCCGGGGTGAAGATTGTGTAATCGGCAGACTCCTTGAGAGCGTTCATACGTTCAGGACCGATGCCCCAGCCGGCAAGACCTGTTTTCCATTTTTCAGCAGTTGCTTTGGCGTAAGCCTCGGTGCTCATATTCTTTCTTCGTGCATCGTCCGCGTTTATCCATGGTTTGAAATTCTCCGGTTTCAGTTCGGGAAATTGCAGGAGAAGGTTAGTGATATCCCCTTTGGGATCGATCATGATCGTCGGGATTTTAT
CP110623.1_gap34	1330986	1331826	840	AATAAAAGCGCAACAGAGCCATCCGATGCAAAGCTCTCTGAAATGCTGGAACAGTTTCATTTGCAGGATGTCGGTCTGCTTCAGCAAGCGAGGAATCTGTCCGTGGGGCAACAACAGCGTATCGCGTTGATGCGTGCACTGTTGCTCGATCCCGAAATTTTATTGCTCGATGAACCGACATCGGCACTGGATGAAAAAAGTGCATCGAAGGTCTTTGCGATCATCGAGCATCTCAATAGCGAACAGGGGAAAACAATCCTCATGGTTACACACAGCGACCATTCTCTGAAAAAAGTGTCTCCGATTGTTTACAACCTTGAAAACCATAAACTTGGAAGAGTATGAGCCCGATTGTTGAAATAAGTCTCTGGCAGCTTGTTCTTGGCCTGGTTTTCATCCTGATTGCCCAGATTGCCTCTCTCGTCTATCAGCTTGGCCTGAACCGTGATATTGCCGTGGGTACGGTAAGAACGTTTGCCCAGCTTTTTCTCATGGGCTATGTGCTTACGTTTATTTTTCAACTCGAAAACCTTTGGGGTACACTCGGCATTTTCGTCATTATGGCGGTAGCTGCCATTTTCATTGTACAGGGGAGAGTAAAGGAAAAACAGATTTCTTACCTGCTGCCGTCGTTTCTGACAATGCTTATCAGTTATTTTGTTACGACCTTGTTTGTTACAGGCCTTATTATCGGTGTGACTCCCTGGTGGGAGCCGCGTTATTTTATTCCGATTACCGGCATGGTTATCGGTAATTCCATGTCCGCCCTTGCAATTTCGCTCGAACGTCTTTTCAAGGAGATACGTCAACAGAAAGGGCTGATTGAAACCAGGCTTTGTC
CP110623.1_gap35	1365031	1366472	1441	AAACGTACCTCGGACCCTTTGAGTTCTTCCCTGGTCCGTTGAGCTGTCGTCGAAGCGCCAACACCTGAACGCTCACGGGCAAAACTCACAACCTGATACCCTCTGGTAACCAGTTCACGAACAACGAATTTGCCAATATATCCTGTTGCCCCTACCACAAAAACACGTTTCGACTGTTTTGTACCGGAAGATGGAGAAAATGAATTCACGTCTCAATGAAGGATTGTCGTTAGTAAATCTTTTATGCATATATGATTTCAAAAACGGGTTTGAAATATAGCAAATATTTCAGTTGACCAGCTAACGTCCTCAAAAACGATTGCAACGATCCATATCGTTTGAACCGCTACAGTTCACGCCCTTTCGCCAAAACCCGTTTGTAATATGAATTGCTTGTGTAGAGGGCAGCTGCAGGATTGTGCCCCAAAACCCTGTCCTTGACAACAAGCGTTGTTACGAGCGCCTTGGAATGTTTGCAAAAAAGCGCGTCGTGACCGACGCAGAGCCCGATAACAACATTGAGATCCGCCCCCCATTCATCGAGCAGTTTTGCTTGCAGGATCGGGTTACATATTCCCTCGAAGCTATCGGGCCTGATTTTCAAATTCTCATCCAACCCAATCCGNCTCTTGTCGACAGAACCGACTTTACAGAGTACAGCATAGGGTTCAAAACCGTTTTTTTTCAATATCTTTGAAAAAATTCGAGTCTCTTCGATCAATCCGATACATGTTGCAAGCCCTATTTTACGGGCGTCGAGACGTCTGGCAAACGCAAGAATTTCTTCGACACGGGTCAGCTTACCATAATAGAGTCCCTCGACTTCGGCAGCGGCCTTTGCAATCCTTGCATCGTCAGAGTCTCCGCAATACTCGAGCGTGACGTTATCGAGATCGTTCGGCTCAACAGCTTTTCCCGGGCAGAAATCCGGAAAACTTTTCTCCTGGCGATAACAGTTCAAGAAACCACATTCGGAACAGCCAATTTTGTCATCCCTGTCGCTCTTTTTCACATTTTTTTCCTTCGAATTCATGAAAACAGAAACAGTTGGTTACCTTGCTCATGCAAGGCAAAAGATGGTTGAATAACGATTATAAACATTTTCCTTAAAGATTACTTTTTTCACCGCATATCTTCAATGAATAAAAATGTCACTCCTCAAACTTACATAAATGACAACATACCCGGACTACACTGTCAGAACCATGACCCGTGACGAGGTCAATATAGCCATTGATTGGGCAGCCGAAGAAGGCTGGAACCCCGGAATCGGTGATGGNGAATGTTTTTTTCGTACCGATCCCGAAGGATTTCTTGTCGGACAGCTTGACGGTGAGCCCGTAGCCACTATTTCAGCAGTCAAGTATGGCAGTTCTTTCGGTTTTCTCGGTTTTTTCATTGTCCGTAAGGAGTTNCCNGGTATGGGCCTGGGTTTTCACAT
CP110623.1_gap36	1382097	1383925	1828	TCATACAATCCCGCCAATTCAGCTTCAACCTCGACTTTTCGTGCACGTGATTCGTTAATAATCCGCCCGCTTTCAAACAGAGGTTGAAACAACGACCCAAGAACACCCCGGTAAGGAGCTGAACCGGCAATGGCATTCAAACTGGCTGACTCCTTGAAAATCTTTCCTGATAGATTCAATTGCGGGAGCATTGCTTTTTCTGCTGAACGTGAAAGATGTTGCGCCGATATTACCCGTTCAAGAGCCATCCGTATATCAGGACGTTTCAGGAGCGTGACAGCGGGAATTTCAACGTGAGGATGAACAATCGAGGGTAACTCTTCATTCGAGATCAGTTGTCCTGTCGGATATCTCCCCAACAGCACCTCCAGTGACCGGATCGACCGGTGCAAGGCTGCTTTTTGTTCACTTACATCAGCTCTGGCAACCTCTTTGCAGCTTTTCGCATCCGATAATTCATCAAAAGTTCCGACACCGTTTCTGTATCGTTCAATCGCAACCTCTTCGATACGCTGCAAAAAATCGAGGCGTTTTTTTTCCATTGCCAATGAACGGCGAACGGCAGCCAGTTCAACCCACATTTGAATAACGCGGGCGGCCAGCGCATCTCTTGCGTGCAAATAATCGTGTTCCTGAGCATAAAATGCATGTTTCGATGCAGCATGTTCATCCGCCAGCCTTCCCCAGAGATCAATTTCCCAACTCACCCCAAGAGAAGCCCTGTGTTTATCTTCATGTATACGTTTCCCTGTCAATGCGTCCACTCCCTGGTCACTATTTTCCCGTGAAAAATCGAGATCTGCACGGGGCAGCATTTTTGACCTCGCGCCACGTAGTAAATAATTTGAAGCCCTCAAACGAAGAGCCGTTGCCTTGAGGTTCGGGTTACTGGAAACCGCTTCGTTAACCAAAACCCTTAGGCGCTTGTCGTCGAACAGATCGAGCAAACCCGAAGTTACCGGCAACTTTTCTATCGGGAATTCAGTTGTCCACGCAGCGGGAAGGTCTTCAGGAAGTTTTGCTTCAGGAAATTCACGTATGCCTGAGCAGGCAGTGATGAAAATTAAACTGCTCGCAAGCAATACTGTGACAGGCTTTTTCATCGCTCAAGTTTTCTTATGTCATCATAAAACGCATCATGTTCTTTCCCGGCGCTTTTCATCACTCATTCATCGATAGATGTTTTCACTGTTTGAACCATTGTATTGAACAGTTCTTTGGTAAGCAGATTCCCCTGCTTGAAATGGCTGGTCAGATTTGGTGCAACGGAATCAATCAAAAGCCTGTACTCCCCAAACGTATCAACCAGTCCTATGAGCACAATCACCGCATAAAGCACCTTTGGATCATCAGGTGGTTTTCCAGCAATTTTTCCAATGATCTCTGCCATGAAACTCACTTGAGGCTTGAAATACTTTTCAACAACTTCCCCGAAAACGCAACTCGGCTCCCAACATTCACGAACGATGATATCATTTTCCCAATTTTTTGCCGGTCTTTGATCATGCCATTTCAATGACTCGTTGATAATGGTATACAGCGCCTCGTACGGTTCGAGTTGCAACAACTCTTCGCGGTTTTTTGGGGAAAAAGAAGCCTTGGCACATGCCGTCAAAAGAGCTTCCCGATAAAGGGCCTCTTTTGACCTGAAATGGTAGTTCAGCGCACTGAGATGTGTCTCTGCTTTCTGAACAATATCTCTTACAGTCACACCGTTGAAACCTTTCTCGGCAAACAGTCGGCCTGCCGCCTCAACGAGCCTTTCCCTTGTTTTTTCCGAACTTTTCGTCGATCCCATATTTCAGTTTTCCACTGGTTTGAACAAATC
CP110623.1_gap37	1393660	1395320	1660	ATGGCAATGGCCGGTTACAACCCGAATGAAGCTGTAAGCTTCTGGCAAAGAATGTCGAAAAGNTCGCAAGGCGGAAAACCACCGGAGTTTTTAAGCACTCACCCATCCGATGCATCCAGAATCCGCCAGATTCGAAACGCGATACCGGATGCGATGAAATACTATAAAAAGTGAACCGCTTGGCATCACGATCCCTGAATTGTGAATCCAGATACGGTGAACATGTTAATCTGTTTTGTTTGGCTTACTCATACAAAGCATCGCCTGTCACGAAAGGCGTTTCACGATTCGAAATCCTCTGAAATCGTTGAGCGCTCCCGGAACGCAAAAACTTCTTTTCGAGCACCGAAACGACAATGAATCGCTATAGCGCCAGCAGCTCCCCCGTTCATGGCGCAAAGATCCTTCATCAGGCCCTTCTGGGTTTTCCCGTGAACCGGTCTCAGGATATCGTTCCCCGTACCAGTCGGCACACCATTCATAAACATTACCACTCTGGTTCCATGTACCGTAACCGGATACACCATCTGGATAGCCATAGACTTCACTTGTCGGATCCTGCAAACGGTTGCTCCTGTTTCGGCATTTGCCTTCGTCCCAATCGTCACCCCATGGATAAAGATATTCCTGTGGCCCTTTTGCGGCTTTTTCCCACTGTGCTTCAGTCGGCAGCACACATCCTGCCCACTCGGCATAGGCTTTCGCATCATCCCAGTTAACGCAAACAACCGGATGTGCGGCAAATTCCTCAGGGAATGTATCTCCCTGCCAGACACTTACCGCGTCGATCCATGCCCCCTGGCTTGGTGCCCGATGACCTGTAGCATCGATAAAAACCTTGTATTGTCGATTCGTCACCATATACATTCCGATATAGTAAGAATCCAGATAGACGCTATGCTTATCACAATCCTCATCAAGTCCGTCCCCCATTTCAAATTTACCGCCAGGGACAAGTACCATAGGTGATGCATCGACGTTATTGACGACAAGTGGCGGCAGACTATGCTTTTGGGTGTACAGTGAACGCCTTCGGAGTTCTGCAAGGAGCCTCTCCCGTTCAATACTCCTCTGTTCTTTCGTTGATCTCTTTGTCATGTGTCTCATTCTGACTTGGTCCTGTCAATCAAGACGCGGGCGGCTTTCGGGGATGCTTTCAAGGTCTACTTTTTCACCTGAAAGAATCGGAAGCATTGCGCACCAGCCCTTGATCAACCATGAGCCGCAGTGTCTCAATATGTTTTTCATGGGATTTTGCCAAAGGAACCATTTCTCTTGCGGCAGCAAGCAGGTCATCGGTATCGATCTCCCGCCGGTTATCACGAAATGCCGGAAACATGGCATCATTGACCAGGGCTTGCAGTTCCGCACCGACAAATCCTTCAGTCATCTTTGCGACCGCATCGAGGTTGAAGCGTTGAGATATCATGCTAATGCCCTGCTGTTTAAGATGCACCTCGAGAATTCTCGTTCTCTCGGCTCTTGTCGGCAAATCAAGAAAGAAAATCTCATCAAAACGTCCTTTACGGAACAATTCCGGAGGAAGCCGGTCAATATTGTTCGCCGTCGCGAATACAAACACAGGAGCGCTCTTCTCCTGCATCCATGTAAGGAAGGTTGCCAGAACACGGCTGGCCGTACCGCTGTCCCCGGTTGAACC
CP110623.1_gap38	1419399	1421551	2152	ATCCGGATCGTGAACTGTTCCACTGAAAGCTACGAGCGGGCGAATGTCAGTGTACCCTTTTTCTTCGATATAGCGCTGGAAAGCCTGCATGTATTTCACGGCATGCAGGCGGGAACCAGTCACGACCATGGCCTTTGCCCTCCCGCCAAGATGGCTGCGGACATGGCTTCGAAAATGCTCGATGATCACCTCGATTTTTTGGGCGATATTCGTCGGATGCATCACGAGAAACTTTGCCAAAGCCCTTGCGGCTTTTTTTTTCGGCAGCGCCGGGTCATCTTCGATTTCCTTGATCAGCTTGAAATAGGTATCATACGTCGTGTAATTCTGAAGCACATCCAGAATAAAGCGTTCCTCGATTGCCTGACGCATGCTGTAGAGATGAAACGGTTCGGGCTTGCCACCGGACCCTGTTCGACCGAAGAGTTCCAGTGTCTTTCCCTTGGGCGTTGCGGTATATGCAAAAAAGCTCAGGTTGGGTTGGCGGCCTCGCGAGGCCATCACCTGATTCAGGCCATCTTCCCAATCCGCCTCCTTGTCATTACCGTTGCTTGCAGCATTTGCTCCAAGCAGGGCCTTCAATTCTCGTGCAGTCTCACCGGATTGCGAGGAATGCGCTTCGTCTACAATAATGGCGTAACGCCGCTTTGCAATCTCGTCCTGCAACAGCTTCGCCTGCGATATTGACGCCTCGTCAGGATTTTCGAGGCTCTCTGCGCCAGCCACATGCAGGAGGCCGCGAAGCACAAACGGAAACTTCTGAAGGGTCGTCACGACGATACGGGTACCGTCGACGAGCGCTTCGGCAAGCTGCTTCGAGTCCTGATCGATGGCCTTGACCACTCCCTGTGCATGTTCGATCTGGTAGATCGCGTCCTGCAATTGCCGATCGAGAACCTGACGGTCGGTGATCACTACAACGCAATCGAAAACCTTGTGATCGGTCGTGTCGTGCAGGCTTGCGAGGCGATGGGAAAGCCAGGATATCGAATTGGTCTTGCCGCTACCCGCCGAATGCTGGATCAGGTAATGGTGTCCCGAACCTTCGACCCGTGCGGCGGCAATCAGTTTACGTGTGGCATCGAGCTGATGGAAACGCGGAAAGATTACCGATTCTCTCTTCACCAACCGGCTTCTGCCCTTTCCGTCATCCCTCTTTTCTTCCTTCCTCTCGATAAACATGAAATGTCCGAGAACATCGAGGAAACTCTCTCGTTCGAGCACCTTTTCCCAGAAATACCCGGTTCGATAGCCTGAGGAATGCTGCGGGTTACCCGCACCGCATCGCGTTTCTCCGGGATGGCTGCCGCGATTGAAGGGCAGGAAAAAGGTTTTGTTTCCTGCAAGCCGCGTCGTCATGTGCACCTCGTCAGGATCGACGGCAAAATGCACCAGAGCACGCTGTTTGAAGGCAAACAACGGCGCATGCGGATTACGATCTTCACAGTATTGCTTCATCGCATGCCGCCAGTTCTGTCCGGTCCACGGATTTTTCAGCTCGCAGGTCGCCACCGGCAGGCCGTTGAGCGCAAACACGAGATCAACGGTCTTCGTATCACCCGGATGACAGAGGACCTGTCTCGTCACGGTGAGAAGGTTGTTTTCATACTGTTCTTGCACGTCAGGATTCAATCCGTGCGCCGGTTTGAAAGACGCGATACGAAAAGTCTTGCCATAGAACTTGAACCCGTGGCGCAGCACATGCAGCATGCCTTTGATGGCAAGCTCTTTGGACAGCACATCGATCACCATTGGCTGCAGTTCCTCTCCATGCTGGCCCTGCATCTGTTCCCACAGCTTCTGCTGTGTCGCCGATATGAAACCTGTGATCAGCTTAGGGAACAAAGCATTGTCCTGATCCCAGCCGCTCGTCGATCCCTGCTGCCAGCCTTTGGCAAGCAGCATTGCTTCGACGTAGGATTCAAAGGCTTTTTCCGTGGTTCGTTTCATCGCCGTTCTCTCCGCTTCGCGGTCCGCACCCGATACAAGCGTTCGGTAAACCCGCCTTCGTTTTCAAAATCCTCTGCCAGCTTTGCCACCTGCCGGTCGAGCAACGAACAGGACACAGCAATCAAAACCAGCACTGCATTAGCTGCAATCCCGGAATAGTCCAGGTGACTCTGTGGACGAAGTAGACCTTGTATAATTCGNC
CP110623.1_gap39	1431443	1435892	4449	CTGCAACACGTTGTTGCTGAATTGGGTGAACCGGGATACCGCGCAAACCAGATACATCGGTGGCTCTTCAATGAGCAAGTAAAAAACTTCGAAAGCATGACCAATCTCGGAGCAAAACTGAGAAACAAGCTTTCGAACCGGTATGACGTTCCATCATGCTCGATTGTAAAAAAACAGCTTGATCCGGAGAAAAAAAACGGCATGGGAACCTCTAAGTTTCTGGTAAAACTTCATGACGAGCAAACCGTGGAAACAGTTCTCATTCCGGCAGAAGAGAGAAACACGGTATGCGTCTCTTCCCAGGTAGGTTGCCCGCTCCGCTGCACCTTCTGCGCGACAGGTTACATGGGATTCACACGCAATCTCAATGCGGCGGAAATGGCCGAACAGGTTTACCTCGTCGACAACCTTCTTACAGCCAACCCCATATCAGGCCATGTCACCAATGTAGTATTCATGGGCATGGGAGAACCTCTGCTGAATACCTCCAATGTTATCGAAGCAATCGAGACCCTTTCCGATCAGGATTACAGTTTTTCGCTTTCCCAACGCAAAATAACAATATCAACCGTCGGGCTGATTCCTCAAATACATGCGATTGCCCGATCCGGTATAAAAGCAAAGCTTGCGGTTTCTCTTCATGCTGCGAATCAGCAAAAGCGGGCATCTCTCATGCCTGTTGCAAAGGAACATGCCCTTGACGACCTGCATAATGCNCTTGAGCGATACGCTGACCTTACAGGCAAACCCGTAACGCTGGTATACATGCTTCTTGAAGGAATAAACGACACGATAGAGGATGCAAAAAGCCTTGTCGCGTTCTGCAGTGGTTTTTTATGCAAAATAAATTTGATTGATTATAATTCTATCGTTAATATGGAGTTCAAGCCTGTCGAAGCAGAGTGGCGAGACCGGTTTATCCGGATTCTTGTCGGTGCAGGTTTGAATGTCACTGTACGCAAAAGCTATGGGACATCGATAAATGCAGCGTGCGGTCAATTGGCATTAAAAGAAAAAACGTTGCCTGCTGACCGTTTAATTAAATAAATCGCACAGCACATTATGGATTTACTGGATTTTCTCCCCTTTAAGAACGAGTTCAACAAAGCGTACCACGGCCTTACTGACAACGCTAACCAAACCTCGGAGAATCCTGTTTTCGATGAGTTGAAAGTCAGGCGCTTTGCAAGGCCGCTTTCTCAAACCAAGAATTTCATTGTCGAAAAGATAGAGCACTGGATCGGTTGGGACCTCAGAAGCAAAAAAACCTCTGTTGGAGGCATGACGATGATTCGCGCCGATGTGTCNTCATTCGCTCTCCTCGGCACAAAAATCTCAGTAACATTCGGGCTGACCGAAGAAATCGACCGCAACGGTCAACCAATCACCACGATCAACTCAAAAGCAGAAACCGAAATTGCATCGAAAGGAGATTTAGGAGAAAGCCGGCGGGTTATTCGGATGATGCTGTCAGCTCTCGATTTTGAATTCAGAAAAGCACTTGTCAAAGATGATGAATACCTTTTTCGATCGCTTGATCCGAAAGGTCAGATTCTGAGTTTTCAGGAACAGTTCGATAAAAACGACACTCAGAGCAAACCGGCGGAAAAAAAGAAAAAAACGACAAAACAAGCAATTCCATTCAAAGCCTCTTCCAAATCGAACGGCACTTCCGAAAAAAACTCTCCTCCGCAACAACCCGAAACCTCGACCAATCCTGCAGCAACCAGTGAAAAATCCTCACCCGGGAATAAACCGTCCAGATCGAAGGTAAAGGTTATCACACTTAAAAAATAGTAATTTAACAACCCGGCATAATGAGAATTATTTTACTTGGGGCACCCGGCGCAGGCAAAGGGACTCAGGCTCAGTTTATTTCCTCTACGTTCAACATTCCACAGATTTCAACCGGCGACATGCTTCGAGCAGCAATCAAGGAGGGAACTCCGTTAGGGATCGAAGCAAAAAAAATTATGGATGACGGCAAGCTGGTTTCGGATGTGATTATTCTGGAACTGGTAAAAGAAAGGCTGGATAGACACGATTGCAAGAACGGCTGTCTGTTCGACGGGTTTCCCCGCACAATCGCACAGGCTGAAGCCTTGACAAACGACTCTATAAAAATCGATCATGTCATAGANATTGATGTCAATGACGACGAAATCATCAAACGCATGAGCGGCAGGCGTGTTCACCTTTCCTCCGGCAGAACCTATCATGTTCTCTTCAACCCTCCTGCCCGGGAAGGCCTCGATGATGAAACAGGAGAACCACTTGTTCAGCGTGAAGATGATATTGAGGAAACCGTTCGCAAACGCCTCGAAGTTTATCACAGCCAAACAGCTCCTCTTATCGAATACTACCAAAAATGGGAGCAGAGCGGAGACCCGGCAGCCCCCCGGTTCAGCAGTGTGAACGGTACTGGAAGTGTCGAACAGATCAAGAACTCTATCCTGGATATCTTACGATCCTGAGATTATCTTCTCACATTTTTTTATTATAGAAGTCAGTGTAGAAAAGGCACACTGACTTTTTTTATTGTACACCCGTTATCCATGCACTTCGCATTACTATACGCCAACAATTATTTACGTGACGAACCGTTACTCGTAACCGTTGGAAACGATCTGGTTGGAGAGCTACAGCCGGGTTGCCAGGTATTGTTTTCCCCGGTGAACAATACCAGACGGAGTGTTATCGGTTATGTGACCGAGATAACCGATACCCCCCAGCCAAATCAGCCGGAGGGGATCATAACCGATATTCTCAACAGCGGAAAACCCGTTCTCACCCCGATAACCCTACAGCTCTCGATCTGGATAGCCGACTATTACATAACGCATCCGATAGAAGCCATCAACGCAATCCTTCCTGCCCCGCTGAAAACAAAAGTCAGTGAAACAGTCGAATTGACCGACTTCCGGCTTACCGCCGGCAATAATCGAAAAGTTGTCTCGACCTCTTTGCGCAAAGAAATCCTGAAGCTGTTGCAACAGAGGAAAAAGCTGACGATAAAGCAACTTGAAAACCAGCTCGGAAAACAAAATCTCTATCGAACATTGATCGAAATGGAACGAGGTGGGCTGGTAGCGTTAAAAAAAGCATTCAAAGTCGCAAAGCCTAAAACCAAAACAGCTTACCGCTTTCGGCAACCCTACACGGAATCATTGCAGCAAGAATTGCTACGCGCACCTCGTCAAGCGGCAGCCGTTAAGCAGCTGCATGCCCTGGAAACATCATGGGGGTTTCCCGAACAAATAGGGATTACAACAGGAATTGCCCGAGAACTGGTTAAAAAAGGAATATTCGAGCCGATAAAGGTTGAAACCAGGACTGGATTTTCAAGCGAATTTTCAGAATCAAAAAAAACCATCAAACATCTTACAGACTCACAGCAGCGCGTACTGAACAGTCTTTTATCAGGATTTCGATCCGGAAGTTTCGCGACGTATCTACTGCATGGCATTACAGGAAGCGGCAAAACAATCATCTATATCGAGCTTTTGAAAGAGGTCCTTTCTGCAGGCAAAACCGCTATTGTCCTGGTACCGGAAATATCGTTAACACCCCAAACCGCATCCCGTTTTCGTCAGTACTTCGGGAACGATATCCAGATTTTGCACAGTGCAATGAACAATCAGGAAAAATATAATGCCTGGCAAAATCTTCGCTCAGGTAAGGCAAAGATCGCGCTTGGGGCTCGTTCAACGGTTTTCGCACCACTTCAAAATGTCGGAGCCATCATTGTTGATGAAGAGCATGATATGGCTTATAAACAGGACAGAACGCCGCGTTACAACGGTCGTGACACTGCTGTTATGCGCGCAAAACTCGAAGGAGCCCTCTGTGTTCTCGGATCGGCTACCCCTTCATTCGAGTCGTTCTACAATGCGAAGAGCAAAAAATACAGCCTGTTAGCTCTTCCGGAAAGAGTCGATGGCGCAACAATGCCTTCCATAAAGCTAATNCCCATGCGGGAAAACAGAAAGGTCTCTTTTTCCATTTCGGAGGTTCTCTACGAGGAAATCAAAAAGAGACTCGAGCGCAATGAACAAGCTATACTCCTGCAGAACAGACGTGGTTTTGCAGGGAGCCTGCTCTGCCTCGATTGTGGCGAGATTCCCACTTGCAAACACTGTAACATCCCTATGGTTTATCATGCTGCCACCCGGCATTTACGCTGCCATTACTGTGGTCATACGGTCTTCTACCTCGAACAATGCCCTCATTGCTCNTCGGCAAACATTCTTTATAAAAGCAGTGGAACCGAACGTATTGAAGAGGAACTGCACAAACTTTTCCCGGAAGAAAAGATACTCCGTATGGATGTCGATACCACAGGTGTCAAAGGAGCTCATGCGATGATCCTGAATGATTTTCATCAAAAGAAAGCCCGGATACTTCTCGGAACACAAATGGTCGCCAAAGGTCTTGATTTTCCCGATGTCA
CP110623.1_gap40	1468636	1471896	3260	CGACACTCTGCCCGACTGGAAAAAACCCGATGGGTTCGTGGCAAGCGGTCCGGTTATTTGTCAATTCGCTCTTGGAAACATCAATTTTTTCGAGATTGAATTCGAGGATTTCGTCGATGCGCAAGCCGGTGAAACCTCGAAAAAAGCCTTAACCTATTATATTCGTGTTATTGCGCTCGATGCCATGGGTGAACCTGTAGGCTCCCCTTCGAATACGGTCATAGCCTATTACGGGCCACTCGAACCGTGAAACTCGTTTCGCCAGCAGAAAAATTTCGAACGATAAAAACAGACTGCGATTTTGCGTATATTATACACTGAAAAACCCAACCCCCTCAATTCGAATTTATATCGTATGAAATGGAAGGATCTTCTTTCAGTGGAAATCGACTATACATACGGCGTAACAGACCACCTTATAAGCCTGGTCCGGGATGATGAACTGGACTGGAAACCCGATCACGGAAGCAACTGGATGAGTATGGGACAACTGCTCATGCATATGACCGATGCATGTGGAAGTACTTTTGACGGACTGATCAGTGGGGCATGGGATATCCGCGAAGAATACGCCCTGAACGATCTTGACATGCAACAGATTTTCCCACCGGCCGACATGCTCCCCATGATCAACACCGTAGCAGATGCAAGAAAACTGCTTTCCGAAGATCGAAAGCTCGCCTTGAAAAGCCTGAAAAAGTGCACAGAAGAAGAGCTGGCCGGCAAATATGCACCGGCTCCCTGGACAAGGCATCCCATGATACTCGGCCAGCGTCTTTTACACATGATATTGCATCTCAACCAGCACAAAGAGCAGCTATTCTACTACCTTAAAATGACAGGCAGATCCGTAAACACGTGTGATCTATACGGAATGACCTGCGACATCTANCCCGGAAAACAACTGAAAGATCAAGAGAAAAACCCGTCCTCCATCTGACCATTCTTTTATCCATGCCAACTTGTCCGCCCACGAAAATGTAATAAATTCACGCATTCCTACATTTCAGTATTCTTTTTCCATTCTTCCTCCTCATCTGATAATATCATAATCAATTTCATTACAACACATTAATCGAAAAACAACAGTCTGGCACATATTTTGAGGTTAAACGTTTAGAAGATGTTTCGCAAGACCTGACTCTAAAGCACTCAACTCATTTGCCATGACATTCATCGACACACTTTACGGTCGGCTCGCCGGAGTAACGTTCGATCCGCTTTTTTCCACCAATAAAGTCGACGGCTGCATTGTCTCGAAAAAAAACATTCTCACCACTCCGTTCGGTGAATTCATACCGCAATTTGAAACCGAAGATATTGGAAGACGATCAAAAAAACCCGTCTATTTCTTCAAAAGCGGGGCTGTCAAGTCTCTTCCGCTCCAACATCAGACAAAGGTAAAAACACCCTTCGGAGAAATTCCGGCCGAACTGATTACGTTTTACGAAAGCGGGGCCATTAAAAGAATATTTCCACTTGACGGGAAACTCAGCGGTTTCTGGTCATGGCAGAATGAGTTGACGCTTGCTGAGGAATCAGCATTGGACACGCCAATCGGATACATAAAAGCCAAGTTGCTATCGATACAGTTCTATGAACAGGGAGGACTCAAAAGTCTGACACTGTGGCCGGGCGAGAAAGCGACAATCTCAACCCCGTATGGGGAAAAAGTGTTCAGAAAAGGTGCTGCATTTTACGAAAACGGAACCTTACGTTCCTTCGAACCACAGAAAAAAACGCAGATACCAACCCTTATCGGCATAATGATCGCGTTCGACAATGAACCTAACGGAATACATGGCGATCTGAACTCACTTCAGTTCAACAGAGATGGGCTTGTCTCTGGTCTCAGCACAATAGACAATGAAGTATCAGTATATTTTCCAGGTGGCGGCAAACAAATTTTCAAACCGGGAGTGAAAAACAACGTATGCGGAGATGAACGCAAGATCAGCGTACCACTGAAAATACGTTTTGAAAAAGGTGCTGTTCTTTTCAATAACAGCACACCGTTCAGGCTCGATCTTTATTCATTCGATATAAGAAAACATGCGATCAAAACGAGTTTGCCTGCTTATGCATGCACCGGTTAACGAACCGACCAACCCGCAAGCCAACCCGTTGAAAATGCCGCCTGGAGATTGAATCCCCCAATTTCACCGGTGTAATCAAGAAGTTCTCCGCAAAGAAAGAGGTTTCTGCATTTTTTTGACTCCATGGTTTTCGGATTCACTTCCTTCAAGACTACCCCGCCAGCCGAAACCTCTCCGGCTTCAAGAGGAATTGCCTTGACAAGGCCAAAAGCAAAATTCTGCAGGACAAGCTCGAGTGACCGCCGTGCTTTTTTAGTGAGGTTCCCCCATTTCTCATCCTGATCGATACCTGACTGCTGCATAATCAGGGGAACAAAAGAAGAAGGAATAGTCGTCTGCAGTTGAAGAAACCTGCGTATCAACTGCCCCCCTTTCGCAAATGCATGCTCCCGCAGTTTTTTCCCAAGGGTTTCTGCAGAACAATTCGGAAAAAAATCAATCATTACCCGGCTCTCACCTGCCTCCACCTGCATCTCAGCCACTTCACGAGAAAGGGACAAACAGGCAGGCCCAGACAGACCTTTATGCGTTATCAGCAGGTCTCCGGTTCGAGCAACACTGTTACCATCCGCCTTAACCTTCAGGGCGACATCCCGAAGAGAAACCCCCACAAGCATCCGTGAAGGAGCATTGTCAAGATATATCGGCGCAAGAGCGGGCAGTGGTTTCGTTACCTTGTGGCCGAACGAATGCGCGATTTTCAAACCATCTCCCCGAGTACCGGTTTGAGGGTACGAAACCCCACCCGTAGCCACCACCAGCATATCCGCACTGAATTCTCGGGTTTCAGTCATAATCCTGAAAACACCATCCCGGCTCTCAGCATATGTCACCCTTTCACCTGTAAGCACCTGTATCAACGAGCGTTCGAGTTCTCTCTCGAAGACTTTCAGGACATCATCGGCACACTCTGATCCAGGAAACACTCTGTCATCATAGCGCACAACCGTTCGCAACCCCTGCCGTGCAAGCAGTTCCAGCAGATCTTTATTGGAAAAAGCATAAAGAGCATGTCGCAAAAAACGCTGTTCGGACTTGCGAAAAAAGCCTTTTCCGAGCAGCTCATCAACCGTTCCATCGTGAGTGATGTTACACTTACCTCCCCCCGAAATGCCAATCTTTACCCCGGGCCGCCGATTCCGCTCGAGAATAGTTACCTGAAAG
CP110623.1_gap41	1473308	1476459	3151	TGCCCCATGAAGCAGGTATTTGATTTCCCCCCTTTTGAAATGATGATCTATTCCCTTGTCTTCAAAACCGCTATCATGTCAAGCCGGTTCAATCTGAAATGCACCATAGCCCCTGACAAAATCGCCACTATCACGATAACAATCAACGCAAAAACAAAGTTGAAGCTGCTGAATACCACCGGCATGCGATACAGCTCGGAACTCAATCCAAGCGCAAGCAGAACCGACAGCCCTATCCCTATCAGAAAACCAACAGGAATCGCAAAGATCGTCAGAATAGCCTGTTCTCCAAGCAGAATAACCGCGATTTCCTGTCTGGTCAAACCAAGAACACGAAGACTCGAAAGTTCCCGAGCCCTTTCCGAGAGCGAAATTCTCGCTCCGTTGTATACAACGGCAAAAGCGAGAATACTCGCAAAAGTTGTCAGTATTACCGTGGAAGTGGTCATGCTTTCGGCGATAAGCTCTTCAAAACTTTCCTGCATCGCTTTGAGCATGGATGTTCCTGCAACTTCAGGCATCTCCTTGAAGTCTGCAAAGAGTTTCTCGGCCTTTACCTCGTCAATTCTGAGATACGCTGCATTCACCATGTCTTCATCATGCGTAAGACGATCAAGATTTTCAATACGAATATATGCCGACAATCCCAACAATTCATCGATGGTTCCACCTACAGGAACTCTTACGGTTCGCCTTTTTCCCTCGAGAAATTCGATCGTCAGAGTATCCCCTGGAGATACTCCGAGCACGTTGGCGAGAGTCGTGGTAAGAAGCAGACCGTTTTCAGGCAACTGCAATTGACGATTATGAGCATCGACAAGACGCCTCAATCCATCAACAGTTTTCAGTCCGGTAATCGACTGGCGGCGCGACCGATGCTCGTGCACGAGCCTGGCAGACTCAGCTCTATAGAATTCCTGCTCGAGAACACCATCGAGTGCAGCAATATCATACTGCACAGAACTTGGTCTCGACTCATTGAAAATAACCGTGAGATCCTCGCGATGCTTTTCACTGAACTCAACCAACATGATATGATTGACCGCATCGTAGCTATATCGCCCTGCAATAAGTATTGCAACGGCGAAAGCTATCATAAGCACTGAAATGGCAGCCTTCAGTTTTCGTCTTTCCAGGTTTCTCACGATTATACGAATCGAAACAGGGATTTTTTTCTGAAACTGCTTACGATCAAGCACTCCTGGCTTGTAAACCGCAGGAGTTTCAGGCCGCATTCCTTCAGCAGGAGGCAGTGCAACCGCCTGACTGACGGCACTGAGCGCGCCAACAAGAGCGGCACCGGCACTGAGCAAAACCGATAAGGCAACGTCCTCGAAACGAAAATAATAGATCAGTTCCGCAAAATTGTAAAAATCTTCATAGACGCCGGTTAACCCCAGTCCCAACCAGGCACCAAGCGCAGTGCCAGCCACGGCACCCACAAGCACTGGAACCATGGCAAACCCAAGATAGTGGATCCCCACTTCCTCGTTGGTATACCCCATGGCTTTCATTACAGCGATCTGATCTCTCTGCGTACTTACAAGCCTTTTCAATACGATATTGAGCAGAAAAACAGCGACTGCAAGAAAAATGGTCGGCAGTACGGTAATCTGAATACCCACTTGTTTGATCTCATCGGAAATGAAACGGTCGGAAAGCTGTTCACTCCTTCCATACGCCCCAAGAGAGCCGTAACGACTAAACATGTCGTCCAGTCGCCGGATAACATCCTTTTCCGACGCTCGATGAGCAAGGGTGATCGAAAGATCATTGAATGCTCCTGCCATGTCAAGTGCGGATTCCAAAGCATCTCGGCTCATCCAGAATACCCCGAAACGCCGATTATCCGGGAAAAAAGCCCCCGGAGGCACCTCATAGATGTATTCAGGAGAAAGACCTTTCCCGACAATAACCAACTCTTTCCAGCGGCCGTTGATAACCGCACCGACATGATCTCCAAGCCTCAGCCCATTAGCCTCCATAAAGGTTTCACTGGCTATGACCTCCTCAGGATGCCCCGGTTCCATGTAGCGCCCCTCCCTGAGAAATACATCATTGAGAACCGGCCTTCTCCTGTCTGGCATCGACACCAGTTTTCCGCTTGCAGGTTCGTTCAAACCAGGTACGTCGAGTGTCACACTGGCAACAATACGTGACCTCACCGCCGCAACCCCCTTAATTCTCCTCACGCTCTCCAGCATAGCCTCCGGAGCTCTCTTGGCCTGCATGAAAATATCGGCAAAACGATACTCGCTGTAGTATTGTGACCTCGTCGCCTTCAACGAGTACTCTACACTGCTCATGGAAACGAACACGGAAATACCGCAAGCCACCACTGCCGCCACAGCCAACATCTGGCTTTTCATACGAAGCAGTTCACGAAGCAGCTTCCGTTCNAGTTGTTTCATGTTCTTCTACCAGCTCAGGTCAGAGGGTGAAAGTTTTTTCTCATTACGTTCTATTTCCGTTATTTCACCGCTGCGCATATGCACCACCCTGTCAGCCATGGCGGCAATCGAAACATTGTGTGTAATCACAAGGGTCGTTGTTCCCAGCTGCTCATTCACCTTGCGTACCACCTCCAGAACAAGCTTACCCGTTTCATAATCCAGAGCTCCCGTGGGCTCATCGCAAAGCAGCAATTCCGGCCGCTTGGCAACCGCGCGCGCAATGGCGACCCGCTGTTGCTCTCCACCTGACAGCTGTGCAGGAAAATGATACATCCGCTCTGAAAGGTTCACGAGCCTCAGCGCCTCCTCGGCCGACATGGGGTTTGAGGATATTTCTGTCACCAACTGGACGTTTTCAAGAGCGGTAAGACTGGAAATAAGATTGTAGAACTGAAAAACAAAACCTATGGACTCCCTTCGATAAACAGTTAAATTATCCTCTGTAGCAGCGGTCATTTCCTTTCCACGAAAGTAAAGTTGTCCTTCCGAAGGCACGTCGAGTCCACCGATGATGTTCAAAAGAGTGGACTTGCCGCTGCCGGAACTACCAAGAAGCACGACAAGTTCACTTTCGTAGAAGTCTACAGAAACATGCTTCAATGCTTCGACCTGTACTTCGCCCATCGTGTAGATCTTGCTCACCCTATCCAAATGAAGTACCGCCTCGCCCTTACCAGTACGGTTATACACAATAAAAA
CP110623.1_gap42	1486784	1491046	4262	CAAAAAGGGCGATCGTTATATACACCAGTATCGTTGCCGGTGTTTCGAGAACAGGAAGAATGCCTTTTCCATCATGTCCTCCCACTTTCTGAACTGCAAGAGAAAAACCAGCCATGCCGAGTACGATAGCAAAAAACGTTATATGGAAATTTTGCAACCGAAGGCTTTTCTCCTCTGTAGCCGTCACTGCATTGTTGCTCATATCGTCATTGTTGTTTTTAAGGTTGAAGAATATTACTCATCGACTACACTGGTTACTACGTCAAATTCCGGAGCTTCCTGAATATGCTTTTTCACCGCGCAGAGATTCGCCGCCTTTACAAGAGCATCGTGATATTTCCGGGGAAAATCTTCCGGAACCTGAATTTCCAAAGAGATTTTCCCGATCCCCTTTCCACCATCCTTTTTATGCTGCTTCTGCACAATTCGGATTTTATCCGTAGGTATGTTTCTCTGCTCACAGAATGAATAAACATAAATGCCAGCACAGGTTCCTATCGAAGCGAGAAACAACATGAACGGTTCAGGCGCCGCCCCTTCTCCTCCATTCCTCTCGGACTGATCGGTTTCTATCGTAAAGCCACGATATGCAGCGTTCACTTTTTTACCGCCGCCTGAAGTTATAATCATGGTGTTATGCATAACAGTTGCTCCTTTTTCCTGATTAGTATAAAAGGCACCTCCATTTATTTGCTCCGCACCATGATTACTTCGTTGATCGGCACTCGAAATCCTCATGTACTTGTGTACATCCCGGTTTCTCTGGCTCCGTTCACTTCGTACTCATACCGCTCGCGACAATGTATGAAGGTGTCCTAAAGTTATTTGCGCCTCATATATTCCTGCATGAATATGCACTATTTTAACTGAAAAACAAGAGCGCATGATTCACCTTATCGGAGCAGCAGCACAACAAAAGCAATTATAAGCATATGCCCGATACTTAGCAACCGGAAAAACCAAAATCATGAAAAAACGGATTAACCCGATCGGTATGCCGGTACCTCATGCAATAATAGCAGCCGTCATATGATTTTCACTTACCGCCAGATCAGCCAAAGGTTAGAAAGTCTTGTTACAGCCGTCAGCCGTCAGGTAGGCACAATTCCCTCACCGATAGCCCCATTCAGGTCTATCTCGTATTCCGTGTGCGAGTTACACATATACCCCGTTGCATGATGAGAAACGGATAACCGTGGAAAACTTCATGAAACAGCTGTACAGCCTTTTTTGCAGAAGCCCTATGGCTACCGCCCGGCATAAGTAAACCTACGTTACGGCACTCTTATTGAGAATTCCCCTACTGATGCTACCCTGGAAAATTAAAAACGGGAAATGAAAAACAATGCACCTGCCCCCCACACCAACGCTTCCGTGATTTCACTCGAAGCACCGAGAACATCACCGGTAACTCCCCTAATTTTTTTCAGACTGAGAAAACCGCTGAGACCTGCACTCACAGATACAACAAGCAAGGCAAAGCCAAAAGGCAGAAGCATACCGTCAAAAAGAACCAAAAGAACGATAACAGAGACGGATATTGAAGAAACCAGATGCGGTAAACCGGCACCATCGACAAAGCCGGAGGCAGTTCCACCCTCACTACGAGCATATGGAAGAGATGACGCAAGCAATACCTGAGACAAACGGGCGAGCACAATTCCGGATACAATCCAGTCATACAGACCGAGAGAAAGAAGTTTGACAAGAATAACCCACTTGAAGATAAAAAGCAGGACAAGCGCCAGAGCACCGAACGAACCAACAGCCGAATCCTTCATGATGTGCAGACGCTTCTCCACACTTCCCCCACCGAAAAAACCGTCAGCGACATCGGCAAAACCGTCGACATGAATCCCTCTCGTCGACAAAACACCTGCAAGCAACACTCCGGCCGCTGCAATTTCACTCCAGCCAAAAACCATTAACAGATAACCTACCCCTGCCTGGATCAGCCCAAGCAAAAGACCAACAACGGGAAACCAGTGAAAAGCGTTACAGAAACGAGCCACGTCTTTTCCCGGTACAGGCAGCACTGTCAACGTGCGAAATGCGGTTACCAGACCTCTCAAAGCCTCTTCATTGATTTTTCAAGAAACAACATAACAGCAGCGACAAACGCTTCAGGAACCTCTTCCTGAGGAAGATGACCACAATCGGGAATAACCTCGAGTTCCGCCCCGGGAATCTCTCTGGCCAACTTGAAACTTTCTTCAGTTTTGACGGTCAGATCGTGTTCTCCGGTTATCACCAAAGAAGGAACCTCGAGGCTACCGAGTTTTTTTTCAAGACCAAGGTGATGTGTTTCGAGAAAAAGCTCCCAGAAAGCTCTCGACCAGTCTCCGATCATAAGGTCCTTCCTGAAGGCTGCCAGCGTTTCGTCGCTCAACAAGGCCTTGTTGTACCAGAAACCACGAATATTCCTGTCGTAAAGTTTGGTTATAAGAAACTTCATGAGCCTTGAAAATACAGGGCTCATGCCAGTAAGCAGCGGTTTCAAGAAAGCCGGCACTTCACTGGTAGCATACCCGCTGTATACCATTGCGCCAACAAGCACGAGCCCCTGAACCTGCCGGGGGTGCCGCAAGGCCACCAGCAAGGCAAGTGTCCCTCCGGTTGAATTACCGACAAGGATCGCCTTTTCATGACCAACCTCTTCTATGAGCCTTACAACCAGATCACTCTGGGCTTCCGGTGAATAACGAACATTGTTTTCCGGTGAAGGAACCGGGCGAGAAGTCAACCCGAAAGCCGGCCGGTCGAAAACCAGTACCGTTGCCTTTTCCGAAAGAGGAGAGACAACATCACGCCACGAACGAATACTGAGAAAACTCCCATGAAGGAGTACAATCAAAGGCCCTTCTTTTCCAAAAATCTTGTAATGAACCCTGAAACCTCCGGATTCGAAAAAGCGGCTGTCGGAATCAGCATATTTTTTCTGGAATTGCAGAAATGCATTCATGAGAGTTGACATCAGGCTCTATTGACGTTCCGAAACGTTGGCCCCACTAAAGGTAGCCATTTCATTGTAAATCTTTATCGCCCCCTCGATGACCTGCATGGCGAGCACCGCTCCGGTTCCTTCTCCAAGACGCAGATCAAGATCGAGAATAGGCCTGGCCCCGAGATCGTTCATTATGATTTTGTGCCCCTGTTCATTGGACAAATGGCTGAAAAAAAGATAATCACTCACTTGACATGAAAGCTTCATCGCCACAACTGCACCGGCCGATGAAATAAACCCGTCGACAACCACAGGCATCCCGACCGACGCCGCTCCGAGAATAAGACCGCAGATACCGGCGATCTCAAATCCTCCAAGAGATGCAAGAGTATCCAAAGGGGTGTTGAGAGATCCTCGGTTGGTTTCAATGGCACGTTTGATCACAGAAATCTTATGCTCGAGCATCGAGTCGTCAATCCCGGTACCACGACCGGTAATGGACTCGACAGGAAGATCGAGCAGTACAGCGAACAGAGCAGCAGCGGAAGTGGTATTGGCTATGCCCATTTCTCCTGTAGCAAGCAGATGGTACCCATCCGCATAAGCCTCTTTTGCAAGATCAACACCGACCATAACCGCCTGCAGAGCTTCATCGACAGTCATGGCAGCTCCCTCTGCCATATTTGCAGAGGCTTTTCGAACCTTGCGCTTTCTTAAGCCGGGATGGTCCGGAAAATCATGGTTCACACCAATATCGACCATATCAAGTTCAGCTCCGGCATGCCGTGTAAGGACATTGATCGCCGCTCCGCCGTTCAACATGTTATACACCATCTGCGGAGTTACTTCAGCCGGAAAAGCCGAGACACCTTCCACGGCCACACCATGATCCGCAGCGAAGCAAAAAACTTTCTTCTTTTTCAGTATCGGACAATCGGAACCTGTTGCAAGAACATACTTCATCGCAATCTCCTCCAGACGCCCAAGACTACCTTTTGGCTTGGTGAGATCGTCAAGATGGACCTGAATTGATCCCCTCAACGAATTATCAACCGGCTTGATACTACCGAGAACCTCTTGTAACTGATCGTACATATACGCCACTGTTCTTTATTATTATAAGAAAGAATGAATAGCCATCGCCTCATATACATTTATGTCAGGACTTCATAGAGCGGCTCCGGAAACCCCTATTCCCTACTACCTATTTCCACCTAAACCCCACTACCCAGGAACCCTACTTCAACTTTACCGGCAGACCGCTACAGAGCAACCATGCCTCGGTTGAAACGCCAGCCACTTTCTGGTTGATGGTACC
CP110623.1_gap43	1497774	1501168	3394	CAGCAGAAGACAGAGGTTCGGCCGATTTCGATGTTCAGTGGAACGGAGATGCCGAAAGCGCGAGCCAGCTGAACGACGGGAATACGGAAATCGATTTACCCGACAGGGTATCACTGCAACTACCCAATGTCTGGGCTATTCGCGGTCTCTCCCCTTCGGGAAGTGCCAAAGTTTCTATTTCGCTCAACAACAATGTTCTCACCTCGGGTCCTCCAGAATTATCATTGAAGAAGGTGAAGGGAACATTCAAATAGAAGATAATGCCGGTCATTCCGGTACAACGATCAATACAAGTCTCAAAGGAATAACAAGTTCTGAAGCCACCATCGGCAATGTCCGCATAACACTGAACTTTTCCGAAACAACCAAAGCGGGCCTTCACACCGGTGGCCAATATAAAATCACTGCAGAAACGATCTGATTCCTGAACCTGAAGAGTGGGCTGTTTCCAAAAAAACAGTCGATTCGACTATATTCAACAAGCCGAAAAATCAGTGCGACTCGGTAAATTGTCATCACGCTATCCAGGAAATCTTTTTTAAATTCAAGGGTAGACGCAGGTGCTTTAGTTTCTTTCTTTTAACCCCCTAAATAATTCTCATTATGAAGTTATTATCATTTTCAGGAAAAGCCTGTACGGTTTTTCTTCTTATTCTTGCATTTTCCGTCGATAATGCAGATGCTGTCGTCGGCGGCGGACAACAATCGAGCAGCGGAACAGCCAAAGTCACGGCAAATGTCCCCCAATTCATCGTGCTGCACTATTACTCGAACCTAACTCTCAATTTCGAGACCCCGACTTCCGAAGCTCTTGATCAGGGCGACAATACCATGGCGGTATCATGGGAAGGCGCAGCCTCCGGAGACGAACTCTCGACAGCCAGTCTTATGGATGCCAAGCTTGAACTCGATGGCACAAAAACAACCGTGAAAATGCCGAATGTTTGGGCAGTGAGAGGTTTTTCAAAAAGTGGAAACGCAGAGGTTACCGTAACAATCCCTTCTGGAGGAGATGAGCTTTCAAACGGTGAATCAAAAATCGGCATGTCGAACGTGAAGGTCAACGACGGAGAAAACAGCGGTAGTTCGATCAAGACCAACCTTGGAGGTATTGCAAAAAGCTCTGCAACATTTGGAGGCATCGAGCTGGATCTTGATTTCAGTGAAACCAGCCGATCTGGCAGCCACGCCGGGGGCCAGTATACTATAACCGCCTCAACGATATAAGGTTGAGGATATTGACTAATATCCAGTGCCGATCCAAAAAACAAACACTCTCTTTTGGTGACAATCGCTTTTTTTTTAATGGCAACCTCTTATGCAAGCCCTGCNTTTTCTGCAGACAAACTGAAGATTTACAAAAACAGGAAGCTTGANTGNGTGACATTGAATGAAATCGGATTGTCNAAAAGCGGCATCTCAACATCGCTCAGTCCATTCGAAGCAGACGTAACATGGAACAGCAGCGATGTCGATACCCCTGAACTTTTTCTGGAACAAGTCTATACCACAACGAGAATAAGCCGAAAAAACGTGCTGTTGTGGTATTACCAGTTCGACGTCAACAATGATGACGACGACGATGATGACGATGACGAAGACGATGATGATAGTTTTTCACGCGGCNNNGCGTTCGATGTTGAATACAGGATTCTCAGCAGAAGCGGAGTTGAAAATGCCCTTTCGCACAAGAATGACAGCTCGTCGATAATCAAAGCGTACCTTACCGAAAAACCGATCGAGTGTGAAAGGAAAAACAAGAAAAAGATCAGATGTCTCGGCAGGGTCGATCTGGATCTGGATATCTCCCGGGCAAAAAAATCCGGAAAATATTTCGGCACCATCGAAATAACAATCATAACAATCTAAACGCTATCATGAAAAAATTACTCACGGCGCTCCTCATTGCCATGGTGACAATGGCAGCCAATGTTTACGCTCAAGAAACAGCTCCTCCCGGCCAGATAGGTGTATCTCCCTCGATGCTTGAACTCTCGATCGGTTCCGAACCGGTTAACGAATCACTCAGGCTTTTCAATCTGAAAAAAACACCGACCAAAGTAAAAGTAGAGGTTTATAACTGGACCCTCGATGAAAACAACGAAGTCAAACTTCTGCCTCCAACCGAACAATCCCTTGACCAATGGATGCTGATCAACCCGACCGCATTTACCCTCGAGCCTGGAAAAAGCCAGGTTGTTCGTTTATCTGTTCGTCCTCCGGTCAAGCCCGATCCCGGAGAACACAGGGCACTTATCTATTTCATAGAAGAATCCATGGAGGAAAACATAGCAGATGAAGAAAAAAAACCGGTAGAAGTTCTCTTCAAGCTGGGTGTTGGAGTATATGCGAATGCAAATCCCGTCAAACGCTCGTCAACGCTTAAAACGTTCTCTCTCGATAAATCGGACAATACGCTGAAAGCAGCGATCATCAACAGCGGAAACGTTCACACCAGATTGACAGGCGGTTATTCCATATGGAAAAAAGATGACTTTCCCGGCATCCAGAATGCAGAAAAGTACGTAAAGAATGAAGATACCGATAAAAATCCTGAAGGGCTTGTTGCATCGGGCCAGCTGAATCAGACGCCTGTGCTCCCCGGCAATACCCGTACAATCATAACTCAACTCCCTTCTCTTCCAAAATCCGGTTCGTACATTGTTGCCGTTTCAGGAGAACTTGGAGATAAAAAGATTGAAAAGACCTATCCCGTATCGCGCTGACACAGCAAAGGGTAAAGGCCAATGGATTTCACCAAGCGACTCATTGCGCTTTCTTTCCTTCTCTCCGGTCTCTACAGCAATAGCGCGATACACTATGTTCAGGCTGCTGACTCAAGGCAGCCTGAACCGCTTCTTGTTGAAGTTTTTTTCAACAAGAAATCTGCCGGCACCCTCATTTGCTATCGTCACCAGGACACTTACTGGGTTCCGTTCGACCTCTTCATTCAGCAAACAAAGCTCAAAGGTCAACCTGCGGAAAACGGTACAGTCAGCTATCAAACTACTCTCGGAGTACTTTCCCATGACCCGGAAAGCCTGAAAGTCATTGAAGACACTCTGTGCATATCGTTCGATCAGCTGGAAAAATCCTTTTATGTCAAAGGACGCTTTGTACAGTCGGTATTCGCTCTTGCGCTCGATGTCCCATGGGCTTCCGGCAAACCTTCGAGAAAAAAAGCTGCAAAACCGGTTATCACTCCTGATATTCAGGCCCCATCCAGTTCACTCTCTTTTCTGAGATTCGAGCCACAGGTTTCCTATGAGTTCAACGATAATACAAACAGAGACTTGCTCATTGAAGCCGGAGGAAGATTCGCCAACGGTGTCTGGGACATAACCTTTGAAGGCGATCCAACAACACGCTTTCGACCCTCGCGTTACCATTGGAC
CP110623.1_gap44	1509311	1512983	3672	AGAGGATGGAACGCAGGAAAAAAAGCAATCTACTCTACAGCAAAGAACAAGTAGCGTATACCACTGCCTTGCCAACCCAAAGTCACATAAAAGAGATAACCCGGACTACATCGTTAACCCAATGAGTGTTGAGTTTGAAAAAGTTCAAAGTCACCTTGATCCGACAAGAACGTGAAGACCCCGAAGCCATCGGCAGTAAAGGCAACCTCTGCCGATCGTTACGATTACCGACAGGCAAAGTGATTGAGCTTAATTCTGTCGATCAAATCTTTTGTAAAACAGTTGGACAAATGCAAAAAAACAAGCTTGCGCCCTGAAAGCAGAAAAAAGGATGATTCCTCCTTTGAGCGACAGCAACTTCGTTGCTCGTATGGAAAAAGTACTTGANCTCCACATACAGCCATATGGTCCCTCATCCCCGGTGACTTGTACGGACGAGTCCTCCAAACAGTTGATAGTGGAACAAAGNATTCCGTTACCGTCNAATGCCAGNCAAACCGACAGATACGATTATGAATACCGGCTCAAGAAAACCTGTGGCATTTTTATTGCCATAGAGCCATCGATTCGAAACCGAATTGTCCGGATAACCGCGCAGNNNAAGAAGCAGGACTGGATACTATTCGCTGAAACCATAGCCAGTGACTATGAACATGAAAAAAAACAGGACCGCTGTACAAAACCATCAAACCTGAAAAAGCAAAGGACGGGAGTTGACCGAACATGACAGAGATCGGATTGAGAGTACCGTCAACATCCTGTTTGTCAATAATATCCGTGATATCGATACAGATCGGAAAGTGGGAAAGCGCTATTAATTAAATAAATTATATTTATTGCAATATATCCTGCCTGAGCATCCCAAATTGCCACGAGTCCACGGGAATGCTCGAGCAGTCATTCTATTCAGTTGTAAAACATTTAGCTCATGAGCGAACTGCTTAACAACTCTCAGGCAAGAAAGGCAAGGTTGAAAGAACTGATACTGAAGCTTCACCAAGGAGAACCTGAAGAAAAAGTCCGACAGGAATTAATGCACAGCCTGAGCCAGATACCGTACGGCGAAGTTGTGGAAGTTGAACAGGAACTGATCAGTGAAGGACTTCCCGAATCGGAAATTCTGAAATTGTGTGATGCCCATTCGGCAGTATTGCAGGGAAACATCGACCTGTCGGGGACAAAAAATGTTCCTGAAGGTCATCCCATCGATGTAATGACAAAAGAAAACATCGAGGTTAAAAAAACAACCGCATCGGCTTATGGTCTGTTATCGGATATTGAAAAGTCGGACGAGTCGGAATTACCTGATCAACTCCTGAAACTCAGGGGATTGTACAACAATCTTTTCGATGTGGACAAACATTATCAGCGAAAGGAATATCTGCTGTTTCCTTTTCTTGAGCAAAAAGGGATCACCGGCCCACCAAAAGTCATGTGGGGAAAACATGATGAAATACGCGAGCTTTTAAAAGGAAGCATCGAGATACTGCAAACCGAAAGCATCGCAAAAGAAGAGCTGGCCGCCGCCTCGACAATTGTTTTGCTACCTGCCCTGAAAGGCTTGGATGATATGACTGTCAAGGAAGAAGAAATACTTTTTCCGATGTCCCTGGACACTCTTTCTGAAAAAGAGTGGTACGAAATCAGTAAACAGTCCCTCGAAATAGGTTACTGTCTCTACGATCCTCCAAAAGAGTGGAAACCTGACTGGGCTCGTGAAGAAACGATAAACGAAGTGCAAAAATCCGGTGAAAACATTCAGTTGCCGACAGGCGGTTTCACCGCCGAAGAGCTCATGTGCATCCTGAATACTCTTCCGGTCGATATTACCTTTGTCGACAAAAACGACAAGGTTAAATACTTCTCCCAAAATCCCGATCGAATTTTTCAACGAAACCGGGCGATTGTAAACCGGGATGTCAGGCACTGCCACCCGCCTGCAAGTTCCCATATCGTAGACAAAATCGTTCAGGATTTTAAAAACGGCACTCACAACCGGGCTCCTTTCTGGATTGCCATGGGAGACAAATTCATTCACATCGAGTATTTTGCCTTACGAAATGAAAAAGGCGAATACCTCGGCACGCTCGAGGTCTCTCATGATATCAGCCGGTACCGTGAACTCGAGGGCGAGCAGCGAATCTTATCATACACATAAGCGTAGCGAACAATATGAACAGCGATCTGATAATAACACCAAAAACAAAGGTGGATCAATTACTCGAGACCTATCCGCATCTGGAAGACGTTCTTACAGATTACTTACCTGAGTTTAAAAAACTGAAGGACCCAGCCCTGCGCAAAACAGTGGCAAAAATCACCACCCTGCAGCAGGCTGCTGCGATCGGCAATGTCAAAGTTGAAGATTTGATCAACAAGCTCAGGGATGTTGTTGGTCAGGATTTATATACAGGAACCGGAGAAACAAAGTATAATACCTCACAACCTGAATGGTTCAAGGAAAACCTGATTACAACGGAGTTCGATGTCCGGGAAATGCTTGCGCAGGGTGAACACCCTGTCAACCAGGTCATTGCTGATCTGAACACGATGGAAACGGGAAAGATATATAAGCTCATAGCACCGTTCCTCCCTGCCCCGTTAATCGACAAAGCCGGCAGTCTGCATATTCCGCACTGGATAGACCAAAAAAGCGAAGAGATGTTCCATATCTATTTTTACAAGCCCTGAATGAGCGTATCGGCTTTATCTCCAACCACTTCACTGTACCGGTGAACCTCTAAAAATCTGCATGTCACTGTACTCCGAATTTTCAGAATACTACGAAGAAACATTTCCTTTGAGAGAGGATGTATACTGCTTTCTCAAAGCACATTTTCGGGAAAGTGACGGAAAAATTCTTGACCTGGGCTGCGGTCCGGGACATTATTGCGGAAGATTTCAATCGGACGGATACGATGCTCTTGGCATCGACCTTGACGAGGAGATGATCAGTGCTGCCCGTAAGAAATACCCGAAAGCCCGGTTTTCTTGCATGAATATGATCGGCATTGACACCCTCAAAGAAAAATTCCACACGATTTACTCAATCGGCAACGTTCTTGCTCATGTTTCCCTCTATGAACTCCACAGCCTTTTACCTGAAATCAGGAAACTGCTGTATCCGCACGGGTATTGGATTTTTCAAGTCGTGAACTGGAACTCCATACTGACCAGACAGCAATACATATTTCCGGTTAAATCCTTGGCTGGAGGAAAGATCACCTTTCACCGCGAGTATGCAAACATATCCGAAAAACATGTGCTGTTCCGGTCCTTCATGAAATCGGGTGACGCGTTTGTCTTTGACGAGCAAACCACCCTGTATCCTCTGCGAAGCGGCGAATATCTTAAACTTCATCAAAAAGCGGGGTTTCAACCGGTCGGGATGTACGCCGATTTCAAAAAAAGCCGTTATAAAAAAGAAGCTGATTCAGGAGCGGTATTTGTCTTTTCGAGGGATCATTCCGGCGTGCCTTAGTCAGTCACGCACAAACGCCTCTGCACTTTTTCCAACCAGGAAATACTTCAGGGTACCTCATCAGTCAGGGATCTCCTGATGCACAGCAGCATGCCCCGCCCGGGGTATCCATTCCCCCCTGAACAGGGAGAAGGTGAGAACGACCAGCCCGACTCCGACAAGAGTCAGCAGAACGAAAAACAGCGGATATC
CP110623.1_gap45	1606681	1611319	4638	CACTTGCACCTGAAGGCCGTAATTATCCGTCAACCTTCCTTTATAGAATTCTTGCTCCATGGTGAATGCTGTCCCCAACAGCCCAACTGATTCAATGCCTTCCTTTATAAGAACTTCTGCTGTTGCATCAGCAATGTGCAGTAACGGAATTTGAATTGCCGCCTCAATCTCTGGAGCAACTTTGTGCATGGTATTTGTACAGAGAAGCAAAAAATCAGCACCTGCAGCCTGAACATTTTTAGCTGCTTCCGACAATATTTTCGCAGTTCCTTCCCAATCTTCAGCATGCTGTAGTTGCTCAATCGGTTCGAAATCAACACTGTACATAGCAATTTTCGCCGAATGAAGACCGCCCAGAGAATTTCTAATGCCTTCATTGATCGCCCGATAGTAGCCGAGAGTACTTTCCCAGCTCATTCCGCCAAGCAAGCCGATAGTTTTCATCAGTTTGAGCTGTGCTTGTTCACTTCATCTAAGGGAAATGTGAATTAACAGAATCATGTTTTTCATTTTCAGCACATAGTGAAGAATTAATCATTACAATGGTATCTGTACATGTACAGGGGGTAAATATACACGGCTCACACATTCCGGATTTATAATGTGGGCAACCGGTATTAATTTCTTTGGGTTTATTTCGGTTTTGTAAAGCTCGGTATTCCTCAAAAATTTCAGTATTCCATATTTCTTTTAATGATTTATGAGAAACNNNTTCTTTCTTNNNACTNNNACGATGACCTGTAATGTCTGGCATAAATTCGGCAAAAGGACAAGGACTCGTATTCCCCTTGCAATCTACATACACCATGGTAGAAGCAGCCTTACATGTTATGTAAAAGTACTGCATCCCTGTTTTCTGAAACAAATATTCTCCGAGCAAAGGTCTTGCATGAAGCTGAATACTNCGNTTTTCTTGTCTTTTNNNGCCAAGCATNNNNTCTCTTGTAGCNNNCATATTACATCCCGCCAATAAGATCCANNNATANNNNGCGTCTTCATCNAGAATCTTTTGATCCCTGCCCAAGCTCAGTTCNAGGAGAAATTCNNNAGCAGGAAGACCCCATCTNNNNACTAATTGATACGCTTTTTCTATATGTTCGAGGTTATTTTGATTTAAAACCCAAAAAACATACGGCTTTAAACCGGCTTTCCTCAAATTCTCCACGCCCTGGTTTACAAGTTCAAATCCATTACGGCTCTTNTGTGCACTTCCATAACTCTCGTTATCGATTCCATATAAGCTTATCTGAAAATAATTAAGGCTTTCTTCTATTTCTTTGAGACTTTGTGCCGTCTCATAACTAATTAGCGATGCATTGGTGCTAAAAGATATCAGCATACCTTTTTCGGCTGCATAGTGTAGCACATTGACAATATCGTCTCGAAAAAACGGCTCTCCACCAAGAACACGAAGAAATAGAACTCCGTCTGAGTAAAGCTTATCAACAATAATCTTAGCTTCATCAAAACGCAACTCATTTTTCGCTCTTTTCCCACTATTTGTAAGGCAAAATGAACAAGAGAAATTACAGCCTTCGGTTATATCCCACTGGGCAAGTATCGGCGTTATTTCCTGATGCATAATCGTGGATATTTTTCAGGCAAGATGAATACCGAAGCAGCAGTCTTCATCTTGCCATATTAATAAAACAGCCTTCATTTCAACAGTCACATTATATTCGAACTGCACCCTTGACAACCCTGACAGCCTTGACAACCCTGACAACCCTGTGTTCCATCACGAACAAGTCCCAATTCGATAAAAGCGGCTCTAGCTCTTTTTAGAACATCTTCTCGTACTTTTTCAAAGTTGTTAATCATTGTCTGATCACAGATTATGTCTCTTTCTCTTAATGTTTTGATCGGACTTTGAAGCAGTTCCAGTACAAGAAAATCATCCTTTCGAATTGATTCCTTGAAATTAAATTTTGATTTAGCTCCACCATTTTTCTTTGCTGTAGCCATTTTACTCTCCTTATTTTTTATTGACTTCAAAAATCATCAATACATCATACTGTGCATGTAATAATCACCTCCTTTGATTTCTCGATCATTTGAAAGACTTATTGGAAAAGCAGATACAACACCCGAAAAACCATCGAGTGTCCAGGGAACTCGCCCCAGTATGCGGCAACCTCTGACTGCCAAGCCCATGTTTGTGAAAAGGAGTTGTGCCATACTATCCATGTTTACCCGAGACCATCAACAAAGTCTGCCATCAGAAACACGAAAAATATGAAGGTTCCTCAGTGAGCAAGCTTCGGCACATAGCTGGAACTTGAACTGAAAACCAGCACGGCTTGGCTATTAAAAGAACATGTTATGTTCAAAGCACTTCGGCAATCGGCCTTGAGAGAAGTAGCCGGCAGCTTTTTCAAATACCGGAGAAAGCTGTTGACTATTTGAAACTGCAGCCCCTAATCAAGGTCAAAGGCCTGATGGTGCGAGATAAAAAGAACAGCTTAAACTACTCCGGTATCGTGTCATAAATGCTGTATATGAAGGACTGAATAGCGAAACTCTGTTAATCAAGGCATCAATTCGGTTGTTTCTCTTGCGTGGAAAACTACCGAGCCAGACTTCCGCTTCATTATGGAAAGCTCAACATAGCAATCTGTCGATGCCGTGGTTTTCTGTCAAGCTCACCTATCAAATTCTGCAAAGCTCCAAATCGATATTTCAATAAAGCAGCGCATAAAGCTTTGATAGTTCTTACCGAAACATCTGCCCCTTGAAATCTGGGTACTGCCAAAAGATTTTCGCATAAATTACCTATAAAATTTATACATTTTCCACATTAAAAGCAAAAAATGCGTAATTATCGACGTTTTTTTATACACACTTTATTTACCCCAACCAGATTGCACAGTAGAAACGTGAGCATCAAGACCATGTTGCCGAAGTGTTTGAACGTTCTATCAATCCATCGTTCAGGGCTAACAATAAAGCTGAACAAAGTATTGACGCGCATGATTGATGAACGGTAATGAACAAACCCAATTAAGGAGTCTACTGTAGGTGGGAATAGCTGATGAAGGACAAAGGTTGCAAAGCCAATATCAAAAGTACCAGACGCCTGAGAAACCGCTTAGGGGACATTGTTTATTAGCGATAAAAGATCACCTATCTACCGAACCATATGACTGACTGCTGCGGTTGTAACCCATAACTGCCGCGCTGTCTCTGCGAGTGATAAACCATAATCATTGACAAACTTCTCCGCCAACGCTCTTCGTATTGCAGGTAATTCCCCTTTTCTTCCGCCTGAACGTAACAATGCCACGGTGATCCCCGCTTTGCTGCATGCTTCCTCTATATCGTTGTTTATCTGCTTTGATCGTTCTTTTGCCGTCAGCAACTCTTTTCCCTGGTCTTCCGCTTCTTGTAGCACCTCCCTGACGAATGAGTCTCCTCCAAGTATCCGGTCATCGCTAAGCACTTTTGTTCCCTGCTTCCTCATTGACTGCACCTTCGACCAGCCTCCATGAGAACGTAGCAATCCTCCGCCTGAAAGCTCTTTCTCACGGTTTTTTCCAATTTCTTCTCCCAGATATTCCGAATACGCTTGTTGAGCCTTACTCTCTGTTTCGCCGAAAAAGCTTAATACATAATCACGATTAAACCATGAGTATAGAACCTTATGCATCATGACTGCATGGCCGCACCATGGATAGAACGCCAGTTCTTCGACTGTATGGACAAGCCCTCCTCGAAGTGGGTTGAGATGGATGTAGGCTACCAGCTTATCGAAATACGCCTCTTCTTCACAGATAATCGACTTATATCTGTTTTGAAAGAGATGACCGACACGTTTATGGCGGCGATTAAAGTATTGCGCGTAACCGGAAAGTAATCGGCGCATGAAGGTTGACAATCCCTGTTCTCCGCTTTTCAACAGGATATGAGCATGGTTTGTCATCAGTGCGAAAGCATAAATGTTCGTACCCATCCCTTGAGCCAGTTCACCCGTTCGACGGAGATACTCTTTTCTGTCTTGATCGTCTCGAACGATACTCCCTTTCTCAATTCCCCGAACAATGACATGATGTAATGTCCCTGGCGTATCCAGCCTTGCTCCTCTCGGCATAACTTTCTTTTTATATATCTATATCCAAGTTTTTGCTATGGCTTTAAATACATTAACCAACAACCAGCTTTTAAAGCTAATAAACTACGTCCCCTACTTGATTGTAACAGCGATAGTAAACCTCTTGTGCTCCTAATCCTCCTGTAGTGCGGCAAAAGCCTGAAGTATCCTATTGGCAGTACAGGCATCACCATGATGATCGTGATGATCGTGACAAATCGCATGTTCATCTTTCGCCAGCACCGCCATGCGCTCTTGGTGCTCAGGAGAAACCATTACGCTCCTCTTATTGGCCTTCTTGATCGGAAACTGTTGACCCTCAAAGACAGTTCCCCAGATTGCAAGATCCTTCAGCTTCATCGGATCGGCCTTGATCGGATTTTCTTCAAAGACAGTGAAATTCGCCTTCTTCCCGACATCGATACTACCCATCTCTTTTTCCTTCCGAAGCGCATAAGCCGCATCGATGGTAAGGGCCCGAAAAGCCTCTTCGGTCGTCACCTTTTCCTGCGGGCCAAGCACATTTTTACCCGACAGGCCGATTCGATTAA
CP110623.1_gap46	1692602	1693869	1267	TAAAAACATACCGAATTACCCGGATATGGAAAAAATCACCGAACAGATCCGAAAAACCGGCCAGCATCTTCTGGTCAATGCAGCTGCGCTTGCCGCCGAAATCGGAAATCCCAAAACAGCCAACATGATCATGCTTGGCGCAGCCTCACCATGGACATGCATCGAAGAGAACCTGATTGAGGAAGGAGTCAGACTACTTTTCGAGCCAAAAGGAAAAGAAGTCGCCAACCTGAACGTTAAAGCATTCAGAAAAGGGCGTTCACTGTCTGAGAAAAGCAGGGTACTGAAGTAAAAAAACGTATAGAACTGGATACATGATTTGGAACAAGCACATAGAATGCATGGACCGTGAGGAAATGCGGTCGCTGCAAGGCGAACGGCTACAGAACATGGTGGAACTGGTCTACCACAATGTCCCGTTTTATCGCCAGAAACTGCAGAATGCCGGTATCGAACCGGGAGCCTTCAAAACGATAGACGACCTGAAGCATCTGCCGTTCACCACGAAACAGGACCTTCGCGATAACTACCCTTTCGGACTCTTTAGTGTTCCGCAACAGGATATCGTACGGCTGCACGCGTCCAGCGGTACAACAGGCAAACCAACCGTTGTCGGTTATACTCATCGTGATATTCAGACATGGAGTGAAGTCGTTGCCCGCTCACTTAGCATGGCAGGAGTGACCCGGGATGACATTATTCAGGTAGCCTATGGTTACGGACTTTTTACCGGCGGACTCGGGCTCCATTACGGAGCGGAAAAAGTCGGAGCTTCGGTGATTCCGATTTCCGGCGGAAACACAAAAAAACAGCTCCAGCTCATGCAGGATTTCGGTTCTACTGTACTTGCCTGCACACCGTCCTATGCCTCCTTTCTCGGCGAAGCTATCAACGAGGCCGAAATAGACCGCAAAAACTTCCACCTCACGGCAGGAATCTTCGGAGCCGAACCCTGGACAGAAGAAATGCGTAAGGAAATCGAGGACCTTTTGGGAATCGAGGCTTTCGATATTTACGGTCTCAGCGAGATCATCGGCCCCGGAGTTTCAATGGAGTGCTCCGCCCACCATGGGATGCATATCTTTGAAGACCATTTCATACCCGAAATCATCAANCCCGACACCGGAGAAATCCTACCATATGGTGAACTTGGAGAACTCGTGTTTACCCCTGTCACGAAAGAAGCCCTTCCACTCTTGCGTTATCGAACCCGTGACCTCACCAGGCTGCATATCGACGCCTGCAGCTGCGGCAGAACACTCGTGCG
CP110623.1_gap47	1806388	1810655	4267	TTCATCTCGCATCAGCGTGTATCGACGCGGAGATGAGCATCCGCTCATTCATACCGGTACCGGTCATGATGGACAAGCGAATGACGGACAGTGGAGATCGAAAACATTTTCTTCATATGTGGGAACGATGCCTGCTGAGCGGAGCATCTTCTTTGCTCGAGCGTGGGATGATTGCACCGGACATCCCTGAAAAGGTATCCGACGAGTTCGAAAAACTCAGCGTCAATCCCGAATCAATTTTTCAATATGATGCCCGCCAGATCTTGGCTGTCAAAGAATAGCATAGTTGGCATGATATGAAACCGTCCATTTTCGAACCCTCCTCCATTGCAGGAATGGCTCTGAAGAACCGTTTCATCCGGTCCGCCACTCATGAAAGCATGGCCGATGAACGTGGAGCACCGACAGAAGCTCTTGAAAAACTATACGTCAGATTGGCGAAAGGAGGGGTGGGAGCAATAATCACCGGATACGCCGGAGTACAGCGAGACGGTAAAAGCAGCTTGCTATGCATGCTGATGCTCGATAACGATGAACTGATTCCCGCTTATCGTAAACTCACCGACAGGGTTCATGAACATGGAACCCCTGTCATTCTTCAGATCGCCCATTGCGGACGCCAGACCAGATCTGCGGCAACCGGCTATCCAACCGTAGGCCCGTCTCCCATTGCAGATTTTATCTTTAATGAAGACACACCGCATGAGCTGAACAACCGGGAAATCGAAACCATTATCGACAGCTTTGTCTCCGCTGCAGAACGAGCAAAAAAAGCCGGTTTCGACGGTATACAGCTTCACATGGCACATGGTTACCTGCTGTCACAGTTTCTCTCGGATCACACCAATCGTCGCCGGGACAAATGGGGAGGATCAACAGCTAACAAATTCAGAATCGTATCGGAAATTCTAAATCGTATTCGGCGAACAACCGGCAACTTTCCGGTACTGGCAAAAATCAATGCTTTCGATAACAGAAAAAGAGGCATGCGCGTCGAGGAAGCTGTCGAAGTTGCACGCCTGCTTGAATTCCACGGTTGTGACGCCATTGAAATATCGTCCGGAGTGGTTGAAGATGGACTCGCCATCATGAGAGGACCACACCCTCCGATGGAGGCACTCTTCAAAAGCAACTTCAGGTTCAACAACATGCCGACGCTCCTGAAAACCGTTGCCGCCCCGTTCATTCAATTCGCCATGCGCTCCCCCAAACCTTTACGCGGCTATAATCTCGAAGCGGCACAAGCGATAAAACCGGTAGTTTCGATCCCGATCATCACTGTCGGCGGACTCCATGATCTCTCCGACATCTCAGCGGCACTCGAAAACGGATCAACCGATTACGTCTCCATGTCCCGCCCGTTCATTATAGAACCGAATATCGTCAGAAAGTTCCAGGAAGGCACGCAAACAGCCTCCCGCTGCATCATGTGCAACTATTGTGCGTTGATGATCGAGGTGGATACTGTCAAATGTTATTACGGCAGATTGCCGTGACAACAAACACAAGCCTTTTGCAGGCCACTGAATATGCCCCATTGTTCAGACAGGCATTTTCGTTTGCTGGACCGTTCTTTATTCGAATGTTGTCAGCGGGCATGAACATCGATTCATGCCCGCTGACACGATATACGGCTTCGTCACACTTCCGGATCCTTGACAGGGAAATCATCGTCAAAAAAAGTTGACGCTTCGTCAATCTGTGCTTTTCGCTGCTTTTGAATGAAATCATCCAGATCTTTCTTGATCTCCGGATCCTCAAGAGCCTCGTAGTCGAAAACATTAGCAGCATATCTGTACTCGAAATGAATATCGACCATTTCATAGCTAACACATGCAGAGGAGAACTTTGAATTTTCACGAGTGAAATTGACTCTGTACTGCTTGAGTTTCGGCACGTAAACAACCTGCTCGCCTACTTTGAAGACTTCCAAAGCGACACCGATCGTTATCGTCCTGTAGTAGTCTTTGTTGTTTTCAACTCCGAACCGCAATGCATCCCCCTGCTTTTCCAAAAATTTTGAAAAGCTGTCCAGTGCAGAGCTGCCCTCGGAAGCAACGATTTCAAGAATGAAATCAATGAAATCCGTGGCGATTTCAATCCCACGGATATGTCTCGAATATGTTTGCTCATCGATCTTGCTTGGACCCATCAAGGGAATCTTCGACATCGCCAGCGTCCACAACTCTACATCGGTTTTATACTCCTCTCCGTATGCCTCTGCATACCGGTTTACATAATCGGTAACAATAGAGGTCATCGCAATCAGATATTTCTTCTGCTCGACGAGATTCGCCATCACAACAGGATCTTCTTCCAGTGGAGCTCCAAAAATAAACTCGACAAGACCATCCTTATCTGCGTAAGGGTTGTCTTCCAGTAGATAACGAGGGGATTCCGGTAAGTTTTCATCGGCAAAAAAATCCTTCGCTTCAGCCAGTTGAGCAGCAAAATCCCTCTGATCTTTCACAATCTCCGGCACAACGTTTACCTGCTTCATTTTTTCCTCCTTGATTGAAATATTCATTCTTTCCAGATCTCACCTGATACGTTATTTTTATAGTGGTTTCGACACTCCACTTACAACAAAGCCCTTTTTTCAGATACCGCTCCGCCCTCTTTTCTCCATATGGACCATACACCTGAAGGCTTATATATTATGCCACTCTTTAGCCTGCTCCGAATTGTTTTCCCACTGAGGCATAGCCCAGATACTCGGAGTCCAGGCTGTCCTGTCACTGTAGTCCGTTTTTTCTGCATCTGCTGTCCAGGGATCGTCGTGAACCTCATCATCGTAATAGGCTTCACCAGCCCAGTACCATTGATTATAGTCTTTGATCACAATGTAGCTCTCGACCACCTTCTCGTTTTCCGGAGCTTTATAGGCCAATCGCAGGGTATAGTTTTCAGTTCCTGGCATCATGCCCATGCGATACCAGACAAAACCACCCTCGTGTACCAGCTCAACCCCGGGGTTGTCCTGGGTATTCAACTCACCATTCGCTTGCGCAATCTCCTTATGATAGAACAGATCATCTGCATCGACGGCATCGATGAAATCATGGTCGAATCCACCCCGCTGTGATGCAACACCCCTAACCACTCCACGGTAACGGTGACCGTTAACGGTTTGTAAAAACCCGATATTTCCGCCAACCAACTCGGGGGAACAGCTGTACTTCACATGAGGAGGCGGCGTAGCCATCTGCATCGACAAGACATCATTATCCAATTGAACCTGGTCGGCGGTTTCCACCACGCTACCCTCTGTGGAGAAACCCGGTGCCACGACGACCGCCTTCCCGCTCGCCTCGAAAGGATAGCTAAAGCCTTGAAAAACGAAGGTTCCTGTGATGGTGATGTTCATCGGACCCTCATCGACCCAGGCTGTCCCCATCAATGAGGGATCTCCACCGTAACCACCGGGAATGTTCGGATTGATCTGGGTCTCTGCCGCACCTGCCTGCAATGTCTGTATTACAGAACCGCCGACAATCTGGGTTCCAATGACCTGCCAGTTGGATTCGGTCACTTGTGCAGGCTGGTCGTCTACGGTGATCACCATCTGGAAAACAACCAAAGCCCCAATCGGGACTGTATATGTTTCATTGGCACGTACCGCCAGCAGTGACTTTGCCTCCGTATCGTACTCGAACTTCCACGACAGTATTTTTTCAGGTATTTTTTGCATGGTAAAGGTTCATTTTTTGCTTAAGCACCCCTGTAACCCCAAATCCGGGAATGCCGTGAAATACCATTGAAAGAGCACATACTTATGCCATGGTATATTTAGCCGACCGGGAACTTCTTTGATGTACTGGGGGGCACTGAGATACTGAGAAATGACTGTCCTGGAGAACCTGATGTAAATTCAGAGAATTCCGGCAAAAAAACAACAAAAAAAATGCTTTTTCACTGTTTTCTTTTCCTGACGGTTTTCCCGCAGGAACGTTACGTTCAATAGTCTTTTTAAATGGACGGAACAGGCAGGAAATTCACTGTTAAACGACAAAACCGGTAATGCAGCCCGCATTATGCTGCATTACCGGATTTAATGAACTTCCACCCATTTGAGGAAAAACAACTCATGCGATACTAATGCTCAGTCATCTTTTTCATCATGGCGGATCATCTGGCGAGTCGTCGGGTTTTTCAGTTGCGGTGAATATGCAGGGTGGTGTATCGGTTCATATATTTCACTCAGTGCCGCGACATATCCTGCGACAGGCATATCAGCCACCCCTTCCGCCGACGAACGACTCGTTCC
CP110623.1_gap48	1812130	1816601	4471	ACACCAGCAACGATAATAACAACCCTGAAATGCGTAAACGGACTTCAAAAAAATCCTTCAACATACTGCACCTCCTTCGTTTAAAGGTTTCCTGCCTGAAAAACAAATGAACGTAAAGTTCATGGAACGTTAGCAGAAACATGTCAGGATTGGAACGGCCTCCCCCTGCCGGGATAAAAAACATAAGGGGGCATACACGTATTCGTGACAAGAAAGGAAAACAGCGATACAACCGGCCCGGGGCAGATCCAATTGAACCTTTCTGCTCAAAAAGACATGTCCCCCGTACAACAATGGGACCGACACATCTTTTGTACAGCTAAGTTACATAACTTCCTATTGATAAAGAAATTATTGCCGGAAACCTATGGAGGTTGTCTCATTAGACCTACAATGAGTCTTTCTGTAGTCATCCCCGAGCTTGACCCGGGGATCCATCTTTCAATGAAAGTCAGTATGGATGCCGCATCAAGTGCGGCATGACTTTCTTGGGAGACTGGACGCCACGTTCCCCTGCGTAATATTCATTGTTGATTACACGAAATGACTTGACTTCTCCCCTCTCGTCATCCCCGGGCTTGACCCGGGGATCCGTCTTTCAATGAAAACCAGTATGGATGCCGCATCAAGTGCCGCATGACTTTCTTGGGAGACTGGACGCCGCGTTCCCCTGTGCAATATTCATTGTTGATTACACGAAATGACTTGACTTCTCCCCTCTCGTCATCCCCGGGCTTGACCCGGGGATCCATCTTTCAATGAAAGTCAGTATGGATGCCGGATCTGGTCCGGCATGACTTTCTTGGGAGACTGGACGCCACATTCCCTTGTGTAATATTCATTGTTGATTACACGAAATGACTTGACTTCTCCCCTCTCGTCATCCCCGGGCTTGACCTGGGGATCCATCTTTCAATGAAAGTCAGTATGGATGCCGCATCAAGTGCGGCATGACTTTCGTGGAAATTTGAAACTCATTCTTTCGGCAGATCGAGCTTCAAGCTCAGCTCGCGAAGCTGGAGCGGTGAAACCTCGGCTGGAGCAGCCATCATGAGATCTTCGGCCTGCTGGTTCATCGGAAAAGCGATCACCTCGCGAATATTCTGCTCATCGCGAAGAATCATCACCAGACGATCGAGACCGGGAGCGATGCCTCCATGAGGTGGCGCACCCATTTTGAAAGCCTCGATCATATGACCGAACCGCTTGTCCACCTCGACTTTTTCGTACCCGGCAATCTCGAACGCCTTGTACATGATATCGGGACGGTGGTTCCTGATTGCACCGCTGGACAGTTCAATACCGTTACAGACGATATCGTACTGATAAGCGAGGATATCGAGCGGATCCATGCTTTCCAGTGCCTCCATTTCTCCCTGAGGCATCGAGAACGGGTTGTGGGAGAACTCGATTTTCTTTGTGGCCTCATCGAATTCGTACATTGGAAAATCAACGATCCAACAGAAAGAAAGCTCATTACGGTCGAGGTCGAACAAACCGGAAAAATATTCCCGCATTCCGCCCATGATCTTGCAGGTACGCTCCCATTTACCGGCACCGAAGAATACCACATCGCCGGTCTCGATCTGCAAACGCTCCTTCAGCTCGTTCATTTCATCATCGGAAAGGAACTTGACAATCGGTCCTTTCGGTCCTTCTTCCTTGTACTGAATGTAGGCAAGACCCGCGGAACCGAGTTCTTTTGCCCTCCTCTCGGCCTTGTCATAGAACTGCCGGGACTCACCACCGTGCCCTTTGAGGACCATAGCTTTGATACAGCTGCCTTGCTTCGTGTTACCCGCAAAGACTTTGAAGGATGAATTGACGAAAAGATCGGTGACATCCTGCAGTTCCAGCGGAACGCGAAGATCGGGCTTGTCGGAACCGTAACGGTTCATGACGTCACGGTAACTGATTCTCGGGAATGGAAACTGGGTGATGCGCTTATCACTCATGGTTTCAGTCAGGTGTTTAAACATCCCCTCGAGAATCTCGAAAAGGTCATCCTGTTCGATAAAAGCCATCTCCATATCGATCTGGTAGAACTCACCGGGACTCCTGTCCGCACGGGCATCCTCGTCGCGGAAACACGGAGCTATCTGGAAGTAGCGGGAGAATCCCGATACCATCAACAACTGTTTGAACTGCTGAGGAGCCTGGGGCAAAGCATAAAACCTCCCGGGATGCAGGCGGCTGGGCACCAGAAAGTCTCTGGCACCTTCCGGCGAACTCGAGGTAAGTATCGGTGTCTGTATCTCCTGAAAGAAACTATCTTCGAGATAACGCCGGACCTCACTGATCAGCTTGCTGCGAAACTTGATGTTTTCATGAATTTTCTCCCGGCGAAGATCAAGAAAACGATATTTCAAGCGGAGCTCTTCCGATGTTTGTAATTCATCGGCAACCGGAAAAGGCAGAGGAGCAGCATCGCTTTCAACACTGATACCATCGACAATAACCTCGATTTCACCGGAAGCAAGACGGGGGTTTATCGTTTCTTCGGAACGACGGACCACGACACCGCTAACACAGATAACCGACTCGGCATGCAGTTTTTCAGCTTCACTGAACAATGCCTCCTTTTCCGGCTGAACGATCAGCTGGCAAATACCGGTATGATCTCTCAGATCGATGAAAATCAATCCTCCGTGATCTCGTTTTCTATGAATCCATCCGGCGATCGTTACCGCCTGGTTTTCGAATTCTGTCTGTAAACGCCCGCAATAATGCGTACGAAAACGGTTCTGCAAATCATCCCTTGTTCCTGCAGCTGCACTCATGGTAATGGGTAGAACATTGTTGACAAATTGAAAAGACCTGAATATGATGAATTTTTAAGGAATATGGAAGCCTTCTGTTCGGCACTTAATAGACAAGCTCACCGCCGAACTCCCTGACAAGAAACTTCACGACTTCATTGCTTTCGGAAAGTTCCCTGAAAAGGGTGAATATGGTCTGCTCCTTNACCTGTATNCTNTTGTCTTCATCATAACTGATATGCAGTTTTACCGCCAAGCCGTAAAACTCTTCCAGCTCACGAGCCAGAAGGCTGGCATCATGCAGCAGTTCCTCATAGGAAAACCGTTTAAAACAACTCATGTGAAGAACACCATGAGAAAATGAGGCCAACTCACAGGAACGAAGATGCGTGACGATAACCTTGTAATTTTTTTTCAACAGAACATCGAGAAACTGTTTCCACTCAACCCTGAACTTCTGAACTTCCGCCACTCCGTCAAATGGTTTCGAGATACCCTGCTGACCACCGGAAATTCCCGAACCGCCGGCAAANGAACGACGCTTTTCGCTTTTGGCGAATTTCGAGAATTTGTCTTGCCATGACGAAAAGTCAACAGTTGCAGGAGAATCGACCGGCGGGGAAGATGAAGGCTTGGAGACCGGTAAAGAAACTTGTTCAGACCGAAGCTCTTTCGTCACAGGGGTAACCGAGCCTACTGCCCGATCATGGCTTTTTTTTTTCCGCTCACTTTCCGAAGGTGCTGCAGACAGTGCCGTTCCAACAGGATGGGCCACTTCTACGAGTTTGAGCAGAACGAGCTCGAAGCGGAACTGATATTCAAACTGAAACTTGAGTTCTTTCTGTGCCTGAAGCAGCAAGTCGATCATCTGCATGATAACCTGAGGTGTAAAGCAGGCGGCATCACGCTGATAACGCTCCTTGACAGGCTCAGGACGTTCGATCAATCTGGTTGAACGCAGGTTATAGACGATGAGAAAGTTCCTGAGATGCTCGATGAGTTTTTCAAGAAAGTCCTGCTCATCATAACCGTTATCGATAACAAACCTGGCAACATCGAGCATTTTTGCCGGGTTGCCTTCGGCAGCGGCAGCAGTTACCTCGAAAAACTGATCATCGTCGATATAGTTAAGAAGTTCCGCAACCTTGTCATAATGAATGCTGCGCTCCTCATCCTGCTCGATGGCAAAAGCTATAACCTGATCAAGAATGCTCTGGGCGTCACGCATTGACCCCTGCGCTTTTCGCCCGACAAGCTGCAGGGCATCGCTGTCAATATCGATGCGTTCCGCTTCACAGATGCCGCGTAACTGTTTTTCTATTTCTTCAAGAGGAATCCTCTTGAAGTTAAAGCGCTGGCAGCGTGAAGCGATCGTCGGGGGAATCTTATGCAGCTCAGTCGTCGCAAAAATGAAAATAGCATGAGCAGGAGGCTCCTCGAGGGTTTTCAGAAACGCATTGAAGGCCGCTGTCGAAAGCATATGGACCTCGTCGATAATATAAACCCTGTACCTTCCCTTCTGCGGTCCGTAACGGACATTTTCTCTGAGCAATCTGATATCATCGACACTGTTGTTGGAAGCCGCGTCGAACTCCGAAATATTGAGACTGGTGCCTTGTTCAAAATCCCGACAACTCTCACATTCTCCACATGGTTCGGTCACTTCCTTGAGATAGACCGGATCCTCGATCATCCTGCTGCAATTGACCGCT
CP110623.1_gap49	1823409	1825727	2318	AATACTTGCGGTCGACGTACAGATACTCGATGAACGCGAAATCACAACCCTCTTCTGATCCCGTCCATTTCCCTGTACCCGTCACCTGCAGGCCTATTCCATCCCCGGTTCTGCTCCGGGCGGGAAATTTTCAAGAATTTTAGCCACCGCTTCATTGATGTCGCGCTGCATATCCTCTGTAGAACGATAGTCCCTAACTACCCTTGTCGCTACACCTCGCCAAACCAGCTCCTTTGTCCGGGCATCGATGATATCGATAACCAAAGAGCCTTCATCATAGTAGCTGACAAAAGTATATCCTCCATAAGGCCCCCACCAAGGCGTGTACCAGCGATAAGGGCCATAGGGTACCCCGGCGCCGAAACTGTTATGGTAGGTTTTCTGCTTCTTCACACCGGCATGGGCGTAAACGATAAAATCCGCGTTCTCGGAACCTGTAAGCCTGAAACCTTTAACGCGAAGCTGCTCATTGACGGCAGACTGTACTCTCTTGTATACCAGCGGATTTTCAACAAGCACATCCCCTTTTCTTATCCCTTCGTTTTCTGCCGGCCACCTGTAGTTTTGAAAAGACTTGAAATCAAATTTCTGATCGTAATCCGACACTACCGAAAAAGCCGAACACCCTGAAAGAAAAATCACTATGAACAGGTAAAAACAAAAACGACCTTTTTCCATAACTGCACCTCCCTGTTTGCTTTTTCCTCTTTACAACTACAACTATAAGTGAAAACAGTAAAAACTTAACACACACCCGAACCTGTAAGTTTCCTTTGTTCTTGCTTGCTTTAGACAGCTTTTTTCCAGTTTCGCCCGACAGACTTTACCCTGAATCGTTATATTTCCAGTAACCCGTCCATCATGTAGACAAACACTACCATATGACTATCAGGGAAATACTTGAAGTCTATACGCACGTTGCCGTTATCGGCGTTTCCGAAAAACGCGAAAAACCCAGCCGCAGCGTAGCGAAATACCTTATCCACGCCGGGTACACAATTTATCCTGTCAATCCCAACCTGAACAGTGTTTTTGGCATCACATGCTATCCTTCCCTGCTGGAAATACCCGCCGAAAAAAGAAACCTTATTGAAATAGTGGATATTTTTCGAAAATCGGAAGACGTCGAGCCGATTGTCGACCAGGCGATCGAGATCGGGGCGAAAGTCATCTGGATGCAGCTTGGCATAACCAACGATGCAGCTTCCCGCAAAGCAGAACAGGCAGGACTTGAAGTCATACAAAACCGTTGCATAGCTGTCGAACACAGCCTCCTGGCCGGAAGATAAACCATCTGATCCCAAAACATCTTTTTTCATTTTTTACTTTTGAAGTTTGGCCATTCTTTTATCTATTCCACTTATTATGGTCAGCGTTACACAATTGCCGAACATACGTCAGATGAGCATTCTTTTTTTCACAGTCCTATGGCTTGCAACCATATCCGACTGAACAACAACAGGTTATGTGTAAGTCATCGATGCTTTAGAAGTCAGATTCAAACATCCGGTTCAGGCAGGAAAAGCCTTGCCCCGATCAACCAAAGAAATCAGCAAAACATGTCCGATCGCGTAGTAGCACTTCTTTTCGGAGGGAAATCCTCAGAACACGAAATCTCGATTATTTCGGCAAAAGCTATTGCCGCACATATCGATAAACAGAAATACACCATTTATCCACTCTACATCTCACAAAACGGTGAATGGTTCATGGGCCGAACCGCCCGGGAAATTCTTGACCTCGATATGTCCAGCTTGCTGAAAGAGCATTCTCTTGAGGAAACCGGTTATCAGCTGCGCAACATGACGGAAAATCGCGAAAATGACCTTTTCAGATTTGATTTTCAGCAAAAAGGCATCGATGTAGCGTTTCCTGTTCTGCACGGAACATACGGCGAAGACGGAAAGGTCCAGGGCCTTCTTGAAATATTCGGTATCCCTTACACCGGTTGTGGCGTACAGGCTTCGGCCATAACCATGGACAAAGCCGTGACAAAAATCTGTGCGGCGGCCGCCGGACTGAACATTGCGGAATATATCACCGCATCGAGCAGCGATTATCTCATTGATCCTTCCGCTGTTCTCACCATGGTTGAAGAGTATTTTTCGCCGCCCCTCTTTGTGAAACCGGCAACTCTGGGTTCATCGGTGGGCATTTCAAAAGTCCATGAGATGGACACCTTACCGGAAGCCATCGAAACAGCTTGCCGCTTTGACGAAAAAATCATCATAGAAAGAGCCGTCAACGGACGTGAAGTCGAAGTCGCTCTTCTCGGCAACGAAAACCCCATAGCATCCTGCGCTGGCGAAATCGAACCC
CP110623.1_gap50	1903984	1905402	1418	CATCGGCAGAGTAATCCGCCATGTCGAATCCTTCTTCCAGAGTATCCATCTTTTCGATGACCGCATCAAGCTCGGCAGTCAAGTCGATAACTGCCCCAAGGCTTTCGGCGAGTTCCTTGAGATGACCGCCCTGGCTTTTAAGGGTATTACCCGATACCCCGACCCTCTCGGCAGCATCCATCAGTGCGTTGAAGGAAATGGCAATTTCCCCCTGATACTCCGAAACGTTCGGAATAACGAAAGTCTTGAGCATCAGCTGCAAGGTTCTTGCCTCGATATCGATACCCTTGACGTAACGCTCGAGACGAGTGTTGAGCCTTGCATCGAGTTCTTCCTGTGACAAAACGGAATACTTGACAAACATTTCACGTGTATCGCTGTCTCGCAGCACCCGCATAGCCTGTGGCGTGTTTTTGAGATTAGGAAGCGCTCTGTCAGCCGCAGCTTGCTGTAGATTTTCACTGTAGTTATCGCCCTGGTAACGAACAGGTTTGGTTGCAGCGATCTCTGCACGAAGAACTTCCTGAATCGCCGCGTCCTTGTCAACTCCGGAATCGATCTTGCTTTGAATCTCATCTGCAAGCTCATCCATTGCTTCAGCCATAAGCGTGTTCAGCACCATATTCGGCACCGAAATAGGCTGGGAAGAACCTACCGCGCGGAACTCGAATTTGTTTCCGGTAAACGCGAACGGTGATGTACGGTTACGATCGGTATAATCCTTGTTCAGGACCGGCAGATGAGCAAGGCCGAGGTTAAGCACCTGTTTTTCGGTTGCGAAATCAACTTTGCCACTCTCGATAGCGTCAAGTACCTTTTCAAGCAGTTCACCGAGGAAGACCGTCACAACAGCCGGTGGAGCTTCGTTTGCACCAAGACGGTGGTCATTGCCTATACTGGCGATTGAAGCTCTCAGAACACCTGCACGTTTGTAAACACCTTTCAGAACGGCAACAAGAAACACAAGGAACTGTATATTCGATTCAGGAGTATCCCCTGGTTCGAGAAGGTTCACGCCTTCGGCTGTTCCGATCGACCAGTTGTTGTGTTTACCTGAACCGTTTATGCCTGCAAAAGGCTTCTCATGCATGAGAAGTGCGAAGCCCTTCCTTTCGGCAACCCTTCGCATCACTTCCATAACAAGCAGATTATGATCCGCCGCAATGTTCGCACGTTCAAAAATCGGAGCGATTTCAAACTGATGCGGAGCGACTTCGTTATGACGGGTTTTTGCGGGAATACCCAATAGATAGAGCTCTTCTTCAACCTCTTGCATGAACTCGAGAACCCTGTTTGGAATGGCACCGAAATAATGATCTTCAAGCTGCTGGCCTTTCGGAGGCATAGCACCAAGAAGCGTGCGTCCGCTCATCACCAGATCGGGGCGCATCGAGTAAAATTTGCGGTCAACCAGGAAA
CP110623.1_gap51	1910992	1915230	4238	GTGTATTTCGATTCTCGAAAAAGAAAAAATAGACATCCTCCTCCTGGATATCAACATGCCGAAAAAAGACGGTTTCGGAGTCATGTCGTATCTCCGAAAAAAAGAAATTCCGATACCGGTCATCATGATTACCGCTCTCAATGACATACCCAATACGGTGAAATGCATTAAAATGGGCGCGTATGAATATCTCACCAAGCCGCTGGATGTGGACCGGCTTCAGATCGTCATGAGAAATGCAATCAGTGAATCGGAACTTCACGATGCAGTTTCCCAGCTGAAGAAAGAGTTGAAAACCAAGGAAATCTTCAGACAAATCATTGGAGAAAGTTCTTCGATCAAACAAACAATGGAACAGGCTCTGCAGGTCATGGAAACAGACCTCAATGTCCTTATAATCGGAGAAAGCGGAACTGGCAAGGAGCTTTTCGCTCAGGCCATTCATGAAGGCAGCAAAAGAAAACACGGCCCTTTTATCTCTGTCAATTGCGCAGCTATTTCTCACGAACTTGCAGAAAGCCTTCTTTTCGGGCACTCCAAAGGCTCATTTACCGGAGCGAACAATGACCACGAAGGATTTTTTGAGCAAGCAGATCAGGGCACGCTTTTCCTTGATGAAATCGGAGATATGAACGCAGATATACAAGCAAAGGTACTCAGAGCCATTCAGGAAAAGAAGATTCGAAGGGTCGGAGAAAAAATCGAACGCAGCATCAACTTCAGGGTCATTTCCGCAACCCACTGGAATTTCGCTCATGCACTCGACAGCAATTCCTTCAGAGACGACCTTTATTACAGACTCGAAGAGTATCCGCTTTACATCCCGCCACTTCGGGAGCGAAAAGAAGATATCCCTTTTCTGGCAAAGCACTTCCTCGAAGAATTCTGCAGTGCAAATAACATCAAACAGTTGAACCTTACGCCCGAAGCCACCGAGGAAATGGTGGAATATCACTGGCCTGGCAATATTCGCGAACTTAAAAACGCCATTCAGCGAACAGCGATCAGTAGCAAAAACATCGGAGAAATAACCTCGATATTACGGCACAGAGGTGGACATATCAGAAAAAACGATCAAAAGATCGCCACCCCGAATAACTGTACTCACTTCGAAACATCTTGTAAAAAAGAAAAAATTCAGAGCCTCGAGGAAATCGAACGCCGTGCAATCGAAGAGGCTTATAAAGCCTGTGAAGGCAACCCGACAAAAACCGCTCAAGCCCTCGGCATTGGAAGAGCCACGCTTTATCGAAAACTCAAGAAATTCGGGCTCAACTAAAAAACGACGAACAACACTGCCCATCCCTCCTTTCACTTATCGTTCACTACCGGCACAGACTTTCCGGTACTGATTCCCGTATGTCCGAAACCCCCATTGCCACGTCCTGTCTGTGATAGTGAGTTTACTTCTTCGAGCGTCACATGTTCGTAACGGGCAACAACCATTTGAGCAATTCTATCACCATGTTGAACCGTAAACGGCTTTTTTCCATAATTGACGAGAATCACCTTGACCTCACCTCTGTAGTCTGCATCGATGGTAGCCGGAGTATTGGGTAGCGAGATCAAATGCTTGAGAGCCAAACCACTACGCGGTCTGAGCTGAGCTTCAAAACCTTCAGGCAGCTCGATACACAATCCCGTAGGAATGAGCGCTGTTGTGAAAGGATCGATTTCCAAAGGAGCATCCAAACACGCAGCCAGATCCATGCCAGCTGCATTCGCCGTTGCATAACGAGGAAGAATGGCTTTTTGATTTATACGGACTATCTTTACCGTAGACATTGCAGTATGCGATTTTTATTGGTTTTTGCTCAAAATAACTCATTCAGACAATACAACAATGACCGTGGATAATAAAACAGAAAAGGTTTACGCTCTTGCTTTCGGTGCTCATCCCGATGATGTAGAGCTTTCTTGCGGGGCAACATTGCTGAAACTCATCGATGAAGGCCAAACTGTTGCCGTATGTGATCTCACCCAGGGCGAAATGGGAACCCTCGGTTCACCGGAAACAAGAAAAACAGAATCCGCCAGGGCAACAAAAGTCATGGGTTACACAAAACGCATAACGCTCGATCTTGGAGACTCGAAACTCCATTACACCGAAGAGGCACAGAAAGAGATCATCCGGGTCATTCGTCATTGTCAACCCTGCGTTGTGTTCACCAACCCTCCGGACGAACGACATCCTGATCATATCAAAGCGTCGCGCCTGGTTTATGATGCGATTTTCTATGCCGGACTCAAAAAAATCACCACGCTGCACAACGGCAAGAAACAGGAACCTTACAGGCCGCCGCATCTGCTCTACTATATGCAGTTCAAGCACTTCGACCCGTCTATCATCGTCGATGTCACAGCAACGTTCGAACGATCCAGAACAGGAATCCTCGCTTTCAGCTCACAATTCTACAGGGAAGGTGAAACAAACGAACCGGAAACCTTGATCCAGCGAAAAGAATTTCTCAGCGGGCTCGAAGCCCGAGCCCGATATCTCGGAGAACAGATTGGAACCGGATATGGAGAAGGTTTTAGCGTACCGGGTCCACTCAAAGCAACTACTTTCACTGCCCTGTTTCCAGAAAACTGACCACTCTCTCAACCGAACGTCTCAACACCCACATTGTAACCCACCGGACACGTCATCCGGTTACCGAGCCGTTACTTCCTCGTCAATTATAGTCCATCTTCGCCGTGCTTCTTCCTCTCAGAAACTTATCAACATACAGAGCGGCACGGCACCCTTCAGAAGCAACAATAATCGCCTGCTTGATATCCTTGCATAAAATATCCCCTGCTGCAAAAACACCGGGTACGGATGTAGAAAAATCCGCCCCTATCTTCAGACAACTTTCTTCGACACAATCAAGCTGCCCTCCCGCGTAGTCGATAATCGGAGAAGAACCACTCAGATAAAGAAAAACGCCGTCTACTTCGAGTGGAGCGTTCTCTTCCCGGATTGTAAGAGACTCAACTGCTTTGTCCCCGTTAATCGCAACAATGCTTTGATTATAACGCACTTCAATATTCGGTTGAAAATCGAGTCCCTCGACCATTTCGGACGGTGCCGAAAACGAGGAAGTCGGACAGAGCAAATACACTTTCCCTGCAAAGCGTGAGAGCACCTTCGCCTCTTCAACCGCTTCTCCGGTTCGGCCGGCAACGGCAACAACCTGTCCCCTGTAAAATGCAGCATCACAGGTAGCGCAGTAGCTGACACCAGCACCCAAGAGTTCCTGCTCCCCTTTTATCTTCCTGCTCTTTCCCATTGAACCGGTAGCGAGAATCAAAGCTTTTGCCCTGAACACCTTGCCGCTTGCTGTAAAAACTTTCTTTTCTCGTTCGCCCAGATCCAGGCCGGTTACCTTTTCTCTGAAAAACCTTGCCCCGAACGATTCAGCCTGACTTTTCATCGAATCAAGCAGTTCGATACCGGATATATCCGAACGAACCCCGGGATAGTTGGCGATTACGTGAGCCATACCGAGAGCACCTGCATGAGGGTCCTTATCAAGGACAACTGTTCGTAATTCAGCCCTTGCAGCATAGATAGCTGCGGACAAACCTGCAGGCCCTCCCCCTATAATCACAACATCATAGTGTTCTGTATTCATGAAATATTACCTGTTTGTAACTGTTCTTTCTATCAATCGTTTCATATTGTCAAGAATTCCCTAAATTTCTCAAAGGTATCATTTCCTTGCAAAAAACACAGGTCATGCAAAAAATAGTAGTCTGGTTATCATTTTTTTTTCTCTGCAGCACGCTTCTCTCTTGCAGTAGTCCACAGGAATACCGTTCGGATCACATTACCATAGGTATCGATGGCGACTTCGACCACCTCAACCCCTTGCTCATACAGCTCTCTCTCTCTCGAGAGGTTTGCACGCTTATCTTCCCATCTTTGACAAAACCTTCCTACGACCAACAAAAAGGAAGTATCGAATTCAAACCAAACGCAGCCGAGAACTGGGAGTTCAGTGATGACGGGAAAAAAGCAGTGTTTTTTCTCAGAAAAGATGCGGTTTGGCAAGACGGCGAACCGTTAACATCGGAAGACTTCAAGTTTTCGTACCAGCTCTATGCAAATCCTGAAATTGCCAGTACTCGCCAACACTATCTCAACGACCTTTTGATGCTCGATGACGGCAGCATCGATTTTGAAAACAGCATTGAAACACCTGATGATCATACTCTGGTTCTGAAGTTCAATAAACCAATGGCTCCAGCCATTA
CP110623.1_gap52	2006707	2010419	3712	AAACAGTGTCCTTGCTTGTATGATGTTGTGAATGTATTCGCTCATAGCCCAGGCAATGGACATTCCATCATACGTACTGGTTCCCCTGCCGATTTCGTCGAGCAAGATAAGGCTTTTTTCCGTTGCGTTGTTAAGGATATTAGCCCCTTCATTCATCTCTACAAGAAAGGTACTTTCCCCGGAAGCAAGGTTGTCCGATGCGCCCACCCTTGTAAAAATCCTGTCGACAAGCCCTATTTCCGCAGCATCGGCAGGAACGAAACTGCCAACCTGGGCAAGCAAAACAATAAGACCGTTTTGACGGAGAAACGAGCTTTTTCCAGCCATGTTCGGACCGGTAACAATCAGCATGCGTTGTTTTCTGTCGAAAAAGCAGTCATTGGCTACATAAGGCTCATCAACTCCGAGAATACGTTCAAGCACCGGATGACGGCCATTGGTGATGGACAAATCCCCATGTTTTTCAACTTTCGGTTTAACATATCGATATGCTTTCGCACAACATGCAAAGGAGTACAGACAATCAAGTTCGGCAACGATTTCAGCATTTTGCTGAATATGCAACGCCTCGGAAGCAACATTCATGCACAGCTCACGGAATAGCTGTTGTTCGAGCAACTGACTCTTTTCCTCCGCCGTCAGAATTTTTTCCTCATACTCTTTCAATTCCGGAATAGTGTATCGCTCCGCATTGACAAGAGTTTGCTTCTTTTCATAGTAACCGGGGACCTTGTTACTGTTTGCTTTGCTGACCTCGATATAATAACCGAAAACCTTGTTGTATTGTACCTTCAGACTGGAGATTCCGGTTTTTCCACGCTCCGACTGCTGAATTTCCATCAAACTGCCCTTGGCGTTGGAAGAAACCGAGCGCAGTTCATCGAGTTCGGAGTTATATCCGGTTCTGATATAACCGCCGTCACGGAGTGTCGCTCCGGCGTCCGGATCGATCGCCTGTTCAATGGTTGTTGTTATTTCAGAGAGTTGAACAAGATCTTGTGAAAGTTTTCGAAGTTTAGAACTTTTCGAATCGCTTAGCAATGCCTGGAGATCGGGTATTTTTTCAAGAGCCGCACCAAGGGTGCGAACCTCTCGAGGCATGCTTCGCAAGGTCGCAATTCTTGCCAACGCTCTTTCAAGATCGTTTATTCCCCCAAGTATCTCACCCAAGGCGGTGCAAACGGCAGCCTCTTCATGAAGCGCTTCGACAGCATCGAGCCTCAGCTGTATTTCCTCGATTCTTTTGAGGGGACGCAAAAGCCAGCGCCTGAGTAGCCTTGCCCCCATCGGATTACGGGTATGATCTATAACCTGAAGCAAACTGCCGTTAATCGAACCATCCTGCATCGAAGAGATGATTTCCAGATTTTTCTTGGTCTGAAGATCAAGCATCATATGATGCCTGCTGTCGACCAGAGCAATCCTGGTGATATATTGCAAACGGTTTTGCCGGGTTTCCTCGAGATATTGCAGCACGACCCCGGCCGCAACTTGAGCTGCATAAGCCGCTTCAATACCGAATCCTTTAAGAGAGTGGGTTTTAAAATGTTTTGCTATTACCTGCGATGTGTTTTCTTCACTGAACATCCAGTCATCCAGCATGGTAACCACCACTTCTGAAGGCAATATTTTTTCGACTGTCTCTCTAAAAGCCTTCTCCCTTGAAGCAAGAAGAATCTCTGAAGGTTGGATAGACTGCAGCATATCCGCAACCTGGCCGAGCGATACATCGGCAATCCTGAATTCTGCGGTTGTCACATCGATAAAGGCAATTCCAGCACGCTTCTCACGCCCTTTCTTCAAAAAAGCCAGTGCACAGAGATAGTTATTGTGTTTGTCTTCAAGAATTTCATCACTGTAGGTCACCCCTGGTGTGACAATATCCGTTATTTCACGTTTCACAAGCCCCTTCGCTTGTGAAGGATCCTCAACCTGATCACAGACGGTGACCTTGTACCCTTTTTTAACCAAACGAGCTATGTACCCGTCGCAGGCATGATGCGGAAAACCAGCCATGGGAATATCCGCAGCAGCCCCGTTCGACCTGCGGGTCAAGACAATATTGAGAGCATCTGAAACCTTGCGTGCATCATCGTAAAACGATTCATAAAAATCACCGACCCTGAATAACAGTAAATATTCGGGATAACGCTCCTTTACCTCGAGGTATTGACGCATCATCGGTGTTTCGTTACCGCTTTTTTTCCGCTGGGTCACCTTCATGGATTTCATTGTATTTCTTGTACAGTTTATCCCTTTTTCATGTTTGATCAAGCTAATTCAGAGCACTAAAAAAAACAAGAACCTTACGTACCGGAACGCATAGCGCAAGCGATGTTTATACCGGGTAGACCTCATTGTTTTTTCTATATTCAAGGTTGTCTCGTAAGTCTTGAATACAAGGTATTGTAACTATTCGGATCACCACTGTTAACGATATTCATCATGGACTGGCACGCCATTCTCCGCTTTATTCACGTAACCTCGTTTGCGACCTGGTTCGGCACAGTGTTTGCGTCCCTCTTTTTTTTAAAGACACTCGAGCCGAAGCTGACCGGCCCTGACAATGATCCGGGCGATTACCCCATGCTCCTGCAGACCTATATCAAACTTGAAACCAAGGTAGCCGATGCAGGTTTTAAAACAGCGATTGTTTCCGGCCTCTTACTCGCATTCTTTTTCCATGGATGGACTGTCGGCATTATGATAAAGGTGGGAATAATCGTTCTTCAAGTTGCTTTGACCATGGGCTATATCATTAAAGCCATTCAGCCCTTACAATATCCCTGTAGCCGCTCCGACTATAAAAAATGGTACAATCTTTTTACTATTTCCCTGACTATGTTCGCACTGGTACTGTCGATAACTTTCTTTCTCCTGTAAATCAGCTTGGTATCGACCGGCAAATGCCTGAATTTTCATGACTGAAGCGAAAGAAGTGAACCGATATTATCCATTTGAAATAATACATTGATTACCATATATTACAGGTCTATAATTCTTAATCTAACATAAAAGCATAATGCAGGCACTGATAAAGATTTCGGACAAGCAGTACTTGGTTAAGACCGGTGACAAACTGTTCGTTCCACATCAAAAAGCTGAAGTCGGTAACATCATAGACGTCGAGCCTTTAGCGCAGATTGAACAGGAAAAGACATCGATAAAACCTTCAGGAAACATCCAGCTGAAAGTGCTCGAACATTTTAAAGACGAAAAGATCATCGTCTTCAAAAAGAAACGCAGAAAACGTTATCAGAAAAGGAACGGCCACCGTCAGTTGATGACTCAGGTTGAAGTTCTTTAACATTGATAATACTCGGAACATTTTCAACAAAAATCATTTTCACTCATGGCTCATAAAAAAGGTGGCGGCTCAACGAAAAACGGCCGTGACAGTAATCCAAAATATTTAGGGGTTAAAGCCTCCGGCGGTTCGCTTGTCTCCGCAGGCTCAATTATTGTCCGTCAGAGAGGCACTGTTTTCAAACCGGGCAATAATGCCGGAATAGGAAAAGACCATACGATTTACGCCCTTATCGACGGCAAGGTTCACTTCAGGAACGGTCGTAACGACAAAAAACACATCGACGTACTGCCAGCCTGATTGCTTGCCTCGAAAACAAAATAAACGTATATTTCTAAAGCCGACCGTAAAAGGCCGGCTTTTTTTTTGCTTCATAAAAAAGCTTGGAATTATCGCCATTACCTC
CP110623.1_gap53	2068132	2068806	674	TGGCGATGATTCTTTACTTTCATGGATACTTGACATTAATCATAATGACAAAAAAGAAATAATCAAGGCAAAGCAATTAGTCAAAATGATCCGTGAACGAAGAATATTTAGAGAAGTGGTCATTATTGATGGAGTTGTAGGGCTTCATAAGGGATCATATAGGGGAAGTGCTGTTAATTGCAAAACTTTAGCAGATTCATTATTAATTGATGATAAAAGAAATAAAATAATTAAAACACTTAACGAAAAACTTATAAATTATTGCAACAATAAAGAAATTTATAATTATCCAAACCCTGACATTGAGACACTTTTTACCATTGGCGTGAGAAAATTTGGAAAAAGATATAAAGTCCCAAGAGTGTTAGTAGCCAAACCTATTACCCATAATAAAAAAAATGATATAGAAATATTTCCATTATTTGACGGAAAAGAGCTCCCGGCGATTAAGGACAGGTTATCATCTATGCAGGATGCATATAACAGCTTATGGAAGGTTTATTTATTTATTCATCCATTTTTTCATCAAAAAGGGGCTGAAATAAAAAAACAGAAAGGGGAATTTAAGTTTGTAGAATTACATAAAATAATATCCACAACATTTATTGATGAACTTTATACTCTGACCGGCATCAAATGGACGAATTCAATAGAAAATTATGATGATTTGTTAA
CP110623.1_gap54	2142761	2144584	1823	GTACCCCATGTCAGTATCTGGCGGCCGATCTTGACATCCATATACTCTGTAGGCCTGGCAAAAAACCACAGTTCACGTGTATCATACTTCACCTCCTCGAGTACCCAGTCGGCATAGACATCCCCCCTGTACTGCACGTCGAATGCATCCGCGTATCCCCGGCACTCGATCTGCAAACGCTGCTCCATCACCGAGGCATCCTGTTCATAAGGATCATCCCTCAAACGCAGCCCGCCGAGTACTTCCACGAATCCGTTGACTTCCAGTTCCAGTGTATCCTGTGCAGTGGCCGTAAAGGATATGATCGCCATTGCACAGAAGAACAGCATACCGGAAAGTGTTTTACAGAACTTCATCGTAATACGTCTCTCGAAGGTTTTCTGAGATACCGTTCCGTAAATACATTGTCACGTATTCCCGTATCGTAGACAATACCTGAAAAGATCATTTCCGTACTGCTTCCCTTCTCGTGATCCCGTGCGACGGATCTGGTCACGGTCGGATACATGTTATCACCGGCAGGAACATTTTGCACCTCCTTGACAACGATATCCCTGTACAGGACATCGTTCTTCTTGTAATATTCCAGCTTCATGGCTATCCCGGTCTTTTTATCGATAGAAGCCAGATAATAGTCGAATTCGACTCCCCCTTTTTTAGGGGTGTTTTTTATCACATAGAACCTGTCCGTTGTTTCGACAAGCTCATGGTCATCCTCCTCGGGACTACGCCCCGAAATATCTTCATACAGAAAGTCCGAACCGACGAAACTGGTCCTCTTGTCGCTTGCTGCAATCCTTTTGACCAGATCGAGACCGGGCATATAGAGCCAGCGATCATCATCATGACCGATATCGGCATGCTTGTGAACCATAAACGTCATGTTCCGCACATCCGAGGGAGCGATGAAACAGGTGAAATATTTCTGATCCCCCCCGTCGGCTCCGGTATCCTTGCGCAATATGTTCAGCACTCTTTTCCTCGTTCGCCCCTGCTTGTCGGTGATGATAAACTGCAGTTTCCCTTTGCTGTCATCACCCTGGTAGAGTGACACGTAGTTTGAGTGATCGACGATCTCCCTGACACTCGGTTCTTCAGCCTTTGCAACCGCCAAACCGGCGAACAGCAGAGCGGCAACCATGACAACCATCTTTGAAATACGTTTCATTTTCCTTCCTCCTTTTTAAAAAATGTGTTTTCGAAAAGCCGTAACATCGCCGGCAGCAAAAGCAACGTCACAATACCCGATATCGTCAGGATCCCGAACAACATGACCCCTGTGGTCTTGTACGGCACCAGCGGAGCGACCACAAGCGGGAGAAAACCGACAGCGATGACAAGGACGTTTCTGCTGATCGCCCGGGCCGGCTCCCCGTAGAGATCAGGCAGTATCGACCTCCATGATTTTTTTTCACCATACAATGACCTGCTCCTGGACAGAAAGTGTATCGCGAAATCGACGGCCATGCCGAGAGACAAAGAGCTCAGCACGGCAACCGGCAGGTCGTAGTCTTTTCCGATAAGCCCTGTCATCCCGTAGATCATCAAAAGAGTGATACTCAACGGCACCATGCATAGAGCGCCCCATAACGGCGAACGGAACAGAAAGCTCATGATGAGAAAAACAATGATGAAACTGCCCGCGAACGACTGTAAAAAACCTTCGACGATTCTCTCTTCCAGGACCAGATTGATGTAGTGCAGCCCCGCCCAGTTGTATTGCAAAGGAACGGGAGGTTCGTTTTCGGCAAAAAACCTCTCGACAGCCTCGACACATGCTTTTGTCCCCCTGCTGTCACCGGTCCTGAACTGCAATGTCACAT
CP110623.1_gap55	2145945	2149268	3323	TCCAGCCCTGCGACTTTCTCCTGTAACGCGGTGTAGACCTTATAACTCAACAACTTGTCCGTCAATGGCAGGTAGATGCACAGCGCCTTTGCGTCCTTCGAAACCATTTGCCCAACAAGCAACGGATTCGACAAAGCCTTATCGCGCACCGACAACGCTTCTTCTCTGGTTTTCGGCGGCTCCGGCATCAGCCACTCGAAAGAGATCGTTCCCGGCCCCGCCTGGCTCATATGATCCATGAGCGACGGCGCCACCATGTCGACCTCGATCACGCCCTCCATTCCGGAAGGATCGTCCGGGTTCCGCCATTTCAAGGTTTTGGCGAACTCCGTCAATTCATGAATCCGCCCAAGCGTTTCGACGGTAAACACACCGTCAGGATCCTTATCGTTGACGACACCCAAAACGACAATTTCGCTGAGTTCGAACGCTTTCTTCGTTTCATTGTGAAAAATCCTTGCAGGCTCGGTTTTCATCAGCATGTTTTCCGGATCGGTATCCATGACCACTTTCGATAAAAACGCCCCTGCAACAATCACAACCAGAACCATCAATACCGCAACGATCTTGCTTCTGTTGATCGCCCAATCGATCATCGCGTTTTTCAGCTTTTCAACCATCATGTCAACAACTGTTTTGCATTATTGTTAGTAAACCTAACATTATTTGTAAAAAAAATCAGAACTCCTCTTTTCTCTTCTTGAAATCGACGAGAAACAGCGAAAATCTGTCAAGATCATGCATGAACGAATCCAGAAAACGTTCTGCATCGCCGCCGAAACGCTCCTCGAAAACTTCGAAAAGTTTATGGTGCTTTTCTTCATGGTTTCCGTATGCAATCCATCCTTTCGTCGTCAGGAACAAGAGCACCTCCTTGTTGTTTCCAAAACCGCTTCTCTTCTCAACCAGACCTACCGAAGCAAGCTTTCTGATCCTCGCCGATATGGTCGGCTTGGTCACCGTGAACATGGAGGCAAGCTCCGTTATGTTTATCCCTTCATTGTTGCCGATCGCTTGGATCGTATGAATTTCTTCACGCCGGAGGGTCTCTTCCACACCGAAATCCTGCTTCTCGTCATGCCATCTCATGTAGACTTTCGCGATGTCCATAATCACATCGTTCATGCGGTGAAACTTTTTCTCTCTTGCATTATTCTCCGACATTGTCAATAAAAGATATAGTTGNTTCCGGTAACAGCCTGCCCTTTACTTGATTTTCCGATTTTTTCAAATCCTTGCACAAGCATTGTTAGCAATACTAACAAAAAACCTTTTTAAAAGCAAAAAAATAATTTCAACAGCGAAAAAAAGCATATTTCCCTGCTTGGTGAACATTCAAAAGCCCCTGAACATTAGCATTCAGGGACTTTTAAAGGGCACCTCAATTGCTTTTCGCTGCCATCATCTGCCTTTCCAGCATTCTTGAAAATATGCCTTTTTGCCGGGCCAGTTCATCGGGTTTGCCGCTTTCGACGACCCTGCCGTATTCCAAAACGATGACTTTATCGGCATTCGCAATCGTTCGCATGCGGTGGGCTATTATCAGCACGGTTTTGCCCCGGACCAGTTCCGATATGCCTGCCTGGATTCTGGTCTCATTTTCCACATCCAGCGACGCTGTTGCTTCATCGAGCAGAACGACAGGCGCATCCTTGAGCAGAGCGCGGGCAATCGAGATACGCTGCCTTTCACCGCCTGAGAGGGTTTCACCATTTTCGCCGATAACGGTCTGGTATCCTGCGGGCATGTTACGGACAAATTCATCGCACCGGGCCAGTTCTGCCACACGTAAAACCTCTTCATCGGTCGCATCGCGCTTGCCGATTCGGATGTTATCCATGATGCTGGCATTAAACAGCACGACATCCTGAAACACGACCGCATAGTGCTGCAACAGGGTTTCCGGGTCTATTTCGCCGATATCCCGGTCGCCCAGAAGAATTCTTCCGGAATCGACATCCCAGAAACGGGCGGCCAGTTTTGCCGACGTGCTTTTCCCTCCACCCGACGGACCGACCAAAGCCGTGATTTCACCCTGCCTGGCGGTGAAAGAAACATCCCGCATGACCTGCTTACCTTTTTCGTATGAAAAACCGACCTTGTCAAATACGATATCATAGTGTTCCGGAGAGAAATCCGTTTTTCCCCCCTGGATCGGAAGCGCTTGCATTTCGTTCATGCGATCGATACGAATATCCAGGTAATACAAGGCGGAAAGGTACATGAAAACCGCATTCAAAGGATCGTAGATGCGTGATGCAATGACCAGGAAGATCAAATAGGTAAACAGATCGACCCCCCCTGTCGACAGGAGATGCGCTCCGACGATAATAACGCTTGCCAACCCGAGTTTCAATATACCGGCGGCGCTGCTTATCACTGCACCGTCGATCAGTTCACCACGCATCAGGTTTTTCTCATAATCATCCAGCTTTTCGTTCAACTCGCCAAGATAGCGACGTTCATTGTTGTAAGCTTTTATTTCCTGGATGGTCTCCAGACCTTCCTGGATTTGTTCGCTGACATTTCGTCTTGTATCGTAAATACGTTTGTTGTTTCTCATTTGCCGCTTCCGTGAAAGAAGAACCGCCGTTGCAGCGGTCGGCACCACCCAGAACAACGACATGGCCATTTGCCAGTGATACAAGAACAAGCCCACGGTCATCAGGAGAATGCTGATCATGGAGGCGAACAACTGGGGGACTGCGTGAGAAAAGATATGTTCCAGTTCGGTATTATCCTCCATAATGGTGGAGGTGAGGTCGGAAAGGTTTTTTTCTCCGAAAAAGGCCAGCGGCAACCGGCGAAGCTTTTCGGCCAGCGAAATACGGCGGTTGGCGCTTTCTTCATAAATAGTCGTATAGGTGCTGCGATATTGAAGCCGGGCAATTATCCAGGTCACCAGAATAAAGCCGAGGCAGAGCAAGGTATAATACCAGAATCCCCTGTCCAAGGAAGCCGATGGGATTACAACCGGTTTCAGGTAATCATCGAGGAACAGAAAAACCAGCAGAACCGGAAACATCAAGACGATATTGAGCAAGGTGGTGAACAAAACACCTTTCAGAAAATCTTTTGCGCCTTGGGTCGACAGGGCAAACCTTCTTTTCAAAAAATCAATCATCCCGCACCTGCCTTCCGACTGTCCACTGGACCGATTTTTGATATTCATGCCACATGTTGGCGTATAAACCCTGTTGGTCGATCAAATCCCGGTGGTTACCCTGTTCCACAATCCTGCCGTTTTCGATCACCAGAATGGAATCCACCGTAGTTACGCTGGACAACCGGTGAGCAATCATCAGCACCGTTTTTCCCCTGGC
CP110623.1_gap56	2150757	2155501	4744	AGTGCGGATAATATGACCGCCCCGGGCAACAAGGCTTTTCTGGCACCCATGTACTGTTGTAGTCTTAACAGCGTTTCCAATTGTCATTCAATTCTTTTACAATTCATCCCGAATAATTCATGAGAGCCCGATTCCCGATTATTTCATTCGGGGTTCACCGTCGGTATCGATAAACAACGCCAGCTCGGGCAGACACACAGGTCTGCCCCTACAGTTTGCCTACTGCCAACTGGCTCCCTCTCGTCACTTGTCACTCGTCACTATTTTTTTGCCTACTGCCAACCGATTCTTCTCCGACTCGCTTAAAACCTGTATGTCAATTGTGTACCGATTTCTCCGGGTTCACTGTATAGGATGCCAAAACCTCCATTGTATCCATAGAAGTCATATTTCTCGTCAAAGATGTTCTTGCCGTACAGATAGACATCGAATCGTTCGGCTTCATAACCTATTTTGGCATTGACGATCTGGTATGCATCACGAGAGTAAGTGTTTGCATGATCCAGGTACATCTTGCCATAACCGATCAGGTCGGCTCTGGCATAAAAGCCGCTGTCATGTCTGTATTGCGCGCCGATATTCAAGGTATACTGCGGAGCATTGGAGGGCACGTTGCCTTCGTAGTCACCCAGGGCGTCCCGGAACTCGTCAAACTCTATGTGGTTATACCCGAAACCGGTCATCACGCTCAGACCTTCGGGCAACCGGGCGGTCACATCCAATTCGAAACCATAGCCGCTGGCTTCAGCAGCGTTGGTCACATATGTCTCCGAGAAGGAAACCGCTTCATCAACCTGCATGTTATTGATATCCATATAATATGCGGCACCGTTAACGATCAGGCGGTTGTCCATGAAAGCGCTTTTGAATCCGATTTCGTAGGACCACAACGCCTCTTGCTCATAACTGACGTATTGAGGATCCACATCGAGCACATTGAATCCGCCTGAACGAAACCCTTTGGTGACACCGATATAGGACATGATCGATGGCGTGAAAAAGTATTCCAGAGCAAACTTCGGTGTTACCGATTCCCAGGAATCATCCATTTGCTCTCCGGTGACATTGTCTTTCATCTCACGTTCCTGCCGCTCATAACGCAAACCAGCCACCACATTGAGGTCATTGAGCAACGGATAGGCGAGATTGGTAAAAGCGGCATAGGACTCACCGTTGTAGTCACTGTCCGTCGTCGAAGCCATTGGTGGGAAATCCGAGATAATATCATTAAAGACTTCGTCATCATCATTGTCATAAAAAAGTCCGACCAGCCATTTGAGTCTTCCCTTGGCGTAATTCAGCCTTAACTCCTGGGATATTTTCTCGTACCGGCCGTCCATATCCGAATGAAAGAGGGTCATTTGACTGAGATCAAAATCGCTCAATCTTTTATCTTCGTATATCCTTCTGGAGGTGACGGATGTCAGCTTCAGCGCATCGTTGAAATCATAGATGACCTTGAGGGCCTGGGAACTCTGGGTTCCCTTGTTGTTTTCGTCGATATTGGATGATTCCTGGCGATACCTGTTAGGGGGCAGACCGAACATTGCCGATCCTGACTCGGTTATCCCGAAATTCGGTCCGGCATCATCATGCTTCATGGCTGAGACAATCAGCGCAATGTCGAGCCGGTCCGTCGGTGTCCAGCGTAGATGCCCACGGCCGTACCAGTGTTCCTTGTCGTTCGCCGCATCGCCGGTCACAACATTTTCGATAAATCCTTCATGTTGATGATATTTTCCTGCAAATCCAGCATACAAACGATCTTCCAACAACGGTCCGCTCAGATTGACTGAAAAAGTGCCGCCCAATCCGTCACCGGTCTCGGTAGATAGGAATTTCCCCCCTGCGGCAGATACTTTTCCCCTGAATTCGTTATCCGGTTGACGCGTGATGATATTAATCACCCCTGCCTCCGCATTCTTGCCATATAAGGTTCCCTGGGGCCCACGAAGAACCTCGATTCGCTCGACATCGAGTACACCATCTTCATACCCGGTTGAGGAGAGGCTCGGCACACCATCAACGTAAAGACCGGTAGAAACAGACAGAGTATGCGCGGAAGCATGTATCCCCCGCATTGAAGGTGTATTCAAGCCTGACCAGGCATTATGAAAGATGAATAGATTGGGGACGAAATCCGCAACGTCCTGGATGGATTGAATTCCTCTATCTTCAACAGCCTGGTCATTGAATACCGAAATGGCAATCGGTACTTCCTGAACATTTTCTTCCTGTTTCTGAGCTGTAACGGTTATGGGCTCCAGGATGACTGCCTCAGTGCCGTCCTCCATGGTGATTGCCCCGATGTCTTCGGCTCCGGCAGAGTTTACAAAAAGACAAGCTGTCATTAATAGCCCACAGATAATTGCCTGTAACTTTCTCACCTTACCTCCTGTACTTATTTGAATGTGAGTTGGGTCCGTATAGCTTTTTGACGAGTACAACAACCCGGTGGTTGTTTTTTTACAATAAGATCGGCACCATAACAAACCATCACTCCGGTTTGAGTACGCACCAGCACTAACTGAGTGTACAATTTGGGCCGGATTAATTTCTCTTGCTGTACAGCGCGGATATTTTCTTGTACAGAAAGAAAATTTTTGGATCCCAAGAAAAGTCCGACGGGGTAAGGAGGATAGAAAAAAACGGATGAAGAAAAACGGTGGGGAATCAGAGAGATAAAACAATTGATCAAGGCACCTCTATTACTTGTCGAGAGCGACACCCTCTCCTATCAGACCAAAAAATTGTTCGGTTCGCGCAACAAACTAATAGAGATACCCATCACTGAAGATGGTCCTTGGGAATCGTGCCGAAATGGTTTTTGAATGCACGGGCAAAACTGCTTTGATGTGTATAGCCTACATGAAACGCCGCTTCGCAAACGTTCACTTTTTTACTATCCAATAACTCTCTGGCCTTTTCAAGCCGGCGTATTCTTAAATAGTCAAAGACACTGGTTCCAAAAGTTTGCCGAAATCCTTTATTCAGCGTGGTCTTGTTGGTGCCTACCTGTTTTGCCAGCGCCAACAATGAAGGAGGCGTCTCAAGATTGTTGATCAGGATATTCCTCGCTTGCAGAACGCGTTCGATGTCATCCGGCCGCAATTCAGATTGTTTCTGTATAGTGTCAGTCGAAGATACAGGCTGTGCAAGGCTGTAAGAAATCAATTCCAGAGCCTTGGCTTCAATAAATAACCTTTTCAATGAAGACCGGTAGGGGCAGCTGATTATTTGATGAATTGCCATATTGACGGCAGGGGACATGATCGACGCCTGATAAAAACGTTGTTCTTCGGCACCGTCGACAATGTTATGCAGACCAATCGGTATCTGATCATGCCGTCCATCCAGGAAGGTTTTCAGAAGCAGGGGATCGATAGCGATATGAACATAATAATATGCCCGGGTCCCCATTGCTGGCCTGACGATATTTTGCTGTCCCTTCGGCAGATAGCCCATAACGCTGTGCCCCTGCCTGTAAACCAGGAATTCATTTTGACCTCTCTCTGAGTTGACGGTATAATTCATGTTTCCCAGGATACTGAATGCAAATATAACCGAGCGATGAGTCCGTTCAGAACGTATCGCAATATCCTCATGTAAGCGAAAATTTCCTGTTTCGAGGGTAATACCCGGCCTGGGCATGATCGTGGACACAATTCCATTGCCAATTTCTTCGGGCCACTCCCAGTATGATTCAAAGCGATCTTTGATATTTCGAGATTCACTTGAGCTGGAGAAGTCACCAAACAACTCCTCTGCATTGATTATCGTTGCTTCCCTGTTCCCTCGGATAGCACTAAGACTTGTCTGCATCGCTTGATACTACAAAATAACTTAAAAGAGGTATTCTTATGCTTTATGAGAGATCTGACCTTAATTAGACAAATTAAAATCAAGCGCCGATAAAACAAAGCCGCTTTTTTCATAATTCCACTATCCGGCTTTTCTACCCCGAATCCGACCCCGATCTCCGACCGCCCCAACGCTCTAATTTTGACCTTTGACTTTTTCCTTTTGACTTAATCTCCCGGGATTCGCTGTCATCCCTGTGAAATCTTGAGCATCTATTTCAAAGAGCAGGGACGGGAATGACAAGAAAAACGAGCAGGGGAATGACAGAAAAGGGAAAATTTCCAGGCGGATTCAAGTGCAAGGCGAACGGTGTCCCGATTGCACCGGGATAAACTTCGAAACCGGAGTCCCGACAGGTCGGGATGAGGATTTTGATCCCGACCTGTCGGGATAACGAAGCAATTGAAGCGCGGAATAAATAAAAGAGGTGCCCTAAAACGAATACCGGACACGCAGTGTAACCAGATCGTTGTCATCGTACTGGCCGTACGTTCCGGACTCAGGGCCTTCGAAGAAGAGCAGTGAACCCTGGAAAAGCCAGTCGTCGGCGAGCTGGTATTCAGCGTAAGGCTCGAGTGTCCAACCCTGACCGGTAAAGCCGAGAATGCCCCTTACCCCCGCTTCCAGATCATCCTGCAGAAAGGTGTCATGCACATCGTACGTGATGCCGTGAGCCCATGTGTCGTTGATGAGATTTTCGGCCTCTGAGGTCCAGGCATAAAAATACTGCAGGTTGACATAAAAATTGGTTCCGAAGGTACGGTCGATGCCGAGCACTCCCTCCATCACCGTTGTTCGTGTATAGCCGGGAAGACTATCATCCTTCATCATGACAGGCAGTTCCGGTTTCACTGCCAGTTCTCCGCGCAAAGTAGACCGGTCG
CP110623.1_gap57	2156531	2158234	1703	ATTCAACCAGTGGCAACGTGATTTTCATCGCATCAAATTGTTCTGCAGAAACAAAGCATCGTCAAGGCCCTGGTTGTATGAGATGTTCGAGCGCTGAAACAGGGTCCTGGTCTTGCGCCTGGGGGTTTCGTAGAGAAACCGGGTAACGGTCCATATTCCGTCGATCTGTTTATAACCGCCAAAGGTCGCGGTCTTCAGAAGCTTCCCGCGTTTGTCGTAATAGTCTATCCTGGCAGGCAGGTAAAGATCCTTACGAATAAACTGCACTCGTTTGGAATAGTTGGTGTCTTTTTTCAATTCAGGACGGGGCACCGATTCGACCACATAACAGGCGATGCCCGACACGTCTTCTTCACCCGTCAACGTATGTTCGTCGTCATCCACTGCCCGATCCTCGATATCCTCGTTGGCGAGGTCTGAACGCATGAAAGCGCCTTTTTTACCGCCGCCGCTGATCCTTCGCACCAGACTTTCCGCCGGCAGATACACCCACATGTCATCCTCCCGCTCCGGATCGTCATAGGACCAGGTAAGATAGGCGGTATCATGCACATCGGCGGGCTCGACAAACCGGATCAGGGTGCGCTCGTCCTTGAGGTTTTCTCCGTACTGTTTGGTCCGGCTCTCCATGCGCCTGATCAGCTTGGAGCTGCCTCTTTCTATCACCATCATGGAGGACATCACCGCGTCCCGACTGTTATCGACATCGTCGGATTTCAACATGATGTCACGTCCGGTGGGCTCTGCATGTACAAGCCCGGCGGAAAGAAAAATCGTAAACATAAGGATTATCGTCGATCGTATCATTGGAGCTCCTTTTGATTGGATACCGGTCCTTGCCGTTCAGGACCGAGAGGTTTAAAAATCATTATCAGCGCAGGAGCGAAAAAGAAATCCGCCATCAGCGCCCACGTGAACGCAACGCCGAATACCAGGCCGAGTTTGAAAAATCCGAGAAGATAGGAAAAAAGAAACACCGCGTTACCGATAACCAGGATCACGGTTGTAAAGGTCAACGGCCGGCCAACGCTGCCAAGTGTAATGTTCAATGCCCTCTCATAGTTACCCGATCTGTTGAATTCAGCCTTGAAGCGAGTGAAAAAATGGATGGTGTCGTCAACGGCGACACCGATAATCACGGCTGCAAAACTGATGGTAATGACATCCATATACAAACCGACAAGCCCCATGAATCCCATGGTTGCAAATACCGGCAACACGTTGGGAATCATGCTGATCAGTCCGAGCTTCAAAGAGCGCAGTACGATGATCATCACCACTGTAATCACTGAAAGGGCGGCAATAAAACTGTTCCTTTGCCCTTCGAACAAAATATCGTTCAAAGCCAGATAGTTTCTCATACCCCCGGCTTCTATGATTTCTACCTCCCCGTCCCCGAACAACGTATCGATGTTTGCATGCATGTAATCCGACAGCTCACGTGCATCGAAGGTATCGAGCGATGGCAATCTCAATGTCAAACGGGCCTGGTCATAGGTAAAACCGACAAGCCTGTCGAGGGTGTTTCCACCCGAGGATTCATAGAGAAAAAGGTACTGGGCCAGGGCCTCCCTGGACTCCGGCAACGTATAGAAATCCGGATCGTTGCCGTGCAGGGCCCGCCGCATTTTTTTGAGCACCGTGGTCACGGAGGTCGATTTGGTCACCAGGGGATGTTCGTCGGCAAGGACCATCAGCTTATC
CP110623.1_gap58	2211859	2216290	4431	CGTCGATGACCGTGATACTTTGGGGAACGTCCTGAACATCCTCCTCGATTTTATTGGCGGTCACGATCATTTCCGGCATTTCCATCGTGTCACCTGACTCTTCCTCACTGCACCATGACGTAGCCGGCACAAAGGAACAGACAGAGCCTATACAAAAGGCAAACACTATTATTTTTCCAAAACGCACTTTCTTTTCCTCCAGTTAATTTATGGGCATATCAACTACCCTGTTGTTTGAAAGATATTTGCACCTAAACTGAGCGTCCCGACTTGCCGGGATACAGCGGCATTCCCTGTGCCTTGCATCTGTAGTATGCTCGACAATCGCTCAATTCAGGAGTTAACAAACTTGCTTCCGAGAACATCTCGGTAGCCTATGAACACTCCGGTAAAGGCACCCAATCAATGCTCATACTTTCCGTCTTGCCCTCATCCACTACTCTCCCAACGGTTGTGGTTTGCTTTGCGGGTGCAAGGCGCCCGCAAAGCAAACCCGTCAAACTAAGCTGACGATATTAGAAGTTGTAGCGAGTGCCGATCCCGAATGTTCTCGGATCGTTGAATGACGCGACGGCAAGAGGACCACCAGCCCGATATCCAGTAATGTACCTTTCATCGGAAAGGTTCTTTCCATACGCATAGACTTCCCAGCGATCTTGCACATAACCGATGCGTGCATCAACCGTGGTATAGGCATCACGCTTAACAAAGCCCTCGTTACTGCTAAAGAATGCGGTCTCACCTGTCATATTCACATCAGCACGACCATAAAAACCATTGGGATGGTAGTAGGCCGCTCCAAGATTCAGGGTATATTCGGGAGTTTGTTGAATTCTCTCCCCATCATACTTAACTCCACCGCCTGCATCATAGTCATCGTATTCCGCCTCAACAAAACCGACTGATGCATCCAACTGAAACGCGTCGGTCAACCGGTAAGCCGCTTCGAGTTCAACTCCCATGGAATGGGCTTTGTCGGCATTGTCAGCAAAGAATTGAAAGCTTTCATTCGCTTTGAAAACATGGATGTCTTTGATATCCATGTAGAAAAAGGCTGCCCCAAGTGTCATCTTCCCGGTCTGTGCCTTGAGTCCAATCTCGTAGTTGGTGGATATCTGAGGCTCGAAAGCATTGTCATCGAGGTCGCCCTCGTCGGCATAGAAATTGAAACCGCCCGGCATGTAGCCCTTGGAATAGCTGAAATAGGTGCTCCAGTTGTCGTTGAGCGTATAATTGAGAGCCACCCTTGGCAGAAACTCTGACCACTCTTTTCCTCCGTCAATCGTATTATCGAGAACATAATCTTCGAAGAATTCCAGATCAATATCCTTTTTGATACACTGGTAACGTCCGCCCAGGGTCACGTCCAATCGGCCTGTCACCGGATAGATAATCTGCCCGAAAATAGCGGCTGTTTCTTCATCGGTCTCGGACACCGAATTTCCTCTCTCGGCAAAGCCAAATAAGCTTAAAAAAGGAAAATCCTGGCCGTATGGACCTCGTTTGAATTCACTCATGTCCAGGTAAATCCCGGCAACATACCTCAATCCGTCGCTGATATTACTCTTTAGCGAAAGCTCCTGTGTCCAGGCTTCGCTTTCAGAATTGTCGAACTGATAAGCATCGACTGCAATAGGATCGTTGCCCCCTTCACCATCATAGATACCTTCCAGCTCCTGATACCTGCGAGTCGTCACTGAAGTGACCGTGAAATCCCCGAAATCGTATGCCAGTTGCAGGGCTTGTGAATTGACTTTCAGCTCCTCCCTGGTTTCAAATTCTGTGATCACATCTTCAGCATCATCGGCGTTGAAGTCCGAAAAGGAACCTCCGATGATCCCGTAACCATTCTGTCCGTAGGCATCGGTATAGTCTTTGGAATAGGTGAATTTGGCACTGAATTCTTCTGTTGGCTTAAAAAGCAGATAGGTACTCCAACGTCCATCTTCAAGCTTGTCGGCATCCTTTTCATTTCCGGGAAAACTATTGGTTTGCCAGCCATCATCCGCACGGTATTGCCCATTCAAACCAAAATAAAGCACATCATTCTTAAGCGCACCGTTCGTATTGAACTTGAACTCCCTGTGGTTAAAGCTACCATATTCGGCGCCGGCTTTGCCCGACCACTCGTTCGTGGGCTCCTTCGTCACGACGTTGATCACGCCCCCAATGGCATCTTTGCCGTAAAGCGTCCCCTGCGGACCCCGTAGGACTTCAATGCGCTCGATATTGACAAGAGATATATCAAAACCATTAGAATTACTGTAAGGAAGCCCGTCAACATAAATAACAACCGGATTGTTGTTGGTAAAAACGGAGGTATTCAGACCACGAATATTGACCTGTACTCTGGTAGGGCTACCATACGTTTCCAGATTCATGCCGGGAGTGTTCGTGATAATATCCCCAACACCCTTCATTCCCTTTTCTTCGATCAAGGTCTCATCAATCACTGTTATGCTCTGCGGCACATCCTTGATGTCCTCCTCCAGTTTATTGGCAGTTACGACTACTTCGGCTGATTGGAAGAGCGTCGTTTCGGCAATGGCAGGCAACGTTCTCAATGCGTTGAAAGCAAACGCCACTGCACATATCCTGATTATTGTGTAGGATTTGGGGTTCATTACTACCGGCTTGTTTATTTAGTTCAAGTAAAGATTGTCAGAAAAAAAGACCGAAAAAATAACTTGCCATATTCCCTGCCATGCGGAACAATTGTATTTTTTTCACGCTCATCTTACCATCATGCAAGGGGAACATGAGAGTCACAAAACCTGTTTAACCCTCGCAAATGGTTACTATTATGTATGCTTGTATGGGACCGATGGCTGGCACCCGTACGACAACATCATAGGTGATCGGCGAACAGATTGCATTTTTACAATACTCCATAATGAAAATCACTATCGACTCGCAACTATCGGGAAGATCCCATTCTCATATGCACCATCGAGCACACACCCAGCATATCCGTCATGGCTCCCATGATTTTAAATTGCAGCGCAATCCCTTTTTTCATCCCCTTTGACATGGGGAATGAACGTATCACCCTGATCCTCTTATCCCACTTTTCGAGCGACGATACCGGCTTCAGTCCCCATCCGCCTTCCATGGACATCCCCATGCCGCCTTTTTTCAACACCTGCTTTTTCGCAATCTTCATTCCCATAGGCGAGAGTGCATCGAAGAAAAACTCACATTCGTTGAAATGATCTGCCGCTTTTTTGAAAAACGTTTTGATCTGTTCTTCATTGAAATACATGAACACTCCCCCGGCCAGGAACAGCAAACCGTCCCGAACCTCTATTTTTTCAAACCATTGTGTATCCAGGAATGAAGAAGCAATACTTTTGTGCCTGTCGCTGTCTTCATAGAAGTTCTTTCTCAGCTCGATCACATCCGGCAGGTCCAGTTCATAAAACATGATCGTTCCGTTTTCGATACGACTGAAGGTGGTGTCCATCCCGCAGCCGATATTGACTATGGTCGCTTCGGGATGTTTTTTGATGAATTCGCGAGCCACTCTGTCTGTATGCAGACTTCGTGCGACCCACCCGTGCTGTGACATGGCCTGGGTTTTTTCGATATCCGAAAAATCGTAGTCTATTCGTTGAATAATCTCCACCGCACGTTCGTCAATTAACCGCGGGCTGTTCTTTTGTGTTTCATAGGCTCTGCCCCACAACGGCAGTAACAGGGTTTCCTGAACTGTGCCTTTGTTAATCTTGATCTTTTGGTTCATATCTCATTCTGTCATTTATATTGCACTTATGATATGATTTCCCCCCATCTGTCGGGAGGAAGAGAAAACTGATAAAGAGCCGCATTTGTCGAACCCCCGACTTGTCGGGAAATGCCGATCAATTCAGGTACAATTTTGCTCTGCTTCACCACCCCGTTCCCGAACTGTGAAAATATTCTTAGATATACGAAGACTAAATAAAAATAAAGCTCGTAATACACGAACATTTTCATGGTAAATTGCCGGAGCAGCCATTTTTTGCCTGGACTCCGTCCTGCCAGAGCCGCTGTAGAGGCCTTGATTGTTCAACCGTTTTGTGCAGCTACCGATTTCCTCAATGCGGTCTTTCTCATTCAAGACAATAATTTGATCGGCCGTATGGTTGAAAGCCTGTGGGCGGTTCGTTGATAAAAGCACACATAATCGCTCAACGTCTAACTGACGGCAACACAATGAAAAAAAGCCCCTTGGCGTGCTCACCAAGGGGCTGAAAGAAAACAACAATGAAGAAAAAAACATGAGTAAACAACAGTCAATGTAAACCTTATATTTATTTAGACAAAATATAAATAAATTAAAAAAAGATCATGTAAGTAATCCTGCTTGTCCTCCTTTATCTCTCCTGAATTCCTCTTCAAAAGTATCGGAAACAATGCAGGATATACTTATAACGGGCTACTTGATCAAAA
CP110623.1_gap59	2217509	2220596	3087	CACATAGCGAAAGGTCAGGGCTTCTGAGAAGAGATCTCAAGCTGCACTATTCCGGAAGCAAGCCTGTTTGTCAACCATTGAAAGGCCAGAAGATAGGAATAGGGACGCATTCGCTCGGGAAAAGGATCGGCGTAAGTCATTTGACGCTTGATCCGTAAACGAGGGTGAATATCGTTAAACCACTTGTAGTCACCATAGTTCAGTGCCCACGGCATGAGCGGAGCAGTGTATGTTTTGGTCACCTTCATCCCCTTGAAGCTTTTCCTGGAAAACCAGACAGGTATGACGTCGAAAATAACCTGACTTTCCCCAAAGTGTTCGGCAAGGCGATACAACAGATCCCTGACTTCACCTTCTTTAAAGTACATCAGAAGTCCCGCCATGACGATGAACACTTCCGATCCTTGTGGCATCTTTTTTATCCATAGATCATCGAGCGCCGAACAGGTTATCGTCTCTATCCTCTCTTCCGCAGGCAGAAACCGCTTGCGCACTTCGATACTCTCGGGAAGGTCTACGGAAATCCAGCGCAGCTTGCCGTTATCGACACGCCAGAACTGGGTATCCAATCCTTCACCAAGGGAAACAACCGTTCCTGCAGGCTTCTTCTGGAGCCATAGCTTCAACGCATCATCGATAACACGAGCCCGAATTGCATGACCTGCATTGGGCTTTCCGAAGCTCCCCTCGAAATCATAGTCGATACGCTCGACCAGATCAGCGGACATGGGATCGTCGATCAGACGATCCTTCCGTTTCTGTTCGGCAGCCCGGTTCCAGAGCGGCCATAGCAGGGTTTCGGGCACCCCTTTCAGACTCACCCCTTCTTTTCCTGTCCGTACGTTTGTCTCCATAGTCGCACTCCATCTTATTATTTTTCAACCGTCTCAAACATCGCCCTTACTTTCTCATCGAACACCACCTCACCTTTCAGATACTCGTAAAAGTCCTTGAACACAAGCGGCTTGCCCTCCTGCGCCTCGAACCACTCCCGAACATACTGGAGCAGCCTCTTGTGCCCGATAGTCTTCGACACGTTGTAGAGAGCGATAGCTCCTTTGTTTTCTTCCAAATAGTCTATACCGTCAGCATAGAGAAGCGGCGGTTCCGTGTTCGGTTCGGCTCCTCTGTCCTTGCCGTACTTGCGTCTCTTTTTATCGAGAATAACGGCAACGCGTTCCTCACCGTCCCTCTGTTCGAGAAAACCGAGCGCCATGGCTTCGGGAAGCGCCGTCCAGAGCATTTCGGCTCCCTGAACGTCCGCCAAGAGACCGTTTTCCAGCACCCACTGGCGGAACAGTTCCCTCGCGATGGAAGCACGGATGAAACTGACAACGTCGGCGTTGTTTCGGTCTCCGTACCACCCCTCTTTCTCCGAGATGGCGATAGTGTTGGCAAAAGCGTAAAAAGGATCCTGATAGAAGGGAACCTCCACCACACGAAGCTCTGTATAGGGATAGGCGCCGAGATGACTTTCCAGATAGCCCATTCCTTCTTCGAGAGCTTCGCAGTACAAATCGATATTGTAACCGTGGTCCGCCTTGTAGAGCAGTGTAACCTCCGTTTCACCGACCGTCAGCGCCTCTTCAGCATAGTCGGCTGAACCGATGCACCAGTGAAGCGGCGAAGGTTTTTCAAGCTCGTAACGGAAGTGGTTACGGCCGTTCTCTTCCCAGCGTTTTACCAGCATGCCAGGAGCAAACGTGGCCTGGGTAGCGGGCGTGCTGACGGTTATCGTCCCTCTCACAAGGGCAGCATCGGTTGCCAGATAATGTTTTACAAGCGAAACCGGATCGTCGACAGGATCCATGCGCGAGTCGAGCATATCGAGGCCGTTTGCCTTGCGCTCGTTGTTTTCCTGAAGCTCCTTGCCCGAATCGTACCCGATGACCGGGACAAAACGCTCCATGAGCAGACCGTTGTAAGCCAGATCCGCGCGCGGTTCACCCTGGGATAGTCCAGGGTAGGACCTTCTGGAATCGATAACGAGCGTGCGGATGTCACCGGGTGCCATAACCTCGGGAAACGCATAGACCTCCATGCCGAGCACCTTGTCGGCTTCCAGCCTTTCGAGTTCCCGACCGTTCATGCTCAACGAGCTGATTTCCGTGAAATAGTCGGCATTGACGTAGAGCTTCTCGACCGGTTCGTTCGAAGGGTTGTCGAGCGTCAGTTCGGCCCTGCATTCCACCGCCTGATCGAGAGGATAGAGGTCAAGTCGAAGATCCACGGCCGTTATACGGGGAGATGCCGAGAATTGCACCTCACCGAACCGTTTTTCATATTCTGCGGCTTCAGTATCCTCCTGGCCGCTGGGAACATAGTTACGTGTCGTATTGACCTCGGCAATGAGAAACGACTGGAGAAAAAAGAACACTGCAAGACTTGCGAGAGAGATCGCGACCCCGCCCCAGCCGAGCTCGCCGTGAAGCGAAAACACCCTTTTGAACACTCCTTTCTCCGAACCCCGGTTCCAGAAACGGATACCTGCCAGAAAAAATGATATGGCAAGGGAAAGCCAGAGCAGGAAATACCAGAAAGAAGCCTTTAAAAAGATTCCGTAACGATTCAGCTCCGAAAAGTCGTCAAGTCCCGGAACCAGTGCATAACCGTAACGAATCTGCTCGATGATACCGGTATCGAATGAAATCGCGATGAAGATGAAGTATCCGACACATACGACGTGCGTAAGAAAGCGGTTACCCGTCAATCCGGCGACAAAAAACACCAGCCCGATGTAAAGCACATACGTCAGCCAGCCGAACCTGAATCCCAGAAGATCGTAGGCGTAGACTTGCCAGTCGATTGCGAAAAAGCCCTGACCGACCTGTGCGATGATCCCGGAAGCGAACATCGTCAGTGAAATAATCAACGCTACGCCGCACATTGCGACAAATCTCGAAAACAGCGTTACCCAGGAGGGAATTGGTGCCGCATCGGCAACCTGCCACAATCCGGTGGTCCTGTCCTTGAAGAAGAGCTCACCCGACCATATCATGAGCAGAATGATCATCAGAAAACCGGTATGCAGACGGGTCGTGGTCATACCGGACGTCAACGGCACCTGGGCACCGACATAGTAGACCG
CP110623.1_gap60	2222098	2225518	3420	CGCCAAGAAGAGCCTGCGCTATGCCGAACCGCTGCTTCATGCCCCCAGAATACCCGCCGAGCTTTTTTTTGCGGTCCTCCCACAGATTCACTTTCTTCAACAGCGCATCGACCTGTTCTTTCCGTTCGGACGCTTTCGCGATGCCTTTCAGATCGGCAAGATGCAACAGAAACTCTTCGGCCGTCAGGGAGGGATAGACGCCGAACTCCTGCGGCAGATAACCCAGCACTTTCCTCAACGACACCGGGTCGCGGGCGACATCGATGCCGTCGAACACGACCGAACCTTCGTCAGCGTCCTGCAGGGTGGCTATCGTTCGCATCAACGTGGACTTTCCCGCGCCGTTTTCTCCAAGAAGACCGAACATACCCTTGCCGATCACGAGACTTACGTTTTGCATCGCCTTGACACCGTTCGGATAGGTTTTCGAAAGATTCTTTATCTCCAGTTTCATCGTTTCACTGTTTGTAATTCATAAAAAAGCCGTTCTCCCCGCCGCAAACAGGAAGCGGAGAGATATGGCTATCCAGCCGCACGCAGGCGGATCTTACCAGGTAGCTTCCACGCCTATACCCAGACGGCGCGGCGTGCTGACGCTGCCAGCCCGTCCGGGCATACCGATGTAACCTGCTATATTCGTCATATTCAGTTCATAAAAATCGTCGAGCAGATTGGTGCCCCAGACATAAACGGACCAGTTACCTTCACGGTATCCGGCCTTCGCATCGAGAACGTGTCTTCTGGAAAGCCTGGTAACTTCTTCGTCATTGAGCACGCTATAGCTCTCGTCAACCCACCTGAACGTGCCTCCGGCGAAAAACCCGCTGCTGTGATTGTAGTTCGCGCCGACGGCAACGGTCCACTCCGGAGAGTTCGGCAGAGACTTGCCGGCGAGGTCTTCACCGTAGAGTTCGAATTCCTTGAATTCGGAACTGGTATGACCGAGGGCGAGAAAGGTCTCGAGGGCATCGGTCACTACCGCTCTTGCTTCAATCTCGAATCCCTTGATCTCGGTCTTACCGGCATTGGAGATCAGTTCGTCGAAACCGGGGAAGCCGCCCACCGGAAGATAGGGCACCTGCATATCCTGCCAGTCAATGAAAAAGATATTGCCGTTGAGCGTCAGCCGGTCATTCAGAAGAACGGAGCGGAAAAACAGCTCATAGGTGTTGGCGACCTCTTCTTCGTATTCCTCGACAATCTGTAAAAACGACGCCACGGAAATGCCGCCCGACCGGTATCCCTTGGCGTATTTCAAACCCGCGCTGACGTCATCGGTAAAATTATACGTAAGACTTGCCGAAGGCAGAAGCTGATCGTAATCGGCATCGACGTCCACAGAACCTTCCCTTTCCTCATAAGGAGCAAACGGATCCATCGAGAACGGCGGAGGACCATAATAGTAGAAACTGCTGTTGTTTTTCCGGTTTTCGGTGTTGTACCGCAAACCTGCATTCAGCGTGAGGTTATCCAAAATGTCGTAGTCGGCATTTGCATAGAGCGCCGCGACGGTCACCTCCTCACCAAGATCAAATATCGATGTGAACCAACCGTCAGCAGCATAGATTGTTCGAACATCGGCTTTCGAGTAATACCCGCCCAGAAGACCCCGAAACCTGTCCCCCTCATAATGCAGCCGCAGATCCTGACTGAATTGACTTTCATCAAAATCGCCGTTGACCCAGAGCAGATCGGGCGCCATTTGATCGCCGTCATACTTATAATCGGCGATGTTGAGGTCGGAATAGCCTGTGACGGCCGCGATCCTCCAGTTATCGTCGAGACGGAAATCGGATTCAAGTGCCGTAAACCATGACTCCTGTGGAACATATCCTGGCCAGGTCTCCTCATTCAATCTATCTTCAAGATCGTACATACCGAATTCCGTCGCCCTGGGCTGGGAGTTTGTTTCCGAATCGAAATAGATGCCTGTCAGGTTGAAGGAAATATCCTCATTGCCCAACGGCTGATAGAGCAGTTGCAGGCGAGCTGCTTTTTCATCAATCGGTGCGATGTCGTCCGCGCCGGTTATCGGATTGACGATGCCTCCATCGCTGTTGCGGGTCTCGAGGGCGATCCTTGCCGCGAGAACTTCCTCTTCGATGGGAACATTCTGATAGAGCGCGAGGTTCCAGGTATCGAGCTCGCCATACTCGGCACGGAATCCGCCGTCAAAAGTAAAATCGGGACGGTTGTAGTTGAAAAAGACCGCACCGGCCAGGGAATTCCTTCCCTGCAGGGTGGACTGCGGTCCCCGGAGCACCTCGACAGAACGGACATCCCAGGTAGACGGCTTTATGTACTGGCTCAGCAATCCGCCCAAAGCCACCTGGTTGAGGTACACCGCAGCAAGCTGATTCGTCGCATCGAAAGATGCAAATATGCTGCCCTGGTTGATACCACGAATACTGAACAAACCGCCCATAGCCGCCATTCCTTCACTGTTCACGTTGGCAACCCTGTTGAGCACATCGTCGATGGTCGCTATAGGCTCGTCCTTCATTCTGCGCTCATCGACAACCGCAGCACTTGTCGGCAGATCCTGAATATCGCGCCCCACTTTATCGCCGACCACCTCGATGCCTTTCATGAGGTGCTGCTGTATAATTTCAGGTGTTTCAGCCACCGTACTGGTGAGAGAATCGGCCTCTGCGACAGAGTCCGTCATTTCGTTTTCCGCCCGAACAATCCCGGCAAGTGCGACCTGCGCGATCAGGCAACACGCAAGCCCTTTTTTTACTACAGTTATGAACATCTTAACTACTTCTTTTTGGGCACCTCTATTAATTTGCTGCGCACCATGATTACTTCGTTGATCGGTGCTGAAAATCCTCGTGTACTATGTGTACACTCCGGTATCTCTGGCTCCGTTCGCCTCGTACCCAAGGCGCTCGCGACAATTTAAAGAGGCTCCCTTATGTTTTAGGTTACTGCTTGATTAACGAGAAACTTCATATTCACGAGCGTGTCCGGGTCACAACACGCATACCAGATAGCGCCGGCCCTCTCTTATCACGTTTTCTTTCTTGCAATATCCATCTCCATCGGCATCATCGGCGTCTCAACAGTCATGCTGTCAACAGACGCAAAGCCTGCCCGGAGCATGGCACCGGCAATTTCCCCCTTACGGAAAACCTGATTGAAACCCGTAAGCGCATAACTCAAATTTTCCAGAACATAGAAATCGGGCTTCGTCCCTTCATCCGTAAGCCCTTCGGCAAGACTGACGAACACCCCGCCAGGCAAAAGAGCATCATGAATTTTCTTCATCAGCCGATCCAGAATCGAACGGGCAAAATTCAGTGTTGAGCTCGCCCAGATCAAATCGTATCCCTCGCCAATGGAATCGGTCAGGTAATCGCCGCTTTTAACAGAAATCCTGTCCTGCATGCCATATTCGGCTATGAACTCCTCTGCGAC
CP110623.1_gap61	2227724	2230617	2893	TCTACACTCGTACAAAAAACGGGAAATGAAAAACACATCATAATCATTTCCAAAAGAACCAATCTCCAAACCGCTGAAATCATGATACGCTATCCGATCGAAATTCTCTTCCCGACACTTCAGTTCTTTTGCCAGAGAGCACACCTCCGGCAAGTCGTAAACATGAGAGTGAAGGTTCCTGTTTTCATGCAAGAATGCAAAAGAGTAGTAACCTGTCCCCCCCGCAAAATCGCACATTTTCGCAGCGCCATGAAAATCCGGCATACTCTTTATAAATGAAACTGCCGCCTGTATTTCCCCTGCTTTAGCACTTCTCTCCATAGCCAGAACTGCTTTTTCCGACACCCACATCCTACCACTGAACCGCTTGATGTCACCCTTCAGGGCTTGTTTCAAACCATCGAATGGACTGGAACCTTCGGAAAACATTTTTACCGCTTCCAACTGATTTACAAGAGAATTGCTCACTAAATATTCTTCAGCAAGAACCGTAAGACTGTAACGGCCATCCTGCTCTTTCATAAAATCAATGGCCACTAAAATTCGCAGCAGAGCTCCTGTAATTTGCTCATCGGTATTCAGTTCTTTTGCAACATCTCTTAAGGAAAGCGACTTACCCGAAAGCACATCAAACAATCCAGCTTCTACCGCGCTGTTTATTATTTGAGGCAGGTAACTCTTGTAGAGCAAATTGTTAATCTGGCTGTACGGAGAGTTTAAAACCGGTAATTTCATAAACCATCCTGTTATTTTTTTATTCGCCACTTAATTATACACAGTCTAAATAAAATAATAATCAGAACCACAAATCATATATTTTTATTCTTGTCACACCACCCTTTCAGGCTCTTTTTCACGGCATGATTCCGCAACCTTCTGTTTACCGGAAAGAGTTTCACTACCGAACGGCTTGAACCAGGCCAAAAGAATCGGAGTGACGAAATAATCGACGATCAGCGCGGTCAAAATACCGACTGCGATCAGTATGCCCATGTTGAAGAACACCTTCGCCACGGCACCGAGGTAGGCCGAAAATCCGAGTATCAGCACCAGCGAGGTCAGAAAGAGCGCGGAACCGACCGCGATGAACACACGTCGTATGCACTCCCGATAGCTCCTTGTCCGGGAAAACTCGAGTTGCCCGTGATTGATGAAATGAATGGTATCGTCAACCGCAAGCCCGAGCAGCATCGGCATGATCGTCACCGTCATCATATCGAGCGGGATACCTGCGTAACCCATGATCCCTCCTACGGCAAGAGCCGGCGAAACATTCGGAATCATCGCGATCAAACCGGTTTTCAGACTGCCGAACACCAGCGACATCAGCACGGCAATCGCCCCCATGGCGAGAAAGAACGAGGTGATCTGGCCCCAGGTCATGTAATCCTGCATGACCGTGAATTGGGAGATCGATCCGACAAGCAGCACCCTGGCACCGGGAAACATCTCTTTCCCCCGCTCCTGGATAACCCGCAACTCCCTCATTGCTTCTCCGGAATTGTAGTCACCCAGCTCCACCATTAACCGTATCCTCTGATAATCATAGTCCGCCCATTTTTCAGCCTCGACACCGCCCGCATTCTCGTAAAGCAAGAGAAGCTGAGCAACCATTTCCCGGCTGTCGGGAATGCGGTGGAATTCAGCCTTCCCGGCGTTGAGCGACTGATTCATGTCTTTGATGATATCGACAATGGAAGCTACTTTCTTGGTCAGGGGAAAGGCCTTGATCTCCCCGACAAGCTTGTCGACCTTTTTCAGATTTTCCGGTTCGAGCACATCACCCGGGTTTTCGAACTCGATTGCCGCATCATAGGAGTACAACGAGCCGACCTTGCTCTGCCCGACCTCGTGGACCCTGTTGACATAGGGAACCTTGAGCCCGAAAGTACGCCGCATGTCGAAAGACACCTCGAAGCGGGCGATCCCTGCAGCACAGATGACAACAAGAATTCCAAAAACGCTCATGGTCAGCGCCGGACGCGCAAACACGTGATCGCCCAGCCATACCATGAGACGCTCGATGATCGAACCCCTCTTCCCGTTCTCGACGGCTGCGGGCTGACGATCTTTTCCAAAGCTCAGAAGCACAGGCAGCAAAACAACTGTCAGCACATAGGTTACACCGACCAGAACAGCCGATGTCATACCGACAAAACGGATGGGATGCAGCGGAATGAAGAGAAACGATACCAGGGCGACCATTGTAGTCAGGGCGCTGAAAAGCAGCGGCCAGCCGGTTTCCTCTACCGCATAGAGAACTGCATCTCGACGGTTGCCGGTACGGAAAAACGATCGCCTGAAGTGATTGAACAGATGGATGGCATAACCCACGGAAACCGCCAGACCCAGAAAAACCGGCATAAAGATCATGGAAGGATCGAAAACCACGCCCAGATGCCCTTGCACACCAAGCACGATCACGATACCTGAAAGCGCGCTTACCAGCGGAAACACCACCCCCCGGACACTTCGCAGGGAAAAGCCGAGGATCAGCACCGTAAACAGCAGCGACAGTCCGAACAGACGCACGATCTCTCCGCCCAGAAAATCCATTTTCTCGACATTGATCACCGGCAGACCGCTTGTCAACGGATCGAGCAAACGATATTTCTCCTGCCCTGCAATTTCGTTGACCGTGCGGCCTACAGCCATCTCGGGATTTTCAGCATAATGATCCTGCCAATCATCCGGTATCGGCTTCATTCTCAGCATTACCCAGGTCTGCTTCGAGTCCTCCGAAACAATACGGTTCTTCATCATGGGCTTCGCAAGCGCCTGCCGGCGAATCCGGTCGAGCACCTCCGGATCTTCGGGGATATCCTCAGGGATCAGCTCACCGATTTCCAACCCCTCTTCCGTTCCCCGGCTGAACTCGAAATCGGTCAATGAA
CP110623.1_gap62	2231793	2236466	4673	ATCCTGATAGAACGGGATTTCCGCCACCCGAAGCTCTGTGTAGGGATAGACGCCGAGATGACTTTCCAGATAGACCATTCCTTCCTCGAGAGCCTCGCTATAAAGGTCGAGATTGTAGATGTGATCCTTTTTGTACAGAAGGGTGACCTCCGTTTCACCGACCGTCAGCGCCTCTTCGGCATAGTCGGCCGAACCGACGTACCAGTGAAGCGGCGAAGGTTTTTCAAGCTCGTAACGGAAGTGGTTACGGCCGTTCTCTTCCCAGCGCCTTACCAGCATGCCAGGAGCGAACGCCGTCTGGGTAGCGGGCGTGCTGACGGTTATCGTCCCGGTCACAAAAGCGGCATCGGTTGCCAGATAGTGTTTTACAAGCGAAACCGGATCGTCGACAGGATCCATGCGCGAGTCGAGCATGTCGAGGCCGTTTGCCTTGCGCTCGTTGTTTTCCTGAAGCTCCTTGCCCGAATCGTATCCGATCACCGGCACCGGCCGCTCCATGAACAGACCGTTGTAGGCTATATCCGCATGCGGTTCACCCTGGGACAGGCCGTGGTACGATCGCCTGTACCCGATTACGAGCGAACGGACATCACCGGGCGCCATAGCATCGGGAAGCGCATAGACTTCCATGCCGAGCACTTTGTCAATTTCCAGCTTTTCGAGTTGCGTACCTCCCATGGTTATCGACCGTATTTCCGTGAAATAGTCGGCATTGACGAACAGCCTCTCGACCGGTTTACCCGAAGGATTATCGAGCGTCAGCTCGGCCTTGTAGTCAACCGCCTGCTCCTGTGGATAGAGGTCGAGCCGGAGATCCACGGCTGTTATACGAGGGGACGCAAAGGATTGCGCCTCACCGAAGCGTTTTTCGTACATGGCTGCTTCGATGTCCTCCTGGCTGGCGGAGACATAGTTGCGCTTCGTATTGATCTCTGTAATGAGAAACGACTGGAGAACGAAAAACATGACGAGGCCGACAAGAGACAAGGCGACACCGCCCCAGCCGAATTCGCCGCGAAGTGAAAACACCCTTTTGAGCACTCCTTTTTCCGAACCCCTGTTCCAGAAACGTATGCCGGCAATCAGGAACGGTATGGCGAGGGAAACCCAGAGAAGGAAGTACCAGCCAGCCGATTCAGAAAGAATGCCGTAACGATTCATCTCGGAAAAGCGGCCAATCCCCGGAGTAAATCCATAGCCAAAGCGCACCTGCTCGATGAGATCGAGATCGAATGAAGCCGCCATAAAGATGAAATACCCGATACAGACGACATGCGTAAAAAAACGGTTGCCCGACAACCCGGCGATAAAGAATACCAGTGTGATATAGAAAACATAGGTCATCCAGCCGAACCTGTAGCCCAGAAGGTCGCTGGCATAAAGCTGCCAGTCGATATCGAAGAATCCCTGGCCGACCTGTGCAACAAGACCCGAAACGAACATTGTCGACAGGACCATGAGAGCGACTCCGCACATGGCGATATATCGCGAAAGCAAGACTACCCAGGAGGGCATCGGAGTAGTGTCGGTAACCTGCCATAGTCCGGCGGTCCTGTCCTTGAAGAACAGTTCGCCCGCCCAGACCATGACCAGAATGATCACCATAAAGTTGGTGTGAAGGCGGGTAGAGGTCATGCCTGACGTCAGCGGCACCTGGGAACCGACATAGTAGACCGGATTCCACAAAACCATGTAGAGGAAGAACATGACGGCAATCACCATGAGTACGACCTTGAAGGACACTGGTCGAACGAAATCTAAAAATTCGGTCAGGGAGAAGCGCCCGAGTTTCCGGAAATGTTCGCCAATGGAAAAAACCCTCGAAACCCCTGGCACAGTGACATGGGTAACCGTTGCATCATGCGAGGCCCGGGTATTGTTTTGGGGCTTTTTCCCTCTCGAACCGAACACAGCCTGTACAAAGTAACGGAAGCTGAACCGTTTGTAGCTGTAGATAACCGCGAGGAGGCCGATACCTGTCCAGATCAGCCGGTTAAGAAGAAATATCCCTTCGACTGGCAGGAAACCCGTGTTTTTCTGGGCTATCGGCAGCCCATCGATAACCTCTTTTGCATAGACATAGCCGAAATGATTGATAACAATAATCGCATCGATGTATGGCGTGTTGGCGCTAACAACCTCCGAAATGAAAAAAATCATCACCATCACGAAAATTCCTATATAGGAGGCCGCCATATTACGAAACTGAACCACACAGAAGTAACAGACTGCCGTCAGGACAAACATGTTGGTTACCCCGAAGAGAACGTAACCATGCATGAGCTGCAGCCATGGTACAGGGCCGAACTTGTCGGCCGGCCCGACGCCGAGGTACGGCATGATGACCATGCCAAGCATGTAGGCAAGAACCAGCAGAAGATTGATAATATAGGCCCCGAAAAACCTGCCCAGGAAAAATCGCTTCTCACTTACCGGAAACGCATAGAGAAACAATGCCGTCCGCTCTTCGATATCGCGATAGAGCGACATGCCGGTTATCATGGCGATGATGATCATGAGAATTATCCCACCGCCCGACAGGCAGATGTAGAAGTTTCCCGCCCCGTTGATCAGGGTTTCATCATGCACATAGTTATCATAAAAGGCAAAGGGAAACCAGACGCCCTGGAACACCATCATCACAAGCATGAGCCAGGTCAGCGGGCTTCTGAAACGCGTGCGAAGCTCGAAAGGAACTATTGTACCGATCATATATATTCTTCCTGTTACGCTGTTGCGGCCATCGCAGCTTTTTGAGGCTTTTCGTTGCGCGAAAGAATCTGGAAGTACACGTCTTCCAACGACGGCGCTTTCGGCTCGAATCCGTCTCCGGGACATCCTTCCGCATCCACCGTCACCTGCAACTTGCCAAGATGAAAATGGCTTGCAATAACCTTGTGCTCCCTGTCGTATTTCTCCAACTCGCTTTTCGCGATCTCTTTTATCCACAACCTGTCTTTCAGATGATGCTCCATTTCCGACGGTGCGCCTTCGAGTAGCACCCGGCCGTTACCCATGATCGCCATATCACTGCAGAGCGTGCTGACATCTTCGACGATATGGGTCGAAAGGATCACGACCGTGTTCTCGCCGAGTTCCGACAGCAGATTGTAGAAACGGTTACGCTCACGCGGATCGAGACCGGCTGTCGGTTCGTCGACGATTATCAGGCGCGGCTCACCGAGCAAGGCCTGCGCTATGCCGAATCGCTGTTTCATGCCCCCGGAATACCCGCCGAGCTTTTTTTTGCGGTCCTCCCACAGATTCACTTTCTTCAACAGCGCATCGACCTGCTCTTTCCGTTCGGACGCTTTCGCGATGCCTTTCAGATCGGCAAGATGCAACAGAAACTCTTCGGCCGTCAGGGAGGGATAGACGCCGAACTCCTGCGGCAGATAACCCAGCACTTTCCTCAACGACACCGGGTCGCGGGCGACATCGATGCCGTCGAACACGACCGAACCTTCGTCGGCGTCCTGCAGGGTGGCTATCGTTCGCATCAACGTGGACTTTCCCGCGCCGTTTTCTCCAAGAAGACCGAACATACCCTTGCCGATCACGAGGCTCACGTCCTGCATCGCCTTGACACCGTTCGGATAGGTTTTCGAAAGATTCTTTATCTCCAGTTTCATCGTTTCACTGTTTAGAGTTCAAAAACACACCCCTTCCGAAACGGGGCGGGTACATACCTCGACCAACACGGAGGAAGCGTTGGCTGGAAACCCCCATTTATTCGTTCCGTAATCCAACCACGCCGTTTTCCCGACGCAACCGGGACTCGTCGACAATACAGAGAAGCGACGTTATGCCTGGCATACGACACACGCCCTGAAACACTCCTTTCTAAAAACTGTACCTCGCCTTGACCCATATCTGCGAATTATCACGGTACCGTCCGAAAGAATTTTCGCCACCGCCAAACACATCGACCCCGGCAAAAAGATGCAGATCATCCCTGACCGCATACTCCGCTTTGATTTGATCGAAAAAATCCTGCTCCCCGATATCGTAATAAAGCATGTTCGAAAGCGTGAGGGTTTGGCGCATCAGCTTTTTGGAAACATGCAACGTCGCAGACATGGCATGCTTTTCAGCCGCCATTTCAGACTCATGATCCACAACAGCTGTACCCGTTAACTGTGTAATCACCGACCAGTCATTTCCCGGAGTCCAGTCGACCCCACCGAGCCACTGCAATGCGTTTTTCTCAAAAGGATTCCCGGTAATGCTCCGTGGTTCAAAAAAACGCCCGAGATAGTAGGCAGCCTCTCCCCTGAAAACGAAATCCGACAAGGGGCGGGAAAACTCCAAACCGAAAACCGTCATACGATGATGCTCAGGCGAAAAATGAATCTCGACCTCTCCCACATCATTACCAGTGATTGTCCGATGCATAGCAGGGTTGTCGTCCCAGGTATGGAACACTGAAACCGCAACATCCAGACCTGACCAGAATGCAGAGACCTTCAACGCAATTTCGCTGTTTTCCAACGACGTTTCAGGTTCATCCACCGGAGAAACCATTACCCGTGCATCATTCGGAATATCCTGTTCCAGCGCCCAGGGATTATCCGCCGAAGGCTGAACAGCCGCCCTGAAAACAGGAATCCAGATCAACTCCATGTCGACCTCGTCACCCAACAATCTGAATTTGACGGCATCCACAGGGAGAC
CP110623.1_gap63	2239916	2243890	3974	CGTCCAGACTGAATCGCTCGATCTTCAGCAGGTTGAACTCATCGATCAGATCGATCAGATTTTTATATTTCGCCTTGCCGCTCAGTTTCACCACGATCACCAGCTTGCTGTTCTTCCGCGTTTCTTCCTGCAGCAACTTTCGCAACCCTTTGCTCAGCTCTATCGCTTCCGATTCGTCATACATCGCTATCTCCTGTGGCGCCGCTTCGCCGATCGACCAGTACGCCCGACCTTCTTCGACTATGCGAAACGTCATCACATTCATCTCGGCTATCTTCACTTCCGTTTCTTCCGGCGGAATATTGATCTCCATCGTGTTCGCACGACTGAACGTCGTCGTCAGCATGAAAAACGTCAGCAGCAGAAACGCCACGTCCACCATCGGCGTCATGTCGATGTGAAAACCGATACGTTTCCGCTTCTGTCTCGCTCGACGTCCACGGCTCTCTCCATTCGGTGAATCGACCATACCCATGTTACCCGCCTCCCTTTTCCAGCGACGTCACCAGATTGAACGTCAGGATGTTCACACTCTTGAACAGTTTCAAAACATGGTCCACCGCTTCATAGTCCGCTTCGACGTCCGCCTTGACGACCGGGCGTAGCTGGAAATCGGTATACCGCGCCGCTTCGACATACTGCCTCAACTCGCTCTTCTTCACTTCAAAGCTTTCCATCAGCCTGAAACTTCCCAGCGAATCGGCTACCGCCTGATCGCTCATTCCGGCTGCTCTCAGCCGCGGCTCGATGATTCGCTCGAACAGTTCTTTTCGGGTCTTCTGCGACGAGAGTCCCATGTAATAACGGTTCGCTTCACTCACACTCACCGTCAGGATCTTCGTCTCCGGCAATTTCTGCTCCGCATGCGACGTCGGCACGTCGATCTGCACCGGCTCCGGCGGGCGAAACTTCGTCGTCAACATGAAAAACGTCAGCAGCAAAAACGCTACATCTACCATCGGCGTCATGTCGATCCGGAACCCGATACGTTTGGCTTTGACTTTCGACATGCTCTCTTATTCCGTTTCCGAACCCAATGTCTGGATGATATAAAACGCCGCTTCATCTATCAGATAGGTGAAACGATCCACACGGCTCGTGAACACATTGTACGTCACGATGCCCATCACGCCCCCGACTATACCCAACGCCGTATTGAACAGCGCTTCCGAGATACCTAACGACAACGCCACCGCATCCGGTGCACCGGTCGTCGCCATCGCCGTGAACGCACGGATCATTCCCATCGTCGTTCCGAACAATCCCACCATCGTCGAGATCGATGCGATCGTCGAGATCGCTACCAGGTTTTTTTCCAACAGCGGCAGCTCCATCGTCGTCGCTTCTTCGACCGCTTTTTCCATCTCGCTGATCTTCTTCTCACGATCCGTGATCTGCTGCCGACCCATGCTCTGGTAACGCTCGAACACCGAACGCAATACCGCCGCTACCGAACTCTGGTGCTCATCGCATTTGGCGATCGCCGTGTCCACCCTGCCTTCTTCGACTTCCTGTTTCAGCTCTTTGACAAACTCAGGGATGTTTCCTTTGCCCGACGCTTTGTTCAACGCTATCATTCGCTCCACGATATAGGCGATCACCATCAGTATCAACGCCATCAGCACCACCACCACAGGACCACCCTTGTAGAGCTCGTGAAAGTTCGTCCCTTCCGGCGTCGTTCCCATCCAGAGGTAAAAACCCGCCGACACCAGCGTCGTCAACACGATCAGAAGGGTCGTGAATATTCCTTGTTTCATAACAACAATCATCAATCATTAACAAAAAACCTCAAGCACGATGCCCGCCATAGCGGGCACCTGCTAAGCAAAACCCACCTTCCATCAAAGAAGATTACCGAACTTCATGCCGATATAGAAGGTTCGGGGGCTCAACGGACCATAGACGTAGCCCGGATCACGATCGATCCCCGAGTCGAAATCATCCTGATAGGAATTGAAGATATTCTTCACACCCGCATAGAACTGAAGCCCGGCATCATCGACCGGAACCGTATAACGAACCTTGAGTCCGGCATCGAAAAACGCATCGCTTTTACGCAACTCACCTACCTCGGGATTAGCGATTTCGGGACCAAAATACGGTACCAGCATCTCGCCCGTATAATTACCGGTCAAAGCAATCCCGACCCGGTCAACCGGTTCCCAGTCAACCGTTATGAAACCATAGGTATCGGGAGACCTGAGAAACTTCTCTTCCCTGATGGTTCCCGAATCATTGACATCCTGCGGATTATCGAACTTGCTGGACTGAACGGTAAACCCGGCCCTCATACCAAGCATACTGGACGGCATCACATGAGCTTCGAGATTGACCCCCTTGACAACCGCTCCCTCGGCGTTGTAACGGGTGTAGATAACATTGCCATCCACATCAGGCTCGCCGATCTCGATAGCGAACGGATCTTCAAGCTCCGTATAGAACCCCTCGACGAGGAAACCGAAATCAACGTCACCGACCATGGTATCGTAATCGACCGAGGCCATATAACTTCTACTGGTCTCTTCGGTAAGATCCGGATCGTTGACATAAATGACGCGCCTCGAACCGGACGATTCGATATGAAGATCCTCATCGAAGATCTGGGGTGCACGATATCCCGCCGCATAGCTCAAACGCCCCTGCAAGTCATCGGAAAAGGAGTAGAGCAAGGTTGCTCTCGGAAGCAGAATATCATCCGATATGTCAGCATCCGGGCTGATTTCGTTGGTGATCTCGTAATTATCCCAGCGGAGCCCCAGCGTAGCCTTCAACTTATCCCATGTATACTGATACTCACCGAAAACCCCGACGATATTACTCTCCTGATCAGCCACCGGAGTTTCCGGCACATGGGTATCCGTGTCGATATCATAGTAACCGAGCTTATCATCCTCAAGCCACTCACGGTTATTCTCAACCCCTGCGATAACCTGGGAAGGACCGAACACCGCCTTGTATTGAGCCCCCAACTGCAGACTCAGATCATCCGTATGGCCATAGGCATCAAGCTGCTTCTCCGCGCCGTAGTAGGCATCACGGTCGATATGCTGTGTGGCGATATAAAGAGAAAGCTTATCATAATCCCTTAAATACTGAGAATAGGTAAGCGCCCCGTTGATGAACCTCTGCTGGATGGATTCCGCGATATCCGCCTCATGCTCGACCGCATCGAATTCATTACCACCACGACGGTCCTCATCGATCGTAAAGAAGTCGGCTGTCAGCTTGCCACGGTCTCCAATCTTTCTGAACGCACGAAGACCGAGCGTTGTATTGGTGATTTCCGGAAGTTCGGAGAAGCCATCGCTATTGGCGTCGAAAGGATCACGGTCCCGGTAAAAACCGAACACGGTCATCCCCATCTTGTTATCCGATGACACCACGGAAGCATTGAGAGTGGCCGTATAATCATTGGCCGCGTCATCGAAGTCATCACCGCCTACACCGACCCAACCAGAAGTTCCTGAAAACTCATAGGAATTGACAACAGGATCCCTCAAAATCAGGTTAACGGTTCCCCCGATAGCATTGCTGCCATAAAGAGCCGAGCCGCCCCCTCGAACAACTTCGATTCGTTCGATCATATTGGTCGGAATCAATTCGAGACCATACACTCCTGCGACCGCGCTGAACACCGCCCTGCCATCGATAAGAATCTGCGAATAAGGCCCTTCCAGACCATTCATACGAAGCTGGTTGAAACCGCAATTCTGACAGTCGTTTTCCACACGCAGACCTGTGGCGAAATTCAGGCCTTCACTAACCGTCGTAGCCTGCACCACCTCGGTCAGCTCTTCGCCGCTCACTGTTGAAACAATTACCGGCGATTCTTTCCGCGGCACTTCGTCTCGGGATCCGGTAACAACAATTTCACTTCCTCTGAGAGCGGAAGTCGAAAGACTGAAGTTGAGTTCCACCTCCTGACCGTCAATCACACTCACCGTCTTCTGTGTCGAACCGTATCCCATTGC
CP110623.1_gap64	2366991	2367825	834	TCACCACTGGATTTTCCTCGAATCGATCGATCTGGTGAAAAACCTCAAGGAAGGTGGAACACTTTTGGTGAACTCCCATTATTCACCCGATCAGCTATGGGATCAGTTACCGAAGCTCGTGCAGGAACACCTGATCAGCAAAAAAGCAAAGCTTTACACTATCGATGCGTATAAGGTGGCCGAAGAAAGTCACATGGGCCAGCGTATCAACACGATCATGCAGGCCTGCTTCTTTGCCATCTCAGGCGTACTTCCCCGCGAAGAGGCCATTAAAAATATCAAGGAATCGATTCGCGAAACCTATGGAAAGAAAGGTGATGATATAGTCAACCAGAACATTCAGGCAGTTGAGAACTCTGTATCAAACCTCCACGAAGTACCCCTCGGATCGATTGCCGACAGCAAAAAAGTCATGCGGCCCCCGATTTCAGGTGAAGCTCCTGAGTTTGTCTGCAACACTCTGGCAAAAATCATTTCAGGTGAAGGAGATAATGTACCGGTAAGCCAGATGCCTCCAGACGGCACATTCCCGGTCGGCACATCAAAATTCGAAAAACGCAACCTTGCCGAAAAGGTTCCGGTCTGGGAAAAGGATATTTGTATCCAGTGCGGCAAATGCGCACTGATGTGTCCGCACGGCGTTATCCGCTCCAAGGCATACGACCCGAAATATCTCGAGAACGCCCCTAAGACGTTCAAGTACATCGATGCAAAAGGCAAGAACTGGAATGGTCTGAAGTATACCATCCAGGTAGCGGTGGAAGACTGTACCGGTTGTGAAATCTGTGCCCATATCTGCCCTGCAAAGGACAAGAAAGATTCTGAACGTCACGC
CP110623.1_gap65	2373630	2377061	3431	TCGAGCTGACAATCGATACCGATCTCCCTGAGATTTTGCTGAATGATGACACTTGCAAAATTCCTTCGTTCATTCCCGGCATTGGTAAAGAGAACAAAACTGAACTTCCTGCCGTTTTTCTCCCGGATACCGTCAGGCCCCGGCATCCATCCCTCTTTTTCCAAAAGCCTGATGGATTCAGCAGGATCATAGGAATAAGGAACAACCGTATCGTTGTAAGCCCATTTCAAAGAGGGAGATATATCGGTGCTTGCAACCTCCCCGTACTCCCCGAGATAACCGTCGAGAATGGACTGTCTATCGATCGCCAGAGTCAAAGCTCGCCGAACCGTTGCAGAGCCAAACAAAGGGTGCGGCTTTATGGTACCATCTTGATGATAAGCATTACGATCAATATTCGACCACCCGACATAGTCATAAACGCGAAGACCGACCGGCTTTATCTCCACAGCGGCTTTTGCGGCTTCGAGCCCTTCAAAATCTTCAGGCTTTATGTTTTCGACAACGTCTACCGCCCCGGTTTGCAACTGTGCAAGACGTACGGTATAATCAGGCACGATTCTGAACATGATACGCGGAATAGTACCGGGCTTGGGAAGATTGTTCATCGGATTTGAAGCCAGAACAATCTGCTGCTGCTTCTGCCAATCCTGAAGCACATAAGGTCCTGCACCAAGCGGTTTCTGGTTGAGTGGTGAATGCCTGAACTCCTGCGCCGGGACCTCTTTCCATACATGTTTTGGAAGCGGAGTCAGAGTAGTATGGAACAAGGCCAATTGCTCGGGAACCGGTTTGTAAAAGTTGAACACCAAAGTCGTGTCGTCAGGCGTTTCGATCGCTTTGTCGAAATCAATTTCTCCTTTTTCTGCACCGATAAGCTCGGCAAGATACTGCTGACGAGGACTTGCAATAACAGGGTTAGCATACAGTTCATACGTGAACTTGAAATCATGAGATGTAATAGGAGTACCGTCATTCCAACGTGCATCACTTCTCAGCATATACGTTATCGAACGATGGTCATCGCTCATATTCCAGGTTCTGGCAAGGGCTCCTGCCGCTTTCTTACCGGAACCAAGTTCAGCGCTTTCTCTCAGTTTTTTTTCGAGAGCCACAAAGTTCAAGAGACCGGATGTCGTATCGAACTCACTTTCCAGCAGACCCGGATAAAGAAGACTGTACACGTTGCGCGATGTCACCGAAGCCCCGATAACCGGATTGAGATAGTTGGCATCACCAAGCATCGCAATCACCAGCGTCGAATCACCAGCGGAGGCACCACTGATTCGCCCTTTTCCGGAACAGCCTGCAAACATCACAGCAAACAATACAGAAATGACGGCAACACCTCTCATGCTTATTTTTCTATTCATAGTCTTTTGCAAAGTAGTTACTGCCAAACCGGGTGCTCAGCATTGACTCCCCATCGATTGATCTTTTAATCCTGTCTTCAAGAGCTTCTGCCGCCACATACCCCGAATGTTGCTGCAGTAGATAGTTGAGAGCGACAACCTCGATGATCACGGTAATATTTTTACCCGGATTGATAGGTAATTGAACCAGCGGTACCTCGACACCAAGAATTCTCGTTGTTTTGGTATCGAGCCCCAAACGTTCATAGTCTATTCCTTCGTTCCATTCCAGCAATTCAACTACAACCTGCACAACCTTTTTTTCCCTGATCGCCCTTATACCAAAAGCAGCTCTTACGTCAACGACACCAAGACCACGAATTTCCATAAAATGGTCGATGATGTTATTTCTCGAAGCGATCAACACTTTCTCCCCTTTCCTGTTGATAACGACCGCGTCGTCAGCAACCAACCGATGCCCTCGTTCAACCAGGTCAAGGGCGACTTCCGACTTTCCAAGACCACTTTTTCCAACCAGGAAAACTCCAACCCCGTATACATCGACCATCGAACCATGATACTGCTGATAAACCGAAAATCGATCCACGAGAAAATCAGTAATCAGAAAAATGGTTTTTGTCGAAGCGTTCCGCGTAGCCAAAACTGCAATGCCGGCTTCGGTAGCCATATCAAGTAAAACCGGATCCAGCTTGTTGTTGCTTGTAAGAATGATGCATGGAACCTTATACTTGACGATATTTTCAAACGCTTTTATCCTCGTCTTGTCATCGAGTTGGTTGATAAATCTTGTCTCGGTATTACCGAGAATCTGAACCCTTTTGTAGGTAAAGAGATTGGTGAATCCTGCCAGCGCCAGACCTGGACGGTGAAGATCCCTATCGTAAATACGTCTTTTTTGCTCATCGACCTTGTTCAACCGACGAAGCTTTATATCGATGCTCTTGTTGATATTTTCAATAAAATACTCAACGGTCATCGACCGCCTTTTCAAGCCTTTTTGATCAAAGTTCATGGTAGTAAACAAGCTAAGAGGTGCATCAAAGAACAACAGGGCCGGATCTCCGGCCCTGTTGCTTGAAAATTACCTGTGATTCTGCAGCTTTTCCTTATGTTTCCTCAACTGTCTCCCCAGTGAATCCACACAACTGTCAATCGCCTGCTCATACTTTGCAGCCGCTTCCTTGGCAACAAGAACGTTCTGAGGAATATGGACCGTTATTTCCGCGAGCTTGTTTTTCTCAAAGTCGTTTTTCTGATGGTCGAGCACTACATGACAGTTGACAATACCCGAAAAGACCTTGTCCAACGCCTGAACGGCATCGCGCGCATATTGCTCTATTTCACGATGGTTATTTGTGTGTCGTAAAGTAACCTGTATGTTTACCGCTTCTTTTACTTCCGTCCTCGCCATAGACACCCTCCTTTTAAAAAATATGTATGAAAAACAGAAAAGAACATTCGGGAAAACCCAAGCACCTGGATGTTCATGCCCTTGGATGGGCTTTCTCATAGACTTCCCTCACCCTCCCAAAGGTTACATGCGTGTATATTTCCGTAGTGGTAAGATTGGTGTGACCCAGCATCTCGCTTACACTTTTCAGATCAGCCCCGTTGTTCAGCATGTGCGTTGCGAAACTATGGCGCAGAACATGCGGATTTTTATACTTGAGTTCCGTGACCGCTGATAAATATTTCCTTGTAACTCTCTGAACAAGAACAGGATAAATACCCGTACCTTTTTTTGTTACAAAAACATATGCGGTGTCGGGATTCCCCTTATTTTTTATTCTAAAGAAGTTTCGTCTGACTTCAAAATAATTTTTCAGTGCCTTTGCTGCATGGCTCCCCAGTGGCACTATACGTTGTTTATTTCCCTTACCTGTTATCCTCATGAAGCCCTGCTCGAGGTTGACATGTTCGTGCTCGAGACCGACAAGCTCCGATATACGCAGCCCACAACCATAGAGAATTTCAAGCATCGCCCTGTCTCGGCTCAAGGTAAACCGCTCTTCATGATCATCCTTTTTCCGAGAACCGGCATCAGGAGGAACAGATGAA
CP110623.1_gap66	2495485	2496709	1224	TGTAATCCACTGCATGTACTTAGAATGATTAAAGAAATATTCAAAATAAATATCATCAAAAAACTCTTTTGCAGAAAAATTTTTCCTAAATTTTTCATTATAAACATTCAGAAACGCCCGCCCGATTGTTGTTGCTATCATGATTTTTTATAAAAAAGAATATTCAACATTATAATTTTCTGGCATAACCAAATCTTCAATAAGACCTAAACTATTATTATATGCTTTATCCGGAATAATAAAAGGAGACGGTCCGTATTCATCCTTTAATTGTTGAAGATCTTTAACGACATAATATCTTGTATGAATCTCCATTTTATAACGATCTTCATAATTTGCCTGCACATAAGCCTCTCTATCGGCCTCAAGAATACAGCTCACACTATCAATATCTAATAATTCAAGAAGAATTGCTTTACTATTATGCGTGAGCTTATCAATGCTCCATTTGCCCGTCTCTTTAAACACGGAATGTTCTTCGATTGTTAAAAAATCGATCTCGGTGAAAACGTCATTTATTTTACCTTGCAATGATTTTTCTTCCAACACCTCACCGTTTGGCAAAACATCATAACTGCGATTTATGAGTTCAATGTCGTAAGGTTTCGCCTCTTTATCGTTTTTGGGCGGCGGCAAAACATAAACGGGTTTATATGTTCCAATAGTCTCTTTAGTTCGCTTTCGATGTACCCGACCAAACCGCTGAATAAGAGAATCAAGCGGTGCTGCATCCGTTACCATCACATCAAAGTTGATATCCAGACTAACCTCGACGACTTGTGTTGCAACCACAATGCACGCCTCAGTAGAAGTATTAAAATGGCCGTTCGGCCTGCCGTCTTCGTCAAGCCCAAGCAGTAGGCGTTCCTTTGCATCTCTGTCTCCTTTGGTAAATCGGCTGTGAATCAGGAGAATCGGTGTTTCGGGAAATAATCTCTTAAGCCTGGTATACTTTTCTTGCGCAGCTTTGACCCGATTACAAACAACCAAAACTTTTTTCTGCTCATTTACCGATCGTGCTATGACCTCAGCAGCGATATCCCAACTGTCGATTTTATGAATAATATGCCGATTGAATTGTTCCTGCTCATTCTCCTCCAACTGCACTTCCAGTACATTTTCTTTTCCGAGCAAATCAATAATGCGATTGTAAAGCAGCTTCGGCATGGTCGCCGTCCCAATATGAATATTGCACCCGAGATGTTTAAGCACCTGAACGATCTT
CP110623.1_gap67	2506253	2508497	2244	ATGGATCATTTTAGCGTTCTGCTTTCGCCATATAATCGCCATGTCGCAAGGGTTGTCAAGATAAATCTTCTTTTTGTCGAACTCACCGCGGGTAAGTCTGACACATTTTCCTTCCTTTATATCTATAGCCGGAATAATCAACATATTACTTCTCTCTGAATATTAACCAAATCATACCATCTAAACCGAGCGCATCTACGCCCCTTTTAGTCTTTATCATCGACGCTTGACAATCCGCTCAATTTAGCATTTCGCAAAGTTTTCAAGCACTTTCAACCCTACATCTGAACTTTTTTCAGGATGAAACTGTAGAGCGAAAATACCATTTTTTTCTATGGCTGAACAAAAATTCTTTCCAGCGAACAAGGTCGTTGCCGCTATGTCTTCTTCACGCTCGGGTTCACAGTAATAGGAGTGCACAAAATAGAAAAAAGAGTTGTCCGGTATACCTTTGAACAAAACACTTTCTTTGCTGTAAGCCACCGAATTCCATCCAATTTGCGGAACCTTTTCGGTATCACTGTTGAAACGAACAACTTTTCCCGGAACAAAATCGAGACCCTTGTGTGCTCCTCTCTCTTCGCTCTGTGTCAGAAACAACTGCATACCGAGACAAATACCGAGCACCTTGCGACCTTTATCGATATGCTCGAAAAGAGCCTCGCTGAAACCTGAAGAGTTGAATGAACGCATAGCATGACCAAATGCTCCAACTCCGGGAACAAGCACTTTCTCAAAGTTCACCAACAGTGATGCATCACTGCTCACTACTGTTTTCACCCCAAGATACTCGAATGCTTTTTGTACCGAGTGCAGGTTCCCGGCGCCGTAGTCAGCAATAAAAATCATAAAATCTCATATAACGTTACAACTGGACTGTAAAAAATCTTTCACATCTATCCAACAAGAAAAATATGCGCTCGCACAATTGCTCAACTGCAACTGCACTGACATTTGTGTTCATACATCCCGATAGCCTTCAAATGTTCGGCAAAAGCCCCTTCCCTGCTATCCGGCATCACGCTTTTCAGTACAGGCTCCAAGCCCGACTTGCATAATCGCTCTCCTTTTCCATGGGCTCTGATCATTGATAACTCTTCGATCTCATCAGCCAGCTGATTGCGCAAGGCATCGAGTCCGGCTAACGATTCCTCTCCCGCGAGCTCAACGAGCAACATGTGACAATCAAGCTCGTGATCGGATTTGGGGAGAACTGCTCGAACTATACCAAGATCACCGTCCCGATTGATGATCATGCCCTCTGTCCGTAAAGGATGAGAAAGCGCAAAATACGCATCGGCATTTCCTCTTGAAGGGTTGATCTCGATCACTTTCTGGTCCTCTGTTGTTTCAATCTCCGTCCCGACAAGAAGCACAGTATCCGCACCCAGTGCTTCTCCTTTTTTCAAGCCCGTTGCCTGCAGGCGCTCCAGAAGCGCGACATTGGCCTCCCCTGCTTTTTTTCCGTATTCTCCTCGTTCCTGTGTTTCGAACGCTGTATCCTCACCGAGAAGATAGAAAAGTTTTCCGCCGAAACTTCTTGCAAGACGTGCTGCTGCATAGGTTTGCTCTATGGTAAGCCTCGGTGATATCACAACAGCGAGCCCTTCGGCTGCTGCAAGAATTTCCCTTGCTTCCTCTACCGACGACTGATCAACCTGACTCGCCTTTCCACCGAGAAGTTGATAGCCGAATCGTCCTTCTGCACAGATAACCGCATTGTTGACCGGATCTCCATCAACACTTGTCACCCTGACTACCCGCTCTTCAGCTGCACCCACGTTCAGGCCACACCCTCTGCTGCAAGAGGTACAGGTGGTTATGGTCTCCATTGCCACCCACGGCCCCGCTTCCTTACCTGTGTTCGGTGAAAGCGCTCCCGTTGGACAGACATCGATGCACATACCGCATGCATCGCAGCCGGTCAACTGCAGAGGATCATCGAAATTGGGACCAACCCTCGTTCCAAAGCCCCGGTCGATAAAACTCAATGCACCTATACCCCTGACTTCGAGGCAGACTCTCACACAGCTTCCACAGGTAATGCATTTATCACCCTCGATTTTTATGAGCGGGTGGCGGGTATCGTCGTTGTATTTTCTTTTTTCACCTGTAAAACGTTTCTCATCGGCGCCATATTCGGTCGCATACTTTCTCAGATCACAATCAAAACGGGCATTACAACCACACTCTATACAGCGTGACGCCTCGGCCATTGCCTGTATCTCATCCAGCCCTTTGTTG
CP110623.1_gap68	2518599	2521638	3039	TTTTTCAAAATTGTCGCAAACATGACCACCTGCCGAGCGGTCGTGGTGTATTTTCCTGATAAGCGCAATGATTTTTTCGACTTCGTTGATATAAAAAATCATTCTCATGTCACTTTCGTTGATCATTTTCCTGGAAAGCACTTCCGTTCTGAGCCATTCAAGCAGAGGCCCCCACATGGGCCCGAACAAAATAATCGGAGTTTCACAAATATGCTCTACCTGGACCAGTTGCCATGCATAAAACAGTTCAAGCAGTGTTCCGATTCCACCGGGAGCGACAATAACCGCATCCGACAACGACATGAATGTATCGAGCCGATTACTGAAACGATCGAATTCATGCTTGATATCGAGATACTGATTAGCGACCTGCTCATGCGGTAGCTTGATATTCAAGCCGATGGAATGAGTAGCTGAATTGGCACTTTTATGACCTGAATTGGCTGCATTCATCAGTCCCGGCCCACCACCGGTAACAACATCGAAACCCGATTCAGCAAGGGCTTTTGCGATGGCGAAGACATCTTTGTATTCCTGATCGCCTTTTTTGATGCGGGCAGAACCGAAAATCGCGACACGATAATGTGGATCGACGGTTTTCCCCTTTCTGTCGTTATGCCGAATTCGACGCTGCATCAACACGGCCCTCCCGGATTTCATATTCATTCTGTTCCAGCATTTCTTCGAACTCCTGCTCGGAGACCACGTTCACTCCAAGTTTTCGGGCCTTTTCCAGTTTACTGCCGGGCTCTTTTCCCGCAACAACCAGATCGGTGTTTTTGCTGACCGACGAAACTATCTTCCCTCCCCGCTCCAGTACCAGCTCCGAAGCCTCGTTTCGGGTATAGCGTTCCAACCCGCCGGTAAAAATCACCTTCATGCCATCAAAACTCCGGCTTACCAACGTCGTTGAAGCATCTGCCGTCAATTTCACATCCGCAGCTCTGAACTTTTCGATCATAGCCTGTGCATAAGGCTTTTTGAAAAATGCGAGGACACTTTCGGCAATCACCGGCCCGATATCGGGAACACTCGCCAACTCTTCGACCGTAGTGGCCTGCAGTTTTTCCAGAGAAGGATATGATGCCGAAAGTTCACGAGCTGTCGCAAGGCCAACGTGACGGATTCCCAACGCAAACAATAGGCGGTCGTATCCCTGCTTTTTGCTTTTTTCAATTGCATTCAAGAGTTTTGCCGCTGATTTTTCACCCTGACGCTCGAGTTTCAGCACATTTTCAAGTGTCAGACTGTAAAGATCCCCTGGATCATAGACCAGTTTGCTGTCGACAAGCTGCTCTACGATCGCCTTACCCAGACCATTGATATCCATTGCGTTGCGCGAAGCAAAATGCTCCAGACGTGCTTTAACCTGTGCCGGACATGTTACCTCGTTCGGGCAGTAGAAGTTCACTTCGTCAGCCGGTCTTTCAAGGACCGCACCACAGGAAGGACAAACCTCCGGAACAGCTATAATCCTGGCGTTTTCCGGGCGCTCTTCCTTGACGACGCTGATCACCTTAGGTATTATTTCACCAGCCTTTTCAATCTCCACCGTGTCGTTCAGCCGCACATCAAGACGCTCTATTTCATCGAGGTTGTGCAACGTCGAACGGGAAACGGTTGTTCCAGCAAGCCTCACCGGCTCAAGGTGGGCTACCGGAGTGACGGTCCCAAGCCTGCCGACCTGGAACACAACATCTTTAAGAACGGTTCTGGCTCTCTGAGCAGGATATTTATAGGCTATAGCCCATCTCGGGCTCTTCGATGTCGCCCCCAGTTCTTCCCAGAGAAAAACTTCGTTGAGTTTGAGCACGACACCGTCTATCTCGTAAGGAAGACCCCAGCGTTGGTCATACCAACCGTCAATGAACTTGTGGATATCTTCGAGATTGTAGCATAACCGATAGTGCTTACCGGTATAAAAACCCAGCTTCTCCAGCTTTTTCAGCCGTTCATGATGCGTCAGATCGTCAAAAGGAACCCCTTGCAGATAATAGCCTACAAAAAACAGCTTTCTACGAGAAACTTCAGCCGAATCCTGTAGCTTGAGTGTTCCGGCTGTGGCATTTCTTGGATTGGCAAACTGCTCGTCCTCCTGTCGAGTTTCGTTGAGAGCCTTAAAATCTTCCTTGCGCATAAACACTTCCCCTCGAACCTCTATCTCTGCATCGCTTTCGGCGGAAGTCAGCGCTCCTCCGGTAAACGAACCGAGGTGGAGAGGCACCGAGCGAAGCGTCCTGATGTTCGGTGTGATATCATCACCTTGAACCCCATCACCCCTCGTTGCGGCCTGCATCAGTTTGCCATCACGATATATCAGACTGACCGCAACACCATCGAACTTCAGTTCAGCGACAAATGCAGGTCCATTTCGATGCGCTGAACTGTCGGGCAAAAGCCTGAGTACTCTTTTGTAAAAATCACCAACTTCCTCTACCGAATAGGTATTGGAAAGACTGAGCATACGCTCACGGTGCCTGACAGTGGGAAATTCTTTGGTAATCCACCCTCCTACCCTCAGGGTGGGGCTATCGGAAGTTTTCAGATCCGGAAACTCTTTTTCAAGCGCAATAAGCTTCTCAAGCATCTTGTCGAATTCATAATCCGAAATCTCCGGTTTGGCAAGTACATAGTAGAGATAGTTATGACGGTCGAGCTCTTTACGCAAACGTTCCGCTTCTGCAACCGCGCTTTCCTTGTGCATATATTTCCCCCCTATATCCTGCTCTTGGTTGCAGACAAAGCCCAACCTGCAAGATTGCTGATAAAAGAAACCGAACCGCCAACTCCCAGTTTATCGTAGGTCGCTTTCAATACTTTCGGGTAACGCCAGGCAACTTTGAGGAGAACGGTCACAAAATCATCCAGGCGCATCTCGTCGCGAAACATGGTCTGTCTATAACGCTGCGGTAAACCGTCAAGCACGATCATCACCTCGTTCATCAACTCATTGACGAAATCGGGTGCATCGGTTCTCGCATCGTAACACATATACTTCATGAGGTTTGCCATCGATGCCACATTGGGCTCGTAAGCGCT
CP110623.1_gap69	2526898	2531860	4962	GAGCGACGTCAACACCGATGTGGCTTCTGGAAAAAGTTGCACGGTTCATTGAAAAAAACTACGCTTCCTGAATGCCTCACGATATTTGTTTATCATCATGAATACTGTCACTTTCACTCTGAACGGCAAAGAAGTTTCCGCAAAAGCCGGGGTTTCCATTCTTGAAGCAGCAAGGCAAAACGGCACCTCCATTCCCACCTTATGCCATCACGAGTCACTCCATGCTCTCGGTTCATGCTGGATGTGCATCGTTGAAATAAAGGGAAAGCATCGTTTTGTCCCTGCATGCAGCACCGATATCACTCCGGGCATCGCTATCGAAACCGATACTCCTGAACTCTATGCGATCCGCAAGAAAAATCTCGAACGGCTTCTCGAGCACCACTGTGGCGACTGCAACGGTCCATGTGAGATCTCATGCCCGGCCGGCTGTGACATTCCGGCATTCGTATCGGCTATAGCAAAAGGCGACGACAGCGAAGCCATAGAAATCATCAAGAACGACATTCCTCTACCGGGCATCCTCGGCAGGGTATGCCACGCCCCCTGCGAGGATGAATGCAGACGTCACGGCGTCGACGAGCCCTTGTCCATATGTACCTTGAAGCGTTTTGCCGCCGACAAGGACATCGAATCCGGAGATAGCCACCTTCCTTTCTGCAAACTGAAAACCGGAAAGAAAGTCGCGATAATAGGGTCCGGACCGGCAGGGCTCACTGCGGCATACTATCTGCTGAAAGAAGGTCATGACGTAACAGTGTACGATTCTCACGAAGCCCCGGGTGGAATGATGCGTTATGGCATTCCCCCCTTCAGGTTACCTGTTGCAATCATCGAGGCGGATATCGAACCCATCCGATCCATGGGCGCTGATTTTATCTGCAATACTGTATTTGGGGAAGACATCACCCTCGATAGCCTGAAACAAGATGGGGTTGATGCACTGTTTCTTGCTTTTGGCGCACAGCACCCTGGCAGCCTTGGCATAGAGGGTGAAGAAACCGAAGGAGTATTGTCAGGCATTGATTTTCTCAACAACTTTGCTTCGGGCAGTACCGTCAATCCAGGCAACAGAGTGCTCGTGATAGGCGGCGGCAACACTGCCATAGATGCTGCAAGAACAGCACTCCGGTTAGGTGCAGGATCGGTGCGTATTCTTTATCGCAGAACCATGGAGGAAATGCCGGCAAATCGTACAGAAATTGAGGAAGCACTGCATGAAGGTATTTCGATCGACATCCTTACTGCACCGACATGTATAGAAAATGCAGAGAACAATCTTCTGGTCGGCACTGTAAAAATGACCCTGGGTGAACCCGATGAAAGCGGAAGGCGCCGCCCTGTTCCACTTGAAAATTCGGAGAACTTCCTTTCTGCAGATATGGTCATTACCGCCATCGGGCAGAACGTTGACAAGTCCGTTCATGAAAGGCAGGGAATAACCTCGACAAAAAATGGAACGGTACTTGTTGATCCGGCAACGTTACGAACATCGATACCGTGGGTCTTTGCCGGTGGGGACTGCGTAACCGGTGCCGATACAGCCGTCAACGCCGTCAGGCAAGGGAAACTGGCAGCAAAGACGATCGGCGGGTTTCTCAGCAAAATGCCGCAGGAAGCACCAGCCACGTCTTTTCACTCAAGTTACGGCCTCAGAGACCATGCGCCAGAAGGATTTTACCGGCGGGCAACCCCTTCATCGAGAGCAAAGGCTGTCGAGCTTCCCATGCATCTCAGAGTCAACGGATTCGACGAAGTTTCTGCCGGTTTTTCAGAAGAACAGGCAAGAGAAGAGGCTCAACGATGCTTGCGTTGCAGTTGCGTTAGCAAAAACGATTGCCGTTTGCGTGAACTTGCCTCGACCTATGACATTTCGAAGGAATGCGGAAAAGAAGAATATGAGGACTTCTCGGTCAACCGAGGGGCTGGAGTAAGGTTTGAAAGGGAAAAATGCGTCGATTGCGGTATCTGTGTGCGAACACTTGAAGAAATCGGCCAGAAGGAAACGACCACCATGAAGCTCCTTGTGGAGCGTTGTCCGACCGGAGCGTTGAGCTGATCGATAATCTTCTGCAGCACTCTTTGATAATACTTTTTTTTTATTATAATGCTGTGGGGTGTGTAACTCATATCCTTTGTTCCTTATGGATTCCCCCATTAATCCCCAAGAACAATAAATCATAAGGAGACACTACGATGAAAGCAGCATTTGCAACTCTTGCGGCCTTTATTGTCAGCAATCTTTCAGCTTCTACATCTTTTGCCATGAATCCATCAGCCAATGGCTATGGTTTGTTTTACTATATCATTGAATACGTTAAATATCTGATATACTTGATATGGGGCTGAAAAGGTTTCGTTTAGCGCGATAACAAAGAGGACGTTTCATATGTAGCTGTTGAGACGTCCTCTTTATTTTTCACCTCAAAGCCTCGAAATGTCAAAATCCTTTGGGGCAAACTTTCTCACAGTTGGATTGAACGCTTTCGTACCGACAATAACACTGTCTCCTGACTGAAGCCCCTCTTTTTCATCCGAGTCGATCACGACCTCGACGAGGTTGTTACCGATTGCGACAACAGCGATATACACGGCGTCGACCGCTCTTATTTCGAGAATCTCTCCCTTGAATGCGAATTTCTGGGTTGTCTGTCTTTCAACAAAGAGCTTTCGGGGGGAAGTATCGGCAGCAATGCGCCCCAGTTCAAACAGAAGAACACGGTCACAAAGCTTGTACATTTCGCTTGAATCGTGCGTGACGATAAGTATCGTCACTCCAAGCTCCTTGTTAACCTTCAGCAGTTCATCCTGCAAAAGTGTTTTCATGGACTCATCGAGCGCGGACAACGGTTCGTCAAGCAGAAGAATGCGAGGCCGCTGCATTAGCGCACGGGCAAGGGCCACCCGTTGTTTCTGTCCACCCGACAGGTTGGACGGCCTTGCATGTTTTAGCTGTAATAAGCCGACCATGCTCAGAAGCTTTTCAGCCATTTCCCTGTCCCTGTATGCATAGAGCAGATTTCCAAGAACAGTCATGTGCGGAAAAAGAGCATACCCTTGAAAAACAACTCCTACCCTTCGCTGTTGCGGTTTCAGGTTCACCTGCGTTTTTTTCCCGGTATCCTTTCGAAACCAAACCTCATCATCCACTTCCAAAAGCCCCTCATCTGGAGAAGTAAGCCCCGCAAGCATTCTTAAAAATGTGGTTTTTCCACTCCCGGAAGGACCCGCAATGGCGGTTATTCCCCCACGCTCGATGGTAACATCGGTTTCCAGCATGAACGTCCCGCCAGCACCTTCGAGTTGTTTTTTCAATGAAGCGACGATCATGCACGTCAACCAGAGGCTCTTTTTCGGTGATTGAGAATATAGACGCTCATCAGTACAATGAAACTGAACGCGATCAGAATAAGAGAATAGATATGCGCCGTTCGGTAATCCAACAGTTCCACGAGCTCATAGATCGCTATCGAGGCAACCCTTGTCTCCCCCTGTATACTGCCGCCAACCATAAGTACTACCCCGAATTCCCCAACAGTATGAGCAAACGTTATGATAAGTCCGGTCAACAGCGATGGTTTGATATTCGGTAATATCACATGAAATAACGTGTGAACTTCNGACTTTCCCAGGGTATATGATGCCTCCAGAAGTTTCACCGGCACCTGCTCCATTCCCGACTGGAGAGGCTGCAGCATAAACGGAAACGAGTAAATGCAGGAAGCGACAAGAACTCCTTCGAAAGTAAAAACAAGATCGAGCCCGAGCACCTCTTTGATGAATCCACCAAGAGGCGATCTATCTGACAGAAAAACAAGAAGATAAAAACCAAGTACAGTGGGAGGCAGCACAATAGGCATGCTGACAAGCGCTTCGACAAAAGGCTTTGACCTGGATCTGGTTTGAGAGAGTTTCCAGGCAAGTGGAACGCAAATGATAAACAACATCACCGTAGTTATGGCTGCCAACCTGAACGAAAGCAGAAAAGGTTGCACATCAAACCCGGAACTCATGCGTCCTCCACCTTTGAAAGATAAAGATCGCTTGCTTTCATGAGAGCGGTCACAACATCTCCAGGCGCAATACACATCCGCTCAACAGCTTCAGTTGTCGTTAGAGCATAAAAGTTTCCCGCGTCACTCTCGAGTTGCATGTCGACAAGTATCTTTCCTTTCTGCATATCCTGCACCGTTGCCTGCAGACGATTTGCAATGCTCACCTCACCGGTGATGTTTTTTGCGAGTGCAACATGTGCCGATTTGAAACGAATATCGACCATTGCACCGACCGTATAGTCATCTGCCAGCTCAAGGGTTATTACGGTAAAAAGCTGGTTTCCCGCCGACAGCATAACCCTGTGCAGATTTTCACTGGCCTCTATCCCGACCACTTTCGCCCGTATATTGTTCATTCGATCCGGTATCCGTTTTTTTTCAGTATCTCTTCCGCCTTCTCTCCTTGCATAAATTTGAAAAAAGCAACTGCTGTTGCATTGGAGGAATCCAGAAGAACCATTGCCTGCTGCAATCCTTCCGGATCGTATGCATCCAGTGGAAATCCGATCCACTCCATACCGGCTTTTTTCAATTCCCTGCCACCTTCGCCATGCAGCAGGGAAGCGGCAATGAAGCCTGCATCGGCTGCTGTAATGACATGCTGAAAAGTCTGGGTTATCGATGTTCCGTATACAAGCTTGCCTTCCACCTGTTGCAAAACCCCGGAACCTGAAAGAATCTCGATTGCAGCTTTACCGTAAGGAGCGAGATCTGGCTGTGCAATTGCAACTTTTTCAACCGATGGTTCTGTCAGGCATGCGACACCGACATCACCCTCGACCTCCGGCCTATACACCATCACAGGAATCCCCGCTGCATAGACTACCGGCTCGCTAACCGTGAGTGAATCTCTGTAGAGTGCCCGAGGGTAACCGGTATCTGCCGCGAGAAACAGATCGAACGGTGC
CP110623.1_gap70	2712163	2713648	1485	TCAGCCTGCTCAAGCTGTTCGAGTGCCCGATCAAGAAGCAATGAAAGCCTCATGTCCTGCACCTGCTTATCGAGATTCTTTCTTTCCTCCAGAAGCTCCTGAACACGGCCCGCGACACTTTCATCCCCACCGGTTTTAAGCAGCAGACGAACCTGTTGCAACTCCTGATACTCACCCCAGAGCAGTTCCTCGGCTGCTTTGCCGCTAATCGCCTCGATACGGCGGATACCGGATGCAATCGAGGATTCATTGATAATCTTGAACAGGCCGATCTTGCCGACATTGCTTACATGGGTACCACCGCACAATTCCATAGACACACCAGGAACTTCCACAACCCGAACACGATCGGCATACTTGTCACCGAAAAACGCAAGAGCTCCTTTTTCAAGGGCCTCTTCATAGGGGACATCCTCATGTTTGACAAGCTCCCCTGCCTCTCGAATACGCTCGTTGACTTCAGCTTCGACCGCCTCGAGCTCATGTTGAGAAACTTTTTCGAAATGGCTGAAATCAAAACGCAAGCGATCCGGCCCAACCATCGACCCCTTCTGTTGTACATGTTCACCAAGAACTTTTCTCAGCGCTGCATGCAGAAGATGAGTTGCTGTATGATTACGCTCCGTGGCCTCTCTCGCCTCTTTGTCAACTCGCGCATATACAGGATCGGCACCATTGAATTCAATTTCTGCCGGATCGACCTCGAGCCCGGTGCCACTGTCATACACTTTACCCGCAACATGGACGATCACATCCCCGTCTTTCTGTGTATCGACAACGTCAACACTATACTGTTGCCCTTCGATACGACCCTTGTCACCTGTTTGTCCGCCGCTTTCGGCATAGAAAGGAGTACGATCGAGAACAAGCTGCAACTGACCACCGGTAATTTTCACCCCGGCAACTTTCACCTCGGTACCGAGTGTTTCATAGCCGAGAAAAATCGTACGCTCTCTCTTGCCGAACCAGCTCCATTCACCCTGTTCGTCGGCAATCTGCTGCTTCTGTTTACGGTCCTTGCGAGCCCTTTCCTTCTGTTCCTGCATGCATGTGTCAAAACCCTCTTCATCGATCGTCAGCCCCTCCTCCAGAGCCATCAGTCTGGTCAGATCAAGCGGAAACCCATAGGTATCGTAGAGCCGAAACGCGTTTTCACCGCTGATTCTTGTTTGTTTCGAACCCCTGAGTGCAGCGATTATTTCTCCAAAAATCTCAATTCCCCGGTCGAGAGTCACCAAAAAACTCTCTTCCTCGGACCTGACAATTTTTTCAACAGTTTTTTGTTGTTTTCTCAGTTCAGGAAAGACATCTCCCATGGTATCCGCGATAACACCGACCAGCCTGTAGAGTACCGGTTGATTGCAGTCGAGCTTTTTTGCATAACGCACCGCTCGACGCAGGATTCTGCGCAGCACGTAACCACGCCCTTCATTGCTCGGAACAGCCCCATCCGTGATGGCAAAGGTCAACGTTCTTGCATGATCG
CP110623.1_gap71	2726072	2728673	2601	ATCTCACGATCAAACCTCCCTGGCCTTCTCAACGCAGGGTCAAGCGTATTTGGCAGATTCGTTGCACCGATGACAATGACCTGACCTCTTGATTTCAACCCGTCCAACAATGCAAGCAACTGAGCTACCACCCGGCGCTCCACCTGTTTTTCTCCGCCCATATCTTCCCTTTTGGGGGCGATGGCATCGATCTCGTCAATAAAGATGATAGCAGGGGCATTGGCCTCAGCTTCTTCAAACACCCTTCTTAACCTCCCCTCACTTTCCCCATAAAATTTCCCGATGACCTCAGGCCCGGAAATGTGGGTGAAAAACACATCGGTTTCATTGGCGACAGCACGTGCAGTTAGAGTCTTTCCGGTACCGGGAGGACCATGCAGAAGTACACCTTTCGGGGCATCTATCCCCAAGCGCTCGAAAATCTGGGGAAACCGTAGAGGCAACTCTATCATTTCACGAATTCGTTCCACCTGTACACCTAAACCACCTATATCCTCATAAGCTATTCGCGCAGCTTTTTTTCCTCCCTGCTCATTTGTCTCGACCCGTATCGTCGTACCGGTATTGATGAGCACAACTCCACGAGGCATGGTCTCGACCACCTTGAATTCGGCTGTTCCGGTGCCGAAAAGATTAGCTCTGACCCTATCCCCTGCCGTCACGGGCAAACCATCGATCAGGGATCCCAGGTAACGACTATCCTCCTTCTCCGAAAGACCTGTACCGGTTAACGGCAAAAGCACAATTTTGCTTGCCTGACCGGCCTGAGCGCTTTCAATCCGAACTTTATCATCGAGCCCTACTTCTGCGTTCTCTCGTGTTATACCATCGATTTGGACAATCTTTTTACCGCGATCCTCCGGATACGAGGGCATGATCCTTACCGGTGTTTTTCTCTGCCCGTGAATGAGAACAATTTGCCCAGGGGCAAAACCAAGGCTTTGCATTTCTCCCGGATCGAGTCGGCACACTGCCCGCCCGACATCTTTCGCAAGAGCTTCCTTGACTTGAAAAGTCGCCTCTACTACGTTTTTCATGAACTAAAAAAGATGATGCATGATAACCTCGAGCCCCGAAACACCCCTGACTTCCGTAGGGTGCTGCGGCACCATGGTTATTTCGAGTTTGCCGAACATGCTATGTAACGCTTCAAGGTAACGGCTCTGGCCCTGTTTTCTCCGACGGCAAAAATCGCACCCTTCCGATACCATAACGTTGTTGATTATCATTTGCTTTACGAGAACACCGAGTTTTTGCAGCTGAAGCAAAAACCGCTTCGTTTCTTCGAGAGCCATAGCTTCGGGAATCGTTACAACAATGAACTCGGATTGCGATGCATCCTGTAAAAGCTTTTGGACTTTCCTGACGGTTTTCTTCATCGAAAACAGAAAGTCATCCCCTTCGTCCGGCTTGTAATCCCCTGCGAACCGGGCCACCATGTAACGGTACTTCCACCGCATCTGAGCCATAACCTTTATCCAGTCGTCGAAAAGCTCGGGAGAGGTCATCAGGCGCAAAGCATGACCTGTCGGCGCTGTGTCGACAACATACTTTTCGAAATTCGCTTCATCGATGATGTCGACAATAGTCTTGAAACCCATGACCTCATCTACACCTGGAATCGGCATACTCATAAACGATTTGATATCCTCTTCATCGAGGTTGGTAGAGGTATCGATCAATTTCCTGAGTTCCGGCTCATGCTCAAGTTGAAATTTGGCATATGCCTCTTCAGCATCGATCTCGAGAGCATAAAGCTTTTCTTCGCCCTCAATCTGTGTAATGCTGTTGCCGATTGACTGCTCAAAGCTGTCTGAAAGGGAATGGGCAGGATCTGTTGAAATCAAAAGCGTTTTATAGCTTCGGGCGAGGTAAAGAGCTGTAGCCGATGCAGATGTTGTTTTACCAACTCCACCCTTACCACCAAAAAGAATTATTTTTAACGCTGGATCGAGAATATTTCTCAACGGCATATCAGCCTTTCTTCACAGTTACTTCCAAAACACCATTCTGATATGTCCAGGTTACCGTTTCAACCTTTACTGCAGAAGGCAACAAAAGCTCTTTTCGATACTTCCTGGACTGGCTTTGAGCGATAACCTCGAGAATATCTCCTTCAAGAGTAACGGTAATGTCTTCTTTTGCGACTCCAGGCATTTCAAGCATGACGATGACGCCGTCATCCTCATCGAAAATATCCGATAACGGCTCTCTCTCTTCCTCGACCTTCGGTCCCTCCTTCGTCTTCCTGATGTTGCCAAAAGACTCGACTACAGGCCCCTGGCCGCCGATTCCTGTTTTGACCGTCACTCCGAACACCCCTTTCATCCCTTTTTTCAAGTGACTTAAATCAATTTCACCCTCCTTCGAATACTCTCCACCCATCTCTTTCAGTTTGGCTGCAGCATCGACCAGTTTATCAAGCCCATCGAACAAACCGCCAAGTTTGAGACTGCCAAACCCGAAATCAACGTCAAAGTCTTCTTTCTTCTTCTTTTGACTCATGGCCTGATCCCCCTCCGCTTTAAGATTATCGTAAAGAATCAATTTCCATCACACCGAATCCCGTGCACTTTCCAGCTTGACAAGCCTTTCTTTCAA
CP110623.1_gap72	2730677	2732421	1744	AACTTCACCCTGCATTTTCTTCATGCTTTGATGATCCGCCTCAAAAGTATTCAGCATTTCCTTCACCGAACCACTCAGCGCACCGTGAAAATCCTGAAGCATTTTTGCCTGTTCGGCACTTTTTTCACCGCGCTCCGACTCAAAATCGTTCATCAGCTTTCCAACCGAGTCCCCCAACGCACTGCGAAAATCCTGAAGCATTTTCGCTTGCTCGGCACTTTTTTCACCGCGTTGCGTCCCAAAAGTATCCATGAGCTCTCTAACCGAACTTTTCAGGTCCCTGTCAGCCGTATGGAGCTTATCGATTAGATCCTTGCAACTTTGTTGTAACTCCTCACTCATTTTTTCTTTCTGCTTTTGAAATGAATCAAGGTTATCACTTACTTCCCTTCTAAGATCTTCAAGTTCCTGAAGACGGCATTCTGCATCTTTTTTGCGTTCTTCGTAACCCGCAGAGATGCTTTCTGCAAGCTTGACCATGTCTGAAGAAATTCCCATGATATCTTAAATTTTTAATATTAGTATGATACCGGATTGAAAATCGAAACTCTCATACTTAAGTCGCTATATCCTCTAAAAATCCAACTCCTTAACTCAGCTGATCGACGTTTTGCTCCCCTAAGCGTTCCGCCTTGAACCCTTTCAACATATCAGCAACCTGTTTTTCACGTTCGCCCTGCTCCTTCTTTCTTTTTATTCGGGAACTGTCAAACTCGGCAAGCAAATTTTTTAAATCACGAACTCTTATTTCTCGTCCTTTTTTCAACAGTTTTCTTAAAGCATCCGCTATATGCTGTTGTGACTCGTTGTATTCATTCAACTTTTCCTCAACATCTCTCTTTCGCTGTTCCCTTTCCTGAAACAACTCTTCGATAAAACGCCGAAATTGCCCGATAAGCTCATCGTTTTTCCCTCCAAGATTGTCACGGAACACCCGCAGCTCACCTCGTAAAGCCGAAGCAGTCTCCCTTTGCTCATCAAAATATGATCGCAACATACTCCGTACCTCGGCCTCTCTTTTTTCCTGGGCTTCGAGAATACGGCTCATCATATAATCAAAATCTTTTTTTCGGAGAGAGTCGTTGCTTGCTAACAAAGACTTTAACGTTATAACAATTTGCTCCCTCTCTTTTCGAGTTGTCGAGATTTCCTCTCCTAACTCGATAAACCGGCATGGTGCAGCAATAATCTGCTCAACAGTTCCAACACTTTCTTCATAGACGGACAAAACCTCATCAACAGCTCCTCCCACCTCTTTTTGAAAAACCTTGATATCCATCACAAATAATTATTATACAGCTTAGCTGTAATGACAACACCCTACTGAAAAAGCCAACAATCGAGATTTCACTGGAAACTTATACCGACCCTTTCAACCACAAGGATAAGTTTGCAACAAAATCTCAACCCGAACCCGGGTCCTTACAATGCATTAAGCAGCACGAGCTGTAAGCCCGATTGCTTCAGCATATTTCAGGTATGTTTCTACAGAAGCAACAACGACTCTTGCTTCAACTGCAAGCAACTCGATACCAACGAGTGATACCCTTGCCCATGCATCGATAACAATACCCTTGTCGAGGATACGGTCGACTACTTCAACGAGACTTGATGACCCCATGGTTTTTTCAACGGCCATAATTATATCTCCTTTTTAAGGTTATTATTGTTTTTTAAAAAAGCCCTCAGGCATACCGCCCAAGAGCACATTCATCCATCTAATTTCGCATTCACAATTGATAAC
CP110623.1_gap73	2733819	2734428	609	GATGAATTCACACGCTCATTTGAAAAGTTTCTTGGCTATAACAACAATGCCTTACAAGGAATATACTTTTTAGATTTAATTCACCCCAATGAAAGAGCATATGTACACAACTATGTTTTTATTGAAAAAGAAGAAAACTCAAAATGTGAACTATCGAGCAGATTCAAAAGTGCAAACAATCACTATATTGAAGTCGAATGGAGTGCTTATGGAAATAATATAACAAAAGATTGTAAAGAACATAGAGAATATGTTATTGTCGCAAGAAAATCACTCAACACAACAACAAATAAATAGCCAGAAAACCAACAAAAAAATATATAAAAAATCATTATGAACTTTTTTTATAACCTTAAATAAATAGCATCCTTCCTTTCTTATTCCCCCAGAGGCTGTGACAATCATGGCCTTGGAGCTATCTCCCGCCAAAGATTGATATTTTTCATCAAAGCAAGGCTCTACCGACAGGTATTTGAGCAATTGAACGTCACCACTGAAGCAGGAACATGTATGTTCTTTAATGAAAAGATGTATATTGATTCTTATCACAGGGTGAATGATTTTTTCAAATTCGTTCAATGCAAAGGGAGCACTGTTATGAGCTGGGGA
CP110623.1_gap74	2741511	2744246	2735	TAAGGACTCACTTCACGTCAGATATGCCGATGAAGCCGTTTGCATAGGCCCGCCTCTTGGAAAAGATAGTTATTTGAATATCTCCCGTATTTTAGCAGCAGCTGAAATCACCAATGCCGATGCGATACATCCGGGTTACGGTTTTTTGGCAGAAAATGCAGACTTTGCTGAAGTATGCAACTCCTCCGGCTTCAAATTCATCGGTCCGCATGCTGAAATGATCCGCAAAATGGGCGACAAGAATACGGCCAGAGAAACCGTTGTCGCTGCCGGTGTGCCTGTTGTTCCGGGCAGCGAAGGGCTGATATCCAACGTCAAGGAAGCAGTGGATATTGCAGAAAAAATAGGATATCCGGTTATCATCAAACCAACTGCCGGAGGTGGAGGGAAAGGCATGAGAGTCGTGAGTGAAACCTCGCAGCTTGAAAACGCACTTGCCACAGCCCAGAACGAAGCACAACAGGCTTTCGGAAACAGCGGGGTTTACATCGAAAAGTTCGTTGAAAATCCCCGCCACGTAGAGATACAGGTGCTTGCCGATCAGTATGGCAACACCATACACCTTGGTGAACGTGACTGTACCATACAACGTCGCCATCAGAAACTTATCGAGGAAACACCCTCACCGGTTGTCGATGACGAGCTTCGGACAAAAATGGGTAATGCCGCCGTTGCAGCTGCAGCTTCAATCAACTACGAGGGGGCCGGCACCATCGAGTTTCTCCTGGACAGTGACCGGAATTTCTACTTCATGGAAATGAATACCCGCATTCAGGTCGAGCATCCCGTCACTGAAGAGCGATACGATGTCGATCTGGTAAGGCAGCAGATTCTCATTGCTTCAGGTGAAAACATCGCAAACCGCTCGTACACCCCTAAAGGACATTCCATCGAATGCCGTATCAACGCCGAAGATCCCAAACACGGCTTTCGACCCTCCCCGGGAGAACTACAGGTATTCCATACCCCTGGCGGTCACGGCGTACGCGTCGATACTCATGGTTATGCAAGTTACAAAGTCCCACCGCACTATGACTCGCTGATCGCCAAGCTCGTAGTCCATGCAGACACAAGAGAAGAAGCCATTGAAAGAATGCAGCGTGCACTCGATGAATTTATCGTTACCGGCATCAAGACAACGATTCCATTTCACAAGCAACTCCTCATGACAAGCGCATTCAAGAGCGGCGAGTTCGATACCGGATTTCTCGACAACTCCGGGTTTACAGTTTCGTAAAACAACCCGCACTTTCCATGAAGTTGTAAAAAAACAGGTCTTATGGGTATAAGACCTGTAAGCTTGGCAATGGCTGGTCTTGAAACCTGCATGGAAGAAATCCAGTATCCAATACGCCCGAAGTCAAGCCCGTGGATGACTATTCCTGAACTGTTAACGATTGCCTGCTTAAAAAAAGAAAAGAGGCTGTCCCAAAAGGGCAGCCTCTTTTCTTTTACATTATTTAGCCGAATTTTCCGCTGTACCTATACTCTGGTGTGGTATCAGTTTACTCGGTAGCGTCTTCTTCAATAACCGATCCATCCAGATCGGCGTCTTCACTCTCAAAAGCAGCGGTGCTGCCTTCACCGTTTTCAGGAAACGCAAGGTTCAGCTTACGATACTTTTTCAATCCGGTACCGGCAGGAATGAGCTTACCGACGATGACGTTTTCTTTCAACCCGGCCAGATTGTCGATTTTACCGGCTACTGCAGCATCAGTAAGAACCTTTGTGGTTTCCTGGAAAGATGCAGCGGAAATAACGCTTTCAGTCTGCAGGGCAGCACTTGTAATACCAAGCAGAACCGGATGAGAAGTTGCTTGCAACGCGGGCTCGATAGCAATCAATTTTTTGCTGTTTCTGCGAAGCTCCCTGTTAAGTTTGGTTATATCCCGCATTTTGTACAGCTGACCTTCCTGAATTCTCGGCGGAGCATCCCCCCGTTCTGTCACCCGTACTTTTTCGGCGACATCCCTGTTGGCTTCGATGAACACGGTTCTATCGATAAGATCTCCCGACAGCAGTTCGGTATCTCCCGGTTCTTCAACCCTCACCTTCTGCAACATCTGGCGAACGATCACTTCAAGATGTTTGTCATTGATCTCAACACCGGCGTTGATCTGGTATACCTTCTGAATTTCATTCACCAAATACTGCTGTACAGCATTCGGACCCTGAATTCTCAGAATATCCTGCGGAGATACAGCACCGTCGGTAAGGGGTTCTCCTGCGTTGACTTCGTCACCTTCATTGGCAAGAACATGTTTACCAACCTGTACATAATAATTCTTTTCCTCTCCAAATTCGTTTTTAACCTTGATCTCCTTACTGCTCCTGCGTTGTGGGCCAAAACTGACGTAACCGTCAATCTCGGATACAATCGCCGGATCCGAAGGAATACGAGCCTCGAAAAGTTCGGTAACTTTCGGAAGACCTGCGGTAATATCACCGCCGACCCGGTCAAGGTTTCTCGGTACTTTGGCCATGACATCACCAACCTTAACCCTTCTGCCGTCCTCGACAAAGAGGTTCGACTTGATTGGAACAGGATAGGTTTTGAGGATCTCTCCTGCATCGCTTACAATCAAAATCCTTGGCTCCCTTGTTTCAGAAGCCCGTAACTTGGTACGCCAGTTGATAATCACATGCTGTACATAACCGGTCTGAGGATCAACCTCTTCCTTGTAGGTAACCCCTTTTTCAATATCGACGAACTTTACCTGCCCCTCGATTTCGGC
CP110623.1_gap75	2904040	2904849	809	GTGAAGTCATTACCCCTGGAGCCATTCAACTCAAACGTACCATGAATGTTTTCAAGGCGATCATGCTTGCGGGCGGAATCAGCAATCATGCCAATACCGAAAAAGTATTCATCATCAGACAGCAGAACATGAAAGGTGATGTCATAAAAGTGAACCTTAAAAACCTCCTGGAACATGGTGATTTCAGCCAGAACTTCGCCCTCAAGCCAAACGACATCGTCTTCGTCAGTCCCGACGGCATGACAAAATTCAATTATACGATCGAAAAACTGATACCGCCCCTGCGGGTCCTCAACCTCATAACCGACAATGCGGAAGCATTCGGCATCATGCAGGAAATACGCAGAGAATTGTGGGGACAGGAAGGATTTGTAAACACCAGTAGCGACTAATGCCAATACCATGGATCTGAATAGTTCCATACAGCAAAAAATGGCAGGCAACGCGCTATCGGGCATGATAGCAACTGGAATCTATCTTGTCAGCAGACTGATTCTGACCCCTTTTATTCTGAACTATCTCACCCTCGCTGAATTCGGTCTATGGTCGCTCTGCTTCATTATTCTCTCCTATGCCTCGATGGGAGGGTTCGGAATCAACAGCACGTATATCCGCTATACAGCCCGCTATCTCGCCGAAGGCCGTCAAAGCGAGATCGGCAGGCTCCTTTCAACCGGTATCGCCTGTATGCTTGTATTCAGCCTGCTTTTCATCGTACTGCTGTATCTGCTCATGCCGCTGATTCACGATATCTTTCAGATAGACAAGGCACAGCAATCGATAGCGACGTCCATCTTTCTCGGAACGGC
CP110623.1_gap76	2919007	2919594	587	AAGCCGTGTCGGTCACCGGCAACCAAAAGAATCTTTTTCACGAGATAAATCCTTTTTACATTGTTCAAACACGTCAACCAATCCATCCCTATAGGAAATGAAGGGAACCAAAACATTTGTGCTCGTCCTGCTCTGCCTGTCGTTGTTTCAGGCAAGCGACAGTATCCTGAAGCTGAATCATAATACTGCCCTTGCGGAAAAAAAGAAAATTATTTTACAACAGGCCGATAAACTGCAGGGGGGAAAGAAACGTTCTCCAACCGGCAGAATAGAAGAGGTACGCTCCGTTTCGGGCAATGTCGTCTTTGTTCAGGAAAACTTGTTGCTCACCTGTGACAAGGCCACCGAGTTTCTTGAAAGCGGCATCGTTCAGCTACGCGGCAATATTTTCATGACCGACCGTAAACTCGAAGTCTACTGCGACGATGCACTCTATTATCCCGATACCGGAATTGCAGAGCTTGAAAACAATGTAAAGGGGCGGCTTCTTCAAAACAACCTGATCACGAAATCCGAACGAGCACGTATTGACAACCCCGGCAACCAGATATCGATTCACAGGAACGCAATTGCATGGCAGGGGAAGC
CP110623.1_gap77	3024052	3024552	500	AGATCCCATATCGCTGCTGACACTAAGCGAATGGCGCCCTTTCGCTCTGCGTGAGGCTATGATCCTACGGCCGTTTTTTGTAGCCATGCGCTGGCGAAAACCATGCTTATTTCTTCTCTTTCTATTATGCGGCTGAAATGTTCTTTTCATAATAAAACGCTCCTCATTGTTCTCATAGATCGTTCAAAAAATACAGGGCATTGAATTTAGCATAATCATCTTTGAAATCCAACCAGGTAAAACCGCTTTTCAGATAAGTCACAAGAGCTGTCAACATCCCGCCGAAGGGGAGATACCCACAATGTTGATAACTTGTTGATAAAAAAACTTTACCCGACGAAAGGTGCAAAAAACCTACCCGCAAAAACAATCCACAGATGTTGACAACCAAACAACTGCATAAGTATAACATTAAACAAAAAAACAACTTAAACTGTTGACAACCTTTGTTAAAAACATAACACTGTGAACAAGAACTTTTCCTTTCACGAATTGTTTTT
