gap_id	start	end	length	sequence
CP114555.1_gap1	8799	10994	2195	GCCGCCTGCGCGAGATGATCAACATCATCAATCAGTATTGAATCAGGCAGTATTGAATCAGGCGCGACAAGCCATTCTTCTCAGGAGGAGTTTCAAATGAAATCGGTTCGCGTGTTCGCCCCCGCCTCCGTCGGAAATATCGGGCCGGGATTTGATGTTCTGGGAATGGCCCTCGCCGGAATGGGGGATACGGTGGCGGCGACCCGCCGGCCCGAGCCGGGCGTCTCCATCACCGAGATCACCGGAGATCGGGGCCGGTTGTCATACAAGGCCGAGGAAAACACCGCGGGGATCTCCGCCAAAGCGGTTTTGGATCATCTCGTCTGCCGGGAGGGGGTCAGTCTGACCCTCCATAAAGGGGTTCCCGGAACCGGCCTCGGAAGCAGCGCGGCCAGCGCCGTTGCGGCGGCCTATGCCGTCAATCTCCTCTTCGGAGAGAAATTATCGAAGGCGGAGCTGGTTCCCTTGGCTGCGGTGGCGGAATCTCACGTAAGCCGCGGTTTCTTCCTCGATAATATCGGTCCCTCGATGATGGGAGGGGTGACCTGGAATAACCCCTTCACGAAGGAGGTGGTTTCGTTGGGACGGATTGAAAAAGCGATCATCGTCGTCGCCATCCCCGATTTTCCGCTTCTGACGAAGGAATCCCGGCGCGTTCTTCCGGGAATGATTCCGATGGAGCACTTCATCTCGAACATGGCCTACGCCTCGATGATTGCATGGGCGGTCGCCAAGAAAGACGCCGCGCGTTTCGGCCGGTCGATTCAGGATCGCGTCGCCGAGGCGGCCCGGGCGCCCCTCATCAAAGGGTTCGAAGATGTGAAGAAGGGGGCCCTTTCGGCCGGAGCGCTCGGCTGCTCGATCTCCGGCGCCGGGGCCTCGATCTTTGCGGTCACCGATGATCCGAAGCGGGCCGAGAAGATCGGAAGGGCGATGGAAAAAGCGTTCCAGGGTCACCAGGTTGTTTCAGAAATTCGGATCACCCAGATGGACCGTCTGGGTGCACGGATGATCAAGTAAACTCTTTTACTACTCAGAATAGGAGCGCGCGATGGAGCTGGGGACCACCCTCACCCGATTTCTGATCGAACAGCAACGAAAACATTATCCGAAAGCGACGGGAGATTTTACCGGCCTTCTGGTGGAAATCGCCACCGCGGCCAAGATCATCTCGCGGGAGGTGAACCAGGCCGGACTGATCGACCTCCTCGGCTACAAGGGGAGAGAGAATGTTCACGGCGAGCGGGTCCAGAAGCTGGACGACTTCGCCAATGAAACCTTCATCAAGATGCTCTGCCACACCGGCCATCTCATCGGCATCGCTTCCGAAGAGCTGGATGGGATCTACCAGGTTCCGGACACCTATCCCAAGGGGAAATATGTTCTCCTGGTCGATCCGCTCGACGGCTCATCGAATATCGACGTCAACATCAGCATCGGCTCGATCTTCTCCATCCATCGGAGAAAAAGCACCGGCCCGGAAGCGACGATGGAAGACTTTCTCCAGCCGGGACGCGATCAGATCGGCGCGGGCTACATCATCTACGGCTCCTCGACGATGATGGTCTACAGCACCGGTTTCGGCGTTCACGGATTTACCCTCGATCCGAGCATCGGAGAGTTTCTTCTCTCCCATGAAAACCTCCGGATTCCGCCGAAAGGAAATATCTTCAGCATCAACGAGGGAAACGCCAACCTCTGGAGCGACGGGATCAAGCGGTACATCGAAGGGATGAAAAAATCGGGCGCGACCGCACGGTATGTCGGCTCCCTCGTGGCCGATTTTCACCGAAACCTTCTCAAGGGAGGAATTTTTCTCTATCCCGGAGACAGCAAAAACCCGCAAGGAAAACTTCGACTGCTCTACGAGGCGGCCCCGCTTGCCTTTATCATGGAACAGGCCCAAGGAAAAGCGACGACCGGGAGTCATCCGATCCTCGATATCAAACCTGAAAAGCTTCATCAAAAGGTCCCCTTGATCATCGGAAGCGCGGAAGATGTCAAACAGGCCGAAGCTTCCCTCCGAGGACAATAAGATCTTAAAACAGGGGCCGGTGTCGGGGGCCAGGGGTCGGATAAAAGAATCTGAATTCGTTTCGCCGGTCCCCGGCCCCAGGCCCCATGTCCTTTTCCCGATAATCCGGTTGACACCCTTCCAATCGCTGTGTTAAAGATAGCGTCTGCTGAATCATCAT
CP114555.1_gap2	119445	120557	1112	CAGCGGCCTTGCTGACAAAAAAACCTTCCTCAATGAGTTTCTTTACCTTCTTTAAGGTTTCGACATCCTCCTCTGTGTATCGATTAAATACTTTCGCACCATGCATCTGCTTCATCGGTTTGATGACGCCGATCATTCCCCAGTAACCGAGTTGGCGTTGTGAAATACCGACAGATTGACAAACCGCTTTTGGGCCATATGTTTTTTGCATTTTTTCTCTCCCTAATCATTCAAGTAGCCGTGGAGGAAATTCCCCTAATCACAGGAATTTGCAAGTGAAATGCCATCGTTGATCAATTGTGGTCGATGTAGACAAGATTGATTTTCGATGAGAATCCAAATGCTTAGGCTTGGAATGCCCCGTTAACCGGGGCGCGGGAGAGAAAGATCAAGTTGAAGGATGGTTTACCGGAAGTAGATTACTTAGTAAGAGGACATAATTTGTCACGGCTGAGTGACCGGACTTTATCCTGCTTTAATGACTTTTCCTGCCTTGATACAATTGGTGCAGGCCAGAATCCGCTTTACCGTTTTACCGATCAAGGCGCGAACAGTTTGAAGATTCGGCTTGAAGCTCCGTTTACTTTTGTTATTCGCATGGCTGACCAAATTACCGATCTGATGCCCTTTGCCGCAAACCTCACATACTCTTGCCATGATCCCGAAATCCTTTCCGTTAGTTGTATCTCGTTGATAAAAAAGCGACCCTATGCTATCATGAACACTTCGAATTGGCAAGAGAAAAAGCGCTCTGCTTCCTGAGAATCACCTCCTAAAACGCGATGACCGAACAGGCCAGACAGATCATTGACTCAAGCCCATTTCCATGGGATCAGCCGATTCAGTACCTGAAAGGAGTCGGCCCGAAGAGGGCCGTTCTTTTCGGCAAACTTGGAATTGAGACCCTGGAAGACCTTCTCCTCTTTTCCCCCTTCAGGTATGAAGATCGAACCGCTTTAAAAAAAATCGCTCACCTTCAACCTGGGGAAGAGCAGACGATCTTGGCCGAAATTAAAGCAGTCTCCCTGGTTCAGACACCCCGACGCAGAATGAAGATCGTCGACGCGGCCGTGATGGACGAAACCGGTCTTCTCCACGCAAAATGGTTCAAT
CP114555.1_gap3	152332	155194	2862	GTTCGAAGCGCCCTCATTTTAAAGCTCCTCTCCTTCTCACCCTCGAATGCCATTGTGGCGGCCCCGACAACGTCGCTCCCGGAGGCGATCGGATTCAACCGAAACTGGGACTATCGCTACTGCTGGCTGCGAGACGCCTCCTTCACGGCGCAGATCTTCTTCCGCCTCGGATTCCGGGAAGAAGCCGCCGGGTTTGTTCAGTGGCTCATGCATGCGACACGCCTGACGCAGCCCTCATTGAAGGTCGTGTATGACGTCTACGGCCGTCTTGGTAAACCTCAGCGGGAGGTCGAATATCTCGAAGGTTATCGCGGCTCGCGGCCGGTGCGGGTCGGCAACAACGCGGAGGCGCAATATCAGCTCGACGTCTACGGCGAAGTGATGGACGCTTTGTGGCTCTATACGCAGAACGGATGCCGTTTCGACAAGGACATGCAGCGGAGTTTCTGCCGGATGGCCGATTACGTCGCCGACCACTGGAGTTATCCCGACCACGGCATTTGGGAAATTCCCGGACCGCGCCGCCATTACGTCCATTCCAAAGTGCTCTGTTGGACGGCGCTCGATCGAGCCTTACATATTGCTCAAAGACTCGGCCTCTCATGCAATCAGAGGCAATGGGAACGGGTCGATCGGGAAATTCGGGAGATCATCCTGAAAGAAGGATTCTATCCGGGGCTCGGCAGCTTCACGCAAACGCTCGGAGGATCGGCGCTCGACGCAACCGCCTTTATCTTCCCGCTGGTCGGCTTTATCGAGCCGAAAGATCCGCGACTGACCTGGACGGTCGACGCGCTGGAGAAAGAGCTCGCCCTTGAAGATCTGGTCTACCGCTATCGGATCGACGACGGATTGGAGGGGAAAGAAGGAACCTTCCTCGCCTGCGCTTTCTGGCGGGTGGAGGCGCTCTGCATGCTCGATCGCCGCGCCGAAGCGGCCGCCCTCTTCGAGAAGCTCAACCGCCGGGCCAATGAAGTCGGTCTTTACTCGGAGGAAATTCGCGAAGACGGCCTCTTTCTCGGCAACTTCCCTCAGGCGCTCTCCCACCTTTCGCACATTGCGGCGGCGCTTCGACTGGCCGATCACAAGTTATAAAAGGACCCCAGGACCAAACCGAAGGCGAAATGAGCGATCATGGTGACGGTCGGCGTCTGATAACCATAATGCAGGGCGAGGAAACCGGGGGGCTCCAGAAGCCGGGTGGGGGTGGGTCCCCAGAATTCCGAAGCCATCCTCGGATGAACTCCCGGCAGAAGGGGAAGGACCACGATCAAAACGAACGCCCCGTGAGCGATCCCCATCAGCGCCCCCAGCCACCAGGAGACGAATCCGAACCCGCTGAAGAAGGCCGCATAAAGGAGGGAGAAAAGAAAGCCATTGAGGAAGTGAACGACCGATCCGATCACCTTGGCGAAATCGCGATTCGACGTAAACATCGTCCCCAACATGAACGGGATGTCCATCCGAGTATAACCGAGGCCTTCCGCGCCCCGCATGAGGGTCGTCAACAATCCGGTCGCCAACAGCCCCCAGAGAATAATGTCGTTCCAATTCATATTGAATATCACCCCACACCGTGAAAAACAACCGTTTTCATAAAACCTCTTCTTGTTTTCTATTCCTACGGGTTAGAACCGTTGAGGACTGTCCCCCACCCGGATCGATGATCTTCATCGACAGAATAGCCTTTCGTCCGAGAGCTGTCTATTTCACTCATGAGATTAATCCGATCGAGCGAGGCGCTAACACGTTAGAAATTGGGATTGTCATCCGATTTTCGATCTGATATAGATGGTTCGACAAGGAGGAACCGATGAAGATTGCATTTCTGGGATTGGGGATCATGGGGAGCCGGATGGCCGAGCGTCTGATTCGTGCCGGGTTCGAACTGACCGTCTGGAACCGAACACCGGGCAAGGCAGACGGGCTGAAGAAGATGGGCGCCAAAGAGGCGACCTCACCGAAAGAAGCGGCGGCCGAGGCCGATACGGCGATCACCATGCTGGCCGATCCGGCTTCTGTTGAACAGGTGCTCCTCAAAGGAGGCCTGCTGGAGGGATTGAAGAAAGGGAGCCTCTACATCGACATGACGACCGTCTCCCCGGAAACTTCCAGAAAGCTCGGCGCCGCATGCGCCGAGCGGGGTGTCGCCTTTCTCGACGCGCCGGTGACCGGGAGCAAACCGGCGGCCGCCGCCGGCGAGCTCCTTCTGATGGTCGGAGGAGACGCAACGGTCCTGGAACGGGCCCGGCCGGTCCTGCAGCCGATGTCGAAAAAGATCGTTCATATGGGAGCGATCGGGCAGGGATCGTTGATGAAGCTGGTCAACAACCTGTCGATGGCCGGGGCGATGGCGACCTTCTTCGAAGGATTTACCCTGGGAAAACGGGGCGGCCTCTCCGGAGAAGCGATCCTGGAGGTCTTGACCTCCGGCGCGCTCGCTTCTCCCTTATTGCGACTAAAAGGAGAAGCGGTCCTGAAGGAAAATTTCGAGCCGCTCTTTTCGTTGAAGCACATGGCCAAGGATGTTCACCTGGCGGTGGAAGAATCGGAACGAAAGGAATTCGAGGCGCCCATCTCGCGCCTCCTGGACGGTCTCTTTCAAGAAGCACAGCGGAGGAATTTCGGAGAAGAAGACTACGCCGCGCTGATCAAAGTGTTCGGCGTGACCGGAGAGAAGAAGTGAAATCCTATTGAGGGCTATCCCGAGATGATGAGAAAAGGCCGAAACAGCCGGTCAAATCGAACGGTTTCTTCCGCCTATAACAAGCGCGGATCATGGATGGATCGTCCCGCAAAACCCTCGATCTCTTTAATTTTATTGCCGTACCACTAAAATTATGCTATATTTCTCCGCCTGTT
CP114555.1_gap4	164142	166400	2258	GAGTGGGGCAACCAATGGAAGCAGCCGGAACCGAAGGATCCTGCGGCCGATGCCCCGGCGAAACCTGAAGAACCCTCCGAGAAAAAGTGGCCGCAAGGGGAGTGGCCCCAGGGCGAGTGGAAGAAGGATCAAGGATGGAACAAAAAATAGTTGTCGCCCCAACATCGACCCCGATTCCGGCGTCAGGAATGCCGGTGAAATGGCTGGTGGCCGATACTGCAGCCCTCCTCAAAAAATATCTTCTGATGACATGGCGGATGCCGATCTGGACCTTCTTCGGACTGGTCCAGCCGCTTCTCTGGTTGATCATCTTCGGTCAATTGTTTAAGAACCTTTCGCGCCTTCCCGGCTTCCCAGAAGCCGATTACATCCAGTTCCTCGCACCGGGGGTGATCGTCATGACCGTGTTGTTCGGCTCTTCCTGGTCGGGGGTGAACCTGCTTCGAGACTTGACTTTTGGAATCATGGAAAAACTTCTGGTCGCCCCGATCTCCCGGACCGCCATTGTTTTAAGCCGCCTGTTGCATGCGGGGCTGACGGTCGTCATCCAGGTTTTTCTCTTGGTCGGTGTCGCCGCCCTGCTTGGGGCCGGCTTTCCCCGCGGAGCGGGTCTCTTCTGGATCTGGGTTGCCGTGCTTCTCCTTGCGATCGGCTTTTCCGCCGTCTCGAATGCGCTCGCGATGATCCTGAAAAAAGAAGAGCCGTTGGTCGTGATGGGAAACATGTTGACGCTCCCCCTCCTTTTCTTCTCCCCGGCGCTGGTGCCGACCGATTTCATGCCGGTCTGGATGCAGATGGTCAGCCGGATCAATCCGGCCACTTATGGAGTGGAAGCGGTCCGCGCCTCGTATCGGGGCGTTTTTGACACCTCCTTTTTCATCAGCATGGCGGTGCTCGGCCTGTTTACATTCGTTTCAGTCATCTCAGCCGTTTCCATCTTTAGTCAGGATCGCTCTTAGAATTTTAATGAGGACAAAAGAACAAGCGACATCGTTTTTATTCCTCCGCCATGGAGCCACCGATTTTCCGGAGAATCGATATTATTGTGATTCGGTGGAAGATCCGGCGCTCAATCCGGTCGGCCTGAAACAGGCCGCCGGCTGGCCCGATCGGCTTCAAGGAAAATCAATTGCCGCGCTTTATGTCAGCCCCTCGCGCAGGACACAAGAGACGGCCCGGCCGACCGCCGATCGGCTCGGATTGAAGATTGAAACGACTGAAGGACTGCGAGAGCGGACCTTCGGATCGTGGGACGGGCTGACGAACGAGGTCATTCAACAACGCTTCCCGGCGGAATGGTCGGCCTGGAAGAAAGACCCGCTCCATTACACACCGGCGGGAGGGGAGTCGCTCGTCGGTTTTGCCAAGCGGGTCGATGAGACGATTCAGATCCTACTAGCCCGCCATGCGGGCCAGACGATCCTCCTGGTGACGCACGTCGGACCGATTCGGATGATCGTCGCCGCGGCGCTCGGGATGGCCCTTGAAAATCAAAAACGGCTCGTGGTCGGTTCCTGCTCGTTAACACAGATTGATTATACGGCCAGTTGGCCCAACTTGGTCTTTTTTTCGCTCCGACCGGAGTGACTCGATGAGGAGAACCGTGAAGAAAAAAACAACCCGAAAAAAAACGGAGAAGAGCAAGGCAACGTCTTCCCGCAAAAAGAGTAAAGAAACCTTCGACCCGATGAAGGTGATGAGCATCAGCTCGGCCTACTGGCAGTCGAAGATCCTCCACACCGCCCAGCGATTGAACATCTTCACCCGGCTGAAGGATCGGTCGGCGACGGCGTCGGAATTGGCGGCCGAGATACCGGCCGATCCGCGCGGATTGGACATCCTTCTCATCGCGGCGACATCGATGGGCCTGCTCGACCGGAAAAAGGAGAAGTACCGAAACACCCCTTTCGCGAAAACCTTCCTGGTCAGCGGAAGCCCCCGATACCAGGGGGGGATCGTTTCGATGTTCGACAGCTGGTACGGCGCCTGGGGCGATCTTGATCAGGCCGTCCTGACCGGCAAGCCGGTGGTCGACAAACCGCACGACCAGGGCCCGGAAGCGCTCCGGAGCTATATCTATGGAATGCACTACCGCGCCATCGCCCAAGGGGAGCTGCTGGCGCGCAAGATCGATTTTTCGGGAAGACGCCAGTTGATCGACATCGCCGGAGGGCCCGGCACTTTCTGCATGAAGTTCTGCGAGCGAAATCCGAAACTTTCCGCGACGGTCTTCGATCTTCCGCAGACGTTGGAAGTCA
CP114555.1_gap5	307602	310140	2538	GTCCGCACCCCCCAGCCGGAGAAGAGCGCATCCCCCATCAGGTGACGGACGCACTGCTCGGCCTTGTCGTCGTCGGCGATGCCGCTCCAGAGAAGATGTCCGATGTTCGATGTGAGCGAATCGACCTTCCGCTTTTGTCCATCGAGCGCCAAGGCGAAGAAGCCCCGCTCGGGGATCCAGAAGTCCCGGTTGAACCGCTCCTTCAACGCCTTCGCATCCTGTTCGAGGCGATCGGCCCAGGCGGGGTCGTTCCAGACCTCGCGAGCCAAACGGGCGGTTCGCATTTTGGCGTCATAGACATAGCCCTGGATCTCACAGGTGGCGCGGGGGAGAGGGGCCAACGTCCCATCGGCGAACGCAATCGAATCCCAGGAGTCTTTCCAGCATTGGTTTTCAAGCCCGGTCTCTTTGTTGCGCCGCTCGTATTCGATGTAGCCGTCGCCGTCGCGATCTCCGTATCGGTCGATCCAGTCGATCGCCCCACGCGCTTCGCGCTCCAGAGAGACGGCCAGCTTCCGATCGCCCGACCACCGTTCGTACTCCTCCAATAGAATGAGAAAGAGCGGCGTCGCGTCGGCGGAGCCGAAATAGGGCGAATGGGGACGCTCCTCGAAGGCGGTCATCTCGCCGAGGCGCAGCTCGTGTAAAATTTTTCCCGGCTCTTCATCCCGAAACGGATCGTTGGCGCGGCCGTGAAAAAGCGCCAGGAGACGAAGGGTCGCCGCGGCGAGCTCGGGGGTGAAGGGGAGCGCCTGGAAGCTGACGATCAGGCTGTCCCGTCCGAAGAGCGACATGAACCAGGGAAGGCCGGCCGCCGGCACCGGCTCGGGGATAACGGGAGAGCTAAACCGAAGCGCCGCCAGATCGAGCAGGCTTCTCTCATAAATGCGGCTGAGCGGCTCCCAGGAAGCGTTGAGGCGCGGCGCCGACGCCATCCACGCTTCCAGACTCTTGCCGAGCTCGGGCCGCGGCTCGATGTCTTTGGGAGTGTACTTGACCCGCGGCCTCACCTGGCGCCCCGGGTTGATCACGGCAATCACCTCGATCGCTGTGGTCCACATCCCCTGCGCGGGGACCTCGGCGGTGAAGTTGAGCGCTCCCTCCTCCATCGTGGCGGGGGTGCTGCTTTGAATCCAGGTCTCCCGGACGAAGCGGTCGCGCCGGTATCCCAGCACCAACTTGTCGGCGTCCAGCCGGTGATAGAACTCCCCCTTCTTCACCAGCTTGTCTTTGACCTCGAAGAGATCGGCGAAGTCTGAGCCGGCCTCGATGCGTACCTGCAGCCGCTTCGGCTCTTTTCCGTGATTGACGACGATAATTTCCTCCATGAATCCGTCTCCGACCGCGCGCCGCCGCACAAGCGACATGTCCGAGTCGACGTAGATCGTCCCGGTCGAGAGGGTGGTGTAGAACTGCGCCCGAAAATAGTGGAGGGTGTCGGTCGAAAGAACGTTCGGCCGGCGTCCGTCCACCGTGAGAACCCAGCGGGAAAGGAACCGGGTATCGTTGAGAAACAGCCCATAGGTATCGGCCGGCGTCGCCTCCATGTCGCCGCGAATGTCGCTGACGGCAAAGGTGTTCCCATCGAGAATGCTGATTGTCTGACTCATTTCGCTCCCTCCTTCTTTCGCGTCTCTTTCCCTTCGATAAAGGGAGAGCCCCCCCGAAGCTCGAGGGCGACCCTCAATGCCAGCGCCCGGTCGCCTTGCCCCGCGGCGGCCCGCCCCTGCAGCGCCTCCACGACGGGGTGCGCTTCGCCGCGCAGCATCCGTGCGATCTCCGCCTTGGATTCGCAGATCACGACCGCCTCCGCGCTGTCTCCGCCACCCTTCAATTCCACTTCGCCGTCGTCGACCTGAAGGAGGTAAGCCCCGCCCCCTTCCGCCTCGAACTTCACCCGTCCCCGAACCCCCTTCAGCGCCGGCATCTTCTTTTTCCCTTTCGGCGCCTGATCGAGCCACCGCTCCAACTCTTCAGTCTTCATGGCATTCTCCTCGTCTGATGTTTGCGTTTTGACCTGTTTCATCCTACCCGCTCCCGGGACCTTATTGCCGCGCCATGGCGGCCTTGGCGAGCGCCTTCGCCTCCTCCTCGGTGTCCTGGATCATCTTGCCCGAGACATCCACCGTGACCTTGTAAATCTTTCCGGTGAACTCGAACGGCGGCGGGTAAAGTTCGGAGACCGCCGAACCGGGGTTTCGTCCCACCGCCAGTCCGCCGCCGAGGCCGACCGTGAGCGGCACGGTCACGGGAAGGTCGCCCTGTCCGACGAGCTTGCCGTTGACGTAAAGCTGCGCGCGGCCCGGCGCCCCCTTGCCTTGGGCGATATCCGGCGGGCCGGCCGGCTCGAACTCAAAACGGAGGACCCCCCTCCCCTCCGGCACCTCCTCCCGGGAGGACACCTGAAATTCCTGCACGCCGACGTAGTTGTGCGCGTAGTACAACTTTTTCCCTTTGATGAAGAGGCTGTAGCCGCCGATGTTGCTGCCGTGGGAAAGGATCACCCCTTCGGCCCCTCCTTTCGGGATTTCGACGTCG
CP114555.1_gap6	482605	486941	4336	GGAGGATCAGATCTTCATACGACCCGGGGTTTATGAAGACAAGATTTTTCTAATCCACAAACCGGTCCGGTTAATCGGCGCGGGCCGAGATGCCGTCCAAATCTTCAGCCGCCGGGGCGGCCCGCTCTACCTTCAACACGTGCCGGAAGGGCTGATCAGCGGAATCACCTTTCGATACATCGGGAGCGATCCCCATTCGGCCATAAACGTTCTCGATTCGGTCTGCACGATTACCCAATGCCGAATTACGGAGGGGGTCCTCTCCGGCATTGTCGTCTACGGTCCCGAATGCCGTGCGACGCTGACCGAAAACGAAGTCTGCTACAACCGCGAATCGGGAATCTTTATCTTCGCCGGAGCGCGGCCCTACATTTCCAAAAACGACTGCTTCGGCAACCACCACTTCGGCATTGCGGTGCGCGATCCGCAGACGCGTCCCGATCTGGTGCGGAATCTCTGCCGAAAGAACATGCTCAGCGGCATCCTCCTCTTCTATCATGCAGAAGCGATGATCCTGGAGAATACCTGTCGCGATAACCACCATTGGGGACTCGTGACCACTCCGGAGTGCAAGAGTTCTCCCGATCGAGAAGCGTTGGTTTCGGCCAATCTCTTCATCCAAAATCCCCGGGGTCCTCTCTTCATTACCGAGGAGCCGCTGGCCGAAATCGGCCGATAAGTCCGGGCCGCCTTGTTCCGGAGAGAATCAGCTTGACTCACTTTTCAAGACGGATCGGAAAAACCGCTGACCTTGCGCCATCATCGTTTCAGAAAGCTCGGAGAATAAAATCCCGCCGATAATCAGCCCCCCTCCCAGCATCCCCCATATTCCCATCGTTTCCTGAAGAAAGAAATAACCCAAAGCGGCAGCCCAGAGCGGCTCGACGGTAAAGATCAGCGCGGCGCGGGTCGGCGTCGTGTCCCGCTGATAGCGGGTCTGAATATAACCGGTCACTACCGTCGCAAGAATCGCCGTGTAGCCGAGCGCGAAGAATGCCCCCTGCGTCGGCCTGAATACAGGCGGTTCGAAAAAAGGGAGGAGAATCCAGCCGCAGACGGCGGGAAAGGATATCTGGAGGAAGGTCATCAGAAGAAAATCATACCGACGGGTCGTCCAGTCGAGCAATACGATAAACAGGCCAAACACAATGGCGCAGAGGAGGGTGAGAAGATCTCCCCGGTTCAATCCTCCCCCGGAGGGATTCGTCAGGAACCAGAGACCGACGGAAACAACAATCACTCCCACGAGATTTCCCCATCTCGGACGCCGTTTCAAGATGAGCATTTGAAAAAGAGGGGTGAAAATGACCATCATGGTGGTAATGAAGGCCGACTTCGACGTCGTGGTCTCTTTTAAGCCGAGGGTCTGCAAGAGGAAGCCGGCGAAGATAAGAAACCCGAGAAAACACCCCCAGAAGATCGACTTTCGATCGGCACGGAGAAGCGCTTTCATGCAGAAAGGAAGAAGAACAAGCGTTGCCAGGGTAAACCGGATCGACACCATCAGAAGGGGGGAAAGGTCGACCAGACCCTGTTTGATGATGACAAAGGTTCCACCCCAAATAAATGTCGTGGCAAAAAGAAACCACTCCGCCCGTCCTTTCGCCGTCACGGCTCGAACGTTCCTTTCAAAAAATGGTTTTATGATTTAGGAAAAACGCGCATCGCGGATTCGGCTGAGGCTCTCTTCTTTGTGAACCCGCTCGTCATAGCCGATCTGACGAACCGCATCGGCCATCGATTTGAAATCCCCGAAGTCGGATTTAAACGCGCTTTCAAAGGGCTCCGACTCCAGCTCCGGATGTTCTTGAACGTAGCGCATGTACTCATGCTCGGCATGGTCTTCGAACTGCGCATTCAATGCGTAGCTCATGGAGGGGCGAACGACATATAAAAACCAGCAAACATGATAATAGAAAAAAGCGATAATCTGAGGAATGATACGATAGAGGAGAAAGTTCTCCCGAATCTGCAGACGATGTACCCACTCTTCCAAAATCAGAAGATGCCACTGCTCATTGTCCTGCTGAATTCGGCTCTCTTGGACCCGATCAAAAATCCTTCGCGCAAAATCGGCCTGCTTGTAAGTGTGGGTAATCGCGATATAAGCAACATGCTCCCACGCCTGATAAGGGACCCGGGCGATCACCTCGAGCACCTTAAATTTACTGAGGCTTCTCCCCTTCCCGTAAATTAGGTCCATCACCACAAAAAGGACTTTTGCGAGAAATCCATAGTGCAGCTTCTGAGCGGACAGGGTATTTTGTTTGCTCTTTCCTCAGCTGCTCGGCCGTCAATCGTTCCATCAAACGTCCCTCTCAAACAAGCGGTTAAAATCAGGCCAATCGTTCCCATTATAATGCCGGAACGCTGAACGATCAACCTCTCCCATCCGCATAATGGGAAGAGCCGGAGAAGACGAATGAAACAACCGAACAGAATTTACGAAATGTTCAAAAGACGGCTCCTCCGAGGATCGATCAGGTCGCTCAACGGGCTTTTGTAGCCGCCGAACTCTTGGATCTCCCTGAGCAGCGGAATATGCTCAATCGGTTCGTCGTCTTTTCTCTCCCATGAAAGGGTGCAGCGGGAGGTCGCCTGCTTCAGCGTCTCGATTAATGAGACACCCCCTTTCCATCCGGAGGCATCCGACGCCGAGCAATGAAAGAGAACCCTTTTTTCCAGATCTGTCTTGTTGAAGAGGATCTCTTTGAGGGCCTCCGCCGACCAGCGCCGGGGAGCATCAAGAACGATTCTGATTTGATTTCGCTCCGACGCGTTCTTGAGCAGGTGGAGTTGAATCGTCCCCTCTTCCAGCAATGAGCGAAGCTGCTGCATCACCGTCCTCACCAACACCCCGTCAGGAAGCGAACTGATCGAGAGCCGGGTCCGGGCCCCTTCCATCTCTGTCTGGATGTCGGCCCTCAGGATCAGCTCCCCTTTTCCATCCGTGTAGAGCGCGCGAACGGCGGTATGTCCGCCGACCACCCCGCCGGAGGCGAAGTCGGGTCCCGGCAGAAACTCCATCAGCTCATCAAGCGGCATCTCCGGCGCTTGCCGAATCTGCTCGAAGGCGGTCCAAAGCTCTTCCAAATTATGCGGAGGGATCCGCGTTCCATCGGGCAAGCTCGCGCCGTTCAAAAGGGCGAGGGGAAGAAGCGGGGCCTTTCCGACCGGCATGACGATATGGGAAAAACGGGAGAGCCGGAGCTCCACATATTCGGGCCCCTGGGGGACCTCATCATGCGGATCGCCATACATCCCGCGCAGCTCAAAATGGGGATACCGACAGCGCCACGGAAGACCGAGCTGGAGGATCATCCGGTAGGCATATCCGAGGCTGTTCGGGGGATACGACTCGATCGGCTCGACGTAAGAGCTCAGCGCCTCGCAATCATATTCAAAGTCATTCTCGTCCATCTTCCAATCGTTGAGCGCCAAGACCTTGAGAATATCTTTCGCGTTAATCAAGATCCGATCATTCGGCGCCTCCGCGCGGCAGATATCGATCAACCGCCGCTGAAGCGGGGTCAGCCCGTCTAAAAAGAGAAAATCATCCATGTCATTCCTTTCCGATAGAAGCGATTCCGCAAAAGGTTATTTTATAACACGGCTTTTGTCCTTGTCATGTTTTTTCTTCTTGGAGCGCGACGTTTTCCCCCTTTGAAGCGGAAGCCATGTTATGGTATAAAAGAACGATTATTCAGGAGCCAAACGTGCATTTCTGGAACAACATCCCCAAACCGATCATCGCCCTCTCCCCCATGGACGGGGTGACCGATCCTTGCTTTCGGCGGATCGTGGCGACCCACGGGAAACCCGACCTGATTGTGACCGAGTTCACCAGCGTGGAAGGAATCCTCCATGGCGCCGAGAGCGAGTTGGGCGGTTTGGTCTTTGATGAAATCGAGCGCCCCATCGTCGCTCAAATCTACGGCGCCAAACCGGAATCGTTCTTTCTGATCGCTCAACTTGTCTGCGAATTGGGATTCGACGGCCTCGACATCAACATGGGCTGTCCCGCCAAGGCGGTTTCGTCCAAGGGATGCGGGGCCGGGCTCATCGCCGATCCCCCCCGCGCGAAAGCGATTCTCCAGGCGGCCCGGCAAGGAATCGATGCCTGGGTGGCCGGCGGCACCCTTCCGATTGTCGATCTTCACCCCAAAATCGGTGAATGGCTCACCTGCAGAAAAGGGGCGGGACAGCTCCCCCCTTCCGAGCGGCGTCCCCTTCCCGTTTCGGTCAAGACACGGATTGGCGTCAATCGCGTCGTCATCCAAGAGTGGGTCTCCCACCTGTTGGAAGAAAAACCGGCTGCCATCTCCATCCATGGCCG
CP114555.1_gap7	488433	492071	3638	CGGTCCCCCCTTCTTCAGCCTTAAAATCAGTTGAAAATTGTTGATGCCAAAGGGGGGTCTCTCTGTGTATAATGGCAGATACAAACAGGTTAAGGAGACCCAAGATGGCCGAAGAAAAGGGAAAATCGGAAAAGAAACAGGACGAGACGCAAGACAAGAAAAAGGAAGAGAAAAAGAAAGAAACCACCCACATCCCCCTTCGCTTTATCCGAAACGACAACGAAGAGCTCGAGGAAGACATGAAAGAAATCTTCGATGAGGATAAGGTGACCCACCGCCAGGGATCGAGCGAACCCGAAGCCGATTAAACACATCCCCCTCTGGAATGTCGAAGTCACCTATCTATTGAGTTTTTTATTACATCCCTTGCAACGGATCCTATCTCTAAGCACCCTTTTCCCCTACCCCCTTGTTTGCTTTAACCTTTATTTGCTACGATTAAATTACAAATAATTAAAGCGGATCTTGAGAATTTCGGCAGGCGTTCGCATTTTCCTTCCGGTTTTGTTGGACTTGTCCGACCCCTGCGGTTCTGTTTTTAGCCCGGAAGGGCAGCGCACCCTGAAGCTTGATGAGGTATAGAAATGATGGTAGAGAGGAGATTCTCTAATAACTCAGCCAGAGTAGCGATATCGTCCCTTCTCTTTTTACTGCTGTTTTGGACGACAGCGGCTTCGGCGCAGAGTGCCAATCCCCCGCCGACACAAACCCCACCCTCTTCCTTGGAAAACAGCGGCCCGGGAGAAGGAGGCGCCTCCGCTGAACCTCCCCAGAGAAGCCGGGCCGACGGCTGGTTTAATCGTTCCGGTTCCGGACTTTTCATCTCACTCACCCCCTTTGCCACGGCGGTTACCCTCTTGGTTCTCTTGCTGATCATTCTCTTACCCTTTCTCGTCCGAACGGCATACCGGAGGGGAACAAGAGGCTATTTTAAAACCGTCCACACGGGACAGAGGAGGGTCGCATGATCTCAGGGAGAGAGTTCATTGGAATGCCGATTTTTTCCTTGGATCGCGGAGAAAAGATCGGCGAAGTCGAAAATCTGATCTTCGATCCGGACCAGAAAAAGGTGGTCGGGCTTGTTTTGGAAGAGGGGGGTCTTTTCCGATCCCCCGAGGTGATCCCTTTTGAAAGCGTCGAGAGTATCGGCCCCGATGTGATCGTATTAAAACGAGGCGAGCCCTTAAAAACGTTCTCTGATGAGATCGATCCGAAACAGGTCAAAAAAGAGGGTTTTAATTTGACGGGACGAAAGGTGATTTCCGACCGCGGTCACGAGATCGGAACGGTATACGATTTGGAAATCAATGAGCAAACCGGCGCCGTGACCGGAATTGAGGTCAGACGCGGCCTCTTCCAAGATACGGCCGAAGGAAAGAAACGGATCGATTTCGAATACATTCAGCAGATCGGAAAAGACGCCGTCATCGTATCGGAGACGGCGTTGGAAGCCCTTGCCGCCCAGAAAGGGGGCCTTTCTGCAACCTATCAGAGCGTCAAAGAGTCCGGGGCCGCAACATACCAAAGTGTCAAAGAGTCGAGTGTTGAATCTTTGGAAAGAGTCCGAGGGAAATCAGGAACTCTCGGCGCCACGGCACGAGAGAAGAAGGAGTCGTGGGGAAAAACCGCTCAGCAGCGGATGGAAGAGATGCGGGAGCGGAGTCGATCCGGCCTCCATCGGGGGAGAAGCGAAGCTTCGCGCTTCTGGGAAGACCTCCGGACCGGTTTCGAACGCTTCCGGAGAAGAGCAGAGGACTATTTCGACTGGCTTCACAGCCGGCTCCTGCAACGCCGCATCGAGCAGTCGGTCGGGCGCCGGGTCAGCCGAGCGATTTTAGATCCCTCTGACGATGTGATCCTCAACCAAGGGGAGATGATCACATACATCGCAATACGACGAGCGAAGGAAGCAGGCGTTTTGGAAATTCTGCTCGATTCGGTCGTGAAAGAAAACATTTTCGCGCTCCGCCGTAAAGAGACCCAATCGGCCGCCGAGGAGGTCTTCGCAAAGCGGCCTCCGCCGCCGGCGCAGACGGATGAACGGCTTCAGAAGAGCGCTTAATCAAGGAAGGAGTCACAGATGGTATACGTATTGGCTTGGTTGTTAGGAGTTCCGTTGAGCCTGATCCTGATTTGGATGCTGCTGGCAAACGTATTCTAAAGAACTCGACCCTGAAAACGAAAGAGGCGGGCCGCGGCCCGCCTCTTTTTTTGCCGAGCCATTCTATATCACCCATTCTCCGAAAATATATCCGGTGAAGACCGAAACAATCGGCCAGAAAAATCGCTGCATGATGCCGAACGGATCGATAAAAACAAGGACGATCAAAAGCAACATCCCATACGGCTCGATTTGACCGATCAGCCGCGATTGGCGCTCCGGCAGGATGCCGACCAAAACACGCCCGCCGTCCAGAGGCGGGATCGGAATCAGATTGAACACCATCAGAAGGATATTGATCGTGACCGAAAACCGAAGCATCAGAAGAAGGGGAACAAAAAACGCCGAGAGAAGTCCGTCTGAACTCCCGAAGTTTCCAATCCCGCCGAAGGCGGAAAGTTGGGGATAGATCAGGAGGATGGCCCGGTACAACACGCCGCTGATAACGGCCAGCAGGAGGTTCATTCCCGGACCGGCCGCCGCCACCCAGGCCATGTCTTGCTTCGGACGGCGGAGATGAAAGGGGTTGACCGGGACCGGCTTGGCATAGCCGAAGATAAAACCGGTGGTCGTAAAAAGAAGAAGCGGAATGATGATGGTCCCGAAGAGATCGGTATGAACCCAGGGATTCAGGGTAATCCGCCCCAGCATCCGGGCGGTCGAATCCCCTTTCTTATCGGCCACCCAAGCATGCGCCGCCTCATGCAACGTCACCGCGAAGAGAAGCGGCAAAACCATAATCGCAATTTGCTGAATCGTTTGATTCAAACCTTTTAATCCTTTTCAGTCCGCACTTCGACGAGCACCTCGTCCGGATTCACCCGATCTCCTTCTGAAACGTAGATCTCCTTGACCACCCCTGCAATCGAGGTGTGAACTTCGCTCTGCATCTTCATCGCTTCCACAATCAGAACCGTCTGCCCCGCTTTGACCTTCTCACCCAATTGGACTTTGATGCCGACCACCGCACCCGGCATCGGCGTGGTCACATCCCCTTCATGGGCGGCCTTGGGGCGGGTCGATCGCCCCCCCGCTTTTGCATCGATCCTTCCCTCGGCGCTGGGGACCACCTCCAGGAGCGACTCGACCATCACCTCCTCAAGCTGTCCATCGACATAAAGGAAATAGGGCCTCCCTCCCTCCCCCGGATGTCCCATCCCGCCGACCTTCACATGAAACGTCTCGCCATGGACCTTGACATTGAATTCGCTGGGGGCGAGGAGAGGGGAAGGGGGAGACAGGGTCGATTCGGTTTCCTTCTCATTGGAAGGAATTTCAGGCTTATTAATAGGATCGTTCTTCTTCGCAAAAAAGTCAAGCGCGACTTTAGGGAAGAGGGTATAGGTGATGAGATCTTCAACACTTTCAGAGATATCCTTGAGCTCCGCTTGGCATCGGCTCAGCTCCGGCTCGATCAGATCGGCGGGACGTTGCGTCACCACCTCTTCATCGCCGATCGCCCGCTTGCGGACCTGCT
CP114555.1_gap8	655196	658680	3484	GAGACGCGGCTTTTTCAAGGTAAGGGAGCGCACGCTGAGCATCCTTCTTGTGATAGTAATAATTGAAGCCGATGTAGAAGGGATACTGCCAGCGATCGGGATACGCTTCGATCCCCCTCTCTAGAATTTTGTTCGCCTCTTCAATTTGGGAGGCTTCCAGCGACAGAACAATCCCCCCGAAATAGTAGGGAAAATCAAATCGAGGATCCAAATCGATAATGAGGTTCAGCATATGAGCGAGCCAGGGATATTTCTTGTCCGACATAAAATGGCCGCCGAAATAAGAAATCGTCTTCATCCAAAGAAGGTCGGCCACCACCTGATCATATCCCAAGGCAAGCGGTTTCAAAAATTTACCGGAAGGGAGATATAGCAATGACTCCTGTTGAACGGATCGATACTGCACCAATGTTTTCTGGACCTGTGCCATACAAAGAAATAAACCGATGATCACCCCCCAAGTGAGGAAGAGGGATTTCGTGCCCTTTCCAATCTCCATTACTGTTTCAGAGTTTTTTATCGGTCGATCACTCAAGGTTTTCTCGCCACAAAGGTCACAATACCATATCGCCGGCGTAAGATCTGAGCGCGCTCCACAATCGGGATAAGCGCCTTATCGATCAAGGCGAGTGGATGCGATAAAAGAAGAGAAACCAAATACTTTGATTTTAGCCGAAACCCATCCGTTTGGCTATTGGCCGAAAACGATTGATAGCTCGTATCAGGGAGATCTTCAAACTTAAGATCCGCCCTCCTCATGCGTGCGATGTAATAGTACAACCAATTCGTCGGACGCATTGAATAGATCTTGTCATTGTAATCCGCACGCAGCAACTCGAACCCATTCCGCTCCAGATAGGCCTTCACCGTTTCCTCGGTAAAGAAGTAGAGGTGGCGAGGAATATCCTCCAAGAATAGAGCGCGGGAAGAAATACTTTTAAAATTGGTCACCAAGAAGATAAAGTGCCCCCCCTTCTTCAAAAGCCGGGCAGCCTTCTTAAAATACGACATCGGATCGTGAACATGCTCAAGGACCGCCCATGCGGTGATCGCATCATAACAGGGCTGATCGATCTGAAGGTCGGGAAAGGGGGCGCGATACACCGGAAAATCATCGATCGCTTTTGAGTTCCGGGAGACCTCGACCCCCTCCACCTCCCATCCCTCCCTGATCATATGTCGGGGGAAGTCGCCATTGGCGCAGCCGATATCCAAAAGCCGCTTTCTCCCCTCTGCGCTACGCGCAAATTCTTTAAGATAGGACGCCTCCACCCGGTAACGTTTCATTTGAGCGGCCGGATCCGTGTCGAAGTATTCATAAAAATCAACCGGATAATATCGGCTCATCTCCGAGAAAGCCGGCCTCGGATTGACATAGCCGAGGCCGCAATTGAGGCACTCTACCGCCGAAAAGCGCTCTTCGGGAAAATATTTCGTATCCGGCTTTTGATAAACGACACGATGGTCACTCTGTCCACAGAGGTTACAGGCGATCGATTCCATCATTGGCGCGAAGGCTCTCTCAGCCCCTTCCCTGCCCCAAGCCATGATTGAAAGAGCAATATATTCCACAAATAATATTGTGCATCATCCCTCCCTGAGAGGTGCGCCTCCCATTTCCGACGGATCAGGGCCGGATCAAAAAAACCCTCGGATCGGAGCCGCTTTTCATTCAGAAGGTCCTCTCCCCATTCTCGGAGGGGCTCCCGCAGCCAGGGGCCGAGCGGAATTCCGAATCCCATTTTGGGGCGTTCAAATAATTTCGGTGGAACATACTTGCTCAGAATCTGCCGGAGCGGCCACTTTCCCCGACCGTTCCGAACTTTCATCGATAACGGCAATCTCCATGCAAACTCAACCACCCGATGGTCGAGCAGCGGAACACGGGCTTCAAGGCTCACCCCCATACTGGCCCGATCGATTTTGGTCAAAATATCCTCAGGAAGATAAGTGAGTGTATCAAAGTACATCATCCGGTCGAATAACTCAGGGCTCTTGATCCAAGCGTCTCGATCATTCAAAACCGTCCGCGGCTCATGGGCGTTTAAAATCAAATCAGCGGGGCGATTCGTATGGGAAATGATCGTCCGGTACATCGCCTCGGCGCCGTCAGCTTCTAAAACGTCCGCCAGCCTCGACGCGCGGCCGTCGAGAAAAGAAAGACCGGCCATCCCTCTCGCCGCAATCCTTCTGATTCCACCGGGAACCCGGTGAAGGACATTCCAGAGTTTTTCTCCTACAAAATAGCGGGAATACCCTCCAAAAAGCTCGTCGCCTCCATCTCCCGATAGGCTGACCGTCACATGCCGCCGGGCCAATTTGGAAACGAGATAGGTCGGGATTTGAGAAGAATCTGCAAAGGGCTCATCATAGAGCGTCGGCAAAGAGGGAATCACGGCCATCGCCTCTTCAGAGGTCACATAAAGCTCCGTATGATCGGTCTGCAGATGCTGGGCTACCGTCTTTGCATGGTCCGCTTCGTTGTAGCCTTTTTCACCGAAACCGATCGTAAAGGTCTTTACCGCTTGTTTGCTCTGCGCCTGCATGAGGGCGACCACGACGGAAGAGTCAATGCCTCCCGATAAGAAAGCCCCCAGAGGAACGTCGGCCTCCATTCTCAATTTGATCGCATCCCTCAAAAGGATCTCCAGGGCGTCGATCGCCTCCTCGTAGGAGCCTTCGAACGGACGGTCCCCTCCCGATTCGGCCGCCTCTCTGAACGACCAGTAAGGAGCGGGCTTGGGCAGTGATCTGCCGTCGGAAAGGTTTAAAACGAGCATCATTCCCGCCGGCAGTTTATAAATTTCCTTATAGATCGAATAAGGAGCCGGAATATAGTTATGCCGCAGGTAGAGCGCCATCGCATCCCGGTCGACCTCTCCGAGGAATTCCGGGTGCGCACACAGGCTTTTTAACTCCGATCCGAAGAGAAATGCTTTTCCCATCCATCCATAATAAAGCGGTTTTTCTCCCAGACGATCCCGGACCAGATGGAGCCTGCGCTCCTTACGATCCCACAAAGCAAAGGCAAACATTCCATTAAACCGCCGGACGGCCCCTTCAACCCCCCACCGGCCGATCGCCGCAAGCATCACTTCGGTATCCGAATGACCGCGGAATCGATCCCCCGCAGCCTCCAGCGCTTGGCGCAGCTCTCTAAAATTGTAGACCTCGCCATTAAAAGCGATCACGTAACGGCCACAGGCGGACGCCATCGGCTGATGCCCCTCCGGAGACAGATCGATAATGGAGAGACGGCGATGCCCCAAGGCGATGCCGGCCTCCGGATCCACCCACACGCCGCGATCGTCCGGACCCCGATGGGCGAGGGCATCGGCCATACGCGTTACAATCGATTCCAGATCACCCGGACCCCTCTGGCGAGAGAGGTCGAGACACCCGCTCAAACCACACATTGGATTTTTGTCCTTTTAGATTCCTTCATCGGCGGCGGTCGGATTTATGGTTCCTTTATAAACACAAA
CP114555.1_gap9	818039	822194	4155	CGGCATCTGCGGATTCCCGGAATCGTCCTGCTCTTGACGTTCGGGGTTCTTCTGGGGCCGGAGGGGCTTCATTGGGTGGAACCGCGCGCCCTCGGCACCGGACTTTTCGGAATAGTCGACTTCGCCGTGGCGATCATCCTCTTCGAGGGGGGACTGAATCTGGAATTTTCCCGGCTTCGCCGGGAAGAGTGCCGATCCGAAGGCTCATCACATGGGGAGCCCTCGTCAGCCTGATCGGCGGAACGGTCGCCGTGAAAGCCTTCCTCGGATGGTCCTGGGAGCTGGCCTTTTTTTCGGGAGCTCGTCGTCGTCACCGGCCCGACCGTCGTCACCCCGTTGGTGCGCGACATGCGCCTTCGGCCGAAGATCAAAACCGTTTGGAGGAGAGGGGGTCCTGATCGACCCGATCGGGGTGATCCTGGCCGTGCTGGTTTCGATTCGTCATTGCTCCGGAGGCGCAACCGTCGTGAGCGGGTTGGCGCACAGTGTCCTCCGCCTCGGCTTCGGAATCCTTTCCGGGATCGCCGGAGGATTCCTGATCGGCCGACTGCTCCGCTTCAAACGCGTGGTGCCGCGCGGGCATGAGAACTTTTCACCCTCGCCTCCGCCGTCCTGATCTTTCCGGATGCGAATTCGTCCCTCACGCGGCTTCTCGCCGTTACCGTCGCCGGGGTCGTCGTCGGGTTCCAACCCCGGTCGATCGAGCCTGCGGAGTTTAAGGATAACTGCGGTCCTCTTGGTAGGGCTCTTCTTCATTCTTCTCTCGGCGGATGTCGGTCTGGAAGAGGTGCGCAGTCTCGGCTGGCAAGGTCTCGGCGTTCTGGGAGCCCTTATTTTTGTCGTCCGCCCGCTGGGAGTTTGGTTTTCAACAAGGACCGCCGATCTCTCCCTACAGGAGAAATGCTTTATCTCGTGGGTCGCGCCTCGCGGTATTGTCGCGCGGCCCTGGCAACCCTCACCGCCGCCACGATGGAGAGCAATCAAATGCCGGGGGGACAGCGCTGCGGGCGCTTGTCTTCTTAACCATCGCCGGCACGGTGTTCCTGGCCGGTTTTACCGCCCGCCCGGTGGCGACGCTCCTCGGTCTGAGGTACCCGGAAGGGATCGTGTTGCGATCCTGGGCGCCCACGGTTTAGGACTGGTTCTCGGCACGGAGCTTCGAAACGCGGGGCTGCAAGTCGTTTTTCTCGACACCGATCCAAAATTCTGCCGCCAGGCCGAGGAAGAGGATTTCCTGTTGTATTCGGGAATGCACTGGAGGAGCGAACACTCCTCCGCGCCCAATTCGAGCTGGTCGGCGCCGCCATCGGGGTCACCTCGAACGAACACCTCAACAGCATGTTTGTCGGGCAAGCCAAAGCGTTCTTCGAGGTCCCCAAGGGATATGTCGCCGTGGACGCGCTGGACGGGGAAAAAATACCGGAGTACGTTCAGCGCCAAGGAGCCGAGGTCCTTTTTGACGGCGCCCACGAAACGGAGCGTTGGGACGTCCGATTCCGACATAAGGAATTGGAGGTCGAACATTTTACGTATCAGCCTCAAAAAGATGAAAAAGGAAAAGCGATAGACGGCGAGCGAAAAATCATTCCATCCAAAAGTGGAGACCGTTTTGTCATCCTGTGCACCCGCCGCGGCGAGCGGATCGTACCGATGTTCTTTCCTACTCGCCGCGTGAGGGAGATATCGCTTCAATCGCGCTCTATCTCCCGGAACGCGATGCGGCACTCCGCTTACTGGGCGAGTTGGGATGGCACCAGATCGGCGCCAAAGCCGAGATGACCGCATCGACAGTATAATTTTCGAATTCCTCCCTTTGATTTTTCGACCCCGACCTTCGACGATCTGAAACTTATTCGCAAAACCAACGCATCGGCAGCGACGGCCTCCCAATCGATGCGCCGCCTAGGTCCCGCCTTGAGCCTCCCCCAAACAATGTTCTATAGTGAAAGAGTGTTCACACGGAGCGAAGTGGAATAAATAGGAGAGTGGTTTGGAAAATTTTATCAGATTGGTGGGGCCCAACCGGGCGGTGGAAATATTCGGGGTAAAGCTCGTCGGCGTCAACGCGGAGAACGCCAAGAAGCTTCTCTTCTCCCTCCTCTTCTCGCCCTGATCGTTCTGATGGTCCGCAGCTTCACGATCTTGCGCGCTGGTGGCTGCATGGGGGGGCAAAGAACAGGTTGAGTTTTGGGCGCGCCAGGGAATCCGCCTCGCCGCGGCGGTGATCCTGATTCTGGGGCTCGCCTCGATCTGGTTCGACGATCCGGGCCGGCTCGCCACCGGCCTGGGGTTGATCACCGCGGCGCTCGCCTTCGCGCTGCAGAAGGTCGTCACCGCCATTGCCGGCTCTTCGTCTCTTGCGGGGGAAGGTCTTCACGTCGGCGACCGGATTCGAATGGGAGGGGTCGGGGAGACGTGCTGGGGTTGACCTTTCCCAGACGACGATCTGGAGTGGGCAGCCGCCGCCGGTGCAGGGGGACGAGCCGGCGATGTGGGTCCAGAGCCGGAGTATCGGGAAGGGTCGTCCCGTCAGCAACGCCAAGTTTTGAAGAGCCGGTCTTCACTTCTCGCGACTTCCCTTTTCTTTGGGAGGAGATGGTCGTGCCGATCACCTCGCGCCGACGGGCCCGCGCCGAACGGATCTTGCTCGACGCTGCGGAGCGCCACACCGTTTCGATCGGCGAGATGGGACGGGAAGCGCTGGAGGAGTGAAGCGGCGTCTTTTGAAGTCGGCCGACTGCGCCGAAGGTCTTTTTCGCCTGCCGACCTGGTGGAGATGACGGTCCGGTTCTCGCAGGGATTCGGCGTCCGGGTTGAAGGATGCGATGAGCCGCGACATTCTCAAGGCCTTCGATGAAGCCCGGATCGGCGTCGCCTCCGCCACGTTCGAGTCGTCGGTGCGCCGTTCGCTTCAGCGCTTCCGGCGCGCCGAAGAACGGGGGAAGAAAGAGGGGTGAGGAGCAGCAGCAAGAACCCAACGAGAAACAAGAGGGTTACCTCTTAATGACGATCTCATTTGCGATCGGCAGATCCCCTCCCGCCCGGACGGCGGTTTCGGTCGCCTTTTCCTTCTGTTCTTCCCGCTTGACCTTCCCCTTCAGGATGATCTTTCCTTCGTCGATTTCCACCTGGATCGCCTCTTCATTGAGCATCGGCTCCGCAGCAATGTAGGCGTGGATTTTCGTTTTCAATGCCGCCTCGCGGGCTACATTCACCGCAGGCCGCGGCGTGGCAGGCCGCAAACATCCCACCGGGAAGAGCAGAAATAGAAGGAGAAATAGGGCCGAGATCGAGAAGCGCCGTTGGCATACTCTCTTACGGAGGCGGACCGGTGATACTCTTTTTTCCCATGACTAGCTGAACGAGATCAGTAGAACAGCAGCCAGGATTAGAAGAAGATGAATGATCCCTCCGGCGATGTTCAGAGTAAAACCAAGCGCCCAGAGGGCAAGCAGAATCAATATGGGCCAAAGCATCGGGTCTCCTTTCCATCATCTCTCGATTTACTGGATCGATCATTCATTGCGAACAACGTCCATCTAAATCTCTTATAGAGTAAAAACATTGTGATCTTCGGGGTCAACTCAGTCAAATGAGCAATATTTTAAGTTGCTGATGGTCCACACATGGTTCCGGATGGCCCGTGGTAACGTTATACCCCATTCGGAGGATTGCTCCCCCTTTTGGAGACCCACGGGAAAAAAGGGCTGACGCATCTTCTTCTGGGAAGCGTCACCGAGCGGGTGACGCGGGAGCGCCTTGCCCGGTCCTGATTGTTCGCGAAAAGAAGGGGTAGGTCCCTCCGGAAATAAAAAAGCGACATCCCCCTCTCTCCCGTCTCAAATAAAATAAAACAGCCCGCTCCGAGTCCGATTATTAAACTCCTCCCTGGAGAACGCTTCAGGAATTCTCTTGTCTTTCTCTTTCCCCACCTGCTATAAACACCTGTTAAAATCGGCAGCCAACAAGATGCGACTCAACCGCTTTGTGATGAAGGAACACCGCGATGCATGACAGAACCCCTAAAGAAATTCTCCGGCGCGCCCTGGAAGAGATTTTTAATTTGGGCAAATTGGAGGTTGCAGATGAGTGGATCGATCCCGGCTACTTAATCACGATGCCAGCCCCGGTCAAATCGGAGGCCCCGACGGGGTG
CP114555.1_gap10	833398	834187	789	CGGGCCCCTTCAGATGACAGCCGTCCGGATGGAGATGAGGACAGGCGCTGCAGATCTCATCGGGCCGAGCGATCACCCGAACGGCGGTCTTCGGATCGGTCGAGAGACGGCGGTGAATCGCCCCCATGTTCTCGACGAAGGCGGGGCTGTACCCCTCTCCGCGAAACCCCTGCAGACAGAGGAGGGTGTGGGCGCGAACAGTCAAAAGATTGGAACGGCCGGTAGACATAGAGAAATTTTATTCTTCGGGATACGATTTGTCAAAAATATTAGTAATAGAGGAACTCAGCGTAGAGATTCTGAATTCCGGCAAGGTGTCCCTTTTGCTCTTCGAGGTGGCGGAAGAGAAGTGCGCGGAGATCCTCTTCCTCGGTCCGCTTCAGCGCTTCCTGGTAGGAGTAGTAGAGCCGCTCCTCCTTCTGGAAGAAAAAATCGAGAAGGTCGTGCGTCTCATCCGACGCGGGATGCGTCGGCGCGGGCACCGCCGATCGGCCTGCAACGGCCCCCCGCTTCTCGATCTCCTTCTCCAGCGCTTCGATATGTTTCCACCCCTCCCCGACCCACCCGCGAATCTTCTCACGCAACACCGGCGGATGAAGCAGCGGCAGATAAGCGGTATAGGCTGAATTCAACTGCCGCTCTTCGATAAACAGCCCTTGGAGAAGGGCCTTGATTTCCGGCATCGTGTCTCCTCGCTACTCCCCGACCGCCCGCGGCCGCGGCTCCTCGGGAAAAGTAAGATCGATCGGGCGGGCGTCTTCGTCTTTCTTCGGTTTGACGCTTCCGCGA
CP114555.1_gap11	848222	852835	4613	GGTCTTCGACCGCTTCCCGAAAACCGGAACGGCCGAGATTCACCTCGCCACCGAGTTCCAGAACATGATCTATGAACAGCTCCCCGCTCCATTCAAGGATGAAATCTACGCCTACCTGCGGGAGGAGTGCAAGGACGAGATGAAATCGGGGCAGACCGACGAGCAGTTCATCTACAAGACACGGAAGAAAGCGCTTGGACCGTTCAAGAAACGCTTCTGGAATCTTCCAACCGATCTTCGGCAGAAGATCGGCCAGGTCTTGGAAGACAAATTCACCTTTCTCTTTAACAAGCTGAATGTCGTCGGCACGAAGAAAGTGGTCACCCAGTGGGTCAAGCCGGTCGAGGTTTCGTTCGCCATCCGCGACGAAATCGCCGCGGCCGAGGCCGAAACGAAGGCCGCCGCACAACCGGCGAAAAAAGAAGAGGTCAATCCGAATGCAGACTAATGATCATGGGCCAAAACGTCCAATCCGTCGAATCGCCGGGATCTTTCTCCTCCTCGCGGTCCTCTTCCCCCTGCAGGCCGGCGCGGGCGTGATCCTCGGCTTCGAGGCGAACGCTTCGAAAGAGACCCCCTCCGCCAGCCGATTCACCCTGGAAGGGAAGAAGCTCCGCGCCGAAGATCCCCATGGGGCGGTGATGATCTTCGACGGGGAGAAGCAGACCCTCTGGACGATCGACCCGAAGGGGAAGCGCTACACCGAGGTGACCGAGGCCGACGCGAACCGGATCAAAGAGATGCAGGCGCAAATGGAACAGCAGATGAAGGAGCGGCTGAAGGCGCTCCCCCCCGATCAGCGGAAAGAGATGGAAGAGCGATTGGAAGGGATGCGTGCGAAGCCGGCCGAAGCGCCCAAACTGACCTTTGAGCCGACCGGTGATACGAAAAAGACGAAACACGGCTTCTCGTGCAAGCCGCACCGTGTCTTGGCGAATGGAAAACCGATCGAAGAGGCCTGCTTCATCCCTTGGAAAGAGGCCGGCCTTTCGGTCGACGATTTCCGGGCCTTTGACGCCCTCGATCAATTCTTCAGAAAGCTCGGCACGCAGGGGGGGAATCAGCAGAATCAAATTTTCGGAGACCTCGCCCAATCCCCCGGCATCCCCGCCCATGTCGCGATGATCGGCCCCGACGGAACCGTCGGCGTCGAACAAGACCTCGTCATCCTAAAAAAAGAGGAGATCCCCTCCGACCAATTCATCCCGCCGGCCGGACTGAAAAAAGAATCGCTCTTCGGTGGCGGCGGGGGAGGCGGAGAAGGCCACGGCGATCCGAGAATGTAGGAAGGGGACAATTAGGAATTACGAATGAGGAATTAAAACCAGGGGCAGCCCAATTGAAATTCCAATTCGTAATTCCTAATTCTTAATTCCTAATTGATTCAAGCTCCTCCAGAGATACCAGGTCGCAATCGATCGGTAGGGCCGCCACGGCCGGGCAATCTTCTGAATTCTTTCGGGGGAGGGGATTTTCCGCAGACCATACGCCCGCTGGACCGCCTTCTTCAATCCGAGATCCCCCACCGGCAAAACATCGGTTCGATTCAAAGCAAAGATCAAAAACATCTCTGCCGTCCACCGACCGATCCCCTTCACCGCGACCAGTCGGGCGATGATCTCCTCGTCGGGAAGGGAATGAAATTCCTTCGGGCGGATCTCAGCGGCAATCCACCGTCCGGCCAGATCTTTCACGTAAGCGATTTTCTGCCGTGAGAGGCCAACCCCGCGGAGTTCCTCCTTCGGGATGGAGAAGATCGCCTTCGGCGTGACCAAGCTGCGCGGACAGATTGCGACAAGGCGCTGAAAGATGGTATCGGCCGCTTTCACCGAGAGCTGCTGCGAGACGATCGCCTCGACCAGGGAGACGAAAGGATCGGGAGCATGGGTCAAGCGGCAAGGACCGATCGCATCGATAAAGGTCGATAACACCGGGTCGGCCTCGGCGAGCGCACGGCAGGCCGATTCAAAACCGCCGTTCTGCGACATATTCTTTATCAAGATTCACTCTTCATCCCGCCCGCTTGCTCTCCAGCGCTTCCCATCGGGCAATCCTCTCCTCTAAGGTTTTTTCGATTTGGGAAAGCTCATTCGACCAGTCGGTCACTCCGGCGGCACTCTTGGTATGCGCCGACGGATCGGCAAAAAAGATCTCCAGCTCCCGCTTCCTCGCCTCCAGTTTTTCAATCTCCCGTTCGATTCCTTCCAGCTCTTTCTTTTCCTTGAAGCTAAGCCCTTTTCGGTCAACCGGTGCGGTCGACTTTTGCGAGGATCCGTTCGCCGCGCTTTTTTCCAGCCCGTCACGGCGATCAGCGGAAGGGACCTTCTCCCCTTTCGCCAACGCCTCCTCGTTTTTAAGGCGGGTCAGATAGGTTTCATAATTTCCCTCGGTGTAGCGGACGCGCCCCTCCCCTTCGAAGCTCAAAATGCCGGTGGCGACCTTGTCGAGAAAAAACCGATCGTGGGTCACCATGAGAACGCAGCCGTTGTAGCCGACGAGGGCATCGTCGAAAAGCTGAAGGGTCGGGATGTCGAGATCGTTCGTCGGCTCATCAAGAATCAGAAAGTTGGCGCTCTCCAGCATCATCTTCGCCAAAATCAGGCGCGCCTTTTCCCCTCCCGACAATGTTCGGATGTACCGCTTTTGATCGTGATGTTCGAAGAGAAAATCGGCGAGATAACCGGTTTTGTGCCGCCGCTGCTCCCCCACCGTCACCCAGTCCCCCTCCCCGAGGGCCTCCTCCACTTTGAGATCGGGATCGATCGATTCCCGCTTCTGATCGAAGTAGGCGATCTTGGTGTTTTTTCCGCGGACGATCCGGCCGGCGGTCGGAAGCTCCTCCCCCAAAATCATCCGCAGCAGGGTGGTTTTCCCCGCGCCGTTCGATCCGATGATCCCGATCCGATCCCCCGCCTTCAACTTGAGGCTCAAGTCCCGGATCAATGTCCGTCCCTCGAATGATTTGCAAAGGGCGTCCAATTCCAAAATCGTGTGCCCCAGCCGCTGGTCGGTTTCAAGACGAAGTCCGATGTCCCGTTCAACGTGATCTTTCCGCTGCTCCTGCATCGTATAAAACCGGTCGATCCGGGCCTTCGACTTGGTCGTCCGGGCCTTGGCCCCCTGCCGCATCCACTCCGACTCGCGGCGCAGCAGGGTGATCAGCCTTCCCTGGTCGCGCGATTCGTGAAGCAACCGGTCGGCCCTCCCCTCCAGATAGTCGAGATAGCCCCCGAGATAACTGTAGACCCCTCCTGATTCGATCTCGAAGATCCGCCGGGCGACGCGATCGAGAAAGTAGCGGTCATGGGTGATCAACATGACCGCCCCCGGATAGCCGATCAAGAATGCCTCCAGCCAGGCGGTCGTCGCCGCATCGAGGTGGTTCGTCGGCTCGTCAAGCAAGAGAAGATCGGGCGACTGTAAGACCAGCTTCGCCAACGCCACCCGTTTCCGCATCCCACCGCTGAGCATCTCTATCTTCTGATTGCGGTCCGCAATACCGAGTTGCAGCAGAACCTCATCCACCCGATGATCGATCTGCCATCCCTGGTGGTGATCGAACCACTCCCCGAGCGCCTGCTGCTCCTTGAGGAGCTTTTCCATCTCCGCCGGGGTCGCCCCCCGCATCGCCTCGCCGATTGTTTGGTAACGATCGCGTTTTTGATGGATCTCGACCAGCGCGGACGCCACTTCTTCAGCCACGGTCCAGTGCTCCGTCAAAACGGGGTCTTGCGGGAGGGCGCCGATCGAAATTCCCCGCTTATAGGAAACCTCTCCCCCGTCGGGCGGCTCAATCCCTGCAATGATCCGGAAGAGGGTCGTTTTGCCGCAGCCGTTTCGGCCGACAAAGCCGACTTTTTCCGATTCCCCCACGGTCAAGGTCACATCCCGCAGGACCTGCTTCAACCCATAAGATTTGGAAACATGTGAAAGATCAAGAAGATTCATCCGTTTTAATTCCCCTGTCCAAAAAGCGATTGATTATAGCACATTTGGAGGACACCGCCCGAGGTCTTGTGCCGTTATAGCCGAACCATCTAAAATAGAGCTAAGAAGGAATTCATGGAAAAGAGAGCGAAGCGAAATAATGCGGCGAATCAGCCATGCTCGATTTTTGAGGATCGGCAGGAGGCGGGACGGGCACTGGCGGAACGGTTGCTCCATTATCGCGGGGATCAGAGAGTGCTGCTGGTCGCCCTTTCTCCGGGCGGCGTAATCGTAGGGAAAGAAATCGCCCTGTCGCTCGGCGCGCCGATGGTGATGTTCCGCTCCCGGAAGCTGCCGATTCCGGGAAATCCGAGGCTCTCTTTCGGCGCCATGACCGAGGCGGGAGAGATTTGCCTACTCTCCGACGTGATCAGCCGTTATGAAATTCCGGACCACTACATCCAAGAAACGATCACATCGAAAAAAGAAGAGATCCTTCAACGGCGCCGGCGATTCAGAAAAACGTCGTTGGGTTTCGATCTGGGGGGCAGGAGAGTGATTCTCGTCGACGAAGGGATTGCCAGCGGCGCGGTTCTCTTTTCAGCCCTTCAGTGGCTGCGGGCGGAAGGGGCCGGCCATCGGATCGTCGCCCTTCCGGTGAGTCCTCAAGCAAAGCTCTCCCGGAT
CP114555.1_gap12	864851	869505	4654	GGAGTCGAAGAGGCGAAAAAAGTGCCGGGGATCGTCGATGTGAAGATCACGATCCACCGCAAACAGAAGGTGATCCCCCTTCCGGAAGGAAGACGCTACCTCGGCTTTATCTTTGCCCGCGCCCCTCAAGCTGAACAGGCCGAAGCCGCCCTCCGAGAAGCCCACCGGAAGCTGAAGTTTGAGATTGTCCCGTTCAGCAAGTGACAATTAGGAATGTGGAATGAGGAATTAAAAACCTGGGACTTTTGACTTTGATTCCTCATTGAACGATTCCTAATTGACCGATCCATCTTGCTTCTCCATCGGATACCCCGCCGCTCGCCATGCTTTGATCCCCCCGTCCATCGACACCACATTCGTATATCCCATCTTCTGCAGGTTGTCGGCCGCCAGAGCCGACCGATACCCTCCCCCGCAGTAGACGACGATCTCTGCCTTCTTATCGGGGATCAATCCTTCAATATCCCGCTCCAAAATTCCCCGCCCCAGGTGCCTTGCGCCGGCCGCGTGATCCTTCCCCCATTCGTGGTCCTCCCGGACATCGATGAAGTGAAACGGCCTTCCCGCCTCCAACCTCCCCTTCACTTCCGCAATCGTGCACTCTTTAATCCGTTTTTTCGCCTCCTCGACCAGCTTGAGAAAACCGGGACTGTGCGCCACGTGTGACTCCTTTAATGAAAAAGGGCTCCATCTCTGGAGCCCCTTCATCGTTCAAATTTTTCGATCCAATTTAATGTTTCGCGGGAGCCGTCGCAACCGCCAGGGTGAAGAGGCCGTTTCCTTCCTGCGTGAGCTTGAATTTCGCCCCGGCGGGAACCACATCACCCAAGTCCCCTGCAAAGAGATCTTCGATCATCTTCTTCACAAAGTCCTTCCCCATCTGCGCCGCGCCGATTCCGAGCCCTTGCGCCTTCGCCTGTTGAAAGTTCCCGAATTCCAACTCTTTGCTCCCGCCGAACTCCGCCGGAAGGGCAAAACCGTCGAAGACGATCCGGGCGCTGTTCAACGGCTCGATCAGCGCAATGAGGGCTTTCGCCACCTGGTCCGCCGGAAGGATCTGCGGTTCCGGCAGGGCGCTCTCCGCTTGCGGGAACTCTCGAAGGGTCTCATGGAGTTTCACCTTCGCATCGTTCATCATCAGAAGGGGCGTCAATTCCCAGAGTTTCTTGAAAATATCATCGTCCCCCGGCAGCTTCTTCGCCGATTCGATGACTTTGATATGCATCATCGGAAGATCAAACCGCTCCAACACCGGCCGCTTGCTCTTCTCATCGAGGCGAAGCCAACGGAGTAATCGGGGCTTGAGGCTCGGGATTTCGGAAAAAAGTTTATCGGCCAGTTTCGCCTGGACGTCGGCATGGAGCCCCTTCCCTTCAAGGAGCTTCTCCATCTCCGCCTCAACCTCCTCGTCGGGGACAAAACCGGAGAGGGCGTCGATCGTCGTCTTCTGCGCCTCCAGACGGAGCCCGGTGAAATTGACCTTCACCATCTTGATCAGCTCGGCGCGGGTTTCCGGAGTCTTGAAGGTTCCGATCAGCCCGACGACGTTCTGCTTTTGAAGCTCGTCCTGGACCCGATACATCAATTCGAAGAGCTTCGCGAGCCTGGCGGCGTTGGTCGGAAGATTACGGATTCCTTCTCTGGCCTGGTCTTTATCGAGGGCGGTGGTGGAGGGAAGCCGCGTCTGATAGAGATTGAAGAGCGCCTCCCAGACCTCTTCTTCAAGCGGAATCGACTGCTTCTCCTTTCGGGCCACCTTGGCCCGGGAAGCGAGGGCGATCGCCGCCTCTTTCCGAATGTTCTCACTCGGGCTCTTCAGCCCCACCAGCAAGGCGCGGATGACCGCCTCGGTACTCGGATAACCGACCGCAGGGCCCTCTTTCGGAAGGACCTGGATCAGCGCCCTCATGGTGTGGATGACGGTGTCATCTCCTTTGGAGGCGACCGCACCGGCCAAGAGGGTTTCGAGGCCCGCCGGCGGATATTTTCCCTGAATATACTGCGCGAAGAAGAGCAGGGCTTCCTCGCCCCCTTTCGGAAGCATCTCGATGAGAACGGTATTGGTCGCGTTATCGTGAGAGAAGTAGCTCAATGTTTTGTAAAGCTCGATCCAGACCGGATTGTGTCCGTCCCCTTCGGCCCGGAGGCGCGTCACCAGCAGGTCGCGCAATTTCTCTTCAAAGAGTTTCCGCTCTTCTTTTTTCTTTTCCGTCACCAGCTGGATGATCATGTTTCTTAGAAGGATCGCCGTTTCCAGGCGGATCTCTTTCTGGGGAGCCGAGAGGAGGGAGGCAATCGAGCCGATGGTTTCAGGATTGAATGGAAGCCGCTTGAGGAGCCGCATTTCGAGTCTCTGAATCCACTGCACCGGCTCTTTTTGTACGATCGGTATCAGGACAGACACAATCTTCGGATCCGGCGCCGTGGTGCTATATACGAGTTTCTCCACGGTCGATTGCCGCACCGCATCCGGCGTCTTGGCCGGGTCAAGCTTCGCTTCCAAATCTGTCACCATCCGATCCCCCTGTAGAATGTTCTGATTTAAAAAAGGTTGCAATTGTCCTTTATAACCCATCTCCGGGTCTGAATTCAAGAAATTCTTGACAAAAAAAGAGGGGCACGGCGCCGCCGTGCCCCTCTTTCCCTCTCTGGTTCTTCACCGATATTCTATGATTTCAGCATCTTCCGTAGAAATTGTCCCGTATAAGACTGTTCCACCTGGGCCACCTTCTCCGGAACGCCGGTCGCGACGACCTCCCCGCCCCCCGTTCCCCCCTCCGGGCCGAGGTCGATCACCCAGTCGGCGTTTCGGATCACATCGAGATTATGCTCGATGACGACGACCGTATTCCCCGATTCTGCAAAGCGGTTCAAAACATCGAGCAACCGCTGAATGTCGGCAAAGTGAAGGCCGGTCGTCGGCTCGTCCAAGATATAGAGGGTCTTTCCGGTGGGACGTTTGGAGAGCTCCTTGGAGAGTTTCACCCGCTGCGCCTCCCCGCCCGAGAGGGTCGTCGCCGACTGCCCCAGCTTGACATAGCCGAGGCCGACCTCCTGAAGGGTGAGGAGCTTGCTCTTGATCGAGGGGATCGCCTGGAAAAAATCCAAGGCCCCTTCGACCGTCATGTCGAGGACATCGGCGATGCTCTTCCCCCTGTAGAGGATGTCGAGGGTCTCCCGGTTGTAGCGCTTCCCGCTGCAGACCTCGCAGGTGACATAAATATCGGGGAGGAAGTGCATCTCGATCTTGATCACCCCGTCCCCCTGGCACGCCTCGCAGCGGCCCCCTTTGACGTTGAAGGAGTAGCGTCCCGACTTGTAGCCGCGCATCCGCGACTCGGGAAGCTGCGTGAACAGATCGCGGATAAAAGTGAACACGCCGGTATAGGTCGCCGGGTTCGAGCGGGGGGTCCGCCCGATCGGCGACTGATCGATATGGATCACCTTGTCGATCTGATCCATCCCGTCGATCCCTTTGCAAGCCCCCGGCTTCTCACTGCTCCGGTAGATTTTCTGCGCCAGATTTTTATAAAGCACCTCCAGGACCAGGGTCGATTTGCCGGAACCGGAAACACCGGTCACACAGGTGAGCAGCCCCAGCGGAACGTCGACCTGGATGTTTTTCAGGTTGTTCTCGGTCGCCCCCTTGATCTTGAGATATCCCTTCGCCTCCCGGCGGCGCGGCGGCAACGAAATCGACCGCTCCCCGGAGAGATACTTCCCGGTGAGGGAGCGGGGGTGGGCGAGGATCTCTTTCGGCGTCCCCTGCGCGATGATCTCCCCGCCATGAATTCCGGCGGCGGGGCCCATGTCGATGACCCAATCGGCCGTCTCGATCGTCTCCTGGTCATGCTCGACGACCAGCACGGTATTCCCCAAGTCGCGCAGGCGGCGTAGGGTATTCAGCAGCCGGACGTTGTCCCGCTGGTGGAGCCCGATGCTCGGCTCGTCGAGGATGTAAAGGACGCCGACGAGCGACGAGCCGATCTGCGTGGCGAGACGAATACGCTGCCCCTCCCCGCCGGAGAGGGTCCCCGCCGCCCGATCGAGTGTGAGGTACTCGACGCCGACGTTGGCCAAAAATCCGAGCCGGTCGCGGATCTCCTTCAAAATCCGCTGGGCGATGACCCGCTCCTTTTCGGTCAGATGGAGATCGAGGATAAATTGAAGCGCCTCCTGGATGGAGAACTTCGTGATCTCGGCGATCGACTTGGCGGCGATCTTGATGGCCAGACTCTCCGGCTTGAGACGGTTTCCTTTGCAGACGGGGCAGGGGTTCATCCCCATGAACTCTTCGATCTCGGACCGGATATAGGAAGAGTCGGTCTCCTTATAGCGCCGCTCGAGGTTGCGGATCACCCCCTCGAACGGCCGGCGGAAAAACTCCCTGCGGCCGTCTTTTTCATAGTAGAAGCGGATCTCGTCCGTGCCCGACCCGTAGAGGAGGATTTTTTGATGCTCCGGGGCCAGCTCCTGGAAGGGGGCGCGCAGGTCGAAGTTGTAGTGCTCGGCGAGCGCTTCGAGCATTTGATAATAAAACATCGAGCTGCGCCGCTCCCAGGGACGGATCGCCCCTTCGCGGATGGAGAGCTGCTTGTTGGAAATGACCCGGTCGGGGTCGATGTCAAGGGTGGTGCCGAGGCCGTCGCAGGAG
CP114555.1_gap13	925388	928427	3039	CACCGAGCGCGGGAGGGATCGGACTGACCCCGGAGGCGGTCGCGAGCGCAATGATCACCGGGATGATCATGTTGGCCGAGGCGGTGTTCGAAGTCAACTCGCTGACGACGATCCCGAGAGCGATGGCCAACCCGGTGATCCCCCAGAGCGAATCGATTTCGAGGAACGAGAGGAGCCCCTCACCGACCGCCTGTGAGAGGCCGGTCTTGAACATCAAATCCCCCAGTGCCAAGCCGCCCCCAAAGAGGAGAATCGTTCCCCAATCGATCCCCGCGGCCTCCCGCCAGGAAAGAGTGTATTCCTGTTTGGACCAGTTCGTCGGCAAAAAAAAGAGGAAGCTCGCCGCGACGATCGCCGCCGCTCCCTCGGGCAAGCGGCTGTTGAAGAGCTTGACCGGCCCCCCCTCCGGCCCGAAGATCAACGCCAAAAATCCTGGGAAGGTCCAGAGAAACACAGCCAGGAGAAAGGCGAAAAAGGTGTTCTTCTGGCCGCGGGTCCAGGGGCCGATCGCCTTCCTCTGGGCCTGAATGAATTCCGAGACGCGTCCCGCACGCATCGACGGCCCGGCCGGATGGAGGAAGAGAAGCAGGAAGTAGAGGACGACGTACATCACGAGAAGGAGGGGAAGGGCCAGAAGCATCCACTGAAAGAAGCTGATCTCTCTCCCCGTTTGCTTGGCGATCATCCCGATCCCGATCAGGTTCGGGGGGGTGCCGATCGGGGTCCCGACCCCGCCGATCGAAGCGGCATAAGCGACCATCAACATCACCCCGACCGCGTAGGGTTGCAGCGCCCCTTTTTCATCGGAGAATTCCTTCAAGGAAGAGAGGATCCCGAGGGCGATCGGAAACATCATGGCGGTCGACGCGGTGTTCGAGATCCACATCGAAAGGAAAGCGGTGATCCCCCCCAGCGTCCAAAGGATGCGGGTGGGACGATCCCCGACCCATCGAAAAGAGAGAAGCCAGAGCGAAAAGCGCCGGTCGAGGCGATGCCCCTCCATCGCGCGCGCGATCAGAAAACTTCCGATGAAGAGAAAAAGGATCGGGTTGCCGAACGAAGAGAGGACCGCATCGGCCTTCCCGATCCCTAAGACAATGGCGAGGACCGGTCCGAGGAGCGCCGTGATCGGAATCGGAATCGGCTCGGTGATCCAGAAGATCACCACCCCCGCCAACAGCGCCGCGAGGCGATGCGCCTCCGGGGACAACGAAGAGGGGAGAAGAAAAATGATCAGCGCCGCCAGCGGCCCCACGATCAACCCGAGCCGCTTTCGCCACCGTTCGAAGCGGACCTCGGCCTCGGAGAGGACCTCTTTCGGTTCGGAATCGGAAGGGGCCGCCTCTACCTTCTCCTGAATCTCTTGCGTCACAGAATTCTATTCTCCCACGAGGTGAACCAAAACCGTCCGGGCGTGCCCCTCGCTGCGATGCTCATAGAGGTAGATCCCCTGCCAGGTGCCGAGGGCGAGCCGGCCCTGCCGGATCGGGATTGAGAGGGAGACGGCGGTGAGGGCGGCCCGGACATGCGCCGGCATATCGTCCGGTCCTTCGGTCGTATGCCGGAAGAGGGGATCCCCCTGCGGGACGAGGCGGTTGAAGAAGCGCTCCAGATCGCGCAAGACCTCCGGATCGGCATTCTCCTGGATCAAAAGCGACGCCGACGTGTGTTGGATGTAGAGGGTCAAGAGGCCGTTCTGAATCGGGTGGCTTCGCAGCCACCGCTCCACCTCTTCCGTGATTTCATAAAGCCCCCTTCCCGAGGTCTTAATTTGAATTTCACCGCTCTTCTGCTGAATCACCCCGGTCTCCTTTTTTATGTGGGGCCGGCGCTGGAAGAAGTCTTTGATTCAGATCTCGCACACCAGGCGCGCCATGCCCCAGATCGATTGTATGTGGGGCGGGCGCTAGTAGAACTCTTTGATTTCAGATCTTCTCACCAGGTGCGCCATGCCCCACACCCTATGAAACGTCCTCCGGCGTCCGCTTCTCCTCCACCGAACAGATCAGCTTTCCCCGATGAAGGGTGATCTCGATCTGGTCGCGGAGGGCGACCGCATCGGCATCCCGGACCACCTCGCGCGAGGGGACTTTTCGGGTGATGCTGTATCCTCGATCCAGGATATTCAGGGGGCTGAGGATATTCAGCTGGACCATCTGCGATTGGAGCAGGCGCCGCCGCCGCAAGATTAGATCGCTTCCCTTTTGGGTCAAATTCAAATTCAGCTCCGTCAAACGGCGCCGGAGCGCCTGGAGTCGATCGATCGGGTTTAAGTGCGTCAGCCCCTGTTGATGGCGAACCAGTTTTGCCCGCCGCTCCGACAGCAGCCGCCCGAACGACTGACGAAGCCGGATCGCCAGATGATCGACCCGATCGCGAAACTGTCCGATCCGTCGGACCGGATCGGCGAGGAGGCGGGTCTCGTATTGGAGATGATTTCGTTCGGCCTGAATCCGCGCCCGGATCGTTTCGACCAATGCGGCATTCAAAGAGTAGAATCGACCGAGCATCTCGGCGGCGTTTCGAACGACGATCTCGGCCGCAACCGAGGGGGTCGGCGCGCGCAGATCGGCGACAAAATCGGCGATCGTCGTATCGGTCTCATGCCCGACCGCCGAGAGAACCGGAATCTCCGACCGAGCGATGGCGCGCGCGACAATCTCCTCATTGAAGGCCCAGAGATCTTCGAGCGATCCGCCGCCCCGCGCCAGAATCAGAAGATCGACTCGCTCCGCCAAGGAACGGCGGCTCCTTTGGTTCAACCCATCGAGCGCCCGGGCAATTTCATCGGCCGCCCCCTCCCCCTGAACCGCCACCGGATAAATCAGAATGGAAATGGGAAGCTCGGTCCGTTTGAGGACCTTCATCAGATCCTGAAGGGCAGCGCCGGTGGATGAAGTGATCAATCCGATCCGCCCCGGCAGATGGGGAATCGGTCTCTTCCGGCCCGGATCGAAAAGCCCTTCGCCGCGCAACTTTTCCTTGAGCGCCTCGAAGGCGGCCTGCAGCGCCCCCGCCCCCCGCGGCTCGATGTAATCG
CP114555.1_gap14	1096876	1097692	816	AGAAGTATCCTTTCACTTTTCCATCGACCCAATGCGGGGAGTAAGTCGCCCGGATATACCGCTCCCCGCCCTCCCGATAGGGAACTTTACCGTCAAAAACGACACGCTCCCCTGAGAACACTTTTTCGATATAAGGAAGCAGGGCGGCATAAGCCCCCTCACCCAGGATCTCTTTGACATGTCGTCCATCAAGATCGGATGGTTTCTGGCCGAACCACTCTTCATACACCTTATTATTGAATCGGTATCGATGCCCCGCATCGACATAGGCGATGAGGGCCGGCACCGAATCGGTGATGAGACGGAGTTTCTCGATCTCCTCGGCCGCGCTCACCCCCTCCGACTCGCCTCCATCGCCTGGCGATTTCGGATCTTTTCTCCGCATATTTTCTTTCATGTCGTCAGTAAAAGGATCGGTAAGTATAGATATGTGATTTTAAGGGAATCGAGGAAAAAAATGCAACCCCATGACTGGATCGGAAATCGTCTAAGCGGACCCGATTGGAAGCAGGCAAGATCATGAAGCTCGAACAAAAAAAGGGAGCGACCGAAAGGTCGCTCCCCTTTTGAGAAGATCAAGCGCTAGAACCCAAGGCTGAGTTGGGCGACATGACGTCGGTCGGAGCGCTGTCCGGAGAAGGCCCCGATTTCTTCGGCATAAGTCGCATACGAAATGGAGAGAATCCAAAAGTCGACACTGGCGCCGGCCGTCAGGTAACCGCCGTTCACCCCGGCCCGGACGGCCAGGATCATCGGGAAGCGGAACTCGGCGCCGAGATGAAGCCGCTTGTAAAGGTCGTCGTCTCCTTCGACCTG
CP114555.1_gap15	1107682	1112544	4862	AAGGCACTCGGAGAGCAGCATAAATTTCTTGACAAAGAGGATAATTACAGATATTTTCGTAGTCTGGTAATGACCTCTCGAAGTTCAGATAAAATTTGGTTCGCCGTTCGATCATCTCGTAGTCGTCAGAAACGGAGAAACCAAATCGGGAACGGGAGAGGTCGGCCCGTTGCTTCATTAACACTTAAGAAAGCTTAATCGATTACGTTTCAGATCCTAAAATATGGAATCGTTTTACTTCTTCTCCTGACCGGAACCGGAAAAAGCTTCGCCGCCGAAGAAGAAGGAAGATGGGAAGTCGGGATCTTCGGGGGCGTTTATAAGCCGTCGCTGAGAACGCTAAACAGAATTTTAAATGAGCGCAGCTCGGCGATCCTTCAAGATCCGAATCACCAACTTCAGCCGAATGAGGAATTTACTCCGGCGGTGAGGAACCTGGAGGTTCCCTCTTTCGAGGCCGACCGGGCCTTCGGTCTTGAGCTGATGCGGGAGGTCAATCGCCGGCACGCCTTTGTGGCAACCCTGAACATTTGGGACGGGGAGACGACAGGGAACGACATCGCTCCACAGATCACAACGGCCACTGCGACCACGTTTGATCAGGTGCCGCGGACGAGCCGATATAACGTCTCGATCACAAATCTCTGGTTAGGTTGGCGTTATCATATCCCGATCGTGGAGGAAAAGAGCCGGGTTTATTTCGATATCGGCTTGATCGGTCTTGCATACGGCCAGATGACGATCGATACGTTGTTGCGGGTGACCGACCCCGTTGCCGAGCCCTTCCCGGTGGCCAGCTCACTGGAAGCGGAGGGGTGGGGATTCACAAGCCGATGGGGATTCGGCGGCACCTATTTTTTGAAAAATTGGATTGCAATTTCATTCCGAACCAGCTATATAGTAGGAAAGATTTCCAGGTTGAAAATCAGGCGGTTCTTCCCTTCGGGATTCTCTGCCGATCCTCCACCCGAGTCACAGACGGGATGTCAACCCGGCGAGCCTGATCTTCAGCCCCGTCCCCAAGAGGGAGAGGTCGTTACATACGGAGAGGTCCAACGGGGAGGGGTTCCAACATGTGAAATCCGATCCGATGTGAGACATCTGCCGCTCGAATTGGACGGCGTGGAAGGAATGATCGGAATTCATTTTTATTTTTGATGATTTTAAATAGCCCATCATTATATAATCGAATGGGCGGATCGAGTACCAGGGAGATTTCCACCGGGAATCGTAACCACGAAGGCAGTGGGTTGCAAAGCGGATCAGTACCTGATCGGGTAACACACTCGTAATTGCTTCCATCGACGCAACGACGATTCATCCTTTGCTCAGAGCAAACCTCTCGAAAGGGAGGGACGCAGAGCAACGAGGCTAAAGCTGAAAAGCCATGCCTGTCGAGCCGCCAAAGGGAATTTCTATGGCGGCTTTTTTTATCTGCGGTAATTTTATGAGACGAAGCGGTCTATTCAGGTGGTTATCCCGGCAGGCATTGATCGTCCTTTTCGGAGGATTTTGGATGATGGGCCTTTTGTTTTCCCCCTGGGAAGTCGCGGCCCAAAACACGGCCACTTTTACCATTACTTCGACCAACACCAACCTTCTCAATAATCCGGTTCTCGGCTGCGCCGCCTGCGCTTCCATCCCGAATCATGATCCAAGCACCGTTTTTCCCGACACCTCGACCCCTCTATTTCAAGGAGATCCCAGGGCTGCCGAACTTCCAAGTATTATTGCAAACGCGCTCCCTCCAAACAATCAATTCGGCGTCGGGATTCCTGCAGGCGACAGCGGAACCCCGCTTTTTCATTCGACCCCGTTCGATCTCACCGAAAGCAACATGACCCTTTCGTCCGAAAACGAAATGTCTTCCCTTCCGATGGCGAACGGCCGGAGCAATACCTTTACCTCCCGGATCAGCCAAACCGTCGGGCCAACGCCCGGCACATCGGAGATCGGGGGCCAACAGTTTTCAATTCTTTTCTCTATCAATTCATTAACCGACCCGGACGGCAACCTCATCGGAAGCGCGACCGGAACATTCACCCAAGAAATCGACGGCGTCGTCACACAGGGAACGATTCAATTCGACAGCGTAAACGGATTCAGCGGAACGAATTTGCATCAGTAGTCGGAGAGTTCATACGGCTTCTCCGGTCCAACAGGGATCGGAGAGGGCTGCCGGGAAGTGAGGCAGCAAAAGCAACACCTAAGGTAACATCTAAACAAGGAGGGTGTATGAGAATCAAACAACTTATGACGCTCGGGACGCTGGGGGTTTTCCTCCTGGCCGGAGTGGCGTTTGGTCAGAACATCCAGACCAACACCACCAGCACCACGCTCGGGTCGACGCAGTTCGGCTTTGCCATTACAGCGGCACAGCTTGGGACAGTGATGCAATCGGTCACCGCCCCTACCTGCGGAGCCCGGACGGCTGGGGTGATGGACTGTACCTTGGACAACTACGTCAAGGCGGTTGGGATGCCCGGCTCTTTTACCGGAAACCCCAACAAAATCGTTTGGGCCAGAGCCGATTTTGGCTGCGGAACCCTTTGCGGCACCAACGGGGGTTCGGACCCGCAGACCGCACCTGCCTTTGGCGGAATAGTGGGGGAAGTCAATACCCTCACCGGTATTATCAACTCCAACATCGACCTGGGTTTGGGAACCGTCGCAACCGATCCATTCCATGCGGCGGGACATATCACTTTTACCCTCGACCCGGCCACCATGACCGCTTCGATCGATCAACAGGTCGTTCAGGTCATCAACAATGCAGGGGGTCTCACCATCTCGTTCACCGAAGACCGACACCGCTCCGACATTCACCGCGTCGGCCGATCCGAGTCAATTCGCCTTTGATGGTCCGGTCAACATGACCGCCGGAATGCAGTTAACGCAAACCGGCGACAGCGGGATTCCTACGGCGACACCGTTTACATTAAATGTCACGGTGCCGTTCCCGTATGCCCAGTGCCTGGAATGCCATCCCTCCCGGATTTACTGGGAGCGCTTTCCCACCGGAAAGAGCCTTCGAAACGCCGGGGTTGAATATCTCAACAACCAATCCCGACGAGTTCCCGGTATTTTTCTAACCAACACCTCTTCTCCTGGGGGGAAACCATCCCCCAGGAGAAGATCCTCTTTGGAGAGGTTGCTATGGACGGCAGGTGATTATGAAACAAAGAGACTCTTTTTTTTGAATGCAAATTAATTTTTTACTATCTTCCCGCACTTCCCGCTCTTTCCGGTTCGAACCCGAAAAATTCTTACCCTCCTGCAGAGGATTCCTTTCGATTTTCTGCTCTGTTTTTCTTCTTTTTTTCTATCTGATCAATTATTCAAGCGCACTGGCCGCTTCCCCCGAACTAAAGAAACGATTCGACAAAGGGGTCGCCTTGTTTCAACAAGGAAAAATCAATGAGGCGGAAACGGAATTTTTGGAGATCCTTCGAGAAGATCCCACGCTGGTTCTTCCTCACGAACATCTTGGGTTGGTCTATGTCCAATCAAATCGACTCGAAGAGGCAAAAACAGCTTTTGAAGCGGTAATCCGAAAGGCATCGACCTACCCCGGAGGATATTTCGGCCTCGGTCTCGTTTACAGAAATCAGGGAAAGACCGAACAGGCCGAGGAGCTTTTCAGAAAAACGGTTACGTTATCTCCCGCGCATATTTCCGCCTGGATCCACCTCGGCCAAATCTTGGAGAAACAAAGGAAGATGGATGAAGCCGTCGCGGCTTATCAGAAAGTCATTGAGCGCGGCCCGGCGGCATCCTCGGAAGCGCGTGAGGCCGAACAGCACCTGAAAGAGCTGGGGGACACACCGGAGATCGCAAGGCAGGTTCAGACGTGGGTCGCTCAAGCGGAAGCCCGGCTCAATGAGGGGAATGCGAAGGAGGCGTGGGCTCTTTATCAGAAAGCGGCGGAGCTTCTTCCAAAGAGCCTCTCGATTCGACTCTTTATGGGGAGCCTGGCTTCTCAACTTGGAAATCCAACCAAGGCGGAAGAGGTCTATCGGGAAGCGATTCAGATCGATTCCACCGCCCTTCAGCCCCATCTCTCCCTGGCGAAACTCTACGACCAAATCGGAAAAACAGATGAAGCGATCAAAGAGTATGAAGCCCTCCTTCTCTTAAATCACGACGAAACCCTCCCGGAAATTCGATCCGCCAAGGAGGCGCTTTTTCTCCTGCTGGACCGGAAAGAAATCCAGGAACTGACCCAAAGAGGGGAAATTCTGACACAAGAAGGAAAATGGGGGGAGGCCCTTCAATACTTTCAGGCGGCTGCGGCGATCGATCCCGGGCTTCCGGTCGTCCATCACAATCTGGCGCGGTTCTACGACAAGACCGATCGGCCCGATCTGGTCGTTCAAGCGGTGAATGAGGCCCTCCTTCTGGAGCCGGACTCCCGCACTCTCCATCTCCTCCTCGGAAAAGCCCTCCGCGCAGAGCGCGCCTTCAAGGATTCTTTGGCCGCCTACGTCAAGACCCTTTCGCTTTCCCCAAATGGCCAGGAAGGCCTCTTCTATCTGGAAGCCCAGGCCGGGCTTCTCCAAACGGAATTTGAGATGCTCAAGGCCCCCATTGAGGCGGCCTCACCTTATCGGGACGGGCTCCAGAAGAAAGCGAGCGGAGAGCTGGACGAAGCCCAGATTTCGCTGGAGCAGGCATCACGCCTCTCGCCGGGAAGCCCTCTGATTCACCATGCTCTCGGAGAGGTTTACGAGAAAAAAGGGGAAAGAGAAAAAGCGATCGCCGCCTTTGAAGAGGCCGTCGAACTCCACCCCGGCCTCTATCCGGCTTGGCGGGCGCTCTCCCGGCTTTACGCTCAACAAGGACGTCACGCAAAAGCGCTCGAT
CP114555.1_gap16	1143337	1148199	4862	TTGTTTGATCCGGATCAGCCGGGCTCCGGGGATGTCCCAGGCGAGCCGCTCGCCATAATCGACCGGCTGCAACCGGTCGTCCTCTCCCCAGAGGATCAATGTGGGCGCGGTGATCCGTTGAAGGAGCGGAACGATTTCCATCGTCTGATTCGTGTCGACCGCCACGGCATCCCGAATGAGCGACAGCTTTCCCGTCTCGGTGGCATAGGGGATGAGCAGACCGTCCAATAGATCGTTGGACGGAGAGGAGGTAAATCCCATCTTGAGGCCCTGTTTCATCAGCAGGATCGCAGTCCGGGCAGAGAGCCGCCGCCGCGTTTCGGGATGGCCGAGTTGCAATATCGCTTCCACCGGCCAGGAATCGTAGCAGACCGAGTTCATCAGACAGAGACGGTCAACCCGCCCGGGAAAGAGGGTCGCCAGCCGCAGGGCCACCCCGCCGCCGATGTCGTGCCCGACGAACGTCGCCCGCTCCATTCCGATCTTCTCCATCCAGACATTGATCGCTTCGGCCTGTTTTGCAATAGATCGATCGAACTTGTCCCGCTTGTCCGAGTAGCCGTAGCCGATCAGATCGGGAATCAGGACGCGGTGCGATCCGGAGAGCGAGGGGAGGAAAAGATGCCAAAGAAACCCCCAGGTCGGAATTCCATGAAGGAGGATCACCGAATCACCCTCTCCCTCGTCGACATAGCTGATGAAACGATCTCCGATCTCGGCCACCCGCTGCTTTGCCTGATATTCTCTCCAGTTCACGCCATCCCTCCTGCCGCGACAACCTGTCGCCGGGAAGGGGCGGGAAAAGGGGAGGAGGCCAACGCGTCGGGATCTCTCCAATCGCATTGGAGAAGGGCGATATTCAGGATGCAGCGGGCGTATACACGCTCGAAGTCCGACGTCAGCGCAGTGATTTCTCCAACATCAGGGACAACCCCCTTTACCTTCTCCCTCGGGATCGACACACGATAGGGAAGGTTGCCCGCCTCTTTTCGCGCCGTCTGCTTCAGACGCTCTTCGGCCTGTTTATACTCCGGGCCGACGATGATCGGCATCAATCGCTTCCGGGCTTCAAACAAATAGTCGGGCCAGAGCGCCAGGGTACGGACATCCATGAGGACGCTCGGAAGCTTCGAGGTTTTTTTTATCTCTTCAAACAACGCTCGAAGGCGGGGGTCTTGCGGCTCTTCTGGCGCCAGCTCCATCGCAATCATTCCGGCAGGGGCGCCGCGTTCGATCCGCTCCAATTCCCGGTTCTCCTCTTTCCCGATCCGCTCGCCGGCGAGAGCGCGTTGAACGGCCGAAGTCAGCACGAGCAATTTTGGGTAGAGATAGTGATAGAGATCGAGGGAGGCGCGAAGGTGATACGTTTGACTCTCTCCCAGTCGCACGCGCGCAGAGACATCCGGTTTTTCCATCGGCTTGATCAGACGGGCCGCCTCCGCGCGGAGCCGGTCGGATGCTTCTTCATAGAGACGGGTCTCGGCATTCGGCCGAAGGGCGCTCCAGACCAAGGGAAGAAATTTTCCGTAGCCTGCCCAGCTGCAGAACAGTTGAGGAACGCCGGTGGAACGAAGGGTCTGGCGGATCTCATGATAGATCCGCTCGGTCTCTCCGGAGGTCTCCTGCTCCGGAATCGGCTTGGTTTTATTGAAAATCGCCATCCGCGCACTCCAAACCACTTTTTCTATTTTAGAGAGTTCACCCGGCGCGGACAACCTATCCGATAGGATTATCCCGGCAAAAGAAGAGCGCCGAGAAAATCAAAACCGAATCAGCCAGCGGGCCAGCTTCGGGAACCAGCCGGTGAAGAGTTTTTCGCGGAAGTATTGATCGGCCGCCTTCTTGACCCCCTGGGAGAGGGTCGGGTAGACATGGATCGTGGTGGAAAGGGAGGTGATTTTCAGATCGGCTTTCATCGCCACGACATATTCATGCAGGAGATCTCCGGCGTTCGGGCCGATCAGGTGGGCGCCGACGATCCGGAGCCGCCGGTCGGCGATCAATTTGATGAAGCCGGCCTCCTCCCCTTCGATGATCGCCCGATCGACCTGCTTGAAGGGAAAGCGGTAGACATGCATCGGGCCGGTCTTCTCCCTTGCCTCCGCCTCCGTGAGGCCGACCCGCGCCACCTCCGGATCGGTGAAGGTCACCCTGGGAACGACCCGGTAATCGACCTTCCGGCGGACGAACGGGAAGAGGGCGTTGGAGACGACGATGCCTCCTTGGTATTCCGCCATGTGGGTGAACTGATACGGTCCGACCAGATCGCCGCAGGCCCAGATATGCCGCGCCGTCGTCCGGAGGGCGGCGTCGACCTTCACCCCCTCCCGGTCATAGGCGACTCCGGCCGCTTCGAGCCCCAGCCCTTCGACGTTGGGCGCGCGGCCGACGGCAACGAGGATCTCCTCGGCGGCGATCCGCCGAACCCCCTCTTTACCTCCGACGAGGAGAACTTTTTGATTCCTTTCCCGCCGGACTTCTTGAACCGAAGCGCCGGTCAGAAAATCGACTCCCTCTTTTCGGAAGATTGCTTCGAGCGCTTCAGAAATTTCTTGGTCCTCATTCGGTAGGAGACGACCGGCCTTCTCAATGACCGTGATCCGAACCCCCAGCCGGTGGAAGATCTGGGCGAATTCGAGACCAACCGGTCCCCCCCCGATGATCGCCATCGTCTCGGGACGCTGTTTGAGCGCCAGTGCGGTGACGTTCGTCAGAAATCCCGCCTCGGCCAGACCTGGAATCGGCGGGACACCGGGTCGGGCGCCGGTGGCGAGAACAAACCGCCGCCCGGCAATCCTCCGGCCGTCGACTTCAAACGTTTTCGGATCGACAAAACGCCCCTCTCCGAAGAAGAGCCGAATCCCCATCGCCTCAAACCGTTTCGGATCGTCATGCTCGCCGATCCGCGCGACCATCCGCCGCATCCGTTCCATCGCCCCCGTGAAGCTCTCTTCGGAGGAAACCACCCGGCCGAGGCCGAACTCCTCCGACCGCCGGATCAATGAGAGGACCCGCGCGGAGTGGACCAGCGTTTTCGTCGGAACACACCCGTAATAAAGGCAATCTCCGCCGAGGCCGCGCTCTTTTTCAACCAGCGCCACCCGCGCCCCGAACTGCGCCGCCCCGCTTGCGACGACGAGCCCGCCGGCGCCCCCTCCGATGACCACGATATCGAATGGGTCAGACATTATTTCGCCTTTAAGACAAGATCGGAATAAAATGCCGTCGCCTCTTCACCCGTATCGTCGGTGTCGGTCATCACGGCGATGCCGGAAAGGGGCGGCGGCTCCTCATCGAAGAGCCATCGATAGTCGGCATAGAGGCTCCGGGCTTGGCAGACCCATTCGCCGACCCGCTCATTCCCGCTCTCGACGGCGACCATCCGCGCCCGGTCGGTGTAAGCGTTTGCGATCGCCTCCCCCTTCGGAAGCCGGTTCGCCCAGATGTAGTTGATCGCCGCCTTCGGCGGATACTCCCCGTAGATCCGCTTCAGGACGCTGAACTTGGTCCGCTCCCAAAAGGTCGCCTTGTCCGGATCGAACCGAAACGTGACGTAAACCCGCGCGGCGTAGTCATCCCCCTTCTTCTCCGTCTCATCCCCCTTCGAAATGATCCGGTCGACCTTCCAGCACCAGGAAAGGGTTTCGTATCGGCGAGGGTCAAGATCGAGCGGGTAAATCAAACCGGAGGCCGACCGCCGGCTGACCGCCCGGATCACCGGGCGTCCTTCCTCTTCTAGAAGATGATAGTCGGTGTGGCGGGAGATCCGCTGGAACGTCAGCGGCCGCCATCCCTCCGGAAGGCCGCTCTCACCCTGCCGATTCGTGAGGAGGTCGATCCGCTCCTCCGCATCGGCTTTTTGAATCGCAAGAAACGGCAGAAGGAGCGCCGTCCCCCAAATGATCACTTTTGGAAGGGAGTCTTTCGATCCCTTCCAGCGCCGATAAAAAAGGGGGATGACGGAGAGGGCAACCAGCAGGGCCAGCCCGATGAGGAACGCCGGCGAGAGATCCCCCTTGATCAGATCGAGGAGCGAGCTGGAGAAAATCACATAGGCGGCGGTCCCGGGGAGCATGAAGAGCCAGGAGGTAAAGAGATAAATCGCAAAAGGAATTCGGGTCAGGCCGAAGGCATAGTTGAGAAGATTAAACGGGAAAAGCGGGATCAAGCGGGTGATGGCGACAAAGACCCAGCCCCGCTCCGCTACCCCCGCGTCGATCCGCTTCCATCGCTCTCCGAGCATTTCTGAAACGGCTTCCCGCGCAAAGTAGCGGGCCACCAGGAAAGCAAGCCCCGCCCCCAGCGTCGATCCGATCGAAGCGTAGACCGTCCCCCAGAGGGGGCCGAAGGCCAATCCCCCGGCGACGGTGATCGGGAGGCCCGGCAGGAAGAGGACCGGGGCGATCGCGAAGATCAGAATATAGAGAAGCGGTCCCCAGGCCCCCCATCGATCGATCCCGCTCCGGAGTTGTTGCTGATCGAGCGCGTCGTGCAACCCGAGCAGCCGGACGGCGGCGACCAGGACGATCAGGAGCAGCAAAAAGAAAAAGAAGCGTCTCTTCGAGGCCATACCCCTCCTGTTTTTGCTGATTGTATCGAATCGGGCCTGGAAGCGCCAGCGCAAAAACAGGAGGAATTTCAGACAGAGTCCTTCCGATCGGGAGAGGAGAAGACGGATGTCTCAATACATCCGAAGAGGATAAGGAGGAAACCGAAAAGCTCGCCGCTCTCCTCGACGATCCGGGCCACCGACCGGATGTAGTGCTCCTGGAGCGCCGCCTGCCAGAAACGCTGTTGTCCCAGAAGAGGCGTAAAGAACATCACGACGAGCAGGCCGGCCAAAAACAATCCAAAGGAACGAG
CP114555.1_gap17	1149977	1152848	2871	TCCATCCGGCTGCATTTCATGATCTGCAAATGGTGCTTTCGTTACCAAAAACAAATCCGCTTCATCCACAACATCCTGGGCGGTCATCCCGAGAAAGTCGGGGAGACCGCCCCCGGCGCTCTCTCCCCTGAAGCCCAGGAGCGAATCAAACAGGCCCTCCGTCCAAAAAGCAAATAACTCCGTTCCTTTCCTGAGTATCTATGTAAGGATTTCATTTTTCCCCCAACTCATTTCCCCCTGATCATTTCCAAAGCGCTCTAAAAACCCTTTCTGTTTTTTTCTTATTTGAAATGTAAGGATTTCAGAATGGGGCCGACATACGTCCGTGCAAGCGATAGATCACCCAACTCAACATAGGAGAAGAACAATGAAGACAACGAGACAAGCACTTGCCGCATGGACGCTCCTCCTCTCCCTCTCCGCTCTTTCGCCGACAGCGCCGGCGTCGGCGATGGATGGGATGATGAAAGACGACAGGATGATGAAGAAGGGCCACACTCTTCTTCTACAGAGCGCGACCGAGAGCGCCGACCTGAGCAGCGTAACCCTGCCGATCTTCGAGGGAAAACGCGGGACGGAGACGGTCTGGTTTGTCGTGACCGAATCATCCAACAAAGAAGATGCCGCGCGGCGGAAGGTTCACTATTCGCCGAAGATGGCGAACGCCAAAGGAACCAACGCCGTCGAGAAGGTAAAGATCGTGAATGGAATGATCGAGTTTACCGGGAGCGTCATTTTCTCTCCGGTGCGCAGCGTCGTTCCGGGACCGACCGGCTTTCCTCCAAAAGAAGCGAAGCCGGGGGCAATCGCCGAAGCCGGTTATACTCCGCTCATCGAGCTTCCGGACGGAACGGTCTTGAACGCCCCCCACGTGAAGAACAGCACGGGAGAACATGACCGGACCGTCTCCTTCGATCTGAAGAATAAAAAGGCGACGTTCAAGATGACCCAGGGCTTCTTCGAAGGGAAGGTCGTCCACTACACCTCGTTCAACGCCTCCGATCCCGGCGTGGCGGCGGTGGAAGCGGCCACCTACACCCCGCGGCTTGCGGCAACCCCGACGAAAGGGTCGAGCGGTCCCGGCTCCGCCTTGATCGGATTGATCCCCTTTGCAAACGGCCAGACCGGAAAAATGAACCCCGCCCGGCAGGGGCTTGCCTCGGCGCTGATGGGTGAAGGCGATCCGTTCAACATCGTTCAGGAAATCCCCTTCGGCGATCGCGCCGAACTTTACACCCCCATGTGGGATGTCCACATCGCCGTCTGGAAAGCGGAGGCGATCGGCGCCAAAACAAACGCCGCTCAGAAAGACTTCAACACCGTCGCCCGCCTCGCCGCGGAGGGCCGCATTACCGGTCCGGAAGGCATGCCCTGGGGGGCGATCGGCGTGGTCGTGAACTGCCCGATCGTCAGCATCGATCAGTAAGATAAACAGCATCAAGCTCGCCCCGCCGGGGAAGTGACTTCGTTGCTTCTCCGGCTGGGCTTTCCATTTTTCCCCTTCCCCGAAAACCAACGCCGGAAGAGGATTGCAAGAACGGCCGGGACATGGTACACATCATCAGAATGCATTCTTCAGTTAGTCCAAATGATCGGACGACATACATCAAAAGGGGGAAGGAATGGAGACCTACTATCACCCGGGGGATCTTGGAAAATTTGCAGAGATGGGAAAAGGAAACAAAGAATTGTGGGAGAAGTTCACCAGCTATTACAACGCCGTTTTCGCCGAGGGGGCGCTGACCGAGCGGGAGAAGGCGCTGATTGCTCTGGCGGTCTCCCACGCGGTACAATGTCCCTACTGTATCGATTCCTATACCCAGGCCTGCCTTGAGAAGGGCTCCAATGTCGAGGAGATGACGGAGGCGGTCCATGTCGCCTGCGCGATCCGAGGAGGCGCCTCGCTGGTGCATGGGGTCCAGATGCGGAACGTGGCTCACAAGCTCTCGATGTAGCAGGAGAAAGAATGTCTGAAACGAGACTCAGCCTAAAGGCCCGAGGAAGTTTATTAACCTCGGAAACAGAGCAGCTCCGGATTCTCTCAGAGATCAAGGGGTGTCCGCCTTTTGATGAGCGGATGCGACGGGCCGGCCTCGATCCCCTCTACGCCACCGGCATTTCGATTTTCCAGATGAATCTCGGGAAACTTTGCAACCAGACCTGCCGCCATTGCCACGTCGATGCCGCCCCCGACCGCCGCGAGATGATGGCGCGGGAGACCGCCGAGGCCTGTCTCGATGCGCTTGCGGGGACCGACATCCCGACTGTCGATATTACCGGCGGGGCCCCGGAATTGAATCCGAATTTTCGATGGATTGTGACGCGGGCCCGCGAGCTCGGACGGCACGTCATCGACCGATGCAACCTGAGCGTCCTGCTCGTCCCCTCTCAGGCCGATCTCGCGTCGTTCTTGGCCGATCGGCAGGTTGAAATCATCGCGTCGCTCCCCTACTATCGCCCCGCGCAAACCGACGCACAGCGGGGAGAAGGGGTCTTCGAAAAGTCGATCGCCGCTCTCCAGCGTCTCAACCAACTTGGCTACGGAGTGGAAGGAAGCGGACTGATTCTAAATCTGGTCTATAACCCGGTCGGCGCATTTCTTCCCCCGAAACAAGAAGCGATCGAGTCACAATTCCGCAAAGAGTTGAAACATCATTACGGCGTCGCGTTCAATCATCTCTACACGATCACCAACATGCCGATCAGCCGCTTTCTGGAATTTCTGATCGAGACCGGCAACGTGGAAGGTTACATGGAACGGCTCGCCAACGCCTTCAACCCGGTCGCGGCGGCAGGGGTGATGTGCCGCCATACAATCTCGGTGGGGTGGGACGGCACCCTGTATGACTGTGACTTTAATCAGATGCTCGA
CP114555.1_gap18	1155099	1156532	1433	AATTGCTTGAGGCGGAGACCACATAGAAACGATCAAACCAGGTGGTCCCGACCGCGGAAGCGTGGGAACGAATCCCGGCGTATTCTCCCGTGCCAAGAGAGGAGTCGCTGACGGCGATCGCCGGCGTCCCTTCCCCGGCGAAGTAAACATTGATCGTGCTTCCTTTGATCACCAAACGGAGCCGGTAATAGGTGTTGTAGCCGATCGGCCGCGTCGTCATTGCAAGTTTGGTGTAAGCGCCGTTCACCTTCTTGAACAGAGCGATATCTCCCATCCCGGCATCGAGTCGAACATAATAGAAATTATTTGCATTCGACCACCGCGCCATCACCCCGCAGCTGCTGCCGGCGGCGGTCGTCTTGCAGTCGGCCGAGACATCCTGATCCGCTCCGATCGATTGGGTCCACCGCGCTTCCTGGCTGGCGGCATCAAGATTGCGGACCTGATTGCCGTTGATCTCGAAATCGACCATATACTCGTTCCAGTTCGCCCCCAAGCTCGTGTTATTGGCCCGATCGAACGAATCGCTGACGTTTGCGGGAGGAGGCGGGGCGGGAGCGGTCACCGTCAGCGGGAGGGTCGCCTGACGGAGCAGGCTTCCGGAGGCCCCTCTCACTGTGACCGAATAACTTCCGGCCGGAAGGGTGGCGAGCGTCCGGAGATTCACCGTGGTCGCGCCCGATCCGTTGGCCGGCGGGGTGACGGCGGCGCTGACATAGGTACAGGTTACGCCGGGGTTGGAGGTCGTGCAGGTCAGGGAGACCGAAGCATTAAAGCTGTTGACCGATGAAACCGTCAGTGTCGAAGCCGCCGTCCCTCCCGCCGTTGTGCTGAGTGAGGCGGGGGAGACCGTCAACTGGAAATCGGGCGCCGGCCTCACCGTGAGGGTGAACGTCACCGGGTGGGAAAGGTCTCCCGCCGCTCCGTTCACCGTGATCGTATGGTTCCCGATCGGCGTCGTCGGCTGCGTTCTCACCGTCAGGGTGGAAGAGGCATTGCCGTTGATCGGCGGGAGGACGGAGGAAGGACTGTAACTACAGGTCACAGTCGGATGGGAGGCGTCACAATTGATTCCGACGGAAGTATTAAAGCCGTCCTTCGAAGAGATCGTCACCGTCGATGTGGCCGTCCCTCCGGCCACCAACGAGGCGGAGGTGGGAGCGGCGGCGATCGTAAAATCGGGCTGTGCGGAGAGGACTTTGGCGAGTTCTTCCCTCGCCCGCAAGAGTCCGCTGCTCGACGTGGGGCTTCCCGGATTTTTGTTCCAGACATAGGTGATCAATTTTCTCGTCCCGTCCGCCGGGTCGACCGCGGCCATATATGGATCGAGGATGTTTTGTTTGATCCAGGCCTTCCCGTCGGCTCCTTCCTGTTCCTTTTTCGTTTCAACGAGGGTGAGATATTCGTAATCTTCAATCCCCTCTCGTAGCATC
CP114555.1_gap19	1185743	1190512	4769	ACCCGGCCCGGCGCAATCCCGGTTTCAGTCGAAGAAGAGGCCCGCCGTGTGGTTCCGGTCGTAGAGCGGCTGGCAAAACAACTTGCGATCCCGATCTCAGTCGATACGACCAAGTCGGAGGTGGCGCGGCGGGCGATTGAGGCGGGGGCTTCGATTATCAACGATGTCAGCGGTTTCATGCGCGACCCCCATATGTTGTCCGTGGCCGCAAGGGGAAAAACCGGTCTCGTCATCATGCATACAAACGGAACCCCAGAGACAATGCAGCGCCGTCCCCGCTATCACGATCTGATCGGAGAGATCCGCCGGTTCTTAAAAGAGCGGATCGACGCGGCCGTCGCTCACCGGATTCCAAGAAACCGGATCGCCGTCGATCCCGGCATCGGATTCGGGAAGACCGCCAATCACAATCTGAAAATTCTCCATCGCCTCGGCGATTTCGCCGATCTCGGGGCCCCCTTGCTGGTCGGTCCCTCGCGTAAATCGTTCATCGGACGGATTCTCGACCTTCCTCCCTCGGAACGGCTGGAAGGAACCGCCGCCGCCGCCGCGATCGCCGTCTTCCAAGGGGCGCGGATTATCCGGGTCCATGATATCAAACCCCTCGCGCGGGTTGTCCGTGTTGCGGAGGCGATCCGCAGGGAGAAAAGGAATCGATAATGGAAAACAGTCCCGACAAAAGGAAATCGTCCCGTCTGGAAGGGGTCACCTTCCCGGTGGAGTATGCCTTATCCAATCAGCACTTCCAGCGGGCCCGCGCAATGGGCATCGGCGAGGCCGGCTTCATGCTCCTTCTTGAAGAGACCCTTTCGATGGGAACGCCGCTTCAGGTGAAGCTCTATCTTCCCAAGACCCTCTTTCCCTTCTCGAACTGGCAGACGATTCCCCTGGAGGCCAAAGTCGTCCGGGTCGACAGCCAAACGAGCCAGGACGGCTGTTACCGCCACGGCCTGCTGATCACTCAAATTTCGGACCAGGACGGCCTGACGCTGAAGCGGTATGTCCACCTCTCTCACTGGATGAAAGAGAAAATCCAGAGCTAACGGATCGACCCGACAGACATGCCGGTACTCTCTCCCATTCCCGATCCCCCCCGCATGGAGACCCTTCCCTGGTATGCCAAAGAACGGGCGCTCCCGGCGTACCGATTCGTCCCCGGCCTCCTCCCCCACCCGATCCGCGACCCAGGGGGACACAGCTATCGCTCCGTCCGTTCGCAAATCCATCCTTTCTGGAGCCCCGATCAATGGAGGGCGCTCGAGGCCTACTTGCGCGGCGTCGATCTCTTTAACCGGTTCTACTTTTGGGAAGCACACGAAGTCTGGGAGGCGCTCTGGAAGAGTCACCCGCCCCAGACCGATCCGGCCCGATTGATTCAGGGATTGATCAATCTCGCCGCTTCGCTCCTTAAACTTCACATGCAGGAGGCTTCCTCCTCCCGAAAACTCTGGCGCGCCGCGTCGGAGCAGCTTACTCCCTTTCGGGATCGACACTGGATGGGGATTGATGTCGCTCGGCTCCGCAAAGAAGCCGACGATTACCTCCGACCGATCGATCAGGGAAAGATTCCCATCTTGGGATCCGGAACCCCCGCGATCCGCTTAACGGATTAGAATTTCCTCCAAGCCACTCTGTCGCGAGCCTCACTTGAATTCGGCGCAAGATTGACCTATAGTATTCGGAGATCGTTCGCCACCATCCATCAACCCAGGAGGTGCAACATGAAGATGAAATCCCTTTCAATCGTAACGGTACTATTGGCGCTCACCGGTTGTTATGGCTCGGGAGGGGGAGGCGCTTCGACCGCTCAGATTCCGGCGATCGCATCACCGGCGAGCATCAGCAACAAAGATGCAGCGGCCAAGAACAATGAGGGGGTTGACCATCTCGTTCAAGGCCATTTCGACGTTGCGGCGCCGCTTTTTCAAGAAGCACTCGGGATGAAACCCGATTTCGCCGAAGCCCATTTCAACCTGGCCATCGCGCTGGACGGAAAAGGAGATCACGCCGGAGCGACAGAGTCGTTCAAAAAGGCAAAGGAGTTCGGCGGGAGCAACCCGAAGATTGTCGAAAACGACAACCTGAAGAAACATTTGGGAATGTAATGTTAAAGAAAGGTGTCGGGTGTCGGAGATCGGGGGAAAAACGTTTGTCCTGTTTGTTTTTATCCGGTTCCTGGCCCCCGGCCCCCGACACCCGTTCTTTTGGAGGCGCTTTGAAAAATTCGTCTGCGCGGAAGGGGACGCTCCAATTCACCCCGGAAGATCACCAGAAAATCGCATCGTTGAAAAAAACGGCCGAGAGCACCCCCTGTTGGGACGGCGCGCCGCCGGCCGATTGCCATCGCGCCGTCGTCTGCGGGGTCGATATCGCTTTTTTTCTCGCGGTCGATCGGGAAGATGCGTCCGGTCAGTATCAGCTTCATATTACCGGAAAAGAGGGGCAGCCGGCCCTCGAGGTGGTCCAGGCGATGGCCGTCCCCTTTTTCGGAGATCAACCATTCCAGATCCTCCCCGATGAGCGCCATCCCGCCCGCATCCGCGTATTAGGACTGTTCTTCGATCACGCGGGGAGATGAAGGAATCTATTTTTTTGTAGGGGCGTGATTCATCACGCCCACTCCAGAGGGCGCAATAATTTGCGCCCCCTACACCTTTATGATTTTTCGCCTGATCGCGTATTTAATCAGATCGGTGCGGGAGTGGAGTCCCAGCTTCTTCATGAGGTTGGATCGATGCGCGTCGACCGTTTTGGGCTGAATATTAAGAAGGCGCGAAACCTCTTTTGCTGAATGCCCCTCGGCCAGCAGCCGGAGGATTTCCCGCTCCCGAACGGTCAATTGCTCATAAGGGGTCTTCGGCTCCGGTCGTTTCGTCCGCTGAAGGTAACCGGTCACAATCTTCTTAGAGACGCCGGGAGAGAGATACGTATCCCCCCGATAAACCGAGCGGATCGCCGCGATCAACTCGTGGGAAGCCGAATCTTTTAGCATGTAGCCCGACGCCCCCGCGCCGAGCGCCTCTTCGACATATTCCTCGTCGTCATGCATCGTCAGGATAATGAGTTTGGTCTTCGGCTCCATCTGCTTGATTCGAAGCGCCGCCTGCGGTCCGGTCAATCCCGGCATGGCATAGTCGAGGACCACCACGTCGGGGCGAAGCTGCTCCGCCTTGTGAATCGTCTCCAGCCCCTCGCCGGCCTCTCCCACAATTTCGAAATCGTCTTCCGCTTCCAACAGTCGCCGCATCCCCTGCCGAAGCAAGGTGTGGTCATCGGCCAACAGAACTCTTATTTTAGCCATTTTTCGTCTCGCATTCTTCGCTAGGAAATATCCTTCAGTGAAACAGATTCCCGCTCCGAAATCAATGGGGCGGAAGCCGCCGCGGCCTGCGGATCGAGAGGGGACGCTTTGTCGCCTTGGTCGAGATCGGCTCCCTTCGAAGTTCCGGCCCGGACGGAGGAGGCAGCCACTCCGGTCTCTGGACGGCCGGTTCAAAGGGAAGCTCGACCCGCAACTCGGTCCCCCGCCCCCTGCAGGAGAGGATCTGGAAAACGCCCCCCATTAAGTCGACCCGCTCTTGAATCCCGACCAGCCCAAACCGGCGGGCGCGCCGCCGGGCCAGGGTCGTCGCATCAAACCCGACCCCGTTGTCGATCACCCGAACCCGGACCTGCTCTTCAATCCGCTCCAGCCAGATCGACACCTGCGTCGCCCGGGCATGTTTGGCGACATTGGTCAGCGCCTCCTGAACGATCCGATAGATCATCGTCTCCATATCGGAGGGAAGCCGACGGTAAAGTTTCACCCGTTTCAATGTGGTCCGGATCTTAAACTTCCTGGAAAAGTCTTTAATCAGCCCCCGCAGGGTGGGGACCAGTCCGAGATCGTCCAGCTTGAGCGGCCTCAGATCGGCGACCAGCCTTCTGATCTCCTCAATCGTCTGAGTTGCAATGGCGTGGGCCTCCCCGATCTCCTCTCGCTGGTTGGTCATCTCCGGAGGGATCTGGTCGGCCAGGATCTCCAGGTGAAGTTTGAGCGCCAACAGGCCCTGTCCCATTGCATCGTGCAGCTCCCGCGAGATCCGTCTCCGCTCGTCCTCCTGCGTCGAGAGGACCTTCAGCGAGAGCTGCCGCAGCTCCTCTTGATGCGCCCGGTTTAATTTGTAGAGACGCACGTTCTCGATTGTTAATGCCACCTGGTGGGCGATCGAGTTCATCAATGCAACCTCGCGTGGAACGAAGCTGCGCGGCTGCCGGCTCGCGATCGAGAGAATTCCCCGCGTCATTCCCTTATAGACCAACGGGACGCCGAGATAAGAGGCCCACCCCTTCAGCCTCCCCCGCTCCGACGCCGGGAGTTTCTTCTCCGATCCGATGTTTGGAATCGCCCACGGTTTTTGAGAAAGCGCCATCATCCCTTCCAGCCCCCGCGGGGAGAGCGGCTTCGGCCTCCCGGTCGGCGCCAACGACGGCCCGCGCGAAACCGAAAGGGTCGGGATCCAACGCTCCGGATCGATCAGAAAAACCGTCCCGGCATCCACCCGCATCAGCGAAACGGCCTTCTCGATCGCCAGACTCAGGATCGATCGCTCCTCGTGCAATTCCGTCCCTGTCGTCGCAATCTCCGCCAGAAGACCGAACTCTTTCGCTTTATCCCGCTCACGCTGGCAGTATCGTATATTCTCAATGCCGACCGCCGCCTGATCGGCGATGAAGCGAACGAGCTTGACCTCCGATTCGGTAAAACGGTGAGGGGCTTCGCCTGAATC
CP114555.1_gap20	1238785	1240326	1541	CCTCGGCGGCATCATCGGGGCGCTCGTCTTGGCGAAACAGCCCCGGCCCGACGCAAAGGCGGGGGGGAACGGCGCGCACGCACTGGAGGTTCCCCTTCCCCAAACCGGAAACGGTCACCCGGAAGGAACCCCCGACTCCGTCGCGGAGGAGACCTCCCGCGGCGCGCTCGATAAGGTAGGGTCGGCCTGATGATTCCCCTCTCCTATTATGTGATCGTCTCCACCGTCATGTTCGTCATCGGCCTCATCGGTGTCTTGATCCGGAAGAACTTTTTGATTATCCTCTACGCCATCGAATTGATGCTGAACGCCGCGAACATCAATCTGGTCGCCTTCTCGCGCCATTTCGAATCGGTCAACGGACAGATCATCTCGCTCTTCATCATCACCATCGCCGCCGCGGAAGCCGCGGTCGGATTGGCGATCATCATCGTTCTCTTCCGGAAAAAGGCGACGACGAATGTGGATGAAATCAGTTTATTGAAATGGTAAAGAAAGCAAAGAGGTTTCCTTGGAAGCAATGAGCGACATCCGGCCCCTTCTCGCCATCCTCGTTTCGATGGTGGCGGTCGGGCTGATTCTCGCCTCGGATAAAAACCCGAACGTCCGCGAAGGGTGGTCGATCGGGGCCGGGATCATCAAGTTTCTGATCGTCCTTTCGATGGCGCCGACGATCCTCTCGGGACAGACGCTCGAATACACCCTCTATACTTTCGTTCCGGGGCTCGACATCAAATTCCGCGTCGATCCGTTCGGGATGGTCTTTGCGACGATCGCCTCGGGACTCTGGATCGTCACCACTTTCTATTCCATCGGCTACATGCGGGGGACGAATGAGAAGAAGCAGACCCGCTACTTCGCCTGCTTCGCCATCAGCGTCGCCTCGGCCCTCGGCGTCGCATTCTCCGCGAACCTGCTGACCCTCTTCATCTTCTACGAGTTCCTCAGCCTCGCCACCTTCCCGCTGGTCAATCACAAGGAGACGCCGGAGTCGTTTCTGGGGGCGAGAAAATATCTGATCTATCTCGTCGGCGCTTCCAAGACCTTTTTGCTGGCGGCGATCATCCTGACCTACAACGTCGCCGGGACGCTGGAGTTCTCCAAAGGGGGGCTTTTCGCCGGCAAAGGGGAGCCGTGGATGCTGGTTATGATCTACCTCTTCTTTATCTATGGTTTTGCCAAAGCTGCGATCATGCCGGTCCACGCCTGGCTGCCGGCCGCGATGGTCGCGCCGACCCCGGTCTCCGCCCTGCTCCATGCGGTGGCGGTCGTGAAGGTCGGCGTCTTCTCGGTCTTGCGGGTGATCTTCCACGTCTTCGGCCCCGAGCTGATGGGCCAGCTTCATCTCGGCGTGATGACCGCGTACCTCGCCTCGTTTACGATCATCATGGCCTCCATCTATGCGTTGACGCGCGATAATCTGAAGGCCCGGCTCGCCTACTCGACCGTCAGCCAGCTCTCGTATGTCATCCTGGGGGCGGCGCTTCTCTCCCCGAGCGGGATGACCGCCGGGGTGATGCACATCGCCAATCATGCGATCT
CP114555.1_gap21	1260418	1262458	2040	TGCCTCTTCCTTGATCGTACGTCCCCTGCCACCACGGTTGCCCGGCATGCCGATACGGCGGCGTTTCGTTCAGGCTGGCAACCAGGCCCCCCCTTTTGTCGGTGACGAACAGACCGACGTTTCCCCGGTCCTTCTTTTTTCCGTTGATCGAGCTTTGCAAAAACCGGGAGCCTTCGGAAGAGAGGACCCCGAATCGGGGGTCGCCCCCTTTTCTCTCGTTTTCCCAGCGTTGCTCTTCCCGCGCCAACTGCGTTTCGATCTCGGGGTCTGAGAGACCCCGGTACCGTTCATTGGCGCTCTCAACGGCCTTTCGGATCTGTAGGGAACCGGCGTAGTGATGAAGGTGGGAGATTTCGTTTAACATGATGGCATCGGCTTCATGACCATTCGCCTTTGCCAGACTTTCAAATTGGGAGCCGATCGTCTCCATGAGCTGATCCGTCTCCTTCCAGGTCACGATAAAGGCGCCACCGAGGGCAGCGAGAAATCCGCTGATAAGGATAGAGAGGACGATCCGTCTCTGGATGCTCTTCCGTTTCTTTTGTTCCTTCATAGCGTGGACCGCCATGACTTCTTGTGGAAAGAAATCATGATCTCTTTAGGGTGTTTTGTCAAGAATTTATAACTTAAGTAAATATGCCCCGCAGGCCAGCTAATGCCCATGACCGGGTTCCTCCGCCGTCTCCTTAAGCACACCGGGGTTCACCCCGACGCCGAATTCAAAGACGAGCCGGCCGCCGCGGTCGGCGCCCATCGCAACGAGAAAAGACAAAATGACCACCCCGCAGAAAAACCCCCACCGGCGCGACCGCCACGTATCATGGCGATTGATCCGAAAGAGATAAACGGAGAGGGCCATGGCCGCCGCGGTGGTGGCCACCATCCAATTTCGGTGAAGGTGGATCAATTCGTGGCCGGGGGCTCTGTGGCCGCGCGGATCGGTTGCGGCAATCAGGTCGGCCGCGATGAAGCCGGTGGGAAGGGCGACCAGCGCCGAAAAAGTTCCGAGGTAGAGCATCCAGGTCGCGGCAAAATGAAATTTTTCCCCGCGCAGAATCGCCATTCCTTCCATCGCCAGCGCCCCTAAGAAAAAGGCGATCGGAAAGTGGATCAGCAACGGATGGATATTATTCTTCAGCGCGGCCATTCCGGGAAGCAAGGTTTCCATCATTTTCATCCCTCCTCGACCATCGCGGGTAAACCGCCCTTCCTTTTTTGAAGACCGTTCGGGCCGCTTCGTCCGGAAGAAAGGGGGTCCGCGGCTCCCGATTCGATCAGAGAACTTCCGTGACGAATGCGCCTGTCTGAATTTGGATCGATGCTTGTGGTTTGGCAAGTCGCCCAGCGACAGGCCTTCACTTTCTTTTTCCGGCCGTGAGCCCCGTCCGACTTTTTTTACATCTCCCATCCGTCACGGAAGTTGTTTCTTCCGGGTCTCCCGATTGCGGGTGGTTTGACATCTTTGCCTTCAAATCCCGGCTGGCATGTTTGATGACGCAGAGGGAATTTCGAAATTGATCCGCAACAAAGGCGGCAATCTGTCCCGAAGTGAGTCTTTCCGATTCTTTTAATTTTGTCTGTGCCTCCCGCAACTGCTGCGCCCGCTCCTCTATCTTTTCCCGTAATAAAGACAAAACTTTTTTCATCTCCTGCAAAAGAGGCTCTATCTCCGAAGACGGGGGAAGGGGCGGCTCCTCATTGGAACCTTCCTGTTTTTTGGCTTTCGGCATTTCAGATCTCCTCTGCAAGGTGATCTTTTCTTGCTGCTTCCGTGCTGCTTTCGGCTGTTCTCTTATTCCGATACCGGGGCCAGGCACCGGCGACGTCCCGGTGCCTGGCCCCTGCGCTCACACGGGCTGGAGTTCCCGAACCGCGGGCTTACGCGGTTCCTTTCTCTTCGTTTTTTCAAACGCCGCTTCCTTTACCGATCCGGCCGACGGCGCCGCGCCGATCTCCAATGCCGCAATGCCAAAAATAAAGATAAAACCGGCCAAGCTTGCGACACCGAATTCGGCGAACCCTCCCAAACCGGTATCAGGA
CP114555.1_gap22	1293260	1295747	2487	GAAGAACATCCGCATACAGACCCTGATTGAAGGGATCATCCATTCTTTGATTCGGCTCTCCTCTCGGGACAATGCGCCGACGGAAGATCTGCTGCGGCAGGCGAGCGAGCAGCTCAAAGAACTTTATCCGGAGGACCGGCACACCCTGATCGACACGCTCACCGAATTTATCATGCCGAATCTGGTCGAGCGGCCCGCCGAACGGACGGAACGAGGGGCTGCGTGATCCCCCGAAAAAAAGAGCAGCCCTCTTTTTCCCGATAGGCGGAGGAGTACAGCCGGTCCGGCATCCACTCCGAAATCCGCATTCTGCAATCCGCAATAGATTCTCTCCCCCTTGCCGGAGCGGTCCCTTTCTGCCATAATGCCCAAGCTGCCCTGAATCGGACCCTAAAGACCCCGGATGGACACGAAGAGCGCATTCTTCATTGAACATACCGAGCGACTCCTCCAAAGCTTTACGCATTGGACCGGCCGGGATCTTCTCATCCCCGCCGGTTCTTCAAGCAGACTCGCCGAACAGCTTTTCCACGCCCCTTTCGTGGTCGTCTCCCACGGCGTCGAAGACGACCCCCTCCTCGATTACGGAAACGAAACCGCGCTGGCCCTTTGGGAAATGTCGTGGGAAACGTTTACCCGCACCCCTTCCCGGCTGACGGCGGAGCCGGTCAGCCGGGAAGAGCGGGCGCGCCTGCTGGCGGAGGTCACCCGAAAAGGCTTCATCGACAACTACAAAGGTATCCGAATCTCCCGCACCGGCCGGCGTTTTATGATCGAGCAGGCGCTGGTCTGGAATCTGCTCGACAAGGAAAACCGCCACTGTGGGCAAGCGGCGACATTTTGGCGATGGAAATACTTGTAAGGTACAATATGAAAATAGAAATCAAAGCCGGAGAACCGGGTTTCAATTCCTAAATTCCACATTCCTCATTCGTAATTGATTTTTAAGGAACCTTTTTCTTTTTTCATTGTCTAATAAACCAGATGGACGGAACCGACTGGGAGTGGGTGCAACGGGTCCAGAACGGCGAGACCGACGCCTTCGAGACCCTTATTCAACGCCATCAGAAGCCGATCTTTAATCTCCTCTACCGTTTGCTGGGAGATATCGACGAGGCCTCCGATGCGGCGCAAGAGGTTTTTCTTGCCGCCTACCGCGCCATCCAAGAATTCCGGGGCGACGCCCTCTTCTCCACCTGGCTCTATCGGATCGCCGTCAACCAGGCGATGACCCGGAGAAAACGCCTCGCCGCCGACGTGTCTCGAAGAGCGGAGTTCGACTTAAACGATCCGGAAGAGGCGCGCGATCCGCTCGCCGATCTTCCGCATCCCGGTCGGGACCCCGCGCAGGAGGCCGAGCGGAAGGAGGCGCACCTCCGCGTCCAGCAAGGTTTAAACGGCCTGAAGGAGGAAGAAGCGCTGATCATCCTGCTCCACGATCTTCAGGGCCTTCCGTATGAAGAGATCGCCCGTATTCTCAAGGTCCCCCTCGGAACGGCGAAATCCCGGCTCCACCGGGCGCGGCTCGCCTTAAAAACAAAGCTTGCGCCGTATTACGATTCAAGTAGGATAGAGAAATGAACTGCGACCAGATCCAAGAACAGCTCTCGGAATATTTGGATAACCGGCTCGAAGACGCCGACCGCCGGCGCGCGATCGAGGATCATCTCGCCTCCTGTCCCCGATGCCTCCCGGAAGCGAAGCAGCTGCGGGACGGAATCAAGGGGGTGGCCGAACTTCCCGAGGTGGAGCTCCCCGCCGGATTTTCGCAGCGGGTCATGGCGCGCGTCCGGGAAGAGGGGGCGGAACCGACCCTCTGGGAGCGGCTCTTCCAGCCGCTCAGGATCAAGCTCCCCCTCCATGCCACCGGGCTCCTTCTCGTCGTCGGCCTGGCCGTTTTTCTTTACCGGTCGAACGAGCCGATGGAGCAGATGGTACAGTCGATTCCATCGGAAGCCGCGCCGGCCCTGAAGCAAGCGCCGCCCGCCGTCGAGGAATCGAAATCGGCCGACACGGCCGGACCACCCGCCCGCCCCATCGGAGCAGTTGTTATCCGATTCCCTACAAGCCCCCCCTGCGGAGACGGATAAAATCGAGCCGTCGGCTCGGCAAGACCGCGCCGCGCCGCCGCCGGCCCCCGCGCAGGAGAAGATGGCATTCAAAGAGGCCGAATCGGGAAAAACCGAATCCGAAACGGGTCTCCCTGCAGGAGCCCCTCTTCCGGAGAGAGGCGAGCAGCGGACGGCGGAAGCGCTTCCGAAGAGGGAATCCCCCTCTCCTCCCGATATTCTCCTGACGCTCCTCACCCGAGGAAAAGCGGATGGACCGATGGACCTCTCCGCCAAGGTGAGGGAGATCGTTCAGCGCAGCGGCGGCACCCTTCATCCCGCCGCCGAGAGAGACGACCCGAACAATGCCAAACCCCGGTTCCGGCTCGACCTCCCGAGGTCCGAATATAGCCGATTCAAGTCGGAACTGACGCAGGTG
CP114555.1_gap23	1298154	1300460	2306	GCTCAAACAATTTAAAGGTGAAGTGGAAGTGGATGAGAGCTACTTCGGCCCACGCCGAGTGCGAGGCATGGCTACCAGAAGAGGCAGAGGGACGCACCGTCAGCCGGTCTTCGACATCTACGAGCGCAAGGGGCGAGTGTATACCGAAATTATCCCCAATTGTGAGCGAAAGACCTTGCATTCCATCATTTTCGGCAAGGTTGCACTCTCTTCTACTATTTACTCTGACTGCTGGAGCGGCTATCATGGGCTGGTGGATGTGGGGTATGATCGGCATGTTCGGCTCAAGCATCATCGCAATGAATTCTCAAGAAAGCGAGGTGCCCACGTCAACGGCATTGAAGCCTTCTGGTCGTTCTGCAAGAGGCGGCTGACAAAGTTCAACGGCGTGAAGAGAAACTTCGTGCTGCATCTGAAAGAATGTGAATGGCGCTGGAAGAAAAGCACGCTTGAACTCGAAAAATCATTAATCATCATAAGCAAAGTGCTAGTCTAGAGCCTTCCTAATTCTCAATCGAACTCGCTCTATGAATGTTTCGGAACAATTCGATGTCATCGTCATCGGCGGCGGCGCCGCAGGGCTGATGTGCGCCTTGACCGCGGGCCAACGGGGACGCCGGGTTCTGCTTTTGGAACGGGCCGACCGCGTCGGAAAGAAAATCTTGATCTCCGGCGGGGGACGCTGCAACTTCACCAACCTTCATGTGGAGGCGGGCCATTACCTTTCCGCCAACCCGCACTTCTGCAAATCGGCCCTCAGCCGCTATGGGCCGGCTGACTTTATCGCGCTGGTCGAAAAACATGGCATCCCCTATCACGAGAAAAAGTTAGGGCAGCTCTTCTGCGACGGGAAAGCGACGGCGATCGTCCACCTGCTGTTGGAAGAGTGCCGCCTCGGCGGGGTGCAGATTCGGACGAACTGCTCGGTTGAGAAAATAGAACGGCAACTCACCGGACCCAATCGTTTTATCCTTCAAACCAGCCTCGGAAGCTACGAGTGCCAATCGCTGGTGATCGCCACGGGGGGGCTGTCGATCCCGAAGATCGGAGCAACCGACTTCGGATACCGGGTGGCGACGCAGTTCGGCCTCCCCGTGTTGCCCTGCCGGCCCGGCCTCGTCTCCTTGACCCTGAGCCCCCGCGATTTGGAGGAGATCGACGGCCTCTCCGGAACCTCTGCGGATGCGCGGGTCTCCTGCCGCGACCGGACCTTTCGGGAGGCGATCCTTTTTACCCACCACGGATTAAGCGGCCCCGCCATTTTGCAAATTTCAAACTACTGGGAGCCGGGCGATCCGGTGACGATCAATCTTTTCCCTGATCTCGATCTGACCGAAACAATCAAACAGTGGCAGAAGGAGCGGCCGAAGGCGGAACTGAAAAACCTGATCGGCGAGCGGCTGACCAAACGCCTGGCCGATCAGTGGCTGGGAGTGTCGGGAGGAAACAAGCCGGTCGGCCGATACACGCCGAAAGAAATCGCGGCGATCGCCGCCCGCTTTCAGCAATGGCGGATCATCCCCGCCGGGACCGGCGGCTATCGCCTGGCGGAGGTCACCAAGGGGGGGTCGATACCGACGCGCTCTCGTCCAAAAGTTTCGAGGCCAAAGAGGTGAAAGGGCTTTATTTTATCGGCGAGGTCGTCGATGTGACCGGCTGGTTGGGGGGGTATAACTTCCAGTGGGCCTGGGCCTCCGGACACTGCGCCGGAGGGTTCGTGTAATGACCGCATAAAGTCTCCATGAGCGGCCTGAGATGAAATCGGTAGAAGGGGCCGCATCCCAGTTTTTAAAATCGGGAGTATACTTCTCTATATCAGTAGGATCCCTCTCACAGGGATCGTCTCGATGGAAACCGGGGTTCCGGCCCTGGAAGGAGACATCGCGCTTGTCGCTAAAACCGATCAATGACAACCGAGATCCCCTCTATCGCCTCTTGCGGGAAGGCCGTATCGACGAGTTCAACGCAAGAAAACGCAAAGGAGAGAAGATGGATCTCACCGATTCCGACCTCGGCGGGCTTGACCTGCGCGAGGTCGATCTAAAAGGGCTCGATCTCAGCGGCAGCTATTTTCTCCAGACCGATCTGCGCGGCGTCGATTTATCCCAAACCAACCTGGAAGGAGCGAGTCTAAACGGGGCCAAGGTCTCCGGCACCTACTTTCCGAAGGAATTAGCCGCTGAAGAAATCGCCCTCTCCCTTACACATGGAACGCGCCTCCGGTATCAAAGCCGTCGGGCCCCGCCTCCCAAGCGTCGCCTCGCAGACATTCTAAAAAGAAAACCGCGATAAGCCGCACCCTCCCA
CP114555.1_gap24	1315139	1316656	1517	ATCCTCCTGTCCGGTGGGCCCGACGCCTAGAGACGGAGCGGGCGAATGGGGGCGATGAATGCTTTGGGATCGTTCCGCCAGACTTCCGGCTGAACGTCGATGTAGAGCTCGATTTCGTTGCCGTCCGGGTCTGCGATGTAGACGCTATGGGTGACGGTGTGATCGGACATCCCGATGATCGGGACCCCGGCGGCGCGAATCTCCTCGACCGCTTTCCGCAGCTCGTCGTCGCTCTTCCCGACCTTGAGGCCGAAGTGATAGAGTCCCACCCGCGGGCCGTCCGGGATCGGCGCCGCCTCCGCACCGACCTCGATCAGCAAGAGCTCGTGATGGGTCCGTCCGGAAGAGAAGGCGGCGGCCCAATCACCGAGCGGCCCGATCTCCTTCCAGCCGAGAACGTCCCGGTAGAAACGGCGCGATCGTTCCAGATCGCGAACATAGAGGACAACATGTCCCAGCTCTTTCACCTCCATGAAGATCTCCTTTCAGTGTCAAGATTCATCTCATCGATCCAAATACCATATTCTCTAACAGTAACCCAGCGGACGATCCTGTTCAAGCGCGAAAAAAATGGCGCGGCGCAGAACCCGATTTGCCGCTTGCTTTCCCTGGAAGGAGAGTGGTATGCAGAAGGGGAGGCTGCTTCCGCTTCACGAAACCGCCCCGGACAAGACAAGGTCGGTATCGATCGAAAAACAGGAGACCCCGGCATTGAAGGCGAGGAGACGATGAACCCGCTCAGACGGATGATCCGACACCCGATGGGACCTTGGGCGGCCCTGCTCCTGACATCCGTCTTACTCTCCGGCGCATTCGCCCGCGCCCAGCCCCCCTCTTTCCAGCCGCTGCTGCTGGCGTTCGATCCGGCGCAAGACCGGCTCTTTGCAGCCGCCGCCGGAGAGGATCGGCGTGGCGTGCGACTCTTCGTCTTTCCTCAACCCGGCAAACAGGGAGCGCGGCCCGGCGCCTCGCTCGACCTGGCCGGCATGATCTCGGGTCTCTCGTACGACTCCGACGCGAAGACCCTCTTTGTCGCCGACGCCGCCGGCCATGCCCTTCTGATCTTCGATCGGTTTGATCCCCGCTCCACGATGCGCGCCAGCCGGGTTCTCAAGCGATTCAACTTTCCGACCGGCGTCTATGCCGACCGCAGTCGTCTCTTCGTCGCCGACGCCCACCCCGGCGCGCTCCTCGTCTTCGAAAAGGCGGCGGAGATCGATGGGGAGCGTCGCCCCGACCGGACGATCGGTCCGGAGGAGAGCGGGCTTAACGGCCCCTTCGCCATCGCCGCCGATCCCGACCGCGGGCGGCTCTACGTGTCGAACTTCGACGGTGTCCTTGCCTTCAATCTCGCCGATCTTTCCGCCCCACCCGATCGCCTTCCGCTCCCCCGCGGAACGCTGGCGCGCGGCCTGACGTTCGACCCCAAATCGAAGCGCCTCTACATCGCCGCGCCGATGATCCGATCTTATTTCGTCTACGAGGGTGAGCGGCTGGAGCAGGTGAAGATTCAGGGA
CP114555.1_gap25	1476588	1478125	1537	ATCGCCAATGTCCCCTTGATCTCCTTGATCCGGCCGTCGAGCGACAACTCTCCGACGATCAGGTAATCGCCGAGTCGGTCTTCTTTCAACACCCCGTCGGCGGCGAGAATGCCGAGCGCCATCGGCAGATCGAAGGCGGCGCCTTCTTTCTTAAGATCGGCCGGGGCCAAGTTGATTGTGATTTTCTTGATGGGAAAGTGGAAGCCGGTGTTCTTGATGGCGGAGCGGACACGGTCTTTGCTCTCTTTGACCGCGAGGTCGGGAAGACCGACGATATTCAGCAGCGGAAGGCCCTGGGAGAGATCGACCTCCACGTCGATCGGCTGGGCCTCGATTCCATACAGGACGGCGCTGAAGATCTTTGAGAGCATGATCGGACCCTCGGGTGGGGTCGAGCGGGCACGTCAGAACTGAAGCTTGGAGCTCATGTCTTGGGAAATCTGGGCCAGGAGCGGGTCATTCGTCTCTTTTACCCATCGCCCCAACTCCATCGAGAAGGCTTCCACCTCCAGGGTGAGATGGAGGCGAAAAGGAGATTTGCTGGCAACATGGCCGATTAAACGGTTGCGTCTCACCGGAATTCCGATGTTCAAACCGCTCTTTTCGATATTCCAGGCGGTCTGAAAAAATCCCCCTTCTTTATCCTCGATGGCGATCCGTTCGTAATAGTTCAAGCTGGTATTGAGGGCAACCTGCCAGGCGCGGTCGTAGGGAACAGTCGATTGAGGAAGGGCGACACGGGCCGCCATCGGAGCACAGCCGAAAAACAAAAAGAGGAGGAGGAGAGAAAACCACTTTTGATACATGGTTCGATTCCTATGAGGAGGTCTCTTATCGTCCCTGACGACAACAAGAGGAGAGCCGTGCGAGACCGATCCGCAGGATGATCGGGCAGTCTCTGGGATGGAGGATCAGTTATCCCTTAAAAAGGAGGTGATTCCTTTTTTTCGGCTCCCCGTCACGGAAGCAAGGAGGAACGGCTGACGCGACTCGTCAAGATAAGCGCCGAATTGAAGCCCAAAGGAATTGCCGGCGCTGCCTCGGTGAACCGCCACGATTCTCCCGGTCACCTTTTCCTCGAACTCTTTTCCTCGATGGGTTCCTTTGATCTGAATGACCATCTCCTTGCCGAGTTCAAAGTCTTTTTTGGAATGAAAGAGGAGACCGCCGAGGCTGATGTTGCTGATCATGACCTCGACCGGTCGTACGGCCGTGGCGATCTTTGCTTTGCCGAAAAAAGGAATGCGTGAATGCCGACGCTTCTCCATAACTTTGACCTTATACCATATCTAAATGGATTTCACAACCTTTGCCTTCAACAAGGCAAGAAACCCTTCGCTTCATTTTCTCGATCCATTTTGAAGCGGATGGATCCCTTCTGAATTCCTCCAAAACCATATATGGTGTTCTTTTCCCCCGCTTTTCAACATATAGTGCTCTATCTAAAAGCCTCACTAGGCGGCTTTTACGAAGAAACCCGAAGTGGCCCCGAAAATAGATGTAAGCCATTGAAATATATATGAATGTTTATGCCTAA
CP114555.1_gap26	1482264	1485843	3579	GTTGCGGGACTGATCTCGCGAATTCCCTTCTTACGGGCATCCACCTCGATCCGCCAGCGGGTCATCTCTCGAATCAATCCTTCCGGGATCTCCAGGAGCTTCGTATTTGCCGCATCGGTCCAGCTGATGGGGGCGAGCACTTTGTCCAGTCCGCTCTCCTTACGTTCCAGTTTTTTATAATATTCCCCCGGGGCGCCGCAGAGAGAGCAGTGGTCGGGAATCTGCTGCGAGGCAACCTGGCTGCAAAGGGTACAGACGAAGTAATCAAGCTCTTTCTTCATAAAGATGAACCGCGATGCCTTGGCCTCGCAGACGGGACACTGCGACGGAACCTGCCGGACGACATGGCCGCACATTCCGCAGAAATGGAAGCTCTCTTCCGCGGCCGGTTCCCCCTTCGTCATGGTGGCAATTCTCTTTTTGATCTCTTCGAGGCTGGTCGCGCCGGAGAGGACCGACTCCATCTCCTCGGTCGCCTTTTTAATTCCCGCCTCCGCGACTTCAAGCGTAATCTCGGTAATCGCGTGGCTGAAGGCATAATTCTCGATGTGCTGACGGGTTCCGTCCCGCATGAAGCCGACCGGCACCCGCGCCAATCGCTCCTGCGCATCGGCCGTCCAAGTGAACTGAGGTGTCTTTACTTCAGGGGCCTTTTCTTCAATTTTTAGTGCACCTTGCGGAAGGACCGCCTCGGCGATCGCCTTCGCACTCATCTCGATTGCCTGGTCCTCATCTTGATTCCCTTCGATCATACGAATGGCAAATTCTTTTGTGATCGTCTGGAAACCCATCTTTCGAGCCATCTTTTCCGCCTTCGCTTTGGCGCGGCGGCGCTCAAAACCGGCCGGAACCTTGCGGATGATGTTTTTGGCATCTTCGGTCCAGTTCAACGGAACGCCGTCGTAGCCGACCTCTTGAACCAATCCCCCCTCGGCTTTGGCCGCCGCTTCGAAGATCGACTTATCGAGGAATTGGAAGGCGCTTCCTTCGGCGCTGCAGATCGGGCACTTCACCGGCTTCTCCCCTTTGGCGGTATAGCCGCAGCCGCCGCAGATAAAGAAATCCATCTTCGCCTTCTCGTCGTAGCTCGCGGCGCGCTCGGCATCGCGGTCGCCGACGATCTGGGTCATCATCCCGGCGAGACCGTTTCCTTCAAGCGTCTGGGAAACCCCTTCGGCGGCGGTCATTTTATTCCGGTCGATCCCCTTCTCATCGAGCACCCGGCCCAAATTTTTCATCGCTTCGATCGCCGACTTCGGCAAGATATCCCCCATCGCCGCATCGACGACCGAGTTGCTGATGATCGTAAAGCCCTTCTCGATCGCATACCGGTAGACGGCGGTCTTGGCCACGCCGCGCGCGAAGATGGGAACCTTCTCCATCCGCTTGGAAGCCTCTTCGGTCCAGGCGACGGTATACTCGGCGATCGCATCGATCGGCGGAATATATTTCTGATTCGAAACGAGGACGTTACACGGCGCCATCCGGATCAGGTTCTCCGAGTTGCTCCCGACATCCATATCTTCATCGGAGTGGACGCCGATCCGTCCAACGACGAGGAGCCACGGCTTCTCCTTCTTCACATACTGAAGGACCTTCTCGAACGGCTTTCCATCGAGGAGCGAGGTTTTGATCGTCACCCCCTCGGCTTCGGCGATCTTAAGGCAAATTTCAAGATGGGACTGGTAAATCTTGGCGAGGCCGGAGTCGATCACCTCTTCGTGGAGTTTCTCCTGCTCTTTGAACCGGAAGACTTTTCCCGCCTCTTCGGAGAGAACGCCGGAGATCGAGTTGAAAACGGCATAGTGATAATAAGGATCGAAGGCCGAAACGACGTCGATCTGAAGCTGATACGCTTTGGCGAGATCGAGGGCCGTTTTGAAGCCGGCGAAGGAGAAGTGGCTTCCATCGACCGCCACGACGATCTTTCCCATTTTTCCCGGCTCGGGCGGCTTCGTCTCTTTGACGACGAAAACATCCGACTTGCGGACCCGGCGAATCGTTCGCTCGGTGACGCTTCCGATCATGCTCTCCCGGACGGCGCCGACGCCGAGGGCGCCGAGGATCACCAGATCGTAGCCGTTCTTCACAATGTCATCGACCAGGACCTTGTAGTTCTTTCCTTCGAGCGAGACCCGCTCCATCGGGATGTTTCCCTCTTTGCATTTCTCGTCGACGATATCCAGGTAGGAATCGGTGATGATTTCCAGTCCGCGGGTAATCAGGGAGTCGTGGATCTTTCTCTGCCGTTCCAGTTCGTTCTCGTCATGATACTCTTCGGGGAGGCCCGCCTCCATCTGCTTGAATCGCTTATCGTGGAGCTTGGCGGCATAGGCGTGGCTTCCGATGACCTTCGCCCCAAATTGCTTCGCCAACATCACCCCGATATCAATCGCCGTATTGGAGTAGTCTGAGTTATCGACAGGGATATAGATCGACCGATACATATGAGAAGCCTCCCCCTTGAATGCAAGCCCCGGTTATCTTTGATGAAGATCGAAGCGGATCATGCCGAATATTCAGGCATCCTATCAAAAGTGGCTGCATTATAGCACCCTCTTTTTTTAAAAACAACTTTTTTTCTATTGACAGTAGGTGCGGAAAGGACAACGGTCATCCCACTTACACTGGCGAAAATTCGGAGGAAATCACCCGTGGGATCGGAATGGTTTTTATTCTGAAACCACCCCGACACCCCCCCCTCTTTATCGACCACCGGCATCGATTTATTACAGTGGGGACATTTGACATAGACGAGGTTATCGAAGAGGCCGATACTGTAATGGTTGACGAGCAGGTCGAATTCCTTTTTACAGGAAGGACAGGCAGCAAGGTAACGCTTTAAAAAGAGCTTTACTTCCGATTGAAGGGTTTGAAGCTGGTGTTGTAGCCGAAGGACTTCCGATTCGAGACGATCGATCCGTTTCTCTATTTCTTCCGCCATAGTGGTCGTATCATAGACAAAAATAATAGGCGTGTCAATTGAAGATTCTCCGAGAATCGTCCCCCCGAAGGCGGGATTTAAAGGAGGGCCTACGCCGACTCCATCTCGGCGACGGTCATCGTCTCCACTCGATTTCCTCCCGCGCGCTTCGCCCGGTAGAGGGCAAAGTCGGCGGCCAGGATCGCCTGGCGCGCATCGCGCAGTTCCGGATCGGGGAAACCGGCCACCCCGATGCTGACGGTGACCCGGTGTTTCTTTCCAAGAATCGGAAACGTCGTGCCGCCGACCCGTTCCAAGATCCGCTGGGCGACCTGGGCGGCATCCTCCCGGAGCGATTCAGGCAATAGAACGGCAAGTTCATCCCCCCCATACCGGGCCGCCAGATCGACCTTTCTGATCTCCATTTGAATAATCTTCCCCAACTCCTCCAGGACCTTGTCTCCCGCTTCATGGCCGAATTTGTCGTTAACCTGTTTGAACTCATCAACATCAATCAACAAACAAGAGAAGGGGGTACAGTACCGCTGCGCGCGGGAGAACTCCTGGTTGAGCACCTCCTGGAGGTAGCGCCGGTTGAAGAGGCCGGTGACCGGATCGGTAATCGCCAGGGTCTGAACCTGCTTGAGGAGGACTTG
CP114555.1_gap27	1494057	1494855	798	CGCTTCGCGAAGGGTCGCCCAGACACCGGCGGACAACGCGGGCCGGGACGAAGGGGCCGTCACCGGACCGCCGGGAGAAAGCAGAAAAAATTTTGCCAAGAAACGCCATACACGATCGATCATCGGTTTGTTTTTCCCACCTTCATTCTCACGACAGAATAAGCGGTCCAGTCTACAACCAACTCCAATCAGGTGCAATACGGTCCCAGGGAGCGTCCTTTTGCAGGGGCGTATTGCAATACGCCCCTACCGCCGTAATGCGTATTCACCTGTGAGAGGACTTTTCCAGAGGAGGAATGACGTCAAACCTTCCTACTCAAAATGATCTCTTTGAGCAGATGGCGATGGCACTGTTTTTCTTCTTCCGCGCAATGGCAGAGCAATGTCACCGGCTGGGTCTCCGCCAATTTCTTGATCAGTCTCAATGTAAACTTCTGCCCGTGGTTTCGGATGACCCTGTTCTGCCGATCGGCCCCGCCGCGCTGAAACATCTCCGCCTTATATCGGCGCGTATAGGTTTTCCAATCGATCTCCTCGTTCAGAAAACCTCTGAGCAGCGGTTCGCTCGGTCCCAAATTCGCCATCCAGACATCGTAGCGATCTTTCTTTATCCCGCGACCCCGAAAGCGGGCCACCAGGATGCGTAAGCCGTCTCTTTTCGGATCGAGGGGGGAATGGATTGATTTCGTCTTCAACATCGCCTTTCAAGCTCCATACAAGGCTTAGAATTAGGTCAGCAATGCGTCTCGTTCCGCCTACTCCATTGGAGGGCCGAAGACTCCTCCTTCCGTCTGATTG
CP114555.1_gap28	1579514	1583897	4383	AAAGGTCCCCTTCTGGGCGATGAGCTCGGTCTTGAAGGCGGCCAAAAACATCAGGCCGAGAATAACCCCTCCCAGAAAGATCCCCACCGGGAGCTGTCGGTGGAGATAAAATCGTTCCTGCTTGGGATTAAAAAGCATCAGGACGAAAAGATAGAGAACGAGAATGGCCCCCGCATAGACGATAATCTGGACCGCCGCGATAAACTCGGCGTTTAAAAGAACATAAATACCGGCGATATGAATAAAAGTCACCAGAAGGGCCAGGGCGCTGTAGATGAGGCTCGGCGACGCCACGGCGACAACCGCGCCTCCCAGAATCATTGCCGCAAAATAAAGGAAGAGAAGTTGCGCCGTCACTAAGCCGCCCCCTTCTTTGCGGTCGGGAATCCCTCTTCCTTCACCTGATTGAAGAAGGCCAGCCGCTCTTCGGTATATTTCGGACGCTTCTGGCGGTTCGGGAAATATTTATCCCCCAGCACCAGCATCATCTCTTTGTCCATGATCAGGCTTCGCTTGTTGCCGGTCGCCATTTCATACTCTTTGCTCGAAGCGAGAGCGTCGACCGGACAGGCCTGGACGCAGAAACCGCAGAAGACACATTTCGTCACATCGAGGATATAGCGCTTTGCAAAACGCTTTTGCGGCATGTCCTCCCGCTCGGCGCTCTCCACCGTGATGCAGTGCGAGGGGCAGGCCGCTTCGCAGAGGGCGCAGCCGACGCACTTCTCGGTCATGTCGTCGTAGCGGAGGTGGACGATCACCCCCCGGTAGCCGTCGGGCAGATTCCGCTTCTGGTGCGGATACTGGTTGGTGATCGGCTTCACGAACATATGTTTGAAGGTCAAGCCGAGCCCTTTTGCGATCTCCGCAAACGACACCTTCTTAACCCAGTCGACTAAATTAGGCATGATTCCCTCTAGCGATTAAGGAAATAAACAACTGTCGATGTCACCAAAATATTCGCCAAGGACAACGGAAGCATAATCTTCCAACCGAATGCCATCAGCTGATCGAAGCGGAGGCGTGGCACCGTCGCGCGAAGCCAGATGTAAAAGAAGAGGAAGAGATAGACCTTGCCGATAAACCAGACGACCGGCGGGATAAACTCCAAAAACGGGAGCGGCGCGTGCCAGCCGCCGAGGAACGCCACCGTCGCAATACAGGAGACCAGAATCATATTCGCATATTCGGCCAGAAAGAAAAAGGCGAAGCGCATCCCGGAATATTCGGTAAAAAACCCGGCGACCAACTCGCTCTCCGCCTCCGGCAGGTCGAACGGAAGCCGGTTTGTCTCCGCGATGGCGCAGATCAGGTAGATCACGAAGGCGATCGGCTGGACGATGATGAACCACTTCCAGAAGCCTCCCCCCTGCGCCTCGGTCATCTTCACCATCGAAAGCGACTGGGAAAGCAGGATCGGACCGACCAGCGCCAATCCGAGCGACAGCTCGTAGCTAATCACCTGCGCCGCCGAGCGGAGCCCGCCGAGGAGCGAGTATTTGCTGTTGGAAGCCCACCCGCCGAGCAAGATGCCATAGGCGCCGAGCGAAGCGAAGGCCAGGATGTAGAGGATGCCGACGTTGATATCGGTGATGACCGGTTTTAATTCGAGCGGGCCGATATGAAGGCTGTCTCTTCCGAACGGAACCACGGCAAACCCGATGAGCGCCGGAATGAGGACGAGAATCGGAGCCGCCGAGAAGATAATTTTATTGGCGCCGGCGGGGATGATATCTTCTTTGAAGAAGAGCTTCAGGCCGTCGGCGATCGGCTGCAGCAACCCGTGGGGCCCCACCTCCATCGGTCCCAAGCGATCCTGCATATCGCCCAAAACCTTCCGTTCAAGATAGGTCAAATAAGCAACATGCAGCAGGACCACCCCGAGCACGCCGCCGATCTGGACCAGAATGACGACCAATTTTAACATTGCATCCATGTTTTTATATGACCTATACGACTTATAGGTCCCATAGGACCTATAAAGTTATTTTACCGAGACCGACACCTTCGAGAGGGTGACTCTTCCCCGTTCGGTGTAGAGGGCCCGTGTTTTCGGGTCTGTCGACACCGGAAGCAGCCGCTTGATCTCCATCCCGAAATGCTCCGGGAAGAGAAGCGTTCCGATCGCCACCTTCTTGCTTAATTTCACAGGCGCCTGGACCGCCGCTTCCCCGCCGTCGGCGGAAATCTCGACGACCTCTCCATCCTCCAGACCCAACCGCTCCCCGTCGTCGGGATGCATCAACACCGCCTCTTTCGGGAAGAGCCCCAAAAGTCCGCCGGCATAGGTCGACATTTTCCCAGAATGGAAGAGAATTTGGCCGATCTGAAGATCGAAATGTCCATTTGTCGCCGAAGGGGCCGGAGCCGCCAGCCGCCGGGTCGCTCCCTGTACATGCGCCGAAATTCTGGCGGCCACCCCTTCCGGTGAAGAAGACGGCCATCCGGCCGGCAGGGCCATGACGATCTCTTTCCAGATCGCATCGGCATCTTTGTAATGAAACGACTCTGCTCCCCCCCACTTCTTTCCGAGAAGGGAGAAGATCTCCCAATCGGGCTTCGCGTTCCCGAGCGGCTCGATCGCTTTCCGAACCTTCTGGATCTCCCCTTCATGGTTGGTGAAGCGACCCTCTTTTTCGGCGTAGCTCGTCGCCGGCAGAACGATGTGCGCCAGCGCCGTTGTCTCATTCGGGAAGAGCTCCTGGCAGATCAAGAGATCGAGCTTGCGCAACGCCTCTTCCACCTTCTTCTGGGGAAGCGACCGAAGCGGGTTCTCTCCGACCAGATAGAGCGCCTTGATCTCTCCCCGCGCCGCCGCATCGATCATTTCGCTGAGGGTCAGTCCGCCGGAGGTCGGCGTTAAACCGGGAAGGTATTCCGTCACCCCTCCCATTTCCACCGCTCCCTGCGCGTTGTTTTCTTTTGCCAGCGCCAAGATGCCGGCCCCGGGCTTGTTGACCTGTCCCGCCAGGATCGCCAATTCGGCGAGCGCCACCACATTCTGATAGCCGTTCTCGCTTCGGGTGATCGCCCGGCCGAAGAGCAACACCCCGCGCTTCGCCCCGGCATAAAGTGCCGCCGCGGCCTTGTAAGCCGATTCGGAAACGCCAGTGGCCGCCTCGATCTGTGCGAAAGAAACTGCGGCCACCGCCTGCTTCACCTTCTCGATAAAGGGAGCGGGCGCGGAAAGAGGTGCGCTTCCTTCGACCAGCGCCTTGGTCAGCCCAAGAATCGCCGTTCCCTCGCTCCCCATTTTGATCTGAAGATGCTGCGCCGCCAGCCGCGGCAGGTGGCTTCGATAAGCATCGCTCTGCCGGTTGAAGGCATCGACCGCGATGAGCTTCGCCCCCCGCTTCTTGATCGCCTCCTTCACTTTGAGTCCGGTGATCGGATTCGACTCGGTCAACTCCCCGGCAAAGGCGAGGAGAACGTCGGCTTCGACGATGTCTTCATACCGCGCCAGCCGCGTGGTCCCGAAAACATCGTTGAGGCCGGCAACGGCATTGATGTGGCCGTAGCGGGCGCCGCTGTCGATGTTCGGGGTCCCGATGACCTTCCGCATCAGTTTCTGGAAAAGGTAAATCTCTTCATTGGTGCAATGGGGCGAAATCATCCCGCCGATCGCCTGCGGTCCGTATTGGGCTTTAATGTGCTTGAGACCGGCGACGATCTTGTCGGTCGCCCCTTCCCAGGTGGTCTGGAGCGGCCGATCTTGCACCCGGACGGCCGGACGGGTCAGCCGATCGGGGTGATTGATCGTTCCATAACCGAAGAAGCCGCGGGCGCAGAGATCTCCCTCATTTCTCCCGGTTCCCAGCTCCGAGCTGACCCGCTTCACGTCGTCTTTCACCGCCTCAATCGTCATCAGACAGCCGTCGCCGCAGTAGTTGCAGATCGTCTCGGTCTTCTTGAGCTGCCAGGGGCGGTAGTCATACATCGCCAGCCGGCTGGTTAAGGCACCGACCGGACAGATCTGGATACAGCCGCCGCAGAATTCGCAGTCGAGCTCATGTTGGGCAAAAGCGCCGATTTGGTGATAGGTGCTCCGATCGATCGAGCCGAGCGCATTGGAGTCGATGACTTCATCGCAGTAGCGGACGCAGCGAAGACAGGAGACGCAGCGGTTCATCTCCTTCTCGACCAGCGGCCCGAAATAGGTCTTCTCGAAGACCCGCTTCTCCTCGGTGAACCGGCTGGTGGTCGGAGAGTAGGCGTGGGCGAAATCTTGAAGCTGGCACTCTCCCCCCTGGTCGCACTCGGGACAGTCGAGGGGGTGATTGCCAAGAAGGAACTCCATTACGCCGAACTGGGCATCCTTGACCCGGTCGGAGACCGATGAGACGACCATCCCCTCCGTCGCGGGGGTGCTGCAGGAGGTCTGAA
CP114555.1_gap29	1599754	1604581	4827	AGATTTCATCACGCGGATAATGTCTCCCTCCCGGAAAGAGGTCAGATTGTTGATTTTCAAAATCGATTCGAGCGCCTCCTCGAACGTGACCTCCCGGAAGCTGAGGGTTAACTTCCCATCGACATCGTCACTGATAATGATATTGAGATGATTCTCTTGACCGAGGGCGCGAAGGACATCCTTCAATTCGGCATTTCGGAATTCCATCGAAAAGAGGGAATCATCCTTTTTAAGCGAGATGGACGCGCGCTCGGCCGCTTCCTGTGCATCCGCCCGCATCGCTGCGGGGACAAAAATCAGGAAGAGGGAAAAGTATATCGCCACATTGATGAGAGCCCCTCTAGGCCGGGCCGTGAAAAATGCGTTCATCGAAGATCCTCCGCATGTAAGCGTTCATTACTTCGCTAAAAATTGGTCGACTTTCAATTCCATTATCTTAGAACCTTCTCTGAGAATCACCCGATCGGAGAGGATTTCTTGCACCATCATCCCTTCAATCCGATCCCCCAGACGAAGAATACGGTGATTGATGATCGCCGCCCCTTCCCCATCCCGATAGATGATCGCGCTCAAAGAAAATGCTTTTCCGGCATCGTTCTCGACACTGTTCAACAGCGCCTGCTCGGGGAGTGGGGCCGGAAGAATAAACGGATCCCTTCCCCAATCGATCGCACTCTGCTTCTCCTCAAGGAAAGCGCGATTCATGTCGATCAATGAAGGGGCATTCTGGGCCGAGAAAACAGGCAGCGTGAGAAGGAGCAAACAAATGGACAGGATGACAACGGCCATTTTCTTCATACGCCTCCTCCCTTATAAACCTGGAGGACCATCTCGGCGATGACGTCGGGACTCGTCTCGGCGGTTGATTCAATTTTGAGACGTTCGATCACGATGGGGCGCGGGAGACGCTCCAGCGCCGAAATGTAATCTCCCAGATTGAAAAATCGGGAGCGGCTCTTGACCTGAATCTGCAAGATTTCATAGCCCTCTTTCTTTTCAGCCGGACTCGGTTTGAGCTCCATCAGTTGGACCTCCTTGATCCGCGCCTGCCGGCTGAGCTCTTCCAAAATCGTCGAAAGCGACGCATTCGAAAGGAGTAGCGCCGACTCGGGTTCAGAGGGGTTGGCGGCTTCGGCTCTTCGCATCAAAACGGGGATCGTGGAGGAAAGCATCGAAATTTCTTGTTGAAGGGTTTTCTTTTGCTGATCGAGTCTCTGCCGCTCCGCCATCCTCGGTTGCAAGAAAAAGAAGACAAACGAATAGAGGAGCGCAAATAAGGTGGAGACGAAGAGAATTCGCTCTCTTTTTGATAATTTTGACCATTGTAGTTGGGTCAGTGCGCTCATCTCTTTCCCAATTGAACTTCCGGATCGATCTTCTTCAATCGGGTGTTGATTGAAAAGTCGACCTTCCGCTCGGTATTCTGCCGTGAAAAATCAAGCAGCACATCTTGGAACATCCGGGAGGCTTCCAGTGAGGACAGAAGATCGGTCACTTTCTGATAGGAGACCGCGAACCCATCGAAGCGAACCCCCTCCCCTGCATTATTCTCTAATCCGGTGATCCATACCCCTTCCGGAACCACCCGGCTGACCTCGACCAACACCCTCGACCAAGCGATTCGCTCTTTTAAAATCGCCTCTTCTGTTAAGGAACCCTCCCCGCGGGTGAGGGTTCCCGGGGCCAGCGCCGCCATCTGCTGTTCAAGTTGTTGACGCTGTTGTAAAATTGCATCGACCTCTCTTTTAAGCAGGATCTGCTTCTTCTCCTCTTGAATATAAAATAGAATAAAAAGAATAAGGAATATCCCGGCCGAGGCGACCGCCCACTGCTTTTTGCGGGGGGTCCTTGCCTTGGCGGATCCTTCAAGGAGATCTGGTTGAAAGAGGTTAATATGTTCTTTCATCATCCTCATCCGCTCGTTCCAAATAAACGGAAAGAGCGGCCTTAATTGTGAGAACGGAGGGCCAGCCCGATCCCGCTCGAGAAGCGAGGGGCGATCGCCCGGATCGCGCCGACCGATTCCGTTCCGATGATCTCCGCAAGGGGATCATCAATTTCCATCTCGGCATCAAAATAACTTCCAAAATAATCGGAGAAACCTGGAAGAAGCGCCCCTCCCCCCATCAAGATCACCTTCTTGAAAACCCCTTCCCGGAACTGAGCCCGGTAATAATCGATCGACCGCTGGATTTCAACGATAAACCGGTCGATTTCATTTTTGATGATCGCCTGCGGCCCCTCTTCCGCGCCGACCCCTTTTTCGCGTTTCAGCTTTTCCGCCTCTTCATATGGTAGGCCCATTTCCCGTTCGAGTCGGCGGGTAATCTGCTCCCCCCCCATTTCCAATCGCCGGGTGAATCGCAGGACACCATCTTTCAAAATCGTCATATCGGTTTTCGCGGCGCCGATGTCGATGTAGATGAAATTCCCCGTCAGCTCTTTCCCATAGCTCATCCGAATCGTATTCAGCAGAGAGAGGGGGTTCACATCGATGGCGACAATGTCGAGTCCCGCCCGTTGCATCATCGCCCACTGCTCGCGGAGGGAGCTCCTCTCAGCCACGACCAGAATCAAATCATATCGCTTCGTCTCCCGCTCCTGCCGCCCCCCCGCAATGATGAAATCGAGGATCATCTCCTCCATCGGAATGGAGACCAGCTTTTTCGCCTCCCACTTCACCGCCTCCGCAAGCTCCTCTTTCGGCATGGCGGGGAGGGTTAAATATCGAATAAGAGGCGCCTGGCCGGAAAAATTAATGACCGCCTTCGGCCGCTTTTTCTCTTTGATCAACTCGTCCAGCGCCGCGGTGATATTCTCCTGTCTAAGATCCTGATCCATCGGGAGTTCCTTGAGTCCGATATCGAGCAGCTTCACCCCTTGCCGCGTCCGGCCGAGACGGACGACTTTCACCGAGCTCGCCCCGATATCAATCGCCCAAAACGGCTTTCTAAAAGGCAGCCATCCCATTAATTTCTCCCTTCCTCGATGCCCGGCAGCCGACACCCCACACCCACATTCAATTCCTCCAAGGCCATCTCATATGCGACCTTGTGCTTAAATCCCTTCGCCAAATATTTCCATATAAGCTTTATTTTAAGCAAATCTTCCCGGCTGTACTCGCGCGCCTCCAAATCGCCCATTGGAATCCGCTTAGGGATGACATATCCCTTCTGCTCGAGGTAATAGAGCTTGTGTCTTGGGATATTGACCTCTTGTAAAATTTCCGATGTCTTCATCTAGTCCTGTTCAATCCAAGGCGACTAATAAATCTATTTTTCTAAGCTTAAAAAACGATTCCTACCTAAATGGAAATAATCTTCTCTTAACTCTATGGAAACACCTCAATCCAGTCGATCGGAGGGATGCTCCCGGGTTGGGTTCCAGCGGCGAACTGGACGACAAACCAACCAATATCCGTAGAAGCACTCGCCGGGTTGAACGGGGGATTAAAAGCATTTCTGTCCATCGTAATCTGATTCGCCATCGGTGCTCCGGTCAATGTCATTGTGACCGATCCAATTCCGATAATATCCACATCCTGAGCATTGCTGCCAATCATCGGGCTGCGCCCCATACTCTGGCCGCTTACAGGTTGAACGGATGCAAACGCGACGGAACGGTCGGGATCAACCGGTGTCGCAAGCGCCACAATCTCCTGAGGATCGTTGGCGGGAAAATTCTCACTCCCTCCTTGTACCAATGAACCATCCCCGAATGATACCGCTTGCCAATGGGCCTCCGTGATATCTTGGTCTCCACCGGTGCCGCTATCGATGCTGCGATCGATGACGACGTTCCCCGGCATTGATCTGAGCCCGGAGCATTCTTGCACCGACATCGATCGGACCGTCAGAGGTGCGATAGCCGACCAGCACGAAGCTGTTCGCAGCATTCAGAGGCGTGGCCGGGGCAAGGTTCCGGATTAGTATATTGTTTGGAAAAGTCGTCGTGCCGTCTTGGACTGTGATCGCTCCGTTCGTATACTCGATCACCTGCCACCAAATAATGTGGGTAGCGGCCGCAGTATCGACTCTAAACTGAAGATTGTTGGTGGCGGTAATCTCACCGATGATTGGATCGTTAAAGGAATAGTCGACGTCGGTGTTCGTGGGCGTTTTCGACCAAGTGACAAAGGCCCGATTTACAGCAGCCACGCCAGCAAACCCCTGCGCGGCGCCGAGGTTGACCGTCGTCGCGGACTGAGTCGTTTGGCCCCGCTGCACGGAGACACCGCTATCATACTCCACCACGTACCAGCGGATATTGATTGGGGGCATCCCCGCTCCTTCATTGGTAACCCGTACAAATTCGAGCGTGGTTGCGCTTGCGATCCTTCCGCGCACATAGGACCCGACCGGTCGATTACTGTTATGCCGCGCATTGAAAATAAGAAAGGATCGTGCAGGAACAACGGCACTCGGAATATTGACTGTTACCGTACCGTTAATAGAGACAGTGGCAATACCACTCTGAACCGAGACACCCATGGGAATGGCACGCTCAATCACTCTTTGCGCATTGCCGGCGGGGCTGCTAACTGTTCCGGTCACTCGGATGAGACATTGGCTTTGAGCGATCGGCGCATTATCCGCATGGGCTGCAGCGACCGATCCCCCCGCACCCCGTTGGGCATTCAGGAAAGTAGTCGCCGTGACCCCGTTGTAGTCAATCCATTCGGTGTCGATACGAAGCCGCCCATGAGAGGCGTAGCCCGCCGTCGAGTCGACCGGAATCGTCGTGACGGTATTGTTGATCCCTCCACCCTGATTGATGAGGGTGGAGACCGGACGAGAGAGAGTCCCAATGACGGTAAAGCTTCCTGCA
CP114555.1_gap30	1607849	1612803	4954	ACAGAGAGATTTCCGCCGCTGTTGACCGGATCCACCGCAAACTCGCCGGCTTCTCCCCAGGTACCGTTGGCAGGTGCGGCGTCGTTCACTACCGCATAACCGCTGGCCGGCGCCGGGTTCGCATTGAAGTAAACCCGATACCGTTGGTTCTGGACCATCGCCAACTGCTGCGCATAGACGATATCCGATTGGAGCTTGCGGGCGGCCGCCGCCGCCTTCGTCCCGGCCATGTTCGCCGCCCGGGGAATTGCCGTTGCAGCGAGGATCGTCACCAGAACGATGATGATCACCAGCTCAATCAGCGTAAATCCCGCCTCTCTGCTCGGTCTGGCCACGATTATCCCCTCTTCCCGGCCGAGGTACACCGGGAAGTCGACAGCGTTCCTTACTTACCTGCGGCTGCATCCCTCCGGGATTGCAGCCGCACAGTATTAACAACCGGTTGTCGTGACTGTGACGCTCCCGTTGGTAGCGTCATAGGAGACTTGGCAGGTCGCACTTCCTCCATTCGTCGGCTGGAACGTCGACGGTGCCCCATACGTAGCGGTGAATCCGGACATATCGTTCATCGCAGCCCCGATGCCGGCCGCAGCTCCGGTCGGAACCCCCGCCGCCGCTCCGGCCACACCCACCGCCACCGTGGTTCCATCCGCCATGGTCACCGGAGAAGTCCCCGTTCCGGCAACCATATATTGAGCCTTCACCACCGCCACCGCCGCACGAAGCCCGCCCGCAAAACCGTTGACGCTGGCAGTCCGGGCGTTGGAGGTGATGTTGATAAACTTCGGAACCGCAAATGCCGCCAACAGACCGAGAACCACAATCACCAATACCAACTCGACCAGGGTGAAGCCTTTTTCGTTCTTCAATGTCTTCATGAAACTCCTCCTCCTTCTTATGCTATTGATTGCCGTTGATTGACTTGCTCCTTGCCTACCAGGTTTCATAACCGGGTGTCCCCGAAGAAACCCTCCCATTTCTCGGATCGTATCGATACCGATTTCCAAATGGATCCAAAAAATGTCCCTCCGGATCAGCCGTCACCGCGCTGAGATATTCCTCCGTAAAGAAAGTATCCTCCCGCGCCGGCAGCATCACCCGTTTGCGAATCAGGTTTTCCAAAGTGGGTGGATATTGATGCTCTACAAAATGATAAAGTTGAATCGTCTTTCGGATATTGACCAATCCCCCTTGCAACGCTACCTCTTTTGCTTCCTGCACCGTCCTATGGTAATAGGGGAAGATCACACCGATTACGACGCCGACCAGGATACAGACGAGCAATGTGTCGAGAATTCCCTTTCCTTCTTCCCCTCGAATCGGTCTCGCGAACTGCGTCGATTTATCCTCCCCCTTTGGCCGCATTGATCAAGTTCCACCAAGGTAAGAAGATCGCCAGGGCCAGGAGAAGCACCGCACCGCTGATAATGACGAGAAGCAGCGGCTCCAGGCTGCTTGAGAGATTCTTGATCGCGTAATCGACATCCCGGTCATAATATTCGGAGACTTTCATCATCATCTCTTCGGTCTTTCCACTCTCCTCTCCGACCGCCACCATCTGCAGGACGATCGGCGGAAAGACCTTGCTGACCCGCATCGGTTGAACGATTCCTCGTCCCTGCCGGGCCGAATCTCGAACGTTGTCGATGATGCGCGCGATCACAACATTGCCGACCGTCTCCGAAACAATCTCCAGCGTCTGGAGGATCGGAAGACCGGCCCGGTGGAGGGTTCCAAAAACGCGGGCGAAGCGGGAGAGGGCCGTCTTCATAAAGATCGGTCCGAAGATCGGTATCTTTAACTTGAGCCCATCCCACCAAAGCCTTCCGGGCACCGTGTTGATGTACTTGCGAAATCCGATGAACGCCGCGGCGATAACGCCTAAAATGAGCAGCCCGTAGTGCTGGACCGCGTAGTGGGTGCCGATCAAAATCCGTGTCGGCAAAGGGAGCTCAACCTTAAAGCTGGCATAAAGTGCCGCGAATTTCGGGATGACGAAGGTAATCAACACTCCGAAAGCGACCACGAGCGCCACCACCACAATTTTTGGATAGCGCGTCGCTGTTTTGATTCGGGCGCGGGTCTCGGCGTCATGCTCCGCCAGCAATGCCAATCGATTGAGCATTTCATCGAGCACCCCCCCGTCTCCCCCGCCTTCACCAGGCTGACATAGAGTGTGCTGAAAACGTTTGGATGTTTGGCAAGCGCCTCGGCGAAGGTGCTCCCCCCTTCAACATCCCGGCGCACCTGGTTGATCACCTTTTTCAGTTTCGGACTCTCGGTTTGCTCCTCCAGCGCGGTGAAGCTCGCCATGAAGGGAATCCCGGCGCCGATCAGCGTCGCCAACTGCCGGGAGAAGATGATCAAATCCTCGGAAGAGATCCTCTCGAATTGCGGGAGAAGCTCGGCCAGCGAAAGGCCGGGCTTTTCCTCGTCGATCGCAACGGGGATATAACCGAGACTGTCTAGATGCCCGGCCACCGCCTCTTTGCCGTGGGTCTCAAACGTCCCCATAAAAAGGGCGCCGTATTTGTCTCTTGCTTTGTATCGAAAAGTCGGCATTGCTCTCCCTAAGCGCGCGTGTCTCATCGCACAGTTTTGCAAGTCATATGCCTTTGGGGTATGCTGGAAAGAAGTCGTAAAAATACCATAAAAGTCATGCGGTTAACGATTTGATTCGAAGCGAGGAAGGACGTTAGAAATTTAAACTTATGTAGGCCGACACCCAACCGGGCCGTTTTTTGTCAGGAAAAATCCGCATAGGTTGTGAATCAAAGAGGGGAAGTCTTTAGGTGAGGTCGCCGTCGAATTCCTGGGTGACGCGGAAGACTTCTTCCACGGTCGTCATTCCCTGGACCGCTTTGAAAAGGCCTTCGACGCGAAGCGATTTAAATTTCATGTTCGCCGCATACTTGCGGATCTCGCTGGAGGCGGCGCGCGTCACGACGAGCTGGCGGATCGGATCGTCGGCCATCAGCAGCTCATAAATGGCGATCCGCCCGGAATACCCGCTCCCCCGGCAGTCGGGACATCCCTCGCCCCGGGCAAAGGTGATCTCCCGCTTCCCGTTCACGAGATGAGAAAGACCAAGATCGTTTAAAAGCTGGGGGGTGGCGGCGTAGGACTTCTTACAGGCATTGCAGACTTTTCGCACCAGCCGCTGCGCCGCAATCCCGATGAGCGAAGAGGCGATGAGGAACGGCTCGACCCCCATGTCGACCAGCCGGGCGATGGCGCCGGCCGCATCGTTGGTATGAAGGGTCGATAAGACGAGATGGCCGGTAAGGGCCGCCTGAATGGCGATGGTGGCTGTCTCCCGGTCGCGGATCTCCCCGACCATCACGATGTCGGGGTCTTGCCGCAAGATCGAGCGAAGCCCGTTGGCGAAGGTCACGCCGACTTTCGTATTCACCGGCACCTGATTGATCAGCTTGATCTGATACTCCACCGGATCTTCGATTGTCACGATGTTTCTTTCAACAGAGCTGAGCTGTTTGAGGGCCGAATAGATCGTCGTCGTTTTGCCGCTCCCGGTCGGCCCGGTCACCAGGACCAGACCATACGGGCGGCGGATCATCTTCTCGAAGGTTTGAAGCCCTTCGGTCGAGAATCCCAAATCTGAGAGAGAGAGAAGCAGCTTCGATTTGTCGAGCAGACGCATCACGATCTTCTCGCCGAAGAGGGTCGGGAGGGTGGAGAGACGAATATCGATGTCGCGATCTCCCACCTTCATCTGGATGCGCCCATCCTGAGGAACCCGCTTCTCGGCGATGTCGAGATCGGCCATGATCTTGATCCGGGAAGCGACCCCCGACTGAAGATTGCGCGGGGCGGTCATCACTTCTCGGAGCAGCCCGTCGCGCCGGAACCGGATGCGGAGGACCTCGCCGTCGGGCTCGATGTGGATGTCGCTCGAACCTTCTTTGATCGCCTGCGTGATCATCGTATTGACGAACTTGACGACCGGCGTGTCTTCAGCCAACTTGGAGAGCTCGATGACGGCGTCCCCTTCTTCGGCCACCCCGAATCCCTGACGGTCGGCTTCCCGCGCCGCCTCCTCCAAGGAGCCCGCGCCGGAGTAGTACCGGTCGATCGCCTTCATCACATCCGACTCTTTGCTCATCACCGGCTCGATCTCGCAACCGGCGGTCCGCTTCACATCGTCGATCGCAAAAACATTGAGCGGATCGGCCATCGCCAGGGTCAGGACGGCCCCTTTTTTGTAAAGAGGGATGATCTGATGGCGGCGGGCCAGCATCTCCGGGACGATCTGGATGGTCTCCGGCTCGATGATGATGCCGGAAAGATCGACATACTGAATCCCCATCTGCTTCCCGAGAACTTTGATGATATCGTCCTCGGTGACAAGGCCCAAGCTCTTGAGGACCACACCGATCCGCCCGCCGTGTGTCTTCTGCTCGGCGAGCGCGCGCTTCAGCTGCTCGTTCGAAAGGAGTCCTTCGGCGATCAACATTTCGCCGAGCATCTTTCTTTTCTGCTGCGGTTGCGGCATGGTTGGCTCTTTTTTCAGATGGGTAGGGGCGTATTGCAATACGCCCCTAACTATAACAGCCGTCGGACATTTGTCAAGAAAAGGGGCGTGAAACACGGCTAAATTGATTTTTAGGCAGGGCTGTGGTAAATTCCGGTCTTGCTTAATCAGGATGAGGATCGATGGGAAAGTTTTTTTATTACCTTGGCAGAGTCGTTCAGGCGACGGGATTGCTTTTGATCTTAAATGTCTTGATCGTCTCCGGGCTTCAGAACGGCAGCATGGGATTTCTATTTAAGTTCACGGTGCTGGGGATGGGAATCTTTATGGTGGGGTGGTTCATCCAGCAGTATTCTTGAACGGAATGAACTTTCGAACGAAGGCCCACTGCACTTCCTTCCAAAATTGACAGTAAGTCCGCTCCCCCCGAAGAATCCCCAAATAGAGATCGACGGCCCCCGG
CP114555.1_gap31	1615938	1617520	1582	CAAAGAGCCGAACCGGCGGCTCCCCCATCGTATCGATGGAAACGGCCAACATCTCGAAATCATCCCGGGAATAACTCCGATAGAGCGCCTCCATCGACGGCATCTCCATCTTGCACGGGCCGCACCAGGTCGCCCAAAAATTGATCAGGACGACCTTTCCCCGATACTGCGAGAGCGACGTCATTCCGCCCCGCAGATTTTTGACCATGAAATCGGGGGCCAAGAATCCGGCTTCGACGCCGACCGCCAACGGCCCCTTCGCCTCTCCCCCCTCCTTTTGCGAACAGGCCATCAACAGTGGAAGAAGGAAAAAGATCGCCAGCGTTCTTTTGATCATCTGCGTATGACATCCGTCGTCGAGCCTTCAAAGAAGGCCCGGCCTCTTTCGATTATTATACTGCTTTCTCAGCCGGTCGCCCAGGGACGATCTAGAACAGCGGCGCGCGGCCCGATCGGAGATCCTGCAAGGCCTTTTTGACGAATTCGGCGCTTTCGGTCTGGGGGGGGATATATTTATATGCCTCGGTCCAAGCCTCGTCCGCCTCTGTGTATCGCTCCAGGTGAATCAGCACCACCCCCTTCGCCCAGAGAACCGACGCGTCTTGAGGGACATTGATCAGCGCTGTGTCGAGGTGATCCAAGGCCTCCTGATAGGCGGTTCGATTTCCCGGCTCGGCGGTGCGGATCAGGACCTCGGCGAGTCCATAATGGGCGGCGTGGCTGCGCCGGTCTAGCTCGATCGCCTTCCGCCACGCCTTCTCGGCATCTTCCCACCGCTCCAGCGCCACATACGATCGGCCCGCCATCAATTGCCCTTGAAGGTCATTCGGGTTGTTCTTCAGCCGCTCTTCCAGGCGCGCCACCATCTCCGCCGGATTGATCGGGGGCATCGTCGCCGCCCCCTCCGCCCCGGCCTCGGCGAACTGTTGCCGCTCCAATTTCCACTGGACGAGCTGATGCATGCCGACCGCGCCGGCGATGATCACCGTCCCCAGAAAGCCGATGAAAACGGGGCCGGCGCCGCTCGGCGGACGGGATTTCTTGTTTTTCGGCGGGACGAGACCGATCCCAACCAGCGCATCGAGCCGATCGAGGATCTGGATCAGCCGATGTTCGTGCCCGAGCTTCTGTCGATGATAGTCGGCTTCAGCGACTTTGGACTGAGCATAATCGAGTTCCAGATCGGAAAGGGTGCGCAGAAGGCTCTCTTTCTCGATCTGAAGATTGATCCGTTCTTCATCCAGTGCAGCCTCATCGCCGACGATCAACGCCGTTTTAGAGCGTTGCCACATCGGGGAGAGAAGAACCAAGATGACCGCCAACAACATGAGACCGGCGGCGACAGGAAGCATATGTTACTCCTTCGGTAATTGCGTTACTATTTATCCGGCTCCAGCCCGCGGATCTCTTGCTCGATCCGCCGGCGGCTTTTTTCATCGATCGGGGAGAGCTCTTCAGGCGAGGCGGGCGCCGTCTCGGCCACCCACTTCCGCAGGGTGCGGAACAAGAAGGTCCCGCCGATGATCAGAAGAAGAAAGGGCCCTCCCCAGAGGAGCAGATTCAGGCCGAACGCCCTCGGTTT
CP114555.1_gap32	1667400	1671152	3752	GATCGTCATCGGCAAAGACACTCGCCTCTCCTGTTACATGTTGGAGTCGGCCCTCACCTCGGGCATCTGCTCCATGGGGGTCGATGTCCTCTTGGTCGGTCCGCTTCCGACCCCCGCCGTCGCCTTCCTCGCGCGAAGCCTCCGGGTCGATGCCGGGGTGATGATCTCCGCCTCGCACAATCCCTTCGAAGACAACGGCATCAAGTTTTTCTCCAGGGACGGGTTAAAGCTCCCCGACGAAATGGAACATCAGATCGAATCGTTGATCTTCTCGGGCGAAATCGACAACATCCGCCCGACCGCGGCGGAAATCGGAAAGGTCTTTCGGATCGACGATGTCGAAGGGCGATACATCGAGTTTGTCAAGAACTCCCTCCCGAAGGGACTCGATTTCCAGAGAATGAAAATTGTTGTCGACTGCGCGAACGGAGCGGCCTATAAAGTCGCCCCGATGGTCCTCCGAGAGTTGGGGGCCGAGGTCATCGTCCTCAGCGACGATCCCAGCGGGACCAACATCAATCTCAACTGCGGCGCCCTTTATCCCGAGGAGCTTCAAAAGAAGGTGATCGAGACCCAGGCCGACGTCGGCATTGCCCACGATGGGGATGCCGATCGGGCCGTCTTTGTGGACGAAAGGGGTCATGTCGTCGACGGCGATGCGCTTCTGGTCGCCTTCGCCCTGGCCCTCCACCAGGAGAAGGCATTAAAAGGAGAGACGCTGGTCTCCACCCTCATGAGCAATATGGGGATGGACTTGGCCCTCCGGTCGCGGGGGATTCAGGTCGTTCGAACCCCGGTCGGCGATCGATATGTGCTCGAACGGATGATAAAAGACGGTTATAACCTCGGCGGCGAGCAGTCGGGCCATGTCATTTTTCTCGACTATAACACCACCGGCGACGGCCTGATTAGCGCGCTGCAGCTCCTTTCTCTCATGAAAAGGACGGGGAAAAAGGTTTCCGAGCTGGCCGCCTGCATGACCGCGCTTCCCCAGGTGCTCAAGAACGTCCGGGTTCAAAAAAAGCTGGAGATCTCGGAGATTCCGGAGCTTCAAAAAGCGATCGCCGACTGCGAGGAGAAGCTGAGGGACAATGGCCGAATCCTCATCCGGTATTCCGGAACCGAACCCCTTCTTCGGATCATGATCGAAGGCGAAGAACAAACCGCGATCACCGCGATGGCGGACCAATTGGCGGAGATCGTTCAAAAGAAAATCGGTTTATCAAAATAAGGAACGCTTGAGATGAAGCGACCGGGAACACTGCTTGCGCTTCTTTCCTTGGCCCTCTTTGCGGGGCTCGCCACGCTGGATGCCTCTCCGCTCGATGAGGTCGTCCGCTCGCGGCACAACCTGGCCCTTCCCTCGCTTCCTCCTTCCACCTCCTGTACGATCTGCCATATCGATCCGATCCCCGGAGCCGCGGCGGCGCCCAAAGCGGTCCCCGCCGAAACAGAGACCGCCGCTCCGCCTCAAAAGGCGCCGAGCCCCCCTCTCTGGGGAAGCCGGGAGGGAGCCGAATACCGCCTGACCGCCACCCTTTCGGCGAAGAGCCACCCGTACAATCAGCCGACCGGCTCCTCGCTCACCTGCTTGGCCTGTCACGATGGCGCCCTTGCCAAAGACATGCACGGCGTCAATGTCGATACCGCCCGTCTCGGCGCCGAAGCCAACACCTCCTGGGAAGGAGGTTTCTCCCCCAGGGAAGCGCCGCCATTGAGCCGCGTCGACCATCCCATTTCGATTCCTTATCCAAGAAAACCAAACGGCATGTTCGTTCCCCAGAATCCGTCGGTGACCTACGCCCGCTACTGGACCATCCCCGATCTCCGTCCGGAAGGGTATGTCCTCCCCAATGATGGAACCTCCTCCTACCTCGATCTTCCGGCGGAAAAGGTCTCCTCACCGGAAATCCTCTCCACACTGGTCCGAACCACCTCCGGCCGGGTGGAGTGCGACAGCTGCCACAATCCCCACAGCGAAAAGATCCGTCCCTTTTTACGTGTACCCTCCGCCTCGCTTTGCCTCGTCTGTCACGACCGTTAAACTAAAATCCCTTCTCGGTACTTCTCTTCCAATATTGCTTCTCATTTTTACATTCCTGAAAATAACATAAGCCATTGATTAGATAGAATATTAAAACATGTGAACGTCCCATTACTTGACAGGTCACCGAATTTTGTTATGGTTGTTTATAAGAAATCAAGTTGGCTTGAATTGATCGGCAGCACGCTGAATTCTGCTCCCAGACCGATCGAGGAAAGGAGCGGCAATGAAACAGTTTTTATATTTTGGTTTTCTGCTGGGTTGGGCATTCCTTCATTCCCTTTCACCGGCCTGGGCGAACGAGAGCTCGGAGGTCGAGGCACTCTTTAAGGAATCGCTGCAAAGCGATGATTACGAGCGGAACAAAACAAACCTTGAAAAAATCATCAACTTGGCTCCCGACTCCGCCTATGGTCATTTCTCGAAGGGATGGTTTTGGGCCCAAGAGGAGAACTACCCCATGGCCGTCGAGGAGTATCGAACCGCGCTCCAAATCCGGCCGCAGTTCGGCGAAGCGAGAAACAATCTCGCCTCCGCCCACTTTCATATGGGAAATTGGTCGGAGTCGATTCGGGAATATGAAGAGGTCCTTCGGCAAAATCCCGACTGGAGCGAGACGCATCTTAATCTCGGATCGGCCTACTACATGGCCGGCAGGGCCTTCGCGTCGATCCAAGCTTGGGAGAAGGCGCTTCAGATCAATTCCGAGCTGTTCATCGTTCACTACTACTTGGGACTGACGTTCGATAAGCTCGGGAGGAAAGCGGAGGCTCGCCATCACTACGGGCAATTCCTCGCGGCGGATAAAAACGAAGAGGAGTTCTCGGAATACATTGAACACGCGGGCCAACGCCAGACGGACATCTGGGTCGAACAAGCCAGTAACCAGACTTAATCAGCCTGATCGATGTATTGAAGATATGAAAGAAGCCGGGGGTGGGACGTTCGATTCACCTCCGAAAAAGAAATCCCAAGCGCATTGAAATTTCCATCGCGGCGCGCCCAGACGATTTTTCCTGAAAGTTTCTCCGAAGTCATTTCACCCGAACGTTGTTCGAAGAAAACCTCAATCTCGATACCCTTGCCTGCGTCAACCGGATCTCGGGTGTAGCCTCCGATCCCTCCCCAACCGATATTGGGACGAAGGATCTCGATCACACCTCCCCCTTCCTGTATCAGAGCGATCTTCAGATTAAAACCGATTCGTTGGGACTTTCTTCTCTCTTGCATGGCGGAGAGACTACTGGAACCCCCTTCCCTTGTCAAGAGATTGGAGGGGTTCTACCTGTCGAACCCTTACAGAAGATCGAACGGCCGATCCTGATGTCCTCTGAGGAAGAAATGAGAAAAATCACGATTGATTGACTTTTGAATTTTCAAACGGATAAAATAAGAACCAATTCACCTCCAAGCCCTTGGAAACACCGCCCTCTCCATCCTCAACGACGGCGCATCCCGAACCGGCCGGATGGAGCGTAACAACCCGATCGACGCTTCCCTCAACTTTTTATTCCGCTCTTCAGAACCGTTCGGCCCGATCGGCCGAGAGGAAGAGGCTCTCCTCATTTCCAGACGAGGTCGGCGGCACGATTTTCATTTCGGCATTCGACGGACGGGAGCTTTTATCGGTTCCCGGCGCACCTCAATAATTCAGCAAAAGGTGGACCGATGGAGAATGCAGTTCAGGGAAGTGAGCGGAAGGCCGCAA
CP114555.1_gap33	1672546	1677176	4630	CGGGTCGAAGCGCCGGCGGGCAGCGCTTTCTTTCAAGAAAAAGGATGCGCCGCCTGCCACTACACCGGTTTCTCGGGTCGGCGCGGCATTTTTGAGCTCTTCACCCTCTCCACCAAATTAAGGGAGCTGATCGCGAACGGCGCAACCGAGCAAGAGATCCGCGCCATGACGGCCGCCTTCGGAATGCGCACCTTGCAGGAAGACGGCCTTCAGAAGGTCGCACAGGGGATCACCACGACGGAGGAGGTCATCCGTGTGGTTGAGATGGAAGAGACCTTTAGGAATCTTTGTCCCCAGTGCCACCGATCGCTTCACCTCGATTATCTGATCTGCCCCCACTGCGGCTGCGCCTCTCCCTATGTCTGCGCTTCCTGCGGAAAGTTCCTTCAGCCCGAGTGGACCGCGTGTCCGTATTGCCGTCACGCCACCCAAGCAGTAAAAAGTGAGGAGTCTTTATGAATCGACAAGAGCTTGAAAAAAAGAATATCGCCGCCCTTCGCTCTCTCGCCAAGACCCATTCGATTCGCCTTCGCCCTTCCATGCGTAAGAGCGAGATCGTTTCCGTTTTGCTGGAATCGCTTTCTCCGGCGGAAAAAAGGGAGCCCGCCCCCTTGACGGAGAAAGAAGCGGTCACGGCAAGCAGGATGACCGAACATGCCGGAGAGGGAGAAGCCGAAGAGGAAAGGGCTGGCGTCGGCATTGCAATTTATCCGGAGATTCCAACGGAATATGGCGTCAATCAGGTCGTCGCCTTGGTCCGCGATCCCTGGTGGATCTACAGCTATTGGGAGGTGACCCACGAAGGGATCGGAGAGACCCATCGGAAACTGGCCGATCCGGAAAGCCGCCTTGCCCTGCGGGTTTACGATCTTTCGGAGCGGAGCGATTTGACCCATTTTTGGGACATTGACGTCGACCACCGGATCGGAAACTGGTATGTCGATGTCGGCAAACCGGACCGGAATTTTTTGATCGATATCGGTATGAAATCCCGTTCGGGCGCATTCGCGACGATCGCCCGATCAAACAGCGCCCACACCCCGCCGGCCGGCCCTTCCGACCGGTTCGATGAAGAGTGGTGGTCGCCGGAGGGAACGCTCGCCTCCGACGAGGGAAGAAGGTTGCCGCTGGAGCCGTTCGAACGGGAAAGAGAGGCGATCTCAAGCCTCTTCTCTTTGGGGCTGTTTCGGAAAGGCTAAAACATGGAAGGGGGCGGAAGCACCTCCCGCCTACCGGCATTTAGGAGGTTCCCATGGAAAAAGGATTTCTCTCACTCATTCTCCATTCACACCTTCCCTTTGTGCGCCACCCCGAATATCCGGAGTTCCTCGAAGAGGATTGGCTCTTTGAGGCCATTACCGAAACGTATATTCCGTTCATCACGATCTTTGAAAAACTGTTGAACGATCGGGTCCCCTTTCGGATCACCCTCTCGATCACGCCGACCCTGGCCGCCATGCTCAGCGATCCGCTTCTGCAGCGGCGTTATCTGGAACACATCGAGCGGCTGATCGAGCTTGCGGAGAAGGAAGTGCATCGGACGCGGAATCAGCCGGAGTTTCATTCGACCGCCCGGATGTATCTCGATCGGTTCCGGGAAGCGCGGACCGTCTTCAACGATCGATACCGGCGGAATCTTCTCACCGCCTTTCGCGCCTTCCAGGAAGAGGGCTCGGTCGAGCTGATGACCTCGGCTGCCACGCACGGATTTCTTCCGCTCATGGCGGTCAATCCGAATGCCGTGCGGGCGCAGGTCGAGATCGGCGCGCGGGAATATGAGCGCCACTTCGGCCGGCGTCCCCGCGGGATCTGGCTTCCCGAGTGCGGCTATTATCCCGGATTGGAAGAACACCTGGCCGCCTCCGGGCTTCAATATTTCATCGTCGATTCTCATGGACTCCTCCACGCCGTTCCCCGTCCGAAATATGCCCTCTACGCCCCGATTTACACCCGCGCGAAGGTCGCGGCGTTCGGACGGGATGTCGAATCGTCGAAGCAGGTCTGGAGCGCGGAGGAGGGCTACCCGGGAGATTTCGTTTACCGCGATTTCTATCGCGACATCGGCTTTGACCTCGATCTCGACTACGTCCGGCCCTACATCCACGACGGCGGCATCCGCATTTCGACCGGAATCAAATACCACCGGATTACCGGGAAAACCGACCACAAGGAGCCGTATCACCGGGGATGGGCGATCGATCGGGCGGCGGAGCACGCTGGAAATTTCATGTTCAACCGGGAACGCCAGATCGCGCACCTCCACGACGCCATGGGGCGAAAGCCGGTGATCGTCGCCCCCTACGACGCCGAGCTCTTCGGACATTGGTGGTTTGAAGGACCGGAATGGATCGACTTTTTCATTCGGAAAAGCGCCTATGATCAGAATATTTTCCGCCTCACCACACCGGCCGAGTATCTTCGCGAGAATCCGAGGAATCAGGTGGCGACCCCGCCGATGTGCAGCTGGGGATGGAAGGGATACAACGAGGTCTGGCTGGAGGGGAGCAATGATTGGATTTATCGCCACCTTCATCAAGCGGCCGATCGGATGGTCTCGCTGGCCCGGCGCTTCCCCCAAGCGGACGGCCTTCAGAAACGAGCGCTGCGCCAAGCCGCCCGCGAGCTCCTCTTGGCGCAGGCTTCGGACTGGGCTTTTATCATGAAGACCGGAACTTCCGTTCCGTATGCCGTCAAGCGAACCTACGATCACCTCTCCTGCTTTACCCGGCTCTATGAAGAGATTTCATCGGAGCGGATTCATGAAATTGCGCTCAAAGAGATCGAAGAAAAAGACAACCTCTTCCCGGAGATCGACTATCGGCTTTATGCAGGCGCTTAGGTGTTCCCCCTGCTTGCGAAGAGAATATCGTCCGGTTAAGATAGGGGTATTAGAGTGGATGGCAGATCTGGAGATTTCATGGAACAAGCGATTGAAACGCTCAAGGGAAAATTGCTGATTGCAATGCCGATGCTCAACGATCCCAACTTCCGGCAGTCGGTGATCCTGATGTGCGAGCATGGACCGGAAGGGGCGTTGGGATTGATTATCAATCGCCCGACGGAAGTGGCGGTCTCGACGTTGATCGAAGATTTTCCCAAGCTGGCCGGCGGCGAATGGGTTTACGCCGGCGGCCCCGTGGCGAAGAACGGAATGTTGATTCTTTGCCGGGGCGATGCAACATTCGAAAATCACAGCGTCCTGGAGGACGTCTACCTGGCCAAGGATTTGGACGAGCTGAAAACGCCGGGAGCGCTCGGCCCCGACGGAGAGATCCGTTGTTGCTTGGGATATGCCGGTTGGGCGCCCGGCCAATTGGAAGGGGAGATGTCCTCGGGCGCCTGGCGGACCCTCCCGGCCGATGCGGCGCTGATCTTTGACGCCGACCCGACCCTCATTTGGCCGCAAATGATGCGCCGGTTTGGCCCCGAATGGGCCTTTTATGCAACGATGCCGTTCGATCCAAACCTGAACTGATCCCACCTTACTTCTTTTCGCTACCCCATCATACCCTCTTGTAGAACCCTGTCGCCGGCTCCACACCCGCGGAACAAAAGTGTGCAGATTTTCTTTAACTTTTGGAGGAAATCCAGACCGATCTCGCTTCTTTACAAAAGATCGAGACGGTCTGGGATTTGCTCTAAGAAGGGATAGGAACCGGAACGATTGAACACTTTTTCCAGGAGGAACGAGATGGCAAAACGTCCTCAGATTTTGATCATTGAAGATCAGCTCGGCCCCAGAAAATCACTCGAAATGATCCTTTCCCCTTACTTCGATATTCTCACCGTCGATTCGGGAGAAAAGGGATTGGCCCAGCTGAAGGAAAAACCGGTCGATGTGGTGACGCTCGACCTCCGGCTTCCCAACCTGCAAGGAATCGATGTCCTTCGCCAAATTAAACAGATGCACGGAGACATCGAGGTCATCGTCATCACCGGTTACGGGGAGTTCAAAACAGTGCTCGATGCGCTCCATTTAGGCGCCTCCTCCTATCTCCTGAAGCCCTTTAACATGGGGGACGTTTTGACCGCGGTGAATCGGGCCGCCGGAAAGAAGCGGCAGATGGATCAATTAAAAGAGTTCCTGATCCAGATCGGAGGATTGATCGGCGCCGAGAAAGAACTCTCCCAAGGGATCAAGCTGCTCGAACAAGATCGCTCCCTTCTCGAGGGGGTCAAGAAGATGTTCGAAAAAACGGAGCAAGAAATCGAGGAGGAGCGGCGGGTCAACCATTTTGACTTCATCCGGGCCCTCATCGACACCGTTGAAAAAAGAGATCCGTACGCCTACGGCCATTCGAGCCGGGTCAATTATTATTCCTACCTGATCGCGCAACGCCTCGGACTGACCGATTCGGAGAAAGAAGAGCTGCAGATCGGCGCCTACATGCACGACATCGGCAAGCTCGGCATCGACCCGCAGGTGGTTCAGAAAAAGGGAGAGTATACCTCCGAGGAGATGGAGGCGATCAAAAGACATCCCGAAATCGGCGTGAATCTCGTCGCCCCGCTGAACCTTTCCCCGAACGTTCTCGCCTTGATCCGGCATCACCACGAGTATTACATCGGGAAAGGATACCCCGACGGCATCGGCGGAGAGGACATTCCCCTCCTGGCGCGGATCGTGGCC
CP114555.1_gap34	1679164	1680499	1335	TCGACCTCCTTCGCCAAATCTAAAACGGTCGGATACGCTCCCTTCGAGAGCTTCTCCTGAAGATCGAGAAGATGCTCTTTAAACCAGGACGAGGGAAGCAGATCGAAGAGAGGCCGCTCGGCGCGGGCCGCCTCGAGGTTGAGCGAGGAGAGAACCTCCGGAGAATAACGCTCCTTCGGAAGGATCTTCTTTAAATGGTAATCATCCCCCGGGTTGTGGAGGATAATCAGGAAGCTCAACAGGTGTCGGACCTCCTCTTTCTCCCAGAAGGAGGAGGTGACCACCTGATAGGGGATCTTTCGGAGTTGAAGCGCTTTGGCGAGTGGGACCGCCTGCGCATGGGTCCGATAGAGAATCGCCATCTCGGAAGGACGGCACTCCGCCTTTCCATAATCGCGTCTGATGATCGTCGCCACCGCCTCCGCCTCTTTCTCCGGGGTGTCGGCCTGCATGACGGAGACGGCGACCGATCCGGCCCAATCGGTCCGAAGCCGCTTTTCGAGCTGGTATCGATTGTGGGCGATCAGCCGGTTGGCCGCCTCGACGATTGGAACGGTCGATCGATAATTCTGCTCAAGCCGAATGACCTCCACCTCGGGGACCATTTTCGGGAAGGAGAGGATGTGGTCGATATTCGCGCCGCGAAACCGGTAGATGCTCTGATAATCATCCCCCGCCATGAAGAGATGCGCCGGCTGCAGCAGGTTGATCATCTCCCACTGATCCGAATCGGTATCCTGCACTTCATCGACCAAAAGATGGCTGAAGCGCGATTGATAGGTCTCTCGGACGGCGGTGTGCTCACGAAGGAGGAGATTCGCCGACTGCAACAGCCCGCGATAATCGAAGGCGTTTCCTTCTTTCAGCCGGCGCTGATACTCTCGAAAAATAGGGTCGCTTTGTAAAAACCGGCCGGTCTGGAACTCACGGACCACGTCCGCCGGATCGCGCTTGATGCTCAGCTCGTCGAGAATTTCGCGGAGCAGCTCCACCTGGTCGGACTGATCGTAGATGGAGAAGTTCTTTCGATAGCCGAGAATTTCCCCCCACCGCTCCAGCAAAGAGGCGGCAAACGCATGGAAGGTCAGAAGGCTCAGCTTGCGTTGCTCACCGACCTCCGCCTCGATCCGGCGGCGCATCTCACCCGCCGCATGGCGTGTGAAGGTAAGTGCCAGCATATTCCAAGGGGAGATTCCCTCTTTCAGGAGCCGGACCAACCGGAGACTTAAGACCGCCGTCTTCCCGCTTCCGGCGCCGGCATTCACGAGGATCACCTGTGCGCGACTCTCCACCGCCCGGCGCTGTGCTTCATTGAGATTTTCAATTAATTTCATC
CP114555.1_gap35	1699744	1702945	3201	TATCGGTAATGGCGACGACGGAGGGGGTCGTCCGGCTTCCCTCTGCATTCGGGATCACCTCCGGCTCTCCGCCGGTCACCACCGACATGCAGGAGAACGTCGTCCCCAAATCAATTCCAATAACCTTTGCCATTGTCTCCTCCTTTAAGGATTCGCATGAATCCGCAACGCACGCCCCTGCTGTCTTTACGATACGATCGATACCACCAACGCATGAGAAAGACGTGCCGATCTCATTATTCGCTTTTCCACCGGGTTTAGGCATTCCCCGGGAGGACGCTTATTTTTGCCTATATTCCTTCGCCGGCCCCCGCGCCATCCCCGGAGGGAGGGGCCTTCTTCTTTGCAATCATCACCAATGAAGGGCGGAGAACACGATCATTCAGATGATAACCTTTTTGAGTCTCTCCGATCACCTGGTTCTCTTTGGCATCGGAGCCCTCCTCCACCTCGATCTGCCCGATCGATTGATGGAGAGAAGGATCAAAGGGCTGATTTAAACTTTCGATCGGAACGACCCCGAACTTTCCCAGCGCCGAGAGGAGTTGCTTCCGAATCAGTTCGACCCCCTCCATCATCCGGTCAAAATCCCGCGTCTCCCTGGAATGGGCCAGCGCCCGCTCCAGATTATCGATGACCGGGAGGAGCTCTTTGATGAGCTTCTCATTGGCATATTTGAGCGCGTCCGATTGATCTCTCTGCGCTCTTTTTTTATAGTTTTCAAAATCGGCCAACGTCCGCATGAAGCGTTCTTGGGCCTGTCGCGCCTCTTCCTCCTTCTTTTCATAACCGGCACGAAGCGTCTCGATCACTTTTCCAGGCGACTCCGCCGGAGCATCTTCCGCGGTGGCCGGGCCTTTCGATTCTTCAAATCGTTCTTTTTCTTCACCTATTTTATTTTCATCCTGCTGGTTCAAGAGAACACCTCACTTCCCTGGCCCCTCCGAGCATCAACAATAATAATATAATGAGAGGAAAGGCTCATTTGGTTTTTTCTCCCAGAGAAGATTCCTCTTCCATGGAAGATTCTTCTAATAGCCGACTGACCTTCTTGGCCGTCGAGTCGACCAGCGGAATAATTTTTTGGAGTACTCCATTCGGGTCGGGCCGAGGATCCCCACGGTCCCTAACACCTGATTCCCCCTTTTATAATGGGCCACCACCAAACTGCAATGGTGATCCCCCAGAAAGGGATTTTCGGAACCGATGTAGACCTGGACCCCTTCCGTCCCGATATACTTATCGAGGAGCTGAACGATCATCCTCTTTTCCTCGAACGCGCTGAGCAATCCTTTCATCACCCGGAAATCGGCAAAATCGGGATGGTCGATCATATGGGATGCGCCATCCATATAGAGCTCTGCGTCGATACCGCCCGAGCCGCCGTCCATGAAAGTTCGCCGCGTCAGCTCGAGGGCTTCCTGAAGAAGATGATCGTAGAGATCTTTCATTTTTTGAATTTGCGTTAATAATTTCTGGCGGATCTCCTGAAGGGTCAACCCCGAATAAAGGTGGTTGAGGGTGTCGGCGATTTTGTTGAGATCTTTCTGAGAGAGATCCTCCGGGACTTCAAAAAATTTATTCTGAACGAAACCGTCCTGAGAGATACAGACCGCCATCACCGAATTTTTTCTCAGCCGGACGAACTCCACCTGCTTGATCCGGGTGGATGAAAACTTGGGGGCGGTGACGATCGCGAGATATTGCGACGCATCCGAGAGGAGCTTGGAGGTATCCTGCAAGAGGGCCTGAATGGTCTCGCGCTGGATCAATTGCTCCGCCTGCCCAAGAATATCATCCTGCTCCTTCAATAATTCCGCATCTTGGAGAAGGTTATCTACGTAGAAACGATATCCCTTTTCCGTCGGAATCCGGCCGGCCGACGTGTGCGGCTGCATCAGGAATCCTTGCGCCTCCAAATCGGCCATAATATTTCGGATGGTGGCGGGGCTCACTCCGATGTCAAAACTGCGCGTGATGGCCTGGGATCCGACCGGAAAAGCAGTTTTGATGTAGGAGAGGACAATCGCCTTTAAGACATATCTGCTGCGATCGTCAAGCGGCATCTTTGCTCCTCAAACTCTATGATAAGTATATATTTTCTATCTTAGCACTCTCATAGATAGAGTGCCAGTACCCTACCAAATCATCCCCACACTGTCAAGCAAATTTCCCCCTTCTCCCGGAAAAACGCAGCCTGGGACCGACCCCTGGTTCAGGCTCAACTCAGTTGCAAGGGCGACTTAATTCAGACTTAATTCAGATGATAAATAATCATGAGCCCTTCCAACGTCAAGGCGGGCCTCACTTTTTGGATCGTGCTGCATTCCGGCGCGATAAGATTGGAGAGTCCCCCCGTAGCCACCACAAGCGCTTCCGTTCCGATCTCCCGATGGATACGGCGGACGATTTCGTTTACCAGCCCGACATATCCGAAGATCATTCCCGATTGCATACTGCTGACCGTATCTCTTCCGATGATTCTCTTCGGCTTGATCAGCTCGACACGGGGGAGTTTTGCGGCGCGGGAGAAAAGGGCATCGGCCGAAATGATCAGTCCGGGGGCGATCGCCCCGCCCAAGTAGTCTCCCGTTTCCGAAACGACACAAAACGTGGTCGCCGTTCCAAAATCGACAATGACGACGGGGCCGCCGTAGAAATGATAAGCGGCCGCGGCGTTCACAATCCGGTCGGCGCCGATCTCTTTCGGCTGGTCGTATTTGATCTGAAGACCGGTTTTCAGCGAATGGGTGACGACCATCGGATCGAGCGAGAAATACTTTCGGGTCATCTCTTGAAAGACCGGCGTCAAAGGGGGGACGACGCTCGAGAGAATCGCCCCCTTCACCTTCGAGAGGGGGATTTTTTGGGCAAGTAAAAGATCGATGAGCAGAATTCCATATTCATCGGCCGTCTTGTGAAGGTGGGTGGCGACCCGCCATTCTCCGATGAGTTTCTTTCGCTCGAAGATACCGAACACCACATTGGTGTTTCCGATATCGATCACCAACAGCAGCGATTGTTTTCGTTCCGGTTTCATCTCGACCTATGCAGGGGTGCTTCGTCCATGTGCGGAGGGGTCTTTTACTTCCCGAAGATGGGTCACATCTCCGACCAAGATCCGCCGCTGGTTTCCATCTCCCATCCGGATCAGCAGCGCCCCATCCTCTTGAAGATCCTCCGCCCAACCTTCAAACTCCT
CP114555.1_gap36	1704008	1705651	1643	AAAACCATATCCCCCAAGTGGAACCGATGGTTCCATCCGCCGCCGAGCCGGACCGCCTCTTTCTCCAGCATTCGGAGTCCCGGGGTGGTCTTCCGTGTATCAACGATCTTCGCCCCGGTGCCGGCCACCTGATCGACAAACCGCCGGGTCTGGGTGGCGACGCCCGAAAGACACTGAAGAAAATTCAGCGCAGTACGCTCCCCCTTGAGAAGAAGCCGTCCGTCACCGTAGACCGATCCGATTGAGTCGCCCGGTTTGGCCTTCTGCCCCGGCGCAATGTTGACCTCGATCCGAATCGTTGGATCGAGGAGTTCGAAGACCGTCTGAAAAACATCGAGCCCGGCGACGACGAGATCTTCTTTGGCGATGACTTCGCCGACCGCCGGAACCGGACGGTGAAAGAGCGCTTCAGTCGTTCGATCACCATAAGAAAGATCTTCGGCCAGGGCACGCTCGACCAGTTTTTTTAAAAGAAACGGCTCCATTATTCCGACCCTGAGATCATTTCGCGGAACCGGCGGAGATCCTCATTTAACTTCGCTCTCTTTGCTTGCAAATCTGCCCGCTGCGTTTCCAGCTTGGCGATGACCTCTTTCGGCGCCTTGGTCATGATATTCTGGTCCTGAAATTTTCGTTCCACAGGCTCGAGCTCTTTGTCTAGCTTCGCCATTGCCTTTTCCAGACGATCGATCTCCTTCCGCAGGCGGGCTTCATCGACTGGAATGTAAATCTTCGCCATATCGGTCAATACCGTGGCCGCCTGCTTCGGCAAGGGCATGTCGATCCCAAGGGTCGGCTCGGAAAGACGGGCCAACCGTTGGATATAGGGGAGATAGTTCCGGAACAGGTCTCGTGTCCTTTCATTGTTCGCGCTAATATGGACCGCCAGTTCCTCTGACGGAGGAATGTTCATCTCTCCGCGGAGATTCCGAATCCTCACGACCGTCTCGATGACGATCTCTTGGACAATCTCCTCGATCACCGAATTCACCTTCGTCGGATCAGACGTTGGGTAAGGGGCCACAGCCAAGCTTTTCGCCTTGTGGGGAAAGTGGACCGCCAGCTCCTCGGTGATAAACGGCATCAACGGATGGAGCAGCTGCAACAGCGTACTAAAAGTCTCGCTGAGGGTATGGGCCGTCGCCCGCTTTCTGGTGGCCGCCTCATTATCTAGGCCATGGACCTCGCTTCCTCCCTGAAGATCGACCTTGGCCAGTTCCAGATACCAATCGCAGAACTCATGCCAGATGAATTGATAGAGGGCCTGCGCCGCCTCATCGAACCGATAGCGCTCCAGCGAATCGTTGATCGATCCGATCGCGCGGTGCAGCCGGCTGGTGATCCAATGGTCGGCGGGAGATCGCTCCGCAAGCCCGGGCGCCGGCCCGGTCACCCCTCCTTCAGGGAGATTCATCAGGATAAATCGCGCGGCGTTCCAGAGCTTATTGGCGAAGTTCCGGTAGCCTTCGATCCGCTCCTCGGCCAGCTTCACATCCCGACCCGGCGAGGCCATCGCCGCCAGGGTAAACCGAAGGGCATCGGTTCCGAACCGGTCCATAATCTCGAGCGGGTCGATGACGTTTCCTTTCGACTTGCTCATCTTCTGCCCCTCGGCGTCGCGGACGAGTGCATGGATATAGACA
CP114555.1_gap37	1708859	1711086	2227	CTGATTTTTAGAATAAAACAACGGGTCCCCTCCAGGGATTGAACCCGCGACCCCGCGTTCCCGCCTTTTGCCTTTTTGATGCCGCGCTCAATTATCCCTAAAGTAGATAATGATTGATATCTCTTTTCACTTCCTCTAGAATAAAGCTCCTTTATATCCGTTACGCCGTCACCCGCGCAAGAGGCGCATTCAAGATTTGGGCGAAAGGAACCGCCCGGGCGTTTTCGTATCGATATCGTCTAGCCCGGGAGCCTTTCAATGATTCACAAGAACCTTCGCTATACTTTTCTGTCTTTATTCCTTTCCCTCATTTTATCCTCACTCACATTCACCGAAAAGGCGGAGGCGGCCGCGCAGATCACCACCAACGCCAATGACGAAGGGTGGAGTCTTCGGAACAGCGCCGCGAGCCGAGGGAAAGTCCTCTGGTATGACCAGACGAACACGGTCTTTTTCCACGATGGAACCAGCACTGATCCGGTTCAAGACACCACAGCGGCGGCCGGGTCTATTGACAACGTCGTTTTCACACTGGGTAGTGGCGCCTCCGCCGACGAGGTGATCGGAGCTTGGCGAAGAGGAACGGATGACGTGTGGGTGTGGGTCAACGGCGGGACTCCCGTAAAGGTGAGCGCGACAAATCCAATCAACGCTAACGCAATGAATCCGGAAGCAGTCTCTGTTTCGGATGGTTGTGTTTTCATCCGATTCCGGGTTCCTCTCACGGTTGACGAGGCAAACCATGTCTTTAAAATCGATCATCAGACTGGTGCTGCGGTCAACCTGACTGGAAATGCTTCCGTCCCCGGCGCGGCCCGTGTTTCGTCGAGCGATTGCCAAGCCGCGTGGGTATTTGACGATGGGGCAGGGACATATCATCTCCAGTTTTACAATGGGACGAATATCATCACTGTCGATACTGCTGATGAAAACAGTTTGAGTTCTAACCTTCGCGGGTTCCATCTTCAACATGGCCGCTTGGTCTATGAGAAGGTTGTTAATGGAATCAGACAGATCCTCCTCTATGACAGCACGGCCGAGAACCCCGCGCCCGTTCAGCTGACAAACGACACGGACGCCTCTTTCGGGAACTTCTCCCCGCGGACCGACGGGCGACACATCGCTTGGCTGCATGGCAACGCCAACGGGACCGATGTCCATATTATTTTCAACGGCGGGGTTCAACTGACCGACACAACCAACCGGCCAGCCGATTTAGGAATCACGACAGAACATCCTTTTCAACTTCATCGGGGGCAGCTTTTCTGGACCGACCTGGGCGGCTCGTTTCGTTACCACGACGGAAGCGGTATCGCAACAATCGATCGGACCCCTTCGACATCGGTGGTCACCCAGTTGGGAAGCCCTTGCTGTCTTCCTTCGTTGGCGGATGGCTTTGTCCATTGGATCGGGCTCAGCAATGACGGCGGCCTCGACAGCGAGGTCTTTCGCTTCACCGGAACCGCTCCCGCCGACACCCAACAGCCGGTTCCTCCGCTTCTGGTCACCCTGGCGCCGGGCGCAAACCAAATCACAATCAACTGGGACCAAATCCTCGGCGCCGATTCTTACAACCTCTACATTTCCGAGCAATCGGGCCTGACGAAAGAAAACTTTTCGACGTTAAGAGGGGGAAGAAAGCGGAGCGGCGTGACCGGTCCGTATACATTAACCGGCTTAACGCCGAACCGAACCTATCATTTTGTAATCACGGCGGTGGACGGCGGTACTGAAGGATCCGGCTCCCGTGAGGTCGCGACGGCATTGATAAACTGGGCGTCGGTCGGAGGGTTGTCGGGTCTTCGGTTCAGCTCTGTAGCGGCGGACCAAAGTAATCCTTTTGTGGCGTATGCCGGTGGGAGCGGAACCGGCCTTAACTGTAACTCGGCAAACAAAGTGATAGGGTGTGATGTCTATCAGACGACCAATGGGGGAGACACTTGGAGTCCTGTTACTGCTGCGATCAACCGGATTGACATCCGCAGTCTTGCTGTAGAGGGTCAAAATATCTACGCGATTTCACGTGATGTTGGCGGAGGGGACAAAATTTTACGAAGCACCAATGGGGGAACGTCATGGACGGAAGGTGCTGGCGGAACGGGTGTCGGTGATCAGGATAAGGCGATCGCTGTTGATCCCAATCAGTTCCAATAATGTTTACGCAGGAAATTTTCAACTTGGCAGCAAAGGTGCGTCCGATTCCTTTGTAATCAAGTCAACAAACGGC
CP114555.1_gap38	1762794	1767463	4669	CCCGGATCGCTGTTAAAGCAGGCCCTGATGCAGCTTCAAGAGGAAGTCGGCGAGAAACCCGAAATCACTTTCGTTCTCAATAAAGTCGATCTTCTCCTGCGCCAACAGGCCGTTTCTTATCTCAAAGAGGAAGCGAAGGCCTCTCGGGAGGAAGAGAAAAAACTTTCGGCTGAATTGGCCCGCCACTGCATCACGCTCCAGAGCGTCGGCGCAACATCCGGTGCGCCGGCTGCCGATCCGCTCTACCTTGAAGCGCGCGCCGCCGCCCTCCAGGGGAAAAAAGAAGCGGTCAAAGCGGCGCTGAAGCGGCTGCTTGAAGAAGCGCCGAGCGGGCCGTACGCCGAGGAGGCGGCCTATCGGCTCGGCGAAATCGCCTTCGAGGAGGGAAGGTATGCCGAGGCGGCGGCCCATTATCAACCGCTGGTCGATCGCCCGGAGTCCTCTCTTCATCGCGCGGCGCTCTACAAGACAGCGTGGAGTTATTACCGGCAGAGCCAATCGAAAGAGATCATTCCCATTTTCTTCCGACTCTGGTTCCCCGACGAACAAGAAATCGAGCCGAAGGAAGGATCTCCCTGCCGATCGACCCCCGCGCCGGAGGAAAGGCAGGAGCACCTCCGTCTTCTCGCGTTGACCTTGCAGTCGGACGGGAGCCCGGCCCGGTTGGTCGATTGGATCGGCGGTTGGTCGCCGGCGGAAAGCTTCTCTCTCTCCTCTGAAATGGCGAAATATTACGAAGCGGCCGGACAAAAAAAAGAGGCGGTCCAACTCATCCAAGCATGGGTGGCGGCCTACCCCCTCTATCCCGACACCCCTTTTCTCCACCGAACGATGATCGATTTATACAATGAGCCGACCTCCGCTTCCACCCCCGAGGGAATTCAGGCCCGCGTCTCGTTTATCGAAAATTACCGGCCCGAGAGCGCATGGGCCAAAGAGAATCCTCCGGAACAGGCCGAGCGGGTGAAGCCGCTGCTGAAAGAACAGTTGCGATTTTTGTTGACCTATTACCAGGCCGAGGCGGAGAAGGCGCAACGGGCGGCGCTCTATCAAAATGTTCTCCCCTGGTATGATCTCTACCTTCAGATCTTCCCAAAAGAGAGTGAAACCGGCGAGGTCCGGTTCGTTTATGCCGAGCTTCTCAGTGAGCTGAAGGAAGAGCGACGATCGGCCGAGCACTACCGGGCCAGCGCTTACACCGACCCGCTCCATCCCTTGGCGCCGGAGGCGGCCTACAGGGAGATTTTGCTCTTGGAGCGGTTCCTCTCTTCTTCCGATCCCGATCTCTGGGAGGGCTACACCCGCTTCATCCAAGGGTTCCCCTCCGATCCGCGTCTCTCCCAGATCTATCTCAAGCAGGCGGAGCGCGCGTTTCAGCAGAAAGATTACGCCAAGAGCCGGGAATCGGCCGAGGTCGTCGCGATGGAGGAGGGGAGGCAGGGGTGCAAGGAGACACAACGGAATTGTACCCTCTGGATCGCCGCGCAAAAGCTGATCGTGCAGGGATATTTGAACGACAACGATTATTCCGGGGCGATCCGACATTTAAATCGCTTCTTCGCCGACAAGGAAGCGTTGCCGCTTCCTGAAAATGAGCGGGGGGCGCTCCGAAATCTTTTGGTCCTCTCTTATTATCAACAAGGAGAAGCGCTCAAGCAACAAGGAGAATCTGCAGAAGCGGCAGATTCGTTCTGGGGCGCCTACCGCGAAGACGATCGGAGCGAATTAGCCCCGCTTGCCCTCTTCGAAGCGGCCTCTCTTTGGGGATCGGGCGAAAAGAAGGAAAAAGCAGAGGAGGCTTTCTCTACTTTCGCCAGTCGCTATCCTCAATCGGCCCTCTACCCTCCGGCGCTGATGAGACTCGCTTCCCTTTACGAAGAGACCGACCGACCTTTGGCCGCCGCGCAGGTTTACGAAGCGGTGGGGAGAATCGGAAACGATCCCGCTTTCTCCACACAGGCGTTGGGACAGGCCCTTTCACTATACGAAAAGATGGCGGCGTGGGAAAAGGTCTATCTTCTCTCGCTTCAATGGGTGGAGCGCGCCCGAGGAAACAGAGCGCGTCAGATCGAAGGGATCGTGAGGGGAGCGGAGGCAAAATTAAACCTGGGAGAAGAGAAGAGCGCCGAGAAGATGCTCGGCGACCTCGTCCGGATCTTGGCGCAAGAAGGGGCAAAAAAATCGGCCCAGCTGAAAGAGACCTCTTCGTTTTATCGGGCGAAGGCCCATCTTCTGTTGGCCGACATCCAGATGAAGCGGTATGAAGCGATCCAATTGGTAAGCCCTTTGGAAAAAAATCTCCAGAAGAAAAAGAGCCTCTTCGACCGGCTCCTTCAAAACTACGGCCAGGCCGCCGAGGATCCTTCGCCGGCGCTGGCCCTCGCGGCCACCCATCGGACCGGGGAGGTCTTTGAGGAGTTCAGCGAGTCACTCTTAAAATCAGAGCGCCCCAAGAATCTCTCCGCGGAGGAGAAGAAGGCCTACGATCGTCTCCTCATGGAACAGGCGCTCCCCTATCTTGAGAAAGCAAGGGAAGCCTACCGGCAAAACATCGACTGGGCCAAGGCGACAGGCGTCGAGAGTGACGAGAGCGGATGGATCGCCAAAAGCCGGGAAGGTCTCGAGCGGATTCACTCACAAGCCGAACGCTCTAAAACAGAGGAGGCGCACATTCGATGAAACCGACTCTTTTTCGGAAAACGGGAATCCGATCGCTCTTTATTCTGACCCTCCTCCTATTCCAGGCGCCGCTTTTCGGTGCCGACCGTCCGGCCCCTTCCGATAAGACGATCGTGCTGGATGAATCCCGGATCAAAGGGGTCGGGTCTGTCGCCAAAGGAGCCGGGGGAACCGGCTCGAATGAGCCCCTCCCCGCCCTATCGACCCCCCTTCCTTGGGAGGGAGAACAAGGAGAAGAGTCGAATATCGCCCAGGAGATCTTCCGGCAATTAGGAGAATCCGATCCTTCCTATTTCATGGAGGATCAGCTCAAAACAAGCGAATCATTTAAAGGAGAGAAACATGGAAATCGTTGAAATGCTGATGGCGGTCGCGAAGGAAGGGGGGATCTTTATCTCTCTGATCTTTTTGATTCTGATCTTCGGCATTGCGATCGTCATTGAACGGACCCTCTTCATCAATCGCTCCAAGATCAACGGAACCGCCCTCTTGGGGACGATTCGCGAGGCGCTGAAGGGGAACAACCGAGAGGAGGCGCTCGCCGCCTGTAGCGTCTCGAAAGCCCCCCTGAGTCTGGTCTTCGCCAAAGGACTCACCGAGGCGGCTCCGCCGATTCGGAAAGAGGCGGTCCAGGGGGCGGTCGACGAAGCGCTTCTGGAGATTGTGCCGCAGATCGAAAAAAGGATCGATTATCTCCCGACCCTGGCCAACACCGCCAATCTCCTCGGATTGCTCGGGACCGTCCTCGGCCTGATCAAGTCGTTCCAAGCGATCTCCGCCGCCGATCCGGCCCAGAAGGGGGCGTTGTTGGCGGAGGGGATTTCCACCGCGATGTATGCGACCGCTTTCGGCCTCCTGGTCGCCATCCCATTGATGTTCTTTTATACCATCCTTCAATCCCGGGCCGGCCGGCTGCTCGATCACATCGAGGAGTTCAGCTTTAAATTTGTAAAGATTGTCTCGGAAAAGAGCTGACGAATGCGCAAGGAAATGTTCAAAAGAAAAAAGGCAGCGCGGGTCGAGGCGTCGTCCCTGTCGTTCAAGCTCGGCTACATCAATCTGATGATCACCCTCGTTCCGGTGCTCCTGACGATTGCCGTCTTCTCCCGGCTGGCGATTCTGGACCTTCACCTTCCCCGCCTGGGGGAGGAGTCAGGGGGGGTCACCCTTCAGCGTCCGGACGCGCCGGCCGCCGCCCCGCTCTCCTTGACCGTGGCGATTGAAGAAGAAGGGGTGGCGGTCTCGAACGGCCCGGAGCGGATCGCGATCATCAAACACCGGGAAGGGAGGCCCGACGCCGCCGCCCTCTCGACGCTGATGCAGCGGTTGAAAAGGGAGCACCCCCACTCAAAAGAGGTTGTGATCTTGAGCCGGGCGAAGACGGTGTATGCCGACCTGGTCTCGGTGATGGACGCCTGCCGATCGGTGAACGGCGGACAGAGCGGTCTTCAATCCCTTTTCCCCGACGTCTCATTGGGGGAGATCTCCTGATGATTCGTCGAATGAAGCGGAAAAAGAGCATGGTCCCCTATATCAACCTGATTTCTCTGATGGATATATTTACGATCTTGGTCATCTTCCTTCTCTTCCAGGCCTCGAACGGAGAGGAGGTCCTCTCCGTCGCCAAAGATGTCATTCTGCCGGCGTCGACCGCCTCGCAGCCGCCGCAGCGGGCGTTGACAGTGACGGTCACACCCAAGGAGATTTTGGTCGACGGGACACCGGTGGCCGACACCGCAGCGGTCTTGCAGGAAAAAGAGGTCGTTATCGCCTCCCTCCAAACGCGGATTTCGGCGGAAGGGGGAAAGAAGGTCACCATCCTCGGCGATCGAACGATTCCGTTTGCTCTTCTGAAAAAGGTGATGGTCACCTGCACCGACTCCGGAATCGAGCAGATTTCGCTGGCGGTTCTGAGCCGGGAGATGTGACGATGCGGGATGAGATGACTCTTCTCGATACCGATAAAACCTTCCGGCGCATCTTGACGGTG
CP114555.1_gap39	1768888	1769723	835	GCCGTTTTGAAAGAACACTATCAAAAAGCGATCGATACCCTCCTGACGATTCAAGCGGATGCCACCGCCGCCCCGCCCAACGGCTGCATCGCGCACCATCGCGCATTCGACCAGGCGCTCTTCGTCTGGGAGTTCGATCACTTTATCGAATACGGCATCGAAGCCCGAAACGGGACGCCGATTCCCCAAAAACAGCGCGATGCGATCCGGGCCTACTTTTCCGACATCGCCCTCCGGCTCGCCTCCCTGCCGCAGGTCTTCACGCATCGCGATTACCACAGCCGGAATTTAATGATCCAGACCGACCCCGCGGGGTTCGCGGTCCGCGTGATCGACTTTCAAGACGCCTTGATGGGTCCGCCGCAGTATGATCTCGCCTCGCTGCTGCGCGACTCATATATCGATCTTCCGGAACCGGTGATCGACGATCTGATCGCCTATTACCTTCAGCGGAAAGAGGCCCGTTCGGGGGAGCGGGTGCCGCCGGAGATGTTCCGGGAGTATTTTGATCTGGTCAGCATCCAGCGAAACTTAAAAGCGGCCGGCCGGTTCGTTTACATCGACCGGGTGAAGCAGAACCCGCGTTTTCTCCAGTATGTCCCGCCGACGCTCCGGAAGGTAAAGCGGAATCTTGAGAAACACCGGCGCCTCGCCCCGCTGCATGCCCTTCTGGCCGAATACGTAGAGGAGTTGCAACCGTAATGAAAGCAATGATTTTGGCCGCGGGATATGGAACGCGGCTTCGTCCCCTGACCAATGACCTCCCGAAACCGCTGCTGCCGGTGGGGCCGCGCCCCCTGATCTACTACAACCTTCTTCTCCTTAAGAAATATGG
CP114555.1_gap40	1781052	1784878	3826	AGGCGGCGACCAGCAGATGCTCGATCCCGTCGATGAAGATCCGCTCCATGTTTTCGACGTCATTGTTGATCCGCGACATGATCTCGCCCGTGGAGCGATTCTCAAAGTAAGAGATCGAGAGCCGCTGCGTCGCCTGATAGACGGTGTTCCGGATATCAAAGATGACCCGCTGCTCGAAGGCGTTGTTCAGACGGATCCGGGCGGTGTTCGAAAGCGCTTTGACGGCGAAGGCACCTATCATCGCCAACGTCAGGAGAACAATCAAGCGGGTCTCTCCGGAGCCGATCCCTTCGTCGATGACGACCTTGATCAACCAAGGGGGAACCAGGTCCATCACGGTGGTGAGGATCGCCGCGCCCAGGGTCAACGCCGCGAGCCCTTTGTACGGTTTAATAAAGGTCAAAACACGGAGAATAAATTTCAAGAGGCGTCCTTTCTAAAATATGAGGGTGAGAACAAGGGATCAGTTTATCATGTCCGATTCCTAATTCCCAGATTCCTCATTCCTAATTGTACTTTAAGTTATGCTTCCGAAGAGCGGCGACGGCGCCGAATGACAAAAAAGGTCGTTGCGGAGAGGGCGGCAAGGCCGCCGAGCGACCAGGGGGAGAAAAGCCATTTTCGCACCCTTCCTTTGACCGGAACTTTGGAGCGGGCCTGGAGGAGAAGATCTTCCGGATGTTTGTGGGCCAGCCGTTTCTCGCCGTTGCTCTTTCCCTCCGGGAGCGATCGCTCGATTTCGGAGTTGATCTCCGCGCCCAAGAGGATCATCAGCCCGCTTAAATACATCCAGGTGAGAAGGATAATCACGGCCCCGATGGCCCCATAGGTTTTGTTGTAGTTGCCGAAATGGCTGACATAATAAGAGAAAGCGAGCGAGACGGCGATCCAGCAGAGCACGGCCATGACCGATCCGGGGGTGACCCACCGCCATTCCTGCTCTACATCAGGCCCGAAGTAATAGATGGCCGCCACCACTGTAATCATAATCATTGTGGCGAGAAGAAGCCGAAGGAGATTCCATCCGAGCAGAAAAGAGGCGCCGAGTCCGGTCCAATTCGCTAGCCACTCTCCGATCGCGCCGCCGAAGATCATCAATACCGCCGAGAAGATGATAAAAACAGAGAGGGACACGGTGAGTCCCAGCGCCGTTGCCTGAACCTTCCACCAGGGACGCCCCTCTTTCACACCATAGGCCTTGTTCAGGACGGAGATCATGGCGGCCATCCCCCGCGAGGCAGCCCAGAGGGTGACGATCAGCCCAATCGAGAGAAGCCCGCCGCGCTGTTCCCGAACGATCTCGATCGAGGGTCTCCTGGACCAGCGTCATCGCCTCTCCCGGCAGAACCCGCTGGAGATAGCCGAGGATCTCGTTATAGAGGTTTTCAACCGGCAGGTAACCGATCAACGTCACAAGAAAGAGAAGGAGGGGAAAAAGGGCGAAGAGAGAAAAATAAGCAAGCTCGGCGGCCACGGAAAAGATATCGTCTTCGTTGAGCTGTTTCCAGACGTCGGCCGCAAGCTGTCGGAGGGTAAGGTTCCCGAGCGCCCACCGGCGGAATCGTTCCCGCCAGGTGGGCCGGTTCTGATCGTTTCCTTTGGCTTCCAAATCAAATCCTAAAAGCTATCCCCACATCTCTTCCGGAATCGCCAGGCGCTTCACCGGCCGGCCGTTCGAGATATGTTCTTCCATAATCTCGGCGACATCGGCCGGTTTCACCCCCTTATACCAGGTGCCGTCGGGGTAGACGACGACGGTCGCACCGATCGGGCAAGGGCCCAAACAACTCGACTCGGTGACTAAAATTTGTCCGAAGAGCTCCCGTTTTTCCATCTCTGAAAAAAAGGCCGGGACCAGTTCTTTGCTTCCCTTCTCACCGCACGATCCGCGGGGATTTCCAGGGGCTCGGGTGGTTGTACAAACGATAATATGATATTTCGGCTTCGGCATAGCGTCTCCTTTGTTCTGTGAGGGATCGTTTGAAAAAGATCCCTAGTTTTATCACAGGGAGACGCGGATCTTCAACCCTTTAAACCGGTGAGGAGTAAAAGATTTAAACTCTTTCTCTCCTTACTACGAACTACTCACTCCTCATGCTCTATGGAATCTTCGCTGCGCCGCCGTCGATCCGGACGGTAGAGCCGGTCATCCAGGTGACGCTCGGCGAGGCGAGAAAAACCACCAGCCGGGCCACCTCCTCCGGGGTTCCCATCCCAAGCGGGATGGCGCCACCCGTTTCGCGCTTGAGTATCTTCTCGACCTCCTTCGCCGGCTTTCCCATCCGCTCCGCGAGGACCGACGCTTCGAACTCCCACGAAGGGGTCCAGACCGCGCCGGGGCAGACGGTGTTGACAATAATCTTATCCTTGGCGAACTCCACCGAGAGATACTTCCCCAGCGCGATCAACGCTGCCTTGGCCACCCGGTAGTCGGGGAATTTCCCCTCCATCTCAATCCCCGACATCGAAGCGACATTAATGATCCGCCCCCCTCCTTGCCGCTGCATCGAAGGAATCGCCTCGCGGCAAGTCCGCACCGCTGCCATTAAATCGAGTTGAAGCGTCGCCTCCCACTCCGCATTCGTCAGGTCGAGAAAGTTCTTAAAATGGAGCGGTCCGCCGAGATTGTTGACAAGGAGGTCGACCCGTCCAAACTGCTTAATGGCTTTCTTAATCAATTGGCGCGGCCCGTCCGGTTTGGTAAGATCGGCCGGAATAGCCACGGCCCTCACCCCTCTCTTCGCGACTTCGGCCGCTGTCCGAGAGAGTCCCTCTTTCCCACGCGCGCAGAGCGCGATCTCGGCCCCTTCGGCCGCAAGCGCGAGGGCGATCGCTTTTCCGATCCCTTTGCTCCCGCCGGTAATCACCGCGACCTTCCCTTTCAGTCCGAGATCCATTTTTCCTCCAATTGTTTCCATTGTAAGACAGTTTCATTCCGCCTGTCCAGCCTGGGTTTGGCGGCGAGGCGCCGCGCGTCCCTACGCCAAACCCGATTCGATCACCTTTTGACTTGTTTCCCTCCAAAACAATAGAATAAAATTATGGAAGTTGTTTGCGTTCGTTTTCATGGGTCTCAAAAATGATCAATAGCGCTGAAATCTGGCAAAAGGTAGCCGAGGCGATCCAATCCGCCCGGACGGTCCGCCTCTCCTACATCAAGCAGCGGGGGCAGATCGTCGGGCATGAGATTGTTCCACTGGACATCCTGGTCAAAATCCGCCCGGAGGGAAAACGGGTGGAGTACCTCTTCGGCCATCGGCTCGACTTCGGCTGGTGGGAAGATCGGGAGCAGACCCACCGCCAATTCCTCCTCGATCGGATCCTCTCCCTGCAGGTGACCGATCATCGTTTCAATCCCTCCGATTACCTCGATCTCTCCCGCTCGCAACCCCGCTGGTGCATTCCCCGAAACTGGACCAAGGCCGCGTAGATGAAACCAGATCGACTGCTGGCTTTTAGTCTCATCGCCGTTTCTCTCGGCTATTCCTTCTCTCTTCTGCGTCCGGTGGCGAGCGTGGACGCGGCGAAGGTCGCGTGGGAGATGCGCGCCCCGGTGCCGCAGCCCCGCACGGAGGTCTCCGCGGCGACTCTGGACGGGAAGATCTATCTCATCGGCGGCTTTGCAAAGGAAGGGGTGACGGCGCGGGTCGAGATGTACGATCCGGCCACCGACCGGTGGACTTCCCGGGCGTCGATGCCGGTCGCCCTTCATCATGCCGGCGCGGCGGTGTTGAACGGAAAGCTCTACATCGTCGGCGGCCTGGAGGGGGGCGGTCATGGAAACCTTCCAGCGGTCTCTGGGAGTATGATTCTCGGACCGACCAAT
CP114555.1_gap41	1786633	1788103	1470	CCGGAGCAAACGCTCGATCACCTCAAAAGATGGACGAAAGATCCCAGTCCCCATGTCCGCCGGCTCGTCTCCGAGGGAACCCGCCCGCGCCTGCCCTGGGCGCCGCGGCTGCGTGCATTCCAGAAAGAGCCGCGCCCGGTGCTCACATTGCTCGAGCGGCTGAAGGACGACCCTGAACTGTATGTGCGCCGCTCCGTAGCGAACAATCTCAACGACATTGGGAAGGATCATCCTGACCTGCTTGTGGAAACGGCCCGGCGCTGGATGATCGATGCAACGCAAGAGCGTCGCCGGCTCATTCGTCACGCGCTCCGTTCGGCGATCAAACGGGGCGAGCCGGGCGCGCTCGGCGTTCTGGGCTTCGGCAAGAAGGTCAACGTGGCGATTCGCAACGCCACCATCACACCGAAACGTCCCCGAACAGGCGGCTCGGTCACGATCGGTTTTGAAGTCGTGAACAAGGGCTCGCGGCGGCAACGGGTGCTGGTTGATTTCCGTGTCCACTTCGTGAAGGCCAACGGCAAAACCAGCCCGAAGGCGTTTAAACTCAAAACAATCGAGCTCGCCCCGAAAGAAACCATCCCGCTTCGAAAAACGATCTCATTGACGGAGAGGACGACGCGGAAGCACTATCCCGGAACGCACCGGGTGGAGGTGGTGTTGAACGGAACGGCCGATCCGCTCGGCTCGTTTGAGTTGGTGGAGATATGAACCGCGCGGCATGTCCGGACGCAGCAGTCGAGCGAAGCAAACGCGACTCTTGAGATGACCAAAGACGTTATTGATATTATCAGCGGGATCGTCACGATTTTAGTCGGGATTGGCGGCGCGCTGCTGGCGATCGGCATCTGGGCAATCTCCGGCATACCGAAGTTTCGCCTCCAGCAAATTTTTTGGTTTCCTCACACGCCGGCCCCGGATACGCCGTTTCCGATCGCCCTCCAGTTTCAAATCTTCACCGGCGCGGCCGGCTCAAAAGTCACCACGGAAATTGAAGTGGAGCGACTTCATATCGAACAGGCGGGAAAACCGAGTTGCAGCCTCACCCCCTTCACCGCTCTAGCGCTTTTAGAATTAACCGACAAGAAAACAACCTTCGCCGCCCGGACGAAAGAGTTTTCGCAAATCTTTCTCTTGGAAGGAAGCGGCAGCGTCGTCAAACATATCGGCTTCCACTTTGACGCGGGTCAGAAATTCTTTCCATCAGAGGGAGAGATTGCAATCAAGCTGACCGTGAGCTATACAACGTATGATCCGATCCGCCAGACCTTGAGCCTGATAAAACTGGCGCGGAGTCCTATCCGCCGTCGCGTTATCTATGTTTTTGTAAGATCGATCGATTCAGAACAGGCGAACGAACTGGATCAAAAGATCACAACGATCTGGCCCTATTGGCAGATAGATATGCGAGAGGAGGGGCAAGCGGCATGAAACGAACGGAGGCGCTGCGGCGAGTCCTCCACGCCGGCC
CP114555.1_gap42	1968892	1971267	2375	TGGTCTTCAACGGCCTGGTGAAATACGACAAAAACATCCGATTGGTCGGCGATCTCGCCGAGTCGTTTGAGATGACCCCCGATTGCAGACGGGCGACCTTTCATCTGCGGAAAGGGGTGAAATGGCATGACGGCCGGGAGTTCACCGCCGACGACGTCCTCTTCACCTATCAACAGGTCATCGATCCGAAAATCGCCACCCCCTACAGCAGCAACTTCGAAACGGTGGAGAAGGTCGAGAAGATCGACCCGCACACGGTTCAGGTCAGTTATCGGGTGCCGTTTGCCCCCGGTCTGGAAAGCTGGGGGATGGGGATGATTCCGAAACATCTCCTAGAGGGAAAAGATCTCAACAACGATCCATTCAATCGCAATCCGGTCGGCACCGGTCCGTTTCAGTTCTCGGAGTGGGTGACGGGACAGAAGGTCGTCGTCAAGACCAATGCCGACTACTTCGAGGGAAAACCGGAGATCGAGGAGTACATCTACCGGCTCATTCCCGATACGGCGACCCAATTTCTGGAATTAAAGGCGCTGAATATCGACATGATGACCCTCTCTCCGGTCCAATACCAGAAGCAGACGGACGACCGCTTCTTTAAAACCGAATTCAACAAATTCAAATACCCGGCGTTGAGTTATACCTATCTCGGCTACAATCTGCGGGACCCCAAATTTTCGGACAAGCGGGTGCGCCAGGCGCTCACGCATGCCATCAACAAGAATGCGATCATCCAGGGGGTCCTCTTCGGCCTCGGCAAGCCGGCCACCGGCCCCTACATCCCCGAGTCGTGGGCCTTTAACCCGAACGTAAAAGACCTTGAATACAACCCCGAGAAAGCAAAGGCCCTCTTGGCCGAAGCCGGCTGGAGTCCCGACAAGGATGGCCTTCTCAAAAAAGAAGGGGCGCCGTTCGCCTTCACCCTCCTGACCAATCAAGGGAATGCGGAGCGGGCGAAGGCGGCGGAGATCATCCAACAGGGCTTGAGAGAGATCGGCATTCAGGTGGAAATCCGGGTCTTGGAATGGCAAACACTGCTGCATCAATTTATCGATAAAAAGCAATTTGAAGCGATCATCATGGGCTGGGGGGTGGGGCTCGATCCCGATATTTACGCCATCTGGCACTCCAGCAAAACCAAAGAGGGGGAGTTCAATTTCATTTCCTACCAAAACCCCCGGACCGATGACCTCCTGATCCAGGGACGGGAAACCTGCAATCAAGAAGAACGGAAAAAAATTTATCAGGAGCTGCACCGGTTGATCGCGGAAGACCAGCCTTACACCTTTTTATATTACCCGATGGCCCTGCCGATTGTTCACAAGCGATTCAAAGGGATCGAGCCTTCGCCGATCGGAATCCAATACAACCTTCCTCAGTGGAAGATCTCCGGGAACCACGCGGAAAGGTAAGCCGTTTCCTGAACCACGCCGTGCAAAAAGAACACACCCGATCTTCCCCCCTTGGGCGGATGTGTATCAGTCCGGCACAAAAATCCCTTTTCTCCTCATTTCTTATCTTCTCTCATCTCCCTCAAGCCATCTGAATGCCTCTTTAACGGCGGCACCTTGCTTGCAGTCTTTCAGGAATGCTTGCGGGCCCCGATCGATTTCCGCGGTTCCGGTATCCAAATCCCTCTCGAGCCAATCTGTCCGTCTTCGGTCCGGCAGCAAGGAAGAAGCGCTCTTCTTTCTCATTCGTGCGCGAACCGATTTTTGACGCGGTCGCAGCCTGTATCAACCATTAAAGAGAGGACGTAATGAGCCGAGATCCTGTTTGCGGGGTCCTGATCGACGAAAAACTTTCAACCTCGCTGAAATATGAGGGGAGAAAATATTATTTCTGCAGCGACTCGTGCCGGAAACATTTCCACGAGATACCGGAGAAATATCTCCTGATCAAAGCGGCCTAACCGGTTCATCAGATAAGAAGGAGGAAGGGTATGGAATACAAAGGCGCCATCATGCGCGATGACGAAATTGTCGAAGCCTTAAACGACCTGATCGAAACGGACCACAACGCCATCGGTGCGTACAACACGGCGATCGACGGCCTCGAAGACCATCCCCATATTCGGGACAACTTCATCACGTTCCGGGGCGACCACGAACGCCACGTTCGGGAACTCTCTCCCTTTGTCCGGCAATACGGGGGAGACCCCGAGAAAAAGCCGGGCGGGATGGGGGTTCTTCAGAAAGGCTGGACGGCCATTTCCAAACTCGGCGGGGCCGATGCGATCCTCTCGGCCATGGTCTCCAATGAGGAGTCGGCGGTCTCCGCCTATGAAGCGGGGGCAACCAAGAACTTTCCGCCCGACATTCTTCAATATGTCCAACGCGGGCTTCAGGACGAGCGCAAGCACCTGGCCTATTGCA
CP114555.1_gap43	1973171	1977103	3932	CTTGCGCCGATACTTTAGGATTAAGGGTGGTTTGAAGATCGGTCGGGTCTCCCGGCGCCAGATGCATGATGCCGAAGGTCAGAAGCGTGATTCCAAAGAGGGTAATGAGGAGCTGCCAAAACCGTTGGAAGAGAAAATGGGCCATATTTTAGGTATGCTATCAAAAACGATCTTTAGAAATCAAATGCAGCGTTGTTTTGACCTAATAACTCTCAAAAACCGCTAATTCTTTCCAAAACCGGCATTGAATATCGGTGGATATGTGATATAAACTTTTATTCAACAAGCGGCTCTTTTTGAAAAAGGGGGCGAATGTCGGAAACCTCAACCTATAGACAAGACGGCATCGGCCAACCCCAATTAGTGGTGATTTTTTATTCTTGACAAAAAAAATTATTACTATATATTTACAAAAAATTTCTTCTAACTTTTTTGATTCCAGGAGAAAAGGAGGTGAGACTACTCACAAACAAACAAAACGGGGTGGCTTCACCCCACCCATAACGAAAGGGGGCAAATAGAGTGCACGCTTTAGGGACGCACTTGCTGGTGGAGTTGAAAGACTGCAACTCCAAGATTTTGAATGACGTGAAGAAGATCGAAGACATTCTGGTTACTGCGGCGAAGGAAGCGAAAGCAACCATCATTGAAAGTCGGTTCCACAAATTCAGCCCCTTTGGAATCAGCGGAGTGGTCGTGATTGCAGAATCCCACCTGACCATCCACACATGGCCCGAGTACGGCTATGCGGCCGTTGATATTTTTACCTGCGGCGAAACGCTTCAACCCTCCGTCGCCGCCTCTTACATTGTTGCAAAACTACAATCGAAGAACCCCTCTCTGGTTGAAATGAAGAGAGGCTTGCTTTCCTTGGGCGACCAGAAGTTGCCTCACAAGCCGGTTAAAGGAGAGCCTGTTCATTATGACCGAGCCAAAGAGCTACAAATGGTTCCTTGATTACCTCTCCCCGTTTGAAGGGCACATGCATGGAATCGACACGATCGTCTTTTCCAAGCAGACTCAATTTCAGCAGGTAGAGATTCTGGACACCAAGAGCTACGGACGTTGTCTGGTCCTCGACGGCAAGATGCAGTCGAGCGAGGTGGACGAGTTCATCTATCATGAAGCGCTGGTCCACCCCGCGATGCTCACCCATCCGGAGCCGAAGAAGGTCTTCATTGTCGGCGGGGGGGAAGGGGCGACCCTTCGCGAGATCCTCCGGCATCGATCGGTCGATCGGGTCTTGATGGTCGATATCGATCAAGAGGTGGTGGAGAGCTGCAAGCGCCACCTCCCTCAGTGGCATCAGGGATCGTTTGAAGATCCCCGCGCGGAGGTCCGTTATCTCGATGCGCGAAAATACCTGGAGGAGACCACCGACACCTACGATATCATCATCATCGACATTTCCGAGCCGGTCGAAGAAGGCCCCGCGTACCTTCTCTACACGAAAGAGTTCTACAGCCTGGTGATGGAGCGTCTCACCGCCAACGGGATTATCTCTCTCCAGGCTGGCACCACCGCCGCCGCCAGCCTGCTGAATTTTTCGGCCGTTTATCAGACCTTAAAAGCCGTCTTCCCTGTCGTCTCCCCGTACCAAGCGGCCATTCCCTCCTTCGGTCTTCCCTGGGGCTTTACCTTGGCTTCAAAGCGGTTTGACCCAAGAGCGTTTGACCAGAATGAAGTGGACCGGCGTATTTCTCAGCGGGTGGCGGGAGAGCTGAAATATTATGATGGCGAAACCCACGTCGGCCAGTTCTATCTTCCGAAGCAGGTCCGGGTGCAGATGGAGAAACAAGAGCGGATCATCGAAGACAATTATCCGTTGTTCACGTACCATTGAGAAAGAAATTTAATCAGGCGAGCAATTAGATTTGCCCAGTTCTGCGGGTCCCGAGCGTGACAGGTCAATCAAAAAGGCGAGCCGCCGGCTTTCAGCCCCAAAGAGCAGGCTCTTTGGGGACCCCAAGAGATGCCGGTGCGAGCCGCGGGGTGTGGGGGCATCGGAGGATCTTCTCCATTTCAGTTGCCGGACGGGCCCCCACTTATGATAGACCAAGAGCAATTTAAAACACCCCTGTTTGATGCGATGGTCTCGCTGGCCGAGAGCCGGAAGGTCTCTTTTCACACTCCCGGCCACAAAAGCGGCAAGGGGATTTCAACCCGCTTCCGAAAGTTCGTCGGACCGAAGATCTTTTCGATCGACCTGACCACCCTCGACGAAGTCGACTCCCTTCAAAAACCGAAAGGGGTGATCAAAGAAGCGCAGGAGCTCGCCGCGAAGGCCTACGGCGCCGACCGCTCGTTCTTTCTGGTCAACGGCACCACCGGCGGCAACCATGCGATGATCCTCGCCGCCTGCGGCCCGCGGGACAAGGTCCTCGTCGCCCGCAACGCGCACAAGTCGGTCTTGGCCGGTCTCATCTTCTCCGGCGCCGAGCCGATCTTCTTTTCTCCGGCGGTCGACGACAATCTGAAGCTGACCCTCAACGTCACCTACGAAGCGACCCTCCGGGCAATCGACGCCCACCCCGAGGCGAAGGCCCTCTTCCTGACCAGCCCCAATTATTACGGCATCTGCGCCGATCTGGAGCGGATTATCCCGTATGCCCATGAAAAGGGGTTGGTGGTGATGGTCGACGAGGCGCACGGCCCGCACCTGAAATTTCACCCCGACCTGCCGATCTCCGGGGTCGAAGCGGGGGCCGATCTGGTCGTCCAGAGCACGCATAAGATCATCGGCGGGATGACGCAAGCATCGATGCTCCATGCGCAGGGACCGCGGGTCGACATGACGACCCTGGCACAGGTGCTCCGCTTCGTTCAGAGCACCAGCCCGTCGTACATTCTGATGGCGTCGTTGGATTTGGCGCGGATGCAGATGGCGACGGAGGGGGAGAAGCTGCTCGACAAGGCGATCAAGCTCGCCGCCGAAGCACGCAGCAAGATCAATCGGATTCCCGGCGTCTCCTGCTTCGACAAAGCGATGGTGAAAAATCCGCTCTTCTCGCCGATGGGCGATTTCGACATCACCAAGCTGACGATCACCGTCCGGGATCTCGGCCTCTCCGGCTATCAAGCCTCGCAGATTCTGAACAACAAGTATCACATCCAGGTCGAGATGGCCGATCCGTTCAACGTGCTGGTCATTGTTAGCATCGGCGACCGGCGGGACGATCTCAACCGCCTGGTCGATGCGCTCCGCGACATGTCGAAGGAGTATCACGGCAAGCCGAGCCAATCGAGTTTCATCGCCGAGGTCAGCCTTCCTCCGTTCGGCAAGGCGGGCCAGATGACGCCGCGCGAAGCCTTCTTCCGCGATTATCGCTATGCCCCGCTCGATGAGAGCGGCGGCCTGATCAGCTCCGAAATCATCACCGTCTACCCCCCCGGCATCCCCCTCCTCGTCCCCGGCGAGATCGTGACCCAAGAGGTCATCGACTACATCCGCAAAATGGACCGCCTCGGCGCCACAGTCGATGGGCTGAATGCTTCGAACAGCACCATTGCGGTGGTGAAGCAGTACTCAATCCTGTCCTGACATTCATCCAGCTTGGAAAAATTGTCTACTTAATGTATCCTTAGAGAATGCGTGGTTTTTTTTTCGGGGTTGTTTGTTCCGAGGAAAACGGGGGGAATGGGGGGGGAAAAACAGGGCCATTTTTTGAGAGGGGGGAAAATGTCCCTCCTTTTAACCACTATATTTTTGTTGAGAAGGCCGCTAAATATAGGGCGACACTCGAGCAACTTTGTGAACAGTCCCCATTACATGATCGCATTCTGATAAAACAGGGAAAAAAATTCTTTTAATTGGTGCGAACAACAGATTGGACATTTATTGGAATCGTGCTGTCGTGTTCCTTGATCATATGGGATGCAGGTTAACTGGTCCACAATTGAAAAGATCGATGCTACTCTCGAGTAGGGATGAA
CP114555.1_gap44	2141385	2144168	2783	AGTCGACCCGAGGCGAAATCCGCCTTGAGATTTGTGCCTCCTGCCATCCTTTCTTCACCGGGACCCAGAAGATCATCGATACCGAGGGCCGCGTCGAACGGTTCAAGAAGAAATACGCGAAGAAATAGCCCCCGACTTCCTCTTCCAGAGCCTGCCCGCCGGGCAGGTTTTTTATTTTCTCCTCTCTAAGTGGTCCAGGGTAAGCCTGGTATCTGAACTTAACAAACGGTACGTGAAAGAAATGGTTCTCTCTAAAGAAGATTTCTTGACAGATAAGCTGGAAGGAATCTTTAAAAAATACGAAGTGCTCGGCGCTCAGCTGTCCGACCCGAAGGTGCTGGCGAATCCGAAGGAGCAGATTCGTCTCGCGAAAGAACGGTCTGAATACGTGGAAACGATCCAGCAATATGAGACCTACAAATCGCTTCTCAAGGAGATCGCGGAGGCCGATGAAGTCCGGCGGGATCTGACGGCGGAGGCGGAATTGCGCGAAATGGCGGAGTCTGAGTGGAATACGCTTCAGCAGAAGAAAGAGGCGCAGGAAGCCATTCTCAGAAGACTCCTTATTCCGAAAAATCCGCTGGATGATCGGAATCTCTTTCTCGAGATTCGCGCCGGGACGGGAGGCAACGAAGCGGCCCTTTTCGCGTCGGACCTTCTCCGGATGTACATGAAATATGCCGAGAAAAAAGGGTGGAAGGTGGAGATGATGGACTCCAGCGAAACCGGAATCGGCGGTCTCAAGGAGGTGGTTCTCTCGGTCGCCGGGAAGGGGGCCTATCGTCATTTTCAATACGAAAGCGGCGTTCATCGCGTTCAGCGGGTACCGGAGACGGAAGCGAGCGGGCGGATTCATACCTCCACTGTCACCGTTGCGGTCATCCCCGAAGCGGAAGAGGTCGATATTCATATCGACCAGAAAGACCTGAGGATCGATACCTTCTGTTCTTCCGGACCGGGCGGCCAGAGCGTTAATACGACCTATTCCGCCGTCCGGATCACCCATATTCCGACCAACCTCGTCGTTTCCTGCCAGGATGAGCGATCCCAATTAAAAAACCGAACCAAGGCGATGCGGATCCTCCGATCCCGCCTGCTGGAAGTCGAGCGGGAGAAGCAAGAGGCGGAGATTGCAAAAAATAGGAAATCCCAGGTCGGGACCGGAGAGCGAAGCGAGAAAATTCGCACCTACAATTTCAAGGAAAACAGGGTGACCGATCATCGGATCAACCTCTCCCTCTACCAGCTCGATCAGGTTCTTCAGGGAGAGCTGGACTCCCTTGTTCAGCCTCTCATCGCCGATGATGAGGCAAAGCTATTGGCCGAATCGTAATTCTTCCTGAATGGGATTGGAGACGAGCAACCCCGCTTCCTCCTGAATGAAGATGCCGATCACCATGACAAAAGAAAAAACGGTCTCCGAACTTCTCGGCCAAGGAACCGCTTTCCTCGAAGCGCACGGAATCGCCTTGCCCCGGCGGGAGGCCGAGCTGCTCCTCTGCGCACTTCTCTCCTGCCGTAGAATCGATCTATATGTAGAACCTGCGCGGCCGATCGAGACCGATCAAGAGGGCCTCTTTCAATCATATTTAACGCGGCGCGCCCGGCGTGAGCCGATTCAATACATTACCGGTCAGGTCGATTTCTGCGGGCTCTCCCTTTCGGTCCGCCCCGGGGTTTTTATTCCTCGGCCCGAAACCGAGCTGATCGTCGAGAGGGCGCGCACGATCTCGCCTGCTCCCCGCCGTATTCTCGATCTTTGCACCGGAAGCGGGGCATTGGCGATTGCGTTGGCAAAAGAATTTCCCCACTCCCACGTTGTTGCAACCGATATCGATGAAACACCGCTCGACATTGCCCGGGCCAATGCGGAAGGCCATGCCTGTCTCTCACAGATTCGTTTTATCCAGGGAGACCTCCTCTCACCGCTGCGAATGGGGGAAAACCGTTTTGATCTCATCGTCTGCAATCCCCCTTATATTCCGGAGCAAGACCGCGCTGCCCTTCCAGCCGAAGTACGGGATCATGAACCGTCACGGGCGCTCTTTGCCCCGGAGGAGGGAACCGCCTTTTATCGGCGCATTCTGAGGGAAGCCCCTTCTTTTCTCACGCAAGAAGGATCTCTCCTCTTTGAGCTGGGGGCGGGGCAGGCGGCCTGGTTCCAAAGATTTGCCGCGCAGGAGACAGCGTTTAACGTGACCATCCTTCAAGATATGGCCGGGATCGATCGGATCGCCTTCTGCCGGAGACGAGGCGCCGATGGATAAGATTGTCATCCAGGGGGGGGCTCCTCTCACCGGCGAGATTGAGGTCAGCGGGGCGAAAAACGCGGCGCTCCCCATCTTAGCGGCGACCCTTCTCTCCTCCGAACCGCAAACCCTGCTCGGCATTCCGAAGTTGATGGATGTCGCCACGACCAAGAAGCTGCTACAGCGAATGGGAGCGGAGATCAGCGAACAGGAGGGGGTCCATTCGATTCAGGTCAAGACGATCAAGAGTTGCGAGGCCCCTTATGATCTCGTCAAGACGATGCGGGCCTCGATCCTGGTTTTAGGTCCGCTGGTGGCCCGCTGCGGCGAGGCGCATGTCTCTCTTCCCGGAGGCTGCGCCATCGGCGCGCGCCCCATTCAGCTCCATCTCACCGCGTTGGAGAAGATGGGGGCGGAGATTAAGATCGAACATGGGATGATTCATGCCAAGGCGGGCAAACTAAAGGGGGCCAAGATTTATTTTGATCTCCCGACCGTGACCGGCACGGAAAATTTGATGATGGCGGCGACCCT
CP114555.1_gap45	2340288	2343650	3362	CAAGAGGTGGCTCTCGCTCATGCTGTAGCTCAGTCGGGAGGCCCCCATCACACCCGTGTTGGCCGAAATAAGGACGATCGTGGCGCCGAGGACCGCGGCGGCATGACCGGCCAGAAAACCGATGTAAGGAATGGTGCTGGCCAAGACCGCCACCGGATCGGACTCCCGCTCGGCCAGGGCCTGCCATGGAAGGACCCCCAGGGCCAAAATGGGAAAGGCCATCGCGAAGAGGAGGACGACACAGATTAATGACACCGAAGTCCTGGGAATAATCGTCGCGGGACGGCGGGTCTCCTGCGCTGCCTGAGAGACCGATTCCAAACCGACGTAAGAGATAATGGCGACCGAGACGGCGTAAAAGAATTGCTCCGTCGACGGGAATTCAGTTTTAAATTGAAAGACGACCATCTCCGGTTTCCAGGCAAAGAGAAAACCGAAGACGATGATGATCGTCTCCAGGACCATGTCGAGGCCGCCGATGAGCGCATTGAAGAGAGAAGATTCTCGAATCCCCCGGATATTGAGGATCATCAGAAGGACGATCAGGAAGAGCGATTCGGCCGCCCAGATCAGATTGATTCCTTGGAAAGGGCCGATATCGATTGCGAATTCGCGGATGGCCGGGAAGAAGAAGTTGATATACCCGGCGGAAGCGGTTGCGAAGAGCGAAATGCAGATGGTGTAGTCGAGCAGCAGCGCGGCGCCGGCGATCAACCCCCAGATATCGCCCAGCCCCCGCGTCGTGTAGTATTGACCTCCCCCCGCCACCGGATAGGCGGAGGCAAGTTCGGTATAGGCGAAGCCGATTAAGATGTAAACGAAACCGGCGGCGGCGAAGGCAAGCGGCGTCGCCCCATGGGCGGCGCCCATGACCAGGCCGAGCGCCACATAAACATCGGCGCCGACGTCGGCGTAGCCCCAGGTGAATGAGCCCCAAATGGAAACATCCCTTCGAAGCTCAACAGGGGTTCCGGGCAGCGCGGCGGACGGCGCTCGAACTTCAGATGCCATCGTCTATTCTCTAATCGCCGGAGAAACGGCCGCGGCCGCTCTCTTGATTGGGTCTGTCTACTTTATCCATAAGGAAAACGCGACATTCTGCTTGGGCGATTGGTTCCCGCGATCCAAAGAAGCGACCCGGCTTCCCCGTATAAAGGACGATAGTATAGGCCAGCATCCGGGGGAAGTCAACAATTGCGGCCTTGGGTCAAAGATAAGTATACCCGAATTCAGAGATGACGCGGGAGCCCCTCGAACCCCCCTCTCCAAAAGGGGAATAGGGATCTCCTCCAAAAAGGGGATTGTATCGACGGAAAGAGAGACGGTATGATGGAGTAAATTCTGTGAGATAACCCGGATTGTTGTAACCCTTACCATGGAGGATCATCATGAGAGCGTATAAAGGTTATAAGGCGTATAACGTGGGTGGTTTGGATCGCGGGGTTCGGTATACCATTGGTCTTCTCTTCCCTGTCCTCGCCCTCTTTTCGGCGAAGAGCCGTTGGGCGCGGACGGCGATGTGGATGATCGGACTCGATGGGCTTCTCACCGCTTTCTTCCGGTTCAGCCCGCTGAATCATCTGTTGGGGGTCTCGACCTACCCGAGGTGGAAAAGGCTTCTCCCATTTGCGAGATGATCCGTCGATCCATTGAAGCAGGCTCGCAGAGCGGGCTCGGAGAAACCGTATGGTTCTAGTGACCGGCGGGACCGGCTTTGTCGGCCGGAGCATCGTCCGCCGCCTCCTCTCTCGGGGAGAGCGGGTCCGGGTGCTTTATCGGAGCGAGCGGCGCCGCTTCATCCCGGATGAAAAAATCGAATGGATCCCCGGAGAGATCGGCTCGCGGGAGAGTCTGCTCCGCGGGGCGAAGGGGGTCGATGCGGTCATCCATCTCGTCGGCATTCTGGTCGAGCCGGGCGGAAAGACATTCGAGAAACTGCATGTCGATGGAACGCGAAATGTGGTGGAGGCGATGAGCCAGGCCGGGGTGCGCCGCCTTCTCCACATGAGCGCCCTCGGAACCGGTCCGAACGCGGCGAGCCGTTATCACCGGACCAAGTGGCAGGCGGAAGAACTCGTCCGCGCCGCACCGCTTGATGCGACCATTTTCAGACCCTCGTTGATCTTCGGCCGAGAAGACCGGTCGATCAATCTTCTTGCGAAGATCGCTTCCTACTCGCCGGTGGTCCCGGTCGTCGGGCCTGGAGAAAATCGATTTCAGCCGGTCTGGGTGGAGGATGTGGCCGAGGCTTTCGTCCAATCGCTCCATAACCCGAATGCTTACGGAAAGCGCTACGAGCTCTGCGGTCCGCGTGTTTACACCTTCAATGACCTTATCGGTCTAATCCTCCGGATCAAGGAAATCTCCCGCCCGAAAGTTCATCTTCCGATCTGGGCGCTCAAAGGTCCCGCCGCCCTGGCCGAGCGGATCTTCCCCCGCCCCCCGCTCACCCGCGATCAACTGACGATGCTTCAGGAAGACAACGTTTGCAGTGAGAGTGCCGCCGCGAAGGAGCTGGGCCTCTCGTTTCAGGGGCTGGAAGAGATCCTGCCGGCCTACCTCAGATAACGTTTCTTCCGCGTCGATCGATTAGGAAAGGGCTTCCTGCCGGCGCAGCCACCATCTCTTCATGAAGGCGGAGCCGAGCCGGAGAAGGAGAACGAACGAGAGGCCCCAGAGGAGCTGGGAGCTTTTCGTTTTAAAGTCGACGGTCCCTTGCAGAATGGCGTCGGAGAAGTAGGAGATCAGAAAGGTTCCCGGAAGCATCCCCAGCGCTGTGGCGAGAAGATAATTGGAGAGACGGATCTTGCTGGCGCCGGCGATAAAATTGACGACGGTAAATGGAAAAACGCCGATGACCCGGAGGATCAAGATCGCCCAGAATCCCTTCTGTTTGATCCAGTCGGCCGCCGCGGGGGCCCGCTTCTGGCCGAAGCGAAAGAGCGGCCTCCCGAGGTAGAGGCCGAGGAAGTAGGAGGCGGTAGCGCCGGCGAGGGCCGCCGTCCAATTCAGCAGCGTCCCCCAATACGCCCCGAACAAGATCCCCCCCAGGACTAAAAAGAAAGTGATCGGAAAGGAGATCACACTTGCGATCACAGTCCCGATCATAAAGAGGGGAATGGTCCAGTGAGAGGCCCGTGCTTCGTCGAGGGTGGTCACCCAGAAGCGAAGATCAATTCCTTTCTTTTCCAAAAAAAAGTAGAGGAGAATGCCGATCAGGGGGAGGAGAAACAACGGAATTCCCTTTAGAAAAGTCCTCTTTTTGGAACGTTCCGGATGCGCCTCCGGCTTCTGAGGCTCTCCCTGCTCTTTTTCTTCCAGGGCTTCCTCTTCTTGAACGGATGGGATCGGCGGGAAAAAGA
CP114555.1_gap46	2346669	2348685	2016	AGTTCCGAGAGGGTCAGCGCGCCGCAGAGGGTCCCTGCGTCGAGGGCGACCGACTGATTGATCAAAAAACCGGAGGGATTATAGCGTATCGCCTTTCCATTTTTCTTTTCGTAGAAATCAGCCCCGTAGCAACCGAGCACCTTCACTCTCACCGCTCTCTCCTCCACGGCCGTCGATAGGTGATCTCTTTCTCAGCGATGCAATGTAACCTTTTCACAACGCCCCCTTCGCGCTTTTCATCACATCGATCGTGATCTGCATCCGTTTGATGTACAAGCTCTCGAGAACGGCGCGGATGTGGGGATACTGCGCCAGAAGCGCATTGACCGATTCCCCCGGAAGCTCCAAGAGGTCGGTCTCGTGCGCCGTCACGACATCGGCCGTCCTCGGCCGCCCGGTCAGGAAGGCGACCTCTCCAAAAAAATCGCTCTCATTCAGGAGGCCGAGAACGATTTCCTGACCGCCGACCTTGGTCACCGCTTTGGCCTGTCCCTTCACAATAATATAGATGGAATTCCCCTTCTCCCCTTCACGAACGATGAAGGCGCCGGGGGGATAGCTTCGCGGCGTTGTTCCCTCGATCACTTTTGCGAATTCTTCCGGGGTTAAATTGGCAAAAAGCGGGATGGCATCGCCGGCGAACTTCTTTGCGGCGGGGAACGGAGCCGCCCCCGGCCGCTCCGTCTCTTCCCCCGGAGTCGACGCTCCGACGACGAGGTCCTCTGCGAAAGTCTCGCGGGACCCGACCGGCTCGGCCTCATCCGACAGAGAGGTCCGCTCAATCTCGAACGGCGGCGCCTCCTTCGGTTGGGACGGAATCGATTCGGGCGGGGGGGCTTCGACGGCCGCCGAAGCGGACGGCGCCGCGGGGGGGGTCTCCAGGATCATCATCGGATCGGTTTGTCCCCGCGCCTCTGAATGGACGTTTTGGAGCCGTTTCCGTGCCTCGGGATGGTTCGGCTCCAAATTGAGGATCATCTTATACGCCGCGATCGCCTTCACAAGGAAGCCGTTCTTCGAAAAGGTATCTCCCGCGCTCAGGTAGGCGGTCACCGCTTCTTTTTTCGCGCCGATTTTGGCGGAGTAGTCCCCCACCCGAAGAAGGTACATCGTGTTCGTCGGCTCAAGCTTCATCAGCTTCTTGAGGATCTCGATCGCCTCCGACCATTGGCTTTTTTTGATGCAAAGATGAAGGGCTTCGTTCAGGGTGTCTCGGGATTCTTTTTGAACCGGCATAATCCTTTAACCTTCATACAAGGGGCGGGAAATCGCTTACAGCCTAACATATTCTTTACAAAATGCAATCGAGATATTCCTAGTTGGTACCCTTGAGTATAATAAGACGCTGGTGCCTGGGTTTCCCCATTTCTATGTATGGCGTGTCCCGTCGCATAATCTGCGCTATTTTAACCGATTTGTATCTTTCAAGGAAAGAGGTTAGATCAGATCGATCAGAATTTTTTGTAACACCATCCCTTCTTTGAATCGTTGCACTCATCGGGTGATTCCAATATAATGCTCGAAATGCGCCCCCTACATCTCACCGGTCATGATTTAAAACCTTCCGATTTTTATGAGGCCGTCCTGGGGCGAAGAACGGTTCGCCTGGCCCGGGAGGCGGTCGCGAAGATGCGCCGCTCTCGCGGCGTGGTCGAGAAGATGCTCTCGGAGCATCGGATTGTCTACGGGATCACCACCGGCTTCGGGAAACTCGCCGATCAGAAAATTTCGGAGGGGGAGATTCGCCAGCTTCAGGCCAACCTCGTCCGGAGCCACGCCTGCGGCGTCGGCCCTCCTCTTTCCGAGGCGCAGACTCGCGGCATCATCCTTTTGCGGGCCAACGTCCTGGCCGCCGGTCATTCGGGGGTCCGTCCGGTGGTGGTCGAGCGACTGATTGAGATGCTCAACCGCGCGGTCCATCCGGTGATCCCGAGCCGGGGATCGGTCGGGGCGAGCGGCGACCTGATCCCCCTCGCCCATCTGGCCCAGCTGCTGATCGGGGAGGGAGAGGCTTTC
CP114555.1_gap47	2361124	2362531	1407	ACGTCCACAAGCTGGAGGCGGTCGGCCAGCTCACCGGCGGGGTCGCCCACGAATTCAACAACCTGCTGACGGCGATCACCGTCAGCCTGGAGCTGGCGCGCGAGCAGGTTCCTCCCGAGAGCGAAGCGTACAGCCTGCTCGACACGGCCCATGCGGCCGGCTGGCGGGCCGCTGGGCTGACGCAGCAGCTCCTCTCGTTCAGCCGGCGGAGCCCGATCGACCGGCAGCCGCTACATTTGGGGGAGGAGGTGGAGAAGGTCGCCCGCCTTTTCCGGCAAGCGATCGATCGCCGGATTCGGATGGAGACCGGGGTGGACGACGATCTCTGGCCCGTATTGGTCGACGCGGGACAGATGAACCAGCTGATCATGAATCTCTGCGTCAACGCGCGCGACGCCCTGCTGGAGCGGATGGAGAAAAACAGCGGCTCCCCGGCGCCGGCCGACTGGGAGCCGCGCATTTCGATCGATGTCGGGAACGTTCAGGTCGATGGGGCGCACCGCCAGGTTCACCCGAACGCCCGGACGGGGAAACATGTCTGTCTCCGCGTCGCCGACAACGGCGTCGGAATCGATGAGGAGATTCGCCATCGGATCTTCGAGCCCTTCTTTACCACCAAGAAGGTCGGGCGGGGGACCGGGTTGGGGCTGTCGGCCGTCTACGGAATCGTCGCCGCGCATCAAGGCTGGATCGAGATGCAGAGCGTCAAGGGGGAAGGAACCACCTTCTCGGTTTATTTTCCCCGGACCGAAAAAGGGGTCCGTTCGATCCCCGCTTCCTCCCTTGCCGAGAAGCCTCCCGCGGACGAAGGGAAAACCATTCTTGTCGTCGACGATGAGGAGGCGATTCGAACACTCGGACGCGCCGTTCTGGAACACGAAGGGTATCGGGTTCTGACGGCGGAAGACGGCCGGGAAGCGGTCGAGCTATTCGTTCGAAAAAAGCAAGAGATCGATCTGGTGATCCTCGACCTGACGATGCCCTACCTCTCGGGGGGAGAGGTGTTGCACCAACTTCGCCAAATCGAACCGAATCTGAAAGTCATTATCTCCAGCGGCCATCGCGCCGATCACTCCTTGGATTTCACCGATGTCTCCTTTCTTCAGAAACCTTACCGACCGGCCGATCTCCTCCAAAAGGTGATCGACGCTTTGCGGCAGGCCATTCAGGAGAGACCTCCCGCGGCCTCCTCCGATTTCCCCTCCTCTTTTCGTTCCAACGGTTGATATTCCGCCTCTACGGTTTAACCGAAAATTGATCTGAATTTGATCCCGTTGTTGCCTGGAGATGGGATGCTGAGGGTGGCGAATCGATTCGCCCTCTCCCGGAGGGAGAGATCGGCCACTTTAAGAAAAGGGAGGAAGAGATGAATCAGGGATTTCTGGAATACGGGCTTCCGACGTTGAT
CP114555.1_gap48	2364151	2367060	2909	CTTCCTCCGCGGCGGCCAGCGCCGCCTCATGCCGGCTCAACCGTCCGAGGGAGACCCCTTTGCCGAACCAGGCTTCCGAATGGGCTGGATTGAGTTGAAGCGCCTGTTCGAACGCGTCGAGCGCCGCTTGGTCCCGGCCCAATCGGCTGAGCGATCCTCCTTTTCCGAACCAGGCCGAGTCGAGCCGTGGATGGAGCATGATCGCTTGATTAAACGCCGCCAGCGCTTCTTCCTCCCGGCCCATGTTGGCGAGGGTGTTTCCTTTTTCGAGCCACGCTTCGGGATGATCGGGCTTCAGCGCCAGGGTCTCTTCAAACGCTGCCAGCGCCTCTTGATTCCGGCCGAGACCGGCCAAGGAGAGGGCTTTGTAATACCGGGCGTCTGTATTAAACATATTGACGATGAGCGCCTGCTCATGGGCAACGAGCGCTTCGCTGTGACGGTGCAACTTGCTCAGGGCGATGCCTTTGTACAGCAATGCTTCGGTATAAAACGGTTTGAGCGCGAGCGCCTGCTCAAACGCGCTCAAGGCCGCTTCATTTCGTTCCAAGCGGCTCAATGAGAGGCCTTGATGGTACCAAGCTTCCGGCGATTCGGGAGCGAGGCCGGCGGCCCGTTCAAACGATGCGGCCGCTTCCTCGTTTCTGCCGAGCTGATGGAGCGAAAAGCCGCTGCTGTACCACGCTTCGATGAAAGAAGGTCTTATTTCGATTGCCTGCTGAAACGCTTCCAGCGCTTTTCGCTCATCGCCCAATTTATGAAGGGAAACCCCTTTGCCGAACCACGCTTCCGGATAATCGTGTTTATAGCGAATGGCCCGCTCGAATGCTCCGAGCGCTTCTTCATTCCGGCCATTGTTTCCGAGGACGATTCCTTTCGCGAGCCACTCGTAGGCGTCGCGGGAATGATCGGCCAGGGGGCGGCATGGATTTGAAAGGTCGGCGGGGTTGCAGGGGGTCGCACAGCCGGGTAGGGTGGTTGCCGCGGAGAGGCCGAGGAGGATCAGCATGATCGACAGCGGGACGGCTTTGCGGTGTTTTGTTTTCTCTGGGGTCATTTTGGTCTTCGATAAAGAAATGAATTCCTAAGGGTAGCGTTTTTTTAAAATCGATTCAACGAAAATGTGGATGTCGATGAAACGTCTGACAGAAGTGACGCAGGAGGATGGGGGGCACAGGACGCCCTCGACGCGCGGGCGCTTTGCTCTTGGATTTCAAATTCCAAAAAACATCAAGGCCCCGTGAGGGATTTTACTCCTGGCACGGGGCCTTGAAAAAAATGAGGGTCGTTGCGATCGGTTACAGGGTGGCGAAGCCGGCCTTTTCAATCGCGCTTTTTAGGGAGGCTACCGGCACCGCTCCTTTTTCTACCGTCACGGCGGCGAGAAGCTGGTTCGGATCGACCGAGGCTTCCACCACGCCGGGGACGGAGAGGAGGACTTGAAGGACTTTTTTCGACGCGGCCTTGGGGCAATCGCCGTCTTCTTTCATAAACTGGACGGAGACCTTTTCGATGGCAGCCGTCCGGGCCATCGCCGGATTGCTCCCCGAGTAAGCCATCTGCATCGCATTGTCCGCGGCGGAGTTGAATAAACAGCTCATCCCGATCCCTCCTGCGACAAGAATGCCCGCTCCGAGTGACATCAGAACCACTTTTTTCATCGCTTGTTCCTCCAATTTTAAATGATGGAACACCGGCTTTGTTGGAGCATTAAAACTGGGAATTAAGGACAGGGTAGTCTTTTTTGTTTTTCTTTGTCAATTGAATTTTATCGGTCGCATGACTTCCCACTAAAAGTGATAGCCGTACCCAAGCGAAATACTCCAGTTGCGTCCAAGGGAACGGGTCGCAATTTGCGACCCGTTCGGAACTCCCCATCGTGAACCTGCAGATTTTGAACTTGAGGCCGCAGATTGTGACCTCAAGTTGTAAAACTCGGTTGCGTCTCATGCCTAAAACAAAAAAGGGGATATGTCTCATCGATGAGACATTGGCGGTTCAGGAATTCCGCCCGCCCCATTACTCCCCCCACCCTTTAAGAAAGAAAAAAGCTGGGGTATACTGGATCGACAAATCAATTAGGAATCTTTCAATTAAGAATTAGGAATGTGGAAAGACAGTTAAGAATCAGGCATGAAGAGTTAGGAATTGAAATAAAGGGGGATTGATGGCAAATAAGAAGCAAAAAGAAAAAGCACGGGTGTCTAAAGAAGAGCGCAAGGCGCAACGGGCCCGCTCCCGGATGGCGCTGTGGATTTCGGTGATCGCCGGCCTGATGGTGCTGGTGATCGGCATTGTCTGGGTCGCGGCGCCCCCTTCGGGCGACGTCGCGGGCCGCCCCGATGCGAGCCTTACCGAAATTTCACAAGACGAGTGGATCAAAGGGAATCCGAATGCCCCGGTGACGCTGGTCGAATACAGCGACTTTCAGTGTCCCTCCTGCGGGACCTACTTCCCCCTCCTCAAGGAGCTGAACAGCGAATTCAATGACCGGCTCCGGATTGTCTACCGCCACTATCCATTGGGCTTCCACGCCCATGCGGAATTAGCCGCCCAGGCGGCGGAGGCGGCGGGGAAGCAGGGAAAGTTCTGGCAGATGCACGACCTGATATTCAGACAACAGAAGGAATGGTCGGAAAAGGTTGGCAGCGCCCGGGCGCTCTTCATCGGCTACGCGCGGGATCTCGGGCTCGACATGGAACGCTTTGAAGCCGACCTCGATTCGAAAGAGGTCCGGCAGGCGGTCGACGCCGACCGCCGCTCCGGCGACCGGCTGGGGGTTGATTCGACCCCGACCTTTTTTCTCAACGGGGTAAAAATCCAAAACCCGCGCGGCTACAATCCATTCAAGAATCTGATCGAGAAAGCGATGACTGATGCCTCCTAAGCGGATCATCGTCGCCCTGCTG
CP114555.1_gap49	2369003	2373647	4644	GAAAGGGTCCTCCAATGCCCCCACGCCCCGCGGCTCGGACAAGCTCAGCTTGATCCTCGCCTTTATTCTATTTCGAACGCTCGTATCTGCTTCAAAATTGGATGGTGCGCCTGAAGGGATTTGAACCCCTAACCTACGGCTCCGGAGGCCGACGCTCTATCCAATTGAGCTACAGGCGCAGGGAAACCGGAATCCTACCACAAAAATAAATCGATATCAATCATCTCCTTCTTTCGAGCTATTGTCCAATATTGAGATCGGGCTTATATTTACATTTGTAAGCGTGGTTACCATAAGCTCGCTTACAGAAGGAGGTTCATTTGCGCCGTTTTATTTTTTTATTCGCTCTTATATCTTTAATCGGAACAACCACTTTGGTGGAGGCAACGATCAATAAAAAGCTTCGTGCTCCCAAATATCCGAAGCTGGTCGATCAACGTCCCGAAGCGCCCAAGCTCATCGCGCGGGATGATTATTATTCTCCCCGATTTTTGCGGGTCAAAGTCGTTGCCGGAAACGAGATCTCCTTGGAGAACAAGGGGATCAATATCCACGGTCTCGTCATTCCGGCCTTATCACAGATCAACGTGATCCGGCCGGGGGAGTCGAAAAAGATTCCGGTCGAAGAAGAGGCAAAGCCGGGGATGTATGACTTCTTCTGCCATCTTCATCCCAGGATGCGGGGAACGATCGAGATCTTGCCGAAAACCTAGCGGATTGGTGCGCCCAGAGAGATTCGAACTCCCGACCCCTTGGTTCGAAGCCAAGTGCTCTATCCAGCTGAGCTATGGGCGCGAAGGATATCTATTTACCAGATGTGAGGGGAGAGAAGCAAGGGCTTTCCTCGGGGGGTGATGTTCATGTAGGGGCGACCCGGTGGGTCGCCCCTTTTTTATATGAATAGGGTGATGTCGGCGTCGGCGGCATAGCTCAGAAAGGTCGCGGCGCCGACCGGCTCCGCCAATCCGTCGATCAATCCTTTCCGCTCGATTCCCATCATGTCCATTGTCATTTGACAGGGCCAGAGCTTCACGCCGCTCTCCCGCGCAAGATCAAGCAGCTCCGGAATCGAAACGATCTGTTTATTGGCAATGGTCTGCTTCATCATGATTGTCGCGAGCGCCGTCATGCCGGGAAGGGCCGAGATGATATTCGGCATCGGCATCGGGGTTGCCGGATTTCCCAGCGGGACGAACCGAAGCGACTCGGCGGCCCCCTTCTTTAAAATATGCAAGCCGAAGAAGGTAAAGAAGAGGGCCGCCTCCATGTCGAGAGCGATCGCCGTGGTTGCCAGGATCAGCGGCGGATAGGCCGCCTCCAGCGTCCCTTTCGAAACAATCACCGCCAGCTTTTTCTTCCGCGCGGGTTGCTTCTCAAGAATCGACCCCAGTTTTGCCTCGATCCGCTCGTCAATCAACGATCGAAGCCGTTCTTCCAGCGCCGGGTCGATCCCTTCTTTTAGCTTTTGTTCCATCGGTTCTTTTTTATTTTGTTTTCCGGATGTAATAGGTATAGATCCCGTCGCTCTCTTTCATCGAGATCAACGTGTGGCCTGTCTGCTGGGCGAAGGCGGCCATATCGGGCTTCGATCCTTTATCGGTGGCGATCATTTCCAAGACCTGTCCCACCTGGAGCGTTTCCATCGCCAATTTGGTTTTTAAAACCGGCATGGGGCACTTCATCCCTTTGCAATCGAGCACCTTGTCTGCCTTGATTTCAGTCGCCACGAATGATTGCTTTCCGTCACAAACCAATTAAGCCGCCCAGCGGCGATCGTTTCTCCGCCGGTCCGTTGAAGTGGGGAGCTGCTCGCGCCGGCGGTCTCCCCGCCGTCGCTCTCCTCCGTTATAGCCGAGGACGAGGTCTTGAAAGGTCTTCAGCTCGTCTCGGTTCAAAAGACGCTCCGGTTGTTCCGCGGAGAGGATCTTTTCGATCTGATTGAAGGTTTGATAGATATAATTTTCGATCCGGTAAACGTCGGGCTGATTTTCAATCATCATTGCTTCCAATGCGAGAAGCGCCGTCACCTTGGGATGGATGGTTTCTGTCTGCATTGTGATCTCCTCCTTATCTGAATCGGACGCATCCTGGAGAGTTGCTGCTATCTTGGGGCTTGAATAAAGCGGGGAATATATCGATAATTGCAGTTTTTGGTTGGGGTGGATGAGGGGTTTCGAACCCCCAACCCCTGGATCCACAATCCAGTGCTCTACCCTTGAGCTACACCCACCACTCACCATGAAAAACGATCGGATTATAACATAGAGATTCGGTGAAATAAAAGAGTTTAATTCCAAGAGACGAAATCAGCTTGCGCAAAAAAGAAGAGGCCTCTATAGTGAAAGGCATGGCGCTTTTCGTCGATCATCTGTGGCATAAAATCGATCAGAGCCGGGCGGCATTTCCCTTCCTGGCCGCGTTGGAAACGCACTTTCCGGAAGGGGAAATTTACCTCGTCGGGGGGGCGGTCCGGGACCTTCTCCTGGGGCGCGAGACGAAAGATTTCGACTTTTTGGTCCGGGGGATTCCCGCCGAGAAGCTGAGAGATTTTTTGAAGCTGCACGGCAAGGTCAACTGGGTCGGAAAGAATTTCGGGGTCTACAAATTCGCGCCGCATGGGGCGGTCCTGGAAGAGCAGATCGACATCGCCCTTCCCAGAACGGAGCGCGCTTTCTTGAAGGGAGGAGGAGGGCGCCGCGACTTTGAAGTGCAAAGCGATGCGGCGCTTCCCGTCGAGGAAGACCTGCGCCGGCGCGACTTTACCGTCAACGCCATCGCCGCCGATCTGAGGAAAAAGTCGCTGGTCGACCCCTTCGGCGGAGAGAACGATCTCATCGCGGGACGGCTCCGGGCGGTCGGCGATCCGGCGCAACGGTTTGCCGAAGATTCATCGAGACTCTTACGCGCCCTGCGCTTTGCCTGTCAGTTTCAATTTCGATTCGAGGAGAAAACCTGGACGGCGCTGCGCGCCGCCATCGGCGCGCTCAATGCCAAACGGGAGGATGGGACCGAGATCGTCCCCCGCGAGATCATCGCGAAGGAGTTCATCAAGGCGATTGTCTCCGATCCGGTCCGGGCGTTCGACCTCTGGGACGAGAGCGGCGCCTTCGCCGAGCTGATTCCGGAGCTGCTCCGGATGAAGGGATGTCCCCAGCCGGAGATCTATCACACCGAAGGAGACGTCTGGACCCACACCCGTTTGGCCCTCTCCGTTCTTGCCTCACCCGTTTTCCAGGCGGAGTTTCAGGAGCCGTACGATGCGGAGACGGCGTTGGCGGTCCTCTTCCACGACATCGGAAAGCCGGATACCCTTCAAACCCCGGAGCGGGACGGGGTCGATCGGATCCGCTTCAACGGGCACGATCTGGCCGGGGCCCGGCTGGTCCGCGAGATTGCGGCGCGTTTGAAGTTCTCGACCTTCACGAAGGGGAGCCGCTATCATGTGAACGAGGAGGCGCTCGCCTGGCTGATCGAGAAACATCTGATCTTGGTCCAGGGGGAGGTCGATCAGATGCGGGCCGCCACGATCGAGAAACACTTTCTCAATCCGCAGCGGCCCGGACACAAACTTCTGCAACTGATCTTCTGCGACGGGAGCGCCACGGTTCCGCCCTCCGGGAGCCCGCAATTGATTTCGTATCGCCGGCTTCGAGAGCGGATCACCGGGATGGAGGCGATGGCCGCGTCGCGCGCGCGCATTCCGGCGCCGCTTCTCTCCGGAGAAGAGGTAATGACGCTTTTGGGGATCCCCCCGGGGCCGGAGGTGGGAAGCGTTCTTGCTCTGGTTCGGGAAGAGCAACTCTCCGGTCGGTTGACCGATCGAGAGGGGGCGATCACCTTTCTGAAGAAGCAGCGAACCGGGCCGGCATGAGGGCCGGAGGCCCTGAAATTCCTGCGGAATGCCCCGTCTTTCCGGGAGAACAATCGTTGACATCCGAAAAGTCGAATGTTACTATCGATCATCTTTCTTATGGAAAATAAAGCCGATTATAAGCAGACCCTGAATCTTCCGAAGACCGATTTCCCGATGCGGGCCAACCTCACCCAGCGTGAAGTGGAACAGCTGGCGCGATGGGAAGAGAGCGGACTCTACCAGAAAGTGCTGCATGAGCGTGGGGGCCGGGAGAAGTACATCCTTCATGACGGGCCGCCGTACGCCAATGGTCATATCCACATCGGGCATGCCCTCAATAAAATCCTGAAAGACTTCGTCGTCAAATCAAGATCGATGAGCGGCGATGCCGCCCCCTACGTCCCCGGCTGGGACTGTCACGGTCTTCCGATCGAGCATCAGGTGTTGAAGGACCTCGGTCCGAAGAAGCAGGGGATGAGCAAGGGGGAGATCCGAAAGCGCTGCCGGGAGTACGCCGACAAGTTCGTCAACATCCAGCGCGACGAGTTCAAGCGGCTCGGGGTTCTCGGCGACTGGGAGCATCCCTATCTGACGATGACCCCCGACTACGAGGCGGCGATCGTCCGTGAGTTCGGGAAGGTCGTTGCGACGGGGGACGTCTATAAAGGAAAGAAGCCGGTCCTCTGGTGCCCGAACGATGAGACGGCGCTCGCCGAGGCGGAGGTCGAATATGCCGACCACACCTCGCCGTCGATCTACGTCAAATTCCCGGTCAAAGATCCGAAGGAAAA
CP114555.1_gap50	2394061	2395819	1758	GCCAAAAGTCGCCTCGGGGGTTCAAATCCCCCTCTCTCCGCCAATTTATTTTCTAAAGATGTGCTTGATGGAGGGACCGGGCCCTGTGCAATAGGAACCTATGAACCCCGCCAGGTCCGGAAGGAAGCAACGGTAAATAGGCCCTCCTATGTGCCGCAGGTTCACCTGGTCTCTCCATCAAACGCATCTTTAATACGGCACAGATTCATCAAATAGGTAGGGGCGTATTGCAATACGCCCTTACTGTCTAGATCGTCGGGGGATCATCGGTCACATGGCGAGCGATTACCAAGTATCGGCAAGAAAGTGGAGACCGCAGACCTTTGAAGAGGTCATCGGTCAGCGTCATGTGGCGACCACCCTGATCAATGCCGTTTCTCGGGGGAAGGTCGCGCAGGCTTATCTCTTCTCCGGAATCAGGGGGGTCGGCAAAACAACCATGGCGCGGCTTCTTGCCAAGGCGCTGAACTGCGCCACACCGCAGGGGGCGAGCCCTTGCAATCAGTGCGATTCGTGCCGGGAGATCACCGAGGGGCGTTCGGTCGATGTGGTTGAGATCGACGGCGCGTCGAACACCGGGGTGGATGATGTCCGCGAACTACGCGAGAAGGTAAAGTACCTTCCGCTTCGCGGGAAATTGAAAATTTACATCATCGATGAAGTGCATATGCTCTCGAACGCCGCCTTTAATGCGTTGCTAAAAACGCTCGAAGAGCCGCCGCTCCATTTGGTATTTATTTTCGCCACGACCGAATCCCACAAAATCCCTGCGACGATTCTCTCCCGCTGTCAGCATTTTGTCTTCCGCCGGATCTCTCGCCAGGAGATCATTGCGCAGCTCCAGCGTGTGGCGGATGAGCGAAAAGTCCGCTTCGCCGAGCGGGGCTTGGTGCTGATTGCAAAGGCCGCCGAGGGGAGCATGCGGGACGCATTGAGCCTTCTTGATCAGGCGATCTCTTATGGCGGTCAAGAGGTCAGTGAAGAGGATCTCTTCACCCTCCTCGGACGGATGGGGGAGGCGCGGTTTCACTCTTTGGTTCGGGCGATCCACGATCGGAATGCCCCCGCGGCGCTGGGGTTGGCGAGAGAGATTGCCGATCAGGGATATGACCTCCGGCAGTTCCTGGCCGATTGGCTGGAGCATCTGCGGCACCTGATTGTCGCGCGCAATGTAGAAGGGGCCGAGGCCTGGATCGATCTTCCAAAGGAGGAGATCGATGAGATCCGCGCGGAAGCGGCTCTCTTTACCGATGAAGAGCTGCAACGCCTCTTTTCCCTCTTTGCCCGCCTTCAGAGCGAGATTCGGACCGCGCCGCATCCGCATCTTCTTTTCGAGGTCGCCTTGATGAAGGGGATTTCACTGGCCCATCTTCAGCCGGTTGAAAAAATTTTGGAGCGGCTGGAAGTGTTGGGAGGGGGAGGTTCTTCTGCCCCTTCGGTGAGCGTGCTTCCGTCGAAAATGCCAGAAAAAGGAGTTCCTGCGCCGCCGTTTTCCATTCAAAGAGTTCAGGAGATTCCAAAACCGACCCTTTCCTCCACTCCCACCGATAAAAAGAAGGTATGGCTGCAGGTGATCTCGGAAATTAAGGGAAAACGGCCGAGCCTCGGATCGTTTTTAGAGCAGGGAACCCTCTTGGAAATCACAGAGCAAAGGGTTAAGATAGGCTATTCGGAGTCGTTTTTAATCCCGCTGATTCAAAAAGAAGAGAATCAGAAATTAATGAGCGCTTTGTTCAAGACCCATTTCCAAAGGGAAAT
CP114555.1_gap51	2493537	2496713	3176	ACTGCATCAAGATCAATCTCAAGAACGAAATGAAGGCGAGCAAGGCGTCGTTCAGCGCCGATATGCTCTCGTTCGATCCGAAAGATTCACATGGAGTGAACGTCGGCAACAATCCAGGCGATCAAACCGTCGCCCCCGGCAAGAGCAGAACCTATACCTTCTATGCTCATCCGCAGTATGGCGAGTTTGCCTCGCTGGTATGGGATTGGGGGAATTTCATCAACAACGTTCGTGACGGTCTCTTTGGGGCGATCGTCGTCGGTCCGAAGGGAGCAAAGTTCCGCGACCCATTGACCGGTGATGATGTCTCCATGAAAAACGCCTGGGCGGCCGATGTAATTCTCGATCGCTCGATGCCGGACAGCATGGGCCGGTCGGACTACCGCGATGTCGCCCTCTTCTTCCAAGACGAGGACAACATTATCGGGACTTCGTTCATGCCGTACATCCAGCAGATTGGCGGACTGACCGGGGTCAACTACCGGAGCGAGCCGTGGATGTATCGTGAAGAACAAGGGTGCGAGCCGGGGAACATGTTCACTCCCTGTGTCGCGGCCGATAACGGTGGATTGGCGACGCCGATTATTATGGCGCATGCCGGTGATCCGGTTCGGATCCACGTCTTCGGCGCCTTCAATGAACAGAACCAGATCTTCAGCATCGAAGGGCATGAGTGGCCGTTTAAACCGAACATGGTCGGGGCCGACATGCTCAGCAGCCTTCAATTTGGCGGCGCCGAGTACCTTGACGTCTATCTCAAAGAGGGGGCGGGCGGACCGTTCGCCCTTCCGGGAGATTACGTTTGGCAGAACCATCGGATGCCGTATGCGGCGGCCGGACAATGGGGTTATCTGAGAGCGCTTCCAAGGGGTGATCGGAAAATCCTTCCGTTGAACGGCGCGGCGGGGCCGGGTGGAAAGACGGCCGAGGCGCCGACAGAAGAGGCGCCGGAAACAGTTTCGGAACTGAAAGACCAGATCCCCGGTCCACTTTCAATGTTGACAAAGTAGTCCGGGAATCTGATAATCTTGGCATAGCGGGGCAGGGGGTGTCTACTTCCCCTGCCCCGTTTTGTTATTTGAAAGGAGATGCCATGAAGCTAACGACTTTTTTTCGGATTGGATTGACCCTCGTGGGGCTGATCGGCTTTTTCGGCTCGGCCAGTGCATCAGGCTACGAAGAGACCAAGGTGACAAATGGAGGAACCGTCACCGGAAGAGTCACACTAAAAGGCCCCATTCCGGAGCCAAGGATTTTCCCCTTGGTTCTTTATCCTTTCGGCCCCTTCTGTAAAAAAATATCGGACGGGCAGGGAAACGTCCGTCTGAAGGAGTTCATCGTGGGAAAGGGGGGCGCGTTGGGGGACGCGGTCGTCGCAATAAAAAACGTCAGTAAGGGAAAAAAGTTTAAGCCGATCCGATCGAATTTCGTCGCGGTTGATTGTATGTTCCATCCGGCGGAAGTGCCGGACGACGAGCAGTTTTTTGTCGCTGACGACGGGAAACTCCACCATGAACATCCGAACGTCACCGTATTAGAGAATCATGAACCGATTTCAATGATCAATAAAGATCCGGTCATTCACAATATCCAAGTTTTCCAGAATGAAAAGGGGAATATCATTCTCAATGTTCCTCTTCCTGTTTCGGACGAGCCGAGGGGAGGGAAGCTCAATTTTGCCCCCGGGAAGCGGATCTCCCAAATGATCTGCGGGATGCACGAGTTCATGCAAAGCTGGGGCTTCGTCGTCGACAACCCCTACTATACCAAGACTAGAAAAGATGGTTTATTCAACATCGATCAACTTCCCCCGGGAACCTATAAAATTACGGCGTGGCACCCCCACTTTGATATCGTAGAGAAAGAAATTACTGTTCCCGCGAATGGAAAAGTCGAGATTAACTTTGAGTTTGACGCCACAACGATTGAGAGGCCCCTTTACGAGACACAACATGAACGTCGAATCAGTCCGGCGACGCCTCATGATCACATGCTGAAAGAAGGGGATGACCGGATCATCATCGAGTAAGAGTAAGGAAGTCGGGGGAGGATGCTGTGAGGATCGGCGTGTTAAAAAGAAAGAAAGCGGTTGCATGGTTTTTTGTACTTTTTATCCTGCTCGGTCGATCAACCGGATGGGGTTATGAAGAAGGGCCGGTCACCGACGGCGGCGTTCTGGAGGGAAAGGTTGTCCTGAATGGAACACCCCCTCCCGCGCGGATCTTTCACCTGATCTTTTCGCCGAACATCGATTTCTGCGGGAGGATCTCCGACGGAAAAGGAAACCGGCTGCTAAAGGACTTCCAGGTCGCCCCCGACGGAGGTCTTAAAGATGTGGTGGTGGCGGTGGTCGGGGTCAAGCGGGGGAAGCCCTTTAATTATACCCCTGAGATCACCATCGAAAACTGCCGGATGAGCCCTTGGGTGAGCCCGGTTCGCAACGGCCATCCATTCCGAATGGTGAACAAAGACCCGATCGCGCACGACGTTCAGGGCTATACCCTCAAGGACGAATATACCTTCGCGATGTTCAACAAGCCGCTCACTCCGGAAATGACCGCCTCCAAGACGGTTCGTCTTCGCAACGGTCATTATCTTTTCAGGACGCAGTGCGGGGTGCACGATTTTATGCAATCGTGGGGAATGGCGGTCGGTAATCCCTATTTTGCAGTGACCGGACCGGATGGACGCTTTACGATTCCGGATCTGCCGCCGGGAGAGTATGACGTGCTCGCCTGGCATCCGCACGTGAAAGTTCAGGCGGGTCAGATCAAGATCGGTCCGAATGGAAAGGCGGAATTAAATTTCGCGTTCGACTCCGAAGAGATCGACATCCCGCTCCACGATCTTCAGACGCAATTCCGGTTGGATACGGCCCTTCAGCCGCGCCATCTCGTTCCGCCGAGCGTCGAGCTTCAACAATATAATTAGTCCGTGTACTTGGGGAGTTGGACATCTTCTCCCGTCAGATGACGGTAGAGGGCGTGGAACTCATCGGTGCTGAGACTCGAATTTAAAAGCTTCTCCACATCTTCCGAGGTCACTGGAATCTGTGAGGCTTCATCGAAGGCGGATGAGCCGATGACAATGTGATCGGGGAAATAACGGTATTCTGGGAGGAGATACTTGACCCCCCCGTTGTAAGTAATCGCCAATTGCAGCGCAACACGTGCAAC
CP114555.1_gap52	2498445	2499778	1333	GGAGGCGACCTTCAATCGGAGCGCTTTATCGGCAGGGAGTAAAACATCCCCGGAGGCGGGGCCGATTTCTTTCCAGGCGTCTTCGGACCGGTTATTCCGATCCCTCTGAAAAAGGATTCCGAGGGTGCGATCGGCGGGAAAGCGGACCGTCCGATTCTTCGGATGAAAAAAGGCGAGCCCTCGCCGGAAGATCCCGGAGATTCCAGGTCTTTTTTCGTCGCGGCTTTCCGGGTGATTATCTTGTTCCCGACCCTGGGTTTGGCTCATTGCGCTCTTTCGTGGCCGTCCGGGCCTGCGTGCTTATTCAATCGAATTTTCCTATAACTCTTTGAAACGGCGGTTGAAGGACCCCTTGCATGAAATTGTCTCATGATGATCGTCCCTCTGCTTGCATATGAGGCGTCAGACAACCTGACCGATCGAATCGGTGCCAAACAAAAACGATACTAAAAGCACCGTGAAACATCAAGCAAAATTCATTGTAAATTGATTATAGAATGAAGGGGGGTCCGTGATCTTCCTGTTTCGATCCGGACCCCCATTGATCTGGAAATTCTGCGGTTACGAAGGTTTGTGAGCATCCATCACGCGGTTTTGTTCGTCGATCTCAAGTACGACTTCGGTTCCAGGCATCACCCCAGTGAGTTTGCTGATCGCCGGGTTTTTCAGCTGAAATGATTTCGATTGACCCTCTGCCGTTTTGATGGTCACTTTTCTCTCCATCGCATTAAAAGATTCCAGTGTTCCGGTAATCGAGCGGTGTTTCTCCGGAGAAAAGCCCCCCTTTCCGTCCTCGGCGCCACTTTGGTTTCCTTCAGCTACTTGTGCTTCTTTATGGATGTCTGCGATTTCATTCCCTTCATCCAATTCCAGCGTGACGCGGTCTCCGGGCTTCAATCCTTTCAGGCCTTCTTTTTTAGCATCTTTGACGCCGAACTTGCGAACGGTTCCCTCTTGAGTCTTCAAAGAGATCATGCCGTCTTCAAGCCGATCAATTTCCCCTGTGACTCTCCGATGGAACTCATCTGTGGCGCTCTCGTCTGCTTCATCGCTTTGACTGGCAGGAGGATTGCCCTTGCTCCGGTCGGCGGGCGTGTCGACCATATCTTCGTTGGCAGGGGTATCGATCATCGGCCCTCCATCGAGGAGATCGCCGGCATAGGTTGTCCTCACCGTCAATGTAAGAAGGAAAAGTGTTGCATAAAGCATCTTTCGATTCATCTCGTGCTCCTTCATGAGAGGATTTTTTTGTTTCTCACCCTCCCCCTCTCCAACGCTCAAATTCTCTGGGTGAACTGCCAGACCAGCTAACCATAATCGAGGTGGGGATACC
CP114555.1_gap53	2548126	2549307	1181	TTGAGGAGGAGCTCCCGCAGCCGATCGGAATCGCCTGTGATCGTCGTTTCTTCCCGGCAGTCAAAACGGAGCGAGATCGCTTTTTCCTTTGCGAGAAGCTCCATTTGCGTGAGGGTTTCTTTAAAGAGGGGGGCGAGGGCGACCGGCTTTCTCTCCAGCCGGGCTTCGCCGAGATCGGCCTTTGAGAGAAGGAAGAGCTCCTCGACGATCCGCGAGATCCGGTCGATCTCCTCCAGCGAGCTGGCGAGGGTCTCCTGATACTCCTCCATCGTCCGCGCCTGCCGCAGCGCCAGCTCGGTCTCCCCCTTGAGGATCGTCAAAGGGGTTCGAAGCTCATGCGATGCGTCGGCGGAGAACTGGCGGAGGCGCTGAATCGACTCTTCCAATTGCGCGATCATGGCGTTGAAGGTCTCGGCCAGCCGGGAGAGCTCGTCTTGGCCGGCATGGACCGGGATTCGGCGGGAGAGGTCGCCCGCCGTGATTCGACGCGCGACTTGCGCCATGGCATCGACCGGCTGGAGCGCCCGAAGGGTGAGGAGCCATCCGCCGGCCACCGCCAAGAGGAGGGTGGCGGGGAAGAGAAAAAGAAGGATCAGTCGAAGCCGCTGCAGCACTTTTTCCAAATTTCGGAGCGAGCCGCCGACCTGGAGAATGTTGACCAGCCGCCCATTTTGGATCACCGGGTAGGTGACCCATCGAATCTTCCCCCGATCTGGATCGATAAAGGTCTCATAGGTAAATTTGCCCTGAAGGGCGTTGTTGAGGGCTACTTCCGTCAAGGGATAGGTCCGTTTGGAGAGGTTGCGCGATCCGGCGCCGAAGCGGCCGCGGGGATCGAAGAGCTGAAAGAAATTGCTGGTGGGATCGGGGTTGTCGAGCTGTTGTAGAAGGGCTTCGATGTCGAGCTCCGGAAGGGGGGGGCTGCGGTCGAGGGAGGCGCGCGCCAGGGCTTCCGCGGTGGAGCGAAGCGAGAAGTCGAAATCGGAATGAAGGTTTCTCGACAGATAAACGAAGAGGAGCAGTCCGACGAAGAGGAAAGCCACCCCCAGAATGGTGCCGTACCAGAGGGCGAGCCGCCCCCGGATCGATGCGGGCCAGCCCCATCGATTGAGATTAGGCTTTGAGGACATAGCCGACCCCCCGGACGGTCTGGATCAAGGGGCGCTTGAAGCCGCGGTCCA
CP114555.1_gap54	2656686	2658609	1923	TCCCATGAACGGCCACCACGTTCGGCCGGTAAATCAAATTCCCGAGGACTTTTCCCGCTTCCAGATCGGCTGGGATGAAGACGAAACAGCGAAGCCGCGCCTCGGCGGCATGTGCGGAGACCGAATTGGCCAGGTTCCCGGTGGAAGCGCAGGCGACCGTGTCGAAGCCAAGCTCCTTCGCCCGCGTGAGGGCGACGGCGACGACCCGATCTTTGAAAGAGAGGGTGAGGCAATTCACCGTGTCGTTTTTCAAATAGAGATAATCGAGCCCCAACTCCGCGCCGAGATTCTTGGCATGGATCATCGGCGTAAAGCCGGCGTTCAGGCCGACCGTCGGCTCCCCCTCGATCGGGAGAAGATCCTGATATCGCCAGAGGCTCTTCGGTCCCTGAAGAATTTTTTCTTTCGTAATTTTTGTTTTGATGTAGTCGTAATTGTAGGAGACCTCCAACGGGCCAAAGCAGAATTCGCAGACGTGAAGGGCCGCGGCGGGATAGGTTTTGCCGCACTCTTTACATTTCAACCCTTTCATCTTGCTCATCGTGTTCTATCCTAAGTTGAGGCTGATCGTGGATCGTTCATCACTAAGAAATGCTTCTCATCGTCACGCTCCCACACTGGCGCGCCGATTTTTTCTTTGGATTTTATGGCTGGTGATTCATTCCCTGTGATCGGAGGGGGGCCGGATCTGTATCACAGACCGGCGATTCCTGGACCTCCAGTGTTCTGATTGTCGGATTGCCGCCGCAGAGAGGACAGTTTGGATTCCTTCGGATCGGGATCTCTCGGAACTGTGTCCGGAGGGCATCATATTTCAGGATTCGGTCGGTCAACGGTTTTCCAATCCCTAGAATCAGTTTCAAAACTTCGGTTCCTTGAAGGGTTCCAATCAATCCGGCGAGCGCCCCGAGCACCCCGGCCTCTTGGCAGGTCGGAATCAGACCCGCCGGGGGAGGCTCCGGGAAGATGCAGCGATAACAGGCGCTGGAACCGGGAAGGATCGTGAAGAGCTGTCCCTCAAATCGGAGAATCCCCCCGTGGATGAGCGGTTTCTTCGCGAAGTGGGCGGCGTCGTTGATTAAAAATTTGGCCGGAAAATTATCGGTTCCGTCGATCACATAGTCGAAGTCGTTGAAAATTTTCAGCGCATTGTCGGCATCAAGATTCTCCTGGTACGGAACGACCTTCACATCGGAGTTGATCGCAACCATCTTTTCCTGAGCCGAAAGGACCTTGGGCCGGCCGATGTCGGAGGTATGGTGAATGATCTGGCGCTGCAGGTTGGAGAGATCGACGACATCGGCATCAATCAGACCGATGGTGCCGACCCCCGCCGCGGCGAGGTAGAGGGCGATCGGAGAGCCCAAACCTCCGGCGCCGACGATCAGAACCTTCGCCTGTCCAATCTTCTTTTGTCCCTTGCCGCCGACTTCCGTGAGAATAATATGCCGGCTGTACCGGACGAGTTGTTCTTCCGTAAAGGCCATTTTCTTGCCGCCTAAATATTAAAATATTTCTCGATGCTGATGTATCGCTCCCCGGTGTCGGGAAGGATCGTCACGACCGTCTTGCCTCGGCCAAGTTCCCGTGCGATCTGCTGTGCGGCCAGCGCGTTGGCGCCGGAGGAGATCCCGACGAGAAGTCCCTCTTGGCGCGCGAGCAGCTTGGCGGTTTTGTAGGCGTCGTCATCGTTGACAGTGATGACCCGGTCGATGATTTTCCGATTGAGAACATTCGGAACGAAACCGGCGCCGATCCCTTGGATTTTATGCGGACCCGGCTCCCCGCCGGAGAGGACCGGCGAGGCGGACGGCTCGACCGCCACAATCATCGTCTTCGGATTCTTCGCCTTGAGCACTTCGCCGACCCCGGTAATCGTCCCGCCCGTCCCGACCCCGACGACAAAGGCATCGACCTTTCCGT
CP114555.1_gap55	2659851	2661711	1860	GTGGAAAGCTGGGGTATAATTTCCCCCAAAGTGGGATGAGGTGGGTTTCGCTGAGGGGGTAGCGTGTTCCTGGGGAAATACCAGCATACGATTGACGCGAAAGGACGATTGAGCATCCCGGTAAAGTTTAGGGAGTTTTTGAACGCCTACTCCAACGGCACCGTCATCATCACCACCGATCTCGATCGGTGCCTGGCGGCATATCCGCTTCAAGAGTGGAACGTAATGACCGAGAAGGCGAAAAAGCTGCCGACCATGGACAAAGGGGTCAAGAATTTTTTAAGATTTTTTTATTCCCGCGCGACCGAATGTCCGCTCGACAAACAAGGGCGGATCCTTCTTTCTCCGCCGCTCCGGGAATATGCGCAGGTCAACGGCGACGTCCTCGTCGTCGGAATTGAAAATCGATTCGAGATTTGGAGCCCGCAAAAATGGCAGGAGAATGAGGCGCTCGTCACCGAAAATAGCGAGCGAATTCAGGAGGCATTGGCCAGCTTGGGGATGTGAGCGGGCGAGCCGACATCCACGATTTTCCTGAAGATCAGTTTTGAAATCGCTTTCCACTCCGTGTAAAGATTTCGATAGAATTTGTGATCCGAGCGCCATCGAGAAGTAAAAACCCTTCAAGGCGATTCAACAAGTGCTCGCAGCAATGGTCGAACCGAGTTTCTCGGAAAGAGAAGATGAATGGGGACGGGTCCACCAGCCTGTCCTTGTTGAAGAGGTCCTCATCGCCCTCGGCTGCAAGCCGAACGGAAGGAAGCGCTATCTCGATTGCACCGTCGGATTGGGAGGCCATACGGAGGCGATCCTTGCCGCAACAGGTCCCGAGGGGCGGGTCGTCGGACTCGATCGCGATGAAGAGGCCCTTGCCTTGGCGGAAAAACGGCTTCATCCTTACCGCGACCGGATCATTCTTCGTAAAAGCTCTTTCAAGGAACTCTCGAACATTGCCGCAGAGCTCCATCTGAAGGAGGTTGATGGTCTTCTTTTCGACCTCGGGATCTCTTCTCTCCAATTGGATCGGCCGGAGCGAGGATTCTCATTTCAGAAACCGGGTCCCCTCGATATGCGAATGAGCCAAACGGAAAAAGAAACGGCGGCCGATTGGGTCAATCGCGCCACCGAACGCGAACTGGCCGAGATCATCCGGACGTATGGAGAAGAGCGATGGGCTAAGCGGATCGCCTCCTCGATCATCCGTTTTCGATCGGAGAGCGGACCGATCACCCGAACGGAAGAGCTGGAGGGGGCGATTTGGCGGGCATATCCTGCAAAAGAGCGCCACGGCCGAATCCACCCGGCGACGAGGACCTTTCAGGCGTTCCGGATGGCGGTCAATCAGGAGATGGCGCAACTGGAAGCCGGCCTGGAAACGGCCGTCTCTCTGCTGGCGGTAGGAGGGCGGCTGGTCGTCATTTCATTCCATTCCCTGGAGGATCGGCTCGTCAAGCAGACGTTCAAGAAATGGGCGATGCAGGAGCCGCGCCGTTTCGTAAATCTTTACAAGAAGCCGATCCAGGCGGGACCAGAGGAGATTGCGCGGAATCCGAGGGCGCGAAGCGCCAAACTCCGCGCCCTTGAGAGGGCCGCATGAACGAGTGGTTTCGCCAATTGGAGTCACGGATTGCCTTCTTCATTCTGGGAGGGGCGATTCTCTTTTTTGTTTTTCTCTCCCTCTGGCAGCGCAACCAGATGATCCATCTCGGCTATGAGATCGAGCAGCTCCACCAGCAGAAGGCGGAGTTGCGCCGCATCCATCAAACCCTCTTGGTCGAGGCGGAGAGCTTAAGCGCGATCGAACGGGTTGAGCAAATTGCCGCGCGTCAGTTGAAGATGTCTCCGATCCTTCCTGAACAG
CP114555.1_gap56	2695546	2696059	513	AATACGGCGGGCTGTTATACAGCCGAGGAAGCAGTTCGGACGGCGCGGCTGGCGCGCTCCGCCGGCATCTCCGACATGGTCAAATTGGAAGTGATCGGCGACCCGAAGACCCTTTTCCCCGACAACGAGGCGCTCTTGGAGGCGACCCGAATTCTCGTGAAGGAGGGGTTCACCGTCCTTCCTTACACAAACGACGATCCGATTATGGCGAAGAAACTTCAGGATGCGGGAGCGGCGGTGGTCATGCCGCTGGCGGCTCCCATCGGATCAGGTTTGGGGGTCCGGAACCCTTACAATATCAGAATCATCTTGGAAACGATCTCCGTCCCAATCATTGTGGATGCAGGCGTCGGAACCGCTTCGGATGCCGCAATTGCGATGGAACTGGGCTGCGACGGCGTTTTGATGAACACGGCGATCGCCGGCGCGGAGAATCCGATTCAAATGGCTGAAGCGATGAATTACGCTGTTCGTGCCGGACGACTCGCCTATCTGGCAGGGAGAATTCCGAAG
CP114555.1_gap57	2704552	2706378	1826	GGGAGGTCCACCGACATATCGGCGATTATACCCTCTTCATGAGCGGTCTCTTCCCGGAGTATCTGAAGCGGTTGAAATCCGGGGAGAAGATCGAACATCCCGACTTCCTGATCGATTATGTGCGGGTCGGGAAGAAGTCGTACCGGCGGGCGGCCGAGTTCAACTATGGCCGATTTAAAGAGTGGACCCCCCTTTATCGAAAACTGGCCGAGCACTTTGAGATCTGCATTGCAGGATTAGGTTTGATTCGTGAGGAGTTGGATCGTTCCAGAGAATGGCAGTCCAAAAAGCAAATCTTAAGCTGACACATGGAAAAAAGAGGAAAGAAACGGGTCCTGAAGCGGCTGTCGGTTCGATTCGGCCCTCAAAAGCCGGACCACACTGCGTTTACCCATGATCTTTCCTCAACCGGTATTTTTCTTAAAACGACCACTGTTTTCCCGCCGAATACACGACTTCAAATCGAGCTGACCCTGCCCGATAATAAGGTGATCCATGTGCGCGGCATCGTCATGTGGGCGAAGCGGATTCCCCCTGCCTTTAACAGGGTCATCCAAAAACATGGAATGGGAATTCATCTTCTCAACATTCCGGATGAATACAAAGCGCTGATTGACCGTCTGCATCTCTAGATTCTTATTCGGAGAGAGCGGGCTATTCTGTTCTTTTCTGAGGATAAGGAGGGACGATATGGGTGATGCGACAGGTTTTAGAGGAGCTCTTCCTTCACATTGATCGCCGCCTTTTCGCGAAGGGCGAGGGTGTAGGCGTTCAGCGCTCTTTGCTTTTTCTGAAAAAGCAGGTCTGAGGCGGTCCGATCCGGGTCTGGGTTGGCGGGGTTGCTCTTCTTTGCTTCTTCTTCCTCTGAAGGGGTCAGCGCGACCGACTCTTTCACGATCGTTTTCACTTTTTCAATCAATAACTCTTCCCGATGTTGCCGTTCGAAGCCTTCGGGGGTATAATGTTCTCTGGCGAGAACGAGACGGTAAACCGCCGGGTCGAATTTGCCCTCTTTCTGGAAGCCGGGAAGCTCGGTGATCGAGCGCTTGAGCTCCTCATCGCTCACCACAAGCTTCATCCGACGCGCCTCCTGCAGCCAAAGTTTTCGGTCGACGAGCTCGTCGATCACCCGTTTTCGCAGGTCTTTATCGTCGAATTTATCCTGAAAGACCTCCCGGTAGAAGTCGGACGCGTTTTTATAGGCGCGCTGATACTCTTCAATGGAGACGGAGGCGCGGTCCACTTTGGCGATGGCTTTGTCTTCGGTCTGCTCGAAGCCCCACCATCCCATCGTGGCGGTGAACACGACGGCGAGTATGAGCATGACGAGCCGGAAGAACCAGGGATTTTCGATGGCCCCTTTACGAATGACCTTTAGCAAGTGATCCTCCTTTTTGCGGAGGTTAGGATAACATCAGTCGGTACAAAAAGCAACCCCGCCGGCCGCGCGGCGGCGACATTTTTCTTCAACATTTTTTATTTTTTGATGTATAATGGCATCTATTTTATGATCGGACGAAAGGTCCTTGTGTTGACGGAGCTGGGTGAGGAGGTAGCAGGTTCTTGGGTCTATCCTAAAGCGAGTGTCCTCCATCGGTTTATCGCTAAATTCCTCGATTTATTGGTTGTTGCCGCGATCTATGAAATACCGCTTCGAATCAGCTTTCTGGCAGGGCTTTCCTACCTTTTGATCTCAGACGGTTTTGGCGAAGGGAGAAGCATCGGGAAACAGCTGATCGGTCTTCAGATCATTACCCCTGCAACGCGAAAAAAAGCTTCCTTCAAGGAATCGATTATCCGCAATTTCCCGCTGGCGACCGCCTATT
CP114555.1_gap58	2735396	2736327	931	CCTCTTCCTTCCCGCTCACGGCGATCCGCGCCTCGTAGTCTCGAAGCTCCCCGTTGATCCAGAGGGGGTATTCAAAAATCTGCACTTCTCCTGTTTTTAAAGTCTGCGCAATATGGCGCGAGGTCGGACCGGCGACTTCGGGCGGGAGAATGTCCGCGAGGTTCTTTCCGAGGAATTCGCCCGGCGGAACCAGCGGCTCGATATTCTTCGCTTTTTTAAAATCAAGGATTGTCCCGTCCCGCCGGAGCTGAAACATCATGTCCGGGATGGCGTTGAGGAGGGCGCGGTTCTTCTCCTCGCTTCGCATCAACGCCTCCTCCGCCTGTTTTCTCTCAGTGAGATCGAAAGAGACGCCGATAATTCCGATGATCCGCCCCTCCTGGTCGTACACCGGGGAGTCGGTGACCATCGCGGTGAAGGCCGTTCCATCCCGGCGCCGAACGAGGAATTCACCGCTCCAGGTTTTACCCTGCCGCAGATCCGCCATGATCTCGGCCGCTTTCTCCGCAGAAGCGGGAGCGGCCGTGATTTCCAGCACGTCCCGGCCGAACGCCTCCTCGGACGACCATCCGTAAAGCTTCTCGGCGAAATGGTTCCAGTAAATAATCCCCCCGCGCAAATCGGTGGCGATGACCGCTTGGCCGATCACGTCGAGGAGATGGGCCTGAAAGCGGACCTTTTCCTCCGCCCGTTTCCGCTCCGCCAGCTCTTCCTGCGCTTTCTGATAGAGCCGGGCGTTGTCGACCGCCAGGGCGGCGCGGCGCGCCAGCTCCACCGCGAAGGGGAGCTCCGATTCCCGGTAGCGGCGGTTCGAATCGGCCATCCAGAGCGAGAGGACCCCCATCGTCCGCTCCCGGCCCAAGAGCGGGGCGCAGATGCCCGACCGGAGGGAGAGCCCGCGCAGGATCTCCCTCAATTCGGCATGCGCGCC
CP114555.1_gap59	2774860	2778578	3718	ATCTATGAAGTCTGCCTCCGCTGCCACGGGAACACCTTCAACAACCATGTCCGGGAGGCCCTCTTCACCGCGGTCGGCACCGGCAAGGTCGTCCAGGCGCGCGGCAACAGCCCGGTCAATCCGGCGCTCGGCGTCAACGCGCACGGGAGCAACAAACGGAAGGAGTTCGATCCGACCTCCGTCCCCTTCTATACGGAGAATTTCCGTATTCAGCAAAATCCGACCGATCCGCTGGCGCGACTGATTCCTGATCCGAACCCGCCCTCGATTTAATCATTCGTTCCACCCCGTCTTTCAGCCGGGGAGAAACCAATCGGGAGTCTTGAATAATTACACACTCAACATGTCGGTTCAGACGCAGCAGGGACAGTTCCTCGGAAGAATGGGACTCAGCCGGGAGAAGACAATCCACTGCACCGACTGCCACAATACAGATCTTTTCGGGACCTACCTGGGAGGAGCGCTTCCTTTGAATCGGATTCTTCGGCGCCTTTGGATTCCCGACGTTGACCAGCTGTTGGGACGGCAGTCAAAACGTGAGTTGTCCCGATTACCCCGGGCCGATTACCTTCGATGATACACGGGGGACCGCTTACCGGCGGCCGACCGATGTCCCTCCCGATATTCCGATGAATCCGGAAGCGACCCGAACGGCGAGCCTCAATGATCCGAACACGGCCCAGGGGCCGCATGGATCGATCTACAAGAGAATCTTGCGGGCCAACTATGACACGAAGGTCGGAACGTCCGAGGAACAGACGTTGATCGGCGACACGGTGACAAACGTCGGCCGCGGCAACGCGAGGAATCGACCTATAATCCTCAGAACTTCGCCCTCTGCTTCAACTGCCATGCCGAGGCGGCGTTCATCACCCCCGCCTGGACCGATACTGGGCCGGGAGTGGAGAATTGTCGATGGGGATCCTGTCACCAAGGCATTCATCCCCCCCACGGCGCGGCTGACGAATTTTCTATCGCTGCGGAACACAGACAATGTCGATGGACAAAACCTTAATGGGGGCAACCTTCATATGCTTCACCTGGTGGGCCGGACGAATGCCCGCTGCCATGAATGTCACAACAATGTCCACAGCAATGTGGAGGCCGGAAATACCCTCTATGTCGGTTTGAATGATCCCACTTTTGTTTAAGAGAACCCGGGCCATAACCTCGATACCCATCTCATCAACTTCCAGCCGAATATTAGAGGGAGTACGGAAGCCGGGCGGTTTGACGATCAGCCGATGTGGGGTGCCGGAAGATTGGTCGCATGGTTCAATCGGGCCGCAAACGGTATAAATGGGCCAACGTTTGACGATTATCAAAGCCAAGGTCATCAGAGGTCCCGGTTGCAACCTCCGATGTCACGGATTTAACATGATGCACAATTATGATGCCCACTCCGTCATCAACGGCCAGAAGTAGATAATGTCTTTTGTCAAAAAGTTGATTTTCCTCTTTCTCTTCCTCTCTATTCCAATTGCGATCTTTATCTCCTTTTTCTCCGGTCAGCAGGAAGTTCCTCCCGAAATGGTCCTCATCCCCGCCGGCGACTTCATCATGGGGAGCAATGAGGTCGACACCTCCGGCAACAACCAGGCGGAATTCGGAAATAAGAAGCCGTGGTATCTCGATGAACATCCCGAGCGAAGGATCTTCGTCGCCGACTTTCTGATAGACCGATACGAGGTGACGAACCAGGAATATGCGGCGTTTGTCGAACAGCGCCAGCGACGGCCGCCTCCCTCCTGGAAAGAAGGACGCTACCCCGATGGGCAGGCGAACTTTCCGGTGACCGACGTCAACTGGTTCGAGGCAGAGGATTATTGCGAATGGAGGGGAAAGCGTCTTCCGACCGAGGCGGAGTGGGAGAAGGCGGCGCGGGGACCGCACGGCTACCTCTACGTCTGGGGAAATCAATTCGATGCAACGAAGGCGAACGTCAGCGCCGGCGGCCACGGCGGCATTACTCCGGTGGGCCGGTGGAAAGAAGACCGAAGTTTTTACGGCGTGTTTGATTTAAACGGCAACGTCATGGAGTGGGTCGCCGACTGGTACAAACAGTATCCGGGCGGCGATCATCAGAGCCCCGATTTCGGAGAGCTGTTCAAGATCGCCAAAGGCGACGCCTTCGGGGAGTCGGGCCATTACTCCCTTCCTATTTTTTCCCGTCTTCCCTTCCGGCAAAACGTCGCGCCGACCGACCGCTTTCCTTTTCTGGGGTTTCGCTGCGCGAAGTAAATTCATCTGCCGAGATATTAAAGAAGTGATCTCAGACCTGCCTTATGATGTCGCTTTGAAAATTTTCTTGACACGTTTTTTTTACTTTGTTACTATCCCTTCCACTTTCATACCGACATATCATAGATTAATAGGGAATACCGACCCCGCCGATTGAAACAGCTTCTTTGTTCCCATCGTCCCGGTCATTGCTTCAGTTTTTGGTTTCTCGTTTCGTTCTTTTGATTCGAAGTGGGATAGTGAAGGGGCCATGACTGGGGAATGGTTGCGCCGCTTATTTCCCTGATCCTTTGAATAAGTCTTTTCTACTTTTCTGCATGCTCCACGCTTGAAATCAAGCCATATTGTCCATTTTTAGTTTAAGACTTCAAGTTGATCCAGATGAGTATGAGTTCTCTTAATTGGTATCAATTTCATATGCCTGGGACAAAAATAATAGATATGGTCAGCCTCGCCAAGCAAGGAGGTTATTTATACATGGATGAAAGTTTCTATTCTTGCCGTCGATCTAAAGTTTTAGCCTAAGTATAGTGTCTTTGTTGTTTTTAAGTGATCTCGTCCTTTTACTTTTTCTAATTGTATTCCTCCCATCCTTGGGTTCGCTCAGGTTGAAATTTTCGAATATGAATATGATATTGGACAAAATGGTGTCGGGCAGCTTCATTCAGTTATAGAGAGGATGGGGGGCACAACCGTAGGTAGCATGGTTTTTTCTTACGACGTCCGAGGCAATATTACTCAAACGGATAGGATCATTGAAGGCAATCCCACTCCATACACTATAAAATCAACATATGACAGCCTCAATCGTCCTGTCGATTTGACCTATCCGGACAACGATACTCTCCGCCATAGCTACAACTCACAGGGACTTCTGGATAGTGTTGTTTCTCTAACATCGGGAACGAATTATGTTTCGCTCGATTATAACGTGTTGGGTCAGATCACCAGCAAGAAATTAGGAAATAACAGGACGACCACCTATATTTATCTCCGCAGAATTTTCGCCTTACAGATCTCTCCACCTGGAATCCAATCGTTCCGTTTAAATATGATAACGTCGGCAATATTGAAGAAATTAATGATAATAAGGATCCGGCAACGCCTAAAATTCAAACCTTCGGATCGATCGCGACACCAGCTTACTTCGGCAAGCGGGGGCTGTCCTTCATACGGACACACCTTCAATACGATCCATCAACAACATGAAGATTTTTCCGCACAATCTCAAGCGGGCCTATTGAGACCACCTTTTTTCCGATCCCATTTAACTTTTCATCTCGTCCTCATGCCGTGCAGGGGGACGGTATAGCAGTTTGGTTATGATTCAAACGGGACATGACCTTAAAAAGGACCGGAGATTCGACCGGATCTTCGTTTGGAATAACAATAACCAGTTATAAGAGTAGAGCAAAGAATACTGTACTTGCCGAGTTCACTTATGATCATGCCGGCCAACGCATGACCAAAAAGCGGC
CP114555.1_gap60	2848334	2852185	3851	TAAAATTAACGAAGAAAACATCTTTATACCTTTATCCGTATATATGGATTTAGCAAATCCCAATGAAATGTTTTTGGACGCAAAGAATCAAGAAGCTCAATTGTCATTATTGGTGGAGATGCGGGAGGGTCATATCGAACTACAATAATTTTTGAAAAGGGGGATGTTAAGAAAAGAAAAGTATCTCATGGAGAATTTCCAGAAGTTGGCGAAGAAACGGTTTATTCCTTCAATACAAGCACAGAGAAAAAAGCGGAATCCGGGGTGTGAAGAGGTCAAGTTGCTCATGGTTCAACTTTAGTCATGACGAAGGTGAAAGAAAGATTAAACGATTCACATGTCCCGGCCGCTGCTCCCCGGCGCCTTCTCCACCTGATGAATGATGAATAAGGAGTTGGCTTGGCCGAAGTTCTCGAGTGGGTGATTTTCTAATTTATGAAAAACGTATTCATTTCATCTTTGTGTTGTGATCGTCCTTCTGATCTCCTCCCTTGCCCGCCGAGAGCGTACTTCTAGGACAGTTTGGGACGGCTGGCGGCGGAGGAGGAGGGATTGTCAGCGGTATTGACGCATTCAGCAACGGCTCCAAAGATGAGCCAAGAGCAGACTTGACCCTTTGAGACTAATCCTTATCCAGTCTGGAAACTTCATCAGCGATTTGTGCAAGGGAACCGCGGTAAAGTTGGCGTAGAAGCAGGTAACATTGAAAACGATTGAGCAACCGATTTTAATCTTTAGAAACATTCCTATCGTATTGTTCCGTAGGAGAGGATATGTCAAAGGTCAAAATATTTGAAGATGGGACTTCCATCAAATGGATAGATAAGGAGACATTAAAATATATTGAGAATGAGTATAGCGTTGACATTTGGGTTGACTTTGAGCCTGATTTTTTTAATAACGGTCGGATCATCAAATCTTCATCCTTAGTTCATTGGCAAACAAAACCTGATGGAGCATCAGATGTATCAATGAGATCAAGAAGGCTGAAATTTACAAAAAATCAGAGAGTATTATAATTCTGATCGTATTAGATGTCGGGTCGAGTAACCTTATTTATAAGGAGAATGAGATTCCGACGGTGTGATTTCTGAGAGGAAAGGGGGTAGCTAATGCGACCCCATGCGACTTATTGGAGACAAACACGATCTTCTTGGGAGAATGCACCTTGGGCAAAATAATTTGGGTTTGTTGCAATTGGTTGCTTTTAGTTTTTGCGAGTTTGATCTTTATGGGGTTTTTATCTGGATGTTCAAGGGAACTAGCCATAATCGAGGGATCTACTGAAGTTCTAGAAGAGCCATTTCCAAAGGAGTACCCAGGAGTTTCTAACAAAGTTATAGAAGTACTGCAGTCGGGTCAGGAGGTCGAAATAACTGGTTCACAAACAGGGAAGGATTTTAAAGCGTATAAAATGCATCTGTCCGATGGAAGGAGTGGATATATCATAGCAGGGGGTAGATTTAAAGTAATTAAAAAATGATTTGGCTCTATCCATAGAATAAACAGCGTTTCGAAATCGCGGGGGCGTATCTTTACTTTTGACTTTTTGGTTTGAGGGAGAATGGCGCGATCATTGAGGATTAATTGCTCATACAAGAAGGGGTAGCTCAACTTGCCCCCTTTTTTACAAAAAGCGGGAGGTTTCCTCCCGCTTTTGTTTTTTAAGGGGCGGCGGCCGTTGGTTCCGGCGAGGGCGAGGAAGCGGCGGCCCGTTTTGCGGCGATTTTCCGTTGCAGCTCGGCGAGGTGGCGAAGATCGGCCAGCTGCTTCTTCACCTCCGGAAAGTGAGGCCGGCGCTCCAGCACCTTCTCGAAATGAACGATCGCCTCAGGCACCTTTCCCATATCGTTATAGACGTATCCCAAGTGGTAATAAGCTTCCCAGTCTTCGGGACGGAGCGGAATGGAGGCTTCTAGGACTTCCGCTGCGCGGGGCCTCTGTCCGTTAAAGCTGAGGGCCCATCCGAGCAACTGATAAGCTTCGTAAGTCGGACGTTTTTCAACGATTGGTTCGAGAATGGCAATTCCATCGGCATAGTTTCCGCTGACGTTCAAAGCACCGGCGACATTCATGGCAAAGGCATCATCCGAAGGATGGATCTGAATGTATTCCAGCGCGGCGGCGCTCGCCTCCTTCCAGCGTTCATGATCGAGATAGAAATTGATCAGTTTCCTCCAGGCGGCTGTCGCCGTGGGGGAGAGCGCGAGGGCTTCGCGGCTGTATTTCTCTTCGTTCCGCTCAATCTTCGCGATCCAGGGGAGTCGAAAATAACCGCGGCGGGTCTGTAGAACAACGGACTCTCCTCCCCACAATTTTCTCGCTTCATCCCACCGGAGGAGAACACGCGTGACCGTTTCGGGATCGGTCGGGAAGCGCAGGTTTGCCCATCGAAGGGGAATCGGAGCATGAAGCTCGATCTCTCCGCCGGTAATGGCTGCAATCTCCGCGGTCTGGTCGACCGGCGGCGAGGTATCGAGCTTGGCGTTTGCGTAAAGAAAGAGGCTGTAATAGATAAAAACGCGGACCAGCAAGCCGGCTCCTCCTTCGAGAACACGAAGGGACTCGCGAATCGGATTCTGAGAGTGTTCCTCTGAATCGGACTTGCCGTGTGAGAAGAGCTGTTTCAGAAAAAAGAAAAGGCTTAGGAGACTCAACGCCGTACCGATCCAGGGGATGAGCAAGAAGAGGAGCCGGCTCGGTACGCGAAATGCCATCTGGATGTACAAGGCCCAGAGGCAAGTTGCGACGAGAAGTATATGTTTGAAGGTCAGGAGACTCCAGACGTTGCACCAGACGATCCGAAGCCAGAGCGGAATCATTCTTTTGTCCTCCCTGGCTCAAGATTTGCCATCGCATAGGAGAGGAGATGTTCCGCCAAGGCGTTGCGCGGATCTGCGGAGAGGACCCGTCTGAAGCAGACGACAGCCGCTTCGAACTCCGACGTTCGGTGATATAAGCTGCAGAGATTCGTCATTACTTTAGGGTTGCGATATCCTAATTCGAAAGCGGTCTCATAGGCTTCGATCGCTTCCGGATACGCTCCTTGATTATTGTAAAGGACGGCCAATCCCAGATAGGCCCGGGATCTAAGCGGGTCTATCGACAGGGCGGTTTCGTATGCCGCGAAGGCCTCGTCCGGCCGCTTCAGTTCATTGAGGTTATACCCGATCGCCTCGTAGAGGCCGGGATTTTCCGGATCGACCGTCAGCCCTTGTCGATAATATTCGATGGCCCCTTCCCGGTCTCCGATCAGCGATGAGAGATACCCGGCGCGCTCAAGAAGGGTCACGTTGTCGGGCTGGGCCTCAAGGAAGTGTTGGGCTAGCGCGAGTGCCTGATGGTAGTCGCCCATGGTTTCCGTGAGGAAGACACTCAATGCATCGGCGTAAAAACTGTCTTGAGGGGCGCTCAGGTACGCCTTCTGCATCATCCGGTATTCGCTCGCCAGGTCGCCCCGGTCGGAGTAAATTTGGGCGGCGCGCCGGTGGGCCTCGGCGTGGCTTGGGTTGATCTCGATCGCTTTGAGAAAGAAAGCGAGCGCCTCATCGTTTTTTCTCTTCTTGGATGCGATCACGCCCAGGGTCAAATATGCATCATCGGCGCGGTCTCCCGCGGCGATCGCCTGTTTTGCATAGGCGACCGTTTTCCTTTCATTCGACGAGTCAAAAATTCTCAGATATCGGTAGAGGTGCGCGAGAGGGGAGAGGGGTCGCTCTGCTCCGGGCAGTTGGGTCAATTCTCCGGTTGTTCTCAAGGCCCAGAGGAACGAGGTGAGGCGGGTTTCGACCTTCGATGTTCGAAGGGCCCGATTGATGAGATCAATTGATTGGGCAAACTCCTGCCGGCGC
CP114555.1_gap61	2920689	2925553	4864	CTGGATGGGAAACCTGGAGCTTTCTTATGTTGAGACCTCCGGGAACACGAACGCGGAAACGATGGTGGTGGCCGGCAAGGTAGAGCGCACCTTTGCCGCTTCGAAGTTATCGGGGGAGGTGAAGGCGCTTTATGGAAAAAATGAGGAGATCACCTCCGATAAGAACTGGATCGTCATCCTCAAATATGATCGGAACATTACCGAAAGTACATACGGCTTTCTTTCGCAGACGGTCGAGCGGAACACGCCGAAGGGGATCGAGGCCCGTTATATCACGCTCGTCGGTTTGGGTCATTATTTCGTGAAGACCGCCTTGGACACCTTGCGGGCGGAGGCCGGTCTTGGTTATACCCGAGAGAACCCGGTCTCTCCCTTGGAGGATGAAGGTTTTCCGACAGCCCGCCTCTTCGGCGGCTATATCCATGCCTTCACGGAGAAGACGCGATTCGAGCAGACGGCGGAGTACACGCCGAGCTTACAGGAGGCAAAAGATTACCTAATCAACGAAGAGTCGGCTTTCATCACGAACCTGATGGGGAACCTCGCCTTCAAGATTTCCTACGCCGTCGTCTACGATAACCAGCCTCCCGTCGGGTTCGGGAAATATGATCGTCTTTTTAAGACGGCGCTGCTCTATACCTTCTAATATTGCAGAAAGAGGTTGCCCGGCGCGGGTCCGCATCGCCCCGCCTTGGCGTCGCCCCCGACATCTGGTATGATCCTCCTATCTTTTTTCAGGGGAGGCTGTGATTCGATTTTCCCGATGGAACATCGGTCTTCAGACGAAGATTACCCTTTATGTGATCGGGATCGTCGTCTCGGTCCTTTTGATCGCAATTACCGCTTCCCGGTTGGTTATCGAGCGGCAGGCCCGCTTACTCCTCCGGGAAGAATACATCACCCTCGTCAGGCAGATCGGGGCCGGCATCGGAACCCTCGGAGAGCTGCGAGATCGCCCGGTTTTAGAGAAAGAACTGGCGAAACTCCGGGAGATCGATCCGGAGATCGTTCTGATGGAGATTTTCGATTTGGGGCCGAACGTGCCTCAGATGACTGCCCAAAGCGGCACGGCGGTCAGCGGATTGAATCCCCTTCCGAGTGAATCCGAAATCGAAACGATCCGCCGGGGAAATCCCGTGGCGCATTTGGCGGAGCGAGAGGGACAGCTTTTTTGGGAAATCCAGGCGCCGGTCCGGATCGGACCGCAGGTTTCCGGCTTGGTCCTTGCTCAGATTTCCATGACGCGATTCGAAGCGCTGGTGGCGCGGGACCGCCTCCATGCCTTTCTGGTGACAGGGGCGGTCGCGGCGGTGATCCTGGTTTTCCTGGTCTGGTATCTGCGCCAGAGAATCGGACGGCCGATCGGGTTGCTGGTTACTGAGATGGCCCGCGTGGAGGCGGGCGACCTGGAACGGCAGGTTTCAATCGAATCCCAAGACGAAATCGGCGCACTCGCGGCGCAATTCAACCGGATGCTTCTGAGGGTTCGGGAGGGAACCGAGGCGGTCCGGCAGCTAAACGAATCGCTGCAGGGGAGAATCGAGCGGGCCACCGCAGAAGTCAACCGGCGTTACGAAGAGCTGGTGCGGGTGAACCGGCGTCTCTCCGAAATGCAGCTCCGGCTGGCCGACAGCGAGCGGCTGGCCGCGGCGGGGCAGATGGCGGCGGCGCTGGCTCACAAGATCGGGACCCCGCTTCACTCGACTCTGGGGCACCTGCAACGCCTGAAGCGGGATACCTCGACGGAAAAGCGGGAGGAGCGGCTGAAGATCATCGAGTCGCAGCTGGAGCGGATGGTTCAGAGCATCCAAGAGGTCCTCGAAAAGGTCCGCAAGCCGACCCCTCGGATGGCGCCGGTGGAGATCAATCCCCTTTTACAGGGGCTGCTCGATCTGGTCATGCCGGGGCTGTCGTTCCGCGGCATCGAGATGCGGACCTCTTTTGAGGCGCGGCTGCCGGCGACGCTCGGGGACAATGGGGAGCTGCAGGAAGCGTTTCTCAATCTTCTCACCAATGCAATGGATGCCATGCCGAACGGCGGGCTCTTGCGTTTGGAGACCCGATCGAATGACGGAACGATCCGCGTCACGATCGCCGATACCGGCATTGGAATCGCCGAAGCAGATCTGGAAAAGATTTTCGAGCCGTTCTTCTCGACGAAGGAGCCGGGAAAGGGAACCGGTTTGGGGCTGAGCATCTGCCGGAACATTATCAGAGCGCACGGCGGGGAAATTGAAGCGGAGAGCCGCCGCGGCGCGGGGACGACATTGATCATTACACTGCCGGTGAGGGATCATGAGACGAAATGAATCCGCTTCCGCCCGAATGTTGGCCGTGGACGACGACGCCGTCGCCTGCCAGCTGCTGGTCGAGATTTTATCGGAAGAGGGGTACACCGTCGAATCGGCCTCCGGCGGCCGGGAGGCGGTCGACCGTCTGGAGAAAGCATCTTACGACATGATCATCACCGACCTGAAGATGCCCGGCCTGGACGGTCTGGAAGTCCTGCGCCGTTATAAAGAGCAGAGCCCGGAGACGCTGGTGATTTTAGTGACCGCCTTCGGATCGATGGAATCGGCGATCGAGGCGATGAAGGCGGGCGCTTTCGACTATGTCAGCAAGCCGTTTCGGGAAGACGAGATCAAGATCGTCGTCCGGCGCGCTCTCAATCAACGCCGTCTGAAGAAAGAAAACGAGCAATACCGGCAGGAGTTCGTCCGGACCTACGGCCTCGATCAGATCGTCGGCCACAGCCGGCCGATGACCGAGGTCTACAAGACGGTCGCGATGATCACCGGCCAGAACAGCACCGTTCTCATCCAGGGGGAGAGCGGGACCGGAAAGGAGCTGATCGCGCGGGCGATCCATTACAACGGTCCCCGCGCGGGGAGGCCGTTCGTCGTGGTGAACTGCGCCGCCCTTCCGGAGCCGCTCCTCGAGAGCGAGATGTTCGGTCATGTGCGGGGGGCTTTTACCGGGGCGGTCGTGAGCAAAAAGGGGCTCTTCGAAGAGGCGGAAGGGGGAACGCTCTTTCTCGATGAAGTCGGAGAGATGAGCCTTTCACTTCAGGCCAAGCTGCTGCGGGCGCTTCAGGAGCGGGAGGTCCGGCGGGTCGGCGCCAACGATCCGATCCGGGTCGATGTCCGAATCGTCGCGGCGACCAACCAGCCGCTCGATGTGAGGGTGAAAGAAGGCCGGTTCCGGGAAGATCTTCTCTATCGCTTCCGCGTCGTCACGATTGCCCTTCCCCCTTTGAGGGAGCGGAGAGAAGATATCCCCCTGTTGGCCGACTATTTCTTGAAACAATATGCCGCCGAGGCCAAAAAGAGCGATCTCTCCTTTCATCCCCAGACGATCGAGGCGATGTGCCGGTACAACTGGCCTGGAAACGTCCGGGAGCTGCAACATGCAATCGAACAGGCCGTGGTCTTGACGACCGGCCGCATCATCCTTGCGGACGACCTCCCTCTGTCGATTCGGGATGTGGCGGTTACGGGAGAGGCGCTTCCTCCCTTTCCGCTCATGTCGCTCGATGAGTTGCAGCGGCATTATCTGATCCGGGTTCTTCGTGAAATCCCAAACCGAACCGAAGCGGCGCGGATCTTGGGAGTCGACCGAAGGACCCTCTACCGGATGGCGCGGCGGTACGGGATTTCTCTTGCGGACGAACGGGGCGAAGCGTCCCCCTCGTCCGAATAACAAGCAAAGACGCCCCACCCCCTGTGGCCGTTTGGCTTCTCCTCGCCCTGATCCTCTCTTCCCCCGTCTGTTCTTCTTTCATGCCGAACGGTTATTTCTTCTTGAAAGAATCAATAGATACGCGGCGGTTCTCAATTTTCCTTCGATCGGAATGCGGACGGCATCCCTTCTGCAATATGCTGCGGCGTGAGTCGTTTCAAAAGGCGGGGGTTCATTCTTAATGAAGGAGGTTTCATGGCTGGATCAACAAAAACGGAGTTTCAGGCGAGTGTCTATGCCGAGCAGGGTAAAAAAGAAATGCCGCGCTCTTCCACCGAGCCGTTGGGTGAGCGGTCGGGCGGTTCTTCGATCATCGCGCCGGGACTCGATCAATTTTATGAATTTCTTTACCGATACGGTCTCGCGCTCGTTCTTTTCGCATCGGTGGCCTTCAGCTTTTGGATGATTTGGGCGGTCGATTTCAGCGGTGGGTAAAGGGCGGCGGCGTTCTCCGAATGATCCGGCATGCGGCCGAGCGGGTCACTGGGGCGTCCGTCTGGCGATTTGGGAGGACCGTTGCCCACAGGAGCCATCGGGCCGACTGACGAGTTCGGTCCGATGGCTGTATGAATGCCCTCCTTTGTCACGCGTTCATCCCACCCCTTCTCAGGCAAGATCTGGTTCATCAGGCGATTGAATCTCTTCTCACTTAAAATCCTTCCATATTTTTTCCCCGACGAAGGGCACGTTTAATTATAAGAGAACGGTTTTCCCCATTCCCTTTCGTCTTGATCTCACCGATTCTTCCCTCATTGACCTCGCTCTTTCTACCGGGTTAGAATAAAAAACTGTTTTCTCATCCGCCCGAAGTTCCGCGGTCGTGGGACTTCGTGGCGCGATGCGTTAAAGACTTCCGGTTCACTTTCTGTTAAGATGAATGGGTTAAAACCGTTGGGAGGAGGAGAGAGCCCCCAGGCGGTATTTGAGAGGGAGGATCACGATGACGCCCCGCCGTATCTTGGTGGCCACCGATTTTTCAGAGTGTTCAAAAGACGCGATCGACTCTGCCGCGCGTCTGGCAGCGTGCTTCTCGGCAGAGCTTTTTCTGCTTCATGTGTTTGAGCCGCCGTTTTATACGCTGGAAGGAAAGGAGGCCCGCATTCACCCGGAGGTCGACCGTTGGGTT
CP114555.1_gap62	3036000	3037673	1673	CGAAGTTCGATCCGCTGGCATAGACGACCTTATAGGTGAAAATATGGTTCGGGTTCCATCCGTCGGGATCGATGCCGTCGGTGCCGAAGTATCCCCCTTCCGGCGAGTAGGAGAGGGTCGGAAGGCTGTTGTAATTGACCCGGATATACATTTGCGTGACGCGGATTTCTCTGCAGCCTGAAAAGTTGGTGCAGCTCTGGTTATGCTTGACCACACCTAGAAGACCCGCGACATCGTTCCAGGTCCAGGTCGTGCCGGTTTTGGGATTGATATTGTGGAGAGCACCGGCGTAAGTGGTGTAAGTACTGGTTCCGGGAGTGGTGTATCCGGTTGTGTAATCAGTTCCTCCGGCTTGGAGTCCGACCGAGAAGCTCACATTGCTGCTCCCGTTGTCCCGGACGATGGCAAAGAATTGGACCGAAGTGATGGCGGCGTTTCGGCTGATGTCATCCATATTCATATAGAGCCGATGTGTATTTCGGGTTCCTCGCGCGTAGGAGATGTCTCCATCGTAGCGCCAGGGAACACCGCTTAAATTGGGGGAGAAGGCCGCCGCGGTGGTCAGTGATGTGTCGTTTGCGATCGCCGTGATCCGTTGCTTCTGCTCCGGAGACCCGGCGGTGAGAATGCTTCCCACCGCTGCGGCTGAGAAATTGCTTCCGACGCCGGTGACTGTCGTGGAAGATGCTGCGTTCGAAAGGGTTCCATTACCTGCAAATCCGGCATCCAAGGCGGTCGACGGATCCTGATCTGTTCCTAAGAAGGTAAAGCCCGAAGTTTGAGCGTTCCTGCTGGCCGGATAGATGAGCACGCCGGAGCTGACGGAATCGGTCACGGAGGGGGCGAGGAAACCGTCGCCGTCTAGCGGCCAGAAGACCGCCGTGACGCCGTCGGTTGCATCGAAGGAGTAGGCGTGGGTGCCGGGATTGGGAAGATACACGGTCACCGTATATTGCTCGCCATTCGTATAGTTTCCGTCCCGCAGGCTCGCGGCGGCGCCGCCGTCGAGCGACATGGCGTAGACGGTCGTATTGTAATCGAGGAGAAGCCGGGGGTAGCCGGTGACCGGGGGATTATTGTCGGCGTCGGTGTAGACGACTTTATACGTGAACTGCGTGTCGACGGTTCCGGTGTTCGGCTCCACCCCCCTGAGCGGGAGATCGTTCGCGAATGTGAATGAAGCCGCGGAGAGATTGGGTGAAAAAGCCATATCGACGGTTAATGAAATATTGCTCGCGATGGCCGTCACCGTCCGGGTTTGGCCGGAGGCGGTGATCGTGCTTCCGACCTGGAGCTGGGTCGTGAAGCTGGTCCCGCTGCCGGTCACGGTTGTTGTCCCCGAGGTTGTTAAGGTGCCGGTGCCCGACCAGACGGAATAGGTGAACGCGGCCCCGGAGAGATTGGGGGAGAAGGGGGTATCGACCGTGAGACTGGTATTGTTTGTGACGGCGGTGACTGTTCGCGTCTGTCCGCTGGCTGAAGTGATGGTGGTGCCGACCTGGAGTTGGGTCGTGAAGCTCGTGCCTGTTCCGGTGACGGTGCTGGTTCCCGAGGTCGTCAGGGTGCCGGTGCCGGCCGACGTAAGGGCATATCCCGTCTGGCTTGCAAAAGAGAGGGTCGGCGTGTTGGCGGAGACGACCGGGCCGCTCAGGGTCCCGGAGAGGGGCGTTCGC
CP114555.1_gap63	3045191	3048327	3136	GCTCCGGTTCGACCCGGCAAACGGGGAGGGGCTTTCAGTCACGGCACCGTTCCGAGCGTTCATCCGTATGTGTTCGTCAATTATCTTGGGAACCCCCGTGACGTGATGACCCTGGCGCACGAGCTCGGACATGGGGTGCATCAGTGGGTGTCGCGCCGGCAAAATTACTTTAACTTCGATACGCCGCTCACCACCGCGGAAACCGCCAGCGTCTTTGCCGAGATGCTTGTCTTTCATCGGTTGCAGAGCGAAGAACAGGACCCGAAAAAAAGATTGGCGCTTCTGATGGAAAAACTCGAAGAGAGTTTCGCAACCATCTTCCGACAAGTGGTTCTCTGCCGATTTGAACAAAGGGCGCATGCGGCGCGAAGGACGGAAGGAGAACTCAGCCCGGATCGAATCAATCAACTTTGGCTCTCGGAAAACCGTGCGATGTTCGGTGACGCGTTGACGCTGACCGATGATTATCGATGGTGGTGGATGTACATCTCCCATTTCATTCATTCCCCTTTTTATACGTATGCCTACGCCTTCGGACACCTTCTTGTCCTCGCTTTGTATCATCAATATAGAGAAGAGGGAGAGACCTTCGTCCCGAAATATCTCGAGCTTCTCTCGGCCGGGGGCTCGCAACCGCCTAATAAATTAATCCAGGAAAAAATCGGACTGGATATTACGAAGCGTGATTTTTGGCAAGGAGGACTCCGTTTCCTGGAGCAAATGGTGGAAGAGGCGGAACATCTTGCCGAGAAAACAAAGGATAGACCGATATAGACCGATATGGATGAGGAGAATAGGGATTAAAGCATCTTCATTTTTGGACAAGGTCTTTAAAGTTTGATACACTTCTCCGAAAAAATGTAGAGGGAAATCGATGACGGCGACGAAATTAGAAGATCGGATCACCATTGCAATTATCGGCCTGGGCTATGTCGGCCTTCCTCTGGCGGTTGAATTCGGAAAAAAATTTAAGACAATCGGATTTGATATCAACGCAAAGCGGATCGAAGCGCTCGAGAAGGGATTCGATGCCACCCTGGAGGTTTCGGAAGAGGCTCTTCGCGCAGCCGAAAAACTCGTCTACACAACCGACCGGCAGGGGATCAAAGCGTGCAATTTTTACATCGTAACCGTTCCCACGCCGATCGATGCGCATAAACGTCCCGATCTCACCCCCGTGGTCAAAGCCACCGAGAGTGTCGGGGCGGTTTTGAAAAAGGGGGACATTGTCGTTTATGAATCGACCGTTTATCCCGGGGTGACCGAGGAGATCTGCGTGCCGATTCTGGAGGAGAAGTCGGGTCTGAAATTCAACCGCGACTTCTTTGCCGGGTATTCTCCGGAGCGGATCAATCCGGGAGATAAAGAACATACCGTCACCAAAATTCTCAAGGTCGTCTCCGGCTCGACGCCGGAGACCTTGGAGATAGTGGATGCCGTCTACAAATCGATCATTATTGCGGGGACCCATCGTGCGGAATCGATCCGTGTGGCCGAGGCGGCGAAGGTGATCGAAAATACCCAGCGCGATGTGAATATCGCACTCATCAATGAGTTGGCTCTTCTCTTCAGTCGTTTGGGGATCGACACGGAGGCGGTATTGAGGGCCGCCGGGACGAAATGGAATTTTCTTAAGTTCTCTCCGGGACTGGTCGGCGGGCATTGCATCGGCGTCGATCCGTATTATCTGACGCACAAAGCACAGGAGGTCGGCTATCACCCCGAGGTGATCCTCGCCGGACGGCGGATCAATGACGGTATGGGAAGCCATGTTGCGGAGCAGGTCGTGAAGTTGATGACGAAAAAGGGAATTCCGGTGGTCGGGAGCGACATCCTCATCCTCGGGCTGACGTTCAAAGAGAACTGTCCCGACATCCGGAACACGCGCGTCGTCGATATTATCCAAGAATTAAAACAGTACAATGCCCATGTGCACATCTATGATCCCTGGGCCGACGTTCAGGAAGTGGAGCATGAATACGGCCTCAAACTGGACGAGGCCCTGCATGAGCGCTACTATGATGCGATCATCTTGTCGGTAGCCCATCAGCAATTCAAGAAATGGACGGCGGACGACCTGAATCGATATGCCAAGGAGCGGCGGGTCATCTACGATGTGAAACATCTCTGGGATCGGTCCTGGGTCGATGGACGCTTGTAAGTGGAACGTTCAACGTGAATCGTTCTGTATAGACTGGAGTTCGTATTGAAAGTCTTAGTTACCGGCGCGGCCGGGTTCATCGGCTTCCATCTCTCATCGCGGCTCCTCTCCCAAGGGCATGAGGTGGTCGGCCTCGATAACTTAAACGATTATTATGATGTTTCTCTGAAACAGGCCCGGCTCAAGCAGCTCGAAGGAAACGCGGCCTTTCGGTTGGTGAAGGCCAATCTGGCGGATCGGCCCAAGATGGAAGAGGTGTTCCGGAGCGAGCGATATGAGCGGGTCTTCCATCTCGCCGCGCAAGCGGGGGTCCGCTATAGCCTCACTAACCCGCATGTCTATATCGAAAGCAACCTGGTTGGATTCCTCCATATTTTGGAAGGATGCCGCCATTCCCAAGTCCCCCACCTGATTTATGCCTCTTCCAGCTCGGTATACGGCGCCAACACACAGATGCCATTTTCGGTCCACGACCGGGTCGATCACCCGGTTTCACTCTACGCCGCCACCAAAAAAGCAAATGAATTGATGGCGCATACCTACTCTCATCTTTATCGAATCCCGACGACCGGCCTCCGTTTTTTTACCGTCTACGGTCCGTGGGGACGGCCCGATATGGCGCTCTTTCTTTTCAGCAAGGCGATCCTGACGGGAAAGCCGATCGAGCTCTTCAACTTCGGAAAGATGGAGCGCGATTTTACCTACATCGATGACATCATTGAAGGGGTGGTTCGCGTGGGGGAGAAGATTCCGGCCCCCGATCCGAACTGGAGCAGCCGAAACCCCGATCCGGCCACCAGTTCCGCCCCATATCGCATCTTCAATATCGGAAACAATAACCCGGTTGCACTTCTCAAACTCCTCGATACGCTTGAACAGTGTCTGGGGAAAAAGGGGGAGCGGCGGCTGGTTCCGATTCAGCCGGGAGATGTTCCGGCGACCTATGCCGATGTCGATGATCTGATGAAGGAGGTC
CP114555.1_gap64	3063263	3064635	1372	TCCGAATCCGGAATGTCCCCTTCAAGGTGATCGGAACCCTCGCCTCGAAGGGTCAATCGATGCAGGGTCAGGATCAAGATGATGTGATCCTCATTCCCCTCACGACGCTGCAGAAGCGGATCATGGGGGTGACCCACATCGGGACGATCCTCGCTTCCGCAAATTCTCCCGAAGAGACGGCCACGGCGGAGGAGGAGATTCAGCGGTTGCTCCGGCAGCGCCATCGCATCCTGCCGGGCCAAGAAGACGATTTCCGCGTCCGCAATATGACGGAGATTGCCAGCGCGGCGGAGTCTTCTTCCCGGATCATGACCCTGCTGCTTGGGAGCATCGCCTCGGTCTCTCTGATCGTCGGCGGGATCGGCATCATGAATATCATGCTCGTCTCGGTGACCGAGCGGACCCGGGAGATCGGCATCCGGATGGCGGTCGGCGCGCGGGGCCGCGACATCCTCCTTCAATTTTTGATGGAAGCGGTCGTCCTCTCCCTGATCGGAGGGTTGCTCGGCATCGCCCTCGGGATGGCCGGCTCCAAGATCATCTCCACCGTCGTCCAATGGCCGACCGTGGTCTCTCTCCGGGCGATCCTCTTTGCTTCCATCTTCTCGATCGCCATCGGGATCTTCTTCGGGCTTTATCCCGCCCGCCGGGCGGCCGCGCTCGATCCGATCGAGGCGTTGCGGTACGACTGAGAAATCGCTCCCGCCGGACGCATGAACAGTCCCAAAAAACACCTATTTTCTTCTTGAACTGCTCAGACGCTTTCGGTTAGCATGAATTGGCCGACCGGGATGGGCCCGGTGGGGCACTGTATTTAAGAGAGGAGTATTTGTCTCGAATGTTTCACACGCTGCAACCAATTCGTTTTGTTGTGTCGCTTTTTCTGTTGATGTCGTTCATGACCGCCTGCGGCGGTGGGGGAGGGGCTTCGTCTGATTCCGGTACAGGAAAGGCCGCCATTCTTCTCACTGACCGAGCTGAAGAGAAGATTACCGATCATGAGGGGAATGTCATCACCACGGCACAGGAGATCTGGGTAACCTTTAGCCAAATGGCTCTAAAGCCGGTAAAAGGGCCGTGGGTTTCCGTTTTCAACGGACCGCCCGATATTTCGGTCAACCTGTTGGCGCTTCAGGGGAAGGCCGATCTGATCGATGTAGTCGATCTTCCGGCAGGGGCTTATGATAAAGCACGCATCAAAATCGAGAGCGCTTGGTTTATCGATGCGGAAGGGGTCCGGCATGATGTGATCGTCCCTTCGGGGAAGGTGACGATCAAGTTTAAACGTCACCTCATCATCCGAGCCAATGATGAGACCGAGGTCCTCTTTGACTTCGTCCCGGGTAAATCGATTCATCTGATCGAAACCGGA
CP114555.1_gap65	3257411	3259837	2426	GTATCGCTCTCTTTTCACGGTGGTCACGTAGAGGAGCTCTCCATCGGCGACGATGGAAGCGATTTGGGAGACCGGCAAAAGAAGAATATTCTCCTTCTGTTTGACCGGGATCCTTTCCAGATATCGCCGATCGGAGCCGTTTCCCGCGCCCCCCGCCCGCTCGGGCGAGGGGTCCTCTTCGAGAAGATCAATCAGCTCCAGCCGTTTCATCGCGCGGCGGAACAGATCCCGAAGCCGGCCCCGGTCGATCGGCTTGAGGAGGAAATCGAAGGCCTCCACCTCGAAGGCCGAGACGGCGAATTTGTCATGGGCGGTGACGAATACCACCAAAGGGCGCGGCTCTTTCTGAAACGAACGGGCGACGGCCAGTCCGTCGAGCCCCGGCATTTGAAGGTCCAAGAGGGCCAGGTCCGGTTTCGTCCGCTTGATCAATTCGACCGCCGCAGGACCGTTCTCCGCTTCCCCCAGAAGCTCGACCTCCTGAAACGTCTGCAGCAGTTTCGTCAGGTAAAGCCTGGCGGGCCGTTCATCGTCGGCAATCACCACACGAACTTTTTCACTCATACACTCTTCCCGCCGATGCCGGCTCTCTTCGATGAAATCTCGATCGGAATTTCCTCCTCCCGCACCGGGATCGTCACTTCGGCGACGGTGCCAATGCCGGGATTGCTTCTGATGCGAAGGCGGCCGGACGCTCCGTAGTGGAGCCGAAGCCGTCCCTCCAGATTGGCGAGCCCCACCCCCGCCGCCCGGCCGCCGGAGAGCTGCTCGGCCGTGGCGCCGACACCCGTGTCGGCCACGGTTAAATGAAGCAGAAAGCCCGAATGCGGTTTCTCATCGATTGTTTCCCCCTGCGCGCAGAGGGTCGCCTGAAGGAGGACCTCCGCCCCCTGCAGGCTCGGCTGAACTCCATGTTTCACCGCATTCTCGATGAGAGGCTGAAGCAGCAGCGCCGGAACTCTCAAGTGAAGCAGCGCGCGGGGGACTTGAATACGAACCTGCAGGCGCTCTTCAAACCGCGCTTTTTCTATTTCGACATACGCTTCCACCAGATCGATCTCTTCACCCAGCGTTGAAAATTCCCGTCCCAACCGGCCCATCGCCGCCCTAAGCAGCTCCGACAATCTGAGAAGGGTCTGCGACGCGCGGTCGGGCGACGCCTCAATCAAGTAACCGACGGTGTTGAGCGCGTTGAAGAGAAAATGCGGATTCATCTGAGAGCGAAACGCGCGAAGCTCGGCTTCGTTCGCCAGCTTCAATATCTCCTGCTCGCGAAGCGCCTGTCTGCACCGCTCGTGCGTATTCCGGAGCGCTTCGATCCGCAGGGAGACCAATAAGGCGACCGATTCGAGCACGAGGAAATCTTCGGATAAAAGACGGCGCTCTCCTGAAAGCTCTTGAATGAGCAGGAAGTAGCGGGGCGCTTCCGAAGTCTGAATCTGGACGATGACGGAGGGTCTGGACGAGGGAGCGTTCCGGGGGACGAATGATTTCTCAAAACCGGGGAGCATCTCCTGATCCCCTCTGAAGACGACCGGTTGAGCGGGAAGCACCCTCTTTTCCTCGCTCGACGTCGGGTCGATTGAAATCCAATGAATGTGGGAAACTCCCAACATTTTCTTCAACTCGACGCAGACTTCGTCGAGAATCTGATCGGGAGCGGTCAGGGTATTCATCCGGGCGGCAAGGGTTTGTTTGGCTTTTTGATAGTCTGGGCGCCGTAGTATCCACGAATCGACCAGATAGGCAACGGCGCGTTGAAGCGATGGATAGATGAGGGCGGTGGCTCCCCAGAGCGACATCACAAGCAGGGCGGCCCACGGATCGATCTTTTCCCCGGGAAAGAGGGGGGCCGCCGCAAAAACCGCCAGCGCCATGATGATGACGACGAGGAAAATCAGCGCCAGCGCCCGCTTGAGAAACAGATCGGCGAAGGCGAACCGATGGTCTTTGTACAAGATCACCAGGACGAGCGGCAACGCCGCATAATGACTGATCAGCTCGGCTCCCCAGGGGAGCGACCCCGAGTCGTGAAAACTCATTGGAAACACTCCGACCGAAGCGATCGACAGACCGACCATACAGACATCGATTCTCCCCTTCGGTTGCTTCAGCATCGGAAGGAGGAGCGAGGCAAGCAGGAGAAGAAACCCGAGGGTCAGCAGATACAATCCGTTTAAATAAGGGGAGGCGCCATGAAGGATCGCTTCTGCGAAATGCATTCCTCCGCCCGCCGCGCCGAGGAGATAACCGAGGGCGATCCATATCCCTGCCCTCCGACGGCGCATCGACCCGGCCTCGGGAGTCAAGACCGAGTGAATGACGACCGCGGGGAGTAGCCCGAGGGCGGCGAAGGCGGCCGACGCGACATATGAGGTGAATGCGCCGAACCCCAGTTGAGTCAAGGCGAGAATGGCGAACGACCC
CP114555.1_gap66	3392446	3395785	3339	TTTACGGAAATTCCCCCTTCATCAACGAGCCCATTAAGCGATTGGGTCCGCCCTGGGTGATCGGACCGGTTTGACCGATAGCAATGAATCGTGTAAAAAAAGACCATAAAATTTTAAAGGGAGTAGACCTGACTGTCAAGTTTACGAGGTATTCATTTACATTTTTTTGCGGTAAGGAATCGGTGAGTTTCTACCAATACCGGCTCCGGCGGATTGCGGTCGTCGGGGAATGGGTCGATAAAGGGACCATCAGCCGGGGTCGCCTGGTCCTGCCGTAAAATTCAACCGTGATCTGATCATTGCCGGTTTCAACGATGCCAATGGAATCTCAAGATCAGCGAGCCGACCGATTTGATTTCGACCGTCCTCGGAAATGACCTCGTCATTGGGAGCGATACGAACGAGGTGATCACACCGCCGGAGGTTTCCAAGGGCGGAAAATAGACGGTAAGGCCGGATATTCCTCTTCTCTTCCGTATTCCCTACGAATAAAACACTTGACATTATCGGCAACCTATTGTATTTTATGGCCAATTTGCAAGCTCTCCGAGAGAGAGACTGTCTTCAAGAATAAACCCAGCCGAAATGGACCGAAGAAAGGGGTCACGATGAGAAAAGCCGACATCGCCAATGAAGTCTTCGACAAGTTAGGAATCTCTAAGAAGGAATCGGCCGATATTCTTGAAGTCATACTGAATTCAATCAAGGAGGTCCTCAAAAAAGGGGAGATGGTCAAGATCGCCGGTTTTTGGAAATTTTGTCGTTCGACAGAAGCGGGCTCGGAAGGGTCGAAATCCAAAGACAGGCGAGGAGATCGGAATCACCCCCCGCCGCGTGGTGACATTCAGACCGAGCCAGGTCTTTAAAAAGTTCGTCAACCAATAGGCATAAGGAGAGGATGCAGGACAAACTCTTTTATAAGATCGGGGAGGTCAGTCAGCTCACCGGCCTGGAAGCATACGTCCTTCGTTTTTGGGAATCGGAGTTTCCGGCCCTTCATCCGAAGAAGAGTAAAGGAAACCAACGGGTCTACACGAAGCGGGAGATCGATCTGATCCTTCAGATCAAGAAGCTCCTCTACCAGGAGGGGATGACGATCGCGGGGGCGAAGAAGAAATTGAACGGCGCCCCCGCTCCATCGGATCCGCCGATGAGAGAACCCCGTCACGAAGAGACCCTCGATCGGGTTCGAAGGGAACTGGAAGAAGTTTTACACATTTTAAGTTAGGCGGGGCGTAGCGCAGCCTGGTAGCGCACTCGTTTGGGGTGCGAGTGGTCGCTGGTTCAAATCCAGTCGCCCCGACCAATTTGTAGGTGAGCGGTCCATCTTTCGTGAAGAGAGGTCAGACCGCTCACCGACAGGCCCAGGGTCATTGAGATAAGATCTGAAAGCTGCTTGGCAGCTTTTTTTGTTTTGTGCAGGGGCGCCGCGCCTCTGCTCCGGTAAGGGTAGAAAGGTTTTTGTTTTGAGCAAGAAGGAAAAGCTCATTCTGGCGACGAATGATGACGGCGTCCACTCGCCCGGCCTGCATCAGCTGGCCGACGCACTCAAAGAGGTCGGCAAGGTGGTGGTGATCGCCCCCGATCGCGAACGGAACGCGGCGGGCCATGCCCTTACCCTTCATAAGCCCCTTCGCGCCGACGAGATCCGTCCGGGGGTGTTCAGCGTCAACGGGACGCCGACCGACTGCGTCAATCTCGGGGTGCTCTACTTATTGAAGAGCGCGCGGCCCGATTTGATCGTCTCCGGGATCAACAAGGGGGGGAATCTCGGCGACGACGTGACCTATTCCGGGACGGTCTCTGCGGCGATGGAGGGGACCCTTCTCGGAATTCCTTCGATCGCTTTCTCCCAACTGGGCGACGGCCAGTATCACTTCGAAACGGCGGCGCGGTTTGCCGTCGGGCTGGTGCGGCTGGTTCTGAAGGAGGGGCTTTCGCGGGAGGTCTTCCTCAACGTCAATGTCCCGAATCTTCCCCCGAACGAGATCAAGGGGGTTCGGATCACCACGCTCGGCAAGCGGGTTTTCGACGACAGCACCATCATAGAGAACACCGATCCGCGCGGGAGAAAATATTTCTGGATCGGCCTCAACGGAATAAAATGGGAGAAGCGGGAAAATTCCGATCATGAGGCGGTCGAGCGCGGGGAGATCTCGGTGACCCCGCTTCATCTCGATCTCACCCATCACGAAACGGTCGAACGGCTCCGCTCCTGGAAAGAGCAGCTGGAGACGGAGATCGGTTGAGGTGAAGGCTTAAGCAAAGGAATTTGCCATTTTCCATTTGTCATTTCTCATTTTAAAAAATGGTAAATGAAAAAAAAAAATGGAAAATCGCCTCACCCTTCGTTTGTCTGCGTTTTTGCATAGGACAGAACAACCATGAATCATTTTGAGACCGCGCGGCGCCGCATGGTCGAAGACCAGCTGATCGCCCGGGGGATCAAGGACGAGCGGGTGCTGGCGGCGATGCGGAAGGTCCCCCGGCATCTCTTCGTCGAGGAGGCGTTTCGCGACCGGGCCTACGGCGACCATGCCCTTCCGATCGGGGAGAGGCAGACGATCTCCCAGCCGTACATGGTGGCGTTGATGTCGGAGGCGCTGGCGCTGAAGGGGACCGAGAAGGTGTTGGAGATCGGGACCGGATCGGGCTATCAGACGGCGGTGCTGGCGGAATTGGCGGCGCGGGTCTGCTCGATCGAGCGGATTCAATTCTTGGTTTCGAAGGCGTGGAAGATGATTGAAGAGCTCGGCTACCGGAACGCCGTCATCCGACAGGCCGACGGCTCGTTCGGCTGGAAAGACGAAGCCCCGTTCGATGCGATCTTGGTCGCCGCGGGGGCGCCTCAAATTCCGTCGGTCTTAATCGATCAGCTCAAGGTCGGCGGGAGGATGGTGATCCCCATCGGAGAGCGGACGTCGCAAACGCTGAAGAAGATCGTCAAGGAAGAAAAGGGGCCTGTCACCGTCTCGATCACACCCTGTCTTTTTGTTCCTTTCTTGGGGGCGTCCGGTTGGAGCAAGGATGAGGAATCGACGGGAACGGACGCTCATAAATGATACCGTCTGCATCTTGACACCGCAGCCCGCCTGAAATCATACTAGGCCGTTCAGCAGGAATAATCGATGCTAAAAATCAGCAATACTCTTTCAGGCGAAAAAGAGCCGTGGTCCCCGATGAAGGACAAAAAAGTCCGCCTCTATGTCTGCGGCGTGACCGTCTACGATCATTGCCACCTCGGCCATGCGCGGTCGGCGATCGTCTTCGACGTGGTTCGAAACTATCTGGAATACAAGGGGCTTTCGGTGCGTTACGTCAAAAACTTCACCGACGTCG
CP114555.1_gap67	3544142	3548966	4824	GGGTCGCGATGGAGAGGGTATACATGGTCGGAACGTTTTTAAAGGGACTGGATAATTCGATATCCGAGATATACTGTTTCCCTTCCGATGCGTTGAGAACGTCCTTCCACCAGGGTTGGTCTCCATAATAAATCTCCATCGGCTCCGTGGTCGCCGCCACGACGATTCCCTTCTCGTCGATGACCAGCGTTCCCAAATCTTCCTCGGTCCGTCCCGGTTTGACATGGAATGTTTGAAGGTGGTGGGAGGCCGGGTTTTGCAGCAAATGCGCGACAAGAAGGGAGCGGGTCGACTCATCGCTCCATTCGGCCCGCATATGAGCGACCCGGTCGGGGTGCTGTTTCGGCGGGGGAAGATCGTACGCTCGGTTCGATTGATGAAGAATATCGAGGATGTCCGGAGAGGAAGTGAAGGCGTAAGCTTCTTCGACGTGATGTTCCAGAAGCCGGGTAAAGTTCTTGCTGGTTTCTTCGGCGGTATGCTGGAATTCCAGCCCGATGCTTTTTTCGATGGCGCGCTTGCCGACGATATAGATCACCGTTAGTCCCAGGACCCATGTCAGCCCGGCGATCAAGAGGATGGAAAAAATCATCCGGGCCTGAAAACTTCGGGTGATTTTTATCATGCGAACGGTATCCCGGGGACTAATTTCTACGTAAAAAGCGGGGCGTGTAAAATGTCCTCATTCTATCATTCAAGATGGGAGATGTCAAAATGACAGGGGGGCATCTCTGATTTGAATTTACCCTTTGTTTCTGTTAGGCTTCGTCCGCTTCACGAGGTGACCGGAATGTCGAAAGAGGGGAAAAGAAGAGTCGTTTTCGGGGTCACCCTACTTCTGATCGTGGGACTCACGTATGCGATCGGCCGGCGGTTGGAGTTCCCAACGGTAAAGATCGAGCTCGATACGGGCCTCTCTCGCCTTCCATTCTATGCGGTCTATTCGCTCCTCCGGATGTTTTCCGCCTATCTCCTTGCCTTTTTGTTCTCCGTCTTCTACGGGTACATCGCTGCAACCGTTTCGAAGGCGGAGGGACCGATGATCGCCATCCTTGATGTTCTCCAATCGATCCCGATCCTCGGGTTTTTCCCGGTGGCCGTCTTTTTCTTCGTCAATCTTTTTCAGGGAAGCCGGTTGGGGGTCGAACTTGCAAGTGTTCTCTTGATCTTCACGTCGATGGCATGGAACATGGCCTTCGGCACGTACGAATCGTTCAAAACCGTTCCGAACGATCTGATCGAGGCAGCCGACGGGCTCGGCCTTCAAGGTTGGCCCAAATTTAAAAAGGCCCTCTTTCCGATCTGCATCCCGCGGTTGATTTATAACAGTATGATCTCCTGGGCCGGCGGCTGGTACTTTCTGATCGCCTGCGAGATTATCGCCATCGGTTCGATCCGGTATCATCTTCCCGGTTTGGGGAGCTTTTTGATCGAATCGGTCGAGGAGGGAGAGCTGGGACGGACCTTCTACGGATTGTTCATGTTGATCGTGATCATCGTCCTTCTCGATCTTTTTATTTGGAGGCCGCTCTCGGTTTGGGGAGAAAAATTCCGGTATGAAAACATTTCCTCGGAGACGGCTCCTCCCGAGTCCTTTGCGCTTCAGTGGTACCGCAGGCTCCGGGTGACGAAGCGATGGCGAAGGATCAGACGGGTTCTTGCAAAACCGATCTTCCTCATCGATCCCCGCCGGTATCTTCCGCCGACCGGGAAAAGGATGGTCCAAGAGACCCGCAAGAGGATCTGGCCCCGTCTCCGGAAAGGGATCGGTTATCTCCTCCTCGGAGGGCTCTTCCTTTTGATCGGGTGGAGCTTCGTTCTGCTTGTGAACGGATTGGGGCAACCCTTTCCTACCGAGGCGACGCAAATCCCGGTGGCCCTTCTCGCTTCGTTTTTGCGATTATCGGTGGCCTATCTGATCGCGCTCTCCTGGACCCTTCCGGTCGCCTTCTGGGTGGGAGAGAATCCGCGCGCCCTCCGAATCGTCACCCCGATCGCCGAGATCGGCGCGTCGATTCCGGCCACGGCCCTCTTCCCCTTCTTCATTGTCTTGGCTGTTCATGTGCTGGGAGGGATGAACGGCGCCGCCATTCTATTGATCTTGACCGGGATGCAATGGTATCTTCTCTTTAATTTGATCGGGGGGGTTCAAAATATCCCGGGCGACCTCAAAGAAGCGGCAAAAGGGTTGGGGGTTTCAAGGTGGCTCTATTGGAAGCGGCTTTATCTCCCGGCCATTTTCCCCGCCCTCATTACCGGGAGCATCACCGCCTGGGGAGGCGGATGGAACGCACTGATCGTTTCGGAATATGTCGTCTATCAGCGAGAGATCTATTCCGTAACCGGAATCGGGGCGATGCTCGACCGGGCGATCTATGAATCCGGAAACGGGCAGATGATCTTGTTATCCCTGGTGACAATGGTCCTCGCCATCACATTGCTCAATCGGTTTTTCTGGAGAAGACTTTTTGTCTATGCCGTAGAGCGGTATAAGATCGACTATTAAAATGAAATTGCTCGAAGTCGAAAAGATCTCCAAATCATTTCATCAGAACGGGGTGCCGATGCCGGTTCTGAGAGAAATCTCCTTCAGCGTTAGGGAGGGGGAATTTGTCGCTTTGGTCGGTCCCTCCGGCTCAGGAAAGAGCACCCTCTTGAGAATCATCAACGGTCTGATTCCGCCGACGGAAGGAAGGATCCTCTATCAGGGAAGAGAACTCCGCTCCGTCAATCTCGATTCGGCCATCGTTTTCCAATCGTTCGCGCTTTTTCCTTGGTTGACCGTGTTGGGAAATGTCGAATTGGGCCTCGAAGCGCGCGGGCTTCCGGTGGAGCGGAGGAGAAAAAAGGCGATTCACTTCATCGAGAAGGTCGGGCTTGACGGCTTCGAAGAGGCTTATCCGAGGGAGCTTTCCGGGGGGATGAAACAGCGGGTCGGCATCGCCCGCGCCCTGGCCGTGGAGCCGAAGCTCCTCTGCATGGATGAGCCGTTCTCCGCCCTCGATCCCCTCACCTCGCTGGCGTTGCGGGAGGAGGTCTTGATGTTGTGGGAGGACAAGTCGATGCCGGTCAATACGATTATCATGGTGACCCATATTATTGAAGAGGCGGTCTTCATGGCCGATCGTGTCTTGGTCATGTCGCCCCATCCGGGGACTTTGGTGGCCGATATCCCCATCAACGCGCCCCGTCCTCGCGACCGGAAAGATCCGGTCTTGAGTGAGTTCAGTGACCGCATCTTTTCATTGATGGCATAAACAGCGATCTGCGATCGGCTTTTCTCCGGGCTCCGAAAGCCGAAATCAATCGCTTTCTATAAGGAGAAAGTATGGAAGTGGAACCTTTGCCCCACGGTGTTACGTCGAGCAAAGTGATTGGACTGCTGGAATATCTGGATGACCATCAAGGGAAGGAAGATATCTATAAACTGGCAGAGGCGATTCATTACGAATTGGGAGAGCTCCTCTCGGTGATCAAGATGGCCGAAATGCTCGGCCTGGTGGAGACCCCCGGAGGAGATGTCGTCATCACCGATTTGGGGAGGAAGATTCTCAAGAGCAAGGTCGCGCAGCGAAAACTGATCATTCGAGAGCAATTGAAGAAGCTGAAAATTTTCCAGCACCTCATCGAGACCTTGCAGAAATCGGAGGAGGGACGTCTCAGCCGGGAGGTTGTTTTAGAAGAGCTTGCCCGTCTTTATCCTCATGAAAATGCCGAGGTGCTCTTTAAGACGATCGTGAATTGGGGGCGGTATGCGGAATTATTGGGGTACAATCCCGACACGCAGACCCTCTACCTTGATGAGGAGTCCTTTCCGGCCCCGCCATAGAACGGCTTGTATCGCCCTCAGTGATTTGGAGAGGCGCATCTCATCGTGAGGGTTCTTCCCGCCTTATCTGTAAGTGCAACGCTTGTCATCGCACTACACATCCCGCGTGATCTCTTCCCATAATATTTGTAAGGGCCGGCCGCTTTTTCGGGCGAGCCGGCGGACATCTTCGAATTCGGGCCGTTTCCGAACGACCCGTCCATTTTGAGAAGCGGTCTTCACGCGGATCGATCCATGAGGGGTCTTCTCTTTTCGGATCTCCCGCTCCAGCTTCTTCCGTCCGACCCGGAGGATCCGAGCTCCCAACGTAGTCGTCTCCGTAAAGAGGGTCTGGAGGAGATCGTGTTGTGCGGAGACGGGACTCAGGAGGGTCAGCAGGATCGCGGGCCGGCTCCGCTTCATAATGATCGGGGTTAAAAAAACATCGAGCGCGCCGGCCTGGAAGAGAGTTTCCATGACATGTTCGTACATCTGCGGATTCATATCGTCGATGTTGGTCTCGATCTGAACGATTTCATCTTCGGAGAGGGGAGACGCTTGAAGGCCGATAAAAAGCCGGAGGAGATTCGGCGTCGTCCGCTCGGCGCTTCCCGCGCCATACCCGATCTTCTCCACCGACATCGGCGGGAGAGGGGTAAACGCCGAAGCGAGGGTGGTGATGATCGCCGCGCCGGTCGGTGTGGTCAATTCCCCCCGGAGGCCGGTGGCATAGATCGGCGTCCCGCGAAGGAGGGCCGCGGTGGCCGGGGCGGGGATCGGAAAAAGGCCGGCCCGGGTTTCGACTTCCCCGGTCCCGACGTGGATCGGAGAGGCGATGATCCGATCGATCTTCAGGAGGGAGAGTCCGATCACGGCGCCGGTCACATCGACCAGAGTATCGACCTCGCCGACCTCATGCAGATGGGTCTGATGGCGTTTTCGTTCATGCACCGCCGCTTCGGCTTTGACCATGCGATTGAAGATCCCCAACGCCCGATCTTGTATCGGCCGGGAAA
CP114555.1_gap68	3556772	3559391	2619	CCATGAACCAGGTGGTGGAGCAGATGCGGAAGGTCGCTCCGGGGAAAACGACGGTTCTCATCGGCGGGGAGAGCGGGACGGGGAAAGAGCTCTTCGCGCGCGCCATTCATATGTTGAGCCCCCGCCAAGATAAGACCTTTGTCGCGATCAATTGCGCCGCGATTCCGCATGACCTTTTGGAAAGCGAGCTCTTCGGCCATGAGCGAGGAGCCTTCACGGGGGCGGTCGGGAAGAAGATCGGAAAGTTCGAGCTGGCCGATAAGGGAACGATCTTCCTGGACGAGATCGGGGAGATGGACCTGTCGCTTCAGTCCAAGCTGCTGAGGGTCTTGGAAGAAGAAGAGATGATGCGGGTAGGGGGGACCGTTGAGGTGAAGATCGATGTCCGCGTGGTGGCGGCGACGAATCGCGATCTGATGCAGCTGATTCAGCAAAAGACGTTCAGAGAGGATCTCTACTACCGCCTGAATGTTTTTCCGATCGTCATCCCTCCCCTTCGCGACCGCCGCGAGGATATTCCGGCCCTGGTCGATCATTTTATGTCTTATTATTCCAAGGAAATGAAGAAAGAGGTGAAGAAAGTCTCTCCCGAGGCGATGGATCTGTTGATGACCCACCCCTGGACCGGGAATGTCCGAGAACTGCAGAATGCTATTGAGCGGGCGATTATCCTCAGTGACGGGAACGAACTCCTTCCCGAGCACTTCGGTTTGAAGACCAAGCCTCCAGGCGATTTCTCTCTTCGAGATGTCTCGATCGAAGGGACCCTCCAAGAGGTCAGCGAGAATGTAACGCGCCTGGTGGAATCAAAAATGATTCGAAAAGTTTTAAATGAAACCGGCGGGAATAAAACCCGCGCGGCGGAGATCCTGCAGGTGAGCTATAAAACGCTGCTGACCAAGATCAAAGATTACGGTTTGGAGAAAGGAGATGCATGATATCTTCTGAATCTTTCTGAATACAATCCGCCCGTGGACTGTATCTGTTCAGTCCTCCGGTTCTCCCCTTCTTAAAGACCTTCCTCGACAATTCTCTATCAAAAGCTTTTCATTTTCTTCGATTTATGCTACTTAGGTGTCTCCTATTAAGTTGGCATCCTTGTTGCTAATGCTCTTCGAGTATCAGAGAGATCACTCGGAGGGAGCGACATGGTCCACTTATCCCAGAAAGGTTACACCTTGATTGAAACGATGGTGGTGTTGGCGATTACGACCTCTTTATCGGTGGTGGGGGTGGCCTCGTTCTCCAACCAAATTGCGCACAACCATCTGACCGACGCCGGCCGCCAGATCATCTCTGATTTGAGACTGATTCGTCAGAAGGCGATCGCGGAGGGGATTGCCGGCCCGATTCAGTTCCATCCGGACGGTCGAAAATACAGCGTCCCCGGTGTAGGGGAGCGGGCCCTCCCCCCTCAGATCCGGTTCGGTCTCAGAGAGGGGGTCCCACCTCTACCCGATGCCGTCCTTCCCGACGATGGGATCAGCTTTCGGGAGAATACGATTACTTTCCAGCCGAACGGAACGATCATGGGGCTTGGCGGGACGGTCTACCTGACCAACGATTCGGTCCATCATGAAACGGTTGCGGTCTCCGTCGTCACCACAGGGCGGGTCAAAATTCGAAAGTGGAATGGAAATGCGTGGCGTTGAAAAAGACCAGAGCGGTTTCTCGCTCCTTGAGGTTCTCATCGCAATGTCGATCCTGTCGGTCGGGCTGCTCGGCGTGATCGGTTTTTTCGAAGTCGGCTTCAAGGCGCTTCGAGCCGGAAACAGGCAAGGTCTTGCGGCGCAGTTGGCGCAAGAGAAGATGGAAGCGTTTCGCTCCGCCGACCCGTCCCTCCTCTCCGGGGGACAAGACGAACCGGAAGGAATGGCAAGGCGTTGGACGATTGAGCGGAGCGGGAGAGATCCGAGGATCTGGATCGTCGAAGTCCAGGTCGATTGGGGAGGCGGCCTGGCGCCGAACCGGACCGTTTTGCTCAAAAGCTTCGTGTTCCATTAACGGGGACAACGATGTGCCGAATCTCGCAGAATGAGGAGGGGGCGACCCTGATCGAGCTGTTGTTTTCTTCGATCATTCTCATCGTCGTGACCGCCTCGTTTTATCGATTGCTCCTTGCGTTTTACCAAAACTACCAGAACCAGGAGGAGATCGCGGAGATGCAGCAGCAGGCGCGCGTGGCCGCGGACCTCTTGTCGAGGGAGATCGAGGTGGCCGGATACGATCCGACCGGATCGCTCTTTTCGTCGGAAGGTCTCCCGAACGAAAACAAGCTGACCAAAGGAATGAGCCGGGTCGGTTGTGAACGGAGAGCTCATCCGGCCGAGCGAATTCTGGAGGCGACCCCTGTTGTTTTTCACCTTTTGGCCGACCTGAATGGAAACACCGTCCTTGATGATTCTATTTCCACACTAAAGGATATCGATGAAGATGTCCGTTATGAATGGGTCGGGGCGAGCGGGATCGATTCCTGCGGGATTCGAAAAGCGCCGTTCACCCTCTACAGGGATACGGGAGGGGGCGGAGGGGGGCAGGAAGTCGCCTTTACGATCGATCAATTTAAATTGGTCTATTTTGATGAACAGGGGCGTGCTCTTCCCGAGCGGGCTCTGAGTC
CP114555.1_gap69	3654078	3657916	3838	CTCCGAAATGCTGGAGATCGACCCCCGGGTCAAAATTATCATCGTCAGCGGCAACTCCGACCGGGCGAATGCCCTCAAGGCGATCGAGCAAGGGGCCTATGATTTCTTCACCAAGCCGATCGATCTCGACGAGATCCGTGTGACCCTCCGGCGGGCGATTCACCTCTTTCAGTTGGAGGAGGAGAATCGCCAATTAAGGAGGCGTCCCACACTTGAGGGAGGGATGATCGGCACCAGCCGGGTGATGGAAGGGCTTTATGCAACGATCCGCAAAGTTTCAACGACCGATATCCCCGTTCTGATTACCGGCGAGAGCGGCACCGGGAAAGAGCTGGTCGCCCAATCGATCCATCAGCATAGCGCCCGGAAGGACGGTCCTTTTATCGCGATCAATTGCGGCGCGATTCCGGAGAACCTCTTGGAAAGCGAGCTCTTCGGCCATGAAAAGGGGGCGTTCACGGGGGCGCACGCGCAGCGGAAGGGCCGGATCGAATATGCGGCGGGGGGGACCCTTTTTCTGGACGAAATCGGAGAGCTTGGATTGGGCCTTCAGGTGAAGCTGCTCCGTTTTCTTCAGGAGAAGACGATTGAGCGCGTTGGCGGAAGGGAGAGTCTTCATATCGACGCGAGGGTGATTGCCGCGACGAATCGCGATCTGAAGGAGAGGATGGCGAGCGGCGCTTTTCGAGAGGACCTTTTTTATCGTTTAGGGGTCGTTTCTATTTCGGTTCCCCCCTTACGTGAGCGAAACGGGGATCTTCTCGTTCTCACCCGCGTCTTCATCGCCCGTTTTTCGGAAGAAACCGGAAAGAAGGTGAAGGGGTTAACCCCTGCGGCCGTTGAGGCGCTCACGGCCCATTCCTGGCCCGGGAACGTCCGTGAACTGGAAAATAAGGTCAGGAGGGGGGTCGTGATGACCGACGGGGTTCATTTAACCCCGGAAGACCTGGAATTGGCCGTACCGAATGAAGCCGCGCCCCTTCCCAGGCTCAAGGTGGCAAGAGAAAAGCTGGAGCGGGAGTTAGTCGAGCAGGCATTGGCGCGTCTGGGGGGAAATGTCACCCAGGCGGCATCCGTCCTTGGAATTTCACGGCAGGCCCTCCACGATATTCTTTCAAAGCACAAAATCGATCGAACGTAAGACCGCCGACAGAAAAGTTGACACCTCTCCCTCCCCCTTATTTATCCGATGTAACTGATTTCTAAAGAGATTCTTATAAAGCCCCTTTCTAAATCGATTCCTAAGAGACGGAAAAGTTGACACTCTCACTTCCGGGATTAAAATGCTTCGGAAGTGTTCGAGGCGAAGAGATTAAATTATATTTTAAAAATCAATGTCTTAGATGTAATGTTTTTTTCCATGTTGCTGTGTGGCATGTGCTTTGCTCTTAGAGTCCCCGAGTTTAGATAAACAAACAATCCAACTAGGCAAGGAATCGAAATGATGAATCTAAAGCGGAAATTCCGGACAGCGATCTTGAGTGCGCTCTTGCTCTCTTCGCTCACATTGCTCTTCAGCTCCCCTGCGTTGGCGGTTCCCATCGTGTTTAACTTGGGATACGGCGGGACGGTCTCTTACGCGGGCGGGAACAGCGCGTTTACAACAACGAACGGGGCGGTGACCTCGGTCGGAAATGGTTCGACGACCCTCGCCATTGCAGGCGGGGATCTTGACTTCGCCACCGGAAACCTTATCGGCGGCGGTGCGACGGCGACCGGGTTTGAGAATGTCTATGCAGCGGGCGGATCGGTGACGATCTACGGAGATGTCGGGTCGGGCTCGGTTCTGCTCATGCAGGCAGACTTCGCCGATACCTCCACATTCGCTTGCTGCTCGGGGAGCTCGCCGGTTCTGGTCTCTTCTTTCAGCGGCCTTCTCGATATCGCCTACGTCGATCCGACGCTGGCTGCGGCGCTGAACTTTAATAACCCCCCGATCGGCGGATCGATTGCCCAGGTCGAGATCTTCTTCGGCGCTTCGCCCACGACTTCCGGAACGGCCTTCTCAGGAACGCAGGGTGGGGGAGCCGTGGCGGTCACCGATACGGCGGTGGTTCCCGAACCGACGACCCTTTTGTTGCTCGGTTTCGGCATGATCGCGATCGGGATTTGGGGTCGCAGGCTGAAGGGAAATCTGGTTCAGACAAAGTAAGTCCGGACCCACGGTAAGAAACAAACAGTAAAGAAACAAAAACAGATGAAACAAAACAGAGGAATCTTAAATATGAAGGATTTCAGAACAATGAAGAAAGCGGCCGTGATCGTGGCCTTGTTTGCCCTCATCGTCGGGTTCTCCAGTCTCCCCGCGTTGGCGGTCCCGATCGTCTTTAACTTGGGCTTTGGCGGGACGGTCTCTTATGGGGGTGGAAATAGCGCGTTTACGACGACAAACGGGGCGGTGACCTCGGTCGGAAATGGATCGACGACCCTTTCTATCGCGGGCGGAGATCTCGACTTCGCCACCGGCAACTACATCGGCGGTGGATCGACGGGGAGCGGTTTTCAGAATGTCTACGCGGCGGGTGGATCTGTCAGCATCACCGGAAACATCGGTTCCGGCTCGGTTCTTCTGATGCAGGGGGACTTCGCAAATAACTCAACATTTAATTGCTGCACCGGCTCTTCACCCGTGTACGCCTCGTCATTCGGCGGTCTTCTTGACATTTCTTATCTTGATGCCGATCTGGCTGCGGCGCTTGGTTTCAATCTCCCGGCCTCCGGCGGATCGATCGCCCAGGTGGAGATCTTCTTCGGAACCTCTCCCACAGCCACCGGGGTTGCTTTCTCCGGAACACAGGGGGGAGGAGCGCTCAGCGTTTCGGAAGTGCCGGAGCCGGGCAGTCTCTTGCTTCTCGGATCGGGTTTGGCGGGTTTCGCAATCTGGGGCCGTAAGAAGCTGGCGATCAAGCGATAATATTTTTTAGTAAAGATTTTCGTAAATGAAAGAGGGCCGGGTAACCGTCGGGTTATCCGGCCCTCTCCGTTTAGAAAGTGAATGAACCGGGATGCGACCGGAAGCGGTTCGCCCTCCCGATTTCAAATAACGGTTCTTGCATCTTCCCCCCTTTATCTTGTAGGCTAGCGTTCCATGGAATCATTTCGCTTAAATAAAACAGTCGCCACCCGCGTCGCTCTAGGACACCCCTGGGTCTACCGGAATGAATTGCCCGATTTTCCCCCTGATTTCCCGTCCGGAGCATTGGTGGAGCTGGCCGATTTCAGGGGTCGGTTTCTTGCGATCGGATACTGTAATCCGAAATCGGTGATTTCGGTCCGTATCCTCTCCCGGGAACGGGAGAAAATCGACGGCGACTTTTTCCTAAGAAAGATCGCGAGCGCCGACGCTTACCGAAAACGGTTTTATGCCGGGGAGGAGAGTTATCGGGTTGTTTACAGCGAGGCGGACCTCCTCCCCGGGCTGATTGTCGATCGATATGGATCCGATATCGTTATTCAGGTCTTGACCGCCGGGATGGAGCGGCATACCGAATCGATCCTTGCTGCGATCGAGTCGCTTTTTTCGCCTCAGACGATCGTCGCCCGCAACGATATTCCTTCTCGCGCCCTGGAGGGGCTTCCTGTCGAGCGGAAGGTCCTTTCCGGGAAACTGGAGCCGCCCGTTGTGATCTTGAAGAACGGCCTTGCCTTTGAGATCGATCTATTGGAAGGTCAAAAGACCGGATTCTTTTTGGATCAATCCGAAAATTACCTTCAGTTGGAGGGGCTCGTTGCCGGGGGAGAAGTGCTCGATACCTTCTGTTACACGGGGGGGTGGTCGGTGCATGCGGCCCGATTCGGCGCCAAAGCAGTGATCGGGATCGATGCCTCGGAGGGGGCT
CP114555.1_gap70	3660399	3664347	3948	ATCATCAATCGGTTCAAGAGGCCGCTTCGGGTCAGATATTCGGGTTGAAGGTGCGCGATCACGTAAGAGAACACGACCAGATCTATCGGGGTTAACGCCCCCTTCGACCCATCCTCCATCGACTGATCGGACGATGCGTCTGCGCGCAGGTACGATGCCGTGTCAACACGAGATCCGGATGCCGAGAAACATTTTAATCATGGTCTCGAATTATCCAAGAAGGATAAGGAAGGGGCGCTCGCCTCTTTCCGAAAAGCGATCGCGCTTTCGCCCGATTATGCCGAAGCCTATTACAATGCCGGCGTCGTTCTCGGCAACCTAGGCCGTCCGGAAGAGGCGGCGGAGGCGTTCCGAAACCTGATCCGCATCAAGCCGGAGCTGGCGGAAGGCTATTTTAATCTCGGCACCCTTTATGGGGTGATGGGAAGAAAGCAAGAAGCCGTCGAGATGTTAAAGCGGGCCGTCTCTCTGCGCCCCGATTATCACGAGGCCCACTTCAACTTGGGAATTACCTATATCAGTCTAAAGAATCAGGCGTCGGCGCTGGAAGAATATAAAATCCTCTCCGATCTCGATCGTAAACGGGCGGAGCGGCTCTTCGGTCTCATCTATACGTAGTCCCTCCTGACCTCTTTCCCTTTTTTTTTGGCTCTTACTTGCATTTTCATTTTCAATCGATTTACACTTTGAGAGGTTTATATCTGAACGTGATCCTTCAACGAGGAGGGCGCCATGGCGACCTACATTATGCTCAGCACGCTGACCGACGACGGGAGCGAGACGCTCAAAGAAAATCCAAGACGGCTCAAAGAGGTTAATAAAGAGATCGAAGGGATGGGGGTGAAGATCATGAGCCAGTACGCGACCCTCGGGCCGTATGATTTCGTCAACATTATCGAAGCGCCCGACAATGAGACGGTCGCGCGCCTCTCCGTCGAGCTGGGAGGGCGGGGATCGGTCAAGCTCTTGACGATGCCGGCCATTCCGATCGACCGGTTTATTGCAAGCTTGCAGCCGCAGAAAAAATAAATTCGGTCGGTTAATTCTTGTCCAAGAAGGCCCGTATCTTTCGGAAGACCGCGTCGAACATCGGCTCCGTCAAACGGCCGGTCTGCGTGTTCTGGCGGCTGGGATGATAGGAAATGAAGAGGCGGAGCTCCGAGCGGCCGATTTCATAAGCGGCCGCATGTTGAAAAGGAGCCGCGGCCGCCGGAAGATCGATCCCGTGCGCCTCGGGAAGGGCGGCGCGAAATCCGTCCAGGGCGATTTTCCCAAAGACCAGGACCGCCTTCACCTTCGTCAGAACCCTTAACTCCTCCACAAGATAATGCCGGCACGTTTCGATTTCGGCCGGCAGCGGTCTGTTGTCGGGCGGGGCGCAATGGACGACCGCGGTCAGGTAGGCATCTTTCAATTGGAGGCCGTCCTCCCTGTGGAGTGATGTCGCCTGACTGGCGAAGCCGGCCTTGTGAAGGGCGCGAAAGAGAAAGTCGCCGGAAGCATCTCCCGTAAAAACCCGGCCGGTCCGGTTGCCGCCATGCGCGGCGGGGGCCAGGCCGATCATCAGCAGCCGCGCATCGGGATCGCCCCATCCGGGAACCGGCTTTCCCCAATACGCCTCATCTCGATAAGCTCTTCGTTTCGTCCGTGCGATCTCGGAGCAATATTGCACCAGTCTGGGGCAGCGGGTGCAGCGGATGACCTCTTCCTGGAGGAGTGCGACGGTTCTCTCTTTCATCCGCCGGATCGTATCAAATCAGGCTCGATCTGACAAGACTTCTAAATTAATGTTATTCACTCCGTCGAAAGAGTCCGACCTGATAAGGAGAGAGTCGAAGTGTTGTCGCACGATCTTTTTCCAGACTCGCGGGAAGAAGTGTCTCTTCCGATCCGCCGAATTGTTTCTCCTGGCTGTCGAGGAGCCGTTCCCATGTCCCTCCGGGAAGGGAGATCGGGAGGGAGACGATTTTGGGATTAAAGCTGAGAACGATCAAAATATTATCCCCTCGTTGGAGCGTGAGACAGGCCTCCTGATCGTGTCCCTTCACCGAAGCCGATCCCCCTATCGTATGAAGACCGGGCTCCGACTTCCGAAGCGCGATGAGCCGCTGATAAAATGCGAAGAGCCGGTTGTTCTGTTCCTGGAAACGTCGTGAGAGATCGAGCTTGGACCGCTGAAACGTCTCCTCCGACTGTGGATCGGGAACCTCTCCCTTCCATCCGAATCCGATCGCTTCTTCCCTCCGTCCCTTTCGAACCGCCTCTCCGAGAACCGGATCCTGATAGTGTGTGAAATATTGAAAGGGGGCGGTCTCGCCGTACTCTTCCCCCATGAAGAGAAGCGGGAGATTCGGGGCGAAGAGGACCGCGGCGGCGGCGAGTTTTTGCGCTTCAAACGAAACGAGCGTCGAGAGCCGATCTCCCAATACGCGATTGCCGGTCTGATCGTGATTTTGAGAGAAGACGACGAATTTTGAGGGAGGTTGGTCGTCGGAGGGGCTCCCATGAATCCGGTCCCGGAACGGAGAGTAGACACCTGCCATGACGAAGCCCTTTTGGATCGCCTGCGCCATCTGATCAAGCCGTCCGAAATCTTGGTAGTAGCCTTCCCGCTCTCCGGTGAGCAGCGTGTGGAGGCAATGGTGAAAATCGTCGCTCCACTGGGCATCCAACCCGTAACCTCCCTGCGCGGGCGCGCGGATGATTTTGGGGTCGTTCAGATCGCTTTCGGCGATCAAATAAACCGGCCTTCCCAGCCCGCGGGCCGTCTCGTCCGCCTCCTCCTTCATCTCCTGTAGAATGTGTTTGGCGGAAAAATCATAGATGGCGTGGACGGCGTCGAGACGGAGGGCGTCGATGTGGTACTTGCGGATCCAGTAGAGGGCGTTGTCGATCACGTAGCGGCGGACGAAGTCCGACCCGGCATCGTCGAAATTCACCGCATCTCCCCAGGGGGTCTTGTACTTCGACGTGAAGTAGGGGCCGAACTCTCGGAGGTAATTTCCTTCATGTCCGAGGTGATTGTAGACCACATCCAGCACCACCGCCAGGCCGGCGGCGTGACAGGCGTCGACCAGCCGCCTCAGCCCGTCGGGCCCACCGTAGCTGTTTTGCGGGGCAAAGAGATGGACGCCGTCATAACCCCAGTTTCGGCGTCCGGGAAACTGCGCCACCGGCATGATCTCCACGGCGGTGATTCCGAGATCCTGCTTGAGGTAATTCAGGTGAGGGATGATTGCATCAAAGGTCCCTTCCGGGGTAAAGGTCCCAGGGTGGAGTTCATACAGGATGTACTCTTCGAGCGGGATGCCGCGCCAGCTCCGATCCGACCAGACAAAGGCATCCGGATCGACCACTTCGGAGGGACCGTGGACCCCTTCAGGTTGAAAGCGGGAGTAGGGGTCGGGGCGATCTTTATCGCCGTTGATCTGGTAATAATAGCGGGTGCCGGCGGAAACGTGGGGGACAACCGCTTCGAAGCAATGCCGCTCAGTCGCCTCCATTGCAATCTGAAGGGGCAGGCCTTGGCCGATGAGCTTGATCTGTACCTCTTTAGCATAGGGGGCCCAAACACGAAATGCGACGGCGCCGTCCTTCAAAACCGACGCACCAAACGACGGATGGTGTGAAAAGTTCGGGGTCCGCACGGAAATCCTCCTTCAGCCGGGTTATTGTCGTTCTTAATTGTAGCCAACTGAAGGAGGACGATGCAATAGAGGGGGGAGTTACTTCACCGCACCGGCGAGGAGAGCTTGATTTACCATGATGATTTTTCCATTTCTTCTGAAGCGGGCGATCTGTCCGGACGCTTCACTTTTGATCTCTTCCTGCTCGGTCGCGGAGAACCGGTCGAGCGGTTCCCGGAGGGTTCCCGATTCGGTATTGATGGCCCAGTACGTTTCAAAATCATCGAACGTATACGATAAGAGAAGCGGTTTGATCTCGAAC
CP114555.1_gap71	3732712	3737693	4981	GGAGCCGGCGGCGAAGGCGGTCCGTCCGAAGTTTTCGTATTTCCCTTTCGGCGGCGGCCCCCGCGTCTGCATCGGCGAATCGTTCGCCTGGATGGAGGGGATTCTCTTGATCGCAACGCTTGCCCAACGCTGGCGGCTGCGGTTGGTTCCGGGGCATCCGGTGGTTCTTCAACCGCTGATCACGCTGCGGCCCAAACATGGGATGATGATGACGGCGGAGAGAAGGGGATGATCTTTTTGTAGGGGCGATCCTTGTGATCGCCCTTTTTCTCCAATTGATAGGGCGAATACACGATGATAGAGTGCAGGCAAGATTCGCCCCTACCTTTTAACTCTTTTCTTTTTTTGATCTGCGGCCCAAAGCATCTGCCGGAACATCGCGCGCAACAGTTTCACCTCTTCCGAATCAACCTCCGCCCGCATCAAAATTTCCCTCAGCCTTCTTATCGTTTTTTTCTTTGCAGGCGGTTTCAAAAAGCCGATTTCTTCCAGCGTCCGTTCCATCTCATGAAAGAAAGATTCCGTTTCGGCAACAGAGGCGATCCCTGGCGCGGGCCGGCCGTTCGGATCGGAGGAGGGAGAGGGGGGAGGGTACTTGCCCGGTGGAGGGCGGCGGCGACCAGCAAGACCGCCTGAGCGAGATTCAGCGAGGAGAAACGGGGGCCGGTCGGGATGAAGGCGGTTCGGTGGCAGCGGGAGAGGGCTTCGTTAGAGAGGCCGGTTCCTTCCGGACCGAAGAGCAAGGTGATCTTTTGACGGCCGGCCCGCTCCCAGATCTCCGGGGCCAGGGTCTCGATCGATTCAACGCCGGTCCCTGTTCTCTTTCGCCCGCTGATGCCGACAACCCACTCCGTTTCGGAGAGGGCCGCGGAGAGATCGGGGAAGAGCCCCGCTTCGTCGAGCACCTCGCGGGAGCGGTAGGCCATCCGGATCGATTCCTCGCCGCGCGGATCGGCCGGAGAGACGAGGGCCAAGCGGCTGAACCCCATGTTCTTCAGGGCGCGGGCCGCGCTCCCGATGTTGCCGGCGCTTTCGGGTAAGACAAGACAAAAGGTGATCCGATCGATGCGTGATGAAAGAGGGGGGGGCGCGCTGTCCACGATCGATTCAACCGGCCAGGTCGCACTGTTGAGGGAGCCAGAGGGTAAATTGCGTTCCGGCCCCCGGGGTGCTCTTCACCTTGATCTTTCCCCGCAGCCGTTGAACGACGTGGTGGACGATCGTCAGGCCGATCCCGCTTCCTTCATATCCCGACGTGTGGCTGAACGGATCGAAGATGCGGGCCAGCCGGTCGGCCTCGATGCCGATCCCGGTGTCCGTCACGACGATTTGAGCCCCCTCTTCTTCTTTCTCCTTCGCCTTCCGAACCCGGATCTGGATGCTCCCGGTCGGGGTGAACTTGGCCGCGTTGGAGAGCAGATTCGATAGGATATGTTTGATCAGATCCGGGTCGGAGACGCGGATGCGCACCCCCGGCTCGATCCGGCTCTCCGCCTCCACCTCCTTCCCGAAGAGGAGGGGAATCAGCTCGTTTTGGATCTGCTCCCGGACCAGCTCGCTCAGATCGACCTCGGCCGCCTCGGTCGCTTTGGAGCGGAACTGGTCGAGCCCCTTTTCGAGCATCCGGAGAAGGTCTTTCGAATTGGTAAGGATCCGCTCGACCGCCGACTTTTTCTTTTCGTCATCCAAATTTCCGTCCCGAAGGAGCGAGGCAAATCCCATGATGGCGTTTAACGGCGTTTTCAGGTCGTGAGAGGTGTAGGAGATGGAGGTTTGGTGTTGCATCACGTCTTCTCGAAGTTTCAGGTTGGTCCGGGAGAGGACCTCGTTCGTCCGGTGAAGATATTGGTAGGCCTCCCGGTTCAGCAGTCCGGCGGTCATTCGGGAGGAGAGAATTTCAAGGGGATCTTCCTCCTCGGGGGAGAGGAGCGGCCTGCGAAGGGCGATCAGCAGCACCCCCTTGGTGTACGTTTGGTAGGAGAGCGGCGAGAGGACCAATCTCTCCAACTCCTTTCCGGCCAAGATTCTTCCAAGAGAAGGATCGGCCGCGACCTCGGCCCGAGAGAGAACCGTCCGCCGCTGCTTTGAGAGCACCTGCGCCAGCAGCCCCTGGGTTTCCCCCGTGAGTGCGTCGGGGTCGCTCTCCAGTCCCGCAAAAATACCGCCGGTCATCGTCCAGCGGAAGTGCCCCTCCGACCGGTCTCGAAAGAGGACGGCGGCTCCCGCCGCGTCGAACATCTGCATGATCTTCGTCGGGATCTCGGAAGGGAAGGGGCCGCTTGAAAGGGAGGCGAAGAGAAGATTCCCGACTTCGGTCAACCGCTTGAAACGCTCTGCATCTTTGACCGCCCGGTCATAATAGTATTTTGACCGGAGGTTGCTGTGGACGCGGGCCAACAGCTCTCCCTTGTTGACCGGTTGGGTCAAATAGTCGATCGCCCCCAACTCGATGCCGCGGATGCGGCTTTCGAGATCGTAATAGGTGGCGGAGATGATGATGACCGGAATCACCTCGGTCTGTCGATTTTTTTTGAGGCGCCGGCAAACTTCGAACCCGTCCATGTCGGGCATATTGATGTCGAGGAGGATCAGGTCGGGCCGGTCCTCGGCGGCGCGGGCCAGGGTTTGGGCGCCGTTTTCGGCGGAGATGACCTGGAAGCCCTCGGTCTTTAAAATTTTCTCCAGGATATACCGGTTGGTTTCGGTGTCATCCACGACTAAAACAGTCGGCATATTCTCTTTCCCTCCTTCAGAATATGGGTGGATCGAATCGGCTTGGCTCATTTCCTTCGGCTCACATTTCTTAAGCGTTTGCGGTCGATCGATTGTCGCCGTCCTTGATAATTCGATAGACCGCGTCGATCACTTCCCGGTATTTGATCGGCTTGGAAAAATAATCGGCGCATCCGATGTTCAGACACCACTCCCGGTCTCCCGGGAGGGCGTCGGCGGTCACGGCGATGATCGGAAGAGAGGGGATCTTCTTGTGGAGGAGGGTCACCGCTTCGTACCCGCTCATGCCGGGAAGACGCATGTCCATCAGGACGATATCGGGTTTTTCCTTTTCGGCTTTGCGGACCGCCTCTTTCCCGTCGGTCGCCTCCAGCACCTCGAATCCTTCCTTGTTGAAAACACGCTGAAGGACATACATGTTCACCGGCGTGTCTTCGACCAATAAAATCCGTATCGGCATCGATCACTCCTGAAGCTTCGCGCCGACGCCTTCTTTGGCCATCGGAAGGGTGAAGGTGAAAGTCGATCCTTCCCCCACGCTGCTGTTGGCCCAGATCCTTCCCCCCATCAGCTCCACCAACTGTTTGGAGATCGAGAGTCCCAAGCCGGTCCCGCCGTATTTACGGGCGGGGGTGTTGTCGATTTGATGGAACGGCTCGAAGATGTAAACCAAGTTTTTCTGGGCGATTCCGATCCCGGTGTCTTGAACCGACACGGCGATTTCCCGATCCTCCGTCAGGGGCAGGGCCAAGCTCACGAGAATCGAGCCGGCGGGGGTGAATTTCACCGCATTGCTCAAGAGATTGAGAAGGATCTGCCGCACGCGCGCTTCATCGGCAAAGACCTGAGGAAGGGAGTCGGGGGCGACGAAGCGCAAGGTCAGCCCTTTTTTCTTCGCCAAAGGCTCCATGCTGGTGATCGTCTCTTGGACCACCTTGCGCAGATCGATCCACATCTTCTCGATCCGGACCTTTCCCGCCTCGATCCGGGAGAGATCGAGGATATCGTTGATCAACTGAAGGAGCCGCTCGCCCGAGTCTTGAATCATCGTCACCTGTTTTTCCTGTTCGCCGGAAAGATCGCCGTCGATCCGGTCGAGGAGGATCTGGCTGAGCGCCAGGATCGAGTTGAGGGGGGTTCTCAGCTCGTGAGACATGCTGGCCAGGAACGACGACTTCATCTGATTGGCGCGGGAGAGCTCGACGTTTTTTTCATCGATCTCGCGATAAAGGGCGATGATCCCTTCGTTGGTGACGTTGAGCTCATGGTTCAGCTGCTCGATCAATTGCTCTTTTTCCCGAAGCGTGGTGACGAGCTCTTCGATATCGGGCTGCTGGGCCAGGGTCTCGTGCAGGCGCTCCATCCGCCCTTCATCGAGCCCTTGCGCATGGAGATGCCCGATCTTCATTCGGCCGCACGTTTTGGTCCCTTTTCCCAAGACGGTCTGCATCCCAAATTCGTCCAAGAGGCGTTTTGCCGAAGCGATCCCAAAGCCGCGCCCCGGCTCGAAGCGGTAGGCCCCTTGCAGGATCTCGTCGAGATGGGCGATCCCCGGCCCTTTGTCGGAGAGAACGAAGGCGATCGACCAGGTGGATCCCTCTTGAACGGCAGACAGGGTCAGCTCCCCCGACTTGGCGTACTGGATCGTGTTGCGCATCAGCTCCGAGAGGGCGATGATCAGCCGGTTCTGCTCCCGGCGCGGGATCTCCAGATGATCTAGAACCGTCCGGATCTTGTTCCGAACGGTCAAGAGCCGGCTCTGTTTTCCGATCGATATCGATAAAATTTTCTTTTCCGTGAGGGAACCCATCATCATCCAATTCGCCCGACGACCACCGTGGCGTCGTCTTTCGGGCGGCCGTGGTCTCTCAACAGGAGAGAGCCGAGGAGAAGGGGAGAGGCCGATTTGCCGTAATCGGCCGGATCCCACTTCGTTGAAATCCCGTCGCTCGCAAGGACGAAGAAATCGCCCTTTTCGAACGGAAACGACTCTTCACGAAATCGCGGCGTGACCACCCCGAGCGAGCCGTTCATTGAGATCGGTCTGGCCGGGTGTGTCCCGTAAATCCGGCAATCGATGTTCCCGACCCCCGCATAGGTCGCCCGTCCATCTTTTAAGTCGATCCGGAGAATCCCGACGACCGCTCCCTGCGTCCGCTGGAGCGCGCGATGAAGCCGATCGAGGAGGGCGTCGAGGGGGAGCCGGCCGGTCCCATCGAGTCCCTCCCGCGCCGCTTGCGCCGCCTTT
CP114555.1_gap72	3858199	3859400	1201	CTCCTTCGGCCCAGACTTTTCCACCGTGGCGATGGATAATCCGCTGGACGGTTGCGAGTCCGATCCCCGTTCCTGCAAACTCTTTCAGGCTATGAAGGCGTTTGAACGGACCGAACAATTTGTCGGCATAAGCCATGTCGAACCCCGCCCCGTTGTCTCGGATAAAGTAGACCGGTTTTCCATTTTTTTTGATCCGGCCGAATTCGACGGTCGCGGTCGGCTGCTTGGAAGTAAATTTCCAGGCATTTCCCAAAAGATTTTCCAGGACGATCTTCAAGAGGCGCGGGTCGGCTGACGTTTTTAGATCATCCTGAATGAGAAAGGTGAGCTTCCGCTCCGGTTCGGCCTGTTGCAGCTCCGCCGCAATCGATCGCGCCAGAAGGGTTAGGTCCACCGTTTCTCTGCGCATTTCACTTCGAGTGACGCGAGAGAGATTCAGCAGGTCTTCAATCAATTCTCCCATCCGCCGGCTGGCGGCATCGACCCGTTGAAGAAAGTCCTTCCCCTGGGGGTCCAGCCGGTCGAGGTATTTAGTCAGGAGGACCCGGCTGAAGCCGCTGATCCCCCGCAGCGGCGCCCGCAAATCGTGTGAAACGGAGTAGCTGAACGACTCCAATTCTTTGTTGGCCGTTTCGAGTTGGGCGGTCCGCTCCGCGACCCGGCGCTCCAGATCGACATTCAGCTTCTTGATCTCTTCTTCGGCCCGCTTGCGTTCGGTCATGTCGGTCATGGCGCCGATCATCCTGATCGCCTTTTCCTGCTCGTCACGAACGACGTAACCGCGATCGAGAATGGTCGCGTCACTTCCATCGGCGCGGAGAAACCGATACTCGTCCGACCAGAATTGCTTGCCCTCTTCGATTGCCGCGTGGATACTCGCGGCAATTCGCTCTTTGTCTTCCGGATGGAGCCGATTTTTCCACGACGCGATCCCGGGCTCGATTTCTTCGGGTTTATACCCGAACAGGGTTTTGAAGTTTTCGTTCCACCAAACGGTATTCGCGATTAAATCCCAATCCCAAATGACGTCGTTGGTGGCGCGGGTGGCGAGTTGGAAGCGCTCTTCACTCTTTCGGATCGCTTCCTCCGCCTGTTTCCGCTCGGTGATGTCCTGCAAAATACAAGCGACCCGATCGATCCCCTTGGGACCTTGAATGGGAAAATACTGGATGAAGAGATCTCTTTCACCCAGCTGCGGGTA
CP114555.1_gap73	4041841	4043384	1543	GGCATAATCGAGTCCGAGCGACTCTTTTACTCGAGCGCTAAAATAGTCGAATCCTCCGGAGAGGACCGCGGTTCGATATCCGAGCTTCTTGAGAATAGAAACCAGCTCTTTTGCACCCGGCGTAAAAGGCATCCGCTTGCAGACCTTTTCAAGGACGCCGACCGGGAGGCCTTTTAACAGGCGGACCCGTTCTCGAAGCGCCTCCGGAAAGGAGATCTCCCCGTTCATTGCGCGATGAGTGATCGAGATGACCTTTTCGCCGACCCCCGCTTCTTTGGCAAGCTCATCGATCCCTTCGATCTGGACCAGCGTCGAATCCATGTCCATGACGATGAGTCGCTTGGCGCGTCGGAAGAGGTTCTCTTCCTGAACGGCGATATCGACCCCGAACTCGGCATTGAGGTGAAGCAGCTTTCGAGTCAGAAGGCGGGGGTCGATCGGCTTGGTTGTGGACAGGGTCAGTTCAATACATTCCAACTGCTTGCGAGCGATTGTGTGAATCTTCTGGATGTTGACACGCTCCTCGGAGAGAAGCGTCGCGAGCTGGGCGATGACGCGAAGGGTCACCGCGGGGCCGAGGCAGGTGACGACGTAATTCTGGACGGGGGCCTTTTTTAGAATCTCCGTCGGCCGGACGACTTTGAACTCCATTGACAGACCGAACTCGTGCGCCCGGAAGAGGAGGTCGCGCAAAAGGTGTCGCTCTCCCTCTTCCGCGCCGTCCAGCTCGATCAAAATGGAGAGGGACAAAATCGACTGGGTCACGACCTGTTCGATGTCGAGAAGCCGGACATCGGATTCAGCCATAATCTCGGTCAGCGCGGCGGTAATCCCCGGCTGATCGGGGCCGGTGACGGAGACAAGAAGGGCTTTTCTCTTCGGCATGGTTTTTCCTGATGACGGTAGAACCTCAGTGTTATACAAGAAAGAATAATCGAAGGCAAGCAGTTTTTGTCTATCGCCAAAGACAAGCGCGTCCATATTATAGGGATAAGAAGGAGGGGGGTATCCGACTGAAACTGATCCGTGCCGGTTTCATTCTTATAAATTGACACCGGTCGGTTTCTATATTAGATTAAGAAGATTTTAAAGGATTTTAATTCACGTGGGAACCCTGGATGGACAAAAAAGCGCTTGCGGAAATTTACCATGAAGAGACCAAATACCATGAAGCGCGGATGGGGAAGTTTCAGCGGCCGCTCGATTGGGGAGCGCAACCGTCTCCCTACAAAGAATATCACAGCGATAAAAAGATCGACCTGATCCCTTACCTTCCTTTTCAGAATAATCCCTTTACCGGAGAACCGCTCCCGCCCGCGAAAACCCAGGGGGGATATCCGTTCGGGATCGCAGAGATCTCGCGGTTGCTTTACTTCACCAACGGCGTCACCGGTATTCTGCAATACCCGACCGGCCAGACATTAACCCTTCGGGCCGCGCCGACCGCGGGGGGGCTTTATCCGACCGAGCTCTATGTCGCGATCCGCGGCCTCTCGGTCCTGGAGAACGGGATCTACAATTTTCAGGTGAAGGATCATTCGTT
CP114555.1_gap74	4045799	4048184	2385	AACCGGCGCTTTCTTCGGAAGGCACGCCGCTTGAAGCGCAGCTCCGGCTCCTGAAAAAATTAAGGGAAGAGGAGCTGATCACCGAGGAAGAGTATAAAGAAAAGAAATCAGAGCTGCTGAAAACATTGAAGTGAACGAGGAGGAAGAGATGGCGGATGTGACCTGTATTCGGTGCGGTCAAACGCGGGCGGAGATCGAAGGGATGCCGTACGGCGGAAAGGTCGGCGTGGAGCTCAAAGCGAAGGTCTGCAACGTCTGCTGGAAAGAGTGGTATGACATGTCGGTGAAGATCATCAACGAATACCGGTTGAATTTGCGGGAGCCGACGGCGCGGGAATTTCTGGCGACGCAGATGCGGATCTTTTTCAAAATGCAGGCGCCGCCCCCCGGCGACGGAATTCAGATTAAAGATACCCCCGAAAAAGCCTCCGGCGGATAAAAGAGAGGGTCATTGTTGTCGGCAAAACGCCTGCCAAAAAATCTGGAAGAAGATCGCGCTCGAATGGCCGAGATCCTTCGGCGTCTTGAGAAGCAGTTTCCGGAGGCCGAGACGGAGCTGACCCATGAGGATCCCTTTCAGCTTTTAATCGCCACGATCCTTTCGGCCCAATGCACCGATGCGCGGGTCAACCGGGTGACGCCGGTCCTTTTCCGGAGGTATTCGACGCCGGACGCGCTTGCGAAGGCCGACCGGGAGGAGTTGGAGTCGATCATTCGATCGACCGGATTTTTCAAAAGCAAGGCCAAGAACATCCTTGGCTGTGCGGCGGCGATTGTGGATCGCTTCGGGGGAAAGGTCCCTGTGAATATGGAGGCGTTGGTGACCTTACCGGGGGTCGGTCGGAAAACGGCGAATGTCGTTTTGGGGAGCGCCTTCGGCAAACCGGCCATCGTGGTCGATACCCATGTCCGGCGCGTTTCCAATCGGCTAAAGTGGACGCGATCGGAAGATCCCGATCAGATCGAGGTCGATTTGAGCCGGCTGTTGCCGGAGGAGGAATGGACGGTCGGATCGCACCGGATCCTCCTACACGGGCGGTATCTCTGTGTGGCCCGCCGGCCGCGCTGTCTGGAGTGTCCGCTGTTCGATCTTTGCCCGGCCGAGACGGAAAAAAAAGGGGCGGAAAGCCGGGCAAAGGGCCGCTCTCACATTGACAATACGGGGGGCAACGGCTATAATCAAGCCCCACCTTTAGTGAGTGAAAAATACAAATGATCCGAAGTATGACTGGCTACGGCAGGTCGGAGGGGAACTATAAAGGACGTCCTGTCGCGGTGGAGCTTCGATCGGTGAACCATCGCTACTGTGATGTCGTCATCCGGCTTCCAAAGCTGCTCGCGCCGCTTGAGGAGACATTCAAAAAAAAGGTGCAAGCGCGCTTTTCCAGGGGGCACATTGAGCTCTCCATCAACTTCAACGGCTCGGGAAATGCTCCGAAACAGTTCAAGCTCGATCTGGAGTCGGCCGAGGCGTACCATCGCATTCTAAAAAAACTGAAGACATCGCTCCATCTAAGCGGAGAGATCGACGTGGCGCTGATGAGCCATTTCAGAGAGATCATTACGACCTCCGAGCCGGAGGAAGACACGGCGCCGCTGGGACGATTTGTCGATCGGATGGTGGAGCGATCGATGCGTGCGCTGGAGAAGATGCGTAGTGAAGAGGGGAGGGCGCTCGGTGAAGATTTGGCGGGTCATCTCGATGAATTGGACCATATGCTGGGCCTCATCAAACAACAGGAGAAAAAGGCGGTCCAAGCTTACCATGAGCGGCTTCAAAAGCGGGTTTCCGAATTGACCCAAGGAATCGCCGTTGATCCGGCGCGTCTGGCTCAAGAAGTTGCCATTCTGGTCGACCGGAGCGACATCAGTGAGGAGACAGCCCGTTTGAAAACCCACCTGGAGCAGTTCCGAAAGATGCTCCAGAAGGATGAGGCGGTCGGGCGCGCCCTGGAATTTGTAGTGCAAGAGATGAATCGGGAAGTGAATACGATCGGCTCCAAGGCGAACGACGTCAACATCTCGCTGCAGGTGGTTGCCATGAAAAGCGTGCTTGAGAAGATCCGGGAGCAGGTTCAGAATATCGAGTAAGGTCGTTCCAACCGTGGCCTTGGTGATGATGCGGCCACCAGAGAGAAATCGTGCCGTTTAAGCTGGTGAATATCGGATTCGGAAATGTAGTCCCTGCATCACGGATCGTCGCCGTTGTCGCGGCGAACTCTTCTCCGATGAGACGCTTCAAAGAAGAGGCGAGGGCAGGGGGAAAGCTCGTCGATGCGTCCCAGGGGAGGAAAACGCGCACCGTGATCATCACCGACAGCGGCCATGTGATCCTCTCCGCCATTCAGCCGGAGACGATCGCGCAGCGATTCGCTTCGGATGAAG
CP114555.1_gap75	4052623	4054989	2366	GCCGGTTCAAATTCGAAAGGGGAGAAAGAAAGGGGAAGGGAAGTGATTTCAACGAGCGATTTTAAGGGTGGAGCCAAGATTCAATTGGATGGAGACCCGTACACCATTGTGGAATATCAACATGTAAAACCGGGAAAGGGAGGCGCTTTCGTCCGGACAAAGCTGAAGAACCTCAAAACCGGAAACCTGCTGGAGCGAACCTTTCGCTCGGGGGAAAAATTCGAGCAGCCCGATCTTCTTGATCGGGAAATGCAATTCTTGTATGCGGAAGGTTCAGAGTACCATTTCATGGATAACAATACATACGAACAATTGTTCATTACCGCAGAGCAACTCGGCGCCGCGAAGGATTTTCTCAAAGAGAACATGGTGGTGAGGATTCTTTTCTTTCAGGGGAAGCCGCTCGGAGTAGACCTGCCTCTCTTTGTCGAGCTGAAAATCGTCGAAACAGATCCGGGAATCCGCGGCGATACGGCGACAGGCGGGACAAAGATTGCAAAGCTCGAGTCGGGTGGAACAGTCAAGGTGCCCCTCTATATTGAGGAAGGAACGGTCATCAAAGTAGATACGCGAACAGGAACGTACGTTGAGCGTGTGAAGTAGCAATCGTTCGTTCCGACTCGATTCGGCTGCTGAGGCAGGGCCATTTCACTTACTGAACTTGTGACACTGAAGAGAGCGATCATGGACTTGAACGAAATTAGAAAATTGGCCGACCTGATGTCCGAGATGGCGCTGACTGAGATCGAGCTGGAAGAGGGCGGGAAACGGATTCGACTCCGCAAAGAGGTTCTCTTCGGAGCGAAAGAAAGAGGCGCGGCGCCGGCCGCTGCGCCCCAAATCGAAAGAGAGACGGGGACCGCCATCGAGACGAAGGCGGCGGAAGAGGGGCGTTATGCGATCGTCCGTTCCCCGATCGTCGGGACCTTTTATAAATCGGCTTCACCCGATGCCGACCCTTACGTCGAGGTGGGCGACGTCGTAAAAAAGGGGCAGATCCTCTGCATTGTCGAAGCGATGAAATTGATGAATGAAATCGAGTCGGACGTAGACGGCAAGGTCGCCGAGATTTGTGTGGAGGATGGGACGGCCGTCGAATATGGAAAACCTCTCTTTCGTATCGAGCCCCATTAACTTTCATCTTTTACTGCCGGCAAGCAAGATAAGTTTCCAGCCGATACTTCCGTTTTTTTAGAACCCATGGGTTGAGCACTGTGTTTAAGAAAATTCTCATTGCGAATCGGGGAGAAATCGCTCTCAGGGTGATCCGAGCATGCCGTGAGCTCGGGATCCAAACGGTGGCGATTCATTCGGAAGCCGACGCCGCTTCGCTGCATGTGCGGCTTGCAGATGAGAGCGTCTGTGTCGGTCCGGCCGACGCCACCCTTTCTTACCGGAATATTCCGAATATCCTCAGCGCGGCCGAGATCACCGGCGCCGAAGCGATCCATCCCGGGTATGGATTTCTGGCCGAAAACAGCCATTTTGCGGAAGTCTGTGAATCGGCCGGGATTAAATTCATCGGCCCTTTTCCAGAGTGCATCAGCTTAATGGGAGATAAAGCGAAGGCGCGGGAGACGATGATGAGGAAGGGAGTCCCCGTCATCCCCGGCAGCGAAGGAAAGGTGACCAACGAGAAAGAGGCGATCGAGATCGCCAAAAAGATCGGCTATCCTGTTATTGTCAAAGCGGTTGCAGGAGGAGGCGGGCGGGGGATGCGGGTGGTCCACCGGCAGGAGGATCTTGCGAAATCGTTGCAGACGGCTCAGATGGAGGCGAAGACCGCTTTCGGCGATGATGGGGTGTACATCGAAAAATATTTCATCGACCCGCGCCACATCGAGGTTCAAGTTTTAGCGGACGAAAAGGGGAAAGTGATTTACCTCGGCGAGAGAGATTGCTCTATCCAACGAAGACATCAAAAGTTGATCGAAGAGAGTCCTTCTCCCGTTGTCGACGATCGGTTGAGGCGCGAGCTGGGGCGGGCGGCCTTGGATGCGGTGAGCGCGTCACATTATGTAAATGCCGGAACCGTCGAGTTTCTCCTCGATAAAGATCATAATTTCTATTTTATCGAGATGAACACGCGGATTCAGGTCGAACATCCGATTACGGAGATGGTCAGCGGAATTGATTTGGTCAAAGAACAGATCAAGATTGCGGCGGGCAGATCGCTCGAATTCAAGCAGAGCCAGGTCAAGCTCCGCGGGCATAGCTTCGAATGCCGGATTAATGCGGAAGATCCTGAAAAGTTCACCCCCTCCCCCGGAACGATTACCTCCTTTCATCTTCCCGGCGGGCCGGGCGTCCGGGTCGATTCGGCGATCTACTTGAATGGCGTTGTCACCCCGTATTACGATTCGTTG
CP114555.1_gap76	4118968	4120319	1351	GGGGGCCGGGCATTCCGCCGGAGGAGGAGCAGCGGATCTTCGATAAATTCTACCGGACCGGTCCAAAGCGGACCCGCGGCGTCGGCTTGGGACTGGCCATCTGTCGGGGGATCGTGGAGGCGCACGGAGGCCGCATCTGGGTCGAGAACCGTCCGGACGGGGGGTCCTCCTTCCGGTTTACCCTTCCCGTCAGCGGAGAGCCGCCGCATCTTGAACCTGAAGAAGCGGAGAAGCAGGCGACCCAACCATGACCACTTCTCAACCGACGATATTGGTCATCGAAGATGAAACTCCGATCGGGCATTTCATTCAGACGACCCTTTCGGGCGCCGGCTATCGGGTGGTCGATGCCGAGACCGGAAAGGAGGGGCTGACGCAAGCAATGGCCTGGAATCCGGACGTGGTGCTCCTCGATCTGGGACTTCCCGATATCGACGGCTTGGAGGTGATCCGACGACTGCGTGAATGGACGTCCAAGCCGATCATCGTTCTCACCGCAAGGTCACAGGAGCATGATAAGGTGACGGCGCTTGACTTGGGCGCGGACGACTATCTGACGAAACCGTTCGGGATCGAGGAGCTTTTGGCCCGCATGCGGGTTGCCCTCCGCCGCACCGCCCGGACAGAGGCGGGGGAGCCGCTTTTCCAGATCGGCGATCTCCGGGTCGATCTTGAAAAGCGCCGGGTCTTTATCGCCGGCAAAGAGGTCCATCTCAGTCCGACGGAATACAAGCTGCTGGGTGTTCTGGTGCGCCATGCCGGAAAGGTCATCACGCATCGCCAGCTGCTCAAGGAGGTGTGGGGACCGCTTCACGCGGAGGAAGCGCAATATCTGAGGGTCTATATGCGGCAACTGAGGGGGAAGCTGGAGGAGAATCCGTCGCGTCCACGCTATCTGCTGACGGAGATCGGGGTGGGATATCGCCTCCGAGTGGACTAGAAATTCTCTGACCGACCGATCTGGAGCGAGGCCCCAGACCGGTCTTCCGATAACTGCAAGGGAAACCCGTGATCCACTTTTCGGGTCACCCTCACCGAGTCATAACCCCTTTCCCGGAGTTTTATTAGGACTTGTTGTTGCTGTGTGACGGGAACCCCCAGAAAGACCTGCCAGGAGGGGACGCTGATATAGAGGGTCGCTCCCGCTTCTTCAGCGACCTTCGTGATTCGAACCAGATCGTCTCCGGTGAGTCGATCGGCCCCCTTCATCAGAACAAGATTGACCTTTTTGAAAATCGTTTGACTTTTTCTCGCTTGAAGCATCATGCCTCCTCATGCCTCTTCCAATAGGGTAAAGGGGTCATTGCGTCTCTTCTTCGGGTCTGCCGTCTTCTGAGATTTCTGTTGATTG
CP114555.1_gap77	4151610	4152237	627	AACTCCGGCGATAGGATCGGAAGGTCTCTTCGGCCTTTTCGATCTTTTCATCGATCTGCGGATCGGTCAGCGGGGTAAACGTTTTGATAATTTCTCCTGTTGCCGGATTGATGGTTGCAACGGCCATCTCTTCCACCTCCAGACTGCTCTTCCTCCTCATTTTAGTGAGTCCCTCTGATTCAAACAATGATCTGAAAAGATGATGCCGACATGGGGGATCTGCGGAAACGATCATGTTTCTGAGAAGTTCCGAAGTCCCCCCATTATAAAGTTTAAGTAAATCTTTAGGTTTGTTCTGGGAAGTTAAGGCGGATCCGGATCATCAAATGCCCCTTTCGAGGCGTTGCTCTCTCAAAGCCGATTGAGTCAATATGAAAAATGAAAGAGGTCAGGAGGATGAAAGAATCAAACGGATCGGTGAAGGTATATCGTTACCTGAACCTGAGTCGAGGAGGAGGATCATGATGATGCTTCCGCTGCAAATGGTCGTACGGAATCTCTCACTTTCAGAAGCAGTCAAGGAGGATATTCGAGAAAAAGCTTCTAAGCTCAGTCGATATTATGATCCAATCGTGAGATGTCGCGTTATCGTAAATGCCCCGCATCGGCATCAGCGGAAGGGGCAAT
CP114555.1_gap78	4156954	4161855	4901	GTGAAGGGGTATTTTCCTGATTTTCGACCAACCGATTTCCGAGCCGAAAGGAGACCGGATCGGCCGCCCCGGCGGGGGAGACCCCCAGGTGGGCGAAGTGAAACCGGCCGGCGTCTTGAACGGTGGTTTGAAATCCGGGTGAAATCACTTTCAGCATCGATCTCTTTTCAAGGTGGGTGGATCTCATCGAATTCCGCGCGGGAGATTCTCCGGAACCGGACCTCCCCTCCGAGCGCGAGCAGGGAGGGAGGGTCTCTGTCGGGAACAAAAAGTCGAAGCGGTGTCCTCCCGATGATCCGCCATCCGCCGGGGGTGGCGGTCGGATAAATTCCCGTTTGATTCCCCCCGATCGCCACGCTTCCGGCCGGCACGCGTCTCCGCGGCGTCGCCAGGCGCGGCGCTGCGATTCGGGGCGACATCCCGCCGAGATAACCGAATCCCGGTGTGAACCCGATGAAGGAGACGTAATACTCTCCGGAGAGGTGAATGCGGATCACTTCTTCAGGAGATAATCCGTTCGTCGCCCCCACATCTGCCAGGTCGGGTCCGAACGCCTCGTCATAACAGACCGGGATTTCAATCAGGCAGGGGGGATCGGGCGACTCCGTTGTCGTATCGATCAGGAAATTCCGGACGGATGACTCGATCTCTTGAAATGTGGCGCGGAGCGGATCGAAAGTGATGAGGAGGGAGCTGTAGGCCGGATGAATGTTGAGGATCGCGTCAGGGGGCTGCTTCAGCAGGCGTTCTGTGAGCGCCCGCACACGTTGATGAAACGCCAAAGAGATCTCCTCTCCAAAAGAGATCAAAAGAGAGCGATCGCTCGCGGGGATGGTACGGTAGAGGAGGGGATCACGCTCCACGGTTCGGCTCCTTCTCATTGAGAGATCGATCGTGCCGACATTATAATCAATCTCGTCGTTTCATTCCAGTGAGGGGTCGAACCGGAGATTGATTTGACTCGGAGACCGGTTCAATGGCAGAATGGGGACCATGTCGCATCTACAAGATCAAGTCGCCATCATTACCGGGGGAAGCAGTGGAATCGGTTACGCCGTCGCCCAAGCGGCATTGTCCGAAGGAATGCGGGTGACGATTTCCGCCCGGAACAAAAACAAACTTTCCCGCGCCCTGACGGAGTTAAAGAAAGAAGTGAAAGGGGAGGATCGCCTGATTGCCGTCCCGGCCGACGTCTCTGTGGCGGCTCAGGTCGATGAGATGGTCAGGGAGACGATGAATAAATGGGGCCGGGTCGATCTCCTGGTGAACAACGCCGGCGTCGGCCAATGGGGCGCCATCGAAGAGATCAGCGAAGAAGATTGGGACCGGGTCCAGGCGATCAATCTGAAGGGGACCTTCCTCTGCACGAAGGCGGTCCTGCCGATGATGAAGCGGCAGCGCTCCGGCTACATCGTCAACATCTCCTCGTTGGCCGGGAAGCAGGGGATGGGAGGGGCGTCCGCCTACTCCGCGTCTAAATTCGGCGTCATCGGATTTACCGAGAGCCTCTTGGAAGAAGGGATCGAGCATCAGATCCGGGCGACGGCGATCTGCCCCGGTTTTGTGGCGACGCCGATGGTGGCCGGCGCGTCGGTGCCGCCGGAAGAGATGATCCCGCCGGCCGACATCGGAAAGATCATCATCGATCTCCTCCATCTCGCGCCGGTCACCGTCATCAAAGAGATCGTCGTCCGCCGGCGCGGCGCAATCGATTAAATGGCCAACGTCTACCATCTCGATCTTTCCCGGAGCATGTTGAAGGGGGCAACGCTGGCCCTCCTTCCGGGAGATCCGTTTCGCGTCCCCAAAATCGCCGCCCAGATTGAAAAACGGAGCGGGGAGAAAGCGGTGGAGCTGGCCTGGAAGCGGGAGTATCGAAGCTTCTTGGGAACGCTGGGCGGGGAGAAGATTCTGGTCACCTCCACCGGGATCGGCGGGCCGTCCACCTCTATCGCCGTCGAGGAGCTGGCCAAGCTCGGCGTTCGAATTTTTCTCCGCGTCGGGACCGCCGGCGCGATCCAACCCGGAATGAACATCGGCGATCTCGTCGTCACCACCGCGTCGGTCCGCCTCGACGGCGCCTCCACCCATTATGCCCCGATCGAGTATCCGGCGGTCTCTCACCCGGAGGTTCTCATCGCCCTGATCGATGCGGCACGGCATCATGAGCGGGAGGGGATTCGCGCCCATGTCGGGATCACCGCTTCTTCAGATACCTTTTATGCAGGGGAGGAGCGGACCGACGGCTTTTCCCGTTACCTGCTGCGGCGGCTTCGGGGATTGACCGAGGAGATGAAGCGGCTGCACGTTCTCAACTTCGAAATGGAATCGGCGACGCTGCTGACGATGTGCGCCGCGCTCGGCCTGAGGGGGGGGTGATCACCGGCGTGGTCAATCGAAGAAGAAAGAAAGAAGAAAAGATTACGCCGGAGCGGCTGCGGGCGGGCGAGGAGAATGTCATCCGGGTGGCGCTCACCGCCGCCGAGCGGCTTTTGGGTTCTTCAAAAGGAGAGTAACGGTCGCCCGGTTCTAAGAAAGGGGTGGTAAGTTCATCTCCTCGTGATGCTTGATGTACTCAAGCAGTCTCGGATTTTCCTTCCCGATCCGATCGAAGCGGATGTGGATCGCATAGTTGATTCCGTTTTGCAAAGGGCTTGTCCAAGCCACCTCTCCCACGATCGATTCGGTTGTTGTCTTTCCTTGATCGGTTCCAAAAATGACCTCAACACGGACGAACTCCCCTTTTTGGAATTTCTCCGGACAAAGGATTCCGATCCCGTGGGTACAGATGTCTTGGACCAAAATGTCGCTCGTCGGATGTATTCCGAGGCGGGTGAGGCTCGATATCGAAATCATTGGGATTCGGAAGCGGCTCCTTCGATTGTACAAAGCGCTTTCGATCGATGGGATTCTGGAGCGATCGAGCTTTTTCTTGCTGTCGATGGCTTGAGCGATTTCTACCATCAATTGTGGAACATTGAACGGTTTGGTGTAATAACTTCTGGCGCCGAGCCGGACCAGGTCTGCGGCGCTCCCGTGAATTCCAGCGCCATACCCCGTGATAATCATGACCTCGATATGAGGGTTATATTCTTTGATCGACTTCAATACGGCGACCCCGTCCATCCCCGGCATCCTCAGGTCGAGGGTGACCAGATCGACCTTCCGCTTTCGAATAATTTGCATCGCCCGAAGGCCGCCGTCTGCTTCCTCCACTCTGTAGTGCGCTTTGAGAAGCAACTTCAGCGACTCACGCGGGCCGGTTTCATCATCGACAATTAAAACAGTACTCTTGGAATTCATCACTGTTCTCCTTTTTTAGTCATTACTTCGAGGTTTATTGTTACATCGTTCCATACCGGAAGGAAGGAGATACTGAACAAGATAAGAAGTCTCAAGGTGCAGCAGGGCCGCGCTATCATGTCGTTCGTGTTATCCCTAGGTGGAAGGGTATCAGAGATTCATCATTCGTCAATAAAGAATACTCGGTATAAGGGTCAAATCGATCTGATCCATCCGTCCCTTTTTATAAAGGATTGAGAGTTCCAAAAAGGTTCTGTTATGTTAAGTGAGGTGAATGCAGCGTCGCGATACGGAAAGGAGAATGAGATGAAGTTTTCATTTTTGGTGATATGGACCTTCCTGCTCTTGAGCGTTGACCTCCCTGCAACGCACGCTCAGAGCAACCCAATTCAACAGTACGACGGAAACATCATTCTTCCGAGCACCTTTGAAGATCTCATCTGTTTGGGAAATTGGAATGCGGAGCTGGAGCGATGCGAAGGGTCTGCCGTAAGTTCCGGCGCTTTGGCCGCAATTTCCGCTGCGAAATCGGCCGATCGGCTGGAGCAGATCCGTCTGCTTCTGAATTCCATCAACAACAAGCTTTCCGAGAACACGCAAGCGTTGATCGATCTTCGGAAATCGTTTGATCTGCAAAACGCTCCGGCGACGCAGTCGTTGCGCGAGGCGATCAGCACACGATTCGATGCGGTCCCAACGGTGGTTTTAAACGAGGATTCAGTTAAAGAAGAGCTTGATCGGTTAAGGAAGGACATCCTCGAAGCGGTGGAGCGAAAAAATCCGGCACCCCCTCGATCTTCTGGAGAGTGAATCGATCGGAGAAGCAGAAAAGAGGGCGTTTTCTTGCGTGGATTTTACTTCATTCTTCATCCACGAGCTTATACCCTAAAGACGGAACCGTCTCGATGGCATCCGTCAGCATCGGGATCTTCTCTCGCAGCCTTCGGATATGCACATCGACCGTGCGGGTCGTCCCGAAATAGTCGTACCCCCAGACGGTGTTCAGCAGATGGTCGCGCGTCAGGACCTTCCCCTTATTTTTCAGCAGATGTTCGAGCAGGGCAAATTCCTTGGCCGTGAGGGTCACCCGCTTCTCCGAAGCTCTCACCTCATGGCGGGGGACATCCATCACCAGATCGCGATAGGCATAACCGGCCGCACTCTCTTTTCGATCCGATCGCCGGAGCAGCGCTTTGACCCGCGCCATCAGCTCTTTGGGGGAGAAGGGCTTGGTGACATAATCGTCGGCCCCGAGCTCCAGCCCTACCACCTTATCACTCTCCTCATCCTTGGCGGTGAGGAAGAGAATCGGAAGGGCGGCGGTCTCCTCCTTGGCCCGCAGCTTTCTGCAGACTTGCAGGCCGTCTTCCCCCGGCATCATGATATCCAAGATCACCAAGGAGAAAGGCTGTTTGGCCAGTGCCTTCAGCGCGTCCGAGCCGTTGGAGACACAAAGCGGTTCGAACCCTTCTTTCCGCAAATGGTGCGCGACCAGCTTGCTTAAATCGGCCTCATCATCCACCATCAATATTTTCTGCGACATCGGCTCTCCTTCATTACGGCGAAATGATTTTTAAACTTTCAAGTAAGCCTTTAAC
CP114555.1_gap79	4163980	4166690	2710	GGAGGATTCGGACCGTATAGGCCGCCGTCATCGCCAGCCGCAACGCCGCAAAAGAAAGTAATCCGATGATGACGGCTGAGAGTGAGCGGCCGATCAGAAGGGGGAGAATAATAAAGAGGGCGCGGATCATTTCCGATAGAAAAAGGACCGTTGAACCGGCTGCGATCCGCTCCTGAGCAATCAGCATCGTCTCCAGATGGCATGAGGCGAGCATCATGACGAGAAAGAGGGCCAATTTGGGAAGATAGGGAACAAGAGCGGGGTTGGAAAACCAGGCGGCGAGCGGTTCTCCCCCGAAATGAAGGCCGACGCCGGCAAGCAGGCCTGCGGCGGTCACAAAAAAAATCGCCTGAAATATCCAGGACGTTCTGCGGTTTGGATCGTGGGGAATAAAGTAATAAAGGCTCTGAACCATCCCTCCCTGTAAGATCAGATAGAGGGTTGTAAAGATTAAAAAGATCTGCTTAAAAGTTCCATATTCGGCCGGGTCCAACCCGCGCGCCAAAAAGATCGGGATAAAAAAGGTGAGGGTAAAGGAAGCGATCCGTCCGATGATCAGAATGAGCGCCTGCGAGTGAACCGACTTGGGTTTGACTTCGGATGCGATCTCCATTGAGCCGTTTCTCCTGCCAATTCAGAAAGTGAAGGGAAAACCCGGTTTATTGTCACTTCACCAGAGGTCTTTTTTCAGGTTAAGGAGCTCCGGGGAGATGTCGGGCGAGGTGAGCGCTTTCTTTCTTTTCATTTCACTCGGCCTCCGTTTTGCTTTGCCCGACCGGTTCCATCCTTTTAGAAAGGAATCGTTGTAGATGCGAGCCAGGTAAAAGAGAATCATGAAGGTACCTCCTAAATAGAGGGTCCACTCGGCGATGTTTAACTGATTGCGCCATCCGATGAGAGCGGGAATGGTCTGCACGAGAAAATATTGGAGGACATAAGTGAATAACGATGTTTTACCGAAGAGGGCGAGCGCCTTTTCGAACCGCCCGAAGTTCTTTTCCATTTCGATCTTCCGAACAAAATAAGCCAGAATCAGAAAGAGAAGGCCGATGTAAAACGGAAGCAGAGAGGAGAGCTTTTCAGGGTAGAAGAGCGTTTTCAGCGTCTTTCCAAAGAGGCCCTCCGAGAAAAATTTTCCCGCCGCCCAGAGTCCGACGAGGAATCCGGATAAAAGAATCAGCGGGACAATGCTTCTTCGGAGTGTTCTGACGAATTGACCGAGTGTTTCACTGACAATCGACCGGGCGAAGCTGTTTCCGAGGACCGTTCCGATCATAAAGAGGCCGGCCAGAGGAACGATCGGGTAGGTATCTCCCAGAAGGGCGTTGTCGCGGAGGGAGACCCCGAAAGCGAACTCTTTGATAACGAGCAAGATCGGCGAAGAGATCGAAGGGAAGAGCGAGAAAAGCTTCCATGAAAGGAGACAGGTTATCCCGAGGACGATCCGAGCGGGTCGGTCTAACCGTGGAACCAAGGTCGGGAGAAGCATGAAAAGGACCGCCAGCGCGTCGGTGATGTACCAGTAGCGTAGGTAGACTTCGATAAAGGAGGTTTCCTGACGGAGCGGATAGGTCGCCAAGGAAATGAGCAGATGGGCAAGGGTGAGAAGCTGGATGCCCCGGATGAAGTATTTCCATCGAATGCGTTGAAAGTGTGAATAAGTCGACTCGAAATAACCGAGCAACATGCCGCTGATCATTGTGAAGCCGGGGGTTCCGAGGTTGGTGACTTTCGTGATCAGAAGGCCCAACCATTTATTCGATTCCGAGTCGTTTAAGAGAATGAGACCGTGACCGACGGTGATCACACACATCAGCAGGCCGCGAGCAACATCAATTGCATCGACACGACGCCTCGGAGTCGAGGTCGGTGCGGGAAGAAGTTCTTGATAAGGCGAGTCGGGGAGAGCTAATACAGTCATCGTACCAATTTATCAGGATGAACGCCGAAAATCCGCGGATCGGGCGAGTGTTTATACAGACCAGAGAATCGTGCGACGGATGTACGATTTTTTCTTAGACGGAGAAAAGTTCGCGCGATTGATCAGGATGATCGGATCGATGATGTCGCCGCAGAGGACACAGCGCCAGATAAAATGTTCCGCGCGTCCGATCTCATCCAGGGCTCGATCTCTTATCATCAACCCGTTACAACGTCTGCAAGGCATTCATTCCATCCTTATTTTTATTTTTTTGTTATAGCGCCGTTTTTTTTATCTTCTTTCATCATAAAGGAAGGATATTTCTTCGCGATCAAAGAGATGTTAACGGGTTGTTAAATGTGACGGGGCCGGAGGAGCGAGAGAGAAAGACGGGGTCGTTCTCCCATAAGGAGGGAGGTCTTGTCATTACTTGTTTTAACTGGCTGCTTTTTGCGGCTCGCGGCGCATCTTTCCCGATCGGTAAACGGTCGGCGTCGACATCAACGCGCGATAGAGGGGACACCAACGATGCAAGCGGGTCGTACAATACTGGTCCAGCTCGAGAGAGCTCGGCTCGAAGATCCATTCCCGCGCGCGGCACTCCGCTTCCCCTTCCGTGCTTTCAGCTTTTCCGAGATAAGGACAATGCATTGTCAGTCTCCTTTATTTGATCTTCTCTCCGTATATTGGGATCGATTATCCCTGTATATCTGAATTGCATCCTACCCTCCGCTTGTTCATGATGAGTTATATTTCTGTTAAAAGGGTGTTAATTCTACCGTCGGATAG
CP114555.1_gap80	4167712	4169579	1867	AACGCATTTTACCGCAAGCGTGGTGGAGCGGATAGAAAGTTAAAGAATAAGTTTATCTCTTTCCGAAAAGACTCGAATCGATCGGGATTGATCAAGGGGGGGAAGCATTACAATTTTCCAGAAGAGTCCCTTCATTTGAGAAAGGATATTCCGCGTGGATCTCCTCATGGCTCATGCTCCATTTCGACCCAAATTTCCTCTCCCCGCACTTCAACCGGGTAGGTCTGCACCTTCTCTTCCGGATTGGCAAGGCAGCTCCCGTTGGCGACATCGAACGTATTCCCATGCCAGGGGCAGAGCAATTGTCCGTCGATCACCTCTCCCTGTACGAGCGGGGCAGCCCGGTGAGCGCAGAAACGATCGAGGGCATAGAAGCGGCCGTCGATATTCATGAGGAGGATCTGTCGCCGCCCCACCTTCACCACCTTTCCCTTCCCCTCGGGGAGATCGACGGTTTTTGCAATCGGTTGATACGCGGTCATGTTGTCTCCTTTCCCTCGCGCGACGCCAGATAATCGATCGCGCCGTTTAATGTCATCAGCTTGGGGTAATCCGCTTCTGGAATCTCCACTTTAAATGCCTCATGCAGCGCGATCATGATGTTGAGGAGATCCATCGAATCGATGTCGAGCTGCTCCCGGAAATTGAGATCGGGCTTCAGCTGCGTCAGATCGGCCTCCGGCGCAATTCCGCCGAGCGCTTTGAGAATGATCTCCTTGATTTCTTCTCTCGTTCGTTTCGCAGTCATAACCGTCTCGGCTCCTGTAGCAGGCGATCGACGGCGGCGAGGAAAAGGCCGCCGCGATGGCCGTCGGTGACCCGGTGGTCCCCCGCGAGGCTGGCGGTGATCACCGGCCGCGGGATCACTTTTCCCTCGACCACCCAGGGGCGCTCGACGATCTTCCCGAACCCGACGATCGCGACCTGCGGGGGGTAGATGATCGGATAAATTCCTTCCACCCCTTGCTCGCCGAGACTGGTGATCGTGATCGTCGGATCGGAGAACTCGGAGCTTCGCAACGATCCCGACCTCGCCCGTTGAACGAGGTCGCGAAACTGCCGCATCAGTGTATCGAGGTCGAGGCGGTCGGCATTGTGAAGGGCCGGGGCGACGAGCCCCCCTTGTCGCAGAGAGATCGCGACACCGATATGGATCGCCTCGCTTTGAACGACCTTTTCCTCCTTCCAGACGGCGTTCAGCTCCGGAACCTCGCGCAGGGCGAGCGCCACCGCCTTGATCAGCAGGACGCCGTAGAGGAGCCGGTCGGGGACCGAGCGCTTCTGGTTCTCTTCGGTCAGCCAGGTCATCGCCCGGTGCATGTCGACGGTGGTCTGAAGATAGTAGTGGGGGATTTCCCGTTTGGAGCGGGCCATCGCCGCCGCGATCGCTTGGCGCATTCGGGCGGTCCGATCGAGAGGCGGCAGGCCGAACGTCCGATCGAGAGGCGGCAAGCCGAACGTCCCATCGACGGTGGCTTTCTCTACGGCCGGTTTGCCGGCCGCCGCTTGTTCAACGTCTTCCCGGGTAATCGCGCCGCCCGGTCCGGTCCCTTTCACCTTCATCAGATCAACACCGAGCGACTCGGCCCGCTTTCGCGCGAGAGGGGAGATCCGAATCCGGCCCGTTTCGGACAATCGGATCGTCGGCGGTATCACGGGGGAGATGATCTTGGGTCGGGGAGGGACCGGCCGGGGGATCGCCGTCGAGATCGGCGCCGCAGGCGCTCCCGCTTCTCGAATGATCGCCAGCGGCGTGCCGACCGGGACTTCGGTTCCGGTTTCGACCAAGATCTTTTCGAGGACGCCGTCGGTGAAATTCTCAACCTCGATCACCCCCTTGTCGGTCTCCACCTCTGCGAGGATCTCC
CP114555.1_gap81	4176379	4180951	4572	AGGGACCCGACACGATCACCAGCGGCCTCGAGGGCGCCTGGACCAACGAACCGACGAAGTGGGACAACGGCTTCTTCGACAACCTGTTCGACTACGAGTGGGAGCTGACGAAGAGCCCGGCCGGCGCGAAGCAGTGGACGCCCAAGAATCCCGAGGCCCAGGGGACGGTGCCGGATGCGCACGACCCGTCGAAGCGGCATGCCCCGATGATGCTGACGACCGACCTCGCGCTAAGGCTTCGATCCGATCTACGAGCCGATCGCGAAGCGCTTCCACGAGAACCCGGACCAGTTCGCCGACGCGTTCGCCAAGGCCTGGTTCAAGCTGACGCACCGCGACATGGGCCCGCGCGCCCGCTACCTCGGCCCGTGGGTTCCCGAGCCGCAGCTGCTGGCAGGACCCGGTCCCCGCGGTCGATCATCCGCTGATCGGGGAGCAGGACATCGCGGCGCTCAAGGGCAAGATCCTCGCTTCGGGGCTGTCCCTTTCCCAACTGGTCTCCACCGCCTGGGCGTCGGCCGCCACCTTCCGCGGCACCGACAAGCGCGGCGGCGCCAACGGCGCGCGCATTCGCCTCGCGCCGCAGAAGGACTGGGAGGTCAACAACCCGGCCGAGCTCGCCAAGGTGCTGCAGACGCTCGAGCGGATCCAGCAGGACTTCAACCGCTCGCAGTCAGGGGGAAAGAAGGTCTCGCTCGCCGACCTGATCGTGCTGGGCGGCTGCGCGGCCGTCGAGCAGGCGGCGAAGAAGGCCGGCCACGACGTCACGGTGCCGTTCGCGCCGGGGCGCACGGACGCCTCGCAGGAGCAGACCGACGCGGCGTCGTTCGCCGTGCTCGAACCGCGCCGACGGCTTCCGCAACTACCTCCACGCCGGAGAGACGCTGCCGCCGGAGGAGCTGCTGGTCGAGCGGGCATTCATGCTGACGCTGACCGCGCCCGAGATGACCGTGCTGGTCGGCGGCCTGCGCGCCCTGAACGCCAACGTCGGGCGATCCAAGCACGGCGTGTTCACCAACCGGCCCGAAACGCTGACCAACGACTTCTTCGTCAACCTGCTCGACATGCGAACGGAGTGGAAGGCATCCGCCTCGGATGCGAACCTGTACGAGGGGCGCGACCGCGCGACGGGGAAGGTCAAGTGGACCGGCACCGCCGTCGACCTCGTCTTCGGTTCCAACTCCCAGCTGCGAGCCCTCGCGGAGGTCTACGCCCAGGACGACGCGAAGGAGAAGTTCGTGCGTGACTTCGTGGCGGCGTGGAACAAGGTGATGAACCTCGACCGCTTCGACCTCGCTTGATCTTACGCGAGGCTTTCTATGAATGAGGTCGATGCTCGATCGACTATGCTCTTACACGAGATTATACGTAGTATGGATCTTTAAAGTGTAAATGTTTCATTCCATCTTTTCAAAAATTGTAAGGTCAGCCATTTCTATTTGAAAGACAGGCTATATCCAGCTCCAGATTGTTGATTTCAATTTGCGATTTATTATCTTAATTCTTGGATTTATTTATGGTATTATCGCGGGATTTTGAAGATAATGATTAGGTGGGTAATGTCTAAATTTTTTCAAATTTTTATTTTATGGGGGTTCCTTTCTTCGTTTATCCTCTCTAGTCCCGCAGTCGCTCAACATAGTTCAGCTTCCTCCCCTTCATTAACGCTATCGATTATTATTTCAAAGAGAGTATTAAAATTAAATGACCCGGTCCGGATCGGTTGCATCCTCAAAAATGACGGAAGCCAAAGCATCTGGCTCAAACCGGATCGATATATCTATCCAATATGGCAACTTGAACTGACTGACCTTCATCAAAATGAAATGAAATCCTTCCAAAAAGGTTACTCGGACCCTGCCATTGAATGGTTCGACGAATTCACCGAGGTTGAACTTGGCAAGCAGGTCGTCGTTGAATATCAAGCAATCCTCAAAAAAGGAATGACCTATTACGTTCCGGAAAAAGAAAAGGGGCCCCCATATTTGGAAGGCATTTTTCTAGATTTTCGGATGTCCGCTTTTCTCCTTGGAGCAGACCACCGCTATCTATTGAGATGTCACTATGAAATGAGCCCAGAATACGCCGAGAGAGCAAAGCAAGCAGGAGCATCCGATCGTGTTTGGGTTGGGGAAATTGTCTCAGAGCCAATTGAACTGATAATCATGGATGAGTAGATCGGTGAAATCGAATCAGTCTCATATGCAAACCCGATATCTTTATCTTGGCATCTTACTGATCGGCTTATTAATGGGTCCCAACGCTTGTTCGATGAGAGGGAAAGTTCAAATAGAAGAAGTGTCTTCTCCGGCGCTGCAGATTTCTGCTGTCATGTCAAAAACTAAAATCAAGGTGGGGGAGCCGATTGAGATCAGCTGTATAATCGAAAATTCTAGTAATACAGCCGTTACTGCTCGACCCTCTCTCTATGGGTTTCCCAGCGACTACATTCGGTTTTTTGATCCAGATCAAATGGAAATGGACAGCGGTTTCTCAGAGTTTCCGGAAGCTAAACTGGAAAGAGACTCGTACGTTCGATTGAACCCAGGTAACCAGGTGACACTTCGCTTCATGGCGGTCTTCCGTGGACCAAACAGGCCGGAAGTTCCGGTTCCATTAAAGAGCTTTATCGTTGATATCGACAAGTCATCCATTTTCCTTCGTGGAGGCTACAACTACTCAGTTCGCTGCCAATTCCAGCAAGACGAAGATGAGCTGGAAACCAGCAAGCGTTTTGGCATTGAAAATCTTTGGGTTGGTCGGATCATCTCCGATCCAATTGAGCTTACAATACAAGAATGATTAGAACTTTGCGAACCTCCAGCGCGAAAATAATTCAGCATGGTGTTCTGTTTATCATCACTGTCGTGTTTGTTGGTCTCATCACGAATCAGCTCGTTGCTTTTGGCCAGAATGGAGAGGGAGAGAGACCTGCACTTGTGATTTCTGCCCTGCTTTCCAAACAGACGGTAAAACCAGGTGAAAAAATCTGGCTTGCCTGCATGATCTATAACCAAGCAGCGGAAAGCCTGATCCTGAGGCCCGAGATCTATCCTTATCCGGTTGGGTATCTCAGGATTCTTAATTCCAATCGAGTTGAGATGAAGGAATATGTTTTGCCGCCTCTCTATTCTCCCAAATTAGGGCGGGAATCATTTATTGAGGTTGAACCAGGTCAGCAGATTGCGATCACTTTCGAGCCAAAGATAGAATGGCAGCCCCTGCCTACTCTGCTTGGTGATCAGAAAAAAACATCAAGTGACACAGGCTTATTTTTCGGTTTCTGGAACGCGTCGATCTTACTCGATGAGGATGATCGCTATTTTCTGCAATGCGAATTCGAACAGAAAGAAGATGAGTGGATCGATGGAAGGAAACGTTTCGGCTTCCAGAATGTATGGGTGGGTAAAATTGTATCAGAACCAGTCGAGTTGAGGATTCAAAGATAAAAAGCTTGAGAAATGTTCCTTTCAGTCGTGGTATATATGCTATGGACTTCAGATGGTAATAGTCAAACATGGCTAGAAGCTGGCCCGCACACCATACGACAGTTGAATCTTGTACGTGAAATCTCTAGCGAAAATACAATTTTTTATGGCTGTAGCATTTGTAATGACAGCCCTATCGAATTGCACTGTGCCTCTTGATATCATTCTTTACAATCATACCGGGAGAAAATTAATCATTCATGAGGGGGATAGAAAGTTATCTCTGGATAAAGGCTCTTCCATAAAATTTAAGTACCCGGGTACTTCGACGGTTAAGATCAGCGCTGAAGATAAAATTTGGGAGTATAAGTTTGTTTATCCTCCACGAGAATTTGAGAGGCCTCAATGGATGGGACTGGCAGGCCATGAAATCCATACACAGATCGCAAATAATGGTGAAATTTTCGTGCTAAGACCAAACACGGAAGCGCCCACTCAAGAATATCCCCCACAGCCATCTGGCTTCCCGCTTATTCCAATTGAGTCTCATTGATGAGACTCAAGGTTCAGGTTTTTGGTTTTCAAGGCGCTGAAAAAAAAGTAAAGGTACCAGGTCTAGAGATTTGAGATTAAGCCTCATTCGATTTGGTGAAGAATTCGATGAAGCCTCGCATTCTCCAATCGAAGGCGCCCGACACGCCTCGTCCCTTGGCTTACAGCGGAGCCCTCGACTCCGCAGCGCGCCGATCGCTCAAATGCTCTCCTCCCAACAAGAGCTGTCCGACCATTTTGTCCCACGGACAATCGATCCCTTTTCGAACCCCTCTTTAACAATCTTCGGTAGGCGCTCTCAGATCCACTCCGGCTCTTCCCTTTCCTCTCTCGGTGATGTGATAGAGGGCGCCGGGATAGCGTAAACGAAGCGGACGCGACATGAAAAAACAGGGACAGACACTACTGTCTATCAACTGAGAGGCTCATGAAAACCAAACAAATAGTGTCTGTCCCTGTTTTTATGTCCTGTTTCACGGAGCAGATCTTCGGTCTTTTTGAGCGGCTCCACAATCAGGAAAATTTTGAGGGGACCGGCGCCGGATTGGCGATTTGCAAAAAGATGATCGAGGGCAACGGCTGGAAGATCTGG
CP114555.1_gap82	4185636	4187542	1906	GCTTTCATAGTAGGATTGGCGCGACCCGTTGAGCGAATCGTAGGCGGTCAGCATCCCGATGAATCCGCCGATGCCGGAAGCGACCACCAGCGCGATCGTCACCGCCTGGCCCTTCATCCGGGAGAGATCCCGGAGCAGTTTGACGTTGAGCATCTTCACCAGCGAAGCTCCCCCGGGGTGAGTTTGCGCGCGTTTTTCTCGATCGACGCGATCTGGCCGTAGGCGAGATGCATCACCCGATCGGCCATCCCGGCGATCGCGGCGTTGTGGGTGATTACGACGGCGGTCGTTCCGAATTCCTGATTGATCCGCGCGATCACCTCCAGCACGACCTTCCCGGTTTCATAATCGAGCGCCCCCGTCGGCTCGTCGCAGAGAAGGACTTCCGGGCGCTTGGCGATGGCGCGGGCGATCGCGACCCGCTGCTGCTCTCCTCCCGAGAGCTGGGAGGGGAAATGATCGAGCCGATGCTCCAGCCCCACCCGCCGCAGCGCCTCCTCCGGTTTCAACGGGCGCTCGGCGATCTCGGTCACCAAGGTCACATTCTCCCGCACCGTGAGGCTGGGGATCAGGTTGTAGAATTGGAAGACAAAGCCGACATGCTCCCGGCGATATTGAGTGAGCCCTCGCTCGTCGGCCCGCCCGAGGTCGTGGCTGCGCCAACGAGCTTCTCCGCTCGTCGGCGTGTCGAGACCGCCGAGAATGTTCAAGAGGGTCGACTTGCCGCTTCCGGAGGGGCCGAGCAACACGATGAATTCACCTTCGTAAATATCGAGATCGACCCCGCGAAGCGCATGGACCTCCACCTCACCCATCCGGTAGATTTTTGCGAGTCCCCGGGCATAAAAAACGGTTGTTTGTGTCAGCTCATTCAATGGCGTTCCTAATGGAGGGGACCGAGGCTGCCGCGCGGACGGCGGAGAATGGCCTTGTCGATTCTATTTTGAGGGAGGACTGAAATAGGGGCAATCCCCCGAAGGGGGTGTTCGATGCGCCGAAGGGATTAGAGAGAATTCGTTGATAGGAGGTTTATCGCTTCGGCTAAAGTTTTTCCCGAGAACCTTTGAATTCTCCGTTCGTTTCGACAAAAAGAGGGGGTGTTGGAAGATCCGCCGGGTGTTCACCGCCGGCGACGATGCGCATTCTCTCCTCCATCTCTTGCAGACGCTTCATCACCGCCGCATTTAGCGTCCCCTCCGGATAGGTTCCGTCCGGCTGGAGGGTCCCGGCCGGTTGTCCTGTCAGGATTTCGATCGCCTCATCGACATTTGAGACCGCATAGATGTAAAACCGTCCGGCCGCGACCGCTTCGACCACTTCCTCTTTGAGCATCAAGTGTTTTATGTTTTGGCGCGGGATGATCACCCCTTGCTCCCCCGTCAGGCCCAAGATCGTGCAGGTGTCGTAAAAGCCTTCGATCTTTTCATTCACCCCGCCGATCGCCTGGATCTCGCCGCGCTGGTTCATCGAGCCGGTCATCGCGATTCCCTGCCGGAGGGGGACCTCCGTCAGCGCCGAAAGAAGGACGGCCAGCTCTGCGGCCGAGGCGCTGTCTCCTTCCACTTCGGCATAACTCTGCTCGAAGCAGAGGGTGGCCGAAAGCGAGATCGGGTTGTCGCGGCCGTAGCGCCCGCCGAGGTAGCCGGAGAGGATCATCACCCCTTTGTTGTGTGTCTTCCCGCTCAGATGCGCCTCCCGCTCGATGTTGACGATGCCAGATTCTCCCATGAATACCCGGGCGGTGATTCGAGAGGGACGACCGAATGAGAAATCTCCCAGATCGATCACCGAGAGCCCATTGACTTGACCCACCGCGGTCCCGCCGACATCAATCATCAAGGTTCCTTCCGCAATCCACTCTTGGATCTTTTTTTCATAGAGATTGGACCGGTAGGTTTGTTCTTTC
CP114555.1_gap83	4188662	4192336	3674	GTCTGTTCAACTCCTCCGCCGCCTTCGAAAACGCTTCCTCGATCAGGCGGCGCTGATCTTCATACTCTTTGCTTTGGAACGCCTTCTGAAACGCTCCTTTCAGAATGCCGATCAGTTGGTCGACATCTCTCTGAAAGAGTCGCCCCCGGCCGGCGGGGAGGTTCAGCGCCTTTGGGCGATCGGAGTCGTGGAAGTTGTTGACGAAACACCAATCGTCGGGGGTTGGCTGCGTGATTGCCAGGCGAGCGATCATCGACTTGATAATCGTGCTCTTCCCTGTTCCCGGCGTTCCCGAGAGATAGATATTGTAACCCTGATCCTGAATGGAGAGACCAAAGTCGATCGCCCCGAGGGCGCGCTTCTGGCCGATGATAGTTTCCTCGGGAGGAAGCTCCTCCGTGGTTTCGAAAAGAATTTGCAGGGGGTCAAAACGATGCGTGAGCTCTTTCTCCGCCACCTTACAGCGATGATCAGCCATGAATTCACCCTCCCGTTCAATCACATTCGCATCTATCCCGACACAACATTAAACACGCCACGCTAGTATCAATATGAAGATATGAGGGGAAGATCACAATACCCCCTTTGGGGGGTTGCTCCTTTCTCGGGTTCTGCGTGACAATGAGACAGAAATTCCGATCATCTCAATGTCGAGAAAAGGCAGCCGATGTCGATGGAAAGCAAACAGCAGACCTTCTCATTATGGTATTTCATCATCGCCATGATTGCCCTTTTGGCGGTGGAGCGCTTTTTCGTTTCATCCCACGCTGAGACCCTTTCCTACAGCGAATTCAAGGTCCTTCTGAAAGCGGGGAAAGTGTCGAACCTGACACTGGGGGAGCGCGACATTTCCGGCCGGTTTCATTCGGAGGGGGTGCAAGGGCTTTTCCCCGAAGAGAGGGGGAAAGAGCTGGAAAAGCTCGAAGGGAGCGAACATCACTTTATGACGACACGCGTTGAGGATCCCTCTTTGATCGAAGAGCTGGACCGGATGAAGGTGCAATACGCCGGAAAGGTGGAGACGACCTGGATCGTGACCCTTCTCTCCTGGATCATCCCGGCCTTGCTTTTCTTCGGTCTCTGGGCGTTTTTCTTCCGAAGGATGGGAGCCGCCGGCGGGATGATGGAGATCGGCAAGAGCAAGGCGAAGGTCTACATGGAGAAGGAGACAAAAGTCACCTTCGACGATGTCGCCGGCATCGACGAGGCAAAAGCGGAGCTGATGGAGGTCGTCGAATTTCTCAAGAAGCCCCGAGAAGTATCGCCGGTTGGGCGGGAAGATCCCGAAGGGGGTTCTGATCGTTGGGGCCCCCGGCACCGGCAAGACGCTGCTCGCCAAGGCGGTGGCGGGCGAGGCGAAGGTCCCGTTCTTCTCGATGAGCGGGTCGGAGTTCGTCGAAATGTTCGTCGGCGTCGGCGCCGCGCGGGTGCGCGACCTCTTCGAGCAGGCGCAGGAGAAAGCGCCCTGCATCATCTTCATCGACGAGCTCGATGCCTTGGGCAAGGCCCGCGGGATCAGCCCGATGGGCGGCCACGACGAGCGGGAGCAGACCCTCAACCAGCTGCTGGTGGAGATGGACGGCTTCGACACCGCCAAAGGGGTCATCATCATGGCCGCGACCAACCGGCCGGAGATTCTCGACCCGGCGCTGCTGCGTCCGGGCCGGTTCGACCGGCATGTCGCCCTTGATCGGCCCGATCTCAACGGCCGGGAGAAGATCCTCAACGTCCATGCCAAGCAGATCACCCTGGCGCCGGAGGTCGATCTTCGCGCCATCGCCGCCAAAGTCCCCGGCTTCGTCGGAGCCGATCTGGCGAACCTGGTGAATGAAGCGGCGCTGCTGGCGGCCCGGAAGGGAAAAGAAGCGGTCGAGATGGCCGACTTTGACGAAGCGATCGATCGGATCGTCGCCGGTCTTGAAAAGAAGAACCGGGTGATGAATCCGAAGGAGAAAGAGACGGTCGCCTACCATGAGGCCGGGCACGCTTTGATCGCGGAGTGCCGTCCCTATGCCGATCGGGTTTCCAAGATCTCGATCATTCCGCGGGGGGTGGCCGCCCTCGGGTATACGCAGCAGCAGCCGACGGAGGACCGCTACCTTCTTAAAAAAACCGAACTGCTTGATCGGCTCGATGTGCTTCTCGGAGGACGGGTGGCGGAGGAGATCATCTTCGGCGATATCTCGACCGGGGCGCAGGATGATCTCCAGCGAGCAACCGATCTGGTCCGCCACATGATTACCCAATTCGGAATGAGCGAACGTCTCGGCCTGGCCGCTTTTGCGAAGCCCGACGGAAATTCATTCCTCCGCCTTCCAACCTTTTCGGAGGGGAGAGAATACAGCGAGCGGACCGCCCAGGCGATCGACGAAGAGATCGGAAGGCTCCTGGAGGAGGCGCATGCCAGGGTGAAAGAAACCCTCGTCATGCAGCGGGGGAAGCTTGAAGCGTTGGCGAAGCTTCTCCTGGAAAAAGAGGTCATCGATCGACCGACCCTGGAACAGGCGCTCGAGATCGGGGAGGAAAGGGTCGGCGCGACGGTGACGGAGGGCCGGCCATCCAACAAAGAGGGAGGGAATCATCATGCCGCTTTATGAATACAAATGTCTTAACTGCGATAAGGAGTTCATTGTCGCCCTTTCCCTTTCAGAAAGGCAACGGGGCGTGATCGTCCAGTGCCCCGGATGCGACAGCAAGAAGGTGAGGCAGATGATCACCCCCTTCATCGCCAAGACCGCCAGCAAAACGGCTTGAGAGGAAAAGGGTGTTCCTGTCCACCTTTAGGGAGGTGGCATTATCCAAGGAGGATCATATGAAGCTGACTCCGAACACAAAATGGACCGGGTTAAAAAAGTGGTTTTTTAATCTGTTCGAGAAGGAAAAATACCCCGCCGTGATGGTACGCGTTGAGGCGTTCTTACGCGAGAACGAAATCCCATACCTAATTCTGAAACATCCGGAAGCATCGACCGCTTCGGAACTGGCCGAGTCGCTCCATGTTTCCGGAAAACGGGTGGCGAAAGTGGTCATTGTCCGCGCCAAGGGGCGTTACGCGATGGTGGTATTGCCTTCGCATCTGCAGATCAATTTTCAACGTTTGGCGCGTTTGCTGAAGGTAAATCATCTGCGTCTGGCCGACGAAGGGGAGTTAAAAGCCCTCTTCCCGGACTGCGAGGTCGGGGCGATGTCTCCGTTCGGCAATTTGTATGGGATTCCTGTCTATGTCGACATCTCGATGCGGCTAGATCCTCTTTTTGTTTTCGCGGTCGGGACGCGCCATGACGCCGTCGAAATCTTCTACCGGGATTTCGAGGAATCGGTCAAGCCGAAGGTTGGAATTTTCGCGGCGGTTCCGATCGAGCGGCTTGCGGTTTGATCGTCTTACAGGAGAAAAGAAAATGAAACAAAACAAAAGAGGGAAGAACGACGTCTCACGGATTTTGGTCCCGACCGATTTCTCCGAGTGCTCATCCGATGCGCTTGATTATGCAATGGCCCTGGCCAAGCCGCTTAACGCAGAACTTATTTTGGCCCATGTGATCGAGCCGTTCCCGTATACGGCGGTGAATGCGATCGCTTTCATCAATTATGAGGAGCGCCTGATTCCTGAAGCCCGGTCGCTGCTCGATGAGCTGTCGAAGCGGCCTCTCAGAGAAAAGCTTTCGGTGGAAACA
CP114555.1_gap84	4197995	4201119	3124	CCGCTCAAGCCAAGGTAATACGGGATCGGGGATTAAGATCGTATCGCCGTAAAGCAGACTATTGCGAACGCTTCTAAGTTGTGAGCCCTGGAACCGGCTTCCGCCAAGGACAAGGCGCGTACCTCCAAGCTCTTTTGCAGCTTTGAACGCAGCCATCCCCTCCCTAGCTTGAAACTTTCTCACTTCCGTATCCAACCAAACGAAAGCACTTTCACCCCGAGGACCTATTTGCCGAGCCATCGAGCGGATGGTGTTATCAAAATCCGCCACAGGCGCAAACCTGATGGCATCGCTCCCAGTAGCTTTAAGAAAAAACTCCTCAAGCCTAGCGAGTAAGCCACGAGTGTAGTCTACTAGAATGTCGATTGGATTTTCGTCAGAGCTCATAGGGGTGGCTAACCAGTTATTAGACAGTTATACTCCCAGACACTAGCAAAATGCTCATAATCGGTCAAGAAATGAAGTCTCTGTCGGAATTCATTATCTTTTTAAAATGTCTAATATGCGATTTTGGATATTCGTCATCTAGGCTGATATCGATGCTTCCTATCCCTGACGATATTTTGAAACAACATGAAACCCTTCTTATAAACGGGCGATTCCCGTTTCTCGCAACGCTGATTTCCACCTGTGATGAAAATAATCTTTATGCCCTGTAACGATAATAGGCCGCGCACGCTCCTTCGGACGAAACCATTGTCGCGCCGAGCGGGTGCTCCGGGGTGCAGCGTCCGCCGAAGGCGGGGCACTCATTCGGCTTCTTCAGTCCTTGGAGAATCAAACCGCTGAGGCACTCGGATGCTGTTTCAGCCTCTTTCTCCTTCAGCCTGAATCGCCGCACGGCGTCAAAGATTTCATACCGGCCGCTCAACCCGAGCCCGCTCTGCGGGATCTCTCCGACCCCCCGCCATCGGCGGGGAACGATCCGGAAAACCTCGCGGATCAACTGTTGCGCCGGTTGGTTCCCCTCGCGCCGGACGGAGCGGGTGTATTGGTTCTCGACCTCGGTGCGTCCTTCTTCCAGCTGTTTGATGCAGAGGAAAATTCCTTGCAGAATGTCGATCGGCTCGAATCCGGTGACCACGATCGGAACCCGGTAGCGCGCAGCGATCGGCTCATATTCGGCATATCCCATCACCGTGCAGACGTGCCCCGCGGCGAGAAAGCCTTGGACGAGACGGTTCGGGGAGGAGAGGATCGCCTCCATCGCAGGCGGGACCAGGACATGGGATACGAGCATGGAGAAATTTTTAATTCCCTGTTGGTCGGCTTGATAGACCGCCATTGCCGTGGCGGGGGCGGTCGTTTCGAATCCGACGGCAAAGAAGACGATCTCCCGCGCCGGATTGGCCTTCGCGACCTGCAGGGCATCGAGCGGGGAGTAGACGATCCGGACGTCTCCGCCGCGCGCCTTCGCCGCGAGCAAATCTCCCGACGTCCCGGGAACCCGGAGCATGTCGCCGAAAGAACAGAGAATCACATCGGACCGGGAGGTCAGCGCGATCGCCAGGTCGATCAACTCGACCGGGGTCACACAGACGGGGCACCCCGGACCGTGCAGGAGGGTAATCTCTTTCGGCAGCAGCGCATCGATCCCGAACTTCACGATGGCATGCGTCTGGCCGCCGCAGATCTCCATCACGGTCCAGGGCCGCGTCACGATCCGGGCAATGGCGTCCGCATATCCCCGCGCCGCTTCGGCCTCGCGGTATTCGTCGATGTACTTCACCCCAACTCCTCCGATTCTCTGAGGGCGTCCATTTCTCGAAGATACTCGAAGACACGGGTCGCTTCTTTCTCATCGACGATGCTGATGGCGAACCCGACATGAACGATCACGTAATCTCCAACCTTCGCCTCGGGAAGGTAGGCGAGATGAACCTCCTTCACGATCCCGCCGAATTGAACCTTGCCGGTTCGGAGGATCGGCTCCGCGCCATCAATCGTCAGAATTTTTCCGGGAACCGCGAGACACATCGTTCATTTCTCCTGATTGATGCGGAGTGCGGCGAGGATCTGCCCCACCGCCAAACCGCCGTCGTTCGGCGGAATTTGCTGATGCCAAAAAGGATGGAAGCCTTCGGCGGAGAGCCGTGCAACCGCTTTCTCGGTGAGAGCCTTGTTCTGAAAACAGCCCCCGGTCAGAACCACCTTCTCTTCCCCGATCCTCCGGGCGACCGACAGAATGATTTCGGCCAGGGTGTTGTGGAAGCGGGCGGCGATCTCTCCGATGGGACGGGACTGTTCGAGGTCTCCGAGAATCGCCTCGATGAGCGGCGCCCAGTCGATGATGAGAGGGGCCGGTGTCCCGCACTTCAAAATCCTAAATGGATAAGCCTCTTCCGTTTCAATTCCTTCGCAGGCAAACTCCAGCGCCATCGCCGCCTCTCCTTCGAACCGGCTCGTCTGCTTCAGGCCGAGGAGGGAGGCGACCGCATCGAAGAGGCGTCCGGCGCTGGAGGTCAATGGCGCATTGAGTCCGGTTTCCAGCATCTTTTTTAGGATGCGGCGCTCTTCCGCGTTGAATGCGGAAAGAGCGGCCTGTCCCTCAAAGGCGCGCTCCCCGAACGGTTCGTAGAGAAGACCGAGCGCAGATCGTCGCGGCTCCCGCATCGTCCGCTCGCCCCCCGGAAGGCGGAAGGTCCGGAAGTGGGCGGCCCGTTGAAACGAGCGCGCGTCGATTCTCAGAAATTCCCCGCCCCAAAGGGTCCCGTCGAGACCGAGGCCGCTTCCATCCCAGGCGATCCCTAAAAGAGGTCCTTCCAATCGATGCTCCGCCATGCAGGAGAGGAGATGGGCATAATGGTGCTGAACGGGATGAAGCGGCAAGCCGATTTCTCGGGCGAATTGGGTCGAACGGTAATCGGGGTGGAGATCGCAGACGACGGCGTCGGGGGAGTGATGATACAGCTTTTTCAAGTCGGCGACCGCCTGTCGAAAGGTTCGGTCGGTTTCGGCATTCTCGAGATCGCCGAGATGTTGGCTGAGCGTGATCTTCCCTCCGGCGGAAATCGCTACGGTATTCTTCAGGTGTCCTCCGACGGCGAGAAGGGATCGGTTCGTCTCGATCTGAAACGAGAGGGGGGCATACCCGCGCGCCCGTCGCAAGATGAGCGGACGTACT
CP114555.1_gap85	4214835	4217135	2300	CCCTGTTAAGGCGATTGCGGGTGTGCCCGTTGAATATGTCAAACCTCGATCGAGCGGCATTATGCCATTCCGCGACGAGTCGTTCGATCTGGCCACCTGTTTCGGGTGTCTACACCATGTTCCCAATGTGAGCACAGTGGTCCGCGAGCTCTTTCGGTGTTTGCGATCGTCCGGAATCGCCCTCATTCGTGAACCCATCGTTTCAATGGGAGACTGGAGACGAGAACGGGCGGGTCTCACCAAACGAGAGCGAGGTCTTCCGCTACCGATTTTCCGCGCGATCGTGCGCTCAGCCGGATTTACCATTGTGAAGGAAACGAGGTGCGTTTTTCCGCTCATTTCCCGCCTGCGTTTTATATTCCGAGGTCCGATATACAACTCGGCGGCCGCCGTTTACGCGGACGACATATTGTCTCGTCTGTTCGCATGGAATGACCGTTATCATTGCGTCAATCCATTTCAGAAACTCAAGCCGACGGCCGCGGCCTTCGTGCTACAGAAACCCGAGAAAGCGGACCCGGTCGAACAACGCTAGAGAGTACCGGAATTCAGTGTAACGATATGGCGTCAGACTTGGAGATTGCAAAGGATGGCCTATATACTGGGCCTGCTCATTCTGGCTCTCCTGCTTAAGGATGCAGCACCCATCGGAGACACCTATGTTCTTCGCGGCCTTTCTGAAGGGCTTGCGTTGATTGTTGGGGCGTATTGGTTCCTAACCCACAGCCGTTTGGAAATCTACAAAAAATATATTTTAATTTTCGGATACCTCATTGTTCTTTCGTTGACGATCCCCTTTTCAAGTCAACCCATTTACGTCGGTCTCCAAGTGATTTCGCTGGCTGCCGTGTTGTTGTTTTTTATCGCTCACTTGGAGGCATCCCCAAATGATGCGGCCAAAAATGAAACCGTGATGAATGTAACGATGATGGCATTTATCATTGTTTGTCTTGCCAGTCTGGTTTTATTGGCATATTCGCCTGGTTTCGCATATGAGGAAACCTTAGAAGGCCGTCGGTTCAGGGGACTCTTCGGCAAACCTGCTAAAATGGCGGCCACTTCCGGTCTTTTATTAGGACTGTGCATTTTTAGCGAACGAAAGGTTCTGCTGCGTGCCGCGGGAATCCTCTCGTCCCTTCCGTGTCTCTATTTGACGGGATCTCGGACTTTCTGGGCTGCTGGAGCGGCAAGTTTATTGATCACCGCAATATTTTATTTAAGGCGTAAATTGGAATGGGGCCTTGCGGCTGTCATGATCATCTCTTTTTCCCTTATTGTCACGACAGTGGCTGATATCAACATCTCTTCAAAAGCGCGGTCGCGCATTCTCAGGATTGACTCCATTGAACGTATGTCCGGACGCACCGTAATATGGGGTCTTGCCTTTGAGAAATTTTGGGATCGTCCCTTTCTGGGATATGGGTTTACACTCGGTTCAGATGCCTTTAAAGAGGGGGAAATTCCTCAGTCTCGTCCTCCAATCTCCCCAACGCTGCTAAACAACGAAACTTTTACGCTGCATAGTGGTTATGTCCAGGCGTTGTTAGATTCCGGTTTTTTGGGAGCGAGCTTATATCTTTCGATTGTGATGTCCGTCTTATGGCGATTGATCAAATATGATAGGGGAAGGAAATATGGAGCGGAAATGTATTGCGCCGGTTTTTTGACGATCTCAAATTTTGGGGAGAGCGTTATATTGAGCGCGGCCGTTTTTCATGCGGTATTTTACTGGTATCTCGCAACCTTTGCACTGAGTCTGGACCGGTTTCACGAAAATGCTCAAGAAACGCTCGCTGCAGAAACGGAAAACACGAAGACGTCAAAGGCCGTTTCTAAGAAAAGGAAATACGAGCTCCTAAAAACGATATAGCGTGGTTCACTCATCTAATGAATCCAATTTTAGACGCGAGGATGAGGGAGTTAAATTGACCGGCCGGGCCTTTTCACGTCGGAAATTTATTAAATCGACGGCCGCCTTTGCCGCGGGTTCTCTTTTGAAGCCGTGGCTTGCGCTGTCGAGCGGTGTGTCTCTCTTTGAAAGTCGTGCGATCTTTGATGAAGGACTCGCTTGGATTACAAAAGATTTAGCAGAGAAATTGCTAACCCGGATTAAGAAAGCAGGGTTTAATGTTTTCGTTCCATGTGTCTGGCATGGAAGGGGAACGATCTGGCCATCGGATCTCGCACCTTGGGATACCCGCAAAGTTCGTGTTCCCGGCTTTGATCCGCTGGAGAATCTCATTAAACTGGCAGAGAAGTATGAGATTGAGATCCATCCGTGGTTCACGGTTTCCCTCCGG
CP114555.1_gap86	4236900	4237400	500	GGGCGGGGAATACGTTGACTGCAGCCAATCTGGCCGTCAGCCTCGCATTGGAGGTCCGCCAAACGGTTCTCTTGGTCGATGCCAATCTTCGTAACCCGGCGGTACATCAACTCTTTGGAATCGCCGAAAGCCCGGGCCTGGTCGACCATCTTCTAGATCAGAAGCCGGTCGAGGATCTTTTGGTTCATCCCGGCCTTCCGCGGCTCGTTCTCCTCCCGGCGGGCAGAGCGGTCAGAAGTCCCAGTGAATTGCTGACCTCTCCCCGGATGCTCTCGCTTATCAGCGAACTGAAACACCGTTATGCATCCCGAATCGTTATTTTTGATCTGCCGCCGCTTCTGCCGACCGATGATGTACTGGCCCTTTCCCCCTATATCGACGCAATGCTTTTGGTGATTGAGTCAGGACGCACTCAAAAGGAAGAAATTGTACAATCTCTCCGTCTACTGAAAGGGGTGCCGATTCTGGGCACAGTTTTGAACAAAGGGTAAAGATCGATT
