gap_id	start	end	length	sequence
CP117180.1_gap1	84575	86301	1726	AAACCAAGTTTAGAACAGCCACTGCTATGCCTATACCAAGAATCATAGCACCTACGGTTTGGAGCTCATGCAGTCTCACCCAGCTTTCTATTGCAGGATAGTCCGCATATCTTCTTGGCATACCCTCAAGACCTACTATAAACTGAAGGAAATAGAAGAGGTTCGAACCTATCATTATGAGCACAAGAGCAACCTTTGCCCAGAGCTCGCTATACATCCTACCTGTATACTTGGGATACCAGTAGTAAAAGCCTCCAAAGGCTGCAAGGGTAAGAGCCATACCAAGCACATAGTGGAAGTGTGCTACAACAAAGTGGGAGTCATGAACTGCAATATCAAAGGCAGGAAGACCAAGAGGTATACCAGTAAGACCACCTATGAGGAACATGAATATGGCACTTAGGATATATAGCATTGGTGTAGTAAACCTAATAGAACCCTTATACAAGGTAAATATCCAGTTGAATATCTTTATACCTGTTGGCACACCTATGAGAACTGTAGTGTAAGAGAAGACTATTCTTATCCAATCTGGCACACCGCTGGTAAACATATGATGTATCCAAACCATAAAACCGAGAATAGCAATTCCCCATATGGCAAATATCATAGATGTTCTTCCGAATATCTCCCGTCTTGAGAAGGTTGCCACTATCTCAGATATAACACCAAAGGCAGGCAGGATCATAACATAAACCACAGGATGAGAATAAAACCAGAAAAGGTTTTGATACAGAAGGGGGTCTCCTCCCCTTGTGGGGTCAAAGAAAGCTGTGTGGAAGTATTTATCCATAAGGAGCATAGTTACCGCACCTGCAAGGGCAGGCACGCCCAAGATTTGAATTACGTTCATTGCCAAGAAGGAATGCAAAAAGAGGTTCATCTTCTTAAGGGTTATACCCGGTGCCCTCATAGTAAGGTTTGTTACCACCAAGTTTATAGCACCCGCCAAAGAAGAAGCACCAAGAAGGTGGATTATAAGAGCGTAAAAGGCTACAGGTCCAGCGTTTTCATTGAGGGAGAAGGGTGGATAACCCGTCCATAGCATTCTTATGTGATTGCCCGGGAGGAGTGTTATAAGGGCTAAAACGCTCGCAGCAAAGAAAAACCAATAGCTAAGAGCATTAAGCCTTGGAAAAGCCACATCTCTTGCTCCTATCATTAAAGGCAGAAGATAGTTTCCAAAGGAACTCCATATGCCCACCGCCCACCAAAATTGCATGAGAACGCCATGAATAGTAAGAGCCTTATTGTAGGTGTCTTCTCCCATATATTGAAGCCCGGGCTGGTAGAGCTCCATCCTTATGGCAAGAGCGGAAAGACCGGCTATAAGGAAGAACACAAGGCTGGTCACTCCATACATAATGCCTATCTTTTTGTGGTCTGTGGTGAATATCCATTCCTTAAGACCGGCACTGAAATACGGCCTATAGCTTATAGCGGCCATGGTGATGCACCTCCTTTAAAGGTTTTGTTTATATGAAGTGTTGTTTGTTTGCATACCTTCGTTAAGCCACTTTTCAAATTCTTCCTTTGGAACTACCTTTAGCACTGCGGCCATTTTTGAATGCTGCGTTCCGCAGTATTCTCTACAAAATGCCCAGTATTCCCCGGGTTTGTTTATCTGAAACCACATATGGGTTATCCTACCTGGGACACAGTCTTCTGTAACCTTTGCCGGGTGCACGTAGAAGGAGTGTATCACATCCCTTGAGGTACAGAGAAC
CP117180.1_gap2	90975	93885	2910	CTATCTATGAGCTAATACTTTACAAAAAAGGAGAGGTCAAAAGACTCTCCACCCACACAAAGCTCGTCTTTTTATCCTCCACAGTGCTTATAGTCCTTGGGTTTATGGTGCTCCTTTTTGATATATGGAGGTTTAAAGATTTACCGATGGAGGAGAAAATATTGGCAAGTTTGTTTCGTAGCATATCTGCAAGGACTGCAGGCTTTAACACCATAGACATAAGCAAACTGTCGGAAGCTTCCCAGTTTGTGCTTGTAAACTTAATGTTCGTGGGTGCATCACCCGGTGGGACAGGAGGTGGTATAAAGACCATAACCGCAGTGGTTGTATTTCTTGCTGTTCTCTCTTACGTTAGGGGTAGACCAGATGTGGTGGTCTTTGGTAGGAGGCTTATAGATGCACAGGTGCACAGGGCGATGGTGGTGCTCAGTCTTGCCTTTGCTTACAACACCTTAATGGCAACACTTTTGGCTGAGCTTGAAAACATAAGGCTTCTCCCAGCTCTTTTTGAGACGGTTTCTGCCTTCTCCACCGTTGGGTTTTCCCTCGGTAATCCCAAGGGACTTAGTCTCTCCGCAGACTTTTCACCGCTTGGTAAATTCCTTATAATTCTAACCATGATAGCAGGAAGGGTGGGCGTGCTTGGCTTTATGCTTGCACTTGTTGGTAAAGAAAAGCCAAGTCATGTGAAACTTCCCGAGACGAGGCTCTTGCTATGAAAAAGGTCTTTGGAGTTATAGGGCTCGGTAGGTTTGGTTTTAATGTGGCAAAAACCCTTGCAGAAGGCGGTGCGGAAGTTATAGCTTGTGATATAGATGAGGAGAAAGTCAAACAAATATCGGAGCTTGTTCATCAAGCCTTTATATTAGATGCAACCGATGAGAAAGCCCTCAAGGAGTCTGGTATTGCCAATGCAGACACGGTGATAGTGAGCATCGGAGAGAATATAGAAGCGAGCATATTGGTGGTAGTCCAGCTTATGGAGTTAGGAGTAAGGGAGATAATAGCCAAGGCGGTAAACCCTCTACATGGAAGAATACTTGAAAGGCTTGGAGTAAGCAGAGTTATACACCCTGAAAGGGATATGGCTGTAAGACTTGCCCATTCCCTTCTTGTGGGCGGGTTTATAGAGGAGATACCCATAGCGGAAAACTACAGTATATTTGAGATGAAACCTCCACAGAGATTGCATAACAAAAGCCTTAGAGAGCTTGACTTAAGAAGAAAATACGACATGACAGTCCTCGCCATAAAGAGAGGAGACAAGTTCATAGTAAACCCATCAGCGGAAGAGGTGATAGCTCAAGACGACATTTCAGTGGTGTTAGGCAGAAGAAAAAAGATAGGAGTTTTATGATAATATAACAAGCATGAAAAAAGTTCTCATGGCTCTTCCTTTTATTTTTGGTGCGGTGTTAGTGCTTTATTTTGCGGTAAGGGTAAATAAAGAAAATTATGCGGTGGTTAAAGAAGAGGAGGTTAAAACCCTTGTGTATGGCTCTGGCTATGCAAAAGCGGAAAACTACGTGGTAGTAAGGGCGGAGGTCTCTGGCTACATAAAAGAAGTCTTCGTAAAAGAGGGGGATTTTGTAAGAAAAGGACAACCCCTCACCACTATTGATTCAAAAACCATAGACGCAAGCATAAAAGAAGTGTCCGAGAGGATAAACCTTGTGCGTGAAAGGTTAAGAGAAGGCTCTCCATACCTAAAAAGCCTTGAAAGTGGTATTGAATCTGCAAGGATAAACATGGAAAACAGCAAAAGCCTTTTTGAAAGAAGAGAAAGGCTTTTCTCTCAGGGTCTTATACCAAAAGAAGCATACGAGCAGAGTAAAACTCAGTATGAGGTAAGCAGGAGAGAATATGAAAGATTAAAGAGCAACTATCAGGATGTCATAGTTTCTCTTAGGTCTGAGGAAAGGGTGCTGTTGGCGGAAAGGGAAAAACTATTGAGAGAAAAGGAAAAGTATGTTATAAGAAGCCCTGTAGAGGGATATGTCCTCAAAAAGTTTGTAAACCCAGGGGACTACATAAACCACATGAGCCAAGAAAACAGGCTTTTCTCAGTAGGCTCAAAAGGTTGGGAGGTTTGGCTTGAGGTGGACGAAGAGTATGCAGGCATGCTAAGGGAGGGACAAAGGGTTATCCTTAGAGTAGACGCTTACCCTAATGAGAGGTTTGAGGGGAAAGTCCTTCAAGTAATAAGGGAAGTGGACAGAAATAGAAAACTTATTACTGTGAAAGTTTATGCTGAGCTACCTGAAGGCCTTCCCAACGGCTCAACGGTGGACGGTCAGATAGAAGTAGAAAGCAAGAAAGCAGTCCTTATCCCAGCAAGTGCTTACCAAGATGGTCATGTGCTTTTGTATGATGGTGTTAGAAGAGTCAAAGTCCCTGTAAAGGTTGGCAGAAGATACGGAGAATATCTTGAAGTCTTGGAGGGGCTAAAGCCCGGAGACAAAGTAGTAATGCCATGACGCATGTGCTTTTTGTGGCTTTTAATCTTCTACTTCAGAGGAAAAGGCAGACCCTCGTTTCTGTGCTTGGCGTTTCCATAGGTGTCTCTGCCTTTATAGTTATGAGTTCTCTCATGCTTGGCTTTCAAAACTACTTTATACAACAAGTGATAGACCTTGAGCCACACATAAAGATAAAGCCAAGAGAAGAGACACAGCAGGTAGAAGCCAAGGCAGTTTTACTTGGAGAAAAGCCAAAGGAAAAGGACAGGATACTGGGCTGGCAGGATATAGTGCAGGAGGTAGAAAAACATCCAGAGGTCTTAGGTGTATCACCAAGACTTGTAAGCAGAGGCATCCTAAAGTATGGAGTAAAGGACAAGCCAGTAACCCTTTTGGGCATTGACCCTCAGAGAGAGCCAAAGGCATCCATAATAGAGAAGTTTTTGGTGCA
CP117180.1_gap3	113906	115486	1580	AAATCCATGTCTTTGCTACTTGCCCTTAGCTTTTGTGCCTTTGCTTCTGAAATAACCGCCTACTATAGCCCAAGTTGTGGCTGTTGCAGTAAATATTTTTCAAAGCTGGAAAGAGATGGCTTTAAGGTCAAAAGGGTAGAGGTAAGCCCAGAAAGGCTTATGGAAATTAAAAGTCAACTTTCCGTTCCACCACAGCTCAGGTCATGCCACACAATGGTTTACGAAGGTAGGTTCATAGAAGGTCATGTGCCTCCAGAGGGTATAAAAAGGGTCTTAAGGGACAAAAACCTGAGAGGTGTAGCTTCTACTCATGGCAAAGCCAGTGCTATAGGAGATTACGAAAAACAGTATGAAATTGTAAGGAGGTAGAGACATGAAGAAGTTTTTGCTGTCAGCTACTTTGAAGTGAAAAGGCAGATGGAGTAAATACTAAAATGATAGGAGGTCAAGCCATGAAAGTTTTGGTTCTTTTACTTTTCATCTTAAACCTTTCCGCCTTTTCACAGCCTAAGGAACCGCCAAAGGGTGAAAGGTGTGTAGTCTGCGGTATGGATGTCAACATTGACCCAAAACTAACATCGCAGGTAAAGCTCAAGGATGGGTCATACAAGTATGCAGAGTCTCCTAAGCACATAATTAGATACTACTTGGATAACAAAGATAAGGTGGCAGAGCTTTGGGTAAAGGACTATAAAAGTGGCAGATGGATAGAAGGCACAAGAGCCTTTTATGTTCCTATAAAAGAAGGACCTATGGGTTATGACCTTGTGCCTTTTAGAAGCAGGATTGACGCTCAGGAGTTTGCCAAAAGTCCAAGGTCTGCAAAAAACAGAGTTTATCAATTTAGGGAGATAGATAGGACTTTCCTTGAGCATCTTGACACTGGACATGTTCATTAAGGATGTTAAATGAGTAGATTTGTAGAGCTCCTGCTGAAATACAGATTGGCAATTCTAATACTCATCGCCTTTATCTTAGTATACGGCTTTTATGCAATAAGGAAAACTCCCATAGACGCACTTCCTGACCTAACAGATACACAGGTAATCCTTTACTCCGAGTGGATGGGGCAATCTCCGCAGGTCATTGAAAACCAGCTCACTTATCCCCTTAGCTCCGCCATGCTGGGGCTTCCAAGGGTGAAGGCGGTAAGAGGCTACTCGGTGCCTAACTACTCGCTTGTGTATGTGATATTTGAAGATGGCACAGACCTCTATTGGGCTCGCTCAAGGGTTCTTGAAAAGCTGTCCTCCATAAGAAGTCAGCTACCATATCAGGCAAGGGTAGAACTTGGTCCTGATGCCACTGGTCTTGGCTGGATATATCAGTATGTGGTCTACTCGGAAAAAAGAAGTCTCGATGAGCTTTGGAGTTTGCAGAACTTCTACATAAAGTATGCCCTCCTTTCAGTGCCTAATGTGGCGGAGGTAGCCAGTGTAGGCGGTTTTGAAAGAGAATACAGAGTTACCCTAAAGCCTGAGCTTCTCACATACTACGGGCTCTCTCTACAAGATGTAGCAAAAGCGGTAGCAGGCTCTAATCTTGAAACAGGTGGTAAGTATTTAGAGCTAAATGGAAGG
CP117180.1_gap4	117894	122367	4473	CTTGGTGGGATAATTGCTGGTCTTTTAGTGGGCTATGCCTTTGACAAGTGGCTTATGGAGAGCCTCTTTGGGCTAAAAACCTTTCCCTTCGGAATGCTCTTTTTCTTCTTTGTAGGCATAATCTCAGGCTTTAGGAATGCTTACAGGGATTTGAAAAGAATTGAATGAGCCTTTCTTTGACTTGTGTAGGTATGGAGCATATCTTCCCTCCCTTTACGGTGCAGTGCTTTGTGCTACCCTTTGCCTTTATCGTTTCTGAAGACCTAAGAAGGTATTGAAAAGAAAAGGTAAAGCGGTCTAAATGTGAAAGCGTGATCTCAATCTCAAACTCCTCATCATAACGCAAAGGTTTTATAAAGTCGCAGTTTGCAGAAAGCAAGACCACATCTATGCCTTCCTCTCTTAGCTTTGAGTAAGGATAGCCCAAAGACCTCAGGAGCTCTCCTCGTGCTTCTTCAAAGTATCTAAAGTGGTTAGAGTGGTGCACTATCCCTTGGGCGTCTGTTTCGTAAAACTGAACCCTTCTGCGGTATATAAACACAAAGATATTTTATCCAAACCTTCCTGTTATGTAGTCTTCTGTGAGTTTCTTCTCAGGCTTTGTGAAAATCTTCTCTGTGGGTCCAAACTCCACAAGCTCTCCAAGATACATAAAGGCAGTGTAGTCCGATATCCTCGCAGCCTGTTGCATGTTATGGGTCACTATCACTATGGTAACCCTCTGCTTTAGCTCCACTATAAGGTCCTCTATTTTGGCGGTGGATATTGGGTCAAGGGCTGAGGTGGGCTCGTCAAAGAGAAGGACTTCGGGCTCTACCGCTATGGCTCTGGCTATACAAAGCCTTTGCTGTTGACCTCCAGAAAGGGAATAGGCGTTTGTATGAAGCCTATCCTTTACTTCATCCCAGAGAGCTGAACCTACAAGAGCCTTTTCTACCGCTTCGTCAAGTAGCTTTTTGTTCTTTATACCCCTTATCTTAAGACCATAAGCGACGTTTTCGTATATGCTCTTGGGAAAAGGGTTAGGCTTCTGGAAAACCATACCTATACGCATTCTAACCCTTAGTGGGTCTGTCTTTGAGTCTACAAGGTTCACACCGTCAGGATGTATTATTATCTCACCCTCATAACGAGCTCCCGGATATAGGTCGTGCATACGGTTAAAGGCTCTCAGAAGGGTAGTTTTGCCACAGCCAGAGGGTCCTATTATGGCAGTTACTTTCTTTTCATATATGGGAAAGTTTATGTTCTTTAGAGCGTGAAAACTACCGTAGTAGAAGTTAAAGTTTTTCGCTTCAAGTTTAACCTTAGCTGGTCCTGCACTTTGCACCGCTTTCCGCTCCTCTAACATTTTAGCAGGATTTACCATTGGTATTTCCTCCTTACTTTAAACCTTAAATAGAAGGCTATGGAGTTCATTAAAAGGGCTATCACAAGCAGGATAAAGCCTGCGGCAGCTGCGTTGGTGTGAAAGGCAGCCTGAGGTCTTGAAACCCAGTTGAACATTTGTATGGGTAAAACCGTAAAGGGAGACTTAAGCATTCCAATGAAGTCTTCCCAAGGTGCTGGTGGCAGGAAGGCTATAAAGGTTAGAGCTCCTATGGTTATGAGTGGTGCGGTCTCTCCTATAGCCCTTGAAGCTGCGATTATAAGCCCAGTGAGTATTCCACCAATTGAGTAGGGCAGTATATGGTGGAAAAGGGTTTCCCATCTTGTAGCTCCTAAGGCGTAGGCGGCTTCCCTTATGGAACGCGGAATTCTCCTAATAGACTCTCTTGTGGAGACCACCACAACGGGTAACATGAGAAGACCAAGAGTAAGACCTGCGGTAAGTATGCTTTCTCCGAACTCAAACCTGTATACGAATATTCCTAAAGCTAATAGACCGTATACTATAGAAGGCACTGCGGCGAGGTTTGATATGTTTGCCTCTATTATTCTTGCTATCTTTCCCTTACCTCCATACTCCTCAAGGTATATGCCCGCTGGAATGCCTATAAGGACAGCCCAAAAGATTGCCCCTGCCATGACTAAAACCGTTCCAACCCAAGCGGAGAGTATTCCCGCCTGGTCTGGAAACCTTGAGGGAAAAGAGGTGTAGAAGTTAGGGTCTTTTATTCTCACCCATCCGTCAATGAGAAGGTCTACAGCTATAGCAAAGAGGAAGAGTAGAACCAGAAAGGTTGCAATAAGTCCAAGTATTTCAAAAAGCTTATCCCTCTTCTTTACGCCCTTTGTGTAGCCTTCTATGTCAAACTCTTTTAGCCTTGTCTCTAACTCTCCTCTAACTTCGATACCCTGTTCCATCTTAATACCCCACTGTTTTGGATTTTAAGTAAACCGCTATGGAGTTTAGTATCAGGGTTATACCAAAGAGCATAAAGCCTGCAGCAAATATGGATAGATACTCAAAAGAGCCAAAGGGCAAGTCTCCAAGAGCTACTTGAACTATGTATCCTGTTATAGTCTGAACTGGCTCAAGAGGGTTAGCGGTTATTTGAGGATACATACCAGCTGCTACTGCCACCACCATAGTTTCACCTATCGCCCTCGAAAACCCAAGAAGGTACGCGGAAAGCACTCCGGACTTTGCAGCAGGAAGAACTACAAACAGAGCGGTTCTGAGCTTAGAAGCTCCAAGGGAATAGGATGCCTCCCTTAGGTATTGGGGGACACCCTTAAAGGCGTCCTCTATCATGGATGCGGTGTAGGGAAGTATCATTATACCTATGACTATGCCAGGGGATAGGGCATTCATACCTTCCACGTATATACCGAAGGGCGCAAGAAGTTTGCTAAGTATGGGGGTGACGAACAATAGGGCAAAGTAACCATAAACCACTGTGGGAACTGCCTCAAGAAAGTCAAGCCAGGGCTTTACCGTTTCTCTAACCTTCCAACTTGCGTATTCGCTCAAGTATATGGCTACTACTATCCCAAGAGGAATAGAAATCAACATTGATATAAAAGCAATAATAAAGGTACCGTTAACCAAAGGCCATATACCTATCTGCTTATAGTAGAATGTGGGAGTCCATTGAGTTTCCGTAAAGAACCTTATAAGTGAAGTGGGAAAGCCACCCCCTTCGGGGTGGGTGAAGAACCTTACGGTGTCTACCAACAAAACCCAGACTATGGCAAAGGTTATGAAGATGGACACAGCCCCCATAAGCATCAAGAAAAGATACAGGGCTATGTCTATTGACTTTTTAACTCCTATGGAGAGTGTCATTGCTTGGCTTCCCTCTTAAGAAGTTCATCTATGGTAAGACCAACCTCTGGCTCACCACCAAAGACGGTGCCGAGCACTCTCTTGTTGAACCTTTCTTCTGCCATCTTGTAAGCCCTGTCAGGAAGGGCTATGTATCCCACTTGTCTGGCTATCTTGCCTGCGTTTTTGAGATAAAACTCTACAAACTCTCTTACCTCAGGTCTTTCTTGCACAGCCTTTGCGTTTACATATATAAAGAGTGGTCTGGAGAGGGGTTGGTATGTGCCGTTTTGGACTGTTTGGTATGTGGGTGCTACACACTGACCAGTCTTAGGGTTTCTTATCTGTATAGCCTTTACCTTACCCTTGTTTTCTTCCACATAGGCAAGTCCAAAGTAGCAGAGAGCACCCCTTTCTCTTTGGGCAAACTGCACAAGCACATTGTCGTCTTCAGATGCAAGGTAGTCACCTCTTGAAGACTTTGCCTTACCCACTATTGCTTCGGTAAAGTAGTCAAAGGTTCCAGAGTCAGAACCAGGTCCACAGAGCTTTATTTCCTGTCTGGGCCAATTGGGGTCAAGGTCTGACCACATCATCCTTTTGCCCTGAGATTCAGGCTTCCATACTTCTTTGAGCTGATCTACTGTCATGCAGGTTGCCCAGTTGTTTCTTGGGTTTACAACCACCGCAAGACCGTCGTAGGCTACAGGAAGTTCAATATACTGAACGCCGTTCCTTCTGCACTCTTCCATTTCCCTTGCAAGTATGGGTCTTGAGGCGTTGGATATGTCCGTTTCGCCTCTGCAGAACTTCTTAAAGCCACCACCTGTGCCAGATATACCCACGGTGACCTTTACCGCACCCCTCTTTGCCTTTTGGAACTCTTCCGCTACACCCTCTGTTAAGGGATAAACGGTGGAAGAACCGTCAACCCTGATTATCTGCTGTGCCTTTGCGGGCACGGACAAGAGAGCCAAAGCTCCCATTGAGAGGACAGCACTTTTTAGCATCCTCTTTCTCATTTTACCACCTCCTTAAGGATTTTGCTATAAGTTTACAGGTTAATTGTTAAGATTTCGTTAAGAAACTCCACCAATAGCACGCTTCCTCTGTAGGACTTTGCCTTTTTCTTCAGTTGTGCGGACCTCTTGGATACATCGAGAGGGTCCTTAGACCCCTTTAAAAGAACCGCAGAGACTGAAGCCACCGGAAACTCCTTAAGCTCATCATCCCTGCCTCTTGCAAGATAGTAGCCTCTTTCT
CP117180.1_gap5	137976	140506	2530	GCTAAAGCTAAGAACGGGAGAGCTTATGCTTTTTTCATTGCCTAAGTCTTTTATATGCCACCTGTAGGCTACGCCTTCAAAACCAAGAGAGTAAAGCACATCCTCAAGGTAAGGATTTCCTATCCATGCGGGTGGGACAAAGATGGTGGTTTTTAGACCGAGGTATTCCATAAGCTCCAAGCCTGAGCGAACCCTCTCATAGGTTTCAATTAGGTCAAGTCCTCCAAACTCTCCCTCCCCGTCCGTCCAAAGCAGGTCTTGAAGCCTTTTTTTGCCTTTGTGTGTATAACCGTGCAATACTAACTCCGCTCCGAGGTTTTTTATGAGGTTCAAAAAGTTCCCATCTCCTCTCAGTGGTGCATATTCCCAGAAGTAAGGCACTACCAAGAGGGAAAATCTATTCAATTCCACATCCTCTAAAAGCTCAAGGGCACTTAAAAACTCCACCCTATAGTAAGGGCTCACATCATGCAGTTCCACTATTGCGAGCTTCATGAGAATAAGGATAGGTTGGAAAAGTTAAGATTTCTTTAAGGTTTGGTTAAGATTTGGTTAAGAAGGGGGCAAAGCCCCCAAAAGGTCTTATGGAGCTATCCAGTTTTCAAGATGAAGGACCTCTTCCATCTTAGAAGAGACATTTTGAGATATCTTATAGGCACAAAACTCAGGACCGCACATGGAGCAGAACTTGGCGGTCTTGTAGCCTTCCTGTGGTAGTGTTTCGTCATGGTATGCCCTTGCGGTCTCTTGGTCAAGGGCAAGCTCAAACTGCCTGTTCCAATCAAAGGCGAAGCGAGCCTTTGACATCTCAAGGTCCCACTCCCTTGCACCGGGCCAGTTCTTAGCCACGTCTGCAGCGTGTGCAGCGATCTTGTAGGCTATAACTCCCTGCTTTACGTCTTCAAGGTTTGGAAGACCAAGGTGCTCCTTTGGAGTCACATAGCAAAGCATCGCCGCACCATACCAGCCTGCCATCGCTGCGCCTATGGCAGAGGCTATATGGTCATAACCCGGTGCGATATCTATCACAAGCGGTCCAAGCACATAAAAGGGTGCTTCGTGGCACACCTTTTGCTGCACCTTCATATTGAACTCTATCTGGTCCATAGGCACGTGCCCTGGCCCTTCTACCATCACCTGCACATCGTGCCTCCAAGCCCTCTCTGTAAGCTCACCGAGGACTTTGAGTTCTGAAAGCTGTGCCTCATCTGACGCATCCGCTATAGCCCCAGGTCTTAGACCATCTCCAAGGGAAAAGCTCACATCGTATTTTTTGAATATCTCACATATCTTGTCAAAATGCTCATATAGTGGGTTTTGTTTTCCGTGTTCTACCATCCACTGTGCCATTATGGCACCACCACGAGAAACAATACCCATAACCCTGTGTTGAACCATAGGCAAGAACTCCCTTAGCACACCGGCGTGGATGGTCATATAGGAAACACCCTGTTGAGCCTGCTCTTCTATCACATCAAGAATAAGGTCTACAGTCATATTTTTGACATTACCCTTTGCCCTCCTCAGGGCTTCGTATATGGGGACAGTGCCAACGGGGACAGTGCTTGCAGCTATTATGGCTTCCCTTGTTTCCTTTATGGCTTCGCCAGTGGATAGGTCCATTATGGTGTCCGCACCATACTTTATGGCTACCCTTGCCTTCTCTACCTCTGTAGGTATATCAGAAGCCAAGCCAGAGTTTCCTATGTTGGCGTTAACCTTTACCCTTGAGTTTATACCTATACACATGGGCTCAAGGTGCAGATGGTTTATGTTGGCAGGTATTATCATCCTCCCGCGTGCAACCTCTTGACGAACAAACTCAGGGTGTAAACCTTCCCTCTTGGCAACATATTGCATTTCCTCTGTTATGATACTCTGACGGGCAAGGTGCATTTGGGTTTTGTTTTTGTATTTCCTTCTACCCTCTATCCATTCCGCTCTTAGCATACCGCACCTCCTTAAGGTTAATAAAGTGTGTTTATAAGATAATCACAAAGGGATTTAGTTCAATATGATTTTTGTAAGGGTTATAATCTTAATAAGACTTTTGGGGGATTAGAATGAAGGATAGGATTACAATAACAATTTTATGGCATGACCACAGGAAACCACTCAGTCTTAGCGTAAGAAAGTCCTTTTTGAGGAATTTGGCTATCTTGCTTTCCCTTGTGCTTTTGCTCCTTATAAGCCTTAAGGCTTGGGCTCTTTGGAATTATGTAGAGAAGTGGAGGTTATTGGCTAAGAAGGAACAGCTCATACAAAGGGTTGCTGACTTAGAAGAAGAGTGGAAAAGGCTTGACGAGGAAAGGCGGAAGATAGAAGAGAAAAAGCACAGGCTTAGTCACTTGGAGAAAAAGCTGTTGGATATACAGAAATACCTCTCAGAAAGGGGGGTGAAAATAAACTTAAGGGGTGCGGTAGGTGGTGGAAGGGCCTTTGAACCTGCACATTTAGACTACCTTGAAGCCCTAAATCTTTTTGCAGAAGAGACTTACAAAAGCTTGAAGGGTCTACCCATAGGTTATCC
CP117180.1_gap6	145205	148508	3303	GATGATAAACCCTAACCTTTCACCTTCTACAAGGGTTAAGATAGGAAAAGCTCTACTGCTTGTGGTTGCCCTTATAGGTGCCTATGTTGCCAGCTTCAGGCTTGCTATAATCGTTGAACTCGTTGCCTGGGCTTTCTCTCTTGCCGCAGCTTCTCTCTTCCCAGCTCTCGTGCTTGGTATATGGGACAAGAGGATGAACAAGCAGGGAGCTATAGCGGGTATGATAGTGGGTCTTACTGCAACCATCATATACCTATACCTTAGCAGGTTCAAAGGCATAGAGCTTTTCGGCATAAAGCCCATAGCATCCGGTATATTTGGCATGCCTCTTAACTTCCTCGTTGCCCTTGTGGTCTCAAGGCTTACACCACCCCCGCCTCAGAAGCTCCAAGAGTTTGTAGACAGCATACGCTATCCAAAGGGTGCAGTAAAGGCTGGAGCTCAGGAGTAATGGAGCAATTCCTCAATTACACCCTTGCCTTTTATATGTGGCTCGTCCTTGGGCGAGCCGCCCTATCCTTCTTCACGACAGATAGAAGAAACTTCTTCTACAACATGCTTTATATGCCTACAGAACCCGCATACAGGGTCTACAGGAAGTTTCTTCCCTGTTGTCATACCCTTGCCATAGTCATAACCCTTTTACTACTTAGGTATGCGGTCATAAAGTTACTCTAATGTTAGACGCAGAAAGGTTTCTCTCGGAGATTGAACCCTTTAACCTTCTCAGTGAAAAGCAGAGAAGAGCTATAGCCCATAACCTATTGGTGGAATGCTACAAAAAAGGTGAGGTAATATTTAAAGAAGGCTCAAAACCTTTAGAGTTTCTATACATACTTAGAAGTGGCAGTGTTCTGCTTGAGAGAGAAGGAGAGCCAGTAGAATACCTCCATGAAGGTGAGTGCTTTGGATATGTGTCTTTGATGAGCAAAAACCCACCAACTTCAACCGCAAAGGCTGTAGAAGATAGTGTGGTTTTTTTACTTAATAGAAAGATTTTTAGCTCCCTGATGGGAGAGCACGAAGGATTTAGAGAATATTTTACTCAAAAATTGGCAAGAAGGTTGGTTGCCTCAAAAAAACAACATACCTCCACGGTAGAAAAACATATGGAAGTTCTTCTTGAAGACCTAAACCTAAGACCACCACTTACCCTTGATGGCTCTAAGACAGTTGAGGAAGCTATAAGAGAAATGGTGGCAAAGGATAGCACCTATGTTCTTGTAAGACTTCAAGAGGGTCTGGGAATACTAACCGAGAGGGATGTGCTAAAGAGGGTATTAGCCAAAGGGCTAAAGCCAGAGGAAGTAAAACTGAAAGATGTTGCCACCTTTCCAGTAGTTTCTATAGAAAGCAATAAAACCCTTTACGAAGCCATGGTGCTTATGGCAAGGCATGGCATAAGGAAGATACTCGTTCTCAAAAACAGCACACCCATAGGCTTGCTTGAGGACAGAGATATTATAGCCTATGAGAGCAAGAATGCGGTTCTACTTATAAAGGAGATAGACAAGGCAAAGACAGTGCAAGAGCTAAGATACCTTTACGGACTTGTAAGGGAGCAGGTGTTGGATTTGGTCTTTCATGGCACAGACCCAGAAAAACTTGGAGAATACATATCAGAGATAAACGACCGCTTTATGAAAAGGGCGGTTTACATAGCTTTGAATAGGCTTGGAGAAGAACCCCTCGTTCCCTTTAGCATAATGGTCTTAGGAAGCGAAGGCAGGAAGGAGCAAAGCCTAAAAACAGACCAAGACAACGCACTTATATATCAAGACTATCCACTTCTTGACTTTGAGCCAAGAGCATATTTTGAAAGGTTTTCAAAAGTCTACATAGAGGTTCTTCTTCAGATAGGCTTTCCGCCGTGTCCTGGTAATGTGATGATATCAAACCCCTTCTGGAGAAGGTCTGCAGGAGAATGGGAAAGGGTGGTGTCAGAGTGGATTGAAAAGCCAAAGCCAGAAAACATACTTAACGTGGCGATTTTCTTTGACTTCAGAAATGTGTTTGGTGACCAAACTTTGGTGCAAAGACTGTGGCAACACGTGAAAAATAGCATAGAGAAAAACCCGGGCTTTATTCCCTTCCTTGCGGTAGATGCAGTAAGGTTTAAGCCACCTCTTGGATTTTTTAGAGACTTTGTAGTAGAAAGAAGTGGAGAGCATAAGGGCGAGATAGACATTAAAAAGGGTGGCATATTCCCCATAACTCAGGGTGTGCGAGCCTTAGCACTTGAAAAGGGCATATCTCAACAAAACACCTTTGAGCGTATAGAGGAGTTAAGTAAAAACGGAGTTTTAACACCAGAATATGCAAAAGACTTAAAAGAAGCCTACAGATTTCTCCTCGGTATAAGGTTCAAGTTTCAGGCACAAAAGATAAAAGAAGGCAAAGAGCCAGACAACTACATAAACCCTGACCAACTATCAAAGGCAGAAAAGGGAACGCTTAAGGATGTATTCAGGATAATAAAAGAGTTTCAAGAGTTTCTATATGAAAGATACAACTTGAGGTATTTTGAATGATAAGGGCTCTCATAGATAAACTCTTAGGGAGCAGGGAAGAGCTTAGCTGGGAGGTAAACAAAGAGACAAAAATTGAGGACCTGTGCTTTGTAGTCTTTGATACAGAAACTACTGGGCTTGACCTTAAAAAGGACGAAGCTCTAGGTATTGGTGCGGTAAAGATAGAAAACCTCAGAATAGACCTAAGCAAAAATTTCTATGCCCTTCTAAAGCCCACAAAGGAGTATAACGAATCAATAAAAGTGCACGGCATAACCCCAGAGGATTTACGCAGTGCAAGAGAGAGAAAAGAGATATGCATGGAGTTTTTAGAGTACGCAAAGGGATATATACTTGCAGGATACTTTCTTCAAATTGACATAGCCATGCTCAAAAGGCTTATAAAAGAGGAGTGTGGGTTTTCCCTGAAAGCCTACGCCCTTGACCTGCTCGACTTAGTGGAACACAAGGGTAAAGTGCCAACCCTTGAAGAACTTCTAAAAATCTTTAAACTTCCCATATCAACCCAACACAACGCCCTTGAGGATGCATATATGACCGCCCTCCTATTGTTAAGACTTCTGAAAGATGGAAACTACAAGAAACTCAAAGACCTTCCCGTTAGGAGATTTTAGCTCCTTATTTATCCCTTAAGTTATACGAGGGTTGCTTTTCTCAAGGCTTTGATTTATAAGGGTTTTAACTTGCGGGGGGAGGATTTGAACCTCCGACCTTCGGGTTATGAGCCCGACGAGCTACCAGGCTGCTCCACCCCGCGTAGGAATGTATTATT
CP117180.1_gap7	188989	190793	1804	TTTCTTTGGCTATCTGTCTTGCCTTTTCTGAGCCTTCCTCAAGTATATGTATAAGAAGCTCCCTGTCTTTGGCAACTTGTTCTCTTTTTTCTCTGATAGGTTTAAGAAAAGCCTCAAGACCCTCAAGCATGATTTTTTTACAGTCCACGCATCCAAGTCTACCGCTTTTGCATTCCCTTTCTATTTCTTGAGTTCTTTCTGATGGAGAGAAAACCTTATGGTAGAAAAACACAGGGCATATCTCTGGTCTTCCGGGGTCTCCCTTTCTTAGCTTTTGAGGATCTGTATAAAAGCTCATGACCTTTTTCTTTACCTCCTCTTCGCTGTCTGCAAAGTATATGGCGTTGTTGTAGGATTTGCTCATCTTTCTTCCATCTGTGCCTGGAAGTCTTGGAGTTTCTGTGAGCATAGCTTGAGGTTCTGGAAAGATTTCTCCGTATAAGTGGTTAAACCTTCTTGCTATTTCTCTTGAGAGCTCTATGTGAGGTAGCTGGTCTTCTCCTACAGGGGCTGCCTGAGCCTTGTATATGAGTATGTCCACTGCCTGAAGCACGGGGTAGCCTAAAAAGCCGTAAGTGTCCGTGTCGTAAAAGTCCCTCTTTGAGACATTGAGTTCCTTAAACATTTCCTTATCCAGATATCCCTCAAAGAGAGCGGTTATAAGAGCGTCAGATATGGTGTCAAGAAGTAGCTCCTCAAGAGCGTCAAAGTCTTCAACCTTGTAAGGAAGTTTTGCTACAAAGGTCTTTATGTGGTCTCTAAGACCGCCTTTAAACATAAGGCTAAGGTCTGCAATCCTAAGGAGGTTATACTTAGTGTCCTTGTAAGTGGGGTTCCACTCAAGCCAGCTCTTGGGGGTTATCATGGAAAATATGAGGAAAAGCTCCGCATGTTCCTTTACCTTTGATTGTTGAAATACCACACTCTTTTTTGGGTCAATGCCTAAAGTAAGCCAGTCTATGAGCATATCCTCTATGTTCTGAGGTATCTCATCTACCTTTTTGTAGCCTGTAGTGAGGGCATGCCAGTCCGCTACCATATAAAAGGTCTCGTGTTCCTCTTGGAGTTTTACCCAGTTTTTTATCACGCCAAAGTAGTGCCCAAGGTGCAATTTCCCTGTAGGCCTCATACCGCTTAAAACTCTCATAGTCTAAATATTAAAACACAGCTAACGATTATAATAATTATCATGGACCTTCTTACGGTTATAGGTGTTGTGGGAGGGCTTGTAGCTCTTCTTATAGGTGCGGTTCTTAAAGGAGCGAGCATTCTTTTTCTTATTCAGCCTGCTGCCTTCGTTATAGTGGTACCAACCACCCTGTTTGCAAGTTTAGTAACCGTGCCTTTGGCAAAGTTTTCTCTAATTATAGAAGGACTTAAACTGGCTTTTAAGGGCGGGGGCAACGAGGTTCTTGAGACAAAGACTCAGCTTGTCGAACTGGCAAATATTGTAAGGAAGGAAGGTATGCTTGCCCTTGAAACCCGTGCGGAGGAGATAGAGGATCCCTTTCTTAGAAGGGCTATAGACCTTATGGTTCTTGGTGTGGACGAAAACGTGCTTGTGGAAAGTCTTGAGGCGGAAATAGCAAAAAAGGAGGAAGACTTTGAAATAGCGGTGGAATACTGGAAAAACTCCGCAGAGAGTGCACCTACCTTTGGGCTTGTGGGTGCGGTTTTTGGGCTCATGAAGGCTCTAAAGAGCCTTGACAACGCTCAGGAACTTGCTTATGGAATATCATCCGCATTTGTTGCAACAGTTTACGGTATAACCTTTTCTTACTTAATCTTTGGTCCTATCTCCAAA
CP117180.1_gap8	307345	308895	1550	TTTCTTATCTCCGCCTCAAAGCCTACCACAGACTTTCCAAGTCTTCTTTTTATTATGTCTTCAAGCCCTACAAAGGCACCACCGCAGATAAAGAGGATGTCTGTGGTGTCTACCTGTATGAACTCTTGGTGAGGGTGCTTTCTTCCTCCCTGTGGTGGCACGTTAGAAACCGTCCCCTCTATTATCTTCAAAAGGGCTTGTTGAACACCTTCACCAGAGACGTCTCTCGTTATGGAAGGGTTTATACCAGCTTTTTTGGCTATCTTGTCTATTTCGTCTATGTATACAATTCCCTTCTGTGCAGCTTTTACGTCGTATCCGCAGTTCTGCAAAAGCCTTACGAGGACGTTTTCCACATCCTCACCCACATAGCCTGCCTCTGTAAGCGTGGTTGCATCTGATATGGCAAAGGGGACATCTAAGATTTTTGCCAGAGTTTTCGCCAAAAGGGTTTTACCAGAACCCGTAGGACCTATTAGTAATATATTGCTCTTTTCCACCTCTACGTCGTCAAGATTGAGACCGAGCTCCTTCGCCCTTATTCTCTTGTAGTGATTGTATACCGCCACAGAAAGCACCTTCTTTGCCCTTTCTTGTCCTATCACATACTGGTCAAGCTGTCTCTTTATTTCCTCAGGCGTGGGAATTTCCTTAGAAAGGCTATAGCTAATGTGTTTTTTCTGGTCTTTTATTATGTTGTTGCATACTTCTACACATCTATCGCATATAAAGGTATCGTTTGGTCCTGCTATTAGCACCAAAACCTCGCTCTGAGACCTTCCACAAAAAGAGCAATGGTTTTCCTGTTTTTTCCTTGACATATTAGCTCCTTTTTTCTATAACTTTGTCTACTATACCGTATTCCATAGCTTCCTGAGCAGACATAAAATAATCCCTTTCCACATCCTTTTCAATCTTCTCTAAGGGCTGTCCAGTGTGCTTGGAGAGGATTTCATTTAACATATGTCTTATCCTTCTTATCTCCTCCGCATGGATTATTATGTCTGTTGCCTGACCTGATATGCCTCCAAGGGGTTGGTGTATCATTATCCTTGAATGGGGCAGCGCATACCTTTTACCCTTTGCACCAGCAGAGAGCAAAACCGCACCCATGGATGCTGCCTGACCAAGGCATATGGTAACCACGTCAGGCTTTATGTATTGCATGGTGTCGTATATTGCCATGCCCGCGGTGACAGACCCACCAGGTGAGTTTATATACATGTATATATCTTTTTCTGGGTCCTGAGCTTCAAGGAAAAGAAGCTGAGCGACAATAAGGTTAGCTATGTGGTCATCTATGGGAAAACCAAGCAAGACTATTCTATCTTGTAGAAGCCTTGAGTATATGTCGTAAGCTCTTTCACCTCTTGGGGTTTGCTCAATTACTATGGGGACAAGTTGGTCAAGTATTTTCATTTTTCTCCTCCTTTTTATCTTCTGTCTCCTTTACTACAGCTTTTGAAACTATGTCCTCAAGAGCCTTTTCTCTCTTTATGTCCTCTTCAAGGACTGGTAGCAGGTTTTCCCTTTCCAAAAACTCCCTCATC
CP117180.1_gap9	311024	314762	3738	GCGGAAATAGTCTTCAAAAGCCCTTTGAAATTCAAAGGCTCTGGAAAAGTCCTCACCTTCCACGTGCCATGCCACTCCTACAGTGCCATGAAGGTAAGCGACAAGGTCTTCTACGGTGTCATGGAGAGGATTGAAGGCGATGAGGTAAGAAAGGCGGAAAAGGACAAGTCTTGCTGTGGCTTTGCAGGGCTCTTTTCCATAACAAACCCCAAAATGTCAGACCAAATACAAAAGGAAAAGGTCCAAGACCTTCAGAAAACTCAAGCGGATGTGGTGCTTACCACCTGCCCAGGCTGTGTGCTTAATTTAAAGGATGGAGTTAAAAAACATAAAACGGGACAGGAGGTCTTGCACTTGGCGGACTATCTGGCACAAAACCTTGAGGATTGATATATAATTGCACTATGCGAATATTAGTAACGGGAGGGGCAGGCTATATAGGCTCTCATATGGTAAAGCTCTTAGGTGAGAGAGGATACCAAGTCCTTACTGTAGACAACCTCTCAGATGGCAACCCTTGGGCGGTGCTATACGGAGACCTCAAGGTGGTAGACCTTCTCAACTACAAAGCCCTTGAGGAAGTCCTGCTTGAGTTTAAGCCAGAAGCGGTTATTCACTTTGCTGCAAAGGTAAAAGTCCCAGAAAGCGTTAGAAAGCCACTGCTATACTACGAGAATAACTTCATGGGAACTCTCAACCTTCTTCAGGCTATGCAAAGAGCTGGGACGCAGTATCTCATATTCTCCTCCACCGCTGCAGTTTATGGCATACCAGATAAAGTCCCAGTAAAAGAGGATGACCCAACAAAGCCTATTAATCCCTACGGCTGGAGCAAGCTATTTACAGAGCAGGCAATAAAAGACTTCTCCTATACCACAGGCTTAAAGTATGCCATTCTCAGGTATTTCAACGTAGCGGGTGCAGACCCAGAAGGAAGAATAGGACAAGTAAGCAAAGAACCAACACATCTCATCCTAAGAGCAGTAAAGACTGCAATCGGTCAGTTTCCCCACATGGAGGTCTTTGGAACAGATTATCCAACACCTGACGGGACGTGCATAAGAGACTACGTGCATGTTATGGACCTATGCGAGGCTCACTTAAAGGCTTTAGACTACCTAATGGGCGGAGGGCAAAGCGATGTCTTTAACGTGGGATATGGCAGAGGATACTCGGTGCTTGAGGTGGTGCAAAAGGTGAAAGAGGTCTCTGGTATAGACTTTGAAGTAAGATACGCACCAAGACGCGAAGGAGACCCACCCATGCTCGTGGCAGATAACCAGAAGGCAAAGCAAATACTTGGCTGGAAACCTCAATATGACAGCTTAGAGTTTATCATAAAAACCGCCTTAGACTGGGAAAAATCCTATATTTATTCCAATGGAACTTGAAATCCTGGAAAAGCTAAAGGAGATAAGAGACCCAGAGATACCTATAGACATAGTGAACCTTGGGCTTATCTACGGCGTGCAGGTAAAAGACAGAATAGCCTATGTGGATATGACTTTAACAGTTCCTTCTTGTCCTGCAAAGGGATTTTTTGCAGAACATATAAGGGAACATCTGCTTAGAAACTTTCCCCAGTTGGAGGATGTTGTGATAAACTTTGTATTTGAACCTGCTTGGAATAGGGATAAAATATCTGAAGAAGGATTGCAAAAACTTAGGAGTATGGGATGGAATATCTAAAGGATAAGTTCAGAGCACTGGCAGAAGCCATAGAGAGGGAATCTGTCCTTGTCCACCGTGCTGCCCTGGTGGATGGCTATAGGGACATACACAAACTGAGCAAATTGGGAATAGACAAGGTGATAAAGAAGGCAACCAATTATGGAGGGAAAAAGGGAGCAAAGATATTAAAGGAGAGGTATGGCATATACACAGATAGGTTGGATGAAGCCCTTGACATTCTAACGGTCATAGCAGAGTCCTCCAGGCTTTTGGATGTTTTTGAGTATGACCTTGACAAAATGGAAATAAGGGTTGACGGCTCAATACTGGTAGAAGCAGTGGGAAGTAGCAAAAGCCCTGTTTGTGAACCCATGGCCGGCTTCTTTGAGGGTTTTCTTAGTGAGTTACTTGACAAAAAGATAAGCGTTAAAGAAGTTGCATGTAGAGCACAAGGTCATGAAAGGTGTATATTTAAGATAAACCTTAAGTAATATGGCGGTCATAAGGGTTAGGACAACCAAGCATACCAGCTTTGTAAACATAACCAATCAGGTCAAAGAAATAGTGAAAAATTCAGGTGTCAAGTCTGGCATATGCATTGTATACGTTCCTCATACTACCGCCTGTGTCTTTATAAACGAAGGTGCAGACCCAGACGTAATAAGGGACATCGCCTACTCTATAGAGAAGCTCATACCATGGAGGGATAACTACGCCCACTCAGAAGGAAACTCTGCAGCACATATAAGAAGTGCCATAATAGGCAACTCAAGGGTAATACCTATAGAAGATGGAGACCTTGTCCTTGGCACTTGGGAAGCGATTTTTCTTGCAGAGTTTGACGGACCCAGAGAAAGGAAGGTTATAGTTAAGGTCATAGAAGACTAAGTGAGGAGTAGTATGAAACTTTTCCTGCTGTTGACTTTGTTCTTTAGCATTGCACTGCCAAAGGAAGTGCCTTTTACACAAGAGGATAGAGACAGGATTATAAGGCTGGAAGAAGGTCAAAAACACTTACGAAAGCAGATAGACGAACTTAAAAGAGACACGCAAAGACAGTTTGACGAATTAAGAACCTTTCTTTATTGGGGTTTTGGCATATTATTTGGAGGTATGGGTATTCTCATAGGTTTTGTCATATGGGACAGAAGAATTGCGGTTGAGCCTATGGCAAGAAAGCTAAGAGAAATTAAGGAAAAGGAAATTCTAAAAAAGGAGGGCTTGATTTGAGATTGGTTGCTCTTGTCCTAATGCTTTTTGCTATCGCTTTGGCAAAGGAAGTTCCTTTTACTCAGGAAGATAGGGATAGAATTATAAGGCTGGAAGAAGGGCAAAAATATCTCCAAAAACAGATAGATGACCTTAAAAAACAGATAGATGACCTAAAAAAAGATACGCAAAGGCAGTTTGACGAATTAAGAACCTTTCTTTATTGGGGTTTTGGCATATTATTTGGAGGTATGGGTATTCTCATAGGTTTTGTCATATGGGACAGAAGGACTGCAGTTGAGCCTGTGGCAAGAAAGCTAAGAGAAATTGAGGAAAAGGAAGAGAAGATAGAAAGATTTATAAAAGAGCTTGCACGAAAAGACCCTGAGATAAAGGAAATTGCAAAAAAGGAGGGTTTGATTTGAGAGTGGTTGCTCTTGTCCTAATGCTTTTTGTTATCACATTAGCTAAAGAAGTGCCATTCACACAAGAGGATAGGGATAGAATTAGAAACGTGGAACTCAAGGTAGAAAGGTTAGAAGAAGGGCAAAAGCACTTACAAAAGCAGATAGAAGAACTTAAAAGAGACACACAAAGGCAGTTTGACGAATTAAGAACCTTTCTTTATTGGGGTTTTGGCATATTATTTGGAGGTATGGGTATTCTCATAGGTTTTGTCATATGGGACAGAAGGACTGCAGTTGAGCCTGTGGCAAGAAAAATTAAAGAAATAGAAGAAGGGGAAGAGAAGTTAGAAAAGGTTATGAAAAAACTTGCCAAAAGGGACCCTGAGATAGAAAAAATATTAAAAGAAGAAGGACTTGCATAGGAGGTAAACATGGAGTACGTGTTGGCTTT
CP117180.1_gap10	408923	412363	3440	AGGTGTGGATGGGGCTTTATACAAGGCTATGGAGTTTGATGGCGAAGCCATAAGAAGCCTTTCTGTGGAGCAGAGGCTCACCATAGCCAACATGGCAATAGAGGCAGGTGGCAAGAGCGGAATTATAGCACCCGATGAGAAGACTATAGAATATGTATCTCAGAGGGCTAAAAAGCCATGGAAGGTATACCAAAGCGACCCAGATGCCCAGTACGAAGTGGTATACGAATGGAACGCCGGTGAGATAGAGCCTTTGGTGGCTTGGCCCTATCTTCCTTCAAACGTCCATCCTGTGTCTGAGTCAACCCATATAACCATAGACCAAGCCTTTATAGGCTCTTGCACCAATGGAAGAATAGAAGACCTAAGGATTGCGGCAAAGATACTAAAAGGTAAAAAGGTCCATCCCTATGTGAGATGTATAGTCATTCCTGCGTCAAAGCAGGTTTACATGCAGGCTTTGAAGGAAGGACTCATAGATATATTCCTGTCTGCTGGGTGTTCTGTTTCTGTATCCACATGCGGTCCTTGCCTTGGTGGTCATATGGGTATATTGGCAGAGGGTGAGCGATGCATATCCACATCTAACCGAAACTTCCCCGGTAGGATGGGACATCCAAAGAGCGAAGCCTATTTGGCAAACCCTGCAGTGGTTGCCGCCAGTGCAGTGCTTGGTAGGATAGCTCATCCAGAGGAGGTTGTCAAAAAGGAAGAGCTTGAAGAGGTTCTTGCTTGAGGCAGACCTACATAGGCTTGCCTACTGGCTCAGACTTCTGGGCCAGGATGCACTTCTTTTAAAGACCGCTATAAGTAAGGTGGAAGTTCTAAAGCATCAAGGTAGGGTTTTTATAACCACTTCACGAAAGCTTGAGCAACACTTCAAAGCTTGGGGCATAGAATACTTGATAATTCCTAAAGATGAATGGGAAGTCCAGCTCTGCCTTCTTATAAAATACTTTCAAATAGAGCCAGTGCTTAAACTCAACAGGTGTTACCACTGCAACGGAGAGCTTTTAGCAGTGAATAGAGAAGAGGTAAATGACAGGGTTCCACCCATGGTTTATCTCTATGGAAGAGACTTCACCCTTTGTCCTCAATGTGGCAAAGCCTATTGGAAAGGTTCACATCATCCAAAATTAAGAAGAGCCTTGAGAAAGATTCTTGCTTCCTGTTAGGTATTCTTCCACTCTCTTTGCCACCTCATCACTTGACCTTATACAGTCCGCAACAGACACACCGTGCAGGTAATTTCCAGTTAAGAAAAGTCCTGGGTTTTCTCTCTCGAGGGTCTTTGTCAACTCAAGGTATTTTCCATAGCCGAGGGTGTATTGAGGTATGGCTTTTTTCCACCTCGTTATGTTAAGAAGCTCCACATCGTCTACACCAAGCGTTTCTTTCAGCTCCCTTTGGGCTATGTTTATTATTTCTTGTTCTTCATAGTCTATTATCTCTGGGTCTGTGGCTCCGCCCATGTAGATGGTCAAAAGCTCCTTGCCTTCTGGAGACCTACTTTTGAATATCTGAGAGGAGAACAAAACTCCAAGAATCCTTTTACCTTCCACCCTTGGCACGAGGAAGCCAAAGCCAGGAGGAATTGAACCAGACCTTACGCTCACATGTAGGACTATAACGGGTGCGTAATATATACTGTCAAACTCTTCCGACGCACTCCATGATATATCTCTCAGTAGGTAGCCTGCGGAGGTAGCAGGAGCAGAGACCACCACAGCCCTTGCTTCATATTTACCCTTTTTGGCATCAAGCACAAAGTAGTTTTCCTTCCTTCTTATTTTGAGAACCACGTTTTCCGTGTCAACCTTTAGCTCAGAAGAAAGCTTCTCTATCAACGCGTAGTTTCCACTCTCAAAGGAGATAAGCCTACCACCAGGACCCAGAGCCTTTAGCTTTATAGCTCCTTTTATAAGACTTCCAAATTTTTGCTCAAGCTCGTAGACCCTTCTGACCGCATACTTTACAGAAAGTCCTTCTGGGTCTCCTGCGTAAACACCCGACACGAAGGGAGCAACTATGTAGTCAAGAAACTCCCTGCCAAGCCTTCTGCGAACAAACTCTCCTATGCTTTCCTCCGTTTTTACTGAGGGTGGAACAAAGGGTTCTCTCAAGACCTTGAGCTTGGCACCAAAGGACAAAAGAGGAGACTTTAGAAAACTAATAGGGGACATGGGGAGGGGTATTAGCTTACCTTTTTTGTATACATACCTTATTTTGGAGCTCTCCTCTGCGTATTGTGGACTTATGCCTACCTTCTTTAGAAACTCCTCCACCTTTGCATCCGCTAACACCGTTTGAGGACCAAGCTCAAGTATGTATCCATTTTTTCTTACAGTCTGTATGTTACCACCGGGTAGCTCTTCCTTTTCAAAAACATGAACACTAAAGCCCTTGCTTTTAAGATGCAAGGCTACGGAAAGACCAGATATGCCTGCACCAACTACCGCAACGTCTATCATGTCTTATAGGGCACTCCCTTAAGAGGTGAGGAAGGCACTGCATAGGTTCTCTTTGGCATCCTTCCCGCAAGGTAAGAGAGCCTTCCTGCAATAACCGCATACTTCATAGCGACCGCCATCTTTATGGGGTCTTTTGCCTCCGCGAGGGCTGTGTTAGTAAGAATTGCGTCCACACCAAGCTCCATCACCGGTGGAATGTCCGCAGCACTTCCTATGCCTGCGTCCACTATAACGGGCACTGAGACCGCTTCCTTGATGAAGATAAGGTTATAAGGGTTTTGCATACCAAGACCAGAACCTATGGGTGCTGCAAGGGGCATTACCGCAGCACAGCCTATGTCTTCAAACTTCTTGGCGTATATGGGGTCGTCAAAGATATAGGGCAGGACTACAAAGCCTTCCTTTACCAGAAACTTCGCTGCCTTTAGGGTCTCTTCCATGTCTGGTAGGAGGGTCTTTTGGTCTCCTATAACTTCAAGTTTTACCCAGTTTATGCCTGTTGCCTCCCTTGCCAGCATGGCAGTCCTTATAGCCTCGTCTCCAGTGTAACAGCCTGCTGTGTTTGGAAGTATCTGATACTTTTGAGGGTCTATGTAGTCAAGTAGGTTTTCTTTGTTTCTGTCTGTTATGTTTACCCTTCTGACCGCCACGGTTATCATCTCTGCACCACAGGACTCAAGAACCTCTTTGTTTTCCTGAAAGCTTTTGAACTTACCAGAGCCTATTATGAGCCTTGAGCGAAAGCGTTTGCCTGCGATCTCAAGGTAGTCATCCTCCAAAAGCCTTTCATAGTCTAACATCTATCCACCTCCTACAATGTTTACTATCTCAACCCTATCTCCCTCTTTCAGCTTGTACTCCGCATATCTACTCTTTGGGACTATCTCCTCGTTTACCGCCACCGCAAGTCCCACGGGTCTTACCTCTATGCGGTTTTTCTCTAAAAGAGCAAGCAGACTGATATCCTCT
CP117180.1_gap11	413375	416018	2643	TCTAACACTTCATGCGGTTATAAACGCTATAGTGTTTACCACCGTTCTGATAGTTGCCTTTGGAAACCTTATGTTTCTCTACCACCTTAAGAAACCACTTAGACCCGCTGTCCAGTGGACTGGTGCTATTTTGATGGTTGTAGGAACTCTTATGGCCGCTTGGGCTATGTTTACTGGCAAAGCGAACGTGCTTTATACCTTCTACCCACCTCTTTTGGCTCACTGGAGCTTTTATCTTGGTGCTGCACTGTTGGCGGTAGGTTCTCTTGTGCCCTTCTTCTTTGACTGGATACCCAACTACATCTCTTGGAAAAGGGAAAATCCCGATAAAAAGGTTCCTCTTGCGGTCTACGGCGTTTTTATAAACCACATACTCTGGCTTATAATGCTTGTTCCTCTGGTAATAGAAATCTTTTTCCAACTCTTACCACTTTCCTTGGGTCTTGTGAGTGAAATAAATCCCTCTTTGGCAAGAACCCTCTTCTGGGCTTTTGGGCACCCAGTGGTTTACTTCTGGCTATTGCCTGCATATGTGATGCTATATACAGTTCTACCTAAGGTTGTTACAGGCGAGGGCAAACTTTACTCCGATGGTGCTGCAAGACTTGCCTTTATACTCTTCCTTATATTCTCCTTCCCTGTTGGTCTCCACCACCAGTATACAGAGCCAAGCATAACCGATAGCTACAAGCTCATACACGCCATCTTCACCTTTGGTGTTGCAGTGCCAAGCTTTATAACCGCTTTCACTGTTGCTTCTTCTTTGGAGTATTCCATAAAGTCCAAGTATCCTGAAGTAAGAGATTCTCTTTTCGCTTGGTGGAAAAAAATACCTTATGCAAGCACAGAAGGTGATAAATGGCTTGTGTCCTACTTCATGGCTGGGCTATTCTTGTTCCTCATAGGGGGAATAACAGGAATAGTCAATGCTTCTTACAATATGAACAATGTGGTTCATAACACTGCTTGGGTTCCTGCACACTTTCACACCACGGTTGGTGGTCTTGTGACTCTCGTTTTCTTGGGTATGGCTCTCTATTTCTTGGCTCAACTTAAGGGGACAGAGGTAAAAGCGAAAGGTCTTGCGGTAGCAGCTCCATGGCTATGGCTCGTGGGTATGGTTATATTCAACGTGGGCTATTCCATAGCAGGTCTTATGGGCTATCCAAGGAGGACACAAACGGGTGCAACAGGTTCTTACTTTGACCCCTCTTCTCCCTACTATATGCCTGACTGGCACTTTTATGCGGTGTTGGGGGCTATAGGTGGTGTAATTGCTACTCTTGGCTTTGTCCTATACCTTGTGTCCTTTGTCTCTACGCTTTTTGCACCTGCAAAAGAAAATGCGGAGCTTTATATCCCAAGTGCAGAGCCCTATCATGACGAAAAAATGCCATCTCTTCAAAAACTCACTCCATGGGTTGCTTTCAGCGTAATTCTCTTTGTGGTTTCCTATATCCCACCTCTCTACGATGTTACAAAGAGGGGTGTTTTCTTTGATTCCCCAGGCTACAATGACAAAAGCCCAATTCCCATCACAAAACCTCAATCCGCAAGGGATGAAAGAAAAGAAACCGCAGAGGCTAAGTGAGGGTCCGTCGTGAGTGGTGTTTTGAGAGGGCTTGTGGCCCTCCTTTTTCTTATAAATCTTTCCCTTTCTCAAGAGGCTTCAACGGGAATACCACCCAACGAGAGAAGAACTCTTGGAAAGGAGCTTCCTGATGTGCTTTTGGTAGACTCCTTAGGAAGAGAGTTTAACCTTCACACTCTCAAGGGAAAACCCATTATCTTAAGCCCCATATATACACACTGCAACTCCGCCTGCCCCATAATAACGGACTCTCTAAAGAAGGTAGTTCCAGCACTTGGAAAACCCGGTGAGGACTTTTGGGTTCTTTCCTTCACCTTTGACCCCTTAGATGGACAAGAAGACATAGTAGCCTTTCAGGAGAAATACGGTCTTGACGGTGAAGGCTGGAAGGTAGTTAGGGCAAAGACAAAAGAAGACCTCTTTAGACTTGTGGATGCCATAGACTTTAGGTTCATGTCTATTCCTAAGACAAGGGACTTTGTCCACCCTAATCTTGTGGTGTTTATATCTCCTGATATGAAGGTCAAAAAGTATATCTACGGTGTGGTCTTTGATGAAAAGAACATGGTTAAGGCTCTACAATATTCCTTAGGTGCCAGAGACCTCTTGGAAGATTTTAGAAGTTTTCTCTTCTTTTTTGGTCTTTTAGGTTTGTCCTTTAGCGGGCTATATCTTGTGATATCCAGTGCAAGACTACTTCAGAAAAGAGAAGAAAGCAGGAATTTTCAAAGGTAATAAGATAGAGCTTGTTCAACTATCCCTTTTACCTCCTCTCTAACACCTCCTTCTCTTGGCATATCTAAAAGCAATTCATACATGTAGCTTCTGTCTACCTCATCGTCAAACTCTTCAAAGTCCACAGAAAGCAAAAGCTCCCTCGCCTTTTGGTTTAGGCTTTTAGGTATGTCCCTCTCTGACATTCTACACCACAAAAGAGTCCAAGCTCTTGCAAGTGCAATAGGGTGGTAGCCTCCACCTCCAAGATATATACCCTCCCCAAGCATATCTCTTATTAGGTCAAAAGCCTTAAGAAAGCCCCAGTTGGAGAGCTC
CP117180.1_gap12	430546	435388	4842	GAAAAGCCTTCTTACTTTGCCATAGCCTTTGACCTGCCTGCACCTACAAAGAGAGAAGAGGTCTATAGAGAATACAAAGCCAAGAGACCTTCCATGCCAGACCCCTTAAAGGTCCAGATACCAGTTATAAAGGAGCTTGTTGACCTTCTTGGCATTAAAAGGTATGAAGTGGAAGGCTATGAGGCGGATGACATAATTGCAACCATAAGCTGGTGGGCTCTTGAAAGAGGTTTTTCTGTAAAAGTCTACTCACCAGACAAGGATATATTGTCGCTTGTGTGTGAAAGGCTTGTAGTGGTTAATCCCATAAGCGGTGAGGTCTTTGACAGGAAAAAAGTTTTGGAGAAGTTTGGCGTTCCACCAGAAAAACTTCCAGACTACCTTGCCCTTGTGGGTGATAAGGTGGATAATATAGAAGGCGTAAAGGGTATAGGTCCAAAGACTGCCATAAAAGTTCTTGAAGCCTACGGTAGTGTGGAAAACCTTTTGAGAAACTGGCAAGACTTCCTTAGAGCCTTTCCTCAGGCAAATAGAGAAAGCCTTGAGCTTGCTTTATCTCTTCTAAAACTGCAAAAAGTAGAGGGTTTAAGCCTAAAAGAAGAAGAGTTAAGGCTAAAAAGTCCTAACTTTAACGCATTAAGGAAAAGGTTTGAAGAATTGGAAATGAAAAGCCTTATAAAGGAGCTTGACAGCCTCTCAAAAGCCTCTGCACAAAAGAGCCTTTTTTAAAAGCTCTGGTTAAACCTCTCATAAATGGCGTCAAGAGACCTTATAAGATTGGAATAAACCTCGTGAGCTCTGTGGGTTTGAATAAGCTTTGCCATTTCAAGAATAGGGTTCACATTGGAAAGTTCAAGAAAGCCTTGCATAAGCCTATAGCCTTGAGCAGGCTGAGCCTGACCTGTATAGAGGTCTCTTCCTATTTTCTGAGGGTTTTGAAGCTCAAACACACCGATAGTAGCAATTTGCTGACCGTTTACAAACACAGAACCATCAATACCAAAAGTTGGTTGCCCTTCCAGCCTTATCTCATTGAGGTTTGTATCAAGCACCCTGTAGCCAAGCTCGTTGACAAGGTAGCCGTCTGCGTCCAGCCTAAAGTTTCCCTTTCTTGTATATAGCACCTCTTGACCACTTCTAACTGCAAAAAAGCCATTGCCCTCTATGGCAAGGTCAAGCGGGTTTCCCGTCTGTTTTATAGCTCCTTGAGAGAGGTCTGTAAAGACCCTTTCCATGACTGGATATAAAAAGTTGTTGCTTGGGTTTTGTGGGTCGTTGTCTGGAAAGCCTTGACCCATAGGAGTTTCCCAGAGGCTTGCCAAAATTAGGTCTTTCTTAAAGGCTGGCGTATCCACGTTGGCAAGGTTGTTGGTTATGGTTTCCAACTTTCTCTGCTGAAGTAGCATTCCACTGGATAGGATATATAAAGGCTGGTATTCTATCGCCATTTTTAAACCCCCTAAACCATATTTTAATGTAGTTTGCAAGTGGTGTGCTATAATTTCCCAGTGTCTTCAAAAGACATAGCTTTAAAGGACATCTTTGAGGAAATCCCTTACAGGCTAAGCAGAATACTCACACCAGCACCCATCAAGGAGCTACTACCCACAAACTTTCCCTCTACAGAGCTAAGAGTGGACTTTTTAGCAAGACTTGAGGACGAAAGCATACTGCACATAGAATTTCAGTCCTTTAACGACCCTAACATGCCCTTCAGAATGCTACGCTACTACCTTGCCATATTGGAGAGATATCCTAACACTCCAATAAAACAGCTCCTTGTTTATGTGGGAAACAGAAAACTAAGAATGAAGTCAAGGCTAAGGCTTAGAAATCTTACCTTTAGCTACGAGATGATTGACATAAGGCAGATAGACTGCAAAGTGCTTTTGGAAAGCCCAGACCCTATGGACAGGCTTTTGGCTTGTTTGTGCAAGGTAGAGGATGAAGTGTATCTGATAGAAAAGCTCATAAAGACCATGGAAAGCATGAACGAAGAAGAGAGAAAAGCCTATCTTTTGAAAGCCTTGACGCTAACAGAACTAAGACCTAACTTAAGGATAAGGTTTACGGAGGAGGTTAGGCACATGCCTATAGTGGTCAGACCTGAGGATGTAAGATTGCCAAAGAGGAAGTTGAGAAAGGATATTCTTTATAGGCTTGGACTTGAAGAAGGTAAACAGATTGGACTTGAAGAGGGTAGAAAAGAGGGCGAAGTTATTGGTGTTGAAAAGGGTAAACGGATTGGTATTGAAGAAGGTAGGCAAATTGGAGAGTTAGAGTTTGCACAAAAGATGGTTATAACTCTCGTAGAGGGTAAACTTGGCTATGTGCCGGAGGGTTTGGCAGAGATGGTAAGAGAGATAAAGGACAGAGAGTTTTTACATGCTTTGATTAAAAAGCTGATAACCTCTGAGGAAGTGCTGGAAGTCCTGAAAAAAGAGTTGAATGTTTAAGCCTTTTAACTCCTTACGAATGCGTGATATACTTTTTGTGTGTCTTCAAAAGACATAACCCTAAAAGACATCTTTGAGGAAATCCCTTACAGGCTAAGCAGAATACTCACACCAGCACCCATCAAGGAGCTACTACCCACAAACTTTCCCTCTACAGAGCTAAGAGTAGACTTCTTGGCAAGGCTTGAGGATGAGAGTGTATTGCATATAGAATTCCAGTCCTTCAACGACCCTAACATGCCCTTCAGAATGCTACGCTATTACCTCGCCATATGGGAAAGATATCCAAACAGTCCCATAAAACAGCTCCTTGTTTATGTGGGAAACAGAAAGCTAAGGATGAAATCAAAGCTAAGGCTTAGAAACCTTACCTTTAGCTATGAGATGCTTGACATAAGGCAGATAGACTGCAATGTGCTTTTGGAAAGCCCAGACCCTATGGATAGGCTACTGGCTTGTTTGTGTAGGGTGGAGGATGAGGCATATCTGATAGAGAAACTCATAAAGACAATGGAAGGTATGAACGAGGAAGAGAGAAAAGCCTATCTTTTGAAAGCCTTGACGCTAACAGAACTAAGACCTAACTTAAGGATAAGGTTTACGGAGGAGGTTAGGCACATGCCTATAGTGGTCAGACCTGAGGATGTAAGATTGCCAAAGAGGAAGTTGAGAAAGGATATTCTTTATAGGCTTGGACTTGAAGAAGGTAAACAGATTGGACTTGAAGAGGGTAGACACATTGGACTTGAAGAGGGTAAACAGATTGGTCTTCAGGAAGGTAAACAGATTGGACTGGAGGAAGGTCTTTTGAAATCTGCACAAGAGATGCTTATAGCCATAATTGAAGGTAAACTCGGCTATGTGCCTGAAGAAATAGCAAATAGGATAAGGGAAATAAAAGACGTGGAGTTTTTGAGGTCTTTAGCCAAGAAGTTGGCTTCTACTTCTGAGGACGTTATGCAGGTTTTGTCTACTGAACTGAGAATTTCATAGACTAATTCAAAACTCATAGTGGCAAGGCTCACGGAGGAGGTTAGGCACATGCCTATAGTGGTTAGACCTGAGGATATAAGATTGCCGAAGAGGATGTTGAGAAAGGATATTCTGTATAGGCTTGGGCTTGAGGAAGGTAAACAGATCGGTCTGCAAGAGGGTAGGCAGATTGGAAAGTTAGAGTTCGCACAAAATATGGTTATAACTCTCGTAGAGAGTAAGCTTGGCTATGTGCCAGAGGGCTTGGAGGAAAGAGTAAGAGAGATAAAAGACAGAGATTTTTTACACGCTTTGATTAAAGAGTTGATAAGCTCTGAGAAAGTATTGGAAGTGTTGAAGAAGGAGCTAAATCTCTAAAACTTCGTCATATACTTGGGGTGCAGTTAACATAGAAAGGTGCTTTGTCTAATATCTTTAGTCCTTGCCTTAAAATTATTGAGAGACAACAGCTTAATAAGCATGATTTATATCATAAAAATTCTCCAGATGACTGAAATTTCTACTTTCTCTGCGAATATATTGGACAAAGCAATAGAAAGGCAAACTTTGGCTCGTAAACCTTTTATAGTCTATTTTCAACCGCAAGTATATAAACGGGCTCATGGCTTTCCATAAGGACTTTTACCTCTGGGTCTGGATATTCTTCCTTGAGTTGCATAAGTTGTTTCTGCAAGTCCTTTCCCAAGGACAGGTTTCTTATTTTGTTTATCACGTATTTTGGCACAGTGCTGTAATTCTCTATGTTTTCCATAAGGTTTTTCACATATTGACGTAAGTCCTATGGTAGTTGATAGTTCCTGACTATAGTATTTAGCATACTCCACGCTTCTGAATAACTTCTCTGTAATTTTCCTATTGTTTTTGTTGCAGCATGGTTCAAAAGCTCATTGTAGTTTTTCCAAAAGCTCTCAGAAAGCTCAAGAGGTCTATCTTGATAACTTGCCTTAATATGCTCGTATACATCCTCAAAACTAACTATCTTTGGTTTTCCTTCTGGTTCTTTGTAGCCAACAAATAGGTCTGTGCCTTTCTTTATTAGCACTATAAGGTTTTCTTGGCTGTGCCTTTTTGCAGTCTTTACTCTGTATGGAAACTCTTCCACAACCTTTAAAACCTCTGGGTGCCTTTCCTTTATTTCCTCAAATTCCTTTCTTACCTTTGAGAAAAAGCTCTCCTGCTCTGCTTCCGTGTAGGTGGTAAGTCTCCTGTATAGCTCAGAGGGTTGTGGCTCTTCCTCTGGTGAAAATATCTTTGCATCTTCTCCCAAAACCTTGTGAATCATAAACATCTTGTTCTGGGCTATTTCCCTTGAACGCACTATATCCGCTCCCCTTTCTGTAGGGAAGAAGTTTACAATGGAAAGCTCATCGTAAACCTTTTTACCAATACGGTT
CP117180.1_gap13	444552	449059	4507	CTGAAGTGTATAGCTTTATAAGCTCCTCTCTTGCTTTAGCCCTATCCTCTTGAAGTTCTGCCTCCTTGTATACCTTGTAGTATAGCACCAGTTTTTTGGCAGGGTCTTCTTCCATCTCCGCCATCTTAAGTATGGCTTTAAACCTAAGGGGTGTGTCAAGAAGTTTTAAGAGCTCCCTTTCCGCTCCCCTTTTGTCTCCCTTTCTTGCCAAGAGGGATGCATACTGGTAGATTACCTCAGGTTGTGGGTTTTTCTCCCTTTGCATGTAATTGACAAGGAGCTTTTCCAGTTCTTCGTCGCTTACTCCCTTACCAGAAAACTCAAACAGAGACAGAGTTGCCTGCTTAGCCTCCTCACTATCTGGATACCTCTTCAAGACCTCGTAATAGCTCTCCTTTGCCTTTTCTACGTTCCCGGCGTTGTAATAGGCATCACCCATCCTAAGCAAGGCTTTTGCCTTTAGTGGACTTTTATCCGAAACTCTTCCAAAGAAGGAAACCGCTCTTTGATATTCACCCTCTAAGAAGTAGGACATTCCCAATAGATATAGCTCTTCGTCCGACCTCTCTGTGAGGAAACTCCTTGCCAGTCTTGTATCCCCCATCATAAGTGCGGAGCGAGCCTTTAGGATGTTTGACCTTTGGTCTGTTTTTCCCTGAAGAAGGCTTATGACCTCCTTGTATCTTTTTAGGTTGTATAAAGCTATAGCCCTGTAGTATGGGTCTTCAAAGAAGCCCAAAGCTCCAAGCCAATCTCCTCTCCTGAATCTTTCCCAACCTGAGAACTCCCTTGCGAGGTCGGGGTAGAGCCTTGATACTTCAGAAATTACAGGGTTTAAGTCTCCATTGGTCCAATAAAGGGCTTCAAGAAGCCACATGTAGTCTTCTCTGTCCTTGCCCCTTTTATTTTCCAAAAGGCTTATAACCCTTCTGTAATCTCCCATCTTAACAGCTGAATAAACCGCATACCTTACGTTCCCCGCCTCAAGAAAATTAAGAAGGGCAAGAGAATGGTCTCCCGCATTATAGGCTATTATGCCTGCCTTTTCTAGAAAGTGGGGATTTCTCGTGATGGTATATGTAAGCCTTGAAAGGTATATATCCTTCTCAGACAGCAGAGCGTATAGTTCGCTGGCAAGTCTCTGATTAAGGCTCTCTAATATACCTGCATACCTGAAAGCCTCTTCTCCCTTACCTTCCTTGTATTCTATAAGGGCAAGATAATAAAGAGCTATGTCTCTATATGGTTTGCTCGGTGCGGAGTATAGGGAAAAGGTTTCCTTTGCTCCCTGTAGGTTGCCAGAAAAATATCTAACTATTGCAGACCTTAGAGTAGTGCTATCTTTATATAGGACATTTTCTTGTCCCCTTACAAAATCCGCTACATAGCCACAATACTGAGAAAAGACCGCATTACTGCAGTCTGGTTCTTGCATTCTACCTTCCTTAATGCTTTTTACCGCCTGCCAAAGCCCATCCCTATTTTCTGGCACGGAGCCTCTGAGGATAAAATGCAAGGCGTAGTAGGCTTCGCATGCAGGCTTTTGATACATGTGGGAAAACTCACAAGAGCTTCTGAAAAGCTCAAGGGCTTTGTTTTTTTGGTCTCTTGAGTAGGTTATAAGTCCCAAAACATACTCCGCCATAGGCTTAAAGGGAGAGTTAGGGATAAGAACTACCTTTGAAAGCTCTTCTTCCGCTGAGGAGTATCTACCTCTTAGATAGTAGTCCACTCCAAGCCTATAGGAAAGAGCATCCCTTGGCTCTCCACAGCTTATACCGCTGCCTTTTTCCACAGGCTTGACTGGAGCAAACTCCATAAACTTAGGCGGTTCAAGAAGCTCAGAAGAAAGGTCAAGCTCCCTCGTTTGCGGCATAGGAAGCTTCTCTGGAGGAGAAAACTTTGGCTTTTCTTCAAAAACCCTGCCTGTGAGCTCCACATTTATATCAAACTCTTTGCTTATCTGCTGGGCTAAAGCAAAAACCACCAAAAGCAGAAAGCTAAAGAGCCTTATGGGCTTCCACATACAAATCTCCTAAGTGGCAGGTTGTATTAAGTCTCATTATAACATTTCTATCCTTTTCCATATGGACCAGAGAGTAGCTGGCATTATCACAGCCGAAGGACCAAAACTTAGAAAGGTCTACCTTGAGGAGTGCACAGTAGATGGCTCTTATAGGCACTGTATGAGATACCAAGGCTATAGTCTGCCCCCAGTGTCTTTCCCTTATCTCCTCAAGAAAATCCTTTACCCTCTCATATACCTGCTGAAGGCTCTCACCTCCTTCAAAGCTCACCTTGTAAGGCTCTTCAAGCCACTGTCTGAACTGCTCTGGAAACCTTTTTTGGACCTCTTCCACCAAGAGCCCTGACCATACACCGTGGTCTATCTCTATAATTCTTCTATCCTCTATTATCTCAAGCCCTTTTGCCTTTGCCACTTCCTGTGCGGTCTGTAGAGTCCTTTTCAAAGGAGAGGAGTAGATGGCATGTAGCTCAATGCTTTGAAAGTGTTCTCCCAGTCTTTTGGCTTGTGCCTTGCCCCTTTCTGAAAGCTCTGGGTCAAGAAGCCCCTGATATCTGCCGATAGGGTTCCATTCGCTCTCTGCGTGCCTTATTATGTATAGCCTTACCATATTTTGTGTTCCATAAGGGTTTGACTGTAGGTCTTCACTCCTTCTCCAAGCTCCACGCTAAAGCCGAGCCTTTTGAGGACTACTTCAAGCATACCAATAAGCATAAGACCGTCCTTTGGGTCCACGCCCATGTGGGATATGCGGAATATTTTACCCTTTAGACTGTCTTGCCCTCCTGCCACTCTAATACCAAGTTTTAAAAGCTCCTTTCTTATATCCTCTGACCGTTCGGAATATATGGCACTTACAGAAAGGGATGGCTTTTCCGCAAATTTCCTTAGACCCAAGGTCTCCAATGCCCTTATAGTTCCCTCTGAGAGTGCTTTATGTCTTTTTTCAACCTTCTCCATGCCTTCTTCAAGTAGCATAAGTAGAGACTCTCTCATGGCAAGGATTAAACTTATGGCAGGCGTCCATGCAGTTTGACCTTCCTTTTGTTTAGAAAGCTCTCTCTTTACGCTAAAGTAGAAGGCTCTATCCACAAGGCTTTTTTCCGCATGCTCTGAAAACCAAAGCACCGAAAGACCAGGAGGGAGCAAAAATCCCTTTTGAGAGCCACCCACTATCACATCAAGGTTCCACTCAGAGGGTTTTATATTATAGACACCAAGTGCAGTGATGGCGTCCGCCACACATAGGGCGTTAAACTCTCTGCAAACCCTACCTATCTCTGGTGCTGGATGGTATGCTCCAGTGGAGGTTTCTGAGACTTGAAAGAGCACACCCTTGCACTCTGGGTTTTCCTTCAGAATCTCTCTTACCCTCTCTGGGTCTGCGGATTTGCCCCACTCTACCTTGTATTCTATAGGTCTTAGACCCCAATGTTGAGCGAGCTTTAGCCACCTTTCACCAAACTTTCCACCGTTTATCACAAGAACCTTATCGCCCTCTTTGAAAAAGCTAAGTATGGCAGACTCCATCGCTCCAGTGCCAGAGGAGGCAAAGAAAACAAAATTGTCTGATGGCTCATCAAGAAGCCTTTTGAAGAGCTCTCTTACCTCAAGGAAGGCATTTTTAAACTCCTCTGTCCTGTGATGGATTATCTGCCTTCCGAGGACTTCTCTTACCCTTTCGGGAAGCTCCACAGGACCAGGTGTGAAAATTTTTTCATGACGCATGGTAGAATATTTTACCCTAAATGCTTGGACTTTCTCTGGCTTTGCTATCCTCCATATTCTGGGGGACAAACGACTACCTTAGCAAAAGGCTTCTGCTGAGAGGTTTAGACGAAAACTTCACTTTATGGGTTAGATTTCCTATAGCCTTCTTACTTCTCACACCCCTTGGTATCCTCTACTGGGACTTTAATATAAAGGTTTTGACCTATGCCCTAATTTGGCTTCCTCTTGAAGTCCTCGGTGGTGTGCTTTTCATCAAGGGTTTAAAGTATGCACCCCTTTCCGTTGCCATGTCCTTTTACTCCTTTATGCCTGTCTTCTCTGCCCTCTTTGGCTGGCTTATTCTTTCCGAAGAGCCTTCTCCTATGGGTATGCTGGGTATGTCTTTGGTAATCTTAGCTACTTTAATTCTTGTAGGTTTTTCACCAAAAGAATTTTTCAAGAAAAACAGGGGAGTTGTCTATATGATCCTTTCTACTGTCTTATTTGGCTTTAATGTGGTTATAGGCAAGGCGTCCATAATAGAGAGCAATAGCCTTTTCTTCAGCTGGTTTTATACCCTTTGTATGAGTTTTGGCACTTTGGTTTTTGTAAAGCCTTCTCAAACTATCAAAAAGGAAAACTACAAGCACTGGGAGATACCTCTTCTTGGATTATTCTTTGCCATTGGAGATATTCTGTATAACCTTGCACTTTTGCTTACCCTCTCTCCCTATGTGGCATCTGCGGAAAGGCTGTCTCTATTGGTTGTTA
CP117180.1_gap14	466147	466706	559	CTTCTATTATTTTCTGGAAAAACTTGGGACTTAGCGAAGGCTTTTTCACCTTGTAGCCAAGCCCTGCAAGAATTTCAAGAAGGTTTTCCACCTTTTGAGGGTCTGGCTTCTCATGAACTCTGTAAAGGCATGGATATTCCATACTTTCAAGATGCATAGCTACCGTTTCGTTTGCAGAAACCATGAACTGCTCTATTATCCTATGAGCCACATGTCTCTCATAAGGCATAAGGGCAACAGGCTCACCAAATTCGTCCACCACGAGCTCCGCCTCTGGCAGGTCAAAGTCTATGCTTCCCCTCTCCCACCTCATCCTTGAAAGTATTCTGTAGAGGTCTTCCATGAGCCTAAGAGGTTCAACGAGGTGTGGGTATTTGTTCTCAAGAGAGGGATCACCCACTATGAGCCTTAGGGCTTCATTGTAAGTAAGCCTTGCCTTGCTCCTTATGACGCTTTCGTATATGTCATACTCCAAAAGGCTACCCTTTTCGTCAAAGAGCATCTCACAGGTAAAGGCGAGCCTGTCTTCGTTGGGTCTAAGACTACAAAGGTCACCTGC
CP117180.1_gap15	478353	482570	4217	CCCTGCAAGGAAGGGAGAGGAGATAACGGAAGAGGTCTTTGAGTCCCATGCGGACTTTATATTCACGCAGGCAGAAAACAGGCTTCACACCCAAAAAGCACTGCTTAAGTTTTTGTTTTCTAACTCTACTTGAGGATTTCTCTCTTTAGTGCAAGAAGTAGTTGAAAAAGGTGAGTGGAGTCCTCTTTAGCCTTTTTTATTATTTCCACATCCTCTGGCTTTGGGTTTTGGGTATCTATTCTGCTGGCTATCTCGTGAAAATGACAATGAAGTTTTTCTATTTCATGTAGCATTTCTTTAATGTTATCCTCGTATTCTTCCATGTAAGGATATACCTCTTCATAAAACCTTTTCCCAAAGGCACATTCTCTGCAGGTCTTATGTTCAAAGGGCTGACAGCTTTCTATGGCTCTTTCCAGTTTGGAAATATATATGGCATGTTGAGAAAGGTATATGTCCAAATCTCTTAATAAACTTATTATCCCAACCATAGGAACAAACCTCCCTAATGTCTAAATAAATTTTACTCCACAGTAACAGTCTTTGCGAGGTTTCGTGGTTGGTCCACGTCAAGACCAAGATAGTCCGCTATGTAGTATGCAAATAGCTGTAGCGGAATAATGGTCAAGAAGGGTGTGAGGTTTTCTTCTATCTGTGGCACTTCAAGGATATCTTGGCAAAGGTCTTTTAGTTTTTGGTCTTTTCTAAAGCCCACTCCTATTACTTTTCCTTTTCTTGCGAGCACTTCCTCTATGTTGGATAAAATTTTCTCGTAAACCCTATCGGTTGGTGCTATGGCTATAACGGGCATACGCTCATCTATAAGGGCTATTGGTCCGTGTTTCATCTCTCCTGCGGGATAGCCCTCTGCGTGGATGTAGGATATCTCCTTTAGCTTTAGTGCACCCTCAAGGGCTACCGGATAGCTCAGGTATCTGCCAAGATATATAGCGTTTTTAAACTCCGCATACTTGAGGGCTATTTCCTTTACCTTTTCAGCTTCCGATAGAACTTCTTCCACAAGGTGAGGAACTTTGAGAAGGTTTTCCATAAGGTTTTCCCTTTCTTCTGAATGGCTCACCGCAAGGGCGTAAAGAACTGCAAGCTGTGCGGTAAAGGTCTTTGTGGCAGCAACCCCTATCTCTGGTCCCGCATGAGTGTATAGGCTATAGTCAGATTCTCTGTCTAAGGCACTGCCTATTACGTTCACTATTGAAAGGAGCATAGCCCCCTTTTCTTTCATGGCAAAGGAGGCAAACCTCGTATCTGCGGTTTCACCAGATTGGGATATGGCTATTATTAGGTCTCCATCTCCTATTGGGCTGTCTGAGTATCTAAGTTCTGAAGCATACACGAGCTCCACAGGAATTTTTGCATACCTTTCTATCCAATACTTTCCTACAAGACCTGCATGATAGGAGGTTCCGCAGGCAACCACCAATACCCTGCGAAAGTCTCTTAGGTTTATTGGTATGTCATAGCTTCTTGAAATGTAGCCTCTTATGGTATCTCCAAGAGTTCTTGGCTGTTCAAATATTTCCTTTAGCATAAAGTGCTTAAAACCACCCTTTTCTGCAGAAAGCGTGTCCCATGGCACGTGCATTATCTCCTTGGTAAGCAGGTTGCCTTCAAAGTCGTATATGAAAAAGCCGTCAGGTCTTAGGTCCACTACTTCTCCGTCGTTGAGAGGTATCACATCCTTTGTAAAGGGCAAAAGGGCTGGTATGTCAGAGGCTATAAAGTTTTCTCCTTTGCCTATACCTACCACGAGAGGGCTTCCGTACCGCACCGCCACCGCTCTGTTTGGTTCTTTCATGGTTATTACCGCAAAGGCATAAGCTCCCTTCAACTTTTTTATAGCCTTGAGAACTGCCTTTAGGAGGTCTCCCTCATAGTTAAGAGAAATAAGGTGTGCTATGGTTTCTGTGTCCGTCTGCGTCTTGTATTCTATACTTTTTCTTTGAAGCTCTTCTTTTAGTTCTCTGTAGTTTTCTATGATGCCATTGTGAACCACTGCAAACTCACCCTTGCTGTCCACATGAGGGTGGGCGTTTAGCTCACAGACCTCTCCGTGGGTTGCCCATCTTGTATGCCCTATACCTGTGGTAGCCTTTAATTCTTTCCCCCAGAGGCTTCTTATGAGCTCCCTTATCTTGCCTACCTTTTTCTCTACATAGAGCTTCCCGTTTTCTATTAGGGCGACGCCTGCAGAGTCATAACCTCTATACTCAAGCCTTTCAAGCCCTTGCAATAAGACAAGAAGGGCAGGGCTTGTTCCTGCATAGCCTACTATTCCACACATGCCTAAAATTATAAGCTATGGAGGAAGTTATAGTAATAGGTGGTGGTCTTGCAGGTTCAGAAGCCAGCTATAGACTGGCAAACATGGGTCTTAGGGTATTACTCTATGAGATGAGACCCAACCAATACACCCCAGCCCACAGGACAGATAAACTGGCTGAGCTCGTATGCAGTAATACTCTTGGGAGCCTTGAGATTACCTCTGGTGCTGGACTTTTAAAGGCGGAGATGGAAATGCTTAACTCCTTGATAGTAGAAGCTGGCAGATACGCCTACGTGCCAGCAGGCACAGCCCTTGCGGTAGACAGGGAGCTTTTTTCTGAATACATAACTCGCAAAATAACAGAGCATCCCAACATAAAGTTAATAAGAGAAGAGGTAAAGAAAGTTCCAAGAGACAGGGTAGTTATTATTGCTTCTGGACCCCTGACATCCAAAGCCCTCGCGGAGGACATAAAGGAGCTTATAGGTTTTGATTATCTTTACTTTTACGACGCCATATCGCCTATTGTTGAAGCGGATAGCGTGGACTTTTCAAAGGGTTTTTGGGCTTCTCGCTATGGAAAGGGTGGAGATGACTACTTTAACTGCCCCCTTACGGAAGAAGAATACAAGGTCTTTTACGAAGAGCTTCTTAAGGCGGAGAAGGTAAAGCCAAAGGACTTTGAAAACCTCGTTTACTTTGAAGGCTGTATGCCAATAGAAGAACTCGCAGAAAGAGGATACAAAACATTGCTTTTTGGACCCATGAAGCCAGTAGGTCTAAAGGACCCGCATACCAGAAAAGAACCCTTCGCTGTGGTTCAGCTAAGAAAGGAAAACAAAGAAGGCACACTGCTTTCTCTTGTAGGCTTTCAGACGCGCATGACTTATTCAGAACAAAAAAGAGTTCTCAGGCTAATACCCTGTCTTAGAAATGCGGTTTTTGTGAAACTTGGTTCTATGCATAGAAATACCTTTATACAGTCAAACCGAATTCTCACACCCTTTTTGAATATGAGAAAGTATGAAAATATCTTTTTTGCAGGACAGATAACAGGTGTGGAGGGATACATTGCATCCGCAGGCACTGGTCTGTTAGCTGGTATAAACGCAGGAAGGCTTATAAAGGGTAAACCCTTGGTTGTCCCATCAGAGGAGACCATGTTAGGTTCTCTTGTAAGGTATATAACCATCAAAGAAGGAACGCTCCAGCCTATGTCTCCCGTGCTTGGACTTTTGCCACCTCTGGAGAAAAAGGTAAAGGATAAGCAGGAGAGGAAAAGGCTCTTGTCAGAGAGGGCTATAAAGGCTATGCAAAGTTGGATACTTGAGTTGACATAAAGAGTGAGGTTTATATAATTGAATATTAAGCTATGGAAGAGAGAATAGGCATATATGATATAGTGCGGAATAATTTTGCAGGGTCGAGGCACTATGCGGAGATAATAAGAGAGACCGTTTACCAGCATATTCAGAAGGGTAGAAGGGTTGTTTTAGACTTTGAGAATATTGATTTAATAACTCAAAGTTTTGCGGACGAATTGATAGGTATATTCGTGAGGGCTTTTGGAGTAGACTTTGTTAAGACAAACATATCTGTTATAAACGCTAATAAAAATATAAGAAATATTTTGAACGCAGTAGTATCTTATAGCAGACAATTTCAAACCGCTTAAAAAACATCCTCATCCTCTTGCGTTGATAGCTTCATGCTTATGTAAAGTCCTATGCCATAGTCCGAAACTTTCCTTTTAAACTTATCCCTGCATAACCTTATGTAAACTATACTACCATCCCAGTTAAAATCACATTCTAATGTTTTGCCTGATACCACGTCATACAAGGCGTTTCCTGAAATCATATACATTAAACCCTCACAGTCCTTTAGTATTTCTGAGATTATATATAAGCCCATACCTGCATGTTTGACTGCA
CP117180.1_gap16	612003	615505	3502	TCATCACATTATAACCATTGAAGACCCTATAGAGTATGTGTTTCAACATAGAAAAAGCATAGTAAACCAGAGAGAGATAGGTGAGGATGTCCACAGCTTTGCAGATGCTCTTAGGGCTGCTTTGCGTGAAGACCCAGACGTTATCCTTGTGGGTGAAATGAGAGACCTTGAGACAATAGAAATAGCACTAAGGGCTGCAGAAACGGGACATCTTGTTTTTGGAACACTGCATACAAACACTGCCATATCAACTATTACAAGGATAATAGACGTATTTCCTCCAGAACAGCAAGAGCAGGTTAGGGTTCAGCTCTCTTTTGTGCTTCAGGGTGTTATATCTCAGAGGCTGTTACCAAAAATTGGTGGTGGAAGGGTTCTTGCTTATGAGCTTATGATACCAAATACTGCAATAAGAAACCTTATAAGGGAGAATAAACTTCAGCAGATATACGCCATAATGCAGAGTGGGCAGGCTCAAACGGGCATGCAAACCATGAACCAATCACTCTATGGACATTACAGGGCAGGGCTTATAACACTTGAAGATGCATACAAGTATTCACCAGATATAAAAGAGTTAGAGAGAATGACACAGAGAGGAGGGTAAGAATGCCGAGGTTTAGGTATAGAGCCTTTGACGAGACGGGAAGCTTTGTAGAGAGTGAAGCAAACTATCCAACTCAGGAAACCTTAATAGCGGACTTACAACAAAGAGGTTTGAGTATCATAGAGGTAATAAAGGTTGATAAGGAAGAAAAAGAAGAGGGAAAGAAGGAACTATCCTTCAAACTCCCAATAGGTGGTAAAGTAAGCGATAGAGACCTTTCCATATTCTGCAGACAGCTCGGAACTATGATAAACGCAGGGCTTAACATAATAGACGCTCTTAATATATTGGGAGAACAGCTTCCTAACAAAAAACTTGCGGAAGCCAGTAAAAAGGTCGCGGTAATGGTGAGCGAGGGAAGACCTATATCTAACTCTATGGCTGAGTTCCCTGCAGTTTTCCCAGAGTTTATTGTAAACTTGGTAAGAGTGGGTGAGGAAACGGGTAATCTTGATATTGCTCTTATGAGGGCTGCAGACTATTACGAAAAGATGGCAATGATAAAGAGCAAGATAAAGAGCGCAGCTTTTTATCCTACCTTTGTGGTTATAATAGCTACCGCCATAGTTACGGGTATACTCTATTTTCTTGTTCCAACCTTTGGAGAGATATATGCCTCTCTTGGTGGAGAGCTTCCCGCTCCTACTCAAATGCTTATCGCTGCCTCTAACGCCCTTAGGTCAAACCTTATCTTTATACTTGGTTTCATAGTAGCTTTTTCTTTAATATTTAGATTTTTACTCAACAATAGCTACCAGTTTAGAAAATCTGTGCATTCCTTTATGCTTAGAGCTCCAAAGATGGGTGAGCTTGTAATGAAAAGCACCATGGCAAAGTTTGCCAGAACTATGGCAACTCTCTTTTCGAGTGGTGTAGCTCTTGAAAAGGCTTTTGAGATAGCAGGTCAGGTAACGGGAAACGTGGTAATAAGGGAGGCTCTTGAGTCCGCAAAGAAGGGTGTTATAGAGGGTGAGCCCATGCACAAGGCTCTTGAAAAAACTGGTATGTTTCCAAAACTTATAATAGCCATGGTGAGAGTAGGTGAGGATACAGGTAGGCTTGATGATATGTTAGATACTATAGCGAGATTCTATGAAGACGAGTTTGATAAGGCTGTGGAAGGAATGATAAAGCTAATAGAACCAATGCTTATAGTCTTTATAGGCGGTATAGTGGGAGCTATACTCATAGCCCTATACATGCCCATATTCAAGATGGGTGAGTTGATAAGGTAAGCCTTGGAGTTTATAATTAATAGCTTATGGCTCTGAGTGTAGGAATTGTAGGACTGCCTAATGTAGGAAAGTCTACCTTGTTTAACGCCCTAATACAGTCCGCAAAGGCGGCCGCAGCAAACTATCCCTTTTGCACTATAGAGCCAAACGTGGGCACGGTGGAAGTGCCAGACAAGAGGCTCTACCACATTGCAGAGCTTGAAAGGTCAAGAAAAATAACACCCACCTTTATAGAGTTTGTGGATATCGCTGGACTTGTTAGAAACGCCAGCAAGGGAGAAGGTCTTGGAAATCAGTTCCTCGCCCATATAAGGGAAGTGGATGCAATTGCTATGGTGTTAAGGTGCTTTGAAAACCCTGACGTGGTTCATGTAGAAGGCAGTGTTGACCCCATAAGGGATGCTCAGATAATAGACCTTGAGCTTATAGCAAAGGACTTGGAGACGGTAGACAAAAGGCTTGAGAAGGTGGAAAAGATGGCAAGGCTGGGAGACAAAAAGTCAAAGGAAGAGTTGGAAATGCTAAGAGCCATAAAGGCGGTTTTGGAAAATATGGAGACTCTAAGAAAGCACATAAAGGACCTTGGCTCAGAGGTCTTTGAGTATGCCAAAAGGAATCTTTTTCTCCTCACCACCAAGCCTCTTATGTATGTGGCAAATGTGAGCGAGGCAGACCTGCCAGAGGGTAATCAACTAAGCGAGAGGGTTTTTCAATACGCACAAGAGGAAGGCTCTTCTGCGGTATTGATATGTGCAAAACTTGAAGAGGAGCTTATTGGTCTTGAAAAGGAAGAAAAAGAAGAGCTCCTTAGGTCTTATGGATTTGAAGAGCCAGGGCTAAACAAACTTATAAGGTCCGCTTACTCACTCCTTGAGCTTATAACCTTCTTTACCGCGGGGGAAAAGGAAACGAGGGCATGGACCGTAAAGAGGGGCACAAAGGCACCGCAAGCTGCAGGCAAGATACACTCAGACTTTGAAAGAGGCTTTATCGCTGCGGAGGTGATAAACTACGAGGACTATGTAAAGGTTGGCTCTATGACTAAGGCTAAAGAGCTTGGTCTTGTAAGGCTTGAAGGGAAAGAGTATGAAGTCAAAGATGGCGACATTATCTATTTTAGGTTTAACGTTTAGGCTTATATTTTAAACTCATGTATAGAGACCTTGACGCACAAACCAGGGAAGACCTAAGGCTCTATTTTCAGGACAGAGACTACATGGTGGTTTCCGTGCCAAAGGATGAGCTTATAAGGGTTTATACCCTGCAGGCAAACCATGCAGTGGCGGTTGCCAAGAGAATACATGACTTGGAAGGGCAAAGGGCGGAGCTTATGGGCTATGCCATAATGTCCGCTTTACTTTTGACATCCCTTGTGAAACATGCAACAGAACAAAAGGTGCTTTTTAAGGTGCAAACAGATTATGGAGTTGTAGTCTCAGAGGCGGACGGAAAGGGGAGGGTAAGAGGTTTTATAGAAGGTAACCCACAAGAAGGTTGGGCTTCTGGAGTTTTAACCGTAGTAAAAGAGCTAAGACTTGGTACACCTTACACAAGCATAGTCCCCGTGGTGGGTAGAAATCTAAAGGAGGCACTTTCCTTTTACTTTGAGCAGTCAGAACAAACAAGGACCTATTTGGATATGCATTTGGAGTTTACTTCA
CP117180.1_gap17	626301	629910	3609	CGAGTATGTTTTTGCATACCTCTAACCCAGTAAAGGTAAGAGGAGACGCACTGGGCATAGCACTAAGGAAGGGCGTAAAACTAATTAACCCAGAGTTTGTGCAGTTCCATCCCACAGTGGTGAAAAACACCAGCATACTCATCTCAGAAGCGGTTAGGGGAGAAGGTGCTATTTTGGTGGATTCAAAAGGTGAAAGGTTTGTGGAAGAGCTCCAGCCAAGGGATGTGGTAGCAAGGGCAATATACAAAAAGCTAAGACAAGGGCAAGAGGTTTTCCTTGACCTAAGACCCATAAAAGCCAAAGGAGTAGACCTCTCCAAAAGGTTTCCCACCATATACTCCATGCTAAGGGAAGCAGGCTACAACCCAGAAACCCAACCCATACCCATCACACCCGCATCTCACTACTTTATAGGTGGCATTGAGGTAGACAGCTATGGAAAAACCACCTTTGAAGGTCTCTATGCGGTAGGAGAATGTGCCTGCACGGGCGTGCATGGGGCAAACAGACTTGCCTCTAACTCCTTGCTTGAGGGCTTGGTTTTTGGATACAGAACCGCCTACAGAATTTTTCATGACCTTTCCTTTTTGAAAAAGCCAAAGGAGACCTATTACAAAAACAAAAGGGAAGGGCAAAAAGACCCACCTTACACCTTTGAAGACCTGAGAAGGCTTATGTGGGAAAACTGTGGACTGGAAAGGGAAGAGACCTCTCTCAAACAGGCACTTGAAAAGCTAAGCACATGGCTACAAACATGGAAAGACTGGAAACCCACCATAGAAAACCGCCAGCTTTTTGACATAAGCCTTGTAGCCATGGCTACCCTTAGCTGTGCTCTTTGGAGAAGGGAAAGCAGGGGAGTGCACTACAGGGTGGACTATCCTTTTGAGAGGGAGGAGTTTAGAAAAGACAGCGTTTTTGCTCCTCGTTTTCTTATGTTGGGAGAGTAGTCTCCTTTAGGGGTTTCTGAGGGTTTCTGTTTTTTGTCTTTACTTGCATCCCTCACAGTGGGCTTAAAACGGGCTAAAGAGTTTGAGGAGTATTATGAAGAGCTCAGGGAAGATATCTAAGGTTTTTCCTAAGTGCTCTGTCCAACAATGCAAATTTTAAACTCCCATCAAAATTCCACTTCCTGTTTATACTATATTACATATACCTTAAGTTCCCAAATTAAGAAATAGATTTATTATCCATACCTTAAACACAACCTCTTTCCTTATGTTCTCAAATTTTACATGACTTACATACTCGCCAAACCATCGCTTGAATACAGAAAAAAAGCTCTCTACAAGCCATCGCTTGCCATAACCACTCGCTTCTTTCCACACCCTCTTACTTCTCCTTATTAGCCTTATAACCTTATCCCTCGCTATATTTCCACTTATCCTCGCAGATGACCTCGGCAATATACACGCCTCTATTCCTCTCTCATGCATGTCCCTGAATATCCTGTGTGTGTCATAGCCTCCGTCCGCTATTACCTTCTCTACTCTCTTGCACTTCTCTTTAGCTTTCTGCCTTGCTGTCTCTACAAGCTCCTCTGCCTTCTGGCTATCATGTGTCTTCTCATCAGTTACTTCAACACTAACCACCTGCTTGCTATTTATGTCAAAGGCTACGTGTAGCTTTATCCATCCCTTCCTTGTCCTCCTACCATGCTTTTTTCTAAGCCACTCTCCTCTGTTTGTGACCTTTAACCCAGTTGAGTCAAGCACTATGACAAAGTCATCTTGTAGCTTTTCTATCTGTGGCAGGTCTTCAAGGTTTATCTCTTCTTTTGTTAATCTATAATGCAGTGTTCTAAAGTTGGGGATGGTAACGCCCAAGGAGGAAAAGATTTTTCTTGCCAATCCTTCTGTCTGTCTATATGGTAGTCTGAGGGAGAATTTTAGGAGCAAGAGTAGGAATATGAGTGCTTTTGGGTATGTGTATGGTCTTCCTCTTTTTGGCTTTGTGTCTGGAGTGGTCGGGCTTCCGAAAAGGGATAGGTCAATAAGCATTTCCCCTCTCTTAACCAGTTCCTTGTTATAGTCCCTGTTTCTCATCTCTTTCCTACCTTATTTTAAAGAGATTATATCTTAGACAAAGCAAGTGCAAACTTGTAAACCACATACAACATCATAAGAATAGTAGCAAGTATAAAGGCAAGAAACAGACCTATTATTGCCAAAACTGGGAAAAAGTAAAAAATCGCAATCAAAATAGCCCAAGAGATAAGACCAAACATAGCAGAGATTATAAACCAGTCTCCATCCCTCACAGTGGGCTTAAAACGAACAAGAAGTTTCAGCAATCAACAAAAAAGCAGAAGTCTCCATTCCTCACGGTGGGCTTAAAACCTCAAATCTACACACAAAGAAAAGCAGGAATTATCAAGCATTTTCTTATGGTAGCACTCCTCTCAAGTTGAGGTAGTTTGCCAGAAGTGTCAGGTCATGCAAGGTTGAGTATGTTATTATCAAGTTTAAATCTTTGAGAGGTAAGGCTTTGGAGCATGTGTCATAAAAGCATAAAAGCATCAAAGCATCTTGATGCCAAAACATCAAAGCATAAAGGCATTAAAAATAATTCAAGCAAACTACCCTATCTCCACCCTACGACCTCTGAAAGAGCCTACAGATAGAAAGCATAAAGAAAAATACCTCAACTTGAGAGCTATCAGCCAAGAGGCTAAGGAATTTAGAGAAGTTAAGGCATAAAAGTGCGGTAAGCAAGTCCCACCAGTGTGGCTTCCAAAGCCTATTGAGCGAATATTACTCCCTTAACTTCAAGAATCAAAAGCCCTATTCACCTGCCAAGATGTCAAGGGAGGCAAAGCTCCAACTAAATGCCTTAGGGTTATTATAGCTCAAAATCTCTCTCCCATATCAAGCCAACACCAAGGCAAAGGCGGTGCTATAATAAAAAACTTATGGAGGCAAAACTGACAAAATACTACAGGGATATAGACATAAGGGAACTGGGTAGGCTCTTTGAGGAAAAGCTCAGAAGGGTCTCTCCCACTATGGAGTATGTGAGAAACCTTATACTTGATGCCAAAATGCTCTATAGGATACTCTCTGACGAGGAGTTTGACCTAAGGCAAGAAGCCAAAAGGGACTTTGTGTCCGCACTTTTATACTTTATAGAAGAGAAGGACTCCATACCTGACCGCATACCCTTGATAGGCTACCGGGATGACTACAAGCTCATAAAATACGTCAAAGAAAAGCACAGGGAAGAGATAAACCGCTACTTTTCACAGGTTAAGCACTTTATAGCCAACTACTTCTAATGGTGGGCTTTCTGCTCTATAGACTTCTTCAGGCTTTTATAACCCTGCTGGGTGTTACCTTTTTGTCCTTTCTTATCATAAAACTTGCACCGGGGGACTACCTTGACCAGCTAAAGCTAAACCCTCAAATATCTCCAGAAACCATAGAAGCCCTAAAGAGGCAATACGGTCTTGACCAAAACCTCCTTCTGCAATACGTAAAGTGGCTTACCTCTGCCCTTAGGTTTGACCTTGGATATAGCTTTCAGTATCACGCTCCTGTATCTCAGCTCATAGGCGAAAGGGTCTGGAATACCCTATTGCTTACCGCTACCTCTACAGTCTTGTCTTGGCTT
CP117180.1_gap18	654072	655429	1357	CATCCACCGCAATTCCAAATCCATAGCTCCTCGCTTCCTTTACAAGTTCTAATAGGTCTTCAGTGCTTCCTGTCATCTTACCTTCAGAAAGCTCTAACACCACTCTGGATGGTTCAATTCCGTAAGAGGTTACTTCCTTGTAAAAGTCTAACAGCTTGAGCCTGCCCTTTGCTACGAAGTTAACAAGGTTGTAAGGGAAATTTACATACATCTTACCCTCAAGACCATAGGCTGTAAACTTTGAAAAAGCCTTCTGAAGCACCATTTCCTCAAAGGGACTTATAAAGGAGGTTTTTAAAAGGTCTTCTATGAAACAACCAGCAGGCAGGACTCTTCCATCCTCCATTACAAGCCTCATAAGCACTTCATAGCCTTCTATCTTTCCACTCTCAAGGTTATATATGGGTTGAAAGGCAGGCTCTACAAGTTTTTTCTTAAGAGCTTCAATGAGGGTCTGGTAGTCAATGGCTCTCTTTGGCAGTTCCTTTTGAATAAGCACCATATCGCCACCGCCTCTACTTTTAACCTCCGCCACGTGTGCTTCCATAAGGTCAAGCACAGCCTCCACGCTTTGACCTGTAGGCACAAGGCTGTATATACCAATAGTAACGCTTATCTTTGAGTTAAAATCAAGGACTTCTATTCTACTTTTTATCCTTTTTGCAACCTTTTCAGCTCCTTTTGCGTCAGAGTTTGGAAGTAATATAAGGAAAGAGCTACCTTTGTATTTGCCTGCTATATCGCTCTTCCTTATACTGTTTGATATAACTTCGGATATTTTCAAAAGAACCTCATTCCCATATGCGTATCCACTGCCTTTGTTTATATGTTTCATGTTATCCACATCCAGAAGAAGCACAGAAAGACTTTCTCCCTTTCTTTCGTAGAGGTAGAACAACTTTTGCATGTACTCGAGGAGGCAAGCTATGTTTGACACTAAAGTTTGTCTGTAGAGCTCCAAACAGCTTAGATTTTTCCTCACCACAGGCTGTAAAATATTATAGCAATGAAAGGCATAAGGTCAACTACCATACTTGCGGTAAGGAAAAATCATATAACGGTTATGGGTGGTGATGGGCAAGTGACTCTTGGGTCTTCTGTGATAAAGCACAGTGCGAGGAAGATAAGGAAACTTTACAAAGATAGCGTTCTGGTAGGATTTGCCGGTTCTGCGGCGGATGGACTTGCCCTTATGGAAAGGCTTGAAGGGAAATTGGAAGAGTTTAGAGGAAACCTTCTCAGAGCTTGTGTGGAGCTTTCAAAGGATTGGAGGATGGATAGAAGTCTAAGAAGGCTTGAGGCTCTTTTGCTTGTAGCGGATAGAGAACGCATGCTACTTCTTTCTGGCAACGGAGAT
CP117180.1_gap19	733044	737582	4538	CACCATCCTTTTATGTATCTCCTTCAAAGGGCATTTTTAAGTGTTTCGGTTGTGGTGTGGGAGGCGATGCGGTTAAGTTTGTGAGCCTGTATGAAAACATAGACTACTGGGAAGCCCTTGAGAAATTAGCAAAGAGGTATGGTATAAAGATAAACCTTAAAAGGAGGGAGAAGGATAGTCAGATCCTGCTTGCCCTTCAAAGGGTCGCAGAGTTCTACCACGAAGAGCTAAAAAACAGCAAAGTAGCTATCCAATACTTACAAAGTAGAGGTATAAACTCAAAGACCATAACCAAGTTTCAGCTTGGCTTTGCGGGAAATACAGACAAGATGATAAGGCTACTTAAAGAGGAGGATCTTCTTGAGGTTTATGAAAAAAGCTCAAACCTTATAAAGATTGACGAAAACCTCTACAGAGACCTCTTCAAAAACAGGTTGATAATTCCCATAAGGGATATAAAGGGCAATGTAATAGCCTTTGGAGGCAGAAGTCTTGATGGAAGTCACCCTAAATATGTGAACTCTCCAGAATCTGAGGTTTTCAAGAAAAGGTCAAGCCTTTTTGGTCTCTTTGAGGCAAAGGACTACATAAAAGAATCCCAGCGGGTAATTATCGTAGAGGGCTATTTTGACCTTATGAGTCTCTGGCAGGAGGGTATAAGAAATTGCACTGCACCTCTCGGCACAGCACTCACAGAAGACCACGCTTATATGCTCTCTAAGATGGCAAAGACCGCAATACTCCTCTACGATGGAGACCAGGCAGGCAAGAGGGCAGTAAGGTCTTCTGTCCCACATCTTCTGAAAGCAAAGATGGAAGTGAAAGTGGTATACCTTCCAGAAGGAGAAGACCCAGACTCCTTTGTGAAAAAAGAGCCAAAGCTACTGAGGGAAATGCTAAGCTCTTCTCTGCCGATAGAAGAGTATATGCTTGAGGAAATAAGGAAGGGAGACAAGCAAGCCTTTGATGACCTTCTATACTTTTGTGGTTTTATACCAGATGGTGTTAAGAGGTTTGAGCTCCTTAGAGAAGTTTCAAGGATAACTGGACTTCCTATTACGAGCCTTCAGGATAGAATTCCCAAGATGGAAGTTAAAGGAGAAAGGGAAAAAATAGAGCTTAGCTATCACGAGGCGGTTTTTCTTGCCGGTCTATATAGGTTTGGGACTGAAGGAATAGACTTTGAGAATCTCAGACTTTCTCCTCAGGCTATGGAGCTTATTGAAGCACTTCAAAAAGGTGAATATCACCTTTTGCCAGGCTACATAAGGAACTTTAAAGCCTACGACCTTGAGAGGGCTTTTCAAGAAAGCCTTAGAATGCTTAGCACTGTAGAGGAGAGTTTGACTCTGAGCTTTGAAGAGATTAGAAAAATAAGCAAAGAACAACCACGAAAGCTAAGAGTCAGAAGGTGATATATTTTATATTATGGAAAAGGTTTTCATTTATGACACTACTCTAAGAGATGGCTCTCAGGCGGAGGGTGTAAACTTCTCCCTTGAGGATAAACTGCGTATATTTCAGAAGCTGGATGAGTTTGGTATAGACTACATAGAATGTGGATGGCCCGGTGCAAACCCCAAGGATACCATACTCTTTGAAAGGCTCAGAAAATACAAGCCTCAGCATGCAAAGGTGGTGGCTTTTGGCTCTACCAGAAGACCTACAAAGAAAGCAGAAGAAGACCCGCAGTTGGAAAACCTTATAAAGTCTGGTGCAAGGGTTATAACCATATTTGGCAAAAGCTGGGATTTTCACGTAACGGAGGCTTTAAAGACTACCCTTGAAGAGAACCTCTCCATGGTCTACGACTCTGTAAGGTTTCTCAAAGACCATGTGGAAGAGGTCATCTTTGATGCGGAGCACTTCTTTGACGGATACAAGCACAATCCAGAGTATGCCCTTGAGGTTTTAAGGTCTGCCCTTGAGGGAGGTGCGGACTGGATTGTGTTATGTGATACCAACGGAGGCTCTCTGCCTCACGAAGTTTACGAGATAACCAAAAAGGTAAAGGAAACCTTCCCCACAGCCAAGATAGGCATACACACCCACAATGATTCTGAAAGCGCAGTTGCTAACTCCCTTATGGCGGTTTTGGCAGGTGTAAGGCAGGTGCATGGCACTATAAACGGTATTGGAGAAAGGACAGGCAACGCAAACCTCTGTTCTATAATTCCAAACCTTCAACTAAAGATGGGTTTTCTTGCGGTGCGGGAGGAGAGCTTAAGAAAGCTCACTGAGCTTAGCAACTTTATCTCCGAAATATCCAATATGCCACTTCCAAAGAATATGCCCTTTGTGGGTGAAAGTGCCTTTGCCCACAAGGCGGGAGTGCATGCCTCTGCGGTTCTAAAGCATGCAAGCACTTACGAACACATAGACCCTGCCCTTGTGGGAAACAGAAGAAAGATAACAGTTTCAGACCTGTCCGGTAAGAGCAATATTCTATACAAACTCAGAGAGATGGGTATTGAGGTGGACGAGCGATCTCCAGAGCTTTTAAAACTCGTTGAAAAGATAAAGGAACTTGAAAAGGAAGGATACCACTTTGAAGCGGCGGAGGCCTCCTTTGAGCTTTTATGCAAAAGGCACTTTGGTCTCGTTAGAGAATACTTCAACCTTGATGCCTATAGAGTTCTAATAGCTAAGAGAAGCACTGACAACTTGCCAGTGTCCGAAGCAACGGTCAGGCTCTTTATAGAAGACATAAAACAACATACCGCAGCACTGGGTAATGGACCAGTAAGTGCCCTTGATAGAGCCCTTAGGAAGGCACTTGAGGAGTTTTACCCAAGCCTTAAAGAGGTTCAACTTATAGACTACAAGGTAAGAATAGTAAACGAGTCAGAAGGGACATATGCAAAGGTTAGAGTCCTTATAGAGTCCACAGATGGGAAGAGGAAATGGGGGACTGTGGGGGTCTCCGAAAACATAATAGAAGCCTCCTGGATAGCTCTTACAGACAGCCTTGTTTACAAACTTCACAAGGATGAAGAGGAAGTTATAATTTAGAGTTATGAGACGGTGGCTATTTCTCATACCCTTTCTGCTCTCTATGGCGGAGCCAGTCAAAGACAGCAAACTAAGGGTGGAGCTTGAGGACAAGGATGGCTTAAAGCACAGCCTTAGAGGTCTTGTATGTAACGGTAGAGACAACCTAAGGGTCAGGGAAGGAAAAGTAGAATATGCGGTCAACTTTTCAAGCCTTAGGGCTATTGAAGTTCTTGGTCAAGATGGAACGCAGTTGAAGGTCAGGCTTTCCTTCAAGGACGGTCTGTCAAGAGACTATCTTATACCAGCAAACACATACTGCAAAGGGAACTCTCAAACAGGTGAGGCAGGCTTTTACCTTAGGGATACTAAGACTATATTTATTAAGACGGAGGAAAAATAAGGATGAGCAGGTTTAAGCTCCTTGGTATGTTTTTTGCAACCTTCGTGGTGGGATTTTTGCTGGGAATTGCTGGTGCATCTCAGGGTAGTAGACAGGAAGACGAATATAGATACTTCAGGATGTTCACCGATGTGTTTCGCACCGTCAAGGAAAATTATGTAGGGGAAGTCAATACAAGGGAGCTTATATACGGAGCACTCAATGGAATGCTCAAATCCCTTGACCCTTTTTCTGCCTTCTTTACTCCAGAACAGTATAGAGAGTTCAGACAGGAAACAGGAGGAGAGTTTGGTGGTGTGGGTATAGAGATAGGCATGGACAAGGGAAGACCAATAGTCATATCACCCATAGAAGGCACACCAGCCTATAGAGCAGGCATAAAGTCTGGTGACACAATTATTGAAATAGACGGTGAAGATACCTCTAATATGAACCTGATGGACGTGGTAAGAAGGATAAGGGGTAAGCCTGGGACCAAAGTAACTCTAACGATAATGAGAAAGGGAGTAGACAAACCCATAAAGGTTGAGCTGGAAAGGGCTATCATAAAGGTAGAAAGCGTCAAATGGACAAAAGTGCAAGATGTGGGATACATAAGGCTCTCTCAGTTTACAGAGGGTGCGGGTAGGGAAGTGGAGAGAGCGGTAAGGAATCTTATGTCTCAGGGTGTAAAAGGAATAGTGCTTGACCTCAGAAATGACCCAGGCGGTCTCCTTACAGAGGCTATAAATGTGTCTGAGGTCTTTCTAAAGGAGGGTAAGCTTGTGGTTTATACGAAGACAAAAAACGGCGAGGTAACGAGATACTTCTCAAGGAAAAAGCCAGTGCTTCCAGAAAATGTCCCTCTCCTTGTCCTTATAAACAGAGGTTCCGCTAGTGCATCAGAAATAGTGGCAGGTGCACTGCAAGATCACAAAAGGGCTATACTGGTAGGTGAAAGGAGCTTTGGAAAGGCGTCCGTGCAAAACATAATACCTCTTGAAGATGGCTCAGCGATAAAGCTAACGGTAGCTCACTATTACACACCCTTAGGAAGGCTAATAGACAAAAAGGGTATACAGCCAGATGTGGAGGTAAAAGTTTCGGAAGAACAAGAGGAAAAGCTGCAAGAGGCTATAAGGCAAAGAAGGCTTCAGGGTGCAAC
CP117180.1_gap20	811771	814438	2667	TCGTTGCTTAGCTTTTGCTGGAAGCTCTGCAAAGACTTCTCTATTTCCGAAAGCCTTTTTGAGTAGGAGTTTATCAGCTCTTGAACCTTTACACCCTCTTCTACAGGTAGATAAAACTCAAAATCTCTTGAAAAGCCTGCTACACAGTTGGGTGGTTCTGTTTGCACCTCCTCAAGGCTCTCCAACCTTGCAAGGCTCAAAATGTGAAGCATAAACTCCTGCACAAGCTCCTTGCTTTCTCCTGCCTTGTAGTAAAGCCTTATCTTCCTTGAGGGCTCAATTCTTAGGTCGCTTCTGAGGGAGCGTATGGCGGAGATAATTTCCTTTAGCCTTTCCACCTTGCTTTCCGCCTCTTCGTAAATCTCTGAGGGATTATGTTGAGGATATTCTGTAAGAGATATGCTTTCTCTGTGGGCTGTGGGAAGCTCAAGCCATAGCTCCTCTGTTATGAAGGGCATAAAGGGATGCAAAAGCCTAAGGGTTTTTTCAAAGACATTAAGTAAGGTTGCCTGAACGGTTATTTTTTCTTTGTTTATGGCTTCTTCTTGTGCCTTTCTCTCTTCTTCTGACACATTCTCCTCTGGTTTGGCGTATAGCCTGAGCTTTGAGAACTCTATATACCAATCACAAAACTCACTCCATATAAACTCATATAGCTCCCTTGAGGCTTCTGAGAATTCGTATTCTGAAAGGGCTTTGTTTACCATTTCTACGGTTCTGTTTAGCTTTGTGATTATCCATAAGTCTTCACTTCTTGGTGGCGCACAGTAAGGTAGCTTTGTAAGTAGGTCTGGTTCAAGGTTCATAAGTATAAACCTGCCTGCGTTCCACAGCTTGTTGGCAAAGTGCTTATAACCTTCAAAACGCTTTTCAGAGAGCCTTATATCCCTTCCCTGCTGTGTAAGAATAGCCAAGGTAAAACGCAGTGCGTCCGCTCCATACTTCTCCACAATATCAAGAGGGTCTATCACATTACCCTTGGTCTTGGACATTTTCTGTCCCTTTTCGTCTCTTATAAGAGCATGTATGTATACATCCTTAAAAGGAATATCCTCCATAAAGTAAGTCCCCATCATAACCATACGGGCAACCCAGAAAAAGATAATGTCAAAGCCTGTTACTAATGGGTCTGTGGGGTATAGGGCTTTGAGGTCCTTTGTATCTTCTGGCCAGCCAAAAACTCCAAAGGGCCAAAGGGCAGAGGAAAACCATGTATCAAGCACGTCTGTTTCTTGCCTTAGATTTTCAGAACCGCACTTTTTACAACGCAAAACAAACCTATAGGTCTTTTTCTTACTTTCATACCTGTATCTGCTCTTCTTTTCTGTGAGAATAGCCATGGGGTTTAGGTCTTGAGTGAAAAAAAGCCTAAGAGAATTAGCGTCCACTTCTGTAGAGTGATACTTATGAAAGGCAAACTTCTTGTAAAAGTCCAACACAGTTAGCTCTGGATGGACAAAGGAGGGAGAATGAAGTATATTGGCTACCTCCTCTGGAGTAAACTCCCCTCTTATTTTGCCATCCGCTATGAGGTTAAAGATGAGCTTGTCATATACTCTATCAAAGTCTTCATCAGTAAACAGGTTTTCGTGTCCGCAGTCCTCACAATACCAAACAGGTATTCTATGCCCCCACCATATCTGACGAGATATGCACCAGTCTTTGAGGTTTTCCATCCATTGTAGGTATATCTTTTTCCAGTTCTCTGGTATAAAATTTACAAGACCTTCTTTAACTACCTCTATGGCTTTCTCTCTTATGCGTGGGTCTGAGACTTTTAGAAACCATTGTTTTGAGACAGTTGGCTCAAGAACAGTCTTACAGCGATAGCATTTACCAACCGCATGCCTATGGTTTTCTACCTTTTCAAGAAGTCCAAGTTCTTCAAGCTCTTGCACTATCCTTTTCCTCGCACTATACCTGTCAAGTCCTGCAAACCTGCCTGCGTTCTGGTTCATATTGGCAAACTGGTCCATTACCTGCACGAAGGCAAGACCGTAAGACTTTCCTATTTCAAAGTCCAGAGGGTCATGTGCGGGAGTTATCTTTACCGCTCCCGTTCCAAACTCAGGCTTTACCCTTTCGTCCGCTATAATGGGGATAAGGTTTTCCACCTCTGAGCCATCCATAGCTATCCTTTTCCAATCCACAAGGGGAAGTCTAACCCTCTTACCTACAAGGTTCTTATACCTTTCGTCTTGAGGATGGACCGCAACCGCAGTGTCTCCGAGCATGGTTTCTGGTCTTGTGGTAGCAACGGTTATGTAGCCTGAGCCGTCCTCAAGAGGGTAGCGTATGTAGTAGAGCTTTCCCTCTTCTTCTTCGTGTTCCACCTCAAGGTCAGAAAGGGCGGTAAGGTCTTTTGGACACCAGCTTACCATATACTCCGCACGGTATATAAGGCCCTCTTCGTATAGCCTTCTAAAGGCGTGCCTGACCGCCCTTGAAAAGCCTTCGTCAAGGGTAAACCTCTCCCTCTTCCAATCTACACTGACACCAAGTTTTTCAAGTTGCTTCCTTATGGCGTTTCTTGATATAGGAACCCATTCCCAGACTCTTTTGAGAAATTCTTCTCTACCCAAATGTAGCCTGTCTATGTTCTTTTCCTGTAGCTGTTTGTCCACTACATACTGGGTTGCAATACCCGCATGGTCAAAGCCTGGCACC
CP117180.1_gap21	818994	820441	1447	ATTTTCTGACCGCAAGCCTTATGGCAAGATGTGGGTCAAGACGCGATAAGGCTATTACGTCAGAGGAGCTAATGTCCCTAAGCCTTTTAAAAGCCTCAAGCCTTGCATACTCAGGAAACCCCGCTTCCCATATGGCTCTTATTATCCTCGCGGTTTTTGGAAAGCTCTCATCTTCCATCACTACCCTCATCGCTCTACTTGCCACTGGAAGACTCAACATGGAACTGGCAACCGCATGATAAAAACCTGTGCCGTTGGAAGCCCTTATAAGATGCTCTCCCGCGTCCTCTCTCCCTAAGAGCAGCGCACTCTTATATGCCCAGAAATTGCCAGCGGACATCTCATCTCTTCTTTGAGTGTTCCTTGTTGAGTTTACAAAGTATTCAAAAGCTCTCGCATAGTCCCCAATGGCGTAATAGGAAAGTCCAAGGTTAAAATCTCTTCTATGGGATGGCTCCATACGGATAAGGTAGTTTATGGCTTCGTAGAAATTTCCTCTATGCATGTTTAGTCTTCCAAGCCTAAAAAGGGCATCTGAAAGAAGGTTCCTATCTTTGATAGATGACAGGGTTTCCTCAACCCCTGCCCTTTGCCCCATTTCATACTGCATTGTAGCCAGTTCAACCCTTGCCCTATCTTCTTCACAACTTTGAAATGCTTCAAAAGCCCTTTCACTCTCTCTGAGAGATTTCAGGGACATACCAAGCATATAACAAACTCTCTGGAAGTCCATACCCTCAAGAAGCAAAACCACTTCTCTGTAATATCTTCTCCTAAAGAGTTCTTCTGACGCAGATAGAGCTTCTTCTGGACTCAGTTTTATGCTAGGAATATATTCCCTAAAGAGCACGGGAGACTTTAAAAAGCCTACCTTTGGGTCTAAACCCAGCTCCTTCCAAAGCTTTACATATTCTCTCCTCAGGTCCTCCCTGAGGTTTCTTGGGTTTATATCCATCAAAAGTTTTTGAGCAGATTGAATTTGTCCTACTTTTACCTCATCTTGGGCAAGAAGAAGCATTAAATCATCTTTGAAAACCACGTGTGGGTAATCTCTCAATATTCTATATCCAATTGATATGTCCCTCCTTTCCATGTAGTTCATAAAAAGTGTGTATTCTATCGGTAGCTGAGCGTAGGCAAGAAAAGGAAGTATTAAAAACAGTAGTAAAACCATAGTTAACTTATGTAGGTGATTATAAGCAGGATGAAGATCCCCAAGATTAGATTTACCCAGATGAGGTTAGGAATATGTGAAAGCTTATTTTTTCTGAAGAGAAAAAAGTAGATATATGTAAACACCAGAGCCATAAGGGCAAAGAGGAAAAGCTTTGTATGAAATAGAGGATTATCAGAAAAATCCCTTCTATAACCATGCCACAGCCCCATGCCTGTTATAAACAAGACAAGTATGGAGAGCCAGACCGCAGGGAAGAATTTTGAAAACACG
CP117180.1_gap22	850266	854250	3984	CTGTGGGTGGCTCTTTTTCAAGGTCTGCCCTCAACTTCCAGCTGGGAGCAAAAACACCCATAGCCAGCGTAATAACTGGCTTGTCAGTGGGATTGACCCTGCTTTTCTTTGCTCCACTCTTTTACTATCTTCCCAAGGCTACCCTCTCAGCCATAGTGCTTTCTGCGGTCATAAACCTTATAAAACCTCAGGAAATTCTAAAGCTCTATAGGATAAACCCAGTAGACGGCATTGTGGCTGGTGTGACCTTTGCCACCGTCTTTTTCATGGACCTGTGGGTTGCCATAACCCTTGGAACGCTCATAGCCTTTGGAAGTTTTGTATACAAGACCATGTATCCAAGAATAGTCCTGCTTACAAGGAACCCTCAGTCTTCCACCTTTGTAAACGCAGAAAGAGAGAAGTTGCCGGAATGTCCTCAAATACTCTACATAAGACCCAACATGTCCATATACTTTGGCAATGCGGAGTATGTTTATGAGCATGTGCTTCAAAAGGTGGAAGAGAGGAAAAAATCTCTCAAGTTTGTCCTTCTTGACCTTGAGGCAGTTAACTACATGGATGCACCAGGCAGTTTAACGCTGGTAAGACTTTTGGACAGGATAAGGGCTATGGGTGTAGAGCCAGCCATGGCAAACATAGGATGCACCCTATACCCACTTCTTGAGAAGGTGGATTTGGACAAACACATAAACATAGACCACATCTTTGACTCAAAGGGTCGGTCCATAGTGGAGCTTTTCAAAAGGCTTGACCACGAGTATTGTAGGAAAAAGTGCCCCTATGCGGTTTTTAAAGAGTGTTGGACTGTAAAAGAGCAGAACTTTAAGCCTACCGAAAGGGTGGCATAGCTTATCTATAAAGACCCCTTGAAAGTATATACTCCTCCACCTTTTCTGGCACAAGCCATTTTACGCTCTTGCCTTCTTTTAGCCTTTGCCTTATCTCTGTTGAGGATACATCTACCCGTCTAACTAAAACAAGGTGGAAATCCCTTCCTTCTTTAAGCTCTGGAAAATGCTCCCTTATGTAGCCTTTAACCTCCTGCCACCTGCCCTCTCTGTCTACTATCACAAAACCTGCAAGGGAAATAAGCTCCTTAGGCTTTTTCCACAGGTGAAGGCTCAAAAAACTGTCCGCTCCTACAAGAAAATAAGGCTTTTGTCCAAAAATTTTGTGTAATTCCCTTGCGGTATCCACTGTATAAGAAACTCCACCTCTTTCTATTTCTATCCTGCTAACCTCAAAGCCTTGAAAACCTTCTATTGCAAGGCTCACCATGTTATACCTATCCTCTGCACTTGCCCTGTGTGGCTCCTTTAGAGGTGCTTGATAAGCTGGTAAAAAGACTACCCTTTCAAAGCCCAAAAGCTCAAGGGTGTCCCTTGCTACTAAGAGATGACCTATATGTATTGGGTCAAAGCTACCACCAAAGAAGAGTTTCATAGCTTAGCGTAAAATTATAGCGGTATCTAAGTTTGCTTTAGGTCAGATAGTCAGTCAAAATATAGCATTCAACCATACAAATTCACGCTTTCTTTGACCTTCTCTTGAGGCTATTCTTTAAGCATCAAACCAAAAGGAGGTGTAGTCATGTTTAAGAGCATTCTTTTCAAAAAGGCACTTCTTGGCACTGCAGTTTTTTCCTTTGCCCTTGGTCTTGCAGTCGCTGGCATGCATGAAAAGGATCGCAAAAAGGCAGACGCAAAGCCTAACATAGTCCAAACCGCTCAGCAGGCAGGTCAGTTTAAGACCCTTCTTACCGCAGTTAAAGAGGCAGGTCTTGAAGAAACCCTTGCCACAAAGTGTTGTTTTACGGTCTTTGCTCCCACTGACGAAGCCTTTGCAAAAGTCCCAAAAGACAAGCTGGATGCTCTTCTAAAGGACAAGGAAGCACTTAAGAAGGTTCTTCTATACCACGTAGTGGAAGGCAAGGTTTATTCAAAGGACCTAAAGGACGGTCAAAAGGTTAAGACCCTTCAAGGTCAACAAGCTACCATAAGCCTAAAAGGCGGTGCTAAGATAGACAATGCCAACATAGTAAAAACAGACATAGAAGCCTCCAACGGTGTTATACATGTAATAGACACTGTGATAATGCCTAAGTAAAGCCTTGCCCCCTTTGGGGGCTTTTTGTAAAATGCTTTATGTGAGGCAGTTCCCAAAGCCAAGAGTAGTAGTCAGTGCCTGTTTAAATCTAAAACCTGTTCGCTACAATGGTCAGGAGGTGAGGGATGAATTTGTCCTTAAACTTCTTCCTTACTGTGAAGTTATAGAAGTCTGTCCAGAGATAGCTATAGGTCTTGGCGTTCCAAGAGAGAAGATAATAGTCTATAGAAGAGATAATGCCTTTGGTCTTTCTCAACCTGCAACGGGTCTTGAGCTAACAGAAAAGATGGAGAGCTTCTCGGAGAAGTTTTTAAAGGGACTTTCGGAGGTGGACGGCTTTATACTAAAGAGCAAGTCGCCCTCCTGTGGGGTTTCCAATACAAAGGTATACAAAGACCCAGAGGGTAGAGAGTTTCATTCAAAGGGAAAGGGGCTTTTTGCCATGAGGGTTTTGGAAAGATTTGAAGACCTACCGGTAGAGGACGAGGGAAGGTTAAGGGATGAACAACTACGCACGCATTTTCTCACAAGGCTTTTTTCTATTGCAGACCTCAGAGAAAGTTTCAAGAGAATAGAAAAAGTAAAAGACCTTATGGACTTTCACCAAAGGTATAAGTATCTTTTAATGGCATACTCTCAGGTAAAGTTAAAGGCACTTGGAAGGCTTACCGCACAGGCAAGAGAAGAAAACTTAAGAGAAACTCTTGCAGAATATAGAAGGCTTTTCTTAGAGGCTCTTAAGAGGAAGCCCTCCATAGGTCAACATGCCAACGTCATACTCCATATCTTCGGACATCTTTCAAGAAACTTCAAACCCTCGGAGAAGGCACACTTTCTAAAGCTGGTGGAGGACTACAAGAGGAGAGTAGTAGACAGAAGGCTTCTTGTGGAGTTTCTAAAAAGCTACGCCTACAGATTTGAAAACCAGTATCTCCTCACACAAGCCTATCTCCAACCTTATCCAGAGGAGCTTGAGCTTTAGTCTTCATCAAGGATTTCCATACCCTCAAGGGTGTAATAGGGTCTTTCGTAGCTTGAGTAATAGTAAGGCGTGTATGCGGTAAACTCTCCAGCACAGGTATCCACGCCCTTGAAGGCTGGGACTATGTTCCACTGATACCTAAGACTTCTTATCTCATGCTCCTCCATACCTTTGAGTTTTGCTATCTCCAAGTCCGAATAGCCCATCTCTTTGGCAAGCCTTAGGGTCTGTGGGTCCAAGTCCTTTTCCTTTATAACCTTTTCAAATTCCACTATCTGCTTTATATTTTCCAGAAACCAGGGGTCTATCTTTGAAAGTTCGTAGACTTCTTGCACGCTATAGCCCTTTCTGAAAGCTCCAGAAATATACCAAAGTCTGTTCGGGTTAGGTATTCTTAGACCTCTCTTTATCTCCTCATCCTCCAGCATGGAGTAGTCTGGAAAGGCAAGACCATACACATCTTGTTCAAGACTCCTTATGGCTTTACCAAGGGCTTCCTTGAAGGTTCTTCCAATTGCCATAACCTCTCCCACAGACTTCATCATCGTTCCCAGTGTTCTGTCTGTTCTTGGAAACTTGGCAAAGTCAAAGCGCGGGATTTTTACTACCACATAGTCTATAGAGGGTTCAAAGGATGCAGGAGTAAAACGTGTTATGTCATTCTTTAACTCATCAAGGGTATATCCTACTGCCAACTTGGCAGCGACCTTTGCTATGGGAAAGCCAGTAGCCTTAGAAGCCAAAGCGGAAGACCTTGAAACCCTTGGGTTCATCTCTATTACGTAAAAATCTCCTGTCTCTGGGTTTACCGCAAACTGTATGTTAGAGCCTCCCGTGTCCACGCCTATCTCTCTCATTATCTCAATGCAGGCATCCCTGAGTATTTGGTATTC
CP117180.1_gap23	912748	916212	3464	AAGCCTCTGTCTCATGCTTGGCGAAAGCTCTAACTCCAACTCAATCCTGTCTCTAAGGTGATATATCTCTATCCTATGTCTTTTTGGCTCTTTTATAAGCTCCTTGTAGTTTTCCCATATGTATAGCTTTTCTAAGAGTAAAGATAAATAGCTTGCTACCTCGTCCACCTCTCTTTGGATGAGCTTTTCCAACTCTGTATATAGATTTTCCCAATCAACTTCTTGATATCTTCCTTCCTTGAGAAGTTGGTAGTTTATCTCAGCCCAGAGAGGAAAATCTTCTCTGTATAGCTCCTTTAGGTCCTTTTCCATCCTTACAAAAGCTCAGACACTCTAAAAAGAGCGTATACTTCAAGACCTTCCCTTTGCAAGTTTTCCCTGCCACCCTCTTCTCTGTCAACCACCGCATAGACACAAAGCACCTCATAGCCCTCCCTTTTGCAGGCTTGGACTGCCTTGAGAGCAGAGCTTCCTGTGGTTATCACATCCTCTAAGACCACAACCCTGTCTCCTGCCCTTAATAGTCCTTCCACCTGCTTTCCAGTGCCGTGAGCCTTTGGTTCCTTTCGGACCACAAAGGGTTTTATAGTATCTCCCTCAAGGTATGAGACCATGCTTACCGCATAGGCTATAGGGTCCGCACCAAGGGTTAGACCTCCCACACCCTGAGGCTTTAGGTCTTTTATAGCCTGATATAAAACCTTACCCAAAATATACACACTTTCTGGGTCAAAGGTTATCTGCTTTAGGTCTATGTAATACTTGCTTAGCTTTCCAGAAGAAAGTTTGAATATAGGCTCGTCCGCAACCTTGAGAGACCTTTCCCTTATTAGAGCTTTTAGTCTTTCCCTATCCATTGGCTTTCAACTTTTCCTTAGCATACTCCATCAGACCACCAGCTTTTAGGATAGCCATCAAAGTATCTGGAAACTTGGTGGCGGTATACTCTTTACCGGTCGTCAGATTCTTTATAATGCCCTTTTCCAAGTCTACCTCTATCTCATCGCCCTCTTTTATCTCATCCACTGCCTGTGGTGCTTCCACTATAGGAAGACCTATGTTTATGGCATTACGGAAGAATATCCTTGCAAAGGATTTGGCTATAACCACAGGCACTCCAGCATACTTTATGGCTATGGGTGCATGCTCTCTGGAAGAGCCAGAGCCAAAGTTTCTACCCGCCACTATTATATCCCCTTCCTTGTGCTCCTTTGCAAACTCTGGATGCTCCGAGTCCTCCATTACATGCTGGGCAAGTTCGTAAGGGTCAGAGGTGTTTAAGTATCTGGCGGGTATTATCTGGTCTGTGTCCACATTGTCTCCAAACTTCCACACTCTACCTCTTATAACCATGTTGTTTATTATAAACCCTTTTTATTAATCTTCCTTTAGGTATAAAGACCCCACTCCTCCTTAACCGCATCGCCTCCCATGCTTACGCTACCCGCTAACCGATTTAGAAGTTCTGTATATCTTGTATTTACGTTTTGTTGCTTGCCTAAGTTATCCTTATGGTTTATCTCTATAGCCCTAAATGTTTCAGTGTTAGATGTATATTTGTTTTTCTTCTGCCTTTTCCTATGCTTCATGAAGATTACCCCTTTACCACCACTCTCACAACCCTATCTTCCCCAAGCTCCCACCTTTTCTTTGCCCTCTGGTCAAGCCTACTAAGAGGCAAGTCCTTTTCTTCAATTCTGTCATAGAAAACCTTACCCTCAGAACTCACTAACATCAGGTCTACAGAGCCCTTTATAGGTATAACATCCACAAGCCTCTCCCGCGCAGAGCCGAGGACTTCCACACCCTTGGTATATCTGCCTCTCTGTGGAATTTCCTGGAGAGATACCTTTTTTATACCTCCGTCCTCTGTTATTACCAAAAGATGCTCCGCATCCCTCAATGCCCTTATGCCTACCACCCTGTCCTCTTTTTCAAGTTTTATACCTTGGACACCCTTTGAGCCTGCACTGGCAGGAGGAACTTCACCTACTGGAAATCTCAAAAGCCTGCCTCTGTGCGTAAAGAGGAGAATGTCCCCCTCCTCTGGTGCTTGCACCACTTTAACAACCCTGTCATCTTCCTCGGAAAACCTTATTATCTGCATTCCCTGAGACTTGTATTCAAAATCCACAAGAGGTATTTTCTTCACATAGCCCCTTTCTGTGGCAAGAAGCACCCTTCCTTCCACGCCAGAACGCACAAAAGCTCCCACTATCCTTTCCTCAGTCTCCTTTAAAGACAAAAGACTTCCCCTTAAGGCTTGAGAGCCTGCTATCCAATAGACCCTTCCTCTATCAGAGACCATAAAAAGCCCATCGGTAAAAGGCACTTCCAAAATGTTTACCACCTCTTCGCCCTCTTCCATCTCCTCAAGAGGCACAACCCTGCCTTTAGCATAGATCATAACTGTGAGGCTACCCTCTTCTAAGCTTTGAACGCCCTCCACAAGGGTTTTCCTTGGAGTGCTAAAGGACTTGGAAAGTTCCTGCATTTCCTCAATAAAGACCCTTACTCTCTCTTCTTCACTTTCCACAAGCTTCGTGTAGTATTCTATCTTTTGCCTAAGGTCCCTTTCTTCTTCTTCCAGTTTACTCCTTTCAAGGGATGTGAGCCTCTGAAGCCTCATATCAAGCACTGCGTTTGCCTGTGCCTGTGATAGACCGTATTTTTTAGTGAGCTTTTCTCTGGCTTCTTGCGTGTCTGCGGAGCTTCTTATGTCCTGTATTACACTGTCAAGGTTTTTAAGGGCTATGAGCAAGCCTTCCACTATATGAAGCCTTTCCTTTGCCTTTTGCAGGTAAAAGTTAGACCTTCTTAGGATAACTTCCAGCCTATGAGCTATAAACTCTTGAAGCAGTGCCTTTATGCCAAGGAGCTTTGGCTCACCCCTTACCAAAACCACGAAGTTTAGAGGGAAGTTCTTCCTTAGAGCGGTATACTTGTATAGCTTTTCTAAGACCTTTTCCCCCTTTGCCTCACGCTTTAGCTCCACCACTATCCTTATGCCTTCCTTATCAGATTCATCCCTTATATCAGATATTTCCTTTAGCTTGCCTTCCCTTGCAAGGTCTGCCATACGCTTTATGAGGTCTGCCTTGTTTACCTGATAGGGAATCTCGGTTATCACTATCTGTTCCCTTCCCCCTTGAAGCCTTTCCACATGAGCCTTTGCCCTTATACGCACTTGACCCCTGCCCTTCTCATAAAACTCTATAAGCTCCGAGTAGTTCTCCACTATTGCTCCAGTGGGAAAGTCTGGACCCTTTATGTATTTCATAATCTCTTCTGTGGTCAGGTCTGGGTTCTTTGCAAGTTCAATAAGAGCTTGACAGACTTCTCTTAGGTTGTGTGGAGGGATAGAAGTGGCAAGACCTACCGCTATACCGCTTGTGCCATTGCAAAGGAGATTTGGAAACTTAGCAGGTAGGACCGACGGCTCAAAGGTAGAGCCGTCAAAGTTT
CP117180.1_gap24	917400	922371	4971	TTTATGAAGAGGTTCTAAAGCAGAGTATTGAGTTTAACAAAAGGCTAAACGACCTTAGCTTTCAGAAGATAGGATAAGCTCAAGGACTTTTTTAGCAGCAAGTTGTTGTGCGGACTTTTTGCTTCTACCCTTTGCGGTAGCCCTAAACTCCCTTATATTGCATTCCACCTCAAAAACCCTGTTGTGATGTGGACCTTCCACGCTCACCACACGGTAGATGGGTCTTTCCTTCCATCTTTTCTGAGTCTCTTCTTGGAGGAGAGTTTTGTAGTCTCTTTTATAGTCCTTGTTTTTGACTGCGGACACAAGCCTCTCTCTGTATAGCTTGCCAAAGAGTTCCTTCACAAAATCCGCAGACCTTCCACAGTCCAGATACACTGCAGCCCACAGAGCTTCAAAGGTATCTGCCATAAGGGAAGAGCTCACATAGCTGTTTTTTCTTCTTCCGCCGTAGAGTATATACATATCAAGGGAAAGCTCCTCTGCCAGCTCATGCAGGTAGTCTTCGCTTACAAAGTAGGATTTCATCATGGCAAGCTCACCCTCAGAAGCGGAGGTAAACTCAGAAAGCAGGATGTCCACCACGAAGAAGTTTATAAGGGAGTCTCCAAGAAACTCAAGGGTCTCATAGCTTTTTAGACCATGCTCCCCTGCGTAGGATTTGTGGGTGAGGGCTTGTATGAGGAGTTCTGAGTTATTGAAGCTATAGCCGAGCCTCTGCTGAAGCTCTTCAAGGCTTTTTGAAGACAAGGCAGGCATTTGTTCCACCAAAGCCGAAGGAGTTGGACAAGGCATACCTAACAGGATAATTTATTGCCTTGTTTGGCACGTAGTCAAGGTCGCACTCGGGGTCTGGGTTCTCAAGGTTTATGGTAGGAGGTATTATACCCGTTTCTATAGTTTTCACTGTTGCTACCGCTTCTACTGCACCTGCCGCACCCAAAAGATGCCCTATCATGGATTTGTTGGAGCTTATCTTGAGCTTATAGGCATGCTCTCCAAAGAGCCTCTTTATTGCAAGGGTTTCAGACTTATCGTTTAGAGGCGTAGATGTTCCATGAGCGTTTATGTAGTCCACTTCTTCTGGTCTTATGCCTGCATCTTCCAAAGCAAGCTTCATACACATATATGCACCCTCACCATCCGCACAGGGAGCAGTTATGTGGTAGGCATCATCTGTGGCACCATAGCCCACAAGCTCTGCGTATATCTTTGCACCCCTTGCTTTGGCATGCTCGTATTCTTCCAAAACCAGGATGCCAGCACCCTCTCCCATCACAAAGCCATCTCTATCCGCATCAAAGGGTCTTGAAGCCTTTTGTGGTTCATGGTTTCTTGTGGATAGTGCCCTCATAACCGCAAAGCCCGCAACACCAAGAGGAGTTATGGCACTTTCGCATCCACCTGCAATAGCCACATCAATGTCTCCCTTCTGTATGAGCCTCATGGCATCGCCTATGGCGTGGTTTCCAGTGGCACAGGCAGATACCACGCAGTAGTTTGGACCCTTAAAACCAAACCTTATGGCAACAAGCCCGCTTGCCATATTGGAAATACCGTAGGGTATAAAGAAGGGAGAGACCCTTCTGGGACCCTTTTCCATAAGGACCTTCTGCTGTTCTTCTATGTCCCTTAGCCCACCTATGCCCGTGCCTATTATAACTCCTACCCTGTAGGGGTCGTATTTACTTTCTAAAAGACCGCTGTCCTTTATTGCTTCCTCAGAGGCTGCAACCGCAAACTTGATAAAGTCTGAGACCTTTTGAGCTTCCTTTTTGTCAAAATACCTCTCTGCTTCAAAGTCCTTTACCTCTCCCGCAATATGGACAGTAAGCCCAACCTCAACAGGGTCAAACCCTTTTATTATGTCTACTCCACTAACACCTGCTATGAGATTTGCCCAAAACTTTTGCACTCCAGTCCCTATGGGAGTCACCGCTCCCAGACCGGTCACCACCACACGACGCATCAGCCCTTTACTCTCTCCTTGAGATAGTCTATAACATCGCCTACTGTTCTTATTTTCTCTGCGTCTTCGTCAGGTATTTCAATGCCAAACTCTTCTTCAAAAGCCATTACAAGCTCAACCACGTCCAAAGAGTCCGCACCCAGGTCTTCCACAAACTTCGCTTCTGGGTTTAACTTTTCCACTTCAACGCCAAGCTGGTCTGCAATTATCTCCTTTATCCTTTGTTCCAAGTCCATTTTCTACCTCCTGCTTTTTATAGCGTTCTAATATTATAGCACAAATTGGACTTCTTGCATATGCAATCCTTAATAAGAAAGTTAGAATGCGTTTATATAGTCATATAGCTTTATAAAATCAAGTTATGATTGTATACAAACTTTTGATTGATTATAAGTTAGGCTCTTGATATTATTATTCCCCCAAGGAGGTATAAAAACATGGACAGGAGAAGATTTTTTGCACTGTCCGCATTTGCAGTCGTAGGTTTAACCCTTGCCCCAGCACTTCAGCCAGCCTTTGGTGCCACAAAACTTGAAGAAGAGGTGCAAAAAAGGCTTGGAGTTCAGCTGTCTCAAATCAAAGAAGTGGAAGACATCAAACTCACAGCTCCTACCATAGCAGAATCTGGTGCCAATGTGCCAATCACTGTGGAGTCCACCATACCCGTGGACAGAGTGGAAAGGCTCTGGATATTCGTTGACAAAAACCCTGTGCCTTGGATAGCGGATGTGTCCTTTACTCCTATGAACGGGCAGGTCTTTTTCTCCACAAGGATAAAGATGGGAGAAACCTCCAATGTGAGGGCAATTCTCAAGCTAAAGGACGGTTCTTATGTGATGGCAACAAGGGAGGTCAAGGTTACCGCTGGCGGATGCGGATAATTCCATAGGCTTTCAATACCAAAATTCTATACAGGAGGTGCAATATGGCAGTAGGGACGGGCATACTTCGTGTGCCAAGAGAAGCAAAGAAGGGAGAGGTTGTAAGGGTGCAGATGGTTATAACCCATCCCATGACACCACCAAGGAAAGACCCACAGACAGGGCAGGAGGTGCCTGCTTATAGTCTGACCAAACTTGAGCTTTTCTTTAACGATAAGCCTGTAAGCACTGTGAGCATGGGTGCTGGTGTGAGTGCAAATCCCTTTATGGCTTTTACTCTAAGGGCAGAGGAAAGTGGTGTTGTGAAGATAGTTTATGAGGACAATAAGGGTGGAAAGTGGGAGAGAACTGCGGAGATAAGAGTTTCTTAAGGAGGTGTAATATGAGAGGGAAAGTTTTGTTGACTTTGTGTTTGCTTGGCTTTAGCTTTGCGGAGGACCAAGACCCAGTAAAGCACGTGCAAGAGCAAAGAAGGATGCTAAGGGAAGCCTTTGGTTTATTGATAGAACAGTATATAGAGGAAGGTAAAGAGCTTTTTAAAAAATATGGACTTGACAAGTGCGATTTTGGTGCTGGTCCTGGTGTTGTTAAGGGTGTGGCAGCAAGGTTACCGAGATACTTCCCAGATGCGGACAGGGTTATGAGTTTAGAAACGAGGATTTATTACTGCATAGCCAAAAGCACTGGAAAAACTATGCAAGAAGTTGCATCAGAGATGACCAAAAACTGGCAGGGTCCCGGTTCAAGACCACCTTCAGATATAGATAAGATATCCTTTTACATAGTTTCTGAGTCAAGAGGTATGAAAATAGAACCCTCTGTAAGTCATCCAAAGGAAAAAGAAGCACTCAAGGTTGCGGAGGCGATCTTTTACAAAAGATGGGGAGCTCTTGACTTTTCTTGTGCGGTCTGCCACGCAGGGGATGGAAAAAGGATAAGATTGCAACAGACTTCAAACTATGCTGACCCCTATCCTAGGGCAAAGCAACAGGATGCTAATATATACCCAATATTCAGAGCAGCCTCGGAAGCCACACAATTTTTCCATCATCGCTGGGCGGACTGCTTCTGGCAGATGAGACTGCCAACCCTTCTGCCGGGTTCTCTAATATCAGATGCCCTGACCTTGTATGTATATAACATGATGAGAGGCAAGCCCATAGAAGCTCCAAATGTATCAAGATAAAGGAGGTAGGAATATGAAAAAGGTTTGGTTTCTGGCAAGTTTTGGAGCTCTACTGTGTATACCTTTTATCCTTGAAGCCAAAGAAAAGGTGAAAAAGGAACCTACAAAAGGAGAAGACTTTGAGCTTGTAGTGGAGAGGTATATCAGAGAATCCTTCGGACCTGTTCCTGGTTACCCTGGGGTAAATCTCGGGCTTTCGCAAGATTATTCACAGCAGATGTGTAGCAAATATAAAGACAATCCTCCCGAAAAGGTATGGAAAAACATTATGGAGTTAGAGCGCTCAACTATAAAATATCCGAGCTATTTTAACGGAGACTGGATGGTAATTATGGAAAAGGGAGATTGGAGAAGGGTTGCACCTCTTGCAAAATCTGGAAGAGGTTTCAGAGCTGGGAAGTTGCAAACAGACCCTGCGGATATAAGAGCCTTTGGAAATTGTCAAGCCTGCCATATGCTTGAAAAAACGGAAGTGGTAGGCGGTAACTTTGGACCACCTCTCACGCACTACGGAAGGCTAAGACAAATAACGCCAGAAATGATTAAGTACACCTACGAGAAGATATACAATGCATGGGCTTATGTTCCTTGCTCCAGTATGCCAAGATATGGTTTTCATGGTCTGTTGAGTCCAGAACAGATAGCAGACTTTGTTCATTATCTTCTCTCTCCAGATTCTCCAATAAACAAATAAACCTCTGCCCCGCTATGCGGGGTGCTATAATATATCTACCATGGCAGGACACAGTCATTGGGCTCAGATAAAGCACAAAAAGGCAAAGATTGACGCACAAAGAGGCAAGATATTTACGAAGATAATACGAGAGATAACCGTTGCAGTAAGGGAAGGCGGACCAAACCCAGATACAAACCCAAGACTGAGAACAGCCATAGAAAACGCCAGAAAGGTCAATATGCCCACAGAGACCATAGAA
CP117180.1_gap25	924376	929171	4795	ACTTGCAACTCTCTACTTGGGTCAGAGAAGTGTGTCTATAAAAGAAATAAGAGACGCTCTTCAGGAAGCTCAAAATCTTGGAGATGTATACTATGGGTTTAACATTTTTAAACTTAAAAAAGACCTTGAGAACCTTCTCAGAAGGGTGGAAGTGGGAAAAAGTATAAGCCCTCTAAAAATAGAATTCATAAACCAAAGGAGAAAAAAGGGAAGCTGGCTTAGGAGAATGTTTAGCAAGTTTAAGGATATGATAGATAAAATGTTCCGCAGAGATAAAGATAAGTATTTCTTTGAGGGGGCTTTATGTTCAAAGAGTTTTCAGACCCTATACACGAGCTGATAAAAACTTACGACTGCGAGATAAGGATAATAGATAGCTTCCCTTTTCAAAGGCTCAGGTTCATAAGTCAGTTGGGTATAGCCTATATGGTATTCCCATCTGCACAGCACAGCAGGTTTGAGCACTCCTTGGGAACTATGGAGCTCGCAGGAAGAATTTACAATAGCCTTGGGCTTAAAGATGAGAAGCTCTACAGAATACTGAGGTTGGCAGGTCTTTTGCATGACATTGGACACACACCCTTTTCTCACACCACAGAGGTGCTTCTCGGAGACAAGAGCCACGAATCCATAGGAGAACGGGTCCTCTTTGAAGAGGGAATAGCGGACATACTAAAAAACTGTGGATACGCTCTTGAGGATATTGGGCTTATAGTGGAGCTTGCCTTTAGAAAGAGTAATAGCTTGCCGAAGATAATCACGGGAGAATTCGGTGCAGACAGGATGGACTATCTTAGGAGAGATGCCTATTTTTGTGGGACTTCCTATGGCTTTTTTGACTACCGTAGGCTTTTGGAGAATATGCTTTTTATAGAGGGTAAAAAGTGCGTCCATATAAGTGCACTCAGAGCTTTGGAAAGTTTTATTCTTGGAAGGTATTTTATGTATTCTCAGGTCTATTTTCACAAGGTGGTGCGTATCTTAAACATCCATTTGGAAGAGGTAATTCAGGACTTTTTGGAGAGAGGACTTCTTAGCCAAAAGGACTTTTATAGAAAGACAGACTCTCATATAATCCACCTTATGTTAGATAGATATCGCGAGGAAAAGGTAAGGAGAGTGTTTGCAAGAGAACACTATAGACAGGTTTTTTCTACTTCATCAGAGGAGCACTTTGAGTTTGTGAAGAAAAGACTTTTGGAAAAATACGAGGAAGACCTTTTGAGGTTTGACCGAGCAAGCAAAAGGGTGCTGGATGAAGACATACCCATATGGAATGGAAACGAGCTACTTAGCCTGCGAGAAGTATCTCCTATTGTAGCCTCCTTGGAAGATATAAGACTTTACAGAATATACGCACATCCAAGATACAAGGAAGAGGTCAGGGAGTATGTTAGAAAAATATCTAAGTAGCTCTCGCCTAACAACCATAACCCTTGTGCGTCTTACTTCCCTTGTGGGTATACTGTCCTTGTGGAATGTGGCGGATGCGGTATATTTTCTTGGCTTTTTAGCCCTCTACTTTGTGGGTGTGCCTATGGACATAAAGGCTACCTATCCAGTAAGGAGGCTATTTCTAAACCTTTTTGGCGTTGCCTTGACCCTGTATTTTCTGTCCTTTCTCAGCCTTGAAGACCTTCTCAAGCCCTTTTCTCATATAGTTCTTTTACTTCTTTCTATAAAGAGCCTTGAGGAGAAAAAACCCAGAGACCTTTATCAGATACTGCTTTTGAGCCTGTTTGCGGTGTCCATATCTACCGCATACAATCTTAGCCTTAGCTTTCTTTTCCTTTTTATCCTGCATAGTCTTTTGGCTGGTTCTTCTCTTGTGTTTCTTAATCTATACAGGACTACGGGAGATAAGAGGCTTGAGCTTTCAATTTATAAGCATTACATATTGGTGAGCCTTCTACTCTTTCTCTTAGTTGCGGTTTTTACCCTTCCCTTTTTCTTTCTTCTTCCAAGAACACAAACTCCTCTTTTTGACCTCATATCCAGAGGCAGTGGACTAAAAACTGGTCTTGCGGAGAGCGTAAGCCTTGGCAAAGTGGGAGAAATACAGGAGGACAATACGGTTGTTTTTAGGGTTTATGGACTTCCTCAAGATATAAAAGACCCATACTGGAGGGTGGTAGTTTTTGGAGACTACGTAAAAAACACGTGGGTTAAAGTAAAGGAGGAAACCTTCCAAATGCCTTCGGGAAGTGGAGACATGGTATACACTCTTGTTATTGAACCATCCTTTGATAACCTAATACCCGCACTTGACTACCCTTATAGGGTCTTAGGTGTGGAAGGGCTTTCCGCCAATGCCTATATGGCTACAGGGAACACCCTTCGCCTAAGTAGAGAAATAAACAGAGCCATAAGGGTCAAAGTTAGCTCCTCAAAGAGCCTCTATCTTGAAGAGGACCCAAGAGATTACATGAGGATACCGCCAGATATAAGTCCAAACCTCAAAAGGCTCGCAGAGGAGCTATCCGCCAATGCAAAGACCGATATGGAAAAGCTAAGAAATGTTATCCAGCACTTTTCAAAGGGTTATAGCTACACTTTGAAGTTGGAAAAGTATGAAGGAGACCCCCTTGATTACTTTGTTTTTGTATCTAAGAAGGGAAACTGTGAATACTATGCCAGTGCTACCGCTCTACTTTTGAGGCTTATGGGCGTGCCTGCCAGGGTAGTGGGAGGATACAAGGGTGCTCTCTGGAATCAGTATGGTGGATATCATATAGTAACCAACTCTATGGCTCATGTGTGGGTGGAGGCTTATGTGGAAGGAAGATGGCTAAGGGTAGACACCACACCACCCTACGTGTCTCCCAGCTTAGAAAGGATTTCCACACTTGCTCTAATAAGAGACTCCATAGTGAGCTTTTGGTATTCCAACATAGTGGGCTACACTTCAGAAAAGCAGATAAGGCTCTTTAGAAACATAGGAGAGGGTCTAAGGGCGGAGTTAAAGTTAGAAAACCTAAGAACAAGGGCTTTTCAGATATCTCAGCTTTTCCTCTTTGGCACTGCTCTTTATCTCGCCTTTTTTCTATTCCAGAGACTTAGAAAAACTCCCGAGAACCTATACCGTATGACAAGGGAACTCCTTGAAAGGGAAGGCATCGTATCAAAAAATCTCCTACCAGAAGAGATAATATCCGCCTGCAAAGGCACAGACCTATACAACCACGTTAAGTTTATCCTCTCCATATATCAAAGATACAAATACTCCCCCTACAAGGTATACCCTGACGAAATAGAGGAAGGCTACAAGGCACTAAGGAAGCTAAAGGATATTATCCGTAATTCTCGTCGCTCCTAACCTTTATGACTGTATGCACATTACCCCTTGGGTTAAAGTCTCCAATCACCTCAAGGAAACGAGGCTTTAGGGTCTCATAGAGTGCGGTATATATTTCATTAGTTGCTTGCTCATGAGATATGTAGCGATTTCTAAACTTATTAAGCCAGAGCTTTAGGGACCTAAGCTCCACAATGTATTTATCTGGAATATACCTTATCTTTATGGTTGCATAATCTGGATACCCCGAGCGAGGACAAAGACAAGAAAACTCAGGAAAGGTTATCTCTATCATGTAGTTTCTCTCTGGTGTTGGATTTCCCCAAGGCTCAATCTGTGCCTCTTCTATGGCTATCTCTCCGTATTTCTTCTCCATGGTAGTCTATTTTAGCCCATTTTCACAGTCAAGCAATACATAGAGACCGTCAAACTCTCTACCTTTGACTAAGGGTTTGCAGTTTTCAAAGTCTTTGCTGTATTTATCCTTTGTTATGACAAGTCCCTCCGCCTTATGAGACTCTTCAAGTTTCTTTATGCACCTGCCTGAATAGAAAACAAGGGCAGAGTCTTCCGCCCTATAGAAGTAAACATCTCCCTTATAGGCTTTTACTACAGGGTAGGCTTTTGGTGTGAACCTTTCCTTCTCATATAGATGCAAGCCAAGGGTAAGCAAGAGTATTGAGACAGTGGAAAGTCCCAGAACCACCTTTAGATACCGCTCACTTACCAAATAAGACAGCATTATGGCTATGGGTGGGTAGGAAAAGAGTATGTAGTGATGTAGTTTGTTTTTTGCAAGGCTAAAGAAAAGGATAACGAAGAAAGCCCAGAGCAAGAGAGGGAGCCATTCTCTTTTGAAATGCCTTATTAGCTTTGGATACAGAGGCATATACCAGAGGGTAGCCACCAAAAGGACAAGAAGGTAGTAATAAAAGGGTGCAGGATGTGTAGACCTTTGTCCTGTATATCGCATTATGTTTTCGTAGATAAAGAACCTGTAAAAGTATTCGTAGCCATGTTGAAAAAGCATAAGGGCATACCACGAAAAACCTACAAGAATAAAAAGCAAAAGACCAGTGGGTTTTATAAAGTCAAGCCTTCTCTTCCAAAGAAGATACGCACCCACAGAAAGCACCACACCCACAGGACCCTTTGTAAGAAAGGCAAAAGCTAAGGCAAGCCAGCCAAGGGTAAACCTCTCCTTCAAAAAAGCATAAAGACCAAGTAGGGCAAAGAAGGTGTTTAGCATCTCCGGAACAACAGCCCTCGACTCAAGCCAAAGGTGAGGAAAGGTAATAAGGACAAATGCGGACTTTATGGCTATGTCCTTTGAGAAAAAGTCTCTGGCTATAAGGTAAGTAATCAGGGTTAAACCCACTGCGGAAAGTCCAGAGATAAGCCTTGCGGAGAACTCATTAAGTCCAAAAAGGTAGGAGCTAAGGGATATGAGCCAGTAGAGCATGGGTGGTTTTTCAAACCTCCACTCACAGTTATAAACTG
CP117180.1_gap26	933497	935167	1670	CTGCAGATAGAACAAACCTGTCTCTGTTTATCCAGTTTGGGTTTTTGGGATTAAAGCGTAGAAAACGGTCAAAGATAAGATAAGCTATGTGGCTTGCACCAAGGGGCATGCCAGGATGTCCCGACTTTGCCCTTTCTACTTGGTCTACACTTAGAAACCTTATAGTGTTTATAAGAATCTCATCCCTACTCATGCCTGAACCAGCTCTTTTCTGAGCTCCTGTGCGGTCTCTACCATGTTCTTCAAAGAGGGAACTACCTCTTCCCATCTTCTGGTCTTTAGACCACAGTCGGGGTTTACCCACAGTATCTCCACTGGCAGAACCTTCATAGACCTTTCCAAGACAGTTCTCATCTGCTCCTTTGTAGGAATGGCAGGAGAGTGTATGTCATAAACGCCTATGCCTATGTGCCTGTCCCAACCTTTGAAGTTTTCAAAGGCGGAGATTATCTCGCCCTTACTCCGTGAAGCCTCTATGGAGATTACATCAAAGTCCATCTGATAGATATAATCCAAAACCTCGTTAAATTCGCTGTAGCACATGTGGGTGTGTATCTGAGTTTGTGGTTGAGCCTTGGAACACAGCCTAAAGGCTTTTACCGCCCAGTCAAAGTATTCCTGCCAGTCCTTTCTCTTGAGAGGTGCACCTTCCCTAAAGGCAGGCTCGTCTATCTGAATTATCTTTATGCCAGCCCTTTCAAGGTCTTTTACCTCCTCAAGCAGTGCCAGAGCTATCTGATAGGCTATTTCTCTCTTGCTTATGTCTTCTCTGTAGAAGCTCCAGTTTAGTATGGTTACAGGACCTGTGAGCATGCCCTTTACAGGCTTTTCCGTGAGAGACTGTGCGTAGCTAATCTCCTCTACCGTCATAGGCTCCGGTCTGTAAACATCGCCATATATTATGGGTGGTCTATAAACCCTTGAGCCGTAAGAGAGCACCCATCCGTGCTTTGTGACCGCAATACCCTCTAACTTCTGAGCGAAGAACTCCACCATATCCGTCCTTTCAAACTCACCATGCACCAAAACATCAAGCCCTATCTCCTCTTGAACCCTTATTGCGTGTTCTATCTGTTTCCTTATAAAGTCCTTGTATTCCTCTTCTGTTATTTTCCCAGAGGTGTATGCGGTCCTTGTTTTCCTTACTTCCTCTGTCTGTGGGAAAGAGCCAATGGTAGTGGTGGGAAGAAGAGGAAGTTTCAAAAGGTCTTGCTGTAGCCTTATCCTTTCCGCATAGGGCACATCCCTTTCAAAGTCCGAGGCGGTAAGGGATGCGACCCTTCTTCTTACTTCCTCTCTTACACCAAAAGCCTGCGTAGAGAGTTTTTCTGAGTGTTCCACTTCTCTTATCGCATCTTGGTCTCCTTGCAGAGCCTTCTTTATGGTGTGGAGCTCTCTTAGCTTTTCCTTTGCAAAGGAGAGCCTTTCCTTTAGACCCTCCTGCAGGCTATCCTCTGGCTCTACGCTCACAGGCAGATGGAAAAGGGGACAAGAGTTGGAAATAATTAGTTCTTTGCTAAGTTTGGCAAGCTCTTCCACAAGGTTTAGCTTTTCTCTGAGGTTTGCCCTCCACACATTCCTGCCGTTTATTATGCCCGCTATAAGAGCCTTGTCCTCTGGAAAGCCTTCCTTTCTTAGGTTTTCAAGGTTTTCTCTGTTAGAGACCAGGT
CP117180.1_gap27	992839	994291	1452	AGACAACCTAACAGTTGAGAGGATTAAAGATGCATTGCTTAAAATGAAGGAAGACGAAGAAGGTAGAAGGATACTGAATGTATTGGGCATATCTGGGTTTAGGACAGTAAGAGATGAGTTTTACAAGCCAATAGAAGAGATGCTTGATTATGTGAAAAGAAATGTCACCTCTAATAAGTAAAATCTTAAGATTAAGCATAGGCTTTAAATTGTCTATAACTTTTCTTGCAGTTATACTGTGCGTCTCTCTGCCGTTGTCTTATCTGATAATAAAATATTCAGAAGACCTCTTAAGAAAGCAAATAGAAGAAAGTATTTTAAAGAGCGTTGAAGCGGAGGAAGGAAACCTTAGAACAGCTATCATTAACGGAGATTACTGGCAGATCTTCAAACGGGTGGAGGCTTGGTCAAATTTTAAGGGTATAGAGTATGTTGCCATTCTTGACCCTCAAGGTTTTGTTTTGGCACATTCAAAACCGCAAAGTTTTCCCATATATACTTACTATTTCCCACAGGAGGGAGAAGTCAGTGTTGACATAAAGGGTTTTAATAGAATTATAGGAAGGGTGGTCTTCAAAGTAGATAACAAATATGTAGAAAACTCTCTTAAGCCTGTAAAGTTGTTTTCCGCAGGCTTTACCTCCCTTTTTGCCACGTTCGGTTTTATGTTAGGACTTTCAATATCTTTAAGGATATACGGAAGGCTTAAACGCATATTAAAGATGGCAACAGATGCAGAAAAGGGAAAGGTCTATCCTGTGTCCTTTATTGAAAAGGATGAAATTCAAGAATTTGCAAACCACTTATATCAAAGCTTTAAAAACATAGAGAGGCTTTTGGAAAACGCAAGGTTTGAAGGAAGTTTCTTTTCCAACCTTATAAACTCCCTTGGCGAAATGATTTTTGTTTTGGATACAGAAGGTAGAATAATTTTTGCAAACAGTGTTATAAGCCATTTTCATTATAGATATAAAGACCTTATAGGGAGACGGTTTATTATCTTAGTCTGTGACCCGAAGGTGCGTTCAAAGCTAAGAAGTGCTATGGCTTTAAGAGAAAGCGTAATACTTGACTGCTACTTTAGAGGCAGAAGTAGAAAGGTTAATGTTCTTCTAAACTTCATGTGGAAAGGAGAGTTTTACCTTGCCACTATGAGAGATATAAGTGAGCTAAAGGAGATGGAGAAAAGGGTTAGGCTCATGGAAAACCTTAGCCTTCTTGGAGAGATGAGTGTGGGACTCGCCCATGAACTAAAGAACGCCCTCTTGCCCATAAGACTTTTGGCGGATGTGGAAGAATGGGATGAGGAAGATATTAATGTAGTAAAACAGTCTTTAGTGAGGGTGGATAGAGTTCTTATAAACATGCTTAACTTTGCAAGGCAGGATAAGGAAGTAAAATCGCAATTTTCTGTTGGAGAACTTGTAAGAGGTATATACAATCTCTTTGAGC
CP117180.1_gap28	1010212	1013031	2819	ACGATGTGTAAGAGGAGGTGAGCCATGGAATGGGGCAAAGCCTTTTGGCTTTTGGCTTTTGACCTGCTTTTTGTGCTTTATGTGGTGTCAACCATACTTTAGGAGGTATAGACATGGACAAGACTGCAGTCATCCAGAAACTCAACCGTATACTTGAGCTGGAGCTGGCGGGCGTGGTGAGATACACTCACTATGCACTTATGGTATATGGGGTGAACCGTATACCCATCGTCAAGTGGCTTGAAAAACAGGCAGAAGACTCGCTTCAGCACGCCAGAGAGGCAGGAGAGCTCATTACCTACCTTGGCGGACATCCATCTTTGGGTATTGGTCCTCTACTTGAGACCTACAGGCACGAGATTGAGGAAATACTAAAGGAGTCTTTGGAGCATGAACTCAAAGCCTTTGAGGAGTATAGGGCACTGCTTGAGCTTGTAAAGGACAAGGACCCAAGGCTTGAAGAATGGGTAAGAGAAAAGCTCAAAGAGGAGCTTGAGCACTACGACGAGGTTAACAAAATGCTCAGAAAACCTGGACAGATTGAGGTTTACCAGTGACTTGCAGGTTCTTGCTCATGGGAGGCTTGCCTGCCTTGCCTCCCCCTTTTTATAGGATGGAGGTATAAAATGAGAAAAAAGCTTTTCTTGCTTGCGGTTTTTAGCTCCACAGCCCTTGCCCAAGAGACACTTGAAGATGTGGTAATATCCGCCACAAGACAGGAGCTGGAGCAAAAGCTGGCACCACCACCGGTGAATGTGATAAGGGACAGGGACCTAAAGGACTTGGGAAAGAGTCAAAAACTCTCAGACCTTTTACTTTTTGATAGCAGTGTTTACTTGCTTAGGTCGAGGGGAAGGAGCTTTTTTAGCATAAGAGGCTTTGATGCGGACAAGGTCTTGGTGCTTGTGGATGGCAGGAGGTTGGCTTCTGAAACGGATAGGGACTTTGAACCTTTTAGGATAGGGCTTGATAGGGTGGAGAGGGTGGAGATATTGAAAGGTCCTGCCAGCGTGCTATACGGCTCGGACGCCTTGGGTGGTGTGGTAAACATAATCCTAAAAGAACCTCTAAAGCCAGAGCTTAGCTACAGCCTCAAGTATGGCAAGTATACCTCTTCCAATAAACCAGAAGCCTTTGACCTATCTCTTAGTGCCTTTAGTGGTCGTGTTGGAAACTTTAGCGTGGGTGCTTATCTGCGGTCTTCTACAGAGAGGAGCTTTCTCTTTCCTCCCACCAGAACAAGCCTTGAACCTAAAAACCAAGTTGCAGACTTTGGAGTGAGTCTTTTCTACTACTTGGATGAGTCCTCAAAGAGCAAGCTAAGGCTTGACCTTGAAAAACAAAAACACGAATCAGAGTCAAGGATTTCCACCTTTGTGCCAGGAACAAGACCGCCTCAGAGAACCACTGCAACAGGTAAAAACGAAAACCACAGGCTTAATGCATCCCTCTCTCTAAACCTTGACAGGGGAACATGGAGAGGATTTGTAAGGGCTTATCTTTCCAACTTAGAGGCGGACTTCAGACAGCGTGAGGTAAGCACCAACAGGCTTTTGAGGTCTGATGACCAAAAGTTTTACCTTTGGGTTTTGGAGGGCAATCTCTCCTTTGACCTTTTTGAAAGCCATAGGCTTACCTTTGGTGGTGAGTTTAGAAGGGAGGGATTGGAGAGCACAAGGATAGGTAGAGGCAAAGACAAGGGGCTCGTAGACAGGGGAGCCCTTGAGGGACCAAAAAGAAAATACAAGGTGGATGACGACTTTTATGCCCTATACCTGCAGGATGAGTGGTTTGTAAGCGATAAACTCTTTCTAACCGCTGGCATAAGATACGATGGCAGTAAGGATGGGGATGATAACTTAAGCCCGAGGGTGGGACTTACCTATAGCCTTCTGCCAGACCTAAGGTTAAAGGCAAACTACTCTCAGGGCTTTAGAAACCCACCTCTTAGAGACAGATACATCTTCTTTCAGATGTCCAACTACTATGTGGTGGGTAACCCAGACCTCAAAAGCGAGAAAACTCAAGGTATAGACCTTGGCATAGAAAAGGACTTTACTCATAGGGGCGGCATAAGGGCTAACTACTTCTACATGAAGGCAAAGGACCTCATAGAAGTCCAGACAGTATGCGACAACATAAGAGGAACCGCACCAGCTTTGTGTCCTATTTTGGACTTTCCTCTACCACCAGGCTTTTTTGCAGCAACATACAGGAATATTGGAAAGGCTAAGTTTACTGGTTTTGAACTTTCTGGCTTTTATGAACCTTTAAACTGGCTTCGTCTTAGGACTTCCTACACTTACCTTGAGGCAAAGGACGAGAGCCAAGACCAAAGGCTTTTACAAAGACCCAGACACAGGGCGGTGGGTGAGTTGGCACTTAAGCCTCTTGAGAACACAAAGATAAGCCTTACAGTCCAGCACTCTTCTGACGTGCTTTACCTTATAAACAACAGACCTCAAAAGAAGGACTTTACGCTCCTCGGCTTGGCTGTAAACCAAAGGGTCTTCAGAGGGCTTGAGCTCTTTGGTGGTGTGGATAACCTAAACAACAAAAAGGACTATGACATTGGCTTGCTTGGTAGCTTCTACTACGCAGGCGTAAGAGGCACTTTCTAATGTGGGTTGAATATGTGTTTATGGGCATTATGCTGGGTATGAGCCTTGTTGCGGGCTATGTCTTCTTTGAGAGGCTCTTCTTTTACAGAAGGGTGGATATATCCTCCTTTTCCACAAGGGCTGGGCTGGAGAGGGAGCTCACCAAGGGGCTATACATAATAGCTTCTGTTGCTTCTAACGCACCCTATGTGGGGCTTT
CP117180.1_gap29	1131464	1132655	1191	TTAATGAGCCCTCTCGCATCCTTTGAGTATCTCTTACCAAAATGCACAGAAAAGTAAGACCAGCACATCTTTGTTACATACTTGGGAGGATATTGAGCCTTTATCCCTTCTATGGCAAGCAGATAGCGAGAATATAGATTGGCTAAATCTCCTCTAATCGCAATAGTATCGTCAAGTTGTTTGACCTGAGAGAATATTACGGAGGACATAATATCATCCAGTGGGGGTGAATCCTCCTTTAGTCTTTCATAAATAAGTCTATCGTCGGTCAAAACTATGCCACCGTATCCCATCAACACGGAGCTCTCTGAAAACTCAAGGAAAGAAACATGCCCAAAAGAGCCTGCTGGTTTTCCCTTATACTCGCTGAATAGTGTCTCTCTTGAATCCTCTATCAATAGGATACCTTTGCCGTTGACCAACTCCCTGAGAGCGTCCCAGTCCATGGGGTTTCCCAAGGAATTACTGCCTATGATAACTTTTATGTCCTCAGACATAACATTAGAAAGCCTTTTTGTGTCAATGTTTAAAAACCACCTTTCAGCGTCAGGATAAAGGGGGCAAGCACCTATGAGCCTTAGGTAAGGGGAAAAATGTTTGTGAAAGGATAGGGGAGAGATTAACACCTTTGAGCCATTACTTACACCTGCATACTTTAAAAGGGTTAGAAGTGGCAGTATCAGGTCTCTAACTGCAAGCGCGTATCTTCTTTTCGTATATTCACAGAAGAAGTCTTCCAGCTCTCGCCTTTTTAGTCCTGAAAAGGCATAAGGGTAGCTCATGGCTTCAACTGCGGAAAACATGTTCTCTTTTGAAAAGCTACGAGGCTTAAAGGTTATCATCTTCCCTTACCTCTATAAGTCCTAACATTGTGGAAATACCAAACTCGCCCTTCTCATCTATCTCCTTAAGGAGGCTTAGTATCTCTGTAGCCTTTTCTAAGGAACCAAGCCTCATAAGCATAAAGGCGTATGCGGAGTAAGCATTTATGAAAAGCCTTATATCGTAATCCTCAAGGTTAGACCTTAGGTAGGCTAACATTTCCCTTTTTTCCTCGGGTATGTTCCTCTTTGAACGAAGCATATCCATAATTTTTAGAGCTACCTGAATAGCCATAGAGTAGTTTTGTCTATAAAAGAAAAACCTATATGCAGAAACAAGCACATTCAGGTTGTCCCTGTCTTCCTCAAG
CP117180.1_gap30	1150193	1152758	2565	GTCCCAATCTTTTGAGCACTGGCAAGGGGTCTGAAAGGTTATCCTTGAGCTTTACCTCGTTTGCACTGTAGCCAAAGGCAAGCCCAAGAAGCTGTGTAAAGTATGCAGCTGGCACATCCACATCGGGCACACCCTTCATCATAAGCCTGTGGCGATACATTTCAAGGGAAGCATGGCATAGAGGACACTCGGTGGCTATTATGTCCGCACCGTTGCGTTTAGCAGTCTGCAATATCATCATCACGAACTTTTCAGAGACCATCTCATCAGAGAGCGAGTGAGGACCTCCACAGCATTGGGTATGCATGGGTTCAAACTCCACGCTTGTGGCACCAGCAGCCTCAAGGAGGGCGTTCATATAGTATGGATGTTCGTCGTCATCCGCAGTTTCTCTTCTTCTTGGTCTTGCATCTTCATCCTGACCGCCTGCGTGTGCATAGGTTCTTGCATAAAAGTGTGGTCTTGTGTATAGGCATCCGTAGTAATTGGCAACCTTAAGACCTCTCAGAGGCTTCCTTGTCTTTTCCTTGACCTTCTGTGGACCAGCTTCATGGTAGAACCACTCCAGTATGTGATAGGTTTGAGGTATCTGGTCAAGAGGGTCCACACCACCTTCTCTAAGAAGTGCATTAACCTTATCGTAAACCGCCTTGTCTGTCTCAAGGAAATACTCAGCCCTCTGAAGGGAGAAGGAACATCCATTACAAGGAGCTACTATCACATTGTGCCCTTGCTTTTTTGCCAAGGACATATTTCTGGCATTTAGGAGCATTGTGCCCATAAAGGTAACATTTTTGGACTCCATAGCACCACAGCAATTGTAGTCCTCAAGATAGTCCAATTCAAGACCAAGCTCCTTCGCTACTATCCTTGTAGAAACATCATAAGACCTTGCTGCACCCTCAAGGGAACAGCCTGGATAATAGGCAACCCTTTTTCCTATCACACCCATCTTAAACCTCCTTAATGTAATGCACCTTCTTCCTGCATAACCTTGCGTAGCACTTGCTTAAACCTGCTCCAGTTCTTTGTCCTTGGATGGAAAAGCATATGCTTGGCGTTAAGCACCAAAAAGCCTATGTTCATGGACTTGATAGGCTTCATAGTCAGCTGTTTGAGCCACTCGGGGGTTTCACCTATAAAGGGTATGGGCTTTTTAAGTATTGGGTCTTTGAAGACCTTGTATCCTTGCTTTTCTATCCATCCAAAGAGAAGCTCTCCATCTTCTATTCTTCCGTATTCAAGCACAGACTCAGTAAAGAACTTATCAAATTTCTTGGAAGGATATTCCTCTATAAGTCCCTTCTTTGCCATAGTTCTAAGTATGGCTTTTAGGACCTCTTCCACAAGCACGCCCTTTGGGCATCTGTGGGTGCATTTGTGGCAAGAAACGCACCTCCACATTACATCCGCACGCTTTTGAAGCTCATCTATCATACCCAGCCTTGCCAGGTATATAAAGTGCCTTGGGTTATATCTCTCATCCCAGTAGTTATGCACAGGACAGGACGCGGTGCAGTAAGAGCACTGATAGCACTGGTTTATGGTCTTGCCATCTGGAGAGTTTATAACCTCTTTGGCAAAGTCAAGGTCATAGTCGTTTATAACCCTAGGCAGGATTATAAGGTTCCAGTCTCCAGAAACGTCAACACCATCAACAACAAGCCTCTCTTTCCTTAAAATTCTCTCTGGCTCTACAAGGCTACGCTCATGTATTGCCATGTTTACACCTCCAAAAGGTCTTCATTTCTTATAACACCAAGGAGCCTTCTCGCCATAACGCCAGCTGGCGGGAAAAAGCCCTTGGCACTGTGCATGGTGGACAGGGTCATATAGTCCACATAGGTGGCGTATATCATAGCAAGGAATATATCCACAAAAAGATACCCCCTTACCTTTATACCGAAATCTATGAGCTTTTCCTGAACCTGCTTGTATATTAGCTCAAACTCCTCGTAAGTCTCTCCATACATACTCCTCTTTGGAGGCTCTTCCTTTAGAAAAACCACCGCACCGCTTTCGCTCTCTGGGTCCCATATCCAGCTGGTCCAGAGCACATACTCCTCTGGAAAGGTAAAGTGGAGTATCTCGCTGGCTATATCCCTTGCAAACTTTCTGTCCACACCCCTTATCTCTCTTACAAACTTTTCTACCCTCTCTTCCCAACTTTGGGCTTTGCCATAGAGAAGGTCGCTTATGGCTCTTTTGAGCTTGTCAACGCCCGTTTCTTGGATTATTTTCTGTCTTCTTCTTCTTGCAGGGAATATCTTTTCAAGCACAAGGTCAAGGTCTTCCTCTGTCAGAGAGGGTAGCCTTTCCTTGGAAAAGGCTTGTTGAAAAAGGAGGGACTTGGCGAGGAGGTCCTTGTAGAACTCTTGCACAAACTCCTCGCCTTCTCCAAGTATCTTTATCAGATAGTCCCTAACCAAAAAGTCGTCAAGAATAACTGGCTTTTTCATACTGTCACCTTTGCACCAAGGAATGCTGCAGCCTCTGCAGCAGCAGCCTCACCTTCTGAAAGGGAGGATTCTATATCTATAGGACCCTTACAGGCACCCGCTATGA
CP117180.1_gap31	1164753	1167389	2636	TACAGATAGAGACTTTTACGAAAAAGCTATGGCTGGAGAAAAGCCAGCGGTTGTTTTGCTTACCACACCAGACAATCCACAGAACCAAACCTTTTACGAAAGGCTCATAAAGTTTCAGAGGCTCTATGGGGACAAGATAAACTTTTACTGGCTTGACGTTAGTAAACATACCAGTGCAGAAGACCTTGGGGTATTTAGCTTTCCTACAGTTCTCTACTTTAGGGACACTATGGAATTGGAGAGGCATGACTATACTCCAGAGGAAGAGGATGTAGAAAGGGCTATAAGGAGGCTTTTGAGGCTATGAAGCTCCTTTGGGCACCTTGGAGAAGCCAATACGTGGAAAAGGTAGACGAGCAAGAGGGATGCTTTCTCTGTGAAGCGGTATCTCAACCAGAGGAAAAGCTCAGAGATTATCTTGTTCTGCATCGTGGCAGGAGGGCTTTTGTTATATTTAACAAGTTTCCCTACAATCCTGGACATCTAATGGTGGCACCCATAGACCACATAGGGGATTATCTGCTTCTTGACCAAGAGACCGCGCTTGAAATACACAAGCTAACAAGAGTTTGTATACAGCTTATAAGGGAAGTGATGAAGTCTCACGGCATAAACGTAGGCTATAACCTTGGCAGGGCTGCAGGTGCTGGATTGGAAAGCCACATACATCTCCATCTCGTCCCAAGATGGTTTGGAGATACCAACTTTATGCAAACCCTTGCGGATACTAAGGTTATATCTCAAGACCTCTATGAGCTTTATGACAGGATGAAGCCCGTATTCAAAAGGATACTTGATGCTTCTTGAGATAAGGAACTTAAACCTTTACTACGATGGTAATCACGTTTTAAAGGATATAAACTTTGAGCTAAAAGAGGGTGAGGTGCTTTGCATAGTAGGCGAGTCAGGCTCTGGAAAAACTTCCATATTATACTCCATAATAGGACTTTTGCCAGAGAAGGCTAAACTTGAAGGCTCTATCAAGTTCAAAGGACAGGAATTGGTAGGTCTTTCAGAAAGGGAATACAGAAGCATACGAGGAAGGCACATATCAATAGTTTTCCAAGAACCCTCCGTCTATCTTGACCCTCTTTATAAGGTGGGTATCCAAGTAGAAGAAGCCTATATGGCACACTTTGGGAAAAAGGGTGCAAGGGAAAAGGCTCTTCAGGCACTCAAAAAGGCAGGCATTAAGGAGGTAGATAGGATATACGGTAGCTATCCTCATCATCTCTCAGGTGGGTTAAAGCAGAGGGTTTGCATTGCCATAGCTACCGTATGCGACCCACAGCTTGTGCTTGCGGATGAGCCCACCACTGCCTTAGATGTTTCCATTCAGAGTAGGATACTTAAACTCTTCAGAGATATGAAGGAGGTGAGCAGAAGCGTTATTCTTGTTACTCATGACTTTGGCGTTGTGGCGGAGGTGGCAGATAGGGTTATGGTTTTAAAGGATGGCATGATGGTGGAGGAAGGAGATGTGTGGAGTATCTTTGACAACCCAAAACACCCCTACACTCAAGAATTACTGAGGGCTATTTAGAGGAAAGGAACTTCTCAAGACCTTGGATTATCTTGTCTGGAGAGATCTCATAGGCGTTTTTCTGAAGCTGAGACCTTATACTTTCAACCTTCTTGCTTAGATGCTCATAATCTACAGCGTGATTCCTCTGAGGTGGGTTAGAAAGCTCAACACTAACGCTCTTACTTTCCTCTTTTTCTTTAACCTGCCTTCTACTCCTTTCCTCAAGCTCTGCTATATACCCAACTATCTTTTGTAGCTCTATCCTGTCAATCATGATTATATTATCGGCTATGTGGGTGTTTTTTTCAAGGTAATAGACTCTCCAACCCTAACTCCAAGTTTTTCCTTAAGGTTTTCCATAGGTAGGAACACTTCCATAAGACCAAAACTTCCACACACAAGGGCAGGCTTACCTTTCTCCGCCTCAAGAAAGTAAGAAACCACCCTTAACTTCTGTCCTCTGAAATATCCCTCCTTATACCTGCCACAGGGCACATTGGTTATGCCATTACCAAAACGGTCAAAGTAGAGTATTTTTCCCAGCACTGTATCTCCCATATCTTCTGGCTCTTCCCATGGAAGTTTAAACTGATACTCTATTGGACTTCCAACTTCTTGAGGGGCTAAACCCTTACTTAACCACCCAGCTATAGGTGCAAACACATCTCTACCATGAAAGGTCTCATTTATTCTTGAGAGGGCAAATCCTTCCATATTTATCTTGTATGCCTTAGGCTTATCTTCTATATTTTTAAGGGCAAGGTCAAAAAGTCCATTGTAAGGTCCTACGAAGGTATACCCTCCAGAGCTAACCACTATTGGAAGTCTTTCGGAGCCTACACCTGGGTCCACCACACATAGAAATATCGTGCCCTTTGGAAAATAAGAAAAATGAGCTTTTAAAAGTAAGGCACCATGAAGTATATTAAAAGGCTCTACTTCATGGCTTATGTCAATTAGCTGAACCTCGGGGTTTATGCCAAGTATTACGCCCTTCATAACTCCCACAAAGCCATCTCTAAGTCCAAAGTCAGTAAGTATTGCCACAAACCCCTTCATGGTCTATTATGTTAAAATGAATACCAAAGGAGGTGCAAACCATGGAAAAGAA
CP117180.1_gap32	1206177	1208774	2597	TAGATAACTTCAAAAAGTTAAACGATACATACGGACATCTTGTAGGAGATAGGGTTTTAAAGGAGATGGTTAAAGAAATAAGGAGGATTCTGCGAAAAAGCGATATCTTTGGAAGATGGGGTGGTGAGGAGTTCTTGGTGCTTCTTCCTATGACCTCGGAGCCTTACGCACCTGCAGAGAAGATAAGACAAGCTGTGGAAAGCCATAAGTTTTTTGGAAACTTGAAGATAACCATATCTCTGGGAGCAACCACTTACAGGGAAGGTGATACTATGGACAGCATGATTTCAAGGGCGGACGAAGCACTTTACCAAGCAAAACAGCAGGGGAAAAACAGGGTGGTAGTTATCTAAGAGAGCTGTTCTTTTAGCTTCTCGTTCATTTCTTGGACCTTTTGCCTTAAGGATGCCTCATAGTCTTTTAGTTTTTTCTCAAGCTCTGGGTATTTTATGGAGAGTATCCTTATGGCAAGAAGCCCTGCGTTTGTGCCGTTGCCTATGCCTACGGTTGCCACTGGGATGCCTGCTGGCATCTGCACTATGGAGTAAAGGGAGTCCACACCATTTAGGTGTTTAGAAGGCACGGGGACACCTATCACTGGTAGTGTGGTCATGCTGGCGGTCATGCCCGGGAGATGTGCGGAGCCTCCTGCACCTGCTATTATTACCTCTATGCCTCTTTCTCTTGCGGTTTTTGCATATTCATACATGGCTTCTGGCGTTCTGTGGGCGGATACAACCCTGACTTCGCAGGGGACTTCAAACTGCACAAGGACTTCGTAAGCAGGCTTTAGCCACTCCCAGTCAGAAAGACTACCCATTATTATTCCCACCAAAGGACTTTTCATGCATATAATTTTATGCATGAGTATAGAGAAGTTCATGAAAGAGCTTTTTGATATGGAAGAGAGCCTCTGGCAAAGGCGTATGAAAGTCCTTTATCAGTATAAGAGAGTTCAAGAAATGAGGCAGAAGATACGAGAGATTGAAGAGGTATTTGAGGAAGAGGTAGGCATTGACCTTCAAACCGCCCTATACTTCTTGGAAGAATACGAGAGCAACCCTCAGAGCTTTGAGAGAATAAAGGAAACACTGGGAGAAGAGGTTTTTCAGACGATAGAAGCTCTTGCGGACAGGATTAGGCAGATAAGGGATATGAAGAAGGAAGTGGATGAGGTGGAAAAGGAGATATTTGAAATAGATGCGGAGATAGACGATACCTTTGAAAAGCTCCAAGAATACAAAAGAAAAATTCAGGAAATGCTATGAAAAGACCCATAATGCTAATAGACCTTGACAGGTGCATAGGTTGTCTTTCTTGTGAGGTTGCCTGTAAACAGGAAAAGGGGCTTGAGAACTTTGGCATAAGACCCATGAAGGTCTTCAGAGTAAGTGGCATTGGAGACAAGGCGGATGCCTTCTTTCTGCCTATGAACTGTTTTCACTGTGAGCCAGCACCCTGCGTTTACGCCTGTCCTACCTCCGCCATGAGGAAAAGAGAGGATGGCATAGTCTATGTGGAAGAGCTAAGGTGCATAGGCTGTAAGGCGTGCATAATTGCCTGTCCCTATGGAGCTATAGCCTTTAATCCTGCCACCATGAAGGTGGAAAAGTGTGATTATTGCTACAAAAGAGTGGATGCTGGACTTTTACCCTCTTGCGTGTCTAAGTGTGTTACCAACTGCCTGTATTTTGTGGAGATAGAGGATGTGCCAAAGGAAAGACATACCGCAAGAAGAATAGACTCAGAGCTATATAGAGAGCTTTTCCGCTGGAGGTTAGAAGAAGAACCTCTTGAGGTCCAAAACAATCCCTAAAAAGACACCCAGAGAGAGAAAAGGTCCGTATGGAAGAGCAAACTGCAGGCTTTTGTTTTTCAATATTATAGGTAGTGCATACAAAAGACCAAGCAAAGACCCCAAAAAGACCGCATATACAACACCCCAAAGACCAGCCACAGAACCTATAAAAGCCATGAGCTTTACATCTCCAAAGCCAAGCCCCTCTATTTTTCTGAGCTTTGTGTAATAGAGGTATATAAGTAGAAAGAGGACACCACCCACAAAAGCACCAAGTAGGCTTTCCTTTAGGCTAAAGTCCTGCCTTAAGACAGACACCACAAGCCCAAAGGCAAGTCCACCAAGCGTGAAAATATCTGGAAGTATAAAGGTATCCCAGTCTATAAGGCTTGCCACAAGAAGCATGGAGAAGAAAACAAAGAAAACAAGGCTCAAAAGAGGCTCTTCAAACCTTACTCTGCAGAGAACTGCCAAAAAGCCAGTAAAGGCTTCCACCAGAGGATATCTGATGGATATTTTTGCTCCGCAATGTCTACATCTACCTTTTAGGATAAGGTAAGAAACTATGGGAATGTTGTCATACCATCTTATTCTTTGACCACATTGAGGGCAATGAGAGGGAGGAGAGACAATAGAAATACCTCTGGGTATTCTATATATTAGCACGTTGTAAAAACTTCCCAGGCTTGCACCAAGTAAGAACAAGAAAACGTATTCTAAAAGTTGAAGGAACTCCACTGTGGATTAAAATTATAGTCATGAGGAAGGTCTTATACATACTGATTATTGTTTTCTTAGC
CP117180.1_gap33	1210422	1213797	3375	CCTCAGGGTTTGTTTCTTCACTCCAGCCGTTGGCTATCTCTATGCCCTTTATATATAGCTCAAACCTCTCCGCATAACCATCTACCACTTTGGCGTAAGAGCTTAATCTTTGAGGAAAATGGGTTATAAACTCAGGCTTTTCTCTGCCAAGATTTCTTTCCACATCCACATATATTCTGAAAAAGAGACTTTCCCAGTCTTCTTTGTCGTCAAATTCGTAGCCGTAGGCAAGTAGGTTGTTTTTGAATATTTCCTCATCCTCCGAAAGCACCACACCCGCATACTCCTCAAAGGCATGCTCAAGCCTTGTAGTCTTGTATTCCTTTGAAATTCCCAAAAACTCAAGCAAGTCAGCTATTTCTCTTATGAGATAACTGTAGTCCGCCCCAATCTTATACCACTCAAGCATGGTAAACTCTATCTTGTTGAGCCTTCCGCACTCATTGTTTCTGAAGACCTTTGCCACTTGAAATATGTCCTTTTTGTGCTTTGAGAGTAGCTTTTTCATAGAAAACTCTGGCGAGGTCTGAAGCCACAGAATCTTTTCCTTACCGCACTCCACAACCTTAAGCCCGATAGGCTCTACATTCAAGTCAACGTTGGGAAACTCAAGAAGCACGGGTGTATGGACTTCAAGATAACCTCTTTCTCTGAAGAATTCCCTTACTTTCTGAATAAACTCAGACCACTCAAAGACCATCTAAAGGATTATAACATGGGGAGAGCGACGGGAGTCGAACCCGCGACCCGTGGATCCACAGTCCACTGCTCTGCCAACTGAGCTACGCTCTCCTAATCTTTTTATTATAATCCCCTTAGCTCTTTCCTGCAAGGTTCATTATAAGGGCAGTTGCCACTGCACCAGCCATCTCCATTCTCAGCACATAAGGTCTTAGAAAAAGAGGCTTAAAACCTTTGCTTTTTAGAGTCTCCACCTCTTCAATAGACAGACCACCCTCAGGACCCACCAGAACACCGTAGCTTCTCTTAGTGAGGTCAAGGCTCTTTATATCAGCCTCTGCGGAGAAGTTATCAAGCACAAGAGAAACCTCTTCTTTGGCTTCCAACTCATATAGCCTTATAGGTCTACCTATCTCCATAGGTTTCGGTCTTTTGCATTGTTTAAAAGAGGCAAGGCTTAGCTTTTTCCATCTTTCCAACTTCTCTTCAACAACGCTTAACTTCTGAAAGCCTCTTTTACACACCAAAGGTATCAGCAAGTTTGCCCCTGTCTGGCTTGCCCTGTCTATTACTTCCTCCATAAGTCTTAGTTCTAAGGGTATACACTGGTATAGATTTACCTCTGGCTTTGGCAAAGGAATGTTTATCTCTTCCAGAGGCTTGCACAGAGCGTAGCCTTTTTCAATAGACAAAAGGATACTCAAGAATAACCTGCCTTCACAAAAAACCTCAAGCCTGTCTCCTTTTTTAACTCTTAAGGCTTTAAGGTGATTAAACTCTTGACCACCTATAACTAAGAAATCCCCCTCCTTACCAGTGCATATTAGCCTTTCCATAAGAGGAGCGGGGCGAATGCCCCGCCTGCGGTTACTTTACAGACTCTCTGAGTTCCTTCGCAGGTCTGAAGGCAACTACCTTTCTGGCTGGTATCTTTATCTCCGCGCCGGTCCTTGGGTTGCGTCCTTTCCTTTCTGCCCTTGTGCGAACTGCAAATATCCCAAATCCAGGGACAGCTACTCTTTCGCCCTTTTTAAGAGCTTCAGAGACTGCCTGAATGGCAGACTTGAGGGCGGCATCAGCTTGCTTTTTAGTAATGCCTGCCCCTTTGGCTATGGCTGAAACAAGCTCAGCTTTGGTCATGGCGTTCCCTCCTTACAAGGTTTTTTAGCAGTTTATAATGATATACCAAGTTAAGTCAAGATGCAAGAGTATTTTTGAGGATTTTAAACATGAGAAGCATAATTTTTGCAATTCTTGCAAGTTTTATGTGGGGGACAGCCCCAGTGCTTTTTAAGCTTGGTTTGAGAGGGGAGGTGCATCCTATAAGTGCCTTAGTTTTTCACAACCTTTCCGCCTTCTCGCTTGCGTTAGTGATTACAATTGTTATGGGTATGAAATTGAACTATCCATTTAGAGAAGTTATGCTTATAATGGCAGGTGGCATAATGTCAGGCTTTCTTGGACTCTTCTTTTTCTTTGAGGCTGTTAAGCGTGGAGAGGTATCGGTGGTAGCCCCTATAGCTTCCACATCACCCATTTGGGGTGCGCTTATTGCCTTTCTACTTCTTGGTGAACCCTTTAGCTGGCTCAGAGCCTTTGGTATACTTCTTGTGGTATGTGGAATAGTTTTAATAAGCCTATCCTCTGGCAAGTAGCTCTGGCTTTTCTGACAGGTTTTCTGTTATACCTGCCTTTTTCTAAATATGAGCTTTGGTTCTTTTTTCTTCCCGCTTTTATACTCCTTCTTCATATAAGGTCTGGACTTTACTGGCTTCTTTCTGGCTTTGTTTTCTTTTTTCTCTCCTTGAGGTGTGCCAACATCGCCAGTATAGACTACGGTGGCGTTAACCCTTTTCTTTCTTACGGGCTTTTCAGTCTATTTGCACTATTTCTTAGCCTCTACCAGTTTTACCTACCCTTCTGGCTGTGGAAAAGGCTTTTTGGAGGCAATTTATGGCTCTTACCCCTTTTGTATGTGGTCTTTGAAGTAATCCGCTCAAACTTTCCCTATGGAGGCTTTCCTTGGCTTATCGTGGGCTCTCTTTCCGTATACCTTCCTATTGTAAAACACAGCCTTCTGTATGCAAACGTCTATATTCAGAGCCTTTTTTTGATATACACCGCACTGTCTCTCTTACGTAGAAAGCTAAGGCTAACCATTTTTGTGTGGATTGTTCTTCTACTTATGGGCTTTTTTGCCCTCAGAGAAAAGGAAAAGGCAATGGAAAAAGCACCAGCTTTAAGGGTTGCACTGGTGCAAACCGCAGTGCCTCAGGAAGACAAACTCCAAAGGGAATCCTTTAGGAAACATGCAAGAGAAATACTTAAGCTGGTAGAAGAGGCTAATAAGAAGGGTGTGGACCTTATAGTTCTTCCAGAATCCGCCTTTCACTTTTTCTACTCAGAGGAAGATGATGAATACAACTTTGAGCTAAGGCTACTTAGCCAGAAGACACCCATTCTTGTAGGTCTTATTGACATAAGAGAAGGTCTAAAACCCTACAACTCCGCCTACCTTTTAAAGGATGGCATTGCTATCCAGAGCTACGACAAGATAAGACTTTTCCCGATAGGAGAATACATGCCCTTTCCCTTTGGCTTTCTAAAAGAGATTTTTCCAGCCATAAGTGGCATAGACTACGTCCCAGGTAAAAGTCTAATGCCTTTAGAATACAAAACCATGAGGATAGCCAC
CP117180.1_gap34	1225416	1225999	583	CATAGGCATCAGAAACTATCTTTCTACCAGTCTGTCCTGCATCCGCTACAGGACCACCAAGCACAAACCTTCCCGACGGGTTGATAAGAATACGTGTATCCCTTGATACTAAGCTCTGAGGCACTACCTTTTTGACCGCCTCTTCCGTAATAAAGTCCCTCAGCTTTTCAAGTTGAGTTTCTGGGTCATGTTGACAGAAAACTATTATGTCCTTCACAGATAGGGGTTTGTTGTCTTCGTATAGCACCGTTATTAGAACCTTGCCGTCAGGTCTGAGAAAGGGTGCCTTGCCAGACTTCCTAAGTTCAGAAATCTTGTGAGAGAGTCTGTGGGCAAGGCTTATGGGCATAGGCATAAGGCTTTCCGTTTCCTTGCAGGCATAACCCACGACCGTTGCAGTATCTCCTGCACCCTCTGAAGATATACCGAGCACTATCTCAGGGCTCTGTTCCTCTATGGAGGTTATTACCGCAGAGGAATCCGCATCAAAGCCGTGCTCTGGTCTGTTGTAGCCTATTTCTTTTATGGTCTTTCTGACAATGCCTGGTATATCCACATAGCTTTCTGTAGAGACATGACCTGC
CP117180.1_gap35	1243908	1247428	3520	TCCCCCGCCCGCAAGGGCGTGCGGGTTCGACTCCCGCCTCCGGCACCAAAGCCATGAAGAAGGTTATTGTTTTATTCTCCGGTGGAATGGATAGCACCACCCTCTTGTGGCTCTGTAAGAAAGAATTTCAAGAGGTCTACGCTCTATCCTTTGACTACGGACAAAGACACAAGGTGGAGCTAAAGTATGCAATAGAGTTGGCTCAAATAGCGGGTGTAAAGGAGCATATCTTGGTAGAAGTACCTCACTATCGGCTAATTAAAGGTTCAGCTTTACTGGAAGGTGGTCCAGAAGTGCCAAAGGGAGAATACACCCAAGATGTGCCACCTACGAATGTGCCGATGAGGAACCTTGTCTTTCTTGCCATTGCCAGCTCCTTTGCGGACAGCCTTGGGGCGGAATACATAGCCATAGGCGTTCACGCCCTTGACACTCCCTACCCCGACTGCAGGACAGAGTTTATAACTGCGATGGAATCCGCCATAAATGCTGGCTCTGCCTACGTGGCAAAAACAAAAAGAAGAGTGCATGTATACGCTCCCTTTCTTGGTATGAGTAAGGTGGATATAGCAAAACTTGGAAAGGAGCTTGGCGTCCCCTTTGAAAAGACCTATTCCTGCTATATGGGAACTGAGCCCCCTTGTGGTGTGTGTGCTACCTGTATTCAAAGACAAGAGGCTCTCAAGGCTATAGGGTATGTTTAATTAATAGACAAGTTCTTAGTTTAACTTCCTTAACCTGCATAGGCTCACTTCCACTATTTTTACAACTTTAAAAGTATTTCCTCTACCCTCTTCACAGGATTCTCCGCCCTCAAAATACTTCTACCCATCACAATTATGTCCGCACCAGCACTTAGAGCCTCTTCAAGGCTTACCACCCTCTTTTGGTCTTCCACAGGGTCTCCCTCCAACCTAACACCGGGAACAACCGCAATAAAAGGCTTAGAGGCTTTCTCTTTGAGATAGCTTAGCTCTTTACCCGAGCACACTATACCGTCAAAGCCTTCCTTGAGGGCAAGTTCTGTAAGGTGGAAAACCTGTCCCTCTCTGTCTCTGCAAAAACCAATGTCTTGTATATCCTCATCGTCAAGGCTTGTTAGCAGAGTGACTCCAAGTAGCTTGAGCTTTCCTTTTACCTCCACTGCGGACCTGAGGGCAGATTTCCCTGCGGATATATGAATTGTAAGATAGTCCGCACCCAACTCCTTTGCGGATAAAACTCCTTCCTTTACCGTATTGGGAATGTCGTGGAGCTTAAGGTCCAGAAATAACTCAAAACCTTCCTCTTTTATGTAGTCTGTTATTGCCCTATGATGGCAGATGAAAAGTTTATAGCCCACCTTAAAAAGGAGAGGATAGCCCCTAAGAGACCTCACCAAGTCTTTGGCTTGTTGAAGGTTTGTGTCTAAGGCTATGCAGAGCTTAGCCATAAAGCCTCCTCCTGAAGTTCTCAAGAAGCCTTAGTCCAGCCTTTTGGCTCTTTTCTGGATGAAACTGGACCGCAAAGATGTTTTCATACTCTATTGAAGAGACGAAGTCAATACCGTAATCTGTGGTGGTAAGAACTATATCCTGTCTCTTTGGCACTACATGGTAAGAATGGACAAAGTAAAAGTATTCGCCCTCTCTGATGCCATTAAGAAGGTCAGAAGGCTTTTGCCTCCAGAGCTGATTCCAACCTATATGTGGCACTTTAACCTTTGGTGGAAGTAAAAGCACCTCACCCTCAAGCACTCCAAAGCCTTCTGTTTCTCCAAACTCATAACTCCTTTCAAAGAGTAGTTGAAGCCCAAGGCATATACCCATATAGGGTTTTCCCTTCTCAATATGCCTTAGTATCTCTTTCAAAAGCCCCAGTTTCCTTAAGTTTTCCATGGCATCCCTAAAGGCACCCACACCCGGTAAGACCAATACCTCTGCCCTTTTTACCTCTTCTGGGTCTGAGCTGACCTTTATAGAAAAGCCTACCTTCTCAAGTGCCTTTGACACGCTCCTTAAATTGCCCATTCCGTAGTCTATCAAAAGAAGCATCTATGCACCCAGCAAAAGAGATATCTCCGCCAACTTGCCCATGGTAAGCAGGACCCCTAAAAGTATAAGCAAAAGCCCGCCCACGACCTCCACAACACCAAAAAAGCGTCCAAAACTTCTCACAAAGCCAAGAAAGGCAGAGAGCAAACCACCCGCTATGAGAAAGGGAATACCCATACCCATAGAATAGGCAAAGAGAAGGCTTGCACCCTGAAGAGCGGTTTCCTGTTGACTGGCATACAGCAGGATTGAGCCAAGCACTGGACCTATGCACGGACTCCATCCAAAGGCAAAGAGCATACCCACCGCCAAAGCACCCAATCCAGAAACACTACCCTTCATTTCCTTTCTCATCTGCCTGTATAACACCTCATGAAGACCAAAGAGGTAAAGAAAAGCCACCACAAGGGCTATGCCCAATAGGTCAAAGAGGGTCTTCTGAGGAATAACTCCCAGAAAAAAGAAAGCAAGTATAAGTGCGGATACGCCTGCCAGCTCCTTTAAAAAACTGGGTCTTAGCATAACACCGGCAAAATGCAGACCAAAGAAAACCACTATACCACCACCCACCTTTGCTATGTGGTCTTGATACTCTCTCAAGAGCCCACCTATACCCGTTGCGGTAGCACCCATAAAGGTAAAGACTACGGAAAAACCCACCACGAAAAGAAGCGAAGCCATAAAAGCCTTTTGGCTAAAGCCACCCTTTTCTTTTACCTCCTGTGCTCCTATGCCAGATATGTAGGATATATAACCGGGAATTATTGGCAGGACGCAAGGAGACAGAAAGGACAACAAGCCAGCGGTAAAGGCTATAAGAAGAGATACCTCGCTCATTTCTCACCTCCATGATAAATATATTACTCCAGCACTTCAAAGGGTTCACGACCAGCAAGACTAAGGAGCTTTGCCCACAAGAGGATAAGCTTATACCGAGCTTCCATGAGCTGTCTTTCCGCCTCGCTTTTTTCCGCCATGGCATAGCCAAGGTCAAAGGCAAGCTCCAGCTCGTATTCAGACCTTCTCAAGGTTAAATTTTCCTCCGCAAAGCGATCTTTTGCTATAGCCTCTGTGAGCTTAGCCCTTAGGTATTCCCACTCATAGGGTGCGGAGAAAAACATTAGCCTCAGGCTTGCCTCAATGCCTTCCCTTTCTGACTGGGCTGACCTTTTTAGAGAAGCCAAGTAATCAACCTTGTATTGTCTGCTTGCATCATAAATGGGTGTGGAAAGCTCAAGACCGCTTTTATCTGTGGATATCCTCAAGTTGAGCCTTGGAGATATTACTTGCTTTGCGGATTTTATGTCCTCCTCGTAGCTTTTAACCTCAAGGTCTTTTATTCTTAGGCTCGTGTTTTCCTCAAGGGCTTCTTTTAAAAGCTCTGGGAAGGGTTTTATGAGCCTATCTACTTCTCTTGTTGGCAGGTCTTCAACCTGTATTATGGCTTCGTAGGGTATGCCAGCAAGCTCCTTTATTTGAAGAAGGGT
CP117180.1_gap36	1312599	1315456	2857	TCCACTTAGATTATTGGTATAGGGATACCCTTTTGTTCGGAATATAGCTTAAGCGAAGCTATCAAATCCTCGTAGCTTTCACCATCCTCAGGATAGGTCACTACAGTGTAGTAGCCTTCTTCACCAAGAAAATCCTTAATACCCTCCGCCAAATGAATAGCACCTTCCTTATCTGTACCAGGCAGTAAACAGATTAAGTGAGAACCAGTCTGAGCTATTATGTCCGACTCACGCATGGATTTAGATATGTTCTCAAGGTGCTGTTCTGAGAGATGCTTACTGTATAGCACCATAAGGGAAAAGTTATCCACACTGGGAATACGCTCTTCAAGAGAGAGGTCCCTTTTCAATCTTTTCAACTCACCTATCTTATACCTTATAATTGCCTGAAGATCATCAATACTAAAAAACTGAGCCATATTTATAATTATAAAACCTTTGATGTGTTTTAGCTATCAATATTTTCCACTTAGCATAAGCTCCCTTTTACGCCTTACAAAGTCTCTAATGCCCTGCAGGTCTTTTGCGTTCAAAAGGAGCTCAGGAACAGCCCATCCCCTTCTTGCAAGACCAACTCCTAAGCGTATATAGTGCAGATGCTTTACGGAGTGTGCATCGCTCACTATGGCTATAAACACACCCTCTTGCATACACCTTCTTATATTCTCCGGTGAAAGGTCTGCCCTGTGAGTGTTTAGCTCTAAGGCAGTGCCCGTTTCCTTTGCGGTTTTTATGACCTTTTCCATATCAAGAGGATAGCCTTCCCTCGTTCCATAGGCTTTGCCCGTTGGATGCCCTATTAGGTTTACAAAAGGATTTTCCATAGCCTTGAGTATCCTGTAGGTATTGTCTTGGTTAAACCTTGAGTGAATAGAGGCAACCACAAAGTCAAACTCCTCCAAAAGTCCATCAGGCAAGTCCAAAGACCCATCAGGCAGTATGTCCATCTCACAACCTCTAAGTATATAAAAGCCTCTTGGGTTGTAGTATTGGTTTAGTCTTTCAATTAGCTTAAACTGTTCCCTGTAGCGTGCTGGGTCAAGACCATTGGCTACGCGCGAGGACTGAGAGTGGTCTCCTATTACCATATACTCATAACCAAGCTGGTAGCAGGCTTGTGCCATCTCCTCAAGAGTGTGCAGTCCGTCGCTCCAGTTAGAGTGCATATGAAAGTCCCCTCTTATATCCCTTATGTCTATGAGCCTTGGAAGTCTGCCCTCAAGGGCAAGTTCTATCTCCCCCGTGTTCTCTCTTAGCTCTGGCGGAATCCACTGCATACCTATGAGGTTATAAACCTCTTCTTCTGTGCCACCCCCTATCCACTCCTCCGTGTCCGCACGAAAAACCCCATACTCGCTTATCTTGAGCCCCTTAGCCTTGGCTATATCCCTTATTCTTATGTTGTGCTCCTTTGAGCCCGTAAAGTATTGGAGTGCTGAGCCCCATTGATAAGGCTCTACCGTTCTTAGGTCTACCTGTCTTCCCTCCTCAAGCACAAGGCTGGATTTGGTCTCACCATGAAGAAGCACCTCCTTTACCCCGCCATAGGAAACAAAGTGCTGGTGTATCTTTGACCAGTTTTCCCTCTTTGCAGACACAAGCAGGTCTATGTCTCCAACCGTCTCTTTTCTTCTCCTTAAGCTTCCCGCAAGCTCAATGTTTTCATGGAGCTCCCTTATCGTTTCAAAGTGCTTTAGAAGAGCCTCTCCAAGCTCATAAGCCTGCAGAAGCGTCATCCTCTCCTTGCTCTTTTCCCAAAGCTCAAGCCCTCTGAGGATGTTTTGAACTTTTTTCTCTCCCATGCCCGGCAGAAAGGCAAGCTGACCACTTTTGACCGCCCTTATAAAGTCCTCCTTACTCCTTACCTTTAGCCTATCGTAAGCAAGCCTCAGCGTCTTTATACCCACACCCGGGACTTCCAAAAGCTCAAGCAAGTCCTCTGGGACCTTCTGCCTTAACTCCTCGTAGGCACTTATTCTCCCAGTGCGTAAATATTCCAGTATCTTCTCCATGCTTGACTGTCCTATGCCATGTATCTTAGAGATTTTCCCAGTCTTTACCAGCTCTTCCACGTCTTCTCCAAGTTCAGAAAGCACTTCGGACACCCTTCTGTAAGTGTTTATGCGATAAGGATTGTCTCCAAGAAACTCAAGCATGTCCGCCATTCTTTCAAAAATGCGTGATAGTTCCTTGTTTTTCTCCATAGGTTAAAATTTAGGAATGGACCTCTTATCTTACAGCCTCTTTTGGAAAGGCTTTCTTTCCGCCCTTTTTATAGCCCTTTCCACCTCCATGGTGGGTGTATTCCTTCTCATTAAAAGGCTTTCCATGCTTGGTGCTGGTCTCTCTCATGCCGCCTTTGGTGGTATAGCCCTTGCCATAGTCCTTGACCTTGAGCCCATGACCTTTACAGTGCTCTACACAGTTATTCTTGGTCTTCTTATCCAGTTCCTTGTGGATAAAAAGTCCCTACCTGCGGACACGGTGCTTGCCCTCTTTTTCTCCCTGGGTGTTGCCATGGCAATAGTGATCCTCGGCATTACGGACAACCTTGGCACTAACGTATTTTCATACCTCTTTGGTAGCATACTCACCGCCTCTGAGGTAGACCTTCTCTTGTCCGTGCTAATCTTTCTCCTAACCTCTCTGTTTATTCTCGTAAACTACCGAAAGCTCCTACTTCTTAGCTTTAACGAAGAGCTTGCAAAACTAAGAAGCATAAGAGTTAGTTTTCTCAATTACTCCCTTATTGCCCTCGCCTCTGCCAACGTAGCCCTATCCATAAAGGCTGTGGGACTTGTGCTTTCCGCCAGCTTTATATCCATACCAGCTATGACTTCGCTCTTGGTTTCCTCCT
CP117180.1_gap37	1317611	1319828	2217	AATGCTTTTATGAACCCTTCCTCATGTCCAATCTGTTTACCTTCCTCAAGTCCAAGTCTATACAGAATGTCCTTTTTCAACTTCCTCTTTGGCAGTTTTATATCCTCAGGTCTAACCACTATAGGCATGTGCTTGACCTCCTCTGTGAGCCTTATCCTTAAGTTAGGTCTCAGTTCTGTTAGCGTCAAGGCTTTCAAAAGGTAGTCTTTTCTCTCTTCTTCGTTCATGCTTTCCATCGTCTTTATGAGCTTTTCTATGAGATATACCTCATCCTCTACCTTACACAAACAAGCCAATAGCCTATCCATAGGGTCTGGGCTTTCCAATAGCACTCTGCAGTCTATCTGCCTTATGTCAAGTATTTCATACCTAAAGACTAAGTTCTTAATCTTGAGAGAGGTCTTCATTCTGAGCTTTTTATTTCCTACATACACCACAAGCTGTTTTATGTTGTATGTTTTGTATTTTTCTGCTATGGCGGTATAGTAGCGGAGCATTCTCCAAGGCATGTTTGCATCGTTAAAGGATTGGAACTCCATATGTAGGATGCTTTCATCTTCAAGTTTTGCCAAGAAGTCCACTCTTAGCTCAGTGGATGGCAGAGATGTTGGCAATAGCTCTTTGATAGGGGCTGGAGAGAGGATTTTGCTAAGCCTGTGTGGGACTTCCTCGAAGATGTCTTTGAGAGTTATATCTTTTGAAGACTCAGAAGGATTATATCATCAAACAATTTTCTCCTTGCATTTCTTATGGTGGCTCAAGGTTATTAATCACCCTATAACTTGCAACTTGCGTTATGATAGAGTTTATACAAATTTTGAAACGGCCCTCAAAACCTGTCTGATAAGCGGCATAAATGCCTCTGGAGTAAGGCACAGGGATTGATTGAAAAACAATAAATACTTTCAGTCAATCCCTAAACTTGTGGTATTAGAAACTGTGGACTAATGTCCTTAAAAGAGATATCTGTCCATGCTAAGGGATACTCTACATCCTCTCAGGAGCTTCTATTCCCAGCAATTCAAAAGCAGTCCTTAGAGTTATCTCCACACCCCTAAAGAGGGCAAGTCTCAAGAGCATGAGTTTTCTGTCCTCCACCATTACCCTGTGGTGGTTGTAGTAGTAATGGAAATCCTTTGCAAGCTCAAGGAGCGAATAGGTTATAAGGTGAGGAGACAGTGCCTTGGCTACCGCCTCAAAGGTATCTTTTAGGTATAGACACTTCTTAGTCAGTCTAAGGTCTTCCTCAGAAAGCCCATGCAGGTATTCTCTTAAGTCTTCCTTATCTGGGTCTATGCAATACCTTTCCTTGACCTCTCTAAAGACTCCTCTTATCCTTGCATAAGCATACTGCACATAAAAGACGGGGTTTTCTGTGGTGTTCTTCTTTACAAGGTCTATATCAAAGTCCAAAGGCGTATCGCTGTCCCTTGTGAGAAAAACAAACCTTACCGCATCCTTTCCCACCTCTTCTATTAGCTCCTGCAGGGTAATAAACTCGCCAGTCCTTTTGGACATACGCACCTCTTGACCACCGCTTATGAGCCTTACCATCTGGACAAACTCCACCTTTAACCAATCCTCTGGAACATTAAGAGCTTTTAGAGCACCTATAAGCCTTCTTTCGTATCCGTGATGGTCCGCACCCCAAAGGTTTATAACCTTGTCAAAGCCTCTTTGGAACTTTTGGTAATGATAGGCTATGTCCGAGGCAAAGTAGGTCCAAGAGCCATCGGACTTTCTAACTACCCTATCCTTGTCATCTCCAAAATCTGAGCTTTTGAACCACAAGGCACCATCCTTTTCGTATATGTAGTTCCTCTCCCTTAACTTTTGCATAACCTCTTCCACAAGACCTCTCTCATAAAGGCTTCTCTCGCTAAACCAACTATCAAAGGACACAGACAAAAGCTCAAGGGTCTCTTTAATATCCTCAAGAAGTCTCTTGTGAGCATACTCTTTACAAAGGTCTATAGCCCTTTCCCTTTCAAGGTCTAAAAGTTCCTCTCCGTAAAAAGCCTTTAGGTCTTTGGCAAGCCTTTTTATGTATTTGCCCTTATAGCCTTCCCTTTCAAAGACCTCTCTTAGCTCTGGGTCTTCCTTTCCAAAAAGCTCGTAGTATCTATGCAAGACCGAAAGCCCAAGCATGTAGACCTGATTGCCCGCATCGTTTATGTAATACTCCCTTAGGACCTTGTGTCCGAGCCTTTGGAGAAG
CP117180.1_gap38	1414207	1418176	3969	GTGCTTTATATACTCCTCGTTGTATTTCCCGTTCTGAAGCACATAGTTTATAAGACCACCCATAAAGGCTATATCTGAGCCAGCTCTTATCTGCAGGAAGATATCAGAGACAGCAGCGGTTCTGTTGAACCTTGGGTCTACACAGATTATCTTAGCTCCCCTTTCTTGACGGGCTTTTATCGCCCACTTAAAACCGCAGGGATGGTTCTCCGCAGGGTTTCCTCCCATAACGAGTATTAGGTCTGCGTTCTTTATGTCATTCCATCCATTGGTCATCGCACCTCTTCCATATCTTGGGGCCAAACTGGCCACCGTTGGTGCGTGTCATATTCGCGCCTGGGTCTCTCGTGCAACAAGTCCGAGGGCAACCCCCATCTTTACCCACAGATAGCCCTCTTCGTTGGCTATGGTGCTACCCTCAACCCAAGCTATGCTTTCACATCTGTTAACAGTTCTACCTTGCTCATCCTGTTCTATAAAAGTCCTATCCCTCGTATCCTTTATCAACCTTGCAATCTTATCAAGAGCCTCTTCCCAGCTTATTTCCTGCCATTCCTTTGCACCAGCGGGTCTATACATAGGTTTTTTGAGCCTTTTAGGTGCGTTTATAAAGTCTTTAAGGGTTGCACCCTTTGGACAAAGGGTTCCTCTATTGACAGGGTCATCTGGATTGCCCTCCACATGTATGACCCTTGGCTTTACGTTCATAGAACCATCGGTAAGGCTGTAGATTATTACACCACAAGAAACAGAGCAATAGGGACATATGCTTTTCACAGCCTTTGCGTTGGAAATTTTAAGGTCTCTAACCCTCGCCATGGCAGGCTTTAGGTCAAAACCAAGCCCACCAGTGAGGGTAGCACCTGCAGAAACGCCCGCAACTTTTAGAAAACTTCGCCTTGTTAGCTCCATTTTTACACCTCCTTTGATAACCTCACGATAAAATGTAGGGCTAAAAGGAATAAATATCCATTCAAATTTTCAAAGAATATCTTCTAACATTTCAAAATAAGAATTTTCTTATGCTGGTAATTTTCTGTGGCTCGCTTATAATTAAAGTAAAAAGGAGGAAGAAATGAACTTTGATTTCTCACAGCTTAGTATTCCCTTGCGTAAGGCACTCAAGGACTTGGGTTTTGAAAAACCCACTCCAATTCAGAAGGAAGCCATACCCTTAGCCCTTAAGGGCTACGACATAATGGGTCAGGCTGCAACAGGAACAGGAAAAACCGCCGCCTTTGGTATACCTATCATTGAAGGAAGCGAAAAGGAAGAAGGGACAACCGCCCTTATAATGACACCTACAAGAGAGCTTGCTATTCAGGTAAAAGAGCAGTTATACCAGCTTTCAAAGTATAAAGGGCTAAAGGTCTTTAGCTTCTACGGTGGGACACCAGTCCAGAAGGACCTTGAGCTTCTATGGAAGATAACACCAAACATCATAGTAGGGACGCCAGGGAGGATAAAGGACCTTAGCATGAGGGGTCTTTTTAACTTTGAGAGCCTAAAATACTTCGTCTTAGATGAGGCGGATAGAATGCTTGATATGGGCTTTATAGAAGACATTGAGTGGATAATAACTCAGCTTCCAAAGGAAAGACAGACCTTTCTCTTTTCTGCTACCATACCAAGAGAGGTAGAAGAGCTTGCCAAGAAACACCTAAAAAAGGACTACAAGTTTGTTAAGGTTATAACAGAAGAACTAAAGCCAAAGATAGAGGAAAGGCTCATAAAGCTGAGTTCCTCTGGACAAAAGATGTCTGAGCTTGAGAAGATACTGAGGGAACATGTCCTTGAAAAGGTTATAGTCTTTGTAAAGACAAAAAAGGATGCAAAGGATATAACGCAAGAGCTGAAAAGAAAGGGCTTTAATGTGGTCTCCCTTCATGGAGATATGACACAAAGGCAGAGAGAAAACGCTCTAAGGCTTTTCAGAGATGGCAAGGTTAAGATAGTAGTGGCTACAGATGTAGCCTCAAGAGGGCTTGACATAAAGGGTGTGAGCCTTGTGATAAACTACCATATCCCAGAAGACCCAGAGGTATACATACACCGCATAGGTAGGACTGGAAGGATAGGCACTTATGGAAAAGCCTACAGCCTTATCACACCTGAAGATAGCAAAGCCCTTTGGAGGATAAAGAAGTTGAAAGAGAGCTACGTTCAAGCATAGGATGGAATTAAGGGATAGAGCTTTAAAGATAAAACTGCTTTTACTTGACGTGGACGGTGTTCTCACAGACGGAAGGCTCTACTACACCTCAAGGGGTGAGGAGATAAAGGTCTTCAATGTTAGGGACGGACTTGGCATAAAGCTGGCTCAAAGGGCTGGCATAAGGATAGGTGTAATATCTGGAAGAAACAGCGAGGCACTTATAAACAGGCTAAAGGAACTAAAAGTGGATGAGGTGCATTTAGGCTATAACCAGAAACTCCCAGTGCTTGAGGATATAATAAATAGGCTTTCTCTTAGCTTGGAAGAGATTGCCTTTCTTGGTGATGACTATGTGGACCTTCCAATTCTGAGAAGGGTGGGCTTTCCTATGGCGGTTTTGGATGCACCAGAAGAGATAAAAAAACATGCTCTGTATATAACGAAATCAAGGGGTGGGCATGGAGCAGTAAGGGATGCCATAGAGTTTATCTTAAAGCTAAGAGGACAGTGGGAAGAGGTAATAAGCCAATACTATGCTTAGGAGTTTAGTCTTTAGTTTACTGATAATATTTCTTGCTTTCACTGTTAGGATGTATATAGACAGCTTTGCAACAGATAGTGGACAAGAAGAGATGGTAAACCTCCTTGAGGGCGTAACAATAAAAGCCTATAGTAGGACTGGTATTGAGTGGACTATAAGGGGTAAGAGCCTTGAGGTGGTTGGCAAGGACGTTAAGCTCTACGAGGCGGAGCTCTTTTCAACGGAGGCTAACATAAAGGCTGTTCAGGCTTATATAGACAGGTCTACAGGAGAAGGAATGCTCACAGAAGGGGTGGAGGTTAAGTCTGAAGACATTACCGCAAAGACACAAAGCGCATACATAAACCTAAATGAGGGTAAAATATGGGGAGAAGGGAACGTCCAAATATTGCAGGGAGAAAATCTCATAAGGGGTAAGGGCTTTGAGATAACCCTAAAGCCTCTAAAAGTTATAATTAATAGAGCGAGGACGGACATAAGATGAGAAAGGTTGTAATTCTTTTGTTCTTAATACCTACGCTTATGTTTGCACAGCCCATAGTAGGCGAAGCGGACAATCTCACCTATGAGAAGGATAAGGTGGTGTATTCAGGAAATGTGAGAATCACAAGAGGGGACATGCTGCTTACTGCAAACAGAGTAGTTATAAACTTGGACGAAAACAGAAGGGCAAGGCTCATAGAAGCGGAGGGAAATGCAAGATATACGGAGGGAAACAGAAGAGCCTCTGCTAACAAAATGGTCTACGACATGCAGAACGAGGTTATAACCCTTATAGGAAAAGCAAGAGTGGAGGAAGGACAGAATTTCCTTGAAGCGGACGAGATAGTTTACTACAGAAAAGAAGATAGGGCGGTTGCGGTCAGTAAAAATTCACGGGTAAGAACCTTCTATGTGGAGGAAAAGGATGAAAAAAACAGACCTAATAGAAAGCCTTAGGAAGGAGTTTAATATAAAAAACAGGGCGGACGCTAAGCTCTTTGTGGACAGTTTTTTTGAAGAGATAGTTAACCTTGTTCTTGAAAAGGGTAGGCTTGAGCTCAGAGGCTTTGGCGTTTTTAAGATAAGGAGGCTGAGCGGAAGGTTTATAAAGAACCCCAAGACTGGCATAGAGATGTATGTGGAAGAAAGGTATAGCATAGGCTTTAAACCCTCAAGTCTTTTCAATAAAGAGCATGATAAGGTTTGATGTTTTAATAGTTGGAGGAGGTCCAGCAGGCTCTTCTTGTGCCTATAGGCTTGCAAAGGCTGGTAAAAGGGTTTTGGTGGTTGA
CP117180.1_gap39	1470724	1473954	3230	CCACATCAAAACTGTCAAGGGCTTCAATAAGGTATTTGCCGTTAAAACCTACCTCTATAGGCTCACCGGTATAATCCACATCCACCTCATCCCTTCCCTCTCCATACTCTGGGTCTGATATTTCAAGAAGGGCAACGTGGTCGGAAAAGCTAATCTTTACAGGAAAGGCGGAAGACTCAGCTATGGCGGAAAGTCTCTTTAGACTCTCAAGAAGGGCGGATTTGTTAACAACCACTTCGTGGTTGAAGTGTTTGGGTATGACTATCATATAGTCTGGGTATTCACCTTCCAAAAGCCTTACTGACAGGCTCCAGTCCTCTCCTGTAAAATGGGCAAAGGACTCATCCTTACCACATTGCACAGACCCGATGTAATCTTTCATAAGACCTTGAATGACCTTTAGGCTCTTCCTTGGTATGAGAAGCTCCATAGGGAAAGGAGAATTCCTCCAAAAGAGGGCAAGCCTGTGTCCGTCTGAACCCACAAAGTGAGTCTTCCCATCCACCTCGTGAACATAAAGACCTTGCAGTGCATAACGAGTGTCATCTTTTGATATAGCGTATTCCACTTTGTCTATTGCCTTGATAAGGTCTACCGAAGGAAGCTCTGTGGAGGTTTCTGGTTGAGGAAATTCTGGAAAGTCCTCTGGGTCAAGGGTCGTAAGCCTAAAGGTGCTCCTGCCACCTCCTACAGTTAGCTTGTCTTCCTTTAGCTCAAGGTAAACGGTAGCAACGGACATACTCTTTATCACGTTGGTGAGCTTATCTGCGTTAACTGCTGTTTTACCCTCATCTTCTATCTCTGCGGATATACGCAAGGACAAGAAGTTTTCAAGGTCTGTTGCCTTTAGAGTAAGAAACTCATCCTCTGCGATTAGAAGGAAGTTGTTCAATATGGGTAGAGCGGACTTCTTCTCTGTGGCGTTCTTTGCCTTCTGAAGGGCAGACAAAAATTCTCCCTTGTCTATTCTTAGTTTCATGGTATATATTATAACCCAAACTGTGATGAAGAAATATCCATCCTATCTCAACTTAAGCGAGGAGGAGTGGCTCGCTCGCATAAACAGGGCTCTTGATATGCTCTCTAATTGCCGAGTGTGCCCTCATATATGTGGTGTAAACAGGTTGAGGGACGAAAGGGGGTATTGCAAAACTGGTAGATACGCAATTGTAGCGGACTACTTTCCTCACAGAGGCGAAGAAAAACCCATAAGAGGCAAAAGGGGTTCTGGAACGGTGTTTTTTTCCTATTGCAATATGAGGTGTGTTTACTGTCAAAACTACACCACAAGCCACTTGGGAGAAGGTGAGGAACTAAAACCAGAAGAACTTGCGGAGGTCTTTTTAAAGCTTCAGAGACTTGGCTGTCACAACATAAACCTTGTGAGCCCATCCCACGTGGTGCCTCAGATACTTCAAGCTCTGTATATTGCGGTAAAGGGTGGTCTAATAATTCCTATAGTGTATAACACTTCCTCTTACGACAGCCTTGAAAGCCTTAGGCTTCTTGACGGTATTGTAGACATATATTTGGCGGACTTCAAGTATGGAGATGACCTCGCTGGCAAGAAATACTCAAAGGTAAAGGACTATCACAAGGTAACCCTTCAGGCGATAAGAGAAATGTATAGGCAGGTAGGAGACCTTAAAGTAGACCAAGAAGGCATAGCCATAAGGGGTCTTTTAGTGAGGCATCTCGTCCTGCCCCAAGATGTAGCCAAAACAAAAACTGTGATGGATGAGCTAAGGTCCATCTCACCTCGCATGGCGGTTAATGTAATGGACCAATACATGCCATACTATCAAGCCCACAAGTATCCTGAACTTTCAAGAAGGATAAGCAAAGAGGAATTTAGGAAAGCCCTTGAGCATGCTAAGAGCTTGACGCTTATATTAGACTGAATAAGTTTTTCTAAAAACCCATGGTAAGGCAAAGAGAACCTATAGTTGCCATAGCAACTCCTTTTGGTGAAAGTGCAATTGGAGCCATAAGGCTTTCTGGTCTTGGTGTGTGGGAAAGGATAAAAGAGCTATTTATCCTCAAAGGAAATTTAAAGCCAAGGTATGCACATTTTGTGAAATTAAAGGACAAAGATGGTAGCGTGCTTGATGAGGGAATTTTAATCTTTTACCCATCTCCAAGAAGCTATACAGGTGAGGATATGGTGGAGCTTTTCCTGCATGGAAACCCTCTCATCTTAAAAAAAGCCCTTGAGCTTTTCCTTTCAAAGGGTATAAGGTTGGCAGAGCCTGGAGAATTTACCAAGAGAGCCTTTTTAAACGGAAAGTTGGACCTTCTGCAGGCGGAGGCGGTAGGAGACCTTATTGGTGCTAAGTCCGAGCTGAGTTTAAAGTCCGCCCAAAGACAACTCCAAGGAGAACTCTCTTCTCTTATAAGTTCCCTTAGAAACAGACTTCTTGAGCTTCTTGCCTATGTGGAGGCGGATATAGAGTTTTCGGAAGAGGATATTCCCACTCTAAGCAAGGAGCAAGTAATAAGCCTTCTTAAGGAAATTCTCAAGGACATAGATAAACTTCTCTCAACGGTAAAGACTGGAGAGTTTCTCAGAAGGGGCATAAACCTTGCCATAGTGGGGAAGCCAAACGTAGGTAAATCCTCTCTCTTTAATGCCTTGCTTGGCAAAGAAAGGGCCATAGTTACAGATATTCCCGGGACTACAAGAGACTTTTTGCAAGAAATTCTAACTCTTAAGGGTATACCAGTAAACCTTATAGACACCGCAGGCATAAGATATACCCAAGACCCAGTGGAGAAGATAGGAGTAGAAAGAAGTCTCCAAAAGCTCAAAAGTGCGGACATGGTCCTCTTTGTGGTGGACGTTAGCAGTTCTCTTGAGGAAGAAGACCTTAACATATACTCCATGGTCAAAGACCTTGAGCATATTGTGGTGGCTAACAAGATAGACAAGGGTGTTGTGGAAGAGGTGCTTAGGTCTTTCCCTGAGGCTGTGGGGGTAAGTGCTTTAACTGGCTATGGATTGGAAGAGCTAAAAGACGCCATTTTGCAAAGACTTGGTCTTCATGTAAGTAATAGCTTGCAGGTATACATAACTGTGAGACATGAAAACCTCTTGAAAAAATCCTCAGAGGTGTTAAAATCTTTAATATACAAACTGGAGAGAGAAGAACTGTTTCCAGAGATACTCATGCTTGATTTGAAGGAAGCACTTAACTATTTGGAAGAAATTCTTGGGGTTGTAAGCACGGAGG
CP117180.1_gap40	1500132	1500728	596	TTTTAGGGACATTTATCCACACTTTGGGTTTAGGGGCTCACCGACCCCAGTGCCTTACTCCAACTGCACTAATACCGCTCATCAAGCAGGCTTTTCATACCCACTTGATAAGGGCTTGCAGAGTGCAGTGTAAACACCAACCTCACCTAACACGGTTAGGCGAGCCTTTGTCGGTATTCACGTTCCGCACCCCGCTTTAAAAACTAAAGAATAATATACAACATTTATCTTCGTTTGTCAACATTTTCAAAAACTAATCGCCAAGACCAGTTGCCAAGACTACCTACAAGCTTACAAACTCCAACTTCCCATCCTTCAAATCCACCATTACCCTTTGCCCCTCTTTTATCTCACCCTTTATAATTAGGTTTGCCAGAGGAGTTTCTAAGTGCTTTTGCAGTGTCCTTTTGAGAGGTCTTGCACCATAGGCTGGGTCATAGCCGAGCTTTACAAGATGCTCCTTTGCCTTTTCTGTGAGCTCTATGGAAATGTTCCTCTCCGCCAGTCTTTTGTTTATACTTGCCACAAGCAGGTCTATTATCTGGAAGAGCTCCTTCATGGTCAAGGGTTTAAAGACAATTATCTCATCTATCCTG
CP117180.1_gap41	1504088	1505140	1052	TCCTCAAAGCCTTTTGGACTATCTAAACGAAAGAAGGTTTATCTTGCTTTTGGAGCTTCTTGACCAGTCTGAGTGTATAAGGAAGTTTCTAATAAACCATCCAGAAGACTTTCAAAAAACCATACCTAGGCTTTGGTATGTCTTTAAGGACAAAAGAGCCTATCTTAAGGAATTGGAAGAGCTTACCTCTCAGAGCATGTCCGACGATGACCTTTCAAAAACCCTTGCTTATTACAGACACAGAGAGCTTATGAGAATATTTGCAAAGGAGATACTGGGAACCGCAAAGTATGAAGACCTTTTGCAAGAGTATTCAAACTTGCCAGATGCCATGCTTGAGCTTGCTTACAGAAGAGCTTATCAAGAAATGGTTGAAAGATATGGAGAACCTCTTGAGGAAAGTGGAAATCCAGCTACAGGTTGTATAATTGCTTTAGGAAAGCTCGGAAGCCATGAGCTCAACTACTACTCGGACATAGACATAATGTTTATCCACTCCAGCGACAAGGGGCACGCAGGAAGGCTTACCATTAATGAGTTTTTTCAAAAGGTTTTCCAAAAGCTCTTTAAACTCATGACGCAGATAACACCAGAAGGTAAGCCTTATGAGGTGGACCTTGACCTTAGACCCTTTGGAAAGTCAGGTCCTATAAGCATGTCCTTGAGGAGTGCGGAGCTGTATTATGAGTCCTATGGAAGAACTTGGGAAAGGTTTGCACTTCTTAGGGCAAGATACTGTGCGGGAGATGAGGAGTTATATAGGGCTTTTGAGAGGGAAGTGAAAGAGCCTTTTGTCTTTAGAAAATCCGTTGACTATCGCATACTTGAGGAGATAAGGCTCATAAAGGCTCAGATAGCCAGCGAGGCAAAGAAAAGGCTTCTTGGTAAAAATAACATTAAGACAGGAGAAGGTGGCATAAGAGAAGTGGAGTTTACAGTCCAGTCTCTTGTTTTGCTACTTGGTGGAAAGTTTCCCTTTCTTAGAGAGAGCAACACCTTTAGGGCTATATGGAAGCTCAGCCAAAAGGGTGTTTTTTCTAACGAAGAGGCTA
CP117180.1_gap42	1648157	1650143	1986	GAAGGGGCAAAGAGCCTTACTCAAAGAAGAAGGTGGCTTGAGGAGAACATAAGGGAGCTTGAAGAAATACAAAAGGTCCTCCAAGACGTGGAGGAAATACTCCAGATTACACCAGAAGAAGACTTAGAAACTCTCCAGATGCTAAGGGAGGAGTTAGAGAGGATAGAAAAGCCCATAAGGGACTTGGAGATAAAGGCTTTTCTCTCCGATGAGATGGATTCAAAGAACGCTTACCTGACAATTCAAGCAGGTGCTGGTGGCACGGAAGCCTGCGATTGGGCGAATATGCTACTCCGAATGTATAAACGCTGGGCGGAAAGGCATGGCTACGAGGTTGAAGTGATAGATATAAACCCAGACGATGTGGCGGGAATAAAAAGTGCAACTCTTCTAATAAAAGGTCCATACGCCTACGGATACCTCAAAGGTGAGCACGGGGTCCATAGGCTTGTGAGGATATCTCCCTTTGATGCTAACGCAAGAAGACACACATCCTTCGCCAGCGTGAGCGTAACTCCACAGATAGATGAGACTATAAACATAGAGATAAGGGAAGAGGATATTGAGATGGAAACCTTCAGAGCAAGTGGTGCGGGAGGTCAATATGTAAACAAGACAGACACTGCGGTGAGGCTCAGGCACAAGCCAACAGGCATAGTGGTATCCTGCCAGCAAGAGAGGTCTCAGCTCCAGAACAGGCTGAAAGCCCTTGAGCTTCTCAAGGCTAAGCTCTACCAGCTTGAACTTCAAAAACTTGAGGAAAAAAAGAAAGCCCTTGAGGGTGAAAAAACAGACATAGGCTGGGGCTATCAGATAAGGTCCTATATATTCCAACCCTACCAGCTTGTGAAGGACCTTAGAACTGGTCTTGAGATAGGCAATGTCTCGGAGGTAATGGAGGGCGACATAGACCCCTTTATAGAGGAGTATCTCAGATGGAAGGCAAAGGAAAAGGCAGGAGCTACCTCTTAAGCCTTGAGGGGATTAGGGAGCTATTTGAAGCATTAAAGGATGGCTACATAGTCTTGGCTCCTAAGCTAAGGGATGGGCTTATTGCCCTCTCTGAGGTCCAGAGCCTTGAGGAGCTACCTCTTGGCTATAGGAACATAGAAGCACCTGGCTTTTGCGTGATAGAAAAGGTAGAGGGCTACTTTACCTACACGCACCCTTATAACTCCTTTAAAAGTTTTTTACATCCCACGGAGCTTCCGCTCATTAGAGTGAGGAAAGAAAGAGAAGATTTGAATTTTCAAACCCTTGTGCCAGAGGAAAAGGCTATGTGCCTCTTTGATATAAGAGCCTGTGATTTATCTGCTCTTAAAGTGCTTGACACAGTCTTTCTTTACAAAAACCCCCATCCTGACCCCTATTATGCAAGTTTGAGAGAGGGTCTTTTCGTGCTTGCGGTAAACTGTTCTTATGCCACTTCAACCTGTTTTTGCACCACTATGGAGACGGGTCCAGAGGTAAAAGAAGGATACGACCTGCTTATCACGGAGCTTTCTGAAGGCTTTTTAACAGAGGTAGGCTCAGAGAAGGGTAAAAGGATAATAGAAAAGGTAAAGGATAAAAGAGAGGCGGAAGGTAAGCATTTTGAAGAGAAGAGAAAGATACTTGAAAAAACAGAGCTTACGATGAAGAGGGCTTTTCAGACGGAAGGTCTCACAAAAAGGCTATATGAAAGAATGGATGCGAAATACTGGGAGCATATAGAAAAACGCTGTGTTGCCTGCACCTCTTGCACTCAAGCGTGCCCTACCTGTTTTTGCTTTGATATCATTGAAAGAAACAACCTTGAGTTAGAGGAAAGTCTAAGGGTAAGGGTCTGGGACTCTTGCTTTTCACCCTCTTTTGCCACAGTCCACCGCTTCAATCTAAGACAGAGCGTCCACTCAAGATACAGACAGTGGCTCATGCATAAGTTTGCCTATTGGGTAGGCCAGTTTGACTGTTTTGGTTGTGTGGGTTGTGGAAGGTGCATAACAT
CP117180.1_gap43	1692450	1692950	500	GATAGGTAGTATATTAGGTAATGCAGGCGTAAATATAGCAGGCTTTAGGCTTGGAAGAGAAAAGAAAGGTGGCATAGCCTTAGGAATACTTAACCTTGACGACCCAATACCAGAGGAGGTCATACAAGAGCTGAGAAAAATACCCCAAATACTCTTTGCCAAGCAAGTGGTGGTGTAATAGATTTAAGTTTATGCAGTCCAAAACAAAGCTAACCGCGGAGGAATTTTTCAAGCTATATCCAGAGGAGTCCAGACTTGAGCTAATTGATGGGGAGGTCTATGAGATGCCTGCACCGAGTTTTAAACATCAACTCGTGATAGTAAGGATGCTATCTGCTTTATTAAGACATCCAGAAACTAAAGATAGAACAGTGGTATCACCAGTTGACCTTGTTCTTTCAGAAAATGTAGTCTTACAACCAGATATAGTATACCTTTCAGACCTTTCAAAAGTAAAGGATAAAATATACGGTGCACCAGACCTCGTGGTGGAGGTAGTT
