gap_id	start	end	length	sequence
CP119760.1_gap1	8220	12825	4605	GTCCGTTGAGTGTGCCAAGGACGATTATAAACAAATAAAGTTATGGGGGATAAATTAGTCATTGGTTTAACCAATCTCTGACAACTGTAATTATATTTTTCATAATATAGAGAATGTCCAAATGTACTTTACTGCTTTAATCTAATAGAAGCTGTTTTAAAATTATTGATAATCATTTCATTAACTTTTGGAAGCATTATAATCCTATGCAGTTTTTCTGACGATAAAAAACTGTTGTTGTTACTTTATCATTTATTAGTGGTCCTAATCCTGAAAAGTCAATTCTTTTAAAGCCTATTTGGGTAAGCTTTTTAAAAGATGAAAAATATTCAACTCGATGACTATCATCCCATATTATTATACCTGTATCGTTCAATATCTTTAAAATCGAATTTAAACAGCGGTTGCGATCTAATCCATCTACAACAACAATTGAAAAAAATTCATCAGGTGTTGTGTCAAAGTAATCATCTCCAGTTTTCAAATGTAAGCTTACATTGCTCGGAATATTAAATTTAATATTTTCATGCCAAACTTTATCATGCTCATAACAAACAACTTTCTTCGCTCTTTCCGAGTACCATCTGGTACTGCTTCCAGAGCCATATTCGAATAGGGTCATTTCTTTAGTAATACGTGTATTAAGAAAATCTATCGCCGAATATGATATCCATGGTACAGGATTGTTTTTAGCATCAACAGACTGCTTTGAAACGTAAGACTGGAACCAGCCACATTCTCTTAAATAACCATTTTTTGATATAGCTCTAACACCTCTTAAAAATGTTAAAAACTCTCGGAACTTCATTTGTGACTCCAAAGTTAAGTTATTATATAATTTTTAAAAGTGCTTTTAAATATATAATTTAATTATTTGATATGTTACTAATCGTGCTTTTTATCTAAAGTTTTTATTAAACTTTTTCATATCCAAGCATCATGTGCAACACGTTGTATACTTTATTTTTTTATTACCAAACAAGTATGATGGTGTTTGTCTTTTGCTGTTACTTTCCTTGGAGGAGCCAGAAACTTTCCCTCTGTCCAATAGTCCCCTGTCCAGAACTGCCAATACTCCTGTTCCACTATTTCTACCTTATTAGCCTCTAGCCAGCAGTTTATCTGGTGTCTTGAAAAGGCTTGAGTTGTAAACCTTTTTTCTTCAGAAACTGATTTTTCTAAATCATAAACATTTTTACAATAATTGTTCTCATTATATGGGAAAGTGATTATTAAATAACCATTGTCTTTCAAGAGGGAAACCATATTTTGTACAGCAGCATCAAAATTGACGATGTGCTCTAATACACTGATGCAGGTGATTATATCATATTTTTCTTTTAATTTGGATCGCGTTATGTCATCATGTTTTACGTAGAAATGTCGGTTTATAATATCACTTTCCCAGAAATCTTTCACATTATCCACAGCAGTAACATTGAATCCGCAGGAACTCATCAGGTTAGGAAGGGCTGTCAAGCCAGGCCCTACATCCAGTATTTTTTCAGGAAACACTTTTGCTAAGTGTCTGAAAACAAAATTATATTCTATTGCTCTTTCGTTTGGAGAGAAATTATTATATTTACAGAATTCTCTATAACATGCCTTTTCTGTAAGTAATTTATAAATTTTTTTAATTATATTTTTCACTGTTGTCCCTCTCATTTTTTATATTAAGTTTCGAATAGTAATATTTTAATGATTAAAACATAAATGTTATTAGAGCCTCCTTATTTTATGTAAAGTTTCAATAAATAAAAAAGCTTTTAATATTTGAATAGAAGCAAATCGAGTTTTATGAAATAGAAATGGAGCAATCACTACAAATAAAACTGATGCTACAATTGTAGCAATTGCACAGCCTGAAAGTCCTAGTGCTTTTATAAGAAAATAGTTTAAAACAATATTAGCAATAGCTCCAAAGGCAACAAATACAAAGCTGTAAATTTGCAGTTTTTTAACTATCATCCACTTTCCAGCTGCTGTGCCTAATGCGACAAAAGGCAGACGCCAAATGTATATTATAACTATCGAAATTGCTCCTTGATATGGTTTCCCGAATAAAATCAGTACAATAGGCTGAGCAAGCAGCGCAATGGGAATTGCAATGGCAAATGACAAGCTCAACATTGCTTCATATAAAAGTTGCATTCGATGTTCAAAGTGTTTATTTGATACTTTCTTTGCTCTAATGATTGCAGGGAAAAAAGAACTGCAAGTTAAAATTGGTAAGAAGTTAAATATTTCACATAAACGAATGGCCACAGCATATTGACCGTTGGATGCATTTCCCAGCATTTCCTTTATCATAACTTGATCTATGCGCATGTAGATCATTCCGGCGGCTCCGCTTAAAAGCAGAGGCCAGGAGTCTTTTAAAAGTCCTTTAGCGGTGTCAAACTTGAATTTCCAGTGAAACGGGTGACTGACTTTAATAATATAAAAAAACAGGTAACCAAATGACATTAAGGCCATATTTGCAGCTTCCAGCACAGCAAAATACATTAGAGGCGCCCCTGTATAGGCAAAAAAAACTCGACCAGCTGAAACTAATGTCCAGGCAACAACTTGTGAAATAGCTATATATTTACTCATTACCTGAGCTTGGAAATAAAAATCAATGGTTTGAAATGTTTGAAACAGGTATCCCGCTGCAATTATAAGTACCAGAATATTTGTTTGAACATCATTTTTACTGAGAAATGCTCCAGCACAAACCAGTCCCAGCATCAGTAAAACCCCAATTGCTTTTAACCAGAATGTTGTTCCTAGTAATTCATCTTTATTTTCAGGAAATTTTACAAGCTCTCGTACTACAATCGAATCAAGTCCCAGGGAGCTGATAAATGAAAAAATTGCACAAAAGCTGATTGCATAATTCAACAATCCATACTTTGAAGGTCCCAACTGCCTTGCAACGTAAACTCCGACAGTGAAGCCAATTAGCATGCGTATAATTTTTTCGCTGAAAAGCCAGATTGTATTAGCGCCATACTTCCGCAGGCCTTGATGCTGCCAAGCTGCTCTAATTAGTTTTACTGTTTTATTAACCATGCTGCTGAAGGTTATATTTTTCGTTAAATATCCAGTGAATTTTATTTGATGGTTTTATGTTGTCCGGCAAAGGTGGTTCCAGCATCGGGGCTTCCGGTGCGTAAAAGCACACGATTGCAGCTGGTGCATCCGGAGCAAACTCGGCAAAAGGCTGTACTTTTTTCCCCAGAAATGTTTTGTGTTTGTTGTCGTAAATTGCGGTGATCTCCAGGTTCCACTCTTTGCAGCCAAGATAAACAATTTCAGCCAAGTCTCCAGCCCCCAGCAGGACTACACGTCTGATGCCGGATTCAGCCAGGTCACGGCAGAGCTGGGCGCTGCGTTTGCGGGCCTCCTTGTAAAACTGCATGGAAAACTGCAAAAATTCGTAAGTCAGACGCGCTTTTTCCGCAAGCCCCTTCGGTGTTAAAAAATAATCCCAGCGGCGGGAATGAATTTTTTTTACGTGCAGGCAGCCGCGGTCAACCATTTTGCCCAATAGCTTATGGGCCAGTTTGACGCTGCAGCCAAGTTTTCTGGCAAGCATGCGATTGGTTAATAACGGGGAGGTTTCAACATGTTCAAGAATTTTAAGTTCCTGAAGGTTATTATTTAACGCTGCTGAATGTTTTGCCGATGTTTCCTGCATATCTGAATCGGAATCCTTTTTCTTAATATCAACGTTACTTTTGGATACTATAAATGTTTTTTTATTATTTTTCAAACTGTATAGCTGTTTTTTTGACAGGGGGGACATATTTATGGCTTATTTACTGCTTATAAAAGGTTTTCTATTCTCTTTGATTACTGGAGGCAGGATAACTTATGCAGTTACCTCTGACTCAGGTTTAAATAACCTTGACTTTATTGAATTAAATACTCTATTCCATTATGAATGTTTAATATCAAAAATGGAGAATAAAATGGAAATGCTGCTTTTGTTTCTCGCCGCTTCGGTAGCTTTGATAATAACTCCCGGACCGGATAGTATTTATGTTTTAAGCCGGGGTGTCTCTGAGGGGCGTTCAGCCGGAATTGTTTCCGCACTGGGAGTTTCCTGCGGCTTGATGGTGCATACCCTGGCGGCAGCGCTGGGGCTGGCTATACTGCTGAAAACCTCAATGATAGCTTTCTGGACCTTGAAAATCATCGGCGGAGTATACCTGATCTATCTGGGATTCAAAATGCTGAAAAATAAAAATGCCCTGGATATTCAGTTTACTTCAGGTGGTCTGGACATCAAAAAATGCTTTGCACAGGGCTTTTTGACAAATGTACTGAATCCCAAAGTGGCGCTGTTTTTTGTTGCGTTTCTGCCGCAGTTTGTAAGTGCAACTCACCCCAATTACAGTCTGCGTATAATACTTCTGGGGTGTGCTTTTACCGTGTTGACAATTATCTATCTTGGTTGCCTCGGCATGTTTGCCGGCTTTATAGGAGGCTGGCTGCGTTCCAAAGAAGGGCTATCCAGAAAAATCAGCTGCTGTTCAGGTGCAGCTTTGATTTTGCTGGGCAGCCGGATTCTGCTGCCTGAGAAAAGCTGATTAAGAGCTAACCCATAAATTTTAGATT
CP119760.1_gap2	16476	18744	2268	TAGGCGGAAATATCGGTGATACAACGGCTTATTTTAAATTTGCCTGTGATGCCCTGAGTTCCGGCGGTCTGGATTCCATAGTGATTTCCTCGGAATACCATACTAAACCGGTGGACTGCCCCCCCGGCTCTGCTGATTTTGTAAATGCTGCCCTGACTGGTGTCTGGCATAAATCACCGGAAGAACTGCTGGAATTATGTCAAAAGATTGAAATTGATGCCGGCCGGCCTGTGGTGCGGGGGGTTAATGTGCCGCGGACTTTGGATTTGGATATAATTATTTTTGATGATCTCAAAATTGACCTTCCACAGCTCAGGGTGCCTCACCCGCGCTTTCACCAGCGCGCCTTTGTCCTGGAGCCGCTGGCGGAAATAGCTCCTGACTGGAATGTCCCGGGCTTTCAGCTGACCGTTGCCCAGCTGCTCAAGAAGCTGTAATTTTTTAAGCCGATACCGCTATCATGTTGGATAATGCTTTATTTTTTAAAATGTAGTATTATATTTAGTTTCTGCTTTCTGTTCAGTAAATCAGAGAAAGGAAATAGATAGATGAAAAAAGTTATTACTGCTGCTTTGACTGTATTGCTGCCGGTGATTTGTATTTACGGCAGTGAAGCCGGGAAAAATACTGAGAAGTACAGTTTCAGCAACCGCTACAGTCAGCTTTCAGCAAAAATTGAGCAGTTCAAAAAAGACCTTAAAGCTGCTAAAGCGCGCAAACGGCCTAATAAACGGCAAATCAGCCTGATCGGAAAAAAAATTGATCGATACTGTAAGCGGCTCGAAAAGAATATCGGCAGGGTTACTGAGCGGCTTGATAAAAGCATTGCACGTATTGAGAGAATGAAAAAAGAGCGGCTGAAAGTTGACCCAGAATGTAATGTAAAAAACTTTGATGAAAATATAGCAAAGTTCAAAGCAGAAAAGGAATTTTATGCGAAAGTCGTTGCCGAAGCCCGTAAAAGTGGTAAATCTAAAGCCAGCGCCAAAGCTGCGAAGGCGGCTTCGCCAAAACCCCTGAAATGATTAACTTGTAAGAGCCCCAAACAACTGCGGTTGGAAAAGCTCTCGGTTAGCCTATCGGCAATGAGCGGTTGCTAAGGGCAAAGTCACAAGCTGGTATCTATCTTCTGTAAGAGTTCAATGTAAGCTTCTATATTCCTGCCTGCGAGGAATTGCAAGGCAATTACGAGACCGTTATCCTCAAAGTGATTATAAGCATGACCCGCGTTTCGTCGCTGGACCGCGACTCTTGTTCAGGCTGTCTATATCGAGAAATTAAATATGGATGCATGAGCTTTTAGCACCCTTTTACACTCAATGAACGGACTTTTGCTGAGTCCTTGAATCAGGTGTAATTGAGTGCTCTTTTCCTTTCATTCCCGCAGTTTTACCGGTGATGCCGGTATTTGACGTGAGCGCAACTTTCAGTAATGTGCTGTCAATTACCGTCAGTTTGACCATATGGTGGATTTACTGTACCGGAAGTATAATAACATTGACGAACGTGTTTTAAAAACTGGAAAATCAAAACCAGCTGCATCAATAATATCATATGTGAATCAGACCAGAGTTGGGCATAATTTATTTACGGGCTCCAGGAGTAATCCTCCCAGGATCCGGCACTGTAGAAAACATTTCCGGCGACCGCCAGGTTCTGCACCGGCTCATTTTTATTGTCTTTGATGTGCCAGAAGCACCTGACCATAGGAAATTCTGAAGTTGCGACTTTTCTGGTTTTTCCTTTATAACTGAAACCGTTCAGCAGGTGATCGCGTTTTACCTCGCCCCAGCTTTTCGAAGGATCAAAACAGGTGCATCTGGCCTCGTTGAATTCGTAAAAATAGCTGACCTTATCAACGTCAGGGTTCCGGTTGGGGGCATCGAGATTTCCAGGCCGATCATAGGCTTCAGTAAAACTGTTTTGCGGATGGGATTGCCACTGGTTTGCGGCTCTGTCACTTGGATTGCCGTCTCTGATGCAGCGAAACATTTTGGTTGTTCCAAGTAAGTCCGGGTAAAGTCTGGACAACCACAGCGGGAAATGGTTATCAAACGAATCCCGGTACTGCATAATTGCCAGGCCGATCTGCTTCAGGTTGTTAACGCAGCTGATGTCGCGTGCCCTGAGTCTTGCCTGGCTGAGAGCCGGCAGCAGCAGTCCTGCCAGTATCGCAATTATAGTAATCACAACGAGCAGTTCAATTATAGTGAATTTAAATTTATGCATCACAATGATACCATAACTTTGCTGAATTCCAGTGCTTAA
CP119760.1_gap3	156912	158433	1521	GCAAGCCACCTGTTAAAAGTTTTCAGTACGCCTCAGGCCAGATATACACTGGCGGTGTTTCAAAAAGGCGACTGTATTATTCGCTGGGGCAGTGTGCTCGAAATGCTGCCGCAGCATACTGAAGCTTTTGAGTCAGTGTACCTAAACCTTTCCGAAGCTCCAAATGCGCGTAATGTACTGGTGATCGGGGATGATGCCATAGGGGTCTGTCGAGAGTATTGCCGGTCAAAATCGGTTAGAAGTGTAACCTGGTTGAGCACAGACCCCGATTACCCGATGAAAATTCTCCGGCTGTTGCGGTATAAAATTATCTCACTGAAAATGAACATTCCCGGAGAAGACCCGGTAAGCTGGCTGAAAAAACATTATAACAGGTTTGACCTGATTGAAATCAGGCTGCCGGCGCCGGGCAGTCTTTCGCTCAACCGTTATTTCAGTAATTCTTTTTACCGGTTGCTGCGGCATCGCCTTGCAGAAAAGGGGGTTGTCAGTGTAATGTTTCCGTCTGGAGAGAATTTTATGGGGCGGGAGCTGAGCCTGTCGGGAGCATCACTGCTGCAAACCCTGGGTAATAATTTTAAGCATTTAATTTTGCAGACAGGTGAGGTGAGCAGGTTTTTTGCCGCGATGGCTCCTGATGTAATTTCCGGCAATCCCAAAGTTCTGGAAACGCGGTTTAAGAAACTCATTTCCAAACAGAAAAACTATGATGATTACTACATTGATTTTCGCAACCTGTTTGACTCTAACCGGGTCAACAGCCAAATGGAAAGCTATCGCGGACAGATAATTTCAAACCCCGGGCAGCTCCTGAATTCAGATCAGTTTCCCATGTTGACCAGATTTGCCATAGCGCTGGACATGAAAATGTCCGGAGTTCCTTTAGATTATTTGCCTAAAATGAATGATAGAACCGCCATAATGCGTTATATTATTATATTTCTGGTTGTTCTGACGCTTGGAATTTTAATTGTAAGAGAAATATACGGATTAGCAATACCAAATAAAGAAAGTAATAACAAAGACCTGCTCATGAAAGGAGGAGAAGTTATGTTCATTGTCTTCACGACATCCGTAATTGCCATGGCCCTGAATGTAATTCTGATGTTTTGTTTTCAGAATGCAAACGGTTCACTGTTTCTGTATTTCGGGATGCTGAACTCCCTGTTTATGCTTGGACTGTTTGGCGGCGGGTGGATTGTCAATAAACTTCAGCAGCAATTTCGACAAAAGAATTTATTTTTACAGCTGGGACTTGCTTCATCTATTTTTCTGATAATATTGTTTGTTCTTGACCTTGACTATTCTACTCCAATTGCATTCGTGCCGCTTTTTCTGGGGGCTGGAGCAGTCAGCGGCACCTGGTTGCCGCGGGCAGCGGCAATACAGCATGCTAAAAAAGTGAAGGCAGGATCTTCGGCTTTTGAGCTTTGGATGCTTGATTCACTTGGCGGGGCTATCGGTGGGCCGCTTGCGGCAGTTTTTTTACTTCCGGCTTTAGGTCTTAATCTTTCTTTGATT
CP119760.1_gap4	225849	229380	3531	TGAAGCCCATGGCATGAGTGTGGTTTATATTGCTATTGACGGCCTGCTGTGCGGCTGGGTCGGCTTCAAAGACAAGTTGCGCAATGAATCAGTCAAAATAATCAACGACCTTAAGGGGCTTGGCGTCAGGCATTGTGCCATGGTTACCGGGGATCGTTTGTCAGTCGCTGAAAACGTGGCTGCTCAGCTGCAGATCGACGAATTTCGAGCCGGATGTCTTCCTGAAGGAAAAGTGGAATATGTTGAAAATATCAAGCATTCAGCCCGGGTCGCTGTAGTTGGTGACGGGGTGAATGATGCGCCGGCTCTGGCTGCCGGCGACCTTGGTATAGCCATGGGGGCGATCGGCAGCGATATTGCTATTAACAGTGCTTCTGTTGCTTTGATGACCAACGATCTGCGCCGTATTCCGATGTTGGTGTATTTGTCTAAGAAATCCCGAATAATCATTAATCAGAACCTTTTTGTCGGCATGTTGTTTGTGCTTGGCGGCATGATTTTTTCGGTTTTTGGCTGGCTGACCCCGGTCTGGGCGGCCATATTGCATACTTTGAGCACTTTGCTGATTGTTTTTAACAGTGCGCGCCTGGTCAGAACCGGTGAAGAGCTGACTCTTGAGGAAAGTGCCGCGACAGCCGGAAATCAGGATAATTAACAGGACAGGAAATATATATGGCTGAGAATAAAGCACCTGTAATCAGCGCGGTTGGGCTCAGTAAAGTCTTTCGTGACTTCTGGAACCGTCCAAAAGCCAAAGCGGTCAGCGACATTGATTTTGAGATCAGAGAAGGTGAGGTTGTCGGCCTGCTTGGTCCCAACGGTTCAGGTAAATCGACAACTGTAAAAATGCTGCTCGGACTGCTTTATCCGACAGCGGGGCAGCTTGCGGTTTTCGGCAGATCACCAAGAACGGTTGCTATCAAAAAGCGTATCGGCTATCTGCCTGAAGAATCGTATTTATACAAGTATCTGACAGCAATGGAGACTCTGGACTTTTTCGGTTCGTTGTTCAATCTGTCCAAAACAGAGCGCCGTAACCGCAGCGAACAGCTTCTGGATATGGTTGGTCTCAGCCATGTCCGCAGCCGCCGTGTCGGGGAGTTCTCTAAAGGCATGGCGCGACGTATCGGGCTGGCCCAGGCGATGATTAATGATCCGTCACTGCTGATTCTGGATGAGCCTACTTCAGGTCTTGATCCGCTGGGCTGCAAGGAAGTCAAGGACTTGATTATGTTGCTGAAGAAACGGGGTAAAACGGTCTTGATTACCAGCCATCTTTTGAGTGATGTCGAGGATATATGTGATCGGGTCATAATTCTTTATGGCGGTAAAATCCGTGCTGAGGGACCGCTAAACGATCTGTTGACAGTAACCGAAGCCAGCAGGATTACTACCCCGGCAATGCAGCCGGAAATAACTGAGAAAGTTTTAAAAATTCTACGTGAAAATCTGTCCGGTGAGGAATTTAATATTGATCATCCGCGGCGCACTCTTGAAGAATTCTTCCTTGATGTGATTGATAAAGCCAAAGCGGAAAGCGTTACTACTTCAGGGGTGGTAAACAGCGGCAGGATTGCGGAGTATCTTCAGGAGGACGATAAGGCAGCTAAGGTCCTGGCCGGCCTTTCTGCAAGCGGAGACCCGTCTCCCGAGGTGGCAGCAGCCAAAAAAGCAGTTGATGAAAAGCAGGAGCAACAGAAAATTAAGCAGGAAAATTTGCGTATTCAGGAGTTGACTTCCAGCTTGACGGTTGAAAAAGGGCCTGAAAAGCAAGCCGCTGCTGAAGAGTTTTCAAATTTGAAAAGTGAAAAGCTTTCCGAAGCAAATGAAAAACTCAAAGATCTGCTCAACTGATAATAACTGCAGGATTTAAGGTAATAAGATGAGAGCTTTTTGGGCGATTGTACGGCTGACATTAAAAAACGCGATACGTTCGCATATTTTCCAGTTGTTGCTGACTCTTCTGGTGTTGTGCATTTTTCTAATTCCGAATACCGTAACCGGCGATGGTACTGCGCGTGGTTTTATTCAGATTTCACTGAAATATTCACTGGCTTCAGTAGCTTTTGTTCTGTCGCTTTCGTCGGTCTGGCTGGGCTGCTATATAATGACACGGGATGTTGAAAGTTATCAGCTGCACATGGTCGTCTCCAAGCCGGTTTCAAGAATTACTATCTGGCTTGGCAAATGGACTGGAATTTGCCTGATGAACGGAATTTTGCTGCTGGCTGCCGCGTCCGCAGTGTATTTAATCGTGATGTATCAGTTTTCGCAGCGAACTTTTTCGCAGGGAGAGAAAGCCAGAATAAAAACTGAAGTTATGACAGGGCGTCGGGTTTTAATGCCGGAAGTTCCTGATTTTGATAAAATTGCGCGTCAGGAACTGCCGCAGCGTATTAAGCTGTTGCGGGCGGAGGGACTTCGTTTCGATGAGAATAAGCTGCTTAAGGAGATGCGCAAGGAACTATTTCTGAAATATTGTGAAATTCCCTATAAAAGCGGGCGTGACTGGATGTTTGAAAATCTGCCGTTTGACAAGGAGGGGACAATTTTTGTCAGGTACCGGTTTTATGTCAACAAAATATCCAGTGAAAAACAGCGAATGACTCACGGGATGTGGGTTGTCGGCGTACCGGTACCGGTTCGGCAGAAGTCAGGAAATGTTTTTGAAAGGGACAAACTAAAGGGCGAGGTTGAATTTTATCCGCGGGCGTTGACACAAAAACCCCAGCAGTATATGACCGGAGTTTTTCATGAATTCAAGCTTAAAGGCGGAATTGTTTCGCCGAAGGGCGAGGCCAGGATGTCATACGTAAACGTGGATGATCTGCGTTACCCGGTTTACATGCAGCTGGCGGATGGCCCTAAAATGCTGATTAGAGTTACCGGTTTCTTTGAGAATTATTGCCGGGGTATTGTAATCATGCTTCTGCAGCTGATTATTCTGGCTGGCCTGAGTTGTGCTGCCGCTTCATTTCTGTCTATGCCTACTGCAGTTTTCATGGTGATTTCCTACATGATTTTCGGCAGTGTGGCAAGCTTTACAACTTCCCAGGGCCATATCAGCGGGACAATGGATAATATCGGCTTTTTTGTCAGCAAAGTGCTGTTATTCGCGGTTATTCCGATTCAGAATTTTGAGGTTACTCAGTTTCTGGCAAACGGAGAGCTGATTGAGTTGTCCTTTATGGGCAGGATATTCTTTTCATACTTTGTGCTGCGGGCTTTACCGTTTATACTGGTTGGTATATGGCTTTACTGGCGCAGACAAATGGGGTTGGTAATCAGGAAGTAATTTATGAGTAGATTCAAGAATTCCATTACATTTTTCTGGCTGTTGTTAATTTCGGCAGTTGTTTTACTTGTCGTCGGACTGGTTCAGAACAAGCTTGATGACAGCATCAAGGAAAATCACCTGCGCTTTACTGGTCAGATCAAAAATGCTCCTCCGCTGGTGGCTTTCACCACAGTTGCCATGGGCAGCTTTCGCGGTATTCTTGCCGATCTCCTCTGGCTTCGGGCACACCGGCT
CP119760.1_gap5	306237	308603	2366	AACCTGGATACATTGTTTCTGCCCTTGAGCTTTCCGGCTGACAGAGTTACTCTGGACTTTGCGGCAAAAGAAGGCATTGAGATTGCTTGTAATACTTATGGTGTGCCGCTTGATTCAAAGAATATATGCTGGAAGGCGGCTGATTCTTATTATAAGCAGGCAGGTATAGCTCCGGCATGTAAGATTACTATCGAAAAGAATATACCGGTGGCAGCCGGGCTTGGCGGCGGCAGTTCCAATGCCGCTTCAGTTCTCAAGGCATTGAATTCACATTTTGATGCCTTAGGCTCAGAAGCTTTGACACGAATTGCCATGAGTTGTGGGGCGGATGTTCCATTTTTTCTGGATAGTAAGCCCGCATTTGCTGCCGGCACCGGGGATGCATTTGAGTATCCGGATAATTTTGTCTTTAACTGGTCGCTGCTTTTAATCAATCCCGGTTTTCCAGTATCGGCAGCCTGGGCTTATTCGCATTTAAGCAAAGATTTTATTGGTGCCTTGTCGTCTGGTTTTAGAAATAAGTTACTGGCTGGACTGCAGTCTGGTTCCTCTGAAACTCTTAAAGATTATATTCATAATGATCTGGCAGCAGCGTTGTATTACAAATTTCCTTTGCTAAAAATGCTGCGGCGGGATTTACTGGCGGCCGGTGCTGATGCTGTTGAGATTTCAGGCAGCGGCCCGACTTTATTTGCATTATGCAGGGACGATGCGGTCAGGGAGCAGCTTATCGGCATGCTTGAAGAGTATCATCAGCCTTTGCAGGTATTTAAAGCTGAAGTTTTATAAAGCCGCGCCACGGCAAATACCGAAACGCGGCGGCAATCAGTTGCGGGTTACGAATTACATGCAATTTTTTCCATCAATACCCCGTCGTTGTTTTCGTGAATTTCAAAATTAACCTTCATGGTGTGGTCCTCGGTGCTTTTAAATTGATAATCCGCTTCCGGCAGCAGTATCGCGTTGGGAAAACGGTATCCGGTTTTATCCTGCTTGCAGGTTGGGATAAGGGTCAGTTCGCCGCCGTCATTAAGCAGGTCGGTTCCGATTAAGGCACCGGTAATCTTGCCGTCAGAATCAAATATCCTGCGCAGTGTATTGTCAATTTCCAAAATTTCAGCTGCAACATTTATTTTCAGATTGGTAATTATTTTTCTGATAATCCTGCCTCCAGCCTGATCGCATTTAGATTCATAATATTCAGGCTGAATATTAAAAGACGGACCGTCAACGGTAGCACCAAGCGTGCTTCCCTTGAAGCTGACTACACATGAGCCGTGCTTAAAAAGTTCCTTGTTTATATTATCCATTACTTATCTCCTGGTATTAACCTTTAAGTTTCCGATATCGAAGACTCTTTCCGGCAAGGCAGCTTAATAAGGAATCTTCCCCTTTCATCCGGATAAAGTTTAAAGCATACTTTGAAGCTTCTGCCGCAATTTGAGTCCGGCTTGAAGGAGGAGACGCTGGAAATGCTGGCATTGGGAAAGACAAAACCGCTGCTGTCTCCGGGGGAGAGAGGTATTATTTTGAGTTCACCCTCGGCATCCGGGAGTTCAGTTTTATTTTTTGATCTGAAACGATCGAAAATGTCTAGTATTTCAAGCGGCAGAGATATTTCAAGTCTCGCGGTTACAGAAGCCACTTTCTGCCCGGACTCCAGGTAAATGCGGTGTTCCTGCAAAACCGGCTTTATCTTCCATTCCGGAACCCGGCAGACGGCTCCAATTACAATTCCGTGAAACCCCACAATCATTTCTGGTATACGGTCCTCGGCTGATGTTGCCATATACATACAAAACTCCTTTTGCTTTTTGATTCCTGTAGGCCTTTGTCAGTATAAAGTCTTACCTGTTAAAGGCTTTGTGAAAAGCGCAACCCGCTATAAATTCCAGCTGTTAAAGACAAAGTCAATCCGCTTCAGCCTCTTCCCAGACGATTTCCGGAACATTCACGATTTAAGAAAGCCAGAGTACGCGGACCGTAAACAGTTTCATTTCCTGTTTTATAGGAGATTGATCCGACTCCGTCGACCTTTTCTGATTCCACAATTATGCCTGCAGCAAAAGAATCATAATTCTCCAACAGGAAAACCGCTTGTTCAAACACTGCGCAAAGCTGAAAGATTCTACTTTCATCAACAGATTCAATTCCTAAAAAAAGAGAGACATCATTTTCTGCCATCTTAAGTGCTCCTGCCTTGGCTGAATCATCGAAAGCACTCCAGGCAGCATGCTTCAAATGACGCTGCAGGTATTCATTTGCGGCTGGAATTGATATCATATAGCCACCTCCATTCAAAATTATAGAAAGCCCCGCACAGCGGGGCTGGATTACGGACTAATTATGCAGAGCGGATTGCCGCC
CP119760.1_gap6	322362	325734	3372	GTGCTGACCGCAGAATACCTTTCGGGGTAATTGCCCGGGTTATGGCTTATGCTGAAAAAGCGAATGTTACTGCGGTAGTAGCCACGATGCCCGCAAAAGAAAAGAAAGAAGCTGTTTTTGACCCAAATGAGCAGTGATTACAAAACATTTCCTGTGAATAACCAGCGAGTTATAGTGACTCAGGCAATTGTTATTACAATCCTGATCCACTTTGGTTTGTTGTTTCTATTTGCGTACGCGCCGCCTTCTGGAAGCAGCAATAACGTCAGGACACAGCATATATCTTTCGTTAATTTGAGCGATTCTGGAAATTACAACAACCGTAAGTTCAGTAACTGGATTGAATATCATGATCCGTCGCTGGTGGCGCTGCCGAATGTTTCTTTTGGTTATAATCGGCTTAACGAGGCTGAATCAGTGCGCCCGGCAATGGAAGATATTTCAGAGCATCCATCCACCGAACCTTCGATTAAAAGGCCCGGTTTTGACACTTATAAGCCGCTGCCGCTTTATAAGACACCGGCGACGGATAATGTGAACCGTTTTGTTATGTATAAGACTACACCTTTGTTTTTTAACACTGATGAAAAAGACTTCAAAGCTGAAGAAGACTCTGATTTTCCGGAAATTTTAAAAGGAAATGCGGCTCTTGCCTTGAAATTGCCTGAATCGCTTGCTGATAAAGCTGATAAGGTTGCTCAAAAACCTACTGTGATTAAGTTTTTCTGGTCTGACAAGGATTTTCTGCCCAGATTTGATATTCTGGTATCTTGCGGAGACCGGAACCTTGATACTGATGCTGCGGTCTCTCTGCTTAAGGAAATCAATAAAATTTCTCCAGATAAGAAAATTGCCATAGTGACTATTATCTGGAAAAAAGGGGACTGAAAATGATCGGAATCAATCTTTCAACCGGAATGCTCATATATCTGATATTGTGGCTGGTTACCATCGCCATATTGTGGGCGCGTGAACTCTGGCGGGTTAAGGTTACGGACTGGCGGATTAGCCGCAGCCATCTTTTTCGCTGTGATCACTGCCAGTACGCTTTTCTGACCAAGGAAAATTCAAATATTACCCGCTGTCCGCGCTGTAACGCAATGTGCATTCTGCGTAAAAACAACAGCTTCTAAGCCTGGTTTAAATAAAGCTTTAACTACCGTTCAGTGCCGGCTCTGAAACCTGCAGCCGGGAATCTGAGTCAGCATACGTCTTACCCTTTAGATTATTGACTGCAAGTATCATCAGGCAGGGAATACAAAGCGATGCAAATACCCCCTGATAGGCCAGAATATTATTGGATGATGGCAGTATAGATTGTACAGAACCGAAAATTATTGACGCTGCGACATTGCCTGTCAAGAACCCTGTTCCGCTGAACAGAGCGGCTGAGGCTATATAGATATTAGTTTTTGTATTGCAGCTGTTTTGGATGCATAAGCTGCGCTGCAGGATTAACAGACCTGAGGATAGCAGGCCGGTTATACCGGACCATACCAGTATGGAAAACAGCAGTATGGAAATAATTGATTTTGAGAACAGCAGCAACAGTGAAAACATCAGGCCGCAGACGATGATATTGAGAACTTTTCTGGAGCCGAATCTGCCCTGAAAAACCCCCCATTTGCCGGCAAGCACAATGACCCCGACAGATATGATTAGGTCAAAAATTACCAGATAATGAAACTTGATTTCTATAACTTTCAAAATATATGGGAAAAGGTAAGCGCTCAGTCCACCATAATACATATTGGTGGCAAATGCTATGCCCAGAAGAGGCAAGTAAGTTTTGTCTTTGACTGGAGTAAGAATATCCGAAAACCGCATGGGTGACTTTCTGTCGCTTGAAATATTCTGTTCCGTTTTTACCTTTATTTTAAGCAGCGAAATGCTTGCCGGTAGATGGAACCCGGCACACAGCAGCAGGAGAAGGCAGTATACTGAAGCAAAAGAATTATCTGTTTCCAGCCATGCCCAGACCAGGGCCGCAACCACCGAAAAGAATGAAGTGCAAAGCCGGCTTAATGATAATGCATAGCCGTTATTTTCAGACAGGCTGTCTACCGGACTGATCTTCTTCAGCAATACATCCTGACTGTTAAGACAGGTTAATGCTGTAAAATAGCAAAGACTTGTAATAAAGAATGTGCTCCAGGTCAGGGCTGATCCTGACGGAAGAAAAAACATTGACAAGACCAGCAGAAACGGTAGCAGCAGCCTGATGGTGAAGCCGGCAATTATTACCTCCTTTTCCCGGGATAATTTTTCCAGATGATGTGAAATAAGTAAACTGCCCAGGGAACCGATAAAGAGTGAGGCTCCTTTTATGGTGCCGAAAAAGCTGAGATCTATTTTCATTTCCAGTAGAATCTTGTCCAGGAAAAGTGGATTAGCAGCTACTGCGAGAGACATGCCGTTGAAGCAGAGAAAGGCGTAGTAGAATTTTATATTTTGCATTTTCGATTATGTCCTGTATTTTTATTATATATAAATATAAAACTGACAGACAGTATCATGAAGTATTGAAATATATAAATAAAAAACTAAAACATATAATTTTAAGACTTTTTAAATGGAAACAATAATCAGCTTTATTAATTCAATAGCTTCTCTTGCACATGACGGCAGCTTTTCGTGTAAAGCTTATGATATTTCAGAGGAAAAGTGTGTGGACGGCAAAAAGCATGTTCACGATTTCTGGGAATTGAAGTATTTTTGCGAATCCCGGGAATTTATTCTTATCGCTCCATTGACTGTTCATAGAACAACCGCGTTCGGCTTGGAGGTTGTCACTTTCTGTTTTGAGAATAGCGAGAGTTTAACCGTTGGAGACCTTATGCTGCGCTTTGATGAAAGATACATTAAAGGGGATGAATACCAGAGATTGGAGACCCTGTGTAACGGTCATGTTTCTCTATTGCGGAATATTGTTGAAAATTTAACTCGGGAGGATTACTGCAGGAGCTTGATATCCGTATTTTTGAACAGTTTAATTATAGTGCTGGAAGACTTCTCCCTGCGGGAAGCGCCGCCGATTGCGTCAAAGACTGAACAGATGATCCATTTCATCAGCAGGAATTATTACAACTCCAGCCTGAGTGTGGCTGATATAGCAGCAGAGGTAAACTTGTGTCCGAATTACGCCTCCAGGCTTTTCAAAAAGGCTACTGGCATAAGATTAGTTGAGTTTATCCATACATATCGGCTGGACAAAGCATATTACCTGCTGGGGACCGGTAGATATTCGGTAAAGGAGGTGGCGCAGTTGTGCGGCTGGAGCAATCAGTTTTACTTTTCAAACTGTTTTAAGAAGAGCTTTGGATTAAGCCCTTCAGAGTTGGGCGTTCAGGAGACTTTCGGTGATCACGGTGG
CP119760.1_gap7	326911	331582	4671	AGATAAAACTCAAGTTGCTTCAAGGAGCTTGAGTTGTTACTTTTATAGCATAATTTGGATAGAACGCTTTTTATCATGGCGTAGGTATTTGATTTAGGGTTGCTTTTTTTAAATTTTTCAATCTGCAGCAGAAGCATTTTCGGAAAAGGTGCATTTTTTAATGCGTATCGCATTATATTCTGTTCGGGATACCGCCAGGGACAGGAAGCGGTTATTTCTTTGCATGCTTTAACTTGTTGAGTTAATCTGTTTTTCAATATCGATTCGGTTAAATAAGAAAAAGACGCAAACAGGCTGAACAGGACAGTTACAATAAGAATAGTCCTGCAGGGAAGTGGAGCGTCAATCGCTTGTTCATGCCGCTTATTTGAAATGTTACGGCATAAAGCGTAAGCTGGATAGCTGATAATAATTACTGCCGGAATGAGCAGCATGAACCGGAGAAATAAACATGCAAAACAAATTAATGCTGCCGCGATGAATAATGAAATTATTCGAGCGGTTTTTTTAACATATCCTCCTTTAGCAGTCAGTGCTGAAGAATATTTGGCCAGAGCCAGAAACATAATCGCAAAAAGCATAATATTCCAAAAAGGAACAGATTTTAAATCTCTGAAAAGACCTCCCGGTCCGTGCAAAGAACTCATTAATCCGGAGCGCAACATTATAAATCCCGCGGCAATAACAAAAAAGGTGAACAAAAGGTATCTTTGATAGTACGCTGTAATTATTGTAAAAGCTATAGCATAGGCCCAGACAATCGCGGCCGCGACAAACCAGATGACCACGACGGGCTGGTTGAAGTAGTTTGGCTGACTGTTAAGTAATACGTTCGGCAAGTTCGGGGCCAGAAAGAGCTTGTAAATGGTAAACAGTCCGAATACCCCAATCCCCAGAGATACGGCAAAGCTCAGACAGAATGCCTTGAGGCGGGCACGGGAAATTATATACGACGGAGCCGGCATATTATAAAAGTATCTATTCCTTTCCACGCGCTGTATTGAGATGATGCCGATCAGCGGTAAAGTCAGGCACATGCCAAGAAAGATGGCTGTAAGATTCAAAAAATTATAGTGATAATACTCAGGTTTGAAAATTAAAATGCTGACCAGCACCAGAAAAAATACAAGACAGGACGGCATTATGTACCAGGTCCGTTTCCAGGTCTGAACAAATAAGGCGTGTTCCGGAGTTTCAAAACTTTGCTGGTTATATCCTTTCGGTTTGGGTAGCAAACGAGCTAACATATCAAGGCCAGGGAGGCTGAATATGACACCCCGCTGCAGGTTACGGACACCGAAAAAAGCCAGTGCCAGCAGTAAGGCAACAGTCAGTGCCAGCAGTAAGGCAACAGCCAGCCAGTAATAGGTAATACTATGGACGGTGAAAAGCTTGAATATTCCTTGAAAAGCGACTGCACAAGCCAGACAGGCTACGCCCAGCCACAGAAATACGTTTTTAAAACTTTCTCTGGACCAGGCAAAAGCCTGTAAACCGATATACAACAAGGTTGACTTTTCCGTATAATCAATAACCGTATTCCAGTTGTAGTGCACGTTTGGAAATTTATACAGCGCTGCAAAAGCAATTGTTGTCAACCCGATAAATCCTAACAGCAATGACAGTCGCAGGATAAACGGGAGCACTGTCAACTGCCAGGTATGCAACGGCAGGTTCAGGTTGTAGCGGCAGTAGCCGGGTGTCAGGTGACCATGGTTGTTGGTTTGCCAAGGCAGGACAAAACCAAAAGCAAAAATGTAAAACCCTGTAACCATTACTGCAGGCAGCAGTTCAGCGAGGTTGTTGGTAAATCTGATTGCAATCATTGTCAGTACAAACAGAGCGGCAGTCCAAAGCGCGGCTATTAACTGAAGCCTGAACTCTTCCTTGATAATTGCTTTTGAGGTTTCAAAAATTCTATTCATGATGGTTCTCCAGCGAGCAGTGGTCAATAAAAACGTTTTCGAGTGAACATGGCAGCTTTTCCGTTATTGTGCCGCCGAGAGCTTTCATTTCTGCAGCAAAAGCATCATGTGACAAGGGTGTTACCAGCAGCCATTCGCCATCCTTTCTGACTGCTCTGATAATATTTTTGCCGGTTTTGAGGTATTCTTCAACTTTTTCATTTTCGCTGTCCAACGCGGTTAGATAGCGATTATTTCGGCTTTTTATCGCGTCCACATGACCGGTCAGGATAATTTTTCCCTGATGTATCATAATTATATCGTCAGTTACCCGTTCAACCTCATCCAGCAGATGACTTGAAAACAGAATAGTGCTCCTTGAACTGGCCGCGGTATTTACAACTTCACTCAAGATGTCATACCTTGCCATTACATCCAGCCCCGATGACGGTTCATCAAGCACCAGAAGCTCTGGACGGTGTGAGACTGCCGCGATCAGGCCTGTTCTGGCTTTCTGCCCACGTGACATATTTTTAATTTTTAGTTTAGGGTCAATATGGAATTTCTGCATAAGGTCGCAAGCCAGCCCCATATCCCAATCCGGAAAAAACGCTTCGGTATGATCCATGAACTCCCGGGCCCGCATCCACATCGGCAGGTCGCGCTCCTCCGAAAGATAACCAATTTTACTGAGAACCTCGACCGGGTATTGAGCAGGGGACTTACCAAAAACTTTTACACTTCCAATCTGGGGCTGCAAAGCTCCGATGATGTGTTTAATCAAAGTACTTTTGCCGGCGCCATTTTCGCCAACCAGACCGTATACTTTGCCTGTGTCCAGCTCCAGGGATATATTGTCAAGAGCTTTTGTGGCTTGGAAATTCCTGCTCAATTTGCTGATTTCAACGATGTTATGCATCATTATGCTCCCTCTTTGAATTGCTTTTCGATTTCCTGAATAATCTCCGCCATGGGGATATTCAAAAGTTTTGCCTGAGTTACAAGCTGTCCGGCCAGACTGCCTATAACTTTTTTCTGTTCCTTTTTGTTCAACGGGGAATGACCCTCCGAAATAAAAGTGCCAGTGCCGCGTTTCGTGAAAACTATCCCCTGACGTTCAAGCTCTTTGTAGGCTTTGACTACTGTGTTTGGATTCACTAACAGGCTTTGAGCCAGTTTGCGTATTGGAGGCAGTTCACTGCCTGGCTGTAAGCGCCGTGATGCGATCAAGTGCTTTATCTGGTTGACAACCTGCAGATAAATTGGCATGCCACCGTCGAAGTTGAGTTTAATGCCGTACATTATTGTTTCCTGATTTTTAATATTGTATTGCTGTACTATTAGTGTAGTACAATTGTGCATGTTTGTCAATTATTATTTTTGAATTAAATGTAATTGTTAAGGTTTTTAGCTCAAAAGATTAAGAAAATATGTAATACAGCAATATGTATGTTAAATCACCCGTGAAAAGTGGAAAGCTACCTGACTGGTACGGTAAAGACAGGCAAGGTGATTACAAAGCTGATTTGCTGGAAAGTTTTTTCCCAGTGTCAAAGAGAAGCGTCCGGTTTGGGCTGCCATCTGGCGTCCCAGATAAAGTCACCGAACTGGTTGTCATACACAAGTCCATAGTCATATCCCAGAAACAGAACGTCCGTAACTCCGGCAAAAGCCCGCATTGCAGTAGTGCCGACTCCTTCGATTGAACCGGCGACAAAACCCCAGAAAGGTACCTGGCTGTTACGGTATACCATACAGCGCGGAACTTCCAGCCAGCAGGTGGCGATGTTGGTGATGCCTCGGCCGATGTTATATAAATGACTGTGCTTTTCAGCTGCTGGGGTATTTGCACATGCCTTAACTGAATCACCTGCGGTTTGAATTGTGTCTGCGGGAACTGTCTGGCGGGAAAGTAGATGCGATGCTGCTGGGCCTTTTTCAGTTGCTGCTGCGGCTGCAACATTGCATATTACCAGAGATGCAAAGATCAGGGATTTGAGTATAGTTTGCATATTTACCACCTTTTGCCTGCGATTATTCTGCAGTCGTAAGAAACTGCAGCATGTTTTGTTATGCAAGATACACCAGCAACGGAAAATTTCCAGAAGGAGACATTGGTTTAATTAGCATTGCTGCAGAAAGAATAACTGTCACCTCTTGATTAGAACATGAATGGTAGATAAACCCGGAAAAATAGTTGTTTTTTGCTGTTCATTAAAGTATTTTTAATTTCATTAACGCTGGTTTGTTTACTGTCATATGGATAATTTGCGTAAACTTGAGTTTAAATCTAAGATGAGATTTCAAAAAGTAATAACTTGTCAATTATTAACAGGGGCATGAAATGCGTAGAAAGATTCAGGAAATTAGCGATTCTGCTGAGCTGGATGAAATTCTGAGCACAGCAAGGATTTGTCGGATAGCAATGCTGGATGGAAACAGACCGTATATTCTGCCATTTAACTACGGTTATCGGAACAAGTGTGTTTATATTCATTGTGCGCTTCAGGGCAGGAAGCTTGATTTGCTGAGAAAAAACAACCATGTCTGCTTTGAGATTGAAGACAGTGTCAGGGTGGTTAAAGACAAAATTGCGTGCCGATGTTCTACCAGGTACCGTTCGATAGTAGGTTATGGCGATATTGAGATAATTACTGACGATGCCGAAGCGAAAAATGAAGCACTGAAAATACTGATGGAACAGCATGACTGGGGAGAACCGGTGGAGTTTTCTGAACAGCAGGTCAAAAATGTGGCGATTTTAAAG
CP119760.1_gap8	341288	345227	3939	CCGGAGAAACCGAAGCAAACTTTCCAAGCGGCGCGCTGCAGTCAAAAGCTTTTGTTTTTTCCCAGGGGAGGCCTTTTGAGCGCAGTTTTGTCTGCAGGTCACGAATGGTCAGATCAAAACCGACAGTTATGCCGGCAATATACTCTCTGGCTTCGCTGACGGATTCCGGCCTTCCTCTTTTGCCTATAAGCGCCACAATTTCCGTTTCATAATGTATATTACAATCGAGTTTCGGCAGTACGGCTTTACCGCCGGCAGGAACCAGACTGGTCAGCGGCTTCATGAATACCACCGGTTCCTGAGGGACCTTATTTTTTAATTCAGCAATGTGCTTGACATAATTCTGTCCTATGCAGAAGATGCGCTTAATTTCAAAATTTTGGTCATTCAGGTTTATTTGCATTAATTCACCTCAAAAGTTTCACAATAACGGATTCGGCCAGCAGTAAAATCAAATTTTTCAGTCGCAATGCCTGCCGGCTGCAGCAAAGAATTCATGTAATATATATAGCAATTCCCATTATTGCGACGCCGATTCGCGATATCCGGCAAAATTTTGGCACCTGCAGGTTTGAATAAATTAACGCCGAATTCCTCTGTTTGAAATTGTAAGAGTAATATTTTTGCTTGAGATTTTTGTGTGAAATGATAAATTAAAGTCTAATAAATAATGGTAAAGTGAGTTGATTTATAATGAGTAGTAAAATAAAAAAAATATGTGTATACTGCGGCTCAAATGAAGGTAGTGGCAAGGTCTATATGGCAGCTGCTGAACAACTTGGCTTGCTGCTGGCAGAGCGTGGTATAGAGCTGGTTTACGGCGGTGCTGGAGTAGGAGTTATGGGAAAGCTGGCCGATACGGTTCTAAAGCATGGAGGTCAGGTGACTGGTATTATTCCTGAGCATCTGCATAAAAAAGTGGCACACTCCGGACTTACCGAGATTAAAGTAGTGGATACCATGCATACCCGTAAGGCCATGATGATAGATTATTCAGATGCCATGATTGCCCTGCCGGGTGGGCTCGGGACATTTGAGGAAATTCTGGAAGCTGTTACCTGGCAGCAGCTGCGTCTGCATACAAAACCATGCGGCTTACTGAACGTTAATGGCTATTATGAATACCTGCTTAAATTTCTTGATAATGCAGTTAGTGAACGTTTTATGAAACCGGAACATCGTGGGATACTTCAGGTGTCATCAAATCCGGCAGAACTATTGGACTTGCTTGAAGAAAATGAACCTGTTGAAATACCAAAACTTTATGGAAGAAATGATGTCTGAGCAATTGATTGGCAATATTATGAACAACGTAATCGCCAGAGTCAGGGCGGAACTGGAATATGCCCCCGGCTGCCACGATTTTGATCATACCTTGCGAGTGCTGCGTAATGCGGAGAAGATTGCAGAGGAACTTCCTGAGGCCAACCTGCAGATAGTCAGACTCTCGGCGCTGCTGCATGATATTGCCAGACCGGAAGAGATGGCAAGTAAAGGGGCGGTCTGTCATGCCGTACTGGGAATTGACAAAGCAGAACAGATTCTAACGGAATTTGACTGTCCAAAGTTGTTTATTCCAAGGGTCTGCGCATGTATAGGCAGTCATCGCTTCAGGGGCGATGGTCCGGAGCCGGAGTCAGTTGAAGCCAAAATTATATTTGATGCGGATAAGCTTGACTCTATTGGCGCGGTAGGTGTTGGACGGGCATTTCATTTTGCAGGCAGAGAAAATGCCAGACTGCACAATACCGAGCAGGAGGCAATAAATTCTGCGCCTTACAGCCGTGAGGATTCAGCTTATCGCGAATATCTGGTAAAGCTGCGATTGCTTGAAAGTCGCATGTTGACTTTGCCTGGTAAAAAACTGGCTGCGGAACGGGCAGAATTCATGCATTTATTTTTCAGGCAGTTGAACCGGGAAATTTATGATTAATTACTTGCCAAGTTTGATTTAACAGGCTGACATTCAATCTCAACTAATTAAGTTTGAAGTTTTATCGCGCTACAGCAAAATGTCAGCGTAGATTTATTTGAATGTGCCGTCGCTGAAGTTTTATTTATGCAGGATCGCCATGTTTTATGCCAATAAATATGGCAGATGGCTTGAAAAACTGCAAATAGGAGGCATTATTTGACCTTTGAGTTTTCTAATAAATATGCTATGTATCACAAATAATGGTGCTGACATATTTTTGTTTTGGGCTCAAAACGGTTCAATTTACGTTAATAAAATAAGCTTGACCGCTTAACAGGGTTTATATGTTTAAAAAGCTGATACTTCCAGTCGGGCTTTTACTTGTAATTCTGCTTGCGCTGTGCCAGCCCGGTCCGGGCATATGGATGAAAGACCACTACATGATTGAAGTTTATACCTTCTTCATGTTTCTGGGCAACGGCTGGTTGTTCAGAGCCAGCAACCTTAAAGTAGGCAGAAGCTTTTTCATGATGTCGTTTGCTGCGGTGCTTTTTCTTTTAATTGCGGGCCCACTGGCCGGAATTGCTGCAGTAAATCTGTTTGGCTATACTTCGCTATATGCGCTTGGCTTCATTGTCATGGCCGCAATGCCGCCGACTCTTTCCTCCTGTGTAGTTGTTACAGAAGTAGCCGGAGGCAACCCGGCGGCTTCACTGTTTATGACGGTAGCATTAAACTTGCTGAGCATCTTTTCTTTACCAATAGTTCTGCCGATAGCCCTTGGCAGTTCCGAGGATATCGGCATTTCCGGATCAAAACTGCTTTATAAGCTGCTGTTAATAGTTTTACTGCCGTTTTTTTGCGGCATTTCATTAAAACGACTAATCAAAAAAGATCATTTCCTGATCAGCTATGTACCATTAATTTGTGTACTGCTGACTGTGCTCGCTGCCTTTTCTTCGTCCAGAGAGCTGCTGTTTAATATTTTCTGGAGGCTTCCCAGCTTTATCACAGCTTCAGCTGCCATTCATCTGCTGCTGATGCTGCTGGCCTGGGCCGCGGCCCGCTGTTTGAATTTTGACCGCAGAGATACTACGGCTTTTGCTTTTACTGTTTCTCAGAAGACAATGCCGATAGCCCTTGGGGTACTTAGCACTTTTGGCGGGAATATTGCAGAAGCTTTCGCTGTCTGTATCATTTTCCATATGACTCAACTTCTGGTAGATTCTGTAATTGCCGCGGCTCTGCCGCTCCAGAGGTACCGCTGCTTCAGACGCAGGCAGGAAGTAATCTGAAACTCCCTCAGTGCGCATAAAAAAAGCCTCGCTTAGAGGCGAGGCTTTTTGAGATAACGCATGGTTCAGCCGCGGATCAGCTTGAGCAGTTCATCCCGTTTTTCTTCCATGAGTTTCTGATTTTTGGCCTCAACGATCAGTCGCAACAGCGGTTCGGTGTTGGAAGATCGTACATTAAACCACCAGTCGCTGTATTCGACAGAGATTCCGTCGAGCTCAAACTGGTTGCCGTCAGCATAACTTTTACGGATGTAGTCAAGGATTGGAGCAACGTCGGCAACTTTTGAATTTATTTCGCCACTTGAGAAATATTTGCGCAACGGGGCAACCAGTTCACAGGCGGATTTTCCGCTTTTGCAAATCAGGTTGGCAAATTTTATAAAAGCCAGTCCCTGTGATTCGGCGGTAAAATTTTCCTTAAAATAGTAATGTCCTGAAAGTTCACCTGCAAAAACCGCATCATATTCGCGCATTTGAGCTTTTATAAAGGCATGCCCGACACGTGACATGATGGCTTTGCCGCCATTTTCCTCAATACATTCCTTGACTGCCCAGCTGCTGCGCAGATCATAAAGGATAGTTGCCGGGCCTTCAGAAAGTATATCCTGGGCAATCAGCGCTGTGAACAGGTCCATCGGAATTATTTCACCTTTGTTGTCAATAAAACCGCAGCGGTCAGCATCGCCGTCAAAAGCGGCCCCGAAATCGGCACCTGTTTCAACAACTTTT
CP119760.1_gap9	361655	364123	2468	ATAGTTATAAATGCCGGCGACCTGCGTAATCTGACCGCACCGACTGTCGCGATTATTGCCACAATGACAATAACCGCGATTAACTCCACAAGAGTGTAATTGTGGCGTACGATGCATCTCAAAACAGTTATTCCTGAGTGGTCAGCCAGTTACCTACATCCGCGTTTTCACCAGTGCCTCCGGGCTGTCCGTCAGCGCCGTAGCTCATGATGTCGAATTCGCCATGTTCACCAGGGCATTTGTAAACATATGGTCTGCCCCAAGGGTCAGAAGGCAGTCCCTGTTTCAGGTATGGGCCATCCCAGTGACTGTCGTTGTTGACATTGGAAACCAGCTCTTTAAGCCCGTAACTGGCATCGGGCAGGCGCCCCATGTCCAGACGGAAGTCGAATACGGCTTGCTCCAGCAGTCTTATCTGGGTTCTGGCGGCACTGACTCTGGCCCGTTTGACATGTCTGAAATAGAGCGGGGTGGCAATTGAAGCGAGCAGGGCGATAATCACGATCACCACTACCATTTCAATCATAGTGAACCAGTTTTTGTTCAGCTGCTTTCGATTTTTCATAGTATTGTTCTCCTGTGTTTTAAGACAGATTAAATTTTTTTGTTCAAATTGCATTCATTTCCATGATCGCCAGGAATATTGAAATAACCACCATCAGGACGATTGCAGCCAGAATTAATATAATTACAGGCTCCATCATTGCCAGCAGGCGCTTGATAGTTACTTTCAGTTTGCGTTCAGCTTCGTCTGCGATTTGTTCAAGCATCGGGCCGACACTGCCGGACTCTTCAGCAATCCTGATCATCGGAATGCTGCCGGGCGGCATGTAGGGGCTCTTGTTAAGAGCGGCAGACAGTTTGGAGCCGCCGCGCAATTCGTCCGTGACTTTCGAAAAGGTTCCCGCTATGGCACGGTTTTCGATAACGCGAATACCAATTTTGACAGCCGGCAGCAAATGCACATGATTTTTCAGCATAATAGCCATTGTACGCACAAAGCGGCTTATCTGGACAGCGGTTATCAGCTTCCCGACCAGCGGTATTTTCAATATAAACTTATCCCATTTGTTTTTAAGTTTCCCTCCCTGACGTAATTTTCTGGCGAAAATAATAATTCCAGCTACAAGCAGCGGCCATACCCACCAGCAGGTTTTGAACACTTCGCCCGCTTTTAACATGACAAGCGTCATTGCCGGGAGTTCCCTGCCCATATCATGAAAAATTCTGGCAAAACGCGGTATGAATACTGTGAAAAGCATGATTACTACAATAAATGTGACTCCGAGGACTATCACCGGATAAATTGAACTTGTAACTATAAACTCTTTTAGGCTGCGGCTTTCATTAAGAAAGCGACGCAGTTCTCGAATTGTTTCCGGCAGACATCCGGTTTCCTCGCCGGTTTCAACCAGGCTGGCATAAATCGCCGGGAAGCGCTGTGGTTGTGAACGGACCAGTTCAGAAAATTTTTTGCCTTCATGCAGACCTCTTCGCATAGAGCGGACAACATCTCTCGAGCTGCCTTCCGGGACACTTTGTTCGATAATGGCAAGGCATTTTTCCAGCGGTATGTTCGCATCCAGAAGCGGCATCAGGCGATCCGAAAATTCACAGGCATCAAGGTCTTTGCGCTTCAGCCGGAATGAGTGTTTTTCAGCTCCGGCTTCGCCATAAGCCTTGATTGGAATCAGGCCGCGGCTGCGCAGACGGGACAGAGAATCGGCTTCGCTGTCCGCCTCAATGGTAATATCAATCGGGCTTTTACCCGGTTCCATTGCTTTATATCTGTAGCTGACCATGATAAGTGCCTGTCGTTAACTTTACATATCACTGGCGGCTCTTTTAATTTCCGCCTTGGTTGTTACTTTTTCCTGGACCTTGCGCATACCGTCTTCAAGCAGCGGGATCATACCGTTCTCTATCCCGATGCGGGCAATTTCAGAACTGGAGCTGTTTGCAACTACGGCTTTGCGCACATCTTCATCAATCATAAGCAGTTCGTAAATTCCGGTTCTTCCTTTATAACCGGAACCGCCGCATTTGCGACAGCGGCGTCCTGTATTGCGGGCGGAGACACCGGTGCCTTCACAGGACGGGCATATTTTTCTGATCAGGCGTTGTGACAGTACTCCGAACAGTGCTGAAGCCACCAGAAAATTCTCAACCCCCATATCTATAAGGCGAGTTATCGCCCCGGCTGCGTCGTTAGTATGCAGAGTGCTCAGGACCAAGTGCCCGGTCAGCGCAGCATTGATAGCAATATCGGCAGTTTCGCGGTCACGGATTTCACCAACAAGTATGACGTCCGGGTCCTGACGGACGATAGAGCGCAAGCCTGAAGCAAATGTCAATCCGATTTTTGCATTGACCTGCATCTGGCATAAGCCGGGCAATTGATATTCCACGGGGTCTTCGACTGTAATAATTTTGCGGGCCTTGTCATTCAACTGCTGCATAACGCTGTA
CP119760.1_gap10	366245	368363	2118	AAGCTGGAGCCGCTGCCGTATGAATCAGCGCTGTTGCTGGTATCTGGCTTGATGGTTTCGCCTGCCACATTGAAAATTACTGATAAAGCAGTAGTAAGTTCATCGGCTTTACCGTTGATAACTTTATAAATAAAGACTCTTTCCTGGTCGCCGACATCATTTCGGTCAAGCTGCTTAACCCAGTTGCCTACTTCCCGGATAGCCTCTTTTGACGCTGCTGCAGCCACTATGACACTGAGGCGTTCAACGCCGATAACATGGACCGCCTTGGAGCCCTCGAATTCTTTTTCCACCTGCACCGGGAACCCCAGTACCGGGAGGATGTTTTCAAGTTCATCCTCAATTCGCTTTGCTGATACATTATGGCATGGAATAACTGCTCGGTACCAGCCTTTTTTCTGATTTCTGTCAAGTATTTTAACCAGGTTGCGGATTTTCAGGATATTGGCACTTGTATCGACTACCATTATAGCAGTTTGTGAGGGAAGAGCTTGAATAGTGCCGCCTTCACTGACAAAATTTTTCAAAGCGTCCGCAATATCCTTGGCACCGGTATGAAGCAGTGGAATCACAGCAGCCTGGGCATTGCTGAGGCCGGAAAGACTGATGTTGCTGTCTTTAGCCATATCGCCAAGCGGCAGGATCTTGATGGATTTTCCGATCGGAGAACAATATGCTCCAGCCATGTTCAGAACCTGATCAAATACCTTCCATATTTCCGCTTTAGTCAATTTCGAGTCAATCGATAAGGTCACGCTGCCGCTGACTGTCGGGGCAATTATATATTCGAAGCCCAGGACTTTGGCAAAAGCCGGAATTACATCACGAATATCCGCCTGATCAAAGTCAATAGTTACTTTCAGTGATTTTCCTCCGTCTTTCAGCCCGGAGACAAAGCGGTCAAAGAACTGTTTTGAACTCAGAGGGGCAACGACGTCTCCTTCCTCGGTTTTTTCGATACCCGCATTGCTGTTCTCAAAATGAAACGGCTTGACTTCATCAACTCCGATAGTATCATCAGTGACCCGCTTGACAATGTTTTTACCATTTTTTTTCATGGCAACAATTACAGGAGGATCTTCAGTAATCTTTTTCTTTTCTTGCGGCGGTTGAAAAAGTGAGCACGACGATAAGAGGCAGGAGCAAAGAGCCAGGGCCGCAAAAGGGATCATGTTCCTCTTATTTTTCGCTATCTTCATAATACTGTTCCTTGATCATTGTCGTCAGCCTGTGAATTTGTCCGATTTGTTTCGAATAATCCGTTGTGTGTTTCAGACTGTCTATGTAAATTTTTAACTGCTTCATTACTTTCTGATTTTCTGGTTTGGCGTCGGTTTGGCCGCCGGTTGCGGCGTGGCCTTCTTCTGAGCTGTCGGCGCTTTTACCCGAGTGCCTTTTGAAGGCGGTTTCGGGGCGCCTCTTTTTACTTTTAAAGTTAAACTGCTGCCTCCCGGCACCTGCAGCACGACATGGTCTCCTTCAATTTTTTTAAGTATATAGCCGTGCGGCAGTTTATCATTAATTTTATAAAGTTTACTGGCTGGCGTCTTTTTAGCTTTATTGGCTATGCCGGCACGATTCATATTGTTTCGACCCGGCGGCGGCGCATAGCGCTGCTGCCAGGTTGGGGCTCTGCCGGTGGGTTTGTTGCCCATGCCGGGAATCTTTTCCCTTATTACAGCCCAGGCATCACGACCACAACGAAAAGTCCCAACCAGCTCAAAAGGCATATTACGGGAAGCCCCGGGACCTTTCACCGGGCCTCCCCGATTAGGGTTGAACAGGTCACCAAGTATAATACTTGCAGGCCTGACCATGGGCCTGAAAGGCTTTCCCAGGCCTTTTCGCCGTGGCGGCGGTGGCTTGGCGGCGTTGCGCTCAGCTGCATTTTTAAGGCGGGCCGGGCGGTAGTTTAGAAACTCCCAGCCTGCTGCCGCTGTAAGAACCAACAGCACTATATTGATTATCAAATAACGTTTTTTCACTTATTAACCATCCCCAGCAAGTCGAGCAGCGCTTTACTTTTAACGCTGATTATGCGCAAAGTCCCTGAGAGTTCTAGGTTCTCAGGGTTCATCACACGTTCCGGCATTATTGAAACATTTTTCCAGCCGATGG
CP119760.1_gap11	507599	510781	3182	GCGGTCAAACTTGCTGAACGGAGCAATGCTGCAATTAGTCAGAAGTCCGGCGGCCACAGTGCGCATGATAGCGGTTTTGTTTGGCACCGGAAGGACGCCGGGGTAGCCCATGCAGACTGGACAGACGCGGGTATTCGGGGCACCGCCGAAACGATTTGCACAGGAACAGAACATTTTGCTGTCGGTCTTGATCTGAACGTGTACTTCAAGGCCGATAACGGCTTCATATTGACTCATATATCTATCCTTATACAAGTGGTTACAGTTTTACATCATAATCCGTTTAATTTAGTCGCGAATGTGTTAAAATCCAGTATCCGGAACGGCTTTTTTTGATAAAGCACGGCAGTTTTTTGCTCAAAGGCAGAGTTTGCGTTTGAAAATCGGGGGTTTCCGCCTATCTTATTTGGTTTGTACGTTGTTGTAAATACTTACATAATTTAAATATAACAGGATCCCGGACTAAATGAGAGCAAAAGAATACGACTTTGCGAAAATTGAGAAGAAGTGGCAGGACTACTGGCTGAAAAACAAGACTTTCAAGACAGAAGATTTTCTGGATAAACCCAAGTATTATGTTCTGGATATGTTTCCCTATCCGAGCGGCGCCGGACTGCACGTCGGACATCCGGAGGGATATACGGCTACGGATATTGTCTGCCGCTACAAGCGTATGCGCGGATTTAATGTGTTGCATCCTATGGGCTGGGACGCTTTCGGTCTGCCGGCTGAACAATATGCGGTTGAAACCGGTACGCACCCTGCAATAACTACTGAAAATAATATTAACCGTTTTCGCGAGCAGATTCAGGCTCTCGGCTTCAGTTACGACTGGGATCGTGAAGTAAATACCACTGACGTTGACTATTTCCGCTGGACACAGTGGATTTTTCTGCAGCTTTACAAAAAAGGGCTGGCTTATATTGATGAAGTTGCCGTAAACTGGTGTCCGGCTCTCGGCACTGTACTGGCAAATGAGGAAGTTATTGACGGCCGCAGCGAACGCGGCAATCATCCGGTTGAGCGGAAACCTATGAAGCAATGGATGCTCAAGATTACCGAATATGCTGAAAGATTGCTCTCAGACCTTGACGACCTGGACTGGTCGGAGGGAATTAAGGAGATGCAGCGTAACTGGATTGGCAAGTCAACCGGTGCAGAAGTTACTTTTAAAGTTGATTCAACCGGCGACGCAATTACCGTTTATACTACTCGCCCTGACACCTTGTTCGGCGCTACCTATATGGTGCTTGCGCCTGAGCATGAACTGGTTGATAAAATAATGACCGATGACCGTCGTGAGGCCGTTTGCGAATACCGTCGGCAGGCAGGCTTAAAGTCTGACCTCGATCGTACGGAGTTAAGTACCGAAAAGACCGGTGAATTTACTGGTGCTTATGCTTTGAATCCGGTTAACGGTGAAAAAATCCCGATCTGGATAGCGGACTATGTCCTGATAAGTTATGGAACCGGGGCGATCATGGCGGTACCGGCCCATGACACGCGAGATTTTGAGTTTGCTGAAAAGTTTGAGATTCCAATTAAGTGCATTATTGAACCGGAAACAGCAGAGGCTGAAACTGAAGGAATTGATATTCAAGCGGTTCTGGCTGGCAAGGCCTGCTGGACCGGGAACGGCAGGATGATTAATTCTGCTAACAGTGACGGTCTTGATATTAATGGTATGGAAGTCAAGGACTCCAAACGCATTGCGACTGAATGGCTGGAAAAGCGCGGCATTGGCAAAGCTGCTGTTAATTACAAGCTGCGTGACTGGCTGTTCAGCCGGCAGCGTTACTGGGGCGAACCTTTTCCGGTTATTCACATGGATGACGGTTCTATAAAGCTGGTTTCTGAAAACGAATTGCCGGTTACACTGCCTGATATGGAAGAATTTAAACCCTCAGGCACCGGCGAATCCCCGCTGGCCAATGCCGGTGAGTGGCTTGATTATATTGATCCTGAAACCGGCATGAAAGGCCGTCGGGAGACCAACACAATGCCGCAATGGGCTGGTTCATGCTGGTACTATCTGCGTTATATTGACCCGAAAAATAAAGAAGCCGCCTGGGATCTGGATAAAGAGAAGTACTGGATGCCGGTTGACTTGTATGTGGGCGGGGCCGAACATGCGGTGCTGCACCTGCTTTATGCCCGTTTCTGGCATAAAGTACTTTATGATATTGGAATGGTGAGCACAAAAGAACCATTTCAGAAGCTGGTCAATCAAGGAATGATTCTGGGGATTTCCTACAAGGATTCCCGTGGTGCTCTGGTGCCGGGCGATAAAGTTGAAGCGCGGGACGGCGGTTTCTACAGTACTGAAACTGGAGAAAAGCTGGAAGAATTTCCTGCAAAAATGTCCAAGTCGCTCAAGAATGTCGTTAACCCTGAGGATGTGATCAGTGAATATGGTGCTGACAGTATGCGGCTTTATGAAATGTTCATGGGGCCTCTGGAAGCAACAAAACCATGGAACACCAAAGGGGTGGAAGGTGTTTACCGTTTCCTGAAGCGGGCCTGGCGTATGATTGTCGAAGCTGAGGTTGTCGAAGCTGAATTGACCAAAGAGCAGCTGCGCATCATGCATGCCACCATCAAAAAAGTCACTGAAGATCTGGATACGTTCGGCTTCAATACGGCAATCAGCCAGATGATGATTTTTGTTAACGAGTTTTCCAAGGCCAAAAAACTACCGCGTGAAGCAGCTGAGACCTTTGTGAAACTGCTGGCGCCGTTTGCGCCGCATATCGGCGAAGAGTTATGGGAGATGCTTGGGCACCATGATTCAATAGCCTATGTGGAATGGCCAGGGTTTAATGCAGAATATCTCAAAGTTGACGAAGCTGAAATCCTGATTCAAGTACTTGGCAAGCCTCGGGCCCGCATTATGATGCCGGCTGCAGCCAAACCTGATGAAATGGAAAAAATAGCGCTGGACAACCCGGAGATTAAAGCCGCAATTGCTGGTAAAACCGTGAGGAAAGTTATCTGTGTACCGGGACGGCTGGTCAATATTGTAGCAACACCATAATCTTGATTCTATGAAATTAACAGAATCAGAGTTAATACCGGCTCTGATTCTGTTTTTTTATTGTTCAAGCGCAAGCTGTCCGGTAGGACGGATGCCGCTTTTTTTGAAAGCGATTTTCAGGAACAGAGCTACACATAGCAGCCCGCTT
CP119760.1_gap12	513214	514057	843	CATCGCTACATTGTTGTGCCCTATTAAATCTATTTTCTGCCAGCGGTTTGAGCGAAACCTCCAGAAAATAAGCATTGACTCAAAAAAGATGTAGAATGCCAGAAAAGCCCAGACCCATTCAATACTGCTCTTTATAACATAAATCATAAACAGAGTTCCCGGAACCATCAGCAGCCATGCACAGGAGGATGAAATAAACATTACCGCCCTGGTATCACCGGCGCCGCGTAAAGCTCCCATGAAAATGAATTTTGTGGCGTCAAACAGGTTAAACAACGCTGCCAGTGCCAGAATAATCTGTCCGCTTTTAAGGATTTCATCAAAGTCAATACCGCTGGTCCCTGAAGGACTGAATAAATTCATCAGAGTAATCGGCAGCAGCAGGTAAATGGTAGACATGCAGACCATATACAGCGTTGCCATACGCCAGGCACGAAACGCGACCCGGATAGCGATATGCTGCCTGCTGCGGCCAATAAATTGTCCGCATATAATCGAAGTGGCATCGGCAAAACCCAGCAGCGGCATAAAGCTCAGCTGGTTTATTGACAGAGCGATAGTGGTTGCAGCCAGTGCTTCTCTGCTTAGATGTCCGATTAAAAAAGTTACAAAGGTGAATGCCCCGACATCAAACAGCACCTGCATTCCAGCTGGCGTGCCGAAACTGAAGAGTTTTTTAATAAACTCAAATTTAAACTGCCGGTGCCTGCGTGTCGGCAGCAGTTCCTGATCTGTATTCAGAAACAGCAGCAGGGCGCATATAAAAGAAAACATTGTTGATAACGACGTAGCGGCCCCGGCCCCCCATATCCCAAGCGGCGGCAGACCAAGTTTGCCGAAAAT
CP119760.1_gap13	528840	530249	1409	AATGCTTTCCGGCGCTAAGCCGCAAATTGCGAAGCGGAGTATTGCCATAAGGCTTGTTGTCAATAAAGATTGCGGCGCCGTTCGGATTAGAAGTTACACTTACCTTGCATGGCAGCAGGTTTAAAAGATAATTTTTATTGATTGTCTTATCCCTGTCAACAAGAACAGTATCCTGGAGTTTTGCATAACCGTTTTTAATTATTTCCAGCTTGTATTTTCCTGATTCAAGTTCTGCTTTAAATGGAGTATAGCCGCGGGAGTCCCCATTCAAATAGACCCGGGCACGTGAAGGCGTGCTTTTAACCAGTATTTTTCCAATATTGGAATCAAGTGAAATCATTATTTCTCTGGGACGTGCGTTCTTGACTATAGTCTTTGTTTCTCTGGCAGCATAACCTGTTTTACTGGTCGCAATTGTATATTGACCCAGTGGCAGACGCGGCACAACCAGCGGTGTCAGCCCCATTTCCTGCTGATTGACAGCGACCTTGGCACCGGGAGGGCGGCTTTTTATGAGCAGGGCTCCGGTGACGGGCTGCAGTTTTATGCGAACAGTTTTTTTCGCATTGGGCATGACCCTGAAACTTCTCCAGACAGGACGGTATTTGTCTTTCATCACTTTAACAATATACCGGTTGGGCCGCAGCTTGATTTTAAATGGTGCGGTGCCAATATTTTTATTTGATAATGTGAGTATTTCCGCTCCAGCCGGTTCGGTTATGAACTCCACCTCGCATCGGATATTCTTACTGACTTTCTTCCCGCAACCGTTCAATAAGGTCAGGCAGCATATCGCAGCAATAATAATAGAAATAATTTTATGCATTATTTGTTCCTTTTGCGTAAATACTGATCAATCTGCATAACAGCTTTTCTGGAAATATGATACATTTTTTCATCTTCAGAAGATAATTTCATGGCTTCTTCCGCAGCTGTCCGTGCTCCGGTGTAATCTTTCAGGCGCAGCATTCGTTTAAATTCAAATTTCAAATCACTCAGGCGGGCCTGACGCATTGCCTCAGCTTCCTGTTCCCGTTTTCTGGCAATATTCCAGATTTCCGGCTTAGGCGAAAACTGGTCTAGGTATTCGATCGCCAGCCGGTAACGGCGTATTGCTTTAAGCAGGTTTGCCGGATCGGCCTCGCGGTTTTGAAAACAGTCTTCAGCCTTATGAAACATTTCCTCGGCAAGCTTTTTAAGTTCTTCAGGGGTGAGGGCTATAGAGTGCATACCGTAAAAATCAGATAAATCGTTAATCGCGGATTCAATGGTTTCAAAAGATGTAGGAGCGAAAGTATTGCAGACATTTATGGTATTGGTTTTGCCGGCAGAAACAATGCTGAGTAATCTGGTTTCATCCAGGTTGTTGACGGCATTACCGGCTGTTGCTTGTTCGAGTTTCATAAATG
CP119760.1_gap14	596654	600324	3670	ATATTATATGTTTCAAGCAATAAAACAGCGAGGTTTTGAATGAAAATAATAGATAAAGAGCTGATGGACAAGCTGACAGAGGAAGCCCTTGCCTCAGAACGCAAGCGCTCACATTATAATCTTCATGCATCACTTGATGAAGATATCCATCGGCTTTGCATTGCAGCAGAACCCGGTACTTATGTAAAGCCTCATCGTCATCTTGAGGGTAATAAATGGGAATTGATGGTTGTATTGAGAGGACATGTATCGATTTTGCAGTATGATGACGACGGAAAAGTTATAAGGCGGGTTGAGCTTCAGGCCGGAGAAGCGCCTGCAGCAGTTGAAATAGCCGCTGACAGCTGGCACAATTTCGTGGTTTTGAAGAGCGGTTCGGTAGTTATGGAGGTCAAGCGTGGACCTTATCAGCGTCCTTCTGCAGCCGATTTTGCTTCATGGGCTCCTGATGAAGGCGAAGCTGCTGCTCCCGCATTCTGCAAGTGGTTTGAGCAATGTACAGTAGATTCCAGGCCGGAACAGATTTAACGGGATAAACTTTCGGCATTCACTTATGGGATCATCAGTTATTTTATAGTGAATGTCGTATATTTTTTCTCGATCTTGTACTTGCCGTTTCTCATTTTTACTTTTACCAGAACAGCAGGAATTTTATCGCCGTACGAGACATTTCTAAGGACATGTCCCAGGTCTTTCATGCTGTTTATTGAGAAATCCCCAAGCTGCAACAGCAAGTCGCCGCGCTCGACATGCGCTATGCCTTTTTCAGGAAGGTCACTGATGAGCAGTCCGCCTTTGAATGGAAATCCCAGAGCCATCGCCAGAGATGCCGTTAAAGGCTGTACGCCGATGCCCAGTTTTATTTCAGCCAGCTTAGCCACATCCGACTGCCGGATTTTTTCTGCAGTGACCCGGAAAGATTTACTGCCAGATTCCATGGTAAATGATTCTCCGTCCTGCATTTGCCACAAAATTCTACAGACATCCATCAGATTATCGAGCTTTTTACCGTTGAAGCCGGTTATTCTGGTTTCCGGCCTGAGACCGGAATTCCAGGCTGGTGAATTTTTACTTACCTTGCTCAAATAAAACAGCAGTTCACCACTGCGCAGACGTTTAACCGCCGGTACAATACCAACAGCCACGTCCTGAAAACGCTCCGGTATCATCCACCGTGCTATAATGTTTTCAACGCGCTGCAGAGGAATCACAAAACCAATACCACTGGCATTTTTGAGCACGGCGCTGGTTATGCCGATCATGCGTCCATTGATATTGATCAGTGGACCGCCGCTGCTGCCTGGCAGGATATTGGCATCAGTCTGGAGGATATCAGAAAAAATGGTTTTACCCCTGTAGGTAAATCTGCGGCCAATAGCGCTGAGGACGCCCCTTGAAATACTGCTGCCGAGACCGAACGGGTTTCCGACGGCTATCACGGTTTCTCCAAGCAGCAGATCGCCCGGAGAAGCAAATTCAATTGGATCAAGTGGGGCGTGCAGTCCGGAAATTTTCAGCAGGGCAATATCATTTAGCTGGTCACTTGCTATCACTTTGGCATCATAATCTCTGCCGCTGTTCAGAATTGCTCTGATTTTAACAGCCCGGTGGACAACATGAGCATTGGTGATGATAAGGCCGTGACGGTCAATTATAATACCACTCCCCAGTGAGTAGCCGTTATCATTATCCAGCAGCAGTTCGTGCGGGTTCATGCTGAATATCTTCTGCACTCCAGAATCCGCCAGGCCGGAAATTGGTGAGTCAAGTATCTTGCGAGTGCTCAGATTTACTACGCTGGGGAGGACCTTGGCTACAGCCTCTACAGTCGGAGTAATCCGGTTGGCACGGGCCACATTTACCTGTGCCAGGGCTGTAAAGTGCCCGGCGGCAAGTAATAAAACGGCCGTAATAATTTTTATATAATTTGACATATATATAATCTCGCAGGATATTTATATTTATACGGCAGTAAATGTATATGATGATAGTTGATTTTTCAAATGAATCTGATGTCTAAAAAGAAAGCTTTAGGAATTAAGTTTGCACTAAAAGTGGTTTAGTATGGATATTTTACGCAACGAGTACAATTCAGGATAAGTTTGTTTAAGAAATAAGCTGAAGCAAGGGAGCTTCAGCAGTCGGCAGACAGACAGTTCAAAGTTGGCTGTTGATCATTTTCAGAATATCTTCTGTAGCATGAGGTTTACTTAAAGCCAATGCTTTTTGTCCGGCTTTTGAATAGCCGGCCGGGTTATTCAGCCAGTCAGACATTTTAGTTTCGATATATTCCGCTGTGCATTTAGCGTTATCGACAACTTCAGCAGCTCCTGAATTAACCATATATTCTGCATTATCCCGTTGATGCCCTTCCGCGGCATAAGGGTAGGGCACCAGTATAGCGGGTTTCCCAAAGATACAGAGCTCCGCTACAGTGCTGCCGCCGGACCGTGAAAAAACCAGATCCGCGGCTTCATAAAAATAGTGCATTTTCTCGACGAAGGGCAGACACAGTACAGGATGAACAGCCGCAGCGTATTCATACTTCACATCCTCAAATTTTCGAGGTCCGGTAAGGTGCAGGATTTGAATGGGCATTTCCTGCTTGAGCAAGGTGCGTGGTATGGTTTTATTAAAAATCTGCGCTCCCTGGCTGCCGCCGAAAATCAACAGAGTCGGCAACTCCGGGTTCAGGTTTGCCTTGAATATACGGTTGAGCTTGCCGACTGCAGACGGTTTATCAAGCTTTTCATTCAACAGTTCGGTGCGAACCGGCATACCTGTTATTTGCAGCGGACACTTGATTTTATGAGCATTTACAGGCGGGAAAGCGGTGCCAAGACACTTGGCCCATCTGCTGAGAAAACGGTTGGCTTTGCCAATGCGGGCATTGCCGTCGTGCAGGAAAATAGGAAAACTGCAAAACCTGGCAGCAAGAATTACCGGCAGCGAAGCAAAACTGCCCATGCCTAAAACGGCGTTTGGAGAGAATTTTCGCATCAGGCGCATTGAAGTAAGGGTTCCGGTAAACAGTCCGTAAAAGAATTTCACCGCACTAACAGGATTGCGCGGACTTGGCATCGGCTGCAGTCCTATTGCCGGAATACCCTGAGCTTCAGCTACGGCAGTTTGAGTTTTTATGTTGCGGCCGCTCAACAGCAGCAGAGCCTCACCGCCTGATTTAATAAATTCACGGGCGATGGTTAATCCGGGATAAAAATGCCCTCCGGTCCCTCCACAGGTAATAATGAGTCTCTCCAGTTTCTGCTTCTGCTTTTTCATGTCATTTGCCGCTTCTCTTTAAAAATGGTATTCTTGATTTTATGGTCTCCAGCATTTCATCGCTGAAGCCGGGGGAAGCTGTTTCCACAGCAATACTGAGCAATAATCCCACAGCGATCAGGGCCATTAATAAATTACTGCCGCCATAGCTGATGAATGGTGCCGGCATGCCCTTGGTTGGAATACCGCCTGAGACCACCCCGATATTGATAATAGCCTGCAGGGTGATGATCGCGGTCAGTGCCAGTCCGAGCAGCATGCCCTGTCGGGTTCTTGAATTCATACTGATTTTCAGCGCAAAAAAGGCAAAACATAGATAAGCAAGCATCACCATAACCAGCGAAATCAGGCCAAGTTCTTCCCCCACAATTGAAAGAATAAAATCGGT
CP119760.1_gap15	718437	723419	4982	GCGGAAGATGCTATAGAGCAGGAACCGCAGGAGCAGGAAGAGCAGCAAAGTCAGGATATTGAAGGTAACTCCTCTGAAACGGCGGATAACGATAATTCGGTCGATGACATACTGGTTCAGGCACTTGACCTGAATACCGGAGCCGATGGTGAACGGATTGACGTTCTGCTTATATCTGAATCCCTCGAAAATGCTGATGATCTTTACGATGCTGCCGACAGCAATACCATCGTGATTAAATACAATGCTGATTCCACCACCGCAGCAGAATTACTGCAGCAGATTACTACCGCCCTTGAAGGCAGGAAAGCCGACTCAATCGGCTTTGTCACCGAATCGGCTGAAGATGCCAGAATACAGGTTTTTGCTGACAGCGAAACCACCCTTGAGTCGATTTCCAGCGCGACTCAGCAGACCTTCTGGAATGGTGTGGAGAATTTACTTGATGATGGCGGACAGGTAAACCTTTTTGCTTCTGATCTGGCCTCCACGACTGAGGGCAGGGCACTGGTTAATGCCATCAGCAGTACTGTTGATCATGACGTACATGCCAGTGTTGATACGACAGGTGACGCTGATGCCGGCGGTGACTGGGTGCTTGAGTATTCCTCTGAAGGCGATGCTGACGGTACGGATATTGCCGCAATGTACTTTGATGAAAACCTGATTGAAAACTTTGATGCGATACTTGAAGATCATGCTGAAAAGCAGAAAGCTGCGCAATGACCTTGAGCTTTTTCCTGGAGAACGCGATATTCACGGATTGAAGACCTGGATTATTTTTGATCCGGTTGCAGACGCTTATTTCCGCATTTCTAATCGCGATTATATTATAATCGGTATAATATCCGGAAACATGGAGCTAGAACAGCTCCAGACCAAGTTGAACGGACTGGGACTTCAAGCCAAAAAGCCTGAATTGATGAAACTTATCAGCTTCCTGCAGCAGAACAGTCTGACTTCTGTAACTTATCTTGCTTCAGAAGCGAGAATCAATAAAATGCGTCGCCTGAAAAAGCAAATGTTCTGGCATGTATTGTTGTCCTCATACCTGTTTTTTCGAGTGCCGATATTAAAGCCGGATCGCTTTTTAAGCCGGACTCTCGATACAGTCAAAGCCGTTTTTAACCGCTGGACTCTGAGTTTGTTGTGGGTTGTGGCAGTGGCCGGATACATCTGCCTGGTAATGAACCTGCACCAGTTGGCTGATGTCTTTATCAAGTCCATATCTTTTCAAGGGCTGGCACGTTATTCAATTGCGGTGGTGCTGATCAAGTTTATTCATGAGTTTGCTCATGCTTATACTGCCCGGGCATTTGGGGTAAGGGTCCGGCGTATGGGGCTGGCATTTATAGTGTTCATTCCGAGGTTGTATACTGATTTGACTGATTCATGGCGGCTGGCCAGCCGCAGAAAGCGCTTTCTGATTGACGGTGCCGGAATCATCGCCGAGATAATAATAGGCGGCTGGGCTGCCCTGGTCTGGGCCAATACTCCTCCCGGTCTGACTCAGACTGTGGCTTATTATATTTTTGCGGTAAGTATTATCAATACGGTTTTGATCAACGGCAACCCGTTTATTCGTTATGACGGATACTACATGCTGATGGACATGACCGGTGTTGACAACCTGCAGCAGCGGGGAATAGAGAGAGTGAAGAACCTGTGGCGAAAGTATTTATTCGGTATTGAGCTGCCGCTCTCTGATAATTCCTCCGGCTGGAAATTGTGGTTTGTGGTGTTATTTGGTATTTGCGCTTTTGTATATAAGTTTTTTCTTTACACTTCAATTATTCTTATTGTGTATTTTAAGTTTACCAAGACTTTAGGAATCATACTGCTGATTCTTGAAATTCATCTGCTGGTTTTAAAACCTTTAAAGAGTGAGGTAAAGTTTTTGATCATGGCTCGTAAAAAATTCAATCGGAGAAAGTTTCTATTATCGACGATCGGTTTTGCTGTTTTACTGACTGGAATAATACTGCCGCTGCCCTGGGATATACAGCTGCCCTGTGAAGTGAAGCCAGCCGATTCTGATATTGTCTCTGCCAGATATGACGGCTTTATTGAATCGCTGCCGGCCAAAGATGGTCAACTTGTCCGCAAAGGACAGTTGCTGATGCAGCAGCGGAATCCTTTTTTGGCATGGCGACGGCGGGAGGCGGAAATTGATAAGAAGATCAGTCGTATAGAGGTTGATCAGGCACAGAGCGACAGCCGAAAACTGGGGCAGGTCAGTTTAAACCTGCAGGTCTGGAGAGACAGCAGCGACTTATTAAGGGAACTGCAGCGTAAACAGTCTCTGCTGCAGGTAAGAAGTTCTCTTGACGGTAAGTTTGTGCTTTGGGACCGGCACTTGAAGGCTGGAAAATGGCTGACCAGAGGAGAAGTCATTGGTGAGGTTTTTGAGCCTGCATATAATATCATAACTGCTTATATTACTGAAGATGATGTTAGAAAAATAAGGGCTGATGATCCGGTTAAGGTATGTCTTGAGGATGAAATTAAATGGCATACCGGCAAAATATCTGCTGTAAACCCGGTTCCGGCGGCAATGCGGGCTACCCCTTTACTGCAGCCGTTCGGCGGCAGCATTATCTGTTATCCGGTTTTCGGTGGATTGTTTAAACCGCTGCACAGTTGTTATCGGGTGGATATTATTGTAGAGGGCAGAGACATACTGCCCACCGGCCGCACCGGAGTTGTTGTGATGCGCAAGTATACTTCACTTGGCGGCAGCTTGCTCAGAAAAGTTTTATCTGTTCTGCAGCGTGAATTAAGCTTTTAGCCAAGATTTAAAAAGAGTCGAGAACTGACTTACTGGTCCTGAGGTTTTTCTTCCTCTTCCTTTTCCTCTTCCTCAACGTTCATTGATATTCCTGACTCTTTGACTACCTGAGTTTCTTTGCTTTGTTTTTCATCAGGTAGTTCGCTGGTCTTATTACAAGTTGAGCAGCTTGATTTGTTTGAAGCGGTTTTCATGAAATACCTTACCAGAATAATGATTGCAATAAGAAGCAGAATTATAATTACCAGGTGATGCATAATAATACCTCCGTTTTATTAAGTCCCTATATTGAAGATACATGCGGGCAAAGTAATTTGCAACCGGCGACTTGAAGTCATTGCAGTGTACGCAGTAGCCTGGACAATCCGGCTTCACATGTATACGAGAGGCGCAGGACAGGCGGCACTGTCGCTCGACTGGACGCACAAAGCCGGGGACTGAAGATGTCCCCGGAGAAGGCTGGGTTACTGCTGCTTGACCAGCTCAATTTTATAATTGCTTTTCCAGGATTTTCCTTTTTTGAATGCCCTGATTTTATATTGTTCTTTCCAGGGAGTTATGCCGGAGTAGAAGTCTATATTTTCAGCATCTATAAATTTCATTTTGAAGTTGCTTTTTGCCCCTGCCGGCTGATCCGGCATCAGCAGCAGACATTTGGCTTCCGGTGAGTTTGGTTCTCCAAATCCGGCAAAAATTATTGAGGTTGAGGCAAATTGTGACAAGTCATTTATGTTTAGCGGCAGCTTCTTTTTTTCCATTACATACAAACTAAGAATGTGAGGAAGCATGAAAATTTTTTCTTTGACAGACTTACTGTAGAGTTCCCGGTAAGACATTGCCGCATCCTTCTTGAATTTTCTTAAGTACGGCTGAAGTGAAGCCATTACAAATTCAGGATCTTCGCTTTTATAGCTGCGCAATGCCTTGCAGGCAGCTCTGTATTTTTCTGAACATAATTTCAGTTCATTGCGGAGAAATGCCCTGTATCCTGCCAAATACAGTTCAAGTATCGACTTGAGAGCTGTTTGGGCAACAGAGGCTGAACTGTTGCCCTCTGACAGTTTAATCTCAGTAACCTTCGCCGCTGGTTTGCTGACATTGATTTCTTTTACCACTTTTTTTCTGAAAGGTTTAGCCAGTATTTTTGTGTTGCTGCTCCAACTGAGAGTTGCTATAGTTGATAACCGGCATATTTTAATATCGCTTTCATCCTGCAGGTTAATCAAATGCAGATTAGATTGCTTTGCATTAATGTAGGCAAGTTTGCTGCCGTCAGGCGAGAAAAGCGGTTTTAATGCTCCGCCTTGAGCTAATGAAGTTAACTGCCGGGCTTTTCCGTCTGGATAATCAGCGATATACAATTGACCTGAAGCCGGGACGCCCCGAAACCAGTGACCGCCTGTCTTGAAGTTCCCGGAGAAAACAATTTTCCTGCCGTCTGGAGAAAAAACTACTCCACACCCTTTATAGCCGGTCTGCTGTACCTTGCCGCTATTTACGTTCACAGATACAATCTCATGCTTATTTGTGTAGCCTTCACTACTGGAAATCAAAACTTTTGTAGAATCCGGTGACCAGACGGGGCTGGTTTTCATATTACCCGATAATATAGATTTTATTCGCATAGTCTTAAAATTTAAAACATAAAGAGCTGATTTACTGTCCTCGCTTCCTAGAAAGGCCAGTTTGAGCCCGTCCGGGGAAATCGCTGAGTAAAGTGGGTTATATTTCTCTATTATGTCAAGATTTAATATTTCTCCACTGTTTGAAACAATCATTATACTGCCGCTGGTCATTGGCACTCCAGCATTAAGATTCAGTTTTTCAGCGGTAGCGATTAAAACTGGTCCAAGACCGACTAATGCTCCGCCGTTAAACGTAGCCTCAATATTGACTCCGCCCAGAAAATCGGCGATATTTTCAATTTTTCGGGTTTTGAGATTATAACGCTGCAGCGAGCTGACAAGGCTGTTTTTCATGGTGGTGTCATACCATATATACTGCTGTCTGCGGTAGTTGCTTTTTATGACAGAGTCAAGGAACTTCTGAGCTCTGACCTTATTAACAGCGACTTTTTTGCCGGCGGAAACGCTGGCTGAATATCCTGACTTGACAACCTTGTTTGAGGCTTCAGCCGGAGTCACTGCAACCGCTCCGCTCAAAACTGTCAGTACTGTCAAAGCGGGAATTCCTT
CP119760.1_gap16	772668	777211	4543	ACTGTCCCGGAACCGCGTATGCTGGTAATTCAGCCCTGGGATACTTCTTCCATGTCAGTTATTGAGAAAACTTTGATTGCTTCAGATTTGGGGATTTCACCTGTTAATGACGGCCGTGTACTCAGGCTGCCGATTCCAGAACTCAGTGAAGAACGCCGCAACAGCCTGGTAAAGAAAGTTAAAACCCGTTCTGAAGATGCCAAGATTGCTATCAGAAATATTCGCCGTGAAGGAAATGATATTGCTAAAAAGGCGGAGAAAGCCAGTCAGATTACTGAAGATGATTTGAAAGATATGCTTGAGGATATTCAGAAACTCACTGATAAATATATAAAGAATATTGAAAAAGATCTGGTTCAGAAAGAAGACGATCTTATGAGCGTATAACGTATACTGCTTGAGGCGCCCGTTCAGGGCGCTTTGTTTTTATAAGTCCGGGGGGATATGAGTAAACGCAAAAGGTTCTACATTCTGCTTGGGGTCATAACTCTGATTGCACTGGCGGTCAGGCTGCTGGCTTGTTTTGAGATGCAAAGCTGTCATAACGGCCTCAATCCGGTGAATTGTCCGTCACGCGCGACTGACATGCTTACCTACATAAACCTTGCAAGGTCAATTGCAGCCGGCAGCTTTACTGGAGTTTTTTATTACCAGCCTTTTTACTATGCGGTTTTTCTGCCTTTGATTTATCTGGTTTTTGGCACAGGTATCTGGCCAGTTATTATCATCCAGGCGCTTCTCGGAGCGCTGACGGCAGGCTTGACCGGCTTGACCGGAGCAATGCTCTGGAGCAGAAAGGCTGGTCTGGCGGCGGCTGTATTGACCGCTTTCTCGCAAATGCTTATCTTTTTTACGCCTTTTCACATGATAGTGAATCTGCAGGCATTCTGGTTGACTATGATATTATTTCTGGCTGTAGCGGCAATGCGCCGGAAAAAGTTCTGGATATGGTGTGCCTGTGCACTGGTCACCGGCTTTGCGATTTTGACTCGCGGCAATGTCTGGTTTCTGGTGCCGGGTATTCTGCTGGCAGCCTGGTATTCCATGTGGCGTGATAAGTCCCGTTCAAACTTTAGATTTAAAGCGTGGCTGCTGCCGGTGGTCATGTTTATTATGGTGCTGCTGCCGCAACTGCCGTTCGCCTGGCATAATTCCAGGGTTCTTGGGAAAATTTCCGGTCCCTCGACAGCCGCCGGCAATGTGTTGGCGCTTGGAAATACACCGGAGTCACCTCCTGGTGGCAGAAACCCGGGGCTGCCCGCGGGACCGATGGAATACCCTCCAACTTATTACAGCTGGACCGCCGATATGCAGCAGGTTTCAGTGGTAACAAGGATCTGGGGCTGGATTTATCAGGAACCCGGGGCTTTCCTGGAGTTGACCTTCAGAAAGCTGCTTTTATTCTGGGATTGCCGCGAAATACCTAATAACGTGGCTTTGAACAGTAACGTCGGGCGCACGGCAATAATAAAGTTGAGCAGAATATGCCCATCGTGTTTAATCATTGCGCTGGCTTTGGGTGCTGTCTTTGTACTGCCGGCATTGATTCTGCGCCGTCGCAGTGTCAGACTGGCTCTTTTACTATATTCAATTTTTGCGTATTGGCTGGCAACTGCGGCATTTTATAATCTGGCCCGGTTCAGGGCACCGCTGCTGCCGCTTCTGGCTTTACTGGCGGGGATTTTCATAATGCGGTTTATGCAATGTCGCCGAACCATGAAATTTGGCGGCGCTTACCTGATTTTTTTTCCTGCAGTCGCGCTTGGCAGTTTTATAACTTTCAACTCTTATGATCTATATCGTGGTTATGTGGAAGCCAGTGTGATGACCTGGGTGAGGCCGAACGGAGTCAGAGTGGAGCTCGCTCCCGAAAAAACCATGTATCTGGATAATGGCCCGCTGACATTCGGCGGCTGGAAGCCATTGCTGTTGTCTTCCGGAACCCGCATATCCAAGCGGTTTGAAATAGAAAAGGGCACGCCGGAAACATCAAAGGCCGATTTTGAATTATCGCTGCTTTTTGCCAAGCCAGGAGAAGTGATCGTGGAACTGAATGGTAAACGGTTCAGTTTCAAATCGGAACATATGGGGATTATAAGCAGAAGATTTGGCATCCCTTTTAATAATACTGGCCTGGTGGAGCTGGTGATTCTGGGAAAAACCGGAGATATCTACTGTCTGCTGGATCAGCAGCGGATATATGGCAGAACCCTGCTTAGTGGAAAAAAAGAAAAAGCCGAGCTGGTATGCCGGCTTTTTCTGACGCTTCCCGAAAGTGCTACTAGTATTCTTTCAGCGCCATCAGAAATATCTCAATGAATCTTTCAGCTTCCCGCATGGTAGATTGTGGTGAAAAGCTTAGTCTTATGCCAGAAAAAGCATCGCTTCGATTGAAGCCCAAAGCAGTCAAAGCCTGGCTAGGCCGATCGGTTTCCGCCTGACAGGCGCTGCCTGCCGAAAAGTAAACTCCATGCTTTGACAGCATGCGAACCAGGACTCCGCTTTGATAGCCGGGGGCTATAAAGTGAAGAATATACGGCGAACTATTTTCTGGAGAAGCTGTATATTTTATCTTCTGATGATTTGGCAACGGTTTTCTTGAAAGCCCCTTGCGCAGGAAATCATTTATCTGCTGCATTTTTTTGAAAGACGCTTTCATTTCAAGGCACCGTTTCTCAATACAGCGTGACAAGGTGATCGCTGCAGAAGGCTCGGGCCTGCCGGCCAGATACTGCTCTTTTCGACAACTTTCCAGCCAGGCGGCCAGTTTTGCTGCCTGCTGTGAATTCTTGCGCATTACAAGTGCAGCTCCACCGGGCGATCCCAGTTTATGACCCGAGGTGGAAATTATGTCCAGTCCGGACTTTTCCCAGGGAATTGGAATTTTGCCGGCTGACTGAATAGTATCAGCCAGAAACAAAGCTTGAGGAGCGCTTTTCCTGAATGCTTCACCAATGGCGGCAAGGTCTTGAATTATGCCGGTTTCGCTCTGAACATGATGAATTGCCAGCAGCCGGGTATTCCTGTCTGCTTCCTGCTTGAGATGTTCGAGGTCAATACGGCCGTTCTTCAATCGTAATACCCTGACTTCAGCACCGGTCCTTTGCATAGCTGCATGCAGGGCAGGGTGCTCCAGCTCTGTAGTTAAGATATTACCGTCTTTGAAGTATTCAAAGCTGCTGAGCAGCCGGAAAAGGTCAGTGCCGCAGCTGCCGAAAAAAACTTCTTCGACATTGCCCGTCAGGGCTTTTGATATGCGGTCCGCCGCATCTGATAAAAGCTGCCTTAGTTCATATGCCAGGTCATGTGCCGCTTCCTGATTGGCATACCACCGGGAAGCGTACTCATAACTTATTCCGAGAATATGCGAATCCGGTACTGCCGAAGCGGCATTGTCAAAATATATTCTGGTTTTGAGTTCACGGTCCATGATAGATCCAGTTTTTTGAGGTCAGCTGCTGCGAACGGTTTCCTTGTCCCGTTCCGCCTTGGATTTAACAGAGGCTTTTTCCACCGCCATGTCCTGTTTCAGCTGTTCAAGCTCCTCCAGGCTGCCTGCGTTTTTCAGTTTTGAGTCATAGGTTATCTCAATTTCAGCCAGTTTGGATTTACATATGCTGTCAATTTCAGCTATTTTGTCTTTTTTTTCCTGTGACAGTTCCTCAATGGCTCCTCCGGTTTTTTCCAAAGCCAGTTCCCAGGCACTTTTCATATTTCAGCCTCCACATATTTACGGGAATCTCAAAAATTGTATGTTTCTAATGTTTTCGACAACCAGTTTTAATCTGTTTACGAGAATTAATCTAGCTCAACCTTTTAAGTTTTCAAAAGGCGCAATAACAACTTTACTTAAGGTCGGATGTAAACTCAACCACTTCATTATATTTCAGACTGCCGCCGAAAATATCAAGCGCGGATCCTACGGTAAAGTCAATTCGGGCATTGCCTGTTTCATGAACAGTGCGGATGTCTTCAAGAGAACGAATACCCCCGGCATAGGTTGCCGGTATCGGACAGTTATCACCCATTATCTTAAGCAGGTCAGTGTCTATACCCGCTTGTTTGCCCTCGACATCAACGGCATGAATCAGGAATTCGGCGCAATATCCGGCAAGCTGTTTCAGGGTACCTGCATTTACCTCCATACTGGTGAATTGCTGCCACCTGTCTGTTACAATATAGTATCTGCCGTCCCGTAATCTGCAGCTGAGGTCCAGCACCAGAGTGTCACGTCCGATTACAGAAAGCAGCTTTTTCAGACGGTCGATCTTGAGCTCGCCATCAGAAAAAACATAAGAGGTCAGGATAATATGCGACGCTCCAGCCTCCAGCCACTCAAGCGCGTTATCAGCATTAATGCCGCCTCCAACCTGTAATCCGCCCGGATAAGCTGCCAGAGCTTCTCTGGCGGCACTTTCATTGCCGGGGCCAAGCATGATAACATGGCCGCCGGTAAGCTTGTCCTGCCGGTATATCCTGGCATAATGAGCCGGATTATACTCTGATTCAAAATTTGTGCTTACTGAAGTGTCGTTATCTGTCA
CP119760.1_gap17	785659	790188	4529	ATGTTCCAACCCTGATTATCTGGGGTGAGGAAGATGCTATAATTGATGTTGAGGATGCGTTTTTGTTCCGGCATGACATGCACTCCGCCGAGCTTAAGATTATTCCTGAATGCGGACACTCACCGCAGGAGGAAAACCCGCTGGCCGTTGCTGAACTGATTGCCGGTTTTATCGGGGTGCCGCTGCCTGAGCAGAAGGTTCAGGAGATTAAGCGGGAAGAACAGCGGGAAAAACTTCAAGAGGCAGCTGAACCGGTAGACTCTCATTCTAAGAAGGATTCGGTAAAAGTTTCAGGAATAGAACTGGCAAAAAAACTTCCTAAATCAGTGCATGAGGTTATTGAAGCTTCCGGGCATTATGTGCGTAAGTTGAAGATGAGGCGTTTGATTGACCGGTGGAATCTTGAATCGCTGATACTGATTGCTTTTGTGAAAATTCTTCAGTTTCTGAAAAAGCTCGGATTTTCCGCAGAGGAAAATGGCTGGCGCAAAGCATCTGGAGTATTTTTGCGCAATGAGCACTCAAAATTTATCTTGACCAGCTTCAGGTTGAAATATTATCCTGAAGGGGAAATACCTGATGACTTTGACAATGCCAAGCAGGTGCTTATTGAACACCTGGCCGATTTTTTGCGCCAGACTCCGGCTTGCCACTGGACTCTGGAGTATGGTTTTATGCGGGCAAGGCGCAAAAAGGTGTTCTTTACTGATCTTTGTGAAACCCAGTTCAGCAGCGATGGACTGCTGGTTGCCCTGAAGCCTTTTTTTGATCGTTCGCGCCCGTCTTTTGAACTCCTTACGGAAGAGCTAAGGGCTGCGGCTTTGAATGAGATTATCCGGGTGTTCAACCGCTTCAGGGAAGTCGAGGACAGTAAGCGTGGCTGGCAGGTGGCTAAAGCCCTCAACCGCTGGGTGCGCCGCAGGCACCGCATGAAATATGCTGTAAAGCAGGAACTGCATCAATTTATTGAACGGATCTTGAACGGAACCGCCATTCAGTTTGAAACGCTTACAAATAGTCGGGATAAACTGACTAAGGCCCGTCTGGCTACCCCGAATATGAAGAGAAGAATGCATCCGGGTAATGGTTTGTTGAACATAGTATGCCGCTTCACCCATGATTACAAGGAGGCTGATTTCTGGTTTCAGTACCACCATGTGCCAGTTGACGGTATGCCGATGCAGGAAATGCTGGAAAAGCTTAAGGAGCAGTGGGGTGATTTCGGCAAGATTAAATATCCGGCACTGAACAGCAGAGCGGCCAGGCCGGAGATTTTTTACTTTGGCAATAGAATTTTCCGGGCAAGGATTTATGTCAACTTTGATATTCTCCTGGGGGTGCGGAAATATCTAAACGATAAATATTATGCCGAAATGGGCGGTCCAGCGACCATCTCTTCGATGATGGTGTGGGGATTAGCTCAGTCGCCTTATTTTCAACAGCGCAAATTTCTTTTGCCGGTAGATACTTCATTGATTGTTGATTATCCACAGGACAGGAATATCAGCATTGTGATGATTCGCCCCAGCAAATTCTTCTGTGAACGCGATCCGCTTGACGGGTTTCTTCGATTTCAGCGGGAATTCAATCAGCGGCTGTTTGCTACGCGTATGGGAAAAAGTGAAAGCTATGAACTGCTTGAGCTGTATTCAATGATTCATCCGCTCTTCTATTATATCGCCGGTTACATGATGCCTAAAGGAATTGGCGAACTTCTGGGAACTGCCGGTTTAACCATTATCAAGAATGCTGAAATGTTCATCAGCCCGCTGACCGATCTGCACTTCAACGGTTTTGTCGCGCTGGGTAACCTGAAAGTTCCAACGGAGGACGGCAGAACCGCTGGGGCGGTAAGTATCTGCGGTTCCCGGGAGCGGGTAAAAGAATACATTAAGGCAATCCAGGAATTAAGCACAGGGTATGCTGACTTTCTGGATCTGGATCTGCACATTTAGTCAAGGCTGCAATAAAGCCTTGAGTCGCGTCTGGATGGATCGCCCACCGGCTGGCCCTGCGACAATAACGATTGCCAAAGCCGATATCAACACCTGGTATTCTCTCCCAGTATGCTCCTGTAGCGAGGGGGTGTCCGTTGTTGTTTTTTGAGGCTATGTCGTTTGTTATAAAATTAATATAGTTTTTTGATTTATGGTAATGAAATGCTATTATTTATTAGGTCTTATTAAAAACTGAGGATTAATATGAAATTGCGCAGACAAGACATACAGGTATTTGCGGTATCTTCTATCGGGGGAGCATTGGAATTTTACGATTTCATCATTTTTGTTTTTTTTGCGCATGTTTTTTCCAGGCATTTCTTTAATGCTGAGGTTTCCGGTTTTGTCAAGCTGTTATCGACATATGTGATTTTTGCGATCGGTTATTTTATTCGTCCTGTCGGCGGGATGATTCTTGCTCATTTTGGTGACCGTTACGGCAGAAAAAAGATTTTTTATTTTTCGATTCTGATGATGGGGATATCTACTCTCGCAATCGGCTTGCTGCCTGCTTATTCGCATATCGGGGTTGCGGCACCGCTGTTGCTGTTGTTTTTCAGGATGTGTCAGGGGTTTGCCCTTGGGGGAGAGTTGCCTGGTGCGGTTGCATTTGTATATGAGCACCTTGATGGGAAATTTAAAGGGCTTGGAGTTGGCTTGCTTTATTCGGCTCTGCTTTTCGGTATTTTGCTTGGGTCGCTGGTCAGTGCCTTTGTCTTCAGAGTATTCAGTAATGCTCAGATGCTGGCGTTTGCCTGGCGAATTCCATTTATTTTTGGTGGAGTGCTGGCGTTTATCGGGGTTTACCTGCGGCGCAATATGCAGGAAACACCGATTTTTATGGAACTTGAGCGATGCAGAAAACTTGAAAAAATTCCGCTGCTGACATTAGTGCTGAAATACAAAATGAACTTGCTGAAAGGGGTCACTAATTCTCTGCTGGCTGGAACCGAAACTATGGTTTTCCTGATTTTTATGCCGGCATACTTAAAATCCGTTTACAAGTATACTTCAGGAAGTGTCTTTATTGTAAACAGTTTCTGTCTGGTTGTCGCGGTTCTGGCGACAGTTGTTTTCGGGTATTTAACCTGCAAATTCAAGAAAGAAAAACTGTTTTATTTAAGCACACTTTTCACCCTGATAATCTCAATACCGGTTTTTTATTGTATTGCGCATGGAGAGTTTGTCGGCTATACTTTGGGGATGCTGATAGCGGGGGTCCTTACCGGCGGCATCCTGACCTATCCGCTTCTTCTGGTAGATTACTTCAGCCCGGGGGTCAGAATTTCCGGAATATCATGCTGCGTAAATATAGCTTTTGCTCTGGCAGGTACAATTCCGGCTTTGACAACTCTGTTGAATGAGGCCCTGGGAATAAAGCATGCTTTGCTGTTGATATTAGTAGCGGTTTCAATGGTGACCTTACTGGTTGGAATGCTGCCAACCATAAAGCCAGCCGACTAGAAAAACACAGCCGGCAGTCCTTTGGATTTAAGGTTCTGCCGGCTATCGAGTAAGGGTGTTTGTTATTTGATTTTGCTTGGCTTGCACATTTTTTTCTTTTTATCCGAAAGCGCGCCGCATTTTTTGCAGACATACTTTGCCTTGTCTCTGGGCACGGTTGCTTTTCCTTTAAGGCACATTTTACACCTCCTTGCTATACTCCATATATATCCTTATTCGAAATATACCTGCAGCGGCAGAGAATATCCAGTTTGTGCCGCTGACCGCTTTCTTATTGCTAATCCTTGCAATTCAGCCACGGGGGTGAAACTGACGGTGGACTTTTAACAGCCGACGCTGATCAACATGGGTATATACTTGTGTCGTGCTGATATCAGCATGACCAAGCATTTCCTGAATAACCCGCAGATCGGCGCCGTTTTCAAGAAGATGGCTGGCGAATGAATGACGCAAAGTATGCGGATGGATATTTTTGCCGATTCCGGCAATCTTGGCTGCCTCCTTGACAATTCTCCAGATCCATTCCCGGTTCAGTTGACGTCCACTTTTTGAAAGGAAAAGTGCGGCCTCCATCGGGTTCTTAACCAGCTTCGGGCGAGTGTCATCAAGGTAGCGGTTTACGAAACGCAATGCGGTTTTACCGATTGGAACGATGCGCTCCTTGTTGCCTTTGCCTTTGACCCTGACAACTTCATCATCAAAATTTATTGAACTCAAAGACAACCCCGCAGTCTCAGAGACCCGCAGTCCGCAGGCGTACATCATTTCCAGAATGGTTCTGTTGCGAAAAAGCAGAGGATCTTTTGCCCTTGAGGGAAACGCATTAAGCAGACTGTCCACCTCTGCGGTACTCAGGAAATCCGGTAGCAGTTTCCATAATTTCGGAGAGTCCATTACTTCGGTGATGTTTTTCTCAATAACTTTTTCCTGGCAGAGATAGCGAAAAAATATTTTGACAGCGACCAGCCTTCGGGCCAGTGTTGAGGGTTCCATCCCGATATCTTTGAGGCTGCCGAGGTAGTCAAGGATTACATCGCGACGTACTGTACCGAAGTCGGAAAAGCCGTT
CP119760.1_gap18	797566	798437	871	CACATAATCAGATCGAATTTCAGTTGAGAAAGGAAAGTTCAATGAAAGACCTCAAGCTCGGCTCACGCAGGCTGGCGGTAATGCTGCTGGTTGTTTTTCTGGCTCTACCGGTTTTTGCTGAATGGCCATATAAAAGCCATAAAATAGACACAATTGTCTCTTTACTCTGCCGCAATCTGATAAAATCCAATGGATCCGTGTGGGAACGCTCCGGATTTATTCCGGGAGCAGTTATTGCTTCAAACAGTGAACACTCCACCGGAGGCGGCAGTTACTTTGCGCATTGGGTGCGTGACGGGGCCCTGGTCATGAACACGCTGGTTAATTTATATAAATCAAATCATAATGCAATGTATCTGGGATATCCGGTCAGTGAATATTTACGGAATTATGTTTATTTTGTCAGGGTTTATTCTTTAAAATCACTCGGTGATCACCTGACTCCGGCTAAATTCTATATTGAAAGCGGTGAAGCTTACAAGAACTGGAGCCATCAGGACGATGGTCCGGCCCTGCGCTCATCAGCGCTGACGAACCTGGCCTTTGAATGCTTGTACAACCCGGATTCTGATCAGGGACTTGACGAGGAATATGCCAGAGAAACGCTCTATCCGATTATAAAGTCAGATCTGGAGTATACCGCGCATCAGTTTTCGGAGGCTTTTAACCCGGGAAACAGCAAGGGCAAAACCACCAATCTCTGGGAGGAAAGTTATGGTTGTACATTTTTTACGGAGATTTCACAGCTGAAAGCGCTGCTGGCAGGAGCTGCTCTGTCGAATGATGAACACATTGATGACCCGGGTGCAGCGCAGTTTTATGTTGAGATGGCAAATTACCCATTAGAGCTGGCTCAGGCACACTGGCAGGA
CP119760.1_gap19	799732	802754	3022	CTTTTCTTTCTGGATGGCAAACTCATCCTCTGCTACCCATACGTATGTTTTTCCTTTACTGTAGACTAAAGCCTGGTCCGGGACCCAGATCTGCACGCCGGGCATTTTGCGCAGTTTGGCGGCTGGAGACATGTACTGGACTTTAGGCAGATTTACGTCTTCCGGAGAAAGGTCGGTTTTTGCGATCAGGTTATTATCAACAAACAGCACTATGTGATCCGGAAAAATACCTCTGGGACTTAACCATGCTGCAGACGGCGAGAAGTTCCCGGAAGGATACACCAGAAATCGGTTATTGACACTTATCAGGCCGGTCAGCACCTCATGCATTTTGACAATCACTCTGGCCGGTGACAGGATACATAGTTTGAGCACCGGATCTCCCGATTCGACAGAACTGCCTTCGGATACAAAGTTTTTCTCTACAACGCCGTCAAATGGAGCTCGCAGGTAGCATTTTTCCAGGTCCTCGCGAGCTTCGTAGACCTGCATTTTGGCAACTTCATAATCCGTTTTGGCTTTCAAGAATTCATTGGTGGCATCCTGAAACTGTTTTGTACTGTAAACGCTGCGTTCAAAAAGTGATTTAACTCTTTGAAAGTCCTCTTCCATATCCTTCACTGTCAACTGAGTTTTTTTGAGATTCAGCATTGCTACGTTCAAGCTGAGTTCCTGAATTTTGCTGCTGGCTTTGGCCAGAGTTCTGCCTTTTATGACTTCCTGACCGGAAGTGTTGAAAACCCGGCCGTATACATGGGTGTTGACTGGAATTACATACTTGATCTGGCAATCCATGCTGAAGCCCATGGTTATTGACCTGCCTTGCTCAACCTCTCCCAGAAAAAAAGCTTTCTGGCAGGCTTTATCTTTCATTACATAATAGGGCATGGTTTTCGGAGCTGCTGCCAGGTTCAAAACCGGGCAGAAAAGCGTTGCAATCATGACAGAAATGACAGGTCTAAGCATGGTTTTTCCTCAATTTGCTGCAAAATTCTCTTTATAGACAATATAATACGTATTATTATTTTTTTCAGTAAAACAAGACGGCAATTGCGAGTATTTGCATATTCCTTTAAGAAAATTTGCCTGGATGCTTTATTTTTCTGCTTTGCACTGTAGATTAACGTTTCTGGTTTGAACACTTTAACTTAGGGAGAACTCTAAATATGGGTATGACAATCACCGAAAAGATTCTGGCACATGCCGCCGGACGCGACCAGGTCAAGCCCGGTGAAAATATCTGGGTCAAGGCAAATACCTTGATGACTCACGACGTTTGCGGCCCCGGCACTATTGGTGTATTTAAACGTGAATTCGGCGAAGACGCCAAAGTATGGGATAATGAGGGAGTTGTAATTATTCCCGATCATTACATTTTTACTGCTGATGAAAAGTGTCACCGCAATGTGGATGTGCTGCGTAAGTTCGTGAATGAGCAGAATCTGCCCTATTTCTATGATCCCGCTACTGATGCATATTCCGGAGTGTGCCATGTTACGTTGCCGGAAAAAGGCCATATTCGCCCGGGTGAAGTGCTTTTTGGCACAGATTCACACACCTGTACTCATGGAGCGCTGGGCATGTTTGCCACTGGTATCGGCAATACTGATGCTGGCTTTGTCATGGGAACCGGGAAGCTGCTGGTAAAGGTACCGCCGACAATCAAGTTCATTGTAAATGGCAAGTTGCCTAAAGGGGTTACCGCCAAGGATATGATTTTGAAGTTTATTGGCGATATCGGTGTTGACGGCGCCACCTACTGTGCGATGGAATTTGCCGGTGACACCATTGAAGGCTTGAGCGTGGAAGAACGCATGACTATCTGTAATATGGCTATTGAAGCCGGCGGCAAAAACGGCATTATTGCTCCGGATGAAAAGACCATAGAATATGTCCGTTCCCGCACCTGCAAATCCTTTAACTGTTTTTTCAGCGATGACGATGCGGACTACAAGGCGGTTTACGAGTACAAGGCTGAGGACTTTGTTCCGGTAGTGGCTTTGCCTTACTCCCCCGACAATATGAAGACAGTTGCAGAAGCCTCTGATGTAAAAATTGATCGTTCTTATATCGGCTCCTGTACTGGAGGAAAACTCACTGACTTTATTTTTGCGGCTGAAATCTTGAAAGGACGCAAAGTTATGGTGGATACCTTTATTGTGCCTGCCACAGCTGAAGTTGCTGATGCCTTGAATAAAATAAGTATTGATGGTAAAAGTCTGGCTGATATCTTTATTGACGCCGGTTGTCTGGAAATTGCCGAACCGTCATGTGCTGCGTGTCTTGGAGGTCCTGTGGACACCTTCGGGCGCTGTAACAAAGCAGAAGTCTGTGTAAGCACTACTAATCGTAATTTCCCTGGACGTATGGGGTCAAAAGATTCGCAGACAATTCTGGCGTCACCGTATACTGCCGCCGCGTCTGCATTGAATGGCCACCTTGCTGATCCTCGTGGATACTTGAAATAAGCGGCTGAAAAGGAGAAATCATAATGGCTAATATTATTAAAGGCAGAGTATTTGTCGTAGGCGACAATATAGATACCGACCAGATTATTCCGGCTCAGTACCTGAATCTGGTGCCCACTATCAAAGAAGAGTATGAAAAGCTTGGCAGTTACGCGCTTATCGGACTGCCGGATGAATACAAGACCAGATATGTGGCAGAGGGTGGCATGAAGACTGAATATCCGATTGTTATCGGCGGCAGCAATTTCGGTTGCGGGTCCAGCCGTGAGCACGCTCCAATCAGTCTTGGAGCAGCCGGTTGCAAGGTTGTCATTGCCAATTCATTTGCGCGTATTTTCTTCAGGAACTGTATTGCAACCGGGGAAGTTTTTCCGGTTGAGATAGATGACCAGCTTAGTAAGAAGCTCCAGACTGGTGACGAAGTTGAGGTTGACCTTGATAACAATACCGTAAAGATTGTTACTTCCGGTGAGACTCTCGAATCCCGTGACCTGGGAGCGGTCAAGGAAGTGATCAATGCCGGCGGCATTTTTAATTACGCTAGAAAATCAGGC
CP119760.1_gap20	876792	877846	1054	CCGAAAAAGCGGTAAGAAAAGGTAAAAGCGTTCTGGTGCTGTCCGACCGCATGCTCAAGGCGGGACAGGCCCCGATTCCAGCGCTGCTGGCAACAGCTGCCGTCAACGCGCATCTGGTCAAGACCGGGTTGCGAACCAGTGCCGGTATTGTGCTGGAAACCGGTGAAGCGCGTGAGATCATGCACTTTGTACTGTTGCTGGGATACGGAGCAACAGCAATTAACCCATATCTGGCGCTGGAAACCGTAACTGATTTGGCCAAGAAGAATCATTTGAGTATTTCCGACGTAAAAGCTACTGCCAATTATATCAAGGCGGTTTGTAAAGGCATTCTTAAAGTAATGTCCAAGATGGGAATATCCACTTTGCGCAGTTACCGTGGTGCTCAGGTGTTTGAAGCAATCGGGCTCAACAATGAGATTATCAACGAAGTTTTCAGTGGTACTGCCAGCCGGATCGGCGGCATTGGCTTTGAAGAAGTCGCACAGGAGACCAACACCCGCTACCTTAAGGCATTTAAGCCGCAGCAGCACCTGCCTTTTATGCTCGAAAGCGGTGGAAATTATCACTATCGCCAGAAAGGTGAGCAGCACCTGTGGACGCCCGATACGATCAGTCTTTTTCAACAGGCAGTTCGTGAGAATAATCAGGAAAAGTACCGGAAATATGCTGATTATATCAATAATCAGGAGAAACGGCTTTGCACATTACGTGGACTGTTCAAGTTCAAGCAAGCCAGATCAATTCCGCTGGCGGAAGTTGAGCCGGCCGCGGATATTGTCCGGCGCTTTGTATCAGGAGCGATGTCTTTCGGCTCTATAAGTCCTGAAGCGCATGAAACTATTGCTATTGCCATGAACCGGATTGGCGGTATGAGCAATTCCGGGGAGGGCGGCGAAGACCCGAAACGCTTCAAACCGCTGCCTGACAATGACAGTAAATGCAGTGCAATCAAGCAGATTGCGAGCGGCCGGTTTGGCGTCACCGCCGAATATCTGGCTAATGCGCGTGAACTGCAGATTAAAGTTGCCCAGGGAGCGAAGCCGGGTGAGGG
CP119760.1_gap21	882408	883132	724	CGTAAAAAGATTTTTTCTAATCAAAAAGATAAAAAAAACGTAATTTCTGCATAAGGGTGATTTAAAGATGTTCTTAAAGCTGCAGTCAACTTATTGAAAAAGCAAGGTTTGGGGATATTTTATAGGCTTGACATCAAAAATACTTGTTTAAATATACCGGAGCTGGACTCATGAGCACAGAAGAAAACAAAACTGAATCTCTGGACTTTATCCGTACAATTGTGGCTAAGGATAGAGCAGATAATAAGCATGGCGGCAGAGTTGAAACCCGTTTCCCGCCCGAACCCAACGGCTACCTGCATATCGGTCATGCCAAGGCTATCTGCATTGATTTTGAGATCGCCAGGGAGAATGACGGAGTCTGTCATCTTCGCATGGACGATACCAACCCGACCAAAGAAAATATGGAATATGTTGAGGCCATCAAAAAAGACGTTGCGTGGCTTGGCTTTGACTGGGGTGAGCATTTTTACTTTGCTTCTGATTATTTTGAACGCATGTATGAGTGTGCGGTTGAATTGATCAGACGCGGCAAAGCCTATGTCTGTGATTTGACTCCGCACGAATGGAAAGGGTACCTCGGGACTTTAACTGAAACTGGCAAGAATCCGCCTGGAAGGGAACGGTCAATTGAGGAAAACCTTGACCTTTTCACCAGAATGCGTGCGGGGGAGTTTGCAGATGGGGCCAAAGTATTACGAGCTAAGATCGATATGGCTTCTCC
CP119760.1_gap22	1062300	1064559	2259	CGGTATAAAGAGCGGCTATAATGCCAATGAGCAGAATACCTGGAACCAGATCCATGTCCAGGATTTTATGTAAAGCAAGCCCGCCGGAGTAGAGGACACCGGGGACCAGCACCGTTACATAGATTATGGCCGTGATGAGAGCCATCAGTGACCTTGAAGCAGGATTAAAGCGGTACTCAAGGTATTCCGGCATGGTGTAAATACCGGCTTTGAGAAACCGCGGCAGTAAAGTAAACGCAACAATGACAATACCGAGGGTTCCAACCAGCTGCCAGCAGCTGACCGCAAGCCCCACACCACCGGCTCCCTGGCCGGCCATTCCGACAAACTGTTCAGTTGATATATTGGCGGCCACAATTGAAATCCCGATCAGCCACCATTTCAGTCCGCGACCGGCAAGGAAATAGTCCTCACTGCTTTTTTCCCTGCGGCTTTTGAATACACTTACTCCAATCACAACGACGAAGAAAAGGGCAAAAACAAGTATGTCTGTCCAGTTTAGTTGCATTTATATCCTCCGTTTTTTTCACAGCCTGAAGAGTTCAACTGATTCAGGCATTTGCTCCTGCTAATCTGTTATGTTAATATTTTCTGCCGACCATTTAAATATAGTATTACTGCGATAAGTTTTACCGGCTTCAAGAATCGTTGACGGAAAACTCTGGTGATTTGGGGAATCCGGATAATGCTGGGTTTCAAGGCACAGGCCGTGGCGCGGTTCGTAACTGCTGCCGTTTCTCCCATTGATTCTTTTGTCAAGATAGTTGGCTGTATAGAACTGCAGTCCGGGCTCGGAGGTGAATACCTCCAGTATGCGGCCGCTGGTTTCCTCAAAGACTTTTGCCGCCAGCACAACTGAATTACGATGACCATTGAGCGCGAAGCTGTGATTGTAGCCATAATGCCGACTGATCTGGGGGTGGTCAAAATCCAGCAGGCTGGCAATCCGGGTCATTTCCCGAAAGTCAAAAGGGGTATTTTCAACGCTGTGAATTTCGCCCTTAGGAATCGAGTCTTCTGTAATAGGCAGGTAAAAGTTGGCGTTGATCATCAACTGATGATCCATTATGCTGCCAGAGCCGGCTCCTGCCAGATTAAAATAAGAATGGTTGGTCAGGTTTATGACCGTGTCTTTGTCAGAGCTGGCCTCAAATTCAATTGAGATAGCGTTATTGTTATTGAGTGAGTAGGTCACGCTGACCAGGAGGTTTCCAGGGTAGCCATTTTCGCCATCCGGGCTTGAACAGCTCAGTTTAAGTCTGGGAATTTCCGAATCATGATCTACTTCCGCATCCCACAATTTGTGACTCAGCCCGCCGGGGCCGCCATGGAGGTGATTGCCGGTGTCATTCAAAGGAAGCCTGTACTCTTTTCCATTTAGCGTGAAGCGCCCGTTTGCAATTCGACTGCAGAAGCGCCCGACGGTGGAGCCAAAGTAAAACGGATTGGAAAAATAGTCTTCAGGCTGGTCATAGCCAAGAACAACATTGCTGAATTCATTATTTTTGTCAGGAACGTTCATGGTGACAATAGTAGCACCGAAGTCGGAGATATCGACAGAAACACCGTTATTGTTCTGCAAAGTATACAGACTTACTGTGCGATTGTCTTCCAGGCAGCCGAAATTTTTCTGCAATATTTCCATAGTTTGTTTATTTCTCCGCAATTACTGTGCATTCATATCGCGATGCGTTAAAGCTCCCAGGTGCGATGAATCCAGAGTCAGAACCTCACTTAATTCTGCTGCCGCTTTGGTTGTATTTCCTAGTCCCATGTGGCCTAAGGCCATCATATACCGGCAGTGAATTTTATTCTTTTCGTTCATATCCACATCAAAAACCAGAAAATCCGGCAGTGATACTGCAAAATAATCAATCTCACAGTCATCAAAGATGTGTTTTTCGCCATAATCAATAAGTTTATTGAATCTACTGTGAGCTTCGTCGGTTTTTCCAAGCTTAATTAATGCCAGTCCCTGATAAAAGATCATTTCCGGAGGCTGATCGTTGTAATACATGGCAGAGCTGGGTTCAGCGAGTCCGACTGCGGCCGCTTCAAATGCCTTGCGCATCAGAGTTTTTTTGCCGAGCCCCTCATAAGCGATTCCGAGGTGATAGTTTATGTTATTTTCCTGCGTGCCGTAAAGCTTGCCTTCTCCAAGATTCTCAGGGTAGTTTTTACAGCGCTCAAGCAGTTCAACCGCTTTGTCGTATTTTTTAGTCCGGATAGCTTCTTTTGCCATCTCGGTAAGTGAATACT
CP119760.1_gap23	1104520	1107248	2728	CAGACCGCCGGTAATGACGCAGTCCTCAAGGGTAAATACCGGCATTTTTGCCGCATCCTCAAGCAGGGCACCGGCATCGAACGGACGCAGAAATCTGGTATTGACTACTTTTATGAAAATACCTGCTTTCTCTAAATTCTGAGCCACTTTCATGGCAGTCTGCACTTCCCTGCCTACAGACCAGATTACACCGTCGCTGCCAGGATGGACAACTTCAGCTTTGCCGGTTTCAATTCTGCCGGGTGGGGTTTGGGGTAATTCGTCAATCAAGCCGGATTTGCCCCGGGGATAACGTATAACGACCGGACATTTCAACTCATAGGCACTGAAAATCATGTCTCTAAGTTCGGCTTCATGTTGGGGTGACATCAAAATCAGGTTTGGCAGGCTGCGAAAAAAGCCCAGATCGTGGATGCCGTGATGGGTTGGCCCGTCTTCAACAATTCCCGCGCGGTCAAGGCAGAATATGACCGGCAGGTTCTGCAAACATACGTCATGGAAGACACAATCAAGTGCCCTCTGCATAAAAGTTGCATACATGGCAACTACCGGACGTAAGCCTGAGGCTGCAAGGCCGGCCGCAAAGACTACAGCGTGTTCCTCTGCAATACCGACATCATAAAAACGGTCAGGAAAGGTCTGTGCAAAGTTTGACAGTCCGGTTCCTTTAGCCATGGCGGCGGTAATGGCGGTGACGTCGCTGTATGTTTCAGCCAGCTCAACCGCAGAGTTGCCGAATGCCTTGGAAAATGTCAAACCGCCTTTGCCGTTGCTTTTGCCGGTGGCAGGGTCAAATGCGGATAAGCCGTGGAATTTTTCCGGCGCTTCTTCCGCCGGGGTATAGCCGCGTCCCTTCTCGGTGCAGACGTGTACCAGAACCGGGCGATTCGAATCTTTTACGGCGTCAAACGCCCTGATCATCTCGCGCAGGTCGTGACCGTCAATCGGTCCGATGTAACGGATGCCGAGCTCTTCAAAGAAGACACCGGGCAGAAAAATACTTTTTGTCGCTTCTTCCAGGCGCTGAATAGCTCGCCTTATCTTTTGATGCTTGGGGACTTTAAGCAGCAACTTTCTGGCAAAAGCCTTAATCTTATTATAGCGTTTTGCGGTTATAATCCGGTTAAGGTATGAAGGAATCGCACCGACATTTTCTGAAATAGACATTTTGTTGTCGTTCAGAATGATAGTCATATTCTGAGAAGTGCCGCTGATGTTATTAAGTCCTTCAAGCGAAATGCCGCAGTTAAGTGAGCCGTCACCTACAACCGCTACAATTTTTTCGCCGGAGCCTTTGAGGTCTGCGGCAGCTGCCATGCCGAGGGCTGCGGAAATAGCCGTACCGGCATGTCCTGCCCCGAAACAGTCATAATCCGATTCTTCGCGCGATAAAAAACCCAGGCAGCCTTTATATTTCCGGAGGGTCTTAAAAAATTCCTTGCGCCCGGTCAGCAGCTTGTGAACATAGCCCTGATGACCTACGTCCCACACCAGCTTGTCGTGTGGGGAATCAAATACCCGGTGCAAAGCTATTGTAAGTTCGACTACACCCAGATTCGGCGCCAGGTGGCCTCCTTCAGAAGCCACCGTATCGATAATAAGCTTTCTTATTTCAACAGCCAGTTTTTTCAGCTCGTCCAGGGACAGTTTTTTCAGGTCCTCCGGTGAGTTTACTGTGCTTAAAATAGTATCTTTTCTGGACATTCCATGTCGTTCCGTAAAATTTTTATGATTAAATAATTGCAGCACAAGTATGAAAATAACCCCCTGCTACAAGGATAAAGAAATAAGTACTTGAACTGACATCCTCATAAAATAGTTTAAGTACGACGATTTTGCAATTGAGAGGGGGGTATATTCAGTGATTAATTATTGCCTTAAGAAGCTGTATTTGATAAAAAGCGCGGTTATATTGACGGTGCAAGTTGATTTTGCTCTGGAAAGGGATAAACTATTTTGACAGCATTTTTCTAAATTCGGAGGTTGTTATTCTATGTTAAAAATTGCTAAGGTGCTTGTAGTTACCTTTTTACTTTCTGTTACGCTTGCCGGTTGTATTTTTGCTCCATATCATAAAACTGCTTATTATGACCTCAGTGTGGAGCCGGTAAGGCTCGCTGCAGCAGCGAATGTTAAAGTTTCCGAGTTTGACAATGAGTCAGGTGCCGGATCAAAAATCAGAATCAGGATTAACAAGTACAGAATAGTTGACGCAGGCTACAGCAAGTGGATACAGACTCCGGGTGAGTTATTAATGCGCAGCCTCAATAAAGCTTTTGCTGTGAACTATACGACAGATGCCCCGGCTTGTGAAATTTACGGAACACTGGATACGTTTGAAGTCAAGCTGGACAAAATGCAGTTTGCGATAAGCGGTTTTTACACCATCCGCCGGGGCAAGTCCAGACTCGACCGGCAATTCGATATATCCGTTGGGCTGAAAGAAAAGAGTCCTGTCGAATATGCCAGAGCCGCATCAGCCGCAGTCAACCAGCTGGGTAAAGAGCTTGCAGTAGAGATTAATAAAATCCTGAAGAAATAATATTATGCGCCAGGAGATACAACTGTTTCAGCAGGTTGGTGACGCTGCCTGCAAGATATGTACTGAAGCTTTGAACTTCATAAAATTCAGTGGAGAAATGCTGGGCGCATTTGCTGACGCTGTACGGCATCCGCGTAAGATTCATTTTAAAAATACACTTTATTATATGGATATTTGCGGCAGTGA
CP119760.1_gap24	1217236	1220341	3105	CAATATTTCCGCCTTTGGTGATAGCGTCCTTTACAGCTGTTTCTGTAGAAAAGAAAAAGTTTTTCCCTTTATTTACTCTCACCCAGTTTTTGGTCAGGTCCTGGCCGTCATTTTTGAATAAAAGTATTACACCGCTTGGAGCAGCATTCTTGTTTTTAATACCTGCTGAGACAATCATATAATAGTTTTTATCATCAGGCATTCTAAATATATAAGGGTCTCTGAAAGATATCAGGTTGAGGTCAGCCGGTTGCCGCAGGATCACATCGGGATGGTTATTGGGATCATTTTTTGAGTAAGTAGAATATTTAGTCCACTCAGTCAAATGTGGATCAACCAGTTTTCCCTGGCTGATTTTATTGGCATCCAGAGCTCTAGCCATGGCAATGACTTCCTGCCTGGATTCATGGGTTCCCCATACTGCAGAGTACAGTGCGGCTGGGTAATATGTTGTAATAGTCCGACCGGCTTTATCTTTTTCTTTAAAAGGCAGCACTGCTACGGAGCCGGTGAACACCCCATTCTTGTCAGCGGCGCTGCTGTCCAGTGACGGAGAAATAGCGGTTGTTTTTACCTTTCCGTCCTGGTATCTGGGATAAAACCATTTATAATCCCATTTTTTGTTCGGCGAACTGACAATATGCGACCAGGCCATATTTCCCCACATATTCCCCCACGGATTTGACTGTACAAAAATATGAAAAGACGAATTATAATAGAAAAGCCCGCAGGGGTCATTAATCCAGCCGGAGGGAGCTCGCAGGTGGTATACAGGGTAGGTAGGATCTGAAATGGCACTTTTGATATTACTGTTAACATTTAAGTCGGCTGCTGCCAAAGTGTCCTGATAGGTCATTGCTTTTCCTGAAGAAACAACACTCATTATGAAGAGTACTAGTGCGGCACAAAAGATTCTATTATAATACATGCAGTTCAATCCTGATTTGTTAAAGGTATTAATTTAAAATAGATATTTTGAAACAGAATGAAATAATATTTTGATCGGTGGTAAAGGATTTTTACTTTATGACCAGCTGTCATTTCATGTAAGCATTTTGACAGACTCAATTATCAGCAGATATTGATCCGGTATCACTATTAAAACTCCTCATAAGTTGTTGTATAAATAATATCGACTCACAAAACCTGTACTTTGTTCAAACTTATAAATATTTACGCTGACGTTAATGAACAGGAACAGCCTTTGCACCGGGCATTTATGAACAGGAATGGAAGTTGAAGCTGGAAACAGAAACGTTAGAATTAAAAATCCCCGGAAGCGCATTTCAGCGTTTCCGGGGCCTTTGAATTGATCCGGTAATCTGAACCGGGTTTGTCAGCGCATGCTGTCAATGGATTTTTTGTCGAATTTCACAATTGCCGCAATCAGCAATTTTACTGTATTATCATAATCATCCCGATCCATAATGCCAATATGGCTGTGGGCATAGCGCACCGGTATACCAATGTTTACTGCCGGCATCCCTTGTCCGGCTCCCTGGAGGCATGAGGCGTCTTCTCCGTAATTATATTCGGATTCCCATTGCATGGGGATTTTGTTTGCCTTGGCGATTGCAGCCAGCGCTTTAACCAGGTTCTGGTTTGGCATCATACTCCAGTCGTAAATGAAGATAGTCGGACCTGATCCCAGTTTAGGTTCGCAGTCCTGAGTGAACTGTGTTGGATAATCTTTGGCAATACCGGCTTCCAGATTCAAAACCAGATCCGGCTTCAGAGAAGAGTAAACGTTTCTGGCTCCCCGCATGCCGAGTTCTTCCTGCACTGTGGCTGCAAATACGACATTTACTTTGCTGAACAGTTCCTTATTGTTTTTAATATATTTCATCAGGTCAAGCATAACGGCAAGCATTGCTCTGTCGTCAAAAGCTTTGCCGGCATAACGTTTCCCGGGTTTGAGGATTTCAAATTTAACTGCAGGAGTTACCGGCAGGCCGGGCCTTGCACCCATGGCCATTAGTTCTTTTCTGTCGAGCCCGGTATCGAGAAACAGCATATTGAGACTTACAGGGGGCATACTGGTTTCATCACTGAGCACATGCGGCGGATCCATGCCGCTGATGGCGGTAATATATTTATCTCCAATACCAACAGTCCATTTTTGAGCCCAGGTTACATAGTCAACCCAGACACCAAGCGGTTGTAAACGCAGGAAGCCGCGTTCATCAACCTTAGTTACCAGGAAACCCACTTCATCCATATGCGCCATAACCAGCACGGTAGGTTTTTTATCAGAAAAGTCTGGATATTTGCCAATCAGGTTGCCCATGCCGTCAATTTTGCAGTTTATTCCCAGCTGTTTCCAGTGTTTGAGCAGAATATCCCGGACCGGTTTTTCAAACCCGCTGACGCCATGGACATTTGATAATTCTTCCAGGTTTTTTTCAGTTTGATCTGCAGACAGCAGTAAAGGCAAAAGAAACATAATTGAAATGACGGCTGCTTTGATCAGTTTTCTTAAAGTCATGGGTTTGACCTCCTGTGTTTTCTTAGAAATGTTTTATCATTTTGCTGCTTATTTTAAACACTGCTGACTAATATTGATTACAATTTAAAAATAACAAATATATTAGTGCTTTTTAATCGTCTTTTTTTGTATTCAACCAAAAATTGAACATTTCTCATAGTCTGGCAGCTACACGAAATTCAAATCACTGTTGTTTACTTAAATTCATTTGCCAATATTTGTTCAGAGTAATGATAATTTCTAAATTTATCAAAAACTATAAAACGGTCGACCTTCAAAATGCTTTATATTCATTACATTAGTATACAAATGTTGTGCTGGGTAAATGCAATGTACGCTTTTTATTTAATACCTTTCATGACAGCCGGTTAAAATAAGCAGGCAGGATTCATATCATTTTAAATAGTTCCTGACTATATGCAGGTGATCTGGAATTACTTACAAAATAGTGACAAAAGTGCAGTTTATAAGATTAGTATATTAATTGTAAGTAGATTATCCTAAGTATCTTACGGTGTATTATTTTTGATTTTGGTGTACAGCCAGAACTTTCTGTTTGAATGTCGGCTCTACCATTTAAATATACAGCTGCTTATGCTCACAAAGCTTTATCAGGCGAA
CP119760.1_gap25	1286482	1291269	4787	AAGCTTTGTTTCGTTTGACTTGCAGTCGCTTAAAGTTTTTCAGAGGAGATTCCGTTTCAGGGGCTGACTTTATAGAAAAAATCATCTCGACCAGCGTTTCCGGAGTGTCACGGTATCTTGGGGACTTCGGATCAAGTTCATCCGGGCAGCGATGCCCGTAAGTGCGGAGAAATTTGTCCCATGCTTCCTGGGTATTTGAAGGCAGGGCGTGATTGTTCAAACTCCTGAGGAATTCCTGTGAGGTCATTGATTCGGGGATTTCACATGAAAGCCGATAAAGCTCTAGTCCCATTTCCGTGGTGACGTTATTTGGCAAGGCCAGGCTAAGTGCCTGTAAATCTTCCGTTTCAGCATCAGGGACAAGTTTTTTTATGTAGTTTAGAAAAGCGCGTCCTGATAAGCCAAGCGGAGCACTGTTTTTGAAGATCATGGCAGTCAGTCTTTTAAACAACTTTGCTGTAATTTCAGTTAACTGCAGGTTGCTTTGCATGAGCTTTTCAGTATATTTTTCAAATTCACGAAACTTTTTATGGTTTAATCTGTTAGTGTATTTAGGAAACAGCAGACCACGAGTTATATATGGAACAGTCCTGCAAAATATTTTCAGAGCTGTATAACGGTAACCGGGAGTTTTTGAAACGCTGGCTTTATATCTTTTTTTGGGCAGACCTCGGATTATTTCAGCAGCCAGTGGGTCCATGTTTTGTATAAAGTCTGCACATTTATTTTTATTGACAAATTCAAACAAATTTGAAAGATTTATATAGAACCTGCCGTTTATAATGAACAGCAGCGCGTTAGAGGGCGAGAGGTCCGGTTTACTTGAAAACAGGAACAAAGAAAGCTTTTCGAGCAGCTGTTGATACATAGAGGTGCCAAGTACGGAAATTGGCTGATACAGCCCTTGAACACTGATCGTCATATCCTGGTAGAGAATTTTAGGTTTTCCAGGAACAGTCTTCATTTCTTCAGGCAGCGGCATATAAGAAGTTATCGGACGTGCTTGAAGCAGGTAAAGGGTATTATTGTAAAAAGCCCATTCAATATCCATTGGTTTTTGATAGAGATTTTCTACTTTTGTTACCAGTTTTGTAATGCGCTTTACCTGTTTGGCTGTCAAAGTTTTTTGAGCTTTTCCGGTATTGTTTCTGGTGGTTGTTCCACCATCGGCATTAAGCCAGATTGACTTTTCCTGTTTTCCGATTGTGAATTTTCTGGTTTTTCGTTTTAAACGGTCAAATATAAAGGTATCCGGGGTAACAGTACCGGAAACAACCGTTTCACCAAGTCCCCAGTTACTGTTAATAACGACTTCATCGTAATTATTGGTAAAGGGGTTGATAGAAAAGCAGACTCCGGAAATTTCGCTGGCAATCTGCTGCTGGATAATGACTGCAATCTGAGGAGAAAAAACATCAAACCCCTGTTCTTTCTTGTAGGTAAATATCCTTGGGTCAAGACATGATGAAAAAACTGTTCTGACGGCGCTTTTGATGTCGCTGCGCACAACTCCCAGCCTGGTTTCATAGATCCCCGCAAAAGAACTGCCTTCGAGATCTTCTTCAGGAGAGGACGACCTGACTGCAAAAACAGTTTTATCAGGAAACTTTTTCAGTTCATTATCTAAAAATATGTCTTGCTGCCGTGAAAATGTCAGATCCTGAGAAAATACTTTTATTTCCTCGCACAGCGACATCATCGATGTATTGTCGGAGTTAAGAAATGATTTCCAGAGAGGGGACGATTTAATACTTTCCAGCCATGGCCTGAAGAATTCTACAGTCAGGACAAATCCAGGCGGTACCGGCATCTTTTCCCTTGAACTTATTATCAATGATAAGCCTTTCCCTCCGACTTCTGAAATCTTGGGGACGGAGTCTCCCGGAAAGGCATAACCCAGTTCTTCTTTCATGTTAATTGACCTCTAAAACAGTCGCGTGCTCAAACAGTTTATAATTTACTGAAACAAGTGTGTCTCAGCAGTATTTAACCCTCTCCTTCCTGCAGTTAAAATAATCTAAAACAGCGATATTACAACAGGTATAATTTTTTATGGGTGCAGAGAACAGGTTCAAGTTTTTTCATGTGAGCAACTTGAACCTGTAAAAAAGCTTTGATTAAGAGCAGAATACCCTGAGCATCTCTTTTACTTTGGGGTCTTTGCCTTTATATACCTCATACTCGTTGAAATTCCATGACCGTCGCGGGTATTTTTTCATCAGGGTTAATATTACATTGTCGTGACCTTTATCACTGGCAAGTACCAGTGCGGTTGTGCCGTTGGAAGTTGCCTGATTTATATCTGCTCCTCTACAGTTAATAAGCTGCCAGACCACTTCTGCGTATCCGAATTTGGCAGCCGCATGAAGCGGTGGTGAGCCATCTACTGCTGTATAAATGTTTATGTAAGGCTGCCTCAACAGGACTCTGACTATCGCTGAATGTCCGTTCTGACTGGCTACGTATAATGGGCTGGCTCCTTCCTTATCAACTTGATTCAATTGTTTGAGGCTGTGTTTTAGAAGTTCTCTAACCACTTCAAGGTGTCCGTTCTGGCAGGCTATGAAAAGTGGAGTTGATTTTGTTGAGTCAACCTGGGAAGGGTCGATATCCGGTTCCTGCAAAAGCCTTTTGACAACATCGATATGACCTTTACAGCAGGCCATATAAAGAAATAGAGTTTTTAAATGACGTTTTCTTTCGATTGCTTTAGGCAAAAAATACTTGTCATATTTTTCCTGTTCGTTGTGCATGGTGATGCTTAAAAGTTCGTTCAGGGCGTTGTCAATAATATGATAATATGCTTCTTTGCCGTTTCTGGCTGCGGGTCTGCTGCCGTTATAGTGAGTGTATTTACAACTGAGAACAGTATTACCGCAGCAAAGTTGTCTTTCTTCGGTAAGGAATTCTTTTAAAACGACAAAGTTGTCAATTCTTTCAAGCTGCTGTGCAGTGAAGCTGGCACGTGCACTTTGGTGATTCAACTGCCATTTATATATATCCGGGTAGTCTTTTAATTTTTTTATCAATTTGTCTGTCATTGTTCTGGCTATCTGCTTGGAAAACATATTATTCATTACAGACAATTTCTTATCAGCATCTTCAGGACGGATAAACACTGAAATGTTGATAGCCAGTGTTTCCGTTTGGCGAAAAGCAAAGAAAATACCGTTTACGCATTCAGCATAAGCTGGAGAATCGAACCCGGTTTTATGGAGTGGGTAATAGTAGACATTGTGAAATAAGGCATTTGCATCATAAAGGTGCATCTTGCCGTTTATAACTCCGAGCGCAATAGCATGGTTTTCAGAGCCCATTTGAATGCAGAAAGGGATATTCATCTGCATTGCACTTTCGACAACAGATTTTATGATAGCAACATACTCATTTTTAGTTCCGATAAAAGGGCGGTCAAAGCATTTTGTCATCGGTACTAAAATTCCATCTTGCCCGTTGTAAAGGGTATCATTCATCACATATTTAGAGGCTTTCTCACAGTTCTGAGTAAACAAATCTGTGTCAGCCCGGTCAAGGTACATGGAAGACTTGCTTGGAGAGTGATACAGGATAATACCGTCAAGAAATGAAAGAATGCTCAGGTATAGCTTATCCTTTTGGTTTAAAGGGGTACTGCTTTTTACTTTCTCTCTCGCATCGTTAATCAGCTGGCTCAGGGTTTTGGGTTGAAATTGATCGTCAAGAGTAGGATATGTTTGAGTCAGAATATCCATTTTGGCAAAAAAGGAAGTCAGGCCATCAGCGAGTAGAGCCTGCTGCCACATGTATGATAAACCAAAGCAGAGGCCCTTTTCAGGTTTAAGAATTTCATAGTAATTGCCAAAGTCGAGGTTCATGGTCAGGTCACAAATGGCCATCTGCAGGTTTTGATATTTGTCGGGCATCTCAATTTCTCCATTCAATTGTATTATTTATTAAGAGTGGATATACTGATTCTTGATTGAACTGTTTCTTTGCTGACGTTCAGATTTTCAATACGCAAAGAAAAAATGAGGGAGCCTCAAGGGTAAATATTTTCAGATTGTTTAAAAATAATCAGAAATAAAGTTTGTTACTGTATTCTTAAACTGCAGCATTGCGGCTATGGCAGCTGTTTTGGTCTTTTACACCCGGAGTAAAATTCAGTCCCTTTCATCACTTACCGAAATAGTAAACAGCAGGAGGTTTTTTGTTCCTGTTGTGCTGATCATTTTCACTTTGCGTTAATAAAAAGGTTGTAATTTTAATTATTGGATTATTTTGCAGTTACTGAAATGTCGACTTTATTTAAAAAAAAGCTTAAATAGGTATATATATTATGATAAAGATATTTAATACTTTAATGGAGCTGGAATTTTTTTCTGAATCGAGCAGGTGCAGCTAATAAACCTCATCTTTTTTATATTCACTAAAAAAATTCACTTTTGAGAATCCAGATTTTTCATAGTTTTGACAGCATAGTATAATCATGAGTATTAACACGGAATCATATTCAACGGTATTGACAAAATAAAATAACTTTGTATAATTATATACATAGTTATTTTTAAATAATTTCCAAGGCCAAAATGATAGAGAAAGATTCCGCAATACCACTCTATGAGCAAATCAGGAAAGAGCTGTTGAAAGAATTGAATTCCGGGCAGTTCAAGCCCGGAGATTGTTTTTACAGTCTCAACGATATTGTTGAAATGTTCGGGGTGAGTCAGATTACCGCGCGGCGTGTACTCCAGGACATGGCGGAGGCCTCACTCATAAAGACCTCCCGCGGTAAAAAACCTGTTGTACAG
CP119760.1_gap26	1305735	1309860	4125	TAATACTTATATTAAATTGATGCAAAAGTTAGCAAAATACCATATTATTAGTTGAAAATGGATGGAGAGAATTTAATGAAAATAATTTTTATAACTATATTAGCTTTGATAATGCTTTTATCTTTTGGATGTGCAACGCCAACTGTTACAAATACAAAAAGATCAGCCGAGGAACAGTTGTTATGTACCAAGGCTGTTGACTTAGCATTTGAAAAAATCACTTTTACACAAGTGAGTAATAAAAAAGTATTCATAGAGAATAAACTTCTTGAAGCTTCAGATAAAGAGTACCTTCAAGGTACAGTAAAGTATAAACTTGTGAATTCAGGAGCAATCATAAGTGATGATAAAGAAAATTCTGATATTATAGTTGAATTATTTAGTGGTTGTGTTGGAACAAGTCATAAGAAATGGCTTGGTGGCATTCCAGAAATGGGTATACCAGTACCACTTGCAGGTACAGTAAGTATTCCAGAAATAGCTTTTTTCAAAAGGGTACGCCAAGCAGGTTATTGCAAGACAAAGATGATTATGGTTGATAGAAAAACAGGTAAATCAATATTATATATTCCTTTATTGTTTGGAGAATCTTATCATAACCATTTCTTTATTTTGTTTTTCCCCTTTACAACTTCTAATATACTTTAGAAAACAATATTCAAATACAACCTAACTTGGTGCATAATGAAAACTAATAATTCAGATTAACGACCTGCTGAATTTATTTATCATTGAGTGACTGAAGTAGCATAAAGTAAAATTTTGTTTAGATATTTTTGCCAACTATATTCATTACGCTTCCCTTTTCTATATAAAAGGAACGTTATCCTGATTAGAAATTTGTAAAAAAAAAATTAAATAAATTGATTTTACATATCTTCACTTTATATTTTTATATCTGATGATTGTCCTAGTGGCAAGACGTTGCCTTCAGTTTGTATCCTATTCTGCAAGCTGGAGGCTCTTTTTGTAAAGAAATGTTGACAAAAATTCATTTGCCACTTATAATTGTCTATAGCTCCACAAGCTAAAATTGTTTGAATGCAATTTTCTCTAAAAGTTTGTCTCCAGTCTGTAGCTCCTCGCAATAAGACTGGAGGCACTTTTTATATGGACTTCTTGACAAATAGTAATAATTGTAATATAATAAATCTTTATGCTTCTAATGACGTGTGTTTTAGTGGTAAGAAAGAGGTTGTAAATTAGGTTAAAAGACCTAGCTTGTGTCAGACAGGCCAGCGACAATCATAGTTGCTGGCCTGCAAAATTTATATTCCGGTACCTTTGTTTATTCCAGTCATCACGCATCCTTTTTTTATATAGAAGGAACGTCGACCTGATCTCAAAATTATAAAAATTATTGGAAAGAGTTAACTATAATGATCATTTAATGCAAAATAAATATAACACATCTGCAATATTGTTGCATTCCTCTCGTTTATACTGACAACAGCTCAACGGGAGAAAACCAATATTGGTTAATTAGTGTGTAATAACGCGTATTGAGTTCTCTTCCTGGCCTCTGATGTTACCCCCCAGCATCAGAGGCCTCCTTTTTGATAAAAACGCATTATCAGTATCAATTCATATTAGAATGATGCATTTAAAAATGGATAATAGGTATTGCTTAATATATTTTTAAATATTGTTTATAAAACTCTAATTTAAGTTTATGCTTACTTGGCTTGGAATCAGCCATTACTTTTGAAGCCCTCGGTGTTTACCCTTCACAAATATCAAGGGCTTTTTATATTTTTAACGTAAATTCAATTTATAATTTCATTATTATAAATAAAATGCTATATTAAATCCGTAATGCTTAGGCAATGCAAAACATTATCGAAGCATTACTAATGGGATGACAGGTTAGCCAATTTTAAAATTGGCTAACCTGTTTTTTAGGTTTTAATAAAACTTTTTATACTAATGTTTATCATTTTTGATAAAAAAAGTTGACTGTATCAGTGACTTAAGGTATAGTGCTCTTATTGAGATGTCCCAAAAGCAAGTCTCATGCTCCTCCATGGAGGAGCTCTAGTTAAAAGTCGAAGCCTTATACTTTATTTTTGCTGTAATGACAAAAGTATCGTAGTATTTTTGATATTTTTCCTCACTTTACCTCCAGCCTGTCATGCCCATAGATAGCTTGGAGGCTTTTAAAGCTTAATAAATACATTTTAAGCTAAAGTTTTTACTTTTTATATTACGTTACGGATCTGACCTCTGATAAGTTGCTCCCAAATAGCTGGAGTTTTTAAATGCGCTCTGGTAAAAGATCTTTATTTTAATAATTTTTCATATATCATTTATTGATAAGCAATTATTGTAATGTAAATTTAAATATTATCCTTGAATGTGGGTAATACGAGGAGATCGCAGTTCAGGGAGGACTGTTTGAGGAGTAAATATTACCCACATTCACTTTTGTGGTACAGAGGTAGCACACTATCCAACTTTAACTCCACCATGCAAATGGTTCATTTGAGAGATTCCACCCGCAACCTGATATCCAGTGCTGATAATCTGCCCAGTGACGGTAATGCCACCATCTGAAATAAGCGTAGTTTTACCGCCACCGGGCAAAATAGCCCGTAAATTATGAGCATCTGAATCATACTCGAGCTTAGCGCCATCGGCAAAAGATAGTTTGGATTCTTTGATTCTGCGGCAGCGTCGTTAAAAACATTTTACTGAGATCAAGTAATTCATTTACTGGCAGGTACTTTAAGCGCCTGCCGTTATATTCAACCTCAGTTATTGGGTCGTCTAAGCGCCCTTCCAGTACTGCATCTACAGCTGCAAGCATTTTTTCTGGATAATCTCGGAAGTCAACACTGGTATCAGATAAATCAGGAACCAATTTGATCTTGCCACTTGTTAATAACTTTCTTATATCACTTTTGACCGCAACACCTTGCCACGGCACTACTGCAGGCAAAACTCACTTTAAATCATCACAGGATATGGAGAATTGATAGGCGTTATCACTGGTTGCAGCTGGTATATCCAGAAGCCTATCCGATTTAATACGAACCATATAGCGTATATTTCAGCCTGCTGAAGTCGGATACTCCGGCAAAATGACCGCCCAGCTGTGGCTGAAGCCGGAAGTTAATTCTTTAGGAAATTCATGCATAAAAAAAGCGCTCCTTTTTTAAATAGAAGCGCCGTTAACCCATAAGGTGGGAAGCAAAATTATAATATTAGATGAGGATTTATAAAAAGTCTCTTATACGTTTAATTTTAACGATTTCACCAGCTTCAGCAGATCCTGCAAAAATCCAACCTCCAGCCTGCAAGGAAGTGTTTTTTTCTTTTCCATTACAAACAGCTCCAAGTTGATCTTGTTTATTTTTTTTAACATGCCGAATGAAAACTTGGTTTCCTCTTTTTACTGGAGTATCTGGCATGACCTGTAATGCTCCATGCCGAATTATACCAATATTACCAGGTTTTTGTCCAACAAATCCCCAAAATATATCATCTTTACTTTTAGGTAATCTTACTTTGAAGGCCTGATTGCCCATAACTACTCCGAGTCCCAAGCACTGATCAATATTCTTTAATAAATATTCTTCTAAAAAGCCTTCAACAACGATTCCAACCAACCCCTTGTTATTCCAATACTCAAACTTCCTTCGGTTGCTAAATTGTAACATGTTTCTCTCTCTATTTGTTACAGTTTAAGCCCCCTTACAACAGCTTACTTACTGTATATAAAAAGATAACTAATTCAAGCTCAAAGATTAAAACCTTTCATCCAATTGCTCTTAATTGGTGTCAAGGATGCCTCTGCTTTCTTTGGTGAGGATTTTGGAATATTGAGGCATTCTGCCTTTTTTTGCTGCCAACAGCTTTTAGCCAAATAGGCAATGGCAAAATCCTCAATTACCAGATACATCTTACTGGTATCAAAGTAGTCATGCACCCGACTGTTATGCACATAGTTTTCATACATGTGCCCTTCTTTCTTATTACTGGAATCAGGACGCATCGCACTGAGTTCACGCACATACTCTTGACTAACCTCCTGCTCTGGCAGCAAATACCAATAGAAATTATCCCGGTTGTTTTGAGTATATATGTAATGCAGTAAGTGGGCTTGGTATTCCTTTTTGCGGGCCA
CP119760.1_gap27	1319858	1322599	2741	ACTTCGGATCCACTTATTGAAGGAAAAGAAGAATTTTCTGACTCAGATATCTCACCACATGAATTTAAAGCAGAAATTAAAGATTACCCTAAATTGGTTGATGAAGGCCATAATGGATTTAACGTCATTGAATATCTTGGCAAGTTTTATGCCATTCTACAAAATGAAGGAGCTTTCGATATAAGCAAAATCGATAGTCATGACTATAGCATTTTTTTTGATGGCAATTCACTAAGTGATGTCAAAGGAAAAATTGCTAACTATGCATTTCCACAATTAGTGCATGAAAATCATCATGGATTTAATATCATTATGCACCAAGGACGTTTCTATGGTATTCTGCAAAGTGAAGGAAATTTTGACATTAACAAAATTCATAATGGAGGTTACAGCATATTTTTTGAGGGAGAATCAAAAGTTGATGTAATGACTCAAGTCTTTCAATATCAAGATTCATAATCAATTTTTATAAATACTATCGAACTGACTTTTTTCTAAATGTCAGTTCGATAGTTTAAAGCACATTAATGATGGAGGAGTGATTTTGGATCAATTAAGTTCAGTTGGAAAAAAGAAATTAATAAAAGCAGTAATACAAGAAGGATTTATTATTGATTACTGCCCAAAATGTAATATGAAGCAATGTTACTACTCAAATATTTTGATGTATGATGATTCTAATCTTAAAATATGTGATGAAATCCAAAAGATAATAACTGAACTGATAACGAACAACAGCAATAAACTAAAAAATGCAATGTTACAGAGAAAAATTGAGCGTTTTAACAAAGCTATTGATTTTGCAAAGCAATCATTTGGTGATGAGCAAAAAATTACCTCTGCTAAAAAATAACACCTCCTATTTAACTTTTAAAATCCCAAAATAGCTACCCAAAAAACATGGTGTAATTAAAACTTTTTTTAAGATGTCAACCTTTTTGCCCTTTTTGAAGCCTGTTTAAGCACAAATCCTTTGGATTGACGTCAACCTCGATTTCATGAAAAACCTTAACTTAATTTGTTTATGGGTTAAATTAATTAGGCATTAACGTTTCTTATTTTTCTGTTTAGCCCGACCATTGTGTTGACCGGGCTTTTTGCTTATCGCTGCCCCATAACATAGACCAACCCTTCTGCCCACGGATATTTTTTTGCAATTCGCTGCATTTGTTTCCAGACAGCTGGCTTAGAAATGCCCCTTACTTGGGCAATCTTTGCATAACTTGTCGGGTACATTGTCACTGCAAGACTTGCTGTTTCATAACTGGCAATCGATGTTTTTCGCATTTCCTCCAAATCCAAAAGAATCTGAGGTAGTTGATTGTGTATTCCCATCTTTCTTACGACTTTCTTTTCGATGGCTCTGGTGGCAACTTCAAGATATTCCTGATAGTCCTCCTCCGGCTCCTTATGAGCATTTTTAAGGCTGTGAAACCTGTCTTCATTGAATTCTTTAACCATAAATGCCAATCTCCTATCGAAAGAGGAAGTGTTTAATGCTTTCAATTACCGAGCTGATCTTACCTTTTGCTGGCCGAAAAGCAGCTGATCTAGGTTCATAAAGTCTACCTTTCAGCATACATTTGCCTTGTTGCGACCTTGCGATAACAGCAAATCCAAATTCGTGTACAACTTCATTCGCTGTAGATAATACCGGGCGAAGACATTTGTAGTGCGAACAGCGGTGTTTTATCCCATCAAATAAGTACCATTTACAGTTCTGGCAATGTCTCATTTTTCATTCTCCATTTTCATAAAATTTAATTTTTGCTTAAGTTATTTTTTACAGGTTTGGGTGTCTTGTTCTATTCCTGTGATTCTTGAGTGCTGCAGCTGCACTCTGGCCGTCAAATTATCGAAAGTTATTTTAAGTAGCGTGGAGGCTGTGGAAATTTATTTTATGACCCAACACGCATAAAGACAATTTAAAATCTCCTGCTTGTTTTCTAAATTATTTTAGTTTGATTTTAAATCCTGAGTCAAAACCGCATTTTTCAGATTACCTCGATAATCGACCGTCTTTTCCAGCAACATGCACCGGATCACACATACCCAGAATCCGACTGACAATCCGATCGCCGTAGCGAGATTTGAGCTCATTTCGATCTTCAGCGTTGGTCGTAAAAAACGTTAGCGTTCCATTGTATTTGAACAGCGTGTAACGTTCTGCTGCACAATCAATTAATGGACTGGCATTCCCGTAGCTTTTGACCTCCCGTTCTCCAGCAATGTCATCGATTATCAGCGGTTTGTGCCGAAACTGATCGACATACTCCCAGAACTGCTTTTCTCCACCAATGGCATATTGCCTAACCAGTTCAGCAGGCTTAAGCTTTTGCAAGTCAACGATCACTAGAACACCTCCGAGTAGTTGGCTGGATTGATGCTTTTGAGCTGGTATTGGTTGTCTTTTTGGGCTGAATCGTAATGTCCCTCAGCCACTTTGAGCCAGTTGTTTTCGTTCATGAACAGCCAGTCGAAGAACACCTTCCAGCTACGCTTGTTGTCGCCCCGTAGGAAGCTGCTGGCACTGATTTTGGGCAGGACCTTGCGCCAATCGAACCCCTCAGCCAGCCGGGATTTGATTTTGCTCTTACGGCTCTTGGTCAACTTTTCAACTCGGGGTAACCCATGCTGCTTGGCAAATTTGTTCCACTCTTGGACATGACCTGAATAATCGATGCGAGAAGCCTCAGGAGGCAAAAAGGGCTTACTTTTTGGGATTTCTGTTAAGAAATTCT
CP119760.1_gap28	1325668	1329761	4093	CAATTCCGAGGCGTTTGGCAACTTGAGTAGTGGTGAATAAGCTTTCGCTGTCGCAGATGGCTTCAGAATGCATCACCTTCGGCATCAGTTTGGCTCTTTCTTTGCGTTCATCTTTCAAGGCTTTTAGCAGGTTGATTGCGTAATCCGGGTCGGCAATCATGTTTTCAACGGTGAGAGGAGTAGCGTAAGCACCATGTTTCCGAATCGAAGGCAGAACTTCCCCAGTCACCCACTTGCGGAATTTTTTCGCGTTGGGTTTGTTTGATCTGACTATTAAAGCATAAAGGCCAGATTCGTTGATAATATTAGTCTCACCTTGACGCCCTAAGAAAAACTTAGCCCGTTCATCTTCATCAAGGCCATGCAGGGCAACTGTAGGATTTGAAAGCCCCAGTACATCACACACATCCTTGGCCACAAACCAAGACTTGCCGTCCTTGTTAATAACTCTTACGTTGACATCTTCTAAGTTGAACATTTTTAAGGCAATGTTGTCCATATCACATCCTAGTATTTATATGTTTTTGTTGAACCGAAAACCAGCGACGGGGTTGAGAGAGGAAAGGTAGAGGAGGAAACATTTTTTAAAGTAATTCCGCCGCTGGCAAATCTTTTCATCCAACCTCGCTCTATTAGTTCTTCAAGTGTCAACCTTGCATGCTAAATGTTATCAGTAATAAACTTGCAAGCCAGATCATAGCAATAACACAATACGCAGAGAATTTTACTGCGGATTCTGAAAGGTAGTCGTGTTTAAAAAGCGGTTCACCTTGCTTGTCGCTATGTTCAGAAACCCAAAATTTTGGCAAAAAAATCCCCATATCAATACCTCGCAAATTTTTGGATATTAATTAATTTAAGATCGATTCAGTTTTTAAAGGAATAAATTTTAGCTGGTATTGCTAAGTAGTTTTTACTTTTTGCAATTCAATCCAAGTGTCGACATCTTTTTTAGCATATCTGATTGACTTGCCAAATTTGGCATACTTGGGTCCCTCGTTTGTAGCTCGAAACCTTTTGATAGTTTCTACAGAAATAGCTAAGAGGTTAGCTACCTTTTTTGTGGTTAAAAACTCTGACACTAGTCCCTACATCATCAAACTTTCTTTTATCAGACAATTAAATCGTATTGACTTTAAAGATTGCGTTTGTATTTTATTGAATTAGATTTTGCACATCGTGAAATGCGAATGTTTCTGAATTGGTTGGGAGTGTGGGCTTTGTTGTAGCACTCTTAATGGTTCGCTGTTGTGTAACATAGATGTTTCTGTAATTAAATCAATTTAAAATATTGATAAAATTAAGTTTAATGTAGGCTAATACCATATGTTTAAAAATAAGTAACATGTAGTATGTTAAGGTGTCATTAAATTTTGGGAGGAGTAAATGGCAGAAGTTTTTAAGGACGATTTGGTTAATAAATTAAATAAGGTTATTCAAGATAGAAGAATAACCCATAAAGATGCAGCAGCTTTTATAGGAGTTTCTTCTGCAGCTGTTTCAAGATGGCTTAATGGAAAGAATTCAATAGCTAATCGTTATAGGCAAAAAGTCAATGAATTCTTAGAAACCGGGTTCAAAAACGGTGATAAAACTATAGTAATAAAGGTATCAAATTTCCCTATTAAGGCTTCTTGTATCCAAGAGTTTGTAGATTATTTTAGTCTTCCAGAGAACAAAGCAGAACTGTTGAGGTTATATGCTAAAACATTAGACAACACTAAGAGATAATTACTGAAGGTTCTACAAGAATCTATAAAGCTTAACTTACAATGATTTTGCTAAGTTAGCTTTAGTTGCTATTATGATGGGCTAAAGCCTAACCTTTTTTATCGATTTTTTCTTTAAGTACTTTGTGCGCTTTGGCTTCAAGCATTGAATGCATACTGCCTTGTTTGACCTCTTCTTCAGGTCCTTTCTTTGCCAGCTTTTTCACATCATTTAACACTTCAAGTCTGATCTCATCTAAATATTTTTTAAGTAAGTTATTTGAAATGTAATAACACAGAGTTGGTACTCCAACAGCGACAAAAACAATGATTCCAAGCATTGATAAAAATAATTTTTTAAGCTTTTCATTATAAATGTCTTGAGATATTTTAGTAAGTTTGATTACCTCTTGGGATTTAGGTTTTAAATCATCTAATAAAGTTTCTTCACCTTCGAAAAAAGTGTAAAAAGATAAAACAGTTAAGGCGGTAATAACGATCAACCCCCCTATACTGTATAAAGAATATTCACAAATACTACATTCTCTAAAATAAAGACACTTTTTTTGTGAATCATTGTCTTTTAAATTGCTTTTTTTTATGCCCAATAATTTGATATATGTTAAAAATGTTACAATAAAAACAGCGATAACTGCAAGAGAAGAAATTATTAATATTGAATGCATAATTCTATTTACTCTCAATTAATTAAACATTTGACCACTTAAAATCAATATTATCAACAAGCCTTTCAGGTTGAAAATCTGGCAAAAAAGTTATAAACTTGTTATTAAGTGAGTTATCCATGCGTAAATTTTTTCCCTTCCACCTTTATTTTAAATAACAGATTAAAATTTTTCATAAGAAAGGGTCTATGGCTTGGCCCTTTTCAAAGGTAGGCAAAGAAAACTAAGGGACCAAACCTTTTGCCTTTCTATATAATTATAAGGTTTGGCGATGAAAATATCAATTTGACTATAAGGTTTGATTGTTTATAAATTCTCTCACACCACCTATGAGACTTGGTGTTTCAATTAAAATTTCTGCAATTTCTTGTACTTTTTTACGCACCTCATCAAACTCCAACCCATTATCACCAAGTTTAAGCTTCCCAACTTTCAGCATCTCAGCCACAGCATTGCTGACTGCTTCCCGTTTAGGATCGACGCTTAAACGGGCATAGGTAGGTGTTACCCCTGTCGACTTTTGACCAAGGATACTTGCTATCATGTGCAGTGATACATTTTGGTTTGCCATCCAGCTTGCTAAAGTACGGCGTAAATCGTGGATACGCAGGTCTTCGATGCCAGCACGTTTGAGTAAGTTATGCCATGGTTTAGCTGGATTTCGATAATGACCATTCTGGCTATCTCTTGAATGAAAGACCCAGTTTGTTTCTACTCCAATTGATTCTTGAGCTTGTTTACGACGCTTAAAAATATTCAAAACCGCATCATCCAAGACTGTCACGTCATCGTCGCCATTTTTAGTCTTTTTACCCGGAATTGTCCATAGACTTTTATTGAAGTCTATTTCTGACCACTCAGCAGCTAAAACATTACTTTTCCGCTTTGAAGTGAATAGAGCAATCAATACAAAATCTTTAAAGTCTTGACTAGCTGATTTCATAAGCTCAGTGAAGAAACGTTCAACTTCATCTTCTTTTATGAAGCGAGAACGGCTGCGCTCCTTGAATAATTCAATCATTGCGGCAGGATTTTGAAGGATACCAAAGTCATGTTTTATTAAAAGATTTATAGAAGCGCCAATACATTGTAAAAGTCGATTTGCTGTATGAGCACCGATTTCATCACGGATTTTAAGATGTAGTCTTCTAATTTCGGAACGATCAATATCGGTGACTTTTTTCTTTTTTAATTTTAGTGGAACATATTTTTCAAAGCGAGAGCGGCATTCTTTTATATCCTTATGCCAACCCTTAGTTTTTTTGCGATGTTGTAGCCAATAATTATTCGTTTCTTCAAGTGTAATATCTTGCCTTTCTTTTTGTTTGGTATCTATGCCACACATCACGTCATTACTTATCCCAATACAACGATGCTGAGCTGCTTTAATTGACACTTCTCCATAGGAGGCAATTTTTATATATTTAGGACGTCCATTAATGCAGCGTATGTAATAATAGGTGCGAGAATTTTTTGGTGTTATTATTAAATGCAGATATTTATTATCAATATCCTGATACTTTTTTTTCTTATCCGGAACTGGCAATCTTTCAATATTAGTTTTGGTAAACTTGATCTTTTTCATAAATAAATCCTATATATATCCTATAAGATAGTGCTATTAATAGCTATCTTCTGCTATCGTATGACGTTGTCTCTATCCTGTTTTTGAACTAAAATATAGTATATATAAAGGAT
CP119760.1_gap29	1409118	1410002	884	TCATCTGCCAGTCTGTCCAGGGCTTTTATTGTGTCCTGCAGCGGAATGTCATCGTTTGGCTTATGGATCAAATACAAGTCTAGGTAATCTGTGCCAAGTCTTTTAAGACTGTTTTCACATGCCCTCAGGACATCATCGCTGGCAAGATGGTCATTCCAGACTTTTGAAGTGATGAAAAGGCTTTCACGGTTGCGTCCTTTCAGGGCCTGCCCAACAATCTGTTCGGCGAACCCCTGAGCATACATTTCAGCAGTATCAATATGCTTAAGGCCGCGCTCAAGTCCGGCAATTAAAGCTGATATATCATTTTGACCGTCATTATCTGGGTCTTTCTCAGAATTGCCGCCCATCATCCAGGAACCCATACCGAACACCGGCATTTCAAAGCCGCATTTCAGTTTTTTTACAGGTATACTCATTATAAATATCCTCCGGATTAAACTTTGCTCAGAAAATATAGCCTGTCCAAAGTCTGCTTCAAGCAAAGCCGGGCTTTTAACTGATAATTAGCGGCTGTATTTGAAAAATCGGCTAAATCAGGTATATTGAATACGATAAAATTCTGTATTTTGAAAAATGAGGCATAACTATGAAAGCCGTTAAATATATAATGCTGGCAGTAAGTGTGGCTGCTTTTACCGGTATTCTGTCCGGGTGTGTCACACCGCCGCGTTTTAAGGAAAAATATAAGCATGGTGGCAGGAACTACACCTATAATGTGGTTGATACCGCTACCGGGTTTATTATTTATATGAACTACACTGTCCAGGAGCTCAACCCTGACAACTCCTGTCTGATAGCCCAGCAGGCTCGTCAAAAGCTGATTATGATAGCCCAGTGTATTGCCAAAGGCCGCAAAAAGGCGATTGAGCCGATTACCCACG
CP119760.1_gap30	1411186	1412919	1733	GGTGTTTGCCAAATGAGACATTTTGTATAATTGTTCAGCTTCTTCATAAGAGATCCCATGTTCCTCAGCACCTAACTGCAATGCTTCAGATTTGTTATTATTTATAAAATCCATAGCCTGATTTTGGACTTTTATGTATCTACGTACCCAATCTGGGTGTTTTTTAAGGAAATCCTCTTTTACACCAACAACTAATTTAGGAATAATTAGTCCCTTTGCTGTTGTTAAGATTTTTGCTCCTTTTTTTTCAGCTTTCAACATTTTACTTGCAGCTAATAATGCGGCGTCAACCTTCCCATTAAGCATAGCATCTGATGCTTGAGATATTGACATTGGTATTAATTTTACATCCCTGGCATCCATGCCATTTTTAGATAATGCTTTGAGTAATATTTGATGCAATACAGTTCCAGGAGGCCCGGCAACAGTTTTGCCTTTTAAATCTTTGATTGAGTTGATCTCTTTTTTTGCAGTCATTACCGAAAAAATATCTACAGGTTTGGAAACAGCCCTTATCATCTGTATCCTGATATTTTGGGCAGTTGCTATAATTATGCTTGTTGTGTTTATAACTCCGCATATATCAATTTGACCTGTCTCTAGTGCCTTGGCTTGTTTCAACCCGGAGGTAATTTCGTGAAAGTTTATTTTTATTTTATCTTTTGAAAATTCTTTTTCTAGTAATCCTTTCTTTTTCATAACTATTAATTGAAGATTAAAAGGAGACTTTGCATAAGATATATTTATTTCTTTTCCAAAGATGTTGGCAGTTGCGAATAAAAGCACGATCAAAAATAAAGCTCTCATATAACCCTTTTGTTTTAAATGTGTTTCCTGTAGAATAAAGAACTATAACTTTATATGGTCTATTTTCAAATATATATGGAGGAGTTCACCATCACTTAATGGAAAGCAACTGTGTTTCAGTTTCCAAGAGTCTTCAATGATTTCAAAACCCCGGTTATACCAGGATAGTGCAAAGAGTGAAAATCAATAATTAGTTTATCTTAAAAAACAACTATGTCAATAGTTTTTAACGCATTGAGGTTAACGTTAACCCAGTTACGTTGAGGTTAGAACATCAAAAAAGGGCCGGTTTTGGTTCACGGCCCTAAAAAAAATAGAAAAAAGTTCTAACTTTGTCAAAGCTCTATTATGAGCTAATTGTGACTAACTGCACATAGGCTGATTTGGTTTCTTACAAAGTTCTCAAAAGCTATTTCAATTCCAGCACCTTTTGTCAGAATATTTACTTTTCTAGGGATAAGTTTTTGTTGATACAAGAAGTCGATATCTTTTCTTAAGCTTATAATGTCGTCTTTGTTTAAGGTATTTATCAATTTGGTGTTGTTGTACAACCACTCAGCATCTTGATAGGAAATGCCGAGGTCTTTAGCAGCTAACTCTAAGGCTTCACGTTTATTATTTTTAATAAATTCCATTGCCTCATCTTGGACTTTGATGTATCTTTTAACCCAATCAGGGTGTTCTTTGGCAAATGATTCACTAACGGCGACAACTAGCTTGGGGCGCATTAGCCCTCTGGCTGTTGTTAAAACTTTTGCTCCTCTTTTTTTGGCATTAATCACTTCTACCGAGGCCAATACTACTGCATCAACCTGATTTGCAAACATGGCATCATATGTTTCTGCATCCGACATTGGTTTATAGTTGATATCTTTTATTGTCATATTATTTTTAGACAAAACTTCAAGTAACAGTTGGTGCAAGGT
CP119760.1_gap31	1436986	1439451	2465	TTTATCGGGCCCAGAAACTTAAGGGTACTGTAGTTCGCTTTTTTAATACAGTTGGACCGCGTCAGACCGGGCAGTACGGGATGGTGGTGCCGCGTTTTGTAGAGCAGGCTTTGAACAATGAAGATCTTTCTGTTTATGGAGACGGTACACAGTCGCGGTGCTTCTGTCATGTTTTTGATACGGTTCGTGCTTTGATCGGCTTAATAGACTGCCCTGAGTCCTACGGGAAAATATATAATATCGGCAGTCACAATAAAATCAGTATTCAGGGGTTGGCTGAGCTGGTTATTGCTCAACTCGGAAGCAGCTCCGGCATAAAGAAAGTGCCTTATGATCAGGCTTATGAAGCAGGCTTTGAGGATATGCTGCATCGTGCCCCGAATACCAGGGCTGTGAGGGATCTGCTCAACTGGAAGGCAGAGTTTGCTCTTGAAGAAATAATCCATGACGTGGCGGCAGGTATAAAGTCTGGTAACACGTAATGCGGTTTACGGGCTGATGTCGCTGTGCTGCTTGAACCAGAACCAGCGCGAAAAGAACTGCTTAACCAGCGGGGCGCAGATCAATCCGCCAAAAGTACCGTGTTCAACCAGCACTGCCAGCGCGTACCTTTTGCCCTTATATTCGCCAAAGCAGATAAACCAGACGTTCTTGCGCCGGTTTTTTCCGTAACCTACCTCGGCTGTGCCGGTTTTTCCGGATAGTTTGATAAAGTTATTCTGGGCTCTTCGGCCGCCCCCTTCACTGGTGTTTACGACCATGTACATACCCTTTTGAACAGCAGCCAGGTCGGCAGGTGTTGTTTTCAGCTCTCTTTCAACTTCTGGCTTTTTCCTGTATAGAACAGTGCCGTGGCTGTCACGGATTTCTTTCAACAGGTGAGGCCTCATTACTTTTCCGCCATTTGCCAGGGCGGCAGTAAAGACCGCCGCCTGCAATGGAGTTACTTCTATCATGCCCTGACCAATTGAAACCAGCCCGGTATCATGGGCTCTCCAGTTGCGTTTGCGGGTTTTTCGACAATATTCCCTTGATGGAAGCAGACCCTTTCTTTCCGGCAGCTCAATACCGGTTTTCTGGCCTATACCGGCTTCGCGAAGGACAGGGATCATCTTATCAATACCTATTTTCAGGGCATGTTCAATCATGTAGTCGTTGCAGGATTTCTGAAGAGCGGCATAAAGGTTGACTTTGCCGTGACCGCCAACGCGCCATGATACACAGCGAATTCTGGCGTTTCCGATCTGGGTGTAACCCTTGCAGATGACATAATCTTCCGGTTTGACTCCATTATTGAGGTATGACAGGCAGTTCAGCGGCTTAATAATCGAGCCCGGCATATACTGTCCCTGTAAGGCTCTGTCCAGAAGCGGTATTCCGGGATCTTTAAGCAGTCGCTGATAATCCGTGTTGCTGATCCTTGGAACAAACTCATTCAGGTCAAAGGTAGGAGAAGAAACCATCGCAAGGACTGCTCCGGTATCTGCGTTGAGCAATACAAAGGCACCGCGTTTGCCTGCCATGAGCTGGCTGGCTATTTTTTGAGCATCATAATCCAGAGTTAAAACAATGTTATTTCCAGGCAGCGGCTTCACTTGATCAATCAAAACCTGCCGGACAAACCCGAGGTGGTCAACCTGAACCAGACTGAATCCGGGAGAACCTTTGAGGCCGCGAATTTTATGTTCATTATTGTCAAATGTGTCAAAGGCCAGTTCCAGTCCGCGAACACCTTTCGGGTCCGGGACATAGTAGGAAAATTTATTGCGGTCATTTGCCTGCATTGGATTTTCCGGCCTGGTGTAACCAACTATGTGAGCAGCGATTGAACCGTCAGGATATTCCCGGTTACTGCCCGGGATAATACTGAGACCTTTAATTTGACTGGTCAGTACAAGTAACTTGGCAATTTCCTGTTGGGTCAGGTTTGTTACAATTTTGAAGGGAGTTCCGGGACGGCGCATGTGCAAATAAACCGCTTTCAGGTCAACTTCCGGTTTTCTTTCAATGGATTTGTAGATTTTTTTCAACGAATCCTCAATATACTTTACCGTCTTGCTCCGGCTTGTCTGCCGCATTTCCTCAAAGTACAGATAAGCATCAAAGGAAGGTGTATTTGTGGCCAGAATGTGATGATCTGAAGTCAGTATTTTGCCTCTGGGCGCTGGTATTCTAATGCGGCGAACGGATTGTCTTGAGATTCTGTTTTTATGAGACCTGCCTTCCTCTATCTGCTCCAGCCATAATTTTGCCGCAAGTATAAAAAAACCACATAACAGCAGTAATCCCAGAAAAATGACTCTGTTTCGGTTTTTCAGCCACATACTGCGCATCAGTTTATCTCCGGTTTTCTAAAAGTCTTTTTTTGGCTTCTGTATATTTGGGCAGTCTGAACATTCCTGCGGCATTATCAAGTATTATTACAAGCAGAGGCATAAAGACTGCACCGAAAGTACAGGTAAAAA
CP119760.1_gap32	1451991	1454327	2336	AGGCATCTTGACCGCAAAGCAGTTGAGCATATCTCGCGTGATTTGCTGGCCAATGAATTAATTGAATCGGTCAGTGTGTTTGCCGGCGAGGACGCTGCCAGAGGAATTCCGCTCAATATGCCGCGGGTTACCGCCAGCGGCGGCGGCAACGTCAACGAGTATAACCTTGAAGTCAGTGACGAAGAGCTCATGGAAATCAGCCGCAAGGGGATACTGGCCCTTTCAATTGATGAAATGAAAGCTATACAGAGCTATTTCCGCAGTTGCAGTGGACGTAATGAATACGGATTGAGTTCAAATCCTACAGATGTTGAACTTGAAGTACTGGCTCAAACCTGGTCAGAGCACTGCAAACACAAGATTTTTGCTGCTGAAATTGATTACAATGATACTGAATCAGGCAAGAATGAAAAAATAGTTTCCTGCTACAAGACCTTTATTATGAAGAGTACCCATGAGATTTCCGAGGAAGTCGATTGGCTGGTATCCGTTTTTCATGACAATGCCGGTGTGATAGCTTTCAATGATAAAGTAGACCTGGTTTACAAAGTTGAAACCCATAACAGCCCGTCTGCGCTTGATCCCTACGGTGGCGCCATGACCGGAATTGTCGGAGTTAACCGCGACCCGATGGGAACCGGACAGGGGGCTGACCTTTTGATCAATGTATGGGGATACTGTCTTGGGTCACCTTTTACAAAAGAACAGGAGGTACCTGAAGGCCTGCTGCATCCCCGCCGTCTGCGTGACGGTATTCACAAAGGTGTGATTGACGGTGGAAATCAAAGTGGTATTCCTTACGGACTGGGCTGGGAATATTTTGAAGATCGTTATCTTGGAAAGCCGCTGGTTTATTGCGGAACGGTCGGGACTTTGCCGTGTGAAATTAACGGCATTAAGGGTTTTGAGAAAGAAATCAAGCCTGGCGATCTGATAGTAATGGCTGGCGGCAGAATAGGCAAGGACGGCATTCACGGGGCTACCTTTTCATCCGAAGAGCTGCACCAGGACAGCCCGACTCAGGCGGTGCAGATTGGCGATCCGATCACTCAGAAAAAGATGAGTGATTTTATCTACGAAGCCCGCAGCCGGAGTCTGTATCGTTTTGTTACTGATAATGGGGCCGGCGGTCTTTCTTCAAGTATTGGCGAGATGGCTGAATTGTGCGGCGGCTGCTGTATGGATCTGAAAAAAGCCCCGTTAAAATATGCGGGTCTTGACCCGTGGGAAATCTTGGTTTCCGAGGCCCAGGAACGCATGAGCTTTGCGGTGCCTCAGGAGAACATTGAAAAGTTTAAGCAACTTGCTGCTGATCGCGATGTCGAAGTTACTGTTATGGGTGAGTTCACTGACAGCGGCAAATTCCATATGAAGTATGGTGATAAGACTGTTGCGCTGCTTGATATTGAGTTTATGCATGATGGTCTGCCCAGAATGCAGCTCAAGGCTGAATGGAAACGCCCCGAGTTTAAAGAGCCGGTAATTGACGGCAGGGACTGCGGTGCAGATCTGCAGAAACTGGCGGCCAGATTAAATATATGCTCTGACGAGTATAAGGCGCGCCAGTATGATCATGAAGTTAAAGGGCTGAGCGTAATAAAGCCGTTTGTCGGAGTAAAGCGTGACGTCGTCAGTGACGCTACAGTTACAATGATTGAACAGCTGAGTACCGAAGGGGTAATCCTGTCAGAAGGCATCTTGCCACGCTACAGTGACATTGATACTTATCATATGATGGCGTCTATTATTGACCTTGCCGTGCGACGTATTATTGCTGTCGGCGGCAAACTTGGACACATTGCCGGTCTGGATAATTTCTGTTGGCCTGACCCGGTGCAAAGCGAGAAAACGCCTGACGGTAAATACAAACTGGCTCAGCTGGTAAGAGCTAATCAGGCTCTTTATGATTATACCAAGGCTTTTAAAGTACCGTGTATTTCAGGCAAAGACAGTATGAAAAATGACAGTACACGTGGTGGACGCAAGATTTCAATTCCGCCGACAGTACTATTCAGCGCAATTTCAAAGATGGATGATATTCGTAAAGCTGTTACACTTGACGCAAAGTTTGCGGGTGATCTGGTTTATGTAATTGGTGACACTGCGAATGAACTTGGCGGCAGTGAGTATTATTTCATGTTGAATGAGACTGGAAACAATGTTCCACAAGTTAACGCAGAAAAAGCTGTTGAAATATATAATGCGGTTTCCAGAGTTACAGAGGCTGAACTGGCAAACTCTCTGCATACACCGGCTCTGGGTGGACTTGGGGTTGCCTTTGCCAGGGTGGCGATGGGCGGCAGGCTAGGACTGGAAATTGATACAGATAAAATCCC
CP119760.1_gap33	1460732	1461563	831	ACCCGGGCAGGGGGTTTTATTGCTGAAGTCCACCTTTGGTAATATGAGTGATGGCGTAAAGTTATTCCTGCCGATTAATGTAAAAGGAATTAAGAAGCAGAATGCTTACAGTGGCTATATTTCGAATAACCAAAAGCAGAGTGCCTTTGTCGCTCTGGATATACCTGAAGACTGCAAGCCGGATTCAACCAGATTAATTATTCAATATTCACCCTCAATAGCGGCTTCAATGGTGGATGCTCTGCCATATCTGGCAGAGGAAAGCAAAGACGCCAAAGATATCTATTCGGCCTTAAACAGTTTTCTGCCTTCACTGGCCGCATATTCTGCCGTAAAACAGATAGGGGTGGATATCAGCCAGCTGCAGAAAATTGCCTCAGGCCTGAATCCAGTGGAAATTGGAGCAAAAGCCGAACGCGTAAAAGAATGGCGCCGGCTGCGCTCAAATCCGGTTTTCAATCAGAAGCTTCTGGACAGCCTGGTTAGAAACGGGCTTAAAACAATAACTGCAATGCAGAACAGTGACGGCGGCTGGGGCTGGTTCAGTGGATTCAGCGAGAATTCTGCCGCTGATACCACAGCCTACTGTGTTGACGGTTTGCTCCAGGCCAAGGATAACTACCTGCAGATTGACCGCAACATATTAAACCGCGGCGTTGAATGGCTTCAGGCCTGGCAGAACCGCCGGAATGCGGCGTTTGTAAAAGCTGTTTCAGAAAAGTCAACACCGCAGATAACTGAGCTGGATTCATTGATTTTTGAGGTCTTGACCAAAGCCGGTAAATATAATAAAGCTTACGGCGAAATCCTTTATAAAAACCGGAGCAAGTT
CP119760.1_gap34	1462645	1464966	2321	CTCGGATACTGGCTTTACTGAATATAATTACTCATTATTGTCTGGCGGCAGCCAGTTTGACTGGAAGACAAAGTCTGGGAATCTGGGGCCGTGCAGGGCTTCGCCTGAAAAGCCGAGGGTTACAATATCAAAAACACCGGTAAAAGCCCGGGCTACAGTAAACAACACCCCTTCAGGTACTCCAACAATAAGCCCGAAGAAAGGAATTTGAGCATTATCATAGATCATGCAGCGTGGTAGTTCAAGCCAGCAGAAAGTGATATTGGTTAAACCGCGGGCCAGGCAGTAAGCAGGGTTGATACCGCTTTTCTTTTTAGGTTTTTCCGCTTTTTCTGGAGTGGTAGACCTGGTTACGGTTTTGGTGGTAGTGGTAGTAGTCGTTGTTTTGGAATAGTCCGGTTTCTTCTCTTTAGTTGTTTCTGTTTTTGCCGGTTGCTCCGTTTTGGCAGACGCAGCAGGTGCTTGTACATCCTGTACTGTTGCTTTCTCTGCCGGAGCAGTGGTGTTTTCAGTTTTTTCCTGGGCACTTGCAGCGATGCCGAAAGTCAGCATTATCGCAACTGCAATAACTCTCTTGTACATTCTTTTTCCTCCGTACGAATTAAGTTCATGGATATATTAATAATAGCGTAACCCAAATAATTTTGCAACCATCCAATAAAAAAAGCCGAAGGTGGTAAAAGGCACCTCCGGCTGCAGGGAAAAAGCTTATTTGATGTATTTGCCGATAATTGGCTGCAGGTCTTCTTTGGTCTGCGGGTTCATGGCATCCGGAGCTGTGATTACAGCGTTTTCCAGAGCTGTCGGGCATGGGCATTCCTGCTCCAGTCTGGACATACCAGCAGCTACACGGTGGATAATGTCTTTTGCCAGAGCGGTGTTTGCTACCAGGTGACTGATTACAAGATCAATAGTCACATGGTCATGTTCAGGATGCCAGCAGTCATAATCTGTAACCATGGCGACGGTGCAGTAGCAGATTTCAGCTTCACGTGCCAGTCTGGCTTCTGCCATATTAGTCATGCCGATAACAGACATTCCCATTGCCCGGTAAAAGTTGGATTCAGCTTGTGTTGAGAATGCCGGGCCTTCCATATTGACATAAGTGCCGCCTTCGTGCACGCAGCGGGAAGTGTCATCAGAAATCGCGATGGCTTCGCGTGAGGCTTCTGCCGCTATTGCCGCCATTTCAGGACATACCGGATGGGCCATAGCGACATGAGCGACAATTCCCTTGCCGAAAAATGTCTGTTCCGGTCCGCGCTTGGTACGGTCAAAGTACTGATCAACAATAACTACGTCACGCGGCTTCATTTCCTGTTTAAGGCTGCCGACTGCTGAAACACTGAGAATATGGGTAACGCCAAGTTTTTTCATGGCGTAAATGTTTGCCTGGTGATTCAGTTCCCCCGGGGCTATCGGGTGACCTTTGCCGTGGCGCGGCAGAAAAACAACCTCGACACCATCAAGTTGGCCGATAATAAATTCGTCTGACGGCTCGCCGAAAGGCGTGGTTACTTTTTCAGTTCTGATATCCGAGGTGCCTTCTATCTGGTAAAGGCCGCTGCCGCCGATGACTCCTAATTTCATAACAATAATCCTTTTGAATTTGATCTTTATGCTTTAATAATCGCAATCCAGTCAATATATTACTGAATCAGCTAAAATCAAAATCCAAAATACGGAGTTTATAATAATGGATAAAACAAAATCCCTTGCCAAAGATATCGCTTACTTTATGCGCCGGCTTTATAAGTGCGGGTTGACTACTACATCGGGAGGCAATATATCAGCCCGCTGCGGTGAAAATGTATTGATTACACCATCTGCTACTGACAAAGCCAGAATGAAAGGCGCTCAGGTTGGAATGCTTGATATGGATTGTGAAATTGTCGGGGAAAGTTTCAAGCCGACGATCGAATCCAGAATGCACCTGGAAATATATAAAAGACGGGCAGATGTTCAGGCGATCGTCCATGCCCATCCGGTCACTGCCGGAGCCTTTGCTGCATCCGGGCGTGATATTGCTACTGACTATCTCGCAGAGGCATATGTTATCCTTGGTGATCTGGCGTACGCTGAATATCGCTGTCAGGGAACAGAAGAACTGGCTGAGGTCGTTGGCGATGCAGCAGAAAAAAGTGACTGCATTGTAATGCGTAATCATGGAATTATTGCTCTTGGATCGAATCTGCTGCAGGCTTTTGACCGGCTGGAAGTGCTTGAGAATGCAGCCAAGACGACGCTTTTTGTGGAAGGACCGCTTATCGGCCATGGGGTGAGGCTTGATGAGGCTAAGCGTGAAGAACTTGACCGCAAAT
CP119760.1_gap35	1469242	1472999	3757	GCATTTATCTGCGGTACGTATTCATTGAATATTTCTGAGGTCGCAATTATTCCCTGAACAGCATTGGTCAGATAAACGGTTTCGCCATATTTGAGATTAGAAAAATTACTGTTTTGAGCTGCTTTTACAGCGCATTTTAACAGGTTTTCGTCAGCGGCAAAGAACAGTGGATTTTTCTTTACATTACTGCCGCTGAAGTCGGAGTTCGGGGTGTAGGAGCTTGAGCGATGAAATTTGCCTTTTGGGTCCAGCATACCAAAATCGTAGAATGTGACTTTTTTGGCAATAACAATTTCACCCGGCTGAGTTTTACTAGTCCCGCCGGCGACACCCGTCATAATAACAGCAGACGGCGAAAATTCATCGATTAGAATCGCGGTGCCAACCGATGCGTTTATTGCTCCAATTCCAACCTGGGCAACAACAACACTGCGACCATTCAGCTTACCGGTATAGTAAGTGCGTCCAAGCATTGTCCAGGTTTTCATGTCCTTAAGTTGCGACTTCAGGTAGTTTGTCTCCATTTTTATAGCACTGATAATCCCAATTGGAGCCGTCTGTGGCTTTGATGCAACAGCGCTGTGAGCTGTCATAAACAATGTGAAAAGAATTGCGGTTGCAACCATTAGCTTACTAATTATTTTTTGCATAATTTCTATCCTTTGGTTAGTTTAATCATTAGGTAAATATCAGGTTGTTTGTTTTATTCTACTTAAAATATTTATAATTTTTTTTGAAACAATTTCTTTCAAGTCAGAATATGGCAGGGAATTTGCAGGGTGAATATTATAATTTAAAGTTGTCCAGTCGGTGTTAAATTTTTCTATGTCAGGGTTATCCGTATCATTCAAATCAATGAGCTGCAGCATTGGCATACGGCTTTTCTGCTTTCTGTAAAACTCTTTAATCATGTTATTGAAAAGTTTAAAGTTTGCCAGTTGAATGGAGTTTCTTCTAACGGCAATATTCGGGATTGTCATCATTATCAAAGCGCAACATGCGGATTTTCCTAAAGCTGAATAAAGTTCTTTTATCAATTCCAGGTATGGCATTATATCAGCAGAGGTTTTAACGTAATTTTCTGCCATATCATACGCTCCGAGCCAGACAACGACAATATTAATCACTGGAGACGAAAGCAATTTTTCAGCATTATATTCCGGAGCTTCAGGTGTTGCTCTGGCAATCATCTTTACCCAGCAGCGAGCCTCATAGTTAACTCTTGAAATCATGTCGGCAAAAGAGTGGTTGTCCAGCAGGTAATTTAAATCTTTGAAGCGGAGGCCTGGAAATGCCAGAATTCCGTGAAAACTGTCCACCTTCTGATACTCTTTAAATGCTGGTGCAAGGCCACTGGTTTCTTCATTGTCAATTATATTTTGATATGTAATCTGGGAATCTGAACCTCCAAGCGGACCAAAAGCCGAAAATGAAAATCCCGGTAAAATTTTTTGACTGTTCAAGTATTTTAGTACCTGTAAAGGGTAGGGCATGGATGAAACTCCTTCAGCAAGACAACCACAGGTGTATGAGTCACCAATAAACATAATATTGAGGTTCTTACTAGTTGAACTTGAAGAGGCAGCTCCGTAAAGGCTCATTGACGTAATGCTTATCAATGCGGCGGCTGCCATCGGAAAAAGAAACTTACCGGTCATGGGTGCTCCAGAATATCACAATAATCAATACGCTTAAATAGCTAATTAATATTAGCCTAATAAAGTATACAGCTTGATAGCATATTTTTCAAATTGGCAATAAGCTTCTAACCTGATTTTAACAAAACGGGTTTATTTAAAAATGTAAGTTTATTCTTTATTCCTGTAGATTGGGACAAAGGTAAATATCTTTGAAACTTTACCTCTTACTTTCATCTTTTTATTTACCGCCCAGCCGGCAGCTTCAAGAAAAAGAGAAAGGTTGCGGCGATTCAGCTTCATAAGAGCTGAAATTACTGCCGGGGCAAGGATCAGAATAATAATACCGGCACAAACCGCGGAAATTCTTGTCCATGACACATTTTGCAATGTTTTTATCACATATGCCGCGCCGCTTCCAAGAGCCGCTATTCCCACTGTACCGCACAGCATCATTACTGAGCCTGCATTTAACGCAGATTTTGATTTTGTGGCGTCAGCAGCTTTAATTGTTTTATCCAGATTCTTTCCTAAGTTGTTGAACTCGGAAAGTTTTTGAAATTTTTGACTTATAGAGTCGCCAATTTTACGGAAGGGCAACATGAAAGACTGACCAAAGGAAACCGGGCCTTTTATTATCTCGACAACTTTGGCATTCCAGTATTTGCCGTTGTAGTCAATGAATATTCCCGGCTTTCCTGCATAAAGTTCATTAGCCCGGCCTGAAGTAACTGCAGCCGCAACTTTCATTGGTGGTTCCTGATCACGCTTAAGGTCAAGGTACAACATGCATAAATTAGCAGCCGCCGCCAGTTTTTTGTGGTCGGCTACATTCTTAATTTTGACGTTCAAATTGAAATGTCTGCCGCCCATAATCAGAGAGCCGGCTTGAATCATGGATATTTTCCCCGGTGTGTAAAGCTCTTTGAAATTTACGAAATTATTGACAAATTCCGGCAGATATTTATGGAAAAGAATGGTTTTCTCTGCAGCTTTCAGCATCTTCAGGTTTTCACCAAGCTTTTTGTCCATCACAAAAGCTTCAAGCAACCTGTCCAGAGCTGGTCCGGATATATAGTCTTCAAGCTTCTCCTGCCCCAGGCTGCCGACCTGTCCTGATTGGCTTTTAGCAAGGTAATCGTCGTAATCAACCATAAGCTTTTTGATTTCTTCCCATTTTGCAGCGGTAAGAGTAGTTGCCTCAAACAATTCAGCAAATACTTTAGCTTGAGCCTTGTAAACCGGGTTGACTCTTTCAAGCATATTCAGCTGCATTGAATCATCAGGTTTTGCCAGAGGAGATGAGGCAAGGTAGTCAGCTACTTTCTGCGGATCCTTAATATCAAGTTCCGGAATTTTTTCCGGGTTAATACTGAATCTTGCCAGATTTGCCTGATCAATGCAGAGCATTTCACAAAAATCAAAATACTCATTCAACTTATTTTTCAAGGCGGTGTAAGATTTATAAGCAGCCGGATCATTGAGGGTGCCAAGTGAGGGCGGTGTTGCCGATTTGTGCCATTGCAGGAATACTTTTGCATCGGCAATAAATTTGTCCAGCTGTTCTTCAGTAATGCCGGTGACACCGGCTTTGGTTTTGGTTCCGCCGGTAATATTCGTAACATCTTCAAGATATTCCTTCGCCGTGTCGTCTACTGCGGCAGGAATGATAATTCCTTCGCCATTGAGAGGGCCTGATGTCAACTGGGTAATCTTCTCTCTGATTTGATCAAGAAAAACAAGTTTGTCATCCTGTAATTCGTCGGAAAAGAAGCCTCTGATAAATTCAATCAGTCTGGAAGCATTCTCTGAATTTCTGTTCAGCAAAGTAAGGTCTATGGCATTTTCCGGAAGCCTGGATGCACTGCAGGTATCAAGGAGAAATTCAACCGCCTCAATTACCATATCGGCCCTGATCGCGGTTTCGTCTTCCGGGTGCATAAAATTTAGAAACGCGGCATCTGTATTGACCGCATCTACCGGAACACTGGTAGCTGCCCACAACGCAGGATCAATTTTCTTTAAGTATCTCAGTGAATTAATCGTTGAAGGGACAAACTGTAAGCTGCCGCCGATTTTGACAAGAGACAAACCCGCATTTTTCATAAAATACTCTCCCC
CP119760.1_gap36	1626848	1630657	3809	CCGGCTATAAAATCCTTGTTCATGTTCAGCAAAAAAATGTCAGTTAATTACTTATATATGAAAAATTCGATAATGCAAAGGGAAAATCCTCAAGCAGCCTAAAAAAATAAACTCAGCACTAAGTTTCATTTATAAACATTAAAGAAAAAAACACACCTGTCCTGACTGCCGCTGTCAATATTTTTATTCTCCCTTACTAAAATTTTAATAATTGAAACCAATGCATAAGAACACTAAAGGATTTAAAGTTTTAAAACATATTATTAAACGTATCTAAAAAATATAAATAAATGCTTAAAAATTTATAAAACCATTAACCATTAATCAGCAGTATCATAAGTTTAAATATTTATTTAATAAGAACTGATAAAATATAAAAACAACAAATCATATAAAATACTAAGCCTTTGATTTAAAAAACTTAAAATCTTTTAATCTTAAGTAAAAAAATAAAATTTATTGAAAATAATTTTAGATTATTTAAGACAATTGATGGTTAAAATTAAGTTTAATTTTTTTAGAAAAAGCTCGAACAAAATGACAAATAGCAAAGTCTATTCATCTTAATTTATCGCATTCTAAAAAGATTCCAGCAAAATAAATAATTCCGGAAACTTCTAATTCTGACAGATATAATACAAACAAATTTTAAAATGAGGGACAACCATTGAAAAATCTAACATCGAAAATGATTTTCATTTTCACAATTCTATCATCCTGCTTCTATCTTAAAGCCGAGGTGGAGTGCGCCCAGTGCGGGCAAATGGTCAGTCAGGCTGACTGCCGGGAAATTGACCAGTATGAAATTGAACTACGAAGACAGTATCATTACCTTTGCATGGATCAGCTTAGAAAACGACATCATGCTTTTATGAGCAGCCATGAGAGCGTTCATTTGAATGATGAGACATACTATGATTATTTTCATTTGCCGCTTTCAGAGGAAACATTGCAAAGACAATCACTGGTCGGCAGAGAATTGCCTGAAGAAATATTTGAATTCGAGGCGGAATTACAAGCCAGAAAAGCTGATGAATCAATTGGAGATTCTTTGTCTTACGGATTATTGCGGGAAGATATTAGAGAAACCGCTGCCGGGCTGGAAGTATCCAGCATGAGCCCAGCTCCTGAACGGGAAGATCTTATGACACAACCTCTGTGCATCAATTGTCTAAGGGGAAACTTGTCAGGAAGGGACAGGATTGCCAGATATGAGTATCCAGTTAATCCAACACCGCTTAATATTCAGCTTGCAATGAAGTTGCATCAGATAATAAATGACTCCGATATAGTTATATTGCTGCATAACCAGGCTACAATATTTTCAGCGAACAGGTTTCTGATTGAATATCTGAAAGTTTACTCTACAAGAAGCGCCGTTATCGGTGTTGACGCTTTTGATGATGAAGCTGATTTTTCCCGTCAGGAGTTCGATATTGTGCGTGAACATATTGCCCAGAAATTCAAAGAATGGAATAAAGCGGGATCCAGCGGCGACGATTATTCTAACCTGGCAAAATTAATAACCGCACTGGGACTGCCGCTGATGGATATCGAAAAATACTTGTCTGTTGAAAGAAGAGATTATTTTAAGTCTATTGATGACCTGCTTGGTTTTGTAAAAAGCAGATGCCGCAATATTGTGTGCTTTGGCATGGAGACCCCTCTTTCAGCACTGGACTACTTGCCGGATGATGCATACAATAGTGCGGTAGAAAAATACTTCGGATTATTGACAAGTGCATGCCGGGATTTTGGCATTACCCCTCCAGGTCTAAATGAAGCAAAAACTTCCTTCAGAAGACATTTCAAAAACAAAAAAACTTTTGATATCCGCAAAACGGCTACTAATGAAAACGAGATCGCCCGTAAAGTATGTGCTTACTATCTTGCAGTCAACCATTGTGGACCATTCAATACCAGAGTACCATTTATTATTTCAAAAAGTATTGACAGTAAAGTCCTTAATGGGGTAACACCCCACGACAGGCTGCTCAAGGAAATCATGAGAAGAAATTTTGAGGCAAAGGGATTTAATAATATTAAAATTACGGCCATCTACGTGGACGGTCATGATACAGTTCCTCAAATATTCTCTGCTGAAAAAAATCCGGGACTCATTAACTGCGGTCTTGACTACTTAATGTATTACTCAATAGTCTTTTAAAAACACCAGCAGCAATAAAAGATTGTCCGGTCATTTTTTTGCCCGGGCAATCCGCTTTCCTTCTAATGGCAAATCTTTGACAAGAAACTATTCAGCAAACAGTTGAACGCCGAGAAAAGTACAAACCTCCTCCAGATCCTTACAGCGTAAAACCGCCATATGGTCAAGCGGAGTAGGCATGTCATTAACAATAACCAGTTTCGCTCCGGAACGGACAGCCAGGGCCGGTACAGATGCGGCAGGCTGAACAACCAGTGTGGATCCCAGCACTATCATAAGATCAGTTTTCCGAGCCAGCTCAAAAGCTTCTTCAAGCGCACCTTCCGGCAGCATTTCCCCGAAAAACGTAATACGGGGCTTTACAGTACCACCGCATATGTCGCATATCGGAAGAATATCCTTACAAACAATCTCAGAGATTTCATCAAAAGAATAGGTATTGCCGCAATTCATGCAGTAATGCTCTGCTGGCGTGCCATGAAGCTCAACGATATTTGCAGTGCCGGCCCGCTGATGCAACATATCAATGTTCTGCGTTATAACCGCTTTCAGAATTCCCCTGGCTTCCATTGCGGCAAGTGTTCTATGAACAATGCTCGGCTGCAGGGTATGAATATTGTAGATGAATTCTTTGGAGTTATGATAATAATAACTTGGATCCTTTAGAAAGTAGTCCAGCGAAAATATTTTATCAGCATCTATTTTTTTATTACGGTAAATACCGTTTTCTCCACGAAAATCCTGAATTCCGGAAAAGGTTGAAACTCCGGCTCCGGTAAAAGCTGTACAAAACTCAGAGTCTTTAATCAAATCAAGCAGCTGTTCCATAACTTATTCTTCTTTTGTAGCGCCTCCGACCCTGATTATTCTCACCCCACTCAGAATATCATGCAGGCCGCGATGCAGTAAGTAGTTGAAAAACGGCATCAGAATACCAGTTAAAAACATTAAGACGGTCCACCAGAAAGCCCTGAAGTAGCAGACCTCACTGATATTTTTTCTGGTAATAAAGATACCCCAGAACCACATACCAAAGGTCTGGGCAAAAAATCCTAACGTCAATCCATAATACAATATGGCAATACCCAGCAAAATTACCAGGCACCAGGTAAAAATATTCGATAAAATTGATACTTTTATCCAGCGGGCGTCATTTCTTGCTGCTCCGAGACACACATACTTTTCTGCTGCGGTTTTATCTATCCAGACTGAACTGATTCCGTAACCACCCCGCTTATCAGCACAGGTATAAGGTGGATACTCAGCGTTCAGGTTATCCTTATGCAGTTTATAAATTTTCTGCTGGCTTTTCACTGCCATATTTACTTCATTGGCCGCATCATTAAAGTACTTTTCAGTTATACCAGCCTCCTCTTTTGCAGCAGGTTTTTCGGAATTTTTCAGGTGCAACAGCTGCTGTTCAGCTGTAACACGCCTGCGTTTTCTTTTTTTCCCGGACTGATGCTTTAGCTCCAGCACCATGTTATCCTTTTCAGCCAGCATGCGCCGGGAATTATCAGTATATTTTCCGGCCAGATCATGTGCGTAGTACATCCCGCAACTGAAAAAGAGGCATCCAACAATAAAAACCAGAAGCAAGTCACACAGCAAAGCCAGCAGCCTTCTGCCTGTCGTAGCATAT
CP119760.1_gap37	1788324	1790301	1977	TTGATAAAGAAAATCAACCGGTAGGTTTTGGTAAAGACACACCATGGGAAGGAGTTCGCAAAAAACAACGCCCGCTTTATCACCCGGAACTTTCTGAAGTTATGCTGCTTTTTTCGCGCCGGACAAAACTGCTGCTCAGGCTCCTGCCCCATGACAATAGTCACAAGCTGGTAAGTCAGGTAGTAACACTCATTGAACGCTTTGGTATTGCAGGGTCAGTTATTATAGCCGGAAATGAAGATACCTTACAGTGCATTAGAAAATTATCCTCAAAGACATCTCTGGCATTGATTCAGGAGGATGAGACTCCAGAAAAAGCCGCAGACACAGCTGCCGCAATGGGGCTTGAATACCTGATCCTGAATGCAGAATATTTAGCCAGTTCAAAAAAGTCGGAGTTAAAGTCGCTGCAAAAACAGCTTCAGGCTACAGCTGTGATTGCAGTATCCAGTTCAAAATCCGGGACTCCCACTCCAGAAAATTATCTTAAACTGAAAAGTTATGCCTGGATTGAAGGCTTCATCGTCCGGGCCGTTCACGAAATACGCAGTCTTGAAACGCCTGTCGCCTGCATTGTCCGTGACGACTTTGCAGGAACTGAAGTTAACCGCACTTACTGGACAATGGGGTATTCGAAAATCAATCAGGATACCAGCATTTTTCAGGATGACGGGCTGTTTATAAAAATACGGCAAGGCGGTGAATATTCAGGAGCTGCAGCTCTTACCAGTTTTCCAATTGACGGTAATTTTGATGCACAGGTTTCATTTGAAGTTATCAATCCGCATCAGGGAACAACTTTTGAGCTTGCTGCTATTCAAGTGGACCCGGGGTATCACCATATGAGTAACGAAGATTTAAGCAAACGCAGTATAAATTTGACTTTTGATGTTCATGGTGCACCGCCTTATGCCAGCAGCGAACGTGATGAAAATGACGGTTTCAGGATCGGCTGGAACAACGGTCCCGCCCTGCCCGAATTTGTTGACCATATAGCCCAGTCCTCAAATATTTACAACAAGTACAGCCGGGATGTTGGTGATGGCTCAAAAAGTAACCCGAGCGGCAGTCTGCGGCTGGTTCGCAACGGCCCGGTTTTCAACGCCTACTACAGAGATAAATTTAACCGGCAATGGGTTCTTTCAGGAACAGCATTAGTCCCTACATTATGTAGAACCGTATTTCTACGGCTTGGCGCAAAACACTGGCCCAAGAAAGGCATGACGCCACCGTCAAACACCATCCGGTTTTCTAAGTTCCGTCTTTATCAGCCCGTAATCAACAGATATCCACAAAAATAATGGAATAATAATGTGTGCTGAATATGCCCACAGAAGCGAGGAACATTTACATGGAGAAAATATTCAAAAAAGGCATTCCAATGTCGCAGGAAAAACGACCTGTATGTTCGCTGCCGCTGAATGACGCCGACCTGAGGCAGCACAACTGCAACTGGACTAAAGGCTTACAGGCAATGACCGACTGGATATGGAGCGGCAACCTGAATCCTGAAGCGTTCCCTAATAATCTTGGCAAGTACCTGCTCCATATTCCCGGAGTACTCGAGCAGCAGTTAAACTATTCAACCACTTTGCTCTTTGATGAACCTTCATTCAGAAATGGAGTGCAGATATCCGGATTTCTGGACCGTCCTTTGCGAGAAATGATTATAAGTTATATTGGACAGCTGCGCCGCTGCTGGTACACCATGACGCACCATGCGGTACTCGGCAAACTTACTTTTTCCAAGCATGGTATCCCGGAAAAGGAGTTTGAGTTAAAATACAGCAGTCTGCTGGAGTATAAAAAATGTCCGGATATTTTCTCACCGCTTGAAATGGCTTTGCTGGACTTTGCCCACGCTTTTGCCACCAATCCAAGATTTTACACGGATGATCAATTTAATCATCTCAAGAAAATTCTTGAAAAAGAAAATCAGCAGAAGTATGTCGAAGAAGCACTGTGGATGACACGGCT
CP119760.1_gap38	1799428	1801964	2536	TCCGGGTTGACAAGGCGGGGGGCCGTAAGCTACCCCGATAATATTATCAGAATTTACTCTATATGCCTCTCCGATATCAACGGTTTGATTTGCTTTGTACCATAAATAACCAGAGAAAAAAGAGTCCAGATATGAAACGAAAGGAAAAGCTTCGATTAAAATTGCAGCTTTGATGATTATCAGCTCCTGACTCCCGGCTTGCTGAGGCCTGTCGACAATACTGCCGTTAATTTCCCTGTCCTCCGGTAGTAAATACTGAAGCACCGCTCCATACTCCCTGTCATTAGTAGCCAGCACGCCTCCAGTCGTTAGACTGTTCCAGTCAATACTGTTATCGCTGGATTCCACACTTAAGTCAGCCCATTTAACTGCCTGGTCTTTAACATAAGTCAGCACTATTTTCCTATTAAAATCTTCACCTAAAGGTGTAACAATAAAATTTGCTGCCCCATAGAAATCTGGTACTGTACCCTGCCCTACTTCCTTAAGCTGCAGCTTAGCTCTGTTCCACTCAAAGACTTTATATTCTCCATTCAGCCCTAAAACAAAAAGCTTTTGTGAACCATTCGGCTCATTCACCGCTGAAATATTTGTAATTCTTTGAGTATCTGAACTAAATACCTTGTAGCTGCAATCACTTTTATCGACATTTTTATTCAGACAGGTAAGTGTATTTTCTCTGCCATAGAAAAGCCAGCCTCCCAAAAGAACAGCTAAAGAACCAAGCCCCGGATTTCTACTAATTAGCCCTGGGGAAATATTTCCCTCAGGTACTATATTGCGATATATGGTTCCTTGCTCCTGATCATCCTGAAAAAAAGGCTGACTTGCAGCAGTTTCTTCAGTTAAGTCTGCCAGTATATTTGCTTCAGGAGCAACGTTGGGTACCGTATAGGCTCTGTAAATATGAGTTGAACCATTTGTGTCAATTACATAAATAAGACTGGTGGCTGAGTCAACAGTAAAAGCCAGCGCTTCTATTCTATAGCCTCCAACCTGCGTGAGGGAATTGTTATCTGGCATATGAGACAGACTCAAACCATAATAAAGCGGGTTTCCTTTTGAATAGGCGAGAACAGAGGTCAGAAGAAATTTTTCATTATTATTGTCAATAACAGCAAAAGTCTTCTGCAGGCCGCTTACTGGGGCAAAAGTTTCATTAGCTGAATCAACAGGAGTATAGGTCACATCCGTTCCATAAGCACATATCTGGGATAACAAAACCGTGATGCAAGCTGAAAGTAAAAGTAGTTTTTTCATATTTATGCTCCCTTATTTTATAGTTTATGTAAGTCCGTGACAGCGTTTTCGCACCGCTTTTCACGTTTATTTGGAATCAATTACTCCATGATTTGATAAAGGCAGGTTTCAAATATTCAGCTGGAGCTTGTTCCATTCCCCCTGAAATCCTGATTTAACTTGTGTTTCAGGCAAGTCCCTCCAAATTGTTATGATTACTTTTTCAGTACCGGTATTACTTGGTAATTAACATGATTGGCGGAAATCCACCGAGCCCAAGGGAATCGGTACTTCTCTATGAATCTAAAAAGTGCAAACTGCAAGCCTGTAATAGTCGACCCAAAATATTCGGTATATCACATCTTTTACTGCAGTCTGAAGTTGTAGATTTGCTGCTTCCTTAAAAAAGCTTATTTCCAGTATGCGCTTTTGCTTTTCAAATGCATTCAGCAACTAAATACTGCTTGCTGTCCCCATGTGTATGGCTGCATACCGGCAAGTCATTGCATAATAAAGCGGGAATAGTTGTCTCTAAATGCATATACCGCATATCATAACAGCATCATAACTATTCAGGCACGCTGCATGCGCAGTTATAAGGTAGCCTCTTCACCAGTACAATATTAAAAAATAATGTAATACCTTACTGATTGAGACCTTTGAAATTGAAGCATGTTCTATAGAAAACAAACATTTATTGTAATATTATTTTTGTATTATGTAATGCATTTAAAATTCAGGAATTGACAGTAGCCCCATATACCACCTATCCTGTTTTAAATTAACCACTTGAGAATATATTGATATTTTAAAATCAGGGTAAATACAGGTTAGGCAAGTGCTTATTAACATATTGTTACTTTTTGCTTTAAAGAATAATATAATAATAATAGGCCTAACAAATTGTTTAGTACATTAATCACATTAAAATATTTCCGGTTCTCTGCCAATACCACCAGAGAGTGGCACAGATGATATTATTTACTCAGAAAAGCTGTTACGCCCCTTATCAGTAAAAAACGCAAGGAGAGAGGCCCGGGAGAAACTGTGTAAAATAAGGAGTAGGAGTGGGCCTCTCAAAAATAAATATGTATTTAATATACACCAGTATCTTTAAAATGGTAGTACCAATTGTGCTTTTTTTGGTATTTTAGCTAAATATTTTGTTCTATGACCACAAAAAAATCATTTAATTTAAACTTTCCAGCAGGAAAAAGAGTGGCAACCCCGCCTGGATTCGAACCAAGACTAAGTGGACCAAAACCACTTGTGCTACCATTACACCACGGGGTTGTAT
CP119760.1_gap39	1803003	1806975	3972	AAGCCGGTGGTTGAGCAGAACATTTTTCCGGGAAATTTCGATAAAATGTTCTGGTATGCCATCGGTTTGGCGGCTTTGGGATTTGTCATCGTCATTATTATGGAGTATGTTGCAAACCGTAAGGAATCGTTGAAAAATTGCAACTCGTAAAATGAAGGCTTGTGAAAAATGCATCCGATTTTTTTAGAATTGGGCTCTTTGACTATCCGCTGGTACGGAGTCATGGTAGCAATCGGTTTCCTGCTGGCAACACTTGTTCTGAACTTGAATAAAAAATACGCAAAGATGAACTCAGACCAGGTGACGACACTGGTTTTCTTAAGCGTAGTATTCGGTATAATTGGTGCCAGAGTTTTTTATGTTATAGAATTCTGGCCCTCCTTCAAGGGTAAATTCTGGGAAATATTCAGGGTCGACCATGGCGGACTGGTTTTCTATGGCGGCTTCTTCCTGGCAATGGTGGCAATTATCGGATACTGCTGGAAAGAAAAGCTGAATATGCTCCGGGTTATGGACATCTGCAGTCCGGCGCTGGCTGTAGGGCATGCCTTTGGCCGGATAGGATGTTTTCTTAATGGCTGCTGTTACGGCAAACCCACTCAGAGCTTTCTCGGCGTTATCTATCCAGAAAATGCGCCGGCTTATCTTAAATATGCCGGTTTGCCGGTACACCCGGTACAGCTTTATGAAACTGCCGCGAACCTGATACTTGCCAGCATATTATTTGTCCTGATAAGAAAAACCAAACGTGGTGTCGTCATGTCGCTGTATATTATGTCCTATGGTATAATTAGATTTGTCGATGAATTTTTCCGCGGCGACCACGACAGCCTTACCTGGGGCCTTTTCACCCCGGCCCAGGTTATTGGCCTGTTTCTTATTCCTATCGGTATTATTCTGCTGATATATTTCTTGAGGAAAAATGAAGCAAAAAATAATAAACCTGACAATCGATAAAGACGTGGAGGGAATCCGCCTGGACCGCTGCCTTTCCAGGCTGGTTCCAGAATGCTCCCGTTCTTTTCTGCAGAAAATCATCAAAGACGGCAAGGCCCGGATAAACGGAGTCGTGTGTGACAACCAGCGGCTGAAAGTAGAATCCGGCATGGAGTTGACTTTAGAGCTTGAAGAACCAGAAAGCACTGAGCCCGCGGCAGAGGATTTCAATCTTCCAATCCTTTATGAAGATGAATATATGCTGGTAATTAACAAACCGGATAATATGGTGGTTCACCCTGCCATAGGGAACTATAAAGGAACGGTGGTTAATGCAATACTGGGACGTTATCCGCACCTCCAGAAAACCATGTCCACCAGCGCCGGAAGGCCAGGAATCGTACATCGCCTGGACAAGGATACTACTGGAATACTGATTATTGCAAAAACCCCGCAAGCTCAGTTTAAGCTCTCAAAATCCTTTGCCGATCGCAGGGTAAGTAAGACTTATATGACTCTGGTGCTCGGGATTCCGAAAAAGGAAAGCGGCAAAATAATCACTATGATCGGCCGACATCCGGTAAACCGCAAAAAAATGGCGGTTGTTACCAGAAATGGCAAAGAGGCGGTTACACTTTATGATGTCGTGAAATCCGGTACTATTGACTGCATACCGGCCAGTATGCTGAGCGTCAACATTCTCACCGGCAGAACTCATCAGATACGTGTTCACCTTTCCTCAATAGGCCATCCGGTAATCGGTGATAAGGTATATGGGGGGAACCGCCTGATTTTTGCTCCGCGCCAGATGCTGCATGCCTGGAAACTTAAAATACCGCACCCGGTAAACGGAGAGCTGGTTGAATTTACAGCCCCCCTGCCCGACGACTTCGAAGACCTGCTGCGCAACATGCGCTGAACTGTACGCTCTATACAGGGAAAACAATAGTTCGCAATCCTGACGTTATCACTCGGTGTTCAAGATGGGCTTTTACCGCACGGGTTAGAACCCGACGCTCAATATCCTTGCCAATACGCTTAAGGTCAGCCGGTTCAAATTCATGACTTATGTGCTCAACATCCTGTTCAATGATCGGTCCTTCGTCAAGATCCCTGGTGGCGTAATGCGCCGTAGCACCTATAACCTTTACTCCGCGCTCCCAGGCTCGTCGATAAGGATCTGCCCCTTTGAACGCCGGCAGAAAGGCATGATGTATATTGATAACACGCCCGGTATAGCTTTGAATAAAATCATCCGAAAGAATCTGCATGTAACGGGCAAGTACAACCAGGTCAATGTGATTTTTCTGCAGCAGCTCAATAACTTTTTTTTCCTGTTCAGACTTATTACTTTTAGAAACCGGACAACAGAAAAAGGGAACCCTGAATTTGTCGGCCACATGCTCAAGGCTCGAGTGGTTACTGATGACAAGCGGAATTTCACACTGCAAGTCCCCCTCGTGCTGATGTACCAGCAAGTCATACATGCAGTGCGAAGTGTGCGAGACCATGACCGCCACCCGCGGCACATAATCTGAATAATGCACCTGCCACTCAAGTCCTAAACTGTCAGCCAGCACCTTGAAGGCGTTTTCAAGTTTTCTTCTGGTTATATGCAGTTCTGCGATATCCAGCTTGACCCGCATGTAGTATTTATTTTCATACAGATCAGTGTATTGCTGGCACCTCAAAATATTGAAATCTTTTTCATAGAAAAAATTAGAAATAGTAGCTAACAGCCCTTTTCGATCATTACTTTTTATAAGAAAAACAGCATATTTCATTAATTCACCAAAAATAAAAGGGTTTATTTAAACCTGTAAAATAAACCCTTATTAAATATAAATACAAACTTTATTGGGCAGTTAAACTTATTTTTAATTGAACGCTCAGGGGCAAAAATTAAATACCAGAGTCAACGGCAGGTAGCCATTCGGGTTAAAATTTAAAAATCCGATCTGGATGCACTGCATATTATCGGCAGCATCTCTGGTTGCCTGGCTGAAAAAATCATTCAGGATTTCATCAGGTCCCCAGCAGCCGTTCACAAAACCAATCTGAATTCCGTTATATACGGTATTACTGATGTTTACCAGCCCAAGCTGCCCACCTTTAAAATTGCAGTTTGTAAGGTTCACCACTCCAAACTGACAGCCGCGAGCATCGCCGACCCCGCTGAAAATTTTGGCAATATCCTGAATTCCAGCCTGATTGTAAGCTCCGAACTGAACACCGTACATATTGCGCTGGGAAATATTGGCCATGCTGATGCCTATCCCGCCCTGCGTGTCATTCATAAGATTACATAAATTGACCTGGATTCCATATGAATCGTCCGAATCACCAATAACCCCAGCGTCCAGCCCGTAAACGGCTTTGTTAAAGGTGTACAACGCTGACATCCTTATTCCATAAACTTTAGTTTCTCCTGAAAAAAGCTGAAACGGTGACAATATACCAAACTCAAACGGCGTCATTGAAGTTCTGATCAAACCAAGGCTGCGGTCCGTAAAGAAAGTTTTGGTTTCTTTTTCTGCCCCCTCGCCTTCCCGCGAAGCTGCAAACAGAGGACTTGAAACGGTAAGCATAGTAACAAGAATTGCAGCGAAAGACAGTTTGCGGGTAAAACTCATAATTGTTCTCCTCCGATATTTGAATTTATAAATATAAATATAATAATATATGGTTATATTGACCATTACAATACCTTGAAGACAAATTTAATAAACAATATAACCTTCTAACTAAGAAAAAATAGCTTGTCAAAACACGTTTTACAAGTATATATTACTCCATGTTGAAAAACCGTCAAAATTTAGAGGATAATAAAATGAGTTCAGCAAACGAAGGGCAGAATCCGCGGCTCAAAGAGTACAAGGGTTTGAGCCGAAGCCAATATTGGGGAATTCTTTTTGCAATTCTGGTAATTGGCCTTATATGGTCAACAATGACCAAAAAAACAGACAAGCAGACTTCGAAGCAGGAAGTCAAATTTTCTCAAACTGAACGAAAATACCCTATTATGGGAACATTTGC
CP119760.1_gap40	1897892	1901013	3121	TCAGAGCAAAGCATTGCTATTGCTCCGGCTATTTTTTCAGGGCTTACCATATGAGGTTTCCCGAAAGGAGTCAAATATTTTGTTAACGAAGCATCAGCGCCTTGAGGAATTGAAAATTCTTCAGCCAAGCCTGTCTTTATAGACCCGGGACAAATGCAATTGGCCCTTAGCCCCTGTTTGTGATACTCTAGAGATATTGAACGGGTAAAAGACTTTACAGCTCCTTTAGTCGCTGAATAGGCACTCATCCATGGATGTGGATGAAATTCCGCAATCGAAGACATGTTTACCAGGTAGCTTTGCTCATTTTTAATCAATACCGGTATAAAATGCTTGTTGATCAGAAAAGTTCCATTCAAGTTTACAGCAACAATTTCATTAAACTGATCAAGTGTCATTTCATGAGTATTATATGTTTTTAAAATTCCGACATTATGACTTAATGCGTGTATCGATTTAAATTCACGAACAATAGAATCCGCCGTTGCTGCGACTTCATCTTCTCTGGACACATCGCATTTAAAATACCTTGTTTTTGTACAATACCTTCCCAGCTCCCTCTGAGCTTTCTCAAGACCTTTTTCATTAATATCAACCAGAGCAATATTACCGCCCTCCGCTGCTATCCGGTGACATACAGCCAGCCCTATCCCCGAAGAGGCTCCTGTTATAACAATATTTTTCCCTTCAAATCTATTCATCTTTTACTATCCTTAATTCTAAAGCTTCATTCATATTGATCTATTAAATGTTTTTTAGCTCATAAAAGGCATATTTTAAATTGCCGCAATTATAAAATTTGATAATTTGATAATTTCTGAAAATATTTTTAAAACAACAAGAACTGTTTTTAAGCACCTAATACTTTTAAGGTTATTTTATATTCTTATGCATCAATTATCTCTAATTTAAAAGTATTTTTATAAGCTGCAATCATAGCTTTATAAAAATTCCTGTTCATTTGTTCTATCACTGGCTATGCCACCATTGTCACTCTAATACTAAATCATTAATTAGAAACACCTAACAACTTTTTATAACATTTCTTCTTATAAACCACAACATTCAAGACAATAACCTCATCTATATCTCTTAACTTCGAAGTGATCATATCAGCAAGTTATTAACTGCACCCGGGAAAAGTTGGCAATTTGCGGCTTAATACAAAATTTCAAATTATTTGTCATTAAAATCATTCTGGCTTTGAAATTGAAAAGTAAATCAAAAAAGCCAGAAAACAGCTATGGAGATTCCATGAAGAAAACGATAATTTTATTATTCGCAATCACCTCTTTTTTCGTATCTTTCAGTGCATTTTCACGAAATATAAATTATGTTTGTTATTCTAACTCAGAAAAGTCCATAAATAAAAGCGACTTCAACCATTTTAAAAGCCTGCTCACGAATACCAAAAAAGTTTATAACGGCTAAGGAGAACTTCTTTCAATAAACTACACGTTTTCCCAGTACAGCTACGATCAGACAACTAGTTGTGTTTTGCCCAAAAATGCAGATATTATTGTCATCTTTGGATCTGCAGAATACAATCCTCAAGTTCAAACATTCGAAATATTCGATCCAATAAAAGTTGAAGCTTTCTATAAAAAAATGATCAATGATATCAGACAAGCTAACCCTAATATCATTATTTTTGGGATAGCGATAACAGGAACAACAACTAATCCTGCCTATTACCTTGACTTTTGTAATGCATTTGCTAAAGCTTTTGACAGCTTTCCATTAGATAAAAAGATTTTTGTTTCTGGAGGGGATTTACCTGCTCAAGAAAAAGGTTTAGCGTATAAATGTCTTGACGTACTTAATGCGGTTAATTAGACATAGCTCATGTTATTAAGTACTTTACTTATTCACCTCTCAGGTTCCAATATGTAAATGCTAAATAGTTATGTTTAAATGACATTCGTTTATATTCCCGGCTGGCGAAACCCAGCCGGGTTAATCAGCATCAAAATGCATCCTGCCAAACCATACTGACGTCAGCAGTATCTTAACACCAGTCTCAAAGGCATGTTTTTTATTCAGCAGTTCTTGGGTGATAACGATTTTGAGCTGTTCCTTTGTGTTAGGATTGTGTTAGAAGGGCCTCTTTTTATTTGAAATTTACAGTTTTTTTATTCAATTTAAATGCCTATCATTTATTGCATTATTGATTGTTTGGAGTTATTCAGTTCTTAATCAATTGAGTTGCTTGCGGAACGCATTTCAGCTCAATTTATCTAATTTCTAGCACTTTTACCTGGAGAAAATTGTGAAAAGCAAATTAATGGCTGTCCTTTTGTTTGTATCTCTCTTAGCTCTTGCTAACAACCTCAAACCTTCCGGGGTTTCTTCTGCGAATCCCGCAAGAGATCCAAGAATAACTTACCTTGGTCGTCATAACAGTGCAGGCATGATGAACTGGGAGGGAACCGGAATATCTGTCAACCTGAAAGGCAGTAAATTAAACTTCACGATCAAAGCTTATAACAACATTTCCAAGGGGTTATTCCTGACCTGTGAAGAAGCAGATATAGATATATCTCCAGTCGCTTATTCAATATTTATTGACGGCAAAAAACAATCTGATTTCAGCATCCCCAAGGGCACCAGATGTAAAAATATTTCAGTTACAATGCCGGACAATGGAAATATTATTCACCATGTTGAAATAATTAAAGTCTCTGAAGCTTCCACTGACTTTGAGACATTTGAAATCGCGCAGAAATCAAGCCTGGCAACACCTGCAAAAACTTACAGGATAACCTATTATGGCGATTCCATAACCTCCGGCTATGTGGATTCAAACAATCAACCCAGAAACTATTCCGGATTTGCCTGCCTGCCTTTAAGTTATGCCTTTAAAACAACTCAGAATCTTAATAAGGCTTTATGCAAAAACTTATCTCGAAAAGCATTCAACGCAAGTTATATTGCTCTCTCCGGCATTGGAGTCGCAAAATCGCTTCCCAGGTGGCAGGGGCCTACCATGTTCAACTATTTCAGACAGGTCCTCTACAGAATCGGACCTCAAATGGATTTTGAAAACGCGGATATCGTCGTCATTAACATCGGGACAAATGACATTGTAGCCGGCTGCACTGTTGAAAAATACCAGACGGCA
CP119760.1_gap41	2069709	2072021	2312	ACGGTCCCAGCGACCAGAAAGCCAGGGAAAAGGTCCACCATGCGTCCACTATTGCAGGGATGGCCTTTGCCAACGCCTTTCTGGGAATCTGTCACTCAATGGCTCATAAACTTGGAGCTGAATTTCACGTTCCGCATGGCCTGGCAAACGCAATGCTCATAAGTGAAGTAATTAAATTCAATGCGACAAACAAGCCAACCAAACAGGGAACTTTTTCTCAGTACAAATGCCCGGAAGCAAAAACCCGCTACGCAGATATAGCAACGTTCCTGAAGCTTGGCGGAAAAACTGAAAACGAAAAAGTTGAAAAGCTCATTGAAGCCATCGAAAAGCTGAAAGCCAGACTCGATATACCTGAATCCCTGAAAGAATACGGTATTCAGCAAAAAGACTTTGAAAACAAAGTCGATGAACTTTCTGAGAAAGCCTTTGACGACCAGTGTACCGGAGCCAACCCGCGGTATCCGCTGATCAGCGAAATCAAAGAGCTGTACATGAAAGTTTATAACGGCCGATAATAATCTTTAAGTTTCTTCTTCTTTTTTATCTGAAACGGAGGCGCCCTTACCGGCGTCTCCGTTTCTGTTTTTAAAGGCTTATTTTATCCTACAATATGAGCCTTTTTGTTAGAATACTGTTACATTTAATAGAAAATTATAGAAATATTTAGAAAATTGGAACAATAAAGTGAAATAGGTGTCTAGTTATGCTTAAATCGGGTACAACTTAAACTCGAAGAAAATACAGGAAATCTTTAAGAGGACATGAATGCCAATTATGGAGGGCAAAAACATGACCAAGGAAAAGAAAGAGCCGGCTGACCTATCCGCCGATGCGCAATTTGAAGAAATGGATAAAATTATTGCCGGCGTTAAGGCTGCACAGGAGAAATACGCGACTTATGACCAGAAACGGGTAGATAATATATTCAGGGCCGCCGCCATGGCCGCAAATGATGCCCGCATAGAGCTCGCAAAAATGGCTGTTGAGGAAACCCAGATGGGAGTGGTCGAGGACAAAGTCATTAAGAACCACTTTGCTTCAGAATATGTCTACAATAAATACAAAAATACCCCAACTTGTGGTGAAATTGAACGCGATGATTCATTCGGCATCATAAAAGTAGCCGAGCCAGTTGGAGTTATTGCCGGGATTGTCCCTACAACCAACCCGACATCAACCGCCATCTTTAAATCCCTGATGGCTATCAAAACCAGAAACGGAATCATATTCTCTCCCCATCCCCGGGCAAAAAGATGTACTGTTGCTGCCGCAAAACTCGTTCTGGAAGCCGCTGTAAAAGCCGGCGCTCCAAAAAATCTCATCGGATGGATATCCGAACCAAGTGTCCCGCTTTCACAACACTTAATGGGACATAAAGACATAAGCTTGATCCTTGCTACTGGGGGACCTGGTATGGTCAAAGCCGCTTATTCAAGTGGCCTTCCGGCACTTGGCGTTGGAGCTGGAAACACTCCGGCTGTAATGGACGAAACCTGCGATATACAGATGGCAGTCAGCTCCGTATTGCAAAGCAAAACCTTTGACAACGGGATGATCTGTGCTTCTGAGCAATCAATTATTGCGGTTTCCGAGATTTACAAGGAAGTCAAAGCCGAGTTTGAAAAACGCGGCGCCTACCTGACAGACAAAACTGAATCAGCCAAGCTGGCAGCTTTCATAATTCAGGACGGAAAATTAAACCCTGCAATAGTCGGGCAGCCAGCATACAAGATTGCTGAAATGGCCGGTTTTAAAGTTCCAGAAGCAGCAAAAGTGCTTATTGCTGAAACTAACGGAATCGGACGTGAGTACCCGCTGTCTTTTGAAAAACTGTCACCGGTGCTGGCTCTTTACAAAGCCAAAAACTATGCCGATGCTTTTGACAAAGCACAGGCTCTGGTTGAATTCGGCGGTCTCGGACACACCAGCGTTCTTTACACTGACCCGGACAATAAAGACCGTATCAACGAATTCGGCAAACGCATGAAAGCCGGACGTACATTGATCAATATGCCAGCGAGCCAGGGAGCCATTGGTGACGTTTTCAACTTCAGGCTGGCCCCCTCACTTACACTGGGCTGCGGCAGCTGGGGCGGCAACTCCGTCAGTCAGAATGTCGGCCCCAAACACCTGATCAATATCAAAACTGTTGCCCAAAGGAGAGAAAATATGCTGTGGTTCAGGGTTCCGCCGAAAATCTATTTCAAATGCGGTTGTCTGCAGGTGGCACTTAGTGATCTGGCCGGCAAAAAACGTGCCTTTATAGTCACCGACCGCTTCCTGTACAACAACGGTCATCTGGCTGGCAC
CP119760.1_gap42	2143251	2147958	4707	CCGGCACGGATGGCCGGGCTTTTTTTATCATATCCGCTACAGCTTACCTTCTATGGCGGACAGCGCTTTTTCGAAACGCTCATAAAGCGGTCCCAGTTCGGCCGTTTCAACCATACCGGCTCGCAGCCAGCGCACGGTGAATTCCTTGGCCTTTTCAGGACTTAAACGCTCCTTTTTCTGTCGGGAGTTGCCAAAGTTACTGGCAATAGCCATACTCAGCTCTTCGGCCAGGTCCTGAACACGGTTTTCTTCACCGTCAACACCCGCCAGTTTTTCCATCTCAAGACAGATCATCTTGCGCAGCTTTAAGTTCTCAGCACAATCATTAATAAATTTGTGTGCTGCATCATGATCATTCTGCAGGGCACAAAGTTCATTGAAAGTCTTTTCAAAATATGACTTTTCGTGAAAGTTTGCCTCATCCCATTCTTCACGGCATGCAGCTAAAGTTTCAGAGTCTTCAGCTTTGACTGCGTCAAAACCTCTGCAGAGAATCTGTTCTAATTTCAAACAGTTTTCAAGCAGGGTTTTTTCCTTTTCACGCCGTACTTTTCCAGCGAGTTTAGAAAACCTTGCACATAATTCACGGTACTTATCAAGAACCGGCTTTTCTTCGGCCCGAGGCATCGGCCCAATGTCATGCCACTTCTGCTGCAGCTTAAGAAATTCTTTCTGAACTTCAACGTTCTGATCATCTTCCTTAATCTGTCCGGCAAGTTCTTCAAATTCCTTGATAAGTTCCTTTTTGGCCTCAAGATTGCCGCTGCGCTGCTCACGTAAATCAGAGTAATACTTGTCAAAAGTGCCACGGAACTCTTCATAAAGCAGACGGTCTTCCTTGCCGGCAGAACCGGCTTTTTTCCATCTCTCCCAAAGTCCTGGAATCAGCTTATGAGCTTCTCCATAAGAGAGAGTAAAAAGCTGCTTGGCTTCTTCACAAAGCTCACGCTTCAAGTTCAGGGAATCCTCACGCTGAACTTTTACATGACGGTAAAACTCTTTTCTTGCGTTAAAAAACACATCACAAGCAGCTCTGAAACGTTTATAAAGCTCACGCTCCTGCTCGGGATGAGTAAATCCAATATCGCGCCACTCTTTCTGCAGCGCCTTAAAATCATTCGCGGTACTTTCCCATTCCTGAGATTCCTGAATAGCTTCAGCTCTCTCACAAAGTTTAACCTTCTGAACTGTAATCTCCTCACGTCGTTCACTCAAGGTGTCATAATAAGCAGAGATTCTTTCTTGAAGCTTATCACAGTTGCCGCGAAAACGATCCCAGATTTCCTGAGCCTTTTCGTGCGGAACACTGCCAATTTCCTTCCAGTGCTTTCTGAGAAGTTTAAGTTTCTTGGCTGCAGCCGGAAGTTCATTATCTGCGGTGTCCTGCAACGCTTCAACCTGAGTACATAAATCCAGCTTTAACGTATAATGCTCCCAGCGGGCAAGGTCTCTGGTCTGATAGACCTGATGCAGTTGGTAAGAATGTTTCTTGAGCAGTCGGTCAAAATGGTGTGAAGCCTTTTTGACATCTTCAGCATTGCCGGATTCCTCAATTGCAGTTTTAACTGCCAGCTCATAAGCAGCGCGTTTACTCTGCATACCCTCAGGGTCTTCATTTTTGAGGTATTCCTCAATCTCAATACAAATGTCAGAAATCTTTTTCAAGGCTTCTTCAACTTTCAACTCCTGCTGAGAAAAGCGCATTTTAATTTTGTCAGCAACAGCATCGAATTTCGTCTGTAAGTCTGTAATTTCGGAGGGGTTAAGCCCGGCAACATTCTTTTTCCAGCTCTCACTTAATTTACGAAAACGGTCAGCGTAGTCAGGAGTATACTCTTCCTGCTCCATGACCTTAATTTCATCATAAAGACTGTTTAAGTTTGACAATTTTTTCTGATATTCTTCTTCTAATTGTTTTGAACTTTCGACCTGCCGAATAAACTCTTCCCGTGCCTTATTGAAGCGCTTATTAAGAATTTCGGCATATTCTTCCGGCGCGTCAGCAAGCTTTTCCCAGTCCTGACACAACTTCTCAAAGCAAGCGATGTCATCCTGAGAAGGAGTTACTGGCAACTTCTCAATCCTGTCACAGATATCTTCATATTTATGGATAACATTTTTAAGGTTATCCGACATACCAGCATCAGTTTTTTCATTTGGAATATCTATATCAGGCTCTATTCCATCCAGGGTGTCGTCCAGTAGATCCATCGCCAGCTGACGCATGTTTACGGACTTAGCTTCTTCTGCGGCCTTCTTTATAGAATTATGATTGTTTTCGATTTTCTGCAACAACTCTTTACCCAGCTCCTCGTCATCTATGCCAATGAATAGCTCGACAATTCTGTCGGGGTTTTCGATACGTTCAGCCAATGCTCTCCTGACTTCAGGGGAATCGACTTTTACTGCCGTGTCAACTAGACATTTTTCATCACTGATATCTTGACAAAGTTGTTTATAGTTGCAATTTTCCTCTTCTTTCATAATTCTCCTCGAAATACTTTTATCCTTTACGCGCATAATAAGCAATTTCAACTCAGGATCGTCTACACTGGCTGCCAGTGCAATATATTCTTCCGGGGAGTTTAAAAGATGCAATGCCTTTGTCCTGCACTCAACATCCGGTTCCCGACTCAGGTATTCACCCAGAAATTCCGGATTCACAGGAATCATATTACGCAAAACTTTAACTTTCTCCCCAACACTGTCGACATGTAGCAACGAATCTATCAAATTATTAACGCAAGACATAATTGTTAAGATTATCCAGTAGTTGGAATTTCCTCGACTTCATGCTAATAATTTGCAGCAATCTTGAGAATATTCAAGAAACTATTTGATAAATATTTGAAAAACCACTGGAAAAGGTTATTTTTTGAGCTTATTGAGCCTTTGGATTTTATCCGGCAGCTTGTTGCCAAACTATTCGGCAGCAATAAACTTGACAATAGACTATCATCAGCTTTAAAAATTAATATTATCTATAACTAATAAGGATTTGACAAAATGGCAGGTCAAACTAAAAAATTCAAAACAGAAGTTCAGCATCTGCTGGACTTAATGATCCATTCGCTTTACTCCAACAAGGACATTTTTATCCGGGAACTCATCGCCAACGCCGCTGACGCTATCGATAAGGCGCGCTTTGAATCACTGACCACAAAACATATCGCGCAGGACTGGGCTGTCAGAATCAATGTAGACAAGGAAAATAAAACCATTCAAATCAGCGACAACGGTATCGGCATGACCAGGGATGAAGTCGTTGAAAACATCGGAACCATCGCGAAATCAGGCACAAAGGCTTTTATCAAGGCAATGGAGGAACAGAACGCTTCCACAGCAGATATCCCTGAACTTATTGGACAGTTTGGTGTCGGCTTCTATTCATCCTTTATGGTTGCCGAAAAAGTGGTTTTGACTACTAAGAAAGCAGAGAAGGACAGTCAAGCCGTCTGCTGGACCTCTACCGGTAAATCCAGCTATACCATTGAAGATGCCGAAAAAGATACTCAAGGTACAGATGTCATTGTTTATTTAAAAGAGGACGCTGTTCAGTATCTCGAAAACTGGAAGATCAGTGAGATTGTCCGCAAATACTCTGATTTCATTGAGTACCCGATTACCCTGCCCTACGTGAAAACCAACGAGGACAAAACTGAAACCGTTGAAATCCGCACCTTGAACTCCCAGAAAGCAATCTGGCTGAAGTCCCCGTCTGAAATCAGTGAAGATGAACACAAAAGTTTCTTCGCCCACCTTTCCCATCACGGCGGCGAACCGCTTAAAGCTGTTCAAATTTCAGCTGAGGGCACAACGGAATTTAAAGCGCTGATCTATATTCCGGAAAAAGCGCCTTACAACTTTTTCATGCCCGATTTCCAGAAGAAAGGACTGCAGCTCTACGTCCGCCGGGTTTTCATCACCGACGAATGCAAAGACTTGATTCCTGACTATCTGCGTTTCCTGTGCGGGGTTGTTGATTCCAGCGACCTGCCGCTTAACGTTTCGCGCGAAATCCTGCAGGAAAACCCGCTGCTGAATAAGATCCAGAAGAACGTAACTCTCAAGGTGCTTGGTGAACTCAAAAAGATGCAGGAAAAAGAGCCTGAAAAATACCTCAGTTTCTTTAAGGAATTCGGAAAGGTTCTCAAAGAAGGAATTCACCTGGACTTTACCAATCAGGAAAAGATTAAAGACCTTGCCATGTACGAGTCAATGAATACTGAGCCGGGCAAGATGATCAGCCTGAAAGAATATGTTGATGCCATGGCTCCGTCTCAGAAGGAAATCTATTATATCTCCGGCGAAAGCCGCAAGGCTCTGGAGAATTCCCCGGCACTTGAAGTCTTCCGCAGCAAAGGCTGTGATGTACTTTTTATGACCGATCCCATTGATGAATGGGTAATGCAGTCAATGCAGCAGTACGCTAAAAAGCACTTCAAGTCTGCTGATAAGGGTGATGTCGAACTTGACGACACCGAAGTCAGCAAAGAAAAAATTAAAAAGGCCGGTGAAACCCATAAGAACCTGCTGGAATGTCTGCAGAAAGAACTGGCACCGGAAATAAAAGAAGTGCGTTTCACCAACCGCCTGACCGACAGCGCCTGCTGCCTGGTGGCTGACGAGGGAGCTTTGAGCTCACATATGGAAAGGCTTTTCAAAGCTATGAATCAGGAAGTTCCTGAGACCCAGCGCATACTTGAA
CP119760.1_gap43	2191357	2192237	880	GCAAGCAGAACCGAGTAGCCAAGCTCCTGCAGTGCCTCTATCAGAAAATCCCAGATAGTCTCATGGTCATCAACTATCAAAATCGTTTCATTGCCGCCTGGCAAGTCTTTAAGGTTACCGGCCATTCATGCACCTCTCTGCCGTCATTTCATTTATTAAGGAATTATAGTATATAACACATTGCAATTTAATGCAAGAAAATCAACCTCAGCTGCTTTCTCAGTTTCCCAGCAGGCAACTTGCTGATAAGGCAAAAAAATGTCTGCTATAAAAATGCCTTCAGCTTCAACTCAATATCCTTGCATAACGGCGACAGCCTGAACCTGTACACCATTTTTTCGGCAAGTTTTTTAGCTGCCGCATGATTACGCTTTCCAAGAGCAATAATTCTTTCCACTTGAAAATTAACATAAGCAGTAACCAGCTCTTTGGCACAACTACCACCAATGACCGCCTCCGGAGCCTCAGGGCAGTTATTAAGCAGCGCCATATCCGAAGAAAAAACCTTGAAGGAGCCGGCAACCCTCTTGTCAGTGCTGCGGACCAGCTTGAAAAGTGCTTTGTCCGGTATTTCAAAAACCGGTTTGGACCTGATGTCCCCGCTGTCGTCCTCATAATAAACAATACCATTACGGATCATGGTAATTTTGCAGCCTGGCTCCAAAGGCTTCCCAAGCATACGCGCGTTACCTTTGGAAAAGTACTGTGTAAGCAATTCCAGTCTGGCAATGAGAGCTTTCATAGACGAATATTCGCCAGCAAATTTTTTCCCAAGAATTTCCCTGCAATGTTCAAGCATTGCGTATGCCATTTCAAAATCCGGCTTCTGAATCAGAACATAAAGCTGAACCAGCATGTAATTTCGTTTAAAATGGAAGAT
CP119760.1_gap44	2248798	2251297	2499	TGAGAAAGCTGACCACAACTACAAAGGATCTTCGCAGATGCTGGCAAGGCAGGTAGCCTGCGTCCTGCATAACCGCTCCAAGTATCTTAATCGTGAACAGGATATGGGAATTCCCGGACTGCGGCGGGCCAAAAAGTCACTTGATCCGATTTACATGTATAAGCGATATACTATTACCCTGAAAGAGGATATCGGTTAAAGCAAATAATTGGCTGGCGCTGTATAAAGAGAATTTGCTTAACGATGCAGGAAACTGCCTCAAGTTCGAGCATAATAACACTATGCTGCGGTTTTGAGGCACAAGCCTGGCAAACTCGATGAACTTTTTTGGACGCAATATACGATTATTTGAACGCCCTTACTTCGAAAATTCGTGTTCAAGCTGCTGGCGTTCAAGAAATTCGCTGCCCCAGCCTGCAAGTTTACCGTCTTTGAATATAAGGGGCATGCATTCATCCTTGGTTCTCATGCAGTCATGCCACAGGGTATGGGTGTAATAGTACCAGACATTTGGCTTGTTATATACCTCATTACGAAGCGGTTCACCCATGACTTCCAGCACCTGGGACTTGGTCATACCAATTCGCAACTTTTTGGAATTTTCTATATTTCGGGAGGCCTCATTCAAATCAAAGTAGGCACACCCGGTCATTGTAAAAGCAGTGATAACTGCAACTGTTAATATCAAAAGTACTCTTTTCATAATATCAACCCATATGTAAAGTTTTAATAATTCATCAAAAGTCCAGATACTATAGCATAATAAAGGGCTAAGTAAATAAAACAAATGTGGAAAGACAAGTTGAATCTGCTAAGAGATTCTTATGTGGTTATGTCGCTGAAACAACTGATAGGTTATTACCGGGAAATGAAAGATTACGGGTTGGAAATAGCGGGTTCTCAGGTTATATTTTGCCTGAAAACTAAACTCAGGAACTTTTTATGCATATAATTTCCGGCATTGCCAGAAGAATCAGATTGACTGTCCCCAAAGGAATGGCTGTACGCCCGACTTCAGTGCGGGCTCGCAAGGCGCTTTTTGACAGCCTTGGAAATTTTTCCAATGCTGAAATTGCTGACCTTTTTGCCGGTTCCGGTGCGCTTGGGCTGGAAGCCGCCAGCCGCGGGGCGGCCAGGGTATTACTGGTCGAACAATCCAGTGCCCACTGCAGGGCAATCAATGAAAATATTGCCAGAATCACAAAGGCAGGAGTTATTACAGATATAAAAGTTGTTTGTCAAAACGTTTTATCCGGTAGTTACTTTCACCTGCTGCCGCGCCCCGACGCAATTTTTGTCGATCCGCCCTATCCGGTTTCAATAAAATGTTTTGAAACGCTGACGTCCAGCGTCAAATTCAAGAAATGGGCAGCAGATGCCTTGTTGATCTGGGAGATTCCAGACTCTCCGGGTGCGACAGGACATTTTATGAATGTCCCCGGACTTAAAACCGATTTAAGGAAATTTGGCGGTACCAGTTTTATGATCGGCAGCTTCGACAACACAACGACAAAGGTGTAAGATTATGACCAGAGACTTGAAAGTTGTAAAACGAAACGGCTGGACCTGGCATATCGTCGATCCGCAACTGCTGGACGGCTGGTTCAATGACTGGGAAAGTTTTTGTCAGGACAGCTGCATCAAGTCGAATCCGGTACGTCGGGTTTTTACAGTAGATAACCTGTTTCATGTCAAGCTTGAACAACCTCTGGGCGCTGGTCGTAAACTGAAAAGCTTTTTCAGCCCCAAGGCTTCAAAGGAATTTAATGTCGGCAGAGCTCTTGAAGCAGCCGGAATCAAAGTGGTCAAGCATCTGGGATGGGCGAGAAAAGGCAGTCACAACATGCTGCTTACCGAAAGTCTCCAAGCCGCAGTTTCAGTGCATGACTACTGGATGAGGCAAATCGTTTTCAATGGAGGAGACCGGACACATTTTTTATTGAATTATGCTGCCTTCCTGAAAGAATTTCTTAACTCCGGTTTTTATCACCCCGATTTTCATTGTGGTAATATTCTATACAGTCCTCAAAGCAAATCTTTTGCTCTGGTTGACGTCTATGGAATAAGCAAGCCTGCCAGGCTCACAGCAAAGCAACGGCACATACATGAGCATATAGTATTTGAATTTAAATACGGCATTGACCGAGAAGAGGCAGCAGCCCTGATTGTCGCGGCCGGCATTAAAAAGGACATAAATTCAGCTCTCAGCTTCTGGCATAAAGGACTGACCGCCGAATACAGACGGATTAGAAATGCATTTCCCAAACGCCTGCAGCAGCTTAATGAATATTACCCGAAATATGTCAACAGAATTGAAACAGACGACAGTCGGGTTTTCGTTATTAAACTATTCCCAACCGGGCTTGCAGAATTCACTGCCGGGGAAATTCCCGACAACTTAAACGGCAATCATTTTGATGTTATGCAAGTGCCAGCTGATGCAGCAAGGGACCTGTGGATCAAGTCTTTCAAGCTGAATCTGCTGGGTATCGATCATAT
CP119760.1_gap45	2371919	2373317	1398	TGAGTTATTCTTATAATTAGATTTTACTTTTAAGGAGAGTAAAAGCAATGAAACTTGTTCACGACAGTGGTGCAGATCTCGCCGTTTTGAATGGCAAGACTGTCGCAGTTATCGGTTATGGCAGCCAGGGCAGCGCCCAGGCTTTGTGCATGAGGGATTCCGGGGTGAATGTAATCATCGGTTCCATCAAAGACGCATCTTTTGACAAAGCGGTCCAGGACGGCTTTGAAGTAATGGATATCGCGTCTGCAGCTGAAAAAGCCGATATTATCCACATCCTGCTGCCGGATGAATTCCATGCGCCGGTCTACAAAGGTGAAATCGAGAAATCCATGAAAGCCGGCAAAGTATTTTCCTGCTCACATGGTTTTAATATTATCTTTAAAGAAATTGTTCCGCCAGCCGACGTCGACGTCATCATGGTTGCCCCCAAGAGCCCGGCTACTGAAGAACGCAAAGCTTTCCTCGAAGGCTTCGGAGTTCCCGGCCTGGTTGCTGTTCACCAGAACGCCAGCGGAAATGCCCGCGAAATCGCGCTGGCTATGGCTAAGTCCATGGGCTTTACCCGCGCAGGTGTTCTGGAATGTACTTTCGAACAGGAAACTTACGAAGACCTCTTTGGCGAGCAGAATGTTCTCTGCGGTGGTCTGGTTGACTTGATGAAATACGGTTTTGAAGTCCTGACAGAAGCCGGCTACCCGGCTGAAATGGCTTACTTCGAATGCGTACACGAAGTTAAATTGATTGTTGACCTGATTTTCGAAGGCGGCATCCAGAAGATGAATGCTGTTATTTCCAATACTGCTGAATGGGGCGAATATGTCAACGGTCCCAGAATCATTACCCCTGATGTCAAAGAGCGCATGAAAGAATCTCTCAAGGACATCGAAAGCGGTAAATTTGCTAAAGAGTGGATGGAAGAAGCCCGTAACGGTGCTCCAAACCTGCTCAAGAAACGCGAAGAGCTTGGCAAACACGCTGTCGAAATCGTCGGCAACGAAATCCGCTCTCTTTTCGAAAAGAAATAATATTTCTTTGATATTTCCAAACCGCACCTGTAAGAGGTGCGGTTTTTTTATATCAAAATCTGGCGATAAAAAAAGCCGCACCATTCCGGCGCGGCACAGAAGTAAAATCAAAAGGTCAATGTTATTATTACTGAACTAATAACACTGATATACAACGTTTTAAGGTGCGACAATTGCAAACATCAACGCACATTCAAATACTTTTTTATCATTCACTGTGATAATACCATTACCTTTGCCAAATCGAGATGACCCTGCAGGAACTTTGATTCTGCAGACCATCTGATCTCCCGGAAAGATAGGCGCAAAAGCCTCGGCGCGGCTGATTGACATAAACAGACCAAGCTTGCCTTTGTTTTCCGGACGAGAC
CP119760.1_gap46	2417462	2418655	1193	GCCGGCACCGATGAACACCTGAGGCTGGTTAATAGAATATGTGAAGATGTCAAGATTCCGGTATTTGCCAGCTTGAATGCTGTTAACCACGACACCTGGATAGAACATGCCTGTCTGCTGGCAAAGACCGGAGTACAGGGCCTTGAACTTAACTTTTATTCTACTCCAAAGGATATTGATAAACCGGGTTCTGATATTGAAGCCGAACAAATCAAAACACTCGCTGAAATCAGGCGGAAAGTTAAAATTCCGATAGCTGTAAAACTCAGCCCGTTCTATACGAATCAACTTGAAATAATTTCGCAGCTGGACAAGAGCGGCGCAGATGCTTTCGTGCTTTTTAATCGCTTGTTTCAGCCCAAAATTGATATCAGAAAAGAAAAACATATTTCTCCCTTTAATTTAAGTCATGAAATTGACAACAGGCTTCCTTTGAGATTTACCGGCCTGCTGCATGGAAACATCAGGGCCGATATATGCGCCAGTACGGGCATCTATCAGGGTGATCAAATTGTTGAAATGATACTGGCAGGGGCCACCGCCGTACAGTCAGTCAGTTCATTTTACAAAAACGGCTTGCCGCATGCAAGGATCATGCTGAGAGACCTTGAAAACTGGATGCAGTCCAAAAACTATAAATGCCTTGCCGACTTCAGAGGCAAACTGAACAAGGCAAACAGCAGCAACCCGTGGGCATATACACGGGCTCAATATGCAAAACTGCTTTTGAATCCACAGGAAGTAATTGACAATGCTCCTGTAGTTTAATTTCAGAATAAACATTAAGAGGTTTACTCAAAAAAACTTAAAGCTGTTTTGACCAGCCGGAACCCGGTTGAGCAGTTAATAATCAGCAGCCGCTTCGGCACTGCCGGAGCAAGGCTGCCTGATTATTCATGTGACAGATTTAAGGTTTAGTCTTATGGAACAAAAACTATCAATAATTGTTCTAATTACTATATTTCATGACAGAGAGGGCAGTTTTCTAAATTGAAATTATGTATTGGAATATAGCAAAGATAAGCACAGATTCTGTTCAGCTTGAAACCTAAAGCATTGCTGTTAATTAACGTTTATGGCATAATTTTGCATTTCCAGGCTCAGGCCAGACCAGGCGCATTATAGTCATAATATGAAGGGCACTGCTGCTATCAGTGAAAGCTGAATTTAAGATCATTATAGCAAGATTCATT
CP119760.1_gap47	2421870	2425912	4042	CTCTATCCGTTTCTTTTTATGATTTCAATGTCCTTCAGTACTGCAGCAGAAGCTAACCGGGCGGGTGCACATATCTGGCCGGCACAAGTGACATTAACCGCTTACAAAATGGTTTTTTCCAATCCTCAGCTATTGACCGGCTATATAAATACAGTTTTTCGAACCGTCGTCGGAACCATACTGACGCTGCTGGTTACCTGTCTTTGCGCATATCCACTGTCAAAAAAAGACTTGCCGCACCGCAGTCTGATGACATTCCTGGTATTTTTCACCATGCTGTTCAGCGGCGGCATAATCCCGACTTATCTGGTCATTCGTAATCTCGGACTGGTCAACAATCTCTGGGTTTATATAATTCCACACCTCACTAATGCCTTTAATGTGATTATAGTTAAAAATTATTTTGAGTCAATACCGGAATCACTGGCGGAAAGTGCCTCTATTGACGGGGCTAATGACTTTCACATTCTGTTCAGGATATATATGCCCCTCTCCGGGCCGGTTCTGGCAACAGTTGCCCTGATGACAGCGATCAGTCACTGGAATATGTGGTTTGACGCGATGATCTACATCAATGATGATACCAAACAGGTTCTGATGACGTTCCTGAGACGCATTGTTATCGAGCGTAATACTGACCTGATGAGCGGAGCACAGACCGAGTCACAGATCTCACAATTCACTCCGGAAACTGTCAAGGCGGCAACCATTATTGTCACCATTCTGCCGATACTGATATTGTACCCTTTCCTCCAGAAATATTTTGTAAAAGGAATAATGCTGGGCGGCGTCAAAGAGTAATTCCACTTTGTGAAAACCTGCACCTTCTGTAAATGCTTATCTTGGCAATTCTTAAATAATCATACTTTACCCCTTGCTTCCAATGTAAAAAAAGGCTAATAAATATTATTAATTTAGTCAAAAAAGAAAGTTTAAGACCGGATTTCAGCTATATCCGGCCTGATTGGGTAAGAGTATGTTGATTTATTCACAGCAGAACCGCAAACTGCAGATTGAAGTTGAAGGATTTGAAGGACAGGACGACAGCGGCAATGATAAAGTTATGCTCAGCGCTGTCAGAAAGGGGTCATTTATTGAACTGTCAAGGCCGTTCGAACTTAACCTCGAACTACTCTCTCCTGCCACTTCACCGCCAATAAATGAAACTGAAATACTGGGCTCCCATACCACCGTAAAGCTCATGCGCAGCGATGGCTGCTGGCGCCTTATTAATGGTGTAGTCGAAACATTCAGTCTTGACGGATATCATACTGGAAGCGAAGATAACGGACAGGTTTTCATAAACCGTGACCTCTATCAATACCGGGCAAGGCTCGTTCCTCAGGTCAAACTATTGAGGAACAGCAGAAACAGCAGAATATTTCATAATTTAAAGCCCATGGAAATTGTGCAGCAAATCCTGAAAGACTGGCAAATTGGACATGAATTCAAGCTGACAGAGTCAGAAAATGATTCTGCAGCCAGCTGCAAACTGGAGCACTCAGTCCAATATGAAGAAAGCGATTTTGATTATATCAGCCGCCTTCTGTATCAGGCAGGTATATACTATTCTTTTGATCACACAGCCAAAGAAGGTTCTGCAAAAGACTATTGCCATAAAATGATTTTACGGGACAAGAATTTACAGGAGCTTACTGCAATTAAATTTGATCAGGAAGGCGGCGATAATACAGTTTTCGAATTTTCAAAAGGCGGAACATTAGTTCCGCAACTGCTGCGGATTAATGATTACGATTACAGACAGGCGGATGTGGACTTTTTTGACAACGACGATTATCGCATAGAACAGCAGAGCAGACTGGGTGCCGCAGCCGCAAAAATGTTGCTGAATTTTCCCAAAGCCGGATTTATTAACCTCTCGGAAAAGGCTGACGCCGCCGGGCAGCGCATGAAAATGCGAAAAATATGTGGTGAACGGACTCTGGGGACCGCACACTGCTGGACAGGCAAAACCTGTTGGACAAATATTGATGCGGGAATGCCGTTTGAACTTACCGGTTTCCCTACAGGCGCTCTGCAGGGCTTTGTCAGCCGCGTTGACTTTGAGGCTGCAACCACCCCTTATTCTACACAATACAGCAATATTACGAGTGATGACGCTTTTACATTCAAGGCAGCCTTTAATGCCCAGCCACTTGAGTTAAACTATCGTCCCAGACTTGAAGTCCCCGTGCCGAAAATAAACTCCATAGTGTCAGCTACTGTGATTACAGTTGACAGTTTTTCAGAACATTTAAGTACATTTAAAGATGATCTGGGCGGCAGTCAGATCTGGCTCGAACCTGAAACCTGCCGAGTAAAACTGTTGATGCACTGGCATAATACTAAAACGTCTTCCGGCACACCTGACTACGATTCAATGTGGCTCAATGCCCGCTTCAGCCAGATTTGGGCTGACTCCAACAGCGGCAGATTTGAAGTTCCACGCCGCGGGCAGGAAGTTCTGGTTGCATTTGCCGACGGTATCCCGGAACGGCCGGTTGTAATTGGAAGCGTCTACAACAGCAGCGTCAAGCCGCCACTGGACCTGCAGGAACAGCGAAATCTTTACAGTTCATGCCTGCGGTCAGCTGCGGTATCTGAAACCGGAATACCGCAGTCTGAAACTCCTCTGTCTGTAAACACCACTCTGCCGATGAGCGTTTACGAACTCGGAAAGAAGTCAAACCAGAAACACTTCAGTCAGATTTCCTTTATGAATATGGATAATGGAGATTTTGAAGATGCAAAAGTAGATCAGGCAACATTTCTGACAGAATTTTTCCTTCCGGGAGCACAGGGACCGTTTATGACCTGTATCGAAGAAGGAAAACGAATGGCGGGTACAAGTTCTGCAGAAGAAGGATCCGGACAATTTGAAGGAATCAATATTTATTCAAACAAAGACGTTCTTAATCAGGCTTCACAGAGTCAATTTATAAATGCCGGCAAAGATATCAACATCTGTGCCGGCGGCTCGCTTACGCTGCAGGTGGGACGAAGCAAACTGGTTCTCAAGGATGATGGAATTACCATGATAAACGCTCTTGGCGATCCGGTCTGGAACTGCGGATATAACGAAGATTATCGCAAAAACGACGCCAACCCTCCTGATAAACCTAAAATTGAAGTCCCGAGTTTCAGTTCAAGCGTCACCCTCTTTCCCGGGTATGCTGGAATGGCAGCCCCGCAAACTGAAATACTGGGCACCTACAAAAGTGATCTCAAAACCTGGTTCGGCAGCGAAATCAGCAGCACTCTGGGACATCTAGGAATACGCGGACTAAATCTTTCGCTCGGCGGCGGCAGCACTCTGGTTGATGTCTTTTCGGATTTGAATCAGCTGGTCAAACAGCTGATGGACACCATTAACACCAATGTGGAAGGCAGAGACGGCAGCATTGTGCCTGAAGCAGTAATGGCCGGCTGTACGGTTATAGATTCAATCATGTTCATCAAGGATATCTTTGTGGAAGCTTATGCCGTGATTACGGCACTCAAAGCAATATTCGGACTGAAATCCTCCTCTATAGAAATGGGACATGAATCTCTTGAAATGTCAGGTGCAAAAATTGTTCAGGACGGCTTGACTGTTGACAAAAACGGCAATCTGCTTGCTCCATATATCGGCACCGTAAGACGGGCTGCCAATAAGGCGGTTCCCGGCTCTGGATCATTAGCAGGAAAAATTATGTCACAGGCGGCGTTGAGCAATCAGCAGGTTTCTGTAGCCACTACTTCGAAACGCTCATTCAGCGACGATGATGTTTCCTTGAGCAGCAGCAGCAGCAACTTGAATTCATCCGACAGAAACATAAGTAAAAACAACCTTAGCGGTTCTGGAAATGACAGCAATGCTTTAGGCTCAAGCCTTGACCTTTCTGCCAGTAAAAGCGCTGTTGTAAAAAACAGTTCGACCGTCAGCAGCAAGGAAAATACCGCGGTGAAAAGTGAAACTAACGGTCTCGAGAGCAGCGGAAGCGGATTGAGGCTTTCAAATGTCGGGTCATCAATTGTCAATACCGGCATGGACATGAAACAG
CP119760.1_gap48	2443471	2446290	2819	GGATAGTTCTCGCAGAAATATTCTATCATATCGGCGTACTGGTTTGGAGGACGCCGTTCAACGGTAGCCGGCAAATTCAAGATAAAATCCTGTTTGGCAGACGACCCCCAGGCCTCTTTGACGGCTTTGCATAAATCAATAACAAAGTCAAGGTCACTGTCGGAAAACTCTTCCGGAGAGAATTCATAACCGGCTTTGCCTGACATTCCGGCTGCCTCAACTGCAGCTTTAATCATTTGCGTACCTTGTACCGCCATCTCTTTGACCTGTTCGCGTTCCCGGCCGAACACAAACTTGCCATGCAAATCAGAGGTTGCTACATAACAATGAATTATGGGATTTCTGGCACCTTTAAGAGCTTCCACTGTTTTTTCAATCAAGTGAGGACGCGCCTGAGTCAACACGGAAATGCGGACATCGTCCGGAACAATCCCCTGTTCAATCAGCGTCCGCACAAAATCAAAATCATCCTGTGAAGCAGAAGGAAAACCGACTTCAATCTCTTTGAAGCCAATTTTTACGAGCAGTTTAAAGTAATCAAGTTTGGTTTCCGGATTCATTGGTATCGGCAATGCCTGATTGCCGTCGCGGAGGTCGACAGAAGTCCATACCGGCGCCTTGGTAATTTGGCGCTCCGGCCAGGTGCGTTTCTTTAATGGTATCGGTTCCGGATATACATATTTCGGGTATTTCATGCTAAATTTCTCCATGCTGAAATAGAATATGGCTCTGATGAGCCTGTAATAAGGATATATAAGTGACTGAATTAAACAATAATGAAAGGCACCAGATGACTGTCCTGTAACCGCTTACGGTACAGAACCGACCTCCTAGACGTTTTTCCATGCACTGGTGACATAATAATTCTCTACTTGTTTAATCATCAATAAATGTATAGTTCGAATCTTTGGAATATATAGGCTTTTATGAAAAACTCTAACGCTTTAACAAAAAAATTATAAATTTATGCAGCCGGCTGCAAATATATTCTTCACTTACCTGCTTTCAGTCCATTGATAATCCTGACTGCCGCACAAGCAGCACCAAACCCGTTATCAATATTTACGACAGTAATACCGCTGGCACAGCTGTTCAGCATTCCGGCCAAAGCAGCAAATCCATGCATTGCCGCACCGTAACCGACACTGGTTGGCACGGCAATTACCGGGCAGCTGACCAGACCACCGACCACACTGGGCAAGGCGCCTTCCATTCCCGCAGCCACAATAACCACATCGGCCAACCGCAGTTTTTTGACCTGCATTAAAAGGCGCTGCAGCCCGGCAACCCCGACATCGCTGATAATTTCGGCATTGATTCCACATACATTTAAAGTATGCAGCGCCTCACGCCCAACACCAAGGTCTGAAGTCCCCGCGGTAAGAATAAGCACTTTATGTTTGCGCTGTTCCGGCGCAGGAGCGTTCATCATAAAAGTCCCTGCCAGCTCATCGTACTCACCTTCCGGATAGTCGGCCTTTAAAATGGTCCCTGTTTTCTCTTCAATACGGGTAATCAGGACCGGAGATCCCTTATCCAGCAGAGAAGGAATTATTTTTAGCATCTGATCTTCATTTTTGCCAGCCCCGTAAATAAATTCAGGAAAACCGCAGCGTGAATTGCGGTCGTGGTCGATACAGGCAAAACCAAGATTATCCACCGACTTGCCATCCACCAGCTCGGCTATGGCAGTTATAACGTCAATACTTCCTGTTTCCAGCTCGTTGATTATTTTTTCCGCCTTGTCCATGGAGTTGTTCCCCGATTTATCTTTGAAAATTCTTGAACTTTACCTTCTCTCATACTAACATATAATTTATTACCGGATTAATTTATATTCAATTTTAATTAATGGATTTTATAGTGAGTGGAAAAAAAGCATGTTTCCTTGACCGTGACGGAGTCATTAACGAGGAAGTAAATTATTTATTTGAACCGGAAAAAGTAGCCATCATTCCCGGCGTCACTGAAGCTCTTAAAATGCTTAAGCGCCATGGTTATCTGACCGTTGTGGTCACCAATCAGGCCGGAGTGGCCCGCGGTTACTATGAAGAGAAAGACATTCATGCCGTTCATGCCCGCATTGAAGAACTGCTGGATGAACATGAGGCTGGAATTGATGCATTTTATTACTGCCCGCATCACCCGGAATTCAGTGATGAGTGTGAATGCCGTAAACCAAATGCCGGAATGTTGCTCAAGGCTGCAGAACAATTTGATATTGACATGAGTGAATCGTTTCTGGTCGGTGACCGTATCAGCGACATCTACGCTGCCAGAAATGCCGGCTGCGCTGAAGCTTATCTGGTCAGGACCGGACACGGAGCCAATGAAATAGAGAACAAAGATGTCAGCGATATAGAAATCGCCGACAACCTGCTGCACGCAGTACAGACATTCATCAAGTAAAAATATCTGCGCATTGTTGCCGGGCCGGTAAGCAGGCCGCCCCCGACAACAATGAATTAGAATGTGATGACTTGCAAACCAGACATGAGCTAACTATTAAAAACAAAACAAGCTGAGGGTGGTTATGGGGTTATTTAAAAAACTGCTGGCGGCATATTTTCGCTGCTGGCGGCCGCACGTCGGTAAATCACCGGCGGATGCCGCCCGTGACTTCTGCGTTCCATCCTTAAACGGTGCGTTTCTGACCAGACTTGTAACTATAATAATAGCCGGCTTTCTGGTGTTCAATTACCTGCTGCGCCCCTGCTTTATCAAGGGCGGCAGTATGGAGCCGACATATCCGCGTCTGGGGTTCGATTTCTGCTGGAGGGGCCAATACTGGTTCAGTCAGCCGAAACGCGGCGATATTG
CP119760.1_gap49	2472479	2475267	2788	GTATTAAAATATACCTGCGGAATTCGAGTCGGAGCGGATGAGGAAATGCGCGGTCTGGACATTGGAGAGCACGGCATGGAGGCATACAGCGGTTTCCAGATTTTCACTTTGCAGTAACCTGTAAGTCATCCTATCAATAAAAAACCCCCGGTTTTAACAGCCGGGGGTGATAAGCACAGGTGTAAAATCAGTTCATTCTGCCCAGATAAAGGTGGCGGTATTTTACGAAATACCCCATTCCTGACCAGACAGTGATCGCGGCAATAATCCACAGGTAAATACTCCAAATACTCCAGAGCTTGAAACCAAGCACCATGTCTGTTCTTAAATTAAACAGAGTCAGCCAGGAGAGCCCGGCGATAAAAATCATAATCATCTGCATAAAAGTTTTGGCCTTGCCCCAGCCGTCAGCTGCAATGACCTCGCCTTTCTGCACAGCAAGCATTCTAAGTCCGGTGACTAGAAATTCCCTTGAAATGATGACCACGACAATCCAGGCCGGCATAAGCTCAAACTCAACTACCATAAGCATGGTGGCTGTCATAAATATCTTATCGGCCAGCGGATCCATGAGTTTGCCAAAATCGGTGACCTGATTGTATTTTCTGGCGATATAACCATCTGCCAGATCGGTAAACGCAGCAAACAGCGCAACGACAAAAGCAATGATTCGCAAAATCAGCGGGCCGTAATGACCGGGACCGATTTCTCCATCAGCGTTTGCCGCCAGAATCATAAAAATATAAATTAATACAATCCGGGCAACGGTTAAAGTGTTGGCAAAATTCATTTTATTCCTTCTCTTTAGTCAACCACCTTAGCTGTCAAGTCGTATTCGGTGGCCGCAGTTATTTCCGCTTTGCAGAAATCACCCGGCTGCAAATCAACTGCTCCAGGCAGCACAACCACATTATCTATTTCCGGCGCATCCATATAAGTCCTGCCCACGGCATTATCATTCTCTATAAAATCAATAATAACATCAAATGACGTTCCGACAAGCTTTTCATTGCAATTTAATGAAATTTTAGCCTGCTGTTCCATGATTTCCGCTGCCCGTTGTTCAGCAACCTCATGCGGCACCTGATTTTCAAAATCCGCCGCCGGCGTGCCAGGCTCCGGGAAAAACGCGAAAACGCCAAGTCTCTCAAACTGCTGCTCAGCTGCAAAGTCCTTGAGCTCTTTGAAGTTATCTTCGGTTTCACCGGGAAAACCGGTGATAAACGTTGTCCGTACTGCCATTTCCGGAATTTCCCGGCGGATCTTTTTCATCAAAGCACGTGTATCCGCTCCGGATATCAGGCGGCCCATACGGCTGAGAATATTTTCGGAAATATGCTGCAGCGGAATATCAATGTACGGCAACAGGTGTTTCGAATTGTTGAAAACCTCGATAACCTGATCATTGAAATGAGCAGGATGGGTATAGAGCACACGCAGCCAGTGATCACCATCGATCCGGTCCAGTTCACACAGCAACTTGGCAAAACTTTCACCGCGGTCATTATCCATTCCGAAAGCTGTTGTATCCTGAGCCATGATCAGCAGCTCACGTGAACCGCCTTCCAGCAGGTTATGCGCTTCTCTGACAATTGAGTCTATCGGACGACTGCGAAGTCCCCCTCTGATATTCGGAATTGAGCAGTAGGAGCAGCGGTTGTCACAACCGTCACAGACTTTCATATATGCCACATGCGGCAAAGTCAGTTTCAGCCGCGGCATCTCATCATCATAAATAAACATCGGATCGCAGCTGCACATTATCCTGCGGTCGGCAATCCTGCCATTGACCAGCTGCTTCATGATTTTGCCGATACTCGGGATTTCATCAATGCCCGCCCAGAGATCAACGTCAGGGAACTCATTATGGAAACGTTCCAGGTGCTCCCATTGAACCAGACAGCCGGTAACAACCACTTTGCGGCGACGCGGTTCCTGCTTCTTCCAGGAAACGGCCTGAGCAAGCACCTCCGATGCCTCTTCTCTGGCGGGAGGTATAAACGCGCAGGTATTTACCAGAAAAACATCGGCATCGTCAGGATTGAATGTAAGGCCCCAGCCTTCGCTGACCAGTACGCCAGCCATAACTTCAGTATCAACAAGGTTTTTTGGACATCCCAGGCTGGCAATAAAAACCAGGCCAGGAGTAATTTTTTTACGTTTTGCAGTCATTTAATATTATCCGGTATTTCTGAATATTTTATTACGTAATCGACAGCTTCCCGGCTTGGAGCCACAACTGCCATGCCTTTCAACTTCCAGCAATGTTTCCCTTCAAAATCCAGGTCGAATTGACCGTCACAGACTTTACAGGTCAATTCTTCCCCATCAGTGCTTCTGCCAACCATGCCGGAGCGCTGCAGCAAAGCCAGCGACGCAGCAATGTCCCAAATCTTTACAGAAGCAACATAGGCCAGCAGCCGACCTGTGAAAACTCCGTAAAAAGAGGCTACACAACCGCTCCAGGCAAATACCTGATTCGGCATATTGAATTTTCCGTATTTAGCCCCCAGCTGCGAAATACTGATAATGCCGTCCACCGTAAGCGGATGACCTTCAAACTCAAAAGGCTCCAGGCGGCCGCATCCATCAACATTACAACAGCGAAATACTGCCTCTTCTTCCGTCAGCAGACATTCATTTTGAGGCGGCAGATAAACAGCTCCCTCAGTAATTATCCCGTTTTGCATCAAGGCAACGGATATCCCCCATGCCGGAAAATGCGCTGAATATGGAGCCGTACCATCAATCGGATCAACAATCCAGGCAGTACCTTGGAGAGCACCTT
CP119760.1_gap50	2480845	2483732	2887	CATTATGAGAAGCCGAAAACCCAATGCGAAAAAATTCCGCAAATGGGTAACTGGCGAAGTTCTACCTTCGATTCGGAAACACGGTGCTTACGCTACTCCAGTCACCGTCGAAACCATGATAGCCGACCCGGATTACGCAATCAACCTGCTAAAAGCCTTGAAAGATGAACGCAAAGAAAGAGCTAAACTAATGCCGAAGGTGATGCATTCTGAAGCCATCTGCGACAGCGAAAGCTTATTTACCACTACTCAAGTTGCCAAACGTCTCGGAATCGGGCCGCAAACTTTGAATAAGTTTCTTATCTACAAAGGTATCCTTACCAAAGATAAAATGCCGACCTATAAATTTCAGGACAAAGTCGGGAAGCTGTTCAAAATCGTTGTGCATAAAGTTAATGAAGAAAGAACTGCTCAGTACATAAAATGGTATGAAGCTGGAGCTCGTTACATTATGAATTTATTCGCCGGTGCGCCTCAACCTACAATATAAAGGATAATGCCATGCCAAACCTTACCAAAATAGAAACCATCAAAGCCTTGGATGCAGTAGCTAAATCTGGCATTAATGCCAATAACATTAAAGAACAGTTTGAACGCACCTTCGCCATTGCTGAAGCAACGCAAGAACTCAGTAATATGCTAACTCCGCAATTGATGCAGCCCATTATGCAGCTGCAGGGCAGAAAACTTGGTTTTAGAACAGATCGTAGATACTCAGAAGCAGAGGTGCAGGACTGCTTAATTGAAGCCACTTTGCAGGGAGTTTACCCGGTGGGGAATCAATTCAATATTATTGCCGGGCAATGTTACATAACTAAAGAAGGGTTCGGGAAAAAATTAAAAGATATTTCGGGGCTCTCATGGCTGATTACACCGGGTGTCCCTAAGCTGCACGGCGATAAAGGCGCTACAATCGAGATGGAAGTTAGTTGGATCTATAACGGTAAATCCGATAAAAAGACCTTGCCGATTTGTGTACGGTTTAATAGCAAAACGACCGGAACCGACGCTATAATCGGCAAGGCTGAACGTAAAGCCAGAGCTTGGCTTTTTCAAAATATAACTGGTCAAGAGGTCGTTGATGGTGAAGTTGAAGCAGACCACATCAATGTAACTTCTAAGCCGGTATATAATTCGAAAGTTCAGGAGTCAAACTTAGCTGCAGATTTTGAAAAGGCAAATGGAGATCTCATATGAAGCTTGATTCAGTCAATTATTATTCACTGGAAGCAGACCAAAAATATATGAGCGTGTCGCAGTTTGAAGCTTTTGCGCATGGCTGTGAGGCTGCAGCCTATCGTAGATACGTCACTGGAGAAGATAAAAGCGAAGAATCGACAGCCTTACGGGTCGGTAGTTACGTTCATTCTTACTTCGAATCACCAGAAGCTCATACCGCTTTTTGCGAGGAGAATAAAGAATTAATTATGACCAAAACTGGTAAGCTGCGAACTGATTTTGAAAAAGCTAATCAAGCCATAAAAGCAGCTGAAAATTGCCCCGCCTTCATGTTTTTCATGGAGGGGGAGCGGGAGCAGATTTTCACTGCTAAGTGGTTGGGCGTAAACTGGAAGATTCGCTGCGACGTAATTAATCATCAGAAGAAGTATTTAGTTGATTTAAAATATGTTAAAAGCTTATCTCAACATGACTGGATGACCGTCTATAGAGATGAGCAAGGCAACTATTCACGAATTCAAAGCGAGCAGTTAAGCACACCCAAGAATATCAAAGTACCATTTCATATAATTTGGAATTACTGGCAGCGCATGGCGATATATCAAGCCATACTCTTAGCAGCTACTGGTGAAGTGTACCGCCCGATAATTGCCGGAATCTCCAAAGAAGAGCCACCGGATATCAAGATTCTGGATATGCATAACCCTGAAGCTTTGGAAGCGGAGGTCAGTCAAGTAGCGGAACTGCTACCAAGGGTACTGGATATTCGCAAAGGAAAAGTTAAACCAACTAATTGTAATAATTGTGCATCATGCCGGCAGCAAATGCGCCAGCAAGGTAAATGTGAAATTTTAACCGCAGAACCCTTCGTTCTGTAAGCAGGAGTTATAAAATGAGAAAAGAGCAACAAATGTCAGCAGCGGCTATGAGAAAATGGAATGAGGAACATCCATTTGATAAGGATCTACTATCAAAATTCTTAATGGGATTTCAAAATATCAGAACCGATTGCCACCGCAGGTGTGGTGCTAAGCCGAAGAAACAGAGTCAGTATGTTTAGACTTCGCATTAATTAGATTAATAACAGTTAAAGCATTTTATAGGTAATTAATTGATTGTAATAAATATCATCTTAGGCATCGCCGCTTTCATTAGCGGCATCGCCTTAATAGTCTTGGCTTGTAAAGTTAATGAGGTTGAAAAGTGAGAAACATACAGTTCAGATTGACCACAGAGGAAAAAGACGCTATCCAACATCGAGCTAACTGTTTAGACCTGACGGTTGCAGAATTTGTCCGGTGTTGTGCCGCCCGGTACAAAAAGAAAAAACTCTTACCTTATGATGGTGACCTGAAGCGTGGCACTGACACTAAACTGACTATCGATAACTTTCCATATAACAATGTCTCTGGCGACTTGCTGCGGCGTTTGGCTATATCCCAGCTGGACGATCTTAGGGCTAATCCCTTGCCACTGCCAGAGCCGCTACCGCAAGCGGTAATAGACGAGGCCTTCAAGTGCGCTATACCGGCAATATACTGAACCAAGCAAATGCTTAATATTTTAAGAAAGATTTAGCTGCAAGGAGACAGACAATGCGCTTCCCATACTATAAGAATTATCCTACAGAATGGTTGTCTGGAATTATCCAAAATCACGATATTGTGACCAAAGGAATCTTCAATGAAATTAAAGAAATTTACTGGCA
CP119760.1_gap51	2664891	2666740	1849	CAAACGGCGACCGGCAAACTTTTCATATTTGAAGTTACTTGAATTCCACAAATCAATTACTGTTCCATTTCGCCTTAAAGGTCCCAGCACCTCTCCCCCGCCGTAAAGATCAGTACTGCGAGCTATTTTTACTTCAGCAATAATTTTTTTAGCTGATCTTTTTACTTCAGGAAACAGCCGCCAGTTGTCAGGCAGCGGGCCTGCTGCTGAAAATTTCTTCTGCAGTGCAAATGAATAAGGCAGATCTTTTTCCTGCATTGCAGCCGGAAAAAACCGGGAAATTCTGTTCCCGATCATTTGCGCGTCAAGTTCGACCTTATGCATCTTATATTTCTGTATCTGATTGAACCCGGCTGCTGCCGCCGCTCCAAGCAGCATAAGAACCAAAAACAGACCGATCCTGAAAATATTTTCCTGCATCTTAAAAAACTCCTCCAGTTTGAATACATTTTATTTTAATTCAACTAAGCTGCACAAAAACAATCGCAACGGATTAAACATACTTTTTGTAATACTTTTGATAAATAAATGATATTTATCCCTGTAAGTAAAATATGCTTCTATGAACCCTCTTGTCTAGCTGTCATCGACTTGACATTTATTATTTCACTTTGAGAAATAACTAATATTAAGCAGATAGTAAACCCTATTATAAATGACGGCTTCTGATAAATCAATACCCCTGAAAATGAAAAATGTAATAATAATTAGGCATTTCTAATCTGAGCATAAAAAAACTCTTCTCCCGGAACCGGGAGAAGAGTAAGTAATCTGTGATTTATAACCGGATCAGGCCACAGCTTCTTTGGACTGAGCTGTTTCCAGTTCGTAAGTCTTCCTGTCTTTGAATTCCTCTTTTTTGCCTTTGTTCCAATTCGATACCGGTCTGAAATAACCGCATACCCGACTGTAAACTTCTGTTTTGGCTCCGCATTTAGACATATCAATGCCTCCTCTGTTTTATGGAAGGCTTATCGCACTTGCTGCTGTTCAAACATTGTACGGCCCATAAAACCATGAACATCAACTTATGCTTCAGACCTTCCAATTGTTTTCTTTTCGTTCCTTTCCCGGGGTAGTGGAAAGTAGACAACAACTGATAATTTTCTGTGAATAACAGACCATCCCGCCGCAACAGGACAGTAATCTCAAAGTTAAACTACTTTGAGCTCTTCGCCTTCTTCAACTTCCAACGGACATTCCTGGTGTTCACCCGGAATATACCCATGTACCGGACAAATACTGAACGACGGTGTCAGTGTGAAATACGGGATCCGGTAGTTTTCCGCCACCCGTTTAACTACCGCTGCCACTTGCTGTGCATCGTCTATTTTTTCACCGATAAACGCGTGAAAAACAGTCCCTCCGGTATACCTTGACTGCAGCGGTTCCTGCAGGTCCAACGCTTCGAAAAGATCATCGGTATAGCCTACCGGCAGCTGAGTTGAGTTTGTATAATATGGGTTGGTGTCACCGGCGCAGATAATATCCGGGAAACGCTTCCGGTCAAGACGCGCCAGCCTGAAGCTGGTGCCTTCCGCCGGGGTTGCCTCAAGATTATAAATGTGATCGGTTGCCTCCTGGAAATCCTGAATTCTTTTGCGCATGAAATCAAGTACCCGTCCGGCAAACTCCTTGCCTTCCTGATCGCAGATTGAACAGCCGAGGAAGTTGAGGCAGGCCTCATTCATGCCGACCAGGCCAATTGTGCTGAAGTGATTCTTAAGAGTTCCTAGATAAGTCTTTGTATAAGGCAGCAGGTCTCCGTCCAGGTGACGCTGCACCACCTTCCGCTTTATCTCCAGCGACTCCATGCCCAGAGTCATGAGGTTGTCAAGACGGGCAAGAA
CP119760.1_gap52	2669320	2673989	4669	AAGTATGCGGGCGAGACTGATGGGGCTGGAGGACAAAAGCCGGGAACAGCCAAAAAGACTGCCGCAATATGATATTGACACCGCTTCTCAGGGTGAAGATGCCTTTGAGATGGTAAAGGCCGCACTTGAGAACAAAGCTCCGTACGCGGTTGTATTTACCGATATGCGCATGCCTCCGGGCTGGGATGGCCTGAAAACGGCTAAAAAAATCCGGGAAGTCGATAAAAATATTGAAATTGTTGTGATGACTGCTTTTGCCGACCATGACCAAGAGACCATTTCAAATGAGATCGGTACGCCTGAAAAGCTGCTGTATATCAAGAAACCGTTCCAGGCCGAAGAAATTTTTCAGCTGGCACTTTCATTGACCGCGAAATGGAATTTCGAAGAACTTGAGAGAAACCGGCGTATCTGGCTGGAAAAGCTGATATTATGTATGCGTAAAATCAAATTTTCTGAGGATGGCAATGACAGCTACCGGGCGATATTGGAAGCTTTGTTAACTTTTACCGGCTCTTCTAAAGGACTCATGGCACTATGGAGCGAAAACGTTGGGAAATGGGTACTTAAAGCTTTCCGCAACCTTTCCGAAGAAGACAGCAGCTATTTTCTCCAGAAGAACTCCGCTGACCTTCGCAATGCGACTGCAAACCAGAATAATTTTGCAGGCACCTACCTGATCCCACTCAAAAACAGTGAAGTATCGGCATTTGTCGCCATTTATGACGCCAGAACCATAAACGACCCCGAGTGGTATAAATTGATGAATGTTTTAAGTATGACGGTTTTGGAAAATATCGAGAAAATAACTCTGGACGAGAAACAAAAACTTGACAGCACCAGCACTCGGGACCTGATAAATATCGTACGGGAAATCAGGAGTTCTGCAGAAGAGCTCAAAGAAAAATATGAAAAGGAAGATTCTCTGCAGATTATTCTGGAAAAAGTTGATACAATTTTGGAAAAGTCAAAACGCAAAGGCTGAAATCACAAGCCGGAGCCTTATACTGACTCCGGCCTGATCAGAAAATAAAATATTTAATTGTTGCAAATATTTTTTTCGATTAATTCCTGACTGACTTCGCTTCAGGTTTTGTATTTTCCTTTACGTCAAGCTGGTTTTGTACTGGCTGGCTTTGTACCGGAGAGATTCCGGTGCTGACAAATACCTGCTGCTGCAGTTTATTAAATGCGTTGACATAAGCCTGGGCATCGAGAACCGGTTCATCATCTACCCGTTTCTGGCCTCCCTGCCCGCCGGTGTAATAACTTGTGTGATTGACAAAATTCATTCTTATACTGGTCTTGCCGGGCTTGACACTGGTGATAAAAGCGGTAGATGAATTGTATTTGGTTTCCCCCCAGAAATTTGTCTTTTTCGGGCTTTCAGCTGTAATAAACCCGGTATCATAATTGGCACTTTTTACAATGTAACCAAGGTTCTGGAATACAGTTACAACAGAATCAAATGCCACCCGCTTATCAACATTGAAAACTTTTGTCTGCATCAGCTGAATCTGAAGCGGAGTCATCTCGGGAGCCTGGGGGCCGGTTACACAACCCGCCAGCATAAACAAAGCTCCCAGAGCGCAAATATATAAACAATTTTTAACTTTCATTTGGCAACCTCAATTACAAACTTAGAAACTTGTTGACAATGACTTGAAGTTGGAAACGACTTTATCTTTAAAGGTAATTATGATTGTCATTGTTTTTTGTGAACGCATAAAACCGCTATCCCGGTAACTGCCTCCAGCCAGAATAATATTCCAGTAATTGGCGTTGGCTGCGTCTCTGGTCACGGTGGCATTGGTCTGGTAAGTCCAGACGGAGTTGCCCTCAGCATCCTGAGTCACAATATTGGGTGCGCCGAAGGCTTCAAGGACCTGCTGCTGGGTGGTTTCACCTTTTTTCAGAGTCAGGGAAACGTTGCCGGAAGTATACGGTGTTTTGGGATAGCCCATTTCAGTACTGCACCCCGCAAACGCAACTGCCATTAAGCAAAGCATGAAACCTGGAAATACTTTTTTCAAGAACATAAAAACCTCCTGAGTTTCTTCATTATGTAATATAATACTGGCGGGAATGCAGCAAAGCAAATCTCAGTTTCCTGATTTTGCGGCTTCATTTATGTGGGTTATGTGATGATGCAGGGCTGAAACCGCCTGTCGCATCAGCTTTCGGTCTGAAGAAGCAAAAATCAAGGTCTGCATAGTGCTTATACTCCGGGTATTCCACACCGATGAACTGGAAGTGGCTGAATAATGCAGATAATCCTTGGCTTGCGCAGATACCGGTATGCCTGAATACATTCCGCTTGAAATGATACAGGTAACCGAAGGGGTTACCGTCCCGGTGACCGGATTTAACCCGGAATCAATCAGGTTAACTGCTGAATAACCGTTAATCAATACCGCTTTCCCGGAAGTATCAACCTGCGGTGTCGAACAGCCTGTCATTAGAAAACCAGTTGCTGAAGCAATAATTATAAGAAACTTTTTCTTCATTTTTCCTCCTTTACCAGATACGTCAGACACTCCTTGCGCCGCTCGGCACAGACTGAATGTTTGACGTAATCCTCACGAATGGTGGCTAGTTCACGCCTTATCTGGTCAAGCTTGTTCCACAGAAAAGCGCAGCCACCAACAATCGCGACAATCAGGGTTATAAATTCTTCATTGATGCTCATTTTCTCCTTCGTCCTTTCCCGGATTATTACGTTATCAGTACTCTAAAATTCTTTTACCGGCCATGAAAGACTCTTCGCCGAAGCCCCGCAGCAGGTAGTAGTATTTCTTTGCCCGGCGCAGGCGCAGGCCTTTTAACAGTCCGCCACGTTCGGTAATCCGGATTTCCAGGTTGTTTAAAAAACGCTGGTCGGCATCGAGCCGGTACTGCAATGCCGCTTCTATAGAGTGAAACAAAGTCGGCACTGAATAGTCAACATCATGCAGATCGGCCCCGTCCGTAATGTCCATAAACCAGATGGTGTTAGGCGTCAGGTGGTACAGCAGCCGGTCAAACCAGCTGCCGACTTTAGAACCAACCCCGTTGCACAGTGACTTGAAGCGGAGCGGGTCATTATCGAGTAAATCCTGCGTGGCCGCTGAAATTATCAGGCCGTCGTATTTGCGCTTGTCTATCATAAATACCCCCCATTTTATTATTTACTGGACTGAGTTATACACCTGATAGAGCGTATTCAGGTAGTTGCATTCTTCTTTAGTTACTTCCGCTGCCAGCAGCTTGCCGAGCGCCCCGGCGTAGCCATCAGCTATTGACAGGCTTAAACCGGGGTATTTTGCGTTCAATTCGTCAATTTCCGCCTGCAGCGCGGCTTCAGCCTGCTGGTGTGCCGTACCCGGCTGTGCCGGCGGGTCTGCCGGCTGCGGAGTGTTGCCATCCTCAATCCATTCTAAAACTTCCTGATAATCCTTATTGTCGGCATCGTCCGGAATAATCGCCCCGTCAGCAAGCCGCTTAAAACCATTTTGAATCTTTTTATACATCTTGAATATCTCCTATAATTCTGCTGTAAAGTCATATACACTTACTTTTATTGCGGTATCGGATCCGGATTCACCGAAGTGAAAACTGTCAGGTCCCACACTTAGCTCACCGTTTGCCGGGATCGCCGGGCCGCTGACTTGAGCAAGTGTCGGAGTAGCCCGCATTGGCGGATCAAATACAACTGAATACCCTTCGCCGCTTTGGTGCTGCCGCCAGCGCAGTGTCTGTCTTCTGAAGTATCTGCGACACCTGACAAGTTCACTGGTGTAATCTGATTGCTCAAAAGGTGTTGCGGTGTTGCCGCGTTCCAGCTTGACGTTTCTGATCTCAACAACACCGGAAGTGTCAGTTGTTACCGCAAACAAAAGCGCAAACGCGGTAAGTGAACCGCTGAAGCTGGTGGTCATTGTCACAGAAAACCGCTGAAAACTTGCCGTCAGGGCCGGAGCGGCACCGGTTACGAAAGTCGTTGTTCCATCGGCAGTTTGGGAAAACAGCGGATTGATGTTGACGGTACCGGAAATTCTGCGTGCCTCATAAGAAACCGCAAAAGTTTCACCGTTACTGATCGGATTCACCTCCAGATCAACCGGCTGCTGGATATTACAGAAACTGTTAACGCTATTGGCTTTTTCAAACTTCAATGCGTCGCCGGCTCTGCTGACATTGACCGTGACAGTGGAATGCTTGTCAACCCGCCAGCGGTCAGCGGTAAACTGTCCGGCTGCCGCCGCATTGAACATCTCGCCGCGCTGCCAGACATGAAAATCGCCGTTCGTCAACAGGCTGGGATTGCTCATCCCGGAATCTCCCTTTTCTCCTTTCTCTCCAGTATCGCCTTTTGCTCCTTCCAAGGCTGCGAGAAAAGCGGCCTCGGTACCGGCGTTGCCGGCATCCAGCCAGACCTGATAAGCCGATTTGCCGGGGTTACCGGTGTCACCCTTATCTCCTTTTTCTCCGATATCGCCCTGATCGCCTTTCTCTCCGGCATCGCCCTTGCTGCCTTTATCTCCTTCTGCTCCTTTCAAGGCTGCGAGAAAAGCGGCCTCGGTGCCAGTATTGCCAGCATCCAGCCAGACCTGATAAGCCGATTTGCCGGGGTTACCGGTGTCACCCTTATCTCCTTTGATGCCCTGATCGCCCTGCTCTCCTTTATTAC
CP119760.1_gap53	2676906	2677761	855	ATTTTCGACGTGGACATCGGTTCTGGACTGCAGGTTGGAACGATCATCACCGTTATAGTTCATGGCTGCAAAGCCGCTCGAAGCCTCCGGCACTCTGGCTTCAAGAACTACTTCATACATAACATCGGTTATGCGAATCGGATCAATCTTGGTAATGATAGCACCGGGCGCTGCCCATTCTTCGGCGGAACTGCCGGCTATATTTTCGTAATCACTCAAGTTATCGCGATGAATTCGCCAGCGTCCCGTCCAGCAAATGTCCAGATTGGCAGTTCCGGCTGATGCATAGCCTTTGAATGATTCGGAACGTTTGACGTCCAGCAGCTTGAAGTTTACATGCTTGGCTTCCAGCGAAACATAATAGCCAAGCTTGCCGTCAGGTGACGAGCTGATATTTGAAACGAAATACCCCTCGCCAGCCCACGGCGCAGGAGAATTAATGTTGTTGTTGTCAAGAAAATCCTGATGCTGCGTTAAGCTTACCCGCCACTTGCCGGTAGCCACACTTTCCCCAAAGTGATTCCTTGTGAAGCCGGGATTACCTGTTTGCAGGATGCTCATATCCTTGGCAGTAATTGCTACCTGCCACTCCCCGCCGGCTGCTTCCTGAAGCTTCAATGCACTGCAGAGATAGTTTTCTCCTGCCCAGCTTATGACATCCCCTATTGCCGGCAGCCAGTTTTGCAGATTATCTGCATGAATTCGCCAGCTGGCACTTTTTTCTATTTCAGCACAATTATTGACAGCAACCGACACCCCGCCAAGCATCTCGGCAGTGGAATGTTTTTTTACTCCAGAATAGCTTACTTCATAGATGTAACGATTTACCGATTTAAAGTCAATGGAGGAAATAAT
CP119760.1_gap54	2682385	2685331	2946	CTTCATTGAAATGATAGAGTCAATTCTCAAAGAAGTTAAGGAACGCACTGACGGACGCCTTGGAATTACCCTGTCGCTGGGTGAACAGGATGAAACTGTCTATCGCAGGTGGTTTGAAGCCGGGGCACATCGATACCTGCTGCGAATCGAGGCCTCAAATCCGGAGTTGTACAAGAAACTGCACCCGGCTGATCATAAATATGACCGCCGCCTTGAATGCCTGCGCAGCCTGCAACGGGTTGGCTATCAGACTGGTACCGGAGTATTGATAGGAGTACCCGGGCAGACTGTTGAAGACCTGGCTGATGACCTTATGTTTTTCAAGAAAATGGATATAGATATGATCGGGATGGGCCCGTATCTGGTTCATCCTGACACCCCGATGGCTCAGGAATTTCCTGATTTTGAACATAAACGCAAAGACCAGCTGAACCTCGGGTTAAAAATGCTGGCCGCCGCACGTTTGCTTTTAAAAGATGTTAATCTTGCTTCGACGACAGCGTTGCAGGCCCTTGACCCGCTTGGCCGTGAACTTGGGCTGCTGGCGGGCGGCAACGTCATCATGCCGAATGTGACTGCAACCGAATTCCGTCCTGGATACCAGCTTTATACCGGGAAACCGGGACTGGATGAAAATTCTGAACAAAGCCGGGTGGCTCTGGAAAAAACCATAGCTAAAGCCGGCGAAACTATCATCTATAACGAATGGGGAGATTCTCCGCATTACTTTAAGCGTTCAAGTTAAAATTGACTATTGCGGTCTTTTGAAATTTGTTGTATGTCTCATCAGGCGTAATATTTCCAGAGAAACTCTTTGTTTTACCAAAATGGTATGATATATTAACAGGCAGTTCTTTTTTTGATAGTATGGGAATATAAAAACTTATTTGCAAAAGACCGCTGACATGGATAGAGAGCGAAATCGGATCAACAATCTGGATTCATCATTAGCAAGGGCGGAAGCCTTGCTGACAAAAGCGATGTCTACTGATTCCGGTAAGCAGGAGCTTAAACATGCCTGCAGCAGGCTTGTCTCTGCCGTAAAAAATCTACAGCAGGAAAATCAGAAACTGCAGCGGGAAGTAAACGAAAGAGCCATAGCCGGTACTCACCTGATGGCGGAAGCCAATAAATTCCAGGCGGTATTCAACAATGTCTATGATGCTTTGCTGATAAATCGCCTTGACCGTAAAAATGCTGAGATCGGCTCTACTGTCGAGGTAAATAAAAGTGCCGTAAAACTGCTGAAGTATTGTGAACGTGACCTCAAGCTGCTCAATCCGCATGATACTTTTCTGAAACATCTCAGGTTTCCCGCATTTATTAAAAAGCTGCTTCATGACGAACAGGTGGTTATTGAAACGGAAATTGAAAGTTCGCTTGGCGAGAAGCGCCACTGTGATTTACGGGCTTCAATCTTCAAGGTTGGCAGATTTGAATATGTAGTAACAGTAATTCGGGACATTCATGACAGTAAAATGACCGATTTACAACTGCGGAGCAGTGAAATGCGCTTGCAGCAGGCCCAGCGAATAGCCAAAATAAGCGGCTGGGATTATGACTTCAATACCAAAAGAGCCTCCTATGCGTCTCAAGTCAAAAATTCGATCAAGGAAATCAAGGACGATATTCCCGGAGACGAGCTGCAATCCCTGTTTAGCCATATTCATCCGGATGACATTGATCAGGTAATGCTGATCTGGAACAATATTTCCAGGCAAAATGAATTTGAGGTTACTTACCGGGTCATAACTGATGACGGAAGCCTGCTTTATCTGTTTTCCAGAGGACAGGTGCAAAAGGACAAATACGGCAACCCGGTTAAAATGATTGGAATAACCCAGGACGTTACTGAAAAACATATTGCACAGGAAAAAATTAAGAACAGTGAGAAAAAACTGCAGACTTTTCTGCGTTCCATCAGCATAGGGATCTGGGAGTATGATATCGAAAATGACTCTTTGAGTTTTGATGCTGAACTGGAGAGAGAATTCGGGAACGGAATAAAGTTCCCGGTATCGAGTTCTGAATATATGACAAACCGGGTTCATGTGCAGGATCGCGAACGCGCTTTCAATGCTCTGGATAAATGCCTGAATGACGAATCTGGATTTGCAGAATCCTCAATCCGGATACTGAACAGCAGAAATCAATATGTCTGGGTGTTGTCCCGCGGCGTCAGGACTTCAGACGGCAAAAAAATTGTCGGATGCTTTGAGGATCTTTCTGAAAGCATTCGCTTTGACAAGCTCAAGGAACAGTTTGATTTTCTGGAACAGATAGCAAACATGATCCCGGTGCCGATATTCTATAAAGATCTGGATGGAACTTACCTGGGATATAACAATGCATTTGCCGAGCTTTCCAGACGATTGATCGGAGCAGAAATACTTGGGCAAAAGCTTCCCTCACTGTTTGAAGGGGAAAATTATAAGGTCGGCAGAAGGCTGGCTAAAGCTGAAAAGGCACTGATCAGGAAAGGCTCTGGAGAATGCATCAGAAGCTACGAGGTTACAACTCTTGACGGCAGTAAACTTATCCTGGTAAACTATAAGTCTATTTTAAAAGGCTTTGATGACAAACCACAGTATATTGTTGGTGTACTCACTGATATAACCAAAATAAAAAGAGTTGAAAACCGGTTGCGTCTGACATCAAGCCGTCTGAATATGACGATGAATGCTATTCGCGAAATTATTATGAGCTATGATACCGATTTAAACCTGCAGTGGGGTAACCGGGCAGCCCGTGATACATTTGCCGGCAAAGGCAGCCGTTTTGTCGGGCGCAACTGGCACGATATTTGGAAACGGGACAAAAAAGCTAAAAATGAAGATTCCTACCCTGTACATAAAATACTTAGAGACAAAGTCGGATACGCTCAGGATAAAATAAAGACTGCAGATGGTCGACTTTATCAGGTCTGGGCTTTTCCGGTCAAGGGCA
CP119760.1_gap55	2810409	2814470	4061	TTAGCATTACGGGCACCCGGCTTAGAAACATCTTCTGCTTTGTAGACTATGCCATCCAAAATAAATCTGCCTCTTTGACAATGTTTTAGCACATTCTTGTAGCTAATGTTATGTTTGTCACATACTTCTTGTACTCTCAAAGTGATACCTCTAATTCTACAGTTGTTATTACAAAAAAATGACCATCTATATTAATGTGGGAGCGTTAACGTGCAGGAAATCATTTCAGCAAAATAACGGAAGATATCTGTAGATTTGTACCCATTTTGTACCCCCCTTTGAGCTCAACTTGTACCTCTAGGGGTACAAATTTTGTACCCCCTTTGAGCTCAATTTGTACCCCGGGTACATTTTAAAACCAAGTAAATATATTAATTACCAATAACTTACAACTTGTACCCCTAAATAAAAAAGTGAAAAATTTGTCTAAACCGGGCGGGGGTCCCCCCACCTCTAAGCTTTTAAAACCTCTCACAGTACCTTTTAAATCAAAAGTTGTAGATTGTTTAATTTATTTAATGTATAATTAATATTATTGAGGCATAAGGTTATAAAAAGGAGATAGTGAATGAACTTAGAAACGCTACTTCATCTTAGATTTTTCGTACCGGGAGTTATCATTAATATTATCTTTTTTATAATGATACACTTTAAAATCATTGAGCCTGAATATATCAAAAAATTCAACATTGATGTTCAAAAAAGCGGTTTGCCTTTCTTTATTATAACATCATATATCTGGGGTGCCGTATATCATTTTTCAAAACTTCAAAGTTTGATTTTTAATACACAAAATGCAGAAGTCATTAAAAATATAAAATCAAAACTTTTGTCTTTCTATCAGGGACAAATCAGCAGAGAAGAAGCCAAAAAACTACAAAAGAGTTATGATTTAATGCTTATTTTTTATTATTTAATTGATACTAACGTGGGTCTTGAAAAAAAAGCTAGAAGAGTTCATTTAAATGGTTTAGTCTGGACAACAGTACTGGATACTTCAAAATTGTCATTTATAAGTTATATTTATATTATATTTGTTTATTATCTTAAAGGGCATTTATTTCTTTGGCCTGCTATTGCATTTTTGCTAATAGCAATTTCCTTTTTTTGCTTATCTATCCATATTAAAAATAAACATGTTTGTTACTCAAATAGACAACTTGAATACATCAAAAATCATTGCAGAAAAACTTTAAACAAAGAAATTGACAAAATATTAGGAAGAGTAAAGAGATGTCACATTCAAAAGAAAATAAAACGCTTAAAATAATTGAGAAAGAATATGAAAAAGACCATCGACCATGGTATTTAGGTTTTAGTGGCGGAAAAGACTCCTCTGCGATGCTTAAACTATTATATATAGCTTTAATGAATACCAATATACACAAAATTGTAAACGTTGTGTATTGTGATACAGGAGTTGAAATTCCAGTTATTGTTAATTATGTAAAAGAAACATTTTCAGCACTCAAACGTGAAGTTATAAAAGATAAACTTCCTATAAAATTTATTATAGTAGAACCATCTGTTCCTGATCGCTTTTTCTCCAAAGTAATAGGAAGGGGATACCCTTCTCCAACCAATAAATTTCGCTGGTGTACAGATAGACTTAGAGTTAAGCCCATTCAAAACATTGTGCCTAATGACAAAGAAAGTCTCATACTTGTTGGAGTAAGAAAAGGAGAAAGTCATGAAAGAGATAGAGTTATATATAGGCACCTTACTAAAAATTCATTCTTTTTAAAGCATTCAAATTTCGCGAAATCTACAATTTTTGCGCCAATATTAGATTATGATGTTGGTGATATTTGGTCAGTATTGGAGAAAAATAGTCCACCATATTCTCTTTCTTATGAGAAATTACTATCCCTCTATAAGGCTGCAGGTGAGGACCAAATTGACTTTTTAGATCATTCTAGTAAAGCACTTGAGAAGGGACGTTTCGGCTGTTGGGTATGTACGGTGGTTAGAAGAGATAAAGCAATGACTAATTTGGTAAAAAACGGATACTCATCCCTAAAGCACCTCTTAGAATTCAGAAATTGGTTATACCAAATCAGAGACAATCAAAAATTTAGATGTAGATGGCGACGTAACGGAGCAAAGGGGCCAGGCCCTTTTACTTTAGAGGCAAGGAAAATGATATTACATGAATTGATGATAGCTCAAGAAAAAAGTAAAATTAAACTTATTAGTGATTCAGAAATAAAATATATTATGTCTCAGTGGTTAGTTGATAAAAATTCAAATAACTATAAAGAGTAATATATATTCAATCTAACCCAATTAATTGTTCTAAAAACCGGGTTCTTTTTTATACTCTACTCCCCACCTCTAATCTTTCGTAAAACTCTCACAGTAACTTTACATTGTTGGCAATATGCTTTTTTATATTATATGCTCTTTTTTCTTTTGAAAGTAAAAACAAATATAATATTTTAAGTTTTAATATTTAAAATTTTTCATTCAGAAGAATAGTCAATGGCCAAATAACTAAAAACATGTTGAACTGCCATTGCATATTTTCTTACTCCTTCTGCTAAAGTTGAAGTACCTGTTGATTCTAAAAAAGCAAGTCTTTCTTCATGCAGCTTTAAACGCCCTTTATCATTATGAGCTATTCGGTTGCCGTATCTTTCAATACTATTTTCAAGATTTTTTATTTCAGTTTTTATTTTTTTTCAGTAAAGTCTTTTCGTAAAATAAATGCCATGCCGGATTTTTCGAAGATTGGTGAAAAACCACCAACAAATGTCCCATTTTTATAAATACATTCAAAAGTTTTGCCTAGAACTTGATTATTATTTCCAAGAAATTTATCTTGTGTTACTTTTGCTAAAATAAGAAAAAATATAAAATTTAAATATTCAAGTTTGGGATTAATAACTGTAACTACATCAAAGAGTTCAAATGCTTTTTGAATATCTCTAAGGCTTGCATTCGACTCATTAATAATATTAACAAAAAATTCTTTATTGCGCTTTAATTTATTAGCCTTGTTTTCTTCCGCATGATAGATAATTTCGTATAATTGGTTCTCAACAAAGGATCTTGCATCATAATTAGGATGTGATGACAAGTGTGGAAGTGTAAACTGCAAATCAAAGAACTTATATAAATACTCTATTGCATCAATGTCATATCCATAAATATGTTTGATAGAATTTTCCAGCTGCTGTGGATTGACTACCAAAACAAAAACAATATTTTTCACAGAGAAAATATGTTTTATTTTTTCTAATAATTCAACACAAAAATCTGGACGACAACGATCAAGCTCATCTATAAAAAAAACTAACTTTTTGTTGTGACTTTCTTCAGTAAGCTGTTCTAGCAATTCTCTCAATTCTTTTACAATTTTATTATCTTTATCTTTTTCATCTTGCCAGCTCTTAAGGTTATTTGTTGTTGACTCCTCTTTAGTCAAATCTTTAGCACTTTCAACAACTGTTTTAGCTAGCGTAGCCAAACAGATACGACTTGCAAGTTCTGCAACTATATCTGGAATATTCTCTGCAAATCTCCTAGATAAAATTCTTTTTGCTTTATTTGCTTTATTCCAAAGGTCCTCAATTTTTGTTTTTTTTAAACCTAGTTCTTCTTGTTTTTTATGAAACTCAATTACCAACTTATCAATAATTGCGGCAAATGGGTCACTAATATAATCGCACTTAAAAGCGTCAAGATATAAATAAGGTATTTTTCCCTTTTCAAGTTTATTGAATAGAATTTCTTTAACTAAAAAAGTTTTTCCCGTTCCCCAAGGAGCTTTGAGTGCTAAAACTGCACTTTTCTTGTTATGAATATAATTTATCAAAAGATTTGCAAATTTCTCTCGGTTTAAAAGGTCAGGCCTTTGTTTATTATTTCCATTATTACCGGTTTTTGCTTCCATTGGTCTTATATCCTCCATAAATCATTTCCCTTTAAATATAAATATATTAGAAGAGTATCTCAAATCAAGAAAATTATTATTGAAAAAGTAAGTTTAACAAATAGTTTATGAGTAAATGGAATATAATAAATTTTTTGTAGCAAACACTTCTAAAATTACTAAGAAT
CP119760.1_gap56	2815493	2818571	3078	TGATGGCGAAGCTATCAGGCATGCAACTGATATTGGAATGAAAGGTCTGGTTGTAGAAGGTGTTGGTTCCGGTAATGTAAATGAGGATGTGTATGACGCTATAAAATATGCTATGAATAAGGGCGTTATTGTCGTTGTTGCTACTAGTGTTCCTGATGGCCCGGTTTTACCCATTTACGGTGGGCCCGGCGGTGGCGCGACACTTGTTAAGGAAGGTGTTATTCTTTCACGTTATCTAAGAGCAAGAAAGGCAAGGCTGCTACTGATGTTGGCATTGTCAAATAAGATGTCTAAAGATAAAATTGCCAAGCTTTTTGAATAAAAGTTGATAATATATTTAAAGCGCCCGAATTAACTCAGGCGCTTTTTTTGTACCTAAATAAAGGCTTGGTTTTAAAAACTATTAGCAAAAGCGTATTCATCGCGATTGTAATCTGAATTAAATCAAAAGATATGGAAAAGAATAGGATTTGGTTTTTTATTAAAAACCACATTTTGTTGAATTAACCAAATGAAAAGTATACTAAAATGGTTGCGCTATTTAAAAATTATAAATTATTCTTTTTTTATAATTGACAATACATTTTAAAAGTTTTATGGTAACTACCCGTCTTAAGAGGAAAACCATTAAGAATAAAGAGATTACATGAGAGTTTTATTTTGTATCCTATCTTTATTCGTAGTTTTTAACCTTTGTGGCAAAGAAATCAATGTAGCTTACCCTAAAGACCCATTTAGTCTTCAATTGATAGTCATGAGAAAGAAAGGGATGCTCGAGAAAGAGTTTGCGAAAGATGGCATAAAAGTTAAATTTCATGATATCACCATTGGCCTAGAGCAAATCAGGGCAGTAGCTGCAGGTAAAATTGATATATGTGGAAGTTTAAACACTACCAGCATAATTATAGCGGCGGGTCAAAATATAAAACTGCATATAATAAAAGCAGTTTGCAATTCTACTGGTGTTCTAGCCTTGATGACTACTAACCCAAATATTAAGTCAGTCAAAGACTTGAAGGGTAAAACTATTGCCTGCACTAAAGGAGGTACCATGCACCACCTGTTGCGTGAGGCATTAGCAAAAAATAATATGACTTTAAAAGATGTAAATTATATACCAATGACCTTAGAAGAAAACTACAATGCTATGTTTGCCGGCAAAGTCGATGCTACAGTATTGACTACGGTTGAAATGGTAAAAGCTAAAAACCGAGGAGCAAGAATCTTGACTACAGCAAAAGGGCTAATGCGGCCCAAGCTAGTCGTTGCGGTTAGTGAATCTTTTGCCAAAAAACATCCAGACTGGGTCGGAAGGTATGTAGAAGTCCAAGATAAAGCTATGGAGTTTATAAAAAAACATAAACGTGAAGCCCTTAAATTAGCAGCTGAAGACTTTGGTATTTCCTATCAAGACGCTGAATTTTTATATGATAACACTAACTTAATAAGTACGTTAAATAAAGACGACATAAATAGTCTTAAAGATGATATTGATTTTTTGTTTAAACAAAAACTGATTCCTAAAAAAGTAAATATCCTATCACAAGGAGCCGCAGTAGACATATATTTTGAAAACTTTGTCAGGAACCAAATTTGTGTATGTGCAGTAAGTTCTCGTAGCATTCTCGAAAGATTCCATGGCTCAAGTGGTCATCGTTCACGGCATAATTTATGAAATTGAAAAGGGTCACAAAATTTCAACTTTTTTTAGGGCCGTTAACCAAAATCGGCCCTTTTTTGATGTTCTAAGCTCAAAATTATTGGGTTAACATTAACCTTGGACTTTAAACTATTACTTAAGAATAGCCTATTCCCTCTTAAAGCAGTTCCTCATGCAATAAGAGAGAATAGTATTTAATTCATATTCTGAGTTGTTTGTTTATAAAAAACTTTAGAGTATCACTCAACAAAACTAGAGGTCGCTACTCCTGTTAACAGATACCACATAATCTAAACAAAGATCATTTAAAAAATCATTCTTTTCTTTAGAAAAGATAGCCCCTCTTGCTCCTATTACTAATTGTGGTACAAGTACAGTAGTAACTTTTTTGTCAGCATCTTTAAAACCTAAATTAATAAGTTTTTCCTTAATAAGATTCTGTATCAATAATTGCTTTTGCCCGGCTGTATACTTTTCTGGAACGCGATCGCTTTCATCCATCCATAAGCCGTATATATCTTCTAGCAATATAATGAATGGAACTTTAGGTTCGCCAGGTCTATTGACTGCTCGGAAATAGCTACCAATTTTGTCAACCATTCTTTGACGAACAGTTTTTGACTTAGGGAATTCAGCCCAAGTCATACCAGTCAATATAGTAGTCCTCTCTTCATGAAGGGCTTCCTTCAAGGTAGGTACCGGCTTGCCCAAGTCTTCATAAGCATCCTTCAGCAGATCATAATTAACTTCAATTGCTGTGTCGTAGCTCCGCAGGCATTTCAGCTGAGTAAGCGCCGTTGAGACTCCAAAACAAACCGCATTTGGACATCGTGCATCGAGAAAACTTACAAGGTTTTCGCGCACACTGGCATAATGGGCATTTCTAAAAAATCTTCCGTCAAAATAATTCTTGCTGTAAAAGTATTTTTCATAATTTAAAATTGGATAGCCCAAATTGGTTATTAAACGGGATAAATATGGACTAAAATCATTGTATTGCATATTGATAGTGTCATGTACTGCCTGAAATACTTGCTTATTAAGTTCAGGATCAGTCCAGTCAAGCTGGGGATCGTATGCGTCGAGTCCCAAAACAAACCTTTTATTACTGAAAAGCTTTAAGTAACTAAGTAATAAGAGATCCGCATAATGTTGACGGCCTAAAAGAACCACTACATCAGAGTTTTTAACTATTTCCTCTAATTTTAATGCCAATTGAATATTTACTGGCATCTTGACAGCATCAGGATTAACTTCTTTATCATAATCCAAACTCAGCTTACAAAGAGAACAGGAACTACATATTTTTCTTTCGTCAATTTCAGGAAGACAAGTGCACTCAAAGCCTGTGCGATTTTCGTTAATTTGTAAGTCAGATAAAGTATCTTTTATATCCTTCCTTATCTTGTCATAAGGTA
CP119760.1_gap57	2888735	2892670	3935	AGCCATTTGTGTAGCGGGCTGCTATTGCAAAAAGATCGGTTCCAGGACCGTTTTTCCAAGCCTGAAAGTCTGCACCTACCTGACCGTCATTTTCAAAATTAAGTTCATAAATCTTATATTTAACCAAAGCCTGCGGCCGAGGTGTATCGTAAAGCCTGAGCATACGCTGCACGGTCTTTACCGCAAACGGCGATTCATAGAAGAACAGTGCGTTAAGGCCGGTATCCACGTTTACAATACCTTGACCTCCTTCAAGTTCAAAAAAGTCATTTGCATGGTATAAACCAACGTTGAATATGACATCCCGCAGCCTCAAAGCATCCCAGTATTTCGGGAAATACAGCCAGTAACGCCTGCCGGCATAAACCGACAGATACGGTTTGTCCAGGATACGGATCAATTCATCCAGCGGCATACCGACAATAGTATTCCCAAAACGATAGTCTTCAGCAGATACGATTATCATTCCGGTACCGTCCATGTACTTAATAGCCTCAGCCTTGGTCGGGCTGGTACTGACCCTGCGGGCACTGATTGCAGCACTGATATACGGCAATATTTCGTATGGATCGGCATATTTCAGAACATATACTCGCGTCAAAACGCTCGGATCATTGTTCGTGCTGATAAAGTGGACCTGCTCGGTTTTTTTATCAATATCGACCTTCAGCAATGGCAGTACCTGTGTCCGGCGAGATGGCGGGGTCGGAGCATTTACAATCGCAGGGGTTTGATTAGGATTGAAAACACCGGCATCAACGTTGGTTGCAATCTGGGCGACAAGGGGTAAGGCTGCTGTGCAGCAAACAGCCGTAAGAACCAGAATCTTTAAAGTTTTCCGCCTAATCATTCGATTTCACCTGCACGCTCTGCCTCCATTATTTCTGATGCCTCGATAACCCTGCCGGACCACCTTGACAAGTCCATAGAAGGAGCTATCGGATCAACCTGCATCGTAATAAATATTTTTGCTTTTGCTTTGGATAAGGAAGTACTGCCGAACAGGTAGCCGACTATGGGCAGGTCACCCAGAAACGGAATGCTGTCCTGCTGACGTACATAAACATCTTTTTCATAAGTGCCGATTATTTTTTCCGTACCGGCTTCAATTGTGAGCCAGGAGCTGAAATTCTGCTTATTAATAATCGGCTCTCCCTGATTGGTTTTTTCAACTGTATCATTAATCTGCAACGTCCACCCGGCAATGAGGATCGCTCCCGCAGTGGCATTGTCATTAAATGAGATAATCGGCTTGGACAGGAAAAAGAAATAATCTTCATTATTCAGGCTGTCAAGCATGATATTGTTGTCTTCGTCCTTCTGGATAGACTCATACCGCGGGGTGAACTTGAGCCGGTATTTGGCATTGTCGTAACCACCGGAACCGGGATCCGCAAACAGGTCATTGACAACGGTAAGCGAACCTGATACAGACGTTCTGGCTCTGCCTTGCTGTTTCAGCAGCCGCAGAAAAGTTGCATCAAACTGCGGGGCTACCAGAAATGCCCCGTAACCAAGGTTGGACAGAGGACTGTTGCTGATTATATTCAGAGCACTGGACAGGTTGGTAAATGATTTGAAGTCGAGATACTGAAAGGCAGTGCTGAAAAGCTTGGCCCCTGGGCCGTTTTTCCAGCTGATATAATCAATACCCAGTTCAGTGAAACTATTTTCGTAAAGGACATAGGTATTAAGCCGCACCTGCAGCTGCGGTACCGGCCGGTCAACCGCTTTCAGGAAATTCATAAAGTTACGCCCGCTGGAAAGTGAATTTTTCCAGTAAAACATATTGTGCTGCGGATCAAAGAAGCTTATCCCGAACTGAACTGCGGCAAAAAGAGCTTCCCGCATGTTATCTGTTGCGCGGTAGTTGGCGTAATAGACAAAACGGTGAATACCGTCACCGTCAACGATCTCATTATTAGGTCCTTTTATCTTGCATGGACGATCCATTTTCTGAATCATGTCAACGATATAGGGCATAACTTCAACCCCGGTACTTACAACAAGATACTGCTCATCACCGTAGGCGTAATCAAGCCGCTGAGCTATTGATTCTCCGTTGAAACGTTTTACCGCGCCAACCACCCATGGCTGAAGATCCGTAGCGTCCATATGCTCCAGCTTAAAGATACGGGTGGTCATGTATTTCTGGTTGCGGTCTTCATTGAAGATTATGGTTCGAACGCCCTTCTGGGCAAAAAGAGGGGTAGTTTGAGTAAGCAGACAAATTATGAGTAAAGCAACTTTTACAACTTGTTTTACCACCTCTTACCCCTCTAATTAACTATCAGCACGGAATGGGTGACCGTCGCTACAAATTTTAAGGCCGAAGGGAGGTTTTGAGCCTCCCTGCCGGACATCATCTCAATTCGATATCAAGCTGGGCAGCCATTCTGCTGCGAAGCTTTTCAAAGGCACCATTTACCTCTTTGTCGGTAAGAGTTCTCTCAGGATTTCTGAAAGTTAAAGTATATGCCATACTTTTCTTATCGACACCCAATGTCTCCTTATTATAGAAAATATCAAAAATTTCAACTTTTTCAAGGTTTTTTACCCTTGCTGACGCAATAAAATCAATGACTTTTTGATGTTCCAGCGAATTATCGGCTATAAAAGCGACATCTCTGGTGGTCGAAGGATACTGTCCAACCGGTTTATAATAGATATTTCCGGTTTTGCCTTCGAGCAGATTTTCCGCCTCTAGCTGCGCTGCGAAAATCGGAAATTCGGTACGCAGACCTTTAGTAAATTCTGGTGCCAGCATGCCAAGATGCCCTGCCACCTTTCCGTCAATAAGCAATGCGGCGCATTGTCCAGGAGCAAAACGGCCGTCAACAGCCTTTTCAAACTTGTAATTGACAATATCACGGCGCTCCAGCAGCGCTTCGACCATGCCTTTGATGTCATAGAAGTCAAAAGTTTCCTTAAGTTCATCAGAAAAGCGCTCCGGCCGGCGTTGTCCGCTGAGAATCATGCATATTTCGACCCGCTCCTCAGGAAATAATTTACTGTTGCCACAAAATACTGATCCCATCTCAAATAAACGCATGGTGGTGTTCTTGCGCGAAACATTACGCTCAACAGTATCAAGCATTTCACCGAACAATGACGGGCGCATACAGGCCAGATCGAGACTGAGGGGATTATCTATCTTGATCAGGTCATCTGAATTAAAGCGGGTGTCTCGCAAGGCTGAATCTTCATTAACCATACTGTAATGCAGACACTGATACAGTCCAAGTGAAATCAAATCGTTTTGCAGGTTCTCATAGTCTAAATATGAATCATCAGCTATTGAAGCAGCGTTTTTGCCGACAACCGGAAGCACCGGTACCTGATCAAGCCCATGAATACGGGCAACCTCCTCTGCCAGATCAGCCTCGCGCTGCACATCCAGGCGGAATTGCGGCGGAACAACAACACACTTTTCTGGAGTAACTTCAGAAACTGTAAGACCAAGCCGGCTGAAAATATCCACTATTTCAGCATTTTCAATCTCAACGCCAATCAGCTTACGAATATTTTCAAAACCACATGAAACCGGAGCGGGTTCAGGCCTCTGTCCCTGTACATCAGCCAAATCGGTAACCAGCTTACCACCTGCCATTTCCAGAATCATCGACACCGCCCGGTCGCTGGCTGTTTCCACCATATCCCAGTCAATACCGCGTTCGAAACGATAAGAGGAGTCTGATGACACACCCAGTTCACGCGAAGTCGCTCGAATATTTGCGGTTGAAAAAGCGGCACTCTCGAGCAGAATATTTACGGTACTGTCAGTTACACCGGAATCAAGTCCGCCCATTACCCCGGCCAGACACATGGGCTTTTCAGCATCGGCAATTACCAGATGCCGATTCTGCAGCTCCAGTTCAGTCCCGTCCAGCAGAGTAATTTTCTCTTTTTCAGCTGCACGCCGGACAACGATACGG
CP119760.1_gap58	2894376	2898364	3988	GTTCAGGTGCTACATTTTTCATTTCCTTGCTGAGAGCCGGGAAGAGCCCCTTGCGTCCGAAAATGTCGACTCTGACTTTTTCGATTTCGGCTTCGGAAGCGGCCGCCGCCAGGCGCTGTTCCGCGTCAACAAGAGCCGCATCAATCTTCTCAATAATTGGATTGGACATAATTTTCCCTTGTAGATATTCAATAAATGGTTTAAAACTTCAGGTTTCAGGTTCTGGCAGTTATCAACCTGAAACCTGAAGCTTCAAACAAAACGTTTATAAAAACAAAAAGAAGCCTGAAAGGAGCATAAGACTGCCTTTCAAGCTTCGCGTAAAATCAAAAAATTATCCCGCCGGGATTATTACTTGGCCTGGGTCACTTTTTCAACCAGAGCTTTGAACTCCTGTGGTTCGGTGACGGCCAGGTCGGCGAGAACCTTACGGTTCAGCTCGATACCAGCCTTTTTAAGACCGTTCATAAATCGACTGTAATTAGTACCGTTCATACGGCAAGCAGCGTTGATTCTCACTGTCCAGAGACGACGATACTGGCGTTTTTTCTGCTTACGGCCAACGTAAGCGTGCGCCATTGCCTTATCGACAGCGTCATAAGCGGTACGAATCTGTTTGCTGCGGCCGCCGTAAAATCCTTTGGCCTGTTCCAGAACTCTTTTACGACGTTTGCGTGATGCTACTGCACAAGTAACTCTAGCCATTATTCAATCCTCCCGATTAAAGGCCGTAAGGCAGCGCTGCCTTAATGCGGTTTCTTTCAGCACTTGATACGGCTCCGTCTTTTCTCAGGCGGCGTTTACGCTTAGAGCTTTTCTTGGTCAGAATATGACGGCTTCCGGCTTTATTATGACGATATTTGCCGGTGCCAGTCTTCTTGAGCCGCTTGGCGGCACATTTTCTGGTTTTCATCTTAGGCATTGTTTTGTCTCCTTTGTTTTTCAGGATGAACTTATTACCGGTACGGCAAATGCCTTTGGCCATTACCGGTGTTATCAAATTACAAATGAACAGCTAATGTAGCCTGTCAGCAAAAAAAATCAATCCGCAAAACACAGATTTGCGGATTAATATTGAAAAAAGTCCGGAATAAAACTCAAAGCAGCATATTTAATGCTTGGATGGCGCAAAAGATACTGAAAGATTGCGACCCTGGAACTTAGGCCGGTTTTCGGCCGTTCCGGCTTCCTTCAAATCATCTATTACTTTATCCATGACCTCATATGCCAGATCTTTGTGTGCCATTTCACGGCCTCGAAGCATAAAAGTAATCTTTACCTTGTAGCCCTTGCCGAGAAACTGCAAAGCATGATTAATCTTGTACTCATAGTCATGCTTGTCGATATTCACATGGAATTTGACTTCCTTGACTTTTTGAGTCAGGTTATGCTTGCGCTGTGCCTTATGGCTTTTCTTATGCTCATAGAGGAGCTTCCCGTAATCCATGATCCGGCAGACGGGCGGTTTCGCCTTTTCCGCGACCAGAACCAGGTCTAAACCAGCGGCATTGGCCTTTGTTCTGGCGTCAGGCAAGCTGACAATTCCTATTTGTTCTCCATCCGCACCGACCAGTCGTACCTGCTCGGCTTTGAATGAGCGGTCATTGGGTTTTAGCAGCGTAGCGATGTCAAATCCCTCCATTTATTATGGTTTAACAATGAGCCCACTCAGGCTCAACTTCTTTTAAATATAAATTAACTGATTTTGTTATCAACCTCGTATCGCATTTTTTCTGCGACTTCTGCAATAGTCATCTCACCGAGCTGACCTTCGCGGCGATTTCTTACCGCTACTTTGCCGGCTTCAACTTCGCGTTCTCCCATGATAAGCATGTAAGGAGTACGGTCATGGCGGGCGTCTTTAATTTTAGCGCCGATGGAAGCTGAACGGTCATCCACTTCAACGCGCAGACCTTTTGCCCGAAGCTCATCACGAACCTTCCAGGCATAATCGTGCTGATTTCCAGTTATGGGCATGATTTTTGCCTGTACTGGAGCCAGCCACAACGGAAATGCACCTGCATAGTGTTCGACAAGTATTCCGAAGAAACGTTCCAAAGAACCGAAAAGTGCCCGGTGTACCATAAACGGCCGGTGTCGCTGCCCGTCCTCACCAATATAGTTCATATCGAAGCGTTCAGGCAGATTAAAATCAAACTGAATTGTGGTAGTCTGCCATTCACGGCCAATTGCGTCTTTCACTTTCAAGTCAATCTTAGGACCGTAAAAAGCACCGCCGCCTTCATCAAGTTCGCAGTCCAGTCCGGCTTTTTCAACAGCTTTTTCAAGTGAAGTCAACGCTTTTTCCCAGCGCTCCGGGTCACCAACAGCTTTTTCCGGGCGAGTAGCCAGATATGGCTTGATTTCAGTAAAGCCAAAAGCTTTCCATATACTCAGGCTGAACCGCAGAACTTCCGCGATTTCATCTTCAATCTGCTCCGGAGTACAAATAATATGCGCATCATCCTGAGTAAAGCCCCTGACCCGCAGCAGCCCATGCAGCACACCGCTTTTTTCATAGCGGTAAACAGTCCCAAGCTCGGCCCAGCGCAGCGGCAGTTCACGATAGGAGCGCAGTTTGGACTTGTAAATTTCAATATGAAAAGGACAATTCATAGGTTTGTTATAATAATCGACATTGTCAATTTCCATCGGGGCATACATGGCGTCCGCATAAAAATCAAGATGCCCGCTGGTTTTCCAGAGGTCACTGCGGCCGATATGCGGAGTAAACAACTGATCATAACCGTTGCGGTAATGCTCATCACGCCAGAAGCTCTCAAACTGATTGCGGATAAAAGCGCCTTTAGGGTGCCACAGCACCAGACCTGGACCGACATTCTCAGAAAAGCTGAACAAGTCCAGTTCCTTTCCCAGTTTACGATGGTCACGCTTTTTAGCTTCTTCTATCTGTTCAAGATACTTTTTCAGTTCTTCTTTACTCGCAAAGGCAGTACCGTAGATACGCTGCAGCATCGGGTTCTGCTCATGCCCCTTAAAATATGAGCCGGCGACATTCAATAGTTTAACCGCGCCGATTTGTCCGGCATGGTCAACATGCGGACCGCGGCACAGGTCGGAAAAATCACCGCAACGGTAAAAAGTGATACGGTCTCCTTCCGGAATATCACTGAGCCGCTCCAGCTTAAAAGTCTGGTTGTCGCCTTTGAGCATATGTTCGGCTTCTTCACGAGTAAGTTCAAATTCTTCAAACTCAAGCTTCTGCCCGATCATTTTCTTCATGGCCTTTTCAATCTTCTTCAGATCTTCCGGCGTCAAGCGATGCTCCAGGTCAAAGTCGTAATAAAAGCCATCGTCAGTAGACGGGCCTATGTCAAACCTGGCATCGGGAAAGAGTTTTTTAACTGCCGCTGCCATAATGTGAGCGGCACTGTGTCTGATTGTTTCAATCGGGAAATTACTCATGATTTCAACCAAAAAATATTTATGTTATTATTCATTAAATTTTTATATAATAAAACCTGATCACCAGTTTACAAGCTGCAATAGCCCGTGATCACTATCAAATAGCACGACCAAATCCCAGCAAGCCGCATTCCGCACTGAATTTACTCAGAACATCCGTTCCTTCAAAAAAAAGTTAACTGCTCCGGCGGCGGCTCAATAATGTCCCTTACCGGTGCGAACGTCCTGCGGTGAACCGGACTGACTCCGTGCTCTTTTAAAGCCTTTAAATGCCCGGCAGTGCCATAACCCTTGTGATCAGCAAAACCATACTCTGGAAACTGTTCCGCGTAAATACCCATCAGTTCATCGCGGTGTACTTTTGCCAGAATACTGGCGGCAGCAATGCTTGCTGACTTTGAATCTCCTTTTACAACAGCCTGACTAGGACAGGGCAAACCGGGTACCGGACGACCGTCCACCAGTATGAAATCCACATTTTCAAGTTTCTCAACCGCCTGACGCATTGCAAGGTGGGTTGCCTGCAGAATATTGATTTTATCAATAGTAGCCGCATCGACTA
CP119760.1_gap59	2913149	2915628	2479	ACGCCAGGTACGGCAGCCAATCTCCAGCTGTTCCGGGTCATCCGGAGCAGTGAATATGCGCTTCCGCTTGCCGGCAAGTGGATTAATTCCAAGCTGCAGCAAGGCAAAATTTTCCATATCAAGCCCCGACTCAGCTTTAATCCAGTGCATCATTTTCAAGGCTGCCGGTGCAATTTTTACTTCATACTCCTCGCCCTGAGCTTCTTCCAGCCAGCCGGTTACCGCTTGGGGAAAAGCATCCGCCTGCGGAATATAAGGCTTAATGTCCAGCACCGGTGAGCCATCCAGCAGGTCAAAATTACAAATATACAGTTTTCTGCCTTCGACTTTGGTCAATTCGACGCAGCTCATACCAATAGAGTTTGGGCGATATGGAGCCCGAGTGGCAAAAACGCTGATTTTGCGTCCCGGTGGGGCTATAGGGGGGTGAACAAGGGGACGCCAGCCTTCATTCAGGTGAAAGGCGAAAATCACCCAAATCCGCTCAAACCCTTTGAGGTCACGGGCTGCCTGTTCGTAATTATGTCCGCTTAAAAGTTCTATGCAGCCTTCATTTTCAGCAAAAACCGCTTGCCGCGGCGCTTCATAGCGATAATTCTGTTCACAGCGAACATAGCCAATCGCTGTAAAAGCAAATTTCTGAGCATCATCAGTCATAAACAAGTCCCTTTCTGTATAAAACTATCCTGTAAATACGTCGCTTGCAAGCTTGAGATAAAATCTACAGTGTATCAGGTGTCTTAAATACGGTCTTTCAATACTCCGACCTCCAGTCATTTAAGGTCAACTAAACGACAAAAGTACTGAATTTCTATTGCAATTCCCCCTTCTCTGCTTTAAAAATTTAATTACCCGCTTGTTGAAAAAACGCTTAATTGCTCTATGGTTTCTGCATGAAAATGAAAACACTCAATTTTAATAAAGTAAAACGCCTGACCGGAAAAGCTGTAGCTGATTACCGGATGATTACTGAAGGCGATAGAATTATGGTCGGTTTAAGCGGCGGCAAAGACAGCATGATGCTTGTACATGTACTTGAGGCTCTGCGACGCCGTGCACCAGTTAATTTTGAAATTGAAATTGTAACTTTTGATCCAGGATTCGACGGTTTTGAGGCAGATGAAATAGCTGAATACTGCAAACTGCAAGGCTGGTCGCACCACACCGTCGCGGCACCGATGGAAAGTATAATCAGAGAAAAAAAAGCTGAAAACCGTCCCTGCCTGCTATGCTCCCGGCTGCGGCGCGGCCTGCTGTATAAAAAAGCTGATGAACTAAAATGCGGCAAAGTAGCGCTTGGCCATAATCTTGACGATATCGCGGTATCACTGTTGATCAGCATGTTTCGCGGCGGCGGCATAACGACAATGAGCCCAAACGTCCCGGCAGATGAAGCCGACTTAAGGATAATACGGCCATTGGCTTATGCCCCGGAGGATCTTGTAAGCGCCGCCGCTGCAGAACTTGAATTACCTGTTTTCGGGGAATGTGCTTATAAGGAGCTGCTTGACGAACACGGTGACCGGGCATACTTCATGAAATTGCTGACAAAAATCAATAAAAAAATCCCAAATGTCCGGCAGCATGTCCTGCATTCCATGCAGGACGTTCGCCCCGCATATTTACTAGATTTGAAATTTTTAAACCTGTCCGGGTAATCAGTAGTTAGATTGACATATCAGACATTCTGTTTGTTTTATTATAATATAAAAATCAGGGCCATATATACTATCAGATTGCGCTCCCGAAGTTGTCGTCTAGCACCGGCTGCGGTTCCTTTTTAAAAATGAATCCCTCAAGCTGAGAAACCGGAATGCTTCAGCAAAAAAAGGAGCTATTACTGCAAGAAAGAGTGTTTATTGCCTGCAATCTGGCTTTTATACAATCAAGTATTGTAATTGCAAAAGCTGGATTGATACCCATTTTCTCAATTTTTCCAATGTGATTTCGCATTGTATCATGAAAATCACTAACATCAACTTTACTTAGTCTGTAAGCAGTTTCATGAAGTTCATCCTCGTTGTGAGGAACATATTCATATTTAAAATACCGCTTTCTAGCCAAGTTAATGGTATTGTCTGATTTTCCTTTTTTTTGTGAAAAAATAGGTTTCCCAGAAAATATTCCATTAAATTCTACTGAGGTTGCTTGTTGCCTGAGGTAGCTGCCGGTTCGCCATAAAACTGAATTCTGGGTTCCTGGAGAGAACCTCATTCTTTTCATCATTACTTTGAGCGTATCATATGAAGGTCTTCGAATAAAGTTCAGCAGATAATTGATATCGAACTGCCTGACCAGTTGGTTCTGTGCCCAGTTGTTTTTCCAGTCCGCAGTCAGGTAGTCATGATCAATTTTGCCAAATACCCTTTTGCCATCAACGTTTGTCCAGCCCAGATTCATAACGTGCAAGTCATCTTCCATTAACAGGTAGGCAAGTACAGTTATTGCGATCAGGCCAGGAATATGCAGGGATTCATGC
CP119760.1_gap60	2948217	2952950	4733	CGCTGGTACAATATGCAATGTCGTCAGCAGCCTCCATTATATATGCAAGTGGATGTCGTTTTATTTTTCCTTCTTTTTGATATATTTCCTCAATAACAGAACGCTCAGACTCAAAGTAACCAGGTTTTTTCCCATGTATGGCAGTCTCTTCCTTTTCGCTGGGAGCCCTTGTATATTTCAAAAAGGCTTTCAAAGTTGGGAATGTTAAATTTAAACCATAATGATCTTCTCTGTCCCAACATAGTCCTGTTACAAGTCGAAATCCTTGAGGGTTTCCATCGAAACTAGTGAAATCCGGAAGATATTTATTCTCAAAGCGTTTCCTATCATCATCACTAAAACACTTTTCTTTAAGTATTTCTAGACAATTTTTTTTAAACCAATCTCTTATGGCAGCTTCACCAAAATGACCAAAAGGAGGGTTTCCTAAATCATGAAGTAAACATGCATTTTCAACAACTGTAACTATTGATTCAGAACAGCTGAAATTCGGATTACGCTTTTTCATTTCATGAGAAATTTTGGCTGCAATTAAGCGGCCTATGTCAGCAACTTCTAAAGTATGAGCCAACCTGGACCTTACAGCTGTGTCATCCTCCCAAGAAAAAACCTGTGTTTTTCGCTGCAATCTCCTAAATGGTTTGGAATATATAATTCTTGACCTGTCACTGTAGAACTCCTCTAAATTACTACGCCCCGTAACAGAAGTTTTTTTGCGACGTTCTGGGTCTAAAAAATTTTCAAGCATTTTTCTCATCCTCAAAATTGCTGAATGTTTTGAAATATAATTGCATCCGCGGAAAGTTATCTAAAGACAATATATTGCTTAACTCAACCAAGTACAATGACTTAAAAATGAATAATAAAGAAATTATGAAAAGTTCAAGAGGCACAAATTATTTCCTTACCACCTCGCATTCCCTAAAAGCGACATCATTAACAGTGCAGTCAAAACCCAACTCTCTTTTTGCCCTAATATAAACACCCTAATGCTAAACCACTTTCGCTCTTTAAAATAATAAAAATGTTCTTTAGCATAATTGAAAATTAATTATTACAAGCTTATAATAATTAGGTTTTTTCAGAAGGAAACTTATTTAGAACAAGAGGCTTATATGAGAGGTTTGTTTTATATTCTGTTTTTATTCGTAACTTTTAACCTTTTAGGCAAAGAAATCAATGTATCCTACCCTATAAGCCCAGTTCTACAACTGATAGTCATAAAGCATAAGGGCTTACTTGAAAAAGAGTTTGCAAAAGATGGGGTCAAAATAAAATTTCATGCTATCAACAACGGTCTAAAACAAGCTCAGGCTGTTGCTGCAGGCAAAGTTGATCTATGTACAGGCATAAATACTACCAGCATAATTATAGCGGCAGGCCAAAATATAAAACTAAACATAATAAGAGCGCTTTGCAATCCTACCGGCACCTTGGCTTTAATGACTACTAATCCAAATATTAAATCAGTAAAAGATTTGAAGGGGAAAACTATTGTAGGCCCTTGCGAAGCTATGTTGCATCAACTGTTACTTGAGACACTGCAAACAAAAAATATGACAATAAAAGATATAAATTATATACCAACATCATTGACCAATGCATATAATGCGATGTTTGCCGGCAAGGTGGAAGCTGCATTATTGGGTATGACTGAAATGATAAAAGCTAAAAATAGAGGAGCAAGAGTCTTGGCAACACCAAAAGGACTAATGCGGCCTAAACTGGTTGTTGCGGTTAGTGAATCTTTCGCCCAAAATCACCCGGACTGGGTCGGAAGATATGTTAAAGTCCAAAATGAGGCGATGGAATTTATCAAAAACCATAAACGTGAAGCATTGCAATTAGCCGCTAAAGATCAGGGGATTTCCTATAAAGACGCTGAGTGGTTATATAACAACACCAATTTTATAAATACCTTAAACAAAGATGACATAAACAGTATAAAAGATGATATTGATTTCTTGTATCAGCAAAAACTCATCCCTAGAAAAGTAAGTATCCTTTCAGAAGGTGCTGCAATAGACGTATATTTTCAAGACTTCGTGAAAGACCAAATCAGTATATGCGCAGTTAGTTCTCCTAGCATTCTTGATTCTTTACATAACTTAAGCTGTGGAGAACTACGACATAATTAATAAAACTGTAAAATAGCACAAAATTTTCAACTTTATTAAGTTTCTTAAAATTTGACTTTTTTACCCTATACTAATTTTCAGTAAGCTTCTTGATTATGATTGAAAAACATATCATTGAATATTATAGTGTTTAATCGTTTTAAGAGGGAAACTTATTTAGAGCAAGAGGCTTATATGAGAGGTTTGTTTTGTATCCTGTCTTTATTCGTAACTTTTAACCTTTTAGGCAAAGAAATCAATGTAGCTTATCCTATAAGTCCAGTTCTACAACTGATAGTCATGAAAAATAAGGGTTTACTTGAAAAAGAGTTTGCAAAAGATGGGATAAAAATAAAATTTCATGCTATCAACAACGGTCTAAAACAAGCTCAGGCTGTTGCCGCAGGCAAAGTTGATCTATGTACAGGCATAAATACTACCAGCATAATTATAGCGGCAGGCCAAAATATAAAACTAAACATAATAAGAGCACTTTGCAATCCTACCGGCACCTTGGCTTTAATGACTACTAATCCAAATATTAAATCAGTAAAAGATTTGAATGGGAAAACTATTGTAGGCCCTAGCGGAGCTATGTTGCAGCAACTGTTACTCGAGGCACTGCAAATGAAAAATATGACAACAAAAGATATCAATTATATACCAACATCATTGACCAATGCATATAATACGATGTTTGCCGGCAAGGTGGATGCTGCATTATTGGGTATGACTGAAATGATAAAAGCTAAAAATAGAGGAGCAAGAGTCTTGGCAACACCAAAAGGACTAATGCGCCCTAAACTAGTTGTTGCGGTTAGTGAATCTTTTGCCCAAAATCACCCGGACTGGGTTAAAAGATATATAAAAGTCCAGGATGAGGCGATGGAATTTATCAAAAACCATAAACGTGAAGCACTGCAATTAGTGGCTGAAGATCAGGGGATTTCCTATAAAGACGCTGAGTGGTTATATAACAACACCAATTTTATAAATACCTTAAACAAAGATGACATTAAAAGTTTAAGAAAAGATATTGACTTCTTGTATCAACAAAAACTTATTCCTAGGAAAGTAAATATCCTCTCAAAAGGTGCTGGTATTGAAATAGCTTTTGAGAACTTTGAAAAAGACCAAATTAGCCTATGTGCAGTTAACCATAATTAGCTCAGTAAAGAAGCGCTCAACTTCATCTTCTTTTATATACCTAGCGCGACTGCGCTCCTTGAATGATTCGATCATTGTTGTTGGATTTTGAGCAATATCATAGTCATGCTTGATAAGAAGATTTATTACTGCTCGAATGTTCTGTAATAGGCGATTGGCTGTAGGAACGCCAATTGTATCACGAACGCTAGAATGAAGTTTTCTAACCTCGATACGTTGGATGTCTATAACTCGTTTGTTTTTTAGCTTTAGTGGTACGTAAGAATTAAAACGATTGCGGCAAGTTGACAAATCAGCATGCCAGCCTTTGTTTTTTTCACGATGTTTAAGCCAATAATCAACTGCTTCTTCTAGAGTAATATTTTGCTTTTCTTTTTGCTTGGTATCAATGCCTCGTATTATGTCATTACTTATTTCAATGCAACGCTGTTGAGCTGCTTTAATTGACACTTCTCCGTAAGAAGCAACTTTGATATATTTAAGGCGCCCATCTAATTTACGAATATAATACGTAGATACGAGAATTCTTAGGCGATATAATTAAATGCAGATATCTATTATCTATATCTTGATATTTTGTTTTCTTTTCCGGAGTGGATAATTTTTCAATATTAGTTTTCGTAAACTTGATCCTTTTCATAAATAAATCCTCCCTATATCCTCCCATACAGTGCTTTTAATAGCTATCTTCTGCTATTGTCTGACGTTGCTATTTTTTTGTTTTTGAACTCAAAAATAGCATATATGAAGAGTTTAAAAAGTCAAGGCACTTTGCTTATACTGAATGAGGCCTATGAGGACGCTGAATTTGCTGAACGCAACAAACTTGTGGAAGAGGAAGCCGGCGGCAGAATTTATTCGCCCGGAGAACTAGAAAAGATTGTGATGGAAGCTGGTTTTAATTCCTGTGAAATTCGGCTTGACGCGGCCAGAAACTGGTTGTGCCTGATTGCGGAAAAGTAAAGCAGACTTGCCCTTGCAGCTCTTATTGCAAAATCCTGTTTCAATGCTAAATTACGGGCTTACAAGAAAAAGCGGAAAACAACCTTGTTTTCTGCTTTTTGAAATTTAGTTTACTTACGCCCGTAGTTGTGCTCTATTCAACAGAAGCTACAATTCAGGCGCAAATCTATTATTACAGGGAAATAAAGCAATTTGAGCAATTTTTCAGAGTCTTTTGAACAATATTTTCTTGAGCTTATCTCCGGGAAGCGCAATACCCCTAAAGACAAGCTTATGATCCTGATACTGTTTATTGCCTCGCGGTTTTACCGGATGGCAGTGCAGTTTCGTATCTGGCTTTATGATAAACGGGTTGTCAGGAACCGGGCGATCGGTTGTCTGGTCGTCAGCATTGGTAATCTCAGCTGCGGCGGCACTGGTAAAACTCCAGTGGTGGAAGTTTTCGCAAAAAGCCTGTGCCAGCACGGCAGAAAGGTTGCAGTCCTC
CP119760.1_gap61	3110806	3114239	3433	CCAAAGAGCTGATGCATAATCAGGAATTTGAGTTCCGTTCTCACAGCTTCTACACAGTAATGAATGAAGTCACAAAAGCAATGCTTGAGGCAAGCAGAATTTAAGTGCAAACGAGCAGTTCAGCAAATATTTTTCCCAGACCTTTGCATAGCCACAATCACAACAACTACTACTCCAAGTAGAATTGCAGAACTGACTGCAACCAAAAGCATAAAGCAAATTTTCAACAGCGGCAGAACTTCATATACCGGATAAGCCGTTATTTTACATGGAACAGAAAAATTTCCAGCATTTTCCTGGCCGATTCTCAATTTAAATAAATACTTTCCAGTTGGAAACAAATCCCTGGTAATAAACTGACACGGTAAGTTTTTTCCGATGTCAAATGGTTTAAAGGTGCTGTTAACTTTAAAACGTTCTTTGCAGACTTGCTTCCCATTTTCATCAAACAGAAAAAACCGGGCACGAATTTTCTTAAGTAACTCAGGGTTGACCCGGGCACTGTTTTCAGGTTCAAGACATAAGGCAATACCGTATTCCGGGGTGAATTCTTTGCAGAAGACAGCCTGATATATTCCTGGTTTGAATAATTCGATGCTAAGCGTCAAAAATTTTTTGTGATAAGACCGCATTTTTCCGTATGTCCAGACGTAACCTCCTGCCCCCAGCAAAAGCATAACAGCTGCCGGCAGCATCACCCTGCTGACAACTAAAATTAGAAAAGCTCTTTTCATCAATATGTAATTCCATAGACAGCAGTTTCAGGAAAGTCTGGCTTATTTCAGCAAATAATACCTGTCGCTTCACATTGTCCAACATCAAATCCGCTTTCAACAGCCTTCTGCATTCGCTGCGCGGCAGCTATATCGCCAATCAAGATCCCGCCGCAGGCTTTGCTGTCTTTGAAAAACAGTTTGCGGTAAACAAGGTTGACTTCATCAGTACGACAAACCTCTTTATATGGCCCTTCTCCAAGCCCGATATCGCCTACTGAAAACAATCGAGTTCCAAATGCGACCAGTCTGGCACCGTAAATTTCAGGCTCAAAGAGCAAATTCTCTCCAGCCATATTAGCTCCGGCAACAGCACCCTGCTCTTTAGCCGGGTTCCACATGCCATAGCGTATTCCGTTGACGGCAGCGCAATCACCTGCTGCGAAGATATCGGGATCACTGGTCCGCATGCCGCCATCGACCTGAATGGCACGGCTTACTTCAAGTTTTGCCTGATGCGCCAATTCAAAATTAGAACTCATTCCGGCAGAAACTATAACCATATCACAAGGAATATGCTGTCCTTTTTTAGTGCGCACACCTTCCACTTTATGGTGCCCTTCAATATGCGAAACAAAAACACCGTAGAGGGTTTTTATCCTTGGATTTTTTTCCATGGCGGCAACCAGAATACCGGCACCCTCCTCATCAAGCTGCTTCGGCAACATGGAAGGACAGGCTTCTATGACAGTGACTTCTGAATTTTTGCGTGTCAGGTTGTCAGCAATCTCCAAGCCAAGCAGACCACCTCCAATAACCACTACCTGATTAATATTTTCGTGCAGCAGCTCGTTTATTGCAGTCAGATCACTGTGCTCCCGCAATGTCAGGACCTGTGGCAGCTCGATACCCTGTATCGGCGGCAGAAATCCCTTTCCGCCGGTGGCTATCAGCAACTTGTCATACTCAACAGCAGAACCGTCATCCAGCAAAATACGTTTATTTTCACGATCTATGGAAACTACCGGGCTGTCTGTAAAAATATGAATATTCTGTTCTGAATAATATTTTTCATCATGCAGATAAAACTGGACATTGCTAAGTTCTTCAGAAATCATTCTGGTCAATGCCGGCCGCCGGTAAGGCAGAACTTTCTCACGGGTGTAAAGTGAAATCTCAACATCGTGTTGACGCTTACGCAGTTGCACCGCTGCCTCAACTGCAGCAACTCCCGAACCTATTATAACTGCTTTCATGACCTGACTCCTCAGTTTTAAATAAAGTAGTACGCTCATGGCCAAAATCAATTGTCCGGCTTTAAAAACAGCGACTACAGGCTAGATTACATGAAAAGATAAAATGACAAATGCGGTTTTGAATTGAATAAGATTACATTTTTTAAAGATTACCTGACAGCTGAATATGGACACGCCCTTTATCGTATACCAGTAGATTTGCCGCTAGGCTGTCCTAATCGTGCCGGCAAATTTGGTGAAGGCTGCATTTTCTGTGCAGAAAACGGCAGCAGGGCGCGGCACCTGGGTCATTCACTGGATCTGAAACAACAAGTTCAGTCCGGAATAGAATACGTAAGACGCCGCTACAGGGCAAAGCCGCCTTTTATCGCATATTTCCAATCATTTACCAATACATTCGGCGATGTTGAACAACTGCGCGCTTATTACAGACAGGTACTGGGGCTGGCTGACTTTAAAGTTGTAATGATTTCAACCCGTCCGGACTGCCTGCAGACCCCGGTGCTGAAACTGCTGGCCGAACTGGCTGCTGAATACGACTTATGGGTTGAGCTCGGAGTACAGACTTCCAATAACCATACCCTGAAAAAAATAAATCGCGGACATGATTTTGAATGCACCAGAAAAGGAGTTCAAAAACTGGCCGCTCTCGGTATTAAATCCGTCGCACACGTAATTCTTGGACTGCCTGGCGAAACTGCCCGGGATTTTGCCAAAACCGCTGTTGATATCGCAGAACTGCCCTTCAGAGCAGTTAAGTTACATAATCTGATGGTAGTTAAAAAGACCCCTTTAGCCAGAGCTTATCCTGAAATGCTCAAGTCCGGAGAACTCAAACCACTTAATGAATATGAGTACGCTCAGGCAGCGGCTGATTTTCTGCATTTACTGCCGGAAGGCTGGATTGTAATGCGCTTAACCGCAGATGCCGATCCTGAGACAGTGATCGCGCCAAAGTGGTGGATGAAAAAGGGACAGTTTCTTGAGCTTTTCAAAAAATACTTTGAATACGACCAGAGTCAACCGGATTTTTATGGAGTAGAGACTGCAGACGGGACAAAAACTTTGTACCACCCGCAATTCAGGCAGCATTTTCATACTTTGGCCGGAGCGCATTCAGAAGCCTGCAAAAAGTTTGTAGAGCCTGCAAAACTGTTTGAAAGGCTGCAGAAAGAAACTGAAGTTTCTGTGCTGGATATTGGCTTTGGACTGGGGTACAATGCTGTAGCAGCCGTGGAGGCTGCAACAGCGGCGGCAGCCGGTTTTCTAAATGTAGTTTCCCTGGAAAGTGACCCGCGTACCCTGAAAGCGGCACTGCAGCTGTTTCCAGATGGTTCTTTACACTTTGAAGTAATAAACTCACTGCTGGAGAATGGAAGCTGGCGGGGAAAATACGCCGGCATTAATCTGTTGACAGGAGATGCCAGGCAGACTGTCAGACAGCTTGAAAAACAGTTTGACTGC
CP119760.1_gap62	3115711	3117095	1384	TTCCATGGCTGAAACATTGGCTCTAGTCTTATCCGGACTGCAGAAAAGATTTAAATTCTTCCAGCCGCCGCGATAAGCAGGGACTTTGCCGGACAGCCATTTATTTCTGGCTTTTATATATTTGTCACAGGCAGCCCTGACCACACTTAATTTATCAAAATATCGCTTCTGGTCATTGTAGTAGTCAACAAAACTGTTAGGCACGGTCTCCTCCTTGAAAAAATGTATTGTAGTTTACCCTCTGCTTAAATCAGGTTGGAAATATTAGCCAGATCAGCTAAAAAAGCAATGCCTGAAAGCCTGCCTGGATTAATATTTCACAAATTAGCTAATAATAATTATTTGCAAAAAACACCCGCCGGCATAAATATGTTTATCTGTTCATCAGTTTGTACAGAGCTCTGTCGATAGAATCCGCAAAAGGCTCGGCTTTTTCAAATAAAGTTGTGCGATCACTGAAGTCAAGATAAAACTGAGCAATCTCTCCTACAGTCATAAACTGCTGATACTGGTTAACACTCAGACCTTCCATCGGTTCATGGGTCACCAGCCAGTCAGAGCCAACAGTATATTCTCCGTTGCATCCGGCATCAACCGGAAAATCAACGGTATAAGACAGCGGAGCGTTTACGGCAACTTCAAAGCCGGAAAGCCCCTCCCTGAGTGGATCCTGTCCGTAAAGAGGGTTGGTTAGCGGGTTTACGGAAAAATAAAATTCAAGCTCGTCATATCCCTCTTCACCAACAGATACCAGAGTTTGCGGATAGAAATATTGGGTCGGTTCAAAAAACGGATAACGGCCAATCGGAAAAGCTGAGATCTCATTTACATCAAGTGTACTGTAATGAAATGGTGTAAAGTGCGGACAGCCCTGCATATACAAATTGATATTTCCATTAAGGTCCGATTCAACGCTGCTTGTAATGCCCGCAGCTGGAGCTGAGACTGGTGTTGAAACTTGGGCTGTAGTGTTCCCCAGAGCAAACCCGGACGGCGCTACCGAAAATGAAACTGGTCCGGCAGCAATGTCTGTATGGTCGAATGAATCATTGACCTCACTGCTGATGTCGTCTCTGTCAGCGTTATCGGGCTCAGTTTTCTCAGCAATGTCCCCCGTTTGGACAGTGTTCTCCGAAATATTTATTGCAGTGGTACCGGCTGGATTAAAATCTTCCGCATCTTCAGTTGCCGCTTCCTCAAGGTTATCAGTAATATCTGTTTCAATAAGCGGGTCGGCGTCATCTTCACTGAAATCCAGCAGCCAGTCGCTATCCTGTTCGGCGGCTTCTAAAGTGTCCTCAGATGCGTCAAGTTGATGTTCAAGAGATTTCCTGATAGCATCAACCACATCCTGCCCTTCGGCAGTTGATAACAGGTGAGCAGC
CP119760.1_gap63	3118730	3119759	1029	TGCCGGCACCCTGGAAGCGCCATGTAGGCTGCCAGCTGAACTTGCAGCCGTTTATCAATGCCGCCGCCGCAGTCGTATCAGCAGGGGTGTGAATGTCATTTTTGTAGCCTGAAATAATTTGTTTGTTGAAGTTACCCTGAAAACTGGCAGTTGAAACATTTTTTTTATCTTCCCAGCTGATTTTCAAACTGGAGTAGTCAGCGGCAGAAATACTGAAAGCAACCAGGCATATCAAGATTATGGATTTGGACTTCGACACTTTCTCTCTCCGGTATTTTAGCATCTGTGCTTATTCGGTATTCAAATCCAGTGACTGCGACTGCTTCGGAAAAAACAGGATAATTTCCAGAAAACTCCACAGCCAGATCAAAATAAACAGCATGACAGCGCCAATAACGGATGACAGGTTAACCTGCGGGATGTCCGCCTGTGCCGGATTACTGCTGTAAAAATCTATGAACGGTTTGACTACCGCCCAAACGGCCCATGCCAGGCAGCCAACAGCCCCCAATAGTTCAATAAGTCCCCTTAAATACCATTTAAGCATGAGCTGTCCTAAACCTGGGGCCATAAGGTTGATGCCCAGATAAAATGACCTACTTTTTTTCATAAGAAGTTCCAACTGTTTTGAATACCAGACTAAAATACCTTTGGCGTCGTTTTTTTTCAATGTTTAATCCGGCAAAAGTTTCTGCAGAAGCTTGAAAAATCCCACAACTGTGTCAAATTGTCTCAAAAAAAAGGTATTTATGGCAGACGGCGAAAAAAAATCATTCCTGGACCGCATGATTGAGCGGGTCGATAAACTGGACGCGAACAGTGTTCAGGCCTATATACTGCACCTTTCCCGCGAACGTGGTTTTTTTGAAACAGTATTCAACGCTGTACAGGAAGGCATACTGGTTATTGACCGCCGACTGAAAATTCGCTACCATAACCGGGCGGCAAAAGAACTGCTCGGACTGCCGGAAGATCTTGAAAAAATTCGGCTTTCACAATTCCTGCGGAATGTCGACTGGCGCCGCTTGC
CP119760.1_gap64	3142976	3146054	3078	AACTTCTTTTGTTTAAGGGTCATACCAGCCTCACAAAACACAAGTGCTTTTATAATTTGCATTTAAGTCTTATTAACAGACGATTCAAGGAATATAAATGCCGCCTGGGATTATCTCAAGTATTTTATAATAAAAACGCCCGGCATAAACCGGGCGTGAATTTCAATTAAATAAATAGTCAGTTATTTCGCAGCTTTTACATCCAGGTCCACCGCGGGTTCATTAACCAGAGGTTTTTCGCCGACAACAGTATCATACTGCAAGTCAAAAAATTCCTGAGTCTGCGGAAAACTGTATTCGCCGAGCCTGATCTTTTCAATACCGGAAGCCACACTTAATTTATTCTTGTTTTTAAGCAGCGGGCCACACCAGTTATTGACAAAGTTTATCATGTAAGGTGACGAATTGAAATTGAGCCTGCCGTGGGTAAACAGGAAATTATAAGCATCATCCGAACGTCCAAGCAGAACCAGTGAATTAGCTTTCAGCAACGCTGACAGGTCATTAAGCATTTTACCTTCAGCAGTATTAATAATCGGTTCGGCCATCTTCTTAATGTTATAGGCCGCGAAAGCCTGTGATCCGCCCTGCCCGGCGAGACCTGCTGCAATACCGTATCCAAGCCAGTAGCCTGCATTCTGACTTTCAGTTTTTTCAACCGCCTTGAAGATACTCGAACTCCAGAGCTGCGGCATCCTGTTCTGATACAGCAAATACCAGTCATTGTTCATATAGAACGGCAGCGGGTTTTTAGCCAGAGCTTTTTTGAAAATTTCACTGCTGCCGGATTTAATCCCGGCTTTGTAACCGCGGATAACCCGGTAAACATCGGAATCCGAAAGCAACAGGCTTTCGCCGCCGTCAATGTCATGCCAGCAGAACTTTATCGGGAAATAAAGCCCGGTTGTACTGTCAAGCTCAACAACTTTCTTGATTATATTGCGGTCCCCAGGCTTGATTTTCAGGGCCAGCTGATACAGAATCATAATCTTGGCCGGATTAGAATCGACCCCGCTTTTGATTATTTCAGCAAAGGCCAGCATCGCGGGAACAAAACTACGCTCAGATGCCTGTTTAATCCAGGCCAGCTTGGTTTCCCGGTCCGGATAGTACTCAGAAACCCGCAGCTGCGCAGGGGCATACCCGGCATTTGCCGCAGCCAGGAACAGTTTTTTGGCGGCAGACGCGTCAGCTTTAACTTCAGATCCGCTTTCAAACTTCAGGGCCATCTTGAACATGGCCGGAGGGTAACCCTTTCTGGAGGATTTCTGCAGCAGGTTGAGTCCGTCAATATTTTTCTGTTCACCATAATAAACTTCAGAGAGGAAAAATTCCGCCCTCGGATCGCCTTCCTCTGCTGCCCGCAGCAGCAGGTTTTTGGCTTTGGCAATATCCTGAGCGATACCGTTACCGGTGTAACGGATTACCCCAAGCGAAGCTGTTGCCTGAGTATATCCTTTTTGAGCACAATATTTGAACAGCTCAACCGAGGCTTTCTGATTGACTGCGGTGCCACGCCCGTAATGATACATCTCAGCAAGGATATTGATATAACGGATTTCACCGTCTTTCGCTCTTTTATGGACATTATTGAAAGCCATTTCATAGAACCTTTTGGCTCTGGCGCGATCCGGTGTAACGTCACCAAGACCATATTCGTACATCATTCCAAGGTAGTATAAAGCTATGCAGTTGCCTTGCGCCGCGCTTTTGCGAAGCCAGAAATGAGCATCCTTATAGCTGATTTTACTGTCTTCTCCAGTCATATACATACTGCCGATGATGGCTTGCGCGGTCGGATCGCCTTGCTGAGCTTCACTAAGGGAGCGTTCGCGCAGCGACATACAACCGGTCAAGGACAAAATTGCCAGCAGTGCCGGTGCAATTTTTTTCAGAGAACGGCTTAAATTCATTTTATCCTCCGTCATTTATCCGTCATTTAAGGTTAATACCAACCCGTCAACTATCAGTTATGACATTTCTCTCTCATCATCCAGGCATAAATCAATAATAACCTAATCTTTCTTTTTAAGGAATTCAACTATTCTTTCTGCAAAAACTTTACCGGTTCCCGGAACTTTTGCCATAATCTGTTCAGCAGTTGCCTTCCTCAGGCGACGAACAGAACCAAAAGAACGCAGTAATTGAGCCTTGCGCTTTTCACCCACACCCGGGATATCATCCAGCAACGATTCCTGTAGCCGTTTGTCCCGCAGCTGACGGTGATAGCTTATTGCAAAGCGGTGAGCCTCATCCCGCAGAGCCTGCAGCAGACGCAGTGCCGGAGAATGACGATCAAGCACAACCGGTTCTGATCTACCCGGAATAAAAATTTCCTCACGCTTCTTGGCCAGCCCGATAACCGGCAGCGGCGGACAACCGATATCAACCAATATGTCAATTGCCGCTGATAACTGACCTTTACCCCCGTCCACCATAATCAAATCGGGCAGGGGGCGTTGTTCGCGAAGTTTTTTGCCGTAATGCCGCTGCAGCACTTCTTTCATAGTTGCGAAATCGTCAATCTGATTGACACTCCTGACCCGGAAACGGCGGTATTTGTCGCGGGCAGGGCGGCCATTTTCAAAGCAGACCATACTGGATACCGCCATCGTTCCCATAATGTTTGAATTATCAAAACCTTCAATCGTGGTCGGGGAATTCGGCAGCTTGAGAACTTCCTGCAGGTCTTTTACAGCTTCCTCACCGGGAGCCGAGGGGATAGCCGCAAACCGGAATGAACGGGTTTTACTGCCGAAAACCTCATTTATATTGGTCACAACATCGCGCAGCCGGCCGGCCTTTTCAAACTGCAGGTTATTGGCAGCTTCCCGCATTTTTCCATCAAGCTCCTCAAGCAGCTTACTCACATTACCGTTCAGCAAGTCAAGCATTTTTTTCACCCGCTCATGATATTCCTTCCTTGTAACTTTGCCGATACAGGGTTCACAGCATTCCTTGATGATGCGTTTTAGACAATGCCGGCGGGTTTCAAGGTCCGGTTCAGTGCACTTGCAGGTGCGAAGCCCGAAATACGAAGCCAGAAAATCAACCGTATTTTTCAGAGCACTGCCTTTG
CP119760.1_gap65	3149385	3150744	1359	CAAAGAGGTGGTTAAAGTAAACCGCACCACCGTAAAACCTAAATCGCAAAAACGCTTTATACCGCTGACTCCGGAACAGTTGAAAAACCGTATTTACAGCAATATGCCGCGTATTCGCACCACCAATACAGCTAATACAGCGCTGGTGCAGGCTTATGAGAACAAAGTCGGCAGTTATCTGTACAACGTCTGGGAAACTCCGGATAAAAGCCAGCTTGGCAACCGCCAGCCTGAAGTCGAAATAGAACTCTACGTAACGGCGACCGGTAAGGTCTCAAGGTCAAGGATTACCCGCTACAGCGGTATTAACCCAATGGACCTGTCCGTAAAAAAACTACTAGCGAAACTGGACTATGTCCCTGCACCGCCGAAAGGTGCGACAACCCTGAAATTAATTCTGGAGATTGCCGAAAGCTGATCCGTTATTTATCCGTCATTCTATTTAAGTTAACAATATTAAGCTCAATTTTCGTTATCTGGATCAAACCGTCAAGTGCTGATTATTGGAAATGATCAGAAAAAAAGTGGAGCATATATGTCAAGCATAATAAAAGTTGGAATTACCGGCCGGCAGGGCTTTATCGGAACACATTTATACAATTATCTCTCAACTTACGAAAACTTTGAATTGATACCTTTTGAGAAAGACTTTTTTGTCGACGAAGACAAACTTAAAGGCTTTGTCTGTGCCTGTGATGCCATAGTGCACCTGGCCGCAGTCAGCCGCCATGATGATCAGGACTATCTGTATAACACCAATATGGAGCTGGTTGAAGACCTCATTACCGCCATGGAAGAAACCGGTGTGGAACCGCATGTTATTTTTGCCTCAACCACTCATGAACCGCACGGCAATGACTACCACATGTCCAAGCATGACGGACGCCTGATGATTGATGACTGGGCTGCAGGTTCTGGCGGAAAATCCACCGGACTTTTCATTCCAAATACTTTTGGACCGGGAAGCAGGCCGTTTTTTAACTCATTTGTTTCAACATTCTGTTTCCAGACAGCTATAGGCGAAACCCCTGAACTAATTAACGACGCAGTAGTAGAACTTATTTACATAAAAGACCTGTGTGAAGAGATCAGGCAACTTTTAACCGGGGACATCAATGCCAACCCTTATACTCCGCCTTATACCGCAGCAGTAAAAGTATCAGCAGTACTAAAAACGCTTCAACGCTTTAAGAATGAGTTAGATACTGGGAAAATATCTCGACCTGGGGACTATTTTGAAGAATGCCTTTATGAAACTTTTCAAAGTTATCTGCCTGCTGGCTGATTATTTTCTGAACAAATTATTAAACCAGCCTCACTGGTGTAGTTCAGGTCAATTTCAACTGTATCGCCATCTTT
CP119760.1_gap66	3159438	3160461	1023	AATCCATATAATTATGAGTAAAAGGACAGCTCCACCGGCAATAAAATACTTCAGATAAGCCTGCTGCAGGGCTTCCGGCTTTATCGCCTCGGCCACCTCAAGCTTCTGTGCAGCATTCAGTTTAAGCGGCACAACCTGCAGCGGCGGAATCATAAATTCATTTTTCAGATCTGCAGTTTTTTCATTATAGCGGTTAAACTGAACATCAAGCCTGCCGCTTGGAACGGTTCCGGTACGATAAGCTTTCATTTCAACAACAACTTGCCAGATTCGATACCCTAAACCAATTCCAGCTGGCCTGATCACAGGCTCCTCCACCAGAACAGCCCCCTTACCAAGTTCCGCCTGTGCTCCCACCGGTTTACGATGCCAGGGGCATTTGAAGCTGATGATTGCGGTCACTTCCTGACCAAGCCTGGCTTCAGCAGTAGACAGTTTAACGGTTGTCAAAGCCTTTACCGGTTGATTTCTGCTGACTCCGTACCAGTAAAGCCCGCCAGCTGCCGCCACACCTGCAATCACCAGCGCAGTCAGAACAACTGCTGCTGTTAAAAGTAGTTTTTTCAGTCCTCCAAGGGCCATTTTGCTCTCCCGGCTGTTAACTATTTTCAGCTGTTATGTAATCAGGATCTGCGTCAGCAGAAGCCGTAATTAATGTCTACGCGATGAAGAAAAAGCCTTGGTTTATCTCCTGCGCCGCCTGGTATTGAAAAATTTAACCAGCGGCTTAACCAGATCCTGACCGCAGCGGATATCAATCATATCAACTTTAGCCCGGTCACAAAGCTTTTGCTGTTTGTCGTGAATACTGCCGGAAATTTCCTCAAAACCAGCCAGAACTTTACGACTCCGACCATTAAAAGCGATATTTTCTCCGGTTTCAGCGTCCTCCACCATGATATTGACCCCAGCCGGCCAGTAAAGTTCATGCGGGTCAAGGATACGAACGGCTATAACATCATGGCGGCGGTTTACTATTTTCAGTGATTTCTCGAAGTTGTTATCATCTATCAAATCACTGAT
CP119760.1_gap67	3163214	3166256	3042	CATATTAAATTGCCTCCGTAATGTTATTGCCCATGCTGACATATTACCAGCTTCAGGAATATTTTTCAATTAATTAATGTGAATATTTCAAATCAAAACTGTTATTAGCGTTGCTCCCCATCTCAAAAGGTTATAACTATATCGGCTGCATTTCCAAGCATTCGGAATTATATAATACTTTGGGATCGAATTTCAGCCTTAGGGTAATATTGATTTATTTGGCAAATTTGAGAAATAATATCAGTTTTAAGGACATATCATCTCCAGCTGGCTATGAAGAGATTATTTTTTTTATATATTACACCAAGAAAATAAATTCACAAATACCTGCAGCTGTTAGCATAAGAAATCACTCCCCTACTTAGAAAATGGAAAAGAAAATATTTTTTTCAAAAAACACTCTATCCGCTTAGTTTACAAAAGTACATATTTTTTCCAAAAAAACCGGCTGCATTAAAATAATATATTTGCAAACTGCCGTTTATATTCCATTATTCTTTAATAATTAACGCATTAGCACACTAATAACCAGAATATTTTTTCCAAAGTTTATACTTTATAGCCAAACAAAAGCTTTCATTATCCTTACCAATAGTATAAAGCACCTGCATATGGAATTGATAAGCAGTCAAGTGCAAAATTTCAGGAGTTTGATATGCGTTTAAGAAAAGGAATTAAAATAATCGCAGACCAGAAAAACTGGGTCCTAGACAGTAAATATAATAAAGACTACCACAATGAGAAAAATGAAGATATTAACTTTGAAGTCCCGTTTGTCTTTCAGGGCCATGTCAACCTCTGCTATGATGCCTGTCTTTATATGATGAAACTGTTTGTTGAAAGAAACAAATACCGGCATAATCTGGAAAGTGATTTGATTAGAATTCCATCCCAGCTGAAATCCTACCGAATAAGAAATAACCCTAGAGGAATTCTTGAGGGGTTGAATACAGATATTGCTCCGGCAAGAGGCAAGGAACTTGGGCTCGAGCTGATGGGCGGAAATATGCCGAAAAGGAACTTTAGAAACAAGGTCTACTTTAATCTGACCATGCATGGGCCGTTTATGATGTTTTACCCCGTGCACGGAGTGTTGATCAAAGGTATAGTTGGTGATAAGATTATCACTCATGACAGCTGGCATGGCGGCAACCTGGTTTGGACTGAAGAAGTTTTCCGCAGTAAAATTGCAGACTATGAATATATGATTAACTTTCGTGCCAATCTGGACAGAAATGAACCTCAAGTTTTAGAGCAGAGCGAAGTACACAAGTTTAAATGTGCTGTTCTGGACGCAGTTGATAATTATGTAATTAACTACAAAACTACAGGGGCCCGTGGTCTTATCCATTATCACGGCAAAAGCGGCTGCAGCCGGATGATGCTGTTTGCCATAAACATTAAAAATCAGAAAAAAGCAAGTGGTATTTTACTTGAAATAGAAAAGTTTATAAACAAGACAGGGTACTACAAAGAATTTCACGGCAGGATAAAAACTCAGAAATCTTCTGGACTTACCTATATTATGCACGGCATAATGACATTCTTTGCAAACAACCCGAACCCTAAAAATCATACCTTGAAAAAACTCAGGAACCTTCTCAGGAGTTCAATTTCCGGTATTTTTGAAATGGACTACTGGCATCAGCCAACCAGAGCCGCAATTGCCAGGAAACTGGCGATTTACCATATGTGGGCATAGTTTTCTCCCTTAAAAAGATCTTACCGCAGAAGTATCTTTATTTTTTGCGGTAAGATCCCTTTTCATTTATGATATTTTTTTTCATTTTTTAAAATGGCTTTTCTTTTATTAAAGCCATTTTTACCTCAAAAACAGACTACAGGTTTAGATTGCTAAAACATTTATTTTTATTGTATTTGAAATTAAAATAATTCATAATCAGTATTTCCAGCACTAAATGGGCAAAAAGGTCTACTTTTTTGTAAATAACAGCCTTACAGCAGAAAACCATTATCAGTAATTAAGCTTGAAAGTTAAAACTATGCGGCATTCTGTTTTTGCCCTTTATAAAATTTAATAAAATACTTAATCAAAACTGATAATCTTCATTAAATAAACAACTCGAAAAAAATTTTCACCTTTTATCATATTAAGCACAAAACAAATCATCTACTCCCGCTTACATAATGATATGGAGATTATTGCAGTTCTTTATTGACAACTTAAAGCGTTCAGCTTAATTAAACGCTCGTTACCCAGGGAGTTTGATATGCGTTTAAGAAAAGGAATAAAAAGATTCGTAGACCAACATGACCGTATCCTGGACAGAAAGTACAACAATGGCTTTCATAATGAAAAAAGCCAGGATATCAACTTCAATGTCCCTTTTGTTTTTCAAGGACACATAAATCTTTGTGTGGATTCATGTGTATACATGATGAAGCTCTTTTTCAACAACAATAAATATAGAGGCAAGCTTGATAAAGATTTAACCAGGCTGCCGACTCAGCTGGATTCATATCGCATTCGCAATAACCCGCGCGGTATCCTCAGCGGAATGGATGGTACAGACGCTATTGAAAAAGGCACTGAGCTTGGACTGTACCTGTGCTCGAGCTACCTCCCGGAGGATGATTTCAGAAGCAGACTTTATTATGCGCTTACTCAACACGGTCCTTTTATTGTATTTTATCCAATGCACGGCACTCTGGTAAAGGGTGTTGTAAACGACAAAGTCATTACTCATGACGCCTGGCACGGAGGTAACCTTGCGCTTACTTCAAGTTCTTTTGAAAAGAAACTGAGTTCGACAGAATACATATATCAGCTTCGTGGTAATGTCAATCGAACTCTGCCGGAAGAGCTTGAGGATAAAGATGAGACTTACAAGCTGAAATGCTCAATACTCGATTCCGTTGATGGTTATGTAATGAACTATAAATTAAAGAAAAATCGAGGTTTTATAAACTATCATGGCGCCAGCGGCTGCAACCGCATGATGACATTTGCCATAAATCTCAATAACAAGAACAGCACACATGAGGTACTGCTCGAGATTGAAAAGTTTATTCACAAATCCG
CP119760.1_gap68	3168243	3173186	4943	GGGAAAAATGCAGGTTACTTGTAGGGTATTCTTAATTTTTTACAAAAAAAACGGTGACTTGCGACAATTTTTTTTGAAAAAGCTCTTGGAAAAATGTAAGGTACCGAACTTTTCGCGAAATATTACTGTCTATTGAGAGTGAAGAACCCATGAGTTTGAACAAGGAGGGCGACCGCGAGTTGGTCGCTGAATTTAAAAACGGCAATACGAAGGTTTTTGATGAATTGATGAGTCGATATTCCGTCAGATTATATCAGACGGCATACGGTTTGTTGTCCAATCATCATGACGCCGAGGAGGTGGTTCAGGATACTTTCGTAAGAGCGTTTCGCGGATTGAAGCAATTTCGTGGGGATTCTAACATCGAAACCTGGCTGCAGAGAATTACGATTAACCTGGCCAGAAACAAATATCATTGGAATCGGCGTAGAGGAGCCGGTGTCAATATCAGTTTGTTTCAGGCATCCAGCGGCCTTGGTGACAGCGAACAGGAAGAAGAGATCCCACTTCCTGATAAAACCCTTGGACCGGAACGTACTGTTCAGGGAGCTGAAACCGAAAAAAAAATAGCGGAAAGTTTCGAAGAATTACCAGAATCCTTGCGGGAAACAATGATTCTCAGACATGTGCATGATATGCCATACGAAGAGATATCAAAGATTCTAAAGTGTAAAATCGGTACAGTCAAGTCCCGACTGGCCAGAGGTCGCGAAATGCTTAAGAAAGTTCTGAAACGCAGCGGAGTCTTGTGAAACACTAAGGAAAACGGTAAATTTATGAAGCTAAACGAGAACAACCTTAAGCAGTGCCCGACTTTTGAGGAAATCAGCACTTATTTTGATGGAATCAATGAAGTTCCGGGAATCGATCTGCACATCGAAGAATGTGCCGCATGCCGTAAAACTTTGCAGGATATTGCAGAACTGGATGCTGCAATTAAGGCTCGCGCAAACATTCCACAAGAGGATATTCCTCAGCTAACCGCCAGAATCAAAGATGGTTTCTACCGTAAAAATGAACTTGAACCTGCTAAATACGGTATGCCATTTCCGCGTGTTGTCCTTCATCTTGCCGCAGCCCTGGCTATCTGCAGTGCGGTTGTTTATGTTGCCGTACAAGGTTTGACAGATGATATGAGAAGTGCAAATATTGCTGACCCGGCACAGGATGCTGTAGCAGCTTCACAAATTGATAAATTTCCCTATTACACCAGCAATGGAAGCGGAGTTTTAAACAGCAACGGCTCAGAAAATTCCGTTGAAGTCGAAAACTTGATCCCGGCAAATTACGGTAGTTCAGAACCCGTTATGTTCAATGGTGGTGTACAGGCTGGAGCCCAAAAAATCAACCCGGTTATAATCCGCCCCAAGGTTGATCATGTCTGGGTTGTCAAAAATATTTCAAAAGCTGACGATACTCTCAAGAGAATGATTAAAAATTCAGGAACCCCGCTGCAGCTTCGCCAGGATGGAAGCGTTATTACAATGCAAGGCAGACTCAATAAGCTTGAACTTGTAAAGCTGGTCCGTGCCTGCAGTAATGCCGGGTTTGAACTGGTTTCTCCAGTTGCTCCGCAACCGGAACAGCATTACTTCAAAGGTAACAGTGGAGAACCGGTCAATTATCAGGCTCAATTCCTGGTAAATAAAGGCTCCAGATAAAACTGCTATAAAAATTAGATTTACGCATTTTGGCTGTTTTAAATTTGCACTTCGGCTAAAATGCGTTTATTTTATCTACCTGAACAATATTAGTCTGTATTATATTTCTATAAAGAATATTAAGACTGTCAGTTCGCAGTAAAAATTCGGTCATAGCACCGTAATTGCATATAGGAAAGCATAAAGTGAGGAAGATGGACTTCTTCCTGCTGAAATCTTTAAAACCGCATTTTATCAAGGAAACATTGAGAGGTAGTATCCGGTTTTAAAGAATCACCTGAATACCAGCGCAAGCCAATGATTGCCTGGACGTAAAACTCCTGGTCCAGAATTTGGTCAAAGTTTATGGTAAGCAATATTTTTGTAAAATTAAGCTTTTAAAGACGTTGAAAAACAACGGATTCTTGTGAGACGGCGAGGAAGATAACAATGAAACATAACGAGAACAGTCAAAATCGATGCCCGAGTTTTGAGGAAATCAGTGCATATTTTGATGGAATCAACGAAGTCCCGGGAATCGACCTGCATATCGAAAATTGTGCCGTATGCAGAAGGGCTCTTCAGGAAATAGCTGAATTGGATGCTGCAATCAAGGCAAATACTTACATCGCCGATGATGAGCTGATGCAGCTTGCTGCCGGCATAAAAGACGGTTTTTCTCAGAAAAACGAATTAGAATCAGCAAACAGCGGCATGCCTTTCCCACGGGTTATTCTTCACCTGGCAGCAGCACTTGCCATTTGCTGTGCTGTGGTTTACGTATCAGTACAAGGCCTGACGGATAATTTGAGTACCGGCGGGGTTATTGATCCTGCCCAGAAGGCAGTTGCCGCGTCGCAAATGGATAAATTTCCATACTACACTAGCACCGGCAGCGGGGTTTTAAGCAATGGTGAAAATGAAAATTCAGTAGAGGTTGAAAACCTGATTCCGGCTAATTTCAGTGATACCCAGCCGGTAATGTTTAAAGACAACGTTCCGGCTGATGCCAATCTGGCCAATCCAATAAATATCCGCTCAAAAGTCGATCATGTCTGGGTGGTAAAAAGCATAGTCAAAGCTGATGATGCCCTCAAAAAGATGATTCGACAATCCGGCGTCATGATGCAGCTGCATCAACAGGGCAGTGTAATTACTATGACAGGTACACTGAACAAGCTGCAGCTGGTAAATCTGGTAAGAGCTTGCAGTGATGCCGGTTTTGAGCTGGTTTCTCCGGTAGCTCCGCAGCCGGAACAGCACTACTTTAAAGGACGCAGCGAAGAACCGGTCAATTATCAGGCTCAATTTCTGGTTAACAACGGTTTTAGATAATAAAGCCGTGTTAAAGGCTTAAAAATTATGTCTGGGATTCGGCTTGATATGTCTCTTCAGGCAGTTAACTGTTTGAGCGACAGTTTTGCGCATTTTGGCTGTTTTTATTTGAACTGCAGCCAAAATGCGTTTAACGTATGTACCTGAATACTTTCATATTTTTTTATAACTGAGAGTTCTGGTCACCGCACGCTTGAACCCTGAAGTTCAGTTATAAGTTTTTTTTGAGCTGTAACTTATTGAATAATATAAAATTTAGATAAAACATACGAGGTATCTATGGCTGGTCACAGTAAATGGGCTAATATTAAACACAAAAAAGCCGCCGCCGACAAGAAAAAAGGTAAAGTTTTTTCACGTATTGCCAAGGAAATCATGGTTGCCGCTAAAATGGGTGGAGGGGACCCGGACTCAAACCCGAGACTGCGTTCAGCCCTTACTTCCGCCAAGGGAGTCAATATGCCCAATGCCAATATAGACCGTGCCGTCAAAAAAGGTCTTGGTGAACTCGGTGACGTTGTTTTTGAAGAACTTACCTACGAAGGCTATGGTCCGGCCGGAGTTGCTGTGCTGGTAGAATGCCTGACCGATAACCGTAACCGTTCAGCCAGCGAAGTCCGTATGGTTTTTGACCGCAGCGGCGGCAATCTGGCCAGCAGCGGAGCTGTTGCCTGGATGTTTCATCGCAAGGCGCATTTTGTCATTTCCGGTGAAAACGCAGATGAGGATAAGTTGATGGAAGTTGTTCTTGATGCGGGGGCTGAAGATATTGAAGTTGAAGATGATGTTGCTGAAATCTGGGGAGCGCCTGAGGCTTTTGAAGACATTATGAAAGCGCTTGAAGATGCTGGCATTGCCACTGACGAAGCCGCTGTCGAAAGACAGCCGGAAAACACTGTTGAACTCAAAGAAGTCAAAGAAGCAAACAGTGTTTTGAAAATGATTGACAAGCTGGAAGACCTGGATGATGTGCAGGCAGTTACCGCCAACTTTGAGATCGCTGATGAAATTGCTGATCAAGTTGAAGCCGACTGATTTTGATATTGATTAAGCAACAGGTCCTGCGGCTTGTTGCTTTTTATTTTATAGTCATATACAGCAAGGAGTTCAAATGATTATTCTAGGCATTGATCCCGCAATCCGCTGCACTGGTTACGGGGTGATCAATATGCGTAGTGTGGATGACCTGGAAATCCTTGATTGTGGTGTTATCAAAAACAAACAGAGTATGCCGCACACTGAGTGTCTGCGTCGTATAACAGGCGGTATCCGCCAGCTTGTCGAGGCATTCAAGCCGGACGTCGCCTCTATAGAAGAGCCTTTTGTCGGCCGCAATGCCAGGACTGCCATAATACTGGGTATGGCCCGTGGAGCAATTCTGGCGGAGCTGGCGGTACATTGTATTAATGTCTATCCCTATGCGCCAACCAGCGCCAAAAAGGCTGCTGTAGGCACTGGAAAGGCTTCAAAAGAACAGATAGCGGTAATGATGTCAGCTCAATTTGAGATAGATGCTTCAAACATTCTTCTTGACTCTACGGATGCGCTTGCCCTTGCTGTATGCCACGGCAGATATGCCGTCAGACCTGACTTGAAATTACTGATGCCCAATCCGCTGTAAACAGAAAAACCGGCTACTCAGAGCTCTGTTGAGCCGGTTTTGATGCAGCTTTCTCTTACAGCTTAAGTTTAGATTTGATTCTTTCCGCCGTTTCAGCTGATTCGCCCTCAGCATACTCCAGCTGACGCCAGTTCCAGTGAAATCCGTCTTCCACACCGCGGGGAACAACATGCAGATGAGCATGATTTACCACCTGACCAGCACAGGTGCCATCCGCCAGATGCAGGTTGAAGCCCTCAAAATCAAGCCCGCGCTTCAATGCCACACCGATACGGCTTCCAACATGAAACATTCTGCCGCCGGTTTCTTCAGGCACAGTAGAGCTGCTGTTGTGATGTTCCTTGGGA
CP119760.1_gap69	3175785	3179977	4192	AGAGTATGGCAATTAAAAATACAGTGATTAAAATTACAAAACTGAATGCCCTGAAAATAAACATTAAATTTCCCAGATTTTATTTATTAGTTATACGCTGTCTGCTGAATTTTTTTCTGATTACAGCTAAAGTTAAAAACCAGATCAATGAACTGCCAGAAAAAGCTTTGCAATATTTCTAAACAGCTGGTCTTCCCCCATAGCGGCGCTTACGACCATAGAATGCGTCTGCCGCCTTATAAAATTCCTCGCGGCCAAAGTCCGGCCACAATATATCCGTTATATAAAACTCGGCATATGACAACTCCCAGATCAGGAAATTACTCAATCTCAATTCACCACTGGTACGAATCATCAAGTCTGGATCCGGTATTGACGGGTCATACATATACTGAGCAAAAACTTTTTCATCAATAGCTTCCGGCTTAAGTTCATTTTCAACAGCAGCTCGAGCAATTTTTTTTGCCGCATCAACTATTTCGGCCCGCCCGCCGTAATTAATGGCCAGCACCAGAGTTCCCCGGTCATTACCAGCAGTCTTTTCAATGCCTTCATAAAGTTTTTGCCGGGTTGTTTCCGGCAGTTCTTCAGTGCGGCCCACCGTTTTAAGCCTTACTTTTTTTTCCTGAAGAACGTCAAGTTTTTCTTCAATAAACTCCTCAAGCAAACTCATCAGTCCATCTACTTCGTCCTGAGGACGTGACCAGTTTTCAGTGCTGAAAGCATAAAGAGTCAGGTATTCAAGCCCAAGTTCCTGAGCTGTTTCTATTGCTGTCTGCACGGCTTCAGCCCCTTTTCGGTGCCCCTCAAGGTGAGGAAGTCCGCGCTTTTTGGCCCAACGGCCGTTGCCATCCATAATGATGGCAACGTGTCGCAGTTTTTTCTGCTTAGATCCCATAAAAGTGATCCTCAATCATCAAACAGAGGGTATGGTAGATCGGCAGATGCATTTCCTGTATTTTATAGGTTTCCTGCTCCGGTACCCGGATTTCACAATCCGCCAGACTGGCACAGGCTCCGCCGTCCTTGCCGGTAAGCAGAATAGTCTTGACCCCCATGACTTTTGCAGTCATAAAGCAGGATTTGACATTTTCTGCGTTGCCACTGGTTGAGATTCCTATAAGTACATCACCTTCACGCCCGAGCGCGAACAACTGCTGGGCAAAAATCAACTGCCCGTCCACATCATTAAGAAAGGCCGTAGTAAAAGCCGGATGCGAAGTCAGAGAAACTGCCCGCAGCCCGTACTGCAGCTTATCAGCCATTTCCCGGCCTTTGTCGCCGTAAACGCTGAATTTTTCTTTAAGTTCCGGTTTCAGTGGCCGCAGGCTTTTAAACCCTTTAAGCAGTTCACCGGTAATATGATCAGAGTCAGAGGCGCTTCCGCCGTTTCCGCAAGCAAATAATGTATGTCCGGCAGCCATGGCTTCAACGATCATGCCTGCAGCCTGCAGCATTTTATCGTCCAGATGAGCCATCTCCGGAAAGCGTTCCTTGAAATCAATTAAGAATTTTTCCATATTAGATATGTATCCCAATAGTTTATGTTGGGGGGTTGCTTATAACGGCACAATTTATGCTGTTGGCCGCAATATGCCCTTAATGTAGCTTTTCAGGCCGATTTTGCAATACTGCGCAACTCGAATTGGCGGCTTATTGATAAATTTGTTAATAACTATGAGGATTTTGTTAATAAATTATAAGATGTCCACACCTACTCTAAAATAGAGTTTCTGCGCACAGACTTATTAATAGAAATAAAAATGGAAATTTCTGCTGTATTTTCACTTTATTAACAGAATTAACAGGGTATAATACTAAGAATAAATAAATCTTTAAGAATAGAAATTTAGTAAAATTATATAGCCTGTGAACAAGTCTCAGGAAAACGACAGGAGGACGGAATGAAATTAACTGTCAAAAAAGATAACTTTCTAAAAGCACTTCAGAAAGTGATCAACATTATCGGCAGTAGAAGTACTCTGCCGGTATTGGCAAATGTTTTGATGGAGGCAGAAGGAAACCAACTTTCACTAACTACAACTGACCTCGAAATCAGAATATCCACAAAAGTGGAAGCTAATATTGAAAAAGACGGAAAAACAACTGTCCCTGCCAAAAAACTTTATGCGCTGGTATCACGTTTTATCGGTGAGGAAGTAAGCCTGGACTGTGATGAAAAGCACCATACTGAAATAATCTGCGGAACCAGTAAATTTAAGTTGCTTGGACTTGGTGCCGATGATTTTCCACTGCCGGTGGAATTCGCTTCTCATAAGAATATCAAATTCAAAGAGAGTGACTTCCGTAAGATGTTAGATCAGATTTCCTATGCGGTCAGCCTGGACGATACTCGCAAGGTACTGCATGGTATATTGATTTCAATCAAAGACAATGCCATCACAGCAGTGGCTACTGACGGCAAACGACTGGCTCTGGTTGAACGAGTACCTGAAGAGTTTGAAGGCGCAGAGGGTGACACTATCGTACCGCTGAAAGCGGCCACCGAAGTAAAACGCATGATTGACGGCGACAGTTTAATTTCTCTGGAATTTGGTGATAAACAGGCCTGCTTCAAAACTGATAAGGTTACACTGACTACCAAGCTCATTGAGGGGAACTTTCCTAATTACCGTCAGGTGATTCCGGCCCGTTTCAATAAAGTTATAGAGGTTCCGACTTCACCGATGCTGGCTAAGCTTGAACTGGTTTCACTGGCCCTCGCCGATAACAGCAGTTATATTGTTATCACTCTTGAAGATAATAAAATCAAGATGCAGGCGGCCAGTAATAATGTCGGTGAAGGTGCTGACTATATGGATGTTGAATATTCTGATGCCAGACTGGATATTTCATTCAATCCGACATTTCTGGCCGATCCGCTCAAACATTGTGATGCGGACAAGGTTAAAATTAAATTGAATGACGGTTTCAGTCCGGTTGCGATCGAAGGCGGCGAAGGTTTCCTTTACGTCATCATGCCGATGCGTAACCGTTAAGTATTAATTAATAGATATTTACGCCGTGCGGTAGCTTAGCAACTGCGCGGCGTTTTTGTTTTAATTCAGGTAGCTGATGATTAAGAGATTACAACTTAATAACTTCAGAAATTACAAGTCCTGTGAAGTTTCGCTGCATAACCGGAAAATTGTTTTTACCGGGCGTAACGGGCAGGGAAAAACCAATTTGCTTGAAGCTCTGTTTTTTCTCAGTCTGCTGCGCTCATTCCGGACTTCAAGAACCAACGAACTGCGCCGTATCGGCAGCGGTGGCTTTCATATTGGTGCTGAAATAAGCAGAAAGAATTATTCTGAAATCCTTGAAGTGGATTACTCCGAACCCGGACGGCGCAAACTTACAGTTGACAAAAACCGGGTAAGTAAGGCCAGTGAGTTCATTAATCAGCTTAGAGCTGTAGCATTTACACCAGAAGATATCAATATTGTTACCGGAAATTCCGGAATGCGGCGACGGTTTATGGACATGTTGATTTCAGTTCTGCAGCCTGAATACCTGGCTGCACTGCATTCTTATAATGCTGCTGTGAAGTCCAGAAACGCTGTTCTTAAGAGCCCTGATGCTGATCTGGGGGTAGTGAAAGCCTACGAGCCGATCATGGCCCAGAATGCCGTTAAAATTGTTGAACTGCGTCAGAAATACTGTTGTGAGCTGGAAAGTGAAGTTAATGCCTTGTTGAGCGAATTCAGCAGAGATAAATATGCTTTCACAATGCGTTATCGCGGTGACTTGAATACTGTTTCCGTTGAAGAGGCTTATTTACGCTTTGAACGGGAACGATCCAGAGATATCAGGCGTGGTTTTACTGGATTCGGCCCGCAGCTGGATGAATTTGAAATGCAGCTTCAAGGTAGAATAATGCGAAGTTTTGCCTCTACCGGACAGTGCCGGTTAATATCTTTATGCCTGAAACTGGCCAAGGTAAATATTTTGTGTCGTTGCTGCAGCGACGATATAAATAATATTATCGTTCTTGTTGATGATGTTACAGGGGAACTGGATGCGATTACCAGACACCTGTTTTTTCAGGTTATAAATCAGGCTGGACAGGCTTTCTTCACCTTTACAGAAAAACCACTGGACAGTTATTTTGAAACCGCCGAGTTTTATGAAATAAATAACGGTTCAATAGTTTAATCACGCAGAGAAAATTTGTTTAAATCAGCTTCAGGCT
CP119760.1_gap70	3198214	3198714	500	CCTCAGTAAGAGTCTGGCTACTGGTTGACTTCGCCTTATAGATCCTTCCTTCCACTCAGTAAGGAACCTTCTGGTTTTATCATTGGATAAAATATATCTGATGCTGTCCTTAGTTGTTAACGGAGGTGCGACCTGGCGTAATTCGTAGTCATTCTGGTCTGCTGAATAAGGAATTGAGCCAAGACATTCAGCCAGCATTGCTGGAGGATGTATGAATAAATTCAGTAACTGCTGGCCAATAAAAACCATATTGTCATTTGAATTTTCTCTGTTTATATCAGACAGCCTCAGATAAGCCTCGGTAAACTTTAGAATGGAATCGTGGAACTCTTCCACTCCCCACTCCATTATTTCGGAATGATTACTCCCGAAAACAGGTTTCCATCTATTCTCCTCTGCCTGCCAGTGATATCCTTTGGTTGTAGGATGATTTGCCTGCGTCAAGAGCTCTACATAAATTGGAATAGAGTCGTCTTTTAACGATCCCGGCATAATCAAAT
