gap_id	start	end	length	sequence
CP114553.1_gap1	9732	12097	2365	CAATCGCTCGATGCGGCGGTCGCCCCGTTGCCCCTTCTCTTCAATCGGCGAGGAGAGATCGATTATCGGGTCGGGATCGCCGAAGGGGAAATCATCGGCCATGCGACGGCGGTCCAAACGCGGGAAGGGCTCTCCCTCTCTTTCAAGAGCGAGGGACAGAAGCTCAACCTGAGCCGGCTGGGCCTCTCGGGACTTCTCGATTTGCAGGGGGAGGGGAGCGGGGTCGGTCCCGATCTGTTGAAGGCGAAAGGGAGCCTCACCTTCACGATCAACAGCGTTCAATTGAAGCAGGTGGGGCAGTGGATGGTCCCGATCGGCGAGGTGTCCTTTTCGAGCATTCGTGGTAAGATCAATCTTCGGAACGGCATGTTGGTGGTGGAGCGCTTCGCCGCTCAAGGAAATGAGGTCGACCTGACGAGCGACGGGGGGAATCTGATTCTCCGCGAGCCACTGGAAGGAAGCCTTCTCTCGCTCAGTCTCAAGGCGACCCCGAAGGGGAGCCTTCAACAGATGGCTTCTCTCTTCATACAGGGGTATTCGGGACGCGAGCCTTTGTCCCTGGGGCTGAAGGGATCGATCGGCCAACCGCAGATCTCGGTGAACGGCAGGCCGTTTGCGCTGTAAGGGCGAATCTTGCCTGCACTGTTCCACCGTGTATTCGCCCTGTTTCCGCCATCCCTATGAAAGGGCGATCACAAGGATCGCCCCTACACGTGATGGAACATCATTGACTACATTTGGATTGAGGTAATGGCACAAATCATTCTCGGTTTAGACATTGGACAATCGGTCATCAAGGGGGTTCGGATTGCGCGGACCCTGCGGGGGCTTCGTCTCGTCGATGCCTTCGAGCGGAAGGTGGAGCGGCAGGGTGAGCGTGGGCGAGGGGACCTGCCGAATGACGCGCAGATCGAGGCGCTCCGCCAGCTTCGTTCGGAGGGGAAGATCAAGCCGGGCGAGATGACCGCCATCGCCTTGCCGGGCCACCTCGTTTCGACGCGGGAGATCACCGTTCCGTTCACCGATCCGAAGCGTCTTCGCCAGGTGGTCCCCTTTGAGGTCGAAGGACAGCTCCCGTTCGATCTGGAGGAGGTCGTGATCGACTACCAACCCCTTCCGCAGGGGGGCGGGCGCGATCTTCAGATCCGGGGCGCGGCCGAGCCGGGAAAGGAGGAGCCGGCCGGATCGTCGCGTCTGTTGGTCTCCGCGGTTCCGAAAGGGGTGCTGCGCCGATACCTCAGCGCGCTGCAGTCGGTCGGGATCGACCCGGCATGGGTCGGCCTCGATGCCCTTTCTCTCTACACCTTTTACCAGCAGATGACCCAACCCTCCAACGGCGAGAAAAAGCGGGGGGCCGCCGGGGGGGACGAGCGGTCGGAGCATCTGCTGATCGACCTCGGTGCCTCCAAGACTGTCCTCTGCGGTCTCTCGGTCGCGGCGAAGCAGACGTCGCCGCTATTGCGATGGGTCCGGACGATCCCGATCGGATCGGATGATTTTACGGAGGCCCTTCAGCACGATCTGGGGCTTTCATGGGAAGAAGCCGAGAAGCGAAAGAGCGAGATCGACCTGAGCGCCCCTCCCCGAACCGAGGCCGGAGAGGCGGTTCAGAAGCGGGTCTCCTCCTGGTTGATCGAGATCGAGAAGAGCGTCTCATTGACGGGAGGGACGAACGGGGAGTCGCGCAGCGGATTCTATCTCTGCGGCGGAGGGGGGCAGTGGCGGGGGCTGAAAGAGCTGATCGCACAGCATTTTCAGATGACGCCGGAAACGTTGAGCGGATCGCCGCCGATGGCCGGGCTGGACACGGCCCATTTCTCGACCGCCCTGCCGCGGTATGCCGAAGCGCTCGGCCTCGCCTTGTCGCCGGCGCAGGGGACGCAGATCAATTTTCGACAGGGAGAGTTCGTCTTCGGGAAGGAGTCGATCGAGCGGCGCCACCGCCTGACGTCGGTCGGACTGGTCTCCCTCATCCTGTTGGGATTGATCGGTGGGGACTTTTATCTGCACTATCATCAGAAGGAAAAGAAGTTTCAGGCGCTCAAGCAGGAGCTTCGGTCCGAATTCACGAAGACCTTCCCGCAGACGAAGAATGTCTCGAATGAAGTGGAGCAGACCCGCGCCGCCATTAATGAGCGGAAGAAAAACGCCGAATTTCTGGGGGTCGGCGAGGAGAGTCCCCTCGAGGTGTTGAAGGTGGTGACCGCCGGGATTCCGACGGAAGTCCGAATCGACGTCACCGACATGGTGATCGACGGGAACAAGATTCGGATCGAGGCGCAGACCGACTCGTACGATTCGGTCGATCGGATCCGGGGCGGTCTGATGAAGGTGGGTCATTTTCAAGAGGTGAACGTCAGCGACG
CP114553.1_gap2	19436	24344	4908	TCCGAGCGGCGGCGGATTGTAGAGGAGCTTCTTGATCATCAGCGGGTTCATCGAAAAGGGATTGTAGTTGCGCGGCAGATAGCCTTCTTCCACCAGGCGGTCGGCGAGGCCGGTGTGCGGCTGGATGCCGAGGAAGAAAAGCGCCGGGTAGACTTGGGATTCTCCCATGATCTCGACGATCTTTTTGTACGAAGCGACGCTTTCCATCAGCGTCTCCTCGGTGTCGCCGGGGGAGTTCAACGAATAGTTCAAGATGATCTTTCCCTGAAAGCCGGCCTCCTTCAAATGCCGGCAGCCTTCGTAAAGCTTGTCGAGCCGGAATCCCATCTTCAATTCGTCCAGCACCTTCTGCGAGCCGGAGGTGATCGCCACCTCGGTATCGCCGAGGCCCGATTTCACCATCAGCTCCGCCAGCTCCTTCGTGATCAGGCTCGTTCGAATATAGGCCCCCCACTCGATTTTCATTCCGCTTGAGATGATCCGCTCCAGGGTCTCGGTGCAGTGGGAATAATACTTCGATCCGGGAATCCACTGCGCGTCGGCGAACCAGAAGCGGCGCGTTCCCCAGCGGTCGTAGAAGGCCCTCATCTCGGCGACGACGTTCTCCGCCGGGCGGGTGTAGACCCGCTTTCCTTCGATATAGGTGTAGAGGCAGAACTGGCAGTCGTAGGGGCAGCCCCGCTTGGTCTGAATGCCGATCGGCTCGTCGATGTAGGCTTTGTACTGCGGGAAGATCGACTCGATATAGGCGGGGTCTTGAACGGAGCTGTCGAGCTTGACGACCTCTTTCTGCGTCCCGGTGATGATCTGATCTCCCTTCCGGAAGATGCAGCGGTCGTTCATGATTGTTTTCTCTTCATAGAGGTTCAGCAGGGCATCCTCTCCCTCGCCGATGATCCCGACGATCCCTTCCGGCAGCCGCCGGATGATCGGCTCGGAGAAGACGGAGAAAGCCCCCCGCCGACGGTCATCTGCACCTGCGGGAACTCGCGGTGAACCTGCTCCAAGTAGGTGAAGTGCTCGCGCAGGTTGCTGTAGTAGATCCAAAGATGCCTCAGTCCTTGGATCGAGGCGGCGAGTTTCTTGATCGGGTTCATCGAGTAGTAGAAGTCGAAGGCATATTTGAGCGAGCCGTCCCCCTCATGGGGCGCGAACAATTGGATGTCTCTCCAAGAAAAAGCGATCAGGTCGGGTTTAAAGTCGGAAATCGTCTCCCGGAGGGCGGCATGCCGTTGCGGACGGGAGACCTGGGAGAGATCGAGAATCCGCTGCGGTGCTTCGGGGTGGTGCTGATGGAGGAAGTGGGCGAGGTAGGTGACGCCGAGGGGATAGACTTTTTTGCAGGGGAGAAAAACGTAGAGAACTGATTTGGGGCGAGGCATCATTAGGCTCCGTGTTGGAGCAACGATAACATAGTCGAAAACTGAACGGCAAGGTTTTGTTCAGATCCGGCGCGAACGATCGGCTATTTGCTCCCGATGTGAATCGCCACAATGCCGCCGGTGAGGTTCTCGTAGGTGACTTTTCGGAAGCCGGCGCTCTCCATCCGTTTCTTCAATCCTTCCTGGTCCGGGAATTTTCGGATGGAGTCGGGGAGGTAGCTGTAGACGCCGGTGTGGTCTTTGGAGACCCAGGTGCCGATTTTGGGGAGGAGGGTGAAAGAGTAGAAGTCGTACAGTTTGCGAAGGGCCGGGCCCGGCGGCGTCGAGAATTCCAGGCAGACCATCCGGCCGCCCGGTTTCAGGACCCGGTGGATTTCACGTAAGGCCTGGTCGAGGTCCGAAACGTTTCGCATGCAGAAGCCGGTGAGGACGGCATCGACCGATCGATCGGGGAGAGGGAGCCGCTCGGCATTGCCGAGGCTGCAGGCGGTTTGGCGGAGCCGCCGGGCCGAGAGTTTCCGCCGGCCGATTTGGAGCATTGGCTCGTTCAGGTCGATCGCAATGACCGATCCCTTTTCGCCCACCGCGTGAGCGGCGAGGATCGAAAGGTCGGCGGTGCCGGCCCCGACATCGGCGACCCGCTCTCCCGTCTGCAGAGAGGCGGTCTGAATCGTTCGGACCTTCCACCGGTGGTGAAGGCCGAAGGAGAGAAGGGTATTGTTCAGATCGTAAAAGCGGGCGATCGAGGAGAACATCCCCTGAACCGCTTTTTCCTTATCAATCCCGGACAATGTCGAAGCCATATCGCACCTTTCAAGTTCTGCCAATGGGTAACATTCGATTCCCTCTCTTGTCAAGCCGGAAATAATCCAACCGCAGCCGTTCCCTCCCTCTAGGCTGTTCATCGCCCCTTTTCTTGGTTAAAATAGGGCGATTTGTTGCCGGTGCGAAAAAATCGATGGAATAAAACAGCCCGCCCGGCGGTTTAGGTAGAAAGAGTGCCGCATCCATATGAAGAACAAAGATCCGCGGGAATTCGAAGAGACCACTTTACCCTTTCTCGATTCGCTCTATCGCTACGCCGCTCTTTTGACCGGGGATCGGGACCAGGCGGAGGATCTGGTGCAGGAGACCTATCTGCGCGCCTGCCGCTTCTTCGACCGGTATGAAAGGGGGACCCACTGCAAGGCGTGGCTGATGACGATCCTGCGGAACATTTTCATCAATCAGTATCATCAACGGTCTCGGGAGGTATTGGTCTCGGAGTTCGATGAGCCGGGCGACTTTGAGCCGCTCTCTCCGCCGGGGGTATCGCGGGAAGACGACTCTCTCAAAAGCCGGATCGCGAGGCATGACCTTAAGAAGGCGTTGGAGGCCCTTCCGGCCCACCTTCGGGAGGTGGTCCTTTTGAAAGATGCGGAAGGATTCGACTACAAAGAGATCGGCCGCCTGATCGATGTCCCGCTGGGGACGGTGATGTCCCGTCTCTTTCGGGCGAGAAATCAGCTGAAGCGGCTTTTGAAAGATTATGAAACCGGACCGGTTTCCGCGGCGGATCGGCCCGACGTTTCGGGAGGAAAGAGCGATGTATGATTGCCAGACGATGACGAAACTGCTCTATCCCTACCTGGATAATGAGCTTGATGTGAAGGAAGCGCTCCGGGTGCAGATCCATCTCGACGAATGCGCCCGCTGCCGCGGCCTCTTCGAAAAAGAACGGATCTTTCTGGAAGCGTTGCGGGAGGGGTTCCCGGCCGAGCGCGCCCCGGCGTCGCTCCGCGGGCGGATTCGGGAGGAGATCGCCGATGAGGTTCCCGCGGGGGAGGCCCGTTTCCGATGGAGATCACGCTTTGGCGCCGGGTGGGGCTCCGCTGTGCGGGTCGCCTCTCTCCTGGCAGTTTTCTTCCTCTTCGGCGCGGGGGGATTCTTCTTGTTTTCAAAACCGGCGGAGCACCCCGAGGCGTTGACTTGGGTCGATCTGGCGGTCGAGGCCCATGCGGCGGTGGTTGCGGATCAGAAGGGATTGGAAGTACGGGAGAGCGATCCGGCAGCCCTCTCGGCCTGGTTTGAGGGAAAGGTCGATGTCCCCTTCACCTTGCCGGCAGGGAGCGATTCGATCGAAATGATCGGGGGGAGGATTGAGCAGGTCGGCGTCCTTCGGGTACCGCTGATCGTCTTCCGGACCGGCGGCGAGCTCTCCTCCCTGCTTCTGGGACCGCCGCAGCCGATGGCGGTCGGCGACAAGGCGGCCGAGCGGGGAACGCTTTCCTTCTACACCCTTCGCCATCACGGCTACGATGTGATCGCCTGGAGCGACGCCAACGTCAGCTATCTTCTGGTGGCGAACCACCTTCGCGCGGCGAAGGAAGGGTGCCTCCTCTGCCACGCCGATGAACCGGACCGAAACTTGATGTAAAAGACGCCTGAATTAACCGATAAATAGAAAAGGGGCCTTTCGGCCCCCTTTCTATTTTCTGATCTGATGGTAGGGGCGATCCTTGTGATCGCCCGTTTTTCCCTTATCGAATCGGATTCTTAGATTACTGCGGAAACTCCTCCGGCGCCTTCACATGTTGCCACCCTTCGCCGTTGAGCGTTCTCAAGAAGGCGACCAGGTCCTTCTGCTCCTGCGCGGTCAACTCGAGCGGAAGGATCAGCTCGCTCAGGAACGGATTTTTGATTCCCCCTTTGTTGTAGAAGGCGACCACCTCTTCCAGGGTGCCGAACCGGCCGTCATGCATATACGGCGCGGTGTTCGCGATCTCCCGGAGAGTTGGTGTCTTAAACGCCCCGATCTCGCTCTTGTCGTTCGTCACCATGTACCGGCCGAGGTCGACATTCCCGGTGTCCCAGCCGAAGCCGAGATTGTGGAATTTCTCGTCGGTGAAGTTGAAGCCGGAGTGGCATTTGGTGCAGCGCGCTTTATTTCGAAAGAGGACCAGCCCCCGCTTGGCCGAATCGGAGATGGCGTTTTCATCCCCGCCGATATCGTACCGGTCGGCCGGGCTGTTTCCGGAGATCAGTGTCCGCTGGAAGCTCGCGATCGCCTTCGCGACGCCGTCCATCGTGATATCGGTTCCGAAGACTTTTTTAAACTCCTTCCGGTAGCCCTCGATTTTCTTCATCTTGGCGAGCATCTGGTCGTAGTCGGCGAAACCGTGCTCGATCGGGTTGGTGAAGGGGCCGATCGACTGATCTTCGAGCGTCGCCGCCCGTCCGTCCCAGAACTGGATCTGGCTGAAGGCGCGGTTGATCGCGGTCGGGGCGCTCCGTCCCCCCAGTTGGCGGCGGATGCCGGCGGAGACCGGCTGCCCGTCGGTGAAGGCGAGCGCCGGCATGTGGCAGGTGGCGCAGGCGATGCTGTTGTCTCCCGAGAGGCGTTTGTCGAAAAAGAGAAGCCGTCCCAGTGCGATTTTCTCCGGCGTCATCGGATTGTCGGAAGGGACATGGAACGACTCTTCATCGAGTCCCAACGGAATGGCGGGGCGGGCTTCTTTTTTGGAAGGTTCGGCGGCCGTGGTGATTT
CP114553.1_gap3	27402	31978	4576	TCAAACTCGACAGCGAGCTCGAGGCCCTTCCCTCTGACCGGGCGGTCTGGATCCTCGGCTGGAACAACCGATTTAAAATGACGATGATCGGCGCCCTCGCCGACTACCATTTGGAGATCAGCGGCGTTCAACCGAAAGAGGGGGCCGACGTCGAGCGATCGCGGTTGAAGGTCCACAATGTCACGATCCCACTCCAGAATCACAGCCTCGTCTTCACCACAAGGCATCCGGCCAATCCTGCGCGATCGCTTTCCTGGATCGCGACCGACCGGCCCGACGCCCTTCCGGGCCTGGCGCGAAAGCTCCCCCACTACGGCCCCTACAGTTATCTTGCCTTCGAGGGGGAGGAGCCGACCAACGTGGTTAAGGGGCAGTGGCCGGTGATCCACTCCCCGATGACCCTCTATCCCCTGAACAGCCGGGGGGAGCGGGTTGAAATCGACCGCGCGACCCTCCCCCCCCGACAGGCGCTGGCGACCCTTCCCGCCGTTTTCTCCGATGCGAGGATGATGGAGGATATCCGGTTCCTTTCCGCGGAGACGTTGCGGGGACGCGGGTTTGGGACCCCGGAGCTCGATCAGGCGGCGGAGTATATCGTAGACCGATTCCGCAAGGCCGGTTTGAAACCGGGGGGCGATTCGGAGGGAAGTTACTTCCAGAGCTGGAAAGAGCGAGGGGGGGATCCGGAGCAAGAGACCACGTTGAAGAATGTCATCGGCATCCTTCCCGGGAGCAGGCCGGAGTGGGCCGGTCAGAGTGTTGTGGTCGGAGCGCATTACGACCACCTCGGAGAGGGGTGGCCCGACGTCCACCAAGGGGATAAGGGAAAGGTCCACCCCGGCGCCGACGACAACGCGAGCGGCGTGGCGATTCTGCTGGAACTGGCGCGGGTCTTGGCAAAGGAGAAACCGCCCGAGCGGACGGTGATCTTCGTCGCCTTTTCCGGCGAGGAGGCGGGACGCCGGGGGTCGAAGCGCTTCGTCGCCCACTCCAAAAACTTCCCTCCGGAGAAGATGATGGGGATGGTGAATCTCGATACGGTCGGCCGGCTCGGACAAAATAAGCTCCTTGTCTTCGGGACCGGCTCGGCCGAAGAGTGGATTCATCTCTTCAACGGGGTCGGTTTTGTCACCGGGGTGCCGATTCAGTCGGCTCAGAAAGATCTCGGGACGAGCGACCAGGTCAGCTTCGCCGATGCCGGCGTCCCGGCGGTCCAGCTTAACAGCGGTCCGAATCTCGATTACCATCGTCCCTCCGACACCGCCGACAAGATCGATCAGGCGGGTTTGATCAAGGTCGCCTCGGTCCTCAAGGAGGCGGTCGCCTACCTGACCACCCGGCCCGGTCCGCTCACCTCTCTCCTCCCGCAACGGCGCGCCGGGGAGCCGCCGGCCCCGGCTCCCGGACGGAAGGTGAGTCTCGGGACGATCCCCGACTTCGGTGATCAGGGAAAAGGGATTTTGCTGGAAGGGATCATCCCCGGCTCCCCCGCCGACCAAGCGGGACTTCAAAAGGGAGACCGGATCGTCCGGATCGGCGCCGTCCCGATAACGAACCTCCGCGATTTTTCCGAATTCCTCAAGACGCTCCATCCGGGAGATCGGATTTCCATTCTCTTCCTTCGCGACGGAAAAGAACAGACCGCCGAAGCAACCGTAAAAGAAAGATAGGGGGGCGCGGAGCCGGTCGATTCTGGCGCTTTGCCCAATGCGATCGGCCCGCCTGGGATCGGACTCCCTGTGGGTTGACCTGGAATGCGCATCTGAGGCGCGCATTCCAGGTACCCGGCGAATCAATGAACCTTATACACCGCTGTGCCAAGTGCCTCCATCGACCGGCTCCGCTGGAGGTGGAGAGAAAAAGAAATCGATCTCTCCTCCATTCCTCGATTGCACTTCCACGCGTTGACCCAGCCGAAAGCACATGATAAAATCGCTGGTTCGAATCATTCAATGTAGGGGCGAACTTTGTGTTCGCCCTCTTTATAGGATTTTATGAAAGATCAAAAAATCATCATCAAAGGGGCGCGGGAGCACAACCTCAAGAACATCGATCTGGAGATCCCCCGGGATCAGCTTGTCGTGATTACGGGCCTCTCGGGATCGGGGAAGTCGTCGCTGGCGTTTGACACGATCTATGCCGAGGGGCAGCGGCGCTATGTGGAATCTCTCTCGGCCTATGCCCGGCAGTTTTTGGAGCAGATGGACAAGCCCGACGTCGATACGATCGAAGGGCTCTCTCCGGCGATTTCGATCGAGCAGAAGACGACGAGCAAAAATCCCCGCTCCACCGTCGGGACGGTCACGGAGATCTACGACTACTTCCGGCTTCTCTTCGCCCGGATCGGCCGGCCTTTCTGCTACAAGTGCGGCAAGGAGATCACCGCTCAGACGATCCAGCAGATGGTCGACACCGTCATGCAGTTTCCGAAGGGGGAGAAGATCCAGATCCTCGCCCCCATCGTCCGGGGCCGGAAGGGGGAGTATAAAAAAGAGCTTCTTGCCATCCGCCAGAAGGGGTTTGTCCGGGTCCGGATCGATGGGAAGATGATCGATCTCTCTCAGGAAGAGCACCCGATCCAGGACAAAAACAAGAAACATACGATCGAGGTCGTGGTCGACCGTTTGGTCGTCAAAGAAGGGCTGGAGCGGCGGCTCGCCGATTCGTTGGAATTGGCGGCCAAAATGGGGGAGGGGATCGTCTTTCTCCTCAAAGACAAAGAAGAGATTCTCTTCTCCGAGCACCTTGCCTGTGTCGATTGCGGGGTGAGCTACCCGGAGATCGAGCCGCGGATCTTCTCGTTCAACTCGCCGCATGGGGCCTGTTCCTCCTGCGACGGCCTCGGTACCACCCTCGATATCGATCCCGACCGGGTCATTTCCAACAAGCAGCTCTCCATCCGCGAAGGGGCGATCCGTCCCTGGGAGCGGCGCAGTTCGATGTTTTATTATCAAATGCTCGAAGCGCTCGCCGAGCACTACAACTTCGACCTGCGCGCCCCCTTCCAGGAGCTGGCCCCGGAGCACCAGAAGATCCTCCTCTACGGATCGGGCTCGGAAGAGATCCGCTTCTACTATGAAAAAGACGGCCGCCGCGAATTCTTCCGCCGGCCGTTCGAGGGGGTGATCCGGAACCTCGAGCGCCGCTACAAAGAGACCGACTCGACCTACATCCGGGCGGAGATCGAAGAGTTTATGGGGATGAACCCCTGTCCCGCCTGCAAGGGGAATCGGCTCAAGCCGGAGAGCCTGGCCATCAAGATCGCCGCCAAATCGATCGCCGAGATCACGAAGTTCTCCATCCAGGAGGCGCTTCAATTTATCCTCGATCTCCAGCTGACTGAAAAGGAGCGGGTGATCGCGCAGCGGATTTTGAAGGAGATCCGCGACCGGCTCGGGTTTTTGGCCAACGTCGGCCTCGAGTACCTCACACTCGATCGGGCGGCGGGGACCCTCTCCGGCGGGGAGGGGCAGCGGATCCGTCTTGCCACGCAGATCGGCTCGTCGCTCGCCGGCGTCCTTTACGTGCTCGACGAGCCGAGCATCGGGCTGCATCAGCGAGACAACGTCCGGCTGCTGAATACGCTCCGCCGCCTGCGCGACCTCGGCAACACCGTGCTGGTCGTCGAGCATGACGAGGAGACGATCCGAGACCGCCGATTGGGTCATCGACATGGGCCCCGCCGCCGGAATTCATGGCGGGGAGATCATCGCGCAGGGGACGCCGAAAGAGATCCTCGCCCACCCCCGCTCTCTGACCGGGAAGTATCTCTCTGGGGAGCGGTCGATTCCGTTGCCGCCGCGCCGGCGGGAGGCGAAGGGGTATCTCAAGATCAAGGGGGCGACCGAGAACAACCTGAAAAACGTCCAGGTCGACGTTCCGCTGGGGCTCCTCACCTGTGTGACCGGCGTTTCCGGCTCCGGCAAATCGACCCTGGTCCTGGAGATGCTTTATAAAAATCTGGCGCAGAAAATCTACCGGAGCAGTGAGAAGCCGGGGGCTTGCAAAGGGATCGAGGGGATGGATCAGATCGACAAGGTCATCGACATCGACCAATCCCCGATCGGCCGCACCCCCCGCTCGAACCCCGCGACCTATACCGGCGTCTTCACCCCCATCCGCGACCTGTTCGCCCAGCTTCCGGAAGCTAGAATGCGCGGCTACGAGCCGGGACGCTTCTCCTTCAACGTCAAGGGCGGGCGCTGCGAGGCCTGCCAGGGCGACGGGGTGATCAAGATCGAGATGCACTTCCTCCCCGACGTCTACGTCACCTGCGAGGTCTGCAAGGGAAAGCGCTACAACCGCGAGACCCTCGAGGTCCTCTACAGGGGGAAGAGCATCGCCGACGTGCTCGACATGACGGTCGAAGGGGCCTTGGAGTTCTTCCAGGCGGTCCCCTCGATCACGAGCAAGCTCCTGACCCTCCAAGAGGTCGGCCTCGGCTATATCAAGCTCGGCCAGCCGGCGACGACGCTCTCCGGCGGCGAGGCGCAGCGGGTGAAGCTCTCCAAGGAGCTCTCCAAACGTCCCACCGGACGGACCCTTTATATCCTCGACGAGCCGACGACCGGCCTTC
CP114553.1_gap4	33189	37088	3899	TCTATCAGACGCGGCTTCCCTCCACCACCGCCCTCGATAAAGACCAGGCCAGAGAAGGAATCCGTAATCTTCCGACCAACGCCGCTAGGCTCGCGAAGCTCTTTGAATTGATGTATCGGGTCCAGGACGAGCTTCAAAAGCAGAACGTCGTCGGGCTGATCGGAACCTTCAAGACTCCGGAAACCCGCGCCGAGCTGATCAAGATGGTGAAGGTCAATTTCACCGGGCTCCGTCTGGAGGCGCAGAAGACGACGATCGACGCCCTCTCCGGTTTTGTCCCCGACGAGGAGGTCGAGGCGGAGATGGAGAAGCTCCTCGAAGGGAAGGGGCTCCATGCCGACGTCCAGGCGAAACTGGCCGATAAACTTTTTTCCGAAATCCCGAGCCTCAAGCCCCGATTACTCCGTTGGCTTCGCCTCGATGAGAAGAGCAAGCGGCCGGTGTTGGAGCGGTTTGATCTTCCGATGATGCATATCAAAGTCATCGAATCGGCGAAGAAGCTGCCGGGGGACGATGATATTTTCAAGAAGCTCCGGGATTTGGCGCCCCTTCTGATGATGAACGATGCGAAGGTGAAACTCCATGAGACCCTTCGAGAGTTCCCGCAAGCGGAGAGCGCCCTGCCGGAACCGCAGATCCTTCCGGCGGACCAGGTGGCGAAAGCCCTCATTGCGCTGATCGAGCCGTTGAACAGCGCCCGGATCGTCTTTGACGGTTTTGCCCTTCCGGCGGAGTTCGGCGGGAGCAAAGAGTTGGAGTTCGGGAACTTTCAGCAGGCGAAGGCGCAAGGGCTCGGAATCGGCGCGGCGCAGATGGGGAAGGACTTTGTGAAGAAGATGATCGAAGATCTCTTCGCGGGGGATCTTGGCGATGTCGTTCCCGCCGGGGCGAAATTCAAGCTCACGCAGGAAGGAAACGGCCTCTTCACCTTGGCGGTCGCGACGGCTCCCGCGAAACATTAATTTGGATCGAAAAATTTGAACGATGAAGGGGCTCCAGAGATGGAGCCCTTTTTCATTAAAGGAGTCACACATGGCGCACAGTCCCGGTTTTCTCAAGCTGGTAGAGGAGGCGAAAAAACGGATTAAAGAGTGCACGATTGCGGAAGTGAAGGGGAGGTTGGAGGCGGGAAGGCCGTTTCACTTCATCGATGTCCGGGAGGACCACGAATGGGGGAAGGATCACGCGGCCGGCGCAAGGCACCTGGGGCGGGGAATTTTGGAGCGGGATATTGAAGGATTGATCCCCGATAAGAAGGCAGAGATCGTCGTCTACTGCGGGGGAGGGTATCGGTCGGCCCTGGCGGCCGACAACCTGCAGAAGATGGGATATACGAATGTGGTGTCGATGGACGGGGGGATCAAAGCATGGCGAGCGGCGGGGTATCCGATGGAGAAGCAAGATGGATCGGTCAATTAGGAATCGTTTAATGAGGAATCAAAGTCAAAAGTCCCAGGTTTTTAATTCCTCATTCCACATTCCTAATTGTCACTTGCTGAACGGAACAATCTCAAACTTCAGCTTCCGGTGGGCTTCTCGGAGGGCGGCTTCGACCTGTTCAGCTTGAGGGGCGCGGGCAAAGATAAAGCCGAGGTAGCGTCTTCCTTCCGGAAGGGGGATTACCTTCTGTTTGCGGTGGATCGTGATCTTCACATCGACGATCCCCGGCACTTTTTTCGCCTCTTCGACTCCTTGATAATTGAGCAACGTTCCCGCGGCCGGGATCGGGATCATCATCACCCCGGCGGCGGGGCGCTCCCGCTCGAGTGATTCGATCGGCATGCCGAGGGCATGGCGAAGGATGATCTCTTCCAAGGTGAGGCCGACGCCGAATCGAAGCGCGCGGGAGCAGATCCCGCCGATCGATCGGGCGGCCAATTCGATGATCCAGGGGCCTCTCTCGTTGACCCGAAGCTCGGCATGAATCGGCCCCTCCTTCAACCCGAGCGCCGCCGCGGCCCGGCCGGTGCATTCGGTGATGGCCTCTTGTATCGAGGGGGAGGCGCGAGGGGGTCACATAAATCGTCTCCTCGAAGAAAGGCCCATCGAGCGGGTCGGGCTTATCGAAGAGCGCCAGGGCCGAAAGATGTCCCTCCCGAAGCAGTCCTTCCAGCGCGACCTCTTTTCCCGGTATAAAATCCTCGACCAAAATCTGCTTGGCGGCATCGCCGCCGAGGCGCGTTACCTCCGGCTCTTTTAGAATGCGGCTCAACCAATAAAAAGCGGCGACAAACTCATCGGGATGATTCGCCCGGATCACGCCGCGGCTGGCGGAGAGAAAGGTCGGCTTCAAGACGCAAGGATAAAAGACCTTTTGCGAAAGGACCTCCGGCGGATCGTCGGTCGAGAAGAGCTGGAACGGAGGGGTCGGGAGCGAGGCGGCGGTTAAGACCTGACGGAGGCGATGTTTGTCCTTTGCGGCGGCGGTCGCCGAGACCGGGTTGTGGGGGAGCGAGAGCGCTTCCGAGATCGTTGCGGCCAGAACGATCGACTCTTCATCGGCCGACACAACGGCGTCGATCGGGTAATCCTTGGCGAAGTCGACCACTTTTTCGGCGGCCCCTTTTAAATCGGCGAAATCGAGGGTGATCGTTTTTCCGGGGACGACCGATTCGAGGGCCTGCCGCTCATTCGAGCCGACGACGACCGCCACGCCGAGGCGCTCCGCGGCAATGAGAAAGTCGGCCGCGCGATACGACGTGCTCGGGAGGAGGAGAAGAAGCCGTTTCATGGAACCCTCCGAAAAATGAGGGGAGAGCTTGGGAACGGATGATGGTTGATTGTGTGATGCCCCGGCTTGATTTGGTCGAAGCGGGCCGTCCGACCCGGTCCGTTCGTTTTCGTTGGGTTGGAACTGGAGCAGGGAGAGTCGTTATTTTCCGGGGGTGTAATAAGGATTGGTCCCGCCGGCATGATCGGTGACATCAACCACATCTTTGATTTCGGGAATCGCTTTCTTGATCGCGACGACGACCCCTTGCTTGAGCGTGACATTGGACATCCCGCAACCCTGGCAGCCCCCTCCCAGCCGAATGTAGGCGATCTCCTCCTTCACATCGACCAAGGTGATATACCCTCCGTGCGCGGCCACCCCCGGATTGATCTCGGTATCGATGACCTGTTGGACCGCTTTCGCTTGGGGACTCTCCAGGTTGGGGGGTGTCGCCGGCGTGGCCGGTTTCGATTCGATGACCTTGGGATTGTCGACCTTAAATCCGGTCTGCTGGAGGCCGGTGATGAAGTCGATCTTCACATCTTCGAGAAGGTTCGCATGGCGCGATTCCATGAATAACTTAATTCCATCAACTTCGACCACCGTGTCGCTCAACTCAGTTTTTCCCTGCTCAACGAAGGCAAGGGCATACTCGGGGCTCGGGGAGATCGACTTGACTACCAGCCGGAGTCCTTCGATCTTCTTCCCATGGTTGGTTTCTTGATCTTGCTTCAGGACAGCGATTCTCTTCCTTGCAATCTCGGTTATCTGGATCATTTTTGGATCGATCTCCTTCTTGACGTTCCTAAGAAGCCTCAATTGATTATTAGGCCGATAATACCATAGTTCGGACCCCTTTGACAGCCCCAAAATGCATCTACGAAACAGGCGGTCGGGGCGCTCTTAAGCGCGACCGCTTACTTGAAGATTCGAATGAGAGCGCATGGCCGCTACGGAAAAGCGCGTGGAAGGAAAGTAAGAGATGTTGGGCTTCTCCTTCAGTGAACGCGCATGATTTGAAGCGAGCAAAATATGAACTCGCTGAAACTCCGAGAGAAGATTTCTTGTGATCTGGAATACACACCTCCTCACGTAAGGTGAGTGTCCGATTGACAGTGAACAAATCGGATGATATAAACTCCGGCAACATCAGCATACAAGGCAATTGAAATATTCGTTCATCCTT
CP114553.1_gap5	41157	45593	4436	AAATAAGCATAGATCGCTTTTCCCGACCGGGCTTCTTTTGCAAGCCAGGCCGCCCAGTCGCGCAGCGCCCGATCGGAGTAGGCCCCTTGATAATGACCGTCGGCCCCGTGAAATCGGGCGTAAACGAACGGGCCGACCGTCTCCCGCGGGGTGGCCGATTCGTGATGGTCATGAATGCACATCGCCACCCCTTTTGCCTCTATCGCCCGGAAGATCTCATCGGTATACCAGGTTCGATCTCGAAATTCAACCACTTGCAGCGGGTGGTCCGGGAGAGCCTCCAAAAATTCGAAGAGCCGCCGCGCGTTCCGTTTTAAATGAGGAGGGAGTTGATAAAGGACGGGGCCGAGCTTTGGTCCAAGGAGCCGGGCCCGGCTCCAGAAGCGGTGGAGCGGGTCGGCGGGATCTTTCAGCCTCTTGATGTGGGTCAGATATCGGCTGGCTTTCACCGCATAGAGAAAATGATCGGGGACCCGATCGCGCCATTCGGAAAAATTTTTTTCGCTCGGAAGCCGGTAGAAGCTGTTGTTGATCTCGACGGTGTCGAATTGCGAGGCGTAATAGTCGAGCCATTTTTTCTGAGGGAGGGAAGAGGGGTAGAAGTTCCCTTTCCAATGACGATATTGCCAGCCGGAACATCCGACGCGAACTATTTTCGCTTGCATGACCCCTCCTTCCTTTCTCCTCGTGAAGCAACGCTTGAGATCGAAGCTCGATCACCTCATTCTAGAACAACGGCGTTCAGGAAGGCAATGAGGGGCCGGAGCATTGATTCAAACCCGATCGGCAGAGGTGGCGTGTCTTTCAAAAGCGGATGACGGTATGTCTTTCGGAGGGATGTCTCATGCTGAAATAATTTTTTGTCACGTGTGGAAAACTGATTGACTCTTAAATTTTAAATGTGTTATATAACCTCCTATCGACGTATACCATATATGCTCTATACGCTTCGAAGGCCGTTCATCCAGGATATCCATCGATCCTTTGCTCAGAGCAAACTTCTCGAAAGAGGAGGACGCAGAGCAACGGGGCTAAAGAAAGGGTGTAGGGGGTAGGGTATAGGGGGTAGCGATTATCACCCCCCACTCCCTTTCCTCTTCACCTTCTTCCATGCCCGCCGAGCCGCCAAAGGAATGGCGGCTTTTTGGGGAGTTTTTCCGTCGCTCCCCCTCACGGACTGAATCAACACTCACCACACATACTCGTATTGACCTTTGCTCAGAGCAAACCCATCGAAAGGTGGGGACGCAGAGTAACGGGGCTACCGCCATCCGGCCACGCCCGCCGAGCCGCCAAAGGAAATAGCTCTTCTCGCTTTCGCGCTTGGAGGTTCGCCGTGGCAGATTACCTGAGAAGGTGCAGGCTTCTTCTCGCCCTTGTTCTTTTTCTCATCCTCGATCATCATACGTTTGCCCTCGCCGGGGAGGCCATCCTGACCTGGGACCCGAACAGCGAAGGAGACCTGGCAGGCTACCGGGTCTACGTCGGTCTGCTGCCGGGCGTCTACAGCCCTCCGATCGATGTGGGACGGGTGACTTCCTGGACGGTGCCGAACCTGACCGCGGGGCTGACCTACCATTTTGCGATCACCGCCTATGATACCGACGGCAACGAGAGCGGTTTTTCGAATGAAGCCCGCAAAACGATCCCTCTGTTAAACGACCTGATTGCGCCGCTGATCTCGAGTATTACCAACAGCAATCGCACCCTGAATTCCGCCCTCATCACCTGGGGCACCGATGAGCCGGCGGATACCCGGATCGAATACGGCACGACGACCGCCTACGGGCTGACTACCCCGTTGGTGTCGAGCTTGGTGACGGTGCACAGCCAAACCCTCTCGAATTTGCTTGCCGGCACACTCTATCACTACCGGGTCCTCAGCCGGGATGCGGCGGGCAATCTGGCGACCTCGGCCGATCAGGTCTTTACAACATTATCCGATACCACGACGCCGACCGTCCCTGGAAATGTCAGTGGGGCGGCGCTGTCGACCACCCAGATCAATCTGACCTGGAGCGTTTCCACGGATAACGTCGGGGTCGCCGGCTATCGAATCTATCGCAACGGGGTGGAGATCGGCGCCAGGAGTGTTCCGACCTTTTCGGATGGGGGACTCACCCCGGATACCCTCTACAGCTATCGGGTGGCGGCCTATGACGCCGCGGGGAACCTCTCGGCGCAGAGCGCCGCGGTAAGCGTAAGGACATTGGCGCCGGCGGACACCTCCGCGCCGGTGATCTCCGGAATGGGAGCGGTCAATATTACCGCCGGCGGAGCGTTGATCAGCTGGAGCACCAATGAACCGTCCGACACGCAGATCGAGTATGGGACCACAACCGCCTTCGGTTCTTTCACCGCGATCGTTCCGACCCTGGTGACGGCGCACGCGCAGAGCCTTTCCGGCCTGCTTCCTTCGACCCTTTATCACTACCGGGTGCGGAGCCGAGATGCGGCGGGAAATTTGGCGGTCTCCAACAACGGCAGCTTTACCACCGCCGCTCTTCCCGATACCACCCTCCCCTCCGTGCCGACAAACGTCGGGGCGGCCGCCGTCTCGTCTTCACAAGTTCAGTTGAGTTGGAGCGCCTCGACCGATAACGTGGGGGTCGCCGGCTATCGGATCTATCGCAACGGGGTGCAGATTGCCAGCAGCGCCCTTCCGACCTATCTCAATACCGGCCTGGCGGCGAACACGGCATATAATTACGCGGTGGCGGCTTATGACGCCGCGGGGAATCTCTCCCCGCCTCGGCGGCCATTTCCGTCACGACCCTCCCTTTGATGCCGACGGTTTCACAGTCGGCGGCTTCCGACATTACGGCCACCTCCGCCACCCTCTCCGGGTCGGTCAATCCGTCGGGGGCGACCACTTCGGCTTGGTTCGAGTATGGGACCACCACGGCTTACGGCAGCAGCACGGCCCCGGTGACCCTCTCTGCGGCAAACACGATCTCCGCCGACCTGACCCCCTTGGCGTCGGGGACTGCCTATCACTTCCGCCTTGTCGCCCGCAATGCGGGGGGAACGGCCTTCGGACCGAACACTTCCTTCAACACGCCGGCCCCTCCGGCCCCCGCTCCGGCGCCCCCCTTCGGGTCCGATCTCCGGCTACAACATGACAGAGGAGCCGTATGCCTGGGCGGAAACTTCGACTCCATTAACATTCAGCGGAGACGACAACGCGCTTTCCCTCTCGCTTCCATTCTCCTTTCCTTTTTACGGCCAGAGTTATCAGCAGCTCTATATTTCCACAAACGGGTTGATCACCTTCGGGACGGCCAATACCGCCTACGTTCCCCAGCCGGTACAGAACCCCGTTCCGCCGAATGCCTTCATCGCTCCCTTCTGGCGGGATCTCTATGTCGGACTGCGGCAGATCAGCATTGCTTCTTCGGATTCGGAGTTCGTGATTTCCTTCAACGGGGTCAGGGACCTCTGCTGCAGCACGACGCACACCTTCCAGGTGATTCTCCGTCCAGACGGAACGATTCTCTTGCAGTATGGGGCGATCGTTTTAAATGTCCCCACCACTTTCGGCATTGAAAACCAAGACGGCAGCGCCGGGGTGCCGCTCCTCTCTGTCACCGCGAACACCGCTTTCCGCTTCACCCCCGACACCGCGCAGGCTCCGCCGCCGGCTGATACAACCCCGCCGGTGATCTCCGGAATCGGGGTCGGCGGCGTCGGCAGCAGCGGCGCCACCCTCTCGTGGAGCACCAATGAACCGGCCGACACCCAGGTGGAGTATGGAACCACCCCCGCTTACGGAACTTCCACGGCCGTCGTCTCCACCTTGGCGACAGCACACGTTCAGAGCCTTTCCGGCCTGCTTCCCGCGACCCTTTATCATTACCGGGTGCGCAGCCGCGATGCCGCCGGCAATTTGTCGGTCTCAAACAACGGAAGCTTTACCACGGCGGCCGCGCCCGATACGTCCTTGCCGTCGGCGCCGGCTGGCCTGACGGCCGCCGCCGTCTCCTCCAGCCAAATCAATCTGGCTTGGAACGCTTCGACCGACAACGTGGGGGTTTCCGGTTATCGGGTCTACCGCAACGGCCTCCAGGTGGGAACGACGACGGTGACGAGTTACGCCAATTCCGGGTTAGCGGCAGATACGATTTACAACTATACCGTCGCCGCTTTTGACGCGGCGGGAAACCTTTCCGCACAGAGCGCGGGGGCGAGTGCGCGCACGCTGCCGCCCCCCGATACCACCGCTCCGGTGATCTCTGCTGTGGCGGCGGGGAGCATCACCACCGGCGGGGCGCTGATCAGTTGGAGTACGAACGAGCCGTCCGACACCCAGGTGGAGTATGGAACCACTACGGCATATGGAACTTCCACCGGCGTTGTCTCCACTTTGGTGACATCCCATGCTCAGAGCCTGACTGGCCTGCTTCCTTCCACCCTCTATCATTATCGGGTGCGCAGCC
CP114553.1_gap6	47529	49652	2123	ACCCTGACCGTCGGGGAATCGGAAAAAGTCGGCTTTGTCGGCCGAAACGGCTGCGGCAAAACGACCCTCTTCCGGATCATTGCAGGGATTGAGCCGCCCGACGGGGGAGAGGTTTCCTATAAGCGGGGAATTTCGATCGGCGCCCTCCCGCAAGACCCCGTTTTGACGGAGCACTGGACCGTGGCTGAAGAAGTGGCGTCCGCGCTGGTCGAGATCCATCAAAAACGCGATCGTTACCAAACAATCGGCGAGGCGATGCGGGGGGCGACCCCGGCGGAGATGGAAAAGCTCCTCAAGGAGCAGCAGGCGCTCGGGGAGTGGTTTGATCACCACCAGGGATGGCAGATCGATCATCGGGTGGATGAGGTTCTGCTGCAACTCGGTATTGCGGACCGCAATCAGAAGATAGAGATGCTCAGCGGTGGGATGCGGAAACGGGTGGCGTTGGCGAAGCTGGTCTTACAGTCGCCCGATCTTCTCTTGCTTGACGAGCCGACGAACCACCTCGATGCGGCGACGACCGCCTGGCTGGAGGCGTTCTTGATCGGCTATCCGGGGGCGGTCATGTTGATCACTCATGACCGCTACTTTCTCGATCGCGTCGCCCGGCGGATCTTCGAGATCGAATCGGGAGGGGTCTACAGTTATCTCGGGGGCTATCTCGACTATCTGGAGGGGAGGGCCGACCGGTTGCTTCACGAATCGCGCGACCAGGGAAGGCTGATCACCCTGCTGCGCCGCGAGTCGGAGTGGATGCGGCAGGGGGCCAAGGCCCGGACGACCAAGTCGAAGGCCCGGATCGACCGGTTTTATACGATGCAGGAGCAGCGGAAAGATCACGTTGAACGGGACATCGGACTTCGTCTTGAAACCGACCAGCGGCTGGGGCACACGATCTTGGAGTTGGACGCCCTTTGCAAATCATTCGAGGGGAGGACATTGATCCGGGACCTGAGCCTCAAGCTGAAGGCGGGGGATCGGATCGGGATCATCGGGTCGAACGGCGCGGGGAAGACCACCCTGCTGCGGATGATTTTGGGGGAGGAGCTTCCGACCGCCGGCCGGATCGTCCGCGGAAAAAACACCAAGATCGCCTACTTCGATCAGAAACGGGAATCGATCGATCCCAATCTCAAAGTGGAGGAGGCCCTCGGGGAGGGGGACTGGGTGACGGTGGGAGAGCAGCGGCGGCACAAAACCGGTTATCTCGCCGATTTTCTCTTCGAACATCACGATCAAAAGCGGTACATCCGAACGTTGTCGGGAGGGGAAAAGGCGCGCCTGATTTTGGCGAAGATGATGCTGGAGAGCGCCAACTTTCTGATTCTCGACGAGCCGACGAACGATCTCGATATCCCGACCCTTCAGCTTTTCGACGATGCCCTCGTCGGCTACAACGGCTGCGTTCTCATGGTGACCCACGACCGGTTCTTCCTCGACAAGGTCGCCACCGGCATTTTGAGCTTCGAAGGGGAGGGGCGCGTCCGCTACACCGAGGGAAATTATGAAACCTATCTGACCCGCCTTAAAAACGAGGAGGCGTTGGCGAAAGGGGAGAAGGTCCCTTCCGCTGATCGCCGTGACGGGCTGGAAAAAAGCGCGGCGAACGGATCCTCGCAAAAGTCGACCGCACCGGTTGACCGAAAAGGGCTTAGTTTCAAGGAAAAGAAAGAGCTGGAAGGAATCGAACGGGAGATTGAAAAACTGGAGGCGAGGAAGCGGGAGCTGGAAATCTTTTTTGCCGATCCGTCGGCGCATGCCAAGAGTGCCGCCGGAGTAACCGACTGGTCGAATGAGCTTTCCCAAATCGAAAAAACCTTAGAGGAGAGGATTGCCCGATGGGAAGCGCTGGAGAGCAAGCGGGCGGGATGAAGGGTGAATCTTGATAAAGAATATGTCGCAGAACGGCGGTTTTGAATCGGCCTGCCGTGCGCTCGCCGAGGCCGACCCGGTGTTATCGACCTTTATCGATGCGATCGGTCCTTGCCGCTTGACCCATGCTCCCGATCCTTTCGTCTCCCTGGTCGAGGCGATCGTCTCGCAGCAGCTCTCGGTGAAAGCGGCCGATACCATCTTTCAGCGCCTTGTCGCAATCTGTCCGCGCAGCTTGGTCACGCCGAAGG
CP114553.1_gap7	52279	56214	3935	ACCTTCACCTGCCCATTCGAAATCTCAATGATGCCTTTAATCGTGTCGCCCAGCTGGCTCATCGTTTCGAACTGCATCCGTTGTCTCCTTATTCAGTAGGGTTTGATTGAGAGGGTCGTCAGAGGAAAATTGATTTTAGCTTAGCAAAACCAGGGGGAAAGATCAATGTCGGTTTCAGGAAAGCCGCGCTTTCTTGGCCGCGGCGCCGATGTACTTGCGGGCCATCGGGGAGAGATCGTTCGGCTGGATGGCGACCTCGATGATGACGAACGAGGTCAGCTTCTCCGCCTTCAGGAGCGCATCCCGCAGCTCCGGAACCGTCCCGGCTTTAAATCCGACCCCGCCCCAGAGCCGGGCCAGCTCGGCATAAGGCCAGTCGGGGATCGCCAGCAGTGTCTCCCGCTCGGCGATCGGTCGGAAAATGCCCCACCCTTTGTTGTTGAGGAGCAGCACGATCGGGTTGAGCCGGTGGCGGGGGGCCTGCGAGATCTCATGCCCCGTCATCTGAAAAGCGCCGTCGCCGCAGAGGATCAGCGGCCGAAGCCCGGTCCCGATCTGCGCCCCCAATCCGCCCGGAATCGCGAATCCCATCGACGCGTAATACCCCTGCGCCAGGTAGACGCTGCTGCCGACCTTCAGGTCGATCCCGGCAAAGAGGGAGTCCCCCGATTCGGTGATCGCCATGAACGCTTTCCGCTCTGTGAGGAAGTCGTTCACCTCGTGCAGCACTTCGGCCATCTGGATCGGCCGGTCCGATCGGATCTCCGTCGTCCGCTTCGGCAGATTGTCGTAGTAGGTGATCTTCTCCTTGTGACGAGGCAAGGGCAGCTTGAGAAGGGCTTTGATAAAATCGTTGATCTGCACGTCGGTATAGGTGTGAAAGCTGATGTGGACCCGGTTCTCGACGGCCCAGATCGACTTCTCGCGGGGGATCTCCGGCGGCTGAATGCCGAGGTCCATGTCGGTCAGAAGGGTCCCGAGACTCAAGACCAGGTCGGCCTGGGCGACCCGCTTGTGGATGGCGGGGTGGCTCAATGCCCCGATATAAACCCCCATCGCCAGCGGATGGTCCATCGGAAAGGCCCCTTTCGCGAGGACATTGGTCAGCACCGGCGCGCCGATCGCCTCGGCCAGTCGAATCATCTCTTTCGCCAGCCCGAAGCGCCGGACTTCAATCCCGACGATGATCACCGGCCGCTTCGCCTGCTTGAACCGGGCCACCGTCTCCCGCGCCGCCTCGATCACCTTTCGTTTGTCGGAAGGAACCCCGGTGAACCGCCCATCCCAATCCAGAATCCGCTTGGGAACGGAGATCATCATATCGACTTTGTCCCGATGGATCTCCAGATAACCGGGCCGTCTTTCCCGCAGGATCGCCTGGATCACTTCGTCGATCTCTTCGGCGGCCCGGTTCGGATCGTCGACGATCTTCGCCGCGCAGGTCAGCTCTTTATAGATGTGGAGCTGCGATTCGATCTCTTTGGCTTGATGATGGATGAGAACGCCGAGCTTTCGTTCTTCCTCTCCCGGTCCGCCGGAGATGACCAGGATCGGGACCTTCTCGGAGAAGGAGCCGGCGACCGGATTGACCATGTTGAGCCCGCCGGCGCCGTAGGTGACGCAGACGACGCCGAGCTTTCCGGCGCTCCGCGCGTAGCCGTCGGCGGCGAAGCCGACCCCCGGCTCATGGGAGAAGGTGATCACCTTCAATCCTCGCGGCTTCCCGAATTGGAGGAAGAGCTTGATGACGAGGTCTCCGGGAATGCCGAAGAGGTGATCGACCCCGATTTTTTTCAGGTAGGCGATCAAGAAATCGCCGAGTTTCATCTGAGGCTGCATGTTCTTAACGATACCCAAAGTGGGGGGGAAAGGCAAGGGCGGGGAGGAATCTAACCAGTTGGAGATTAAACATTCGTGAGGTTTTGTACCACGTTTGTCACGGAACGGCGGAATGATTCGTTCTCGACGAATTGCTTGAAGAACTCGGTGTCGTCCTTCAAGAGCGGAACAATCGCCCGCATGAGGGCGGCATCGAGCTCGATACGGGCCGCGTTAGGTGTGTTCTTCTTCGCGTTCTGGTAGGCTGAGTCGGCCGCGACCTTCGGAGCGATGTCGTCCTTGATTCGTTTCACGACACGATCCATGTCAGAGAACAGTGTTCCGAACTGCTCGTTAAATGTTTTCAGAATATTGCTTAGACGATCTAGTTCCGGTTCGGACTTCCTTCCCCCGCCGGTGGTCGGGATGGGGCCGATCTCCGCGTTGTCGTCCGGCAGGGTAACCTTCAGCACAGCCCGCTTTTCGACGCGGTAGCTGTCCATGTCGATCGCTTCGAGAATGCCCTTGGAGAGGTCTTCTTCTTTCGGCGCGGGGAGTTTGGGGATCAGAAAGTTCAGGAAGATCGAAAGTTTTTCCCAACCCGCATTGGTGTAGGGGAGAATCGACGCCAGAAACTCGTAGGTGCGGGTGAAGGCCTTGGCCTTGCCCTTGAAATCGACCTGGCCGTCCTCGTCGAGCCGTTCCTTGTAAATCGCGACGCACACATCGAGAATCGGATCGAGCTTATCGCGCTCCGCCCCTTCGAGGTAGAGGGTGACAAGGGTTTCGATCTGCTCCGGCGCATACACTTGAGACCCGTCGAGCGCGGCCTGAAGGTCGTGCAGCTTGTTCGGATCGGTTTCCTCGCTCAGGATCGTGGTCCGGTAGTAGTCGGAGAATGCGGCCGTAATCGTCTCCGCATTGTTCATGAAGTCGAGCACGAAGACGTCGCGCTTCTTCGGATGCGCCCGGTTCAGGCGCGAAAGGGTCTGCACCGCCTTGATTCCGGAGAGCTGTTTGTCGACATACATCGTGTGCAGCAGCGGCTCGTCGTAGCCGGTTTGGAACTTGTCGGCGCAGATCAGGAAACGGTAGGGGTCCTCCTGAATTTTATCCGCGATGTCGTTACTCGGAAATCCATTAAGCGATGGCTCGCTGACTTTCACCCCTCTGTATTCGTGCTCCCCGGAGAAGGCGACGATCGCCTGGTACGGACTCTTCCGTTCTCGGAGGTAATCGCGAAAGGCGTGAAAATACTGAATGGCTCGCTCGATGCCGCTGCAGACCACCATTGCCCGCGCCTCCCCGCCGATTTTGTTGAGACCGGCAACCTGCTCGTGGAAGTGGTCGACCATGATCTCGGCTTTCAGCCGAATGGCGTGGTCGTGGCTTTCGACGTAGCGGCGGAGCTTTTTCTGCGCTTTCTTGGTGTCGAACTCCGGGTCGCTCTCTACCGTCTTCACCAGCTTGTAGTAGCTATCGACCGGCGTATAGTTTTGGAGCACGTCGAGGATGAAGCGCTCCTGGATCGCCTGTTTCATCGTATAGCTGTGGAAGGGCCGATGTTTTACCCTTCCTCCCTCGCCGGGATACGCCTCGCCGAACATCTCCAGCGTCTTGTTTTTCGGCGTCGCGGTGAAGGCGAAGTAGCTCGCATTGGTCAGCATCTTGCGTGCGGCCATCCGTTTCTCCAGCGCGTCGTTCACCGTATCTTCCGGATCGGCGAGCGCCTCGCTCATCGCCGCGGTGGTTTTTCCACCCTGGCTGGAGTGGGCTTCGTCGATGATAATGGCGAAGCGGCCGCCCCGGTGCTCGTCGCCGATCTCATCCAGGATGAATGGAAACTTCTGGACCGTGCTGATGATGATTTTCTTGCCGCCCTCGATGAACTTGCGCAGATCACCGGAGTGCTTGGCGTGCCCGACCGTCGCTCCAACCTGGGCGAACTGCTTGATCGTCGCCTCTATCTGCTGGTCGAGAATGCGCCGGTCGGTAATGACGATGATCGAGTCGAAGACCTCCTTTTCGTCTTTGCGCAGGCCGATGAGCTGGTGCGCCAGCCAGGCGATGGAGTTCGACTTGCCGCTGCCGGCGGAATGCTGGATCAGATATTTCTT
CP114553.1_gap8	233767	234581	814	AAGTGCTCAAAGAGCTCAAATCGCTCCCGCACGTCCTCTCCGTGAAGCGGGTCAAACTCTAAGAAATTACCTAAAGGGCGGGGCCGGGGATCAGGGGCCGGGGTTCGGTTTAAACTTTTTGAGTTTTTGCCGGTCCCCGACCCCTGGCTCCCGGCCCCCGGTTCTTTCAATGAAATTACCCGGTAAACCAAGAACGATGATTCCAAAGGGGGTGGCCACCTTCCTTCCCGAAGGAACGTCGAGACGCCGCGAGATCGAGCGAAAAATCCTCTCCCTCTTTTCCCGGTGGGGATATCAAGAGGTGATCACCCCCATCTTCGAATACCTCGATGTCTTCTCGCTCGGGGTGGGAGAAGATCTCCTCAACCGCGCATATAAGTTCGTCGATCGCGCGACGGGGCGGATGATGGTTTTGCGCCCCGACGTCACCCCCCAGATCGCGCGAATCGCCGCGACCCTCCTGAACGACCAACCGCTTCCGATCCGCCTTTGTTACTCGGCGAATGTCTTCCGCCACGAGGAGGAGCATGCCGGAAGGGAACGGGAAATCCACCAGATCGGGGGAGAGTTGATCGGTCCCTCCAATGCCGAAGCCGACGCCGAAACGATCTCGCTCGCGATCGAAATCCTGCAGAAGCTGGAACTCAAATCGTTTAAGATCGCCCTGGGTCAGATGGCGTTTACGCGGGGGATTCTCCAGCCGTTTGAATCGTCGCCCGCTGCATTCAAAAGGATCTTGGGCGCGGTCGCAAAAAAAGATGCGTCTCTTCTGGAGGTCCTCTTAAAAGAGGAAAAGGTCGGTCCGAAAACGCGG
CP114553.1_gap9	287907	288894	987	GACGTTAAAAGATAAGGTCGTATTCATCAACCGCGTGGCGAAGGTGGTGAAGGGGGGCAAGCGCTTCTCCTTCTCTGCTGTCGTGGTGGTGGGAGACGGCCAGGGGCATGTCGGGGTCGGCAAGGGAAAAGCGGCGGAGGTTCCTGAAGCGATTCGAAAAGCGATTGAGAATGGAAAGAAGAATCTGGTCCGCGTCCCCTTGAAAGAGTCGACGATTCCTTTTGAAATCACCGGGCACTACGGGGCCGAGAATGTTCTGCTCAAGCCGGCGGCGGATGGAACCGGGATCATCGCGGGGGGGCCGGTCCGGGCGGTGATGGAGATGGTCGGGATTTCGAATATCCTCTGCAAGTCGCTCGGGAGCGGGAACCCGCTCAACGTGGTTAAGGCGACGCTGGAAGGTTTCTCGAAATTAAGAGATCCCGGAGAGATGGTCAGGCGGAGGCAGACGGCCCTCGCGCTGTCGGAGAGATAGAATGGCAAAGAAAGAAGCTTCGAAAACGGCGACAAAACAGTTATCGATTACCCTGGTGCGGAGCTATATCGGGCGGCCCGGAAAACATAAAAGAGTGGTTGCCGGACTCGGCCTCCGTAAAATGAATCAAACGGTGATCCGCCAGGATACGCCTCAAACGCGCGGGATGATTCATAAAATTTCGCATCTGCTGGAGGTCAAGGAAATCTCGTGAAGATATCGGATTTAGCGCCCACTCCCGGGGCTAAGAAAAAAGAAAAAAGGATCGGGCGGGGACCGGGTTCGGGACATGGAAAGACGGCCACCAAGGGTCATAAGGGCCAAGCGGCCCGATCAGGCGGAACGAAGGCTCCCGGTTTCGAAGGGGGACAACAGCCTTTGATTCGCCGGGTTCCAAAACGCGGCTTTAAGAATATCTTCAAGAAAGAATACGCGGTCGTCAATCTGAGCCGACTCGATCAGTTCCCGGCCGAGACGGTGATCAACCCCGAGTTTCTCCATCAAGCCGGCAT
CP114553.1_gap10	387981	390214	2233	AATTAAAGAAGAAAACGATGAACAGGAAAGTATTGCTGCCTGGCGGCGCGGGCCTTGTTGGCCAAAACCTTGTTGCCCGGCTTAAGGCTAAAGGTTATTCTAATATTGTTGTTCTAGACAAGCATCGCCCTAACCTTGCCATTTTGAAGCGGATGCAGCCCGATGTAATTGTTGAGTACGCTGATTTGGCTAAGCCTGGTGAATGGCACCGTCACTTTGTGGATGCGGATATCGTGGTGATGTTGCAAGCACAAATTGGCGGGAATGACCCAAAGGAATTTTATCGGAACAACATTGATTCAACCCGACTTATATTAGCTGAGATCAAAGCGCACGGAGTTCCTTATTTTGTGCACATTAGCTCTTCGGTGGTTGAGTCGGTAGCTGATGATTTCTATACCAATACAAAGAAAGAACAGGAACGGATCGTGCTGGAGAGTGGCATCGTCTGTCCGGTGCTACGTCCTACCCTGATGTTTGGCTGGTTCGATAGGAAGCACTTAGGGTGGCTTTCGAGATTTATGAATAAAGTGCCGGTATTCCCGATACCCGGTCACGGCCGTTACATACGGCAACCGCTCTATGTGGGCGACTTCTGCAACATTATTATTAGCTGTATTGAAAAACGAATTCGGGATGGAATTTACAATATTTCTGGTCACGAGTCTATCGATTATATTGACATCATTCGCGAGATTAAGCGGGTCACGAAAGCACGCGCAGTGATTTTAAAGATTCCCTACAGTCTATTTTACTCGATGCTTTGGATCTGGGCTTTATTTGATCGAAATCCGCCTTTTACCACACAGCAGCTCGCCGCACTGGTGGCAAAAGATGAATTTGAGGTAATTGACTGGCCGAGTATTTTCGGGGTTCCTTACACGCCGTTCGCCCATGCGATTGACGAGACTTTTAACGATTCTAATTATAGTAAAGTGATCCTGGAATTTTAAAATGAAGGAACGTATTGCAGTACTTGGCGCTGGTCCTATGGGGTTGGCTGTGGCTTACCAATTAGCTCTTGATGGTCATAGACCTGTGATCTTCGAGGCAGATGATCGTGTTGGTGGCATGACTGCTTCATTTGACTTCAATGGGCTCACGATTGAGCGCTATTATCATTTTCATTGTATTTCAGACATCGCCTTTCTTAAGGTGCTGGAAGAATTGGGTTTGGAAAAAAAGATGCATTGGGTCGAAACCAAGATGGGCTACTGGTATCAAAACAGACTTCAGCCGTGGGGTAACCCGATCGCTTTATTGAAGTTCCAAGGGTTGAGCCCACTTGCAAAGTTACGCTATGGTTTGCATGCATTTCTTGCAACGAAGCGGAAAGACTGGCGTCCTCTTGATAACATGGAGGCTACAGGCTGGATTAAACGCTGGGTCGGAGCGGAGGCTTATGAAGTTTTGTGGCGCCGTTTATTCGACTATAAATTTTACAACTATGCCGATAATTTGTCGGCAGCCTGGATTTGGAGCAGAATCCGACGGATCGGGACCTCCCGTTATGACCTATTCCGGGAAAAACTGGGTTATTTGGAAGGGGGCTCCGAAACGCTTCTGCAAGCCATGAAGGCCGCTATCGAGGCAGGTGGAGGAGATGTGCGACTTAAATCTGCCGTTTTAAAAGTCATAATTGAAGCCGGTAGAGTCAAAGGCGTTGAAGTCTCCGGCGGATTTGAAGCCTTTGATAAAGTGGTGAGCACCGTGCCGTTGTTATATGTGCCTAGGCTGATGCCCGACCTGCCTCCGGAAGTACTAGCAGTTTTTAAGGCAGTTAAGAGCATTGCGGTGGTGTGTGTGATCGTTAAATTGCGCAAATCTGTGACCGAGAATTTCTGGCTGAATACGAATGACCCTGAAATGGATATTCCAGGGTTAGTAGAGTATAGTAATCTGCGTCCGCTTGATTATCATGTGGTGTATGTGCCCTTCTATATTCCTGGAGATCATCCGAAATTCAGCGAGCCAGACCAGGTATTTCTCGACAAAGTTCGACGGTATTTGAAGAAAATCAATTCAACACTTCGGGATGAAGATTTCCTCGATTTGCGCGCCAGCCGCTATCGGTATGCCCAACCTATTTGCGAACCTGGCTATTTGAATAAGCTACCCGCCGTTGCCTTACCCGTGGCTGGTTTGTGGGTGGCAGACACTTCCTACTATTATCCGGATGATAGAGGCATTTCAGAGAGTATCGCATTTGGGCGAAAGATGGCTGAGATGGCTA
CP114553.1_gap11	587853	589304	1451	CGAGTACATCGCTCAGCGTCTCGGCGCGAATGTATTCGGCGGCTAATCATCACCAGGTCGAGATCGTCGAGATCAATGACGGGAACAATTCGATTAAGGAGCCAGTCATGACAAAAAAAATCGCAATGATAATCGCATTGGCGGTCGGCCTCTTCGCCGCAGCTCTCCCTTTCTCCGCCGCGGAAGCGGCCGAAGGGCCGCCGATCGATATTTATGGCTTTGTTCAGATGGATGCCATTTATGACTTCAACAGCGTCGATCCCAATTGGGAGGCGACGTTGCGTCCCTCCAGGATCCCAGTGAACTGCTCGGGTCTCACCCCCGACGCCGGATGCGGGGAGGACGGGAATACCCTCTTCAGCGTTCGGCAGTCCCGCTTCGGCGCTAAAGCCGACTTTCCGACCGACATCGGCCAGCTGCAGACAAAATTCGAGTTCGACCTCTTCGGCGTCGGCGCGGATGAAGGTCAAACCACGATCCGCTTGCGCCACGCGTACGGAGAGCTGGGGCCTTTCTTAGCCGGCCAGACGAACAGCCTCTTCATGGACGGGGATGTCTTTCCAAACACCGTCGATTACTGGGGGCCGGGCGGCATGGTCTTCTTCCGGAACATCCAGTTCCGATGGACGCCGTTGAAAACCGATCATCAGAAATTCGCGGTGGCCCTGGAGAACCCCGGCTCCGCGCTCGATGTCGGCAACGCGGCCAGGCCGGAAGGATGGGAGGCATGGAATCACTACCCGGATGTGACAGCGCAGTACCGAATCGACCACTCTTGGGGGCATGCCCAGGTGGCCGGCATCGGCCGCTGGCTCGGGTATCAGAATCCGACCATCCCGACCGGAAGGAATTCCGGACATGAGCTCGGCGGCGGGGTCAACCTGAGCGGAAGCCTCAAGACCTTCGGCAAGAACAAGCTGATGGCCCAGGTCGCCTACGGCAGAGGCATCGCCGCCTACTTTAATGACTGCTGCACCGATCTCGCCCCCAACGGGGCCCTCACGGAGGGTGAGGCGGTGCCGCTGCTGGGGTGGCTTGTTTATTACGATCATTACTGGAGCGAACGGTGGAGCAGCTCCATCGGCTACAGCGCACAGAATCAAGACAACACGGATGGGCAGGCCGACGACGCCTTCAACAACGGGGCCTACGCCTCCGGAAACCTCCTCTGGTCCCCGACCAAGGAGGTCACGATGGGGACCGAAGTGCTTTGGGGCCAACGCGAAAACAAGGATGGGGAGAAGGGAGAGGATACGCGGGTCCAGTTCTCGGCGAAGTACAACTTTTGACGCGGGCGCAAGGAGCCTGGCGCCGATGCGGATGGAGCGGTGGTCCGGCCGTGCGGGTGGCGTTTGTAACGGCATGGAGGGGCGGTGGCGGTTTTTCTAGAGAGCTTCGGCCGTGTGTTTGCAGCACTTTTCCCTGTGATCAATCCGCCGGGAATGGCGTTG
CP114553.1_gap12	594913	595946	1033	TCTTTCCCGGCGTCCGTATGATAATCAGGTTCTAAGGCCACTGCGACGATCAAATGAGGAGAATCGTCTGATGATGAGCCTGTTTCAGTTTTCGTCTGCCGCTTTATGCCTTATGACGGAGCGAAACAGAGCCATTCTTTCTCAAAGGTCCGGCATCATCATCCTTTGGACTGTGTGGCGTCTTACTCTCCATTCAAGATTCGTGCGCGATCCATATTTTTATCGAATTGTAATGCCGATCCCCCTTGTCGCCTGTATTCTTTCTTCACTAAGATGAATCATTGTCCCATCGGCGCGGGTGATCCTCAACCGTCAGCCGCCTTACTATCCTGGTATTTCCACCTTTATTCCTTTTACACCGTTACACCATTGCTGCCGACGATGTCGCGGCGGCGTAAATGCGAACAAGCGCCGCAGGTACAAAGCGTTTTAGTGGGACTGAATCGAAAATTTGAAGGTCCCAAGGAGGGAGGAGATGACCGTGACATGGATCGATATCTCAGTGCCGATTTATCGGGGCATGGTGCACTGGCCGGACAATCCGGCCGTGCGCATCGAGAACATTCAGGATCTGTCGCGCGGAGATGCGGCCACCGTATCCAAGCTGGAGCTGGGTGCGCATACGGGCACGCATATGGATGCGCCGAAGCATTTCCTCGCGGACGGCGCGGGGCTCGATGACATGCCCCTCGACGCTTCGATCGGGCCGGCGCGCGTGATCTCCATTGCACACCCCCAGGTCATTCTTCCCGCAGAGCTGGAGGCCCACCGCCTGCAAGCAGGAGAGCGCGTGCTGTTTCACACCCGGAACTCCGAGCGCTGTTGGAAAAACGACCAGTTTGTCGAAGATTTTGTCTATATCAGTGCGGCGGCCGCGCAATTCCTCGTTCAGCGACAGGTGCGCACGGTCGGTATCGATTACCTCTCGGTCGGCGGTTATGTACACGATGCAGTCGAAACCCATCGGATCCTCCTCGGCGCGGGGATTTGGCTCATCGAAGGGCTGAACCTGTCTGCCGTGAAACCGGGCGCG
CP114553.1_gap13	599465	603837	4372	CTCGGCGGCGACACCAGCCAGTATTATCCCGATCTCGTCCACGACAACCATCAGGTCGAGCCGCCGAAGACCCCCGAGCAGGGCTACCATCTCACCGAAGACCTGACCGACAAAGCGATTCAGTTCATTGCCGACGCCAAACAGCTCGCGCCGAAAAAACCTTTTTTCTCTACTTCGCACCCGGCGCCATGCACGCGCCGCATCAGGTTCCCAAAGAGTGGGCCGACAAATACCGCGGCGTCTTTGATGAAGGATGGGACGCCTATCGGGAGCGGGTCTTCGCGAAGCAAAAGGAGCTCGGGATCATTCCGAAGAAGGCCGTCCTCTCCCGCCACGATCCTGACGTTCAGCACTGGAACCAGCTCTCCGCGGACGAGCGAAAGCTCTATGCGCGGATGATGGAGGTTTTTGCCGGCTTCCTCGAACACACCGATCATCACATCGGCCGGCTCATCGCCTTCCTCGACCGGACCGGAATGCTTGAGAACACGCTGATCATGGCGATCTCCGACAACGGCGCCAGCGCCGAGGGGGGACCGCATGGATCGGTCAACGAGAACAGGTTTTTCAACAACGTGACGGATGACCTCAAGCAGAACCTCGCGGCGCTGGATGAGTTGGGCGGTCCGAAATACTTCAATCACTATCCCTGGGGCTGGGCGTTCGCGGGAGACACCCCTTTCCGGCGCTGGAAGCGCGAGACCTACCGCGGCGGCGTCAGCGATCCGTTCATCGTCCACTGGCCGAAAGGGATCCACCGCCGGGGGGAAATCCGTCCTCAATTTGCGCACTGCATCGACATGGTGCCGACCGTGCTCGACGCCCTCGGCATCGAACCGCCGGCGCAGATCCGGGGGGTGGTGCAGTCGCCGATCCAGGGGGTGAGCTTCGCCCGCACCTTCAATGACGGCGGCGCCGCGAGCGATCACCACACGCAATACTTCGAGATGTTCGCCCATCGCTCGCTTTACCACGACGGCTGGCGCGCGGTCTGCCCCTTCCCCGGCCCCTCTTTTGCCGAGGCGGGCGCATCGTTCGGCCAGCGGACGCTGACCGAAGAGACGCTCCGGGCGCTCGACGCCCACGGCTGGGAGCTTTACAACCTCTCCGAAGACCCCGCCGAAACGAAGAACCTGGCGGAGACGCACCGCGACCAGCTGATCGAGATGATCGCCCTCTGGTATGCCGAAGCGGGCAAATACAACGTCTTCCCGCTCGACAGCCGCGGGGTGCTGCGCTTCTCCGACGAGCGCCCGCAATTGACCGGGGAGAGGACCTCTTATGTCTACTTCCCCCATACGCAAGGGGTGCCGGAGAACGTGGCGGCGAAGGTGTTGAACCGCGCCCACAGCATCACCGCCGACGTCGAAATCCCGAAAGGAGGGGCCGAAGGGGTGATCCTTTCCCACGGCAGCAACATCGGCGGCTACAGCCTCTTCATCAAAGGGAAAAAGTTGTACTACGCGCACAACTACGTCGGCGTGCAGGAATTTCAGGTGTCCTCCCGGGAGGAGGTGCCGGAGGGGAGGGGGTCCTCCGTTTTGAGTTCGAGCCGGCCGGCCCGCCGGATATCGCCCAAGGCAAGGGGGCGCCGGGCCGCGCGCAGCTTTACGTCAACGGCAAGCTCGTCGGACAGGGCGACCTTCCCGTGACCGTGCCGCTCACGGTCGGCCTCGGCGGCGGACTGGCGGTGGGACGAAACCCCGGTTCGGCGGTCTCCGAACTTTACCCGCCGCCGTTTGAGTTCACCGGAACGATTTACAAGGTGACCCTGGACGTCTCGGGCAAGATGATCCAGGACACCGAGGAGGAGGCGAAGGCGCTCGCCAAGGCCGCCATGGCGCGGCAATAAGGTCCCAGGAGCGGATAGGATGAAACAGCTCAAAGCGCAAAACATCAGACGAGGAGAATGCCATGAAGACTGAAGAGTTGGAGCGGTGGCTCGATCAGGCGCCGAAGGGAAAAAAGAAGATGCCGGCGCTCAAGGGGGTTCGGGGACGGGTCAAATTCGAGGTGGAGGGGGGAGGCGCGGCGTATCTTCTCCGAATCGAAGAGGGTGAAGTGGAGCTGACGCCCGGCGGAGATCATGCGGAGGCGGTGGTGATCTGCGAATCCAAAGCGGAGATCGCGCGGATGCTGCGCGGCGAGGCTCACCCCGTCGTTGAGACGCTGCAGGGCCGGGCCGCGGGCCAAGGAGACCGGGCGCTGGCGTTGAGGGTCGCGCTCGATCTGCGGGAGGGCTCTCCGTTTGCCGAACGAAAAGAGGCGCGAAAGAAGGAGGGAGCAAAATGAGTCAATCCATTAGCATTCTCGACGGAAACGCGTTTGTCGTCAGCGATCTGCGCGGCGATCTTGAGGCGACCCCCACCGATACTTTCGGGCTCTTCCTGAACGACACCCGCTTTCTCTCCCGCTGGGTCCTCACGGTCGACGGCCGCCGGCCGAACGTTCTTTCGACCGACACCCTCCGTTATTTCCGCGCCCAGTTTTACACCACCCTCTCCACCGGGACGATCTACGTCGATTCGGACATGTCGCTCGTCCGCCGGCGCGCGGTCGGAGACGGGTTCATGGAAGAGATCATCATCGCCAACCATGGGAAAGAGCCGAAGCGGCTCCAGGTGCGGATCGAAGCGGGGTCCGACTTTGCCGATCTCTTCGAGGTCAAAGACAAGCTGGCGAAGAAGGGGGAGTTCTATCGCCGTGTCGAGGCCGACAAGTTGGTCCTCGGATACCGTCGGGGGCGCTTCGTCCGGGAGACCTGGATCAAGAGCAGCACTCCCGCCGCCCTGGAAGAGGGAGCGCTCAGCTTCACCGCCGAGGTCCCCGCGCAGGGGATGTGGACCACCGCCATCGAGGTGATTGCCGTGATCAACCCGGGGAGCCAAGAGAGACCGCAGGTGAAGTACACCCCCAAAGATATTGAGCCGCGGCCCGATCTCGGCGAGAGCCTGAAGGAGTGGATGGCGTCGGCCCCGCGCCTCGACGCCTCGTGGGAACCGCTCGAGCGAACCTATCAGCAAAGCCTGCTCGATTTGGCGGCGCTTCGATTCCGCTCCGTCCTGAACCCCGAGCCGGTGCCGGCCGCCGGCCTTCCCTGGTTCATGTCGCTCTTCGGACGCGACAGCCTGATCACCAGCTTCCAGGCGCTCCCCTTCGCCCCGGAGCTCTCGGCGGCGACGTTGCGCCTCCTGGCCCTCTTCCACGGACGGGTCGATGATCCCTTCCGCGACGAGGAGCCGGGAAAAATTTTACACGAGCTGCGCCTCGGTGAGATGACCGCCTTCGAAGAGCGTCCCCATTCGCCCTATTTCGGCTCCGCCGACGCGACGCCGCTCTTTCTCATTTTGCTGGAGGAGTACGAGCGGTGGTCGGGGGATCGGCAGCTTGCCGCCGCGCTGGAGCGTGAAGCGCGCGGGGCGATCGACTGGATCGATCACTTCGGCGACCGCGACGGCGACGGCTACGTCGAATACGAGCGGCGCAACAAGGAGACCGGCCTGGAAAACCAATGCTGGAAAGACTCATGGGATTCGATCGCGTTCGCCGACGGAACGCTCGCCCCCTCCCCCGCGCCACCTGCGAGATCCAGGGGTATGTCTATGACGCCAAAATAAGAACCGCCCGTCTCGCCCGCGAGGTCTGGGGCGATCCCGCCTGGGCCGACCAACTTCTGAATGAGGCGAAGGCCTTAAAAGAACGGTTCAACCGGGACTTCTGGATTCCGGAGCGGGGCTTCTTCGCCTTGGCGCTCGATGGAAAAAAGAGGAAGGTCGACTCGCTCACGTCGAACATCGGCCATCTTCTCTGGAGCGGGATCGCCGAAGATGACAAGGCCGAGCAGTGCGTCCGCCACCTGATGAGCGACGCCCTTTTCTCCGGCTGGGGGATCCGGACGATGGCCAAAGGGGAAGGCTCCTACAATCCGATCGGATACCATGTCGGCACCGTCTGGCCGCACGACACCTCGATCATCGCCTGGGGGATGCGCCGTTACGGCTATAAGGCCGAAGCGGCGCGCCTCTCCCTCGGCATCTTGGAGGCGGCGATTTATTTTCACTATCGCCTCCCCGAGGCGTTCGCCGGCTACCCGCGGGAGGCGACGCAGTTCCCGGTGGAGTATCCGACGGCGTGCAGCCCCCAGGCCTGGGCGACCGGCGCGCCGCTGCTCCTCATCCGGACCCTCTTGGGGCTCGAATCGGACGGGGCGCACCTGATCGTCGATCCGGCGATTCCCGCGCCGATCGACCGGCTCGAACTTCTCGACGTGCCGGGGCGGTGGGGAAAAATGGACGCCTTCGGCCGGGCGCGGCTCCCTAAGGCGGCTTGACCGGTGAGGGAGGATGGGGCCGCGTTTGGCCGGTAGAAGAGG
CP114553.1_gap14	605820	607205	1385	TCCCCGAATTTCGGAAGAAGTATGGACCGCGCGGGGTCTTGCACTGTTGGGCGACCGATAAGGATGACCCGACGACCGATATCCGCTTCGGCCGGGTCGGAAAGCAGAAGATCGAGGACACCGGGCCGCTGACCAAGAAGCGGATGGAAACGATCGACGACGAGTTCGTCGCCGCCGCCAAAGCGTGGATCCAGCGGCAGAACGAGGCCGGCACACCGTGGTTCTGCTGGGTTAACACCACCCACATGCACCTGCGCACCCATACCAAACCGGAGAGCCTCGGACAGGCGGGCCGGTGGCAGTCGCCTTACCACGACACGATGATCGACCACGACAAAAACGTCGGCGAGTTGCTCGACCTGATCGACGCGCTCGGCATCGCGGAGAACACCCTCGTGATGTACAGCACCGACAACGGACCGCACATGAACAGCTGGCCCGACGGGGCGATGACCCCGTTTCGGAGCGAGAAGGACACCAACTGGGAAGGGGCTTTCCGGGTTCCGCTGGCGGTCCGCTGGCCCGGCAAGATCCCGGCGGGGGTCGTCTCCAACGAGATTATCCAGCACCACGATTGGCTGCCGACGTTCTTGGCGATGGCCGGTGAGCCGAACATCGTGGAGAAACTGAAGAAGGGATATCAGGCGGGTGATAAAACCTTCAAGGTCCACATCGACGGCTACAACCTGCTCCCTTACCTGACCGGAAAGGAGAAGAAGAGCCCGCGGCAAGGTCTTATCTACTTCGACGACGACGGCAATCTGGTCGCGTTGCGTTTCGACAACTGGAAGGTCGTCTTCATGGAGCAGCGCGTCCAGGGGACGATGCGGATCTGGGCCGAGCCGTTCGTGGCGCTGCGCATTCCGAAAGTCTTCAACTTGCGGACCGACCCGTACGAGCGGGCCGACATTACCTCGAACACCTATTACGACTGGTTCTTGAACCATGACTATATCGCGTTGGCGGCGCAGGTGATCGTGACCCCTTTTCTGGAGACCTTCAAAGCCTTTCCGCCGCGGCAGAAGGCGGCCAGCTTCACCATCGATCAAGCGCTGGAGAAGATGGAGGCCGCCGCCAGCGGCGCCGGACATTGATCGATCGCGCATGATGAGCCCCGCCGCCTTTCAGGGGCGGCGGGGCGAATAGAAGGGACCCGATGAAGAGAATTCTCCCGATCGTTTGGATCACGGCGCAATTGGTTTTACCGGGGACGCCATTAAGACTCTACGATGTTTCTCTCAGCCGTGCGCAGGAGGTTCGGGATCCCCTCCCCTCCTGGAACGAAGGGGCGGCGAAGCGAGCCGTCATCGACTTTGCTCATCGGGTAACGAAAGAGGGGGGCGCCGACTTCGTCCCCTTCGCCGAACGGATCGCCGTGTTCGACA
CP114553.1_gap15	658007	659819	1812	ACCAGGGGAAGAAAAAGGACCTCCCCGACGAGTTCGAAACACACCGCCGCTTGTTCTACCAGGTGATCGATATGACGGGGGTGACCGGCCTCTCTTCTTTCGGCTTCTGGGAAACGGAATTCAAGAAGAACAAGCGGGAGATCAGCCTGGTTAAAATCGCCTCCAAAGGAGCGATCGATCGAAGTTATAACTTTGATTATAAGGGGAGCGAATATTCGCGCCTGTTTAATCTGGCCAAAGACAAATACAACGATGCAAAAGATCCCTACTGCTTTGCAGTGGTCTGGGCCGATTGCCTGGCGCAGGGGCCGACCGAGAAGGTGGTCGAAAAGACCGGTGTTTCCAAAGCAAGCGGGAGCGTGGCGGTGCCGCTCGGGGGAGGACAGCTCTGGAAGAATATCGATAAGGCATCCACGGCGGCCCCCTGGAATAAGATGATCGCTTTTATCTATACCAAAGACGGCTCGGAGCAGACCTTTCCAATTCCCGACCCGGACGTTACATCGACCTATACGGAGATTACGGTGAACACCCGAAACTTTCCGGAGGGGGTGACCGGGAAGATCAAAGCCAAGGTCAATGTCGCCACCGGTTTTCATGGCGGGTGGTCTTTCCCGACACAAAATATCATCGTGATCGCCACGCGCGGTTGGTATGATCGGGCCTACGCCGATTCGAAAAAAAAGGCGATTCTTATTCACGAGAGCGGACATAAAATTGGGATGGTCCCCGACGGAACGGGGGGGCTGAAAGAACAATCGACCTATGACAAAGTCCATGACCCTTCCAAGAACTCTCATTGCAATGACAACGCCTGCACCATGTGGTGGACCACCACATACGAAAAGGACGTTTTTTGCAGCGTCTGTGATAAGTCGGTCCGTAAGGTTGATCTCTACGCGCCGGGCCTCCAAGGATTCAAGCGGTTCTTCTAACTTTTACTCGAAGAGGACTGTATCGGACGACGGGCGCTCCTTTTGATTTTGATTTTGGTTTTGGTTTGGAGTTGTACGGGAGGGCATCCTAACTTAAAGGAACGAGGAGAAATGACGGAACCGCGCGCTGTTGATTTATTTGCGAATGTCGAACCCGATAATGATAATTCGAATGAATGCACCCCCGCCATTGAGAACGATTTTATCGGGATTCGAATCAATGCTCCCGAAGTGATCGACTACACGCCGGGCGAGCGGGATCGAATTACGGGCGCCTTCGGGAGGGCCATCCTCTGCGGGATTTACCGCTTTGAATCGGCTTTTCTATTGGAGACCGACGGCTTTAAAAAAACGGCGACCCTGGTAGCGGTCGACACGAAAACGCATCGGCCGTATACGGCAAAGATGGTCCATGATCATCCGGAGATCCCCAACCCCGATCCGCCGCAGTATCCTCCCGAAATGCTCGAGGGGGTGTATGAAACCGGCTACTTCAACATTAATATGCTCGATTTTCTCGGATTGCCGGAACAGCCGGCGACGTATGAAGTTTTTGTGACCCTTCATCGGTACAAATCGAATGTGGTCACCGTCCGCCTCACCCCCCGCGATGAGAGGCCTTAGGCAGATGATCCTCCTCGACATCCTTGAAGAACATCTTGAAGAAGCCGACTTTCTTTTTCAGCAGTGGACGAATGCGCTGACCGATCGAGCCTACGATCTGGACGGCTTCGCCGAGCTCGAAGAGCGTCTGCTGGCGCACCTCGACGGTCTGGTCCTTGGAGGGAAAGAGGCCTGGACGCTCCTGGAACCGAAACTGGCCGGCGGCGAGGTAGGGGAGGTCTTCGCGGCGGCGTTCGTGGCGGTGGCGTCGGGT
CP114553.1_gap16	668934	670962	2028	CCGGCTTGGCCGGGAGATTCAATTCCTCGCCGAGCCGCTCGATAAAATGGGCGGCGAGAAGGGGGATATCTTCTTTTCGATCCCGCAGGGGAGGGAGGAGAATCTGAACGACTTTGATCCGGTAGTAAAGATCGGCGCGAAAGGTCCCCTCTTCGACCGCCCGCTCCAGATCTTTGTTGGTCGCGGCGACGACGCGGGTATCGACCGGAGTCTCGCGCGCGCTTCCCAGCCGCATGACGACCTTTCCCTGGAGGAAGCGGAGAAGCTTCGCCTGGGCGGCCGGGCTCAATTCGCCGATCTCGTCGAGAAAAAGGGTTCCCCTATCGGCCTCCTCGATCTTTCCCTTCTGAGTGGTTTGAGCGCCGGTGAAGGCCCCTTTTTCATGTCCGAACAGCTCGCTTTCGATCAGATCGAGCGGGATGGCGGCGCAGTTGACGGCGATGAACGGCTCGTTTCTTCGCGCGCTTGCCTCGTGGATCGCCCGGGCGACCAGCTCCTTTCCGGTCCCATGCTCTCCCCGGATCAGGACGGTGACCGGATGACCCGAGACATCCTCGATGAGGCGGTAGATCTGCTGCATCGACGGGCTCTCTCCGATCAAGATTCCGAAATGGCTGCGGAGAGGCGCGTTGGAAGAGGAGGCCTCTTGTCGTCGATCTTTTTCTTGCAGGACAGCCTGGGGTGTTTTCTTCGGAATCGGGACGGTGTGATCCTCCTGCCGACGGGAGCAATCGATCTCAAACGGGTAGACCCCCAACTTGCACTGCGGGGGGAGAAGGGTTGATCCGGCGACCGGTTTCCCGTCGAGGAGAACGCCGTTCGAGCTCCGGTCTTCCAGACGGAAAGCGTCCCCCTCCTGTGCAATCACCAGATGAAGCCGTGACACGTGTTGATTGGGGAGGACCAGATCGTTCTCGGAAGAGCGGCCGACGGTAATTTCACCTTTGGACAGGAGCGAGCGCTGAATGAGTTTTTTATCGAGATAGACTTTGAATTCAAGCATCCCTTACCAGAGCACCTTCCCCCAGCCCGCTCCCTCTTTTCGAATGAGCACCTTGCTCTGCTTCCATTCGTCCGGGGGGAAACGACCTTGCCGTTTTGGTCGACCAGCCGGGTGATCACCACATTGGCGGAAGCCAGCTCTCCGGCGAGCGAAAAGTTGGCGATGGAGACTTTGACGACCGGATGGTCGCGGAAGATCTCTTGCAGGATGCGGGTCCGGCCGTCGGAGAGATTGCTGATTTGCATCAGGGCGGCCATGTCCCGTCCTTCATACGCCTTCTTCAACTTCGATAAAATTTCGCCGACCACCTCGATATCGGGCCGCGGCGGAACGACCGGCGTCGGCGGGGTCTGTTTTGCGATCTTCGTCTCGGCTGGGGGGGCGGACCGGAGGGTTTGGCGGGATTTTCCGGTGCGGCCTTCGGCGTTGCTACGGCCTCTTTCTTCATCGGTTTGGGGCTTGGCGCGGAGGTCGCCTTGGCGAGTTGCATCTGCGCCTCCTCTTTCGCCTTTTTGAACCCTTGGTCGGCGCGGACGAAGAAGTCTTTTGCCTTCTCCAGGGTTGCCCCGGCCTCTTCATATTGCTTCCGGTTCATCAATTCGCTTCCCTCTTGGAACGCCTTAGCCCCTTTCCTTTCCAAGTCGGCTGCATTTAAATAAAGCTGGGAGGCGCGATGGCGGGCATCGAGCCGGTCGGCCTCGAAATTCGATTCGGAGAGATCACTCTGCGCTTTCCGCGCCTCGGTCTCGATCTCATTCGCTTTCGCTTGCGCGGCCTCGATCGGATCTTCCCGTTTCGGCTCCGGAGGGGCGGGGGTGCTGACCGGGAGGGGAGCCGGCGCCGGTTCAGGCGGCGCGGCCGGCTGCTCCACCGGACGCGGTGGGGGCGGGGAAACTGCCGCCACCGGCTCGGGAGCCGATTCCGAATCAGAAGAAAAGAAGTAGACCCCTCCGGCGATCAGGACGACCAATCCAACGACGCCGGCGAAGATCGGGACCAATCGTTGCCCTTGACCCGCGTGAGTC
CP114553.1_gap17	693888	696804	2916	GATTTCATCCAGACAGACGCCTCGATTAATCCGGGCAACTCGGGCGGACCGTTGTTCAATATCCGCGGCGAGGTCATCGGAATCAACACCGCCATCATCAATTTCGCCCAGGGAATCGGATTCGCCATTCCGTCGAACATGGTCGAAGCGATTACGACGCAGTTGATGGAGAAGGGAAAGGTGACGCGCGGCTGGCTGGGCGTCGGGATCCAACCCCTCACCCCGGAGCTGGCGAGCAAGTTCGGCGTGAAAGAGAACGAAGGGGTTCTGGTGAACGAAGTTTTCGATGGAGACCCGGCGAGCAGGGCGGGAATTCTGCCGGGCGATATCATTCTAAGGGTCGAAAATTTGCCGGTCGATACCCCCAATTCGTTGGCGCGCGTGATCGCCGGATTAATCCCGGGGAGAAAGGCCAACATTGAAATCATGCGGGACGGAAAGAAGAAGATCGTTACGATCGAATTGATCGAGCGAAAAGATGAGGCGGTTACGGCGGCCATTCCGAGGCGGCCCGAAGTCTTTCTTGGATTGAATGTTCAAGACCTTACCCCGGAAATCGCCGAGCGCTTTAAGCTTAAAGAAGAAAAAGGGGTCATCGTCACGAAGGTCGAGCCCGGAAGCGCCGCGGAGGCGGAAGGTTTGAAGGAAGGAGACCTGATCAAGGAGGTCAATCGCGAGAAGGTTGACAGCACCGACGAGTTCAAGAAAATCATGGAAAAGACAAAAAAGACGGAAGCGGTTCTCCTTCGAATCAGCCGGGAGAATCGGGCATTCTTTATCGTCTTAAAACCGAGCGAGAAATAAAAAGCCCACGTTTCAACGGCGACGGCCCTCCCCTTTGGGAGGGCCGTTTTTGTTTTCCCCTTTTTATTTCATTTTATCGAAGCGCAGTCCGGGCTACTGATCGACGGAGGGAGCAGGTGACGTGCGGTCCGATTTTCTCCGGTTGAATTCGGTTAAATTGACCGGTAGATGGATGGTCATGGTCGTTCCTTTGCCGAGTTCCGATTGGACATCGATGCTGCCGCGGTGTTCTTCAATGATATGATGGCACATCATCAAGCCGAGGCCGGTTCCCTCATTTTGTTTTGTCGTGAAAAAAGGATTGAATAGCTTTTGAATGTTTTCTTCGGCGATGCCGACACCGGTATCTTCAACGGCCACATGGAAGAAGGCGTGGTCTTTTTTATCGAAGTCGGCGGATGTTTTTACCCGGATGTAGCCTTCATGGGTCGCCTGGATGGCATTCAGAAGGATATTTAAAAACACCTGCCGTATCTTTTCCCGATCAACATAACAGAGAGGAAGATCGGGCTCGAAGTCTTGCCGAATCGTCAGCCCTTTCTTTTTTGCTTCATTATCAATAAAGGTGATGGTTTCATAAAGAAGATCGTTGATATTCACCCCGTTTAATTTCAGCCCCTCTTCTTCGGGGGTTTTCGAATAGTGAAGAAGCTGACTGATCAGCATCTGAATCCGATGGGTTTCGCCCAGTGCGACGGCGTAAAATTTATCCCAAAACTCCTCGTCTTTCACTTCTTCGTCATATTTTTTAGGAATCATCTGAAGAAAGGTATTAATCGCGACCAAAGGGTTGTTGATTTCGTGCGCCATGCCGGCCGCCAGAATCCCGATCGCCGTCAGCCGATTGGCTTGAGCCATTTTTTTGAATGTTTCGATTTTTTCGGCATAAAGGCGGTCCCGCTCTTTCACCAAGTAGTAGCGCTCGATCCCCTGCTTTAGGGTTTGTTTTAATTCTTCTTCGTTGTAGGGCTTGGTGATGTATCGATATACTTTTCCCCGGTTGATTGCGTCGATCACCAATTCTATCTCGGTATAAGCGGTGATAAGCATCCGAATGAGGTTGGGCCTCTTCACCGAAATACGCCGGAGCAATTCAATGCCGGTCATATCCGGCATGCGTTGGTCCGAAACGATCAACGCCAATTCGGGATGCCGTTCGATGAGCTCGAGCGCAGCCTCCCCGCTTCCGGCCGTATGGATTGTAAACTCTTTTTTGAAAAGATTTTTGAATGTGACGAGGGCCATCTCTTCGTCGTCAACAAAGAGAATCGGATAGTCTTTATATCGGAGCGCTTCCGGCATAGAGCCCTTTCCCCGCTTTTTCCGTCGGGACGCCGGGTTGCGTCAGTGGAAGAGAAATAACGACCTCCGTTCCCGAACCGACTTTGCTCTTCACGTCGATCTTTCCGTGGTGGTTTTCGATAATCTTGTAGGTGATGGTCATCCCCAGCCCCGTTCCCTTGCCCACCTCCTTGGTGGTAAAAAACGGATCAAAGATATGGGGAAGGTCTTTCTCGGAAATACCCGAGCCGGTATCCCGGACGGAGATCCGAACGCGGTCCCCTTCCTGCTCCGTTTTGATGTACACCTCTCCTTGATCGGGAATCGACTGAACCGCGTTCTGAAGGACATTCATGAAAGCCTGGTTGATTTGTCCGGGAATTGCCTCAACGGATGGTATTTTCCCGTATTCCCGTCGGATCGTAATTCGATGAGCGATCTCGTGTTGAAAGAGTTGAAGGGTTGATTCAAGCCCTTCGTGAAGATCGAAGGGCTTCAGAACCTCTTCATCTTTTCTTACAAATGTTTTTAAGCTTTTAATGATATTCTCCGTGCGGTCGAGCCCGTTTTTGATCACTTGAACGGAGATGTCGATATCCTCGAACAGCTCTGTTCTTTCAGCCGGATTCAGTCGATCCGCAACCTTGATCTGTTCCAACGAGCGCCGGACAATGGCAAGACTCCCCTTGGCGAAGCTGATCGGGTTGTTGATTTCATGGGCCACCCCTGCGACCAAAAGGCCCAAGGCCGCCATTTTCTCCGATTGAACCAGCTGGCTTTGCGTTTCCTTGAGCTCTCGCAGCGTCTCTTCCAATTGATGATTCCGAGTCT
CP114553.1_gap18	700035	704230	4195	AGATCGCCGCCAACCCGTTTGCAACGTGGCCGTTCATCCCGATCATGGCGGCATGCGTCGTACTCAAAAGGACGAGGCGGAAATAATCGACCATTGTTTCCGGCCATACATTAAACGTTCTTTTGACGAGCCTTCTCGGAATGACGCACTCCGCGATGAGTGATTTTCCGTACCCGCTGATAAAGTTATGGGCGGTCACTTTTTTGATCGAGGAATAATTGGATTGAATGAAGAATTTAGCGGGTTTTACGATAGAGCATATGAATTTACAAGCGGCATCCGTGGCAAACGTAACCATATTGATGCCCGATGCGTCCGCGGTAGAATAATAAAATTTGACTGTTACATTCCGGTCAAAGATAATGGGTTCGATACGGATGAGTTTTCCGTGTTGAGTGGTTCCATCCGCGTGCATTTTAATGCGTTCAAAATTAGCAAGAAGCCATTTTTGAAAATTGAGTGCTTCGGAGATGTTTTTGAAGGTAAATATAGAGGAGATATGAAGTTCATCTTTCAATACGGCCGTGTTGACCCCTCCTGCTAAAGACAGAATTTGCATGCCTTGAGTATAGGTGTAAACCAATGCGCCTTCCGTCGTGGCCATCGGAACATAGAAGTTCCCTTTCGCAAATGTGCCGTTTATTTTCAGCGGCCCGGCAATGCCGATCGGAATTTGAGACACTCCGATAAAGTTTTCGATATTGCCTTTCATATTTTCCGGGCAGTCGCTGAAAACGCTCACGTTTTCCAATTTGACTCCGGTTTTAAGTTCCAACCATTTACGTCTTACCGCTGCCGTATCATTTGTGTAATTTGCATCTTTTCGGTTGGGGATGAGATCCAAAGTGGTAAGGTCCGATCTTTTTCCGGTGTGGAATAGATCGGTATTTTCCGACTCGAAGAGGTCTGTAATTCTTCGAATAATCTTCCGCTTTTCATCATTTTTCAACGGACGAGAAAGTCCATCTGAATTTCTTTTTCTCCCCTCCTCCTTTTGCCTCCGATCCGGTATCGCTGCATTTGAAGAACCTTTTACAAACTCCTCCCAACTATTCAAATCGCCATTCTCTGATTGATAGAATTCTAAACCATAAGCGTGTTCCTGATCGTTCCGCCATTTAATCTGTATCCGGGTTTTTATCGGATTGAAGGGGTCGGGAAGACTAATTTCGATAACGCCCTTTTCAGTTTGGGGGAGGGCTTTTTCGGTAAAAATTGAAAGTCCTGCCAGACCGATATCAAGCGCTTCACCTTTAATCCTTTTCTCTTTCTTCATCTCTCGATCTCGAAAAATAATTGAGATCGGTACAATCTCTTTTGCGCGAAAATAGGAGCGGCGATCCGGGTGTTTCATAAAGCTGACCTCATACTTCAATTTATTTATGTTTTAATCGCAAAAAATGGGAATGTTTCAATCTCATCGGTTTGCAAAAAGGATCGTCGTGCACAAGCAAAATGTTTTTTAACGGAGTGGCCAAGTCTTGAAAAAATTAGGAGGAATAAACAAGGTAAGAAAGGACTACCAGCGTGGGTCTGATTCATTGCTCTTGTTCTTGCTTTGGCAGTCAACCTTAAAGCTCCACAAGGTCGCAAAAACAATCAGATACCGGAGAAAACTATACAATATGTTGAATATACATTAAAAAAGTACATTGTCAAATTAAAAAATCATTAAATTTTTTCTTGGAACTTCAAGAAATACGACAATTTCGGAGATTTTTTCTAAATGTAAAAACAGAAAAACGATTGAGTACTAGTTGGGATGAGAGACGGGATATGGAACATGAAGTGATGAGGGAAGCCTGGTGAGCCGCCTGGGATTCGAACCCAGGACACCCGCCTTAAAAGGGCGGTGCTCTACCAACTGAGCTAGCGGCTCGCTTGATGACGATGGGAAGAACAAGGTGATCTCTTCAGTTTGAAGAAATCGGAAAAGTGAAAGGTCTTTTTTAACATTTCTCAGAACGGGTGTCAACTTCTATCATAAAAGCCGGTTTGAATTTTCCGGAAAGATCGACTATGATAAGGGGTTCGATTTTATGGAGCCCCGGTCGACTTGGTTTCCGTTCTCTTCTTTTTTTCAGGCGTCACCGCGCTGATCTACCAGATGGTCTGGATGCGCGAATTGGCCTTGGTTTTCGGCGCATCGATGTTTGCGATCTCCACCCTCCTGACCGCATTCATGGGGGGGCTGGCGCTGGGGAGCGATTTCTTCGGCCGGCGCGCCGACCGCTATTCAAACCCCCTGCGCATCTACGGCTTTCTTGAGCTTGGCATCGGAGGATACGCTCTTCTCGTTCCGTTCCTTCTCTCCTCGCTGATTCCGATCTATCAGTATCTTCACGGTCTCTTTCACTTCTCGTTCTATATTTTCAGCTTGGTCCGGTTTGTCATGGCTGTGCTTGTCCTCCTCCTTCCGACCGCCTTGATGGGAGGAACCCTCCCTGTGCTCGCCCGCCTCTATAAAAATAATGCCGAGGTCGGAAAAGGGGTCGGACTTCTTTATGCCTTTAATACGTTGGGGGCGGTGATCGGAGTTTTGGGGGCCGGGTTCGTCCTCCTTCCCACTTTGGGTCTGAATAAAACGGTGCTTCTTGCGGCGGCGCTCAATGGCGCGGTCGGTCTTCTTGCAATCTGGCGCGGAAAACATCGAATCATCCCTGTCGAGACCTCAACCGAAAGGACGCCGGTCTCCGCTCCGAAACATCCGCAATCACCGCGACGGATTTTATTGATCACTTTCGCCCTCTCCGGTTTTGCGGCGATGGTTTATGAGGTCGTGTGGACGCGCATCTTGACCCTGATCCTCGGATCCACACTCTACTCCTTTGCAACCATGCTCGCCACCTTTCTCATGGGGCTTGCGATAGGGAGCTTTCTCTTTTCCTTTTTCTTAAAGCGGTTTTCGCGCCCCCTTCTTTTGCTGGCCCTCGTTCAAGGGGGGATCGCGCTGTTTGCTTTCGGGGGGGAATTTCTTTTCCCCTACTCCCCGTTCTCTTCTTCAAGCTTCTTGAAATCTTCCATTCGGAGGGGGGAATTATTTCCGCCTCCAAATTCTTCATTGTCGCCGCCGTGATGCTGGTCCCGACCGTTCTGATGGGAGGGGTCTTCCCGCTGGTGATCCACCTTCTGACCCGAGGAGAGAGTTCCTCTCGAGAGCCTAAACGAAAAAACCAACCGGTGATCGATACCGGGTTGGGGTCGATCGTCGGCCGCGCCTACGCCATTAATACGGTCGGAACGATCGTCGGTTCCTTCTCGGTCGGATTTATCCTCCTCCCGGCGCTCGGCATTCAGAAAAGCCTCCACGTTGCCATCTTCACCAACGCCGTTTTAAGCCTTCTTCTCTGGATGCAGATGCGCGAAATCGGAGAGGCGCGTCTTTGGGCGGTCGGCGGGGTCGGCGCGTTTCTCGTTGTCGTCGGCTTCTCGACCCCGGCCTGGAACCCGCTGCAGATGTCGAGCGAGCTCTTCGGAAAATTATCGACCCTTGATCTTCTTTTCTATAAAGAGGGAATTTCGTCCACCGTCACGGTGGTTCAGCACCCGACCCTGGCGAAGCACCCGCATCTCACCCTGGCGATCGACGGCAAGGCGAATGCTTCCACCACCGGCGACATGAAGACGCAGCTGCTTGTCGGCCATCTCCCGATGCTCCTGGCGCCGGAGGCAAAGGAGGTCATCTCGATCGGGCACGGTTCCGGGATCACGACCGGCGCCATCGCGACCCATCCCCTCTCGAAGCTTGTCACCCTGGAAATCGAGCCGGCGGTCGTCGAAGCGTCGCGCTTCTTCGATCCGTTCAACGGAAGCGTCCTCGAGGACCCGCGCGTTCAAATCGTGGTCGACGACGCCCGCAATTACCTCATCCTCTCGAAAGAACGCTTCGACGTGATCGTTTCCGAGCCGTCGCATCCCTGGCGGAGCGGCTCCTCCAAACTCTTTACGGAGGAGTTTTTTCGTCTGGGCCGATCGCGTTTACGTCCGGGAGGAATTTTCGCTCAGTGGATTCATTTCTACGGCATCCGGGCGCCGGAACTGAAGGCGGTGATCCGAACCTTCCATTCCGTTTTTCCGCACGTCTTTATTTTTTATACGGACGCCGGCGATCTGATCCTGATCGGCTCCGATCGCGAAATCGTCATTGACCGGGAGGAGATCGCCCGGCGGATGGCGGTCCATGCCGTCGCAAACG
CP114553.1_gap19	839796	842381	2585	CGATAGGCCCGATCCCCTTTCGAGAGGGCCAGCGCTTCCAGGATGGTGGCATCTCCCGCGCCGAGCCGGAGCTTTCCCGCCATAAACCGGGCGACATACTTCGCTTCTAGGGGGGAAACCGCGCCGATGAGCTCGCAAACGGCATCAATCTTCCGCTCCACGCTCCCCTCCCCCGACATCGCGGCGATCGCATCAATTCGCTCGTAGACTTCGGCGACCGTGAGCCCCTTCCCTTCGCCGTGAATCACCTTCTCCGCCAATCCGCCGAGGTCCCCGACGATCCGGTACTGTTTCGCGATCATCTCCGGATCGACATCGCCCGCCTTCGCCAAGGCGCGAAGGAGATATTTCTCCGACATGCCGATGTTGATCCCATGAAAAGGAGGGAGGAGCTCTCCTTGGGCGAGGTAGATGATCTTGTCGATCTCTTCCGCGTTCGCCTGCTGGAAGAGATCCGACAAAATCGAAAACATCTCGAGACGTTTCGACGTCGCTTCCAGCTTTTCAAAATCATGGACGAGGTTCAGGAACTTCATCTCAATCTCAAATTCATCTTTGTCAAAATAACCACCGAGCAATCATACCATACCTCATTGGAGCATTGTAGGGGCGACCCGGCGGGTCATCATCCCCGCCGTGGGCGTTCACCCAGCTTGATCTCGACTTCCCTTTTCTCCCGGCCCCGCCAGAGGGTCAATCGGATCTTATCGTCGGGCCGTTTGGTTTTCATCACTTCGTGGAACGCTTCCGCCGACGTGACCTCTTCCCCATCAACGGCGACCAAAATATCCCCGCCGACCACCAGAATCGCGTTTCCCACCTCGACCCGTTGGGTCCCTCCCCGGATGCCGGCCCGGTGCGCCGGACCGCCCCGCACCACCCGGGCGACCATCACCCCTTTCCGGACCGGCAGCGAGAGGGCCTCCGCAAATTCGGGAAGAAGGGTCTGGGTATCGATACCCATCCAGGCATAGGCGACATAGCCCTTCGTAATCAGCTCGTTCAAGATCCGTTTGGCGGTGTTGATCGGAATGGCAAAGCCGATTCCGACGCTTCCCCCCGACGGGGTAAAAATGGCGGTGTTGATCCCGACCATCTTTCCCTCCGAATTAAGAAGCGGACCGCCCGAATTCCCCGGATTAATCGCGGCGTCGATCTGAATGACTTCATCCATCTCCAGGTCGCCGGCGCGAATGTTCTTCCGAACGGAGCTGATGATGCCGGCGGTGAGGGTCCGCTCCAGCCCGAAAGGATTCCCGATCGCCAGGACCTTTTGGCCGGGACGGAGCCCGTCCGAATTCCCCATCGGGATCGCTGTCAGCCGCTCCGGCGGCGCGTTGACCTTGATGACGGCGAGGTCGGTCTGCGGATCGGCCCCGACCAGCTCTCCCGGCCACCTGCTCCCGTCGGCCAAGGTGATCTCCAGGCGTTCGGAATCGCGGATCACATGGTTATTGGTGAGGATATACCCCTTCTTATCGATGATGGAGCCGGAGCCGGAGGCTTCGGAAGGAATGGGATTGAGGAAGAAATCGTAAGTGACGGCGATGCTGGTGATGTTGACGACGCTGGCATTGACGCGCTGATAGATCTCGATCGTGTTTTCCTCGTCTCCGACGAAGGCCGAGGGGGTGGAGAAAAAGAATAATACGAATAAAAGCGAGAACAAAAGCGCGGCGGTCCAGCATCTCTGGATCGACATCCCTCTCTTTGAGGCTCGGCCTTTAGATAATGAACGGTTCTGTGTCAGGGATTCTCTCCCGGGGAGGCGATTCGGGCTGATCTCTTTTTAGCGGCGGGCTTGCCGGACGATCCCCCACCACGATCGTTCCGGTGATACGGCCGAAGGTCTTATCGGTTGAGAAGACAAGGGTATAATCATAACTCCCGGCCTCCTCGAATTTTTTTTCAACCGTCGTAAAGGGTGAGATGAAGGAGGGTGGATCGGACGCCGGCGAGGCCGGATCGATCTGGATCCGGAGATCATAGGTTGTAAAATTACTCCAGGAGACGGTTTCTCCCGGTTCGATTTTCAGAATGGGGGGATTGAGTTCCAAACCCGATCCCATGGCGCCGTTCGAAATCCGAATCTGCGCTTTGTCATTTTGATCGACGGTGAAAGAGGCGCACCCGGTCAAAAAAACGAGAAGCAGTATGGGGGCGGCGAATCCCCTCATCCGATATAGAAGAAAGGCGGTCCAATGGATCATGGTGCGGGTGGAGTCCCTCCTTGTATCCGATTGACCAGTTTTTCCCGCTCGCCCGGCAATTCCGGCACGACCATAAATTGGATGAGCGCCCATGAGCGGTCGCGATCTCCGTCGACCTGAATCCGGTAGAGCCCCCGGTATTGGAGTTTCGGATCTTCAGGGGTGACGCCGATCTCCTTCGGATGCGTTTGAATAAACCCGGCGCGTTCATCGGCGACGGCGACGTCATAACCTTCCGCCTCCAGCGCATCAACAATCCGACCGAAGGCCGCCGGATAACCGAATTTGAACATGACGGCCTCCTTGGGAAGATCCTCAGGCGCGGCTTCCATTCGCTCGGGGCCGGTTGCACAAGCGGTCAACAAGAGGAAAAAA
CP114553.1_gap20	843677	846029	2352	TTTCCACAAGAAGCTGTCCGAGTAAAAGCGACGCCTGATGATATTCGGACGATTGAGAATCGATTTTCTGAAGATAGGAGATCGACTGATCGAATTTCCCCTGCTGTTTATACAAAAGGGCCGCGTCGTAATAATTCCCGCCGGACTCTTGCATTTGGGCCGCTTTATCGAACTGCTGGAGGCGCATATAAAGATCGGCGGCCTCTCTGAATCGGCCCCCTTTTTCCAACGCCTGAGCGGCCGACGCCATGTCTCCGACCGAGAGGTACAGGTCGCCGGCGCGATGATAGTCTCCATTCTTCATCAACATTTCGCCCGCTTTTGCTTTATCGCCGATCCGTTCGTACAACTCGGCCGCTTCGACCCAGCTCTCTCCCCGCTCGAAGGCTTCCGCCGCGGGAAGGAATTTCCCCTCCTCCTGGAACTTCTTTCCGACGACGCGATTTCCCCGGCGCGTATCTCCAATTTGCTCGTAAAGGGAGGCGGCGCGATCAAACGCCTTTGCGGTCAGAAACAATTCCGCCGCCTTCTCCGTTTCTCCTCCTTGCACGGCTGCCTCCGCCGCCTCTAAGGCAAAGCCTCCGGCGGTGAGGATCTCGACCGCTTTTGGAAATTGTTTCAGCTTCATGTAAATTTGCCCGCTCTGGAAGGCGGCCTGAGCGATTTGATTTGTTTTCTCGGAAGCGGGACCCGAACGGGCCCGTTTCTCCCTCAAAAAATACTTTTCGTACATCTCGGCCGCTTTGGGGGGATCGTTGGCTTGATCGTAGAGAGTCGCCGCCTTGAGCAGGTTTCCGAACTTTTCGTATTGCTTCGCCGCTTCCTTGAACCGCTTTGCCTTTTCGTATGCCTCGGCCGCCAATGATATTTTTTTGCAGGTCAAGTAACATTCCGCCGCCCGGACGTATTCTCCTCCCTTTTGGTACATCACGGCCGCCTTTTCGGTATCCCCGGAAAGCTTATAGAATTGGGCCGATTCCTGCCACTGCTTTTTTAATTCGAAAATTCGACCGACCTGCTGATAGGCCTTTCCTTCTTTGTATAAACGGATCGCTTCTTCATATTCGCCGGCTTGCTCGAAAAGTTCGGCCGCCCGGTATGGATCTCGCGATTTGGCGGCTTCTTTGGCCTCTTTCAACGGGTTGTATGTATTTGTCGAAGGACGCATGGAAAAATAACGCCGGGCAAGAGGTATCCCGATGGCGATCAGGAAAAAAAGAGAGAGATAACCGACGAGTGTCGGCTTTGAAACGTCTGATATCCATTGTTGAAGGAAAAGAACCGGATCGTCAGAAAGGCGGGAAAGATCGATGCGCCAGGAAGCCTGGTTCATTTCTTACAAACGACCCTCAGGCGGGTGTCCCCCACTGTAATGACATCTTCTGCGGAGAGGGGTTTTCTGTCGACCTTTTGATCATTTACAAAGATGCCGTTGGTGCTCTTGAGATCGACGAGAATAAAACCCTTTTCGGACCATTCCAGATCAGCATGATGACGGGAGACTTTCGGATCGTTCACGACGACGTCGGTTTTTCCCCTGCCGATCGAAAGGAGTTTGGGAGAAAGCTCAAAAAAGCGGCCGACCTCTTTTCCGGAAATCACTTCGAGAGCCCAGGCTCCGAGATTTTCCTGCGGGGCGGACTGAATCGGCTCGGAGATCGACGGAGCGGAGATTCCCGAATCGGTCTGTCCTTCTTTTCCGGAGAACTGAAAAGTCGCCGATCCGATCCGGATCTCATCTTGATCCGAGAGTTTTTTTCGGAGGACCTTCTCCTTGTTTACGAAGGTCCCGTTTCGGCTCCCCCGATCCTCGATATAAAATCCGTCCTGGTCCTCTTTGATGATCGCATGCTCTCTTGAAACCATCGGGTCTTTAATCGCCCAATCACTCCTAAGATCACGGCCCAACGTGAAGATCCCTTTATCGAGGATCTTTTCGACCGGCGCTCCCGGTTTTTCTTCTTTCAGAATCAGGCGGGGTCGGGAGGCAAGATGGCGCTCCACCCCCTCCCCTAACGCTTCAAGGGCATCGTCGACATCGGCCGCCGGCGAGACGTCCAGATCATAAAAGAGTTGGATCTCCATCGGCTCGGCGCCATCCGACGAGTAGGTATAAATTAAGAGTTGCTCCTGAAGGCTCCCTTCTTTCGTCACTTCGCCCGCGGTTTGGAAATAGGTCTCCGAGAGTTTTCCTCCCCTGAAGTAGAAGAGGTTCATCTCCTCCCCCTTCTTCAGCAGGAGAACGGCCTCCTTCTTCTTTCTTTGCACTTGATTTAAAAGCGCTTCGATATTGAGGATGTCGGTCGTCGCCACGATATTCGGTTTTTTCTGAGCCAAGACAAGAAGCGCTTT
CP114553.1_gap21	959291	963128	3837	TCCAACTGGTTCGGCCACCAGTCCTTGTTCGTCCTGGGCCGCGTCCGCTTGGGCGTCGGAGAGGGGATTGCCGGGTTCTCGCTTTCGCTGACGCTCGCAGTCGCTTTCTTCGTATCAGACACCTTCTTTTCAGACATGACCGTCCTCCTCTTTTTTTTTATGGCTGATTCCCTGCAATGAGTTGGCAGATAGCGAGGCCTCTCTAGGCGCAGCCGATCTCCTTCTGCAACGAGGTCGATCGCAAGGGAAATAAAATGAAGGGCTTCCACTCCTCCTGCAGGGTGAAGAGAGGAATGATCCTTATTCCCGTAATGGGAGCGTTCATCCAGGATCACCGTTGTCACATTATGAGGCACACATTTGGCGGACGCAATACTGGAACGATTATAGCGAGAATGGGCGAACGATTTCCAATGATAAAACCACTTAGACCCAAAACGGCCGGCTGAGTTCTACCCCTCTCTCTTAGGAAGAGTAAAAAAGAAGGTGCTCCCCTCTCCCGGCTGCGACTCCACCCAGATCGTCCCCCCGTTTCCCTCGACCATCTTCTTGCAAATCGCCAATCCTGCGCCGGTCCCCTCAAAATCTTCCTGATTGTGGAGCCGCTCAAAAAGACCGAAGATCTGCTCCGTGTAGCGGGACTCAATGCCGATGCCGTTGTCTTTGATCGAGAGGTGGTGAAAGTCTCCCTCCTCTCGGGAGGAAATTTCCACACTGGGAGTCTTTTCATTGAACTTGATGGCGTTGGAGAGGAGGTTCTTGAACACCTCGCGGATCTGCGTCGGATCGCAGTAGACGGTCGGTAAGTTTGAACCGACCCGGATTTCGGCTCCCTTCTGTTGGATCGCAAAGTCCAGATCATGCTGCACGTCGGCGACGACTTTCTTAAGGTCTACGCTCGCACGGGTGGAGCCCTTCCGAGAAATGGAGGCGAGGGTTAGCAGGTCGCGGATGAGGTGATTCATCCGCAATGCGGAAGCCCGAAGCGCATTTAAATAGCGCTTTCCCTCGTCATCGAGACGGTCCGCATAATCTTCGAGGATGAACCCGGCGTAGGCGTCGATCCCGCGAAGCGGCTCCTTCAGATCATGGGAGACGACATGGACAAAGTCGTCCATCTCTCGGACCTTTTCTTCCAGAAGCTTTTTCTGAAGACGAAGGGTATCTTCCACCGCTCTACGCTCGGTGATGTCCCGAATCACGCTGATGACCAGAATGCCTTCGTCGGTTTTCATCGGGCTCAAGCGGATCTCAACCGGAAATTCGCTCCCATCCTTGCGCAAACCGAAGAGATCGGGCCCCGCCCCCATCGGCCGGGTTTGCGGATGCACGACATAGGCCTCCCGATGGCCGATATGTCCGCCCCTAAAGCGCTTCGGGAGCAACACCTCAACCGGCTGTTGAAGTATTTCCTCGCGTCGATATCCGAACATTTTTACCGTTTCACTGTTCACACGCAGAATCTGCCCTTGGCCGTTGACGATCACAATCGCATCGGGAGCCGACTCGATCATCTCGCGAAACTGCTCCTCTGCCCGCTGGCGCGCCGTCATCTCTTTCCGCAGCGCTTGGTTGATCGTTTCAAGCACCGCGGTCCGCTCTTGCACGCGGACTTCAAATGCCTCCTCCATCCCCTTGCGCCGGGTTGTTTTATCCTTCTGCTGTTCCGCCGTCTTTCCCTGCTTTTTTTCGAGCGATCGAATGACCTTGATCAGTTCCGGCTTGGTCATCGCCTCATAGGATTTCATCCCTTCACCCTCTCTTTTTATTTTCGAGATGTCTTATGAAGTTGCTTTCGCCTTGAAACAGTATGCCTGACTGATAAACAGAGTGATTCTACGGAAGACAAGGGGGTAGGAAAGTGATATGGATGAAAACGGTCTCATCTTGGTGTGTGGATCGCCCTTGTGTGTTTGTATTTTCCTATAGGCAAAAAGGCTAGTCAAGCATTTGTTACTCATTGGGAATACTCCAAGCGACGGCCGCGCGTTTCTAAAAACCCCTCTTTCGTGGGGTTGTCTCTCCGATTGAATCGGATCAAGATCAAACCAAGTTCACAAAACCGCCGGCGCCGATCGGAACAATTCACTGATAAGGAAGAGACCGATGGAGGGGAGAGTCGAACCGATTCTGAAGAAACCTCGGCCGGGCTCGCCCCCTCCGAATCTCATCGACTATGAAACGGCAAAGTCCGCTTTCACCTGGGAAGCGGCCCGGCGCGAGTTGGACGGCCTTCCCGACGGAAAGGGACTGAACATCGCCCACGAGGCGGTCGATCGTCATGCCGATGGACCGAGACGGAATCAGACCGCCCTCCGTTGGCTCGGAAAGAAGGGAGAGGTTCGTGAGTTCACCTACGCCGATCTTAAAAACCTTTCCAATCGGTTCGCAAATGTCCTCAAGCGGCTCGGCATCGGTCCGGGCGACCGGGTTTATCTCTTGGCCGGCCGGATTCCGGAGCTCTACATCGCCGCGCTCGGAACATTCAAAAATCGCTCTCTCTTTTGTCCCCTCTTTTCGGCGTTCGGACCGGAGCCGATCCGGGCGCGGATGGCGATCGGCGGAGCGAGGCTCCTCGTCACCACCGAAGCGCTCTATCGGAAAAAAGTGGCGGGCCTTCGCCCCCTGCTCCCCCAACTCGAGCAGGTTCTCCTCGTCGGAGAGGAGGGGAAGCCGACCGACGTTCACGACACCCACGATTTTCATCAATTAATGCAAGAGGCGAGCGATCACTTCACCATCGGCCCGACCGACCCGGAAGACCTTGCGCTTTTGCACTTCACGAGCGGGACCACCGGAACCCCGAAGGGGGCGATCCATGTCCACGAGGCGGTCGTCGCCCACCACATCACCGGGAAGCTGGCGCTTGATTTTCATCCCGACGACATTTTCTGGTGCACAGCCGATCCCGGCTGGGTGACCGGAACCTCCTACGGAATCATCGCGCCGCTGACGAACGGGGTGACGAGCATTGTCGACGAGGCGGAGTTCGACGCCGAGCGATGGTACGGCATCCTTCAAGATCAGAAAGTGACGGTCTGGTACACCGCGCCGACGGCGATCCGGATGATGATGAAGATCGGGTTAGAACCGCTCCGCAAATATGACTTCAGCGCGCTGCGCTTTCTCGCCAGCGTCGGCGAGCCGCTCAATCCCGAGGCGGTTATTTGGGGAGAGCGGGCCTTCGGCCTGCCCTTCCACGACAACTGGTGGCAGACCGAAACCGGCGGGATCATGATCGCGAACTTCGCCGCGCTCGACATCCGTCCCGGCTCGATGGGGCGTCCCCTGCCGGGGATCGAAGCGGCGATCGTCAGGAAAACCGAAACGGGAGAGATCGCAGTCATCGAAGCGCCGGGGGTGCAGGGCGAGCTGGCGCTTCGGCCCGGCTGGCCGTCGATGTTCCGCGGTTACTGGAATGAGCCGGAGCGGTATCGAAAATGTTTCGCAGGCGGCTGGTACCTGACCGGCGATCTTGCGAAGCGCGATAAAGACGGCACCTTCTGGTTCGTCGGGCGCGCCGACGATGTCATCAAGACGTCGGGACATCTGATCGGGCCGTTCGAGGTGGAGAGCGTTCTGATTGAGCATCCGGCGGTCGCCGAAGCGGGCGTGATCGGAAAACCCGATCCGGTCGCGATGGAGGTGGTGAAGGCCTTCGTCTCGCTGAAGTCCGGACATGAGCCGTCCGAGGCGCTCCGGCGCGATCTGCTCGCCTTCGCCCGGACCCGGCTGGGGGCGGCGGTGGCGCCGAAGGAGATCGACTTCCGTCCGTCGCTCCCAAGAACCCGCAGCGGGAAAATCATGCGGCGCTTGCTGAAGGCGCAGGAGTTGGGT
CP114553.1_gap22	1150589	1153916	3327	CCACGACCAGTTCATCTCCGCCGTATCGGGCGACGGTATCGACATCACGAACGCTCTTGATGATGAGCTGAGAGATTTCCCGGAGCACCTGGTCGCCGACCAGGTGTCCGAAACCATCGTTGATCTCCTTGAAATTATCGACATCAATGAGGATGAGCGCCAGAGACGTCTCATAACGCGCCGTTCTTTTAAACTCTCGATTGACGACATTCAAAAAGGCGCGCCGATTCAAGAGAGAGGTTAATTCATCTTTAGACGCCAACTCCTGCACTTCCTGATGAATCTCGGCATTTCGGATGGCCAATGAAATAGAGGTCGAGATCATGGCAAGAATTCTCGATTGATAATCGTTAAATACCTCCTTTGAAAATCGAATCAATCTCAAAATCCCGATCTTTTCCGTCGCGACCCGGAGGGGAACCAATATCTCAGCCCCCCCTTTCGAACAATCGGTCCCGATGGAAGATCCCCCTTCTCAAGAAGCTGTTGCGCGCTTCGGATGGTGTCGGAGGAGACCCGCTCGAGAAAAGCAGCCGACTTTTGTTGATCGGTATAGATCTGCACTTTCTGCCCGTTTTTGAGAAAGAGACACGCGATGTCATACGGAATGACTTTTCGCAAATTGACAGTCAGTGATTGCGCGACTTCCTCAATTTCGAGCGATTCGCTTAAGGTTTGATTCAAGGTATAAAGCCGTCCGAGATCGTCGCTCCACTTCTGGAGATGATTTCGATCCTCCTCCAACTGTTTGTATGCAGAATCAAGCCGATCGGAGAGTTGAAAGATGCGGGTCAGTTTTTGTCGATTCTTTAAACCTTGCCGAATCATCCTCTCCAGTCGATCGAGAGAGCAGGGTGCTTTCAACATGTCGAAAATCCCGGCTCGAAGAAGTGCCGCGGCCTTATTCCCATCCGAAACGACTTCGGAAAGGAGAACACAGGCGGTGGATTGCATTGAACGGAGCTTTTTCAGGAAATCGAAAATAGACGCGTGAGAAAGACCCCCATCTAAAATAATGAGATCAACTTTTCCGATATCGATTGCCTTAAAGATAGACCCGATCTTCGAAGCCGAAAGAGAAGAGACGCCAAAACCGCGGCTTTTTAAAAACGAAATCTCTCCGTCTATTTTATCGAGGTTCTGGTGAATCAGAAGAATATGAGCCGATTCTTTCATGATGAGCCTGCTCCGGGATAACAAATCCTCTCAATATATATGCAATGACTATACCAAACCGGGCAAGAATGATTTCTTCTTCTCTCCGAGCACTTTTATCGCAGGAAAATATTTATCAGAAGGGATTCTTACTTTAACTGATTGATGGGACCGGTCCGAGTATAAATTTGCAGAAGCTGACGTTGGAGGGCTTGGAGCAATTCCAAGTTTCTATTTTCCTCTCCTAAATTTTCATCAGGAGGAATTTCTTTCATTTTCTGATGGACCACCTTCAACTCATCGAAAAGCTTTTTGTTTTCCTTGATTAACTTGATCCGTTCAACCGCATTTTTGACGGCGATATAAAGCTCCTCGATTCGGAAGGGCTTTGTTAAATAATCGTAGGCCCCCTCCCGGACCGCCTCGATGGCCGAGTCCAGGGAGGCATACCCCGTCATAAAGATGACGATCGTTTCGGGAGATCTCTCTCGAATCTGCCGGAGCAATTCGATGCCTCCCATCCCAGGCATCTTAAGATCCGTTAGAACGAGGTCGAAATGCTCCGCGTCAAACATTTGACAGGCCTGACGGCCGTTTTTGGCGACTTTGACCTGAAAGCCGCGACTCGCCAAGGCAATCCTGAGGACCTCTTGCGGTCCATCTTCATCATCCACGACGAGGATTTGAATCGACTCTTGTCCCGGCATTTTTTCCCCTATATTGCTTATATTCTCCACCCAATAGGGAGGTGCAAGATCTTCGCCTGGTTATCTTTCCTCGGATTGGGGAATTTCCTCTAATTTCTTCTTCGCTTCGGGAGAAATGGTCACACGGTCGCGAGAAGACAAACTTCCCTGCTCTTTTGAAATTGATTCCGCCTCTTTCGAATTGAAAAGGTAAAAGTACGTCCTCAGAACATTATGGATTTGATGAACGGTCATTTCGATGAAGACCCCGGCGTAAGGGCACGCTATCTTTCAACAGAATGATTAAACCGCGATGCTTGTTCTCACTTTTTCGTCGACGAACAACACGGATGTAGGCGAGAGGAATCGGCAGGAGTTATCCTCCGGAATGCGGGTGATAGGCTTGAAACATTTTCTTTCCATCATTGTAATTCTTTTGTAGCGCTCCCATCTTCTCCTCGATCAACGATTGCATCTCTCCATTCATTTCGAGGCATTGACGAATCAGATCGGACCAGCGCACCCGCTCGGAGAGGTCGGTCATGAAGGTATCATCGAGCGCCATCAACTCTTTCAGCAGCTCTTCGCGACGCTCCCCGATTTGAGCAATGCGGTCCCATTCATCGTTTTTAACGCTTTCTAACATCTGCTGCGTTAATACTCTGAACATCTCATACGCTTTGATGAGCTCCTCCGCACCCATGGCACTAGACCTTTCCATAACTGCCTGTAACGGTCTGCTGCGGGTGAGGTTCAGGAGCGCTCTCTGCGGCCCCCGTTTGCTGAAGGTTGATCGCAGCCCACCCGCTTCTTAACTCGGTCAGTAGCTGTCCCACGTGGCTTAAATTCTCCGGATTGTTGTCGATACTGGCATTGAGCAACTCAACGGTCATGTGCGCGTACAAAAGCCCCAGGCTCGCCGCGATTTCCCCGCCCGCTTCATAGTTCAAGCTGCTGGCCAGTTCCCCGATAATGGCAATCGCCTTGGAAACCGCCCGGCCTTTTTCCGAAAAATTCTGATTGAGCATAAATTCATTGGCGGAATGAACCGCTTCGATCGCCCCGTCAAATAACATCAGTATCAGCTTGTGTGGGTCGGCGGTAGGCGCCGCGGTTTGAAGGCTGGCCTGAACATAGGCATTCATCGGGTAATTGGGACTGAGGTTCATTGTGTCGGCTCCGTCGTGTTGTTATGAGTGGCTCTGCATTAAAGGGGTTCGGTGAAAATTATCCGCCGGATGAGTCGCTTCCGTTTGTGATCGCCGCGAGCCGCTGCGATAAAAAGTTGCCGCTCGCCTGAAGTTGTGAAATGGTCTGTTCCAACGCGGAAAATTGCCTTCTGTAGGTCGCCTCGATCGTTTGGAGCCGGAAGGTCAGGTTGTCGATGTTTCTCTGGACTCCCTTGCTCGAAAGGCTCAACCCGTCATTGCGCGCGGGAATCTGGACATTGATAAAATCGGTCACCGTCTCTTCAAGCGCCTCCGCC
CP114553.1_gap23	1177347	1179104	1757	AATGCGACGCGCGTGCGTGTTCACATTATTTTGCGCCGGCGACACCTTGCTCCGAAGCGCTCAAGACATGCGCTGGGAAAAGGGGCTCCCTGTGGCTGTAGTTCAGGTCGGAAAGGACGATCTGTTTGCCCTTCCGGGTTTTGGAATTGATGACCAACGGCGCCATCAGGTTTGCGGTCAGTTTGAGCGGGTCTTCCTGCGGAATGGTTAAAATGGTCAATACCACCAGGGAGTCCGAGCTTTCGATTTCAAGCTCTTTCATCTCCTCCGGAGGGAGGGCCGGTCGATAGTCCGGCCGGAAGACCAGCGGATCGATCACCACAAAGGCCAACTCAGGATCTTCCACCGCCTGGAGCCAAAAAAAGGGTGGCCCTTGTCATTATTGACCAACGTATACTGCTTGACCGTTCGGAAACCGGGAATCCCTTCCGGGAAGGTGAGCAGCCGATCGGGATCGATCGATACCGGTCCCAATTTTGCGCTCTGAATCACGGTGTTCACGGCTTGGATCCTTTCCCTTTCCCCGGCGGAGGAACCCCCTTGCTCAAAATATCTTTCAGCTGCTTCGGATCGACGCCGGCCGCTTTTTTGTTCTCAAGCATGATTTTTGCCAAGACCTCTTCCCGATAGATCTTGATGCCGGCCGGCGCTTCAATGCCGAGCCGGACCTGATTTCCATGGACTTCGATCACCACCACCCGGATCTGATCCCCGATGATGATTCCCTCTCCCGACTTCCGTGTCAGGACCAGCATCCGACCTGCCTTTCTTTAAATGGTGTAGGGGCGTATTGCAATACGCCCTACCAGCGGAAATGCGACGCGCGATGCGTGTTCATTCCGACCTCGCCCCGACCCTCTTCGTTATCGGAGAAAATCAAGGAGCGAGTTTTGAATCATCCGGGCCGCCGTGGCCCGGGTGGCTTCCAAGGCGACCTGCTGAAGCGAAAAATCCGAAATCGCCTGCGTAAGATCGATATTTTCAAGATCGGACTTGAACCGGGTGATCGACAGCTTGAAATCCTCGAGCACCGTTTTGGTCGCATCCATCCGGTTCAGGCGAGCCCCCAACAAAGCGCGTTCACCGATCACCTGCTCCTGCGCCGCGCTGATATTGGTGAGCGCCGCTTGAATTCCGGCGGTGTCATTCGTCTCCAAAGCCGCCTGCAGCCCCCCCACCGCCGAAAAGAGATCGACCCCTCCCGTCACGCCGACCCCTTTAAAGAGCCGGTCTCCGGGGAGGTTCATGATCACCGGTGTATTGGGGCCGATCAGAAAAGAGATTTCTCCCGAGTCGCCCATATAGGTTCCCGACGGCTGGTTCGTTCCCGCGGCCAATCCCAAATCGGCCAGCGCCGTCCCGGCCGTGGGGACGGCAGCGGAAGTGCCTCCTTCCGAATTGGAGGTGATCACCAAATGGTCAGTATCGAAGGTGACGGTGGCCGAAGCCCCGGCTGCCTGAAAGGTCGGATCCGCGTTGATTGCGGTTTGGACCATCCCGGCCAACGCCGTCCCTGTCGCATAACTTCCGGCCGGCAGGGTGAGGGTGGAGGAGATCCCGTCCAATGAAAGGGTCAACTGATCATTCACCGCCGCCGTGACGGTCACCGGCAAGGTCACCGCCGTTCCAAGATAGCGCCCCTGCTCGAGGAACGGGAGCGTCCGGGTCTGATTTCCCGCAAAAATGTATCGGCCCTCGACGGAACGGTTTCCCATCGCAATCAGTTGATTGAAAATCTCCCGCACCTCATTCGCCGC
CP114553.1_gap24	1180477	1181855	1378	ACGCTCCCGCTGATCGCGCAGATCGTTCGCATTTTGTCCTGAAATCGTCACTTGAGCAATCTGGCCGTTTAAATCGGCAATTTGCGTCGCGAGCGTATTGACCTCTCCAAGCACCCCCTCGACCTCAGTGTTGAGATCCTTTCGTATCTGCTGTAGCTGATCGTTCATCTGTATAAAGTTCGCTGAGAGGGTCCTCGCTTGCTCCATCAGGGAAACCCGTTCAGGAAGTCCCTGCGGATTGTTGGCAAGATCATGAAACGCCGCAAAAAACTCCGACAAGGACTGATGGAGGCCGACACCGTCGGAATCATTGAACACCGCCTCAACCCGCCCGAGCGCTCCCCGCTCGACTCCAAAACGACCCAGATTCGATTGCTGCGCCGTCAATTGATCCTGGATGAATTTATCAAAAACGCGTCGAACCTCCGTAATCTTAACACCGGTTCCCAACTGACCGGGAGCGCTGTCCATCGGCGTCGTTGACGAAAAAATCGCCTGCTGTCTAGTATACCCGGGGGTGTTCACGTTGGCGATATTCTGGGACGTGACGGAGAGGGCCCGCTGATTGGCGAAGAGGGCCAGCCTTCCGATGTTGAAAATCCCGAAGATACTCGACATGTCTATCCTTGGCTGATCGCCCTTCCCCCCGATGGAAAATGCTGAAGCGCTCCATTCGGTTGGTAGATCGGATCGGTGGACGAAAGGTGCCGCAAAAGGCCGACCAGCGCCGTGATCCGTTCCTGGATTCGGTCAATTAAAAGTCCGTTGATCTGATTGAGTTCCTGAATGCTGGCGGTTAACGCCTCGAGCCGGGTATGGCAATCAGTCAGTCGTCCCCGGAAAAACTCGGGGACCCGCTGAGCCAGCTGTTTGAGCGTCAATGGCCGATCTTCTCCCCCCATTGTCGGGCCATCGGGGCGATCTCCGCTTGGCGGCGTTGCTCCAATCCTCGGAGACGGCCAAGAAGGTTTTCTTTTTCCTGAAGACAGCGGAGAAGATCATCGAGCTCTCCACTTATCATCAGCTTCTTCTCGCGCTGAAGGAGAGAGAGCATTTCCTGTTGAACGAGGATCATCTCCTCCAGGGTCGAAACGAGCGGTATTAACAGCGCATCCGGGACGGTCAGGGTTTCGGGGAGGGGAAGCGTCGATGGCAGGGGATGGGACGCGGAATAATCGATGTGTTGCTCTTCACGCTTCATTCCAAATTCAACGTCCCGCATTGATGAACCCCCTTCGAACTTATAGAACCGCATCCAGCAGTGTCGATCGAACCAGCTTTTCCGCGATCTCTTCGCCTTGTGGATGGTAAGTCCCCGCCTCAATTTCCTGCTGAAGGGCCGCCACCCGCTCGGACCGGACTTCCGGGAGGGATGCAA
CP114553.1_gap25	1187614	1191417	3803	AAAGTTCAAACCCCATCGGACGGCACCGTTGAAAATCCTCTTGCCGTTCGACTTTTTCAGCCAACAGCCGGATCGACCTCTTTTTGAACGGTTGGATCCCCGCCCATAACTTTTCTCCCGTCATCTCGGCGATATTGATTTTGACCACGTCGATGACCTCAAGCAACGGGAGATGCGACCCGTCGTCGCGGAAATCTTGAAGAGCGAAACTGAATCCTTTCTTTTTAAGCGCCTGCATCCTTTGGACCACCCGCGGTTCGATCTTTGCCGTCGCAAAAACCTCAAGAACCATTTTTTCTTTCGGGAGAAGCTCAATTGCATCGCTGAGGAGGATCTCTTCATTGACGCCGACAAACCCCTTTCCTCCACCCAAGAGCGTCTCAGTCCCGAATTGGGTCAGCGCGCCGGCGATCACACTCGCCGACGTCTGCAAGACGTTGTCTGCCTGAGACAGGTGACTCTCCGAGTGAAAAAGGAGCTCGTAAGCGACGATCTCCTCATCCTTATTCAAAATCGGATTCCGCCCCAAGAAAATCTCTTCTTCACGCATAAAACACTTCGATCGTTGAAATCATGGAAAGCAAATACCGGTGTGGGTTATCGGTTCGATGTGATCACGGATTCTTCATGTCGGCGCCCGATCCATCAGGACCCCCGACCGGGGAAAAAGGGTTAAACTCCGAATCGGTTTTTTCCTCCGGCGGATTTAAAAGGACGATCTCGACGCGGCGATTCTTTGCGCGTCCTTCTAACGTATCGTTGACGGCGATCGGCCGGAACTCGGCGTACCCGGCGACCGAGAATCGATCGGGAGTCATCCCGTGTTGTGTTGTAAAGTAGCGGACAATCTGTGTCGCCCGGGTCGCGGAGAGCTCCCAATTCGAGGGATAAAACGGCGTTTTAATCGGGATATTGTCGGTGTGTCCTTCCACCAGGATCGCGTTCGGAGCGTCGATAATCAATCCGGCGATATGATCGAGCGTTTCCCTGAATTCGGGCAGAAGCTCCGATTGACCGGTTTCAAACGCGAGACTCTCACTGATTCGGATGACCACGCCCCGGCTGTCCCGAATCACTTTCATCCCCCCCGGATTATCCTCCGTATTGATATTCGCCGTCAGCTTCTTGTAAAGCGGCAAGCCGATGTCGAACATCTCGGAGCCGGAGGACTTCGAGCTGAGTCGAATATTCGAGGCGGAGTGCGCGATGATGGGGTGAAAGGCCGAATTGAGCGAGTCGGCGACCGCCCGAAATTTTCCTTCCCGCACGGAAGAGGTCGAATACATCACCACGAAAAAAGCGAAGAGCAACGTGATGAAATCGGCATAGGAGACCAACCATCGTTCCATGTTTTCATGCTCTTCATGTTTTTTCTTTTTCATTCGGCTATCCCTTCTTTATTTTTTTCCTTTCCCCTTCGGTCAGAAATCCTTCCAGCTTCTCCTGGATCAGCCGGGGGTTCTCTCCGGCCGCGATCGACATCAACCCCTCGATAATCAGCTGACGCGTGATCCCTTCCATCTGTCCGCGCATCTTCAGCTTCGAGGCAAGGGGCAAGAAGATCAGGTTGGCGGCAAGGACGCCATACACCGTGGCGACGAAAGCGGTGGCGATCCCGCTCCCCAGCTTGCTCGGATCGGCCAGATTCTCCATGACGTGGATCAGCCCCAGAACCGCTCCGATGATCCCGAAGGTGGGACAGTATCCGCCGGCGGCGTCAAAAACCTTGGCCGCCATGACGTGATGCTCTTCGCTGAACGAAAGGTCGACCTCCAGGATCTCGCGGAGCAGCCTCGGCTCCGTCCCGTCCATTAAAAGCTGAAGTCCTTTTTAAAGAAGGGATCTTTCACCTCTTTCACCTTCGGCTCCAGCGCAAGAATCCCCTGTTTGCGCACGATGTTCGCGTAATCGACCAGTTGCTTGATATAGCCCACGGAATGGTCCGGCTGCGATTTGATCGTGCTGATTCCCAGCTTGATCCCTTCCAAGAATTTGGGGAGGGAATATTGGACCATCACCGCCCCAAGGGTTCCCCCCAACACGATGATCGCGGCCGTAAACTGCGTGACCGACGAGAGGTGTCCTCCTTCGAGATGTTGTCCGCCGATCAGCGCGGCCAGCCCGACGACCACCCCCATTATGGTCAAAATATCCATTGCGATCCGTTAAGGGCTTACAGCCCGTATTCCTTCAAAAGGTGATCGACGTCGGTCTGGGCCATTTTATCGGCGCCCGCGAACCGATTCTCCGTTTTCATCAAATTCTCATCCCGGTCGGTCTCTTTCGACGAAGCCGGCGGACCGCTCTCCTTCCCCTTTACGTTGAGCGAGCTGTTCAGCCGTTTAATCCGCGACTGCACATTCGTCATATCGGAGGAGATCTTCTTCAGCCACTGGGCGGCGACATCCTGAAAGGAGAGCGCCGTCATCAAATCCATCAGCATTTTCTTTTCGTCCCGAAGGGTCGAGCCGATCTCGTCGGCTTGGCGCTTCAGCGTGGGGCGTTGCAGCATCTCCGCCTGTGAATGGGTCTTAAGCGACTCCCACTTGTTCGCGAGCGCGTCATGACTCTCGATCACCTTTTCCACGATTCCCAAAACCCGATGAACCTCTTCTTCGGTAAACCGCGTCACCCCGTGGATCTGATCGGTTCCGTAGGGGATTTGGCTGGAGGCCGTCTCGATATCCGATTCGGCCGCTTGCAATTTTCTTGAAATCGCCTGGAGGTATTTCGCAAGCTTGCCGAGTTCATCGGAGAGTTTTTGATCGGCCCCCTTTTTGAGGTCCCCCTCGATGATCCCGCGCGCGGCCCGGATCAGGCCCCGGATATTATTGTCTTCTAACGAAGATTCATGGAAATCCATCCCGGTCATTCCTTTCATGATCATTACGTATCCGTTGAGCGAGCGAAGCCGCCGCCCGCCATGTCAACGATGGATTCCGTTCTTACGCGTGCTTAAAGACCTTGTCGATTTTTTCTTTCATCGTCTCGGGAGTGAACGGCTTGAGGATATAGCTGTTCACCCCCGATCGGATCGCCTCCAGGATATGATCCATTTCGGCTTCGGTCGTCACCATCAAGACCGGCAGCGCCGATAATTTTGGATCCTGCCGAATGGCCTTGAGAAGATCGAGGCCGTTCATGTTCGGCATGTTCCAATCGCTGACCACCAGATCAAACGGCGTATTGCGGACCATCTCCAAAGCCTTGTCGCCGTCTTCCGCCTCATCGGTGTTCGGGTACCCCAACTGCTTGAGGGTATTTTTGATAATTCTTCTCATGGACGACATGTCGTCCACGACCAAGATCTTCATATTTGGATCAGGCATCTCTCGCTCCTCCGCTTGATATTCGTTCCCCTCCCGATTTGTCTTTCCGAAGATTCTCTCCCCTCTCTATCCCTTGGCGTCGTACGGGAGGCGGGGGAGAGGGGATTACGTCGTTTCTTTTGTAATAGACTCCGCGATCAACTTCCATCCGAATCAGTCGATCGGTGATGCCAAGGGGTGTTTCTCCTCCCCCCAGAAAGAGGGCGCCGTTCGGGGTCAAAGACGCGGCCATCCCCTCAAGGACCTTCTTTTTCAAGGCGCTGTCGAAATAAATGAGAAGATTCCGACAGAAAATAATATCGAACGGCCCGAACGAAGAAAAATCGGTCAGCAGATTGAGCCGTTTAAATTGGATCCAGCGCTTCAGCTCCGGCCGGACCTTCCACTCCGACTCGATTTGATCGAAAAAACGGGTCATGTATTGGGCCGGGAGTCCCCGTTGAATTTCATACTGGGAATAGACGCCGTTCCGTG
CP114553.1_gap26	1219802	1224406	4604	CTGACCGGTCGCTTGAACGAGTTGCTCGATCGGCACTCCCCCGGGGTTGAAGGTCATCGGAGGAAGAATGGTGAAGCTTTGAACCAGCGCCCGAAGGACCAGATGGTCTGCATGGATCCCGAAGAAAACGAGGACCGCCAAAAGGGTATAAAACTGTTCGATCAATGGAACCGGTTGATTGGAGCTCGGATCAATAACATTGGCGATGCCGAACCCCATCTGAAGACCCGCGAGCTCACCGCCGAGTTCCACCGCGGCGAAAATGAGACGGGACCCGAGCCCGATGACCCACCCGATCATCATCTCTCCCGCCAGACCGACCACCCAGGCGGAGACCGTCGGCGGGGCCGGCTGAATCGGGATGATCGGCACGAGGAGGAGCGAGACCGCCAGCGCCAACGACACCTTGATCAATCCGGGGATACTGCGCCCGCTCATGATCGGGAGCACGGCGAGAAAACTCCCGGTCCGAAAAAGAATCAGCACAAAAGCGGTCTCATACCGGAAAAGAGGCTGCACCCACTCCATCACGCTCTCCTAATGGACGTAATTCGGAAGGTTGATCAGCAGACGGCTCGTAAACTCGATCAGGAGCGAGAGCATCCAGGGAAAGAAGATCAACAGAGCGAGCGCCACCGCCAGAATCTTCGGCAGAAACGTCAAGGTCGCTTCGTTGATTTGGGTGACCGCCTGAAAGAGGCTCACGAGCAGTCCCGCCGCCAAGCTGAAAAGAAGCGCCGGAGCGGCCAGAAGGAGCGCCGTTTCGATGGTCCGCTGACCCATCTCAACCACAAATTCCATCGTCATTTTTAAATCCTTTTTTAGACTGTTACGCAAAGCTCTTGACCAGAGACCCCACGACGAGAAACCACCCGTCGGCCAAAACAAAAAGAATCAGCTTGAACGGAAGGGAGACCATGACGGGAGGAAGCATCATCATCCCCATCGACATCAAAATGCTCGCCACGACGATATCGATGATGAGAAAGGGCAAGAAGATCAGGAAACCGATCTGAAAAGCGGTCCGGAGCTCGCTGATCATGAAGGCCGGAATCACCACATGAATCGGGAGCTCGGACGGGGTATTCGGCGCCGGCAGCTTCGCCATATCGACGAAAAGGGCGAGGTCTTTCTCACGAACCTGCTTGAGCATAAAACCCCGCGCCGAGTCGGCCGCCCGCTCGAGCGCCTCCGATTGCGACGCCTTCTGCTCCAGGTAGGGTTGAAGCGCCTCCGCATTGATTTTTTGCCAGACCGGCGACATCACAAAGAGCGTTAAAAAAAGGGCCAGGCTGATGAGGACCTGGTTGGGAGGGCTTTGCTGCGTTCCCAATGCATGCCGCAAAAAGGAGAGGACAACCACGATCCGCGTAAACGAGGTGACCATCATGATCAGCGCCGGGGCCAGAGAGAGGACCGTCAGGAGGAGGAGAATCTGAACGACCACCGACATCTGCTGGGGTGTGCCGTCTCCCAGGTTGATCGTCAAGGAGGGAGCTCCGTTGGGGGTCTCCGCCGCTGAAACCGGCGCCATGACACAGATCAAAAAGAGGGCGCATACAATCCCGACGCGTAGGAGAAGCCGATGCGTCATGTTCGCGGCCCCGCGCTTGTTTCGATCGGCGCCGACGGAAGGGGGGCTCCTCCAGCCGGGTGAGAAGGGAGATCTGTGTCGGCGTGATGCCGACGACCAGATACTCTTTTCCGACCTCGATCACCGCAATCTCTTTCTTCGGGCCGAGATAGGTCGTCGCCAAAACCTGGATGAGGGGCTGCGAACGCCAGCGTCCCAATTTGGAGCCGAGGAACCGTTTGGCGGCATAGGCCGTCAGGGCCATGATTCCGAGAACAAAAAGAAGCGATGCGCCGACTTTGATGAGGTTCCAAAAGGGGTCCACGGGGTCATCCTTTGCTGAGTTGTTTGATTCGTTCCGCCGCGCTGACGATATCGGTGAGGCGAATTCCGAATTTTTCGTTCACGACGACGACCTCGCCACGGGCCACCAACTTATCGCCGATAAACACCTCCAGCGGCTCGCCCGACAGCTTTTCCAGTTCGACCACCGATCCTTGGCCGAGTTGGAGGAGATCCCGGATGAGAATTTTTGCGTTCCCCAGCTCGACGCGAATTTCCAGGGGAATATCGAGGATAAAATCGAGATTGCCTACCGGCGCGCCGGTTTTTTTCTGCTCCAGCGGCGCAAATGACGGGGGTTTCGCTTCCGCGCCCGCAGGCTTCTTGGCCGCCCCCGCCGTCGGTGCGGCGGCCGGCTTCTGCGCCCCGCCCCCCGGTCCGGCCTTGGGATCCTCATCTGCCATGTTGCGCTTCCCTCCGATCGTAAATCAGTGAGGTGATCTGAAACGCAGGCTTCCCCCGGTGGAGACCGGGATGGCCTCGAAATTTCGGTCTTCCCTCCACCTTCATCTCCAGATCTTCATCAACCCCCTTTTCGAGAATAATGATATCCCCCACCGCCAGCTGGGTGATCTCCTCTACCGTCAGAACCGCCCCTCCCAGCTCGGCTGTGACCGAAACCCGGCAGTCGGCCATCTCCGCCCTTAAACGCGCGGCCCATTCGGGATCAACCTCTCGGGCGGTTCCGGTGAAACCGCCGACCAATTTTTCAAAGACCGGTTCAAGAGAGGTAAATGGAATCGCAAGGATAATCTCCCGTTTCTGATCTTCAATCTCAAGCTTGAACGAAACCTTGACAATCTGCTCGCCGGGGCTCATGACGTTGGCAAACTGCGGATTGGTCTCGGTCCGGACCAAAGAAGGTTTGAGAGGATAAAGCGGCGTCCATGCTTTTTGAAATTCTTCAAGAACCATCACAACGAACCGGCGGATCACCCGTTGCTCGATCGGCGTAAACTCCGTGACGGCGATTTTGCCCGGGCCTTGGCCGTTTCCGCCGAAGAGGAGCTCAAGAAGCGTATAAAGAAGCTCCGGCTTCACCACGATCAAGGCCTGTCCTTTGAGCGGATCCATTTTAATCAGGTTCAAGCTGATCGGCACGGGAGCGTCTTTCATGAGCTCCTTAAAAGGAAGGACCTGGATCGGCATCGGCTGAATCTTGATCTCTTTACGAACAACCGAGGAGAGGGTGGCCTTGAAAAATCGCGCGAACCGCTCATGAGCAAACTCGAAACCCGAGATTCCTCCGTGAGGAATGGGATCGCGGCTGGTGAAATCATACGGCCGGACCCCTTGAGACGGCGCCGGCGCGGGTTGCGTGCTGACCTTTCCGTCGGAAACGCCTTTGAGAAGGGCATCCACCTCTTCTTGAGATAATATTTTCTCCGCCATCATCGATTCACGATGTCGGCCCTGCAATCGACCGGTTCATCGCAACTCCTATTGCGCCACAAAATCGGTAAAATACGCCGCCTTCACCGCTCCCTTTTTTAAGATCGTATTTAACCTTTGGAGAATCTCATCGCGGAGTTCCATTTTTCCCTCAACGGTTCGGATACTCGCATACTCTTTGCTGCTGAAAAGAATCAGCAGCGAATCGCGGATCTGAGGCATCCGTTTTGTCACTTCCTCGGTATATTCCTCCTTCGCCAGCTCCAACTTGATCGTCAACTTAAGATACCGGATCTCCGGGGTATCGGCCAGATTGACGACGAAGGGATCCAAATCGAAAATGACCCCTCCCTTCTCCTCCGTCTTCTCGCCGCCGGCCGCCTCCGCCTTCCCGCCGCTCTTTTCCGTTTTAGGAGGGTCCGCTTCTTCGGCGGCGACAACCGCAACCGTCTCCTCGGAGGGTTTCTTCATCATGAAAAAAACGCCTCCTCCCGCCGCAAGAAGGATCACCGCGCCGACAATGATGAACAACATTTTCTTCGATTTTGCTGGAGGTTTCGCGTCCTTTTTATCGGCTTTGTCGGCCTCTCCTTTTTTTTCTTCCTCCGCCACGGATCCACTCCATCATGGGATTAAGTTCATTTGGTATGCATAGCAATGTCCATGCCAGCGATAAAATGCCGGGAAGCGCGACCCGGAGGCCGGAATCACCGCCTTATCGATGATTAAAATTGATTTAGCGAAGAGAAGATGCGATGAAAATCAAAAGAGGTGTCAAACAAGGGGGGAGGAGCGTCATTGCTTTGACGGATGCGCCGGGGCGGGATAACCGCCCCGGCGCCCGGGACTTATCTCGTCAGATTCACCAGCTCCTGGAGGATCTCGTCCGTAATGGAGATCACGCGGGAATTGGCTTGGAATCCGCGCTGATACTCGATCATCTTCACGAACTGTCCCGCTAGGTCGACGCTCGACAACTCCAGCGAGCTCGCCAGAACCCTTCCCATTCCGGCCGAATCGGGCGAGCCGAAAATCGGTTGTCCAGAGTCGGAAGAGACGGCATAAAGATTATTTCCGAGCTTGACCAGTCCCTGGGGATTGTTAAATCGCCCGAGCGTAACCCCGCCGAGGGTCCGGCTCTTCCCGTTGGTGAAGAGCCCGGTGAGCAGACCCTCACTGTTGACGGAGACCCGCTGAAGCGATCCGGAGGCATAGCCGTCTTGCAATTGGTTGAGAACCCCCGAGTTCGACCCGAATTGGGTAAGCCCATCTAAACCGGTTCCCCCATCCGTGGTAA
CP114553.1_gap27	1246064	1248153	2089	AGCAAGAAAATCAATACGAGCCGAATGATCCGATCCAGACGTGTCTCCCCCTGAGCGTCCACGGTCTGGATATACCTGAACTGCGGCTGAAAGGCAATTTTTAATTGGTCTCTCTTTAAGCAAGCGCGATGAGACTATAGAAATTTCTACAGAATTGAAACCGGTAAGGATCTAAGATTAAATTAAGAGGGACTGTTCGTTCGGTATCGGAGGATGGAGCAATGACTTCGAACTACTCTTCTATCTCTATCTTAATCAACTTTTTCTGGATGGCATAGATAATCAGCTGAGAAACGTGGTTGAAACCGAGCTTGTTGTTGATGTTCGTCCGATGGGTTTCCACCGTTTTGATTTGGATCCCCAGCTTCTCGGCGATATCTTTGTTTTTATAGCCTTCGGCCACGTAACGAATGACTTCTATCTCTCGCGGAGTCAACGGTCTGCGTTCGTTCTTCTTGTCCTTCTGCATTGAGACTTTTGATCATCCTCTGGTTAAATGGGTAAATACCGCTTCGGATTTAGATCTTAACGAATGCTCTCAATCGAATTCAATACTAATGGTGAATAGGTATAAATCCTAATCATCACTGAGAACAAACGCGATCCGGAGCGCTCCAATGGCGCCGACACAAATCGCCATTTTTTTCGTTTCTCATCTGCTCTTGCTTCAAACAAGCTCGATTCCCTTTTTCTTCTTGACAAGCGTATCAACTGCATGTTAGTTAGAGGAATTATCAGCCTAGTCACTACCCCAGTAGTGAGGATGGCTTTTCCAGAGGTCACCCCCTTCTTGAAAACATTAAAGATCAAAGAAATCATCAACCAATTCTCCGAAATCGGTTTTTCTGAATATGAGGCAAAATCGTATCTTGCCCTCGTTCAGAAAAACCCGTCGACCGCCTACGAAATCGGCAAGGAATCGGGCGTCCCTTCCTCAAAAATCTATGAGGTCCTCAACAAACTCAAAGAAAAAGGGATGATCGTGTCGATCGACGAGGAAGACGCACGGGCCAAACGTTATATTCCCCAGCATCCGGACGAGTTTCTCTCCCAGTACCAACATGGGGTCCAGAAAACGCTTCAATCGCTGCGCGGCGTCTTCAGCGGGTTGAATGGGAACAAAGAGGCAAGCTATGTCTGGAACATCGTCGATCATGACCGTCTGGTCGAGAAGGCCTTCCAGATGATCGAATCGGCTAAAAAAGTCATTCTCCTTTCTCTCTGGAACGAAGAGCTCGCCGCACTCGAAGGTCCCCTCCGCGCCGCCGAGCAGCGCGGGGTGCAGATTGCCCTGGTTCACTTCGGGCCTCCCAAGATCCGCGTGGGGCAGGTCTACTACCACCCGATCGAAGACACCCTCTATGCCGAAAAACAGGGACGCGCGCTGGTGATCGTGGTCGATTCACAAGAAGTGTTGATGGGAAACATCAGCCGAGAAGGAAAAACCGAAGGAGCCTGGAGCAGGAACAGAGGATTCACGATGATCGCGGAAGATTATGTGAAGCATGATATTTATATCGCCAAAATCATCAGCCGGTTCGAAAAAGAGCTGATCCAAAAGTTCGGTGAAAAATACGTCACACTTCGCAACGTTTTTGAAGATGAAGTCCTTTCTTAGGAGTCCGATCCCATGAAGAGAGACGGCGCGTCAGAGAATCGACCCGGCTTCCCCGCAAAACAAGGCCTTTACGATCCGCAGTTCGAGAAAGATTCCTGCGGCATCGGCTTCGTCGCCGACATCAAGGGCCGCCGCTCGCACGATATCATTCAAAAAGGGCTGCAGGTGCTCGAGAACCTTTCCCATCGGGGCGCCGTCGGCTGCGACCCCTGCACGGGGGACGGCGCCGGAATTCTGATTCAAGTGCCGCAGGCCTTTCTCAAACGTGCCTGCGGTGAGATCGGCATGACGCTGCCGGAACCGGGACAATACGGAGTCGGAATGGTCTTCCTTCCCCCCTCCTCCACCGATCGCCGCGCCTGCGAGACGCTCTTTGAAAGGGTCATCGCCGAAGAAGGCCAGCGTTTTCTCGGCTGGCGAGACGTGCCGACCAAAGAGGATCATATCGGAGAGGTCGCGCGCCAGACCGTC
CP114553.1_gap28	1249845	1250897	1052	CGATGAGCCGACCGCCGAGGCAAAATACATCAAGGCGATCAACAAGGGCCTGTTCAAGGTCTTCTCCAAGATGGGCATCTCGACGGTTCAGAGCTACTGCGGCGCGCAGATCTTCGAGGCGATCGGGTTGAACTCCGAGTTGATCGACCGCTACTTCACCGGCACCCCCTCCCGGATCGAGGGCATCGGCATCGGAGCGCTGGCCGAAGAGGTCCTCCGCCGCCATTCGCAGGCCCATGAGCTCACCCCGAACAAACAGCTCGACTTCGGCGGCGAATACCACTATCGGATCCAGACGGCGAACACCACAACTGGAACCCCGAAACGATCATGAAGCTGCAGCACGCAACGCAGAACGAAAGTTATGCGACCTTCAAGGAGTTCAGCCGGGCGGTCGATGACGAAAGCCGCGCCCGGTCCAACCTCCGGGGGCTCTTGGACCTTCGGCTTCTCCCGGAACCGATTCCGCTCGAAGAGGTCGAGCCGGCGTCCGAGATCGTCAAGCGCTTCAACACCGGCGCCATGTCGTACGGCTCGATCAGCAACGAGGCGCACGAGACGCTGGCCATCGCGATGAACCGGATCGGCGGCAAGAGCAACACCGGCGAGGGCGGCGAAGACCCCGAGCGCTTTATGCCGGTGCCGAACGGCGACTCGAAATCGAGCGCGATCAAGCAGGTCGCCTCCGGCCGCTTCGGCGTGACGACGAAGTACCTGGTCAACGCCCACGAGCTGCAGATCAAGATGGCGCAGGGCGCCAAGCCCGGCGAAGGCGGCCAGCTGCCCGGCCACAAGGTCGACGAGGTCATCGCCCGGATGCGCTACTCGACGCCGGGGGTCCGACTGATCTCGCCGCCGCCGCACCACGACATCTACTCGATCGAGGATCTGGCGCAGCTGATCTACGACCTGAAGAACGTCAACCCGAACGCGGCGGTCTCGGTGAAGCTGGTCTCCGAGGTCGGCGTCGGCACGGTCGCGGCCGGCGTCGCCAAGGCCCAGGCCGACCACGTCGTGATCTCCGGCGACGACGGCGGCACCGGCGCCTCGCC
CP114553.1_gap29	1321386	1324387	3001	CCTCGATCCCGACGATCTTGCGGGGGTTGTTGGTCATCAGTCGAATTTTGCGAAGCCCCAAGTCGACCAAGATCTGCGCGCCGATTCCGTAATCTCTGAGATCGGCTTTGAAGCCGAGCTCGAGATTCGCCTGGACAGTGTCTTTACCGCCGTCCTGCAACCGGTACGCTTTCAGCTTGTTGACCAAACCGATCCCCCGACCCTCTTGGTTAAGGTAGAGGAGAACGCCGGTTCCTTCCTTCTCGATCCGGCCCATCGCCGCGTGGAGTTGTTCGCCGCAGTCGCATCGCTTCGATCCGAAGATATCTCCCGTGACGCAGCCGGAATGAACACGGACCAACATCGGCTTGCTCCCCTCGATCTCCCCTTTCACCAGGGCGATATGCACCTCGTGATCGATCTCATTCTGATAAGCGACCGCATTAAAATCGCCATACTCGGTCGGCAGACGCGCTTCACTGACACGGTGCACCAGCGACTCGCGCTTCATCCGATATTCGATGAGATCTTTGATCGTTACCAGCTTCAAATCGTGCTGCTTACCGAACTCAACCAGATCGGGAAGGCGGGCCATGGTCCCATCTTCATTCATGATTTCACAAATGACCCCGGCCGGAATAAGGCCGGCCAGGCGCGCCAAATCGACCGAGCCCTCCGTCTGACCGGCCCGCTTCAGCACTCCCCCTTCTGGGCGCGAATCGGGAAGATATGGCCGGGACGAACGAGATCGCCGGGGCGGGTGTCGGGATGAATGGCGGTTAAAATCGTGACGGCGCGGTCTTTTGCAGAGATCCCTGTGCTGACGTCCTTTCGGGCGTCGATCGAGATGGTAAAAGCGGTTCCGAAAGACGAGGTGTTCTCTTGGGCCATCGGGGCGAGTTGAAGTTGCTCGGTCCGCTCCTCCGTCAAGGTCAGGCAGATCAAGCCCCGGCCGTACTTTGCCATAAAATTGATCACTTCGGGGGTGACTTTTTCGGCGGCGATGACGAGGTCCCCTTCGTTCTCCCGATCCTCATCGTCGCTGAGAATGATCATCTTCCCTTTTTTAATGTCGGCGATTGCCTCTTCAATGGTGTGAAACTTCATAACCCTTTGTGCCTTTTGAGAAAAATTTAAATGGTGAGGATCGAATGTAAATATATAAGAAACCTGGGGTCTTGTCAAACCATGCAGCGTCTATGATGCGGGATAAGAAGCCGGAAATGTATAAAAAAGGGGCCTGTCCGTTGGGACAGGCCCCTTTTTAGGTGGAGCTTGATTTTAAAGATCGTAATAGAGGAAGAACTCATACGGATGGGGCCGCAGCCGCATCGGGTCGATCTCTTTGCTCTTCTTATATTCCATCCAGGTCTGCAGAATGTCCTCGGTGAAGACATCCCCTTTGAGCAAGAAGGCATGATCCGCCTCAAGCGCCGCCAAAGCCTCATCCAGGCTTCCCGGCATCTTGCGGACGTGGGCCGCCTCCTTCGCTTCCAACTCATAGAGATTTTTGTCGATCGCTTCTCCCGGATCGATCTTATTCTCGATGCCGTCGAGTCCCGCCATCAACATGGCGCTGAAGGCCAGATAGGGGTTGCAGGTCGGGTCGGGGAACCGGACCTCGATCCGCTTCGCCTTGGGATTGTTCGAATACATCGGAATACGAATCGACGCGCTCCGGTTCCGGCTCGAATAAGCGAGATTGACCGGTGCTTCGTAGCCAGGGGTCAACCGCTTGTAGGAGTTGGTCGTCGGATTGGTCAATGCCGCCAGGGCATGTGCGTGCTTCAAGATGCCGCCGATGTAGTAAAGACACATCTTGCTGATGCCGGCATATTCATCCCCCGCGAAAAGCGGCTTTCCCTTCTTCCAGATGCTCTGATGGGTATGCATTCCGGAGCCGTTGTCGCCGAAGAGCGGCTTCGGCATGAAGGTGACGGTTTTGCCGTGGCGCTTCGCGACATTCTTCACGATATACTTGTAGAGCATGAGCTTGTCGGCCATTTTGGTCATCGAATCGAACCGCATGTCGATCTCGGCCTGGCCGGCGGTCGCCACCTCATGATGCTCCTTCTCAACATGAATGCCGGCCTTTTCCATCTCCCGCACCATCTCGGCCCGGATATCTTCCTGGCTGTCGATCGGAGAGACGGGGAAATAGCCCTCCTTGTTTCGCGGCTTGTACCCGAGGTTCCCTCCCTCTTTTCCGGCGTTCCAGATCCCCTCTTCCGACTCGATGAAATAATATCCGGAGTTCATGTTCTGATCGAACCGGATGTTGTCGAAGATAAAGAACTCGGCTTCCGGACCGAAAAAGGCGGTATCGCCGATCCCCGATCCCTTCAAATAAGCCTCGGCCTTTTGCGCGATGTAGCGCGGATCTCTCGGATAAGGCTCATTGCGGATCGGATCTTGAATATTGCAAACGACCGAGAGGGTCGGGATCTTGGTGAACGGATCCATGATCGCGGTATTGGGATCGGGAACGGCAAGCATATCGCTGTCGTTGATCGCCTGCCAACCCCGGATGCTCGATCCGTCAAAACCGGAGCCCTCTTCAAATGTCTTCTCTGTAAACTCGATCATGGGGACAGCAAAATGCTGCCACATGCCGGGAAAGTCGACGAATTTAAAGTCGACCATCTCCGCCTTGTTCTTCTTGGCAAACTCCATTACTTCCTTGGGTGTCATGTCTTCTCCTTTCCCTCTTCTCCGATGATTTGATGATCTTCTTTTATTTCTGATCTGGTTTTTTCTTTGCCTGATAAAAACTGCGATACCGATTCGTGATCGGCATCCGTCGGTCTTTGCCCAGGGCCCGCGGGGTCAGCTTGATCCCGGGAGGGGCCTGTCTTCTCTTAAACTCCGATAAATCGACCAAAGCGATCACCTTTGCGATGACCGCCGGATCGAATCCCATCGCAACGATTTCATCGTAGGATTTATCCTCCTCGACATAGGCCTTTAAAATCGGATCGAGAACCTCGTAAGGAGGAAGAGAATCCTGATCGGTCTGGTTGGG
CP114553.1_gap30	1331452	1332151	699	TTCCGATTTTGGTCACGCCGTCGACCAAGGCGGCGATATCTTCCCCGAACTCCCGCTTCAGCTCCTCCTTTGTGTGGAGGGTGTCCTCCACCACATCGTGCAGCAGCCCGGCGACGATGGAGGGAACATCGAGCTTCAGCTCGGTTAAAATGTTGGCGACTTCAAGCGGATGCTGAAGGAACGGCTCCCCCGACTGGCGGAGCTGTCCGGCATGCGCCTTCTCTGAAAAAGAGTAAGCCTTCCTCAAAGGGGACACATCGGCCTGCGGCGCATAGGCGTGGATCTGCCCCACGATATCTTCCAGCGTCCGCTTCTTTGCCGGGCGTTCTTTAAAGATCAGTCGATTCAGCATCGCTCTTCCGGGGGCACTTCAATCGCCCCCTCCTCCGAATTCCTTTTAATCTGAGAAAAATCCGCGGCTCCCCCTGCCAGCTCCACACTTCCGGGGTAAAGGCGAGATCGACGGCCGTTCCCTCCTCAAAATCGTTCCAAGGAAGATTCATTCCGTCCGGCGCAACGACCTGGAACGTCCATCCCTTTACATCCCGAACCTTAAAGCGAACCAACCGACCAAGCTCCCCCCGCAACCCGATCAATAATATATTCCGCGCCAAGAAGACCGGCTCCGGATGGGCCGGTCCGAACGGGGCCAACGGCGCGATCGCGTGAATGAAATCGAAGGTCACCTCTTCCAGCTTG
CP114553.1_gap31	1391735	1394581	2846	TCTTCGCCCGGTTGACGGACAGGCCGAGGTATTCAAATATACCGACAAGAATGGGGCGATCTCATTCACAGACAATATCGAAAACGTCCCCGAAGATCAGCGGCCGAATCTTCAAGAAGCGGCCCCTCCCCCGCTCCAGAAGGTTGAAATGCCGGCTTACTCCGAAACGGGTTCCGACCGGTGGATCGATCATCCCCTTTCCAAGTACGTCATCGTCTTTATCATTCTCTCCATCGGCATGTTGTACATCCAATACAACACAGAAAGTTTTCTCCTTCGGTTGGCGACGAAGTTCCTCTTCGTTGCCTTTCTCGGCGCCGCGATTTATAGCGTTCTTGTCGCCCAAGAAAAACCGATCACCCCCGCCGCCTTTCAGAAAGCGGCAGAACCGTTCGTCCCGACCCCCCGGCCGATTCACCAAGCCCAGGAAGCCGTGAAAAAGATGGAAGAGGCCCAGAAGCAGCAAGAGGCGGCCATCGAAGCACTGATGCGCTCCACCGGCGAATAAATCGGCTACCCTAATCTGGAAAGTTTGTTTCTGAGGAAGTGATCGACCAGGACCAGCGCCATCATCGCCTCGGCGATCGGGACGGCGCGCAGGCCGACGCAGGGATCGTGCCGCCCCTTGGTGGCGATCTTCGCGGGGCGGCCGTAGATGTCGATCGTCTCCTGCTCGACAGCGATCGACGAGGTCGGCTTCACCGCCAGGCGGACGACGATTTCATCTCCGTTGGAAATCCCGCCGAGGATGCCGCCGGCATTGTTCGATTTGAAACCGGCCGGCGTGATCGGATCACAATTCTCGCTCCCCCGCATCTCGACGACCTTGAACCCGGCGCCGATCTCGACCCCCTTCACCGCATTGATCGACATCATCGCCCCCGCGAGCGCCGCGTCGAGTTTGTCGAAGACCGGCTCGCCGAGCCCGGCGGGAACCCCCTTCGCGACCACTTCCACCATCGCCCCCACAGAATCTTTTTCCGACTGCGCCTCCTGGATCACCCGCGTCATCGCCTCCACCGCGTCGGGGTCGGGGCAGAAGAGGGGGTTCTGTCGGATTTGTGCATAGTCGATCTTTTTAATTTTCACGGGACCGACCTGCGCGACATAACCGACGATCTCGATCCCCTCGCGCGCCAGGACCTTCCGGGCGATCGCCCCCGCCGCCACCCGCGCCACCGTCTCGCGCGCGGAAGAGCGCCCGCCGCCGCGGTAATCGCGAAAACCGTATTTCTTGAAATAGGTGTAATCGGCGTGGCCCGGCCGGAAGAGATCTTTGATCGATTCGTAATCTTTCGACTTGGCATCTTCGTTGTAGACGATCAGGCCGATCGGCGTTCCGGTCGTCCGCCCTTCGAAGATTCCGGAGAGGATTTTGACGGCGTCCGACTCTTTCCGCTGCGTGACCAGCTTGCTCTGGCCCGGCTTTCTCCGGTCGAGGTCTTTCTGAAGGTCCTCTTCCGAGAGGGACAACCCGGCGGGGCAGCCGTCGACGACCGCGCCGAGCGCGATGCCGTGGCTCTCGCCGAAGGTGGTCACCCGAAAAATCTGTCCGAAGCTGCTTCCCGACATGTTTTCTCTCAAAAAAGCGGGCGGATCAGAGACCCGCCCCTACAAAATCCATTCGATGATACAACCTTCAATGCACCTTGACTTGGAGGCATTCCTTGCAAAGCTTCTTTCCCCCCTCCTCCAACAGGAGGGCGACGTTTGTCTGCTCGCCGCAATTTTCGCACGGCTCGGCGTCGTACTTGCCGGACTTGGGAGGAGGGGGCAGGGTGACATGCTCAATCTTGAAGAGGGCCGATTCCGGGGCGGTCAGGATCTCGTTGATCTTGTCGTCGGTCAGCTTTTGGAAAGCCGCCTTGTTCTCCGCCGTGGCGTTGGGGGCGGTCGCCTCTTTCCGAAACTTTCGCAGCTGCGCGTGATCGAAGGTGTCCCAGTAGGTGCAGTAGGCCCGGACCGCTTTTCCGGTTTTGGTGTTCTGGAGAATATAAACCGGCTTGCCGACCTGGGTGAGATAAAGATTCCGCTTCCCGAAGGTGCAGCCGGTGATCTCCTGGATCGCATCGAGCGCGCAGGTTTCATTCCCGACCAGGGCGACCAGCTCCTTCATATTCTTCATCTGGTCCCCCATCTCCCGCATCAACATCGTCGCCGCCCGATAACCGACGGCGATATCCAAACAAAGATGCCGATGAAAATCAACCGCCTTCTTGAATTCAGGATCCATTCTTCGCCCCCTTCCGGAAAAAGTTCATCATTTGCCCGCGATCATATCATATTATTCCAAGAAATCAAACGAACGCGCCTGGCGCGGATTAGGAATGAGGAATGTAGAATTAGGAATGAAGATCAAGACCTTTAATCCGCCGCCACCGGCGCCGACGCCACCCTCCCCCCGATCGCCCCGCGCCGCATCAACCACCACAACACCGCCAGTCCCGGAATCGCCCCCAATACGCTGGCGGCGAAAAACATCGGCCACCCCAAGCCGGCCGCCAGGAGGCCGGTCGGCGCGCCTGCGATTTTCGGGGTGATCGCCATCAGGCTGGAGAGGAGAGCATACTGGGTGGCGCTGTAGCGCTTTTCGGTGAGGCTCATCAAGAAGGCGACGAAGGCCGCCGTTCCCATGCCGCCGGAGAGGTTGTCGACGCCGACCGCCAGAATCAGCGCGGCCTTGTTCTGCCCCGCCAGGGCGACCCCCATGTAAGTCAAATTGGTGACCGCCTGGAGGATGCCGAAGGCCCAGAGCGAACGATAAATCCCGAGGCGCGCGATGAGGCCCCCCGCGGCGACGGCGCCGAAGATCGTGGCGACCAGTCCGAATCCTTTGTTCACCGCGC
CP114553.1_gap32	1463120	1464412	1292	GCCCGGTCTTCGCGCCGTCGAGTCGATCGGCCCCTTCACGGAGATCCAAGCGACGGGCCCCCTCATCACCGTGCACGACGCCACCGTTGCGCCGCACCTTGGCATCGGACATCACCCGCACCGGTTCAACGAGCGGCTCTTCTACATCGAGCAGGGGGAGCTCGACCACGACGACGCATGGAACGACATCCATGGTCATATCGGCCCCGCCGACGTCGGTCAGTTTACCGAGGGGAGGCGCGGGATGCTCCACTCCGAGTGGAACAACGGCGACCTTCCCACGCGCGCCTACATCCTCGTCTACAGCACCGATCCGGTCCCGGAGGAAACCGCTTTTCATGTCCTAAAAGACGACGAAGCCCCTCGCTATGGCGAGGGACGCGGTGTCGAGACGAAAGAGATGATCGGCGGAAAGTCGCCGCTTCGCGTTCACGGCGACCTCCGCCGCTTTACCGACTCGCGCCTCGAACCCGGCGCCGAGTTAAGCCTGCTGCTGGCGGCCGGCGAAGGGGGTCTCATCAGCGTGCGGGAGGGGCGGGTCCGCCTCGGCGGCGAGGCGCTGCCGGTCGGCGAGACGGTGATCATTCCCCCCGCCGACGCGCCGAGCCGCGTGATCCGCGTCGTCTACGGCCCCGGCCACGGCTTCGTCCGCGCCGCTCCCCGTTATCGGACCCGCACCCGCGCTTGACCTTTTATTGGACGTAAAGCCGTAGTTTGCGGGAGCGCAGCGGACGGCGGCCGACTGAATCTCGGGGTTCAGAAAGCAAGCGCCTTGGAGCCGGGCGCAGAAAACCGTCGCATTGACGCGCCGAGCATATGGCGGACTGGCACGGCCGAGAAACCTAACCTCACGCCCGCCGGTGGGCCCGCCGATCCGGATGAGCATAGTGGTCGCTCCGATCACGATGGAAGAAAAGCTCGCTCCCTTTTCTCCAGAAAGCGCCGAGCGTCGTCTGCCGGAGGGGTTGGGTCTGAGACCTTCTCGGCGTCAGCCAGTATTTCCAGGCAAACCGCAGCCACTCCCTTCGGACCACCGGCCAGATGTGATCGTACCGCTCCCGCCCCCGGAGGACCTCGAAGTAAAGCTCGGCGATCCACTTGTGGCTCTGAAGGAATCGGTAGCTCGTCTCAGGCCATTTGTGGAAGAGGCGCGCAAACCGGCGGGCGGCCTTGAACTCTTCCGCCGTCTCGGCCCGGACCCGCGCGGTATAAGCCGACAAGCCCTCTCCGGTCCCCTTCAGGTTATTCGAGATCACCTCCGCCGCAATCAGTCCGGTCAGGAGGGCATAATA
CP114553.1_gap33	1483640	1485404	1764	GTAATTCGAACGACCGAAACTGAGGCTGAACAAAAACCAGCTTCCGGGAAGCATACTGGCCGCTGTCAGCCCCCAGGCCCCCCAATCGACCCTTTCCGAGGGAAGGGGGGTTCCCATCGCCATTCCGACGAAAAACTCTTTAAAGGCCAGGGCGATCATCCCGAAAGAAAATACCCGGTGGACAAAGGACCGCCTGTCCTCAAGGAAGATGAACAGCGCCAGCCCGATGCAGAGAAGGGCATTCAATAACGGGATAAAAGAGGGAAAGATCATCATCACCTATTTTTTGGAAATCAGAGTATTTTAGTAGAAACTCGGGCGCGGCACAATCCCCTCAATCGGGGGGGGGTCCCTGGGTAATTGGCTTCACATCGGAGAGACAAAAAGAGGTTCCAGCCATAAAAATGCCGTTTCCCGGACCGAACACCCTCCTATGGACCTGAGAACTCCTTCCATAATCATTGGATAGAATCTATCCTCCTGATTCGACCCTTGAGAACTCCTTCCATAATCGTTGGATAGAATCCATTCTTTTCTCCATTCGTGTTTCACAGGCATGTCGCTTGCGTATACCGATACGCAACATACGATAGCAACTCGTGAAAAGGGCAAACTATCCGAGAGGGTAGGACGCAAAGCCAAGAGACCGATGAGTAGGGGATCCACTTCCCACGGTTCGTCTGGTTGCCATGACGATGCCGGCGCATCTTTAGGCACAAGCCCATTCCGAGGAATGGGCTTTTTTTTACACAGACCAAACACTTTTATTGATGCATGGAGGAACAGCATGCAGACCTCATTGATCAAGCGAAGCGCTCTGATGATCATCGGGATGATCCTTCTCCTGAATTGGAAAACCCCTGCGATGGCTGCGGACGCCTCCCTCTCCTGGGACGCCAACACGGAAAACGATCTCGGTGGATATAAAGTTTACTATGGAACCTCCTCCGGCAGCTACGGCGCCCCCGTGGACGTCGGCAATCAAACGTCTTTCACTGTAAACGGGTTAAGCAGCAGTCAGACCTATTATTTTGCCGTCCGCGCATACAACACCTTGGGGGCGGAAAGCGGCTACTCTAATGAAGTCAGCAAGAGCTTCGGCGACACCGCCGCTCCGACCCTCTCCGCCATTGCGGCCGGCAGCATCACCAGCGCCGGAGCAACCATCAGCTGGAGCACCAACGAAACGGCCACTTCCCAGGTGGAGTACGGCGCCACGACCGCTTACGGCTCCCTCTCTGCGCTCAACTCAACGCTCGTCACCAGCCATAGCCGTGTGTTAAGCGGCTTGAACCCTTCAACGACCTATCACTATCGGGTCATCAGCAGAGATGCCGCCGGGAACACCGGCACCTCGGGGGACCGCACCTTCACCACCTCCGCCGCGCCCGACACCACCGCGCCGGCGATTTCCGGAATCGGCGCCTCGAATATCACCACCACCGCGGCCACAATCAGCTGGACGACCAATGAGAGTTCCGACACCCAGATTCAATATGGGACAACCACTTCATACGGAAGCTCCACGACGCTCGATACCACCTTGACCACCAACCACAGCCAACAGGTCACCGGCCTTCTCCCCGCCACCCTTTATCATTATCGCGTCCGCAGCCGGGACGGCGCCGGGAATCTGGCCACCTCGGGAGATCGAACGTTCACCACCGCCGCGCCCCCCGACACCACCGCGCCGACCCTTTCCAATATTGCCGCCAGCAACATCGCATCGACCTCCGCAGTGATCACCTGGAGCACCAATGAAAC
CP114553.1_gap34	1529982	1533708	3726	GAGGAATATACCTAAATAACATGAATCCGGGTCAAAAGTCAATTTTTTGACGCCGAGAAGCTCCATGATCGAAATTTAGGTCATCTAAAGAAATGAACTTTAAGTTTTCATTAAAAAACAGCGGCTTGAAAAAGAAGACCGTCGCTCTTGACCGGATCTCACTCGATCTTGGCATTACAAATTTAATTCATTTATCCTACAATAAGTAATCATAAATAATCGACCTTACCCAAAATATATTGGCAGTAAGGCTGGCAGAACCATCCAACGCTTCATCGACGTCGATTCGGAACGGCACTACAGCTCGTTCAATGTCCTTTCCGCCTCATCGGCGCCGGGAAATTCCTTTCCGAGCTTTAATGATTCGGACAACTCCTTTTTAGCGAGTCCATTCTGGCCGCTTTTGTAATAGGCCATTCCCAGATGATAACGGACAACCGGGTTCTTGGATAACTTTTGAGCGCTCTCCTCCAATAAAGAAACCGCTTTCAGAAAGGCATTCTTTTTATAATAGATCCAGCCGAGGGTGTCGGAAATGGCAGGATCATCAGGGTATTTCTCTTTGGCCATTTGCGCCAAGGTCAGCGCACGATCGATGTTGCCCCCGTGTTCGGCATAAATCCAGGCTAAATTATTCGCGGCCGGCGCAAAGTTGGGGTCAATCTGCAGCGCTCTCTCATAGTCGGCTCTCGCCTGATCATGTTTTTGCTGCGCCTCATAGATCGACCCCCGTGTCATGTAGATTTGGGGGAGGTTTGGATTGACCTTGATCGCCTCATCCAATTTTCGGATCGCTTGATCAAACTGCTTCCCTTGAACATAGAGGTTCCCAAGATCAACATAGGAAGCAAGATAATCCGGGTCGAGTTCGATTGCCCTTTGATAACTCTCTTCCGCCTTCTTGAACTCTTTTTTTGCAATATAAACTTTTGCCAGCAGGTTATAAAAAGCCGGGTTTTTCGGCGATGCATCCACCTGCGTCGTGACCCGTTTTAGCGCTTTTTCCGAATCCCCTCTTGAGAAATCGATCGTAACGATCTGCGCCAAAGCATCGACATGGTCCGAGTTGAGCGATAATGCCTTCTCGAAAAACGTCAACGCTTCCTGGTCCCTTTTCTGTCCGCGCCGGAGAAGACCGAGCTTGTAATAGCCGATCGGCTCATTCGGCGCCAATTTGATGATCTGCTGATAAGAACCCTCCCCTTTTTTGATCTCCCCCTTCGATGCAGACGCATCCCCCAAAATCAGGAGCGCTTTGATATTGGAAGGATCCAATTCAATCGCCCGTTCAGATTCCGTCATGGCAAGATCAAACGACCGCGCTTGGAGGTGGAGTTCCGCGATCGCCGTTCGGGCGCGGACGTCTTTTGGATTCTGGTTGAGCGCCTCTGAAAAAGCCGACTTGGCCTGCTGAAGATCATGATCTGCAAAATGAGCCAGTCCGAGGAAGTAATGACCTGAACGAAGAGCGGGTTCCGACTGAATCGCCTTCCTGATGAGGGTCACGGCCTCGCCGCTTTTATTCTCCGCCAGGAGAAGACGTCCCTTTAGTAAAAGCCCTTCCGGATCGTTCGCATTGTTCGTCAAAAGCTCCTCAATGATCCCTCCCGCCTCGTTCTTCTTCCCTTGATTGAGGTAAAAATCGGCCAGCCGCTTCCGGCTAAACATTCCGTCCGGCTTGGCATCCGTCGCCTGCCGATAGGCACGCTCCGCCTCTTGCATCTTACGGTGGCCGACATAAAAATCACCAAGCGCAACAAAGGGTTCGGGATCTTTTACATCGAGTTGACTCGCCTCGACGAGTTTGGTTTCCGCCTCCGCCGTCCGTTTTTCAATCGTATAAAAATTCGCAAGGGCAAAATAGAGCGATTTGTTCTGAGGGGAAAGGGCGAGCGCTTTTTGATAAAATGCCTCGGCCTCGGCCGGCTGCCGGTTATAATGATAAAACCGGGCGAGAGTGACATGGCTTTCAACCGATTTCGAATCGATCGCGAGTGCCTTCTGGAGAAGCGCCTCGGCCGAGGCGGGATCCTTCTTCAGCAACTGAAGGCCGGCAAACTCATAGTAGGTCAACAGCCGCTTCGAATCGAGATCGAGAAGTTGACGATACGTTTTCTCCGCATCGTCCAGACGGCCTTCCCTCTGCTCGATTCGGGCCTTCACCAAAAGGGCATCGACACTGTTTGGCTCTTTTTGGAGGACCAGGTCGGATTTTTCCTTTGCCTTGCTCAGGTCGTTCGACGCCAAATAAAGTCCGGCCAGTTTGATTTGCGCATCGATGAGATCCGGTTTTTTTTCAACCGCCTCATTCAACATCTTAAAAGCATTGCGTAGATTGGCCGGTCCGCCCATTTTCAGATAAGCAAGGCCCAATTGATACTTTGCATCAACGTGATCCGGATCGAGTTGGAGAACATTTTTAAACTCGACGACCGCCTCAGAGTACTTCTCTTCGGCCACATAGTCCCGTCCCCTTTGATAGTGCTTCTCCCGCTTTGCCTCCACCGATGTGCAAGACGACAACACAACGAAATAGAGAACAAGGAGCATCGGGACCCAAGGCCCTCCGATCAGGCGCATTGAACGATTCTCCATGATTATTCAATTAATTCATATCGATCATGAAGGTATCCGAGAAGAGTACAAATGTCAAATCCTGGAGCGGTCTTCCTGAAGGGATATCGGACACACTTCTCCCGGTTTTGTTCTGCAAAAAAGGACAGCCTATGTTCGATTCTCTCGGGGACCATCGGGAAGCCCGCCCCAAAGATGGAGCGCTCTCCAACGATCGGTTAAATGAAAGGGACTCTCCTTTAATCCCGCGATTGTCATCAGGATTTTATCATGGAGATCTCGTTTGCAATGGATCGACCGGAAGATCCGATCTCGCGCCCAGGTGACCGGAGGGAAACCGCTGTTCCAGAGCCAGGTCAGCTCGTCTCCAAGCCGTTGGAGCGCCTCTATGGAAGGGCGCCGTCGTGATTCGTAGTGAGAGAGCGCTTCCGCCGAAAAATCTCCCTTCCGGAAACATTCCTCCAGAACCTCCGCGAGAACGATTCCATCTTCCATCGCCGTATTTCTCCCCTGCGCCACATGAGGGTTCATCGCATGAGCGGCATCCCCGATCAGCGCGGCGCCGTCCGTGACCCATCGCCGGCATCGAACCCGAAAACAGGGCATGTAGGAGGTCTCCTTCCAAGAAGAAACCGCTTTGAGCGGTGCGTCTAAAACGGAACGGGTGGCGGGGTGGAAGGAGAGGATCTTCTCTTTAAATTGCTCAAAGCTCCCCTCGCGAAGCCTCTCTAAACAGCCGGAAGGAACCATATAAAATAGATAAATTTTTTCCTTTGAGACCGGAAAAGCGCCGAAGATCTCCCGGCGGCCGAGATAATAACGCGTTTCCCCCTCAAACCCGGGGGGGCGATCGACGACCATCGTTAAATAACCATCCTTATATTGATGAAGCCGATGCTCGATCTGAAGCGCCGTCCGAATCGCGGAGCGGACGCCGTCTCCCCCCACGATCACCGGCGCGCGCAATGTTGTTTTCTCCCCGTTCCAGTCGACCTCCACCCCGGTCCGCTTCGTCCCTTCATATACGAAACCTTGGAAAGTGGTCCCCCAAAAAAGAGAGACATTCGATCTCTGAGCGATTTTCTTTAAGAGAAGGTCCTGTGCAACCTTGGGGAGAAGGATCAAAGAATAGGAATAAGGAGCAGAGAGGAG
CP114553.1_gap35	1570996	1572583	1587	CATCTCTCTGACAAAATCAGGAGCGCTTAAACCTCCGGCCGTATTTAAAGGGTTTACGACCACTTTAGAAGCAATCGGATAAGTCGGGATGGCGTTGAGCACCAATGTGTCTTTGACGACGGGAATCACGAGATCAGCGCCCCCTTCTCCGGCGTGCAGCCCCTGGGTTGTCCTCCGATTGGTCGAGGCAAGATTAATTTCAATGCTGCTGATATTCAGCGCCATCATGAGGAGAGAGGTCATGAGAACGATCATTAACATGATCGAAATCAAGGCCATTCCCCTTTCATTTTTCAATGGTGCAGCTACTTTAGAGTCCAAGGTTCCTCACCTCCACCACTTTGGTAAATAATCTCCGATGATACCCATCGGCCGCCGCCCCCGCTTCATGGTCCTCCAAGGCCGGCCTCGTTGAAATCCGAGCCGACGACGCGTTGGGATCACGCGATCGGGCCAGCAAAGAAATTCTCACAGCGCGAATGGCGGGAACCGTCGGCGGCGCAGCCGCCGCCGGGGCATTGGTTTCCGTCCCGTCATTGAGGAGATACGCGAATTGGAGATCCTCTATTCCGGAAGCAATGACTTGGTCGCCGTTTCCGTCTCCCGCATTTCTATACAAGACCGGCTCCGCGCCGGGAGTAGGGACGGCGACGCGATAGGTGATCGTCCGAATCAACAGGACCGCATTCAACATCGTATAATTTCGGTTCAGGGCGGGGGTCACGGTGATGGTATAGGGTCCGGTCCCGGCCACCGTTACCACCGTGCCGGTGTAAAATCCCTCTATTGTGATCGTGTTCCCCTCCAGGGAAGGGCCCAGAGTAACACCGGGTGAAGCGGTGAGGGTAAAGGTCGCGGCTCCTTGTGCCGCTGCAGCGCTAAGAGAGCCGATGTTTTCAAGCCCTTCGATCACGGTAATCCGGTCAAGCTTGTTCGCTACACCGGACGGATCGGGATCGACATTGTTGAAAGTTTGGACCGGTGAGGCGGTCACCACGGGGTTTCCCTGGATCACGCCCGTCAAGGGCTCGACGATCCCGAATCCGGCATTTCGAATCTCCCGGCTCATGATGTCCAAGGCCACCCGGCTCTCCCGCTGCATTTCCGCCGTCCGACTGTGGAGCATCGAAAAATTGAATGTATTGTTAAAAAAGGTATACCCCGCCGCGGTTACTACAAGAGTGATCGCCATTCCGATCAGAAGTTCCGGAAGCGTAAACCCTTTTTCATTCATCTTCATCGGAAACACCGCCTCAAAAAGTGGTTTCAAGCCTCACCGTTCTTGGCAAAACATTGGTCCAGGTGACGGTCACCGTGACCAGCGTGGCGCCGGCCACCGGAAAATTCGAGGTGACCGACACTTGGCCTCTCCCGCCGGTGACCAATCTATTCTTCCATTGATCGTAGTCGTTCTGAAGCATTCCGGATGCGGAAGGGCGCGTGGCCGAGTTGTTTGTATCAAACCCATGATAAACCGTCAGAGGAGGACGACTCGCCTGGGGAAGGGTCTGGCTTCGTCGTATCCTCTCTAGGATTTCGTCGGCCGATGCCGTTGCCAGGGAAACGTCGTTCGATAAGCGATTCGTT
CP114553.1_gap36	1577615	1582174	4559	TGGCGATGAAATCGTAAGCCCCTTCTTTCACCGCCTTGACCGCCGTCTCGATACTTCCATAGGCGGTCATGACGATGACCGGAATAAATGTGTTCTGCTCCTTCACTGCATGGAGCACATCGAGGCCGCTTTTATGGGGCAGCTTCAGATCGGTCACGACAAGGTCGATCTTCCCCTCTCTGATTTTGGCGATCCCTTCGCGACCATCTTTAGCCCAAACGACCTGATAGCCGGCCCCCGTGAGGGCCTGCGAAAGCATCTGCGCGAGACTTTCCCGATCTTCGACGATTAAAATGTTCTCCATGATTACTCCATCATCACTCGTTGATCTTGAGGGGAGACATCTGAAGGGGCAGATGGATCGTAAAAACGGTTCCGCTCCCCTCCGTACTCTCTACCGATATTTGTCCGTTATGCGCGAGGATAATTTTATGAACCAGGGCCAGCCCCAAACCGGTTCCCTTCTCTTTGGTGGTATAAAACGGGAGAAAAATTTTATCAATGTGTTCCTTGGCAATGCCGAGCCCGGTATCGGAGATCTTCACCGCCAGCATCCCCGCCGGCCGATTCGAAATACGGATATGGATCTCCCCCGTCCCTTCCATCGCCTCCAAGGCATTTTGAATTAAATTGGAAAAGGCCTGCCGAATGAGGGTCGGATCGACGGCAATTTCAGGGGCCTCTTTCAATGAAAGAAACCACCGGACATGGGGATAACTCCCCGATGAAACAAACTGCTCTTTCAACTCCTCGATAAGCGGGGCAAGGGGGGTCGTCACCGGATGGATAACCGTCTTCCGACCGTATGAGAGAAGCTCCGTAATCAACCGCTCCATCGCGGAGAGTTCGGCCATGATCGCTTTGATCATCTCTTGGCGCGGATCGTTCGGTTCGATCTTCTTGGAAAGGAGCCGGGAGAAACCCAAGATCGTCCCCATATAATTCCTAAATTCATGGGCGATCCAAGCCGACATCTCCCCCATCACGGTCAGCCGTTTCTTCAACTCCACCTGGTCTTGCAACATCTTCATTTCGGTCAAGTCCGTGAAAACCAGGGTCGCGCCGATCGTAGAATTATTTCGGTCCCGAAGGACGGAAGTGTTCAGCCCCAGCCAAATTTTCCTTCCGTCCGATCGTTCTACCTCGCACTCTTCGCGCGCCACCTCTTTTCCCAGATCGACCGTCTCCTGGAGCAGCCGGGTGATCTTCTCTTCCCCTCCGAAAATCGCTTCGTACGACTTCCCGAGGACCTCCTCGGGAGAGAGATGAAGAATCATCCCCGCCGTCGCGTTAAACGTGGTAATTCTCCGTTCGCAATTAAAGGTCAAAACGCCGCTGGTGACGCTCTGAAGAATATTTTCATTATAACTTTCGACGTTTTTTGCGTATTCTTCCGCCCTTCCCTTCAACTGCTCCAGCGCTTGCTCTTTCTGTTTTAATTGCTGGATCAGACCCTGAAACGTGTGGATGACGAATCCCGTTTCTGTGGCGGGGTTTTCAGGAACGGCATGAAAGTACGAGGGCGAAGGAACCATGAACAATCGGAGGAAATAATATCCGAACATTCCGGCGCCCATCACTCCAAACACATTCATAAACAAAAGAAGCAGGCGGGCCTTTGGATCGGTTCTCGACGGGAGCGCCACGAGGAGTTGGGCCGCCCGGCCGTTCAACGGAAGCCATATCTTTCCGACAAACTCTCCAGACGCCTCCTCCGCCGTCTCCGTGACGATCTCCCCCGCGAGCGCGGTCCGCCAGGCGGCGCCCCCCTTCCCCGAGGGAATCTTCTCCTTTGTCTTGATCTCACGATGAGAATCGGCCAGAAGGGTGCCGTCGGAATCGGCGAGAATGATCCGCTTGAGGTTTTTCTCCACAGCGATATCATAAAGAAAGGCGGGGTCTTCCCCAACCTGATCGAGAGCGCCCAATAAGACCGGCTGAACCGAATCCCCGAGAAGCTTCAGCCGTTCCCGATCGCTTACCTCGAGGGCTGATTGGAAAGCGCGAAACTGTAGAAGGCGATAGCTTGCGAAAAAAACCAGGAATAATAAGAATAACCCTAAGAAGAGAAAAACAAAAAAGCGAATTTGACGCGGTCGGCTTGTAGGGATGAGCACCTGTCTCCTTAAATAGGCGTTTGAACGAACTCCGCCCAGACATGAGGAAAAAACTCAGAGGCATCCAATCCGGATCGATGCCTTACGTCCGGCCGAGGAGTAAATACCATTGAAGGATCTCCGGCCCCCAGAAAAGGCTGACCATCGCTCCCAGCGCCAGGAACGGACCGAAGGGGATCGGCTCCGCGCGGCTTTGCCCTCGAACGAGAACCAGGAACAGGCCGATGACGGAGCCGGACAACGCGGCCAAGAAGATCGTCAGGAGCATTCCCTTCCAGCCGAGAAAGGCCCCGATCATCGCAATCAACTTGATATCGCCCCCCCCCATCCCCTCTTTCTTCAAGAGCGCGATCGACAAAACCGCCACCAGATAAAAGAGGCCTCCTCCCAGAAAAAGGCCGATGAGCGAATTGATCGGGCCCGGCGGAAGCACGGTGGAAGCGGCCAGAAGACCGAGGACCATCCCGGGAAGGGTGATGACATCGGGCACAATTTGATGAGAAAGGTCGATGAAGGTCACCGCCATTAATGAGGAGAAAAAGAGCGCATAAATGACTGCGGCAAAAGAAGGACCGAATTGATGCAAGATAAAGAGATAGCCGAGGCCGTGGACCAATTCCACCAATGGATAACGCCAGGAGATCGGCGCCCGGCAGGATCGGCAGCGTCCCCTCAAGAAGAGGAAGCTCACGAGGGGAATGTTGTCATAAGGCCGGATCGGTTGCTCACAAGAAGTGCAGTGGGAGGCGGGGAAAACAATCGATTCTTTCCTCGGCACGCGATAAATACAGACATTGAGAAAACTTCCGATGAGCAATCCGAGAATAAAAACAACGGCTTCCAACATAAAGATCATTCCTTTTTGTCGGTAAGTCTAACACAAGATCCGAACACCAGCAAGAGATCGTTGATCTGCTTCTCCTCCTGAAAGTGAGCATACCGAAGACCTCTAAAACAAGTGCGAACGTTTCTGATGATCGTCTCCGATGCCGAAGGTCTTCCTTCAGAAATTCAAGCCGTTTCCTTGACAAGGGTTTGAAAAGGAAATAGGATAATTTACAAGTGGCATAGGGTAACGGAGTGCGCATGAATATTGCCGTGATCGGCGGAGGAAGTTGGGGAACGGCGCTGGCAGGCCTGCTGGCCCGAAAAGGTCATTCGGTTTCCCTCTGGGTTTATGAAAAAGAGGTGGTCGAATCGATTCAACGTCGCCATGAAAACAGCCTCTACCTCCCCGGGTTTTCCCTCCCGAAGAATCTCTCCGCCCGCACCGATCTGGGGAGGACCCTTTTAGGGGCCCGATACGTCCTCTTCGCCGTCCCTTCCCATGTCGCTCGCGACGTCTTGGTCCAAATGCGTCCCTTTCTTTCCCCCGAAATCCCGATTATCAGCGCAACCAAAGGGATCGAGCGGAAAAGCCTGAAGCTGATTTCCGAGGTGATCTGTGAAGCCCTCCGGAGAAAGAATGCCGATCGGATCGCCGTCCTCTCCGGACCGAGCTTCGCGAAAGAGGTGATGCTTGAACACCCGACCGCCGTGGTCTTGGCCGCCACCGACACCCGTCTGGCCGCCCGGGTTCAAAATATCTTCTCGACCCCTTTCTTCCGGCTCTTCTTAAGCGCCGACCTGATCGGCGTCCAGCTCGGGGGGGCGATCAAAAATGTGATCGCCCTGGCCGCCGGCGGCTCCGACGGGCTCGGCTTCGGATACAATACGAAGGCGGTCTTGATGACGCGAGGCCTCTCCGAAATGGCCCGCCTCGGTCTCGCCATGGGGGCCGATATCAACACTTTCTATGGCCTCTCCGGCATGGGTGATCTCTTTCTGACCTGCAGCGGCGCGCTCTCCCGCAACCGAAGGGTCGGCGAGGAGATCGGGAAAGGGATCCCTTTGCCCCAGATTCTCAAGCAGACCCAAATGGTGGCGGAGGGAGTCCATACGACCGAGTCGGCGTATGCCCTCTCGCTGAAATACAAGGTCGAGATGCCGATCGTGCGGGAGATTCATCGAATTCTTTTTGAAGGAAAACCGATCAAACAGGCGGTGATGGATCTGATGAAGATCGCGCGGGGGGGAGAGATCCCGCTGAAGGTCAAGCGGACGAGAGAAAAGCGATGACGGAGGATTTCGGATCGGCGCTCTTTGTCCTCTTTCTCCTCGCGGGAGGGGTTGCCATTCTCCTGCACGGGCTTCAGTTAGCGGGAAGCGGTCTCCAGGATCTCGCCGGAAAAGGGTTGCGGTCGCTCATCAGCTCGGTCACACGAAATAAAATCTTGGCGACCGGATTCGGCGCTTTTCTCTCCGCCGTCATGCAGAGCAGCAGCGCGACCACCATCCTGCTGGTGGGATTGACCCGCGCCGGGTTGATCTCCCTCTCCCAAGCCATCCCGATCATCCTCGGGGCCGATATCGGAACGACCCTCACCGTCCAGCTGATTGCAT
CP114553.1_gap37	1583759	1585396	1637	TCAAGAAGCTTCGGAAGGCCGAGCACAACCCCCTCGCCCGGACGATCGTTCTGAAAAAGAAGCGCGTCGCGCTACGGCCGGGGGAGATCGCCCTTCTCACCGGCGGGACCGCCGACCTTCCGGTCGCCGAAGAAGCGAAGGTCACCGCGGAACTGCTCGGTTATCGGGTCCTCCCCTTTTACGACGTCGGCGTCGCCGGGATCCACCGTCTCCTGGACCAGCGGGAGAAAATCGAGAAGAGCGATCTGATGATCGTGATCGCCGGAATGGACGGCGCCCTCTCGAGCGTCGTCGGCGGGCTCTTCGGTCAACCGGTCATCGCCGTTCCGACCAGCATCGGCTACGGAACAAGCTTCGGCGGGATCGCTCCCCTCCTGACCATGCTCAACTCCTGCGCCGCCGGCCTCGCCGTTGTCAACATCGACAACGGATTCGGCGCCGCGATCTTGGCCCACCGGATTTTAAAAGACCGCAAATCGTAACAAGACACCTTGGCAATCCTCCCCGGCTTTTGATATGATGTGCTCCGAATCATTCTATCTATATAAGGAGATCGGATTGCCATGAAACGGAGCGTTCTCTTCATTATCGTTAATCTGTTTGTCTTCCTTCATTCAATAAACGGCTTCGCGGAAGAAAGACCCGCCTCCGTCGTTCTAGAGGACTTCTCCAGCCCGGATGAGAAGGGACTGCCGAAAGGATGGATCGCGCAAAACGAGAACCCCGATCCCGCCCAGGTTTATCGGATTCAGAAAGAGGGGGACCGCTTTTACATCTCGGCCAGCGGCCGCCCCAACCGGATCTTTAAGAAGATCCAGTGGAACCCGAATGAATATCCCTTTCTGAGCTGGAAGTGGCGGATGAAGAACGTCACGGTCGATCCGCAGAAGGAGCGACGCGCCTCCATTTATGTCTCTCTCGACCGCGATTTCTTCGGCATCCCAGTGATTACGAAGTATCTCTGGAGCAGCCTGGCGCCGGCCGGAGAGGAAACCTCCGGCGGGTTCTTCGGCGCTTCCACCATCGTCGTCCGGAGCGGCGCGGACCAGGCCGGGGAGTGGATCACCGAGAAGATTAATGTTCTGGAGGATTTCAAGCGGCTCCACGATGGAAAACTTCCTCCGGAAGACGCCTATGGAATCGGCATCATGACAAGCATCGAGGCCGACTTTGCCGATTTCATTGCCCACAAATAAAAAACCGTAAAACGTTATTCGTTATTCGTTAAACGTGAAAAGAATTCGGATTGCGGAATAAAAAAGAGAAGGAACAGATGCGAATCGCCTATTTTGATTGTTTCTCCGGGATCAGCGGAGATATGATCCTCGGCGCCATGATCGACGCAGGCTTGGATCTGGACGCGTTTCAGAAAGAGCTCTCCAAGCTTAAACTTCCCGGCTGTGCGATCGAGGTTCATCGCGTCCGCCGAGGGGGAATCTCGGCCGCAAAAGTCGATGTCCTCAACCGGAAAAATCTCCTGCCGTTGACGACCTTTTCTGAAATCGAGCGCCAGATTCGCAAAAGCGCCCTTTCCCGGCCGATACAAGATCGGGCGTTGGGGATCTTCAATCGCATGGTCAAAGCCGAAGCGGCGGTGCATGGACGAAAACGCCATCAAACCCACCTGCATGAGGTCG
CP114553.1_gap38	1767779	1771293	3514	TATTCATGGCTTGCGATCCTCCGATCGGTCGGGGCAGCCGCGGCCTACCGGCGCCTCTATCGAGATCTGATCACCCCCGGCCGAGTGGCCGAACTTCTGATTCTACGGGAGGAGATTCCCTGCTCTCTTCACGCCTGCATGGACCGAGTCAACGATCTTCTCCGGCCGCTTTCCGGCGGGATCGGCCCCGAAGCGGTGCGGCTTGCCGCAGATCTTCACTTTCTGCTTCACGACGGACGGATCCGAAAGACCCTCCAATATCACCTGCATGATTATCTGATCGATTTTACCGGCGCGCTCGGCAGGCTGAGCGCTAAAATAGGCGAGGGATTTCGGGGAGAGGCATGCGCCTGAAGGTAAAGCATCAGACCGTGTATCGCTACAGCGCACCGGTCCAGCGCAGCGTTCAGACGCTTCGTCTGACCCCCGATCAAACCGGCAGCAGCAGATCCTGAAATGGCGCCTCGACCTTCCCGCCGCCGCATCGGAATATGTGGATGCCTTCGGGAATTTCACACAGTTGTTGACCGTCGAAGAGCCCCACGAAGAGATCCGGATCGGGGTCGAAGGGGTCGTCGAGATGTCGGAGGCCCCAGGCCCCGACCGGGGCGAAACACTCTCCCCTCCTATTTTTCTGAGGGAGACCGCGCTGACGGCGACCGATCCGCGCCTCCGCCATTTTTCAGAGGCAGACCGAGATCGGACGGCCTCGGATCCGGTCGCCGCCCTTCACTCCCTTGCGGGACGGATTCGGGCCGCCGTCCGGTATGTAAAGGGAACCACCACGGTCCAAACCACGGCGGCCGAGGTTTTATCGCAGGGAAGCGGCGTCTGCCAGGACCACAGCCATCTCTTCATCGCCTGCTGCCGCATCCTCGGCATTCCGGCGCGTTATATCAGCGGTTATCTTTACACCGGCACCGAAGCGAATCCGGAGCTCGCCATGCACGCCTGGGCGGAAGCGTGGGTCGACCGGATCGGCTGGCTGAGTTTTGACGTTTCCAACGGAAGCCCCGCGGAGGCCGCGCATCTCCGCCTCGCCGTCGGGCGGGATTATCTCGACGCCTGCCCGGTGCGCGGCGTTCGATTCGGAGGCGGCGACGAGACCATGGACGTCCAGGTTCAAGTCATGAGCGCGCAACAATAACCCTTTACACATCCCGGAGCGGAAATTATAATGTTTTTGTTTTCGGGACCGGTATGTACAGAGATGATCTACCTGAAGCGAGGATCAGGCTTTTCCTGTCCGAGTTGCAGGACGATGCGAGAACCCGAGAGAAGATGAAATCTGGAGCAAAGCGAGCGACTGGCTTCGCCGGTGCGAACGCGGGGTGTGGGGCATCGTATTAGCCGGTATTTTGGAAACCCCTTGCACAAGCATTATCTACCTGAAGCGAGGATCAGGCTTTGCCTGTCCGAGCGTTCGGGGCGTGGGGGCATCGGAAGCGCGGAGCAACGCGAGCACTGCACGGGCCCCCACATAAAATAGGAGACCCTATGACGTATTGTGTTGGAATGCTGCTTGATTCGGGGCTGGTTTTCGCCTCCGACTCCCGCACCAATGCCGGTGTCGATCATATCGCCACCTTCCGGAAGATGACCGTCTATGAAAAACCGGGAGACCGGCTGCTGGTCTTGATGGCCGCCGGGAATCTGTCGATCACGCAGGGGGTGATCAATCTCTTGGACGAAGATCCTTCCGCGGAGATCGGCGAGACGATCTGGAATGTGCCGTCGCTGTTCGCCGCGGCGCGGCTGGTCGGAAGCGCTTTACGGAAGATCTATGAGATCGACGGCGGCTATCTGAAGCAGCATGGGGAGGAGTTCATCGCGTCGATCATCTTGGGGGGACAGATTCGCGGCGAGCAGCCGCGTTTGTTCAACATCTACGCGGCCGGGAATTTCATCGAGGCGACGGCGGAAACCCCTTACTTCCAGATCGGAGAGAGTAAATATGGAAAACCGATTCTCGATCGCCTCATTACCCGGAGCAGTACTTTGGACGAAGGGGCCAAGTGCGCCCTTCTCTCCTTCGATTCCACGATTCGAAGCAATATCTCCGTCGGTCTTCCGATCGATCTGCTCTGCTACGAGCGCGACCGTCTGCGGGTCGACGTCCGCCGGAGCATCGATCAGCAAGATCCCTACTTTCGCGAAATCAAACGGCAGTGGGCGGAGGGGCTTCGGGAAACCTTCGCGCGCCTTCCCGATCCTTGCTGGGGAGAAAAACTCGACCCGATCTAGTCATTCACTCTTCGGGCGAGCGGTTCGCGCCGGCCACCGGCGCCTCTGCACCCGTGATGCTTCGAAGCTTCAGTTCCACCCCCTCGGCCGAGAAGGAGAGAACCAGCTCCCCATGCTCATCGGCATTCTCGAAGCGCTCCGAAGTGGAATTCTGATGAAACCGAAGCGCTTCCGCTTCCCGCTCCGGCGGCGTCTCTCCCTTTCCGGACTCAAATTGGAGGACATCGTCGAGGCCGGCCCCGGCCTCGGGGTCCTCTGATCCGACCGCCGGGGCGCGATCGGAATCGAGATCCGGCTCCGATTGAACCGGTCCGACCGGATGAACAGCTTTCTCCTCCTCCGCCGCCCTGGCTGGAGAAAGCGGAAAGAGGAGTGTTCCCATCATCCAGATTCCGATCAAAACCGAGCTGGCTCGACGTTTCATCTCTCTCACCTCACAGTAAATGACTCCCGAAAAGCAGATACCCTGACTTCATCTTATCAACGTTTGAGCCCGATAACGATCCCCCAAAAGGGGTAATCCGAAAGGAGTACTCGTCTGTCGTATCTGCGTTACTCAGGAAGAGATTGGGGCGGGGAATATGATACCGTCTTGCACATTGACAACTACCGTCTCGACCTCGATTACTGGAGAAGCCGTTATCTCGGCGCCCGGGTCCTCTGAAAATCCCTTTATAGATTCACCGCCCGCATTCCCTGCTCGGGATAACGCTCCCCCCACGTGCCGCCGCGCGGAGCCGCTTCATTAATCGAAAGAAGATCTTCCAAAGTCATCTCGATATTGAGCGCCGCGATATTTTCCTCCAGATGGGATCGCTTGCGGGTCCCGGGGATGGGGACGATCTCATTCCACTGCGCCAACAGCCACGCCAGCGCCAGCTGCGAAGGGGTCACCCCTTTTTCAACAGCCAACTCCTCGATCCGCCGGACGAGGTCGAGGTTGCGCTTGAAGTTCTCTCCCTGAAAGCGGGGCGAGAGGCGCCGGAAATCCCCTTCCTCCAGATCTTCAAAGCGCTTGATCTTTCCGCTCAGGAATCCGCGGCCAAGAGGACTATAAGCGACAAAACCGATCCCAAGCGCGCGGCAGGTCGGAAGGATCTCGTCTTCCGGATCGCGGGTCCAAAGAGAATATTCGGTCTGCAGCGCCGCGATCGGGTGAACGGTCTGCGCCCGGCGGATCGTGCTCGGGGCCGCCTCGGACAGCCCCAGATAGCGGACCTTCCCTTCACGGACCAGTGCCGCCATCGCGCCGACCGTCTCTTCAATCGGC
CP114553.1_gap39	1773163	1773707	544	AAATCAGGATGTAGAGACCCTTTCCCGGAGATCCCTCTCGAACGATGACATCGCCCTTTTTATATGAGATCCGGCTCGACCAGATCGCGATATCGGAGAGGTCTTTTTCAGAGAGCGAGGAGAAAAAAGAAACCGACCGGAGAAAACGCACCCGCTCCTGAATGTCCGGCTTCATCGAGGGTCCTCCGTTTGTAAAAAAAGCTCTGTGGAAATCCATCCGAAGTATACCATATCGTCCCGCGCCAAAAGGATTCGATAGGTCGATCAATTCGATTGGTTTTCCTCTCACCGGGAAAAGAGGCTGTTCGGCACTCCCTCTTGATTATCTTCACGGACCCTGTTTATACTCCACTCAATTACCCCTGCATCTTACCCTTCAGCAGCCACTTCGATCGGAAAGGAGAAAACAACGATGAAATACGGAACACTTTTGCTTCTGGCGTTGCTCTGGGCGGCTCCCTCCCTTGCGAAGGAGGCGGAACCCGCCTCGGTTCCTCTCTACGACAACCTCGGAAAGCATCACCACAAGATCACCACGAAATCT
CP114553.1_gap40	1780069	1781574	1505	ATAGATTCAGCGCCATCAGGGGGATAAAGATCGAGGCAATCAGCTTGAGCATCACCCTTCTCCGCGGAACAAATCAAGTCCGAAGCGGGACCCGGCAGGCAGGAAACCACGGCATGATACTGCGATGCGGAGAGAAAGTCAATTTGGGGATGAATCAGACCGAAGGCCAAACGTCGTAACAAACTTGACGAATTCCGGAAGAGAACGAAGTCTATGTCGGATCTTCGTTGAACTGCGCCTGAATTTCCAGCACCGCTTCCTCATTTTCAATCAGCGCCGCAACACAATCGCGATCGAGCTTAAAACCGGCCAACTGCTGCAGCAGCCTGAATGCCTCCTGATTCGTCCAGGCGACCTTGTAGCGGCGGCGGCTGGTGAGGGCGTCGAAGATGTCGGCGACGGCAATGATCCGCGCTTCGATCGGAATCTCTTCTCCTCGCAGGCCCAGGCGATAACCCGACCCATCGACCGCCTCGTGGTGATATTCGGCGATGTTCCGGAGCATGTCGGCATGCGGGAGGGTATCGAGGCCGAAGTCCTGAAGGATTGCATCGATGATCCGGCGGCCGATCACGACATGCTCCTTCATCTCCTCAAACTCCCCCGCGGTCAGACGCTCCGCCTTCTTGAGCACCGCATCGGGAAGACCGACTTTCCCGACATCATGCAGCGGGGCAAAAAGGAAGAGATGCTCGATGAATTCATCATTGAAGCCGTACTTAGGCGCCAGCCGCTGTCCGATCAGCCGGGCGTAGCGGGAAACCCGATCGACATGCACCCCGGTCTCGGGATCACGGAAGGCGGTGATCTGCCGGGCCGCCTGGACCGTCGCCAGCATCATTCGGATGGTCGCGAGCTCGCCGACGATGAGAAGAGAGATCAGATGTCCGAAGAGATCGAGTTCATGAAGGACCTCTTGTCGAAAGGAGTGCTTCTCGTAAGCGTTGAAGAAGATGAAACCGAGGAAGGCGCCGTTGTGATACATCGGCAAGGTATAACTTGACCCGAAGCCCTGTTCGGCGATCCGCCGGGTATGTAGATGCTCCCCGAGCTCGAAAACGTCGAGATCATTCACGACACGGGTCCCGCCGCTCCGGAAAATCGTCAGCAGCGATCCGGCCTCGGCAAGTTTGGCCTGATATTGAACCAGCGGGTGGTCCTCATCGCTGCTGTGAAGGAAGGTCTTCAGGAGATCGGTCTTCGGATCATAAAGCACGACGGCGATCCGATCGACACACCCCATACAATCCCGCACCACGGAATGAATAAAACGAATCTTGTCCGTAAGAGAAGTATTCTTATTCAGGCCGCTCAACCGGTCTTGGTACCGGTCGATTACCTCACCCATAAACACACCCCGCCCATTTTCACCTGCCGATATGAATGAGTATACCTGATCTTGATCAATACAGGGCGAGAGCGGAGGGATCCGAAATGCGGTGGGACGGTGGGACGGTGGAAAAAGAGGAATAAATAACCGGACGGAAGCGGTTCACCTTTCTTAC
CP114553.1_gap41	1786013	1788451	2438	TGGTAGAAGGGGTCGAAGATCTTCAAGAGCTGCTCCGGCGGAATCCCGATTCCCGTATCCTCGATGACCATTTCGATCCCCTTTTTTTCGGGCCGGTTTTCAACCCGGAGGGTAATCGTTCCATTCCGTGTAAACTTGACCGCATTGGAGAGAAGGTTGATCAGAATTTGCTTGACCTTGAATCCGTCGGTCTGCAAAGGGCCGATGCGGGGGGCGAATTTCACTTGCAGCGCGAGCGATTTCCCCGTGAGAAGCGGCTTCACCGCGGTGAGAACCTCCTCGATCAGGGGGCGAAGGCGAACGGAATCGACCTCTAGAGAGAGCTTTCCCGATTCGATCCGCGAGAGATTCAAGATGTCATTGACCAAAATTAAGAGCTCCTTCGCGTTCCGGGAGACCGCTTCGAGCGACGTGCGCTGCGCCTCATCGAGGGAACCATACGTTCCCTCGAGCAGGAGATAGGTATAACCGATAATGCTGTTCAGCGGGGTTCTCAACTCATGAGAGACATTGGAGACGAAATACGATTTCAACCGGCTCGCTTCCTGGGCTTCGAGCGTCTTGCGCTTCAGCTCCTCCTCCGCCCGCTTGCGCTCGCTGATGTTCGTCAGCGTCACGACGCAGCCGATCCGCCGGCTTCCGGCTCCGAAGAGGACGCCGGCGCTCACCAGCAGATTGAACCGCTCTCCGTCTTCTTTTTCAAAGCGCGCCTCGACCCCCTGGATCGCCTCCCCCTTCAGAACCGACGCGATTGAGAAGGGCCGGCCCTGATCGCCGTCGGGCGCATCGGAAATCACCGCCGATCCTTTCGGAACGAAATAGAGGGGAAAAACCGCATCGAACGGCTGGAAGATCGGATTTTTATCGCAAAGGCGATGGGCCATCCGGCTGGCGCGGATGATCCGGCCCCCTTCGTCGCAGACGACAATCGCCTCCGCCGCCTGCTCCAGGATCGACCGGGCCAACTTCTCGGCGGCGACGATCTCCTCGTTCCGTTTCTGCTCGGTGAGATCGGTGATGACCAGACCGATCCGGCAAACCTGATCGAGCTCGATGGTGTTCACCGTGACGTATGCCGGCAGCAGATTCCCCTCCCCGGTTTTTAACGCGATCTCCCCCTTTCGGGTTCCTTTCCTCCCCTCCCGGATGAGCGCTTCGAAGGTCGCCTGGTCCTTCGGCCCGATAAACGGCAGAATCGAATGGCCGATCAGTTTCTCCAGCGGGGTCTTCAGCATCTTCGCAAAACATCGATTTGCGTAGAGGAGGGTGCCGTCGTCCGCCAAAACCGAAGCCGCCTCATCCATCGCTTCGATCAGAACCCGGTAGGTATGGTCGGCTCCCTTCAATGTAAAGATTTGGGGCCCCTCCGCCCCCTCGACAATCAGGGCATCGACCTCTCCTTTGCGGATCGCGCGGAGGGTCTCTTCCGCCTCTTCAAGCCGCGCGCGAAGCTCCGCCACCTCTTCAGCCAGCTCTTTCTTGGTCGCCTCCCGCCGCATGCCGCCGATCGGCGCTAAGCCGTTATTCCCAGCCCCAAGAGAACCCGCCCTTGGCTGGAGAGATCGCCGACGAGTCTCCTGGGCGGAAGGGGGGACCGTTTGATCAGTGTCGGGACCGCGATGATCCCTTCCTTTTTCGCCAAAGAGGGCTGCTGGTAGAGATCGTAGATTTCCAGATTGTATCTCCCTTTCAGATGTGTTTCGCATATCTCCCTGATGTTCATGATGGCCCGCGTCGACTGAGGCGTGGTCCCCGTCACGAAGAGCCGGAGTTGATATTTTTCAACGGAAAAATTTTCCATCATAGAAGCAGCGGCATTCGTTTTTTTACTGACTCTCTTCACTCTAACGTTCTCTCATGAATAGGGCGGAGGTCGAGCCCGACGAGGACCCGCTCCGCGTTCGACAAATCGCCGATGATTTTTTTAACAGGCGGGGGGAGCTTTCGAACCAGCGTCGGCGTCGCTAAGATCTGGTCTCCTCGCGCGAGTTGCGGTTGCTTCAATAAATCGATGACTTCAATCCGATACCTTCCATCCAAATGGGCTTCACAGATCTTTTTTAAATTGGCCAAGGCGGTCATCGATTTGGCGGTCAGACCGGCGACATAAAGACGCAATTCCCAGAGGGGCTCCATCGATTCGTTTTTTTTATCCCCTGTTTTTCTCCGTGCCATCGCGTCTCACCGTCTCGATTTTTCCGCCTTGATCCCGTTCGAGGAAGGATCGGCCTTGCGGCTCCGGGCAAGAGCCGCCCGATCCGCCAGAACTTGCTGGAACCGCTGATGCTCCTCTTCCGACAGCCGGCGCAACTCCTGCTCCTCCGCGTCCAGTTCGGCCTGAAGGGCCGAGATCTGCGTTTCAAGCCCTCTCCGTTTCCGAAGAGCATCGCGCCGCTTCCGCTCGACTTCCTGGCGCTGCGCCAGAAGGGCCGACCGCT
CP114553.1_gap42	1827952	1832101	4149	ATTCCACCTGCTCGTCGCTCACCTTTACAATGTTGAGCGGGGCCAGATTATCGAGCTGGTCGTCGTCCCGGATCTGCTCCGTTTCGGAGACGGTGCGGGCGCCGTCGTCGATCCCACCCGCGATGAGAAGGCTTCCATCCGCCAGCGGCGTGATCGTATGGAACCGCCGCGGGAAATCGAGCCGGCCGAAGGGCTGAAAGCCGACCTCCCCGACCAGGAAGAGATCGTTTCGCCGGAGCGAAAAGTCGGTGAAAAGCTCGGCCCCGGCGAACTCGTCGAAATGCCAGAGACCATGCACCGCAAATCGCGCCCCCGACACGAAAGGAGAGTCTTGGATGAGACGCTCCACCGGCGGATCAAAGCCCCCCTCGGGATAGCGGACATCCTGGGTGACCCGAATCTCATCGGCCATCCCCACCAGAAAGGCTTTTCCCGCCCCCCCGCCGATGGTCAGGCGATTTGAGTTATTGTTGAGAAGCAATCCCGTCAAATCGGCCGCGGCGACGGTCGTTCCATCGACGGCCAGATAGACACGATGCTGATTCCTCCCGGCAATCACGGCGGCGACGTGATGCCACTGACCGACGCTGAACGGAGCCGGTCCCAGCGTGACGGGCTGTCCGACCCGCGGGGTGATCCGCAAAAGAAGATTGGCATTGGAGGTGAGAACGATCTCGAAGAAATCGCTCTTCCCCATCAGCAGCGCCTCCGTCCCCGCCGCCGGCAGCGCGCCGGCGAAGAACCATCCCTCCGCCGTCATCTCGTTCAGCTGGGTATTCGCGCCGATCTGCAACGGATCCCCAATATCCAACAGGGTGGTGGAGAGAGCAAAATGGCTCCCATCGAGGATCAGCTTGTTCCCGGCATTTTCGAACGCCCCCGGGTCTCCGGCGATCACCATCACCTCGTCCGGCTCGCTGGTCGCGCCGGTATTCTCGATCGGGGCTCCTTCGGGAATATTCTGATCAACTTCTTCAACGACCTGAAGTGCGATCCGGTAGACCCCATCGGTATCGGCGACAAAACCGACCGTTGGAGAAGCGGGGGTGTCGAGCTGGGCGCTGCTCCCCTCCGGCGTCTGAACCATTCGCCATTCATACCGGACTTCATTGCCGTCCGGATCGCTGCCGCTTCCCTCTAGTTGGACCTGAGCACCGCTCGGAACCGTCTGGTCGGGACCGGCATTAGCCACCGGCGGCCGATTCTGATTAAAGAGACTGTCACTGTCCGGCTCGTGATTGACACATCCGCCGAAGAAGACGCCTCCCGCCAGCGTAATAATAAGAAGGAGGAGAAAGTTGCGTCCTCCATTCAAAAACCGGATCATGGTTGCCTCTTTATAGTAAAGCGCGAAACGGCGCTCGCGTCGGATACACGCTGCTGCGCAAGCTGACGGAAAGTGAACTCCTGGAACGAGAGCCCCCCCGCCTGGATCGCATGCACTCTCCAGATAATCGGCCGCCCGTCCACAAAGGGGTCGAGTTGGTCCGGCGCCTTCTCCGGGAAAGCCGGAAGGGTGATTTCGGTCCGGCTGCCCGGAACCCAGGCCTCCCAGAGCTGCTCTCCCTCCTCCGTTTCAAGGGTCACCCGGTAGAGATCGACCGGTCCCGCATCCGGAGCGGCCCAGACGAGGTGCGGGGTGTTCTCCGAGACCACTGCCTCCTCTTCAGGGGCGGGGGGGGCGGGAGGAACGGGCGATAGAAGACGGGGCGGACCGGGCAGGGTCAGATCTTGGCGGATCGGGATCCCCGGAAGACCCTGCACCTGAATGAGACTGGATGCTCCGCTGCTGTTCCGAGCAGTCGCTGTCACGAAATAAGAGAGCGCTCCTTCCGGAGGGAGGGAGAGGGCCCGGAAACCGGGGCCGATCTTTCCCGGAAAGAGCCCGATGATCTCGGCGCCGATAAAAGCCTCTCCCCGAGGAGCGGCCGCTCCGATCAAAACCGCTTCTATATCGGAATGGGAAAAACCGGGTGGAAGGGTGATCAACCCTGTTGTCTCGACCAGCGACACCGAAGGGGTAAAGTCGATATCAAAAGTCAGACGCCCTCCCACGGCGAGCGGGCCCAAGCCGGCCGCGAACGCCACGTTGTTCAAGGTCCCATCCGGAGAGAGGCGGAAGGTCGACAATCCCAAAGCGCGCTTGGAGCCGGAAACCGGGACGGAATAATCTCCGCCGCCGGTCCGTTGCTCCATTCGAACGAAGTATTCCCCGGCGGCCGGGAGGGAACAGCCTTCTCCGAATTGGGGACAGTCTGGATTCTCCCCGATCAGAGAGAGCTGGGGGGGGGTGATCGGATTCCCTTCCGGATCCCGAATCCCCCCAAGGACGATCTCTCCGGGCGCCTGGACCAGCTCCACCAGGTGAACGCCGTTGGCGTACACCAGGAGGCTCTTCCGGTCGATCGTCTCCTCTGTCACCGGATCGGTTGCAATCACCGTGTAGACCCCCGGCGTGAGGCCAAAGGCGAGGAACGCCCCCTTTGCCCCGGTCTGTTGGCGGTCGGGATCGATCCCCCCGTTATCATCAAAATAAGCGCGGGTCGTCACCTCCTTCCCGGAAGGGTCCACCACGGCAATCTTGGCATTGGGGATCGGAGCCAAGATCGGGTCGCCGTTCGGATCGATCTGGCCGGTCGGCGCCACGATCCGAGCGAGAATCTCCGCCGTGCCGGCCTCCAGGCCGCTGGTGTCGTCCTCTTTTGCCGCGCGCACCATTGCGACCAAATCCCCCAGCGGAACCACGGCCAAAGGATAATTTGTCTTGGAGCGGTTATTGAATTGCAGCTCCTGATAGGTCTGCCGGAAAGTCCGCCCCGCCAAAACAACGGCGATATAGCGGCTGTTCGGGAGGAGATGGCGCTCGCTTCGATAACTTCCGCCGATCTCCGGTCCGCTGTCGGTGACGACGATCTCACTCACCGGATCCCCTGAAAAATTGATGAACACCCCCTCCACTCCGACGTTTTCGCTCGAAAGGAACCCCTTGCGCTCCTCCTCCTGAAAATCGGGTCGATAGACGACGACCCGGCCGGAGAGATCGACCGCCTGCTCGATGATCGGGAGGACCGGGAGGGTGAAGACGGTCGTCCCCGCGGCCGGAAGATGGATATACCGGGCCCCCACCCCCACCCCGATTTGCCGCGCCGAAACAAAAACATCATTGTTCGACGAAAGCCGCAGGAAGAGAAATCGGCCGTCGGCGGTGGTCGCCTCCAAGCTTGGATCGATCCGGCCCGCTTCGTCAAAATAGTAAGGCCGGCCGGCATCGTTTCCACCGAAGTATCGCGCACCGACCCGGACGCCCCCTTGGGGCTGCTTCGACACGTTGATCGCTTTTCCGATCAGCGCCACCTGATTGAATCCTTGGCGTCCGCCGTCCGGATCGGCGGCCGCCCATTCATCCAGATCTCTCGTAAAAACGAACGTCAAATCGATCGGGGGAGGATCGGGATCATTCAGCAGCTGCGACTCGGCCGTCACCCAGTGATAGGTCGTCGAGCCGAGCGGGCCAAGACCTTCAAACACCCCCAGTTCATCAAGGGCGGAGACAAAAACCGATTCGTCCCGCTCCACATCGAAGACTTTCCCTTGAAAGACGGCCTCCGTGAAAGACCGGTCGCCCGGAATGATCGGGATGGAGACCTGCCTCGCGTTCACCTGATAATACGAGGCGATCCGGTAAAGGACGGGGATCACCGGATTGGCCGCGTCGGCGTCGCATCCTCCGCAAAAGTAGACATGAACGTCCTGCGGCCCGATCACCCCCGTGAAGACGGCGATTCCCTGGCCGTCGGTCGTCGTCGTGATTCTCCCCGAATCCCCCAGTGAGACGAGGACCCCCGGAAACGGATCCCGGGTGGTGTCATCGAACACCTGCACCTCAAGACGCCCGTTGATCGGCCCCCCGGCGGTTCCCCCCCAGTTGGAGGCAAGGAGGGGACGATCGTTCCGCTGCTCCCCCCCGCTGCAGGAGAGAAGGAGAACCATCAGGAGCCCGATCCACCCGCCCGGTGAATTCCGATGGCGATGTCCGTTTCGTTTCACTTTCTTCCTCGTTAAAAGAGCAACCGGATGCCGAATGTCATGAGCCACTTTGTATATTCGCTCAATGAGTTCACCTTCTCGGCCGTCACGGCGGTCTGACGT
CP114553.1_gap43	1979742	1984039	4297	ATCCACCTCTACGGTCCGGGGGTCGATTCCGGAACCTTCGACTACTTTACCGAGGCGATCGTCGGAAAATCGCAAGCCAGCCGTGGCGACTTCACCGCCAGTGAGGACGACAATGTCCTCGTCCAGGGGGTCGCTTCCGACCAATACGCCTTGGCTTTCTTCGGGGTGGCCTATTACGAGCATAACAAAGACCGCCTCAAGCTGGTTCCGATCGATGATGGGAACAACGCCAACGGCAAGGGGCCGGTTCTTCCCGAGTACAACAACATCCTTGAGGGAACCTATCAACCGCTGGCGCGGCCGATTTTCATCTATGTCAGCCTCAAGTCGGCCAACAAGCCGGAGGTGCAGGGTTTTGTTGACTTCTACATGAGCAATGGGGCGGCGCTTTCCAAAGAGGTCGGCTACATCGCGCTTCCCGATCGGGCGTATGAGTTGGGACAGACCCGGTTCCAGAAACGGGTGGCCGGATCGGTCTTCGGCGGAGGAGCCCAGGTCGGCGTCAGCATCGAGGATCTTCTTCAAAAGGAAAAATAACTTTTCATCACTCCGCGTCGGTGAACACGCACGCGCGTCGCATTCCCCGCAGCTTGCTGCGGGGAGCTTCAATGGGAGGGGGGCACTGCCGAAGTGCCCCCCTCTGGTTTTGAACGTTAAAAACAGTCCTTCCGTTAAAATGAAAGCAGCGCCCCCGTCCCAAGCCGACGGACGGCTTTGGTCCTCTCCCTCACGAAGTACCGCGACACCGATAGCAGTTCTCCCGTAATTGAAAAAAGTTTTTTCGTCTAGGGTCTCTTCCCGCCTCGATTAGGCAAAATCCCTATAGCCAATCGGAAGAAGATTGGTATACTTCCCAGGTCTTATCCCAGGAAAGTTCTCTCCGGGTAAGATATACCTTCTCGTGTCTTCCTTCCGGCGACGCTAAGAGGCCTTCGTTCAATGCCTCCCTCTTTCAACCCTTTCTGTAGATAGGAAAATAATGGGTAAAGGAAAACGATTCGACCTGCCTTCGGCAGGCTGGATAGTATTGGCCTCTTTTTTAATTCTGCTCGGGTCGATCCAGGCCGCGGAGGCGATGGTCGTTTGGACCGACCATGCCACGGTCAAAATCCGAAGGGAAATCTCATTAACCGCGCCCAAAACGAATCAAACCTCCGCCGTATTAAAAGCGGCCAAGAATGAATTCGAGGCGTTTCAGCTCATCGTCTCGGCCGACTCGGGGAATCTCTCGGGGGTCGATGTCGCCGTCGGCGATCTGACCGGTCCGAACGGAAGCCTCATTCCGGGCAGCGCGGTCATGATCTACAAAGCGGCCTTCATTAACATCACCACCCTTTCCACGACGGAAGGACGGCTCGGATTCTGGCCCGACGCTCTGATCCCGAAGAGAGACGAATACACCCGGGAGGTCCGGAATGCGTTTCCTTTCTCGGTAACCTCCGGCCGGAACCAGCCGGTCTGGATCGAGATCTATGTCCCTCAGGACGCCGCTCCGGGTCTCTACAGAGGAACGGCGACCGTCACCGCGGCCAATCAGGCGCCCGTCGTCGTTCCGATCGAATTGACCGTCTGGAACTTTGTCCTCCCGTCGACCGCCACCGTGCGGACGGCCTATTCGATCGATTATCATCTGATTCCGATTGGGCACGGGCTCGGCAGCGCCTACCTGAATTATCTCGACCTGATCAAAACCTACGCGAAGGCCAACCTCCTCCACCGGATCACCAACGATTACCTCCCGGGCCCCCACATCGTGTCGGGAGGATGGGACGCCTTTACCGATCGATTCGGCCCCCTCATGGACGGCACGGAGCGATTCCCGGGAGGAAAACTCCCCGGGGCGAAAATGACCAGCTATCGGATGTCGATCTGGGCTCAGGAAACCAATGTCACCTTTTTAAGAGACATCGCACAGCGCGCCGCGGCGAGAGGATGGATCGACCGTCTCTTTGCATACACCTGGGACGAGCCGAAGCCGGACCAACCGGCGCAGTGGCAGACGATTAAAGACCGGGCCAGGGCGCTTCATCAAGCCGATCCAAGGCTCCGCTCGCTGGTGACCACCAGCATCCAGGGGGCGGGCGATTTTGGCATCACCCAATGCGGGTCGCCCCGCGTCGAGCCGTGCATCGACCTCTTTACCCCGACGATCCGGTACATGGACAACAAACCGACCGGCCGGGAGCCGGGAAGCGAGGTCCCCGGCGGCGCGGAGACGATCGGAAATCAGCGGAGCAAATACGGTCCGGAGACATGGTGGTATCAGGCCTGCGGCTCGCACGGTTGCGGCATCATCGGCGGGGGACAATACGATCCGGAGGGGTATCATACCGGTTGGCCCACCTTCATGATCGACCTTCCGGCGATGTTCAACCGGGTCATGCAGTGGCAAACCTTCAAATACAATCTTCAAGGAGAGCTCTACTTCGACATGGTCTACGCCTACGGTCAGAGAGATCCCTGGGGCAGCCAGTACGACTTCGGCGGAAACGGCGACGGCACCCTCTATTATCCGGGGACGCCGGCCAAAATCGGCGGGACGACCCACATTCCGATCGAGTCGATCCGCTTGAAACTCCTCCGGGAGGGGATGGAGGATTACGAATATATGAACCTGCTGGCGAAGCTGGGAGACGGCGACTATGCGGAAAGGCAGGTCGACACCGTCGTGACCCGCACCTATGATTGGAGCCGAAACCCGGCTGATCTTTACCGGGCGCGGGAGAACATGGCGCTGCAGATCCTTTCTCACGATGGGTCGGGAGAGCCGGTTCCGGGGACGGCTAATTTTAAGCTCACTTACGCTCCCGCTTCGGCCACCGTGACGGCAGGCGGGACCGCCTCCTCCTCAATCACCCTCGCCTCCCTCTTTGATTTTAATGCGGCCGTCGCATTGACCTGTTCCACCCCCCACCCCACCGTGACCTGCACCGTAAACCCCGCCTCGGTCACCCCTCCGGTGAACGGAAATGGAACCGCAACGTTGAACATGATCACCCAGAGTGCAACGCCGAACGGCACCTATCCCGTCGCCGTCCGCGGCGTTTCAGGCAGCCTGATCCGGGAAGGAACGTTTACACTCACCGTCGCCACGGCGACACCGGTCGGCGAGTCGTTCGACCGCGCCGACACAACCGATCTCGGATCGGGTTGGAATGAATATCTCGCCGACTTCGGGATCCGGGCCAACGAGGTCTCCAACCTCGATACCGCCTCTCAAGAGGCACAGTGGCGCGCTTCTCTCGGTCCCAATCAGGAGGTCTCGGCCGACTGTAAAGTGAACGCTGCCGGAAACTCTTGCGGGGTCATGGCCCGGTGGGTGGATGGCAACAACTTCTACTATCTGCGGCTCGATCCCGGCCTGGGGAATATCGTGCTCATGAAGAAGGTCAATGGCGTCTACACCAACCTGGCGACGGCAAACCGGACGATGGCGTTCAATACCTTCTATCGGCTCCGATTGGTCGCGAACGGGAACACCCTCACCGCCTACTTCGCCGGAGAGACCACCCCCGCCATCACGGTGAGTGACATCTCGCTGGCGGGCGCTTTTTCCGGAATCCGCACCTACGCCACCGCGGCCGGGAACACCCGGGTAGACCGGTTCAACGCGGTTTCCCTCGGCGGCGCGATCAGCGAGACGTTCAACCGGGCGAACAACACGAACCTGGGAGGCAGCTGGAACGAGTACCTTCTTAATTTCGAGATCAATACCAACCAGCTCCGGAACAGCGACAGCGCAGGACAGGAAGCACAGTGGACAACGATGATCGGCGCCAACCAGGATGTTTCGGTTGACTGTAAGGTCACGGTCAGCGGGAACTCTTGCGGGGTGATCGCCCGCTGGTCCAATGCGAATAATTTCTATTACGCGCTGGTCGATCCAGGTCTGGGAAGCGTCGCGCTGATTAAAAGGGTAAATGGGGTTTTTACCCGCCTGGCGGTCGCCAGCCGGCCGATGAGCTACAATACTTTGTATCAGATTCGGCTGGTCACGCAAGGAAGCACGCTGCGCGTCTTCTTCAATGGGGAGAGCACCGCGGCGATTAACGTGACCGATACGAGCTTGGTCAGCGGGAATTATGCCGGGATCCGCTCTTACGCTACGGCGGCCGCCGCCACCTCCTTTGATAATTTCAGCGTCGGCCATCCTTAAGACCCGCCTCTCCTAAGAGAAGCGGACGGTAGCGAACCGGGGCGCCCTTCCTTTCCGAAGCGGGGGCGCCCCGGCCATTTTTCCCCAAAGCCTCCCTTCCCCCTTTTCATTCACCGCCGGACGGGTGGTCTTGATAAGACC
CP114553.1_gap44	1987201	1989497	2296	CTCCTTGGGAAAAGCCTGATCCCGATTGAACCAATCCCACTTGTTCCGGGCCGTTTTGAGAAGAACCGATCCGTCCGGTTGGCGCTCTTCGACGAACAGGGGGATCTTCTCGGCGAACCCGACAAAGGGATCTTCGGCCACGAGAACGGAGTGGACGCCGATCAAGGCCAAGACAAGTTCAAGGAGGCCGAAAAAAGCGGTGACGATGATGATTGTGAATAAAATGCTTTTCCAGAACGGGCGAGGGCGGCGTAGCGCATTGCGAGGAATGGTTTCCGTTTCGGTCGGTCTTTCTTTGTGATCTTTCTCATCCATCGTGCTGTCGCATATTATAACATCGAAATATGGGTATACAAAGACTTCCGGCCATTCCGATGTTTGCTCGATCATTACAAGGCTGGGGTTAAAGCGGCGACAGCGTTCTACGGTGATGCCGGGGAAAGGGATCTCTCTGAGGACCGTTTTCAAAAAAGCGTATAGATAAAGGGAGCGACCGCCGAGCTCTGTGTAAAAACGATCAGCGTTCCCAACAACACCAAAATCAGAATAATCGGCGCAAGCCAAAACTTTTTGCGCTCCTTCATGAATCCCCAGAGGTCTTTCAAAAAATCGATCATTAGAATGGTTTCTCCATCTGTTTTCGATTGAGCGCTTTGCTTTGGATCCGGTAACTGATCTCCTCCTTCTTCCAGGCGCGCCGCAGCGGGTCCCATCCCCACAGCCGCATGACGCGTCCGAGCGGAAAGAAGAGGAGATAAAAAACCAGCGCGAGAATGATCCGGGTGTTGATCCATCCGAGAATCCCCCCCACGATCATCCAACCCCGGAAAACAGGCGCCAAGGTCGCCGGCAGGGCCAAGGCCCAAACGACAAAGACACTTCCAACCACCCAAGGCCAAAGAACGAATTTCAGATTCCACAGCCAGGGAAAGAGCGAGCCGAAGAGCCCGGCGATAAAACACCCCATGAGGAGGCCGAACGAGCGGAGCTCCTTGACCGTCGGCGGGTGGAGAGGCTTTACGATTTGATTAATCCAGCTCAAACGTCTCTTTCCAGGCATCCTCTTTTTTCCAGACAGGTTGTTTCGGTTTGGCCAGCAAGAAATTTTCCAGGACCAGGTAATCCATTTCGGTCCGCATGAAACAGCGGTAGGCGTCTTCCGGCGTGCAGACGATCGGCTCCCCGCGAACATTGAAGGAGGTGTTCACCAGAACGGGACAGCCGGTCCGTTGCTGAAAAGCCTGAAGGAGTCGGTGGTAGCGGGGATTCGTCTCTGTGTGGACCGTTTGAATCCGGGCGGAATAATCGATGTGGGTCACGGCGGGGATCGAAGAACGTTTGACGTTGAGTTTATCGATGCCGAAGAGGCGTTGCTGCCTGGTGGCCGCTCCATTTTCTAGGCTATCGGAGGTCATCGGAAGACGGTGCTCCTCGCGGACCGATGCGGTCAGCAACATATACGGACTCGGACGATCGAGCTCGAAAAACGTGGAGACCGATTCAAAGAGAACCGAGGGGGCGAACGGCCGGAACGATTCCCGGTATTTGATCTTCAGATTCATGACCGATTGCATTTTTTCACTGCGGGGATCGCCGATAATGGAGCGGGCGCCGAGCGCGCGCGGTCCGAATTCCATCCGCCCCTGAAACCACCCGACGACCTGTTCCCGAGCGAGAATCTCCGCGACCGATCCCATCAACGGCTCGTCGTCCAGGTATTCGTAGACGGCGCCGACGGAGTCGAGATAACGTTTGATCTCGGAAGCGCTGAACCGGGGCCCCAAATACGCGCCGGCCATCCGATCGGTCCCGGTCACGGTCCGAGGCTGTCCCTGATATTGGTGCCGGAAGGCGAGGGCCGCGCCGAGCGCGCCCCCGGCGTCGCCGGCCGCCGGTTGAATCCAGATCTCCCGCATCGGGCCTTCCCGAAGAAGCCGTCCGTTGGCGACGCAATTGAGGGCGACGCCGCCGGCCAGACAGAGCGCATCGACCCCCAGCTCGCGATGAATCGTTCTCGCCAGACGCAAAACGACCTCTTCCGTCACCGCCTGGATCGAACGGGCAAGATTCATCTCCCGTTGCGTTAATTTTTCTTCCGGGGCGCGCGGCGGTCCGCCGAAGAGCGCATTGAACTTGGCGTTTGTCATCGTCAGACCGGTGGTGTAGTGAAAATAGTCCATGTTCAGACGGAAGGTCCCGTCTTCTTTCAGATCCAACAACTGCTTCAGGATCAGATCGACATACGCCGGCTCGCCGTAGGGGGCCAGGCCCATCAATTTATACTCTCCGGAGTTGA
CP114553.1_gap45	2039026	2042170	3144	CCGCACTCGCCTACCGATCGATCCCGCTGCAGTCGGCCTACTGCGGGGCCAAACATGCGGTCAAAGGATTTACCGACTCGATCCGCTCGGAATTGATTCACGACCAAAGCGGCGTGCGGATTACGATGGTGCAGCTCCCGGCGCTGAATACGCCTCAGTTCGGCTGGGCCAAGACGCGACTGCCGAATCATCCGCAACCGGTTCCGCCGATCTTTCAGCCGGAGCTCGCGGCGGAGGCGATCGTCCGGGCGGCGCACCATCACCGCCGGGAATGGGCCGTCGCCTGGCCCGTCGCCAAAGCGATCCTCGGAAATAAAGTGATTCCCGGCCTGCTCGATCGGTATCTCGCCGGGAAGGGCTACACCGGCCAGCAGACCGATGCGCCGGTCGATCCGAACCGGCCGGACAACCTCTGGGAGCCGGTCCCCGGTGACGGCGGCGCATACGGCATCTTCGGCAAGCGGGCGAAACGATCCAGCATCCAATACCGGCTGAACATCTACCGCGGGGCCCTCGCCCTCTCGACCATCGGCACCCTCGGCGTGGCGGTCGGAACCTTTCTCGGTTTCGCGAAGCAATCGACGGCCGCGCTCCGGTTCTCGATCGCCTCTTTACGGAAACCGAATCGTTTACGGAAGGGCCTCTCCCGGGCGCGGGCGGCATAGATCGGGCGATTACTCTTCTTTTTGAACGAGCTCGGAAGGTTGATAGGTCGGCCGCTCGTCTTCAATCGACACCATCCCGTAAATGAGATAGCCGTTGGCGGCGCGCGCCGTCTCCCGGACCCATCCCATCGAGAGATAAATCAGGATCGAGAGAAGGGCGAGGGAGATCAGCAGATAAGGGGCCGGCCGCCCCGCCGGCCCCTCCCATCGGTCCCGCTCCCAAATCCGCCGCCAGGGAAAGGCGCGGATGAAGTAGACGAGGTTGAAGAGGCCGAGGAGGATCAGCACGGCCAGCGCGATGTATTTATACGGCTGCATCTTCCCGAGCGGGTTGATCCGAAGATCGGTGAGGAGCGAGGCGTACGGGATGTTCTGAATCTGATACGGCGTCGCAAGAAGAAGCCCGGCGAGGGCGACCGCGGCGAGCGAGACCGGCATGAAGCTGTCGAAGGTGGCGGGGCGCGGCGTCTTCGACCGGACCGTTTTGTAGATGTGGATCGATCCGACGGCGACAAGGAGACCATAGAGGAGCGCGACCAGATCGAAGAGGGGGGAGCGCTCGCCGAGCATCAGGGTGAAGAAGGCCTGCGGCTGGCTGTACCGGATCTGGCGCAGGTAGAGAAACCCGCTGATCGGCATGATGAGGAGCGCCCCGAATCCGATGACAAAAAGAAGCCGCCCCGCCCATTGGTAATGGGCCCGGTCTTCGGGGGCTTTGGCGCGAAGATACCCGATCGCCGAAAGCCCGGCAAGGGCGAAGCCGGCCCAGGTGAGGTTTCCGAAGAAGCGGTGGATGTCGAGATGGAGGAAGGTGTCGTTGAAAAGCTTCGCCCAGGTCATCTGCGGCGGCGTCGGTGTCAGCATGTAGGAGGCGGTCATGTCGATCATCACCATGGCGATGAGGGCAAAGAAGGTCCCGATCCAGACGAACGAGAGATGGGCGCGCCGCCGCCAGCCGTCCAGGGCGCTCCAGTTCCAGGTGTAATACCAGGCGTAGATGAAGACCGCCTCTCCGAGAAAGAAGGTCGCCTCCAGGATGAACGGCCAGAACATGATCCGGAAGAGGGTGCTCCAGAAGCGGGGCCAGTAGATATTCAGCATGAAGACAAGGGTAACCCCCATGAACGAGACCGTCGCAGTGGTCAGGACCAGCGTAAAGGCGAGGGTCCGGGAGAGGCGCATGTACGGCTCCTTCCGGTTGAAGAAAGCGACGGTGGCGATGATCGCCCCGATGAGGGTCGTCCCGACGACGAAGGTGGCGAAGAGCCCGTGCGTCAGGGCGGCGGTGGCGATGGCGATCTTTCCGGTCAGGATTGAAACGTTCAACGGCTCTGTTTGCATCCAAAACCTCAATCACGGGGGCCGGGTGTCGGGGGCCGGGGGGCCGGCGTTCGAAGTAATATTGACCGACCCCTGGCCCCCGGCCCCCGGCCCCGCTGTTTTTAAACGGGCCTCGTCGTAGAGGGAGATGACGTTGCGGACGGTGTCGGGCCGCCGGGCCGTCTCCCGGATCGTCCCCATCGTCCAGTAGGTCAAAAGGGAGACGATGCCGAGCCAGACGGCGAGCCGGCGGACCGGCGATCGGTTGAGCTGATCCCCTCCCGCCGCGCGAAGCCCCTCCCGCCATCGATAGAGATAAAAGAGACTGAAGCCGACCAGCAGAAAGGTGAAGAGACGCCGAACGGCCGGCCGCTCGACGAAGAGGACCATCAGAAGCGCGCTCCCGAAGAGGAGCCACTCCCCGGGGAGGGTTCTCCCACGTTCCGCCCGGATCGATCTTAAGATCAGATGACTCCCTGTGAAGAGAAACGCGATCAGGACGAATTGAAGATAGACCAGCCACTGATAACGCCCCCGGATCAGCTGCGCATAGGCCTCCGGGGAGGCGCTCCGGATCTGCGTCGCGTAGAAGAGACCGGTGAACGGCTGGATCAACAGGGCCGCCAGTCCGATCAGAAAGCCGATCTTCAACAGAGGCGCATAGTAAGCCTCCCTTTCCGGATCGCCCCGTCCCCTCCCAAGCATCCAGCCGGCGTAAGCGGCGATCGCAAACCCGGCGAAGACGAAGTTGCCGAAGAAGCGGTGGACGACCAACGGCAGCCAGGTCGGATTCATGAGATTCGCCCAGTCCCCCTCGGCGGAAGCGGGTGTGAGCATGTACGACCCCATGCCGTCCAGGACCGCCACCCAGACCAATATGAAAAAAGCCGCCAGAAAACCGAGCGCGCGGTGGAGCGCGGGGCTCCGCCGCCGGATCGGCTCCCAGAAGTGATAATAGGGGTAGAGACAGAAAAGCTGCAGGAAGAATGCGCCGATCGCAAGATAGATCGGATACCGGAATTGATTGAACATCCACGAATTGGTCCGGGGGAAGAGCCCGACGAAAAGCTCGACCATGATCACCGCCAGAACCAGGCTCGCCGTGAAGGTAACCATGGTGAAGCGGGTCAGGCCGTGGGCGACCTCCGCGTAGAAACGA
CP114553.1_gap46	2122220	2123609	1389	CCCCCCGGCGTCTTGAGGCCGGTCTCATGCAGGTGGATGATGAGATCAATCGGCGTCCGGAAACGAACGGCGCGGTGCGCCCCTGTGGCCGCACCGCGCTCGATGAGGTGCGTCATGATAAAAAAGAAAACAATGTTCAGAACACCCCACATTCCTGAAACAATGCAGGCCGCCGCCATCGACCGGTTCGGTCCGCCGTCGGTCTTGACGCTGCATACCCTTCCGGTCCCGGAGCCGGGTCCGCATGAAGTGTTGATCGCGCTGCACGCCGCCGGCGTCGGCATCTGGGACGCGCGGATGCGGGACGGCGCCTGGTGGCCGACGAAAGATCCGGTCTTTCCGATCGTGCCGGGGACCGACGGCGCGGGAATCATCGCGGCAAAGGGGGGCGCGTCCGGCGTTTTGAGATCGGCGACCGGGTCTGGGCCTATGCGTATGCCAATCCGAAAGGAGGGTTCTACGCCGAATACGTGGCGGTCGACGCCGACGCCGTCGGGCATGCGCCGGAACGCTTGGATCTTCTGAAGGCCGGCGCGGCGGCGGTGACCGGCTTGACGGCGCTCCAGGGAGTCGACGACGTCCTTCGCGTCCGCCCCGGAAAAACCGTGTTGATCTTCGGGGCCTCCGGCGCGGTCGGAACACTCGCCGTCCAGTTCGCGAAATACCGGGGCGCAACCGTTTTCGGTACGGCGACCGGACGTGATGCGACGCTGCTCGTCCGCCGCCTCGGCGCCGACGGCGTGATCGATGCCCGAAGCGACGATGCCGTCGAGCGGCTTCGATCGCTTGCGCCCGAGGGGCTCGACGCCGTCCTGGCCCTCGCGGGGAGCCGGGCGCTCGATCGCTTTCTTGATCTCGTCCGCGCCGGCGGATGGGTCGCCTACCCCAACGGGGTGGAGCCTGAACCGAGGCCGCGCCCCAGCGTCCGCGTCCGCGCCTATGACGCGGCGGCCGGTCCGCGTGAATTCGCGCGGCTGGCGTCCGCCGTGGAAGAGGCGACGCTTCGCGTGCCGGTCGCGGAAGTCTATCCGCTGGCGCAGGCCGCCCAGGCGCATGAACGGCTCGAGAAGGGACATGTGCTGGGGAGGATTGCGCTGCGGATTCGCGGGGGACGCCGGTAACAGGGCAACAGAATCAAGAGCTCGTACTCTTCCAAAGGAGCTGGAACTCCAACGCATTCTCCGCCCCCCTCGCGTTCGTACTCGATGTTAAATTACATCAGTAAGTCCAGCGTAAGAGCGCATCGCCGGCTTTTATGTTCGCATTGATTTCCAGACGGGATAAATTTTCCAGGGGGGTGAAGAGAGCCGCTGCGCCGGTCGGCAATTTGTAGGGGCGTATTGCAATACGCCCCTACAAACGAACCGTACGACGTGCGATGCGTGTTCA
CP114553.1_gap47	2127222	2130172	2950	GACGGATCCCAGGAGGATCACCAGCGGGTCGCGGAAGGAGTTGAACTGCACCGCGAGCACCAGGAAGATCATGAGGATCGCGAGCCCCAACGCCGGAAGGAACTTCCCCCCTTCGGTCCGGAGCTGCCGCGACTCGCCGGTATAGTCGATCGTATAGCCGGGGGGCAATATTTCGCGCGCGGCGTTTTCGAGAACCTTCAGCCCTTCGTCGAGCTGGGCGGTCATTCCGGAGAGCTTGATCGCATTCATCTGCTGGAAGCGGTTGAGCGAGCGCGGCACCGTGCTGTCTCGGATGGTGGCGATCGCGCTCAGCGGAATCAGCCGGTTGTCCGGGCCGGTCACGTAGAGGTCCTTCAGTTGATCGGGATTGAGCCGCTCGGCGCGCGCGATTTGCGGGATCACCTTGTAAGCGCGCCCCGCGATGTTGAAGCGGTTCACGTAATTGCCGCCGAGCGCGGCGCCGAGATCGGCGCCGATCTGGGCGTTGTTTAGGCCGAGGGCGGCGACCTTCTGATGGTCGATGACGATTTCCGACTGCGGCTGGTCGTATTTGAGGTCGATCATCGGCGGGAAATAAAAAAGACCGCTCTCCATCGCTTTCATCTGAAGCTTCTCCGCCACCTCCAGCATCCGCTCCGGCTCGGCGGTCGACGCAAGGATGAATTCGACCGGGAAGTTCCCGCCGCCCGGCAGCGCGGGCGGCCTGGAGGCGAATACCTGCAGACCGGGAATGGCGGAGAGCTTGCCCTGCACCTCGGGAAGGATTTGAGTAATGGAACGATCCCGCTGCTCCCACGGTTTGACGACCATGCCGCTGAATCCGCCGACCCCCAATGCCGCGGAGAACGGATCCGAAGGGGACATGAGGATCTGAAAGGTCACATCCCGCTCGGGCGTCGAGAGAAACGCCTTCTCGGCGGCGCGGCCGAAATGGCTCTTCTGGTCCGCCGACGCGTTCGCCGCGTTGTTGATGATGCCGAACATCACCCCTTGGTCCTCCACCGGCGCCAGCTCTTTGGGTGAAAAGAGGTACATCGGGACCGTCAGAAGACTGAGGGCGATCCAGACGATGTAGACCGCGGGACGGGCCCGCATCGTGCCGTCGAGCATCCCCCCGTAAGCCTCGCGCAGCCGGTCGAAGCGGTGATTGATCCAACCGGCGAAGCCGCGCTCTTCCCGATCGGCGCTGCGGAGCAGCTTCGCCGCCATCATCGGCGAGAGGGTCAGCGCCACGATGCCGGAAATGGTCACGGCGCCTGCAAGGGTGAGGGCGAATTCGCGAAACAGCGCCCCCGTGAAGCCCCCTTGCAGTCCGATCGGCGTGTAGACCGCGGCGAGGGTGATCGTCATCGCGATGACCGGCCCGATCAGCTCGCGCGCTCCGACCAGTGCCGCCTGGAACGGCGTGCGCCCTTCGCGCAGGTGGCGTTCGACATTTTCAACCACGACGATGGCGTCATCGACAACCAGACCGACCGACAACACGATGGCGAGCAGCGTGAGGAGGTTCAGTGTGAATCCGAACGACTGCATCAAAAAGACGCTGCCGATGAGAGAGACCGGGATCGCGAGGATCGGAACCAGCGCCGATCGGAAGGAGCCGAGGAAGAAAAAGATCACGATCACGACGATGATCAACGTTTCGGTGAGGGTGCCGAGCACTTCGTGAACAGCGCTGCTGATGTACTCGGAAGCGTCATAGGCGACGCTCGCTTCAAGACCCTTCGGCAGATCGCGGCGGATCGAATCGAGCTCCGCGCGGACCCGTTTGACCACGTCGATGGTGTTGGCGTGGGGGAGCGGAAACATTCCGATGAAGATCGCGGTCTGCCCGGTGAATCGGACCTCCGTGTCGTAGTCTTCCGCGCCCATCTCGACGTCGGCCACGTCCCGCAGCCGGACGATGGTGTCGTTCTCCCGCCGGATGACGAGCTGCTTGAAATCCTCCACGGTGTGCAGGTCGGTGTTGGCGGTTAAATTGACCTGAACGAACGCCCCTTTGGTACTGCCGACGGCGGCGAGATAGTTGTTCGCCGCCAGCGCGGCGCGGATCTGCGCGGGGCTGACGTTCAACGCCGCCATCTGGGCCGGCTTCAGCCAGACCCGCATCGCGAAGGTGCGCGGGCCGATCAACTCCGCTTTCTGCACCCCCGCGAGCGAAGCGAGGCGGGGCTGAATCGCACGCACCACGTAATCGGTGATTTCACTCTGCGTCAGGACGTCCGACGAAAAGCTCAGGTAAGCGGCCGCGAACTCCGAGTCGGCCGACTGCACGCTGATGGACGGGACCTCCGCCTCCGCCGGCAGCTCGTTGCGAACCTGGTTCACCTTCGCGGTGATGTCGGCGAGCGCGCGGGTCGGATCGTAATTGAGTTTCAGGCGGGCGGTGACGAGGGAGAGGCCGAGGAGACTTTTAGACTCCACGTAATCGATGCCGTCCGCGGAGGCGATCGAACGCTCGATCGCGGTGGTGATGAAACCGCGCACGACATCGGCGCTGGCGCCGATGTAGACGGTCGCGATCGTGACCGAGGCGTTTTCACTTCGAGGGTATTGCCGGACGCTCAGCGTCTTCCAGGCCTGGAGTCCCGCGATGATGATCAGCAGATTGACCACGACCGCAAGCACCGGACGGCGCACAAAAATATCGGTAAAGCCTTTCATGAATCGGTCCTCTCAAATTGATAAAGACGGTGTCGGGTGCCGGGGGCCGGTTAAAAGATTTTATTTAAAAATTCTTCTCCCCGACCCCTGACACCCGGCCCCTGTTTTCTTAGCTGTTGCCGGGCTTCGGCGTTAATGTAAAGGGGGGGCCAGGGTGTTGTCGATGACCACCGCCATTCCCGGCCGGAGTTTGAAGACGCCGGTAGAAACGACCCTCTCGCCGATCTTGAGCCCTTCGGTCACGACGACAAAGTCCCCCTGTCGCGCCCCCAGGCGGACAAACTGC
CP114553.1_gap48	2140485	2142196	1711	GTCCGGATGCGGCGCTCGAAGGCCGGATCGAAATTGGCCGCGAGATTGGTCGCGAAGATCACGATGCCGTTAAACGACTCCAGCTCGCGAAGAAGCACGTTCACGGTCAGGTTCATCTCGCGGGAATGGGGCGTCGGGGCGCCGGCCGAACGGCGGGTCGCGATGGCATCGGCCTCGTCAAAAAAGAGGACGGCATTCTGCTCCACCGCCGCCTGAAAGGTCGCGACGATATTTTTCGGCGTCTGGCCCACCCACATCGACTCCGCCTCGGCATAGTTGACGACCAGAAGTTTCAGGCCGAGCGCATGCGCGATCGCCTCGGCGCAGATCGTCTTCCCCGTTCCGGGCGGCCCCGCAAAGCTGAAGACCAAACCGCGCCCCGCCGTATGGCGCTCCCCGAGACCCCAGCGGCCGAAGATCAGGGCATGATTCCGAACTTGGGCCAGCGCTTGCTCGAGCGTTCGCCGGGTTTGAGGGGGAAGGACGACTTCTTCCAACGTGCGCCTCGGAAGAACGGTCTCGACGACACGCCGCGACCCGAGACCGGTTAAAAACGAAATCAGCGGATTACTCATAAAGAACGCCCATCCTGATCTTGATCCTGATTCCTCATTCCTAATTTCCAGATTCCTAATTGCATTTCTAACCCTCCTCCGACAAGACCCACGGCTCCAAAATCTCCTCCGGCACCGGTTCAATAAATCGGGAAGGTTTCGTGAGAACGGCATGGCTGGCGCGATGAAAGACCCGGATCGGGTAAGAAAGATAAAGCTGCTCCTTGGCCCGGGTGATGGCGACATACATCAGCCGGCGCTCCTCATCCAGCTCCGCCTCGTTGGTGAAGGAATAGATCGACGGGAAATAACCGTCGAGCGCCCAGAGAATGAAGACCACCCGCCATTCGAGCCCCTTGGCCGAGTGGATCGTGGAGAGGACCAGCTTTTCTCGATCCCCGTCGGCTGGCGCCACGTCGACGATCGACTCGTCCGGCTCCAGGGCCAGGTCCGAGAGAAACCGGGAAAGCTTCCGATACCGCTCTGAAATGAGAAGCAGGTGCTCCAGATCTTTCGTCCGCTTGGGGTGGTCGTCATATTTGTTTTTCATCAGCGGGAGATAATATTCCATCACCCGCTCGATCTGGCCGGTCATCGAATCGGACGACTCCGCCTGTAAGAGCGCCTCCAACAGACGCCCGATCGGCTCGGCCTGCGCCCCCCGCGCGAACCCCCGTAGCGACTCTCTCCCCTCCTGCTGCACCTTCGCGATCATCTTTTGGCTGGTCCGCGGCCCGACCCCTGGAATCAAAAGAAGAAGCCGGTTCCAGCTCACGGCGTCGGAGGGATTGACCAGAATGCGAAGGTGGCTCATCAGGTCTTTGACATGCGCCGTCTCCACCAGCTTGAAGCCCCCCCGCTTCTCGAAAGGGAGATTGCGGCGGGCAAGCTCGATCTCCAGATCGAACGAATGAAAACTCGATCGGAAAAGGACGGCGATTTCGGAAAGGGGGATTCCCTCCTCCCGCAGTTCCAAGATCTTCTGGGCGACGAACCGCGACTGCTCCGACTCTTCCTGGGCCCGCACCAGCGCCGGCTTCATCCCCCCTTGCTTCCGGGTAAAGAGGCGCTTCGGGTATTGCTGCTTCGACTCGGCGATCACGGTATTGGCCAGATCGAGGACCGCCTGCGTCGATCGGTAGTTCTCTTCGAGCTTG
CP114553.1_gap49	2147828	2150700	2872	GAGAGCAACGGCCTGATCGGCCGTTTCTGCTCGAAGACCGAGATATTTATCTCGATGAACACAAATATTGAATTGATAACTTACTTTTGATCGAGCAAGCCATGCTGACATCCTTTCCTGAGAAGCGGTCCAGACAGCAAAGATCGATCCGCGATTCGATCGCGCGGGCCTTCGTTCCCCGGCCTCCGTCGGAATCAAGATCCCTCTCCCGACGTCACGCCTCCAAAGGGAGGGTTTGGAAGGTCCTTCACTCTTTTATAAAGAAACCGACATTGAAAATAAATTGTATCCGTGCCCGGCCGACCGTCTCCACAAAACAAACGGATACATGATCTTGGAGTGACCGTTCCGTGCCGAATCCACCTTGCGCGGAGCGGCCCCTTTCATCCGCGGCGAGAATTGAAGCTCCCCGCAGCAAGCTGCGGGGAATCTTCGACCCGAAAGGATGGAAAGACTCTATTTGAATTCGCGCGTCTAACCTTCGCAGCAAGCTGCGAGGAATGCGACGCGCGTGCGTGTTCAAGCGGCGCCGGCTTCGATCCGGCGCCCCCCTCGTCCAATCCCCGTCCCCCTCCATTCAAACACGTCACATACGTTCCCTGTAGAGACGTCCCGCCGGGACGTCTCTACCGCCATTGACCTTGTCTTTCCCCCCCCGTCCGGCCCTCTCTACAAGGTCTCCACCCATTTGTGTTAGAATGGAGTCACACCAAAATTTAAAGGTGAATTTTATGGAAAATAAGGAAGATCGGGAGCTTTATTTTTATTTGAAGCTGACACGCGAGTTTGAAGATCGCGTCTCCAAGCTCCATCGCCAGGGGAAAATTTTGGGAGGGGTTTACTCCGGGAGAGGTCAAGAAGCGATCGTGGTCGGCGTCTGTTACGGATTGCGCCGGGAGGACTTTATCGCCCCCATTCATCGGGACATGGGGGCTTTTCTCGTCAAAGGGGTCGATCCCAATCGCTTGATGGCGCAGCTCTTCGGAAAAAAGACCGGACTCTCCAAGGGAAAAGATTCTTTTCTTCACGCCGGGGACCTGGAGCGGGGGGTCTTCGGGGCGACCAGCATGCTCGCCTCCACCCTGCCGGTCGCCACCGGCGCCGCGCTGAAATTTAGAATGAAGAAAGAATCACACGTCGCCGTTGCCTTCTTCGGCGAGGGGGCGAGCAGCCGGGGAGACTTTCACGAAGCGCTCAACTTCGCCGGCATCCACAAATTGCCGGTCCTCTTCGTCTGCGAAAACAACTTTTACGCCTACTCGACCCCCCAGAACATGCAGATGGCGGTGGAAGATGTCGCCATCCGCGCCGAAGGATACGGTTTCAAGGGAGCGGTCTGCAGCGGGAACGACCTCCATGCCGTGATGAAGACCGCCCATGCCGCCGTCGAGCGGGCGCGCCAGGGAGAAGGGCCGACCCTGATCGAATGCAAGACCTATCGTTATCACGGCCACAGCGAGCATGACCAGCCCTTTTATCGCCCTCAAGACGAACTGATCGAATGGGAAAGCCGCGACCCGATCCAGCGCTTTGAAATTTATCTCGAAAAAAAGGGTACAACGTCGATCAGATGAAGGCCGACACGGAGAGAGAGGTCAAAGAGATCACCGACGAAGCGGTCCGATTCGCCGAAGAAAGCCCCTGGCCGGAGGGAAAAGAGGCGCTTGAGGATCTTTATGCAAATCCGTTTTAGCTGATGAAAGACGTTATTCGTTAAACGTTATTCGTGAACCGTGGTTGGTGATGTATTTACGTTTAACGAATAACGATGAACGTTTAAGGTTTTTGACAAAACAATGCCAACTACTTATATCAAAGCCATTCATGACGCGATGTTCGAGGAGATGAAGCGGGACGAAAATGTCTTCGTCCTAGGGGAAGATGTCGGAATCCTCGGCGGGGCGTTCAAGGCGACCGAAGGCTTTCTACAAGAATTCGGGCCGGAGCGGGTGATCGACACGCCGATCGCCGAATCGCTCATCGTCGGCGCCGCCATCGGCGCGGCGGTCTTGGGAATGCGGCCGATCGCGGAGATGCAATTCGCCGATTTCATCTCCTGCGCCTACGATCAGATCATCAACATGGCCGGAACCCTCCGGTACCGCCACGGCGGCGGCGCGCAGGTCCCGATCGTGATCCGGGGGCCTTCCGGGGCGGGGGTCCATGGCGGCCTTTTCCATTCCCAGAACCCCGAATCATACTTTCTCTCCGTCCCCGGTCTGAAGATGGTCGCGCCGGCGACCGCTTATGACGCGAAGGGGCTTTTGAAGGCGGCGATCCGGGACAACGATCCGGTCCTTTTCTTCGAGCACAAATATCTCTATCGACGCATCCAGGAGGAGCTTCCCGAAGAGGATTACATCGTCCCCCTCGGCCAAGCGGCCCTCCGCCGCGAAGGATCGGAGATGACCTTTATCACCTACAGCGCCATGGTCCATCCTTCACTCGCGGCGGCGGAGCGGCTGGAGAAGGAGGATGGCCTGAGCGTGGAGGTGATCGACTTGAGATCGCTTCGGCCGCTCGATTGGGACGCGGTTTTCCGATCGGTCCGGAAGACGAGCAAGGTCGTCATTATCCATGAAGACCGGCGGACCGGCGGCATCGGCGGAGAGATCTCCGCCCGGCTTTCCGAAGAGTGCTTCGATGCGCTCGACGGCCCGATCATGCGGGTGACGTCGGAAGACACCCATTATGCCTTCAGCCCCCCGCTGGAGGAGTTCATTCTGCCGAACGTCGAGAAGATCGTCGCGAAGGCGAGGACGCTGGCGGCTTACTGATTTTCTGAAGAGTCGGGACAGGAATGTCCCTCCCACATATTCAGAGGGAAATATGTCTACCAAAGTCGTTATGCCTCAAATGGGAGAGAGTGTTG
CP114553.1_gap50	2157363	2161165	3802	AAGTCGGATGGAAAGATCCGAGGAAACAGGTGTGAGGTTGCGAATGAGACAATCGCTCCGGGATTGGTTCGATGAGCGGGTGGGGCTCGATATTTTCGAGCGGATGCTTCAGAAGCCGCTCCCGAAGCGGGGGGCCTGGTTTTATACCCTCGGGAGCGCCACCTTGTCTTTGATCACGATTCAGTTCGTCACCGGCGCCTTCTTGATGTTCTACTACGTCCCCGACGGGGAATACGCCGAGCAGTCGATCCGGTACATCACGGAGCAGGTGAGCTACGGCTGGTATCTGCGGAGCATGCACCGGTGGTCGGCGAACCTTCTCTTCATCGTGATCGGACTTCACATGTTCCGCGTCTTCGTGAGCGGCTCGTTCAAGCGGCCGCGGGAGATGACCTGGGTGATCGGGGCGTTGATCTTTTTGACGGTGATCGGCATCGGCTTGACCGGCGGGCTTTTGCCGTGGGACGACAACGCCCATTGGATCGGAACGGTCTTCGGGAACACCCTCTCCTACTTTCCCCTGATCGGCCCCTTTCTTCGCAGCGCGCTCCTGGGAGGAGAACATGTCGGGACCCTCACATTGACCCGGTTCTACGCCCTGCACGTTTGGGTTCTCCCGCTGGTCCTCGGAATGTTGATTACATTGCACCTCTACCTGATCAGGAAGCACGGCCTCTTCGGGTCGGTCATCGAGTACCGCGATCAGATCGCGGCGCTGACGGCGAAGGGGGTCCCGCGGGAATCGATCATCGTGACGAAGATGACCCCCGACGAGACGGAGCCTTTTTATCCCGCCCAGGTTTTCCGGGACTCGATCGTCGCCTTCGGCCTGATCACCGCCGTTTCGCTTTTTTCGATTCTCTTCCCCTTCTCCCCTTACCGGGGCGAAGAGCCGCCGCCGACCGAGATCATTCCCCGACCGGAGTGGTTTTTCTGGTCGGTGGACGAATGGCTGATGTTCTTTCCGGGGCGGTTGATCCCGATCGGGCTGATTCTCGTCACCCTCTTTTTTCTTTTTCTCCCCCTCGTTCCGTTTGTCGAGCGCCACCCGGAGGTCAGCCCCATCCGAAGGCCGGTCCCGACGATCATCGGAACGTGGGTCTATCTTTTTATCATCTTCCTCGCCCTGATGGCGGGGGCGCGGATTTTCAACTATTGACGCAACAGGAGGATCGGGATGGAGGAGTCGTTGCTCGTAAGCCGATGGGCGATCGCGGTCACCGCGTCGTTTCACTCCCTCTTCGCCACCTTCATCGTCGGGGGGATGCTCTTGGGCGCCACGGCCGAATCGGTCGGGGTGCTCACCCATGAGCCGCGCTACGAGCGGCTCTCCCATTCGATCGCCCGCACCCTGGTGTTGATGAGCGCGACGGTGGCGTTTTTGGGGGTGATCCTCGTTTTCTTGCTGACGATCCTCTGGCCGGCCTTCTGGACCCTTCTTTTTCGGATCATGTTCTGGCCGCTGATCTTCGAAGCATCGATGTTCTTGGGCGAGGCCGCCTGTCTCTATCCCTGGTATTACAGCTGGGGGAAGTGGCCGCGGAAGACCCATCTGTTCATCGCCTGGCTGGGTGCGACCTTCGGGGTGATCGCGATGGTGATGATCGACATCGTCGGCTCTTTCCTGCTGACCCCCGGCCCGGTCGAGCCGTTTCTCAAACGGGCCATCAACCCGACGATGGTTCAACTGACCCTTCATCGGTTCGCCGGAAATCTGTCGTGGTTCGGCTTCGGCATCGCCGCGCTTTCGGCCATCCGTTATTTGCGGACGAAAGATCCGGAAGAGCGAGCTTATCATGAATGGGTCGGCGCCTTTTCGGTGATTGTCGGGTTCGGATTTCTTCTTCTGATGCCGATCATCGGGTTTTCCTATCTGAAAGCGGTCCGCTTCGCCTCCGAGGGGGCGTTCAGCCGGCTGATGCTCGGCGAGAAATCGTGGATCTTCGTTCTCCAGGTCCTCCTGATCAATGTTCTCTTTATCGCCGGAACCTGGTACATGTTCCGGATGGCCTATTTTCGATACAAAGAAAACCCCCATTTCAAGCGGTACCGGCTGATCACCTTCATCGTGATGGGCATCGCGGCGATCGTTTTCGTGATGCCCTACCAGATCCGCTACATTCCCTTCGCCGAGCACTTCACCTCGGCCGCGGTGAATCCCCTGGGAAAGATGCAGCCGCATAAATACATTGCGATGGGGGTCCTGATCGGATTGGGAATCCTCAATTACGGCTTCTATCTCAGCGCCCTGCGCTTCAAGTCGGAGTGGGGGGAGGCGGCCGTTTCCCTCAAGCGCTTCTGATCGTCCTCGGACTCTTTACGATCTTCTCGATGATCAACATGGGTTATGCCCGGGAGAACGCGCGATATCCCTATCTAATCTACGGCAAAATGACGATGGAAGATGAAAGAGAGATCGGCTTGGGAGGGGGCCGTTCGATGCGCGAAGCTCCCGACCGTCAAAAAAAGAGCCCCGACGATCGGAATGATCCGAACCCTCGGGGCTCTGAAGAATGAGGAGACGCTGATTACCCGGCCGGCGGTTCCATCGGCCCCCCTTCCTCTTGCGGGGTCACCTCGATCGCGTTGAGGACCACGACCAGGTCGATCTGGTCCCCCTCTTCGATTTGATCCAGCTGGCCTCTCGCCCCTTCCTCAACGGTAAAGATATTCACCATCCCCTCCAGGGTCCGAACAGCAATCAATCCGGTCGCCGGATCGACATCGAGCACCTCTCCCGAAACCGTTCCTCGCGTCGGGGTCATCGGCGTTCCACCCGGGGCCGGCCCTTCCTCCGATTCCATCCCCGGCTGCTCCGATTCCATCCCCGGATCGGGCTGCTGTTGATTCAGATCCCGCCCCGGTTGACCCTGCTCATCCGGCTGCGCCATTTGCGCAACGGTCGGAATCGGCCCCGTCAGAGCGAAGAGACCGATCATCATCAATCCAAGTAGCGCTAAAAATATTTTTTTCATCACCCATCTCTCCTTATCGATCAATGCAAACCCCGGGGCCGCATTACCTCGGACCGCCGGGGTTCGTTCAAAAGATTATGCGCGTCGCCGATGATCGGAAAACAGCGACACTGATTATCGGGTCATCTTATCGGGTCATTGGCGGCTGTTCCATCGATCCCCCTTGTGTTCCTTGTTGGGGGGTCGCGCGAAGGGTCATCACCAGATCAACCTGATCTCCTTTTTTGATCTGATTGAGTTGGCCTTTCGCCCCTTCCTCGACCATGAATCGGTTGGTCACCCCTTCCTCCGTTTTAATCTCAATCGTCCCGGTCTGTTGATTGATGCTGACGACCTCGCCGGAGAGTTTTCCCTGCGTGAGGGTCACCCCGCCGCCGGGAGCCGCCCCTCTTCCCTCTTCAAATTCCAGATCGGACGGCGGTTGCTGTTGATTGAGATCACGCTCCGATTGTTGCTGATCGGGTTGCGTCATTTGCCCATGAGACGTGATCGGTCCCATGACGAGCATTCCTATCAATAATCCAAATAGGACGAAGAATCCTTTTTTCATCACAATACCTCCCTTGCTTACAAATAAAAACCCGAACGGCCTTCCTACCGCCCGACGGGTCCGGCTAAAACAGTCGATATGGTTCGCTCTCTTGACGATCGGTCCGGGTCTGGCCTTGATTGCTGATCGGCTCGATCATTTCCGTCCGCAGACCCGATAGGGGCCACCTCTTCCGAGAGCGTCCTGCTCTCTTGTCCAACAACCGGTTGACGCTCCGGAACGCTCCCGCGCGGCCGGGTCGCTCCGATCGCGCTTCGGCTCTTCTTCTGATCTTGCT
CP114553.1_gap51	2182743	2187408	4665	CAGGCTCGAGATCGGCGTTGTTGGTGGCCGTCGCGGTACTAGCCAGGGTCAGCCCTTCCGCGGAGGGATTGAACGACGTTCCGTAGGCGGCGTAGAGGCTTCCGTTCGCCGCCGGCTTGAAGACGACGCCCCCCCGCCAGCTGAGCATCCGGTCGGTCCGCTCAAACGGGGTCACGACACCATCGGCCGCGCGCGACTGATAGTCGAGATCAAAGTAGTCCCACCGCAACCCCCCGGTGACCTCCCACCGCTCCCCGACATGGAGGGTATCAAAAAGATAAAGGGCGAGCGATTTTCCGGTTGCATCGTTTTTGGCGCCGGTCCGCCGGACCGAGAAGGGATAGGGATCGTCCGGGTTGGGGTTGAAGAGATCGGCGGGCGGGGCCGGCGGTCCGGTCCGGAGGTAATTCACCGAAGTCTCGTGACTGTATTCAATTCCGGTAGCGACGGCATGATCGATCCCGCCGGTCCGGAACCGGAGGGTCAGGTCGGTCAGGTTGGCCAGGATCGTGTCGGTCTGGTCTCGCGATTGAGGGTTGCGGGTGACCTGGGTTCCGGTGGTTCCAAAGCGGGGTGCGGTGATGATGGAGTCGCGCCGCGTCTGGCCGTAGCGGAGGAGGTTGCGGAGGGTCATGGAGGGATTGAAGTCGTGCGCAATCTCCGCAGTCGCGATGTCGGTGATCACCTTTTCGAAGTCGCGATCCTTGAGGCCGTAGTAATTGCTGAAGTCGACCGGCGGCGCGTCATTAATATAAGCTGCGAGGCTCGGGTCGGTATTCGTTTGCGGCACCCAGGGGATGCCGTAGCCGGCGATGTTGTCCTGATCGAGACGGAAGTAGCTGAGGGTCAAACGGGTCGGCGTGTCGAGTCCAAAGGCAATCGACGGGGCCACTCCCCAACGCTGATCGGTCACCACGTCCCGGCCCGGAATGTCGGCGTCATGCCAGAGGGCATTGAGGCGAAGGGAGGTTCCCTGTAATCCTTCCAGGGGCTGGTTGAGGTCGAGGGTGGCCCGCTTGTAATTGTCGGTGCCGACACCGATCGTCCCCACGTAGATGGGATCGAGGAGCGGCCGTTTGCTGACCAGATTGATCGCGCCGCCGGTCGAGCCGCGGCCGGCGTACGAAGAGGCCGGACCTTTGAAGACCTCGACCTGTGAGACGTTGAACGGATCGCGGGAGTAGCCGCCGAAATCGCGGACGCCGTCGATGAAGAGGTCGGTCCGGGCGTTGAATCCGCGAATCGACAGGTTGTCGCCGGCCGGAACACCCCCTTCGCCGGCCTGGAGGGAGATGCCGGGGACGTTGCGCAGCACGTCGCGCAGCGTCGTCGCTCCCCGCTCTTCGATCACCGCCTCGGGAATCACGGTGACCGTCTGCGGGATATCGACCAGCGGCTCGGTAAATTTCGGCGAGGCGGGCGCTTCGGGCTTGTAAGAATCCTCATCTCTTTCCTGTTGCCCCGGCACCACCACCTCCGGAAGGACGGCCTGCTCTTCATTCTCCTGAGCCCAGGCGAGCGTTCCCATCCCGATTAATGCCGCCGCACCGATGGCGCTGACAATCGACTGCGCAAAATGCGATTGACGCGGTTTCACCTCCAAACGAAGTTGTTTGGCGCTCTGCTCCTTCGCTATCGTTTTCAATAAGCGCCGGTTGCGGCGACAGGTGCGTTGCAGTTGTCTCATCCTCAGATTTCCCTCCTTTTGTATTAAGCGATGTTTTTTGTCTGTCGTTACTGCAGTTGAAATCGGATCGGCAGCGTCACCTTGCAGGCGACCGGCTCCCCCTTCTCGTCGTAGGCCGGAGTGAAGCGGGCCTCCCGCACTTTGCGAAGGGCTACCTCATTTAAAGCTTCGTCGGCGCCCTGCATCAACCGGACATCCCGAACCCGTCCGATTTCGTCGATAAAGACCGAGAGCAGAACCTGGCCATCTTTGCCTTTTCGTCGCGCCTTCCGAGGATAATCGCCAGGACCGATGAAATTGTCGACCCATCGAGGGAGTCGTGTAACCTCGGAAACGGAGCGGTACCGGCCTGCGCCGCCGAGCACTCCGCCCGCTTGCCCGCCGGGAATCCCTCCTGGAATATCTTCGGGAACACCCCCAGAAATTCCTCCAGGAACACCCCCAGGTTCGCCGGAGTCCGTTCCGTCGACAGAGACCACCTCCCCTGGGGTGGCTCCTTCCTCTTCCGTATCCTGAACCTCATCAGAAATGGCGGGGGGCTCTTCCGTGGAGGGGGTCTCGTGCACTTCCGGAATCTCTGGAACATCGGAGCGCGCTTTCGAGACCACCGGCGTAACCATCTCCGGCTTTGGCGGCGTCACCTCCTGCGGGAGAGGAGACGCCGCCGACTGCCGCTTCGCCACGGTCCGGGTCGGGGCGGGCGTTGCTTCCGCTGCCGGGGCTCCCGGTCCCGGCGGCGGGGGAGGGGCGGGGGGAACGGGTAAAAGCGACGTCATGGAGAGATCGAGTTCGGCCACAATGCGGGGCGGAGGTTCGACGGTGAAGGTATAGTAGAGCCCGCCGCCCAATCCCGCATGGAAGAGTGTTGAAAGGAAGATCCCAGTCTTTGTACCGCTCAATATCTGCTTGAGGAAAATCATCTTACCTCTCCGATCCTTGCTCCGAGGCCAATGCCACCCGCGTCACCCCCGACTGTTTGATGGCGTCGAGGATGCCGACGACCTGCCGGTAAGGGATCCGGCCGTCTGCGGCCAATGTCACCCGCACGCCGGGATTCAATTCCGCCTCGCGCGCCAGATTCGCCTTCAGGCCGTTGAGATCGACCGCTTCCTCCATCAGAAAAAGCCGGCCCTCGCCGTCAAGCGAGACGATCAGGCCGGCGGGAGTGGGAGGAGCCTCCGCCGCGGCAGTTTTGGGAAGATTAATCTTCAGCTCCCCGTTGGAAGTAAAATGGGCCGTCACCATAAAGATGATCAAGAGCACCAGGACCACATCGACCAGCGGCGTGACATTGATGCCGGTCACCACCCCGTCATCGCCGGAATCTGATCCGCTCATGCGCGCACCTCCTCTTTCTCTTCTTCCGTTGCACCGATAAGACGATGTGGGCCCCGCTTCGTTTCATCCCGCAAATAGACCTGCACCCTGTGAATGAGGCTTTGAGCATTGGCGTTCACTCTTTTTACTCGGGTGTGGAAAGCGTTGTTGGCCGCCACGGCCGGGATCGCCACGAAAATCCCGAACGCCGTGGCGATCAGCGCCGAGGAGATGCCGACCATCACGACGCCGACCCCCGACTGGCCGCTCGTCGCGAGATCGTTGAAGGCTTTGATGATGCCGAGGACCGTGCCGAACAATCCGATGAACGGCGCGTTGTTCCCCAGGCTCCCGAGAATAATCAGGTTGCGCTCCAGCGCGGCCCGCTCCAACACCAAACGGGAGGTCATCGCTTCCGACACGGAGGCCGGCCCCTTGGCAAAGTGCGCCAGACCCGCGGCCGCCACCCGGGCTTCCACCCCTCGTCCGTTCTCCGCCACCTGCCGCGCGCCCGCCAAGTCCCCCTCTTCCAAGCGGCCGGCCAACGTCTCCAGAAAACGCGGAAAGTCGAGCCGGTTTTTCCGGAAAACCCACCCCCGCTCCAGCATGACCCCCAAAGAAACCACGCTGGCGGCGACGAGCAGCCAGAGCACCCATATATCCCCCAAGAGGGCCAACCGATGAAATATCTCGTCCATACCATTCCTCGCTCTTTAGTGTTGATCTTTTTCCGATAAAACTCACCGAACAAAACAGGCCCATTCGGGGTTGGCGCAAAAAACCGCGCGCCGCTTTCATCTCATCACGAAACGTCCCCTCATGGAGAAGGACCCGGTGCCCTAACTTTCCGGCCGGGGTACCTCCGTTTTTTTCCTTCCCTCCGTGCCCTTCTTCTCCTGGCTTTTCGGATGCTTTTTTGCAGCCCTCAAATCGCCCCCCGATTGCAGCGGGATTAGATGAATCCGCTTGCACCGTTTGCACTTCAATTCGATCTGGTCTTTGATTATCCGGGCAACCAGATTTCCGCACAAACAGCGAAGGTCCTCCGAGTCTGAATTTTTCTCAACGATACGCTTCATGATTCAGCCTCAAAATAAAAAAGCCCAAAGCCAAATCACTTCGGCTTTGGGCTTTGGGCCTAAAAAAATTGCGGCGCGAGCCTCACTCAGTGCAATTGAGAATCAATCTCAATATCATCGACAAGATATCCTATTTCTGTTTTTCCTGTCAACATCTTTTTTTGAGAATGAATGGCAGGCCGGCAGGAGAAATTTTTAAGCTTGAATGCCGCTCGCGAAACGGAGGGTCGCCGTGACCAGTCCCGTCACGATCTCAATTTCGTTCTCGTCTCGCGGCGCATAGACCATGCAGACATTCGCCGGGATCAGTCCACGTTTCGCGACCGGGTGCTGCTCTCCCCACCCCTGCCGGATCACTTCTTGGGCGACCTCGGGTGGAAGCGCCACATGCAGGCTGCCGTCCGGCAAAGGATGGACGTGAGCGAATTCGGTCGAGATCATAAACGCTTCGCGCGGCCCGTTCACCGCTTCGGGAAGCAGCCGGAGGGCGCGGGCGCCCGGCACTGAGACCGCCGACGGATGCTCGATCACGCCGGGCAATGCAAAAAGGCGAGAGCAGAGCGCTTCAATGACGGAAGCCGG
CP114553.1_gap52	2194674	2195482	808	AAGAAGAACGTTACCTTCGCCAACGCGCTTCGGGCCATTCTCAGGCAAGATCCGAACATCATTATGGTCGGTGAAATTCGGGATCCCGAAACGGGCGAAATCGCGACGGAGTCCGCCCTGACGGGGCACCTCGTCCTCTCGACCCTTCATACAAACGACGCGGCCAGCGCGATCGTCCGTCTCGTTGAAATGGGAATCGAACCTTATCTTCTCGCCCCCTCTTTATTGGGGATTGTGGCGCAACGATTGGCGAGAAAAATCTGCCTGGAATGCAAAACACCGCATACCCCCGGAAAGAGCGATCTTGATGCGCTGGGACTGCTGGACGGGTCGGTCGAAATCGCATTTTTCCGCGGGAAGGGGTGCGCCGAATGCAACGGGACCGGCTACAAGGGAAGAATTGCCATTTATGAGGTCCTCGTGACGGATGAAACCATTCGCGGGCTTATTGGTGAACAAGCCCCCCTGGCGGCGATTCGCCAACAGGCCGCGCAGGCAGGATTTATCAACATGAGGCTCGACGGAGTGAGAAAGATCGCCAAAGGGTTGACGACGATTGAAGAGATTCTCCGTGTCACGCGGGGTCTCTAAACGCCGAAGACGATCGATGAGGAAGCGGCTGACTCACAAATTGACGAACCGGCGCGATCTGGTAGATTTTAGGTATGGAATGTCCAAAGTGCAAGGTTCGAAATGGAGATCATCGCTCTTTTTGCTGGAAGTGCCGGTTTATGATCGCGCTTCATTGCCGCTCTTGCGGATCACCGTATAAGAGCGGCACGGCGCATTGCAACGGGTGCGGGAAAAA
CP114553.1_gap53	2207861	2212534	4673	TTCTACTCCGCTCCCGCGGTGTTCGGGCAAATATCCTGGTAGGCGCAATACTGGCAGGCAATATAGGTCGGCCGGGCTTCGAAATCTTCCTTTCGAATTCCTTCTGCGACCACGTGAACCTTCTCCTGCATCTTCTCAATCTCTTTCTCTTTCCGCACCGCCGTTCCAATAAACCCCGAATCGAGAAAGTGCAGCTCCACCCGAACCGGCAATGTCCCAAACCGCTCCCGGTACGACCAGGCATAGAGCGTGAGCTGCGGATTCTCTTTGGCTTTCTTATCGGCGGTCTTCTGGTCGTGTACTTCGGCGGTTTTGTAGTCGATAATCACCCCTCCTTCTGGCGTCTCATCGACCCGGTCCCATCGCCCCGCAATCCGGTTCCCTTCAAAAGTGAATGAAAATTCTTTTTCGATGTAGGTCGGCTTCCGCCCGCCCCGCTCCTGCTCGTCATAGAACCGCCGGAGCGCCGCGTGGCCGGCGGCAAGACGTTGCTCCTCATGCTGGCGGCTTAAGAACCCCTCGCTCCGCCAGGCACGGTTGAACACGATGAGAATTTCCTCGAATGGGATGGTTTGATCGGTCATCTTCGCCGAAAGATAGGCCGCCACCGCCTGGTGCATCGCATTGCCGTAGAGGACGGCATGATGCTGATAGATCGGCACACGGAGAATATGCGTGTACTTGTATTTCAGCGGGCAGGTGGAATAATCATCAATCTGATAATGCGTCAGATAAAGCGGCTCATCCGAAGCCGGAGCGCGGCGCGTGAACAGATCTGGCTGCTCCACCGCCCCATGCCGGGCGATCGCCTCCAGGGCCGATGCTTTCGTCGTCGGCACCGCCTGAATCGGGAGATTCAACGCCTCCAGCACGAAGGGGCTCACCTTCCGCTCGCGCACCCCGCCGATGTCGCGGGCGCTGGTCAGATAAAGTCGCCGCCGCGCGCGGGTCATCCCGACATAAAACAGCCGCCGCTCTTCCTGGATATGGAAATCCCCCTGCGGGAGCACTTCCTGGATGAGCTCCACCGGCAGCTCGATGCGCTCGCTCCGCTCCCGGCTCGGAAACTTCCCGTCGACCAGGCCGACCATGAATACGGTGTCGAACTCCAACCCTTTCGACTTGTGGATCGTCAGGACCGAAACCGCCGACGCATCGACATCGGCCTCGGCGGCGGGGGGATCTTCCCCGGCCTTGATCAGAAGATCGAGATAGGCGACAACGTCATGCAGCGCCGCGGTCGGGGTCAATTGCTGGAAACGGCGGATCTCCTCGAAGAAGCGGGCGACGTTCTGGATCTTCACCTCCTGCGCCGTCGTCATCCGCTCGGCATACTGCTCCAGTAGGCCGCTGCGGCGGATGAACTCGTAGAGGACCACCCCGGCATCGACCTCCCGCGCCCGCTGGAGCGAGGCCTGTAAATCGGCCAGCAACTTCTCGAGGGTCGCCGCCGCCTCCGGCGAAACGGAGATGCCTACCGATTCAATCGTCTTAAAAACGTCATAAAGACTCTGGTTCTTCCGGCGCGCCAACGCATTGCATCGGGCCAAAATTTCATCCGGCAAGCGGTAAAGCTCCGAGGTCGCGAGATAGTAGAGGCTGCTGCTGTCGTGGAAGTCGGCGACCGCCCGCATGAAGGCGATCAGCAGCCGGACTTCCGGCCGCGAGTAGAGGCCCCGGTTGCCGGTGAACCGATAGGGAATCCCGCGGACGTTCAGCGCCCGGAGAAACGAATCGGCGTCGGCATTCCCTCGGACGAGGATCGCAACATCACCCAAGTCGAGACCGGCTTCGTGCTCCTCGGCGATGATCCGCGCCACCGCGTCGGCCTCAGACGAGAGGGTGTCATAATGGAGATGGACCACCGGCGGCTCTAAAAGCGACGGCGCGGTCTCCTCGACCTGGGATATCAGACGTTTGTCGATCTTCTCCTGAACCTCCAGACGGTCGGGGTTGTTCTGCTGGATGAGACGATATGAAACGTCGAGGATCGGCTGGACCGACCGGTAATTCTCGGTCAGGACCACCCGCTTCGCGTCGTGATACATCTTACCGAAGCCAAGGATGTTCGAGATCGCCGCCCCCCGGAACTTGTAGATGCTCTGATCGTCATCGCCGACGACGGTGATGTTGTGGTGGCCCTCGGAGAGGAGGCGAACCAGCTGGAACTGGGCGAAGTTCGTATCTTGAAACTCATCGACCAGGATATACCGGAACTGCGACTGGACTTTTTTAAGAACGGTCGGGTTCTCTCGAAGCAAGCGCAGCGCCATCGAGACCTGGTCGCCGAAATCGATGCACCCCTCCTCCATCAGAAGATCCTGATAACGCCGGTAGGTCTCGGCCAGCTCCTTCTCAAAGGCCGCTTCTTCCAAGAGGCTCGGATCTTCGGGGGTGGCGAGGGCCTTCGTCAGCCGCCGGTCGGCGTAGGCAAGATAAGCCTCCGGGCCGACATCCTCATCCTTGGCGCGCGAGAAGAGGGAGAGGAGCGCTTCGATATGTTTGGTCGGGTTGCCGAGGGGGCGAAAGGTCTTGAGGGGGAGCGAGAAGAGATGCTTTCTGAAAAAGATCACCTGCTCCGGACGAGACAACACCCGAAAATCGGGGGTAAGCCCCAGCCGCAGGCCATGCTCCCGCAAAATCCGATCGCCGAAAGCATGGAAAGTCGAGATCGTGATGCCGGTATAGCCGTAGGGAACCAGCAGATCGACCCGCTCCTCCATCTCTTTCGCCGCCTTCTCTGTGAAGGTGAGCGCCAAAATTTCATGCGGCTTTGCTTTTTTGGTCGAGATGAGGTGGGCAATCCGGCGAGTGATGACGAGGGTCTTTCCGGTCCCCGCCCCGGCGATGATCAAGAGCGGCCCTTCGCCATGCTCCACCGCCGCTTTCTGCTTCGGCGAGAGGGGACGGGTGCCGGCTTCCGATCCGAGAAGAGAAGAGGGTTCCATTTGGAAAATGTAAAGAAAGCCGCCGAGGAAGTCAATGGAAATTAAGGACGAAAAATCCGATGCTAGTTCGGACTAGACCGCACCCGCCGATCGGATTCGTTCGATCGCCGATCGGAGGGTTTGCTGGACCTGTGCGATCTCATCATTGTTCTTGTAGGCATGGCGCGGCCAGAAAAATCCCTTCAAACCATCCCCTTTTCGGCGGGGGACAACGTGGATGTGAAGGTGCGGGACACTCTGGCTGACACGGTTGTTGATCGCAATAAAGGTCCCCTCGGCCGCCATCCCCTCCTCCACCGCGCGGGCCAGCAACTGCGCGCTGCCGAAGAGCGGCGCAATCAGAGCGGCCGGAAGATCGACCAGCGTCTCATAATGGACCTTGGGCGCAAGCAGGAGATGCCCTGCGAAGAGGGGGCGATGATCGAGGAAGGCGAAAGAGACCTCATCCTCGAAAACGGGATGGCTTGGGACCTCTCCCCGGATGATTTTGCAGAAACCGCAATTCGAACGTTCTGTCTTGGGCATTTGATAATCCATCCCGAAACCTTGATCTTTTTTCGGGATGGATTATACAGGAGTGGACTGCTCAAAGAAAGGAAAAGGCGGGAATGCGCCAAAAAATACTCGATCCCCCCAGAGAGGATCGCGCAGTTAACGGAGTGAAACAGGAGGCGTTCTTCACCGGTTCCGCTAAAACCGGTTTGCGCGCGATCGCATCCGCAAGCGCCAAGCGATCCGGGCCAGCCAGATCATCCAGATCACCGTCAGCGGAATCGCCAAAACGAGCCCGATGAAGAAGGCGGAAACAATCACCGCCAGGAAAATCGTCAGGCCGAAAAGGGTCATCAAGCTGAACTTCAACCGCTCCATCCGGCTCAACGGGCGGAAGACCGGCCCCCTGCGCCATTCGCGATCTTCAACGATGACTTGGTAAACCTCTTCGTTCTCTTCCGGCAACTTTTCCATCGACACCTCCTTCACATGATTCTTATTTTCATCCTATCACAGTGAAAGATCGGATACCATCACCGGCAAAAGACACGGATCGAGCAGCCCTCAGAGCCGATGATGTCAATGGTGGCCGCCCTGCTCCTCGGGCTGACCGGGTGGAGGGGTAGGTACCGCCTCCGGTCGGGGCCGGAGAATCGACGCAACGACGGAAACGATGAGAATTCCGGCGATCACCGCAAGCGCGATGCCGATCGGCACCTTGTAAATGTCGGAGATCAACATCTTCGTCCCGACAAAAACAAGGATGAGAGAGAGACCATAATGCAAATAATGGAAGAGCTGCATGATGCCGGCCAGCGCAAAGTAAAGGGCGCGCAGTCCCAAAATGGCAAAGACATTCGAGGTGTAGACGATAAAAGGATCCCGCGTCACCGCCAGGATGGCGGGAATCGAATCGACGGCGAAGATCACATCGGTCGTCTCAATCAGAAGAAGGACGACGAACAAGGGGGTGGCCCAACGCTTTCCCTCTTTTAGAACAAAAAAATGGTCGTTGTGATATTGGTCGGTGACCGGGACGAACCGGCGGAAGAGCCGGAGGACCGGGTTCGCTTCCGGGTGAAGCTCTTTGTCCTTTTGAAAGGCCATCTTGATGCCGGTGATAATCAGAAAACCGCCGAAGAGATAAATCATCCAATGGAACTTTTCAATCAGCGTAATCCCGGCGGCAATAAAGATGGCGCGCATGATCAGGGCGCCGAGAATCCCCCAAAA
CP114553.1_gap54	2214162	2215026	864	CATTCCGATTGAAGGAAAATTGAGAACTGCCGCGTATCTATTTATTCTTTCAAGAAGAAATAACCGTTCGGCATGAAAGAAGAACAGACGGGAGAAAAGAGGATCAGGGCGAGGAGAAGCCAAACGGCCACAGGGGGTGGGGCGTCTTTGCTTGTTATTCGGACGAGGGGGACGCTTCGCCCCGTTCGTCCGCAAGAGAAATCCCGTACCGCCGCGCCATCCGGTAGAGGGTCCTTCGGTCGACTCCCAAGATCCGCGCCGCTTCGGTTCGGTTTGGGATTTCACGAAGAACCCGGATCAGATAATGCCGCTGCAACTCATCGAGCGACATGAGCGGAAAGGGAGGAAGCGCCTCTCCCGTAACCGCCACATCCCGAATCGACAGAGGGAGGTCGTCCGCAAGGATGATGCGGCCGGTCGTCAAGACCACCGCCTGTTCGATTGCATGTTGCAGCTCCCGGACGTTTCCCGGCCAGTCGTACCGGCACATCGCCTCAATCGTCTGGGGATGAAAAGAGAGATCGTTTTTTTTTGTCTCGGCGGCATATTGTTTCAAGAAATAGTCTGCCAACAAGGGGATATCCTCTTTCCGCTCCCTCAAAGGGGGAAGGGCAATCGTGACGACGCGGAAGCGATAGAGAAGATCTTCCCGGAACCGGCCTTCTTTCACCCTCACATCGAGCGGCTGGTTGGTCGCCGCGACGATTCGGACATCGACCCGGATCGGATCGTTGGCGCCGACCCGCCGGACCTCCCGCTCCTGAAGCGCCCGCAGCAGCTTGGCCTGAAGCGAAAGGCTCATCTCTCCGACTTCATCGAGAAAGAGGGTTCCCCCTTCCGCCTCTTCGAAGAGCCCCTTTTTGC
CP114553.1_gap55	2223987	2225269	1282	GACACTTCGCCGTCGGACAATTCGACGACCAGCTCGTCCATCAAATGACCCGATGGAGTGAAGAAATGAAATTTAAAATTGCTCCCCTCAGAAGCTTCAATGAATTGGTCTCTCAAGAAAAGTTAGAGTATATCAAGACATTCCACCAGCCGATGGCCGAGCTCTTTCCCAAGTAGAGCGGGAACAAGATGGACATCCAAAATAGTCTTAGCTTTTTGGCGGGAATCACCAATCTGGCGCTGGGTTTTGTCGTTTGGTCCCGAGGCCGTAAGAACACCCTGAACGCGCTGTACAGTCTGGTGGCGCTGAGCGTCGCCTCCTGGTGTTTCTCGGTGATTCCTTTCCGTTCCGCCGTCGATCCGATTGAATCGCTTCTCTGGTCTAAGATTTTATATATCAGCCCGATTTCCATCGTGACCTCCTTCTTGTTCTTCAATTTCACCTTTCTTTCTCAGGAGCGCTCTTCTCGACTTGCCTATCTGCTCCCCCTTGTACCCGCATTGGGGATTCTGGGGCTCACCCTGCTGCCGGAGATGGTCATCCAGGCCGTGCTCCACACCGCCTCCGGCGAAAAACAAATTGTTTTCGGGCCCGCTTATCCGATTTATTTCATCTTTATCATCGCCTATTTCTGCTGGTCCTTCATTATTCTGAGCAAGCAATATTTCAATTCCTCCGGAATCAGCCGGATGCAGATTCGCTACGTCTTCTTCGGCACATTCATCTCGGCCAATCTCGGAATGATCACCAACTTGATCCTTCCGACTCTCGGCATTTTCTCCCTCAACTGGCTCGGCCAGATCCTCACCATCATTATGAGCAGTTTTATCGCCTATGCCATCGTTCGCTACCGCCTGTTGGACATCAAGATCATCCTCAAACGCACCCTCGTTTATTCCATGCTCTTGATTATCACCTTTTCCGTTTATGTCTTTATGATTCTTTTTTCTCAGAATACCTTGGGGGATAAATCCGAGCCGACCTTCCGGATGTTCCTCTCCGCCCTTTTGGTGGCCATCGGTTTCGAACCGTTGAAGCGCTTCTTTCAGCGGGCGACCGATCGGATTTTTTTCAAAGGCGAGTACGACCAAAAACTCCTCCTCTCCCGGCTTTCCACCATGATGCGGAACACGATCAACCTCGAAAAGCTTTGCAAAGATCTCACCTACACATTGATGACCAAGCTGACGGCGAAGAAGATGGCGATTCTCTTGGTGGAAGAGGAATCCCCTTTTGTCATTATCGGCGCTCAAGAAGGTTTTGACGAAGCAACCCTTGCCCT
CP114553.1_gap56	2237797	2242595	4798	CCGGTCACCTACGGCGGCGCCTTGGTCGGGTTTATCGGCTTCGACTCAATCCGCGCCGAAAAGAGGTGGGCCGAAGCGGATATCCGCCTCTTGAAGATGGTCGGAGAGATCATCTCCGCCGCCCTGGAGCGCAAGCGGTTGGAGGAGACCCGGCGGGCCACATTGGCATACATGTCGGCGATGCAGCAGATCTCCGAAATCATCGAGCAGACGAACGACGTGGAAGAGATGATCACCCGGGTCATCGAGCGGATCCGCCAGATCTTCAACGCGGACCGCGCATGGCTTTTTTATCCCTGCGATCCGGACGCCCCCACCTGGCGCATCCCCGTCGAGAGCACCGTTCCGGAATATCCCGGCGCATTCGCCAGAAATGTAGAACTACCATGGGATCCGGTCATCCGGGAAATCTGTCAAGCCTCGCTCGGACAAACGGAGCCGGTGACCTATGGACCGGGCCACCCATTCCCGGGAGAGCGTCCTTGGCAGCAGGAATTCGCCATCCAGTCCCATATCTCCACCGCCCTTCGGCCCAAGCTCGGCAAACCGTGGATGCTCGGTCTGCACCAATGCTCCCATCCGCGCGTCTGGTGCCCGAACGAGAAGCGGCTCTTCAAAGACCTCTCCCGAAAAATCGCCGACGCGCTCGACAACCTGATTCTCTATCGGAATCTGCGCCGATCGGAGGAGCAGTACCGTTCGGTCGTGGAAAATGTAAAGGAGGTCATCTTTCAGGCCGACATCCACGGCTGCTTTCAATTTCTCAACCCCGCCTGGGAAACGATGACCGGCTTTTCGGTCGAGGCCAGCCTCGGCGCCCCTTTCTGGAAATACGTTCACCCTCCCGACAAGCGAAAAAATGAGGAGCGTCTTCGCTCGCTCACGGCGGGCAAAAAAGAGTCGGCCCGGTATGAGACCCGCTACCGGACGAAGGAGGGAGGGGTCCGGTGGATCGAAGCCTATCTTCAAACCGCCCGCGACGCCAAGGGCGCTTTGACCGGACTCTTCGGCACCTTAAACGACATCACCGAACGGAAACAGCTGGAAGATCAGCTCCGGCACGCCCATAAGCTGGAAGCGGTCGGCCAGCTCACCGGCGGGGTCGCCCACGAATTCAACAATCTCCTGACGGCGATTACGGGAAGCCTCGATCTCGTTCTCGATCAGCTTCCTCCCGGCGGCGAATTGCACGGCCTCGTAAATACGGCCGAACAGGCCGCCTGGCGGGCGGCCTCGCTCACCAAACAACTCCTTTCATTCAGCAGGCGAAGTCCGATCGACCGGCGACCGCAAAATCTCGGGATGGAAGCCAATGAGGTGGCGCGTCTTCTCCGGCAGGCGATCGACCGGCGGATCCGGATGGAGATCGACGTCGCGGCCGATCTTTGGTCTGTATTGGCCGATGCGGGGGAGATGAACCAGCTGATGATGAATCTTTGCGTCAACGCGCGCGATGCCCTGTTGGAGAAGATCGAAAAAAATGCGGACGCTTCCGCGCCGCCCGACTGGGAGCCGCGGATTCTGATTCGCGTCGAAAATATGGTCGTCGATGACGCGCATTGCCAAGCGCACCCCAACGCCAAAAGCGGAGACCATGTCCGGCTCTCCATCTCCGACAACGGCATTGGAATCGATGAGGAGATTCGCCACCGGATCTTCGAGCCCTTCTTTACCACCAAGAAGGTCGGGCGGGGGACCGGATTGGGACTGTCGGCGGTCTACGGAATCGTCGCCGCGCATCAAGGCTGGATCGAATTGGAGAGCGCGAGAGACGAAGGAACCCGGTTCTCGGTTTATTTTCCTCGGACAAAGCAGGCCGCCCCGATTTCATCGATTGCTCCCTCGTCCGAAAAACCGGCCATGGGGGGCGGAAAAACGATCCTTTTCGTGGACGACGAAGAGGCGATTCGCGATCTGGGGAGAGCGATTCTGGAGCAGAAAGGTTATCAGGTTCTGACGGCGGGGGACGGCAGGGAGGTGATAGAGATCTTCTCCAAAAAGAAAGAAACGATCGACCTGGTCATTCTCGATGTGATGATGCCTCATCGATCGGGGGGAGAAGTCCTCCGTCAGCTTCGTCAAATCGACCCGAAGCTGAAGATCATCATGTCGAGCGGCCACCGGACCGATCACTCCTTCGACTTCACGAACGTCCTCTTCCTCCCGAAGCCCTACCGCCCCGACGATCTTCTTCGAAGGGTGACGGAAGCGCTTCAGCAGCCGTCGGAATAATCCGATGCTTCACATTCGGCCCGGTGATGATATCCTCCCGAAACTGAAGGAAGCGGGCCTTCCCGGCGAATTCATCCGGTGGGCCGATGCGCTCTGTCAGGGACCGACTCCGGCCGGTCTGCCGCAGGAGGAATGGCGAACACTCCGCGCGCGGTTCGCCGCGGAAAACGGCTACCTTCCTTTCGATAAAGCCCTCTCGTTTCTCGCCGAACAAGATCAAAACCTTGAACGCTTCCGCGAACATGACCGGGTGCTCCTCTGGTTCGAGCACGACCTCTTCTGCCAGATCAATCTCATCTACCTGCTCGACTGGTTCTCCCGGCAAAAACTCGGCAAGACGAAACTCTTCTTAATCTGCATCGGAAAACATCTCGGCCATTTAAGCGGCGAAGAATTAACCCGGCTCTTCGGAACCGAACACGAGGTGACTGCGGCGGAGCTCGATCTCGCCCGCCGCGCCTGGAGCGCTTTCTGCTCCCCCGACCCAACCGGGATCGAGCGGCTCCTTCGCGACGGCACCGCCCCCCTCCCCTTCCTCCATGACGCCCTGCTCCGTCATCTCCAAGAGTTTCCCTCACGGAAGAACGGATTGAACCTGACCGAGCAATGGGCGCTCGAGGTGATCGCCTCCGGGGAGAACCGGCCCGATCGAATCTTCCGGGAAGTCAATCACCGCGAGAAGGTCTTCTGGATGACCGACCTGATCTTCTACGCCGCGCTCAAGCGGCTCACCGCAGGCCCCTCGCCGCTCCTCATGACGGAGCAGATGCTTGAGGTCACCGGCAGCGGCCGGGCCGTCCTCGCCGGCGACGCCGATTCAATCGGGCTGAACGGGATCGACCGCCGGCTCGGGGGGGTTCATCTTCATGGGAGCGAATCGGCCTGGCGCTGGGATCAAGACCATCAGCGGCTGATCGTATTGCCCTAAGCCGCAGAATTTCAAATCGCTCTTCGGCATTCCGGCGCCGGGCCCCCGTTGAATTCCGGGCCTCGATTCGGTTATCATCCCACCGGGATGAAGCAAGCGAAAACCGATCGGCGCTTCAAACAGGCCGGCGTTTCCCTCTAACCGTTTAACTCCGGATCTTCGCAGAGAAAGGAAGAGGCATATGGAATTGGATATGAGAAAGCAAGGTTACAACCAGGAAGAAGAATATTTTTTCAAGAAGAACCAAGAGCTGATCGAAAAGATGCGGAAAGAGCGCGAATCCCGCCGGGCCGAGGAGGAGGCCCTGGCCCGAAAAAACACCCACTGGATGAAGTGCCCCAAGTGCGGCTCGGACCTCCAGGAGGTGGAGCATCTCGGGATCAAGATCGATCGCTGCAGCAACTGCTCAGGTGTTTTCTTTGATAACGGCGAGCTCGAAATTCTCCTCCAGGCCCAAGAACCGAAGGGATTCCTGAGCGGGTTTCGGAAGGTCTTCAAGAAATAAAGGATGAACCGCCTCGCTTTCCGCGCCGTCCGGTTCATTGCCCTCTTCGTTCTCCTCGCCGGATCGGCTTCGATCGGCCGCGCCGCCCTTTTTGAGACACCCGACGCCCGGTTCGAAGAGCCCGCCATCGGCGAATCGTCCGGCTTGGTGAAGAGCCGTCGTCTCGACGGCGTCTTCTGGACGCATAACGATTCGGGAGACCGCCCGCGGCTCTTCGCCGTCACCCGAGAGGGCCGGTCGATCGGCGCCGTCGAAGTTCTGAACGCGCGGAACGTCGACTGGGAGGACATCGCGATCGATGATGTCGGGTTCCTCTATCTCTGCGACATCGGAAACAACCGAAACCGCCGGACCGATCTCGTCGTCTATCGGGTGCCGGAGGTCGATCCAAGGCGCGTTCGAACCGTCAATGTCGCCGCCCGTTTCCCCTTCCGCTACCCCGGCCTTCGCTCTCCCGACGCCGAAGCCTGCTTCTTCGCCGACGGTGCCATTTACATCCTCACCAAAGAACGGGGCGCCGACGAGACGTTCCTTTATCGGCTCGACCTGTCGCGTCCGGAGCGCGAGCAGACCGTCTCCTTTGCCGGCAAAACCGAGATCGACGGCCCGGTCACCGCCGCGGACCTCTCCCCCGACGGATCTCGCCTCGCCGTTCTCACCTACAATTCCATCCATCTCTTCGAAAAACCGAAAGACGGGGATCGTTATCTCGCCGGCAAACGCCGGAGTATCTTCTTCTTTTTTGGTCAAGCCGAGGCGATCGCCTGGGACGGCGACGAGTTGATCGTCACCAACGAGGCGGGGGAGATCCTCCGGCGGACTGAGTTCAATCTCCTCCCCTTCTCCGACTGATCGGCCTTTTTTTTAATGGAAATTGGAATGAGGATAATTTATGATCAGATCATCCCGACGCGAAAGAACAATCGACCTAGAAAACTCCGTGAACCTCCGGAGAGCCATCATCATCGGATTTGTTCTGCTGACTCTCTTCCTCCCCTCCTCCGCTTCCGCCGAGGAGCCGATCTCTCTGGAAATCTTGTTTGACGGTGTGCCGGCGCCAGGGGGAGGATGGGTCCTCACCGTCACCCTCCTCGGCCGGGCCGATCTCGATTTGACCCACCTGACCGTCGAAG
CP114553.1_gap57	2246496	2249870	3374	TTTCTGGAAGTCGCGGAGCGCCTGTTGCGTGCCGGAATCCAATTTTCCGCTGGGAGCGCCGACGTCGTATCCCTGGTCATTTAGTTTTTCTTGGACTTCGATGATCACCACCTCGGCCACGACCGGGGCCTCCTCTTGGCCCGCGCCGCCGTTTTGCATCGCACCTCCCTGTTCTTTTTTGTCTTGCTCAACGGCCCCTTGCGCATAAACAGGGGAGACCAAGAAGAGAACTGCCATCACGCTGACTGCGATTATTTTAAATTTCATCACATACCTCCTTCTCTTGCGTTCCACAGGATCATCGCGGCTCCCCTCTGAGGACTCCTTCGATGATTAAACCTAGCGTAGCAGCGCCTCTCACAGGCGATCAATCCACTCGAAGGAAGGGGGGTCCGCCCTCCATTGTATTAATCACTTCGCAGGTACGACCGCTTACCTGTTGTTCAGCCGGCAGGACTTCCCTTTTTATGCCGGCTTGGCTATGATAGGACCATTCTCCTTAGAGGGATTTCTCATGCCGGAGAAAAAACCGAAGAAGCCGCGCGCGCCGGGCGCCGTTCGAAAACGGCGGAAGCCGGCGGGGGTGTCGGTGGGGCTGGAGGCGACCGAGCTGCTGGCTGCCCGACCGCCGGGAAATGTGATCGATCTCCATCAGCAGATCGAAGCCGACGGCGGGAAGGTCTTGTCGATCTACCGGGAGCCCTACGGCGGCCATTGGCTGGTCATGGCGGCGCTTCCGATCGAGAAAGTGGAACCGACCCCCTATCAGCGCAATCTCTCCGAAACGCATGTCCTCAAATTGGAGCGGGTGATCGGTAAGATCGGCCGCTTCCTCGACCCGATCATCACCGTTCGGATCGACAAGGAGGGGATCGCGAAATACTGGACCCCCAACGGCCATCACCGGCTCTCGGCGATGCGGACCCTCGGCGCCAAAAGCATCATCGCGATCGTGGCGCCCGAAGCATCGGTCGCCTATCAAATTCTGGCCCTGAATACCGAGAAGGCGCACAACCTTCGCGAGCGGGCGCTGGAAGTGGTCCGGATGTACCGGGAACTGGCCGGCCTGGGCGACGCCACGGAGGAGACCTATCAGCTCGAATTCGAAGAAGCGGCCCTGATCACCCTCGGCTTCTGCTACGAAGCGCGCCCCCGTTTCTCCGGCGGGGCGTATCATCCGATCCTGCGGCGCGTCGACACCTTCATCAAGAAGCCGATCGGCGACGCAACGGCGCTCCGTCAAGAACGGGCCGACACCTTGCTACGATTGGATGAGACCGTCAGCGGCCAGGTCGAGCTTCTAAAAGCCCGCGGACTGACCAGCCCTTACCTTCGCAGCTTCGTCGTCGCCCGAATCAACCCGATCCGCTTCCGCCCCAAAGACGCCGAGCCGCTCTCGTTTAACGAAACGCTGGAGCGAATGAACAAGGCGCTGGCGAAGTTTAATCCGGAGAAGATTAAGATGGAGGATCTGGCGAAGACGGGCGGGGTGGTGGAGGAGGCAGATTAAGCGAGTTAGAGGACGAGGATAAACACTTAAATCTTGGGACGTGGGGTAGAGGATCAATGGAACAGAATATGGAACTCTGGTGGGTTTTCTATCCCCTCAAGGGAATAGATGTTACAGGTCCGGTTAATGATCTCCTCAATGATCCTCTATTTGGAGATGCAACAATCATATCGAAGAATCATATAAAGGACATTGTGTTGTCGCTTAAGCTAAACGAGCAGAAAACGCCTGAACATGATCACGAGAAAAGCCTTATTTTTTTAATGGAACATGCAGGTATCGACGGAGAATTTCACTCATTTATGGCGGTTTGTCGATCCTCACCTCCTCGAAGGTTAATTAAGGGCAAAGGAGACTTCGTCAGTTCAATGGGTTTAGATAAGAAGGCCAGACTTCGCGCCTCACAACTCGTTTCCGCTCTCGCTCTATCTATATTGGCAAAATCTAAAACTTGGCAAACGTGCGGCATGGTTGAGCAACTCCGCGAAGGTACAAGACCACTGGCCATGATGTGCCTAAAAGACGGCAGCTTTTCCCTTCAAGGAGGCAGCTTTGGAAACGCTCGAACTATCAGGTCACGTGATTCCATTATTTATCTTTCCCGCAAAACACTCAGCCTTCTTAGTGATAGCTATACTGGTACTTTAATGACCTCATTAGTAGACCAAAATAGACAACTTGGGAAGTCATTGCATCGTGCTATTACAGAATCTGCGATCTGTCTTTCGAATGCCTTGCATAGTGTAGACCCAGCTAATCAAAACCTTGGAGCTGTTACAGCAATTGAAATCCTGATTGCTAATCAAGGGGATTCATTTGAATCTATCAAAGGCCGCATTCTGTCATTGATTGGAGAAACTAACTTCAATTATTACAAAGGAAATGACGTGCTACGGGCTCGACATCTTTATGTTCATAAAGCTTTGGAGCCAAGTGGCAGCGCAATTGCCAACACTTCTCTAGCGCTCGCATTAGTATGTTTATGCGAGTACTCACATTTGGCTCAACGGTTCAAGGCGAAAAGTGAAGTGATCTCATATCTAGATTTTTTGATTGCAGCAAGGTCGACAAGAGGGATATGGAACGACGAAGAGAAAACTGCGTTTGCATTATTACATCGAGACCCAGCACGAGAATATAAATTTCCATATTTCGACCGAGAAGAATAGAAAGCATGGGGGTCAAATCTGCTTATGACTCATTTTCCGCCGGAGTTATGATCCTCTCGATGAACATCTCCTTCTAGGCGATTTCTTCGAAAACTTTGGAGCAGCAAAAAATGACTCTTTCGCAACGGTCCAAGATCTTCATCGTTTTGATAATGTTGGTATCCCAAACAGCCTGTTCAACCCTGCCCTCTACTAGAGGAAATTGGCAGCAAGATTTACAAGAAGCAGAAAAATTTCTTGGCCAAGGGCGCTACTTCTTAGCCGAGAAGAAATATATGGCTGCTATCAAAAACGCAGACGCTGAATTTGGTCCTGACAATCTTACTACAGCCTCAATTCTCAGCGACATGCTCCCTTTTTTCCGTGTGACAGGGAAATATACTGAGGGCATAGAGAAGACAAGACGCTCACTTTCAATTCGGGAACGAATGTTGGGTCCGGACCATCTCGATGTCGCGAAGACTTTAAATAATCTCTCTCTCTTGTACATCGATCAGAGAAAGTATAGAGAAGCAGAACCTCCGGCCATCCGTGCACTGATGATTCGGGAAAGGGTCCTTGGATCTAGAAATATTGAAGTCGCAATGAGCCTTAATAACTTGGGTTCAATCTATCAGGATCAAGGAAGATATTATGAAGCAGAACAGGTTTTACAGCGCTCTTTGAGTATCCACGAGGAAAGCCTGGGACCGGAA
CP114553.1_gap58	2328811	2330432	1621	GAGCGATTTCAAGCGTTGGGCTTCGTTCATCTCCCTCTCGAGTATGGCGAAGGACAAACCGAACGAGTTGGTCTTTCAAGCGATCTTGAGGGGAAGATACATGGAGGAGCTGGCGCCGATGGTCCGCCTCTCCGAACGCGCACAGGATCTCTTTCTGATGGGAATGTTCTCCTTGATCGATGCCATCGTCGACCGGCCGCTTCTCGACATCCTCGTCGAGATGCCGATCGCCGAAGATATCAAGACCGCCCTGATGGGAGAAAAAGGGCCGCTGGGCGACATTTATGAATTGATGCGCTCCTACGAACAGGGAGAATGGAATCGATTCTCGGAGTTGGCCGCCCGGAAAAAGATCGATGAAGAAAAAATCCCCCCGCTCTATCGAAAGGCATTGGAGTGGGCCAGCGAGAGCTTTTCAGCCGCGCAGACAGTCGGCTGACCCAAGAGAAAAAGGACATGTCTAGCTGGTATCGGATGATCTCTTTATCCCTTCTGCTTTCGATGCTCTTCGTCACGGCGACGCCCCCCTCCCTTCTCGCTGCGCGGCCACAAACGAAAATCAAGAAAGGGGTCTTCCTCGTCGCCGATCTCCGGCTGCTCGATCCGAATTTTTCCAAGACGGTCGTGCTGATCACGCAGCACGGACCGGGAGGGAGCGTCGGGGTGGTCATCAACCGGCCGACACGGACGCCGCTCTCACGCGCCTTTCCCAAGATCGAGAAATTTGAAAAACGGCCTGACACCCTTTTTATCGGAGGACCCGTTCAGCGGGAGGTGACGATCCTCCTTTTGCGGACGGAGAAGCCGCCCGAAGCGGCCGTTCCGGTTTTTGAAAAAGTCTATGTCGCCCCCCCGGTTGAAACACTCACCGACCTCCTCTCGCACGACGATTCTAAAGATCCTTTTCGAGTTTATTCCGGCTATGCCGGCTGGGCGCCGGGTCAGCTTCAAGGCGAAATCGATCGCGGCGACTGGCGGGTCCTCCCGGGAGATGCCGATCTCCTCTTCCAGGAGGAGACCGGCTCGATCTGGGAGGAGATGTTCCGGCGCTCTTCCCAGCAGTTAGTCGAGGCCTGCCGGGGCGACGTATCCGTCTCTCCCCGGCCCTGTCATCGGATTAGCGCCCTCCGCTCGTCGTTCGGGTGATCACCCCCAGATGTCCCGCCGCCCAGCCGAAGAAAGCATCCACAAACGAAACCCGGTGAAGCCGGTTTGTGGTGTTGCCGTTCTGCTTTACCCAGGTCGTCCCGCCGTCTGCGCTATGGAGAATGAGACCGCCCGTGCCGACGATCCAGACATGCTGCGGATCGGGGAAGGCCAATCCCCAGAGCGAGATGTTTCCGGCCCCGGTGTTCGTCACCTGTCTCCAGGTCGCCCCATGATCGGTCGTCCGAAGGATCGCCCCGATCTCGCCGACCGCCCAGCCAAGATTGCCGATCAGATGAAGATCGTGGTACCGGCCGCTCCCGCCGAGGCCGCCGAACTCCGGCAGCTCGTTTTGATAAATCCAGGTCGCCCCCCCATCGTTCGAGTGAACGATCACCCGGTTCCAACCGGGACAGCCGTTCCCGTCGTCCATCCCGCCCGAAATCCAGATTTCATTCGTGCTCACCACATCGAG
CP114553.1_gap59	2332400	2335468	3068	GCATCTCCGCGGGCCACCAGACCGGTATAGTTGCTCCCGGCCGGCGGCGTAATCCGCGCCTCGACCTGGTAGTCGTCGGTTCCGATGGCGGCGGTCACCTTCGCCCAGTTCTGGGCCGACTGGGAGACCGCCTGCGTCCCATCGGTCGAAAAGCTTCCGACGACGGCAGACCAATTCGGTCCCAGATTGCTTCCGGCCCGGTTGAAGTCATCCGAGAAAAGCGGCGTCTGCGCACCCGCCGCGGCCACCCACCCCAGCATCAAAAAAAGAGAAAAAAACCGCACCAGCGCCGTTTCATTCCGAGTCTCCCTACAGTAAGGTTTGAATTCGCAAAATCTTGTCAAAAGGTTGCAAGCGCTTACCCGCGCATCCGATCGTTGAAATAGGCGGTCCACCGCCTCTCTTACCGAATCGCGCCGTGAAGAGCCCATCATTCGAATCCGACGATCATCCCGAAGGAGGCTTTGAGCAATTTCCGTACCGCTTCCGGCAAGGGATGCCGGAGTGAAAGGCCGGCATCCTTCGCCGCAATCTCTCAATATTTATTGCTTCCAGCGGGAACTCTGTGTTATATAAGAATTTTCCTATTTTGCCGAGGGGAGCAAGCTCCTTGAAAAAGCGATCAACAACTTCATCGTGGATGAAAGAGGGCGACCGGTATTTGATGTCGACCTATGCCCGCTTTCCACTCGTTTCAAAGCAGGGGGAAAGGGGCGACGGTCGTCGATGTCGATGGAAATCGCTATCTCGATTTCGTCAGCGGGATTGCGGTCGACAGTCTCGGCCATTGCGATCCCCGCCTGGTGAAGGCGATTCAAAAGCAGGCGGCGCAGCTTCTCCACGTCTCAAACCTCTACTACAACCTCCCGCAGATCGAACTGGCCAAGTTCCTCGTCACCCATTCGTTTGCCGACAAGGTCTTCTTCTGCAACAGCGGCGCGGAGGCGAATGAAGCGGCGATCAAGCTCGCCCGAAAGTTCGCCAAAGAAAAGCGCGACCCTTCCCGATTCGAGATCATCGCGGCGCAAGGCGCCTTCCATGGGAGGACGCTTGCCACGGTGACCGCCACCGGGCAGGAAAAATATCAGAAAGGGTTCGATCCGCTCCTCCCCGGCTTTCGGCATGTCCCCTACGGAGATCCGGAGGCGATAGAGAAGGCGGTCACGCCGCAAACCGCCGCCATCCTCCTCGAACCGATCCAGGGAGAGGGGGGGGTTCGGGTCCCGCCGAAAGGATATCTCGCGAAAGTCCGAGAGATTTGCGACCGGCACCGCCTTCTACTGATCCTCGATGAAGTCCAGACCGGCATCGGGCGGACCGGACGGCTTTTTGCGTATGAATACGAAGGGATCGCCCCCGACATCATGACCCTGGCGAAAGGTCTCGGCGGGGGGTTCCGATCGGGGCGATGCTGGCGAGCGCGGAAGTCGCCGCGTCATTCACCCCCGGAAGCCACGCCTCGACCTTCGGTGGAAACCCATTGGTCTGCGCCGCGGGAGTCGCCGTGATCAAACAGGTGGCGCAGGGGGCCTTTCTCAAAGGGGTCCGAGACAAAGGGGCTTATCTGATGAAGAAGCTCGCCCAGCTTCAGCGGAAGACGCCGGTCGTCAAAGAAGTCCGGGGGGTGGGGCTCATTGTCGCCGTCGATCTGACGATTCCGACCATCGATGTCATCAACAAAGCGATGGCGCAAGGACTTCTCCTCAACAGAACCTCCGATCAGACCCTCCGGTTCGTTCCCCCCTTGACCATTCGCCGGACCGAGATCGATCGGATGATTGCTTTGCTGACCGACATTCTCACGGAGCTTTCCCATGCCGAAGCGTGATCTCTTAAGCCTTGCCTCCCTCTCGGTCGAGCAGATCGAGTGGCTCCTCCGACGGGCGCAGTATTATAAAAATCGTTCGCGCGCGTCGAAGGAATCGCTCCCTTTGGTGGGGCGGTCGGTCGGACTTCTCTTTGAGAAATCATCGACGCGCACCCGGGTCTCCTTCGAAGTCGCGGTCACGCGGCTCGGGGGGCACCCGATCTTCCTCTCGTTCGACGATATTCAGATCAAGCGGGGCGAGACGATCGGCGATACGGCGCGGGTTCTCTCCGGCTATCTCGACGGCCTGGTCATCCGGACCTATGAGCAGGAGAAGCTCGAAGATTGGGCCCGAAACGCGTCGATCCCGGTCATTAATGGGTTGACCGACCTTCACCATCCCTGCCAGATCCTCTCCGATCTCCTCACCATCCTTGAAAAGCGGGGGAAGTTGAAGGGGCTCAAGCTCGCCTACATCGGCGACGGCAACAACATCGCCCACTCCTTGATGGAGGGAGGAGCGAAGGTGGGAATGAAGGTCGTGATCGCTTGCCCGAAAAAGTTCCTGCCGCATCACAACATCGTGAAGGAAACAGAGGAGGTCGCTCGAAAGAACGGCGGGAACGTTGAGGTCATTCATGATCCGGTAAAGGCCGCCGAGGGGGCCGACATCCTCTACACCGACGTGTGGGTATCGATGGGCCAGGAAAAGGAAAAACAGGCGCGGGTCAGAACGTTCAAGCCATACCAGATCAACCAGAAACTGGTGGCCCAGGCAAAGCCCGACGTCCTGGTGATGCATTGTCTCCCCGCCCATCGCGGAGAAGAGATCACCGCCGAGGTGATGGAAGGGCCGCACTCGGTCATCTTCGATCAGGCCGACAACCGCCTCCCGATGCAGGAGGCGATTTTAGAGCGGTGGGTCGGATAATAGAAAGTTGAGTGATTCGTTTTAGGAAAGGGACGATGGAGAAGAAAATAAAGAAAGTCGTGCTGGCTTACTCGGGAGGGCTGGATACCTCCGTCATCATCCGATGGTTGATCGAGCGGTATCAGTGTGAGGTGATTGCCTTCTGCGCCGATGTCGGCCAGGGGGAAGAGCTCGCCGCCGTCGCCGAGAAGGCGAAGAAAACCGGGGCGAGCAAGGTCGTCATCACCGATCTAAAGGAGATCTTCGCAAAAGAATATCTCTTCCCGATGCTCCGGGCCAACGCCGTTTATGAGGGATCGTATCTCCTCGGAACTTCCATTGCCCGCCCGC
CP114553.1_gap60	2494135	2497050	2915	CCGATTCCATCGCCTCTGCCGGAGAATCATTTTATCCGGCCCCCTGGCTGCTTGATTTCGCGCGGTGGTTCAATTCGGCGGTCGAGGCCCGGAGATAAAACGGCGTCACCTCCTCCGGGGGATGAACTTCCCCTCCTTTCAGGAGCGCGAGGCCCAACTCCGCCACGCCGGCTGCGGAGGGAAATCGGAGCGCCTTCGGAGGGAAAAGGGTTCCCCCCGGTCTGCGCGTGAGGAGAAGCTCACGGTATTTCTCCGCCCCCTCTCCGACGAAGAGAACCGGTCGATCGAGACGGCCGATCGCCTCCAGCATCGCCTCGGGCGAAGTCGCCGCATCGGGATGAAGCCGAACAGGTCTCCCCTCTTGCATATCGAACAACGCCCAATAAACCTCCTGCCGCCGCGCATCGAGCATCGGCGCAATCAACGCATTCGAATAGGGGAAAAGCCAAGCCATCGCCTCCAGCGTCGGGACCGTCACCAGCGGCTTTCGCCCTCCCATCGCAAGCCCCTTCGCCGTGGAGAGACCGACCCGCAGCCCGGTGAACGACCCCGGACCGATCGAAACCGCAATCGCATCGAGATCGGCCACCGCCGTTCCGCTGTCGGTGAGGAGCCGATCGATCGCCAAGAGAAGGCGTTCCGAGTGGCGCACCTCCACATGAAGGCGATACTCCGCAATCAGGCCGGCCTCCTCCATCAGCGCGACCCCCCCTGCCAACGTGGCGGTTTCAATCGATAAGAGCTTCATCCTCTACCCTCTGTCCCATTCCACTATTCCAATGGAACGGTCGGAGAGACCTCCCTGAAACGGAGCGTCACCTTCTCCCCTTCGCTCTCCCCCCGAACTTCGAAGGGAAACTCCTGTCGTCCGACCTTCCGGTAATCGCCGAAGATCAGGCGGCCGCTCCGCTCACCCATCATCGCAAATCGCTCCACCCGCTCTAACCGAAACGCCGTCCGCTCGATCCAGATTTTCTCCTCCAGAACCGCCTTCCCCGGCAGCGCCCTCAAGAGATAAAGGATGAAGCGATCTTCCCCCTTCTCCAGGGCCGGAAGCGACGGCGGCGCCGTGTCGGGGATGGCTCCCCGATTGACCCAGTCGATCAGCGCCAGTGATCCGATCGGGATCGCCGTTCGGACCTCTTCCTCAAATTCCTCCCGGGTCGCCTCGATCGTCCTTTGCTCCGAGGGAAGATGGAGGATCACCCTGGGGCCGGCCAGCCGCAATTCAAAGAGGGTCCCTCCCAAAAGATTAAATCCCCGGATCCGGGTCTCCCCGTTCCGGTGGACCCAGCTCGCCTGAAAGGTATGGCGCCCCTGACGTTCGGAGTCGGCCGTGATCTCCAACAGTCCTTTAAACCCGCTCCACTCCTGACGGCGGAGTTGATAGAGGGTCAGAAGCTCTTCCAAAGAGGCGTCTTTCTTCACCGCCTCATCGACGGGCCGGATCTCTTTTTTTGCGCAACCCGATACGAGCAGCAACATCACCAACGCAAGGCGAAACCAGGAACGGACCAACTTCTTCTCCTAGAAGAACTAGATCAACTCGAGCGCCTCGGCAAGATGCGAGACGCCGATCACTTCCAGTGTGTTCCCGATCTCTCCCTCTTCCCGAAGCAGTTCCTGATTCCGCTTCGGAAGGATGCACCGCTTGAATCCGAGTTTCTCAGCCTCGCGAATCCGGAGGGTCGGCTGCTGGACACCGCGAATCTCTCCTGCCAGACCGACCTCCCCGAAGATCACCGTCGCCGGATCGACCGGGCGTTCCCGGAAGCTGGAAGCGACCGCCGCCGCGATCCCCAAATCGATCGCCGGCTCTTCGACCTGAATCCCGCTGACGACGTTGATGAAAACATCCTGGCCCGCGAGATGAAGCCCCGCCCGCTTTTCCAAAACGGCGAGGAGGAGCGAGACCCGATTCGAGTCGACCCCCAACGCCATCCGGCGCGCCGTGCCGAGATAAGAGGCGCTGACCAGCGCTTGAAGCTCGATCAAGATCGGCCGGGTTCCTTCCTGCGCGGCGACGACGACCGAGCCGGCCGCGTCGCGCGGCCGTTCTGCGAGGAAGAGACCTGAAGGATTATCGACGTCGGCCAGACCCGCCCCTTTCATCTCGAAAACCCCCAGCTCGTTCGTCGACCCGAAGCGATTTTTGATCGCCCGGAGAATTCGATAGGGGTGCCCCTTGTCCCCCTCGAAATAGAGAACCGTATCGACGATGTGCTCGAGGACGCGCGGCCCCGCGATCGATCCTTCTTTAGTGACATGGCCGACAATCAAAACCGCCACGTTGGCGCGCTTGGCGTAAAACATCAGCTGAGAGGCGACCTCTCGGATCTGCGTCACGCTGCCGGGGGCGGAGCTGATCTGGCGGGTATACATCGTCTGGATCGAATCGATGACGATCGCAACCGGTTGGACCGCTTGCGCATGGTGGATGATTTCTTCAAAGGCCGTTTCGGCAAGAATATAAAGGTGATCGGAGGAGATCCGGAGCCGGTCGGCCCGTAATTTCACCTGGGCCGGAGATTCTTCCCCGGAGACATAGAGGACTTTTCCGCGGCCCGCCCCGATTTGATCGAGCGATTGAAGCAGAAGGGTCGATTTTCCGATTCCCGGGTCCCCCCCGATGAGGACCACCGATCCGGCGACGATCCCCCCTCCCAAGACCCGGTCAAATTCGCTCGAACCGGTCTTCGCCCGCATTTCGGAAACGGGGAGAATTTGAGAGATCGGCTTCGGCGCCCAAATCTCCCGGTCGAGCTCTCCCTGGGCCAGCCACCGGGATTCCTGGTTCTTCCCAAGAGCCGGCTCGACCCGCTCCTCGACCAGCGAATTCCAAACGCCGCAGTCGGGGCACTTCCCGAGCCATTTGGGCGATTGGTAGCCGCATTCCTGACAATAAAAGACTGTTT
CP114553.1_gap61	2500930	2505606	4676	ATCCCGACCGTATCCCCGACCAAAAGGATATCGATCCCTGCCTCATCGATCAGCTTGGCGAAGGGGAAATCATAGGCCGTCAGGACGGTGATCTTCTTCCCGTTCTCTTTTTTCTCGCGAATCCGGGGAACCGTGATTTTATCCATTCGCTCCTCCGGCGGCCTTTTTTAACCCGGGACCCTTGGGCAAAAGCCCCGCCCGTTCCAAGATCACCGGGATCTGCTCCTCGGCGCCAATCGCCATCAGATGAATCCCGTCGCATTTCCCTCGGATCGCCTCGATCAGCCCAATTGTAATTTCGATCCCTGCCTCCAGTTCTCCCTCTTTTCCGGCACGCTCCAGCTTTTGGACAAAGCGATCCGGCACGCGGATCCCGAGATGCTCCGTCACATAACGAGCCATCTTGAGGGAGCGGAGGAGGAGAACACCGGCGAGAATGCTGACGTTCGACTTCCGGGCCTGCTCCATAAATCGTTCGAAACGGTCAGGCTGAAAGATCGCTTGAGTTTGAAAAAATCGGGCGCCGGCCTCGATCTTTCTTTTAAATTGAATCAACACTGGCTCCAGCGGCTCCGCTTCAGGAGAGACCGCCGCCCCCGGCAGAAGAGAGGTTGCCCCTTGGATGGGCTTCCCGGTCATCTCTTTCCCCTCATTGAGGCTGCGGATGACCTGAAGGATCTCCACCGATTCGAGATCAAAAACCGCCTTCCCTTCTTTCTGATTCCCCATCATGATATCGTCCCCCGTCAGGCAGAGGACATTTCGGATATCAAGAATGTGTAAGCCCAACAGGTCCGACTGAATGGCGAGCCGATTCCGATCGCGTCCGGTGATCTGGCAGATCGGATCGTGCCCCATATCGAGGAGGACCTTGCTGAGCGCCAGCGGGCTGGCGTGCAGGGTCGCCGCCGGATTATCGTTTACGTTGACCGCATGGACCTTTCCCAAGAGCCGCCGCGCGTGATTGCAGAACTCGACAATGTCGGTCCCCTTCGGCGGCACACACTCCGCCGTTAAAATAAACTCTCCCGATTCCAGCGCGTCTCTGAGCGTCTTCATAAGGCCCTTTGCCTTTCTCCGACCGCGTCTCCCCTCACGCTTTTTCTTTCTTCCACTTCGCAGACTGAAGGGTATTTAAAAGAAGCATGGCGATCGTCATCGGACCGACCCCGCCCGGCACCGGCGTGATCGCCCCGGCCCGCTCCTGGACCGGATCAAAATCGACATCGCCGACGATCCGGCCGTCGGGAAGGCGATTGATCCCGACATCGATCACCACCGCACCTTCTTTCACCATTTCCTTTTTTACAAATTGCGGCTTGCCGATCGCCGCGATCAGGATATCGGCCTGGCGGCAGACTTCGGGCAAATTTTTCGTCTTCGAATGGCAGATCGTCACCGTGGCATGGTGATGAAGCAGGAGCAGCGCCGCCGGTTTTCCGACGATATTGCTTCGTCCAACGACAACCGCATTCGCTCCGGCGATCTCAACTTTAGAAGCAAGGAGAAGCTCGATGATGCCGAGCGGCGTGCAGGGGACGAACCCCTTTTCGTTGGCCACCAATTTCCCGACATTGATATAATGGAACCCGTCGACATCTTTCTCCGGAATCACCGTATCGAGCACCTTGCGCTCGTTGATCTGCTTCGGCAGGGGAAGCTGAACCAAGATGCCGTGAATCTTCGGATCTTGATTAAGGCGCTCTACCAGAGAAAGAACCTCGGCCTCCGTGGTCTCCTCGGGAAGGTGATGCTCTTCCGAATAAATCCCAACCTCTTCACAGGCCTTTCGTTTGTTTCGAACGTAAATTTTCGAAGCGGGATTCTCTCCCACCAAGACCGCCGCCAGGCCGGGCTGGTGCCTCGGACCGAGCTTCTCGACCTCGGTCTTCACCCGGGCGCGGACTTCCTGCGCGATCGCCTTTCCGTCAATTCGTTTCGCCGACACTTTCGTCTCCCTGAATGTGTATCGTTCTTTTTTCTGTCATGATCAGATCAACCGGATGATCGGTCTCTTCAATCGGAAGCCGATTGAGCACCTGAAACTCAAACGCCACCCCGACTTTCCTCCCCCTTGCCGAAGAAAGAAGCCGATCATAATACCCTCCCCCGAACCCCAGCCGATTCCCCGTCTCATCAAAAGCCACTCCCGGAACGACCCACAGTTCGACCTCCCTCGGATCGACCTTTTTCCGGTATTCGAGCCGCGGTTCGGAAATGCCATAAGGACCGGGCTGCAACTTGGAGGGATGAAGTTCGATCAGCTCCGAAAGGGTCAACGACTTTGTCTCCGGTTGAACGAGAGGGACCACAACCCGCTTCTTCATACGGAGCGCCTCCCGGATCATCTCGTCGGTCTGAACCTCCGCAGCCATGGCCAAATAGAAATGGATCGTCTGCGCCGCGTTGAATTCAGGGGAAGCCAAAAATCGCTTTGCGATCTCCCCGCTTTTAAGCCGACATTCCTCGGAGGAGAGCGCCTTTCTCTGGAGAAGAAAACCGGCCCGAATCTCCTTTTTATCCGTGAAATGGCCCACATCCGCAACCCCTGTCCGTTTTTCAGGTTATCAGGTCGCCGTTTCGATTGTCAAGGAATTTGACCTGCTTGAGGTTCGTTCAGGGATGGGAAAGGCGTCGCAGCTTTCGGGTCTCTCCTGAGCTACCACAGTGGAATATCGACAAGACGATCGCGATTTTCGAAACGGAAATCTCAATTAAGAAACGGGATGGGGTGGAAGGGGGGAGGTTCCGAGAAGGATCGGGTCGAGTAAGCCGGCCCTCCAAATTTCCAAGAAAACGACGACGATGTTCGGATCGAACTGGGTCCCCGAGCAACGTTTGATCTCCTCAATGGCGCGCTCGGGATCGAGCTGCTTACGGTAGGGCCGGCTGCTCGTCATCGCATCAAAGGTATCGGCGACGGCCAACAGTCTTCCTTCGATCGGAATTGCCTCTCCGGAGAGCCCCTTCGGGTATCCTTTTCCATCATACCGCTCGTGATGATAGAGGACATACGGAACCAGCGCTTCCAGAAAATCGATCCCGCGGATAATTTGCTCGCCGATCTCCGGATGGGCCTTCATCATCTCAAACTCCTCGACCGTCAGCTTTCCGGGCTTATTGAGAACGGCATCGGGGACGCCGATCTTCCCGACGTCATGGAGATGCCCGGCCAGCTCCAGCACCGCCAATCGTTCCTCCGGCCATTCGAGTTGCTTTGCGGTGAGCTTCGCATATTCGGTCACCCGGTCGGTATGCCCGCCGGTGTAGCGGTCGCGCTTCTCGATCGCCTTGGCGAGCGTGATGGCGGTCGCTCTTTGGCTCTGGATGAGCTGTTCCCTCTGCCGGCGTTCATGAAGATAGCTCTTCCGAAGATCTTCAGCATACCGCAACATCTGTTGGTACGCCGTCTCCAGCTCTCGCGTCTTGAGTTTTTCTCTCTTAAGAAGAATCTTCAGATCTCGGAGAACATAGGCGAGCTGCGTTCCGGAATAACCGAATTCTTCCCGAAGGTATCGCTCCAGATCTCGATCGACGGAAGAAAGCTCCCTCGATTCGCCTGGTCTTTGACTGGGGATGAAGTTCATCATTTTTTTCGGGTTAAGATCTTGCTGACGCAGTCGAGAAGTTCAAGAGGGCTGAACGGTTTGGTGAGGTAGACATTTGCATCGAAGCTCTTTGCTTCGTTCTCCGAAAGCTTCCCCCTACCAGTCAAGATAATGATGGGGATCGCCTTGGTCCGGAGATCCGACCGAACCTTTTTGCAAACCTCTTCTCCGCTGATCCCCGGCATCATTAAATCGAGGATCAGCAGGTCCGGTCTTTCCTCTAAGCACTTTGCGACAGTGTCGGGACCGTTTTCGGATTCAATGATGTGGTATTCCTCGCTTTCCAGAGTGCTGTGAATGAGGAGGCGGATCGGGACTTCATCGTCGGCGATTAAGATCTTCTTCATTGGCTGCTCCGGGTGGAAAAAGGATAACACAAAAGGGTTTTTTGTCAACGAAACCGAGCGTGTGATAACAACTTAAGGGTTCACGCGAAGCGGGTGATCTGCTCTGAACTCCGCCTTGACAAGGGATGAAAAAATGATTACGATGAGGATCGCGCGGGAGGTCTACACACGTAGACTTCCGGGGGAAGGAATGGCGGGAACCGCTCTTACAAAACGACAGCAAGCGATCTATCAGTATCTACAACGCTTCCTGGATGAACACGGGTTTCCGCCGACCCTCCGTGAAATCGCGCGGCATTTCAGGCTGGCCGGACCGATGGGGGTCAAGAGACATCTCGACACCCTCGTCCGGAAAGGGGTTATTCAACGTCTCCCCGGACAACCGCGAGCGATCCGTATTAAAACCCCTCCCCTTCGGCAGGGCCGCCTTCTTCCGATTCTCGGCGAAGTCCATGCCGGGCTTCCCCTTCTCTCCGAAGAAAACATGGAGGGAGAGCTCTTGCTCGACTCGATGATCGCCGCCCGGGAATCGGCCTTCGTCCTTCGGGTGAAGGGGGAGAGCATGATCGACGCCCACATCGTCGACGGAGATTACGTGGTGGTGCAAAAAGAGCAAACCGTGGAAAATGGGGAGATGGCGGTGGTGCTTGTCGACGGAGAGGCGACGCTCAAGTATTTTACGAAGAGAAAGAAAGAAATCATTTTATCTCCCGCCCATCCC
CP114553.1_gap62	2511067	2512043	976	GACCTGCATCACGCCGGTCGCGCCGACCGCATGACCACAGCCGATCAACCCGCCGCTCGGATTCACCGGCAGATCCCCTTCCATCTCGGTCACCCCGTCGTCGATCAGCCGGCCTCCCTCCCCCGGTTTACAGAAACCGAAGGCTTCATAAGAAAGAATCTCGGCGGAGGTGAAGGCATCGTGCAGCTCGGCGAAGTCGAGCTCTTTCCTTGGGTTTCTGATCTTGGCCATCCGGTAAACCGCTTTCCCTGCCGCGATCGACGAGCCGAACTCGGCGTAGTCGGGCCGGTTCCCCGTGAAGGCCATGTCGGTCGAAGCGCCGACCCCGGTGATCCAGGCGACCGGCCGCTTCGCCTTTTTCGCAATTTTCTCCGAGACGAGAACCAGTGCCGAGGCCCCTTCCGAGTAGAGGCAGTTGTCGTAGAATTTGAACGGGTGGCAGATCTTTTTCGACCGGAGGACATCTTCGACGGTGATCCGCTCCGGACGCTGAGCAAAAGGATTGTTGAGGGCGTTTTTATGATTTTTGACGGAGACCTTCGCCATCTGCAGTTCGGTCGGGCTGCCGTATTTTTCCATGTGGGCGACGGTCGGGAGCGCGTAGGAGGCGGCGGGGGTCAACCCCAGCGGCGCCTCAAAAGTCATGTCTGCGGAGTAGATGATCCCCTTCAGCACCTCGGGAGTACTGCTTTTTAATTCGGGGTTGAAGGCGTCGGAGCACTTCTCGACGCCGAGAACGAGGACGATATCATAAAGGCCGGAGGCGATCTGCGCGAAGCCGGTGTGGACGGCGGCCCCGCCGGTCGCTCCGCCGGTGGTGACCCGGAGCGACGGTTTGAGGCCGAGGCCGAGATAGTCATGGACGTAGACATCGGGCATGAACTGCCGCTGGAAAAGATCGTTGTAGATCCCGTAAACGGCCGATTCGATCTGATCGTGGGAGAGATCGGCATCTTTTAAGGCGGCCTTAGCGGCG
CP114553.1_gap63	2536985	2540790	3805	ATGCTCCGCGGAAGGATAAACCCAGCGCGCCGACTGGAGCTGATTGATATACCGGAGCCGCTGCATCCAGCGAGAGTCGATCAGCTCTTTTTCAGTCGCCTCGTCTCGTTTTCCGAAAGGAACGGTGAAGCTGATGTAATTATGGATCGGATCGGCGATCAGCGCCAGCCCTTCGTAAAGCATCTCCCGGCTGCTGAGCGCGCCCGAAGCGGCCAAGTCTTCCGTATGGGAGGGATGTTTTTGCATTGGGAAAAATCATAGTCCATTTCATGGAACGGCGCAAGAGGAGAAGACGCGTCAGAACGGTTCTTCGAATTTTGCGAAAAGCATCCGGCAGACTCGTTCGTGCTCTTCCCTGAGACCGGCATCAAGCTGGTCCCATCGATATTTTCGTTCGATCTCGGCTTTGACCTGCTCCATCTGGGGGAGGGTGGGGTATTCGAAGGGGGCACCGATGCCGGCGAAGGCGCCGCTGGCAACTTCGCGCATCTCCCGCGCCTTCTCCTGGCGCCACGAGGCCGGATCGGGGATGGAGGCCCCCGCCCCCTCCTCGCTTTTCTGAAGGGTCAAGATAAAAGAGGCCATCATCGCATCCCGGACGGTATTGGCCGAGAGGATCTTCTTGGAGAGCTTCTCCTGAATAAACCCCGCCGGGTCTCGAAACATCATTCTGGCCTCGTCACGTATAGATCTTGCTGAGGAGAAAAACGAAACCGGGAATGAAAAGGAAAGGATAGAGAAGAAGCGCCGTAAGACCGATCCAAAGTTTCGTCACAAAGAGGGAGACGAAACCAAGAACAAAGAGGGCATTTGAAAGGATAGAAAGCATCGAAAGAAACCGCTGGCTTTGAAAAGCGCGTGGCCGGGCGTAGACCGGATGGCGAAGGTGGAAATTCGCCAGCGCCCTTAAGAAGGCCGAGAAGAGCACAACGGTTCCGCCGAATAAGAATTGACCGCTCCACATGACCCAACCGAATCTTGTTGGGCGGAGTATATCAGATCATTTCGGGAGAAACCAGCGTTTCTAAAAAAGGACTACTCGGGGGTGAGACTCGGTTGATTTTTCTCGATCTGCTGGCTTCGTTCAGAACCGAGTTGAATGACATCGAAAGCGACATAGCTGAGGGCGAAAAAAATAGAAACAACAACCAAGAATTTCAAAAATTTTCCGGGAAAGCGAACGGCAAAAAGAAGGAGGAGCAGCAAGAGCACCACGCCGACCCCCTTGGCCGCCAGCGGGGAAAGGCCGGTCTGGTTCACCCCCGCCTGCAACGTACTTTGGATAAAGTCTAGAAAACCCATTTGCGCTCCTCTCTATTCCCATAAAGAAGGATAGATGCCAAACCCTAAGTTGTCAATAAAATCGCTGCCGCCCGCGTCGGCGGCATGTACTTAAGGCGGGGCTGCTCGTCTCCGAGGAAGCCAAAATGAAAAAGTTCAATATTTAATGAATTTTTGCTTGCATTCCGACCGGAAATGTAAGAAGGTATTTCAGGGACTTTTAGGATAATACTCTAAGTATCTTTTGCACCTTAAAGGACCAAACCAAGGAGGATAACAAGAACCGATCACAACATACCCCTGAAAGGGTTTTATCCTTCGACCGTTTTCCGGTTAGTTTATCCCGCAGGCATCCTTATTTCACAATCATCATGCCTTTGCGTCCCGTCTCTCATTGCTTCACCACGCATGTTCGAAGAACCCAAACAACACAAGACACCCCTCTAATGAGGGCATTGCCAGGTCAGGGGATATCCCATAATATAGAATCCCCTTTTAGGAATGAAGCGCGCTCAAGTCGTCATCACTGATGCCGATCTGGAGATGTTCCGTAAAAGGAATAAAGAACCAGACAAGAAAAACAAGTAAAACAAGGTCCATGAAGCAACACTCTCCTTTTACAATGATTGCCCTGCTCGTCTCGGCGACGCTCTTTTTCTGGAGCGGTTCCGCCTACGCCGATACCCTCATCCTCCATCCTTCCGGCGCCGCATCCGGCGATCAGACCAGCCAATACGTCGGCGGCACCGCCGCCACCGCCCTCGACACAAACGAAGGAAACACCTCTTATGGGCTTCTGAGAGAGGACGATACGGCCCATCTTGCATTGGACGATTCGGTAAGTTTAGGGACGATCACCTCGGTGCGAATCAGAGCGGTGCTCCGAAGCGACGGCGGTGGCGGCGGCTTCGGCGGCGGTTTTGGAGGCGGAGACGGCGAATTTCGTATCGGCCTGAGGACCAACGGAACCGATTACTGGAGTAGTACGTTCGACGCAGGCGACTCCTACCAGCTCTACTCCGGTGTTCTCCATTCGTCGAATCCCAACACGGGGAGCCCCTGGAACTGGGCCGATGTGAATGCTTTAAACGCACTGGTGGACAACGGCAACCGATCGTCGGACCTTCGGATCACCGAACTTTTTGCAGAGATCATCTATCAGCCGCCGGTCGCCTTGTCGGTCACAAAATCAGGCACCGGAACGGGAACCGTCACCTCCTCTCCGGCCGGAATCGACTGCGGGGCAACCTGTTCCGCCCCCTTTAATATGAATACCTCGGTCACCCTCACGGCGACGCCGGCTGCGAATTCCACCTTCACCGGATGGTCGGGGTGCAACAGTACCTCGGGAACCTCCTGCACCGTGACGATGAACGCCGCAAAATCGGTGACGGCCTCCTTCACCCTTCAGACCTTCCCTCTGACGGTCACAAAGAGCGGCACGGGGACCGGTACCGTCACCTCTTCCCCGGCCGGGATCAACTGCGGCGCCGCCTGCTCCGCGATTTATAGCAGTGGAACGGTCGTGACCCTCTCTCCTCTCTCCTCTGCAGATTCCGACTTCACCGGTTGGTCCGGCTGCGACAACGTTTCCGGAACTTCTTGTACCGTGTCAATGAATACGGCAAAGACGGTCACCGCGACGTTCACATTAAAAGTTTTTAGCCTGTCGGTCGCGAAATCGGGAAACGGCGGGGGAACCGTCACCAGCAGTCCGGCCGGAATCAACTGCGGCGCCGATTGTTCCGAGCTCTACAATATCAACACCCCGGTCACCCTGACAGCGGCGCCCGATGCCAACTCCACTTTCACCTCCTGGTCGGGGTGCGACAGCACGAACGGAACGGCTTGCACCGTCACGATGACGGCGGCTAAAAATGTGACGGCGACATTTACCCTCAGAACATTCAGTCTGGCCGTCGCTAAAAATGGAACGGGGACAGGCACCCTTACCAGCAACCCGGCCGGCATTAACTGCGGGAGCGATTGCTCCGAGACCTACAACATCAACACCTCGGTCACCCTCACCGCAACCGCCGCCGCCGACGCCACCTTCACCGGGTGGTCCGGGGCCTGCACCGGAACCGGAAGTTGCGTCGTAACGATGGATGCCGCCAAATCGGTCACGGCTACCTTTACGCTCAAGACGTTTGTCCTCTCCATCACCAAAGCAGGCACCGGAACCGGCAGCGTCACCTCCTCCCCGGCCGGCATCACCTGCGGCGCGACCTGCTCGGCCTCGTTTAACAGCGGAACATCGGTCACGTTGACCGCCGCGCCGTCGGCCGATTCCAATTTCACCGGATGGTCGGGCGCCTGCACAGGAACCGGAAACTGCACCGTCACAATGGATGCGGCCCGGTCGGCCACCGCAACGTTCACATTGAAAACCTTTACTCTCTCGGTCGCCACCGCCGGAAACGGGACGGTGACCAGCGATGTCGGCGGGATCAACTGCGGCGCGAATGGAACCGTCTGTTCGGCTTCCTTCACCATCGGAACCGCGGTCAAGCTGACCGCCACC
CP114553.1_gap64	2557164	2560026	2862	TTGTCGGCAATTTGTCTCGAGACGTTAATGATGCGGACTTACAGAAGGCGTTTGAGGCCTTCGGGAAAGTAGATTCTGCCACGGTCATAAAAGACAAATTCTCGGGAGAGTCGAGGGGGTTTGGGTTCGTGGAAATGTCGTCGGGACCGGAAGCGCAGGCGGCCATCAGCGGAATGAACGGAAAAGAATTGAAGGGAAGAGCGGTCAATGTGAATGAGGCCCGTCCTCGCGAAGAGAGAGGCGGCGGTGGAGGGGGCAGAGACCGCGGCGGAAGACCGGGGGGTGGCGGCGGGCGGCGATTCTAACCTCCTCCCAGCGAAAAATGTTTTCATCAAAGAAGGGCGCACAGATGGGTCGGTGCGCCCTTCGCCGTAACCGGAGCTTAACTCGGCGGACGGATATGTAGGATCAACACGGGTCGGTCGACCTGGGAGAGGACCTGGCTGGTGACGCTGTTGGTCAGGAAGGCCTCGCGGAGATTCCCGATTCGGGTGCCGAGGACCAACAGATCGTAGCTTCCCTCATAGGCCTCTTTCAAGATCGAGCTGACGATCTCCCCCTCCCCTACCTTTGTCTCCACCCGCAGGCCGAGGCTCTCCAAAACCCGAAGAACCCCCTGAAGGTAGAAGGCCCCGCTGTTTTCCTCTCCCTCCGGCGTCACGTGGAAAAGGGTGACGCTGGCGCCGGTGCTCCGGGCGATCCGCCCCACGAAACGAATATCCGACTTTCGGACCTTCTCGCTCGAGATGCAGACGAGGATCTTCTTGAAGTCCTGGAAGGGGGTCGGGGTGAGCAGCGTCGGCACCGGCGCGTTCACCGACACGCGGGCGGCGGTCGATCCGAGAAAGCGGCCCGGGGCGTGGCGGCCGCGGGTGCCGAGGACGACCAGGTCATACCGGTTCTGCTCCGTCTCGTTGAGGATCTCCTCGGCGGGATGTCCCCGCCGATACGCCGTCTCCACCTCCTGAAGCTCCTGCTGGGCCGCCTGGCTCGCCTGGGTCAGTCCCTCGCGCGCCTTGGCCTCTTCCAGATAGCGCTCGGCCACCCCCAGAATCGTCAGCCGTCCCTGGGTTTTTTGCGCCAAATAAGAGGCAAAGTGAAGCGCATGCTCCCCATGCTCCGACCCGTCGATCCCTACGAGGATATGCAGTCCCTGATACGGAAGGATATGAAAGGAGGTCACCCCGACGGCAACCTTCTGCCCCGATCCGATCGGGAAGCTCGTTTGCGCCAATCCCATCTGTACCGAAAGAACCGTCGGGTCGGTATCCCCGAAACCTGCGGTCAGGGAGCGGACGACTCCGGAAACCTGCACCGTCATCCGGTGGAATCCCCCGACAAAGAGAAAATCCCGAATCTCCCCTTCCCCGATGAAGGTGCCGTGAAGCGCCTCCCGGCTCGGCGCAATTTCGATCTGCTCCGGCCGGATCAACACCTGCACCCGCTCTCCTTTTTCCGGCGCCGCGGTCCCCTCCGGAAGAGGAAGGAAAGCCGAGCCGATCTGAATATGCCGTTCCTGCATCACCCCCGTGAAGAAGTTCGCAGAGCCGAGGAATTGCGCCACATACTCCGACTTGGGCCGCTTGTAGATATCGGCCGGAGCGCCGGTGGCAAGGAGCTTCCCCCGATCCATGATCCCAATCCGGTCGCCCAGCTCGAAAGCGTCGGCCTGATCGTGGGTCACCATCACCGTGGTGACCCCCAGCTGCCGGTGGATCTGCTTGAGGCTTTGCCGGAGCTGCGTGCGGGTCTTCAAATCGAGCGCGCCGAACGGCTCGTCGAGCAGAAGCACGCTCGGCTCATAAGCAAGCGCCCGTGCCACCGCGACCCGCTGCTGCTGGCCGCCAGAGAGCTGAGAGGGATAACGATGGCCGAAGCCGGGAAGCCCGATCAGCTCCAGAAGATGATGGATCTTCTTATCCCGCTCCTCGCGGGGAACCCGCCGGAGCTGAAGTCCGAATCCGATGTTCTCGGCGACCGTCATGTGACGGAAGAGGGAGTAGTTCTGGAAGACGAAGCCGACGTTTCTCTCCTGGGGGGTCAGATCGTTCACCACCTTCCCCTGCAGCAGGATCTCCCCCTGATCGGGCGTGACCAGCCCGGCGATCATCCGGAGGATCGTCGTCTTGCCGCTGCCGCTCGCTCCGAGTAAAACAAAGAGCTCTCCTGGGAAGATCTCCAGGGTGGCGTCCTCCACCACCGCTTGCTCGCCGTATAATTTCGAGATATTTTTGAGTGAAATGGACATCGTTTAATGTTCCTCTCGGCGAAAGGGACTTTTCCCTCTGATCAGGCCTCCGCCGGCTCTTCTCTCTCCGTCACACGGAGAAGGATAAAAAAGATAACAAACGAAAGCATCGCGAGGACTGCGGCCACGGCATTGGCCGCTTCAATGTTTCCCGCTTCGAATTGGGAGAAAATGTAAAGCGGCGCCGTCTGGGTCCGCAGCCGCAAATTCCCTGAGACCATCACCGTTGCCCCGAATTCCCCGAGGGAATGGGCGAAGGTCAGCAACGTCCCGGTAAAAAGCGCCCCGCGGAGCGAAGGGAGAATGACATACCAGAAGGTCTTCAATCGACCCGCCCCCATTGTATAGGCCGCCTCTTCATAGGTCACCTCCAGCTCATCCAGCACCGGCTTTACCGCGCCGAGCATATAGGGGAAGGTCACGAAGACATGCGCCAAAAGAATGCCGCCGATTGCGAACATCGGCCGGAAACCGATCGGGTCGAGATAACGGCCGACCAGACCGATCGGTCCCCAGAGGAGCAGCAGGGAAGTTCCGACGACGACGGTCGGAATCGCAACCGGCAGGTTGATCAAGATGCCGAGCGGCCGCTTCGCCGGGAAGCGATAGTTTGC
CP114553.1_gap65	2600466	2604501	4035	TTCTCTTTCCGCTTTTCCGGCGGCATCTCCAGGAAATCCAGTTGTTCCTCGGTCGTCATCATCATCATCGCCATCGCCTCCTCCGGATCCATCTGAAGCAACGTATGTTGCTGCTCGATCGGGATCGGCGGCAGGGAGTGGAGCGGCATCGTCTCCAGATCTTTCCTCGGCGCCTGCATCAAATCGAGTTGACGGTAGAGGGCGTCCCGTTTGTTTCGGACGGCCGGATTCGTCAAAATGTCCATGTAGATGTCGTGGAAGCTGTGAAGATTGTCGAAGGTGGCGGCGATCTCCGGGAAGCGCTTTGCGAAGGTCGGCGAGATCTCGTGCGCCATCGGCATATGCTTCGGAAGGCGCGAGGGATCGGAGAACATTTTTTTGAATTCACCGACGGCGGTGTCGATCTTTCGTCGGCGGGCCTCCGGGTCGGGCTCCAGCAGCGCTTCGTTCGCTGCGAGCTGCAGCCAGTGATAGGCCCAGATCACCCCGTTGAACCGGGGATATCTCTCCTTCCAGTAGCCGGAGAAGGACTGTCCTTCCATCAACTGCATCGATTTGATCTTGAGCGGAAAGGTCCGCTCCGGCTCGGTGAGATAGTAGCCGAGCGCTTCGCGGATCGATTGATCCTTATCAGCCACCCAATCGTCGGAGAGAATATCATACACCTGACGATGAAGGTAATGGGTCCAATCAAACGCCTTGTTCACCCGCCATGCGAGCTTCACCGCTTCCGGCGCCACGGTCTCTTCCGAGGGCGAAAACCGGGGACGGGGCTCTTTTCCGAGAAACATCCGGGCAACCTGATTGAAGAGATCTTTCTCGATCAACTCGATCGCCCTGGCTTCGTCTTTCGTGGTGATTAAGATTTCTGCAAGCGCTCCGTGACCGATGTCGATGACGTTGAGCATGGCATTCAATTCGGGATAGACCCGCTGCGTTGCAAAATTGTAGCGTCCCGGCAGGTAAAAGATCGACTCCCTTTTTTCAATCCGCGCCTCGACTGGAAGAACCGCACAAAACAAAAGTAAAGAGACGGTGAAAACCTTGAACATTTTCATCCTTCCTCCCATCAGAGTCCTTTCGGGAAAATCGACCGAGGAGAGAAAACATACGAAAAACCGACGGTCACGCCGAAATCGAGATCTTCCGACCGGATTGCATGAAAGAAGCCGGCATCAAAGACCCAGGTCGGTGTCATCTGGATCCGGGTCCCGAGGTCATAGATGATCTCCCGCCAGCCCCCATCAATCGGAGCCGCCGCGTAGAGATCGAACAGCAGCACGAAGAATTCGATGGGAGCGGTCCGCTCATAGGCGATGCCATACAAATACCGGTTGACGAGATCCCCCCCCTCCCCGAGATCTCCGTGGGGCCGATTGTATAGGAACCGTTGAGGTGAACCCGGTTGAATCCGAACGTTTTGCTGACAATCACTTTGAAGGCGCCGTGCGGATGGTCGGTTCCCAAATCGCCGGCGCCGAAGGTCAACTCCGGGCGAAATGCGATCGCGGGAAGATCAAAATCCTCCTGATTGAGATTATAGAGAAAGTGAAACTCGGTCCCGGCCAACACGTCGGTTCGTTGCCCGTCATCCAGAACGGCGCGCTCTCCGCTCACCCCGACCTGCCAGTTTTTTGCGAACCCCCACTTTAGCTCCGGCTCAAAGGAAAGTTCATACCCCTCCTGATGCCGGCCATAACGGGAACCGAATGAAAATTCAAACGCCCGGAACTCGATCGGCTGGGCGTCTTCGATCGTGATCGGCCGCCCCGGATCGAGATTACGATAGTCGGCTTGTCCGAAAGCCGGCGCGGATAGGCTCGCCAGAAAAATGAAAATTGATAAGAAATAGAACATACGATCCCCCTCCATAAGGATGAACCTCTTCGGTTGGAGGAAAATCAAATCCGATAGATGGAATAAAGTTGATAGTAATCGGTGAATAATCGGGGCAGGAAGGACAATTCAAAAAAGTACGAGGGATCATTCAATCGGATGGGACGATCGGGAACCACAACCGTTGTTCCGACCGGTTCCGTTTGGCTCAAACAACGCTCCGAACCAAGATCACTCTTGCTGTACGAAATGGAGCCGGAGCAGGAATGTTCGGTTCCTTTGGAGGCGTGGTGGGGGTCAGTCGCCTCCGAATGGCCATGCGCGCCGGGGTTCCCCGCCTGGGCGGCGGAAAGGGTATTGTCCCAGGGACAGATTCCCCAGATGAAAAACCAGATGACGAGAAAGAGTGGGTTGAGATAGATGAATGCGGCTTTTTGTGTTCTCACCATTGTTTCCCTTTTCCCAACTCTAGCCGAGGGGCAAAGAGATTGTCAACCCATTCTCCCCAAAAGGATGCCGAGGCGAACTGCAATCAAACCGACCGTCACGCTGAGCAAGACGTTGAGCAGCGCCAGCCCGAAACTTCCCTCTTCCATCAACTGATGGGTTTCATACCCGAATGTCGAAAAAGTCGTATAGGCCCCCACAAAACCGACTCCGATCAACAGGCGCCAGTGGGGGTGGACAATCCACCGCTCGGTTATCGTGGCGGCAAAAAAGCCGAGGATAAAACTGCCGCTCACATTAATCGCCAAGGTCCCATAAGGAAAGAGCCCCCCCATCCTCCCGCCGATCCAGCGATCGACAATATAACGCGCAATCGCCCCGAAAAATCCTCCGATCCCGACCATTAAATAGGGAATCAATGCGTCTCCTTATTTATCACGAAGCGATCCTCATCGGATATAAAAAAACTCCTACCCAAGTTGCACACTCAAGTAGGAGTCATCAGCCCGTTTCGGTGAGGGCGGTTCCGGCGAACTCCATCGCCGCTTTTTGAAATGATCCAGATTATATTCTGACCGCCTGGTCCTGTCAACCGCCCAAGAGGGCAACAAGAGCCTCCCTCTTTCTTAGATCGTTCTTTCCTCGATCGCATCAATAAACCGGTCCTTCCGACGGAGTAAGGCCTTCCTTAAATGATTTTCCGGCGCATTGACATATTTGTAACCCTTCTCGGAATGTTTCTACATAGTGTTCGATTGTTTGTCCTTTATTTTTAGAGATCATTTTCACTATACTATTGAAATAGCGGCATAAAATATTTGATCCCCCATTGGCATTTGAATTGCTTCTTTGAATTGCTTCATTGAAGGACCTGTTGTAGACAGTCATAGACGCGTCCAAAAGAAGGTCGATTCAAAATGGAATTCGTCCCCTTTTTCTTTAAAAAAAACAAACCGAATTTCTGGAATAAACATCGCCGATCATTTAAAACTAAGATGATGAAATTTTTAGTCGTGCTCATCATCTTGCTCGGCCCGGCTCCGCTTCTCTTTGCGGAGGAGGCCCTCCTCATCTGGGACCCGAGCCCGGATGCCGATGTCGTCGGCTACGAGCTCTATTATGGAACGGGCTCCGGTCAATACGCCGACTCAATCGACGTCGGGAACGCGACCAGCTATACCCTCTCGGTGACCACACCGGGCACCCACTACTTTGCCGTCACCGCCTACAAACTCGGCCATCATGAAAGCGGTTTCTCAAACGAGGTCTCCAAAGAAATGAGCGGTGTCGCATCAGCCTCACCCAGTGGAGACGGTGGCGGCGGAGGAGGATGCGCCCTTCGCCTTCCATTGCACGGAGAAAGAAGTCCCCTGGATGCCGCCGAGATGCTGGCGCTGATCGCGGTGATCTTTCTTCTGGCGGTCAAGAAGATCTTCCATCTCCCTTCCTCTCGGATTCGACCCTAGCAAAGAAAAAGTCTTTTCTCTCGGTCCTGCCGGTAGGAGCCCTTCCCTTCGATCAGATTAATTTCTTCTTCGACCTTGACAGTCGCTCAACCCATGGTGTATCTCTCAATACGATGAGAGATAAAATCGTAGAGCTGATTCGCGCGAGGAAAACGGCGGTGCCGGAGAAGGACTTTAATGAGATCGCGTTGCTTCTCTTCCGTTATCAATTCGACCGCAATCCCCGTTACCGTCAGTTCTGCCTTTCCATGGATAAAGACCCCGATGCTGTCCGAGGTTGGGAAGA
CP114553.1_gap66	2629550	2632121	2571	GCGACCAATCCTTCCTTCCCGCGCGCCAGAGCGAGCAGATCGATCTGCGACGATTGAACGCCGGCGGGAAGCGGAACCTGAAATTCAGGAAGAGCCAGCAGCGGATCGAGGTCTGTCAAAAGCGGCGAACCGGAGGTCTCGAACGCGGCCTTGATCTCCGGCGAAAAGCCGGTCGCTGCCGTTGCCTCCCATGAACGGGCAAGCGTCATTGCAGAATGGCCTTCTTTCCAGTGAAGGTTCGGCTTCGCCAGCAAACGCCGCCAATCCTGGAAGGACTGTGTTGGAATGAAGATTTTCATGATAGGGCGTCTCCGTGAAAGAGGCCTAATGATGGAGGCCGAGACAGCGCGTCAGGACGGAAAGTAAAAACCCTCCAGACGTATAGAATCAGCCGATAAGAGATTCTACTCTGACCCTCTATTAGAGGCAAGCTGGGAAATCATTTTCCCTCCTAAGAAATGGATGATGTCTCAGAAACAATCGGGATGCGCCTACGCTGCTGGATCCCAAATGACGCTTTCGAAGGAGGCGGAATACAAAGAAAAGATCATCGAGCCGATCGAGATTTTCGGCGTCGACAATTTCGGAGAATCGGAGGTGACGATCAAAGCCCGGATCAAAACAGAGCCGATTCAACAATGGACGGTCGGGCGCGAGTATCGAAGGAGATTAAAAAAGGCCTTCGATGCCGAGGGGATTGAAATTCCCTTCCCCCATCGCTCGCTCTATATGGGTGAGGCGAGCAAGCCGCTGGAAGTCCTCGTCAAACAGGTCGCGGCGGACTTGAACAGCTGAGGCCGCCTGGGCAAAGGCATTCCATACAGATCCGGGCAGCGGAGGGGAAGAGTCATCCTCCCCCCGCTGCCGCGTTTTGCATTCAATCTGCAGAAAACTTCTCATCTGGAAAGATCAGTTGGTGGCATCCTTTACTGCGTCTTTCGTGTCTTCCGCTGCTTCGTCTACCTTTTCGCCCGCTCGCTCCATCGGCCCCTCTCTCTCACAGGCGACAAGTGACGATAAGATGGAAACCATGACCAGGGCTAATAGCGTTTTCTTAAAAAACAGCATCGCGTAACCTCCTTGCATGTTTAGAATCGACTTAGGATATGTTCTAGATATGCAAAACTCATACACAGAAAAAGGGGTGATCTTCCGATCGACGGCATAGAAAAACCCAATCACAGGATGCTCGCAATAGGCCGACCGCTTACCGCCAACCTCCGTCTCGACCATCCCAATCGGAATCTCTATCCTCCCCATCCCTACTTCGCTCGCGCACCGGCACGAAGGCGTTCCTGAACACAAAATCGGCCACGCGCCGGCCCTGGGTAATCCCTTCGGTTTTGTCGAACGACCAATGGATACCGAGATAGATTCGGCTCTGTCCGTTCTCTTCCTCGGCCTGGGAGAGGGTCGAGAAGCTGCGCGGGAGGAGCGGGCGGACGTTTCCGTCGTTGTCCAGCGTCACGCCGTTGAACTCGTCCGACACGAAGGTGAAGGGAATATTGTCGGTCCGGTAGAAGTTCCTCAAGACTTGAAAAAGGGCGGCCCCGAACCCGGCATGCCCGGAAGGATAGGCCGGGAAGGGGGGTAAAGTCCGGCCCAGTGAGATTACTGGCCGGCGCGCCAAGCGGCGTGAACTCCGGATCTCCGACCGTGGCGGGATTGCCGTCGCCGAGGCCGGTCGGGCCGGTCCCCTCATCAGCCTCGCGGATGCCCGTGACCGGACGCCAAACATTGTAGTAGAATTTCGACTCCCAAATGGCAACGCCGGCGTCGGCCATCGCCACATTGACCAGCGCCAAAAGCCGTGCAAGCTCGATGGTATTTGATCCCATCTGTTCGGCGATCTGCACCGCGATTTGATTATAGAGCCGCGGCGGGGCACAGAGGCTCGGCGTTCCATCATAAGCCCAGTAAATGCCGATTTCGGTCTCCGCCGTGGTTCGCTCCGTCGGGGTGACAACGCCGTCTCCCCCCAGGCGTTTCACTTCTTCGAAAGCGGCCGTATATTCAGGACTGTCCATGGCTGGCGGAGGAGGAACCCGAAACTGGCTCCCCGACGTGAGGACAAAGGGGGTCACCTTGCCCCAGTAGGCGCCCATTGCGATCGGAATCTGGCTGATTGGGTCTTGGCGCCACTTTCCCGGCTCGTTGCTCGGGATGTACTCCGTATCCATTTGAGGCTCGATATAGTGCGAATGATCGTTCGCCCTAAGCGTGAGGATCGCGGCGGCCGCCCGCTTTCCAAGATTGATCCCGTTTGTTTTGGCGCGCCCATCCGAGGTCCGAATTTGGCTGAGGTCTTCGGCAAGCAGGCCGTCCAGTCTCGCCTTCTGCGAGGGGAAGAGGGCAATCAACGTATCGTGCGCCGCCTGTGCAATGGCCGCATCGATGGAGGTGCTGCTGGAGACCGGAGAAAGACCGGTGTAGCTTCGATACCCGCCGACAATCGCATTAATTGCATCAAACACTCCGATCTGGACGATCGCCAGCGCGCGGCTTGATCGCCCGGGACCCAATTGCTCCCCGAAGACGCGGCTCTCACCCGGCGCCACGGGGGTGTGATCG
CP114553.1_gap67	2638947	2639460	513	GGAGAATATCGATCGAATCCATCATGAGGCGAAACGCCCAGTAGAGGATGACGAACGAGAGAAATACCCCCACGAGAGGATCGACGAACCACCATTGGGTAAAATAAATGACCCCGGCCGCCGCCACCACCCCGACGGAAGAGAGGGTGTCTCCGATCATGTGCAGATAGGCCGACTTTACATTGAGGCTCCGCTTCATCGATCGGCTCAGCAGGGCGGCGGTGACCAGGTTGGTCACCAAACCGATCGTGGCGATGAGGATCATCTCCACTGTGGCCACCGGAACCGGGTTGTAAAAGCGTTGATACGCTTCGTAGAAGATCCAAAGGGTTACCAACAAGAGAAGGAAACTGTTCAGCAGCGCCGCCAAGATTTCAAGGCGGTAAAAGCCAAACGTCTTTTTGGAGGTGGGGGGCGGACCGAAAAGATCATCGCGACGAAGCTGATCGAGAGCGCGAGGAGATGGGTCAACATATGCCCGGCGTCGGAGAGAAGGGCCAAGCTGTTGGTCAT
CP114553.1_gap68	2792972	2796869	3897	CGAAAAGAGGGCGAGGACAGGGAAGAGAAGACCAATGGTATACCGAACCCCGCGATCCAAACCACCCACGTTATACGTCTTATAACCTTTATACGCTCTCATGATGATCCTCCATGGTAAGGGTTACAACAATCCGGGTTATCTCACAGAATTTACTCCATCATACCGTCTCTCTTTCCGTCGATACAATCCCCTTTTTGGAGGAGATCCTATTCCCCTTTCGGAGAGGGGGGTTCGAGGGGCTCCCGCGTCATCTCTGAATTCGGGTATACTTATCTTTGACCCAAGGCCGCAATTGTTGACTTCCCCCGGATGCTGGCCTATACTATCGTCCTTTATACGGGGAAGCCGGGTCGCTTCTTTGGATCGCGGGAACCAATCGCCCAAGCAGAATGTCGCGTTTTCCTTATGGATAAAGTAGACAGACCCAATCAAGAGAGCGGCCGCGGCCGTTTCTCCGGCGATTAGAGAATAGACGATGGCATCTGAAGTTCGAGCGCCGTCCGCCGCGCTGCCCGGAACCCCTGTTGAGCTTCGAAGGGATGTTTCCATCTGGGGCTCATTCACCTGGGGCTACGCCGACGTCGGCGCCGATGTTTATGTGGCGCTCGGCCTGGTCATGGGCGCCGCCCATGGGGCGACGCCGCTTGCCTTCGCCGCCGCCGGTTTCGTTTACATCTTAATCGGCTTCGCCTATACCGAACTTGCCTCCGCCTATCCGGTGGCGGGGGGAGGCCAATACTACACGACGCGGGGGCTGGGCGACATCTGGGGATTGATCGCCGGCGCCGCGCTGCTGCTTGACTACACCATCTGCATTTCGCTCTTCGCGACCGCTTCCGCCGGGTATATCAACTTCTTCTTCCCGGCCATCCGCGAATTCGCAATCGATATCGGCCCTTTCCAAGGAATCAATCTGATCTGGGCGGCCGAATCGCTCTTCCTGATCGTCCTTCTGATGATCCTCAATATCCGGGGGATTCGAGAATCTTCTCTCTTCAATTCGCTCATCGGCAGCCTGGATATGGTCCTGGAAACGATCATCATCGTCTTCGGTTTTCTCTTTGCCTGGAAACCGGAGATGGTCGTCTTTCAATTCAAGACTGAATTCCCGTCGACGGAGCAATTCTTTTACGCCGTCTCGGTCGCCATTATCTCTTACGTCGGTTTGGAATCGGTCTCTCAGGCAGCGCAGGAGACCCGCCGTCCCGCAACGATTATTCCGAGAACATCGGTGTCATTAATCTGTGTCGTCCTCCTCTTCGCGATGGCCTTTCCCATTTTGGCCCTGGGGGTCCTTCCCTGGCAGGCCCTGGCCGAGCGGGAGTCCGATCCGGTGGCGGTCTTGGCCAGCACCATTCCTTACATCGGTTTTCTGGCCGGTCATGCCGCCGCGGTCCTCGGCGCCACGATCGTCCTTATTTCGGCCAACACGGGTGTCATGGGGGCCTCCCGACTGAGCTACAGCATGAGCGAGAGCCACCTCTTGAGCCGTTGGTTCAGCGCGGTCCATCCGAAATTCCGGACCCCCGTGCGGGCGGTTGTCTTTTTCTCGGTTGTGGCGGCGGCTCAGGTGATCTTCAGCTTTCTCACCGGCCCCCACGCCATGGACACGATGGTCAATATGTATGCCTTCGGCGCGACGCTCGCCTATTTTTTGAGCTTCATCGCCCTGATCGCGCTCCGGATCAAAGACCCCTATACCCCGCGGCCCTATCGGATGCCGTTTAATATTAAGTTCAAAGGGATCTATATTCCGATCCTCGGCATCGTCGGCGCCTTTGCGACCCTGGCGATGATGGGAGTGGTGCTCTGGACGCATGCCCTCGGACGGGTCGCCGGTCCCGGTTGGGTCCTCCTCTGGCTTGCGGTTTATCTCTGGTATCGGTGGAAGAACAGGCACCCCCTCTTTTCCAACATTCCACGCGACTGGGAGAAGGAGCAGATCGCCATCCTTACCTCTGCGGAGGAATTTGATCTCCTGGAGCAATACAAGCATGCCTTGGCGGAACGGAATAAGAAAGAGGCCAAACATGCTTCACAATAAAGAGCGCATCATGACGACCCTTCGATCGTTGTCTCTTCGAGACAAGGTCCTGATGATTAATATGTTCCTCTACTTCGCAGTCGGCGGCGCGATCCTCTACCGCGCCTTCTTCCGTCACGCCTCCTGGCCGGCCTATTTGATCGGATCTCTTTTTCTGCTGATCGGGAGTTATCGTTTTTATCTCATCTATAAAGCATTGTCGAAAGGGGAGGGGAGGTTGCGGAGAGATGATCGAGCTGATCGATCAGATCAACCCCCTGGGAGGGGTGATCGCCCTTTTCTTTGTTGTTTCGCTCATCTCGATCCTCTGGTGGATGCTTCATCCTCCGGATTACATCCCGGCGGCCGCCGCAAAAGCGCGCCACTCGGTTTTTGCCATCAAAAAAATTCTGGTCCCGACCGTCGGCCTCCCCTATGCGGAACGGGGGGTCGAATTGGCCTGCCGACTCGGCTCCGAACAGGGGGCGGAGATTCTCCTGACCTACGTGGTGGAAGTCCCGCGCACGATGCCGCTCGGAATTCCCCTCCCTGATGCGGAGCAGGAGGGAAACGAAGCGTTGGAACGGGCCAGCTCCATCGTCAAGCTCCACGGTCTTCCCTCCCAGAAAATTCTTCAGCGGGCCCGTCTGGCGGGAGAGGAGATCGCCCGGATTGCGCGAGACCGGGATGTCGATATGATCATCTTGGGAATCCGGTCCGAGCCGGGATTACGGGACGCCATCCTGGGGAGAACATCGGACATCATCCTTCGGCATTCTCCCTGCGAGGTGCTCATTGATAAGTTGCCGAAGGGGGTGCAAGAGTAACGGCGCACATAACGCACAGATCACATGATGAGGCCGGGTCGTGATCGGGGACTCCCCTTTGAACTTCCCGGGCCAAACGATTATACTGTAGACAAATCGACCCTTGGGGAAACGATGCATATTGTGATTCTTGGCTCCGGAAGGCTCGGATCGCGTCTGGCGAATGCCCTGGTTCAAAAAGGGCATAAAATCACCATTGTCGATGCGGAAGAGACAAAATTCAAAAACCTCGAAGAACATGAAAACATCCAGCGGGTCGGCGGGAATATTTTAAATGAGGAAACGGCCGACCTGGTCTTCGCGGAACCGGTCGACGTCTTCATCGCCGTGACCGGAAGTGATAATATCAATTTGATGGTCTCTCAGGCGATGCAAAAGAAGTACAAGATTCCAAAGGTCCTCATCCGGGTATTCGATCCGACCCTCTCTTCGGTCTATCGCGATCTCGGCCTTGAGACGGTCTGCCCCACAAATTTCGCCCTACAAGAAATGTTGAAGATGTTGGAGAAGGGGGTCTAACCGGTGTACATCATTATCGTCGGCGGGGGAAAGGTCGGATATAACTTAACGAAGCTGCTCCTGGCGGAAGAACATGAGGTCCTGCTGATCGAAAAAGACAAGACGAAAACCGCCGGCCTGGCGAGAGAGTTCGGGGAGTCGTTGATGGAGGGAAACGGCTCCCGCGTCAGCATTCTTCGAGAGGCGGGGGCCAATCGCGCCGACGTTCTCGTGGCGGTCACCGGGACCGATGAGGATAACCTCGTCATCTGCCAGGTCGCCAAGGCGGTTTTTAAATGTCCGCGCACCATCGCCCGTGTGAACGACCCGGGGAACGAATCGCTTTTTTCCACACTGGGGATCGATGCCACCGTCAGCTCGACCCGCCTGATCGATGCGTTGATCGAAGAACAGGTGAAAGCGGAGGATATGGTGATCCCGCTGGTGACCCTCCGCGCTGGGAATGTCGAGATCATCGAAGTCGACCTCTCCCGCTCCTCTGGAATGATGGGGAAGAAGATCCGAGAGATCCACCTCCCCGAGGGG
CP114553.1_gap69	2799940	2800712	772	GGTCCCCTCCATAATCCCCTTGATCTCCCTGAACTGCCGGCGGACCTCTTCGACGATCGAACCAGCCGCCTCTCCGACCGCCTTCATCAGATAAGCGGCGAAGAGGAAAGGGAGCATCCCGCCGATAAAGAGGCCGACCAGGACCAGCGGGTCGGAGAGATCAAAGACCATCGCCGTCCCTCCCTTGGAAACCGAGCGGGTATATTCGGAGAACAGCACGATCGCGGCCAACCCGGCCGAGCCGATCGCGTAGCCCTTGGTCACCGCTTTGGTGGTGTTGCCGACGGCGTCGAGCGGATCGGTTACATCGCGCACCTCTTTCCCCAGGTTCGCCATCTCGGCGATGCCGCCGGCATTGTCGGTGATCGGGCCGAAGGCGTCGAGCGCCACGACCATGCCGGCCATCGTCAGCATCGCCGTCGCCGCGATCGCGATGCCGAACAGGCCGGCCAGCGAATAGCTGGCAAGAATGGCCCCTGCAATGACGAGCACCGGCAGGGCGGTCGATTGCATCGAGACCGCCAGCCCGGCGATGATGTTGGTGCCGTGGCCGGTCACGGAGGCCCGTGCAATCTCCTGCACCGGGCTGAACTCCGTGGCGGTGTAGTACTCGGTGATCACAACCAGGGCAAGGGTCACGGCCAATCCGATCAGCGCCGTCAGATAATAGTTAATGACCGGGATACCCCCCACCCCCTGCATGAGCCACGAGGTCACCGGGTAGAAGGCGATCGCAGAGAGGATGCCGGTCGCGGCGAATCCTTTGTAAAGG
CP114553.1_gap70	2948810	2952276	3466	ATGCAAAAAGCATCGTAGCGCTGGAATTGGCGTACAGGCGGGCGAAGAAACGGGGCTGGATTTAAAAGATAATTATTAAGGAGGAACGAGTGCCAGAAAAGCTTATTTTTGAAAAGAGTGTCCCGGGCCGTCGTGGAGCGACCTTCCCGACAGAGGCGCTTCAGGGGTTTTCGATCGACCAGGTGCTGCCGAAAAAATTTCAGCGCCAGATCCCGCTGCCGCTGCCGGAGGTGAGTGAAAACGAGCTGATGCGCCACTACACCCGTCTCTCGCACGAGAACTACGGCGTCGACACCGGCTTCTACCCGCTCGGCTCCTGCACGATGAAGTACAACCCGAAGATCAACGAAGATGTCGCCCGCTTCCCCGGCTTTGCGCAGATTCATCCCCTTCAGCCGATCGAAACCGTTCAAGGGGCGCTGCAGCTGCTCTATCATCTTGAAAAGATCCTCGCGGAGATCGCCGGGATGGCGCGGGTGTCGCTCCAGCCGGTGGCGGGGGCGCAGGGAGAGCTGGTCGGCATGTTGATCACCCGCGCCTACCATCAACAACAGGGACGGCAGCGGAAGAAGGTGGTCATCCCCGATTCGGCGCACGGGACCAATCCCGCCAGCGCCGCCCTTGCCGGCTACACGATCCAGACGGTTCATTCCAATGCCGACGGGCTGATCGACGTGGACGATCTTGCCAAGGTGGTCGACGAAGAGACCGCCGCCTTCATGTTGACGAATCCGAATACCCTCGGCCTGTTTGAACGGGAGATCGAGAAGATCGTCCGGATCGTCCACGACGCGGGGGCCTTGATGTATCTCGACGGCGCCAACCTCAACGCCCTCCTGGGACTGACCCGTCCCGGCGACATGGGGTTCGATATTGTCCACTTCAACCTCCACAAGACCTTCTCCACTCCCCACGGGGGGGGCGGGCCGGGGGCCGGGCCGGTCGGCGTCGCGGAGCGGTTGGTCCCCTATCTCCCTTCGCCGACGATTGAAAAGAAGGGGGAAGAATATTTTCTCGATGAACGTCGCCCCCAATCGATCGGGCGGATCCACGGCTTCCACGGCAACTTCGGGATCTTGGTCCGCGCCTACACCTACATCAGCCGGCTCGGGGCCTCGGGCCTCTCTGCAATTAGTCGAAACGCCATCATCAACGCCAACTATCTTCGAAAGCAGCTGGAAGGATCGTATCCGGTTCCGTTTAACCGTCCCTGCATGCACGAGTTCGTCCTCTCGGCCAAGAAGTTTCGAGAGAAAGGAGTCCATGCCTGGGATATCGCCAAACGGCTGATCGATTACGGTTTCTACCCGCCGACCGTGAACTTCCCGCTCGTCATCGAAGAGGCCTTGATGATCGAGACCCCAGAGAGCGAGCCGCGCGAGGTCCTGGATGCCTTCGCGGAAGCGATGAAGTCGATCCGAAAAGAGATCGACGACGATCCGACCCGCTTGACCGGCGCGCCGCATACCCGTCCGGTCGGCAGAATGGACGAGGTCCAAGCGGCGAAGCGGCTCGATGTGAATTACCAAAAGAAGTAAACTGTATGGCAGAGAGGCAATCGTCTTTAGGAGAAAGCAATGCCATTGGAGCATGATGTTCTCATCGTCGGCGCAGGCCTCGCGGGGATGCGCGCGGCGATCGCCGTTCCCGGCCATCTGAATGTCGGGGTCATCTCGAAAGTCCATCCGGTCCGGAGCCACTCGGTGGCGGCGGAGGGGGGATCAATGCGGCGATCCGTCCGGAGGATTCTTGGGAATCGCACATGTACGACACGGTGAAAGGGAGCGATTGGCTCGGCGATCAAGATGCCATCGAAATCCTCTGCCGGGAAGCGCCGGGCGACATCATGGAGCTGGAGCGGATGGGGGCCCTCTTCTCGCGCGATCCGCAGGGTCGGATCGACCAGCGGAACTTCGGCGGCCTCGGCTTTCCCCGCACCTGCTACGTCGCCGACCGGACCGGACATGCCCTGGTCCACCTTCTTTATGAACAGCTCGTCAAACGGGCCGCGCAGGTTTATGAAGAGTGGTATGTCACCTCGCTCATCGTAGAAGAAGGGGTCTGCCGCGGCGTCGTCGCGCTGAACATCTTCAACGGCGAGTTGACCGAAATTCGCGCCAAGGCGGTGGTCCTCGCGACCGGAGGATATGGGCGGGTCTATCTGATCTCCACCAATGGTCTGATCAACACCGGCGACGGCATGGCGCTCGCTTATCGCGCCGGGGTCCCCCTGCAGGATATGGAATTCGTTCAGTTCCATCCGACGACCTTGAAAGAGACCGGCATTCTGATCACCGAAGGGGCGCGCGGCGAGGGAGGCTATCTCTTCAACGCCCGCGGCGAGCGGTTCATGGAAAAGTATGCGCCGAAGATGATGGAGCTGGCGAGCCGGGACGTCGTCTCCCGCGCCGAGTACCAGGAAATCCTGGAAGGCCGCGGCGTCGACGGCTGCGTGATGCTCGATCTGCGGCATCTCGGCAAGGCGAAGATCTTGGAGAAGCTCCCGCAGATCTGGGAGCTCTCGATCACCTATGTCGGGGTCGATCCGATCGAAGCCCCCATTCCGGTGACCCCCGGGGTTCACTACTCGATGGGAGGGATCTTGACCGACATCCACGGCGCAACCCCGATTCGCGGTCTCTTTGCCGCCGGGGAGTGCGCCTCCGTCTCGGTCCATGGCGCCAACCGGCTCGGCGGAAACGCGCTGATGGAGACGATCGTCTACGGCCGGCGGGCCGGGACCCGCGCCGCCGAATACGCGGAGCAGACGCAACCGGCCCCCTCTTCAGGCCGGGTGCTTCAGCAGGAGCGGGAGCGGATCGGAGCGATCCTCTCCCGGAAAGAGGGGGAGCGGGCCGGGTTGCTCCGGGAAGAGATCGGGAAGGTGATGGCGGACCATTTCGGCATTCTGAGAACACGCGAGCGGATGGAGGAGGGGAAACGGAAGCTGGCGGAGATCCGGCCGAGGCTGGAAAAGATCGCCCTCCACGATCGAGGCAAGACCTTTAATCTTGAATTAATTGACGCGCTGCAGATTTTTTCGATTATGGATCTGGCGGAGTGCATCGCCGAAGGAGCGGCCGTTCGGGAAGAATCGCGCGGCGCGCACGCCCGCCCCGACTTCCCCAAACGGGACGATGTGAACTGGCTGAAACATACGCTGGCTTATCGATCAGAGGCCGGCCCCCGGCTCGATTATCGCCCGGTGACGATCACCCGGGTGCCGCTGGGCGAGCGCAAATATTAAAACTTAGTTCACCCCGCCTGAAGCGGTGTGAAGGAGAACCCCGTTATTTCCGACCGCCCACCCTTCCAAGCCGCCCGGAGCAAAGTACAGACCATTCAGATTCTGATTTGTTCCGACCTGTGATTGCCGTGTCCAGGTGGACCCGCCATTCTGTGTATACAAAACCATTCCCGCTGCCCCGGCCACCCATCCATTATTGGCATCCGAGAAACGGACGGC
CP114553.1_gap71	2953454	2955932	2478	TCCACCCGTGCGTTGCATCGTTCATGAAGACATGGGTGAATTGGTCTGTTCTTCCGGAAGCGATCGGCGCCCAAGATCCCCCTCCATCCCGATAGAGAATGGTTCCCGCGTCTCCCACCGCCCATCCATGGGACGCGTCGAGAAAATAAACCGACTGAAGCGGTTGGGTGGTCGAACTGCTCTCCGCCTCCCAAGTCGCCCCGCCGTCGCTGCTGTGAAGGATGGTGCCGCCGTCGCCGACGATCCATCCTTCGAACGAATTGACGAATCGAATCGCGCGAAGATCTTCCCCCGTACCGCTGACCACCGGAATCCAATTGTTCCCGTAATCGGGGGATTCGGGAGGGGAGCGGAGAATCGTCCCGCTATCGGCGACCGCCCAGGCCACCCCTTCTTCAGAAAAGGTCACATCGTTGATCGGATAGCTGGTCGGCTTCGGATTTTGATGCTTCCATGCGACCGGATTGCTCAGGCCGACTTCAATCGTCTTCGACTGCACCGGAGAGAGCGTGCTTCCGCCGGAGGTCGCCGTCAGCGTGAGGGTGGCCGAATGGGCCTGTCCGCAGGTCAACGTCGATGCATCCACTGTCACGGTGATATCGGTCGAGGTGGCGCCGGCCGCCACCGTCCCGCTGGTGATATCGAGGGAGACCCATCCCGTCTCCGCCCCCGCATAGGTCACCGCCGCGCTCCAACCGAGGGAGCTTCCGCCGTTGTTCTGAATGGTAAATGGTTGCGGATCGGGACTCCCCTTGCAAGCGGTCGCAAAGAAACCGAGGGCAGAGGCACTCGGCGTGATATTCGCCGCCGAAGGGACCACCACTTCCACGGTGACGCTCTGGGGAGAATTTCCCGCCTCCGCCGAGGTGAGGGTGATCGTTCCCGAAGAGGTCGCTCCGCAGGGAAGATCGGCCGTGTCGACATTCGCCACCGTCACCGTCGCTCCGTCGGTCCCGCTTGTGGGAGCAAATTGAATCCAAGCGGCGCTCCCCGCGCCGCTCCAACTGAAGCCGCCGTTTCCGTCGCTGGTGATCGTAAACGAAGGCGATCCGCTGGTTGCAACCCCGCCGCAGGAAGAAGCGGTAAAGGTCACTTTCAGTTTATCTGTGATGATCGCCGGACGGGGCGGAACGACAACTTCCACGGTGACGCTCTGCGGAGAAACGCCTGTCGCCGTGGAGATGATGGTGATCGTTCCCGATGAAGTCGCTCCGCAAGGGAGGGTGGCGGTGTCGATATCCGCCACGGTGACCGTCGCTCCGTCGGTCCCGTTCGTCGGGGCGAACTGAATCCAGGGCTGGCTTGCCGTTGCGCTCCAATTGAAGCTTCCGTTTCCGTCGCTGGTGATCGTAAATGACGGCGATCCGCTGGTCGCGATCCCGCCGCAGGAAGAAGCGGTAAAGGTCACCTTCGTCGTGTCCGTGATAATCGCCGGAGGCGGTGTCGTCGGCGCCGGGATCGTCACGGTCACCGTCAAAGAGACCGGTGTGTTGCCGGCGTCAGGGGCTTCAATATGAACCGTTTGCGAATAGTCCTCGCCGCAAGAAAGACCGGTCGTGTCGATCTGCGCCGTCACCGTTGTGGGAGCCGTCCCGCCGGAAGGGGTCAGCATCAACCAGGAAGGAACATTGGAAGTCGACCAGGTGAAAGTTCCCTTTCCGGCATTGGTAATCTCAAACGTCTGGCTGGCCGGATTCGATCCGCAGCCGACGCCGGTGAAGGCCAGTTCCGCCGTGCTCAGTTGAATGAATGGAGAAAAAGGGGTCGGAGAAGGGAATATCCAATCCTTTTGCCCGCTGCCGTCGTTACAGCCGGTCAAATAAATTAAGCAGATCAAAAGGGTAAGCTTCTTCATATCCTTTCAAAGTATAGCCCAGCATCCCTATCTTGTCTGCGCGGAGAAGAGGAAGGGGGGTCAAAGATAGAAACCCCATACAATCGCCAATCTTGTCAAATTGTCAGGGAAAAGAAGAAACTGGAAGTGTCTTATGGAACCACGAGAGGGGGAAATAAGCGGTTGGTAAACTTGGGACGGATGGTCTTTGTATCTGAATTACGCCTGATAATACTGCCCTTCGAGATTCCCTCCGCCGACGAATTTGAAGACGGTGGTTCCGATCCGGATGAGATCGCCGTCCTTCAACGCGGAGCCGATGACTTTGATATCGTTGACGTAAATTCCGTTCTTGCTGTGGAGATCCTTGACCATCGTTTGATTATTCTTCCGATAAAACTCGGCGTGATTTCGCGAGACGGTCTTCTCATCGATCGAGATCTGGACCTGATCCCCCCGGCCGACCAGGATCTGTTTCTGGTCTAGCATATATTTCTTCCCAAGTGTTTTACCCGAAATGACGACCAGGCAGGGAAGGCACTTTCGAGGATCGGTCACCGGAGATGCCTCGGGATGAATCGTATCCTCATTATCCATGCTGGACCCCTTTTCACAATCTTTCTATTGCGTTCGGAGGCTATCCC
CP114553.1_gap72	2961327	2965215	3888	TTCGCCCGGGCGACGCGGTGGCAATAAAAATCGGCCGCTCAAGGGGGCGATTCCCTTCAGCGGCCGAAAACAACAACGACATTATTTGATGTCGAGCAGTTCCACGTCAAAGACGAGGGTCGCATTCGGGGGGATGACCCCGCCGGCGCCCCGCTTGCCGTAGCCAAGATCGGGCGGGATGGTCAGTTTCCGCTTCCCGCCGACTTTCATCGTGGAGACCCCTTCGTCCCATCCACGAATCACCTGCCCGACGCCGATTTGAAAGGCGAACGGCTCATTTCGGTCGACCGAGCTGTCGAATTTTTTCCCATCGGTCAGCCAGCCGGTGTAGTGGACGATCACGGTCTGTCCCTTTGTGGGGCTGGCCCCTTTTCCCTCTACCAGATCAACGTATTCTAAACCAGAGGCCGTCTTCACCACATTCTCCTTTTTTACATCGCCGGCAGCTCCGAGCGGAGAGACCACGGCCAACGTTAAAATTGTAAAAAGAATAACAAGCAGTCGCATCGATTCTCCAGTGCTGTTTCGGTCCCCGATGGACCGGATCAATTCGGGGTTGAGTTTAATCTGAAATAAAAAGGGAATCAAGAAAAATTACTGTAGCGGGGCTGCTCGCCCCACACCCCCGACACGGGGGTTGGGGCGAAGCCCTATTCAATGCTTACCGCTCTATTTCTTCGTCGGCGCCAGCATATACGCGTCGACGGCGCTCCAAACCGCCATCGCCACGAGGATCATCTGCAAAGAAAGCGAAATATTTCCCGCTCCCATCGCCTGACGCCGGACGACCCCGCTGATCACCATTGCGATTGCCAGGAATACGGCCCCCTTGACCCATCGGTGTTGAAGCAGTTGGCCGGCCCCGGGTAAAATCGTTGAAAGAAGTGCAGTCAGTATCCGTTCCATGATCTCTTCCTCCCTCTGTTCAATTCCTTCAAAGTATACCCGAAAATCAGGAGGAGAGAGATCCGCTTTCCGATCGTTATCTCAAGGCAAGAGGGAGAAGGTTACACGGAGAGGAGCCGTCTTTTCTTAAAGAATCCCTGCTTTTTTTCGTAGCTTTGAAGCACCGCCGCGGCCGCCAACCCATAGGCCAGATGCGAGAGAATCGGCATGGCCGCCTGCATCGGCGCTTTTTTCCAGGGAGGACGCTCCGCCCCGATTCCGGGAACCCATCCCGAAAGCCCGATCGCCCAGAGGGCCAACCCGAAGAGCGGCCCCGAAACCCAGGGAGAGACATTCAGCTTGGGGGCCGACCAGCCGTAAAGCGCTCCCATGAGGGTCCCATACGCGAAGTTCGATCCCTGAATGGCGGCCGTCTCCGCGTTCCCGCTCAGCCGCCCCTGAATCCCGAAAAAGTTTTCGGCTTTCTTCACCACCTTGTGCGGAAAGAGGGCATTGTGTTTTTGCCCCCAGGGCAACGCCCTCTTTTCCAACTGCACAACGGCGGTCAACGCCGCCGTCCCGGCGACGCCGGCCAGAAGTCCCATTCCGATCTGCTTCATCATCGTTTACTCTCCTTATCAATCATGCGGATGATCAGGTTGTGCTGAATACTTCCATCGTACGATAAAGAAATTTGACGGATCAATCACCCGATTGGATTAGGGGACACTTTCCCTAAAATAAATATGCGAAAAAACCAGCTTGTTCTCTCATTCATTTAATGAAATGAGAAGAGCTGCAGCACAGCCTCATTTCCCGAGGGGGTGACCTCTTTCCGTCACAAGGAAGCGCGCTACGATGTCTGCATCCGCTGCCGAAAGGTGATCTCGACGAACTCGGCCGGGCGGCTGATCGCCACCTTCACCGTGACCCGCAAGATTCCCTCTAGGATTTCTTCCGCCGTCATCGTCTCTCCGAGTCCCACCTGAACGCTGAAGGCGTCGTCGGGAGTCGCTCCCGACAGCCCTCCCCGTTTCCAAACCGAGTTGAGGAAATTGCGGATCATGCTTTTGAGGGTAACCCAGGTGTTGGCGTCGTTTTTCTCGAGGACAAGCGCTTTCGCTGCCAGCTTGATCGACTCTTCCAGCATGATCATCGTCCGGCGCACGTGGATTTCGCGCCGATCTGGGTTCCCGTCGAGGGTCCGCGCCCCCGACACCAACACCCCTTCGCCGATGAAGGTACGGATGACGTTGATCGACTTCCCCTGTGGAGAAACGTTCAGCGCTTCCCGCTCCTCGTCGGTGATGTCGACGGAGGGGGAAATGACGGCGTTCAAACTGACGTTTTCCGGCGCCTTCCAGACCCCCCGCGACGCGTCGACCCTTGTATAGATGCCGGCCACCGCGGCCGCCGGCGGGAGGAGGTTCAGACAGGTCGTGATGGCGGAGAGGATCCGGACGTAAAGCGGGAAGTTGTTACGGAGGATCTTGTCCAGACGCGTTTTGTAGATGGATACCTCTTCCGCCTTCACCCCAGGATCTTCCGTCCAGTCCTTGGTAATGTTGTCCACCTGCTCGATCAGCGCGGCAATCGCCTTGGTTTTCTCACCTTTCGCCACCAGGCGATTCATTTCCGCCCTGAGAGGGGTCTGCAGGAGGTCCTGTAGGAGCTCCTTATTGGAAATATTTTCATAACTCACCTCTTGATTTTGAAGAATGGAGGTGTTCAGCCAGGGATAATAGGCCGCCGCTGAGTCGAGGTACTTGTTCCCGACGCCGTCCCGGAACTTTTCAATGACGTCTCCGCCGGGCCCCTGCCTCCCTTTATCCCCTTCGTGAATATCGAGAATCGCAAACCGGTTTCTCATCTTTCCGCCGCAATGGACCACGACAGCCCGCTGCACCGCGATACAATCGGCCGGCGGCAGCCGCACCACCTCCGGGATGATCACCATCGTCGGTTCCTGCTCCGCCATCAGCAAGTCAATGGCGGCTTGCAACTTGTCCGCCGCAATCTCGGCGGTGTAGTCTCCCACCGAAACGATGTAACAGGGGCCCCCGCCGTTTTGGAAAAAAAGGAGCATGCTGTAATAAAGGAGATATTTTCTCGAATCCCACATCAGCGAATAACCGTTCTTCTCTTCATCGAAAAACGCGGCGACCGGCGCCGCCGCGGGGGAAGACGCCGTTTGATCGATCTTGGCGAAGCTAAATATCGGCGCCGGACCGAAGCCGAAATAGGTTTGGAACTCCGACAATGAGGTGATCCGCCAGGGCTTGTTCAACAATGATTTTCCATTATCGTCGGCCTTCTCGGTATAGCCGATGAATGCGGGGACCGCGGTCGCCACCTCTACCACGGAATTGGGAAAAGCGTTTTTTTCGACGATAAAAACACCGGGTGCTTTCATCTTGTCCATTCTTTCTCCCTTTCATACGGGTTAACAGTGATCATCCACCAAGCGATCCCTCATAAAAAAAGGTGATCTCCAATCTGTCATCATTGATTCAGGAAAGATACCGAGGTCGATCATCGTCATCCAGGAAGATCGCATGCCCTCTGTTTCCCCTTTGAGTGATCGGGTCGGGATGGTCTGGGACAACGGCTCGCGCTGAGCATCGCATGAGACGGTATTAAACCCTTCTAGGGCTCATTGTCAAGATTAGTCGTGTCTGTCGCTATTTGCATTGTTAATGTGGGTGTACCGGATGAGAGAGCTGGTGCGGACCATCGGGTCGAAGGTGGAGGAGATCGAATAAAAACTGACGGAGCTCCGGCAAGCCTCCGAGTAACGCCGGTGGCCTGAACCCTTTCCGCGTTTGCATTCCTACTGCACATCGTCTTGGGCTGATCTGGAACGGATAAACAGAATTGCTCTTTGCAATTTAATTCGTTATGATCGGAACGAATCATCCCTTGTTAGATCTTTCATTAATCTCTACCCACTCACGCTTTTAAAACTTAATCAGAGGAGGATGCCGATGAGCCTCACCGATGAAT
CP114553.1_gap73	3075278	3079503	4225	CGGCATGGCCTGCGCCGACAACAATCACATCACACGCCGCTTTGTTCATCCCCTCTCCGATTCATGTTCCACGTGGAACACTTTTTTACTTGCCGATACAAAAGTTGTTGAAAATCTGATCGAGAATTTCATCGGTTGTCGTTTCACCGATAATTTCTCCCAAGGAATCGGCTCCTTCCCTCAGGTCGGCAGCGAGAAATTCCCATGAAGCGTTCTCTTCGACCGCTTTTACGGCACGATGAAGACTCTTGGACGCCGCCTCTAGGGCGGTGCGATGCCGAAGGAGGGCGACCAGCGGTTGCTCTTTCTCAGGTTGTTTCCGAAGAAGCTGCTTGATCTCTCTTTTTAAATCGCCGAGCCCGGAACCCGTCACCGTCGAAAATGGAAGGATCACCTCCTGCGGATGCTCCGTTCTTATCCGAGAGTGATCGAGACCCGCAGGTAAATCGGATTTGTTCAGGAGAATGATTTTTCGCTTCCCTGTCAAACGTTGCGCTAAGACATCGTCTTCTATTTGGAGCGGTTCGCTCGAATCGAGCATCCAGAGAATTAGATCGGCCTTCTCCACTGCTTCTTCTCCGCGACGCACCCCCTCTGCTTCGATCGGATCCTCTGTCGCTCGGTAGCCGGCGGTATCAGTGATTCGAAGAGGAAGGCCTTCGATGTGAACGGTCTCCTGAAGAATATCCCTTGTCGTGCCGGGAAGGGGGGTCACAATCGCCCGGTCTTCTTCCAGGAGAAGATTCATCAAGCTTGATTTTCCGACGTTGGGCCGCCCAATGATGACGGCGGTAAATCCTTCCCGGATTTTCCGACCCTCGCCATACCCCGCCAGGAGGCGATCCACCTCTTCAGAAACTGACCTGATCTGCTTGCCCATCTCCGAATCAGTCCAGAAGCGGATTCCCTCTTCCGAAAAATCAATCGATGCCTCAATATGAGCGAGAATCTGGAGCAAATGTTCTCGTAAGAGCTCAACTTGACGGGATAAACTCCCCTTTAACTGGTTGAGCGCCCATCCGTGATGGTCCCAATTCTCCGCAGTGATCACCTCCATCACCGCTTCCGCTTGGACAAGGTCAATTCTGCCTAATAAAAATGCCCTGCGTGTAAATTCTCCAGGGGCCGCCAGCCTTGCACCCTGCATCACAAGAAGGGAGAGTATTTTTTCAAGGATGAGCGGACTGCCGTGGGTCTGGATTTCGACAACATCTTCGCCGGTATAGGTCCGCGGCGCTCTCATGACCAAGAAGAGCGCTTCGTCGACAATTTCCAGACTGTTTGGATCGATGACGTGACCATAGTGCGCGGTGTGGCTTTGAAGTTTCGCGAGCTCGCCGGAACCCTTGAAAAGAGACTGGACGACTTGGAATGCTTTGGCGCCGCTCACCCGCACGACACCGATGCCTGCCAATCCAATCGCGGTAGAAATAGCGCAGATGGTATCGTCCTGCCCCGCTTGCCGTCGCATTTCGTCTTCCTGTTACGTCGTTCCCGCTTTGGGAATCGCCAGCCCTTCCCGGTTCATGAGGTATTGCTGTCCGATCGTCAGGATGTTGTTGACGAGCCAATAGAGGACCAAGCCCGACGGGAACTTGAGGAAGAAGAAGGTGTAAATCACAGGGAGGAAGAGCATGATCTTTGCCTGCATCGGGTCCATCGTTGTCGGCTGCGTCCATTGCTGGAAAAACATGCTGATCCCCATAATCACAGGCAATACGTAAAAGGGGTCTTTATCGGAAAGGTCTTGAATCCAGAACATGAACGGGGCTTGCCGCAGGTCTATCGTTGTATAGAGCACATTAAATAAAGCAATAAAAACAGGTATTTGTGCCAACATCGGCAGACAACCACCGAAGGGGTTGATCTGGTGCTCTTTGTAAAGGTTCATCAGCTCCCGATTCATCTTTTCACGATCGCCCGCATACTTCTTCCGAAGGGCCGCCACTTTTGGCTGGATCGCAGCCATATCTTTCATCGACGCAAGACTCTTTCGGGTGATGGGGAAGAAGAGGACCTTCACGAGGACTGTAACGAGAATAATGGCCACCCCGTAATTGTGGGTGAATTGGTAGAAGAATCGAAGGATAAAATAGATCGGCTTTGCCACCAACCGGACCGGAAGCCAGCTCCCCATGATAAACCAGCCAAAATCGATGCTTTGTTGCAAGCCGGCACCGATCTGTGCGAGTCGATCGTATTCCTTCGGACCAGCGTAGAGTGCAAGCGTCTTTAGGCCTGCCTGATCTGGCGGAACTTTCAGATCGACTCGAATCTGTTGCGCTCCTTCTTTTTCCACGGAAACCGGGCCGACCTGACCCGCTTCTTTCGGGATCAGAGCACTGATAAAGTACTTGTCTTGCAGCGCCGTCCACAAAATCGTCCCTTCGTGTGTCACCGTTCCTTCGATTTTGGACTCTACGTCTTTGAGCAGTTCTCCATTTACGAATGTGGCCGCACCAATGCTCCCGCCGAATTCGACCCCCCAATTCTCAATGCCGAAATTCGTGCCGAGCGAAACCTCGTAACCCTCGGTGTAGCCCTCCGTAGCAATCTGGGTTTCGACCAGATAATGATCGTTGTGGAAGGTCAGCTCTTTGGTCAGCTTTCGTCCATCCGGACCGGTCGAAGTAAGCGTTACCACTTCTATCGGCCTCTCCGTGCTGAGCCGGATCGGCTTCTCATCAAGGTTATATAGCTGCTTCGATCCATTTGGCTCGTCCGCGGTGAAGATGGTCAAGGGAAGGGTCTTCACACCCTCTTGAATGAGCTCGATCGGAGCGTTCTCTCCCGTCTCCGTTTTCTTGGTGTACTTTTTAAGCTGCCATTCTTTAATCGTCCCCCCGATGTTCGACAGGACGATACGGTAGAGATCGCTCTCGATCACCTTTTCCTTCGCGTTCTTTTCCACCACGACAGATTCTCCGGCCGAAACACTTTCTTGCGGTGGGGAAGAAGGGGCGCTCTTAGGTGTTGCTTCCGTCGGTGCTTGCGTTACCTCAGGCGTCTCCGGAGCAGGGCCGACCATCCGTTCCATGAAGAATGGATAAGCAAAAATGATCGCGAGAGATAAAATTAAAAAAACAATAAGACGTTTTTCCATCACTTATCTGAATTCCTCTAAATTAAAAAATTTATTTTACCGGATCGTAACCGCCCGAGCAGAAGGGGTGGCACCGAATAAGGCGTTTAATGGTCAGGATGATCCCACGGAAAAACCCATGACGCTTGACCGCCTCAATGGAATAGGACGAACAGGTCGGATAAAACCGACATGCAGGCGGAAGCAAAGGGGATATAATGCTTTGATAGAAACGAACAATAAAAATATAGAATAAGGCCATTTATTCTGGGGGTTTCAGAAAAAAAGCGTTGATTTGGTCGGCCACCTGATTTAAATTAAGGAGTTTCGATCCGACCCTGGGAATGACAACTAATTTGTGACCGCGGAGTGAAACTTTTTGGCGCCGGAGGGCCTCACGATAGACTCGTTTGATACGATTGCGCTCTACCGCCGATCCGAGCTTCTTACGAACATGGATAGCATAGAGCAGATCCGGAAACGGATCTTCCAAAGAAAAAATAACAAAGGAGGGAGAGATAAACTTTCTCCCTTCTGTAAAGACTCTTTGAACCTCTTCTTTCCGGGTCAGGCGCCTCAGCCTGACGCTAGGCGTTTGTAAGGCGCTTCCGTCCTTTAGCACGCCGATTTTTAATAACTCTTCTACCATTGGCAGTCGACATCCTCTTCAAAAAACCGTGTGTGCGACTTCTTCTCAGTTTGCTCGGCTGGCGGTAGGTGACCGACATAAATTCTCCTTCACGTTGTGAATACGAAAATGTATATCTTCCTAAATTTCGGTGTTATTGTCAAGACTAAACTCGTTTTAAGTTTTGGAACCCGAAAAATAAAGAGAGAAGTAGTAGTAAGTGGAAAGAAATCCTTGATAAGAGGACAAGGTCCTTTTTTTAATAGAAGAAATGCCGGGGATACCGTTGTGGACAGGGTAGTTCATCCGATTAATCACTTGATTCATTTTAGGCGATTTGATATATTAGAACAGCATTTTTGTCGGAATCTGTTCCTCGGAAGTTAGGTTCTTCACAGGGTAATTTCCAAGATACTGATTTACCTCGTAAACAAACTATTAACAACTGTTGATAAGATTGTGTGTAACTCCAGGAAAGTCGAATGCAGTTGGACCAGATCTGGAAGCAACTCCTT
CP114553.1_gap74	3140578	3145204	4626	CCTTGTCTCCCGGTTTCAACGATCGGACCTCTTCCCGTTTGCCTTCCCGAATGGTGAAGGTTCGTGTGGTCCCTTCGTCCGTTTTTACGGAGATTAAATCGCTTTCCACTTTTTCAATCGTCCCGGACACCTCCCGATGCCCCGACGCAGGTTCATCGTCGGCCATGGCCTGGCCGGCGTAAAACAGCTGGGCAACCATTGCCAAAACCAGAAACCCTTTCAGTAAACCTTTTTTCATTTTTATATCTCCTTATGACCGGGCCGTATCCTCCTTCACCCGGTGGGCCGCTGCCTCCCTCCGTTCCTCGCTATCTACAATTTTCGCATATTCTTTGCGTGCGAATCCATACTGTGAAATTTGATCGAGACTTCTTAGATAATAGGGGGTTGCGGGGGGATAAATGGAGAGCAGGGCTTTAATGAGGTTGATCCGATCCGGCGTTTCGAGCTCCCTTTAGCCGGCCGGTTGGTGCGGGCGATTCAGCAACTTCATCGATAGGAAAACGACATAATGGACGGCCCAGTTCACCCACGCCAGCCAGAAAACCAGGGCAACGCCGAAATCGACGGAGAAACGGATGGAGAGAATATTAATGATCGTGACGCTGATTGCGGCGCTCAGGCCGGCGCCGAAGGCGCTCCCTTGATGGTTTAATTTTTCAAGCAGCTTCAGAAAGGCAAAGGTGGCGATCCCTGTCACCCAGCCATAAATGAGCTGAGAGACGAATGCGACGGTCCATGCGCCGCCCGCGCCGAGATTCCTCACGAGGGCGTCCCAGCCGGGAAGCAGCCGAAGCACGACCATCCCGACGGGGATCGTGATCAGGATGCTTGCAACAGCGCCACGAAAGACGATGTTTTTATTCATATGACATTTCCTCACGACCCGGATCAGCGGGGTTCTCGTCTCCGGTCCTACCGTTGCGCGCTGTCCATGAACTTTTCCATAATAATATTGCAGCGGGCGTAGACCGGATGGGGACCTTCTCGAACCGTATTGAATCCGAGTGATTGATAAAGGAGGAGGGCGGGAGGGGAAACTTCACCTCACGAGAGAGTCTAATCGGTTGGATTTCTTCTAAAATCATCACGCCGTTGATTTTCCAGGCGTCTCCTTCGAGGACCATCAGATACCGCGCAATGACCGTCACCCGATCTTTTCCGGTTATGTGGACCGTCGCAACCGCCGCCTGGTTGTCGTCGGAGAAGAGGATTTCTTCGAATGAGACGAGGTGGGATTTTGCAATCTGCGGATACCCCGATTTGACCATCATCTCGAAGCGCTCTTTTGAGAATCGTTGGCGAAGTCCCGCCGAGGCAAAGGTCCGGGCGGTCGCATAGTCGTCCTTGTTGAAGGCGTTCATCTGTTGCCGGATGACCGATTGAATCAGGTCGGTAGGGTGCGGGGCGGCAACCGTGTGTGCCGGGAAAAGAATTGAATAGAGAAACATAAAAGATGCGGCGATGATCATGTTTTTCTCGCGAGCGACAAGGGAGGGAGATACTTACTCCGGTCCCATCAGACGTGATGCTACCTTTTTTTGACGTCAAAGTATAGACCGTATCTCGCTAAGGCGCCGCCGCTCTTTTCGGCGGCGACGTCGAGGCATGCACCCAGTTGTTACCGGCTTTTCGATAGGTCGTGACGATCGAGGTATGGAATTTTTGATTATCCCAGACCCGGACCGTCATAAGGATCTCGCCGGGGTTGAGGGTGATTAGGGTATAGGCGTTGGCTTCGCCCCGCTCCCGGGTCGAAATGGCGGTTCCGGCCTGAACCAGCAGGGTCGAATGTTTCATCCCGACGTCCAGGCTGATCGTTTCCGTCAGGAAGTTCCGGTGAAGATGTCCCGCCAGGATCAGATCGAGCGCGCCGGTTTCGAGGATCGGCAGGAGGCTTCCGGGATTGGTAAGTCCCGCCAGGTCGTTGAGCTCCGGCGGAACCAGGACCGGATGATGACAGAGCAGGATCCTGAAATTCCGGGCCGGGGCGGCACGAAGCCGCGCTTCGAGCGATTGACGCTGCTCATGCGAAAGATAACCCTGTTTCCAGCGGCTCGGGTGCGCGGTGTTCAGACCGAAGACCGTGAACTCCGGGTCGACAAAGGTGGGAGCCGTTTCCTCGGAGATATATTTCTGATATCGGCCGAAAGGAGAGAGAAAACGCTCAAAGATGTTTTCCAGGGGGATGTCATGGTTCCCCGGGACCGAGAGGTACGGCGTCGGGGCTTGTTTTAGAAAGTCGCAGGCGGCCTGAAATTCTCTTTTCCGCGCCCGCTGCGTCAGGTCTCCGCTGATTGCGATGAGAGAGGGTTGGATCTCCCACAAGTCTTGAAGGAGCGCGTCGGCGACGCGAGGATTGTGCCTGCCGAAGTGAAGATCCGAAAGATGTGCGATGGTCCTCATCGCTCTCCCTCCGCGCCGACTGCTGCGGTGAATTCCTGCGCTTTCGGCACCATTACCTCGATCGCCTGGGCCCGGATTCGAAACCGAAGCGGCGGTTTCATCGAGGCGACCTCTCCATCCAGCGCGATCTTGAGGCGTCTTTTGGTGGTTTCGACCAAAAGAGAGCGGCCCAAAAAGAAGTGAAAGTCCCCGGCGGCATGGAGGCGTCCCAGCAGCGCGCGAAGGCTCAACAGGACAAACCCGAACCGGCTTTCGCTTCGGACGGCGTAAATGGAAAGCGTTCGGCGGTCGAGGGCGGTCCGTCGTCCCAGATTCAAGAGGGTGATCGGATATTCGTTATTCCCGATGAAAAGAAGCGGGGTTCGAAATTCGTGCGTCTCCTCCCGGGATTCCACCCGGACGGAAATCAGAGGGAACCGTCGAAACACGATCAAGCCCGCTTTCAGCAGCGCTCTCCATTTTCGGTATCCGAGTCGCTCGCGAATCTCATCCCGTTTTTCAACCACGCGGGAATAAAATCCGATTGAGGCATTGTTGATAAAGACCCGGCCGTTCACCTCCCCCACATCGACGCGAAAGGGGGTCCCGCGCGCAATCGTCCTGACCGCTTCCGCCATCTCCGTGGGAATGTGAAGGTCCTTGGCGAAATGATTAAAGGTTCCTAACGGAAGGACGCCCAATCGAACCGGGCTCCCCGTGACGGCCTGGACCACCGCGCTGATCGTCCCATCCCCCCCGCCGCCACCAGGGTCTTGGCCCCTTGTTCAACGGCCATCTGCGCCGCGGCGCCGATTTGATCTCCTGGGGTCACCCAAAGCGCCGCCGGCAGACCTTCCGCCCGGAACCGCTGCGCCAATGCTGCCAGCGTTTCTTCGGGATTGTCCCGCCCTGAGAGGATGTTGGCATCGGCATTGATCAGCACAATCGTATTCAGGGGGCTTGGAACGCTCGGCGTCTCCCGAGCGGTCGGCCCCCATTTTCGGATCAGGGTCTTCCTTCGATGATGAATGATCCGCCTTCTCCAGACTTCAGCGAAGTTGATGCAGAGCCCCAGCCAAAAGAGCCCCGCCGTCCATCCGCCCAGAACATCGGTCAGGTAATGAACGCCGAGGTAGACCCGACTGATTCCGGCCAGGATCACCATCGCGAAACAGAGGAAAGCGGCCGCTTTCCGTAAAACGAGAGATCGCGCAGGCAAGATGCCGATTGAAAAAAGGTAGGCCAATCCGCCGAAGAAGAGAACGGAACCCAAGGCATGTCCGCTCGGATAACTGTAGCCTGCCGCCGGAATCAGCGGGGTTGCTTCTTCCGGCCGGAGCCGCTGGAAAAACAGCTTCAAAGAGAGATTCAGCGCCGCGCCGCCGATCCAGATCAGAAGCTCAACGCGCAGAAGATGAAAAAGCCGGCGGTAGGCCAGGTAGGCGCCGATTGCCAGCGCAAGCAGACTCAAAACCAAGGGGTGACTCGCCCAGGAGGCAAAATGCATCAGCCCGGTCACGATGGAGGATTGCATCTGTTTGAGCCGAAGAAACGCGGCGGCATCGAGCTCTTTTGCGAAGAAGCTCGCAAAAACAATCTCGGTGATGATCCCAAAAAGAGCGCCGGCCAAAAAGGTGATCAGAAAACCGCGGATCAGATGACTTCCGGGGAGCTGTTCCGGCTGAGGCTGCGGCAAAGGGGTCTCCAAGAAGGATAAATAAAAGCCAAAGAGGGTCCTTCATTATTATTCTAGAGTCGCGCATCCTCGGTCAAGCGCATGGTTTTCTCGAGTGAAGTTTTGAGAGAGGACCGATGTTCTGTGGGTGAGAGAGGCCGCGTTATTTACCCGGCCATTTTTCGAGGGGGATTCCGAAGGCCTTTCCTTTTTTGACGTCGTCCTGCAGGTTTCCAATGCGATAATGTGCTTGGTCATCTTGGATGTCGAAATCCCGGTAGGAGCTTCCGCCTCCCGTGTACAATGCCTTGTACTCGAGACGGTTCGCATCCTCCCCGAACGTTACCTTGGCGTAAAAGGTGTTGCTGGCCCCTTCGGCGTCGCCGACGTCGAGACGCACAGAGACACTATTCCCGACCTTCGCCACTTCGATCACCGGGAACGATTTGCCCGCTGCGGTGGTCTTCGCATAGTAGTCGACCTGCTCCTCGACGATGAAGGCGAGTGTGTCGGAGCCGACCGCCTCGGCGGCCCTGCGGTCCACTTCGACATCGTATTCCTTTTCC
CP114553.1_gap75	3305659	3308756	3097	ATCCTGATCGGATCTGGCAAGATTTTAACAAATCGCCCACGGCAAGGGCCACACATATTTTATTTGTAAAGAGGTTCGCTACAAGCGCTTTGCGACGGCGGGGGATGACAGATGGATCGAGGGTGTATATACTGTATCAATCTTAAAATTAAAAAATGATCCCCATTTCTATTTAGGATATGTTATCTTTACAAAACATTCCAATGACAGATCGGGCATCCAGCCCGCATCGATCGGCCGCTTACAGCCGATGGACGATTTCAAGGGGAAGGGATTCCCTCTTAATGATAGGTCCTAACGAGAGGAGGCAAGGAATGGCAAAAGAGAAGGCCGCGGAAAAGGCGAAATCTTGGCAGGACCGAGAGTTACCGAGGACCTTTGAAGAGAAAGCGTATCGACTCCAGCAAGCGTTTATCAATTGGGTCGATGAGAATCCGGATCGGCTCCGGTTCCGGGAAGACGGGGATTGGATCACCACCCGGATGGTGGAGCTCCTGCTTCTGGAAAAAGCGGCCGAATGCAGCAGCCGCAGACGGGTCGATTCGATGCGGCTGGTTGCGACCGATATGATGGTGAAAGTGGTCGACGACCCGACGACGTTGAAAGAGATCGAAGCGAAAATCGACGAACTCTTCAAAGCGCTGGAGGCCTACGATGAAATGGGCTTAAATGATCCACGCTATCAGGCCAAGATTCAGGCCTTGTCCGATCGGCTGACAGGAAAGAACAACAAGCAAAAAGAAGAGTAAACACGGCTCAACAACGCTTTTGAATCAAAAGGACCAGCGTTTTATCCGATAGACATGATTCGTGCGGCAACCGGAGAGAACCGATTGCCCGGAAGCTGCGGGATCGCGGTTAATCTTCACCCGGACCGATTAAAAGAGAGATGCGCGTTTTCTCCTAAATTCTTTACCCCCCCCCCTCGACCTGGGTCCTTACGGTTATCACCACTACGTCTATTTGAGATCTCCCTTCTTTCCATTTTTCCCAATCCCTCTGTAAGGAATACCGTGCCCGTGCGACGAATGGATAAGCGGCAAAGAGGGCATATGGTTTTTGACAGAACAGAATACGAAGGAGAACCGATGAATCGGAGAAACGTATTAAAAGCCGGAACGGTCGGCATCCTCGCCTATCTTCTTGATCTTTGGCCGGCCCGGGCGGAGGAGCCGGAAGGGGACTTCGAGATTACGAAAACCGATGAGGAGTGGCGGGCCATTCTCACGGCGGAACAGTATGGCGTTTTACGAAAAGAGAAAACGGAGCCTCCTTTTAAGAACGCCTACCATGATCACAAGGCCCCCGGTATTTACCATTGCGCGGGGTGCGACCTTCCCCTCTTTTCATCGAAGACAAAATATGACAGCAAGACCGGCTGGCCGAGCTTTTGGGAGCCGATCGAACCGACGGCGGTCGGAACCAGGACCGACTGGAAGCTTTTCTTCCCTCGGACGGAGGTCCACTGCCGGCGGTGCGGCGGCCATCTGGGACATGTTTTCGATGACGGTCCGCCGCCGACCGGGTTGCGGTATTGCATCAACTCAGCGGCGTTGACGTTCGTATCGGCCTAAAGCGACCTTAAGACGACCGCCGCTTCGTGCGCGCCGTCGGCGGCGCATTCCATGGATCATCGGGCCAGGGATGTTTCGGATAACGTCCCTTCAGCTCCTTCTTCACCTCGGCATAGGTCCGCTCCCAGAAGCCGCGCAGGTCCTGCGTCACCTGAATCGGACGCCGGGCGGGGGAGAGAAGATGGAGCGTCACCGGGACCCTTCCCCACCCCACCCGAGGCGTTTCGGCCAAGCCGAACATCTCTTGCAGCTTTACCGCCAATACCGGAGAGTCGCCGGGCCGGTATTCCAGCCGAAGTTGGGAACCGCTCGGAACGGTCAGATGGGTCGGCGCCCCTTCCTCCAACCGCCGGTTTTGATTCCAGTCGAGCCGGGCCTTCAGCGCCGTGAGCAGATCAAGTCGCTTCAGATGCTCCCGGCGGGTGATGCCGGTTAAAAAAGGCCCGAGCCATTCTTCGAGGTGCTCTTGCAGCGCGGCATCGGAGGGGTCGGGCCACCCTTCTTCCGGAAACCAATGGCGCAGAGAGAGCACCCGCGCTTGCCAGTCGCGGGCTTCGGGGGACCAGGGAAGGGCTGCGATGCCGAGCTGGCGAATCCCCTCCAGCATCGCCGCGAGACATTTCTCCGGATCAGGACGCGAAAGGGGGGCGCTGTCGATGAGCAGCTCCCCGAGGCGCTCTTCACCTAGCGCAATCACCCGCTGCTGCCGAGCGTCCCAGCGAATGACCGCTTCGGTCCGGATCTCGGGGGCGAGCTCCCGGCGTAGCGTATCGACATCGACTGCGGCCGCCAAATAGATGGCTCCCTCTACCTCGCCCGCGTCGACGCTTGCGACGACAAGATAGGGGAGGCGCATCCGCTCTTCATGCTCCGCCAGGCGGGCCCCCCGGCCCGAAGCGAGGAGGTAGCGAATCTTGCCCGGCGCGCGTTGCTGCGCGATCCGGTCGGGATAGGCAAACGCAAGGAGAAGACCGGTTTTTTCCAGATCCTTTCCGCTTTCCGGTTCATTGCTTCGCAACAGCCGTTGATACTGGCGGGCCGCCTGGTCGACACGCAGACAGGCGGCCGGGTCCACCCCCGAGGGTTGCGCTCGTCCTTTCCCCTCCTTCCGGAAGGCGCGGAGCGCTTCCATCCGTTCGACAAGGCTGGTGGAGCGCCGGCGCTCGCCGATGAAAAGATCTCTTTCCGAAAGCAGCGCCGCGATGTCGCAAGCCAGAGGCCCGAGACCCCGCGCCTCGGCCCGATCCAACATATGGGCCAGACGCGGATGCATGGGGAAGGGGGCCATCGCCCGGCCCGAAGGGGTGATCGAACCATCCTCTTCGACTGCACCGAGCTGGACGAGCAATTGACGCGCCTGGGCCAGCGCCGAAGGGGGAGGCGGGTCGAGCCAAGCGAGTGTCCCCGCGTCGCGCACCCCCCATTGCGCCAGCTCCAGCGCCAGCGGCGCCAGATCGGCGGCGCGGATTTCCGGGATCGGCTGGGCCATCAGTCCGCGCTGTGTCGCCTCGCTCCAGAGCCGG
CP114553.1_gap76	3358339	3359174	835	CGATCAATTTGGCCCGAAGCTTCCCCTTTTTATCGACCAACTCAAACGACTCCGCCCGGACGGTTTTGGCCTGCGAAGGCTGGGCAAATACCGGGTCGGTCGCAAGCCATTGGGCCGACCATCCGCCGAAGAGAAGCCCTGCGATAAACACGATCGGCCACAAGAATACGGATCCTTTTTTCATCTTCTTCCTTTCTGAATTGCGTTTTGGTTTTGTCGAATCAGGAAAGTTGGAGGGAGGTACATAAGCAGAAACGATCGATCGGATTACTCTTTTAAGATCTCCCGGACTTCCCTCGCATTTTTCAAAAGCCGGTCGATCTTCATTCGGGTCGCATCACTCGGGGCGGTCTTGCGGGCTTCGACCAGCTCGGCCTCTTCGGCTTCGGCGAGGGTGAGGAAGTAATTCTTTTCGAGCCGATTCAGCCGTTGCTGAACCACCTTGTCGAAGATATCGTGCCCCAAGGCATAATCAATCAAGGTCAGGTTGGCGTGCCGGAAGACGAATCGTTCAAATTTCTCTTTTTGCTCTTGGGTCATCGATTTCTCTTTGGTCTCACGGTTTGAGATCGACCTTGATCATCCCGATCGGACTCTGTTAAGATGCCTTTTTATCTTTTGAAGGAGTCAGGCATGGATTATCTCTTTTCAAAGCAGGCCCTTTCGATCTACTTCAACGTTTGGGAGCGGATGAAGCGGGAGGAGGATCTCTCCGGCGATTCCGAGCTGATCGCCGACGCCATGAGAGCGCATCCCGAATTCGATTCCTTGTGGCCGCAGGGGGAAGCGGCCTTCCACCCGCAGGAGATCGACGGCTTCGTCGTCAATCCGCTTA
CP114553.1_gap77	3483588	3486640	3052	CCTGACTTTGACCGGAGAGAGAAGCCCGTCGAAGCCCTCTTCGATCCCGAGCACTTCGCAATTGTATTTGACTTTGGATGATTTGACGATGGCGCGAATGACGGCATTGAGTCCCGGGGCGTCGCCGCCTCCGGTTAACACACCGATTTTCATCGTTCCCCCCGTTTCTTATTGTGGATCCGCCGGTAAAGATTCAGGTATTTTTCGGCGGAGGCGTCCCACGCGTAATTGCCTTCCATCCCGTTTCGGATCAGGGCCCGCCACTTCTTTTTCTCTCTGAAAAGCGAGAGGGCGTTTTGGACTTGCCGAAAGAAGGCGGTTGCGGTGTACGCCTTGAATTTGAATCCGTTTCCCTTCAACGTATCCGGATTGAATTGGGTAATGGTGTCGTCGAGCCCTCCCGTCGCGCGGACGACCGGCACCGTTCCGTAACGGAGACTCATCATCTGGCTCAACCCGCACGGCTCATACTTGGAGGGCATCAGAAAAATATCGGCGCCGGCTTCGATACGGTGCGCGAGAGGATGATCATAGGCGATCTTCACGACCGCCTGCTGCGGATATTCCTTTGCCAACGCTTCCAGCCGCATTTCATATTCCTTGTCGCCGTTTCCTAAAATGATCAATTGCGCCCCGGTCGCCATCATTCGATCAAAGGCCGAGACGATCAGATCGATCCCCTTCTGCTCGCTCAGCCGGCTGATCATTGCCAGCAGCGGAACATCTTTCTGAACGGGGAGGCCGAGCTCCTTCTGGAGGGCGGCTTTGCATTTTTCTTTTCCTTGAATGGCCTTTGCGTCGTAGGCCGAGGCAATACAGGGATCGCGGGACGGATCCCACTCTTCAGTATCGATTGCATTTAGAATTCCAAAAAGATCTTTTCTTCGTTTTCGAAGGACCCCTTCCAAACGGTGTCCATATGCGGCCGTCTGGATCTCCTTGGCATAACGGGGGCTCACCGTCGAGAGGGCATCGGCAAAGATCAATCCACCCTTCAGAAAATTGATCTTTCCATAAAATTCCAAAGCCTCATGGTTGAAATAGTCCCAGGGAAGATTGAGGAGATGCCAGTCGTAATGCCAGAAGATCCCCTGATAGCCGAGATTATGAATTGTGAATAAGGTTGCGGTTTCCTGGAAAGAGGGTTCACTCGCATAAGCCGTTTTTAAGTAAACGGGGATGAGCCCGGTATGCCAATCGTGGCTGTGAACGATCTGGGGGCGCAGATCGAGCGTTTTGGCCGATTCCAGAACGGCGCGTGAGAAGAAGACGAAACGCGCCGCGTTGTCGGTGTAGTCCCCCTCATTGGTTCCATACAATCCGGGTCGATTAAAATAGGGATCGTTTTTGATGAAATAATATTGAACGCCGGCGAGTTCGTGAGAAAAAATCTCCCCCGTCTCAAGCCGGCCGGAGACCGGGACGGCGATCGTCTGTCCCGTCGATTTCAGGGGGAAACGGCTTTGATCAATCTGCGAATAAAAGGGGAGGAAGACGGAAACCGATGCGCCGCGGGCTGCCAACGCCTTCGAGAGGGCGCCGACGACATCGGCCAACCCCCCTGTTTTCGCGTAAGGAGCCGCCTCAGAGGCCGCCATCATGATGTTTAATTTTCCTTCCACGGGGATCATGAATATTCTATCCGATGAGTTGATGCTATCTTAACCGTTTTGGTCGTCAAAGTCGATACGAGGAGTTACCCGTTCGATCCGGTTTATTCCGTAATGATGGGAAAGGGATAAAATAAAAGCGTTGCTTAAAGACAACAGATTTTGCCCGGCTCGTCTTTTTTTTACAACAACTCGCACGCGTGATCTAAATTGCGGCACCGATCTTTTTTCTAACCGATTGTTTATGCAAATAAAATAAAATTCTCCGTGAGAAGGGATTGGCATAGATGTTGCTTTTCCTCTCCGGGTAATGATCATTATATCCCACATTGGAGATCAGGAAGGTTCGAGCGAGATTTCTTACTGAGGTTTCTTACGAATGATGAATGAAAAAACAATCCAAAACGAGGTATCCTGCTCTGGAATCGGCCTTCATTCCGGAGAAAAGATTCATCTAAGACTGATTCCCGCCGCCGAGGGGAGCGGGATCCTTTTCTGCAGAACAGATCTCGGCGGCGTTTTGATCCCTGCGAATGCTTCCCACGTGGTTTCTACCCATTTGTCTACCACAATCGGGATAGAAGGAGCAACCGTCCAGACGATTGAGCACCTTCTGGCGGCGATCTCTGCTTTCGGCGTCGATAATCTCATCATCGAATTAGATGGTCCGGAGGTTCCTATTTTAGACGGAAGTGCGGCCCCTTTTGCCGAGCTTTTATCAGCGGCCGGGATTGTTCATCAAAAAAAGGCAAAAAGAATCGTCCAAGTGATCGAACCGGTGACCGTCTCGGAAAAGGGGAAACATGTCACCATTTCTCCGGCGTCCACCTTCGAAATCTCTTATCAGATCCAATTTGATCATCCGCTGATCTCGAGCCAGACATACCGTTATCAGCATAGCCCGGAAACCTTTATGACCGAGATCGCTCCGGCCAGGACATTCGGGTTCCTGAAGGATGTCCAAATGCTTCAATCAATGGGGCTGGCCCGGGGAGGCTCGCTCGAGAATGCGATTGTCATTGGGGAGGAGCAGGTGTTAAACGAGGGGGGCTTCGCTTCCCGGACGAATTCGTTCGCCACAAAATTCTCGATTTAATTGGAGATCTCTCGCTGCTCGGAATGCCGATCATCGGTAAGATCGAGGCGGTTTGCTCGGGACACCTGCTTCATTCGAGGCTGATTAAAGCGCTTTTACAAAACAATAAAGCCTGTAAAATCTTGGGCGCCGGTCCCGCGGTTGAACCACACAGAGTTCCTTCCCGACCGGTACCGATCTACTCGCCTCTCTCATCAGCAATATAATTCCAAAAAATAAAAAAACAGAGGGGCCCCGAAGGGCCCCCCATTCATTTCTATCTAACACTATTTCTTTTTTGTCGCTTTTTTCTTTGTGGCGGTCTTCTTTTTTGTCGCCAATTCTCTCTCACCCCCTTTCATGACCC
CP114553.1_gap78	3559606	3562564	2958	GGTCCGTTCGAACGCCCTCTTCGCCCTCGCCCCTTTTTCCATGGAAGTGGTCGCGGTGGTCGGGGCGATCACGGCGATTTTCGCCGCGTCGATCGGGCTGGTACAGACCGATATCAAGCGGGTATTGGCCTACTCCACCGTCAGCCAGCTCGGATATATGTTTCTCGCCTGCGGCGTGGGGGCGTATGTCTCCGGCGTGTTCCATCTCTTCACGCATGCTTTCTTCAAGGGGCTTCTCTTCCTCGGCTCCGGCAGCGTCATTCATGCCCTCTCCGGGGAGCAGGACATGCGGAAGATGGGGGGACTGTATAATAAGATCCCGATCACCTATAAAACCTTTTTGATCGGGACGATCGCCATCGCCGGAATCCCGCCGCTCGCCGGATTTTGGAGCAAGGATGAGATCCTTGTATCGACCTTCGTCGGGGGACATTATCTCCTCTGGGGGGTCGCCGTGATTACCGCCCTGATGACCTCGTTTTATATGTTCCGCCTTCTCTTCATGACCTTCCACGGTCCATCACGGGTCGACCATGAGGTGGCGCATCATATTCATGAGTCCCCCTCCTCGATGACGGTTCCATTGATGATTCTCGCCGGTTTTTCCCTTCTGGTCGGGATGTTGGTCGGTTTTCCCCCCGAGTCGGGATGGATCCACCATTTCCTCTCCCCCATTATCGCGAAGGGGGGCCACGAGGCGCATCATCCCTCTCTCACCGTGGGGCTGGGCCTGATGGCGCTTTCCACGATCATCGCCGTGGCAGGATGGGCGTTGGCCCGCCACTTTTACATCAAGGAACCGCAGCTCCCCAACCTGTTGGCGGAAAGGGCGCGCGGACTGTATACGGCCCTCGTCAACAAATATTGGGTGGATGAGATTTACCAGGCGGTGATCGTCCGGCCGCTCCTTTGGTTCGCAAATTTTCTCTGGACCTTCGATCAATGGGTCCTCGACGGTTTGGTGAACGCCTCCGGCTGGGTGACCCTCATGGAAAGTAAGATTTCGGAAATTTTTGATATCTATATTGTCGACGGAACGGTGAACGGCGTCTCGGCCACCCTCGATGTCGGTGCGCGGGGGTTGCGGCGGCTGCAGACCGGCGCGGTTCAAAATTATGTCCTGGCGATGGTGATGGGGATTGTGGTCCTTGCCGTCGTTTTCATGTTTTAGGGAGGATTCATGAACAGTTTCGGTTTTCCCATCTTATCCTTGGTCGCCTATATTCCGCTCATCGGCTGCCTGATCCTATTGTTCTTGAACAAGGATGATCACAAGAAGATCATGTACACCGCCTTCGGCGTCACGATCGTCGATATGCTCGTCTCCTTTCTCCTCCTGTTCGGGTTTGATTCTTCTCGGGCCGACATGCAGTTCGTCGAGAAGGGGTCGTGGATTCCGACCCTGGGGGTCGAGTACCACTTCGGGATCGACGGGATCAGCCTCCTGTTGATTCTCCTCTCGACGATCCTCTGCGCCATCGCCGTTGTCAGCTCTTTTACCGCCGTTCACGAGCGGGTCAAGGAATATTATGTTTCGCTTCTCTTTCTCCAGACCGGGATGTTGGGGGTCTTCATGTCGCTCGATCTCTTCCTCTTTTATATCTTCTGGGAGATCATGCTGGTCCCGATGTATTTCCTCATCGGCATCTGGGGAGGCGGCCGCCGGCTTTACTCCGCGATCAAGTTCTTCCTCTATACGCTTTTCGGCAGTCTCTTTATGCTCCTGGCGATTTTGGCCCTCTATTTCCTCAACCGAAATCCCGAATACGGAACCGGCGAATTTACATTCAATCTGATCGAGCTCTCGAAAATGAACCTCCCCCTCTGGCCTTTCCAGATCTGGCTTTTCCTCGCCTTCTTTCTCGGTTTTGCGGTCAAGGTGCCGATGTTTCCCTTCCATACCTGGCTTCCCGACGCGCACACCGACGCGCCGACGGCGGGGAGCGTTTTGCTGGCGGGGGTCCTCCTGAAAATGGGGACCTACGGTTTCGTCCGCTTCTGCCTCCCCCTCTTTCCGGCGGCGAGCCATTACTTTGTCCCGCTCATCGCGATTCTATCACTTGTCGGGATTGTGTATGGAGGGTTAGTGGCGCTGGCGCAAAAAGACATCAAGCGGCTGGTTGCCTATTCTTCGGTGAGTCATTTGGGCTTCGTGATGTTGGGGATGTTCGCGCTGAATCCCCAGGGAATTACCGGGAGCGTCCTTCAGATGATCAACCATGGGATCTCGACCGGCGCCCTCTTCCTGATCGTCGGCATGATCTATGAACGCCGCCATACCCGTCTGATCGCCGATTTCGGCGGGCTCTCTTATCAAATGCCGATCTTCGCCATATTTTTTGCCATCACGATGTTTTCCTCAATCGGACTTCCCGGCTTGAACGGTTTCGTCGGGGAGTTCCTCATCCTGGTCGGCGCTTTTCAATACAATAAAATTTATGCCGCGGTGGCACTGCTCGGAATTATTTTGGGGGCGGCCTACATGCTCTGGCTTTTCCAGAGGATGATGTTCGGCACGATCGACAAAGAGGAGAACAGAAACCTCCTCGACATGAATCGGCGCGAAATCGCCTATATGGCGCCGCTGATTCTTTTTATGTTCTGGATCGGGCTCTATCCGAAACCGTTTATCCGGATCATGGAGCCGGCGATCATCAACATCGTTCAAAAGGTGAATCCGAATTGGGAGAATAAGCCGATGGCGGCGGAAAAGGAAATCGCGCCGGTCGCTCCCGCCGTGGCCGAACTCCCGGCTGCCGAGGCGGCCCTTGAGGTAGAGAAACCATGACGACCCCGATGCCCGATCTCGGAATGATCGCGATTCTTCCCGAGTTGGTCCTGGCGCTACTGGCCTGTCTGGTTTTTGTGATGGTCCCTTTTGTGCCGAAAGAGAAGCGGGATCTGCTCGGTTATTTCTCGATCGGCGCGCTGGTCGTCTCCGGTCTCTTGATCATTCCC
CP114553.1_gap79	3735632	3736160	528	GTTGATCCGTGCGGGGAGCGGGGGGAGTTCCATAGCTTTGCAATCGAGGGGCCGATGTTTCGCTCTCCGCTCTCCGTCACGGTCGGCGAGGTCGTTACGCGGGACGGGTTTGTCTTCGCCGATCTTCTGCCGGCGACAGAAGAGGCGGTCCGATGAAAAGGATTCGGCCTGTCGCTTGGATTCTGGCGCTCTTCCTTGTCTTGGCGGACTCTTCATTTGGAATGACGGCGGAAGAGAGCGTCTCTCCTAAGAAGCCGCAGCGGATCGTCTCGTTGACGCTCGGCACCGATGAAATTCTCTTCTCCCTGGTCGATCCGAAGCGGATCGCGGCGGTGACCTACCTTGCGGCCGATCCGGGGATCTCCCATGTGGCCGAGGCGGCGAAGGGTGTGCCGAACAAAATCCGGGCGAACATGGAACAGGTGGTGGCGCTTCAGCCCGATCTGGTTTTTGTGGCGACCTACACCTCGATGGATGTCGTGAAGCAGTTGACCGAAGCGCGGCTGCCGGTGGTCAAGCTGGAGCTCT
CP114553.1_gap80	3738766	3739397	631	CCGCAGCCTGCTTTTCCGATGGGATCTGATGAGACGTTCGATTCAATAGAGGAGGAAGCGCAGCCGCCCGAGCCCTTCTTTAATCCGGACGCCGAAGCGCAATCTCCTCCCGCGTTCGATCAGGAGGAGCAGGAGATGTCGTTCCCGGAGGAATCCGATCGTTCCTTCGATCCGGACCTTCCTCCCCTGGAAGATGTTGAGGAATCTTTGTCCGAGGAGCGGACGGAAACAGAGCCGGCATTCAGGCTGGTGGCAGAGATCGATCGATCCAAAAAAGAATCGACCGGATCAACAGTGGCGAAGGGCACCGGCCATGGTTCCCCGGGAGACGGCGCGCCACAGCCGATGGTCGGTGATGCGTTGCCCGGAGGAGCCGCGGGTGCCGGAGGAGGGCAGAGCGGTTCCCGTTTTGTCATTCCGAGCGCGAGACGTTCCAATCCGAAGCCGCGCTATCCCGAGCGCGCGCGGGCCGAGGGGAGGGAGGGAACGGCCCTTCTCCGGGTAACGGTTCTCGCAACCGGGAAAGTCGGCGAGGCGCTCATCGAGCAATCTTCCGGGCATGCCGATCTAGATCGCTCGGCGGTCGAGGCGGTGATGAAGTGGACGTTTCTCCCGGCCCGGCGAGGGGAGA
CP114553.1_gap81	3814677	3819472	4795	TATCCGCGGTCGATCTTCTCCCCGCGAAGGGGCTGGTGGTGCTGGTTCAGTCGACCAGCTTCCGGCTGAATGAATTTCGGTTTCGGGTGGAGCTCTTCAATCGGGGGTTGAAGGTGGTCGAGCATCCCCACCTGGGACGGATCTCCGAAGCGGAGTTTGCCACCTACCTCGACGCCCTGGCGTACGATCCGGCTTATTACCGGTCGGTCGGACCGGCGCTCAAAGCGCGGATCGACCGGGCGGCGCGGATCGCCGTGATTTGCGAGGGGACCGAATTAATCTACGACTCCCCCTTCGAAGCGGTCAAGCTGAACATCGGCGATTACCGCGGGATGAAAAATGTCGGGGGACAGTTCCCGATCGGGGAGGTCTTCACCGAGCCGAAGGAGGTCCGCCGCGTGAACGGCGCCTTGAAGATCTTCGCCTTCGGCGACGCCGACTTTACCGTCCACGCTCCCGGCCGCCCCTTCACCGCCGCGATCGAAGGGGGGGTGCTGGTCGCCGCCCCCGACGCGCCGAAGGGGTTTCATGCCGTGTTGGATCAGATCCGGGCCGCGGAGCGGGAGGTCTGGGTGCGGGAGCTCGGCTTCGGCTTGAACCGCGCCCTGACGCGGGAGCGGCGGCTGACCGACATCGGCGCCTACGAGCGGATGCTCGGCATCCACCTCTCCCTCGGCGCAAAACACGCCCTCTACACCAAGCCCGGTTTTCCGAAGAGCGGAAAATTCCATGTCGATGTTTTTGCCGCCGTGGCGCGGGTGGAGATCGACGGGGAGAAAGTGTTCGACGGAGAGAAATACACAATCAATTGACCCAAATTCCTGGAGGATCTGGCGATGTTCATGAAGTCTTTCGCTCCACAGACCTATGCCCTGATGCGGATGGTCACCGGTTTTCTCTTTATGTGGCATGGGACCCAGAAGCTCTTCGGGTTTCCGATTCCGCCGCAGGGAGAACCCGCCGCCCATGTGATCTTTATCGCCGGTCCGATCGAGCTCATCGGCGGATTCTTGGTGATGATCGGCCTCTTCACCCGGTGGGCGGCGTTTCTCTGCAGCGGGCTGATGGCGGCGGCCTACTGGATGGCGCACGGCACACAGGCGTTCTTTCCCCTCGTCAACCGGGGAGAGCTGGCCGCGCTCTACGCATTTGTCTTTCTCTATATTGCCGCCCAGGGATCGGGGGTCTGGAGCGTCGACGCCGTCCTCGGCCGGAATTAAGTAGGGGCGGATCTGACACCCGCCCCTACAGGACAGATGTCTTCCTACTGGATCCCCTTCGGGTGTTGGTAGACCATGAGGTGGGCGTAGGGGGTTCCGGCGAACATGATGTAGGTCCCCAATGGATTCACGTGAACCGGAAGGCCGGTCATCTTTGCATCGAACGGCCAGAAGATCATCCAGTGGGGGGGCTCTTGAACTTTCTTCGCCCCCGGCCCGTCCGCCATGACAATCGTCCCCTCTTTCTCGAAATGCCATCCCCCTTGCGCCATGTAGGAGACTCCGGGTGAGGTATTGGTCGGTCTCTCCTTTCCGCTGAGAAGATCGTTAAACCATTGCTCGGCGGCGGTGTCGTTGCAGATCGGGTCGGGCTCGGAGAGATTGCTGATATCGGGATAACAGACGAAGCCGTTGGTTCCCTTCCTGACCTCGATCAATTTACCGTCGGCGCCATAGACCTTCACCGTCGCGTCCTTTGCAATTTCCGCCGGCGCGGCGCTGAGCGCCACCTTGATCTGCTCTTCCTTCGATTTGGAACGGATTCCTCCTTTTGCCGTCATTCCCATTTCGCCCATCTTGTGGCCTTCTTCAGCCAGGGCGACGGCGCCGCCGAAGGAAATCAGCGCGGAAAGCATCCAGATCATCCATTTTCGTTTCATCTTCTCCTCCTTATTCTTGTCCTGGTTTGATTGGCATCCCGGTTTGTGTCGGAGAGCCTTTCTATAACAAACAATGTGTTTATACGGCATCTGATGTGGTTCAGTATGATGTCGTTGCAAGCGGAGAAAACTTACAAGAAAAACGATATTTTAATTCCTCATCCGTCATTCCTGATTGGTAATCAAAAAGTGCGTCTCCCTGACAATCTCGAAGATTTGGTAAAATAAAAGGTAAGAACTCTCTGTTTTTCAGTAAGCATCCATAGATCGAGGGTCTTTCCGAGGGTCCGGGCGACAGGTCATCCTCCGTCGACACCGGACTTCTCAGGACAGCGACCTCGGGGGAGGTGAAACGTGGAACAGGTGATGAGGCAAGGAGAGATGGCAGGGCCGTCGCGCTTTGCCGTTCTTTGGCTCTTGGTTTTTCCGTTTTTGTTCTTTTTTATCTTTTTCTTCACAAACCATCCGGAGTCGCACTACAACGAGATCCCGGTCCCCGAACGGAAGCTGAACCTGAAGGGGTTGGAGATGGTGACGACCCAATATCTCGACGAACACCCGGAGGACTTTTACCGATTTATTCGCATTCTGACGAACGCGGATAATGCCCTTCAGGAAAACGAATCGCTCACCCGCGGCGCGGTGGTGAAGTGGCTGAACCAATCGATGCGGCAGGAGGGGTTCGATTCGGAGATGCCGGTCCGGCTCTTCCTGCGAAATGTTTACCTGAAAGAATGGGAGGGGGCGTATCTTCGGCGGATCGATCCCGGGGAGAGAGAATACCTCTACGACCTGATCGGCGCGACGATCGGCGGCATGTACCGCTGCACCTGTGTTCCCCCCGACCTGAAGCAGAGTTAAACATCAAAGCATCGGTCGATTCGAAAATTGGGAATGGAAAGGTTTTGCTCCGTCTCCGTTTATTCCTAGATCGATTTTAGTCTTCCTCCGTAAACATACCGAAATTGACAATTTCCCTATCCGCTTATATAGTTTTAATACTTTCAATCACATAAGAATGCGGTGAGACGGACATCTTCCCCTCTCGATCAGAGCCGGTCGATTTGAAACGTGGCAAGAACCCAGGGCCATCATGTTCACGTTTTTCCATGCATTTTTAGATAGACCGGTTCATTCCTCCTTTTCTACTGCAGCCGACTGCGACGGGTAGCATCACTTCCTTCGGTCCTTTTTCGTCAGCGGCTCGAAGGGAGAGCGCTCAAGGACCGGAAACAGGCCGGCGCTATAATGGGGTGACCCCTGATCACACCTTTTCGTTATCTCTCAATTCGTCAAAAATTGATTCGGATGAGCATGCTGGTGAGTTCGGCGGTTCTCCTGCTCGCAAGCGCCGGCTTCATCGCTCATGAATGGGTGACCTTCCGGAGCGTCATGGTCCGGAATCGCTCCACGCAGGCGGAGATCATCGCGATCAATACGGTTTCGGCCCTCCTGTTCAACGATCCGGAGTCGGCCGCTGAAACCGTCGGGGCGCTGCGGGTCAAGCCCGACATTCATTCGGCGGCGATCTATACGGCCGATGGCCGGCTCTTCGCAAAATATCTGAGGAGCGACGGGGCTTCGGTTTTTGAGATGCCGGAGCGAATTCCGGGGGGGATGGAAGGCCATCGATTCGAGTCGGGCTTTCTTTTTTTGTCGCGGCCGATTCTCTCCAACGGAGAGCGGATCGGCACCGTTTATATCCAATCCGATCTCCAGGAAATGTATGCCCGTCTGAAGGGTTACGCCCTCATCGCGGGCGGGGTGCTCGCGGTTTCTCTGCTGACGGCCTATCGGGTCTCCGCCGCGCTTCAAGAAAATATTTCCCGCCCGATTCTTGATCTGGCCCGGATTGCAAAGAACGTCTCCGAAGAGAAAGACTATTCCGTGCGGGCCGCCACCGGAAACCGGGACGAGATCGGCCTGCTGGTCGAGACCTTCAACGAAATGCTCTCTCAGATCCAAACGCGGGATGCGGCCCTGCAGAAGACGCAGGACGAGCTGGAACAGAGGGTGAAAGAGCGGACGCTGTCATTGGAGCAGGAGGTCGGGGAGCGGAAGCGGGCGGAGGTTTTTCTCGACTCCATTGTTGAGAATATTCCCAACATGATTTTCGTCAAGGAAGCCAAAGAGCTCCGGTTCGTTCGATTCAACAAAGCGGGTGAAGTGTTGCTCGGCTACACCAGAGAAGATCTGCTCGGCAAAAATGACCATGATTTCTTTCCAAAAGAGCAGGCCGATTCATTCATCGCCAAAGACCGGCAAGTGCTCGGGGCGGGCTACCTCGTCGATATTCCGGAAGAGCCGGTTCAGACCCGGCACCGCGGCACGCGGATTTTGCACACACAGAAAATCCCGCTCTACGATGAAGAGGGACAGCCGCTCTATCTGTTGGGCATTTCGGAAGACATCACCGAACGCAAGCAGGCAGAAGAAGAGATGAAGAAGCTCAACTCCCAGATGGAAGCGGCCAACAAGGAATTGGAAGCCTTCAGCTATTCCGTGTCGCACGACCTGCGCGCGCCGCTGCGCCATGTCAATGGATTTGTCGAGCTGCTCAAAGAACACGCGGCGACCCAGCTCGATGCAAAGGGACAGCGCTACATCGAGATCATCGTGAACGCCTCCAAGCGGATGGGGAGTCTGATCGACGATCTGTTGGTTTTCTCCCGGATGGCGAAGTCGGAGATGCGGATCGGGAGGGTTCCCCTCGAATCCTTGATCCAGGAGGTGATTCGGGATCTGCAGCCGGAGATTCAGAGCCGGCAGATCGCTTGGACGATCGGCACCCTGCCCGATTTAGAGGGGGATGCGGCGATGTTGCGGCAGGTGTGGGCGAATCTGATCGGCAACGCGGTGAAATATACCCGGACCCGCGCGCGGGCCGAGATCGAGATCGGCAGCCGGCCGGAAGGA
CP114553.1_gap82	3825654	3827302	1648	GCGGACGGTCCGTTTTCCCGGCGGCGCTCGGCAGGCGGTCGCGGCCACGCTCGGCGAGCTCGCCGCCGTCTATTGGACGACCGGCATTCCGAATATCACCGCGTATATGGCCTTTCCGTCGCCGATGATCGGCCTGATGCGCTGGACTGCGCCGATCTTGCAGCGGCTGCTCGCTTCCGATTCGATCCGGCGCGCGGCGGAGTGGGGAGCGCGTGTGGCGGTCCGCGGGCCGAATGCGGGGCAGCGGGAGAAGGGCCGGGCCGCCCTCTGGGCGCGGGCGTCGGACGAGAAAGGAAACGCCGCCGAGGGATGGCTTGAGACGGCGGAGCCCTATCTTTTTACGGCGATGGCGGCGGTCCGCTGCGCGGAGGAGGTTTTGAAGAAACTTCCGACGGAAGGCTGCTCGGGCGCCTGCACCCCGGCGGGGGCGTTCGGTGCCGACTTTGTTCTGAAGATCCCGGGAACGAAACGATTTGATCGAATCTCTTAAAGGCAATTACGAATTAGGAATTAGGAATCAAAAGCTTGCGAGGACTCTAAAGATTCCTCATTCGTCATTTAATTTGTTTTTTCCTCCAGTTTGTTCACGAACTTCTGGAAGTCGCGCTGCTCCTCCTGAGAAGGCTTGATTCCGAAAGCGAGGGAATCGATCTTGTCTTTCACCTCGACCAGGTTCGGATTGAGCCGGAGCGCCTCTTCATATTTCGTTTTGGCTTCTTCCAACGTCCCCAGCTCTTCAAATCGCGCGGCCTCCAGCAGAAGACGGCCGATCTCTCTTTCCTGAGGCCATCCCGCGGCAATCCGCCATCCCCCCTCCTCCCTCACCAGGCCGAGCCCTTTTCTCACGGTGATCATCGGAACGGGGCGGTCGTGATATTGCTTCTTCAAAAACTGATCGAATTCGGCGGGGCTCATCGTCGCGCCGGCCGAGGAGAGGGCGGCGAGGAGAAGATCTTCCGTGATCCGATCGGCGTCCGGTTGGTGGACCCGCACGACCGCCCGGCCTCGCTCGCCGTCGATTTCCAGGGTCTCGATGGAGAAGGTCGCTCTTTTCATCAGCGGCTCGATCCCCATGCTCTCATCCATCGACATATGATGGACAAACGCGTCGAAGTTCCGGAACGCGCGATCGGCCGAGGAGAGCTCTCCGTAAGCGGTCCGGAGATCTTGCTGGTAGGTGGCCGACAAATAGCGGGTCAATACCGCAGCCGGATCGGAGCGATCCGGACGGCAGGCCGCGAGAAGAATCAGGGCCAAGAGGAGCATACTAAATCTGGCGGACATACGGCGCTCTTTAATGAAGATTGGAATAACCTGTAAGTATAACAGGTCGATTCGATTCCGGAAGACGGCTGATCGCGAGAGAGAAATGTCTTAAAGGACGTTGGCTTGGTAGTACTCCCACGTCTTCAGCAGGACGCCGGCGTCGCCGGTGAGGACGCGCCCGCGATGTTGGGATTCCTGCGTCGGGGCGATCTCCAGGACCATTTTCTTGGGTTCGGAGCCGACCGTGACCTCAATGTAAATATTTCCGACGAATTCGCTTTGCTCTTTAAGGTATCCCATCGCCTGGCCCGGTTTTACCCATTCCAACGTATGGAGGCCTCCCTCTTTCTCGATCGACGAGATCAGCAGCTCAAACCGCCGG
CP114553.1_gap83	3834493	3836728	2235	AACAATCGACTATATGCCTTTTACTTGGGATACTCCCTCTGAAGTACATAGACACAACCGCCTGAAACACGATATCTTGAAATTAGGAGGCCAAAGGAAGGCTTTCCCTGCACCTCGAATATTTTAAAAAGGAGGTGAAATGTTCGGTAAAAGGATTACTCTATTTCGGCTCTTCGGTTTTGCGGTCCACGTTGATCTCAGCTGGATCGTTATCGCCGTCTTGGTCACCTGGTCGCTGGCGGCCGGCCTCTTTCCGTTTCAGTTTCCGGGCCTCTCGACGGGGACTTATTGGTTGATGGGGATCGCCGGATCGCTGGGGCTCTTCGGGTCGATTATATTTCATGAGATGAGCCACTCTCTCGTCGCCCGCCGGTTTGGGATTCCGATGAAGGGGATCACCCTCTTTATCTTCGGCGGCGTGGCGGAGATGGACGATGAGCCGCCGAGTCCGAAGGCGGAGTTTTCGATGGCGATCGCCGGGCCCCTCTCCAGTTTCTTCCTGGCGGCCGTATTTTACGGCCTCTATATCGTGGGGATGCAGGGAGGATGGCCGATGACCTTCAACGGGGTGATCGGCTACCTCGGCGTCATCAACGCCATCCTGGCGGTGTTCAATCTGGTTCCGGCCTTTCCCCTCGACGGGGGACGGGTCTTCCGATCGATCTTGTGGGGATGGCGAAAGGACATCCGATGGGCGACGCGAATCTCTTCGGCGTTCGGCTCCGCCTTTGGGCTCTTTCTAATCTTTGTCGGTGTCCTCAACGCCCTTCGGGGAAATTTTATCGGGGGGGTCTGGCAGTTCCTGATCGGAATGTTCCTGCGGGAGGCGGCCCGGATGTCGTATCAACAGCTCCTCGCGCGCCAGGCGCTGGAAGGAGAGCCGGTCCGCCGCTTCATGAAGAGCGATCCGGTGACGGTTTCCCCCGCCACGTCGCTGGCGCAGCTGGTCGACGATTACGTCTACCGCCATCAATACAAAATGTTTCCGGTGGTCCAGAACGGCGCGCTGGTCGGCTGCATCGATCTCGATCAGGTGAAGGAGATTCCCCGGAATGAATGGGCCTATCGGACGGTCGGCGAGGTGGCGAAGACGTGTGCCGTCGAGAACACGATCTCTCCCGATGCCGATGCCGTAAAGGCCCTCTCGAAGATGAGCCGGATGGGCCGCAGCCGGCTGCTGGTGGTGGAGGACGGCCGGCTGGCCGGCATCCTTTCGTTGAAAGATCTCCTCCATTTCCTCTCGCTCAAGATCGAGCTGGAAAATGGCGAGCAACCGGGGCGCCGACCTGAGATCCCGGAGAAAGAGCAAGAGCGGAGAAAGGCGGCGTGATACTGATAAGGGGTAGGGTATAGGGGGTGGGAGAGAGAGGGAGAAGTGCTTGCCTCATCCGCTATTTCTTCACCTGGAGGGTCTTCTCTTCATCAGTCGGTTCCACCGTTTTCTCCTCCCAGAGCCGCCCCTCGATCGCCGCCAGGAGCGGGCTGAGGCTTTCCGGCTGGAGCGCCGAGATGGCGATCGCCCCCCCGTACCGCTCGCAAAGGGTCGCCACCGTTTTCGGATAAATACGGTCCTTCTTGTTGAAGACAAGGAGCTGCGGCGTGTTTTCCAAACCCAGCTCGGTCAGGATTTTTTGGACGGTCTGCATGTGTTGCTCGAAATGAGGGTTGCTGATATCGATCAGGTGGATCAACAAATGCGCATCGCGCAGCTCATCGAGGGTCGATCGAAACGCGCCGAGCAGATCGGGCGGAAGCGATTGGATGAAGCCGACGGTGTCGGTGATGATCACTTCCCGCTCGCGCGGAAAACGAAGACGGCGGGTCGACGTATCGAGGGTCGCAAAGAGAAGGTCTTCGGTCTGAACGTCGCTCTTCGTCAGGGCGTTAAGCAGGGTTGACTTTCCGGCGTTGGTGTAGCCGACGATCGACAGGATCGGGATCGAATGGGCCACCCGCCGCACCCGCCGCCGCGCCCGCGCCTCCGCCAAAGATTCCAATTCCCGCTCCAGCCGCGTTATCCGATCGCGCGCCCGTCGGCGGTCGACCTCCAGCCGCGTCTCACCCGGTCCTCTTCCGCCGATGCCGCCGGTGAGGCGAGACAACGCCGTGCTCCGCTCGGCGAGCCGTGGGAGGCGGTATCGAAGCTGCGCCAGCTCCACCTGGACTTTCGCTTCGCGGGTCTGCGCCCGCTGGGCGAAGATGTCGAGGATCAACTGGGTCCGGTCGAGCACCTTC
CP114553.1_gap84	3837867	3840676	2809	CGGCGCTGGCGACGGGAGATGTCAACAATGACGGCTTCCCCGATCTTCTGGTGGCGGCCAACTCCTTCAATACCGGCCGGGCCGATGCGGGGAAGGTCTACCTGCATCTGGGGACCGCTTCGGGGCTGTCCGAAACGCCGGTCTGGAGCAGCAGCGGCGACAATATCGAAGGGGCCTATTTCGGCGCCTCGCTCGCGTTGGCCGATCTGAACGGCGACCGGTTTGCCGATGCCGTCATCGGAGCAAGCAATTACCGCAAGGGGGAGAAGGGGGCCTTCACCGGACGGGTCTATGTTTATCCCGGAAGCGAGAAGGGGCTTTCGGATCAGCCGATCTGGGCCTCGTCGGGCGACGAGCAGACGGGGGCTTTCTTCGGGGCGTCGGTCGCATCGGCCGGAGATGTGAACGGAGACGGCTTTACCGATCTCCTGGTCGGGGCAAGCGGTTATGCCGACAAAGATCTCTCCGTCGGAAAGGCCTATCTTTACATGGGGGGCGCGGAGGGGCCGTCCCAAAAGCCGGCCTGGACCGCGATGGGGGACCATCTCCCCGGCTCCGGGTACGGTCTTATCGTCAAAGGGGCGGGGGATATCAATCACGATCATTATGACGACATCCTTGTCGCCGCCCCCCGCCTCACCGGAAAGGTCTTCCTCTATCAGGGCTCTTCGCGGGGTCCGTCCGAATTTCCGGTCTGGAGCTCCTCCGGCGACAACCAGGGGGGGCGGCATTCGGTCTTGGGATCGCGCCGCTCGATGTGAATGGAGATCGCTTTCGCGATCTGGCGATCGGCGCTTACTTCCAGGACACCCCCGGCCATACCGATGCCGGAAAAGCATTTCTCTTTCTCGGGTCGGCGTTCGGGATGTCGAAGAAGCCGAACTGGAGGTCTTCCGGAGAAAATCTGATCGATGCCAAATATGCGACGAGCATCACGGCGCTCGATGATATCAATTATGACGGCTACGACGATCTCCTCATCGGCTCGAAGCAGAAAGAGAATGACCAGATCCAATCGGGCAAGGTCTTTCTCTATCTTGGCGGCCCCAAAGGCTTCGGAGAAAAAGCGGCCTGGACCGCCGACGGTGAAAATCAACAGCAGGCCCTCTTCGGCGAGGCGGCGGCCCCGATTCGATCGAAAGCGTTCAACGGGTTTGTCGTCGGCGCGCCGACCTATTCCGCGGCGGAAGATCTGGAGCGGACGGGGAAGATTTATCTCTATCGCGTCCAATCCGCCAAGTCCTCTCCTTAAACTTTAGCATCCGGCGGCCCTCCCCCATCCATATGAACCAACTTGCATACTCTCCGCAATGTTCATCAGCGTGAAGGAAGTTGCACGCGCCTCTTTCGAGGCAAATCGTTCCGATCGAATGATTCAACGCACCCTCCAGATTTGAATCTTTATTTATTACCAGTCATTACCAGCGATTCTCCATTCTTGATCTAGAGGCACCCCTCTTGCATCGCTTCTTATATCGGTGCGGTTGCGTGGAACCTCGATGGGTGCAGAACAGATCAAGGGGGTGATCATCCTCCTGATGGTTATCCTGGCTCCGGATATTGTCACGGCGGCCGCCGTGACTTCCGGACAATCGGGTCCCTGGTCTTCACCGGCGACATGGGTCGGCGGCGTCGTTCCGGGCGACGGGGATGAAGTGCTGATTGCCGACGGCCATGCCGTCGAGATTGATCGGGACATCGGGAGCGAGGGGCTCGGATTGAAAATGCTCCGCGTCGGAACCCACAACGGCTCGGCGGCGCGGCTCTTCTTCGACGGGCGCAGCCGTTCCCAAGCGGTGACCCTTCGATTCGCGAGCCGCGGAAAAGACCGGGGAGTCGATGCCTTCGGCATTCACTTTTGGGGGAGCATTCAACTGGAGGGAACCCTCGAGCATCCTCTGGTGATCGAGCCGGTGGTCCAGGACGGGAGTGCGGTGACGTTCATTCAAAAAGACCCAAACAGCAGCCGCGTCGATCTGATCCTTCGCGACGTGATCCTCCGGCGGGCCGGCGATGAGCAAAGCGCCGGGATCGACGTCTGGGGGGCAAGCCGCTCCGGGGAGCGGGTGATCATCGAGGGAAATCGGTTCGAGGGATCGGGTTCGATTCAACTCGCCGGCGCCCACGGCGGCGGCGCGACGATCTCCCTGAGCCGAAACGAGGCGGTCGATCATCGGGGATCGTTCGTCCAATTTCGGGCCGCGCGAAATCTGCTGATCGATCGGAATCGGATCACCCTGGTTGCCTTCCCCGCCGGGGCGCCGGGACAGGCGGTCATCGACGGCATCCAGGGAGACGGGGTCGGAGGGGGGATTCGGATCGAGGGGAACACGATCCTCAGTACGATCGACGCCGAAAGCGCGACCCACCCGCGCCGCTACGCGATTTGGCTCAATGGTTTCCCGGACTCTGTCGTGGCCGGCAACCGGGTCGCCGCCCAGGGGGTCTCCTATGGGTTTGAAGAAGGGGTCACTATTTTGGGCGGGGCCGGGAGGGGAGCGAACATCCGGATCGATCGGAACAATATTACCGGCACGATCCACGGCGTCGGCATTCATACCGTCCGGACCGACAACAGCGGCATCGAAGTGACCCGGAACCGGATCTTCGACAACCGCAACGAGCATATCTTCATCTCGGAGGGGCATCAGATCCGGATCGTCAACAACCTCCTCTACGGAACGCTTCATAGCGGCCAGGCCGGCATCCTCCTCTACAACACCGATCAGGTCGAGATCATCCACAACACGCTCAATGGGACCCCTTCGGTCTCCACCGCGGGAATCGCCATCGGAAATCAGGGAATCGG
CP114553.1_gap85	3842230	3844013	1783	ACGGCGACCGGACAGAAGGGGTCGTTTGTCCAGTTCCGCGCCGCCCGCGGGATCGACATTCTCCAAAATCAGGTCACGATCGCCTCTTTTCCGGCCGGCGCGCCGGGCCAGGCGATGATCGACAGCATCGAAGGGGATGAGATCGGGACCGATATCCTGATCGAGGGGAACACCCTCATCAGCACGATCGATGCCGAGAACCCCACGCGGCGCCTCTTCGGGATCTGGTTGTCCGGGGTGACCGAGTCCGTGATCCGTGGAAATCGGATCTCGGCCCAGGGGGTTGCCTATGGATATGAAGAGGGGATCTCGATTCTCGGAGAGGGAAACAATGCAAGGGATAATCGCGTAGAGGGAAACATCATTTCAAATACGATCCATGGGATCGGCATCCATACCGGCCGGTCGGGCAATCCGGGGATCATTCTTACCCGGAATGAGATTTTCAACAACCGGAACGAGCATATCTTTATCTCCGACGGTTATCAGACCGAGATCGTCAACAACATCATGTATGGACCGCTTCATTCGGGTCAGGCGGGGATTCTCCTCTACAACACCGATCAGGCGAAAGTGGTGAACAATACCCTGAATGGAACGCCGGAGGTCTCCACCGCCGGGATCGCCATCGGCAACGCGGGGATCGCGACCTCTTTTAATGTGGTCATCAAGAACAATATTTTGACCCGGTGGAACAAGGCGATTCAGAACAGGGACAGCGGCAACAGCTTCAGGGAGGTCGGCTACAATCTCTTCTTCGAGAATGTCAACGATATCGACGACCTGGCCTCCAACACGGGCTCGCAAATCCCGAGCGATCGGACCGGCGATCTCTTTACCTCGCCGGGATATGTCGATGCCGCATCGCGAAAATATCACCTCCTGGCCGGATCGCCGGCGATCGATCGGGCCGCCGCCTCGAACGCGCCGGAGGTCGATTTCGACGGTCAGGCCCGGCCCTTCGGAGAGGGCATCGATATCGGCGCCGACGAGGCCTCCTCCGATGCGCCGATTCCCCCGTCTTCCTGTTCGGGATCGGGGTGCGGCGGGGGAGATGGAAGCGGCAACCCGACCGCCTCTTCCGAGGGGGAAAACTCGGGGGGATTCGGATGCGGGGCCATTCAGTCCCGCGCTCCTAGAAAAACGTTCGATCGATCCCATCTAGGTGACCTGCTTCTCCTTTCCGTCCCGTTCTTTTACTTTCTTTTCATGAGAAGTGCGGCTCATCCTGTCAGACGGAGGGGTACATAAAGAGGCCATGGGTGAGGATGAGCCGATTGGAGGGCCTTCCGTTCAATGTGAACTTTGGGGGAGAAAGGAAACATCACGTTATGAAAAAGCAACCGTTCTGGATTTTGACTTTGATCCTTTTGATTTTGCCCCAGCTCGGCTGGGCTCAGGAAGAGGGGCGGATCGAGAACACCTTTGGAATCGGTCCTCGCGCCGGTTATTACAAGAGTAAAGATGCCGACGAGGGGGCTTGGTACGGCGGTGTGCAGGCGCGGTTTCGTTTCGGAGAGGTCTTCGGCCTCGAATTGGCGGCCGACTATCGTTCGGAAGAAACCTTCGAGGTGGACGGGCCGTTATTTTCAGGGGAGATCAATCAGCGCTCCTATCCAGTGACCGCGTCACTTCTGGTTTTTCTGCCGATCATTCCCCATTTTTCTCCGTACCTCGTCGGGGGAGGAGGAATCTACTATACGAAGATCGATTATTCCGACAGCCTTGAGGATCTCGGGTTTGACGATCGGACCGAGCGGCCCTGGGGGTGGCATGCAGGGGG
CP114553.1_gap86	3850351	3853202	2851	CGTAGTCGCTCCTCCAGGTCATCCCGCCGGTGAGATAGGTCGCTTCGACTTTTTGGGGGCGCGTGGTTTGATTTTCCAATCGCCAGACGAGGGTCGGATTCGGGAGGAGATTCTCCGGAAGGCCCGGGAAGATCATCTTGCCGGGGTGGTCTGTAAAGATCCGGTCCCCCATCCGGTAGACGATGCCGCCGTGGGTGCTGAGGATCGTGATCGGGACTTCGGCCCCGTCGCGCAGGACGTTGATCTCCTTGCCGACGAACTTGTCGAGAAGCTTCTGAGGCGAGAGGAGATCATACTCGTAATTCTGCTCCAACACGCCGAGACCGGCCGGATCGGTGAGCGAGGTGATGTGGACCGTCTGGGGCATGATCTGCGCCGCGACGTCGGAGAACTTCAGCTCGGTGATTCCGGCCGGGAGGGTCAAGCGCCGGGTCTCCTTCACCAGGCCGAGGTTGCTGTTGTAGACGGTGACGGAGACGGTTTCCTGATCGTCTGCGTGGCTCGCCTGCTCGTGCGGCTTCTCTTGGGGTCCGGCCGCCTCGCCGCTCTGTCCCGTAAAAAAGAGTGTGCCAGCCAACATCAGGGTCGGGATCGTCAAAAACAGTATGGTCTTCATGGTCTCCTCCTTGGGATTGTTTGGTCCTTATCCCTGTTAGACCGCGGAGGAGAAAAAAGGTTCCAGATTTTTTGTGGAAAATTTCCTTATTGGGTCGGGGGCGGATCGGCGGCGCCGGCCTCTTTTGATTTATCAAAGAGAAAGGTCAATTCGATCCGCATCAATGAGGAGGGTTTCGCTTCCGCCTGGGGGGGAGGGGAGGAAGGCTGCGATTCGGAGATGATCTCTCCCACCTGCGTCAGTTCCGCTTTGAATCGGTTGTATTCGGACCGCGGGAGATCAAGCCGGAAACGGGGCTTGTCGTTGCCGGGCTCGTCTCTTTCGGCAGAGAGATGAAGCGTGCCGCCGCTGCGTTCGACGATCTCCTTGACCTTGGCGGAGAGATCCATCGGTCCATCTGCTTTCCCCCGGGTGAGGAGCGTCAGGAGAATGTCGGGAGGAGAGGGGGATTCTCTCTTCGGAAGGACCTCCGCCATTTGTTGTTCTCCCGTGTTCGGAAGAGGGGTTCCTGCCGAGGCGCTTGTTTCCGATTTTGCTTTCCCCAACTCGGCTTCTTTGAAGGCCATCATTTCTTGCGCGGGGGCGGGTGCTGACGCAGAGCGGTCTTCCTGGCGCAACGGCGCCATCTGATCCAGTTCAGCGGGAGGCGCCTGCGGGGAATCGGATAATAACTGCTCCGATGGTTCGGCGGGTGGTCCGGTGATGTCGATCGATTTCGGCTCCTCGATGGCGGGCGGCGCTTGCTTCAGGGTCGGCGCGGCTTCCGATGGAATCGACTGTGCCATCTGCTCCATCGGCTCGTTCGCCCGGTAAAGAAAAACAGCCAGGCCGACGACGAGAAGGAGCCCGGTGGCATGGAGGGGGATCTTGATCCTGAGCGGCTGGAAGAGCCGCTCCCAGAGGGTCGGTCCCGCCCCCTCTTCCCGGACGCGCGCCATGACCCGCTGCGAAAATCCGGCGGGGAGTTCCACCTCGGGAAGTCCGGCCACCCCCTTGATTCCGTCCCGCAGCTGCTTTGCCTCCGGGAGGCATCGAGGACAGGTGGCGAGATGATCCTCGATCGCGCGCCGGCGGTCGGCGTCTTCGAGCCGGTTATCCAAATATTCCGAGAGCTGTTCTTGAATCTGGTCGCAGTTCATTTCTCTATCCTACTTGAATCGTAATACGGCGCAAGCTTTGTTTTTAAGGCGAGCCGCGCCCGGTGGAGCCGGGATTTCGCCGTTCCGAGGGGGACCTTGAGAATACGGGCGATCTCTTCATACGGAAGGCCTTGAAGATCGTGGAGCAGGATGATCAGCGCTTCCTCCTCCTTCAGGCCGTTCAAACCTTGCTGGACGCGGACGTGCGCCTCCTTCCGCTCGGCCTCCTGCGCGGGGTCCGGACCGGGATGCGGAAGATCGTCGAGCGGATCGCGCGCCTCTTCCGGATCGTCTGCGTCGAACGCCGCTCTTCGAGACACGTCGGCGGCGAGGCGTTTTCTCCGGGTCATCGCCTGGTTGACGGCGATCCGATAAAGCCAGGTGGAGAAGAGGGCGTCGCCCCGGAATTCTTGGATGGCGCGGTAGGCGGCAAGAAAAACCTCTTGCGCCGCATCGGAGGCCTCGTCGATATCTCCCAGCAAACGGTAGAGGAGATTAAAGATCGGCTTCTGATGGCGTTGAATAAGGGTCTCGAAGGCGTCGGTCTCGCCGTTCTGGACCCGTTGCACCCACTCCCAGTCGGTTCCGTCCATCTGGTTTATTTAGACAATGGAAAAAGAAAAAGGTTCCTTAAAAATCAATTACGAATGAGGAATGTGGAATTTAGGAATTGAAACCCGGTTCTCCGGCTTTGATTCCTATTTTCATATTGTACCTTACAAGTATTTCCATCGCCAAAATGTCGCCGCTTGTCCACAGTGGCGGTTTTCCTTGTCGAGCACATTCCAGACCAGCGCCTGCTCGATCATAAAACGCCGGCCGGTGCGGGAGATTCGGATCCCTTTGTAGTTGTCGATGAAGCCTTTTCGGGTGACCTCCGCCAGCAGGCGCGCCCGCTCTTCCCGGCTGACCGGCTCCGCCGTCAGCCGGGAGGGGGTGCGGGTAAACGTTTCCCATGACATTTCCCAAAGGGCCAGCGCGGTTTCGTTTCCGTAATCGAGGAGGGGGTCATCTTCGACGCCGTGGGAGACGACCACGAAAGGGGCGTGAAAAAGCTGTTCGGCGAGTCTGCTTGAAGAACCGGCGGGGATGAGAA
CP114553.1_gap87	3872678	3873546	868	TTCTGTATTCCGCCGGTGACGTTGAGGTGAGAAGTGACATAGCGGAGCGCGGCCGTCAGGCCGGTGTAGTCTCCTTCGAACAAGGTGTCGTTGTTTTGGGTGGTGTTTACCTCTAAGAGGAGCTGCAGTTGTTTTGATTCGGTCAGGGGGAAGAGGGTGCCGAAGTCGATCAGCGTGTGTCTTTCCTCATATGATTTTCCGAAATCGGAGATCATGATTCCGGCGTCGAAATAAAAGCCGACGAGGATGCTATCGGGTTTTCCGAGTTCGGCCTCCGCAGACGAAACGAGCAGCGCCTTGAATCCCCACGATCCGAACTGCCGCAGCTCGTCCTTGCCGGTCGGCTTAAAATAAGTGAAGGAAAGTCCGGCTGCGGGGAGGTTGTCTTTTTTGTTCTCGTCAATGAAACGCCACTTTAGGGAAACATCGACGTCCTGGAGGGTCCGTTCCTCCATTCCGACGACATTCACGAACAGATAATCCGCGCGGGCCGACAACTCCAGACGATCGAGAAGGCCGACGGTGACCGTAGGGAGCAGCTCGTTTAACGTGAGGTCCGGATTGTCGCTCTGCTCGTTCGCGAGGCTGAGCCCTATTTCAATTTGTCCCGGTTCCAACGTGTCGGCCGATTGGGTAAAAAGGAGTCCGCTCGGTCCGAATACCGTAGGAGAGATTTTTACAAACTCGGTATGAGGGTCTGCCCAGGCAGTCGTGGATGAAAGATAAAAAGCAAGGAGCGACAGGAACAAAAAAAAGCGACGCATAGGTCCCCTCTCAACGCGGTTGATATCACCGATCATCATTCTGATGAGGAGTATATCCAAGGGTCCGAAAACGGTCAAGGAAGCGCGGCTCTTATTATCCCATC
CP114553.1_gap88	3888439	3892477	4038	AAACCCCTCCAGGTGTGCCGACAATGACCGTGTCCGGGTGGAGAGACTCGAAAGCATAAGGGGCACCCGGAAGCTCGGCAAGGATGCGCATGGTCGGCGGTCCTTCCGCGCTTGCTGAAAGCAGCAGCACCCTACCATGACTGAGGTCGAGATGGGAAATACCGTCGAGCACCAACAAACCGCGCGTTGAAGGGACGAACCCAATGACGTTTTCCTCCGATAACCTCCATCGTTGTTGACCATTGCCGCTGAACCACCAGAGCCCCCCTCCGAACTCACCTGCATCAAAACCGACTGCCCAGCCGCCTGCAAACGGATATACAAGTCGGTCGCCGCCCAATCCCTCAGACCTTCTCCCCTCCGGGAGTAAAAAAGGGAGGGGGTCGCGTCGGTCTCCCACCTCCTCGATTTCAGTGACCCATGGGCGCCCTCCTCTGAGAAACACTCTCCGTGAATCAGAATAGGAAGAGCAGAAGAAAGCGGACTTGTTGGGTACGTCTTTGAGCTGCACCCATTCTCGTGGCAGGAGAGATTCGTCTACAGGTTGCTGCACTGTAATCCACAATGCCGACAGGATGATACTCCCGATCATCATTCCACCTTGGCTTCGTTTAATGGGGGGCTAGCGATTGCCCACGAGTCCTTATTTAGCTGTTCGTTACTTTCTTCTTGCAGCGTCAATTCTATCGATTAAATCGATCACAATAGGGCTCTTCTTCAACGGGATTAAACTCATTGGAGGAATGAAGCTGATTTCCTTGCCTAACTCACAAGGTTCTCGCAAGCTGAGCGTGACCCTCGGCGGGCTTATTATGACGGTATAGCTCACGTTCATCACGTTGGATAGGGGGACCCTTGTTTCAACTTTTCCATTTTGAAAAACGAGGCTATCACCCGCATCCCAGACCTCGTCTACATGATCGAATATGAGAATTTTCATGACAAAGTAACCAAGCACGGCCATGATGATGGGAGCCAATAATTCGATGAAATAGAATACATTCTCTTTCAACATCGCAGTTAGTGCAGCGATAGAAAATAAGAACAAAAATCCGAACCATATTGCCGGAAATACCTTTTTGTAATAAAAAGTGAACCTTGATGAAATCTTCTTCATATTCGTTTGGGATTAACGTTCAACGGGGTTAACTATAAGCCGAGAACGGCGAGTGAACCGTCATTGCCGTATTTTTATACCGCTCTGGATAGAAATGTTACCCCTCTTTGAGGGATTTGGCAATTCTCCTTAGGGCGTTTGGAGCAGAACGAGGACGAGGAGGCCGAAAAGAAAAAGAAGAGCCACATCGAGCGCGAAGTGCTTCACCGATGCAGTCTTACCCAGGCCACCGGTAGGGTGGGTTACTCCTCTCCCACGTTGGGGATTGAAAGGTTGCGACAAATTTTACGGATCAGTTTATTTGGTTTCGGTGTGTCGGGGAATGGCTTCGACCGCGCCGGTAGTGGGGTTGCACCAGAGCGAATGGGCTTTGCCCTCGCGCTTCAGATAACAGCCGTTCCTGCGGAGGTGCTGGAGCAGGCTGCTCCGTTTCATTGAACGACGACCTTCTCGCGGATTGCTTCGGATGGAATGCCTCGCAGCGCGTCTTCTCGCCGGTCTTCCAGGATGAGGGCGATTGCATCCGACAAGCTCTGCAGGGCTTCCTCTTTTGTATGTCCTTGACCATTTGCTCCCGGAATTTCGGGAGAATAGGCGATGTACCACTTACCATCCTGTTCAATGATCGCTGTAAATTCGTTGTACATTGAAAACCTCCTGAAATGATTCCGCAACCATAATCCACTGTTTCTTTAAACAGAAGCTTGCCAGAAATGAAAGACTGATGCCAGCAATGTTATGGTTCCTTCCGGGGTAATCGCGGCGCATCATTTGCGGTTATTGAGAATGAAGAAGATCAGAAAGGCGGTTGCCAAGGCGACCAGCACGAGGAGCCTTGCCCAGTGAACCACCCGCTTCTCCTCTTCTCCGGAGATCACCCCGAACCCTTTGCCACCGGTGTAGCGCAGAACGAGGACGAGGAGGCCGAAAAGAAAAAGAAGAGCCACATCGAGCGCGAAGTGCTTCACAAATGTGCCTTACCCAAAAAACCAGGGAGGTCTTCGGATGGAAATTCAGACGTGACCCTCCAGAATAGAAGAAAATTTGGGAATAGAAGGTTAGTTACCAAGAATATTTAAATTAACCTAAACCTGTTCTTTCTCTTCAAGAATGTATCTAAATTCCAAGCTATAGATCCTAAGCTCTACCATTTTTTGCAGGGTGGCTAACAGTAGTGCAGCAGCTCTTTTCATTGCGTCAAAAGTTTCATGATAAAATTTCTCGAATTCCTCCGCGCCATCATAAGGAGTATATATTAGAGGAATATCGAGATCACCATGCACGAATTTAGAACGATAATCATAAAGTCCTCGAAAAGCGCGTTTATGTTCGTTAACTGGTCCTAAAAGTGTTTGCACCTTCTCGAATAACTGCTCGGATAACCCTTGTTTTCCCTTCAGATATAAGGCCTCAAGACCAACCATGCACCACATTAATTGTACTGCACTATAGTCCTCGCCAATAACATGACTAAGTGCGCTAATAGCTCTACCGACATCTCCCTGAGGTACTCCATTCTCTAAACCAGGTATTCGTGATATCCATTGCCATGCTTCCTCAATATTAATTTCATGTAGCTTTGGCCAGCCGACTTCTACAGCATAATCAACAACAAGGTTGATGAGATCATGGGGCCCTGTTCGAATACTTCTCTCCTTTTTTCGGTTTACATATAAAACTACGTCTAGAGGTTCCAGACCACCAGGTTTTGCAATGGCCGCTGCGAGTATTAGGTCACCAGAAAATTTTTCTAAATCGGTGCTTAATAGATCAACTGCGAGCTCTTCATCTAATGGTGGCTGGGAATACTTAGATCTTTCAGGGGCATCTGGAAAAGAATCATGTAGCAATTTCTCGAAGTCAACTGTTGCCGTTGATTCCAGAAGGAGGTAATGCCATGTAAAGTTGATTGCCTTAGTTAAAGAAGAAGGGGAAGATGGTTTCCAATCTAGATACTCACTCTCCAGTTCGGATTCGCTAAGCATCCTGATATTGAACACCCGTTCGTTTATATAATCGTTAACGCTGGCCTTTAATCTGCCAGATAGGCTCACAATATCTATCAGTGCTGAGGTTTGACGGGAGAACCACGCTTCTTCGAACTGAAATGCTGGCTCTCTGAATTGAAATAAAATATGAACTGTGTATATCTTAGCTTTCATTTACCCTTTAAGAGGATGAGGGAGACCCAAAGCCCTTTTTGAAGTCATGAAGTTGAGTTTATTGTGTTACTCGATACTTATAACTCAGAGGAGATATATTGTTCTTGGTATTAAGCCATTTCTCCTGTTGAATTTAGTCCGCTCCAAAGTAATGTAAGGTTGATATAAACAAAAATGTTACGCGTCTTAACAGAAATTTGCAATCATCTTAATGGTATCTAACTTTAGGATGATCGAAGTAATCGATTGGCGGATTAATTGAGGGATAAAGACTACAAAAGGCAGTTTATCTACCGCGCCGCCAACCCCGTGAACACACTGGTGGCGGCGACGGAGAATTCAATAAACGGCTGGGGCCAGACGCCAAGCAGGATCACGCCGGCAATCCCGGCGTAGATCACGACCTTCAGCGGCATCGAGAGGTGAATAGGGGTGGTCTCTTTCGGTTCGAGGGTGTAGATCTTCTTCACCACGATCAGATAGTAGTAGAAGGAGATGATCACATTGATCAGGCCGACCGTCACCAAAAAGAACATCTTCTGATGGACGGCGGCGGCGAAGATGTAGACTTTTCCGATGAAGCCGGCCAACGGCGGCACCCCGGCGAGCGAGAGGAGAAAAACCAGCATCGCAAAGGCCAAGAGCGGGGAGCGGCGATTCAATCCGGCGAGGTCGTCGATGTCGTCGGTGTTCGTCAGGTTGGAGAAGATGATCACCACCGTGAAGGCGCCGAGGTTGGCGAAGAGATAGGTCAACATG
CP114553.1_gap89	3894359	3898889	4530	ACCGGCGACCAGGAGTGAAAGGGGAAGATCGCGGCGATCGGCGCGAAGCCCAAGAAGATCAGCCAGAAGTAGAGGTTCTCTTTCGACTTCAGGAGATGTCCCTTCTCGGCGATCTCGATAATGTTGAAGGTCCTTAGCCCCGAATCGACGTAGACCAACAGGAGCCCCAACAGCGCAACCACCGCGCCGAGGGAGAGGTAGAGGGTCAGCTTCATCGCGGCGTACTCTTTGCTCGACCGGTTGAAGTTGAAGAAGTGGGCGACCGAATCGCTGAGGGGGTCGCCCGCTTTTTTCATGTCGAGATAACCCTTGGTGTGCCGTCCCCAGATCACGAGGAAGAGGTACATCGGGATCACCGAGAGCTCGTAGAAGAAAAAGAGAAAGAAGAGATCGAGCGACATGTAGACCCCGATCGTCGCCGAGCCCAAGACCAGGAGGTTGATGTAAAACTCTTTCAGGCGGTCTTTGATGTGCCAGGAGACGAAGATCCCGGCAAACATCAACATCGCCGAGGCGAGGACCATCGGCGCCCCGATCCCGTCGACCCCCAAGAAAAAGGAGATCCCGAGCTCGGACGACCAAACGGTCTGCTCCTGGAACTGGAAGCCGCCGGCGGCATGGTCGTAGACAAACATCAGGTAGGCCGAGCCGAGGAGCGAGAGGCCGGCGAAAGTCGCGGCGATCCCGTGGACGATTTCCCGCTGTTTATTGGAGACGAAGAAGAGAAGGAACGCCCCGATGAACGGCGTAAAGAGAATAAAGGAGAGGAGATGGTTTGTCATCGGGTTCCCTCCGTCTGCGTCACCGGGATCTCCTCCGCATGGACGGAGGGGGTCATCTCGGGTGAATCGACCCTCGTCGGGAGGGGAATCTCCTCCTCCAGCGCATCAAAGGATTGGAGTCCGGCCGGGGTGACTTCGACCGCCGGTTCGGTGATGACCGGGACGCTGCCCGCGACCCGCTGGGCGACAAAGTCGATCGATCCGTCCATCGCCTTCAAAAAGGGCATCGGGTAGACGCCGACCCAAAAAATCATCACGGCGAGCGCCACGCAAATGCCGATCTCCCGCCGGTCGAGGTCGGGGATCTTCTCGTTCTTCGGGTTGGTGATCTGTCCCATCATCACACGCTGATAGAGCCAAAGAAGATAGGCCGCGCCGAGGAGGACGCCGACGATCGCGGTGACGGTCAGCCGCCAGTCGAGCTGCGCCGCGCCGACCAGGATCAACAACTCGCCGACGAAGCCGTTCGTTCCCGGGAAGGCCATCGACGAGAGCGAGATAATCATATAAAACGCGGCGAAGATCGGAAGCCGCCGCCCCAGCCCGCCGTATTCGGAGATCGCGCGGGTGTGGCGCCGCTCATAGAGGAATCCGACGACCAAAAAGAGACCGGCGGTCGAGATCCCGTGGTTCAACATCTGGATCATCCCCCCTTGGATGCCGGTCCGGTTCAACGCGAAGATTCCCAGAACCACAAACCCAAGATGGCTGATGGAAGAATAGGCGATCAGCTTCTTGATGTCGTCCTGCGCCAGCGCCAGGAGCGCCCCGTAGACGATCCCGATCACCGAGAGGATCGTCATCATCGGAACGAAGTTGATCGAGGCTTCCGGCAGGAGCGGAAGGGAGAAGCGGACAAAGCCGTAGGTCCCCATCTTCAAGAGGACCCCCGCCAACAGCACGCTCCCGGCGGTCGGCGCTTCGACGTGGGCGTCCGGCAGCCAGGTGTGGAAGGGGAACATCGGGACTTTAAAAGCGAAGCCGAAGAAGAGGAGGAGGAAGACGATGTTCTGCTTACTCTCCGACATCGGCGCCTTCAACAGATCCAATATGCTGAACGAGTAGGTCTGCGAGAGGTTCTGCGCCAAGGCATAGTCGTGGTAATTCAGATAAAGGATCACGAAGCCGACCAGCATCAAGACGCTGCCGAGGAGGGTGTAGAGGACGAACTTTAATGACGCATAGTCGCGGTTGCTCCCCCCCAGATCTTGATCAGGAAATACATCGGGATCAGCATGATCTCCCAGAAGAGGAAGAAGAGCAGCAGATCGATCGCCATGAAGACCCCGACGACCGTCGTCTCCAATACCAGAAGGCAGATCAGGTATTGTTTGAGATTCAGCGTAACCCCTTTCCAGGAGAAGAGGACCAAAAGAACCATCAGGAAGGTGGTGAGGGTGACGAGGAAGAGGCTGAACCCGTCGACCCCGAGGTGATAAGCGGCCCCGAGCGGCCGGATCCAGTTCAGCTCCTCGACGAACTGCATGTTCGGCGTTCCCCGTTGGAAGAGGAGCGGAAGGAGGAGCGAGAGGGCGAAGACGACTGAGGTGGTCGCCAGCGCCGTCACCCGCATCTGCCGCTCGTCCTTCAGGAATGCAAGCGCCAGCGCCCCGAGCGCCGGGAGAAGAAGGAGCAACGTCAGCACCGGAAACCCGATCTGGTCGCTTGCGAAAATTTGATCGATCATCATGTTCCCTGTAGGGGCGATCCTTGTGATCGCCCTGTCTTTAAAGGTCGTCATTCCCGCACAAGCGGGAATCCAGGGGTTTTGGATTAAAGGTCGCTGGATTCCCGATTAAACATTCGGGAATGACATAATAATCACCCCAACATCACCACCATCAGGCCTTTAATCTGCTCTTTGAACATCCAATAGATGTTCACCAGGAAAAAGATCCCGACGATGAGGATCATGGCGTAGTTGTGGACCGAGCCGGTCTGCAGCCGCCGGAAGATCCGCGCCAGGACATGGTTGGAGTAGCCGACCATGTTGATGAAACCGTAGACGACGTAATTTTCAATCTTGTTCGAAATCCCGCTTCCGCCGAAGATCCCGCGCCCGATGCCGTTGACCGCGCCGTCGATCACGCCGACGTCGAACCGCCGGCAGAGGGCGACGAAACGCTTCATCGGCTGGATGATGACGTTGTTGTACGCCTCGGTGATGAACGCCTCCCAGGCGGAGATCGGGTGGTTCGCGGCCCACATGAATTCCCGCGCGCCCATACGGTAGGCGATGTCGGTGTCGAGCGAAATCGTCGGCTCCGGATGAAGCTTCTTCAGGAAAAGCAGAAAGACCAGTCCGGTCGCCGCGAGGAGCTGGAACGATTGGAAGAGATGCTCCAGGGTATAGGGATGGTAGTCGACCGGGTTCGGCAGCAGTTGATAGAGCAGGGTCGGCCAGACTCCCAGCAGAATGCAGAAGAAGGCGGCGAGCCCCATCCCCCAGATCATGTTGATCGGGGGATCTTTCGCCGGGATCTTTTTGTCCTCGCCGAGGAAGACGGCGTAGGGAAGCTTCAGCGTCGTCGAGATGAACGTTCCGCAGGAGGCGAGGGTCAGCATGATATAGATTGCGATCCGGTGCGCCTCGCCCGCCGCCGAGATCGTCATCGACTTGCTGATGAAGCCCGACATCAACGGGACGCCGGAGATCGAGAAGCCGCCGATCATAAAAAGGACGAAGGTGATCGGCATCGTTTTATAGAGGCCGCCGAGCTCGGTCGCTTTCCGCTTCCCGGTCATGAAGATCACCGACCCCATCCCCATCATCAGGAGCGCTTTATAAAGGATGTGGGCGAAGGCGTGCGCCACGGCGCCGTTGATCGCGAGCTGCGTTCCGATCCCGATTCCCGCCACCATGAAGCCGACCTGGCTGACGATATGGTAGGCGAGGAGCCGCCGGATGTTGTTTTCGATCATCGCGTAGCCGACGCCGTAAAGGGCCATGAAAGCCCCGAGCCACATCAGCAGCTCCATGCCGGCGTACCCCCGCGCGAGGACATAGACCGCCGTCTTCGTCGTGAAGGCCGAGAGGAAGACGGTCCCGGTGACGGTCGCCTCCGGATAAGCGTCGGGGAGCCAGGCGTGGAGCGGGGGTGCTGCGGCGTTGACCAGGAATCCCAGAAGAATAAGCGAGCCTCCCCATCCGCCGTGCGGGAGGGCGTCGAAGAGGAGGCTTTTGGTCTCGGTGGCATGGATGACGATCCCCGCCAAAAGCGCGACCCCGCCGAAGACATGGACCAGAAGATACCGGAAGCCGGGCGCCTCCCCTTCTTTTCCCCGGGCCCAGACGAGCATCACCGAGGCGAAGGCCATGATCTCCCAGAAGAGAAAGAGGGTGAAGAGATCGCCGGAGAAGACGACCCCCAACGCGCTTCCGGCGTAGGTGAGCGCCGCGATATGCTCCAGGTCGTTCTTCACATGGAGGGAGTAGACCATCCCGATCGTCGCCATCAATGTGAAGATGTAGCTGAAGACGAGGCTCATCTTGTCGACCCGCCCCATCACCAGCTCGTTCCCCAAAAAGTTGAAGACGCCATAGCGGCCCGGATCGAGGAAGACGACGAGAAGAAAGGCCGCCGCGGGGAGGCCGACGAGATAGCCCTCTTTCACCTTCCCTTTCAGGAAGGGGATCAGGGCGGCGCCGAGGATCAGGAGCAGTCCGGGATGTACCCACTCAATCATGGTGCGCTTCTCCTTCGTGGGCCGGTTCGGCGGCAGGGTTCTCGTAATAATCTTCCCGCAC
CP114553.1_gap90	3907334	3910301	2967	AGTTCGCCTCGAATTTTCCGGTTAATCCCATTCGAGTCCTCCCTTTCTCCAGGCGTAGATATACCCAATTAGAAAAAGGGCGATAAAAATCACCATCTCGATAAGTCCGAACAGGCCGAGCTTGTTGAAGGCGACCGCCCAAGGATAGAGGAAGGCGATCTCGATATCGAAGATCACGAAAAGCATGGCGATGATGTAGTAACGAACGGGGAAGGGCATCCGGGCGTCGGAGATCGGCTCGCTGCCGCATTCGTAGGTGGTCAGCTTCTCTTTGTTGTAGACCCGCGGTTGGACAAAATAGCTGATGACCAGCGTTCCGACCCCAAAAGCGATGGAAGCCATAATGAAGATAAAGATAGGAATGTAATTGATGGGCGGGGCTACAGTCATGTCAATAAACCAGCCTAAATCAATCGCCGTTGTTAATAATTCCTGGCGCGTTAGCGAGGCGCTATTCTTTCATAATTTGTGTTTTTTGTCAAAGGATTAGTGGGTATCTTAGCGTGGGGAGTGTCGGATGTTCAATAGATAAAAGGACCTACCATTCGGTCGGTCGGGATGGGTCTTTCGGACTATTCTGCTTTGCGTGTTCCAGAGACGACACCAATCACATAGATAATCGTCTAAGAATGAAAATAGTGATGCCGGACCTCAAGAAGAGGTCCGGCATCACATGAGATGGATTACCCGAGTTTTGCGACAATCAATTGCAACACTCCGGCTTCGTTCTCCTCTACCCAGGCGATATGGAGCGAGCCGTTTGCATAGAGGATCGGAGCGTGGGCGTTATTCACGAACAGCCCCTGGGGTAAGGTCAGCGGAACCCATGTGTTCCCCTCGAGCCGCTTGATCCGAACGGCGAATTTATTTGTGACGAAATCCCGCTCCGACCAGGCCACATAAACCTTGTCGTTGTGAACGGCCAGAGAAGGGGTTTTGGCGAAGCGGCTGTTGACGTTCAAGCTGCCGCAATCCGGATTGGGACCGCAGGCTCCGGTATCTTTGACCTGAATCCATTGGTTTCCTTCTAACCGCTTGACAAAGATATGCTCCCTTCCGCAGCCGGCGTCGGAGCACTCATGCCAGGCGACATAGGGGACATTCCCTGATACGTCGATACTCGGATAACGCGCCTCCATCGCCGGGTTGAGATTGAGGGATCCGGAGCCGACCGCTTCCCAGGTCGATGACCCGTTGTTCCATCGTTTCACGAAGACATTCGGAATACCGGGTGCAGCGGTCGTGTTCTCCTTCCAGGTGATGTACAACTGATCCCCTTTTTTAGAGAAGATTGGCGCTTCGGCCGAAAAACCGGCGTTCTGGTTCAGCGGACCGATGTTCGATTGCCATCCACCATTCATCTGCCTAAAAAGGAGATGTTTTTGACCCGGCGGCGTGGGTGAGGAACGTTCATAGGCCATCCCGAGGATATTCCCGAGGAGGGGATGCCGGGTCAGCGCCGGTCGGTCGTCACTGTCGGTATCCGGGAAGCCGGTGTCGCTCCAGCCTGCCTGATCGAATTTCATTACGAACAGGTTGCTCGGTGATCCCCGCTCCTTCCAGGCGGCATAAAGGGTCGCCCCGTCGTACGCAAGGGTCGGATTGTCACCGTGACTGGCCGGGTTTCGGGTCAGGTCGGGCCGTCCCCCCAAGGCGGGATCAGTCAACAGATCCCAGTTGGCGCCTTGGCGAATGTAAATTTTTGAGGCCGTGTTTTGATCACACGGATGGTCGTTCAGCCAACCTTCTGCGCCCGGGGAAGCTGGAGTACATTCCTCCCAAATCACATAACGTTGCTCGCCCACCACCGCGAGCGCAGGATGGACGGCGTGGAGCGCTGGATCGACGTTGAGGCTGGACGAGGCGATGACCCCCCCCCGCCGTTATTGCCCGGAGGTGGCAGGACCGCCACGACCAAAGGGGTTGCCTGTAGAGTCCCTTCCGTCGGATGCGCATCCTCATCGAGTTTTCCGGAGGCGTCTCTCGCGTGGCTGCCAAAATAATAGGTGGTCGTGCCGTCTTTCGTTAGATCGGTCAAAGTGAAGGCGCACTGTCCGCCGGTGCAGACGTCCGCTCCTGTGAAAACATAAGGGGTTTCTCCGGTTCGCTGAACCCCTTCCGGCGAGGTGGCGACATAGATCAGGTAGCTCATCTCCGCCGCGGAGGTCTGATCGTCCGTCGCTTCGGGCGCGGTTAAAACCACATTTCCGTTATTATCGGATGTGGCACCCTCCAAACCGGTAAACCGAGGCGCCGAAGCGTCCGGTTTGTTGTTATTGCCTCCCCCCCACCACTTCCGCATCCGAATCCTGTCGCGATCATCGCGAACAAGAGGATGAAGTGCCAAAACCATTTTATGCTGGTTTTAGAAGACATTTTGTTCCTCCTTGAGTTGTTGATCGTATGGTTTGCCCTTGAGTTGCGAAAAGAGAACGACCTGGTCGCGCCCCGATTCTTTCGCGTGGTACAGGGCGAGATCGGCGCGATGAATCAGCTCCTCCTTTTCTTTCCCGTCGATGGGGAAGATCGAACAGCCGATACTCATGGTCATCCTGACGTCGCGTTTTTTCTCCTTTCCGACGAATGAATGGTTCTTCACTGATAAACTGATATGTTTTGCGACGGCGAGGCCGCCGGCTTCATCGGTCTCCGGAAGCAAGACCGAAAACTCTTCCCCTCCGAATCGGGAAACCGTATCGATTTGGCGGAGCCGGGCTTTCAGGATGACGGCGATCTCCCGGAGGGCCTGGTCTCCTTTCAGATGCCTGTAACGGTCGTTATATTTCTTAAAGAAGTCGACATCCATCATCATCAGGACGAACGGCTTGCCGGTTCGATAAGAGCGTTGGATCTCCCGGTCGACCTGCTCGTCGAAATAGCGCCGATTGAAGAGGCCGGTCAATCCGTCGGTCATCGCCATTCGGCGGAGGAATTCGCGCTCCGTCTGGCTGTTATGAAAGAGGGTTT
CP114553.1_gap91	3916165	3917247	1082	CCTCTCTTCGCTCCGGCGAGAGGGGTATGGAGGCATTGTGGGCGATTGATTTTTTCTCGCGCCGCGGTTGTTCTCTTTTTTCAACTTTTTTTTCTGCCGCTCTTTCTTTTGCAGGCCGATCCGGTCGCCGCTCAGCTCTCGTTGGAGAGTGATCCGATCCCCCCTTCGGATCCCGAGCCGCCGCGGCTTCGGTTCACCCCTTCGCTCGAAGTCACCTACGAATACGACGACAATATCCTCCTCCGGGCTGTGAACCGGATCTCCGATCATATCACGCGGGTGCGGCCGGGGTTCAATCTTCTGGTGGAGCAGGAGAGGGTGCAATGGGTGACCGATCTGAAGGTGGAGTTCGCTTTCTACCGCGACCATCCCGATTTGTCGACCTTCGATCGCGCCCAGACCATCGACACCCACTTGACCCTCCGGCCCTCGGGCGTCTGGACCTTTGAATTCCGCGACGCCTTCATTCACTCGAACGATCCGACCGAGCAGCTCGATCTTCTCTTCCGAAGGAGCGAGTATTATTCGAACGTCCTCTCGCTGAAAGGAGGCTATCGCTTTTCGCCCCGGTTGACGATGGAGGGAGAGGCGATCAACCGGATCACCCAGTTTAGAGACCCCACCCTGATCGATGTCACCGAGGATGAGCTTCGCGGCGGCCTGATCTATCGTCTCACGCCGGTGGTCACCCTCTTCCCGGAATATCGTTACAGAAATTTCTACTTCGAGAACCGGGGACATACCGAGGCGCACACAGTGAGCATTCGGGAGGAATATCGGTTTACCGAAACATTCACCGGCCGGGCGATGGTCGGCGGGGTGGTGATTATCGACCGGGGGGAAGCGCAGAACGAACTGCTCCTCGGCTTGGGGGCCGAGGAGCGATACAGCCCGACGGTGGTTTTCCGAGCCGATTATCTTCGCGACGTCTCCATCGTCGGCGGCCTCTCCGGGACATTCATCTCCGATACCGTTTCAGGCTCGGCCACTTACCATGTGACGCAGTGGTTCGACTCGATCTTCGCGGTGACCTGGACCTTCCAGCAACCGATCCTCTCAACGCGATCCGACATCGACACCCT
CP114553.1_gap92	3947387	3948614	1227	CTCTCAAGCGCCGTGGGGAGTGAGGCGTGAGGGGTAAGGAGTCAAAGCGCCAAGAGCCGATCATTTACGCCTCCCCTACGCCGGACGCCTCACGGTTCTTAGAGGGCAAGACGAACGGGGATTCCCTCGCGAGTCTACGCGCGATGGTTTTCCGGGAGCAACAGACCCGATGGGGGGCGCTCGGTTTCTCACCGGAGTGGTCGTTCACCCTCGCGCCGATCGAGGCCGAGGGAGAAAACGCCGCCAAATATCTTGCAACCTTTTTCTCAAAAGATGAAAAACCGCAGCGGACGGTGTTTCTGAAGCAGTATCACCATCCGCAGATCGACGGCGCCGTGGTGGAGAACGAATTCTGCGGGATTCAGATCACCCATCAGGCCTTTCAATCGACCGACCGGTTCCGCGCCCCCCAGCCTTACAGCTGCCGGCTCGGGGAGAAGATCCTTTTTATGGAGTATTGTCCCTCCGACAGTCTGAAAAAAGTGCTTTTCCGGCCGCTTCGTTTTTCGCGCCTGTTGCTTTTGAGCCGGGAGCGTGAGAGACTGCTCGAATATATGATCGAAGCGGGCCGGCTTCTGTCGCACTTTCAGCGCATCCCGGTCAGCCACCACCCGGCGGGCGGGACGGAGACGGCGGAGGAAATCGTGCTGCGTTATGAAAAGCAGCTCTTGCGTCATCTCGGCATTTGCCGGAAAGGGGGTTTTCCGGAGGATTTGATTCAACGGATCCAGTCTGCCGTGTTTCATCGGCTTGAGAGCCAATCCCCCTTTCCAGCGATCGTTTTGCAACATTCCGATTTCGCCCCCTGGAATCTGATGGTGGGGGATCGGCATCTTTATTTGACCGATTTCCAAAACTTCACCCCCGGTTTTGCCTCCTTCGACCTGGCCTTCTTCTACTGCTCCCTGGACCTTCTCTACCGTTACCGAACCGTGGATGGGGCGCTTTTGTCCCGGATGCAGTCGGTTTTAGTCGATGCTTATCTCAATGGTCATGAAGAGGCCGGTTTTCTGGAGATGAAGCAACCCCTCCCGTTGTTTGAGGCTTTTCGATTGATGCACATGACCTACTTTGCGCAATCGATCTTTTGTGTTCCCGCGGGCTCCTATTATCAATCACTCTATGCCGTTCCCTTCCGCCGCTTCTTGATCGAGTGGTTTCACCAGCACCTTGAGGATGAAGAGGGGAGCGCCGCAATGTCGGTACGATGCCGGAAAGAATCTTAAT
CP114553.1_gap93	3957264	3960850	3586	CTGTCCCGATGGAGCGAAACCGTCAGCCGCAGTCCCCATTCCGGCAGGTCGATCGGGTTCGCGGAGGGTGAGAGGATTATTTCCGGTCGAGAAGATTGCCGAGAAGCTCCCTTTTGATTCTCTTTCGAATCTCTTTTCCGGAGAAATAGCCGTGTATATCCCTTCTCGGCCCAAAGCTGATGGGGAAGGGGATAGGTTTTACCGGTTTGACCCGTAAGCGCTTTCAGCAAAACGGTTTCGATATGTTGGAAACCGATCCCCTTCAACCCGGGATGGAGTTGATCGAGGCTCCATCGAACCATCCGGCGTTGAAGGGCGGGGTGAAGCGATTGGAGGCGTTCGACATCAAATGAGACCATGCCCTTCTTTTTTCGATGCCGAGCTGCGGAATCAATTCCTCCGTATAGCGGGTCAAAAAATCATTCTCTTCCTGCAGCAGTTCGGTTTCTCTAAAAAAAGTTTGCTTCACCTTCGGATTATATTCCTCGAGAAGGGGAAGAAGCCGATGGCGGACCCGGTTTCTAAGGTAGATTTCCTGTCGGTTGGAGGGATCTTCGATGAACGGGATCTCCTCCCGCGATAACTCATCGACGATTTGCTTTCGCGAAATGGAAAGCAAAGGGCGAATGATCATGCCGTCGCGCATCCGGGGGATCGCGCCGAGTCCTTGTGATCCGGACCCTCGGAGGAGGCGCATAAGAAAAGTCTCGGCCTGGTCGTCGGCCGTATGGCCCAAGGCGATCCATCGGGCGCCGGTGGCTCCCGCGACCTCTTTTAGAAAGGCATAGCGGACTTCACGGGCCCCTTCCTGTTTTGAGAGATGCCGCTCTTTGCAAATGCGCGGGACCGGGAGGGAGGAAAGGGTGGCCGGAATCTTCCAGCCGTCGCAGAGCCTCTGAACGAAATCGGCTTCCTGCGCGGCCTCCGTTCGAAAGCCGTGATTTAAGTGGGCGACGTGAAGGGTGAGGTGACGGCGGGACGAAAGTTGCCTGAGAAGGTGGAGGAGGCAGACCGAATCGGCTCCGCCTGAAACGCCGACCACGATCTTATCCCCGGCACGGAGAGGAAATCGCTGTAATGATTGGGCGAATGTTTTAAGCAGGGAGCGATTCTTCCGAACCGAGAGCATCTCCACGTTAGCCTGGGGTGGCCCCTTTCTCTTTGAGAACGGCCCGGGCCTGCTCGGCATCCTTGTTCATCTGCTGGATCAGCGCTTCGGTCGACTCGAATTTTTGATCACCCCGAATCCAATCGACAAAGGTGACGAGCAGACGCTTGCCGTAGATGTCTTCATTGAAGTCGAAGATATGGACCTCCATCCGGCTTTCATGTTCTCCAAAGGTCGGCCGCGATCCAATGTAGACAATGCCATCGAGGGTGACATACCCTTCCGCCTTGAGGGTGGCCACCCGGACGGCGTAGACCCCCTCCTTCGGCACCAGTTCATTGGGGAGCCGGAAGTTGGCGGTCGGGAAGCCGAGTTTCTTTCCCATTCCATCCCCTTGGAGGACTTTCCCTTCCATCGTATAATACCGCCCCATCATTCGCGCGGCCAGGTAGACGTTTCCCTCTTTCATCAGCTCACGGATTTTAGTGGAGCTGACGGGGATGCCGTCGACGGTCACCGGATCTTTCACCACCACTTCGAATCCGAGCTCTTTGCCGAATCGGATCAGATCCTCCACCTTTCCGGCGCGATCTTTCCCGAATTGGAAGTTGCGGCCGACCACCACCTCTTTCGCGCCGATTTTGTTGTGCAGATAGGTCTTGGCGAAATCATAGGGGCTCAATTGGGCGAAGTTTTTGTTGAATTCGGCGCTGAAGGCGACATCGATCCCGGTCGCCTCGATCTGCCGCATCTTCACCTGAAAGGTGCTCAACAGTCGAAGGTCCCGCTCCGGATGCAACACCTTCACGGGATGCGGTTCAAACGTCAGGATGACCGAGGTCCCCTCTTTTTCCTGGGCCCGCTGGATCGCCTCCGCCAAAATCGCCTGGTGTCCCAAATGAAGGCCGTCGAAGTTGCCGATGGCAACCACCGGATAGGCCTCGATCGGTTTAATGTTGGCCGAGCCGATAAACATTCTCATCTCTTTTCCCCCGAAATGTGCGCCATTTCTTTTGCAAAATAAGTTAAAATCATATCCGCGCCGGCCCGCCGGATCGAGAGGAGCGATTCAATCATGGCGCGCGTCTCGTCGATCCATCCCTTCTGGGCCGCCGCCTTGATCATTGAGAACTCTCCGCTGACTTGATAGGCCGCCACCGGAACATGAAAAGTATCCTTCACTTCCCGAATAATATCAAGGTAAGGAAGGGCCGGCTTCACCATCACGATATCGGCTCCTTCTTCGATATCGAGCGCCACCTCCCGGATCGCCTCGCGCCGATTGGCCGCATCCATCTGATAGCTTTTTCGATCTCCGAACTGGGGGGCCGATTGGGCGGCATCCCGAAAAGGGGCGTAGAAGCAGGAGGCATATTTGGCGGCGTAAGAGAGGATCGGGATCTCGGTCTGCCCGTTTTCATCCAACGTCTTCCGAAGAATCCGGACCCGGCCATCCATCATGTCTGACGGGGCGATCATGTCGGCTCCGGCCTCGGCATGCGCCAGCGCCATCTTGGAGAGGATCTCCAGCGTCTCGTCGTTGAGGATTTTCCCCTCCTTGACCACGCCGCAATGTCCGTGGGAGGTGTATTCATCGATGCAGACGTCGGTGATGACGAGGAGATCGGGCGTTTTCTCTTTGATCGCCCGGATCGCCTGCGGGACCACGCCGCGCGGGTCGCAGGCGGCCGATCCGTAGTCATCTTTCGTCTTCGGGATGCCGAAGAGAATCACCGCCGGAATGCCCAGCCGCGCCGCCTCCGTCGTTTCCTTAAGAAGCTCGGGGATCGACAGGCGATACTGTCCCGGCATCGACGCGATCTCGCTCTTCCCCTTCTTTTCCTGGGTGACAAAGAGAGGATAAATCAGGTGGCCGGCCGAGAGCTCGGTCTCGCGGACCATCCGGCGCAATGCTTCACTCTCCCGAAGCCGCCTTGGTCGGTGCGTTGGAAATCCCATAAGAACTCCTAAAGGTTCGTCATTTTCTGTTCCAATTTACTCTTTTTTCCTGAAATAGTCCACAATCGATTCGGCCAGGGCGGGAAGGGTATACTCGCCCGGAATGACATCGACCTTCAAGCCGAACTCCCGTGCCGTCTCCGCCGTGATCGGCCCGATGCAGGCAATGGCGATCCCGGTCAGCCAGGATTGCCGCTGCGGGCCGAGGATCTCCATGAAATTGCGAAGGGTGGACGAGCTGGCAAAGGTGATCAGATCGACCCCCTTTGCACGAAGAATGGTCTCCAGCATCGCGGGATCAGGCGTAGGCCGGACCGACTGGTACACCGGAACGACATCGACCTTCCCCCCTTTTTCTGAATCTCCTCCGGCAGGATCTCTCGTGCCTCTAGGGCACGGGGGATGAGAAAGCGCTTTCCGGCAATCCCCCGTCCTTCCAGCGCTTGAAGCACCCCTTCGGCTTTAAATTCGGACGGAACCAGATCGACCTGCAAGCTCCACGCCTCCACCTCCGCGGCC
CP114553.1_gap94	3966881	3967796	915	GATCTTTGCGACTGAAGGGGTCATCAAAAAGCAGAGTTCCGAGGAATTGGACCGCTGGCTGGAGAATCTCCGGCCTGAAGATTTCGGGAAGTACGACACCTAAACGGGCGGCATCGATCTCCTGTCAAAATCAAATTGATGATCGTATAAAGAGTGGTATGATGATCAGCGGAAGAGGGGGGAAAGGTGCAGGTCTATCTGAACGAAAATGTCTTCATCGGTTTAATCCTCTCTGCCGTGGAAGTGTACAAGAAAGAATGCTTCGGTCTCCTCTTGGGTTATCGTAACCCCGATAAGTTCATTGTCGAGCATGCGATCCCCTATCAAAGTGTCAAGCGGGGCCATAGCTGGACGGAGCTGCGGCCTGAAAAGTGGCGGATCATTACGGAGGTCCTGAAGAATTTTCCGAAATTGGATGTCATCGGGGACTTTCATTCTCATACAATGTACCGCGATATCCGGGCGCATGTCACCCTTAGCTCGGAGGATATTCAATACATGGCCGATGATGATCTTCAGATCGTCATCGCAATCAACGAGAACAAGCGGTCGCGGTCAAGACTGTTCCAGTTCGATCATACGGTCTCGGGCTCGCTCGACAAATATCAGTTTAAGATTGCAGCTTATTATTTCGAAAACGGCCGCAAGAATGGGAACAATCGTCCCAGACTCGCGGAAATATCGGGTCCTCTCTCCACAAGAATAGAGCGGTTATAAAGGAGGCATCGGCTGAAGAATCCTCTCATCATGACACGGACATCCCTCTTTTTTATTTTTGGTCTTTTATTTTTCGGGTGCGTCGGCATCGACGACCTCTCCCGGGAGGACTACCGTAGAGGGGTTCTCTATACCAGTAATCTTTCAACGGAAACGATCGCCGTCATGCCGATGATCGGACGGGGGGCGAACCGCGAC
CP114553.1_gap95	3968823	3969607	784	TTCAATCTTTCCCCTTGACAAAAGACCGATCATTGTATAAAAATACACTACTTTACAGCGTTTAAATGAAGGATAAAGATGAAAACAACGGCAGTGAAAGAGTCCGATATTCAGAGAAAGTGGTTCGTCGTTGATGCGGACGGCAAGGTCTTGGGACGAATGGCGACTCAAGTCGCGGCGGTTCTTCGTGGAAAGCATAAGCCGGTTTTTACCCCCAACCAGGACCTCGGAGATCATGTGGTCGTCATCAACGCGGCGAAGGTTGTTTTGACCGCCGGCAAAGCGGTCAAAAAGAAATACTATCACCACAGCGGTTATATGCGGGGCGGGTTGAAGGAGACGAATGCGGAGAAGATGCTGCGGGAGAAGCCGGAACGGCTTGTCACCTACGCGATTGCCGGAATGCTCCCGAAGACCAAGCTTGGCAAGGCGATGGCGAAGAAATTGAAAGTCTATGCCGGGCCCGACCATCCGCACCAGGCGCAGCAACCACAAGCTTTTGCAGTAAAAGAAAAAGAAAGGGGTTCATGATCATGGCGGCAACCCGTTATTTTGCCACAGGAAAGAGAAAGAACGCCACCGCGCGGGTTTATTTAGAGCCGGGAGAGGGGAAGATCTTGGTGAACGGCAGGCCGTCGGATGAGTATTTCCCCCGCCAAGCCTGGAAGTATCTCCTCATCCAGCCCTTCCAATTGACGGAGACGGTCGGACGATACAACGCCGTTGCCACGGTTCATGGCGGCGGACTGACCGGCCAGGCCGGCGCGCTCCGTCACGGCATCTC
CP114553.1_gap96	3976391	3978140	1749	CCGTTCCCAAAGTCGTCATTCTCAACGACCCGCTCTCCGGTGAAGAGCATCTTCAACTCGGGCTTTCCTATGAAGCGCGGGGGGCGTGGGACCTGGCGATCGTGGAATATCAAGCGGCGCTCGACAAGGGAGGATCCCCCTCGGTGATCCAGGGCTACTTGGGAAACGTTTACTACGCAAAGAAAAATTACGCCGCCGCGGAACAGGCCTATCGAAAATCGCTCCGTCTCGACCCTCGGAACGCTCCCATTCTCAATAATCTGGCGTCGCTGTATCTGATCGAAGAGAGAGATCTGCTCGAGGCGGAGCGCTGGGTTCAGCAGGCGATCGAGATCGACCCGGCGCGAAGGCCCTACTATCTCGACACCCTCGCCGCCATTTACCTGGCGCGCGCCGAATACGAACCGGCCCTTGCCGCGGTCCGGGAGGCGAAAGCGTCGGCTCCCTCCGATCCGCTTCTTCTGAAACAGCTGAGCGAACAGCAGAATCATGTGCTAGAATTGCTCGAAGAAAAAACCTCGAACGGTGTGGCCGCTCCGGTGGAATCGAATCCGAACGGCCGGGCCGGCGAGGGGGTGGATTGAGCAGGGGGATAAGGATGGATGTTCGAAGGCGCTCGGCCAGCGTGGCGGAAGTGGATCTCTCGGCATTGCGGGACAATCTTCAACAGGTCAAGAAGCGAATCGGCCGGAGGGAAATCTTGGCGGTCATCAAGGCGAACGCCTACGGCCATGGCGCCGTCCCGATCGCGCAATTTCTGGCGGGAGAGAAAAGGTCGAAGGAGATCAGCCTGCTCGGGGTCGCTTATTTGGAGGAGGCGATCCAGCTTCGAAAGGCCGGGATCACCCATCCGATTTTGTTGATGACCGGCTGCCCGATCGAGCAGATCCCTGAAATCGTCCGATATCAACTCACCCCCTTCTCTTCGACGCGGCGTCGCTCACCGCCCTGAGCCGGTATGCCGTCCGGCGGGAAAAGCGGGTGAACGTCCATGTCAAACTCGATACCGGCATGGGACGCATCGGCCTGCCGGTTTCCGAAGCCCTCCCGTTCATTCAAATGGCGATAGAACAGAAAGGGATTCGAGTGGAAGGAATTCTGACCCACTTTGCCGAGGCCGATCTGAAGGATCTCTCTTTTGCGAAGAAACAGTTTGAGGCGCTGAAGCAAATCTGGACCGCGCTTCAGAAGACAAAAATGAAAGTCCGCTATTGCCATCTCGCCAACAGCGCTGCTATTATGCACTTCGGCGCGGCGCACTTTAACTTGGTCCGGCCGGGATTGATGCTCTACGGGTATTCCCCTCTGGAAGAGGAAACGGAGATCCCGCTGAAGCCGATCCTCCAGCTTCGGGCCCGCGTCATCGCAGTGAAAAAAGTTCCCGCGGGGACTTCCATCAGCTATGGGCGCACCTTCTTTACCCGGCGAGAGAGTCTCATCGCCACCGTGTCGGTCGGTTATGCAGATGGTTATCCGCGGCTTCTCTCCAACCGCGGGGTGATGATCGCCAAAGGACAACGTGTGCCGGTGGTGGGCCGGGTCTGCATGGATATGACGATGCTCGATGTCACCGAGGCCCCTTCCCTGAATGTCGGCGACTGGGTCACGGTGATTGGGGAAGAAGGGGGCGAAGCGGTCTGGGCCGACGAACTCGCCCGCCAGGCCGAGACCATCCCGTATGAGATTCTCTGCGGGATCGGGGAGCGAGTGCCGAGAATATACAAGGAGAGGTGAGGCAAAATATAGGTC
CP114553.1_gap97	3980212	3982197	1985	CGCTTTTCCAGCATCGCCGACGATGTGAAAGCGGTCACCACGTCGCTCCGGGAGGTTCTCGGGAGCGAGGAGGGAAAACAGAACCTGAAAGAAGTTTTGGAGAACGCGAAGGGGCTGACGAAAGGGATCAACGAGTGGGTCCAGAAAAATCAGGAGCCGCTCAGCCGCTCCATCAGCAATTTCGAGTCGTTCTCCACGTCGCTCAAAGAAGAGGGGAATGCGCTTGTGGAGAGTCTCACCCGGATGGCCCAGAAGATGGAGCGGGGGGAGGGGACCCTCGGCAAGTTGATCAACGATGATGAAGCTTATGAGAAGCTGACCCGCGCCCTGGATGACCTCGGCCATTCGTTGAAGGGGGTGGAGAACCTCACGGCCAAGGTGGAGCGGGGGGAGGGAACCATCGGGAAGCTCTTTACCGATGAGAGCGCTTACGAAAATATCAACAGCGCCCTGGAAGGGATCGGCAACGCGGTCGGCCGGATCGAAAAATTCCGGACCCATGTCGGCTTCCGAAACGAATATCAGCTTCAGGAGAGCCAAAACAAGGGCTATTTCACGATTCAACTTCAACCCCGCGCCGACAAATTCTACCGGGTGGAGATTGTGGATGATCCGCGGGGGAGCGTCCGCGAGAAAACCACGGTCATCACCACCGACGGGGTGCCGACCACCATCACCGAGCTGGAGACGCAGCGCCGGTTAAAGCTCTCCGCCCTCTTCGGAAAGCGGGTTTCCAATCTCGGTCTCCGGATCGGTCTCGTTGAGAACACCTTTGGCGCCGGGGCCGACTACTTTTTATTTAATGATGCCTTCCGGGTCAGCGTCGACGTTTGGGATTTCAACAGCGACGATCCCTTGTCGGAGCGGGCGCATCTGAAGTTGACCACCGCCTATACCCTCTTTAAATACATCACTTTCGAAGCCGGCTACGACCAGATCCTCAACAATGATCTGAATACCTTTTTCATCGGCGCCGGGCTCCGGTTTGAAGATGATGATCTGAAATATCTCATCGGCTCCATGGCCACCGCGGCTTTTTAAAGGACGCCTGCGCCGGTCTTCGAAAAAGAGATGAATCCCTTTCGGCTTGTGTGATTCCGGTCACACGAAAAAGGCGAAGGAAATCTTCGGCACGTTTTTCAATTCATTTCCGTCATCCCAGTCCGACCTTCCAGTAGAGTATCTTCCTCCTTTTGTTCCGATTGATCCGACTCTAAGGAAAATATCAAAAGGAATTAGAGCGGTTGCCCTATAGCCGATCGATCACGTTTTGGTATGCTTGCGCTTTGTCTTCATCCAAACCTTTATGTGTGGAGCGCGGCATGAACCGATGGCGGCAGTGGGTGATTCTGGTCAGTTCTTTTTCCTCTCGATCGGTGTTGCAGAGGCGCAGACGATCTGGTGGGACACCGGGATGGTCAAGCTCCGCCAAGCCAACAGCGGGACGACAGGGGATCCGGTCCCCGCTGGAATCGATCTCTGCACCGCCGCGGGATGCACCGGCGGAGGGGCAACCCTCTCCGCGGGAAGAAACGAGTTCGAGCCATTCCAAATTTTTATTGCCGCCGCCTCTTCCGCGCTCTCACAAGTCAACGTCACAATCACCGACCTTTCCGACGGCCGGGGGAACGTCATTGCCGCGCTTGCCAACGGCCGTCCTAAGAATATCGTTATTTACCGCGAGCATTATCTCCCCGTGACTTCCACCTCTTCTTCGGAAGGAAAATTAGGACTCTGGCCGGACGGTTTGGTTCCCAAGGTCGATGAATATTTCGGCGAGGTCCGGCGGATGCCGGGGGAGACCGCGCCGGCCTTTCCGTTTGACATCGCCGCGAATCAGAAGCAGGGGATCTGGGTCGATCTGTATGTTCCGCAGGGGACCCCCGCCGGCCTCTACCGGGGGACGGCCCAGGTGACGATCGGGAGCGCCGTCGCCGCCACAATTCCGATCCAGCTGACGGTCCGCAATTTTGACCTTCCCTCCA
CP114553.1_gap98	3983305	3987878	4573	ATATCTCACCCTGGTCGAAGCGAAAAAGGAACAGGATGGTCTCGACGGAAAGGCCTGGATCAAGGCGAACATTCTGGATCCCTACATGGCCGCGGTCGATCCGGCGGATGGGGTGAGAAAATTGATCACCTATGTCTGGAACAAAAATCCGGGAAGCCCCACGTCGAGCAGTGGACTCCTGCGGGCGAGGGAAGAACTCGCCAAAGTCCTCTCCGCACAGCCCGATTTCACGATCGCCGCCGCTCCTACCTCCGCCTCGGTGGTGGCCGGAGGGACGGCCACATCGACGGTGACGATCTCTTCGAAGGACGGCTTTAATGCTTCCGTCGGAATCAATTGCGACGCCTCCCATCCGACCGTGACCTGCAGTTACAGTCCTTCCTCCGTCCTCCCGCCGATCAACGGCAATGCCTCTTCCACCCTGACGGTGAGAACGCAGCCGACGACGCCGATCGGGAACCATACGATCACGGTGAACGGAGCGGCGGGAGACCTCTCCCACCCGGTGACGTTCACCCTCACGGTGAGGCCGGCGCCCGATTTCCAGTTGACGGTCTCCCCCGCCTCACTCAGCACAACGGCGGGAGGGACGGCGGCTTCGACACTGACGGTTTCATCGGTCAACAGCTTTAATGCTTCGGTCTCCCTGACCTGCACGACCTCCAACCCCGGCGTAACCTGCAGCTATGTCAGCGCCGCCGTCACCCCGCCGGCCAACGGATCGGGCGCGACCACGGTGAATCTCCGGACGCTCGCCACCCTTCCGGCCGGAAGTTATTCGGTCACAGTGAGAGGGGCCTCCGGAAGCCTGCTCCGTCAGGCGACCCTCCCGCTGACGGTGACCGCTCCCGCCCCGCCTCCTCCCGCAAACGTCAGCGATTCGTTCGATCGGGCCAATAACACGAGCTTGGGGGCGAACTGGAACGAGTATATGGTCGATTTCGAGATCAACGGCAATCAGGTCCGCAATCTTGATGCCGCCAGCCAGGAAGCGCGGTGGACCCAATCGATCGGAGCGGATCAGGATGTCTCGGCCGACTGCAAGACGACCGCCGCCGGCAGCAGCTGCGGGGTGATGGCGCGGTGGTCGAATGCAAATAATTTCTATTATGTTCGACTCGATGCCGGGATGGGAGATATCGCTCTGTTCAAGAAGGTGAACGGCGCTTACACCAAACTTGCAATGACGACGCGGCCGATCGGCTACAACACCTATTACCGGCTCCGTTTGGTGATCAAAGGAAGCACGATCAATGTTTACTTCGCAGGGGAAGGGACGCCGGCGATCGCCGTCAGCGACTCCTCTCTTGGCACGGGAGAATACGTCGGGATTCGTTCCCACGCTTCCGCGGTCGGGACCACCTGGTTTGATCGTTTCTATGTGGTCTCCGCCTCAAGCAATTCGCTCAGCGACTCGTTCGATCGGGCCAACGGCACAAGCTTGGGAGTGAACTGGAACGAGTATATGGTCGATTTCGAGATCAACGGCAATCAGGTCCGCAATCTTGATGCCGCCAGCCAGGAAGCGCGGTGGACCCAATCGATCGGAGCGGATCAGGATGTCTCGGCCGACTGCAAGACGACCGCCGCCGGCAGCAGCTGCGGGGTGATGGCGCGGTGGTCGAATGCAAATAATTTCTATTATGCGTTGCTCGATCCGGGACTGGGAAGTACAGTCCTTTTCAAAAAGGTGAATGGCGTTTTTACGCGATTGGCAACGGTGAATCGGGTCTTGAGCTTCAACACTCATTATCGGATTCGCCTGGTGACCCAGGGGAACACGATTCGGGTTTACTTTGCCGGGGAGAGTACCCCGGCCATCACCGTCACGGACAGCTCCTTAACGGCGGGAAATTACGCCGGAATCCGTTCCTATGCCGGTGCGGTTGGGACAACCGGGTTTGATAACTTTAAAGTCACCGCCGCTCCTTAAACAGTTAAAGAGCGGACCTCATGCCTGGAGATGCCCCTCGCGAGGGCATCTCCAGGCACCTTCCCCGATTTTTAAGCCAATGCTCAATTTGTCAGACAGCTCCGAGTCGACGGATCAATGCGTCTTCTTCCAGCCTCTGTCCGAGTGGATCCTGCGGATGGTCTCCTTTTTTTCCAGGACATTCTTTGAAAAGGTTCTTGACAAGTGTCAACCATTTTAAATATGATGGGGCAGCTTCATACCCTTATTCGGGCCGCGCGCTTCTTCGGACGCGGCATCCGATCCTGAGGTATCAGGGTACGATGCAAGACAGAAGGCGTTACAGATGCCTTCCACGGCGGCGGGGGAGTGGGGCTTAATTTGGTATCGTCATGTATGGGGAAAAATAATCCTCCCTTCACTTGTGGAAGCGCAAAGCGTAACAACATCCAAGGCGTTTTCCATCATTCACCTGAAACAATCGGTAAGCATGAATCAGGTAACGGGGGAGCCTTGGGGCTCTCTTATCGTTTCATTACCTTAAAAAAGGAGATAAACAGATGAACAGGTTTGTCAGGCTATTCGGTACCACAGTTGCCGTCAGTCTGTTGTCTGCGACGTTTGTTTTCGCAGAATATGCAGAGGCACCCGTCTCGGGCGGGGGAACCGTTTCCGGAAAGATCAACTTTAAGGGGGCGCAGCCGGCTCCAATGAAGTTTGACCTGAACAAGTTTCCTCAGGCGAAGTTCTGCAGCCAGGTCGATTCCGAAGGGACCACGCGGCTCCGCCAGGATGTGAAAGTGAAGGGCGGCGTGTTGAGCGATGTCGTCGTTTACATCACGAATATCGAGAAGGGAAAACCGTTCAAGCCCGAAACCACCAAGGTCGTGGCCGACAACTGCCGCTTCTTGGTCGACGGCGGTCCTTCCAAGTCGGTTGGTGTCGTCGTGAAGAAGGGGGAGATCTCCTTCACCAATCACGATGCCGATCCGAGCGAAGAGAAGTCGAAGGAAGGGGTGCTCCATAACCCGCATGGCTATGAAATCGTCGGGGCGAAAAGCACCACGACCTTCAACAAACCGCTTCCGAAAAAAGGCCAGACCATTACAGAAAAAATCAAGCCGATCAACTTCAAGAAAGAGGGCTCTTTCATGAAGGTGGAGTGCGACCAGCACAACTACATGAACGTCTGGTTCCTCCCGATTGAGAATCCCTACTATGCCGTCGTCGGCGAGGACGGGACCTTCTCCATCGGCGATGTTCCCGCCGGGAAATATAAGCTGATTGCTTTCCATCCTTCATTGGGTTTCCAGGAGAAGGAAATCGATGTGGCCGGTGGCGGAAAAGTCGCGGCTGATTTCGAGTTTGCCCCGAAATAACCCACTGTACGAATCAAAAAAGGGGAAGCGGTTCAACCGCTTTCCCTTTTTTATTTTCAGAATGTTATTCTGAGCCGAAGGCGATCTTTAGAGGGAGTTGCACCGAAAAGAGAGATCCTTCGCGTTGCTCAGGATGACAAAACGGGTCATATGAACACGCACGCGCGTCGCATTCCTCGCAGCTTGCTGCGGGGAGCTTCAATTATGATTTCGCGTTCTAAGTCAGCGCGCCGCCGCAGGAGGAGCCGGTTCCTGCGGTGCAGCCGTAGCAATGGTTTCCGGTGATAATCCGGCGATGGTGAAGGGCGGCCGGGTCGAAATCGGAGATATGGCGGGGCGCGGCGCCGCCGTCCGCCGGCAGATCGAGCATCTGATTAAAGTCACAGTCATACAGGGTGCCGTCCCACCCCACCGAGATTGTATGGCGGCACATCACCCCTGCCGCCGCGGCCGGGTTGAAGGCGTTGGCGAGCCGTTCCATGTAACCTTCCACGTTGCCGGTCTCGATCAGAAATTCCAGAAAGCGGCTGATCGGCATGTTGGTGATCGTGTAGAGATGATTGAACGCGACGCCATAATGATGTTTCAACTCTTTGCGAAATTGTGACTCGATCGCTTCTTGTTTCGGGGGAAGAAATGCGCCGACCGGGTTATAGACCAGATTTAGAATCAGTCCGCTTCCTTCCACTCCGTAGCCAAGTTGGTTGAGACGCTGGAGAGCGGCGATCGACTTTTCGAAGACCCCATCTCCCCGCTGTGCGTCGGTTTGCGCGGGGCGATAGTAGGGGAGCGACGCGATGATTTCAACCTGCCGATCGGCCAAGAACGACGCGAGATCGGCCTGAGAGGGGACGAGCAGGACGCTCAGGTTGCATCGGTCGATGACGTGCCGTCCGAGCTCGCGGGCCCGCGTCACAATCCATCGAAAATTCGGATTCAATTCCGGGGCGCCGCCGGTGATATCGACAGTCGGGATGTCGGTCCCCGCAAGCGCGTCGAGACAGGCCTCGGCGGTCTCCCGCGTCATCATCTCCCGGCGGTCGGGGGCGGCATCGACGTGGCAATGGCGGCAGGTCTGGTTGCAAAGTTTCCCGAGATTCATCTGGAAAATCGAAATGCCGATCGCGTAAAGAGGATCGAGGCCGGCCCGTCGCATCCGCTCATCAAAAGGCGGACACCTCTTGATCTCCGAGAGAATCCGGAGCTGCTCTGTTTCCGAGGTTAATAAACTTCCTCGGGCCTTTAGGCTGAGTCTCGTTTCAGACATTCTTTCTCCTGCTAC
CP114553.1_gap99	3989445	3990299	854	TGTCTCGTTGTCTTCATTGTTCTTCTCCTATGTTGAGTTGGGTGATCTATCGCTTGCACGGACGTATGTCGGCCCCATTCTGAAATCCTTACATTTCAAATAAGAAAAAAACAGAAAGGGTTTTTAGAGCGCTTTGGAAATGATCAGGGGGAAATGAGTCGGGGAAAAATGAAATCCTTACATAGATACTCAGGAAAGGAACGGAGTTATTTGCTTTTTGGACGGAGGGCCTGTTTGATTCGCTCCTGGGCTTCAGGGGAGAGAGCGCCGGGGGCGGTCTCCCCGACTTTCTCGGGATTACCGCCCAGGATGTTGTGGATGAAGCGGATTTGTTTTTGGTAACGAAAGCACCATTTGCAGATCATGAAATGCAGCCGGATGGAGAGCCGCTCCCGAAGCGAGGGGGGCCGTTCCATTGAATTGGAAATCAACTGAATAATCTCCTTACAGGAAGGGGTATGACGCGCCAGAAAATTCGTGAGCCATCGGGTCATTCTTTCACCTGTTTTTCTTTTCCAAAGAAGTGTATTTCCAGACACTGCCTCAGTTGCATCCGGGCGCGATGCATCAGCACCCAGAGGTTCGAGGCCGTGAGGTTCAGTACTTCACAGACCTGCTCACTGCTAACGCCGTCGATTTCTCTTAACGAGAATACGTGGGCCATTCGGGAAGGAAGCTTGGAAAGGCATCGATCCAATGCGATCCAAAACTGCTTTCTCTCAAGCAGGATCTCCGGGTCGGCGTTCCACTCGCACGGGCCGGTTTGGTCCCGTTTCCAATGGCCGTTCTCGTCGAACACTCCTTCCATCTGATCTTCAAATTGCGCCGCGTCTTCAATCGGCGACTCCCGGCTG
CP114553.1_gap100	3994457	3999129	4672	CATCAAGCTGATCGCCGACCGGCGGCTCCGGATCGTCGGCGCCCACCTGATCGGCCCGAACGCCGGAGATCTCCTTCATGAATATGTCGTGGCGATGAAAGCCGATCTGAAAATCACCTCCCTTTCCACCACGATCCATGTCTACCCGACCCTCTCCCAGGGGGTCAAAAAGGCGGCCGATCAATACTTCCGCGAAAAACTCTTCACCGGCTGGTTCCCGAAGCTGGCCCGGTGGCTGATTCGGTTTTGATTTTCTCGGCCCCCTTCTTTTGCCGGGATAATCCTATCGGATAGGTTGTCCGCGTCGGGTGAACTCTCTAAAATAGAAAAAGTGGTTTGGAGTGCGCGGATGGCGATTTTCAATAAAACCAAGCCGATTCCGGAACAGGAGACCTCCGGAGAGACCGAGCGGATCTATCATGAGATCCGCCAGACCCTTCGTTCGACCGGCGTTCCTCAACTGTTCTGCAGCTGGGCAGGCTACGGAAAATTTCTTCCCTTGGTCTGGAGCGCCCTTCGGCCGAATGCCGAGACCCGTCTCTATGAAGAAGCATCCGACCGGCTCCGCGCGGAGGCGGCCCGTCTGATCAAGCCGATGGAAAAACCGGATGTCTCTGCGCGCGTGCGACTGGGAGAGAGTCAAACGTATCACCTTCGCGCCTCCCTCGATCTCTATCACTATCTCTACCCAAAATTGCTCGTGCTGACTTCGGCCGTTCAACGCGCTCTCGCCGGCGAGCGGATCGGGAAAGAGGAGAACTGGGAATTGGAGCGGATCGAACGCGGCGCCCCTGCCGGAATGATTGCGATGGAGTTGGCGCCGGAAGAGCCGCAAGACCCCCGCCTTCGAGCGTTGTTTGAAGAGATAAAAAAAACCTCGAAGCTTCCGAGCGTCGTCATGGATGTCCGTACCCTGGCGCTCTGGCCCGACTATTTGTTTGAAGCCCGGAAGCGATTGATGCCGATCATCGTCGGCCCGGAGTATAAACAGGCCGAAGAGCGTCTGAAGCAGACGGCGCGAAAAGAGGCGGGCAACCTTCCCTATCGTGTGTCGATCCCGAGGGAGAAGGTAAAGGGGGTTGTCCCTGATGTTGGAGAAATCACTGCGCTGACATCGGACTTCGAGCGTGTATACGCCCGCTGCATCCTGAATATCGCCCTTCTCCAATGCGATTGGAGAGACCCCGACGCGTTGGCCTCCTCCCCTTTTCCCGCCCCTTCCCGGCGACAGGTTGTCGCGGCAGGAGGGATGGCGTGAACTGGAGAGAATATCAGGCAAAGCAGCGGGTGGCCGAGATCGGAGATCGTTTCATCAGCTATGTCGACGAGGGAGAGGGTGATCCGGTGATCCTCCTTCATGGAATTCCGACCTGGGGGTTTCTTTGGCATCTTTTCCTCCCCTCGCTCTCCGGATCGCACCGCGTCCTGATTCCCGATCTGATCGGCTACGGCTACTCGGACAAGCGGGACAGGTTCGATCGATCCATTGCAAAACAGGCCGAAGCGATCCATGTCTGGATGGAGAAGATCGGAATGGAGCGGGCGACGTTCGTCGGGCACGACATTGGCGGCGGGGTGGCCCTGCGGCTGGCGACCCTCTTTCCCGGGCGGGTTGACCGTCTCTGTCTGATGAACTCGGTCTGCTACGATTCCTGGCCGGTGGAAGCGATATTGCAACTCGGCCATCCCGAAACCCGGCGGCGGCTCTCCGCCCGGACGGCGATCCTGCTAATGAAACAGGGCCTCAAGATGGGATTTACCTCCTCTCCGTCCAACGATCTACTGGACGGTCTGCTCATCCCCTATGCCACCGAGACGGGAAAGCTGTCGCTCATCCGGGATGCCGTGGCGGTCGACACGAATCAGACGATGGAAATCGTTCCGCTCCTTCAACGGATCACCGCGCCCACATTGATCCTCTGGGGAGAGGACGACCGGTTGCAGCCGGTCGATTATGGCGAGCGGCTCGCGTGGGACATCCCCGGAGCCCGGCTGATCCGGATCAAACAAGCATCCCATTTCGTGATGATCGACCAGCCGGGAGAGGTTGAAAGGGATCTGATCGCCTTTCTCGGCGGAGCCAAGGTCGAACGGTTGGCGGCATAACCGGGATCTAAATTTTCTATATTTTATAGAGGCTGGAGAATGGGAATGGGGAGTTACGATCTCCTGGTGCTCGGGTCGGGCTCCGCGGGGCTTTACGGGGCGATCAAGGCCGCGCAGCTCGGCGCGCGGGTGGCGCTGGTTGAGGGGGGTGATGTCGGCGGAACCTGTCCGAACCGGGGCTGTCTTCCGACCGAACATTTGGTGACGGCGGCGGAGCGTTACTATTACGGCCAGATGGTTGCGTTCCGGGGGGTGAAGCCCCGCAAGGCCCGGCTCAACTTTGCGGCGGTGATGAGGGAGAAAGAAGCGGTGGTTCAGCAGGCGCGGAAGGAGAAGGAGCGGATGATCGCCGCCCACCAGAACATCACGTTTCTCCCGGGGAGGGGCCGTCTTGTCTCGCCGCATCATGTCACCGTCGACGGTCAACCGGTTACGGCCGATCATATTCTTCTCGCGACCGGCTCTTCACCGATCACCCCGCCGATTCCCGGCTTGGCCGACATTTCCCCTCTGAACAGCGACCGCGTTCAGGTCATCACCCGTTTACCGCGAAGCCTGATCGTGATCGGCGGCGGTGAGATCGGCCTCGAATACGGCCAGCTTTTTCTCCATTTCGGGGCGAGGGTGATCGTCCTCGAAAAAGAAGCGCGGATTTTGCCGAGGGAGGAGCCGGAGATTTCGAATGCGCTGCGCCGTTACCTGGGAGAAGAGGGGATGGAGATTCATACCGGCGTCGAGATCGAAGCGGTCGAGCCGCTCCCCGCCGGCGGGGCTATCGGGTCGCGGCACGGAAGGGAGGAGAGACCCTCTTGTTGGAAGGGGCCGCCGTTTTCGTCGCCACCGGACGGCGTCCGAACACCGACGGCCTCGGCCTGGAAGAGGCCGGCGTGAAGCGCCGTCCGGACGGCGCGGTTGAGACGACCCCCTCTTTCGAGACGTCGCATTCCCATATTTTTGCGGCAGGGGATATCCGCGGGCATGTCCGCAAGCTTGCGACCGTTGCCGATCGCGAAGGGGAGCTGGCGGCCGAAAACGCCTTGAGAGGGAGTCGGCAGACGATGGAATATCTCGGCGTCCCCTATGCGATTTTGACCTCCCCCCAGGTGGCGAGTGTCGGATTAAAAGAGGTGGAAGCGCGCGCCGCCGGTTTCGCGTTGCGGCAGGTCGATCTCTCCCTGCCGGAAGAGCTGCCGAAGGCGATCGCCGACCGCGGATGGGTCAAGCTGGTGGTGGAGAAGGGAAGCCACCGGATTTTGGGGGTCCATCTCCTGGCCGCCAAGGCGGCGGAGGCGATCCATGAGGCGATCTTTATTGTCAAGAACGGTCTCACGGTCGAGGATGTCTGCCGGACGATTCATGTTTATCCCACCGTGGCCGAATCGATCCTGCGCGCGGCCGAGTCCTACCCCAAAGCGGCTTGAGGCCTCCCTTCCGATCACATTTCAAACCGATCTCTGTGCAATGATCAAAGAATCTCTCCCCATCGGATAAGGGTACTCTTTACAAAGCCACTGGTCCAGATCGACAAGGAAGAGAAGAAACGGATGGGCCATGGCCCGCAGGAGCCGTTTGTTTTCGATCAACGTATGAATTTCCCAAGCCGATTGCCAGAGCGGTCCCGCCGGATGGGTGATGGAGAGGGGGCGGAATCCGGCTTTATTGAGCTTGCGGGTGATCTCCTCATTCGAGTAGCCGCTCCGCTCGATCGAAATGGGGGGGCCGCCCGCCGGACGAGCGGCGGGTTGGAAGAGCCTTTGGAGCGGACGAGGAAGGGCAGAGGGGGCCGGCGGGGTTGGAATGGAGAGGATCAGATAACCTCCCCGTTTGAGCGCGCGGGAAAACCGCTTTAATACTTCCAGATCGTCTTTAAGGTAAGTCAGAACGTGCATCGAAAAGATCAGGTGGAACAGCTCGGAAAAACGGATCTGGTGAAGGTCTCCGACGTGGAACGAGAGATTCCTGGTTCCCTTTTTTCGGCGATCGCCGCCGCCCGCGTGACCTGTTCCGACTCGATTTCGATCCCGCTGATCTTCCAGCCCGGGTGCCTCTCCGACAGGTAGAATGAATGGGCGCCGTTTGCGCATCCGGCATTCAGGACGTTCGCATCCTCCGGAAGGGAAATTTTCCGGAGCGCCCGCATTAAATAGTGATTGCGGGATCGGTCTCCAAGATGGGTCGCTCCCAGCCATCGAAAGGCGAGGCGTTTGACCGGGTTGGTTTCGATCAGTGCTTGCTCACATCCATACACCATGGCTTCTTCCTTTCATCCCCCAATTTTTGAACGAGAATAAGGGCAAGTTTTATGCCTCCTTATTGTTTTGTAAGGGGAGGCGTTTGGGAAGGTCTGGTGACTGTTTGAGGGCCGATAAAAGTGGATTTCCTTACTGAGGCGCATGTCAAAAAGAGGCAACAACCTATCACTTTTTAACAAGGGATGGCGTGATGTTAGGCTCTAACAGGATGATTGGTTTGTAATGTGATGGTTATTACAGTTTTGGGAGGCTGAGAATCGGATTAGTTTTTAAAGGTAGGGATGGTTCCTGTTTCGGTGGTGAAAAAGGGGGCG
CP114553.1_gap101	4188279	4190630	2351	AAGTTCGGCTCCGTCTGGGGCGGCGGGTGGAGCGGCAAGAAGTGTTCTTGGAGGTTTCGGACACCGGGGTGGGGATTGAGCCGGCGCACCTGGACAAGATCTTCGAGGAGTATGAGCAGAGAGTGGTGGCGCGAGAGGTAAAGGGGAAGTATATCGAGGGGACCGGCTTAGGGCTGGCGATCGTGAAGAAAATGGTGACTGCGCTTGCCGGAAGGATCGAGGTCGCCAGCGTCCCGGGTCGGGGGACGGCCTTCACGATTCTTCTTCCGGAGCAGCTACCTAATGAATTGATTTATCCCATCCCTAAGTAGAATAGTCCCGCCGCTGATTCCCTTTGGGGGCGCTCCTCGGATCACAAAGCGCTTGCTTCCCCAACGACATTCCTGTATAATGCCAGACTTGTTTCGCACCTTTTAGGTTATACTTAAAACCAAATCACTTTACTACAAATCGAGGATGGAAGAATGGCGCAGATGATGACCGCCGAGGTGGCGGATGGCCGAATCATAGACTATAAAGCGATCGTTGTCTTTTCGGCGCTTTCGATGGTTATGTTCGTTGGTGTTCCCCTGTTCGGTTATTTTTTCGATTATTCCTGGTTGGATTGGACGATGTTCGGTTTGCTCTATGTGATGTCCGGAATGGGAATCACGGTCGGCTACCACCGATTCATCTCACATCGGAGTTTTAACGCTCCTGACGCGGTGAAGGTGGCTTTCCTGATCGCGGGGGGCTGGGCGCTGGAGAATTCCGCTCTGAAATGGTGCTCCGACCATGTCCGGCATCATGCCAATGTCGATACCGATGCAGACCCCTATAACGCGAAGAGAGGATTCTGGCACAGTCATCTCCTCTGGATCTTCATCAAAACCCCCTTTTCGATGGATGATAAATATACCGCCATCTTTAAAAAAGATAAGCTGATTATGTGGCAGCACCATAATTATCTCTTGATCCTTCTTTCAGGTTTTGCCATTCCGACGCTGATCGGTTTTCTTCATCGCGGTTGGATCGGGGCGCTCTCCGGGTTTCTTCTCGCCGGTGTGTTCAGAACCTTCCTGGTGTTGAATTCGACCTTCTGCATCAATTCGATCTGCCATATGTGGGGAGACCAGCCGAACGGCACTCAAAACAGCAGCCGGGACAGCTGGTTGATCTCCTTGATCACTTTCGGCGAGGGTTATCACAACTACCACCATACCTATCCCCGCGATTACCGGAACGGCCCGAAGTGGTATAACTTCGACCCCTCCAAGTGGTTGATCTTCAGCCTCTATATGGTCGGTTTGGCGAGAGATCTTTCCTATCGGACGGAAACGACCTAGGGTGGTTTCCTTCAACCGGCCCTCCTTATCAAAAGGGGGCCGGTTTTTTTATTTTCTTTGTCTAAAGGCCATGTGGGGGTTCAATATGTTGAACCCCGACCATCCTTCCGCCGGACCTTGACAACTTCTTTCCAACCCGCTTATTATTCGGCGTTATGAAAAAAATCTACCTCGATCATATCGCAGCCACACCGCTTCTGCCGGCGGCGCGCGAGGCGATGCTCCCCTTCCTGACGGAGCACTTCGGCAACCCGCAAAGCCGTCATGCGGAGGGGGAAATTCCGCGAAAGGGAATCGAAGAGGCGCGCAAACGGGTGGCGGAGCTGATCGGCGCCGAGGCGCGGGAGATCGTTTTTACCGCCTCGGGGAGCGAAGCGAACAACCTTGCGATCAAGGGCATTCTTGCCGCGCGTCCGAAGAAAAAGATCCACATCATCACCTCGGTGATCGAGCACTTTTCCGTGGCTCACCCCCTCAAGCATCTGGAACGCGAGGGGGTGGCGGTCACTTGGCTTCCGGTCGATCAAAAAGGGCGGGTCCGCCCGGAACAGGTCGCGGCGGCGCTGCGAAATGAGACAGTGTTGGTGTCGATCATGCATGCGAACAATGAAATCGGAACGGTGCAGCCGATTCAGGAAATCGCCTCGATCACTCAGGCGGCGGGGGTCCTCCTCCACACCGATGCCGTCGCCACCGTCGGGATGATTCCGTTCCGTGTCGATTCGCTCGGGATCGATCTCGCCTCCTTCTCGGCGCAGCCCTTTTACGGACCGAAGGGGGCCGGGGCACTCTACATCCGTCGGGGAACGCGCGTTCATCCTTTGATCGAGGGAGGAATTCAAGAAGGAGGCAGGCGGAGCGGGACCGAGAATGTCGCGGCGATCGTCGGAATGGGGGCGGCGGCCCTCGAGGCGCGAAAGCGCCTTCCTTCCGAAGCGCCCCGGCTGGCGGCGCTGCGGGATCGGCTGATCGTCGGGCTGACCGAGCGGGTTCCTCTCATTCACCTGACCGGGGATCCGATCCACC
CP114553.1_gap102	4196278	4197953	1675	CGTCAAGACATCCAGTTCCACTATGTCAAACTCGAGGACATCACCGCCGTGATGACCCGACTGGCCGAGTCGGGGCTGACGACCCGTGAGGCGTGCGGCAACACTGTCCGAAACGTCACCTCCTGCCACCTCGCCGGCGTCTGTCCAACCGAATTATTCGATGTGACTGCGATTTCCGAGAAGGTCGCCTATTATCTCTTGCGCAATCCGATCAACCAAGATCTTCCCCGAAAATTTAAGATCTCTTTTTCCGGTTGCCAGAGCGAATGCGGATTGGCGTCGATCCATGATATCGGGTTCATCGCCGCCAGCCGGGAAGCTCATGGCCGGACGGAGTATGGCTTCAAAGTCCTCGTAGGAGGAGGGTTGGGATCGCATCCGAAGCTGGCGAAACTCTATACCGAGTTTTTGCCGATGGAAGAGGTGTTGCCCTTCTGCGAAGCGGTCCTTAAGATCTTTGATGCGAACGGCGACCGGAAAACAAAAAGCAAGGCCCGGATGAAATTCGTTCTGGAGAAATGGGGGATCGATCAGTTTAATAAGAGAATAGGAGAGGAGTTAACCCTTCTCAAGGAATCGGGAAAGGTCTACCCCCCTCTGCCGACGCCTCACGCTAAAGCCCCTTCTCTGGATTTGAATCTCAATATGATTCAGAACGGCGGGAATGGCCACCCCGGAAATGCGGAGTATGAGAGATGGCTTCGGACCAATGTCATCCCGCAGCCGACCGAGGGGATCTGCGCCGTCCAGATCAAATTAATCTTGGGGGATATGACCTCCGCCCAGATGCGCGGGATGGCCGATATCGTCGACCGGTTCTCCCCGGATGAGGTCCGGACCACGCATCAACAGAATTTAATCCTCCATCATGTCCGCCGGGAGGCGCTTCCCAATTTGTATGCGGCGCTCGGCCGGATCGGGCTGTCCGGCGCCGGCGCCGAACGGGCCGTCGATGTGATCGCCTGCCCGGGGGCCGACAGCTGCCAGCTGGCGCTGACCTCTTCGATGGGGGTGGGGGCGGCGATTGTCGATCGATTCGAGAAGGATCTGCCGGAATTTGAAGATCTCAACGGTCTGCGGATCCGGATCTCGGGCTGCCCGAATTCGTGCGGCCATCATCATATCGCTGGAATCGGCCTCCACGGGGTCGGTAAAAAGGTCCACGGGAAGTTGGCGCCGCACTATCAGCTCCATTTGGGGGGAGGGGTGAGCGCGGAGCGCTCCGTGATCGGAGCTTCCAAACTGAAGATCCCGGCGAAGAACATCCCTTCGGCGGTGATCGAGATCATCAAGGCCTATCGCGAGCATCGGCAGGGTTCGGAGGACTTCAACCAATTCATCGAGCGCTTCGGTCGCGAGGCCCTCTCCGCCCGACTGGAGAATTTCATCCAAATTCCGACGCCGCAGGAAGCGCCGGAGTATTATCAAGATTACAACGGCGATCAGGATTTCTCGCTCGATGACCTCGGCCCGGGGGAGTGCGCCGGAACCGTGATCGATATGATCGAGCACCATCTTCGGATGGGGAGCCAGTCGATCGAGAAGGCCTCCGCTTCCCTCCTCCATCAGCAGCCGGCCGAGGCGATTGATCAGATCAAGCAGGCGATCATGGTCTGCTGCCGCGCCTTGTTGATTCCGTTCGGTGTCGATTTGCCGCATGAAGATCAGATCCTCA
CP114553.1_gap103	4199581	4201118	1537	GCCGTCATGACCGCCACCGGCGCCATGTGGGATCCGTTTCTGGCATACCGTTATTGGCAAGAAGAAGCAGGCAGATGAGACGTTCCAACAAAAAGCAGATACCGTCGAAAAACGGAATCGGAAAAATCGAGAAGGTCGAGCTTCACCAGCATGTCGACGGGTCGATTCCGGTCGACATCACTTGGAAGCTGATGAAGGAGCACCGGCTCAACCCGGTTGCCACGAAGAAGGAGATGGAGCGTCTTCTCGTTCTTCAGGAGGGGGAAGAGGGGGCGCTGCTCCGATACCTCGACAAGTTTCACTATCCGGCCTGGATCACGCAGTTTTACGGAAATATCTCCTATGTCGTCGAATCGATTGTCAAAAAGGCCTATCAGAACGGCGTCCGGCTGCTGGAGCTTCGTTATGCGCCGATCATCCACACTTTCGCGGGGTTGACCCTTCGGCAGACGATCAGCTCGGTGTTGACCGGCTTAAACCGCGCCAAGCGAAAATATCCGATCGAGACCGGACTGATCGTCATCGCCATGCGGCATCAAGGCCCCCATATTGCCAAGATCCTCGCCCGGCAGGCGATCGCCGAGGCGCAGCAGTTCCATGAACGGACGGGGGTGATCGGCTTCGATGTGGCGGGGGCGGAGCGGGGAAACCCGGCGCGGCTGTTTAAAGAAGCTTTCGACATCGCCCGTTCGGGGAAACTCGGCCTCACGATTCATGCGGGAGAAGATGAAGGGCCGGAGGCGATCTGGGAGGCGGTCGATATCCTCGGCGCGCGGCGGATCGGCCACGGCTGCTCTGCGATCAAAGACAAAGCGTTGATGCGGCGGCTGGCGAAAGATCAGGTTCTGGTCGAATGCTGTTACACCTCCAATTATCAGACCGGCGCCGTGCCGATGGGGGCGCCCCATCCGATATTTACCTTTTTGGAGTATGGGATTCCGATCGCCATCTGCACCGACAACACGACCGTTTCGAATACTGATCAAATCCGGGAGAACGAAAAACTCTCGAAGTGGCTGACGACGGCGCAGCTTCAGGAAATTCATCGAAAGGCCCGCGCCCACTCTTTTATCCACGCGACACCGAACATCCAGGAAAACCTTCCGCCGCAGCATGATCTGGAGCGGCCTCGGTTTAATCATTCAAAGAAATGATCTCTCTTCTCAACATCACAAAACGATTCGGGGCCAGGACCCTGCTTGCCGACGCGACCTTGCAGGTGGCGTATGGGGATCGGATCGCCCTGATCGGCCCGAACGGCGCCGGCAAAACGACGCTGCTCGAGATGATCTCCCGCAAGGTTGACCCCGACGAGGGAGAGGTCGTCATCTCCAAGAGCTCCGTGGTCGGTTATCTTCCTCAAGAGATCATCCAATTGCGGGGACGCTCTATTCTGGAAGAGGTTCTTTCGGCCTCCGATTCGATCAATCAAATCGAAGCGACCCTCAAGCGGATCGAGCGCGAGATGCACGAGACCGACGACATGAAGGAAAAGGAGCGTCTCGGCCTGCACTATGCGGAGCTGCAGATCCAGTAC
CP114553.1_gap104	4203916	4206312	2396	AGCGGCCTGCAAGCGATCCATCTCGCGCCGTTTGCCGACGAGGTGGTCGGGATCGACCTCTCGAAGGAGCTGATCGAAGTGGCCAAAGACCGATGCAAGGCCCATCCCAATGTGAAATTCCAGGTGGCGAATGCCTGCCAGCTTCCCTTTCCCGATAAAAGTTTCGATTTCTTGATCTCCTATGGCGATGTCTTAAGCCACATCGTCGATGGATATGAGGAGGCGGTGGCCGAGATGGGCCGGGTCGCAAAGCCGGGGGCGATCTTAACTATAGAAACCGATACCAAGTGGAATTTCGGAATCTTCTATCACCCCTCCGAGATGATCGACGCGCTCCGTGTTCCCGGGAAAGGACATGCCACGCGGGTCTGGGAGGGGATGCGCTTTAAGACGTTCACCTGGCGGGAGCTCAAATCACTCCTGGAGAAAAACGGATTCGAAATCCTCTCCTGCCGAGGCCATAACATTCTCTCTTCTCTGATTCCGGATCGCTATCTTTTGGAGAAGGGAAAGCGAAGCCCGATCGGCAAGCTCGCCCTCGCGATCGGCAAGCTCGACCTTGCGATTTCCGGGACCTTCCCCTTCAATCGATTCGGTTTCAACTTCGTGGTGACGGCAAGAAAAAAGGGATGAGCGTCGCTGGCCTCATCCCTCTCTATTAAATCCCTGTCGATTATCTCAGCGCTATTTCATCTCCTGCGCATGTTTGTTTCCTTCTTTCGCATGCATCAGCGCATCCTTGCCATGTTTCATCATGACGTCGTTGTGGCCCGCCTGGCCATGTTCGACCGCCGCGTTCGCCTGGGTGACCGCTTCCTTCACATGCTTCATCGCTTCGCCGCCGTGCATCTGGGTGGGGCTGCCGCCGGCCGCGGTTTTAACCGCTTCCTGGCCGTGGTTTAAACACTCCTGTGCGTCTTTGACCATTTGTTTGAGATGTTTCACCGCCGTATCGGTATGCCCCTGTCCGCCATGATCCAATCCGCTCTCTCCCGCCTCGACCATCGCATTACAATGGGCTTTGGCGGTGCCGGCATGTCCGGCATCGGCAAATGCGTTCGTCGAGACCGACGCGAAGAAAAAGGTCGCTGCCATCAGAGTCATTCGTGCTTTATGCATGGTTCCTCCTTGTTGAGAAGATGGAAAAACAGTCGGAATCTATCATCCATGAATGGAAGAGTCAAGCGCGCCGCTCCGCCGCGGCTAGAACCGGACCTTCATCCCTAATTTCAAATTTTCCTTTGCTGCAAACCCAGATGCAACCTCGATGACATAGAGGGCATTTTTATCAAGCGGCCCGTAATTCGGGCAGGGGTCTGCTTTGCAGGGCGGGGTTTTCTCGGAGATGAAGATGATTTCCTTCTGTTCATTGAACCAGATGATGTCGATCGGGAATTTGCAGTTCTTCATCCAGAAAAGATAAGGACGCGCCTCTTGAAAAACAAATAGCATCCCGCCGCCGGGCGGAAGGGAATCACGGAACATCAGCCCGGTATTCCTGGCCTCGGGGGTATCGGCGATTTCGGCGTGGATCTGGGTGCCGCTTGGAAAAATCACGGTGCGGCGGGCGGGCGGTTTTTCCGAAAAGGCCGAATTCCAGGAGAGGGCCGTTGCAAGGAAGAGCAGCGCAATAAAAATCGGTTTTCGCATGGGGTTATCTTATGAAAATGAAAGGGTTCTGTCAACCGTGGCCCGGGCCGGACATCGCCTTTGATGTGTGTTGCCGTTATGTTATAATCCGTTTCATGCACCTTTATGATGAAATCGCCGAAGAAGGATACCCGGAAGGGAGAGAGAGATCCCGCTTTCCGTACGTTCTCTTTATTTCCCTCTCATTTTTATTCCATCTCTCGATGCTCCTGATCATCCAGCAGTGGGCGCGATGGGAGCCGGCCCGCGTTGATTTAGAAGATCAAGTCGTTCAGTTGGTCGATCCGGAATCGCTTGCACCCGCCCCGCCAAAACCAAAAAGTCTCTTGTTCGGAACCGATCGGGAAGAAGATCTAAAATCGATCCCGCGAGGGAAAGAGACCCGCCTTCCGCCGATTCCAAAGTCGGAGCGCCCGGGTCTTCCTCCCACAGCCAGAGCGGGAAAAGCGCCGGGGCCGATCGCGCCTCCGGTGCCGAAGCCGCAAGCCCCTCCGGCGCCGATTGTCCCGGCTCCGTCCCCCGCTCTTCCGGAACGTTCTACAGAACCCGAGGGGACCCTTCCCGTACCGAGCCCTTCCCCTCCGCTTGCAACGGAAGAAGCGAAGAGACCCCTTCCGTCGCTTCCCTTCGGGCAAGGGGGACAGGGAGAGGCCGGAACCGATGCTCCCCCCCGGCCGGGTGTCCCCGGTCTTCCCGGCCTCCCATTTGCCGATGCAAAGAGCCTCGACCGATTGGCGAAAGTTTTT
CP114553.1_gap105	4209496	4213251	3755	ACCTCACCCTTTATGAGGCGAAAGGGGAGTATCAGATCATCGTCGATTACATCGAGCCGCGGGGGGCGGGGGCGTTGCAGGCCGCCTTCGAGGCGCTCAAGGAGAAGCTGCGCCTTGAAGGACTTTTCGATCCGGGCCGGAAGAGACCGATTCCCCCTCTGCCGGGGCGGATCGGATTGATCACTTCATCCACCGGCGCTGCCCTTCAGGATCTGATGAAGGTCCTCAAACGGACCGAGCTCCCCATTTCCATTCTGATTTATCCGGTGGCGGTTCAGGGGGAGGGGGCGGCCGATGAAATTGCCCGGGCGCTCGATGCGTTGAACCAAAGGAGCCGCCGTTCTTCGGCGGAGCGAATCGATCTTCTTATCCTGGCGCGGGGCGGCGGATCGCTCGAAGATCTCTGGGCCTTCAATGAGGAGATTGTCGCGCGCGCCATCGCCCGGTCGGAGATTCCAGTTCTCTCGGCGGTCGGACATGAGACCGATACGACGATCGCCGATTTTGTCGCCGATCTGCGCGCGCCGACCCCCTCGGTTGCGGCCGAGATCGTCGTTCGAAACGCCGCCGAGATGCTCGGTCGATTCTACTCTTTGAATGCCGCATTGGTCGAAACGATCCGGGCGCGGATTCAGGCCGAACGAAATCATCTCCAATACGAGATCCGCCTCCTCGCCGATCCGGTCCGCCGGATCGGGCAGTTTCACGATCGGGTCGATCACCTCGCGATCCGGCTTCGGCAGTCGTTCGGGCGGCTGCTGTCGGAGCGGCGGGCAAAACTGGTTCGCCATCAACAGGGGCTGACGCACTTAAACCCGATCGATCGACTCCAGGCGCTCCGGCGCCGTTTGACGGAGCTGAATTTGAATCTGACCCAAAGGGGAAGCGATCTAATCTTGCGGCGGCGGCGCCTGCTCCAATCGCAGATGGTCCAGTTGAATATCCTCAGCCCGCTGAATATCCTGGAGCGGGGATACAGCATCACCCGGAAAGTCCCCTCGCGCGAGGTGGTTCGGGAGGCCGATGCGGTCGCCCTCCGCGATCAGATCGAGATCACCCTTCATCGGGGAAAGCTGATCTGTTCGGTGGAGGAGAAGGTGACGCTGGACGTTCCGAAAAAAGGAGATCGGGGTGATTCAGCAGAAGAGCGGTGAAATTCAAATTAAGACCTCGGGAAGGGGGCTTTATGAAATCACGGAAGAGGTGGAGCGGTGGCTGCGAAGCCACCCGATTCAGAACGGCCTCTTGACCCTCTACATCCAACACACGTCGGCGTCGCTTTTGATCCAGGAGAATGCCGATCCGGAGGTCTTGCGCGATCTGGAGCGCTTCTTCAACCGCCTCGTCCCGCAGGGGGATCCCCTCTTCCGGCATACGACCGAAGGACCGGACGATATGCCGGCGCATGTCCGAGCCGCCCTCACCGCAGTCTCCCTCTCAATCCCGATCCGGCAGGGCCGGCTCGCCCTCGGCACCTGGCAGGGGATCTACCTCTATGAGCATCGCAGCGCGGGGCACGCCCGGACGGTTTTGGTTCACCTCGTGGGAGAATAGAATTCTGTGACGCAAGAGATTCAGGAGAAGGTAGAGGCGGCCCCCTCCGATTCCGAACCGAAAGAGGTCCTCTCCGAGGCCGAGGTCCGCTTCGAGCGGTGGCGAAAGCGGCTCGGGTTGATCGCGGGGCCGCTGGCGGCGCTGATCATTTTTCTTCTCCCCTCTTCGTTGTCCCCGGAGGCGCATCGCCTCGCGGCGCTGTTGGCGGGGGTGGTGATCTTCTGGATCACCGAGCCGATTCCGATTCCGATCACGGCGCTCCTCGGACCGGTCCTCGCCATTGTCTTAGGGATCGGGAAGGCCGATGCGGTTCTTTCTTCGTTCGGCAACCCGATCCTTTTTCTCTTCATCGGAAGTTTTCTGATCGCGCGCGCGATGGAGGGGCATCGCCTCGACCGGCGCTTTTCGCTCTGGCTTCTCTCTTTTCGATGGGTCGGGGATCGTCCCACCCGCATCCTTTGGACGCTGGGGGGGATCACCGCTTTTCTTTCGATGTGGATCTCAAACACCGCGTCGACCGCCATGATGTTTCCGATCGCCCTCGGGATCCTCTCTTCCTTGAAGGAATTCTCCGATGAAAAAGGGGCGCTGCAACCCTACGCGGTCGGGGTGATGTTGATGGTCGCTTATGCCGCTTCGATCGGCGGGGTCGGGACGCCGATCGGCACCCCCCGAACCTGATCGGGATCGGGATGATCGCCAAACAAACGGGGAGAGAGATCAGCTTCTTTCAGTGGATGCTTCTGGCCCTTCCCCTCCTTCTCGTGATGTACATCGTCCTCTACTTCCTCCTTCTTTTCCTCCATCCGGCCGGGCCGTCGATGCGTGCGGGACGCGTCTCGGAATTCATTCAGGCCCAGCGGAAGGCGATCGGCCCCTGGACCCGCGGCCAGAAGAACACCCTTTTCGCTTTTCTCCTGGCCGTGTTTCTCTGGACCTTCCCGGGGTTTTTGGCGTTGATCTTCGGGCCGGAGGGGGGCCGGTCAAGCTCTTCAACAGCCGCTTGCCCGAGGGAGCGGCGGCGATCGTCGCGGCGAGCTTCCTCTTTTTTGCCGACGAACTGGCCCAAACAGGAGTACACCCTTTCTTGGCGGGAGGCCGCCGGGATCGATTGGGGAACGATTCTCCTCTTCGGGGGCGGGTTGGCCCTGGGGGATTTGATGTTCAAGACCGGCCTCTCACAGGCGGTCGGCGAGGGGCTCCTCTCGTTTCTCGAAATCGATTCGCTCTGGGGGATCACCGGGTTAGCCATCGCTCTCGGGATCGTCGTCAGCGAGTTGACTTCGAACACCGCCTCGGCCAACATGATCATCCCGGTGATCATTGCGCTCGCGACCGCCTCCGGGGTCAGTCCGATCCCTCCCGCGCTCGGTGCGACATTGGGGGCGAGCTATGGCTTTATGCTTCCCATCTCGACCCCGCCGAACGCGATCGTCTACGGCTCCGGTTTGATCCCGATCGGCCGGATGGTTCGGGCGGGTGTTCTCTTCGACCTCCTCGGATTTTTGATCATTTGGGGAGGTCTTCGGCTTCTCTGTCCGCTTTTGGGATTGATGTGACCTGATCGGGTGATACGCCGCTGTAGGTTCGACATGTCGAATCCTTACTTGATCAAAGTACCGATTTGAAAAGAAAAATAACTTGACCTTGCGCCGCTCTCTTGTATAATGGAGATGGTTTTTCGGGGCGACCGATTTTATAAGCGCTTTCCCGCAAAATATGCTGATTTTGCGGGGGGATGGAATCAGGATAGGCGTGGCGAATTTGAAATTTGAAGAGGCTCTTTCTCGGTTGGAAGAAGCGGTGAAGTCGCTCGAAAAAGGAGACCTCCCGTTGGAGGAATCTCTCAAGGTCTTCGAAGAGGGGGTTCGCCTTTCAAAGAATTGTCTGAAGATGCTCGAGGAGGCCGAAAAGAAGGTTGAGATCCTCGTCCAAGAGAAAGATGGAAAGCGGAAAGGGCGGCTTTTCGAAATGAAGCAAGCGCCGGCGGTTGACGAATCGTCCTCGTCCGGAACGAAGGAGCGCCCGTCTCATGGATAAAGATCCACTGAAGAAGTATCTCCGCGATCGACAGGCGGAGGTCGACCAGCTTCTTCACTCGTATCTTCCGGGGACGAAGTGCCCCCCGCCATTGATCCATGAGGCGATCCGCTATTCTCTTTTTGCAGGGGGAAAACGGCTTCGGCCGATTCTTTGTCTTG
CP114553.1_gap106	4233210	4233710	500	TCAGTGGCTGCGAGAAAACAATATCGAGACGTATCCGCTGCCGCTCACGTTGAAGAAGGTCCTCGCGTTCAATTCGCCGCTTCTCTTCTCCTTCAGTGAGGAGGCCGGACACCGTTACCAGGTTCTCGTTAAGATCGAGGGGGAAGAAGCGTTGCTCTATGATCCATTGGACGGACGGAAGCGGGTTCCCCTTCGCGAGCTGACCGCGGCATGGAAGGGGAGCGGCATTCTGCTTTGGCGGGAAATGGAAGGGTTGGAACTTCCATTCCGAAGGGTGGGGCCGGACCCCTCCGTTCAAAAAATCCAAGAGGTCCTGACCAAAGAAGGTCTCTACGTCGGGCCGACCGACGGCCTTTGGGGACCGCAAACGGCGAAGGCCCTCCGCTTCTTTCAGCAGAAAGAGGGGCTGGAGGAAGATGGTCTCTTCGGAACCGAGACCCATCTTCTTCTCTCCAAGCGGGCCGGCGAAGGGAGTCCCTCCTTAAGATAGACGACACCCC
